0.000000000000000000e+00 1.782178217821782651e-01 4.752475247524752255e-01 5.940594059405940319e-01 4.356435643564356974e-01 4.752475247524752255e-01 4.752475247524752255e-01 8.118811881188119361e-01 3.762376237623762387e-01 2.376237623762376128e-01 1.188118811881188064e-01 6.930693069306930187e-01 2.178217821782177932e-01 7.326732673267326579e-01 7.128712871287128383e-01 2.970297029702970715e-01 1.980198019801979736e-01 3.168316831683167800e-01 9.900990099009898682e-02 5.544554455445545038e-01 6.336633663366336711e-01 3.366336633663365996e-01 1.584158415841584455e-01 1.584158415841584455e-01 1.386138613861386260e-01 1.386138613861386260e-01 5.940594059405945870e-02 2.772277227722772519e-01 7.920792079207921166e-01 9.306930693069306315e-01 3.366336633663365996e-01 1.584158415841584455e-01 1.000000000000000000e+00 9.504950495049504511e-01 1.188118811881188064e-01 2.772277227722772519e-01 6.534653465346534906e-01 1.386138613861386260e-01 9.702970297029702706e-01 5.742574257425743234e-01 9.504950495049504511e-01 5.148514851485148647e-01 7.920792079207921166e-01 6.732673267326731992e-01 7.326732673267326579e-01 9.900990099009900902e-01 1.000000000000000000e+00 7.128712871287128383e-01 8.118811881188119361e-01 7.722772277227722970e-01 9.702970297029702706e-01 7.722772277227722970e-01 7.128712871287128383e-01 9.702970297029702706e-01 9.108910891089109230e-01 8.910891089108911034e-01 5.940594059405945870e-02 5.940594059405945870e-02 1.188118811881188064e-01 2.970297029702970715e-01 1.980198019801979736e-01 1.584158415841584455e-01 8.910891089108911034e-01 1.980198019801979736e-01 2.178217821782177932e-01 3.960396039603960583e-01 4.950495049504950451e-01 4.356435643564356974e-01 7.920792079207916725e-02 2.178217821782177932e-01 3.564356435643564192e-01 4.158415841584158779e-01 2.574257425742574323e-01 2.574257425742574323e-01 8.514851485148514643e-01 4.158415841584158779e-01 6.336633663366336711e-01 6.138613861386138515e-01 9.108910891089109230e-01 7.722772277227722970e-01 9.702970297029702706e-01 7.920792079207921166e-01 9.306930693069306315e-01 9.702970297029702706e-01 8.910891089108911034e-01 6.138613861386138515e-01 3.960396039603960583e-01 3.960396039603960583e-01 8.316831683168316447e-01 6.336633663366336711e-01 1.386138613861386260e-01 2.970297029702970715e-01 3.960396039603963914e-02 1.980198019801979736e-01 7.722772277227722970e-01 3.366336633663365996e-01 8.316831683168316447e-01 7.524752475247524774e-01 3.960396039603960583e-01 4.950495049504950451e-01 8.910891089108911034e-01 7.128712871287128383e-01 3.960396039603960583e-01 5.148514851485148647e-01 5.346534653465346842e-01 8.316831683168316447e-01 7.722772277227722970e-01 3.960396039603960583e-01 2.376237623762376128e-01 6.138613861386138515e-01 4.158415841584158779e-01 1.980198019801979736e-01 9.900990099009900902e-01 9.108910891089109230e-01 2.574257425742574323e-01 3.960396039603963914e-02
1.782178217821782651e-01 0.000000000000000000e+00 4.158415841584158779e-01 9.306930693069306315e-01 4.752475247524752255e-01 4.356435643564356974e-01 9.306930693069306315e-01 9.900990099009900902e-01 5.544554455445545038e-01 3.366336633663365996e-01 3.960396039603960583e-01 6.336633663366336711e-01 8.514851485148514643e-01 9.702970297029702706e-01 4.752475247524752255e-01 9.900990099009900902e-01 1.782178217821782651e-01 1.386138613861386260e-01 2.376237623762376128e-01 2.376237623762376128e-01 1.980198019801981957e-02 2.772277227722772519e-01 2.574257425742574323e-01 2.574257425742574323e-01 4.554455445544554060e-01 5.742574257425743234e-01 5.148514851485148647e-01 2.178217821782177932e-01 9.504950495049504511e-01 5.346534653465346842e-01 3.762376237623762387e-01 3.366336633663365996e-01 8.316831683168316447e-01 8.316831683168316447e-01 2.178217821782177932e-01 3.168316831683167800e-01 5.940594059405940319e-01 1.584158415841584455e-01 5.544554455445545038e-01 8.118811881188119361e-01 2.970297029702970715e-01 7.326732673267326579e-01 8.118811881188119361e-01 5.742574257425743234e-01 5.742574257425743234e-01 9.306930693069306315e-01 8.910891089108911034e-01 8.316831683168316447e-01 8.910891089108911034e-01 4.158415841584158779e-01 7.524752475247524774e-01 6.138613861386138515e-01 8.712871287128712838e-01 8.910891089108911034e-01 7.128712871287128383e-01 6.534653465346534906e-01 1.980198019801981957e-02 1.980198019801981957e-02 3.762376237623762387e-01 2.574257425742574323e-01 9.504950495049504511e-01 3.960396039603963914e-02 9.900990099009900902e-01 1.782178217821782651e-01 2.178217821782177932e-01 2.970297029702970715e-01 5.346534653465346842e-01 5.148514851485148647e-01 3.960396039603963914e-02 1.386138613861386260e-01 2.970297029702970715e-01 2.574257425742574323e-01 1.584158415841584455e-01 2.970297029702970715e-01 4.752475247524752255e-01 3.366336633663365996e-01 4.752475247524752255e-01 5.346534653465346842e-01 6.138613861386138515e-01 8.712871287128712838e-01 9.108910891089109230e-01 5.940594059405940319e-01 7.722772277227722970e-01 6.930693069306930187e-01 8.910891089108911034e-01 7.722772277227722970e-01 8.712871287128712838e-01 9.504950495049504511e-01 7.920792079207921166e-01 8.316831683168316447e-01 1.584158415841584455e-01 9.900990099009898682e-02 1.980198019801981957e-02 1.980198019801981957e-02 5.346534653465346842e-01 3.564356435643564192e-01 5.148514851485148647e-01 7.920792079207921166e-01 1.386138613861386260e-01 3.762376237623762387e-01 5.148514851485148647e-01 1.386138613861386260e-01 4.554455445544554060e-01 5.148514851485148647e-01 2.970297029702970715e-01 4.158415841584158779e-01 5.940594059405945870e-02 3.366336633663365996e-01 5.148514851485148647e-01 8.118811881188119361e-01 3.960396039603963914e-02 5.940594059405945870e-02 2.376237623762376128e-01 9.702970297029702706e-01 1.188118811881188064e-01 1.980198019801981957e-02
4.752475247524752255e-01 4.158415841584158779e-01 0.000000000000000000e+00 7.326732673267326579e-01 2.376237623762376128e-01 2.772277227722772519e-01 1.188118811881188064e-01 4.752475247524752255e-01 1.386138613861386260e-01 2.376237623762376128e-01 5.544554455445545038e-01 2.376237623762376128e-01 9.504950495049504511e-01 6.336633663366336711e-01 1.386138613861386260e-01 4.752475247524752255e-01 4.554455445544554060e-01 2.376237623762376128e-01 7.722772277227722970e-01 7.524752475247524774e-01 5.742574257425743234e-01 1.980198019801981957e-02 3.960396039603963914e-02 1.386138613861386260e-01 5.940594059405945870e-02 2.376237623762376128e-01 2.970297029702970715e-01 1.584158415841584455e-01 4.554455445544554060e-01 4.158415841584158779e-01 2.772277227722772519e-01 3.168316831683167800e-01 9.504950495049504511e-01 7.524752475247524774e-01 1.782178217821782651e-01 4.554455445544554060e-01 6.930693069306930187e-01 4.554455445544554060e-01 2.574257425742574323e-01 5.544554455445545038e-01 4.950495049504950451e-01 2.376237623762376128e-01 2.376237623762376128e-01 2.574257425742574323e-01 2.376237623762376128e-01 1.980198019801979736e-01 2.574257425742574323e-01 2.772277227722772519e-01 2.772277227722772519e-01 2.376237623762376128e-01 4.950495049504950451e-01 1.782178217821782651e-01 8.712871287128712838e-01 8.514851485148514643e-01 2.970297029702970715e-01 2.772277227722772519e-01 4.356435643564356974e-01 2.574257425742574323e-01 4.752475247524752255e-01 3.168316831683167800e-01 3.762376237623762387e-01 4.356435643564356974e-01 9.702970297029702706e-01 1.584158415841584455e-01 5.940594059405945870e-02 9.900990099009898682e-02 7.524752475247524774e-01 9.504950495049504511e-01 9.900990099009900902e-01 9.306930693069306315e-01 7.128712871287128383e-01 7.920792079207921166e-01 2.772277227722772519e-01 3.960396039603960583e-01 9.702970297029702706e-01 3.960396039603960583e-01 3.762376237623762387e-01 5.940594059405940319e-01 5.346534653465346842e-01 7.524752475247524774e-01 6.138613861386138515e-01 5.346534653465346842e-01 1.980198019801979736e-01 5.940594059405940319e-01 2.178217821782177932e-01 4.158415841584158779e-01 1.188118811881188064e-01 2.178217821782177932e-01 6.732673267326731992e-01 7.524752475247524774e-01 1.782178217821782651e-01 9.900990099009898682e-02 1.980198019801979736e-01 9.900990099009898682e-02 3.960396039603960583e-01 4.356435643564356974e-01 7.524752475247524774e-01 8.118811881188119361e-01 4.752475247524752255e-01 5.940594059405940319e-01 2.376237623762376128e-01 3.168316831683167800e-01 1.782178217821782651e-01 5.940594059405945870e-02 5.346534653465346842e-01 2.574257425742574323e-01 2.970297029702970715e-01 7.920792079207916725e-02 4.752475247524752255e-01 6.534653465346534906e-01 2.772277227722772519e-01 2.178217821782177932e-01 1.386138613861386260e-01 3.960396039603963914e-02 2.178217821782177932e-01 5.148514851485148647e-01
5.940594059405940319e-01 9.306930693069306315e-01 7.326732673267326579e-01 0.000000000000000000e+00 8.910891089108911034e-01 2.376237623762376128e-01 8.118811881188119361e-01 7.920792079207916725e-02 5.346534653465346842e-01 1.386138613861386260e-01 6.732673267326731992e-01 3.168316831683167800e-01 5.940594059405940319e-01 3.960396039603960583e-01 6.336633663366336711e-01 4.752475247524752255e-01 4.752475247524752255e-01 5.346534653465346842e-01 5.544554455445545038e-01 7.722772277227722970e-01 4.356435643564356974e-01 5.940594059405945870e-02 5.742574257425743234e-01 1.386138613861386260e-01 3.960396039603960583e-01 3.366336633663365996e-01 4.752475247524752255e-01 2.970297029702970715e-01 5.742574257425743234e-01 4.950495049504950451e-01 5.346534653465346842e-01 1.000000000000000000e+00 8.316831683168316447e-01 6.336633663366336711e-01 4.158415841584158779e-01 6.930693069306930187e-01 6.336633663366336711e-01 2.574257425742574323e-01 3.168316831683167800e-01 9.900990099009900902e-01 6.336633663366336711e-01 8.316831683168316447e-01 4.554455445544554060e-01 4.554455445544554060e-01 3.762376237623762387e-01 4.752475247524752255e-01 6.336633663366336711e-01 4.554455445544554060e-01 3.366336633663365996e-01 9.306930693069306315e-01 9.702970297029702706e-01 9.504950495049504511e-01 7.920792079207921166e-01 6.930693069306930187e-01 7.722772277227722970e-01 5.742574257425743234e-01 7.920792079207921166e-01 8.514851485148514643e-01 6.930693069306930187e-01 8.118811881188119361e-01 9.306930693069306315e-01 2.772277227722772519e-01 4.554455445544554060e-01 9.306930693069306315e-01 7.920792079207916725e-02 1.386138613861386260e-01 9.108910891089109230e-01 7.524752475247524774e-01 4.752475247524752255e-01 9.504950495049504511e-01 7.920792079207921166e-01 6.732673267326731992e-01 4.752475247524752255e-01 6.138613861386138515e-01 9.306930693069306315e-01 8.118811881188119361e-01 2.772277227722772519e-01 4.158415841584158779e-01 5.346534653465346842e-01 4.356435643564356974e-01 6.732673267326731992e-01 4.752475247524752255e-01 9.504950495049504511e-01 5.940594059405940319e-01 7.920792079207921166e-01 6.930693069306930187e-01 7.920792079207921166e-01 3.564356435643564192e-01 8.910891089108911034e-01 6.732673267326731992e-01 3.564356435643564192e-01 3.366336633663365996e-01 2.970297029702970715e-01 3.762376237623762387e-01 5.940594059405940319e-01 4.356435643564356974e-01 3.168316831683167800e-01 6.138613861386138515e-01 7.524752475247524774e-01 4.554455445544554060e-01 1.980198019801979736e-01 9.306930693069306315e-01 3.762376237623762387e-01 2.178217821782177932e-01 6.336633663366336711e-01 4.356435643564356974e-01 8.712871287128712838e-01 9.900990099009898682e-02 9.108910891089109230e-01 6.534653465346534906e-01 6.336633663366336711e-01 5.940594059405945870e-02 3.960396039603963914e-02 2.772277227722772519e-01 3.168316831683167800e-01 4.752475247524752255e-01
4.356435643564356974e-01 4.752475247524752255e-01 2.376237623762376128e-01 8.910891089108911034e-01 0.000000000000000000e+00 2.178217821782177932e-01 1.188118811881188064e-01 5.742574257425743234e-01 3.960396039603963914e-02 1.980198019801979736e-01 1.188118811881188064e-01 3.762376237623762387e-01 1.584158415841584455e-01 3.960396039603960583e-01 1.980198019801979736e-01 3.960396039603963914e-02 7.920792079207916725e-02 5.940594059405945870e-02 4.554455445544554060e-01 1.782178217821782651e-01 2.970297029702970715e-01 1.782178217821782651e-01 7.920792079207916725e-02 1.980198019801981957e-02 1.980198019801981957e-02 1.980198019801981957e-02 7.920792079207916725e-02 1.980198019801981957e-02 7.722772277227722970e-01 5.940594059405945870e-02 1.386138613861386260e-01 5.940594059405945870e-02 9.900990099009898682e-02 1.980198019801981957e-02 5.940594059405945870e-02 1.782178217821782651e-01 1.782178217821782651e-01 2.178217821782177932e-01 4.356435643564356974e-01 2.178217821782177932e-01 3.960396039603963914e-02 4.356435643564356974e-01 3.168316831683167800e-01 2.178217821782177932e-01 3.366336633663365996e-01 3.564356435643564192e-01 1.386138613861386260e-01 5.742574257425743234e-01 4.554455445544554060e-01 5.940594059405945870e-02 7.920792079207916725e-02 5.940594059405945870e-02 7.920792079207916725e-02 1.386138613861386260e-01 9.900990099009898682e-02 3.960396039603963914e-02 5.940594059405945870e-02 9.900990099009898682e-02 1.584158415841584455e-01 6.138613861386138515e-01 1.188118811881188064e-01 7.326732673267326579e-01 4.554455445544554060e-01 2.178217821782177932e-01 1.782178217821782651e-01 4.554455445544554060e-01 4.554455445544554060e-01 6.930693069306930187e-01 1.980198019801981957e-02 2.178217821782177932e-01 3.366336633663365996e-01 8.316831683168316447e-01 8.514851485148514643e-01 4.158415841584158779e-01 4.554455445544554060e-01 3.762376237623762387e-01 2.574257425742574323e-01 4.554455445544554060e-01 1.980198019801979736e-01 4.158415841584158779e-01 1.386138613861386260e-01 1.980198019801981957e-02 1.584158415841584455e-01 5.940594059405945870e-02 8.118811881188119361e-01 1.386138613861386260e-01 5.940594059405945870e-02 1.980198019801981957e-02 8.316831683168316447e-01 3.960396039603963914e-02 3.366336633663365996e-01 1.782178217821782651e-01 2.772277227722772519e-01 1.188118811881188064e-01 1.782178217821782651e-01 2.772277227722772519e-01 3.168316831683167800e-01 1.584158415841584455e-01 2.772277227722772519e-01 1.980198019801979736e-01 2.178217821782177932e-01 5.940594059405945870e-02 2.574257425742574323e-01 7.920792079207916725e-02 1.584158415841584455e-01 2.574257425742574323e-01 2.376237623762376128e-01 7.920792079207916725e-02 1.188118811881188064e-01 3.168316831683167800e-01 2.970297029702970715e-01 9.900990099009898682e-02 2.178217821782177932e-01 2.376237623762376128e-01 1.584158415841584455e-01 2.376237623762376128e-01
4.752475247524752255e-01 4.356435643564356974e-01 2.772277227722772519e-01 2.376237623762376128e-01 2.178217821782177932e-01 0.000000000000000000e+00 3.564356435643564192e-01 2.376237623762376128e-01 2.376237623762376128e-01 9.900990099009898682e-02 6.336633663366336711e-01 2.772277227722772519e-01 2.970297029702970715e-01 3.168316831683167800e-01 1.386138613861386260e-01 2.376237623762376128e-01 1.980198019801981957e-02 7.920792079207916725e-02 7.326732673267326579e-01 4.554455445544554060e-01 2.376237623762376128e-01 2.178217821782177932e-01 2.772277227722772519e-01 3.762376237623762387e-01 5.940594059405940319e-01 2.970297029702970715e-01 2.178217821782177932e-01 2.376237623762376128e-01 9.900990099009898682e-02 5.940594059405945870e-02 3.168316831683167800e-01 6.732673267326731992e-01 1.782178217821782651e-01 2.970297029702970715e-01 6.930693069306930187e-01 7.920792079207921166e-01 4.554455445544554060e-01 3.366336633663365996e-01 2.574257425742574323e-01 3.564356435643564192e-01 4.356435643564356974e-01 3.762376237623762387e-01 2.970297029702970715e-01 5.148514851485148647e-01 1.782178217821782651e-01 6.138613861386138515e-01 7.326732673267326579e-01 6.138613861386138515e-01 4.554455445544554060e-01 3.366336633663365996e-01 6.138613861386138515e-01 5.148514851485148647e-01 9.108910891089109230e-01 5.940594059405940319e-01 3.762376237623762387e-01 3.366336633663365996e-01 7.920792079207916725e-02 3.960396039603963914e-02 8.514851485148514643e-01 6.336633663366336711e-01 3.168316831683167800e-01 3.564356435643564192e-01 5.940594059405945870e-02 4.158415841584158779e-01 3.564356435643564192e-01 2.376237623762376128e-01 7.326732673267326579e-01 9.504950495049504511e-01 7.524752475247524774e-01 3.366336633663365996e-01 8.712871287128712838e-01 3.168316831683167800e-01 3.366336633663365996e-01 8.712871287128712838e-01 8.910891089108911034e-01 1.584158415841584455e-01 5.346534653465346842e-01 4.554455445544554060e-01 1.584158415841584455e-01 9.900990099009898682e-02 1.188118811881188064e-01 9.900990099009898682e-02 6.138613861386138515e-01 7.524752475247524774e-01 8.118811881188119361e-01 8.910891089108911034e-01 2.970297029702970715e-01 7.326732673267326579e-01 4.950495049504950451e-01 5.940594059405940319e-01 3.960396039603960583e-01 3.366336633663365996e-01 1.782178217821782651e-01 2.178217821782177932e-01 2.376237623762376128e-01 1.980198019801981957e-02 9.900990099009898682e-02 3.366336633663365996e-01 5.148514851485148647e-01 9.504950495049504511e-01 2.178217821782177932e-01 1.584158415841584455e-01 1.584158415841584455e-01 2.574257425742574323e-01 2.178217821782177932e-01 2.970297029702970715e-01 3.960396039603960583e-01 3.168316831683167800e-01 2.772277227722772519e-01 3.168316831683167800e-01 2.178217821782177932e-01 2.772277227722772519e-01 8.514851485148514643e-01 3.762376237623762387e-01 2.574257425742574323e-01 1.980198019801979736e-01
4.752475247524752255e-01 9.306930693069306315e-01 1.188118811881188064e-01 8.118811881188119361e-01 1.188118811881188064e-01 3.564356435643564192e-01 0.000000000000000000e+00 1.386138613861386260e-01 5.940594059405945870e-02 7.920792079207916725e-02 1.980198019801981957e-02 3.168316831683167800e-01 1.980198019801981957e-02 8.316831683168316447e-01 8.118811881188119361e-01 7.920792079207916725e-02 4.158415841584158779e-01 6.930693069306930187e-01 1.980198019801979736e-01 9.702970297029702706e-01 2.574257425742574323e-01 1.386138613861386260e-01 5.544554455445545038e-01 1.980198019801981957e-02 5.940594059405945870e-02 3.960396039603963914e-02 1.980198019801981957e-02 3.168316831683167800e-01 5.940594059405940319e-01 7.722772277227722970e-01 9.900990099009900902e-01 4.356435643564356974e-01 8.910891089108911034e-01 6.732673267326731992e-01 1.386138613861386260e-01 2.772277227722772519e-01 1.584158415841584455e-01 7.920792079207916725e-02 2.574257425742574323e-01 3.168316831683167800e-01 9.900990099009898682e-02 1.584158415841584455e-01 4.950495049504950451e-01 4.356435643564356974e-01 3.366336633663365996e-01 1.782178217821782651e-01 2.178217821782177932e-01 3.960396039603960583e-01 2.970297029702970715e-01 4.950495049504950451e-01 3.564356435643564192e-01 3.366336633663365996e-01 4.752475247524752255e-01 3.960396039603960583e-01 2.772277227722772519e-01 1.980198019801979736e-01 5.742574257425743234e-01 3.564356435643564192e-01 1.584158415841584455e-01 7.524752475247524774e-01 1.980198019801981957e-02 2.376237623762376128e-01 8.910891089108911034e-01 4.356435643564356974e-01 1.584158415841584455e-01 3.960396039603960583e-01 8.118811881188119361e-01 6.930693069306930187e-01 9.306930693069306315e-01 1.000000000000000000e+00 5.346534653465346842e-01 5.940594059405940319e-01 7.326732673267326579e-01 3.564356435643564192e-01 4.950495049504950451e-01 9.900990099009900902e-01 4.158415841584158779e-01 6.930693069306930187e-01 2.772277227722772519e-01 6.336633663366336711e-01 4.950495049504950451e-01 4.554455445544554060e-01 2.376237623762376128e-01 1.782178217821782651e-01 7.722772277227722970e-01 1.980198019801979736e-01 9.900990099009898682e-02 5.940594059405945870e-02 4.356435643564356974e-01 4.554455445544554060e-01 2.772277227722772519e-01 2.178217821782177932e-01 4.356435643564356974e-01 1.188118811881188064e-01 2.772277227722772519e-01 2.376237623762376128e-01 4.158415841584158779e-01 8.316831683168316447e-01 3.762376237623762387e-01 1.782178217821782651e-01 7.920792079207916725e-02 7.920792079207916725e-02 4.950495049504950451e-01 2.376237623762376128e-01 6.534653465346534906e-01 6.138613861386138515e-01 1.188118811881188064e-01 1.980198019801979736e-01 7.920792079207916725e-02 6.534653465346534906e-01 7.326732673267326579e-01 2.772277227722772519e-01 3.366336633663365996e-01 2.772277227722772519e-01 6.930693069306930187e-01 2.970297029702970715e-01
8.118811881188119361e-01 9.900990099009900902e-01 4.752475247524752255e-01 7.920792079207916725e-02 5.742574257425743234e-01 2.376237623762376128e-01 1.386138613861386260e-01 0.000000000000000000e+00 1.386138613861386260e-01 9.900990099009898682e-02 2.574257425742574323e-01 9.900990099009898682e-02 4.356435643564356974e-01 9.900990099009898682e-02 6.138613861386138515e-01 2.772277227722772519e-01 4.158415841584158779e-01 6.930693069306930187e-01 9.108910891089109230e-01 6.534653465346534906e-01 1.980198019801981957e-02 4.356435643564356974e-01 2.970297029702970715e-01 2.970297029702970715e-01 4.752475247524752255e-01 4.356435643564356974e-01 3.762376237623762387e-01 1.188118811881188064e-01 5.544554455445545038e-01 4.554455445544554060e-01 6.534653465346534906e-01 7.722772277227722970e-01 6.930693069306930187e-01 8.514851485148514643e-01 6.138613861386138515e-01 7.524752475247524774e-01 2.178217821782177932e-01 3.960396039603963914e-02 3.960396039603960583e-01 4.158415841584158779e-01 1.584158415841584455e-01 3.762376237623762387e-01 3.960396039603960583e-01 2.376237623762376128e-01 2.970297029702970715e-01 4.158415841584158779e-01 3.366336633663365996e-01 2.178217821782177932e-01 2.178217821782177932e-01 8.712871287128712838e-01 5.940594059405940319e-01 5.544554455445545038e-01 6.732673267326731992e-01 6.930693069306930187e-01 4.554455445544554060e-01 2.376237623762376128e-01 5.742574257425743234e-01 4.158415841584158779e-01 9.900990099009900902e-01 8.910891089108911034e-01 2.178217821782177932e-01 2.178217821782177932e-01 8.118811881188119361e-01 8.712871287128712838e-01 1.980198019801979736e-01 7.920792079207916725e-02 7.326732673267326579e-01 8.118811881188119361e-01 7.524752475247524774e-01 8.316831683168316447e-01 7.128712871287128383e-01 2.376237623762376128e-01 5.544554455445545038e-01 6.732673267326731992e-01 5.346534653465346842e-01 3.168316831683167800e-01 4.554455445544554060e-01 5.148514851485148647e-01 4.752475247524752255e-01 5.940594059405940319e-01 6.732673267326731992e-01 4.356435643564356974e-01 6.732673267326731992e-01 5.940594059405940319e-01 7.722772277227722970e-01 7.128712871287128383e-01 5.544554455445545038e-01 1.980198019801979736e-01 8.316831683168316447e-01 7.326732673267326579e-01 1.188118811881188064e-01 9.702970297029702706e-01 1.980198019801979736e-01 2.772277227722772519e-01 6.138613861386138515e-01 5.544554455445545038e-01 4.950495049504950451e-01 4.950495049504950451e-01 5.940594059405940319e-01 6.138613861386138515e-01 1.584158415841584455e-01 2.772277227722772519e-01 4.554455445544554060e-01 7.326732673267326579e-01 5.940594059405940319e-01 3.366336633663365996e-01 3.762376237623762387e-01 6.732673267326731992e-01 9.504950495049504511e-01 9.504950495049504511e-01 5.742574257425743234e-01 2.178217821782177932e-01 1.386138613861386260e-01 1.188118811881188064e-01 2.772277227722772519e-01 1.000000000000000000e+00
3.762376237623762387e-01 5.544554455445545038e-01 1.386138613861386260e-01 5.346534653465346842e-01 3.960396039603963914e-02 2.376237623762376128e-01 5.940594059405945870e-02 1.386138613861386260e-01 0.000000000000000000e+00 3.960396039603963914e-02 7.920792079207916725e-02 9.900990099009898682e-02 5.940594059405945870e-02 5.742574257425743234e-01 7.920792079207916725e-02 5.940594059405945870e-02 7.920792079207916725e-02 3.960396039603963914e-02 1.980198019801979736e-01 9.306930693069306315e-01 1.782178217821782651e-01 1.188118811881188064e-01 5.742574257425743234e-01 1.980198019801981957e-02 1.980198019801981957e-02 3.960396039603963914e-02 8.910891089108911034e-01 2.376237623762376128e-01 2.574257425742574323e-01 1.188118811881188064e-01 1.188118811881188064e-01 3.960396039603963914e-02 2.178217821782177932e-01 5.940594059405945870e-02 1.980198019801981957e-02 7.920792079207916725e-02 3.960396039603963914e-02 1.386138613861386260e-01 3.960396039603963914e-02 7.920792079207916725e-02 1.980198019801981957e-02 9.900990099009898682e-02 2.970297029702970715e-01 3.960396039603960583e-01 9.900990099009898682e-02 1.188118811881188064e-01 1.782178217821782651e-01 1.980198019801979736e-01 1.584158415841584455e-01 6.534653465346534906e-01 5.346534653465346842e-01 2.178217821782177932e-01 3.564356435643564192e-01 4.356435643564356974e-01 7.920792079207916725e-02 7.920792079207916725e-02 1.188118811881188064e-01 9.900990099009898682e-02 2.376237623762376128e-01 5.148514851485148647e-01 1.980198019801981957e-02 9.900990099009898682e-02 7.128712871287128383e-01 2.772277227722772519e-01 5.940594059405945870e-02 2.376237623762376128e-01 3.564356435643564192e-01 1.386138613861386260e-01 5.940594059405940319e-01 6.138613861386138515e-01 1.386138613861386260e-01 5.544554455445545038e-01 2.376237623762376128e-01 9.900990099009898682e-02 4.950495049504950451e-01 3.960396039603960583e-01 4.356435643564356974e-01 4.950495049504950451e-01 1.584158415841584455e-01 9.900990099009898682e-02 1.188118811881188064e-01 1.980198019801981957e-02 9.900990099009898682e-02 7.920792079207916725e-02 6.930693069306930187e-01 5.940594059405945870e-02 1.980198019801981957e-02 1.980198019801981957e-02 2.178217821782177932e-01 2.178217821782177932e-01 1.386138613861386260e-01 1.584158415841584455e-01 2.178217821782177932e-01 1.980198019801981957e-02 2.376237623762376128e-01 1.980198019801981957e-02 1.980198019801979736e-01 4.554455445544554060e-01 2.970297029702970715e-01 2.970297029702970715e-01 7.920792079207916725e-02 1.980198019801981957e-02 1.782178217821782651e-01 1.386138613861386260e-01 4.752475247524752255e-01 8.514851485148514643e-01 3.960396039603960583e-01 1.782178217821782651e-01 1.980198019801981957e-02 6.732673267326731992e-01 4.356435643564356974e-01 6.138613861386138515e-01 2.970297029702970715e-01 3.960396039603963914e-02 6.336633663366336711e-01 3.168316831683167800e-01
2.376237623762376128e-01 3.366336633663365996e-01 2.376237623762376128e-01 1.386138613861386260e-01 1.980198019801979736e-01 9.900990099009898682e-02 7.920792079207916725e-02 9.900990099009898682e-02 3.960396039603963914e-02 0.000000000000000000e+00 2.970297029702970715e-01 1.188118811881188064e-01 2.178217821782177932e-01 1.584158415841584455e-01 7.920792079207916725e-02 7.920792079207916725e-02 5.940594059405945870e-02 7.920792079207916725e-02 2.574257425742574323e-01 3.762376237623762387e-01 1.386138613861386260e-01 1.980198019801981957e-02 1.188118811881188064e-01 1.980198019801979736e-01 2.574257425742574323e-01 9.702970297029702706e-01 2.178217821782177932e-01 7.128712871287128383e-01 3.168316831683167800e-01 1.188118811881188064e-01 5.940594059405945870e-02 1.584158415841584455e-01 5.940594059405945870e-02 1.584158415841584455e-01 9.108910891089109230e-01 5.742574257425743234e-01 5.346534653465346842e-01 4.356435643564356974e-01 4.752475247524752255e-01 6.138613861386138515e-01 7.524752475247524774e-01 4.158415841584158779e-01 1.584158415841584455e-01 2.772277227722772519e-01 1.782178217821782651e-01 5.940594059405945870e-02 1.782178217821782651e-01 1.188118811881188064e-01 1.188118811881188064e-01 6.930693069306930187e-01 7.920792079207921166e-01 3.564356435643564192e-01 7.524752475247524774e-01 6.732673267326731992e-01 3.564356435643564192e-01 1.782178217821782651e-01 7.920792079207916725e-02 5.940594059405945870e-02 3.762376237623762387e-01 5.742574257425743234e-01 2.574257425742574323e-01 2.178217821782177932e-01 1.188118811881188064e-01 3.960396039603963914e-02 9.900990099009898682e-02 7.920792079207916725e-02 3.762376237623762387e-01 3.366336633663365996e-01 9.504950495049504511e-01 8.514851485148514643e-01 3.960396039603960583e-01 3.168316831683167800e-01 6.534653465346534906e-01 4.752475247524752255e-01 4.950495049504950451e-01 6.930693069306930187e-01 9.900990099009898682e-02 3.564356435643564192e-01 1.188118811881188064e-01 7.920792079207916725e-02 7.920792079207916725e-02 1.386138613861386260e-01 5.148514851485148647e-01 2.772277227722772519e-01 5.148514851485148647e-01 2.970297029702970715e-01 1.980198019801979736e-01 3.762376237623762387e-01 2.574257425742574323e-01 1.980198019801979736e-01 9.900990099009898682e-02 3.168316831683167800e-01 7.920792079207916725e-02 5.940594059405945870e-02 2.376237623762376128e-01 3.960396039603963914e-02 1.188118811881188064e-01 9.900990099009898682e-02 8.316831683168316447e-01 9.108910891089109230e-01 1.782178217821782651e-01 1.584158415841584455e-01 1.386138613861386260e-01 7.128712871287128383e-01 5.940594059405940319e-01 6.138613861386138515e-01 2.376237623762376128e-01 6.930693069306930187e-01 3.168316831683167800e-01 8.712871287128712838e-01 7.920792079207916725e-02 1.980198019801981957e-02 1.584158415841584455e-01 5.940594059405945870e-02 3.366336633663365996e-01 2.376237623762376128e-01
1.188118811881188064e-01 3.960396039603960583e-01 5.544554455445545038e-01 6.732673267326731992e-01 1.188118811881188064e-01 6.336633663366336711e-01 1.980198019801981957e-02 2.574257425742574323e-01 7.920792079207916725e-02 2.970297029702970715e-01 0.000000000000000000e+00 3.960396039603963914e-02 1.980198019801981957e-02 4.158415841584158779e-01 7.326732673267326579e-01 1.188118811881188064e-01 4.356435643564356974e-01 2.772277227722772519e-01 3.960396039603963914e-02 3.762376237623762387e-01 2.970297029702970715e-01 3.960396039603963914e-02 1.782178217821782651e-01 5.940594059405945870e-02 5.940594059405945870e-02 3.960396039603963914e-02 1.980198019801981957e-02 1.980198019801981957e-02 2.178217821782177932e-01 2.178217821782177932e-01 5.346534653465346842e-01 2.574257425742574323e-01 5.544554455445545038e-01 8.712871287128712838e-01 1.980198019801981957e-02 1.386138613861386260e-01 9.900990099009898682e-02 2.970297029702970715e-01 1.188118811881188064e-01 1.188118811881188064e-01 4.752475247524752255e-01 3.168316831683167800e-01 4.752475247524752255e-01 4.356435643564356974e-01 1.584158415841584455e-01 2.970297029702970715e-01 4.950495049504950451e-01 2.970297029702970715e-01 3.366336633663365996e-01 6.534653465346534906e-01 6.336633663366336711e-01 5.346534653465346842e-01 5.148514851485148647e-01 6.138613861386138515e-01 3.960396039603960583e-01 4.950495049504950451e-01 4.356435643564356974e-01 4.554455445544554060e-01 1.782178217821782651e-01 4.554455445544554060e-01 5.940594059405945870e-02 5.940594059405945870e-02 2.970297029702970715e-01 5.940594059405945870e-02 1.782178217821782651e-01 5.346534653465346842e-01 3.960396039603960583e-01 3.366336633663365996e-01 5.544554455445545038e-01 7.128712871287128383e-01 1.000000000000000000e+00 9.108910891089109230e-01 5.940594059405940319e-01 3.762376237623762387e-01 8.118811881188119361e-01 5.742574257425743234e-01 3.168316831683167800e-01 8.316831683168316447e-01 8.712871287128712838e-01 5.742574257425743234e-01 9.504950495049504511e-01 6.138613861386138515e-01 3.960396039603960583e-01 3.366336633663365996e-01 4.158415841584158779e-01 2.178217821782177932e-01 9.900990099009898682e-02 3.960396039603963914e-02 3.366336633663365996e-01 6.732673267326731992e-01 2.970297029702970715e-01 6.732673267326731992e-01 1.782178217821782651e-01 4.752475247524752255e-01 9.504950495049504511e-01 7.920792079207916725e-02 4.950495049504950451e-01 4.950495049504950451e-01 3.366336633663365996e-01 2.772277227722772519e-01 1.980198019801979736e-01 2.376237623762376128e-01 2.178217821782177932e-01 1.584158415841584455e-01 6.534653465346534906e-01 7.920792079207921166e-01 4.158415841584158779e-01 3.960396039603960583e-01 1.188118811881188064e-01 8.910891089108911034e-01 2.376237623762376128e-01 4.752475247524752255e-01 3.168316831683167800e-01 4.554455445544554060e-01 3.564356435643564192e-01 4.752475247524752255e-01
6.930693069306930187e-01 6.336633663366336711e-01 2.376237623762376128e-01 3.168316831683167800e-01 3.762376237623762387e-01 2.772277227722772519e-01 3.168316831683167800e-01 9.900990099009898682e-02 9.900990099009898682e-02 1.188118811881188064e-01 3.960396039603963914e-02 0.000000000000000000e+00 9.900990099009898682e-02 1.980198019801981957e-02 5.742574257425743234e-01 2.970297029702970715e-01 6.336633663366336711e-01 9.108910891089109230e-01 9.900990099009898682e-02 3.762376237623762387e-01 2.376237623762376128e-01 5.940594059405945870e-02 2.574257425742574323e-01 7.920792079207916725e-02 1.584158415841584455e-01 7.920792079207916725e-02 7.920792079207916725e-02 1.980198019801981957e-02 6.930693069306930187e-01 2.970297029702970715e-01 3.168316831683167800e-01 5.742574257425743234e-01 6.732673267326731992e-01 7.920792079207921166e-01 9.900990099009898682e-02 1.980198019801979736e-01 1.584158415841584455e-01 1.980198019801979736e-01 3.168316831683167800e-01 2.970297029702970715e-01 1.386138613861386260e-01 3.168316831683167800e-01 6.138613861386138515e-01 6.534653465346534906e-01 2.178217821782177932e-01 2.772277227722772519e-01 4.554455445544554060e-01 3.762376237623762387e-01 2.178217821782177932e-01 6.336633663366336711e-01 5.940594059405940319e-01 4.158415841584158779e-01 5.940594059405940319e-01 7.722772277227722970e-01 7.524752475247524774e-01 5.346534653465346842e-01 4.950495049504950451e-01 2.970297029702970715e-01 4.356435643564356974e-01 5.148514851485148647e-01 1.188118811881188064e-01 7.920792079207916725e-02 7.128712871287128383e-01 1.188118811881188064e-01 3.762376237623762387e-01 5.940594059405940319e-01 3.366336633663365996e-01 4.158415841584158779e-01 4.950495049504950451e-01 4.752475247524752255e-01 7.128712871287128383e-01 3.762376237623762387e-01 3.762376237623762387e-01 4.752475247524752255e-01 3.564356435643564192e-01 1.980198019801979736e-01 1.980198019801979736e-01 5.940594059405940319e-01 5.544554455445545038e-01 5.148514851485148647e-01 8.118811881188119361e-01 5.742574257425743234e-01 2.970297029702970715e-01 3.564356435643564192e-01 5.544554455445545038e-01 5.940594059405940319e-01 1.386138613861386260e-01 3.960396039603963914e-02 6.336633663366336711e-01 4.752475247524752255e-01 7.128712871287128383e-01 3.564356435643564192e-01 3.168316831683167800e-01 8.712871287128712838e-01 6.336633663366336711e-01 1.188118811881188064e-01 1.782178217821782651e-01 2.178217821782177932e-01 1.782178217821782651e-01 6.930693069306930187e-01 1.188118811881188064e-01 2.178217821782177932e-01 5.940594059405940319e-01 2.376237623762376128e-01 5.940594059405940319e-01 9.306930693069306315e-01 3.960396039603960583e-01 2.376237623762376128e-01 6.336633663366336711e-01 4.554455445544554060e-01 9.900990099009898682e-02 1.782178217821782651e-01 8.712871287128712838e-01 1.188118811881188064e-01 4.950495049504950451e-01 6.138613861386138515e-01
2.178217821782177932e-01 8.514851485148514643e-01 9.504950495049504511e-01 5.940594059405940319e-01 1.584158415841584455e-01 2.970297029702970715e-01 1.980198019801981957e-02 4.356435643564356974e-01 5.940594059405945870e-02 2.178217821782177932e-01 1.980198019801981957e-02 9.900990099009898682e-02 0.000000000000000000e+00 1.980198019801979736e-01 2.376237623762376128e-01 1.584158415841584455e-01 6.534653465346534906e-01 1.000000000000000000e+00 7.920792079207916725e-02 4.752475247524752255e-01 2.178217821782177932e-01 3.960396039603963914e-02 1.584158415841584455e-01 1.980198019801981957e-02 1.980198019801981957e-02 3.960396039603963914e-02 1.980198019801981957e-02 1.584158415841584455e-01 4.158415841584158779e-01 6.732673267326731992e-01 3.762376237623762387e-01 1.782178217821782651e-01 7.524752475247524774e-01 4.158415841584158779e-01 1.980198019801981957e-02 1.386138613861386260e-01 3.960396039603963914e-02 7.128712871287128383e-01 2.376237623762376128e-01 9.900990099009898682e-02 1.386138613861386260e-01 5.940594059405940319e-01 6.930693069306930187e-01 7.920792079207921166e-01 5.346534653465346842e-01 4.752475247524752255e-01 4.950495049504950451e-01 6.336633663366336711e-01 4.356435643564356974e-01 8.910891089108911034e-01 7.524752475247524774e-01 4.950495049504950451e-01 3.564356435643564192e-01 5.148514851485148647e-01 5.148514851485148647e-01 6.732673267326731992e-01 2.376237623762376128e-01 3.564356435643564192e-01 1.980198019801979736e-01 4.752475247524752255e-01 1.980198019801981957e-02 1.782178217821782651e-01 3.762376237623762387e-01 5.940594059405945870e-02 6.732673267326731992e-01 7.128712871287128383e-01 5.346534653465346842e-01 4.752475247524752255e-01 2.772277227722772519e-01 4.158415841584158779e-01 3.564356435643564192e-01 9.702970297029702706e-01 9.702970297029702706e-01 3.168316831683167800e-01 5.544554455445545038e-01 5.940594059405940319e-01 4.554455445544554060e-01 6.534653465346534906e-01 6.138613861386138515e-01 5.148514851485148647e-01 7.722772277227722970e-01 5.346534653465346842e-01 2.970297029702970715e-01 3.366336633663365996e-01 5.346534653465346842e-01 2.970297029702970715e-01 5.940594059405945870e-02 3.960396039603963914e-02 4.356435643564356974e-01 3.762376237623762387e-01 5.544554455445545038e-01 3.366336633663365996e-01 8.712871287128712838e-01 1.782178217821782651e-01 5.742574257425743234e-01 3.960396039603963914e-02 3.960396039603960583e-01 5.346534653465346842e-01 2.574257425742574323e-01 1.782178217821782651e-01 3.960396039603963914e-02 5.940594059405945870e-02 3.366336633663365996e-01 1.386138613861386260e-01 8.514851485148514643e-01 3.762376237623762387e-01 2.970297029702970715e-01 2.772277227722772519e-01 1.386138613861386260e-01 5.148514851485148647e-01 3.762376237623762387e-01 4.752475247524752255e-01 2.574257425742574323e-01 4.554455445544554060e-01 4.158415841584158779e-01 3.168316831683167800e-01
