0 1 2 3 4 5 6 7 8 9 10 11 12 13 14 15 16 17 18 19 20 21 22 23 24 25 26 27 28 29 30 31 32 33 34 35 36 37 38 39 40 41 42 43 44 45 46 47 48 49 50 51 52 53 54 55 56 57 58 59 60 61 62 63 64 65 66 67 68 69 70 71 72 73 74 75 76 77 78 79 80 81 82 83 84 85 86 87 88 89 90 91 92 93 94 95 96 97 98 99 100 101 102 103 104 105 106 107 108 109 110 111 112 113 114 115 116 117 118 119 120 121 122 123 124 125 126 127 128 129 130 131 132 133 134 135 136 137 138 139 140 141 142 143 144 145 146 147 148 149 150 151 152 153 154 155 156 157 158 159 160 161 162 163 164 165 166 167 168 169 170 171 172 173 174 175 176 177 178 179 180 181 182 183 184 185 186 187 188 189 190 191 192 193 194 195 196 197 198 199 200 201 202 203 204 205 206 207 208 209 210 211 212 213 214 215 216 217 218 219 220 221 222 223 224 225 226 227 228 229 230 231 232 233 234 235 236 237 238 239 240 241 242 243 244 245 246 247 248 249 250 251 252 253 254 255 256 257 258 259 260 261 262 263 264 265 266 267 268 269 270 271 272 273 274 275 276 277 278 279 280 281 282 283 284 285 286 287 288 289 290 291 292 293 294 295 296 297 298 299 300 301 302 303 304 305 306 307 308 309 310 311 312 313 314 315 316 317 318 319 320 321 322 323 324 325 326 327 328 329 330 331 332 333 334 335 336 337 338 339 340 341 342 343 344 345 346 347 348 349 350 351 352 353 354 355 356 357 358 359 360 361 362 363 364 365 366 367 368 369 370 371 372 373 374 375 376 377 378
NaN 0.0861862773888912 0.31505685675223016 0.8859954905007996 0.8208301934863333 0.5369176745999424 0.2947672546505232 0.11709273110729768 0.06373929213908551 0.4855278771595147 0.009512359660622787 0.19199214955975943 0.7016906084051221 0.2860424729556007 0.3250161433347083 0.1601124312816882 0.210197593025919 0.11505077454014304 0.5469805876866909 0.4188344216722115 0.12893952418042495 0.07155336319405757 0.05828793885185404 0.46810045186304594 0.2029245061881779 0.01927168010558416 0.33801925761687857 0.31567594886794487 0.10939674063017102 0.027305294525097657 0.04360535160712253 0.16505984172647797 0.12399064381121983 0.02947776557360497 0.13744642938036303 0.08985361915840433 0.1139157137076918 0.3481248276922927 0.014948299862167148 0.17501018936696572 0.13771246751740762 0.13275238815829565 0.15658566101315968 0.33959286310936476 0.02817762855303833 0.10524496720895916 0.11320404655125717 0.3817614159029295 0.11168771995352103 0.28500555841842173 0.1424083942832436 0.07601901538391447 0.04570891834428938 0.2558360512265497 0.22193448952023095 0.17662113472750537 0.1007911241998261 0.10282198442307122 0.24162390671310885 0.32246727927374785 0.11156620137935955 0.11751076642315833 0.034208376071626544 0.0009403315215648935 0.03132229012334349 0.10833975795143679 0.08493149911207704 0.20050937301635607 0.030646104866800437 0.2025507047699827 0.08839691339849566 0.03558767819753909 0.006171703166523412 0.09871151919582617 0.018632124496567447 0.03312548709520665 0.1687404961734615 0.018828483978543135 0.041469320318148505 0.1141669775292125 0.0024501652368423025 0.14423432945887815 0.0466411708447836 0.3108405987331479 0.3282751344507623 0.5397785436485238 0.17503642634564937 0.021407827774284738 0.11091594743868011 0.06429903954071786 0.02083560132965336 0.08193338904168888 0.05332113572619361 0.07432283049754446 0.10691699379433348 0.023277051090506887 0.052106917324875344 0.03031007814767259 0.14440745761203042 0.0010028550344856556 0.08020438438426566 0.22297588240708732 0.17703596467128202 0.1740944425260358 0.10364070930903892 0.05413818517765165 0.09194123309442939 0.13868887722095113 0.011855152000022537 0.031983230149563356 0.03864638221781069 0.030197353826261875 0.04156976359056626 0.04612577578021326 0.13168258868262625 0.2799036602701093 0.17678589084779753 0.15326269184949343 0.02838595873336174 0.19705837658218497 0.35136241559367354 0.11068174057938301 0.05383713190604031 0.20004963879661333 0.25632359914692987 0.020824106409406278 0.06466657641522555 0.04397235210391896 0.06614585080955143 0.10233661032880918 0.14378871433429175 0.1960465519609164 0.07228882261399482 0.0017382673532276673 0.10837078476397685 0.055275276248563265 0.05279360771178441 0.09606842915562866 0.023918683563305045 0.263415410066815 0.08483889131135663 0.19642986357604508 0.1548495024552396 0.0599412940889458 0.01984245633355668 0.08393878133574219 0.16026568599284088 0.24823416265940668 0.1955239064837173 0.055628416848742146 0.06303624657244548 0.16561416313640134 0.23675860298559148 0.147606540457905 0.013900120845830236 0.01747750154463266 0.12924581565047685 0.2681742564959969 0.16165863585842516 0.16840273205341996 0.17433345685346643 0.04890061825731871 0.07469559497886304 0.10846527204309644 0.022248207826206325 0.07907284180091961 0.15835241762016278 0.03324936033660713 0.22299127381493078 0.20028993411105242 0.308269998179939 0.102540663438241 0.32079596571796765 0.3660163182228337 0.013827649435891069 0.17848459084696738 0.07696218453347038 0.10798699803828596 0.43011838937057606 0.3036388826373858 1.0 0.2578686646239113 0.39143991412181683 0.839908359711034 0.7621370478276771 0.6932702097268097 0.3518474743448218 0.0379873181137367 0.04381125650834788 0.43270456434992366 0.18081314399463685 0.05822341408694054 0.5983398680584282 0.3231110589548064 0.36770666832629445 0.33621996940908394 0.12111089887830742 0.06162535734872598 0.5444687216888731 0.2728013495732535 0.3261529885616392 0.15570592811228692 0.048053248541307006 0.4919560486411528 0.011550155550514815 0.06548796539114023 0.36255083347094724 0.3181123871539257 0.1248191694626605 0.03054191841132912 0.013269607437944418 0.1150413871596286 0.018880649913689946 0.09617738078396426 0.0061067842686733905 0.2415461530648442 0.20584279065537178 0.3040765166805591 0.004639700311228139 0.12412684356714278 0.08093155565582648 0.14335521350693511 0.17508402764018038 0.21494870403523478 0.0064942190828586694 0.039455046644338305 0.1655022539050124 0.3795822568240976 0.10698018379850477 0.00911950207804511 0.05389638095381098 0.07183030847692508 0.1557025084064889 0.0718056407329948 0.17208282765484414 0.023435409234415536 0.03526110955370469 0.004437930972357204 0.3341056485657333 0.25582237804474567 0.09676876603449919 0.011225892803159013 0.08131976308000195 0.012909968357311721 0.019308373230721477 0.05803185407838514 0.036336093819661 0.19114322858817087 0.07043178681534604 0.15460224415628432 0.15986623173667955 0.22670964210126238 0.04137625884199293 0.08045245794175397 0.1383973234460491 0.1204773616642409 0.07189396894314948 0.007756123717537358 0.07134312979621833 0.018711758278266877 0.11761154942777924 0.09633235089706753 0.006143281689512416 0.3285117539215377 0.22866196589794885 0.4278959027813575 0.04376315874767865 0.12250936240254393 0.2542085517805943 0.002750431421155604 0.08087883900222749 0.1921126483593816 0.005093584360497852 0.08053727463367158 0.19123989045106082 0.04413407531612903 0.16185111767260843 0.18944127845387757 0.09237402871482574 0.019915360457932695 0.01985459413453267 0.18549094744145372 0.25697465428060645 0.261409339340144 0.22996235092028583 0.009396333758479583 0.25223724154936744 0.17530758853852804 0.0744251774574737 0.08428437643011182 0.22622791021317812 0.023835300906081165 0.03764002088743555 0.0693356785890292 0.039549854742693236 0.1306232532332653 0.03154905433378104 0.0485852811216467 0.01044268406086922 0.10329153253762373 0.3531556982691127 0.028384426960951177 0.05400906373230171 0.2188184173165861 0.2740551926820158 0.10209834188149589 0.03456094869749137 0.041583670593641174 0.05757351228850949 0.037423473002201516 0.02235780320104555 0.1089402089796833 0.009781551214860927 0.06775704893616306 0.050959878933768306 0.07028658641955084 0.033897488248146555 0.03217966745543552 0.10740356910521319 0.05377988955251407 0.051421310891892065 0.3433617333125578 0.257696504581022 0.09465071883555204 0.00688941485509201 0.14340232421076843 0.12376737648723173 0.2112544352227286 0.07141208343714771 0.12845608178683202 0.17998906806682044 0.023366655459198523 0.11393759539976503 0.09206424903433555 0.06925773610482908 0.18960646951657287 0.05828106777492601 0.20450641062700192 0.06932334581818576 0.15011709510234875 0.07203186547306022 0.08213957069445463 0.17261756810874174 0.003799246211373325 0.03304751823110107 0.11584129489054615 0.1663053960785472 0.07014542716288147 0.2229196557340763 0.05598358319731296 0.15326461977451825 0.04390370812028308 0.2278606070740735 0.2970834495830455 0.16142918029878378 0.09394777459973089 0.03518821077095393 0.09653430674323021 0.22897407192086372 0.2743967812732478 0.27846237883707725 0.440892169878281 0.17673867493151463 0.18504783716578815 0.08937405900083868 0.3213455822771852 0.20493312388822016 0.12228244338007098 0.10761438239732957 0.17753931240538662 0.16688691699235528 0.3759515467424833 0.1415555297902938 0.11954489667637086 0.11536561798912474 0.20437401212099163 0.19043154856428138 0.12286425334703838 0.24684392401494878
0.0861862773888912 NaN 0.17887029293429563 0.21131055986266684 0.3745344426454529 0.5847384623338232 0.45844242139574765 0.42460450631687585 0.45639845925582107 0.10190452488363817 0.34878010450360786 0.3088536141567569 0.11131602741410002 0.05138236062587369 0.23276774588074253 0.006707104097699724 0.13078903176016984 0.45714759274367966 0.27394564347606476 0.46396983708140915 0.5595234287726968 0.5097842350684683 0.7515467097362707 0.12408525717008763 0.1583581189393035 0.029072897682095065 0.1008779462072209 0.3385447648012068 0.08110987052249843 0.24818002260516175 0.10597995734556577 0.06914142074035783 0.02626223804338727 0.0696320341268133 0.04127981102108839 0.2378895532271452 0.06235308702979574 0.05852584099007656 0.2865417595768832 0.24324185019356656 0.20671014933420181 0.04146043971486344 0.048638962581411226 0.007683106815230313 0.14519354107575042 0.05581574207037455 0.3411148256764155 0.32055097684824285 0.12242753369427321 0.041735614025354965 0.5186873613626047 0.3672661365524876 0.44165243263892345 0.21884279825924133 0.1033379311770929 0.25167356856559636 0.06126372217004515 0.03875993337878515 0.03539445716674155 0.06230448931924935 0.0210407098898621 0.06733562473682754 0.00978212467114519 0.07323582604887145 0.06916309375280134 0.17007961864149393 0.23450806129947785 0.2528159278896415 0.16592351036524583 0.06341835459331745 0.15104526782868877 0.09146367699078668 0.17464577617027252 0.15837318869136385 0.08607265166761774 0.18276854572116716 0.12923879294075002 0.10235064462024471 0.19048926302337482 0.026333888258896706 0.26936479552855846 0.07975306429683796 0.24033095204492558 0.02249422129345212 0.1114404442308756 0.028545920359355922 0.09732037213375597 0.010055562791424423 0.10594454257682996 0.15220386483229517 0.1570968054946133 0.07959321972757952 0.14426803588249507 0.010616032543243399 0.15869571617692702 0.13748581158913745 0.12280324415235691 0.09744029555092072 0.1733230025093823 0.25199237911652317 0.10461380218800818 0.13557156578062818 0.09323339474857535 0.07146176386036564 0.08530222716600558 0.22677288444789442 0.02181751618967802 0.12001265566612816 0.16660820972855847 0.12341029982333108 0.02628401439084198 0.0022352008664692814 0.035292339533781185 0.18316212292907522 0.22442018661005253 0.2738676635139906 0.1575277937687771 0.013693952733031294 0.020944904143932314 0.09923311216610373 0.1033092941443267 0.01848890323014044 0.08112840528803968 0.0025060239470283017 0.20429982556579393 0.06567549824352222 0.05939026093965697 0.09527064301345843 0.20389500122462284 0.0009031304897775564 0.0016207717659852809 0.26410059831864513 0.036369372248039086 0.07180140582521498 0.025350811814607282 0.09375133126541386 0.12347239359497661 0.3476303326917039 0.4206348235130225 0.5852884257487565 0.4443677595627094 0.007134641661129505 0.1574838352777407 0.06805316191550692 0.003285561077859815 0.08328419880994273 0.19571558212263027 0.18262926404105037 0.056229010177361566 0.25634771838456716 0.07182890132842198 0.11402435811906482 0.1672751691803426 0.20838474600606208 0.04056627850804046 0.7721422672073411 0.5764959606558513 0.2592389338634469 0.4929727217774576 0.1914238937368583 0.07001155255918047 0.1378737084204329 0.19520577015829949 0.11089023587375885 0.18718580746417574 0.08918290751442562 0.06074197065621901 0.20936976548970815 0.031070227353504405 0.1773108542884779 0.028943333125090405 0.12784513616157112 0.014051798635655508 0.02890410330280912 0.18072974320820684 0.0957713195289124 0.028784250624517713 0.01876001861617062 0.028279322634383576 0.04598114344640287 0.09750243358934926 0.5844465729920101 0.14515859802139833 0.07908549558627258 0.23646778616628236 0.44550885767711673 0.33992134809630375 0.45964390802653904 0.4947208203409116 0.18216404481260307 0.1965360317143633 0.23887054946543815 0.04289267555862392 0.07373344199488421 0.28513093536639705 0.07062925884828378 0.12963309936030837 0.40017472534483345 0.2425530631354565 0.3073313112239396 0.6319630355629419 0.4173945670245021 0.6753163282728892 0.08877487562872825 0.052601069765814794 0.004920440492680757 0.062023006531450785 0.01763418985794929 0.049408445475553786 0.17857277024540322 0.07218586604451295 0.017670924584979236 0.011716500555020333 0.07519221590146961 0.17400151845112874 0.25032610614706324 0.048084148734102515 0.10655165327363732 0.21647173027117417 0.24764790126817027 0.0910230687524575 0.02683199014970904 0.015787355221500484 0.03745301039895181 0.15506559502802236 0.15016420804420474 0.2858600642731794 0.22011103231706255 0.1118051174538285 0.058251130926808045 0.44182927937718136 0.3126765104899646 0.4369341178676267 0.2840039427715071 0.15284843388561187 0.181952451181054 0.11200550291560332 0.007949343975822329 0.02342624140138175 0.03615919834055584 0.04707884839714728 0.02313161508924888 0.05270744472087799 0.0852720485684293 0.023434359657353476 0.08731453670814092 0.21437449564901478 0.1706393815130897 0.0233215582985926 0.04412605525130287 0.1592158152637774 0.1852952133483058 0.2013650679972385 0.05945400131298651 0.1934357742076497 0.04699155232854965 0.09551847279372441 0.026096528028068378 0.040306876091850616 0.029953563154956224 0.1326708504475301 0.013641632662238548 0.12376065202442676 0.05304347822326664 0.02907977834320072 0.08316829399089966 0.14255041471161353 0.098796169026472 0.0212459520339879 0.16180860828218485 0.025030571901731448 0.02765175779436337 0.012240068478999007 0.09455308452202099 0.059214641087295766 0.03261666421078825 0.03333237455444118 0.007388399456497893 0.13158784846847896 0.18365986847119975 0.12012227225817153 0.16352544860957088 0.016429381231793164 0.004214232276325472 0.03941785863272372 0.12864570657489705 0.07544503346402145 0.20556651069214468 0.002711932891865723 0.03282768827374828 0.066379967937251 0.018869385079016227 0.09561529905760184 0.04354263827196777 0.09058693536683403 0.1536295796806633 0.06843702265980076 0.09439484737518769 0.024410727995461106 0.08620191330092435 0.09164951090293808 0.0255501992530807 0.05451104630665037 0.05692982475967809 0.28726463454868373 0.04045461726809996 0.039773854063913754 0.14525030152204982 0.24930054382917458 0.034770175926738 0.041001435544545155 0.0261215099937309 0.05795688036748339 0.029803650339124604 0.13071846163375841 0.16000834172955397 0.18125431860347244 0.22148902129167045 0.44806916000551833 0.2121568381959281 0.168368602452001 0.02669753377400375 0.29012746481735746 0.14206364600547033 0.012578140433860194 0.015506755494337424 0.16844737391344072 0.29511878099815153 0.14696074917030302 0.16018704786344123 0.027453157843596816 0.07127554166118513 0.24017669078479617 0.1342182755548216 0.056138723038672074 0.6674048069053274 0.3357577178798758 0.19601193667582847 0.22722765271588696 0.046829325114150076 0.09958663733723527 0.08129507770132155 0.14356893873370435 0.09109383318648144 0.05061539048826951 0.0226946460293767 0.03903345330360888 0.11550617312231322 0.009437587609451847 0.18468795241962785 0.01195363824344971 0.09940485962474474 0.07511019564918504 0.022940086462572326 0.2114452238927629 0.005679672152163076 0.039957230038229895 0.04060191968607741 0.01647015334366187 0.007908971683267953 0.2829743545278976 0.06142724653994693 0.014633032378814545 4.275010437067454e-05 0.031167358220971927 0.16761910955589823 0.1798564897416965 0.102236023158334 0.01650415542645789 0.11229168940796261 0.31336862291523426 0.036780908116224025 0.06464910240184868 0.207100288871357 0.028008992527678998 0.20212641127339312 0.025510407165467246 0.017934042676902188 0.05035898146273764
0.31505685675223016 0.17887029293429563 NaN 0.4181350762553146 0.30758679050527155 0.3411562913620697 0.27146162862008305 0.3183994274412833 0.31618468928961035 0.1829677614980255 0.1367551933006526 0.04217221165284793 0.4628486283070322 0.046306857532597244 0.06880380468422806 0.2600883220102807 0.25595830449027235 0.1600864977462142 0.3939827451772675 0.2732722612897032 0.219504837937017 0.14535670729258113 0.21074105136014556 0.04124423089489422 0.1284943836195634 0.03465503602169961 0.18806705919560052 0.24890541825900833 0.05281168267271811 0.1181902575509143 0.02877734334101408 0.08085767689860013 0.001924683041215143 0.07820397655367077 0.04180299459095675 0.23433187623999463 0.18511444346600464 0.06751594189289058 0.1805298543261931 0.18080189023525858 0.2318830316409044 0.03487418685736912 0.10152668635141444 0.13376612744111854 0.08445573341407421 0.06874520562037463 0.178483061671207 0.3269478142899258 0.22091319399577758 0.10678062628669135 0.2981195973030267 0.20523913516842976 0.36044904005885336 0.04516460100545125 0.07060146803633639 0.004780654757189346 0.1456960437771458 0.06535715729858044 0.03267134433734843 0.08130868671232216 0.03502561398016255 0.10854407068412537 0.051528097655349686 0.006047985720627384 0.017870095250756404 0.13869410938449656 0.18296555582607613 0.03874801148763386 0.0523387760929033 0.016277626845928112 0.06812292845331697 0.040981652030034704 0.1517754409805813 0.10376764892398539 0.08588091416091112 0.13624530855544575 0.2261394788026282 0.07637152619997108 0.1496349532194406 0.04668678221250995 0.14206569278425513 0.012633696517158071 0.17555501181312644 0.0791495850493275 0.029696476959406918 0.1197431044498099 0.1637517129868313 0.0585860661715262 0.046812469671571176 0.07318520200068176 0.13290205541303157 0.054686986507940065 0.08373275514866803 0.019681660002034054 0.09483937205292349 0.07687051789254193 0.0900341416936593 0.021967753977529886 0.15611934848003117 0.23774358119980907 0.07382209447390128 0.21006838812040435 0.006088932747618668 0.14225600959329918 0.09603301129441731 0.13605819817818202 0.07477866917257864 0.1169264136676036 0.02690607291603775 0.11773191947304577 0.01189360345756967 0.005773844469977222 0.09043607877881694 0.048540949971664825 0.08458905023102671 0.0574280530807141 0.034093903883765084 0.05359078824498985 0.02586487059308348 0.021207291221406247 0.28809115080262687 0.0038292925941514366 0.02863291569444144 0.05747569030237103 0.030763086356203062 0.031108737805596375 0.011249481062279148 0.03266384846822955 0.092386926610137 0.1037185317423896 0.07677091240802536 0.06801418026736365 0.10271008157955049 0.014885594679275874 0.021398596596998855 0.006694793143939776 0.11598614544539892 0.18659510984579375 0.1536534979964559 0.2689689573995128 0.24102829051902744 0.1905826549829229 0.03534286002662012 0.07594199792056021 0.09279620109070018 0.06937622862882771 0.1208479472638804 0.05107297085109283 0.0992700800395349 0.15403143269610262 0.06361380587406056 0.3112724177310648 0.2645019714087432 0.128014696672901 0.05408050557808078 0.2096644584371805 0.2011630122080229 0.25403674470528315 0.3215824775693502 0.27449425854846266 0.001176081233054601 0.12408570213698562 0.09607472853008095 0.04652842617753898 0.042171178287456465 0.017453644049177052 0.045653516972099184 0.1486592034127149 0.0888517960042631 0.24197552824870244 0.24487498867779323 0.09342036924045179 0.09680738557620039 0.1350662688956518 0.13091952345274233 0.01980969882675387 0.09726100494529062 0.04453979707804348 0.13543258332611247 0.07221854333442952 0.2852345904199497 0.2957695193291842 0.5587440264304362 0.3347115307794068 0.299771433734243 0.31206747609587027 0.24207603442035422 0.34655169346180587 0.35600131219913395 0.2731537957647737 0.16787693912226792 0.08878276073011354 0.4185293062991863 0.017381132009207947 0.0947971212682632 0.3503986543041518 0.1708393318346687 0.1897029712484951 0.2656787240021601 0.26347537839072277 0.24022140971189113 0.20837458731454267 0.2966968423131921 0.08246893081883498 0.007643162939938275 0.04026388009571434 0.1391944627304854 0.11678514488384466 0.04316820606816408 0.12526789681841927 0.03366791577554569 0.0005255398441144913 0.03594907610895348 0.01277807821802866 0.12037734048366514 0.21877175606785362 0.15423868473125557 0.025372039818755746 0.15997570024669538 0.19808170078131393 0.1400438484796406 0.1087061171058747 0.11952283925610344 0.08466472479264628 0.07867728895443725 0.05487599845789899 0.1682559168821727 0.32266314719907563 0.2156351041224908 0.04857591181991221 0.32188687540607824 0.19456281053253385 0.37000876431656204 0.1682533747787202 0.1249279649744036 0.1526536088562841 0.06429926050019709 0.017039149781190133 0.13955032034888634 0.1292455944442382 0.014506178333188437 0.03223415775877241 0.010493665200809988 0.0017470933833414182 0.007467098261696542 0.009207586408893674 0.16736411372592777 0.010731813856914723 0.04167825734534052 0.09106731793977144 0.010519554603318042 0.05378316584172105 0.09233558315428997 0.03028394932267421 0.05180032364491615 0.01707606991384267 0.048243108448550724 0.0029120532235674393 0.018179790181058895 0.016797184249173553 0.08412399086122298 0.03544262235982851 0.03710560624323769 0.05958354055961958 0.004150011031929672 0.06583230371399536 0.10927689136499188 0.01589003850757712 0.0417740055322887 0.18610147775367206 0.0643183280904897 0.010383527815597433 0.021540270328101997 0.004835167114758201 0.13878484070089245 0.005091737690982504 0.09463640741293787 0.027840698136244423 0.15874925127047715 0.20316368313130667 0.13508313678441353 0.19421522321129814 0.17055232483805657 0.11456376856083343 0.1424253683538508 0.08390829524863819 0.154727762973959 0.15120130536519708 0.02848373927790119 0.04789792491105126 0.13773436601208197 0.09757983012540906 0.10710104586404182 0.013116149093679233 0.09964298780100314 0.08331062002760804 0.04219628434620126 0.011287741885471936 0.056828079366212654 0.016572298428578047 0.2912840960235743 0.04228851178360043 0.009974731809804573 0.21885363297876115 0.0943324456207229 0.09896182843468622 0.010521677197181792 0.0032731499241349213 0.13390157197181748 0.10887734995139633 0.07666588837583728 0.011347136568617841 0.0925860436386893 0.02468646551616408 0.02044169935367699 0.011143212832635698 0.046820536199686576 0.1790254044901066 0.1709102745153005 0.12296539708496747 0.1479472883481582 0.256242071806986 0.012113399537679972 0.017037234876390445 0.029024827152867503 0.06419008599631774 0.09169727496073139 0.11124311721861752 0.0038151227537560153 0.07562543896797533 0.014410623313173016 0.19396881785879552 0.27296572790065504 0.15930261257533537 0.011177993468882732 0.1210758644637253 0.15130103864411534 0.2601282984067533 0.2836250032048882 0.18062078642281135 0.05061542213674024 0.047657449674479976 0.211658376391115 0.06463305507138706 0.07680432207291764 0.016102578212524154 0.05658864908089736 0.08128756181828192 0.050081423953965865 0.13526202162151732 0.09745733390731832 0.029011748327905748 0.18843893687893765 0.2033640745394105 0.22817311651513963 0.012775429183958598 0.056680390545384395 0.011097468726609633 0.04568903398302997 0.10061862896719206 0.03158625097372802 0.05335406931157882 0.043869124772590626 0.061855382922381665 0.002958849317092498 0.009643083117258748 0.05523947385111346 0.027394015734954376 0.02920432698657621 0.0017745229903840167 0.042528432963840214 0.042588276262346056 0.0020674898572173935 0.0854277639010778 0.10002541426361139 0.0034129356917074285 0.12238173259978621 0.007084277659864898 0.07334444256700887
0.8859954905007996 0.21131055986266684 0.4181350762553146 NaN 0.9288416304853441 0.6172408611601732 0.4121948318535692 0.04958031617302734 0.04213436669871971 0.42423157089942054 0.05736550093636386 0.06300887149400283 0.7951742110483817 0.20581805850038856 0.17210174798212935 0.17866952064423228 0.2668301528185085 0.04115933001958871 0.5627259101333153 0.5103579299589686 0.20575317056429865 0.03492121327807772 0.10268873992423967 0.3695289320631532 0.11338967417011027 0.06395206074741434 0.2666950552020431 0.31730748430152544 0.026095206547367116 0.06538289389877176 0.060240949261188156 0.17954864725667194 0.09810105426446632 0.07899691211254105 0.12315377757249797 0.15243342462762516 0.06885002068498364 0.2418748173940597 0.1053855279270136 0.05759834333409133 0.16804664846174883 0.06966085716467416 0.07803550741166751 0.25259847974533617 0.07950119656749656 0.16453160013865234 0.08076815538814514 0.4245411749298727 0.17252696874119586 0.24817684986765856 0.06125855065481487 0.11051865654295791 0.1570456490814693 0.1127456007875905 0.14293777189928453 0.06723951516331649 0.16517325268192923 0.029393235884058514 0.14470013898388878 0.19950412386957603 0.09159122408995342 0.08693846899879916 0.08050277120871244 0.05337355530541396 0.02340276012526902 0.18609624426080457 0.19868848776274678 0.1160331754004284 0.01256982308711835 0.10409750766984448 0.00824061413982982 0.03147180209537729 0.05034143826468439 0.10213474396388966 0.08947425841740622 0.10620797641021044 0.1800894121564998 0.015408926856848785 0.03720245045296971 0.0817190598643562 0.0825995905412895 0.14586439899365986 0.07077488866785356 0.2591295265856158 0.2673709880077708 0.4520060967110409 0.2348141862493105 0.004208201331626528 0.011208223796729299 0.04533147341003 0.06343064475438698 0.05869775687009534 0.07247778812820778 0.060693442274435336 0.06425686676975503 0.023198533408837554 0.05516280995670449 0.037840751531900606 0.1516108521758646 0.0775292817585247 0.014215241401630328 0.2354375603455278 0.12678817860584268 0.1715219047670435 0.03909206498643851 0.014495604860218121 0.09909125452201106 0.09198023584653502 0.00818003425217446 0.026528277712443767 0.009848029187752879 0.0454972328233497 0.05799613225085338 0.07569760141544837 0.055487504740576545 0.10896789675228603 0.12263164184441842 0.09868459429706157 0.032934903935609834 0.1285192928135993 0.343251747560983 0.07598939792798388 0.008960861379356106 0.1724440481839809 0.16264168609083862 0.013001597708728411 0.08969786854487066 0.010378762492503558 0.03839078380336781 0.1459642973984307 0.08173613164542558 0.05041535498613168 0.006186410134186713 0.04171956196904313 0.10395178497581298 0.031956633458783426 0.0345531578658203 0.013196934061304249 0.09686999219043352 0.2857440389405528 0.13492794696301888 0.13942622529313833 0.01639711652796405 0.011499610966507071 0.03219471433456944 0.16909702396985898 0.1645933455263274 0.13913102423939055 0.12847286265156213 0.07201223823230546 0.04931818638415476 0.227276524504158 0.20937115191817532 0.18740452418402548 0.05305063431946131 0.1923616537372518 0.0437371587650599 0.4070905835632239 0.3339698150034777 0.18552696478950367 0.11241687004880409 0.12106404289736217 0.12407798919541504 0.18324936281090945 0.09515455274195309 0.012597421928107979 0.12780611175901777 0.11248292179921829 0.1598017247291163 0.2270908940305132 0.3142069467742799 0.1051392194664684 0.29135597284117437 0.31393116712577807 0.03907257068253261 0.0802276969370868 0.025676113055327958 0.09802467705623305 0.31651892897297196 0.2226697240256499 0.8720839485926819 0.3718446590211005 0.4703163291750238 0.9391543261833415 0.8923795843607965 0.7261546739664013 0.4190118910080591 0.07644565905049246 0.14896629160717306 0.3422843266124954 0.17771200358739495 0.07426929800526107 0.7716046987647515 0.2241372139395008 0.19468447832930055 0.4041138788781818 0.1730458576512453 0.0924942209360166 0.553793226583468 0.4057531688146016 0.4045432510728123 0.20662460289220067 0.23376543282735135 0.41415142255612536 0.009555356568321727 0.03451321634027986 0.2985520908892412 0.20172941243405557 0.07984433932060818 0.11156408023709107 0.013132045341204159 0.12725262813472116 0.05081612099471415 0.020125160340975164 0.11909422186515027 0.27755331540155753 0.21508507769748017 0.2120942920713733 0.10214714583898352 0.00374637472079929 0.10607074788879806 0.11789366096514932 0.1802507004165815 0.1921023770198688 0.0551137525442325 0.0007317618434626425 0.007404680301521701 0.42154096672468505 0.1404565788202262 0.008300023816430916 0.06583725228311306 0.0818668213071955 0.2125751410464053 0.030520954650906394 0.12839390204817705 0.06554287745192426 0.08665186925948236 0.012642964880859486 0.276716532839498 0.19020084021855876 0.13472758296210433 0.05602113499226759 0.027907005677433414 0.048448907198179306 0.010672032368212016 0.11033221068451103 0.1621716612613703 0.08051399063454405 0.014484655581296179 0.08800928414242976 0.03303995211901509 0.08827642780467336 0.007157874408980843 0.024985925286854286 0.014643379372953808 0.025857403017924965 0.03551249401413519 0.04682971708960721 0.08470447897624615 0.02321276326243055 0.18818429750338012 0.11286856488610919 0.09550657594258953 0.276753536954477 0.19431177093106314 0.36358455959447916 0.08135850457867395 0.16994760609028942 0.23047587676245782 0.078228025851069 0.02772285836564622 0.12796778317214536 0.0045899056790098215 0.0798053243915558 0.17682192375924224 0.05366209172830226 0.18420765163020722 0.13636636798046037 0.05456055546832799 0.06846390229905874 0.026200092958114082 0.19255209151812905 0.2174803318304569 0.18996360475893614 0.1938771346552361 0.05316995482271164 0.2390722497337722 0.1597128730248543 0.06778339185052182 0.12442480266209238 0.1834869166241526 0.07578781084219006 0.020307481107126418 0.006656809232882584 0.08833552737190113 0.022531044035720305 0.0805618251187885 0.003814631969553736 0.0005995498478803681 0.027564392007820418 0.34403208330589746 4.812997864118031e-05 0.028811002840984597 0.1938312331272276 0.17870350542502011 0.057839624706297596 0.039750685106542574 0.009953440751750803 0.06561024814171032 0.12984833089049697 0.01626004807172567 0.08017361816951603 0.11525840303222049 0.012230961963172872 0.020473917224433463 0.008940838525668258 0.02102548213884867 0.10382785604004365 0.007096568100903909 0.11800949055190621 0.016611676832401126 0.25519853168846013 0.12287778892884949 0.026120653401249395 0.027774160862881446 0.01358324657153617 0.11690372761479739 0.1660960142553064 0.05216414064566814 0.014314691490519818 0.10057440944423583 0.008762483911103802 0.13546404490607689 0.1368979752611182 0.05661243001707968 0.28371043973427085 0.12336000834133438 0.311520476182488 0.23426121399277405 0.13602727821845084 0.09177837361660429 0.09569702870754425 0.2328177377345308 0.09128824650489435 0.004287791431204022 0.1292532751786241 0.09793459612476495 0.07281018356340531 0.1819808822754324 0.14141652828410314 0.20937146170543738 0.0499312108290853 0.19905515713652192 0.2570839572355486 0.08141795868606524 0.06193957783137749 0.04338785009887365 0.0979670381827886 0.17480004750085365 0.2189876026791832 0.2106255559510795 0.4219796033133503 0.2425079746520587 0.18432667622120535 0.06851969147855004 0.2576133826141188 0.08770668371377686 0.04651509128466429 0.16480278868656936 0.13559534166599177 0.14919960479304478 0.3504533258514142 0.14745617696211813 0.0732845286068341 0.07104579405805811 0.07900761020344131 0.13503976853488187 0.08988666900855827 0.20680208176156356
0.8208301934863333 0.3745344426454529 0.30758679050527155 0.9288416304853441 NaN 0.7596176964550788 0.48510169961544125 0.09064027175844659 0.09487340918304363 0.37846714805210385 0.12927572843869045 0.024736911162268668 0.7113740266645088 0.16997993910708578 0.08095503557225953 0.14439871789247505 0.29908769305207955 0.1266182727836396 0.5721307574247325 0.6371034910418761 0.3482836693529931 0.18385876087343817 0.2236647782300122 0.25885843566286976 0.13040209562525393 0.05642722553113659 0.2595621634870122 0.35939244077534627 0.005753555064510406 0.08369665464132295 0.056867582635788824 0.17312166288127065 0.1092872982215238 0.08177873639493395 0.09880045469871429 0.15849620658667546 0.001632423235608558 0.20546835206549058 0.10163186813053607 0.043520266561079414 0.14169281352238838 0.11276024378863016 0.057860004159815195 0.18732321001260938 0.15373129643720898 0.19676659815912345 0.09176818029094454 0.499840838029161 0.1653482463889147 0.3175921829023291 0.13143616691701043 0.13538986906916467 0.17914542399267316 0.09983814691075235 0.1501435891833786 0.038281085623146985 0.08497691388243152 0.027510453403577193 0.16011006071818745 0.14017550145088498 0.07641627249981173 0.06119418257036571 0.08583945457669363 0.0188224783996782 0.008832907723852026 0.24847507119293302 0.19361198071108568 0.07655018659430707 0.04735674498702636 0.0768216980734688 0.05848706858252142 0.03420556555438178 0.07005323096961874 0.13690260700171916 0.1054429579403535 0.15956317250852967 0.16261329350036158 0.09274445233176731 0.06904006334839194 0.10063905870956437 0.1126769763115197 0.08930094914819042 0.047490805462131344 0.22988060121917508 0.19467294506004226 0.4361180770566075 0.22850777705222394 0.022047094087117535 0.01677664399893649 0.024218784299457494 0.11643638579413526 0.00863437945702371 0.1029340442347326 0.07869808682867625 0.0822437557925711 0.03162903502773515 0.020109139680285566 0.011088989080778754 0.11959175921709515 0.08168055871111583 0.0213683467475703 0.21589820660620843 0.07422349820373234 0.13656270487341335 0.01294193348770212 0.023987875289014044 0.08591354004676353 0.07157803395726267 0.00010287522258773414 0.029648070785181398 0.022240981918130828 0.06901351074208807 0.03496271173896524 0.0978596308705519 0.02942088597312459 0.08671577677042328 0.13194050363557988 0.09910605019679193 0.029806601295344834 0.0663967558197813 0.2864848027341313 0.10219543200878295 0.04475837804907928 0.145109146633159 0.0766505808959077 0.009102088543949075 0.08861047391410873 0.03990621791945851 0.05633587941134192 0.18508854863710333 0.045705400944421944 0.001029788457615749 0.028622964529136548 0.019933378173721785 0.0926260863525133 0.003021244640296913 0.005341131689437722 0.10069656382558877 0.1585166035484878 0.3741824219539888 0.16970071532279637 0.08082631935979147 0.02986034558420059 0.03478875296331111 0.07832791587362695 0.184506490102037 0.1459287600792796 0.029630245425576063 0.08462366709431106 0.11175473639421929 0.07646725018285216 0.20817466034864437 0.1606985326807165 0.24671442228270218 0.05685090657645826 0.3466985000087213 0.11608532046691744 0.48832972361356297 0.4034611526015215 0.1660260882375737 0.13673171569329043 0.10675867998651896 0.14243956599704818 0.17850949321665932 0.10039634859436247 0.014470228343350199 0.08093966771463053 0.11183314994947462 0.15063321884617306 0.2246154612521222 0.24765779225286091 0.1039209145717033 0.23096508327182225 0.2571576356224479 0.0734055466417309 0.044491229372847704 0.05651372267271528 0.07137724051162218 0.2615144900065914 0.17047640116619975 0.8268334797838766 0.43833379574688397 0.3452084492684446 0.8359287285737957 0.8816938785877294 0.8066963127883537 0.44533966052368734 0.11471695846976242 0.21195947797637066 0.32842876115697023 0.21329807541879464 0.08427767818659206 0.6818348987320373 0.15603810452193315 0.10391934752527833 0.38218991529195423 0.2295597424459136 0.1597637728989426 0.6209503315792263 0.46397345160121406 0.539507695182682 0.3089008290227753 0.31088964314406053 0.3269328761273147 0.034108385127203336 0.01685351650592209 0.2861418384284654 0.1708489379978956 0.035800860658667964 0.10232928290169128 0.019681168221777207 0.13132216598983448 0.011330724671753374 0.044824627161088114 0.13776690332242728 0.278684882100875 0.15264980191489147 0.1306270851273865 0.11199155989917702 0.0258474571989163 0.06458245743389164 0.1598931191243846 0.09174433559657987 0.10388121728880255 0.13860329966866905 0.0891138437369717 0.006862813940727439 0.4377694089392019 0.14824426944231217 0.07209416816196931 0.13163822116922264 0.09599333856227876 0.21463836052680926 0.09740731521532042 0.14640271336235966 0.06043269269670849 0.0789057744900906 0.017876738228940054 0.2062691042502173 0.1484646053770985 0.07036767355432148 0.05524896158026147 0.00961859921877877 0.026869830585016987 0.010827901037034446 0.1400111110212102 0.14789802516342063 0.04145152291988523 0.02330160113030703 0.07121461023547486 0.01588336563282345 0.05795866263797516 0.023714394386413186 0.012942843645166908 0.04455736064907653 0.02625305610084724 0.043907592558219403 0.018057999535636454 0.08695060665855044 6.613215355365362e-05 0.1785488423566738 0.09623838755467841 0.06532006935162815 0.22691764047265775 0.1576055055401021 0.3114021810605315 0.07752022836786789 0.18815757301996186 0.16812972922846037 0.07981754767754072 0.009060739597094025 0.12636035893432418 0.0014535332404866646 0.049845841149215024 0.18162047425267283 0.009524293025565523 0.1337553696310926 0.12270539089150473 0.05189370581298476 0.05898355442292963 0.036221417728467785 0.15585548133988728 0.17252412886380283 0.12195880802434851 0.12874801444574982 0.07036629676075365 0.23551148052928275 0.11594613588880634 0.055949469560110904 0.08442826186303345 0.11258840728282873 0.06499084169482404 0.02443096460333393 0.0011591465404549434 0.08996489206689472 0.013795176749532153 0.022739195361558964 0.05252333050748275 0.006771280595646832 0.017650991233334273 0.27010000691045194 0.008431461032232223 0.034498201325679205 0.13827923536777406 0.10329835297373151 0.0712867333396232 0.00034678444494435826 0.054824979174792884 0.07999803750443212 0.11177856204890146 0.040538285108508376 0.07613180918398177 0.09254030848127495 0.014129595326808528 0.019587512472942863 0.03007157770952344 0.08917692093226377 0.15110590108253472 0.04602028311842971 0.09822845811699277 0.0018200050128378265 0.1985132848197066 0.07572541538622447 0.05065715684412742 0.059037766749715004 0.02507499941828723 0.06900291859948465 0.03537510239181477 0.013860180373399146 0.008990657648272336 0.11466567314368446 0.000388840072801158 0.15061346694860592 0.16160950143473246 0.04294411724180048 0.4172338883798582 0.14785129138598052 0.3812717939002248 0.25693506644617636 0.11916186000165689 0.1286329508223734 0.043654434174938826 0.2371447075469922 0.08110509918680597 0.008749301504261616 0.10664158987255393 0.05710826673323691 0.06786656922139127 0.14154824115168665 0.13445501070213553 0.18464858994417507 0.06414855544811175 0.19000232489493624 0.1740723165094208 0.08650846870663458 0.05535786238692594 0.01541752884412108 0.09727534817331907 0.12820075426038888 0.17458008813788833 0.11136265117525364 0.3419120921258407 0.198326873838234 0.14980567462942554 0.07103075923281399 0.15739980786476954 0.022259639068510573 0.007812926135992642 0.13871345419785408 0.10009542690880861 0.03623612273333622 0.26321636870021203 0.12029895245916178 0.026474474105218856 0.07162347459169231 0.0068168450633168025 0.1307007442806645 0.09745458629704018 0.15740478426557256
0.5369176745999424 0.5847384623338232 0.3411562913620697 0.6172408611601732 0.7596176964550788 NaN 0.7572763092368694 0.3685967053745448 0.3715445197929587 0.24867158006484436 0.4072327195714841 0.13142129757651266 0.4207188844619671 0.05351299211080008 0.14313193218403322 0.15176224868232088 0.42090352365410616 0.45054201795697657 0.6698290677641751 0.8169649622358974 0.6394142532302329 0.5469391473654462 0.5303380423791505 0.04251225667967881 0.16400793380758538 0.05868951734093578 0.23830234838560205 0.43313263317450096 0.11060201231327046 0.2094323025425637 0.085968220555929 0.1041236045905863 0.09633793240667025 0.11164718504551888 0.012821440567054285 0.27677541342394224 0.1005154005855864 0.11067784653217735 0.1582282059026157 0.15972112080644088 0.22632048724198622 0.09908192409087418 0.03749786184892051 0.13856695329083524 0.13934238873738272 0.13420344437530266 0.2706992192200091 0.6459530288979427 0.27042376658522355 0.15552568194326025 0.43952493125453374 0.3294254116338289 0.41815472211729054 0.06735905783709276 0.007680466128937851 0.10524752227068265 0.13068706952439688 0.014488254914120608 0.11317047489069577 0.04125932739876138 0.04694030992658703 0.08496819511952114 0.0033915015301240682 0.06950146298067135 0.029483584025839227 0.303549272039669 0.24197209480851717 0.12898261985056933 0.15493922567613214 0.023679646729540708 0.14760168355101844 0.06552731858965667 0.1802053981245167 0.19359300358683895 0.16344098676999408 0.2906630867859784 0.2543012007321444 0.11239952722940552 0.22491911056270775 0.028697859013557144 0.3332623302312999 0.006796336278746012 0.1730450323631222 0.1730198391489882 0.044997669834198915 0.27497330234497513 0.16829126981780212 0.06836792987292457 0.07071015095727456 0.05453272927216288 0.20619590809271118 0.02362191473120425 0.13876079348813125 0.045197712928401 0.24647324382877056 0.15025271037689733 0.04134217175867458 0.07432381916201314 0.16064239710986905 0.20732435442133998 0.05871050198377937 0.1900694740663045 0.015310424047799354 0.07500776655196115 0.046970184299717846 0.1445016902726195 0.0893955126253174 0.10154611227955244 0.0698819255069716 0.076243763070309 0.06668287880055698 0.063418700554071 0.05719675536317905 0.12952320729953834 0.11454482816840082 0.1409649686052709 0.0912296192361423 0.05627646427813572 0.03380524671237276 0.01835654502805367 0.2898711899305298 0.050317355601138425 0.038172538208588264 0.021137578701834168 0.0994999210824865 0.08803726770667343 0.03222791166097422 0.062444227334977405 0.16572901287389338 0.12412588002420757 0.04738282430705734 0.148321770160992 0.0162047177352851 0.04988030783116862 0.01962891570578164 0.06717497644156471 0.13229598980725182 0.46032139435338687 0.3244601067464029 0.5272271313167151 0.4276718317094326 0.08445714239137952 0.00544110366102699 0.011088082041612166 0.01944359089759342 0.03996040358034392 0.1721555564347833 0.11780870456041889 0.00907234542665656 0.24774752643388492 0.00991796354030813 0.20989089557806828 0.31032672431132946 0.38584087490877284 0.016188746250868396 0.6373562658811102 0.4352075524858505 0.6793357500381827 0.6103340057778741 0.32947065133305425 0.035453597742552405 0.1159282562671025 0.3478634841096899 0.16292568882365263 0.10762072113378252 0.07901802552126212 0.007368558503486768 0.20183762795937032 0.14180419998428964 0.30339097277410076 0.19207698096931655 0.15342308939438526 0.07640459122510984 0.12899749714964845 0.1909194745796927 0.017667205413862835 0.07641602819200614 0.04110858319302715 0.14272557286922916 0.05305164843443202 0.49881002347465775 0.5437588236373413 0.25988369624342467 0.42995781392732113 0.525461532034061 0.8674045776404914 0.6109980108671468 0.3900216611577881 0.5086497181786449 0.4027102940228432 0.34041335152848284 0.18582991578510005 0.3493495478300096 0.01144052632691826 0.16476539809355914 0.3666147554169281 0.3617994390593584 0.4485175065995415 0.6159443887218571 0.6078419313538904 0.7303415650383797 0.5891590559985492 0.49782287322081714 0.06287832143637014 0.10392327053426134 0.07614565210530375 0.1977545878489194 0.0983798207047551 0.08074195916180103 0.14861050804431522 0.08616463295554289 0.016176831397806984 0.020904550795484207 0.008785774000479777 0.10451387360259334 0.34073984383948636 0.13933533421330668 0.0008270512029947473 0.1720501177441245 0.2381884993446548 0.07377516393708963 0.1490290238729425 0.11086287281159572 0.05039629022362173 0.15344439352539987 0.04680713504709208 0.2237694316011734 0.47868076257662956 0.22609824128387146 0.045547775638264246 0.41880210274151775 0.26590431564573225 0.4509830272971542 0.25790421231384664 0.06378565727485411 0.17280132365112144 0.10284906832310263 0.03649412905243373 0.1452388058351606 0.16067838272130955 0.03820768656067299 0.04063095338712082 0.05741283062968945 0.11994169168574785 0.06279286796562787 0.08527701408302542 0.15915822256862647 0.06435947351348756 0.06745826995888639 0.08893287305306997 0.03405147903540569 0.025286887101487465 0.12962677638362488 0.023435082675769842 0.13393217012170128 0.06990533310697807 0.06479998270064101 0.010084013449172154 0.04275678318354203 0.04221220377879559 0.24912656491749796 0.05578155204256368 0.07539071902938281 0.18522945380735936 0.023561347103010628 0.09521406414645502 0.08062261620725965 0.16189491097124634 0.08174975865997502 0.17146576294703225 0.03447615793906389 0.04384852413613725 0.013755001310477919 0.05095539807346662 0.2454837058984993 0.1169433753892474 0.087716514819189 0.10443779918500246 0.09733432892078388 0.18423179171944057 0.11779096418076884 0.16987090228909807 0.09700247601258448 0.02348755438803526 0.10256536715833492 0.14371747568138585 0.21404762505562921 0.161113148102951 0.04685285121503347 0.08833408242641709 0.13313122086643683 0.08219136149039243 0.07955070598083759 0.00855718163242328 0.06636446131770281 0.11656940973019199 0.09373136642500364 0.12915504767188224 0.04662288780059977 0.04065623996321512 0.3187604588583458 0.038544552068859934 0.017248678932970097 0.1732863909028796 0.09581270439699298 0.10932995855640404 0.07387534238302448 0.13722203227579058 0.1966364336342337 0.05042871181768946 0.0015563453672639911 0.04665507304591346 0.012078582072684705 0.058113305824603376 0.12051322104894034 0.15299027617414854 0.08607156655151219 0.42552579373347343 0.2371817102517048 0.1583219856116463 0.1679693467676185 0.2457260165837855 0.03394381983876868 0.14979441481580916 0.02805089221690717 0.1870564651295962 0.07941894042350965 0.1843061371601251 0.21291454598493972 0.06655817290677364 0.06765620395529948 0.06528594542593141 0.34102162262286106 0.2579997536130547 0.0027289779238117992 0.5002012239623934 0.36550232704110847 0.5642400537150821 0.37322336803803524 0.1833483300875515 0.07113024003080305 0.019209874890068413 0.4450821116785812 0.10263344141852668 0.04273635272065986 0.01631626182435232 0.029483097780731302 0.10862442515420684 0.1177413905315793 0.23086241851826014 0.07681846737816035 0.11414125977742313 0.13460862403720142 0.06393179406580461 0.05695785098997087 0.040296543866720595 0.048544809459403454 0.0876909827080438 0.04714529363500971 0.0316792146097644 0.12934410997651172 0.11656977644336353 0.10176384924777832 0.06289263255077106 0.017011586716452587 0.007244659863016752 0.11359448831084851 0.0607333040061797 0.09808242936321056 0.006572552450431563 0.2091436380764661 0.0743820417249321 0.02898026536563927 0.1384460424988938 0.04181130120489347 0.11745034210509787 0.0794899537679277 0.009314750581624584 0.046447653267851594
0.2947672546505232 0.45844242139574765 0.27146162862008305 0.4121948318535692 0.48510169961544125 0.7572763092368694 NaN 0.3949096501572472 0.33299624644648873 0.08139258086105514 0.40592247841288503 0.23921338155989516 0.2762127069970349 0.017340580036835418 0.20470935995604012 0.15805190911724828 0.36487188302149676 0.506644358669299 0.5079770905877881 0.6122584345784488 0.45895589273167503 0.5082223160366061 0.47699832895167493 0.05150238977922414 0.08704247533029366 0.08923863823554126 0.08669170353394087 0.3470329045761826 0.04609280214662342 0.17773047020473381 0.12342188782208752 0.07338937520364049 0.003395607798799308 0.0951580859017139 0.05180930403153058 0.2296134838063046 0.0830851330468253 0.01800908748667186 0.14245040658043306 0.2352928366100577 0.1937272367526252 0.062368234507462476 0.0003925266870067998 0.010134730716645227 0.1329854748659491 0.13019853904086878 0.29042268023496337 0.5282246000973481 0.19669453921382565 0.007095210287385191 0.457360919829669 0.3662768614487499 0.3484284344590027 0.15291871987622258 0.08324181711697187 0.16613739152976845 0.14374880260350315 0.016344676568995763 0.045147561760872035 0.025116914508041682 0.04995840549676248 0.09497903996640258 0.01568821990260127 0.06233175533112113 0.1083532582078198 0.23812299784766008 0.1949461205317755 0.19824113895955475 0.2450068793042078 0.12975483454003078 0.18370426717048646 0.07578766862271 0.20592112769738863 0.18601315778287447 0.24712954785600177 0.3176831312584599 0.19131835506044378 0.07540911172024653 0.21152881591862147 0.04739674919695554 0.3369675879951596 0.015879978664706706 0.1589124573682047 0.03266644668145969 0.042583161113353356 0.144093898821748 0.17614223726269773 0.012974302208953058 0.1302367359608455 0.05381231653726733 0.11711273771461164 0.040730099238005565 0.10451801191457373 0.041454538858802875 0.20365512752514936 0.17928641805259024 0.01916017248852489 0.07717882235339982 0.1181734751340024 0.17941643152954095 0.02707880328798542 0.12969211360533822 0.06024374793177809 0.036889306575926255 0.10530057407243879 0.18762200515583685 0.09653484608557823 0.05637501097230438 0.09495728369894849 0.10490888437111129 0.12269472307144945 0.07847309635842492 0.0566093892492082 0.06681970940496784 0.12595716763956605 0.24260736405418895 0.1591064686175043 0.013796229631118737 0.01483433045519759 0.01854417056966991 0.25360375154593734 0.05306417780569479 0.054659005457020876 0.04350456926275283 0.194306585533932 0.09192257625419094 0.0026130082732513738 0.17245875704111785 0.24143675437627649 0.05171440202541376 0.05227834732835506 0.20880798350951543 0.003827790313575312 0.047677625041688265 0.04276573224316275 0.10862481546132163 0.14756536998101052 0.4944280811431622 0.32393878853656344 0.3656066447394592 0.3632415637510094 0.05782028575911324 0.02208802129185983 0.027289944949476713 0.012671781039918208 0.015400271637222209 0.10346723121832302 0.13954224095076678 0.059441848633482286 0.2679101930841728 0.04484066815198201 0.10166827955100692 0.2597138963141537 0.4219127100240199 0.029753585821972125 0.4968591915140543 0.44552457166535475 0.6063927236058192 0.5351565339852593 0.3056147339346236 0.039102586713500705 0.11626759797756586 0.40551544400721573 0.194907592005369 0.1164296155352351 0.09167375319518012 0.0417894632978666 0.12734355203421785 0.09023638642127488 0.23547844864555256 0.10184332152369152 0.109964008545631 0.0173290250489419 0.00800513543525611 0.17076338985104142 0.1398687744007911 0.06292181473623337 0.024398430462678696 0.02431100029891793 0.04046706458017415 0.2559645882113495 0.4087770494632421 0.2491022215243854 0.23884956903590562 0.3180615639865651 0.6234925010884039 0.5581032874488472 0.38435126875959214 0.457813398911234 0.29190353668829194 0.27454005472286025 0.2611020277123509 0.24039213729884362 0.071619178136572 0.2829473962926924 0.31554043938602133 0.32171589312827903 0.5025556338654149 0.4405874294625866 0.5025797047005611 0.5457291484531339 0.5620336147608485 0.4085236906153595 0.04744840715384289 0.007280946399519929 0.009419302353076944 0.10513675647306282 0.012903905841443908 0.023290227299690998 0.08600872501943513 0.04676068313918989 0.0389516823931205 0.01960089307706494 0.03834105229491579 0.1107226914595437 0.25710944851107576 0.07648142190564326 0.06288685712702335 0.17243053282714257 0.2877744632520067 0.04298351570303455 0.08606589303200407 0.09465138465466943 0.038591695374330666 0.12046072428290305 0.048744047314969285 0.31483705566043346 0.35353049675772064 0.13988621898796777 0.005672114219094613 0.3756737026261003 0.2951857263906379 0.39477154442828966 0.24753492263884277 0.11449523991727044 0.15760568266880148 0.12047213827668508 0.03825063279877546 0.04750548861924655 0.09733802965736046 0.01568534535825519 0.01479727095552578 0.059060978244063006 0.10920989804808254 0.03176851705129023 0.060943257309660145 0.1491453134943958 0.11150605624931643 0.025240757232807404 0.002645671019885096 0.11162996553614976 0.10879018686945545 0.16848368281309178 0.04251220034579598 0.22083736372969523 0.0036970626204317885 0.062644385565077 0.008425484940228772 0.03763101292672641 0.033675489572431994 0.24193855348847684 0.040881827537724076 0.10214028744733103 0.08382050760940102 0.05545060935078682 0.023322747441813105 0.10084961011824593 0.13724452181130706 0.017768075426027825 0.17084451066008433 0.03819323018269693 0.018023890824866426 0.03331981132243787 0.030767873448901136 0.1788568483279405 0.1275262035878304 0.046218000406909966 0.018465149256407236 0.054318303600685874 0.16990565597086227 0.053001521101465554 0.13398744561497686 0.011714243230606564 0.028863862943591383 0.014717130593086854 0.1257920514973111 0.14477184588648195 0.09681916079173637 0.015333051619283696 0.10545067690827113 0.14528780269073557 0.09318432911581304 0.06999885439641293 0.08596670952662537 0.05909926813235756 0.2072956678440153 0.1328310845815043 0.14800733294735355 0.06212291273172256 0.07742692542718521 0.22964217562943665 0.06024584346459459 0.03587396482928389 0.12310163093578046 0.19655873924187756 0.051390518766438194 0.06102260837520671 0.23547806414391229 0.2773110656752473 0.11015759796515462 0.041316605931116544 0.019102449020931573 0.03326029758065545 0.07010884047129597 0.15940272555392188 0.21923097908199715 0.053853752560555156 0.41393895355559995 0.29791821135401103 0.17246200337764883 0.15973051682815922 0.1940590870685838 0.11419321502996609 0.12905085537202723 0.020938247573005678 0.09364984171334519 0.08132635609844145 0.16112931667704564 0.21305780144099176 0.14731753107362172 0.008001650327865555 0.12564845028617946 0.3304015415223979 0.24864963948243982 0.017614266370224785 0.38363125334541215 0.3099225476092299 0.4815080842612088 0.3213697267583577 0.23074808343179004 0.09857711687406913 0.028236745696016856 0.4628886814463611 0.11582085654101715 0.061305874590908804 0.0452360930397105 0.054035866004116924 0.1410292588133123 0.07716623986443688 0.21614674520851423 0.002998774859328898 0.038891076817236615 0.09277128070453709 0.01716383440287074 0.14747420585915305 0.06087789809374451 0.02502921214388524 0.06035257342984799 0.052110145969733956 0.003207518628817761 0.2273640960527014 0.01730397999920026 0.06747529360178006 0.0429657401343857 0.013377870808356689 0.04641902286242469 0.19109667382130544 0.11133253826367662 0.11401179827417178 0.08791370377158336 0.2651381112451468 0.051834304859585525 0.04484974357364771 0.18510719600825767 0.01900268778628544 0.1200664574784251 0.011862285665834828 0.009515231700978144 0.01671427068955067
0.11709273110729768 0.42460450631687585 0.3183994274412833 0.04958031617302734 0.09064027175844659 0.3685967053745448 0.3949096501572472 NaN 0.6983801909243426 0.05506565584192027 0.4362262203650372 0.4306696553599353 0.008401706455287187 0.10939962213511623 0.31792024957997295 0.0938787065209816 0.27982545360116406 0.46830886403056454 0.17189266859835123 0.3392925797509766 0.45653294169462527 0.5254581792572638 0.4736995848913882 0.22794032825320548 0.043811598012565976 0.13152477163991844 0.04022855886303078 0.19727203196503773 0.02062164780086249 0.2620254245538495 0.11632858473015081 0.02041695283451589 0.013483829460380223 0.1973468988085674 0.04971213865413925 0.40000931587169575 0.10811726168716759 0.11165314986365199 0.3601716707405664 0.5626454864550238 0.35882418364238255 0.0457894898010753 0.03802965913023066 0.019602219517422855 0.1721710936934472 0.013281015846241603 0.48728620230130615 0.3456320012661723 0.2462502336218045 0.25566818343449216 0.7603250382250936 0.5167521615129566 0.7384126207866426 0.5222444665272797 0.387082599735395 0.4004377759802222 0.14079577720212885 0.033753029237522665 0.10318757386525981 0.15921977380321464 0.05445077700820235 0.020485031756015966 0.10270339470120246 0.023283957179835644 0.047514876890647734 0.26850416730511384 0.30614197336081744 0.29316108089301945 0.14858066135941103 0.16650954404339519 0.24116763171369407 0.13681159907330998 0.3058425847196747 0.1805489237504283 0.30289738714027187 0.3124955306727574 0.22157862549806945 0.004680914402267942 0.3119078693841876 0.2533271594450864 0.40620595526362335 0.08264763310939943 0.2982864542393949 0.03976523946578668 0.17688749690291594 0.14005391819526078 0.05376279849432574 0.05587083428997362 0.17509482327330275 0.11839230106669472 0.15217775165602296 0.04553736005509439 0.07366313723190743 0.008056594991760592 0.26652074772292383 0.23438646644728356 0.12462168760978101 0.16022009717217597 0.1379809248127836 0.3407100248563707 0.1727574186971847 0.12707918088028358 0.08288599128363595 0.030212423724319152 0.10337727387316677 0.26474025463290707 0.02357184406739282 0.06708555777948341 0.11189929972848296 0.15939267887148523 0.02927795517259473 0.0008286816415791379 0.08777479373942954 0.06553655588274444 0.25736426158228864 0.43958062384694246 0.3505060565387863 0.08470343549728611 0.013935452193997437 0.11706854245331323 0.09111686413463266 0.02542536190607941 0.04668629986384091 0.0986100094004868 0.271686090947431 0.03200435468741695 0.025267101171118824 0.08889318009023767 0.33910694585392265 0.10631082545101887 0.023544089030169895 0.29969342921716796 0.2552733132368462 0.0501845810760905 0.008089107166133105 0.13791108724422776 0.3416439991255991 0.5639059711812399 0.326192943200753 0.28062084287232864 0.303279429461975 0.011253074644560055 0.10519326431099776 0.10603793915762455 0.21482654175188745 0.03747285248599756 0.04004209783384109 0.3015230039462892 0.00927962889771148 0.4094878350264446 0.1793372674273581 0.09992793364057236 0.15683960287320198 0.15445008609084857 0.06370501763620302 0.49986593492188175 0.5124137718916795 0.38538718917333564 0.3768712744933246 0.24800735917598493 0.08485068246357584 0.18091739397151962 0.3006457903941518 0.14902158578300806 0.09165998527607279 0.1011767444376804 0.16845065954921212 0.21441636647433868 0.07213406658918566 0.18946443810721722 0.03125413385237381 0.07800690214321745 0.05154696012157427 0.10827973728231166 0.19392417037410553 0.1810970783414816 0.004456208860570206 0.04495070073470938 0.16772682460194996 0.17437564652245738 0.11703206823519192 0.33645786735503025 0.1995301576945705 0.11564472943230278 0.02229429814005474 0.21016947931665372 0.28296366061922434 0.7564664866800912 0.7656980231558603 0.1206111900032943 0.29681483085651883 0.3830844937754124 0.05050023879919161 0.18692304557815714 0.42349862887469486 0.18146000115192445 0.2367303643455553 0.48606888378147767 0.15774669527176283 0.309547831982746 0.3759215287658237 0.4317503708964518 0.4298598999356492 0.19790774504702555 0.022812548352819505 0.09514295083920483 0.005109420058235106 0.16848781399933083 0.05693696025631048 0.21268202609547102 0.03787087813053487 0.04607563649447409 0.0817696544387538 0.14881703400945312 0.23378248313000988 0.3782528368474528 0.1290304305113793 0.18347599264603526 0.3107724105868933 0.5692847483125453 0.1839950996469844 0.007457489942777134 0.18601605955262743 0.04398885456615359 0.14489749619635225 0.005056066622509484 0.44071188601610833 0.19391968791925107 0.29281967352750815 0.07495949207062609 0.6750128826684475 0.443782418642357 0.6397617988493309 0.4716892360871851 0.3927748905920121 0.3494373222533795 0.15467295992009678 0.01746921078949895 0.07624929060535673 0.09956529469794848 0.011654963169853844 0.031123668665925214 0.16923125590355323 0.05114901504032132 0.05387587681048144 0.1039295521823292 0.22438789154719624 0.22518377198575854 0.011225859337481733 0.012395691005699552 0.26451007131268284 0.2588557328456396 0.20261958427816107 0.10403973869569419 0.35676698355073916 0.05293998706476084 0.1330959065722441 0.07903712421505642 0.005659967895069947 0.10357420848884831 0.23672288396777516 0.04519030879225334 0.18696970400123875 0.014601644578875375 0.15579525672243685 0.10512971623169402 0.24363632275497615 0.012688385493049863 0.1188929297145175 0.26327158435915426 0.0378030472260198 0.14796176022056276 0.02377987692813722 0.033681857602650564 0.10052504854906082 0.16457238931211407 0.0791915911836288 0.029006741167218405 0.10760096616559858 0.25693639710372995 0.14737440608704105 0.09419287645704821 0.0654602785112436 0.052904654617090624 0.024233609409460774 0.07174089177544363 0.01321077794360495 0.13661281418591814 0.07562067789175607 0.06326108177043344 0.007172770737685834 0.047042138171285844 0.0852555254596461 0.08022268375310782 0.10258867876144934 0.3676722042384225 0.17300235206482467 0.11222996323574724 0.0413076564253828 0.10422706305629331 0.17906834291628002 0.01439767318156761 0.10922793591552685 0.07792196595027463 0.3505777490278761 0.03832092045408476 0.05543573600736564 0.1489896329265666 0.3504828605703064 0.1021695124544048 0.027150718024383756 0.06823723055643044 0.14014723905320892 0.023138271644463592 0.15409051706525523 0.2434009341986751 0.038117234947287575 0.4956087653170207 0.3364543116971606 0.15315445664682883 0.20843297522687396 0.0696361663586338 0.1958706586181521 0.10772107789320637 0.05896962964447 0.052879089647490045 0.017557792447298205 0.3153984530354678 0.17104017595483514 0.256635034790304 0.15437916207471467 0.17431534816089797 0.28877769129700376 0.20647043347363322 0.052721602284243343 0.2876389628618885 0.3457643068191225 0.3629581466743103 0.25230024238826415 0.10331499281189231 0.11872340757614191 0.01243058284245248 0.29545289213226383 0.09879403927580907 0.1104287371050165 0.01134019917362152 0.12745510269458918 0.12148322308367765 0.01731728927460916 0.2210012133536823 0.05116985508034383 0.07226295445951336 0.0740861447909856 0.030587643113679983 0.2964542779147309 0.06150586390839139 0.005275143848054635 0.042414006353065026 0.0378406022921713 0.11332666458076791 0.08920574184661832 0.0289337571974729 0.016925193350512648 0.005397043613648393 0.05105048814396622 0.11629098089311717 0.2777681897020029 0.17501508476817998 0.05591160944937416 0.08374141770394788 0.07721926566625888 0.014670878905521418 0.06718887400786838 0.1785825896450478 0.004777976737860482 0.26247157722043607 0.0505059004096632 0.06773933389418921 0.006395550342541531
0.06373929213908551 0.45639845925582107 0.31618468928961035 0.04213436669871971 0.09487340918304363 0.3715445197929587 0.33299624644648873 0.6983801909243426 NaN 0.018101358774255543 0.2622910366572464 0.2150053694800921 0.0013890974686099336 0.04203394748936383 0.2748786285103434 0.09994035842392618 0.16175943688879107 0.32688888248060877 0.18676796396767506 0.25255952714186936 0.45620239238707794 0.3444830525493308 0.46462406354426194 0.16590550908271395 0.05165291178530918 0.045628165159567365 0.07123634185124646 0.1459217696061305 0.0955988953052134 0.20229594074044005 0.1826627296235051 0.02257375528840114 0.08175679140932918 0.11194201792013066 0.04525391166200824 0.32029188277050685 0.25888233114884224 0.0731474335222821 0.40384920966807164 0.44605398238636673 0.3184825946167228 0.10019393646807306 0.0893536287371929 0.09280081363863392 0.143509049423189 0.06465283160165591 0.41197806959379346 0.311511428111319 0.1919220422273831 0.09968190907534692 0.7260180330800002 0.49914435951795344 0.780517076706853 0.41696960245757364 0.32178230977532213 0.34516414018770275 0.09094078602066512 0.03255291087642632 0.006150561177997319 0.04174379779936853 0.0046199170150103405 0.010694774204137183 0.002526795280590009 0.09889664081753992 0.04668985669355347 0.2610459750792145 0.1626089835486226 0.18468098218095552 0.04680867069213929 0.02275769976597118 0.04537193004727986 0.0008106058455847694 0.24850612562711094 0.0274315358573564 0.03020758873830733 0.1938369670783484 0.24250841916671173 0.041288904626718324 0.2164243293743123 0.15711229312624436 0.22653457976313127 0.12886772837947727 0.27496116629610723 0.08368553712631126 0.12727262473176884 0.23288558821872363 0.0478638813192949 0.07719996282676261 0.169588314540573 0.18345076344066752 0.1444108723273157 0.057486950061097365 0.06316975441315652 0.14752317395334344 0.17320634207025667 0.20212431786612195 0.21389474757946808 0.02893607154620426 0.252650458514895 0.4101875347795499 0.2469689574388372 0.2405691311336163 0.02597949384725778 0.16807735540784058 0.036422765841078036 0.261414254439685 0.019256394571710564 0.08696312745986928 0.09999219349028599 0.10217326664237564 0.010213390469657604 0.045571076921204136 0.07740297759427364 0.11965565771016087 0.30830162069290296 0.3674361854566004 0.3095228364769026 0.04903586197303018 0.02874134421301357 0.1003541723813466 0.13154899550554142 0.023942989160824397 0.05057030299801166 0.029078218010284783 0.04508819916288327 0.0715157670951842 0.027133229956700238 0.03561931148128988 0.11629696715203024 0.008154373749446128 0.08369198325074324 0.2040524095412089 0.20916005640188243 0.034471164107669754 0.019005283494664776 0.040799204948805144 0.24097281213951818 0.35752436849257924 0.18595284814785862 0.3581977768103145 0.2977390101643617 0.04412395011796333 0.0856140389168405 0.1927844131960993 0.21139170212892702 0.019905488644399606 0.1855539077865012 0.297795488045725 0.04515736245705243 0.21718593152921536 0.15571386449798424 0.05081813310270687 0.23568732077201335 0.13047009916237234 0.010902630997815924 0.4794138494721028 0.4130454880063989 0.24182593513854497 0.32550515693904697 0.27699575630121026 0.05152183498636318 0.15114984130583994 0.20694504323795324 0.02530379563520208 0.08172138021785666 0.15165723363280298 0.08158145723215067 0.2645623756584475 0.035860184677982854 0.19744208222327922 0.028771193458918647 0.11230652431296674 0.05041183883599808 0.01387889584598737 0.21898664568191156 0.05667716775911903 0.044096145923170876 0.049395033121891974 0.11695998216882737 0.1378325076645668 0.06285776828696212 0.3777546560702271 0.17506125069626433 0.14081219370301473 0.056098155856076914 0.14719390341711627 0.1712076928827266 0.699301378608947 0.7973410584926987 0.12866091115434491 0.2019695225408639 0.17842385378984058 0.019007324966313167 0.11325355107335842 0.31703497395897 0.12433477003202771 0.11771540791951919 0.26428340757887203 0.15759190077481455 0.12925933941483936 0.3667005664688809 0.2794889370213292 0.4418841046293708 0.1456339426680601 0.07649828690209255 0.08478029539295293 0.011220463571129448 0.15024207275744356 0.11973028967190552 0.20302726515426323 0.1268203197184865 0.06864488599166506 0.07377439678643999 0.07904028728757614 0.13037080460409642 0.33838753858942683 0.11570253736909038 0.15232168305934524 0.2820169869840192 0.4286954677605584 0.16656951665676528 0.07542071181130812 0.059323444984840816 0.014305302312685035 0.06976221214370107 0.028162430723410247 0.3345799334104631 0.21077547208094663 0.25855771387702353 0.00219832232783477 0.6744686597083135 0.47189082370892144 0.6713867424349425 0.4051339381484936 0.3404980373295193 0.3118220538845123 0.1322621473170937 0.05571106042004651 0.010973001146441326 0.1515611978151064 0.09591728761510147 0.04416956200432511 0.12134358907622424 0.15093606912714266 0.05406893744281634 0.045145552861477575 0.17932490287218705 0.1606289140735726 0.1728555211718549 0.10815793073503137 0.15853441591548398 0.1548357078917914 0.18509790638886287 0.03534953168825923 0.11591822755781135 0.05180623318728225 0.14423976763862786 0.06371284475776993 0.038427104096986846 0.018398661406625348 0.13790496904558489 0.06683969952983645 0.1180106837909614 0.02094096967095043 0.0914430949260901 0.14638979440882946 0.16297667695950452 0.04262579167542464 0.10008618346383918 0.298381927388509 0.14932748206033042 0.07711286333727256 0.00017107468316631175 0.10742580799234852 0.017702631886333194 0.12031047777247263 0.07047674331928026 0.025518250081610704 0.2764737608726658 0.31103748192932695 0.21858889691475816 0.2577287525777756 0.010549238912498827 0.05351720753247486 0.18166839469602444 0.14588642515550992 0.006495841016828222 0.17545549244047 0.07336324563752254 0.05462099790178577 0.023476046452974773 0.029796169217592317 0.16310128353968786 0.0285989957848945 0.1270843637647795 0.20937149400789148 0.11933714566254953 0.07384396439985959 0.05688666517823891 0.08840341429323266 0.16787962300004666 0.09247297315296456 0.03631925499534726 0.11802603155018221 0.20786305196117608 0.016997353699517798 0.02946380871054155 0.013793746384473064 0.1850376522753279 0.015608833678896606 0.11842225813914087 0.023605293418078672 0.14694551149477494 0.0986423715985669 0.04469261953153255 0.14748338617094267 0.09143756382437082 0.30095635899653467 0.22936679197712453 0.033632844629289886 0.15969115971582737 0.054230237848950626 0.1961392664480639 0.05070015275672045 0.09115966757865346 0.1376956224632775 0.17549733796942252 0.3819642588319662 0.18997886113464008 0.08577536044840797 0.1548763034433223 0.00755502233023683 0.27765019564273596 0.21045769583342525 0.0991252193335846 0.2987840032883572 0.2728791028974804 0.21947018117541367 0.1376708184692096 0.08284917581927564 0.0769859153697127 0.01736331486707395 0.13640672819797664 0.08736834631910417 0.1399303393005993 0.09855410187411498 0.04469502375607892 0.1796385663298108 0.05251430963220787 0.20554477723980935 0.030800267308205825 0.19622481924024046 0.11483245367829917 0.06045557576656306 0.23544064056020034 0.02387731467979631 0.07682919072198822 0.051905177408441645 0.011963422258607718 0.07699887281099088 0.19979862359133999 0.04852153071724205 0.09499920933537935 0.07082383695686761 0.060448867020470066 0.13454098963624658 0.17353435217566476 0.044920382518602725 0.00940278105455408 0.08434470320018436 0.19632189248040668 0.016327390338244815 0.15293977202185707 0.29324535687451087 0.01123466433991815 0.2164139304779371 0.04155332702815033 0.047496329938217514 0.010350573483211636
0.4855278771595147 0.10190452488363817 0.1829677614980255 0.42423157089942054 0.37846714805210385 0.24867158006484436 0.08139258086105514 0.05506565584192027 0.018101358774255543 NaN 0.11511342111341467 0.12082917781072483 0.3346951799512941 0.322291979519791 0.3765971376100807 0.04536242318604616 0.03659283955674771 0.11223964381970747 0.26181315003864514 0.1898759793304521 0.14946558133216362 0.06799590935170238 0.04028413071494498 0.29963462659450724 0.1690878137769883 0.07775654209888834 0.29980701132560983 0.21618522163305734 0.18363349866148498 0.02327618307046668 0.0997459637098079 0.050680480107048204 0.16651921139275355 0.04762097035604599 0.11882152014411754 0.03971146623901112 0.16695333627543263 0.32658711465968115 0.03672969994431785 0.08232241281982727 0.10628588124910156 0.01341233941495584 0.1734524218268627 0.40191632289297907 0.15015315395652779 0.07685272333238664 0.06126980252964237 0.24522453579957476 0.09299648527813266 0.07322092301568198 0.07250151115285539 0.011477427257098672 0.06076753799526144 0.09980813270151458 0.08461845252205964 0.05462012577964347 0.109613379464606 0.04804943030229754 0.2137587624626203 0.2765606460355328 0.021230330601614902 0.0746336969898547 0.08599526102210699 0.02269559101902766 0.0021313290459954084 0.10132723464022884 0.027146011410374427 0.1292605379509469 0.21442917512005363 0.2927968910456431 0.21814641522109393 0.202747991791941 0.05459719810478239 0.07512275300987976 0.18867983359071064 0.16930116649198956 0.09829732016982098 0.15787087904240568 0.1826941178380692 0.04061813211176814 0.05441253394338323 0.2641966368742377 0.15956375296457215 0.3360386193879431 0.26897494041661973 0.3106428867013437 0.12794489852995836 0.01359566277619627 0.042689545336919335 0.036484779560468285 0.05726810709267074 0.06345361263862928 0.05599835948056064 0.14255244760680036 0.16649742783239865 0.20609161892021952 0.18210223618011498 0.0243105752064561 0.16171229555370586 0.04806382401319688 0.020979429766287166 0.2185456727483794 0.1792621744486686 0.1699687215470844 0.19708484985400995 0.027876400431158913 0.1002965817673473 0.20086174243730115 0.01727125068034088 0.026164938668141322 0.0760059943317828 0.051107338678134495 0.07262642585378704 0.11322628956289213 0.09678081734302725 0.12981363773953913 0.013769283967739783 0.08030059766421184 0.007058297257182038 0.15597955599191712 0.19904898328483145 0.06298840837817861 0.06906453085244088 0.10405709595866205 0.15468245375337147 0.08468463323441036 0.08707795663195816 0.08114180010934492 0.12515008162190816 0.111560902946224 0.22673158691678702 0.25252594712591264 0.019163784328706728 0.044574007762771956 0.1525622667973095 0.03779723378696706 0.16353602589115787 0.15775000338579934 0.043748930096357434 0.36396584562246775 0.09809140421128877 0.1687627301090932 0.28440979903380487 0.10989969765361382 0.08948334032328989 0.004100984440798792 0.26880646521384477 0.39363172281458475 0.22075187278836206 0.10579794104337546 0.005653798734629461 0.11001403944810359 0.089245035666417 0.018174141672554853 0.03426767347965263 0.10439920490233083 0.02357422073010029 0.06153988736522999 0.07131721910550691 0.04012647209819431 0.19452599476672688 0.015371203149608506 0.028241333592310076 0.00654906748918865 0.006851100986608151 0.06845901704852417 0.17184763093202501 0.06942353559242197 0.19646532426344557 0.24170411959344837 0.20147672285652662 0.1027604517931115 0.22282071963049682 0.3261271518640956 0.09680484249630672 0.1687144027890951 0.06554533845160006 0.0922576997156899 0.28766629228274404 0.22459830724090474 0.4839156477067897 0.23703333118578507 0.2157689582834969 0.4447445414081839 0.39433577763899325 0.32523316591405554 0.16680502760574395 0.04204020441365028 0.03529195720722028 0.40700664043243673 0.19598482796211136 0.15400067637005668 0.3534465369755831 0.323306870038172 0.3921941447001864 0.17785016448573404 0.0016525510894786688 0.08547146642596012 0.328149836379969 0.08768205543772153 0.1858610701289611 0.014553969773259302 0.08227766937332585 0.32693170602360255 0.12829461503224374 0.22577302731797766 0.26640777597007614 0.3162781121116719 0.19556811528496854 0.08585650411621736 0.11363189629245649 0.040382725781755786 0.04364514081329993 0.05540912931842134 0.07722556866645655 0.19620620838871985 0.2369523086449923 0.3741832926413835 0.0385113180776925 0.03142186569222869 0.10359241143841147 0.06621122754768226 0.22052287781205707 0.25481326787209035 0.18810709723519717 0.19951247378525133 0.13074446081616964 0.2643396815918587 0.09022559085825352 0.133451153027061 0.04726345971730701 0.03643776317832451 0.1496140130900787 0.021546714627358694 0.03048780219427477 0.048760098535645245 0.08517601461518366 0.07256631574746282 0.35255169423143734 0.2685086927349603 0.04826470948076829 0.05289751218767847 0.0637475349718029 0.01203660073218025 0.02913085929540185 0.05166803317977042 0.10675898618259161 0.1535767267745306 0.24700346028061318 0.3014536696458473 0.28092486642651504 0.2536791584316248 0.023638192170763593 0.1478023385362695 0.21957825022182584 0.31740807942881066 0.06582266431677354 0.1401251852505914 0.013227068447092406 0.04172101500257408 0.12325933143947121 0.19151130700637398 0.08047380140232527 0.40163959387535353 0.2935053113242463 0.3317453141288122 0.042314022775274476 0.005109119489633979 0.20400433550137856 0.059997269744906226 0.041206797011072986 0.1433753794064235 0.010067678499191879 0.030566689465983354 0.1642041165642177 0.15960503645131358 0.17628764944232897 0.1983366604594481 0.13524549689551474 0.026689408831147433 0.05529173365656132 0.16569611211583443 0.18856314865844623 0.25305169372211334 0.2757575822483856 0.05839926796654396 0.19080647450162402 0.19554341093976105 0.053868722230070366 0.019101633340683127 0.14365121539707157 0.03901306254979827 0.04166584563097623 0.12806678083692216 0.06631811699247228 0.011337758256435852 0.13624183516581714 0.10211384230912146 0.04549147227388361 0.06864934259596733 0.1310693012729223 0.010402205384683456 0.07120450902438206 0.23484226729455893 0.20638694010677072 0.007341756478507349 0.01695518453235328 0.13313853017813543 0.15093471644556167 0.1016977820259285 0.08746939603629153 0.248375059284107 0.0015930319994327028 0.04839524826153675 0.008579395417846239 0.04480266300010633 0.2911258174388269 0.0019823082847136185 0.007543541963301577 0.17379570854026413 0.015331960363703365 0.21578212002104716 0.3248706806322991 0.16569817456667987 0.09072774552008324 0.2239518462283287 0.22779336573415335 0.3471079279694743 0.08492083576804786 0.2875478296544403 0.12543765180272903 0.024034870373881585 0.031280284848227126 0.01896111640959542 0.07236202865245664 0.13210777439973348 0.11386340622200586 0.04679185108752957 0.05439522164356727 0.03474104160835447 0.054768024647836595 0.13417732455025275 0.0007030119570102982 0.02667201871577385 0.014569293486180104 0.0025679498952290024 0.1597315902515355 0.026830009193662917 0.1834966636516541 0.13805551841282448 0.07014449704536217 0.07874893305833863 0.2178147685009116 0.2192443905213051 0.10133570294994604 0.19009340040817949 0.08070473491262165 0.12271198568786618 0.18481490759868932 0.18151983321003817 0.2198923143293215 0.34472759868306896 0.1761230208978805 0.19198165345312534 0.01655955458902225 0.1512464128275802 0.21946425600194022 0.02927201864743789 0.08528649710437551 0.15076737169564597 0.10554900141572637 0.3279487114593388 0.1590503921649251 0.1775872497580326 0.0645476331850313 0.17358747957063772 0.12001361548808553 0.02197268918949704 0.14825705268737074
0.009512359660622787 0.34878010450360786 0.1367551933006526 0.05736550093636386 0.12927572843869045 0.4072327195714841 0.40592247841288503 0.4362262203650372 0.2622910366572464 0.11511342111341467 NaN 0.3878981069565243 0.06203311654575498 0.07088648197723657 0.09994267758151076 0.04782030063945538 0.31073698879648365 0.410978691819569 0.18388424818857785 0.32867566913945134 0.35565830419869604 0.5184108143527952 0.3758275599115286 0.17638698645463144 0.14423638558983462 0.15678786447052553 0.11925769272741737 0.19805709556715323 0.03753872378344059 0.14821207339883385 0.08804546023766201 0.06238326291211004 0.05376469240692926 0.06401797445450848 0.0872901671422124 0.18229469141490015 0.02207858203024643 0.12465899572565071 0.07455487089970436 0.2923014608994069 0.10847013247831272 0.08050526153088232 0.0751610113861872 0.09849335490114566 0.08659809759502511 0.014460041929118303 0.3019329203965943 0.4195242313412033 0.19805159785423465 0.21994489665600647 0.4441685408878484 0.2644652910011788 0.3010181892926171 0.3123667869213583 0.13875103111142928 0.34362129371655514 0.06443436171211099 0.04227069694769286 0.051323209403447485 0.10170604375019363 0.04269631270829196 0.073855994666963 0.06253991906983557 0.0008525340877176594 0.05535966220894562 0.127585665207296 0.21247222816170863 0.2559353266976685 0.18542994450770572 0.15509778034574068 0.17312514561597275 0.12523067280900238 0.31996468339728623 0.20874161837139527 0.1900638839649426 0.09269850966142133 0.062365506442894396 0.1501215483173922 0.45927251609118946 0.33003571472317617 0.5266648665712089 0.03214752057203426 0.2957787907978517 0.0388630587433274 0.1230983971178205 0.01264008374832601 0.08134252815263114 0.045689942084321956 0.05970807861217121 0.05616094359455683 0.09433214207147476 0.016658063460595507 0.1452654865855516 0.023315787300727153 0.36294929843422785 0.3403405563177122 0.1306125785351196 0.20612527792971067 0.007041497698671145 0.09777596037921897 0.042010052292608485 0.04803126040405448 0.1057868204431622 0.0899837912157732 0.16524149709472907 0.1670221194576215 0.011708840493055026 0.10582313132264007 0.16253708463689032 0.06907989518662973 0.12577431692052102 0.06804452497584236 0.01936931268358658 0.08277858849056353 0.13810053703638303 0.2923364303766402 0.3619210128676123 0.01220298586562567 0.07831823550984503 0.12243543238408078 0.020822763810742495 0.038153431130045296 0.10506059040134072 0.11351550841708366 0.27597481683972547 0.0810431382035902 0.029169335972607027 0.07224779488646484 0.19785626153743352 0.005145607573161004 0.061200886545343565 0.1473543914819 0.14063310640652385 0.0594228894032151 0.04912684061817151 0.24108324934031108 0.2846812561769889 0.5382484040880146 0.33938092696645344 0.3376487342516362 0.3314951322168471 0.03344353361864679 0.044137165123705 0.13092576306379933 0.1890356792898564 0.1703881738235363 0.0683839683652814 0.12015648739312215 0.02717643015622536 0.20621745227797603 0.043932437876426325 0.07162303225908401 0.08329380547441698 0.21744790585927445 0.03617787398594107 0.4118816093202941 0.39106547337451786 0.3101341337633249 0.30762312403627184 0.14945155681601363 0.11414115729400014 0.09698010942775596 0.2820670958864356 0.06194084963822308 0.10166381785761315 0.06266878930183811 0.1101658747976145 0.10039298881732457 0.046875275487726686 0.1745246058053313 0.04401325922814459 0.028393142289139497 0.03330849019472283 0.09987428611869154 0.10356937641814593 0.13065597123403044 0.06526126399903923 0.0017424170388254609 0.020150972929514552 0.03671557055048956 0.0017698685487896595 0.2754459664359366 0.06981277075418926 0.0434855201744508 0.022348956393661096 0.3258223993785775 0.3352034632925671 0.33191437372698984 0.34646499059675123 0.2814678999669086 0.44139401134573736 0.2515471401533236 0.004993671658649552 0.16143264916590858 0.22039550219528545 0.1388653529246053 0.27083934377278585 0.4834832618285481 0.26779398701452956 0.2988592259998683 0.39785202115707186 0.4594453433920099 0.25123056611343375 0.17220268994459562 0.0015472696074291044 0.10362767867022134 0.12310369752105965 0.10605838432769635 0.03677327749438599 0.022337949032892903 0.07333534880685706 0.05898678010491038 0.014038023290657588 0.016153571097112556 0.0045856550662559635 0.12257169001733713 0.05108170547566503 0.15064979673992523 0.08204728388073292 0.33071047350355526 0.0885369508442141 0.08057769306694741 0.14872423631194132 0.06365894613238884 0.1360878138415132 0.026960058231534315 0.2974002804661589 0.25949151377131224 0.17099393724322834 0.16918431104736448 0.3283353410401243 0.16179478542544887 0.2861577333175397 0.26707590704612005 0.19677302847489908 0.20406119934302414 0.09191794336617863 0.02453485236066897 0.017671943097337134 0.04921493425750261 0.053366266598205564 0.007683854479656443 0.04563383480389753 0.008636226431514824 0.035650580526457254 0.014214293580622797 0.08893631380420856 0.07303112573525855 0.027866409219275783 0.004747270067612929 0.08560717801446123 0.07598022094107283 0.20576103485084526 0.034285174502115066 0.21268529949800097 0.04824294314257897 0.07240240485274489 0.0650195608861276 0.0926906406885001 0.17828866785501418 0.23284654790713516 0.08452450406610289 0.11204800246599074 0.06304241497910099 0.09335913891331558 0.02224948322091778 0.06112528466701969 0.04132906906277689 0.039803043344233624 0.09330255932379922 0.032526489368333585 0.033360376661478834 0.010515022924981942 0.07271883772231091 0.23546051000149815 0.18683934728551793 0.06223914065989046 0.08001824603515703 0.008357468959791673 0.08255372281586425 0.006785523036405626 0.04717245490073529 0.04338150965890677 0.12195908931515713 0.12108593239284729 0.06732315635644263 0.014769785339836902 0.10505093074411037 0.036308090878834985 0.028822722474378098 0.06244506684274804 0.03903971342226744 0.04093620670379822 0.02500303585052975 0.07518530890851059 0.2299755093822006 0.1867653422551766 0.08412531123876796 0.02911349840203125 0.07819703239960707 0.09157392764137677 0.05673583228798683 0.0714372326286001 0.04338053058521228 0.23412835200435358 0.0715244866364696 0.09242402878585915 0.16877225453233594 0.188460758068399 0.07423530635575372 0.010589341506063537 0.01116229816719795 0.076931192691602 0.061608472427775646 0.2331315118097856 0.2728658596658197 0.08478330034436496 0.43875142697135766 0.30340883337670627 0.2166716017963445 0.16950829064944198 0.08758266109615712 0.08780253384101715 0.04966217309646173 0.05680460404211542 0.14487058589097734 0.09135149371980561 0.16058126400411338 0.21687893587085638 0.03673642656884644 0.09740423935613113 0.15555134808526963 0.17339194332763816 0.14939213393945389 0.0360881090297547 0.2847374882392137 0.28528699995650536 0.3005758069005958 0.14509951666038887 0.14287980701221567 0.003985828359545761 0.09083114599658587 0.3051282594668056 0.11367394934758769 0.08957247876734512 0.07631427595118426 0.1804110182124025 0.010575929293664237 0.015343980266862758 0.15854948734768104 0.09065459527060253 0.01722155955542249 0.019057737133407915 0.14844005618731285 0.13586840487472543 0.014570380806434045 0.07636387874208508 0.012626745760978322 0.014498469689322124 0.024154952935899567 0.1515887936214945 0.06986101880950348 0.06819430722258975 0.0003046160594439636 0.016348994002378246 0.09251398435716492 0.16800901372785956 0.1485874199405862 0.0691289740352641 0.05955418258874721 0.19601908513826846 0.07611719941368199 0.0004193923622517458 0.07845190816486382 0.021803451798402672 0.17123796295200377 0.03936582375735061 0.06792231986173429 0.06345887710478149
0.19199214955975943 0.3088536141567569 0.04217221165284793 0.06300887149400283 0.024736911162268668 0.13142129757651266 0.23921338155989516 0.4306696553599353 0.2150053694800921 0.12082917781072483 0.3878981069565243 NaN 0.15759816478088648 0.19313064979796774 0.3184929081280259 0.10258169569179208 0.11138495207968806 0.41319646177488983 0.11757029659767902 0.15687805937578994 0.17734348495779895 0.4328504562041503 0.32079959430772315 0.22470339686414484 0.05583164965506907 0.42608622007466945 0.2254383945068735 0.14123879701080208 0.20360672109935252 0.18362866881202733 0.06791691371087599 0.055960042811141544 0.09222788752630355 0.10201946268873094 0.1694656596398217 0.12837339777458878 0.15365903367850514 0.2711833954591775 0.08665235443869539 0.26253767765216385 0.09482355880407123 0.04582399394383864 0.06230498792726475 0.046130951740304765 0.07271307591286448 0.0010259818361590578 0.3289967150861846 0.05242351771538164 0.09770377716052861 0.34675765246007934 0.3770432267657991 0.27342717306236136 0.2035521248271143 0.4049332670414514 0.1731321343156279 0.3612123474307102 0.014795954785146408 0.1285712227237103 0.2029779786320468 0.29479724916316524 0.08392784236140179 0.13546741016288297 0.22461964442749444 0.00939439268983249 0.11915954907993725 0.05598641263803102 0.24835036110068023 0.23477721649864364 0.34947844189867056 0.2616971775865201 0.323737255281221 0.3754738633534584 0.2007671210653819 0.19395060673056608 0.5901921727022112 0.22003242726494743 0.017102784479420763 0.011570859041139116 0.18287104551721842 0.11841374394794689 0.29369693836692135 0.0025994705347808134 0.06160400375287987 0.10178558657058671 0.2276542307308606 0.07204786945222089 0.017842738411681606 0.0918902587004525 0.03468420281710029 0.018206328970015114 0.015035840194522464 0.08185665957314547 0.024525221133065184 0.18289983360221196 0.06656100114680961 0.1265169890653826 0.12588645134898985 0.14372745182619062 0.19395420395486043 0.10331175985700107 0.014267455633177642 0.13698151866803612 0.19339655491803248 0.16953854623724446 0.3409123054878547 0.07178250328058841 0.05802647044061909 0.02999327048752786 0.0835046539862442 0.0905750490163812 0.03256135187838962 0.08829928005255365 0.001725052549871343 0.07228172473734554 0.11093455293790493 0.44444405413148913 0.27907213680068754 0.08007029739984275 0.018744027337032444 0.13233875369719866 0.05579042384208633 0.0934409677951365 0.16787239063969386 0.16409354878747986 0.43065619880233663 0.05940018226908324 0.0363009697126103 0.16551910037594933 0.4996635161504219 0.03408511918152457 0.33447645195022707 0.3078047235087851 0.03918367467798707 0.038819108343821844 0.09782167868625287 0.18029028641674014 0.22721245645896124 0.42096769895275854 0.3881184805103492 0.04309996335943338 0.17580486728320918 0.130320732060157 0.19084037383287136 0.13797360309088555 0.04510567816752375 0.019061787832159966 0.08941858971815048 0.2664133959325023 0.19515890035749106 0.31589154342835807 0.04101605115586055 0.06281640405123702 0.0018520379268100508 0.10738653982487868 0.03409059436710575 0.3124281442513869 0.4377204635878085 0.14810041177064265 0.17053868622086887 0.09026599917837747 0.19463012548395744 0.0027301405084915126 0.1927577877040134 0.1340994524571849 0.14777633317081507 0.09745926961712918 0.2499299066781277 0.06348776003365093 0.0918514228279904 0.03771027546561926 0.03367888177741211 0.06876283081632663 0.151869118328251 0.2824438628468667 0.06388361810665176 0.2205695096171683 0.11480607466471991 0.005817586676083368 0.16046039687389455 0.19992998859264288 0.17664508663709458 0.1240235982764187 0.020237186583465343 0.10051976232190306 0.07936732471997794 0.02516209725625543 0.202295319028689 0.26867993000816204 0.24204390809278076 0.0954990291612431 0.13650757445224743 0.6113329045808772 0.03550926054271236 0.20365195505230504 0.39967264237635514 0.036864440995610724 0.09337566640229869 0.4797355059522241 0.039240547196718295 0.16895017239302182 0.17872166155031408 0.35805920309704686 0.23549714439339878 0.24929844804956106 0.29606069256726963 0.5440797320728051 0.16631732998352308 0.3684026905875025 0.10064990058706133 0.1946367024224651 0.11553125957335698 0.053208342693906834 0.018954174029698213 0.11040662629818007 0.2521306085551783 0.09083296060305299 0.0803787975859006 0.24431295770838427 0.09634023046868863 0.30291911190915205 0.022598690872665844 0.012510474134649006 0.07963660494070546 0.020272550166747998 0.13879494269686085 0.016248623139962497 0.3938478993648408 0.04644398304105318 0.09208785446319982 0.17181511211186312 0.18783348941271266 0.1558423766966771 0.15569293088276928 0.24807473843655786 0.16484148160456674 0.16535884972219822 0.12110588696013343 0.07732732127889154 0.16896721558469213 0.08256034090680031 0.012990859598684304 0.09943833016216355 0.08363370299800404 0.12199716180604638 0.012181393864115824 0.11691277321085884 0.3554692663685392 0.18141450154071595 0.28598652668171254 0.3141592497643243 0.34768094839241803 0.24095003998223422 0.2044496923589467 0.24107223664676578 0.6198605161976599 0.2939485303103844 0.0755407509967812 0.04480717197976815 0.0628311403320438 0.011857791683035314 0.1631746132971536 0.116341507257798 0.05816972710000472 0.12332306082000528 0.17572005674182795 0.013293729934190453 0.24692190956221993 0.10057579521542569 0.06831057621528275 0.008844191037370008 0.12857002689025257 0.10626643487985803 0.01824096439471022 0.06557303551486283 0.1341436433381181 0.15984382109992926 0.04959455064481109 0.13763489648757887 0.2472308122283396 0.0489749349766582 0.08343532910979948 0.10453207015296884 0.20536664291724363 0.24414139457120768 0.32945062913819345 0.1058901340000547 0.1101996650244998 0.054756941892048695 0.023242155834194454 0.011229209598433263 0.023502104415029895 0.037455321739472136 0.13530377663814366 0.15734209762508877 0.07876813989486017 0.4472918713320402 0.20856713703147706 0.13139673702526236 0.005176473052034221 0.131842368759663 0.05538274479139317 0.02074794181047961 0.13099785101714453 0.15507221941186586 0.4353002465363977 0.05773247426559478 0.03376337744547208 0.3827951885072001 0.5246102376391143 0.2395971106413294 0.19029918758704517 0.2158100161863521 0.009972876506929665 0.015890375453402824 0.21939623298034616 0.28577863198498615 0.00497222856542937 0.3409183082714234 0.4384630830219118 0.2577434027558142 0.12201155235332896 0.04896350043038115 0.2717586130416197 0.133264968999219 0.038732995122678665 0.17024842338760846 0.05426170829422505 0.1417726162738127 0.1469487861288462 0.422903577503676 0.10433380935926094 0.15309437457306668 0.14823328914896555 0.008568402432219175 0.03929693843698885 0.21128372956068497 0.21529164276472493 0.10013412148844565 0.05078320634934402 0.10822228288413786 0.24909185098218903 0.15162659213492716 0.2699173193373635 0.16084758534223434 0.016119785478699748 0.08750356093892488 0.24035932988959022 0.013860156656046868 0.04739723590828078 0.10990879006318867 0.0714640327266433 0.11812918621940913 0.1116473948108806 0.1707779773536302 0.16965762124126232 0.29394108170967653 0.09498603780454613 0.05440495256109943 0.1091771424730414 0.10782275219614006 0.028846000879788107 0.06124474363105314 0.12231579515520545 0.02926305383720622 0.0068154831885567126 0.027867306480963853 0.3058604118490674 0.2545247327304167 0.08043790039849341 0.07068268350796737 0.12995820304511227 0.06619421714048274 0.028223246048615754 0.03355966061646301 0.02037913848679125 0.27365343748046533 0.1829610172753899 0.03842815908718044 0.058263136438206097
0.7016906084051221 0.11131602741410002 0.4628486283070322 0.7951742110483817 0.7113740266645088 0.4207188844619671 0.2762127069970349 0.008401706455287187 0.0013890974686099336 0.3346951799512941 0.06203311654575498 0.15759816478088648 NaN 0.20923860216432089 0.11338115190937517 0.307055186677292 0.3038789483721648 0.09590879113923657 0.5660053933114174 0.43020783481514113 0.10274067286369101 0.12299209055269934 0.03161231248652231 0.27654519615521234 0.05599068034338663 0.013154998694439602 0.2554786842650002 0.20406769279914563 0.00644581167480404 0.026680296041027427 0.08312163574958198 0.1432502218547066 0.10435615189828767 0.03848768009144921 0.1206217821122863 0.13813066215001826 0.08208526671320376 0.19526925916572968 0.09622938987111974 0.041456694505631456 0.13465009279496384 0.06176295108833499 0.07583151084873203 0.14110752535625343 0.09354023493966693 0.13101265565689915 0.04389147330356065 0.41226427614979366 0.22661599379516476 0.25884741124672356 0.013683647235045544 0.04757486760755246 0.07382771858133233 0.14777581472779291 0.13396294426705424 0.0978366094873011 0.14857642747983746 0.052701592262856846 0.10449116030215391 0.17125477743367673 0.07902689055928445 0.05336812370685496 0.07055977499188658 0.029810405520932767 0.061584792278641734 0.09601924354878066 0.10059757033636772 0.11816534646783014 0.043188787958746075 0.15046788820455484 0.05122030339074008 0.0014909192861358779 0.003177602174416359 0.004366815548946256 0.006655476959992546 0.04206808195727759 0.10200056296408999 0.07726350499624735 0.0505494464600645 0.11875790962696524 0.03657478176969381 0.06737838283518115 0.03191603458243597 0.19955390293284309 0.21222430253091412 0.3174886975030143 0.19287521379224387 0.006118018273962293 0.003522336794519203 0.03351903962679166 0.029358126417456117 0.06255292131065172 0.051830233544606724 0.09847617867474183 0.008206257088724925 0.014580375501256924 0.0012250859351293415 0.0356323251217507 0.15692400229294595 0.07556941706319678 0.011032790780572108 0.20132966243462447 0.11318731535155853 0.1638105332908742 0.08505164684058152 0.019613522308913865 0.10837344632071244 0.015473816715714543 0.029869282223432096 0.021977772754780515 0.10397697906392038 0.010243656670800154 0.065351550613466 0.04638729746095917 0.11866827926733346 0.13464385688560299 0.1663646028088833 0.07567799861400788 0.0015911600024625923 0.1377069302158157 0.30923733450804575 0.0922989028163841 0.03430433447197824 0.13022544207434902 0.20579667392667603 0.018001367302762673 0.03602688619208184 0.04003789022306186 0.04507083213816017 0.10553500619748526 0.13320878854019608 0.11614949714038701 0.021130901890200345 0.027794539864395416 0.11168461879550325 0.05547811346204002 0.06003273850801485 0.04727488709583329 0.006413434311804232 0.1824144505326071 0.05185575000537996 0.16326006305232332 0.018695005026603533 0.042230889271352594 0.09373515895087087 0.154901672433202 0.15852484738373007 0.06773171202647899 0.07587036142915657 0.010260834067164762 0.10862725880120783 0.30260596624288383 0.2476010792012922 0.15784837948839037 0.01834158889261011 0.08078534777875854 0.040093533157903316 0.42079947123467026 0.2899356555769067 0.21695593830097462 0.09520430654598956 0.08081877953188667 0.06067739101922997 0.11009036928165415 0.009378481422715069 0.01797524932392763 0.06641835333607796 0.028932890138533375 0.10445313871272736 0.12278541050889744 0.264016048078961 0.12035430961833392 0.189392396445833 0.24152829765351477 0.00018879608379688368 0.15699604286942437 0.013375411386665358 0.07657467667054478 0.19280348475863882 0.19694160089198823 0.6876095790763234 0.2906355249390527 0.46881787065338937 0.7730580860846588 0.7277797620656992 0.5383517507939704 0.2888234062045108 0.07402470685478403 0.08681853097507544 0.30178100260620533 0.09152793128495232 0.04410349375240663 0.7564440940526143 0.19974460557796947 0.1757453921981345 0.4694606142711485 0.2505309042390426 0.0710717479883399 0.5192262309691609 0.32132788391146344 0.2798717886892837 0.052828709585485495 0.17273713322039208 0.3246911165287333 0.03816143761560811 0.025419330681616826 0.2732821811712806 0.1920762171458774 0.07150608352742231 0.0864526460301901 0.016099422507956387 0.13082561060122258 0.042135946490907655 0.013504640899946312 0.05326346169224006 0.2238783472892724 0.15495794379285527 0.19145630914709946 0.06994263807812162 0.00895391878605846 0.05126204897975075 0.10312547992774905 0.09559625293007758 0.12374467869131557 0.0192558824718856 0.011400316478314998 0.024094975816395678 0.41402502542977265 0.16831036695714957 0.06177377802652976 0.07588171723325042 0.07293690495981976 0.14916823966147427 0.010271404927347046 0.10065394835965027 0.01560048858418901 0.027773453025050993 0.008957258385926654 0.22705598940136798 0.13199653412994952 0.0895492442316182 0.04031061583357195 0.003436697351446826 0.060484393402448246 0.04944689670324466 0.0826565740886371 0.12261099351881051 0.047875600026939184 0.046124666433519895 0.10754846170661005 0.026827718171234877 0.05587680219634046 0.024045680581063097 0.018227703350717255 0.032979664885565856 0.0470792767911625 0.0059450857987833625 0.0017756279299813095 0.015560424988953261 0.05059945118615802 0.12172771237697695 0.044428838413675696 0.05214946234541057 0.20869633491956593 0.14397658795482457 0.28290360630275363 0.037759954578356 0.09798106716654449 0.13497495475372162 0.08153609987954615 0.026144257437822005 0.09877167546505472 0.015718929143565735 0.0600506033206178 0.09652851507811513 0.014525357228420169 0.12766023522766223 0.08204909862325793 0.056029428719937026 0.05014390409777677 0.05064744956256534 0.1684949953317475 0.1469184678334962 0.13619195120826105 0.19278420185216524 0.053469800134091056 0.18064948881451925 0.053541409102279065 0.027846925191345736 0.10492362460388685 0.10878591194245509 0.0487260994655292 0.003653280657449342 0.004027166460308908 0.0011140018936126076 0.04504538166253594 0.03145024663262804 0.06939977910636501 0.028713398460988197 0.04340153177376137 0.2686838722838237 0.047434015151964264 0.02897231404862489 0.14271687143583595 0.18637165919090704 0.10361335182563844 0.029834107788793904 0.07941446386464518 0.01915879726019516 0.06957149148977684 0.05207752966962549 0.04128562103682552 0.13891666961289717 0.008008477224137596 0.06872631854472223 0.06439717952473753 0.024905167649890956 0.012138509465948884 0.08132868218915967 0.004195151693127315 0.024961815442659862 0.20818475244207696 0.19168965721879186 0.01921649732019225 0.034724232443422626 0.04012347056643029 0.05663912415889403 0.10083979409025734 0.04907157580052527 0.07606208355452526 0.09308923920647323 0.06821376224107883 0.12540208096042102 0.14828998376082947 0.0018785602429129346 0.1323688775678563 0.07377319878901135 0.30327164689700853 0.24646731790091617 0.14801919007819492 0.07338530792718403 0.08977436524239576 0.15895820895190146 0.03064296611218197 0.0659351231409238 0.08202470881709355 0.11808137759673548 0.04210413901728738 0.1066959998152926 0.09019174391363342 0.17641264923971614 0.06981603587735105 0.14280046771117852 0.23640307694496385 0.05087119333928425 0.05659068009593183 0.02652580587835204 0.09978469387998955 0.13117833780178711 0.170651022397775 0.17527538311576962 0.313595641627466 0.19388010991399046 0.13409795383539702 0.05830391842595664 0.14542783114188176 0.0792622495964803 0.06348704385852882 0.09935138664178413 0.10490254373795524 0.13595749703199697 0.27417923716813236 0.154193428621674 0.07019852788812234 0.07681359587945079 0.06223537141763764 0.10197223152361144 0.06699707307291834 0.1314320525784216
0.2860424729556007 0.05138236062587369 0.046306857532597244 0.20581805850038856 0.16997993910708578 0.05351299211080008 0.017340580036835418 0.10939962213511623 0.04203394748936383 0.322291979519791 0.07088648197723657 0.19313064979796774 0.20923860216432089 NaN 0.47499803561172055 0.06308371252156138 0.016943115397935766 0.16889710335877361 0.10974361087564165 0.06527331067891189 0.01223645572381962 0.1507346861601757 0.09967141840508262 0.20786839899754406 0.04961507422658007 0.11407152617873968 0.25220318941403774 0.06311075630389178 0.1920859411615435 0.09713937173987523 0.1985593950718766 0.17083425668429994 0.3290571268279527 0.1590563843891237 0.3306947089736629 0.037664795246253005 0.12391171806649462 0.20242202132476766 0.027530192321593205 0.0726387407569817 0.010839126575367211 0.0844750213324806 0.016894378521468786 0.17050101961147082 0.12925108129830187 0.000995425817928343 0.0835054787274404 0.09576154252588154 0.01719228623190958 0.13263826401540424 0.14176830865401735 0.10344364322242304 0.06584532328106252 0.09510900418024228 0.050114934267799144 0.12967989992508766 0.0666009044077715 0.08693357367301482 0.15135929946931823 0.17643751916402312 0.09948915050468209 0.13208310166228893 0.004071426640908591 0.1351643814892958 0.048954367337081535 0.16561308010296363 0.07691017587182705 0.025354479726283196 0.19309858907405106 0.22340724355767896 0.1304360593417472 0.12720843660010006 0.09263238762933773 0.017107301782259925 0.19520897089231787 0.1275180627301899 0.11552817481728314 0.022183492720332577 0.00438755496767928 0.026521012351266124 0.032226107407789105 0.1023329172603528 0.09201960762451573 0.1784086142490428 0.19745883859550278 0.14292260969114498 0.1460880601532587 0.02702846642278967 0.027631352115972715 0.06316856225678405 0.035808470235448864 0.06444709170075033 0.004322398328929054 0.07989510832329297 0.04487228369867775 0.01036369942234951 0.20098157275537343 0.03756965938028038 0.06754113045446987 0.007533186504641707 0.006964754326510411 0.1473366648934203 0.18331737058782535 0.16578022682276178 0.11160675918117809 0.047767143210906485 0.16218856568188286 0.025183864991446328 0.10221874172829619 0.04240745454558193 0.01974221218469524 0.03755461922233721 0.09809187831167379 0.0887883966129616 0.08931442043290914 0.20786524003962592 0.07722775883491557 0.10882522675785994 0.05665239016085266 0.12532008358033056 0.12010008245920067 0.0620143004311012 0.07644178480424667 0.1445399494546072 0.1982276959375062 0.0741962251855592 0.013002636594872894 0.1162961943657714 0.1718797444650164 0.1219620011158867 0.21130343646114244 0.1723409505124557 0.07764188305241156 0.043166062741088626 0.12491529999729845 0.09583589322699977 0.04862719159878933 0.12810111524303272 0.08820034087844474 0.1069449125914422 0.02490014955041555 0.12042389436436822 0.19604247211454642 0.15608834876665942 0.20280971341894485 0.05308689824363676 0.09842532553169789 0.19696708310933053 0.2642730980000953 0.0033422951428792582 0.17490146881290652 0.054441531259909054 0.016544778707330544 0.016310264851774704 0.017106017822545064 0.05842681393569454 0.16795218958106337 0.017794861630178745 0.03522331275603048 0.015136042554419355 0.28317244245049317 0.0845205599453408 0.07394406169501912 0.004205263078938838 0.0009878408912257879 0.16209929739897583 0.09392511617231843 0.01587041820716318 0.15513713779329658 0.1681624057621403 0.14180834034988518 0.06396910714237014 0.17465654980744605 0.22542721073614952 0.039598305125888425 0.09042899416474258 0.07305478710575034 0.027580341584582706 0.16724965935471853 0.22108887618725623 0.30236884035693135 0.07529621538915984 0.1293373448229868 0.24431661382949182 0.2156092426552406 0.10490265722955204 0.010273007434465908 0.028185672516443827 0.0049688186328899885 0.19396940205772178 0.04590132225300986 0.13781968434986777 0.252423638102985 0.41927941090428233 0.47657057098388866 0.10697607517049681 0.004901051318053745 0.11382097080368839 0.21258557191729682 0.003905403765113348 0.05530191453192874 0.08453291636327315 0.0317593286585449 0.2635969776868475 0.0823653867295616 0.1509537462567317 0.22072245205398622 0.23892765359649062 0.21419401459579934 0.025490363115979988 0.2273950908688347 0.06816947655885601 0.1805827530277044 0.04041262876409485 0.07038927281860938 0.08150611939886643 0.14528745884671004 0.2449009906457005 0.03946619075959357 0.11784304520339221 0.029111277298244705 0.07905973242445677 0.08565568826058834 0.08104690175842959 0.1514014974266335 0.1312806967105523 0.12152643765133922 0.16913081361635504 0.028441306077419872 0.011337996382967544 0.03901208317120643 0.01725325291996756 0.05429466937023046 0.01559417441591478 0.070726468744909 0.03140601137684316 0.0393553671883795 0.030982883002104715 0.21864231626229014 0.10237606500604093 0.055069571856961826 0.008371898971217059 0.012937237561106507 0.08553894598192371 0.021550629220192654 0.08891049668403739 0.03552058176222869 0.0257258243051167 0.1630898710335835 0.15950129580411848 0.11019707796585389 0.0991263563410838 0.046543870175766694 0.12722370210027667 0.21286337816731013 0.21096908779590723 0.0025131783006017137 0.0008555463650837266 0.033281760127985595 0.00028984664631695706 0.07962045523289261 0.08307452883572751 0.06334547148800986 0.2645692894923818 0.24637686572320577 0.24938709008809193 0.02556644976014904 0.03807530876038987 0.2280094836428413 0.025286972384498632 0.04382059827725143 0.14875109090265312 0.019249636720461517 0.08461207084614412 0.046130067186345575 0.022994224455685733 0.15413282539718173 0.021654596764800253 0.1761950410550059 0.00548294238931297 0.06330586752499656 0.12416848640189102 0.16687732590649113 0.1829033476396287 0.20899598663035657 0.016179246917396195 0.1838451590598105 0.10264657709235196 0.01346987043285824 0.04903064899014033 0.09693921877928768 0.0469873791166262 0.05700408812309146 0.04679642581014134 0.018911111954195665 0.09190463598931659 0.0038875706238657047 0.030010779685223147 0.001793482464475041 0.0447246184516263 0.10767699223422403 0.054569869605410895 0.012952871177192769 0.15800275365068553 0.18643383559298102 0.008967412420605813 0.09415806121684238 0.11294353680518103 0.17451781188988333 0.02928365412727792 0.07184945342692343 0.12753816566662396 0.08392461801282194 0.06332692407193323 0.08791752204779564 0.01754499901956386 0.1186122858210126 0.010489750359273336 0.1504530854493698 0.00737690467149907 0.0705744710108929 0.100099990668142 0.29945256491167493 0.17448127704376368 0.18714146220179984 0.1969556548886811 0.07296290178795423 0.1757658970833479 0.17025591857927616 0.1634981921573483 0.09846381411033847 0.1331137784960095 0.0030610068712315208 0.04898190317726597 0.05169494461563354 0.00862124672718315 0.03631698443168885 0.04256814982225469 0.06838606709302326 0.022244147718807283 0.13973871684684966 0.19913652693058848 0.03658137490391753 0.013720202356961224 0.005736805430918377 0.0016751475100738893 0.06417079658388929 0.018353869704872197 0.06086543230208248 0.14903174900431343 0.03723054607837916 0.06465858978222745 0.13441378275986815 0.19859972778946816 0.05659566191849195 0.12728581731920433 0.03610190375831357 0.09549102723819594 0.15049359657264616 0.1598932748028006 0.27995939760759747 0.24512993757963095 0.1737042136340464 0.10540955326605525 0.046875059608285106 0.17719978538142117 0.12949290820608797 0.00739375642217928 0.039389224826434574 0.1604427197435148 0.19414009257008832 0.28456179910696605 0.19394548643157924 0.10146664427731387 0.03207244648744981 0.09808962658902401 0.14952975921198935 0.115888824425596 0.15278273414189245
0.3250161433347083 0.23276774588074253 0.06880380468422806 0.17210174798212935 0.08095503557225953 0.14313193218403322 0.20470935995604012 0.31792024957997295 0.2748786285103434 0.3765971376100807 0.09994267758151076 0.3184929081280259 0.11338115190937517 0.47499803561172055 NaN 0.06765261170692455 0.12184825243726738 0.32601279117316945 0.025685136674974123 0.1321997025766898 0.16672077721179235 0.2951605248643611 0.3118241265089279 0.24033521939414937 0.12450169079355076 0.1285770537757594 0.2226391724157549 0.03558808850388573 0.29553414790365307 0.06047636378420874 0.1995451298274711 0.05092620398373617 0.3029769951898951 0.0205946220040754 0.45679425491851094 0.09619065254315855 0.0379052530068497 0.33759284964729547 0.06793887522228009 0.2062469984692726 0.021228334748774943 0.03862554485959777 0.14050363828581292 0.31675068975184306 0.24824587975450044 0.1457943557854057 0.23563767792723067 0.0372355077134495 0.043983919025113886 0.0003279992566645582 0.35283053015950194 0.258619356820582 0.2222823680338764 0.18433964426975946 0.15749856145101482 0.19820442116381742 0.020656576194288744 0.08228589423281754 0.1255959969723975 0.2603607825847368 0.17352250754187823 0.2100991222311669 0.13950814228505556 0.22725205466316029 0.006689673918013006 0.030612840256480284 0.030231303165307956 0.15407740327444072 0.32059663465142657 0.28361973587521794 0.20145552277474157 0.2170850732184818 0.06862334655049035 0.0013655501208389923 0.3374173839774573 0.358209762169326 0.027704615742619166 0.25661592425388713 0.06417283868889571 0.044787613830869946 0.124598189143593 0.22157647994392574 0.22088740215844233 0.370552159949198 0.39408631285086243 0.2886517753685171 0.27513369596526605 0.009813829724235784 0.10148001950862806 0.004006653901715776 0.030202969759618614 0.059125060503954656 0.03428489117783796 0.060897823252433106 0.12066871418868831 0.03723333663723905 0.32697022125555397 0.05254672074524296 0.00682477910509759 0.1041699640842906 0.02992646106922415 0.08623871124743865 0.18963375211270228 0.10568564388559974 0.12392259498247778 0.09616415593525787 0.02492360326694184 0.1273831813675112 0.11216569789401892 0.04767878799191801 0.11480737227346734 0.0011019779451102386 0.037110190516823766 0.0024527133586647186 0.20671547354239725 0.2790023204475257 0.020089756921771396 0.09455370375813958 0.019043168271966008 0.18210018220556953 0.002787688340435596 0.048761420379865965 0.1501212385673387 0.11149593791812865 0.2759209300594675 0.029631668101957487 0.013029961636290045 0.1851715042361132 0.30482027618293533 0.13274223814806077 0.25230800034937634 0.3305257341262058 0.12411831194220006 0.041579052272604555 0.15404049647936174 0.07371130287740385 0.051619468006408785 0.25516136497585934 0.15252818135999044 0.0264033636227809 0.1220001399970924 0.17544332125070133 0.3803777360998025 0.40979951639956785 0.3546961037515933 0.1763882819472813 0.0960436506738482 0.46862737000152643 0.4959188369586411 0.16472682993305243 0.2257134809913843 0.015589721178693507 0.09269966845432011 0.13064890868263246 0.0247540467340647 0.26231424769235806 0.3036039429768638 0.1890506318908678 0.21268208323448412 0.11824187708988279 0.3746512072643447 0.09155389333490954 0.15099459644868582 0.054568571404228605 0.087151545155602 0.14983949991187273 0.18116742307261727 0.08787990589076118 0.20623223363519091 0.21511001471303864 0.1967083036441139 0.02756101586519909 0.1583515063260587 0.20032579527836017 0.05033686986658364 0.21393629145936344 0.14887135627404086 0.05470748907684358 0.31082094102294516 0.28137021872345297 0.3679172946450261 0.03999358541983591 0.07598375183463918 0.2886846926554941 0.20134114945555334 0.018885457435855322 0.054132122799454105 0.2370302933051963 0.2402143301787157 0.16454708845675076 0.03154363729156498 0.24523217797943003 0.17133155384635962 0.5253014090783914 0.8322734420332807 0.035116517464083515 0.1493147558794488 0.2627982196089763 0.10795730535269574 0.11992946481536053 0.07622892294093303 0.19032155030582612 0.18126359356685495 0.3250008767379243 0.11401645681479598 0.1782383423888393 0.1975142169443123 0.2860077350714865 0.26434762356069613 0.07415683506514645 0.1975331391525376 0.13732093988146232 0.17720660277773995 0.04703402802483768 0.1233804131050982 0.03985136654137286 0.12548813498057468 0.3874926518736083 0.061523291669507964 0.21981250427224255 0.04915898315558293 0.041380589165328545 0.1705546220921023 0.17203409532916447 0.31052263856397505 0.26135164945064054 0.2657653943375553 0.05557917189405943 0.047225929932311554 0.17799095433174417 0.2609053298983945 0.19412287226995167 0.1275100339646743 0.10461889161525213 0.15433939978300643 0.059837545553957136 0.03291978582875548 0.03869953859676929 0.2749754508518899 0.16003222908725928 0.13844981506698642 0.03708076936088723 0.14157784129213263 0.1852426783415763 0.07498710153095849 0.019539073969539626 0.13669716347895994 0.22633106178455298 0.2016320588028107 0.24935782921834834 0.2890835955270196 0.2586464640597185 0.011753455352713566 0.13073100364648266 0.36279292454504386 0.33274196754335955 0.1559767699369722 0.1281842990282046 0.025638528124186558 0.03481991626829595 0.020942943716338522 0.14898461641536215 0.16708903349753185 0.37506954578456125 0.40279813466988484 0.3996270124568211 0.11670961676670075 0.10226707319176422 0.2945060379872399 0.09322312495916625 0.06247381543008666 0.22984713896463035 0.004835310532267044 0.018264447186368514 0.0888301142257416 0.0363555457442774 0.21822909380652958 0.14261898669735582 0.10832371436184621 0.07861559606343346 0.01635213090566822 0.03047385578893924 0.18673641087330167 0.20984874600408948 0.1644242455228832 0.02378291075448646 0.11728739841356621 0.09813869932652557 0.018670198312268124 0.02079491245478128 0.13974875057035246 0.04399679508567103 0.04383182370891309 0.05164856621696277 0.030481837580165625 0.13214727034783372 0.11265784370661859 0.028612112855843665 0.02654092834692904 0.0686924812368517 0.032693142538987835 0.044886806423039285 0.047519692562852475 0.1454330554081969 0.342070516083002 0.04561155414375347 0.0480743802474588 0.20309462990972627 0.31070151021323145 0.14343014666148382 0.03564605368133631 0.2764998536695394 0.03171849033525705 0.030509758608038454 0.08288704846828913 0.035913355925081006 0.2288992474973036 0.09267683474188186 0.2335603401375959 0.032167737565899156 0.07691238719406804 0.17763649376530188 0.4644471230315248 0.4595367696615252 0.31619380375479683 0.26600516161120796 0.056652192691097086 0.42989173426964705 0.356480245015056 0.36256402139117 0.044699975954553876 0.14900876539423205 0.1556786493978407 0.04363444133667932 0.036770852000897344 0.1094880167333245 0.05292714545669583 0.149420173103544 0.07570678727790095 0.05820806778859698 0.05602635509269345 0.22459422439981339 0.14718076956881343 0.09173859513240629 0.024594461331959548 0.06635767083981255 0.16195609209535583 0.027670182559410932 0.14788775487601852 0.0789869938389561 0.004486789875632087 0.037913562565326325 0.14420396373646743 0.15778484849218288 0.17599034785295595 0.1688597090244408 0.02637317044168644 0.06622623913232208 0.20951014668318052 0.2697139075825075 0.36460567106545194 0.29853694311753987 0.2056818321956085 0.14781134877286317 0.04258477415729238 0.24515508937639818 0.20237581062581844 0.07568896714784769 0.05908713159294009 0.1495216029683236 0.23855979127682952 0.3157318639124766 0.18447851511040939 0.22428810170875957 0.04465853684530616 0.263486290380614 0.14951841049740056 0.02888819272370212 0.16221025838670014
0.1601124312816882 0.006707104097699724 0.2600883220102807 0.17866952064423228 0.14439871789247505 0.15176224868232088 0.15805190911724828 0.0938787065209816 0.09994035842392618 0.04536242318604616 0.04782030063945538 0.10258169569179208 0.307055186677292 0.06308371252156138 0.06765261170692455 NaN 0.2900742401862764 0.015030425434042686 0.32242838693786063 0.1570905503296299 0.07211845680856589 0.02884493078332571 0.037743423585036254 0.0162981456191264 0.04406349235553613 0.01777668438541647 0.1038488514448623 0.04500837221514101 0.03357702681565806 0.019381871564997773 0.060195351728375514 0.0657665299128127 0.013405669197454251 0.015854768220464277 0.05889051056191465 0.04320017578070122 0.13770531868291813 0.049230392980331654 0.018856000902294216 0.02111832620045114 0.05960607110769235 0.03004162884933994 0.1174297004992528 0.033044291290849265 0.04727525188302654 0.038762429896834656 0.10211032907686955 0.2770864055574375 0.21646101000427106 0.1078945004751041 0.10692071739243998 0.10075744649072112 0.11902077896252031 0.04208390622410681 0.023721344178125502 0.024727044953655932 0.08411174410546846 0.04108318489376732 0.024832499449237162 0.11697550958198837 0.03398300657504482 0.10271135787208012 0.058181869916974514 0.03495682950061007 0.016689530497769774 0.018483912202994886 0.036599385659289024 0.051432330338126074 0.11636263654777174 0.0002954337377788019 0.00582063577697738 0.026013407442653343 0.01148364440954115 0.0011003989331917169 0.02101940663435849 0.022625352297426765 0.022383072071208814 0.10406310930007291 0.033472721332376804 0.042363546511149375 0.0020550511012047655 0.06191997706783663 0.0656752325203651 0.010962112887223815 0.012107184565021344 0.059727348999531735 0.055197309195127255 0.03443604508654584 0.02980977393017012 0.09012902703098893 0.00922655097289816 0.027429926769629534 0.04902464130489864 0.05083463949440943 0.002465767706156019 0.07025316922734012 0.0322882439260883 0.08141392092142956 0.14519949482486502 0.13407046803654807 0.05533962978661205 0.10528012089552613 0.014692960617978687 0.08760425430898354 0.091342677661952 0.05723836059514684 0.07167182637989465 0.03234567943834222 0.022126414414105504 0.0040778105312136775 0.028272006643882654 0.031450993506295155 0.07829636235750217 0.0013331438005973527 0.01458382502544265 0.006092969568790367 0.054404670812827065 0.05656003872681422 0.044545588009137216 0.02178978797634206 0.1804554787533783 0.0312776511546877 0.03259107378568735 0.04533793878281327 0.09288646609165725 0.044425028234247564 0.027074511717294483 0.03935333195353883 0.0026566988701962097 0.03949216769661364 0.05243943069331415 0.017602657529788977 0.046596704042859594 0.006136411335872271 0.038556472073506994 0.0003205216008238299 0.08515540579167247 0.05953811315914134 0.00416125871887206 0.043990508080090474 0.11663774774994717 0.13195679097975288 0.027047020854362773 0.044496878849449785 0.03274751636206453 0.025309460016652744 0.079351723089111 0.0511509525986696 0.06487680220779955 0.0052574526781338764 0.05607717875032769 0.25344361961918127 0.15574256208276874 0.14401984127309764 0.07150818881205451 0.03824419761402223 0.019328799609829656 0.19086237575129994 0.2141589901658107 0.17703614600612297 0.054634656595109514 0.05240477536917098 0.10877956090470775 0.004666742342217626 0.004974493046393786 0.04864897703381298 0.03174064495727152 0.12899315012375137 0.04190238943525995 0.0014690423589727058 0.04211083244379294 0.09422265349075155 0.09075745778664802 0.07632463079724791 0.04200920039144204 0.0072360057983551 0.001909315608130341 0.009823791508714394 0.08143471977734776 0.07260519293753268 0.137180666332693 0.1342605024658721 0.2869375502854471 0.1297612855244728 0.10496481626260833 0.14351587892999979 0.11629354441964172 0.14215709044477673 0.13461004135954852 0.18440958198058302 0.06866856012617903 0.010345921725415283 0.18733617281577997 0.03165685175949853 0.07354198975706813 0.2816680039337351 0.1951025013812603 0.032293861412846195 0.206944255208069 0.12604979197961302 0.08085232760595319 0.05049758215985162 0.05857059901522124 0.03951589632286856 0.02318018183921702 0.05430300919113906 0.09528476164994812 0.09002278251265165 0.09317833857602872 0.007980343071622683 0.045772394616416225 0.03407432413581029 0.033115548519907556 0.03303160880645382 0.013719646375755668 0.09899923321563171 0.09228166664473066 0.07127573419033566 0.051875225129278106 0.07844880877969634 0.025995927749350296 0.0631906173995497 0.027491998404935953 0.05055579953501315 0.01776107943702482 0.01593077819338889 0.008504214122376159 0.24140414276828875 0.13536623628816338 0.09099399520972633 0.17939413013574007 0.11843761121373785 0.13108144060631907 0.004192410638199223 0.003520739133022174 0.03042883468658073 0.025510732183781304 0.0009097204513981303 0.11069265574033184 0.09823195047488159 0.000803799925376907 0.0527494567186111 0.06502374198828917 0.03819804312039566 0.021392081291202906 0.06126271492681177 0.010819894007203026 0.07070323772263168 0.0005719900617443509 0.021787244097250327 0.009325870530828747 0.0589638000877376 0.04869986479285198 0.011441590332506562 0.029785363793977785 0.06289541111294254 0.04003532377163313 0.04905911331876126 0.08556044277055888 0.03464384711874402 0.01698798664066031 0.10254948813307999 0.03834591916081416 0.05087853391077909 0.0006205473734440096 0.03908880272353823 0.012561198016939482 0.025398687477030495 0.07066230052695088 0.09154878342060402 0.0949981926778447 0.06336606654434063 0.019713408645302737 0.03179870220793478 0.01895890612793499 0.037412180017540264 0.002708864111976867 0.01254372030025326 0.08740364268720541 0.11547325782974824 0.049301622675129254 0.09668590212070141 0.05009853417653767 0.04266347024813306 0.11452157807999032 0.03697466999287209 0.08817639834560442 0.0051805834323219915 0.02611928418625547 0.04532992017177319 0.05910674782039138 0.0276559358704555 0.04381540064861146 0.03902016421985041 0.009485336974128584 0.05659394768099422 0.0863650076443435 0.037753237438658306 0.08830891915594193 0.034604281982595006 0.14392898075500257 0.037248325250276285 0.007755321884583291 0.08942459493450043 0.04224618886317532 0.04873787519858826 0.08519943317501201 0.015563469842644633 0.00928862590063312 0.04637584996903499 0.042422293351031676 0.041624435044388716 0.01988905593232132 0.008817408369794942 0.007130136985946885 0.04627628717531927 0.06323973260134194 0.034105237727913525 0.00638933176312102 0.03376001322753207 0.12215210130563288 0.14372969260867874 0.08590877798431788 0.07233297625135303 0.03431290105693331 0.11887140013010088 0.02725408413154615 0.09614131512145324 0.06165448339124166 0.005855178272819648 0.01706818948000515 0.16510278174133214 0.09812824900986232 0.14379190873139946 0.043318773632469214 0.010002454217665872 0.07116131016575301 0.2133776181246504 0.1940774516873975 0.12118969413966807 0.03928273405090971 0.04341078544800341 0.10878490827299697 0.040815253713601354 0.023121882637342158 0.03946565070973916 0.05573765667464723 0.05879355454199769 0.0184887698235815 0.11323505373037548 0.048538953288468585 0.021975826359774565 0.08731942858119464 0.06590726927463196 0.06604440812675628 0.009497946368040319 0.05297893951250537 0.09470041790120834 0.15167786621537369 0.01923780365594311 0.10844851309428165 0.013960552977975542 0.04844819841879509 0.030089400819213845 0.015653079582188936 0.005689485072180193 0.0005688965905697947 0.0466971402198954 0.009084012080292948 0.05436972738429524 0.09636055910878463 0.021325745301585132 0.022669005990043328 0.0856958496953408 0.04752800771297547 0.03321204737826962 0.010682517839884382 0.01961654351053125 0.014031562593192175
0.210197593025919 0.13078903176016984 0.25595830449027235 0.2668301528185085 0.29908769305207955 0.42090352365410616 0.36487188302149676 0.27982545360116406 0.16175943688879107 0.03659283955674771 0.31073698879648365 0.11138495207968806 0.3038789483721648 0.016943115397935766 0.12184825243726738 0.2900742401862764 NaN 0.15506323291517854 0.43471518831916844 0.4306294897293747 0.21768049057559263 0.1973945439021037 0.19106641611814543 0.10233750448223876 0.05921802436625127 0.062409960784406485 0.008479397236782732 0.152969323655505 0.019890232008864923 0.08964654152584041 0.04685202368964647 0.0610541558792001 0.056612812594398106 0.04448704430267655 0.05234255042543239 0.1003994589388159 0.005521161032033361 0.024329946309725577 0.05661287078028405 0.1343533994958168 0.030604078769187974 0.035035622870734036 0.013069563917997504 0.005786288060802736 0.1218752813591705 0.029166401314086404 0.23243048671072825 0.46949832591100893 0.34571207124057896 0.14962779783688226 0.22920824287790142 0.21960567068245884 0.22022493929272763 0.11566473278436248 0.046058291800920324 0.08164786834906235 0.06117680028944877 0.015178048867474437 0.06105505358906992 0.059551531869402013 0.024143835650309857 0.06822755420211099 0.04803168926118264 0.04039407633995433 0.04474019426833214 0.1565009729079709 0.1113406435325932 0.11250193751973235 0.14603360047260716 0.06944581472421392 0.11210326158523884 0.13396032622636997 0.08981676154699661 0.07906319541930037 0.18516443726275555 0.18161091248951935 0.07147763892840708 0.08588810131826047 0.14848832216274566 0.13620715924001853 0.2733550416698474 0.06000078414677569 0.04571532726187396 0.0038029919500299223 0.042607258465957504 0.10287773774801351 0.05665185843755107 0.03300690997067699 0.052362379791033906 0.027842666632138125 0.03113554308523748 0.04829646921419388 0.037711422774409024 0.04578256954813726 0.21648128945233933 0.20797696778646477 0.06299785991325237 0.0837415878319865 0.003312979512314039 0.10713181760764352 0.014893141396345106 0.024436562293000987 0.01895309283546248 0.013996383473749657 0.0567040128545276 0.012162124925436986 0.012036113449728813 0.03856897313011702 0.005582454013367657 0.021386986282398854 0.09179713838758549 0.04042077977473334 0.02321130842135901 0.0007732110106470248 0.034042960556592436 0.15473508421541113 0.17501056270576412 0.017278623057655824 0.0799499361583161 0.009710018609514256 0.12877364491394855 0.02669254567976653 0.019845805012375498 0.07746071952429272 0.04607555822751123 0.0763150077941458 0.10151672724393099 0.0284959443706447 0.1203996584241449 0.015022509237965782 0.013559946929851099 0.07852549191957627 0.09289179424918742 0.01042855116698734 0.04505535223410379 0.038124153952953606 0.0951495424405158 0.3653340386590398 0.13313567410021834 0.16227933547042273 0.1752426113878904 0.06484194344400072 0.08107941805857916 0.032773171849021204 0.011420348374402188 0.18858332758382423 0.03740910095337669 0.1755175074680393 0.09046528791254366 0.13960729083676343 0.038331663152435934 0.2896620132633368 0.2264045345488159 0.2389838880215533 0.032949262071991586 0.18613251191847704 0.18833469279576756 0.5585670663494093 0.3455171836529471 0.2281192609246342 0.05485281381980856 0.03608505331086767 0.2234255958501534 0.09295596323859795 0.02007962390636532 0.028802295481212097 0.11354351491873924 0.043184480629539404 0.02012830395459419 0.11693606280568784 0.10389351995320058 0.07833656184960465 0.0017892367830103124 0.09684321669527343 0.04619578030017174 0.018375517338945664 0.06631694875538201 0.05082928253073329 0.013747843631681586 0.06721132300814786 0.18442137477358644 0.21143695575555566 0.1812908888131898 0.1986249146809607 0.21998439163346212 0.4258650062516161 0.3192876154717185 0.2183414907897453 0.27402958225092333 0.2018643920741299 0.22039811056397973 0.16352184444384987 0.2609038902895576 0.06461253978864281 0.1748971644051019 0.4142987490429703 0.5325994379123407 0.25317716644716753 0.4116526337150443 0.40475672667078066 0.31440952162100677 0.3016403605753059 0.14350379404342598 0.05296282566651727 0.030200642821766065 0.06265659823096952 0.056303794599489275 0.0035970309968114894 0.02936545197574621 0.06736626206709678 0.02578169817138749 0.004130892554441288 0.022630828179397412 0.018601888134032744 0.12463606648897795 0.13624929792040988 0.06836571196320815 0.049115278014940755 0.05062554154241303 0.16028399647755467 0.018354105176224562 0.1497712945435251 0.06218071947480336 0.013014378659102266 0.07252651736987736 0.061856860320477935 0.2209456080092401 0.36924161098047775 0.3037254371672987 0.09999059117589572 0.27450862125249387 0.16516422521090063 0.22239636571922006 0.15668982386055183 0.04945180964256546 0.07613463279691511 0.024294953426976323 0.0016067721389975264 0.013601765041268955 0.07284597467849319 0.026969470825090838 0.03211619110334425 0.1470090386234056 0.025200632779812146 0.034381498954494945 0.020689461297266894 0.11223719840612591 0.048224515493192795 0.07677051874115928 0.02828519556658018 0.12019148928169772 0.0859124822515115 0.052249360065554924 0.008865609746558216 0.16229196626899484 0.0059689722372820685 0.028369417843393276 0.036619104686482495 0.008973801621374195 0.05695552117602009 0.150369106021853 0.04230887538549226 0.030750913862526923 0.02687814028708052 0.0364136048441217 0.058440373165238556 0.050682933351698746 0.04309304367462597 0.014342152930052372 0.1082517092722447 0.035653713960748616 0.03810492067055379 0.023052612323737152 0.011555808946840484 0.166476709196287 0.07376735172403263 0.014441227303288277 0.022522895310980236 0.04056167130165274 0.09549810491967259 0.00731939371449679 0.038654501816735284 0.013227338480426749 0.043327469514689736 0.016728372788358842 0.04628271127695402 0.10581004253275363 0.016480643283173228 0.06845489852285706 0.048806069251821446 0.04065020220998333 0.004973926409278645 0.03301252046422792 0.04326910614719791 0.004827186524384586 0.12304803577323327 0.09394414212903364 0.05984965460592584 0.005003718920900988 0.026050227100811903 0.14934663074542334 0.04879814936115384 0.056801710678652126 0.08895551837999381 0.05921927612410275 0.07624936318380611 0.12864160213166895 0.12029693134437441 0.07277195263194045 0.03838191528612936 0.017038109503379785 0.0513294194735672 0.05569731895239983 0.001726516271808791 0.1526293637693793 0.13032951785309232 0.016315409388016826 0.3584717045269377 0.03462436755115147 0.001996689557275682 0.0944108272905743 0.14499181824404378 0.09928128904427615 0.15948123191065372 0.053966095412956605 0.16538160693804918 0.11067006993870122 0.13435255251574899 0.2136169022057615 0.09208304710282884 0.01849676463346781 0.1641896401579546 0.21498358210682372 0.24806458485676142 0.0037743602807729514 0.11057183396490457 0.2474013870834257 0.5359747456100189 0.3226075264567327 0.19150227050183888 0.0437823473494582 0.004844951171206853 0.3380540758056946 0.10599109473320921 0.04582419725338412 0.0014159759050183186 0.11709016422650431 0.06963882797169348 0.025331246770447576 0.11686241174525895 0.06861307252820446 0.00268057687840739 0.05468278373221251 0.005367979578035042 0.008157919293785388 0.03574615861272072 0.07491656070268311 0.0025746667791836874 0.024316608229173958 0.09182845722187469 0.019217780030692917 0.06285428049650196 0.08922736700691788 0.08625768082588807 0.028327474811923513 0.05035011959258702 0.1250962597178026 0.11314958855120805 0.09189538745779388 0.011569962643241553 0.013020867873440568 0.050811612349249975 0.04079105902464392 0.015080055548970281 0.033474694156786916 0.09219162205879415 0.006879246036470553 0.014093570484132617 0.025891812150774737
0.11505077454014304 0.45714759274367966 0.1600864977462142 0.04115933001958871 0.1266182727836396 0.45054201795697657 0.506644358669299 0.46830886403056454 0.32688888248060877 0.11223964381970747 0.410978691819569 0.41319646177488983 0.09590879113923657 0.16889710335877361 0.32601279117316945 0.015030425434042686 0.15506323291517854 NaN 0.16287419954500923 0.401840086267104 0.464860572558837 0.6960983581259806 0.5471801377511551 0.25821733721371387 0.029118052495604632 0.14832448743604332 0.10898022019049906 0.26986285684576666 0.0037165920280924337 0.282323791335782 0.10095404573537067 0.06853317659479868 0.04160845936487997 0.15357700912055985 0.04545032602289644 0.21218303360811588 0.0021198775733081016 0.15024121016271902 0.1631052350391277 0.3022770438581395 0.17529995860670447 0.02333986368057976 0.08081478371261548 0.06498717219955218 0.13500463791278616 0.06565302565191547 0.38722349397128886 0.27831139954827433 0.16747401428060682 0.12181824222331444 0.5259649200818022 0.40521435268670264 0.348191670311531 0.3139431180163937 0.20287898454920605 0.2619835978947305 0.11710169357141013 0.0924806827381908 0.10573361391452421 0.19821843649574347 0.010754105758036965 0.006541980499465447 0.05939689471330323 0.047730503803890614 0.11569663764524227 0.22047272406437504 0.2970184134299799 0.3271685345263049 0.31980413840051664 0.20940374646082552 0.2757284068668004 0.19033098230293177 0.2755651608221918 0.19840669724410787 0.3199734667033674 0.37866641169932574 0.18015241481966784 0.026805285089913106 0.2427987221768275 0.10839581934991922 0.40718811751022527 0.023446149685218975 0.20738263381377092 0.05216702638588787 0.15429176635899455 0.05227676004986333 0.09620711351158548 0.024612564610821848 0.1251879952751038 0.030052707091931304 0.1362198252320976 0.06016522674053072 0.08813559103678045 0.1224486472326257 0.22535957781092128 0.1539279712433773 0.029856112516549977 0.12245468688565403 0.00519400736988383 0.13949036884536264 0.10133626894120216 0.02054311932873811 0.16035532515682724 0.06655186237410245 0.15175161233504333 0.1970418982889379 0.04446049765038438 0.039858110313822866 0.1111971174715318 0.11632007963764482 0.09929222544255395 0.1297379960057138 0.015448806838844987 0.05498276806024143 0.1506858920877694 0.3832590898787215 0.24990123588353624 0.02716840659701267 0.0031026133980723144 0.10317253254698096 0.07280379364164781 0.04622682083130361 0.14177297794570295 0.11885221654039435 0.3947241926297346 0.0693942119365341 0.020981277048094646 0.17190223026606316 0.35866534308120107 0.0480097880491015 0.18601282498099794 0.3752064963051263 0.0783188813883972 0.10648101838970554 0.08866813000584632 0.21667423134741884 0.21102911127445942 0.5711789022073595 0.40458660897262566 0.27474071786818066 0.369015180115368 0.07558877887023839 0.18066657379429982 0.006630741508410931 0.05027212226853087 0.012971995228887038 0.03519169796439794 0.2578530773937397 0.06708206441972263 0.3986678374330092 0.15561840523875167 0.021349552691034265 0.17620681876758693 0.1754796274860403 0.06650612516788161 0.5634744124536689 0.5991848620475947 0.3196608591422736 0.4452718989063523 0.23356333097103982 0.10929612732529904 0.14419055380390744 0.3039175617428364 0.1706478945819792 0.1558420501791039 0.12206207502260515 0.15253905150059097 0.10017179561772516 0.031175658370753322 0.1811111746212996 0.023872177410241224 0.014285626196506562 0.14250658130115848 0.15742685330577522 0.19303197253101897 0.2245774536899841 0.006718627178963036 0.0011037559806891934 0.164137669961851 0.18787750176939083 0.13826702983203035 0.28768359267660293 0.07549663345958368 0.10510399204186603 0.002881063983574577 0.27895094578660684 0.3775796177244094 0.3659878128390273 0.4207375806571413 0.05799022689858995 0.20072342332999277 0.3588479479587724 0.05640237671444262 0.2537720224554865 0.42122955317186395 0.049052508513436184 0.15727285919256165 0.6345938220464569 0.10261607253443605 0.3506414266208848 0.3941670635156057 0.556692514338512 0.39896242935585746 0.2557580206126774 0.03505943453159469 0.14644237381875838 0.09210670669665004 0.19438814035747354 0.05847457952500805 0.19799433632696173 0.010581777333189617 0.011000800524112257 0.02112455834007514 0.10601240088881923 0.16719662161500337 0.1938603434102941 0.02891375064877654 0.24484815646433994 0.2055543267615113 0.30723441374465904 0.06425440068977084 0.01836145149431068 0.014875531392443766 0.049307576689791265 0.1442450208520762 0.08123945378705259 0.4150003557742191 0.07525438980050671 0.11664362627026843 0.04971721709020116 0.39068512434132074 0.3393748147197842 0.3133314529561199 0.2830960008631605 0.18176371018398646 0.19101065680367002 0.11686135671177107 0.01761725251520584 0.14965138976030112 0.036899415075276325 0.06570860806564933 0.029071365177357845 0.1317898720801052 0.03739131585598427 0.014764600319066118 0.037136056752278025 0.21748061544506106 0.15760312981310895 0.10976222175370264 0.1317992441435729 0.24645529542398859 0.20908969029509428 0.21861337105122236 0.14269693214204532 0.3293270060350281 0.11938716283497396 0.11642685002048109 0.0021648198633419267 0.055916288990433854 0.05546705699534329 0.12623832884942496 0.0015985268469109382 0.09895574950439057 0.06927315225836853 0.1377359156800434 0.1337923786918026 0.19207219975157624 0.0809127895174787 0.03121807440550112 0.15728644033871858 0.008870317599864246 0.14908039927472133 0.021195148826693773 0.040846052929237556 0.0947020661476972 0.11289633714977733 0.029403015898235477 0.043052040596822785 0.032901195893645215 0.13111432919823232 0.037085517238422336 0.055614189401845225 0.13509909834746317 0.15446990964945384 0.13600930669803374 0.06835438177784821 0.05426002809201898 0.056421542186328236 0.012648328408072642 0.07654612256820656 0.015007004798883181 0.032959646527823246 0.07577401823171187 0.048186064647502684 0.11497504083835895 0.34791746725142686 0.1848465806635178 0.11831191479825165 0.05836541158831548 0.06517456423562455 0.13351836252714877 0.09128221050064103 0.10056872880389603 0.02217123406514564 0.3546028934666031 0.03221925913194925 0.021775762497713718 0.28962999009125767 0.3599853134553487 0.1312193908078075 0.09870865974778176 0.13833405901341259 0.005972452245141065 0.01906059748295492 0.25226348127762327 0.25693689304 0.13781370221053194 0.45820611128248834 0.4085364770379663 0.17528661877964088 0.24978212705732983 0.033812240905449015 0.3493724525019427 0.15335709849781462 0.041190778436738344 0.04379362539065223 0.047948294320416605 0.24281037916711543 0.18775258974838854 0.2921382959917504 0.12459250356658559 0.1648442125010007 0.2631313919343542 0.12126106955606296 0.03366425836571194 0.3612312619648425 0.3319140582733246 0.2895053007638237 0.26525758985771886 0.11843732531952714 0.10474474623021147 0.1421160677548113 0.33380054298862477 0.07491996246013975 0.04006039508208034 0.0005033367086361687 0.1458089265497428 0.12376720107980618 0.04619641567596936 0.1392315220211425 9.288384691191993e-05 0.01260194894572258 0.01188502480781387 0.13307812803568822 0.22079683672914202 0.13748784435689917 0.031053739601317788 0.014816885029418709 0.11856848536219076 0.1266096101105409 0.220746581514398 0.1467774019338424 0.003177747122276895 0.06441630502511102 0.04008799154470516 0.15089713255391238 0.2676230920194691 0.17168925966756537 0.03938395472084272 0.12347479559955121 0.230422712969959 0.1353249768863079 0.14245939515007763 0.17543549281144863 0.007789079787675663 0.2534362304370088 0.07927973552632402 0.040989299072339246 0.0964372350585448
0.5469805876866909 0.27394564347606476 0.3939827451772675 0.5627259101333153 0.5721307574247325 0.6698290677641751 0.5079770905877881 0.17189266859835123 0.18676796396767506 0.26181315003864514 0.18388424818857785 0.11757029659767902 0.5660053933114174 0.10974361087564165 0.025685136674974123 0.32242838693786063 0.43471518831916844 0.16287419954500923 NaN 0.5860867546168055 0.34972187642238867 0.11516652637353074 0.26180503129036864 0.14603078846517306 0.12730107800050225 0.027320245821644537 0.22858021307134338 0.26708150681242865 0.11022888150359214 0.07892855918101255 0.05752336328647564 0.1162605809654652 0.056876838419577316 0.05515937949185099 0.025619026555874752 0.17103275033499263 0.1437276497768287 0.13935134421388776 0.10089462860985436 0.03797732115392764 0.16704651290431605 0.07429676582896795 0.06653185295208523 0.11045377226693008 0.08990828965794635 0.08383273111877323 0.0966203824686681 0.5700859464766498 0.27462904643089153 0.2212266901604369 0.20136515076180114 0.17441401098595574 0.2473328589199098 0.11063866895525354 0.04195149370985359 0.07062921647257751 0.1720898798216174 0.12827188881838733 0.1754677276161292 0.17828939723325207 0.07155843590522391 0.06369041904051803 0.04500056712786606 0.04505215975085087 0.01721236110097145 0.16431153613461416 0.0895792150977538 0.004162933784526604 0.04837499943136358 0.025410118824794083 0.04181562324293705 0.005301407535601574 0.07043461545294903 0.06838235557022786 0.001434821259450036 0.11817581159303704 0.15691534331562862 0.12782529221364156 0.020024884525566285 0.08470855201191661 0.14107748137394224 0.054022420432285445 0.05567728624848941 0.13273793654849753 0.09341418865021553 0.2217982820926548 0.1280587283395609 0.03504216166415519 0.07444488047729343 0.04034064675910861 0.11186813493562615 0.00870200215620535 0.09491795795908724 0.06258749069088691 0.11538396524030861 0.13034563169198615 0.02636449858023647 0.02459684188035871 0.1739783344049379 0.18892597161210511 0.01654422437199921 0.17766950466246698 0.046022176626305686 0.14822911861093516 0.09742143938641794 0.07113940404192719 0.0789927590206763 0.0903372219220879 8.447288638317916e-05 0.027915800024977677 0.035834794528752496 0.009830310773767444 0.06592273349804795 0.10451002345754387 0.03982967487003646 0.02787105955749991 0.038423733556932196 0.08514722659998505 0.03666285694238045 0.06442475293850015 0.30827348296285256 0.06766233450397839 0.003554097399472038 0.0936953558077304 0.11897822693231755 0.06904552743825343 0.0178911193525067 0.04204454526618878 0.028315964796923325 0.06439182948703254 0.14402746169617914 0.030876892673468617 0.03049748046747097 0.06654632244742079 0.00937370191775879 0.042693991458091045 0.014080735670538082 0.17116557635134505 0.10376580526956503 0.3431033962583699 0.26280207746699563 0.20605907409834676 0.1253319490949013 0.008102558607676369 0.06134805780633337 0.04672331169051407 0.15567157320592714 0.02715513444063913 0.029895689378156818 0.052859034849501725 0.05760976014217539 0.2659038077349478 0.32153651722350246 0.2936866762890563 0.023036349845041312 0.27978761743671776 0.14719393648785165 0.5635145956490806 0.4414347341398735 0.3071605126163114 0.05532141849830989 0.10486653614642352 0.2350341820280212 0.04745454339808496 0.014097790261500242 0.026729479932597618 0.06542800015048522 0.12471230304747896 0.14224876817520538 0.16080147574170897 0.18080477833321085 0.16074423470296864 0.14296185971106262 0.20792354429146878 0.12667824544378012 0.08430813588883682 0.08562289497732865 0.05905793351123 0.20474677402679195 0.1209985047119054 0.5008870317261961 0.37935326380164763 0.3534184574295914 0.43258206428371393 0.46787494042356453 0.67222291000357 0.4285091383949383 0.24879405491973164 0.31238058369976773 0.4116573072762405 0.21484909019940185 0.008306792452258455 0.40974532885983506 0.0589116990817038 0.0136827247746321 0.443334098446101 0.37688904618921215 0.1411194459402406 0.5687756762391462 0.41450479481384706 0.4609208354818795 0.2837074070145219 0.2629001094553957 0.1290431736867344 0.07455380770159717 0.11544324743258988 0.23245744484151878 0.18585918929297057 0.0830653469416827 0.05714064088519783 0.07266325360247296 0.03219030638868338 0.057265856595633456 0.04180901361785322 0.024685719638374928 0.2656661561286921 0.15286636852286586 0.1033344186255292 0.10231292345487411 0.10010500026386103 0.05329518656377854 0.07415288337836348 0.1005665162425758 0.06217446020424281 0.07224172266000296 0.00248726517421067 0.063625321099518 0.47743543352427814 0.22855852948936084 0.0892191724606328 0.2621175406683394 0.16432137052901086 0.3147014407126374 0.12157617654698362 0.002330338182185295 0.06501990690705307 0.03962602963968096 0.05429337679260332 0.18809262665617107 0.15624249340480267 0.013875276606079545 0.054508490240783664 0.0185649485217169 0.10883452334250707 0.05359163179742741 0.008062700225593545 0.06001246222397087 0.02028637454669955 0.09000901110961049 0.09303367022469329 0.04610332428672415 0.0472773692022651 0.00790409314858173 0.031026262353982884 0.024762346099116966 0.11102865143135582 0.0013292360200698008 0.0590042179065896 0.014734605692441729 0.01371552777591017 0.14608166781308796 0.0022982849268495067 0.0028004879682330354 0.1578304520268442 0.09543542276044072 0.10299648358149695 0.013035301651533927 0.0350385214667829 0.08252528798477203 0.0996072262929479 0.04195538978004505 0.041649618573280915 0.03558176523775316 0.008096808754845832 0.15403223006932895 0.031099260011615525 0.08430124961180531 0.10267750162406818 0.13366389998202483 0.14905985855749224 0.07150712641839274 0.17725172380113619 0.14261555222638225 0.13838604319956835 0.238704212291321 0.16061173720075214 0.16656208665004313 0.10175936372582856 0.05504490540050291 0.07745055887599908 0.129337752147207 0.07340604150335826 0.07040978482581214 0.03405457950176501 0.029405738251046483 0.07546483982743434 0.005572394905877091 0.018437619719868303 0.060769912864389035 0.025092302650780596 0.30838671716557764 0.000345041230885956 0.005713896664626075 0.22797647966892878 0.10619730875360296 0.091279720550142 0.07974203754094801 0.009253188619417577 0.047631184405138464 0.009146396592902202 0.06617540369008669 0.04742203888470741 0.006372193290326254 0.0759217866663499 0.02591659987103019 0.0027660653416896187 0.05091649771237025 0.21415915274017963 0.0322538058588083 0.03198124252791159 0.07070280561192722 0.2801711556557729 0.1285125789130489 0.11060908646157758 0.04877447494799665 0.21373175725441454 0.10896199448485604 0.09846669090735694 0.15488112743980426 0.06683362052226363 0.11184858674900224 0.09855521069885922 0.2822024220320162 0.26704483281317765 0.0035746601700123565 0.23910591865118022 0.2541002046925732 0.4553965427347564 0.23998192701322013 0.19725928321301167 0.0015769671885731888 0.033483726827828714 0.2937825334533265 0.014446615947817616 0.041231859566305845 0.003600271150324913 0.030499650289900267 0.06693819216364374 0.0831636217713358 0.1349079007803346 0.08382583158408706 0.09247089220849636 0.1341451612021154 0.14193335965582007 0.020535519351768027 0.06524026454660481 0.0707957140595144 0.10692220019135286 0.10385671694211582 0.07752262459999944 0.08040971442228545 0.13553855664758982 0.0531535451012138 0.10569192320053895 0.03670019674656097 0.040973630581099464 0.016422686711550866 0.010720217503493388 0.061126449033905766 0.05012407284187813 0.14647144119238026 0.12290487659477631 0.0032455866196312868 0.04936082031833363 0.04749848526772722 0.0023199845446619616 0.06998135229803348 0.035157789893634585 0.059011851806684786
0.4188344216722115 0.46396983708140915 0.2732722612897032 0.5103579299589686 0.6371034910418761 0.8169649622358974 0.6122584345784488 0.3392925797509766 0.25255952714186936 0.1898759793304521 0.32867566913945134 0.15687805937578994 0.43020783481514113 0.06527331067891189 0.1321997025766898 0.1570905503296299 0.4306294897293747 0.401840086267104 0.5860867546168055 NaN 0.5626420337602023 0.501715342915703 0.46021820813646364 0.005980710119715206 0.12940592453476032 0.06633072847643763 0.1901740851192942 0.40224431132729377 0.025695466726623168 0.1926081368773478 0.007064146418255695 0.14502242481248187 0.07023440718330384 0.09908550561685678 0.010812104303188068 0.2551215885022921 0.050230567630399736 0.09144945764353414 0.12444522863171203 0.10087148742890642 0.18086521916178055 0.09641307029507441 0.008030113650054337 0.13489565204134055 0.18451822145485203 0.15823484320475 0.2571783568949743 0.5835261968577634 0.2568723003108743 0.10605581261261325 0.36977037557753895 0.2759758068959334 0.33118116525410085 0.04837374622294419 0.012119118831657652 0.03773948428272903 0.14959336500101458 0.004698379064825261 0.07411875729892398 0.040513377646555764 0.026183375454385625 0.06659546370470018 0.1319697418041726 0.00811279555093623 0.0008989851147516768 0.25443235412134335 0.28612132207977875 0.12350229323464769 0.1500840129469663 0.01675067085804758 0.19177772786632646 0.11339584318105271 0.12100282241391874 0.1352917326245419 0.1780036120171744 0.2897048485750666 0.2493968095625108 0.11506056392629602 0.14367535045049254 0.043051692520168765 0.29037326286455273 0.059001459363214 0.11103420384872702 0.20219418257863303 0.054823044779906654 0.24368728581938573 0.22185166485575378 0.05995508182061838 0.06803303216000424 0.012837031589936099 0.20180359119580307 0.001038205744569614 0.0976342593206122 0.029533066288175217 0.18459965676717863 0.11130101715882568 0.06601827027782564 0.09794643598643742 0.06609122866982929 0.09227922004006323 0.007769085258597028 0.11959111075236831 0.006404013849898665 0.005239109540522413 0.08196305719357228 0.07590433856286845 0.04739160563050774 0.008609005974912437 0.020013397073676883 0.05127333103984778 0.06873621324130473 0.047344727104883216 0.019258710382098778 0.059203694511719356 0.02092984586575178 0.11521919877221502 0.032130009584603665 0.05680674383271282 0.04565440241671191 0.08298945791367646 0.2524030511748884 0.09353114568304736 0.05549935998590217 0.06050955926171313 0.09079929138725747 0.06127766470776991 0.05629106832673809 0.06423575204508995 0.1723521203715502 0.12164664377089535 0.04543916561889871 0.12329118270674705 0.0030937901333574097 0.03675683851312483 0.052919411126651106 0.04386449992383772 0.19709714379236334 0.4595880867031686 0.36539030394358296 0.42945153602117275 0.3565284269318907 0.06780731694811726 0.00042663304475787025 0.09321735454411115 0.10124186751069221 0.06508851808098028 0.06743403294553867 0.1127950268349428 0.01971807871578625 0.23972310534002497 0.02920874306237524 0.2149852034045263 0.2598843607966042 0.2578483632247706 0.02961348696435277 0.5716693852425389 0.4177298236834441 0.6936148045480125 0.6410592012505343 0.27496913266878553 0.04850679885164014 0.12189760254700939 0.25160177307863485 0.2158895321431694 0.07169648035659962 0.09986514923220828 0.06308820476006376 0.14272160418284333 0.045943080222438544 0.2013648141483479 0.25635170096070264 0.14127658779295083 0.03084119321419369 0.010368564092830697 0.11975480379942033 0.014252150758168753 0.10465983053736919 0.0007736197831849378 0.07547033881398248 0.02103433275691308 0.4047400612398442 0.4532440136037711 0.24450285223412857 0.3987415215352807 0.47057819414110397 0.7635602454643079 0.5571757664154615 0.3016015135705212 0.41896883515065547 0.3428278239597794 0.2869039975097141 0.19416195076840256 0.40474095112617475 0.04669701063000815 0.1445769958351306 0.3929381869627272 0.4115850616231798 0.4367739614423101 0.5595749437703086 0.6878578891848263 0.6521060317541482 0.5513298463972952 0.41827850033213115 0.046506819994490536 0.06364245303965797 0.00795609588766826 0.19141026660925833 0.09237473309078656 0.00788261181384015 0.15137638688215357 0.027856801823933196 0.07205965852232647 0.013574155437551924 0.049925346174859365 0.11111600719144465 0.30856449538433206 0.09783936973129954 0.03493381901372293 0.12647955539093256 0.20246155804628974 0.0186676000336395 0.18903786224995273 0.14609405928157299 0.04428297287147273 0.16450345018875168 0.021529623756029587 0.23611450992719948 0.41854635532053003 0.23671944679129467 0.011015724071297759 0.33277144919430124 0.20515028703092286 0.38136319377228844 0.265722715513708 0.033843493100323425 0.09503850298042221 0.060777726958070655 0.067241802309793 0.10989606919145996 0.11140584325199793 0.003252162692522763 0.023529647091634968 0.0903427893383082 0.04278791940652589 0.06597990213565079 0.11437329545614922 0.19446364618070527 0.060891162534974896 0.03230611878443601 0.07136605844763072 0.09236991402376786 0.06934303927841487 0.060024111317201236 0.044155874522161354 0.15261918697771742 0.03395912420497144 0.10028698627232575 0.024670173442074894 0.06162192828350293 0.006706008145016964 0.24765418232169006 0.10466555871519762 0.056451802944492625 0.15919660920209205 0.03713340071284485 0.11752427936410585 0.14079577113380992 0.14475238644718558 0.09296717178023328 0.15920330482415473 0.004479244700086937 0.013343065001939356 0.057974615603467915 0.01905126028548395 0.2383275793873135 0.09170463546791903 0.06200888937939127 0.08254804069905176 0.008943502174731546 0.12321852721788938 0.0328339873486474 0.07279444910639847 0.05261441541784469 0.03271864952219477 0.04987530639227157 0.06812042886891687 0.20455293147944004 0.09981424295370452 0.009317875683702336 0.06911427122563014 0.054888707682217895 0.08166234085188667 0.004888890626245292 0.07313464104403594 0.030753249741949092 0.19377273901095565 0.11522883952840215 0.07935801759516715 0.009224676661830303 0.014877638756047293 0.29700836044414664 0.04152414465512581 0.00976325510388655 0.10949672194343861 0.05977551785058267 0.10429544720999415 0.05489487348960219 0.102109235648597 0.182281793733786 0.08604131616278851 0.012613337520852254 0.026735203681549264 0.05130195128879301 0.0077591221936728705 0.09742819639170747 0.20912709489882952 0.001604392480126484 0.4860970830928917 0.1787950169967746 0.1506527466019029 0.11514932457507736 0.16997113986550497 0.04201059893748379 0.1547284413201845 0.05179777923260326 0.07762142214612582 0.022498573538657373 0.0704548436208029 0.1650872739266927 0.08789302950540556 0.05866503454132865 0.08111572929969894 0.3133316716283529 0.2219609721906751 0.03809702878280678 0.40574063442139946 0.37928845893804886 0.589294361321491 0.4487195377451155 0.19922156928671494 0.11795767815234356 0.0022183343712622434 0.43700422328788924 0.10392599554401738 0.06881315584743884 0.04886979540403934 0.05831426096162608 0.07835145722415103 0.004915293119062195 0.21177617854762795 0.16348164253055678 0.04690129678726272 0.10517703870269353 0.04790077382451182 0.03058587507839774 0.07846354199977204 0.001030110024316812 0.08064772963697052 0.03623978493521769 0.016126176567527756 0.056847532086792524 0.13706250276341103 0.15238134829223163 0.09696084264281174 0.019927774274234127 0.054495924461896 0.09494975083991147 0.09182820402790509 0.07932981777309872 0.006397553282913266 0.004502122585879784 0.11185061897124308 0.022298200396756482 0.07551665427930895 0.04488904714566007 0.07260529253224891 0.07257246835347311 0.022171476557580404 0.0800450546436455
0.12893952418042495 0.5595234287726968 0.219504837937017 0.20575317056429865 0.3482836693529931 0.6394142532302329 0.45895589273167503 0.45653294169462527 0.45620239238707794 0.14946558133216362 0.35565830419869604 0.17734348495779895 0.10274067286369101 0.01223645572381962 0.16672077721179235 0.07211845680856589 0.21768049057559263 0.464860572558837 0.34972187642238867 0.5626420337602023 NaN 0.5963959048996956 0.5206527526241146 0.08420315379355002 0.1140477470784041 0.02462904201690708 0.16994001352780527 0.3643308120568849 0.0848148926882202 0.27049807338613063 0.15021414660556007 0.042435748531542826 0.12516358139100445 0.1441307193268405 0.04714402872374457 0.26385791435676875 0.10437850303333329 0.015128225378024789 0.25806764720291514 0.2149027379540895 0.1891458087360773 0.005071530599616481 0.01268688008038268 0.09637866195933907 0.09598024888894324 0.08036591930497411 0.3167862924020225 0.46698919451881094 0.24630584457541538 0.05521758599909567 0.5072182272566356 0.3548977132483076 0.45472323952279325 0.15804038294898673 0.12059134270627551 0.11222345830361395 0.14173764039779038 0.01401831860882905 0.022690077972493346 0.038824556088421426 0.013964261862033102 0.0022035995313447517 0.05899371650665789 0.11255960325449997 0.051981526243929876 0.3309962214326028 0.2558151499224123 0.22957543061330354 0.058347980062345546 0.003392420461603943 0.12199804036497261 0.052588988475125796 0.20519349468750323 0.10002997018703062 0.07930285694309389 0.2455297504362643 0.25547317827330446 0.08811928516069048 0.2648447029702963 0.049117753772960286 0.3954740200140336 0.047816706674662035 0.22532000544266143 0.07930418001178345 0.047378406248998986 0.03148433279534491 0.07519507978248607 0.06527506332430637 0.15242688561702916 0.11423068725325627 0.18001831940420698 0.007220984149728011 0.06328954966141104 0.09256353790332801 0.256654921695534 0.1663287389980416 0.08458309136241761 0.08705616100588497 0.12132322407193526 0.2603555989391504 0.1018024947389126 0.17268093808141471 0.07641285324802041 0.04375968898781619 0.05640003332568925 0.1081218151554955 0.05879723581249877 0.07988147537483303 0.04378279276074289 0.07231259637594123 0.042566560576424155 0.02298295864778512 0.06172454074783542 0.15950037553994798 0.12548089569422524 0.202575395386512 0.159166007708991 0.018990229897315244 0.004396916681319642 0.01605560162605221 0.19733649890909227 0.11123597528299475 0.0007490345588333957 0.10188061531611138 0.1301197741234303 0.06442884282450834 0.06142267058241419 0.046207709996184024 0.15241829735237683 0.11545020222884918 0.06874961590786949 0.16719555450669685 0.12457755854056463 0.08152243533308166 0.012245412172919553 0.0603988774719782 0.22770366099289988 0.46823726562308343 0.32011766253330354 0.5003654144320615 0.4304359641112179 0.002097338700206479 0.009091115518974418 0.06546244995874018 0.10187294113410929 0.010125313532102881 0.15413983676717408 0.1639401079840591 0.04406207789805451 0.336813267579273 0.11458910212015186 0.15624350878048576 0.23491659762385345 0.16354362854204055 0.003878966827900421 0.7183556388191994 0.5023104209422854 0.4312788185592093 0.49910749124021775 0.20898914466855767 0.04644642942238831 0.13472946141906308 0.21710592835877526 0.1611848111921795 0.12305397657626992 0.09354910907940137 0.07533267912811334 0.18526596707137258 0.001977091018508697 0.2702118408079786 0.07310632866256997 0.1420746513359914 0.042345125601191254 0.005966042812724971 0.2148218087531273 0.05858777564880146 0.03487874154893497 0.05555379605755214 0.03891150502882182 0.043463100649646695 0.11488831314527079 0.4537813483192017 0.15167278564639414 0.04307275717353508 0.16003772391502094 0.486093675259966 0.3711124601312843 0.42551950247032827 0.5501578848412513 0.235801520476487 0.24205946617306537 0.14415403379664807 0.11074206592170328 0.04708780050238167 0.2200595165866257 0.18263246277648088 0.18505161302996115 0.4300496066236437 0.33808788384018007 0.4312780260724003 0.5917041982751461 0.48939746292284153 0.5102961155492008 0.08944944055948055 0.12260919556548286 0.15022252560508562 0.10312776307805464 0.002540806574618378 0.09171662986135039 0.15970766106327416 0.12582294629007237 0.03680935681099896 0.04320991731865117 0.04067372393154149 0.11964542516547129 0.3406566394331357 0.14705490390695652 0.07510579879939906 0.22419282335267848 0.26583092634767935 0.0795292827777785 0.021549003691880994 0.053056228824295004 0.0363416136393751 0.11889272528401212 0.013227281342886948 0.2924745204014058 0.2895769107145521 0.19988277243746477 0.040469441159990974 0.47617654486316535 0.321419967416707 0.45356722564738355 0.27715493326959034 0.16109762865915828 0.16506948186844558 0.08672292946111966 0.008604796220036454 0.007451483763897492 0.10949690064006619 0.0987692434517477 0.0797752137842308 0.17255931559653562 0.17921024735184746 0.0604581270680082 0.09956190592208565 0.11231275351665873 0.1233806153399157 0.14311968015110085 0.14048046172264117 0.07637747042305759 0.06937439862428586 0.11899530867179554 0.06655873741529786 0.0926405201650256 0.11849139373281559 0.0939627568176911 0.0666435372159161 0.005386868476497039 0.03480078099140322 0.18793606220977047 0.034081785967752104 0.06113113722464554 0.09213511802742627 0.003381547135245703 0.028134800043966294 0.09790011635469865 0.02010580400116306 0.027339452881108277 0.22198042768749435 0.09723818068131848 0.010456275719012849 0.004669738524166042 0.13667473023171545 0.14152894363513982 0.07040801644573379 0.05874381119393595 0.08980379796672876 0.13950692485629348 0.19785397553176542 0.11795847531075263 0.16083379740668224 0.021377627645534088 0.0024245557662000332 0.09650833530573923 0.1097177724531493 0.10900770550031456 0.11851148925842887 0.03481306765109798 0.004329882227407705 0.03933673310400521 0.03559695068540519 0.10609292987379323 0.023800306182416634 0.11048557128162488 0.15798694554401435 0.07259022150303243 0.12059742416172273 0.027814266118655926 0.06065856291907832 0.17794726452360665 0.03646906330303594 0.03942445693933635 0.12070258883187074 0.18425707725236357 0.07346346731382339 0.04561773781982229 0.12590672186461177 0.1936067203828611 0.06342091493216043 0.022039242631412517 0.006906063672908339 0.02154796519973395 0.029171643239766867 0.14461243074357508 0.17038676141113018 0.06302784979477451 0.4279316030580718 0.28833676074404846 0.10614994883585024 0.17135884632838216 0.09927256667888851 0.09369657359752707 0.10969165864235475 0.024675932489184992 0.17713574403627813 0.040801902424283734 0.2442617067384574 0.19342152505562848 0.10572837860014664 0.0869652288568731 0.05688491414115178 0.29952870597424547 0.1852954800018947 0.0647955845021467 0.44927276873884847 0.4329459905168953 0.38160535874341245 0.3310026266501926 0.08029091998648738 0.04778710748966609 0.029429743360547 0.2910181042816148 0.11340990837389313 0.0718177540817953 0.02326823219199031 0.04206285634607279 0.10421109428528823 0.033541111391959796 0.20882026516425278 0.009175803789603433 0.06435013555644119 0.09356620282288444 0.022003086206794528 0.13862531742614279 0.05391265060403258 0.012095428821476142 0.017053811796506446 0.03868222729583235 0.056807617328048426 0.10440947819426095 0.004479109313657417 0.021923914764920026 0.002986820088881876 0.0914046544003657 0.05865632156821719 0.16524982798305676 0.08484274096060082 0.052326240789261416 0.03321495921521539 0.18551578938366695 0.026063745238227614 0.036519807604870225 0.16741463509316698 0.061786606409992714 0.15751694034935246 0.08567391995966646 0.020375187264268475 0.06081490187170178
0.07155336319405757 0.5097842350684683 0.14535670729258113 0.03492121327807772 0.18385876087343817 0.5469391473654462 0.5082223160366061 0.5254581792572638 0.3444830525493308 0.06799590935170238 0.5184108143527952 0.4328504562041503 0.12299209055269934 0.1507346861601757 0.2951605248643611 0.02884493078332571 0.1973945439021037 0.6960983581259806 0.11516652637353074 0.501715342915703 0.5963959048996956 NaN 0.5379243309259462 0.24992994928225007 0.08418054926627457 0.1628624693542685 0.06825310091203496 0.30838108805270587 0.005727123312871244 0.268016767581398 0.044787202589111175 0.02015518417677872 0.01912012310793142 0.13936297790870208 0.06900631450190284 0.21384972499169938 0.035958574614979935 0.14608766743184448 0.1265034910092835 0.2740538226090944 0.13900906001909905 0.021592920287634404 0.0977922868394065 0.026760569575559664 0.16799599452576663 0.11634836801666439 0.39308015613657066 0.3666640271613366 0.18863171457683878 0.14189417987935599 0.5419285109891999 0.360706176836741 0.3592849366178117 0.2849160893201735 0.186036716158457 0.2586945753817997 0.05316851095023177 0.059707956745913886 0.1403260583189048 0.23583283484283912 0.06619622628598229 0.038712947026720484 0.08942169096946603 0.06866445002461895 0.031398044396328637 0.22804275004221733 0.32939207937380016 0.29902261195584684 0.2770468375488878 0.18168209595405213 0.2844488732413016 0.17460208388640938 0.2791480203425972 0.20262601547834594 0.3285927066170648 0.34308766777758354 0.22324374462766275 0.03561967116909008 0.33832993888717955 0.18894497549997977 0.506175192868879 0.054317644546954945 0.25566316835921304 0.013617194515192981 0.1616314644410313 0.009329969343444556 0.0951469665990567 0.0468654490748968 0.09192837124251022 0.07645897964696308 0.17423787926684509 0.07257382345146846 0.07697483280731073 0.06793869535308748 0.3214586875811811 0.16612254917567826 0.010295018302089034 0.16290393785188306 0.03482357058785448 0.08168539892721227 0.0696634359312658 0.0015912666322176932 0.13486409353100076 0.1284272191478239 0.19024793845229343 0.16007937069837777 0.04702561947702736 0.012518047111361232 0.07079756790707845 0.14459931315450827 0.0445316791328615 0.09293056415182854 0.042781703254305706 0.04440767893716387 0.10749238709106869 0.35499575400140265 0.2828849362988625 0.05488713147781193 0.010079577560716646 0.11661209582169636 0.08322249469173656 0.04266563581929157 0.1482770449002243 0.15932427679674283 0.3713671354698986 0.0543393850652377 0.030628983245587462 0.17949589429724486 0.32639540937280775 0.0712510633350464 0.15497036985738954 0.3298949646744102 0.1552735757650711 0.053143195256239895 0.0762032734764148 0.19708220827144515 0.31150370627584517 0.6557725029450163 0.5013476235047079 0.32938247650807373 0.4179941411515307 0.1097700031952871 0.22239381634479682 0.01426249039993911 0.12458757184992632 0.004962225253739457 0.01896928882964966 0.26153047503218124 0.03956940145016814 0.42303142318974796 0.1375672355311852 0.029683210730714296 0.06646783447474701 0.15776925576641068 0.06495515863504828 0.6273446405624937 0.6094575601519623 0.34079103970689495 0.4816473383652783 0.19118953500879893 0.05421264633689123 0.10258056546835692 0.2738729176433339 0.1727523903772191 0.12642399427394513 0.16170445463589397 0.13994333867910425 0.07193039042939904 0.05100044883552071 0.20397818126807263 0.04353770885235743 0.03573743797017751 0.1178821365695307 0.21830051264905379 0.17873982986421175 0.20231804461974548 0.021164815203851453 0.052056767329039626 0.14408261649952755 0.14701367822072198 0.08967531982534079 0.2809119926013873 0.03696628186939171 0.10110938881002506 0.00588999397559603 0.36554420019546985 0.4411214405403014 0.35587367975717504 0.45929008123539394 0.0960288613170177 0.27812739683986015 0.37662129905843267 0.07418529167878489 0.19526843430539653 0.3981469482710245 0.06525916273625855 0.18235518495209493 0.7158070597068192 0.12409301169169484 0.4443058772005784 0.47039388724617104 0.6863415414404443 0.4127419190130087 0.24916186718594757 0.014377863006427065 0.09967263401638769 0.08195127670461681 0.14153320098076347 0.043660486063493334 0.15159505271785842 0.020206278730980107 0.04305595913460214 0.021162276384748744 0.08174461692803152 0.16735536782669747 0.18810225751234264 0.008718445246985174 0.22693014123137864 0.12709277677280612 0.3470308610926353 0.043320285346943134 0.09564333124945122 0.060976247399985986 0.05070068404920599 0.19752708444771674 0.060316321431338464 0.4235027503516416 0.10841721461376988 0.1278949741735461 0.04510703641110483 0.4007927714285749 0.28343350299129005 0.3183395300599798 0.31751918375648847 0.17240494745943913 0.1721611904053218 0.12400304485547746 0.016842507471741118 0.10300553633404794 0.030550059260729952 0.053502358541351255 0.009485388318019596 0.11357163194623639 0.042288699066697334 0.016223100722974403 0.0772661370359433 0.20962259826747967 0.17995792228771337 0.0749633432471452 0.051729035494555806 0.21585622209503819 0.17036291294167416 0.23426093959540578 0.04798410419882346 0.3308857010442585 0.09453715571253538 0.12254159765989187 0.014635678307881303 0.07044184598213855 0.06250278240813494 0.17001552627024225 0.056486871573672534 0.11410675269813213 0.025852649314786286 0.1132198858230692 0.07835317485622899 0.1527178196355371 0.06155533890716043 0.038447636021700184 0.14991434735212608 0.031108528244247126 0.06447760816730055 0.030656126661017732 0.08301149415001455 0.21492879383951635 0.13418848380424134 0.004977656182031486 0.006469170894652558 0.06740061881321643 0.11681613500020434 0.004190704181846829 0.018037400886136336 0.09932825507041397 0.17524028036041395 0.14222010382013933 0.02569861096163161 0.01821392734659434 0.07508497126888236 0.026412015593911167 0.07354124103174753 0.008089813900149916 0.08072054966310574 0.03156758461767374 0.06673262086653296 0.11417684285468695 0.3465450249155408 0.15577547649302598 0.16382511157091956 0.03747515680458857 0.08593655251660577 0.10942403142374676 0.09088730480909238 0.05317765720065142 0.04158434131666714 0.3122788118714924 0.04680832597082187 0.010604137541435963 0.2293062929090444 0.3420246573400251 0.10664798434486444 0.09589769257708718 0.10512912085167662 0.012365503871087981 0.023227065056532718 0.2201596088953094 0.33340647216651154 0.10127267654674439 0.5807100282763487 0.4026986710966861 0.22374217070332011 0.21187689441579435 0.007195722267134654 0.29585333256157664 0.16152959645696582 0.02038098782232123 0.03014793108193467 0.047599774301070354 0.25324306236642113 0.19380856320716577 0.27123027004739264 0.06792202923816329 0.15787451868843544 0.31704555327563355 0.1278017797075558 0.024016623858189277 0.40389193889461633 0.3525251189583128 0.3462200067061723 0.34190143753360197 0.15362902220722982 0.09987577847401954 0.10080578061329466 0.4152514728290198 0.13047080961750604 0.0876926582973138 0.023963226403925463 0.1637807829680511 0.09622595733608116 0.021491830166688288 0.14467313495576353 0.013250641604166032 0.03924042222738558 0.004066409047255225 0.17454493243275118 0.20352655241682907 0.07498900300939365 0.06980402393262093 0.030628702821200348 0.11304672792716268 0.13493186910568353 0.1186476758386314 0.13558015529942677 0.035336336741005274 0.028686856941986395 0.09125818922207098 0.1323947222586616 0.2561271373309719 0.18199566177502427 0.08900415897747156 0.09902787373453058 0.13249397520313544 0.10516080505835897 0.0908693720650559 0.14000958176990713 0.02214226971705265 0.24071289162048384 0.07715874638841899 0.05738074361892621 0.05977406750331492
0.05828793885185404 0.7515467097362707 0.21074105136014556 0.10268873992423967 0.2236647782300122 0.5303380423791505 0.47699832895167493 0.4736995848913882 0.46462406354426194 0.04028413071494498 0.3758275599115286 0.32079959430772315 0.03161231248652231 0.09967141840508262 0.3118241265089279 0.037743423585036254 0.19106641611814543 0.5471801377511551 0.26180503129036864 0.46021820813646364 0.5206527526241146 0.5379243309259462 NaN 0.238856850255688 0.09870513678576014 0.03676206958774683 0.054208708362883724 0.3769845974488126 0.0917154927864774 0.33666790909908256 0.12313610537734988 0.06674230885269665 0.034389205874957904 0.14485767803515748 0.07410509920579113 0.2427588132398008 0.041360742570125515 0.08121121244479813 0.25931561071511494 0.29453885396627333 0.21150342185955984 0.02983185287059858 0.01198631904679635 0.02934291557400881 0.1254990314562401 0.044611096304654874 0.37186796325035465 0.3187114771785403 0.1465557798446238 0.07568475713269919 0.5707602650020229 0.43485662603198133 0.4707295422675187 0.26286531570492594 0.11928726887108297 0.24223104814576135 0.06760043350416137 0.047440706699403076 0.012925540032826106 0.13714560235495515 0.0011008682137912547 0.0791204298022338 0.020856925366672382 0.024205133499360515 0.12133010667587975 0.21360955791715128 0.22811464804098427 0.3187765818945524 0.25406765251801666 0.1470709557648486 0.2758743060456393 0.17609758979345924 0.21415744576099777 0.15208514754364677 0.1513107867572859 0.28204110596526333 0.14305043356076072 0.13062979438658015 0.17063658794918707 0.037960877451263475 0.2968439222465807 0.09409524167764292 0.2178899027811449 0.012862353598354663 0.17599745824108515 0.03883744985663294 0.07751713429835319 0.018104788022262144 0.10763779815236223 0.14270841178083044 0.19160782737210938 0.04332183953336215 0.11888833995327955 0.023644757747892674 0.1515582589698041 0.17651034030116028 0.09130691465292447 0.12157157527285588 0.1364365276758873 0.26063091303507785 0.1417854286308381 0.08807868174242899 0.13220242497357748 0.018816278148353648 0.0897041386807334 0.24911803040669017 0.02255082364326789 0.10115553963884323 0.14323909265760418 0.1422913913147641 0.047344079728421126 0.014710078937558595 0.034207278964963 0.1526229543173356 0.24743017941454457 0.33834533303305214 0.21817837713456506 0.017780996385821455 0.010310004645627846 0.07665430476513611 0.12819794878292712 0.025307735222618945 0.09522209012359847 0.06332407109070128 0.25771074555512513 0.07008667153984693 0.0836013667200357 0.1804463718537688 0.23291383371490235 0.01573538225456386 0.06286796482967477 0.3559588349149932 0.008677216494431525 0.08795292937808237 0.05970418983440298 0.18559914022019602 0.20812851584395 0.4465255033969513 0.42714901659693943 0.5027471828986771 0.49985314540989406 0.020731055182736987 0.18708474995551913 0.04306651580407687 0.007208964403872371 0.009755919046615883 0.1224529876132361 0.24032599910019006 0.07813486618410483 0.34996355294766857 0.10177567395950138 0.1288966321463847 0.21254187803270475 0.18228552085556543 0.014049408187911899 0.7600171838328548 0.664069366636279 0.3097655585648757 0.5767227233784032 0.2457198758507662 0.114484976623239 0.1953747171061147 0.1888914478289485 0.13162710347390244 0.18471491036343807 0.15366814304954513 0.11401149722747092 0.161291418586372 0.026396371313496463 0.17749656320415413 0.04975213840333566 0.07142353502265884 0.08616257730733598 0.07761113187419912 0.1329110235655905 0.15742974280651642 0.00953543269883108 0.027971204820081502 0.08402648509987931 0.1142106176457119 0.055687675071346206 0.5372635901097862 0.1119834448985087 0.030715823433470874 0.09352045170453456 0.37162602558486335 0.3082701805529264 0.4720382121469923 0.5292015503230066 0.11486724295781699 0.1869816664531885 0.28710728188026285 0.021972054860369936 0.19241424361660164 0.37609752613041153 0.0728052068608899 0.17748864087308336 0.4602818222336774 0.15683051589395786 0.37233722673477365 0.568023249302519 0.4438686340483128 0.6618488432987109 0.18506906537031634 0.0703256679119746 0.050528151666990304 0.00671180060628644 0.09305711329589919 0.06027479051929594 0.230896866905444 0.10259970091455803 0.013137076833717804 0.022773471696739194 0.09265814766459053 0.18616381604381965 0.2392688659683475 0.03702271279207549 0.20532606300640366 0.1887552337380412 0.28526610129032176 0.08039173459622641 0.01863056235958724 0.011908490043990246 0.053627832003036585 0.14434287432652573 0.11694662550197792 0.3529215961842186 0.19744148602113795 0.12592565655305224 0.0050754000285630355 0.47966705349681016 0.3289577660764118 0.44658708120526963 0.2884224552969676 0.19632126214504506 0.20095529660979514 0.09035508951106569 0.03145839913536926 0.06151829626970427 0.0003773596589427882 0.011727687292300922 0.04501872389426205 0.09378792530928325 0.08098427073399325 0.01751067693460891 0.06240499506011809 0.2511511695232593 0.2181715576757795 0.03109215644514352 0.09879422404417103 0.24666311401134045 0.26126423900266815 0.22494204444256 0.0853904113149049 0.22598331779464575 0.08714959218406708 0.15301629834895783 0.002208457031815895 0.06109120060980673 0.0395809529465988 0.09593900606596563 0.025130420922432832 0.1386145937923147 0.015946098570404552 0.08930227204963843 0.16660707113459292 0.17636052928140364 0.07792202464700197 0.06354514206431361 0.14831984158314385 0.0015988426282165283 0.055357050096993966 0.023725749586466477 0.045595301193460426 0.11008922792379001 0.06580068399899075 0.01240430013665037 0.048915077082993086 0.08196983596915697 0.20465051979466328 0.07801527274818702 0.09712819694406473 0.053003462834503724 0.05743126021527353 0.015906165922551556 0.11746777954162764 0.023845595659072766 0.15283577492787845 0.03758918146774238 0.061690097294632325 0.056775053298072295 0.046478695494635534 0.07928076728858607 0.004037958445652944 0.08758746540436688 0.20098787268195464 0.08214523073963895 0.13684476321691785 0.05611431509380133 0.11999232011681402 0.10585818132507435 0.03453840688492063 0.0385522916557786 0.04827988693363433 0.32933626576848407 0.012034412175722606 0.008777450865237235 0.1792403691143031 0.3147687941510393 0.05414659872193885 0.028844588398726792 0.09187709381549743 0.04225429445624134 0.008549729047929883 0.1881949485527994 0.1991607385070959 0.1510225470259611 0.3335079236118644 0.4566488790790404 0.2301061273019291 0.25350287845602226 0.04954222048659682 0.3224298209176015 0.17974476687585417 0.01080800724241756 0.006362625231884909 0.08904019656954011 0.32441457667314466 0.19855211047871363 0.26122711426513456 0.10672170663068455 0.09897145777428167 0.3172068641161033 0.1339910767770956 0.028525174881676725 0.549564782502133 0.3489198225460898 0.29230969677405294 0.3160959234643929 0.08980908070789062 0.12088173538279823 0.06438871450552136 0.23592404728084843 0.11560418254098691 0.05382548753541489 0.05133807892033438 0.1032512929713285 0.13186130907835206 0.02506004418241816 0.2198686997789949 0.008040313447278957 0.0372915721146868 0.04303720254665481 0.026096255567106916 0.23466662390456308 0.06675888200297704 0.061293989950768506 0.003360462073462519 0.03837258430702049 0.10295452313205981 0.3273242542137425 0.11801700264327947 0.004574145725630042 0.02620833486865213 0.02481953686184778 0.18033696162411877 0.23501981806498265 0.10757775255966595 0.01215373009879808 0.17582313955549767 0.34429538919439345 0.12706686292211078 0.10161637526360899 0.23503627034924063 0.010867971778760234 0.21509906599899598 0.008093055714676368 0.03074652468791833 0.06785859648588288
0.46810045186304594 0.12408525717008763 0.04124423089489422 0.3695289320631532 0.25885843566286976 0.04251225667967881 0.05150238977922414 0.22794032825320548 0.16590550908271395 0.29963462659450724 0.17638698645463144 0.22470339686414484 0.27654519615521234 0.20786839899754406 0.24033521939414937 0.0162981456191264 0.10233750448223876 0.25821733721371387 0.14603078846517306 0.005980710119715206 0.08420315379355002 0.24992994928225007 0.238856850255688 NaN 0.07575676135727313 0.009074177813861828 0.21393055314183826 0.04082713640325806 0.04908562582107763 0.07839124465243184 0.029395624557483062 0.11094665148465448 0.08848917371515458 0.06379458049978282 0.0791364107657718 0.024589911849218653 0.17640249011823259 0.330707655153276 0.009339991402678875 0.18290204920541656 0.1072694635058322 0.00954064442058468 0.11782309809032032 0.25649804611580873 0.11526146058363806 0.08195815243129809 0.17847005308333175 0.017291303846360063 0.06903273924339677 0.20257160695688284 0.2631426156950613 0.1476450311755657 0.05785002288912134 0.23265231844449755 0.12608089134167655 0.15797782140463948 0.04082529122375166 0.06011011181516528 0.17207143752823575 0.32255297678508926 0.07446582806073457 0.10494381094038645 0.03298629313457103 0.04192100612627333 0.02938995615530339 0.033159141428906524 0.07964590797673347 0.2207527218292662 0.09792216645742838 0.18629133997785968 0.16207297389749642 0.11202224034900461 0.1464312606399797 0.052328613320643716 0.12972099833360365 0.14791133248589114 0.0014265194746560651 0.00958756077897016 0.12760205803437888 0.157863320449514 0.16526244675302618 0.07351612827661365 0.08076347565293503 0.1720916342326635 0.18186828071594296 0.24179563209717617 0.05216202393917949 0.032520504876420366 0.09947996355680894 0.07960114143550769 0.07436339876078797 0.08270556292572986 0.001075220339709206 0.035301618330147416 0.0739922149790354 0.025786287102139874 0.014325692878135269 0.09883486335510064 0.15666325877720766 0.051360675870740384 0.05183533223136576 0.1534396896376918 0.21674110758138931 0.2571704106354858 0.1810647139815652 0.02486471490058595 0.05935342194716539 0.07765527138496803 0.016339136712457784 0.05861851429988273 0.026653005646433386 0.0707871346818671 0.07044230192763552 0.030841238437673058 0.08571201402059232 0.2914263942625373 0.2322825226449396 0.0338911943071592 0.012852230487154998 0.16106140630747479 0.15662926098139562 0.03521133035717045 0.09403795797443115 0.21682394121524787 0.20752781857128322 0.03596619669345302 0.04316335496961829 0.10231100008144255 0.13583660613491608 0.02710445728506209 0.13590463724372737 0.22517329317574608 0.10842097171421312 0.00672118317636325 0.03886604669934598 0.07039051431489209 0.13324990683225948 0.29820537035320005 0.10210916512566605 0.01934135234087707 0.11772650671300962 0.10347028848796766 0.15508526295138833 0.04161111505251281 0.08482603381457685 0.0566038004056121 0.15215427492478256 0.26771606450343527 0.09965343069037014 0.12314099394309608 0.056740011058024446 0.017474309793235856 0.08247882594905402 0.04019653351704147 0.012352009336002594 0.17224782785332168 0.26789702926187875 0.08729480165466687 0.11646618434731723 0.025985989311983548 0.10905030855687273 0.00561792321885412 0.06442225606556072 0.01194164922292516 0.10918057710083172 0.09402476074278802 0.1547479712585032 0.042695563533176766 0.14122915953881549 0.0789777166768981 0.1140593856446428 0.01834352001337621 0.3109344530498297 0.4511834674145128 0.03876791696336736 0.16324519352988703 0.06060208474115633 0.03202118536125862 0.25467716337243723 0.23774813996109156 0.452723283272467 0.017691293802358204 0.12663357048160115 0.38614387668610684 0.28324191746489613 0.1348073772205852 0.022912918054063567 0.1210944851832635 0.15091039492100233 0.2119945460916052 0.023031946359225824 0.13221463577741152 0.28525056059919024 0.22773277091154015 0.3210121890217817 0.07075129068568145 0.0776935065066748 0.22677808438931615 0.11647120887864675 0.04443726875869879 0.03890720982556074 0.144893137560156 0.1341754459556842 0.45758337003307653 0.01676794653179363 0.08602231777539157 0.23079219093312975 0.24743789125398172 0.07013938805269974 0.04279076457480773 0.003242789627810349 0.05362251891464876 0.014286302044730716 0.07605697708503668 0.02653979268242887 0.09258383304255208 0.17034562344591941 0.3071808313519314 0.0316588175947955 0.16360224691333944 0.08303720777495878 0.022662293672393377 0.11023724829462846 0.2116349281648974 0.1339622956754564 0.048136529490922224 0.23945518338662783 0.09939788920319165 0.026383873773856106 0.05071209799761536 0.23195096207270566 0.12609783929803367 0.026749637446097266 0.13142817011741723 0.0793320037989651 0.07988327200156048 0.014876323654923113 0.0023374988360490468 0.24952745080472974 0.17020854698359839 0.13037429884162333 0.03882835322013648 0.09580134836740217 0.05042284283826149 0.023998779573113433 0.03960936243939065 0.07030057187412977 0.09631327954259129 0.024865833376818667 0.13288036859971805 0.15530656231209455 0.13303283768667246 0.09649583224410711 0.05848978183572591 0.19493553361330226 0.05128114908906721 0.07879712037219559 0.017873363421599724 0.006847081291639077 0.027525968984369337 0.001674918525948971 0.09290185134816124 0.027305938822202093 0.24617938095279687 0.22903266261632413 0.268961093357589 0.0002713980492993027 0.003338246173050052 0.1509113903861963 0.10735556565663722 0.036761686682859514 0.13534064503166945 0.037968085894153694 0.044402586006486666 0.0007183796359154718 0.013021596544052811 0.06775525877803333 0.08101341429776204 0.13526358725855747 0.022952516376349263 0.044488148689587094 0.15712917423030737 0.1868934615132157 0.30010005293726233 0.24537773374776187 0.03167219236839129 0.19907730993996034 0.133741009826797 0.1500795137954856 0.0269617706214941 0.17372815824795254 0.06202945322927665 0.03430593019258669 0.15734873472108032 0.006232389008239752 0.19584973165034733 0.07408973642207381 0.11274750627003859 0.009777114844855422 0.12035712412946169 0.08244205266606945 0.0041186909106092255 0.033484557771315655 0.181351288383271 0.2445896738266825 0.042549867194483844 0.04027828300760469 0.10993771724701154 0.11768276700753058 0.007684291107516317 0.01574089127911572 0.05596124830932172 0.012012294204235413 0.07075155814127401 0.0661677566723469 0.11467425866533938 0.12810532625336024 0.213013669947331 0.1397464411026557 0.013251482030987997 0.1048734572369136 0.11197961032408042 0.21516283507447787 0.020545832831989515 0.021431333562953906 0.08000772053332382 0.13419396939727496 0.2513538420829799 0.13007581383706196 0.11483281933237163 0.05213513533708109 0.10395701730413834 0.06715620586749138 0.044692031917599837 0.05569218145426383 0.05558200534666726 0.07492642884369209 0.100191598369452 0.08493659845955877 0.02642594939422718 0.0508614089846804 0.15151610916533118 0.07345511802958588 0.021834401718439242 0.07861156135216707 0.029194833245172785 0.11279028439862478 0.029441702964227132 0.14830904920228238 0.024700320943339873 0.03641074541587398 0.05601432900989087 0.14517437971335165 0.26957498500082083 0.109264863735939 0.09248542920813047 0.03627508155428366 0.11256994784570269 0.2032443478464157 0.24854966384828617 0.22647349522698002 0.3090637026755375 0.057431975920679786 0.13652969301477447 0.04911533230252776 0.2503652860977389 0.23779927092160014 0.13096141599130914 0.054479845125503176 0.18522686960302664 0.1957406653090733 0.28297888125674237 0.1409039293250362 0.17742354322125303 0.05502217783817601 0.17926492027241123 0.13249144066364268 0.03437712641119084 0.15044487221897107
0.2029245061881779 0.1583581189393035 0.1284943836195634 0.11338967417011027 0.13040209562525393 0.16400793380758538 0.08704247533029366 0.043811598012565976 0.05165291178530918 0.1690878137769883 0.14423638558983462 0.05583164965506907 0.05599068034338663 0.04961507422658007 0.12450169079355076 0.04406349235553613 0.05921802436625127 0.029118052495604632 0.12730107800050225 0.12940592453476032 0.1140477470784041 0.08418054926627457 0.09870513678576014 0.07575676135727313 NaN 0.2869342607560239 0.10489127852019348 0.33853593228764695 0.03992236508063929 0.09493768123353073 0.013472159535901772 0.08929053847350084 0.07344241002029744 0.14379152069899903 0.016993928582714125 0.07768164287095274 0.024143571218105776 0.17597765655650974 0.045796147897097 0.036593642654600626 0.15299116403437507 0.029794769442963918 0.13537260256841074 0.26345390230383 0.008235879693557335 0.0279166864050445 0.07648917268609497 0.09499944287434309 0.022454513899525432 0.06918427750469232 0.04014953480141591 0.07017995292277895 0.09587611704610105 0.049270840381318515 0.03478511956984169 0.018644979364705046 0.11352829800619699 0.04321816230199616 0.08933075803396011 0.17677711731813994 0.023510394923650597 0.2411408334073158 0.13682362312520036 0.07330222659069537 0.03554938221877026 0.11728204046118758 0.06788959280800252 0.12663557443812037 0.10234123970558641 0.04688859598575687 0.07320197147776535 0.04438314425439219 0.05699806091791439 0.3666828198511806 0.16960369764049138 0.042039443694675965 0.04917689194861888 0.24381352168390963 0.08741570242192638 0.016810286734676657 0.011203636241455732 0.1396029007267568 0.14459134250033537 0.2670443114603353 0.10079088951225261 0.3604626599525003 0.14891452484571605 0.05366481232254665 0.18531514579648195 0.060942269760708004 0.13753979282097842 0.0553907899503409 0.08510593602091057 0.09505058174650213 0.0817059314095164 0.004578691795294798 0.09100691734610282 0.09432760105157109 0.1559541023280951 0.08942921151185809 0.01382056358996075 0.05427078864607631 0.018555694831617477 0.059177631450206325 0.07814319499064248 0.07379794567147438 0.01426914763453578 0.21162765813197576 0.12676991761715217 0.06037757869330383 0.2570774351704519 0.1330716381983212 0.0689308201354682 0.0838070811782344 0.0318344604261509 0.07880057153215606 0.02308614242020317 0.08539318118707377 0.006329802967832294 0.010717152500704078 0.09348932615823759 0.004900377466180351 0.04569508086742635 0.0963069540818061 0.10318309928134206 0.022429028457982596 0.004498892656097619 0.06732007316402233 0.18914501009998447 0.23048218471236878 0.011828688636544939 0.15128979437102189 0.03808152123663777 0.026637841598551645 0.11789836112037304 0.0894775594241547 0.10450594168265129 0.1051831289204667 0.18471786320715955 0.19778147930095058 0.14206708667556997 0.12645713693309957 0.18061574448563386 0.21407836927643858 0.01599839276022162 0.15484980647641683 0.06609160821391662 0.34380035382629937 0.39560859236233353 0.01091123219738344 0.10018145220654334 0.05901571631264404 0.055248268230341 0.05825143536424694 0.026598574709464032 0.10961451886672555 0.05022086572574451 0.11998284702161137 0.15262416583592517 0.022495294754336908 0.06296304457897386 0.05368217894059869 0.05745764598627719 0.016401109412713794 0.02039439809298532 0.08116702709525593 0.13195419684639484 0.06561261841404017 0.34652001843642377 0.08926119136516895 0.1939696138883818 0.09428432668949398 0.1179806479168982 0.13052975028314967 0.10905747198909331 0.07135709116642494 0.03866149910130616 0.020904755610291655 0.36542092365847423 0.15792091873602318 0.20953873782896365 0.14714909233088153 0.12097919677028786 0.14302611485543135 0.1776870898940256 0.276832971709953 0.20094793547844278 0.08506770803583248 0.1067324633114291 0.20639874341071213 0.13914989939793854 0.07571302941303783 0.004214269236636688 0.05367216002115433 0.07095055436211907 0.06109718552783331 0.07991666463767216 0.14442571208160282 0.17810976101565007 0.1602178761259827 0.2195503535558692 0.15666354002540384 0.13193280263702187 0.11559757892279479 0.10323691002308909 0.07778418979690788 0.08502679911259375 0.2893656589528655 0.00435880004948203 0.10530988209864284 0.11840643127779507 0.12245756950776224 0.12014283911509326 0.12987737245095288 0.04812870088699408 0.027895924295053755 0.13483511819717542 0.13774230167646753 0.02709294563152946 0.07470483621260414 0.151255674764556 0.0779598807562894 0.20244496026447806 0.09692256319445329 0.04791876131123787 0.010150019650071977 0.0698053019919425 0.08802398783088103 0.04662590163493305 0.025332508794313913 0.012778740646310833 0.07121413568770366 0.12254421347810444 0.018081554194158404 0.03489664405184399 0.09111263304364545 0.03358115216958121 0.049372633487325915 0.1558157936236165 0.1312892658174631 0.04785509934901827 0.12258180249006155 0.14228198881877815 0.07371617304014866 0.017657453628333944 0.07670775136125489 0.04836436466402912 0.17460007480849463 0.15421985501545896 0.0745655795328845 0.10914208985641613 0.09677133428719795 0.021525785256993484 0.20404347823642793 0.1298052003125525 0.07334866904656616 0.21271152202969845 0.06167781383628037 0.05820537045264438 0.0400184559192098 0.062416478469070995 0.030998611343496386 0.024177038534728117 0.18246276196810987 0.16168087650911636 0.23850635154233965 0.07885849290051486 0.022319807861830947 0.014744067863272701 0.07171766396885709 0.07981733891213993 0.04073652624062317 0.04840774017835342 0.027863385126947183 0.14421973962029772 0.07116910316872833 0.015961671636680545 0.13732294891777833 0.15561804210430774 0.04559858599890419 0.008745057505700355 0.10696260557562179 0.07109183518401134 0.06188141850941859 0.023475417001246352 0.03058605270444382 0.054469525776327826 0.1626707545391011 0.14823461115205436 0.061121528766034765 0.1672139576729421 0.0685499118143906 0.06812019813870038 0.09313050912614135 0.003932640491252002 0.038373159006004166 0.003925202813281163 0.021825630617641114 0.05932154707692643 0.060673967316523796 0.10588966868914447 0.07697938570584152 0.08264644650418868 0.12552149571003487 0.05924683518108726 0.023524153504176738 0.01774985011529926 0.08974563143169585 0.06410903997532004 0.09219816258031009 0.11750020976516284 0.05092884499729537 0.1868451779021359 0.06496460092483673 0.09707948877335028 0.022336800108782903 0.03518052780440892 0.06703965315548947 0.2061900856298404 0.18738248178754036 0.06062941768750055 0.11076721825819114 0.09959094527122385 0.041222269010100794 0.11699470085124732 0.12036828872199078 0.13470018528144173 0.17000749897517134 0.21537136379066757 0.009965038061704703 0.21733287546837068 0.03661108148310354 0.07543965821190028 0.0786490512908605 0.03496079549816385 0.21823601454079924 0.09687231779114204 0.14741475074130259 0.07456474317946356 0.06616677587057676 0.010601141601230027 0.013528356170336167 0.1305105938096377 0.005576455698767673 0.020324568152548954 0.07336083266303116 0.1614647323030738 0.05866814612424895 0.09925664862604829 0.0787605392826728 0.21112175545628326 0.027356275128302965 0.1422683630444777 0.07870953923175525 0.030528803737690333 0.0592807820014854 0.01719841623668717 0.059961424221609355 0.14645698493162634 0.21005239632950776 0.06367871972000914 0.033891910990438055 0.04028414114687232 0.09265591056275628 0.029190817973238584 0.01914764804683883 0.04119397877315664 0.04857993664634272 0.06728752026799245 0.01213741736799197 0.12336046285057782 0.0380026541540636 0.03228858155576327 0.08199020590643571 0.1094258234073691 0.05453222069853763 0.06947113839791776 0.061662819237441505 0.035563109520087025
0.01927168010558416 0.029072897682095065 0.03465503602169961 0.06395206074741434 0.05642722553113659 0.05868951734093578 0.08923863823554126 0.13152477163991844 0.045628165159567365 0.07775654209888834 0.15678786447052553 0.42608622007466945 0.013154998694439602 0.11407152617873968 0.1285770537757594 0.01777668438541647 0.062409960784406485 0.14832448743604332 0.027320245821644537 0.06633072847643763 0.02462904201690708 0.1628624693542685 0.03676206958774683 0.009074177813861828 0.2869342607560239 NaN 0.09906869374188296 0.1315266023442207 0.11934522788523605 0.02149778108364715 0.08234760023070467 0.12156015318077706 0.1468278162518406 0.03684243975975198 0.039077932463885696 0.02042477776438496 0.08005694374980665 0.0423608788372528 0.05075636759212227 0.1282307410038021 0.06465650732291998 0.03316071644178855 0.006742510479246252 0.11124613356270346 0.11073536849810679 0.09471698705079645 0.052348134044813165 0.01463492690799834 0.0009555680832988904 0.09705749865619598 0.11221111565470611 0.004392943190926842 0.0017176466963908133 0.15724323096114903 0.08437075078463586 0.11304460025163243 0.061879083688401476 0.015132162406928462 0.0816258662982119 0.11749097219914688 0.011357085000161303 0.08424752409289978 0.03234420152358803 0.11734549410828533 0.03725997497373969 0.12892548380867755 0.1551119144283539 0.04053046801843642 0.3652961507319734 0.3452841687668871 0.27712193490874404 0.2566435885153036 0.02218880068117889 0.2952580564684772 0.5029142677196288 0.11811783473815834 0.11738986583986445 0.06267284683836634 0.0013741883459022785 0.08332785913430221 0.10544935353998147 0.006346505693254222 0.008647387916585595 0.024334828766043693 0.07106574747747013 0.19144693191226175 0.13364924722761037 0.059584795194813245 0.10602436653835451 0.027786202581005254 0.021840138740013563 0.03580804171293176 0.03762306770722619 0.25987887210963423 0.060026971506632706 0.0416533223894392 0.053428057315444574 0.1862288473915729 0.08853996711893697 0.13359153888712755 0.11996242524490662 0.10469335309532737 0.11099761523108591 0.10884347817390022 0.19600036097380377 0.028983300078953358 0.0018859324772978621 0.010932747505036802 0.087557104726025 0.014259032827850791 0.09306689843500549 0.15448845592563104 0.04070005312388073 0.052625472285929044 0.05524033819219148 0.15614565196722355 0.03382947833719029 0.046053935438707755 0.03830617940796981 0.1374968645784308 0.03365465479697319 0.04231157621079362 0.14645475146147835 0.02443908050918981 0.23355999625522855 0.049359889870101155 0.02227166830440646 0.17506162238254297 0.3945733005965525 0.10051235767097873 0.22142831849147496 0.03791627328379977 0.0538338388198875 0.060472873226284356 0.029545904236629904 0.12310490810461813 0.07369832263542983 0.21927574330619282 0.198704726896414 0.083983894411731 0.02169395082050039 0.0712579965331141 0.08166197142975083 0.04525596003707027 0.09050381719143719 0.05099328161305563 0.16549274448593687 0.043439915349766454 0.07839349389085211 0.14746782504219189 0.10191100082016848 0.04405874264002488 0.020275758582208824 0.07789820861566875 0.04560004564037624 0.05159653071184396 0.15752973159301875 0.11428851697277584 0.10327968358685356 0.00035247868767936764 0.07499877027248196 0.051030887783582786 0.06716732240853966 0.028008339412672483 0.04339510793657309 0.038878679762082965 0.06770167398527452 0.050192190709219875 0.09813918697305427 0.12278593375171747 0.03460312116631818 0.07446828315344092 0.0029682438094345807 0.1199640450762023 0.019889866174046155 0.11580160807060642 0.03810914274046598 0.014213816828066932 0.13325906417610964 0.03620876867011898 0.03101619827312837 0.027718409255716274 0.04343652195876831 0.0885899794451977 0.07999737979425267 0.10328621806622586 0.1569678273338573 0.04334377815088012 0.009220778373733557 0.038062922585065044 0.09305515561267631 0.44868051880362486 0.002634261693176063 0.12086522683066547 0.14349727136823126 0.04315516369938228 0.10603592855396378 0.25878893474979675 0.019040384148634685 0.1338964443996535 0.0681057005771741 0.18064748405843098 0.006114326329038567 0.04488636385427429 0.314555525326115 0.526433631901523 0.03972915782453308 0.08971530024249275 0.13701673482976923 0.03486424963858411 0.18145674477436977 0.16190378735466865 0.009809169268339546 0.016482075865172634 0.17348178085432847 0.04378166918741412 0.019636743820332918 0.0637221255565233 0.015403575877415723 0.13214798585056206 0.003181998940925178 0.11837874357405702 0.12440636871819818 0.13015587898564654 0.16274022807145058 0.0993994013946426 0.08148299383544921 0.07510406346757437 0.019205645241163923 0.02054210091751767 0.024879428004195302 0.042010226706290836 0.019480486849602168 0.10510362095968188 0.027034781436021872 0.003521902156292118 0.04624829488913235 0.08311635692699812 0.005127359451817012 0.030878314042004047 0.08884186134854984 0.2857035366055243 0.20968465790312493 0.2073753112648943 0.010324399433513641 0.007614177241330441 0.27817889091844117 0.06603412924649488 0.4620601231435511 0.39306477492502234 0.194363567918112 0.13179120855455786 0.06696328747207651 0.3210861561564817 0.44218734798696674 0.33180074214821914 0.0830363392391952 0.004182461375790457 0.003223392957525455 0.03902682490868763 0.12033918693103522 0.0440468576815419 0.030867589886372327 0.026414513206426758 0.03850698658648756 0.16561707447248689 0.14501155683966646 0.13045258253073672 0.013042334609825732 0.15528118176792038 0.17258775272562266 0.07297263939541021 0.07932372462638958 0.1221516562787068 0.11967609777995833 0.05704220615806672 0.024589590895678165 0.11243497710703267 0.13188216919171283 0.04416986674284013 0.11692084579356403 0.0662961865497442 0.049438585711137226 0.11435154178490689 0.2757514543324823 0.06855729707079544 0.007069692065606576 0.05203001029614431 0.11180670647988754 0.05663143505717629 0.06387797681583841 0.0032715143707157607 0.11563358898247526 0.09527531756200555 0.0008370352006494002 0.12775584225792763 0.02055372829913716 0.028657269050429462 0.024255169133488515 0.10978410536500675 0.07193339791898952 0.06314746023600007 0.08255634107846117 0.1106248635710639 0.17076197938636828 0.019606910992331784 0.01299167036608296 0.21802813130325954 0.3620022889192174 0.3267800645913068 0.19307785331530913 0.1676936864918966 0.08410950955455429 0.039076377910560234 0.15894461441135246 0.11334380774727533 0.05912791334687825 0.165561538534436 0.24710908400132184 0.21182095130907036 0.01766281114145099 0.028093102714872732 0.09480341702243426 0.087517769274176 0.14182370097030345 0.11174417709188358 0.06140125923025793 0.016327437740985103 0.12802459108848105 0.30576027640469117 0.028939574453243692 0.08841084790440826 0.06623982814386284 0.04912885791807053 0.029175091638702844 0.08239372590649552 0.018572266606237973 0.11424083044328245 0.012530186487254057 0.0787679162685914 0.16751756627829512 0.03384423623304826 0.14482203052180567 0.03966201801602554 0.046496442383766726 0.12848149806016246 0.07133740966771332 0.030681041973093598 0.020907058835728257 0.030012842950326843 0.15384037531546663 0.18665434596526959 0.00010386241351737666 0.08428488387545477 0.05555162259250843 0.21397840932021778 0.1268133345259601 0.019806287832657476 0.06169064446292337 0.07402905729431944 0.012092937029547017 0.02364954923415883 0.07009652604392191 0.009734679598214325 0.0020667871484356445 0.035081541587385814 0.15498124235332963 0.1036398487122785 0.16545126549502998 0.044308736992090425 0.047451119075422724 0.0035631970975902255 0.014701521765887952 0.047043275556532003 0.02538616612977014 0.18542782639037816 0.033955557455107956 0.06605416175785815 0.0003013928580665804
0.33801925761687857 0.1008779462072209 0.18806705919560052 0.2666950552020431 0.2595621634870122 0.23830234838560205 0.08669170353394087 0.04022855886303078 0.07123634185124646 0.29980701132560983 0.11925769272741737 0.2254383945068735 0.2554786842650002 0.25220318941403774 0.2226391724157549 0.1038488514448623 0.008479397236782732 0.10898022019049906 0.22858021307134338 0.1901740851192942 0.16994001352780527 0.06825310091203496 0.054208708362883724 0.21393055314183826 0.10489127852019348 0.09906869374188296 NaN 0.3396933903937635 0.3475160213910083 0.1043427683206349 0.27639363450685894 0.09468242225057898 0.21061980424633908 0.017173984663513768 0.13064184232137588 0.07008738971014453 0.18854435799762065 0.27813468558507115 0.04855730142376391 0.06537646250734447 0.07709699937237403 0.037457788066436314 0.08838412620778592 0.2346673268107362 0.2264719462928831 0.07299497421002997 0.11219895819861658 0.16889206627488895 0.07616867424961736 0.21587338900749492 0.013210730321994338 0.002090819179416839 0.08217530175446155 0.1770056984569988 0.06326974754401112 0.16577472581090413 0.09484020067625465 0.1048003167545899 0.1436849631286156 0.19020442898560574 0.07193089538188682 0.13344702397601668 0.1856188141131392 0.03921696876664062 0.07741627307367525 0.1324170835882285 0.006436120148334078 0.0931304308461699 0.06255074581261671 0.20308149801814895 0.08458756350572635 0.15838573405613268 0.014772506161138744 0.0988975593383522 0.1658283810841676 0.05261660560092773 0.11441274997207511 0.07655733333315062 0.011819013919285132 0.14586459819518166 0.002774094141961648 0.07641955274111172 0.02623029131949818 0.22459185602497456 0.13971928744321865 0.26212745766342993 0.1425273028502962 0.1095369486482595 0.0844336239944401 0.04402664726606119 0.052832470836593905 0.08920149917370114 0.033400423590206084 0.1066247877329158 0.11332171899807879 0.04982185428421335 0.07416959314633316 0.08140807629228844 0.17303676009741004 0.1564197545207896 0.011303256437971775 0.15823447981982436 0.07952457114451475 0.13708374272164958 0.11097334668860948 0.02522120647551043 0.05736767315707818 0.029050941931285292 0.04286440338783778 0.012170806348405411 0.011895103792601865 0.026423076731479433 0.010632272374669096 0.06714614920353786 0.041035089441495844 0.19605368746795823 0.10859914583248519 0.07863767013965368 0.09123555058870703 0.11117809095455232 0.20563941186805573 0.0922666474610561 0.022529122880691636 0.10672474421216341 0.19399305718112375 0.06038079729978733 0.04787686319832334 0.013360659869762051 0.07062224804424877 0.17771386680553072 0.23790286430437607 0.1353345870274905 0.056623039847701014 0.055521058346372415 0.07567092471693762 0.08315585642154359 0.019038057586177617 0.12265022609385978 0.05586738468566429 0.27579754311908894 0.23076133250616482 0.23577037529990494 0.3167085755998451 0.06490089935099004 0.029500016610387706 0.12047842748531654 0.1619310851619665 0.1735048201161709 0.24728988380117523 0.051726581670119495 0.11687046241637586 0.1251380904908823 0.20834201349279194 0.032508093464687644 0.06294902731908537 0.05134995348064661 0.029331836830781586 0.09571349974371238 0.18854880329926338 0.09777359343857146 0.28318209151119217 0.1479393474977952 0.05008537203273982 0.0003400268815159716 0.0006071016458587265 0.06779116373427985 0.16666969038267296 0.011871145028540205 0.22886084196203735 0.21415645373934342 0.11865269680797162 0.11373755708777351 0.12034703826254627 0.2089112743924084 0.05823355223955745 0.13618586459061655 0.006518172150748178 0.07293564469786921 0.13216067173577073 0.16866153148102506 0.35036741454072445 0.11009888628925175 0.22308830127846846 0.24134349149690065 0.222664987142334 0.2517490644742502 0.04764369222689663 0.0605146514078571 0.13946384206563706 0.25661791876507056 0.028164546612195984 0.18014590271164707 0.17348677493426995 0.22595284076461633 0.2748290296240044 0.14748763546479066 0.021998537373822832 0.14032117143869616 0.2343653934330567 0.0918514271258439 0.16024334063541457 0.026775667513970248 0.13682142120859267 0.24253516364086203 0.19456899113920478 0.2845127198423767 0.4240097778268178 0.38137776262275036 0.36050291032131937 0.07036094470353517 0.26966869412321876 0.03071192883884071 0.016811294338338306 0.04570627351804267 0.04895962251022709 0.1604062314514924 0.15648744754680086 0.2523111785849287 0.042982400184409505 0.031280236063641435 0.008942724005995722 0.057074171426829794 0.05070556065219264 0.14626450762548993 0.22115415309844227 0.17301365207874414 0.10615774105224102 0.2071928696283967 0.09181433891131602 0.03322879155319935 0.06855955591509809 0.024448187429856785 0.15248441506138524 0.03187823880917775 0.019604381243803527 0.015470585810330484 0.0009088491036521163 0.027139583212754143 0.17806177327924946 0.1165528701418391 0.010147089795157853 0.04339571197148629 0.02641046267181836 0.08702264275537021 0.021494302432226175 0.007402954064530138 0.11491484848619044 0.035830520426324806 0.21239373212001383 0.2411519572444373 0.14452509236530445 0.09804229572680923 0.0018511042402329409 0.17983058902163437 0.2847806835657409 0.24172207078400354 0.02159644812158255 0.04263948204539983 0.12163527309238738 0.03831380411193363 0.09240666444670406 0.0318807263346394 0.053272998502127834 0.27391560435432477 0.11328916118914471 0.20325814571685938 0.01475565793806241 0.02192821004550728 0.02438674814036898 0.09227769660628315 0.04660252582323919 0.1485122885779842 0.034731696108337116 0.029114737495055096 0.06528463860626571 0.055790808360899766 0.16951086514793687 0.09515485631179321 0.18348639658956156 0.0653094998076469 0.12636665699768632 0.15105501878282032 0.10117298146035573 0.14784171530805928 0.18498673865679546 0.08084980458045216 0.14874823149187413 0.1598115477497241 0.03904343602577073 0.01677471379658264 0.06309645570496716 0.07214966134258874 0.06469001698238282 0.008819412360887888 0.006871367404998107 0.12824831252986532 0.004477383974599445 0.015177479166169154 0.015341115640630787 0.07831700873284583 0.17388809204498948 0.04042499238817027 0.09526390278049399 0.1466736503910705 0.14386038045055163 0.06478191562505364 0.06543201995903179 0.09282053981700396 0.08323993752194764 0.030877200868042624 0.1076650869237514 0.16787794947575796 0.03284051862724807 0.04215832893526805 0.07790692318874294 0.030024094385002028 0.1552219408829809 0.01897836119895529 0.043352729230134154 0.0574513308345612 0.14700306563362228 0.27290762513444516 0.3202720670584737 0.07379743635381668 0.06920987955331434 0.30185239418781556 0.12942756209062872 0.15166435589752547 0.10413223194522889 0.07625467087921041 0.08790124657883905 0.10513591046066341 0.11548875597232648 0.03296025176041525 0.03583140346709929 0.05654271934108613 0.06155994625925958 0.039610178956452795 0.09923989723409288 0.033099341710114444 0.0012503279133893454 0.19829643286355342 0.01034951967008383 0.07198131882988248 0.008363174623273014 0.004680345129281037 0.16045798337835207 0.08608279611416869 0.1146197605465994 0.15140420124118606 0.020884849999182397 0.06693457424497128 0.08379064041727728 0.21318133731926026 0.024875390839198215 0.17010970245385135 0.082519761666607 0.046011085085308844 0.09702699697263618 0.13532422732664892 0.018322778991184473 0.14776922797285055 0.06753099144987064 0.06934016433843954 0.05556596685736548 0.06270646608762406 0.12389873462585672 0.09164532888191433 0.005872417361249828 0.0769737230014181 0.07345555454013679 0.1779105823393309 0.11416020380757218 0.011797490079466804 0.06451135738136624 0.10588086591786972 0.1480659977416333 0.039936540468979875 0.11587434328236468
0.31567594886794487 0.3385447648012068 0.24890541825900833 0.31730748430152544 0.35939244077534627 0.43313263317450096 0.3470329045761826 0.19727203196503773 0.1459217696061305 0.21618522163305734 0.19805709556715323 0.14123879701080208 0.20406769279914563 0.06311075630389178 0.03558808850388573 0.04500837221514101 0.152969323655505 0.26986285684576666 0.26708150681242865 0.40224431132729377 0.3643308120568849 0.30838108805270587 0.3769845974488126 0.04082713640325806 0.33853593228764695 0.1315266023442207 0.3396933903937635 NaN 0.1423431279845993 0.24541829352793743 0.12232416334248225 0.14618982631020774 0.12945498520118276 0.08636731624549768 0.05134705331138646 0.18616381920187403 0.009928165851776149 0.2181208217803437 0.04951214171729187 0.09788524070073641 0.10817750252235725 0.026312798027361375 0.03390269544069352 0.25517850209290843 0.05288413509990742 0.01005621275229145 0.14242218489580452 0.30457015265553317 0.1480719619580815 0.07812014605632044 0.2584061432681823 0.14902988145820598 0.2180425740253346 0.01808738508651524 0.03364059123842282 0.03572717211899458 0.10807186735679634 0.046136072357169225 0.011698968239476498 0.019391710129655047 0.004667980455888871 0.12876669171414962 0.05290489466895408 0.08077376416041245 0.022777318972719757 0.20088155626751894 0.2530146758125121 0.23891306557632322 0.16636882223655203 0.046136055409029736 0.1913093325157988 0.03171973904842736 0.20829251632841067 0.29547673647136885 0.1606148262887154 0.2286287829516065 0.2463667250555332 0.006487871154534661 0.20580569858395317 0.012706182410691005 0.25531284310557145 0.09277723770733493 0.1384874502955716 0.2104201212379973 0.011060230860032513 0.2757301962136601 0.14084186365801193 0.022481842757011306 0.05401019912567268 0.036376324043028686 0.09851843296463453 0.05828560117908064 0.07607622037944708 0.03938034457563874 0.18498242309580187 0.10457991197642791 0.01545717174870385 0.22702461074497 0.0011094299776255269 0.10411210667878999 0.01930890877505661 0.0911583539113898 0.003911942426214488 0.050891298253652614 0.029144126506946526 0.01791573265747718 0.05838376788101804 0.06599465858310229 0.0343505125240583 0.0607052890970721 0.013943055140614603 0.02241770897590467 0.044558435669400515 0.0010483813008124994 0.010958844561565824 0.009642595783899107 0.0417272634039733 0.0670805482703042 0.050993211376851325 0.07804993210549949 0.2255391426737287 0.05984954727301646 0.015097839479307198 0.047782488537404744 0.10862460885843417 0.09172471172217915 0.06412334998044875 0.17090937713678556 0.23642407466710452 0.2784478356586136 0.037174283473149265 0.08604426367915119 0.01947014935167028 0.05185597194344256 0.06582696966192352 0.08604175452561019 0.24439686676121342 0.22625137476141147 0.43936336352520566 0.41399084964986965 0.43109051556059436 0.14989437280783743 0.15481669428532718 0.05534845634073233 0.058093591516269284 0.048667993551530786 0.07215239270133501 0.0740609163703321 0.2668249704290059 0.41423000052581543 0.2002468281141908 0.15189836823498234 0.1952365683760329 0.11138516032175814 0.012616089573911882 0.3569301692565652 0.3237506968478168 0.2710904553356204 0.4004839369290629 0.20195945389156325 0.13438423990673964 0.2094229299623011 0.10020120135541435 0.09660190704286312 0.07588497996178399 0.037061800051701316 0.006610582887969283 0.02867721349779038 0.1399396102704594 0.2586585534340076 0.20392600894354698 0.09939096569463718 0.002621750574672433 0.032235846450775 0.1461338216846723 0.07219286542813559 0.02982080140936649 0.04994231542557427 0.09130329949160147 0.04266970518639164 0.32412778766777095 0.33879191506590645 0.2470171030390123 0.25602754991769433 0.27718384730797346 0.42258902923936476 0.33999382917669474 0.21995230618996103 0.30435037828626466 0.24824242688755624 0.2149118780080787 0.1710402715798847 0.19246454557417328 0.0862351622716157 0.025402588886024497 0.18989173110571408 0.0958982127880423 0.33004537222142694 0.30153564646159076 0.33366293242006595 0.4152856432800823 0.36791922883835215 0.36323353509664597 0.08901735549096641 0.14703493579759916 0.09946437670592619 0.27442200754553114 0.254874553765498 0.17057956582050363 0.13283208520887704 0.1304115590012002 0.02924051285999187 0.05502612079290738 0.00595300708193175 0.09032758465161489 0.26786051651460246 0.08463363466786361 0.13320702321258066 0.08505141077403625 0.16892328011930263 0.06257916171685747 0.05049380934432551 0.1734509039051526 0.13350503224815194 0.0902689535234096 0.0962682593927559 0.16866784920355085 0.18821243341453459 0.0869332105144833 0.027506017882110836 0.18948844456601058 0.16899321817403032 0.292430440504133 0.1274132679628821 0.004711816591637117 0.12204283963961599 0.09091487435312325 0.05234761790177127 0.07626022189030064 0.1052174406523076 0.0051163481482249 0.01563974904524826 0.006989525161857967 0.07387842975345689 0.004338883430142833 0.10110304780869321 0.08066889599323342 0.13826090643841352 0.06332415181775097 0.09818953875655013 0.01619561443838689 0.03951079215914287 0.13946225803702864 0.050881562772705446 0.0596182540108178 0.11524489417449589 0.0853634744164558 0.01234475810360597 0.026265851305023395 0.05309061519329078 0.21591843551613138 0.14013698606153815 0.15385966378916496 0.25028995215668215 0.07477990275034875 0.09438554117419826 0.08861071555995188 0.057906688228030065 0.08295212756744748 0.15024182221586205 0.010785848657998877 0.05728667204138937 0.012334624912431336 0.05163848465076915 0.2456877719632017 0.12791235931662517 0.1621203873117322 0.06105556342924309 0.042050041928478804 0.08062416775436673 0.02714153824433919 0.1240923086373479 0.0356199453253135 0.013829513956498143 0.03319582229238679 0.06127952300051715 0.1247755443719734 0.10150970472353485 0.020912532694007457 0.0533227138455419 0.08517602663144642 0.07485678302515242 0.0173564415210166 0.004075145218296896 0.03312254532388162 0.15824506006340727 0.12580010358736815 0.17801596331201167 0.046973828709196114 0.027507272714157368 0.24280755411910307 0.010840857812255066 0.033201990551792175 0.11731885660299593 0.09449746405691237 0.060894097029907446 0.04238139727146462 0.12603865974021639 0.19177544896008297 0.11554232008926886 0.007531333451035007 0.0022118249583983358 0.02746407698763926 0.0632145350424412 0.20691899007036535 0.22885323024194631 0.1208296211435696 0.28275692270986247 0.28755429444274344 0.24639411677841885 0.23719950387682398 0.30484137865019706 0.10348621270936949 0.02677617770823048 0.013271708517197068 0.17281010500940183 0.10034541669607927 0.06675010090586551 0.020845143710786936 0.16868393952727834 0.08499449167765248 0.026916731997607832 0.29139064515129964 0.1300492139766478 0.024892644377931043 0.3292219562798902 0.23946116198055792 0.2188026163873231 0.2635892141621443 0.1438414358143609 0.09700537621611335 0.05105520559472293 0.24878095242769022 0.01551916039722766 0.03844505745382408 0.06217839284529891 0.031578305816024756 0.09183046425837364 0.06756934048919032 0.20004781739356498 0.07047847787730935 0.023314223270632182 0.09445880055660989 0.07655324231297427 0.0633573031755415 0.005792039505165537 0.020693375583458882 0.016688578925350476 0.031102485335762636 0.02285863725758406 0.02131178840583658 0.11132418758225555 0.09415250450385373 0.058415003181760655 0.0005459012822961071 0.025991850747991384 0.08152385683863281 0.0774591800964559 0.1125469714502129 0.02907905932573038 0.08453634508615625 0.10495027488088414 0.03130164856474992 0.031617633420424424 0.07691817158917352 0.011699875689475812 0.0763946492427913 0.04105357025564943 0.08043321155003381
0.10939674063017102 0.08110987052249843 0.05281168267271811 0.026095206547367116 0.005753555064510406 0.11060201231327046 0.04609280214662342 0.02062164780086249 0.0955988953052134 0.18363349866148498 0.03753872378344059 0.20360672109935252 0.00644581167480404 0.1920859411615435 0.29553414790365307 0.03357702681565806 0.019890232008864923 0.0037165920280924337 0.11022888150359214 0.025695466726623168 0.0848148926882202 0.005727123312871244 0.0917154927864774 0.04908562582107763 0.03992236508063929 0.11934522788523605 0.3475160213910083 0.1423431279845993 NaN 0.2014470067310531 0.293191238645828 0.006803593463793846 0.1881807366197887 0.03340165768376859 0.2250547897835601 0.048984967378638236 0.14976408462465005 0.1322171851252013 0.07547814604421296 0.07117599230859158 0.07247238068396421 0.12621590689147416 0.08742459501606097 0.12248310438544927 0.18263598135507186 0.2823112401249194 0.0001151576870235116 0.08209682309317827 0.03827125279467712 0.023794830707759115 0.022219550883208695 0.003891682949368193 0.11075778773850345 0.00029762910869426143 0.0029086956957939027 0.035675181854362505 0.029459039885887047 0.12446750043167672 0.12171563813442822 0.10264892223644234 0.03185220131331194 0.18395057212959404 0.3029609392941993 0.006637363854277387 0.01363164275045464 0.062152163464276794 0.1326668027523954 0.16969487419925453 0.08851952568096874 0.13457680450144316 0.060742931812986366 0.1861828427327539 0.19908201618912083 0.03499966083087493 0.2550258122154919 0.1125174227234651 0.19206650991543486 0.13041014294544284 0.15022603481784969 0.07969883762669622 0.029517902827665938 0.03753929320950001 0.2816843953643594 0.1595233098759918 0.11643561819685899 0.03991591394056033 0.07803405969085668 0.02207195900466979 0.0035338430933727783 0.1068774170752293 0.013533697239837992 0.059219556887632724 0.08528900353664744 0.09386409252796864 0.16351777708456305 0.20784736597708053 0.38346339848200184 0.10377569659239012 0.1376479504823197 0.1347487307910137 0.09841172587983024 0.15281165892560497 0.11047214764737302 0.059319547071617226 0.09310792676448841 0.07858104130542377 0.08083234611222953 0.02445878220453629 0.0689350347984213 0.05601571355779182 0.1342510251554847 0.07216090716078687 0.01457862963856928 0.04684600854369424 0.04920139685698476 0.06990644262763056 0.1482431264696259 0.02916265651369903 0.0216049454895753 0.049589565818839956 0.08772944739268636 0.013940228621004594 0.08302149029613834 0.1120415768781698 0.12320743565146922 0.006076344740170692 0.0886949906771038 0.09232987184723294 0.13760362659518258 0.09289585305249279 0.2028076316688264 0.07580976370849923 0.19158032642010864 0.010082184324570012 0.10763528505428958 0.07826797975532011 0.021227167489390738 0.04107827357530557 0.018867179145667615 0.16172052171979662 0.19167591447806648 0.17077997523766672 0.25965491920034134 0.32885841035023483 0.3571686489910572 0.2557545112951939 0.167171644006176 0.17106431520231213 0.2842111955810184 0.0817808339031082 0.33829231879583843 0.02167368265330083 0.15834738395001197 0.04943454647759866 0.09494200225403332 0.03564180227987441 0.011826037190332758 0.02410634774390976 0.03752199790828875 0.08019329395236294 0.228579084504016 0.1750916679199104 0.026814419310608732 0.07354735700817969 0.04275993255494409 0.07070193163941353 0.12944336488232708 0.04799369563876952 0.17002244078395204 0.23666053734797862 0.057132098031374895 0.006406290574432356 0.11198514278235894 0.1481536719752579 0.031282240950490925 0.04281842271558939 0.1783565815536358 0.041700364538421346 0.12353284857016132 0.06766689749982138 0.08303649704408177 0.08001155598111416 0.04857741586046385 0.02187026031667806 0.03516742833566753 0.0734947687459609 0.003541818442358213 0.09156067543579152 0.11297368601242513 0.13614232667411616 0.1065621564223048 0.09974282601233458 0.08305084674590454 0.18483456347729207 0.2576330380699092 0.030091860505473234 0.0568446683347421 0.08147628653462796 0.06458406743341717 0.022011609723699067 0.09944151887579335 0.0022782218582379486 0.09597587740872424 0.08011805336727289 0.16561021375083254 0.24796423778416393 0.15746224515219898 0.1930432860486958 0.413034398512446 0.05308966628459871 0.27180448587362294 0.009508463180386076 0.04193789143304198 0.01629893195990808 0.0005177646963975297 0.08556952833523962 0.06544866131683484 0.09646096649068645 0.023835031317906378 0.03373385960897354 0.008937539139730987 0.1034195190026006 0.0013509336896723877 0.12806444486125487 0.19912310089946456 0.17505959159949902 0.05615850877666524 0.10314508378953442 0.02864137345984406 0.06199763976096844 0.09483942028744624 0.0652490852316702 0.14265994713001 0.01595325219927781 0.02611148175743036 0.010485047205811499 0.058663881378729396 0.04184264413158019 0.13727783892765122 0.059914238647208136 0.04663307691470416 0.0324684673059305 0.12184483563525093 0.17111618202396203 0.034678767505382624 0.05703301725261897 0.03520739550895069 0.0467058034600664 0.23191637693190642 0.2539828594914879 0.1093656775141761 0.032252760685037726 0.16076315853279047 0.11784250825693109 0.24617298088663533 0.22550486984214213 0.006333784079773538 0.0885285288533176 0.01452321286121103 0.0988018400782753 0.0569516687875881 0.02708187059008531 0.18630756365957382 0.2050792191637301 0.10603577684156369 0.025311919093254205 0.0802641019180382 0.12061608489030667 0.11580315874116613 0.08278905873631656 0.09739664890794768 0.08482642696900604 0.02568475013845074 0.10189812582611239 0.09657382814712251 0.1264322283869745 0.23425106148084704 0.02602283083272766 0.15784031557312894 0.052396712406267504 0.14148852125458836 0.1269971338316562 0.05819140620458721 0.1942532762877239 0.22096418057059566 0.039126202694408044 0.05434847527886478 0.07839823139781088 0.06097222016607875 0.004649691751011339 0.0708042864569605 0.062077285758446996 0.12227298157193793 0.030767739681288687 0.009665957551430005 0.06359516021559354 0.1130136229876377 0.023409926437298105 0.039845874660600314 0.112613449085416 0.10914477917781173 0.0030972774949097255 0.07145215529049075 0.17509571290335993 0.10245154974494532 0.03715619219655154 0.0934639548573932 0.11680184066064052 0.12041390005622828 0.07909147103977107 0.14541615437331112 0.1349987953465364 0.08657372239119782 0.051719634608407644 0.05528457406563092 0.0076701771297508796 0.1193398302075045 0.04211187928646878 0.002899172202259051 0.04898569400580761 0.09116308143415731 0.1927057718914525 0.17917746085313188 0.22519975773370318 0.3040705956827572 0.34451278885941944 0.12474456425899244 0.06455058693588335 0.1770481141799596 0.07305632058131416 0.14151916011577542 0.11254088707221278 0.11373146516910497 0.07374094024369945 0.05494659648383158 0.04037866756748306 0.03966663622056903 0.017916089740584253 0.023709479462300818 0.07638495686530306 0.04324878632039316 0.17511203279044338 0.0116273545346529 0.07079007202608473 0.048072111261693536 0.04473139642626959 0.09811319237911278 0.03021898645402345 0.1339682838195646 0.1896054759739044 0.050547406458470515 0.11440053046038626 0.06908880475842018 0.13769251108083247 0.036537055348219875 0.16935429374748617 0.07546334402937856 0.0006791855103514937 0.09622206707193054 0.006921184744497654 0.039439243491917596 0.06682330827545606 0.010818360686187044 0.003377761154116576 0.03451135637245572 0.01542208343560355 0.13430277153550366 0.05856360868420972 0.03235761707067435 0.03486263858740091 0.09538277304041631 0.08540195772485869 0.027294050817046382 0.09136046989497339 0.006683543384059079 0.06904399351859236 0.050576781079005054 0.023228614601801104 0.004327132411585171
0.027305294525097657 0.24818002260516175 0.1181902575509143 0.06538289389877176 0.08369665464132295 0.2094323025425637 0.17773047020473381 0.2620254245538495 0.20229594074044005 0.02327618307046668 0.14821207339883385 0.18362866881202733 0.026680296041027427 0.09713937173987523 0.06047636378420874 0.019381871564997773 0.08964654152584041 0.282323791335782 0.07892855918101255 0.1926081368773478 0.27049807338613063 0.268016767581398 0.33666790909908256 0.07839124465243184 0.09493768123353073 0.02149778108364715 0.1043427683206349 0.24541829352793743 0.2014470067310531 NaN 0.15114742253338842 0.2696118599074542 0.29613729155733404 0.32193226208592957 0.19816291488632187 0.21322932775535938 0.047518293150588975 0.06244503741858053 0.20922372379592166 0.0913115270394397 0.07757724258654687 0.0811316614810294 0.061026609971784725 0.03466696252074898 0.05769298960319254 0.051481111879141006 0.2212686039713574 0.2154942921394407 0.10658280389654544 0.016640598506018733 0.22557367787764707 0.18122280573812305 0.20501798680093586 0.09509775958807186 0.0015731232728975727 0.05304312596162876 0.008766442629741078 0.038408983508603646 0.04974256708834263 0.10588779987571557 0.027619290183086613 0.02607209435283627 0.11057323028158111 0.0947253415609403 0.10853048225834205 0.305527892060548 0.4055886984951736 0.47191520487463756 0.2704556444230873 0.126683894591092 0.30386035648555015 0.23315010189307978 0.34226796545273575 0.0245427035915076 0.13572301270395057 0.3168972786993261 0.27231645574595176 0.2344308030232821 0.10253259287654246 0.02026868036267312 0.23118356206368265 0.19530002126580878 0.07043917356572792 0.09943503044792601 0.14038518988850618 0.012897720251019337 0.0032118736164317347 0.061723724961335075 0.19059949757686045 0.005943886430179707 0.045083022480839466 0.05232824524774692 0.0012355235930754745 0.018634242602982496 0.06601611660936771 0.04145639447524185 0.06363617044935678 0.14564088406673348 0.008897680127612339 0.051909840157276725 0.08785746113719847 0.13887900540682185 0.00695905166889506 0.016328224117791112 0.04778356468073147 0.003661517316147497 0.0376232964096151 0.028346919914853677 0.09243707051178178 0.03219813314646365 0.11285730752252188 0.0465355373067643 0.00027135569813115676 0.036279847888175724 0.061916047449948074 0.11538624057410313 0.11831920879674823 0.027189528776957444 0.06642296723093516 0.03275549514371032 0.10409843138066366 0.013634964801633164 0.08964481242104719 0.049809187565718616 0.07327715360069204 0.0747782713483067 0.01947459825516059 0.0951306108403597 0.16772732876404386 0.06473869372657447 0.07012024082317941 0.4023775916564176 0.09217570492304927 0.004790313139041428 0.006116262902206585 0.05043275878189554 0.057771253941642765 0.2274763004742626 0.2495555381016013 0.19745370944886695 0.30757514931959845 0.008898427935818956 0.10853317660950103 0.04719112657964117 0.1637071296376845 0.016352493930349144 0.03875111698709934 0.2845634028279895 0.021945385454799776 0.6237453450949778 0.5306866647162881 0.022998573009065253 0.11550963065098806 0.13241628391808832 0.036287822596654015 0.3076027841736402 0.3455753485539058 0.14199527633020437 0.1965322003056753 0.14055152242662505 0.1349091610857838 0.29662645064575516 0.08942774664033938 0.08938115075921309 0.14158519204101802 0.06959968556420211 0.17384075405119076 0.08804187751892845 0.09738790029020361 0.26613334734718025 0.030099454646872224 0.028197573366353614 0.10377510853556364 0.038174150437463805 0.0185904598987305 0.22590991193776924 0.11219061087939851 0.04910787474442565 0.09718872663263008 0.07957377217154701 0.0478056969070718 0.2558158161234999 0.1097884554183601 0.03018131508617365 0.04004485940136421 0.16084389558314224 0.1505584430853329 0.23311827758761097 0.2723790951974903 0.061169717249655454 0.09342655896254527 0.19955787598892716 0.0391674911848231 0.008148249712018156 0.11216248739735427 0.04766853427356425 0.07786718362793076 0.2517907385534012 0.06457522533210336 0.13390997041216146 0.23463651091528892 0.2270052298969032 0.34259640252629664 0.0416943067114582 0.03412250679677848 0.0015013909687065193 0.10442855190432068 0.13031392920694634 0.14319891451134295 0.49215737472268606 0.20313249058369104 0.051132335087922955 0.2131123930838651 0.22027128609268865 0.3384589084753131 0.20774453020001804 0.004493559923773779 0.10863647402893667 0.057906174907556104 0.10540537532955542 0.008024562769982195 0.060510789953167145 0.09360106853812883 0.05099257969681248 0.014175150601755235 0.04032364684738114 0.2716026732571168 0.08768361059426225 0.0788926505787819 0.011160139633917607 0.202933559058004 0.16114129390396947 0.2763949238279584 0.12348775677282318 0.04136031809786412 0.10617885715406988 0.0825529151793801 0.011519727377383073 0.0007465470281192053 0.006350507431943465 0.03458337040425236 0.042996683062965266 0.18173324301676047 0.1331684562643533 0.009139247491728208 0.05317123492911793 0.34215384008219485 0.2962817498183035 0.005698404683277793 0.02878592657472927 0.26571557168217225 0.28352013249875213 0.22112175221830643 0.0310966041723053 0.12116429164438079 0.025425916431321697 0.18774244502562745 0.17817520780891166 0.017637946257816114 0.08201364730645852 0.1050943042671606 0.10513247221070829 0.10698810129623018 0.017832050297192377 0.0609380436964772 0.05602862871908112 0.2286571067037822 0.035208164659402345 0.10472183943149967 0.1505185029022883 0.11648918663300473 0.08064311561037776 0.0009313981834307882 0.023676949228071734 0.07051117769901724 0.05280447832649946 0.09679188664397724 0.0792471402832517 0.009481892162184176 0.06502460240831277 0.04788571295378565 0.10622349584854852 0.05743981693876896 0.059067109315871044 0.07483560643543995 0.041904258911326424 0.04423924882437642 0.058925801302787045 0.14132966708912087 0.012029618725480886 0.05170239219365183 0.013327463479672064 0.08087175504341386 0.04418220687866686 0.05319755308745715 0.14366947127412613 0.028860717347392182 0.07189194646633504 0.04142208508738849 0.0742480879164533 0.12216443809277237 0.008776607843345633 0.08468306242413652 0.05275324691250804 0.21681619978247182 0.06517788579497927 0.010682241967808192 0.19353708598680075 0.24306113773975438 0.21025708851549677 0.0753802838832535 0.2409420023964533 0.14690846019430823 0.04742756651359423 0.10944962528083883 0.06881249962009903 0.08302239698223528 0.23573661789393047 0.20317697764572554 0.08708850200957909 0.1716183917821622 0.03997900095443839 0.20521980588002242 0.09256195967163273 0.11703485135675794 0.026468447618198807 0.030884117402913275 0.26493965205831654 0.026270184356543148 0.4506088806383049 0.5451878896060001 0.031321840861830506 0.22556018999248353 0.09823487645294404 0.03262504740026354 0.20583461134352593 0.2545461905446102 0.11506615948801922 0.21856358503943057 0.1166281899902735 0.2800674145417532 0.0036663144016160394 0.18969431946797977 0.07690705989557232 0.07486461307230606 0.0063230209414272005 0.141727488751224 0.0701801724734929 0.04185966406205016 0.3185669209005291 0.13796678107007598 0.06597179517528831 0.07335939652595141 0.06951451640008711 0.1249265768872355 0.1531407261739936 0.08393286154680013 0.017159475750134927 0.02763457132325089 0.15910833815307684 0.11616699905438156 0.012712047053307795 0.07786468381291559 0.013857823858034244 0.059050363862044895 0.020023033734408783 0.07708974607290947 0.038278864980751365 0.04717281146039315 0.02587313146671043 0.06932750591982005 0.0416316908099381 0.04561100950754274 0.11792851252085726 0.019610172185756426 0.13275377872553001 0.03211978657932483 0.029643399438432836 0.03821430854513502
0.04360535160712253 0.10597995734556577 0.02877734334101408 0.060240949261188156 0.056867582635788824 0.085968220555929 0.12342188782208752 0.11632858473015081 0.1826627296235051 0.0997459637098079 0.08804546023766201 0.06791691371087599 0.08312163574958198 0.1985593950718766 0.1995451298274711 0.060195351728375514 0.04685202368964647 0.10095404573537067 0.05752336328647564 0.007064146418255695 0.15021414660556007 0.044787202589111175 0.12313610537734988 0.029395624557483062 0.013472159535901772 0.08234760023070467 0.27639363450685894 0.12232416334248225 0.293191238645828 0.15114742253338842 NaN 0.018942687879052636 0.2372372095988412 0.11187266989616139 0.08547813548177631 0.06825077211347043 0.16139528454799645 0.10353089099281657 0.06946907392713031 0.14126467314080135 0.10439828212373387 0.1104166799909924 0.037672763265703284 0.029530402864669368 0.22268297241057824 0.20269139897844338 0.12199806698843706 0.10062617571199314 0.11886676188141408 0.05889978425965769 0.1788890429687172 0.10008153009990513 0.13511204578726216 0.09702423563135641 0.09097244741642325 0.07469852009350718 0.09924746130529509 0.053021191487463384 0.08129346387293097 0.06307590605273819 0.11362390809633752 0.1744127403183657 0.21014976412771424 0.05491151169202274 0.03698890077831883 0.17608019859722424 0.03389502284571081 0.2998520039666307 0.04143868004390457 0.0619430353646981 0.03156404527315851 0.09740024198354445 0.17576003185235217 0.030798620983492234 0.12118990703803757 0.04515480163654565 0.030687349208456994 0.01175347421250741 0.14582378995685752 0.019794943285078723 0.19262930965370398 0.018245499193124 0.07593331992048216 0.006499649456648711 0.0003717684543408405 0.08286686152355839 0.10694601694069839 0.03136689017652731 0.08691831253121489 0.09412741481766701 0.1430314149489589 0.023493096156360426 0.018653408093252163 0.04144482028828877 0.10873627023086686 0.26409168923184023 0.20768819933793004 0.1864143063056823 0.10122401974200941 0.14196830441538932 0.09685019892315011 0.06641410580335211 0.033595764455109096 0.16957479535270256 0.05147890915942678 0.13477050032572171 0.1162712397362003 0.0512846024706702 0.004303345790464831 0.03162279347862308 0.04158606989520043 0.03590007592944907 0.02395796756036641 0.05637221883401126 0.10237511747070924 0.04949709427365912 0.15281281500116445 0.05808611051798704 0.010011999264961496 0.03232484576590426 0.11329774601931504 0.05500034536068718 0.07013510538620484 0.028594992060387056 0.01900311611261178 0.05110179993425466 0.12218225262778377 0.023246959842995487 0.08373757680038667 0.0016146115389342197 0.10963389298411794 0.033987276265239626 0.04945102566769207 0.055581797935030874 0.049380719680000865 0.026842760891442205 0.03730433826058282 0.03404612455808285 0.005390956091075743 0.17557919325102112 0.2367188968979839 0.24430370615991776 0.2994176956318735 0.08554522800310865 0.21262722549129437 0.2460232321403121 0.04141836135916788 0.04649407729607478 0.07465284958956626 0.1415661703524678 0.29568592743122757 0.06547635508849058 0.14498889067747453 0.06767368495340598 0.10996523273819485 0.10471512781302747 0.09022522316438325 0.0018519997780822406 0.08259265679898369 0.0796253108866157 0.15638193335249143 0.13887580984131176 0.06683128055943902 0.019218229303364708 0.06338609989902903 0.07512487195503388 0.10240995737677512 0.10115410868014969 0.05176952571998442 0.20885542804285123 0.15754320938688804 0.005564334711533038 0.012583482549969256 0.0702052457277467 0.15670539375975545 0.044926164372756705 0.02221990253366221 0.06436316849593629 0.04954290546541968 0.03392464802475985 0.050445713837203934 0.03696751173980501 0.028299589457351445 0.13182841648937374 0.11637407731419576 0.0026591165234443447 0.01768263169521978 0.16871655681555192 0.1953527610953306 0.1324212950467517 0.055112580790071156 0.05358094417905357 0.09966808348476404 0.07980880365322703 0.10807506481305389 0.050009570492131776 0.03078675515848082 0.016122499037763742 0.06214632550608344 0.045602606968750514 0.08568847155637542 0.044779385597611604 0.10300676440984605 0.014215254038417361 0.17493065627355806 0.21838520366658593 0.08809160378095732 0.12397942907805036 0.30987945809706235 0.06503442099993646 0.4167398949614312 0.08024252435380223 0.13133102672561683 0.030007601597515227 0.013026036956489965 0.0350162929553489 0.06054752354916727 0.12008262086006845 0.09565120992174894 0.09742470466416574 0.06403672305270611 0.14251933824721036 0.002508049853981579 0.0859083021917856 0.19568692693603207 0.19266994643527674 0.018365818205208755 0.10004109725439163 0.08694393675079719 0.010915786694235147 0.16683599301056415 0.12444781914419605 0.15517305184048702 0.06661497424930919 0.08453911306888562 0.0623687680123809 0.020266813967279813 0.0339469362461362 0.0953275890341361 0.06291885048077615 0.007501684820063855 0.05279192098493948 0.008115703186608186 0.04623031489652148 0.01516377214550476 0.029320481140229948 0.14758850004562357 0.17701527087625846 0.11504701708791348 0.13214498758636475 0.015544081815012588 0.08866259049035603 0.14708260374773865 0.15552288999227484 0.12112490208310403 0.22145020622586176 0.031993109768530564 0.012868137049592183 0.1021035685069989 0.07122185662557698 0.0880857358655158 0.0012531886234344199 0.05956092346646183 0.10212845473109752 0.010104818359208565 0.026775519754568152 0.05901435743281983 0.027095052234629144 0.07395140194926487 0.057371720256680185 0.11162168449895206 0.05020331843780921 0.024095678775647587 0.004563619612705188 0.008109883812382344 0.1114118030590689 0.12048735910995165 0.007811230414667345 0.13224511635310127 0.11125418881957491 0.17474658344186655 0.13449884225593536 0.029844608540346918 0.14151480475775044 0.13330461164572283 0.15226000770999829 0.09208463003751591 0.10920526869037124 0.030226424436628183 0.027578297861608852 0.05749908190732366 0.020484826024526993 0.1193546269824011 0.047954690532488714 0.04268660787989848 0.018802545478574923 0.020981021337517614 0.07704573440378568 0.07487082162467996 0.06803818756140556 0.12748559099984852 0.05517793040452002 0.007764360918813882 0.1380343123348232 0.03991995206392064 0.05834655203552668 0.160573846982496 0.02891754864667634 0.03308453196354756 0.1181438158068175 0.09186279292806859 0.12173833328446974 0.02717223193557261 0.0059782864362939265 0.08404418373359113 0.03124917386486127 0.08362134896390012 0.1018471552771013 0.03409175729847769 0.04125071610480779 0.18097740985305952 0.2474724865689505 0.21643348947821398 0.0005042216915131958 0.21292459255158008 0.3228962190574845 0.08716003057708076 0.0645561909227881 0.09862234488366498 0.03213354626064153 0.21098163427766575 0.0403886247647689 0.1000303676321625 0.03337455021454175 0.13722983121707938 0.03254691696669849 0.0818199938417643 0.02769853837455914 0.010573151224485657 0.04314977793466511 0.03114750362690746 0.19397731184980455 0.041259457971451516 0.036222949147474634 0.003623898418714663 0.02877381825142797 0.08452703234148827 0.07716235695381254 0.06445921807840152 0.24794718367509277 0.20979292691188506 0.05971601667064161 0.08075264286371057 0.058828720565389896 0.10511650249047282 0.021450162941135165 0.05847126516054621 0.08985541185920566 0.08828755133426844 0.05238642727501768 0.17079964693531985 0.01807166810376164 0.0021313560021227816 0.008002020588335646 0.05484063985328495 0.04995475747911902 0.05542948545629807 0.06813191188584442 0.013893978202587247 0.010210141250190988 0.21798585539622203 0.008469716041424406 0.008139411245249766 0.0627532974301463 0.048779474141280886 0.07334700437145363 0.07423783870854424 0.012503095176138007 0.013985004684640664
0.16505984172647797 0.06914142074035783 0.08085767689860013 0.17954864725667194 0.17312166288127065 0.1041236045905863 0.07338937520364049 0.02041695283451589 0.02257375528840114 0.050680480107048204 0.06238326291211004 0.055960042811141544 0.1432502218547066 0.17083425668429994 0.05092620398373617 0.0657665299128127 0.0610541558792001 0.06853317659479868 0.1162605809654652 0.14502242481248187 0.042435748531542826 0.02015518417677872 0.06674230885269665 0.11094665148465448 0.08929053847350084 0.12156015318077706 0.09468242225057898 0.14618982631020774 0.006803593463793846 0.2696118599074542 0.018942687879052636 NaN 0.17529268321060842 0.21532243664801168 0.2127175107142189 0.05575100619219574 0.012470967940237783 0.18134738889628674 0.006454342887892549 0.03745115651551146 0.02669849990201318 0.004602240297841424 0.03923469805540137 0.10541279476160102 0.09904151579961007 0.13205891278261714 0.04682950604519337 0.0704103876679151 0.05629102549765514 0.10851990486869759 0.010788905223679411 0.04266205710041069 0.007176164021566428 0.015026398608013455 0.11838472827149836 0.026133931974754852 0.052129339320420534 0.017117426470829724 0.022482234359317545 0.031696055900226186 0.12834621607371974 0.13138421812929432 0.07617354859690295 0.13252920649102434 0.0733444972343458 0.1404842342812656 0.261861431174848 0.13609768731162003 0.22448010354897321 0.08298407061711208 0.24403509389153882 0.18272176044435948 0.07911286674147733 0.11843169688447386 0.15208617074691316 0.2137154468162373 0.052795530613725314 0.05725378363464113 0.1035576246612721 0.09546787492228478 0.010671214062179924 0.06295596330935259 0.0029141641266272533 0.09351269071393861 0.06549026031041126 0.1877618706737278 0.16208936280171854 0.05561505544098419 0.03309641072723257 0.03877545755645214 0.0022615108682373683 0.004717939402264495 0.038179728806200665 0.11094017472052857 0.04612695086581544 0.0581402443142095 0.01767292968706326 0.17798802992984847 0.05233141295699108 0.015225536379349312 0.059295125168034694 0.10032053274006464 0.003771474172083228 0.10068399716150485 0.025536914444781393 0.05027903775650569 0.011609013633785276 0.06642603614102213 0.006789121451180625 0.010932906808164186 0.01083243026341259 0.014661378155264823 0.0038718765093457693 0.00841988990213211 0.006297798471151169 0.033753474401547544 0.11103755981840545 0.021512353247640992 0.03926864766114346 0.02102834040094317 0.1275534348222022 0.04103314789937784 0.048075203991338085 0.08663662027918904 0.03625870526945822 0.049709153278187396 0.014998992063873905 0.017876655115517674 0.1108911155851246 0.16289315057213377 0.06448912282071814 0.20881944666241128 0.02068711894334043 0.04065319932149831 0.05405877292360022 0.04280851789647712 0.013738762885360462 0.029343219467018927 0.09792581555776203 0.050616575563439195 0.07897779982185915 0.025927515704620634 0.07286829752578732 0.020977290233751195 0.025769958673854697 0.12791889702898768 0.026535334991748215 0.03183254691703977 0.1972749422499947 0.3143059640444473 0.21534004630293002 0.028914565393462342 0.053168517214805415 0.04913182806092215 0.012663013985288029 0.07687991512173852 0.10602808669980096 0.13399912948909862 0.12745554516612284 0.06104542518516133 0.11378400376116209 0.2587306664560392 0.022301951176752474 0.07961451623299541 0.056433966648835064 0.004967987769420855 0.03405437011078688 0.05649647091238707 0.12894927351907567 0.10922993565182765 0.11774590930348637 0.079752048377343 0.019008192665224025 0.10468138319229481 0.011760440579476193 0.060462347765024564 0.07968103091786394 0.014231132502531626 0.1809108780170101 0.054924751243216795 0.18124684313786985 0.11768359812437323 0.1521384665231322 0.21202604333024352 0.19087738245476035 0.14869411655425246 0.08066031557255454 0.053556577326987105 0.10543565694518611 0.05472796437899518 0.008632247739803336 0.13061359861353208 0.1878719085126306 0.11578033501203647 0.08772674452204883 0.07093454095309486 0.11635348150942063 0.07631990160934539 0.08987431190588295 0.1373790028800749 0.1510909843390852 0.09271616200328185 0.1344832375078819 0.11099444709385722 0.09227837207272963 0.14269421879581287 0.13108251431342569 0.008799913475892982 0.08162756868930875 0.25665904662785705 0.09778991324764873 0.2618799915253593 0.17160784621816727 0.18099197110923215 0.32370355448603466 0.09691493868370116 0.002310906131767645 0.07744671333753042 0.032676777329510916 0.02196233870635676 0.014602383581227181 0.03154253435962367 0.06951843228862013 0.058463651001970304 0.07797978847345614 0.09997077558027372 0.06791067424431248 0.05705841238024632 0.08151339104947139 0.04852832125810855 0.02113282085017411 0.07250243439912642 0.07485921466217965 0.08793205334125 0.05686619217958154 0.05321764899709795 0.03631270004583816 0.021571793530381234 0.07591857661900198 0.05155956704547189 0.07887114134835042 0.16536122165124617 0.019092003355498228 0.12454017201966756 0.016003536133461022 0.043286223678175396 0.2798133208130176 0.17664385107701663 0.20415189676621412 0.11120876912615928 0.19233283683764293 0.14477315396273932 0.09137972600762108 0.1320575971804948 0.1305788419798617 0.16440222277182148 0.009056879053355837 0.08704871723071574 0.05465487983199251 0.13911987436409545 0.04406215181781039 0.040654769027085425 0.011826223688260624 0.11498961383979453 0.09104704850705658 0.17880084579273345 0.15221612990903904 0.07470402262343041 0.09065327033295484 0.01270179515848739 0.0032526957417760675 0.09560470805172927 0.0004829787087355675 0.12002761486379764 0.04364090306982936 0.023794539973575578 0.0798425230106366 0.076991478253671 0.06159175796462772 0.00752620057267683 0.024694752669121422 0.07097830896801349 0.05733578417033325 0.15673692975882889 0.05126440646798618 0.03248518595845028 0.13756708177420893 0.11636410163404613 0.03450157944521496 0.0029902751835257277 0.0799858487890291 0.08416016420680614 0.04314042441760066 0.001165374109222117 0.052566095734540415 0.03078339307639872 0.0018451392089010453 0.03556771724478558 0.06837576896998367 0.017615621272702983 0.1246652200406253 0.006210648101183314 0.03552736762124019 0.07031931405254058 0.030581573875805988 0.11813169041475072 0.008900472160143565 0.09285288780394534 0.12609670557779135 0.2597959625478571 0.06872994781046553 0.17385259724004182 0.03687625856207727 0.09511596743043675 0.03085658473747546 0.012767004419146053 0.08234093108158534 0.07836069793370368 0.04358499235864928 0.07083780987844138 0.03207243085658787 0.09366500565028281 0.015009290555293618 0.07621138343556298 0.06353067099473186 0.08384305365058234 0.004464109210791412 0.003457132167501388 0.2301434194573964 0.31639994691800327 0.2855756124697129 0.005519672365297278 0.10716165765717355 0.03068075903286596 0.012134599922030026 0.08319155560690343 0.10049396957680055 0.1450063899099722 0.15262488094359186 0.11392604903605986 0.22974603712685632 0.09494276715792091 0.13156578107802971 0.06848254796998537 0.0057638794810789176 0.06454829098311692 0.0234229293695636 0.08179253119381738 0.015277035836049795 0.10565508518800155 0.10398926373904312 0.013641488782143144 0.04364871433060094 0.13412045210694462 0.01190315399944298 0.11077813256672318 0.1592379636717579 0.02011330725552098 0.11237000735129585 0.0954025991113296 0.15045118108798505 0.13135188486171212 0.11180064890230686 0.03081227903896715 0.017642192919221648 0.11876287735434972 0.05018639981679143 0.004746654637798722 0.09760188302766482 0.06072168258468714 0.12328820749478278 0.13758879757758505 0.1320251909593278 0.006898160135158756 0.012943453295425473 0.002714597856408275 0.0681502446924447 0.048605941545449796 0.03968656640347229
0.12399064381121983 0.02626223804338727 0.001924683041215143 0.09810105426446632 0.1092872982215238 0.09633793240667025 0.003395607798799308 0.013483829460380223 0.08175679140932918 0.16651921139275355 0.05376469240692926 0.09222788752630355 0.10435615189828767 0.3290571268279527 0.3029769951898951 0.013405669197454251 0.056612812594398106 0.04160845936487997 0.056876838419577316 0.07023440718330384 0.12516358139100445 0.01912012310793142 0.034389205874957904 0.08848917371515458 0.07344241002029744 0.1468278162518406 0.21061980424633908 0.12945498520118276 0.1881807366197887 0.29613729155733404 0.2372372095988412 0.17529268321060842 NaN 0.2647586239385989 0.40487600596826295 0.10276332503003029 0.11121461138854193 0.10820489835713933 0.10870526705362143 0.06611429576903309 0.006292371301415949 0.13647517573322054 0.03600121024034523 0.049421556262196346 0.12740900574548333 0.018513682711615746 0.0006558224570527479 0.128252359833302 0.08886911424315169 0.0795860435783269 0.004260454421893749 0.028969283806542276 0.07024064554436585 0.033063235194584976 0.0334956611757136 0.11246719673962167 0.007121704004960866 0.0027165313635728982 0.04595711925852088 0.03145952172505194 0.11070573796235583 0.017394861267425437 0.06399051061098153 0.09971469016188239 0.04188487538767414 0.3165056613201505 0.18787118949543252 0.22081999998540439 0.07662165979179132 0.14101763612124676 0.023395071825543155 0.012777168173786357 0.19863366429849968 0.09042261404621738 0.11686655871313749 0.06316684563077098 0.16557177970449893 0.031871857047177765 0.03447505848147347 0.03270789079452573 0.06576020932254868 0.012626795401278224 0.05460771294041894 0.03974574889085565 0.06015950835744894 0.002071883860659337 0.12819799733030826 0.015381798493032025 0.15947457812273821 0.010127388528996271 0.0662710876949785 0.056438365392345036 0.021280320118170114 0.12845797632058842 0.07037086518380604 0.04252517324603993 0.13059941993854687 0.01905443164447509 0.008412831729630307 0.007768612508435384 0.04328027529508792 0.164836143042441 0.11540586306745201 0.1305899909736276 0.1075955392803474 0.06781877953392629 0.01267237969685315 0.04448548479380393 0.13568471494430903 0.05336540803045574 0.13310150011879512 0.0817768423585694 0.020951263374389146 0.057752363785796845 0.025237724292983946 0.07358628348521581 0.021406687940401403 0.023355792144632702 0.007372847092278735 0.07324612882845832 0.08869385941492096 0.030357535686737644 0.018699611522562876 0.03407178082281874 0.13447660380422194 0.03495299967558458 0.004771731378209156 0.061775714674618974 0.09941019820995642 0.08062019584033166 0.137513694925615 0.06593028024948543 0.09625491548311578 0.004175658522230552 0.0631305268913841 0.02211136991020196 0.08015869428158101 0.018329247677480735 0.016642716474026705 0.1724220265707045 0.07710371132244093 0.048953586661487754 0.11268509594414991 0.029100196835268557 0.2227357982389846 0.019237156982823557 0.1250240385709897 0.0010072335064130005 0.15600137725163923 0.255526480492542 0.39070564195991664 0.08115454998586676 0.02865223443412806 0.004242918485273328 0.008202586949546141 0.0856476143157192 0.055819918935215825 0.03360813867483982 0.024227231387687925 0.0358054276604122 0.2594398722958569 0.19267588553263282 0.041339418262470125 0.055143135532595644 0.05318262141742669 0.05256518037788253 0.0025794179112312494 0.04712211779346595 0.03903742134511484 0.24305078716172313 0.11661015804411784 0.06773129821529286 0.04874578888607403 0.09291930331901996 0.046462915650562084 0.028000371166382425 0.10047042646010858 0.002576286744776665 0.007612504703853131 0.07376561848271826 0.1385113948821213 0.12895357313639338 0.059044129365181976 0.099651627478832 0.09401675716422066 0.04892263883624322 0.0017475071667231866 0.05312807067263538 0.11934439029966228 0.06724983135556023 0.012106565906867197 0.041845153394018356 0.14531433590909235 0.270623595405656 0.28389968673215543 0.047412913568155204 0.030296535604790044 0.0035915847142882406 0.13738741006096905 0.03844980299710513 0.08299834089225214 0.01076396815777712 0.1090976384925706 0.1221613181755946 0.14277181584082402 0.1657554037849405 0.1778228727098245 0.02397267226596151 0.21950811700044875 0.2550138982771661 0.3606326102063247 0.07748843047163931 0.3538387606368829 0.17144068246069438 0.14550293422021154 0.08909997161090503 0.07229715901848069 0.1538680152211628 0.08582886170798508 0.012228895679295132 0.006245141317522511 0.07572842319255642 0.0040257215334669584 0.016193064921891563 0.1586451598892688 0.1321146485391306 0.03746147978403335 0.11193824185791669 0.0476320474176089 0.0048162747561075955 0.042133290669813105 0.0808839341527307 0.10815470422222678 0.07180019921688767 0.005772584882463529 0.08089562049363183 0.10242325746821733 0.028375540315515826 0.119480340537944 0.050775741770235916 0.06746790447463599 0.07154579360156041 0.14862832681904972 0.038689369142103885 0.06408262612403273 0.06185236849158163 0.033532892264295226 0.14422313220399421 0.19580249274680872 0.2076665631189976 0.00043301307272804786 0.09366503017975204 0.04596685733006855 0.22008966747540998 0.1209699992563518 0.20117499826362187 0.042883265128615955 0.05373101458986284 0.00035590260044443724 0.014647246217951718 0.04448862399524002 0.0065490332266740356 0.009899075772542494 0.13310549654851186 0.07028556633316686 0.09025639385856611 0.12234623329248819 0.06341684444376493 0.08683586143371644 0.13664351145021092 0.13372115476248997 0.11285514026440419 0.003976477876919901 0.0014622213970969954 0.022831990578966233 0.0007604444146275536 0.07032437188464917 0.020072650118819684 0.11834069667198939 0.008594637225768673 0.0805591525642804 0.14181009082354956 0.09522947148433314 0.1686009545424724 0.202114026185491 0.055539589266961245 0.10802122688120873 0.07173056338286465 0.08079164059935426 0.00011942485510985258 0.0679793541085686 0.012983700480912101 0.01532468923420818 0.022501728385911163 0.013559572594853315 0.021181369662201154 0.019858304166758618 0.05151642735113091 0.022902280102120424 0.06141120451473359 0.09696811100453367 0.00861349486019872 0.009110668358830287 0.07859879868950466 0.03156285859810043 0.04357583448101418 0.03615012027368659 0.03150746984633979 0.06269080708986904 0.018300093213503756 0.021696724857055733 0.0051024529731246385 0.10054248170436916 0.005938235486614031 0.013136236671837212 0.04087238555737081 0.08559827873450826 0.09515038021206988 0.07792403089791333 0.05358687438368708 0.014313066055943445 0.09981464975992188 0.1878638878300302 0.0721868367262219 0.15183842502273745 0.16455086514556844 0.01998601596678524 0.006475999739168862 0.04635592908092978 0.013291301690736917 0.3632028759918133 0.0799957132933774 0.06444252814570604 0.10691786771625968 0.018938634068837872 0.05520360355795012 0.12523474471471815 0.03586627861000009 0.10409493312689258 0.0028897465749359312 0.10561791518283274 0.183850889935188 0.002281348176076265 0.07652720675792303 0.012821350925025973 0.0769733923688819 0.01106563850128091 0.03592647919742659 0.049934816152878904 0.24090391355700003 0.11496908749997796 0.05430599428061844 0.04717475819328951 0.08957518946480435 0.027411087575004194 0.02852968151506874 0.010684060705512782 0.098031865656893 0.04207891497809979 0.02052755653148823 0.19060705374508538 0.12558001119236326 0.1445147403312388 0.03139635945660333 0.021336312472014434 0.07740080507225727 0.013795619025633888 0.0442957472284655 0.06910715463500429 0.05698259458082797 0.11806318044028268 0.21165615163049545 0.11977290068712623 0.01154683132939379 0.04189608483638006 0.015337170069387044 0.05442226600331856 0.09325230753462167 0.11795519523064486
0.02947776557360497 0.0696320341268133 0.07820397655367077 0.07899691211254105 0.08177873639493395 0.11164718504551888 0.0951580859017139 0.1973468988085674 0.11194201792013066 0.04762097035604599 0.06401797445450848 0.10201946268873094 0.03848768009144921 0.1590563843891237 0.0205946220040754 0.015854768220464277 0.04448704430267655 0.15357700912055985 0.05515937949185099 0.09908550561685678 0.1441307193268405 0.13936297790870208 0.14485767803515748 0.06379458049978282 0.14379152069899903 0.03684243975975198 0.017173984663513768 0.08636731624549768 0.03340165768376859 0.32193226208592957 0.11187266989616139 0.21532243664801168 0.2647586239385989 NaN 0.33440467732685975 0.12007363309013784 0.03828022375599664 0.0701059745710335 0.0845260371510435 0.1082595367897231 0.0018831534588649387 0.012034203658801774 0.0637106275806056 0.1199186891536175 0.09104611479371846 0.06573873213081305 0.16665025571407965 0.10813691615932888 0.04614629171133947 0.006069956321316948 0.177542263174357 0.17186386580561386 0.1279662989127497 0.05969274411183707 0.01717403454158131 0.03297855844123235 0.06178396847939996 0.03780619368056003 0.0593895114368106 0.11129167232698853 0.11864255706503848 0.007421057648057887 0.07080945090747565 0.11823131731566128 0.08694046001074564 0.2854071921543633 0.31265553342541774 0.2749299220579178 0.09823120340927473 0.15552558071108902 0.24485258332298074 0.09986813323278035 0.2704795721181607 0.040425637995873426 0.13018799595780453 0.28638314362259126 0.18228468745016407 0.13408838641389573 0.04992322144584901 0.09779583689038374 0.20637040507616902 0.11612833304370687 0.06290121584503686 0.1216701287003206 0.06454786062702876 0.10122545850248818 0.08604097438606852 0.020524181708262212 0.1944462697606136 0.05925403780492974 0.0032510342693958393 0.062490688109189875 0.043616212611934324 0.03875645108304546 0.0908754662829713 0.06791924607110886 0.0698473471469752 0.10990794638682881 0.0607201997647502 0.013784083029527359 0.0363374537067975 0.04986904084912781 0.011250366618443176 0.0042012164574564016 0.009790059835012016 0.06487148219946005 0.03260044153412063 0.12556983315579623 0.06730870605145127 0.011087002211550566 0.13905722482972022 0.02326067862637178 0.09601529449630494 0.002102271563191853 0.04117229600297154 0.07946731422500299 0.03776605131065019 0.01607501097998957 0.015699831611531097 0.02316527828556446 0.050751050304751404 0.010482587943353092 0.03307074668543967 0.054360680689738504 0.017242490534682686 0.0021526128290175993 0.035622630546624574 0.044330160416049036 0.10703159466541379 0.18660634072407128 0.07566505235143965 0.25797502739625594 0.23026058438670188 0.030367781178347757 0.00448756377654102 0.013319033725787468 0.08697861064203291 0.14854423343421125 0.09923971613519637 0.09700773725673852 0.07528778590827864 0.046798014856037747 0.1645163377028197 0.006898418334704226 0.25655737603624074 0.09332261345927353 0.08361461256886862 0.23777302118432667 0.05243355831902972 0.4411908251529754 0.388111248844945 0.010739404347412041 0.004978969645082508 0.0783886013051806 0.05446997130471154 0.1768597332505492 0.1561892564831876 0.13051222328659184 0.08539648843854795 0.05246915268397065 0.13451037542122551 0.25932055228860895 0.02364975477039164 0.08400150095731278 0.14764125112745277 0.034011710791811325 0.13674050130956247 0.014738687845228245 0.10334657134076 0.13435330225416492 0.013749453078849356 0.03746446956399304 0.01913663850424607 0.025032322472955264 0.004368424458020596 0.14260188926159123 0.15183356257117536 0.08007504174539735 0.1232912206481124 0.05621572483113417 0.01707473963678284 0.16647370739432096 0.09800566671556024 0.06561725321980975 0.06967852908287982 0.06866557455241189 0.06181293268395398 0.12368766102048709 0.18936429740108038 0.05665851422027019 0.027677298697029035 0.12694141929102373 0.13354268227428276 0.01957031591135939 0.06775884120233187 0.02211459230540521 0.032792467605961974 0.20405243376919208 0.08139365687066093 0.10784159331385133 0.10983475480523593 0.11706079983820965 0.1922133238578227 0.029026156898241052 0.04025723879478859 0.02639517651316922 0.046738984614406204 0.1578350219617558 0.045544228615668716 0.3157684104097308 0.1486977149738534 0.06669339813855321 0.2519608235528942 0.30372342622024695 0.32215500803842406 0.1472696206203453 0.01692999993461166 0.06594859792686193 0.08917540142222279 0.12217426766984055 0.04078656256432979 0.01088819756790071 0.04292115128886667 0.10982420898471916 0.055973765182843555 0.030570604653273922 0.1334017842528457 0.08240480721018549 0.0495503441035775 0.003117979300460049 0.1457803812467473 0.1769005992537743 0.11851526315387279 0.14291689877290362 0.011872297679983265 0.07066686739541861 0.04375593138833532 0.017964465963045663 0.023730896745701183 0.007525745285447182 0.09281588623044802 0.010931887418987487 0.11005936851372797 0.006407984820539873 0.03494938734404133 0.08922708095883063 0.20128236976172695 0.24649037287694986 0.011275839085442586 0.033413617470155456 0.20902224577010642 0.23250065310128676 0.12041049173294899 0.000228046874063685 0.10165621912911485 0.04588042558426043 0.19113854456116655 0.12483403344852105 0.07335770694582422 0.02654839962447229 0.09286901664097078 0.016150283297335984 0.08487351407688536 0.06907171640546216 0.08502214445064878 0.06587990197195823 0.19248547089097787 0.02083981621028664 0.09268397404104713 0.09479473136001873 0.017029869140312712 0.022358469588302503 0.014462521542432237 0.02633702626679242 0.06756622853656058 0.05240264189083599 0.1269580999891702 0.0679871248313946 0.05808804512499971 0.00048305176724867347 0.08731476821399965 0.022656722671068632 0.03991427427284165 0.002510675937062033 0.015305568054575112 0.06739801836791932 0.07873915669306583 0.03171539069944894 0.06897337773948127 0.037497273895692455 0.11347354983925921 0.019749017245316525 0.030673624548757054 0.09146995562391612 0.023632623973386172 0.14338981035027845 0.004096447442929709 0.13573045115468793 0.011315372895652254 0.12370426739483122 0.07365164710134493 0.07443002704303528 0.034344439941138366 0.04120222329677542 0.15562266181621245 0.0008522545795545204 0.015729033496608234 0.12312827901225103 0.15464146278640548 0.17815910436724536 0.05664401265629844 0.20496761272702876 0.22278910954334175 0.08001344465816353 0.10162144866320577 0.10071873054036176 0.036249039658360835 0.19417783191295557 0.08371848997708921 0.019679970742968365 0.08513346890845389 0.012641879504398467 0.08945185621412195 0.008354861216318975 0.20246146367000917 0.014570164545979997 0.06445058836911845 0.2166566631998657 0.040338450269355064 0.26436202520407487 0.4047535710797008 0.03190879840456045 0.10802511478650755 0.057379653491293606 0.057139118455244595 0.06072229153996821 0.08012533210868197 0.10971272136746403 0.17498542470175774 0.036298788979188965 0.20089629426716538 0.0782295833279788 0.07867330014845389 0.133148601724828 0.01087109457289683 0.056705438798786166 0.13789543995621137 0.02659663460384064 0.049852807639260664 0.229214757525559 0.0883801115623118 0.016825851490418646 0.03204270195088805 0.051366049878177084 0.13710408837539226 0.10203048599497447 0.12046678946672254 0.025383688260520374 0.03698979193960631 0.06535908701141374 0.1307403214707571 0.036513552083946896 0.13828733763562023 0.05878132074520209 0.019698547842655206 0.02954543063673189 0.18634980088575623 0.07775681063979623 0.09612810207793714 0.01149816368444378 0.10245403834864533 0.04217608696003345 0.1284788498576679 0.006292030685454359 0.0004917136805345616 0.1462798772014435 0.01951032187706247 0.008865170234998146 0.06148841838036477
0.13744642938036303 0.04127981102108839 0.04180299459095675 0.12315377757249797 0.09880045469871429 0.012821440567054285 0.05180930403153058 0.04971213865413925 0.04525391166200824 0.11882152014411754 0.0872901671422124 0.1694656596398217 0.1206217821122863 0.3306947089736629 0.45679425491851094 0.05889051056191465 0.05234255042543239 0.04545032602289644 0.025619026555874752 0.010812104303188068 0.04714402872374457 0.06900631450190284 0.07410509920579113 0.0791364107657718 0.016993928582714125 0.039077932463885696 0.13064184232137588 0.05134705331138646 0.2250547897835601 0.19816291488632187 0.08547813548177631 0.2127175107142189 0.40487600596826295 0.33440467732685975 NaN 0.02336849879195896 0.020359206996168954 0.11305236779851474 0.04931141397584521 0.00836884607511931 0.020123167473178532 0.004590052255986991 0.011287664050628619 0.04923029774898697 0.10255561341685876 0.0338477426383846 0.047894792130365106 0.03919901106276017 0.02823700573636316 0.15057835759588958 0.04785445739691001 0.0417718083342905 0.03520458613117189 0.0746652298774694 0.08704116379508689 0.17317142346608302 0.03243926364335188 0.06655463497994091 0.0657317042635615 0.037561393517633046 0.13889825351834434 0.13579611623645754 0.00978131527401583 0.22073690229617404 0.002290395194903831 0.10260749793414636 0.3615732038043298 0.08891523935642756 0.15972496728263205 0.01932874432502957 0.08232417834229565 0.04862695398660974 0.2824047468109839 0.03323014953013832 0.1887186371095194 0.08962354787289298 0.21014661166856363 0.07912612469139034 0.010658669994761585 0.08343824315265895 0.04698875529988066 0.02022469592990606 0.2471275529378467 0.11818985803778052 0.15479491716437693 0.10432053331439148 0.23513489309532098 0.024488099595656267 0.046932016597846064 0.007411607886982372 0.0933500290757375 0.021329912048349466 0.0806989515741929 0.030573694368499715 0.037998146940024166 0.09553371943533552 0.2774917005528467 0.01882510211172597 0.023514719626428964 0.02092357645588611 0.020848709545603986 0.09326200327729521 0.08555041272215523 0.06543941830932555 0.10331327733449688 0.04624970571262168 0.006112388361971339 0.00188387609243193 0.08560327185889822 0.021391965083618136 0.006262273197120713 0.03800780254791808 0.0001784369940925105 0.0657195882332758 0.08780290833685166 0.12708810867430123 0.04572182428357304 0.06052131006797602 0.0371497939267059 0.056559001928758124 0.030463261736790533 0.0014120566020593315 0.06246427846454295 0.08850420873388172 0.06677194163688382 0.08790318830513064 0.005084854806460802 0.10185708293111187 0.10775191639481226 0.2820424048989405 0.15448436789515133 0.031667765075482475 0.26215342533730546 0.12678252276382693 0.1343851836953464 0.021184171168720185 0.02178198008348272 0.05488733618090212 0.02797516381810471 0.06840498508312594 0.015056701397427803 0.030097746468839694 0.021932678731409357 0.2688844127494733 0.3709376870346639 0.013809034719266013 0.016282803978110105 0.08170777250948726 0.47089283702618967 0.20997452867050367 0.41341394747095245 0.006307111185730403 0.05702949842482081 0.03658110380312183 0.010669375494786167 0.021840435540364942 0.05118112276493868 0.008280201949964847 0.04057460702350985 0.020095124691234662 0.4161749600520342 0.276479613738614 0.08100975200576745 0.0011357641214640836 0.029974720251417866 0.06373187249765142 0.057884663365346097 0.06877140578714888 0.12164188195642013 0.22394497821081638 0.21112789969846182 0.01830922053373433 0.04637331466504716 0.10689809378070467 0.016624725852921178 0.021145579293220272 0.32093254870807647 0.035337640179703506 0.09860819720675049 0.1277419207719747 0.15078836026911613 0.08850588647876867 0.09998880375882141 0.17109922538144834 0.1699371215222875 0.05744569433267422 0.034672024909212014 0.04263480182732479 0.01693421636849267 0.029405837282022174 0.007271701329158504 0.10391442857716207 0.18230943170410127 0.25972194409196686 0.40383970731638824 0.04450331648956141 0.023122911861361905 0.0405062331798033 0.10006232693752186 0.031263628296660705 0.062030742034363984 0.0139342765410874 0.0715632966427135 0.1366669186432097 0.043853398291548905 0.11392542033698767 0.1560931793825077 0.08298622802699201 0.153720193839108 0.20264219413314513 0.16282693144137947 0.18673943364459974 0.22885873286571645 0.22829740290993694 0.16911983899048214 0.06989636319290286 0.021456119437436062 0.11797329096325077 0.021624449307606458 0.05568661339541182 0.018663016424561456 0.013764486257285383 0.03388704431720802 0.006265271163136411 0.036854286071782906 0.027007365773306778 0.04937360177798478 0.0706339024122001 0.043807739193504114 0.06718714258185138 0.009213321967959905 0.04956795490224559 0.05123544554886778 0.055373873717268485 0.07250609035157321 0.0009014671964737419 0.01907665359240023 0.03613905828025204 0.08073219320476345 0.013865494124773569 0.052555960454291985 0.06695698307952654 0.04845702034880297 0.10576830641259756 0.07877246272124325 0.022107531436032994 0.15319943049115772 0.03934747647193809 0.12548488705718971 0.112433049819912 0.07640333778795749 0.028113839893821577 0.09055063560744134 0.003590669202791413 0.14223317650731943 0.0929999687040539 0.04317570912027191 0.003818700001148248 0.03386910833910773 0.024151613547777773 0.03515480098472503 0.024290833518608942 0.160330858313986 0.13545118946787196 0.20316460585406784 0.13562572565341668 0.0462756251665151 0.06002610282280794 0.20536979996649715 0.04284033304764855 0.07045591102817093 0.12003879872805952 0.0261363093283838 0.034324122506439896 0.03140504845547189 0.09580560476161812 0.203082132775065 0.008463908863768504 0.05330896454728581 0.08260139964134963 0.07112866807400166 0.037565069589028076 0.11113750430382542 0.149077377093376 0.1406728432883361 0.028274577519776085 0.06933854095183893 0.06288624591575745 0.01190387381614615 0.010835383535522597 0.02889853565047789 0.04177609279040741 0.051584939070044765 0.033178514916838646 0.006818854977481158 0.058019080283033944 0.023604687442674802 0.025630028873641405 0.03516350028405225 0.02094525780461325 0.07853843928023878 0.04130927338037296 0.001174980496432763 0.14050906230731072 0.10811894432132979 0.007440674351917875 0.03328875233845499 0.07108753896367083 0.1426684160995925 0.1251616672098401 0.04506308709108858 0.05161228913078942 0.18269369721942136 0.031126168520045273 0.06644691126322189 0.052647373726423884 0.013971480516966586 0.013112703480381245 0.10305588906880778 0.05612924425544457 0.024627347147003105 0.042378945439884845 0.12741547471860795 0.24767587246012762 0.25689686667635736 0.04627309749394941 0.0016351535895074815 0.05553349737766477 0.3656301349778323 0.0370166165756714 0.2593775457397716 0.09746316796747244 0.04098522373460361 0.02422768829291968 0.07850965296233489 0.02015136501401546 0.045029487007358523 0.06480279865654598 0.1064208672963016 0.0017430529474426685 0.11022338406129827 0.200421331828532 0.01129330719491618 0.023552239530606554 0.04080532574637418 0.09783322425678528 0.022469520052321692 0.015324062990568581 0.04627587514491144 0.16886864796032178 0.03332711537112153 0.064465684435287 0.09236744592602486 0.08162239829174821 0.013010017240548863 0.02392996176469264 0.1685490276559202 0.0014845087997147806 0.09977525459735684 0.07018623778714844 0.22492615482984646 0.11643142541326042 0.13247883237012506 0.05519233507528732 0.008599947745712249 0.08814576278471711 0.06321396209876685 0.042407804392960685 0.08758499122139178 0.004297473988660734 0.11702538540238262 0.19015353736119367 0.09476220552294452 0.05742571991449084 0.02251354769755257 0.0766912209445718 0.08334331813296424 0.056045117391275004 0.08772324245612716
0.08985361915840433 0.2378895532271452 0.23433187623999463 0.15243342462762516 0.15849620658667546 0.27677541342394224 0.2296134838063046 0.40000931587169575 0.32029188277050685 0.03971146623901112 0.18229469141490015 0.12837339777458878 0.13813066215001826 0.037664795246253005 0.09619065254315855 0.04320017578070122 0.1003994589388159 0.21218303360811588 0.17103275033499263 0.2551215885022921 0.26385791435676875 0.21384972499169938 0.2427588132398008 0.024589911849218653 0.07768164287095274 0.02042477776438496 0.07008738971014453 0.18616381920187403 0.048984967378638236 0.21322932775535938 0.06825077211347043 0.05575100619219574 0.10276332503003029 0.12007363309013784 0.02336849879195896 NaN 0.175414860941355 0.0017891873297191652 0.2772824609221988 0.21747334600519527 0.22964949792974784 0.03171071863280897 0.004731276165234128 0.02713428222469359 0.04912241838044813 0.007605038148194846 0.2135680626419814 0.22815683753359428 0.13397118295029592 0.002354831124522796 0.3335631621198192 0.21882142247704803 0.33568898033185335 0.181649303496069 0.11655703969209623 0.11731338725938978 0.10731017458063677 0.07985852283461702 0.03362077223158841 0.004467801049857027 0.02574817953016725 0.01323866779045735 0.07918192032541037 0.07081271427889357 0.05902305559545114 0.17794237862034779 0.2058147774417296 0.14866402965510586 0.04045161004597744 0.01716809037633304 0.07464303144640227 0.031106223221050642 0.12443727402251774 0.028547739231614307 0.10086230015722873 0.17260195777631346 0.244803003007603 0.03958756222036948 0.12379148114118493 0.043931153543948505 0.14550784162920485 0.008908097953913476 0.15360562144829681 0.03251516837538023 0.03248429090153277 0.05248400709182148 0.08333526542212698 0.002930821580675814 0.1507371962262626 0.02151080008948885 0.06919830416725352 0.04164837771561073 0.030921317514849233 0.07872616503515806 0.08503705409198109 0.030801553638633277 0.07993032066609851 0.053045071436910465 0.09971333067306627 0.20790057449217572 0.07833725147412356 0.11152283035291384 0.003114544014649869 0.09102754834944672 0.011428355542034009 0.09575520127036048 0.04418375540536692 0.017794762981444893 0.017302078464812996 0.10290355365702374 0.04882526143943123 0.016555510240709587 0.036523242664903297 0.026999668386399035 0.07044445256278044 0.1397224422618548 0.0847874867397222 0.03775267051068976 0.020462897661511992 0.007140671985457519 0.13329004739943912 0.08469363092615564 0.049802962724532135 0.02558523396272504 0.04846325523917131 0.0038004952290411464 0.029469478355886855 0.011055864230671418 0.12732528623063494 0.08867847740522267 0.0709953586461307 0.106167550073926 0.09240024992783392 0.030287252057728885 0.08214814381131556 0.06712475757226988 0.1699439273521837 0.23917846618063177 0.15862480391177652 0.18353771235274402 0.17191346321785242 0.0632783535590857 0.04342012254162545 0.04632850237839154 0.07660193536057569 0.03096603711819634 0.0075919578260676855 0.1519586767836017 0.050000111363801746 0.24269956242535534 0.1175546848300001 0.10293892760712141 0.14090644107937492 0.09518519106873677 0.029078640753805226 0.2617760195265924 0.23165037784463882 0.1789449927644765 0.21981601665080686 0.15019940505765222 0.015434536467353143 0.09832496927690414 0.117582275140558 0.05393937774957807 0.01451396759425205 0.008544039786836119 0.006167990214065253 0.14450253447437736 0.015911486618361854 0.1346448011506123 0.10615811241814797 0.08996547144631539 0.061184423451466255 0.09509391830170734 0.06598363781965676 0.032418763758935806 0.015174874605188786 0.05139036730835016 0.015526054691872624 0.013196746071445612 0.09654236149004893 0.27219735061633665 0.21298896957028127 0.07807654767288126 0.10917034319208331 0.20617199332470704 0.2113261919565703 0.3760374679868538 0.3684365191246759 0.13765372423611458 0.12001424986321306 0.16061985406573848 0.1631456364174121 0.01366587328309652 0.11740843061393688 0.12599356764182867 0.09003496930048852 0.25394526311124965 0.18333218550096217 0.1688384585233699 0.21583461828969264 0.2617859176326875 0.28183906580577883 0.03978026230399714 0.001005637677160811 0.00996139405784898 0.06602500109857111 0.023103530822727893 0.02843924433102362 0.1692397943174303 0.09697307888724689 0.02973755663080243 0.029832994317972754 0.14387425168361984 0.14024696539837855 0.3129853877510495 0.10383554163981254 0.0481983261012 0.21052341371138705 0.21006314681773042 0.10500596197209472 0.020075995797048298 0.10862900716721555 0.014032537643765199 0.023604341637848372 0.013290266267419703 0.1784740169543632 0.18507890976863395 0.13252367549545283 0.030702166023366874 0.31245454746871454 0.2050809349890922 0.40557817009740754 0.19488528419193746 0.14152693351517276 0.18205542061493574 0.1404298346672462 0.01405738136766777 0.06012753911417199 0.10382344811115972 0.012842297361950247 0.009692575201373586 0.12507345967435254 0.07066392877130798 0.06470359741103901 0.03973164693707922 0.19068305867245908 0.09441636042496429 0.030013194133599513 0.053269482475962616 0.10173260328242888 0.1017013858294745 0.07143276915055924 0.02708120222438298 0.14052855426967872 0.015172567654943884 0.1611316895478263 0.02157606933503654 0.018899693831147747 0.021327711466729453 0.11812051298988134 0.05124221653465104 0.09115232980597603 0.08444782916098209 0.01164627167377523 0.005453549929948674 0.15434458712366672 0.018204135398775426 0.06500015130011004 0.1867544229334646 0.05620089860675039 0.025515126109426748 0.05535933310781823 0.03612612878279434 0.13672584505969848 0.0405295956808123 0.0972309987768444 0.045949104106030834 0.1081774063296904 0.120851982176377 0.09548069664053165 0.15298524696378163 0.034886850946583094 0.1032599455413292 0.14520149956534886 0.09658816740990724 0.030927678528928554 0.047015909674198074 0.05619223741322345 0.05615693860114579 0.005193987200902324 0.039721081576004555 0.13808031198940357 0.01522325587953777 0.05827531038826481 0.12400366940054726 0.11486499705528334 0.021154770048979126 0.050546430561453595 0.038276467642620535 0.16459783436908057 0.09556753824108892 0.06685553164288566 0.09855649838462921 0.11360881030780264 0.02852522779277411 0.034654592546744856 0.030602256087159586 0.159863067293642 0.10316154452110833 0.06742050964325653 0.07548589097983577 0.147425503556861 0.0015420644183282055 0.04620541393289716 0.084063805791743 0.028072995033314604 0.2770367733168391 0.16281790390544576 0.08569755883940633 0.12469421767252119 0.01802241641621788 0.04990462440173118 0.0038466666091554183 0.06913765038528241 0.07764976405498646 0.043119806295938846 0.09171760074932599 0.0012687545878926094 0.12119936587142208 0.1282302635640419 0.05764696721990945 0.19180756893488554 0.08996960229176618 0.01496341867973987 0.13596349739277835 0.21722086134657323 0.20336268491010165 0.15024476148309618 0.08472052070216823 0.07551600247106609 0.0884235758458418 0.1811112627050025 0.026381303057545366 0.04587920684836355 0.022552962874692623 0.021177111359484024 0.10258862376288913 0.01726158915761749 0.16441329309623934 0.09772664221378095 0.08781196960692313 0.10135369057422923 0.060516836677505514 0.14741448929618614 0.026520562659594602 0.005166610599751808 0.009302736900386079 0.011276041688054074 0.026136997516456546 0.054998201978475804 0.060076013819844835 0.06502972490486156 0.007251101296358356 0.008177055663902203 0.09276852586873674 0.03519436123027125 0.07824595054471183 0.02143726152307556 0.03128522338138268 0.07535404805336565 0.11797290100761187 0.023235207821229426 0.12369060147665319 0.007668161626402641 0.09733440259624317 0.06277793738727422 0.05432539425830279 0.02518127283064094
0.1139157137076918 0.06235308702979574 0.18511444346600464 0.06885002068498364 0.001632423235608558 0.1005154005855864 0.0830851330468253 0.10811726168716759 0.25888233114884224 0.16695333627543263 0.02207858203024643 0.15365903367850514 0.08208526671320376 0.12391171806649462 0.0379052530068497 0.13770531868291813 0.005521161032033361 0.0021198775733081016 0.1437276497768287 0.050230567630399736 0.10437850303333329 0.035958574614979935 0.041360742570125515 0.17640249011823259 0.024143571218105776 0.08005694374980665 0.18854435799762065 0.009928165851776149 0.14976408462465005 0.047518293150588975 0.16139528454799645 0.012470967940237783 0.11121461138854193 0.03828022375599664 0.020359206996168954 0.175414860941355 NaN 0.22040848628907575 0.15458640259780473 0.11299046550775697 0.2162534234141743 0.2204762665216029 0.12714873826297296 0.10797904291074324 0.14830977421240035 0.12416386015738624 0.08266890475396083 0.09225267323937968 0.12586169189752938 0.010072491310802109 0.10773884552847661 0.16765119815039214 0.25423108421326096 0.0399063928284822 0.12166260771615243 0.046596718160258684 0.14489780524121879 0.12720478763662563 0.15159140023316556 0.1857511084762556 0.03288381091753787 0.10919548239748315 0.0834118726523647 0.01080292227215153 0.019349797096059197 0.0916248602157783 0.030911399865117147 0.0028989094235378613 0.08811275086188056 0.16799257940679319 0.12642015548791838 0.15110024630732635 0.02922965632281475 0.05811537812562737 0.1752801576799154 0.08467087694547125 0.05077111675127955 0.007265613195285647 0.02121551477183 0.07112599954699814 0.05271032931768652 0.017467300783143107 0.02896736490823957 0.060618691143506834 0.08946345556454115 0.014006826405119263 0.024967312955314288 0.05870433227042464 0.013045419477836953 0.12252609163568699 0.047325813345924575 0.02231328763433298 0.006562372274673783 0.13683430620274897 0.0026940494628830804 0.15341805271720949 0.1258515625625912 0.009506051029466155 0.33449760559905134 0.2619864732049691 0.16521074894050589 0.253000061868232 0.1161550372259263 0.2771367347464554 0.24123447525252611 0.1571721896632707 0.09905220430357684 0.1410192566218515 0.0004102145442617033 0.03593456783931926 0.06125385967415306 0.020648890345206256 0.08896803551210365 0.16980630422311516 0.06389001337989071 0.02261165305564155 0.09816564187028011 0.010257920305220328 0.04471441622836515 0.02426880161522779 0.12135276476339478 0.0053399060816406935 0.06694127373231826 0.16492522775786547 0.1348757065660668 0.00695865007929552 0.03043111902535258 0.04819737295424545 0.12290689342735858 0.06818773657071828 0.15667369211984697 0.015420345519685434 0.04085137640623708 0.017615633683606937 0.008757087564758893 0.09530600085545445 0.0067686203601845145 0.0804029697132384 0.027405378978051172 0.12662896381573005 0.09414567515608062 0.16983794883113745 0.18458496143866931 0.10186926297981974 0.043498692444441794 0.012330799704242154 0.23413241447341582 0.17289144629808834 0.03579815018401907 0.06547670217082005 0.06935891037298998 0.05361631218546996 0.26413442916923097 0.008771377560224778 0.03851548637590347 0.06859233941261145 0.049852422941277466 0.017506923908823385 0.08037001047392692 0.14367168555454476 0.040802849785321255 0.05266414194283147 0.03970255705227924 0.060675856299636656 0.02831424154834961 0.027593321085797536 0.17597483307434314 0.11594442679662798 0.08193696233492194 0.07866549692186885 0.018589822438612465 0.11136896493172248 0.06950303876462682 0.26805759274792335 0.1486272478343038 0.06722212681082504 0.017003713866513098 0.07963307429259288 0.07416520697643694 0.10768012418053176 0.05783736271522577 0.10890646739889613 0.1701921594377224 0.0055639841721500044 0.029546708858965192 0.03492434144277843 0.022401072386488943 0.24657888037099143 0.2167182886553842 0.18240516708701532 0.07026501843668892 0.15047734621436284 0.05508343629649548 0.07706017506020146 0.04382741957384244 0.041783758583450695 0.0368341270749698 0.0614598541017472 0.028013471488013128 0.026297464596544928 0.03813160281834988 0.029675235142128917 0.06566585424077875 0.15735825323576816 0.11165199347833055 0.2313211964975319 0.1600927964091447 0.15614075572166622 0.14219651273632375 0.0030972292479332295 0.2151490373566389 0.05112113893580892 0.033788262371310274 0.03425335541475894 0.04453182521892322 0.12045743808840229 0.21208278287343457 0.13798590247170764 0.11015204063478251 0.0580463608486055 0.16623215692876556 0.19298097718720203 0.07455846048015971 0.09841779826562821 0.20310504510644573 0.10466253540430522 0.030129111336877346 0.11029228427676663 0.06740801781319253 0.00893044955571773 0.19703179766788756 0.18758265809418773 0.2706332583743671 0.02774212795519873 0.19666256288645026 0.13346181986939637 0.06636674105878519 0.033232284576935306 0.1749458444620091 0.12081905084419409 0.026777947633037626 0.023178570358537123 0.041667504629759156 0.07959172261308724 0.003995394226087147 0.021707403556062606 0.06937336549785832 0.008458808385524996 0.1662434973432691 0.18382532338386398 0.06448845846505472 0.027999076965963828 0.036366733704371886 0.09287735755243942 0.16154203362102917 0.14110716817462501 0.03821697198699788 0.10850420596201378 0.04622484896557017 0.05174751111003015 0.01014774014200051 0.0038444993671725956 0.04660368812148925 0.14793956746244802 0.08381611483460188 0.0015759804493852933 0.04997727764176056 0.06458116389251808 0.0007976186667895915 0.17243489457978065 0.1364504368375154 0.04324954810157746 0.008154901054961082 0.10429764455034915 0.0648175381531809 0.07750386045877265 0.007255949752074722 0.043258941643161124 0.3169422258649963 0.21451689242145766 0.1761281068552336 0.22877098449860422 0.14918290498486964 0.2908467426876586 0.323163388650689 0.1184625697409297 0.16696219896550904 0.12263716542928985 0.00129035020426893 0.03608455116200165 0.05103698037632951 0.00488777540161219 0.12537936702892905 0.10919192635393472 0.0867155406119157 0.012066137388917705 0.05768092937319294 0.0076686950768205565 0.09778720876428001 0.00442626784132592 0.16061550685626907 0.008349955102412142 0.06558203113314579 0.19629759878387534 0.022991902665354013 0.0015673516206597359 0.016973540199795644 0.10515419130988392 0.0984779148687081 0.052399280403787385 0.12108934925410128 0.03746723064094497 0.07099538225356435 0.11559630990539628 0.03097352768314282 0.0162316743727611 0.1242128528847635 0.03227991427682278 0.04325242891530195 0.037006780742236206 0.042162745574598266 0.15697264555912083 0.1060242792193213 0.030652013173092848 0.0018549450145748706 0.17659267546653387 0.217827599251299 0.021317036925818055 0.06690248619888528 0.11980681693890585 0.028098054922329335 0.05268359704909868 0.1149183191441891 0.07596825756660601 0.03033951070181574 0.0041704533812191805 0.059915684116069984 0.016045966145203327 0.03025494233759247 0.014688182892229167 0.06627597249436731 0.10088963463156299 0.009112113980208891 3.718638783341667e-05 0.05991098130625751 0.06853832306898021 0.1292112432464378 0.13943770611226272 0.13886638125533232 0.10256787423899984 0.03923005429349066 0.15586095498210173 0.18476388344991163 0.2051347064051863 0.1505428133609687 0.06620944532985329 0.08085347848433025 0.09241719166357566 0.07782821635342997 0.11495269117305668 0.0703765094516081 0.060095421911366784 0.05055447949388953 0.08166614989672451 0.0038613524566219254 0.019749680470191714 0.05981282349131886 0.08428660852403291 0.04304960018024267 0.08487651217437105 0.1004981326345963 0.1148468806298612 0.08003328589050321 0.04802287269819571 0.027231551269050375 0.01656367433360262 0.08457940814400768 0.029126152130925516 0.06308055895087884
0.3481248276922927 0.05852584099007656 0.06751594189289058 0.2418748173940597 0.20546835206549058 0.11067784653217735 0.01800908748667186 0.11165314986365199 0.0731474335222821 0.32658711465968115 0.12465899572565071 0.2711833954591775 0.19526925916572968 0.20242202132476766 0.33759284964729547 0.049230392980331654 0.024329946309725577 0.15024121016271902 0.13935134421388776 0.09144945764353414 0.015128225378024789 0.14608766743184448 0.08121121244479813 0.330707655153276 0.17597765655650974 0.0423608788372528 0.27813468558507115 0.2181208217803437 0.1322171851252013 0.06244503741858053 0.10353089099281657 0.18134738889628674 0.10820489835713933 0.0701059745710335 0.11305236779851474 0.0017891873297191652 0.22040848628907575 NaN 0.028121652369887597 0.07224389542521222 0.10887926235007174 0.03289211209018195 0.1609347460479373 0.3152063503614798 0.18930999529934436 0.04051274337047717 0.1316867099605763 0.051875747644212544 0.012240019327107648 0.12454589326953518 0.12815874668586827 0.09221906279963245 0.0011272000886819432 0.1845684660195609 0.08796158302036375 0.15551525628447935 0.14645625901112921 0.08604575472204716 0.20282951379797448 0.28504894308782847 0.1180011028117572 0.15629511486128783 0.13408450487218054 0.11479478917058798 0.043293976571019126 0.04570703069154177 0.001070533588938112 0.11261403041465791 0.10138659321239861 0.15344530939225554 0.1202763283954229 0.17276752046787416 0.07071165305389016 0.050678429667737945 0.18015733888091212 0.11231848860390299 0.04839615747752281 0.08062592652446464 0.04064292456430678 0.1110844826263245 0.07949801560519407 0.15610774215788978 0.03767995577447904 0.35930150585563675 0.19101458689162096 0.28922516970922546 0.15026558395209894 0.015934940799613873 0.17788707262421238 0.033337922952308044 0.010688365387392346 0.009265971252994139 0.033436244418333684 0.003270490685250429 0.016618857003304573 0.061478716097859064 0.12072011690171998 0.08598794475950197 0.13965484351986446 0.06945986566135104 0.017751133417221874 0.14789072098585945 0.172711581817569 0.14039933904601812 0.12277659907279163 0.030437303766520048 0.10948953668845628 0.21537788991765333 0.0007446934855869321 0.03768554552562808 0.07580966541028736 0.030814673530635245 0.02176673351276255 0.06483407810468453 0.06836629871963622 0.17654797971289327 0.081516116860456 0.03355126224309294 0.06503022860924687 0.15605816432147074 0.1393690647559202 0.06970638151539876 0.09983967652395079 0.16634156082833035 0.1455297079972464 0.03168809286587702 0.0037927442989374826 0.03331661827608368 0.11389325714900826 0.130767634115013 0.19574131758932492 0.22555989715575075 0.06125416372854946 0.03194042906935554 0.11797990080173448 0.04361736569432047 0.0344295443729919 0.1439430811421555 0.01421097962498221 0.13900359701749823 0.04908805117971545 0.1806176441453941 0.30425002916717375 0.10200094447840091 0.004896975497598901 0.027996838556434665 0.11527617580173943 0.39455798985576535 0.32809598288327574 0.05399971367899506 0.02077771651861568 0.09023576550759875 0.04966556856231953 0.024595320510199695 0.059468712913423795 0.04576977892770564 0.08120600438316813 0.007772589262045497 0.04678377203932122 0.019782344401874413 0.16334774733518054 0.11987131606759117 0.016627019408362694 0.02156359930374351 0.0632757778571939 0.06425451667408015 0.21919248507962702 0.03997102978219009 0.23977087120982324 0.1298869775509435 0.18353711654865423 0.09001777541591659 0.13333518996871416 0.26991325650535347 0.08282798462467096 0.10997479487385849 0.014716065339360842 0.07306175857811788 0.30644690600462443 0.25366694994878275 0.34424184894585874 0.05977104140948656 0.15692323229272576 0.27768459896255737 0.23900971546046987 0.16065612682940555 0.01904565272971106 0.017355060537475098 0.01320211862139833 0.2210458469540772 0.07398370082305197 0.19749037433657848 0.1978255194647542 0.2381985237005273 0.35051833721768577 0.09191273604224433 0.01654854059217416 0.1470022604797858 0.09947856733869423 0.06827549902940043 0.11531293664248897 0.06202334436509882 0.03187694559845 0.3088273197033545 0.14508112005977725 0.1865894549070345 0.22840941482912977 0.299597917488471 0.2017394331640386 0.07114793667912686 0.1285048977777277 0.0671726943538625 0.024044527202282652 0.10613473530494871 0.08753179645023203 0.10578384799051657 0.15372065186621214 0.34889850731293204 0.019664123251683034 0.0539998078745334 0.05409335546273494 0.04771547997306399 0.19084594116396253 0.25119199919402685 0.2249444319793217 0.16726651712080307 0.16641549313245957 0.11609653586024644 0.014482087539310066 0.04720576720989569 0.06072484061503722 0.0388659829672128 0.07828269695589123 0.07108954369362243 0.030213454509550465 0.01409381594080245 0.03250408099996329 0.01403904681992153 0.2079965802793821 0.2253810226280185 0.06409683976461118 0.07767870432601381 0.1153914096779043 0.022274120501179537 0.013454675623054805 0.014134230228912728 0.12739039188848045 0.06420257291390934 0.10390882362653531 0.16041897612210984 0.17343069624460974 0.17548379025257058 0.05759557447993456 0.04909652613527029 0.23767818319727688 0.15426935834211106 0.05653823389937064 0.16373518993240108 0.07631573685946803 0.0157652787125404 0.03601475991595942 0.14595373408715054 0.0569988327076578 0.38901752560172465 0.2275978751254205 0.28807673559492286 0.03142903290321472 0.041294439376358266 0.09539764759938324 0.0031354087995030784 0.012565319752271802 0.15433224042175184 0.017159322605571518 0.03171875905955226 0.06154798673725437 0.11042185649171105 0.10431274778223959 0.10015336708153062 0.21677296215912087 0.004114910268315095 0.06338492083283295 0.10099934461204901 0.17614787964215675 0.22761423952978435 0.14417493981890675 0.018465405143298422 0.15897473121140718 0.1802908195737598 0.07038984366587223 0.03630509427512069 0.15288529027914852 0.051839426447279964 0.10053462058735893 0.06038198668542032 0.0390050958515412 0.09707479233615651 0.06441366427950262 0.0014076761394164865 0.03178626635160564 0.08583739092609102 0.12050285712053872 0.049300201028592845 0.027642360088019773 0.17586127803840437 0.20826231654167351 0.0055187306360619266 0.08113395664825353 0.15465059338746245 0.16571614959927314 0.06045951590461219 0.07377521210729965 0.17556477919241256 0.04242784393109759 0.005837421081806482 0.0013239077863175096 0.0072919818817429516 0.20207333710479874 0.047036520529037056 0.11683367037107409 0.009763170751303413 0.014358526927484067 0.23159698036706547 0.3399514544869613 0.12425048275145126 0.019276700890424065 0.17561478926700763 0.18454936396030192 0.33447518377413027 0.20342810359777866 0.14284935689010753 0.04384812144722331 0.1323236428236439 0.013118025026002256 0.015043705927228285 0.02175732411161199 0.03684579867406217 0.01935451771823733 0.004170960041371884 0.008286087458293274 0.023446868293928922 0.025843065453153003 0.20989129487512964 0.023431648831581695 0.03575887141919884 0.05302783593952593 0.017332390752327936 0.18630673629842162 0.022591700563851253 0.11563752652704894 0.0026653230655544974 0.10561511563541266 0.115686293109136 0.17452742747259292 0.23722367736673533 0.060927560156720066 0.12635621287611432 0.021630915259406 0.05330131628446675 0.19183499120015082 0.24095454874626385 0.12173891463580477 0.28168988911843507 0.04733264369312404 0.11172853153132645 0.06747882742025316 0.14260418884898676 0.10406850686130703 0.08510746734070801 0.057614376799556374 0.14754170418274762 0.04486687431232711 0.2535672493697534 0.11464948101762489 0.08159901055230374 0.011526811778010177 0.16407122060984636 0.16098485799657955 0.049915964998469654 0.16471648608522513
0.014948299862167148 0.2865417595768832 0.1805298543261931 0.1053855279270136 0.10163186813053607 0.1582282059026157 0.14245040658043306 0.3601716707405664 0.40384920966807164 0.03672969994431785 0.07455487089970436 0.08665235443869539 0.09622938987111974 0.027530192321593205 0.06793887522228009 0.018856000902294216 0.05661287078028405 0.1631052350391277 0.10089462860985436 0.12444522863171203 0.25806764720291514 0.1265034910092835 0.25931561071511494 0.009339991402678875 0.045796147897097 0.05075636759212227 0.04855730142376391 0.04951214171729187 0.07547814604421296 0.20922372379592166 0.06946907392713031 0.006454342887892549 0.10870526705362143 0.0845260371510435 0.04931141397584521 0.2772824609221988 0.15458640259780473 0.028121652369887597 NaN 0.21173384015546107 0.21079690449567565 0.1775030894941815 0.09439413494955422 0.023408081565995015 0.07198139766727796 0.05988397110644171 0.18037360613590253 0.13881372198057856 0.13645855577377478 0.034521879600659444 0.31761189483668506 0.2272521984242848 0.37701166008753934 0.17300607052096612 0.1611117397747489 0.150434657095622 0.012913691224631383 0.0158238220918407 0.0194465099964998 0.022595340018194753 0.05506204114352013 0.04259490660682921 0.010362256207922388 0.00022866409907072583 0.046399553294980356 0.15310052807628083 0.15385711491547407 0.13243408902091233 0.04246911972384772 0.01911553380504132 0.006481296124103002 0.03478404989212244 0.14354443054343533 0.030542151932247193 0.0843247298244955 0.060602119248437274 0.0839765820897198 0.03315460231127836 0.09431367851641843 0.057907869446699595 0.06488234342922221 0.0984589452020564 0.14877493916342668 0.023505204041577552 0.005890047877494004 0.05759310072150872 0.029091733461532394 0.005361934007519875 0.12993125336915537 0.06300823755390528 0.07860246293315645 0.07134914761969129 0.02381173701444073 0.09524726288112964 0.03495226898235402 0.06923780530410877 0.10260606885811546 0.017767590635994687 0.155862008678966 0.2021988768220699 0.14717901477397144 0.15405280653980544 0.04553926196970902 0.18149685016163986 0.056960809055341635 0.12623965884231567 0.0026197299855391827 0.08101809649122715 0.0274270395440784 0.1057982205361617 0.0005178198588716567 0.06004994098090357 0.1536563459481565 0.10548392723112225 0.09756580397587555 0.1496668435378843 0.1448779407535015 0.008872453854802826 0.0006506622995192312 0.024706612987443033 0.08038072718447657 0.0031222643034486725 0.01267750930263292 0.0003890559190851971 0.006022059344045301 0.010153713735219517 0.025689416641414838 0.03840834385788864 0.0304890502916389 0.0007160003715528663 0.05716004200855385 0.13058997027791744 0.12816089913695708 0.009020914062105144 0.022863934697920748 0.004882395500712444 0.05827080169331888 0.14696777590694537 0.12002200901639813 0.21454041450828237 0.16071885738829836 0.02449809450947094 0.05941905672574111 0.12620600766422244 0.10766653513042852 0.07834775681174315 0.18066519974951462 0.11342071725906727 0.00996113473748886 0.1718501105423497 0.13467264519947209 0.06579894552812661 0.12788558351114374 0.02733882709862596 0.03466577224612037 0.26449972767099694 0.20773944734172234 0.056074187407761225 0.22070159411039786 0.15701269616362318 0.003966704785786589 0.12024592873453982 0.06143510590867277 0.03942535074998338 0.07704109310538616 0.06631465361924133 0.05973584825218006 0.1216627174470353 0.04263900476494091 0.13975401183101102 0.023146075644400643 0.07310039522154795 0.00547607589658835 0.04470960468123079 0.07655270811378662 0.043902810372429185 0.08101089748222871 0.017138133792228737 0.03767393761040447 0.03861032636239445 0.0470850390395529 0.22940078132220376 0.15070046354807987 0.060219120832670225 0.07542067490966331 0.09730202594490092 0.060259713083918594 0.36234417249124573 0.3721491221262748 0.03436017780086958 0.0038540434154667475 0.017397017507147228 0.11146224355694621 0.034318437981218634 0.06625070122389805 0.03570420951653541 0.0482661279913343 0.10479278848554446 0.06834993268919397 0.06234056358286536 0.20092226174387937 0.0770400961319406 0.279481371345674 0.018116551406864235 0.02093854706613707 0.060007151860556926 0.07070896109878792 0.12401255664446975 0.07737017991536754 0.16625056903167285 0.08339201037602655 0.03504256704337305 0.03164423534156205 0.11600659276084142 0.11551160956948353 0.20164233609621035 0.08670980732026466 0.014713989584728384 0.2391593352249954 0.18973997645079152 0.10862737083944475 0.08921430472702874 0.031042009058010633 0.01547719751591441 0.016758936394169498 0.0640037570284125 0.16332791112265962 0.1466872798232406 0.09971531513911339 0.010537599230314778 0.3007319485809152 0.25353141937606977 0.36324660710392376 0.18354397620758908 0.16663110729077701 0.11825023613540062 0.07076285148803511 0.048714439260859596 0.012767737377411473 0.08730669650376116 0.05509992836227308 0.008703795502992344 0.11526495281878017 0.09314841408104381 0.05807321042216436 0.08245171111914407 0.1393679960552533 0.05022277634173541 0.08700509679298232 0.07418888333641772 0.09441568809900747 0.13413810497277476 0.09237657382605444 0.025499166861234514 0.04282373288067086 0.04264156904315926 0.09694164798447906 0.015777836654981343 0.026031454754228633 0.039028085877340024 0.0017047998385099734 0.005673207910590032 0.09133597472874994 0.0411274428164993 0.043256736164919984 0.008799431700446544 0.13436080529612204 0.023221435336742764 0.038704294454403765 0.19238553638814843 0.07891996246370364 0.005923003310509956 0.027420331678905823 0.034445303323915044 0.047861284879557354 0.01949337511554474 0.05307645005485782 0.020725072366358604 0.14141223104352918 0.18139039826434558 0.11184502791063657 0.14988765438464455 0.02639793195921367 0.11052283244325835 0.1797235625901249 0.08699096869108572 0.025092796176624656 0.12368432094338817 0.03221702870531721 0.00026174818042482565 0.02019752336315929 0.009267551569038825 0.12899909543268961 0.042405715269676805 0.10706290466465113 0.07820243941295038 0.045463978493349246 0.020731925242710145 0.06341893413227041 0.01799483121155366 0.10714240510248194 0.013582690322873098 0.04580073737163628 0.04518235774584255 0.07915228009517664 0.0053564921420463174 0.003145712296472067 0.009896032352198322 0.030698883031082442 0.02116114723689867 0.034791886760384125 0.004722912726222296 0.11691772320751292 0.03637503079962452 0.03390882367163764 0.02962611431584907 0.06971690717227934 0.11737023100976243 0.12276222964307677 0.026830570546061937 0.052540589298031404 0.017872308415182316 0.11418755711457226 0.0526686531646889 0.05534468967028362 0.018917815817375765 0.04566820231454708 0.16297632836259038 0.013416473942556505 0.06623969890530829 0.16416239924346954 0.0015260370007545631 0.12664762165116572 0.09273592991007718 0.06257201874024171 0.18733368992945904 0.14325648955611867 0.04350780596184722 0.09971735551413202 0.007647941503652477 0.04530772440118866 0.05330838930910253 0.030782645161638696 0.059093767559621695 0.08399647245105042 0.016719997552096917 0.03176835600664408 0.09474845553632649 0.0498619638172611 0.1572314839199866 0.003571342982778673 0.05537650953873319 0.09001903867873272 0.0619982870815125 0.1419999056797626 0.02661965232670389 0.08993279699215136 0.05495464407913047 0.06720897636926337 0.04733569557291652 0.01971264392624081 0.01828666181661691 0.007863294277312024 0.06863091291729131 0.003345519613905859 0.01482955670167641 0.11932901070427908 0.054269072902970034 0.06971199351496461 0.007471491067046679 0.02252120352937852 0.07644655358116069 0.017394580696778628 0.02935643006972817 0.03697650049886507 0.10164027025547218 0.08648077161169584 0.019475182319052643 0.06776487855961844
0.17501018936696572 0.24324185019356656 0.18080189023525858 0.05759834333409133 0.043520266561079414 0.15972112080644088 0.2352928366100577 0.5626454864550238 0.44605398238636673 0.08232241281982727 0.2923014608994069 0.26253767765216385 0.041456694505631456 0.0726387407569817 0.2062469984692726 0.02111832620045114 0.1343533994958168 0.3022770438581395 0.03797732115392764 0.10087148742890642 0.2149027379540895 0.2740538226090944 0.29453885396627333 0.18290204920541656 0.036593642654600626 0.1282307410038021 0.06537646250734447 0.09788524070073641 0.07117599230859158 0.0913115270394397 0.14126467314080135 0.03745115651551146 0.06611429576903309 0.1082595367897231 0.00836884607511931 0.21747334600519527 0.11299046550775697 0.07224389542521222 0.21173384015546107 NaN 0.2989410105169697 0.041438902074274295 0.05453073512295169 0.05641087840321268 0.1394895486054747 0.05386202623637915 0.3527904403518639 0.18655830140830917 0.16837694094919783 0.18709613995146007 0.5423669296012278 0.36492127045947753 0.45446868057204093 0.4371473976030372 0.29876209383255764 0.28088499787588506 0.13113009062269063 0.040559667604067096 0.11682702979711446 0.11927738582501496 0.00967639473532497 0.0859906756782448 0.027485450799926398 0.039270079234243485 0.10021268299772038 0.08030648851326642 0.10340175897885998 0.19503984282126444 0.11966047886407805 0.09660815372859242 0.1252794096173609 0.06617169454518564 0.18420849090562325 0.13650179389435077 0.21527861319875588 0.14064336331242883 0.05894754163118627 0.03348556070707765 0.19134834846229606 0.18987908778429122 0.2404015030379822 0.09443633297307502 0.20055428928749394 0.09231879213097037 0.10819577435597759 0.1605104026006992 0.005088672888239348 0.018151356896919126 0.06675979652557755 0.10295289202197275 0.07774335123451402 0.03226879213556501 0.02759414569607426 0.0649095329618697 0.17944500426788515 0.2185295412035506 0.14944796671693708 0.04749223981977758 0.15411044440616936 0.22744193682396768 0.15377936684711707 0.06319664091109271 0.12659268975696725 0.020819002118074373 0.04478281921002392 0.23978601204967945 0.0024008994279782598 0.044605071471388716 0.16954688894190242 0.10732440953278663 0.09836430606787612 0.05759114452165011 0.051607445616446375 0.03694201970116854 0.2103260578632841 0.2953184064277006 0.2398140967841552 0.005601810358067696 0.02223634855042242 0.1532159556007249 0.013899143554179162 0.005913402699321142 0.007184130129374668 0.03561351750826956 0.20359709815095284 0.021031326785585693 0.0353046889650519 0.09573107790967265 0.21889737546924304 0.049865833213934146 0.03259831244317116 0.14220937353978166 0.19399381271801547 0.010870650119547071 0.05206994140194432 0.08742402545810819 0.16324176008695454 0.3375406228753923 0.1792035736437975 0.08505902182132352 0.20407182806075594 0.0377211203921455 0.023619504413147852 0.14707926323917217 0.16178139332539254 0.07400290480841344 0.04570800540664454 0.19220814646979978 8.576179359569512e-05 0.20002629421468235 0.09668438949432172 0.0856279664103502 0.13625050415704543 0.06817497413821018 0.023028894828558914 0.3020739953019225 0.2652115388522783 0.15271071647646772 0.23182110970468442 0.20558534762904762 0.050684710105713106 0.1418083520208818 0.19291405669971876 0.041038629516519785 0.04338842265538319 0.05640229247407287 0.12066403794598089 0.16827187453356285 0.0017229301346082455 0.1167510319934621 0.007138508227259819 0.013157615972797083 0.03297195552662699 0.06125665800722337 0.13936414581335096 0.10813242230053707 0.04983135351234633 0.06930659940687076 0.12016228967548483 0.08245906830683829 0.17818462524053422 0.16671689705307793 0.0970821791356476 0.1521667898395805 0.0985573664715255 0.015454393567277331 0.11705850466501808 0.49356672496221926 0.46759989943323066 0.06042313206655487 0.1651402084412194 0.2611675888237398 0.058012064749308326 0.14128555605620766 0.2596012054470964 0.08083178575560104 0.10975630275745286 0.2653992274089528 0.02224131413503519 0.11697145535141251 0.19790588745291926 0.22586761105462796 0.24753108481125266 0.15156077787849692 0.039427120855893366 0.08565496590184579 0.04567299974980097 0.11692440342504883 0.09373427089977279 0.06361558698552887 0.062109464705787855 0.06812760063657067 0.021434783377441705 0.0954808709282198 0.06591074959398628 0.19019157509499351 0.0525496853248249 0.16169795539748094 0.20455240865148544 0.47258140941549565 0.09062721654730328 0.03773074633697839 0.11711830905873272 0.014395330645107961 0.05425663686047696 0.0020905003066810143 0.3293157119891126 0.07691294458687543 0.12464062634772682 0.06229710180961782 0.4472484296058967 0.33138237460849307 0.38133677683646333 0.2980459696923451 0.3287208459977311 0.24044207940783863 0.07748074586187893 0.006134005523333135 0.1063013329023862 5.5373504912286745e-05 0.0011486623865809454 0.056258635127758604 0.01632869808861428 0.001971476661954214 0.038303142187785036 0.017341962390577396 0.057471871494890275 0.10861005761541231 0.019341087931280986 0.025866376745138326 0.14614259384825415 0.1603499024703889 0.18693368236882582 0.10220114344058438 0.2398648408448048 0.0756092509706901 0.017519219128724145 0.05129272834605687 0.031325702368560304 0.04715647655922404 0.15689639926122928 0.023872089078853947 0.15713735185186128 0.095326504671031 0.14147781906231788 0.12039363257249988 0.10570812750233033 0.009261465374294587 0.09038955230210782 0.14638915759893403 0.05670890254016704 0.09212790805994087 0.017427856388737735 0.054518469907344276 0.00447027369266982 0.15700803849521563 0.07272105944913537 0.05875891417906996 0.09537010553881271 0.1431404901369808 0.1717775925526335 0.0632239002874343 0.07779605913725685 0.043727078708516054 0.021340591451204448 0.012081072191332594 0.06558667903597849 0.06589074449796273 0.0664356149219853 0.07833199250886409 0.04145108746732564 0.0939903904360327 0.09759878799752082 0.043043817707680815 0.05276301204854853 0.20729010923299995 0.09103447494540294 0.06246417590678601 0.02767888746363581 0.10761478174675486 0.061564381083513045 0.01213306096798404 0.09674668185494105 0.027663324018664854 0.25659922559387655 0.023698836140108096 0.1412789385692192 0.10102853348447488 0.1993794575522857 0.008856168838413826 0.011913244763437794 0.003590202084959299 0.02054196093365401 0.06710849163800436 0.10718385866773424 0.12647171090046852 0.050918833240091325 0.2581734165963426 0.21104339814671821 0.056117037291442254 0.14479367327312595 0.04805509320214009 0.12369723741247447 0.05298405851679867 0.07127500044812851 0.08367077119678501 0.007540062953899972 0.2378516264394439 0.13697702390649544 0.09195993542885414 0.04788544625211749 0.0719817486002372 0.1441675716008612 0.2050446235848038 0.15198077751068423 0.12127263705033511 0.13013624699743054 0.1463348955553458 0.13432150506664117 0.04572009155475762 0.02693441956840046 0.021952811801950526 0.15415976092107253 0.03473140986062375 0.07493492422559249 0.00936912402025916 0.08234524114661024 0.07246691470850633 0.029746678256301735 0.1206486440210614 0.03989062691274547 0.09396752266682114 0.007993811244220795 0.0044304987890189055 0.20648290884299084 0.01980128115594813 0.0236530967451152 0.038544260190839445 0.014861258611007495 0.012090075993934966 0.20518761775277944 0.091199189870818 0.06954453546734905 0.059957804283042204 0.05458730413266673 0.1592795635549008 0.2559304396590863 0.0952547813332383 0.07394833457011762 0.0696325329056213 0.16758940418014462 0.009381815397268605 0.118691499259964 0.16749126862630467 0.039721358808331754 0.20499719385326384 0.031041390953585147 0.05375907837790059 0.013304625652223713
0.13771246751740762 0.20671014933420181 0.2318830316409044 0.16804664846174883 0.14169281352238838 0.22632048724198622 0.1937272367526252 0.35882418364238255 0.3184825946167228 0.10628588124910156 0.10847013247831272 0.09482355880407123 0.13465009279496384 0.010839126575367211 0.021228334748774943 0.05960607110769235 0.030604078769187974 0.17529995860670447 0.16704651290431605 0.18086521916178055 0.1891458087360773 0.13900906001909905 0.21150342185955984 0.1072694635058322 0.15299116403437507 0.06465650732291998 0.07709699937237403 0.10817750252235725 0.07247238068396421 0.07757724258654687 0.10439828212373387 0.02669849990201318 0.006292371301415949 0.0018831534588649387 0.020123167473178532 0.22964949792974784 0.2162534234141743 0.10887926235007174 0.21079690449567565 0.2989410105169697 NaN 0.10681909002378097 0.16306081618436735 0.13837296280792588 0.027755932633871404 0.006701231404113518 0.19830409429148108 0.12322514179429815 0.055746781086756514 0.0604389512218225 0.27312091838096325 0.24207634977793174 0.35012285820658134 0.1630694643453706 0.2293099319868218 0.16222894299696491 0.24576031555576328 0.045280098040472457 0.06938959293133926 0.14758874092738855 0.031191636775416386 0.08643333744222045 0.01003463225254356 0.02817659529099925 0.002678834819007438 0.11438537658458417 0.08600467600501677 0.009878909209746904 0.043334932141464735 0.046349341241195136 0.023704944397783576 0.022993076699239386 0.023203201849393652 0.07936388460709909 0.07405715502080393 0.012879009244865333 0.04101262243739504 0.09036145944313086 0.06807879611707288 0.003644988690493307 0.06619202942805179 0.035004056363685504 0.11403445692557965 0.13988880341035478 0.03602641187121176 0.0334992899395411 0.09435687635802531 0.004118030343385014 0.02661261897936457 0.126205006917639 0.09200595677302026 0.0038506396574850823 0.011774898144487173 0.037743244555926966 0.08011612968750158 0.1340914084995284 0.11200545704910489 0.048209869764487705 0.2957652677867978 0.2334589872964624 0.11726412043594071 0.11690223119274618 0.07967399983597272 0.19780393749614164 0.10793359498408348 0.20351718338245983 0.10575685352848593 0.19566546735614584 0.04076696659513665 0.11453780080326821 0.09882782425932628 0.014983731963784804 0.1507468213016953 0.10057333348055289 0.11794520230267615 0.1090415463280404 0.07407571621796014 0.03172734184003177 0.022947132143574613 0.08221389364310017 0.11972027906818902 0.027322460528385335 0.010852709322321538 0.10923518001312407 0.050133915607844616 0.047066522093637014 0.04627534225105279 0.021944174051944636 0.07751252980767695 0.006169981651991933 0.010920087100621551 0.052103049183720364 0.04786111395546249 0.024667155443240902 0.014734766898249261 0.022966971475037814 0.12834780593837802 0.19107635413129273 0.08413582403038786 0.1430064279906483 0.14906361000916074 0.07277652659818683 0.030757045284679596 0.12435566907282909 0.05282227836327244 0.005753252417602845 0.17901559896061367 0.09205490520583448 0.06494324421935595 0.060493173396520224 0.031691431664888685 0.07588603075499671 0.15303882489244652 0.09464344024805713 0.023052578583822 0.23336295194721104 0.21076795910697205 0.10975074198360212 0.2025383872638616 0.17320011560539486 0.062329013306605695 0.08056537363833252 0.12696598219834007 0.04243419450276411 0.038834479035992235 0.0041238006069414515 0.003979727725816182 0.1583849133611564 0.0630845000046897 0.10255740274735933 0.05191575198139715 0.07286251070195492 0.1183336465614899 0.1616102635361792 0.15755542971076647 0.008948762592706395 0.025540222290211422 0.017561380736571406 0.10185791550960094 0.0948715534690014 0.11320475701074777 0.21955883295388953 0.15406191132414546 0.10075553580812899 0.11298027379593999 0.15174807925934927 0.14823381863466853 0.3425402331644634 0.31065391100962136 0.16161532720332916 0.1272211867275887 0.159469188098718 0.10576152399866677 0.01537289161428991 0.06578752380692524 0.058419354278809586 0.04051031374785759 0.14460418521929647 0.10084054549496192 0.15097250101778872 0.17940414975422367 0.17267389440071476 0.2185501953199424 0.051201971822859474 0.05626739687008553 0.013307244672753675 0.0792932284739439 0.04253274065299599 0.016354363089515846 0.07084424388686097 0.11054857223087457 0.018144100962454397 0.011959883234240966 0.028922863354715056 0.06696561029734431 0.18794307115585857 0.1381147685290854 0.07970783956486308 0.1822350180304389 0.21875110002005665 0.2155977467772114 0.06456670761035692 0.1660991984134608 0.11170765668759206 0.04812355004662761 0.0028452849416781083 0.1058962227434113 0.13053589878726884 0.07607964337793637 0.017573765207183886 0.26006619151052335 0.17439677421823074 0.3343705841310217 0.15533243347736575 0.23644877836936143 0.18897592175747469 0.11684289276832997 0.040230365643261455 0.1613571774401759 0.13665239484280758 0.07008079267962365 0.021938252720118668 0.02734942696985266 0.004696394699425715 0.04247306287479957 0.06535521807223409 0.1007513615900151 0.006622325678470577 0.019892569413735288 0.03002182919076798 0.05859700315483594 0.035418729864479456 0.1572194962580714 0.040649890631127526 0.10097867076287623 0.013370808151202679 0.04965253757281733 0.12712039999376612 0.019472246911596353 0.04168313550109361 0.01208601385740293 0.06323302347387974 0.09476333714425403 0.14362861911763128 0.04745847538685066 0.056899950528204214 0.033846357630773795 0.014348088081598464 0.013261202228503062 0.09376053616241428 0.0036775572990990456 0.012430028148371934 0.01045624037503853 0.025427049415649217 0.0303982207496577 0.143942324965959 0.04364477364300873 0.015523825968464766 0.20634691700404703 0.22308058985928653 0.16403155451915077 0.18563401176420466 0.10259338577970986 0.1430348052708631 0.21356837077427132 0.10691957561339224 0.0850650017465337 0.17786464046022238 0.0011956142318162771 0.08057866039151768 0.05913154379609393 0.062171625963719765 0.1389141473639754 0.07691714424862833 0.12660832802864372 0.10909783604713774 0.08472294522708648 0.01733837248420644 0.07684941426268188 0.037560154155147615 0.126936261943617 0.027848867128949774 0.034447412019086326 0.15176097795442456 0.163901969695756 0.0744690294195576 0.020136692094498816 0.03719597885251791 0.11300911329675754 0.0006302198700608096 0.008574372879745865 0.05418371551482475 0.016222097513145888 0.03103296489041727 0.00968696610757547 0.059854862215739976 0.04929961044978221 0.12619375585061982 0.12423329913421052 0.12445729806884173 0.0553876670400075 0.11336538235307317 0.0055573648137796 0.028581685304415724 0.00042940165962277105 0.0785620100762448 0.19093482709254841 0.011755583263200102 0.010414365077553386 0.025676471179903036 0.002430292555557903 0.02625456472731178 0.09663559096165787 0.1095981329829791 0.06281666068232285 0.15628333177762913 0.12353594065389534 0.13075011239323564 0.08927808196080789 0.06038956422052134 0.0571462316504941 0.03908800001732855 0.15130366392760192 0.044458270440636195 0.02799407663980416 0.011792834515491778 0.15931392395291272 0.15046650804465944 0.07251478095797811 0.036866239034774255 0.09796669747564886 0.04593845045380039 0.13352267628594516 0.17257608703652483 0.2080654432708848 0.004444185437983307 0.009375272171828907 0.046387505646074856 0.08376614643594227 0.10003226125724235 0.03183780921547762 0.13608260690455848 0.0074592581907631525 0.0810174183969042 0.010358073875342865 0.033446224328746985 0.06841058640280658 0.0839977608099204 0.11196116608878538 0.02812224954697686 0.04300228524541873 0.08451048355923255 0.01258760780999144 0.018402553975221808 0.06459861740347876 0.09793546136911263 0.028142895795460983 0.02588300545054301 0.028766190525786953
0.13275238815829565 0.04146043971486344 0.03487418685736912 0.06966085716467416 0.11276024378863016 0.09908192409087418 0.062368234507462476 0.0457894898010753 0.10019393646807306 0.01341233941495584 0.08050526153088232 0.04582399394383864 0.06176295108833499 0.0844750213324806 0.03862554485959777 0.03004162884933994 0.035035622870734036 0.02333986368057976 0.07429676582896795 0.09641307029507441 0.005071530599616481 0.021592920287634404 0.02983185287059858 0.00954064442058468 0.029794769442963918 0.03316071644178855 0.037457788066436314 0.026312798027361375 0.12621590689147416 0.0811316614810294 0.1104166799909924 0.004602240297841424 0.13647517573322054 0.012034203658801774 0.004590052255986991 0.03171071863280897 0.2204762665216029 0.03289211209018195 0.1775030894941815 0.041438902074274295 0.10681909002378097 NaN 0.002443511802617889 0.005531026069101989 0.20219001368108064 0.20802785639340327 0.13510252307101323 0.08729542921432622 0.06805977065500979 0.17647596256343798 0.03246917243917766 0.13982061716282773 0.0714299562517099 0.09239749111512159 0.15970668576728414 0.06982612601373586 0.11688756846423834 0.019405551050446362 0.05899712484238366 0.058391771024499016 0.003121052442734265 0.07035463094951705 0.029643581884889216 0.022544916103837975 0.0053821517527375675 0.112500786451779 0.012548920886334691 0.09541032418748019 0.05727400372171706 0.07564647921804855 0.05496127166750028 0.10368209811237279 0.08192076141606693 0.08238259654738023 0.06578241071165443 0.035158350010577696 0.0377657542515697 0.09145582385147073 0.019895623685230384 0.021154176560628075 7.776845947875771e-05 0.03173940470676609 0.04891311539337456 0.0119075140093236 0.012378901801622228 0.14510798909653616 0.054228407762481855 0.0638816014187303 0.06742789548315727 0.11606784692554178 0.053104340792827796 0.0035029521215108345 0.015411829734578752 0.06199646018222068 0.05214375606628463 0.173170443304492 0.054443505281429445 0.05729213278464257 0.10831115857043945 0.08376321722130997 0.16980576022980323 0.13563611246840454 0.09446537544160097 0.13020103736912994 0.14933760481195618 0.08290189590353204 0.011892795334120396 0.01699527958468225 0.07395869003329075 0.06111424867762239 0.0030701642058906706 0.036890711118910166 0.006995942581025031 0.04107280450823216 0.024162633282881193 0.17093562727190045 0.19343213652131644 0.022549174641440507 0.02719529315383823 0.03762475070414379 0.010070355094228933 0.01741105294900981 0.024499432066789794 0.05619788684378493 0.0041719336174613235 0.017572404765855122 0.0157870776959042 0.03748961054448783 0.06385070759811823 0.04590396617440886 0.07929133547920697 0.06673823267425853 0.04850554474963422 0.031171364493172045 0.04914059854733055 0.006021019286325359 0.1418096522508454 0.02942278870407747 0.025625686243694174 0.036838631177767055 0.03634404068427588 0.08015366755640078 0.09256058068146165 0.05042258416617074 0.08164491623896637 0.006136743442039037 0.20221436289812458 0.15802093907744102 0.011730637481983726 0.05913666667782022 0.1574261040162662 0.005909659953011246 0.0014076249030420566 0.019685602773843233 0.035146293738192974 0.03961862479803604 0.13465949978257305 0.10916562557478486 0.013834602015474989 0.03180594054198636 0.004428736180239445 0.05705719133965006 0.02278864859998118 0.0360799996428808 0.03154885432405573 0.0316993395010288 0.06642011046271636 0.02425282060619825 0.08814797705223898 0.09018591391668057 0.021848992742661832 0.004630869431315683 0.007990818445925871 0.00112589963241473 0.07640439145524343 0.011299010429570933 0.012533109462523707 0.032399546265981044 0.09667273656662403 0.01933758717149899 0.10680630720557452 0.042148220356435534 0.03833736491993912 0.05637539717404645 0.07906165035646419 0.14784135727585898 0.09411422313362579 0.09135975834274594 0.068518063658363 0.043727153816258385 0.01594671444030431 0.06905173699543735 0.006013689211458735 0.06360547383069859 0.03730019590999209 0.09275017645754778 0.06288881788591091 0.004315679793727482 0.0889940088183946 0.09790885703933436 0.044906900610940485 0.07375568276532747 0.08563172516455557 0.014480130203465462 0.03272830001196282 0.024761409490030223 0.07456317783134787 0.03552416738432025 0.10370787603153149 0.07693967050266212 0.17577097878576695 0.045911331433505405 0.14946965092716644 0.06772756051926228 0.05309327059442703 0.09235670861275397 0.06730261004618328 0.1198273892956009 0.13219992148375695 0.010859644216559685 0.09214431701303091 0.31262301942740983 0.06263964699987334 0.13262050923143337 0.2270625221533751 0.1898019227460985 0.09913580785115411 0.05060983319370716 0.03753526448616229 0.13146718633495363 0.017944773565327386 0.1544755000602861 0.09480146066073475 0.018364050574710966 0.14511564254130074 0.06152063837602709 0.08669624546216921 0.06310200332524046 0.007261995827664741 0.03523669613111573 0.05886373431178885 0.041199553988950435 0.07129155810983459 0.011164603844528428 0.009652377136233252 0.06166606692300322 0.0660151566072007 0.09789105214420146 0.10629628640741208 0.07793231289608787 0.015715688419732612 0.07304939056272765 0.03766318579149214 0.013937097952402893 0.0019644688378458214 0.025792615494451342 0.10830063503429024 0.15343773751428172 0.05079290785734295 0.03547012357879306 0.002476257447174839 0.10337651213505536 0.055312849003736266 0.0959794798149566 0.03383888968891143 0.08293475995073175 0.07372577051775385 0.06317748838038442 0.062482908343428185 0.04986424112686005 0.019070578539456994 0.04233134748687386 0.004071555127723296 0.032137527435197225 0.08267763070682284 0.12714007254822526 0.05827998537646059 0.05962382746164757 0.06018490697132834 0.036457919030427895 0.08115292733507122 0.10858889718269568 0.026285054524912175 0.11128525184694835 0.16534578487554102 0.005560023907750265 0.023131774049834356 0.02790036134856868 0.027035193151259507 0.035942929819394315 0.07190689349885193 0.047283514727107324 0.08896787884317692 0.051432701207108106 0.019942335828810543 0.16710726228341397 0.19272004970157852 0.045126904339289696 0.01438047886684715 0.0329867762002103 0.016512327062014193 0.01874915928099589 0.018345957309870986 0.03257121645363345 0.038515909573445924 0.053689094204673354 0.04189731416583299 0.08644178734393264 0.009002262975296892 0.030146725153662454 0.045911774292628584 0.031581153704021314 0.10001117568455994 0.0006378166350257084 0.013592261582882712 0.14760152531904785 0.18369096926369785 0.006813383608557862 0.040044235572005885 0.03197723810025385 0.059895074274017385 0.032293460423153585 0.08019339577874118 0.0807108065048665 0.08482445117306273 0.010556482978354697 0.1170319222120187 0.13578344593310102 0.0053024426135307775 0.016819505896935368 0.16092817395828207 0.1133924469686536 0.046979080167907944 0.031566925485137405 0.012735098985850554 0.013521200557708475 0.034094530885788864 0.08393697130000388 0.01561479831319063 0.023551817324766265 0.011389336715654152 0.07933149269473967 0.07321706188340894 0.03680393156297272 0.0019034235998437055 0.030104728585045242 0.008699737045290146 0.07174986501182826 0.0835880115991932 0.11726778522440841 0.0655715619792483 0.08395212820884691 0.01160279225139386 0.09196202512043937 0.07008112740061621 0.02440000923198752 0.06295261487921978 0.0158400655190205 0.01618006971555027 0.045925606112929236 0.08736982821878507 0.06808384706438626 0.015693037845214468 0.048527378550362106 0.009364618387757833 0.05391038010696555 0.05820487501385557 0.012611554451849626 0.05806531254116166 0.0011760239718734019 0.12071475485886171 0.020627114538296375 0.06729340419536012 0.06967558282111809 0.01949451317350373 0.04577395594151085 0.010444214803135234 0.031514397145217664 0.07885920747928162
0.15658566101315968 0.048638962581411226 0.10152668635141444 0.07803550741166751 0.057860004159815195 0.03749786184892051 0.0003925266870067998 0.03802965913023066 0.0893536287371929 0.1734524218268627 0.0751610113861872 0.06230498792726475 0.07583151084873203 0.016894378521468786 0.14050363828581292 0.1174297004992528 0.013069563917997504 0.08081478371261548 0.06653185295208523 0.008030113650054337 0.01268688008038268 0.0977922868394065 0.01198631904679635 0.11782309809032032 0.13537260256841074 0.006742510479246252 0.08838412620778592 0.03390269544069352 0.08742459501606097 0.061026609971784725 0.037672763265703284 0.03923469805540137 0.03600121024034523 0.0637106275806056 0.011287664050628619 0.004731276165234128 0.12714873826297296 0.1609347460479373 0.09439413494955422 0.05453073512295169 0.16306081618436735 0.002443511802617889 NaN 0.17298421999176403 0.06210664076104536 0.008544978872262842 0.00746553952384143 0.059891850688874634 0.02051207612163686 0.006480641251654042 0.03975628421914072 0.059807043150456866 0.10764952015362929 0.012535453133181617 0.08697395329881548 0.1026763846948369 0.0937074567825639 0.04924207666981688 0.09722513369275905 0.21001790960349181 0.06882923894818077 0.14329440115358813 0.15271729468195702 0.03600619683411224 0.041556615373502435 0.034183857549961165 0.05353195927289953 0.03928001712536426 0.07455517756302875 0.0949790134859944 0.11129124659930781 0.061276136449730775 0.06526282509899929 0.06168291674949456 0.06084579979106051 0.18969621604555797 0.04735437132517879 0.1817792525168445 0.014122086156063014 0.02085952443691484 0.07270798170063417 0.04912161582478263 0.10519193845186528 0.19786668551305298 0.12918685472860564 0.13074862481401472 0.014754756591081353 0.017299118783284606 0.089147463359013 0.08154399393080743 0.04843922703116932 0.04796577402572358 0.0854839241215696 0.02594245905802943 0.06687359331670782 0.11877960850030639 0.103524317839511 0.016662355870768194 0.20281498765915776 0.1250068686498409 0.10845399000638047 0.05766749056761238 0.1242144105726084 0.08668212323065344 0.0729064362510513 0.0985325287327296 0.06767959624084363 0.25816681488892024 0.06638398202214026 0.046094565643454224 0.15085365033674755 0.05249769051902754 0.0631402363018836 0.13041687730931334 0.0807191361253545 0.015697294819907077 0.0158931755511747 0.01134728443739602 0.014618243210201796 0.012833508980484338 0.06674215007414934 0.0006890181924128824 0.02928679896934272 0.08928198016305712 0.05755691928400536 0.06596932639303145 0.046046198570413456 0.0607819578500567 0.034825725902008865 0.0640948571473354 0.07200409284561629 0.09958076679868082 0.05982505449450637 0.023918774268552292 0.010952647289711072 0.023118509996184894 0.05416260018626677 0.041274771826172535 0.013765468603776511 0.09638335955856217 0.02794624905513978 0.12292760687663319 0.09629480904704302 0.15890117550606123 0.001809326713789152 0.08706657775436326 0.20177100311635876 0.15133402620132055 0.04840570338272101 0.16311667767205643 0.1268578038512662 0.00017541702965842074 0.07691939393276945 0.02112859095137892 0.043809038523393136 0.038288960291491515 0.05143484133296567 0.048437003238201465 0.0014890537945370526 0.03582785283688728 0.019909777241117706 0.0006825498465786217 0.010896859169069071 0.038344808313354926 0.020804746163431843 0.04679545482499205 0.0895311834315928 0.126118711220331 0.13453637928806123 0.02215131413804419 0.028240707455033973 0.005288292411451825 0.1305615748384995 0.19069491755593299 0.04144471769724655 0.05723156582823003 0.003682174508742909 0.027155188813877226 0.21509314596341028 0.1758897006050689 0.14916893576703044 0.07083829656371 0.09159032379474788 0.09050957063724724 0.06001493397174409 0.0853213726264126 0.04984866261915626 0.1657216987434337 0.07507850249417597 0.23614936786155152 0.08581369484080668 0.040787557801777244 0.044817805875892194 0.0762388081745976 0.07992004357512916 0.014470380369941646 0.0380504123918597 0.07959965237654162 0.06899833584023882 0.032785834117324955 0.08766732453936336 0.02366577562914194 0.026230229410429507 0.13780834074695106 0.015831601638191663 0.07044325146878096 0.07367105653307555 0.12178836839990007 0.1217082602815759 0.09419287829946021 0.010758466874607795 0.02080822303122958 0.07789250565288867 0.10367942845329187 0.08126489912275034 0.07744629044330355 0.09708234489621788 0.10821131656586047 0.07660816941495248 0.09569565561250436 0.11359268917410975 0.027130622015335327 0.17152068692601985 0.0902773197138273 0.006392129889189919 0.04720057007437599 0.050365872595978814 0.09009946177336747 0.07489704090411346 0.011756465541586809 0.09274862962425853 0.03441192350696304 0.1351133070143041 0.0571995844355683 0.11019394228389154 0.00836212902632435 0.004168095541193087 0.036441523266439985 0.13705685658021832 0.18877751535203605 0.0281801403795591 0.025855459543398178 0.07298299620636198 0.00728671156683463 0.0071683962851163095 0.0354282096175377 0.08763616651420769 0.10238907206610807 0.08007973673504984 0.05427429661736983 0.12605897298806415 0.11745893200031444 0.04754606535552239 0.02398526194891897 0.10182047444542483 0.11691377529751122 0.122653323803439 0.04942663751709227 0.06931351046890498 0.028549578173771253 0.014089211879033501 0.009600815004982948 0.014877931779289427 0.14976501376868365 0.12224688592712946 0.1696364776360042 0.09070698103501168 0.0728789612904359 0.018178564433115194 0.0047242599262543135 0.03655467258816704 0.02874153448779753 0.008063999882208323 0.018288385600901753 0.0025681201427279515 0.04511730778925985 0.02981637564728506 0.08292145287791244 0.2170059145299618 0.0706505114246075 0.0755672555919446 0.056590976262580445 0.14826556027590793 0.15605940143367514 0.14837962824675252 0.0012714511913246701 0.07511679534576342 0.12418391551571602 0.08767014742452772 0.03505100511497355 0.13145121186522596 0.039815483260019886 0.12274621401483887 0.09370208135986124 0.07085038095044982 0.11238098435879379 0.010182193701607861 0.10264332824578884 0.047097633223609284 0.061688802023320256 0.06724980160412491 0.026992831199141486 0.01792363296150581 0.1161187001633894 0.0323702290248161 0.04698892871904612 0.0008988353130818533 0.07193732330462196 0.07342288914808734 0.1445729039718286 0.022797144998019835 0.08242826294458486 0.1153609485148226 0.002011738278744693 0.03253166112250605 0.05723113309794449 0.032947454922981775 0.04539212974442009 0.028401463667826168 0.037814958591289326 0.007250644966267136 0.06439131170764924 0.06065001111989755 0.06437258715799403 0.036734525776778 0.055461522887175096 0.12702439313044628 0.03340767570888644 0.004658705468215807 0.14601127089583255 0.15373614229388766 0.012364247802120575 0.04489000637426333 0.03519387109110237 0.022589187858974166 0.07569064296100189 0.036320692352993504 0.02178930666704807 0.032505580715409974 0.020948573370463516 0.09903576169412247 0.028816092645568486 0.009452628400069473 0.020725311683765377 0.06776397730629027 0.011276712609223003 0.13098845078259388 0.049462374520980526 0.07794937184045002 0.017202395369265964 0.001964540877153773 0.0787479280118924 0.15385639958932107 0.1556761505405502 0.04965932418386346 0.03966475328067971 0.0878045213056152 0.05681037410158197 0.21790505862867296 0.17952891457607054 0.029287468220459266 0.1041852422540169 0.005336467433269641 0.08616976695681171 0.08433735472509332 0.05145842948211701 0.07867266932496672 0.027850243617278923 0.019564408508405545 0.04093755501838037 0.0627008072522167 0.06403766673166884 0.01730339628498356 0.054182980775658036 0.050670943178748123 0.08644657105284832 0.012344643435140086 0.0012526556646152685 0.10401448352416669
0.33959286310936476 0.007683106815230313 0.13376612744111854 0.25259847974533617 0.18732321001260938 0.13856695329083524 0.010134730716645227 0.019602219517422855 0.09280081363863392 0.40191632289297907 0.09849335490114566 0.046130951740304765 0.14110752535625343 0.17050101961147082 0.31675068975184306 0.033044291290849265 0.005786288060802736 0.06498717219955218 0.11045377226693008 0.13489565204134055 0.09637866195933907 0.026760569575559664 0.02934291557400881 0.25649804611580873 0.26345390230383 0.11124613356270346 0.2346673268107362 0.25517850209290843 0.12248310438544927 0.03466696252074898 0.029530402864669368 0.10541279476160102 0.049421556262196346 0.1199186891536175 0.04923029774898697 0.02713428222469359 0.10797904291074324 0.3152063503614798 0.023408081565995015 0.05641087840321268 0.13837296280792588 0.005531026069101989 0.17298421999176403 NaN 0.19580897025077398 0.0475861840146477 0.05036840937122088 0.05196500129925832 0.023272335836785354 0.033387102242445094 0.08551045825321663 0.06313304158957093 0.040175065622657234 0.035416719031681684 0.004027704546081114 0.0912227962410712 0.15471980308127384 0.005028764763537608 0.1375101857807689 0.24804037437034454 0.08854203476106574 0.1857840457938561 0.09030307888131064 0.09108250669555223 0.0033247421657210613 0.030327264485004883 0.046077040385993084 0.12712729544609314 0.02574252416729658 0.21638798237624363 0.03476030690841704 0.009029556280201825 0.053362383114616954 0.19273967452587346 0.031035530417873623 0.19262101308188206 0.006395200957494438 0.19789474263825596 0.03552424017824838 0.05801488218223172 0.008746537367672771 0.17855327750172578 0.09859663612138085 0.44539635705355457 0.2332869749346119 0.4372044604060047 0.15580114877608928 0.016204575420546895 0.14054503248139655 0.003073332802699531 0.014878709912924101 0.006263153195207477 0.0819752134362995 0.045408807376645315 0.03850651613905654 0.23037956596767822 0.09867339167076881 0.1761960932767895 0.05828070012030378 0.0041046000359436525 0.019283836807919612 0.05987055041857583 0.09464821089014575 0.0549681351057266 0.0416189384160287 0.041755707536714065 0.029777822053793795 0.24906470639978293 0.06245376213212093 0.011462531058558625 0.10661528276032699 0.04234853323455364 0.005825456312386166 0.05315114810903714 0.11610713762067582 0.10290686260919672 0.015834202221446728 0.061618563612552225 0.03621958445209928 0.1284534126010766 0.1331339965955787 0.09657762885195006 0.022131102654038618 0.06627223393640555 0.08282827703282783 0.02428488688140836 0.12884540550422727 0.017005649475829103 0.01479857074355101 0.07196946569966804 0.12873413293534872 0.24377441760391147 0.10474455017694315 0.004799776014296806 0.09355720738667345 0.021578294228105022 0.11533401321297806 0.034114472367016334 0.06525772680137762 0.17439644025589068 0.0887705925326574 0.17941632500351415 0.2834168200442221 0.11534644160183231 0.03161036743923586 0.041887297172993436 0.09305326966266868 0.4071703887860146 0.30768100868672504 0.10670344099553115 0.07657164872966943 0.09586495660548039 0.0586599395015607 0.0012344600786396128 0.0010999757090018197 0.03496943051203929 0.02360190716475591 0.02328497732201693 0.07610505377764705 0.02953851760560422 0.09368562433713847 0.09447527614619014 0.02120496575153146 0.014850024696067141 0.008152442783587122 0.09435482659420605 0.13133757043648805 0.0003227293905889158 0.2584354999210766 0.12029245600945117 0.2090376953066825 0.07682563083995646 0.1109304370133335 0.17868739298380168 0.025462780248289324 0.1467887324564913 0.0855487701303253 0.06396650193835772 0.36146495278051743 0.22904941402498671 0.3508289046801403 0.05454934169032882 0.10281804214067015 0.2756548085759425 0.2134160980702525 0.20472054512764473 0.12624960747333058 0.030696051872094433 0.016049495822923462 0.29266300041442794 0.13708833873527937 0.0035645211265309487 0.16089499516523278 0.21814764745198284 0.3081680065558101 0.05897544861107448 0.057691788888357166 0.03546193104933762 0.13084281773893222 0.1414987348335605 0.12097793799865013 0.04821287227199499 0.02420844958022051 0.23559710938688772 0.009656494148349265 0.023358936458179772 0.23643476563061283 0.24318430065010832 0.17173804234184104 0.10439940146887376 0.020893363561932544 0.09299723717227114 0.023526208348905987 0.10563199491983831 0.07178437575772732 0.07382761210099063 0.2031104736154736 0.34775638852616414 0.04020892915740394 0.0024417007415893873 0.11859310364528128 0.027868781471253913 0.2949184449798014 0.38213774228600506 0.21164820458313952 0.1867027183194862 0.04441139205936793 0.1286192597470591 0.08155523413055095 0.17202959502006324 0.07565494574608436 0.06041577822766833 0.09190178757300234 0.02494534896299481 0.02979754309831249 0.008830030576578222 0.062066663700695766 0.0521950853735502 0.22743096256258177 0.2499095901742978 0.06917943706639403 0.10150376842927827 0.043673096383767235 0.12371085602470858 0.026026256623981937 0.0003213758988051881 0.07624949916607625 0.10359346560698998 0.04534202974508787 0.1485701666962369 0.1674768058193056 0.17408959680477507 0.02242871967167407 0.015120807897148623 0.1417850849956905 0.12682639488986944 0.19526326278348552 0.15587783345017672 0.05654875498758182 0.026685486461354328 0.11390843330103133 0.1620461358483638 0.050314805138099085 0.40601199584645536 0.2498155410729811 0.40465675731147976 0.026464273772143533 0.00805184406180901 0.07952407739669051 0.042742314761766556 0.025178019623861993 0.15251463662636552 0.03234905861155791 0.028978379906851936 0.10698698332089751 0.21632555285027819 0.11343192335229975 0.12843441179508447 0.10029196334360733 0.0035847014050827525 0.0012119276150390757 0.041603008830128345 0.1411870261192025 0.16002333207177744 0.05645187347221184 0.049634684628470385 0.08766762792859915 0.17298016016193749 0.07920367846387705 0.011629028657282594 0.1968882082195345 0.0038396462312099136 0.008165510981138473 0.048713569560858955 0.05074883297202474 0.03975306636318928 0.125903087213179 0.04477795498859389 0.020120531936358564 0.06684028689556916 0.15634295171336338 0.01410852692994655 0.05490616587743836 0.14338632508456842 0.1282563350946334 0.06833269569183342 0.0016502552366522854 0.12733329920585304 0.02816224839521328 0.06482353844369454 0.023408599684533647 0.19043631273890688 0.14215431007626916 0.012107890072707099 0.0016571128677620073 0.04886994442389452 0.17405539305210108 0.048403566807789795 0.0046483611795892785 0.20929155697763707 0.02243640083054614 0.2396306974464343 0.2915074407036003 0.11664004088981002 0.0548823729461012 0.12388289793854348 0.08770667496743674 0.3641766714655239 0.17216554604519646 0.11503441024227488 0.16557472127563694 0.05329226111881144 0.036812822715387085 0.02047072860230616 0.07017795713750716 0.0765450374864839 0.08178391777649464 0.06918806663262203 0.03568280134583734 0.029156827674470177 0.018743266296683856 0.15106335357346548 0.09046177938177505 0.020004276803744336 0.05229353278653203 0.03139686021924811 0.13022511471405415 0.04537861108241116 0.10793623181414552 0.014477038584153192 0.11528139566759507 0.04626610886915965 0.18721595996537252 0.1263464093382173 0.043811941970916306 0.13499979418323915 0.009092548516531873 0.06636381684620261 0.17110221283834692 0.26824286762627975 0.18503911342981738 0.29322025329447754 0.10080319002253794 0.16086697337200948 0.05271910615297055 0.12114864546010112 0.13267470032438305 0.07032287582097813 0.06891080045682306 0.11843686723005212 0.12104324478295089 0.23762567288982683 0.13427134149289602 0.2105669051968873 0.10263379398199543 0.1734470290461962 0.14294606107457494 0.07945946433091883 0.10678367413426472
0.02817762855303833 0.14519354107575042 0.08445573341407421 0.07950119656749656 0.15373129643720898 0.13934238873738272 0.1329854748659491 0.1721710936934472 0.143509049423189 0.15015315395652779 0.08659809759502511 0.07271307591286448 0.09354023493966693 0.12925108129830187 0.24824587975450044 0.04727525188302654 0.1218752813591705 0.13500463791278616 0.08990828965794635 0.18451822145485203 0.09598024888894324 0.16799599452576663 0.1254990314562401 0.11526146058363806 0.008235879693557335 0.11073536849810679 0.2264719462928831 0.05288413509990742 0.18263598135507186 0.05769298960319254 0.22268297241057824 0.09904151579961007 0.12740900574548333 0.09104611479371846 0.10255561341685876 0.04912241838044813 0.14830977421240035 0.18930999529934436 0.07198139766727796 0.1394895486054747 0.027755932633871404 0.20219001368108064 0.06210664076104536 0.19580897025077398 NaN 0.39446781177644114 0.11339430849250892 0.19640882382335514 0.09502293690314062 0.2103141746794451 0.19638647492801736 0.1494902004607294 0.1095858823079058 0.08846271337118723 0.06831063829108927 0.058408783288556754 0.08888179843510817 0.0027301540700176118 0.022183472408167575 0.07764289463944112 0.0974515705534636 0.013558219833290945 0.023375917959618693 0.02429844238048031 0.00937071048360474 0.0447137417253481 0.19524168935885686 0.02306385409531955 0.06024056155059624 0.2196242532033739 0.14916426368875782 0.10274103310294554 0.08976634667772686 0.07328788605615727 0.12971904221479005 0.2533835571408587 0.028924824154695675 0.0718794573435331 0.0642566475627589 0.0953619249671277 0.07431726216628592 0.1717255630223056 0.05342696539048891 0.22241480061237473 0.09180735610483032 0.0707534285817256 0.029437501399778198 0.02804259314944466 0.006348367559054245 0.003494591159926346 0.12275612917993649 0.06513332336586886 0.00112038800207538 0.016587668817833977 0.023531829037317608 0.21305281768509307 0.04584964300480992 0.01301821780560871 3.33701537426472e-05 0.05570633427743781 0.0422001134680372 0.02105484249544296 0.06943784415542173 0.0011114529905449908 0.01605727386432819 0.0009321903864979236 0.0594822474482705 0.039073312641966666 0.05411192405301515 0.01613872167381973 0.008360841108683108 0.050166683114694126 0.006081087077704576 0.008824473360993302 0.07452224548132039 0.00023332276545850629 0.08170284046510636 0.021802576016004886 0.032003973202181575 0.03759917501238221 0.00018699277782040707 0.030739373742882017 0.06462943264260478 0.001374014818501673 0.07269419270709979 0.022200417503651322 0.04924299090855298 0.034914588225241336 0.1251096120925423 0.17378116878137373 0.06710237704249851 0.15806123504298575 0.20403189088427293 0.04180652682010173 0.023681159040491683 0.030651391257126667 0.08102490276985458 0.20129620006458562 0.0958092800093282 0.014162811391984926 0.00021849226134281036 0.2002457397739611 0.44221024715495666 0.048159282547080205 0.05473949250850999 0.1864706524702876 0.10518738686087521 0.36903089984847 0.015102112847506902 0.13483657462615317 0.048634058050038724 0.010997021948097508 0.021791536365861994 0.06393146062615816 0.0322485724703558 0.15395406726593877 0.06270938311060648 0.1978070231676328 0.10326838975007203 0.018068202036862272 0.024703251396848366 0.0446731834606603 0.09386326132701688 0.04837290377374658 0.012204875028050104 0.08086969633735255 0.09301782130480478 0.031694589787358854 0.0032460964089913937 0.014214639126269352 0.03768771765304011 0.04374078842635807 0.033340860307320606 0.0551156607606527 0.011907530075426909 0.07388822345162485 0.1689382907264318 0.09074628724893932 0.038359209302806965 0.056777902332741534 0.016538377942054417 0.153154189926813 0.06235948897432836 0.01742273883487606 0.11716345999510692 0.14013970002388107 0.08782465846156025 0.1024118162413583 0.16189801748378804 0.003282990008314118 0.06512012595365678 0.13338377457887404 0.10179340311882366 0.19035788822036503 0.2726979297649221 0.021363077956327674 0.1124578766168854 0.12310918490857072 0.11939561762166807 0.1689056890738991 0.13310284969895114 0.1442410742213725 0.14509851797547577 0.10578950553719396 0.08479473733808647 0.1357358477928561 0.11062870470398556 0.1296638951918309 0.26303660800399287 0.03948821969538653 0.21047081516592983 0.09289742353277998 0.03586962826730262 0.13645287029104622 0.16187375804367823 0.0009317650707160887 0.12115817988201405 0.2631011495949517 0.02789202665896133 0.0975565995699931 0.008344141884639007 0.21870917078432295 0.09981261610960673 0.23212379510319112 0.4833346249946748 0.47892513971322104 0.09226240908547276 0.10622818080830262 0.02978677151430388 0.2833672736101802 0.19425052641552445 0.12649890991195348 0.07955015184971712 0.1428732983464425 0.019481952508265062 0.02041206001970731 0.027969244443480396 0.032160312745556315 0.07972822624176111 0.0452071564128333 0.02225362820892467 0.0572815561005992 0.007100901784308219 0.02799758027435806 0.08303796489411301 0.06299799751147885 0.1544484332867128 0.0026845651683275345 0.09478309653299324 0.11449949370926818 0.12156131076332696 0.08861787436065696 0.03768921051295409 0.13594129643936803 0.16926269045877532 0.17193078928513172 0.0096161894251253 0.14280191612495213 0.1053375406724986 0.028989141744132134 0.03583019807842586 0.1685336851483692 0.008529676014184405 0.21716273121849242 0.05902707530936571 0.04204196409163601 0.0626406907252259 0.020551720319102188 0.031717259413977524 0.03564188526100398 0.008550662245309414 0.09785368268149211 0.018920348036933484 0.04434794985264999 0.005544104289279788 0.2700629044550102 0.028127361461662632 0.03897715200365154 0.05082343214153825 0.02417977580458308 0.0271660069758947 0.03369587646555618 0.06346370377765609 0.07555487505397317 0.050372957196540176 0.03604810213919784 0.031621424128373044 0.0037295895869391 0.002790953355349465 0.021972367569141036 0.02130747743928959 0.017694255030919627 0.025048423253976628 0.010113772059901377 0.03300053708513118 0.09300822901527951 0.2032372838404858 0.02075201434376167 0.026591215407003106 0.038822910041328186 0.05298902235755207 0.012027185610191065 0.03362960541599295 0.01869778448396915 0.10072282254935444 0.03835111185503808 0.031073739012484315 0.07961193901581919 0.08487507718657047 0.12561196870462948 0.0027544883758963794 0.10599466911501683 0.059700635871340474 0.021035907477906922 0.024131941901657548 0.09405477583293856 0.3803547408999486 0.06373649079336464 0.05193704477059901 0.06962659671180495 0.01372130474190848 0.19177718753501666 0.3694037191933754 0.09816602997588067 0.01386474365821139 0.2246299748179082 0.0861266364039005 0.3747461724590107 0.01230708829407344 0.06485696822642455 0.0677176493285497 0.0592569527433794 0.04590419560217165 0.1265968234915648 0.02790626309107616 0.14892738204513167 0.002219893451589988 0.19647889729792845 0.11768599695707121 0.0037310903486876446 0.09546038905235385 0.06569442105246756 0.13233321789273106 0.0381870719139264 0.082092394442818 0.008317566863363183 0.10572079742288143 0.054300586220484275 0.04513339996715587 0.06086329264466511 0.0513237766173504 0.01859162276213022 0.005432004722194329 0.08924128343789864 0.06551989653615108 0.04531122907057962 0.08986270495339645 0.04220329963675608 0.0009965532027558595 0.04067941789466109 0.14041112522648794 0.10408267583069497 0.018166787837705624 0.11704881988068848 0.050595199539303345 0.1736635852337187 0.08047007764649916 0.0582648740745242 0.04662786159603966 0.0797442260057741 0.14191911004744184 0.0881580728508558 0.055834384891050304 0.12027802495019614 0.07070478681153643 0.10348607185978405 0.011787161602263254 0.03094638819357836 0.11584108023485216
0.10524496720895916 0.05581574207037455 0.06874520562037463 0.16453160013865234 0.19676659815912345 0.13420344437530266 0.13019853904086878 0.013281015846241603 0.06465283160165591 0.07685272333238664 0.014460041929118303 0.0010259818361590578 0.13101265565689915 0.000995425817928343 0.1457943557854057 0.038762429896834656 0.029166401314086404 0.06565302565191547 0.08383273111877323 0.15823484320475 0.08036591930497411 0.11634836801666439 0.044611096304654874 0.08195815243129809 0.0279166864050445 0.09471698705079645 0.07299497421002997 0.01005621275229145 0.2823112401249194 0.051481111879141006 0.20269139897844338 0.13205891278261714 0.018513682711615746 0.06573873213081305 0.0338477426383846 0.007605038148194846 0.12416386015738624 0.04051274337047717 0.05988397110644171 0.05386202623637915 0.006701231404113518 0.20802785639340327 0.008544978872262842 0.0475861840146477 0.39446781177644114 NaN 0.001339448104111908 0.1334693712206585 0.08061634986924687 0.31319026635845226 0.003952305410200585 0.03867747959450049 0.060665916724358594 0.06491009158906332 0.04629991069034587 0.0352274406536886 0.0055879394569727835 0.05573579278360096 0.005263418534989142 0.030630396725192313 0.030625392596955445 0.04421372339715845 0.09751125569828877 0.07585193648055057 0.003887108364966008 0.03729464754556042 0.1793177321224031 0.013153594703099727 0.06471534681549762 0.18426610052785944 0.12383943843196245 0.1027345868772527 0.030012481938257365 0.09623063773254734 0.09094191452984839 0.20544391464936587 0.00623875158462943 0.0007433280197925719 0.037113096208874485 0.02507448253140156 0.02565442872965975 0.06692494109991323 0.053928185570144456 0.06894144054868133 0.06445507050236071 0.06499503660887328 0.04874434367043119 0.013190769354779164 0.03053235425397315 0.03316010196485223 0.12209195174475668 0.04681642009707894 0.06593661504216 0.09629192571891466 0.024219411652028996 0.22916856136391836 0.07810118242449593 0.012765899166053977 0.005215329927902793 0.01580922514584668 0.0033555876380135384 0.00945898773168818 0.03443667323468924 0.010993890429010432 0.048854624021497234 0.0054971238589348 0.055395488455584646 0.022717805392325003 0.059047169524271366 0.029886696527168275 0.06341950760100107 0.048138722971255495 0.009915755031996104 0.09015898165544647 0.046096985182861386 0.10137827420256751 0.20052616739852222 0.052633047961044926 0.04667855373526972 0.04925989318591215 0.1291699844638982 0.035500222480067685 0.02061457455936105 0.05061460151846532 0.05625071431390052 0.006384093595168779 0.05896797886241886 0.08819081463856038 0.060621574520304394 0.12489614576239697 0.06052523514263972 0.07165063007515748 0.01133246696998192 0.021728383491704032 0.045490688122016044 0.016818969212023152 0.05153184832907938 0.07836258846387158 0.04396858558738237 0.0138362092046402 0.01013113866331929 0.1751713676457502 0.3503719003298972 0.05364634236305358 0.06391622227117659 0.24692102087108697 0.07392063661477005 0.15012612077990045 0.05473902031127307 0.09714608135632001 0.08237264820470011 0.03477139952046598 0.06842130724770606 0.04785775376977213 0.0594721875781095 0.07389352464258324 0.008575604366985607 0.11959505659318082 0.10827263547727398 0.011053582475065398 0.038398349269144136 0.006975174603782064 0.006934451566691219 0.08609997958056216 0.005819217584283362 0.003276575219130263 0.0010087256333060838 0.006979945909243453 0.002213442956989303 0.03884658697238082 0.07922134003245478 0.04689793156904133 0.038286904711317946 0.07359261020248627 0.028349698004313587 0.03679975519744259 0.05381093344347575 0.025444307896551447 0.07966403870146252 0.03654369747634677 0.11112022818360552 0.08828904001032212 0.10295891347510851 0.14863306545735924 0.1909518135809033 0.18085907307087842 0.13844313270969802 0.01680694408280816 0.015521894150570509 0.02846995066866001 0.029863100510348725 0.06324686109535758 0.13757692545351466 0.07926331452024049 0.1621990567505119 0.017789386637664287 0.0012001188472330554 0.12386965545333026 0.09592554168715868 0.1522923546211739 0.07629568004334915 0.16228078695671924 0.056516410054622795 0.04289028024637418 0.10132947314629215 0.08050883650794861 0.03890029591434218 0.0012462815698303074 0.23229020298803874 0.03221352867778126 0.2563619705638507 0.05658386110383683 0.08599221165645829 0.037692650622162795 0.08849787075376893 0.04158015249377634 0.05301950866831288 0.13710176697207835 0.010233039943619538 0.03409396453356699 0.0010198120662927319 0.21993637047619666 0.055645856127036 0.14470391167112115 0.3585329467755787 0.3438794850177132 0.0161088952660345 0.06079202593952952 0.11742294539828677 0.24844847203048848 0.04469286398527379 0.02342455990272576 0.01519640278474514 0.03339907942040617 0.024197471538038372 0.01815068830228878 0.023445484333904427 0.06190245675738073 0.015354959642404357 0.013110162678082357 0.016028038432749626 0.08884430808261602 0.006876948902812275 0.06994020904646493 0.06458769858413216 0.002504716114859122 0.08543713919172419 0.04338628984168096 0.11591455745023246 0.0800720146086882 0.055612205896882094 0.027773641893770237 0.08048370844782358 0.073939759491102 0.12226141803067536 0.15621869532918983 0.011164934961875265 0.09431126584006888 0.08439386158314224 0.0676086486830319 0.015780798403222746 0.08655514131927701 0.03946007306925411 0.10683880859570531 0.02053081914085481 0.008132705485656398 0.01257299295332759 0.051555043055743544 0.003334123399241136 0.024965391892752337 0.03494591287187338 0.02161922759081928 0.05588172118598371 0.06394611090277243 0.04620758580760953 0.25713002440309785 0.07269251244389578 0.020508174023112277 0.006516432498712248 0.018847648649007273 0.02393939929756714 0.012536071696465974 0.08123902698751542 0.01471780928298222 0.0312755261404831 0.07477717576294075 0.08634088234174873 0.03307985674385696 0.05113587624239503 0.021609184048917728 0.02281766513279242 0.07020271624800023 0.020300941504670763 0.056045096064488195 0.014458618397538533 0.08579477149980583 0.16918229538748616 0.004344196808976346 0.0041082480784595315 0.014430699942348637 0.029295207579950685 0.008115910120188143 0.046382068086529504 0.0733779993975975 0.0032191756139989753 0.0025610658261597708 0.10435189144234595 0.047834633537362406 0.047416872273486475 0.12177576357337962 0.039372807680156566 0.10288414987926327 0.020966672901998572 0.06199818851204265 0.04356979240135669 0.07585501542468767 0.25128133020048177 0.003990749078346404 0.03524661785578664 0.02222447960148841 0.037609765578827455 0.16682054652226253 0.23124428846029818 0.1056826397440914 0.1523275297954203 0.2630671411717689 0.046848634631473235 0.12073218205059148 0.004824249337032229 0.04525164685527282 0.10756539324666774 0.10856983907793376 0.04571722381960137 0.025413293914874853 0.033420524738561774 0.09400485956238985 0.018194927863488718 0.10447315411174829 0.09515897216864407 0.007401458809172095 0.08295142770950668 0.07392223306879069 0.09121208640571216 0.03503938551117028 0.05516075188462179 0.018035650104012455 0.004764085473912098 0.033920388597871026 0.08805708326206904 0.06456690585511743 0.04957257918999777 0.01828581348444439 0.009733881666744723 0.03645100507245878 0.11418469839838516 0.010643312692195811 0.055333302250419325 0.0166814821565195 0.07714465375445007 0.0747423004170947 0.03856073469467822 0.022182740497973693 0.0034894205093629256 0.013371145485021595 0.041698070489830964 0.04034676575559853 0.010873147166937215 0.011369250527956811 0.036826206557597836 0.04778877810840696 0.07318309447615938 0.004198285196829193 0.0024313735701453594 0.06334701741366906 0.011041953410423376 0.023172853644671587 0.004041024284862084 0.015198724047625766 0.0006960006240860722
0.11320404655125717 0.3411148256764155 0.178483061671207 0.08076815538814514 0.09176818029094454 0.2706992192200091 0.29042268023496337 0.48728620230130615 0.41197806959379346 0.06126980252964237 0.3019329203965943 0.3289967150861846 0.04389147330356065 0.0835054787274404 0.23563767792723067 0.10211032907686955 0.23243048671072825 0.38722349397128886 0.0966203824686681 0.2571783568949743 0.3167862924020225 0.39308015613657066 0.37186796325035465 0.17847005308333175 0.07648917268609497 0.052348134044813165 0.11219895819861658 0.14242218489580452 0.0001151576870235116 0.2212686039713574 0.12199806698843706 0.04682950604519337 0.0006558224570527479 0.16665025571407965 0.047894792130365106 0.2135680626419814 0.08266890475396083 0.1316867099605763 0.18037360613590253 0.3527904403518639 0.19830409429148108 0.13510252307101323 0.00746553952384143 0.05036840937122088 0.11339430849250892 0.001339448104111908 NaN 0.2849480384485387 0.2627785554876008 0.24890333470515244 0.5356007507439993 0.47937455836263126 0.365533240678027 0.44994515042910577 0.22985868535491252 0.30462013540583943 0.11379901758222806 0.08651834540762474 0.10999537099537761 0.1622860430914004 0.03264032065436668 0.030088726808061465 0.08506594128606555 0.02879087416428286 0.04476654354697858 0.24287250897771628 0.262605360707279 0.3141102178075961 0.15566723720007833 0.14944294185659301 0.22779959534463398 0.1269462415695264 0.26875243152702866 0.11349551193252114 0.2492444259659048 0.2739368662356663 0.1430137311230102 0.014277488694592734 0.2033021671836701 0.14425789612205867 0.27934733867017775 0.11626777010745265 0.1814184706281621 0.0015926489649676074 0.1360932848004635 0.1612681521555871 0.053156715555360966 0.022157777619385127 0.1828252212557256 0.054597119532289934 0.08572931590503545 0.014355041545637381 0.06194074661903981 0.01907992146831696 0.16909794734839365 0.2714892514183943 0.07311292726521909 0.11654661233494751 0.0113793287987028 0.1516384084131457 0.17003741819231022 0.07495046895649804 0.06414490951805538 0.02198752658638471 0.060329195990067946 0.17130944537222895 0.06548822472990899 0.003581217992496066 0.022797775767526802 0.08265512381135809 0.040020842734829164 0.04762394074285631 0.04186670678661541 0.03746213287392907 0.18676954666532683 0.47699382804005197 0.3928424543240378 0.0660925561157028 0.02780171556418334 0.0912922586672541 0.04215709367973895 0.033124187402894543 0.04330274380787383 0.09749376575542452 0.19465938692302184 0.04714438217003968 0.008409154250143361 0.1072941632560934 0.20712710503039083 0.02086764479035338 0.09420531824013698 0.27471981434004616 0.15496129650644783 0.012841137108860055 0.04609458781207607 0.12656459014084018 0.23359094548727632 0.4445243688732422 0.24389903325015877 0.16904784773100617 0.21652495841938757 0.017729612829287204 0.1752406911262346 0.01741511754329518 0.1056244734185518 0.038807774685741134 0.07966937943260934 0.2243279015935905 0.0802582052168615 0.3237899731682393 0.1954172276595477 0.1292325641873747 0.11864583138610746 0.18125144931571116 0.010650667552106578 0.41066325921090036 0.4558525274159395 0.26561412432737674 0.2582029996867767 0.1798201304084431 0.12371517522591514 0.20194405334121482 0.21167752548260918 0.11035816009629397 0.13470820697858502 0.1212001962517211 0.1376581697020348 0.13305899761741624 0.0952699042661093 0.11069513156181306 0.021506272176082822 0.06246525790713414 0.0728229331502001 0.15176801325740827 0.09178125521948806 0.12380290286377951 0.03365148581977976 0.0410900199487542 0.17642051830164554 0.15329307510048884 0.12170255372979741 0.2849294717311039 0.11319777159242383 0.037343617522226064 0.027483720799418014 0.1435563823547285 0.20316686144341087 0.4063341877773125 0.43337413163308025 0.015274088588869096 0.24632613554158317 0.3330090895991804 0.09403195322101772 0.13676680698378882 0.3052955530076869 0.11491099577892964 0.15082922527907466 0.39497102138018914 0.08318279607410452 0.22581477842594525 0.29275090016593913 0.3337204724981762 0.29707534790891404 0.16104120199854766 0.01050007532501137 0.12124519453648117 0.07972359255819586 0.1513902660256523 0.06728580496472943 0.1802721999062539 0.10962698386549127 0.030056451895159264 0.11198879676076287 0.1440839205626534 0.14857314063374874 0.22476787993537956 0.0417979060806685 0.09140629094035453 0.22012531056117546 0.34187569445142885 0.06828409589560701 0.0808644460820889 0.12421554818207683 0.00036283435573655423 0.03804884513659081 0.05717655349307265 0.4698971300920707 0.17254410530354972 0.20653275063852583 0.13712726397499056 0.46774702642028065 0.4254289043244657 0.3197659633863165 0.33112211219526305 0.20474732919978475 0.26929933014460683 0.18646393172037287 0.02050182043279329 0.04261603351220365 0.010388373563999293 0.003126076069969821 0.04333881600910319 0.13002315393015834 0.007917901774928855 0.06505360528670842 0.04380800370714415 0.21254946284906917 0.2542863817192622 0.015327177734509017 0.04948754317972825 0.2663391850195412 0.24081642771994566 0.17947011800614684 0.05212999160220254 0.3010790912181652 0.02995814295753291 0.12774718911755978 0.12248187909936625 0.060407583959468644 0.010010310259320827 0.13634443849004116 0.04100131447284865 0.21637510782597064 0.07107939269369158 0.08964358006223548 0.07078258794749571 0.17842806739641356 0.04321401249040297 0.0651640608479135 0.16394867805011204 0.017022715273720276 0.123888791104695 0.001731716056669904 0.047477018189311854 0.07611570952027759 0.17872953849345133 0.09247547637002357 0.10649458373869874 0.021491050755246925 0.22180535408962304 0.13026405160873325 0.08150885524003834 0.02972182772331939 0.05561722857751825 0.003806778269468786 0.050619391024189116 0.014867912255022276 0.05124300236421759 0.05655508438100899 0.056014540454955776 0.004910827645166516 0.05113299001227403 0.10231888629578961 0.05035849711630564 0.08432087923032215 0.4130845826319629 0.23915406021324634 0.07247735894467218 0.04668287294660884 0.08957306714838664 0.10837468423240589 0.06509060104117714 0.12776236853720724 0.07080811524502388 0.24049457798518206 0.014862299432102108 0.053940603557210955 0.10663114160893827 0.2474951469026871 0.004385091156010566 0.001414337990211094 0.051619579431267854 0.12564326200241646 0.02697687546725133 0.1976339037012088 0.27915902597113923 0.033542563934711084 0.37372125908632586 0.29145378686093665 0.13865281681679273 0.11003140976994258 0.028995053686498816 0.1802478781557732 0.13698739216531608 0.03993711125252843 0.0015288219393770025 0.07703206676424731 0.1312709261808909 0.16558345958486265 0.21403109170972467 0.151407160767643 0.10158803588435716 0.18479407555731653 0.13376199006139414 0.032752221417442294 0.20894492537607284 0.305069132485449 0.22989081303157333 0.2064956220899336 0.08710073457185465 0.09003479756514124 0.04515869521764802 0.24634356359950424 0.14037612508265906 0.005847296298218102 0.04361267306655315 0.10391780389662764 0.061305054551842306 0.015378224133729626 0.2348602318695028 0.0005632953804549299 0.0578021094137882 0.06062226226839507 0.05719675063074046 0.23245924030228954 0.05964815846557974 0.02127559033609259 0.03793438540261079 0.07508132419649564 0.07551012840465078 0.014048733991302579 0.00010961640307764013 0.04547728886413631 0.04578072956040117 0.007996769204542556 0.07811608321034216 0.23405334914760687 0.1543837695616925 0.10148419972031006 0.08301462251854153 0.024838474013938676 0.014124750215611478 0.1058000582516703 0.1448807362362139 0.027722834857280526 0.24831952210409122 0.04981002313210354 0.05977068158570923 0.0037364575772249322
0.3817614159029295 0.32055097684824285 0.3269478142899258 0.4245411749298727 0.499840838029161 0.6459530288979427 0.5282246000973481 0.3456320012661723 0.311511428111319 0.24522453579957476 0.4195242313412033 0.05242351771538164 0.41226427614979366 0.09576154252588154 0.0372355077134495 0.2770864055574375 0.46949832591100893 0.27831139954827433 0.5700859464766498 0.5835261968577634 0.46698919451881094 0.3666640271613366 0.3187114771785403 0.017291303846360063 0.09499944287434309 0.01463492690799834 0.16889206627488895 0.30457015265553317 0.08209682309317827 0.2154942921394407 0.10062617571199314 0.0704103876679151 0.128252359833302 0.10813691615932888 0.03919901106276017 0.22815683753359428 0.09225267323937968 0.051875747644212544 0.13881372198057856 0.18655830140830917 0.12322514179429815 0.08729542921432622 0.059891850688874634 0.05196500129925832 0.19640882382335514 0.1334693712206585 0.2849480384485387 NaN 0.3641030396835812 0.07198782202094356 0.37235884598135544 0.3181997560057308 0.3629253835329484 0.06353319932253376 0.02543376846290692 0.07126212884254439 0.06984970361725193 0.01262296131915248 0.0832250594051436 0.06774540615288834 0.005584071473898347 0.03794071069639773 0.024317599453468307 0.07941479720389512 0.01028006845890259 0.29035785437702466 0.1900837322328483 0.1454145156943345 0.0669779949118476 0.013426501667784602 0.07195216411640294 0.03707527395156033 0.20450132810188948 0.09797117220434925 0.10450983217031257 0.20722559345287206 0.19595871979108023 0.0869971135970198 0.2801676163498785 0.10939402411336596 0.4181458244259362 0.01333415830344674 0.14400727740133076 0.04609498664693447 0.006814100268529704 0.13977688278435935 0.12032737347686168 0.06785557378163902 0.12091440401760854 0.026418954749096214 0.07965368347444163 0.017285138121900953 0.0496477619280508 0.14362691618344836 0.37150300395714014 0.16030912291895116 0.051339878552323026 0.042927967663427415 0.11340840257046493 0.19894677043576214 0.08307491127113693 0.16637098351163632 0.04333219376714155 0.09637185418404202 0.010568258456341692 0.08155136079106273 0.0945441379546455 0.08020145798699764 0.005807575246523927 0.06837892973616946 0.016526771068656815 0.00994474071009771 0.06985099982159033 0.05046780069281793 0.07086982531391679 0.06939792587989532 0.1074125373837599 0.043741277132052774 0.0047268174499038584 0.020063827535891983 0.25582498993279706 0.08418762442297953 0.024814849931159663 0.046627350486740174 0.005950966470951898 0.015779367180672126 0.005004319098010166 0.04163453431305229 0.07916609653735655 0.09779323482839039 0.09704831335876796 0.029331447707292457 0.12920354425359998 0.08201782672434446 0.0437045474563082 0.0424875861042594 0.13644623542952886 0.40618252047538306 0.23810385657974623 0.38917054253736194 0.32110969483649165 0.08922942727925455 0.081088193768696 0.0235986076593277 0.1359097784240986 0.06130649971550731 0.08117656638353146 0.16773978270823323 0.020092775602438127 0.23961935538661625 0.0670664069772725 0.24425615541090856 0.24387077708680405 0.32287673784542287 0.032233345613713764 0.3813101282215975 0.2752441485735197 0.582248834596106 0.4244143775323956 0.27535038976803844 0.08246251969193318 0.1224797618426611 0.27107894529746146 0.11994837787801418 0.07638976478561693 0.05659234583595219 0.002608636754923379 0.12705177440846596 0.023322086733907125 0.2596499393089833 0.10225870486662766 0.12445275605932417 0.06118746504433815 0.05979855485043569 0.14127638734545472 0.0102451107907041 0.06126732021057665 0.019018982385188295 0.07674413328628679 0.0642836615845264 0.3576862941452095 0.44052495048221574 0.3367070508307899 0.3058927035281346 0.35324380743239403 0.6023066269337174 0.4736983538007915 0.34014544715141326 0.43716342741107156 0.3980490341627544 0.3617785134811716 0.10049941720838779 0.35857554821816096 0.03155758888464107 0.10954620203790984 0.43372542357802457 0.3942787039963637 0.308705202099549 0.5695196878439012 0.44940090693102236 0.4989757885489566 0.4107601168122751 0.31656115447548533 0.07976532832785328 0.0827834153453228 0.11567104619745318 0.13293572651554533 0.10141774451374418 0.10364082853379115 0.12559997439020992 0.07209261440527294 0.01931899877650124 0.047618003924825764 0.05334425322772989 0.0719882308933585 0.30675465515390854 0.15735219809126652 0.013753368174841567 0.08816216616944593 0.21621696734355067 0.029635085921671973 0.1824453480329286 0.08063803173772256 0.05001777775475612 0.12887342031866322 0.0033791483623217067 0.18524791423573528 0.5258769859853586 0.24414383010276425 0.010547960729234994 0.38310398260867556 0.2646594313083127 0.3804160506903363 0.18531771407219108 0.06758953402390502 0.1182475225869901 0.0671587626938598 0.07578953239578595 0.12036400391334535 0.14437231236836845 0.07495741534896748 0.05708688757803008 0.1359178299089135 0.11162272258739155 0.07713749599701922 0.08392829751649154 0.07555629984372803 0.06319535569234681 0.11498418346010525 0.15625551182633668 0.04238761711049149 0.03137437593018123 0.10858574265351716 0.07573595803237666 0.08571288940480086 0.11816053169294034 0.03417795229744419 0.08238526980119995 0.04370116337082476 0.06423343065061868 0.24591660955032335 0.04444859458195883 0.06263421912034697 0.10922946635886346 0.02848777425501289 0.10076583887899343 0.09759485367552212 0.037522440107647194 0.07166078279130739 0.2117590337706599 0.11167739819787899 0.036185202651352964 0.04409654069598889 0.04042596857443343 0.27103119343180265 0.041648844789190696 0.10414935211564345 0.11884961899933855 0.10658544536412956 0.15411397704190424 0.09883690398119675 0.15835829182946945 0.11834193866733556 0.04560132793254044 0.13942079705333493 0.07721230447207432 0.1593283919153253 0.11173591538920809 0.04436655777142771 0.059121175200800555 0.06140445891130928 0.045354435136761184 0.11728396573705088 0.0010221345072581685 0.05012722982633877 0.06360533272826673 0.05900185146675692 0.02985204849593792 0.04514702011385721 0.04614111603353029 0.21273582561163315 0.027926457722112948 0.023593207246942943 0.20690850532140603 0.01914396203923299 0.1052583248162944 0.0698389000263538 0.02220426455502915 0.08201618801996327 0.01444306845798429 0.023353742185336496 0.04163852959611328 0.06222850835487178 0.04014978513166953 0.09986364877728408 0.10735903822829193 0.07115181657299871 0.41232214178468846 0.09623398918333022 0.08392859002944057 0.1594992928400808 0.2034978395681383 0.10172681744819702 0.0728206607350486 0.046242437479559535 0.24938675940827718 0.01293720915510346 0.1940073472472226 0.21835411192849527 0.00558516992363919 0.036871707436757405 0.15939229541660865 0.29741639691871513 0.2718555360495295 0.034140522731106626 0.27840210390597897 0.33961073831430916 0.5132622126897051 0.31742413084667936 0.21710238873465565 0.03080868637611667 0.01961505496408957 0.3484396758425941 0.08769703546550386 0.10073447810426063 0.012454867154541268 0.025349248272897244 0.06908047570267042 0.07643009607919503 0.21253558176533638 0.011677123033723619 0.1330418811637255 0.1468321037599349 0.10076800121526719 0.06658913460075366 0.0705809049370727 0.08082602580312469 0.05563892257446161 0.06533421448996976 0.018220292435628463 0.03555792260626874 0.07021998504375816 0.13425090912090462 0.04890534864200244 0.03317846313971147 0.009551349504956366 0.07942692852742551 0.02945765655500193 0.08846090611959818 0.05152282465278117 0.11954379273203246 0.09935759717021732 0.04825193496343567 0.08414384089060306 0.004979678772495896 0.09289149376966005 0.012549349191932903 0.04851337405403743 0.08626919607791182
0.11168771995352103 0.12242753369427321 0.22091319399577758 0.17252696874119586 0.1653482463889147 0.27042376658522355 0.19669453921382565 0.2462502336218045 0.1919220422273831 0.09299648527813266 0.19805159785423465 0.09770377716052861 0.22661599379516476 0.01719228623190958 0.043983919025113886 0.21646101000427106 0.34571207124057896 0.16747401428060682 0.27462904643089153 0.2568723003108743 0.24630584457541538 0.18863171457683878 0.1465557798446238 0.06903273924339677 0.022454513899525432 0.0009555680832988904 0.07616867424961736 0.1480719619580815 0.03827125279467712 0.10658280389654544 0.11886676188141408 0.05629102549765514 0.08886911424315169 0.04614629171133947 0.02823700573636316 0.13397118295029592 0.12586169189752938 0.012240019327107648 0.13645855577377478 0.16837694094919783 0.055746781086756514 0.06805977065500979 0.02051207612163686 0.023272335836785354 0.09502293690314062 0.08061634986924687 0.2627785554876008 0.3641030396835812 NaN 0.10913368634344679 0.22235578583375248 0.22284174176267682 0.2241092317716907 0.14562424501645047 0.11421509870881592 0.09329344036822654 0.045814758143543584 0.007975725685096325 0.05302018794675785 0.08015588045261374 0.023790483298176724 0.019193521780403136 0.05028716340924321 0.07779925165243612 0.0014930589128217876 0.1251544410031467 0.10633424382342899 0.1627251724076399 0.0669669963776721 0.06135557182545749 0.06847179868493622 0.04842662844344611 0.11008405631543512 0.043553502983731986 0.09039942063038205 0.09302734311951841 0.09657531800535785 0.059947704929248564 0.15525158259772268 0.08830010067200066 0.23130848917584565 0.0012794999252324724 0.10518037481420447 0.040523132994040666 0.03799233679442577 0.0284735729970985 0.09323450840416846 0.046466598248491926 0.09211859383605138 0.015188682939164653 0.07814849508236342 0.03224267245068755 0.0219278599567654 0.02030538875071625 0.1925141587934865 0.19575711013220282 0.04912656410766995 0.11197087193181077 0.03621495173371949 0.09037067088184587 0.08227487559529968 0.041396657847741714 0.011071017043015488 0.05028588465342412 0.056498183873334364 0.049496726610930214 0.1210446205155753 0.004483660069992844 0.031232003037205216 0.03894181777481464 0.05799447116379939 0.017905404995918108 0.012038661548207572 0.02157000248297356 0.019541928067891463 0.12015512847225333 0.1283719015965857 0.007609732443992849 0.029291562566032263 0.05688215889977783 0.10107488571759053 0.01644559012448268 0.018604276493787424 0.03625105736506747 0.07970807869933383 0.06995023570444447 0.03880233016593935 0.009179845945537614 0.09292247705909573 0.055813365828719826 0.01004674289291604 0.04577771369874186 0.059013475230276176 0.10306620559537083 0.013823447552904997 0.017384833640524826 0.04946661933883436 0.2335265047632567 0.07405571424456239 0.18095524085605677 0.2055369961532332 0.08215349119857965 0.0855850869668269 0.004817636022210594 0.06360978367515344 0.0642328844299935 0.06272488946567492 0.10140446196526688 0.046274310736258914 0.1364988049412853 0.06712059762075244 0.2004408945999236 0.24149163509049223 0.0655078091447787 0.04587880375589666 0.18872399726184283 0.18638654879152328 0.2440007870308667 0.22657756572333407 0.26175487531283725 0.015178984927315502 0.11228922910314348 0.1474192874074448 0.028792030956188933 0.035997030810951465 0.01115549019499029 0.021669493754684646 0.10384904040802846 0.043376180713449994 0.10654070261972065 0.09079983106553392 0.05308982996182255 0.00534988021698266 0.017558775361577912 0.07305072255905957 0.02781972045553991 0.024863071065339148 0.009464513829493903 0.027684358332993982 0.0325855291234705 0.09302068164807356 0.20187096769355184 0.1674736992991151 0.11366993912448656 0.13629876787682674 0.23030393518352568 0.1746660773937026 0.23731180798271473 0.23096093720405522 0.15789241220912228 0.146964466516636 0.1265774073463299 0.21042306728137508 0.0018563181377373177 0.09169038553933428 0.24429767198537203 0.26351533224149304 0.18161389161244493 0.22746583267049927 0.2399771015967682 0.21942787715861672 0.20574963508661057 0.17798433975042607 0.018404603311890023 0.02187098101740068 0.06036869776027779 0.06703938757572717 0.015336447224593612 0.15599056297923442 0.11264196406794763 0.19040607051597555 3.951914804043287e-05 0.12625304643074037 0.017884571360975748 0.11521464899252626 0.21557851396885114 0.07857856559600843 0.03180882824191875 0.09132603134570677 0.21489446088845104 0.04144226432490392 0.021624946536419613 0.04799749292847076 0.08010200360566855 0.07274118130220421 0.17044277054646748 0.18047385133312846 0.23345855671548468 0.31575359313023443 0.08559884394612381 0.2448926689231348 0.22205385224993085 0.20056620144444956 0.1454013437741406 0.0690934345984529 0.16079837632437444 0.0624362181953443 0.0032186263957790905 0.036655939133160446 0.050763150845632786 0.005543149690150523 0.026938517349064023 0.1024826510881188 0.0006621556785494069 0.01576742700573401 0.09249328879840726 0.058853058942868526 0.1800613295962009 0.02470860545101643 0.030840641310875477 0.12189736205467286 0.1355075962147112 0.11781327857847118 0.028471258470413714 0.08807371758161141 0.017606105780374515 0.016723799227839262 0.03992733069734968 0.07970652984487811 0.06325851813330197 0.10555952267270094 0.06800012563231753 0.10128755320216858 0.06518538952571239 0.0031157349103702126 0.05369691893807518 0.12794299772438048 0.0007951082496189492 0.002455833545573796 0.07239572518516432 0.03281798574602662 0.008506419810956768 0.02309609643066224 0.0431795904440307 0.05631523811342171 0.18736087726562578 0.07966333594517294 0.011566718985477847 0.02583524595374972 0.11426694903513067 0.0861488112657574 0.0708741527128408 0.01625788526371194 0.0037606323683304806 0.09796208426977727 0.012528300879148642 0.08442222835193892 0.026775712860779444 0.049375611460896064 0.007681918957472306 0.020933891517048518 0.03165267675574762 0.0021301543322604375 0.08566384006434061 0.008933542389477363 0.13649004789593383 0.13502867438072064 0.021642340706291993 0.04436644797486767 0.014980452640148877 0.1342358358288648 0.011602900229165774 0.0441898657626055 0.11010453015921434 0.03136873670624492 0.06150999134610344 0.04634206892889339 0.016785981429345814 0.05819981450258182 0.013251825437198798 0.05907687887475499 0.030918155460430842 0.07619688448436264 0.0007094367652038256 0.07745389622652976 0.09422983835124091 0.081390449101391 0.2967315190370522 0.06213728843258703 0.07464820060810816 0.10695301281505559 0.16220662193844887 0.08965762714683935 0.06290613733896207 0.011648529619433365 0.20997872914231666 0.05679961918239902 0.05071142929065028 0.09493523114634708 0.07403251442279145 0.052560073658102203 0.12682397645894725 0.2078446547943178 0.08651463009053072 0.010131455875389168 0.03765539124277638 0.1994398727369554 0.2701760490755758 0.2496770480336868 0.09595718746496198 0.027526704266326057 0.07249722840005876 0.15961878371052693 0.005588144434248203 0.00821814707401431 0.022223608787216784 0.050012846338008156 0.02833863983283783 0.02076178792625507 0.18928351900217633 0.01359266888423623 0.0009136131533653118 0.04070300797106752 0.018301880050534337 0.09940816211883889 0.006605344888525373 0.011998782891738146 0.06528528449806871 0.018388190817632634 0.05996754892336983 0.012294525264575713 0.049203658971786766 0.10928754241855233 0.029744978351582296 0.009044050041339163 0.05754849992144687 0.07669949035277085 0.010518176296885517 0.03344551352503155 0.06181427613128627 0.051511125991220506 0.041247733759892095 0.0463529632238714 0.020993896631081484 0.03703910618541743 0.08531590866645514 0.03703751168318824 0.07578243112231926 0.04335273308149521
0.28500555841842173 0.041735614025354965 0.10678062628669135 0.24817684986765856 0.3175921829023291 0.15552568194326025 0.007095210287385191 0.25566818343449216 0.09968190907534692 0.07322092301568198 0.21994489665600647 0.34675765246007934 0.25884741124672356 0.13263826401540424 0.0003279992566645582 0.1078945004751041 0.14962779783688226 0.12181824222331444 0.2212266901604369 0.10605581261261325 0.05521758599909567 0.14189417987935599 0.07568475713269919 0.20257160695688284 0.06918427750469232 0.09705749865619598 0.21587338900749492 0.07812014605632044 0.023794830707759115 0.016640598506018733 0.05889978425965769 0.10851990486869759 0.0795860435783269 0.006069956321316948 0.15057835759588958 0.002354831124522796 0.010072491310802109 0.12454589326953518 0.034521879600659444 0.18709613995146007 0.0604389512218225 0.17647596256343798 0.006480641251654042 0.033387102242445094 0.2103141746794451 0.31319026635845226 0.24890333470515244 0.07198782202094356 0.10913368634344679 NaN 0.14804861632652158 0.13757635585369912 0.11786291720998925 0.34539105546592175 0.23837491894601134 0.3436215503701087 0.05879868748866816 0.09922450260072134 0.1938411481967471 0.19069927319031008 0.011718019069986993 0.08239212424697263 0.04843572623894089 0.03753790853465194 0.054420902560030626 0.08529919592203042 0.04012663947425987 0.12590603540234702 0.04237055490973047 0.05432525467785293 0.07978999496074923 0.149280166133672 0.07624081738781427 0.012430340158697893 0.13090276818952676 0.09387685765613245 0.0531756275825153 0.2232633903056461 0.12232998569584161 0.2938844847153533 0.10958817902591976 0.09888650299529474 0.2084932980036712 0.07586602165496607 0.06695291892157272 0.13212058131072826 0.0205896824755931 0.08854152564160613 0.04109498943841737 0.07176914249619605 0.01091884497610739 0.022187114200012098 0.011055138185402458 0.05991867937812279 0.19275115479240948 0.36589801226914287 0.0783513774759979 0.08454934893417566 0.13714964584557393 0.06354887026862942 0.0528528948882869 0.16561266753993428 0.052529945955252455 0.1530695195334903 0.1708677357431754 0.01252571416581771 0.0642376417882126 0.01893149987266167 0.023574429644085813 0.034642083681829534 0.0352896959910287 0.036690783220061134 0.006353120106520988 0.09871373511147306 0.07850652094613882 0.5149433903612864 0.561663721175946 0.08322687471443398 0.011183319505746305 0.03996318445194232 0.08724672513152118 0.0631090195195352 0.004618498129370425 0.2074513716100509 0.15875909481504633 0.005023235851361073 0.014424403862634778 0.0019259110877484211 0.14283959129783858 0.1908311277217025 0.10901965082993276 0.08250867244267181 0.16695111935729842 0.009387805909630757 0.0403159668914811 0.17830785448166678 0.45811315985688256 0.3420931360483086 0.08036227764704736 0.07937960652798866 0.013703051581471492 0.028586936078215625 0.11651432800878977 0.170006219799713 0.2025321406598222 0.29809859471246436 0.03547285749873147 0.1477958184360746 0.06618672352344626 0.03369840146318398 0.06881742893298523 0.021522834101497423 0.020278017786436262 0.01668897044086884 0.014202785873421829 0.008277626095221872 0.27304659613129073 0.0035572216491031087 0.01795492633203479 0.029188058545017395 0.23182399757101887 0.005999208950037768 0.10919521575073703 0.04198889382400547 0.0427988384467072 0.09382057435306139 0.13044427117805274 0.0034713609898648877 0.14838263093852264 0.009056397858339105 0.05347246231148319 0.05642328643389958 0.1297647128587422 0.27327034572227943 0.03645180283857587 0.08705036069678444 0.0563517871529287 0.03168622673025824 0.16002028968016133 0.16012006937680848 0.2778812223419277 0.061937247054341234 0.15162858305379198 0.23446097693697396 0.27068974571541027 0.17718351493315435 0.04781162834465856 0.16202197824827416 0.07606152843705341 0.07184660415394785 0.1001435641388435 0.2660547921095766 0.2075609630518753 0.07218624004200716 0.09493731055093302 0.06768491046861183 0.1375585469742375 0.20559766890188552 0.2277784542537526 0.03577023583976872 0.06337824585486042 0.09983386062146912 0.03494646359732803 0.17221945616181983 0.0620744205870122 0.22232348485307923 0.19601194076468417 0.24485625604451494 0.12316817868144878 0.06577982906987098 0.016080068613135958 0.039410462826627836 0.012052671022853241 0.007047999551224326 0.013627668446999726 0.017565861876472404 0.0023334304135726736 0.06980277936173404 0.005074189986949256 0.22642437031215917 0.05175580859559466 0.19314270721693919 0.19402365414883332 0.1557482131834432 0.2380571516938645 0.3309231496054521 0.3438979929321153 0.12941243543911674 0.12131631956347264 0.5959672209242157 0.08932211983157992 0.07345052385458405 0.04963444977927059 0.20631894834161868 0.1592127874574266 0.1404531391932317 0.06354856641568578 0.10187217998802509 0.09171131641160488 0.031636977345075014 0.003063146858327396 0.0053203222732556964 0.06634699251742751 0.05346298708105137 0.011187518883837434 0.04890207366832573 0.12900114913340868 0.07963975320471216 0.09025560392431146 0.09754854140255949 0.2090274123560484 0.08586806342069836 0.15646832663606966 0.017843511940000705 0.16010740373166998 0.07111871296468962 0.061863070200417175 0.2819276190467714 0.01655611071229737 0.10989046449701155 0.04807661736265822 0.1866693246127381 0.18240803222241384 0.07958536064606099 0.06511571795883284 0.018473033538534685 0.08735789094226849 0.010632053114837843 0.007978199570701184 0.01845098899914456 0.10488119192221872 0.06672381423059524 0.00667048431523254 0.0381490091865763 0.11293680518136781 0.4168936832347491 0.08010623319507389 0.11489660323505906 0.11032393254706648 0.07829763780691669 0.06463257289717965 0.0386775431422748 0.13209291089660594 0.12192146597738007 0.11309368247946393 0.08377531074294862 0.1954485293275732 0.05322884944048607 0.08588300422281386 0.04115614536086582 0.012620271390374287 0.059822797024232655 0.004753884470777501 0.044949507881306514 0.07213330924135095 0.5221122057137013 0.4795965282827282 0.0021901503135388326 0.014647225908319898 0.06457795981714538 0.05761666959144293 0.06357406782069283 0.06986957399925627 0.13758689675344224 0.17380356340572387 0.03335896652172383 0.06733735156260857 0.07205777983883327 0.17950864110725345 0.07468100941866473 0.05372889748107411 0.07836982134649209 0.08523121880862218 0.046567164540216775 0.15323969801014403 0.29740274312571363 0.3085328590058612 0.3605520440078913 0.18300017629181736 0.17122148130745343 0.013992092330043502 0.08041982178787155 0.0564537447320029 0.1629648358103818 0.19850815355610815 0.08961593923664912 0.040757554560686776 0.17168408807652855 0.07789856078903538 0.14594379234799731 0.08322786408419863 0.10832692885997236 0.0030589575168631553 0.009089269471695485 0.05405815345558548 0.09465783415628053 0.19893957323663583 0.056506542087769215 0.005222711495915585 0.00799977822630691 0.025596760073647876 0.01066690720370873 0.11877075546863405 0.07199301233132473 0.0070226322859341305 0.016959175955530294 0.07644181946538978 0.04108513654878826 0.029338753340701608 0.09132980662406523 0.013859517591500958 0.04049004676323163 0.08964724020698428 0.1491932705550888 0.017510669003506344 0.12462563620323057 0.05619608669029449 0.030686468337473908 0.11096224422522886 0.07905453932536029 0.14547571815408755 0.003278707008144351 0.04523225719842245 0.036080392417998375 0.02412196920831187 0.02927363623466871 0.12648849772170911 0.09551331917964169 0.046067737845488746 0.01684397853030853 0.22551125811492614 0.01663146753567132 0.026420312539551204 0.03165560020786053 0.02054406146570425 0.04927254213735359 0.09672510576619107 0.0787190071456164 0.030606380163964508
0.1424083942832436 0.5186873613626047 0.2981195973030267 0.06125855065481487 0.13143616691701043 0.43952493125453374 0.457360919829669 0.7603250382250936 0.7260180330800002 0.07250151115285539 0.4441685408878484 0.3770432267657991 0.013683647235045544 0.14176830865401735 0.35283053015950194 0.10692071739243998 0.22920824287790142 0.5259649200818022 0.20136515076180114 0.36977037557753895 0.5072182272566356 0.5419285109891999 0.5707602650020229 0.2631426156950613 0.04014953480141591 0.11221111565470611 0.013210730321994338 0.2584061432681823 0.022219550883208695 0.22557367787764707 0.1788890429687172 0.010788905223679411 0.004260454421893749 0.177542263174357 0.04785445739691001 0.3335631621198192 0.10773884552847661 0.12815874668586827 0.31761189483668506 0.5423669296012278 0.27312091838096325 0.03246917243917766 0.03975628421914072 0.08551045825321663 0.19638647492801736 0.003952305410200585 0.5356007507439993 0.37235884598135544 0.22235578583375248 0.14804861632652158 NaN 0.6124261034452557 0.6821489605342258 0.4890150759737195 0.32303961209041354 0.3905724730168023 0.1271726503412724 0.0014290104993927909 0.0848028759017411 0.16050353753976007 0.01555162388200752 0.03991800528117269 0.03352262005648126 0.020304407629070834 0.09455050780193305 0.2641650104015619 0.2564721807241721 0.3011101665757986 0.17533694314257925 0.1979812676136765 0.24156281284759681 0.11143048337241063 0.33761881362333784 0.1776351667090573 0.2243295716201474 0.3468507519771114 0.24939491692252522 0.06101637023514159 0.2901528066477621 0.20455469747036237 0.3948073752087186 0.11057505171065075 0.28088984202288625 0.07738913766079959 0.18143851228693877 0.1712690474871526 0.0473449344643146 0.03264833966177187 0.14992274404534486 0.1544851428448852 0.15587668430474558 0.013291745079901126 0.10142349134580363 0.027244128296344667 0.24810838436407226 0.22585087840464438 0.12643940448796934 0.15132425621857826 0.18200627240974784 0.38733125690489784 0.2044060285366915 0.10393827386651154 0.09506226997787494 0.028366001090643907 0.0861313735865832 0.30303194174212483 0.0613874435873563 0.043068145551583226 0.1356428435694619 0.1777266561407169 0.07343036094427419 0.027409813491249276 0.057319706252301914 0.11933642873711367 0.3021368890575159 0.42748082229597884 0.3301990421250377 0.0542207999090667 0.022520129855349846 0.14612923491141666 0.0936843091035611 0.029015125404196828 0.07904425295111404 0.08631951396285824 0.2508737013570417 0.09994058305954637 0.029311945093231744 0.10228165605923015 0.2949283116991658 0.12436513025998497 0.051574915921458915 0.3152522611344016 0.21190717405301848 0.02587773498200329 0.07491172071674872 0.11003600847979622 0.25573663541478947 0.554781995153196 0.3269610584303107 0.35049976600259447 0.34281133952663817 0.04364335559257621 0.13283735601530025 0.11707476604361278 0.17357205452196015 0.027651906286765126 0.06221905554953715 0.3484459784926645 0.02802186227270395 0.37279572931438476 0.16320693380142584 0.13220503834514102 0.14952613179125315 0.20410349687830723 0.018520295979921435 0.5839501434225303 0.5500433202713052 0.39036763886733494 0.4616485751809245 0.25457771711222205 0.07221623623972293 0.19115471241714366 0.2999579987287609 0.10240393819369122 0.15349859616739842 0.14194480712526092 0.13175189669873913 0.2107528029503558 0.052766015838003416 0.18934372455255022 0.00904960085630041 0.098120739226687 0.05524748085865512 0.11395743066385516 0.22489097232331157 0.1458557753165342 0.03350772110458528 0.005413446109696927 0.18666875381177955 0.15408991737587255 0.13574913373648426 0.3973273154600629 0.20983715285114504 0.10782959266427707 0.01634494177810927 0.2451057442195708 0.2772726171745588 0.677744880980229 0.756403210932886 0.0937470540317022 0.2586609119316981 0.3339484018021356 0.034920254091896315 0.19945977723552702 0.45621644753246865 0.1543409636004024 0.23975568772061231 0.48144724087330854 0.19664832729470136 0.2991175235279875 0.46297530214464355 0.4580332004912085 0.490507822307923 0.27296558454658487 0.016338928006128618 0.08113630705629535 0.023970946057091155 0.18286247706896336 0.05401702865287707 0.18109845459393856 0.0797163768248557 0.022679485055328442 0.056126225971688294 0.14502176431341626 0.1708246293530199 0.3092669091020507 0.08699106463226816 0.2077361433847282 0.24615400617271557 0.5237940535841418 0.08628409410540411 0.008625960635282391 0.08983847502670268 0.023560543545008757 0.15850188363482604 0.03886530126501198 0.4701709310689191 0.24784196219785765 0.2898367429573554 0.024318533015555484 0.6839986470554512 0.48292023007688045 0.5959912782480661 0.439631117282525 0.2984834278881296 0.3229728469985711 0.1371700542144922 0.0453345524750994 0.09995993084204835 0.013442731422809223 0.03539186816956649 0.019635600395481678 0.10557712387949586 0.06208224603393784 0.051941364228899375 0.05938716873622108 0.20746259460823085 0.24992034369527333 0.005523339757784332 0.04404496926648801 0.21032487640273556 0.26458439172753334 0.24524570054778497 0.12080574227938129 0.3229219491380171 0.04222471073172025 0.14790117444728534 0.0487667505172611 0.003101331964737919 0.08426932769806521 0.23183605592038842 0.00010099912305513814 0.15709805742648086 0.04109998525910461 0.15568351304598166 0.13512109711567943 0.2327328066393386 0.05143790280312581 0.13223996331660123 0.24671053196097475 0.06447167674807172 0.1278356901890041 0.007060893595935609 0.07633829167186354 0.10040492664428216 0.11519640885626625 0.08116694404134119 0.05106139850983299 0.1125929460453054 0.2810821245899941 0.20360038149849688 0.11572678050007777 0.06360538241680706 0.05304493302318787 0.007719692150157524 0.08283308043261987 0.0208230413789381 0.151406589066777 0.026779261711207702 0.0543046579934924 0.03722293351923855 0.06644641360155477 0.11030462648986182 0.018791890571273714 0.11404296604805692 0.2885693970162937 0.13448680889208717 0.1167402394539467 0.06525219919484028 0.13116185405078817 0.1395161341459166 0.007999221734297806 0.07037493388419129 0.08233202853990043 0.32346397082475975 0.04700550212112198 0.09095708685057949 0.16810960794303587 0.3174348507921141 0.05410535959872109 0.018670748504957216 0.03034468162369277 0.1013386097488524 0.038001980757825994 0.16192401953959856 0.2731432304366892 0.10174682650987606 0.4424363689146207 0.36876918264687253 0.1416030938361535 0.2214782619969409 0.05805563254616559 0.2618656948780844 0.12718400405955096 0.03300277735827903 0.0812570311721852 0.09192402785327554 0.38272258278081617 0.18814531953663102 0.21215174155097966 0.1220453393847433 0.12952250277659924 0.2924225765499106 0.18088098040352513 0.10907056892636545 0.37426568837994717 0.3334185683076609 0.35878846274838033 0.2746592936108955 0.08013048779729776 0.04598902206735995 0.03094682208284967 0.26596728519787916 0.14058847970739494 0.10971698306323187 0.01316211294490157 0.15775418630415214 0.1154392014565972 0.003949933687240168 0.21462159290369195 0.018490069676944925 0.10379081498200554 0.11633144253806732 0.06106085795818588 0.3359730768020556 0.02596969724757463 0.024213355734448046 0.019575150928504672 0.0360967123190128 0.16412549327682474 0.26833633492330883 0.10119675631452167 0.06327277275395483 0.08173897964063315 0.04250059721698869 0.20156297761072794 0.28399442037109407 0.18034510813261787 0.003071381778024622 0.11160976797676998 0.2728191586062018 0.12040263096447132 0.16709278986564874 0.2761355811775082 0.02519638648861725 0.28682480579555003 0.05197096722204237 0.11528148916753499 0.03994917941332639
0.07601901538391447 0.3672661365524876 0.20523913516842976 0.11051865654295791 0.13538986906916467 0.3294254116338289 0.3662768614487499 0.5167521615129566 0.49914435951795344 0.011477427257098672 0.2644652910011788 0.27342717306236136 0.04757486760755246 0.10344364322242304 0.258619356820582 0.10075744649072112 0.21960567068245884 0.40521435268670264 0.17441401098595574 0.2759758068959334 0.3548977132483076 0.360706176836741 0.43485662603198133 0.1476450311755657 0.07017995292277895 0.004392943190926842 0.002090819179416839 0.14902988145820598 0.003891682949368193 0.18122280573812305 0.10008153009990513 0.04266205710041069 0.028969283806542276 0.17186386580561386 0.0417718083342905 0.21882142247704803 0.16765119815039214 0.09221906279963245 0.2272521984242848 0.36492127045947753 0.24207634977793174 0.13982061716282773 0.059807043150456866 0.06313304158957093 0.1494902004607294 0.03867747959450049 0.47937455836263126 0.3181997560057308 0.22284174176267682 0.13757635585369912 0.6124261034452557 NaN 0.4529606128420837 0.4086960202321591 0.22737364127675402 0.31224476114023714 0.13944843317161035 0.04461993585898845 0.06827036330945588 0.06833738960688039 0.05462198586605569 0.032503781291786125 0.0716408139167757 0.03577621046581673 0.11752480140650964 0.2912672999947941 0.21998487372166267 0.255264436113852 0.0948838769762788 0.14830958179909667 0.15540345288767307 0.035125395370894485 0.24178319531397532 0.09812251216714947 0.17597340419930144 0.2817503518326283 0.21638025822672716 0.0957625985187201 0.20062859555874277 0.10346126506745366 0.31834037359252965 0.0725448675160088 0.14187638014135143 0.06369584301693826 0.09876218412201186 0.17567312600701201 0.03917615144838346 0.052239798182652335 0.21834951584694107 0.11345857449412872 0.10466414140371672 0.00441647790554405 0.07381732228976577 0.019001240916449124 0.1905491519006707 0.23470142411302722 0.054353174197455854 0.12669590859026603 0.1350664485089662 0.28675871570261 0.23911926017064553 0.10977852229636435 0.02548866302834115 0.09413632098781596 0.00923546461055973 0.2236479000391833 0.05946710043814786 0.014531618998143522 0.040350520886774266 0.09699814134087867 0.028369921933230367 0.011535832658704274 0.10245388257569919 0.08271801358064117 0.22686946305901903 0.4104860992759884 0.26741730658469615 0.03157057282275511 0.03455045321465242 0.09807948185461496 0.11046040056932567 0.006165848221036252 0.057615797966531615 0.008337094443386654 0.1509540265291669 0.012020962720960458 0.041939158573118036 0.08834287541901496 0.20682977118129048 0.05043822962218532 0.070942055935566 0.31130117152380726 0.14856848516952323 0.04495571315843023 0.09332330045082558 0.08141385163064915 0.20367419898796532 0.3834849008653871 0.19282755961142975 0.2164921129659057 0.24442892480966139 0.06064085675635482 0.17392881694181628 0.021070926267514674 0.1010472527926905 0.0329675018359144 0.12779403608554138 0.21329599156192872 0.09260346350425033 0.29055789251733183 0.16256783515417325 0.1072427196243977 0.16925978543193293 0.183222442846444 0.00277517707571369 0.40714477367341334 0.4152128910453778 0.25718699422889824 0.2698989783275757 0.22688243418940426 0.0818486877416578 0.159993270061828 0.23914479911403713 0.13704370255934065 0.13330728262829233 0.08145661933226311 0.07093516896983794 0.1488199420901832 0.09354010364198924 0.11308569425443334 0.00368840895938881 0.0993586788266213 0.008468380546969181 0.037560935864238344 0.17889031588135038 0.1381796724352724 0.008319396213477118 0.012502024431979687 0.20472191456143016 0.17663247541781904 0.07737492451996345 0.3186591316589608 0.1405313562190445 0.012056072728310899 0.06621199698147211 0.1941624222313407 0.2218081323308338 0.48519076148839096 0.5267106979169633 0.08537467407543892 0.20940775152924518 0.25653940247508816 0.10672687151839146 0.15599766409238647 0.33279039205541966 0.10379921464478585 0.127055870235673 0.36144689261535207 0.17018917480604653 0.21169048689580952 0.3201709956838362 0.3291134075382393 0.3594320570280567 0.16370320542242187 0.05270275671267866 0.045773231178135344 0.044247450186397336 0.13304406102906802 0.0721215035884508 0.17108304259985294 0.08450753786899658 0.010903351112213674 0.05348277733403792 0.11455781433595974 0.13654139786590952 0.24368246327550128 0.082579368693559 0.15476523449249 0.20390998591614404 0.3963325678149873 0.09289488583524455 0.07238513315215148 0.06067681319932683 0.006584566170066252 0.06461283657447561 0.04205192965802549 0.3588777557601834 0.18558819931640566 0.19361545729595903 0.060570677553945934 0.5213297166083324 0.47264131909162643 0.39096407180370557 0.3273927674160799 0.2339430811991892 0.27443447961810474 0.16764941256806315 0.044782421685680515 0.04961313864979242 0.0027632756592550715 0.05980759032419315 0.01356115598282684 0.15096529223396826 0.0965382848045866 0.10035471097925218 0.10934393519773905 0.16654747634922829 0.18792282266907157 0.044710903317891064 0.02570514153913062 0.18496380308654375 0.20672767024352104 0.13630595421911476 0.04371851592310872 0.25283415862665826 0.014290730997930124 0.1606712865382801 0.07138555745655031 0.008477544071410626 0.04375075416915666 0.14641204003867314 0.01974741713903635 0.11533863763033585 0.023361976935827297 0.16039355428889826 0.14921355426436136 0.14524914565826397 0.013649346470029817 0.10180960199752014 0.2604239846173745 0.05059188999298019 0.10178797526390282 0.018164234624286256 0.06886570355015739 0.04498537543361876 0.12482332029306478 0.0379192670533557 0.06642283597019899 0.09204434694974971 0.27784583557488923 0.15905705445406476 0.15210763445138067 0.05220824535048683 0.04743127874752347 0.0846597477226665 0.1262312597974764 0.019202353435150504 0.09667112509556992 0.07009555705040056 0.08541806018343077 0.0009782941573081136 0.03286123814024186 0.11541632376070846 0.005280581175277912 0.1456656821506686 0.3229679817394095 0.1813276023918911 0.08794400949047691 0.009939344866132023 0.12001174236217574 0.06243952999371023 0.024538382565055153 0.0811791019985889 0.09337968417821693 0.2410717815792397 0.0006312090846560512 0.019676527397236628 0.1176435648635086 0.24036836247326734 0.006277390868659446 0.02559516330700875 0.015273132832040067 0.11430977765825691 0.029705022739767738 0.15276510196633133 0.19924288052968825 0.025580005092928446 0.35093594541984463 0.2599814301924934 0.09027674266909053 0.13566191481381762 0.020815135816285323 0.20303457206980982 0.0790262999902081 0.027128345715782858 0.014071451532683608 0.11923065469847427 0.244676462647694 0.2082676579147771 0.1548697424976829 0.1255797563748954 0.15761674239542417 0.2144073998915584 0.17624511512288626 0.041973303237984975 0.22049596856288362 0.3042263918649951 0.21756858127974157 0.15845272454314618 0.08799189580845838 0.05252609447791299 0.04104102007299126 0.2020703724188236 0.11958162143578768 0.06176950746888341 0.03774476692771192 0.10357074919113812 0.14211251480974116 0.01168095417949612 0.19896317192179425 0.011189206257880294 0.06761103845185173 0.09857685647682206 0.01065832551836473 0.24443805676727173 0.021082719973411754 0.060040979566405646 0.009069377763924824 0.08872081737073965 0.12919784311798663 0.12810761708684887 0.005819543244026859 0.011053401613850813 0.06144357975988742 0.016996994324796948 0.07925487759966247 0.24793268090987527 0.09388176151812203 0.04549898827140294 0.09141239145281317 0.13433199135629417 0.04331697364916676 0.0568633444090981 0.18151625691261536 0.0051967057117495025 0.25239961641495223 0.0537609478487399 0.06104433373916023 0.04872769464947385
0.04570891834428938 0.44165243263892345 0.36044904005885336 0.1570456490814693 0.17914542399267316 0.41815472211729054 0.3484284344590027 0.7384126207866426 0.780517076706853 0.06076753799526144 0.3010181892926171 0.2035521248271143 0.07382771858133233 0.06584532328106252 0.2222823680338764 0.11902077896252031 0.22022493929272763 0.348191670311531 0.2473328589199098 0.33118116525410085 0.45472323952279325 0.3592849366178117 0.4707295422675187 0.05785002288912134 0.09587611704610105 0.0017176466963908133 0.08217530175446155 0.2180425740253346 0.11075778773850345 0.20501798680093586 0.13511204578726216 0.007176164021566428 0.07024064554436585 0.1279662989127497 0.03520458613117189 0.33568898033185335 0.25423108421326096 0.0011272000886819432 0.37701166008753934 0.45446868057204093 0.35012285820658134 0.0714299562517099 0.10764952015362929 0.040175065622657234 0.1095858823079058 0.060665916724358594 0.365533240678027 0.3629253835329484 0.2241092317716907 0.11786291720998925 0.6821489605342258 0.4529606128420837 NaN 0.36072094604862887 0.3072952289238562 0.3246805948365828 0.1132083649383896 0.026078499651843553 0.0026873085459227083 0.01909642133106257 0.026609230226314045 0.07992313037700535 0.01457246183872134 0.06989371174397588 0.03531552418923068 0.2544697030385476 0.21454683080060846 0.191353424675141 0.04846606970549235 0.018279115926713035 0.11897791368215883 0.024025547171460732 0.24688156951488352 0.09368926861984044 0.10372766799062311 0.18599904427047034 0.2081926398977473 0.02021792729478596 0.19552478084517477 0.11362967775656807 0.23460433284020069 0.10680782174503009 0.29737373458080957 0.019630013711802514 0.07912181983246566 0.08180301066901632 0.030175430743347418 0.084270598377783 0.11668736186610351 0.16640172189487873 0.1446080306430785 0.040737697832400256 0.0934780395227254 0.0838901257911216 0.17463367806091035 0.23165687699542845 0.2077547781683827 0.09150714305724683 0.2809268893474852 0.4319417080444708 0.2111122530016533 0.25882822042085263 0.03253646015542552 0.18744754315754564 0.05109833923877844 0.25766660486317594 0.03648203964477839 0.09778426057539025 0.08123684254815494 0.13386982458635796 0.06360538366832776 0.0006847901425662596 0.1396143242139423 0.16209463721096645 0.25600677799725186 0.28864637643343366 0.2751900419742027 0.049778435914244065 0.03484276273932983 0.05237038673636151 0.1756034666315225 0.026106608375763125 0.06593665572632765 0.0037477938515780903 0.061592553873785205 0.02522578386717748 0.041747232439150954 0.025409478424276294 0.14361886660515671 0.07148670134916522 0.10311513717758196 0.15198544973500294 0.1772241302713966 0.07291083385600271 0.030053911201549266 0.0366579410450271 0.25452716255346525 0.36389705646960036 0.2297605028036053 0.37380334002893034 0.2797164734978085 0.07541778809054411 0.0009211692856303999 0.18897155052490835 0.1912114878777998 0.0016445139076750731 0.17821200382860275 0.18094726950987267 0.04259198673000086 0.25396137624067183 0.15526409523730084 0.1185373538821578 0.27969879119262253 0.14231761106389576 0.007444474515816919 0.5084869328157082 0.4060433436419531 0.2990597770403463 0.37567421311021965 0.2757599239236583 0.01703218345886586 0.1838537788687484 0.24047777920819655 0.07065670201085615 0.10785340941492966 0.09082339561419825 0.06689652271850599 0.2442900048964314 0.01949313896562752 0.2225040210403326 0.06613222876871605 0.14487766117046097 0.04606125033869051 0.053783867326555705 0.20482712181558202 0.033020898272428455 0.04122564667169331 0.03204831955150833 0.038084912219339635 0.09020765829891243 0.04296109635003173 0.3942194564015776 0.25091200925373197 0.006687923094944961 0.060252434785627355 0.26806771998219003 0.2482613864594804 0.7092657326260821 0.7820886101063876 0.19512973830810423 0.20993726271397756 0.18733856809465332 0.09614002914975908 0.079290659378254 0.2767161030063976 0.1955306995521992 0.184487497526915 0.30783462269398354 0.22433772718256184 0.23809781461960305 0.422049384788319 0.31488092272178503 0.45488124968172083 0.033468039749262206 0.055257951803977 0.07104236703911165 0.06658266221468438 0.07749880861651717 0.10945083616593972 0.1883097615913862 0.13347649047090335 0.04554796073334957 0.03626182862837757 0.10100764176531547 0.16154161325696503 0.3753189010652248 0.17548557541564264 0.08037007477079348 0.25535793358373216 0.4523272935828319 0.2357090316395057 0.05455907921691643 0.11321656924717298 0.020472106969646135 0.08942728596908646 0.0012580182104292399 0.271769576085901 0.23508659350099836 0.2524832990715133 0.017837287283839535 0.6223355859861371 0.4093316022166491 0.6963389662779736 0.3623543321360586 0.33587576802918157 0.29877354315096705 0.1279046399407882 0.03493900032701687 0.11354683190253421 0.16942632650245146 0.05982388644116353 0.0076884657256858875 0.10251876626794104 0.10922512652492673 0.04849876817851265 0.02493740896682348 0.15697577083362546 0.13671478303637583 0.11006602704387942 0.09759932092581401 0.12182452187248115 0.15521498867136488 0.15483815415192545 0.07881154803244614 0.1500913168678933 0.03197661656782889 0.11584581198717893 0.0318464338828198 0.03488765662231812 0.010957963217901826 0.14516928134621268 0.05098682613266688 0.12481049702235318 0.0340130780392576 0.044748283954538025 0.06589908361941103 0.18011921257388636 0.0030698542174673557 0.07376727090161589 0.2822225174692471 0.15119081315339872 0.06903119091139717 0.0027512061273283215 0.033609089834861855 0.011941245474451594 0.16337695837096786 0.09598600672794659 0.04912912660019838 0.3038803626204888 0.35759029498265865 0.1983431222088034 0.2498936275030937 0.0026694830727034013 0.10079611340174018 0.19919807748177917 0.1461350437530644 0.026092936475602034 0.22260749831356516 0.04614899313973099 0.037732914974122546 0.08169208341578238 0.05944023749283304 0.16332348045470788 0.004222064125397436 0.12511391085738835 0.18517460339528843 0.09948558087105543 0.049420899670899604 0.04948831303350293 0.04532676598561359 0.19902302230738267 0.03420313483486951 0.04543065030095188 0.1794987595754192 0.20468285646417683 0.03916746412981198 0.02163472820079497 0.030711620148112077 0.1909711857503995 0.03036710878969594 0.09480019066800631 0.010872761873202914 0.08208435224641157 0.09292024534210179 0.08053912317702018 0.10770493770699174 0.050191781121498684 0.30870174971276304 0.258290796662994 0.08523122071421015 0.19564866191190905 0.10913269894188796 0.12855382811892851 0.06516033617262788 0.05115464863683994 0.1619158526493398 0.16633596717215698 0.30989238288384974 0.12221836220914124 0.1354098262511742 0.13028856190580745 0.0456483479676134 0.2880831928988049 0.2458982649161015 0.04390364779797846 0.330615892556682 0.2996008587082801 0.2964008710634019 0.23186709881176293 0.049729487917666196 0.07557441181784884 0.0464594995466482 0.2117147691296666 0.048619195522654556 0.12353636679423481 0.06883665918111405 0.046837942269232886 0.16644294357749922 0.0832123470783479 0.18981222810471052 0.04899911491652142 0.16005521584155394 0.15008106418896647 0.10855775211416642 0.2518732164321875 0.017310979258052247 0.05251842201024188 0.011422180132837892 0.042506458582007314 0.033123279849102065 0.14179369935779385 0.019245262825493922 0.053162873248075365 0.026784650698573404 0.03158601328479628 0.09745089527899367 0.14673839295715846 0.051612443115479904 0.0487458860217002 0.0556104262496123 0.16254975835138244 0.03235308022974046 0.10462550781657665 0.208214690058823 0.047663668805332855 0.15928838645148594 0.0415688290557953 0.04070201337951777 0.048199744141612155
0.2558360512265497 0.21884279825924133 0.04516460100545125 0.1127456007875905 0.09983814691075235 0.06735905783709276 0.15291871987622258 0.5222444665272797 0.41696960245757364 0.09980813270151458 0.3123667869213583 0.4049332670414514 0.14777581472779291 0.09510900418024228 0.18433964426975946 0.04208390622410681 0.11566473278436248 0.3139431180163937 0.11063866895525354 0.04837374622294419 0.15804038294898673 0.2849160893201735 0.26286531570492594 0.23265231844449755 0.049270840381318515 0.15724323096114903 0.1770056984569988 0.01808738508651524 0.00029762910869426143 0.09509775958807186 0.09702423563135641 0.015026398608013455 0.033063235194584976 0.05969274411183707 0.0746652298774694 0.181649303496069 0.0399063928284822 0.1845684660195609 0.17300607052096612 0.4371473976030372 0.1630694643453706 0.09239749111512159 0.012535453133181617 0.035416719031681684 0.08846271337118723 0.06491009158906332 0.44994515042910577 0.06353319932253376 0.14562424501645047 0.34539105546592175 0.4890150759737195 0.4086960202321591 0.36072094604862887 NaN 0.30139191536379834 0.37728983040974395 0.06285231932702696 0.07711521592514707 0.14313869663854814 0.18109997727324031 0.022505601874600774 0.02666243022939776 0.04055248050522594 0.06823588995906664 0.08858922800167314 0.10765314442523795 0.15626830412517473 0.24993402481274016 0.13516289490789118 0.15765632903851606 0.15552477913347254 0.10867560249084496 0.19872671771445474 0.11453372518960332 0.23884475160009166 0.12393400938794173 0.03681099831175906 0.09868487269095881 0.2258166689408632 0.2200475740874721 0.24662765417557833 0.07596243074886681 0.18565383396532767 0.06572298295622415 0.14889618429317586 0.19971982195676574 0.051845799436621355 0.054266138512345 0.07488404738116601 0.07201334812271533 0.012218127922066009 0.09630779558244479 0.04029732089106146 0.06810715225756647 0.1620578649178143 0.27531528791804494 0.09772165137487893 0.16158920348246844 0.04785917220902895 0.09927999402943218 0.15441799347872914 0.04381687936829822 0.04484565626250254 0.018589878387002975 0.14555648105742747 0.18556945525081667 0.0646398896467652 0.024007700495196262 0.12327902846489786 0.13991063160864328 0.09048817339681502 0.04500746157230742 0.015586850948009202 0.01702331244330347 0.15294514618812752 0.4333471556186104 0.34879520752306253 0.07677426862057667 0.014413956705214108 0.13042506497216808 0.08338906978457854 0.07548805914510402 0.01642271188779387 0.11764152202393267 0.19122706324982675 0.013375589377155028 0.020203562595139408 0.04822163759424067 0.2113673913137447 0.038315049257558645 0.11527846436709409 0.17952700143526568 0.1552230555682921 0.021580155870245095 0.02434491490452665 0.14110365833919575 0.20914340980099536 0.3380793498254346 0.14802608770028844 0.05336467019998964 0.11238646249465349 0.06304442267475456 0.1540959442983699 0.11724206493333782 0.17477588344650608 0.03930627108531605 0.033584370531966466 0.2109060501743263 0.05070417197697141 0.18784696735077144 0.08666500525539154 0.03430519627554027 0.0238452956098758 0.05970557997101958 0.049029154644630375 0.26402282028534635 0.2946408007585942 0.10296025606826881 0.1302371092987041 0.08532489950510061 0.10982029884510937 0.09892516788017737 0.1890043753055035 0.06921835407679956 0.05664530254703462 0.07662330385316883 0.13135975693518837 0.11344805974312448 0.017280032694902525 0.01718598100419065 0.07887756702549707 0.04034785465693325 0.03926057362156485 0.17809967323476378 0.06952172753324164 0.1206879655445106 0.00978719576091514 0.04275726551223745 0.16349598372694743 0.1186551080421268 0.23790420964115186 0.15015464308860127 0.007350476517473781 0.18491321975080166 0.1499582182313235 0.05690397610891989 0.07276963688578589 0.41497041132198564 0.40204699489009277 0.02002273141422002 0.212166412799009 0.3635451697886485 0.08048682767022367 0.1775714113859338 0.277842042422451 0.04022724946530491 0.08229674343155445 0.27357030963528656 0.05275119748159664 0.030844031664990872 0.1209935212429058 0.23497501802692491 0.1693285924051579 0.2336411613176052 0.11759448889452083 0.19666554563366093 0.09958219943373632 0.21759093539243798 0.05474263225429183 0.06257413738802632 0.003074928001525757 0.006442865711757488 0.03678054254539993 0.13640973721153757 0.07470905656569504 0.09846694190199808 0.026545144020297548 0.20434950363549426 0.19084703921384039 0.41168840353301706 0.10321888738361504 0.04538013184907353 0.12586478029426662 0.04323699969270829 0.009857031205143056 0.02823161757336718 0.4034683539922332 0.03289124364499907 0.15689399032590398 0.17057840714670516 0.42606187766596043 0.3509857528002076 0.2677818864382551 0.38381155874438305 0.2621279783677771 0.3065141817559549 0.13818003233006135 0.04173045094730411 0.0960197808397626 0.00673319636727122 0.034939500690850084 0.06567391849938836 0.0634446641799901 0.07994688291549826 0.06798677716002158 0.10578971294026603 0.1437095650453894 0.14883763210873943 0.06461984364866032 0.09544177140888153 0.2597310959759883 0.20929882920703616 0.18885723926196615 0.12192315573300855 0.314825923133701 0.1105146271376 0.003180524714306729 0.17060481956191859 0.02586868603366113 0.08426273916586126 0.13845387421559424 0.08142596001925796 0.14030071924121473 0.03180621697510542 0.09075688491352712 0.026214790620965118 0.188614507393716 0.01554705113855788 0.08144322403033435 0.08074336390693218 0.020000066147130895 0.1259635987881805 0.06235778742888726 0.029349715009998768 0.03426086452101977 0.20861814630426415 0.06092906829672288 0.07380114564643998 0.038518997794141696 0.19081537406041643 0.09867481418668754 0.0026913969077907787 0.062372169380411124 0.11553638594981733 0.08480101235545402 0.005827866500629565 0.10471637899888799 0.06689231941905477 0.05699098951513547 0.020343486880325085 0.031482816688001 0.0658301517922491 0.08337237574599547 0.1025854208658426 0.11384263440389258 0.3692006725897754 0.20416134005083522 0.047158040369515375 0.01534781826694841 0.15063732158928092 0.04001858938774678 0.006052144753237401 0.12549377761860325 0.008724893200424745 0.25097983519764816 0.009026432997692582 0.052214189190908186 0.11432258349173212 0.2428888498370765 0.015033809016397528 0.01614899419227482 0.03751642692404423 0.07238958765723391 0.0022328548436481893 0.12134935556898882 0.23623534906100435 0.0020744736504327357 0.2678988770366145 0.23369512613376028 0.10232509597470932 0.08688037761049205 0.1047665131586831 0.21240307268879385 0.015914633408988566 0.0821726817147471 0.021995550555000225 0.05804093595657115 0.13474680824484198 0.11658970276958616 0.14034281136834806 0.06031682043388978 0.06306827879564744 0.08618303310592493 0.022246767224339322 0.06999465427217734 0.10135712757013358 0.19872872365465702 0.0850982603300992 0.04464735331372865 0.008760358375006045 0.04336462279093022 0.05791723605908351 0.09072446933494689 0.0705216228435268 0.037751526895203676 0.020005558816035555 0.12487951123075441 0.010470516324697756 0.019880339188497978 0.13479189501908845 0.002094548228569063 0.025984825196953252 0.03969510986645699 0.08989778599641508 0.1556891388961122 0.1029539152928364 0.00874304536945695 0.012036383028083356 0.023396309819014534 0.08158586624239067 0.08860835411986669 0.07308035097550296 0.016421466139400515 0.04493034965673721 0.023700897224517986 0.07827739469908397 0.251543628493216 0.1429261901028028 0.05036800685833599 0.07344932285439906 0.04435234524496382 0.04364529119095541 0.06084115546241851 0.12834540614696996 0.039395995708697625 0.22144793348718636 0.09627026433333848 0.09544333650209902 0.020149943612239526
0.22193448952023095 0.1033379311770929 0.07060146803633639 0.14293777189928453 0.1501435891833786 0.007680466128937851 0.08324181711697187 0.387082599735395 0.32178230977532213 0.08461845252205964 0.13875103111142928 0.1731321343156279 0.13396294426705424 0.050114934267799144 0.15749856145101482 0.023721344178125502 0.046058291800920324 0.20287898454920605 0.04195149370985359 0.012119118831657652 0.12059134270627551 0.186036716158457 0.11928726887108297 0.12608089134167655 0.03478511956984169 0.08437075078463586 0.06326974754401112 0.03364059123842282 0.0029086956957939027 0.0015731232728975727 0.09097244741642325 0.11838472827149836 0.0334956611757136 0.01717403454158131 0.08704116379508689 0.11655703969209623 0.12166260771615243 0.08796158302036375 0.1611117397747489 0.29876209383255764 0.2293099319868218 0.15970668576728414 0.08697395329881548 0.004027704546081114 0.06831063829108927 0.04629991069034587 0.22985868535491252 0.02543376846290692 0.11421509870881592 0.23837491894601134 0.32303961209041354 0.22737364127675402 0.3072952289238562 0.30139191536379834 NaN 0.221875307634007 0.11980087275270365 0.045075353535206406 0.04423831290799516 0.04225894794580972 0.032992116641256786 0.0340656990826017 0.005203838768715982 0.044653977762794096 0.010625756316369812 0.00798301191085873 0.029942493082537523 0.13977614863437637 0.042527937623768323 0.04656153432522042 0.07638595002080291 0.016582117887957135 0.15069868065248276 0.002899827917592092 0.1041609827589731 0.019627177536890868 0.05390318084850579 0.07218735047006397 0.12635050260942746 0.09730832013882025 0.1265901074581874 0.004743786247211841 0.1605724490041676 0.034519370376906534 0.10391937580430036 0.14082476211748393 0.05544887085207611 0.0038053962768257706 0.033842639603061594 0.060050223401923716 0.035166776623500255 0.01724088090023433 0.032504524386075505 0.1092905285286395 0.06965596809715348 0.24125700920331036 0.07545748731231272 0.05320051495973695 0.14494595871654317 0.2002343667893787 0.15045003453052422 0.04273653547141329 0.00470287593967392 0.041475551452905386 0.03105840817245802 0.20089431651492612 0.05246781276050786 0.004624523020636839 0.10759345372658356 0.06442145229822543 0.0770724888184431 0.02033825053693318 0.0643219154227437 0.028173782815629118 0.0992644744176585 0.21386821733664696 0.17827358213714029 0.04427987699599332 0.001767644123685519 0.08462537894111749 0.016389061334147165 0.0178519260922391 0.029951100100777055 0.003086590054112048 0.14184659773057975 0.03126767798376061 0.029315082382890805 0.05918567117162633 0.09052546407997292 0.009853792698923558 0.030719976817834213 0.09619211369703888 0.11597852955344205 0.0611986698271778 0.014253309597958484 0.028246981490269916 0.1086005585042782 0.19806370947674495 0.0392145407314683 0.0007504864424688416 0.0863841848910075 0.033773208709551486 0.030511813719916455 0.09814421147528538 0.10272628484956661 0.05495943657488817 0.06543575643603966 0.03161541821829211 0.03696314808822077 0.057595172481701346 0.06957672881293452 0.02119369065341947 0.07063200913312098 0.07474250091519388 0.01952848134092959 0.12763852667093342 0.19795729234813245 0.056647635850948834 0.12648719401464553 0.08890702598688553 0.08215839444091985 0.05204034414121835 0.07404851102569675 0.0019395729598588375 0.031562835812330686 0.015455062013137792 0.051532821184046416 0.10187827666754662 0.022723902280734263 0.043379635389059985 0.029728948592445778 0.0048069596341838786 0.007535313145975843 0.02561803598238421 0.14694927642559674 0.11936226350594861 0.050467286664447 0.014547444866190053 0.13995094206631956 0.06836152962975997 0.21104770154941258 0.01773494344864808 0.011400700161147897 0.21053980575907827 0.16079813980504015 0.10846071644554306 0.030561740551186573 0.35733690070215085 0.27435096038145734 0.0356279656721208 0.04052654797155025 0.15037466997855378 0.10325086642740645 0.11608759445834926 0.22597594651645728 0.03551292245572009 0.04429541033076847 0.15458150177417862 0.11493330896894433 0.04328398306751575 0.002649566992362359 0.13927448902407943 0.11399017138343125 0.17052272306430188 0.019007086809063455 0.059166546831582595 0.09360492928558184 0.0839191399502586 0.0009846007405893782 0.008104555027865317 0.04860527815999391 0.12966673646607477 0.05879303344011328 0.018794814130475554 0.044083576020099595 0.09797495461741082 0.08194533320055743 0.10973893442107295 0.11336261819953856 0.2957214701145502 0.11870075291729694 0.16189471537449945 0.09223624401956407 0.03387492710759822 0.05770847917619855 0.022102935760264834 0.17571420928850076 0.08180101239099788 0.07258675147754037 0.07255359051166307 0.26663730499338145 0.22101814243261883 0.22199187963962563 0.23638486522817168 0.3265070505344953 0.16296023331292364 0.08048745214999534 0.036295694629137565 0.055068334552661954 0.011768029490042482 0.025268343919349113 0.02902995326215478 0.02074803594693255 0.001482498137228055 0.00020740661677109547 0.003592571832605423 0.04703450964937041 0.08512499559564479 0.009394273088294403 0.04320090996750564 0.11327517108476805 0.12841446129113163 0.11829251700042108 0.07660134742020411 0.1495009240569206 0.029035465208154015 0.02854214754837341 0.12337639294821152 0.03593811000898043 0.0853663704573926 0.0774976691631932 0.012241042039360286 0.08125277968165455 0.035587531507678176 0.11241846399161073 0.12873468610121033 0.11510743411023511 0.02336295446751402 0.07642494829542368 0.0927211701241034 0.045830917744955506 0.07878891154590259 0.0211456610952116 0.012422979139576216 0.07508833708729398 0.14693002094022697 0.006738324696346415 0.04129186778103803 0.065248435122893 0.13320529597832043 0.09887002782332077 0.022078367548750727 0.0023585525044795596 0.009157563807033572 0.0031882474162155013 0.05276267551279112 0.0072684681075752215 0.026130063203934132 0.013820293690188399 0.033002994913667275 0.018594195451718407 0.04305419260193619 0.08324566894212541 0.013019227526357938 0.08412836132698681 0.2158655134594985 0.09057002152550107 0.044014534913044336 0.00228250366398608 0.04830446320062046 0.01413627165500047 0.0126136342689654 0.05041973850941474 0.08055697671834604 0.17895302442633712 0.03666341720554277 0.03019958430096714 0.012349720862874617 0.11548373104338941 0.016282165053553017 0.03350153039955805 0.04836982182290141 0.04034250132386177 0.03422802237622361 0.07149260196827197 0.06741258622976817 0.030539817110600827 0.09547704554215951 0.13388072412416596 0.026659540062679746 0.08177614827281346 0.027194334493457567 0.06900885157185202 0.015702696241114016 0.018337706090591804 0.0013553144542555998 0.09811268047593016 0.0869722577534284 0.10640091128581886 0.04647728240863443 0.03721441510016277 0.06628929043387272 0.08082885006545379 0.08525859852231661 0.05896103516573892 0.03227158587974796 0.06561544326084974 0.08274262543114236 0.07742191249718974 0.05748324590180634 0.03365575604726733 0.009161135351733673 0.05234212415083142 0.03899540429274985 0.012041068762248919 0.022554084840973834 0.04182373352789535 0.09722149947807793 0.019881984909864224 0.01924275680783674 0.020960894598143792 0.040398254822444565 0.05664549094993298 0.043766126405482955 0.2506615728331803 0.051467848283347786 0.013470894430977046 0.015727826017652748 0.024898378394755536 0.05718821758135524 0.13481665508933646 0.09117787710180732 0.038679607341791176 0.0502798864654437 0.011725662280066223 0.12385933703969138 0.0863295822820519 0.10185776812212326 0.02775816305446398 0.05808261231411804 0.08525233417397585 0.031774089285382584 0.07682766485031313 0.046745244825106634 0.03946682477025309 0.11751452979545918 0.060543271604310674 0.01111926082173913 0.031058999147311885
0.17662113472750537 0.25167356856559636 0.004780654757189346 0.06723951516331649 0.038281085623146985 0.10524752227068265 0.16613739152976845 0.4004377759802222 0.34516414018770275 0.05462012577964347 0.34362129371655514 0.3612123474307102 0.0978366094873011 0.12967989992508766 0.19820442116381742 0.024727044953655932 0.08164786834906235 0.2619835978947305 0.07062921647257751 0.03773948428272903 0.11222345830361395 0.2586945753817997 0.24223104814576135 0.15797782140463948 0.018644979364705046 0.11304460025163243 0.16577472581090413 0.03572717211899458 0.035675181854362505 0.05304312596162876 0.07469852009350718 0.026133931974754852 0.11246719673962167 0.03297855844123235 0.17317142346608302 0.11731338725938978 0.046596718160258684 0.15551525628447935 0.150434657095622 0.28088499787588506 0.16222894299696491 0.06982612601373586 0.1026763846948369 0.0912227962410712 0.058408783288556754 0.0352274406536886 0.30462013540583943 0.07126212884254439 0.09329344036822654 0.3436215503701087 0.3905724730168023 0.31224476114023714 0.3246805948365828 0.37728983040974395 0.221875307634007 NaN 0.055681486838771145 0.0757087397896493 0.10379479742903186 0.09581526921904172 0.0356135568102615 0.03675606413040873 0.013185591108788317 0.008430026218153324 0.05196040787497494 0.015004111618198408 0.05705289823048051 0.19084001075893464 0.12893694162088956 0.14315311197275163 0.16130906845572907 0.08445165799537455 0.13437789408900827 0.06483895848229693 0.1479883176845546 0.03940733840129872 0.027575930312679058 0.18600950027246368 0.17081042094946094 0.1866231981798107 0.13237336604512562 0.02679755035422358 0.11496686550567617 0.008069983322879089 0.0629498604605842 0.11563836726721125 0.01692701571346365 0.0127695974409637 0.04756037780823409 0.08796655768345343 0.012947675951193805 0.051400671892446764 0.08912249835665909 0.06200893820790334 0.09543418241953469 0.25057643922477885 0.068281401191127 0.008746329671999582 0.04781247300798219 0.127477941088304 0.12530057854452825 0.016631715476495442 0.0780121268973994 0.040464241127607055 0.12877339290210607 0.17931096518024275 0.020479564402827968 0.0953867235219967 0.07002373098873645 0.033313839069403245 0.09873112163873594 0.010074197393839685 0.054736926094602706 0.04322596137984095 0.20226906185243693 0.45721902391145924 0.3876793685764674 0.11343993471795386 0.009749313490542408 0.1192068588295911 0.02311591434624439 0.13239014708071256 0.0669884502587283 0.06207252036940557 0.22395647960653836 0.04007269448014005 0.03316195716619964 0.059940418505941596 0.16488877359830084 0.11283417969121247 0.1382581015396542 0.15343248081338878 0.030459183056226278 0.026506280837129432 0.049436162650601044 0.14290092723354972 0.16725038438769987 0.2810773705663089 0.12356285348617745 0.07778918742472928 0.0503059334551433 0.05085512291669085 0.11123718453126302 0.036023570967486596 0.03649046327192169 0.042244829895819666 0.13165489235825828 0.10023641177103404 0.15916042679438805 0.05830891905978815 0.006443593507311822 0.014283031557264913 0.03306552568425304 0.09474429369694018 0.03334306963427647 0.22706717564276274 0.24201083263037068 0.09512360579221109 0.12689682823473783 0.15609049270851932 0.20888919299589837 0.0027811161775001553 0.163080517090016 0.04267284999746103 0.1127589523313254 0.06203863222133287 0.12849921943008333 0.13866950614809911 0.0028542528719048745 0.0016812201781451486 0.12379964389408152 0.014475664176090511 0.07513989066986522 0.09783661513543852 0.09599638358817654 0.10397747243905946 0.01818229506517318 0.06361698832040932 0.10563999523516852 0.15481568197185655 0.17247936563378097 0.13998807063320587 0.0358272329960233 0.14564704271999795 0.08905461640102404 0.005331712124907131 0.08412997121090575 0.34183372488209984 0.31437514450629295 0.025854906677277727 0.1665904087776924 0.2605006707419203 0.11243826803975347 0.17805681842580406 0.2723710451279949 0.02005403489197886 0.0748918307280493 0.21869069631459612 0.007843652596930938 0.0719136126379642 0.16049961001544327 0.1827013025913225 0.17991443870178478 0.16726657585578217 0.07992970790907948 0.13873143910456603 0.1525565269060265 0.23637804510995203 0.03323400511269218 0.03861465403172484 0.027937451426933057 0.008284353950724913 0.03273471673937301 0.04848328325688135 0.016376348279304145 0.056467370053283415 0.03706659488461853 0.17075653085935208 0.12161584873662408 0.340793278406877 0.08514325990414907 0.09426392802292827 0.13792252569864694 0.030191639381230876 0.02257989295535381 0.028158839879815382 0.28586516183891536 0.013523177143321989 0.06981731157712831 0.15821548794818993 0.3017487544395354 0.20775848561063462 0.24232498654878942 0.25918024921249044 0.23372817271625962 0.28870203532988764 0.0664686664503309 0.011284230631666222 0.09175217151010233 0.013404493331955808 0.0228897348071572 0.08036883329233034 0.011118199105150883 0.01618417544113951 0.019630301029489778 0.0819100977859742 0.10880655671084048 0.13451293369120448 0.10793934448609206 0.12351269098491773 0.17929745711015538 0.1275736633958588 0.15640657795159046 0.12277088892784865 0.22421770291802592 0.09350755278694516 0.037503953778244226 0.17564759334038244 0.01375797258347408 0.0782103957254806 0.03806290681221091 0.004102192738382479 0.07975562242546538 0.01646903063991735 0.08290952515424045 0.07137257459016978 0.14532449761800278 0.06810032699386864 0.10317259785230176 0.016737131175246132 0.032827703332069226 0.0847382438253638 0.006750039469486848 0.007921086842182231 0.03208943838419169 0.21916110469034564 0.0021853991776641757 0.04303229724837575 0.01566867299470956 0.17569175465042652 0.07717951650218673 0.01266101860349212 0.09868314047048178 0.06748023459902813 0.06559677038838549 0.036746528922607116 0.10177922371803366 0.0763629932315393 0.024760013934674547 0.024479666869571794 0.07953039503337905 0.029302410442731398 0.031467096250013246 0.03916383967595269 0.11245031490035362 0.30925040042620355 0.18464198344518815 0.04074060673408662 0.00025120707503527626 0.06722684535107774 0.008862192681911027 0.043471161084160555 0.07127127672385425 0.01024943029144171 0.21342339453601744 3.789903306754362e-05 0.04301619649806963 0.06295556900280291 0.18327163944392075 0.05480505780232413 0.039339126200493325 0.06293657727517689 0.00074561205538651 0.04139405213321505 0.11178490335826105 0.16981283173961778 0.010153081120870615 0.2225174366920437 0.23468874251987484 0.10510173513577364 0.050186597432177855 0.04620034716478094 0.2223105424116592 0.08384235934362998 0.04493909338743897 0.020145729118177833 0.1762146107906401 0.12725210498642198 0.139499822504674 0.07530388697045158 0.03602500701198978 0.11241250076436946 0.08129817917913278 0.11373413446228058 0.014267960018509485 0.16123877289418367 0.14718427623474387 0.0754798700000356 0.012167332884352526 0.0425688386567865 0.012172750957679813 0.08575342126803548 0.11281785099741296 0.04213339054662113 0.05552660088822226 0.006865632704884146 0.05956411407110213 0.0005600187705764827 0.021010259336415885 0.09014712756666167 0.04598449469969254 0.021026117813093752 0.04805737123080524 0.09029917097704783 0.09672782563007902 0.04362474943539316 0.035954720328354145 0.03407912332637754 0.011555236112874553 0.07819086259942769 0.0979777817059745 0.0715705281182358 0.01426628080669768 0.016505652314242156 0.03897176060584372 0.14117734557153455 0.15034558632420222 0.13177061207079957 0.05402535918074855 0.13087877438801923 0.05947509258074605 0.13006741835577462 0.04812835989875949 0.0713565976988965 0.06721604067651547 0.12486362898507482 0.08283989432824913 0.04397142772185838 0.024218256780546142
0.1007911241998261 0.06126372217004515 0.1456960437771458 0.16517325268192923 0.08497691388243152 0.13068706952439688 0.14374880260350315 0.14079577720212885 0.09094078602066512 0.109613379464606 0.06443436171211099 0.014795954785146408 0.14857642747983746 0.0666009044077715 0.020656576194288744 0.08411174410546846 0.06117680028944877 0.11710169357141013 0.1720898798216174 0.14959336500101458 0.14173764039779038 0.05316851095023177 0.06760043350416137 0.04082529122375166 0.11352829800619699 0.061879083688401476 0.09484020067625465 0.10807186735679634 0.029459039885887047 0.008766442629741078 0.09924746130529509 0.052129339320420534 0.007121704004960866 0.06178396847939996 0.03243926364335188 0.10731017458063677 0.14489780524121879 0.14645625901112921 0.012913691224631383 0.13113009062269063 0.24576031555576328 0.11688756846423834 0.0937074567825639 0.15471980308127384 0.08888179843510817 0.0055879394569727835 0.11379901758222806 0.06984970361725193 0.045814758143543584 0.05879868748866816 0.1271726503412724 0.13944843317161035 0.1132083649383896 0.06285231932702696 0.11980087275270365 0.055681486838771145 NaN 0.1144897972877126 0.0948569938774127 0.14004451088139921 0.0026140255284398234 0.05023885701062282 0.04310581874169765 0.0812489664084556 0.03111908793077632 0.06601665909749627 0.03682617247619627 0.08397962374825925 0.051327576254004956 0.028039924557207028 0.009777520910651106 0.019881568084600718 0.00664836504647081 0.057420293601986735 0.04134645952031047 0.003023258605810395 0.060087882288626084 0.06540796874400856 0.015404600890633259 0.011596349203178315 0.08820646088529321 0.10150575703198625 0.040845682233458254 0.16308662518652303 0.05602872135816377 0.11124276293235337 0.11863339743834302 0.0008952084975462511 0.049599419228287235 0.04333463224340979 0.03025881217958484 0.02047807414101402 0.015997829574396265 0.03543925045768891 0.002428526945073753 0.11955152758081826 0.056653177299471454 0.05335968694590178 0.14226930505972735 0.14531897884812223 0.1116391343770118 0.08203706831909914 0.023651756517751848 0.011644994318511872 0.00977184977682613 0.07811795935905168 0.03183491662311528 0.09457597029972556 0.016445294776929954 0.05360433785782502 0.028307291145479828 0.04184372599230473 0.08966387222594506 0.06110480570118835 0.08330427272418528 0.07766614157809493 0.05314863115394112 0.03360763131881723 0.002392609891541494 0.034832135639308696 0.11361245366461518 0.04395131672376498 0.0034617480192910273 0.040775455676217084 0.05723327613451764 0.04797557532274748 0.009298642934854304 0.0140184210424896 0.0812171048649054 0.030556224987573443 0.02215958414215589 0.0061441410787866175 0.005046670722533641 0.0263657407082876 0.016603758408326785 0.05780702429657993 0.06186960171162742 0.12307023960160403 0.10131489270117133 0.05856215044829857 0.0849197321565262 0.0998721561300031 0.12040590356518216 0.04372237330823825 0.009114492042817869 0.038685611174072904 0.051941887904176545 0.1458453031650409 0.10626250091030341 0.053831907911907666 0.0176264480162942 0.03792619370955891 0.10206440540932811 0.05837540001074794 0.017207327274987784 0.07818934314073227 0.09801971963111013 0.15145659583784168 0.1640150992927061 0.08528585503563792 0.04262847129965688 0.1137008127204855 0.13153429195996585 0.017375461910611022 0.06769886418975127 0.047323386815573805 0.04674640260049712 0.007442099484097235 0.06706707238866527 0.040385478342360275 0.09233954620680651 0.07263053246243026 0.07104668423844462 0.0954245248287542 0.09392438537333275 0.00319676682690708 0.016047372400373308 0.049799625671091925 0.07977218307172224 0.10494176087203931 0.08097191457549396 0.11086594801136705 0.17066908078334497 0.1296949196147595 0.09050626633199194 0.13286911052756023 0.11957299931700102 0.14374799330825014 0.15630010519935275 0.1456352501308971 0.006124104912363792 0.05734645411149369 0.09476427084553349 0.01179856097262308 0.04531438658739739 0.11232030028501322 0.019994928973321408 0.11429162985421525 0.060345010986319565 0.1480451179995572 0.10912737996281041 0.10657023509256225 0.08901709517364746 0.06221005386294153 0.0006441159283038195 0.013758531579968168 0.1508568402892552 0.09068949095698657 0.07911981786096768 0.05434920700965554 0.05409436616074105 0.015798266141273082 0.010683941581465645 0.01861649548834979 0.019604441306689403 0.1641004427409098 0.10278648075024391 0.10295081831969588 0.09478658350241798 0.1316961390136394 0.1315466709480312 0.05339140722348861 0.22912478549297027 0.1349537735978687 0.07319533429174976 0.10857857610617094 0.060120537307227814 0.09796907993644459 0.08202577613103787 0.04283482389676269 0.11668815105150235 0.08990503332277083 0.13043099979542278 0.100121885637193 0.09465797983249732 0.08671554744032878 0.06940790523305101 0.09576099252984199 0.1365591683631921 0.13345248836282675 0.012065481079900556 0.06090085508817924 0.03417775386718138 0.03698377583909622 0.024819673640888256 0.028419514710325663 0.014212603328970057 0.05021958869749627 0.0035328813468736868 0.037395224576717664 0.016420657443271265 0.031225580733349797 0.04954080942062634 0.031702187193507356 0.01598719663823525 0.05330608155064797 0.05124231685840332 0.09681636907095954 0.026444517240535315 0.01529733405956918 0.09998538603626489 0.057153482753954044 0.08663825983617394 0.1627764764625183 0.04533302795419825 0.05669408541080357 0.010634257802285529 0.041424201740673516 0.009392967712840587 0.018669319277091156 0.0063448473741881655 0.060482216920828245 0.03951274614121994 0.04449136719162302 0.06486979759875719 0.16393779604966893 0.10103363075275668 0.01165218661155885 0.08745471443636017 0.12704837450805645 0.055460419537778964 0.06836611779364 0.09613400648431399 0.10224182819857869 0.06389976280028996 0.026943694840015256 0.11405837986220833 0.13780441241830255 0.07730880982080414 0.046052579686236446 0.019012421184967536 0.019709748078770833 0.08717245279530611 0.015113250626352636 0.03655622476943041 0.092702601079281 0.11165446009219777 0.02800024615811806 0.038438289119995764 0.003911835485001291 0.08977329093808377 0.0033942026250806294 0.008210977987197013 0.1493117015447693 0.013918277205045139 0.005694702119463127 0.12277646209862914 0.02716599371274067 0.07182257969362596 0.022636225557133443 0.03424915907399711 0.07002795624130387 0.07729398632889588 0.04583951553853687 0.009304313273360091 0.05168432719932539 0.05779159710176906 0.11096859875142283 0.09630483404038921 0.057790142797037994 0.068939650567148 0.11007231728175906 0.0974590605934395 0.06644833402111217 0.025133266235687016 0.02889947521280597 0.09779730253690444 0.11435554920526536 0.03504520320519592 0.030498300686116205 0.016941492432628852 0.046815002122417126 0.09254863480670358 0.029515260640321374 0.024225287485283496 0.046995802215598015 0.07039841262893172 0.1436648134275263 0.09241858749442612 0.04264230796372652 0.015858052351703386 0.10695315235858503 0.11176919131160927 0.06479264145431078 0.0007541504327663418 0.05021037295050402 0.11283395172608769 0.07137612640147635 0.042650098786947026 0.03452778774671796 0.00906818391080416 0.014800472315214815 0.08429313934244032 0.06154854177393709 0.09485772662780971 0.020313261376837602 0.008878427584041225 0.06695746831805159 0.04824678238456011 0.09406831603759651 0.005229900307525191 0.13379453957872323 0.052885366492759045 0.04320154846698986 0.03847744350408895 0.020114285497584726 0.008122184275237625 0.009123744925075164 0.0652707125554368 0.004165901701523934 0.03846663808544268 0.07095728358258137 0.01705570571208435 0.052615946772401695 0.07296147851815629 0.005145258085077325 0.02260463829818414 0.02793780057141809 0.05650101051235363
0.10282198442307122 0.03875993337878515 0.06535715729858044 0.029393235884058514 0.027510453403577193 0.014488254914120608 0.016344676568995763 0.033753029237522665 0.03255291087642632 0.04804943030229754 0.04227069694769286 0.1285712227237103 0.052701592262856846 0.08693357367301482 0.08228589423281754 0.04108318489376732 0.015178048867474437 0.0924806827381908 0.12827188881838733 0.004698379064825261 0.01401831860882905 0.059707956745913886 0.047440706699403076 0.06011011181516528 0.04321816230199616 0.015132162406928462 0.1048003167545899 0.046136072357169225 0.12446750043167672 0.038408983508603646 0.053021191487463384 0.017117426470829724 0.0027165313635728982 0.03780619368056003 0.06655463497994091 0.07985852283461702 0.12720478763662563 0.08604575472204716 0.0158238220918407 0.040559667604067096 0.045280098040472457 0.019405551050446362 0.04924207666981688 0.005028764763537608 0.0027301540700176118 0.05573579278360096 0.08651834540762474 0.01262296131915248 0.007975725685096325 0.09922450260072134 0.0014290104993927909 0.04461993585898845 0.026078499651843553 0.07711521592514707 0.045075353535206406 0.0757087397896493 0.1144897972877126 NaN 0.04391580415342452 0.12390575905810493 0.011333985761224727 0.0888544298224701 0.12034853458510945 0.01568581310123677 0.013438135415018286 0.009849591000227613 0.022567505476464664 0.00690900570370394 0.04239792705986009 0.001356782177841468 0.04114874291099863 0.12695428201439224 0.011928076058708633 0.035279837570806764 0.11677027761318845 0.05762742303225386 0.059463076381157005 0.033641449114923734 0.06476805827415938 0.033176032160048545 0.008571649930863064 0.03900273093898838 0.03342380480202561 0.01582235461163871 0.04164218013701094 0.03046898733099223 0.04741157694847248 0.04576737665537075 0.07013224790718516 0.03723294275629723 0.0353965426824593 0.06258576228146552 0.008076935119131176 0.03630285916591427 0.05420891501074294 0.007431233102053542 0.07514842109352415 0.0010411182350610892 0.13435249301099805 0.05628834102781795 0.05297138999780598 0.008492117480221793 0.06993905478766647 0.05853979228251137 0.08743932261879656 0.029403969440993247 0.030432448617285553 0.06548561678244467 0.016398900136910078 0.004222613060927385 0.06431467943861226 0.06165324055868996 0.003890219813135864 0.03875315825502987 0.037588678320004086 0.13053583451008116 0.02184688435558105 0.06709307252385652 0.0490810462555424 0.0396167239420282 0.04046361425051001 0.002075319483722629 0.0705947093993744 0.09178109507505881 0.06339166434432295 0.04140357486003479 0.005889282218394814 0.04443715881443989 0.055740247974914225 0.012280507106819709 0.08869376141245228 0.09456942080624851 0.02525291798540577 0.06342679605104953 0.042708196444365014 0.024781020712987198 0.03562940791035631 0.06369732730978264 0.024079028940206967 0.017223112060420515 0.036384988510316 0.06471259664326016 0.07127114241745076 0.13340582397381212 0.09892463322620786 0.06979676426306107 0.005604217444676071 0.04607134185112978 0.09546865946359756 0.04890794336183303 0.011569315715291018 0.023458674956171644 0.03822361688662305 0.009554098405101564 0.01042894315711445 0.05353835173061105 0.09665569459706104 0.03124084805812954 0.01194102021984327 0.009739202006941231 0.10767715269122491 0.012139762161911195 0.014925648237813217 0.002741316939073942 0.024951234139154014 0.0645697734019154 0.0756147988487853 0.00438870704495239 0.13379981151294904 0.03063329079213081 0.03236208185331422 0.05277873962417694 0.1254127326399798 0.09870137830072823 0.009030969620287082 0.09171720726491088 0.029833274394652092 0.02263611628287983 0.11182979093601038 0.1285589659316942 0.07065472145804194 0.051622873677196264 0.0635871034987618 0.0336664677266357 0.03956423667774536 0.028556413997943557 0.013743168400027003 0.03302754102781005 0.023605345444798313 0.03529893524860932 0.015706997734230906 0.1123643752587107 0.0015590622869014964 0.08675915281485172 0.11346013095895101 0.016647084113087716 0.0357966452228481 0.06457549581891725 0.039908189132774476 0.021242690121995932 0.005292377445748263 0.023878265990901256 0.058746108926128894 0.01799353797532045 0.008610771857131683 0.11376235408529985 0.08092302370731076 0.12404227783409992 0.08374641520559253 0.08929137941501229 0.00810662215446689 0.010426932170375866 0.04876192531671395 0.04011949291316306 0.04861060961969004 0.044673389504915416 0.023450846882954998 0.09948361702418283 0.01941393057906315 0.008861786989651637 0.07217968871980251 0.0028199055276079813 0.036299668980544084 0.08620465114317943 0.05294350787101559 0.018926139559434153 0.018033673192269433 0.07487047484945515 0.008460883972421505 0.052093409327068525 0.006427432436131834 0.01181695299061595 0.013549364595254893 0.02343420478339228 0.0030610977696311006 0.010919367374050828 0.017328549382667896 0.060971516472283056 0.0805522862168513 0.035598001304824455 0.02134943243507805 0.009392826752951472 0.12207211551078254 0.0036757613221022156 0.0035648716537209184 0.0592619550091838 0.09258067148578815 0.057460475925228564 0.048657335050848696 0.0010312092517438384 0.11720879972902279 0.05476081444700415 0.0023553108176992722 0.04108277040120694 0.17310243621693713 0.11407570369305765 0.032612381624723887 0.005460752245165314 0.0002886628276312288 0.06064805309154971 0.01838767729720671 0.05653828832683779 0.016025469062540734 0.08326776555357998 0.021500973310244406 0.027176578123595672 0.03903971628143956 0.061360598597365715 0.019200838485536047 0.03182949244458886 0.005789807147399526 0.06493129438349692 0.04005154806658301 0.016034284567562652 0.07971175892349565 0.035232793205404477 0.044288972454903125 0.02047258840989226 0.07520133125809665 0.047565648961421424 0.026323262170121767 0.015820567985280917 0.08444719044730013 0.12087937436800092 0.07463670436927641 0.04901642011712161 0.05522901563486016 0.044089046882654234 0.03473929260531612 0.07611997978359 0.060048043193753155 0.05145528672597942 0.06574270894607592 0.03682211523276125 0.0027010367644757457 0.12240713844141043 0.011410340063972707 0.05857971812220364 0.023510095938730404 0.042648371460252056 0.032861492209548725 0.01791711712954371 0.013941423617762046 0.11092532443056438 0.08034564853083506 0.04908273071473676 0.061003685365726035 0.034463947216674694 0.0621784770143664 0.031611171342274216 0.06271752879203543 0.05810068144168038 0.005358927417191201 0.008000739341649849 0.02694230541418067 0.06452001969605226 0.026226346771381668 0.06315751413274766 0.04017915733126242 0.005010145393520724 0.016684720030740362 0.0969320448762865 0.05514041440815249 0.0959097607954153 0.09625393310400757 0.09716492585353696 0.0029516520461374757 0.00017664870109840503 0.05346195554412442 0.11401728682785768 0.0990111872031987 0.010171653073290269 0.022348071395279917 0.010827432091295547 0.06021940252873069 0.04566340628319344 0.08970148769141875 0.03426560458928636 0.07488851357828429 0.03266629409184144 0.05840515419928795 0.09664151587690174 0.02112207217543226 0.005684060418863977 0.008896013425377285 0.023365667534047962 0.07586231693738021 0.01621605055591221 0.05144586928940639 0.00098942368658219 0.04070107255419239 0.033753741417613885 0.03421058319605298 0.0518313459980146 0.045970179450909275 0.09320381353543906 0.01652637564185385 0.02791949568946049 0.06715626320298873 2.4713440271143743e-05 0.024257544942107006 0.0050642009404109085 0.005691330123526565 0.009023414941109056 0.045533583808852834 0.048463073709647655 0.050323399635757105 0.01877068127689659 0.04468357545577213 0.028600272191958376 0.058400530796265136 0.07776242227747938 0.0020598414520932155 0.00017694812648227316 0.021440141040151822 0.0934875298449473 0.018426753210251966 0.042135662906046784 0.06095909823176571
0.24162390671310885 0.03539445716674155 0.03267134433734843 0.14470013898388878 0.16011006071818745 0.11317047489069577 0.045147561760872035 0.10318757386525981 0.006150561177997319 0.2137587624626203 0.051323209403447485 0.2029779786320468 0.10449116030215391 0.15135929946931823 0.1255959969723975 0.024832499449237162 0.06105505358906992 0.10573361391452421 0.1754677276161292 0.07411875729892398 0.022690077972493346 0.1403260583189048 0.012925540032826106 0.17207143752823575 0.08933075803396011 0.0816258662982119 0.1436849631286156 0.011698968239476498 0.12171563813442822 0.04974256708834263 0.08129346387293097 0.022482234359317545 0.04595711925852088 0.0593895114368106 0.0657317042635615 0.03362077223158841 0.15159140023316556 0.20282951379797448 0.0194465099964998 0.11682702979711446 0.06938959293133926 0.05899712484238366 0.09722513369275905 0.1375101857807689 0.022183472408167575 0.005263418534989142 0.10999537099537761 0.0832250594051436 0.05302018794675785 0.1938411481967471 0.0848028759017411 0.06827036330945588 0.0026873085459227083 0.14313869663854814 0.04423831290799516 0.10379479742903186 0.0948569938774127 0.04391580415342452 NaN 0.40926847541206623 0.05794799599035171 0.1447138791574786 0.16082586294297158 0.04713608037328425 0.012600627975900029 0.009730132279833154 0.07922424108233665 0.060661195291819604 9.869323445494543e-05 0.07832324868308783 0.10500125932372958 0.1288692631619276 0.05596162264749168 0.007729719876198079 0.18492478660512585 0.13210276189368025 0.026476508599370185 0.013761146160506835 0.07598042827194235 0.13544051776868998 0.04491349237259918 0.02260766747846248 0.021632596056166194 0.13212487549657065 0.08887897058619082 0.14288815769806537 0.048971406424018975 0.03716166308646498 0.12849704714357554 0.020105263173802748 0.03144826589349936 0.02426799756282922 0.0036158014177335982 0.00612875753891516 0.03385107907136398 0.006829284052368202 0.10222982286992821 0.0051134591795135255 0.18199466711126122 0.10907739637683062 0.02584133883804948 0.1469705352430303 0.15683288993010477 0.15937904957632448 0.1717986117344936 0.13215486127638756 0.04599736380896082 0.09569846047620681 0.064001997546175 0.03059196248109717 0.15234221521711663 0.042750429453557025 0.09755110810602548 0.13280853698643774 0.051986588814406966 0.20625690449968823 0.09705513057855471 0.018676923159746613 0.009230895510659174 0.05685547531217227 0.0950585820207349 0.03877924037105539 0.050296950002373074 0.18807373269295896 0.13605032776329698 0.05961562331405151 0.05407125172105797 0.026819438552531126 0.0991588685556544 0.02107195339107949 0.06330262428400932 0.05646727935099563 0.10615444660225828 0.09135546652665259 0.053076851975762 0.014480367653884052 0.15221478531160004 0.11233397318286557 0.06742247815163033 0.10462981938006792 0.09916138969338202 0.10734376729720063 0.10710862211502697 0.058469643655334 0.020272678554616147 0.0031408465305019233 0.14868308667628077 0.17473119264282028 0.06994290365478753 0.11625228849377027 0.05238387889060476 0.016611730387530714 0.04589949381453603 0.06837580218366822 0.009072756001563358 0.00024068491981108783 0.12362780095019049 0.03280594351371 0.023213485826573062 0.06768872006262946 0.016624811877269798 0.014207929668826414 0.047768191502479795 0.03975049636037902 0.014883834949799358 0.07535521106631991 0.15576724680274978 0.1002996563596831 0.15270418741492633 0.023716324460669003 0.033974584322720894 0.021787403474490093 0.16271836881492316 0.26358039509901066 0.08557615638361352 0.0761737334460799 0.016895949908991396 0.02103587008311028 0.23160036090503833 0.17867417912996336 0.20858698961475328 0.06416562630512274 0.11241666540213659 0.12126391651365195 0.11301457029592553 0.11452144004375263 0.02903464609774976 0.0013788555477438503 0.0012072159494052634 0.13263318673949417 0.04432003103650897 0.1611712361950321 0.058808720169038924 0.11690533517014723 0.1600685400935023 0.06445985548557562 0.046827317024158245 0.16788125852064092 0.12458445803686252 0.05340509581326352 0.05066757772173299 0.09525265050457227 0.019653162916679536 0.22177234276129354 0.0905455364489673 0.11976700324079169 0.13003761680922218 0.21772708562709808 0.049719705354618074 0.08304840994006453 0.060341536292639275 0.020729983994041294 0.05140492814612086 0.032193959877352 0.07651565016775466 0.07895254538309758 0.09871573406759993 0.1438905855009845 0.009956724640144321 0.08710744830467267 0.12579528104028193 0.060555785605139086 0.05989352270549671 0.05710335594588743 0.0036675060657147007 0.03246707407248379 0.18483613612016184 0.1003468363834021 0.04669658709619306 0.07790746884845434 0.022888113495689987 0.04602272874321094 0.09811122413339517 0.08207174960064435 0.04868396423599129 0.040700554466523896 0.029405918024896557 0.07347129669561943 0.18259602774183462 0.1360987714014011 0.058428637204109735 0.0520550610661321 0.08148720750229416 5.772456756462461e-05 0.02236069584800529 0.03987371719562665 0.11993966410067364 0.04794143991583565 0.019185300751464237 0.09651171308423272 0.11265093676202435 0.13063913514411266 0.044020123814245034 0.03219754941725575 0.193851508778393 0.08763172364263913 0.10876518375907003 0.011009668659497191 0.01013865997835902 0.06416624310540875 0.0292928340388932 0.052484094798031275 0.011881724059751226 0.12474797223727577 0.14621479076138874 0.13117422001740553 0.027497718869405118 0.00077405839420417 0.06508998102165964 0.041378297509558966 0.0500768205203269 0.12231506045902682 0.03684588612836848 0.030827524111180917 0.017589049852092236 0.0023419749861836718 0.03371955904963744 0.03655813946718859 0.2148897896371104 0.043228500317913185 0.1105854550012208 0.11291924958075959 0.13205378902674955 0.22372338295519503 0.1646314072307385 0.059909124754661355 0.13448184557705753 0.1231816868871726 0.11267525228263169 0.04151559350795702 0.1898751539497886 0.05154117634905468 0.07397744283594444 0.13669903214987691 0.027660616180678006 0.23206875718245545 0.17256000529700505 0.013252732380104259 0.017718263735204225 0.05493055022020171 0.05728426394170371 0.0146213435859679 0.020914026634868445 0.12254597143029385 0.1202612908370751 0.01049371907397892 0.007845305815302425 0.11148610093064744 0.11222779653930748 0.06493982193368701 0.043397280471070276 0.07537985163663685 0.10930966624953381 0.031362854209084176 0.06045561826332226 0.10584769781006555 0.06037410206878245 0.14672332287486992 0.05629419437796311 0.01951943518259975 0.018579180123736338 0.10098709652157466 0.10379171026751245 0.021198511909162557 0.011188236117057541 0.10832590709390563 0.12779122964917639 0.0070361097255401735 0.029610369912409413 0.11953117793158055 0.09322962344932254 0.08616614424135263 0.07113768763039816 0.01961855439079511 0.00727083091997541 0.08263457522384007 0.09131860516056865 0.015076933173299093 0.09561301051100375 0.01171092353095842 0.007810354807861747 0.058037769525408685 0.055833179140693835 0.005703868873961507 0.04210830643974833 0.026185071156599543 0.18409739833298713 0.07454968239300176 0.09087554238817405 0.0066565359871965215 0.019482122655795145 0.06251010744967753 0.1698966196940637 0.13536492827911237 0.027812666472486047 0.100076016675295 0.07204059050962477 0.11647070514473389 0.1785454754200379 0.2136794631126681 0.08388979784033798 0.10650723235150851 0.0014970431239257468 0.047586733220442386 0.058206302243300846 0.061818249734683084 0.07191227950059464 0.04365279132406454 0.011537650297591184 0.04403137784155201 0.12131461565570213 0.06672493471901948 0.008191122535569409 0.04055479013571633 0.038173534781591086 0.10551310415760377 0.09780504711538078 0.08064304631178848 0.03941691574895617
0.32246727927374785 0.06230448931924935 0.08130868671232216 0.19950412386957603 0.14017550145088498 0.04125932739876138 0.025116914508041682 0.15921977380321464 0.04174379779936853 0.2765606460355328 0.10170604375019363 0.29479724916316524 0.17125477743367673 0.17643751916402312 0.2603607825847368 0.11697550958198837 0.059551531869402013 0.19821843649574347 0.17828939723325207 0.040513377646555764 0.038824556088421426 0.23583283484283912 0.13714560235495515 0.32255297678508926 0.17677711731813994 0.11749097219914688 0.19020442898560574 0.019391710129655047 0.10264892223644234 0.10588779987571557 0.06307590605273819 0.031696055900226186 0.03145952172505194 0.11129167232698853 0.037561393517633046 0.004467801049857027 0.1857511084762556 0.28504894308782847 0.022595340018194753 0.11927738582501496 0.14758874092738855 0.058391771024499016 0.21001790960349181 0.24804037437034454 0.07764289463944112 0.030630396725192313 0.1622860430914004 0.06774540615288834 0.08015588045261374 0.19069927319031008 0.16050353753976007 0.06833738960688039 0.01909642133106257 0.18109997727324031 0.04225894794580972 0.09581526921904172 0.14004451088139921 0.12390575905810493 0.40926847541206623 NaN 0.062199043503306656 0.17223596895419674 0.23677314040738437 0.0016542294611447482 0.03362771055477888 0.05249074023995958 0.14208448447361113 0.14620328082183887 0.09341893720614695 0.17824469962164644 0.18834390122858155 0.17170140227899539 0.20714367291909505 0.012171485582837002 0.25117937235383025 0.26957898576183725 0.057581071658172396 0.09283638762312398 0.11055529273114689 0.14880917564608945 0.1346197997913994 0.04391019574121639 0.04151250571751024 0.23276905267516074 0.21620886020081373 0.22585733151905169 0.08436877737153019 0.017715024223666356 0.11964414638910574 0.020550866861938594 0.043950287026677776 0.005094685591997729 0.050246556573202115 0.07340355953729473 0.014392667196335349 0.011589849294022424 0.08495781484137699 0.049275527437090634 0.30391159249423844 0.14840317322285512 0.012253416256060329 0.15890284876167762 0.12530292004122764 0.21126849046392057 0.1783954337096857 0.0679902885583119 0.05369177564706482 0.19405621443924767 0.044314602116547495 0.002516601400094111 0.14067506948785308 0.04030018364880159 0.14126727995022778 0.12272327797631395 0.007978881774798482 0.23828129040935345 0.13038207531645093 0.07691053569980738 0.04557895851269869 0.050523563459323455 0.1637896959002473 0.02257674059938288 0.0833060233228697 0.18473438841053033 0.1926734399322918 0.025155218547394147 0.025189532775241018 0.07271284047420316 0.1630536056761756 0.04225734374333477 0.11756117278333644 0.19167228801801572 0.1538276413517308 0.005667228442641855 0.04226812286619873 0.10025361347027002 0.15631085839602699 0.2179683003307658 0.13381182189645394 0.1343429761198576 0.017188834607802756 0.1586979448660709 0.22866070015247866 0.16324678516013663 0.05582574201470134 0.011941721926092844 0.1744529140944343 0.31479872027539013 0.14875550399269336 0.22132109230122773 0.09744543531664586 0.06808264788622423 0.07605612984038856 0.05584123529430449 0.029725253347308668 0.10596129831596993 0.235250726373905 0.036726917796845004 0.029469644418019827 0.01886083711584226 0.06524962114926777 0.006969321066605145 0.01375793103654519 0.07523729100970465 0.10526355074342368 0.12708822111916498 0.20222659518382072 0.07182870610996907 0.240886145513099 0.024264258047841113 0.021176350809463267 0.05459245227211985 0.15575815354674372 0.3103591712113426 0.04952822325007947 0.15366915566724018 0.017462147924605757 0.03016118979172119 0.3755134206900782 0.2736045071130952 0.2953508951167907 0.05427406879115228 0.1733730857955581 0.1924763273784938 0.1320661930100093 0.10394280721667266 0.06643971385339788 0.00023508467140415486 0.03884182586510682 0.2569780181385748 0.010795453142220912 0.22937437043270462 0.10829238233075948 0.19944216706997106 0.31033211261501403 0.04874899073693716 0.07471559841350267 0.23553052698655444 0.10741609374631922 0.0624067796908519 0.004706675157584366 0.15553081340551644 0.048203631494673695 0.2901703609698828 0.10284764129959328 0.195287594325234 0.18300367519658578 0.26371029942010593 0.08401272886282388 0.11117765321835593 0.02100957790614653 0.050483959182936945 0.10069775778314546 0.1063463004433558 0.10630789292509307 0.030905691422743933 0.15673065536645822 0.2770832584524128 0.003984134629460131 0.12928283286442133 0.11430110106796007 0.008313418422169224 0.1273132789835287 0.1405572844573773 0.08350132672986374 0.00729020132913841 0.23952072212779485 0.12008665750458541 0.04994670223512784 0.06410748189921335 0.07131412326961743 0.07594414108869826 0.04310219938689369 0.10148483115155413 0.02228774950224648 0.011917749257776568 0.08061419969450988 0.013510545143772852 0.2984221965396377 0.22697303055207504 0.11541310373686027 0.09124343193986517 0.14349014772850813 0.004305895902849645 0.012267155762964395 0.06676246918432051 0.1761671764662116 0.13842552539019845 0.03918808010322832 0.14442464080683293 0.2179795110632706 0.19759068250302667 0.08252547854919388 0.0676099273398689 0.2775736799663099 0.17989914533286938 0.18741505495779484 0.0435759657546856 0.024076070620674003 0.08823328086231161 0.054562176308976265 0.07818453781444107 0.06070030010484629 0.24881615298162132 0.18855200911474854 0.2242906779685356 0.12407926616305398 0.01807065665941127 0.07018846063405385 0.01786935149625493 0.048898985733504784 0.11362739367520201 0.02218703193365517 0.012713037517201086 0.024549456133045936 0.013464311467107868 0.026032749691446002 0.1184999919794168 0.2809009149901261 0.06231782922956107 0.09529895466367123 0.14465678527510845 0.2215886033721124 0.22409528931290493 0.2339190039030592 0.06344264170100401 0.15364560916930278 0.16036058510179507 0.13745876753563163 0.008883423217941715 0.20331265952419914 0.015733159140688086 0.10596016287202428 0.19037809784768575 0.054540073874814486 0.2670117300138207 0.12290511112319381 0.08067597771924888 0.0485655031997005 0.13204251149925986 0.0784243291564218 0.0009297596433890756 0.03363137340595789 0.1832436818780942 0.21078291139556307 0.003786770499333621 0.01820767048121097 0.13474097016723152 0.14704652655056608 0.11145635436363131 0.047223586189693696 0.08740377555641944 0.15103337023976185 0.0001248768138943793 0.053915857027148864 0.18440249538573492 0.022906439132414354 0.1826235463830632 0.11397700009438337 0.021415001003066887 0.021819986433037775 0.11595208796256372 0.20296696671289507 0.12651986839031182 0.026336039687243525 0.17166458516159905 0.18089328288806472 0.1266247225708146 0.1045760645546375 0.23241216139901255 0.1732700961503903 0.0783723921689572 0.07107073107273026 0.021573077161745148 0.007649470549668034 0.026466894803396663 0.1044732605807424 0.016980006437904305 0.09008473038472807 0.011532577460820327 0.10887547803089358 0.1327400214590611 0.09302728068710936 0.06722282073437222 0.008533709052005144 0.013146492485641745 0.23449888893830356 0.08818715095102747 0.18715707271971235 0.08288367676430204 0.04758109577837196 0.02094740811337258 0.15904334871170045 0.22056754896627997 0.011947861491461655 0.10412540437104063 0.10791665470594071 0.07270701914295372 0.2199677410028698 0.2919219702871404 0.04238191921056924 0.19572755641142034 0.0037215492673007573 0.07006316905000008 0.09088517464554433 0.06739588692467896 0.1863059145093891 0.08255816261288308 0.037221872664821964 0.11805506547239572 0.0921319080994126 0.1742523284048406 0.041045140158335026 0.04723449939822332 0.0756054370209764 0.1264132698802442 0.09596865982823492 0.054512596624781424 0.06360667097459659
0.11156620137935955 0.0210407098898621 0.03502561398016255 0.09159122408995342 0.07641627249981173 0.04694030992658703 0.04995840549676248 0.05445077700820235 0.0046199170150103405 0.021230330601614902 0.04269631270829196 0.08392784236140179 0.07902689055928445 0.09948915050468209 0.17352250754187823 0.03398300657504482 0.024143835650309857 0.010754105758036965 0.07155843590522391 0.026183375454385625 0.013964261862033102 0.06619622628598229 0.0011008682137912547 0.07446582806073457 0.023510394923650597 0.011357085000161303 0.07193089538188682 0.004667980455888871 0.03185220131331194 0.027619290183086613 0.11362390809633752 0.12834621607371974 0.11070573796235583 0.11864255706503848 0.13889825351834434 0.02574817953016725 0.03288381091753787 0.1180011028117572 0.05506204114352013 0.00967639473532497 0.031191636775416386 0.003121052442734265 0.06882923894818077 0.08854203476106574 0.0974515705534636 0.030625392596955445 0.03264032065436668 0.005584071473898347 0.023790483298176724 0.011718019069986993 0.01555162388200752 0.05462198586605569 0.026609230226314045 0.022505601874600774 0.032992116641256786 0.0356135568102615 0.0026140255284398234 0.011333985761224727 0.05794799599035171 0.062199043503306656 NaN 0.23687744810881187 0.0013517429231878785 0.32154741082085725 0.040334237497102465 0.06983935848717701 0.01764608512268632 0.0032094763569448046 0.055278092374661074 0.03021219269122762 0.053009070075360196 0.074798031864426 0.04168866832611039 0.0035959597061968897 0.06416650558748672 0.08067528215420203 0.13842678579311957 0.015520390010051963 0.10973087376164804 0.020434820720147802 0.08792523477085856 0.011457489704497488 0.014340678542823792 0.10343262078990609 0.12075288503798133 0.12753297672366276 0.2153086434472942 0.040189151524055826 0.000627211912681645 0.07705442271088934 0.03569336773012055 0.05225300032260026 0.08895896727802281 0.08286403146937837 0.039333806129853335 0.00698344804876081 0.06881771247075921 0.05963310316649595 0.08490064762202128 0.04457228850748194 0.017403834040605363 0.1256398589635474 0.03989008957776309 0.040516674355306946 0.04970191137213737 0.0858709888043523 0.022771885922618494 0.04251534441508207 0.020859871971210763 0.02861913737859213 0.0760729365608181 0.03504514168795118 5.336141102961917e-05 0.07529361218871859 0.0173921562491457 0.03822901720338369 0.06695012416323745 0.021810786842359712 0.008149039311965067 0.049811875041499414 0.0935901422427591 0.005002702510682177 0.08523057057088128 0.03384475484347506 0.021360395767958635 0.0091278147709472 0.06421131750815451 0.06126798683515008 0.07206760413500451 0.015109724859872596 0.05743531101900302 0.003929873192874442 0.09851517915156403 0.006035420442595677 0.0013083986552339265 0.029408602297045176 0.09555677610956342 0.02415491899442704 0.04323375431158991 0.00828292073778323 0.04490944311071072 0.004391766173488609 0.041749243807092926 0.09494598998361604 0.005121216703569676 0.016444084992227742 0.016602084638951818 0.04296785007744261 0.12316719174877892 0.012640715782862915 0.021882929622470657 0.08452525650124577 0.05001983394932346 0.03548838085939906 0.007415519422736612 0.023310805687784857 0.025073869262945466 0.026915314084736162 0.0674253475459935 0.007519268716462794 0.084109869333212 0.0848622241503171 0.03664310225964044 0.009981073608639786 0.0933882258842757 0.059729715542938246 0.0516809652170821 0.014924768391950765 0.08685834099662497 0.031473430129661195 0.02828364308547845 0.04901080947303637 0.043352416569517195 0.0640549763493639 0.0601732914669303 0.02016765727140145 0.10414299477887771 0.014194610652564396 0.21190857009215436 0.16936692459239483 0.09930755122333232 0.018855756035870624 0.13886886186513586 0.10838411375166276 0.0815100567275223 0.0344987457048381 0.02531127025294235 0.02369858293203638 0.007604482141289805 0.047608874221198264 0.0017470049682554978 0.05523076880188736 0.07970134748942333 0.11024667015508459 0.164232142609338 0.03452642909820942 0.00359911545884546 0.046274741233623094 0.06591006927182727 0.03125793248499012 0.04328999681594552 0.03732245434243422 0.05622844990305083 0.15111058218210888 0.008765626843771733 0.005828135188982026 0.02756339763535871 0.062269287090971376 0.022041070588133788 0.04512893739998394 0.11614290600333489 0.11273973073200644 0.11181255067095727 0.07616344601806782 0.06167112126816674 0.005855808737550777 0.08528142892255366 0.12288907143067124 0.028909227575069914 0.020859857799765395 0.09752675812459007 0.004249719258981074 0.012795209246916487 0.047397458810623856 0.035773886121812516 0.03955188694264674 0.05995461006764691 0.043467719651992066 0.014327908624804452 0.05200763500196114 0.02856914395267588 0.07181083685615251 0.047635328500110694 0.05198908777099624 0.0372020443387403 0.023160576201679647 0.017158442506902596 0.06128937301438722 0.10832372145635842 0.05156387291607251 0.25216689828781136 0.18473632271399124 0.02819856683554933 0.2150927482217152 0.14659945074176467 0.009560001903437735 0.028544219864310407 0.0786762679324959 0.09092832886309563 0.022983097183357677 0.022870865758576213 0.09835848914643276 0.028750247909001554 0.039291456077042625 0.04059198232454195 0.046485542300234724 0.12547956350307368 0.06344432815393022 0.15132351759384013 0.10202007065491146 0.02277990895970837 0.07797491203403135 0.002216790868618218 0.12574986857920586 0.11877107326802307 0.14152735798024788 0.07466069712084478 0.07324953366816224 0.0583219705950083 0.09514186318260155 0.028930676715582252 0.18258708904343665 0.02382633255688805 0.09421815251696994 0.0585263501273163 0.030441986812131283 0.04344306295367714 0.011633141518463765 0.07686466786313387 0.02176961595466414 0.0743227706629354 0.06843826814018236 0.08722768683847136 0.11994084107698756 0.07511761762794125 0.0018122576273617247 0.07033019735704463 0.14014513840962 0.10616890125306197 0.0516630826106418 0.07839095795987686 0.024497720967860032 0.10184184055045864 0.05311385188516236 0.030462045173592807 0.03246547804419398 0.04681505306371934 0.04337901477464922 0.10176028768935522 0.03953943918257555 0.09980868205850885 0.07993608471538094 0.013832344545996644 0.07455081922923751 0.03765480955011308 0.06236079308298543 0.08088795459109246 0.0022950077252693627 0.019064692183271628 0.01679648094358948 0.024882891947510723 0.009081575213774538 0.11209688322986622 0.010664143178480169 0.0025133002799175774 0.12444174407512237 0.15325193497651943 0.03143546716618542 0.03404054922436704 0.005414025979344927 0.01388671211849013 0.03953216431656165 0.05727123991786342 0.008312753032321192 0.06286372367316675 0.009050840134036474 0.038252333109967035 0.018644335213926465 0.08502159773660416 0.02675628183662641 0.04322881203289962 0.014532460789684227 0.02009912645771538 0.05352518539200686 0.02007754843014895 0.002326475015028291 0.027057510934853323 0.044321141456203375 0.04382207720608489 0.025214803606751098 0.07342005691285691 0.12682038278194208 0.022189284157563997 0.07298107874101688 0.057105388320295214 0.11267064094444418 0.07014682640517955 0.015250636837000196 0.03648932978183602 0.10514295484857643 0.03770532484904022 0.008661043138274094 0.0922751046962512 0.11058727448633794 0.031398683637693 0.0016775238430869707 0.07096416819781311 0.07060875245041898 0.2439379754734866 0.20066959371934887 0.031956808389906784 0.0907422569143253 0.06813184105241854 0.05588147022618225 0.02616606611489062 0.010063298899967573 0.03367115351792675 0.06034120724671831 0.060830435911715296 0.034192427185521186 0.09675558941313435 0.05555284168886943 0.04073070510704199 0.024430466331384598 0.03434112081511039 0.037977323256140325 0.0880084244445259 0.007579039436052033 0.05251395648591847
0.11751076642315833 0.06733562473682754 0.10854407068412537 0.08693846899879916 0.06119418257036571 0.08496819511952114 0.09497903996640258 0.020485031756015966 0.010694774204137183 0.0746336969898547 0.073855994666963 0.13546741016288297 0.05336812370685496 0.13208310166228893 0.2100991222311669 0.10271135787208012 0.06822755420211099 0.006541980499465447 0.06369041904051803 0.06659546370470018 0.0022035995313447517 0.038712947026720484 0.0791204298022338 0.10494381094038645 0.2411408334073158 0.08424752409289978 0.13344702397601668 0.12876669171414962 0.18395057212959404 0.02607209435283627 0.1744127403183657 0.13138421812929432 0.017394861267425437 0.007421057648057887 0.13579611623645754 0.01323866779045735 0.10919548239748315 0.15629511486128783 0.04259490660682921 0.0859906756782448 0.08643333744222045 0.07035463094951705 0.14329440115358813 0.1857840457938561 0.013558219833290945 0.04421372339715845 0.030088726808061465 0.03794071069639773 0.019193521780403136 0.08239212424697263 0.03991800528117269 0.032503781291786125 0.07992313037700535 0.02666243022939776 0.0340656990826017 0.03675606413040873 0.05023885701062282 0.0888544298224701 0.1447138791574786 0.17223596895419674 0.23687744810881187 NaN 0.370393183430575 0.2664945850303058 0.06416343277338873 0.09972585667921222 0.053211764270296974 0.08572320732247588 0.1784113408538287 0.08111255856874772 0.08500193500162043 0.030214133092041486 0.13895471326833306 0.24371332890289832 0.10435087525973631 0.1036324136810213 0.08882622020592292 0.19683888970612978 0.02302681095476536 0.14528779715310003 0.025006683067934438 0.00587108695082896 0.21318269307874507 0.13293285648427444 0.11731766918640393 0.21092694326373368 0.2831428342497711 0.01076402803433097 0.09675543760109348 0.10109283097895885 0.09475684369289178 0.019309715868633053 0.16636211194868325 0.11078280984057905 0.07122274302007513 0.07108804087195282 0.2860815121294887 0.15381361588107642 0.2118146565512175 0.1483887235820916 0.02055901739335704 0.0697684163271347 0.009322515622664626 0.14128381982165714 0.04724343789998445 0.1800785260752036 0.012953777854031472 0.2462618279715109 0.16491820326232434 0.06550963777854839 0.33459802107682235 0.136048932834731 0.08711352498625034 0.11718788424818857 0.10358947789639665 0.0815063551439319 0.028662878435536943 0.00823301603962552 0.04168761710126048 0.016468098773547366 0.09884181499396856 0.09535428001387604 0.037509272891327286 0.13649561039880448 0.013371590175153998 0.011879008299104755 0.015487832582507204 0.012662049509082283 0.054722337810088076 0.12599431333851482 0.03955900267319285 0.045996244727951684 0.05652130486774419 0.0009243369749649513 0.05126806113527072 0.018081066702202837 0.09461946905300163 0.00525764258533098 0.014445063161428127 0.07183434846989521 0.09114317066551851 0.06040014680482224 0.10355901805310876 0.3513303573504231 0.17935065240838377 0.0980161302214062 0.049859413862070476 0.2081691196407042 0.3595856673884737 0.0060872067234625776 0.11275424805460402 0.009195193353423293 0.06020147896836734 0.07849396298991233 0.001744832038267971 0.02967909926782161 0.009819899716639493 0.0027771025160133796 0.10008400519077668 0.07371075662467354 0.06025023485738662 0.18925184740089424 0.04832515073691394 0.0781774756649544 0.014231152382907768 0.12111734404585381 0.09890273600064917 0.10306430011662691 0.4098583260227961 0.15494932890934915 0.063765557736118 0.07827316209658719 0.09043005436479742 0.17933908266242804 0.1180973920122459 0.00876953377472309 0.25099243277970057 0.0033138715318061338 0.396272672386062 0.2772637018982751 0.11858848185656268 0.10319233017312175 0.17321149013894657 0.07380830414337493 0.09529493780979285 0.08885911957608626 0.0008492380134775436 0.1433344003232866 0.06795998340902071 0.15288347678890996 0.0974814300510374 0.0817231010311534 0.0461339173311055 0.01288753287364579 0.18539081167889387 0.03240765780820133 0.006816483322866019 0.08146294655132105 0.0467117496181536 0.004971546165628425 0.1165791718127147 0.03261052567701523 0.10378969168798066 0.15085112362747236 0.05428445668584932 0.052681913029006405 0.02411404723661607 0.17056553437742827 0.1341975113918754 0.047167278464364186 0.07147828931122888 0.11207845153092913 0.03393959012722597 0.07941594538515119 0.045752056856094486 0.021182868977282093 0.1281635725811973 0.12636486371183675 0.0037572172504180185 0.06957717255673097 0.11887077608144574 0.03461594249485447 0.09020779196932695 0.12385083404807698 0.005172742725969733 0.058508206218861096 0.024101008597886737 0.08808138700907862 0.034812076736273886 0.07842932103000524 0.05006281582056992 0.02909727837289667 0.08825126467518091 0.04129584358416921 0.08941518103028258 0.09422376444793018 0.0017360013938152508 0.01555814589265789 0.133859058299306 0.11080103062388699 0.14508746650679039 0.2686122344569187 0.2524275091052007 0.15450892214027642 0.07227596553297072 0.05564710783540992 0.0797706596805002 0.04547513256526292 0.13969550123424643 0.06270047701116573 0.008656162234543678 0.02187527179186764 0.139877890811472 0.08701020862052407 0.1356399320423119 0.017066849603987445 0.21693134198558153 0.1487745620420214 0.04147319785981417 0.08284951948123057 0.01824571694207717 0.08506934190817807 0.15015218518958987 0.21719318694219164 0.16208283878651844 0.1692945531044321 0.019593424098858843 0.002564070487915231 0.0014522580804515435 0.0807470634175545 0.00214708327519491 0.14298615358630754 0.007204257000108344 0.0721630737107196 0.004984371815984165 0.01898046308930227 0.10482746359382397 0.05143180290948582 0.22560892293087847 0.11500239080632574 0.11861153634915293 0.10787123907185543 0.16061256154720327 0.17716227062131965 0.07710429335996122 0.01672120932356717 0.06860314794565517 0.20872395830934115 0.09958937549516254 0.02577008745620171 0.29769888958305746 0.11609434294196629 0.18861288735617718 0.0803946606224855 0.041259980787675773 0.13163006696746063 0.05085815118046971 0.005885146523433705 0.10720847903590325 0.0027852766815062765 0.06616253256828328 0.06649352519300054 0.012233045369233279 0.16013830853713018 0.01121551416925265 0.06403429195311536 0.08414597840381005 0.05417740818364422 0.09614712988696926 0.06822953947724686 0.03190508059841013 0.09345002804159108 0.1562201942110013 0.05700788527795394 0.08084974640773583 0.10467325938124558 0.11835326762320827 0.06836451262280563 0.04906566457636375 0.022419046205288194 0.08985786314087273 0.11986848977362013 0.08491331269067105 0.10495607551829639 0.07174833149401304 0.12974900849740867 0.16011700286019545 0.015431525944656604 0.22415558463135093 0.058672583330271026 0.07686139700508086 0.034182700026935776 0.012567582160393408 0.04261793363634174 0.08526804230982714 0.10878473034294657 0.020827515778717835 0.07783939783732866 0.03150990885997215 0.015678751025379457 0.10549305264984707 0.16501759054399706 0.04538936528462212 0.019887989247580264 0.03558377962361715 0.07391385557098186 0.167010020852096 0.024649764014845792 0.1688466176422282 0.055823417874773996 0.06744876805031454 0.0729167006004724 0.16444052578498117 0.16202995382281105 0.10796740470743588 0.06865360791290426 0.07418913296968464 0.10349909133084384 0.3124417452227491 0.26797151153498583 0.24467221471589584 0.026867160244699675 0.03307377341326531 0.05248845000382982 0.03544518341937376 0.1015671846641054 0.00947453625896852 0.06478305407430539 0.07476260970652653 0.10658352507706902 0.3187634536614933 0.039336751019532636 0.005123283398900297 0.009499464140306049 0.04687823375625712 0.0532184151844905 0.06455298430763716 0.00232626833031177 0.018874456004304794
0.034208376071626544 0.00978212467114519 0.051528097655349686 0.08050277120871244 0.08583945457669363 0.0033915015301240682 0.01568821990260127 0.10270339470120246 0.002526795280590009 0.08599526102210699 0.06253991906983557 0.22461964442749444 0.07055977499188658 0.004071426640908591 0.13950814228505556 0.058181869916974514 0.04803168926118264 0.05939689471330323 0.04500056712786606 0.1319697418041726 0.05899371650665789 0.08942169096946603 0.020856925366672382 0.03298629313457103 0.13682362312520036 0.03234420152358803 0.1856188141131392 0.05290489466895408 0.3029609392941993 0.11057323028158111 0.21014976412771424 0.07617354859690295 0.06399051061098153 0.07080945090747565 0.00978131527401583 0.07918192032541037 0.0834118726523647 0.13408450487218054 0.010362256207922388 0.027485450799926398 0.01003463225254356 0.029643581884889216 0.15271729468195702 0.09030307888131064 0.023375917959618693 0.09751125569828877 0.08506594128606555 0.024317599453468307 0.05028716340924321 0.04843572623894089 0.03352262005648126 0.0716408139167757 0.01457246183872134 0.04055248050522594 0.005203838768715982 0.013185591108788317 0.04310581874169765 0.12034853458510945 0.16082586294297158 0.23677314040738437 0.0013517429231878785 0.370393183430575 NaN 0.02030988914561317 0.07356411296827026 0.1521897626780922 0.07037660834074638 0.0790058568556606 0.052713750901427256 0.13299398720068545 0.09439960677370969 0.23742668431823974 0.14916615431606128 0.21310007686474505 0.2301944811655127 0.12635354620598974 0.03624360218515929 0.13784456453363994 0.1776458738724252 0.15318684976161961 0.005846056833786167 0.047722503871470805 0.19212699301988084 0.006686137665993429 0.04192099784988164 0.06466445507801778 0.03735130519492547 0.090601123258996 0.08526345625121616 0.06777054928568188 0.030416349842467997 0.0022826327850038347 0.13128704495666527 0.018518698088085938 0.11419721058558696 0.10211705197870766 0.3210101765740914 0.12343770294085339 0.15340194462022994 0.1402494089170748 0.06058077697635792 0.022571995115289813 0.04298693189717179 0.130759759151799 0.1317306369027277 0.06566932375581354 0.03798618846648795 0.14040668448563826 0.05678602396850164 0.0003812969196132533 0.3386689662182424 0.02591707749422184 0.03556046922050705 0.029087355283769857 0.016845950073569132 0.06985070153690612 0.05785991316939189 0.040675228610395395 0.05234339377049282 0.04192386867618001 0.08895504014648872 0.05217181979768751 0.06491511791570534 0.13155482131004237 0.04164697119738855 0.019069225101135893 0.06835536614701179 0.0319032490921339 0.1146729227986759 0.1155370230301832 0.0600779965311142 0.1403577616820357 0.1005911057143103 0.05522811391370474 0.013087109094921239 0.030312829506677245 0.09840414800698637 0.05629972585030515 0.07724745123356497 0.05796168254302774 0.13417554189936204 0.15155906642965297 0.18607000120039632 0.33726709898877894 0.2198732834784415 0.1956718704766117 0.06551183072299435 0.20410605187381523 0.24139610605562684 0.13704036945384598 0.08522633901373225 0.037104983116963954 0.1132559139920486 0.05855476948207608 0.062048813698308794 0.06607209255096541 0.08990050035042348 0.10115570188028947 0.02655178896413711 0.031897256744283696 0.06794000969398006 0.08636556916446078 0.030153449391393503 0.21422186320003592 0.062083521008733905 0.0017368174508629374 0.11245376965018052 0.02495914481278496 0.33761853407859743 0.08690902405024334 0.038479000281345814 0.03184401945595267 0.08950845626719688 0.1911915620275992 0.0878391051343453 0.017988993354466593 0.19556272667150992 0.0287557781875588 0.19636460013009974 0.16040160850717336 0.010312075397524729 0.010320653866027667 0.05879263853548812 0.09882359458233887 0.061874799447329445 0.0037430359353385683 0.05094657209648784 0.035041531170515804 0.005094004388840957 0.08937541180162785 0.05838561111159312 0.1683773513229353 0.21912955549074078 0.03606181865916654 0.10173707557227717 0.09880906965862382 0.06820784401222513 0.14757437753317737 0.00549731787229008 0.10678648902095415 0.04546005949726145 0.053087755264684934 0.04765031981146869 0.007521713931948805 0.14682375180606855 0.15311772655698314 0.041509222633436225 0.23416169697730585 0.1911753296044413 0.1665913378302221 0.0529623800843655 0.0895678157015011 0.12000574162039268 0.15498198576120042 0.1819702451651821 0.035716480432765756 0.032314675808785574 0.004007285507503786 0.011117672162608854 0.03536938853703345 0.059361588504940534 0.053769015149778686 0.06169867453482851 0.0732160678842555 0.07885831573924305 0.0020670112300930736 0.08727199750761222 0.039253417366344065 0.0705561672759933 0.04680052107494718 0.0038698578697740358 0.02247327745220455 0.0023825649619459827 0.04894290809935742 0.07316108807158794 0.019257973252412935 0.06721171657181574 0.09152183125158428 0.08953232476533822 0.0555716168247616 0.03775137183887369 0.05763198843078766 0.3880444334594312 0.1171871787966927 0.03088881002252355 0.1674221394264062 0.17913636618151638 0.021606868498665957 0.04020492915841228 0.021063649434372687 0.16579924635403764 0.10566874615050721 0.1283958797421134 0.00014202135385773954 0.29017277622565746 0.21283393883541338 0.11417980721332607 0.11159738848395231 0.045626635077067636 0.12532176249918772 0.056955647757766285 0.07787938015674331 0.06305128192860972 0.05259980261388713 0.042845146394053464 0.0030992120347867217 0.14436806547584005 0.06830101424044595 0.01135226203120014 0.06512486233842675 0.03502872305183418 0.08741172037524414 0.01135139138862312 0.046058210614297115 0.0346881128230501 0.029492226616074205 0.14624479340266025 0.024644279622222404 0.19229590104856797 0.056066386829173816 0.10817400897443885 0.1198978378360022 0.09800483246814737 0.09286705706525543 0.12715247691371998 0.04098819900314745 0.029848259539162928 0.12020763133682201 0.05867713584527387 0.05343862872889506 0.20649468458380532 0.015348791698515583 0.10945948139455298 0.11895445660094023 0.014806513692821538 0.23294536484308193 0.08018979423620522 0.05777761380274012 0.06816362594593693 0.06491055118897847 0.03494988537198354 0.047617305289348794 0.06770346701554711 0.12352897404841613 0.11486462424715414 0.01565582083439151 0.11379088295786267 0.10219985409635429 0.11988282385314418 0.11810196854634139 0.07104029397534165 0.12222474186678825 0.10648252636887533 0.02830823663831635 0.023396109687625358 0.09315005272424286 0.022288011653948607 0.14560926945717734 0.0049360647791549155 0.012297888079319435 0.11181027477739633 0.17085561519695885 0.09402074674752167 0.1703029364058052 0.14048884317765473 0.2482400263742848 0.1148298915679693 0.014383555854487806 0.13899452076480578 0.19842145393092203 0.1449694282750418 0.06140156212892459 0.02275269804564336 0.0393118097024022 0.10279759890203274 0.025240028623953265 0.036772212915795986 0.0599868850693278 0.03857241905811403 0.01838346630910335 0.18571037689446943 0.06018255333319388 0.061222323487221966 0.09890599838375412 0.04172068223866698 0.05514018653695794 0.19199264249697418 0.02146374722942418 0.1562349992031661 0.045849352342307026 0.09774299274781159 0.12116455005033619 0.07091729771257937 0.06208289177512176 0.015639663451610403 0.1256873037824607 0.09660697529121158 0.0680253015866224 0.14396594060038276 0.17183334907799422 0.29587810057553227 0.09779660574317527 0.08579622255777229 0.05056082725969066 0.008973335499283506 0.11628351884803526 0.08670239231703207 0.042047381962559485 0.037524438587091216 0.1217791240416981 0.3461530277925124 0.11477604574720886 0.06768138309965807 0.07161449145234702 0.015019079597850976 0.074122308328353 0.04590867206334474 0.016539329180737413 0.052111397370476285
0.0009403315215648935 0.07323582604887145 0.006047985720627384 0.05337355530541396 0.0188224783996782 0.06950146298067135 0.06233175533112113 0.023283957179835644 0.09889664081753992 0.02269559101902766 0.0008525340877176594 0.00939439268983249 0.029810405520932767 0.1351643814892958 0.22725205466316029 0.03495682950061007 0.04039407633995433 0.047730503803890614 0.04505215975085087 0.00811279555093623 0.11255960325449997 0.06866445002461895 0.024205133499360515 0.04192100612627333 0.07330222659069537 0.11734549410828533 0.03921696876664062 0.08077376416041245 0.006637363854277387 0.0947253415609403 0.05491151169202274 0.13252920649102434 0.09971469016188239 0.11823131731566128 0.22073690229617404 0.07081271427889357 0.01080292227215153 0.11479478917058798 0.00022866409907072583 0.039270079234243485 0.02817659529099925 0.022544916103837975 0.03600619683411224 0.09108250669555223 0.02429844238048031 0.07585193648055057 0.02879087416428286 0.07941479720389512 0.07779925165243612 0.03753790853465194 0.020304407629070834 0.03577621046581673 0.06989371174397588 0.06823588995906664 0.044653977762794096 0.008430026218153324 0.0812489664084556 0.01568581310123677 0.04713608037328425 0.0016542294611447482 0.32154741082085725 0.2664945850303058 0.02030988914561317 NaN 0.07005543498605085 0.11863399773180759 0.023645465150327238 0.021705865051732682 0.09598110523642571 0.037481953000675285 0.10108241185132028 0.10076025454629832 0.025013482866752017 0.08374795557586501 0.027268983661329026 0.13900423525019864 0.18251257815743116 0.08503476236742445 0.03220083186898301 0.07219232014640864 0.061036564603908716 0.05078346637645646 0.05598230794898174 0.1419156300952342 0.11639548697517632 0.0648948514821701 0.352455364937721 0.05755624986561858 0.08053519533897655 0.07213249159873701 0.010529215885600633 0.08119251177828472 0.04286716214378768 0.2071082029373451 0.017090209940377837 0.017020362800791177 0.08864490246274709 0.05510894271275396 0.03781869074601121 0.018090979118865168 0.06434722360760255 0.008687543128635183 0.02375074765189197 0.0351765950888787 0.004676254356432046 0.035779763880414185 0.014437215322805511 0.02561609322602162 0.04213966044328868 0.09920179444427549 0.1471710817279571 0.13430544044590195 0.01293694313148612 0.002871569831537361 0.05066505417864273 0.028517576092651344 0.03880567669498953 0.00012981204694447452 0.012933627139352295 0.013329720531319296 0.0016664687893352354 0.03715492411240236 0.012740605174349018 0.04571297235473373 0.033323298347346604 0.02317681562960888 0.031402551319689026 0.01864217965398081 0.012241371765293793 0.0020718365330218416 0.0637730956953589 0.015740754902616762 0.008893879429601584 1.2012101618556288e-05 0.042948965854721126 0.07726436305683197 0.07812465899411333 0.0034199479104104103 0.04221538728991934 0.12918680582109432 0.0690972232152962 0.0058239075274734925 0.024997560529819312 0.14506580483320874 0.05146148912304341 0.024686716542676852 0.03529612759741586 0.11280520049782486 0.15878829827198687 0.05057688115673013 0.004314404688600891 0.05845323381807508 0.04751800742321417 0.00173619512417429 0.0315833933048399 0.02329806067874918 0.03601870457239846 0.011436984679032479 0.008674084004625231 0.006843957084934787 0.04801580810002324 0.16919284353420821 0.027276020414817925 0.04508320609274368 0.07724506892264568 0.09207793491055137 0.007305013484646729 0.011841835203363427 0.0993178105032443 0.003402915984797506 0.016320242403383808 0.023800466103205412 0.04480189274482719 0.03954643541953271 0.03277659452445837 0.004556415467287441 0.11757626589738998 0.032255119226577415 0.19931603288396066 0.199796235414682 0.0012285970248967857 0.04361588511088439 0.10311813346644849 0.10418047954617343 0.08382065786182266 0.05194682410210063 0.027630857147599754 0.05319687473201982 0.06060915501639234 0.037065075391528625 0.05508785644918488 0.04285033310724571 0.11655230140207963 0.08587310922181238 0.20517672473215387 0.013079214404206601 0.0008394991045424889 0.053740247017065604 0.004197329336196809 0.04954881199269718 0.0027768604284113133 0.05322879408347017 0.0031135599959363374 0.08104399236363986 0.034670768287465355 0.18925913568465508 0.00620457196949419 0.047799504442071386 0.00877798936427889 0.048607649808619174 0.08245377677581892 0.14462427037320902 0.2055656725472345 0.09284155749562503 0.04884676863018665 0.07592470688450102 0.010020431379026586 0.11395495034604583 0.06919163420223184 0.03566620107087202 0.08006421927585229 0.009669298555560915 0.09204200901004284 0.10135965095815337 0.06011409610467032 0.024641225635900047 0.002526122198508752 0.03188752422281998 0.007747828674898042 0.05448349008849437 0.021492384554061425 0.004172757332065019 0.05435990721821251 0.10318013334505902 0.02431861742930155 0.005414003496226474 0.029302173209019344 0.02095463871301589 0.05810993701157183 0.028955623030258896 0.3103594939524751 0.2671261774389307 0.08326955515573839 0.4286082385045379 0.10579477856446552 0.0697523347001179 0.0073052624640971165 0.10487950136230136 0.1577289695249308 0.14476289214873966 0.12392973871196693 0.17292129974233605 0.04265236352222073 0.12302804603862363 0.01644667913220355 0.1164235473046552 0.18884357777024172 0.04575078907351694 0.04151074290184125 0.03512804542255537 0.007994065534460571 0.0409230613517431 0.0732891152602383 0.11906075351811905 0.0981439661977414 0.18773128044344276 0.09366936657678555 0.035940031042926056 0.037569869999976406 0.0977000518719424 0.028759403913484666 0.16488774714459956 0.03405826360704631 0.15799949081187808 0.04097045384917528 0.02474876651303876 0.012409202505137457 0.10766760348084933 0.012874229851563295 0.004795329726164593 0.012808253170859893 0.0754516842354006 0.08260387628913184 0.0714976965555181 0.0671988635056915 0.07819569636647357 0.023755873312114865 0.08337763833063483 0.0958181828863822 0.04461547250088814 0.15129997495190337 0.12260744701493792 0.016337687680927283 0.018605563668171295 0.009469061665898362 0.038157736973875894 0.0028312718636720096 0.025775900257013717 0.02452613574182593 0.07671695221250877 0.011160319226221503 0.06659862489890157 0.04985132298307608 0.012799382869434186 0.012762067964766158 0.01198220804233001 0.05842725388624112 0.013830614248739286 0.0336459982312549 0.003214979816448032 0.07587299970014441 0.05877433830053011 0.09839353378787813 0.05162643821021619 0.025820803216908526 0.045542395707089775 0.09821928589706953 0.027208643023789267 0.01492122337015703 0.04040717311085797 0.08555104843158128 0.020308081081267308 0.09785986241645143 0.04934032315876632 0.025240305420913635 0.07658237105106198 0.04541507821479937 0.07943583321302516 0.15461834835707736 0.005344473135676638 0.008027584354547925 0.009297185363391497 0.07183959773237979 0.015082090123101908 0.005771035953708623 0.04092961891582109 0.05389234131427932 0.07768024674273655 0.05484234248671539 0.0073028003457790225 0.006235853455640293 0.13759021505695027 0.012714919076262005 0.1375536924525635 0.10719947462131686 0.16571087263279977 0.039917672176105014 0.08063526393254346 0.025133920662075468 0.07512974692287325 0.01357542524212971 0.0362506982478037 0.03296107387891884 0.010204169110270668 0.0346190578707307 0.031227035465300226 0.17690572855644296 0.08014982312325533 0.20676263259745364 0.2542273213609739 0.024663625889454692 0.08220924406016814 0.12966733357449212 0.0877284471440723 0.05277178772378298 0.05117451031854257 0.044032116947803075 0.01626068479720487 0.08038789436816664 0.02918310850898975 0.03370287937097049 0.09024743479748053 0.09718039871694553 0.11594174179204363 0.0052765608038095844 0.0365205394368908 0.005596691823973933 0.003973712658416939 0.04122680513480274
0.03132229012334349 0.06916309375280134 0.017870095250756404 0.02340276012526902 0.008832907723852026 0.029483584025839227 0.1083532582078198 0.047514876890647734 0.04668985669355347 0.0021313290459954084 0.05535966220894562 0.11915954907993725 0.061584792278641734 0.048954367337081535 0.006689673918013006 0.016689530497769774 0.04474019426833214 0.11569663764524227 0.01721236110097145 0.0008989851147516768 0.051981526243929876 0.031398044396328637 0.12133010667587975 0.02938995615530339 0.03554938221877026 0.03725997497373969 0.07741627307367525 0.022777318972719757 0.01363164275045464 0.10853048225834205 0.03698890077831883 0.0733444972343458 0.04188487538767414 0.08694046001074564 0.002290395194903831 0.05902305559545114 0.019349797096059197 0.043293976571019126 0.046399553294980356 0.10021268299772038 0.002678834819007438 0.0053821517527375675 0.041556615373502435 0.0033247421657210613 0.00937071048360474 0.003887108364966008 0.04476654354697858 0.01028006845890259 0.0014930589128217876 0.054420902560030626 0.09455050780193305 0.11752480140650964 0.03531552418923068 0.08858922800167314 0.010625756316369812 0.05196040787497494 0.03111908793077632 0.013438135415018286 0.012600627975900029 0.03362771055477888 0.040334237497102465 0.06416343277338873 0.07356411296827026 0.07005543498605085 NaN 0.058143024910636415 0.05805909883763908 0.09444992860038257 0.13708143282682142 0.11189304712367126 0.09393529833718092 0.14532723699144592 0.059590802027605354 0.0025724367980204037 0.09845282911503378 0.07979760500310838 0.012934825605536208 0.09271283305042352 0.00642362479750764 0.009419059682448553 0.03830010305280094 0.004645062966216803 0.0026539052657068396 0.028866162591824354 0.04004163750670525 0.02483480707425246 0.09439695431971364 0.2154285828580676 0.02460422675280066 0.0412700959833003 0.050057717231615353 0.03058525896793918 0.053628001687568455 0.06424479835944337 0.004840834751424128 0.03723448779934781 0.011677742854921423 0.04439514660727527 0.019975939889110592 0.019722844453803703 0.02757447472512917 0.0029470753663478565 0.046074046561703406 0.043130000311289746 0.03345802185065039 0.031415781853755334 0.006127500614670878 0.01129320127065309 0.07079586877553809 0.049552345037945825 0.006003561040976265 0.01877004065600714 0.037696120421358566 0.04454375877799009 0.08856903822227144 0.14296830577584416 0.026940180074204814 0.005306109078799423 0.001444985153337548 0.0414141782637447 0.03831708456748037 0.03477090669163027 0.026768892693922894 0.0016040074998929764 0.05489967365877059 0.04727555291980878 0.05786282342648085 0.009785963232766535 0.06715520692572877 0.012810707777340504 0.10827865384407791 0.15475743860180907 0.048766250401342075 0.011309635507946916 0.06414758744152495 0.07580220217693658 0.005365727028868734 0.09796044529790703 0.006067975927741431 0.00871762085812517 0.01853919805253238 0.020957618650194465 0.12394825992240484 0.01623361644453276 0.02134908765907828 0.07492345661899487 0.03153816464257139 0.04040913591391766 0.07977417188015846 0.08697876974735495 0.07017273166082413 0.012717364146666271 0.036523777378182104 0.07813771209882707 0.021301710649120197 0.0852459364014163 0.10129389820483885 0.002379886550151264 0.01909934561983329 0.040982416943456335 0.044568317710577864 0.014958646933153668 0.06118586138586556 0.09248517958873824 0.056952518670417424 0.008991369738219264 0.030128064985743285 0.08148665009630776 0.051550460044372595 0.03891393354741014 0.040884635585416454 0.009883720493843253 0.026816218689707634 0.02085428359897759 0.028087257083371488 0.08122803737341425 0.02639986291739935 0.00286799927432903 0.0014538238362078926 0.027162669330371612 0.02264103205580598 0.08123265893233632 0.02457032027711931 0.012708313817985093 0.014685421362780266 0.025049344231166056 0.06462576375370285 0.06461210801971796 0.06291942736466985 0.052251963259252625 0.022335115878104047 0.09925213938544443 0.01917309957706004 0.07761959189668266 0.04505967081126768 0.008597520438847211 0.03149531123457518 0.08984588660953134 0.005965039426241343 0.00033988192062112273 0.049576144577192505 0.04509509908910591 0.07985475507004974 0.04693642191121085 0.04012186662414936 0.06335580104063372 0.00039489087004506996 0.13431687557644506 0.016094719600315086 0.0961970720860867 0.0024565936794901547 0.038011674299600826 0.08920853043381588 0.09203065094968105 0.06260934066711188 0.01503368522919206 0.08920315789930436 0.06490907482385123 0.0109851931638467 0.0355205972776085 0.013361916109199802 0.016740168232058202 0.014210885414452113 0.047912191533774 0.004125352312069136 0.0027024547530943785 0.12587823462964176 0.013801144777467944 0.007253997466955575 0.0031928501112567487 0.0800838374476594 0.059222665396717084 0.01979827330787978 0.0508275224189479 0.008015618739216416 0.05427819715576838 0.007944869268063598 0.015154828378945596 0.009914861308516347 0.07618392340331678 0.08736284868917521 0.06564524004719499 0.050483710920178886 0.07771470118349957 0.04745361343517801 0.000869895054078057 0.04718526484350851 0.08221341543083409 0.10504699423869618 0.09104566975817212 0.1296496748863893 0.09490644862227242 0.05633301748978589 0.03334492622317662 0.07990955768138637 0.07724511237051591 0.041134260846875756 0.040987705380160395 0.00407429535874793 0.059643415255974906 0.055562036549089616 0.04283985092191407 0.06371516364995661 0.07341014348865067 0.03483015530812173 0.04067828488930827 0.14658162923712348 0.01488536850445134 0.018230410569748133 0.06394463529184734 0.027245904152127475 0.03064760982655156 0.003383804080426325 0.025324045453023376 0.026848255862535544 0.024456333165423342 0.01859403748909155 0.04311575722714966 0.01524067457328486 0.023765237751070162 0.00018562718883356974 0.029157045228125244 0.007015718603281114 0.025585872670806448 0.017418925810928576 0.03675399432076275 0.057980545206592835 0.011856838169470032 5.1698811579678785e-05 0.11356096096107159 0.03162980842044109 0.053425703095519285 0.028070372592844933 0.0253661220147497 0.06816391369330937 0.07776003093861036 0.050801903568187666 0.002286976969021635 0.06656500477750754 0.0008050636333146963 0.003587308974508333 0.015525687300826327 0.08458836868636245 0.00947456280295554 0.03820502663985664 0.09152649045754255 0.053946634157304066 0.07279862177473126 0.03158274293993139 0.020688530109462512 0.05933320938970472 0.09712035129667311 0.018779024195200174 0.002665598905666848 0.08706079962060738 0.019444696090985827 0.018582509256786294 0.04438685419079538 0.1169726454661972 0.06964361949796732 0.018098465365266353 0.042182359367137094 0.0910733783685699 0.0715572499726168 0.01991201894067479 0.07533232800569414 0.008711343961766165 0.05742602383887901 0.05056987616844616 0.08469747683911524 0.09795472565775373 0.03339275654172992 0.0052822561954902186 0.015462485143507286 0.021918563064419583 0.06960622893750198 0.07864958103249792 0.02127260282981206 0.012670458762638375 0.026060834452101604 0.069770475569486 0.006242659893132077 0.0013865766315388152 0.018249331544257653 0.035287371442531086 0.06467769949622702 0.04611784676643114 0.0014120026164614397 0.034194261734205963 0.14800140818226093 0.048966010736560144 0.12166618564709278 0.003666368367232825 0.042862380494103645 0.008008448336095595 0.05807298042078701 0.03398048921166431 0.0036019479033874333 0.00879313040825888 0.004294232720280628 0.018224672386346882 0.03926544558874843 0.06254162851045525 0.02380562781982958 0.040735292622010665 0.012045772498622724 0.06717004459862216 0.01816165912502874 0.02801271147533286 0.018647455092248535 0.0058795694877299565 0.01765665419771777 0.0011728233809536316 0.0031169689922607444 0.0529113287341714 0.04885819709902788 0.07620037596631142 0.03334936120041743 0.0361553801286882
0.10833975795143679 0.17007961864149393 0.13869410938449656 0.18609624426080457 0.24847507119293302 0.303549272039669 0.23812299784766008 0.26850416730511384 0.2610459750792145 0.10132723464022884 0.127585665207296 0.05598641263803102 0.09601924354878066 0.16561308010296363 0.030612840256480284 0.018483912202994886 0.1565009729079709 0.22047272406437504 0.16431153613461416 0.25443235412134335 0.3309962214326028 0.22804275004221733 0.21360955791715128 0.033159141428906524 0.11728204046118758 0.12892548380867755 0.1324170835882285 0.20088155626751894 0.062152163464276794 0.305527892060548 0.17608019859722424 0.1404842342812656 0.3165056613201505 0.2854071921543633 0.10260749793414636 0.17794237862034779 0.0916248602157783 0.04570703069154177 0.15310052807628083 0.08030648851326642 0.11438537658458417 0.112500786451779 0.034183857549961165 0.030327264485004883 0.0447137417253481 0.03729464754556042 0.24287250897771628 0.29035785437702466 0.1251544410031467 0.08529919592203042 0.2641650104015619 0.2912672999947941 0.2544697030385476 0.10765314442523795 0.00798301191085873 0.015004111618198408 0.06601665909749627 0.009849591000227613 0.009730132279833154 0.05249074023995958 0.06983935848717701 0.09972585667921222 0.1521897626780922 0.11863399773180759 0.058143024910636415 NaN 0.1629245054343601 0.2590362952024597 0.01370062385674028 0.0199102476924617 0.06466158221230757 0.0654650567623436 0.2736490544011238 0.018513483381130885 0.107288598303677 0.324482394306801 0.31647027307838815 0.1269651630144589 0.19364021956021146 0.008286685889575943 0.31991434585191075 0.023479477705182793 0.06866021459136674 0.08301486254157867 0.06801896998920906 0.15236081183240074 0.01276298407354346 0.04897141428735227 0.216679629390716 0.012841627630319442 0.041501052610559565 0.19830128878569953 0.011092943436233712 0.07156020170059856 0.1414765515925291 0.05294488630502874 0.06624031851183668 0.047519185161283554 0.025994415930658196 0.13255759033655923 0.105817904185056 0.13288448608213307 0.13749051491851422 0.08855513428905355 0.0806822223841512 0.03006277852410469 0.10376607270315984 0.049760548185949265 0.044263880218022696 0.03244779771791657 0.1495544425314278 0.09546282378640945 0.03634102079747079 0.09891001685299183 0.07591461549331091 0.11084436106834139 0.011311397380003852 0.002367086857176708 0.017953643461886114 0.032484581189611166 0.0736907270320636 0.05331046116450095 0.006241589830370334 0.06171765459084993 0.03563290097485815 0.05325484878312451 0.015182959389206113 0.00995113919809739 0.07635656699668872 0.13872077118718895 0.02620487281530805 0.17655398027170843 0.2195749060103345 0.014095015831376895 0.036522197717851805 0.006608562792999361 0.2397852374914739 0.15627618251198844 0.1389440511013172 0.2863339677267459 0.16413284108398105 0.03600615878793104 0.010228480683294338 0.10083616118647219 0.2046778546571869 0.04787452843935061 0.11573637479818079 0.15948954858523257 0.029564319657979243 0.3600733499498019 0.28292883352081205 0.03658641052072183 0.0077096194369516615 0.08615569481231918 0.040384229671734884 0.2890941286182405 0.22556721117131562 0.23196280302757466 0.15673042144509722 0.009246292616583772 0.16025577104596386 0.15975258703810083 0.09339704761999827 0.1740281149707088 0.12896491977135147 0.06611100486809135 0.024614899645415387 0.07897120580628447 0.11828724996392244 0.2617490972360679 0.14090187317873834 0.05798248308429828 0.048541299767429866 0.02137267279522299 0.15322526081990348 0.15544937506690468 0.00020849325965262394 0.024274901817868393 0.1873370003586405 0.02556383526052177 0.1099175056171056 0.24951652898843038 0.1138888354263142 0.10828555645379458 0.16520115105502936 0.23360098088853157 0.1493204895880318 0.22506139360099706 0.35277087292017156 0.09760258915213642 0.1274176340200828 0.09312519540258143 0.20872319186954327 0.05262244778558116 0.06863753152428875 0.14432218829255136 0.09358648807726806 0.22569200122383742 0.22794319652670716 0.1330143701881363 0.2346901977111458 0.25697074995175606 0.25660240407671675 0.052936611439642005 0.1536910501772951 0.18222747545551057 0.14096197877731795 0.021352467630837774 0.10245954581833884 0.23200110593410436 0.19926446214197405 0.04879118587993821 0.23174597971938088 0.19191778632394157 0.2348997092324334 0.23110388558032133 0.0414984477473745 0.013075610838623195 0.11828371317898118 0.16732075657799825 0.06491020609637434 0.045788349690603455 0.010352683267818224 0.05691699725770538 0.017933076203842505 0.04311844396184576 0.18298838183495297 0.18828507846917686 0.12265864790085099 0.00518363999353266 0.3057954883691296 0.2425906634877994 0.2635395423517243 0.21934043470320466 0.07685750680152123 0.16466979440373544 0.13041601660143928 0.033407123740071626 0.060863942558101666 0.0938681555611629 0.041354100994711554 0.20461053974886928 0.23383013884628312 0.14277355319636545 0.029192951076563826 0.2368957271794502 0.05285251118226189 0.19945532953071726 0.22766972697624702 0.18976618009403098 0.055393672717755346 0.12472836156480155 0.07158650608407631 0.21970970984479862 0.03636437908885041 0.15847123283390213 0.22134019012289943 0.048415667217957564 0.08033118179052706 0.011718490246698184 0.155893822686417 0.12745368369595522 0.0728126843027748 0.009763952097822493 0.10394538741373793 0.0656958734737179 0.1283381159142835 0.016391152225487187 0.05880347748922725 0.2284679200029044 0.1472049304219408 0.01510538535681605 0.05115455783586894 0.05827128046383803 0.08520602907444658 0.059395280658670974 0.14600209436809616 0.03543932631320343 0.03944201875191725 0.08671929453473871 0.0882978731694309 0.1110895305629316 0.024169223177518396 0.05458793609802696 0.16214281457834084 0.08899547452767674 0.11182006630580507 0.07454503701317278 0.05223021369627478 0.02548678233469573 0.09222989313567087 0.020050946028112054 0.09070660967205739 0.061702579155848314 0.05328992248578609 0.15399203073998607 0.10209318903286174 0.16129950623116557 0.026889531276958787 0.07937704020406793 0.10399059091095036 0.032035118170403526 0.03721727064587245 0.095214239337201 0.08466556847055397 0.01950155385870552 0.04574079062774905 0.07164854234747971 0.0823745853911684 0.026807109691373347 0.08683133418248729 0.0336457990026974 0.2552072921907237 0.04736673999967011 0.06687089602927661 0.17792764993939816 0.11745369074248117 0.27834228103876885 0.09659662748571454 0.01761519694086979 0.11907420945929355 0.018863269261125925 0.03982559723329112 0.06334537210916623 0.14140919006324376 0.160502120606872 0.007347573833699083 0.11084362337807402 0.19359640220751942 0.08393802495134538 0.29036992376404513 0.02334466029764544 0.1508683663363389 0.0859774680157026 0.015383049616770984 0.15648331879721922 0.19342130691925047 0.163824596467242 0.19425177591233397 0.0377736994175976 0.16172169101568554 0.023227425068575978 0.11041271914872215 0.06426340435426302 0.044610900230579315 0.02324131819192461 0.09470272284523111 0.02765624287542454 0.050093066648483814 0.2799095835848078 0.06119772589722408 0.06437487036577771 0.09966076761481744 0.10229683584975853 0.10076020402533319 0.03762363103502478 0.06137381663628178 0.055612925719331005 0.10264770288800393 0.11100112424432824 0.11581952811365114 0.12169525901178588 0.0984786049134632 6.958892815651426e-05 0.08823135616862669 0.06485088164914911 0.14830010824047737 0.06767342227793392 0.10226550549992121 0.09298858107970533 0.0577836305117012 0.09352624886222963 0.05474820472341764 0.11681160481225314 0.019678824506078853 0.11771911226129653 0.01715965221508891 0.026822845156440716 0.060930447001633546
0.08493149911207704 0.23450806129947785 0.18296555582607613 0.19868848776274678 0.19361198071108568 0.24197209480851717 0.1949461205317755 0.30614197336081744 0.1626089835486226 0.027146011410374427 0.21247222816170863 0.24835036110068023 0.10059757033636772 0.07691017587182705 0.030231303165307956 0.036599385659289024 0.1113406435325932 0.2970184134299799 0.0895792150977538 0.28612132207977875 0.2558151499224123 0.32939207937380016 0.22811464804098427 0.07964590797673347 0.06788959280800252 0.1551119144283539 0.006436120148334078 0.2530146758125121 0.1326668027523954 0.4055886984951736 0.03389502284571081 0.261861431174848 0.18787118949543252 0.31265553342541774 0.3615732038043298 0.2058147774417296 0.030911399865117147 0.001070533588938112 0.15385711491547407 0.10340175897885998 0.08600467600501677 0.012548920886334691 0.05353195927289953 0.046077040385993084 0.19524168935885686 0.1793177321224031 0.262605360707279 0.1900837322328483 0.10633424382342899 0.04012663947425987 0.2564721807241721 0.21998487372166267 0.21454683080060846 0.15626830412517473 0.029942493082537523 0.05705289823048051 0.03682617247619627 0.022567505476464664 0.07922424108233665 0.14208448447361113 0.01764608512268632 0.053211764270296974 0.07037660834074638 0.023645465150327238 0.05805909883763908 0.1629245054343601 NaN 0.33931220146475194 0.07729016309096107 0.22221974003147388 0.3238258670015523 0.22219838067370923 0.5201885134688281 0.1916349942877477 0.1696866622840413 0.35217552806961466 0.41875659268303733 0.1330491758162544 0.19159382268719852 0.1792388478193975 0.23605934184484303 0.10248725543900047 0.43993168542517747 0.17786133841663565 0.0025475733971515226 0.10970216445541572 0.13764291075505172 0.04158316146244659 0.10951395928084641 0.037004117973649546 0.31509122056865324 0.006246059464464939 0.1101508654808755 0.02854335464402048 0.12857730091386158 0.016177584857581116 0.3349678759947653 0.17548736579582705 0.04030982273947763 0.032770701544746365 0.04779785450034185 0.06678252059266944 0.041504209511156936 0.01275286048812922 0.05201789188782318 0.0014514020224179953 0.04491759840874777 0.029628594323731418 0.07955260399944221 0.059548393969424074 0.0247573775428739 0.0073120618061741725 0.013630523646969426 0.019793841421148112 0.019427350059432632 0.14012156204223197 0.11730834736273713 0.014397091918585748 0.04170446344999892 0.011661597995453837 0.09090182273851174 0.06380166496814776 0.013983122691502238 0.023605940021058733 0.1312780333245626 0.01055203395189521 0.0004940687219640629 0.014717817587860026 0.17997723259527687 0.3623117533293997 0.004972351506755235 0.25442327991054503 0.37700107327622034 0.0844804426379538 0.13122637030939133 0.037862333013127865 0.25779311025265644 0.27998726229161514 0.24928921465168846 0.17447740526872713 0.19726684475231565 0.11596883252096868 0.22413561602576607 0.22978981961693187 0.33338605921901077 0.08809566138548879 0.013886651878542041 0.11437777419499745 0.4512193768965183 0.5571084819250482 0.48638686654448193 0.06412227273035022 0.05097793298464715 0.06507263897394353 0.02308704430561177 0.29369081249614537 0.3188804763298614 0.19179733437363816 0.20050415125726498 0.13914808865486114 0.1178223898222658 0.3423136502999444 0.10000743137214778 0.09969681774885956 0.07448158338985264 0.025888977056870648 0.13831109268912167 0.06707299101510594 0.06295648824402643 0.2516026830304153 0.34944127231953165 0.005955211225673787 0.02515587234763973 0.04280517134572013 0.07718794406582227 0.095190406802134 0.3394486900841351 0.07899180462494397 0.009692085993626367 0.12539811004996118 0.10756065765349733 0.27861051288767796 0.1598985414432637 0.17115928430430086 0.20941707493421138 0.26485331709565585 0.26500379940330276 0.2569207167574653 0.3028623570862213 0.047810354743507616 0.17106031588544693 0.29055454445539197 0.21285785972541865 0.00048749300381951694 0.04832781595915152 0.10887307594636557 0.13828215514403652 0.38453957560978097 0.15639275759965646 0.26624389626208783 0.2860197462395288 0.33605093224699467 0.31285147167311 0.028716012355426118 0.048558079260548205 0.12742402003235961 0.07000900658089701 0.06449916533866715 0.10633157219530144 0.37391473648274565 0.018787908916633355 0.21168206016145127 0.17527183058322565 0.234045378873575 0.34631311719639246 0.24884521305963406 0.008640646030305578 0.09172607790052352 0.12424151587905315 0.15683770214792714 0.024836539757311007 0.05530946575514995 0.027499863508260353 0.011970474240601566 0.12470239252785653 0.06869474202239617 0.2877121377712938 0.0995559884000345 0.06170678307162166 0.07048926450024158 0.24946272115370222 0.22899433881670742 0.2959554447286532 0.21191637975839583 0.04663846032436233 0.1686073735378345 0.06997817241140293 0.08384979422518384 0.010071582621280845 0.0039749260770097624 0.042882958457600776 0.09320900730627714 0.08355651525078213 0.0077692876244687195 0.03580314018654073 0.05021021600291851 0.5123892099175494 0.17510520279771075 0.009032373793064126 0.007781772322385331 0.17297300862932338 0.1846023193670059 0.22933115605012624 0.1817284603063791 0.17315056221145417 0.11841967598673511 0.2356620850328699 0.09113163107870917 0.08959182597235041 0.03326759498182917 0.19342640387494067 0.021629155135774524 0.3290176113701091 0.15081653044534285 0.12462950986661753 0.07882240184672697 0.19436744809193496 0.006159973888202013 0.20588595325017406 0.13379969897324445 0.0225363119891329 0.04866512694215977 0.053250812047042344 0.014494868741849644 0.18135382307664935 0.013551733578749229 0.2923831432732381 0.06860253513928904 0.02703262224347044 0.059855643565674084 0.013258127272952282 0.06737969896693904 0.018450698186200203 0.06478718462726608 0.020404159583284995 0.05120820275839893 0.055969510919893314 0.04744775383083308 0.10484847007451155 0.05463488658279235 0.03655389269921865 0.04830310850611064 0.03845875832165607 0.07286243117320243 0.03939140288638636 0.2590810236667582 0.1996974933133729 0.08844172638528901 0.060322649623409226 0.024259373230995335 0.1403000179242047 0.022801617504311252 0.08865448848342651 0.09678276209508543 0.18590280089514855 0.00893096625334917 0.04284025609102588 0.07926716731199818 0.1890488655547492 0.31148106554552357 0.015745334194685722 0.17769842271983274 0.332570436221711 0.13663888229980056 0.07314200874671735 0.15219017917300776 0.037355664309016906 0.2983584719552139 0.2225617801465333 0.13627675223099636 0.09086397178377134 0.027317810718686993 0.17770100770545724 0.12710019378188833 0.21992073405676352 0.06492910184526811 0.002375223027709033 0.017207072073783677 0.3418775461361794 0.3501259149805498 0.37451374334100934 0.06835348304227898 0.1843943261021122 0.1299178176526557 0.005221283674697877 0.25811975552023486 0.2478240591395063 0.2606920580548557 0.2854914785506367 0.1065313833296167 0.21494329597103107 0.10490154845749645 0.2666437592860723 0.06127360595779629 0.1198611359315957 0.03509501819034246 0.14010674792569208 0.07838876713314817 0.05892810623044468 0.20460567197986504 0.24209055916549785 0.014560125668366918 0.0625916873395794 0.06801588516054861 0.1310439691101789 0.033149671012464126 0.2747747534377817 0.06958668897766047 0.053392325972772124 0.08457940409630094 0.3017640849098597 0.06550239681966702 0.16185752662371466 0.05349182007799536 0.01419610702635682 0.030446436807533683 0.11965600617149894 0.07310652501185537 0.11280117397715944 0.03460447127963321 0.21968697179718738 0.19296868688432162 0.0616620626486088 0.029219316391481315 0.04050235678382246 0.10785844590020889 0.03781672879631444 0.03540599210470249 0.07845264599355639
0.20050937301635607 0.2528159278896415 0.03874801148763386 0.1160331754004284 0.07655018659430707 0.12898261985056933 0.19824113895955475 0.29316108089301945 0.18468098218095552 0.1292605379509469 0.2559353266976685 0.23477721649864364 0.11816534646783014 0.025354479726283196 0.15407740327444072 0.051432330338126074 0.11250193751973235 0.3271685345263049 0.004162933784526604 0.12350229323464769 0.22957543061330354 0.29902261195584684 0.3187765818945524 0.2207527218292662 0.12663557443812037 0.04053046801843642 0.0931304308461699 0.23891306557632322 0.16969487419925453 0.47191520487463756 0.2998520039666307 0.13609768731162003 0.22081999998540439 0.2749299220579178 0.08891523935642756 0.14866402965510586 0.0028989094235378613 0.11261403041465791 0.13243408902091233 0.19503984282126444 0.009878909209746904 0.09541032418748019 0.03928001712536426 0.12712729544609314 0.02306385409531955 0.013153594703099727 0.3141102178075961 0.1454145156943345 0.1627251724076399 0.12590603540234702 0.3011101665757986 0.255264436113852 0.191353424675141 0.24993402481274016 0.13977614863437637 0.19084001075893464 0.08397962374825925 0.00690900570370394 0.060661195291819604 0.14620328082183887 0.0032094763569448046 0.08572320732247588 0.0790058568556606 0.021705865051732682 0.09444992860038257 0.2590362952024597 0.33931220146475194 NaN 0.38985156342649474 0.35467296396943854 0.3977339366072743 0.16509790654043313 0.38730040086540696 0.06518471830866292 0.1457634521599046 0.2688246299124499 0.1635582528858022 0.1592913473947572 0.17900731257064428 0.08729135949434863 0.37373909006126327 0.17733131946104067 0.049116481809099964 0.12881178732287657 0.26424487840729155 0.1589406959675037 0.11266016491242438 0.06867295030112484 0.19094726470190995 0.007798916346215682 0.03277285178639607 0.020945064079682194 0.048883312697519846 0.03313808887135391 0.16066622076600579 0.17171129040839592 0.06451974336805044 0.3553475293956128 0.02229553485475165 0.09611465436438145 0.15032515226130252 0.004691880677586201 0.08178016774426564 0.0076988589195046 0.09817274033164186 0.0029111738242011266 0.0059446429579370985 0.1030357808251886 0.020623703664414496 0.052641015902808674 0.038227359734773314 0.080620881144058 0.027626075708116003 0.026986304313772448 0.09323633423242661 0.2760815689468303 0.17544594427959168 0.08207241411360017 0.000387126396454666 0.10501107514137066 0.06117584156849761 0.01088779784356152 0.021562681495324254 0.08771461891063956 0.19024662501177525 0.10515757267430914 0.09316993256649994 0.12972347469989456 0.19080496996333815 0.04385085807238975 0.08736150566984896 0.42633456548938103 0.07186012699831552 0.003966614925683806 0.08375758512138562 0.05743077258098451 0.07768504867302872 0.2750680717725543 0.22752599303568577 0.15279806229864687 0.34317619083761436 0.05333245994915872 0.04730298329262318 0.08245990095356918 0.200083337679339 0.0935547189804385 0.03143822985500144 0.2629250982735729 0.05304731075057796 0.5958368145136315 0.5038191288835441 0.017969917484487247 0.12853672554996806 0.15270095340037912 0.05751793553251942 0.28075118059572385 0.3482242630704254 0.10681509297448381 0.2451911481726901 0.13766780395095018 0.01073987868000226 0.28731746880067666 0.14834410942526602 0.11369625086241032 0.18896366844493132 0.018229209066920837 0.14951058056467267 0.059702276359063784 0.09702978016814491 0.2043598355395868 0.15111851209101215 0.01307471423461618 0.11851578483425088 0.14003133277512086 0.07265321025830676 0.31818390249180933 0.08451545286770669 0.028474029578808294 0.14979574917962174 0.10347604721889055 0.20911794745911655 0.17083883141405845 0.04461403405281302 0.18602553382685763 0.13558403310410963 0.0301634108684061 0.10270935804264289 0.24885922750448738 0.23670813736408702 0.007417109915300713 0.10365209579094076 0.21389690907218115 0.12521525802968922 0.17041521264344292 0.2261992442626949 0.009608317968984734 0.06908428849899882 0.29673203246332863 0.03528910162328292 0.09055262382735078 0.17274303126743995 0.2385109979577437 0.2737012027246367 0.20381770568157384 0.09670821834602714 0.008115888210316174 0.02594649202618912 0.12181435226996003 0.22540531585203838 0.38741411204430243 0.26291860817079604 0.008579864674610246 0.19711191253083332 0.17837957006488453 0.20740470369673744 0.14374824480043646 0.01276629364901662 0.10697711954659381 0.0483630648566539 0.19110068355073667 0.0034234352908728903 0.0875641958585026 0.02862645148410443 0.002695781715572855 0.03390957477795041 0.014807879204040472 0.36553396024844337 0.01785430794106881 0.02815124874283052 0.0008170359561409036 0.2591479881823478 0.2449902486740388 0.177120106469784 0.16645090786825076 0.1242950006866638 0.16986353161902754 0.01772459070228437 0.0018173266336733497 0.048706979254884486 0.044744461210380136 0.011297999815242982 0.05208017892466454 0.07811579599412345 0.04358109297839181 0.03418283168411126 0.0463759828848002 0.17384367070754925 0.48446348159486136 0.10553171468783336 0.10005747181217738 0.3063627463793169 0.41297942560021983 0.2938927252760698 0.07249580802248841 0.10062559635969025 0.021605486993007184 0.14585809867312513 0.029890609249531897 0.0054375054323405015 0.012520409608600156 0.1371445132776899 0.023208432720247196 0.11501254235543672 0.03645336409934326 0.18553830829020057 0.13990579510941073 0.21146215289297055 0.0023917931409753713 0.0598164501796259 0.07438399461748954 0.032364728629019054 0.08967483560104879 0.031543019727179565 0.001015728226775238 0.041719265399310416 0.059067895335666004 0.14026741941131277 0.1659047384116627 0.017254169192153727 0.13664256961173682 0.08118349533972267 0.0583841604260027 0.06306601204547095 0.051993042994134375 0.05085046422940522 0.009084996113425904 0.0008060942824306622 0.025894514541374713 0.15598822984803862 0.011967047121520205 0.08531353493161431 0.052387534482909844 0.004599946032274976 0.09979096850294535 0.043082628969579914 0.23492812835515586 0.10517444893003625 0.09845873615410672 0.044976211431301004 0.10732953014885124 0.09817091799465476 0.09538022644799987 0.020616177244292547 0.020422744367159632 0.2760873258742025 0.002613501429868371 0.1037641199976641 0.18922043480904388 0.22937230008743942 0.061702814313084456 0.07441441327892394 0.19030568886313884 0.05654179602984927 0.06785673862751053 0.1863215647577192 0.10950055331359548 0.05690761968820943 0.2954705825753748 0.2544360150191983 0.10112887349119856 0.2232796815459014 0.05883131183039304 0.15380878015997984 0.13699842227319475 0.19147715067178406 0.04568981037219352 0.03641698408995877 0.28598482674044123 0.12757423985385485 0.37939605200366605 0.46964501119993174 0.062311649569748696 0.21130587834577536 0.09943729686018073 0.04687487622607567 0.1549572622879659 0.2224228973445832 0.0851920531140179 0.14203381795856293 0.13727616857515296 0.1131541315709546 0.0694090548115588 0.22127949128482008 0.07271821944828083 0.021654010823636466 0.03571635023532073 0.1693824465485156 0.05918353636924049 0.07322634120096864 0.369740781058553 0.22559406689376985 0.04758015998764194 0.02443365780151349 0.020644541926537946 0.18914202099035285 0.11044758763822672 0.06687278802356822 0.02907408402783249 0.057910666821926075 0.16513461439048135 0.08359094296259652 0.1166202854167329 0.07169289626232767 0.05754119475428238 0.013539204594425086 0.10612011044708657 0.17292669871233363 0.08863079606855669 0.008134527899859922 0.09535978006387212 0.11239076676367539 0.06675608284442454 0.011481546117738273 0.14064158417795633 0.011083848300211807 0.19030119732866746 0.038425015936360635 0.010502169083573522 0.06416000156111205
0.030646104866800437 0.16592351036524583 0.0523387760929033 0.01256982308711835 0.04735674498702636 0.15493922567613214 0.2450068793042078 0.14858066135941103 0.04680867069213929 0.21442917512005363 0.18542994450770572 0.34947844189867056 0.043188787958746075 0.19309858907405106 0.32059663465142657 0.11636263654777174 0.14603360047260716 0.31980413840051664 0.04837499943136358 0.1500840129469663 0.058347980062345546 0.2770468375488878 0.25406765251801666 0.09792216645742838 0.10234123970558641 0.3652961507319734 0.06255074581261671 0.16636882223655203 0.08851952568096874 0.2704556444230873 0.04143868004390457 0.22448010354897321 0.07662165979179132 0.09823120340927473 0.15972496728263205 0.04045161004597744 0.08811275086188056 0.10138659321239861 0.04246911972384772 0.11966047886407805 0.043334932141464735 0.05727400372171706 0.07455517756302875 0.02574252416729658 0.06024056155059624 0.06471534681549762 0.15566723720007833 0.0669779949118476 0.0669669963776721 0.04237055490973047 0.17533694314257925 0.0948838769762788 0.04846606970549235 0.13516289490789118 0.042527937623768323 0.12893694162088956 0.051327576254004956 0.04239792705986009 9.869323445494543e-05 0.09341893720614695 0.055278092374661074 0.1784113408538287 0.052713750901427256 0.09598110523642571 0.13708143282682142 0.01370062385674028 0.07729016309096107 0.38985156342649474 NaN 0.4574436047370067 0.5191784927441803 0.43134560402947386 0.03469183974413745 0.2626868416820751 0.4868331924157217 0.28300172129330947 0.20496334176780273 0.23226093281954213 0.0704139899841258 0.0817486340566231 0.17973195528363717 0.1749842379850374 0.25033048473506325 0.16605959078036595 0.2598574282536094 0.16278971321597802 0.14304373513813862 0.1665516339777708 0.05163702204250751 0.00994255557244189 0.17806155838385168 0.08663920363585834 0.04931948735783301 0.28833211657306085 0.017521323887847905 0.027436875081842668 0.2669119688313236 0.26829022944582037 0.043468209715803195 0.03714028979385514 0.044788472752965 0.06088585554165367 0.15706113160684232 0.10395860943551753 0.19410030946465492 0.07326809847422991 0.09544282914689659 0.013326536122311373 0.14625819492087871 0.05605169931193124 0.08192309844946931 0.10774690885933352 0.01132277874822087 0.026933202256613095 0.05411897453608622 0.1771636809013356 0.004826636372190933 0.08301904483912452 0.006579455714185415 0.20955874148472614 0.04096963995457311 0.07214149988575543 0.2178550599768449 0.023345161331930372 0.2982408768731719 0.1747884137352839 0.058899585983313005 0.279291174792351 0.4061296649499382 0.04566755717732504 0.4049978698371023 0.40031615582487134 0.2892534543109136 0.001559745819519613 0.12903457988288167 0.17975923748319533 0.17697671728557376 0.26130769705218626 0.2456444978540567 0.031701682562917215 0.2366425241575884 0.03068335749440227 0.12175840030603806 0.30107102449402073 0.23185184474015685 0.01826425220246518 0.1157851671601973 0.19482732299667183 0.23446474166521036 0.37508780328229147 0.07802009539857091 0.004300182148346015 0.05917644015051156 0.221565482585301 0.027546273357869085 0.16534956781307553 0.2963159320048724 0.18774562285625734 0.26489919381406407 0.15543157828403045 0.21205701205537347 0.12347615813261535 0.12322115634574211 0.13276408038768944 0.12467493690975683 0.04325909632970368 0.15228516821829416 0.0324811165365391 0.05603643697951841 0.06262670382229775 0.2440461229005396 0.0747846687039718 0.01771261899953864 0.07989607654106803 0.022441332793112657 0.3237270869057036 0.08053693101539933 0.02564057652164888 0.10072887510492536 0.040150221927517674 0.03651522749486443 0.06209959356288908 0.08052505693039329 0.014292746052112152 0.015442718189751957 0.13804336467900627 0.1996028557189145 0.044465625294824986 0.02448244072988157 0.059073694217906536 0.00943203281689808 0.35703778944636444 0.06626820298421894 0.27423159772622413 0.3413026246090886 0.029347692474805717 0.1288835013107128 0.3298944847610112 0.015352888313088404 0.1856492923095151 0.10501812773461938 0.26486260845299 0.14328123914020288 0.10845858760974356 0.2131026699323852 0.43937976945178814 0.034225071702865636 0.16393107836224452 0.10585695753177468 0.21870337089085834 0.039996078978272585 0.1388421549012769 0.0011266434281544577 0.06591091852245276 0.243884955217235 0.055769634362755935 0.050761304367083766 0.16790397700880624 0.007913371309308434 0.07507442780869086 0.018737081917321045 0.07103530426662086 0.037679662476546354 0.006249646798224477 0.1532378717188315 0.1194395505612725 0.18847164228664984 0.007821784143726942 0.03121400072026134 0.11269320985269707 0.007229658399996389 0.01445991829186652 0.009852514332140419 0.016627147447502322 0.010319601026001246 0.005177802636293777 0.05093130240286165 0.030525784595998914 0.06429868593958629 0.03902679291061988 0.1463999722840005 0.26517937292994825 0.08902997706053291 0.16514464615134927 0.06653672597496973 0.042677100789946035 0.19465759719772419 0.33940756999896093 0.6335264709672591 0.4799075115517607 0.4071393482928953 0.3903435919997962 0.1180392041952533 0.23969969196833524 0.43594300408729775 0.401399284045587 0.07877233838292487 0.18481981252078375 0.0692308309757173 0.08522621443216137 0.046508475939447035 0.1211611967927645 0.16389781382523616 0.1460336266482682 0.22580709489591677 0.01024418634001004 0.27334157601327524 0.2377669045764401 0.16921754518337068 0.17072063707806 0.06721095785558842 0.0760283333185699 0.01871754354895357 0.18883101280526265 0.029207196057388758 0.00601616974696037 0.11465811712114869 0.10992932117271853 0.08431190929739714 0.04728572621721223 0.054032398732239126 0.05355027800902233 0.11218157936082723 0.11477327682389182 0.23887941220210746 0.04536938331491779 0.03624829104258474 0.04611390536300574 0.006434622329397497 0.06314753758560455 0.05685969157464812 0.02327110355162042 0.007092479273314277 0.08663110704876871 0.037226842042202495 0.14165229625654407 0.14385342544995336 0.10228300022305041 0.10314519980297499 0.12244562465346537 0.10651306976429255 0.10596587466482263 0.1126393024402037 0.10709201347316367 0.34023947610264355 0.04795227575647906 0.04767574795639779 0.40334827234470566 0.43618026455337083 0.3056767720998787 0.3017806876427695 0.3841057367023186 0.26790212748837383 0.08225492104049881 0.24209676473895114 0.0455047456495957 0.2179003126858495 0.14764799084447067 0.34681797678726983 0.2208986376160008 0.11031925850440194 0.0795592659334514 0.2295970293576585 0.37813160117029554 0.2646543461951612 0.1932454985396852 0.11982410846652915 0.2461526158790729 0.13078771000313053 0.5703239582006998 0.1911662433948863 0.14702653084734935 0.12519184240733097 0.0483101453014318 0.017829713675456518 0.10395296306316644 0.10204503183803909 0.14041051852125241 0.0859330264678766 0.16712249542646176 0.19256531487406803 0.08515651901528302 0.28436899508079727 0.17590622199334668 0.03801994156431928 0.15207291466185283 0.06414945827875894 0.02137498826679663 0.002975887140793435 0.1400117858844882 0.10675389250380096 0.19394373884502478 0.001802671680743476 0.06812679139131067 0.11607190676190743 0.32173763675750555 0.06726420236511262 0.0007354907805641754 0.11378402924355446 0.05968162106124782 0.2088960977027495 0.07086345340240498 0.03879396792928912 0.025228442583425322 0.027699202390667026 0.04908194392104778 0.22502960177504122 0.077969782721878 0.06854176457900744 0.10914498613181774 0.16712112727371894 0.1521325398773036 0.06356649904428846 0.07487710623490514 0.04123813883006906 0.22608565237256448 0.08827860998442785 0.03976414619115176 0.07731193233860106
0.2025507047699827 0.06341835459331745 0.016277626845928112 0.10409750766984448 0.0768216980734688 0.023679646729540708 0.12975483454003078 0.16650954404339519 0.02275769976597118 0.2927968910456431 0.15509778034574068 0.2616971775865201 0.15046788820455484 0.22340724355767896 0.28361973587521794 0.0002954337377788019 0.06944581472421392 0.20940374646082552 0.025410118824794083 0.01675067085804758 0.003392420461603943 0.18168209595405213 0.1470709557648486 0.18629133997785968 0.04688859598575687 0.3452841687668871 0.20308149801814895 0.046136055409029736 0.13457680450144316 0.126683894591092 0.0619430353646981 0.08298407061711208 0.14101763612124676 0.15552558071108902 0.01932874432502957 0.01716809037633304 0.16799257940679319 0.15344530939225554 0.01911553380504132 0.09660815372859242 0.046349341241195136 0.07564647921804855 0.0949790134859944 0.21638798237624363 0.2196242532033739 0.18426610052785944 0.14944294185659301 0.013426501667784602 0.06135557182545749 0.05432525467785293 0.1979812676136765 0.14830958179909667 0.018279115926713035 0.15765632903851606 0.04656153432522042 0.14315311197275163 0.028039924557207028 0.001356782177841468 0.07832324868308783 0.17824469962164644 0.03021219269122762 0.08111255856874772 0.13299398720068545 0.037481953000675285 0.11189304712367126 0.0199102476924617 0.22221974003147388 0.35467296396943854 0.4574436047370067 NaN 0.4319131641814763 0.21610915284716617 0.156866313903225 0.1382590642196518 0.2894448983226551 0.33453563504354866 0.014854213419464316 0.053352044896198714 0.05675880170849512 0.13735012863963497 0.18857799015445892 0.12118883404539675 0.032436936258244044 0.2250973069262572 0.2669314530520665 0.11598054771151982 0.07240368923867638 0.10228630805412485 0.06283210349977299 0.025374235270071606 0.0776310963411647 0.01848739670391329 0.03455519065908505 0.17210447528782885 0.014340814605033846 0.044748707527656986 0.09366602158598811 0.1517700533965437 0.11512699759137095 0.05139294542226296 0.03262288209723016 0.1344003731337239 0.14747714057245886 0.17123292703852294 0.14679374338370962 0.008335914323576318 0.06212524725741211 0.11179988413741243 0.0853234163167865 0.018488438614518564 0.031650696108299146 0.021491838509868355 0.028362993472233762 0.09815974001817224 0.033418723053566156 0.1763197325982597 0.03247909658884044 0.0535695628462439 0.006304016238530716 0.1552329354371033 0.021763435346672366 0.04110525823180514 0.15913937975765108 0.06916904811570317 0.29841513440822215 0.06896800443070532 0.04244539890676093 0.17178323918027816 0.23268453357081828 0.05288641831290784 0.2787876226057898 0.33679366031775015 0.0866302260478445 0.11536268022608986 0.069741102333394 0.08863998078574009 0.02367328055207102 0.218206567708123 0.1732651526851294 0.10383240605415964 0.0983178149488269 0.1336624334001924 0.28087988505348266 0.09017366884473706 0.002400076459290631 0.030984472190876394 0.1975645021975763 0.22592625208991038 0.08429169607005713 0.34937291909067913 0.08827536971778696 0.031913848119961126 0.05376474659167637 0.11988570747359187 0.01388472484141158 0.04894102259130251 0.16439904994376947 0.11791232088482223 0.07535994698885909 0.013353724363000577 0.16016652740602202 0.033200788354263384 0.14215204912277754 0.05365764497144657 0.0511490276704403 0.014729800211279684 0.12823447936878074 0.045213823199663716 0.03092528363140426 0.105028333546549 0.10038791384596524 0.057169301618113254 0.045724892103575505 0.15496587951721752 0.013961069795270672 0.28309784529555637 0.11715403884019014 0.05902560445671603 0.08971178473924174 0.09973803399365606 0.1891013183666065 0.051711742165284715 0.0067490829524812735 0.12465550181261786 0.057125380684036525 0.029901002406178285 0.11130566483472262 0.048184107707849214 0.06738594226863649 0.17692684440303455 0.07532223634404925 0.21500939890871384 0.1355582771002298 0.30138522612049623 0.3699312925671488 0.09569947656680756 0.061855470867337864 0.27098261383321093 0.060482052506540644 0.06942019845503225 0.06357266871791874 0.16480028788974435 0.08831109842775949 0.17820474280671658 0.07989126226898242 0.2485091544707865 0.16426959864801938 0.1948877430438869 0.20812829951349868 0.11284951421807529 0.20430643562441336 0.006657655461023388 0.04523751934511731 0.09744893955523742 0.1503058511835292 0.018754990138902174 0.09123365882439839 0.280688445863425 0.024649989999311953 0.137198583130931 0.006053710451886305 0.08790781714215512 0.04107326292555415 0.15695762438760202 0.2492252796300466 0.23642845719328814 0.20465733988794646 0.09367275999938628 0.1093825307210119 0.11661208765822348 0.07367414427868496 0.01959206078129077 0.03087698148824436 0.10359912476705188 0.0036809381841212212 0.04150478166151892 0.015087013947083871 0.03134747684481359 0.15280360010160876 0.1387534088070291 0.023543853944712374 0.16507414178942156 0.16015778913576612 0.04212915915924065 0.0033195625956851864 0.041808463701319944 0.19255463897468364 0.18371047978723087 0.44332701559467474 0.4246448642587317 0.2853648516878492 0.34371509532445654 0.057093451575658566 0.1813850652479291 0.28695524808673706 0.24174925438409148 0.10238343504903334 0.07333151204737777 0.09391345043234026 0.004161520218601366 0.08362130125554565 0.04875441158216299 0.007548729716354372 0.21781534311958814 0.2493587759603776 0.244923183526836 0.1512234222786515 0.0936473069128393 0.09346052172412747 0.045121855336496146 0.1116297012663132 0.11495787917994768 0.0762164119165467 0.08378546839161377 0.05996012722793857 0.08580199685140946 0.0467126603337664 0.1349591121162332 0.13496716159894875 0.02213664418125623 0.05538438721736158 0.08536750565533177 0.14252999069725836 0.16043582278873336 0.21364242506709918 0.027664229224764844 0.026792340787402044 0.05490606119823931 0.011894002913210404 0.01609962871621414 0.021798352872694857 0.0009515478914836021 0.014508089536263835 0.07332729966636901 0.004335883561611575 0.08148165115025335 0.10905791708442167 0.11149787978169828 0.08514704390833104 0.13868079356715257 0.053960355002670976 0.08122811276791528 0.06463496544561213 0.042750943351100405 0.27669836561359346 0.01997923849038394 0.02587950234530292 0.24622648220121782 0.21969708727598444 0.1669741755136306 0.23475756153297644 0.27402809998207955 0.0027675370638922487 0.12947919362670304 0.20041194062936266 0.05684218007041426 0.21436766776150987 0.10025369215309968 0.26174997510395537 0.02202793435579161 0.0623440241978527 0.05192817090543381 0.3070511327562868 0.13445389993242857 0.02557177878507311 0.21132563076035663 0.14985738325337639 0.24871736049801618 0.03236555802614221 0.2925319183060433 0.09224882794087562 0.11443156462757692 0.055438391192440734 0.0015884769807082537 0.030471295312533914 0.0678584420459877 0.08000210182171633 0.11951458872205895 0.03282960132426475 0.09474267786111491 0.10010267109413695 0.12977515167888035 0.18211177907647982 0.1303208946163433 0.025413065499676153 0.07447379895697548 0.09102144096499562 0.039304835378241004 0.03640360263141611 0.04620260624737503 0.038158477667705464 0.10276476914984738 0.0011717287175710706 0.09600333130520997 0.1542099549229932 0.157586533145043 0.11229744621200081 0.06097054064578861 0.07488845991783172 0.06256623736216486 0.15136449972500166 0.15149565143452162 0.04152657277605959 0.10903229763513007 0.003786993971120027 0.10343486640143648 0.2283069901315036 0.07979207162278572 0.04407491549781955 0.148909620561877 0.15658747931798386 0.1387382029462214 0.10174857693902048 0.12724390258301527 0.014331184530408063 0.18971432252401452 0.14473480309183648 5.5347490913357806e-05 0.06933168627360209
0.08839691339849566 0.15104526782868877 0.06812292845331697 0.00824061413982982 0.05848706858252142 0.14760168355101844 0.18370426717048646 0.24116763171369407 0.04537193004727986 0.21814641522109393 0.17312514561597275 0.323737255281221 0.05122030339074008 0.1304360593417472 0.20145552277474157 0.00582063577697738 0.11210326158523884 0.2757284068668004 0.04181562324293705 0.19177772786632646 0.12199804036497261 0.2844488732413016 0.2758743060456393 0.16207297389749642 0.07320197147776535 0.27712193490874404 0.08458756350572635 0.1913093325157988 0.060742931812986366 0.30386035648555015 0.03156404527315851 0.24403509389153882 0.023395071825543155 0.24485258332298074 0.08232417834229565 0.07464303144640227 0.12642015548791838 0.1202763283954229 0.006481296124103002 0.1252794096173609 0.023704944397783576 0.05496127166750028 0.11129124659930781 0.03476030690841704 0.14916426368875782 0.12383943843196245 0.22779959534463398 0.07195216411640294 0.06847179868493622 0.07978999496074923 0.24156281284759681 0.15540345288767307 0.11897791368215883 0.15552477913347254 0.07638595002080291 0.16130906845572907 0.009777520910651106 0.04114874291099863 0.10500125932372958 0.18834390122858155 0.053009070075360196 0.08500193500162043 0.09439960677370969 0.10108241185132028 0.09393529833718092 0.06466158221230757 0.3238258670015523 0.3977339366072743 0.5191784927441803 0.4319131641814763 NaN 0.40089915987888575 0.21113446827757304 0.22844417929530267 0.4146532395003928 0.3179560702874336 0.01977348962692291 0.09758697492103724 0.00710512395227895 0.004953007702940855 0.20091011607304177 0.09830585171837412 0.027871382731478194 0.060153972045062086 0.19263078749557408 0.11609505505729956 0.20501395005618928 0.07659694463125415 0.023622149608229042 0.02917918178549338 0.0012537978893029746 0.048163260445779475 0.020431905797465594 0.21422288181633095 0.023766114868613464 0.008087939705422197 0.11160741966732507 0.2591652398887089 0.061063400146227645 0.03519172554457677 0.03248527708220972 0.06639807370863567 0.11605848393298053 0.09582910798627099 0.16644698894569063 0.02536032693291339 0.0834497140822327 0.06490782491367758 0.06275583771859519 0.03153796937697379 0.01291072185386366 0.051688636705135536 0.041443407148425544 0.05363097383165107 0.09164435557499193 0.20247107313954152 0.026684676103558295 0.08100676884796125 0.008299244516186346 0.13776760623369377 0.024016133886076974 0.03181005825757962 0.11565480680046604 0.05632352601876274 0.3037990095967487 0.0676218197087401 0.06239622078616098 0.23615292943382482 0.2985930575462098 0.12542022268835187 0.2872068208177704 0.37993837173743805 0.04802060354406798 0.04956247465778842 0.04317635089341373 0.10906254651815442 0.036047495083397794 0.3137111694453137 0.2316339909888354 0.019020918664607006 0.1426543166052345 0.12690890225681475 0.185008218894221 0.15311880304431025 0.05094109376637438 0.05160632771346063 0.17522790776983588 0.19057502284336872 0.013137022940543926 0.49751440888345694 0.22925172631440696 0.03456252029298733 0.0237185226834351 0.1467362085272024 0.04741282107999698 0.18936746934116414 0.2794043278884921 0.21169091462677414 0.19577377679272573 0.11477791435423287 0.0815482628367381 0.2100479318502685 0.1276355375940294 0.0939713906478172 0.13156042855971328 0.05821572640817723 0.2229561033889304 0.02621339776875866 0.008701079780919286 0.03550597057170257 0.02571675556359909 0.04495424890862943 0.10633480952165432 0.14159808361881884 0.05221674923210615 0.27198348303218733 0.037236770305361586 0.07625439087748605 0.019677453845919582 0.07081713169502286 0.07494144339527287 0.11024629581463291 0.06433193182659824 0.0016423125205248543 0.02839302507593883 0.15618355634478742 0.1692763311079483 0.1285574744188555 0.13958842767365026 0.10631081671784093 0.03802337166315856 0.326834405603658 0.0008682885957703043 0.18155242501264146 0.2713093692584241 0.007469671491277152 0.13445082608719058 0.3368075546747684 0.007090339132569838 0.26017631191998336 0.15856511164649853 0.2947884830130894 0.15973958441821645 0.15070565222796062 0.14003674444932676 0.31333005536057446 0.023452393183168333 0.14087373538349812 0.08223890803220188 0.2785919931563282 0.0012498117053399357 0.16833542200911125 0.12183309393366042 0.1338149472110732 0.2725895426321661 0.012873214677524468 0.1029643264512625 0.15146773468399885 0.018534983732218086 0.11996798606581976 0.02875746326808339 0.06894203605027631 0.014530213445124875 0.03558157423653782 0.17519509788657178 0.11300570030170161 0.2575925596513429 0.01558617065198241 0.004262663378694366 0.04933300069362617 0.10765123315296901 0.06473768729903659 0.07714705955257802 0.11559412123521334 0.03536272521982605 0.0490487180815615 0.003273634709306622 0.048910982474112547 0.07242359051570325 0.06300728308532474 0.0603488472690126 0.21508470504938307 0.011713075382999793 0.13448997234970564 0.03340031915041455 0.03357609414012113 0.23624912652020147 0.30824856307458587 0.34299779371983424 0.3164613559473975 0.2995740690758127 0.3371122887751377 0.12161489555801977 0.19722970520572994 0.3198140026096678 0.2926348165805567 0.04719733773753195 0.07834634456408945 0.0014566642943363139 0.014789223536639605 0.12772563013548616 0.0680501312059603 0.006551081063730821 0.07018639006493771 0.16658431334022752 0.024125241001648826 0.2563812537532865 0.12550948148949972 0.09767096938502841 0.0763197283258258 0.09102069408229209 0.05399379990887431 0.04038577191800224 0.12995682157509206 0.08457114251769125 0.04135859805213275 0.015666403592485802 0.1067167814385478 0.07610515344385875 0.04697078417152728 0.055201665737829794 0.05463637051384819 0.07470539714977935 0.0772816872408626 0.17859143262629013 0.06047052347002443 0.010963140414973246 0.020889861926144462 0.003581147144862631 0.02638329688239253 0.019869474901796323 0.09510690068900236 0.024984748411493705 0.1075793658731853 0.05910224377421549 0.18999662256205213 0.0050111700459981295 0.13490902252434903 0.0359470409817433 0.05446340406111944 0.08430549302159089 0.11627615859033398 0.11557687286992495 0.0370741527877 0.29835125898953296 0.023778585575245804 0.004101807998221023 0.283575699096399 0.35072919653718804 0.2552830201719022 0.18526783147737363 0.2728852706940056 0.04131463591524094 0.1305808179141567 0.17900250022364428 0.14599002177355638 0.14053312932960668 0.24800634193999582 0.2562125659740737 0.1732353652678784 0.07754425753226817 0.004950169544388128 0.20930016836179904 0.20915042224508876 0.074016034453018 0.16846982140224132 0.11097262755117294 0.18714680765762162 0.016825770146018947 0.5150248489978626 0.28716997713586556 0.09624785626863325 0.14786510678230422 0.08125942878889227 0.005029004208616825 0.14797166871934894 0.16262538383607636 0.20822038258467607 0.1540045601748856 0.11492307956635134 0.21780049613228733 0.01230740139425839 0.2586624050853688 0.1715253294707315 0.04906495526893383 0.13249580159844773 0.13290773856657623 0.010174773900404239 0.0387029718553293 0.14404014120706118 0.01480555450197966 0.12184678547581444 0.025919097912962766 0.02559935026860179 0.14906215899853367 0.20444592104840498 0.17248620494028574 0.07202128541597076 0.008180497973285688 0.044637738715342476 0.018793431615646682 0.03144542019821846 0.09919469575082869 0.0074792101279006805 0.06418816996156333 0.04042752333522618 0.19738773693003878 0.05765586556667062 0.06340532366584445 0.13659035287110588 0.024270549846713316 0.06459384585202706 0.010427618076448873 0.019929218226920287 0.036199496110513533 0.19112615950134243 0.025378280861490077 0.02331087116772869 0.03774657810975064
0.03558767819753909 0.09146367699078668 0.040981652030034704 0.03147180209537729 0.03420556555438178 0.06552731858965667 0.07578766862271 0.13681159907330998 0.0008106058455847694 0.202747991791941 0.12523067280900238 0.3754738633534584 0.0014909192861358779 0.12720843660010006 0.2170850732184818 0.026013407442653343 0.13396032622636997 0.19033098230293177 0.005301407535601574 0.11339584318105271 0.052588988475125796 0.17460208388640938 0.17609758979345924 0.11202224034900461 0.04438314425439219 0.2566435885153036 0.15838573405613268 0.03171973904842736 0.1861828427327539 0.23315010189307978 0.09740024198354445 0.18272176044435948 0.012777168173786357 0.09986813323278035 0.04862695398660974 0.031106223221050642 0.15110024630732635 0.17276752046787416 0.03478404989212244 0.06617169454518564 0.022993076699239386 0.10368209811237279 0.061276136449730775 0.009029556280201825 0.10274103310294554 0.1027345868772527 0.1269462415695264 0.03707527395156033 0.04842662844344611 0.149280166133672 0.11143048337241063 0.035125395370894485 0.024025547171460732 0.10867560249084496 0.016582117887957135 0.08445165799537455 0.019881568084600718 0.12695428201439224 0.1288692631619276 0.17170140227899539 0.074798031864426 0.030214133092041486 0.23742668431823974 0.10076025454629832 0.14532723699144592 0.0654650567623436 0.22219838067370923 0.16509790654043313 0.43134560402947386 0.21610915284716617 0.40089915987888575 NaN 0.015422303167937313 0.09053707942432221 0.43681992648834644 0.22123977015999105 0.11814679936131972 0.13776271598432283 0.12399447489627446 0.04735766785403475 0.07095071227247188 0.06097678694288348 0.11705418398486356 0.04607624219545911 0.11515430083718098 0.14268275140050588 0.08057796119668471 0.14003217982299115 0.025092240126620848 0.03940260781175757 0.032785889869763725 0.09292456668991239 0.015162000521800343 0.21861759894193192 0.05735687634133323 0.03603687849244297 0.20152325422352826 0.13016843176722825 0.13038846107348465 0.13966487805414635 0.10050951117130216 0.10485484103292794 0.21783914970574503 0.14114195183028463 0.22469065087347334 0.06929680234158264 0.13611988213383383 0.018033753195533048 0.040014921646429565 0.025571910831268103 0.0427677680573346 0.07049236827155796 0.022856206379031605 0.04271136723616814 0.04417994468489603 0.1479784716937759 0.05434365250553866 0.05036333198092462 0.05797489996805356 0.1529109297507388 0.04414815655946835 0.0074751810291035226 0.08781809338599716 0.10984024027041221 0.21325577594388662 0.09294066612220789 0.00472490046923973 0.14390522348594756 0.3124377064539801 0.07626855722738247 0.29650896107207 0.3043114830458536 0.15786844708788475 0.02393449787112198 0.04468923542594955 0.11854314888680396 0.02497051490956554 0.23386754941295781 0.18732793320291682 0.0790840758051348 0.05827464108626984 0.12614194602392934 0.21104134244655806 0.19203685998099945 0.19229800976553416 0.0871557502308504 0.19260900646543555 0.25832149945109 0.1373520858874557 0.27440717915226687 0.032222345099915756 0.034780087714618525 0.03395174487494702 0.08227682691092984 0.06019344382738163 0.13089163606233406 0.23081239716303414 0.15562624309882298 0.13987843234921882 0.0611868583491692 0.1748778293942691 0.11117865114673826 0.09079389395325621 0.14156288000318923 0.09344678024820437 0.03926861053544484 0.19023149947271395 0.0026331775623782403 0.08098854438407278 0.04167246187281317 0.059940641886331164 0.07404132220287445 0.12416961631146661 0.192410214350092 0.06685339965285293 0.14081517652222258 0.04209346468874613 0.06465767986959202 0.03619141303354226 0.05090778876419563 0.02615380311323777 0.03276783163961574 0.04053633647017968 0.04740686728436878 0.034745151805565415 0.08517559978951351 0.15406985703118561 0.02846539770539958 0.037258483748700603 0.0819019037270682 0.013513145168350596 0.3940958479681327 0.05111044587426463 0.09892887824020077 0.2347741130537245 0.004733452615043142 0.15575707014757723 0.24221563091603185 0.023432447640391603 0.16847761154901875 0.09689019574552668 0.1858174539836576 0.08523736785694966 0.10594081402827905 0.2626218121639692 0.47514356294597443 0.08475420953072657 0.2667030186224738 0.16837556217006905 0.2284579208787632 0.1153869880272797 0.18174053578378208 0.05536544967744144 0.09579148555038022 0.27492202690815204 0.014847767285847272 0.04012311042481281 0.135736243658621 0.02363250515983781 0.07242487803270647 0.09468625762166295 0.13381251761378557 0.012429889352786744 0.027139167402910808 0.2056671650208032 0.11006994672536558 0.17580848799339857 0.006854552863285638 0.08133507689302048 0.006377011584943683 0.0066844412076253355 0.009216201233447418 0.0018418708008399076 0.07708452555023158 0.008589137969910307 0.017172922623728194 0.045251065028377856 0.05969646080064744 0.0820139450930188 0.04710232140840365 0.12580067706493292 0.16984802976798347 0.10066874226598571 0.1849318011966095 0.07839201587310125 0.01692164169641879 0.28001978080928547 0.17577301178133306 0.36941211790304535 0.3620542421932716 0.3446694202698137 0.23536450131690023 0.0129555982045987 0.19380704725572906 0.3964050422203872 0.3974469469892313 0.07240529886738223 0.17664220091679475 0.04099939446702111 0.10603349351315262 0.05400289160544391 0.12281578460987723 0.10231560854238356 0.1444271214647588 0.08915266331934033 0.08329879082929771 0.16183678590222017 0.15672845574644242 0.07374286553306224 0.11930865498550927 0.03996710835834398 0.09957987796650715 0.016877988231792596 0.17921968148580222 0.01242340202705994 0.08027819456653004 0.10644112764181544 0.10140757117690205 0.1377280690369811 0.0072017197913366 0.12277507551918444 0.0990126315970908 0.11421606399438547 0.13006838398392379 0.24559148529615069 0.13261036596307252 0.09933756825850443 0.024868359134580836 0.041921579757177245 0.062235887813275936 0.018748314724059533 0.014421859330036375 0.06463384270717323 0.09081508807733053 0.04489501967002898 0.17795138204333308 0.06625186218300565 0.04927762990896745 0.050199719275199374 0.10937026384391542 0.11780897432818219 0.09124856166017901 0.13444584948468372 0.1270631847726465 0.23017671714991453 0.029475692606204112 0.0356877699130002 0.256025792445538 0.3583391113233438 0.24840420066610538 0.1961268650848036 0.30240526832180437 0.13728395096588628 0.09495022053144045 0.15696987463179757 0.03257148111030319 0.2224790266882158 0.1631627963403802 0.1924790353394473 0.12257732210925162 0.04675924353141641 0.04519575876834015 0.2227305830288785 0.26375640480022133 0.2093030944734429 0.2695495684585379 0.19508676950507672 0.18426965343324017 0.04396244246801939 0.4744317604551395 0.19015693990772478 0.12286644261580941 0.10992168865882214 0.0688065858766296 0.03170579872079341 0.09365424957390066 0.07665835087536302 0.15072153794868373 0.09220610297591059 0.1505027109475371 0.20388287726164261 0.10291536898585153 0.21564860908933894 0.14219980968111515 0.07100608969511117 0.09257474370997383 0.16725572548529022 0.030953315046377897 0.11464883383268594 0.045691790125826026 0.025568194376112584 0.1700394408922144 0.03997013340058336 0.09648514060932233 0.01658883550095416 0.2468070940118746 0.1312858058577135 0.07700700316493941 0.0260828933049227 0.020862016296572344 0.07985921040648983 0.0529631748003654 0.11435540546328994 0.02980310627132276 0.04820819176871566 0.013099496457525376 0.17763671081333354 0.06838263144610832 0.0015888954430122782 0.012627922967861844 0.13155125958365063 0.012030766221133839 0.032450681257339395 0.016628727429141208 0.014334868394099273 0.18797448349940993 0.05461694068572443 0.05792732792856409 0.07207247057817551
0.006171703166523412 0.17464577617027252 0.1517754409805813 0.05034143826468439 0.07005323096961874 0.1802053981245167 0.20592112769738863 0.3058425847196747 0.24850612562711094 0.05459719810478239 0.31996468339728623 0.2007671210653819 0.003177602174416359 0.09263238762933773 0.06862334655049035 0.01148364440954115 0.08981676154699661 0.2755651608221918 0.07043461545294903 0.12100282241391874 0.20519349468750323 0.2791480203425972 0.21415744576099777 0.1464312606399797 0.05699806091791439 0.02218880068117889 0.014772506161138744 0.20829251632841067 0.19908201618912083 0.34226796545273575 0.17576003185235217 0.07911286674147733 0.19863366429849968 0.2704795721181607 0.2824047468109839 0.12443727402251774 0.02922965632281475 0.07071165305389016 0.14354443054343533 0.18420849090562325 0.023203201849393652 0.08192076141606693 0.06526282509899929 0.053362383114616954 0.08976634667772686 0.030012481938257365 0.26875243152702866 0.20450132810188948 0.11008405631543512 0.07624081738781427 0.33761881362333784 0.24178319531397532 0.24688156951488352 0.19872671771445474 0.15069868065248276 0.13437789408900827 0.00664836504647081 0.011928076058708633 0.05596162264749168 0.20714367291909505 0.04168866832611039 0.13895471326833306 0.14916615431606128 0.025013482866752017 0.059590802027605354 0.2736490544011238 0.5201885134688281 0.38730040086540696 0.03469183974413745 0.156866313903225 0.21113446827757304 0.015422303167937313 NaN 0.2038585653622309 0.06785548354846258 0.3074559305199323 0.41012881192306727 0.07350210648136933 0.4332094629082854 0.34199241884664516 0.4037439262119378 0.08075037043818625 0.45150920605523637 0.021130781300693513 0.03604072773676889 0.06261843304671225 0.07473533450308958 0.010070248398143546 0.18091485132312501 0.004783014382030761 0.1294214283941108 0.0647893617608986 0.06961235959455075 0.008293104257326255 0.26248430434079645 0.16500905140724653 0.36310395858914957 0.17804006723539748 0.02334177293539979 0.06984610381740128 0.12573800177128985 0.060444963318371736 0.027232739121144822 0.0241911029743131 0.025876986409342814 0.0799266295653139 0.04017152871764316 0.05572499874270289 0.0436242925797544 0.08262541856167302 0.12318785926981901 0.01728488577135496 0.027336377926046884 0.0047238536555129435 0.07167027486943209 0.16309130428654267 0.2177523825055732 0.007968130322426596 0.04936469488751861 0.02396936459821338 0.02843583734343645 0.00041705477846335854 0.008897690205189709 0.06966445515729076 0.11189590108757404 0.08134793568102533 0.0543858802440909 0.05156921232951757 0.06018372011477325 0.3431366664132634 0.04271723104960491 0.20299742690834124 0.45323323518233394 0.046673826207803235 0.047467059819998235 0.060597353099100935 0.22960609754868433 0.24766732412223677 0.21676725034817454 0.20311041286132284 0.23723542046887303 0.06803658905622056 0.05674054168868647 0.20604794476634564 0.5293965769054064 0.08255835302636598 0.0480863984343189 0.1508016523416115 0.30191177682112097 0.49992931015967146 0.5680164109185974 0.001304348176166925 0.09439251365211673 0.10925013262749901 0.00632966612299082 0.21885600882557066 0.2738433661747705 0.10856127836504342 0.15080029977018097 0.10838643889109541 0.1979408681622893 0.2686660423682013 0.09190646012785737 0.015880009425808996 0.13137790910529212 0.006207876370623658 0.11467629803004638 0.01651180774324412 0.08179017863972857 0.33310925321236734 0.18000007189982692 0.019818040367519503 0.012146744611931583 0.05252619889565266 0.14921973297513108 0.15441127875297983 0.26288338591464133 0.00761065992072779 0.1328177488931597 0.10998052691549283 0.009772401251460325 0.21959483414046554 0.09809675126332183 0.0006313922504473773 0.06011917601441543 0.15446947395767777 0.1687707272917876 0.2852511148619323 0.3175100783291268 0.04318824833125928 0.2540483820051941 0.19045324686923693 0.04709445862965621 0.009731977453709417 0.059961791738719954 0.04576648943875862 0.035788164594690565 0.2911004921926525 0.1623245277073579 0.09135680286150019 0.21628410391447886 0.26097678923674644 0.22728773327685178 0.08286405609344263 0.0543681597889538 0.07528058249690768 0.019624925166766612 0.05210350080107008 0.16721528636159022 0.2251065744328002 0.128571884689743 0.0085527037737567 0.17410600027123904 0.16477816606987342 0.17062009057090904 0.2094774713991386 0.035419581764960476 0.10125214452674122 0.08903599029620565 0.2426084294612333 0.039591796282844774 0.05622735908152111 0.036059251948241645 0.035163672835836726 0.012475477137674587 0.030972394470047942 0.2699504393570775 0.13217800980113345 0.0521018655726958 0.09689997933713357 0.2973352798878913 0.2665282393898635 0.2773253725980204 0.2103359522968328 0.09766806773232771 0.19935427420546853 0.11979192059221294 0.059988352683664176 0.002643771086114369 0.02869386804453848 0.08716411086176566 0.03899494191729006 0.007088569832910703 0.09324136760588823 0.0871103037256734 0.04402980702478361 0.20773819362273968 0.22294344992902032 0.15137657889534897 0.09867902157998774 0.08867917292785871 0.17252948473493365 0.3998571725588059 0.009922743551434549 0.06704326878853831 0.10039657290514804 0.2310144875243369 0.07074701640692765 0.1837813448639234 0.11229463667383531 0.24788033355180183 0.10918680439553771 0.339441518825337 0.07238632167538045 0.004764379076570765 0.10136814456137137 0.11893596421883619 0.06344845170133213 0.15720704119693027 0.17578683370042725 0.054485780855597535 0.010206834725816627 0.03690703800598217 0.07148256164773469 0.17092997753185765 0.07801382377348547 0.28901043751019717 0.06802280243710919 0.02903218980409332 0.0858879542152514 0.08052841142877205 0.1062648502860228 0.015861147269845822 0.0217808463226349 0.09044295791078376 0.04027768545355276 0.013119782495384159 0.06674158948480845 0.1421184735471575 0.008585318709488936 0.055490472676870024 0.07841499821550577 0.11596529561033318 0.08872720944482727 0.04319594680268839 0.20971492308581993 0.19018518655575906 0.1163863985417975 0.023486772181733524 0.004643320647317055 0.10956034751032037 0.03479170939690387 0.016264108261960515 0.14033360612962287 0.12328677467718467 0.02243260358984523 0.06333999261846765 0.0708296932268159 0.11512271236890101 0.09928657683542064 0.023425467921824792 0.013902081193896302 0.34143731469773003 0.08494321527754879 0.07420362575992095 0.17654236792723152 0.07952210304396581 0.27846578139749645 0.18421128481992607 0.08313451395703998 0.14869051006605538 0.07628722148803613 0.09352573032143989 0.16275312612888576 0.40584879421348335 0.14723135538716609 0.04897726396516197 0.10486395270472086 0.1306837147510334 0.1465169220473625 0.33520305697150415 0.06674197283069568 0.16172018588611317 0.14229632033413167 0.09513339086816774 0.1404593978353432 0.1977020039404283 0.12755451092844045 0.15778860129497627 0.08415575097417366 0.11863225019243122 0.10317811445979438 0.16309973177771853 0.08950966620123207 0.08446948005976888 0.04265062649549256 0.13439175563537303 0.03120306255879317 0.06581882194757337 0.26850580020176984 0.028856144967608483 0.10550417244100754 0.030109768339763157 0.010703267586346644 0.155607846498702 0.03049153056753111 0.09825401192971792 0.05488907477531899 0.05276368093088409 0.1675078023963263 0.08192251802717464 0.005240307466841676 0.08115598768150786 0.03603867657283172 0.03552563961464786 0.0780721507847894 0.10687046707655126 0.10416126562999369 0.09917321100742195 0.10626740058679442 0.021072239363793637 0.08144059147963155 0.007343451489610349 0.0895258780873163 0.0001973673485832373 0.0900813234405404 0.03838113488245379 0.023338517202309395 0.027676510733804522
0.09871151919582617 0.15837318869136385 0.10376764892398539 0.10213474396388966 0.13690260700171916 0.19359300358683895 0.18601315778287447 0.1805489237504283 0.0274315358573564 0.07512275300987976 0.20874161837139527 0.19395060673056608 0.004366815548946256 0.017107301782259925 0.0013655501208389923 0.0011003989331917169 0.07906319541930037 0.19840669724410787 0.06838235557022786 0.1352917326245419 0.10002997018703062 0.20262601547834594 0.15208514754364677 0.052328613320643716 0.3666828198511806 0.2952580564684772 0.0988975593383522 0.29547673647136885 0.03499966083087493 0.0245427035915076 0.030798620983492234 0.11843169688447386 0.09042261404621738 0.040425637995873426 0.03323014953013832 0.028547739231614307 0.05811537812562737 0.050678429667737945 0.030542151932247193 0.13650179389435077 0.07936388460709909 0.08238259654738023 0.06168291674949456 0.19273967452587346 0.07328788605615727 0.09623063773254734 0.11349551193252114 0.09797117220434925 0.043553502983731986 0.012430340158697893 0.1776351667090573 0.09812251216714947 0.09368926861984044 0.11453372518960332 0.002899827917592092 0.06483895848229693 0.057420293601986735 0.035279837570806764 0.007729719876198079 0.012171485582837002 0.0035959597061968897 0.24371332890289832 0.21310007686474505 0.08374795557586501 0.0025724367980204037 0.018513483381130885 0.1916349942877477 0.06518471830866292 0.2626868416820751 0.1382590642196518 0.22844417929530267 0.09053707942432221 0.2038585653622309 NaN 0.35087891438815105 0.2036376123074029 0.009986747019722044 0.170156965635352 0.20505664279152036 0.106343938248211 0.14521537501782467 0.026745647963661193 0.1760994628426841 0.1131809526861546 0.002053738653464928 0.2953920736097044 0.12102935089160233 0.04220262697956873 0.0857918937982582 0.024796476536247187 0.10189611022599482 0.0193961958453673 0.11499838415998437 0.1774812717489116 0.14305258310204966 0.04455034545115561 0.10494260890419772 0.25927531005695725 0.06816568288693267 0.06157230730370771 0.034433635924876964 0.01508860137182918 0.013846311698901508 0.015013029195300315 0.08674300444989093 0.13319805894032302 0.05638666439597161 0.16476584056732857 0.20890288022576403 0.07622453877529585 0.2674471302013576 0.2389274292375451 0.0009059663824727647 0.009545239985213328 0.0069728541785907495 0.034909219213906384 0.0558951805227934 0.03045828721680369 0.010449354143738092 0.052112632762952776 0.05465476560945847 0.033255643720514885 0.090026270114995 0.033604277239746995 0.22859171620093433 0.010461909474425386 0.0045807620059148705 0.14141595352583003 0.2734096765522539 0.33407028686183976 0.11213835439746103 0.04223537261058377 0.06143555706642123 0.050630117832116565 0.06872661489027335 0.10497071430233484 0.0351754024284149 0.21446945470711568 0.2581623572653763 0.10636230057301933 0.15215227480895036 0.020809013773269297 0.009595646320417896 0.1619284115954964 0.08576494070704109 0.05286414165323609 0.017470826322670597 0.06671881624074016 0.29040849034520105 0.20775750708228788 0.053254712316785795 0.0225776347119422 0.0700000712109257 0.09284668276598279 0.004209713798760547 0.16704042210628148 0.17466904098478717 0.10058943314393086 0.1634623938182929 0.06495342059387554 0.05822861905964245 0.09756110536352912 0.09649082374152018 0.02328547177729887 0.07835546579842936 0.03407992263655123 0.042870089162974294 0.02384986168962754 0.3817604454634693 0.13354813711813918 0.18905248877756528 0.0023937103511022743 0.03265768433733727 0.020819172140174192 0.11769437623760116 0.07239757122170577 0.0612116688502846 0.01286562459480068 0.17101278292170652 0.04886653938774439 0.12879916567674915 0.13154933230384355 0.10413746701720172 0.09271696376156154 0.15436400127571065 0.22908038531071606 0.18089878997476413 0.16375058687746688 0.14101559630069463 0.0991260472430689 0.1739529497104921 0.24834570889856084 0.008712240040054912 0.1000488025039958 0.07136230442954596 0.00954100273719367 0.0953892155532525 0.26484153066483923 0.15826050435817254 0.19357997595621407 0.21757498424954383 0.25056066246521347 0.11865467185121172 0.011002123176269031 0.08761238477145003 0.20298070639586724 0.018342816884439013 0.15569522200676633 0.00905804184304989 0.03556711942873005 0.13428093698408106 0.10996712056725542 0.06692914752465218 0.040312034817832944 0.04595007822584569 0.00868938464067578 0.002199153466283892 0.062225160834233226 0.030222471749132725 0.14119828680705132 0.0662459980953704 0.08126286851629319 0.16547159326037725 0.09544006108517618 0.10204802292415187 0.07988982158786492 0.08966416059206085 0.07654882281984546 0.0609690333851089 0.0042071389386378714 0.0688530589989884 0.06599486668853642 0.12749213140892515 0.1108179339776932 0.059202078412038596 0.0671576060566189 0.07650585868329571 0.021224027566810463 0.020064234979293535 0.04949234923871025 0.006123641692143973 0.15412209912617966 0.11889015634455517 0.09521805708524651 0.0003334000123981725 0.04510721186856673 0.07509399555855227 0.024045156200926097 0.22945696759847123 0.15111931358332573 0.03425300608493144 0.014625184853120204 0.1469234656727951 0.248489289287876 0.2285318879152902 0.10292764726130507 0.10641842255548817 0.07967445692255408 0.04053382331990639 0.08996696306385307 0.11722954464223452 0.0395038774876147 0.11255102454468978 0.09515589754862472 0.0010059464000056514 0.16034973554913542 0.01844289318432811 0.005099942401725683 0.008418352062632977 0.04729009632378994 0.038113167162177074 0.016962852120066183 0.03794108574623065 0.06034541160159434 0.18087316599908773 0.031245015278562237 0.08626020112943614 0.021208834374216504 0.00238712611280807 0.024948567285896745 0.04520993726998526 0.0068179605644886785 0.02547923046098174 0.05771871209998243 0.12911634922378318 0.012179603011351556 0.014823510267725278 0.18527912933624935 0.09619717347176321 0.08675774653441813 0.2519846003526367 0.09238090906253393 0.01232952366568463 0.011403434168946854 0.04025653075933068 0.07228960532657819 0.06662371850302912 0.03837124285057581 0.005584015764945531 0.026996025740522914 0.04067979105423193 0.08065196682687976 0.05845573363015679 0.08325474653912888 0.14168481267746674 0.052609775278595346 0.06743132795960058 0.23288350787736703 0.18586647188370023 0.1494393599989722 0.13270881659284642 0.05273054506287047 0.08398660176121824 0.12191629873317623 0.11423335672225224 0.10736230881099046 0.06688883173344472 0.13306436291109117 0.23560848391920425 0.2038216682279885 0.13421558668998462 0.131600655598246 0.04387678671164713 0.013490255364960064 0.012347446312447061 0.03755744942428567 0.05746987325843948 0.018667422588335095 0.15855894517530608 0.18358434512905683 0.06422762900095197 0.08215143698209533 0.05839697792160651 0.05278679411544858 0.016693009445477455 0.1581244764356542 0.09482487423838015 0.1436540718104169 0.08058998816349819 0.08305921489974478 0.08100424755488302 0.011514225492788405 0.13530001105455805 0.03019590641820585 0.029335248848657552 0.08380208246736591 0.02535832576055919 0.03915435374346218 0.15507810302336544 0.037767722267821296 0.1328240261517754 0.08129700574402465 0.03941036176923626 0.02430645584249411 0.058265114079541214 0.07512690827671799 0.05713341866685653 0.010792351394252924 0.152492615897984 0.09005374442848574 0.10762357482138135 0.009482980799740703 0.03896102540849052 0.037349604139899795 0.004055162438196905 0.046959922867457475 0.1155790801568435 0.0461951667970299 0.044233675564337493 0.06914221540649698 0.1550223322804875 0.010948944738823078 0.02596019088216366 0.006257493967004021 0.05169466443420565 0.08014690795645026 0.005640930068706125 0.007974936669090896 0.0004486595101648085
0.018632124496567447 0.08607265166761774 0.08588091416091112 0.08947425841740622 0.1054429579403535 0.16344098676999408 0.24712954785600177 0.30289738714027187 0.03020758873830733 0.18867983359071064 0.1900638839649426 0.5901921727022112 0.006655476959992546 0.19520897089231787 0.3374173839774573 0.02101940663435849 0.18516443726275555 0.3199734667033674 0.001434821259450036 0.1780036120171744 0.07930285694309389 0.3285927066170648 0.1513107867572859 0.12972099833360365 0.16960369764049138 0.5029142677196288 0.1658283810841676 0.1606148262887154 0.2550258122154919 0.13572301270395057 0.12118990703803757 0.15208617074691316 0.11686655871313749 0.13018799595780453 0.1887186371095194 0.10086230015722873 0.1752801576799154 0.18015733888091212 0.0843247298244955 0.21527861319875588 0.07405715502080393 0.06578241071165443 0.06084579979106051 0.031035530417873623 0.12971904221479005 0.09094191452984839 0.2492444259659048 0.10450983217031257 0.09039942063038205 0.13090276818952676 0.2243295716201474 0.17597340419930144 0.10372766799062311 0.23884475160009166 0.1041609827589731 0.1479883176845546 0.04134645952031047 0.11677027761318845 0.18492478660512585 0.25117937235383025 0.06416650558748672 0.10435087525973631 0.2301944811655127 0.027268983661329026 0.09845282911503378 0.107288598303677 0.1696866622840413 0.1457634521599046 0.4868331924157217 0.2894448983226551 0.4146532395003928 0.43681992648834644 0.06785548354846258 0.35087891438815105 NaN 0.37448640538065764 0.10332413959069957 0.12170125767797135 0.03169901307570996 0.032872244876397665 0.264337990183058 0.01356324856838374 0.1337204208754087 0.14717541264630996 0.19869605518380995 0.09482649405431971 0.07180489844032259 0.012971092165740713 0.0036852609492276363 0.028762638861231076 0.0935396290007325 0.008199501631682208 0.07424827459672008 0.25013073557386084 0.00865926559843927 0.04261847214210729 0.2603686815456723 0.15148597780065762 0.17361629542318596 0.10255509384347711 0.05569083971445739 0.14252643699288892 0.14661870433845486 0.1599244519874566 0.2744352957066318 0.027201493138220536 0.019843095061019923 0.0757147806438589 0.09257380899030997 0.06415990781351485 0.01612103113682268 0.14601723602248312 0.05507072528454426 0.0463680613068738 0.03146130313612663 0.23180741877766262 0.04941121230646704 0.07146657416505088 0.0009968123653830586 0.11747573824752897 0.008161981489357012 0.040384632663070234 0.2250479466637371 0.1071311729430472 0.373201802310654 0.057290443161451196 0.015036451257172467 0.23695922957564633 0.5754681391014417 0.12358139225688891 0.4024592246828358 0.27774966415191005 0.09403362217861032 0.026669626044202595 0.04067323640248691 0.11762770156613397 0.09368867265464323 0.34895690192166673 0.3003373592800275 0.09612739528533026 0.06273193506984753 0.10018601480676466 0.16465424488661798 0.2735320423486423 0.15020810353955588 0.04000192881687749 0.17783825744425366 0.2827822855249966 0.14401983744341468 0.3741238183181649 0.03206233455841914 0.03131092605610229 0.019420541438881018 0.15447203040736773 0.014353800553962138 0.1622661486829582 0.2922703902371933 0.285573886874867 0.12915298912821097 0.10190804477151544 0.1240956021313963 0.04129777320145839 0.17296646867532478 0.19570672602109818 0.0940028150736294 0.10370585100118176 0.20862888813786384 0.030189787475904353 0.012725016260549003 0.04910272803655915 0.06557017892684851 0.0808404321405855 0.0935489630269502 0.22132630930484512 0.018872003527714155 0.27331706649527854 0.15799076355876907 0.03659657034732899 0.07127567575123016 0.13461399250083858 0.008690301979428447 0.037880140162770665 0.045960466665247765 0.0730414234840765 0.07591910075090123 0.1490917105485069 0.23361137249937317 0.11200389554659718 0.14324692141800763 0.0866137669764273 0.08627592531450064 0.6031285704892813 0.07817112167884703 0.20617657969707628 0.39075347020104767 0.08113847518149189 0.18406287619034867 0.44845862350872895 0.04792014990648933 0.24936046071828774 0.08882023463094993 0.31245866416564455 0.08669398448834864 0.11018411827210074 0.3598127790003995 0.5761913400214077 0.06595502112332874 0.22233745374085365 0.20901557210061722 0.142652419281862 0.19561879856708872 0.1321763457344677 0.01828504251285285 0.10094069698330232 0.31126731562038173 0.014963067624274632 0.06066494273675139 0.17142623281881308 0.047992396805978506 0.2036581759068285 0.03742344886156572 0.13516096839112296 0.11394267586733306 0.009116752505771108 0.20333763770166918 0.06937279157369675 0.22960724053271334 0.014410347829146904 0.10937263210579987 0.025847618921348608 0.07923610161215656 0.04354668031184906 0.041381924336810344 0.1738860394529828 0.05287182459656323 0.10512143659214625 0.1118238774389181 0.04661541471782676 0.11527887022238525 0.03527871906834361 0.07589104388824713 0.14936040190965574 0.05209760973527626 0.157197185923372 0.012421535116218817 0.06512612921594338 0.3004883872733127 0.17551849805533004 0.4772317440984166 0.41277234129266505 0.33371959421747904 0.2526533887458071 0.0928931793162077 0.3128955838271562 0.7059149746620941 0.4357502828745325 0.017338046507928213 0.11331623896330549 0.011819435980489129 0.03386895789833824 0.1432621598323378 0.046889675436781394 0.06928728185430552 0.19767290672403282 0.25147162728841727 0.07643758530062125 0.2357744117831044 0.15049687430192327 0.13299956380143715 0.06820471883076923 0.1032537710483702 0.14847209102826298 0.05903135886196192 0.18648470738089526 0.09484635875820056 0.04975987899311278 0.06161619438674628 0.1106988207292088 0.23270198062917616 0.014431328687947359 0.13292629528994232 0.10218526510359977 0.17002478771968899 0.23498734864634657 0.3743686904102354 0.09858155666936617 0.03079752442041592 0.0017834651846376833 0.009251743097734154 0.09879184142962502 0.052902476246963925 0.01788234744908723 0.09441579501627373 0.14894855501984416 0.03098858448344256 0.3114012626561594 0.05893265766047412 0.12202928475857451 0.008677777025539618 0.1439346558016559 0.09356863896106166 0.07756671429417274 0.149497200889379 0.1516615875810551 0.395646564392912 0.030102462042953977 0.021034615538974722 0.4216847956686187 0.5590371489331112 0.3725169806797012 0.32274125490617445 0.35660216659793165 0.06050350392705783 0.05963415478237544 0.23588852556720963 0.2030344884766414 0.0706747516600095 0.27701778634634816 0.3096937889213716 0.18133599702297454 0.044555498768850586 0.004342111734433667 0.2132021754356153 0.2638783884942396 0.2275592848208887 0.23549918089725141 0.12742305695864975 0.11465532113198794 0.08512894851323516 0.5293042271421334 0.11379497206832427 0.1796143022428336 0.114618855545452 0.035773801249785686 0.043996826217578354 0.04395422029305939 0.12948904186750537 0.23064458248982617 0.09960038425300498 0.15148358324457503 0.29965688046176236 0.1445526448006494 0.3062217368656193 0.13573100637497923 0.0372770868160113 0.14579892482850046 0.17624730474508016 0.03718768800436829 0.002091271560868356 0.00036882079532998705 0.14499911137295013 0.15348475513773582 0.0570028215746797 0.09201669228952156 0.1186675516459332 0.40130258065442737 0.06673278534581929 0.0208266618655754 0.03188319429019279 0.027208750682286405 0.040027274344829236 0.012529231266863238 0.1382977840738773 0.027213561201607187 0.005936501576667076 0.007733833842616986 0.2712088196731153 0.20285521973482057 0.10453678365846847 0.031426836061152 0.11675305741898523 0.08107170303899507 0.025666623439633753 0.05695835476627559 0.04125248020546245 0.21395926574024948 0.15718481933936948 0.005951623998024493 0.020385217259187124
0.03312548709520665 0.18276854572116716 0.13624530855544575 0.10620797641021044 0.15956317250852967 0.2906630867859784 0.3176831312584599 0.3124955306727574 0.1938369670783484 0.16930116649198956 0.09269850966142133 0.22003242726494743 0.04206808195727759 0.1275180627301899 0.358209762169326 0.022625352297426765 0.18161091248951935 0.37866641169932574 0.11817581159303704 0.2897048485750666 0.2455297504362643 0.34308766777758354 0.28204110596526333 0.14791133248589114 0.042039443694675965 0.11811783473815834 0.05261660560092773 0.2286287829516065 0.1125174227234651 0.3168972786993261 0.04515480163654565 0.2137154468162373 0.06316684563077098 0.28638314362259126 0.08962354787289298 0.17260195777631346 0.08467087694547125 0.11231848860390299 0.060602119248437274 0.14064336331242883 0.012879009244865333 0.035158350010577696 0.18969621604555797 0.19262101308188206 0.2533835571408587 0.20544391464936587 0.2739368662356663 0.20722559345287206 0.09302734311951841 0.09387685765613245 0.3468507519771114 0.2817503518326283 0.18599904427047034 0.12393400938794173 0.019627177536890868 0.03940733840129872 0.003023258605810395 0.05762742303225386 0.13210276189368025 0.26957898576183725 0.08067528215420203 0.1036324136810213 0.12635354620598974 0.13900423525019864 0.07979760500310838 0.324482394306801 0.35217552806961466 0.2688246299124499 0.28300172129330947 0.33453563504354866 0.3179560702874336 0.22123977015999105 0.3074559305199323 0.2036376123074029 0.37448640538065764 NaN 0.32725167623497536 0.20620489737243572 0.08431498658453902 0.052323989826561765 0.29400737031382285 0.11497342387973855 0.0059796903100629096 0.2502967865027726 0.24785011381175978 0.11469456314104128 0.017507669084938466 0.017816113531452578 0.18296018774132422 0.050546947355703024 0.10022917342529189 0.0498145970414956 0.008617379903662195 0.1056105469581127 0.050626516486837594 0.12375535141917682 0.11968587489713442 0.11637373216942473 0.03475210997621279 0.011112988033249322 0.05704755668709716 0.016058471920258402 0.08490401082357973 0.03307841792626246 0.07322009130042824 0.013949188426895808 0.04750645653499315 0.1167706201097764 0.007919293513441766 0.03630739667408621 0.1173360671013747 0.00857284545642587 0.01748370378599248 0.028477375735513143 0.08952557308713753 0.1371680891037532 0.030924796251211705 0.021739043509620682 0.04617858717353229 0.041633286612951605 0.036468109142720986 0.014239508276526773 0.10863976048243497 0.13792694483996612 0.2139028347196779 0.025821040583064368 0.003915792279087323 0.17642581618424807 0.2835818097836267 0.3078243743371616 0.19664928253079905 0.39001640694726736 0.2090849824939915 0.08006064027810059 0.06004704249383142 0.050975337668057334 0.11348424721673332 0.2821456799846988 0.23324539130113434 0.12119359338418027 0.1838172750679035 0.15484278214440503 0.2931893780101241 0.19408567589973794 0.06569664734787732 0.14612380342033238 0.10975065383914412 0.35978291828286224 0.01254046341952695 0.605025601609011 0.26845977744866995 0.04831397841985645 0.05614275893040873 0.14021196452598345 0.005964493041175495 0.2713999753011557 0.3180537966006985 0.3231545654310751 0.2431683158661416 0.11547283397931428 0.016396161079863893 0.13126652271752648 0.12341225903373855 0.17076640961569306 0.11509963177826618 0.12093620523574213 0.17988732399948779 0.05577061556544273 0.09043811902123142 0.18473136081253203 0.20664367683933607 0.029985926723833888 0.059109643223625365 0.1503564341325913 0.10520405485294357 0.22391268057438718 0.09665882267126616 0.11462974822590226 0.2365174932410499 0.22675753902271287 0.03903958918278065 0.20302034431659216 0.11317754887285655 0.016401709008109704 0.1097009490997009 0.24218251821470677 0.24454154610822101 0.22299787457489112 0.2933426825075344 0.0592814825649728 0.12716965218869405 0.2986826667488967 0.10514761101005542 0.16876690010429202 0.42387682262561555 0.10524575004631559 0.1346703775050453 0.40060637796639276 0.13989748112149727 0.28224652306577835 0.23213605002121204 0.35250126094746387 0.26737559411802886 0.14924134987450505 0.06213604760198085 0.09210753580136499 0.0006474721715535139 0.10429445132655081 0.0932471839725045 0.28681657891669254 0.05541044372341532 0.0240568300404005 0.09043957450978278 0.2008093304467237 0.2967332007126156 0.09463703628013898 0.04211674244998676 0.2154647359136277 0.05406906821051134 0.1726018731804488 0.02978137922405869 0.11930981211811105 0.058912576219508274 0.14891766687066152 0.23009780630569962 0.1390201917740609 0.29174004975845264 0.10489291330044459 0.0783327508767387 0.15973810681613207 0.2591868634651673 0.22310853871451106 0.21188054196044914 0.20950836561482378 0.07447521003944287 0.0782960425675652 0.07470535960051779 0.03323423176632705 0.14788749749763166 0.07820050778156562 0.11232636110463776 0.007266998670462484 0.12299878403254655 0.19112254331087206 0.06069545635199066 0.05769436304957998 0.2949405675077562 0.24807759088098172 0.13619727550308863 0.11008921973150902 0.20744618854131416 0.28477858908323317 0.14337918137203684 0.13067445316112003 0.3605195143754476 0.25076585389523925 0.31434076503492214 0.11138866731786028 0.08798359362648965 0.00882889104545515 0.14694972635531395 0.021708229031315366 0.03168377435341492 0.18849671673931012 0.17438989830491197 0.18974969978005268 0.16838947873089025 0.07196825939949233 0.01878324618837179 0.13694629604957953 0.021493970159218657 0.11476729461945623 0.02187052524597099 0.052607417443383035 0.1165140059790415 0.05270695744461165 0.06979347234097484 0.03234711345326615 0.11219522576139229 0.026448383712469856 0.04037087252042966 0.00507408480478847 0.058612014943547015 0.08471569964585766 0.046673123417114167 0.04365376861208706 0.05440820066637724 0.032265699185876774 0.033214877815661716 0.11618330065005911 0.05836752802565088 0.04785096222242594 0.02486369090845159 0.12168541819957572 0.005390642060694919 0.18476521959747902 0.03552505238495934 0.15081630486512868 0.03567936873459662 0.09640683359348508 0.12984653195172388 0.026983750372306374 0.09501676324921321 0.03617847407788498 0.2811331270572258 0.03818688044125558 0.03432192837521053 0.2600540120530923 0.31970246895758553 0.3469529837712911 0.13884878796331887 0.2608168412803053 0.2562855409912488 0.12827268010791684 0.1288596625083041 0.17584292776085209 0.10244731252998397 0.2727760844345865 0.20109666381177352 0.07473558464538416 0.17211018919110155 0.05492148740100845 0.24632390611601018 0.20089261828629087 0.0009695025031866862 0.11362759220035033 0.03136982660719157 0.24856949380088642 0.030974207664892995 0.42077571367366545 0.33200237926340825 0.10697894403926199 0.22025327328086147 0.11805097168999168 0.03208725516004443 0.17906075646937625 0.1928993106713508 0.26869847006915587 0.3295004594285735 0.12927199500308642 0.21408488412726603 0.10343565870070659 0.2808387691176828 0.10596276936348245 0.03455227013507939 0.020840307964589144 0.15497387705783855 0.030881486704185217 0.019224026702316693 0.15770908787591817 0.14276822681175783 0.05697103276159775 0.026502291453264968 0.014346345308457145 0.13901730415898148 0.16888315229592787 0.09043189533524737 0.02200594459418919 0.14590132460714636 0.2287983137775527 0.029630095365744895 0.10701037993597712 0.007405494629850897 0.08666133985467808 0.07394852159041913 0.011797472221160375 0.1990777391684391 0.12717173831539313 0.04470250707983535 0.07741542972685815 0.061431745761473235 0.10108946083379682 0.14053776240751892 0.1722796178951568 0.03595964054358787 0.20584693259766568 0.06854025453424396 0.006174686773389473 0.06110886598643217
0.1687404961734615 0.12923879294075002 0.2261394788026282 0.1800894121564998 0.16261329350036158 0.2543012007321444 0.19131835506044378 0.22157862549806945 0.24250841916671173 0.09829732016982098 0.062365506442894396 0.017102784479420763 0.10200056296408999 0.11552817481728314 0.027704615742619166 0.022383072071208814 0.07147763892840708 0.18015241481966784 0.15691534331562862 0.2493968095625108 0.25547317827330446 0.22324374462766275 0.14305043356076072 0.0014265194746560651 0.04917689194861888 0.11738986583986445 0.11441274997207511 0.2463667250555332 0.19206650991543486 0.27231645574595176 0.030687349208456994 0.052795530613725314 0.16557177970449893 0.18228468745016407 0.21014661166856363 0.244803003007603 0.05077111675127955 0.04839615747752281 0.0839765820897198 0.05894754163118627 0.04101262243739504 0.0377657542515697 0.04735437132517879 0.006395200957494438 0.028924824154695675 0.00623875158462943 0.1430137311230102 0.19595871979108023 0.09657531800535785 0.0531756275825153 0.24939491692252522 0.21638025822672716 0.2081926398977473 0.03681099831175906 0.05390318084850579 0.027575930312679058 0.060087882288626084 0.059463076381157005 0.026476508599370185 0.057581071658172396 0.13842678579311957 0.08882622020592292 0.03624360218515929 0.18251257815743116 0.012934825605536208 0.31647027307838815 0.41875659268303733 0.1635582528858022 0.20496334176780273 0.014854213419464316 0.01977348962692291 0.11814679936131972 0.41012881192306727 0.009986747019722044 0.10332413959069957 0.32725167623497536 NaN 0.05679768134232193 0.29635747212612784 0.13040725944176207 0.1770525354590858 0.046201191237905864 0.3976348018538767 0.11449229137304658 0.10014884458458574 0.03960070035917424 6.844421994403144e-05 0.04864888497614029 0.1043987111710224 0.08548275912675325 0.3114974208478532 0.09040870572460928 0.061405148249252424 0.10628876315197741 0.1652952910991147 0.09888571954467495 0.27531076100073654 0.015699970002220287 0.015546050816747682 0.05518356823820042 0.051844662635987235 0.1298089577141008 0.08979309726948614 0.10749218268231456 0.09310430666522496 0.05820348281242929 0.07004704462824604 0.0697865255020422 0.12781830774370026 0.02676005283143825 0.07751014872506823 0.04864449739985676 0.008088058354034235 0.062338789281002664 0.01463343444379533 0.0492875199773219 0.10468896126674648 0.07496867907293872 0.012408555368245634 0.11603920836723335 0.13394334783423584 0.0893575799819082 0.08362218029981754 0.016337665129990155 0.00590220016072414 0.012600220708583288 0.0472582319622688 0.04780855890553202 0.03267887979053582 0.29099294692208283 0.16278800783035913 0.10379031038242177 0.4090023387559286 0.0369874969456129 0.08153373834696619 0.049459058691839274 0.3082777981582001 0.13341165327253812 0.1705735138836815 0.26557047943071765 0.16534914915411603 0.07207494869879279 0.021890709551528876 0.19434737214700817 0.3283563874574401 0.04677895485483776 0.09668685731100916 0.027694560291323368 0.2963177358600744 0.30784092508119415 0.37392247629435715 0.0026735159999834303 0.11368530815488868 0.019391011657217967 0.05186182490957108 0.22039550857105586 0.15671601392614357 0.1377816239875771 0.17755109385476378 0.15605106696713458 0.1723298891703924 0.15585747459937915 0.016617491092305363 0.10414292271237417 0.008481890947909864 0.04508392657753705 0.006521296249187204 0.013084070324883538 0.0008428850984788786 0.36042594833154534 0.456638986381089 0.09011734747312025 0.01698759554067585 0.0248815604310172 0.1582711311184049 0.03255329869793843 0.21623427741988702 0.007833970506652365 0.13072825598572296 0.0969666175690304 0.17106069148346756 0.22028618986711004 0.16381491836718945 0.10731454139631125 0.14733521666460983 0.2501241158204024 0.24767883709850677 0.2697845754572961 0.3284146759998503 0.1215613804475179 0.1801915849139491 0.05700521250790636 0.1676166728400809 0.05930094528148833 0.029790846175006595 0.15821626557035426 0.06232970252167198 0.23727321665395396 0.20294038987847907 0.19486078710232574 0.22805180403274106 0.24925722821848884 0.2509041332966674 4.643787099850266e-05 0.11169653456356357 0.2396754580873668 0.12355573476592054 0.08071391755893279 0.16022471258417112 0.15715825302969774 0.08617383827738281 0.05388174444994876 0.1100135042980442 0.07865578686750926 0.07424363804806937 0.30384244544147104 0.08586006242492536 0.00793795330414139 0.1048820231781454 0.12582761469653758 0.0029692271239233976 0.006113163466853888 0.024468919037944247 0.004858232252238232 0.028108165430187265 0.12266850640506144 0.20642202474438714 0.12079348182960739 0.14273709243645755 0.10133046379521049 0.26178322415529615 0.2595139974938469 0.32987702765126625 0.21033544926254616 0.08285065845630527 0.136568869415919 0.035492376613645356 0.07238289287116394 0.025800294369281433 0.02978718114790152 0.13296800037407844 0.19556269532414877 0.10144029464170028 0.2756311108216012 0.13660229455116651 0.04080651249246724 0.1665456764566157 0.04591038783421846 0.3340191389253945 0.25604247787054313 0.07622095991286298 0.038130728247277715 0.17269205445090358 0.1694936159049998 0.08421021117254335 0.20790843139351042 0.31836380528174013 0.06459171111877211 0.12764139495686044 0.056589916119352685 0.14507573359195244 0.11495582490202377 0.239537878866649 0.060989356142770595 0.08457866006628788 0.12068946241488776 0.004751464390028225 0.10152337895069324 0.22232583115793414 0.2635434152145489 0.07946697568394935 0.014410799794919283 0.028422851446081046 0.11026955909915209 0.1965673607383612 0.1346643925618825 0.26816181912017506 0.067910858417228 0.013778134415612849 0.07674080002022073 0.07121952368747474 0.08241442006664591 0.07639241334061289 0.06303644956589403 0.21158128550186403 0.08117345835833206 0.08208942994687288 0.0051303767076551765 0.11596339386074593 0.06446888979508411 0.005578077750127035 0.03705207740914863 0.08314736862817107 0.05874265257034241 0.014861322231124775 0.1615570504639777 0.21577777989821928 0.051955347403788175 0.02058248930942739 0.021563981962640758 0.17657820739936447 0.016031526865722814 0.012291658759217516 0.19339178045428485 0.005310250340083756 0.033796194781236244 0.00863046663973078 0.06078347039077879 0.0007993341258059781 0.08313814880296615 0.15781805271951624 0.09999067164037051 0.33246605411385094 0.018940483209116246 0.007344433245888791 0.13816264310798865 0.18533861364253626 0.2857729663383528 0.04542230817914498 0.011369907693693697 0.16112910168125763 0.08524033228860889 0.0021637627603157046 0.16162777920885926 0.27477065299681186 0.18815000247515676 0.12343067672376314 0.009793089321721122 0.07373027325227909 0.0044365964429146304 0.17131042169956298 0.0006386723790632626 0.25105273210541723 0.08838192841576845 0.03145922017935872 0.13913267159983894 0.1985165846956973 0.1427094808842308 0.22330454186093585 0.10309823927842666 0.03365372516116415 0.037034272374460636 0.1705457233918197 0.02218943079970379 0.10315791881603958 0.06481626122906306 0.07370177431722262 0.03570368107121162 0.030295141228404314 0.14089197181085855 0.16544314314193806 0.0834712847849291 0.12031003612645991 0.12557541606197767 0.09296545384033086 0.14277343539131532 0.028990467861438274 0.0006396390336402704 0.18784587319560014 0.17738670628035574 0.28278657671393714 0.10541683377755572 0.04116946088772604 0.0016491981340476978 0.0323952037540197 0.13863657953583736 0.03312099125769782 0.016794584357752496 0.02825584239731857 0.055254460828143316 0.19257206072394992 0.145814751452224 0.013727998156732165 0.07711912955354297 0.016294352194344705 0.02579416868815824 0.07672986498748867 0.000956787165268072 0.0879051182175283
0.018828483978543135 0.10235064462024471 0.07637152619997108 0.015408926856848785 0.09274445233176731 0.11239952722940552 0.07540911172024653 0.004680914402267942 0.041288904626718324 0.15787087904240568 0.1501215483173922 0.011570859041139116 0.07726350499624735 0.022183492720332577 0.25661592425388713 0.10406310930007291 0.08588810131826047 0.026805285089913106 0.12782529221364156 0.11506056392629602 0.08811928516069048 0.03561967116909008 0.13062979438658015 0.00958756077897016 0.24381352168390963 0.06267284683836634 0.07655733333315062 0.006487871154534661 0.13041014294544284 0.2344308030232821 0.01175347421250741 0.05725378363464113 0.031871857047177765 0.13408838641389573 0.07912612469139034 0.03958756222036948 0.007265613195285647 0.08062592652446464 0.03315460231127836 0.03348556070707765 0.09036145944313086 0.09145582385147073 0.1817792525168445 0.19789474263825596 0.0718794573435331 0.0007433280197925719 0.014277488694592734 0.0869971135970198 0.059947704929248564 0.2232633903056461 0.06101637023514159 0.0957625985187201 0.02021792729478596 0.09868487269095881 0.07218735047006397 0.18600950027246368 0.06540796874400856 0.033641449114923734 0.013761146160506835 0.09283638762312398 0.015520390010051963 0.19683888970612978 0.13784456453363994 0.08503476236742445 0.09271283305042352 0.1269651630144589 0.1330491758162544 0.1592913473947572 0.23226093281954213 0.053352044896198714 0.09758697492103724 0.13776271598432283 0.07350210648136933 0.170156965635352 0.12170125767797135 0.20620489737243572 0.05679768134232193 NaN 0.21765625859736515 0.3453841090755282 0.023173367778257 0.2389157849439186 0.429544710916332 0.37408701977048897 0.18532814319281085 0.13242000617043445 0.08191517746052433 0.03082041817437314 0.1456489445795486 0.06266451490456126 0.25906939740796886 0.06007007132774687 0.05502658750222674 0.03375069487142736 0.12457880134217604 0.16562901033441974 0.31187998329026273 0.031173788754452033 0.0132173455620158 0.059910986860655845 0.025697037637829226 0.06032209327563879 0.08757452838895434 0.03345347245495738 0.0647075344614396 0.12486669400809688 0.008933972908566835 0.2585975680685187 0.08630136409665602 0.03841671618410731 0.27281637601648423 0.07838119570992727 0.02603428678439985 0.035944157661939535 0.017527827194795995 0.08669633915741676 0.25187696200044235 0.015130307279903533 0.02271740531093949 0.04458722831189871 0.05932549018035532 0.025115749634397624 0.03816978190085953 0.005854341624832457 0.03621141257784959 0.060475313243347546 0.02991652601446521 0.08447962696513332 0.07262129716154088 0.10517181749020543 0.09871430897377333 0.22292440857991652 0.29207404213431826 0.0775885917679044 0.09205244281804247 0.05829279436207945 0.2967349307340639 0.05978087982561082 0.01141035414496284 0.00946024389392837 0.08730252939701372 0.004353870795464105 0.1207087633009613 0.48827233406794185 0.25637372769574757 0.14625268670014427 0.07948970449958334 0.4817552090959927 0.4410398517373357 0.1837156271423632 0.05436301068417279 0.05094551304654884 0.09176831684562488 0.09715797315803903 0.009178041886623892 0.10522392112721728 0.0419949427704463 0.09960290110769886 0.11758117857615051 0.06499795133781003 0.00980789374921252 0.013400477075717614 0.03964710935646119 0.08441940997823191 0.04906142084950504 0.03928308233933276 0.08294850586551909 0.005110108029552884 0.24111730328596948 0.08658315632501346 0.22304591479005556 0.03938034490474368 0.05738288848360278 0.011096313054104691 0.02339152904941225 0.12473535766969444 0.16055879718730706 0.005003663805864077 0.18110719144185558 0.09060558878263074 0.00017401622001335927 0.02819345517928918 0.05960894470320216 0.02048119087916565 0.02622612299306565 0.01709447847772956 0.02311325792238441 0.054979807319303096 0.03791384704926539 0.05507358144661871 0.14117024661396066 0.016884425917990296 0.05147291283065591 0.06524297706575091 0.19206760956367386 0.08420447234196252 0.056238184019858264 0.0032243201464026367 0.015075857123537545 0.004487130092836253 0.0032448902118379086 0.01369434241753826 0.05631573175233043 0.10046747116278362 0.03003289888918156 0.04921833485313889 0.09994085059091645 0.09146598296062355 0.0695964105349598 0.22452414119288927 0.11539457608374523 0.04678845484981558 0.06427955277819945 0.10799880440648475 0.18384030286485 0.039344657438057616 0.10000065057092389 0.07529877258749601 0.05439425472518554 0.0960198979321554 0.1269751728468183 0.08059790995839208 0.246252121730558 0.1526845362256033 0.05947380002776655 0.13693609274317609 0.04762880744443491 0.06211857528838962 0.06975850095856516 0.25756489805162447 0.029188847901251504 0.023060555300183954 0.008588894986657452 0.07982416621631476 0.12223818583578087 0.15816061352548672 0.068827971495015 0.02594287182744675 0.043300239832411096 0.07025761580185338 0.03059195404287943 0.07915072410504904 0.15904644139057247 0.067806483208497 0.014233237165140362 0.048384801527312796 0.03651381922769873 0.2290628781488886 0.10051935575173902 0.0766980823021659 0.1818831676650105 0.2144098361826732 0.059975906110108654 0.04128610627291603 0.14155773404661973 0.1502475045246568 0.12187612323730851 0.38813830305687996 0.059179381249260546 0.16362425850932188 0.003093599114445575 0.1533416889402502 0.3166477001284299 0.2627260497453707 0.15399796134571467 0.14647503657168448 0.159396143111309 0.08031616987896334 0.05798333370861008 0.07715461822834097 0.09008732244335978 0.016830692280777992 0.06967951629255217 0.052123640323760254 0.10067332215213316 0.2155050064146893 0.16954157524289534 0.03505732251233691 0.057967632866426706 0.012321481071047927 0.014281738715414952 0.025635193041585125 0.10658420030467368 0.0808664416698145 0.014800789906857535 0.07114163738217841 0.03183113439992921 0.07519679906036866 0.06921585902560567 0.009143632788383996 0.13064616415862423 0.06548566535426346 0.05553942987747547 0.019066101074090597 0.057280810678988124 0.14045448420458195 0.236636303600034 0.04556475357238949 0.05389202770311539 0.004406054999488916 0.01928883348095475 0.08887766770054364 0.030514975095989074 0.10347072886199134 0.08220671719543317 0.0135915318006548 0.03593429049955409 0.12779552333962102 0.13398145905299916 0.13425425543487257 0.063273820013839 0.21885906077792094 0.026844515503715128 0.03897823742859695 0.011696883995120736 0.1166938709266028 0.1573885937277459 0.057058664724994684 0.02708212011040224 0.10047865036255746 0.008937072381840903 0.017103773567714302 0.13155918635167363 0.3384001496824822 0.14834185537582414 0.09325933154310351 0.14051534650428482 0.38640698840515064 0.23747697273241045 0.2578604106926974 0.3036438154205416 0.026400223662203088 0.09093302604178677 0.017963512108075695 0.008559253587625689 0.030601599531763522 0.03973394208102109 0.021710309516984768 0.06393725999158992 0.09713577800607154 0.16136850372305497 0.036068101760539754 0.0032214968603947926 0.052715182317250385 0.054600826691919686 0.06349890787829866 0.14286724543048976 0.02110469946218331 0.10220029927413497 0.13778918676932084 0.12207070446741775 0.05912518275268496 0.09414536665196938 0.05678458554611157 0.029776968358176475 0.12966162826027566 0.04898047153929527 0.03167391854706808 0.0822768346127571 0.09328632708077494 0.09281374339022583 0.10256541943558685 0.08725513341866153 0.08861912101848282 0.0023383577121515622 0.007890854164018617 0.015518305691978507 0.024465801147538532 0.06516648658038826 0.015129297140401746 0.026585857862242965 0.0871884618841356 0.0418367991762938 0.13445396321658581 0.04744252342758934 0.11210373576908411 0.019784457328377022 0.0070429286483035146 0.056109276801548987
0.041469320318148505 0.19048926302337482 0.1496349532194406 0.03720245045296971 0.06904006334839194 0.22491911056270775 0.21152881591862147 0.3119078693841876 0.2164243293743123 0.1826941178380692 0.45927251609118946 0.18287104551721842 0.0505494464600645 0.00438755496767928 0.06417283868889571 0.033472721332376804 0.14848832216274566 0.2427987221768275 0.020024884525566285 0.14367535045049254 0.2648447029702963 0.33832993888717955 0.17063658794918707 0.12760205803437888 0.08741570242192638 0.0013741883459022785 0.011819013919285132 0.20580569858395317 0.15022603481784969 0.10253259287654246 0.14582378995685752 0.1035576246612721 0.03447505848147347 0.04992322144584901 0.010658669994761585 0.12379148114118493 0.02121551477183 0.04064292456430678 0.09431367851641843 0.19134834846229606 0.06807879611707288 0.019895623685230384 0.014122086156063014 0.03552424017824838 0.0642566475627589 0.037113096208874485 0.2033021671836701 0.2801676163498785 0.15525158259772268 0.12232998569584161 0.2901528066477621 0.20062859555874277 0.19552478084517477 0.2258166689408632 0.12635050260942746 0.17081042094946094 0.015404600890633259 0.06476805827415938 0.07598042827194235 0.11055529273114689 0.10973087376164804 0.02302681095476536 0.1776458738724252 0.03220083186898301 0.00642362479750764 0.19364021956021146 0.19159382268719852 0.17900731257064428 0.0704139899841258 0.05675880170849512 0.00710512395227895 0.12399447489627446 0.4332094629082854 0.20505664279152036 0.03169901307570996 0.08431498658453902 0.29635747212612784 0.21765625859736515 NaN 0.37822596904319683 0.4811427419054055 0.05404530303658124 0.3928955660428961 0.002019135098767592 0.00334881325790909 0.06218902591917476 0.06327273486901364 0.06344190309195948 0.07185151974763866 0.0035868043163905182 0.10099542524943493 0.04990550280661738 0.06423325741335664 0.061838718653891865 0.4094422269517324 0.21021797160311384 0.21231343582657822 0.07305505620629422 0.026208721852623885 0.06465185866853893 0.0604427313643673 0.0006959364520516747 0.02537938260077153 0.00034208718855604364 0.00868977020685594 0.07667901555046915 0.08230758817638337 0.002344637739499812 0.08101670947855583 0.04822647645797236 0.19334769495377707 0.04126383158840334 0.027717570940407627 0.009542896191301756 0.08992264234245882 0.16910740056647286 0.26569874567823965 0.04447621664838778 0.04574853234898734 0.02466068057889538 0.034165435459751176 0.02385863721174686 0.008817801682909956 0.03885633904447625 0.20508130925259813 0.045023016842757654 0.05021867461104781 0.04127814389726884 0.0811157311467156 0.0927235267969752 0.031973761249522344 0.0007009708197145272 0.3643746495753576 0.025743046810380383 0.008337912602484494 0.059074741088027856 0.28796483826348473 0.29029712199182234 0.26555556687496845 0.26987918719706283 0.26560037267721137 0.012933107592917976 0.0683565022293779 0.24985265350459923 0.4163021401194894 0.11195922164627 0.0261454776332251 0.011905643174965744 0.14305075851894125 0.17108684930127707 0.21430757484525315 0.012387228332669937 0.04599802850278007 0.10643406208141855 0.017582635236192794 0.22957445887436911 0.2063905362201813 0.11039634713554722 0.11666811965233673 0.046461136729314345 0.08471256761658395 0.04606868078498254 0.11390069317622664 0.018200159508720608 0.04637311075422791 0.05719262202581351 0.03795060615346591 0.02066567903588388 0.06995474137311164 0.26583762937086847 0.140224089574566 0.03018426920607681 0.02382064046809624 0.0448163745470333 0.17979898813568226 0.040075000404508385 0.05188646209577517 0.016466086153311098 0.12395773709846365 0.04149347533615769 0.0428287038765063 0.15585475712902291 0.04725079475709727 0.011489108215700766 0.026549826545968797 0.17633994132614123 0.2066675839101244 0.22707150298696 0.28079292876794676 0.16217657449453013 0.35327196807532363 0.09791424127385473 0.00034689091114588545 0.035794350177399334 0.05952581556506911 0.0772467787345681 0.0771296535343754 0.2780233654932806 0.21650539546833447 0.13623383125328542 0.22303746270139468 0.2793291534345904 0.1488229514015114 0.13134039531673172 0.06399036239709818 0.14429192149644898 0.009581689680631063 0.06448350734472307 0.06303803163291803 0.00018146586976640943 0.033415505479625435 0.150450804981803 0.0603903922565107 0.0007155287517510468 0.035023790760012996 0.1603262944360199 0.10143598644305009 0.05599260474756071 0.10653431165246603 0.23399742382344751 0.07396649413298395 0.01651150543827894 0.08048259156869683 0.0036823726106153336 0.03252696226627363 0.054581819127799185 0.21863409179268517 0.14764022896766235 0.0869861488735736 0.11623477859478828 0.2575860843970603 0.21006463653435142 0.24621155766121808 0.18481949299574235 0.12711205387393762 0.18482304223971724 0.054633543563247955 0.07446764246463702 0.016782122085395056 0.02364124217186799 0.07346435598473203 0.12725513085173315 0.015577350525218804 0.08879409718783135 0.04329074021926336 0.04721573711854074 0.009020524470029228 0.006148197746216199 0.18204859131466353 0.16600921774350852 0.037727689671127836 0.023788137405273427 0.20870786159435414 0.11945336953182634 0.006027659972792448 0.2124063574946643 0.04845137877959781 0.13107174721380635 0.16288826300948978 0.2363283153892856 0.21470767824172343 0.18647683919907698 0.21172429378717092 0.05127475095630509 0.064046085967326 0.04699059136833132 0.012727625121903093 0.04582590895586737 0.04600733141590641 0.16293424939396733 0.05262096526224736 0.004828615689453198 0.018767721519060185 0.09861676238259168 0.24580038370077034 0.15348743828661005 0.17318864308872423 0.09642628040981167 0.02414149382479716 0.05533529091114822 0.04739727206376133 0.027692727380736498 0.00961693258108005 0.0546778489358992 0.016971154538627298 0.015195946274778348 0.0026891730568657677 0.07083431418844358 0.09643619160324424 0.012267134283721417 0.04790571142004833 0.007366370576572201 0.052565643516489804 0.012240467189272903 0.046877881443317934 0.18678982892713042 0.22669827217505567 0.07802421548158832 0.008407889742089088 0.042024034193070506 0.05258336160732809 0.024018782306493538 0.042044726146139993 0.11899848886036712 0.14618092405807792 0.04948044776690397 0.06433625005116812 0.026147283276681806 0.02467722404958876 0.10550860015517675 0.09190916028442152 0.153739054281797 0.12271762784968486 0.015610645552370983 0.12703690569124157 0.20791188816292297 0.061626553802282956 0.2907577978441239 0.16813024458571604 0.1394908816461964 0.15613268305571135 0.1237810518838807 0.008433584105317523 0.15160149962601718 0.28332169762595644 0.24229925593943966 0.00506069472317487 0.04310911421321598 0.10031199144657774 0.10687043816537506 0.03160845665572752 0.08444597040687399 0.18055070514274618 0.08851623835884831 0.008069942719647158 0.15506970815478105 0.21920874352442973 0.11905123329154599 0.09258328467787971 0.10648531179996676 0.06477714680340868 0.05350551493230819 0.11936728785821697 0.016933732440303446 0.056296285695890465 0.011655175400005685 0.05513095804485766 0.028436814283177524 0.0840005452757533 0.15447490944557396 0.0424448298760011 0.09716573102943765 0.05717411272491138 0.04430862644838577 0.11785586372236007 0.13940360925209996 0.05878112634869219 0.03529678094589689 0.09213957374254111 0.09993091223862581 0.000838985622264975 0.030213700369801675 0.042574463412099514 0.04713994124040691 0.07857198189077857 0.006515457650508544 0.1227109707251591 0.13319961850226938 0.01008346509960588 0.025323744201761658 0.07228380824307283 0.003056305621274236 0.026168152424362316 0.07542414055939999 0.022183447689591206 0.055687872095014114 0.0403474819082124 0.04566891595065105 0.0009293890771365737
0.1141669775292125 0.026333888258896706 0.04668678221250995 0.0817190598643562 0.10063905870956437 0.028697859013557144 0.04739674919695554 0.2533271594450864 0.15711229312624436 0.04061813211176814 0.33003571472317617 0.11841374394794689 0.11875790962696524 0.026521012351266124 0.044787613830869946 0.042363546511149375 0.13620715924001853 0.10839581934991922 0.08470855201191661 0.043051692520168765 0.049117753772960286 0.18894497549997977 0.037960877451263475 0.157863320449514 0.016810286734676657 0.08332785913430221 0.14586459819518166 0.012706182410691005 0.07969883762669622 0.02026868036267312 0.019794943285078723 0.09546787492228478 0.03270789079452573 0.09779583689038374 0.08343824315265895 0.043931153543948505 0.07112599954699814 0.1110844826263245 0.057907869446699595 0.18987908778429122 0.003644988690493307 0.021154176560628075 0.02085952443691484 0.05801488218223172 0.0953619249671277 0.02507448253140156 0.14425789612205867 0.10939402411336596 0.08830010067200066 0.2938844847153533 0.20455469747036237 0.10346126506745366 0.11362967775656807 0.2200475740874721 0.09730832013882025 0.1866231981798107 0.011596349203178315 0.033176032160048545 0.13544051776868998 0.14880917564608945 0.020434820720147802 0.14528779715310003 0.15318684976161961 0.07219232014640864 0.009419059682448553 0.008286685889575943 0.1792388478193975 0.08729135949434863 0.0817486340566231 0.13735012863963497 0.004953007702940855 0.04735766785403475 0.34199241884664516 0.106343938248211 0.032872244876397665 0.052323989826561765 0.13040725944176207 0.3453841090755282 0.37822596904319683 NaN 0.3041298487375458 0.022521777700210993 0.4500030388380381 0.044592472178804625 0.052619775490646996 0.10367897338080237 0.044656896258663585 0.08136203523569485 0.07486085131744373 0.05473074638315017 0.11517362500138638 0.0057653271330079725 0.10719626597301526 0.02860990305128316 0.3713480491628924 0.1446064602649312 0.27484672270203536 0.04864421663791018 0.06657261212356987 0.01863071771520964 0.009514167081947647 0.06401039423863673 0.024929431860024005 0.05319621824147355 0.037952816316273785 0.055658838613384456 0.025071339684957415 0.03235045433695162 0.09020341686272604 0.0140828503087817 0.10652841568239435 0.034116618631800835 0.014157948314895141 0.04059139405391817 0.09967700371622944 0.1535559861302152 0.30828962306789504 0.009337574778005888 0.032172539684326 0.08454406667824083 0.03367527613187256 0.0009337477408972495 0.03611998593391931 0.11817220537483611 0.09508251166696816 0.025044892869201977 0.08614842879216623 0.04118912311373514 0.04554891426045857 0.09136428007383801 0.012054436190740618 0.0020849153238138574 0.5009209458331619 0.07453946269819904 0.0008229672070391874 0.12272859869290723 0.2729270646387047 0.2808352628856849 0.07747387659096154 0.010133627334459723 0.012680770541835825 0.11828944570631052 0.006628304619263149 0.39588106911050863 0.5197336222903374 0.20585215105612786 0.13753814261626798 0.06969593404046708 0.1825116349941329 0.14226014604815593 0.13751646227405506 0.024551609549114978 0.07103210755127833 0.018420491181094747 0.005096743609321906 0.007261813993206372 0.06499525558898504 0.06371190831765199 0.014704093183744518 0.043113935157562074 0.016019641683197063 0.09389779623805661 0.14138807398475164 0.05119363309305836 0.0007559972658482242 0.013902619915055125 0.08502901924872819 0.015460158546946701 0.035383325273539205 0.1467395283671328 0.02654771745614855 0.028964113287573697 0.0661729949274762 0.1064781778410189 0.01645148899152996 0.09216105047866509 0.1894759484093478 0.0864859670929942 0.0470386583237162 0.045683512540488 0.09116275304330357 0.030997991249139285 0.001680887288580129 0.08264973906075514 0.06029161377752219 0.006030567814188949 0.062168494178795705 0.1658735877001141 0.16246129329501863 0.01678991647094436 0.20598667906155316 0.1521639565448768 0.0631925571308175 0.09775462229329293 0.07520135906419985 0.023315159641062153 0.12321956127662477 0.18478852218496009 0.05869392839518586 0.08335649072341514 0.09237838734349768 0.1605540740497914 0.051068749106088066 0.10236900059316595 0.03316376440292453 0.048307113580857174 0.15497842659737465 0.14926692414513573 0.04304879049534841 0.013218488756499103 0.1116438219468739 0.05727615627071315 0.03228377437391604 0.013671102354305041 0.0048345180071235104 0.060671476263747914 0.0011036040064080913 0.13884698630666573 0.024237656882147022 0.19378184195771847 0.05058114761432032 0.002902680809305888 0.06526944277128341 0.01670142311353872 0.09838349254220642 0.031732463372525666 0.12590117513734103 0.038617341617938665 0.07142189232371249 0.2063704990782817 0.17517582208322555 0.13706900902916955 0.10260747449683472 0.17132522208367257 0.1522454045160222 0.08262691230479756 0.032078819857690635 0.033095910818148326 0.08327549491837921 0.07704801040029427 0.01764145302592403 0.06135322840273836 0.03308179795519225 0.0053010979012457025 0.045822983064444094 0.014411726672019287 0.044320203714154786 0.006001238565553618 0.003623215960764857 0.013909565447381578 0.027830572841321243 0.02781417304642728 0.1889852742269032 0.04489469161066312 0.025997906271999435 0.06559922774596755 0.07930645328755762 0.14551763237754378 0.22853692454032914 0.23329885124852237 0.14330089631961274 0.11098016777546793 0.2787591395190219 0.020316940480638392 0.0009550897642277139 0.05656350791540408 0.037937710479459534 0.0893611714662815 0.006861457408914002 0.01456424442288556 0.006202798850726623 0.035575207523226904 0.03176033055266235 0.07305405180508565 0.21486934931711904 0.14859933287498778 0.17852270970628903 0.029680493412428063 0.04851372180300641 0.011163990447587827 0.016212837129458015 0.04909264016752988 0.0017396639812337275 0.044363113933142455 0.07195773106440663 0.07785931715757635 0.11163541044171557 0.019198521752132464 0.10000550164762878 0.010136690454242961 0.07575203468625132 0.007099624778580558 0.054860777823005566 0.06396522522642782 0.00025633107786455903 0.12148705711388583 0.19892862395652966 0.010257706610307525 0.03077146369775937 0.04002845191823114 0.01364148874686585 0.018828924845396874 0.02294171248230807 0.010581838579846122 0.06271632142324737 0.007714299683108616 0.05145869905413114 0.0011344714314388967 0.00910727903090223 0.10836214850333256 0.04539657308311802 0.045870415824113046 0.1763691463227194 0.019217899454174816 0.058119908298320956 0.174210300250926 0.03167487401692593 0.2688301773111142 0.030225942310327294 0.03972450090808559 0.06233584408224642 0.050686377892884715 0.0034357635635782124 0.24400296570216798 0.2796407315929469 0.11646193756026556 0.09858757858588074 0.06348318667303092 0.04552936932047162 0.05704441145442629 0.06575235218289907 0.08280861846106195 0.013159805644403017 0.07162538461325232 0.00471715134458147 0.01820805553714625 0.04013113879296548 0.09459443228798355 0.08241665678405885 0.037056091087069004 0.08586382629683446 0.0009133282985314874 0.10540334657503087 0.03412086539600137 0.09372132064418465 0.028110579802809305 0.0945739671659179 0.016790395673107122 0.013623870820083733 0.08931525336213995 0.033556639834413385 0.007779382349271281 0.03121032766713368 0.09380196159926418 0.04937618218260407 0.04629712475457525 0.012494016928668356 0.025311655347035895 0.02354552741053679 0.03339165813163791 0.034401065405226985 0.040956840011051 0.05714841938390805 0.010754895755581086 0.01819469305002684 0.07729874131250847 0.09574504878489314 0.10108557114626968 0.06929668559017306 0.031961685223714224 0.016530566848443763 0.019856064740843518 0.0015829373253608873 0.016311263303006487 0.064649919520592 0.07544126422345536 0.03705120232501214 0.02969167755563933 0.05421814225369135
0.0024501652368423025 0.26936479552855846 0.14206569278425513 0.0825995905412895 0.1126769763115197 0.3332623302312999 0.3369675879951596 0.40620595526362335 0.22653457976313127 0.05441253394338323 0.5266648665712089 0.29369693836692135 0.03657478176969381 0.032226107407789105 0.124598189143593 0.0020550511012047655 0.2733550416698474 0.40718811751022527 0.14107748137394224 0.29037326286455273 0.3954740200140336 0.506175192868879 0.2968439222465807 0.16526244675302618 0.011203636241455732 0.10544935353998147 0.002774094141961648 0.25531284310557145 0.029517902827665938 0.23118356206368265 0.19262930965370398 0.010671214062179924 0.06576020932254868 0.20637040507616902 0.04698875529988066 0.14550784162920485 0.05271032931768652 0.07949801560519407 0.06488234342922221 0.2404015030379822 0.06619202942805179 7.776845947875771e-05 0.07270798170063417 0.008746537367672771 0.07431726216628592 0.02565442872965975 0.27934733867017775 0.4181458244259362 0.23130848917584565 0.10958817902591976 0.3948073752087186 0.31834037359252965 0.23460433284020069 0.24662765417557833 0.1265901074581874 0.13237336604512562 0.08820646088529321 0.008571649930863064 0.04491349237259918 0.1346197997913994 0.08792523477085856 0.025006683067934438 0.005846056833786167 0.061036564603908716 0.03830010305280094 0.31991434585191075 0.23605934184484303 0.37373909006126327 0.17973195528363717 0.18857799015445892 0.20091011607304177 0.07095071227247188 0.4037439262119378 0.14521537501782467 0.264337990183058 0.29400737031382285 0.1770525354590858 0.023173367778257 0.4811427419054055 0.3041298487375458 NaN 0.0309924436364438 0.19401282245234608 0.1159751406595548 0.1161270120691918 0.08183203673991032 0.09022180518177846 0.01602762279090191 0.18464398726318976 0.03652639501087665 0.0015866196784835814 0.09764727232101764 0.00213301821994646 0.01742825212051811 0.38865965730560903 0.23147667005105194 0.058948021162986676 0.1724943704156491 0.06205657356492504 0.0886998379783674 0.0499638467954692 0.0169756096641894 0.07082232361917684 0.04231304782079678 0.10313257784987577 0.06469419810537301 0.04045037249744199 0.07040723311658155 0.07351144536222852 0.10162889066904111 0.054844848657332836 0.028257432368966953 0.007999574553493465 0.012741339516369445 0.09758327602599325 0.16697807184672525 0.21201717710943516 0.00546468691539374 0.0038095528009802534 0.07605350610759164 0.036883765968711166 0.016168250082889753 0.06813337916787288 0.14534813224738474 0.24966757363610165 0.049127955641488884 0.07858517478460997 0.1364581232024262 0.20030946069523053 0.10693690135342282 0.09431498498375418 0.19215924116733382 0.24925281685663966 0.0012436083484839672 0.08124409195342833 0.14848928759107297 0.25081673724868353 0.44540185103344926 0.2840874151764448 0.2660189504728271 0.3478091541027001 0.015853612328599664 0.05201045377224095 0.01040466530585615 0.2798311168367293 0.15704728628618075 0.10766538771583022 0.21192743698049782 0.05129841089848153 0.4096500011745465 0.2545140248756937 0.05837194312528347 0.048899314798118466 0.14702428221789207 0.01503812440335497 0.3291152811546301 0.3338160421200668 0.2842223745283051 0.25907954937656213 0.1334525960520578 0.0257566874531155 0.1526321117038125 0.20491779782319394 0.10734534583495012 0.17658107060527017 0.04947163967033667 0.12814938549195853 0.07680056910949076 0.05651066790794737 0.19299806643524534 0.04456008116930378 0.021940209091735056 0.05777577060217989 0.13045808389980576 0.13332441250636584 0.18562433168584508 0.05509430654589067 0.04250794946921287 0.16856070306720752 0.06840445187129508 0.026685475549981397 0.2211748998640791 0.10175259331920897 0.02715115841731613 0.005970754923773249 0.23876460696453494 0.2655238400240051 0.27516010499038185 0.36728211296650787 0.15568935826557678 0.3618376290566996 0.24606688671730814 0.020691161104185837 0.1458251918845798 0.2657729984681208 0.1397135887683991 0.19372674172849874 0.47444950722850554 0.23232116402147895 0.23864361556969296 0.31265749688648303 0.4487699111600071 0.20587579685882607 0.17108703183298005 0.03703277697722787 0.021593624124323252 0.04306538363348226 0.08532068700584511 0.007834505294692509 0.0962293834563919 0.04335588314987194 0.10703140093122818 0.12124205636560331 0.01688597589627455 0.1073065811496044 0.18336638565241659 0.07836925391217679 0.13445671033485915 0.0687059102171717 0.27398902868556624 0.02537910113305514 0.08098757294975949 0.03368217743493492 0.039282935225988656 0.08944326291040988 0.07613450205035763 0.3108604043890937 0.18681065894453944 0.12479877350732589 0.0960690711021997 0.33226774219638217 0.27169339899888634 0.2733776826151932 0.2478250673944744 0.16669464083799584 0.14291390449280988 0.07147189327422325 0.002750317736991808 0.0328998319528626 0.03560290543046875 0.01896651141725949 0.09521429641409344 0.12814989589031303 0.07480397900464075 0.036920870987139635 0.07944695481961626 0.019536576914980685 0.1466808450705551 0.025879146100827147 0.06479479839161584 0.1129326501392716 0.16596520952713406 0.1706505033152862 0.06193131161759888 0.1866092296568362 0.08381873143954079 0.018459378703809783 0.022421764899260788 0.11772497518222474 0.16551071501070672 0.3212266403126869 0.13994824729558317 0.0976646797708479 0.01938287774869829 0.15112960004901616 0.06858208078216761 0.10932877201838195 0.036333005226684055 0.030295098794032454 0.08806388484431074 0.07658395023879898 0.06237634070426805 0.012250221319797264 0.06100703945116808 0.29749753878083285 0.10661133275840311 0.08895431611553586 0.03065575323669203 0.0440071523390659 0.057198760261701294 0.007394196235945702 0.019824754202312556 0.030057253751287104 0.11218208968458855 0.09981851812043521 0.004201020190671082 0.004682647718899379 0.046289085271551005 0.10667880126291711 0.049227674891199204 0.021124212446009986 0.03699595868838009 0.004874690866008218 0.08050750430189225 0.10319518063181052 0.2583777814756347 0.1340546677491398 0.13739186223532526 0.04313511644298533 0.06972456028444017 0.07071146062361724 0.01986677345890745 0.07086231042843695 0.0870448082038483 0.2071548805164384 0.13096042227134821 0.08735249589802987 0.144534110529156 0.20344571464182998 0.025677917055253175 0.03117850129575469 0.010165304189521048 0.07576976731267417 0.049121230479834785 0.25140583514587683 0.2754991772002128 0.00040204667101444337 0.45099249403949543 0.20507877217642023 0.17195818722737807 0.19196875717709047 0.07801812967440223 0.010306436899057032 0.10451680424174334 0.11221270805932454 0.14656092165926585 0.15675889092087197 0.19474540268922566 0.25884663340314384 0.1403654184183854 0.09925044271324668 0.12463875154899458 0.2131233656907876 0.0915705940601562 0.04366046319976607 0.1846921788187745 0.25806538027223436 0.26106821885211173 0.2109507739892812 0.13008992290408694 0.06855991964532604 0.00627633661363525 0.2624029022119707 0.08808311893796993 0.02837293479151665 0.04177345383099226 0.13842144381081306 0.09743918981437857 0.032584325888211446 0.18756742433427534 0.1250573815320799 0.01217858740851363 0.020586116156392727 0.10771487839571749 0.15927100851436737 0.0009503932694381862 0.09344042791135107 0.024440264398167343 0.08290049890196022 0.12981529088838825 0.055014962569896235 0.05711347119555359 0.09553278749122311 0.03293845453861504 0.07025781942127664 0.010021541832245838 0.18819824541930436 0.15121557689015933 0.05417142832404884 0.03681433433087065 0.11223266277175271 0.0398519797703454 0.015157301211292672 0.09262980432401054 0.03191087161986108 0.17799113634172925 0.06801790942580777 0.02619071740578522 0.0032474820439555236
0.14423432945887815 0.07975306429683796 0.012633696517158071 0.14586439899365986 0.08930094914819042 0.006796336278746012 0.015879978664706706 0.08264763310939943 0.12886772837947727 0.2641966368742377 0.03214752057203426 0.0025994705347808134 0.06737838283518115 0.1023329172603528 0.22157647994392574 0.06191997706783663 0.06000078414677569 0.023446149685218975 0.054022420432285445 0.059001459363214 0.047816706674662035 0.054317644546954945 0.09409524167764292 0.07351612827661365 0.1396029007267568 0.006346505693254222 0.07641955274111172 0.09277723770733493 0.03753929320950001 0.19530002126580878 0.018245499193124 0.06295596330935259 0.012626795401278224 0.11612833304370687 0.02022469592990606 0.008908097953913476 0.017467300783143107 0.15610774215788978 0.0984589452020564 0.09443633297307502 0.035004056363685504 0.03173940470676609 0.04912161582478263 0.17855327750172578 0.1717255630223056 0.06692494109991323 0.11626777010745265 0.01333415830344674 0.0012794999252324724 0.09888650299529474 0.11057505171065075 0.0725448675160088 0.10680782174503009 0.07596243074886681 0.004743786247211841 0.02679755035422358 0.10150575703198625 0.03900273093898838 0.02260766747846248 0.04391019574121639 0.011457489704497488 0.00587108695082896 0.047722503871470805 0.05078346637645646 0.004645062966216803 0.023479477705182793 0.10248725543900047 0.17733131946104067 0.1749842379850374 0.12118883404539675 0.09830585171837412 0.06097678694288348 0.08075037043818625 0.026745647963661193 0.01356324856838374 0.11497342387973855 0.046201191237905864 0.2389157849439186 0.05404530303658124 0.022521777700210993 0.0309924436364438 NaN 0.05933900629833994 0.29434012884976823 0.20451388474297544 0.11367641253610213 0.12268949220803634 0.009300007891770597 0.059755080369000624 0.025951433575602353 0.0552964451016038 0.1343235935079315 0.007729370002702576 0.03149342820697564 0.015721814909935305 0.06710771412557308 0.014970878828431414 0.08995355712130951 0.021561156641917486 0.025433580542163773 0.11967733402779947 0.014257666383186525 0.07857336852160325 0.00731259065034669 0.08988729654696408 0.0359695480065702 0.08673689525232911 0.042561318493797115 0.01697479820963985 0.06127287311164798 0.011381065882240731 0.03331187067492238 0.03373570792000264 0.015595022086524137 0.024304519666775878 0.02940552289269597 0.045095339571703204 0.05610065359307943 0.0563499643299957 0.09376411368984813 0.00840435313312989 0.005694411048725753 0.010516962774310626 0.0017386952379770204 0.0011647124830069802 0.02663050025675258 0.03993351730362389 0.05218985249941185 0.06038926083091675 0.017785219265168583 0.08824209657256583 0.19594142084728974 0.007011340768914397 0.009471958402812718 0.0961257572959466 0.0695050343288055 0.2812845056996844 0.019447927489647 0.04535842120772463 0.0912705071266121 0.10958135921923744 0.07873385199117489 0.23063949007271126 0.04932973289562204 0.051030017308451144 0.04579846799304892 0.0885442251983924 0.4015052250749903 0.09430199442322552 0.1970744241927953 0.11239184816075413 0.014700613065179193 0.04120124967216927 0.04306778842699781 0.06888081020182124 0.03828214503800213 0.010207269043377144 0.007720239424054755 0.034834568186245425 0.05814288206796047 0.061513272780425496 0.08118215012552812 0.07707451157838348 0.053844092332956534 0.0157869276306526 0.014259638691867053 0.16774440324592665 0.0388922719733597 0.037875330190974776 0.08215375721500988 0.25624680192496546 0.03522859506325864 0.09907580706269073 0.05377225914065023 0.020282088943717066 0.11476372520133206 0.10543178760413845 0.15207463016955947 0.07524814167778447 0.0532948079402232 0.16399987003591154 0.02114980103805031 0.026409483817227103 0.18672774160494732 0.18310434959147315 0.08683480888023325 0.08065415422955852 0.08415699347988528 0.06873529331986973 0.12334514084434758 0.08513738665758294 0.05612933506798166 0.12861818732896155 0.1324504168174004 0.18569515912003579 0.05058341259550688 0.057068982648564755 0.02039001364343722 0.0855596534255438 0.053349909430040164 0.020588676409386945 0.00943068776032337 0.04623696430917564 0.1349107031811411 0.05632817770617025 0.0692152024684348 0.0649626886252593 0.18433429010297211 0.024115871111848534 0.1947626916561383 0.02072889841517049 0.02010316428516344 0.012757119330339942 0.13012356532878017 0.13010919288790293 0.04408301484118183 0.06618168129875056 0.17551532858953256 0.010869487879346407 0.0396238348353866 0.05312427862516296 0.09131421266441099 0.16609575880903035 0.15218527721623823 0.16171503840790652 0.18795741021724544 0.0873316461492247 0.02286630189347866 0.0018153485667056792 0.20731749062785643 0.14084477865127584 0.08042312821954875 0.04006988997975276 0.04165073979248754 0.03193047700433554 0.0917179202272263 0.13687412658987463 0.012950143198237117 0.10199590523044341 0.07494805541282844 0.05952580883098177 0.032514014055693284 0.002659821572460052 0.08269159724097055 0.00810696020502229 0.1577563267297142 0.16756516461505305 0.15408908783211783 0.10621367581885846 0.1266338167357195 0.1397804616848443 0.16976141372890244 0.0631446471172077 0.10058383745995086 0.06732360604536926 0.17861419025333647 0.07603718653597306 0.274050431599656 0.01939921378342731 0.0726822637266284 0.10696272054760188 0.32082969028788416 0.08362555886101643 0.2251381028240686 0.11560052942361185 0.11767795491877876 0.05328194620025698 0.0011614578758249007 0.0968285958722873 0.00891027949571351 0.1195765182921325 0.08346620886129492 0.017557833814088 0.04468343732554471 0.09639397596096466 0.16533619905783412 0.0023651146874945797 0.08341251812362453 0.018415284537676713 0.028183013425464448 0.10051188408838332 0.03225507572487095 0.08928243909288403 0.030155557852824897 0.054257371093206094 0.028102325889439214 0.09207286208327921 0.005988485903076563 0.08370551314100787 0.09444769275522978 0.013561582561572609 0.0344523106543382 0.01902822431268268 0.028457597048721844 0.044573574714963114 0.14400795076986256 0.19346402798480086 0.013444084740922523 0.001954305324664618 0.03787639829504864 0.01504888122951357 0.0788983171799624 0.02863046572151861 0.11147844669975095 0.10777578281380623 0.03536242745748456 0.01982191318687699 0.04703421629803778 0.07096198148282157 0.10414504514370923 0.0035857860202712748 0.16086451572888824 0.009717576063016396 0.017829176270539048 0.09555038372042855 0.19858414397818439 0.32517256955169 0.06443816905491326 0.026552134785818114 0.09891045274322771 0.008672343057998261 0.06086912049585418 0.28638034081319774 0.14842680818367984 0.022239773036989634 0.05989624097744949 0.1557975005316301 0.4047609709242197 0.02022853575536569 0.21722554988892806 0.21244131086999885 0.0045168545310665395 0.03570552961342511 0.0890669104266035 0.09043748115899021 0.0036725307208225993 0.07446353661191842 0.0077985591527087225 0.02423863303373374 0.008582655116609689 0.07338250783463966 0.015047703894332942 0.04387993092432215 0.013471789618075339 0.03433801714278513 0.0281863693313175 0.13466456713723476 0.005351013475702044 0.025427910808860105 0.054691859689578785 0.07683127291282564 0.006224283490327646 0.08603437698202977 0.0644051875916042 0.03755786835381689 0.056603069589420296 0.021470115575369136 0.07539762998582472 0.018465624848408153 0.09798803923410829 0.19086245508727012 0.16886291635073308 0.12246420211315824 0.13949559175906237 0.036756485072502065 0.07580388823626849 0.09215938270632955 0.09386693548514109 0.06693213094557912 0.1000616507749261 0.14788071196233207 0.0970363304593749 0.09113869651724452 0.20185266666358684 0.024445923950865093 0.09506031903368808 0.0152441500391395 0.013196097865633964 0.057419704333494824
0.0466411708447836 0.24033095204492558 0.17555501181312644 0.07077488866785356 0.047490805462131344 0.1730450323631222 0.1589124573682047 0.2982864542393949 0.27496116629610723 0.15956375296457215 0.2957787907978517 0.06160400375287987 0.03191603458243597 0.09201960762451573 0.22088740215844233 0.0656752325203651 0.04571532726187396 0.20738263381377092 0.05567728624848941 0.11103420384872702 0.22532000544266143 0.25566316835921304 0.2178899027811449 0.08076347565293503 0.14459134250033537 0.008647387916585595 0.02623029131949818 0.1384874502955716 0.2816843953643594 0.07043917356572792 0.07593331992048216 0.0029141641266272533 0.05460771294041894 0.06290121584503686 0.2471275529378467 0.15360562144829681 0.02896736490823957 0.03767995577447904 0.14877493916342668 0.20055428928749394 0.11403445692557965 0.04891311539337456 0.10519193845186528 0.09859663612138085 0.05342696539048891 0.053928185570144456 0.1814184706281621 0.14400727740133076 0.10518037481420447 0.2084932980036712 0.28088984202288625 0.14187638014135143 0.29737373458080957 0.18565383396532767 0.1605724490041676 0.11496686550567617 0.040845682233458254 0.03342380480202561 0.021632596056166194 0.04151250571751024 0.014340678542823792 0.21318269307874507 0.19212699301988084 0.05598230794898174 0.0026539052657068396 0.06866021459136674 0.43993168542517747 0.049116481809099964 0.25033048473506325 0.032436936258244044 0.027871382731478194 0.11705418398486356 0.45150920605523637 0.1760994628426841 0.1337204208754087 0.0059796903100629096 0.3976348018538767 0.429544710916332 0.3928955660428961 0.4500030388380381 0.19401282245234608 0.05933900629833994 NaN 0.28317756987991416 0.124975746040811 0.05057896122860428 0.15717440819808706 0.036592571104678694 0.012452391180447699 0.11049971242341532 0.3762936057372213 0.06054882216441148 0.14698248220128649 0.05138533777600345 0.3274725694460236 0.19621934850381942 0.5851321933712299 0.0355047854212152 0.0711330109659325 0.08595961539374387 0.0980247504417359 0.10374842162681343 0.003053187131663382 0.0076441648345133865 0.021047412169289067 0.1679655274369628 0.028179226084947235 0.15785612391268133 0.06289689761581588 0.08637854788533134 0.22681394395080232 0.008596373427367314 0.04866139459989327 0.04724540290631481 0.0635550890676226 0.15225699992221878 0.2983987010141415 0.02367988942675747 0.010601374054367044 0.03651174695327939 0.04062265103912437 0.054508635968501244 0.05387158891700069 0.04753101040030274 0.0544724326472275 0.006520505877662567 0.05759699430234353 0.06874728787030662 0.0009372660660648571 0.2583455971930444 0.2125894652922849 0.019718103351932713 0.5247390042514226 0.0057892052616014275 0.1311958922906821 0.04464727062736329 0.3935983457512092 0.2523907232188459 0.19142484713028954 0.23290669654133425 0.1536781317494237 0.010562153241691685 0.02929652141046848 0.6470682010051976 0.5679757692608964 0.13893903242868602 0.08632915141274482 0.13242868807644953 0.5349362685366416 0.13362421598573856 0.26841324596850863 0.03953575923425914 0.08111512608896373 0.01199475169671585 0.04694460402020227 0.25809660159518655 0.22476517568538368 0.04726096984052616 0.13387029196593964 0.09816902944945693 0.09645938289040241 0.2280612182478706 0.054797033735496145 0.021533407046870328 0.03220762388096603 0.025483776529856624 0.03708750069059274 0.0518651015837899 0.20118708721283185 0.28997996513182495 0.31621723192943 0.09736946729790204 0.017907318437194904 0.02090189013378027 0.12118941889422027 0.04904569925842603 0.34240784695392606 0.016848838634486732 0.05168988131731063 0.017059279672927776 0.06573546789303451 0.2544243462242968 0.12225373241261485 0.03923048438320317 0.08138349199339485 0.19533155376182743 0.2116954168828549 0.33961729209052055 0.37453674553263827 0.12075868524652239 0.27406158705255207 0.08014098893234968 0.0046533530229158045 0.07556447762039828 0.10019540082194446 0.006902507258554446 0.03351668933028877 0.22200808394155497 0.11192033792962422 0.15476870569077977 0.2771191759307999 0.24942229929872659 0.28692624170611825 0.03166939359999451 0.03026654610222751 0.09444621058582268 0.011286515201181744 0.05933604856147801 0.19292325469679744 0.0078590180789738 0.04830469761471269 0.03486290534329824 0.05505898929471435 0.037878272153076896 0.03320391005466913 0.18612334871426653 0.11858217489192655 0.009588767256358533 0.1923294595994678 0.23613006527479327 0.11390916197769561 0.04841579682517796 0.13957080602534075 0.030373661559206854 0.05604483488791823 0.05220538395923601 0.19574218399394688 0.1116424809054727 0.09650175548342628 0.20313544398978856 0.31001860893557076 0.255359188548686 0.3515592848481839 0.24081317995026508 0.18321605084549866 0.2052158176442037 0.03806100978771532 0.024895544404872495 0.05379370646553651 0.04677247650686251 0.007829546533912157 0.009744005882124339 0.08828219066792407 0.03963553496839215 0.06541179292727921 0.01187913381523831 0.15713464533430652 0.08398041324796825 0.236809667528841 0.17661802466961096 0.08291134843610347 0.08870856772412451 0.2737006130400158 0.04663627327933862 0.07785657723680546 0.16568021261975588 0.10340983599112323 0.2469652380951642 0.1170358671415087 0.14946812966977105 0.12304151562295011 0.12155383654107066 0.4710802819033929 0.20618779348848595 0.1859977236746075 0.0009857621690106204 0.025104494666896824 0.15162607178029808 0.1416599150965364 0.14759186785550843 0.013181831461365591 0.04120242780156261 0.014305874884699601 0.1347123729884335 0.21950458166754294 0.16519444448173592 0.31084403624251045 0.010524764099536742 0.10892176489325169 0.07879702295764947 0.08782158038266763 0.09019476116288039 0.09137322433379096 0.10152284324632399 0.10306105658699705 0.04950895408741515 0.038292337958260064 0.09558137123389754 0.02567206653640551 0.048648883357774224 0.11403925234861641 0.11180333701519073 0.12063330702665331 0.034871131623803675 0.036877640143052406 0.15028527586303558 0.2782933657369806 0.017656187369065744 0.012661351522633325 0.030320574951878343 0.09241243827114194 0.008115149949586183 0.015970654814239087 0.19325172484012904 0.037656584551829644 0.013369490977393856 0.025344987108337123 0.08092410493043703 0.003964525731073231 0.0261488019552023 0.14373916337991877 0.13699894764563264 0.2127787554795431 0.02414111875931309 0.01850863210483545 0.11851777308373851 0.055929687845423 0.2431825515489655 0.1684337839473517 0.09458261980514039 0.17146366925755674 0.021291383600433214 0.017678830076002308 0.3961275670482498 0.3658483776894358 0.19987381203426008 0.14427189238755353 0.09893172053920693 0.2625473857512816 0.11310313214285046 0.02723998125697952 0.0577476544987849 0.09959233598822383 0.10832863975624595 0.09623875026103998 0.27826527612602414 0.16044802092605076 0.12299317029986644 0.16424764861373956 0.03145812872401017 0.0800209557951599 0.11885050006609829 0.09740287038098434 0.007982049344433768 0.11707841798995085 0.033450980589444 0.015153466081397686 0.06049419864460565 0.06121114481523597 0.0386598053043568 0.15714346237711177 0.17748440865729934 0.14687066021603432 0.05284422017084502 0.11073438527010197 0.15064684170876722 0.0926966520996441 0.007371435547959317 0.05696783165988275 0.010195571955524767 0.06194105153252986 0.040997668040809516 0.059331779164799536 0.06005905074414818 0.014324837850495167 0.028068568306422292 0.024101051625435348 0.0405310285930378 0.08272022446771733 0.06053226750229938 0.046380080128045655 0.118655846604769 0.01703135263246446 0.06477707193151389 0.013197032709086145 0.02811330810371234 0.09738746382119541 0.038141421061538554 0.05436937435697869
0.3108405987331479 0.02249422129345212 0.0791495850493275 0.2591295265856158 0.22988060121917508 0.1730198391489882 0.03266644668145969 0.03976523946578668 0.08368553712631126 0.3360386193879431 0.0388630587433274 0.10178558657058671 0.19955390293284309 0.1784086142490428 0.370552159949198 0.010962112887223815 0.0038029919500299223 0.05216702638588787 0.13273793654849753 0.20219418257863303 0.07930418001178345 0.013617194515192981 0.012862353598354663 0.1720916342326635 0.2670443114603353 0.024334828766043693 0.22459185602497456 0.2104201212379973 0.1595233098759918 0.09943503044792601 0.006499649456648711 0.09351269071393861 0.03974574889085565 0.1216701287003206 0.11818985803778052 0.03251516837538023 0.060618691143506834 0.35930150585563675 0.023505204041577552 0.09231879213097037 0.13988880341035478 0.0119075140093236 0.19786668551305298 0.44539635705355457 0.22241480061237473 0.06894144054868133 0.0015926489649676074 0.04609498664693447 0.040523132994040666 0.07586602165496607 0.07738913766079959 0.06369584301693826 0.019630013711802514 0.06572298295622415 0.034519370376906534 0.008069983322879089 0.16308662518652303 0.01582235461163871 0.13212487549657065 0.23276905267516074 0.10343262078990609 0.13293285648427444 0.006686137665993429 0.1419156300952342 0.028866162591824354 0.08301486254157867 0.17786133841663565 0.12881178732287657 0.16605959078036595 0.2250973069262572 0.060153972045062086 0.04607624219545911 0.021130781300693513 0.1131809526861546 0.14717541264630996 0.2502967865027726 0.11449229137304658 0.37408701977048897 0.002019135098767592 0.044592472178804625 0.1159751406595548 0.29434012884976823 0.28317756987991416 NaN 0.35164184231425943 0.46286077666829817 0.2590532570477823 0.011014609346681966 0.18362045727602186 0.02362260794545843 0.20388773789830975 0.01999874955856764 0.09356375959748718 0.016859761919115857 0.03339260924331756 0.15983214728120562 0.20928486762875348 0.04491048700181767 0.11563352872679229 0.004614341398572014 0.06373218515362428 0.02360319357516586 0.08578775125741167 0.02128055906276301 0.026231813521212087 0.0297354400239205 0.06037724198055959 0.22963184260430267 0.017462876416711064 0.028887811592699743 0.11460551753951233 0.09216879485744085 0.0991245338549001 0.045164064967636225 0.07035770135393453 0.01725304419137805 0.08377557274186352 0.06330520205615492 0.0036148571574447334 0.1439373005900491 0.10147169312933188 0.012077288130967067 0.06324252289141977 0.0623584563141888 0.06750446479727433 0.02333271600919135 0.03884139945117312 0.06286949501047433 0.053284882216114327 0.0961086577297914 0.17763510171474248 0.24635957487906612 0.004694449749567135 0.03345810454353369 0.1474128056711689 0.0652297280104318 0.2188776771898827 0.027058615342477475 0.09290592066878342 0.15309214093660464 0.04351682303590649 0.10255919975285846 0.18574340500388042 0.23798720740697973 0.026178881599217038 0.05921688418985395 0.11944612422713209 0.5002060525728617 0.42945038392908447 0.14578959455707155 0.05541784302495326 0.13336041461775422 0.03886105584753392 0.02191485002367115 0.007457938817339719 0.07784133437594243 0.03800633537048947 0.05112111174682666 0.11133920441635642 0.03894279564757199 0.05051813959198949 0.1200086109333027 0.03037738361558543 0.006027809819612987 0.03434800881252733 0.06987603257784163 0.14040787668576787 0.009291520194653801 0.22445255938043798 0.13098111632023496 0.325168781825123 0.04992837031703757 0.07884575547734196 0.1150332033964296 0.01891482475726234 0.23898347806242548 0.02215515843230035 0.06484971267881684 0.3430640902568693 0.15078327559730656 0.31909047855659595 0.08209230526085096 0.10114515678138604 0.2882203727706947 0.2590351686165777 0.2683975560088057 0.14826665660138985 0.04999165973053438 0.00035214111630040815 0.25287615091996035 0.11275290924739319 0.036781939862094375 0.17863047646537725 0.2333733932460485 0.4029294849631307 0.08320996237976769 0.00879028013012105 0.00863634267374076 0.15378804238217825 0.20955001114499977 0.19946836126173165 0.05558761760729612 0.06061560824123662 0.25969494327635284 0.05479694510112753 0.09589065672858017 0.21088107433143408 0.2639908223636952 0.253405906405339 0.07182162900234931 0.05384641781741172 0.14102250117103735 0.0040960991741514 0.1256856800766878 0.11100440238132095 0.13353485272398277 0.15511579869920722 0.3616291239172247 0.0503895095896634 0.01783071980036147 0.06927742448494166 0.0211651772127975 0.2661173927999794 0.2945719372948109 0.22126781297019213 0.21477907012759798 0.0651936558539816 0.10165028045290793 0.0625460202278855 0.23184208180440952 0.005170795310847503 0.033690719772325496 0.09093293826385176 0.0016338740315529842 0.0023489824937697862 0.08624276061553084 0.05080091953686956 0.08054815501070232 0.20989951654955025 0.1843046741867759 0.07855059818574991 0.07872222379284537 0.07565281947582149 0.10238398445329745 0.02798755757375236 0.01670514332850809 0.01358241155715252 0.12213752211805563 0.16584487792586267 0.18941165545378003 0.16734599236872968 0.19839406876823387 0.07423104538700392 0.07003601204625574 0.19411461291911722 0.20457358826742547 0.08450955190851267 0.290939258966854 0.05280470232282349 0.021414984993362488 0.08428303534124608 0.2170151036708631 0.2596417138071213 0.5468428002658593 0.3309684080901324 0.3611441369588304 0.07667364654658912 0.03938916559842148 0.14252463659093642 0.009772328820203372 0.08704989629668548 0.06479620186334642 0.00352218060372472 0.007686725602552335 0.14185449356452548 0.23084419966027428 0.1638119296880098 0.03308823080510225 0.10616245188045936 0.05814837257995704 0.03761461380776574 0.052378957139352804 0.1376618789124177 0.16869737068525426 0.09953675067815822 0.00031377141572361505 0.09745315407873782 0.13899457842374605 0.1035360622766052 0.08258986272307725 0.16702375854485657 0.08060464720244515 0.04786450907856248 0.05756893697625228 0.033886853951029944 0.1130881997966783 0.2693777014370559 0.06888234420538876 0.04538536110653814 0.09954430557864563 0.16346914199618054 0.02570800002610988 0.053340116288932114 0.17014350469607945 0.16987578450876026 0.0029082390122593623 0.016322861273622803 0.15451053167394227 0.09175280419740765 0.09279816987499138 0.04879121209619917 0.2270887004700448 0.005648287629636689 0.020867494591345813 0.019082671936775382 0.06649902340994648 0.23997407676536628 0.10637986911693147 0.0035097819361183716 0.14460431381022484 7.95398781238613e-05 0.13045770340950577 0.2534602651468292 0.2907371441864304 0.08932423309826998 0.1329211186278843 0.20216342745167162 0.5052126968751527 0.2997276749974066 0.17434464509837533 0.14769520488585403 0.012950491309273442 0.014091072518794727 0.012286128568004083 0.008358522069102942 0.087478413276066 0.14630993672080708 0.11354447294709383 0.046816359764810606 0.006461530762122541 0.07526929439022079 0.18846888842126738 0.06424372257129964 0.04376336689702149 0.000528142523500592 0.03554140445327405 0.1415213346472959 0.03652112501877371 0.07020366284979333 0.0061371554128516375 0.19652742453021915 0.031151949798829175 0.12124711456310329 0.14142123452515953 0.06115026894903277 0.18344075321866407 0.07472941544013068 0.09244076431972074 0.08631271222731916 0.2224888336253981 0.29460749858179675 0.26512775234081515 0.1661839560918942 0.22713734705226482 0.07185255044298038 0.08604941489846467 0.12196330574936302 0.027098735610498772 0.0676463504667632 0.1194284178614958 0.21864198357440606 0.2806527552392222 0.1879073521075984 0.20810776738968198 0.08956844274260062 0.15535077231448197 0.09694208824391108 0.0009290845635007004 0.15916662831112321
0.3282751344507623 0.1114404442308756 0.029696476959406918 0.2673709880077708 0.19467294506004226 0.044997669834198915 0.042583161113353356 0.17688749690291594 0.12727262473176884 0.26897494041661973 0.1230983971178205 0.2276542307308606 0.21222430253091412 0.19745883859550278 0.39408631285086243 0.012107184565021344 0.042607258465957504 0.15429176635899455 0.09341418865021553 0.054823044779906654 0.047378406248998986 0.1616314644410313 0.17599745824108515 0.18186828071594296 0.10079088951225261 0.07106574747747013 0.13971928744321865 0.011060230860032513 0.11643561819685899 0.14038518988850618 0.0003717684543408405 0.06549026031041126 0.06015950835744894 0.06454786062702876 0.15479491716437693 0.03248429090153277 0.08946345556454115 0.19101458689162096 0.005890047877494004 0.10819577435597759 0.03602641187121176 0.012378901801622228 0.12918685472860564 0.2332869749346119 0.09180735610483032 0.06445507050236071 0.1360932848004635 0.006814100268529704 0.03799233679442577 0.06695291892157272 0.18143851228693877 0.09876218412201186 0.07912181983246566 0.14889618429317586 0.10391937580430036 0.0629498604605842 0.05602872135816377 0.04164218013701094 0.08887897058619082 0.21620886020081373 0.12075288503798133 0.11731766918640393 0.04192099784988164 0.11639548697517632 0.04004163750670525 0.06801896998920906 0.0025475733971515226 0.26424487840729155 0.2598574282536094 0.2669314530520665 0.19263078749557408 0.11515430083718098 0.03604072773676889 0.002053738653464928 0.19869605518380995 0.24785011381175978 0.10014884458458574 0.18532814319281085 0.00334881325790909 0.052619775490646996 0.1161270120691918 0.20451388474297544 0.124975746040811 0.35164184231425943 NaN 0.26136192323097424 0.12288993590503985 0.0332739489549823 0.10306492925137756 2.3408094880778954e-05 0.0717321717853191 0.0564665985712008 0.06919491737154955 0.02702342432361536 0.06090978733768774 0.04168134455304115 0.14882211451469143 0.08580935857402404 0.06429633198952654 0.02443788217284998 0.022116125297883236 0.07558743935051351 0.10867248254214773 0.10526539371796571 0.06937056523932997 0.023871640859543623 0.1219679271185069 0.12469748257004139 0.03925797230873347 0.010400317692020461 0.10898367557627651 0.06006788131189725 0.07449883228992824 0.01592116998171301 0.15650659040248574 0.19480318449030828 0.06141294925475057 0.1055405292551479 0.01695716719916197 0.16412135171719433 0.057316656393429255 0.01972314463245295 0.09800548825517966 0.07790484673834917 0.161681558957235 0.07904108079323924 0.05633227248659766 0.16168364542465 0.2212967750916205 0.02735808846682625 0.13871143470811972 0.27260397610349335 0.009871767741139886 0.01388248227073621 0.11954001128547077 0.01421328185594752 0.0022837038563853452 0.13703221895705336 0.10434036645480273 0.035692101844314046 0.06941895481406744 0.1718384640073084 0.1870438507956838 0.25970534324316824 0.02490135159103854 0.05290397168117646 0.13844615377069366 0.3254077974735408 0.2902549818739757 0.237400825092116 0.04089200829597182 0.0053267850984234045 0.04958325838572704 0.08534631443701639 0.060508650655856 0.1308840832220298 0.2053301501223545 0.06351351592215473 0.03224088464844534 0.02745665150592717 0.1443053533751737 0.0011651246148039688 0.0666599384164135 0.05207368201689261 0.09478151003060446 0.08637262848009539 0.14023190588674084 0.09046517656560521 0.13375341397482163 0.09971259656292393 0.24600160150454323 0.02343902460183771 0.11571845953593152 0.15354202771651787 0.01628169111345357 0.19873881353373593 0.037458987768812096 0.04231935773375033 0.2508933954941365 0.1927350892232519 0.3279079744478713 0.026053941552569997 0.09039167793552243 0.29144685741856596 0.2311926553144601 0.12394519805201992 0.04044950463486818 0.09828448081128159 0.07302179583288279 0.16380512197926733 0.07813553143523569 0.1858038436549988 0.20107244630884746 0.26846457863699297 0.36983655833166446 0.09152863592117963 0.03740654001541186 0.1745830944786177 0.1654609040555198 0.04928949628182137 0.010893864715145229 0.09568534234198658 0.05646810781034394 0.28752574185038027 0.04697704488410394 0.12490211631170824 0.15016475210604222 0.16971453943554002 0.09110755736343248 0.17512949992623644 0.041835924016859524 0.06727973796784809 0.05051190051861158 0.06258685636929955 0.09404526969710184 0.0028309892760470523 0.1113538820742933 0.266473256549671 0.019159485322083388 0.08906743509921279 0.0230232525929831 0.026307980162749805 0.09519518757978715 0.18350071376976132 0.09373677538943267 0.1159291672751415 0.15769397241274768 0.13642465793043307 0.07143814828719942 0.09703903609983655 0.10005943757908646 0.040985894174271426 0.014803083914859731 0.06083379404587685 0.09521687752341264 0.02350632459582514 0.011911314122794102 0.040133682257223836 0.20790213365976165 0.15418583533320088 0.05874144685184148 0.004529971667707882 0.10770517587004114 0.05507303979818642 0.05636767573946836 0.00388404313626026 0.10092469145984279 0.19393922203344277 0.17486694067992628 0.21631193113227418 0.19493313851753313 0.24195316372743747 0.08375881372025729 0.10193120649798103 0.2640788921504789 0.1843554894277576 0.10211449299221803 0.09684357358500675 0.03839987104832626 0.019707306459382942 0.022873833372692585 0.07317506846406625 0.06958820201215976 0.2727327883371548 0.29916792246576474 0.27242711852545776 0.10871419654535386 0.030362803439834968 0.18803571952176956 0.023180060840502562 0.02630637731477444 0.14460285505569895 0.023558071789298998 0.0009653279458177521 0.04540642361001801 0.08325698777678604 0.07098274044272891 0.10039984038436665 0.0381337232934546 0.023250643117988738 0.029199271384766433 0.08740833167238748 0.10899245448013287 0.12866689657279062 0.16034447009011274 0.014658882143064593 0.09048712938329326 0.08202566410433484 0.11590353938299106 0.010778423159468108 0.10270589123569154 0.04529126954368827 0.0014478525108680906 0.07122215844573025 0.025330739814225487 0.058768737130926174 0.07551117146300504 0.07849708879075172 0.01412373815650957 0.11849055700530335 0.0869697711386872 0.03696897751849275 0.045573443336041485 0.1659751943672621 0.3196121373416822 0.03276049774348561 0.018514913206342614 0.1858646633154531 0.22739102524280672 0.13055498202955915 0.09626481057123734 0.1982245224451415 0.02424918439853979 0.0574723412350363 0.07291185142305795 0.08412241508886732 0.13007127832720558 0.02892807369731749 0.1605736747639218 0.02874101110937476 0.10848528021597967 0.11706236511313338 0.24412561206058048 0.24047589045243048 0.07262685244048525 0.09222897757083312 0.0808815656068703 0.27151779395319925 0.17879706044401691 0.2732294345109004 0.21005020471167202 0.004385543934749828 0.0424121329438603 0.017549472648662256 0.01615986888329605 0.04669749780057592 0.013731119961930797 0.034320980722510025 0.012445628313347563 0.0030081593216353484 0.07477069357280199 0.09990169447951502 0.06523204155927377 0.10663199314944967 0.01436660292048106 0.025684571589432433 0.13682722134787156 0.056458370138499234 0.06939538217608052 0.037147696115954844 0.08710127960430414 0.0587548549045898 0.08487490405134215 0.15915680608488433 0.11891031682369102 0.1686252040411298 0.006404867066498746 0.06520813648029793 0.11078258734195912 0.1778523769558334 0.2527239762765771 0.25223298147536044 0.08860921611788942 0.15210409335623015 0.05644892155029823 0.15355305622503596 0.17470423379525643 0.09799736713454597 0.045589061717911245 0.11832550719501744 0.1999135514676195 0.20434834093857296 0.11042269762881857 0.13999280508377296 0.019158719866414806 0.23298302284516748 0.12535038533121243 0.04031615458947153 0.1266905408905172
0.5397785436485238 0.028545920359355922 0.1197431044498099 0.4520060967110409 0.4361180770566075 0.27497330234497513 0.144093898821748 0.14005391819526078 0.23288558821872363 0.3106428867013437 0.01264008374832601 0.07204786945222089 0.3174886975030143 0.14292260969114498 0.2886517753685171 0.059727348999531735 0.10287773774801351 0.05227676004986333 0.2217982820926548 0.24368728581938573 0.03148433279534491 0.009329969343444556 0.03883744985663294 0.24179563209717617 0.3604626599525003 0.19144693191226175 0.26212745766342993 0.2757301962136601 0.03991591394056033 0.012897720251019337 0.08286686152355839 0.1877618706737278 0.002071883860659337 0.10122545850248818 0.10432053331439148 0.05248400709182148 0.014006826405119263 0.28922516970922546 0.05759310072150872 0.1605104026006992 0.0334992899395411 0.14510798909653616 0.13074862481401472 0.4372044604060047 0.0707534285817256 0.06499503660887328 0.1612681521555871 0.13977688278435935 0.0284735729970985 0.13212058131072826 0.1712690474871526 0.17567312600701201 0.08180301066901632 0.19971982195676574 0.14082476211748393 0.11563836726721125 0.11124276293235337 0.03046898733099223 0.14288815769806537 0.22585733151905169 0.12753297672366276 0.21092694326373368 0.06466445507801778 0.0648948514821701 0.02483480707425246 0.15236081183240074 0.10970216445541572 0.1589406959675037 0.16278971321597802 0.11598054771151982 0.11609505505729956 0.14268275140050588 0.06261843304671225 0.2953920736097044 0.09482649405431971 0.11469456314104128 0.03960070035917424 0.13242000617043445 0.06218902591917476 0.10367897338080237 0.08183203673991032 0.11367641253610213 0.05057896122860428 0.46286077666829817 0.26136192323097424 NaN 0.2420755843248998 0.014036095125940489 0.289088628774147 0.09771071183937528 0.06936318374464465 0.03063415606087354 0.0999222629928327 0.10664541710748322 0.05064862635920886 0.003989970194066343 0.026348928355260183 0.10678584096941658 0.09198005931078578 0.09110266103067662 0.07974521235310557 0.025505075959319577 0.06288862047494008 0.019962121300639544 0.041386670546746974 0.04905359408581317 0.02302095861332424 0.1868797682102344 0.08933628316035877 0.018623778201321866 0.20882874177046615 0.12686383440060564 0.061158413985728396 0.05527070974949517 0.16154632665608842 0.2228390131938835 0.13061767104444985 0.10311995592181408 0.004116684896867356 0.09558220918498932 0.1750036963023157 0.016146108520700746 0.006578348421578045 0.12353329778988874 0.08997421941698185 0.036182643195840955 0.08660112301140706 0.05028546442265024 0.1019447634344818 0.1662546597134746 0.0196593661810076 0.1680779946504299 0.17120223015704036 0.008478163248594687 0.11443274556288774 0.012336733171687122 0.07915147419572237 0.022571433000290655 0.14414783952353097 0.1663078942123869 0.08720394301421244 0.08516872920833546 0.10490902595413382 0.08834240043359906 0.11788012594270687 0.013391055809570462 0.0365280138217174 0.2955266261100284 0.3270890306454958 0.03775321215616631 0.1241951192237696 0.11200438366372337 0.04167368044473538 0.05037490540437056 0.014643889117357763 0.015746511744344435 0.04054153575598578 0.16781990278964398 0.17205921493596057 0.04537608437111975 0.09731696573795642 0.09114242946707578 0.003283198910887531 0.013919110364813416 0.031609430097661886 0.09660961935109129 0.08983800755467193 0.06799565400981866 0.34938400132645264 0.14408652251371656 0.2582644593472886 0.04726615368493259 0.15917548154075872 0.17458851181482923 0.04416884571942278 0.14180082302690394 0.035914556194041235 0.07497661905567667 0.49122281158385794 0.2618706085338603 0.5589602804881216 0.11433147433729084 0.18505788641050896 0.5158665321079424 0.4630769902853327 0.43394526505425174 0.2518469957567829 0.10319306264293637 0.11887568938142834 0.2840288147444302 0.05676105415180245 0.03881476375840808 0.28285539923197767 0.1864533692033866 0.3098790486743721 0.14047290243520102 0.09317737117786164 0.0374166916597172 0.2567435539564974 0.2671651738650598 0.23417478213158152 0.12327723341608153 0.020681497028377415 0.321462369184917 0.13336544221922778 0.13123181513897234 0.20598449677323694 0.2888109258003769 0.04893942172805626 0.042946578203682556 0.10326508902196016 0.20936795789566567 0.06364477159976853 0.1316923872308375 0.004905936970944471 0.07927015440123611 0.09880238194459301 0.22434037562198375 0.005125302496096602 0.11132276281491069 0.02684589509696273 0.09676619956650984 0.20175823777420474 0.25369164508555114 0.010217826085791125 0.04747329093115251 0.11299986681183753 0.15188397873233297 0.025624552415506346 0.03777421681793334 0.20467319898893 0.14701645076558034 0.02684647343497045 0.10429659296951814 0.1124169556236904 0.08851120948405086 0.04627111409960362 0.008760414614061615 0.19955574903831488 0.20146817963202704 0.08953315091241443 0.2590693844919465 0.14339841154020017 0.15588160963177564 0.01615376144874052 0.06028121834912743 0.0426197482816258 0.1676752142958714 0.18734972039424702 0.04837106832332172 0.12880084229284414 0.22095083800246718 0.044000332844609136 0.09417172688247218 0.04174896884110786 0.04010039100227572 0.2262772923808177 0.0204353472434939 0.058764306715438586 0.05716199806501886 0.09301688256256221 0.04788118051006916 0.01804190153529709 0.35164836628533785 0.29916844087460387 0.5111397891626663 0.03578641510234625 0.1714507287891256 0.1701856517364983 0.14086123055984007 0.025220747820645407 0.0797055102159173 0.012186880424952662 0.11008511313004096 0.12709094679999186 0.008679109647859692 0.03873461792681233 0.17524634783512208 0.032858060580542116 0.015425755820197765 0.1012241615351319 0.03663404265710688 0.15347664333036093 0.1265853388865539 0.00989597946425374 0.04327869318147017 0.13213990393149427 0.1706963215004998 0.13855827926622413 0.019255951646458075 0.23124415525523778 0.005549514360261642 0.010172232466594728 0.018027884491922098 0.02434721068347742 0.05864289715692622 0.0012199604239298883 0.03393872695564401 0.00430893503879445 0.08216351028766733 0.18715436465917548 0.039659151014133046 0.03973100545544671 0.11216645529931626 0.14547322854742387 0.06096912174122191 0.01979851547490502 0.04787280633340303 0.04095563400484146 0.1858434919077924 0.11811595648277755 0.05813003252647685 0.17693856048804965 0.04981597675878041 0.01975449442124403 0.05353317506133903 0.034241917311163356 0.005797686866120606 0.02998210577228406 0.1783481702136895 0.0076929138186435375 0.16613803423469714 0.14247476022201797 0.06209540360134055 0.14208454348626945 0.0039986627827701595 0.045091162341679834 0.2808616264356469 0.2727830485606948 0.05303579169064868 0.19410000705158714 0.04015052593936191 0.02596453146741696 0.04728786101412343 0.06784558299765474 0.14369086957332658 0.015842397180085215 0.14355552932304874 0.09241080847320045 0.07620933719302311 0.06742194688067236 0.10568996877052264 0.15679993163662617 0.026863430044098437 0.05967687523736808 0.12087711443000307 0.14428580556619064 0.05103188313430067 0.15912995209899705 0.04061704206239741 0.20366285368274317 0.07117693825970686 0.13530935449130504 0.13160837341551956 0.09033353138984095 0.05216673078157487 0.033836860769973595 0.0861075172342645 0.2678302313712373 0.29277389524448283 0.22171506448946196 0.2814366823584073 0.20850353314516457 0.22892389957387507 0.06310112290799902 0.15357640291203092 0.1213708242459107 0.06485339082427316 0.13514408126435962 0.0946864126746547 0.13234758484422926 0.23234353609646924 0.19404818809447963 0.2616152761587536 0.12295227758384256 0.18345843472147794 0.14302458626642053 0.11648835243255784 0.1856616588945952
0.17503642634564937 0.09732037213375597 0.1637517129868313 0.2348141862493105 0.22850777705222394 0.16829126981780212 0.17614223726269773 0.05376279849432574 0.0478638813192949 0.12794489852995836 0.08134252815263114 0.017842738411681606 0.19287521379224387 0.1460880601532587 0.27513369596526605 0.055197309195127255 0.05665185843755107 0.09620711351158548 0.1280587283395609 0.22185166485575378 0.07519507978248607 0.0951469665990567 0.07751713429835319 0.05216202393917949 0.14891452484571605 0.13364924722761037 0.1425273028502962 0.14084186365801193 0.07803405969085668 0.0032118736164317347 0.10694601694069839 0.16208936280171854 0.12819799733030826 0.08604097438606852 0.23513489309532098 0.08333526542212698 0.024967312955314288 0.15026558395209894 0.029091733461532394 0.005088672888239348 0.09435687635802531 0.054228407762481855 0.014754756591081353 0.15580114877608928 0.029437501399778198 0.04874434367043119 0.053156715555360966 0.12032737347686168 0.09323450840416846 0.0205896824755931 0.0473449344643146 0.03917615144838346 0.030175430743347418 0.051845799436621355 0.05544887085207611 0.01692701571346365 0.11863339743834302 0.04741157694847248 0.048971406424018975 0.08436877737153019 0.2153086434472942 0.2831428342497711 0.03735130519492547 0.352455364937721 0.09439695431971364 0.01276298407354346 0.13764291075505172 0.11266016491242438 0.14304373513813862 0.07240368923867638 0.20501395005618928 0.08057796119668471 0.07473533450308958 0.12102935089160233 0.07180489844032259 0.017507669084938466 6.844421994403144e-05 0.08191517746052433 0.06327273486901364 0.044656896258663585 0.09022180518177846 0.12268949220803634 0.15717440819808706 0.2590532570477823 0.12288993590503985 0.2420755843248998 NaN 0.030962859269945985 0.02908683493456584 0.0881824692288183 0.09998440407182987 0.021215351783889284 0.04280973275183116 0.14540148565104158 0.05222134767330234 0.0027739032739710866 0.10231351058729903 0.08119565009193594 0.040009547106412933 0.018091695256252895 0.03477875684781671 0.04151646668650416 0.0006780154250114428 0.0384516578075979 0.054923716232267765 0.045438205756722104 0.049766968406353 0.05940371095486488 0.045359307740721014 0.1313014380042397 0.1066621349582598 0.08191779633804872 0.020072342792464882 0.0762516541403842 0.04868805074794364 0.01872951570973727 0.007459312863392114 0.030810871150949676 0.00234281565231812 0.020398404354311075 0.11905810021770599 0.005002189942841275 0.033841591183491886 0.0510494256255232 0.10776482608260968 0.005178636580112215 0.010205309143027003 0.01510399259744371 0.09693658486073542 0.10697044310500135 0.03512081187026552 0.02740989361214324 0.04735957269912876 0.019495194529035687 0.07023867744247114 0.07473876120739605 0.06397157083765728 0.11258774618966888 0.10254127467212171 0.057887916157999215 0.10729407599726473 0.03355237869589807 0.047664909206940206 0.15109738085125474 0.1087180533674202 0.03009655223384389 0.03333510972415973 0.18140539386446236 0.25715560725295117 0.09400965434024164 0.08482975072506854 0.12147480862986011 0.0005564628934310201 0.11530191035612941 0.015103995001307475 0.09783493375695032 0.06314235298652755 0.1935461593636681 0.21028572041440366 0.10817673436392392 0.0761193861960879 0.19243617699674204 0.014994634853430295 0.06714587252040764 0.09264517144633609 0.10980406263549924 0.027677460536475365 0.022211565108330705 0.19322517652321114 0.1286244362808175 0.18197445777010923 0.03543398147953613 0.06908528790152937 0.12180570027606029 0.009952736185343768 0.07833152522414136 0.08755234896549673 0.04764627048798626 0.210992445575213 0.18931979736940424 0.18537418849663811 0.13562062709090464 0.1720027295991894 0.25017122851143286 0.24110821170361849 0.22945953268896113 0.18624384666782767 0.07132275709913982 0.046058355145808014 0.13635944148256748 0.08491839533334278 0.04112933117399067 0.21374655907632056 0.12022168510000074 0.24863815341838727 0.08011295794212546 0.090626210320346 0.1422843203442572 0.17734332960916918 0.25196721465597627 0.15938850813647576 0.15074484878007413 0.10426695020650259 0.14250074886391842 0.010185707251356807 0.07305601348561042 0.08984921775907743 0.12359759398559132 0.04484570769078194 0.012248778358584365 0.08874735819089742 0.16223588831465854 0.12303270409786358 0.0871855641639228 0.03008120606792061 0.08663814486434729 0.13191049792321333 0.16585372946935478 0.04654292977698568 0.0383809822949417 0.05207679714782112 0.06218971037949123 0.1522520276825832 0.10639939609225851 0.011586124973962867 0.009447621227164825 0.051350750856163044 0.1290757333326362 0.06515492031459846 0.004323552628669239 0.02130587235181871 0.06000730088930386 0.07168585160576489 0.06469243794767092 0.02523243592545707 0.08781410206107057 0.01123429901016983 0.032346872247625336 0.15250948883271548 0.1105826142765396 0.18474996723616896 0.18309505769331189 0.14618911435222232 0.2825688675239911 0.07235372522902249 0.015449057529514764 0.03374065715281996 0.059031226366732754 0.1190952501048896 0.07777345270113047 0.06333679952193283 0.0919142114326622 0.07841542740330774 0.04169889467306068 0.0071677364630782755 0.003543487254643369 0.08811753266217258 0.03491512045170426 0.0059838894059338395 0.049952659903429585 0.11145342140254841 0.056988264684701515 0.14622984575343292 0.21326804684110862 0.16351964992948528 0.20031336645865722 0.16921723923076323 0.055418885515408384 0.0380071083709999 0.01668533700860608 0.01948864249926244 0.09850788345192502 0.014999265959333095 0.06201973493628188 0.11037972999701258 0.05178492868746713 0.0753406439295152 0.056257669938613905 0.03900410033522706 0.07127906701522092 0.007963107272017916 0.008975703729382514 0.11253529878483395 0.09660848876696454 0.03010237504637683 0.004662760052842517 0.15874182392892544 0.1374186078128754 0.05573144678961198 0.046627498103768934 0.1560134281421174 0.12966486009485553 0.020588828782429024 0.006365383709928839 0.08027735635332917 0.0930089640773501 0.06555145507561891 0.03362120119679974 0.08061837414942231 0.012214596059482004 0.15399214541815867 0.07579246307484999 0.11235619231656237 0.11225569023770408 0.030702898727493756 0.018526184612383628 0.08981666443636042 0.03321709661041615 0.047050232145388414 0.03308411928779135 0.10418851858774889 0.08829418590347418 0.009359911656339197 0.050807734827978804 0.09302377880301732 0.0022943682121669413 0.0062114797213505156 0.14435794231858132 0.09080643416320375 0.10440339988678814 0.036620548147132746 0.07934694414841827 0.14331043163443183 0.1225365389541735 0.09849555170492368 0.026714175693439115 0.0293736292594882 0.14425483733453132 0.1810540064196529 0.020824048736064055 0.0012278955235256288 0.022230389737919333 0.05536508852191178 0.03757057789880476 0.011920652760659085 0.08806843162643674 0.09922229077040713 0.22341590332843117 0.1352006169094228 0.06883869897975964 0.014445108094346012 0.1634793220420468 0.15707797007636537 0.10346078503952615 0.011899133887205551 0.1847774937154675 0.09491368414048851 0.017692525560251558 0.022192467179219397 0.14365785166528774 0.02945836992142848 0.09433998871170943 0.10097049795407355 0.10387029090331223 0.10020835608525047 0.051166329288166536 0.13651751676500135 0.1166085255284613 0.10612185793242339 0.2567515074511552 0.03396181921233353 0.15151068688545624 0.20274065453557216 0.13739163496076026 0.02273780172360979 0.047062823429570085 0.047361081460728406 0.048802469411523226 0.11943043458656827 0.043901813195841466 0.0038559283427128804 0.12553797230674554 0.12440041300412782 0.0753487459655272 0.0002692299904598632 0.00170705791061711 0.03564888903674029 0.04974425258841733 0.059082852418513666
0.021407827774284738 0.010055562791424423 0.0585860661715262 0.004208201331626528 0.022047094087117535 0.06836792987292457 0.012974302208953058 0.05587083428997362 0.07719996282676261 0.01359566277619627 0.045689942084321956 0.0918902587004525 0.006118018273962293 0.02702846642278967 0.009813829724235784 0.03443604508654584 0.03300690997067699 0.024612564610821848 0.03504216166415519 0.05995508182061838 0.06527506332430637 0.0468654490748968 0.018104788022262144 0.032520504876420366 0.05366481232254665 0.059584795194813245 0.1095369486482595 0.022481842757011306 0.02207195900466979 0.061723724961335075 0.03136689017652731 0.05561505544098419 0.015381798493032025 0.020524181708262212 0.024488099595656267 0.002930821580675814 0.05870433227042464 0.015934940799613873 0.005361934007519875 0.018151356896919126 0.004118030343385014 0.0638816014187303 0.017299118783284606 0.016204575420546895 0.02804259314944466 0.013190769354779164 0.022157777619385127 0.06785557378163902 0.046466598248491926 0.08854152564160613 0.03264833966177187 0.052239798182652335 0.084270598377783 0.054266138512345 0.0038053962768257706 0.0127695974409637 0.0008952084975462511 0.04576737665537075 0.03716166308646498 0.017715024223666356 0.040189151524055826 0.01076402803433097 0.090601123258996 0.05755624986561858 0.2154285828580676 0.04897141428735227 0.04158316146244659 0.06867295030112484 0.1665516339777708 0.10228630805412485 0.07659694463125415 0.14003217982299115 0.010070248398143546 0.04220262697956873 0.012971092165740713 0.017816113531452578 0.04864888497614029 0.03082041817437314 0.06344190309195948 0.08136203523569485 0.01602762279090191 0.009300007891770597 0.036592571104678694 0.011014609346681966 0.0332739489549823 0.014036095125940489 0.030962859269945985 NaN 0.030728214749941425 0.10376000043009993 0.1331808398980091 0.035915560571846576 0.012725654848263797 0.07677035373226024 0.04842336909749297 0.062237207597724845 0.06227578589061234 0.024491316410440587 0.07032115319122761 0.09206790977169178 0.031516124255290136 0.003360405619661906 0.04331973290021145 0.052149522102065485 0.09105553934981228 0.01845737002304655 0.07257183568905777 0.0430679510038212 0.014945624906561882 0.013978663988678374 0.04044366858986549 0.00018504068014358455 0.019314839874190026 0.03914779561528687 0.04579083352443735 0.0894023364255256 0.016566017905272457 0.05789040340348284 0.015247932864514025 0.0020301857744793837 0.014086835435183504 0.059194743206203285 0.002866949466150095 0.041770362632428865 0.024628658805019035 0.046823251852495355 0.017316667387623788 0.01378340955366059 0.02885520370686098 0.1021646139113275 0.15268601651379568 0.09782503358659451 0.12481670554832977 0.03440802133241689 0.04015725656674902 0.048468690725542427 0.07112329872112996 0.017401893132808443 0.01893359841162603 0.03191047421677268 0.0255745363226782 0.025343160057734317 0.027459895107835253 0.08534692332457001 0.08802339164010481 0.01728817916964664 0.03631967042001057 0.019716638154816727 0.09573536793658473 0.028711089802890763 0.018349775670343734 0.027761275254478787 0.007689177868460928 0.0003282354039342192 0.015595428537596146 0.010211793448054623 0.0238680953760608 0.023035845210712582 0.08306755479484672 0.003435932116342912 0.08937689760535164 0.03680320150868069 0.06905752849513738 0.010398717479731187 0.03496815875543997 0.015574405394811077 0.054482123697543315 0.037056822332165465 0.036880431696850825 0.005190929127657623 0.0623384526401247 0.06760512170562277 0.014293703566408262 0.03380539075316307 0.0891296025746548 0.08453545820723543 0.013272823681790035 0.02431426077521815 0.020915053446955118 0.04919638588816443 0.013115958340184766 0.01381646451448875 0.02756023278992001 0.02854847100668427 0.012901204800554992 0.03205970580183323 0.0015476638927924239 0.08265218580653998 0.10524845074654406 0.006620780611524235 0.0312837311438783 0.029995640788778016 0.018675116523328754 0.009383152908668216 0.004460195469322134 0.09901766324387216 0.05071558923439894 0.023993532727459292 0.03179054435937408 0.023796584997022925 0.08639262055042114 0.05389922740072714 0.007209937146800838 0.03569726263986604 0.03304929377311246 0.08649377316556046 0.04455242087306002 0.11877818864675689 0.03394842147820763 0.016287989672876754 0.026240666337458963 0.054793170747635886 0.034524642863534676 0.023435956908531928 0.07109109712665959 0.01914817529622892 0.014698219103325057 0.03556961002725045 0.03981344830924356 0.089985675507075 0.0115841647449246 0.016658766466173473 0.024506025256450913 0.019850397017395428 0.048772826491441885 0.006138304974511996 0.04548310186190547 0.07486651732231459 0.021504760122147606 0.009388313221676435 0.06663530600854425 0.029685221860250143 0.06780745066100051 0.05843114058240454 0.06508293669183415 0.019148276600063057 0.003192802323820195 0.05233524097952654 0.009413755854834607 0.01839068171408017 0.10017964395891343 0.06759197941148203 0.017943080389233656 0.08426389388864233 0.06010960095124272 0.031875296488323324 0.03047334526898215 0.02875549719240006 0.09527971025920226 0.11036610857682617 0.11043497940729133 0.11672978932233492 0.017402487089052652 0.03133721881724168 0.06200846937413649 0.09203032284354422 0.021562145024402027 0.023483367749374262 0.053721195080713706 0.04376130560775024 0.005462810567776246 0.022349541439149405 0.022123202416797494 0.01679129022639175 0.02134251875898263 0.0030785758090309694 0.04444737519244213 0.07061261160670766 0.026397751600213393 0.05953985932615307 0.02097243072875562 0.023350169953857327 0.011563162675361345 0.05637918860615774 0.029471163180326308 0.02155320035940053 0.04317430426189754 0.006727157876898111 0.002848794986284646 0.022351003529017494 0.05178139222889322 0.04878844419110942 0.06617712363788297 0.02719023203964146 0.027894163228168706 0.00994404601137871 0.017736130054933866 0.0015444336597661484 0.008208197626374982 0.10890252488854518 0.03964416897274607 0.04507633539193675 0.028216184958838163 0.029558544931875222 0.023784874600049924 0.07325264246872465 0.024404609132949714 0.026234923206769237 0.032686075044182555 0.03953346920229241 0.020379777730910213 0.04932968467490913 0.08294150727181569 0.07981338264456611 0.014221370231894726 0.08254572759666795 0.021600224199522306 0.04400208781309494 0.03486384363625559 0.02641518046628851 0.0653591989207183 0.05956509260635919 0.05493479481927581 0.06144518931312899 0.015178709810882453 0.03543680264165118 0.002742623033129989 0.023252961053684566 0.06074938104922009 0.04144406861476026 0.02726613804954814 0.06684497740824856 0.04686838933690455 0.03479316644894224 0.02643466589468928 0.12526103958349127 0.019186466865613237 0.01604911166539819 0.00797019164568811 0.06171559197918249 0.05597244749946891 0.06078882734451391 0.08171842819394011 0.014403225881767465 0.0026593920612443703 0.013278062017374352 0.028084829300354424 0.01764644181053565 0.03358463217815957 0.025157040023002376 0.02596039880653043 0.023924866447003333 0.01661016349508123 0.010808700717460845 0.057770702980030036 0.029255196054703832 0.04487943197189983 0.08404222711156992 0.04605380374359133 0.06202000918972858 0.055537775266900034 0.054372500550172835 0.026235057891699085 0.05017360341888481 0.06595344323324527 0.06125082488829115 0.042466837625805574 0.013870084733105201 0.03298831348320856 0.02991762107415291 0.038270103383442354 0.011532492385180313 0.008631165962953706 0.041111405513191514 0.07532004898852841 0.05002254773196366 0.004186076408154447 0.0038509366966462707 0.027931433034434437 0.06526564307528479 0.050569413203574116 0.025263713764690526 0.05084128990813023 0.04545870860073709 0.0004192055684423131 0.010602358532635095 0.01256089523181409 0.029384691996135873 0.006386695803333806
0.11091594743868011 0.10594454257682996 0.046812469671571176 0.011208223796729299 0.01677664399893649 0.07071015095727456 0.1302367359608455 0.17509482327330275 0.169588314540573 0.042689545336919335 0.05970807861217121 0.03468420281710029 0.003522336794519203 0.027631352115972715 0.10148001950862806 0.02980977393017012 0.052362379791033906 0.1251879952751038 0.07444488047729343 0.06803303216000424 0.15242688561702916 0.09192837124251022 0.10763779815236223 0.09947996355680894 0.18531514579648195 0.10602436653835451 0.0844336239944401 0.05401019912567268 0.0035338430933727783 0.19059949757686045 0.08691831253121489 0.03309641072723257 0.15947457812273821 0.1944462697606136 0.046932016597846064 0.1507371962262626 0.013045419477836953 0.17788707262421238 0.12993125336915537 0.06675979652557755 0.02661261897936457 0.06742789548315727 0.089147463359013 0.14054503248139655 0.006348367559054245 0.03053235425397315 0.1828252212557256 0.12091440401760854 0.09211859383605138 0.04109498943841737 0.14992274404534486 0.21834951584694107 0.11668736186610351 0.07488404738116601 0.033842639603061594 0.04756037780823409 0.049599419228287235 0.07013224790718516 0.12849704714357554 0.11964414638910574 0.000627211912681645 0.09675543760109348 0.08526345625121616 0.08053519533897655 0.02460422675280066 0.216679629390716 0.10951395928084641 0.19094726470190995 0.05163702204250751 0.06283210349977299 0.023622149608229042 0.025092240126620848 0.18091485132312501 0.0857918937982582 0.0036852609492276363 0.18296018774132422 0.1043987111710224 0.1456489445795486 0.07185151974763866 0.07486085131744373 0.18464398726318976 0.059755080369000624 0.012452391180447699 0.18362045727602186 0.10306492925137756 0.289088628774147 0.02908683493456584 0.030728214749941425 NaN 0.07592495458492739 0.06630088551489621 0.02252048338078883 0.008661041985044339 0.10262450920606764 0.05848236126308318 0.02651302897166215 0.01122958593828451 0.06068323864365598 0.03388406765176981 0.08187023309798648 0.015149533514630253 0.038433849195222136 0.0018298208663435954 0.07688188945548496 0.03788831895546163 0.01939823694137516 0.0023719264920974794 0.09621128902771688 0.07853754576575384 0.035229598381774536 0.16854342556270385 0.0965720416430548 0.010380985087916723 0.01757214887431307 0.04521026656867886 0.1389585661373438 0.09575130897085958 0.03173562899837351 0.018166226382733706 0.0380810909626268 0.017161185986023845 0.06002025748490032 0.003299927895605088 0.06771859113913604 0.010699126885967893 0.0030297768189395105 0.012457380803403346 0.0374473324541569 0.008627335257707983 0.01089507062305772 0.023359287841953204 0.16216426053036143 0.14180613755005156 0.029640263871152567 0.03169533510191476 0.00468293883958524 0.12888071797086298 0.10787302934753745 0.02584900396786482 0.10814371832044294 0.12078325142650011 0.07440517266507757 0.07785499250640504 0.07170946843404395 0.14529692100241035 0.05097893431239195 0.02581494081655721 0.21776447096809282 0.14570475717696293 0.2606888813325532 0.22220478563026466 0.007055521382409912 0.07495575685717897 0.025750923676932543 0.0011591678398366566 0.1284467836367033 0.14987948859578537 0.08738630457088115 0.07386518941648165 0.08567766946047659 0.05354100853866029 0.06092539546068695 0.0792808962813844 0.042636202745916355 0.04603026423774581 0.07178750424284848 0.09536939109216064 0.07390060478061558 0.18491646870537293 0.0013911797327233525 0.05747522992051902 0.0007224985277448374 0.03500293450326583 0.01816545201845816 0.04590334573075472 0.14448102115370395 0.015281525301394119 0.02476710491088195 0.2036394108612048 0.1252501141454379 0.09382275727316974 0.14193144449628037 0.07324562051495323 0.06700998041583446 0.019815526763458137 0.019883932352618736 0.11064481866985874 0.13883067377123803 0.15846423578581662 0.024461126258965796 0.03082639377316438 0.027381057395501122 0.06067307757461124 0.04766877207381169 0.13748505859030966 0.07915076907682447 0.021189071790968513 0.16874837940542492 0.058980622477738956 0.0023283416551940486 0.060334036145150254 0.04785209792007304 0.1642811745446159 0.13503867968506847 0.14043105791016533 0.10439871941827036 0.05530018747288882 0.15356513281894857 0.011693508160516456 0.16603739472960402 0.1092434995133665 0.06400897819771854 0.14088076075786482 0.11530239256863933 0.1498742262431204 0.10944448260967028 0.030744409791016475 0.06585959755062436 0.05810603409694045 0.0717431834927852 0.05223562662767958 0.01016015409266513 0.0953109477533521 0.09437117643800175 0.00398902019454204 0.046028753082385764 0.10073056571704625 0.0754458685181955 0.04144046799436239 0.007324699849071622 0.16943937579078014 0.1656768311817775 0.12115841885831208 0.04181850021522374 0.033209838788382344 0.03430368865501127 0.07536961825129344 0.02891766868141757 0.0861972708679525 0.02347337633689498 0.07167158288362116 0.09098460941029073 0.16202502773805502 0.14267620260532687 0.02940442803556132 0.11448463444354653 0.09444921483278065 0.16572566873118258 0.0889497429450785 0.07466824950786383 0.10383295486408824 0.1724239771539536 0.05713923047750323 0.09314059838147047 0.02647362124742443 0.06396010785585571 0.19883215305960336 0.011995695027437697 0.08511045232577502 0.014248085811778081 0.12103147014186023 0.05022420772815756 0.04827882672952885 0.09977343941248372 0.12352999209932224 0.15529769116642161 0.03833451027127816 0.02935774153927846 0.026350746365845275 0.21753168302207693 0.07383482092909101 0.0756574300823807 0.021314824653643857 0.05021346868689302 0.022789857169182526 0.015308672427406834 0.035082846844020715 0.008750515885029321 0.03160284233200318 0.10025961702762766 0.07359955879739852 0.09431489042664902 0.017195686174512222 0.042999550783448415 0.10201987772865917 0.049338182590992076 0.01773970157589049 0.053971782396524504 0.11449058355156033 0.0038624390340175245 0.15639187323491746 0.03776702391337614 0.016453845514308105 0.03720419475546513 0.047926253942878375 0.1350257022869163 0.11517743437641104 0.06051636864583442 0.025336733742777975 0.03837032649731246 0.00930500223811339 0.021827504288082465 0.05961131770273408 0.021010963882177783 0.09112967207576067 0.0673776205510485 0.009978617197901605 0.02011625100255892 0.01959415724590462 0.01538390167581486 0.0008398872795740593 0.05993935927954646 0.2035768839128006 0.0783599475270412 0.048489832519089775 0.12728418630407842 0.0982072469865418 0.17329248712472684 0.06556152109085052 0.035177073123334554 0.012174830621883004 0.007620655657768507 0.09600791251718951 0.031757452404280524 0.1263554657133764 0.014711708119215083 0.006495635534771183 0.1649075742616521 0.1481008054468936 0.09703145555250481 0.2681451169563106 0.010428688578155825 0.1022308498296805 0.08062296461965288 0.01756334469735789 0.017343821583723953 0.20634424356291228 0.05050950087368883 0.14696043573802237 0.02768377410243023 0.03330190454635738 0.04860452399642491 0.023907789654676364 0.0179460726415272 0.04690954445002231 0.06182845981127653 0.058088132270374036 0.06008607963482583 0.042718611946900104 0.15527437666419316 0.08500001918975096 0.035791084238515715 0.022310683684892408 0.014863397354452402 0.10924470460880067 0.05486645138292459 0.007564221627327287 0.014696440665080513 0.19042295157643244 0.18190516053425307 0.0073269920600278135 0.06685920525788086 0.029371432854581207 0.07107205540388993 0.027654793686542327 0.012837587061476865 0.09881727126984255 0.06481544556003918 0.018000393675254123 0.022722388761126602 0.033788336023486465 0.0016703651696168714 0.05784585703373231 0.15702901608933004 0.08442521792075862 0.12370804216455 0.03121419371353901 0.041495369193985235 0.004154346569562395
0.06429903954071786 0.15220386483229517 0.07318520200068176 0.04533147341003 0.024218784299457494 0.05453272927216288 0.05381231653726733 0.11839230106669472 0.18345076344066752 0.036484779560468285 0.05616094359455683 0.018206328970015114 0.03351903962679166 0.06316856225678405 0.004006653901715776 0.09012902703098893 0.027842666632138125 0.030052707091931304 0.04034064675910861 0.012837031589936099 0.11423068725325627 0.07645897964696308 0.14270841178083044 0.07960114143550769 0.060942269760708004 0.027786202581005254 0.04402664726606119 0.036376324043028686 0.1068774170752293 0.005943886430179707 0.09412741481766701 0.03877545755645214 0.010127388528996271 0.05925403780492974 0.007411607886982372 0.02151080008948885 0.12252609163568699 0.033337922952308044 0.06300823755390528 0.10295289202197275 0.126205006917639 0.11606784692554178 0.08154399393080743 0.003073332802699531 0.003494591159926346 0.03316010196485223 0.054597119532289934 0.026418954749096214 0.015188682939164653 0.07176914249619605 0.1544851428448852 0.11345857449412872 0.16640172189487873 0.07201334812271533 0.060050223401923716 0.08796655768345343 0.04333463224340979 0.03723294275629723 0.020105263173802748 0.020550866861938594 0.07705442271088934 0.10109283097895885 0.06777054928568188 0.07213249159873701 0.0412700959833003 0.012841627630319442 0.037004117973649546 0.007798916346215682 0.00994255557244189 0.025374235270071606 0.02917918178549338 0.03940260781175757 0.004783014382030761 0.024796476536247187 0.028762638861231076 0.050546947355703024 0.08548275912675325 0.06266451490456126 0.0035868043163905182 0.05473074638315017 0.03652639501087665 0.025951433575602353 0.11049971242341532 0.02362260794545843 2.3408094880778954e-05 0.09771071183937528 0.0881824692288183 0.10376000043009993 0.07592495458492739 NaN 0.06881771731306717 0.048942998446359624 0.011633808309972155 0.07436941326422053 0.029515670524857977 0.0612750659211743 0.08374654670472961 0.0301167641677148 0.11292063760027606 0.11777744461514016 0.03774109084315215 0.06921091577855543 0.0018899092504362633 0.06718151602389323 0.008016658168674572 0.03237066520651041 0.015016592646286742 0.06798948146321862 0.09257101613885282 0.05011714596091929 0.07366976793180796 0.008148595343507663 0.022146522749196835 0.07091954225001816 0.10414698659942538 0.1181940986240098 0.13836752269148633 0.0033351387108260665 0.015183016352776753 0.0891507872067052 0.05853823992860556 0.0005875213893458127 0.007363044802922703 0.06154813440310168 0.005194517713903025 0.022697830908152427 0.025165149199374234 0.051140189933260666 0.02876308365292165 0.1004327663891325 0.04949576952735396 0.019997876293906595 0.021418085640123773 0.02235986731688565 0.0006950260313206212 0.06805455395559103 0.008367215190186007 0.08286230637874464 0.022778761157797468 0.05953900373709755 0.08102550702972479 0.02739287996594445 0.057716212411917246 0.14903202996471554 0.03840066708069632 0.042312769741030216 0.016218189498992706 0.07561078158990225 0.07307497002122229 0.0475533552900054 0.012513494228250582 0.00265658372238574 0.07693787237491172 0.06325140117455774 0.014569702400904057 0.09898684596902893 0.09453339150044274 0.030649775992424095 0.05981606229167362 0.056061539275125985 0.03381736013612523 0.022997436310705263 0.036179389544625545 0.03824038515125263 0.038957823851514896 0.04366909176526821 0.0002960443582164941 0.09675097170481958 0.021013287321117728 0.050141619943560825 0.07576431912640691 0.016362022886654372 0.040744704575427095 0.03304915464408105 0.0098728112542566 9.439830127051843e-05 0.05898592599651971 0.01941741713284356 0.014211973005911389 0.01726055713597684 0.06446170702641424 0.050941253822515166 0.10749117396787312 0.08392168353957176 0.06332457035204567 0.0146798527250304 0.014046485763673787 0.19677618392805982 0.18656303944901403 0.04369821435131059 0.009385407798727643 0.005709299464913131 0.103456310579426 0.021973440908632937 0.028544003205464893 0.018111388557587458 0.003258154548630963 0.007181135149186427 0.008683980983056864 0.018252377453717158 0.11269105275832071 0.0887592536926192 0.11012850966242191 0.06322935096499484 0.03598285259355842 0.0207062910091329 0.03410821078413727 0.008229090754209136 0.053139436151598 0.013957488112720545 0.11589509918918271 0.0643576875244971 0.01698116020344479 0.036007130652304105 0.0026638009592324674 0.007454029828562907 0.029486821042937577 0.04225416043075862 0.04398617863398286 0.09740534722277543 0.024121874723552685 0.04854264536777915 0.00745024884710135 0.022873179305677255 0.0023157487094619344 0.012630778920192334 0.022538231771817584 0.04292464875587557 0.04130589238260222 0.0297140807256552 0.14546152622480632 0.1279711229750667 0.13845268873174985 0.024613392156811305 0.10955821130115131 0.03877322694727398 0.0028678234083694826 0.03738925538968034 0.044156458581984095 0.030183798289731487 0.0470416126700814 0.010138373342555473 0.0020679859796477558 0.025087644589251685 0.001944838394643578 0.011657244713050728 0.003964336564109028 0.006932380714429778 0.04151211195541857 0.009614077679995883 0.017965428339112684 0.06576967120305748 0.025895100951467468 0.023600552817481264 0.031171738906120773 0.057158082674770974 0.0318862095192805 0.06174488304244417 0.05577829303459644 0.07024576226237077 0.020926964430321836 0.019157309728822795 0.10132004849690888 0.09771224123989188 0.009420414758869169 0.004854828843165542 0.017512748066136476 0.06705317381555286 0.12028485346806131 0.0635995455489032 0.011825545171953531 0.04417505335979361 0.021678246054966883 0.07988665085727964 0.05697485786464499 0.02353213479594318 0.02133088332242757 0.04439429654384645 0.13666940441239256 0.07190261769930158 0.04864913147037446 0.06490321085739106 0.03223413757674526 0.022730183265740875 0.053788713268886144 0.015572109911910163 0.04935905610703727 0.058020810000325676 0.07347948391272316 0.022809019320543158 0.0010140260844527958 0.030980950299437853 0.0531294338821329 0.05295175594773733 0.013767011897182756 0.015201876892445005 0.015743932337611663 0.02401792294859138 0.05612167139558895 0.059515932366222976 0.09188270347582443 0.02582693314543383 0.024417522103100057 0.04823207645533306 0.062344774636956354 0.029456261236258732 0.07560462299566692 0.041648849204893985 0.01569951600976702 0.08060519537178586 0.016405213680636774 0.050832882277391626 0.09133996360601421 0.0015688620408452205 0.014210826237875169 0.025122325577877788 0.022446357003135218 0.04474004331337528 0.11916954724535088 0.022202229227725235 0.017642544155348137 0.05629848894219521 0.016541143297752494 0.05038161042778477 0.006431217757713765 0.017952917236998458 0.09326494517100058 0.07327956976305601 0.002999656719804045 0.03263754781314798 0.019685911181206297 0.03878040473331345 0.0828468072948804 0.05335203036786315 0.015727380467153055 0.08923186987204697 0.046762096274098074 0.0664444342306574 0.005430201178346675 0.03246047938467374 0.06100008305016327 0.006560427987027073 0.005674858321866792 0.02514212423618533 0.07183764967891328 0.019657148265358967 0.036850449207615814 0.03731129509638857 0.01367317571681174 0.017730379825745633 0.07180794929832204 0.027189853062629034 0.06482770530999671 0.007031569152832325 0.11790450778215415 0.016683516872603235 0.011135033533600333 0.09092191059451112 0.04577405767665871 0.05836824588156849 0.22522936438807992 0.03721726415651252 0.050999401311371304 0.0722788070842703 0.006464049493482636 0.11583965358319236 0.07565548265780976 0.01528598387854146 0.06208938978277757 0.043414812524092614 0.21807130448649922 0.1014440062152106 0.08372242378711861 0.17464023605841744 0.01546301333108963 0.03886495934795448 0.019257132276425427 0.04429801302800573 0.07212293165472008
0.02083560132965336 0.1570968054946133 0.13290205541303157 0.06343064475438698 0.11643638579413526 0.20619590809271118 0.11711273771461164 0.15217775165602296 0.1444108723273157 0.05726810709267074 0.09433214207147476 0.015035840194522464 0.029358126417456117 0.035808470235448864 0.030202969759618614 0.00922655097289816 0.03113554308523748 0.1362198252320976 0.11186813493562615 0.20180359119580307 0.18001831940420698 0.17423787926684509 0.19160782737210938 0.07436339876078797 0.13753979282097842 0.021840138740013563 0.052832470836593905 0.09851843296463453 0.013533697239837992 0.045083022480839466 0.1430314149489589 0.0022615108682373683 0.0662710876949785 0.0032510342693958393 0.0933500290757375 0.06919830416725352 0.047325813345924575 0.010688365387392346 0.07860246293315645 0.07774335123451402 0.09200595677302026 0.053104340792827796 0.04843922703116932 0.014878709912924101 0.12275612917993649 0.12209195174475668 0.08572931590503545 0.07965368347444163 0.07814849508236342 0.01091884497610739 0.15587668430474558 0.10466414140371672 0.1446080306430785 0.012218127922066009 0.035166776623500255 0.012947675951193805 0.03025881217958484 0.0353965426824593 0.03144826589349936 0.043950287026677776 0.03569336773012055 0.09475684369289178 0.030416349842467997 0.010529215885600633 0.050057717231615353 0.041501052610559565 0.31509122056865324 0.03277285178639607 0.17806155838385168 0.0776310963411647 0.0012537978893029746 0.032785889869763725 0.1294214283941108 0.10189611022599482 0.0935396290007325 0.10022917342529189 0.3114974208478532 0.25906939740796886 0.10099542524943493 0.11517362500138638 0.0015866196784835814 0.0552964451016038 0.3762936057372213 0.20388773789830975 0.0717321717853191 0.06936318374464465 0.09998440407182987 0.1331808398980091 0.06630088551489621 0.06881771731306717 NaN 0.05827840018130474 0.1459550821722458 0.016103434148907674 0.037061453908901344 0.002288924918402202 0.22467226663066517 0.03264790664601924 0.07556508374044203 0.02734327327193901 0.03178201218896506 0.014640636208475177 0.029532349729940642 0.046600941745640126 0.01721223185839324 0.0882106832650026 0.00040207894675438555 0.05766279242679712 0.024355951255619096 0.04829096439968732 0.04734872013778712 0.02426265035153716 0.04890920102530463 0.01407234787905907 0.05509726036627677 0.07526366194771139 0.0441506134531514 0.08110280235238049 0.024966266373570842 0.029072060853346432 0.046350913355165516 0.07217396496150394 0.0062689561917481625 0.023641933855416086 0.07867193440164623 0.04612109383986351 0.06403430883938858 0.07391317656722309 0.04986572481320816 0.16405048368677852 0.10267616303483199 0.0029212617737948564 0.2901257963204043 0.03754516456505117 0.03071537583940802 0.026399522914796667 0.26044218246940715 0.18651217801814549 0.10869114989960629 0.1301699267095045 0.07490013424932702 0.06269916412452425 0.11258659358650648 0.3090511571229958 0.14091876720095045 0.07522303134775683 0.026801196370242752 0.06588938797990268 0.33697719523091096 0.022287135086460342 0.0015625637314921007 0.06842509912673395 0.031243268991691393 0.012243870455323847 0.05290535326735432 0.21923972587985394 0.16937302557475933 0.12113437327242352 0.20939229732387882 0.0636023264481821 0.03665288912785618 0.08578397798234506 0.05833616692778699 0.027631197136758434 0.029755414190995658 0.009451306266970586 0.006992687469148978 0.06963757459222661 0.09710735984079231 0.10748060953100885 0.32199564940553116 0.09629389441021474 0.003438628452460033 0.0024277194835546465 0.08618082568413686 0.05246100961034361 0.23480712423840694 0.01893648357294853 0.03967535302187702 0.02674211156801882 0.038045010777361034 0.17133377378317705 0.07746273841388007 0.03278685073524107 0.11737540677775404 0.20092369568947352 0.13554305130644181 0.1861355706775616 0.23036963771328223 0.030480610592917786 0.12151450406535841 0.00803324572129645 0.05707746713276679 0.035007960055455596 0.054533823986171605 0.05596324704311992 0.10450651573320265 0.1478446068004586 0.14427407507628626 0.21425455834196483 0.23832207437001665 0.154955583434937 0.22382792538667734 0.030295935141789583 0.004041774383796122 0.04945958995611123 0.018339624923805878 0.07221901007540471 0.01658814807117089 0.03342814654852331 0.13984177807034603 0.018414229504690568 0.057985749323289364 0.00865714745904471 0.03193034657391244 0.11040527629870178 0.012159221192175003 0.0334646081576892 0.0939140838466125 0.10450722193429283 0.06465323830535398 0.09006103874286761 0.03393704899042688 0.00937213686823496 0.13117180341200008 0.06670747353164487 0.09581453548374824 0.019252452757020665 0.03269486029139462 0.06463572822726267 0.18884416650336172 0.11349221741040004 0.1916665588022701 0.1568273714903361 0.07520300236468444 0.04344295846126086 0.026142392652935463 0.018288779655013607 0.0676822166137699 0.0030922033556863957 0.040381463709129484 0.018503294798342583 0.033908322938782175 0.030491647047807165 0.051218826587108975 0.010055996675280314 0.15089027494823687 0.1016905162389204 0.13239302897171418 0.0775026064349353 0.024311558497862564 0.055072412190684664 0.02677206173253037 0.036911313559448086 0.07730650197086175 0.06935101066045442 0.19573750512749363 0.11048390041852185 0.09199876438652946 0.04208778873022462 0.017899581604777507 0.0744385904952555 0.23591285556139543 0.09770406598791873 0.12856753705829457 0.03483282220287418 0.06511303055180069 0.05449857648710013 0.10374482614862172 0.08592477540872398 0.1272301223592384 0.015451533184731636 0.002432600770920205 0.07675311471049921 0.11146150032769259 0.01819225632278364 0.1768739370015746 0.00887956798729964 0.0037861757055768445 0.03980536108750675 0.04030710336858767 0.04389311220770891 0.03199769022733582 0.04332829273711714 0.021325514263790674 0.029951891588724043 0.0530399543868113 0.022118106293121085 0.002454469932511088 0.022636052313979665 0.01692251576590433 0.05641828996718299 0.10150852251167676 0.042856821626606825 0.019386743865410932 0.08989693668827142 0.1479471355281527 0.03732787464420558 0.03974717348510512 0.008772617846960524 0.03452489495048874 0.03476804176786761 0.002942766429672667 0.11270211501271077 0.0030712914234233514 0.04218389987147566 0.03906769898663245 0.0586703274784425 0.0324898315973053 0.015614827576879637 0.06632897238153594 0.0744583603069945 0.21223145506458713 0.07760200397324975 0.006888360470296336 0.04898157781369209 0.003296487263902316 0.1551006411888668 0.1235522197312364 0.04060761509405941 0.06254120617327144 0.011509396844030503 0.03252200790657279 0.12535697305653606 0.10062960613006797 0.05386628784259235 0.024572369932720894 0.022391512404922508 0.1627561172975214 0.0801093607778898 0.10695276078508735 0.06405027475579635 0.14398728151524584 0.03162262825356734 0.048183596534877374 0.23403683009207243 0.10983984658548215 0.1937588785237045 0.17099004894552505 0.05336828428199457 0.04983383822315411 0.018988161938780026 0.13727179088183894 0.00596359004238121 0.06316095762476717 0.053682629592338924 0.04563273297297175 0.03811961457155088 0.04078097013317322 0.08046797979144954 0.23161755088243832 0.09003718309882602 0.0163643997808209 0.004782037259734613 0.07475847866219763 0.1560321113555275 0.14859396694424376 0.019722318865317997 0.06090742139416521 0.07484337256604358 0.05553481699282473 0.02916441655526193 0.015314131745675249 0.03360304768257972 0.0016066003407169684 0.0391628798640665 0.03156905535689391 0.003848553266332938 0.07956161087545288 0.01351454113823711 0.00015064692768688678 0.011661895532632468 0.03508918292218897 0.018133980500848697 0.05593793837864459 0.004252829804852494 0.04475387682690167 0.01503399658097803 0.012393047858194799
0.08193338904168888 0.07959321972757952 0.054686986507940065 0.05869775687009534 0.00863437945702371 0.02362191473120425 0.040730099238005565 0.04553736005509439 0.057486950061097365 0.06345361263862928 0.016658063460595507 0.08185665957314547 0.06255292131065172 0.06444709170075033 0.059125060503954656 0.027429926769629534 0.04829646921419388 0.06016522674053072 0.00870200215620535 0.001038205744569614 0.007220984149728011 0.07257382345146846 0.04332183953336215 0.08270556292572986 0.0553907899503409 0.03580804171293176 0.08920149917370114 0.05828560117908064 0.059219556887632724 0.05232824524774692 0.023493096156360426 0.004717939402264495 0.056438365392345036 0.062490688109189875 0.021329912048349466 0.04164837771561073 0.02231328763433298 0.009265971252994139 0.07134914761969129 0.03226879213556501 0.0038506396574850823 0.0035029521215108345 0.04796577402572358 0.006263153195207477 0.06513332336586886 0.04681642009707894 0.014355041545637381 0.017285138121900953 0.03224267245068755 0.022187114200012098 0.013291745079901126 0.00441647790554405 0.040737697832400256 0.09630779558244479 0.01724088090023433 0.051400671892446764 0.02047807414101402 0.06258576228146552 0.02426799756282922 0.005094685591997729 0.05225300032260026 0.019309715868633053 0.0022826327850038347 0.08119251177828472 0.03058525896793918 0.19830128878569953 0.006246059464464939 0.020945064079682194 0.08663920363585834 0.01848739670391329 0.048163260445779475 0.09292456668991239 0.0647893617608986 0.0193961958453673 0.008199501631682208 0.0498145970414956 0.09040870572460928 0.06007007132774687 0.04990550280661738 0.0057653271330079725 0.09764727232101764 0.1343235935079315 0.06054882216441148 0.01999874955856764 0.0564665985712008 0.03063415606087354 0.021215351783889284 0.035915560571846576 0.02252048338078883 0.048942998446359624 0.05827840018130474 NaN 0.00806888029233272 0.020774886061351205 0.009817575220133174 0.007312173497732822 0.017260499191926848 0.0004061749503729863 0.02026296364999079 0.03998723816291683 0.026161285573314416 0.013361537642167123 0.07334720139013975 0.04701811532111601 0.05497872179854175 0.040248016126744925 0.0718168295067653 0.04476235013704101 0.05246682806282138 0.055474262731309905 0.02118556421514945 0.06504700158961928 0.041266064842501525 0.02932046519037053 0.04843735588573119 0.059605506322299114 0.024110378589113014 0.004154352233272834 0.04086013985809973 0.05255482312769946 0.07720604283478795 0.009540712603372348 0.01085641579752595 0.0037027552525427145 0.025800924608999368 0.002454099635567882 0.016492112336546495 0.030255623926804177 0.055285539374774276 0.09348994988785424 0.05248672646392806 0.1294768346092765 0.09836046567507556 0.020377580630422786 0.07151174962909618 0.028234004322872885 0.1317091905151048 0.03107251854622708 0.019756564023134367 0.0044456478320976265 0.016531981516443254 0.0853254358997293 0.11318302930406182 0.03789701499939745 0.09168050460267271 0.0726423296743043 0.02778771071336534 0.07143812924007367 0.08768813309068067 0.02928793711604773 0.02345342068588957 0.03246384749356669 0.007788824899918664 0.034687054613002415 0.0018438932315807605 0.0504168001758807 0.044352541875413355 0.019238365335408892 0.059742049803301236 0.04180084897043033 0.08171765311674159 0.012585243061679179 0.02599022444832076 0.05487347715885617 0.04532338978864243 0.036250299766953036 0.10120686591497159 0.06985041428087999 0.012706968236960221 0.03043403918577442 0.14784164424496474 0.03251597788050465 0.05563654318296548 0.03416042865808871 0.02284350039321921 0.04441530354609183 0.026952721525208796 0.0631361116225255 0.03329322297012763 0.03711985287481127 0.08534896825213174 0.03626828046937338 0.028517636019582352 0.07091006369761256 0.05215197002037625 0.023971849198445395 0.015305412501307089 0.06398323643261203 0.006881664345936093 0.0481029920649378 0.06641628198479577 0.043236993553413844 0.06148733427471642 0.0455490886541592 0.029132995974016918 0.0012008499390398985 0.0015694452602314482 0.011977922706767829 0.058384192197004595 0.041731872350410155 0.02576332176306289 0.03208552617211281 0.013932230270205277 0.12759687382279694 0.04458601715639923 0.0981064357062612 0.037949573697545834 0.10066802779549243 0.008016429437922242 0.06121678736973166 0.05960101724764474 0.02666920335150339 0.061737995546595405 0.012064821358082586 0.03172147836251525 0.005322823809649599 0.018081473767814223 0.051170738609897015 0.03558939072692508 0.03541669960939325 0.008967491379146866 0.05522540478497839 0.019962017362458586 0.009468178721079214 0.02733863753843929 0.086133357196363 0.015351952807814876 0.029063003970825025 0.06103408874218268 0.06760899115828743 0.04926696902588341 0.03827549626405683 0.027225419461806306 0.05178902967246947 0.048999694187475365 0.0225620877014578 0.008352566407643027 0.011050610514560452 0.0008591882889318703 0.09578873634739077 0.02255226461543551 0.12103910751021665 0.010598636326737503 0.06144805694861712 0.00522896285599496 0.030538825588568696 0.04637233464743474 0.04045112880557243 0.08292168577516684 0.12871760748957814 0.11853121155078263 0.03215860480456415 0.03794539345947897 0.08120316705013479 0.04818790436651502 0.05941896892952545 0.05570715676560826 0.07809179746534292 0.06004428972207082 0.014823185869673587 0.10334555150219432 0.09970481960437245 0.029749191140385725 0.02203554121570186 0.002455380991896513 0.01095211960778685 0.03957949506467531 0.046919237257232474 0.05986174618401788 0.002320719253162892 0.012880171303862096 0.07613791919626768 0.007244274222143673 0.02620601471893687 0.046486872643758434 0.018151123669239516 0.09106971311194706 0.10761828788970519 0.04706781153909631 0.010377026256798646 0.010488436252240697 0.012278025980623511 0.017433987553376277 0.018413323914270772 0.01555437885889626 0.01844772991577222 0.03653920461888411 0.014664824268214638 0.009240553096430064 0.03630214000308727 0.027030676572795172 0.04065987844367418 0.02800733719907768 0.013415615416493021 0.025308745878521416 0.0004915166936683687 0.05158451707098974 0.007656790318086975 0.05749927048790606 0.10896095452429418 0.055693630273862656 0.01465085136212754 0.03895473900395531 0.0693283829450564 0.06245500794322487 0.032816113766485064 0.01474906509070521 0.0645869118039914 0.04589056330276675 0.031600477984799695 0.07873729752236794 0.020505781122377737 0.06337589983864511 0.01967948925854093 0.030864199695813933 0.05917926054728725 0.10887979919597245 0.020591602032273598 0.0006135611296056696 0.038467937239958123 0.0150544343472079 0.03712605166769922 0.08141716543994462 0.026491032804727945 0.03946903151615498 0.09144444205209162 0.020929452729222763 0.10326173140735041 0.013603116684824982 0.1190726796726108 0.03059997490239763 0.07331758725641163 0.04487888607497713 0.04043691318890112 0.025817214008336926 0.037478485698553686 0.010248845190161572 0.05090261014993207 0.00047480314929353596 0.03675434217424258 0.024584300683241155 0.010206534355546307 0.018189205742262887 0.08378326243217157 0.015666462699980524 0.025306189370510778 0.032599048632444345 0.023022902221339236 0.022496599149880895 0.06997270828736371 0.03611288127223803 0.008932278948143699 0.029125893635282243 0.061318782328905856 0.013436497567207719 0.03374268469213394 0.08824252219742941 0.047982604988705164 0.007588343403095533 0.03122082976307663 0.09418549290594656 0.08872973819715431 0.056399123582973346 0.04028825785662352 0.017958288494544866 0.006942965291279281 0.0798605443438833 0.005394820918544503 0.051803598434998384 0.04704489048303452 0.04243866826970932 0.03778329089988186 0.045501873497471854 0.03247451888684192 0.003227909940882392 0.08211396553655087 0.00458665404651676 0.02732975878619457 0.03306578569943432
0.05332113572619361 0.14426803588249507 0.08373275514866803 0.07247778812820778 0.1029340442347326 0.13876079348813125 0.10451801191457373 0.07366313723190743 0.06316975441315652 0.05599835948056064 0.1452654865855516 0.024525221133065184 0.051830233544606724 0.004322398328929054 0.03428489117783796 0.04902464130489864 0.037711422774409024 0.08813559103678045 0.09491795795908724 0.0976342593206122 0.06328954966141104 0.07697483280731073 0.11888833995327955 0.001075220339709206 0.08510593602091057 0.03762306770722619 0.033400423590206084 0.07607622037944708 0.08528900353664744 0.0012355235930754745 0.018653408093252163 0.038179728806200665 0.021280320118170114 0.043616212611934324 0.0806989515741929 0.030921317514849233 0.006562372274673783 0.033436244418333684 0.02381173701444073 0.02759414569607426 0.011774898144487173 0.015411829734578752 0.0854839241215696 0.0819752134362995 0.00112038800207538 0.06593661504216 0.06194074661903981 0.0496477619280508 0.0219278599567654 0.011055138185402458 0.10142349134580363 0.07381732228976577 0.0934780395227254 0.04029732089106146 0.032504524386075505 0.08912249835665909 0.015997829574396265 0.008076935119131176 0.0036158014177335982 0.050246556573202115 0.08895896727802281 0.16636211194868325 0.13128704495666527 0.04286716214378768 0.053628001687568455 0.011092943436233712 0.1101508654808755 0.048883312697519846 0.04931948735783301 0.03455519065908505 0.020431905797465594 0.015162000521800343 0.06961235959455075 0.11499838415998437 0.07424827459672008 0.008617379903662195 0.061405148249252424 0.05502658750222674 0.06423325741335664 0.10719626597301526 0.00213301821994646 0.007729370002702576 0.14698248220128649 0.09356375959748718 0.06919491737154955 0.0999222629928327 0.04280973275183116 0.012725654848263797 0.008661041985044339 0.011633808309972155 0.1459550821722458 0.00806888029233272 NaN 0.017140730269898544 0.040252793361221235 0.0820798153764505 0.08918893367587491 0.058831388678496875 0.0517313762244069 0.06362313219029384 0.014533940444364506 0.03527278431270276 0.004228707108511539 0.03503254948486643 0.007920198549440413 0.06508334038372758 0.0022206811925855226 0.047157633583189494 0.02206618574591528 0.07484477141445557 0.132158317635137 0.09613573723524826 0.0027262656414207185 0.04252019292613085 0.07050931250169612 0.02457776233217658 0.07351443317656542 0.026543911771509356 0.10939629564021 0.10069800589904052 0.054596853851701925 0.040851179929528726 0.006177324950248876 0.06149996077416412 0.010852510749623743 0.026297197710465313 0.0031714503034629697 0.046771627961206354 0.0237738547688424 0.08114414286081464 0.03338637179127838 0.009074178299532628 0.008279326433286103 0.0031361567279314098 0.06614079147303109 0.07728647137812782 0.0023822669321728815 0.04983506910533984 0.05923338963075653 0.12098811575881206 0.10982215272948447 0.03197807857263035 0.03577576667397375 0.14249552258329914 0.08001378627154515 0.04560956138191372 0.028514873410732524 0.025598182492697855 0.11807328748957326 0.052712050595366634 0.07146859605270352 0.0041088732246216 0.11576920551954697 0.04305592385020342 0.020741515347117868 0.11108035199228396 0.06229122710527805 0.02715501327300219 0.1473295559171435 0.05657717600385289 0.03998644493120776 0.10586243180732466 0.036141905671895506 0.05866602456102611 0.0627914313151203 0.10596264071474273 0.02638247630906292 0.08496291947818313 0.2070121600673835 0.13488153128980188 0.008342922810488939 0.02859499740069396 0.045885768932391116 0.015078406371076129 0.042072002397933 0.018703386924351494 0.12611958328135392 0.00034275507103511153 0.09947094321554378 0.03112212620744239 0.06869229026589518 0.10476592094882228 0.07788107956319562 0.08224547841536808 0.08938900284089174 0.13369711000598167 0.10583733351273457 0.1276024888152318 0.08607294824785378 0.10795454232671241 0.07276561004756987 0.002606043714717012 0.026654853120847262 0.04271552769965136 0.017435679165747904 0.035523043546413065 0.07875016211864946 0.05605760019519446 0.13803393805871378 0.07906846134697851 0.151892996734349 0.1284951755088039 0.11848633365681854 0.006784887431426925 0.005420792427804543 0.008986720717030473 0.03971489522157538 0.050710645111306386 0.039254114104544435 0.016384584663504016 0.015018595728962218 0.06317177710889714 0.03319556224368505 0.0497818871354918 0.012872316697574682 0.022071641505654473 0.0560169754504336 0.001606949425842283 0.018898301054435428 0.08878479880701269 0.05053277469346351 0.0031386755800997044 0.05257997321979382 0.007725386727506851 0.0230891872369125 0.06035077574892943 0.019697878168157247 0.01790057496992866 0.05201014839434536 0.011348102027630756 0.09176466291495172 0.09512893326374723 0.06698144174402977 0.04806866383650605 0.06994978691228916 0.04494072964088105 0.021967738306728556 0.004803268916099182 0.050604833533934156 0.06806110244650937 0.0830089783724416 0.04166762306141695 0.07587054386568971 0.01836362866390136 0.07746566506483119 0.06250848484256721 0.03574120603195826 0.01364039966262086 0.011917309532361819 0.034301091641652307 0.0223911443282109 0.028912220597743322 0.037287632267953445 0.0837211909070112 0.04004684556388473 0.024063754412304274 0.058651404601395125 0.052445561889176165 0.034043669289913335 0.06291926893426553 0.02203484441991115 0.07763319818669784 0.024973989059022664 0.0539454257178767 0.09901492366755008 0.01794330922582076 0.048763370583980614 0.05359229543111557 0.04670009848402738 0.0032810361633205816 0.03333147685268304 0.08998660400377766 0.02923562645471806 0.0051011248911375295 0.0512575407703074 0.0032213790804472434 0.04861903462605273 0.06927540993814617 0.04265690892937666 0.07423958953987535 0.02254456217382226 0.052588480999344996 0.06415366337969299 0.023885881729511168 0.06631877631767062 0.0037868449131742013 0.028307218357196833 0.06801050293687866 0.11012050575864657 0.015550147747114986 0.06814456716408933 0.00020618069011069174 0.07599744511776371 0.043960140584170804 0.003901625603588753 0.03717322102782756 0.04689776660874118 0.024306010433140252 0.06856835477704737 0.016152916811253457 0.012017645528902606 0.000984247741312767 0.03161233278291249 0.03238250954987158 0.002574242304376261 0.011637102471415351 0.03878543609548768 0.012422404339342535 0.01029209618740604 0.0160186973609754 0.04351381008547226 0.03912187401786443 0.07147767958726706 0.004670948659847473 0.009053853879812095 0.06979554642049678 0.07545363274954811 0.02355238728402617 0.0555594728895182 0.05633977378085397 0.07332051993142384 0.08445985526596053 0.03274570713712814 0.019459403664127593 0.009767550557246023 0.021803769526174268 0.019211075949515675 0.05054567298090184 0.08980510877475877 0.014390670185741349 0.03370989901090269 0.017932590000113723 0.04244803787140413 0.11316548264814506 0.007745175612590197 0.13083875152613325 0.05415322383910665 0.08911951420080329 0.09862030835492307 0.03910993889209911 0.06509753021504325 0.01447516970565437 0.04192952051799702 0.041001808371868495 0.01625614144089748 0.061057502350788696 0.006872528418662785 0.014857335865752478 0.0920782817103654 0.05605798587710123 0.0277168307434881 0.021561824944574474 0.06943794870193051 0.04299436555453517 0.06035935030999536 0.031169692148914886 0.0587906793162611 0.033610530442079525 0.01210992290030334 0.09517067864815014 0.07604682622377266 0.04060668795886853 0.015009555598482388 0.04583107486998321 0.024793217358163297 0.042855797398165495 0.0035460464792370036 0.00860501278730892 0.016722508426648408 0.024334119039727743 0.10336236388362996 0.033095881708235506 0.01926392490898964 0.007082672331027037 0.03608213737341923 0.06101528066733866 0.06596120722183944 0.03342214565110718 0.009255260011000573
0.07432283049754446 0.010616032543243399 0.019681660002034054 0.060693442274435336 0.07869808682867625 0.045197712928401 0.041454538858802875 0.008056594991760592 0.14752317395334344 0.14255244760680036 0.023315787300727153 0.18289983360221196 0.09847617867474183 0.07989510832329297 0.060897823252433106 0.05083463949440943 0.04578256954813726 0.1224486472326257 0.06258749069088691 0.029533066288175217 0.09256353790332801 0.06793869535308748 0.023644757747892674 0.035301618330147416 0.09505058174650213 0.25987887210963423 0.1066247877329158 0.03938034457563874 0.09386409252796864 0.018634242602982496 0.04144482028828877 0.11094017472052857 0.12845797632058842 0.03875645108304546 0.030573694368499715 0.07872616503515806 0.13683430620274897 0.003270490685250429 0.09524726288112964 0.0649095329618697 0.037743244555926966 0.06199646018222068 0.02594245905802943 0.045408807376645315 0.016587668817833977 0.09629192571891466 0.01907992146831696 0.14362691618344836 0.02030538875071625 0.05991867937812279 0.027244128296344667 0.019001240916449124 0.0838901257911216 0.06810715225756647 0.1092905285286395 0.06200893820790334 0.03543925045768891 0.03630285916591427 0.00612875753891516 0.07340355953729473 0.08286403146937837 0.11078280984057905 0.018518698088085938 0.2071082029373451 0.06424479835944337 0.07156020170059856 0.02854335464402048 0.03313808887135391 0.28833211657306085 0.17210447528782885 0.21422288181633095 0.21861759894193192 0.008293104257326255 0.1774812717489116 0.25013073557386084 0.1056105469581127 0.10628876315197741 0.03375069487142736 0.061838718653891865 0.02860990305128316 0.01742825212051811 0.03149342820697564 0.05138533777600345 0.016859761919115857 0.02702342432361536 0.10664541710748322 0.14540148565104158 0.07677035373226024 0.10262450920606764 0.07436941326422053 0.016103434148907674 0.020774886061351205 0.017140730269898544 NaN 0.09890733938742063 0.03060769464169676 0.109403232282052 0.08414253132668961 0.06901376543517743 0.09451517083559563 0.03558645287511414 0.07620805136523338 0.08492105976594558 0.12370193444463295 0.13350968544025513 0.01256147380918455 0.008578684012927374 0.02238601614638689 0.10230491477573343 0.05427894925837078 0.18801565208427967 0.12505437703037564 0.026616888924577052 0.016944904866938636 0.023231295575950866 0.055115579249817026 0.062248507529700514 0.0153557463551245 0.017341502502076438 0.04865079387185413 0.0348892198292526 0.07050336907184551 0.0032243753308586805 0.038219584899498386 0.2553229701565884 0.07937352325122929 0.03461535979577697 0.10176367794531231 0.22928569897149198 0.060234111654766075 0.21696518274452198 0.10135063422785417 0.05223588335783082 0.010550565989946827 0.01612218943884232 0.08294115190847959 0.05045576756186519 0.1016426919991608 0.04707347846329154 0.14764424238211984 0.04411944267644757 0.04909707074034938 0.08617764300000601 0.04127924826875249 0.12289233376421889 0.010310977233123029 0.10625521498209822 0.028232664862517222 0.042949118403010564 0.059317208341802714 0.051232594986261204 0.05009253821242227 0.04754037034207907 0.029227358478089965 0.0335138482950833 0.03058890469197175 0.07261003460822295 0.031109302543651355 0.02074585734950506 0.057047858147011625 0.06075510884963476 0.04784129218176588 0.0072124205238019755 0.015560031934294472 0.0021969161633999352 0.07745281287681291 0.0826953352540867 0.04763865548788873 0.144911178932478 0.058269452079221164 0.029631757383272336 0.022972953476042002 0.018978040804373653 0.06856869056546429 0.003645195678543842 0.11015572786741182 0.09152989392835319 0.03356573934215473 0.08606516910243202 0.05757403852094487 0.07513185345736784 0.06537961674063643 0.012104792584202178 0.04443508502957193 0.037097073965642074 0.010952893938703726 0.05443053192255347 0.02125611689859912 0.09333431885667563 0.07292289972795944 0.029296368336311353 0.21784600579482077 0.1099350010765417 0.07209009368924388 0.06286548092875995 0.1398495400706445 0.004348711302143403 0.10952875889563828 0.10701445729367218 0.040219364656448264 0.022932604623116155 0.09181681648776772 0.03034296955334951 0.005873145368586325 0.16440056395184222 0.29658672052185925 0.03508386479646015 0.050222184857107596 0.14590416012192348 0.02258671495583304 0.1288508934949352 0.13628968245346032 0.03532524857919465 0.031931739562723334 0.06028486006043061 0.10128733518852438 0.05909880806741564 0.02831685769941241 0.057881878049752866 0.043549543992314296 0.0014887530620353105 0.07903857526460578 0.0868319540690042 0.00966804797758007 0.11935313515599122 0.04638356659683632 0.06522660417280977 0.10068193520743818 0.03405101142242923 0.03183010385886672 0.07953269191303006 0.08454911730330229 0.06735776102318045 0.0481057732625522 0.008558849600230114 0.0749725439271699 0.024755898909858867 0.00045536219073817374 0.05610290427287799 0.028475970404935477 0.11576993025629079 0.1878484798285445 0.11513535532169138 0.18895324745284384 0.030918866726797306 0.0071516631499864616 0.042356773028783115 0.09184232162547004 0.30670024158283493 0.25953972542523235 0.10009521707674643 0.0860886666116521 0.009446492340195407 0.19952252485997407 0.23504196211334522 0.25937651438686277 0.10823307342482824 0.03915007014941656 0.033927230276182774 0.0647603218327445 0.0070662166709348296 0.06730397920703292 0.049525230498692174 0.08913300947196838 0.0003576019655610167 0.09495805749532917 0.03388906639337608 0.1497844252266002 0.028472690492830112 0.17548891083064316 0.04639331204572631 0.011801145094409266 0.04541902688027241 0.11697984148941062 0.03958467241730795 0.07757130094395637 0.03624193260159377 0.075126675357419 0.07320279198828408 0.005874001756092382 0.03885124162271237 0.03953412909963181 0.04219534630898839 0.09250668599278128 0.21150986010190292 0.05875369652893596 0.0026878941138753073 0.06622170971007839 0.07205002333567208 0.04859757466689156 0.1336772124330341 0.06769743841999083 0.0225980538807621 0.03193447198988398 0.03035735762062101 0.07263116627208714 0.026691111207847364 0.04585340991357746 0.007767959542955263 0.00041605605400665976 0.04839965626420555 0.02220831114847931 0.06694010177635899 0.025838436075796768 0.16351509676770007 0.02278746803622963 0.051923940244455555 0.1631350469175426 0.207095054759756 0.14022431199917448 0.13528978228398844 0.10238916899605674 0.17016532086162098 0.0448245491325216 0.0778607791793437 0.03650035594476297 0.12291912553979305 0.004793772429476446 0.12385247512877029 0.07094000729363986 0.0701647856877825 0.027182713719516412 0.08884626189584496 0.08756214202132724 0.15580912143096906 0.1525002900541612 0.0654493635920322 0.014933565843898804 0.06718879030827453 0.21431272041757035 0.0029268918542373176 0.04816035745968446 0.001098606799334925 0.010632499302676719 0.017730157260223107 0.005883899473248623 0.012030048299325302 0.011700125658139182 0.02725514399971033 0.027153017930747626 0.06130513983561021 0.013186122765151069 0.12398098292575586 0.060624436071687694 0.06460359097485402 0.13109747417388742 0.03124637702524987 0.00983253219093676 0.06483827603492254 0.055063843614963894 0.003204964559274599 0.14741617829033618 0.008354534795926273 0.043412833780709 0.10741449160524474 0.18792663442890317 0.10847973486484326 0.029241795306249804 0.12940802362880108 0.0762152309938512 0.09235645388911967 0.007177656393788204 0.028332165825151332 0.0604857264615282 0.01978265459068614 0.0025204016739873505 0.06422620184803113 0.01484292547759983 0.08620188343363037 0.024068558440090457 0.07622878986502603 0.10449028871218648 0.041862484106625054 0.04581988183819336 0.015256707100057224 0.007735688579993161 0.04627181206637935 0.003655476373860328 0.02583532446616934
0.10691699379433348 0.15869571617692702 0.09483937205292349 0.06425686676975503 0.0822437557925711 0.24647324382877056 0.20365512752514936 0.26652074772292383 0.17320634207025667 0.16649742783239865 0.36294929843422785 0.06656100114680961 0.008206257088724925 0.04487228369867775 0.12066871418868831 0.002465767706156019 0.21648128945233933 0.22535957781092128 0.11538396524030861 0.18459965676717863 0.256654921695534 0.3214586875811811 0.1515582589698041 0.0739922149790354 0.0817059314095164 0.060026971506632706 0.11332171899807879 0.18498242309580187 0.16351777708456305 0.06601611660936771 0.10873627023086686 0.04612695086581544 0.07037086518380604 0.0908754662829713 0.037998146940024166 0.08503705409198109 0.0026940494628830804 0.016618857003304573 0.03495226898235402 0.17944500426788515 0.08011612968750158 0.05214375606628463 0.06687359331670782 0.03850651613905654 0.023531829037317608 0.024219411652028996 0.16909794734839365 0.37150300395714014 0.1925141587934865 0.19275115479240948 0.24810838436407226 0.1905491519006707 0.17463367806091035 0.1620578649178143 0.06965596809715348 0.09543418241953469 0.002428526945073753 0.05420891501074294 0.03385107907136398 0.014392667196335349 0.039333806129853335 0.07122274302007513 0.11419721058558696 0.017090209940377837 0.004840834751424128 0.1414765515925291 0.12857730091386158 0.16066622076600579 0.017521323887847905 0.014340814605033846 0.023766114868613464 0.05735687634133323 0.26248430434079645 0.14305258310204966 0.00865926559843927 0.050626516486837594 0.1652952910991147 0.12457880134217604 0.4094422269517324 0.3713480491628924 0.38865965730560903 0.015721814909935305 0.3274725694460236 0.03339260924331756 0.06090978733768774 0.05064862635920886 0.05222134767330234 0.04842336909749297 0.05848236126308318 0.029515670524857977 0.037061453908901344 0.009817575220133174 0.040252793361221235 0.09890733938742063 NaN 0.20067707121526498 0.2065560824578409 0.10889051622770587 0.010801859144985292 0.07240628542248306 0.10234724137778578 0.030743732188136426 0.01010981138358913 0.029702265068864985 0.05078583338831875 0.044983923346905305 0.040705375455567565 0.07783912730319378 0.07131585542316081 0.037071421742860024 0.0987700224700182 0.0030619418714031687 0.06668921456017211 0.059702308998094665 0.08906896481691216 0.1266463424888197 0.2855536985028358 0.0877973396159785 0.00014099343026496535 0.04442548452953022 0.09998667397089087 0.010460420402414414 0.02097630643118263 0.0634505209659331 0.0810770640400227 0.06416354298000017 0.00454554735136285 0.02472136714912578 0.040517490660953316 0.0870706205502416 0.07035015969176248 0.02159119833407293 0.3065760671000205 0.09250885096295246 0.006362326156261366 0.07473269535429158 0.26491373730362255 0.3598931634360693 0.14061181139056322 0.24664375090691612 0.1938250286534251 0.021457615246534514 0.09741649807063685 0.32268198846707585 0.4298300120896898 0.23637663753950122 0.02773155168382566 0.008764004882241808 0.1281136480841663 0.14923819514325803 0.18140801819527813 0.07065847151622608 0.07720404641742101 0.058652959976769024 0.006209670201128837 0.18262693960778037 0.17126523975077504 0.1745714497778992 0.15606674462597242 0.11705136488396074 0.09519454401872436 0.0843389505832353 0.1497285978302695 0.08798481043762135 0.07057092685866384 1.2961550358387144e-05 0.06272196385679973 0.01130229748035605 0.06506616814119247 0.29053229181214696 0.06641878677602674 0.07394276904814488 0.04219351124104378 0.06681748768534079 0.11711247679128377 0.027640487601255752 0.04510170818217888 0.036385633534261684 0.030984928092437348 0.015810985602804025 0.09366839896932455 0.16261298122061468 0.11002316143822616 0.01800673483426491 0.0347590066227079 0.21773961174667764 0.22197862833949739 0.2060472761900507 0.2549737448237332 0.19850601018583633 0.3116206166306413 0.08449673827138418 0.014588744034814322 0.02310061064135575 0.01883983931298539 0.14648709820794004 0.15079939991536684 0.2979823542113104 0.19032939182476555 0.16154587295246664 0.23311314206724193 0.30563430446841877 0.1483927323331242 0.07586938150114983 0.048173643308940896 0.08580421301268752 0.018274631880894995 0.07537787398477803 0.16656751969586983 0.011788802685781776 0.04557190358948012 0.09624396252089759 0.0017058663729200734 0.011578844651604456 0.000734454888696177 0.12217048627575973 0.07898797424777952 0.01813659667020423 0.059163332787332115 0.20309169379606204 0.023059108265190118 0.02585450704639852 0.06895503971941659 0.028342838458944912 0.0026526100549430463 0.07637236476343301 0.2077701853474844 0.20182948569944836 0.1409817517799219 0.1683195106979632 0.2454152952938367 0.13455332957643926 0.18490667261667776 0.1543611286294208 0.12459332083809424 0.12754711389799134 0.04732548278953963 0.018746073831829874 0.05340604838931975 0.04129425037776556 0.021774758907268467 0.04433354662098912 0.07930944720266711 0.01664570576504356 0.03019297512845252 0.005215537455831022 0.012726850273954936 0.018016398392783205 0.11907069786087897 0.15294941595352526 0.03897764300334287 0.028872346388506047 0.17648685473843267 0.08160581488704037 0.03261386377231046 0.13276669613222733 0.024787579110162123 0.07354904298779887 0.10374438708441804 0.2432659732328553 0.191658631951466 0.06623347464867022 0.20322129113954815 0.10682036083741625 0.026121196875247322 0.06008670258582436 0.006202411210132587 0.07961657361779878 0.019280883666062017 0.07778693041465946 0.03192378012858367 0.031219810736914183 0.026751725084010226 0.08409685707967712 0.262809437621669 0.15372676082086023 0.15461746237762003 0.09367262588182015 0.012981435356619024 0.03040797744826682 0.04219485119660891 0.025464403211647706 0.05502748433751281 0.03571618209668485 0.028699659944412714 0.031716199947590715 0.0002434575455764546 0.08930379791776687 0.059032480019249656 0.006600191168188949 0.09983152463355585 0.013984154989844585 0.09973021679714808 0.007465696221701287 0.0498304669851898 0.12833156234293944 0.21343033105590606 0.04149318947185607 0.012522269318061639 0.011041813810394496 0.07033745574917097 0.017213787548188933 0.03754254575640574 0.12842417568712206 0.03845464383518214 0.042687538267777395 0.07071778620774748 0.03248268856680216 0.003910588212328159 0.10960486756120823 0.07433008513214044 0.09735669684125281 0.06818400628171015 0.048004402982736935 0.049384500847402285 0.16239663869511295 0.010848711512642177 0.3979073702046417 0.060967627438074073 0.035017627401978585 0.1309729907653806 0.09211044403232346 0.07740768119252946 0.1319462775452851 0.27070262344151597 0.26663174802077283 0.02132686066964657 0.0633873647623438 0.09498735605280184 0.09314357145028146 0.07005534005209639 0.09485547262932822 0.118759278151438 0.08859958805154051 0.05213924673841492 0.1403125690839835 0.19227129243263286 0.2258001082754848 0.15189389997299055 0.07896824844102927 0.0922849190772876 0.024193688331376195 0.1846590051956077 0.039441889870788394 0.12236184155657177 0.026848857442884122 0.020948959043922973 0.0001149634899860436 0.06172956608461858 0.12921596451031878 0.05791190472845359 0.019839079237210573 0.057962104594713806 0.0045516654524601205 0.07343528127390048 0.11548056341926995 0.08188324287637314 0.003946151886409655 0.017157365399572664 0.0270599951054222 0.007630741488382308 0.0121307211257713 0.05570637416041359 0.020783220339641598 0.04280086535097207 0.025422745327094213 0.0769671734733591 0.005470474860847723 0.012191583392370961 0.02675720690937285 0.07832419622842689 0.09362751099225314 0.016016556527419613 0.07711666874451392 0.012049562974796407 0.011009174872256227 0.0488600535054424 0.0394088270397063 0.03642812426898049
0.023277051090506887 0.13748581158913745 0.07687051789254193 0.023198533408837554 0.03162903502773515 0.15025271037689733 0.17928641805259024 0.23438646644728356 0.20212431786612195 0.20609161892021952 0.3403405563177122 0.1265169890653826 0.014580375501256924 0.01036369942234951 0.03723333663723905 0.07025316922734012 0.20797696778646477 0.1539279712433773 0.13034563169198615 0.11130101715882568 0.1663287389980416 0.16612254917567826 0.17651034030116028 0.025786287102139874 0.004578691795294798 0.0416533223894392 0.04982185428421335 0.10457991197642791 0.20784736597708053 0.04145639447524185 0.26409168923184023 0.0581402443142095 0.04252517324603993 0.06791924607110886 0.09553371943533552 0.030801553638633277 0.15341805271720949 0.061478716097859064 0.06923780530410877 0.2185295412035506 0.1340914084995284 0.173170443304492 0.11877960850030639 0.23037956596767822 0.21305281768509307 0.22916856136391836 0.2714892514183943 0.16030912291895116 0.19575711013220282 0.36589801226914287 0.22585087840464438 0.23470142411302722 0.23165687699542845 0.27531528791804494 0.24125700920331036 0.25057643922477885 0.11955152758081826 0.007431233102053542 0.006829284052368202 0.011589849294022424 0.00698344804876081 0.07108804087195282 0.10211705197870766 0.017020362800791177 0.03723448779934781 0.05294488630502874 0.016177584857581116 0.17171129040839592 0.027436875081842668 0.044748707527656986 0.008087939705422197 0.03603687849244297 0.16500905140724653 0.04455034545115561 0.04261847214210729 0.12375535141917682 0.09888571954467495 0.16562901033441974 0.21021797160311384 0.1446064602649312 0.23147667005105194 0.06710771412557308 0.19621934850381942 0.15983214728120562 0.04168134455304115 0.003989970194066343 0.0027739032739710866 0.062237207597724845 0.02651302897166215 0.0612750659211743 0.002288924918402202 0.007312173497732822 0.0820798153764505 0.03060769464169676 0.20067707121526498 NaN 0.1844553921839373 0.13388277550053723 0.09028395252276232 0.13916666775661896 0.07050866706035051 0.009761807689884888 0.05035621823897325 0.03769002167325144 0.017564908563469987 0.17882287574731764 0.05172227549267778 0.1356452849260778 0.052978904150065856 0.058222446455745265 0.13829284448953638 0.02572411895185102 0.019828871125682924 0.005233091703774108 0.05849114150590014 0.32537168108621656 0.3940326086426439 0.01383992840188981 0.024335985108096567 0.004486097034522076 0.08731929921720225 0.01949930045075921 0.01519759405875145 0.05354904764367391 0.06493935350532075 0.08102756302510046 0.06068766961733529 0.027433948139903477 0.010231855364166657 0.15165674664459422 0.046224482118779206 0.042792716918513454 0.02198387045500507 0.06305425663231679 0.06191004010743996 0.12835078822827226 0.21165077554871614 0.21728691708047715 0.08891105791439145 0.21184291521620555 0.19587438879152444 0.1752800724650935 0.25978603342214135 0.11696363152934919 0.11140857401837766 0.19763906329093456 0.15958955035143407 0.15831657404682592 0.04778023917373756 0.02024743875942046 0.05355367138913861 0.05278534297981125 0.17738194041690883 0.07663520753856524 0.03312364017446552 0.17249971789818455 0.23350216285422754 0.07736863090331404 0.1498425104422899 0.15990562483848803 0.11296982876834027 0.1190104652396392 0.15706886601131292 0.0030065652864559025 0.02159104909977666 0.019439410879578466 0.049892239293798483 0.04455426559989743 0.01961750172578199 0.17168529206432226 0.019394751330362194 0.014157066802573998 0.008478384107496134 0.037345247308847564 0.11439837068462136 0.025007127858533536 0.07442379549784008 0.0400210445499135 0.011172382955975984 0.007491092547332722 0.0020515210983737975 0.11263368146546691 0.013579892842332597 0.05796540862659264 0.06689824117373984 0.09815390107602491 0.1652066528869254 0.26438017280488185 0.24202141221182122 0.22205387758061423 0.2753975591265278 0.0946690215960279 0.0229050830429442 0.0012399738682835728 0.025325528373668242 0.11015362439229515 0.141120589221518 0.15028288060684175 0.07711070631749953 0.07348333224043474 0.15039277579339483 0.1641728753825516 0.1296540692130389 0.04683996716399742 0.11734212365558032 0.06334681263220882 0.013025610447646389 0.02653993286247155 0.23104771098052615 0.016713002597541063 0.15153394221688568 0.12591503763529047 0.0876085038604274 0.05587323999055478 0.11006883880731837 0.10856389669270305 0.13259252528844193 0.037840550655672156 0.06126260280427093 0.22881991731638512 0.022272468270656747 0.19359232234200474 0.22390685150251669 0.26682190927496324 0.2499151039194752 0.3113408527647261 0.24852882348450658 0.11264400757987124 0.12390710871291569 0.328998058661626 0.23257203505926966 0.20765329443620711 0.1841131556923211 0.17170904171646872 0.21295487931763835 0.21102317268792997 0.05898509630675768 0.09366481931219688 0.026721872764426977 0.1423210230640848 0.018649066027891566 0.059749660421112 0.08434165691892502 0.04736404088484581 0.006961436583050719 0.061941456845122714 0.05211002184024509 0.1327095176529908 0.113275334550687 0.10725798333573346 0.0007690902304428271 0.019604402433021417 0.11638421465388869 0.1442801369624126 0.040551813472559796 0.23190821966112332 0.03895407202610749 0.24316011479072336 0.03442018825450926 0.07262669970066264 0.13159848157622123 0.1450473168963554 0.15836145223646192 0.2392081971119341 0.006528087920089019 0.04505232781456687 0.0063713918700465414 0.0328656192576745 0.026341815756204524 0.09862808742671329 0.039571746703334555 0.022906836607191988 0.02185145388986949 0.07987523447311126 0.04903839987642187 0.4247291029539093 0.08785211841940137 0.008491937962852983 0.047395346258104085 0.12167322071289575 0.0959276866071873 0.03454319988240665 0.017857487407907626 0.03264294622061233 0.07502242683567727 0.05213524955294855 0.039249175796184275 0.11455331309393203 0.05006937411944697 0.057746686297350275 0.06369968429853066 0.04308595163346385 0.12101285404470913 0.02776033030638715 0.06297363957616077 0.2982547693421123 0.30443729745495585 0.047905663507655606 0.04913923080307522 0.007993075041175248 0.08216259489446862 0.04219462483748026 0.02700919186681742 0.11729977150275503 0.018103833633850805 0.026433678862097566 0.064858039743017 0.023041338954225745 0.011594275409368538 0.2423162164438142 0.07837461956832764 0.11576221306023887 0.06318113801759183 0.09552322585086878 0.08795908000731757 0.20263260665953456 0.23438349744992307 0.2448206475437237 0.12687342306648305 0.14241839598350037 0.1412190627355707 0.1781658130776542 0.15329312069927176 0.02563006897560772 0.1033802641113567 0.2354182616016039 0.15056473889297034 0.08432551162603784 0.19516313373142166 0.08847396227660426 0.043893062863804434 0.050976757507854485 0.1304680640032102 0.11041305150569272 0.01979850998054179 0.0545538648318463 0.20249146405205204 0.09561809418841086 0.04392736330728404 0.13647388702028815 0.09875696720973921 0.06019123300663949 0.1507931975361863 0.0029199170220260075 0.0013030265404353238 0.016173103967299436 0.008051900104367621 0.038109468433788804 0.015449660642949482 0.2036370624481881 0.08047973911530872 0.07180901195833361 0.014962490087452431 0.030716953960129207 0.04101757188963437 0.06439780383435846 0.11257669788610963 0.04189296279328485 0.01417839122775217 0.03672579815506289 0.019795129931248157 0.07679971375780027 0.02679217880736986 0.08587443700074876 0.02182929420870474 0.012714884700931555 0.07181493532600842 0.05578286244460952 0.027639462636200988 0.008004856927541769 0.024150049285970802 0.06454741544477675 0.013855408393361862 0.04217369500952129 0.010722376350574511 0.014853203355618292 0.0026540276578574315 0.0170926254237114 0.07060047274012751
0.052106917324875344 0.12280324415235691 0.0900341416936593 0.05516280995670449 0.020109139680285566 0.04134217175867458 0.01916017248852489 0.12462168760978101 0.21389474757946808 0.18210223618011498 0.1306125785351196 0.12588645134898985 0.0012250859351293415 0.20098157275537343 0.32697022125555397 0.0322882439260883 0.06299785991325237 0.029856112516549977 0.02636449858023647 0.06601827027782564 0.08458309136241761 0.010295018302089034 0.09130691465292447 0.014325692878135269 0.09100691734610282 0.053428057315444574 0.07416959314633316 0.01545717174870385 0.38346339848200184 0.06363617044935678 0.20768819933793004 0.01767292968706326 0.13059941993854687 0.0698473471469752 0.2774917005528467 0.07993032066609851 0.1258515625625912 0.12072011690171998 0.10260606885811546 0.14944796671693708 0.11200545704910489 0.054443505281429445 0.103524317839511 0.09867339167076881 0.04584964300480992 0.07810118242449593 0.07311292726521909 0.051339878552323026 0.04912656410766995 0.0783513774759979 0.12643940448796934 0.054353174197455854 0.2077547781683827 0.09772165137487893 0.07545748731231272 0.068281401191127 0.056653177299471454 0.07514842109352415 0.10222982286992821 0.08495781484137699 0.06881771247075921 0.2860815121294887 0.3210101765740914 0.08864490246274709 0.011677742854921423 0.06624031851183668 0.3349678759947653 0.06451974336805044 0.2669119688313236 0.09366602158598811 0.11160741966732507 0.20152325422352826 0.36310395858914957 0.10494260890419772 0.2603686815456723 0.11968587489713442 0.27531076100073654 0.31187998329026273 0.21231343582657822 0.27484672270203536 0.058948021162986676 0.014970878828431414 0.5851321933712299 0.20928486762875348 0.14882211451469143 0.026348928355260183 0.10231351058729903 0.06227578589061234 0.01122958593828451 0.08374654670472961 0.22467226663066517 0.017260499191926848 0.08918893367587491 0.109403232282052 0.2065560824578409 0.1844553921839373 NaN 0.051827767426789004 0.15969591819940085 0.15740798252308869 0.13835645854231876 0.14160238606138228 0.07026872034750767 0.14170739948129793 0.07895340805039747 0.13760336239912116 0.05120929139573056 0.18405394760190152 0.010395109862473039 0.03694695034170572 0.22489902639756637 0.005518341336527601 0.035251597759528575 0.10844632861061325 0.08985757343475122 0.02513676610498061 0.22061780856483817 0.0004378426715303919 0.06789324389412986 0.016599998361694457 0.018562212010362643 0.012567970482962185 0.07813391181610807 0.0925970047937142 0.09871543683951035 0.02011056817146531 0.02909988052385494 0.17305829445222703 0.1389000709990404 0.211617764638016 0.2342607837683861 0.07103943576796251 0.4253908108545567 0.005813125801413088 0.0925083599461643 0.020424101001118553 0.1499946774808281 0.060453596559667665 0.02060983436430384 0.18803920051564532 0.08929339342438042 0.07105599087178303 0.0836882069423802 0.5853446710317305 0.5360196063047237 0.1424241353471728 0.11052743555409097 0.16467461254326307 0.5052077888502255 0.030562446789894036 0.33095410461121993 0.0005108325971302375 0.07564491161959815 0.05592876203946714 0.017862382684402083 0.1001065532545912 0.019649304799801086 0.060588288822708475 0.03761122322793551 0.050966196006685144 0.15516928469105268 0.23574030369106486 0.009700226845143576 0.07221082090592788 0.019821146756854657 0.07466207006902893 0.0794865950802483 0.06116869648046574 0.23018907755473256 0.27532613565406083 0.2090106609967328 0.039044988580035946 0.07405337829997347 0.16067117448990056 0.11035115292790584 0.09981941766641976 0.3753046154273441 0.023635197057853687 0.14187884699939493 0.07103540061836001 0.07231601192500108 0.2104361542090241 0.054144306026897814 0.02388787919257303 0.06647322616362163 0.053945286005219646 0.03199643459564422 0.24737124750097178 0.22042223403791278 0.09055520988771276 0.09749181856606934 0.05962026684838656 0.013759137924715018 0.1337833067457134 0.23738164995551173 0.0019922761067475802 0.016416587585967982 0.010396488492832623 0.061047942158500255 0.018854671720726572 0.17655135813472436 0.032024419554821035 0.15781853982359248 0.06457519098578372 0.09607019995032826 0.148356982318438 0.03219579822939063 0.11394422033446014 0.2700737347280044 0.04640005280184858 0.15321968270781317 0.07782117833115051 0.11571317726521008 0.0680412772296236 0.022420861529106776 0.11756049142062902 0.0876232539225779 0.039130033885090294 0.09086644746465264 0.1571556208279143 0.13568351075514956 0.1519890442413764 0.04155790065025673 0.051866273596275235 0.05173779749263918 0.042021930101389174 0.06752951874472259 0.10877897718293147 0.03222056082739136 0.1425612155661759 0.24036062474857525 0.15026981289649513 0.22428148675518914 0.11762236418720727 0.10705834309155515 0.15009238009595213 0.01215278968325204 0.050450281416024756 0.11476272086035005 0.10332945557939073 0.003509651541802114 0.0968806420876506 0.13162333465198672 0.004027985529238908 0.011299453024638079 0.051848914579778006 0.1008420029468538 0.0008670364954593757 0.24075543274445077 0.19247934224477406 0.09168026250859343 0.10482233158004892 0.29246505611275825 0.035700432226167554 0.22417095458703373 0.1925831445252378 0.0035275122239063405 0.1910204713473249 0.039460956958849255 0.11509520026133516 0.03190438654203595 0.004867126936405407 0.33585251384532716 0.14847317607263025 0.19877198105701957 0.07543598258271178 0.05899031794993057 0.10838116301590381 0.11073852506217503 0.05565701035575908 0.06774679899053467 0.11114200966032893 0.05410044562152479 0.06447522055769694 0.10316509601989513 0.11198391355335868 0.290774954612003 0.0006800998826505238 0.23375427186925432 0.06809302141463655 0.16975500321686393 0.1530542042808345 0.10417222201267241 0.17501030858975455 0.21599849664981574 0.043492376118106406 0.03798551274356101 0.1368142338179488 0.042376357895097395 0.0365573398906424 0.12811165846761444 0.07227196958786597 0.16268259565607782 0.10301807681882891 0.06786612950700094 0.010103848018089369 0.18929694328251576 0.02896110780312986 0.021358776007851184 0.02946987050073668 0.05680462897486935 0.03779440038662139 0.013266650720895688 0.24321234718437984 0.05060396545194495 0.0005443291746069444 0.031513157614185335 0.16948417426289325 0.1622930371057257 0.08838223135922174 0.16518590228209304 0.17334192145370536 0.15974559158431337 0.01911730101077891 0.06401756531124889 0.014102747684174435 0.01336048279570654 0.042413611995089986 0.03286245714803568 0.03310364521332695 0.10600075136086244 0.03233460698588481 0.06082077671610909 0.3635805358895409 0.3926411603945462 0.2484278971739847 0.1450717524444431 0.04975285824831753 0.3084264125381444 0.16993440786740294 0.04428023377132403 0.09966677003593008 0.021136613391315305 0.10920293501433875 0.12452415648977663 0.18113929176058452 0.04319832886337821 0.017766345076145225 0.04380002823252211 0.028806964862447017 0.06400931989152016 0.21311475424702223 0.009268662878753704 0.017797639010535073 0.10994074301553643 0.038174470322845426 0.07999310110204438 0.03630419240659604 0.10026850267127263 0.09788711628930216 0.09671572905897088 0.18920742333572557 0.10867343046288759 0.08463742340440283 0.048471770961110806 0.17183285447511917 0.052213672113432356 0.014184127231301878 0.08579924741381263 0.12631101866799216 0.002513491176945143 0.03745712763683475 0.052096276075189414 0.03392124545840574 0.004852068241148043 0.03947277413901944 0.025454604120569026 0.04242942094292536 0.05868158575495381 0.00476717699297629 0.06377678803929572 0.1259373136580715 0.035523740267205756 0.042151273430153846 0.024802944042191077 0.02824551242490688 0.08807888205455058 0.012612082200983808 0.04472224254996754
0.03031007814767259 0.09744029555092072 0.021967753977529886 0.037840751531900606 0.011088989080778754 0.07432381916201314 0.07717882235339982 0.16022009717217597 0.02893607154620426 0.0243105752064561 0.20612527792971067 0.14372745182619062 0.0356323251217507 0.03756965938028038 0.05254672074524296 0.08141392092142956 0.0837415878319865 0.12245468688565403 0.02459684188035871 0.09794643598643742 0.08705616100588497 0.16290393785188306 0.12157157527285588 0.09883486335510064 0.09432760105157109 0.1862288473915729 0.08140807629228844 0.22702461074497 0.10377569659239012 0.14564088406673348 0.1864143063056823 0.17798802992984847 0.01905443164447509 0.10990794638682881 0.01882510211172597 0.053045071436910465 0.009506051029466155 0.08598794475950197 0.017767590635994687 0.04749223981977758 0.048209869764487705 0.05729213278464257 0.016662355870768194 0.1761960932767895 0.01301821780560871 0.012765899166053977 0.11654661233494751 0.042927967663427415 0.11197087193181077 0.08454934893417566 0.15132425621857826 0.12669590859026603 0.09150714305724683 0.16158920348246844 0.05320051495973695 0.008746329671999582 0.05335968694590178 0.0010411182350610892 0.0051134591795135255 0.049275527437090634 0.05963310316649595 0.15381361588107642 0.12343770294085339 0.05510894271275396 0.04439514660727527 0.047519185161283554 0.17548736579582705 0.3553475293956128 0.26829022944582037 0.1517700533965437 0.2591652398887089 0.13016843176722825 0.17804006723539748 0.25927531005695725 0.15148597780065762 0.11637373216942473 0.015699970002220287 0.031173788754452033 0.07305505620629422 0.04864421663791018 0.1724943704156491 0.08995355712130951 0.0355047854212152 0.04491048700181767 0.08580935857402404 0.10678584096941658 0.08119565009193594 0.024491316410440587 0.06068323864365598 0.0301167641677148 0.03264790664601924 0.0004061749503729863 0.058831388678496875 0.08414253132668961 0.10889051622770587 0.13388277550053723 0.051827767426789004 NaN 0.002543371948027053 0.01175970404691449 0.011752532117332973 0.03243203621293027 0.03455164317132496 0.020111637387954635 0.1025688218003255 0.029285892096855684 0.007688268863650743 0.054296547745847516 0.08601189402420176 0.006438307015193646 0.06633895956650454 0.05122654462590566 0.013196305845023234 0.027471507474561917 0.013590556007421418 0.11101545328998344 0.04775010586658721 0.07881415241193242 0.018285974380290337 0.0822085626349577 0.0570671155683405 0.002658411933051816 0.03991494138335874 0.06654032644597395 0.1150624147050245 0.05875076914931235 0.044794749987883804 0.09540566180793367 0.1526894213190417 0.17537239916695865 0.048842552126693806 0.11123461520625175 0.016257529262822205 0.0556700209925499 0.0024198253658725476 0.07132109034522807 0.07134688934578641 0.154443416534071 0.13671445563134169 0.107362790901283 0.1846552295596183 0.021389411217369387 0.0720517370349072 0.017256357268347743 0.04400440350232327 0.10750384314840732 0.09712045415628866 0.004046819775884685 0.12427158761944879 0.2941522438141208 0.17250850334287268 0.06005564782331233 0.10407882317134112 0.07269243275120742 0.023755297741675226 0.10215608170384953 0.1644935777346093 0.0876022548078109 0.14616544728778919 0.006965251674627566 0.0030303454089730297 0.18509677199545335 0.11596461239070278 0.011732969055578957 0.07076336889128096 0.014450852609210781 0.037399136209130275 0.002361581687644526 0.15273712114862642 0.04995032074178706 0.01045872745327403 0.016219609429245437 0.05304142324969937 0.022663790046746922 0.04512495581717633 0.12253572893147484 0.004101020680882156 0.06167182938927318 0.037412623721705805 0.034914091051969645 0.03187435089779479 0.08875822275665572 0.03021894407686409 0.04203239573736605 0.029187489540600523 0.03813538634609986 0.020958256796741608 0.12661258958723218 0.10537881826682549 0.06626210117032877 0.13065922448619155 0.16094527889688473 0.03435553067866803 0.10636017365353735 0.08206272866512161 0.03433842834426043 0.12686788590506695 0.13998202975663934 0.009335214774519459 0.12962537350158004 0.12795459477747026 0.15158842227333896 0.11127718608543634 0.02929984937315832 0.016364914929498674 0.08425866056689736 0.10815354170682531 0.06741311202573742 0.11885782002078911 0.09738816586117005 0.08199571051828779 0.06821949170878296 0.07099756623830915 0.031184278361458664 0.13357307941418126 0.04635396880838048 0.009608629996384422 0.04147333301393023 0.045417746643768124 0.14568206914772713 0.02647584146168697 0.028765817048182183 0.07706566598778593 0.14729174959524294 0.061479588595503364 0.11056498722937876 0.13369005289124453 0.008954931664338804 0.10811632124731765 0.04327130547515993 0.12100954014780675 0.1053257076614904 0.07872639014521209 0.10219574018989354 0.0230156305550384 0.05849702731698462 0.024060988898104776 0.05423220981175719 0.021560932780940668 0.012398934247638188 0.08176971758212512 0.11513557421162887 0.05459016272390045 0.05073920924094205 0.008815393365888293 0.0127564576446138 0.07352921211830021 0.2990729629718844 0.16091275403287897 0.14861698141679847 0.0789124767280646 0.1472685567504286 0.20063308052147277 0.052212081837688856 0.11614276467596636 0.04548678846648146 0.023701468464800878 0.061711451948287886 0.0810682679634656 0.04832180520622017 0.12298193926727682 0.007252867737562893 0.05949914137479707 0.12084888733277697 0.044938121113823656 0.0941526883286793 0.1238880165643458 0.0006659440703145166 0.07295497095247287 0.05282239334727761 0.08525464914051499 0.031280253962994 0.0012196729969129853 0.06910052924493898 0.04335084930674324 0.10626243186379312 0.14049846024382298 0.1486952394654042 0.025038322699268763 0.04865551404497361 0.03536292667549236 0.024204321915857415 0.053887633412563266 0.025845606862504433 0.059743476503589465 0.03229779671367201 0.0006465319541789426 0.04548305529274653 0.0032628925249556144 0.026388751082301178 0.0506102347639115 0.057572527911526165 0.022521398076264083 0.08878529199735874 0.015690613576666543 0.12041030682548053 0.05934310730965051 0.0641845229942947 0.00017751043213106048 0.018632904220556547 0.1265124369099521 0.027890596083839002 0.004559460818212401 0.05363565700903245 0.08347788221531577 0.001742133336076333 0.0644337329906804 0.10581982771866198 0.15868524820307234 0.07359927054258122 0.050308580032776606 0.05690104632643077 0.059378238771070374 0.0672044683632677 0.10906151296869555 0.12000274235882853 0.0238965521718669 0.17266628494548344 0.15876882169354156 0.14431633843060784 0.14618867347450568 0.08750550333694904 0.05793293390153494 0.10307742134261931 0.021982244374687227 0.09162750344284887 0.004693761597024952 0.011070430407765907 0.08628367751447154 0.23155046003438048 0.16215425316100174 0.029829207193807588 0.05870835261613728 0.05285160946496445 0.02250530682673699 0.04830493369795953 0.11933830926096155 0.10537183288344432 0.112772147548765 0.03690555263766031 0.12803612452421712 0.10522955485395374 0.07609256507173928 0.047132248739379184 0.01818573067338462 0.0181570969050504 0.05143247701013041 0.033259768067408824 0.04094868117491557 0.1465811928383005 0.004990119035922113 0.07604574036003636 0.021067286169364475 0.025120245031858418 0.06616836681255123 0.06166694822354114 0.06966892514783035 0.024749284750532823 0.08163584882153552 0.009075741032040945 0.010642323533959924 0.012879659973741403 0.07024274861149307 0.023642017555049334 0.015665317805966524 0.033085641586273175 0.06009473329312439 0.04626560891580673 0.0771459526820788 0.03657049590768836 0.031312715837677446 0.006560844799475155 0.040401133269799605 0.0032447082742799956 0.06217217040571787 0.0645007255831008 0.033402877452230265 0.021488278449358824 0.003310054979527507
0.14440745761203042 0.1733230025093823 0.15611934848003117 0.1516108521758646 0.11959175921709515 0.16064239710986905 0.1181734751340024 0.1379809248127836 0.252650458514895 0.16171229555370586 0.007041497698671145 0.19395420395486043 0.15692400229294595 0.06754113045446987 0.00682477910509759 0.14519949482486502 0.003312979512314039 0.00519400736988383 0.1739783344049379 0.06609122866982929 0.12132322407193526 0.03482357058785448 0.1364365276758873 0.15666325877720766 0.1559541023280951 0.08853996711893697 0.17303676009741004 0.0011094299776255269 0.1376479504823197 0.008897680127612339 0.10122401974200941 0.05233141295699108 0.008412831729630307 0.0607201997647502 0.023514719626428964 0.09971333067306627 0.33449760559905134 0.13965484351986446 0.155862008678966 0.15411044440616936 0.2957652677867978 0.10831115857043945 0.20281498765915776 0.05828070012030378 3.33701537426472e-05 0.005215329927902793 0.0113793287987028 0.11340840257046493 0.03621495173371949 0.13714964584557393 0.18200627240974784 0.1350664485089662 0.2809268893474852 0.04785917220902895 0.14494595871654317 0.04781247300798219 0.14226930505972735 0.13435249301099805 0.18199466711126122 0.30391159249423844 0.08490064762202128 0.2118146565512175 0.15340194462022994 0.03781869074601121 0.019975939889110592 0.025994415930658196 0.04030982273947763 0.02229553485475165 0.043468209715803195 0.11512699759137095 0.061063400146227645 0.13038846107348465 0.02334177293539979 0.06816568288693267 0.17361629542318596 0.03475210997621279 0.015546050816747682 0.0132173455620158 0.026208721852623885 0.06657261212356987 0.06205657356492504 0.021561156641917486 0.0711330109659325 0.11563352872679229 0.06429633198952654 0.09198005931078578 0.040009547106412933 0.07032115319122761 0.03388406765176981 0.11292063760027606 0.07556508374044203 0.02026296364999079 0.0517313762244069 0.06901376543517743 0.010801859144985292 0.09028395252276232 0.15969591819940085 0.002543371948027053 NaN 0.44963317719812707 0.22404365682515834 0.24565322959653516 0.1392964008141487 0.28954159025575765 0.27204427460792 0.19459722845887112 0.040119221355059465 0.23500070466977385 0.11207211690934461 0.05932523262945195 0.16115550712944957 0.01726136703741483 0.1614265967272449 0.20574454810072842 0.14824060707002376 0.08433514875492899 0.03703422276836593 0.03309751094968072 0.05188767859951252 0.012385985220858362 0.1488312303861031 0.027165336172461266 0.04314440721094115 0.23512495657153226 0.07423653097242361 0.020352861336582494 0.029324195012381617 0.017661726350679325 0.07169390868420386 0.03321003299260766 0.13399310008307375 0.02179306221449205 0.006631175140191731 0.005274413994248685 0.02978107818332357 0.0007040287495299896 0.0758950264468628 0.02998047518333432 0.005643837131492686 0.19357831935910905 0.14623565504870062 0.12122796460105169 0.10498334010517138 0.11958016117449681 0.04316059473572877 0.026753609417061685 0.2810965185221192 0.1643267577487475 0.08908161311270991 0.023207885836610213 0.01781730327035719 0.05693353464085918 0.17216330485875703 0.06091380008881049 0.03871878754271516 0.15018465097918918 0.017581362307549663 0.07792129607360694 0.14456481543849803 0.09420412199726164 0.0002483564673482015 0.07805752061718338 0.029445595671591943 0.03868333785742565 0.024378072060784246 0.0599515550257957 0.13162719298646014 0.2050403485029359 0.1616085137921577 0.06821912241655803 0.04221345896831317 0.13355826107162605 0.18389246430754827 0.2930985729641463 0.16286389458817624 0.02534315407477682 0.04627396563630202 0.047608189122888854 0.1392199685324684 0.16564481112664162 0.12183140114160136 0.1194998325545971 0.2104060608060235 0.0666194739936231 0.09822580596712867 0.12282058453601437 0.032506069557349505 0.31150111069242425 0.25657791356462617 0.12840001542750387 0.02018601251448922 0.13540307655244402 0.04400180055570289 0.010330633620171564 0.020482446547907606 0.0600059452560966 0.02581585572562393 0.07303442918506427 0.09419278823008939 0.03517344184292709 0.12755513698706206 0.02015489173531134 0.14447773796861688 0.09754652330975401 0.04182810575453188 0.17934315545618584 0.12521474422291126 0.21299753161182292 0.10465166948256567 0.007431464184708975 0.09240671176464356 0.039587955594662966 0.028330225159816015 0.037358005721148745 0.058264766485174355 0.13301661517505706 0.1699994738151576 0.11932671708521378 0.11651279110428554 0.11475519712321407 0.18080723292263334 0.11198273018173507 0.0825411898350147 0.04505725804909586 0.03652720612544694 0.052115955373044455 0.09166224429153205 0.1249813000775855 0.016250778425067062 0.11404478835645641 0.19640848756722207 0.17183184131064713 0.3373021910683721 0.016609575270238368 0.17147919735962222 0.10777973041958244 0.017254403907076835 0.0022353382745185853 0.2113825574292042 0.1819075783654827 0.012589091594248506 0.01851218994907583 0.04907767541437044 0.0569547519989102 0.017321396332564028 0.08810442659306097 0.08794732288009566 0.025297120809796403 0.06891315505751083 0.10065913167668146 0.09353641719412084 0.030381462232420692 0.039461708841916354 0.022849428168425705 0.12547234626507492 0.1053409141123909 0.05871176364234844 0.02960538401359846 0.0793755006963988 0.08344451292268769 0.04387372380468308 0.1258187757826004 0.002345351942348723 0.11245440196526929 0.046301307484085195 0.008046057190615139 0.013823836526868522 0.0310099352239314 0.040933348941838484 0.09601974421079094 0.0869300545090701 0.03710879999369447 0.051062669888094984 0.07433102105119972 0.07041372049596874 0.008587571118276386 0.03967533491487228 0.05220973900620853 0.41109485636287374 0.2208293466778381 0.21043042486628627 0.2465226351838491 0.12578590738673293 0.25090188834795235 0.25639037850617724 0.18549327886217284 0.1573693466494881 0.15641927710620632 0.10270741493924652 0.05168620708015259 0.090828663557472 0.03221603006310514 0.2495130093132886 0.19111628300588465 0.034134310734188655 0.16309271260369976 0.08269096031965056 0.04103766684578701 0.07626946375306065 0.07511828848552461 0.1305437405430277 0.008515240491736112 0.01712569279505086 0.27099411610984586 0.012534578140644688 0.04838074202191891 0.024179293697576903 0.09775785778317245 0.08420660341910538 0.06570366159090034 0.09462147737115456 0.06887398587915623 0.08886552477510447 0.04380549090982894 0.0760281742531277 0.11984780697827896 0.08007554852899876 0.1302237496892609 0.01561586518788805 0.05325818716096365 0.040372691075661056 0.10747210033756954 0.014436309214751208 0.013930531362739324 0.03818432676420181 0.10842412272409249 0.22034256214338743 0.09294719844814214 0.025540611890708203 0.0987641250231986 0.030698803246180264 0.039431633080851326 0.030070045115756207 0.1534390087705221 0.07316758051442307 0.14440706730048805 0.037452243215730416 0.06005229822922797 0.021309302308504453 0.028498970990503216 0.11873160084720391 0.0587683683605931 0.005159039772050006 0.027847158147388442 0.04488929123781409 0.04528594730700346 0.19558235605985858 0.17854617194830993 0.12790764198649665 0.021815522808768337 0.004659538940626566 0.16731408492052727 0.11510462762050638 0.24706522585320653 0.1560614748023697 0.11573119713232514 0.0023824877720121703 0.03272521923090041 0.15136857333946618 0.11087498653278906 0.2329073950263938 0.02569135240199 0.07231593713204212 0.04735040781010864 0.09132042141451982 0.07956471731563611 0.0850394591016895 0.06885192460296365 0.04104009594106343 0.00863953877389103 0.2752204771643331 0.037975838080594494 0.06383045408304 0.04527066428911052 0.06007663708882347 0.03895096194034068 0.11446743367903353 0.0016347871068789139 0.03309478539598596
0.0010028550344856556 0.25199237911652317 0.23774358119980907 0.0775292817585247 0.08168055871111583 0.20732435442133998 0.17941643152954095 0.3407100248563707 0.4101875347795499 0.04806382401319688 0.09777596037921897 0.10331175985700107 0.07556941706319678 0.007533186504641707 0.1041699640842906 0.13407046803654807 0.10713181760764352 0.13949036884536264 0.18892597161210511 0.09227922004006323 0.2603555989391504 0.08168539892721227 0.26063091303507785 0.051360675870740384 0.08942921151185809 0.13359153888712755 0.1564197545207896 0.10411210667878999 0.1347487307910137 0.051909840157276725 0.14196830441538932 0.015225536379349312 0.007768612508435384 0.013784083029527359 0.02092357645588611 0.20790057449217572 0.2619864732049691 0.06945986566135104 0.2021988768220699 0.22744193682396768 0.2334589872964624 0.08376321722130997 0.1250068686498409 0.0041046000359436525 0.05570633427743781 0.01580922514584668 0.1516384084131457 0.19894677043576214 0.09037067088184587 0.06354887026862942 0.38733125690489784 0.28675871570261 0.4319417080444708 0.09927999402943218 0.2002343667893787 0.127477941088304 0.14531897884812223 0.05628834102781795 0.10907739637683062 0.14840317322285512 0.04457228850748194 0.1483887235820916 0.1402494089170748 0.018090979118865168 0.019722844453803703 0.13255759033655923 0.032770701544746365 0.09611465436438145 0.03714028979385514 0.05139294542226296 0.03519172554457677 0.13966487805414635 0.06984610381740128 0.06157230730370771 0.10255509384347711 0.011112988033249322 0.05518356823820042 0.059910986860655845 0.06465185866853893 0.01863071771520964 0.0886998379783674 0.025433580542163773 0.08595961539374387 0.004614341398572014 0.02443788217284998 0.09110266103067662 0.018091695256252895 0.09206790977169178 0.08187023309798648 0.11777744461514016 0.02734327327193901 0.03998723816291683 0.06362313219029384 0.09451517083559563 0.07240628542248306 0.13916666775661896 0.15740798252308869 0.01175970404691449 0.44963317719812707 NaN 0.27700437074178413 0.2019190421773834 0.08739806473464595 0.31064663478269716 0.24979188995499055 0.21766443565141838 0.08916449101506624 0.09446636318800528 0.07979270334425867 0.06359143579259048 0.0678923896833282 0.00014815871955446187 0.11843272272407399 0.16706236281980888 0.2415507224966602 0.0541004378251021 0.09337947039279246 0.0024512923342506947 0.01370458880304435 0.013606595771942316 0.1320475594535607 0.02288170434819049 0.07671559298270618 0.1518906404195593 0.010879007087971586 0.02210382476618396 0.004670515484999543 0.039890686734636575 0.035655306531559 0.04730512512836314 0.11162066571345967 0.08070748526003158 0.052749787737335324 0.010496002514567976 0.026194772908007577 0.014400335234241527 0.04155625643361846 0.10013978616569649 0.025876638953552775 0.24798046973179347 0.2119965933074733 0.14072354155879932 0.08489417357450467 0.12290239178132023 0.09586876433174414 0.09356354866651263 0.2806833343231903 0.028815148345165943 0.014467425263882826 0.06524393725067089 0.07898119704718319 0.07529762892614551 0.23235016790304303 0.09727628424053408 0.004560067587431215 0.2417315316778436 0.1820828496066157 0.15536433041161743 0.23263740502663618 0.13080096469966349 0.037531302232900965 0.13443390444624237 0.14541613687212818 0.03642721845793821 0.040314793823860974 0.001087331905260994 0.08489168572270055 0.23139177384646484 0.07297307400261666 0.15652518837081053 0.047825114671525296 0.1335376439215509 0.10505205535192504 0.21734324629669535 0.2404822384392624 0.0014606763215297437 0.07453432701705535 0.06520023899006121 0.02081167360976586 0.04261584724269204 0.012960114136370365 0.19736915196831759 0.23665830229965173 0.052722236808325953 0.0007577525962825495 0.08979870791530901 0.03244230000948382 0.42046814218786144 0.43081709684408714 0.15819211047173992 0.08809127228939483 0.0867653865382369 0.04115479826572176 0.08744841047019797 0.12722947308192567 0.1357064432227999 0.06199158254725942 0.06127527657461353 0.10738531402451448 0.09829314973863433 0.20911262243305606 0.08214971512319685 0.21148277031780646 0.024962243957428503 0.12913118357399547 0.23330367967826304 0.12064165268665601 0.10994013826334295 0.12431622383056608 0.01406729036074355 0.2189055727106781 0.11455552284326856 0.0045036485051781275 0.054901751484314344 0.0024189625671473215 0.21529226223394393 0.14169950828376868 0.025978086249754163 0.14107295029501604 0.21311910544631785 0.18059298555111344 0.12714374515539928 0.07055724780591527 0.03976414112560506 0.023978116431705207 0.008716810443317732 0.0613522008778685 0.16866353131452977 0.07917126041569537 0.09069856750180294 0.407264342411339 0.28249025562581714 0.41328083533576176 0.15529158114905334 0.207677951137723 0.16671520468575052 0.0018863135931077562 0.07711005786505899 0.0961952065201704 0.09096952196894227 0.08428902833307933 0.022226510619834352 0.0360935486908581 0.09286770562150734 0.01585420923832943 0.013087288562945337 0.07599255895427777 0.07642519859348806 0.13301268069513758 0.14146990796337885 0.036685268440842835 0.04139471422919635 0.015227696234273723 0.0001771016874336358 0.08188707020960276 0.10229776606383152 0.039584491453959134 0.05259906469917266 0.08385023791757265 0.002624856234942288 0.017552517469695328 0.0955299325000249 0.03408883586936126 0.06799071688502592 0.026618531632770986 0.11754769177768307 0.004553605736028714 0.10668525878416944 0.13518999772740525 0.23518061742634472 0.10230073516036585 0.022422389871683962 0.06313451945702939 0.08210979035378546 0.020128874899566822 0.059613640926266837 0.04747464828927017 0.040654647307825045 0.3729392811083249 0.25552319348390473 0.27564739859854986 0.2515683445884272 0.10527416241349502 0.1648848083881879 0.26839532178598635 0.17903631983859472 0.13493993681210478 0.1438545346217318 0.057334532231737456 0.02117368458043755 0.07414330094788447 0.02482150639337548 0.19539762195069788 0.11549657368906244 0.035094550888608494 0.061130650172523164 0.00502302074964743 0.048943760051058965 0.10189278197549276 0.028492833935028716 0.08080334601455381 0.07579348296807048 0.047169139353791696 0.23052558453542654 0.03166380653922736 0.05341430994114603 0.09692684015527683 0.08348659427587654 0.029346081906452933 0.11751829075658707 0.14931531021312353 0.08776479158451848 0.0019654229838834726 0.049703991903075354 0.0008554558404049456 0.02609668981967916 0.03851595838717564 0.05793760618779606 0.05591012443412305 0.027084863270491494 0.06461217652492783 0.08335383080586407 0.03303996609981353 0.07043849051420926 0.020617879709297553 0.17059596748441 0.24893736125871008 0.18627823734376212 0.09708036434373712 0.06427202888996343 0.0585128094517255 0.03304039357728703 0.15768428265546744 0.17088927693042788 0.0864914975319142 0.12446959219097352 0.11558790793191268 0.1689121767196339 0.1336516349927643 0.04215994619985256 0.1262191356851702 0.06090083665064307 0.01093113960985013 0.01899388419258879 0.039826423642436035 0.062023004832446896 0.11992047827293419 0.10911245787249237 0.05163450691935939 0.11641554861072526 0.029344755052480225 0.15026002620841775 0.12674207012869548 0.1741656922331077 0.22305968634425713 0.08447377324678847 0.13677753085648253 0.0009420862747234722 0.04358651083907507 0.0253563851243087 0.3091009227561589 0.018979928738694515 0.10844783148831824 0.00894046055320981 0.01917365231040139 0.13811720391586016 0.006614899409357042 0.020739739503594996 0.026775622900931773 0.027879310790364407 0.31311837300074175 0.08641487198228509 0.12035763875437075 0.12819674787672908 0.04799354466107894 0.016855725403100673 0.10694915950064177 0.09624640582270218 0.007352564974663502
0.08020438438426566 0.10461380218800818 0.07382209447390128 0.014215241401630328 0.0213683467475703 0.05871050198377937 0.02707880328798542 0.1727574186971847 0.2469689574388372 0.020979429766287166 0.042010052292608485 0.014267455633177642 0.011032790780572108 0.006964754326510411 0.02992646106922415 0.05533962978661205 0.014893141396345106 0.10133626894120216 0.01654422437199921 0.007769085258597028 0.1018024947389126 0.0696634359312658 0.1417854286308381 0.05183533223136576 0.01382056358996075 0.11996242524490662 0.011303256437971775 0.01930890877505661 0.09841172587983024 0.08785746113719847 0.09685019892315011 0.059295125168034694 0.04328027529508792 0.0363374537067975 0.020848709545603986 0.07833725147412356 0.16521074894050589 0.017751133417221874 0.14717901477397144 0.15377936684711707 0.11726412043594071 0.16980576022980323 0.10845399000638047 0.019283836807919612 0.0422001134680372 0.0033555876380135384 0.17003741819231022 0.08307491127113693 0.08227487559529968 0.0528528948882869 0.2044060285366915 0.23911926017064553 0.2111122530016533 0.15441799347872914 0.15045003453052422 0.12530057854452825 0.1116391343770118 0.05297138999780598 0.02584133883804948 0.012253416256060329 0.017403834040605363 0.02055901739335704 0.06058077697635792 0.06434722360760255 0.02757447472512917 0.105817904185056 0.04779785450034185 0.15032515226130252 0.044788472752965 0.03262288209723016 0.03248527708220972 0.10050951117130216 0.12573800177128985 0.034433635924876964 0.05569083971445739 0.05704755668709716 0.051844662635987235 0.025697037637829226 0.0604427313643673 0.009514167081947647 0.0499638467954692 0.11967733402779947 0.0980247504417359 0.06373218515362428 0.022116125297883236 0.07974521235310557 0.03477875684781671 0.031516124255290136 0.015149533514630253 0.03774109084315215 0.03178201218896506 0.026161285573314416 0.014533940444364506 0.03558645287511414 0.10234724137778578 0.07050866706035051 0.13835645854231876 0.011752532117332973 0.22404365682515834 0.27700437074178413 NaN 0.27606040407391375 0.11965257037325461 0.12128940611466944 0.21563280234503845 0.11612617038842013 0.08229986820030465 0.0402629459417745 0.024322601470080474 0.014317319945083878 0.06824261739354823 0.0561978098436251 0.09873450667420725 0.09625452969791909 0.1219400322659996 0.12351305339732652 0.14318807692201216 0.036436991274243206 0.03897057716038758 0.024651206042517228 0.03445499421502262 0.0903871311921087 0.04388849403404794 0.07716697903093317 0.052193698842204275 0.04147624337868368 0.014744840933394185 0.0030578599729329174 0.05149576488124064 0.03471932558689908 0.0006455640811514796 0.09914931927953057 0.07783994573947428 0.01955210777600396 0.05189403835984479 0.018822029120709044 0.024050783487453136 0.020739922540265292 0.009446420066306173 0.0563882397983062 0.09370242969164855 0.05205026783383965 0.011702675903182807 0.10534821318834116 0.1712653004726992 0.07795095783280835 0.18019925356069788 0.045201262461748284 0.02149827727411573 0.07288308160983532 0.16657705890705166 0.035522713811051244 0.07817205820541774 0.060338815025870865 0.004625392147087969 0.11607435898749777 0.10596333707086829 0.008569311420486805 0.10322797824122115 0.06136896454051909 0.036414913283408866 0.0801251063793932 0.024447673346397327 0.06270877562751699 0.04188692867768175 0.012872222238997075 0.05471098664108571 0.13470461019370056 0.031566717571945103 0.04744459875979823 0.0398921222289203 0.06206594289432682 0.044648018960686715 0.10117314173226262 0.10281709283601301 0.07156769522437408 0.07993043695305493 0.024896129069652755 0.04448156994749965 0.03481253936308802 0.06998598569150884 0.13306210971597834 0.0624648788634381 0.06705945702140409 0.05100991640123663 0.01799750622462493 0.0007580504912769407 0.22908556533111116 0.23451529272402052 0.015609093331995288 0.04447429431812173 0.008327472709383147 0.011280767873878718 0.02158158131753477 0.06032925823714873 0.03041584129224929 0.024363897202071435 0.045025384270783855 0.001002751862819559 0.007592379388673392 0.04423921561337832 0.036790181460722174 0.16696904438243093 0.05975490409062326 0.0180460019759745 0.07676103774781087 0.021267276097180952 0.04170477683174416 0.1252304825080421 0.11224453682044616 0.09717091005159878 0.00985258584849438 0.09279365110391373 0.10728960801210805 0.0622864900463525 0.1405721882027919 0.09167420955405663 0.009840945522302472 0.08928729518054358 0.1018511826123584 0.09178880035426579 0.15585190528769077 0.047978839942251605 0.03653777149349871 0.03239044773022675 0.04333124256044524 0.11933252933016299 0.10311635439961084 0.13553669146084507 0.003537625433105024 0.227595192982206 0.20209803417675332 0.2345156353468073 0.08442179819609937 0.12606146660791986 0.11760394074236043 0.07526331392172891 0.029956846276046726 0.04175725547940767 0.045417255375966366 0.020429819533943003 0.02746086031897931 0.022067596969273125 0.02786871595174579 0.03263726839604406 0.015932733802382276 0.010594461734843614 0.09463549768365474 0.04981876443472462 0.0626439804870597 0.06569201673766044 0.062446156370880294 0.04354681680879638 0.011319310608309213 0.016369971146035965 0.009282256829262476 0.05604613031039505 0.014895234627569164 0.037469291670679715 0.0798014173428901 0.0005213586416034141 0.06656745815336566 0.051621185090005066 0.01028788442111875 0.001696417282178034 0.05606164091357178 0.06028257631342049 0.02948048880013666 0.06192208608126386 0.12290119293269121 0.04632453890909862 0.07956777354869757 0.0157794467980732 0.03676384864478775 0.005521621988918278 0.05110798979165692 0.01785545976224748 0.01736332066888247 0.181011875411632 0.15375251578166318 0.1830009585389375 0.1680589482549263 0.051258303299734194 0.034115172068134324 0.21004454039166318 0.08610959536758073 0.05194369423449309 0.09614283031297309 0.045737761494284115 0.008350615520312419 0.02140271882129238 0.0036405907817275976 0.17539283327968633 0.05730941061311803 0.10279643828084147 0.08426028967255399 0.04312517930635956 0.025072065924906944 0.02834666522860694 0.01751445229150627 0.03398268998533589 0.06316275293247231 0.016150205148213945 0.1738887679122014 0.046825632975913085 0.04593095565875399 0.0017913848533517385 0.0392179968089367 0.011090163131523834 0.009406520219984258 0.06833091682985427 0.019157679203389514 0.01727407224225782 0.07532482926716473 0.0388652246169569 0.0037440828141319287 0.026586082736078178 0.0029951325108946427 0.0460479011172531 0.009675983998703222 0.05681376807759835 0.019984342821485066 0.08348990438080175 0.008357203280599199 0.04555108478132065 0.07508905522514607 0.1603246144237033 0.0990714790170908 0.05016365594758629 0.006227559442589332 0.12927675807947975 0.009373955717094871 0.06274142297768766 0.06145095846439505 0.02242696468357028 0.08346917489479784 0.07847768130213312 0.034436268262235024 0.054417835116376476 0.06041346423522238 0.02402386175422646 0.0032815928688905197 0.007243880921696472 0.008392758502410941 0.08219304038096877 0.10422492722113695 0.0016269726965525797 0.0688151762609526 0.06306911756552644 0.09323114287766454 0.04230965802673786 0.12058663176847775 0.015580860592377715 0.046110237623280544 0.1768517923706732 0.03758702586296013 0.044182847898127535 0.020366067620560157 0.029648011292278974 0.060026005578281416 0.08823043127127668 0.003101620484444807 0.0465860267082993 0.05498464228606223 0.003191436813219229 0.06085240843599685 0.017951595747689047 0.08997834689966276 0.0019494042630098197 0.02158140345141389 0.09456413067280704 0.030100355158938573 0.059222998228932136 0.07710528850395522 0.02755037060396142 0.031178279229439946 0.09045103428264281 0.07386859926707035 0.02635729062911056
0.22297588240708732 0.13557156578062818 0.21006838812040435 0.2354375603455278 0.21589820660620843 0.1900694740663045 0.12969211360533822 0.12707918088028358 0.2405691311336163 0.2185456727483794 0.04803126040405448 0.13698151866803612 0.20132966243462447 0.1473366648934203 0.08623871124743865 0.10528012089552613 0.024436562293000987 0.02054311932873811 0.17766950466246698 0.11959111075236831 0.17268093808141471 0.0015912666322176932 0.08807868174242899 0.1534396896376918 0.05427078864607631 0.10469335309532737 0.15823447981982436 0.0911583539113898 0.15281165892560497 0.13887900540682185 0.06641410580335211 0.10032053274006464 0.164836143042441 0.04986904084912781 0.09326200327729521 0.11152283035291384 0.253000061868232 0.14789072098585945 0.15405280653980544 0.06319664091109271 0.11690223119274618 0.13563611246840454 0.05766749056761238 0.05987055041857583 0.02105484249544296 0.00945898773168818 0.07495046895649804 0.16637098351163632 0.041396657847741714 0.16561266753993428 0.10393827386651154 0.10977852229636435 0.25882822042085263 0.04381687936829822 0.04273653547141329 0.016631715476495442 0.08203706831909914 0.008492117480221793 0.1469705352430303 0.15890284876167762 0.1256398589635474 0.0697684163271347 0.022571995115289813 0.008687543128635183 0.0029470753663478565 0.13288448608213307 0.06678252059266944 0.004691880677586201 0.06088585554165367 0.1344003731337239 0.06639807370863567 0.10485484103292794 0.060444963318371736 0.01508860137182918 0.14252643699288892 0.016058471920258402 0.1298089577141008 0.06032209327563879 0.0006959364520516747 0.06401039423863673 0.0169756096641894 0.014257666383186525 0.10374842162681343 0.02360319357516586 0.07558743935051351 0.025505075959319577 0.04151646668650416 0.003360405619661906 0.038433849195222136 0.06921091577855543 0.014640636208475177 0.013361537642167123 0.03527278431270276 0.07620805136523338 0.030743732188136426 0.009761807689884888 0.14160238606138228 0.03243203621293027 0.24565322959653516 0.2019190421773834 0.27606040407391375 NaN 0.11476854103012177 0.30985397758261085 0.2593082450407139 0.09040016867112624 0.03528839021798268 0.05931186985958759 0.010946536321430198 0.06468932710023069 0.001833117774015787 0.0709565571568005 0.08456219123260755 0.11366918679506115 0.04086632569215048 0.05858940731463603 0.014520410556497897 0.025340566394203012 0.026000778417320382 0.059728089271491494 0.15875803964392116 0.05473335591958729 0.12208241290692681 0.11334626628605296 0.17068364541042919 0.053790292821017306 0.007221182542150416 0.022671604499062397 0.10081113655673539 0.08225993839050295 0.2166685288617245 0.010276939055070301 0.04965685609597949 0.00999786636599257 0.04902447126707373 0.09244084730186683 0.012958318736890774 0.07932602615168945 0.008678770571042972 0.2264925442429598 0.09157457032111313 0.08569863009453423 0.14127015159938777 0.10862781255725376 0.10592253619878823 0.07769282583079506 0.23346460289138612 0.064928717376841 0.11347106365442813 0.08632693164216533 0.1877216671752885 0.04876618764101981 0.1525392844029656 0.020376278722739966 0.09620314669919704 0.1210320670670729 0.03308911664969686 0.062367852590214184 0.11549563645422145 0.06070427212133747 0.14099116883553423 0.14205070320287058 0.018657605488297552 0.008025675209416355 0.00953441473132857 0.0805086012518277 0.06326625635993839 0.20763979064382926 0.10956389207675143 0.14621458511236463 0.05628580621509993 0.16306199907828772 0.13088935490183143 0.25407650095637463 0.1266898749636354 0.023006635153807794 0.09256999156130352 0.041206688592180594 0.09100050954149838 0.10498744377018351 0.22727172873307247 0.21425404053322927 0.18809056499090335 0.1687642601887351 0.1644220634349098 0.13964562801587685 0.055665369371187275 0.2001104213129307 0.2770573638963692 0.17626131515826074 0.03606778246608058 0.1171167233750116 0.19343918872045046 0.13053667671563024 0.07496477583044561 0.11389122805676904 0.023326476763387425 0.043082454520689296 0.15079616051737535 0.03559190784961987 0.13811340364359787 0.004408230113015851 0.19224484992057056 0.19313407843841965 0.04956424568912079 0.17037642301358383 0.17906959055025068 0.15487659552105257 0.06839055493944207 0.0749732979262957 0.18605336907751843 0.013400373253471704 0.11534766354158058 0.011167172033842711 0.10105175757010357 0.2078356717767365 0.1840553952417749 0.1155866526810784 0.106568932465626 0.05036898860725896 0.13789501892440137 0.1274707334149225 0.00750647110415214 0.042293751262443356 0.0680010736364305 0.01767791167307645 0.022961111231018093 0.1548789511531314 0.0855102264947228 0.09810847523969965 0.17457262135201276 0.17878900301033113 0.28261173485889046 0.05968807727045711 0.10444821543748098 0.07533960647996248 0.039862387743403414 0.033005161348498964 0.18941240291995706 0.20489424239237064 0.029694892859780803 0.019959167466586714 0.0279869698494712 0.021567212579074548 0.026590262564897615 0.010786959077648995 0.02777727328873185 0.04733519775319239 0.12762523655790176 0.1939498840801103 0.007758721678071324 0.020733639769971342 0.02499951558137758 0.021356739785364346 0.11822852796636862 0.07801148700264751 0.03233696493626776 0.054834645678205125 0.04747685114700755 0.03588504660133587 0.04010393471825446 0.10027602243448723 0.01567917314944705 0.06537499469123442 0.14081606309990663 0.04024109741842608 0.08488951604321049 0.011807802271278759 0.06202127291662228 0.15271877261012215 0.07085970939244467 0.04277179366417116 0.023696713460499504 0.004563723325110294 0.062055430174392405 0.013574776473617546 0.0028679213906727197 0.09090572242476916 0.23699802382525587 0.15519471406871285 0.19222981101780184 0.21858227148152098 0.18468229676153333 0.2349089186432783 0.31135106155032544 0.10638581396556794 0.2015347092979373 0.11213776299750142 0.05573138971883371 0.05302738294042665 0.012658001865163644 0.003438722088892141 0.10705736781891058 0.09262173105294404 0.04113588574779287 0.028008198344225077 0.012654078272821077 0.0006420558758292251 0.022421838342631954 5.7722116809805535e-05 0.21241887685657138 0.06586385309876555 0.012232103671005409 0.21728732008581064 0.04072507466667091 0.03662151487514639 0.010553658684254837 0.08130134035650671 0.07614954691698934 0.008937889424258584 0.11817670570837431 0.055615058846752045 0.003007104223870133 0.0834624198496596 0.060230401189817234 0.08839752283244756 0.00039265792172060645 0.01799101947567599 0.008591529263344139 0.03252396307670817 0.07210350676351661 0.09367266576319012 0.05589311012644018 0.013466511002599822 0.006356438836506724 0.09968917026856101 0.1940366235995178 0.04584003443500529 0.004335261625453501 0.04567839139481227 0.10135007039565798 0.05197649218479468 0.09746910954010404 0.0933496200015219 0.05483755476407455 0.11001830194990585 0.08784044697717552 0.04556894541524441 0.1191022655023901 0.025445664378341504 0.03217480020157999 0.07781706911152128 0.04141497615498332 0.03440220993250302 0.030076151195804274 0.03381581352081287 0.10850255084742699 0.13221161808298001 0.03880976658623166 0.16344053549495585 0.04599760576379884 0.13494219849385317 0.180603252127859 0.1884505592518036 0.03515388379545632 0.08760176559918796 0.04097963908278289 0.06917147454979461 0.08616529762841495 0.08982936740902625 0.04138639098095012 0.13151128910224077 0.05781513461081943 0.058687531513023694 0.0289358130809088 0.03909706189838585 0.06505629813571916 0.10147647031428508 0.017205689351074645 0.06808496453143918 0.00035368269411947497 0.11026177738956407 0.00490138492142196 0.029113125496149753 0.0022554991353607354 0.028645688085204186 0.11798809520598753 0.060120463473060055 0.08558037452852717
0.17703596467128202 0.09323339474857535 0.006088932747618668 0.12678817860584268 0.07422349820373234 0.015310424047799354 0.06024374793177809 0.08288599128363595 0.02597949384725778 0.1792621744486686 0.1057868204431622 0.19339655491803248 0.11318731535155853 0.18331737058782535 0.18963375211270228 0.014692960617978687 0.01895309283546248 0.16035532515682724 0.046022176626305686 0.006404013849898665 0.07641285324802041 0.13486409353100076 0.13220242497357748 0.21674110758138931 0.018555694831617477 0.11099761523108591 0.07952457114451475 0.003911942426214488 0.11047214764737302 0.00695905166889506 0.033595764455109096 0.003771474172083228 0.11540586306745201 0.011250366618443176 0.08555041272215523 0.003114544014649869 0.1161550372259263 0.172711581817569 0.04553926196970902 0.12659268975696725 0.07967399983597272 0.09446537544160097 0.1242144105726084 0.09464821089014575 0.06943784415542173 0.03443667323468924 0.06414490951805538 0.04333219376714155 0.011071017043015488 0.052529945955252455 0.09506226997787494 0.02548866302834115 0.03253646015542552 0.04484565626250254 0.00470287593967392 0.0780121268973994 0.023651756517751848 0.06993905478766647 0.15683288993010477 0.12530292004122764 0.03989008957776309 0.009322515622664626 0.04298693189717179 0.02375074765189197 0.046074046561703406 0.13749051491851422 0.041504209511156936 0.08178016774426564 0.15706113160684232 0.14747714057245886 0.11605848393298053 0.21783914970574503 0.027232739121144822 0.013846311698901508 0.14661870433845486 0.08490401082357973 0.08979309726948614 0.08757452838895434 0.02537938260077153 0.024929431860024005 0.07082232361917684 0.07857336852160325 0.003053187131663382 0.08578775125741167 0.10867248254214773 0.06288862047494008 0.0006780154250114428 0.04331973290021145 0.0018298208663435954 0.0018899092504362633 0.029532349729940642 0.07334720139013975 0.004228707108511539 0.08492105976594558 0.01010981138358913 0.05035621823897325 0.07026872034750767 0.03455164317132496 0.1392964008141487 0.08739806473464595 0.11965257037325461 0.11476854103012177 NaN 0.1484105421734044 0.20012470280864222 0.03550085149922169 0.12414806878199684 0.04804424284921786 0.06022810484347227 0.016903469759109793 0.03248809463721512 0.010214578345606176 0.1055446927018542 0.09009295712054298 0.03909963609268399 0.1310355366501718 0.032055948984369455 0.040446109528242395 0.015327899090246743 0.1317483292795281 0.04539285081052024 0.035977287805368734 0.14256516436508157 0.10101386635783187 0.1862011554088734 0.055004215886949946 0.03714982043586937 0.079936407706687 0.1667985958530493 0.04515863761556454 0.15403953182167826 0.13879823623902063 0.07341313480859787 0.011179316782921698 0.0800370861233682 0.07770587491652205 0.06673174943542029 0.16207394395249022 0.1382447678693422 0.021546846126501932 0.08265279175231445 0.05548484559028646 0.13436345449282866 0.04918067558082254 0.09960389558127629 0.006267206645814345 0.13535264220973758 0.2047442135211488 0.08848865117452956 0.07604437773677082 0.06132664926444835 0.07817974328692609 0.010220221888969549 0.017076642014811853 0.024260171543160212 0.10270478979329263 0.13464920465926847 0.009184629961604471 0.046483800749385254 0.022110590569075068 0.1596987424005926 0.0030908009343231027 0.0060298299465610565 0.02266915558396655 0.021541738358535664 0.10609700336765066 0.18517710172926996 0.014234819985844381 0.02834834955290385 0.06746516547652842 0.12764789079657654 0.006314042244885948 0.32386616095242576 0.20510381657745136 0.05326146205961427 0.019907851967559044 0.029282672411171773 0.10664273274254343 0.11991131697484167 0.13287493924302582 0.17543792152067034 0.044980141062132536 0.07761813131190846 0.13758585639801083 0.10498024497917065 0.04036911667636633 0.011216610041106518 0.010982168224926045 0.046321741709249575 0.09432427565607779 0.06094709313565848 0.09219479628485003 0.1150535516731525 0.13125741297120186 0.1883300210509287 0.053294405388124556 0.012608066605203793 0.11632288182944855 0.08772020283564062 0.042298914763640685 0.054545364702238044 0.09429036572139524 0.07296203275894503 0.2306251537289329 0.06617521122525201 0.15219951432144793 0.09153596893395766 0.18345252888428482 0.0790059176497502 0.050810466242774875 0.09385253334181548 0.02732668404806315 0.0683996111136089 0.02283206510200551 0.042518499108274696 0.042354896562033416 0.17242520120219312 0.22046663198119945 0.019552249148769962 0.08126007027233643 0.08461074589597295 0.1302720256010664 0.09720161463811275 0.12461182687477244 0.1434876940130777 0.13445278655102105 0.13409863944291764 0.09306704576149409 0.0005308039172304997 0.07140039879571226 0.09145076494199955 0.011030607569309448 0.024186274173886354 0.09399052170502371 0.0033875983706613817 0.013196137625343487 0.08075511194665642 0.07619592578686413 0.1849901083643833 0.15493522642941598 0.01817339218878076 0.0784848498168487 0.01982924189742202 0.004525720288907688 0.004804781866559724 0.02440365134316962 0.011087407484382746 0.05732556926266246 0.13576900269712855 0.1613178586717224 0.14207466413296174 0.06867841893027155 0.023736442234069996 0.07635486245174854 0.1562721535537626 0.11981635695209675 0.06607052471177444 0.0673640230353579 0.02145154345386168 0.020595760189611623 0.003200552977097073 0.09970307924773326 0.05418347650473133 0.22109252068310103 0.1152798341489464 0.061959415274769884 0.025974862317030025 0.005197494387573709 0.06878275171194353 0.001059927289412603 0.02027440792241405 0.12395068900179525 0.016884287895453945 0.03396444693308087 0.048063311044596324 0.05918569493155874 0.07721630175366243 0.002377272671672439 0.10346518145308499 0.003209456696004778 0.020107901703122336 0.14740496532879133 0.1603987695861048 0.19921801175243278 0.2580883512637031 0.12380236050373454 0.12225275200680265 0.04152958812112925 0.00947883956342811 0.02648970791760544 0.0800659276268024 0.039441871461114116 0.014680343444010093 0.05076705226375237 0.02426471729585211 0.049231571110318034 0.05230714353304811 0.07443273883459939 0.0034685520507531874 0.01779438009095898 0.04568844432686352 0.04298491914982767 0.05586129413297827 0.2071066675966882 0.16901395012137546 0.019746283035979303 0.0172659245720414 0.13619953678894528 0.18742768065656495 0.06384811334523756 0.06161995297505335 0.09793737262426365 0.11170728678851391 0.006848234538198423 0.10229984144226807 0.023862440272336537 0.23243528250969067 0.05332101273418283 0.11269419371013872 0.010427990057685101 0.058062635471876595 0.0058999967802671385 0.22190618792545927 0.1047640159024822 0.06376663873613832 0.1339198908617981 0.15756372456244577 0.19689369956760114 0.07760909082450289 0.1418156686286343 0.011882639388728009 0.041536855068583525 0.01288613230377236 0.07431994931028942 0.022882891827190784 0.07669027713107526 0.03646673694749995 0.02874021587587271 0.03063381761838842 0.006391389280171414 0.07083415699572335 0.0879234076270976 0.024170752287445845 0.03938439157519965 0.01630120719882121 0.022521039428413322 0.19097790776135454 0.01833827132474731 0.11384857280885766 0.0670243436869821 0.10658682808454795 0.05873644005001478 0.13531968826669555 0.1972640115454571 0.009793541086764147 0.11223578180292154 0.05205934227249633 0.08753179303111218 0.08120294497243942 0.04859512041307342 0.16030868168475204 0.17523450207558489 0.05542572679810318 0.08661011834125264 0.04944129085724108 0.1417928817798174 0.10795166792398585 0.09053221019323057 0.0025089029478173232 0.147069212406325 0.11879247388871239 0.13891849244637489 0.12305929945529016 0.11825393126730335 0.02760067576496589 0.1131688841151887 0.033963786467541196 0.006906105892221958 0.11136532465980091
0.1740944425260358 0.07146176386036564 0.14225600959329918 0.1715219047670435 0.13656270487341335 0.07500776655196115 0.036889306575926255 0.030212423724319152 0.16807735540784058 0.1699687215470844 0.0899837912157732 0.16953854623724446 0.1638105332908742 0.16578022682276178 0.10568564388559974 0.08760425430898354 0.013996383473749657 0.06655186237410245 0.14822911861093516 0.005239109540522413 0.04375968898781619 0.1284272191478239 0.018816278148353648 0.2571704106354858 0.059177631450206325 0.10884347817390022 0.13708374272164958 0.050891298253652614 0.059319547071617226 0.016328224117791112 0.16957479535270256 0.10068399716150485 0.1305899909736276 0.0042012164574564016 0.06543941830932555 0.09102754834944672 0.2771367347464554 0.14039933904601812 0.18149685016163986 0.020819002118074373 0.19780393749614164 0.13020103736912994 0.08668212323065344 0.0549681351057266 0.0011114529905449908 0.010993890429010432 0.02198752658638471 0.09637185418404202 0.05028588465342412 0.1530695195334903 0.028366001090643907 0.09413632098781596 0.18744754315754564 0.018589878387002975 0.041475551452905386 0.040464241127607055 0.011644994318511872 0.05853979228251137 0.15937904957632448 0.21126849046392057 0.040516674355306946 0.14128381982165714 0.130759759151799 0.0351765950888787 0.043130000311289746 0.08855513428905355 0.01275286048812922 0.0076988589195046 0.10395860943551753 0.17123292703852294 0.09582910798627099 0.14114195183028463 0.0241911029743131 0.015013029195300315 0.1599244519874566 0.03307841792626246 0.10749218268231456 0.03345347245495738 0.00034208718855604364 0.05319621824147355 0.04231304782079678 0.00731259065034669 0.0076441648345133865 0.02128055906276301 0.10526539371796571 0.019962121300639544 0.0384516578075979 0.052149522102065485 0.07688188945548496 0.06718151602389323 0.046600941745640126 0.04701811532111601 0.03503254948486643 0.12370193444463295 0.029702265068864985 0.03769002167325144 0.14170739948129793 0.020111637387954635 0.28954159025575765 0.31064663478269716 0.12128940611466944 0.30985397758261085 0.1484105421734044 NaN 0.37837315569841873 0.0801092099571036 0.05644493399916529 0.06460564172893458 0.05939033825770415 0.0187954925419864 0.08836390334189952 0.03194467491821841 0.08960011338332588 0.12178164166788497 0.04418472204298594 0.10548496858652348 0.0383648741888503 0.0010358840498665496 0.02451041331850908 0.0004971160244823365 0.15528167988274255 0.018209822790153127 0.11891115651226179 0.2504268396973771 0.14691266151520757 0.05428155764195119 0.012040625442394553 0.05476931373120921 0.11240703858156753 0.03686724357924791 0.1353053296764248 0.03625832020441313 0.04113908691151036 0.007616909513688117 0.021369363791529247 0.11180710064801608 0.037797970018256806 0.15014130336312678 0.09153745586153397 0.16550008985028689 0.04868735300645959 0.09427793241083418 0.12037499981157401 0.08035533736325744 0.06731604401894911 0.060778631112080934 0.2899983627675147 0.09622551451163473 0.08696169330447241 0.00019877094366598817 0.0845536719121101 0.032297208890190963 0.11301084273482428 2.090787390488124e-05 0.009294857992706546 0.010791569128998682 0.05234441695963525 0.005874806586172036 0.02490911905279016 0.07289413452449714 0.09534006905273175 0.05256719502127131 0.008973959019994055 0.03439612153504466 0.013285749637620286 0.08064036118063482 0.1378987825174501 0.15275082594983758 0.12365120885203523 0.15796967998311714 0.04314118291368972 0.07591227548024163 0.2317317723868753 0.3333974866568704 0.15381686649027568 0.04268756655990556 0.06230879571392044 0.10887032192170686 0.16268997418066794 0.1167099540473456 0.17366479174212737 0.13238187217182318 0.1333186631102794 0.12595132983152782 0.1067698544891683 0.04974790358520173 0.01939261243303611 0.16448368735581353 0.17161462406337843 0.16387420070224037 0.0025250899670488103 0.13194874685740013 0.1312483746921363 0.18260352047344156 0.1197752426020943 0.06916705400371892 0.06274532066469828 0.104371123381364 0.12203834623091392 0.017030083397860784 0.0666373856807161 0.07984883273648537 0.10038512030191456 0.21225951484295544 0.01080816254262443 0.14748191347156664 0.12732594009931228 0.17037151965742697 0.12499718534253884 0.01518260117167874 0.23654026506139994 0.039966515620886406 0.13959641363075392 0.007107851384024947 0.03947728652969594 0.17146343971941486 0.14775665877315938 0.12938550759706088 0.1109756302045794 0.02704162913567705 0.15334141955363492 0.11668953463501487 0.02714308536324362 0.13082221078423667 0.08118721903631956 0.02120217668643919 0.06945844225898867 0.1433186431702501 0.06086070340080619 0.07363185735801962 0.08254214211108181 0.15575577588697767 0.21215784619315178 0.02415498877538453 0.13146781415240205 0.01585633987692181 0.005777386022961542 0.03889009637952096 0.1566587611201206 0.1394144201819144 0.02311226811448399 0.000526994765977553 0.002322043386013244 0.03830935923876321 0.026455492300875155 0.029104513987862148 0.024521097545547994 0.04180600706279474 0.15074572000585454 0.13903529602006443 0.0817783096911243 0.004321124934640124 0.04346977956694179 0.018578858868184372 0.14202380605561704 0.09204785852914706 0.030901872244626698 0.04265311755938187 0.01238021076715184 0.04016998402680843 0.031354402825121565 0.005709255394570538 0.0294418847920955 0.11855921444411315 0.1041715873556043 0.0681645237420836 0.006121835141703672 0.032276036063920516 0.02320000601300778 0.10425981159056147 0.07990290189213169 0.061728738161439235 0.0780486963910005 0.028494699521064933 0.043554303392955025 0.012934670961524501 0.0663227509344621 0.002370072034853606 0.27799014317653914 0.13041603346481903 0.191124700676407 0.21335490824862866 0.20159846803875545 0.33474916206796396 0.36021720791962214 0.1294041327629877 0.14896283969737859 0.11090903098336634 0.07068148124449411 0.039300224939169306 0.13674276980924296 0.07724846465523046 0.11557209951061882 0.10128894799202198 0.03933841917994642 0.09284604152523679 0.0482582019919025 0.01836357116556592 0.06487589356226933 0.011591449020079816 0.06063187234632156 0.03883683678805208 0.016519410508469442 0.22161861356998316 0.06266637714147436 0.01601560350591014 0.06848555866984457 0.11674436247862675 0.1184587451161795 0.029520380969989757 0.10679191995554828 0.0704957446688593 0.04894974260101905 0.07671176838037012 0.09816512611478424 0.09585774967148022 0.04309082392727327 0.1016856599279196 0.03684684879846908 0.03630920612663182 0.00013782836077286937 0.10293034472068163 0.13237517024755976 0.051779853126467296 0.024245146958905724 0.12529878355071497 0.246261866355218 0.006941386430874122 0.022917885382469923 0.0923622660054226 0.05238516950182318 0.08423922291504249 0.02596746201575848 0.11614467016292472 0.05480213274450958 0.029699048182411196 0.012836016839465754 0.020231290559143696 0.034867203390501096 0.04393146129292094 0.0012505515878155416 0.11735655234784372 0.01178435774501622 0.026813439091686698 0.030683879199530813 0.013648817798183681 0.13326585124591103 0.1255919423752955 0.16881066992425825 0.10435367105454153 0.01489232772367004 0.12247583969355308 0.17271837684942948 0.2699247666456243 0.06883278624595351 0.058583310049492764 0.037237022966101666 0.09093021287147045 0.10262896220270817 0.14551966982128356 0.011360044912946655 0.16878765791130745 0.033723663228993186 0.04183490056871506 0.01839292265051155 0.08565228910047806 0.024524173067249085 0.02628854549248107 0.03381786734148093 0.05935124150163246 0.03051433175395394 0.08533936775049103 0.09194577390060305 0.03617391163120111 0.10020097196791217 0.03564055462018842 0.1091045842562342 0.07435529931738279 0.05244555409724604
0.10364070930903892 0.08530222716600558 0.09603301129441731 0.03909206498643851 0.01294193348770212 0.046970184299717846 0.10530057407243879 0.10337727387316677 0.036422765841078036 0.19708484985400995 0.16524149709472907 0.3409123054878547 0.08505164684058152 0.11160675918117809 0.12392259498247778 0.091342677661952 0.0567040128545276 0.15175161233504333 0.09742143938641794 0.08196305719357228 0.05640003332568925 0.19024793845229343 0.0897041386807334 0.1810647139815652 0.07814319499064248 0.19600036097380377 0.11097334668860948 0.029144126506946526 0.09310792676448841 0.04778356468073147 0.05147890915942678 0.025536914444781393 0.1075955392803474 0.009790059835012016 0.10331327733449688 0.011428355542034009 0.24123447525252611 0.12277659907279163 0.056960809055341635 0.04478281921002392 0.10793359498408348 0.14933760481195618 0.0729064362510513 0.0416189384160287 0.01605727386432819 0.048854624021497234 0.060329195990067946 0.010568258456341692 0.056498183873334364 0.1708677357431754 0.0861313735865832 0.00923546461055973 0.05109833923877844 0.14555648105742747 0.03105840817245802 0.12877339290210607 0.00977184977682613 0.08743932261879656 0.1717986117344936 0.1783954337096857 0.04970191137213737 0.04724343789998445 0.1317306369027277 0.004676254356432046 0.03345802185065039 0.0806822223841512 0.05201789188782318 0.09817274033164186 0.19410030946465492 0.14679374338370962 0.16644698894569063 0.22469065087347334 0.025876986409342814 0.08674300444989093 0.2744352957066318 0.07322009130042824 0.09310430666522496 0.0647075344614396 0.00868977020685594 0.037952816316273785 0.10313257784987577 0.08988729654696408 0.021047412169289067 0.026231813521212087 0.06937056523932997 0.041386670546746974 0.054923716232267765 0.09105553934981228 0.03788831895546163 0.008016658168674572 0.01721223185839324 0.05497872179854175 0.007920198549440413 0.13350968544025513 0.05078583338831875 0.017564908563469987 0.07895340805039747 0.1025688218003255 0.27204427460792 0.24979188995499055 0.21563280234503845 0.2593082450407139 0.20012470280864222 0.37837315569841873 NaN 0.05976381507912302 0.040284481372905884 0.045789084451500844 0.0003357214346932834 0.029631045826726148 0.004676287935968297 0.06863347725492812 0.08845818072725566 0.15007133250553728 0.015403551014361737 0.13729131271446793 0.058939889795357095 0.05289574784871584 0.031934917215529726 0.048505952471782965 0.09127916638099344 0.06500584561227843 0.14397180965139464 0.20049141578042096 0.1975869423399398 0.01172559609493247 0.06628945076767266 0.09233301985088672 0.24476617211481339 0.06218613268867575 0.14421791028429717 0.10413469643155084 0.11533880866257368 0.040940121963167334 0.051798285154384165 0.08145985355673104 0.010304410431461328 0.19695121301973412 0.17818487785789186 0.09355906514720107 0.044964977884932006 0.10196332375751962 0.14071730299808033 0.10063215648478137 0.11830154343149353 0.02636433850788039 0.2515946824934032 0.2129763475654732 0.104266704441764 0.05557580709683128 0.09228802632694517 0.055661165340385586 0.08110259306395147 0.054144256356586 0.0389338727421564 0.11339816418920594 0.13915663455880822 0.07016428535752434 0.1031001664465489 0.0033206407627556765 0.13137331945940242 0.009420345714486585 0.1067312544586375 0.10374731751386158 0.04571632225886848 0.07651220116579185 0.19378223598235408 0.14290115048057841 0.05771129269369143 0.06013896232340015 0.029476651020551206 0.08625819480636376 0.16332886459431153 0.25704460386078076 0.11112189702785605 0.1039001491273683 0.09161203833287776 0.11323671237471435 0.06021305718063317 0.08791071619181678 0.08791226235518355 0.012741545820861898 0.10355869773464944 0.032131863839074216 0.00947637120212358 0.013597075587657674 0.07803413076962774 0.037158014148532925 0.03083347909827305 0.10063937058993618 0.03225592946489011 0.2711378293872406 0.06796459595641259 0.08988062959606541 0.1453117898078179 0.048939427801696606 0.07556471285409422 0.19244049425693396 0.07811130297046735 0.13822834915108834 0.0712047889906237 0.16722366248337667 0.03886622217409515 0.1915232590003673 0.08632591197648322 0.2861219205697694 0.1367612386836454 0.2259561722814428 0.00938895680257478 0.03415070411533049 0.11596689921173331 0.030464877872227392 0.02255238803348223 0.02386045940286666 0.05994094080908351 0.06091532600910646 0.07806329863398427 0.1092314495388814 0.04978421008446757 0.06500949980453939 0.14497936353490723 0.16127896414299348 0.022279245429084382 0.007070354938288995 0.13272123125791854 0.006064623080986895 0.16538874521701977 0.07323929466414641 0.044724350743050666 0.11082653409165985 0.001055666156090909 0.0864849541288764 0.07832487117975627 0.06360088254426416 0.05988098358731036 0.034308079505877435 0.05181566185650173 0.01603808187649308 0.16915695087004404 0.09736046239675036 0.011750569770169483 0.04197665622447051 0.018026845135255484 0.03735095793001229 0.009967408642806957 0.03070750898831964 0.128947710438291 0.08603892699113293 0.19365030222832086 0.20818427627847977 0.2002660317105136 0.08642869840318443 0.045224598993943016 0.09670589949522856 0.23371472163896845 0.16659601979877064 0.006617668592730599 0.025214677876737795 0.029248169474200152 0.062022785384108596 0.10825082945317498 0.10503322896833797 0.0395828064566781 0.05093368979925426 0.08170213163844396 0.03596246879213942 0.07520002308400829 0.10577975007818584 0.05533580335715234 0.07417457900684385 0.12023210010796337 0.006653183326217696 0.011342838099060969 0.08139973543114086 0.06757520055065241 0.05652868794972765 0.04378670995832477 0.09577095515974535 0.19671818385088805 0.05897375699785319 0.1375054975440718 0.19580497693797355 0.1779116174552863 0.27904437987945463 0.3733354138497493 0.1324732658684726 0.13273780862312057 0.018244003719585317 0.029359848858491876 0.006759904072271027 0.01839063178785841 0.0019383956288825362 0.13190013133498793 0.10515235791145855 0.0449012895968515 0.16624510139327292 0.08906596836608296 0.09535540733930935 0.04123691349993167 0.09813499520135635 0.007859103118839694 0.07819339892245408 0.02681003969541495 0.19946898874158978 0.10855578827308499 0.008062901899323025 0.022926184727353586 0.21351308962222776 0.2525345864618845 0.09363376299107419 0.11257147183874841 0.1231936180971962 0.0323049431790055 0.04024488770815476 0.09964846692625189 0.13472365765331215 0.056675161787261966 0.15768127285700814 0.13058152027364012 0.06864429439830633 0.040068795775676805 0.019658729664317805 0.11703273603779422 0.07315531515184892 0.03827782058395002 0.13023653598920545 0.20911955538321914 0.03953921842001335 0.019167596805987768 0.1894193696791523 0.013010150090821309 0.03698427050492683 0.043693514174765025 0.07355548125963217 0.008805957878382746 0.05960522022880412 0.05066466991061975 0.05688449376237181 0.024671977098684492 0.027047060223067097 0.11500520931073528 0.05093204313057219 0.13341021443052412 0.06262956061578537 0.043092425360035685 0.10327841095148813 0.16160566498113624 0.06184235976669019 0.08759688242180533 0.026200829147911733 0.0029986135216107587 0.10149628783273577 0.12561332029236982 0.28345152465674417 0.06065338043294946 0.16743826535094983 0.04010969726646215 0.07267967512661822 0.06588955457116005 0.06478662948668529 0.011651460707703192 0.06879687955136368 0.07005842880578944 0.03688944114561341 0.05167131245178494 0.017883323850832713 0.14628155828476672 0.1534073482150565 0.02819136732164595 0.041383910892165754 0.05780220984993279 0.06521650333504644 0.014616018988610634 0.017737796631236626 0.05527124979176479 0.062478420689285045 0.13458293008125152 0.052410621736871645 0.04998856604484149
0.05413818517765165 0.22677288444789442 0.13605819817818202 0.014495604860218121 0.023987875289014044 0.1445016902726195 0.18762200515583685 0.26474025463290707 0.261414254439685 0.027876400431158913 0.1670221194576215 0.07178250328058841 0.019613522308913865 0.047767143210906485 0.09616415593525787 0.05723836059514684 0.012162124925436986 0.1970418982889379 0.07113940404192719 0.07590433856286845 0.1081218151554955 0.16007937069837777 0.24911803040669017 0.02486471490058595 0.07379794567147438 0.028983300078953358 0.02522120647551043 0.01791573265747718 0.07858104130542377 0.003661517316147497 0.13477050032572171 0.05027903775650569 0.06781877953392629 0.06487148219946005 0.04624970571262168 0.09575520127036048 0.1571721896632707 0.030437303766520048 0.12623965884231567 0.23978601204967945 0.20351718338245983 0.08290189590353204 0.0985325287327296 0.041755707536714065 0.0009321903864979236 0.0054971238589348 0.17130944537222895 0.08155136079106273 0.049496726610930214 0.01252571416581771 0.30303194174212483 0.2236479000391833 0.25766660486317594 0.18556945525081667 0.20089431651492612 0.17931096518024275 0.07811795935905168 0.029403969440993247 0.13215486127638756 0.0679902885583119 0.0858709888043523 0.1800785260752036 0.06566932375581354 0.035779763880414185 0.031415781853755334 0.03006277852410469 0.0014514020224179953 0.0029111738242011266 0.07326809847422991 0.008335914323576318 0.02536032693291339 0.06929680234158264 0.0799266295653139 0.13319805894032302 0.027201493138220536 0.013949188426895808 0.05820348281242929 0.12486669400809688 0.07667901555046915 0.055658838613384456 0.06469419810537301 0.0359695480065702 0.1679655274369628 0.0297354400239205 0.023871640859543623 0.04905359408581317 0.045438205756722104 0.01845737002304655 0.01939823694137516 0.03237066520651041 0.0882106832650026 0.040248016126744925 0.06508334038372758 0.01256147380918455 0.044983923346905305 0.17882287574731764 0.13760336239912116 0.029285892096855684 0.19459722845887112 0.21766443565141838 0.11612617038842013 0.09040016867112624 0.03550085149922169 0.0801092099571036 0.05976381507912302 NaN 0.12998683428080404 0.10886186822353217 0.1794664724726815 0.17700763296591687 0.12959889230240185 0.16699740634041116 0.10437873803649049 0.15549271715951482 0.18921773064865813 0.15526011572008827 0.1359401356511538 0.06750593535843857 0.0005740631099224351 0.07971916581448948 0.0482864856205343 0.04506818994981277 0.035691754170557075 0.10239608784802713 0.11776502975660595 0.04467032228870643 0.043896203639581 0.055588800390392205 0.05874667227295356 0.00619783030039981 0.019793708783156855 0.08458852940172445 0.036224717890616744 0.005421187817509463 0.0045670526710437555 0.08857442338343773 0.042206108413226716 0.13811821011330153 0.06148942181862309 0.0929214186268263 0.14521987479620144 0.08402323912637048 0.003917230224830322 0.1264036631987501 0.05477042055324947 0.0044493730775267745 0.1808210012999175 0.056569226971988656 0.004953233135560593 0.012085453909782393 0.023364992466579224 0.05767552147891773 0.11289080998528614 0.08769809708471318 0.014364476624477986 0.22717149629654465 0.21802064874319496 0.035954295114204546 0.1523815798134491 0.13205039389391005 0.05467531390956311 0.04526277782371384 0.1076966839809672 0.013430085773881056 0.03846460846656537 0.04944353869142805 0.23514469340253494 0.18976246004337474 0.11252885901136801 0.09002396846319359 0.0391837520091173 0.020473067742116068 0.13479372833980152 0.09979727119305616 0.17600432004560748 0.05850228707670755 0.05030798741353873 0.06487916336829067 0.038626247469711016 0.05419046860644335 0.06139562637251464 0.15873348262860706 0.06045958623585772 0.043041947562135155 0.003122141436501102 0.05264122686863817 0.035778560404748666 0.2902640590720273 0.2653520464169626 0.11825699379485974 0.15585266697040498 0.04236117227359258 0.02830076598384625 0.07661854289821911 0.13580738451859048 0.003632626768565249 0.052461565457890616 0.0938109890202095 0.0441786559713054 0.061703153568816456 0.13781651187906643 0.06570772479381687 0.22249401993023046 0.05255309898925937 0.07479385319810351 0.034132901901415186 0.04503259856179895 0.03667108367833322 0.06496976588626861 0.08447501742684004 0.022233853465755314 0.05420552904293373 0.06150777492471589 0.027112960101965244 0.06061825633475976 0.05645451251675306 0.08376793483614937 0.057618379568762354 0.08552053969913824 0.19558231334634085 0.1136315709322483 0.07712740660023534 0.06593247172336182 0.0587538759469307 0.014379291767579077 0.04056878026272823 0.09885634928815329 0.016645360508645887 0.07204430531287649 0.0017070562565551738 0.2695894778244096 0.22747807056008776 0.21530416643253691 0.1253375660577045 0.19467648965377585 0.17603608707112975 0.1444235593125091 0.020338125403099736 0.007635242446685057 0.032920470789992294 0.04090171664322083 0.07607419270428586 0.04983205147113426 0.002261001080418561 0.018624140773319354 0.014799769965427876 0.011554676678996718 0.018951248190081392 0.012791485464108698 0.007023912605164595 0.008122440775577363 0.04580048982920639 0.08567857078655912 0.04913536530251243 0.042978346243108215 0.030119766885340814 0.021497478762601167 0.09440321751872147 0.03396899737917363 0.04302627641931 0.008925848023530842 0.018985996280582007 0.1577974800138258 0.0392391022148719 0.06515079339135524 0.08806273878033155 0.006469936232850836 0.012404346314478563 0.10375465766954288 0.07696365704395565 0.00945626531577743 0.051011390074988 0.031463192164728065 0.03226089204939416 0.026370432222264026 0.07322076495481182 0.0008239732144597407 0.005759287867013102 0.2131373216819793 0.1800771767328126 0.14265137412355705 0.11197699608490061 0.038648079760154254 0.08419190080960681 0.07765691214339171 0.1446236007810877 0.004851739753065955 0.17077159036900763 0.12485562336035805 0.016063534781163076 0.13421807678637832 0.1254309968292086 0.12674066875369563 0.13873053034370075 0.1057414470374897 0.048039772510975076 0.006612514210723816 0.007516393566933221 0.10480080939237169 0.03768277290414654 0.011954838945916762 0.031550987144543546 0.023383167072127703 0.1162205489479932 0.09013371151760553 0.015223106077859514 0.022169453371843707 0.00144605987752601 0.07205335694466936 0.0558839621864463 0.011028372550692164 0.04455673744580814 0.03403908423600264 0.012627543705725334 0.08066499285114898 0.08615601917677922 0.050035399665196094 0.05122774503602301 0.1839662361970687 0.11100887454301867 0.09712308802360646 0.09149186686761764 0.046064182808323126 0.018472812398238097 0.029499033500443174 0.03589041800879917 0.207696062540117 0.05910687550559249 0.07188022482717765 0.05534177864070782 0.09450092772736648 0.045246629303533084 0.06703770597622852 0.08103527721158137 0.058949935561869574 0.15624637325279506 0.04019706329078128 0.0930448948829138 0.03663427608312774 0.023092188851271303 0.04868714033111464 0.05129953911842198 0.004598716194901101 0.027694296229224608 0.033622081362362534 1.1470684553130145e-06 0.12343783048450949 0.08451484150876688 0.03488061545049041 0.01603193905782446 0.025941510466517423 0.09990014608062482 0.11828426377606333 0.04123201017331606 0.18532670184318753 0.036364146134305 0.008273262489437246 0.041066077817438616 0.1001405716502201 0.07368742746548528 0.28974193243102614 0.04538716754863088 0.018265436322497528 0.018836150312082175 0.0020367467214636244 0.1257618841100179 0.11404911316113014 0.04578455701876359 0.05286580005006793 0.04725617986446072 0.2751614909785641 0.12499014895172107 0.12142176904449561 0.07898226840857517 0.006635995530785513 0.11976120833276038 0.03582256815862881 0.033268284617276905 0.022162006229475426
0.09194123309442939 0.02181751618967802 0.07477866917257864 0.09909125452201106 0.08591354004676353 0.0893955126253174 0.09653484608557823 0.02357184406739282 0.019256394571710564 0.1002965817673473 0.011708840493055026 0.05802647044061909 0.10837344632071244 0.16218856568188286 0.02492360326694184 0.07167182637989465 0.012036113449728813 0.04446049765038438 0.0789927590206763 0.04739160563050774 0.05879723581249877 0.04702561947702736 0.02255082364326789 0.05935342194716539 0.01426914763453578 0.0018859324772978621 0.05736767315707818 0.05838376788101804 0.08083234611222953 0.0376232964096151 0.1162712397362003 0.011609013633785276 0.01267237969685315 0.03260044153412063 0.006112388361971339 0.04418375540536692 0.09905220430357684 0.10948953668845628 0.0026197299855391827 0.0024008994279782598 0.10575685352848593 0.011892795334120396 0.06767959624084363 0.029777822053793795 0.0594822474482705 0.055395488455584646 0.06548822472990899 0.0945441379546455 0.1210446205155753 0.0642376417882126 0.0613874435873563 0.05946710043814786 0.03648203964477839 0.0646398896467652 0.05246781276050786 0.020479564402827968 0.03183491662311528 0.030432448617285553 0.04599736380896082 0.05369177564706482 0.022771885922618494 0.012953777854031472 0.03798618846648795 0.014437215322805511 0.006127500614670878 0.10376607270315984 0.04491759840874777 0.0059446429579370985 0.09544282914689659 0.06212524725741211 0.0834497140822327 0.13611988213383383 0.04017152871764316 0.05638666439597161 0.019843095061019923 0.04750645653499315 0.07004704462824604 0.008933972908566835 0.08230758817638337 0.025071339684957415 0.04045037249744199 0.08673689525232911 0.028179226084947235 0.06037724198055959 0.1219679271185069 0.02302095861332424 0.049766968406353 0.07257183568905777 0.0023719264920974794 0.015016592646286742 0.00040207894675438555 0.0718168295067653 0.0022206811925855226 0.008578684012927374 0.040705375455567565 0.05172227549267778 0.05120929139573056 0.007688268863650743 0.040119221355059465 0.08916449101506624 0.08229986820030465 0.03528839021798268 0.12414806878199684 0.05644493399916529 0.040284481372905884 0.12998683428080404 NaN 0.007478450731424322 0.041270953990417365 0.0905211221479238 0.059198576857230074 0.0901189856264418 0.04033901748280194 0.0827110954294134 0.014190022447470389 0.0480864392815851 0.029928594412893 0.008780253367307473 0.052314298130275064 0.020132019053364893 0.04319751339349497 0.04137686707324429 8.648422409269398e-05 0.13462779226515667 0.033886900496114467 0.11106199917357534 0.10014134776815072 0.02455677111157175 0.03515982714741931 0.020183675849992776 0.044261935492972 0.0671544623773209 0.008547603530258246 0.008467546902132708 0.043757975719728275 0.0018703363812898176 0.03262458165009216 0.0164479036911954 0.05021727394018936 0.045868261486890716 0.016354357287413517 0.029548922519784217 0.04762542927381885 0.008132216212182191 0.029416725787690903 0.007506571371920118 0.11652832820667136 0.04305257768593876 0.02397294047345916 0.035392053697348894 0.011977148789174469 0.0038029751937600368 0.09094139537918722 0.040387295904705064 0.06097652084034562 0.021951315615628835 0.008706189343208999 0.04489543371416085 0.035421576439168476 0.0410550978952568 0.04881677631628197 0.010506807849714181 0.017112012977212796 0.05232966848850543 0.052229684516338644 0.04123506276249484 0.13485598057276182 0.0831545960511874 0.020917950946534345 0.0780546460429786 0.054405052726786515 0.021979329045625405 0.10129694426295507 0.13927574123161943 0.21282630669052285 0.003223964510711374 0.018991284908189174 0.1319787326111378 0.003487272301085712 0.08042551291061782 0.05526494381664031 0.024083487956700577 0.0743272949179449 0.05654441188417135 0.081998272590509 0.08135755152233304 0.04636375228916599 0.042929323986322133 0.021537303922236854 0.1000348659116147 0.029541254558298976 0.03166690385708096 0.07660994369397539 0.054885690025756585 0.010528100160462552 0.061049757738505864 0.033479388739528125 0.02671986770327398 0.09520417387636913 0.046363332492983605 0.0531430800315787 0.07088829493778957 0.03385178844094687 0.04019676778991661 0.026342281337160666 0.10500393285755148 0.09638551172782714 0.1730431491040115 0.05019719155756214 0.06922009021024725 0.09579792323586116 0.03943453664459614 0.02372730957680816 0.04539323160327713 0.06048053218942585 0.004282317512236831 0.07181514352673758 0.10428701610154906 0.02499437337110267 0.08310844892615223 0.09051820455119278 0.03991024612136272 0.08766669023261922 0.07891614274266326 0.052762708944970454 0.029848687144184944 0.018133969437258198 0.11719880188392887 0.053567300371664364 0.021543409010823855 0.06041830452317578 0.08953104895978395 0.035887718877277326 0.036841185906129 0.03989609280846882 0.03652888859490909 0.07598173131302065 0.017827834648485308 0.06281447910779417 0.05694891424594516 0.021730152229182478 0.047115181393667244 0.03984047559362141 0.011005317130912833 0.0008427831968484198 0.05804555223561376 0.09965227571007432 0.019475749864662148 0.08201572112642759 0.12253874389099756 0.05810901169490584 0.0185592681153131 0.010700422811595433 0.08963362521876565 0.048150053845085604 0.09918167727772452 0.012094284355180748 0.06982726092646446 0.019462119933124977 0.054367327423348925 0.0019821960617983038 0.07048170989787159 0.05134337958929631 0.09374383283673739 0.01950465895675507 0.0627120637955348 0.02467043330222615 0.006038325608740697 0.003599235133975489 0.06274544027815872 0.041480567907633645 0.023741814581015937 0.002134443176442151 0.009746804621928475 0.027347859724371905 0.07547678818125947 0.0181578703222121 0.02257896461555245 0.08997782913582124 0.09460626453240828 0.059426906597734024 0.1124404643517225 0.11307214470535105 0.09451158902990184 0.1338544471162847 0.1063297510584024 0.12994824960688223 0.08732864026699319 0.06710034460709294 0.0011283540042904886 0.004455754847350424 0.08964246027935134 0.0726184934177167 0.0745854489448188 0.0015924175860441761 0.004511694710220631 0.03978418754534293 0.03147077494402515 0.013530512539322973 0.0058948119715484205 0.09645517598436189 0.007828799480403357 0.020113940815964702 0.20032300742475287 0.02418003368275638 0.03761154933468364 0.0752025575069406 0.04263353698920593 0.017934324709045053 0.04834842058599097 0.05097010376583565 0.07058694193984069 0.05222320918205135 0.051844571532251284 0.01815745950842051 0.04148889397563488 0.0983341535219683 0.032173266596221994 0.012046024974675587 0.021518454795426138 0.03383478090147716 0.07314989685866424 0.06624504970108723 0.005956249317838369 0.02975279283397908 0.11724329478969159 0.09756236511822718 0.07983442964645626 0.034950898738101734 0.11718735610274908 0.05692357719650779 0.04845608701117746 0.1115380698268506 0.03200681273715584 0.04782641840152645 0.049078020780872755 0.03288873701438387 0.04368011871711183 0.0446585920015683 0.1206963678115665 0.067789414386908 0.05164877795433488 0.023599473443353253 0.05052837263777051 0.029098480405217883 0.0011445331402553023 0.08253563473578555 0.09311743163432304 0.03599369445984573 0.021281884792643004 0.01594431478775782 0.045120174883158955 0.08986808406662569 0.08284645956436211 0.13431160508473133 0.049729038908945415 0.04217070085754574 0.0461683904768489 0.014178812964471382 0.06440221068025496 0.017287849107417253 0.033562155496652174 0.01711626289613267 0.09636822422523651 0.00023492001105728007 0.07064555210962657 0.026182566254537874 0.09584950367351114 0.005173278395693822 0.07008990344944534 0.01580349431104902 0.043130271407169775 0.033468332678640265 0.028060585573281133 0.012407192811292994 0.049379884132258745 0.004272274029564416 0.00953930281232239 0.05667077899918049
0.13868887722095113 0.12001265566612816 0.1169264136676036 0.09198023584653502 0.07157803395726267 0.10154611227955244 0.05637501097230438 0.06708555777948341 0.08696312745986928 0.20086174243730115 0.10582313132264007 0.02999327048752786 0.015473816715714543 0.025183864991446328 0.1273831813675112 0.03234567943834222 0.03856897313011702 0.039858110313822866 0.0903372219220879 0.008609005974912437 0.07988147537483303 0.012518047111361232 0.10115553963884323 0.07765527138496803 0.21162765813197576 0.010932747505036802 0.029050941931285292 0.06599465858310229 0.02445878220453629 0.028346919914853677 0.0512846024706702 0.06642603614102213 0.04448548479380393 0.12556983315579623 0.00188387609243193 0.017794762981444893 0.1410192566218515 0.21537788991765333 0.08101809649122715 0.044605071471388716 0.19566546735614584 0.01699527958468225 0.25816681488892024 0.24906470639978293 0.039073312641966666 0.022717805392325003 0.003581217992496066 0.08020145798699764 0.004483660069992844 0.01893149987266167 0.043068145551583226 0.014531618998143522 0.09778426057539025 0.024007700495196262 0.004624523020636839 0.0953867235219967 0.09457597029972556 0.06548561678244467 0.09569846047620681 0.19405621443924767 0.04251534441508207 0.2462618279715109 0.14040668448563826 0.02561609322602162 0.01129320127065309 0.049760548185949265 0.029628594323731418 0.1030357808251886 0.013326536122311373 0.11179988413741243 0.06490782491367758 0.018033753195533048 0.05572499874270289 0.16476584056732857 0.0757147806438589 0.1167706201097764 0.0697865255020422 0.2585975680685187 0.002344637739499812 0.03235045433695162 0.07040723311658155 0.042561318493797115 0.15785612391268133 0.22963184260430267 0.12469748257004139 0.1868797682102344 0.05940371095486488 0.0430679510038212 0.09621128902771688 0.06798948146321862 0.05766279242679712 0.04476235013704101 0.047157633583189494 0.02238601614638689 0.07783912730319378 0.1356452849260778 0.18405394760190152 0.054296547745847516 0.23500070466977385 0.09446636318800528 0.0402629459417745 0.05931186985958759 0.04804424284921786 0.06460564172893458 0.045789084451500844 0.10886186822353217 0.007478450731424322 NaN 0.14090274330858077 0.04731019877375368 0.2856380548284196 0.038556521895131333 0.07620169664498044 0.19808618416956345 0.05676210428100249 0.01058639926740068 0.07705560063284751 0.007989813294075363 0.009384515011324823 0.013174042827656584 0.06995174810803419 0.048702975801359225 0.07649099448197637 0.02211718203072479 0.008920412522478424 0.0197205812396152 0.042933516946469415 0.04474291867472374 0.01671113210053171 0.012332838402842059 0.027608910285995783 0.07706069644598966 0.047338122595528914 0.09967662839211831 0.03736908258841353 0.004750287807351699 0.002835299307567278 0.05519437259820052 0.031476688124155085 0.11937768533899977 0.043815288866322945 0.05867715741725302 0.10125605651582019 0.24034609913329508 0.01972903005754952 0.0518083827481233 0.15507003547878975 0.21983102268206062 0.16403692335768497 0.11023681349201202 0.05813481254090039 0.03478147063191196 0.05901666218494558 0.04321647303093791 0.01516856827027898 0.12566334539538312 0.07912188147340457 0.015484290537736861 0.07319297768477674 0.053096424219895834 0.059980929350246466 0.06211128942545725 0.06984628183547402 0.06929674516720878 0.0645563268901376 0.03637829668635118 0.05296794542240694 0.044231107186197216 0.2547582245582421 0.10200328264211767 0.0037679186204761686 0.032124870403455005 0.07445061619284504 0.1212717819806061 0.06641044831680382 0.06304351648666383 0.04735501077722369 0.01202510497312991 0.2624261262312686 0.16626704529288086 0.10589166066413784 0.11716920389681584 0.09782185306441375 0.04472552595537529 0.07780110577039678 0.14438321836038137 0.10682869816339569 0.15970232597249867 0.09071715875086411 0.1472906325777226 0.1024519429029772 0.03772189571135502 0.046367983612860764 0.013109040262990503 0.1019912577173724 0.02311037783488263 0.02627769831553377 0.006050229887803258 0.07567628903619922 0.06498333492982895 0.16476127224252063 0.017636636758576917 0.08569204983427617 0.09849164548311796 0.03111818203393445 0.06655973669383204 0.04510280714637543 0.08558341201714322 0.04081890616507875 0.07731967577337553 0.005772650063110515 0.03977704088109757 0.019934416682775666 0.10859296017806563 0.07477912915460212 0.06339221679841871 0.08674338972339019 0.13410810325253075 0.05175164451972595 0.08657994445275874 0.14671882311841639 0.04345910137193345 0.13459453840934316 0.11211714755146536 0.0024445944209690695 0.019911341235374923 0.049327147742560085 0.11032598525060149 0.004979399559477628 0.022865880361822473 0.014262319678569788 0.003457150863679706 0.16467359037438617 0.001394588888270521 0.05129611621833289 0.07299747833881363 0.024744811443824635 0.07143742570675056 0.10150607029398287 0.17942132033339028 0.025971143406820486 0.09565865892512439 0.11478119872978514 0.005293335897159545 0.06613278773778318 0.03597008817904449 0.02586194284981457 0.13372535285558051 0.004279541625033152 0.0242075253557358 0.0844236775899029 0.13523166947805434 0.07051268527881979 0.08679402277400049 0.04109976296168206 0.05063754814051712 0.2007916595254309 0.11532842882210781 0.07522682764430001 0.04083715912336302 0.02957948757883026 0.03755118182498891 0.033826783193105586 0.16998969969018085 0.15269177767909636 0.1721478538805621 0.051947903944981035 0.010192282706504338 0.0237927418052235 0.04656108320323549 0.05012629997850387 0.019529248431813175 0.06829251903220382 0.03483958277044852 0.004472797206865551 0.048636395282969765 0.0032528443636561746 0.10168730591452667 0.21264598279706998 0.12764566689400364 0.07395751155782064 0.05766391708368804 0.12142148622735323 0.15211376880355115 0.11357293874887299 0.018267401919019575 0.031089268005872247 0.2090219862134281 0.13117274853311892 0.006271099931070168 0.1892409955422736 0.0071323572167438475 0.15637002691638616 0.15289391276117545 0.08661882854813964 0.07908812833478458 0.003199738987807699 0.07132337685317185 0.11697887577141279 0.011624801404460419 0.08173710220524832 0.1141715079551877 0.02819041880023671 0.18086397116579656 0.018274472374227448 0.07446168563900511 0.00274497590862929 0.00046980890717862416 0.04952405038764929 0.05857939489540856 0.05628629836271184 0.04636039935675145 0.17479527979478404 0.03807960011015998 0.018165967426023822 0.05087314153074216 0.07435387138246656 0.039251997685389416 0.08801497687017813 0.09280147507138263 0.04574309329345117 0.06395806915574172 0.004344899288132823 0.06927050325285213 0.040627497830946026 0.0766648834523481 0.1321659632306731 0.023982695649775426 0.05852066878521616 0.1019353102355063 0.16147073922841887 0.00586251315040793 0.017442176832915147 0.026948928771826836 0.028316756283829257 0.1840460944671568 0.026341747895268573 0.030562109985128056 0.006704956470051545 0.05941477894553868 0.05049915319909915 0.019856709581810912 0.046896062067618885 0.019790154349188897 0.025180156096185933 0.010556865327980178 0.14009657853342958 0.07607932343213553 0.12426415035928798 0.03509690998332739 0.002715684165653508 0.038217928175320943 0.15661615331807932 0.059163080406806595 0.007803578525822236 0.04949017825406476 0.010756220544912756 0.03908033091688416 0.1997412781307718 0.14083088113996187 0.11208989640836643 0.04500586859926855 0.0318576030238232 0.1019597343415959 0.08955366683099444 0.009864607116795484 0.021585488379137145 0.028208849988296533 0.0546724719506626 0.02488902402985356 0.15812398837872793 0.02039292750299507 0.0300067560250193 0.03798287701454397 0.02572809832723713 0.09380280289693028 0.08997003269843154 0.019394618565868178 0.043090361749025106
0.011855152000022537 0.16660820972855847 0.02690607291603775 0.00818003425217446 0.00010287522258773414 0.0698819255069716 0.09495728369894849 0.11189929972848296 0.09999219349028599 0.01727125068034088 0.16253708463689032 0.0835046539862442 0.029869282223432096 0.10221874172829619 0.11216569789401892 0.022126414414105504 0.005582454013367657 0.1111971174715318 8.447288638317916e-05 0.020013397073676883 0.04378279276074289 0.07079756790707845 0.14323909265760418 0.016339136712457784 0.12676991761715217 0.087557104726025 0.04286440338783778 0.0343505125240583 0.0689350347984213 0.09243707051178178 0.004303345790464831 0.006789121451180625 0.13568471494430903 0.06730870605145127 0.08560327185889822 0.017302078464812996 0.0004102145442617033 0.0007446934855869321 0.0274270395440784 0.16954688894190242 0.04076696659513665 0.07395869003329075 0.06638398202214026 0.06245376213212093 0.05411192405301515 0.059047169524271366 0.022797775767526802 0.005807575246523927 0.031232003037205216 0.023574429644085813 0.1356428435694619 0.040350520886774266 0.08123684254815494 0.12327902846489786 0.10759345372658356 0.07002373098873645 0.016445294776929954 0.016398900136910078 0.064001997546175 0.044314602116547495 0.020859871971210763 0.16491820326232434 0.05678602396850164 0.04213966044328868 0.07079586877553809 0.044263880218022696 0.07955260399944221 0.020623703664414496 0.14625819492087871 0.0853234163167865 0.06275583771859519 0.040014921646429565 0.0436242925797544 0.20890288022576403 0.09257380899030997 0.007919293513441766 0.12781830774370026 0.08630136409665602 0.08101670947855583 0.09020341686272604 0.07351144536222852 0.01697479820963985 0.06289689761581588 0.017462876416711064 0.03925797230873347 0.08933628316035877 0.045359307740721014 0.014945624906561882 0.07853754576575384 0.09257101613885282 0.024355951255619096 0.05246682806282138 0.02206618574591528 0.10230491477573343 0.07131585542316081 0.052978904150065856 0.010395109862473039 0.08601189402420176 0.11207211690934461 0.07979270334425867 0.024322601470080474 0.010946536321430198 0.06022810484347227 0.05939033825770415 0.0003357214346932834 0.1794664724726815 0.041270953990417365 0.14090274330858077 NaN 0.018112853865483232 0.222661210443659 0.13690704209630966 0.10853097160240381 0.1397303034408012 0.07120559340178353 0.08826983930257315 0.03242971567912903 0.08777374998460388 0.09685345692152901 0.10749021517844587 0.008703034710736338 0.09913046293665692 0.033256080887791445 0.06397635668728117 0.12867511740621407 0.07877515352184548 0.016152596914690797 0.1146259701853205 0.0782819058791388 0.038444349550074024 0.09935727247282634 0.011367037615105538 0.04638157527950508 0.009472180536589823 0.0320309831128897 0.12969351855815067 0.051911963697999 0.06921940439858455 0.013157772916347697 0.06255403766609184 0.06698802345447871 0.02921137937774403 0.014330229148674397 0.07912880188329852 0.040525594971182216 0.017787348917885214 0.02847689059383859 0.024853373727445564 0.012364103799948019 0.04612965611748922 0.13080029078872024 0.0178432355909735 0.01849418950158049 0.037629989362979836 0.049756602770417636 0.08768392562848634 0.10899047849061969 0.020746023125689635 0.08995677278363436 0.05625835478547339 0.07589117110212763 0.03711195241591292 0.06776051154736988 0.029730994200439547 0.004458707706634366 0.019996105935897162 0.019368310747375068 0.07667902601136549 0.12336457158090199 0.014427888618415829 0.08082488882693897 0.01971050268697158 0.027686781250410127 0.07508216395469898 0.06389843731553196 0.07862759102272968 0.010615039564969843 0.02852134297894806 0.08171760758533232 0.11185584649030729 0.015376812413228426 0.08972731311377029 0.026094062213141384 0.021374647568498415 0.021078689739388798 0.0622667140902154 0.05320468709244994 0.14030178116317799 0.08614222187456631 0.039207976866710965 0.10072736463628353 0.09618761292699629 0.07057033757250716 0.14194276392416522 0.0915806180084366 0.028962817439910155 0.001442543292570963 0.05404107327243771 0.03439567324688452 0.05608422956203875 0.10380694264529373 0.12071706469047674 0.09514647082407086 0.04066786758919438 0.08671120903415647 0.04391905331530547 0.054137358834066694 0.04502139506313143 0.06607657938779787 0.0800703032156939 0.11835862107662709 0.02912305841236032 0.04716197266698786 0.04672984454792968 0.00793405933667961 0.0306498420920706 0.024810424452344625 0.03937034806512932 0.021122315892046613 0.08278202045367179 0.08911026314017649 0.025119733306555175 0.03947814094341181 0.03392843496903909 0.07250625330088724 0.059702293859654657 0.04973714754702144 0.009559706842706715 0.03770226307053528 0.07010705761321853 0.08031689493682001 0.031423472867701474 0.0721250596625488 0.03067358395715061 0.08584643294511828 0.04693149525627178 0.027208398885228507 0.0796048149689995 0.018657718483157 0.06018663284621351 0.026092532443449345 0.08299961197188761 0.1463293041754126 0.07763846023966468 0.019116738279167933 0.04438991893783497 0.07827754192294038 0.0448106655105345 0.12792883856748624 0.10591854344631957 0.01318432169879585 0.005469203828037758 0.02303585383316955 0.10532637824318619 0.09773092519484698 0.043935501617044605 0.15296674314479922 0.0015958492662208421 0.022850855357102472 0.018624821163688608 0.01479205740046511 0.04014530424799726 0.02122328202667295 0.0011713129388015524 0.06559781405261748 0.05559262198338188 0.017485387210448542 0.039583638706579806 0.1140672830344611 0.05298196279521411 0.03615485359241156 0.022619891545651513 0.030141441448640772 0.001962729330519149 0.026454328646781638 0.04358123883868105 0.07773288321349721 0.007446169172868047 0.10251071018451842 0.008878943363013814 0.09369815367717088 0.03997009820404777 0.03954620917184146 0.0426254044896065 0.058908352174299405 0.026457105302434412 0.038498786001591775 0.12871948129971433 0.07925124845019832 0.05966647718934291 0.11842939131644926 0.06185082880084947 0.04496804797214233 0.027338101679078818 0.021818333891599342 0.013664866704955094 0.044497501503695094 0.007064238548216459 0.03950197680964227 0.021695287976260972 0.04188122935562262 0.018534222589372342 0.0007138137573523868 0.05439628817539496 0.09812708089027353 0.07770205401578859 0.06154706669411294 0.0401704488933218 0.09529901339560953 0.012553685793645845 0.042082711395496304 0.01407737757881167 0.13157673061036743 0.027445447709778206 0.07152434625267541 0.008533364121094424 0.12051676199046686 0.0188206507979093 0.13362948707549543 0.03776105139661695 0.03344251555724862 0.06789023265782834 0.10881065137935193 0.09357020978042938 0.12796498359683342 0.06561592444240168 0.04219380886260808 0.09175213929614724 0.0521407630791278 0.006217779793861072 0.1528275465728474 0.025347473625808893 0.05329847004110897 0.01239572412315957 0.08065661261113223 0.1585724522291403 0.01097207328771381 0.005847525299053969 0.04859193232963108 0.034123785713020736 0.034889085102663656 0.04889127932698458 0.05596093838252483 0.013426963453497618 0.0320185320800705 0.025463311193135774 0.06178765674321221 0.046668688569284106 0.06535306020477756 0.05596953633287764 0.05964127771486666 0.009198430511414134 0.06237891198548675 0.03995468451876276 0.06545322369124727 0.00578591701299428 0.014242791420130263 0.0200392262539506 0.1366814936976457 0.152055572811446 0.21662723763195665 0.05561395267914279 0.013766284992469277 0.0095726996981306 0.0028975357410685053 0.09094123802540051 0.0830993616667497 0.02849071795266628 0.03751298983131595 0.018746152330718534 0.20159778774699805 0.06615738337106912 0.06350612750174724 0.06467446541328663 0.018317559585092843 0.1033531160273012 0.09704734926404864 0.009108233649350643 0.04081348253339197
0.031983230149563356 0.12341029982333108 0.11773191947304577 0.026528277712443767 0.029648070785181398 0.076243763070309 0.10490888437111129 0.15939267887148523 0.10217326664237564 0.026164938668141322 0.06907989518662973 0.0905750490163812 0.021977772754780515 0.04240745454558193 0.04767878799191801 0.0040778105312136775 0.021386986282398854 0.11632007963764482 0.027915800024977677 0.05127333103984778 0.07231259637594123 0.14459931315450827 0.1422913913147641 0.05861851429988273 0.06037757869330383 0.014259032827850791 0.012170806348405411 0.0607052890970721 0.05601571355779182 0.03219813314646365 0.03162279347862308 0.010932906808164186 0.05336540803045574 0.011087002211550566 0.021391965083618136 0.10290355365702374 0.03593456783931926 0.03768554552562808 0.1057982205361617 0.10732440953278663 0.11453780080326821 0.06111424867762239 0.046094565643454224 0.011462531058558625 0.01613872167381973 0.029886696527168275 0.08265512381135809 0.06837892973616946 0.03894181777481464 0.034642083681829534 0.1777266561407169 0.09699814134087867 0.13386982458635796 0.13991063160864328 0.06442145229822543 0.033313839069403245 0.05360433785782502 0.004222613060927385 0.03059196248109717 0.002516601400094111 0.02861913737859213 0.06550963777854839 0.0003812969196132533 0.09920179444427549 0.049552345037945825 0.03244779771791657 0.059548393969424074 0.052641015902808674 0.05605169931193124 0.018488438614518564 0.03153796937697379 0.025571910831268103 0.08262541856167302 0.07622453877529585 0.06415990781351485 0.03630739667408621 0.02676005283143825 0.03841671618410731 0.04822647645797236 0.0140828503087817 0.10162889066904111 0.06127287311164798 0.08637854788533134 0.028887811592699743 0.010400317692020461 0.018623778201321866 0.1313014380042397 0.013978663988678374 0.035229598381774536 0.05011714596091929 0.04829096439968732 0.055474262731309905 0.07484477141445557 0.05427894925837078 0.037071421742860024 0.058222446455745265 0.03694695034170572 0.006438307015193646 0.05932523262945195 0.06359143579259048 0.014317319945083878 0.06468932710023069 0.016903469759109793 0.0187954925419864 0.029631045826726148 0.17700763296591687 0.0905211221479238 0.04731019877375368 0.018112853865483232 NaN 0.10520919669799662 0.07850714830292925 0.000575464675552303 0.03807630881189773 0.059165763392087796 0.05741821321015812 0.03212197229314314 0.017347247438319842 0.045033298898590375 0.07055286018098814 0.07382787640338612 0.07529175788013343 0.0058599944662660886 0.013490930048343428 0.07973150981090088 0.018627625062467748 0.02976519790978211 0.04330177534416123 0.07894582163884954 0.021158369852611752 0.05588680553196688 0.051774374820880376 0.06277109378036495 0.014607865163917372 0.07953464871326776 0.1171095082136859 0.09593825321462959 0.0879630895789914 0.13361818126710953 0.09080571034667931 0.14322411175386562 0.04054372591743643 0.046689340695817615 0.07093688735893648 0.0728699807067756 0.004002948706970119 0.03677470390637313 0.023588622976467587 0.039211624137315076 0.05999609082602905 0.047336173501423655 0.03172783123138601 0.042160841826034516 0.06710990764238368 0.0015082033115658851 0.12797653190355157 0.15416015464066565 0.013993402701059095 0.09807729716227627 0.05649493566651609 0.030504764701123795 0.039962931479903326 0.018359658506298584 0.06600798287876009 0.06717865432128012 0.053366475362687724 0.07007333763053485 0.04212983968907765 0.04392581014874542 0.05678299518439431 0.033718095541452546 0.03922463631827468 0.11576623791464993 0.006972804571770801 0.05939588026339219 0.014251266176982535 0.05275349786116287 0.11175800908930533 0.0006040792161815823 0.0007432838550322311 0.030242666130844243 0.12521234193443498 0.07726602481784314 0.0027410084037994146 0.01650234640377073 0.05564441048430373 0.04299870113309616 0.1502592525213856 0.11158978309425181 0.0007921200826573221 0.007090353478027444 0.07637170413742238 0.005495817524297451 0.009909312383100754 0.07797960067990364 0.013365856901306043 0.03967577309155744 0.12067358284547014 0.003504766300903635 0.0998971703065757 0.06804071459988674 0.04838189915259618 0.15187928295316405 0.007664751163744084 0.0032990911294820905 0.020008652884071408 0.009301439827610844 0.021172332884302376 0.020804146307975804 0.036120922056851176 0.007011161457952487 0.021526044857717256 0.01899560518541533 0.046675623433283506 0.02566258294104128 0.027750253551353365 0.0404732009101396 0.04643009176665847 0.09880241132109266 0.10096246104577303 0.03794883913391081 0.051155787020996935 0.06329702385990801 0.005802377344655213 0.06269082617876723 0.02311751028331185 0.06546883670029754 0.08111896577603457 0.07182804274713271 0.06298377123313723 0.10451371668821692 0.11023932608894377 0.15535401496647333 0.03386199506245871 0.05822447665009443 0.1420692989497606 0.11850602205425637 0.012662066204479872 0.04099478964251933 0.03263641834483905 0.02901246936942936 0.06630826944176432 0.0005543993500455392 0.0562748337016426 0.04617651188183001 0.0329164320271337 0.007812129199206227 0.10298133717205324 0.033231627815355505 0.031382323539570635 0.04383492120815833 0.08052440750042367 0.09372410162418537 0.009323822326831635 0.07051110378623326 0.034835709554154354 0.029169504366606664 0.052639422722075245 0.044765554548652525 0.0045573540137128195 0.04089154339772765 0.0694431634260607 0.057967306520938906 0.015121490209510615 0.025571043652868518 0.020021376193406316 0.06745065963017063 0.012178148075029776 0.06733426908230747 0.02677756762122922 0.05200475565779704 0.03138621590741983 0.06084254122891079 0.07031452967796871 0.06435244125438126 0.037901270903005976 0.04564056743369973 0.01905266222570241 0.06419359682424587 0.10774367460080084 0.0010775796083394601 0.07509791193183897 0.005252015631555538 0.0188934821755124 0.016007709466571086 0.06983063098067249 0.047356333422871745 0.052361635445853066 0.0003616038046303672 0.06146246017575698 0.04639007737569493 0.07022153074365786 0.08050069738909259 0.023796875275553794 0.06464591670029204 0.08525732942990674 0.06891297335867924 0.0009779619108309361 0.05846254573624278 0.05506571378200386 0.07412617576822604 0.07220025501838812 0.11959690221665525 0.10210474221474569 0.0908835341367675 0.051118195164902326 0.015441400095707655 0.08376924585851164 0.02904516607782932 0.05962915636796461 0.10148017156156985 0.011497156848914737 0.05483832755752436 0.012117324360802562 0.02154657895474125 0.08677948285935314 0.01760454109119069 0.10681265753007793 0.11831952147936374 0.07565382198261823 0.09124344987440947 0.0313627615487522 0.07738682028589638 0.043739935275547974 0.023332034166817145 0.06045638232422308 0.03135014020454557 0.030978414156628258 0.037935268401099884 0.03808358572553847 0.023199761278014375 0.01740331643749796 0.1352622235489557 0.04793466779152122 0.008755116132626571 0.05752833402339872 0.09314535965620324 0.035412494754535076 0.12310443449122194 0.02444499538531756 0.029063470873419144 0.04094276035466902 0.061956830575506175 0.1157718799218677 0.010143922670243095 0.08594397775891825 0.038183640608927996 0.11861892697390951 0.017863304271307476 0.09247467063837479 0.043385073784638385 0.012399451498650717 0.011152926750081603 0.08235144777937524 0.13645997197226842 0.011288217514428673 0.06028881109564202 0.031241181901631773 0.008598315023871057 0.02719782464414826 0.07632929139181142 0.012826989542451041 0.08569348555892732 0.11179744026587274 0.022512274714810467 0.012230303703951903 0.05201330318088599 0.09891789487310103 0.06817886317090101 0.015068502838728638 0.03467389825901174 0.004132552103624499 0.02462943259958138 0.017357331290229417 0.022547751903152342 0.04966362828568245 0.014832188581737918 0.0038489991418194135 0.006716399336652711
0.03864638221781069 0.02628401439084198 0.01189360345756967 0.009848029187752879 0.022240981918130828 0.06668287880055698 0.12269472307144945 0.02927795517259473 0.010213390469657604 0.0760059943317828 0.12577431692052102 0.03256135187838962 0.10397697906392038 0.01974221218469524 0.11480737227346734 0.028272006643882654 0.09179713838758549 0.09929222544255395 0.035834794528752496 0.06873621324130473 0.042566560576424155 0.0445316791328615 0.047344079728421126 0.026653005646433386 0.2570774351704519 0.09306689843500549 0.011895103792601865 0.013943055140614603 0.1342510251554847 0.11285730752252188 0.04158606989520043 0.01083243026341259 0.13310150011879512 0.13905722482972022 0.006262273197120713 0.04882526143943123 0.06125385967415306 0.07580966541028736 0.0005178198588716567 0.09836430606787612 0.09882782425932628 0.0030701642058906706 0.15085365033674755 0.10661528276032699 0.008360841108683108 0.06341950760100107 0.040020842734829164 0.016526771068656815 0.05799447116379939 0.0352896959910287 0.07343036094427419 0.028369921933230367 0.06360538366832776 0.09048817339681502 0.0770724888184431 0.09873112163873594 0.028307291145479828 0.06431467943861226 0.15234221521711663 0.14067506948785308 0.0760729365608181 0.33459802107682235 0.3386689662182424 0.1471710817279571 0.006003561040976265 0.1495544425314278 0.0247573775428739 0.038227359734773314 0.08192309844946931 0.031650696108299146 0.01291072185386366 0.0427677680573346 0.12318785926981901 0.2674471302013576 0.01612103113682268 0.1173360671013747 0.07751014872506823 0.27281637601648423 0.19334769495377707 0.10652841568239435 0.054844848657332836 0.011381065882240731 0.22681394395080232 0.11460551753951233 0.10898367557627651 0.20882874177046615 0.1066621349582598 0.04044366858986549 0.16854342556270385 0.07366976793180796 0.04734872013778712 0.02118556421514945 0.132158317635137 0.18801565208427967 0.0987700224700182 0.13829284448953638 0.22489902639756637 0.06633895956650454 0.16115550712944957 0.0678923896833282 0.06824261739354823 0.001833117774015787 0.03248809463721512 0.08836390334189952 0.004676287935968297 0.12959889230240185 0.059198576857230074 0.2856380548284196 0.222661210443659 0.10520919669799662 NaN 0.20983682063665884 0.07798440133676347 0.12026445786640483 0.10076408816981951 0.023430609432653998 0.10945422852529815 0.011057894302564457 0.1047078596153084 0.027334233054756393 0.0686864424031555 0.07446572272919043 0.03356628647658795 0.10988096253007765 0.09299521231894949 0.004973907399188799 0.0013788566086355694 0.06437386895536733 0.037567198753520124 0.051845039619281184 0.0344583228822327 0.08604972572276079 0.011003391078192743 0.03832680021560154 0.003938397511019017 0.043355691426885196 0.07110067290014352 0.048313262750814476 0.024740458729558743 0.01416892509584931 0.06802887377638184 0.010706594392464307 0.07503149767307744 0.2887702456497284 0.13873076032341183 0.12152840821098122 0.07441055154348963 0.1642037218141158 0.23478499667726044 0.1320826661172799 0.013520345224323134 0.09135165847192317 0.03908412031928888 0.05797521119750181 0.0009652369108192591 0.0025486034455754624 0.007414663906536481 0.06408312495331012 0.0014062698564884634 0.009885056571541886 0.013743349830492803 0.03282686531569457 0.11299021763350968 0.08549376905905133 0.027359718436965674 0.0731585541601128 0.08456305242830066 0.039485383031728216 0.4096306804600653 0.09474273807339618 0.03484864170570764 0.0648095820377023 0.06334684304672061 0.10524689193655239 0.10589430284787271 0.01692272936232288 0.18247813631984233 0.029499380900403997 0.24673041829685552 0.16999972061427165 0.014883428665721513 0.02667562228703069 0.05620817629403654 0.02602294361761086 0.004192550019457632 0.05275588871766169 0.06907587646257171 0.10852387969836993 0.04573464817874259 0.11892675618073104 0.11988573064777512 0.0348002052863451 0.14372599063315042 0.044328779279854874 0.08134009030647456 0.08799468358995034 0.04501645354027531 0.021653438904129546 0.05206104376051322 0.027408928005797598 0.0688570034313112 0.059274204268028874 0.01593755487575707 0.011537711361771778 0.11502647413816061 0.03383469336925998 0.018206236462229304 0.10833589329366414 0.03545995443385141 0.16215550868238054 0.07911167401622408 0.004340500022321701 0.10487699412393213 0.12599586440156743 0.14452822567874257 0.04133233086622505 0.026031251184074244 0.019966056302497343 0.05765794179169322 0.10319687089872692 0.14851611424161995 0.0376980509389077 0.17905208898010438 0.12515044851422935 0.04450205914086776 0.07662029694487982 0.034011677449048594 0.06999379402657165 0.00533897657492346 0.001232493352468176 0.032129580072532346 0.07820639926202219 0.10555464054867686 0.005321511900689235 0.10439598574379753 0.060102590197902095 0.0014479866967279733 0.008908695692246579 0.13585088546329915 0.10957237073272037 0.04270865907359566 0.1447437549156147 0.25369887984693074 0.08850191008898811 0.010726203158769008 0.06661168738182846 0.06354818852882502 0.12127599714727753 0.055782106861083 0.04973218606288085 0.1277922822585273 0.12331488324312195 0.13122341197884899 0.1229751356076096 0.01303385041527554 0.02121742982841437 0.22315211033798124 0.13796613069236716 0.04783682224254446 0.035638337520334525 0.03156098327346172 0.0757073211997198 0.060118711004409804 0.1206786638205031 0.09287358353237568 0.1596977550942349 0.12327887645556498 0.04713031790975262 0.023208395322229826 0.12201864171319018 0.030658390465682833 0.06085565785107216 0.042567137541968884 0.0037279715592882425 0.03183350231611847 0.0809398817347598 0.034660685365921956 0.04672842148464937 0.19886295957535158 0.07498765676418162 0.07384870694836221 0.05424600341235177 0.11787916404205719 0.07919139804288251 0.002328124865526442 0.012700531635640291 0.04090668207934599 0.23607686998616073 0.17424035884665703 0.030200156313026943 0.28084504083347067 0.07902666546244864 0.12273702745951603 0.09496423995473352 0.054602743824837326 0.04992372068293882 0.008298618853895413 0.033207021621298884 0.08547334514957916 0.016005739187328914 0.009916823006281465 0.12022094936515994 0.05108647137702237 0.14384741816284363 0.04351697475929102 0.03644096127168464 0.07877455859509262 0.015870667527652798 0.020434756567891215 0.08935127224304862 0.010694620764836222 0.08973124987298844 0.2186860695497457 0.028173115358402622 0.010509214707742699 0.05179304406086186 0.11895156709257128 0.039498824591748326 0.08923046175389875 0.09335186164156369 0.08048403150064436 0.08412906264739714 0.030797228686208666 0.08869777864217017 0.009675893093175743 0.0768824936831366 0.15805213284670194 0.04958166966172758 0.12947174811822032 0.09208130595818725 0.21353406863084617 0.013526828933626736 0.05138628366283767 0.08240390203315806 0.05422231239742467 0.12060075279409753 0.024689394129458777 0.02943772870989218 0.05476843609703742 0.026816983086726844 0.13512632079202822 0.0007764195055334609 0.048164884795215634 0.0027971613026876846 0.06865455311547153 0.05429714731965799 0.11372621991864068 0.013223650196689255 0.156044188422891 0.05236241892870208 0.009736884459167629 0.007627758914305534 0.09399102029764277 0.0629300941936531 0.07116377955804179 0.04083902535179803 0.015582342799903191 0.07019086448584057 0.21073195119185004 0.19107451901182743 0.22210498961288838 0.026201435366295146 0.04005612290377902 0.10728424876748893 0.0004306771661678259 0.059084216985814446 0.016074764570805023 0.0021603975199068343 0.048645097766985584 0.02739708980023561 0.2518627765160539 0.0983943272445175 0.03037149145569788 0.023072648797433568 0.007953444404576921 0.08768330792566259 0.02834766045619774 0.028432321472153754 0.027074168519961018
0.030197353826261875 0.0022352008664692814 0.005773844469977222 0.0454972328233497 0.06901351074208807 0.063418700554071 0.07847309635842492 0.0008286816415791379 0.045571076921204136 0.051107338678134495 0.06804452497584236 0.08829928005255365 0.010243656670800154 0.03755461922233721 0.0011019779451102386 0.031450993506295155 0.04042077977473334 0.1297379960057138 0.009830310773767444 0.047344727104883216 0.02298295864778512 0.09293056415182854 0.014710078937558595 0.0707871346818671 0.1330716381983212 0.15448845592563104 0.026423076731479433 0.02241770897590467 0.07216090716078687 0.0465355373067643 0.03590007592944907 0.014661378155264823 0.0817768423585694 0.02326067862637178 0.03800780254791808 0.016555510240709587 0.020648890345206256 0.030814673530635245 0.06004994098090357 0.05759114452165011 0.014983731963784804 0.036890711118910166 0.05249769051902754 0.04234853323455364 0.050166683114694126 0.048138722971255495 0.04762394074285631 0.00994474071009771 0.017905404995918108 0.036690783220061134 0.027409813491249276 0.011535832658704274 0.0006847901425662596 0.04500746157230742 0.02033825053693318 0.010074197393839685 0.04184372599230473 0.06165324055868996 0.042750429453557025 0.04030018364880159 0.03504514168795118 0.136048932834731 0.02591707749422184 0.13430544044590195 0.01877004065600714 0.09546282378640945 0.0073120618061741725 0.080620881144058 0.10774690885933352 0.021491838509868355 0.051688636705135536 0.07049236827155796 0.01728488577135496 0.2389274292375451 0.14601723602248312 0.00857284545642587 0.04864449739985676 0.07838119570992727 0.04126383158840334 0.034116618631800835 0.028257432368966953 0.03331187067492238 0.008596373427367314 0.09216879485744085 0.06006788131189725 0.12686383440060564 0.08191779633804872 0.00018504068014358455 0.0965720416430548 0.008148595343507663 0.02426265035153716 0.06504700158961928 0.09613573723524826 0.12505437703037564 0.0030619418714031687 0.02572411895185102 0.005518341336527601 0.05122654462590566 0.01726136703741483 0.00014815871955446187 0.0561978098436251 0.0709565571568005 0.010214578345606176 0.03194467491821841 0.06863347725492812 0.16699740634041116 0.0901189856264418 0.038556521895131333 0.13690704209630966 0.07850714830292925 0.20983682063665884 NaN 0.04701780763635598 0.035426703408934314 0.03742667032611407 0.014317793044408795 0.03567788251374084 0.0658333366211847 0.005919746419154353 0.05415710561941029 0.016796341240536323 0.046620199992281224 0.026326309595405807 0.0915889538729117 0.1154290013232999 0.056550358041491985 0.03860197730437864 0.07081847261672931 0.15655795823797553 0.07822002070925531 0.1055157940104133 0.03039796373557015 0.06357998229380017 0.007954784578889927 0.016984387198812227 0.03298916786723768 0.07185976289852021 0.08911753650471997 0.07285660337193962 0.06877009722050466 0.005053387144779553 0.04506532118210676 0.03733824689600039 0.029836647217653518 0.005793724753914115 0.013222697226066126 0.02321345451248084 0.03132560652626483 0.08057208868670478 0.032655407804109596 0.07448992258247274 0.004910961295025746 0.009783012120422244 0.008239803478363393 0.025203672794561156 0.03990966417703428 0.05754012462822735 0.015516257450390987 0.01009364174660644 0.012200312746750347 0.010659779415607881 0.00843887295988855 0.06147087775123798 0.024121876280041834 0.05520591444361293 0.03480304813045853 0.03688340000571034 0.0010700795055863218 0.15812769246548952 0.030080358980832375 0.05035568302086596 0.012512865284391593 0.023236126778926832 0.007497029517387123 0.0686286325387649 0.03637819076933936 0.03230531504811638 0.05626962930664244 0.12139898949911263 0.032702171412290676 0.03884406666007227 0.014238601719057368 0.03224310817773317 0.040665485491672024 0.10223935609142029 0.08007303792493889 0.07785919942354895 0.0016644166395329602 0.030022450143017746 0.005673601215871969 0.027730699058250628 0.1100675547356791 0.0127025694963646 0.05911207617888469 0.042391667707793075 0.009121266754601946 0.03125898718211851 0.10488881360179597 0.02635718760757106 0.10179330770836684 0.06473038931711275 0.08595734431884604 0.010229643215380719 0.032473354271061815 0.05956028797884854 0.12503416577951845 0.04215754507554642 0.031684961152939804 0.07592326497014965 0.050658369322875665 0.06882985916105332 0.043255841564757924 0.012955231450910253 0.07901622908408823 0.04063341126410957 0.03669682976334381 0.01642175364714906 0.020523759529215174 0.00338466937620177 0.05680594084742623 0.11747223818500337 0.014396369232250879 0.04390334468487623 0.0037895576663257986 0.07673648070599262 0.05593531185306668 0.0021419532791584167 0.0008732036465009165 0.08373819981573137 0.0038889393800222495 0.015971393167531482 0.017622835382995812 0.0026876896721298718 0.03929799782051143 0.004227004091337404 0.024522947097949856 0.09817558409392588 0.01285099567975768 0.042633710975170394 0.03654991690795624 0.010755853183428574 0.07234724958679378 0.10372706343726783 0.09015787127036648 0.030745512025989595 0.038134038045502035 0.0021251509629529896 0.06819574688823045 0.11845832645297917 0.11422906401320715 0.032683394191038766 0.05638633582140586 0.04066237304489506 0.11953199876824332 0.10666494056590524 0.09468059971159377 0.13124028598312049 0.023176528256687 0.0010410411730884764 0.05873111010770683 0.006791129911699625 0.0013061956972923775 0.023894601301403553 0.008760510770947687 0.013107454025441702 0.05706041558719052 0.017947097034744678 0.040514714829232884 0.02039885647572142 0.08297610814124055 0.0936082480378523 0.0471049151219 0.004618121251530387 0.03399738671100989 0.0005223057712481313 0.020361737048452348 0.04369287482528991 0.0368794987975334 0.03149269150052082 0.009227095517563311 0.022791179604646418 0.023586788523116967 0.03126531356791174 0.030532186644681415 0.1255893718595233 0.009560222813310456 0.006198801475185593 0.09879697875813448 0.10463537647024537 0.037734075370065914 0.17973320441107202 0.05511566097075236 0.04529446352056725 0.0034615797154848075 0.02113252201439714 0.018251515567733634 0.006967139179200017 0.049032512982490534 0.08285496990230597 0.050597606597611075 0.02811932021709009 0.014457637043043238 0.02675164414180811 0.0005720309562668315 0.06607486423845628 0.03704116359618077 0.050166033835207804 0.07892149785599838 0.049730262233784746 0.029106366775562897 0.05414477830663189 0.055640421352345065 0.13682328110554184 0.03399661374865469 0.007733182237465199 0.011114412721353547 0.08613812040504476 0.022667274558720252 0.08982346515685317 0.05615057140696555 0.011519418794133228 0.07296950032458371 0.047517252761697194 0.026189015384869604 0.04305290817954613 0.012165679454898378 0.025695671527940916 0.019639300590379407 0.020171005361246577 0.019490778596223522 0.15120528092421628 0.056700788604416026 0.041402426704661086 0.010948328959747199 0.0891386554968987 0.07309710373136961 0.028562477853787294 0.039951681375088026 0.014777324762012435 0.03565083866846013 0.043210314905851956 0.007488984334068485 0.09216617694481369 0.011517234882238646 0.03294031526345534 0.07247577515924597 0.05452461057361246 0.017262757868376735 0.051003310300647454 0.0334036342475265 0.07012605334941958 0.11282200868181315 0.020696303301774792 0.006735962266549133 0.012340620432988147 0.054284386280845136 0.02249973284286824 0.02378777065396561 0.06078517724341858 0.08875219002260788 0.10576724219511786 0.02035148258805133 0.012081332718847008 0.015569089844928274 0.008929012826907052 0.015546224379495491 0.05502452116467065 0.08949212221913078 0.014628018603550683 0.03628344951070906 0.09504001979732792 0.006598576705131665 0.030061074239500694 0.01566175094302039 0.045844028500687924 0.06871201968022365 0.0476484185611729 0.020249950604287578 0.005250027498897431
0.04156976359056626 0.035292339533781185 0.09043607877881694 0.05799613225085338 0.03496271173896524 0.05719675536317905 0.0566093892492082 0.08777479373942954 0.07740297759427364 0.07262642585378704 0.01936931268358658 0.001725052549871343 0.065351550613466 0.09809187831167379 0.037110190516823766 0.07829636235750217 0.02321130842135901 0.015448806838844987 0.06592273349804795 0.019258710382098778 0.06172454074783542 0.042781703254305706 0.034207278964963 0.07044230192763552 0.0689308201354682 0.04070005312388073 0.010632272374669096 0.044558435669400515 0.01457862963856928 0.00027135569813115676 0.02395796756036641 0.0038718765093457693 0.020951263374389146 0.09601529449630494 0.0001784369940925105 0.036523242664903297 0.08896803551210365 0.02176673351276255 0.1536563459481565 0.051607445616446375 0.1507468213016953 0.006995942581025031 0.0631402363018836 0.005825456312386166 0.006081087077704576 0.009915755031996104 0.04186670678661541 0.06985099982159033 0.012038661548207572 0.006353120106520988 0.057319706252301914 0.10245388257569919 0.1396143242139423 0.015586850948009202 0.0643219154227437 0.054736926094602706 0.08966387222594506 0.003890219813135864 0.09755110810602548 0.14126727995022778 5.336141102961917e-05 0.08711352498625034 0.03556046922050705 0.01293694313148612 0.037696120421358566 0.03634102079747079 0.013630523646969426 0.027626075708116003 0.01132277874822087 0.028362993472233762 0.041443407148425544 0.022856206379031605 0.027336377926046884 0.0009059663824727647 0.05507072528454426 0.01748370378599248 0.008088058354034235 0.02603428678439985 0.027717570940407627 0.014157948314895141 0.007999574553493465 0.03373570792000264 0.04866139459989327 0.0991245338549001 0.07449883228992824 0.061158413985728396 0.020072342792464882 0.019314839874190026 0.010380985087916723 0.022146522749196835 0.04890920102530463 0.041266064842501525 0.0027262656414207185 0.026616888924577052 0.06668921456017211 0.019828871125682924 0.035251597759528575 0.013196305845023234 0.1614265967272449 0.11843272272407399 0.09873450667420725 0.08456219123260755 0.1055446927018542 0.08960011338332588 0.08845818072725566 0.10437873803649049 0.04033901748280194 0.07620169664498044 0.10853097160240381 0.000575464675552303 0.07798440133676347 0.04701780763635598 NaN 0.10324484468001999 0.09882544781595615 0.06069795102988378 0.058115887967954104 0.03700496382655768 0.027274720985895156 0.018096231004908123 0.09260018686853567 0.0032914437543102473 0.017547123689954723 0.09569887192279539 0.02807053447332094 0.050307021890181255 0.010115962335506138 0.006667875868985599 0.05062217902594371 0.0426493644046692 0.03746384262796398 0.023334127462716382 0.024512848622805426 0.05329343800612364 0.011830214415795437 0.02734365106343757 0.013208470812482156 0.040846487382414025 0.0007769484977434207 0.007694747101606324 0.010915413164109298 0.011271533459457679 0.07628419778128795 0.10480135860672365 0.06009374846907577 0.03059038744750951 0.0874427111032582 0.0564944615538489 0.01960680711858055 0.037701408693669905 0.040041238991173775 0.013360222261465922 0.060906453987603304 0.02739017754635867 0.06961479955068393 0.05118016725141485 0.022043562632417083 0.02930876101567527 0.05115923985700801 0.0020647618660557376 0.023837520624383733 0.020382554279150106 0.07005759033346579 0.0152659590766854 0.05828672325177291 0.03006746355678505 0.007486553029906807 0.028191843005770344 0.020865530819094313 0.04244765512537122 0.03201036194366537 0.006477932403089288 0.09988986688173795 0.11331365322754848 0.09695516185696951 0.03189050843206018 0.005483208273732488 0.0009230207738530658 0.05918397554098686 0.049085698639408266 0.05195677297871146 0.09176232468629945 0.10284806560365922 0.05713892453813826 0.05357823208632803 0.039643910849849286 0.006782624332128417 0.09463311048614222 0.08582634602307906 0.08785125384970761 0.030650509603826162 0.04662979435062148 0.06822366152525426 0.04799460657059039 0.02255925210257298 0.005130464827205403 0.07066700347750267 0.003533531248547972 0.06215399657286062 0.042547830011577706 0.06296418571739104 0.004252865230654716 0.08105199539940139 0.07674997575494961 0.027171706146847628 0.037439826937830496 0.03731758497469616 0.04513834219990311 0.08370337241214418 0.015999647643069412 0.04743638928350987 0.00854717981111978 0.019280122198728204 0.014018939405638444 0.012734029428172788 0.059791795549511195 0.06153699750652818 0.12456266797936918 0.0965155809962057 0.012815187657139043 0.1215202465644499 0.05832180908622152 0.03021945191631912 0.037655892490745475 0.019504529892427538 0.05178880012971181 0.005816515611975025 0.10347444921624951 0.0038557816999370935 0.006251195249289229 0.08777426824889654 0.07720330574930852 0.1008290447580897 0.03814074073582431 0.05753663457770107 0.0005463897003708566 0.036293666625456945 0.01650914567966794 0.15677281981341976 0.12149626969928168 0.0404854289908793 0.015503839833252413 0.0119203945343939 0.06692980436008734 0.034997859307067884 0.026029765518774034 0.010426314235484898 0.03760175710082706 0.008167287796869553 0.013859046776940349 0.019137376840321456 0.027107586638525145 0.015372904831343156 0.01421448454896944 0.022639764212567286 0.007650727918896229 0.06876087414412915 0.012098693135923912 0.014212057081577212 0.05881074849051894 0.02725340901390959 0.04509824745215675 0.009062311443777721 0.08238678046411571 0.0776010989902938 0.047996420426902484 0.012597736601383575 0.0356632867271816 0.011671884073034097 0.06138535690576328 0.0209753633939591 0.016342154850966382 0.03420567896679315 0.02356055479893143 0.06563998567127376 0.03279485871670282 0.018644834172815625 0.031349643729057144 0.1536479920281344 0.10394942896970502 0.06642717916196035 0.11595437296112951 0.08296648446824938 0.06766684460526835 0.08799549580697627 0.11937557571216738 0.03636052457133995 0.054803112532011124 0.04676413973015994 0.026666414398663865 0.06525582528398974 0.0792184355035644 0.11902852419980024 0.06184600864777184 0.05790770389701314 0.029770836959956647 0.009213413528139742 0.057632696502592 0.07230374442044231 0.011999542113046166 0.05287605749678225 0.009856028231279018 0.03639830402215884 0.12820552143055772 0.02757395853799355 0.06834282773075398 0.018067416946802695 0.04007805484229567 0.016126424560658888 0.033191217987802446 7.926184921474731e-05 0.0036472618372509107 0.0032357750425567634 0.03933779505732704 0.005557946809622079 0.032885350821873056 0.012766577521306409 0.016638303932188916 0.004891987012505927 0.042774860253515117 0.009644755844529396 0.021185661630807116 0.038842937952344524 0.015193846918942596 0.055182007513110545 0.07741592994030244 0.06591894401894274 0.021194167343957255 0.029235709016075192 0.03688866087009118 0.025560818602254565 0.034194805774948656 0.030644326339789713 0.02635242631944248 0.011246810965267483 0.06862077080211168 0.007788701539384242 0.028009061428822868 0.04065850626282165 0.07101576865576958 0.016418849785579323 0.04015754542825441 0.01917968854371223 0.011587309011084094 0.03264894107217508 0.020070978238021696 0.1272241794191077 0.0459162360232406 0.039319759959808256 0.0662229597128894 0.022036004688378956 0.000201082327446345 0.09978532825738443 0.07665644580463338 0.10002586271059462 0.041682713055644714 0.011181067019737022 0.012996641786257635 0.08810490490519093 0.0465787944478796 0.013910422466665589 0.06992876239313774 0.025395577597836033 0.04401302499466366 0.011749497592589775 0.030172128436193792 0.05753383948247481 0.028834597917341612 0.0035761232876062653 0.03837982438645789 0.012101853271567558 0.03983975121099752 0.011126832420892154 0.015102214188358679 0.023623330697236752 0.04566369807284045 0.0368895692387728 0.048466425979549664 0.06631411769547386
0.04612577578021326 0.18316212292907522 0.048540949971664825 0.07569760141544837 0.0978596308705519 0.12952320729953834 0.06681970940496784 0.06553655588274444 0.11965565771016087 0.11322628956289213 0.08277858849056353 0.07228172473734554 0.04638729746095917 0.0887883966129616 0.0024527133586647186 0.0013331438005973527 0.0007732110106470248 0.05498276806024143 0.10451002345754387 0.059203694511719356 0.15950037553994798 0.04440767893716387 0.1526229543173356 0.030841238437673058 0.0838070811782344 0.052625472285929044 0.06714614920353786 0.0010483813008124994 0.04684600854369424 0.036279847888175724 0.05637221883401126 0.00841988990213211 0.057752363785796845 0.002102271563191853 0.0657195882332758 0.026999668386399035 0.16980630422311516 0.06483407810468453 0.10548392723112225 0.03694201970116854 0.10057333348055289 0.04107280450823216 0.13041687730931334 0.05315114810903714 0.008824473360993302 0.09015898165544647 0.03746213287392907 0.05046780069281793 0.02157000248297356 0.09871373511147306 0.11933642873711367 0.08271801358064117 0.16209463721096645 0.01702331244330347 0.028173782815629118 0.04322596137984095 0.06110480570118835 0.03875315825502987 0.13280853698643774 0.12272327797631395 0.07529361218871859 0.11718788424818857 0.029087355283769857 0.002871569831537361 0.04454375877799009 0.09891001685299183 0.019793841421148112 0.026986304313772448 0.026933202256613095 0.09815974001817224 0.05363097383165107 0.04271136723616814 0.0047238536555129435 0.009545239985213328 0.0463680613068738 0.028477375735513143 0.062338789281002664 0.035944157661939535 0.009542896191301756 0.04059139405391817 0.012741339516369445 0.015595022086524137 0.04724540290631481 0.045164064967636225 0.01592116998171301 0.05527070974949517 0.0762516541403842 0.03914779561528687 0.01757214887431307 0.07091954225001816 0.01407234787905907 0.02932046519037053 0.04252019292613085 0.016944904866938636 0.059702308998094665 0.005233091703774108 0.10844632861061325 0.027471507474561917 0.20574454810072842 0.16706236281980888 0.09625452969791909 0.11366918679506115 0.09009295712054298 0.12178164166788497 0.15007133250553728 0.15549271715951482 0.0827110954294134 0.19808618416956345 0.1397303034408012 0.03807630881189773 0.12026445786640483 0.035426703408934314 0.10324484468001999 NaN 0.13850568133504326 0.005234732202446475 0.0042948712419151455 0.05889349702324205 0.012606008938939437 0.011863868003753296 0.032980893370010575 0.030194593124898847 0.03418218655889138 0.06733382873758954 0.00934973039351366 0.03345672035667773 0.0036153316312920254 0.060801196949048446 0.013345325162522688 0.011459516980159035 0.026545076235789725 0.052292970432211455 0.012898297832537747 0.005954555508793085 0.025018684933630672 0.030296511631916125 0.009788346785436618 0.04249570719541696 0.02550691060198995 0.1483772743590354 0.044935761449563426 0.026273696507847236 0.02396283868051355 0.0627055270942284 0.02022368158882027 0.037288387577192716 0.10553868798208793 0.020964593549722674 0.010517428988219314 0.048933107373795005 0.020831086018067303 0.009059420825289627 0.047235335454242196 0.03859656177801764 0.06925780453563206 0.1788968486518946 0.0726657952201475 0.05727631576566471 0.057580729245035475 0.11243605277441288 0.04813228569482385 0.07594979821973759 0.047662343108884675 0.03617051282845737 0.06575648611426603 0.03967758578229498 0.08804299474855455 0.07414486944292768 0.08566330440102332 0.13140008875345008 0.07446775545455842 0.05497311952883509 0.058000184811344356 0.16130513545130765 0.1329782648189042 0.05436641416248709 0.0028953262206099354 0.041514945247706006 0.0662977978635087 0.09953236344184882 0.04783824920071889 0.12773373954146255 0.05787015385106368 0.037694428849828494 0.08080290563964 0.10011643144905223 0.03717654296648267 0.17797538372935895 0.15526234100837513 0.15962506361282797 0.04845711342733517 0.016089252010009988 0.01573263227465257 0.0132577924931431 0.0065766665463975384 0.016132523937783808 0.05114928119738078 0.003512948205271225 0.06504921369526327 0.050126731643942005 0.16112722290067097 0.014534728862302851 0.12121259632473581 0.05997673568923399 0.04506110150433826 0.05418158641483538 0.004144469482094894 0.06102651209047343 0.022193314252189792 0.005889775351612087 0.04800567139535439 0.02529522257545132 0.011020313748749087 0.056309984946668376 0.03150288027411842 0.08245626665154848 0.10263810116354474 0.012613407326733144 0.032397313384286246 0.07411458989667614 0.11041656916115714 0.09982395052762917 0.023216026485469853 0.028390626443048322 0.05817110655468391 0.06152718606146516 0.01609785723478193 0.06747496951582277 0.05320008623159316 0.10463525524812867 0.14647951171407378 0.08236092014727342 0.13965621036186784 0.017629550393806332 0.0049287435863209226 0.08144719209389448 0.0034722880705484447 0.03819253105290974 0.10530478692164964 0.1285491131537884 0.051951217047627056 0.0321894010939991 0.02358567775179908 0.01260857481101683 0.05365961159593327 0.012130292730985159 0.004484321501588144 0.020303134980428305 0.053804686917597495 0.05866096935581536 0.03898370468952047 0.04759077598478979 0.00562249877216393 0.034563205927051886 0.032032467395863976 0.010070740605691708 0.07135525728862598 0.03601511187323273 0.02699795819820112 0.01869521550767693 0.008041725975865156 0.0028143227503884495 0.007486091693371482 0.09876282739482631 0.025173682100617267 0.053397443660698304 0.005555434787506126 0.03699800185106569 0.043799866771783894 0.0068958523914448506 0.07730076373888523 0.014679427312060605 0.0018121526312390487 0.036602272077587074 0.020908975555783242 0.035727827593995405 0.03527491355817143 0.03597427290727799 0.20497257358356097 0.106405086472557 0.12947545641117683 0.07172069530749928 0.10215569264333725 0.16179452811170295 0.15996735257069084 0.0814131210395992 0.08143089055795007 0.1913046674116904 0.02928921111473315 0.00727442096594457 0.1583280351265858 0.09867558076068099 0.14554579796191786 0.14977412224132394 0.01059691665778742 0.01254239773817997 0.07798225759285625 0.021230096276955924 0.07607491827959527 0.013528930354381146 0.012244277868739089 0.056598998136526316 0.14539244197734152 0.14045567458198185 0.020590218626144404 0.005135827269718907 0.01890997038847529 0.06863552472973249 0.06848312490184262 0.07380625619310012 0.01667808203163933 0.04422177301401597 0.049036047358413125 0.007742797717406147 0.05777982484972472 0.00712316068080646 0.10558200611578981 0.015437759761162134 0.07976974822204194 0.020078460089685033 0.014883887960838896 0.018246781830712717 0.05701664892975242 0.036893839708352326 0.04899231148092763 0.007654329932569201 0.1109174923479482 0.03576256375233335 0.038429579557703986 0.07960063523082214 0.03917860508768126 0.017300198697396803 0.004533059685951319 0.08683605461117731 0.00381099644238973 0.20996848186288977 0.05285178711147996 0.05533636642112011 0.021502996748886078 0.04544692293745681 0.013764157989077177 0.0186106186557432 0.005096263780530186 0.02810743550919801 0.001974554444831799 0.00424065439122044 0.0814929298728242 0.07820111617391004 0.05205944860377224 0.030670035021472804 0.0222750774098995 0.10561940446876898 0.07048255963231449 0.11925041547200041 0.09680474081445774 0.05222289816548509 0.06599883369228658 0.08121797919264938 0.1019800357289168 0.08877030595319685 0.1560081963201464 0.0028673128328468994 0.007263565181549878 0.04607421264056998 0.011893031418165431 0.078722218382529 0.02814426791359751 0.03786188673229242 0.011904247557103667 0.02616323970459301 0.19288524446449173 0.005732981296670518 0.05184591507948391 0.0062085211662112425 0.017614493537072357 0.00410479835717442 0.01158352862954511 0.037839900517968435 0.035597076593099644
0.13168258868262625 0.22442018661005253 0.08458905023102671 0.055487504740576545 0.02942088597312459 0.11454482816840082 0.12595716763956605 0.25736426158228864 0.30830162069290296 0.09678081734302725 0.13810053703638303 0.11093455293790493 0.11866827926733346 0.08931442043290914 0.20671547354239725 0.01458382502544265 0.034042960556592436 0.1506858920877694 0.03982967487003646 0.02092984586575178 0.12548089569422524 0.10749238709106869 0.24743017941454457 0.08571201402059232 0.0318344604261509 0.05524033819219148 0.041035089441495844 0.010958844561565824 0.04920139685698476 0.061916047449948074 0.10237511747070924 0.006297798471151169 0.025237724292983946 0.04117229600297154 0.08780290833685166 0.07044445256278044 0.06389001337989071 0.06836629871963622 0.09756580397587555 0.2103260578632841 0.11794520230267615 0.024162633282881193 0.0807191361253545 0.11610713762067582 0.07452224548132039 0.046096985182861386 0.18676954666532683 0.07086982531391679 0.019541928067891463 0.07850652094613882 0.3021368890575159 0.22686946305901903 0.25600677799725186 0.15294514618812752 0.0992644744176585 0.20226906185243693 0.08330427272418528 0.037588678320004086 0.051986588814406966 0.007978881774798482 0.0173921562491457 0.10358947789639665 0.016845950073569132 0.05066505417864273 0.08856903822227144 0.07591461549331091 0.019427350059432632 0.09323633423242661 0.05411897453608622 0.033418723053566156 0.09164435557499193 0.04417994468489603 0.07167027486943209 0.0069728541785907495 0.03146130313612663 0.08952557308713753 0.01463343444379533 0.017527827194795995 0.08992264234245882 0.09967700371622944 0.09758327602599325 0.024304519666775878 0.0635550890676226 0.07035770135393453 0.15650659040248574 0.16154632665608842 0.04868805074794364 0.04579083352443735 0.04521026656867886 0.10414698659942538 0.05509726036627677 0.04843735588573119 0.07050931250169612 0.023231295575950866 0.08906896481691216 0.05849114150590014 0.08985757343475122 0.013590556007421418 0.14824060707002376 0.2415507224966602 0.1219400322659996 0.04086632569215048 0.03909963609268399 0.04418472204298594 0.015403551014361737 0.18921773064865813 0.014190022447470389 0.05676210428100249 0.07120559340178353 0.059165763392087796 0.10076408816981951 0.03742667032611407 0.09882544781595615 0.13850568133504326 NaN 0.22634330327734614 0.12160937252979344 0.05545396901413146 0.06599521969034138 0.11777014859634509 0.01990306528572434 0.0020737421194846717 0.020194524365652455 0.001657805850649986 0.07968214233638078 0.018443967309461365 0.0371591684980602 0.014088955379145939 0.08662010412121125 0.014492688870887813 0.062376079987221965 0.12111849820213735 0.05819398154621178 0.022855719359745327 0.07083012882111821 0.02200779099731606 0.05562626765965619 0.17988881836890472 0.05636712785899528 0.10179028371679755 0.09141003026470364 0.01886214628893303 0.08516024389680277 0.06903948809086492 0.042540865407749796 0.001948330417926639 0.06751911405095964 0.09584175303507365 0.06008920973583241 0.06356580724031034 0.027924926951715005 0.01609700559967041 0.08371864314227058 0.09562587402638856 0.007502003804781497 0.21459580836618503 0.17725016562338894 0.0804858826230845 0.11913843293267116 0.14626589197598955 0.09641437217794276 0.06221422099579165 0.12311432495595603 0.007880177778975097 0.10269461999102561 0.09398200865779166 0.0256801261238671 0.2915718392815916 0.011836389661690538 0.08585846535041085 0.13274008560237782 0.007803772400496041 0.0038487928584774603 0.042487806596522376 0.0762072600227731 0.04922426217346328 0.06206330310015421 0.025116543854629733 0.05357039366927777 0.10233706283695297 0.14746646045644665 0.17670820198957435 0.008008788096345974 0.13032430355177488 0.08474435397127696 0.011153647986584673 0.021038856160429685 0.2802584221863526 0.29709890881988177 0.002777296156307115 0.09205640733572218 0.09505163294300309 0.13306328895239658 0.13062037153861406 0.23075156083754558 0.008068237319832578 0.014425530744643382 0.10310394167188562 0.043841913881365 0.047616301228287077 0.1502544345616992 0.10863574379061935 0.19002718148959283 0.11264854277305354 0.04944619367340803 0.0380426326549112 0.03462453087000901 0.09209407072359121 0.03234440731630796 0.08217141895249332 0.05972825038464714 0.07607721840820228 0.003950360479580439 0.010573467752582728 0.02175738081413741 0.015783112383259062 0.015805850103659404 0.10259388032175148 0.10745485793503852 0.22247787242598804 0.0785764682309423 0.010915587875471177 0.02944543280866245 0.051901562110362356 0.07135614102590798 0.007403402404000204 0.16927546067656163 0.03185798474273774 0.08568134346602879 0.003850097854265927 0.3118023839811333 0.19006219444624503 0.22681943187059136 0.13837503019853772 0.19048605230129245 0.16585596823455254 0.04965588942687872 0.048479973341029235 0.011641421988504964 0.00287497018998995 0.06557103414478478 0.021140930532928797 0.05761659047641608 0.0435667588057122 0.03914925391126189 0.0020010183111897352 0.027995153767091732 0.09887169567999039 0.0018477611215465687 0.0015205069050596165 0.07110981429171467 0.09556600616430333 0.0714578051221414 0.04477391208405723 0.11092016265405154 0.015178119882807446 0.0006587604678481096 0.07273169407192143 0.0006333672745260191 0.0021791738955810516 0.029140952230158237 0.07331702346021236 0.09370265391238047 0.04212500206858845 0.0839330330618227 0.14598260358472573 0.07437043173574429 0.022492201113513015 0.11096271631637085 0.03798627883591387 0.054269289210174744 0.04599453743211291 0.03329532370994329 0.03371626378383775 0.04246236977831136 0.04633801929966055 0.04031631990548307 0.06036849742524131 0.11605243747876054 0.22691868918271685 0.14484924189430073 0.11882240249611899 0.04290534888464947 0.03538602444536375 0.07158781121648072 0.05324138133991892 0.00934883277604093 0.13782239095656146 0.002357685848825738 0.008427638716914267 0.023430989359378245 0.0036382944046726958 0.08899442682643749 0.05005816200875874 0.025345272416776775 0.0679072697501404 0.013929707761336983 0.06330145768750492 0.10646972333025116 0.03143680411449458 0.01285635359665998 0.0041882687022356735 0.06921159617634551 0.0363873363173372 0.1316236704985806 0.01965595095130982 0.06604702127715678 0.046523276497116725 0.07413297598709342 0.06457081473194655 0.017747688170887097 0.03602307650429239 0.0017948240981772465 0.012376696074252892 0.0868811151511574 0.04760559467867738 0.11831415554360304 0.0822071406729284 0.1328114813156737 0.027945786866064335 0.08011831788390046 0.02645363084570536 0.1744979350949292 0.07256718532852453 0.02778920836674963 0.028586813987551755 0.11293166442652042 0.17560859583761707 0.11763126221332605 0.07009478973765887 0.06226050042577248 0.01305819431865972 0.08360555130267763 0.09525282496238299 0.04429947407848436 0.20868354301561232 0.0976058532127395 0.08202823332883585 0.05568338381841887 0.03052751319619748 0.019748905566974267 0.08207430578535704 0.06540822708904998 0.08631830637856742 0.02512983672432891 0.026155480174412982 0.00011817270907522389 0.02312791776016239 0.018717097392224387 0.11134056773716541 0.09463854208819714 0.06098076435495568 0.001773577100626763 0.03127240424941495 0.1906023990921966 0.0360343815627876 0.05794922918426143 0.03093224979569897 0.02661618657228139 0.06907133268927147 0.2444061608668616 0.05681498793024642 0.09604257660077437 0.03371243697481773 0.009951462723773384 0.17139606890468018 0.10218020783519276 0.04650692116885627 0.02057924710753283 0.07094709603229125 0.22471380720681353 0.09606425986547888 0.12591405574295017 0.16652257392686673 0.003914888938962842 0.10379962706323718 0.00634110059857951 0.06599216638829185 0.0679631578780883
0.2799036602701093 0.2738676635139906 0.0574280530807141 0.10896789675228603 0.08671577677042328 0.1409649686052709 0.24260736405418895 0.43958062384694246 0.3674361854566004 0.12981363773953913 0.2923364303766402 0.44444405413148913 0.13464385688560299 0.20786524003962592 0.2790023204475257 0.006092969568790367 0.15473508421541113 0.3832590898787215 0.02787105955749991 0.11521919877221502 0.202575395386512 0.35499575400140265 0.33834533303305214 0.2914263942625373 0.07880057153215606 0.15614565196722355 0.19605368746795823 0.009642595783899107 0.06990644262763056 0.11538624057410313 0.04949709427365912 0.033753474401547544 0.07358628348521581 0.07946731422500299 0.12708810867430123 0.1397224422618548 0.02261165305564155 0.17654797971289327 0.1496668435378843 0.2953184064277006 0.1090415463280404 0.17093562727190045 0.015697294819907077 0.10290686260919672 0.00023332276545850629 0.10137827420256751 0.47699382804005197 0.06939792587989532 0.12015512847225333 0.5149433903612864 0.42748082229597884 0.4104860992759884 0.28864637643343366 0.4333471556186104 0.21386821733664696 0.45721902391145924 0.07766614157809493 0.13053583451008116 0.20625690449968823 0.23828129040935345 0.03822901720338369 0.0815063551439319 0.06985070153690612 0.028517576092651344 0.14296830577584416 0.11084436106834139 0.14012156204223197 0.2760815689468303 0.1771636809013356 0.1763197325982597 0.20247107313954152 0.1479784716937759 0.16309130428654267 0.034909219213906384 0.23180741877766262 0.1371680891037532 0.0492875199773219 0.08669633915741676 0.16910740056647286 0.1535559861302152 0.16697807184672525 0.02940552289269597 0.15225699992221878 0.01725304419137805 0.19480318449030828 0.2228390131938835 0.01872951570973727 0.0894023364255256 0.1389585661373438 0.1181940986240098 0.07526366194771139 0.059605506322299114 0.02457776233217658 0.055115579249817026 0.1266463424888197 0.32537168108621656 0.02513676610498061 0.11101545328998344 0.08433514875492899 0.0541004378251021 0.12351305339732652 0.05858940731463603 0.1310355366501718 0.10548496858652348 0.13729131271446793 0.15526011572008827 0.0480864392815851 0.01058639926740068 0.08826983930257315 0.05741821321015812 0.023430609432653998 0.014317793044408795 0.06069795102988378 0.005234732202446475 0.22634330327734614 NaN 0.5329492233136329 0.14025336033583305 0.04173653561245136 0.13046140689099398 0.06373617752331077 0.12722851978761754 0.08080010646018426 0.14815113329244045 0.2830106980036857 0.10381723222311555 0.0036418402383415803 0.031714288028602426 0.23196286971161761 0.17779264112948154 0.17208670004054102 0.2616592271762437 0.08502555286258226 0.008059672976803963 0.10815879962247704 0.18458252830738392 0.36666688043531664 0.4326389218297253 0.15873861850086834 0.08425733165776451 0.13618734390007473 0.0931370866759458 0.1363598961983382 0.012219463050979582 0.06498230130185177 0.04972699857897286 0.09018913188504654 0.07309466476825657 0.20350192642847217 0.1638445458103744 0.07344684316507259 0.0020321285997972434 0.07549987620759968 0.0928679254964413 0.025201234599992968 0.3315475118104412 0.48439448665037516 0.18958471471220242 0.20947662123597025 0.14598461898692586 0.26424673258779696 0.07855401203387263 0.21854002260081767 0.06411384007590366 0.11058786914640403 0.17601243257360835 0.15944433603074537 0.1200555731076846 0.1322106417733328 0.018845009458193153 0.09268968831340593 0.007492934492292785 0.17151623595596077 0.23961503004836343 0.09056738093862816 0.1679946107609621 0.03813738664623664 0.04289788867230809 0.2412928379717539 0.19907688966234452 0.2845833941960119 0.12269354568926558 0.07204089518944409 0.1825581031079979 0.14063419306922578 0.009853845336227192 0.1473485549419044 0.3643742732455318 0.3419306814624951 0.08281907590715343 0.18568300502834406 0.35634995889835674 0.08886766738338162 0.1952905723301953 0.3526327312930319 0.022027887016780955 0.1195466227379996 0.3521258891805639 0.06633446340342622 0.12726354412181773 0.18639109812572097 0.29662404346357074 0.21533519533799936 0.24870502644915055 0.045761915068714694 0.20055850110201506 0.17457971421018426 0.2928303028278899 0.005188368282381317 0.16010025644179313 0.059905149981652805 0.04952610209808807 0.05189614650386439 0.09742694842850506 0.07060858535167007 0.06849007422590275 0.002933800269589997 0.17646444059528835 0.1653343519503278 0.3506312111905506 0.05398223731627613 0.160464366815603 0.153991486199669 0.08183713837214229 0.044968688261533316 0.1603426782826893 0.4894652649492525 0.0016627786324253282 0.12808124912274038 0.33422870596160154 0.36486643451746714 0.339934093553649 0.23232535677429747 0.33055054590575256 0.22449181535912202 0.32046344701157414 0.1356945620878752 0.03292285534698928 0.129420667628116 0.04380128873735524 0.031047744248485123 0.009515890504200335 0.12636085411451153 0.0002908346900110341 0.055815952758713004 0.07048308215477582 0.2284179127817278 0.20647625049492352 0.09652523361754106 0.13235218971741744 0.2668422900793506 0.21663652530132346 0.2116290146456592 0.0903873861120334 0.30150506726024745 0.06169659465382344 0.1372059953265675 0.20609508972784588 0.04430329318230264 0.035765345334432555 0.10854074547301325 0.10186429044433323 0.1833986085919734 0.016096719747040595 0.1845140019051753 0.15356521305340132 0.1537906781179561 0.04132332475661604 0.11042345789356779 0.13153010392767242 0.04913404812628873 0.13893181041728106 0.050897423670003 0.10308754318672213 0.011274077549120274 0.3149738891655543 0.04660478244527442 0.10727019906333661 0.07680123181753018 0.21688607507629937 0.07398481211796129 0.01931559865223829 0.11724616360947084 0.1594692952313414 0.14083535892989305 0.004829714606100806 0.14637611454783248 0.0060918517339715724 0.05117534136790418 0.08499821839422841 0.016345086370918215 0.013313973123842696 0.029806373374950245 0.08953547395148598 0.08778479991412887 0.6194187783898855 0.42349134377748177 0.07326036749956387 0.022079773221281955 0.0829408988626538 0.02881949388458319 0.07890132833305973 0.11282237693259532 0.0896721817401577 0.3168852489237762 0.07003640470719327 0.04862570999630189 0.20131848639311958 0.3188378137026406 0.024010805466664373 0.0726527871551425 0.08987290328034342 0.0753347663815954 0.0440374002691484 0.21189577144866378 0.2875530462690053 0.12359544985570947 0.4019392634097475 0.3222983399027295 0.11282741310934848 0.08900919696080538 0.08412008317898562 0.21095524416852532 0.0684396025712758 0.047972606303821226 0.02130396043469194 0.08887843805116222 0.06747626039588363 0.23735968070491476 0.2104216524069357 0.1148494215997428 0.13078770228248 0.14604290625712738 0.05077043858307142 0.0012258879185817833 0.16933218186059032 0.3231872470161676 0.17896336251255987 0.07770638743402423 0.03739034552045014 0.015337425401581149 0.07034126779629965 0.16708079238228496 0.05501869542547169 0.04207022513378527 0.044671580216818274 0.18387265224878563 0.010304869873235126 0.046817375138047096 0.14750356743960022 0.018916057755287125 0.060304113296102954 0.04261726754687132 0.1299652384840223 0.15021080866098097 0.0869024133649747 0.005499673007667241 0.08528159920639643 0.11049498180587357 0.09868164076093532 0.08623504362263139 0.10347052563848318 0.0027249486437044357 0.07393769881259277 0.01111786467396366 0.13551405650565332 0.20969255826199856 0.13536495332407833 0.019825906568118522 0.1050169071914381 0.01021542349108902 0.12335076200226762 0.07196511951962112 0.16083132932748412 0.0474885138111772 0.23015671855969205 0.09360539135358521 0.10450999497475211 0.04461646007330224
0.17678589084779753 0.1575277937687771 0.034093903883765084 0.12263164184441842 0.13194050363557988 0.0912296192361423 0.1591064686175043 0.3505060565387863 0.3095228364769026 0.013769283967739783 0.3619210128676123 0.27907213680068754 0.1663646028088833 0.07722775883491557 0.020089756921771396 0.054404670812827065 0.17501056270576412 0.24990123588353624 0.038423733556932196 0.032130009584603665 0.159166007708991 0.2828849362988625 0.21817837713456506 0.2322825226449396 0.02308614242020317 0.03382947833719029 0.10859914583248519 0.0417272634039733 0.1482431264696259 0.11831920879674823 0.15281281500116445 0.11103755981840545 0.021406687940401403 0.03776605131065019 0.04572182428357304 0.0847874867397222 0.09816564187028011 0.081516116860456 0.1448779407535015 0.2398140967841552 0.07407571621796014 0.19343213652131644 0.0158931755511747 0.015834202221446728 0.08170284046510636 0.20052616739852222 0.3928424543240378 0.1074125373837599 0.1283719015965857 0.561663721175946 0.3301990421250377 0.26741730658469615 0.2751900419742027 0.34879520752306253 0.17827358213714029 0.3876793685764674 0.05314863115394112 0.02184688435558105 0.09705513057855471 0.13038207531645093 0.06695012416323745 0.028662878435536943 0.05785991316939189 0.03880567669498953 0.026940180074204814 0.011311397380003852 0.11730834736273713 0.17544594427959168 0.004826636372190933 0.03247909658884044 0.026684676103558295 0.05434365250553866 0.2177523825055732 0.0558951805227934 0.04941121230646704 0.030924796251211705 0.10468896126674648 0.25187696200044235 0.26569874567823965 0.30828962306789504 0.21201717710943516 0.045095339571703204 0.2983987010141415 0.08377557274186352 0.06141294925475057 0.13061767104444985 0.007459312863392114 0.016566017905272457 0.09575130897085958 0.13836752269148633 0.0441506134531514 0.024110378589113014 0.07351443317656542 0.062248507529700514 0.2855536985028358 0.3940326086426439 0.22061780856483817 0.04775010586658721 0.03703422276836593 0.09337947039279246 0.14318807692201216 0.014520410556497897 0.032055948984369455 0.0383648741888503 0.058939889795357095 0.1359401356511538 0.029928594412893 0.07705560063284751 0.03242971567912903 0.03212197229314314 0.10945422852529815 0.03567788251374084 0.058115887967954104 0.0042948712419151455 0.12160937252979344 0.5329492233136329 NaN 0.07315155545570078 0.012394817889247204 0.03174078663311266 0.023809691596090074 0.06037365075804461 0.011320472827037978 0.11866270599036591 0.12902791770766112 0.03422900571387013 0.005005829023390816 0.02504345483180763 0.05864964543889515 0.14599778301249403 0.010863953667418977 0.0868958344994884 0.1965765268330319 0.01801225275180024 0.07970582295112082 0.15743742589470316 0.41695681526415723 0.39213162105507965 0.13442585588755673 0.12042548540747759 0.1351257342204576 0.028027027492028955 0.032525901772086516 0.2997211400972022 0.28876345618439053 0.21763719239012422 0.11120866722578607 0.08862601235824544 0.01732941389095206 0.09605041202161603 0.16562875089800494 0.004585369636237274 0.1107704407901326 0.08487848847889458 0.0006788399776317444 0.2280649358783218 0.34421877014900903 0.09218640412919847 0.10707735681104971 0.1584896862097377 0.09386961945818514 0.053130563241874235 0.1683778614598266 0.01089787645672079 0.07339262860711071 0.09698872899687437 0.054590123193482006 0.05689812739121024 0.0893022012507264 0.10492765258537862 0.039482876884512734 0.023637599986901826 0.10271795600181956 0.20042689833459515 0.03430153209129853 0.07881621194704794 0.016435914368363114 0.03803148723558415 0.16089893131353142 0.15416315112224585 0.17338366861089285 0.11098110354363627 0.08699600986933587 0.1813192378562624 0.1508133727632039 0.012981436122989486 0.14553249641382973 0.29737224859929 0.29374903371546235 0.02750560047906104 0.23903779026038563 0.18797161996319625 0.14104677024461953 0.08362421026218585 0.12357300913138876 0.02655291967556756 0.08119461680302295 0.2664708556362357 0.00793820174658367 0.06865543920226494 0.1756568999516896 0.22415610259531973 0.14541468545328026 0.20280796717313718 0.01310600048861266 0.040103839790314774 0.1558031301820014 0.16500687295267277 0.15606876949707246 0.07369850514360073 0.06657715429379808 0.06390574555528782 0.038633396580625916 0.050722422953388455 0.05991213087538096 0.0591182623178065 0.008932844903217257 0.093305232096646 0.0676191128174972 0.27793077046372394 0.11824891394258785 0.16945459785829226 0.16765344860990786 0.11072126659774707 0.11370878708868659 0.22198260302522688 0.3367344984503383 0.046828301686810556 0.15412922341371968 0.4235618260597654 0.2988562676879172 0.24193566189290028 0.21075281149539898 0.24553072123903127 0.23283576879624496 0.245740474097455 0.041177418027465516 0.051461665536718944 0.06071392338894861 0.08098500226299173 0.03133002772802865 0.03874337235001293 0.05509548926210787 0.07284527478506515 0.017666231968061167 0.011184972117681598 0.16335316928090207 0.03374163505002308 0.05725063896501697 0.02629166083316879 0.09949083194848181 0.04547585200568615 0.22091620876697243 0.020920602496316065 0.10875536237134137 0.07537380835390942 0.05883178331643807 0.2375019190521867 0.06385410698552224 0.08368019196492149 0.123530811276934 0.09649977012616127 0.22809793706814263 0.1192165689366434 0.04329285394604 0.04535488383455819 0.03803233792552775 0.013489884209183668 0.0032984032887823115 0.07531872682522892 0.03448727134031548 0.07720547384493065 0.047064780761044825 0.14674204615229894 0.13050044883904635 0.3160808416153984 0.11418599655471244 0.01760952395643235 0.02327070656657562 0.1469296437690399 0.06329294856299071 0.025252009958251154 0.09313737064710335 0.09371143467198388 0.012210311203271783 0.021777928094764764 0.15950869644280607 0.07439152470720452 0.07870096757584205 0.06318014163516943 0.022805244298601996 0.001289303009035592 0.07506600489689332 0.01908957560762158 0.11980171661365653 0.4493478180599456 0.45438277893242524 0.054202831930026535 0.040664481359106074 0.03801817643597001 0.014473142543707964 0.04762031418431347 0.0725942396360726 0.004501703467040238 0.14295510947233664 0.05304326120092092 0.02944625526882097 0.013399522181791692 0.12806128863582505 0.1312828092462754 0.049928828720000214 0.012322183547515684 0.07925533187799531 0.023014974937340293 0.145311189506047 0.30187126285476806 0.169468882684734 0.3793667397918519 0.20169763943237332 0.1283974508375954 0.07062985424428318 0.021115330314173276 0.046915677505023345 0.12854125465713953 0.2312386782303144 0.15827719757211314 0.13980631708452076 0.03686328458163673 0.13545874610628486 0.02811491241721763 0.041017630202990756 0.08673986948151427 0.09120601559515626 0.08323520665639099 0.015498870187991105 0.12761134177246625 0.27240557037817736 0.10806673839101386 0.019979152889332105 0.01146671218887754 0.04495028347496755 0.0440855313083429 0.1251230881889298 0.07917585137521965 0.08657560943378212 0.007743333540180888 0.05403501410792109 0.0013537699129733826 0.07138403923193411 0.12750492043107733 0.05374594240855682 0.0062190861966063705 0.058525997288808626 0.12853490085169164 0.05412252427767181 0.020900671824762417 0.032472516768876844 0.022989882021198428 0.06625559651266723 0.08848393327959934 0.015160135143663262 0.07236173878056001 0.02117282240226248 0.0826389840129117 0.004166303538967769 0.07914869117864572 0.11346606695965301 0.06599268991114804 0.012511879509323611 0.06959141030518122 0.003651326468593348 0.03239483528591954 0.05058386544866067 0.0920169341261653 0.02121363052931216 0.11941768696647731 0.03792695857805915 0.0768036478700768 0.018728462371298625
0.15326269184949343 0.013693952733031294 0.05359078824498985 0.09868459429706157 0.09910605019679193 0.05627646427813572 0.013796229631118737 0.08470343549728611 0.04903586197303018 0.08030059766421184 0.01220298586562567 0.08007029739984275 0.07567799861400788 0.10882522675785994 0.09455370375813958 0.05656003872681422 0.017278623057655824 0.02716840659701267 0.08514722659998505 0.05680674383271282 0.018990229897315244 0.05488713147781193 0.017780996385821455 0.0338911943071592 0.08539318118707377 0.046053935438707755 0.07863767013965368 0.0670805482703042 0.02916265651369903 0.027189528776957444 0.05808611051798704 0.021512353247640992 0.023355792144632702 0.01607501097998957 0.06052131006797602 0.03775267051068976 0.010257920305220328 0.03355126224309294 0.008872453854802826 0.005601810358067696 0.03172734184003177 0.022549174641440507 0.01134728443739602 0.061618563612552225 0.021802576016004886 0.052633047961044926 0.0660925561157028 0.043741277132052774 0.007609732443992849 0.08322687471443398 0.0542207999090667 0.03157057282275511 0.049778435914244065 0.07677426862057667 0.04427987699599332 0.11343993471795386 0.03360763131881723 0.06709307252385652 0.018676923159746613 0.07691053569980738 0.021810786842359712 0.00823301603962552 0.040675228610395395 0.00012981204694447452 0.005306109078799423 0.002367086857176708 0.014397091918585748 0.08207241411360017 0.08301904483912452 0.0535695628462439 0.08100676884796125 0.05036333198092462 0.007968130322426596 0.03045828721680369 0.07146657416505088 0.021739043509620682 0.07496867907293872 0.015130307279903533 0.04447621664838778 0.009337574778005888 0.00546468691539374 0.05610065359307943 0.02367988942675747 0.06330520205615492 0.1055405292551479 0.10311995592181408 0.030810871150949676 0.05789040340348284 0.03173562899837351 0.0033351387108260665 0.08110280235238049 0.004154352233272834 0.026543911771509356 0.0153557463551245 0.0877973396159785 0.01383992840188981 0.0004378426715303919 0.07881415241193242 0.03309751094968072 0.0024512923342506947 0.036436991274243206 0.025340566394203012 0.040446109528242395 0.0010358840498665496 0.05289574784871584 0.06750593535843857 0.008780253367307473 0.007989813294075363 0.08777374998460388 0.017347247438319842 0.011057894302564457 0.0658333366211847 0.03700496382655768 0.05889349702324205 0.05545396901413146 0.14025336033583305 0.07315155545570078 NaN 0.01535323827763001 0.15669433731650212 0.02566083194885118 0.10435853742765233 0.040712676053734784 0.007586120066703128 0.031971825645747104 0.025394466615543156 0.036547490914733326 0.023004042304353732 0.07454195598233995 0.07827222071333176 0.12679578392478985 0.08361751796745956 0.02117060983768194 0.018804086678716532 0.036481383824575206 0.028430831569216084 0.015973749488433022 0.040655699070044016 0.020120616354320307 0.07082042466454153 0.0037054125287334545 0.01127671277836906 0.03824855750136087 0.07261614223172896 0.003888988037187469 0.0117557456049642 0.05587337888992816 0.11572746242150442 0.11968412745907253 5.864732849127258e-05 0.021365704994349956 0.029606099991002208 0.032750573592646874 0.02794978079756425 0.03721069985590391 0.003901300570674987 0.03981928494187912 0.006967641140247564 0.02838410887416893 0.03350466739825191 0.03247667449027199 0.01596828877858295 0.059502578562787824 0.012046441837387198 0.003180159588921276 0.019642525708088204 0.0005801830362641377 0.011212577801792203 0.027078724051752483 0.10301184821361382 0.12347070919347003 0.033358340372915095 0.01836291124168102 0.021668080830831125 0.025470255795344305 0.035464971018947085 0.006318170050890164 0.03747533435038377 0.06296541493830196 0.0612335371088559 0.15318127599309123 0.03161637751099459 0.0708492503430388 0.10866221197349657 0.10212856918226647 0.09797327450221485 0.0491715649415524 0.02868560560385073 0.028159792757288433 0.09442571368407855 0.025352526282210124 0.055671426359398715 0.08247386474433467 0.11836846763646396 0.1267336908436454 0.03543971276492606 0.05004949988071241 0.07255454954557364 0.0861978687386189 0.0034689717415323155 0.01354869817617767 0.00023164578115000443 0.0175355865564813 0.045812017750933264 0.03028723805704191 0.06233260595550386 0.08179250707890333 0.04646067579885209 0.058454752310405304 0.02021772498703903 0.010348252421857579 0.010059527406881557 0.010283037453292463 0.04676924876019623 0.016563186620731356 0.004900971041621768 0.040953136652647486 0.06521153625479902 0.06278244262411471 0.04284097179196926 0.036007757090441364 0.016559919034181598 0.016974354113876832 0.02703785202942713 0.06305747445048522 0.02094197800017899 0.028437373822157747 0.027865500421489615 0.09014376741449623 0.019876497357612165 0.057180216293187716 0.03206097177559198 0.016055692869150658 0.05338911622066938 0.027888751763230198 0.062058219943978025 0.010233512623348139 0.0006810181963004646 0.041796134419175755 0.00591725364527553 0.030047145411781672 0.046930015774273144 0.012333369705445662 0.054118073817639605 0.03018494030995444 0.02169696608951555 0.027533785547994162 0.03819377421999894 0.07672096717083371 0.0632979361030503 0.0419174959889353 0.06531774593221747 0.0160511955787794 0.037989924966053856 0.082651323842526 0.07383097493894793 0.02888446617677437 0.04785510918221872 0.006562325592512594 0.03253576453002316 0.00014435199235804434 0.05069134224043501 0.006686830059779395 0.10045764608299394 0.1252229765088125 0.05839262514906782 0.08789972000745284 0.020620518014015925 0.09971397917051664 0.0356885442894185 0.019203989820685514 0.08717625449488194 0.008522595795180266 0.011313702210613718 0.06940814822283274 0.01994009692537454 0.032058292015666706 0.046373560719856516 0.017291926778609298 0.04334883664398952 0.024691060542195355 0.00875979155295349 0.06821290463292815 0.025591564555092795 0.05577188731365635 0.01609347962846363 0.041194324826100075 0.011832029979015484 0.05106036119474469 0.023492037886747356 0.02108993991671818 0.02805102085805035 0.01644803944682489 0.040700381630437675 0.019510833308489232 0.09489404157842127 0.0013959048174911099 0.05288663015109505 0.01796925644942743 0.06277785523206104 0.0016294151841317614 0.01417335493102028 0.057381959756561934 0.0439955043037357 0.10703274885205333 0.018780773957932723 0.03650622004599985 0.045481434178606055 0.08178954530359825 0.007431815339849649 0.07904796388809204 0.044872665606088706 0.030059710342342786 0.007633552057196763 0.050254717507798495 0.04837887924017075 0.002976467409210195 0.018906896456988426 0.0432119989635217 0.049260441449165734 0.018995768759867023 0.017369304405484145 0.08288826432764125 0.0913769729240202 0.059629142858967595 0.03384808519278769 0.004598762841084657 0.04828644273506042 0.05328214143325689 0.07908962866744994 0.04372225925306978 0.0731985076501947 0.04154721970596956 0.04026737672316894 0.017760274387303362 0.05395519178271159 0.00377329337415567 0.012485440983411101 0.014008707692669516 0.006864796297867546 0.04191258869613422 0.010117609671342396 0.019332786117467228 0.0026594054741920343 0.005217995385006716 0.06250595551694779 0.02437883943491202 0.06284802988253749 0.057727308773104925 0.010263693292324478 0.05816292496483773 0.00817282242225688 0.024665074619300977 0.020866007393019925 0.03835704745285176 0.058773149372137734 0.0221861337186943 0.008027732464731185 0.04728635771906667 0.02666147105558191 0.0545000775726149 0.03337018635019837 0.05267752256035876 0.050808775351610595 0.004717295216830132 0.04586234974308492 0.10798552832464062 0.009293573979237248 0.026551976829372576 0.01758408746864619 0.01314384979163849 0.03674058549455576 0.03717092789095658 0.023032366228605574 0.01007089154637549 0.26057998904363583 0.00433991551015983 0.04587094873589186 0.038458650973868504
0.02838595873336174 0.020944904143932314 0.02586487059308348 0.032934903935609834 0.029806601295344834 0.03380524671237276 0.01483433045519759 0.013935452193997437 0.02874134421301357 0.007058297257182038 0.07831823550984503 0.018744027337032444 0.0015911600024625923 0.05665239016085266 0.019043168271966008 0.044545588009137216 0.0799499361583161 0.0031026133980723144 0.03666285694238045 0.04565440241671191 0.004396916681319642 0.010079577560716646 0.010310004645627846 0.012852230487154998 0.006329802967832294 0.03830617940796981 0.09123555058870703 0.050993211376851325 0.0216049454895753 0.06642296723093516 0.010011999264961496 0.03926864766114346 0.007372847092278735 0.015699831611531097 0.0371497939267059 0.020462897661511992 0.04471441622836515 0.06503022860924687 0.0006506622995192312 0.02223634855042242 0.022947132143574613 0.02719529315383823 0.014618243210201796 0.03621958445209928 0.032003973202181575 0.04667855373526972 0.02780171556418334 0.0047268174499038584 0.029291562566032263 0.011183319505746305 0.022520129855349846 0.03455045321465242 0.03484276273932983 0.014413956705214108 0.001767644123685519 0.009749313490542408 0.002392609891541494 0.0490810462555424 0.009230895510659174 0.04557895851269869 0.008149039311965067 0.04168761710126048 0.05234339377049282 0.012933627139352295 0.001444985153337548 0.017953643461886114 0.04170446344999892 0.000387126396454666 0.006579455714185415 0.006304016238530716 0.008299244516186346 0.05797489996805356 0.04936469488751861 0.010449354143738092 0.0009968123653830586 0.04617858717353229 0.012408555368245634 0.02271740531093949 0.04574853234898734 0.032172539684326 0.0038095528009802534 0.0563499643299957 0.010601374054367044 0.0036148571574447334 0.01695716719916197 0.004116684896867356 0.00234281565231812 0.015247932864514025 0.018166226382733706 0.015183016352776753 0.024966266373570842 0.04086013985809973 0.10939629564021 0.017341502502076438 0.00014099343026496535 0.024335985108096567 0.06789324389412986 0.018285974380290337 0.05188767859951252 0.01370458880304435 0.03897057716038758 0.026000778417320382 0.015327899090246743 0.02451041331850908 0.031934917215529726 0.0005740631099224351 0.052314298130275064 0.009384515011324823 0.09685345692152901 0.045033298898590375 0.1047078596153084 0.005919746419154353 0.027274720985895156 0.012606008938939437 0.06599521969034138 0.04173653561245136 0.012394817889247204 0.01535323827763001 NaN 0.1142240139258179 0.015532675025034805 0.009842606642369436 0.04301227061677435 0.09913250318313399 0.06032299344004172 0.08945392389198083 0.017854406644511583 0.05570606911837439 0.024742206663862235 0.04065169845227638 0.01450590107767458 0.024267191272299288 0.007874312663856749 0.04652615376249939 0.05677969837838409 0.05938157530581236 0.03333934435946739 0.025265721656230748 0.05635211104046005 0.019765267324287527 0.04990176381939989 0.05108528497134971 0.012370630638680675 0.04241396267845529 0.05716239232551663 0.033916793519482485 0.017785826546301568 0.022709033485668776 0.030414065882016065 0.04658458949285688 0.054610365543074975 0.02224884975632378 0.037299706736514636 0.010555325404219131 0.05502826355367402 0.01414120936619985 0.012372991446032891 0.041885137986283086 0.011482117284688939 0.08226802086525602 0.02492625885788133 0.056564608267206905 0.04776441406186778 0.05848768743487842 0.03636586954646477 0.046589907848069226 0.0001775075164844286 0.004939120589157364 0.08703155705892414 0.045568929599846736 0.040916315633866725 0.050620427391335765 0.017077556633832713 0.02237954518702284 0.014970583646794159 0.08657401115949839 0.0569990701848364 0.0023475835664879983 0.018371464913401424 0.006988740675409967 0.03368413962098758 0.010208336297683968 0.02032392130683965 0.014135654519947402 0.00566156705241803 0.028619963739799022 0.01183401791416783 0.03186343523294473 0.003914574234214443 0.008047504609547172 0.010834058074722257 0.015486264741260723 0.006470939430681099 0.06987904740712893 0.04268146043585878 0.08610326345312037 0.02626938917802966 0.0037028692404847035 0.01449894868324724 0.02916920194835547 0.021013189713817867 0.011057128105390867 0.02943751349115394 0.010777200166218168 0.014228233275458304 0.0571211948561706 0.06567538885217046 0.0037433199761781823 0.030908705913867806 0.011754699038011025 0.003596860312825861 0.0007308407796710675 0.055985834206854976 0.024021274060641723 0.05409384639403996 0.03737975337075965 0.0012317584190186988 0.008893506560470254 0.02340620182503538 0.025913300537933018 0.06809453277309867 0.018782904293870098 0.013343502185055992 0.06063497547634708 0.0022320714907125942 0.03705060152971516 0.006752212792879112 0.02080547563637368 0.006065424523909839 0.005871370834210248 0.04961623647977825 0.031082581162148317 0.047755628432150324 0.008129318376382741 0.031037211419389213 0.022929137504051993 0.042316591326976793 0.03361437332535396 0.008165500076511394 0.0043926055910392834 0.014236476821563395 0.02576456096022122 0.05498511457579929 0.05180679005156986 0.006218808880383843 0.007335177062774752 0.010115416267515723 0.0039061540669278207 0.045238314534656245 0.03455056279455493 0.005234923371391166 0.04940075729123292 0.08858007593195252 0.07576376560229504 0.015751976503539312 0.011741865086932275 0.010107983401449559 0.027657467435995606 0.01995017571608743 0.0024414071269439563 0.001231895246196792 0.018888390066420725 0.03279394833519448 0.024581006242388508 0.011047727157632711 0.017644449144354753 0.029376254726580515 0.013769503614055479 0.014830666509958278 4.1871297956250865e-05 0.03772256838788019 0.008235088473772783 0.01623414182962983 0.01525069807242439 0.039342432017589545 0.0038406303000215526 0.00840150731068603 0.021970853967210668 0.014733830106705648 0.02080244008876415 0.018107439509995934 0.045224199831743986 0.01580257096352985 0.001906959952413575 0.019892857814550465 0.013282279772008713 0.018619042508509133 0.058949800276747136 0.012080597817628226 0.02385214941609362 0.06364479755995166 0.007626970551117624 0.018175852654709074 0.004119559820002841 0.013537494968826173 0.015058790033887435 0.0003742770132153922 0.02094093871626189 0.01848573603094872 0.005434460969379786 0.007318801356708558 0.04122298062500369 0.003850723810291777 0.003045799985467648 0.002272986732587413 0.045707666273511686 0.07236606192243392 0.012737643279646098 0.03768438291372554 0.037265488799862426 0.04710467198410447 0.005789411301588128 0.013461251199552054 0.042257348215502234 0.0040276024723267705 0.0055412554993855044 0.05139647440388605 0.025180915146582477 0.03071215648479897 0.03852664844670902 0.02942373868658728 0.007180006767604197 0.017879468409017305 0.04230447207473478 0.041014120001512604 0.021350823246446472 0.026407655845848987 0.0008879510418508273 0.08358922456076426 0.04124775468823092 0.037406589235890915 0.03225543473088873 0.04507568633543322 0.04085962241077742 0.018483264423810625 0.03775497024861028 0.010387398314816694 0.0043407763309559 0.015211989788757775 0.04793095357140435 0.002924260938259225 0.017212143397743653 0.018354640426087677 0.0006770411785705837 0.029848984751061684 0.013203698327062016 0.0302951064439635 0.009486095845364658 0.017214948782454935 0.030857380087281536 0.0017895958548445289 0.010036943691419258 0.00765695321443706 0.044188877812223824 0.03305132760893355 0.008583089811121939 0.028008760358817525 0.04392620486936885 0.0026962343724323034 0.0072792678516497315 0.018053880826064246 0.020487205104473723 0.030693091552636463 0.025246174280379098 0.013289429591025151 0.031826632395749475 0.004115738732994217 0.02706299584403745 0.01881138421258567 0.03602670443951372 0.0015101035505608016 0.013354732688490979 0.026396276086230516 0.01260910005509638 0.023349974150173806 0.07030521342072292 0.024194351025155738 0.02250981131099254 0.012957992762232137
0.19705837658218497 0.09923311216610373 0.021207291221406247 0.1285192928135993 0.0663967558197813 0.01835654502805367 0.01854417056966991 0.11706854245331323 0.1003541723813466 0.15597955599191712 0.12243543238408078 0.13233875369719866 0.1377069302158157 0.12532008358033056 0.18210018220556953 0.02178978797634206 0.009710018609514256 0.10317253254698096 0.06442475293850015 0.08298945791367646 0.01605560162605221 0.11661209582169636 0.07665430476513611 0.16106140630747479 0.010717152500704078 0.1374968645784308 0.11117809095455232 0.07804993210549949 0.049589565818839956 0.03275549514371032 0.03232484576590426 0.02102834040094317 0.07324612882845832 0.02316527828556446 0.056559001928758124 0.007140671985457519 0.02426880161522779 0.15605816432147074 0.024706612987443033 0.1532159556007249 0.08221389364310017 0.03762475070414379 0.012833508980484338 0.1284534126010766 0.03759917501238221 0.04925989318591215 0.0912922586672541 0.020063827535891983 0.05688215889977783 0.03996318445194232 0.14612923491141666 0.09807948185461496 0.05237038673636151 0.13042506497216808 0.08462537894111749 0.1192068588295911 0.034832135639308696 0.0396167239420282 0.05685547531217227 0.050523563459323455 0.049811875041499414 0.016468098773547366 0.04192386867618001 0.013329720531319296 0.0414141782637447 0.032484581189611166 0.011661597995453837 0.10501107514137066 0.20955874148472614 0.1552329354371033 0.13776760623369377 0.1529109297507388 0.02396936459821338 0.052112632762952776 0.11747573824752897 0.041633286612951605 0.11603920836723335 0.04458722831189871 0.02466068057889538 0.08454406667824083 0.07605350610759164 0.09376411368984813 0.03651174695327939 0.1439373005900491 0.16412135171719433 0.09558220918498932 0.020398404354311075 0.0020301857744793837 0.0380810909626268 0.0891507872067052 0.029072060853346432 0.05255482312769946 0.10069800589904052 0.04865079387185413 0.04442548452953022 0.004486097034522076 0.016599998361694457 0.0822085626349577 0.012385985220858362 0.013606595771942316 0.024651206042517228 0.059728089271491494 0.1317483292795281 0.0004971160244823365 0.048505952471782965 0.07971916581448948 0.020132019053364893 0.013174042827656584 0.10749021517844587 0.07055286018098814 0.027334233054756393 0.05415710561941029 0.018096231004908123 0.011863868003753296 0.11777014859634509 0.13046140689099398 0.03174078663311266 0.15669433731650212 0.1142240139258179 NaN 0.04443890854841462 0.042926636064208185 0.06058404931586097 0.0062259760893824505 0.15050909515990873 0.0019439213975906702 0.02281560948872078 0.038440613168282116 0.11856514950000857 0.043924677184825574 0.12129410275138512 0.18294240210804655 9.867659503495309e-05 0.01984210665447603 0.05164922490924321 0.0841011907905502 0.06054947478777628 0.0815830900519683 0.021375528861494304 0.047147209781627446 0.02612161957906411 0.04384668876344433 0.08848644507216628 0.029169201175929905 0.0036317066042182303 0.0791136932452047 0.06792125156282021 0.15968799432088784 0.12672217986635545 0.06680409860548193 0.002801693678500908 0.003606437488175978 0.00272442624950256 0.050628649085826226 0.0034475680491206787 0.06412057738717583 0.08726291922663118 0.01438690885915073 0.036718197781398614 0.0022802052887482276 0.06398826378276168 0.023884856486828993 0.04749410381056949 0.014764570451553929 0.05582258324341465 0.041681220133504455 0.08501939711491922 0.03923173663476196 0.042015412169137414 0.029371160026653437 0.15503817949430201 0.07279890382504593 0.0022244942073870086 0.11755526928147321 0.004232666441937581 0.18607197779979537 0.05185104323538037 0.015128441448999285 0.05815090592867505 0.024405699432408133 0.18825635238667884 0.029929603466802294 0.06299591743943381 0.12360069476248879 0.08910291615686343 0.06538177101162031 0.039349023000178375 0.05462480604754102 0.022526228877707426 0.1114852498009484 0.036326280285367905 0.1356540847391701 0.13706305675811475 0.16525318473827946 0.16789977297039013 0.11897851797307916 0.10597539583902812 0.10541207731383348 0.059228233466325546 0.02505064623804639 0.0445409919929108 0.02859191797165839 0.09959330444368956 0.15974390199085825 0.10201393445798597 0.1646879635688529 0.13246119542476648 0.10734164082495813 0.050001820868343476 0.08098560530766628 0.0589181437430381 0.017778431591126336 0.04918992029027974 0.03309081517638108 0.10917892581922259 0.07199189085140016 0.02297179899723027 0.18586523738640595 0.11448941955090387 0.09942319596572795 0.044772106290812436 0.06254533334522468 0.02957376675135112 0.05598342279433726 0.09728324950544716 0.10781908273796813 0.08290893610130036 0.07045304849603434 0.026996917509958154 0.07966616386115698 0.04010114906157375 0.01060498278506038 0.007086179764769183 0.03794005620756125 0.08990492755542209 0.0403447060769878 0.009998662699079078 0.02590017522593504 0.10940656532528706 0.12028350557741724 0.0003790986566684688 0.10230634877565481 0.04166826028499609 0.08790443230422879 0.051099659083709656 0.01132648554834204 0.008194237096168358 0.10738795730437897 0.22008636232898945 0.19449500052832544 0.12095961281982673 0.17885077027060534 0.04744077342543802 0.11545892920172902 0.17858052633418947 0.15264955548818587 0.061502225976724535 0.07245999870380512 0.013829921316520907 0.022405860318102495 0.062455612275174974 0.11210006791964545 0.07259323205274476 0.1325780751042329 0.1306891958401513 0.07775114246407261 0.09414287973798602 0.029792186419187853 0.13976919343719546 0.0685775058271162 0.0356228581775181 0.08131316416540156 0.012212189746777803 0.07814262897697528 0.09257165471319362 0.021958353571569673 0.06528908344257481 0.031462020313287646 0.027919517897877635 0.056204417089019534 0.0008942223322685691 0.03748207394378581 0.06017843611737552 0.09384949909764699 0.08024147978591349 0.014013600911322968 0.07164473026056292 0.01822016950220393 0.03665270966175624 0.008272811078725233 0.034652763960835054 0.016916643292408457 0.006027094568687688 0.01266631310173406 0.01608009261816774 0.009531376879436556 0.10687656560770437 0.07006775452450911 0.0503090027903066 0.11169799915822873 0.10472219939735469 0.04425359696367228 0.02721490575424519 0.059028817951457827 0.1661585355536053 0.0405374747619218 0.068473931691764 0.07776179881921677 0.12110174908099183 0.10352204866022299 0.11801822331306565 0.12999612053924875 0.06607917640901592 0.04976009747720483 0.05725745776954544 0.03744405957799561 0.19294054445263872 0.01217309523267552 0.17453124902852785 0.019622846895587184 0.05788403179641051 0.06619081767337824 0.14127752606062952 0.11932162655997218 0.07964663334675143 0.09637956517185566 0.08582547451262139 0.20207172133400975 0.04142992791247516 0.18526175154740232 0.06095020158412774 0.066225639270116 0.01660396230583341 0.01874276826176234 0.06781841787197201 0.10217291768352714 0.016925621577768394 0.030757148013122012 0.021454840664453752 0.06898398723901346 0.015139089021488777 0.055059330558909804 0.0597159054138209 0.05829989476524608 0.03406035411043477 0.0547799804813674 0.027388301010926666 0.022751346442340323 0.025544211214587848 0.05236633791772686 0.10327855738271886 0.04192002637942318 0.0009295823653096275 0.028974821252407173 0.07840576088341486 0.16080946253120088 0.09357020377955448 0.018552585975713024 0.031090301165823984 0.02265305950344319 0.2039780060623282 0.13495109909161668 0.011904375259107128 0.04538234895409779 0.01467805287979085 0.0892251560358795 0.17814386902590132 0.01312290425448844 0.05658143455475369 0.10366227123417997 0.14015082466353368 0.18860342225990123 0.046941400083074694 0.05401642997361937 0.030633745167707754 0.5873203512564401 0.09446529743423943 0.0036915699704509783 0.03867831497582326
0.35136241559367354 0.1033092941443267 0.28809115080262687 0.343251747560983 0.2864848027341313 0.2898711899305298 0.25360375154593734 0.09111686413463266 0.13154899550554142 0.19904898328483145 0.020822763810742495 0.05579042384208633 0.30923733450804575 0.12010008245920067 0.002787688340435596 0.1804554787533783 0.12877364491394855 0.07280379364164781 0.30827348296285256 0.2524030511748884 0.19733649890909227 0.08322249469173656 0.12819794878292712 0.15662926098139562 0.09348932615823759 0.03365465479697319 0.20563941186805573 0.2255391426737287 0.08772944739268636 0.10409843138066366 0.11329774601931504 0.1275534348222022 0.08869385941492096 0.050751050304751404 0.030463261736790533 0.13329004739943912 0.12135276476339478 0.1393690647559202 0.08038072718447657 0.013899143554179162 0.11972027906818902 0.010070355094228933 0.06674215007414934 0.1331339965955787 0.00018699277782040707 0.1291699844638982 0.04215709367973895 0.25582498993279706 0.10107488571759053 0.08724672513152118 0.0936843091035611 0.11046040056932567 0.1756034666315225 0.08338906978457854 0.016389061334147165 0.02311591434624439 0.11361245366461518 0.04046361425051001 0.0950585820207349 0.1637896959002473 0.0935901422427591 0.09884181499396856 0.08895504014648872 0.0016664687893352354 0.03831708456748037 0.0736907270320636 0.09090182273851174 0.06117584156849761 0.04096963995457311 0.021763435346672366 0.024016133886076974 0.04414815655946835 0.02843583734343645 0.05465476560945847 0.008161981489357012 0.036468109142720986 0.13394334783423584 0.05932549018035532 0.034165435459751176 0.03367527613187256 0.036883765968711166 0.00840435313312989 0.04062265103912437 0.10147169312933188 0.057316656393429255 0.1750036963023157 0.11905810021770599 0.014086835435183504 0.017161185986023845 0.05853823992860556 0.046350913355165516 0.07720604283478795 0.054596853851701925 0.0348892198292526 0.09998667397089087 0.08731929921720225 0.018562212010362643 0.0570671155683405 0.1488312303861031 0.1320475594535607 0.03445499421502262 0.15875803964392116 0.04539285081052024 0.15528167988274255 0.09127916638099344 0.0482864856205343 0.04319751339349497 0.06995174810803419 0.008703034710736338 0.07382787640338612 0.0686864424031555 0.016796341240536323 0.09260018686853567 0.032980893370010575 0.01990306528572434 0.06373617752331077 0.023809691596090074 0.02566083194885118 0.015532675025034805 0.04443890854841462 NaN 0.058340230940618715 0.006369612721622312 0.08766381605574175 0.11262557903971646 0.06563842366259764 0.05629797104726053 0.03831289767423587 0.017937256609982452 0.03981802196387684 0.09003822609040898 0.02824122388907033 0.008320559751104158 0.006007283744979888 0.03350568770151818 0.04335542498157723 0.008197586298788612 0.07076073150539784 0.10813301012055664 0.19221366031694645 0.18688955898156678 0.1788753079655284 0.10751755972912821 0.04229832236842687 0.012016065931079699 0.022453248017277466 0.10812340998560126 0.03900440441251266 0.06128852082810638 0.06737124476580426 0.018670138328903522 0.16987842649241502 0.2633372288043233 0.09948510820681307 0.0036117678926273575 0.10391482570430097 0.10074401224068139 0.15769594245422563 0.23638500376860322 0.1687332869669715 0.03410060305204093 0.08076594278657158 0.1249761742889751 0.094679127391924 0.0639288480402966 0.051234192077814225 0.07761811087741022 0.088448950503417 0.1232788185804091 0.11350998304128897 0.08771620387876948 0.05354445188256093 0.09160212960772951 0.17085069527433597 0.0018571536639126602 0.09489617080605343 0.009771910531267199 0.10012940708894569 0.1800448529338306 0.13323931668402034 0.31761282806676633 0.13622491867981623 0.313117893241977 0.2752511123087982 0.21573875539141427 0.28737784527048543 0.18805943930506755 0.12990799305827586 0.19747367179626496 0.242944120750899 0.07376684487386444 0.041075818676226505 0.2063123212573143 0.09603991548279313 0.028246858675824386 0.14779860884982865 0.05063803565555037 0.08913871859754913 0.1900220182796346 0.18260515367914001 0.15934284763858714 0.16605145089062862 0.1638726808449642 0.16600105801032924 0.007294482459679199 0.07486059269167658 0.15034260982703027 0.15544122694263676 0.12514435794176967 0.03048526781307732 0.08888276485007243 0.023638116455156098 0.005885046606716368 0.052982214836204036 0.02521251175400611 0.18728897491931326 0.10031765129411199 0.142535814330192 0.07901811039863439 0.0027992568864324816 0.1058613969117717 0.009100245220774284 0.06922515283017926 0.13519538737939107 0.012643073457073032 0.001699512091399167 0.03336808244532749 0.19259237481509645 0.09128050123958818 0.031653534555746085 0.15991769607203726 0.15453865941526457 0.1987274353275119 0.06374353984982814 0.024310343011347428 0.026886790161904237 0.03811375432240812 0.02263906514605602 0.22337643658695988 0.10605450736595493 0.06001413740948622 0.022224359570127993 0.0815389918421673 0.02913227323990722 0.07615952214069356 0.027365744567423127 0.008068897703164522 0.0341687396655273 0.010981566575856689 0.07087529556981662 0.005827755414877804 0.021239801024937922 0.025317523746505956 0.050024086161623904 0.01700591329753604 0.07329073299440947 0.007015398748408666 0.03308755238280765 0.011369569590695712 0.053174761055652636 0.037321998046215756 0.005024953662228597 0.022334610061832894 0.140128948440644 0.030587792085118644 0.12503553099655787 0.022129687146118335 0.03152546125239469 0.06441987861580462 0.10850811588402422 0.09608965523721043 0.08769829112189786 0.008248221584675822 0.05428938473857106 0.07689792869588613 0.007841922274119643 0.07453789424873909 0.0843251640178425 0.11463160589002397 0.10537581360332686 0.09643508999962334 0.1722818481235035 0.10147309749067693 0.16906700036658082 0.12561693878193936 0.12047459679328845 0.16371964251923218 0.06923314076983315 0.03523190367715513 0.08488819620804064 0.12900746035589822 0.01130050725052913 0.0536125972424335 0.055002409846214476 0.033925760036597946 0.023523771470688033 0.01694528312050336 0.06614351305564141 0.019589057778887062 0.030114061557501882 0.2744231094115851 0.034189840856616964 0.04679570846288048 0.1350861503775209 0.028430258405795245 0.07557519810925382 0.02235030447112427 0.008274648630599207 0.0411473038602207 0.026597702645506913 0.12067995669594175 0.014746947659043733 0.045160058343703645 0.0753928573857579 0.0035764016105602698 0.009754456476787302 0.016689495047817242 0.1125521975922864 0.030644271731648746 0.11660898102356644 0.08615812864702747 0.23329834435081026 0.07152194452023926 0.013297249293634846 0.024033927959303227 0.1165297817208598 0.10905183091984395 0.002214775189589595 0.058682816340551704 0.0025605810087361573 0.018901199885564747 0.009884512082591152 0.1978962245700286 0.10098357115683722 0.005585297492916957 0.05733063077811116 0.10914248345681747 0.16991381724450946 0.1690478068227462 0.13940708905280982 0.029154926743816003 0.08023341678063277 0.16984474192218335 0.006267054077096413 0.038853772831192165 0.031495073458389165 0.10200603313353375 0.054958433883834486 0.09233316587449375 0.1010605454815451 0.012711958556295094 0.021891860689590155 0.08964419321762361 0.1697979356377391 0.04569401526646235 0.04099319874003413 0.04189452249625439 0.07484122454109338 0.08816412419667308 0.10225986178277376 0.00940649924629925 0.19847867564129057 0.06631160198846475 0.0033980290336602915 0.009384639290110302 0.06864280947585406 0.03367646599657235 0.08626960735308943 0.016277259433762573 0.048883587842738496 0.04592479396991687 0.07106579212801803 0.021534647418570016 0.005281210460520482 0.07726352744917017 0.03251167235146637 0.064382656761491 0.0044391486256989045 0.07506502962079312
0.11068174057938301 0.01848890323014044 0.0038292925941514366 0.07598939792798388 0.10219543200878295 0.050317355601138425 0.05306417780569479 0.02542536190607941 0.023942989160824397 0.06298840837817861 0.038153431130045296 0.0934409677951365 0.0922989028163841 0.0620143004311012 0.048761420379865965 0.0312776511546877 0.02669254567976653 0.04622682083130361 0.06766233450397839 0.09353114568304736 0.11123597528299475 0.04266563581929157 0.025307735222618945 0.03521133035717045 0.004900377466180351 0.04231157621079362 0.0922666474610561 0.05984954727301646 0.013940228621004594 0.013634964801633164 0.05500034536068718 0.04103314789937784 0.030357535686737644 0.010482587943353092 0.0014120566020593315 0.08469363092615564 0.0053399060816406935 0.06970638151539876 0.0031222643034486725 0.005913402699321142 0.027322460528385335 0.01741105294900981 0.0006890181924128824 0.09657762885195006 0.030739373742882017 0.035500222480067685 0.033124187402894543 0.08418762442297953 0.01644559012448268 0.0631090195195352 0.029015125404196828 0.006165848221036252 0.026106608375763125 0.07548805914510402 0.0178519260922391 0.13239014708071256 0.04395131672376498 0.002075319483722629 0.03877924037105539 0.02257674059938288 0.005002702510682177 0.09535428001387604 0.05217181979768751 0.03715492411240236 0.03477090669163027 0.05331046116450095 0.06380166496814776 0.01088779784356152 0.07214149988575543 0.04110525823180514 0.03181005825757962 0.0074751810291035226 0.00041705477846335854 0.033255643720514885 0.040384632663070234 0.014239508276526773 0.0893575799819082 0.025115749634397624 0.02385863721174686 0.0009337477408972495 0.016168250082889753 0.005694411048725753 0.054508635968501244 0.012077288130967067 0.01972314463245295 0.016146108520700746 0.005002189942841275 0.059194743206203285 0.06002025748490032 0.0005875213893458127 0.07217396496150394 0.009540712603372348 0.040851179929528726 0.07050336907184551 0.010460420402414414 0.01949930045075921 0.012567970482962185 0.002658411933051816 0.027165336172461266 0.02288170434819049 0.0903871311921087 0.05473335591958729 0.035977287805368734 0.018209822790153127 0.06500584561227843 0.04506818994981277 0.04137686707324429 0.048702975801359225 0.09913046293665692 0.07529175788013343 0.07446572272919043 0.046620199992281224 0.0032914437543102473 0.030194593124898847 0.0020737421194846717 0.12722851978761754 0.06037365075804461 0.10435853742765233 0.009842606642369436 0.042926636064208185 0.058340230940618715 NaN 0.040901503767923925 0.0348976645518219 0.07084003810815274 0.038682747540158824 0.10290228944648981 0.03794557122755174 0.029032846451877023 0.11065608566171137 0.12238460127976519 0.031658504828649243 0.042180682334667 0.007842934889384645 0.1386783810100172 0.03614290016333868 0.06576676770019642 0.04650686937400656 0.022921263427748202 0.06734493835152641 0.0089931706601082 0.03822219118545161 0.021689324078418348 0.033205894776990694 0.00889705058849763 0.05062782264065602 0.015876727170271547 0.000624142319818466 0.04816158856181721 0.040924150650717424 0.008820267530279601 0.011872833480980182 0.07275316021630993 0.016849058237759087 0.042060626358864726 0.029395622988636932 0.0025644140703681086 0.015185032952670395 0.012553243645939387 0.0024283529018526906 0.07540206162715876 0.03071499278738879 0.030738998371561653 0.005630355441516118 0.040169061832353074 0.05099846818238765 0.053745758336192065 0.0066642627617576585 0.09025962851659805 0.014489237967909591 0.09635798910026672 0.13088394357760613 0.023205837964662118 0.0369519840906611 0.017191080468224137 0.06464894382426967 0.02407006539603907 0.023049656480288835 0.04248974003140102 0.002381283907363343 0.11436897069525351 0.009732172132832229 0.015992155283956054 0.08766857109977713 0.08134238154764657 0.07291948805465497 0.032785335064329194 0.0015770420912597778 0.07323913149927494 0.023061402983386242 0.05447509180053974 0.031772473062141 0.07750399317954636 0.07919873777352684 0.048877490420613956 0.003949948197072372 0.030638830710007683 0.04473196949779036 0.05875416450269781 0.008422429914181895 0.021685127916184686 0.06599132128851529 0.028836539524522482 0.07763598757514843 0.0011732406304819742 0.04116904840000663 0.08930892504327438 0.059543722228659564 0.0021247089027398116 0.0017187051725168685 0.008512061183741168 0.00013124894429057628 0.06356949797337108 0.012287631185033315 0.023102274354509972 0.07311181986243828 0.10011665842086243 0.07295575688023656 0.029742499624036797 0.056460576466378774 0.06057687224811251 0.036042654058615994 0.05052731505822614 0.03814632759154053 0.050167059709349475 0.0035010131515464974 0.05789742304354026 0.00499390230086399 0.015992148855792462 0.03174899946922794 0.006595228780396404 0.053296389396609405 0.04297533131721957 0.031939170928247065 0.03308773382984822 0.052006754554499816 0.0030110494752841237 0.0012928228638341946 0.031042850120132224 0.05928783233235897 0.037728688387525744 0.08129289576858874 0.06361028160840072 0.02701026873926638 0.0664641907581454 0.01496988371129659 0.0004410467869208174 0.030187866443034155 0.11143534197149783 0.07413170581360537 0.08841090385720353 0.07391905061375702 0.07525416823120261 0.05956485892537284 0.05263754740846993 0.08602556702496378 0.01772335110512183 0.04373089465228986 0.04471596950519246 0.018111012839351057 0.029510349818284275 0.02550123686651229 0.03446697831879329 0.017719635082261615 0.0011743650006682466 0.03285289178524768 0.014888761498630061 0.02586097656194464 0.048836932518891485 0.06350347553183765 0.02797470284666808 0.02645151038439065 0.005757725299179858 0.02274223464591687 0.048314890752024386 0.049892183248655395 0.0823563130990307 0.061684463727508014 0.008322608294632739 0.009840034388499043 0.006511489732121191 0.03594909501382949 0.005196972947850131 0.043825671896642375 0.03461736460383025 0.017392333024594767 0.014829693206951471 0.04730704044717436 0.10311815104736759 0.01941732050900489 0.05032602765290125 0.017510012335255388 0.028933782194431868 0.027849806816553236 0.04190697719879302 0.0804666086626195 0.014406550546883501 0.024846587294547945 0.05464251087003423 0.007908528422582202 0.012013826377361038 0.03469917310907626 0.00981326288982923 0.02918543316709951 0.042883239432951734 0.012762400434336227 0.01920084634542124 0.06889386993487918 0.020545457480543445 0.018094155302984753 0.07760334009837563 0.07647484770124002 0.0664823564475133 0.007004095363407165 0.10097884896026978 0.018107828161116633 0.00616379816109144 0.0019743469862640015 0.05695611838122768 0.01995487212214545 0.053125993955661546 0.011208547803161417 0.056108967464394366 0.04873661905694912 0.017108921898705044 0.02961658525875376 0.014830900854949602 0.01642016169558127 0.029831817905737138 0.015564089432239137 0.00020158298991192355 0.08695888809937279 0.01983515920019151 0.02123881479081921 0.023038211660482887 0.031478689188509754 0.004464694454749227 0.0016958665602629117 0.022671002761138922 0.016831743628503044 0.012483950474250917 0.030887572011615034 0.0270733521973106 0.02723829521890832 0.016290347362378138 0.01960321998379897 0.025668028216485148 0.01721814502540508 0.02128923244719751 0.010834481139574106 0.10434888060598899 0.05356651149341286 0.0033803500061707174 0.05659890897176042 0.08069730182446581 0.036101870669549514 0.052411374402586045 0.04226934734651125 0.0773951919170901 0.043443559238754204 0.07410413109795991 0.0787413161328735 0.012357170699790353 0.014403338377265673 0.006336688133001623 0.02963328759754356 0.054229747374474314 0.057587333247210284 0.004765880087081912 0.06521375683654562 0.042278096634362494 0.10531940753756953 0.04964713562685206 0.0036208563941832798 0.006036103612191876 0.04731965368966353 0.06309093695731714 0.08056569408209664 0.01761723359324509
0.05383713190604031 0.08112840528803968 0.02863291569444144 0.008960861379356106 0.04475837804907928 0.038172538208588264 0.054659005457020876 0.04668629986384091 0.05057030299801166 0.06906453085244088 0.10506059040134072 0.16787239063969386 0.03430433447197824 0.07644178480424667 0.1501212385673387 0.03259107378568735 0.019845805012375498 0.14177297794570295 0.003554097399472038 0.05549935998590217 0.0007490345588333957 0.1482770449002243 0.09522209012359847 0.09403795797443115 0.04569508086742635 0.14645475146147835 0.022529122880691636 0.015097839479307198 0.08302149029613834 0.08964481242104719 0.07013510538620484 0.048075203991338085 0.018699611522562876 0.03307074668543967 0.06246427846454295 0.049802962724532135 0.06694127373231826 0.09983967652395079 0.01267750930263292 0.007184130129374668 0.010852709322321538 0.024499432066789794 0.02928679896934272 0.022131102654038618 0.06462943264260478 0.02061457455936105 0.04330274380787383 0.024814849931159663 0.018604276493787424 0.004618498129370425 0.07904425295111404 0.057615797966531615 0.06593665572632765 0.01642271188779387 0.029951100100777055 0.0669884502587283 0.0034617480192910273 0.0705947093993744 0.050296950002373074 0.0833060233228697 0.08523057057088128 0.037509272891327286 0.06491511791570534 0.012740605174349018 0.026768892693922894 0.006241589830370334 0.013983122691502238 0.021562681495324254 0.2178550599768449 0.15913937975765108 0.11565480680046604 0.08781809338599716 0.008897690205189709 0.090026270114995 0.2250479466637371 0.10863976048243497 0.08362218029981754 0.03816978190085953 0.008817801682909956 0.03611998593391931 0.06813337916787288 0.010516962774310626 0.05387158891700069 0.06324252289141977 0.09800548825517966 0.006578348421578045 0.033841591183491886 0.002866949466150095 0.003299927895605088 0.007363044802922703 0.0062689561917481625 0.01085641579752595 0.006177324950248876 0.0032243753308586805 0.02097630643118263 0.01519759405875145 0.07813391181610807 0.03991494138335874 0.04314440721094115 0.07671559298270618 0.04388849403404794 0.12208241290692681 0.14256516436508157 0.11891115651226179 0.14397180965139464 0.035691754170557075 8.648422409269398e-05 0.07649099448197637 0.033256080887791445 0.0058599944662660886 0.03356628647658795 0.026326309595405807 0.017547123689954723 0.03418218655889138 0.020194524365652455 0.08080010646018426 0.011320472827037978 0.040712676053734784 0.04301227061677435 0.06058404931586097 0.006369612721622312 0.040901503767923925 NaN 0.0057254399779688445 0.13864714179966872 0.08370494622214855 0.026485127162877403 0.1614350583319459 0.1838213692016498 0.007653127225201622 0.2344614820273242 0.10497290114460102 0.07193974931113574 0.044334712665317355 0.040512888256197074 0.10234374486873511 0.012985069223714963 0.1178762227201852 0.13981353419275908 0.008212113804917334 0.021039316757113083 0.06516891351986673 0.08726808484887111 0.11374008589785048 0.0955349044372323 0.01131370323767699 0.024347496784050703 0.09751864841509629 0.09923958215644807 0.0979054505727853 0.043289988952862 0.021611648326139113 0.0350099938379082 0.05036865731691891 0.0248627172069346 0.07985566621352197 0.1097683502802573 0.04747185347901215 0.04999823188950009 0.0013090509636436772 0.09130138008701512 0.001311094213038204 0.0618411695888766 0.045314970858088166 0.07843398893612302 0.020075690981341678 0.07491545259863125 0.0007825210257164842 0.002866269202331518 0.026224739493103267 0.08198797141494106 0.00039624778301444285 0.05787145850248345 0.04154197276129622 0.01721390968929235 0.11966035047305887 0.05858641602603253 0.03110989986877628 0.029802019010098234 0.059686845263724454 0.03320415018399192 0.018116584029726733 0.016004802635043745 0.019079798038228197 0.042987546690370235 0.05556089102221602 0.07628112475149049 0.005127237049534473 0.01916574218725206 0.036730505660986686 0.009374688150348054 0.19551801793973086 0.022620393719588645 0.08116210143643528 0.1379004663056586 0.029448757948734045 0.031678451656108886 0.16456139784818377 0.009862920184374327 0.12088448443791926 0.03727162822638617 0.08243684348126591 0.06907529978037559 0.07375098360330853 0.06376867559930362 0.22423645138243653 0.04550678730209999 0.09473154944431965 0.1017199939880311 0.018468879053941942 0.08357614568467651 0.07623224304907285 0.025573223978537965 0.060935380126291246 0.0954673625756875 0.023384089428980577 0.06439846152320122 0.1477364674004407 0.02587757302215712 0.04964551283684692 0.035019982053506045 0.04448586194572835 0.03368140376346904 0.017520207085660655 0.10356111947447355 0.10629946825885768 0.008290748279116036 0.022142108661650624 0.0001557170238288665 0.022717585886379177 0.014159796093665852 0.05279423051063654 0.022669881384445777 0.02240017777309965 0.055090396987672915 0.04627456038593001 0.027022212821975547 0.018626910174519798 0.08622371487375508 0.03948004999790729 0.027936625118014705 0.017388012953124005 0.0002070690613574075 0.0029480379379927656 0.0453399427180027 0.01865309858450904 0.12125332278008097 0.026773322468066758 0.16751581739284416 0.18334387502924746 0.12926545654748475 0.09457902665800616 0.034595331844172406 0.08907980978518365 0.2106384490277986 0.12688619281998156 0.05030200090467607 0.045662624526780944 0.04901913555689582 0.01261122015789872 0.03270268298188237 0.004435692090636385 0.046247309187636775 0.10093591875035532 0.05385522278465418 0.035038610478217255 0.08927476999551645 0.06633732482284986 0.10189159353485079 0.056310560289631155 0.06274264072410189 0.04054064222550121 0.09937776617943152 0.06367622790520179 0.04131736036883606 0.015465429494962298 0.023166656385001653 0.09429196302384858 0.09732129742842432 0.06393122901597781 0.036627080343327456 0.049209959614942865 0.06958433345920104 0.11414152102287281 0.17497108465351652 0.07792390588982649 0.06885618993380738 0.03229109670178541 0.04932017999207592 0.01724868120557982 0.024165533560265844 0.05050219595804238 0.030327257942134454 0.002433003466033784 0.004962340679192506 0.03221660208911149 0.03317075257649082 0.018271912446665383 0.03966526318714548 0.09150179916878537 0.030249646134773482 0.012140271219156909 0.014065873002411527 0.1359938415790258 0.11920216346921188 0.05056337913022856 0.03505878797707475 0.1532204722135562 0.15477802983773958 0.11595096775578348 0.15268376640247674 0.11098490805320474 0.010136500558901453 0.023274499840795916 0.020295178253065933 0.08785827400026597 0.08268500318976547 0.028524294336904538 0.14317794282981006 0.11391293900631826 0.017169711363637215 0.007133031901112559 0.12415027110385467 0.08547694560338938 0.11603054848266778 0.05401550985184253 0.038844981253718096 0.08215578979409884 0.018393197079719092 0.16362946848693788 0.016102875813929902 0.09346637186214203 0.06729489255458217 0.02462691374922726 0.007656964124945059 0.0831538407817241 0.010580294065951979 0.0726106346581158 0.01396435242020513 0.025457932523787287 0.1448075243338951 0.09508781397174502 0.05000540109669991 0.05910966317345214 0.008172084900056687 0.05909086398701159 0.11419177346528546 0.01998666123526669 0.05727331531092925 0.06538611220459467 0.010036159016159984 0.05743248355710284 0.027595203120245087 0.1674180459826496 0.03183076586187424 0.12099897814649356 0.021373785993333266 0.05279688235637012 0.04669682199066073 0.05738458234359592 0.06891104131552545 0.0380620126303272 6.263087655253574e-05 0.024134709883349197 0.016950451480437074 0.03879200519015613 0.1513718918233139 0.03839047755624406 0.003250313837933565 0.04526565819102126 0.03160013480622677 0.05033329407371686 0.005433708909711179 0.020236862107417434 0.03552864042793021 0.11232121503564473 0.05920016727553623 0.014023718756456832 0.02930403869220472
0.20004963879661333 0.0025060239470283017 0.05747569030237103 0.1724440481839809 0.145109146633159 0.021137578701834168 0.04350456926275283 0.0986100094004868 0.029078218010284783 0.10405709595866205 0.11351550841708366 0.16409354878747986 0.13022544207434902 0.1445399494546072 0.11149593791812865 0.04533793878281327 0.07746071952429272 0.11885221654039435 0.0936953558077304 0.06050955926171313 0.10188061531611138 0.15932427679674283 0.06332407109070128 0.21682394121524787 0.0963069540818061 0.02443908050918981 0.10672474421216341 0.047782488537404744 0.1120415768781698 0.049809187565718616 0.028594992060387056 0.08663662027918904 0.03407178082281874 0.054360680689738504 0.08850420873388172 0.02558523396272504 0.16492522775786547 0.16634156082833035 0.0003890559190851971 0.03561351750826956 0.10923518001312407 0.05619788684378493 0.08928198016305712 0.06627223393640555 0.001374014818501673 0.05061460151846532 0.09749376575542452 0.046627350486740174 0.03625105736506747 0.2074513716100509 0.08631951396285824 0.008337094443386654 0.0037477938515780903 0.11764152202393267 0.003086590054112048 0.06207252036940557 0.040775455676217084 0.09178109507505881 0.18807373269295896 0.18473438841053033 0.03384475484347506 0.13649561039880448 0.13155482131004237 0.04571297235473373 0.0016040074998929764 0.06171765459084993 0.023605940021058733 0.08771461891063956 0.023345161331930372 0.06916904811570317 0.05632352601876274 0.10984024027041221 0.06966445515729076 0.033604277239746995 0.1071311729430472 0.13792694483996612 0.016337665129990155 0.005854341624832457 0.03885633904447625 0.11817220537483611 0.14534813224738474 0.0017386952379770204 0.04753101040030274 0.0623584563141888 0.07790484673834917 0.12353329778988874 0.0510494256255232 0.041770362632428865 0.06771859113913604 0.06154813440310168 0.023641933855416086 0.0037027552525427145 0.06149996077416412 0.038219584899498386 0.0634505209659331 0.05354904764367391 0.0925970047937142 0.06654032644597395 0.23512495657153226 0.1518906404195593 0.07716697903093317 0.11334626628605296 0.10101386635783187 0.2504268396973771 0.20049141578042096 0.10239608784802713 0.13462779226515667 0.02211718203072479 0.06397635668728117 0.013490930048343428 0.10988096253007765 0.0915889538729117 0.09569887192279539 0.06733382873758954 0.001657805850649986 0.14815113329244045 0.11866270599036591 0.007586120066703128 0.09913250318313399 0.0062259760893824505 0.08766381605574175 0.0348976645518219 0.0057254399779688445 NaN 0.05570228130250028 0.04321434165431401 0.05756676716037715 0.010094179304880964 0.06324494620121894 0.00937526155768707 0.03699757816627917 0.03834327740524629 0.08190610834582611 0.0704264444616306 0.03379983564096792 0.014033518691806282 0.15650332066522293 0.1952330937485432 0.10561948294901213 0.02311488560078968 0.007607235135246333 0.10108438418490903 0.04424887739327527 0.03585544259062351 0.0014087935200151967 0.016815326605163505 0.1747294251605925 0.14548051511720123 0.07464658509584346 0.0863130691001727 0.01153558561322759 0.08460802392973686 0.03071979999187998 0.00731917182355622 0.013237187240592464 0.09002680600520795 0.15350085384049664 0.026952191691209576 0.0004587681084849021 0.04423092433941189 0.03524587913875405 0.05342492270264431 0.009600796744873427 0.09031185925154532 0.06132012381729258 0.03987705642898144 0.1610695039590447 0.08074648198419883 0.18113306402954651 0.04787197630456363 0.007507418841358474 0.03172086518454555 0.17942516442563305 0.4075299738234421 0.30048259311805636 0.0394533920026245 0.024582241558574 0.1341364830022562 0.17651724167851074 0.19934519609069623 0.17425136337334218 0.00015496923055246682 0.10133608895762923 0.16283969409684776 0.14549973758164123 0.048532642958745154 0.06762146304125409 0.029373556872122272 0.04747064380907761 0.1407967883681086 0.033706272738607 0.1413808888445528 0.10425166983298403 0.0977729118410296 0.1672225154331719 0.03815159372839881 0.059691741853141064 0.1837059038329816 0.0835505506185528 0.0691345541181002 0.022911310416708946 0.1155396055302233 0.047512077106387586 0.17220148988611628 2.3011581406236097e-05 0.016963382074959746 0.16156147653949418 0.1677649223478681 0.07760889838790537 0.06008385564472443 0.07072335432391295 0.033893231908956566 0.0048485159528453845 0.01624474566921712 0.015675898469283415 0.04499441130844608 0.09026441272223387 0.14900772460884346 0.03722352044585115 0.06665207835374329 0.07314964560527946 0.08020393089718862 0.013896306037245466 0.14741081146401533 0.059673222928907185 0.03189476694127168 0.10826693392828521 0.06996692293708906 0.033792139468964325 0.0711761436919526 0.07021869353064356 0.007206565727915924 0.012895358411983525 0.04315343319572755 0.0010341941300044573 0.054180836288195595 0.024402023814075396 0.04081207049403187 0.2084584724039757 0.12765693539395367 0.008598247427657637 0.045876114323315766 0.14577751519301785 0.052495073006790016 0.0066910407985057456 0.00471992670201575 0.044596950159927644 0.02455319744693275 0.001599040134998599 0.02381525626203662 0.08378235970845 0.035968331468917716 0.02744997224225967 0.0307532798937625 0.11411673373481028 0.007964398435085007 0.08467025949246612 0.008097643241840593 0.0515152349654804 0.018264864889292423 0.05847124699287163 0.0537415378188691 0.0330758251473484 0.09443797943546461 0.07752670807673437 0.07041707904533621 0.01771911302504058 0.006658773161284702 0.011756039469624984 0.034842894137279284 0.03085996153946267 0.04353040828173329 0.011147845167398985 0.01305508075573665 0.04986906160396225 0.0018086403306881446 0.0966129797955337 0.009223038829896045 0.20517073805447492 0.05718141604130455 0.05786578273299791 0.09391872028164602 0.15537583956069695 0.25232943933933016 0.11923030541265155 0.09246406483282801 0.1855869500261437 0.035845026969675196 0.09053502951382056 0.00739916317703836 0.14060620261576978 0.057561621679015997 0.057461539692968806 0.10812907718629394 0.0394832039369614 0.13890228975049096 0.03732831641285221 0.030369114426552535 0.06322768773930412 0.08957654445755141 0.07001321173424468 0.016576735451550775 0.05767765644252972 0.19236033015149484 0.07478494388963762 0.045561937584863994 0.04044817849408844 0.052517210602972444 0.09151691768220975 0.015234484730996027 0.06528256265760625 0.09742640472491611 0.056986174433454655 0.0023020927183917345 0.08705462202138975 0.14687979569112747 0.019076176774381247 0.1300329820560082 0.005496591186660651 0.01442406425115001 0.04438168638584734 0.09833193365386551 0.05614890552424769 0.027482043377050038 0.003147070441913181 0.07469037700932828 0.21006917489274446 0.05863843027208298 0.12323113212217846 0.08520422838124166 0.04997127671234514 0.08352729655497211 0.020135579056340974 0.10032374766816834 0.04660784069742005 0.046526845014080095 0.06301933185721145 0.04646850911018628 0.05304313181980341 0.030452426355328042 0.06263119507646821 0.07736560306642846 0.0411351178789771 0.048512614569963725 0.036353014396287506 0.024808639825152818 0.1239470303869444 0.0386460883248152 0.0702555197546287 0.012064176774994176 0.021607330705992408 0.055330368868707125 0.12789718613850543 0.23761499291596955 0.11842960779371547 0.03861192668729508 0.023642916254366465 0.018341967494250523 0.13351806282134623 0.14725823669361426 0.08595398084104373 0.12393422232334145 0.003458468837329963 0.06116930361043476 0.026069545510422603 0.049655762034764746 0.07126773158093358 0.05720630309134093 0.007116968207115005 0.015699583410401986 0.0582351961606927 0.07836144199800384 0.012723745387390923 0.006208301392729048 0.012085747116288955 0.02092695894011141 0.07942217182645062 0.08280831794894139 0.03712713736079824
0.25632359914692987 0.20429982556579393 0.030763086356203062 0.16264168609083862 0.0766505808959077 0.0994999210824865 0.194306585533932 0.271686090947431 0.04508819916288327 0.15468245375337147 0.27597481683972547 0.43065619880233663 0.20579667392667603 0.1982276959375062 0.2759209300594675 0.09288646609165725 0.04607555822751123 0.3947241926297346 0.11897822693231755 0.09079929138725747 0.1301197741234303 0.3713671354698986 0.25771074555512513 0.20752781857128322 0.10318309928134206 0.23355999625522855 0.19399305718112375 0.10862460885843417 0.12320743565146922 0.07327715360069204 0.01900311611261178 0.03625870526945822 0.13447660380422194 0.017242490534682686 0.06677194163688382 0.04846325523917131 0.1348757065660668 0.1455297079972464 0.006022059344045301 0.20359709815095284 0.050133915607844616 0.0041719336174613235 0.05755691928400536 0.08282827703282783 0.07269419270709979 0.05625071431390052 0.19465938692302184 0.005950966470951898 0.07970807869933383 0.15875909481504633 0.2508737013570417 0.1509540265291669 0.061592553873785205 0.19122706324982675 0.14184659773057975 0.22395647960653836 0.05723327613451764 0.06339166434432295 0.13605032776329698 0.1926734399322918 0.021360395767958635 0.013371590175153998 0.04164697119738855 0.033323298347346604 0.05489967365877059 0.03563290097485815 0.1312780333245626 0.19024662501177525 0.2982408768731719 0.29841513440822215 0.3037990095967487 0.21325577594388662 0.11189590108757404 0.22859171620093433 0.373201802310654 0.2139028347196779 0.00590220016072414 0.03621141257784959 0.20508130925259813 0.09508251166696816 0.24966757363610165 0.0011647124830069802 0.0544724326472275 0.06750446479727433 0.161681558957235 0.08997421941698185 0.10776482608260968 0.024628658805019035 0.010699126885967893 0.005194517713903025 0.07867193440164623 0.025800924608999368 0.010852510749623743 0.2553229701565884 0.0810770640400227 0.06493935350532075 0.09871543683951035 0.1150624147050245 0.07423653097242361 0.010879007087971586 0.052193698842204275 0.17068364541042919 0.1862011554088734 0.14691266151520757 0.1975869423399398 0.11776502975660595 0.033886900496114467 0.008920412522478424 0.12867511740621407 0.07973150981090088 0.09299521231894949 0.1154290013232999 0.02807053447332094 0.00934973039351366 0.07968214233638078 0.2830106980036857 0.12902791770766112 0.031971825645747104 0.06032299344004172 0.15050909515990873 0.11262557903971646 0.07084003810815274 0.13864714179966872 0.05570228130250028 NaN 0.06698372851676315 0.043054983157480506 0.2575187624394901 0.39616060920071045 0.007342574859883096 0.2778457612747225 0.2606763114743948 0.03493200905784502 0.07886166719539622 0.0936209876712694 0.21344384348291137 0.12912840303053355 0.34776296250626915 0.30138991641622676 0.00010284826115142286 0.11056944938004645 0.058454559598438 0.14643928354447663 0.06106449894916978 0.0352653607975828 0.0021315054850984407 0.08625999521504595 0.1531428747678785 0.08803555717034202 0.2103539361311532 0.026843731502833045 0.061785551194516744 0.03453416905368647 0.05227596214837329 0.0373683994043484 0.24541587725215316 0.3504049120426647 0.10676460532368681 0.13873701430024907 0.05412870093470531 0.1695112815016353 0.056302480130980236 0.1846835792539825 0.07598727616447394 0.12005617368278944 0.04678247773360101 0.14098590342851844 0.04529144685543315 0.0061356210132630035 0.005217827999309984 0.012903715136725303 0.05198604658979485 0.08416632008833823 0.15579273803265611 0.2305909646419277 0.24973072116680162 0.03663996029972537 0.0341068304666291 0.1283635919965393 0.12137884799305389 0.2565395426211818 0.05100830953900939 0.07954652476457179 0.185355261351421 0.0981457502708134 0.03225587429997293 0.15486247094956965 0.13848315955607848 0.09994673021922655 0.09538328836790662 0.10580958882898736 0.3110748888422202 0.1419132252553737 0.2032463322416415 0.3053914167012198 0.051559339118294335 0.0680143720328791 0.41594386337241496 0.06893707493177922 0.13765597901505272 0.14449454515633361 0.29339928217755046 0.1467849962817224 0.2891957830151808 0.0942496284569208 0.2720000287023822 0.1260728382335508 0.17749010989150918 0.13575287578880776 0.048130087378753565 0.11622986023569157 0.03316054784024518 0.020342532648636405 0.0778266373593828 0.0894131035206913 0.007090527418858192 0.0034150943005782147 0.2478147703785445 0.08215598771994082 0.2246937121276405 0.01624926866135698 0.06389203823574034 0.10758333311475358 0.020129550401660066 0.13265036816631912 0.051405952914801656 0.24487802999120206 0.0847731819202518 0.019035973728196844 0.042941787241480844 0.10117875275884256 0.09527196238587517 0.03189779562944623 0.1467712392043613 0.15442665905349465 0.1632252114001284 0.0726150720574227 0.060154271651976274 0.14998466233177654 0.08645777634755794 0.014475567805620596 0.02198064571016715 0.01931973597478779 0.04555321904516495 0.0022342978079462244 0.06198204957195521 0.08698412289275136 0.09788362945452747 0.19019409725761646 0.1962618990603395 0.20451849254684312 0.20788571014355794 0.12348893603671071 0.1248244159017277 0.3908392470646522 0.14301269874911207 0.02454528713913014 0.019344834197919828 0.04923354999422908 0.03363054850269042 0.08995974158488729 0.07863174872314486 0.06389442495329659 0.1432874930174464 0.23973969400846706 0.14996473691431184 0.10505885372736533 0.13316272063646076 0.13095545773212583 0.026973970500434884 0.08558364928547588 0.12204141624601818 0.021830970305198222 0.013076248515385636 0.03486935457585714 0.14614766987704833 0.02520063382437742 0.0938354073423107 0.20011363778812488 0.012468975299735993 0.0998696448039959 0.09835339983328018 0.16890871301248495 0.19170939329239192 0.3322144448321264 0.046442250119733575 0.04615656410872228 0.012257342654218522 0.008775503881548775 0.001912145956233788 0.03576220156096947 0.08443874343637009 0.029385179759946693 0.1069716647800401 0.05290800993940878 0.2376076135474106 0.1129927618346782 0.12491247947178988 0.017636922357185128 0.07873058965528676 0.03580732429370486 0.10958040212102828 0.17672086828415737 0.069225332807439 0.3863089948413313 0.0029168741971331144 0.009723801181877758 0.3385763701918133 0.30784060338212366 0.10851601990294579 0.11272867390724925 0.08484020634957469 0.06403631838373217 0.047530613814560065 0.17822948236153244 0.223717671733105 0.07223883226638848 0.24722622080198714 0.38938118764899154 0.19459221800483753 0.16237475575672 0.0004992407201392805 0.2117332180179709 0.10954467794409385 0.053428296175897665 0.13546478278647417 0.1167445188244461 0.14313694890973724 0.13799835755444023 0.21282237950756316 0.015655148568123424 0.0796622699622662 0.050329175036566046 0.009010181236192922 0.007691512554943044 0.19721150418034397 0.1625579215631092 0.12151755854955763 0.0760419522076243 0.07525436473583035 0.04914735346291856 0.13252413013859266 0.17645422680118833 0.09027493400752523 0.040956242578390444 0.03789242038062608 0.1714262951948997 0.05200343529362006 0.08827092333821923 0.015164646948312635 0.02009279019963231 0.0918052889457778 0.07326451412840167 0.1361635982290906 0.2175649518572402 0.1890726075675641 0.01194927637569773 0.0163508163070803 0.12053727819022939 0.06601765656893295 0.16061244355550136 0.16490765689117118 0.0027952661228541034 0.017699599016455833 0.031593708697380644 0.132386561361198 0.23792281367364568 0.20903293718179453 0.0018256192165112723 0.06432903465510319 0.10604235883633913 0.16822302978404466 0.06939636598942041 0.1130728800091114 0.00822414679269023 0.2364596657880019 0.10142118878004168 0.011826622004103867 0.14533160318695162
0.020824106409406278 0.06567549824352222 0.031108737805596375 0.013001597708728411 0.009102088543949075 0.08803726770667343 0.09192257625419094 0.03200435468741695 0.0715157670951842 0.08468463323441036 0.0810431382035902 0.05940018226908324 0.018001367302762673 0.0741962251855592 0.029631668101957487 0.044425028234247564 0.0763150077941458 0.0693942119365341 0.06904552743825343 0.06127766470776991 0.06442884282450834 0.0543393850652377 0.07008667153984693 0.03596619669345302 0.022429028457982596 0.049359889870101155 0.06038079729978733 0.09172471172217915 0.006076344740170692 0.0747782713483067 0.05110179993425466 0.049709153278187396 0.03495299967558458 0.0021526128290175993 0.08790318830513064 0.0038004952290411464 0.00695865007929552 0.03168809286587702 0.010153713735219517 0.021031326785585693 0.047066522093637014 0.017572404765855122 0.06596932639303145 0.02428488688140836 0.022200417503651322 0.006384093595168779 0.04714438217003968 0.015779367180672126 0.06995023570444447 0.005023235851361073 0.09994058305954637 0.012020962720960458 0.02522578386717748 0.013375589377155028 0.03126767798376061 0.04007269448014005 0.04797557532274748 0.04140357486003479 0.05961562331405151 0.025155218547394147 0.0091278147709472 0.011879008299104755 0.019069225101135893 0.02317681562960888 0.04727555291980878 0.05325484878312451 0.01055203395189521 0.10515757267430914 0.1747884137352839 0.06896800443070532 0.0676218197087401 0.09294066612220789 0.08134793568102533 0.010461909474425386 0.057290443161451196 0.025821040583064368 0.012600220708583288 0.060475313243347546 0.045023016842757654 0.025044892869201977 0.049127955641488884 0.02663050025675258 0.006520505877662567 0.02333271600919135 0.07904108079323924 0.036182643195840955 0.005178636580112215 0.046823251852495355 0.0030297768189395105 0.022697830908152427 0.04612109383986351 0.002454099635567882 0.026297197710465313 0.07937352325122929 0.06416354298000017 0.08102756302510046 0.02011056817146531 0.05875076914931235 0.020352861336582494 0.02210382476618396 0.04147624337868368 0.053790292821017306 0.055004215886949946 0.05428155764195119 0.01172559609493247 0.04467032228870643 0.11106199917357534 0.0197205812396152 0.07877515352184548 0.018627625062467748 0.004973907399188799 0.056550358041491985 0.050307021890181255 0.03345672035667773 0.018443967309461365 0.10381723222311555 0.03422900571387013 0.025394466615543156 0.08945392389198083 0.0019439213975906702 0.06563842366259764 0.038682747540158824 0.08370494622214855 0.04321434165431401 0.06698372851676315 NaN 0.08421523416263262 0.01976981458037285 0.08079867595077407 0.020426635563025677 0.08588741333898917 0.050314182915034346 0.03379766014409832 0.04836779513997377 0.04414640768749988 0.02166498949492147 0.050322800501469825 0.11170159479028922 0.08464481620581411 0.05116207997389175 0.10602720228986834 0.07744724144077843 0.07188454036841693 0.05232502125317451 0.01662594636595017 0.05330068369476886 0.007704567694523593 0.08811928262822577 0.05720971615566391 0.061815076411694134 0.05437541564324748 0.04260563211432805 0.05470046809925776 0.057328728130012205 0.18974324954802013 0.040350164203221135 0.08586153535323661 0.11594555170627477 0.1034436817385965 0.06392956793693351 0.0012494665827581665 0.07306923178362806 0.06575697559661031 0.0011230572590269538 0.037276865166766655 0.029669248083545978 0.047319841585735586 0.03754810596019683 0.012570767416524352 0.032651318628778896 0.03215934962065747 0.044556825213107304 0.08412874084823373 0.04868060001967372 0.05208886750963315 0.05902691910507882 0.040714039519055785 0.015483048281381705 0.06458180036001143 0.025620001952707635 0.019168130501707212 0.003289266266482138 0.02485721875452286 0.007573100294399423 0.009682221257863768 0.04370255995250015 0.05734059010961884 0.013115571294582197 0.0461860685196313 0.02898103142584671 0.029915897442315664 0.11048441666847185 0.010881300956826236 0.03541642884877092 0.04017514512619079 0.04147063841252287 0.039263729974471785 0.0694692928708551 0.052334977785551864 0.03947555416011624 0.06306758764049257 0.07623578094516338 0.06573736104252041 0.033055892547073404 0.0022757378336971303 0.06044150093688316 0.025472659419730793 0.007612170522945806 0.012572393107129718 0.05444440917430194 0.06826023234718949 0.0194400892885975 0.0029806437625701965 0.014145736476592707 0.0793434346443834 0.051168222884592295 0.029620278018279936 0.04019881148577692 0.04059933765085268 0.012292668812224175 0.030023011851848573 0.06160634571817637 0.03697567718559777 0.043459668436177705 0.04527014325094106 0.038362397857191755 0.028256015307547955 0.03261071337103667 0.039592503553666517 3.088705731056143e-05 0.03766696306669868 0.04057389904466003 0.026248977426663635 0.022684886262049463 0.04486776945080539 0.03857857614192187 0.02971152406214094 0.014769417888688725 0.06840755147742152 0.01136761137248634 0.02754643850972621 0.0560664982224438 0.04435301104577246 0.04176276547938757 0.027092319458021454 0.02315593052399991 0.07974622188745092 0.06927406958801009 0.08328202084518774 0.038158464837874474 0.08206441638652484 0.10048280563221358 0.14002213015765982 0.04517951555302112 0.05169228184445933 0.005015901454704271 0.0423301077191631 0.04555812406067206 0.03344141401158952 0.05285634835604145 0.033482351897625835 0.003436462472514227 0.02568245695736516 0.002807206558209201 0.05833005386541439 0.031918384000213025 0.07521465946462455 0.07039421739566341 0.05265786419722427 0.04744335024615949 0.00037677540912093844 0.007333142785738125 0.013128592506298522 0.05475402782737748 0.016264330312784216 0.03256421942277532 0.04707620467265943 0.03957613967798909 0.08546984209609937 0.012677801785910015 0.015649227164115112 0.013208531648968149 0.10187428967958609 0.021203630007974372 0.09441577166963563 0.0014689110431219713 0.0038188933333034836 0.03731801088064064 0.026858606582967275 0.009935998712854515 0.008199602453228564 0.005810876810638128 0.03619299731446296 0.06963133181598485 0.03984587455863877 0.059777577444822136 0.027999883529280283 0.08096479753164913 0.013980396546249689 0.006941489712875861 0.09523784496953872 0.01724012977810903 0.047244797674990964 0.06953149007177556 0.08095797292531472 0.07620512125036484 0.07245340546653384 0.08865814569286432 0.03352586387134265 0.013724312319144427 0.04922240656592522 0.026642590296190444 0.022325619857180918 0.009679849452569254 0.04664386982637164 0.08175735725418774 0.038171170618912446 0.07907209514117317 0.02846915188738735 0.025504223361887724 0.12385203908390402 0.056406022298000166 0.004039664126388259 0.03995769311441382 0.05895285653536025 0.048677693561784176 0.093054743459135 0.05727906843641368 0.06308181957768659 0.09992696024038228 0.062159715790632813 0.007919685880035943 0.06569195857660567 0.05620349001263371 0.04313085827646695 0.06835827197108962 0.046055840095093975 0.04615402637853556 0.00261232093997637 0.06508499029233807 0.05858218577731439 0.04804836151298157 0.048042457989086566 0.030187718566041813 0.05005710771437522 0.03091360250508841 0.03685313119505194 0.03953236809548317 0.03450416017865488 0.08764794084731924 0.07573507412783746 0.007093727846995873 0.038925004156074035 0.0074066223579378 0.002484742057323984 0.018877903867807903 0.03869039566219109 0.005044386831541754 0.0052040495429498705 0.004384783336761191 0.053851826866341546 0.025044545433755994 0.019442383404216564 0.021035203416448395 0.04519306873663099 0.060592290156367155 0.08528814128251987 0.005431380156177138 0.024117964238262145 0.005158120155534712 0.03411261404897028 0.029004675476296347 0.00486032739841627 0.05613936203575568 0.007226518926430387 0.007057356624571211 0.004666736318715439 0.01886491193138156 0.06929119813526546
0.06466657641522555 0.05939026093965697 0.011249481062279148 0.08969786854487066 0.08861047391410873 0.03222791166097422 0.0026130082732513738 0.025267101171118824 0.027133229956700238 0.08707795663195816 0.029169335972607027 0.0363009697126103 0.03602688619208184 0.013002636594872894 0.013029961636290045 0.027074511717294483 0.10151672724393099 0.020981277048094646 0.0178911193525067 0.05629106832673809 0.06142267058241419 0.030628983245587462 0.0836013667200357 0.04316335496961829 0.004498892656097619 0.02227166830440646 0.04787686319832334 0.06412334998044875 0.0886949906771038 0.01947459825516059 0.12218225262778377 0.014998992063873905 0.004771731378209156 0.035622630546624574 0.005084854806460802 0.029469478355886855 0.03043111902535258 0.0037927442989374826 0.025689416641414838 0.0353046889650519 0.04627534225105279 0.0157870776959042 0.046046198570413456 0.12884540550422727 0.04924299090855298 0.05896797886241886 0.008409154250143361 0.005004319098010166 0.03880233016593935 0.014424403862634778 0.029311945093231744 0.041939158573118036 0.041747232439150954 0.020203562595139408 0.029315082382890805 0.03316195716619964 0.009298642934854304 0.005889282218394814 0.05407125172105797 0.025189532775241018 0.06421131750815451 0.015487832582507204 0.06835536614701179 0.031402551319689026 0.05786282342648085 0.015182959389206113 0.0004940687219640629 0.09316993256649994 0.058899585983313005 0.04244539890676093 0.06239622078616098 0.00472490046923973 0.0543858802440909 0.0045807620059148705 0.015036451257172467 0.003915792279087323 0.0472582319622688 0.02991652601446521 0.05021867461104781 0.08614842879216623 0.07858517478460997 0.03993351730362389 0.05759699430234353 0.03884139945117312 0.05633227248659766 0.08660112301140706 0.010205309143027003 0.017316667387623788 0.012457380803403346 0.025165149199374234 0.06403430883938858 0.016492112336546495 0.0031714503034629697 0.03461535979577697 0.00454554735136285 0.06068766961733529 0.02909988052385494 0.044794749987883804 0.029324195012381617 0.004670515484999543 0.014744840933394185 0.007221182542150416 0.03714982043586937 0.012040625442394553 0.06628945076767266 0.043896203639581 0.10014134776815072 0.042933516946469415 0.016152596914690797 0.02976519790978211 0.0013788566086355694 0.03860197730437864 0.010115962335506138 0.0036153316312920254 0.0371591684980602 0.0036418402383415803 0.005005829023390816 0.036547490914733326 0.017854406644511583 0.02281560948872078 0.05629797104726053 0.10290228944648981 0.026485127162877403 0.05756676716037715 0.043054983157480506 0.08421523416263262 NaN 0.018462917923402322 0.0010690415889753593 0.013256401195980604 0.062057783194866024 0.004868377001417821 0.0315474840239896 0.1013342996497075 0.0213492964601824 0.00010528391465475192 0.09248007450910958 0.016778226178178184 0.04782696300265464 0.10332479759454595 0.018030826706422833 0.10145655528919378 0.13609217186437475 0.035856635766998504 0.02546613787416716 0.12503357013216373 0.0061247224957517565 0.027075598791110014 0.015106201213687945 0.03576969818113478 0.07711286273359057 0.07630057059595724 0.022792842518854863 0.02608371352291849 0.23035297862361742 0.09115570088511431 0.0976913619768051 0.05667132514462258 0.060102755030910796 0.10955858417864746 0.011274567128221016 0.004069546301683933 0.14121350922361553 0.06784250025111589 0.008235401673748186 0.013109676780323317 0.042245299802106825 0.01090240354808058 0.04145393935055767 0.009861907337775625 0.08451623858955105 0.0539373729265004 0.010849205579063373 0.0019779254188714195 0.08190872798286002 0.008652548313214593 0.03351410268211986 0.03247302556561368 0.008964657544904353 0.041577644306082774 0.07822838523085411 0.08597740492945619 0.023287945555832752 0.10344835666307407 0.08090008331629332 0.019237811064250657 0.04367622333740705 0.00222759897025402 0.035082357959666584 0.034233989119712545 0.0038342682370175072 0.017147092800560648 0.08066878728581421 0.004326456079288548 0.03234375046268721 0.051044009276994054 0.0891342524885811 0.0325728979208385 0.008752188125918207 0.022256365604583744 0.0416176299183748 0.014318200305560854 0.04544412847410778 0.04321722896530677 0.021328941027365256 0.03334832986765318 0.001684336352170199 0.012347839509298303 0.01227835146185935 0.052210533116725334 0.03387342139533849 0.04562717186368465 0.029461645332218026 0.028402040985977914 0.0008457713856923517 0.07343522172996489 0.031131174854041654 0.0834979858515878 0.052707043267147036 0.021764786646316443 0.02631627101994961 0.008564538964170865 0.014113271421469299 0.019586861216171637 0.03065964817678485 0.00395144198025744 0.012348182057901728 0.006230185116676138 0.012806489386097587 0.004071229090266319 0.018906839655534604 0.0033625638108136847 0.04480236467372751 0.03856284885812953 0.03838645952957504 0.04486293901455497 0.07261615658347774 0.032002017443872134 0.1262998894896787 0.03677774787909572 0.024795435540261732 0.06096279476764182 0.021116936912099822 0.016161894028605652 0.04965616869196263 0.006782683887913437 0.05400335671566936 0.019024529662818885 0.0025708922888161016 0.002631388517238524 0.0395988982036958 0.006973316921697274 0.02538638891947864 0.008623648599122541 0.0038939858023337003 0.006004206078690895 0.04034830909349491 0.007733261086416318 0.03392950104271304 0.05225243409131225 0.029864750828285713 0.024376031512898355 0.01926852605041415 0.03903811859766915 0.034528660779112236 0.0857740466990607 0.05334702730040643 0.019916347600792465 0.02822250179483248 0.005776108209128629 0.011285485716289633 0.009118225208106205 0.002253342847473125 0.04044421808841737 0.011904887688291284 0.015384362586905525 0.006873162536058642 0.08736652160052256 0.010194022339893737 0.0420268919223127 0.0035698278633852394 0.053619774014146034 0.029169726638991502 0.06157328686105378 0.059695598881223735 0.01294420107410379 0.005694272758242082 0.020903498667227818 0.0021783045960756084 0.034658062908557476 0.035468777634982934 0.036189920821891194 0.032666880676810964 0.005879658797867108 0.05549777892899265 0.022077673444794662 0.00440294673656393 0.06448948918216427 0.04749834970223145 0.008857455628329137 0.007281931470264807 0.004060539644216555 0.04269436777382828 0.04063355960464142 0.03761926485359005 0.030758193944486537 0.12683598856436185 0.02076660308117904 0.025405190611542332 0.04684459360836013 0.018553471588087442 0.003310819999206426 0.02201332913498746 0.004426760953046552 0.06784469240266384 0.009997089449702146 0.007890762415419417 0.009189255474101637 0.04449840408063283 0.06423555168842277 0.02988512157836628 0.10666930564653533 0.06999310474154954 0.070105234198362 0.015378565874414319 0.09811595232395226 0.05001643304804551 0.0489742521766517 0.035432479736321576 0.04177051779185267 0.03128712853969725 0.004414957604598508 0.014779971158194537 0.125156141599274 0.04032114179503041 0.09038274926866377 0.05457495764982144 0.06843847178678449 0.06286557853897329 0.07155705698183948 0.002196154036007157 0.027814241709215377 0.03205296652889915 0.01120964872977824 0.05249697305330279 0.008859309516088156 0.027341146859165825 0.04790676334606187 0.05038070788283897 0.03611876369394458 0.021265757740441253 0.02231646982796535 0.0536956160894259 0.004076769190238868 0.06108350035560396 0.01277787084220957 0.03923226117592077 0.012047136596180842 0.0247074693966008 0.029684457837986372 0.061571862417514445 0.12226623271815054 0.04839169592823221 0.017307705299113185 0.05145408505325929 0.047362422976894074 0.04601404457270064 0.044829909924805726 0.006176803233998333 0.0006883186310692258 0.032142614325913886 0.026840433329292243 0.003085417423996024 0.0032065319470201926 0.05863060296423142 0.07619318570087842 0.015166988638593936 0.04985990876619221 0.0021447391295389847
0.04397235210391896 0.09527064301345843 0.03266384846822955 0.010378762492503558 0.03990621791945851 0.062444227334977405 0.17245875704111785 0.08889318009023767 0.03561931148128988 0.08114180010934492 0.07224779488646484 0.16551910037594933 0.04003789022306186 0.1162961943657714 0.1851715042361132 0.03935333195353883 0.0284959443706447 0.17190223026606316 0.04204454526618878 0.06423575204508995 0.046207709996184024 0.17949589429724486 0.1804463718537688 0.10231100008144255 0.06732007316402233 0.17506162238254297 0.013360659869762051 0.17090937713678556 0.09232987184723294 0.0951306108403597 0.023246959842995487 0.017876655115517674 0.061775714674618974 0.044330160416049036 0.10185708293111187 0.011055864230671418 0.04819737295424545 0.03331661827608368 0.03840834385788864 0.09573107790967265 0.021944174051944636 0.03748961054448783 0.0607819578500567 0.017005649475829103 0.034914588225241336 0.08819081463856038 0.1072941632560934 0.04163453431305229 0.009179845945537614 0.0019259110877484211 0.10228165605923015 0.08834287541901496 0.025409478424276294 0.04822163759424067 0.05918567117162633 0.059940418505941596 0.0140184210424896 0.04443715881443989 0.026819438552531126 0.07271284047420316 0.06126798683515008 0.012662049509082283 0.0319032490921339 0.01864217965398081 0.009785963232766535 0.00995113919809739 0.014717817587860026 0.12972347469989456 0.279291174792351 0.17178323918027816 0.23615292943382482 0.14390522348594756 0.05156921232951757 0.14141595352583003 0.23695922957564633 0.17642581618424807 0.04780855890553202 0.08447962696513332 0.04127814389726884 0.04118912311373514 0.1364581232024262 0.05218985249941185 0.06874728787030662 0.06286949501047433 0.16168364542465 0.05028546442265024 0.01510399259744371 0.01378340955366059 0.0374473324541569 0.051140189933260666 0.07391317656722309 0.030255623926804177 0.046771627961206354 0.10176367794531231 0.02472136714912578 0.027433948139903477 0.17305829445222703 0.09540566180793367 0.017661726350679325 0.039890686734636575 0.0030578599729329174 0.022671604499062397 0.079936407706687 0.05476931373120921 0.09233301985088672 0.055588800390392205 0.02455677111157175 0.04474291867472374 0.1146259701853205 0.04330177534416123 0.06437386895536733 0.07081847261672931 0.006667875868985599 0.060801196949048446 0.014088955379145939 0.031714288028602426 0.02504345483180763 0.023004042304353732 0.05570606911837439 0.038440613168282116 0.03831289767423587 0.03794557122755174 0.1614350583319459 0.010094179304880964 0.2575187624394901 0.01976981458037285 0.018462917923402322 NaN 0.24091919426726238 0.045001879498490216 0.2206146814311963 0.1946084058002349 0.08043030994674721 0.06019870188618827 0.090912424222693 0.07363671522198195 0.0065302633762946176 0.13493000723272067 0.2075235896189241 0.016751394699732344 0.14903065421723463 0.009438216165020859 0.09394801485820238 0.15040179160961897 0.10929270635969765 0.0325586820486286 0.0279349097715303 0.072045439219477 0.09051615965235826 0.19216243369508657 0.004768116409189004 0.011919283504432424 0.0030462343030359666 0.06859764627616666 0.008889418644979443 0.12623801407891372 0.20489057108082556 0.044947652278149924 0.10844551827034297 0.07703969897579561 0.09642283010716732 0.015097170737574309 0.08917547148201033 0.03995066087316121 0.04706087622759743 0.02533950607323502 0.09597841654257962 0.04534602311747463 0.003428108386664277 0.024428173917710325 0.08870732091433403 0.040969765732627506 0.03809814680048458 0.08288811461378531 0.051297633518774574 0.22457976437156602 0.0742685513779679 0.06690958740877273 0.02066543745918336 0.041922469697310456 0.038884690937971 0.05770186550703698 0.05844212740448561 0.007427311752171878 0.029968857857096597 0.06393179157174607 0.09917090951592043 0.011635070462726391 0.0029250620790321966 0.007756604311675696 0.03568779731106619 0.19043655991503938 0.04865458767032768 0.12249772604189241 0.18515658462732995 0.0022060247105747327 0.0026505987270191104 0.2232946815804967 0.05529634992910513 0.11629067941838567 0.0580087620662588 0.14342827659969418 0.10483957671372915 0.09673326535135403 0.0596511297538444 0.12016334747883849 0.019644455251937736 0.001410142962598789 0.05099381073111912 0.019530007724579388 0.04188300243825297 0.04129603498696203 0.009473291664902695 0.021864366453768002 0.07299423414923498 0.00952307808655491 0.01311625992741023 0.08310162618895767 0.016184469030649996 0.06148682915653096 0.030163207469752422 0.059539061688731174 0.09725977515993332 0.023428312158542217 0.032153444102063854 0.02355797793262708 0.08858647742342761 0.015279714334599712 0.023966048575428493 0.08161447153000784 0.0034588985528235497 0.003421561916504727 0.04808533126770581 0.040168635726308445 0.033071881037800156 0.008025551460829906 0.05329281368589566 0.004999295385237675 0.028585330755606916 0.00431944638864969 0.008485210638682022 0.042533206820605955 0.003690132356108819 0.03895360245637058 0.030441631292495774 0.007034342416589474 0.00797365626201495 0.0899375021333134 0.16102234305115576 0.1460244477686586 0.14473276928985773 0.15181297522893672 0.009052300912654802 0.06162457999240635 0.23270003783072718 0.12024818039356758 0.010457869617749756 0.050352364255510026 0.11052689365582105 0.008739568770359724 0.09867310287141981 0.013651392688671285 0.014485726942925714 0.09262285525996201 0.11319694082241497 0.05267794918561793 0.09286894518523121 0.10663855714861262 0.059248897852420206 0.0037231400525579764 0.023929045264112114 0.0782124973711495 0.03001192968338414 0.039659663741536705 0.043321179900225965 0.01761568977892372 0.052051189869695744 0.09202349935143193 0.03352684567632966 0.037858259948822685 0.03579179816845226 0.003973421324007404 0.04706004791636652 0.11777012505101486 0.1547590441687369 0.04359230893834584 0.021116123926749573 0.05307997285685608 0.058720653961226776 0.05482350716484696 0.008062083294316168 0.14273283992947708 0.017087162709718006 0.059246071996022054 0.018885101049787245 0.04614012904055383 0.013966002553955074 0.1015049933835314 0.012513150464348838 0.08027482682286895 0.05643975800955881 0.007434358144240571 0.04172406318285296 0.03589930608798623 0.1917877786268496 0.016528209268887 0.017932874679711754 0.2532926178553867 0.2651629839370266 0.13732327511231512 0.12911348635650421 0.0777887739497699 0.06980613981053505 0.06434587791790981 0.1262666615093919 0.12449576244993994 0.006736820319236928 0.10394344259100412 0.24666927367710684 0.15651655773183873 0.122832952150502 0.0838954200821743 0.14098479929948002 0.1257188127425923 0.07711787239921924 0.0716196255931426 0.02134450078935183 0.044802752043967164 0.05831280242504193 0.20511570796999215 0.04205663202790137 0.1260818989556371 0.05441799548589457 0.00293907067245199 0.01084674424674909 0.12026827464469368 0.02671107971964411 0.0577032168825986 0.0763528960576884 0.028498162039799702 0.0884296654373444 0.028363674480529122 0.1353764687651373 0.0655976446818668 0.021838851318006065 0.06582974051685545 0.02396602236061176 0.006728941765939308 0.04487013691020902 0.015791205308932993 0.0024195542744209764 0.09321895240786272 0.022125732985404357 0.03372773185005442 0.06692737870784526 0.13736552948477557 0.027777016768552647 0.026574556446445293 0.07912402799329825 0.011139136983046971 0.1531143502146179 0.05888414289410307 0.06798998966265746 0.01101699114733904 0.05674361910357085 0.04787408256416938 0.12961342913026722 0.051470111453792086 0.09270762191414406 0.10932530888000859 0.12347712786258602 0.08581482401149008 0.0340424153339116 0.05648779210667837 0.026646985521612127 0.10836278186243778 0.0597856615039721 0.012922541527537525 0.039165547296150745
0.06614585080955143 0.20389500122462284 0.092386926610137 0.03839078380336781 0.05633587941134192 0.16572901287389338 0.24143675437627649 0.33910694585392265 0.11629696715203024 0.12515008162190816 0.19785626153743352 0.4996635161504219 0.04507083213816017 0.1718797444650164 0.30482027618293533 0.0026566988701962097 0.1203996584241449 0.35866534308120107 0.028315964796923325 0.1723521203715502 0.15241829735237683 0.32639540937280775 0.23291383371490235 0.13583660613491608 0.18914501009998447 0.3945733005965525 0.07062224804424877 0.23642407466710452 0.13760362659518258 0.16772732876404386 0.08373757680038667 0.1108911155851246 0.09941019820995642 0.10703159466541379 0.10775191639481226 0.12732528623063494 0.12290689342735858 0.11389325714900826 0.0304890502916389 0.21889737546924304 0.07751252980767695 0.06385070759811823 0.034825725902008865 0.01479857074355101 0.1251096120925423 0.060621574520304394 0.20712710503039083 0.07916609653735655 0.09292247705909573 0.14283959129783858 0.2949283116991658 0.20682977118129048 0.14361886660515671 0.2113673913137447 0.09052546407997292 0.16488877359830084 0.0812171048649054 0.055740247974914225 0.0991588685556544 0.1630536056761756 0.07206760413500451 0.054722337810088076 0.1146729227986759 0.012241371765293793 0.06715520692572877 0.07635656699668872 0.17997723259527687 0.19080496996333815 0.4061296649499382 0.23268453357081828 0.2985930575462098 0.3124377064539801 0.06018372011477325 0.2734096765522539 0.5754681391014417 0.2835818097836267 0.03267887979053582 0.07262129716154088 0.0811157311467156 0.04554891426045857 0.20030946069523053 0.06038926083091675 0.0009372660660648571 0.053284882216114327 0.2212967750916205 0.1019447634344818 0.09693658486073542 0.02885520370686098 0.008627335257707983 0.02876308365292165 0.04986572481320816 0.055285539374774276 0.0237738547688424 0.22928569897149198 0.040517490660953316 0.010231855364166657 0.1389000709990404 0.1526894213190417 0.07169390868420386 0.035655306531559 0.05149576488124064 0.10081113655673539 0.1667985958530493 0.11240703858156753 0.24476617211481339 0.05874667227295356 0.03515982714741931 0.01671113210053171 0.0782819058791388 0.07894582163884954 0.037567198753520124 0.15655795823797553 0.05062217902594371 0.013345325162522688 0.08662010412121125 0.23196286971161761 0.05864964543889515 0.07454195598233995 0.024742206663862235 0.11856514950000857 0.017937256609982452 0.029032846451877023 0.1838213692016498 0.06324494620121894 0.39616060920071045 0.08079867595077407 0.0010690415889753593 0.24091919426726238 NaN 0.16111535216910658 0.2905399699899942 0.28694458656377386 0.021544117239575222 0.0007345078787813734 0.05737660509627562 0.1584785602513103 0.12730094547998141 0.3446028655473297 0.38686925315701165 0.04711195383294226 0.1684923790670257 0.061998563018520934 0.1733452473536612 0.13832549482498022 0.05338367469722001 0.0108501107352404 0.09223238872639081 0.23200116656266517 0.05169525873877257 0.3506544299963772 0.012070814819602123 0.0029174392394499247 0.033415090782794615 0.11776519888746406 0.00996583772026882 0.24952008803710832 0.31986728850579993 0.17172776006986584 0.19186027518863882 0.13360872788341088 0.13132361873231083 0.16674152111652216 0.1483507850010005 0.12300143667786739 0.10470383955128817 0.07958842564752788 0.13118353081529624 0.047848349232408306 0.032954793506658996 0.008708042269394808 0.023896461898341662 0.04060161318660662 0.06476562201210287 0.1521561052289364 0.06451100190101006 0.22699780930827557 0.04868950238703338 0.006799577028476582 0.005473537957787199 0.12515406586444802 0.07279080259755057 0.10345783801543267 0.04770803103791533 0.009254558633651424 0.022723382559804148 0.13074904346506427 0.23126821277064094 0.19495596447245356 0.1888339647908282 0.019221535952759657 0.04800705720496977 0.45995949212676135 0.00584114490577726 0.19306065158593605 0.3140766601648693 0.02691097161134469 0.11669234140415796 0.40234263814580795 0.008512122504874759 0.195813724679878 0.16302062110156326 0.3231569144479112 0.19324421101723915 0.12779109026598112 0.24072334338321832 0.43489924710040556 0.01598722468017908 0.1883745152956564 0.07999848845205329 0.17451319351364855 0.1203533686599032 0.08120197070826543 0.010754281137202316 0.09540387619037735 0.2316353130766013 0.05013140946068026 0.020273172036443438 0.14294700663679946 0.12794647032342046 0.276383632069486 0.01668974309100505 0.13654646346837687 0.11573396845035144 0.03084513831858104 0.20237669826858418 0.08970040649458251 0.22715295859208656 0.005179336816195591 0.10264454119333741 0.022874189396877558 0.13646120316812713 0.0974184247753934 0.16742168914163105 0.18074469887039182 0.11640501896726789 0.11462256280383798 0.11285789881402347 0.07943543050880614 0.10429174885118198 0.08036126478873042 0.006317637196296438 0.12000836863594928 0.02915653215516948 0.08893469502091875 0.009737537624233617 0.04000572199465775 0.27323277310074945 0.18375147904304265 0.341770393554916 0.2928083021738999 0.28516573211952917 0.1854768898218442 0.09938079045366514 0.23052931886009248 0.5140611380563364 0.30943436393581114 0.056635160051149255 0.07920033363943767 0.02195602186541402 0.01030863504645145 0.1536592457362343 0.0041042894829647555 0.03483431565600059 0.14770872481068997 0.18863028869703016 0.027381574301411665 0.17834572802560664 0.11194928003405247 0.06891841079321501 0.0316424704820307 0.08163801006295222 0.14773160510352987 0.0526133589089182 0.03848542320775415 0.07269475821838792 0.05819443466960463 0.016546107830235433 0.08862069696463362 0.15607369848695332 0.04510204764927857 0.05690929179274198 0.010864721146439386 0.11828849585922148 0.15001531371350535 0.2994047099203082 0.038268247109110656 0.07817952378541403 0.04832744961519381 0.004247228209446469 0.041501116381719765 0.014055218280512568 0.022227512536661727 0.026858757295146217 0.0798449922358942 0.032996204882377304 0.23454944457303936 0.05557846113698073 0.10544086297018132 0.04232268494361484 0.13187659296165807 0.10337078708431757 0.008356435974037546 0.13265152961877757 0.14220501364942303 0.35988819703901853 0.030406890197475646 0.005741710686203509 0.3833681074767453 0.4984187143775129 0.3197570596101056 0.14165678638457224 0.21884833443391832 0.06321485970974902 0.013466857084526255 0.18448301908122028 0.1699764766884323 0.11589129826623228 0.25039714984334527 0.3476001666645362 0.2280540133585363 0.17016187741859534 0.019964301501267347 0.25262489248480324 0.1558679198334281 0.09910870628883488 0.15995184682094582 0.08172862417885589 0.15026610912530178 0.022697841617432435 0.4427356076024864 0.10131432230710506 0.10534474171763862 0.13326651354565003 0.0453941057013271 0.02186149407933704 0.14791794101439273 0.13273225978174671 0.1454201338510326 0.08941384877018764 0.061088875241793544 0.19742569706596588 0.026870203737658572 0.25423671816948124 0.09800753362076892 0.004161560313717402 0.04437625797973636 0.09874757435589447 0.03224198992103362 0.02113903129339409 0.02879646235477255 0.07213872129136217 0.10500110410861047 0.02467044979607986 0.09530618778261601 0.13723708757443806 0.25499601042656295 0.08384281587152602 0.0014132503303953814 0.02598912331860187 0.03587369947052669 0.0518071679676988 0.03189147989056245 0.06605596618810271 0.03458571808893519 0.007047905279561345 0.0025106423001276636 0.2676607226154515 0.1632026208733358 0.07565201124939705 0.04885171627183155 0.02206761269167757 0.05819083787897653 0.03762292169237681 0.11623727173187219 0.010926794167044606 0.22179792436752652 0.16482371454388492 0.049682810106934344 0.06568408714188595
0.10233661032880918 0.0009031304897775564 0.1037185317423896 0.1459642973984307 0.18508854863710333 0.12412588002420757 0.05171440202541376 0.10631082545101887 0.008154373749446128 0.111560902946224 0.005145607573161004 0.03408511918152457 0.10553500619748526 0.1219620011158867 0.13274223814806077 0.03949216769661364 0.015022509237965782 0.0480097880491015 0.06439182948703254 0.12164664377089535 0.11545020222884918 0.0712510633350464 0.01573538225456386 0.02710445728506209 0.23048218471236878 0.10051235767097873 0.17771386680553072 0.2784478356586136 0.09289585305249279 0.06473869372657447 0.0016146115389342197 0.16289315057213377 0.08062019584033166 0.18660634072407128 0.2820424048989405 0.08867847740522267 0.06818773657071828 0.130767634115013 0.0007160003715528663 0.049865833213934146 0.006169981651991933 0.04590396617440886 0.0640948571473354 0.07196946569966804 0.17378116878137373 0.12489614576239697 0.02086764479035338 0.09779323482839039 0.055813365828719826 0.1908311277217025 0.12436513025998497 0.05043822962218532 0.07148670134916522 0.038315049257558645 0.009853792698923558 0.11283417969121247 0.030556224987573443 0.012280507106819709 0.02107195339107949 0.04225734374333477 0.015109724859872596 0.12599431333851482 0.1155370230301832 0.0020718365330218416 0.012810707777340504 0.13872077118718895 0.3623117533293997 0.04385085807238975 0.04566755717732504 0.05288641831290784 0.12542022268835187 0.07626855722738247 0.3431366664132634 0.33407028686183976 0.12358139225688891 0.3078243743371616 0.29099294692208283 0.10517181749020543 0.0927235267969752 0.09136428007383801 0.10693690135342282 0.017785219265168583 0.2583455971930444 0.0961086577297914 0.02735808846682625 0.1662546597134746 0.10697044310500135 0.1021646139113275 0.01089507062305772 0.1004327663891325 0.16405048368677852 0.09348994988785424 0.08114414286081464 0.060234111654766075 0.0870706205502416 0.15165674664459422 0.211617764638016 0.17537239916695865 0.03321003299260766 0.04730512512836314 0.03471932558689908 0.08225993839050295 0.04515863761556454 0.03686724357924791 0.06218613268867575 0.00619783030039981 0.020183675849992776 0.012332838402842059 0.038444349550074024 0.021158369852611752 0.051845039619281184 0.07822002070925531 0.0426493644046692 0.011459516980159035 0.014492688870887813 0.17779264112948154 0.14599778301249403 0.07827222071333176 0.04065169845227638 0.043924677184825574 0.03981802196387684 0.11065608566171137 0.007653127225201622 0.00937526155768707 0.007342574859883096 0.020426635563025677 0.013256401195980604 0.045001879498490216 0.16111535216910658 NaN 0.07777229231060273 0.00010998460989827793 0.3943530025941422 0.12190640247680132 0.2035313168105465 0.05263498712259218 0.12467045991878645 0.04926165012631193 0.1401714029205195 0.1114691810873295 0.09337928859802888 0.01841658248128705 0.025086630599377064 0.22405182254692213 0.26702984569764515 0.009412796608129156 0.03774118870003027 0.027200455003082418 0.5328191129020016 0.36324193972218805 0.29250140165574834 0.05435173564637923 0.03765479763539542 0.015459818515831763 0.0011923536769573892 0.05279087803586378 0.011291455609109746 0.14719590921851197 0.06140303280051815 0.02844693032477344 0.3197718356138571 0.18508704801925996 0.010063844631409444 0.020012844742781376 0.0030315614152577183 0.06697665895977487 0.04128232434983038 0.006820514009991527 0.22272225736867055 0.2802973291313964 0.3634828464239675 0.16479352872298114 0.05299787684110725 0.04633292545108181 0.09131474658314558 0.05983150715817335 0.27867051465341114 0.01352352478546516 0.06497510395954706 0.00133514343550329 0.12770161494027746 0.11948132738597221 0.12091213890517626 0.14567799781723745 0.2029303215680507 0.16579425894228458 0.08720518481048022 0.10656271913055776 0.1707033246164987 0.02369942343921223 0.10217270244078708 0.02780076675233039 0.15313364128573004 0.008146534612760211 0.06290005847407687 0.10489327494565898 0.046494376913055434 0.10532882800883536 0.1690982336969089 0.16153611143471325 0.1260282755715401 0.1370694977224944 0.12200984858253995 0.07093206300084517 0.011082142267955432 0.046040702339999476 0.1258216880883634 0.21051774373717114 0.06321197991766558 0.06467764340653025 0.02779528841259091 0.10384204335538769 0.05594826972911088 0.08407336244172227 0.135464931011034 0.13996751794546078 0.05462091784772254 0.011347889404529493 0.029301417958846783 0.10687137627703558 0.030792510692130414 0.06630259747422512 0.010905433451658161 0.03347702228490919 0.07280003684622316 0.01780091329570394 0.018398588226644502 0.08408823308992977 0.021830654205586462 0.08574985666678898 0.104778519612012 0.150826051077046 0.14726512912448433 0.10387251986477117 0.00916427672613399 0.0523874933072224 0.06654608865642672 0.031602166606565854 0.03908736475455242 0.01768908317501103 0.07054465194857429 0.012018032218922486 0.06501306338936201 0.012210677913566056 0.03078397532366025 0.020097223989355414 0.13647542914177058 0.05419173969336327 0.017344739287383754 0.09513840089829172 0.07574565979694727 0.032334560017857325 0.13255228535651062 0.11480107364699192 0.08768161197486447 0.00537809461019548 0.10510775805505901 0.04221099720659856 0.0012993385128110212 0.043596946045077634 0.20725961265445786 0.048591656179412204 0.17658240822814733 0.06539043474388521 0.1409274536039842 0.1171089418988125 0.038872851807863276 0.05419668845649467 0.11888163056682674 0.0711454989868381 0.04004465906877626 0.07478884365644262 0.030019119533024028 0.043699252819331146 0.13985370598041674 0.08449170954570241 0.22497604046615663 0.04924680422215083 0.02551895102590203 0.028860515935121556 0.0712824474165814 0.023415206207701683 0.10025790416405272 0.06588694036604596 0.05544199797617604 0.006537787839353961 0.07993270853539458 0.026234206886359253 0.022021283603185077 0.026900446277658217 0.007943953476072196 0.11389192186070249 0.06608943345681603 0.03159906087645317 0.0018975962094903388 0.07322952161666557 0.00299438611484916 0.013045716295581013 0.02925863467556939 0.09449692314546985 0.06053848798097009 0.0071542813530965175 0.025505468737774335 0.11798533380877574 0.027886821110303828 0.028964079678560305 0.025991086393545127 0.012917024519509079 0.011320086986849096 0.28868941210199484 0.05026612857424516 0.0009867130824937182 0.2462813780237119 0.10673689071885914 0.0020114278364518267 0.054890101138308875 0.0470871768130436 0.09382971390209131 0.0012543038660647661 0.032257804581994766 0.10762939199553145 0.06133949778511622 0.07877331122977035 0.13745175906945375 0.13163312816274153 0.08605552531323377 0.0073280331296382605 0.06912928558170622 0.3595463885692461 0.0961561926243958 0.14683677539851414 0.0006623763459020426 0.04465667460983235 0.11312581267752797 0.05327183862550011 0.08533059436175618 0.06783142154997761 0.16154854020596174 0.24040125410073843 0.003266347808166554 0.0980055015306113 0.11441020575670942 0.07885344511044626 0.03689978800587878 0.031005723166913295 0.09850375219449636 0.015120035077680175 0.007929806343313075 0.021958962305230357 0.0612897588086877 0.2487175461360253 0.1161605333368913 0.07590297572513996 0.09763021049071147 0.06801845418670664 0.01494255393340531 0.13326846938339182 0.033996283029366435 0.0015699445086560153 0.03434430153599543 0.1520028518586518 0.08851115049426651 0.09060596781292045 0.015999669152924244 0.023639282171383752 0.054047277727237115 0.05209295175164436 0.05103272047732968 0.10753390529368077 0.012494856012248458 0.04233347182476104 0.15050895239252338 0.05416734133009915 0.015175032119833806 0.031086202650314625 0.001201065385312435 0.06374892474037262 0.04920489271816517 0.05878714844817605
0.14378871433429175 0.0016207717659852809 0.07677091240802536 0.08173613164542558 0.045705400944421944 0.04738282430705734 0.05227834732835506 0.023544089030169895 0.08369198325074324 0.22673158691678702 0.061200886545343565 0.33447645195022707 0.13320878854019608 0.21130343646114244 0.25230800034937634 0.05243943069331415 0.013559946929851099 0.18601282498099794 0.14402746169617914 0.04543916561889871 0.06874961590786949 0.15497036985738954 0.06286796482967477 0.13590463724372737 0.011828688636544939 0.22142831849147496 0.23790286430437607 0.037174283473149265 0.2028076316688264 0.07012024082317941 0.10963389298411794 0.06448912282071814 0.137513694925615 0.07566505235143965 0.15448436789515133 0.0709953586461307 0.15667369211984697 0.19574131758932492 0.05716004200855385 0.03259831244317116 0.010920087100621551 0.07929133547920697 0.07200409284561629 0.12873413293534872 0.06710237704249851 0.06052523514263972 0.09420531824013698 0.09704831335876796 0.01004674289291604 0.10901965082993276 0.051574915921458915 0.070942055935566 0.10311513717758196 0.11527846436709409 0.030719976817834213 0.1382581015396542 0.02215958414215589 0.08869376141245228 0.06330262428400932 0.11756117278333644 0.05743531101900302 0.03955900267319285 0.0600779965311142 0.0637730956953589 0.10827865384407791 0.02620487281530805 0.004972351506755235 0.08736150566984896 0.4049978698371023 0.2787876226057898 0.2872068208177704 0.29650896107207 0.04271723104960491 0.11213835439746103 0.4024592246828358 0.19664928253079905 0.16278800783035913 0.09871430897377333 0.031973761249522344 0.012054436190740618 0.09431498498375418 0.08824209657256583 0.2125894652922849 0.17763510171474248 0.13871143470811972 0.0196593661810076 0.03512081187026552 0.15268601651379568 0.023359287841953204 0.04949576952735396 0.10267616303483199 0.05248672646392806 0.03338637179127838 0.21696518274452198 0.07035015969176248 0.046224482118779206 0.2342607837683861 0.048842552126693806 0.13399310008307375 0.11162066571345967 0.0006455640811514796 0.2166685288617245 0.15403953182167826 0.1353053296764248 0.14421791028429717 0.019793708783156855 0.044261935492972 0.027608910285995783 0.09935727247282634 0.05588680553196688 0.0344583228822327 0.1055157940104133 0.03746384262796398 0.026545076235789725 0.062376079987221965 0.17208670004054102 0.010863953667418977 0.12679578392478985 0.01450590107767458 0.12129410275138512 0.09003822609040898 0.12238460127976519 0.2344614820273242 0.03699757816627917 0.2778457612747225 0.08588741333898917 0.062057783194866024 0.2206146814311963 0.2905399699899942 0.07777229231060273 NaN 0.2913776583188255 0.12034543891545679 0.02697549671595453 0.12677115425056876 0.09637886765296196 0.06899791275505009 0.17237566550312025 0.11963690527930118 0.16764192851277515 0.008467541644485859 0.10876400237130243 0.2071300446593698 0.20188205025489322 0.1431662693159302 0.06298357346777099 0.12209864680192949 0.18958119028599804 0.25054813225659184 0.16366200522945148 0.025637198538172173 0.09745720719178107 0.09299317223815336 0.050958329355492625 0.0363037319002188 0.03998686176612023 0.15632334704560943 0.013788863817130577 0.029698772939049618 0.005983527038588129 0.18562508633540226 0.01980049764025022 0.06777282331348253 0.09483690966227198 0.04081499571086001 0.04582527020717229 0.13205544516678877 0.018810188411184037 0.03259346777495683 0.12614166263789284 0.16697830459795715 0.2212954896163978 0.09843578909542666 0.1774631390158992 0.04728782091055548 0.21680582885396882 0.07619936579611225 0.0492926661806722 0.052370324232720165 0.07267356319821454 0.14855469526105639 0.0923491402385326 0.07951719682754196 0.061845858951425886 0.045671904573088715 0.03094532978611362 0.06622474439154649 0.07416599495399949 0.10561938106296756 0.18271148929274883 0.019380294776687467 0.31902506582056983 0.10456623548987304 0.21223737464131331 0.29977857384202894 0.05486020368858197 0.012020650812691736 0.18642390291909974 0.1133041656904482 0.06097365472956662 0.06733573788514066 0.11551761985754386 0.008838551599982744 0.18962229215343818 0.22051851993405777 0.37568820294112487 0.15227694876672562 0.24269710269163908 0.2393911228161764 0.07559271477494582 0.18409003670220925 0.07661985406567827 0.05630346409303971 0.037863090179294075 0.15110175105492915 0.17227596976368234 0.16644804864123403 0.23652272470433253 0.011663245671587297 0.0374602911954918 0.04324904497360714 0.07098480966944806 0.00046301170422769156 0.07251631884052177 0.12269662446233322 0.09009968657848437 0.13688049958191237 0.0836248157947615 0.025862251926411037 0.012919287245005535 0.061883877197543576 0.023083458471823807 0.14472872039151474 0.016832435236681563 0.04436197785229904 0.06812555142045787 0.026951100896089278 0.033993953328206705 0.193401892653307 0.1618348092055771 0.04094072054636383 0.14321061768022345 0.014351983778845242 0.054949785988913376 0.04163354008635238 0.02100744744959965 0.15713482384604716 0.11175911467753802 0.37562455227241914 0.33994014269199035 0.2618857075235489 0.1848773315406389 0.0695399443226224 0.18623305522323136 0.39500001622153064 0.306192253346276 0.031270841734609055 0.10717807365516857 0.07504668246176412 0.04161281474218406 0.03802515273491545 0.05544146115164413 0.08453292156563205 0.21837991642560922 0.22004693138155654 0.05649557310879193 0.1364879294191148 0.1125989764113483 0.10387762636971826 0.14244609006194686 0.04734492968116888 0.081444261530561 0.07663957367845974 0.07988860430431037 0.007962567196054015 0.03416983017002506 0.11355502071068058 0.07868360706293798 0.15789405724524466 0.003616589589724485 0.06577951333500488 0.08672262565868327 0.18706472002192778 0.1853280426165387 0.27836344635366667 0.044464531333131004 0.060676012509999086 0.03745834277580698 0.011896217323506774 0.003353946642564825 0.05806027766864461 0.006878995519844517 0.05290914345885772 0.10063510624485852 0.006476100707449612 0.13057451978898882 0.07706580746536644 0.05823337014647374 0.05954190461984259 0.06307084678116982 0.09750342890811968 0.08664249291837012 0.12598109508086652 0.14400745322132893 0.24540525874911273 0.035847144433605635 0.09176485193060134 0.297552211111558 0.28499332370194036 0.17559124256497374 0.3044472014575896 0.27355298139129386 0.11301221048514942 0.08488168885844434 0.13461049146851392 0.07889958760811072 0.13146328175078464 0.062462983076287754 0.1765398993777351 0.11120942769877307 0.03237643400129524 0.0875770016738084 0.30425059698127316 0.18557214368046268 0.1598469754378027 0.1896200550809556 0.1307520389372684 0.16621401974595718 0.09102422382790806 0.3339540053092843 0.033280875558106646 0.1281772378814468 0.028973230892284166 0.04583697947085955 0.02866131482931525 0.007933788052996769 0.012146195670311846 0.005795857686526257 0.0416762607669013 0.0947231516749455 0.15326103419468287 0.21396045467961833 0.08202637334109324 0.08551795967000952 0.026988856205070213 0.052651985955020075 0.1277049784347562 0.017822611477560278 0.07227867150870215 0.05256889262232839 0.03912038447007325 0.16821963374157672 0.0820405758473799 0.17311730140685458 0.05754460058294351 0.24288994939099695 0.06320302431422643 0.05650935094775764 0.08544591232220254 0.05903359367898164 0.06731005561420461 0.09337082067251003 0.012086490876904481 0.0613895062964525 0.032761003665144964 0.008486056167412015 0.20375993933735118 0.09172933178570616 0.045736221741513775 0.0298137063301771 0.012804066903286618 0.12664395442452794 0.09069136154786711 0.051184408634239904 0.02823468230133747 0.16075363836137524 0.10930813770613337 0.03855201150641947 0.05922702100284367
0.1960465519609164 0.26410059831864513 0.06801418026736365 0.05041535498613168 0.001029788457615749 0.148321770160992 0.20880798350951543 0.29969342921716796 0.2040524095412089 0.25252594712591264 0.1473543914819 0.3078047235087851 0.11614949714038701 0.1723409505124557 0.3305257341262058 0.017602657529788977 0.07852549191957627 0.3752064963051263 0.030876892673468617 0.12329118270674705 0.16719555450669685 0.3298949646744102 0.3559588349149932 0.22517329317574608 0.15128979437102189 0.03791627328379977 0.1353345870274905 0.08604426367915119 0.07580976370849923 0.4023775916564176 0.033987276265239626 0.20881944666241128 0.06593028024948543 0.25797502739625594 0.031667765075482475 0.106167550073926 0.015420345519685434 0.22555989715575075 0.13058997027791744 0.14220937353978166 0.052103049183720364 0.06673823267425853 0.09958076679868082 0.24377441760391147 0.15806123504298575 0.07165063007515748 0.27471981434004616 0.029331447707292457 0.04577771369874186 0.08250867244267181 0.3152522611344016 0.31130117152380726 0.15198544973500294 0.17952700143526568 0.09619211369703888 0.15343248081338878 0.0061441410787866175 0.09456942080624851 0.05646727935099563 0.19167228801801572 0.003929873192874442 0.045996244727951684 0.1403577616820357 0.015740754902616762 0.15475743860180907 0.17655398027170843 0.25442327991054503 0.42633456548938103 0.40031615582487134 0.33679366031775015 0.37993837173743805 0.3043114830458536 0.20299742690834124 0.04223537261058377 0.27774966415191005 0.39001640694726736 0.10379031038242177 0.22292440857991652 0.0007009708197145272 0.0020849153238138574 0.19215924116733382 0.19594142084728974 0.019718103351932713 0.24635957487906612 0.27260397610349335 0.1680779946504299 0.02740989361214324 0.09782503358659451 0.16216426053036143 0.019997876293906595 0.0029212617737948564 0.1294768346092765 0.009074178299532628 0.10135063422785417 0.02159119833407293 0.042792716918513454 0.07103943576796251 0.11123461520625175 0.02179306221449205 0.08070748526003158 0.09914931927953057 0.010276939055070301 0.13879823623902063 0.03625832020441313 0.10413469643155084 0.08458852940172445 0.0671544623773209 0.07706069644598966 0.011367037615105538 0.051774374820880376 0.08604972572276079 0.03039796373557015 0.023334127462716382 0.052292970432211455 0.12111849820213735 0.2616592271762437 0.0868958344994884 0.08361751796745956 0.024267191272299288 0.18294240210804655 0.02824122388907033 0.031658504828649243 0.10497290114460102 0.03834327740524629 0.2606763114743948 0.050314182915034346 0.004868377001417821 0.1946084058002349 0.28694458656377386 0.00010998460989827793 0.2913776583188255 NaN 0.022170836750887622 0.014403854211270387 0.1533451160728996 0.100011167607915 0.003935473208309715 0.2678263718961789 0.2311212453263192 0.05594119919707227 0.21443114507841207 0.10723815359319852 0.3212844563488755 0.171173138152756 0.004052255559838394 0.14078294429394594 0.043133725620004455 0.38957196798976185 0.2073950412297457 0.5103111583730364 0.33346341695320336 0.015893705238795113 0.03602951728429474 0.15621036396460067 0.010737736570413603 0.33270438645034356 0.3910612185357726 0.13512734191386902 0.17784610190756878 0.11969320493715846 0.15829543474911753 0.1644965144225243 0.112736292153468 0.15166137928761858 0.1405295833351676 0.1315096627367018 0.21023724498848725 0.08608724208963549 0.12700748649308477 0.0794577227123378 0.17703559700959948 0.04482769681708544 0.08580250592908202 0.15090137941305162 0.12656431480002248 0.35808205044100044 0.08962400962512951 0.05051205672883267 0.2118621121022472 0.15802641841423273 0.2086888513555796 0.18757052077179875 0.05186279815998489 0.12003060344171546 0.06592240220726378 0.04038163351012652 0.12367890118994915 0.17379663973975643 0.20218901256443633 0.07997182260278558 0.010613587422079141 0.2862962635453751 0.07098783925496036 0.2233035159514088 0.36297848662783555 0.03334460088421542 0.08759893295934738 0.35098486712116617 0.04241599352033559 0.13047265323988466 0.17175995825138224 0.22869961433010352 0.30901958252967454 0.20446594240240343 0.06512030469967393 0.21199645961579328 0.08303134001712106 0.3072625127515816 0.0787809923262193 0.39790360014566833 0.07544712811035029 7.313657155735688e-05 0.1541120793596023 0.26002270905114 0.34666958611727144 0.07663412735441615 0.07275815392261896 0.30838543499201815 0.1312765303481499 0.12246148204468188 0.026052309883544615 0.009190284304266834 0.10080311199074923 0.1478761337938314 0.1783042656684894 0.14131010887882056 0.29728895775449754 0.003159555810200565 0.06402089096077809 0.09371342865778788 0.22549808455178139 0.23837467258021647 0.14078725258200922 0.14481601514123157 0.06209166711653699 0.12300078336271494 0.063436309538022 0.05604772662325734 0.15345435507134034 0.14535022643630877 0.010222976452098966 0.07490819802275901 0.18051425095955012 0.02410478815136502 0.03626388566873917 0.02376628274151354 0.31454870365610965 0.34433515650230656 0.2260040112021803 0.2546221400710648 0.365940932430323 0.39279807442386483 0.20052582249215808 0.09414357787126533 0.3331468133595789 0.2605451707751034 0.19258128521147022 0.14096785569912287 0.06090875993253252 0.03680343696379835 0.05396482682999196 0.12075643981957285 0.0004759781236336605 0.23108058495331738 0.2612459222065364 0.2305030065262969 0.17795382866784062 0.10067868863659321 0.10891353938601983 0.06622047087766918 0.03436941437718843 0.13940141929374245 0.055201449402196345 0.05048660812410481 0.008979452507380756 0.04993506090227769 0.05945124022437595 0.15803370841332384 0.02628871023255036 0.04683930980899902 0.04991232499753404 0.0012178165316538798 0.16729149260028695 0.10252090502158528 0.05579228157563055 0.03721532811933304 0.019132381439862248 0.046241233133540074 0.07763823181985807 0.03649833335171562 0.10554523215946202 0.034495567324229745 0.052755793770918415 0.11403179423773459 0.039634908341219854 0.1993937870760212 0.0431714207604084 0.10622356266681807 0.04857151626965736 0.12554597215216798 0.005924121465374967 0.08200556566387472 0.06507371869088244 0.07338224311978651 0.34928638585878 0.01305414889904046 0.012922912526474798 0.2728347139210119 0.3312115934547234 0.1916810878048852 0.14495031921153226 0.31136092073244287 0.03950740435884226 0.0780931980984411 0.16626081786724545 0.15467935426538076 0.1857084261118567 0.1646123284371954 0.27536205343266973 0.08107644489447052 0.1427690055310494 0.08243109068893034 0.37402337083573856 0.23053639692701242 0.05108991248753489 0.20749460089494268 0.06550606451100602 0.39286891172684746 0.16535334863351492 0.48311250872169653 0.40506517639297246 0.06071763401758722 0.14310485578109045 0.04284156121725009 0.011056836389019466 0.19755137104837434 0.13803620536975567 0.11043351531746651 0.1963019201936321 0.09799155232055119 0.18237687809179334 0.08145680943585056 0.20557712328478273 0.14479948606427206 0.016453626278493616 0.05530194127672445 0.20232577027072055 0.0778959246308175 0.12500298416785585 0.1697067412804663 0.09071932756591201 0.07796922237202439 0.0436728777015974 0.0795274676799431 0.1704502677594484 0.2596635115854643 0.09476231402097304 0.05782298413007135 0.0849785173792889 0.1205705586390151 0.12869394559836567 0.10086912716762342 0.0708182535936681 0.04908666057471718 0.007347362924890267 0.05331360053903268 0.25243098278766285 0.06795434977008848 0.007803986384489911 0.10220831048983652 0.10036907752525615 0.12975349079903636 0.10202741178252166 0.15603545431732993 0.018677696604259338 0.27396941737580244 0.08783050458483693 0.0017191301595897016 0.07588975462127627
0.07228882261399482 0.036369372248039086 0.10271008157955049 0.006186410134186713 0.028622964529136548 0.0162047177352851 0.003827790313575312 0.2552733132368462 0.20916005640188243 0.019163784328706728 0.14063310640652385 0.03918367467798707 0.021130901890200345 0.07764188305241156 0.12411831194220006 0.046596704042859594 0.09289179424918742 0.0783188813883972 0.03049748046747097 0.0030937901333574097 0.12457755854056463 0.1552735757650711 0.008677216494431525 0.10842097171421312 0.03808152123663777 0.0538338388198875 0.056623039847701014 0.01947014935167028 0.19158032642010864 0.09217570492304927 0.04945102566769207 0.02068711894334043 0.09625491548311578 0.23026058438670188 0.26215342533730546 0.09240024992783392 0.04085137640623708 0.06125416372854946 0.12816089913695708 0.19399381271801547 0.04786111395546249 0.04850554474963422 0.05982505449450637 0.10474455017694315 0.20403189088427293 0.01133246696998192 0.15496129650644783 0.12920354425359998 0.059013475230276176 0.16695111935729842 0.21190717405301848 0.14856848516952323 0.1772241302713966 0.1552230555682921 0.11597852955344205 0.030459183056226278 0.005046670722533641 0.02525291798540577 0.10615444660225828 0.1538276413517308 0.09851517915156403 0.05652130486774419 0.1005911057143103 0.008893879429601584 0.048766250401342075 0.2195749060103345 0.37700107327622034 0.07186012699831552 0.2892534543109136 0.0866302260478445 0.04802060354406798 0.15786844708788475 0.45323323518233394 0.06143555706642123 0.09403362217861032 0.2090849824939915 0.4090023387559286 0.29207404213431826 0.3643746495753576 0.5009209458331619 0.24925281685663966 0.007011340768914397 0.5247390042514226 0.004694449749567135 0.009871767741139886 0.17120223015704036 0.04735957269912876 0.12481670554832977 0.14180613755005156 0.021418085640123773 0.2901257963204043 0.09836046567507556 0.008279326433286103 0.05223588335783082 0.3065760671000205 0.02198387045500507 0.4253908108545567 0.016257529262822205 0.006631175140191731 0.052749787737335324 0.07783994573947428 0.04965685609597949 0.07341313480859787 0.04113908691151036 0.11533880866257368 0.036224717890616744 0.008547603530258246 0.047338122595528914 0.04638157527950508 0.06277109378036495 0.011003391078192743 0.06357998229380017 0.024512848622805426 0.012898297832537747 0.05819398154621178 0.08502555286258226 0.1965765268330319 0.02117060983768194 0.007874312663856749 9.867659503495309e-05 0.008320559751104158 0.042180682334667 0.07193974931113574 0.08190610834582611 0.03493200905784502 0.03379766014409832 0.0315474840239896 0.08043030994674721 0.021544117239575222 0.3943530025941422 0.12034543891545679 0.022170836750887622 NaN 0.1326261526709765 0.09666107968625724 0.01943844472787121 0.4067510542409807 0.1937747730841604 0.030975391861443016 0.04796451527365359 0.01774009042236558 0.12902893289690875 0.0830932133274209 0.46541859251094514 0.6636224001637206 0.11802745308809935 0.007142875720212093 0.017588545216070724 0.4249322446997102 0.2989035306804397 0.379960620352332 0.03664441442818215 0.055600083527011804 0.07125036837939192 0.04378753339551293 0.034695818963902246 0.059502559051271005 0.08953755588090266 0.007064289132466335 0.03449683809144402 0.19263197833049897 0.17163643562800937 0.01968329586492255 0.018667969754369438 0.007793354005555545 0.0327438745352378 0.017538537474085392 0.025059225669892486 0.03905693639514094 0.2554697279638319 0.2793785527773245 0.08560578510661693 0.011618650506216098 0.060763373567316245 0.10673923225370242 0.0434084177116244 0.41034784198287666 0.03170847691075643 0.16951640438920174 0.09752800043676622 0.05628510059379793 0.08554869443557049 0.02659848310370799 0.022003023364142504 0.022782113853951447 0.03729081611790594 0.07125179447833056 0.19566255757132892 0.2503220300128378 0.021273959852382236 0.2140617581818471 0.04248334668835517 0.08403941138125812 0.0013290619589274844 0.013153180187695512 0.06974956912845952 0.08798890336554782 0.13074642732090677 0.10073121164254616 0.107088324570971 0.08844340928147125 0.13244911633390896 0.10945495305298016 0.02246659281758073 0.0845268936048511 0.16789517337666102 0.0396256384358729 0.032514726781185395 0.11109180337922353 0.11637243310434943 0.01071574255370024 0.03047956214543265 0.1163059282831496 0.17381646952182972 0.10373054062885842 0.14387214744634544 0.053082813632536675 0.12574995502940192 0.11112517315347283 0.2004731090480929 0.04724117085251673 0.00977694820955958 0.020168969937469788 0.07218683156593488 0.0517300803553335 0.008216632226671398 0.1399274793971286 0.05187746715371045 0.08588049905977559 0.14753119261500997 0.24387090186056573 0.2020986637783984 0.18220956233076968 0.19450431026053866 0.13443013432371864 0.13091849453290694 0.0556202018261135 0.07022700108808444 0.04512585932552293 0.01910545024035465 0.08369859333104943 0.07722319814071979 0.04160291489158168 0.09506359926615071 0.07420025010083767 0.04207795507365475 0.15003985326600108 0.004904286124116224 0.2278724965589325 0.25984721190251925 0.061210430376542106 0.02497574050898426 0.2028047519215838 0.035765039386121814 0.0418070817796744 0.13514905060862945 0.23311901982383584 0.16953704133647005 0.19338918296335722 0.15872545453581613 0.16157772847094012 0.10766470924652435 0.3827801582270319 0.0003573987841571607 0.00254856016875214 0.0977468340129501 0.01421134759125273 0.10449274552078337 0.13307460210108976 0.15919515517840785 0.07977760601304137 0.03316026509862703 0.06803621943649008 0.1232161086289292 0.23708153341917765 0.06440772031218063 0.3507156104541524 0.010183461394970004 0.006980170069662202 0.030127731345638033 0.1318795625016668 0.0631998346310452 0.0570375774260202 0.036959715376613994 0.12063629793589625 0.0029563705589658153 0.05142472501929183 0.011835025216786907 0.1589195220286946 0.049779511262225316 0.0211105936379465 0.09062006637859917 0.11908245911192257 0.050280135198774015 0.016177422320228545 0.10735596068230817 0.19004846216994217 0.013107027154685442 0.002101604616542696 0.050172226911057174 0.006080652470456731 0.024973555128883856 0.014955348677183665 0.13326830727868283 0.01673158144927112 0.0011809794682170268 0.030119969600501603 0.09250343641544581 0.05393171746695385 0.04814093636277763 0.12571601638290902 0.058245179916102056 0.4600715985486927 0.06583132241898727 0.02703516972514673 0.10656055679583609 0.08482802891606411 0.21135888607888703 0.03294538279381808 0.049699195428283646 0.08373778051170187 0.05945242680488699 0.01217521340027606 0.3584943043053753 0.4634962631170085 0.17106325619706875 0.006505605773387148 0.017411370643720635 0.20655401621943342 0.055153711731283514 0.1408374422417297 0.016781175880808526 0.07310396500219656 0.12752510207265655 0.07762737103175428 0.022206930707417662 0.092274317816188 0.17465694520417197 0.188006511539203 0.04884360883887739 0.012367964597509001 0.09453174406204212 0.07483112170270956 0.0015926637460147617 0.12018106340793505 0.0028171944027274385 0.08709906729781158 0.028226433442263124 0.005047721850826254 0.08290734150090723 0.12458951841295308 0.15130342374418324 0.04554946021708912 0.027302789108970726 0.07564017807333202 0.09615963418345122 0.11327209439699296 0.030758596645578076 0.08074640675277822 0.12712448170432958 0.16823929816126232 0.020940256427129714 0.03843401235049536 0.006932663479509376 0.03174871119171531 0.005725388466758826 0.07704048285869074 0.0835191909152514 0.08495680985212133 0.0043351082918178276 0.08429480591506777 0.09638709298556349 0.005110003745704153 0.03406142113910144 0.0032613848773380867 0.070041568068867 0.009013413693942759 0.032883987588135995 0.03731974809419564
0.0017382673532276673 0.07180140582521498 0.014885594679275874 0.04171956196904313 0.019933378173721785 0.04988030783116862 0.047677625041688265 0.0501845810760905 0.034471164107669754 0.044574007762771956 0.0594228894032151 0.038819108343821844 0.027794539864395416 0.043166062741088626 0.041579052272604555 0.006136411335872271 0.01042855116698734 0.10648101838970554 0.06654632244742079 0.03675683851312483 0.08152243533308166 0.053143195256239895 0.08795292937808237 0.00672118317636325 0.026637841598551645 0.060472873226284356 0.055521058346372415 0.05185597194344256 0.010082184324570012 0.004790313139041428 0.055581797935030874 0.04065319932149831 0.004175658522230552 0.030367781178347757 0.12678252276382693 0.030287252057728885 0.017615633683606937 0.03194042906935554 0.009020914062105144 0.010870650119547071 0.024667155443240902 0.031171364493172045 0.023918774268552292 0.004799776014296806 0.04180652682010173 0.021728383491704032 0.012841137108860055 0.08201782672434446 0.10306620559537083 0.009387805909630757 0.02587773498200329 0.04495571315843023 0.07291083385600271 0.021580155870245095 0.0611986698271778 0.026506280837129432 0.0263657407082876 0.06342679605104953 0.09135546652665259 0.005667228442641855 0.006035420442595677 0.0009243369749649513 0.05522811391370474 1.2012101618556288e-05 0.011309635507946916 0.014095015831376895 0.0844804426379538 0.003966614925683806 0.001559745819519613 0.11536268022608986 0.04956247465778842 0.02393449787112198 0.046673826207803235 0.050630117832116565 0.026669626044202595 0.08006064027810059 0.0369874969456129 0.0775885917679044 0.025743046810380383 0.07453946269819904 0.0012436083484839672 0.009471958402812718 0.0057892052616014275 0.03345810454353369 0.01388248227073621 0.008478163248594687 0.019495194529035687 0.03440802133241689 0.029640263871152567 0.02235986731688565 0.03754516456505117 0.020377580630422786 0.0031361567279314098 0.010550565989946827 0.09250885096295246 0.06305425663231679 0.005813125801413088 0.0556700209925499 0.005274413994248685 0.010496002514567976 0.01955210777600396 0.00999786636599257 0.011179316782921698 0.007616909513688117 0.040940121963167334 0.005421187817509463 0.008467546902132708 0.09967662839211831 0.009472180536589823 0.014607865163917372 0.03832680021560154 0.007954784578889927 0.05329343800612364 0.005954555508793085 0.022855719359745327 0.008059672976803963 0.01801225275180024 0.018804086678716532 0.04652615376249939 0.01984210665447603 0.006007283744979888 0.007842934889384645 0.044334712665317355 0.0704264444616306 0.07886166719539622 0.04836779513997377 0.1013342996497075 0.06019870188618827 0.0007345078787813734 0.12190640247680132 0.02697549671595453 0.014403854211270387 0.1326261526709765 NaN 0.02234304446113275 0.004345696370434106 0.06974841967079613 0.025414228512898606 0.023583244561967524 0.06406137207670486 0.03489761126196862 0.009188755743769173 0.0040497060744454465 0.034233174168762794 0.0649895745243661 0.005131301495631958 0.07901587231807843 0.07429955057717333 0.10810319999120774 0.06369773933772771 0.06437363374729682 0.04173983503978462 0.07786554420794098 0.005028423046483896 0.03239499890940542 0.10329307665044402 0.04500487233169433 0.021097622496357913 0.01957146668270356 0.007531154891581491 0.06760478341299556 0.010983663014009992 0.04203421234143748 0.01851378329699898 0.016922448611462387 0.012157305750351158 0.03929437248732372 0.004167938455833198 0.023807404000843264 0.02060712754538325 0.03889348700326073 0.009521326602498426 0.01161243652850811 0.015245230457397849 0.004724699910309105 0.024838798393928673 0.12633197145309993 0.012703178819078875 0.05669764020575561 0.015344215786964441 0.011278423177138334 0.08550404178096004 0.008135860053005163 0.04875953574223578 0.030184849584158988 0.04304527280784826 0.024133154451875145 0.07053819608836318 0.0503475094798852 0.026740809982818758 0.04062281140986371 0.020897998785281716 0.03563687160364392 0.004389609779199098 0.022526421978150787 0.012829962914296727 0.022290674361137002 0.053140814539840084 0.0010986435898694565 0.015935774911287573 0.056270493251460024 0.030030776756476484 0.1132954230732169 0.006656544063745537 0.04317475225437374 0.021242281511368557 0.050222853117168315 0.05170175747833004 0.008580057222791124 0.015402301730013106 0.0465320243959658 0.001164644438527307 0.01365954709343393 0.014979847827390737 0.01857050230874883 0.0626826272864691 0.030079078355611417 0.0037281345974657857 0.07086061595640389 0.021811279659851975 0.015161131821680987 0.032938148358027816 0.03340883860181115 0.02143374755366272 0.038674106293442576 0.026275701357070493 0.0020021536471089424 0.04803970561268258 0.024453153413781556 0.03709225504125795 0.003727274452927342 0.003296466413675667 0.0616446895893382 0.001367142305233372 0.08074507852365295 0.048403852556746556 0.004943919872298677 0.03189886057206863 0.03763253518692535 0.004028628271609729 0.002571318674152109 0.00034424198406579517 0.04850594249292803 0.016395066051192536 0.019738514982013212 0.0211844767611252 0.020342951924678745 0.02235597189504642 0.037279362540436456 0.00752475533706972 0.02540191262868597 0.028575900800992607 0.0017540147750410486 0.014025525125285914 5.923996280816789e-05 0.0781888901706847 0.03688976331427828 0.004217459851968995 0.06734547707815589 0.021062771895345937 0.03585968329078638 0.0015090481560395877 0.006346404087783414 0.027257561254140153 0.06952200583250186 0.04463644897114846 0.028004605558591834 0.02228260301939129 0.005692713287182448 0.035920250935819936 0.010085224397104185 0.07151194546412137 0.014982403405548596 0.01907161507702281 0.01884372263582139 0.011509688118066559 0.0981058080819637 0.07893389475848833 0.08728645822999373 0.04164649381775701 0.03102414881165161 0.03912833754094835 0.012073297101278626 0.017525162358691795 0.04527619099605091 0.027559441604181962 0.0123173405304962 0.005866296068239548 0.046411921602018964 0.03266053080083297 0.025163672721243313 0.02398273831632791 0.006313477981710973 0.08965689963363052 0.07878699027695996 0.04498571655596488 0.013236732588409001 0.022594846957147453 0.06492324417641476 0.011368039470235725 5.9590506050983084e-05 0.06797970687277284 0.0033709262105050724 0.021681873371305473 0.02720976735468936 0.02265319212789105 0.04591712013785138 0.026925225457360858 0.013473578151283439 0.03420047014036536 0.07571444415054737 0.04143331642096746 0.08182532102791493 0.07918439892199237 0.05062356649025781 0.031133465085170578 0.06605295203393852 0.022897890136804846 0.010939889888153378 0.020424357782626777 0.0016945587018366984 0.0014053127354045165 0.03638107811607923 0.08026701520060443 0.008874426200492159 0.03969921589009179 0.027359269325337585 0.0768601048616214 0.07962498616387367 0.04275057210776351 0.027773881966680437 0.03152448304923925 0.013013820269195514 0.029966898999835418 0.013087225465385453 0.07825163314748404 0.042313555737445836 0.036174875938098046 0.00042870339390836806 0.025043301710945175 0.00012309857459869377 0.043716616204503136 0.030652967682008796 0.011942679398301133 0.004648597905710485 0.07027777854248884 0.012739481336180322 0.04261671210477085 0.024124856724740695 0.026593668960776758 0.004965622184614721 0.027068722071747337 0.03102639211268339 0.051565245894340486 0.03285020974078694 0.034222821426722755 0.05407751193715298 0.043465288278706056 0.036374965129437185 0.031338059530506925 0.052414708313638717 0.062365486922991716 0.02784827291448145 0.021696076535813544 0.03030568554536867 0.046280993771122714 0.014531738469932073 0.061537698622825654 0.0027202668495709876 0.001313131532165554 0.04304602124714237 0.007163715796666258 0.012055355182496329 0.026232435202819128 0.011326796083183478 0.04169299342734099 0.07474660040214591 0.028363471636843378 0.024820412644894017
0.10837078476397685 0.025350811814607282 0.021398596596998855 0.10395178497581298 0.0926260863525133 0.01962891570578164 0.04276573224316275 0.008089107166133105 0.019005283494664776 0.1525622667973095 0.04912684061817151 0.09782167868625287 0.11168461879550325 0.12491529999729845 0.15404049647936174 0.038556472073506994 0.04505535223410379 0.08866813000584632 0.00937370191775879 0.052919411126651106 0.012245412172919553 0.0762032734764148 0.05970418983440298 0.03886604669934598 0.11789836112037304 0.029545904236629904 0.07567092471693762 0.06582696966192352 0.10763528505428958 0.006116262902206585 0.049380719680000865 0.05405877292360022 0.0631305268913841 0.00448756377654102 0.1343851836953464 0.08214814381131556 0.008757087564758893 0.11797990080173448 0.022863934697920748 0.05206994140194432 0.014734766898249261 0.04914059854733055 0.010952647289711072 0.09355720738667345 0.023681159040491683 0.045490688122016044 0.04609458781207607 0.0437045474563082 0.013823447552904997 0.0403159668914811 0.07491172071674872 0.09332330045082558 0.030053911201549266 0.02434491490452665 0.014253309597958484 0.049436162650601044 0.016603758408326785 0.042708196444365014 0.053076851975762 0.04226812286619873 0.0013083986552339265 0.05126806113527072 0.013087109094921239 0.042948965854721126 0.06414758744152495 0.036522197717851805 0.13122637030939133 0.08375758512138562 0.12903457988288167 0.069741102333394 0.04317635089341373 0.04468923542594955 0.047467059819998235 0.06872661489027335 0.04067323640248691 0.06004704249383142 0.08153373834696619 0.09205244281804247 0.008337912602484494 0.0008229672070391874 0.08124409195342833 0.0961257572959466 0.1311958922906821 0.1474128056711689 0.11954001128547077 0.11443274556288774 0.07023867744247114 0.04015725656674902 0.03169533510191476 0.0006950260313206212 0.03071537583940802 0.07151174962909618 0.06614079147303109 0.01612218943884232 0.006362326156261366 0.06191004010743996 0.0925083599461643 0.0024198253658725476 0.02978107818332357 0.026194772908007577 0.05189403835984479 0.04902447126707373 0.0800370861233682 0.021369363791529247 0.051798285154384165 0.0045670526710437555 0.043757975719728275 0.03736908258841353 0.0320309831128897 0.07953464871326776 0.003938397511019017 0.016984387198812227 0.011830214415795437 0.025018684933630672 0.07083012882111821 0.10815879962247704 0.07970582295112082 0.036481383824575206 0.05677969837838409 0.05164922490924321 0.03350568770151818 0.1386783810100172 0.040512888256197074 0.03379983564096792 0.0936209876712694 0.04414640768749988 0.0213492964601824 0.090912424222693 0.05737660509627562 0.2035313168105465 0.12677115425056876 0.1533451160728996 0.09666107968625724 0.02234304446113275 NaN 0.047908201272951874 0.06343508480221627 0.08191057617425251 0.05220892142293985 0.022571241693089886 0.07308129233740246 0.049964609272522206 0.05078801117134704 0.12873791641047796 0.09001467805338109 0.008553982298714511 0.028742267558095565 0.11509031532904325 0.22504199013248488 0.01695703219463652 0.01875886726586621 0.032317854021754286 0.03154320873638664 0.08660690131477616 0.027848087604205415 0.052154014011392226 0.04684566675679175 0.015769684573745873 0.03926180152027945 0.03470465086495862 0.13857819406761934 0.03500061827711302 0.09936506960092989 0.009303987771060208 0.002104032300154091 0.03191209185596086 0.0895361835401829 0.01842241276994429 0.0980531210456196 0.061613833306119 0.1562602050934665 0.04571624582786711 0.05438185243128079 0.03642802948296602 0.04876115218203402 0.09940252298082156 0.07262669134468414 0.03497077142541217 0.09010742693986602 0.009703438855984 0.1411718938951793 0.03169579008868789 0.05840503540817186 0.13720728638770222 0.14581107693406511 0.06123220623456355 0.022289413984381126 0.014074328384582974 0.0013867380222697039 0.0385253469811611 0.004891684931670974 0.03956633965033181 0.1302661473027709 0.14946000822560332 0.16217271124549373 0.03162191482128027 0.02697354521135024 0.058034365496616766 0.05381155591254445 0.05952323469784294 0.024143676406257367 0.03157731637081709 0.03171282673448799 0.142344683909244 0.03004271097948898 0.05297456886775632 0.0075053137534430514 0.10973599942585768 9.267369182210023e-06 0.018912366127525646 0.05390505681207468 0.07541255200904343 0.026321169238850476 0.020685398950650413 0.01163955427618714 0.054881830767821015 0.040746195944545434 0.08789486362729355 0.011057224892530781 0.03611921024886522 0.02002017944396451 0.03712140062334269 0.07916632207619675 0.014348215348478922 0.00034569643925558746 0.029559055695114442 0.12246216915096253 0.010034928225492736 0.014463007069332639 0.07771939119964166 0.06242948979015368 0.01969606435430834 0.07406314958067264 0.022552663061998914 0.001327586420728579 0.03863362163728719 0.042293190507696976 0.018350181510014236 0.08370843759183924 0.05436872664987842 0.00014700692812510174 0.00910157551925381 0.044334127310802655 0.03377750234052228 0.0440359821924504 0.06983244970734118 0.017905304543075786 0.11173701770747625 0.06820086060950115 0.11195710045668093 0.11472127450776498 0.10379989112004316 0.043496093271479255 0.051040052753736326 0.0632296933339364 0.06440859583293418 0.030177683736552198 0.03412941191601291 0.03192013593735807 0.002227827940640482 0.0024902635155506477 0.060876358022451324 0.07678685719147314 0.09212292215308872 0.1450982461712932 0.0862496427828423 0.03410671738579232 0.0019902744131034557 0.0973785441011627 0.055570265244334935 0.01412054268188648 0.06613547325292608 0.009156100889299213 0.03695197932106579 0.0226828120458558 0.020962394137425 0.08519457992983333 0.11467743840934938 0.05231117287376624 0.0031613325800931456 0.0592518729489801 0.0461941294375358 0.06391382905509217 0.04896964961192957 0.10779013831698843 0.05572090190249212 0.042964664742930175 0.0005424331558806877 0.02572104637916069 0.06237726519738396 0.0019640255021498017 0.03648757638080141 0.008000234694095127 0.04052377102468866 0.0009980449995223926 0.007916700067449562 0.037963609461705794 0.010461378424345061 0.029444735824245047 0.032883860617571696 0.0007553007847620604 0.011226666037720148 0.022403954190524832 0.06952635106831707 0.05849235968414632 0.006249769673054035 0.018900197528121776 0.07829646861053198 0.0685585302524854 0.0836747317621709 0.021935432292643317 0.01761168914513206 0.05782059266344619 0.0025641285942815365 0.07428257363351515 0.01409785376372786 0.05698116526506221 0.004501964920425193 0.08694491719230649 0.08941339642094592 0.04908031839408024 0.004366782239862059 0.057728014021176284 0.1433752739868707 0.05644395858604492 0.0011839572843360645 0.07341604228362375 0.12525359356943155 0.18852899992285382 0.0693504468433372 0.03759175207948327 0.028177433529945846 0.0021112927031743177 0.0348794407911127 0.001018701727049746 0.02543522807804236 0.0076513872269674 0.009485627103934028 0.057411243400241764 0.03443956500952021 0.01730312751437581 0.06866469213535811 0.0323339373658314 0.04622248538167211 0.04393357859569634 0.007788699881711663 0.12342589853869937 0.012097179117827211 0.058625840460938605 0.01202140686668736 0.10795479796914854 0.0024275690316823435 0.11504817582199083 0.08993390582312928 0.04668407403001525 0.03766673584393134 0.023426460026560385 0.050381712980381105 0.05653594152125701 0.05576548306690453 0.17550091143092544 0.09771935171188936 0.07133586265275896 0.05810144388122623 0.00673259095317273 0.057288992121752244 0.08118258633613186 0.0027741280558980326 0.059547862988656525 0.05492301672636658 0.12075451136055028 0.1238768784603941 0.05579822497989767 0.05005002038566032 0.03096519317843304 0.12920451437769134 0.04452281428639065 0.0045996094020945505 0.013237884956041094
0.055275276248563265 0.09375133126541386 0.006694793143939776 0.031956633458783426 0.003021244640296913 0.06717497644156471 0.10862481546132163 0.13791108724422776 0.040799204948805144 0.03779723378696706 0.24108324934031108 0.18029028641674014 0.05547811346204002 0.09583589322699977 0.07371130287740385 0.0003205216008238299 0.038124153952953606 0.21667423134741884 0.042693991458091045 0.04386449992383772 0.0603988774719782 0.19708220827144515 0.18559914022019602 0.07039051431489209 0.0894775594241547 0.12310490810461813 0.08315585642154359 0.08604175452561019 0.07826797975532011 0.05043275878189554 0.026842760891442205 0.04280851789647712 0.02211136991020196 0.013319033725787468 0.021184171168720185 0.06712475757226988 0.09530600085545445 0.04361736569432047 0.004882395500712444 0.08742402545810819 0.022966971475037814 0.006021019286325359 0.023118509996184894 0.021578294228105022 0.030651391257126667 0.016818969212023152 0.12656459014084018 0.0424875861042594 0.017384833640524826 0.17830785448166678 0.11003600847979622 0.08141385163064915 0.0366579410450271 0.14110365833919575 0.028246981490269916 0.14290092723354972 0.05780702429657993 0.024781020712987198 0.014480367653884052 0.10025361347027002 0.029408602297045176 0.018081066702202837 0.030312829506677245 0.07726436305683197 0.07580220217693658 0.006608562792999361 0.037862333013127865 0.05743077258098451 0.17975923748319533 0.08863998078574009 0.10906254651815442 0.11854314888680396 0.060597353099100935 0.10497071430233484 0.11762770156613397 0.050975337668057334 0.049459058691839274 0.05829279436207945 0.059074741088027856 0.12272859869290723 0.14848928759107297 0.0695050343288055 0.04464727062736329 0.0652297280104318 0.01421328185594752 0.012336733171687122 0.07473876120739605 0.048468690725542427 0.00468293883958524 0.06805455395559103 0.026399522914796667 0.028234004322872885 0.07728647137812782 0.08294115190847959 0.07473269535429158 0.12835078822827226 0.020424101001118553 0.07132109034522807 0.0007040287495299896 0.014400335234241527 0.018822029120709044 0.09244084730186683 0.07770587491652205 0.11180710064801608 0.08145985355673104 0.08857442338343773 0.0018703363812898176 0.004750287807351699 0.12969351855815067 0.1171095082136859 0.043355691426885196 0.03298916786723768 0.02734365106343757 0.030296511631916125 0.02200779099731606 0.18458252830738392 0.15743742589470316 0.028430831569216084 0.05938157530581236 0.0841011907905502 0.04335542498157723 0.03614290016333868 0.10234374486873511 0.014033518691806282 0.21344384348291137 0.02166498949492147 0.00010528391465475192 0.07363671522198195 0.1584785602513103 0.05263498712259218 0.09637886765296196 0.100011167607915 0.01943844472787121 0.004345696370434106 0.047908201272951874 NaN 0.14121298984284453 0.21776323241399428 0.10817068185432847 0.058996526268112914 0.10165239711712286 0.022325107615486527 0.02476691100986129 0.017588074117267514 0.01391551846786698 0.11850510473559255 0.04331638850583146 0.07932180105797121 0.06860473681601555 0.08276446645085285 0.03827416979145926 0.011904560980734204 0.017768577736913604 0.05246584810384756 0.028946169839521134 0.1383013725292792 0.20538406520988917 0.06789130493082372 0.09864456178286561 0.045798934109301366 0.11396379404107089 0.04290798653010248 0.07425497918321351 0.006313397173586706 0.06705918542869624 0.04300567033367061 0.05461455125315765 0.00740668162232181 0.014715552307227386 0.009650817837373411 0.07064396714187621 0.024137846645403027 0.022230074522537446 0.09340835550831923 0.029278521228725148 0.09745654879509782 0.037909705223403506 0.02263578319989559 0.06362530557593186 0.012219453232589453 0.04738389579335113 0.04737052578681089 0.00271985095711688 0.015099296790229083 0.009122453055205749 0.049032718838257855 0.09215647539989169 0.07768249732707656 0.0492791789096828 0.05539608897771878 0.13600399139798736 0.17035786806348774 0.05656023531472128 0.11702565017210224 0.09054224211817469 0.014000241818717405 0.003927353788077106 0.17170367675010811 0.009902398829440563 0.08631762711927429 0.12339084344638726 0.17162603084107422 0.07963115135836597 0.08559502342848485 0.06283781982910834 0.10979801182001858 0.09065861333624385 0.09277420465358278 0.07033728436673722 0.027526040867999382 0.05567927924738789 0.030287590096128456 0.06470486418573507 0.02063438086372793 0.0022825599103241936 0.016900804401375237 0.0606919889771479 0.04570665984851803 0.03663953954826198 0.09574808286336091 0.03194335806213628 0.012139639780802115 0.12414759567280814 0.06388560796164121 0.006800722568424938 0.04329216552705359 0.10154561463191969 0.005147286756645854 0.0005520428549130901 0.12089493722756967 0.062336940768241644 0.04357519280846473 0.04596768421970989 0.09985870531492382 0.09886026496333138 0.06109396529216833 0.14181978555036598 0.05791501731001201 0.020673077867115423 0.028223905586052492 0.08350826858568638 0.05106700326027193 0.02397811354291598 0.08124397152777241 0.0486519727548284 0.008326349552680854 0.014095604930368159 0.0024039838184451347 0.0808681217898863 0.04746813233899136 0.07998278799555349 0.09849438840885971 0.09365428081056706 0.03888263847225145 0.13254360428298467 0.00318559412947357 0.0171535829623987 0.09943661274465927 0.023848153403356363 0.07592531324808571 0.03260640785633714 0.08824368058280785 0.07516711780813391 0.02520595480449885 0.016954364203873286 0.024735790677413463 0.11546937912700046 0.0378062929856793 0.09026056898044889 0.015565285757775622 0.06501591385294649 0.004780758731645997 0.038810524150137464 0.03508875136340896 0.08338787038437821 0.10065295028019915 0.054282269878760475 0.031075708906001698 0.048933763281658896 0.010556320696875707 0.08149074688504057 0.04129109463523064 0.11515506070814488 0.05053320311650195 0.11354035490952058 0.05305815340355765 0.051867510601100134 0.004779799181433808 0.051195006773761445 0.0831754017679988 0.005627082530715718 0.00424784695582135 0.026287523363773473 0.03657310003566672 0.04983666493343908 0.19948416122345933 0.14039672521633834 0.0194019587651988 0.004723369874411186 0.052093918237600415 0.040606805783567596 0.047996240594113934 0.042954808180658006 0.06317420934988213 0.09629335727565605 0.02072600704427077 0.03247006777981385 0.09873891323307638 0.1159793013308339 0.018644954273743335 0.02904983524921221 0.03872709527646365 0.035668201392851075 0.031166665840480424 0.1504321957594156 0.16083486834125596 0.02771065168766669 0.1440702464520396 0.19228897164611916 0.13133161572750165 0.085108191796031 0.03429820709741528 0.07107510411279244 0.02359761733323045 0.03195962605415977 0.09748966378052065 0.05310687804907218 0.02113231382447684 0.07049741492965152 0.10984850107738914 0.025304402877651976 0.08519383505701372 0.025912242979985418 0.04191109041432683 0.02164080806449902 0.1189864365756486 0.09672530564490925 0.05303634624709493 0.026475903847437587 0.017358860076450454 0.03294354564569995 0.08691806460694247 0.09112661256833819 0.03186405943346677 0.00931830421473375 0.0807838617226238 0.028037436396829436 0.021918282065366074 0.0027249383375409814 0.033038123452958444 0.07405581836865764 0.06520532029727592 0.02762144567948839 0.04937975451434731 0.020035351354679133 0.09940640278830173 0.0021142903711410285 0.016197742951325513 0.02655028077491354 0.012734302831200181 0.07168022502064021 0.004699265496193041 0.03441598414113216 0.06874723086230757 0.010930276416802566 0.000504869438244308 0.06172778156215819 0.0672089405274285 0.03208452137390632 0.048529946536616804 0.07932767136916047 0.04934994335644254 0.008940211126437728 0.008864762021554149 0.03973990563809237 0.10783817551881318 0.07765372901521155 0.0006801771586828911 0.0373515714132134
0.05279360771178441 0.12347239359497661 0.11598614544539892 0.0345531578658203 0.005341131689437722 0.13229598980725182 0.14756536998101052 0.3416439991255991 0.24097281213951818 0.16353602589115787 0.2846812561769889 0.22721245645896124 0.06003273850801485 0.04862719159878933 0.051619468006408785 0.08515540579167247 0.0951495424405158 0.21102911127445942 0.014080735670538082 0.19709714379236334 0.22770366099289988 0.31150370627584517 0.20812851584395 0.13324990683225948 0.10450594168265129 0.07369832263542983 0.019038057586177617 0.24439686676121342 0.021227167489390738 0.057771253941642765 0.03730433826058282 0.013738762885360462 0.08015869428158101 0.08697861064203291 0.02178198008348272 0.1699439273521837 0.0067686203601845145 0.0344295443729919 0.05827080169331888 0.16324176008695454 0.12834780593837802 0.1418096522508454 0.05416260018626677 0.11533401321297806 0.08102490276985458 0.05153184832907938 0.23359094548727632 0.13644623542952886 0.04946661933883436 0.45811315985688256 0.25573663541478947 0.20367419898796532 0.25452716255346525 0.20914340980099536 0.1086005585042782 0.16725038438769987 0.06186960171162742 0.03562940791035631 0.15221478531160004 0.15631085839602699 0.09555677610956342 0.09461946905300163 0.09840414800698637 0.07812465899411333 0.005365727028868734 0.2397852374914739 0.25779311025265644 0.07768504867302872 0.17697671728557376 0.02367328055207102 0.036047495083397794 0.02497051490956554 0.22960609754868433 0.0351754024284149 0.09368867265464323 0.11348424721673332 0.3082777981582001 0.2967349307340639 0.28796483826348473 0.2729270646387047 0.25081673724868353 0.2812845056996844 0.3935983457512092 0.2188776771898827 0.0022837038563853452 0.07915147419572237 0.06397157083765728 0.07112329872112996 0.12888071797086298 0.008367215190186007 0.26044218246940715 0.1317091905151048 0.0023822669321728815 0.05045576756186519 0.26491373730362255 0.21165077554871614 0.1499946774808281 0.07134688934578641 0.0758950264468628 0.04155625643361846 0.024050783487453136 0.012958318736890774 0.06673174943542029 0.037797970018256806 0.010304410431461328 0.042206108413226716 0.03262458165009216 0.002835299307567278 0.051911963697999 0.09593825321462959 0.07110067290014352 0.07185976289852021 0.013208470812482156 0.009788346785436618 0.05562626765965619 0.36666688043531664 0.41695681526415723 0.015973749488433022 0.03333934435946739 0.06054947478777628 0.008197586298788612 0.06576676770019642 0.012985069223714963 0.15650332066522293 0.12912840303053355 0.050322800501469825 0.09248007450910958 0.0065302633762946176 0.12730094547998141 0.12467045991878645 0.06899791275505009 0.003935473208309715 0.4067510542409807 0.06974841967079613 0.06343508480221627 0.14121298984284453 NaN 0.38228532991267217 0.2783247289924889 0.2689330039677109 0.15223941430017154 0.07108161991540805 0.09939606966697542 0.22523363750084724 0.3071130704947383 0.12582662476503284 0.08647210617063955 0.23091910278922373 0.21129660713023046 0.20337081847679178 0.15008696874236152 0.038760852849594414 0.020929596530080936 0.008378582774504555 0.05568867223543279 0.2579425216392871 0.4265253718701358 0.1866601335413113 0.18054272276158012 0.07181877301544051 0.0022734536734766112 0.11413202730638082 0.06818867909092932 0.12878912676822923 0.0005901500437071694 0.09207480973876958 0.009522024108954249 0.07728473000161636 0.09428385299023805 0.19879265620069947 0.2779918518711709 0.11785260630710523 0.07732834027902084 0.13263344732260562 0.11553332690618821 0.002810159010449002 0.010175081937755766 0.040221056663974734 0.16187253960813627 0.12349006898827528 0.03214975534030378 0.1519509553439847 0.01941629250078807 0.013729771702010713 0.03706988773343636 0.12321174174201152 0.24715819813425793 0.25270715895289253 0.31855716745996115 0.058090857784538895 0.272626113100361 0.19492349307824167 0.06944983754692702 0.04150363269775327 0.04484372338729399 0.07364210020193629 0.08905845585785413 0.3380158436502457 0.06402076646010862 0.2186626734254656 0.20905475690958314 0.2738614604586718 0.18229382291046767 0.054536260280905094 0.08142116822143497 0.06243834754351445 0.018126622667588563 0.02143999814181253 0.04757007834724173 0.06354115006527532 0.012297478700029556 0.04187906752590981 0.11081790086358831 0.03620528439736027 0.020809132330307272 0.20198746202818335 0.12073571114197293 0.04069083977206257 0.11268345537551103 0.24823921748478936 0.045784560923419364 0.06810955537714367 0.2134134495353087 0.10285848772341818 0.10711966052112659 0.23706604033610368 0.2631756271057685 0.03800467803177032 0.03983914127929353 0.4174409169955001 0.2037145649559544 0.1819337619737313 0.2444648469927047 0.25625365518900733 0.1640477011814797 0.25537296344858823 0.13448048299694626 0.06115998842064326 0.03954416729691569 0.05806012734248386 0.08634355498214412 0.14400396783394728 0.09936193729469012 0.08724690186821484 0.05206280722698744 0.10699198288655351 0.14978368513761245 0.007143012358996589 0.1974531557743136 0.14701518871445302 4.86087014259084e-05 0.02404001396000177 0.11820918789849214 0.07546329647619308 0.059798576952150476 0.14220025007589387 0.21745778637088398 0.30481948785227087 0.10406459594119552 0.11270913010701057 0.17777318175676357 0.34391197397524975 0.28179385996227335 0.21098838222431068 0.016915060744288408 0.03158985971429865 0.024927492677174583 0.06691145653847572 0.08800492832098485 0.2222542346206569 0.07096257174015266 0.0311545606282754 0.0037809769274144084 0.10757922528183256 0.26097015083849506 0.3185868484199633 0.18758112984454853 0.0448601417253455 0.006563856142905714 0.08124221003946012 0.006855753947024275 0.03417334909710808 0.027167972866462903 0.06136176209759525 0.028551641808784826 0.025324221387965324 0.02918905037080304 0.004570547156836551 0.07336489698389302 0.06549567791444352 0.05115095408069217 0.07437653179231314 0.02420233877479693 0.015499014784465479 0.08976350081064702 0.4678209599117738 0.4681915594786804 0.06921157612356214 0.02137394099643138 0.006652160141387207 0.06471125568471339 0.03981827541164783 0.0643291828742484 0.08715828448104253 0.11616500307895655 0.03806413434816283 0.0011962687351639756 0.01816477101507151 0.11239753993047462 0.040374060052763554 0.03142759231511188 0.06501907618164644 0.2609658166403327 0.06015236894699665 0.1153479736613783 0.4064902618754941 0.4200655918745877 0.46260588690443183 0.18113212097388864 0.19664410760686976 0.10409061567881495 0.018783913526956617 0.10503810577523925 0.2209284413607572 0.22604402969927462 0.15929302808257478 0.11285125953507641 0.2818879393570021 0.024250671441671257 0.003992700559504071 0.051081104192326456 0.0631688557769633 0.16685848862945848 0.051989413290237846 0.05764324724693157 0.14585145091758386 0.307121117970575 0.1932638052967653 0.20969480204363897 0.009498988627399242 0.0010602451972291827 0.03296186747594035 0.16829878007246096 0.024456419295555688 0.08397554547480796 0.021513132908300925 0.056819994616253644 0.007577058595922535 0.026495265912341335 0.1251831490873967 0.16743138413509592 0.04478392857275384 0.010223719452056359 0.004363872212603192 0.11223368043249647 0.0315595033001683 0.05352964802048865 0.019469422215204087 0.18996398848510052 0.106841679184272 0.2660981788387761 0.07353650256565114 0.06597837617713972 0.006064570815476162 0.03183055687117025 0.05886974828429587 0.054963471221042934 0.13733096719630217 0.11305578613456936 0.03497260427005061 0.19274827993770016 0.10316840869972949 0.029138789593517032 0.015503186466785149 0.03332626313632514 0.04403073528689211 0.01794438387498828 0.0162871787745306 0.09037889073485773
0.09606842915562866 0.3476303326917039 0.18659510984579375 0.013196934061304249 0.10069656382558877 0.46032139435338687 0.4944280811431622 0.5639059711812399 0.35752436849257924 0.15775000338579934 0.5382484040880146 0.42096769895275854 0.04727488709583329 0.12810111524303272 0.25516136497585934 0.05953811315914134 0.3653340386590398 0.5711789022073595 0.17116557635134505 0.4595880867031686 0.46823726562308343 0.6557725029450163 0.4465255033969513 0.29820537035320005 0.1051831289204667 0.21927574330619282 0.12265022609385978 0.22625137476141147 0.04107827357530557 0.2274763004742626 0.03404612455808285 0.029343219467018927 0.018329247677480735 0.14854423343421125 0.05488733618090212 0.23917846618063177 0.0804029697132384 0.1439430811421555 0.14696777590694537 0.3375406228753923 0.19107635413129273 0.02942278870407747 0.041274771826172535 0.034114472367016334 0.20129620006458562 0.07836258846387158 0.4445243688732422 0.40618252047538306 0.2335265047632567 0.3420931360483086 0.554781995153196 0.3834849008653871 0.36389705646960036 0.3380793498254346 0.19806370947674495 0.2810773705663089 0.12307023960160403 0.06369732730978264 0.11233397318286557 0.2179683003307658 0.02415491899442704 0.00525764258533098 0.05629972585030515 0.0034199479104104103 0.09796044529790703 0.15627618251198844 0.27998726229161514 0.2750680717725543 0.26130769705218626 0.218206567708123 0.3137111694453137 0.23386754941295781 0.24766732412223677 0.21446945470711568 0.34895690192166673 0.2821456799846988 0.13341165327253812 0.05978087982561082 0.29029712199182234 0.2808352628856849 0.44540185103344926 0.019447927489647 0.2523907232188459 0.027058615342477475 0.13703221895705336 0.022571433000290655 0.11258774618966888 0.017401893132808443 0.10787302934753745 0.08286230637874464 0.18651217801814549 0.03107251854622708 0.04983506910533984 0.1016426919991608 0.3598931634360693 0.21728691708047715 0.060453596559667665 0.154443416534071 0.02998047518333432 0.10013978616569649 0.020739922540265292 0.07932602615168945 0.16207394395249022 0.15014130336312678 0.19695121301973412 0.13811821011330153 0.0164479036911954 0.05519437259820052 0.06921940439858455 0.0879630895789914 0.048313262750814476 0.08911753650471997 0.040846487382414025 0.04249570719541696 0.17988881836890472 0.4326389218297253 0.39213162105507965 0.040655699070044016 0.025265721656230748 0.0815830900519683 0.07076073150539784 0.04650686937400656 0.1178762227201852 0.1952330937485432 0.34776296250626915 0.11170159479028922 0.016778226178178184 0.13493000723272067 0.3446028655473297 0.04926165012631193 0.17237566550312025 0.2678263718961789 0.1937747730841604 0.025414228512898606 0.08191057617425251 0.21776323241399428 0.38228532991267217 NaN 0.38697179091103884 0.22556646240873965 0.312703935728239 0.057769889901012006 0.12430234294173335 0.14080550422953403 0.15974561319358047 0.12941500813962303 0.08266169094995922 0.21263518392665087 0.0033215595862124228 0.35699591191039903 0.11036617493845664 0.12260290548586736 0.12652909103265236 0.2692535412876553 0.018574062448681185 0.4953123737986038 0.5730488674442263 0.499389300022512 0.4464442870269091 0.26667163909640423 0.13932018264537882 0.10664973347400869 0.3685271058393494 0.13137192637130826 0.1132402506237417 0.16200257708288104 0.19382954414934375 0.11131032939034034 0.0734942869775664 0.15586891199929173 0.008156500611630117 0.06886674190965285 0.1497842775513628 0.23712458967174788 0.11213124103957296 0.14017138118956984 0.0200619231040265 0.08047232718141666 0.1095197959990723 0.14166740710489875 0.10821484248822683 0.2581310522012926 0.0871078151804313 0.09683749560533009 0.011922019333268606 0.33316304002939157 0.42848559567630967 0.4266644135900833 0.48224123915453554 0.10102122846555987 0.29572587509843656 0.4095036318802863 0.01633638746420776 0.20190673466917852 0.37254377534172545 0.15880048767899263 0.3072876859674335 0.6212528011931001 0.17902956707420234 0.47187918468558454 0.4499360107767972 0.5809996900872749 0.30913079972549157 0.30244471070396645 0.06567267137865887 0.21390696930515282 0.0965878951599599 0.21246146221111323 0.05270914477777224 0.1535171096440508 0.05363674330983735 0.025621276130075664 0.01728228048888478 0.07255196012714854 0.10242157017166707 0.1649525529265793 0.04501757931734194 0.1975157566044455 0.1302815084148041 0.38736834401471604 0.016078176420373375 0.08721495002233456 0.15336578700930434 0.010630477928379765 0.17926106907639988 0.04207459129095157 0.44366875881913714 0.21046657787314757 0.18299432072565341 0.1732418771911108 0.4438628234203484 0.2734007841857462 0.32423618507913515 0.36033305899737744 0.2426956949852586 0.19393459387268744 0.05383917160279693 0.00132363011730504 0.08001912149792063 0.01559262825842502 0.043954626436122364 0.0741221411394635 0.10034594002305718 0.03066354428552479 0.034123660865360526 0.018183544435204577 0.25918811698522637 0.16098944656692893 0.1362018854620094 0.14643930388331733 0.26721510491497436 0.19189977136560601 0.1986627731459349 0.10775351420392308 0.3574627162598895 0.111171808048977 0.06827372761031385 0.04645096389291299 0.05786354759130757 0.060660729620034944 0.20627559274135204 0.015758297540870204 0.13318976012431585 0.012963274071714458 0.14125795244450623 0.009376773319759757 0.1685201380929482 0.09075745537087836 0.047147974283508094 0.12682624475088974 0.021371719171197973 0.1095223713648605 0.026600440180725313 0.08515544452767197 0.21663238945942204 0.15486816523833447 0.039212223672338314 0.0562564339200451 0.022582998732126828 0.13530875986055269 0.03791405328479732 0.019014351427358724 0.11325981619226579 0.21525521694785435 0.17983058595864665 0.018390701098606965 0.029712281143490924 0.07255490871023709 0.04372775012129379 0.07093878220233805 0.014105779887894238 0.054518627011952404 0.0807359530501238 0.06112112231055745 0.0799468254283813 0.37891523434215785 0.24558884003741407 0.10247151439272216 0.0632401798191332 0.07911116233948785 0.13062689794275215 0.0716369945148691 0.1536365511093452 0.01591503368914744 0.30729455283297796 0.03685300030120831 0.10941354984348547 0.21640485033822307 0.3529614175012726 0.08114442709680715 0.038025698764022245 0.1355500132179698 0.0394247830943476 0.04694835491966713 0.20353600234860625 0.3344940536694068 0.10299722792537377 0.6331596740054029 0.3630990461099187 0.17805865895175313 0.17277139520687793 0.019990610605320553 0.20223086321683084 0.08159612216599503 0.058752268851667296 0.041641573926469215 0.11883956157457529 0.24302526582942627 0.15702010131358568 0.2714934664316601 0.06391744161715565 0.2432442642612502 0.28566367726214986 0.20261934114469746 0.06373226921054104 0.2798858361686719 0.38224692217888295 0.48294213978126077 0.3392222885879955 0.1349139126226947 0.06610187851730821 0.07326039238043147 0.42848861809217786 0.1233373375039434 0.08179371180562736 0.027041016936412164 0.1716397378993763 0.07320560458445415 0.056349341926369166 0.14016401636090142 0.026829851400245717 0.04436258595588321 0.04510163466046275 0.18091406000476734 0.18445023310582018 0.09714371894746363 0.0630063848486518 0.048862882108303696 0.09445105548841616 0.09315423265859456 0.11336913946903057 0.13761933757255088 0.02636820172367037 0.04612240134787941 0.0010611067877003822 0.12413348444615481 0.2668895748521971 0.1786522660265409 0.022181554790405622 0.07554401453977282 0.10822892576620473 0.10744178496623143 0.10318573479639082 0.18932549643777835 0.017215081398505964 0.23240344618070685 0.05669245303826282 0.056915523308679675 0.0029532637985628927
0.023918683563305045 0.4206348235130225 0.1536534979964559 0.09686999219043352 0.1585166035484878 0.3244601067464029 0.32393878853656344 0.326192943200753 0.18595284814785862 0.043748930096357434 0.33938092696645344 0.3881184805103492 0.006413434311804232 0.08820034087844474 0.15252818135999044 0.00416125871887206 0.13313567410021834 0.40458660897262566 0.10376580526956503 0.36539030394358296 0.32011766253330354 0.5013476235047079 0.42714901659693943 0.10210916512566605 0.18471786320715955 0.198704726896414 0.05586738468566429 0.43936336352520566 0.018867179145667615 0.2495555381016013 0.005390956091075743 0.09792581555776203 0.016642716474026705 0.09923971613519637 0.02797516381810471 0.15862480391177652 0.027405378978051172 0.01421097962498221 0.12002200901639813 0.1792035736437975 0.08413582403038786 0.025625686243694174 0.013765468603776511 0.06525772680137762 0.0958092800093282 0.04396858558738237 0.24389903325015877 0.23810385657974623 0.07405571424456239 0.08036227764704736 0.3269610584303107 0.19282755961142975 0.2297605028036053 0.14802608770028844 0.0392145407314683 0.12356285348617745 0.10131489270117133 0.024079028940206967 0.06742247815163033 0.13381182189645394 0.04323375431158991 0.014445063161428127 0.07724745123356497 0.04221538728991934 0.006067975927741431 0.1389440511013172 0.24928921465168846 0.22752599303568577 0.2456444978540567 0.1732651526851294 0.2316339909888354 0.18732793320291682 0.21676725034817454 0.2581623572653763 0.3003373592800275 0.23324539130113434 0.1705735138836815 0.01141035414496284 0.26555556687496845 0.07747387659096154 0.2840874151764448 0.04535842120772463 0.19142484713028954 0.09290592066878342 0.10434036645480273 0.14414783952353097 0.10254127467212171 0.01893359841162603 0.02584900396786482 0.022778761157797468 0.10869114989960629 0.019756564023134367 0.05923338963075653 0.04707347846329154 0.14061181139056322 0.08891105791439145 0.02060983436430384 0.13671445563134169 0.005643837131492686 0.025876638953552775 0.009446420066306173 0.008678770571042972 0.1382447678693422 0.09153745586153397 0.17818487785789186 0.06148942181862309 0.05021727394018936 0.031476688124155085 0.013157772916347697 0.13361818126710953 0.024740458729558743 0.07285660337193962 0.0007769484977434207 0.02550691060198995 0.05636712785899528 0.15873861850086834 0.13442585588755673 0.020120616354320307 0.05635211104046005 0.021375528861494304 0.10813301012055664 0.022921263427748202 0.13981353419275908 0.10561948294901213 0.30138991641622676 0.08464481620581411 0.04782696300265464 0.2075235896189241 0.38686925315701165 0.1401714029205195 0.11963690527930118 0.2311212453263192 0.030975391861443016 0.023583244561967524 0.05220892142293985 0.10817068185432847 0.2783247289924889 0.38697179091103884 NaN 0.34232464733676243 0.3738706296413865 0.005899218743626982 0.07737028940635471 0.014712964821626892 0.016488451786195485 0.024361464695722035 0.011310864921280644 0.10505442021748146 0.05806821284450999 0.3798448428648877 0.11425263893557401 0.053103534645045816 0.1347615258663949 0.1211299344643005 0.0018512019273427588 0.4784813262365009 0.45881863097360837 0.21441617638720922 0.386596001848237 0.15711737636827203 0.05724592647707244 0.11867458160476564 0.15466041904775424 0.22288131042843617 0.06204945157426523 0.09183872671802072 0.1087511877813159 0.038020769209300316 0.04911797192208848 0.1219344487469539 0.10076577976096579 0.02678019471059687 0.09819716272540507 0.12018990924431365 0.09914110187901584 0.15654755783674004 0.07875912954770901 0.0011840480403525347 0.011027778330203731 0.0602305661308046 0.050347334843983196 0.2865989773255236 0.13106215889023873 0.05335407874162615 0.11210825834414875 0.2882431969708939 0.32890433281107373 0.25765478232457856 0.28306907538510045 0.10958180410125412 0.11826028535723543 0.30411773137051695 0.006737748456631115 0.0646489164609881 0.2066055186662231 0.024125953521716415 0.08511097300361045 0.48924843764007525 0.09767672954897245 0.3091725630161175 0.35051932599378194 0.3596338625207426 0.3870028305785843 0.10378850429253816 0.04046096515142123 0.1158642496891628 0.05541852580356558 0.006796277903770265 0.01370002141052345 0.178651092175741 0.03424366752551676 0.02866849266976382 0.02649730827234669 0.07196357497581032 0.16553270226721178 0.1929466421452515 0.04860482810065318 0.10491090113863145 0.14888899774154624 0.19543571843650698 0.00823921505108507 0.07800700948655505 0.08918992931812113 0.030120756050927122 0.14326163997012548 0.052884045418021275 0.2473732816091403 0.07090938066481313 0.04606576786716939 0.03888078877459023 0.19486869511599444 0.1940912658946256 0.23853578577168055 0.13149642361689537 0.07329588548340896 0.11340014166317552 0.08587817453843229 0.04193433797534094 0.0515821870147515 0.04557236688769313 0.04567520470937321 0.045211359494223065 0.04335917490642456 0.03994007441632793 0.009156163018596458 0.04354741211109726 0.21935782768080425 0.1282563462298154 0.08018813549205252 0.08559928262474935 0.19549002865082082 0.12150705241363605 0.14266111467035553 0.06676954324669482 0.274210620755468 0.07175808638040833 0.11415761835012472 0.0243986257969882 0.03014309882702186 0.022700970738525398 0.20741031897451453 0.14079654034740413 0.1298200788573891 0.047531719803402345 0.03773731352202572 0.012175237518720862 0.12841676665940943 0.05783507626864856 0.04783283413818072 0.07762206055294534 0.06092718455526604 0.05704404758526337 0.05297922546700511 0.034662618383558864 0.20087534537892124 0.10925217913769038 0.07133116542292502 0.005729471983411873 0.028666038283551167 0.06674791534428227 0.036490787107842954 0.0011122156269748203 0.12196024317747459 0.11547477540798516 0.15367063933835765 0.03889185143090344 0.017953558089895346 0.11952651276415693 0.00784985705706921 0.06120817755809643 0.0525087487318437 0.024683231936033202 0.016202569558511758 0.027956200851905786 0.12637062434688887 0.25029450076028975 0.10814794912939477 0.13577565939833883 0.043637929495899314 0.07711215454325764 0.12240077750244363 0.07881394375385938 0.049661757042643445 0.0040646930934925595 0.278796951208451 0.04359205752086711 0.05501588428478526 0.26242377930566085 0.33398404405449333 0.16432557715005794 0.11877047587324033 0.09438183415932692 0.03490947572099084 0.015859183547668083 0.18281487745410535 0.282945405284777 0.05257157862528425 0.3256268681719311 0.4295588652023082 0.3005713210682204 0.2418850120669529 0.08503223435018552 0.18544465153082232 0.018427506597786934 0.0278669256564828 0.06536928073518948 0.014334791707304522 0.06849166657663588 0.04655863974900349 0.26148908423279654 0.07225218981620019 0.14145234679019147 0.2406733090512473 0.07583766021176655 0.023432559035120707 0.36460279253252686 0.2601249992636438 0.19350807865005026 0.2613349583127156 0.15337128587865237 0.1613391541711775 0.09394238433052615 0.2639691728685493 0.06592451074105647 0.06599156203350585 0.042115007154528955 0.09599977790643288 0.08178476001602047 0.018810640909928778 0.07532338509766195 0.07939587699950434 0.020248154927901687 0.022186730566981498 0.06339815100278505 0.17089691131885587 0.13053000033719664 0.052204254518732715 0.005822348873724589 0.08322927639405446 0.06548641029842972 0.030400106712348097 0.007630433828612034 0.07523022920936522 0.02648792398576363 0.0045971328094210695 0.06270956924422187 0.19429562513081694 0.16034216211606986 0.1071041731529437 0.02038874445191067 0.06889914933283313 0.0165955824320129 0.02185181724123534 0.11579991717510882 0.0029530585163375245 0.13712957644898374 0.013794161905468474 0.012448491683955893 0.015525516181062545
0.263415410066815 0.5852884257487565 0.2689689573995128 0.2857440389405528 0.3741824219539888 0.5272271313167151 0.3656066447394592 0.28062084287232864 0.3581977768103145 0.36396584562246775 0.3376487342516362 0.04309996335943338 0.1824144505326071 0.1069449125914422 0.0264033636227809 0.043990508080090474 0.16227933547042273 0.27474071786818066 0.3431033962583699 0.42945153602117275 0.5003654144320615 0.32938247650807373 0.5027471828986771 0.01934135234087707 0.19778147930095058 0.083983894411731 0.27579754311908894 0.41399084964986965 0.16172052171979662 0.19745370944886695 0.17557919325102112 0.050616575563439195 0.1724220265707045 0.09700773725673852 0.06840498508312594 0.18353771235274402 0.12662896381573005 0.13900359701749823 0.21454041450828237 0.08505902182132352 0.1430064279906483 0.036838631177767055 0.09638335955856217 0.17439644025589068 0.014162811391984926 0.0138362092046402 0.16904784773100617 0.38917054253736194 0.18095524085605677 0.07937960652798866 0.35049976600259447 0.2164921129659057 0.37380334002893034 0.05336467019998964 0.0007504864424688416 0.07778918742472928 0.05856215044829857 0.017223112060420515 0.10462981938006792 0.1343429761198576 0.00828292073778323 0.07183434846989521 0.05796168254302774 0.12918680582109432 0.00871762085812517 0.2863339677267459 0.17447740526872713 0.15279806229864687 0.031701682562917215 0.10383240605415964 0.019020918664607006 0.0790840758051348 0.20311041286132284 0.10636230057301933 0.09612739528533026 0.12119359338418027 0.26557047943071765 0.00946024389392837 0.26987918719706283 0.010133627334459723 0.2660189504728271 0.0912705071266121 0.23290669654133425 0.15309214093660464 0.035692101844314046 0.1663078942123869 0.057887916157999215 0.03191047421677268 0.10814371832044294 0.05953900373709755 0.1301699267095045 0.0044456478320976265 0.12098811575881206 0.14764424238211984 0.24664375090691612 0.21184291521620555 0.18803920051564532 0.107362790901283 0.19357831935910905 0.24798046973179347 0.0563882397983062 0.2264925442429598 0.021546846126501932 0.16550008985028689 0.09355906514720107 0.0929214186268263 0.045868261486890716 0.11937768533899977 0.06255403766609184 0.09080571034667931 0.01416892509584931 0.06877009722050466 0.007694747101606324 0.1483772743590354 0.10179028371679755 0.08425733165776451 0.12042548540747759 0.07082042466454153 0.019765267324287527 0.047147209781627446 0.19221366031694645 0.06734493835152641 0.008212113804917334 0.02311488560078968 0.00010284826115142286 0.05116207997389175 0.10332479759454595 0.016751394699732344 0.04711195383294226 0.1114691810873295 0.16764192851277515 0.05594119919707227 0.04796451527365359 0.06406137207670486 0.022571241693089886 0.058996526268112914 0.2689330039677109 0.22556646240873965 0.34232464733676243 NaN 0.4323651500410687 0.10470539446563773 0.13979770522322157 0.09712084966291469 0.11370267662461826 0.02168480723846736 0.21795714413327796 0.05643167000362304 0.11762095595983485 0.20553955576118857 0.1387050331387966 0.1420554043760384 0.2364711684309025 0.10058934389354399 0.01652853792174158 0.5386647531043771 0.38519876044842344 0.26673198469526116 0.42369282548644216 0.1392719428119255 0.09983274578588079 0.1385002573540431 0.1332091788744747 0.07454127532727862 0.03756087999508052 0.018105217491228107 0.09078335300528124 0.14784624326526813 0.11349367759807132 0.3035127457338035 0.1624509690172595 0.13659188968552188 0.03263154970987603 0.10375363433760174 0.18361245009793126 0.030243362803621276 0.017043560186627234 0.021587076775424888 0.10655102941723277 0.055860028431450826 0.268957610631647 0.5235206060533265 0.19262228650082333 0.1817748814049241 0.2628309642298826 0.4532069897656251 0.29379305025496427 0.3453900783191259 0.43016256723111246 0.3349837275449198 0.26941393870021685 0.029769322506479835 0.17394044083713744 0.08607360302671081 0.036365364473864584 0.16503914199390035 0.09561399313062165 0.2639416494282581 0.35864344786848756 0.2558264600723956 0.5225091438652597 0.31376640183090837 0.49046459939827675 0.04365958654062998 0.2072214643289353 0.24846645195557734 0.21071554097934633 0.19210227296259463 0.16914433720116115 0.11967774320878902 0.1522237386495196 0.045581617427623046 0.029919724618810338 0.019493213343460734 0.0635168980756436 0.29873573617124705 0.1357056836456875 0.08827561625479569 0.12747095519220786 0.14937367868521584 0.06339883832912456 0.05237100131944028 0.09957573418869686 0.06864672674758031 0.03620102913240412 0.06562372036888457 0.1450416616294043 0.31208168353595334 0.09779823937859808 0.027803864517301647 0.32943296972849156 0.23368258327349703 0.37278610873879314 0.21378256920594782 0.1176936822599076 0.16523940153073424 0.07701112523954065 0.01722085657040794 0.17631171576159257 0.22879134763831802 0.06115461847101958 0.0643450508064361 0.09770044784576969 0.15142325395798936 0.0074727970693607365 0.08646605701536875 0.05708728757581601 0.0827587478396103 0.24656857783201513 0.23312357229140315 0.06536554674090092 0.003679117289869314 0.10940161635197881 0.1304683172289221 0.0669284787399372 0.21912862607010844 0.0901273189262186 0.09224091671150791 0.05779384541148411 0.08065764320753359 0.15396329368110562 0.12409335017478411 0.11112249089323684 0.19994746899406746 0.08340170032886977 0.09095892770166981 0.013173153110770733 0.01566932175789136 0.06534876333103153 0.17933719461235945 0.07116848778817186 0.011934776686766228 0.06553275353486289 0.0964063654998752 0.15500194684699933 0.1338626970955202 0.12180317636077628 0.12114661649261221 0.16008248732187494 0.15270300438204468 0.13114263593609765 0.18266437234558922 0.07606920717270356 0.07271576700694063 0.21262576044159384 0.10134631563420025 0.1276974822298893 0.1988644280634327 0.009301545232815166 0.03599450840308627 0.04995858283650097 0.008002756644986102 0.06963525916832206 0.08900011324538046 0.060256002213116014 0.09480327453128812 0.15259649196807887 0.10787522212839229 0.044614922789400956 0.01886550303378375 0.16725066951766523 0.01570063486430478 0.036437938182341534 0.16660331641693554 0.07133795001936562 0.00166840660582444 0.0027659673417351634 0.020373466919716993 0.03141029990696535 0.0661170206792165 0.0749862539232171 0.10838646149380884 0.01316298521651943 0.016455446724553086 0.05768889820127818 0.18592480054457672 0.06128207627162995 0.23474386731423877 0.23461007186510544 0.2367130893425272 0.18161212747168015 0.16778928538193594 0.020798508086590888 0.012559053450220134 0.08982015720696414 0.23719841930205005 0.18322558735188876 0.0459924315957835 0.09437057383628382 0.06288435094805485 0.0016401942684283065 0.009168764321501393 0.26965246808995574 0.12473287114470057 0.0068471008360224735 0.45539693014471566 0.32471283457657335 0.23895317001728328 0.2369938967971427 0.029633441077539992 0.015933808238625467 0.00043295760850645874 0.10687614330529464 0.022633435770153882 0.06421305058898956 0.045548758271446464 0.02659953246018816 0.043367410828251164 0.06410842974387716 0.19432959315976614 0.0106693956999111 0.11062972759526819 0.14353228078342972 0.12419471018765019 0.11990728157680555 0.09791929533659068 0.02477402830017177 0.05266669390092627 0.0015142932976488985 0.01858047650859416 0.08865127011041665 0.07279299102035373 0.03607464854453644 0.04364047675620552 0.04053655166035795 0.0024700656584498667 0.06742666855738232 0.038162622401310096 0.026119460753373965 0.028347011057435784 0.18899470671089766 0.0936181724967222 0.009330388703429126 0.11791342049874431 0.06427401074150955 0.03670158271885453 0.10694118063767229 0.04963462680573048 0.06033383757026674
0.08483889131135663 0.4443677595627094 0.24102829051902744 0.13492794696301888 0.16970071532279637 0.4276718317094326 0.3632415637510094 0.303279429461975 0.2977390101643617 0.09809140421128877 0.3314951322168471 0.17580486728320918 0.05185575000537996 0.02490014955041555 0.1220001399970924 0.11663774774994717 0.1752426113878904 0.369015180115368 0.26280207746699563 0.3565284269318907 0.4304359641112179 0.4179941411515307 0.49985314540989406 0.11772650671300962 0.14206708667556997 0.02169395082050039 0.23076133250616482 0.43109051556059436 0.19167591447806648 0.30757514931959845 0.2367188968979839 0.07897779982185915 0.07710371132244093 0.07528778590827864 0.015056701397427803 0.17191346321785242 0.09414567515608062 0.04908805117971545 0.16071885738829836 0.20407182806075594 0.14906361000916074 0.03634404068427588 0.02794624905513978 0.0887705925326574 0.00021849226134281036 0.01013113866331929 0.21652495841938757 0.32110969483649165 0.2055369961532332 0.013703051581471492 0.34281133952663817 0.24442892480966139 0.2797164734978085 0.11238646249465349 0.0863841848910075 0.0503059334551433 0.0849197321565262 0.036384988510316 0.09916138969338202 0.017188834607802756 0.04490944311071072 0.09114317066551851 0.13417554189936204 0.0690972232152962 0.01853919805253238 0.16413284108398105 0.19726684475231565 0.34317619083761436 0.2366425241575884 0.0983178149488269 0.1426543166052345 0.05827464108626984 0.23723542046887303 0.15215227480895036 0.06273193506984753 0.1838172750679035 0.16534914915411603 0.08730252939701372 0.26560037267721137 0.012680770541835825 0.3478091541027001 0.10958135921923744 0.1536781317494237 0.04351682303590649 0.06941895481406744 0.08720394301421244 0.10729407599726473 0.0255745363226782 0.12078325142650011 0.08102550702972479 0.07490013424932702 0.016531981516443254 0.10982215272948447 0.04411944267644757 0.1938250286534251 0.19587438879152444 0.08929339342438042 0.1846552295596183 0.14623565504870062 0.2119965933074733 0.09370242969164855 0.09157457032111313 0.08265279175231445 0.04868735300645959 0.044964977884932006 0.14521987479620144 0.016354357287413517 0.043815288866322945 0.06698802345447871 0.14322411175386562 0.06802887377638184 0.005053387144779553 0.010915413164109298 0.044935761449563426 0.09141003026470364 0.13618734390007473 0.1351257342204576 0.0037054125287334545 0.04990176381939989 0.02612161957906411 0.18688955898156678 0.0089931706601082 0.021039316757113083 0.007607235135246333 0.11056944938004645 0.10602720228986834 0.018030826706422833 0.14903065421723463 0.1684923790670257 0.09337928859802888 0.008467541644485859 0.21443114507841207 0.01774009042236558 0.03489761126196862 0.07308129233740246 0.10165239711712286 0.15223941430017154 0.312703935728239 0.3738706296413865 0.4323651500410687 NaN 0.09519129887949139 0.037252449364597796 0.05480014039615592 0.09168854401265411 0.03664873464495985 0.06915862285779027 0.11753888023059889 0.03416186623271521 0.3694894378685647 0.20776895495767722 0.11212651782933378 0.26171258265561537 0.16883410777774158 0.04843510623779248 0.4465268225074421 0.45462371859456996 0.2232785447023415 0.49344835276568155 0.24568980429510107 0.001112952976069004 0.17069088129354956 0.1338074848764274 0.0979450363477023 0.1468094070817565 0.053339302001928296 0.006875110843140812 0.09952588914992584 0.06539767684474002 0.24026691630754654 0.026298465606111047 0.08803014521073585 0.06819071311782855 0.014270761539281694 0.1530712996026713 0.1514232698257792 0.012370932321710364 0.02490025536831476 0.0030748886284543077 0.013118158583750317 0.05390273798367925 0.33590501450986776 0.18507075881238352 0.02241906405209487 0.055638201382063095 0.3114359261296704 0.2921757556930377 0.3195472059650566 0.35422931333202784 0.21741671392688852 0.21273643461891112 0.11683316260590411 0.002108951268578752 0.11073769989316179 0.21788786766366183 0.13312645809090545 0.11422661801486475 0.3635723689985896 0.19278455098843955 0.24446712172485624 0.3727099712427699 0.39258023780123613 0.42959230787786284 0.10939549725117108 0.13620451864074337 0.08526784436458451 0.16753448834582782 0.07567628419251657 0.15097434335392096 0.192580466347318 0.1514635480029156 0.02903929623294267 0.010599878333483038 0.050162314339519384 0.05276512656177824 0.20753140435455805 0.08051182328939156 0.051462285854540615 0.12258928828502504 0.2366523996096399 0.04845948693727899 0.017556891179435385 0.027104967128737126 0.011182807769043665 0.02698739766856382 0.018165632954672117 0.24980226489122145 0.1845853712048385 0.0836425400495449 0.00027321203319509874 0.30435202837653746 0.24798777239579406 0.3341999240186423 0.13960306529620092 0.12185653333240759 0.09774840676453166 0.053951874909950286 0.004447861421395524 0.04919229205468088 0.05313362418189494 0.02722551839666297 0.006472850164943363 0.03658832317327742 0.11381871506588244 0.0024614463523472876 0.006030035302180034 0.07940522132359319 0.1877788876802273 0.015476483284644028 0.029793621078456817 0.11210969553655874 0.163950798385842 0.20936978256886096 0.024371389646790812 0.0818243522617909 0.04901619734178553 0.07416876854024913 0.024209689022590995 0.0011382450117634337 0.02627488781379217 0.12351559046959489 0.01524393922821363 0.053676758565756114 0.043921083132293995 0.023570725181284405 0.03252258059420565 0.07639601415297428 0.03617618315254174 0.024247080360033518 0.13494720551708045 0.06160400243469519 0.02641207582901768 0.015101681449930491 0.04707821374210638 0.1275905704475999 0.08232407968854898 0.03945555039787451 0.04977623182253943 0.11375865262827578 0.16449259762918392 0.1235076855756192 0.13585506712449819 0.02141301797201403 0.04596465582727833 0.06793908697446793 0.07895498105752885 0.0789312755311422 0.10512945703271748 0.012214152397907043 0.012274925599914553 0.060880100017725036 0.10159865986096642 0.15010970947431318 0.009012194319889808 0.06361878518163105 0.09665626199503849 0.054998140506330645 0.10621314584529931 0.08566688413069883 0.02913474935006563 0.1869463922857881 0.06712618599683946 0.019353712573902244 0.09400958528860376 0.14644067065422106 0.06279209379753639 0.017674672650148493 0.12079598240013584 0.23354947995215802 0.02011275239606531 0.007862559020294597 0.05474902164933355 0.07316993764700948 0.024706903655719148 0.18453583754062272 0.15904275004579763 0.05189102615827383 0.26898058519031554 0.3074359739847358 0.24187491802802907 0.30033530100470146 0.20844194552819845 0.0988910109877827 0.1241144148811763 0.027818649671918546 0.12725091826225093 0.058870575428332024 0.21306819519729422 0.15125002028474333 0.17107938648708215 0.13824700004239487 0.09132647707510876 0.2712851641138695 0.155229945965081 0.10618747897152177 0.3116847607463958 0.28569750670938443 0.1947461248459966 0.28202664559225643 0.1546294240052044 0.05776015976029754 0.008238848155889518 0.23297945340839638 0.05964047929394805 0.01189829668418779 0.008949070938036752 0.02553010883413391 0.076448319484736 0.04392855781411342 0.22531633065671874 0.062231736930470856 0.033125063748394724 0.07993379969665236 0.02614255086841531 0.16015111565456874 0.021979721157403837 0.018178481902629877 0.05424904717589735 0.044228097801200184 0.02814630508026349 0.21891734384956862 0.03096575971880927 0.04677271497054899 0.014490697670112431 0.028846400675929754 0.0775196862311884 0.13794129735238067 0.07762632697676203 0.06652319065731305 0.025671002372039134 0.26606789574582534 0.011770447110425408 0.027575896940018677 0.15548501804203071 0.058472905421845425 0.10314417785683579 0.061128303688126356 0.06103277594630575 0.02588830293156291
0.19642986357604508 0.007134641661129505 0.1905826549829229 0.13942622529313833 0.08082631935979147 0.08445714239137952 0.05782028575911324 0.011253074644560055 0.04412395011796333 0.1687627301090932 0.03344353361864679 0.130320732060157 0.16326006305232332 0.12042389436436822 0.17544332125070133 0.13195679097975288 0.06484194344400072 0.07558877887023839 0.20605907409834676 0.06780731694811726 0.002097338700206479 0.1097700031952871 0.020731055182736987 0.10347028848796766 0.12645713693309957 0.0712579965331141 0.23577037529990494 0.14989437280783743 0.17077997523766672 0.008898427935818956 0.24430370615991776 0.025927515704620634 0.048953586661487754 0.046798014856037747 0.030097746468839694 0.0632783535590857 0.16983794883113745 0.1806176441453941 0.02449809450947094 0.0377211203921455 0.07277652659818683 0.08015366755640078 0.12292760687663319 0.17941632500351415 0.2002457397739611 0.1751713676457502 0.017729612829287204 0.08922942727925455 0.08215349119857965 0.028586936078215625 0.04364335559257621 0.06064085675635482 0.07541778809054411 0.06304442267475456 0.033773208709551486 0.05085512291669085 0.0998721561300031 0.06471259664326016 0.10734376729720063 0.1586979448660709 0.004391766173488609 0.06040014680482224 0.15155906642965297 0.0058239075274734925 0.020957618650194465 0.03600615878793104 0.11596883252096868 0.05333245994915872 0.03068335749440227 0.1336624334001924 0.12690890225681475 0.12614194602392934 0.06803658905622056 0.020809013773269297 0.10018601480676466 0.15484278214440503 0.07207494869879279 0.004353870795464105 0.012933107592917976 0.11828944570631052 0.015853612328599664 0.07873385199117489 0.010562153241691685 0.10255919975285846 0.1718384640073084 0.08516872920833546 0.03355237869589807 0.025343160057734317 0.07440517266507757 0.02739287996594445 0.06269916412452425 0.0853254358997293 0.03197807857263035 0.04909707074034938 0.021457615246534514 0.1752800724650935 0.07105599087178303 0.021389411217369387 0.12122796460105169 0.14072354155879932 0.05205026783383965 0.08569863009453423 0.05548484559028646 0.09427793241083418 0.10196332375751962 0.08402323912637048 0.029548922519784217 0.05867715741725302 0.02921137937774403 0.04054372591743643 0.010706594392464307 0.04506532118210676 0.011271533459457679 0.026273696507847236 0.01886214628893303 0.0931370866759458 0.028027027492028955 0.01127671277836906 0.05108528497134971 0.04384668876344433 0.1788753079655284 0.03822219118545161 0.06516891351986673 0.10108438418490903 0.058454559598438 0.07744724144077843 0.10145655528919378 0.009438216165020859 0.061998563018520934 0.01841658248128705 0.10876400237130243 0.10723815359319852 0.12902893289690875 0.009188755743769173 0.049964609272522206 0.022325107615486527 0.07108161991540805 0.057769889901012006 0.005899218743626982 0.10470539446563773 0.09519129887949139 NaN 0.3756937921002043 0.07257006285192734 0.056336145880897755 0.12942695265795875 0.10770790275898943 0.1596051017696504 0.06159269678537935 0.11200670012389577 0.016913464380673888 0.14902197416763074 0.19519158294481892 0.026026756703036336 0.05059977928279098 0.042738536801158744 0.021029533111169674 0.04957755504148835 0.09954697284754294 0.07001045789151576 0.10437881104112878 0.040510155068040524 0.01730988039472583 0.020308961441748364 0.060006488518076 0.013768185738479103 0.10173533818628445 0.0237627517682164 0.08217336713172987 0.07775877125072957 0.045624288266548366 0.03073285079330742 0.06132641914623137 0.17788644889572552 0.08480439084997395 0.07816374322024697 0.060909853196870416 0.11526575459249877 0.06307210346072888 0.11722080396837173 0.19091302344889907 0.03850693108990663 0.2023731013251959 0.12217765429945444 0.06578679664428173 0.10029834857090743 0.027100915714744128 0.10697562756444208 0.06984810878158344 0.12842273878843702 0.021604473925707586 0.08881247166249498 0.06374596917742692 0.12247698118342212 0.14800660064144286 0.11277811533456475 0.07149470182312373 0.09133973605260892 0.0905980097438038 0.005870400209048555 0.05722567757056847 0.06803383915255526 0.0009134011466863287 0.08524619879395232 0.10580309293585732 0.13089665340302978 0.18301692568753403 0.18421771450369978 0.16157779136971498 0.07770273456544757 0.18762944980232912 0.0005364627921845024 0.02589861222108362 0.11006615516263556 0.09802646793248128 0.08934512715901696 0.12337110634879236 0.15364918653307602 0.07234180265952835 0.004840717682644088 0.011714617959590504 0.06864954071084596 0.12314880782346405 0.14517536774844145 0.18933334121636056 0.17733820049877705 0.04710003801561466 0.13898119841622317 0.1557764685530276 0.04311125510304455 0.08446164561071996 0.014177893394850778 0.123107500990825 0.02741237126797816 0.030909412385467277 0.03729817257392579 0.022456074550577892 0.019754390837043535 0.1415830052714129 0.07079594832284193 0.0034844684297008614 0.10760471628058924 0.03711848175232614 0.04424878284128201 0.040154787646729105 0.04403836730830104 0.08769704034893697 0.054584827573058964 0.09576256835957693 0.1471426580023796 0.10270185635992495 0.0529872333273464 0.059206948576573104 0.03987201592967483 0.11948406997360614 0.16281577989126927 0.09542773454329331 0.050263125486931126 0.039506174248651965 0.037215788112490746 0.018661376991183646 0.04210136018851872 0.03413634201342054 0.08710339925241138 0.07288705229523901 0.08330548107897884 0.016017819208825352 0.00038652567355939124 0.026244095600647947 0.026309782808880893 0.028329043866194194 0.1089811146455082 0.013286275050310352 0.03542652819384081 0.01694035282811648 0.12878190278459875 0.04937140641305639 0.09209465290762486 0.12439799436288211 0.012636998859990381 0.059982462899462505 0.08198362180049033 0.04639434862390553 0.07151197422454648 0.10998499715046163 0.05013489491753252 0.10765307863382856 0.09952809893449482 0.06809719002576559 0.004783236844185945 0.028944256915311408 0.03737071986778682 0.030711613132744998 0.06615562426780398 0.056448513234658604 0.06720468644269091 0.07201779352799781 0.012866961295372306 0.02047684827662649 0.008113571656587772 0.1589770559484164 0.02816715018172534 0.04537985537559916 0.09500480447568352 0.10591968124650106 0.08738240460281199 0.10611598590578765 0.10427374437524296 0.004719102951237849 0.03158184360588188 0.11639712304434165 0.1307497740207817 0.01000396049685508 0.05913177004868327 0.07091581229757558 0.011736380646608658 0.14365763900378914 0.00639756875542034 0.010933908515635799 0.05424223329878211 0.0795338467412498 0.3125846164145431 0.2537568359008255 0.012319752171119741 0.0019395963016869586 0.19901274853777712 0.09421035711050392 0.08187111534911959 0.002321806051291409 0.11679738959008358 0.04762577269359269 0.0391127199346934 0.08826038712509088 0.026984114490711503 0.011009147653278569 0.010582151953162304 0.013246757986047665 0.04304267824937403 0.06682647217763467 0.09427306662579844 0.041226262204275714 0.08243379239989594 0.02946743116118976 0.09359812079545837 0.03653299385977867 0.030256519315912514 0.09785164280582523 0.03190770258688419 0.10562401409666629 0.05152622911340881 0.002982184376992484 0.044549521330373376 0.06365891554501091 0.10278182810193506 0.04982319195901024 0.060628582703154694 0.11271962330696819 0.01359429841844475 0.09021006734215624 0.07159657120055256 0.05739325112674434 0.052656768988394324 0.05608377530844488 0.03065614758918566 0.042113777213613174 0.026585724490142307 0.034862445146653 0.06570167146394754 0.059148873502942706 0.09353112233013725 0.040621232356244874 0.020453192744439238 0.05065145108729312 0.018336829378294763 0.05110753167605508 0.06860498500029757 0.08946970988109514 0.0030548771578665103 0.021255490347489202
0.1548495024552396 0.1574838352777407 0.03534286002662012 0.01639711652796405 0.02986034558420059 0.00544110366102699 0.02208802129185983 0.10519326431099776 0.0856140389168405 0.28440979903380487 0.044137165123705 0.19084037383287136 0.018695005026603533 0.19604247211454642 0.3803777360998025 0.027047020854362773 0.08107941805857916 0.18066657379429982 0.1253319490949013 0.00042663304475787025 0.009091115518974418 0.22239381634479682 0.18708474995551913 0.15508526295138833 0.18061574448563386 0.08166197142975083 0.3167085755998451 0.15481669428532718 0.25965491920034134 0.10853317660950103 0.2994176956318735 0.07286829752578732 0.11268509594414991 0.1645163377028197 0.021932678731409357 0.04342012254162545 0.18458496143866931 0.30425002916717375 0.05941905672574111 0.023619504413147852 0.030757045284679596 0.09256058068146165 0.09629480904704302 0.2834168200442221 0.44221024715495666 0.3503719003298972 0.1752406911262346 0.081088193768696 0.0855850869668269 0.11651432800878977 0.13283735601530025 0.17392881694181628 0.0009211692856303999 0.1540959442983699 0.030511813719916455 0.11123718453126302 0.12040590356518216 0.07127114241745076 0.10710862211502697 0.22866070015247866 0.041749243807092926 0.10355901805310876 0.18607000120039632 0.024997560529819312 0.12394825992240484 0.010228480683294338 0.22413561602576607 0.04730298329262318 0.12175840030603806 0.28087988505348266 0.185008218894221 0.21104134244655806 0.05674054168868647 0.009595646320417896 0.16465424488661798 0.2931893780101241 0.021890709551528876 0.1207087633009613 0.0683565022293779 0.006628304619263149 0.05201045377224095 0.23063949007271126 0.02929652141046848 0.18574340500388042 0.1870438507956838 0.10490902595413382 0.047664909206940206 0.027459895107835253 0.07785499250640504 0.057716212411917246 0.11258659358650648 0.11318302930406182 0.03577576667397375 0.08617764300000601 0.09741649807063685 0.25978603342214135 0.0836882069423802 0.0720517370349072 0.10498334010517138 0.08489417357450467 0.011702675903182807 0.14127015159938777 0.13436345449282866 0.12037499981157401 0.14071730299808033 0.003917230224830322 0.04762542927381885 0.10125605651582019 0.014330229148674397 0.046689340695817615 0.07503149767307744 0.03733824689600039 0.07628419778128795 0.02396283868051355 0.08516024389680277 0.1363598961983382 0.032525901772086516 0.03824855750136087 0.012370630638680675 0.08848644507216628 0.10751755972912821 0.021689324078418348 0.08726808484887111 0.04424887739327527 0.14643928354447663 0.07188454036841693 0.13609217186437475 0.09394801485820238 0.1733452473536612 0.025086630599377064 0.2071300446593698 0.3212844563488755 0.0830932133274209 0.0040497060744454465 0.05078801117134704 0.02476691100986129 0.09939606966697542 0.12430234294173335 0.07737028940635471 0.13979770522322157 0.037252449364597796 0.3756937921002043 NaN 0.09166310348082163 0.04831423151339942 0.3821438860085559 0.0766631122570064 0.42243498291829906 0.16391136067109352 0.1779642056537231 0.0923443141830804 0.049163882531092384 0.12779486841786858 0.016574811429116675 0.06329894975966455 0.201461020174248 0.19456248773393445 0.04977723872952202 0.0049327234636891626 0.006844546575038816 0.1652112338436517 0.019487732526576786 0.046233975087555966 0.07022698018118533 0.0776344711006817 0.11641431493017534 0.17695892658045936 0.0016624847679995937 0.15016776267072388 0.11329658654720198 0.056682719355750796 0.0427805966828565 0.0690988178693344 0.1583716909305824 0.06357400578857758 0.08429223729408843 0.12390084130247551 0.05914555303656855 0.13943283424629288 0.18974307750765443 0.15285368386813827 0.12458785578267854 0.05595375734058495 0.04819822511168587 0.02802802547158302 0.03599236895823927 0.08409169493221023 0.030796559521479853 0.01952791043514627 0.24646967105048334 0.0754748476720428 0.19820874297188923 0.0019146818385300524 0.20124512386532833 0.35780623058724387 0.1282306362451266 0.09713221180361527 0.17483026896678686 0.15889913136592532 0.04333460751534235 0.012120096244903048 0.12534947487856105 0.16643996329751284 0.1703334362092693 0.17334302193175127 0.22478279579563523 0.20237568106845882 0.30192636179896465 0.25706769697470677 0.1514333292435274 0.3016572474696516 0.08814370102136729 0.01724613275340204 0.20910259052415164 0.2157481853211712 0.0021174635325969075 0.2087947169262212 0.35494736678214495 0.07250163780343123 0.05818707064094351 0.022105833357488783 0.11599857003236941 0.1622133117293105 0.23380966097357614 0.42834875400230094 0.46919545652962313 0.17702022353575747 0.11667371334643561 0.09178071859483114 0.21869177853573596 0.09574101181519572 0.11138959885323 0.0036953848680023756 0.08448819066596398 0.019864802773885856 0.001342227923395068 0.03135528603767034 0.022803002682255023 0.22582831848484672 0.1957714425539412 0.03919961366636508 0.10011843583675736 0.07811522876557488 0.005737163127862736 0.06296040682853034 0.01479804174775726 0.304384208379912 0.04424060914407556 0.19203191502838424 0.2415840088959552 0.24668008155806834 0.17313779399551085 0.014987374149449267 0.15574509458494615 0.24206923514994186 0.32213444852399975 0.18721001727767184 0.12332431831537446 0.0992042357574874 0.07475771182472357 0.04822483720345024 0.1815402045913957 0.010245081068170228 0.2922730318334773 0.15323573438710145 0.13773603120880468 0.09473439590383496 0.060902049017337236 0.04377099755989375 0.0074756524531998094 0.038151574669366785 0.12840385654075445 0.046126660098135215 0.0011406418779360708 0.04761275583552686 0.2653374754567997 0.0836507437543049 0.14783325663443886 0.1524438337273913 0.03445150449100979 0.028564287357600932 0.10358602852851116 0.11198790802141621 0.11467138768703518 0.06534659516439512 0.04025537146271103 0.06718465985133208 0.06566326268047883 0.044735079467057626 0.0014796125695030146 0.05628815227584606 0.005678678118257901 0.052835466662092774 0.09965250735699892 0.020306807406304753 0.05659536471947299 0.13498817080004044 0.027339119216221428 0.018443116192692458 0.08998614874472063 0.10298638086432708 0.06709763252987347 0.054150510487319024 0.16697902632157366 0.1471985594821639 0.0658524459477792 0.26316141659759057 0.10542357815358537 0.180292857776013 0.18741410436674777 0.10513189232298618 0.2417828163694316 0.10589869084465608 0.08506766568652248 0.01598494159122596 0.03865364803919276 0.35564578266751773 0.023124419235063125 0.09234390101220202 0.03286512977396749 0.017411608390557474 0.38088168490705293 0.674629366307663 0.09587613756433395 0.02266068397976968 0.49005631722058013 0.08088228234630455 0.31703666832413563 0.013626212243581294 0.2537928114617276 0.04941520401521261 0.12073796217407422 0.02141552456121334 0.08250019630127968 0.0 0.13959345651670396 0.00889382332751126 0.04635780609971367 0.038498085238938565 0.017966053950917816 0.1691433935633378 0.1642805063986496 0.042840192706975005 0.10481284294070799 0.028581713391766184 0.015256455999236465 0.17000036926119286 0.005998103321759791 0.10666386046033455 0.07525568624321159 0.027397812464397243 0.010711455289479943 0.08492994290651616 0.1428172574359264 0.09516776037584777 0.12547801986757845 0.15599579209401948 0.061006384427495425 0.08963545689406513 0.12288406817659785 0.026119333757868582 0.15752243000432942 0.005868110636602185 0.12299611793693829 0.013775529026911109 0.09461716694822583 0.14345667581125604 0.03803122688059566 0.02553645719998714 0.10849931562189509 0.017670346504865684 0.110109860475305 0.04308926104138427 0.07986063801316255 0.008884881779887038 0.1700844844517543 0.10558569653321935 0.015402319728140714 0.07398322800395207
0.0599412940889458 0.06805316191550692 0.07594199792056021 0.011499610966507071 0.03478875296331111 0.011088082041612166 0.027289944949476713 0.10603793915762455 0.1927844131960993 0.10989969765361382 0.13092576306379933 0.13797360309088555 0.042230889271352594 0.15608834876665942 0.40979951639956785 0.044496878849449785 0.032773171849021204 0.006630741508410931 0.008102558607676369 0.09321735454411115 0.06546244995874018 0.01426249039993911 0.04306651580407687 0.04161111505251281 0.21407836927643858 0.04525596003707027 0.06490089935099004 0.05534845634073233 0.32885841035023483 0.04719112657964117 0.08554522800310865 0.020977290233751195 0.029100196835268557 0.006898418334704226 0.2688844127494733 0.04632850237839154 0.10186926297981974 0.10200094447840091 0.12620600766422244 0.14707926323917217 0.12435566907282909 0.05042258416617074 0.15890117550606123 0.11534644160183231 0.048159282547080205 0.05364634236305358 0.01741511754329518 0.0235986076593277 0.004817636022210594 0.170006219799713 0.11707476604361278 0.021070926267514674 0.18897155052490835 0.11724206493333782 0.09814421147528538 0.036023570967486596 0.04372237330823825 0.13340582397381212 0.058469643655334 0.16324678516013663 0.09494598998361604 0.3513303573504231 0.33726709898877894 0.14506580483320874 0.01623361644453276 0.10083616118647219 0.22978981961693187 0.08245990095356918 0.30107102449402073 0.09017366884473706 0.15311880304431025 0.19203685998099945 0.20604794476634564 0.1619284115954964 0.2735320423486423 0.19408567589973794 0.19434737214700817 0.48827233406794185 0.24985265350459923 0.39588106911050863 0.01040466530585615 0.04932973289562204 0.6470682010051976 0.23798720740697973 0.25970534324316824 0.08834240043359906 0.15109738085125474 0.08534692332457001 0.07170946843404395 0.14903202996471554 0.3090511571229958 0.03789701499939745 0.14249552258329914 0.04127924826875249 0.32268198846707585 0.11696363152934919 0.5853446710317305 0.017256357268347743 0.11958016117449681 0.12290239178132023 0.10534821318834116 0.10862781255725376 0.04918067558082254 0.08035533736325744 0.10063215648478137 0.1264036631987501 0.008132216212182191 0.24034609913329508 0.07912880188329852 0.07093688735893648 0.2887702456497284 0.029836647217653518 0.10480135860672365 0.0627055270942284 0.06903948809086492 0.012219463050979582 0.2997211400972022 0.07261614223172896 0.04241396267845529 0.029169201175929905 0.04229832236842687 0.033205894776990694 0.11374008589785048 0.03585544259062351 0.06106449894916978 0.05232502125317451 0.035856635766998504 0.15040179160961897 0.13832549482498022 0.22405182254692213 0.20188205025489322 0.171173138152756 0.46541859251094514 0.034233174168762794 0.12873791641047796 0.017588074117267514 0.22523363750084724 0.14080550422953403 0.014712964821626892 0.09712084966291469 0.05480014039615592 0.07257006285192734 0.09166310348082163 NaN 0.5891905831197753 0.2161085707187429 0.0978045414493069 0.26222422424334013 0.5984752452666864 0.06724761317057994 0.20549889096566432 0.004462276114354778 0.03618938330168209 0.04473784165786005 0.03960606195663902 0.03322009165620965 0.004879077259566387 0.08014614059941264 0.018104838193385923 0.04649905489081429 0.150059748191619 0.17504350996486537 0.021763752300842064 0.10543759672040376 0.058653602795827216 0.05437402886297128 0.08755237799361743 0.02341509258462622 0.2785483468539112 0.24004685574741896 0.1809065185342782 0.08074937683470898 0.059105523606591485 0.0677997994831846 0.05779909596463015 0.09412880859500154 0.3880424491116962 0.02911055721319966 0.2123742907351773 0.1346534705147868 0.08864088359360547 0.14188629190301322 0.10693441520203002 0.018312743171963294 0.04380313292619473 0.061308031979456244 0.05796567536216628 0.21360691796865702 0.21241657372178788 0.11993786124139658 0.12394105530804977 0.07028776743557535 0.061724864119258684 0.1360357859185297 0.2747489929004019 0.035596313239810884 0.02240942480882981 0.00018835097331318466 0.03993523884077241 0.03937236462052537 0.14963259973693419 0.04556749466066376 0.15164697778581487 0.05033169738879388 0.06526739783374137 0.13264872450340576 0.013629506634711913 0.10360755311048526 0.22320573589904003 0.08674768707793164 0.00879043129159388 0.06730346450871466 0.03599723893464043 0.005179100045180381 0.08349762940528313 0.07639629066121484 0.1125501369043893 0.040940524659228296 0.1489990339862244 0.10782187009289224 0.16125301539255973 0.08039510715498281 0.10618568056334474 0.0348489131288314 0.015035690890323713 0.029556721066643886 0.03385704304392382 0.05590062395395699 0.08799055693465584 0.18311744776949102 0.1883673602975478 0.13017321092435163 0.19089687503680858 0.14318143592964877 0.14331521701695757 0.07337373670907717 0.005797300814988727 0.010050965363460979 0.08516159736653296 0.1058677214924172 0.020824296301210795 0.065588622117638 0.16346717524079024 0.01503218600940612 0.03062858422275759 0.07882685926480773 0.02293373991524548 0.17106900553737048 0.17067215536339167 0.157058743990918 0.15303292947372366 0.15397995022865765 0.1531619244560648 0.04485266659761902 0.2285604689667058 0.18439718294650134 0.05318562456781245 0.24997699658323513 0.0738698347054171 0.13577229507796806 0.017137038177068627 0.039921305859448634 0.34935716507086473 0.1816371395482453 0.22679022088671943 0.12950612673987758 0.1074464980176836 0.15470161846313107 0.1056419846055514 0.050637734202574475 0.039406909405770636 0.10620744593720331 0.025193675037014352 0.0955744631607834 0.15218875503123036 0.10820642354814224 0.26519814046301804 0.026359296788244273 0.19260410887583532 0.10034858811872024 0.11323157955434912 0.12228599476270276 0.12462767512269647 0.1093630125958357 0.14921951734959885 0.01536665272247118 0.06246690779613767 0.15646960766322307 0.024846358679426417 0.031416832951672295 0.13969769969741594 0.08707131522847267 0.17849828120851471 0.07624654925591108 0.07300355768987889 0.0329909494842602 0.18230224537892192 0.04622195503176622 0.06610969281467206 0.03439940522888724 0.04309914863548049 0.022346410985690377 0.029714206719259843 0.1515256985498952 0.11781089250323577 0.003003162352567223 0.030302222148898862 0.19459604099843258 0.16501582688473862 0.10755979043478774 0.12933076293722578 0.1560353742575795 0.10590813271645586 0.053405786286658534 0.08918067071910038 0.0010357850126959263 0.05876848402772827 0.09534560344492003 0.02541006323373318 0.01662577324374269 0.08659893370153018 0.021353654548946194 0.03957722221845384 0.5026225141396583 0.37817331772700397 0.23211812701812065 0.12734976839769976 0.09636450406151557 0.33180574526739026 0.2525790905695375 0.12404110119624649 0.04039956955566288 0.01751292496689895 0.0701668905170337 0.1174501225096191 0.15401902928267494 0.035114576312489584 0.03882592433369033 0.09248396665695587 0.030778098130823 0.13439638205362237 0.12451750767640532 0.011651257484494719 0.04485618708847751 0.1376912878048394 0.018524958780645775 0.08930833209032008 0.07257661597766514 0.11794116985172891 0.010508550392716887 0.0892888669699537 0.14719010643786656 0.13187550216107302 0.04773819509518656 0.031434225380281865 0.1762713754530918 0.06493521453258493 0.012362844580097473 0.15961748980127874 0.11857582580090333 0.0015734787123986276 0.0783816831329106 0.03506823672972648 0.04329748424202052 0.01755865747815972 0.03979493836413574 0.07253569011557198 0.01596743377188656 0.04505298167359912 0.0015198898246827446 0.08865407511596245 0.09495805182219964 0.009173600744273189 0.06967580972476684 0.044596300016805465 0.0709255146352837 0.07331550281085301 0.01498448021562704 0.058885185391801535
0.01984245633355668 0.003285561077859815 0.09279620109070018 0.03219471433456944 0.07832791587362695 0.01944359089759342 0.012671781039918208 0.21482654175188745 0.21139170212892702 0.08948334032328989 0.1890356792898564 0.04510567816752375 0.09373515895087087 0.20280971341894485 0.3546961037515933 0.03274751636206453 0.011420348374402188 0.05027212226853087 0.06134805780633337 0.10124186751069221 0.10187294113410929 0.12458757184992632 0.007208964403872371 0.08482603381457685 0.01599839276022162 0.09050381719143719 0.029500016610387706 0.058093591516269284 0.3571686489910572 0.1637071296376845 0.21262722549129437 0.025769958673854697 0.2227357982389846 0.25655737603624074 0.3709376870346639 0.07660193536057569 0.043498692444441794 0.004896975497598901 0.10766653513042852 0.16178139332539254 0.05282227836327244 0.08164491623896637 0.001809326713789152 0.03161036743923586 0.05473949250850999 0.06391622227117659 0.1056244734185518 0.1359097784240986 0.06360978367515344 0.2025321406598222 0.17357205452196015 0.1010472527926905 0.1912114878777998 0.17477588344650608 0.10272628484956661 0.03649046327192169 0.009114492042817869 0.09892463322620786 0.020272678554616147 0.05582574201470134 0.005121216703569676 0.17935065240838377 0.2198732834784415 0.05146148912304341 0.02134908765907828 0.2046778546571869 0.33338605921901077 0.200083337679339 0.23185184474015685 0.002400076459290631 0.05094109376637438 0.19229800976553416 0.5293965769054064 0.08576494070704109 0.15020810353955588 0.06569664734787732 0.3283563874574401 0.25637372769574757 0.4163021401194894 0.5197336222903374 0.2798311168367293 0.051030017308451144 0.5679757692608964 0.026178881599217038 0.02490135159103854 0.11788012594270687 0.1087180533674202 0.08802339164010481 0.14529692100241035 0.03840066708069632 0.14091876720095045 0.09168050460267271 0.08001378627154515 0.12289233376421889 0.4298300120896898 0.11140857401837766 0.5360196063047237 0.04400440350232327 0.04316059473572877 0.09586876433174414 0.1712653004726992 0.10592253619878823 0.09960389558127629 0.06731604401894911 0.11830154343149353 0.05477042055324947 0.029416725787690903 0.01972903005754952 0.040525594971182216 0.0728699807067756 0.13873076032341183 0.005793724753914115 0.06009374846907577 0.02022368158882027 0.042540865407749796 0.06498230130185177 0.28876345618439053 0.003888988037187469 0.05716239232551663 0.0036317066042182303 0.012016065931079699 0.00889705058849763 0.0955349044372323 0.0014087935200151967 0.0352653607975828 0.01662594636595017 0.02546613787416716 0.10929270635969765 0.05338367469722001 0.26702984569764515 0.1431662693159302 0.004052255559838394 0.6636224001637206 0.0649895745243661 0.09001467805338109 0.01391551846786698 0.3071130704947383 0.15974561319358047 0.016488451786195485 0.11370267662461826 0.09168854401265411 0.056336145880897755 0.04831423151339942 0.5891905831197753 NaN 0.2727783131013397 0.03191285981927822 0.006678428395647388 0.4252527582765263 0.28403494721631 0.5417552626188741 0.006653304734892727 0.00023434449942514313 0.0309067890590166 0.0035669816386217548 0.01787138007518179 0.046698388894547915 0.03897821891954881 0.056446391559841796 0.038347498799676506 0.2605778868517715 0.2117613256697067 0.025840719478455832 0.019617696770302635 0.021565483204921663 0.02305953906472638 0.0044814273324458665 0.009135640730998838 0.1063441410026717 0.3831137490979439 0.11394602604509521 0.015277741544714715 0.04049978229210839 0.011944892421799204 0.12405164044187557 0.04155261797712675 0.3684351650127069 0.011770859979526503 0.03471261522876651 0.014739050860050939 0.0016042531894636693 0.11871235146440738 0.09525480443271517 0.04711996002801891 0.04089315264334601 0.0015397919005458748 0.044472515212868664 0.19226985395752128 0.23666446899367924 0.03744324650889126 0.19265233479297997 0.010352870218301353 0.009136927051910403 0.10592986261848489 0.18158492893252706 0.0517344395416459 0.0027935943877822546 0.10597883023097979 0.058023472631931125 0.013363558151732832 0.060110927165938896 0.10497533777978645 0.1101450831022301 0.019520481744752738 0.11925057929485497 0.19897362079084288 0.04156065875266672 0.003494485836929179 0.27454340213292977 0.10811490262278833 0.14592515626447006 0.05493282203318236 0.17104585088381624 0.12609679392036868 0.0706980832073472 0.09919504908377545 0.08749004520195441 0.02342819915010472 0.06374805486014631 0.14754592086233762 0.10584502192929658 0.13120735057354746 0.025449115058828506 0.016189100897368122 0.052135193737063365 0.0854482920395237 0.11161994067467901 0.05650271291060207 0.048090969404263585 0.1842082829001877 0.24474306538503196 0.1523880633159565 0.20561512224834078 0.17559000725695736 0.13348601668912274 0.14037860931887067 0.04643433091648169 0.06517606591925794 0.016429848300702512 0.04155451117176322 0.05662421479776654 0.03734814831218344 0.019489739085236327 0.0569565998322377 0.011166282072557716 0.0025341167492483785 0.07665463070354857 0.030861496113540828 0.24492503893571463 0.243335423853447 0.06074146929386591 0.018345283564187402 0.2934659663805534 0.06500868487762988 0.16581458385584055 0.21689517080547385 0.15353084284011467 0.15516197483122904 0.19457113785127889 0.21910436345884574 0.12815653885100803 0.07163279923240005 0.38209738034297225 0.07455879736717527 0.03947187773009195 0.050135271753201135 0.013445766741137352 0.18906800312581482 0.13645435542183335 0.16891380969749878 0.09497666996143975 0.04011141103259935 0.026178070320125642 0.1433627127744515 0.2462366593803439 0.0816534046858006 0.33212462596701714 0.034523051486825454 0.09717559559034035 0.0689650649406643 0.09791114620760226 0.08962525802238692 0.07888238868380781 0.08965795069223961 0.1334566475918343 0.039142404645227405 0.044915119600269074 0.07254829470697975 0.14969229389418257 0.040490195757768424 0.03603204501714807 0.07312039941755112 0.1619855046627881 0.0012357237994998983 0.05605944712950479 0.08367686475756224 0.2101981816725001 0.04206641432863283 0.0006377454726455776 0.014738445412110605 0.0017537639824454616 0.020817074412732086 0.03603488833654822 0.16560616517097912 0.023690696133147178 0.005563661008179358 0.053551797190708836 0.07607663514175121 0.09557835972270008 0.07475169981328685 0.09558756349329699 0.10021954615147284 0.35110068266522343 0.008767538773489809 0.043097667607871974 0.10345680678234623 0.060606870108240195 0.2263174770926719 0.013077604368985859 0.022425923711665238 0.11069249423417056 0.026696967555225055 0.04986630772891431 0.4678946675287875 0.602044135414207 0.29460489259076594 0.04971909004709144 0.05219883303063168 0.19009328675842618 0.1126252490606521 0.1795451196171223 0.007869386066211861 0.07323094390915802 0.12535398309897844 0.07213726325496643 0.03637495369392717 0.07314492808728353 0.05131764400577221 0.11616422629001104 0.004706391856810565 0.05666763663731355 0.18296419105006956 0.04306918550511765 0.001984453366507041 0.14824349144301624 0.030170277555007632 0.008733382946038006 0.030639850106446757 0.09267787643076578 0.20402867033793842 0.05482477308116798 0.1363007611534469 0.09023959732157182 0.017754909579798736 0.09683733016384635 0.11817804584816462 0.022047581400677443 0.03726409564496449 0.03419123839551067 0.052640611786099516 0.09115132583912003 0.006875289563469781 0.06914393346993127 0.026754092017315146 0.019762981409720607 0.007955352790330593 0.02643407941190997 0.06369571031092107 0.05728790920124494 0.0026833689113989665 0.0033586151951754063 0.1055945428668681 0.03494706889566103 0.0920264584603465 0.02971077092153536 0.002706999153394972 0.02757056770314553 0.03217737647799601 0.07246319961645423
0.08393878133574219 0.08328419880994273 0.06937622862882771 0.16909702396985898 0.184506490102037 0.03996040358034392 0.015400271637222209 0.03747285248599756 0.019905488644399606 0.004100984440798792 0.1703881738235363 0.019061787832159966 0.154901672433202 0.05308689824363676 0.1763882819472813 0.025309460016652744 0.18858332758382423 0.012971995228887038 0.04672331169051407 0.06508851808098028 0.010125313532102881 0.004962225253739457 0.009755919046615883 0.0566038004056121 0.15484980647641683 0.05099328161305563 0.12047842748531654 0.048667993551530786 0.2557545112951939 0.016352493930349144 0.2460232321403121 0.12791889702898768 0.019237156982823557 0.09332261345927353 0.013809034719266013 0.03096603711819634 0.012330799704242154 0.027996838556434665 0.07834775681174315 0.07400290480841344 0.005753252417602845 0.006136743442039037 0.08706657775436326 0.041887297172993436 0.1864706524702876 0.24692102087108697 0.038807774685741134 0.06130649971550731 0.0642328844299935 0.29809859471246436 0.027651906286765126 0.0329675018359144 0.0016445139076750731 0.03930627108531605 0.05495943657488817 0.042244829895819666 0.038685611174072904 0.06979676426306107 0.0031408465305019233 0.011941721926092844 0.016444084992227742 0.0980161302214062 0.1956718704766117 0.024686716542676852 0.07492345661899487 0.04787452843935061 0.08809566138548879 0.0935547189804385 0.01826425220246518 0.030984472190876394 0.05160632771346063 0.0871557502308504 0.08255835302636598 0.05286414165323609 0.04000192881687749 0.14612380342033238 0.04677895485483776 0.14625268670014427 0.11195922164627 0.20585215105612786 0.15704728628618075 0.04579846799304892 0.13893903242868602 0.05921688418985395 0.05290397168117646 0.013391055809570462 0.03009655223384389 0.01728817916964664 0.05097893431239195 0.042312769741030216 0.07522303134775683 0.0726423296743043 0.04560956138191372 0.010310977233123029 0.23637663753950122 0.19763906329093456 0.1424241353471728 0.10750384314840732 0.026753609417061685 0.09356354866651263 0.07795095783280835 0.07769282583079506 0.006267206645814345 0.060778631112080934 0.02636433850788039 0.0044493730775267745 0.007506571371920118 0.0518083827481233 0.017787348917885214 0.004002948706970119 0.12152840821098122 0.013222697226066126 0.03059038744750951 0.037288387577192716 0.001948330417926639 0.04972699857897286 0.21763719239012422 0.0117557456049642 0.033916793519482485 0.0791136932452047 0.022453248017277466 0.05062782264065602 0.01131370323767699 0.016815326605163505 0.0021315054850984407 0.05330068369476886 0.12503357013216373 0.0325586820486286 0.0108501107352404 0.009412796608129156 0.06298357346777099 0.14078294429394594 0.11802745308809935 0.005131301495631958 0.008553982298714511 0.11850510473559255 0.12582662476503284 0.12941500813962303 0.024361464695722035 0.02168480723846736 0.03664873464495985 0.12942695265795875 0.3821438860085559 0.2161085707187429 0.2727783131013397 NaN 0.02447517335488849 0.12862567797867322 0.10529311839089259 0.006471545062857809 0.1006279312346933 0.04808010014764228 0.05678642341674638 0.029817542059051304 0.06753201059307706 0.049023629747132286 0.034847914213849064 0.06536899989229596 0.006177795117692154 0.04872662077373331 0.041689121635952814 0.026551695363584756 0.0966386025044417 0.07649089319449094 0.03184415478889988 0.037627764096528425 0.03148724743260971 0.06849491072738088 0.10502954301808824 0.05834659091991565 0.07197410443179666 0.051282191536973054 0.07833501772886978 0.05781795263521886 0.059596843335185876 0.008228800854262499 0.02250759789275158 0.036224516265246226 0.0042968213552255574 0.038845715408572415 0.08688993005591712 0.09930730403437406 0.08413506270388113 0.1662573765554201 0.18143583960563917 0.018404787327315476 0.016275047239035487 0.04300117910288536 0.022820004662847372 0.05203423811473128 0.06892967795009072 0.007689906434936408 0.23649360749755885 0.01568083796237499 0.1176399213232659 0.028318559498400116 0.14427070191126595 0.004535713773798583 0.019764129750945023 0.007163572039287276 0.029593174883997354 0.03933482781821244 0.09625511060640621 0.04517161834213766 0.005267577150917506 0.022722329204335465 0.006594756895639618 0.08802862212018976 0.1954125893676262 0.07735449971485564 0.12130430910630892 0.03992941151240029 0.03155988733682542 0.11000650716255139 0.12955993895028445 0.02452870698587362 0.005301684590757178 0.03412536710450025 0.05490607629380097 0.04186129519751481 0.03255838214922757 0.06578321574725098 0.10187657859236038 0.041204171205705485 0.16325317314298554 0.22942987295881562 0.018201666251362023 0.005863950465339341 0.08064958758536869 0.2068251000037874 0.0474420817368243 0.06759419872297445 0.009559546973125607 0.0029820834835864096 0.04838516560815521 0.02285862237809751 0.05714064175243597 0.0160011950984333 0.03449581445370318 0.0017536558950633889 0.02514360390686605 0.019125656724734753 0.04444207003810265 0.018967780973873187 0.008620840534223162 0.0560138698640382 0.1380256924978446 0.002819943098726212 0.0014696655011010428 0.013355419249503259 0.05759405566884605 0.0015330218956480439 0.11063623877133849 0.015864643650773058 0.055958803791203944 0.08930637029014231 0.0734443092180899 0.09840008742245504 0.032391574862123705 0.12297599941663066 0.051635027435431094 0.06017962418473769 0.09729679244049419 0.06151410390904696 0.02595795856085686 0.007944581976277166 0.06558036950890032 0.1073713005795313 0.018992465923436362 0.08085685462031342 0.03406129221064518 0.029697079285947295 0.04709904378521507 0.05964417334340522 0.08763893444835234 0.15069082677289894 0.1128295365228355 0.03257451902938755 0.051924016431353706 0.04461660772717588 0.019353727081529815 0.03086527842357289 0.01227475606268477 0.04786964538244093 0.01968003380173287 0.03972523942857433 0.08501055406659258 0.0021726032956042884 0.022771069148881055 0.013389102254966945 0.09090531162105385 0.002849188337422074 0.0504650615081825 0.044354300354184334 0.02473245289528867 0.010666585886592549 0.08689203902184345 0.03833684180241412 0.041841750172310274 0.007214622087153152 0.0008761183072069495 0.0009679072148656858 0.021381335307896137 0.05122693598206188 0.057144326061196564 0.012499035939775924 0.1818344340535775 0.04515807655804002 0.011802691495171203 0.0688799970612076 0.0012581171999886606 0.06433923001172337 0.008521156648222861 0.006607323088591193 0.052989428006820494 0.055894124567831396 0.12995211955671845 0.14057293598717316 0.011640297797196693 0.05074659809024771 0.12452261641417244 0.1493255475890112 0.22511479560037348 0.10222287294288272 0.1867081703633883 0.3934010083732966 0.0065168324819306934 0.04238571338027874 0.018301797911035422 0.02247514440602101 0.007217617281207445 0.0530498492827086 0.029707087376079206 0.055135410693649765 0.10590866885430608 0.05828993358273958 0.05655691076004442 0.07598218867367078 0.006494240454733961 0.057180843092876806 0.12836187754285813 0.0724996572849821 0.04302297459445219 0.000785804176970383 0.03696051784932114 0.056726423115121064 0.020786316076904246 0.00980628553825854 0.03306749716878092 0.06978555939904035 0.056379401803460405 0.03929192829530463 0.017541474730600533 0.03171322939130153 0.014729537828501824 0.006118103508557188 0.08018894012809909 0.009572926101238631 0.05902108997930747 0.0009894060833390906 0.112670996776174 0.08138728181045023 0.05390402016757261 0.026459830983836533 0.047153610504191854 0.029960207796733234 0.007459234766601142 0.03023316895838025 0.06825478582412972 0.015759521929133765 0.10311470243513089 0.04716175773805883 0.02427277530543555 0.03235622269293609 0.031048188578391204 0.04517511524365428 0.027584055617490937 0.045655037982871426 0.03470460544163555
0.16026568599284088 0.19571558212263027 0.1208479472638804 0.1645933455263274 0.1459287600792796 0.1721555564347833 0.10346723121832302 0.04004209783384109 0.1855539077865012 0.26880646521384477 0.0683839683652814 0.08941858971815048 0.15852484738373007 0.09842532553169789 0.0960436506738482 0.079351723089111 0.03740910095337669 0.03519169796439794 0.15567157320592714 0.06743403294553867 0.15413983676717408 0.01896928882964966 0.1224529876132361 0.15215427492478256 0.06609160821391662 0.16549274448593687 0.1619310851619665 0.07215239270133501 0.167171644006176 0.03875111698709934 0.04141836135916788 0.026535334991748215 0.1250240385709897 0.08361461256886862 0.016282803978110105 0.0075919578260676855 0.23413241447341582 0.11527617580173943 0.18066519974951462 0.04570800540664454 0.17901559896061367 0.20221436289812458 0.20177100311635876 0.09305326966266868 0.10518738686087521 0.07392063661477005 0.07966937943260934 0.08117656638353146 0.06272488946567492 0.03547285749873147 0.06221905554953715 0.12779403608554138 0.17821200382860275 0.033584370531966466 0.06543575643603966 0.13165489235825828 0.051941887904176545 0.005604217444676071 0.14868308667628077 0.1744529140944343 0.016602084638951818 0.049859413862070476 0.06551183072299435 0.03529612759741586 0.03153816464257139 0.11573637479818079 0.013886651878542041 0.03143822985500144 0.1157851671601973 0.1975645021975763 0.17522790776983588 0.19260900646543555 0.0480863984343189 0.017470826322670597 0.17783825744425366 0.10975065383914412 0.09668685731100916 0.07948970449958334 0.0261454776332251 0.13753814261626798 0.10766538771583022 0.0885442251983924 0.08632915141274482 0.11944612422713209 0.13844615377069366 0.0365280138217174 0.03333510972415973 0.03631967042001057 0.02581494081655721 0.016218189498992706 0.026801196370242752 0.02778771071336534 0.028514873410732524 0.10625521498209822 0.02773155168382566 0.15958955035143407 0.11052743555409097 0.09712045415628866 0.2810965185221192 0.2806833343231903 0.18019925356069788 0.23346460289138612 0.13535264220973758 0.2899983627675147 0.2515946824934032 0.1808210012999175 0.11652832820667136 0.15507003547878975 0.02847689059383859 0.03677470390637313 0.07441055154348963 0.02321345451248084 0.0874427111032582 0.10553868798208793 0.06751911405095964 0.09018913188504654 0.11120866722578607 0.05587337888992816 0.017785826546301568 0.06792125156282021 0.10812340998560126 0.015876727170271547 0.024347496784050703 0.1747294251605925 0.08625999521504595 0.007704567694523593 0.0061247224957517565 0.0279349097715303 0.09223238872639081 0.03774118870003027 0.12209864680192949 0.043133725620004455 0.007142875720212093 0.07901587231807843 0.028742267558095565 0.04331638850583146 0.08647210617063955 0.08266169094995922 0.011310864921280644 0.21795714413327796 0.06915862285779027 0.10770790275898943 0.0766631122570064 0.0978045414493069 0.03191285981927822 0.02447517335488849 NaN 0.2181226812907759 0.0031037956488999506 0.0683445880415218 0.026946758222921238 0.036172934619540666 0.14517188175947024 0.0054987227629264565 0.04449158373029725 0.1596112053415751 0.08120172291340308 0.02049563433455677 0.08016418618040788 0.08209143623330434 0.017987034364907166 0.01711451727456159 0.021163748871044424 0.03306070847079212 0.05880889677959739 0.019939594220369176 0.09800552043045081 0.21039814726033806 0.11177104593533475 0.12524164464305415 0.06435263107148348 0.06431064169831956 0.12218736399482732 0.22643403350818897 0.17549485853890226 0.04827968953150487 0.041351452588980514 0.11710078266538874 0.06187772256987262 0.05162261872249321 0.16271132340432015 0.19216020173938803 0.10422859104116465 0.12057224710036543 0.1372050566471397 0.12916369060881233 0.10041141896969857 0.20053834040690502 0.17107582532004845 0.12768211715714634 0.10703368720534498 0.0788905578069425 0.07888575288543115 0.1409748020809525 0.08515547495732048 0.0697143417223999 0.08604521558889944 0.07289059392592662 0.08289964372650221 0.0007040513070939007 0.09319948343094105 0.012225396339678752 0.19059023533936878 0.1583711929151854 0.13786545415233353 0.1906304038759851 0.10036730357241305 0.10762899586160063 0.14634991237017242 0.031068464983398242 0.1709438226372432 0.031276835794482385 0.041552866021631295 0.03968987924224386 0.023507370175108903 0.15286426811821924 0.10766475008676672 0.13295233369027698 0.12353163047664084 0.06067104738994971 0.13082789808523443 0.22974815088574563 0.1495473345662654 0.08535842465762007 0.15764279572936019 0.07437642164199118 0.00026418135045003964 0.13922402871645048 0.04042544067404602 0.04733501832488028 0.11340313156429722 0.137738620655483 0.23145184734372964 0.03944673453607598 0.10012781376842027 0.13930596329470785 0.06734786119437927 0.024945669538861945 0.10801308077730827 0.09229539221413642 0.03841752303690363 0.0716759929654962 0.021474102060761138 0.0655053026710601 0.058362233552066385 0.08812583225602559 0.04616434189125908 0.036081956657736586 0.22312273444839775 0.16608118649796094 0.13324297795637885 0.07136081842868866 0.02529237829792708 0.04154661627507982 0.14895085670844085 0.14454743127467679 0.050548037934724545 0.11133474293605458 0.04358526702350913 0.07941183899802542 0.050897231530674346 0.036654844868963296 0.0498340449054739 0.1716009364897728 0.09171643238717186 0.021729777532616894 0.029361821766748175 0.06817114926557692 0.06163437393761894 0.1394563238015137 0.0429824131324776 0.07179164559419195 0.00535108392108105 0.08181571147422542 0.09267070187557191 0.09496199216218015 0.026017477875765305 0.08608340423203963 0.23098797502893603 0.2039917209654019 0.18927210145827275 0.23281169538689653 0.09820233190936599 0.17935827595016235 0.3232081613227004 0.15540894012685402 0.08536770226689466 0.11346969454499917 0.019252028898281533 0.007868918155056925 0.0805130680354981 0.02158132172238564 0.10832760702853175 0.1728402692819015 0.07165670082864958 0.06777764016238899 0.11158592203022484 0.0497104100451861 0.04851501798224691 0.049492951499766916 0.10669997633895326 0.0350317741741995 0.018086210251602144 0.19529221247243722 0.04301241299558281 0.0337748756187112 0.026348042675116312 0.058990129064927545 0.11209059119450689 0.11480296037747342 0.07998920899321836 0.08427959770296457 0.015632870294028604 0.05217666395195163 0.041102169665027645 0.051396088679916165 0.1581972139646419 0.07790866472196187 0.05572526836517268 0.043594739060244365 0.003360768528171898 0.06946394303903142 0.03046474332769433 0.001127875065678494 0.029603952804886965 0.11720914978407615 0.3933276563858582 0.09297308408452926 0.07132033491245439 0.18518549712824775 0.03677040819931904 0.016544847633058055 0.06018224804405734 0.09306081491403163 0.0052154875584565245 0.13297159969836367 0.0737218224888811 0.02757798077456314 0.002556171410585718 0.009429066750889174 0.03967361240749974 0.057808305587202805 0.021779605559358827 0.029301639898722604 0.0914142474070236 0.11305383495154711 0.16891971645420567 0.09866877065687481 0.11143076949501318 0.06493024616945016 0.025940963676697064 0.15549917931250815 0.0967304131225717 0.21292855777073577 0.04769226340507439 0.11798592178483612 0.12231014347347298 0.07051012085081336 0.045791732334916395 0.05758165727913475 0.041153570403606406 0.14217581694900994 0.00444351953459244 0.08943442433990051 0.0008320429283119013 0.00325396551794239 0.10170249845800008 0.014883204175066148 0.014004794746270132 0.04146751864596642 0.0667397239318225 0.07362325738603702 0.00895530717522238 0.018782298436640008 0.04761345365395231 0.050584378589413344 0.06667422174569482 0.0008185725538976841 0.05716303737734
0.24823416265940668 0.18262926404105037 0.05107297085109283 0.13913102423939055 0.029630245425576063 0.11780870456041889 0.13954224095076678 0.3015230039462892 0.297795488045725 0.39363172281458475 0.12015648739312215 0.2664133959325023 0.06773171202647899 0.19696708310933053 0.46862737000152643 0.0511509525986696 0.1755175074680393 0.2578530773937397 0.02715513444063913 0.1127950268349428 0.1639401079840591 0.26153047503218124 0.24032599910019006 0.26771606450343527 0.34380035382629937 0.043439915349766454 0.1735048201161709 0.0740609163703321 0.17106431520231213 0.2845634028279895 0.04649407729607478 0.03183254691703977 0.0010072335064130005 0.23777302118432667 0.08170777250948726 0.1519586767836017 0.17289144629808834 0.39455798985576535 0.11342071725906727 0.19220814646979978 0.09205490520583448 0.15802093907744102 0.15133402620132055 0.4071703887860146 0.36903089984847 0.15012612077990045 0.2243279015935905 0.16773978270823323 0.10140446196526688 0.1477958184360746 0.3484459784926645 0.21329599156192872 0.18094726950987267 0.2109060501743263 0.03161541821829211 0.10023641177103404 0.1458453031650409 0.04607134185112978 0.17473119264282028 0.31479872027539013 0.04296785007744261 0.2081691196407042 0.20410605187381523 0.11280520049782486 0.04040913591391766 0.15948954858523257 0.11437777419499745 0.2629250982735729 0.19482732299667183 0.22592625208991038 0.19057502284336872 0.25832149945109 0.1508016523416115 0.06671881624074016 0.2827822855249966 0.35978291828286224 0.027694560291323368 0.4817552090959927 0.011905643174965744 0.06969593404046708 0.21192743698049782 0.4015052250749903 0.13242868807644953 0.5002060525728617 0.3254077974735408 0.2955266261100284 0.18140539386446236 0.019716638154816727 0.21776447096809282 0.07561078158990225 0.06588938797990268 0.07143812924007367 0.025598182492697855 0.028232664862517222 0.008764004882241808 0.15831657404682592 0.16467461254326307 0.004046819775884685 0.1643267577487475 0.028815148345165943 0.045201262461748284 0.064928717376841 0.2047442135211488 0.09622551451163473 0.2129763475654732 0.056569226971988656 0.04305257768593876 0.21983102268206062 0.024853373727445564 0.023588622976467587 0.1642037218141158 0.03132560652626483 0.0564944615538489 0.020964593549722674 0.09584175303507365 0.07309466476825657 0.08862601235824544 0.11572746242150442 0.022709033485668776 0.15968799432088784 0.03900440441251266 0.000624142319818466 0.09751864841509629 0.14548051511720123 0.1531428747678785 0.08811928262822577 0.027075598791110014 0.072045439219477 0.23200116656266517 0.027200455003082418 0.18958119028599804 0.38957196798976185 0.017588545216070724 0.07429955057717333 0.11509031532904325 0.07932180105797121 0.23091910278922373 0.21263518392665087 0.10505442021748146 0.05643167000362304 0.11753888023059889 0.1596051017696504 0.42243498291829906 0.26222422424334013 0.006678428395647388 0.12862567797867322 0.2181226812907759 NaN 0.41813875729452876 0.331682862926135 0.08506457790092879 0.0008046971260536587 0.004442161172612601 0.05865869025948392 0.007974933240306549 0.23111443013173194 0.18005951717487573 0.15859217009138596 0.10841205086624703 0.12444886928603482 0.06367773002460968 0.0063335490732103605 0.10797383108709849 0.07479287925833922 0.0881586732517059 0.12707956795087164 0.28579683695247526 0.013951737152387914 0.27031034447278807 0.03753019478023818 0.22857450585821606 0.037083882035186845 0.14905020824871254 0.23282645394288226 0.04195929697859822 0.19816464812725731 0.007698024025732204 0.1087877984747563 0.29841842510570127 0.2531817201633386 0.23958610200943828 0.11764753464611338 0.007952536985036448 0.22350573725930625 0.14438711519273767 0.02256742733902529 0.008134515646674258 0.15467457557537928 0.24271546643584982 0.15547485675660214 0.03693205943081764 0.2503221123653754 0.028883308008093973 0.24731336567799064 0.4794416717984641 0.043343062603017846 0.16180934713452186 0.2345880909891043 0.02731731779819033 0.050652849487374606 0.060220124900695775 0.16256860979506546 0.2000928538250272 0.33355872010903753 0.1391262940210294 0.2210226191608744 0.11825504148680223 0.38365086615286137 0.13910744391671742 0.2527936491716308 0.03334177996556736 0.019029312948540975 0.07298668247476381 0.22063471981999042 0.258531485359946 0.06118663785286003 0.17336782034203949 0.409525023891522 0.08017550495743751 0.13459187154046634 0.07527523884579394 0.22375124657866674 0.2705248313726489 0.3096407914083292 0.38413113814694094 0.31684019791741563 0.21466860927133904 0.07405418164093512 0.11373843690498424 0.2968122977491759 0.30089083096972236 0.1706110509640999 0.13064871704337114 0.17144902208945878 0.014208135984193944 0.044436882962434615 0.022558873832970953 0.08453048269634328 0.22668201577580174 0.16667029036583564 0.04520505736304414 0.014043889666503512 0.1991666989868971 0.0823310409686277 0.06378048742394865 0.0019166155082660104 0.2114502073485382 0.26171066214893374 0.12320658633914443 0.18016094899655807 0.2944899154150657 0.30335264491505765 0.07468330039457019 0.07522100683149868 0.3298096193484311 0.269135434320842 0.18429922685602987 0.37657017108583285 0.04147257640680749 0.05545763926248846 0.040189459774034444 0.25014853077322663 0.12603928523302377 0.45895219872464044 0.2773712028626661 0.23015379368303512 0.17059379681025177 0.03304134624273313 0.13122013910084893 0.08208257439056066 0.0907097282804356 0.171548824128146 0.00639460528800299 0.042127912131621446 0.07101579656357655 0.26758396056128936 0.10396520244314579 0.1395279502617813 0.16789857252346505 0.04943893511762907 0.017831134356420923 0.054317343857391925 0.19253233612072224 0.18616895021075264 0.14212291012554248 0.020163380650371817 0.08938483915345859 0.07348024449324135 0.15709715307134717 0.05586233833091826 0.14171668666263415 0.026662017785586824 0.04843879416056057 0.16997615923063114 0.03744573636078406 0.05809344317756123 0.22915088594310107 0.07915714043683107 0.02207165452514907 0.09121608018447709 0.012593383124066009 0.098888800258933 0.01631901195521193 0.17451549528806434 0.2675180313944122 0.039228671228468744 0.04071618347423013 0.201322656610622 0.26494522688559796 0.17148112334304547 0.05633428262511766 0.28391883096316584 0.0874986729440747 0.023316773369395725 0.026083852412494116 0.03590556363351517 0.4196095255448971 0.10843193969506161 0.07396147470943953 0.1255053736010261 0.13604953087756386 0.13730013343120245 0.42743371411803394 0.30825924042361386 0.05081252333423041 0.17632065428450305 0.28591791256337146 0.7160908496888845 0.2649559698264603 0.3455731778019421 0.273057904839757 0.09949788665120189 0.11807763872558914 0.07979467779324337 0.0695048104776076 0.08249823039794701 0.05427807468451958 0.09281947178887359 0.13791752093514836 0.09232493080867947 0.21475921877177997 0.1631421497771364 0.12319314524843168 0.0902213319198198 0.026750970970853154 0.041156040130193174 0.33193048290886784 0.007799121665833633 0.1664724347603394 0.12140171755281956 0.12470148335754658 0.016455419886411485 0.1392469716216964 0.1712606498379822 0.10005430714918769 0.19324871557322357 0.021885268366279603 0.1012981705947892 0.11553984831386802 0.2507561571730885 0.14542393229093895 0.25166872069538454 0.04879674217150222 0.17004947180209054 0.08492457874550093 0.1520984211686998 0.2220592638068453 0.0846555997053847 0.013070367388926111 0.12001063007768221 0.07674187755855226 0.15472232085546028 0.11890651163182588 0.19500904058572466 0.08261543342981634 0.29798776299083063 0.134231382960684 0.012769439925566247 0.10864644027494398
0.1955239064837173 0.056229010177361566 0.0992700800395349 0.12847286265156213 0.08462366709431106 0.00907234542665656 0.059441848633482286 0.00927962889771148 0.04515736245705243 0.22075187278836206 0.02717643015622536 0.19515890035749106 0.07587036142915657 0.2642730980000953 0.4959188369586411 0.06487680220779955 0.09046528791254366 0.06708206441972263 0.029895689378156818 0.01971807871578625 0.04406207789805451 0.03956940145016814 0.07813486618410483 0.09965343069037014 0.39560859236233353 0.07839349389085211 0.24728988380117523 0.2668249704290059 0.2842111955810184 0.021945385454799776 0.07465284958956626 0.1972749422499947 0.15600137725163923 0.05243355831902972 0.47089283702618967 0.050000111363801746 0.03579815018401907 0.32809598288327574 0.00996113473748886 8.576179359569512e-05 0.06494324421935595 0.011730637481983726 0.04840570338272101 0.30768100868672504 0.015102112847506902 0.05473902031127307 0.0802582052168615 0.020092775602438127 0.046274310736258914 0.06618672352344626 0.02802186227270395 0.09260346350425033 0.04259198673000086 0.05070417197697141 0.03696314808822077 0.15916042679438805 0.10626250091030341 0.09546865946359756 0.06994290365478753 0.14875550399269336 0.12316719174877892 0.3595856673884737 0.24139610605562684 0.15878829827198687 0.07977417188015846 0.029564319657979243 0.4512193768965183 0.05304731075057796 0.23446474166521036 0.08429169607005713 0.013137022940543926 0.1373520858874557 0.30191177682112097 0.29040849034520105 0.14401983744341468 0.01254046341952695 0.2963177358600744 0.4410398517373357 0.14305075851894125 0.1825116349941329 0.05129841089848153 0.09430199442322552 0.5349362685366416 0.42945038392908447 0.2902549818739757 0.3270890306454958 0.25715560725295117 0.09573536793658473 0.14570475717696293 0.07307497002122229 0.33697719523091096 0.08768813309068067 0.11807328748957326 0.042949118403010564 0.1281136480841663 0.04778023917373756 0.5052077888502255 0.12427158761944879 0.08908161311270991 0.014467425263882826 0.02149827727411573 0.11347106365442813 0.08848865117452956 0.08696169330447241 0.104266704441764 0.004953233135560593 0.02397294047345916 0.16403692335768497 0.012364103799948019 0.039211624137315076 0.23478499667726044 0.08057208868670478 0.01960680711858055 0.010517428988219314 0.06008920973583241 0.20350192642847217 0.01732941389095206 0.11968412745907253 0.030414065882016065 0.12672217986635545 0.06128852082810638 0.04816158856181721 0.09923958215644807 0.07464658509584346 0.08803555717034202 0.05720971615566391 0.015106201213687945 0.09051615965235826 0.05169525873877257 0.5328191129020016 0.25054813225659184 0.2073950412297457 0.4249322446997102 0.10810319999120774 0.22504199013248488 0.06860473681601555 0.21129660713023046 0.0033215595862124228 0.05806821284450999 0.11762095595983485 0.03416186623271521 0.06159269678537935 0.16391136067109352 0.5984752452666864 0.4252527582765263 0.10529311839089259 0.0031037956488999506 0.41813875729452876 NaN 0.15997190466319175 0.35109526550594783 0.07175564034411773 0.013335244767545839 0.08195376207979736 0.012242549328357407 0.05668861193965148 0.08964740322825811 0.005394198625291096 0.00435759223051302 0.031730045021147436 0.3547558265425187 0.29429818830298216 0.049127080102513224 0.08997652641421773 0.07435640951949886 0.12083266641292835 0.12523485937148157 0.05860483907094694 0.4552451637916598 0.30023103822361613 0.4961115001603593 0.08188245528456968 0.08722474065136691 0.15605072262489728 0.09102359059012707 0.14714047893078344 0.42638755346807405 0.011808016205443935 0.29955319089617816 0.1753629631481252 0.22950916126600682 0.08506367092887304 0.1580635979083464 0.17923910196239468 0.19351639574630966 0.15860972893259703 0.07272144728544506 0.08663980420837715 0.09789914182371114 0.1532515691725936 0.09349970820610193 0.09150391599693432 0.09751385045694845 0.2508664232026582 0.4313343364732675 0.050880166035414745 0.00855867639217931 0.02963900451316071 0.13918629288614653 0.1270557160275943 0.139919213877578 0.047965664392829156 0.06607372664128829 0.22277041550201468 0.026437167452949294 0.1347481624739547 0.16919846715233952 0.2900293677725265 0.23363670901864475 0.010412258310940977 0.040150018447875434 0.21147437735719218 0.09099895140390085 0.025180775719165077 0.020876671419885702 0.07428183259744514 0.10927264777181314 0.24159433468780073 0.022985814400305598 0.016712929718143442 0.07898021223976842 0.004523510074311264 0.1378439560942997 0.13168898822058941 0.0463491931461155 0.022444121425249708 0.06677388702229012 0.05001948667884957 0.015754852761620676 0.06501415035939215 0.04523176380692827 0.0036215534776805696 0.15121694438130592 0.0468269639567115 0.013703385765887732 0.07608892631381864 0.007355815781334367 0.0544215007792117 0.16241976213811785 0.10410518306726883 0.01797505216870666 0.13129965392828982 0.20234454397956597 0.0757367419889128 0.026157652267456907 0.05938031759561366 0.10242497306057215 0.12447848557442265 0.1510799354158764 0.17620553447639317 0.19958174580847787 0.15809407883466597 0.14114455239598375 0.1467621448831562 0.19824047508033532 0.12778562933358467 0.045079830219931324 0.1966888255663173 0.0006804332841874802 0.06725064683106394 0.09025244540660178 0.08237929337372124 0.350848551728965 0.35021795778048126 0.3759438225055364 0.2798339947507676 0.0650500864987006 0.1232710891855001 0.21711484920116628 9.331158789728936e-05 0.04199194978605083 0.17879159214574142 0.030754303483541832 0.02748738139368084 0.1589261926442639 0.000681339006957793 0.33496612757416505 0.07279377221348089 0.14471197974844177 0.04043506380899428 0.04880698894335226 0.08479009107566644 0.18071288254941129 0.21211353225161939 0.12336711340287813 0.011129339042380114 0.06274381868634463 0.153318225841299 0.07816109847253762 0.024171150303203628 0.1664221958796593 0.12483827824806125 0.10085889525006768 0.05240909000286924 0.010967588027538968 0.0809632026215349 0.10785732923797797 0.012630075894973966 0.0599767084443752 0.04534837728477271 0.12485016813955777 0.03981054087847403 0.02573385208992443 0.22154013075203016 0.1484403611505855 0.015767653230322705 0.09851801278383568 0.1516884196218414 0.12616249209798566 0.12537346921156348 0.10754556415277826 0.17277541183271067 0.18033479910054862 0.1202079103496474 0.06182074081966849 0.023697810118787275 0.1062222332634789 0.05322017549912482 0.024466494575874676 0.04738712251068225 0.060394233212794385 0.11190290910164435 0.22692228304825712 0.4348378631458198 0.2661028969990205 0.19262888183256974 0.1155204920796416 0.32954525928827194 0.666142708232638 0.09443634832165931 0.03752298946072021 0.0708232810742224 0.020096945190544658 0.07181112137823886 0.04921742975209242 0.09291694680183925 0.04945434081482361 0.11809445793688969 0.142066912128837 0.031122305227614586 0.014620063315885461 0.27511438473604305 0.028293352777496485 0.06837071488511588 0.0452719734915789 0.09474608388567562 0.1498972842323019 0.03611049087746123 0.11631908534762445 0.015136300985194478 0.3184993914077914 0.10497896458905878 0.1709934348319655 0.15218873674545652 0.0016860413625878485 0.14697999085200472 0.20142173289623785 0.021358382586300254 0.13913813298525934 0.1670643152489172 0.20964297506844004 0.18507978914913667 0.11377871726999346 0.1022257630687775 0.01982839128285307 0.07651581444520206 0.09742983986423825 0.01913268454801757 0.07415401689411893 0.05382829459661965 0.054769394484310056 0.2482434492104672 0.10183742604726563 0.06259430353102632 0.10748502829057183 0.19094975943009312 0.16333426688863825 0.0282645556568213 0.1351773148690043
0.055628416848742146 0.25634771838456716 0.15403143269610262 0.07201223823230546 0.11175473639421929 0.24774752643388492 0.2679101930841728 0.4094878350264446 0.21718593152921536 0.10579794104337546 0.20621745227797603 0.31589154342835807 0.010260834067164762 0.0033422951428792582 0.16472682993305243 0.0052574526781338764 0.13960729083676343 0.3986678374330092 0.052859034849501725 0.23972310534002497 0.336813267579273 0.42303142318974796 0.34996355294766857 0.12314099394309608 0.01091123219738344 0.14746782504219189 0.051726581670119495 0.41423000052581543 0.0817808339031082 0.6237453450949778 0.1415661703524678 0.3143059640444473 0.255526480492542 0.4411908251529754 0.20997452867050367 0.24269956242535534 0.06547670217082005 0.05399971367899506 0.1718501105423497 0.20002629421468235 0.060493173396520224 0.05913666667782022 0.16311667767205643 0.10670344099553115 0.13483657462615317 0.09714608135632001 0.3237899731682393 0.23961935538661625 0.1364988049412853 0.03369840146318398 0.37279572931438476 0.29055789251733183 0.25396137624067183 0.18784696735077144 0.057595172481701346 0.05830891905978815 0.053831907911907666 0.04890794336183303 0.11625228849377027 0.22132109230122773 0.012640715782862915 0.0060872067234625776 0.13704036945384598 0.05057688115673013 0.08697876974735495 0.3600733499498019 0.5571084819250482 0.5958368145136315 0.37508780328229147 0.34937291909067913 0.49751440888345694 0.27440717915226687 0.49992931015967146 0.20775750708228788 0.3741238183181649 0.605025601609011 0.30784092508119415 0.1837156271423632 0.17108684930127707 0.14226014604815593 0.4096500011745465 0.1970744241927953 0.13362421598573856 0.14578959455707155 0.237400825092116 0.03775321215616631 0.09400965434024164 0.028711089802890763 0.2606888813325532 0.0475533552900054 0.022287135086460342 0.02928793711604773 0.052712050595366634 0.059317208341802714 0.14923819514325803 0.02024743875942046 0.030562446789894036 0.2941522438141208 0.023207885836610213 0.06524393725067089 0.07288308160983532 0.08632693164216533 0.07604437773677082 0.00019877094366598817 0.05557580709683128 0.012085453909782393 0.035392053697348894 0.11023681349201202 0.04612965611748922 0.05999609082602905 0.1320826661172799 0.032655407804109596 0.037701408693669905 0.048933107373795005 0.06356580724031034 0.1638445458103744 0.09605041202161603 5.864732849127258e-05 0.04658458949285688 0.06680409860548193 0.06737124476580426 0.040924150650717424 0.0979054505727853 0.0863130691001727 0.2103539361311532 0.061815076411694134 0.03576969818113478 0.19216243369508657 0.3506544299963772 0.36324193972218805 0.16366200522945148 0.5103111583730364 0.2989035306804397 0.06369773933772771 0.01695703219463652 0.08276446645085285 0.20337081847679178 0.35699591191039903 0.3798448428648877 0.20553955576118857 0.3694894378685647 0.11200670012389577 0.1779642056537231 0.06724761317057994 0.28403494721631 0.006471545062857809 0.0683445880415218 0.331682862926135 0.15997190466319175 NaN 0.6692942706814751 0.05674071302035195 0.0672512298786892 0.13002599013237826 0.016237853340840318 0.33530890060303264 0.42256936821361485 0.2530309141981306 0.2640756559401441 0.1353998485899272 0.1167150670906516 0.3749578077380128 0.12204737567804977 0.19040257329354798 0.1754937614722784 0.03831907718928042 0.23092077145861253 0.08345883977116425 0.08795042003731686 0.2914112901619337 0.07883551026846604 0.021043190992878155 0.10952574843092118 0.12756512215551039 0.12960446013807186 0.35699360473665426 0.16485747476526783 0.0897925950349258 0.17843817975188994 0.15408077935759948 0.03831497406840411 0.27604871180553736 0.14854852015160336 0.006976686615831274 0.053649709912336474 0.1945316439601196 0.2207664084212228 0.30673651318355344 0.3560975293170105 0.003346698959597979 0.15080522940773688 0.36283110232624344 0.08416707685640047 0.1267614266529996 0.26046874594708547 0.08677414039953116 0.12046278768030343 0.44995043465431617 0.09391789373664473 0.24911106877324285 0.27813882924562344 0.36008812796839634 0.36394062278311357 0.10604350203269707 0.008307337091111063 0.11865286842361326 0.08852360274377542 0.1493739799468622 0.1107122331290889 0.5237323661677525 0.17004430574666954 0.09694875629721611 0.26754831006977087 0.33110323256229557 0.45591410950107186 0.2314839887939217 0.004596784513652232 0.1769094740573192 0.0706529654064092 0.21493377420984006 0.023534807120503133 0.00681839029760142 0.025591250170892952 0.07546378335937055 0.10891651558293258 0.06062485140313418 0.3618335953445653 0.09086698845918594 0.070442666823019 0.06038849069298086 0.29642162344810336 0.2880639123525541 0.28209020232563536 0.19260792834027182 0.07903868413226894 0.12092221457033063 0.10198093216157361 0.003201311617598892 0.09518731645935723 0.046193412727721456 0.01684547239792509 0.07525686205009 0.1784785740545472 0.07014433395223847 0.010770388505705346 0.08273133264232325 0.4357212535998472 0.4609367077891882 0.15837322870782278 0.11975238557284434 0.3480179992417819 0.43257922214616834 0.32678354187952224 0.10870388429493136 0.346253855417763 0.18420505523748 0.2686993694224825 0.14529751323170206 0.06331923407715288 0.04829356062763985 0.26377244584366005 0.014339489799942075 0.15349149282893396 0.061155679828951044 0.14808447640001915 0.10701901792574064 0.3287653340238745 0.03719550218013812 0.07071058761680028 0.13723468815275375 0.04490073753160292 0.05998977060180269 0.06013956966364622 0.03469682831646365 0.14814079881108408 0.027573339368725698 0.16992636747913742 0.10204011047110091 0.043844395262684716 0.07701701343372018 0.07773704625159274 0.07971638490503648 0.07689018668821156 0.016799227732347505 0.015027187225549998 0.0451581970749582 0.057015459722898156 0.02092891314521881 0.11297957386510063 0.04405563446298423 0.08683055826327371 0.08101556344588773 0.046344576261610426 0.11430039864025053 0.038547890898696355 0.26317410837818034 0.061994584933636916 0.20080194656516578 0.08693207185329316 0.11257153294211909 0.16336049077424197 0.04371223812194762 0.08752370677610634 0.05452969370317779 0.337970875810822 0.041424102330107564 0.006421813915855853 0.2803193135574781 0.406183394840412 0.3816278005005623 0.14201699480865115 0.3476979852244971 0.2652045476630898 0.15301140280802547 0.20718166196696783 0.20439813637597254 0.07699687225183117 0.3500099691294051 0.3067764293081552 0.1927005922274783 0.2356070942272428 0.019910684608159743 0.20734604341555726 0.1404446628938951 0.14751374510970627 0.024209272707907507 0.11952731061202901 0.2865711124929389 0.10501610958349704 0.6563032477236582 0.6670751530212613 0.08101423945960143 0.2485871842130671 0.1485133518732675 0.01395712287938723 0.19101218593840202 0.2639156892494682 0.24674019216879264 0.3472602794830333 0.14575406712275554 0.3115541987697408 0.06113092169136514 0.2788926184561895 0.13106601946643243 0.05748486098024568 0.08702639230669276 0.21815705695926105 0.06116793569096192 0.014542326521863613 0.3572918044849966 0.034029654972981126 0.048876590479582274 0.03599828398280529 0.04030319847483891 0.2160242653048223 0.2257991131689869 0.1790622981534605 0.06923168535232424 0.1108646992242744 0.20518590798005282 0.0970517515774631 0.02526193974411791 0.0979664437863552 0.02652531367677745 0.02981796628862047 0.005017817753171073 0.24300382670695322 0.13366763489799094 0.14623305745194062 0.006798632858950379 0.03615543317714101 0.06394879928734173 0.019657101787143787 0.11844480057376254 0.026123427957896482 0.2435404083260677 0.03017475414690083 0.04516851456417464 0.036061602690515976
0.06303624657244548 0.07182890132842198 0.06361380587406056 0.04931818638415476 0.07646725018285216 0.00991796354030813 0.04484066815198201 0.1793372674273581 0.15571386449798424 0.005653798734629461 0.043932437876426325 0.04101605115586055 0.10862725880120783 0.17490146881290652 0.2257134809913843 0.05607717875032769 0.038331663152435934 0.15561840523875167 0.05760976014217539 0.02920874306237524 0.11458910212015186 0.1375672355311852 0.10177567395950138 0.056740011058024446 0.10018145220654334 0.10191100082016848 0.11687046241637586 0.2002468281141908 0.33829231879583843 0.5306866647162881 0.29568592743122757 0.21534004630293002 0.39070564195991664 0.388111248844945 0.41341394747095245 0.1175546848300001 0.06935891037298998 0.02077771651861568 0.13467264519947209 0.09668438949432172 0.031691431664888685 0.1574261040162662 0.1268578038512662 0.07657164872966943 0.048634058050038724 0.08237264820470011 0.1954172276595477 0.0670664069772725 0.06712059762075244 0.06881742893298523 0.16320693380142584 0.16256783515417325 0.15526409523730084 0.08666500525539154 0.06957672881293452 0.006443593507311822 0.0176264480162942 0.011569315715291018 0.05238387889060476 0.09744543531664586 0.021882929622470657 0.11275424805460402 0.08522633901373225 0.004314404688600891 0.07017273166082413 0.28292883352081205 0.48638686654448193 0.5038191288835441 0.07802009539857091 0.08827536971778696 0.22925172631440696 0.032222345099915756 0.5680164109185974 0.053254712316785795 0.03206233455841914 0.26845977744866995 0.37392247629435715 0.05436301068417279 0.21430757484525315 0.13751646227405506 0.2545140248756937 0.11239184816075413 0.26841324596850863 0.05541784302495326 0.04089200829597182 0.1241951192237696 0.08482975072506854 0.018349775670343734 0.22220478563026466 0.012513494228250582 0.0015625637314921007 0.02345342068588957 0.07146859605270352 0.051232594986261204 0.18140801819527813 0.05355367138913861 0.33095410461121993 0.17250850334287268 0.01781730327035719 0.07898119704718319 0.16657705890705166 0.1877216671752885 0.06132664926444835 0.0845536719121101 0.09228802632694517 0.023364992466579224 0.011977148789174469 0.05813481254090039 0.13080029078872024 0.047336173501423655 0.013520345224323134 0.07448992258247274 0.040041238991173775 0.020831086018067303 0.027924926951715005 0.07344684316507259 0.16562875089800494 0.021365704994349956 0.054610365543074975 0.002801693678500908 0.018670138328903522 0.008820267530279601 0.043289988952862 0.01153558561322759 0.026843731502833045 0.05437541564324748 0.07711286273359057 0.004768116409189004 0.012070814819602123 0.29250140165574834 0.025637198538172173 0.33346341695320336 0.379960620352332 0.06437363374729682 0.01875886726586621 0.03827416979145926 0.15008696874236152 0.11036617493845664 0.11425263893557401 0.1387050331387966 0.20776895495767722 0.016913464380673888 0.0923443141830804 0.20549889096566432 0.5417552626188741 0.1006279312346933 0.026946758222921238 0.08506457790092879 0.35109526550594783 0.6692942706814751 NaN 0.04826633521347265 0.07327598903350291 0.05681311611893278 0.02614744971050039 0.09602345956127459 0.1795840713068372 0.0023990276656812646 0.020960245521007653 0.10404635591414292 0.2319152051195161 0.37088312255788286 0.0061217528547010255 0.0667726786163569 0.1404133151184061 0.048396035043982676 0.07980800159223676 0.00209377064253981 0.013231852151758603 0.3811007441937878 0.07796014970204475 0.009524104663086452 0.037995920491145065 0.016646816845767475 0.15404010189434578 0.18893056667275637 0.31901572847172605 0.02488749338891509 0.12280816498235235 0.06492064689675195 0.04379943891880013 0.13246559355227183 0.08609091464792 0.07463599046849033 0.06563775838296167 0.02203978948649479 0.020811484615785355 0.19245216523336087 0.2184172817766816 0.0024117041890752296 0.04516491687869534 0.07502310686786251 0.022096146035884928 0.09746538968869442 0.10103748170725707 0.006329864378127884 0.04877521419690577 0.14545305341877438 0.016230789560471758 0.005897032534067457 0.08106143868808059 0.087175186752881 0.16634692802159004 0.018724010388297185 0.10233108354195754 0.12631881300257533 0.12091185019599976 0.031304509283154175 0.2819687995058129 0.45102554671983025 0.3599473096692982 0.0453145222490385 0.33973938764218475 0.269155531768758 0.28626054618816726 0.15503001832735672 0.05234364604030746 0.03454120642172256 0.03677117587583827 0.05146297348028315 0.060310290346655415 0.1530932893661995 0.05221087900653655 0.04728919111153105 0.1459611647478897 0.12413046306204935 0.22026918807018736 0.023959117648489178 0.004160517813913931 0.06344902653105501 0.20446243447587956 0.20611600696285792 0.18237831790411263 0.12313839364047559 0.06726685095529614 0.1355426281861223 0.04529430921119234 0.028111830404101833 0.0218774061153683 0.00989151007916899 0.06619375739621611 0.035362328024838824 0.07646418780514368 0.10638614173038016 0.025764283590418203 0.028927136675506053 0.2519782847131368 0.3173698250046643 0.14960176580196954 0.09203016480205892 0.13148026827745493 0.2214433312866873 0.34905241987312785 0.061571781064835476 0.027868053201530154 0.09351551322048794 0.20245960845035668 0.022797213300049787 0.06680296613957955 0.006886399852727241 0.1310032364886779 0.021570533356323474 0.2240625863370326 0.05270766829170291 0.007988149517898622 0.11014660681887249 0.15271766716942722 0.07098635940800545 0.15042869172924542 0.1487043057103436 0.1630623388687932 0.045053963621402314 0.008203470242308726 0.04435298672558786 0.0741160310605166 0.030744846671320776 0.26027188824715203 0.034981085136959245 0.09253828970820917 0.07120020006273389 0.12133102143993418 0.16355090120861934 0.010079803064621428 0.11627923622211486 0.15183269275768674 0.05261114261969173 0.04670014558518389 0.045784207064785094 0.12797950137247524 0.0007083065350791339 0.06958405309578412 0.07290194660039502 0.11505699101567413 0.03987854386908846 0.03153427563337067 0.16776078612061504 0.1474235219470946 0.09328259523895023 0.06786113459267246 0.02917450921705485 0.10349125120340097 0.040002670802987104 0.014369063177705947 0.12853441287098855 0.1475301535490097 0.02572629992786403 0.03188615673520945 0.08999349614611743 0.06015275235086404 0.14764887172543367 0.014147597885374067 0.13824117274502482 0.305478365835602 0.05912217784966768 0.06258342264042992 0.09809176077047155 0.09689627458462657 0.19694566574903202 0.09055432112942484 0.08434725026809438 0.16934820363621575 0.04994753754160786 0.010891682361814125 0.16940837044286777 0.37614910879592356 0.18480677163421064 0.02712634397122327 0.13045658517158665 0.21320407030738156 0.30941351914380183 0.6710956415364616 0.05490878597968617 0.16288067954071808 0.10611508137642425 0.0694156775161622 0.07805955097508449 0.1992213958836053 0.027020876757600117 0.1692332524419463 0.06776827042093593 0.1405615412646823 0.15926494419151557 0.06167290591779667 0.040074330712257696 0.07534509885029862 0.051112110305892966 0.08470425445566329 0.07009660865329548 0.045084807619483636 0.35922803544280535 0.07164636124513686 0.051964811761104714 0.05480298458188035 0.07015530160494891 0.15461998455023257 0.04909524070703842 0.09529264932875037 0.0465747662749553 0.07657569607021036 0.14759787966674862 0.15774412601989146 0.0007080480946396234 0.056295729898172275 0.016737956113650265 0.02978801005932452 0.006997310727953002 0.05964261992035828 0.059296641019583846 0.0643996474587688 0.03113941720162337 0.06353789486283266 0.11569575506950561 0.0324658598199341 0.10844294623049391 4.833382197694565e-05 0.07554529107659476 0.052379190644304525 0.03351267343211119 0.05704638824772555
0.16561416313640134 0.11402435811906482 0.3112724177310648 0.227276524504158 0.20817466034864437 0.20989089557806828 0.10166827955100692 0.09992793364057236 0.05081813310270687 0.11001403944810359 0.07162303225908401 0.06281640405123702 0.30260596624288383 0.054441531259909054 0.015589721178693507 0.25344361961918127 0.2896620132633368 0.021349552691034265 0.2659038077349478 0.2149852034045263 0.15624350878048576 0.029683210730714296 0.1288966321463847 0.017474309793235856 0.05901571631264404 0.04405874264002488 0.1251380904908823 0.15189836823498234 0.02167368265330083 0.022998573009065253 0.06547635508849058 0.028914565393462342 0.08115454998586676 0.010739404347412041 0.006307111185730403 0.10293892760712141 0.05361631218546996 0.09023576550759875 0.06579894552812661 0.0856279664103502 0.07588603075499671 0.005909659953011246 0.00017541702965842074 0.09586495660548039 0.010997021948097508 0.03477139952046598 0.1292325641873747 0.24425615541090856 0.2004408945999236 0.021522834101497423 0.13220503834514102 0.1072427196243977 0.1185373538821578 0.03430519627554027 0.02119369065341947 0.014283031557264913 0.03792619370955891 0.023458674956171644 0.016611730387530714 0.06808264788622423 0.08452525650124577 0.009195193353423293 0.037104983116963954 0.05845323381807508 0.012717364146666271 0.03658641052072183 0.06412227273035022 0.017969917484487247 0.004300182148346015 0.031913848119961126 0.03456252029298733 0.034780087714618525 0.001304348176166925 0.0225776347119422 0.03131092605610229 0.04831397841985645 0.0026735159999834303 0.05094551304654884 0.012387228332669937 0.024551609549114978 0.05837194312528347 0.014700613065179193 0.03953575923425914 0.13336041461775422 0.0053267850984234045 0.11200438366372337 0.12147480862986011 0.027761275254478787 0.007055521382409912 0.00265658372238574 0.06842509912673395 0.03246384749356669 0.0041088732246216 0.05009253821242227 0.07065847151622608 0.05278534297981125 0.0005108325971302375 0.06005564782331233 0.05693353464085918 0.07529762892614551 0.035522713811051244 0.04876618764101981 0.07817974328692609 0.032297208890190963 0.055661165340385586 0.05767552147891773 0.0038029751937600368 0.03478147063191196 0.0178432355909735 0.03172783123138601 0.09135165847192317 0.004910961295025746 0.013360222261465922 0.009059420825289627 0.01609700559967041 0.0020321285997972434 0.004585369636237274 0.029606099991002208 0.02224884975632378 0.003606437488175978 0.16987842649241502 0.011872833480980182 0.021611648326139113 0.08460802392973686 0.061785551194516744 0.04260563211432805 0.07630057059595724 0.011919283504432424 0.0029174392394499247 0.05435173564637923 0.09745720719178107 0.015893705238795113 0.03664441442818215 0.04173983503978462 0.032317854021754286 0.011904560980734204 0.038760852849594414 0.12260290548586736 0.053103534645045816 0.1420554043760384 0.11212651782933378 0.14902197416763074 0.049163882531092384 0.004462276114354778 0.006653304734892727 0.04808010014764228 0.036172934619540666 0.0008046971260536587 0.07175564034411773 0.05674071302035195 0.04826633521347265 NaN 0.10289655565937446 0.06163787307238873 0.023620161406975648 0.10858232094901626 0.052208828639248306 0.2202777030566683 0.23799568082488942 0.11312558115476758 0.023039327427314186 0.006999124046281662 0.0930404497131473 0.010939453489677687 0.009894767526210189 0.047792936789014875 0.03605564299247594 0.0432280715704344 0.014712927358536068 0.05153857959562399 0.09241374715961836 0.06137892964668589 0.062262990179759045 0.03763586740702397 0.01435307100826596 0.0589097661792028 0.005833364759219856 0.07016398821793715 0.06578277350936212 0.04169208366597691 0.17942297622660167 0.14022375093550676 0.26015513788112044 0.21253603959432885 0.18370144601514957 0.211285022277683 0.048439065506706035 0.11959998547020748 0.12317576324514255 0.14251011454476553 0.09920584784893724 0.0022074870537264887 0.268856719373146 0.06003710318568584 0.04856111883893726 0.25947284679989774 0.27053415200238123 0.08246526941180558 0.24189165855853503 0.2098651795921262 0.18684764391824968 0.1319015551900907 0.14735537652261757 0.07681257465829719 0.07727223619411513 0.08279286792276777 0.08671122748833585 0.0979727820308116 0.0920295784266534 0.04863517505828292 0.10010483353053264 0.0034888358615425673 0.11087710723302936 0.010954464246378652 0.03765739764315416 0.09522828446560332 0.08121035934948845 0.12000566645794405 0.08486848476297891 0.029689964797677427 0.02294565151874432 0.06139864139206368 0.054556039609315474 0.016362862454798382 0.01971490670875232 0.0400748762006864 0.03755829791614658 0.2256793864983663 0.2471460726013575 0.03536430350190784 0.13212407615355806 0.09746558409936196 0.1230699895893427 0.06556704017807598 0.005595633826220139 0.04108810944703342 0.04417810442388901 0.0026086002205626757 0.09022186984043405 0.010069058350921294 0.07287881669955071 0.015072192175504383 0.07254188812828245 0.028090593492603812 0.06024508878166259 0.019438923706317023 0.023253826386998702 0.014269339447087661 0.03632481862955835 0.07694497505867007 0.01572101420943152 0.026768046851153596 0.011815292199232897 0.031326930261763496 0.05643680893614264 0.06270938932948307 0.040968885975579884 0.04314020565860147 0.016453962089289016 0.03390315090374653 0.03211308775125522 0.039964279328596544 0.02201986691682162 0.09440014430628677 0.03848961296464699 0.07861701158806061 0.029823777834959923 0.02617666216349341 0.06951744655601591 0.06829923506014272 0.006760291113128494 0.02713944890587287 0.019241296775471567 0.004631067919864959 0.09608258173832487 0.0021645608336309857 0.043424250071207586 0.003261212951048642 0.01247995141043991 0.013680310489274103 0.06586963648918744 0.12110156781016161 0.05056750658218406 0.11641531880241962 0.08976541889251634 0.09303292631597034 0.10792272006733851 0.01859704697708653 0.04155011345526632 0.07125629722248394 0.03531557154126771 0.031686106542260284 0.010557220320345255 0.026414126860831017 0.0070324657318649765 0.011483307345442548 0.016748090800596804 0.00407091567755031 0.03863074654781588 0.005863708359057675 0.14153704417271915 0.026847610947474232 0.02724770717563708 0.0793403758937479 0.023795149520123585 0.013659618257195267 0.13419938340505155 0.06890874936362529 0.007443912833943455 0.045127753251198735 0.0668394785037836 0.0722748090245417 0.04244188132761935 0.04242289644321699 0.025769643164955443 0.019172978903506034 0.029020517639163947 0.1309294695590998 0.011473181187970855 0.03981514155908126 0.10630350710894558 0.15577112165606308 0.13015633371679708 0.041004531325887494 0.021766066375065875 0.1289229152937488 0.009125302317988249 0.008887773747371873 0.03693889170092449 0.013780672917516466 0.026452588892835003 0.13331215103489574 0.10557855647684582 0.08831965699813295 0.017022248007251318 0.05325078872743085 0.17012905319194 0.255043253781926 0.2672569668448303 0.052496566864494054 0.02475551918001276 0.07762524848797586 0.12707521253637535 0.014638046528155478 0.0058255087079048555 0.0012052477446874363 0.018317886968958356 0.010112630062731921 0.04013125169857239 0.029090532430876583 0.017702080708714 0.026273014295826302 0.025559297877824964 0.11719554874897603 0.06425802917690364 0.02183277520132607 0.022132449222910255 0.07814464629789629 0.0008874846372247129 0.0840593773200423 0.03030964752529584 0.1183770809589362 0.11575138567076182 0.06981450263036496 0.05204517504462151 0.038335997989282666 0.06452779868008221 0.013730701158710173 0.0022440813852610767 0.0875986266213539 0.03091305247244111 0.07848824885255759 0.11091497523985838 0.0010196147097841707 0.09091951109978307 0.053815510465443875 0.06504795742785938 0.0072208226938855445 0.07986425549686911
0.23675860298559148 0.1672751691803426 0.2645019714087432 0.20937115191817532 0.1606985326807165 0.31032672431132946 0.2597138963141537 0.15683960287320198 0.23568732077201335 0.089245035666417 0.08329380547441698 0.0018520379268100508 0.2476010792012922 0.016544778707330544 0.09269966845432011 0.15574256208276874 0.2264045345488159 0.17620681876758693 0.32153651722350246 0.2598843607966042 0.23491659762385345 0.06646783447474701 0.21254187803270475 0.08247882594905402 0.055248268230341 0.020275758582208824 0.20834201349279194 0.1952365683760329 0.15834738395001197 0.11550963065098806 0.14498889067747453 0.053168517214805415 0.02865223443412806 0.004978969645082508 0.05702949842482081 0.14090644107937492 0.26413442916923097 0.04966556856231953 0.12788558351114374 0.13625050415704543 0.15303882489244652 0.0014076249030420566 0.07691939393276945 0.0586599395015607 0.021791536365861994 0.06842130724770606 0.11864583138610746 0.24387077708680405 0.24149163509049223 0.020278017786436262 0.14952613179125315 0.16925978543193293 0.27969879119262253 0.0238452956098758 0.07063200913312098 0.03306552568425304 0.10206440540932811 0.03822361688662305 0.04589949381453603 0.07605612984038856 0.05001983394932346 0.06020147896836734 0.1132559139920486 0.04751800742321417 0.036523777378182104 0.0077096194369516615 0.05097793298464715 0.12853672554996806 0.05917644015051156 0.05376474659167637 0.0237185226834351 0.03395174487494702 0.09439251365211673 0.0700000712109257 0.019420541438881018 0.05614275893040873 0.11368530815488868 0.09176831684562488 0.04599802850278007 0.07103210755127833 0.048899314798118466 0.04120124967216927 0.08111512608896373 0.03886105584753392 0.04958325838572704 0.04167368044473538 0.0005564628934310201 0.007689177868460928 0.07495575685717897 0.07693787237491172 0.031243268991691393 0.007788824899918664 0.11576920551954697 0.04754037034207907 0.07720404641742101 0.17738194041690883 0.07564491161959815 0.10407882317134112 0.17216330485875703 0.23235016790304303 0.07817205820541774 0.1525392844029656 0.010220221888969549 0.11301084273482428 0.08110259306395147 0.11289080998528614 0.09094139537918722 0.05901666218494558 0.01849418950158049 0.042160841826034516 0.03908412031928888 0.009783012120422244 0.060906453987603304 0.047235335454242196 0.08371864314227058 0.07549987620759968 0.1107704407901326 0.032750573592646874 0.037299706736514636 0.00272442624950256 0.2633372288043233 0.07275316021630993 0.0350099938379082 0.03071979999187998 0.03453416905368647 0.05470046809925776 0.022792842518854863 0.0030462343030359666 0.033415090782794615 0.03765479763539542 0.09299317223815336 0.03602951728429474 0.055600083527011804 0.07786554420794098 0.03154320873638664 0.017768577736913604 0.020929596530080936 0.12652909103265236 0.1347615258663949 0.2364711684309025 0.26171258265561537 0.19519158294481892 0.12779486841786858 0.03618938330168209 0.00023434449942514313 0.05678642341674638 0.14517188175947024 0.004442161172612601 0.013335244767545839 0.0672512298786892 0.07327598903350291 0.10289655565937446 NaN 0.1461217785192572 0.10555887908256632 0.1681286100319047 0.2022086962882795 0.21732286078576135 0.26172597503580264 0.33597530536945514 0.058619655032844414 0.08632692820356104 0.15811560074208814 0.01991432615234722 0.053577466076369935 0.004621944124996021 0.008318024162173131 0.11048272566475702 0.08167030746637303 0.14654618078163262 0.03511181399295467 0.045802192195195074 0.011432243427069227 0.11038306662540164 0.12510909050041905 0.06709596929153597 0.00634017819056928 0.03493058923802842 0.04875450001006502 0.002311986582111005 0.16830443902236442 0.16276781348919547 0.247232291379589 0.08891988783734849 0.08692791135602539 0.27776708323804855 0.18858752630907474 0.25779132891442846 0.2637208270663443 0.18606283860328834 0.08178810373244881 0.012451374816648172 0.10448796617556906 0.0005384220230020016 0.05442352288527484 0.15040838281712243 0.13035978870893555 0.09216841939061404 0.19424494596284458 0.16882958941190632 0.2000604773900302 0.17404840301489347 0.23224151782807032 0.0873270946517512 0.06105199007132433 0.09007443751416622 0.12333003041127709 0.10287102572710033 0.11735143447091424 0.10703069656212495 0.16699259119360113 0.042281628066327695 0.07139676667674272 0.07529792020521485 0.022175744638618128 0.1556313361908212 0.08939053209866835 0.018130742038285692 0.0764751398450276 0.10737465784523173 0.06509750958660618 0.025854379899221545 0.009498648735687915 0.016858512708908178 0.05250232608830308 0.03894940556209097 0.060114296299680965 0.12178295092568704 0.13466947174542904 0.002326390515816527 0.255076221923723 0.16646612637302816 0.25181643195465647 0.055437524111484456 0.11074439268007978 0.0922138082096915 0.013341063538516145 0.0315098370647103 0.08561517143300504 0.13380632993691996 0.031043515430928988 0.11427215698514029 0.03508220284402827 0.13258140062718002 0.019148226262519222 0.004873105924200891 0.0638632522309243 0.05640157299040166 0.058902838667186076 0.03421193386572703 0.03756733748352374 0.01839423006741788 0.09007924895885196 0.01578160352880032 0.015989881813833165 0.07042925372464177 0.002882291872904677 0.0455957747546569 0.027053400998450404 0.0010049308898411793 0.016244389091901606 0.05243210777915161 0.029080231835295976 0.07466617242234333 0.023562724687350933 0.04429767339204304 0.02676394257741657 0.008767266970007154 0.015762658574433364 0.15949438045346548 0.03942467644486637 0.02614023336920875 0.010447419224723883 0.022941710064260126 0.010926352346610725 0.09520381434685046 0.05051404478994166 0.01756672281424766 0.16868508353050674 0.18208061103258294 0.12786357150847727 0.1621842501165115 0.057115236200141604 0.0905285571053853 0.1769345459657399 0.08164191434670094 0.0624190352543815 0.06533254465345198 0.005151789984745024 0.023076508748808837 0.024022758689968164 0.027287731116086532 0.04086382989253677 0.06266872237701289 0.03190310072852473 0.059945043844746165 0.07326842585545806 0.020519927065191533 0.08765103088548644 0.04668701851660408 0.2588835775348929 0.031059809560434797 0.02622561032869043 0.12460014290787345 0.04792559054998049 0.10290364928057863 0.07069392061102268 0.04656261801617295 0.07613624305322032 0.010236703683612534 0.10305685451339365 0.026688850171729114 0.024448278897074707 0.09154071350463013 0.06465111895096401 0.005418010802037133 0.04277068801362636 0.15427068022487567 0.11961940832803772 0.02309124468365757 0.18901950653213243 0.27636544156730347 0.02180688126656813 0.02492772711693406 0.010379591925718204 0.20339811839719474 0.13265828438374455 0.08251846464638361 0.11980898981861654 0.017752507266220373 0.010216247551246112 0.04754669006071896 0.3049051886578959 0.16429051704872744 0.06522668989183009 0.06971827637884713 0.13965293333610632 0.1860836272537021 0.14736014080987012 0.16611142931827594 0.04364555009722815 0.05821029404569052 0.14968541183472137 0.008956973588056104 0.0755918789378884 0.039408941306821266 0.074151322293947 0.0972601747661785 0.08064476229407805 0.09114947693059475 0.050827460848758325 0.05031786056481939 0.07438180374398223 0.12982747505711167 0.07189669720170634 0.010512804044801625 0.08187083349309013 0.028275344153351204 0.03602295828631579 0.006500785408983079 0.14150621502396118 0.017098282283895587 0.04420574353646845 0.018465667186686126 0.0034129520821761 0.02382204833052452 0.01086490629367011 0.09321288410067718 0.0037799632493492577 0.02675560750552496 0.15199299816750036 0.007205462902486315 0.07989321514081511 0.12945845145589036 0.016901402133246573 0.021825224254850218 0.10272667529624675 0.045227807978453605 0.022320568193762026
0.147606540457905 0.20838474600606208 0.128014696672901 0.18740452418402548 0.24671442228270218 0.38584087490877284 0.4219127100240199 0.15445008609084857 0.13047009916237234 0.018174141672554853 0.21744790585927445 0.10738653982487868 0.15784837948839037 0.016310264851774704 0.13064890868263246 0.14401984127309764 0.2389838880215533 0.1754796274860403 0.2936866762890563 0.2578483632247706 0.16354362854204055 0.15776925576641068 0.18228552085556543 0.04019653351704147 0.05825143536424694 0.07789820861566875 0.032508093464687644 0.11138516032175814 0.04943454647759866 0.13241628391808832 0.06767368495340598 0.04913182806092215 0.004242918485273328 0.0783886013051806 0.03658110380312183 0.09518519106873677 0.008771377560224778 0.024595320510199695 0.02733882709862596 0.06817497413821018 0.09464344024805713 0.019685602773843233 0.02112859095137892 0.0012344600786396128 0.06393146062615816 0.04785775376977213 0.18125144931571116 0.32287673784542287 0.0655078091447787 0.01668897044086884 0.20410349687830723 0.183222442846444 0.14231761106389576 0.05970557997101958 0.07474250091519388 0.09474429369694018 0.05837540001074794 0.009554098405101564 0.06837580218366822 0.05584123529430449 0.03548838085939906 0.07849396298991233 0.05855476948207608 0.00173619512417429 0.07813771209882707 0.08615569481231918 0.06507263897394353 0.15270095340037912 0.221565482585301 0.11988570747359187 0.1467362085272024 0.08227682691092984 0.10925013262749901 0.09284668276598279 0.15447203040736773 0.14021196452598345 0.019391011657217967 0.09715797315803903 0.10643406208141855 0.018420491181094747 0.14702428221789207 0.04306778842699781 0.01199475169671585 0.02191485002367115 0.08534631443701639 0.05037490540437056 0.11530191035612941 0.0003282354039342192 0.025750923676932543 0.06325140117455774 0.012243870455323847 0.034687054613002415 0.04305592385020342 0.029227358478089965 0.058652959976769024 0.07663520753856524 0.05592876203946714 0.07269243275120742 0.06091380008881049 0.09727628424053408 0.060338815025870865 0.020376278722739966 0.017076642014811853 2.090787390488124e-05 0.054144256356586 0.08769809708471318 0.040387295904705064 0.04321647303093791 0.037629989362979836 0.06710990764238368 0.05797521119750181 0.008239803478363393 0.02739017754635867 0.03859656177801764 0.09562587402638856 0.0928679254964413 0.08487848847889458 0.02794978079756425 0.010555325404219131 0.050628649085826226 0.09948510820681307 0.016849058237759087 0.05036865731691891 0.00731917182355622 0.05227596214837329 0.057328728130012205 0.02608371352291849 0.06859764627616666 0.11776519888746406 0.015459818515831763 0.050958329355492625 0.15621036396460067 0.07125036837939192 0.005028423046483896 0.08660690131477616 0.05246584810384756 0.008378582774504555 0.2692535412876553 0.1211299344643005 0.10058934389354399 0.16883410777774158 0.026026756703036336 0.016574811429116675 0.04473784165786005 0.0309067890590166 0.029817542059051304 0.0054987227629264565 0.05865869025948392 0.08195376207979736 0.13002599013237826 0.05681311611893278 0.06163787307238873 0.1461217785192572 NaN 0.024635175224080007 0.19326384456731685 0.17676143549073836 0.36470132056911386 0.25053338683334886 0.1902747966058184 0.09197723884977185 0.023959032661352797 0.31233391590807486 0.010932607681165697 0.05141699758590626 0.031282028373838255 0.034988129997109714 0.05015416884096535 0.033370644766068214 0.10676262567842477 0.060236190139836734 0.059578808013274774 0.022997330438319082 0.016874414391075912 0.09041269346067173 0.11555557833081653 0.0405237919651388 0.009810007400912793 0.0001367380723724337 0.03493837386148359 0.12320764886497922 0.2201015956919924 0.11375158279723595 0.11163973183449534 0.17118010235492095 0.330711239976592 0.2472142228907806 0.1599798625578415 0.20632367474188748 0.18593747314374504 0.11092029469075065 0.16275496662846548 0.06368289734755053 0.09752793205448573 0.10779019435014611 0.16176584197884503 0.17069808438679773 0.16709712061485893 0.24757523047506674 0.1912046744989329 0.2886187492402238 0.21983487077462766 0.12437996521179756 0.024902193697910278 0.02283058142836442 0.05253538670696827 0.07220458896945209 0.007275322043103174 0.018676098031038493 0.10344352810735485 0.01825376239740905 0.048534049984121135 0.039771418445387924 0.016547137218615556 0.05025952619524472 0.10835727092590104 0.03699487450104935 0.06320929363208874 0.033580820603699664 0.1196664623669673 0.002541826588390463 0.07013771575464538 0.05217691915869792 0.05505032049809615 0.12418871123269866 0.03619257239273259 0.10291411516389037 0.20462553998131663 0.06815050859743946 0.030536040127034952 0.12901641400969716 0.05357010745927436 0.18047626130127295 0.07770335773716282 0.013512357788874435 0.0395448185294942 0.006954362653649237 0.05805181513622945 0.06759188764175589 0.033518695206373426 0.0342423566025266 0.025809156086842387 0.021603519561409417 0.042655600241683904 0.018458205808188966 0.005857727323956886 0.09082322423070203 0.12132413146593096 0.06244649637901197 0.092212499858179 0.07421832120865414 0.15139533622525617 0.07117488226417949 0.044917581508986615 0.13819542578454722 0.018055082412764878 0.0026062601719451708 0.01945161578786619 0.03800384969711793 0.008653206713735142 0.09188692884734224 0.03255705505071686 0.010219525080351444 0.014529861223480024 0.05689159298257565 0.035427132199395105 0.02682063018146896 0.1059049703452259 0.01727082157138464 0.04463789103441979 0.032714707336748916 0.028332581772801534 0.013743689573867507 0.05510800277369563 0.11209941052067991 0.03434335052615239 0.010101559839544975 0.0008528030965631464 0.0487641981904832 0.115029011861824 0.01903230397152325 0.027062884361184508 0.027138640809327232 0.022550561466158123 0.0030071843138560306 0.09422347060184344 0.10219590143870536 0.005153799472073463 0.06580883169109829 0.065572762522905 0.08424039223594174 0.04655165516398549 0.06774559208928357 0.0027397297888756412 0.028884496514696233 0.05918220125253209 0.008595705244927048 0.10329280177391027 0.0208582596912426 0.00460401003507974 0.08572477112168343 0.08597356187914557 0.06985134349015673 0.06321370462452292 0.12053276430521985 0.10581957616043494 0.13845438009827365 0.17581319815549007 0.19100389415228855 0.051553613352279704 0.05958876911643302 0.07442611494681128 0.026215025064688414 0.01269944142096448 0.1257647797914678 0.045618983297202265 0.10470441856855538 0.17049627165757295 0.19536065646254602 0.034624600261286574 0.05422252246375446 0.07827391138541348 0.05640805958203537 0.08110866661116413 0.02818918368219805 0.04214516934925473 0.021994572906731878 0.1417265828469739 0.13010201339815908 0.0986109946351456 0.043839843209937564 0.06324324831341838 0.16782875460190058 0.1818387902181064 0.03575068030139886 0.1779220948939415 0.14319010250056488 0.2512188382345159 0.055402517833942184 0.18678461649203096 0.051971105284677216 0.03896115360290717 0.23027482465749077 0.11700219779670529 0.002411884589525156 0.029668633617831636 0.0029369821677601173 0.08979443767003929 0.11382161151870943 0.10902657044372192 0.00567315206241972 0.016465089943863212 0.04097516873784286 0.06253466831451371 0.1556209760756687 0.09001465150859082 0.045034613431218735 0.048970928647946374 0.022652906312018908 0.003912885566898708 0.1973556613983003 0.03246158585384012 0.003112855436430999 0.006841980867752352 0.055662893857137935 0.030503780132476788 0.09851552099364773 0.04257918049802307 0.009077510962650116 0.07599115783796519 0.2049325514931619 0.08075269380703075 0.06582592780619154 0.1131708545725973 0.005183407964643011 0.058637942978664925 0.040309673566710016 0.036125490873730896 0.033109964704572614
0.013900120845830236 0.04056627850804046 0.05408050557808078 0.05305063431946131 0.05685090657645826 0.016188746250868396 0.029753585821972125 0.06370501763620302 0.010902630997815924 0.03426767347965263 0.03617787398594107 0.03409059436710575 0.01834158889261011 0.017106017822545064 0.0247540467340647 0.07150818881205451 0.032949262071991586 0.06650612516788161 0.023036349845041312 0.02961348696435277 0.003878966827900421 0.06495515863504828 0.014049408187911899 0.012352009336002594 0.026598574709464032 0.04560004564037624 0.06294902731908537 0.012616089573911882 0.09494200225403332 0.036287822596654015 0.10996523273819485 0.012663013985288029 0.008202586949546141 0.05446997130471154 0.010669375494786167 0.029078640753805226 0.03851548637590347 0.059468712913423795 0.03466577224612037 0.023028894828558914 0.023052578583822 0.035146293738192974 0.043809038523393136 0.0010999757090018197 0.0322485724703558 0.0594721875781095 0.010650667552106578 0.032233345613713764 0.04587880375589666 0.014202785873421829 0.018520295979921435 0.00277517707571369 0.007444474515816919 0.049029154644630375 0.01952848134092959 0.03334306963427647 0.017207327274987784 0.01042894315711445 0.009072756001563358 0.029725253347308668 0.007415519422736612 0.001744832038267971 0.062048813698308794 0.0315833933048399 0.021301710649120197 0.040384229671734884 0.02308704430561177 0.05751793553251942 0.027546273357869085 0.01388472484141158 0.04741282107999698 0.06019344382738163 0.00632966612299082 0.004209713798760547 0.014353800553962138 0.005964493041175495 0.05186182490957108 0.009178041886623892 0.017582635236192794 0.005096743609321906 0.01503812440335497 0.06888081020182124 0.04694460402020227 0.007457938817339719 0.060508650655856 0.014643889117357763 0.015103995001307475 0.015595428537596146 0.0011591678398366566 0.014569702400904057 0.05290535326735432 0.0018438932315807605 0.020741515347117868 0.0335138482950833 0.006209670201128837 0.03312364017446552 0.017862382684402083 0.023755297741675226 0.03871878754271516 0.004560067587431215 0.004625392147087969 0.09620314669919704 0.024260171543160212 0.009294857992706546 0.0389338727421564 0.014364476624477986 0.06097652084034562 0.01516856827027898 0.049756602770417636 0.0015082033115658851 0.0009652369108192591 0.025203672794561156 0.06961479955068393 0.06925780453563206 0.007502003804781497 0.025201234599992968 0.0006788399776317444 0.03721069985590391 0.05502826355367402 0.0034475680491206787 0.0036117678926273575 0.042060626358864726 0.0248627172069346 0.013237187240592464 0.0373683994043484 0.18974324954802013 0.23035297862361742 0.008889418644979443 0.00996583772026882 0.0011923536769573892 0.0363037319002188 0.010737736570413603 0.04378753339551293 0.03239499890940542 0.027848087604205415 0.028946169839521134 0.05568867223543279 0.018574062448681185 0.0018512019273427588 0.01652853792174158 0.04843510623779248 0.05059977928279098 0.06329894975966455 0.03960606195663902 0.0035669816386217548 0.06753201059307706 0.04449158373029725 0.007974933240306549 0.012242549328357407 0.016237853340840318 0.02614744971050039 0.023620161406975648 0.10555887908256632 0.024635175224080007 NaN 0.04218607835366161 0.03931164918081001 0.015530548142303573 0.028789761505970474 0.05055717305946104 0.011570447483568645 0.03254126582717308 0.028555274371592713 0.07056423224393418 0.006336745212788347 0.010415707516939642 0.018704709349312485 0.018388247306698406 0.043146488991760906 0.0019517248704499636 0.04825751080657524 0.032677497920623605 0.034243446399043705 0.022600207294457744 0.010656080510113426 0.021420126080866745 0.007552225660985492 0.06528305713986803 0.004414600305316847 0.037926240477488805 0.03233930647655613 0.051189362485900156 0.09272796681699463 0.06199136472339277 0.0704578362991914 0.01967513204955886 0.01952360932503686 0.03161261364097326 0.021323047103375004 0.010229244169841643 0.002936932611109937 0.0040030440540679635 0.06891943699753454 0.01153456478418371 0.029114221870207947 0.0003954622100117683 0.05103089356902494 0.0466957512109537 0.03184410816870302 0.02541283880617086 0.006003521987060334 0.04120918650272084 0.045489654537585876 0.009291722873914377 0.05000205896618274 0.021290597816183296 0.034503053586902796 0.028877814406257696 0.09916531212131516 0.07666879397487614 0.12873859000427593 0.05249511648888127 0.021813378378014444 0.02620432801125157 0.006279239639156992 0.03504060887196107 0.0029893676554483078 0.01742582604494135 0.011999675122943759 0.005935592700715615 0.0030939068097589613 0.0445271403847303 0.033976166206687364 0.04332914692265854 0.0784486741387496 0.012818598782128 0.026497740651352995 0.003080982104468652 0.06513837913379965 0.0037885574331269407 0.026910337202909213 0.010947830917816708 0.04397589267305819 0.028848030273401666 0.0034851415389316417 0.0003841952210476129 0.08213435641287449 0.04531475395607172 0.07683713836666213 0.07821874986148872 0.04181305995311565 0.010051572722979988 0.0013001905038695681 0.017024323179608596 0.011487758959532359 0.008677006687098879 0.008148272608552259 0.03125856650677551 0.017035952470065993 0.0297125670880422 0.014262177814616549 0.007164090295754569 0.033577311729545076 0.001049822774001557 0.039584555919590834 0.06594192086541012 0.037441157059282575 0.011207398976302926 0.001132429019186493 0.004038728727989591 0.006689974283171675 0.034704319577341276 0.012644407073022548 0.002315754667864903 0.03964759006795049 0.039109572362238665 0.04824011498439771 0.016131177922154755 0.006802350759433034 0.01794674246548499 0.02485008119084949 0.002767541269260104 0.022723076251926395 0.007533414413445495 0.007797628916908858 0.021458332959464244 0.07480819835298365 0.025176074587955052 0.01877906671300068 0.019687498947661263 0.06092812509511828 0.029530409775196803 0.03673629309808168 0.019288614626129012 0.011325098217693464 0.02727666385702689 0.008144102605520056 0.047532918969601205 0.0393433671218016 0.006356479445096378 0.023607549513085725 0.03333595961531484 0.01185951223898749 0.009318555887964179 0.065646342360465 0.01102807292787407 0.007485912696948455 0.024663705390709934 0.0571335376998528 0.03934842349478351 0.05788829822288517 0.04292724245957767 0.028154883192730993 0.005312279484180292 0.02503186332340683 0.049211451512813705 0.09231637227596463 0.04735665163694062 0.014742041469938565 0.04131202365847159 0.017160809650493384 0.03419085906760314 0.061585127455633173 0.004718635862222433 0.0669796454981844 0.028278723201802667 0.043820791858234814 0.035726388383555345 0.007940953380392503 0.024078223841805902 0.10600141166641927 0.08319997360177551 0.08810388142658225 0.013645983307579426 0.0030712144924994376 0.08689514120052305 0.08364890182379613 0.01838973135727565 0.0294637523596701 0.006380184637308164 0.06595601490451744 0.037803380820286024 0.002460023051415081 0.012303983884437524 0.0478016656037442 0.02872724675479713 0.04007434837888378 0.012036151362031441 0.015059309128717144 0.013943099826727359 0.006612754514961137 0.019056820703838285 0.04152391885824573 0.025554583801423805 0.02588787119194417 0.008793701378919208 0.028708842694443612 0.027792825500658452 0.02221040246772505 0.00578037314510656 0.02901907544318499 0.014817184537875608 0.049913428837362765 0.0028392641231257025 0.007972163342703936 0.014491169406541155 0.06279418283555994 0.002210499851230927 0.045677238256294245 0.01035673253861743 0.06108935439887307 0.009052856146815384 0.03525657839968628 0.01654494840871961 0.05437566597218397 0.02402480457677773 0.029873393546739745 0.022601181240345606 0.05926012838294759 0.005741401026276939 0.026518209583243513 0.006856701822059087 0.013658446671550055 0.038931425294960166 0.02939865539714968 0.05690351549584398 0.057713385657370705 0.012923191188561438 0.020259284340416253
0.01747750154463266 0.7721422672073411 0.2096644584371805 0.1923616537372518 0.3466985000087213 0.6373562658811102 0.4968591915140543 0.49986593492188175 0.4794138494721028 0.10439920490233083 0.4118816093202941 0.3124281442513869 0.08078534777875854 0.05842681393569454 0.26231424769235806 0.03824419761402223 0.18613251191847704 0.5634744124536689 0.27978761743671776 0.5716693852425389 0.7183556388191994 0.6273446405624937 0.7600171838328548 0.17224782785332168 0.10961451886672555 0.05159653071184396 0.05134995348064661 0.3569301692565652 0.03564180227987441 0.3076027841736402 0.10471512781302747 0.07687991512173852 0.0856476143157192 0.1768597332505492 0.021840435540364942 0.2617760195265924 0.06859233941261145 0.04576977892770564 0.26449972767099694 0.3020739953019225 0.23336295194721104 0.03961862479803604 0.038288960291491515 0.03496943051203929 0.15395406726593877 0.07389352464258324 0.41066325921090036 0.3813101282215975 0.18872399726184283 0.008277626095221872 0.5839501434225303 0.40714477367341334 0.5084869328157082 0.26402282028534635 0.12763852667093342 0.22706717564276274 0.07818934314073227 0.05353835173061105 0.00024068491981108783 0.10596129831596993 0.023310805687784857 0.02967909926782161 0.06607209255096541 0.02329806067874918 0.0852459364014163 0.2890941286182405 0.29369081249614537 0.28075118059572385 0.16534956781307553 0.04894102259130251 0.18936746934116414 0.13089163606233406 0.21885600882557066 0.16704042210628148 0.1622661486829582 0.2713999753011557 0.22039550857105586 0.10522392112721728 0.22957445887436911 0.007261813993206372 0.3291152811546301 0.03828214503800213 0.25809660159518655 0.07784133437594243 0.1308840832220298 0.015746511744344435 0.09783493375695032 0.010211793448054623 0.1284467836367033 0.09898684596902893 0.21923972587985394 0.0504168001758807 0.11108035199228396 0.03058890469197175 0.18262693960778037 0.17249971789818455 0.1001065532545912 0.10215608170384953 0.15018465097918918 0.2417315316778436 0.11607435898749777 0.1210320670670729 0.10270478979329263 0.010791569128998682 0.11339816418920594 0.22717149629654465 0.021951315615628835 0.12566334539538312 0.08768392562848634 0.12797653190355157 0.0025486034455754624 0.03990966417703428 0.05118016725141485 0.1788968486518946 0.21459580836618503 0.3315475118104412 0.2280649358783218 0.003901300570674987 0.01414120936619985 0.06412057738717583 0.10391482570430097 0.029395622988636932 0.07985566621352197 0.09002680600520795 0.24541587725215316 0.040350164203221135 0.09115570088511431 0.12623801407891372 0.24952008803710832 0.05279087803586378 0.03998686176612023 0.33270438645034356 0.034695818963902246 0.10329307665044402 0.052154014011392226 0.1383013725292792 0.2579425216392871 0.4953123737986038 0.4784813262365009 0.5386647531043771 0.4465268225074421 0.042738536801158744 0.201461020174248 0.03322009165620965 0.01787138007518179 0.049023629747132286 0.1596112053415751 0.23111443013173194 0.05668861193965148 0.33530890060303264 0.09602345956127459 0.10858232094901626 0.1681286100319047 0.19326384456731685 0.04218607835366161 NaN 0.6979574228754692 0.39047265156926514 0.5808090104859733 0.1995224776100692 0.0999327268030721 0.19041988518406536 0.21958502819758474 0.16952822245675142 0.17792259320804626 0.15791749227603705 0.10291470995155687 0.19800237692205436 0.0009898609486553407 0.22808589739668633 0.02657005385483842 0.09348757295488001 0.06357312993836518 0.05722551478710964 0.2032627036057719 0.11015146241651366 0.0173011482288399 0.057592366039243614 0.06692242495987978 0.0879888272941103 0.027080348210156046 0.5909208171512498 0.10840815982770678 0.05602492433108058 0.19962548846721306 0.47893384360451857 0.4041064018927622 0.4906661583237537 0.5689855709156576 0.16836250863466665 0.23908707915320868 0.2599594149755491 0.08618786343024418 0.10971021245054252 0.3219960595536183 0.09914023056927032 0.17150371175805135 0.5141069202158776 0.23732572116800332 0.4254237165323618 0.6831622268516265 0.5019847145006496 0.6619920473002024 0.16996312857837736 0.07954547285526063 0.0018544871824731387 0.05805141742774011 0.0769634587025727 0.024679742126070027 0.21396016893733835 0.09958859898133152 0.020175326301650174 0.05659252049569258 0.11845590970633955 0.2027290308627744 0.2903762214652685 0.05694593006941072 0.14277690002339838 0.2586528809343643 0.32375416527534684 0.10098549927706904 0.013858355340857149 0.04456001892570085 0.013826190389319626 0.1655920955370136 0.10614298170891463 0.3649627080848706 0.2383576988012851 0.18202715436439934 0.0025990111468842526 0.5023513175048404 0.35776694217573046 0.48688219390671167 0.31837283227390856 0.17685042333612339 0.20087523282917205 0.09991699195219633 0.02564959420956462 0.01623380811646366 0.056847861790895154 0.017779130249745843 0.01567786754650271 0.15442717708502268 0.10245682111100603 0.03040185720112655 0.1011035275030245 0.22570856734989345 0.19611159017519192 0.045540338685841716 0.0020606223410674627 0.20257684866784473 0.18910262225849558 0.1953064642997813 0.004991651176036847 0.213741102246168 0.03690120179240138 0.11295635220339034 0.0066358337166830565 0.013747429846488109 0.013814793382439738 0.17229815338933815 0.02440727391793019 0.11550371570066374 0.03629046524969579 0.06073509863614794 0.04407870704806589 0.183660926487698 0.10903083733757261 0.020174128172369275 0.2140147519015229 0.03448997410233333 0.06138782173812094 0.0072725631012292135 0.0852390576276754 0.1284042338418906 0.08978193045733898 0.004784181913286226 0.0015557044202871245 0.11566936729354538 0.20580292859842897 0.11512291472483391 0.1165813395956123 0.04992688334894901 0.047368746694478506 0.024905305270613836 0.08521532905403056 0.07312226402486587 0.16772412187502625 0.04583332873563699 0.04080415449420868 0.004596733556980452 0.04577811621438162 0.08933844159736652 0.012752020537693023 0.1339723589473174 0.22518799998646447 0.11232081124370699 0.13044519394930018 0.022436786003751416 0.13536784483199937 0.10855200847481614 0.06524208649716744 0.07960930672799556 0.06205890594743657 0.2904344151182882 0.0235676696677152 0.007727113286652512 0.18997637048507446 0.26826936527973216 0.05803822606852807 0.06636183073367469 0.05894800313718538 0.026630971649905785 0.004874108128403183 0.21298951290888687 0.23470724176253677 0.11887036595124886 0.3771949700482046 0.42197060308790857 0.2333409904625577 0.21381595482085722 0.017438270270906924 0.29442312335127846 0.15265268516648023 0.016519851836503185 0.0234718471058243 0.09591115988477286 0.2976765302082649 0.20143222932742982 0.20203855415020053 0.11575665337792375 0.0672713029254089 0.27432137954123675 0.1571857604586035 0.025330840843356187 0.6415122374599366 0.4085706173724358 0.3362353758657895 0.3518335600886707 0.042301784310240856 0.0933618233187897 0.07594469266618757 0.24269694749233428 0.1338339433773481 0.06262063279967085 0.034680891138770736 0.14421437407429127 0.12043721162560485 0.03821029084852048 0.2048564642777959 0.0051874723534202655 0.07388244029186843 0.08040932857663262 0.06436596766316036 0.18152286984645474 0.0450292369844399 0.04856475512007828 0.025131412078118042 0.027894622767831685 0.0653955968666383 0.2099486184249341 0.07943526036864385 0.0333438886096582 0.010559463352000682 0.060057785290507995 0.14713158492144132 0.25053716576418095 0.13640335275151103 0.08073491118769423 0.08793901995963069 0.24266039069843115 0.044297743812309165 0.06673647421652851 0.21493859932094295 0.021939238864598982 0.2385815081995606 0.03535011764478794 0.04896821687604984 0.005892347264750495
0.12924581565047685 0.5764959606558513 0.2011630122080229 0.0437371587650599 0.11608532046691744 0.4352075524858505 0.44552457166535475 0.5124137718916795 0.4130454880063989 0.02357422073010029 0.39106547337451786 0.4377204635878085 0.040093533157903316 0.16795218958106337 0.3036039429768638 0.019328799609829656 0.18833469279576756 0.5991848620475947 0.14719393648785165 0.4177298236834441 0.5023104209422854 0.6094575601519623 0.664069366636279 0.26789702926187875 0.05022086572574451 0.15752973159301875 0.029331836830781586 0.3237506968478168 0.011826037190332758 0.3455753485539058 0.09022522316438325 0.10602808669980096 0.055819918935215825 0.1561892564831876 0.05118112276493868 0.23165037784463882 0.049852422941277466 0.08120600438316813 0.20773944734172234 0.2652115388522783 0.21076795910697205 0.13465949978257305 0.05143484133296567 0.02360190716475591 0.06270938311060648 0.008575604366985607 0.4558525274159395 0.2752441485735197 0.18638654879152328 0.27304659613129073 0.5500433202713052 0.4152128910453778 0.4060433436419531 0.2946408007585942 0.19795729234813245 0.24201083263037068 0.09801971963111013 0.09665569459706104 0.12362780095019049 0.235250726373905 0.025073869262945466 0.009819899716639493 0.08990050035042348 0.03601870457239846 0.10129389820483885 0.22556721117131562 0.3188804763298614 0.3482242630704254 0.2963159320048724 0.16439904994376947 0.2794043278884921 0.23081239716303414 0.2738433661747705 0.17466904098478717 0.2922703902371933 0.3180537966006985 0.15671601392614357 0.0419949427704463 0.2063905362201813 0.06499525558898504 0.3338160421200668 0.010207269043377144 0.22476517568538368 0.03800633537048947 0.2053301501223545 0.04054153575598578 0.06314235298652755 0.0238680953760608 0.14987948859578537 0.09453339150044274 0.16937302557475933 0.044352541875413355 0.06229122710527805 0.07261003460822295 0.17126523975077504 0.23350216285422754 0.019649304799801086 0.1644935777346093 0.017581362307549663 0.1820828496066157 0.10596333707086829 0.03308911664969686 0.13464920465926847 0.05234441695963525 0.13915663455880822 0.21802064874319496 0.008706189343208999 0.07912188147340457 0.10899047849061969 0.15416015464066565 0.007414663906536481 0.05754012462822735 0.022043562632417083 0.0726657952201475 0.17725016562338894 0.48439448665037516 0.34421877014900903 0.03981928494187912 0.012372991446032891 0.08726291922663118 0.10074401224068139 0.0025644140703681086 0.1097683502802573 0.15350085384049664 0.3504049120426647 0.08586153535323661 0.0976913619768051 0.20489057108082556 0.31986728850579993 0.011291455609109746 0.15632334704560943 0.3910612185357726 0.059502559051271005 0.04500487233169433 0.04684566675679175 0.20538406520988917 0.4265253718701358 0.5730488674442263 0.45881863097360837 0.38519876044842344 0.45462371859456996 0.021029533111169674 0.19456248773393445 0.004879077259566387 0.046698388894547915 0.034847914213849064 0.08120172291340308 0.18005951717487573 0.08964740322825811 0.42256936821361485 0.1795840713068372 0.052208828639248306 0.2022086962882795 0.17676143549073836 0.03931164918081001 0.6979574228754692 NaN 0.3077485133677749 0.4958595602430178 0.21859231286605774 0.1853616618760942 0.18313424189007702 0.18847013074634605 0.17150726414051626 0.18487390939199766 0.15948570573760282 0.1472996393903976 0.13385033078188577 0.10192964809361511 0.17976635442041086 0.025354712065828896 0.11541668190802859 0.12469001425838863 0.16982729146460598 0.14210245987287637 0.19971616560045494 0.02980370307928133 0.016619807551698205 0.1568673543268534 0.14215502244701603 0.1376226146411457 0.41750306179789093 0.10916059107137112 0.0670484665511409 0.029127977479644313 0.2851558669634533 0.37295502913356066 0.44346707579821726 0.4694125423640354 0.07047960670105173 0.24022540337843093 0.39415858793836134 0.009826233996162304 0.18591186070187957 0.38810455230122315 0.06699110369065478 0.15571077885496692 0.5786541140170102 0.0761620075393556 0.39705896123701484 0.4640669633888316 0.4716397978867085 0.5583163737926444 0.26771711422997146 0.02856130195599878 0.13673966981225463 0.01840610500236098 0.1827424599225674 0.0037815833502505836 0.2573566603094593 0.0673019192434946 0.015314052855622828 0.08715262267501202 0.09913628520765704 0.2337411958315949 0.24435577023276714 0.013660545245676765 0.17739043916444996 0.176335700296221 0.3006657222644474 0.03712893476433624 0.06791442822988351 0.06968865194166955 0.02854250257760603 0.05187783354239346 8.58552083037677e-06 0.4388498988205763 0.14047170813730564 0.11917970114966539 0.16711283707964927 0.4163642557140544 0.3427419574260126 0.376216127665329 0.3113065243738934 0.19821959880027565 0.22702290692030425 0.15880350702478957 0.027378329477335903 0.12274799855679781 0.013617368924699311 0.045734760598683324 0.01570402222743411 0.11098938035725074 0.0852885341452785 0.00416890669034881 0.10654849022639934 0.3126022426894551 0.24219661379488297 0.08439134785069126 0.10837849518564387 0.28383579376726026 0.25922673661958956 0.20899317105855844 0.053088394949462804 0.34675181649978887 0.08770717957550418 0.16177466812980135 0.08701178285990048 0.03830670051311873 0.028098633602932018 0.14159551499817125 0.08003672885806841 0.15093063951631328 0.024159871597510534 0.15828812868729336 0.10834184371294461 0.19127436721117635 0.08719775521561532 0.046179131201962875 0.22704933063780897 0.026134149637907233 0.11926392931936641 0.021070755520406995 0.06194025567549055 0.12576925386263899 0.17427112907118772 0.008538999483551442 0.06308788485211378 0.022237932609853746 0.199243849447984 0.03175281065950652 0.07767999425064716 0.12517458771951703 0.11703499590943632 0.0684522672710956 0.08384954062287445 0.005580214482387945 0.1171563554757409 0.06006060950187595 0.08357501815766584 0.01585383926721061 0.0611000246194115 0.08060520979621828 0.04536662877350525 0.11832777713561633 0.4274920553672011 0.26460421252002725 0.13884120148900517 0.04394629340465804 0.13062916988471798 0.11163676406454527 0.09182122221495892 0.10817493628216963 0.03724147866276048 0.35776644076096403 0.0405013080557326 0.024699340972362586 0.2340426775402886 0.3785490724031892 0.13206595986652786 0.0752450864337931 0.14353300015875833 0.021672170160761905 0.025820220825541577 0.25981908580577234 0.3494545439365267 0.010245745995888102 0.4766825354279121 0.49132517974827244 0.31338762592856373 0.25935814302257787 0.08855697388864302 0.2963926378948183 0.15413085205889088 0.00020201804970199777 0.03823535393432434 0.06952031780496037 0.18565813909889664 0.20616778363065102 0.3398881612492165 0.21472806394509222 0.1742218835121489 0.29245386788638195 0.08208049826215584 0.013016352272660106 0.4409443227323171 0.42903603879478297 0.2863984687691269 0.3488171824580621 0.10944962374103838 0.12350315023595111 0.05576618059120096 0.25783878166262 0.13406396550717362 0.060853682818879276 0.004356430778002248 0.17442876430142498 0.11135183624104009 0.0297598294248783 0.19413535297712697 0.038004544256206446 0.00239934921438903 0.003090798661825375 0.10325013039624097 0.22163903593749865 0.1572500823666873 0.06536541562286949 0.0013558369353203965 0.08710336299307865 0.19853716084000025 0.12859599045707698 0.07738607755731938 0.06248178133025305 0.011016642634924046 0.07638709106246648 0.1282853405764148 0.28342988263183627 0.14774954831456558 0.09246570085048025 0.09268355685700204 0.13912510555145902 0.0895244915097645 0.06011938138259565 0.19527650990623602 0.0035504182297650083 0.22106419886040923 0.07485428910675483 0.02830635092558407 0.009794150600983544
0.2681742564959969 0.2592389338634469 0.25403674470528315 0.4070905835632239 0.48832972361356297 0.6793357500381827 0.6063927236058192 0.38538718917333564 0.24182593513854497 0.06153988736522999 0.3101341337633249 0.14810041177064265 0.42079947123467026 0.017794861630178745 0.1890506318908678 0.19086237575129994 0.5585670663494093 0.3196608591422736 0.5635145956490806 0.6936148045480125 0.4312788185592093 0.34079103970689495 0.3097655585648757 0.08729480165466687 0.11998284702161137 0.11428851697277584 0.09571349974371238 0.2710904553356204 0.02410634774390976 0.14199527633020437 0.0018519997780822406 0.13399912948909862 0.03360813867483982 0.13051222328659184 0.008280201949964847 0.1789449927644765 0.017506923908823385 0.007772589262045497 0.056074187407761225 0.15271071647646772 0.10975074198360212 0.10916562557478486 0.048437003238201465 0.02328497732201693 0.1978070231676328 0.11959505659318082 0.26561412432737674 0.582248834596106 0.2440007870308667 0.0035572216491031087 0.39036763886733494 0.25718699422889824 0.2990597770403463 0.10296025606826881 0.056647635850948834 0.09512360579221109 0.15145659583784168 0.03124084805812954 0.03280594351371 0.036726917796845004 0.026915314084736162 0.0027771025160133796 0.10115570188028947 0.011436984679032479 0.002379886550151264 0.23196280302757466 0.19179733437363816 0.10681509297448381 0.18774562285625734 0.11791232088482223 0.21169091462677414 0.15562624309882298 0.10856127836504342 0.10058943314393086 0.285573886874867 0.3231545654310751 0.1377816239875771 0.09960290110769886 0.11039634713554722 0.06371190831765199 0.2842223745283051 0.007720239424054755 0.04726096984052616 0.05112111174682666 0.06351351592215473 0.16781990278964398 0.1935461593636681 0.023035845210712582 0.08738630457088115 0.030649775992424095 0.12113437327242352 0.019238365335408892 0.02715501327300219 0.031109302543651355 0.1745714497778992 0.07736863090331404 0.060588288822708475 0.0876022548078109 0.07792129607360694 0.15536433041161743 0.008569311420486805 0.062367852590214184 0.009184629961604471 0.005874806586172036 0.07016428535752434 0.035954295114204546 0.04489543371416085 0.015484290537736861 0.020746023125689635 0.013993402701059095 0.06408312495331012 0.015516257450390987 0.02930876101567527 0.05727631576566471 0.0804858826230845 0.18958471471220242 0.09218640412919847 0.006967641140247564 0.041885137986283086 0.01438690885915073 0.15769594245422563 0.015185032952670395 0.04747185347901215 0.026952191691209576 0.10676460532368681 0.11594555170627477 0.05667132514462258 0.044947652278149924 0.17172776006986584 0.14719590921851197 0.013788863817130577 0.13512734191386902 0.08953755588090266 0.021097622496357913 0.015769684573745873 0.06789130493082372 0.1866601335413113 0.499389300022512 0.21441617638720922 0.26673198469526116 0.2232785447023415 0.04957755504148835 0.04977723872952202 0.08014614059941264 0.03897821891954881 0.06536899989229596 0.02049563433455677 0.15859217009138596 0.005394198625291096 0.2530309141981306 0.0023990276656812646 0.2202777030566683 0.21732286078576135 0.36470132056911386 0.015530548142303573 0.39047265156926514 0.3077485133677749 NaN 0.5455655132229562 0.27597539802271365 0.03181652036677853 0.088953243738294 0.31397228725916865 0.14519270034879017 0.04806772460044307 0.1584366760606576 0.08795532400677193 0.11139257275478635 0.025375772433840055 0.18230882003224125 0.15413587324179667 0.09694961804096251 0.03435715834856564 0.024729149353878224 0.1297003537880793 0.0494482117804954 0.0735706863117198 0.0009856317019029531 0.007972847585714555 0.014262754842894246 0.2515654492587225 0.3465394446701065 0.2119157737203867 0.3110026048742929 0.3815410300088223 0.6430546820808211 0.4634223324125395 0.3383670657056932 0.408841913026503 0.2539151500122401 0.2673383920150773 0.21481404154154046 0.36869098816806634 0.06000927023292252 0.2051103541673874 0.44602420478191657 0.5347631750823274 0.35195003013526843 0.5584508401059619 0.6014163178804084 0.5285382893778061 0.44192895091027296 0.29970164391062976 0.02918382524290252 0.006719420812825094 0.03427084772598857 0.09843788868505236 0.023331921475472084 0.04176074841322929 0.14679351582390132 0.005310939132106536 0.05096750740873747 0.027493968482741202 0.060758143346287576 0.15949494955889407 0.23064455216099944 0.10067838568061777 0.025413944545965714 0.07593314334063318 0.22601500975652628 0.023896489868670573 0.1501010503993016 0.12231519989529657 0.016368942955654626 0.16646513380533043 0.0018613557490662785 0.2598709090924952 0.4027314229399792 0.2244127567489678 0.009474020267758475 0.3800885104436858 0.20453793385133198 0.3044501696432986 0.2321256053803227 0.04843246818660375 0.15233131930367308 0.02439817279666151 0.0667250668974378 0.0876100961070394 0.08946906142079233 0.011495694471371443 0.005898510097403175 0.09779725673741546 0.022647647829516296 0.0406373361865799 0.08015917635711327 0.16970760024215045 0.08947572829665339 0.05154407719326456 0.0230196643097246 0.10411814745806927 0.11550668731819345 0.03554962136120821 0.03722509007738594 0.24685227636639154 0.0371469373809516 0.017108005426221574 0.023910112310324444 0.025045492437058864 0.05594431957185427 0.2579164171525004 0.050608904208960075 0.01997973857320335 0.10071718589609938 0.011643810492479824 0.036711668630099406 0.14463611314868724 0.12668269983709038 0.011174999117703456 0.14476010857137422 0.01936878655334282 0.017248302725750054 0.06865775083288383 0.009933835534496307 0.17120600231616173 0.09287123585595862 0.04247250839715038 0.0887703387243861 0.021224399700512 0.15530093832130012 0.0460950810058556 0.05043483724614964 0.01490880695721439 0.07056697004009053 0.02430650534953816 0.09692119035727989 0.14086972380361884 0.027221428013556696 0.006012649752983765 0.08066548451596638 0.047155945317109274 0.04207020401462238 0.0006183500239626844 0.11405313141915212 0.00761216080066649 0.15230574076782455 0.06847969963470409 0.1022517594520738 0.029242540059100614 0.046275595452801396 0.2411676555714356 0.06971803922687907 0.06158565560321233 0.07645537168688944 0.13500530761332283 0.08743258106541912 0.18333528698451668 0.15839051743005464 0.2056234057770885 0.12803402960001323 0.03773739314465753 0.04169786649335352 0.07767601878471311 0.04963778417906718 0.13357117345978767 0.1567677022356875 0.0303650511408025 0.4266098476920357 0.14470863882405607 0.05514614479910455 0.07701676270976338 0.11850249055960174 0.06525303090680136 0.16210263022987867 0.10448090745588515 0.13816590323675884 0.0485113437959895 0.15601666942652648 0.17455773423052334 0.13177980623982613 0.003047335203732418 0.14561145825711885 0.2708664770384504 0.3049228676617252 0.0021275104311235583 0.2759206894041298 0.3237384478859747 0.7351632296818901 0.4212688465722287 0.18101592691671917 0.0974479434463844 0.013297961328279748 0.4431056349897868 0.06252296099069489 0.06194474601705551 0.04797573506488773 0.0627850951917124 0.030185390426896597 0.006611389498208263 0.19968861587577985 0.12652411217173498 0.042763017045011696 0.05573632936799435 0.015519753564894809 0.0722590188221802 0.049894102197242864 0.05775686249134865 0.0712827597379829 0.012322986777960966 0.04115086564076372 0.06308128934870265 0.030638569938720765 0.10137553282813924 0.051544943919289404 0.0014166202338340888 0.026417926122484878 0.1498591620581834 0.11235276924330671 0.11932027995395919 0.003698593454796241 0.10432645866676835 0.02100543457339503 0.017658238240288136 0.10301285302946095 0.04590672256560948 0.16089369142660873 0.00702958495333267 0.038796113374923384 0.04379665903350872
0.16165863585842516 0.4929727217774576 0.3215824775693502 0.3339698150034777 0.4034611526015215 0.6103340057778741 0.5351565339852593 0.3768712744933246 0.32550515693904697 0.07131721910550691 0.30762312403627184 0.17053868622086887 0.2899356555769067 0.03522331275603048 0.21268208323448412 0.2141589901658107 0.3455171836529471 0.4452718989063523 0.4414347341398735 0.6410592012505343 0.49910749124021775 0.4816473383652783 0.5767227233784032 0.11646618434731723 0.15262416583592517 0.10327968358685356 0.18854880329926338 0.4004839369290629 0.03752199790828875 0.1965322003056753 0.08259265679898369 0.12745554516612284 0.024227231387687925 0.08539648843854795 0.04057460702350985 0.21981601665080686 0.08037001047392692 0.04678377203932122 0.22070159411039786 0.23182110970468442 0.2025383872638616 0.013834602015474989 0.0014890537945370526 0.07610505377764705 0.10326838975007203 0.10827263547727398 0.2582029996867767 0.4244143775323956 0.22657756572333407 0.01795492633203479 0.4616485751809245 0.2698989783275757 0.37567421311021965 0.1302371092987041 0.12648719401464553 0.12689682823473783 0.1640150992927061 0.01194102021984327 0.023213485826573062 0.029469644418019827 0.0674253475459935 0.10008400519077668 0.02655178896413711 0.008674084004625231 0.01909934561983329 0.15673042144509722 0.20050415125726498 0.2451911481726901 0.26489919381406407 0.07535994698885909 0.19577377679272573 0.13987843234921882 0.15080029977018097 0.1634623938182929 0.12915298912821097 0.2431683158661416 0.17755109385476378 0.11758117857615051 0.11666811965233673 0.014704093183744518 0.25907954937656213 0.034834568186245425 0.13387029196593964 0.11133920441635642 0.03224088464844534 0.17205921493596057 0.21028572041440366 0.08306755479484672 0.07386518941648165 0.05981606229167362 0.20939229732387882 0.059742049803301236 0.1473295559171435 0.02074585734950506 0.15606674462597242 0.1498425104422899 0.03761122322793551 0.14616544728778919 0.14456481543849803 0.23263740502663618 0.10322797824122115 0.11549563645422145 0.046483800749385254 0.02490911905279016 0.1031001664465489 0.1523815798134491 0.035421576439168476 0.07319297768477674 0.08995677278363436 0.09807729716227627 0.0014062698564884634 0.01009364174660644 0.05115923985700801 0.057580729245035475 0.11913843293267116 0.20947662123597025 0.10707735681104971 0.02838410887416893 0.011482117284688939 0.036718197781398614 0.23638500376860322 0.012553243645939387 0.04999823188950009 0.0004587681084849021 0.13873701430024907 0.1034436817385965 0.060102755030910796 0.10844551827034297 0.19186027518863882 0.06140303280051815 0.029698772939049618 0.17784610190756878 0.007064289132466335 0.01957146668270356 0.03926180152027945 0.09864456178286561 0.18054272276158012 0.4464442870269091 0.386596001848237 0.42369282548644216 0.49344835276568155 0.09954697284754294 0.0049327234636891626 0.018104838193385923 0.056446391559841796 0.006177795117692154 0.08016418618040788 0.10841205086624703 0.00435759223051302 0.2640756559401441 0.020960245521007653 0.23799568082488942 0.26172597503580264 0.25053338683334886 0.028789761505970474 0.5808090104859733 0.4958595602430178 0.5455655132229562 NaN 0.28337717271102975 0.04649619762178207 0.16747893195949598 0.2450554370278392 0.14550985940502809 0.07008413975446566 0.0717226965051595 0.06775583556178336 0.1653444797543848 0.07819222879742943 0.19664689883715805 0.11116430991131822 0.16839433110249521 0.0027682204185288 0.0015983857869155428 0.1460291088554097 0.07624266812531262 0.006068152185280134 0.0011587942505740614 0.06925286264411426 0.0025759886571373363 0.14532406188428648 0.41588545677055694 0.30162316770409603 0.2109166035040773 0.2744195619791578 0.5173885217777724 0.42956756074949426 0.41554594061243844 0.44322166612038494 0.24715247163596693 0.24042770148988257 0.1931624120519336 0.22113824833838525 0.0800020759697928 0.25516689312839863 0.27978245316636857 0.3038144234370826 0.43296228180576557 0.3366173735708813 0.5431479600439086 0.5474889876396677 0.4852678098774473 0.47525086290990776 0.0794319127882717 0.05417921476990559 0.017755116994622344 0.13772691580223262 0.0579050814219044 0.06123545511682091 0.15447857191030334 0.07823224761021322 0.05493092281313456 0.002867411005419643 0.04998051035179759 0.11878119869356064 0.27883347173451717 0.0676533068655861 0.034372913614109823 0.1318192754092615 0.26263261387436126 0.0417591554299317 0.07110820198937044 0.11155062395175988 0.0591135886059599 0.1224283976756107 0.0010337643929009114 0.2813332749776406 0.2845479548253625 0.16001392526046468 0.009675468474755517 0.35898142484836887 0.230354725967108 0.36780300625044937 0.21844752254205893 0.12276709158996676 0.12367296794687253 0.04053887855005697 0.058585358790694333 0.06800470005036026 0.06557701615726724 0.020558731618371694 0.09323814774087368 0.026232383599357933 0.020293508167747495 0.01642798501975498 0.024320734182518573 0.20504864590129612 0.18092671852768996 0.09415521363272741 0.040776236950918233 0.14694397938006945 0.17100365263407202 0.14336965529889092 0.07638362698746043 0.15394899203695994 0.04736545615034054 0.04536078529355884 0.03020937515910118 0.013395289603192358 0.001972560042558461 0.17843003012598235 0.03587416467587023 0.0820602924960313 0.09459973634445089 0.011058452077383183 0.03681157744596622 0.1544225486471169 0.10012255840144826 0.009264675293100223 0.17552670818359598 0.005192640653933379 0.02491292765061407 0.03453080490506297 0.006950142069579964 0.14691006224628683 0.11528432680064687 0.04241539735932606 0.038436086701119934 0.10524619752050123 0.18446333782302524 0.09915119621716845 0.1283958127181099 0.005597776156817168 0.05293003281271586 0.03998617118807996 0.08053899799875365 0.12130386209552962 0.10197373421346284 0.004828709427062963 0.0791895400799129 0.10245486716010406 0.11804211033548674 0.07765874218628786 0.03180203635640835 0.06207346412477942 0.16880082852619596 0.10272473281256841 0.10151972263502955 0.061766699766256664 0.059169933625984744 0.2542621811260474 0.06461098907020149 0.008679058975182398 0.11758445073978256 0.13443087140334198 0.08825256208997825 0.10210260875493883 0.1373685938879208 0.23813762900139682 0.10421325155186308 0.02636260574831266 0.010193739477156795 0.014331004972039074 0.012020522246623203 0.15145581788107562 0.1757775800017578 0.09175521875467416 0.3782501689928935 0.2883944391899864 0.21946219771959044 0.2211311543653074 0.1448979100845346 0.08982600321789375 0.17844917372769067 0.08129381111671123 0.07162747799097753 0.054365515560161795 0.16068111675526317 0.11727196159670926 0.18964165745683695 0.04555850123136712 0.08417322954606393 0.30746603660674887 0.247599824624961 0.017930740840912698 0.3951241476600173 0.32045338001711116 0.4688375729097217 0.46793498609241135 0.1863111575359221 0.0583509021178657 0.008625450789128263 0.34444048488027185 0.10642465189022483 0.05726644258784417 0.02320717640898486 0.03555499804589201 0.1288542089752503 0.026991981071635328 0.18568217448577604 0.09796071127346478 0.060166073405438496 0.07430571462398154 0.04353783130483996 0.16047474542438764 0.004958052468774701 0.08721292159283708 0.09550868461081873 0.0056404825472680465 0.0036144080268751587 0.19783922882767274 0.00493809762698021 0.055707865402328686 0.0460075298240971 0.0070787913675724725 0.06480269233508364 0.16348685619940695 0.09039927736826242 0.07058956130970899 0.03928653070551436 0.22042225383719735 0.0014439952370817416 0.03188964158677405 0.1312113010553496 0.042472473889896924 0.14793144368948954 0.08665715902427616 0.03656795275555786 0.02196033517294524
0.16840273205341996 0.1914238937368583 0.27449425854846266 0.18552696478950367 0.1660260882375737 0.32947065133305425 0.3056147339346236 0.24800735917598493 0.27699575630121026 0.04012647209819431 0.14945155681601363 0.09026599917837747 0.21695593830097462 0.015136042554419355 0.11824187708988279 0.17703614600612297 0.2281192609246342 0.23356333097103982 0.3071605126163114 0.27496913266878553 0.20898914466855767 0.19118953500879893 0.2457198758507662 0.025985989311983548 0.022495294754336908 0.00035247868767936764 0.09777359343857146 0.20195945389156325 0.08019329395236294 0.14055152242662505 0.0796253108866157 0.06104542518516133 0.0358054276604122 0.05246915268397065 0.020095124691234662 0.15019940505765222 0.14367168555454476 0.019782344401874413 0.15701269616362318 0.20558534762904762 0.17320011560539486 0.03180594054198636 0.03582785283688728 0.02953851760560422 0.018068202036862272 0.011053582475065398 0.1798201304084431 0.27535038976803844 0.26175487531283725 0.029188058545017395 0.25457771711222205 0.22688243418940426 0.2757599239236583 0.08532489950510061 0.08890702598688553 0.15609049270851932 0.08528585503563792 0.009739202006941231 0.06768872006262946 0.01886083711584226 0.007519268716462794 0.07371075662467354 0.031897256744283696 0.006843957084934787 0.040982416943456335 0.009246292616583772 0.13914808865486114 0.13766780395095018 0.15543157828403045 0.013353724363000577 0.11477791435423287 0.0611868583491692 0.10838643889109541 0.06495342059387554 0.10190804477151544 0.11547283397931428 0.15605106696713458 0.06499795133781003 0.046461136729314345 0.043113935157562074 0.1334525960520578 0.05814288206796047 0.09816902944945693 0.03894279564757199 0.02745665150592717 0.04537608437111975 0.10817673436392392 0.003435932116342912 0.08567766946047659 0.056061539275125985 0.0636023264481821 0.04180084897043033 0.05657717600385289 0.057047858147011625 0.11705136488396074 0.15990562483848803 0.050966196006685144 0.006965251674627566 0.09420412199726164 0.13080096469966349 0.06136896454051909 0.06070427212133747 0.022110590569075068 0.07289413452449714 0.0033206407627556765 0.13205039389391005 0.0410550978952568 0.053096424219895834 0.05625835478547339 0.05649493566651609 0.009885056571541886 0.012200312746750347 0.0020647618660557376 0.11243605277441288 0.14626589197598955 0.14598461898692586 0.1584896862097377 0.03350466739825191 0.08226802086525602 0.0022802052887482276 0.1687332869669715 0.0024283529018526906 0.0013090509636436772 0.04423092433941189 0.05412870093470531 0.06392956793693351 0.10955858417864746 0.07703969897579561 0.13360872788341088 0.02844693032477344 0.005983527038588129 0.11969320493715846 0.03449683809144402 0.007531154891581491 0.03470465086495862 0.045798934109301366 0.07181877301544051 0.26667163909640423 0.15711737636827203 0.1392719428119255 0.24568980429510107 0.07001045789151576 0.006844546575038816 0.04649905489081429 0.038347498799676506 0.04872662077373331 0.08209143623330434 0.12444886928603482 0.031730045021147436 0.1353998485899272 0.10404635591414292 0.11312558115476758 0.33597530536945514 0.1902747966058184 0.05055717305946104 0.1995224776100692 0.21859231286605774 0.27597539802271365 0.28337717271102975 NaN 0.038837963018979196 0.0791627704654105 0.19395231883986688 0.0687783960348561 0.1008537854673459 0.0827678086306516 0.04726944683813726 0.13136383778288124 0.0459864029301632 0.15121297650774168 0.0429524260423729 0.12872423910233044 0.0014570393852101034 0.04032509657815985 0.06593607467792331 0.03112516887504505 0.012290799751075743 0.044954802010329156 0.017182610043256177 0.03429444337947709 0.12718148008133504 0.18787569147826538 0.17498360005118066 0.08079092161937178 0.11220311822678873 0.2620455849553591 0.252402183248362 0.2689485305933338 0.3006494283110835 0.19243283745019693 0.10490302948896632 0.17270540867070022 0.08898498957158327 0.06232111427932765 0.13509077130303157 0.19097384001213213 0.16336638061119096 0.21012646119075484 0.22319502116615592 0.22831623252846664 0.23705902416807365 0.2313824240037602 0.20037971162519566 0.006212922969187474 0.02276887753436232 0.033129788982469904 0.05240339958215475 0.0469157131829071 0.12105289199405267 0.14411758226250942 0.02794440442595984 0.05697501709730561 0.009979630686069788 0.0025827330215292396 0.017290548194035398 0.13248409337706102 0.03013783063343373 0.04121900118371207 0.0554079854316907 0.15709180292343622 0.013177763501334292 0.05218372253672627 0.058333961117793 0.07582152203766954 0.0026337410294993936 0.04923470942966269 0.14487274759578858 0.17426077230190262 0.11888447576155634 0.02944328077573612 0.2578812507973353 0.2023091113024076 0.2586754792096254 0.10088195278874085 0.13007198350791882 0.14619713727690592 0.002615131721726273 0.015338408112820367 0.011445750436037577 0.09719353242515553 0.04804987712964898 0.01937316751096779 0.009664213774278221 0.035784345365112845 0.030551503575513048 0.0037409756991351253 0.15804748220854922 0.08536479079310054 0.010879795907259935 0.010824296238024876 0.11324038227902568 0.07327627317203637 0.1334597610144553 0.0024666504733959556 0.11127492356822762 0.009103632279866714 0.045959066345553155 0.02950155509268548 0.0006849487912411391 0.02692724312242228 0.10309171540443783 0.004733153642656549 0.09850374489140408 0.03063457968463575 0.01845251071524846 0.06394473082435659 0.050604554708798384 0.018633835453456385 0.031059998787809073 0.07989046366190389 0.03856631875484233 0.023594928412487528 0.03669368456815571 0.029134090237321737 0.07375467641557774 0.09709618706770616 0.053343816451181865 0.0756898406742404 0.08433548566069624 0.12275860098037258 0.08692812109199691 0.10680627303124626 0.027102507646830108 0.06689905717652052 0.07974869963372543 0.10873473952868162 0.04633053151200273 0.06689341494660651 0.017022282785183297 0.06132424851192203 0.1225665572958649 0.09983859347560453 0.0507072586013501 0.027258290164210584 0.06751864871596129 0.13379487017596245 0.09421835895553395 0.06669233055340247 0.06592014455009558 0.032295162816289434 0.17630255778419696 0.006818217710233549 0.02117497247523652 0.06282542734299064 0.07358972664062005 0.07209433440418889 0.033015716513542535 0.043828479246754155 0.13908139160143054 0.034838127120807826 0.03434707017226502 0.04305252688173345 0.03391350864801017 0.040280784532763944 0.0691732368544685 0.08283366865492565 0.008038593047390682 0.23517530536681228 0.1259392238402178 0.08132666856111527 0.18215320430588067 0.1849748100670791 0.037561506356975416 0.0043478963510145555 0.037995533237202186 0.1379460496061882 0.09148565212436244 0.15900930262088392 0.07615508621739248 0.12893080327475367 0.043235770021127426 0.11294253254386553 0.2386500093224143 0.1939265884142806 0.06743857158679736 0.08001064713948346 0.17909641966272155 0.26889330099029274 0.15400941601612936 0.16353518245987733 0.018586310400853904 0.0473951148436904 0.2733084951480524 0.04778032348073265 0.05789216879227416 0.001915244904638039 0.0012436421988154603 0.08839444684739294 0.027570426426776786 0.15816368930316863 0.005999004983352861 0.0965814815292997 0.0611195585236037 0.023162894997862532 0.12358955059469892 0.04583451492105863 0.03610478308702487 0.03706406103786005 0.008609319035014665 0.015663919425498128 0.09790928843383027 0.028214519429367164 0.0327931256380677 0.017910887790229164 0.006652057282154204 0.06854461498600246 0.07299475553376367 0.033337422812197925 0.005685904099814145 0.09223705851678496 0.10928343954022746 0.012182702908840524 0.0672778847325307 0.05944934154400337 0.03272874904930139 0.06780485158782651 0.06327401740891865 0.05303838074948465 0.017754971388427465
0.17433345685346643 0.07001155255918047 0.001176081233054601 0.11241687004880409 0.13673171569329043 0.035453597742552405 0.039102586713500705 0.08485068246357584 0.05152183498636318 0.19452599476672688 0.11414115729400014 0.19463012548395744 0.09520430654598956 0.28317244245049317 0.3746512072643447 0.054634656595109514 0.05485281381980856 0.10929612732529904 0.05532141849830989 0.04850679885164014 0.04644642942238831 0.05421264633689123 0.114484976623239 0.10905030855687273 0.06296304457897386 0.07499877027248196 0.28318209151119217 0.13438423990673964 0.228579084504016 0.1349091610857838 0.15638193335249143 0.11378400376116209 0.2594398722958569 0.13451037542122551 0.4161749600520342 0.015434536467353143 0.040802849785321255 0.16334774733518054 0.003966704785786589 0.050684710105713106 0.062329013306605695 0.004428736180239445 0.019909777241117706 0.09368562433713847 0.024703251396848366 0.038398349269144136 0.12371517522591514 0.08246251969193318 0.015178984927315502 0.23182399757101887 0.07221623623972293 0.0818486877416578 0.01703218345886586 0.10982029884510937 0.08215839444091985 0.20888919299589837 0.04262847129965688 0.10767715269122491 0.016624811877269798 0.06524962114926777 0.084109869333212 0.06025023485738662 0.06794000969398006 0.04801580810002324 0.044568317710577864 0.16025577104596386 0.1178223898222658 0.01073987868000226 0.21205701205537347 0.16016652740602202 0.0815482628367381 0.1748778293942691 0.1979408681622893 0.05822861905964245 0.1240956021313963 0.016396161079863893 0.1723298891703924 0.00980789374921252 0.08471256761658395 0.016019641683197063 0.0257566874531155 0.061513272780425496 0.09645938289040241 0.05051813959198949 0.1443053533751737 0.09731696573795642 0.0761193861960879 0.08937689760535164 0.05354100853866029 0.03381736013612523 0.03665288912785618 0.08171765311674159 0.03998644493120776 0.06075510884963476 0.09519454401872436 0.11296982876834027 0.15516928469105268 0.0030303454089730297 0.0002483564673482015 0.037531302232900965 0.036414913283408866 0.14099116883553423 0.1596987424005926 0.09534006905273175 0.13137331945940242 0.05467531390956311 0.04881677631628197 0.059980929350246466 0.07589117110212763 0.030504764701123795 0.013743349830492803 0.010659779415607881 0.023837520624383733 0.04813228569482385 0.09641437217794276 0.26424673258779696 0.09386961945818514 0.03247667449027199 0.02492625885788133 0.06398826378276168 0.03410060305204093 0.07540206162715876 0.09130138008701512 0.03524587913875405 0.1695112815016353 0.0012494665827581665 0.011274567128221016 0.09642283010716732 0.13132361873231083 0.3197718356138571 0.18562508633540226 0.15829543474911753 0.19263197833049897 0.06760478341299556 0.13857819406761934 0.11396379404107089 0.0022734536734766112 0.13932018264537882 0.05724592647707244 0.09983274578588079 0.001112952976069004 0.10437881104112878 0.1652112338436517 0.150059748191619 0.2605778868517715 0.041689121635952814 0.017987034364907166 0.06367773002460968 0.3547558265425187 0.1167150670906516 0.2319152051195161 0.023039327427314186 0.058619655032844414 0.09197723884977185 0.011570447483568645 0.0999327268030721 0.1853616618760942 0.03181652036677853 0.04649619762178207 0.038837963018979196 NaN 0.1360159534171702 0.09233834151112515 0.027276344259721762 0.0025276472912416988 0.06739980576585372 0.0804563650186991 0.01466426512962401 0.1718450106352254 0.2387822783844965 0.16956094127295612 0.03127283472522996 0.10154663837100615 0.13848632091118065 0.047257251740115185 0.06387475175832313 0.14208796127390017 0.010074594891237625 0.08284426433998329 0.10371811458151953 0.1954562605729739 0.0005099262203110598 0.041550542991649786 0.13721058297982117 0.14164860759198405 0.060367254956069184 0.05634524544908582 0.06805444662291653 0.021569967701975813 0.0683735799851247 0.009690525247739527 0.13457088779838755 0.12885055163958936 0.25174789785834345 0.3696626510619405 0.0707268584232561 0.025901582408939344 0.08448579595657094 0.16216848644732634 0.005992175273022963 0.05967557773494108 0.03595250841847008 0.04036447158806653 0.1040646232452572 0.11042304829247895 0.21420278734657405 0.18555178207337636 0.253205302538415 0.1677418460196961 0.021498895568677335 0.15692071044748562 0.024342003602253096 0.11597711569860684 0.05214670572066087 0.033932843070727 0.02003608012355946 0.030754083327348875 0.18080148804736224 0.034122341656414486 0.04808966084086145 0.04206629759507285 0.03654403570695434 0.014842436704166158 0.005031388571299389 0.062466333815709124 0.057912805967630925 0.13170501914824873 0.08743937492389711 0.007534225440170683 0.07690405640489216 0.020152046376517244 0.004733656065704805 0.030084643512836517 0.0034937818007190822 0.09221212174878869 0.044116622116467726 0.026449468892397812 0.019897806147539412 0.09912956232780365 0.04660673161808726 0.004166497341177223 0.045219667450866655 0.011246070579336296 0.03376974670520248 0.012676821690620132 0.0657631726661227 0.009804629316047392 0.06159783488583764 0.2038707696929821 0.18882061678477632 0.1694537487840316 0.0886079452600939 0.04087082804422327 0.135427500139322 0.16979375120730836 0.17127275837655537 0.006026385782320227 0.010748676311277575 0.00828349022208879 0.03813952923386693 0.06342701858801214 0.03358184733209021 0.0311182940132297 0.1170700457202753 0.20826059968701635 0.12931228282994323 0.0056152568753109556 0.11193342594857152 0.15754731225607624 0.04576743297704553 0.09047109571681132 0.11044538139106337 0.02651955620778804 0.018791759594538885 0.08368708157942485 0.09363040216358315 0.1561774121117599 0.09438991707367211 0.024882099164307413 0.05187669661399071 0.01673028041516302 0.019178305846504387 0.11100992471570913 0.08604115838284362 0.1378005237443306 0.024154036453914313 0.04060586176382941 0.04425101097096174 0.004904535120576759 0.04751960041544508 0.0316956770801699 0.05073114542013387 0.022499388602436193 0.004288899711318412 0.05552435442435494 0.16237406559207296 0.00847595056302101 0.05432229282796714 0.005102996588038417 0.0013406931667906891 0.08558836676632749 0.006654342312232807 0.07077934403564083 0.13192751385937532 0.17161712713166333 0.032967627385061614 0.10117430636968403 0.13711915643612127 0.15720224379691675 0.028853571107724407 0.05538881677897833 0.15237195126083533 0.12916949241360684 0.00145737645470179 0.068446233569394 0.037211862577894946 0.06853756534415387 0.02431283029268774 0.18908182037650648 0.07814562364533742 0.007099189881022153 0.13058728877711961 0.2544920751408813 0.16849260486014347 0.16504018265415737 0.19104135036058667 0.041919935793172734 0.10617826326375247 0.19647307906686406 0.13426867233526033 0.09835689525362984 0.11705434578784807 0.009830341973381465 0.014458743701292924 0.0323576242271812 0.025451274597073914 0.005239685671806169 0.00431384264639483 0.07043138089678526 0.05306776522460342 0.07667615561394055 0.16008999248242622 0.018346717734816314 0.06933023250601998 0.0012006407361327075 0.028636465369151824 0.04895372585387633 0.0755475237048415 0.03050781078798904 0.11602165815024891 0.025708419608495816 0.06181398778279082 0.06488417457988058 0.09812740016522875 0.05455705781200182 0.11424176287657066 0.019350006051514355 0.030075272015179528 0.1252767373305881 0.06680976574768263 0.18061431660312255 0.0933331217249661 0.0323731597253842 0.02317995758597152 0.08621495190658303 0.09459896357381199 0.07022858149686452 0.014608129272506489 0.0009165866368847791 0.06561349845141251 0.06429500286879414 0.18040385919717497 0.09642656901484949 0.03089825955283024 0.06564153158429148 0.05834377788358984 0.08598464046380264 0.011824066676553375 0.11740929499583694
0.04890061825731871 0.1378737084204329 0.12408570213698562 0.12106404289736217 0.10675867998651896 0.1159282562671025 0.11626759797756586 0.18091739397151962 0.15114984130583994 0.015371203149608506 0.09698010942775596 0.0027301405084915126 0.08081877953188667 0.0845205599453408 0.09155389333490954 0.05240477536917098 0.03608505331086767 0.14419055380390744 0.10486653614642352 0.12189760254700939 0.13472946141906308 0.10258056546835692 0.1953747171061147 0.00561792321885412 0.05368217894059869 0.051030887783582786 0.1479393474977952 0.2094229299623011 0.1750916679199104 0.29662645064575516 0.13887580984131176 0.2587306664560392 0.19267588553263282 0.25932055228860895 0.276479613738614 0.09832496927690414 0.05266414194283147 0.11987131606759117 0.12024592873453982 0.1418083520208818 0.08056537363833252 0.05705719133965006 0.0006825498465786217 0.09447527614619014 0.0446731834606603 0.006975174603782064 0.20194405334121482 0.1224797618426611 0.11228922910314348 0.005999208950037768 0.19115471241714366 0.159993270061828 0.1838537788687484 0.09892516788017737 0.05204034414121835 0.0027811161775001553 0.1137008127204855 0.012139762161911195 0.014207929668826414 0.006969321066605145 0.0848622241503171 0.18925184740089424 0.08636556916446078 0.16919284353420821 0.014958646933153668 0.15975258703810083 0.3423136502999444 0.28731746880067666 0.12347615813261535 0.033200788354263384 0.2100479318502685 0.11117865114673826 0.2686660423682013 0.09756110536352912 0.04129777320145839 0.13126652271752648 0.15585747459937915 0.013400477075717614 0.04606868078498254 0.09389779623805661 0.1526321117038125 0.08118215012552812 0.2280612182478706 0.1200086109333027 0.0011651246148039688 0.09114242946707578 0.19243617699674204 0.03680320150868069 0.06092539546068695 0.022997436310705263 0.08578397798234506 0.012585243061679179 0.10586243180732466 0.04784129218176588 0.0843389505832353 0.1190104652396392 0.23574030369106486 0.18509677199545335 0.07805752061718338 0.13443390444624237 0.0801251063793932 0.14205070320287058 0.0030908009343231027 0.05256719502127131 0.009420345714486585 0.04526277782371384 0.010506807849714181 0.06211128942545725 0.03711195241591292 0.039962931479903326 0.03282686531569457 0.00843887295988855 0.020382554279150106 0.07594979821973759 0.06221422099579165 0.07855401203387263 0.053130563241874235 0.01596828877858295 0.056564608267206905 0.023884856486828993 0.08076594278657158 0.03071499278738879 0.001311094213038204 0.05342492270264431 0.056302480130980236 0.07306923178362806 0.004069546301683933 0.015097170737574309 0.16674152111652216 0.18508704801925996 0.01980049764025022 0.1644965144225243 0.17163643562800937 0.010983663014009992 0.03500061827711302 0.04290798653010248 0.11413202730638082 0.10664973347400869 0.11867458160476564 0.1385002573540431 0.17069088129354956 0.040510155068040524 0.019487732526576786 0.17504350996486537 0.2117613256697067 0.026551695363584756 0.01711451727456159 0.0063335490732103605 0.29429818830298216 0.3749578077380128 0.37088312255788286 0.006999124046281662 0.08632692820356104 0.023959032661352797 0.03254126582717308 0.19041988518406536 0.18313424189007702 0.088953243738294 0.16747893195949598 0.0791627704654105 0.1360159534171702 NaN 0.04854651811673747 0.0173147639569204 0.09029637421981646 0.026279046624166653 0.0475556524737991 0.03969263446377214 0.10075036500866508 0.2142519208461505 0.09638261042985433 0.059975916257612526 0.022281546624590417 0.10897256089150671 0.08385053025346774 0.09945320642201115 0.20343299686765753 0.06748251806289324 0.1200392008429897 0.06251308978594988 0.06198605914587518 0.17776486649699058 0.18258038535836754 0.0944417356041295 0.09307179511694504 0.11380630528567932 0.07656609503807052 0.228310957534792 0.2244360952416242 0.06662225765678863 0.04376405480802281 0.08133784577402976 0.11895005777078764 0.04422397741810855 0.03296340771333552 0.06653502361187044 0.046967839449364036 0.09977376031563759 0.09108563234884 0.14433846886224463 0.16514321594415549 0.14206551986985605 0.1964379011273128 0.07071417904897263 0.031070564254455417 0.007585122411872346 0.1645951520410079 0.020797975372379214 0.19593125607937348 0.2771597571538027 0.16415743455499768 0.1749080496073044 0.1632222547167838 0.1435784837161789 0.19359339571564138 0.14292369673117764 0.11046459947321773 0.08425592995687084 0.07355917639375494 0.1177217289338427 0.02882583075765713 0.06900785988976098 0.05401376138434042 0.14402362646988923 0.0723843378937856 0.022002600899591038 0.13858098527627719 0.12184432103519141 0.10444803356255503 0.036775901009315964 0.22390982118901967 0.16309394186328216 0.24464474340330108 0.13218222276393957 0.03698380706521612 0.09559487826111815 0.10658748697581058 0.0023964909360084065 0.055607338760439926 0.08029568667443998 0.08042863539107305 0.10226469531932939 0.0350838355433671 0.07010640586519777 0.03592474180691575 0.012055445214475434 0.21769821939554723 0.2469175059545429 0.030957958627802498 0.012169593782396662 0.14928356640519175 0.1878435482819277 0.1905523780196263 0.07723805562270897 0.03284035327104741 0.004906859336121565 0.07319782161039731 0.033487492147532355 0.001675198691911882 0.0023954013277400687 0.112303705375533 0.007872246598727132 0.22387684550627032 0.16097339043268394 0.06662166613260427 0.054123537466158514 0.13937068214817858 0.016738322535837888 0.08177137258703057 0.01481496360335344 0.0164146537371954 0.054088539302242965 0.0634194031277008 0.06871402294531007 0.03290956136974313 0.05306921883210263 0.20781273266118752 0.059290950089128 0.08750891857588641 0.08862898331117318 0.11100116804746403 0.11657853201945703 0.05963012053369388 0.09225942386877008 0.09762242616439808 0.03707030852206133 0.05035648077464272 0.10998904231779194 0.009964110007729768 0.06512348554445871 0.09301286605179795 0.006296932731331772 0.1269899103200699 0.03948130604377399 0.059220783736970664 0.11882532093327733 0.0947451170203024 0.054382076834039325 0.08882616410834394 0.06135243749246656 0.18095067310177923 0.05495238514403968 0.04202056185061277 0.11066303361007539 0.07161563929109055 0.04151895033568851 0.015447135248824184 0.04876240403695936 0.12373820059066479 0.14695133496865626 0.0026514019008970478 0.06332968125540048 0.11222876104645452 0.03656116848835322 0.04260475319916791 0.06486649203349702 0.045681602450490674 0.18731031786835228 0.12021437231389381 0.11591282876170413 0.12103896209014206 0.06587946160201077 0.010272630027808717 0.08118482356706944 0.1684637757423367 0.07853683772734445 0.02826638631231791 0.007156817246860806 0.22894958618125927 0.24598266850092596 0.3077390847922817 0.04971927227841808 0.12179311606899183 0.1149709636953738 0.021129745094287854 0.141570443432899 0.14934712366362915 0.14412157855056137 0.18966595280972973 0.0475430677886532 0.07384582737873996 0.2048824338956867 0.1488377691207543 0.05005223625347438 0.026646047144494766 0.026834116081335423 0.03355527241091165 0.04724500550517772 0.009899090633798747 0.15653719341006128 0.03843647776718523 0.10624411534592103 0.08250930312320894 0.11124638588130575 0.15929111643713392 0.0490745362786274 0.10396756706148888 0.02616648558742472 0.06242588845467562 0.03085223286922953 0.04770120530540631 0.06527595359290342 0.12106422943547968 0.07273031912298342 0.008372093658996585 0.01970663860783555 0.10614090843573892 0.040063018389634934 0.15202971876445912 0.024171934841847258 0.008094335860518324 0.06949391242508772 0.06545442932370324 0.021247816027063333 0.07794260708299733 0.07932430401793367 0.06923346839497876 0.05310195283985486 0.08152371636937054
0.07469559497886304 0.19520577015829949 0.09607472853008095 0.12407798919541504 0.14243956599704818 0.3478634841096899 0.40551544400721573 0.3006457903941518 0.20694504323795324 0.028241333592310076 0.2820670958864356 0.1927577877040134 0.06067739101922997 0.07394406169501912 0.15099459644868582 0.10877956090470775 0.2234255958501534 0.3039175617428364 0.2350341820280212 0.25160177307863485 0.21710592835877526 0.2738729176433339 0.1888914478289485 0.06442225606556072 0.05745764598627719 0.06716732240853966 0.05008537203273982 0.10020120135541435 0.026814419310608732 0.08942774664033938 0.06683128055943902 0.022301951176752474 0.041339418262470125 0.02364975477039164 0.08100975200576745 0.117582275140558 0.03970255705227924 0.016627019408362694 0.06143510590867277 0.19291405669971876 0.12696598219834007 0.02278864859998118 0.010896859169069071 0.02120496575153146 0.09386326132701688 0.006934451566691219 0.21167752548260918 0.27107894529746146 0.1474192874074448 0.10919521575073703 0.2999579987287609 0.23914479911403713 0.24047777920819655 0.1890043753055035 0.07404851102569675 0.163080517090016 0.13153429195996585 0.014925648237813217 0.047768191502479795 0.01375793103654519 0.03664310225964044 0.04832515073691394 0.030153449391393503 0.027276020414817925 0.06118586138586556 0.09339704761999827 0.10000743137214778 0.14834410942526602 0.12322115634574211 0.14215204912277754 0.1276355375940294 0.09079389395325621 0.09190646012785737 0.09649082374152018 0.17296646867532478 0.12341225903373855 0.016617491092305363 0.03964710935646119 0.11390069317622664 0.14138807398475164 0.20491779782319394 0.07707451157838348 0.054797033735496145 0.03037738361558543 0.0666599384164135 0.003283198910887531 0.014994634853430295 0.06905752849513738 0.0792808962813844 0.036179389544625545 0.05833616692778699 0.02599022444832076 0.036141905671895506 0.0072124205238019755 0.1497285978302695 0.15706886601131292 0.009700226845143576 0.11596461239070278 0.029445595671591943 0.14541613687212818 0.024447673346397327 0.018657605488297552 0.0060298299465610565 0.008973959019994055 0.1067312544586375 0.1076966839809672 0.017112012977212796 0.06984628183547402 0.06776051154736988 0.018359658506298584 0.11299021763350968 0.06147087775123798 0.07005759033346579 0.047662343108884675 0.12311432495595603 0.21854002260081767 0.1683778614598266 0.059502578562787824 0.04776441406186778 0.04749410381056949 0.1249761742889751 0.030738998371561653 0.0618411695888766 0.009600796744873427 0.1846835792539825 0.06575697559661031 0.14121350922361553 0.08917547148201033 0.1483507850010005 0.010063844631409444 0.06777282331348253 0.112736292153468 0.01968329586492255 0.04203421234143748 0.09936506960092989 0.07425497918321351 0.06818867909092932 0.3685271058393494 0.15466041904775424 0.1332091788744747 0.1338074848764274 0.01730988039472583 0.046233975087555966 0.021763752300842064 0.025840719478455832 0.0966386025044417 0.021163748871044424 0.10797383108709849 0.049127080102513224 0.12204737567804977 0.0061217528547010255 0.0930404497131473 0.15811560074208814 0.31233391590807486 0.028555274371592713 0.21958502819758474 0.18847013074634605 0.31397228725916865 0.2450554370278392 0.19395231883986688 0.09233834151112515 0.04854651811673747 NaN 0.054841386010759954 0.0029103099042532814 0.006633025305798864 0.03700013339267617 0.03639812292419723 0.02157387841036299 0.10221412020674689 0.008965171030301556 0.055795780086797864 0.018541081434749553 0.020265779723827076 0.0898977042862397 0.09953420452928415 0.019696371010408546 0.02041769685116424 0.009459764733546332 0.023241941829189407 0.04203684909442786 0.14633488893878094 0.12806509790791765 0.01292423640260257 0.05614539294621465 0.25111122850763506 0.22987878287946079 0.24950581639799033 0.28328586935937855 0.17159621622780463 0.1628506530167107 0.2185549811306919 0.017661283390081453 0.0805462539497952 0.19102399480659973 0.14216541365595242 0.17568070072287734 0.2807848299496117 0.1685495749131014 0.1856090925240822 0.2521311380979743 0.31592794282492875 0.12653706823339522 0.07901146051850418 0.032083438003404394 0.09624664675529533 0.013433971791949172 0.061682092339172885 0.0024194118090871586 0.0668780100901146 0.03522078557850218 0.06478454149885514 0.06878361581910186 0.043329249737220396 0.0077692862759701515 0.1594945874559469 0.015332379468294303 0.06521420754825301 0.09787676094429341 0.21746555028495704 0.07460126894292922 0.0004181065414645734 0.12115142400393915 0.02448620993355048 0.030125278988689302 0.016541632147627956 0.191147584222755 0.18301337668994774 0.14033191400625855 0.06248781902814077 0.2580536385200046 0.17137520232079465 0.22013289768596728 0.14551443850481616 0.08257874074336553 0.12929211646325692 0.016126980366777215 0.026269701094872124 0.001729977625325044 0.08870650587590087 0.002741483085495015 0.017342918887248666 0.08078937696995087 0.0321493288788833 0.0711258463396708 0.0486043757037355 0.06341441018872805 0.04537198045531543 0.04922700092868389 0.047464195516294376 0.07011404278608677 0.05621654576900336 0.0730334584378297 0.056328930962074995 0.19293796177169528 0.0009769688731086303 0.023595352707465544 0.036609179118280634 0.029056590517275247 0.019134836461375024 0.14570469103577427 0.028537798821015446 0.017795879420524807 0.002746189229252331 0.05794712518118463 0.018087272413199715 0.045190940478082475 0.010820173326076224 0.09466858103276557 0.037109976955322206 0.01172788143006344 0.07933186230425558 0.003475370752361199 0.036314563186652715 0.09470752044208924 0.10015787298238696 0.01608123453041769 0.024823066507297223 0.05868344060130477 0.12330242993241523 0.11077382533509701 0.09028664588512465 0.02112970243826595 0.02281703836538895 0.029557146937802474 0.09604583434339564 0.017475281554057278 0.0747941785842022 0.06013615639479958 0.04184422595776586 0.0835926427490609 0.03394465169251664 0.019657116660072523 0.020886462819650266 0.0008176774097110455 0.16672909660230195 0.09471781913123975 0.017050589925302232 0.05804955757911084 0.039035888410551306 0.14334043320538245 0.08271113076974951 0.09077170919310659 0.03933593350107693 0.1679262119356188 0.003636939143344078 0.12551465642545329 0.13555089490049196 0.1760898942232041 0.0276932236243138 0.024119652709889607 0.03764025267776654 0.016856477508227795 0.05509411600900394 0.07402571748560996 0.10598278845991593 0.05235524146382045 0.2935502829996383 0.1403027235278324 0.03180732426658307 0.05182776149417553 0.10108649982987378 0.05534459293570823 0.08496671163035077 0.014243384751363077 0.09483884320829887 0.03267516933974311 0.1496645069978624 0.1360968438507972 0.09239038140460233 0.043608908045020336 0.02768789680957278 0.17731888529318715 0.19295182503379749 0.039389975557422 0.11928243473935175 0.1857788635460087 0.31895275685528496 0.1064404615511032 0.12349434268396733 0.0050258941251603104 0.07291201853988856 0.2933111583492894 0.05590081053722455 0.021662902398794637 0.026798912986405254 0.04825226463704792 0.050265672150053314 0.0316072576013934 0.07700431251932294 0.007825889503381414 0.008198769257243894 0.04276609553763739 0.04417717459536651 0.04741595087112228 0.06092048389690273 0.06473941436196101 0.07636765994290871 0.0048466074101348134 0.024788172889484334 0.14366232017513192 0.01729737240494752 0.011641379594643939 0.034721021486687646 0.028617527722166306 0.07599073672601209 0.13687235955055327 0.09297034098556334 0.008087751461379427 0.06069053824874454 0.11273972031097898 0.06295752634912999 0.06193511678798124 0.11053471395861862 0.07443434221303258 0.15203448593658758 0.05296986136112965 0.009436342611121926 0.048751351026167324
0.10846527204309644 0.11089023587375885 0.04652842617753898 0.18324936281090945 0.17850949321665932 0.16292568882365263 0.194907592005369 0.14902158578300806 0.02530379563520208 0.00654906748918865 0.06194084963822308 0.1340994524571849 0.11009036928165415 0.004205263078938838 0.054568571404228605 0.004666742342217626 0.09295596323859795 0.1706478945819792 0.04745454339808496 0.2158895321431694 0.1611848111921795 0.1727523903772191 0.13162710347390244 0.01194164922292516 0.016401109412713794 0.028008339412672483 0.0003400268815159716 0.09660190704286312 0.07354735700817969 0.08938115075921309 0.019218229303364708 0.07961451623299541 0.055143135532595644 0.08400150095731278 0.0011357641214640836 0.05393937774957807 0.060675856299636656 0.02156359930374351 0.03942535074998338 0.041038629516519785 0.04243419450276411 0.0360799996428808 0.038344808313354926 0.014850024696067141 0.04837290377374658 0.08609997958056216 0.11035816009629397 0.11994837787801418 0.028792030956188933 0.04198889382400547 0.10240393819369122 0.13704370255934065 0.07065670201085615 0.06921835407679956 0.0019395729598588375 0.04267284999746103 0.017375461910611022 0.002741316939073942 0.03975049636037902 0.07523729100970465 0.009981073608639786 0.0781774756649544 0.21422186320003592 0.04508320609274368 0.09248517958873824 0.1740281149707088 0.09969681774885956 0.11369625086241032 0.13276408038768944 0.05365764497144657 0.0939713906478172 0.14156288000318923 0.015880009425808996 0.02328547177729887 0.19570672602109818 0.17076640961569306 0.10414292271237417 0.08441940997823191 0.018200159508720608 0.05119363309305836 0.10734534583495012 0.053844092332956534 0.021533407046870328 0.006027809819612987 0.05207368201689261 0.013919110364813416 0.06714587252040764 0.010398717479731187 0.042636202745916355 0.03824038515125263 0.027631197136758434 0.05487347715885617 0.05866602456102611 0.015560031934294472 0.08798481043762135 0.0030065652864559025 0.07221082090592788 0.011732969055578957 0.03868333785742565 0.03642721845793821 0.06270877562751699 0.008025675209416355 0.02266915558396655 0.03439612153504466 0.10374731751386158 0.013430085773881056 0.05232966848850543 0.06929674516720878 0.029730994200439547 0.06600798287876009 0.08549376905905133 0.024121876280041834 0.0152659590766854 0.03617051282845737 0.007880177778975097 0.06411384007590366 0.01089787645672079 0.012046441837387198 0.05848768743487842 0.014764570451553929 0.094679127391924 0.005630355441516118 0.045314970858088166 0.09031185925154532 0.07598727616447394 0.0011230572590269538 0.06784250025111589 0.03995066087316121 0.12300143667786739 0.020012844742781376 0.09483690966227198 0.15166137928761858 0.018667969754369438 0.01851378329699898 0.009303987771060208 0.006313397173586706 0.12878912676822923 0.13137192637130826 0.22288131042843617 0.07454127532727862 0.0979450363477023 0.020308961441748364 0.07022698018118533 0.10543759672040376 0.019617696770302635 0.07649089319449094 0.03306070847079212 0.07479287925833922 0.08997652641421773 0.19040257329354798 0.0667726786163569 0.010939453489677687 0.01991432615234722 0.010932607681165697 0.07056423224393418 0.16952822245675142 0.17150726414051626 0.14519270034879017 0.14550985940502809 0.0687783960348561 0.027276344259721762 0.0173147639569204 0.054841386010759954 NaN 0.1425011746371135 0.03563605640559782 0.06790613603900161 0.05993034798029437 0.14506055952579738 0.04588336733171105 0.033440159877716036 0.04046409201342525 0.005713313727899386 0.08121807886358808 0.06176516851662148 0.0944245812033667 0.08598539702930867 0.007316265149108432 0.05545502426831879 0.06139853422092394 0.10153581055539415 0.059847123572996624 0.06994187655904022 0.1522372020243557 0.1633467919964178 0.19490377095036635 0.21539638996141994 0.05805905431933781 0.08785618151260716 0.01455499055410908 0.043905920334484975 0.14061138191543143 0.15861089488740532 0.030429150543951754 0.10192595095402332 0.11262767356980881 0.09647473273775724 0.23110715606656448 0.09940169194229288 0.19283081743294334 0.11034096240387907 0.14731614752242395 0.10921205766471492 0.0017262365492868436 0.03836193797741844 0.07974488044625407 0.048171830612037427 0.029922766236135694 0.08864245008501907 0.12440123507352807 0.010365625562440526 0.08082622653411738 0.07791076044202203 0.07481812108628877 0.11677314156353308 0.08845243476248087 0.02791615090438671 0.07728953104603274 0.00786188843332176 0.04755874600717081 0.004131921357141944 0.021332393631736335 0.02248170132042186 0.01566287883015069 0.025899371297518396 0.02002166003289447 0.13971328521409226 0.08224409162910246 0.04684788345124328 0.09439427148620555 0.06217199447716096 0.09966866103224575 0.08689924507375762 0.09609162337367255 0.02289473595257233 0.04700360939080635 0.0665438397231155 0.01917222721678559 0.003922171169927098 0.020874670420513004 0.08023980788966077 0.010930667582396634 0.0944870393929634 0.021007356005714222 0.009918441681256523 0.08638488384400711 0.09682500862061973 0.05463934078593645 0.08299917666812619 0.03637091678362695 0.1609383676952461 0.08326850648726121 0.009807815333275509 0.06327628689133659 0.20417964866387067 0.09456592071258664 0.03125403121870801 0.017644655954616412 0.014401360525178576 0.019010697715606557 0.05996103399364155 0.052078197098507466 0.029613184650909837 0.07556604791631716 0.09621842955648534 0.027897806174171882 0.10029865925052532 0.0008620745283368852 0.03814855893302686 0.04264826510366057 0.02319235533124091 0.02665535652806657 0.03428628054053482 0.08340304045303912 0.042261920503724695 0.03020856412749395 0.011497590027076357 0.020584617797855108 0.06694120882815065 0.06181345588401938 0.033457951141682596 0.003820194207932029 0.06669720974195116 0.07913071717089035 0.03640047167176049 0.04224278389513002 0.03577858525559912 0.030031008794396102 0.06851627348222468 0.04389337686893395 0.02778816414277424 0.002181663801205226 0.007720440018202895 0.038628942946622925 0.04554167250949457 0.17253654552254286 0.048397070863933515 0.07814334434600577 0.03713878122997299 0.0001028219519650529 0.11686216561552874 0.010589355589265059 0.021676731682783532 0.010356141190105495 0.12996569351561948 0.05247550718937804 0.04099718718061477 0.12728282350904366 0.16512496052966685 0.0823712305608883 0.08220845178924271 0.11860095060536083 0.030601097760812355 0.05730754376789706 0.06424749633179264 0.09186427633487075 0.016239988622919557 0.20918723267593323 0.06635317387026102 0.04822785548033232 0.0031164941336289417 0.037581233702197236 0.04268247283881431 0.1119951904894914 0.011925944360100985 0.04572340521358859 0.05299204495492452 0.02842677449285001 0.1432446770421748 0.15338484911292016 0.04126698860185829 0.09284035519171324 0.12511153611245232 0.05254420946632183 0.035903704844072876 0.07895089104804022 0.0860140264758336 0.13089909023066162 0.12536585670915476 0.09134245216528616 0.09757053759535582 0.009605860088926029 0.18584700273542906 0.15095798194234908 0.028663610349494124 0.043115331051708686 0.039145032334770194 0.056493529281644736 0.03607062804529724 0.09959679994959587 0.011056788502518629 0.045010093191271194 0.0014124509906657235 0.04574535720703678 0.006813452314101985 0.13855870452493665 0.0845073147777132 0.029488130973381762 0.06197566164537024 0.008433077043482486 0.1090965221541471 0.05939131485237495 0.08921791777892746 0.01754221468570886 0.024591864509560735 0.07399186851012184 0.047625631356230956 0.0696080711272796 0.10007111881404268 0.0011413248538010062 0.12786640475845648 0.11031260455094544 0.03351843248865569 0.049741836048626566 0.05093421319420052 0.11213565091948381 0.05428449260861226 0.17856956234159713 0.02101269171595877
0.022248207826206325 0.18718580746417574 0.042171178287456465 0.09515455274195309 0.10039634859436247 0.10762072113378252 0.1164296155352351 0.09165998527607279 0.08172138021785666 0.006851100986608151 0.10166381785761315 0.14777633317081507 0.009378481422715069 0.0009878408912257879 0.087151545155602 0.004974493046393786 0.02007962390636532 0.1558420501791039 0.014097790261500242 0.07169648035659962 0.12305397657626992 0.12642399427394513 0.18471491036343807 0.10918057710083172 0.02039439809298532 0.04339510793657309 0.0006071016458587265 0.07588497996178399 0.04275993255494409 0.14158519204101802 0.06338609989902903 0.056433966648835064 0.05318262141742669 0.14764125112745277 0.029974720251417866 0.01451396759425205 0.02831424154834961 0.0632757778571939 0.07704109310538616 0.04338842265538319 0.038834479035992235 0.03154885432405573 0.020804746163431843 0.008152442783587122 0.012204875028050104 0.005819217584283362 0.13470820697858502 0.07638976478561693 0.035997030810951465 0.0427988384467072 0.15349859616739842 0.13330728262829233 0.10785340941492966 0.05664530254703462 0.031562835812330686 0.1127589523313254 0.06769886418975127 0.024951234139154014 0.014883834949799358 0.10526355074342368 0.0933882258842757 0.014231152382907768 0.062083521008733905 0.07724506892264568 0.056952518670417424 0.12896491977135147 0.07448158338985264 0.18896366844493132 0.12467493690975683 0.0511490276704403 0.13156042855971328 0.09344678024820437 0.13137790910529212 0.07835546579842936 0.0940028150736294 0.11509963177826618 0.008481890947909864 0.04906142084950504 0.04637311075422791 0.0007559972658482242 0.17658107060527017 0.0157869276306526 0.03220762388096603 0.03434800881252733 0.09478151003060446 0.031609430097661886 0.09264517144633609 0.03496815875543997 0.04603026423774581 0.038957823851514896 0.029755414190995658 0.04532338978864243 0.0627914313151203 0.0021969161633999352 0.07057092685866384 0.02159104909977666 0.019821146756854657 0.07076336889128096 0.024378072060784246 0.040314793823860974 0.04188692867768175 0.00953441473132857 0.021541738358535664 0.013285749637620286 0.04571632225886848 0.03846460846656537 0.052229684516338644 0.0645563268901376 0.004458707706634366 0.06717865432128012 0.027359718436965674 0.05520591444361293 0.05828672325177291 0.06575648611426603 0.10269461999102561 0.11058786914640403 0.07339262860711071 0.003180159588921276 0.03636586954646477 0.05582258324341465 0.0639288480402966 0.040169061832353074 0.07843398893612302 0.06132012381729258 0.12005617368278944 0.037276865166766655 0.008235401673748186 0.04706087622759743 0.10470383955128817 0.0030315614152577183 0.04081499571086001 0.1405295833351676 0.007793354005555545 0.016922448611462387 0.002104032300154091 0.06705918542869624 0.0005901500437071694 0.1132402506237417 0.06204945157426523 0.03756087999508052 0.1468094070817565 0.060006488518076 0.0776344711006817 0.058653602795827216 0.021565483204921663 0.03184415478889988 0.05880889677959739 0.0881586732517059 0.07435640951949886 0.1754937614722784 0.1404133151184061 0.009894767526210189 0.053577466076369935 0.05141699758590626 0.006336745212788347 0.17792259320804626 0.18487390939199766 0.04806772460044307 0.07008413975446566 0.1008537854673459 0.0025276472912416988 0.09029637421981646 0.0029103099042532814 0.1425011746371135 NaN 0.003413023637010047 0.038228095749883756 0.08161631756387888 0.030509182384549603 0.08186781622758517 0.0753409311099759 0.017545350775751485 0.011991675205272775 0.020635811094179612 0.05623557355999348 0.10760179501433449 0.0052970907691192795 0.03916279510975989 0.06574219152883623 0.02428045984327478 0.010069563859366387 0.10706779288679337 0.013203116745729429 0.0688884156198855 0.09262332278135436 0.06955775389027802 0.07251971217810106 0.06717362831892759 0.11955117827564128 0.047987506070798304 0.02489435745543929 0.11101888285436297 0.08154021347256281 0.09606951398220107 0.11933742468561169 0.026280295369982744 0.009166923122412629 0.15900080044819426 0.05948410419816774 0.0546203681927586 0.11163356376212945 0.126838367255388 0.17086757374548858 0.06437076242211492 0.0010543743128979355 0.05714535792046984 0.02742542946242795 0.10509499951699891 0.026232693751879792 0.17641942977233654 0.08318114288937697 0.05366781131842133 0.09119760524872646 0.13529917651636109 0.0972265208168471 0.00950759179680949 0.03132432790184637 0.10396809208112696 0.022159439559566577 0.06935556327411053 0.014110537221814429 0.03411808782974695 0.01724712965686205 0.009233308854758062 0.03338981139755064 0.006089226750719569 0.13366762976017443 0.023942719489034522 0.007459111246823456 0.029983759900595926 0.09999082365422932 0.11383000750853005 0.07772499380216256 0.10856914452970048 0.08029079291681733 0.025584755932920283 0.035820010230729116 0.047197590326919225 0.004629685513195806 0.032904661337358865 0.024178889669574388 0.004479103541566023 0.040100851953071365 0.0009112000961387023 0.00721361246689099 0.06214116347431907 0.0680045274502005 0.14634333202258265 0.028446413148997984 0.03254150431402095 0.05325335051026806 0.1557909521894548 0.08625306581673334 0.04696721642910885 0.1027958474691708 0.026989045317604998 0.04239738371795424 0.030506001607937188 0.010174024355078849 0.02669488775300055 0.05479161656878639 0.005272960091019533 0.01883792714194528 0.013674447407109918 0.03906705411050286 0.04479395081559606 0.0975589450952623 0.029171162798504728 0.04316273822083689 0.03630416984727983 0.009628647932164195 0.009412693973463438 0.015403258619298652 0.04132108436382115 0.02696482259547558 0.014766080414061177 0.08208221295454422 0.06464459599414579 0.03137043732366844 0.019223226051146833 0.010217260648839484 0.031945023618583986 0.008800996568362286 0.027066488502781618 0.043481812105067304 0.012391201607448877 0.01602109529100017 0.019264256195702725 0.009254861397040485 0.031825221236803 0.02654591816718856 0.06901272878203764 0.035852204442142786 0.011371498656322832 0.06178354165510163 0.11173234654622766 0.07771962595774261 0.05235658420716985 0.007313788937223083 0.021609667860243414 0.030166951097725565 0.0006428603246153306 0.0567805375730201 0.006608407243595304 0.15098636200452675 0.039647323166239576 0.018448512914311772 0.10020021185181342 0.1367380886685335 0.03623754494670236 0.08881295969122932 0.025408071893196667 0.025105979451958027 0.011503098897871973 0.0794572032802323 0.04953419562310226 0.05802674426200538 0.07150951824755312 0.07436990355833448 0.05304141469632511 0.02658176981783367 0.0025332307447537704 0.07179495869803344 0.05846309737454703 0.018971234403779062 0.01730486955072942 0.04624880542922285 0.0729524386266642 0.06679520355412692 0.14661855955033007 0.1459648354435719 0.00033866311879259366 0.012832119867882 0.05190572281182873 0.0048429901303308565 0.1534403339621809 0.08271904387053527 0.04368142386818618 0.07447042334231334 0.019351625937623334 0.06475456731686238 0.022751792070529173 0.044385283067768413 0.10207130156643557 0.0587063007789138 0.01588248417608624 0.05706540063087941 0.05592920251072971 0.013370018057715588 0.1502156181930832 0.045820465044216954 0.02668572195231757 0.022800481677328534 0.018070588277860854 0.06403433970300886 0.08538101988798841 0.03352889008593103 0.018041813919337343 0.024570633455523645 0.013056758518411496 0.06452540774185528 0.006714629525620359 0.01385186998184708 0.028183183357707246 0.018433498745971805 0.0452350525692284 0.08386366911607374 0.05028648799206008 0.012432003173672712 0.04769621206886933 0.04265630276851807 0.026139565015702113 0.04180130352944714 0.008865994651201074 0.004907931138156107 0.11334377902400904 0.04211547916609081 0.028060633290069435 0.025544436191384197
0.07907284180091961 0.08918290751442562 0.017453644049177052 0.012597421928107979 0.014470228343350199 0.07901802552126212 0.09167375319518012 0.1011767444376804 0.15165723363280298 0.06845901704852417 0.06266878930183811 0.09745926961712918 0.01797524932392763 0.16209929739897583 0.14983949991187273 0.04864897703381298 0.028802295481212097 0.12206207502260515 0.026729479932597618 0.09986514923220828 0.09354910907940137 0.16170445463589397 0.15366814304954513 0.09402476074278802 0.08116702709525593 0.038878679762082965 0.06779116373427985 0.037061800051701316 0.07070193163941353 0.06959968556420211 0.07512487195503388 0.004967987769420855 0.05256518037788253 0.034011710791811325 0.06373187249765142 0.008544039786836119 0.027593321085797536 0.06425451667408015 0.06631465361924133 0.05640229247407287 0.0041238006069414515 0.0316993395010288 0.04679545482499205 0.09435482659420605 0.08086969633735255 0.003276575219130263 0.1212001962517211 0.05659234583595219 0.01115549019499029 0.09382057435306139 0.14194480712526092 0.08145661933226311 0.09082339561419825 0.07662330385316883 0.015455062013137792 0.06203863222133287 0.047323386815573805 0.0645697734019154 0.07535521106631991 0.12708822111916498 0.059729715542938246 0.12111734404585381 0.0017368174508629374 0.09207793491055137 0.008991369738219264 0.06611100486809135 0.025888977056870648 0.018229209066920837 0.04325909632970368 0.014729800211279684 0.05821572640817723 0.03926861053544484 0.006207876370623658 0.03407992263655123 0.10370585100118176 0.12093620523574213 0.04508392657753705 0.03928308233933276 0.05719262202581351 0.013902619915055125 0.04947163967033667 0.014259638691867053 0.025483776529856624 0.06987603257784163 0.08637262848009539 0.09660961935109129 0.10980406263549924 0.015574405394811077 0.07178750424284848 0.04366909176526821 0.009451306266970586 0.036250299766953036 0.10596264071474273 0.07745281287681291 1.2961550358387144e-05 0.019439410879578466 0.07466207006902893 0.014450852609210781 0.0599515550257957 0.001087331905260994 0.012872222238997075 0.0805086012518277 0.10609700336765066 0.08064036118063482 0.07651220116579185 0.04944353869142805 0.04123506276249484 0.03637829668635118 0.019996105935897162 0.053366475362687724 0.0731585541601128 0.03480304813045853 0.03006746355678505 0.03967758578229498 0.09398200865779166 0.17601243257360835 0.09698872899687437 0.019642525708088204 0.046589907848069226 0.041681220133504455 0.051234192077814225 0.05099846818238765 0.020075690981341678 0.03987705642898144 0.04678247773360101 0.029669248083545978 0.013109676780323317 0.02533950607323502 0.07958842564752788 0.06697665895977487 0.04582527020717229 0.1315096627367018 0.0327438745352378 0.012157305750351158 0.03191209185596086 0.04300567033367061 0.09207480973876958 0.16200257708288104 0.09183872671802072 0.018105217491228107 0.053339302001928296 0.013768185738479103 0.11641431493017534 0.05437402886297128 0.02305953906472638 0.037627764096528425 0.019939594220369176 0.12707956795087164 0.12083266641292835 0.03831907718928042 0.048396035043982676 0.047792936789014875 0.004621944124996021 0.031282028373838255 0.010415707516939642 0.15791749227603705 0.15948570573760282 0.1584366760606576 0.0717226965051595 0.0827678086306516 0.06739980576585372 0.026279046624166653 0.006633025305798864 0.03563605640559782 0.003413023637010047 NaN 0.12324831684433105 0.029477521219206097 0.1358552469647118 0.004856390036205142 0.01309640785863144 0.06002885132152887 0.1052182934336402 0.14439204340379025 0.04396062939747934 0.052201005711210786 0.07391628651360055 0.004270262972734652 0.12930913660336002 0.0750997008788618 0.06707232713189777 0.0915362588927527 0.037416414828185314 0.010873881690478426 0.0016325235828287498 0.035721771654605106 0.06467029421781476 0.09481989219118915 0.1197129548138937 0.07803829128806562 0.02243257984896403 0.09452646962340347 0.003191758344968689 0.08952026399512877 0.17121323189375134 0.030682883436405826 0.057434306886839634 0.12741925709019847 0.01842133076483526 0.07444024539223545 0.08267434645767109 0.11646065580420616 0.0937320050222858 0.07403110690097665 0.016935773200107588 0.067520260894052 0.04102731841896927 0.15828975691398983 0.04009166211949212 0.10109092466093303 0.05091859869674412 0.0062003528467549 0.012277959741265623 0.040932928349146115 0.06315673467014546 0.0198094567913573 0.14514204882196113 0.10238631469016697 0.03175805202992967 0.03973229069416917 0.01660322237920172 0.04498154540356862 0.00325744408524347 0.044076046121620395 0.04066867097829164 0.010607068067705304 0.1461746800393329 0.004332285126993435 0.0024477271407145765 0.05509888021290552 0.08459444594534216 0.03398182658397272 0.048760237687851635 0.047840332702100176 0.011900263042649397 0.05095103678237653 0.0025527076564888693 0.041729565824411695 0.06316375161482281 0.07953110840339753 0.06650804847762509 0.0200193738145831 0.05198711277558458 0.0294766613685896 0.0486023769660533 0.12148698841458476 0.12352541115475271 0.04894256434966862 0.05430445165017896 0.018618452673228408 0.0890631389792604 0.05284343898754973 0.04994337526770335 0.02214453731616232 0.12646825530187375 0.049073405810149975 0.11527403797587703 0.03953632021844578 0.0008695982292321338 0.031122238534636183 0.02785634788484467 0.022788771894447564 0.04773640694856405 0.03370777164775276 0.07050366365771962 0.04183279974445642 0.0759689185303677 0.05742879052410636 0.019273458951634008 0.0468854176716502 0.020750027536317717 0.04891887776806751 0.04628238786138381 0.06204101957246981 0.03439125624176921 0.008957552727862018 0.0031057353086028187 0.04618080773182309 0.10171016767123588 0.05317092112365693 0.03946803748118018 0.053171642856068534 0.07464816983237367 0.09796449734198054 0.07169712324268401 0.03853611330256171 0.08028792479273347 0.01661062285530517 0.006700872945736952 0.023728544539434265 0.10150423044312955 0.013858568300227109 0.02530741892252659 0.09165479915124713 0.03326196956996992 0.13833497048993892 0.07249937794373841 0.06951473005139079 0.010568551349035843 0.01789896265308084 0.0008970920242633781 0.034175229399016266 0.00550364063535515 0.09721867570912651 0.11513121727286037 0.05546849209421841 0.037871082907671896 0.0565771313431017 0.14966434873752907 0.053906161373610116 0.016513071613029427 0.05618491600855108 0.10069138814461691 0.07624883506015746 0.04199672268158652 0.09355324819241471 0.05784814886151287 0.11831632565256046 0.1293368280486822 0.022167111181648037 0.017305222712446663 0.05557811868234177 0.13405243548967358 0.06501185117008879 0.0021317271652286115 0.04648244262795026 0.01640302686286901 0.06878177349007415 0.09537251146806949 0.10094495823703035 0.04426991136765969 0.03714765110772007 0.08511275359785654 0.0572934245430283 0.021786124050242783 0.08224899412237534 0.12545107308154566 0.07885586329263854 0.07905068789837758 0.0103124064123543 0.06756513841164416 0.08218685947537638 0.03917744956195785 0.050451650078177146 0.00022788992993433743 0.12718850322339492 0.006040072473510456 0.038170964502938026 0.0694905615257377 0.017145268604749003 0.021190380671995957 0.02610724037562535 0.01854110047873933 0.1023413435728412 0.02597075303878537 0.0556686462313711 0.04079483086643565 0.016688707713118315 0.023671624201042213 0.09802935035324442 0.009772564629310608 0.07603812018949811 0.02404324023931141 0.05670181337068843 0.08596103530385443 0.0575237199184446 0.08047347940326445 0.0818794135043151 0.0058520726945925855 0.003206232395136538 0.03286757509472705 0.032657503906331424 0.08112231937268657 0.09714339820483944 0.035684311259499744 0.11375979499147541 0.05924727314916242 0.07954325696990652 0.07861455453491421
0.15835241762016278 0.06074197065621901 0.045653516972099184 0.12780611175901777 0.08093966771463053 0.007368558503486768 0.0417894632978666 0.16845065954921212 0.08158145723215067 0.17184763093202501 0.1101658747976145 0.2499299066781277 0.06641835333607796 0.09392511617231843 0.18116742307261727 0.03174064495727152 0.11354351491873924 0.15253905150059097 0.06542800015048522 0.06308820476006376 0.07533267912811334 0.13994333867910425 0.11401149722747092 0.1547479712585032 0.13195419684639484 0.06770167398527452 0.16666969038267296 0.006610582887969283 0.12944336488232708 0.17384075405119076 0.10240995737677512 0.03405437011078688 0.0025794179112312494 0.13674050130956247 0.057884663365346097 0.006167990214065253 0.17597483307434314 0.21919248507962702 0.05973584825218006 0.12066403794598089 0.003979727725816182 0.06642011046271636 0.0895311834315928 0.13133757043648805 0.09301782130480478 0.0010087256333060838 0.1376581697020348 0.002608636754923379 0.021669493754684646 0.13044427117805274 0.13175189669873913 0.07093516896983794 0.06689652271850599 0.13135975693518837 0.051532821184046416 0.12849921943008333 0.04674640260049712 0.0756147988487853 0.15576724680274978 0.20222659518382072 0.0516809652170821 0.09890273600064917 0.11245376965018052 0.007305013484646729 0.030128064985743285 0.024614899645415387 0.13831109268912167 0.14951058056467267 0.15228516821829416 0.12823447936878074 0.2229561033889304 0.19023149947271395 0.11467629803004638 0.042870089162974294 0.20862888813786384 0.17988732399948779 0.006521296249187204 0.08294850586551909 0.03795060615346591 0.08502901924872819 0.12814938549195853 0.16774440324592665 0.03708750069059274 0.14040787668576787 0.14023190588674084 0.08983800755467193 0.027677460536475365 0.054482123697543315 0.09536939109216064 0.0002960443582164941 0.006992687469148978 0.10120686591497159 0.02638247630906292 0.0826953352540867 0.06272196385679973 0.049892239293798483 0.0794865950802483 0.037399136209130275 0.13162719298646014 0.08489168572270055 0.05471098664108571 0.06326625635993839 0.18517710172926996 0.1378987825174501 0.19378223598235408 0.23514469340253494 0.13485598057276182 0.05296794542240694 0.019368310747375068 0.07007333763053485 0.08456305242830066 0.03688340000571034 0.007486553029906807 0.08804299474855455 0.0256801261238671 0.15944433603074537 0.054590123193482006 0.0005801830362641377 0.0001775075164844286 0.08501939711491922 0.07761811087741022 0.053745758336192065 0.07491545259863125 0.1610695039590447 0.14098590342851844 0.047319841585735586 0.042245299802106825 0.09597841654257962 0.13118353081529624 0.04128232434983038 0.13205544516678877 0.21023724498848725 0.017538537474085392 0.03929437248732372 0.0895361835401829 0.05461455125315765 0.009522024108954249 0.19382954414934375 0.1087511877813159 0.09078335300528124 0.006875110843140812 0.10173533818628445 0.17695892658045936 0.08755237799361743 0.0044814273324458665 0.03148724743260971 0.09800552043045081 0.28579683695247526 0.12523485937148157 0.23092077145861253 0.07980800159223676 0.03605564299247594 0.008318024162173131 0.034988129997109714 0.018704709349312485 0.10291470995155687 0.1472996393903976 0.08795532400677193 0.06775583556178336 0.04726944683813726 0.0804563650186991 0.0475556524737991 0.03700013339267617 0.06790613603900161 0.038228095749883756 0.12324831684433105 NaN 0.08102161324804945 0.09846889037751747 0.020634281144998573 0.09188104152265672 0.04709813814056351 0.18074011780948745 0.18953137209153972 0.05445685136462999 0.1269252776588432 0.008895834983797828 0.2948748922339424 0.16268246055781388 0.1288444941929914 0.14928586004046407 0.05005383733127428 0.07249962489157834 0.1218022375936278 0.0955798182298562 0.043929214523500903 0.016394173638659013 0.1025278853583527 0.08229651686251725 0.1600930703388111 0.005825006259795657 0.20734206156174986 0.052940038284963985 0.09859325223607913 0.19170694050350512 0.04003389414409336 0.09343237372860924 0.16446845488460576 0.04166642189604528 0.08649258040518618 0.03902561904146182 0.13403435056505977 0.061526973861623396 0.21330493516702784 0.048981070979348125 0.21693184972285384 0.10905005880858107 0.25213841421888433 0.09192462857200284 0.15875226060179942 0.058826541904235356 0.02763601333751388 0.04688168845881373 0.056830843773312024 0.16632329263221582 0.02767151337946892 0.15379074552970487 0.20621679871759885 0.030097872946740482 0.11031077996642957 0.014556486145371125 0.026447834797423592 0.04036427264914873 0.07379941766813633 0.08681123535223763 0.04493852242035557 0.22094700547211835 0.013169078656051688 0.035440977773455846 0.003671896147727798 0.08523646800009477 0.031897218515629586 0.0719901330242193 0.1363152494912339 0.002485917927808483 0.013932543021711204 0.005510251640248111 0.05265166601410811 0.14054936765864404 0.056670250179908614 0.03533205576612288 0.023982643743820586 0.10384305414423979 0.062216765684415004 0.009966230140096346 0.027197301809799367 0.16978839704294849 0.10213934038002707 0.12019635442570475 0.1117217403232572 0.18463544154938039 0.1559873433587836 0.07475278006314928 0.11411968123025372 0.20786799500356587 0.15913646824659733 0.020331130491595534 0.14594222908398674 0.03927503942783188 0.015117013290600105 0.007989212111040795 0.09561981448173364 0.02357731661544837 0.1701261379759929 0.1064175868401784 0.08107686482251374 0.13675530794713905 0.01582596552779671 0.004566969231469333 0.017897548387150353 0.01591455936475687 0.055722041731243316 0.014997091407455813 0.044021049506654954 0.045188485934514064 0.04653771415320408 0.009948737851235682 0.07086814267798847 0.15636720619229358 0.006699226631856283 0.06354406968176407 0.12779575397798826 0.09734222610434812 0.17508647340857306 0.2157179699978799 0.08397906525609244 0.1332583677398139 0.0703416404278929 0.07652085117975713 0.04188798236346256 0.062343838469959736 0.00415044379895457 0.04761428936363469 0.09304057391268404 0.05271585989324583 0.16737312874382318 0.04374489687766541 0.08176847370227541 0.055770314676224446 0.02169318771329711 0.012782540447510584 0.040751295562349396 0.04960807281811688 0.17157650453606646 0.20170920150636054 0.021067728484668695 0.013613010923582915 0.10069204541944556 0.1571801493315045 0.08956801749611004 0.09376755067889216 0.14782618914498014 0.03631822109721654 0.07256026017684883 0.05972349914049428 0.0792572556739575 0.08736636562867352 0.12215876248320004 0.0665171221918286 0.02027121833602605 0.04832914610353888 0.10217975471522797 0.18007771297045116 0.12089551377011447 0.01336586856144783 0.10025752461721019 0.17815273711121565 0.2109666053227208 0.054070319963990095 0.25579143912534846 0.18666771775716012 0.07542922440793584 0.04164195466832061 0.06928399626374107 0.01260975772901698 0.02219368496892058 0.07176972550114534 0.07226535262614096 0.09510652402324536 0.03248857378672798 0.14250372687938592 0.07016536586337332 0.13714831805890385 0.06542866505773026 0.007220707912439338 0.012030584158659013 0.2059420103704499 0.026286002697086704 0.09798857908258908 0.04976456934005283 0.047428391507597194 0.08724690256244823 0.07082163176961791 0.11606841226804351 0.006789741171149874 0.132259320269047 0.04742699112588574 0.09193166646174979 0.06981872412053583 0.16237322051382871 0.05241251311680461 0.10458373037569278 0.038785447700258845 0.024890489371659833 0.024064955631810117 0.055825561798975194 0.1284799234693579 0.0574912266572439 0.03799368364411917 0.04982603603581014 0.08272786806201239 0.054538495906855215 0.04656837057885049 0.00577731568786213 0.02340424556645652 0.1052373486670793 0.046158483625490514 0.011180761472512115 0.08149952984846583
0.03324936033660713 0.20936976548970815 0.1486592034127149 0.11248292179921829 0.11183314994947462 0.20183762795937032 0.12734355203421785 0.21441636647433868 0.2645623756584475 0.06942353559242197 0.10039298881732457 0.06348776003365093 0.028932890138533375 0.01587041820716318 0.08787990589076118 0.12899315012375137 0.043184480629539404 0.10017179561772516 0.12471230304747896 0.14272160418284333 0.18526596707137258 0.07193039042939904 0.161291418586372 0.042695563533176766 0.06561261841404017 0.050192190709219875 0.011871145028540205 0.02867721349779038 0.04799369563876952 0.08804187751892845 0.10115410868014969 0.05649647091238707 0.04712211779346595 0.014738687845228245 0.06877140578714888 0.14450253447437736 0.11594442679662798 0.03997102978219009 0.1216627174470353 0.16827187453356285 0.1583849133611564 0.02425282060619825 0.126118711220331 0.0003227293905889158 0.031694589787358854 0.006979945909243453 0.13305899761741624 0.12705177440846596 0.10384904040802846 0.0034713609898648877 0.2107528029503558 0.1488199420901832 0.2442900048964314 0.11344805974312448 0.10187827666754662 0.13866950614809911 0.007442099484097235 0.00438870704495239 0.1002996563596831 0.07182870610996907 0.014924768391950765 0.10306430011662691 0.02495914481278496 0.011841835203363427 0.08148665009630776 0.07897120580628447 0.06707299101510594 0.059702276359063784 0.0324811165365391 0.045213823199663716 0.02621339776875866 0.0026331775623782403 0.01651180774324412 0.02384986168962754 0.030189787475904353 0.05577061556544273 0.013084070324883538 0.005110108029552884 0.02066567903588388 0.015460158546946701 0.07680056910949076 0.0388922719733597 0.0518651015837899 0.009291520194653801 0.09046517656560521 0.06799565400981866 0.022211565108330705 0.037056822332165465 0.07390060478061558 0.09675097170481958 0.06963757459222661 0.06985041428087999 0.08496291947818313 0.04763865548788873 0.01130229748035605 0.04455426559989743 0.06116869648046574 0.002361581687644526 0.2050403485029359 0.23139177384646484 0.13470461019370056 0.20763979064382926 0.014234819985844381 0.15275082594983758 0.14290115048057841 0.18976246004337474 0.0831545960511874 0.044231107186197216 0.07667902601136549 0.04212983968907765 0.039485383031728216 0.0010700795055863218 0.028191843005770344 0.07414486944292768 0.2915718392815916 0.1200555731076846 0.05689812739121024 0.011212577801792203 0.004939120589157364 0.03923173663476196 0.088448950503417 0.0066642627617576585 0.0007825210257164842 0.08074648198419883 0.04529144685543315 0.03754810596019683 0.01090240354808058 0.04534602311747463 0.047848349232408306 0.006820514009991527 0.018810188411184037 0.08608724208963549 0.025059225669892486 0.004167938455833198 0.01842241276994429 0.00740668162232181 0.07728473000161636 0.11131032939034034 0.038020769209300316 0.14784624326526813 0.09952588914992584 0.0237627517682164 0.0016624847679995937 0.02341509258462622 0.009135640730998838 0.06849491072738088 0.21039814726033806 0.013951737152387914 0.05860483907094694 0.08345883977116425 0.00209377064253981 0.0432280715704344 0.11048272566475702 0.05015416884096535 0.018388247306698406 0.19800237692205436 0.13385033078188577 0.11139257275478635 0.1653444797543848 0.13136383778288124 0.01466426512962401 0.03969263446377214 0.03639812292419723 0.05993034798029437 0.08161631756387888 0.029477521219206097 0.08102161324804945 NaN 0.0015562877248906997 0.0688842930078387 0.05963764489795506 0.07223434545908582 0.04971460208509895 0.1277631404995529 0.12665776068135715 0.011883894401051481 0.005650828826207452 0.04799263738524016 0.050173504583165565 0.015502002268429007 0.04861925539904371 0.17082361478248448 0.12380293682169982 0.04732610684562979 0.06743758598655113 0.10917606218779993 0.055695683691062314 0.24858770449112935 0.27119059485300184 0.1031771495203638 0.09306064722498279 0.05100543328948769 0.054554763061586166 0.04327750353415654 0.11385812777474176 0.07357285912360598 0.0358342240801375 0.09359856606296445 0.07873237292652524 0.06810280992921508 0.1737385204005817 0.09836513329686303 0.17294800135565713 0.03873015536725124 0.038517725106262855 0.038933811052428983 0.007187533013916376 0.03326162705940265 0.03213363133267732 0.06383594860942969 0.07041306206147174 0.014235584246538308 0.01905964990187923 0.01618695913154077 0.059846731671134 0.09589837279507814 0.0961669636982735 0.0025089833301626305 0.08209367709743944 0.1556255694114002 0.10180915260728789 0.005535467727167871 0.06087639594097647 0.04770125423185273 0.018866270965871176 0.01399233751060006 0.05416579288366704 0.07861503728355371 0.06878312005210258 0.01960037268292191 0.2386722422683086 0.15390880747969576 0.23130715862051301 0.136425042709105 0.18784447784264616 0.10790031978066572 0.04052537915763977 0.036118288722536994 0.1357960782396072 0.058302318274548334 0.0002903170344649634 0.055097964537009846 0.050345013067271634 0.0637020718616918 0.03700228709865664 0.019461776622870613 0.04593189173917595 0.04255494919290146 0.01993412775334852 0.008518960257793267 0.04373476984803809 0.07978614126043686 0.026703261558588157 0.0165504003957251 0.06769706969490207 0.011159436521952483 0.03807327587795799 0.07437307189399783 0.03250768862677694 0.01815322110429362 0.07625073211402826 0.029701678206073688 0.005574858355711609 0.03005614927659735 0.060824911110756344 0.02484771720051144 0.09689753090626378 0.011157551873677453 0.036510329309143566 0.14698141348758595 0.01859297807788157 0.013592264035073014 0.015817879354017326 0.03664432713938628 0.02192622549185038 0.04855814863870021 0.007787897017448651 0.00956556755240867 0.1844479298710776 0.16476812443701236 0.15588994147924967 0.16868666876612579 0.07703867836660686 0.09437438826242513 0.13906139005908055 0.09661275209690397 0.07759653057693223 0.09609766034733962 0.021572313966212772 0.073753504355039 0.03942061303630854 0.024578768017284414 0.12482854709944123 0.0018895152795924115 0.057343902333480475 0.02032887593769626 0.00438716047849105 0.014221921209340864 0.0907460928092746 0.03708329506200118 0.09474705067633003 0.05214779140931244 0.05665933861054644 0.11487663941879069 0.08518721958826159 0.03636970663036075 0.007035737236772275 0.011918471011504068 0.06749080848004554 0.05072915273628822 0.014952849609796428 0.04767351416935651 0.01499826301372341 0.04441303840112187 0.06924704910645359 0.014936395648265221 0.019381250205729623 0.0925602255903127 0.09856828344046809 0.07609164833433009 0.06592335677010176 0.06925816303964324 0.09759077908709526 0.07597085618113951 0.03420011745253305 0.0504400977975062 0.16491358486852986 0.08556617723572518 0.10130568243996893 0.023466265168263053 0.008341201548958472 0.010025486336606331 0.08217323941575362 0.03985173336638871 0.045731374129465166 0.1377141201784018 0.10940185384021621 0.07690376476289566 0.07221248471855392 0.023027276608985722 0.007100535266572014 0.04396610958106797 0.06940717212263323 0.02845099834255449 0.0006886607467357157 0.05079635923307881 0.04892976268795582 0.041642839934451906 0.03444869835638932 0.10249269470171539 0.013387170513250559 0.09462867124810737 0.07406433896133713 0.08573752923983416 0.15035507384084765 0.074499166958604 0.008765555578599286 0.06210820948412273 0.05985453815151076 0.044637559777276674 0.11549626095763066 0.000121811495539398 0.043744998230154084 0.08079291785832285 0.0584212287033059 0.04161979384309767 0.06502805871695673 0.018833189373526786 0.008366565021428287 0.004314341012974063 0.12200064684557614 0.03659690672637861 0.06129943823528344 0.10958506101318131 0.009217927477435545 0.11708559452120633 0.013958018022359615 0.0005870197020288175 0.024433099530096425
0.22299127381493078 0.031070227353504405 0.0888517960042631 0.1598017247291163 0.15063321884617306 0.14180419998428964 0.09023638642127488 0.07213406658918566 0.035860184677982854 0.19646532426344557 0.046875275487726686 0.0918514228279904 0.10445313871272736 0.15513713779329658 0.20623223363519091 0.04190238943525995 0.02012830395459419 0.031175658370753322 0.14224876817520538 0.045943080222438544 0.001977091018508697 0.05100044883552071 0.026396371313496463 0.14122915953881549 0.34652001843642377 0.09813918697305427 0.22886084196203735 0.1399396102704594 0.17002244078395204 0.09738790029020361 0.05176952571998442 0.12894927351907567 0.03903742134511484 0.10334657134076 0.12164188195642013 0.015911486618361854 0.08193696233492194 0.23977087120982324 0.04263900476494091 0.0017229301346082455 0.0630845000046897 0.08814797705223898 0.13453637928806123 0.2584354999210766 0.0032460964089913937 0.002213442956989303 0.0952699042661093 0.023322086733907125 0.043376180713449994 0.14838263093852264 0.052766015838003416 0.09354010364198924 0.01949313896562752 0.017280032694902525 0.022723902280734263 0.0028542528719048745 0.06706707238866527 0.13379981151294904 0.15270418741492633 0.240886145513099 0.08685834099662497 0.4098583260227961 0.33761853407859743 0.0993178105032443 0.051550460044372595 0.11828724996392244 0.06295648824402643 0.09702978016814491 0.05603643697951841 0.03092528363140426 0.008701079780919286 0.08098854438407278 0.08179017863972857 0.3817604454634693 0.012725016260549003 0.09043811902123142 0.0008428850984788786 0.24111730328596948 0.06995474137311164 0.035383325273539205 0.05651066790794737 0.037875330190974776 0.20118708721283185 0.22445255938043798 0.13375341397482163 0.34938400132645264 0.19322517652321114 0.036880431696850825 0.18491646870537293 0.021013287321117728 0.09710735984079231 0.012706968236960221 0.2070121600673835 0.144911178932478 0.06506616814119247 0.01961750172578199 0.23018907755473256 0.15273712114862642 0.1616085137921577 0.07297307400261666 0.031566717571945103 0.10956389207675143 0.02834834955290385 0.12365120885203523 0.05771129269369143 0.11252885901136801 0.020917950946534345 0.2547582245582421 0.12336457158090199 0.04392581014874542 0.4096306804600653 0.15812769246548952 0.020865530819094313 0.08566330440102332 0.011836389661690538 0.1322106417733328 0.0893022012507264 0.027078724051752483 0.08703155705892414 0.042015412169137414 0.1232788185804091 0.09025962851659805 0.002866269202331518 0.18113306402954651 0.0061356210132630035 0.012570767416524352 0.04145393935055767 0.003428108386664277 0.032954793506658996 0.22272225736867055 0.03259346777495683 0.12700748649308477 0.03905693639514094 0.023807404000843264 0.0980531210456196 0.014715552307227386 0.09428385299023805 0.0734942869775664 0.04911797192208848 0.11349367759807132 0.06539767684474002 0.08217336713172987 0.15016776267072388 0.2785483468539112 0.1063441410026717 0.10502954301808824 0.11177104593533475 0.27031034447278807 0.4552451637916598 0.08795042003731686 0.013231852151758603 0.014712927358536068 0.08167030746637303 0.033370644766068214 0.043146488991760906 0.0009898609486553407 0.10192964809361511 0.025375772433840055 0.07819222879742943 0.0459864029301632 0.1718450106352254 0.10075036500866508 0.02157387841036299 0.14506055952579738 0.030509182384549603 0.1358552469647118 0.09846889037751747 0.0015562877248906997 NaN 0.1421197848140794 0.20398777960256245 0.029844043916724423 0.1627591437353664 0.23001288407015683 0.06252772622324763 0.1584891692532385 0.1692206005854226 0.0202558181380751 0.3435934123138042 0.23908860837091872 0.22241068797975924 0.05048343427620142 0.1293188614098924 0.15782505874049188 0.17571663776309324 0.19495577697738908 0.06045723458616337 0.030604727895843207 0.029387270390547095 0.20754543082999796 0.07885485990739519 0.021340000445042903 0.03392463080901588 0.08505364933466428 0.18939502966352167 0.009343425791814306 0.042013448739265526 0.05110981678449904 0.16311568992516662 0.07521472435521741 0.12621046132252456 0.06000462798394227 0.022574605806332217 0.18572269762062282 0.0004675679167438942 0.00042816632151649784 0.0672958824137441 0.23612649290131665 0.1385420174412741 0.1253686243097673 0.020480132454811395 0.09962634219351225 0.08348683147272817 0.1421874330371665 0.0445884517830145 0.035684626973804145 0.057608278798298065 0.13440998464364723 0.002842693631365614 0.0379670706034574 0.11935587816276012 0.0005085526165539907 0.14550098103926076 0.15588097860752895 0.021969605860380794 0.049971629906887347 0.07778433673458535 0.14068438783052728 0.03371972059540417 0.02691614467539248 0.014983169009117394 0.021414383375841905 0.052553740064919474 0.02378686880179154 0.012601774384493935 0.09032526503272832 0.0018195619292071907 0.00972067655572091 0.15446219065000885 0.14195169583854472 0.03937969375710058 0.2001237766202925 0.24417374011351922 0.07876706883202067 0.03233143460231901 0.11505809352865332 0.03502449109507465 0.14655404099987512 0.07772953055486373 0.016918010998828028 0.1571079543916345 0.18028680758719454 0.12147244810455304 0.16900093247919284 0.09721033333167692 0.001962366415866575 0.19150697085837712 0.11161603117485105 0.010032900585333895 0.08928360410258299 0.026213562387146012 0.051880744477877536 0.08310395394789807 0.22817656444111542 0.19425718213028179 0.27165936930709517 0.026190664319680007 0.029358780072988318 0.04985919269758168 0.12632114232894073 0.044412755869842516 0.12072442991803715 0.05418420702297476 0.04963260470762584 0.056683178910715566 0.0714441221185063 0.10555386202315815 0.03918567932911047 0.1579143101323496 0.05146558652242268 0.08001672156583733 0.09531742272079018 0.10405412702887339 0.1501456430072297 0.03728613090422107 0.019172748241394116 0.09815740537851089 0.22086122229658195 0.15217172407262525 0.03029850686442331 0.3226810199259334 0.09518809785241461 0.10436824804437049 0.05792217352179175 0.010645002327843763 0.10812363787528155 0.0005171190614726876 0.0660306350993464 0.06633165516140227 0.035544379743960235 0.09877338340256575 0.09072367042909948 0.03668324213549363 0.1940168085072697 0.07996639071533755 0.029050956798374168 0.10077723635940715 0.017763602470544315 0.0645986788180851 0.03638060796081868 0.014752529380577037 0.11662353821095875 0.1251848848797895 0.0386678408255887 0.007602522237052221 0.07413648854108887 0.06921776332091528 0.108922043659983 0.011626741623691124 0.07362504509115446 0.06731231643770483 0.1354227288698955 0.12233929909386279 0.13026875693408618 0.0042715715414844745 0.15274446969243613 0.12728010581903149 0.14643425506181923 0.30553696325217466 0.0959760756396147 0.18533456682726543 0.04531291793576468 0.0015606529831609448 0.09653663330193424 0.014688931850670335 0.07924853957514476 0.02555423999250183 0.08501030424763814 0.007341669824434163 0.030780963257616485 0.019036724326685264 0.1572584254733982 0.045963228790041895 0.00380436116282449 0.029968089666892433 0.07670183384988527 0.2097707935356429 0.0021135373981075595 0.1912872300546463 0.04206103199733434 0.10579054784091083 0.046246492906060345 0.1409816568565216 0.1326224387516747 0.05168231727303889 0.09120173241683656 0.04355600226954212 0.0005576332724356843 0.2722288137437823 0.25534744356860134 0.07684181936198971 0.11281944913974122 0.09186034800339643 0.1040366366997025 0.0261730101095006 0.025198388470936688 0.05870401605362243 0.052064167300055926 0.08199714330286914 0.01701375950987773 0.15554440347725806 0.04926488541167879 0.06222588221691315 0.08421622527371185 0.047120722197638985 0.0665789162994941 0.15108038490199774 0.02163202869480179 0.0441716897873601
0.20028993411105242 0.1773108542884779 0.24197552824870244 0.2270908940305132 0.2246154612521222 0.30339097277410076 0.23547844864555256 0.18946443810721722 0.19744208222327922 0.24170411959344837 0.1745246058053313 0.03771027546561926 0.12278541050889744 0.1681624057621403 0.21511001471303864 0.0014690423589727058 0.11693606280568784 0.1811111746212996 0.16080147574170897 0.2013648141483479 0.2702118408079786 0.20397818126807263 0.17749656320415413 0.0789777166768981 0.08926119136516895 0.12278593375171747 0.21415645373934342 0.2586585534340076 0.23666053734797862 0.26613334734718025 0.20885542804285123 0.10922993565182765 0.24305078716172313 0.13435330225416492 0.22394497821081638 0.1346448011506123 0.07866549692186885 0.1298869775509435 0.13975401183101102 0.1167510319934621 0.10255740274735933 0.09018591391668057 0.02215131413804419 0.12029245600945117 0.014214639126269352 0.03884658697238082 0.11069513156181306 0.2596499393089833 0.10654070261972065 0.009056397858339105 0.18934372455255022 0.11308569425443334 0.2225040210403326 0.01718598100419065 0.043379635389059985 0.0016812201781451486 0.040385478342360275 0.03063329079213081 0.023716324460669003 0.024264258047841113 0.031473430129661195 0.15494932890934915 0.08690902405024334 0.003402915984797506 0.03891393354741014 0.2617490972360679 0.2516026830304153 0.2043598355395868 0.06262670382229775 0.105028333546549 0.03550597057170257 0.04167246187281317 0.33310925321236734 0.13354813711813918 0.04910272803655915 0.18473136081253203 0.36042594833154534 0.08658315632501346 0.26583762937086847 0.1467395283671328 0.19299806643524534 0.08215375721500988 0.28997996513182495 0.13098111632023496 0.09971259656292393 0.14408652251371656 0.1286244362808175 0.005190929127657623 0.0013911797327233525 0.050141619943560825 0.10748060953100885 0.03043403918577442 0.13488153128980188 0.058269452079221164 0.29053229181214696 0.17168529206432226 0.27532613565406083 0.04995032074178706 0.06821912241655803 0.15652518837081053 0.04744459875979823 0.14621458511236463 0.06746516547652842 0.15796967998311714 0.06013896232340015 0.09002396846319359 0.0780546460429786 0.10200328264211767 0.014427888618415829 0.05678299518439431 0.09474273807339618 0.030080358980832375 0.04244765512537122 0.13140008875345008 0.08585846535041085 0.018845009458193153 0.10492765258537862 0.10301184821361382 0.045568929599846736 0.029371160026653437 0.11350998304128897 0.014489237967909591 0.026224739493103267 0.04787197630456363 0.005217827999309984 0.032651318628778896 0.009861907337775625 0.024428173917710325 0.008708042269394808 0.2802973291313964 0.12614166263789284 0.0794577227123378 0.2554697279638319 0.02060712754538325 0.061613833306119 0.009650817837373411 0.19879265620069947 0.15586891199929173 0.1219344487469539 0.3035127457338035 0.24026691630754654 0.07775877125072957 0.11329658654720198 0.24004685574741896 0.3831137490979439 0.05834659091991565 0.12524164464305415 0.03753019478023818 0.30023103822361613 0.2914112901619337 0.3811007441937878 0.05153857959562399 0.14654618078163262 0.10676262567842477 0.0019517248704499636 0.22808589739668633 0.17976635442041086 0.18230882003224125 0.19664689883715805 0.15121297650774168 0.2387822783844965 0.2142519208461505 0.10221412020674689 0.04588336733171105 0.08186781622758517 0.004856390036205142 0.020634281144998573 0.0688842930078387 0.1421197848140794 NaN 0.21892017640460334 0.028124808657039334 0.07544318815313825 0.08329899554011208 0.19500222042780113 0.02773591674165792 0.1753628816398086 0.025308008211687896 0.03943806418262266 0.0614584534400018 0.21287565353134047 0.2795014968455085 0.15912337082147104 0.18513277689263688 0.22138057159798188 0.2930284379267137 0.21612407203403458 0.23503108136758197 0.26138845307968206 0.2260119651217009 0.1847670186536157 0.014564999537401365 0.1633542953171902 0.0953055776016006 0.10412784192098717 0.1476858397708144 0.06229138858125798 0.19014223374484066 0.2448149803665339 0.17454315600735149 0.2577842547722652 0.22441696062880673 0.2673170573809187 0.0929201854050699 0.1313451966232446 0.224346688925125 0.10778932527067704 0.12782341314338716 0.24257165771751543 0.11737520005867903 0.20179597341326846 0.06974257936143552 0.1582241364525141 0.0741790979037777 0.04939280527425599 0.1788002905092161 0.13263331191858602 0.07214432853001158 0.1083638804509942 0.1438124925295906 0.12914039772007416 0.08119876955483143 0.07255885904612555 0.08091626437858973 0.08047986494119702 0.10737260060490175 0.11535429267790419 0.1665342904752939 0.06578624191707921 0.09434167658187155 0.19167315556883613 0.18429824353734522 0.26918006279881823 0.10668128527907486 0.08578232352816617 0.14385089619960936 0.027990426361272008 0.014255429133853866 0.0960416672763913 0.09529593599313303 0.08164841665175136 0.07891697397671067 0.0483846889063177 0.13553387235840664 0.01285570271244802 0.05430031959519875 0.08264925071529923 0.023245719066914573 0.21994771184299258 0.1952253323843719 0.08838305579881342 0.021063096414741432 0.18999490439078773 0.1352044220533827 0.07165025726391659 0.19160578923275345 0.08575055456309481 0.02859405074327712 0.055218934463432685 0.11456855263470925 0.16951697308350938 0.1145267659587547 0.20881004651163443 0.1563343506456782 0.14231217722666958 0.02893045269123196 0.05655031925947382 0.0568328869041312 0.17239318822074912 0.199020837458395 0.09688845798510996 0.06949765267174624 0.01176850529929741 0.10298424249379748 0.1777139534939809 0.10279825700090385 0.19742486119999164 0.06365957508943913 0.11650505316723689 0.13215796294789178 0.1370509222403152 0.18456911920466595 0.12217462972904615 0.11220619417690793 0.19005027500734079 0.06729204293258088 0.1449831634196051 0.09434724454541013 5.95903143522519e-06 0.0875009782883328 0.09742290713333734 0.09365267195362187 0.10793781899877165 0.06251956303419258 0.033826685691699686 0.09400219207298201 0.19021548636247218 0.010719644595244467 0.0629277174860768 0.052432575721335035 0.15411372200677745 0.07804017274053635 0.016762272882215885 0.1699043949736871 0.004974554489922316 0.08161307859618754 0.08554910093801572 0.02960655437718954 0.01886884892832904 0.004679733539743747 0.031147249246793834 0.13713838367616654 0.1632028347867883 0.021388558663015964 0.012549607972132509 0.10517317593429257 0.06441784816974973 0.22560794149004862 0.08519257946522127 0.07511597677711325 0.14140008617673505 0.16982307631452478 0.09808700575032744 0.1564316830676084 0.26542387470879636 0.21447271445230412 0.1662331994064083 0.009563873980114723 0.06559710530516691 0.0245719545552449 0.15003187488948563 0.02009814550669002 0.14291620985252007 0.17678416133461478 0.0396616970334487 0.22357018763315026 0.20777171301447736 0.2062575712002256 0.2534259080471804 0.07899820419376179 0.005909639073587539 0.11937196948154462 0.17871402560216915 0.06360335606880575 0.052232578399328905 0.03764211368574997 0.031835327876996666 0.06462296554418538 0.15860721447257445 0.24263745542921114 0.03131792793949447 0.10140820801951397 0.10799754129912302 0.10611463029434422 0.08275937304342926 0.07548362334874742 0.012794029632378984 0.020159983585114366 0.031846449003397524 0.03729756816221749 0.07727544662351209 0.05347602178100675 0.07629665352912726 0.10891369184757212 0.025604827806054834 0.041766164711446424 0.02304891737044237 0.043849072385193026 0.1267439806070213 7.361127925828227e-05 0.010481799069951463 0.13559537843735564 0.09886817830509916 0.0075010550238085675 0.016338844849407445 0.005688562351349993 0.08401567784633235 0.02269384060798919 0.09473296848629997
0.308269998179939 0.028943333125090405 0.24487498867779323 0.3142069467742799 0.24765779225286091 0.19207698096931655 0.10184332152369152 0.03125413385237381 0.028771193458918647 0.20147672285652662 0.04401325922814459 0.03367888177741211 0.264016048078961 0.14180834034988518 0.1967083036441139 0.04211083244379294 0.10389351995320058 0.023872177410241224 0.18080477833321085 0.25635170096070264 0.07310632866256997 0.04353770885235743 0.04975213840333566 0.1140593856446428 0.1939696138883818 0.03460312116631818 0.11865269680797162 0.20392600894354698 0.057132098031374895 0.030099454646872224 0.15754320938688804 0.11774590930348637 0.11661015804411784 0.013749453078849356 0.21112789969846182 0.10615811241814797 0.018589822438612465 0.18353711654865423 0.023146075644400643 0.007138508227259819 0.05191575198139715 0.021848992742661832 0.028240707455033973 0.2090376953066825 0.03768771765304011 0.07922134003245478 0.021506272176082822 0.10225870486662766 0.09079983106553392 0.05347246231148319 0.00904960085630041 0.00368840895938881 0.06613222876871605 0.07887756702549707 0.029728948592445778 0.12379964389408152 0.09233954620680651 0.03236208185331422 0.033974584322720894 0.021176350809463267 0.02828364308547845 0.063765557736118 0.038479000281345814 0.016320242403383808 0.040884635585416454 0.14090187317873834 0.34944127231953165 0.15111851209101215 0.2440461229005396 0.10038791384596524 0.02571675556359909 0.059940641886331164 0.18000007189982692 0.18905248877756528 0.06557017892684851 0.20664367683933607 0.456638986381089 0.22304591479005556 0.140224089574566 0.02654771745614855 0.04456008116930378 0.25624680192496546 0.31621723192943 0.325168781825123 0.24600160150454323 0.2582644593472886 0.18197445777010923 0.0623384526401247 0.05747522992051902 0.07576431912640691 0.32199564940553116 0.14784164424496474 0.008342922810488939 0.029631757383272336 0.06641878677602674 0.019394751330362194 0.2090106609967328 0.01045872745327403 0.04221345896831317 0.047825114671525296 0.0398921222289203 0.05628580621509993 0.12764789079657654 0.04314118291368972 0.029476651020551206 0.0391837520091173 0.054405052726786515 0.0037679186204761686 0.08082488882693897 0.033718095541452546 0.03484864170570764 0.05035568302086596 0.03201036194366537 0.07446775545455842 0.13274008560237782 0.09268968831340593 0.039482876884512734 0.12347070919347003 0.040916315633866725 0.15503817949430201 0.08771620387876948 0.09635798910026672 0.08198797141494106 0.007507418841358474 0.012903715136725303 0.03215934962065747 0.08451623858955105 0.08870732091433403 0.023896461898341662 0.3634828464239675 0.16697830459795715 0.17703559700959948 0.2793785527773245 0.03889348700326073 0.1562602050934665 0.07064396714187621 0.2779918518711709 0.008156500611630117 0.10076577976096579 0.1624509690172595 0.026298465606111047 0.045624288266548366 0.056682719355750796 0.1809065185342782 0.11394602604509521 0.07197410443179666 0.06435263107148348 0.22857450585821606 0.4961115001603593 0.07883551026846604 0.07796014970204475 0.09241374715961836 0.03511181399295467 0.060236190139836734 0.04825751080657524 0.02657005385483842 0.025354712065828896 0.15413587324179667 0.11116430991131822 0.0429524260423729 0.16956094127295612 0.09638261042985433 0.008965171030301556 0.033440159877716036 0.0753409311099759 0.01309640785863144 0.09188104152265672 0.05963764489795506 0.20398777960256245 0.21892017640460334 NaN 0.10366153708429982 0.13577849102709794 0.06587655996742849 0.03278755659927171 0.13905257208715927 0.2059796054217736 0.00614255223782669 0.11575070649842954 0.000597154259829844 0.3096228809666311 0.10252164808847385 0.1532845207922632 0.31741712555929674 0.3260727164949215 0.28752194275845494 0.21240731237446092 0.09110641332736726 0.11865989304325603 0.12242604363697292 0.12480722948487956 0.05998889203513149 0.3254148538201788 0.1901360595696579 0.15828520231159912 0.18281807470785752 0.11497905463633733 0.12257505180027999 0.22518737327288593 0.2591574043665636 0.16195355523687288 0.16050533037831885 0.07929716370199325 0.18519371655315678 0.034366060842896305 0.05084291369462058 0.16347219482467487 0.19927924727256896 0.05410443529787609 0.013784268492858966 0.07273887547595263 0.1271342398368326 0.019461807741825814 0.012614081409552615 0.06092963318537966 0.18021834049574892 0.07742983400685025 0.16015079666875853 0.06601136429420738 0.025555719861361046 0.011068737292051448 0.08418917320352554 0.10749623361742666 0.09454614319731401 0.0022189521369243566 0.08855186034165781 0.04148361793492025 0.11915121179014822 0.11085537553692618 0.15655142054677956 0.021643638096941538 0.06428174944118098 0.15945973547394468 0.08749180600579576 0.023286078212221256 0.03782387953347933 0.053689830447863775 0.030750242342374272 0.09638891005358372 0.09744147352488068 0.029539631488173842 0.059558512612820184 0.01346284814157933 0.02794289506823114 0.09743937584135665 0.0483331047745524 0.1541075502222657 0.13518317400061527 0.20349318277580844 0.17392455225299805 0.18489989675462287 0.17070213366681644 0.0035693444213611785 0.02332102360623397 0.037239121701340964 0.051872500365298994 0.09874360349173468 0.1361548774090801 0.06141269224586384 0.018730646363567964 0.11627487856194159 0.20694216237860144 0.20900760726427903 0.19602623263074842 0.16679490931182217 0.17456838235054187 0.030781093956030306 0.020852160920848264 0.22463444119022305 0.05176034506151972 0.07490253380495698 0.0579842511582571 0.025738463881204255 0.028195742570440187 0.2033614986625895 0.14579686145517226 0.23175019150807186 0.06533468609693022 0.04979725667905368 0.05051559632035165 0.03530423141779262 0.013032780438490444 0.10923513386458278 0.07263260701811776 0.08928876763526983 0.022693370015263146 0.08685996879485335 0.06503939119777236 0.03423523527066288 0.09489520858526991 0.030195412865942548 0.03724040294025827 0.0033739585036034942 0.03185195918857936 0.01216765727804912 0.11331678028536543 0.22418616068453057 0.004416849738949063 0.009453149716789117 0.05762363949963282 0.15726195824042122 0.021961938795916524 0.006958251141308875 0.19280891848467333 0.1302379805044438 0.0129450763927959 0.02149216379416319 0.11620229565626387 0.01979325053494106 0.17596435412225236 0.11190122611556591 0.12571309433228253 0.244369723204245 0.04045759738800397 0.08125192283724768 0.08246005106607918 0.20604435836523896 0.1572576100522903 0.01854547376663711 0.06372502570261986 0.07430408570618782 0.08576830241454377 0.17629318751420414 0.19574613349247394 0.0781670700544906 0.08521096264259696 0.10871190192822788 0.31511169756880986 0.3181905377951953 0.07447578406643374 0.040527335092748105 0.045691703424217384 0.08433847062612 0.049116395870397504 0.029009964962182732 0.05610023800041217 0.11772840054469162 0.19744252755405806 0.2329244403594666 0.0594321323753809 0.06103111377388794 0.12833101688340878 0.11744105508047109 0.037729766916358105 0.01368954477201248 0.04263999336755466 0.030617127266232374 0.015675997090055762 0.06844194105744797 0.06532094260751743 0.3857312206591764 0.03899781655266095 0.0889324853656046 0.16455921423853279 0.028457263646336658 0.07669004006981937 0.09054887287850936 0.05594673360407236 0.10131551052990473 0.018011737477810628 0.3897127107048136 0.2455088030156382 0.16661869021113887 0.10404105457179214 0.015266144419563475 0.17085028415485723 0.08176203954570571 0.0007508170880952381 0.11404637429899621 0.12185779073484374 0.3116872964930373 0.2210199436825582 0.13222821129275356 0.14055015680369876 0.06601480271737677 0.163426992565023 0.09789807842048431 0.06241295282845207 0.1363787392986859
0.102540663438241 0.12784513616157112 0.09342036924045179 0.1051392194664684 0.1039209145717033 0.15342308939438526 0.109964008545631 0.07800690214321745 0.11230652431296674 0.1027604517931115 0.028393142289139497 0.06876283081632663 0.12035430961833392 0.06396910714237014 0.02756101586519909 0.09422265349075155 0.07833656184960465 0.014285626196506562 0.16074423470296864 0.14127658779295083 0.1420746513359914 0.03573743797017751 0.07142353502265884 0.01834352001337621 0.09428432668949398 0.07446828315344092 0.11373755708777351 0.09939096569463718 0.006406290574432356 0.028197573366353614 0.005564334711533038 0.079752048377343 0.06773129821529286 0.03746446956399304 0.01830922053373433 0.08996547144631539 0.11136896493172248 0.09001777541591659 0.07310039522154795 0.013157615972797083 0.07286251070195492 0.004630869431315683 0.005288292411451825 0.07682563083995646 0.04374078842635807 0.04689793156904133 0.06246525790713414 0.12445275605932417 0.05308982996182255 0.05642328643389958 0.098120739226687 0.0993586788266213 0.14487766117046097 0.04034785465693325 0.0048069596341838786 0.014475664176090511 0.07263053246243026 0.05277873962417694 0.021787403474490093 0.05459245227211985 0.04901080947303637 0.07827316209658719 0.03184401945595267 0.023800466103205412 0.009883720493843253 0.05798248308429828 0.005955211225673787 0.01307471423461618 0.0747846687039718 0.057169301618113254 0.04495424890862943 0.07404132220287445 0.019818040367519503 0.0023937103511022743 0.0808404321405855 0.029985926723833888 0.09011734747312025 0.03938034490474368 0.03018426920607681 0.028964113287573697 0.021940209091735056 0.03522859506325864 0.09736946729790204 0.04992837031703757 0.02343902460183771 0.04726615368493259 0.03543398147953613 0.06760512170562277 0.0007224985277448374 0.016362022886654372 0.09629389441021474 0.03251597788050465 0.02859499740069396 0.022972953476042002 0.07394276904814488 0.014157066802573998 0.039044988580035946 0.016219609429245437 0.13355826107162605 0.1335376439215509 0.06206594289432682 0.16306199907828772 0.006314042244885948 0.07591227548024163 0.08625819480636376 0.020473067742116068 0.021979329045625405 0.032124870403455005 0.01971050268697158 0.03922463631827468 0.0648095820377023 0.012512865284391593 0.006477932403089288 0.05497311952883509 0.007803772400496041 0.007492934492292785 0.023637599986901826 0.033358340372915095 0.050620427391335765 0.07279890382504593 0.05354445188256093 0.13088394357760613 0.00039624778301444285 0.03172086518454555 0.05198604658979485 0.044556825213107304 0.0539373729265004 0.040969765732627506 0.04060161318660662 0.16479352872298114 0.2212954896163978 0.04482769681708544 0.08560578510661693 0.009521326602498426 0.04571624582786711 0.024137846645403027 0.11785260630710523 0.06886674190965285 0.02678019471059687 0.13659188968552188 0.08803014521073585 0.03073285079330742 0.0427805966828565 0.08074937683470898 0.015277741544714715 0.051282191536973054 0.06431064169831956 0.037083882035186845 0.08188245528456968 0.021043190992878155 0.009524104663086452 0.06137892964668589 0.045802192195195074 0.059578808013274774 0.032677497920623605 0.09348757295488001 0.11541668190802859 0.09694961804096251 0.16839433110249521 0.12872423910233044 0.03127283472522996 0.059975916257612526 0.055795780086797864 0.04046409201342525 0.017545350775751485 0.06002885132152887 0.04709813814056351 0.07223434545908582 0.029844043916724423 0.028124808657039334 0.10366153708429982 NaN 0.02068572007417033 0.06667647020393168 0.02045199188711135 0.003012951658393653 0.055700077043825756 0.01333889818153221 0.015426452123514008 0.05422936635155645 0.11209772924094794 0.17604284229025408 0.16704380771916036 0.08631956306580076 0.09678340128191787 0.09569145991907259 0.0691684039270142 0.13644056391401566 0.20778221222014115 0.04591561735629447 0.05200650961949804 0.08139444843849408 0.0895800581006699 0.04168827805541955 0.022904586334280476 0.09805616129462934 0.03874840024507951 0.025259254959420163 0.09980271127126934 0.09015938966310716 0.12336411433544436 0.04609973547683141 0.12654297821167343 0.04542625988153036 0.0853478652553104 0.11073020734504573 0.0950233266514287 0.1275507170464009 0.010671014825101471 0.029449368376482675 0.0473470879213602 0.032468761940963924 0.02094550081771913 0.012232739506912584 0.005557939042243045 0.13052463558828117 0.11238748175105057 0.04294360064458329 0.06776846515398759 0.0391624014416779 0.00745389535733852 0.006835873408158587 0.006394100783709611 0.028560903639914027 0.045059627763489714 0.017221812135694715 0.0025538469916283847 0.09630170309161366 0.02457427189536544 0.009992328442730555 0.14000568540854774 0.12298926594351788 0.16722273441845562 0.07155098777675885 0.020763437545560065 0.04978803639758445 0.06397775485469727 0.04263209894447639 0.029583002852932614 0.060874387978466546 0.01982448048250807 0.004146644456073309 0.008987243949061625 0.01013562885266448 0.004297039857137175 0.010071949171336726 8.846224148221852e-06 0.0009095573835804294 0.09080732398274412 0.07420135189488733 0.013385135505369166 0.06050713960124519 0.011298520282166458 0.004037703615812843 0.036104661770377196 0.08452967884016561 0.033628619034692574 0.011554177822770446 0.031968402689739744 0.040913574282666246 0.06807529771251179 0.0188740133644522 0.06044375192130116 0.07213114036343421 0.06507328827936859 0.036884561679220454 0.006511929256691787 0.02365079980358852 0.024834061973122296 0.04359429051838674 0.03484572011877139 0.010781558987745186 0.058055654229707515 0.024814921499716446 0.009753766706256835 0.026491093020981533 0.027133209624065815 0.10087720963309181 0.06729456647714058 0.07548636236171774 0.05609908326093547 0.09776538345162267 0.030459346068552415 0.04004041214462681 0.09998244879771453 0.049340722398373504 0.027619264925716258 0.018481484020076974 0.025195494786413197 0.04593821204547219 0.01526330191089231 0.004022130375782506 0.09864534321323551 0.03228570815819687 0.07426927992523613 0.006802154034392733 0.042919763120100575 0.0006763114417702807 0.04835922327348607 0.04398212117535947 0.0752385715848369 0.06631232418446088 0.02701356346168228 0.0654089958964436 0.07595119237702803 0.027458038267755357 0.04208293862272895 0.09063934746701001 0.05062437153919316 0.02275817307869665 0.15608226963829433 0.04700898150658919 0.019048069664592333 0.02245878168718773 0.024850020426050667 0.025751008156505578 0.006949134145528837 0.0457546542209742 0.007670651846436664 0.0033337097123992943 0.05292474122533694 0.09747180725419549 0.07008504369455283 0.02132977880098446 0.009594213320532055 0.08996763397642266 0.09306715324414502 0.002518218710633924 0.018376891218848217 0.0357483756281448 0.005914605579469061 0.028140193338278337 0.14070680356709442 0.0740957039501975 0.04138454609845205 0.11228158292798902 0.06556303391288336 0.07611442800388915 0.11098720750585159 0.006840778250735 0.026838094597975905 0.033658479349245714 0.05234352380030226 0.04702122262592373 0.006301981509749534 0.03334944821356239 0.028631265092647067 0.04951497621800762 0.03341975176500462 0.031885456861043375 0.06566054931032336 0.16254261504611145 0.022298192377598315 0.09338370221763932 0.007355585120053099 0.01669373072059428 0.03548279395172253 0.07439438602317319 0.027163812837358064 0.033847928528610495 0.02608434237564164 0.07507692132926536 0.007010072816629856 0.014181154036338274 0.01436064296208761 0.013765845865925658 0.0748926082095333 0.0463545789363658 0.02028951609126516 0.028759942259720197 0.07356050152517937 0.015464704619496231 0.001101666578605251 0.01626416408293806 0.009170694965357952 0.061902358133250804 0.0650809935254615 0.0399458032203636 0.03574851236233884
0.32079596571796765 0.014051798635655508 0.09680738557620039 0.29135597284117437 0.23096508327182225 0.07640459122510984 0.0173290250489419 0.05154696012157427 0.05041183883599808 0.22282071963049682 0.03330849019472283 0.151869118328251 0.189392396445833 0.17465654980744605 0.1583515063260587 0.09075745778664802 0.0017892367830103124 0.14250658130115848 0.14296185971106262 0.03084119321419369 0.042345125601191254 0.1178821365695307 0.08616257730733598 0.3109344530498297 0.1179806479168982 0.0029682438094345807 0.12034703826254627 0.002621750574672433 0.11198514278235894 0.10377510853556364 0.012583482549969256 0.019008192665224025 0.04874578888607403 0.01913663850424607 0.04637331466504716 0.061184423451466255 0.06950303876462682 0.13333518996871416 0.00547607589658835 0.03297195552662699 0.1183336465614899 0.007990818445925871 0.1305615748384995 0.1109304370133335 0.033340860307320606 0.038286904711317946 0.0728229331502001 0.06118746504433815 0.00534988021698266 0.1297647128587422 0.05524748085865512 0.008468380546969181 0.04606125033869051 0.03926057362156485 0.007535313145975843 0.07513989066986522 0.07104668423844462 0.1254127326399798 0.16271836881492316 0.15575815354674372 0.043352416569517195 0.09043005436479742 0.08950845626719688 0.04480189274482719 0.026816218689707634 0.048541299767429866 0.02515587234763973 0.11851578483425088 0.01771261899953864 0.045724892103575505 0.10633480952165432 0.12416961631146661 0.012146744611931583 0.03265768433733727 0.0935489630269502 0.059109643223625365 0.01698759554067585 0.05738288848360278 0.02382064046809624 0.0661729949274762 0.05777577060217989 0.09907580706269073 0.017907318437194904 0.07884575547734196 0.11571845953593152 0.15917548154075872 0.06908528790152937 0.014293703566408262 0.03500293450326583 0.040744704575427095 0.003438628452460033 0.05563654318296548 0.045885768932391116 0.018978040804373653 0.04219351124104378 0.008478384107496134 0.07405337829997347 0.05304142324969937 0.18389246430754827 0.10505205535192504 0.044648018960686715 0.13088935490183143 0.32386616095242576 0.2317317723868753 0.16332886459431153 0.13479372833980152 0.10129694426295507 0.07445061619284504 0.027686781250410127 0.11576623791464993 0.06334684304672061 0.023236126778926832 0.09988986688173795 0.058000184811344356 0.0038487928584774603 0.17151623595596077 0.10271795600181956 0.01836291124168102 0.017077556633832713 0.0022244942073870086 0.09160212960772951 0.023205837964662118 0.05787145850248345 0.17942516442563305 0.08416632008833823 0.08412874084823373 0.010849205579063373 0.03809814680048458 0.06476562201210287 0.05299787684110725 0.09843578909542666 0.08580250592908202 0.011618650506216098 0.01161243652850811 0.05438185243128079 0.022230074522537446 0.07732834027902084 0.1497842775513628 0.09819716272540507 0.03263154970987603 0.06819071311782855 0.06132641914623137 0.0690988178693344 0.059105523606591485 0.04049978229210839 0.07833501772886978 0.12218736399482732 0.14905020824871254 0.08722474065136691 0.10952574843092118 0.037995920491145065 0.062262990179759045 0.011432243427069227 0.022997330438319082 0.034243446399043705 0.06357312993836518 0.12469001425838863 0.03435715834856564 0.0027682204185288 0.0014570393852101034 0.10154663837100615 0.022281546624590417 0.018541081434749553 0.005713313727899386 0.011991675205272775 0.1052182934336402 0.18074011780948745 0.04971460208509895 0.1627591437353664 0.07544318815313825 0.13577849102709794 0.02068572007417033 NaN 0.2791203954139574 0.0880239696522192 0.04303720174764008 0.034481309954626366 0.0916069517412487 0.19779610992485783 0.1826256013118862 0.3330092097937873 0.03378091716322402 0.11664161574696669 0.2985970883239896 0.2788478404043924 0.1598330931191601 0.05372735405868842 0.012421701008933562 0.0283447866064622 0.15149555717675148 0.008184120962770769 0.06566225727255076 0.19718557438702283 0.1756611031547481 0.18927016663430152 0.04416952609141281 0.05479503142847008 0.08928654078264399 0.13682173014219307 0.01985897554836946 0.0008672431920742992 0.05244920993571437 0.0013334146514001573 0.2193015080955212 0.033030644631418374 0.008560035810583342 0.12856481296734962 0.23495774173059664 0.08439852526511292 0.050126111712498526 0.021079103634746583 0.003036711833612418 0.04035082386366998 0.013496483516242552 0.002746468154973454 0.06260928442068739 0.1299069273120651 0.1358689859574134 0.08059565965356677 0.060748389314832986 0.11019430398554116 0.014672464144487708 0.0705269882478925 0.12145370672602183 0.005474630838258662 0.01193531795508668 0.1460120075684152 0.12581529402461888 0.00869339096782965 0.013325802150460456 0.059256542587091364 0.03545177877268435 0.061449506905251326 0.05513832426118256 0.06879556162472782 0.029554288003045076 0.05848526450168447 0.05419476375720303 0.19175952260584295 0.13676199019884785 0.05999158321062799 0.0029552311833565053 0.13166455161248658 0.04918920574657188 0.029164816729237635 0.07624614277581068 0.02662890183381081 0.07136791357790051 0.012146690596711477 0.023829001290640493 0.09857474466460606 0.08884931422185223 0.0008244901264484967 0.02294566754193762 0.09387467349402506 0.03483424635279287 0.02876286396823823 0.025965063054078804 0.014817338350172526 0.009180861518340466 0.023383485880330703 0.08034769030569913 0.01707296416661822 0.14251717537821743 0.11648096650154624 0.15021362098311153 0.018012222929688876 0.0600238463731325 0.06484313262668441 0.05006830945491242 0.021650944565643843 0.12440477612961222 0.002714143444740969 0.04805222800578396 0.05225214234207643 0.0027996234341023966 0.10665461260573673 0.024404859443047888 0.11069292004231279 0.07018741514829258 0.09097079407972769 0.11317969496524091 0.13547568602153945 0.2000510537865924 0.2336103006369149 0.06422289112575695 0.15110894154807838 0.13869240591489115 0.0560336508749832 0.03612846225585891 0.10636078663062906 0.054261249543526555 0.09161204867931781 0.08325868987913068 0.0011037259885576013 0.14497273329092433 0.08866734843885297 0.10388634777198129 0.05268284283594828 0.03525204164618432 0.0881626740077711 0.01006862390009065 0.0349374241697424 0.21110047319818648 0.16309289117123407 0.010386538681038648 0.005503501952519057 0.024671134728487393 0.10847919467446678 0.025757675127133207 0.00011445177616862635 0.07776796542052274 0.010466819605098944 0.04335379631550171 0.0777843618666327 0.04793055249546007 0.039676485951786036 0.17187475710019703 0.05955353298564246 0.04154934374137199 0.04683988018086731 0.066037945232424 0.1284227764592259 0.06215010224278973 0.017051405108733673 0.03593210481736207 0.14263192789127252 0.12112090711457728 0.09508160275587646 0.09767723563190539 0.08530284989094297 0.03695435514613858 0.0024324072807282294 0.05038804429419214 0.03357029332139179 0.01289355850241543 0.05432868823415888 0.030696871326850093 0.0027099583241869565 0.014508102406821807 0.03936118037216821 0.05970276538480437 0.014744668620254524 0.01597945828103954 0.022548082922102614 0.09815247429172551 0.18357401628344316 0.08001707714482112 0.1526997929713874 0.05459575624407646 0.08813156150316127 0.05515870437109359 0.10335969925282847 0.22612606964646603 0.026571377170975588 0.1182580939513779 0.0067022645199858975 0.08141206914532946 0.11915947093977954 0.22530758084328736 0.08830759387086896 0.2004954585603294 0.04955094756957355 0.08388121412348319 0.07577064495701955 0.169604165627596 0.09843701139790752 0.07212700581153335 0.08886464181030718 0.11653093556883984 0.04535079490688104 0.16179353514191983 0.09841779082334959 0.09833161009739863 0.07109215661118551 0.09247903455970038 0.04937322843779855 0.09404536232659792 0.09634122093051252
0.3660163182228337 0.02890410330280912 0.1350662688956518 0.31393116712577807 0.2571576356224479 0.12899749714964845 0.00800513543525611 0.10827973728231166 0.01387889584598737 0.3261271518640956 0.09987428611869154 0.2824438628468667 0.24152829765351477 0.22542721073614952 0.20032579527836017 0.07632463079724791 0.09684321669527343 0.15742685330577522 0.20792354429146878 0.010368564092830697 0.005966042812724971 0.21830051264905379 0.07761113187419912 0.4511834674145128 0.13052975028314967 0.1199640450762023 0.2089112743924084 0.032235846450775 0.1481536719752579 0.038174150437463805 0.0702052457277467 0.10468138319229481 0.09291930331901996 0.025032322472955264 0.10689809378070467 0.09509391830170734 0.26805759274792335 0.26991325650535347 0.04470960468123079 0.06125665800722337 0.1616102635361792 0.00112589963241473 0.19069491755593299 0.17868739298380168 0.0551156607606527 0.07359261020248627 0.15176801325740827 0.05979855485043569 0.017558775361577912 0.27327034572227943 0.11395743066385516 0.037560935864238344 0.053783867326555705 0.17809967323476378 0.02561803598238421 0.09783661513543852 0.0954245248287542 0.09870137830072823 0.26358039509901066 0.3103591712113426 0.0640549763493639 0.17933908266242804 0.1911915620275992 0.03954643541953271 0.02085428359897759 0.02137267279522299 0.04280517134572013 0.14003133277512086 0.07989607654106803 0.15496587951721752 0.14159808361881884 0.192410214350092 0.05252619889565266 0.020819172140174192 0.22132630930484512 0.1503564341325913 0.0248815604310172 0.011096313054104691 0.0448163745470333 0.1064781778410189 0.13045808389980576 0.05377225914065023 0.02090189013378027 0.1150332033964296 0.15354202771651787 0.17458851181482923 0.12180570027606029 0.03380539075316307 0.01816545201845816 0.03304915464408105 0.0024277194835546465 0.03416042865808871 0.015078406371076129 0.06856869056546429 0.06681748768534079 0.037345247308847564 0.16067117448990056 0.022663790046746922 0.2930985729641463 0.21734324629669535 0.10117314173226262 0.25407650095637463 0.20510381657745136 0.3333974866568704 0.25704460386078076 0.09979727119305616 0.13927574123161943 0.1212717819806061 0.07508216395469898 0.006972804571770801 0.10524689193655239 0.007497029517387123 0.11331365322754848 0.16130513545130765 0.042487806596522376 0.23961503004836343 0.20042689833459515 0.021668080830831125 0.02237954518702284 0.11755526928147321 0.17085069527433597 0.0369519840906611 0.04154197276129622 0.4075299738234421 0.15579273803265611 0.04868060001967372 0.0019779254188714195 0.08288811461378531 0.1521561052289364 0.04633292545108181 0.1774631390158992 0.15090137941305162 0.060763373567316245 0.015245230457397849 0.03642802948296602 0.09340835550831923 0.13263344732260562 0.23712458967174788 0.12018990924431365 0.10375363433760174 0.014270761539281694 0.17788644889572552 0.1583716909305824 0.0677997994831846 0.011944892421799204 0.05781795263521886 0.22643403350818897 0.23282645394288226 0.15605072262489728 0.12756512215551039 0.016646816845767475 0.03763586740702397 0.11038306662540164 0.016874414391075912 0.022600207294457744 0.05722551478710964 0.16982729146460598 0.024729149353878224 0.0015983857869155428 0.04032509657815985 0.13848632091118065 0.10897256089150671 0.020265779723827076 0.08121807886358808 0.020635811094179612 0.14439204340379025 0.18953137209153972 0.1277631404995529 0.23001288407015683 0.08329899554011208 0.06587655996742849 0.06667647020393168 0.2791203954139574 NaN 0.20444249160450367 0.1213779567883636 0.03262655058922132 0.11770979629373685 0.27469647065603137 0.28564564945802073 0.3649903388370537 0.08501658739938306 0.18416007843597387 0.2876401782909525 0.252281485177169 0.14749191264035794 0.018359542766521093 0.06735394564883973 0.022524104670617606 0.25717737323284473 0.03511835146754314 0.19214891264405298 0.19711877498345876 0.210887379549453 0.26140984701363223 0.08236562693249341 0.06802239982258423 0.20817004144552653 0.16960428888076348 0.059953801734465954 0.019551212215529593 0.13893616845045492 0.004850465520828143 0.3667460200387713 0.06444791992569834 0.14414941721312385 0.2424583418188685 0.23913362380282596 0.08546068933011773 0.0682351895181841 0.13152306510062486 0.03916930443157208 0.001003301188587884 0.03735862606240135 0.025993474905986965 0.159944705776969 0.19894218914504244 0.24017695945348363 0.02501057484144429 0.10197046818992492 0.15215423422862673 0.07312843421904333 0.08969622494768938 0.15079443204410298 0.04687751122258539 0.020068518555296285 0.21137189985358693 0.1608126924942495 0.04605230482864422 0.11951918975047345 0.03654592897966499 0.00041988457273630574 0.1139046521136464 0.1135903729777547 0.023105592753055147 0.0034376745928407846 0.03315148551638027 0.048428258254393015 0.3021398383278308 0.21189851366092752 0.05312979855963165 0.055331479437937134 0.12049652617949219 0.014820499879614337 0.007627825069800602 0.016976712122709316 0.09384003784081558 0.059989661164074976 0.058965707911072744 0.11675473511682127 0.12103653541016965 0.07614019323730693 0.01936268940535573 0.0070983653323424 0.23734681194664262 0.14145828286280993 0.0862874704940835 0.04416247786198891 0.060643663850063007 0.055710074766621875 1.9080980790726135e-05 0.010427069266726792 0.004598900655183326 0.16966729625028296 0.18939840083800025 0.15886364882801118 0.0075447671458129814 0.02471663264064238 0.13216053391544602 0.0015239917133296733 0.02085633936131888 0.10106943574181924 0.01100605053737794 0.06143679626157369 0.05792092187452413 0.053201221010874766 0.05140544861509986 0.04574142676418543 0.2838313115992576 0.021068258527408797 0.16264033274174225 0.2556921818000304 0.24633494894125801 0.37210101607362334 0.3086795707790052 0.11548433376339132 0.22401614417083923 0.17874096152851854 0.14554126976191947 0.03738248021292026 0.20824831978653413 0.057892789162973475 0.11121293426797028 0.16279723598442045 0.006926126133855497 0.22208742854434518 0.0677344305727052 0.08014998951942175 0.04874199084374754 0.1302084957704774 0.13004385942871824 0.025819055249359686 0.04254668533511827 0.28826462751707693 0.15062850449049364 0.017801731848314687 0.03450542677165181 0.10190051002778885 0.14494316252276573 0.01320256165945992 0.08545433925265838 0.14013015770821455 0.06367128503671211 0.04643004987412884 0.1212061736642949 0.2128083949009094 0.06435258448458597 0.19519511799343975 0.09475523025708578 0.0014230151140702536 0.05328804192734484 0.11224104245948292 0.1654999961660225 0.04781888541176609 0.011419868296420792 0.11400144037599338 0.2287593141712772 0.12769119369396004 0.1199618277423981 0.1572800840582853 0.07190586557149219 0.1113277346509939 0.010037293824542421 0.1123227753604486 0.0009367348021017691 0.017028097533822617 0.07122069197866805 0.037590847476466065 0.05312874123448584 0.009590605688629773 0.002709443912798694 0.1266883473435641 0.05971956910808259 0.0253445414565823 0.03173275166122695 0.015090242302050584 0.1927385428449268 0.10228111382554071 0.11581611876810309 0.05852916824780853 0.02745711940813751 0.147456736570461 0.20092697992707045 0.3290818188731044 0.05561345942419439 0.1336764863523052 0.06121993292383916 0.10792969177049715 0.22502180348006037 0.28371593385109783 0.019317785960344072 0.2263570016148699 0.01711588788870421 0.08132572918373453 0.012290923465142252 0.09885546188759196 0.17615141140099705 0.0650436356954294 0.05046594299298473 0.12031972564187225 0.06196512628786529 0.17560333038538375 0.037134715403438254 0.052078415999756315 0.061298765323850715 0.1548057751249491 0.11490598291835649 0.07994678375899895 0.09157757035340801
0.013827649435891069 0.18072974320820684 0.13091952345274233 0.03907257068253261 0.0734055466417309 0.1909194745796927 0.17076338985104142 0.19392417037410553 0.21898664568191156 0.09680484249630672 0.10356937641814593 0.06388361810665176 0.00018879608379688368 0.039598305125888425 0.05033686986658364 0.04200920039144204 0.04619578030017174 0.19303197253101897 0.12667824544378012 0.11975480379942033 0.2148218087531273 0.17873982986421175 0.1329110235655905 0.03876791696336736 0.10905747198909331 0.019889866174046155 0.05823355223955745 0.1461338216846723 0.031282240950490925 0.0185904598987305 0.15670539375975545 0.011760440579476193 0.046462915650562084 0.004368424458020596 0.016624725852921178 0.06598363781965676 0.1486272478343038 0.08282798462467096 0.07655270811378662 0.13936414581335096 0.15755542971076647 0.07640439145524343 0.04144471769724655 0.025462780248289324 0.011907530075426909 0.028349698004313587 0.09178125521948806 0.14127638734545472 0.07305072255905957 0.03645180283857587 0.22489097232331157 0.17889031588135038 0.20482712181558202 0.06952172753324164 0.14694927642559674 0.09599638358817654 0.09392438537333275 0.009030969620287082 0.08557615638361352 0.04952822325007947 0.0601732914669303 0.1180973920122459 0.0878391051343453 0.03277659452445837 0.028087257083371488 0.15322526081990348 0.07718794406582227 0.07265321025830676 0.022441332793112657 0.013961069795270672 0.05221674923210615 0.06685339965285293 0.14921973297513108 0.11769437623760116 0.018872003527714155 0.10520405485294357 0.1582711311184049 0.02339152904941225 0.17979898813568226 0.01645148899152996 0.13332441250636584 0.020282088943717066 0.12118941889422027 0.01891482475726234 0.01628169111345357 0.04416884571942278 0.009952736185343768 0.0891296025746548 0.04590334573075472 0.0098728112542566 0.08618082568413686 0.02284350039321921 0.042072002397933 0.003645195678543842 0.11711247679128377 0.11439837068462136 0.11035115292790584 0.04512495581717633 0.16286389458817624 0.2404822384392624 0.10281709283601301 0.1266898749636354 0.05326146205961427 0.15381686649027568 0.11112189702785605 0.17600432004560748 0.21282630669052285 0.06641044831680382 0.06389843731553196 0.05939588026339219 0.10589430284787271 0.0686286325387649 0.09695516185696951 0.1329782648189042 0.0762072600227731 0.09056738093862816 0.03430153209129853 0.025470255795344305 0.014970583646794159 0.004232666441937581 0.0018571536639126602 0.017191080468224137 0.01721390968929235 0.30048259311805636 0.2305909646419277 0.05208886750963315 0.08190872798286002 0.051297633518774574 0.06451100190101006 0.09131474658314558 0.04728782091055548 0.12656431480002248 0.10673923225370242 0.004724699910309105 0.04876115218203402 0.029278521228725148 0.11553332690618821 0.11213124103957296 0.09914110187901584 0.18361245009793126 0.1530712996026713 0.08480439084997395 0.06357400578857758 0.05779909596463015 0.12405164044187557 0.059596843335185876 0.17549485853890226 0.04195929697859822 0.09102359059012707 0.12960446013807186 0.15404010189434578 0.01435307100826596 0.12510909050041905 0.09041269346067173 0.010656080510113426 0.2032627036057719 0.14210245987287637 0.1297003537880793 0.1460291088554097 0.06593607467792331 0.047257251740115185 0.08385053025346774 0.0898977042862397 0.06176516851662148 0.05623557355999348 0.04396062939747934 0.05445685136462999 0.12665776068135715 0.06252772622324763 0.19500222042780113 0.03278755659927171 0.02045199188711135 0.0880239696522192 0.20444249160450367 NaN 0.053647403897871634 0.036166224893892526 0.05196285232706375 0.00578974989762764 0.04900937137298616 0.010316088381344764 0.191050648300699 0.10084857031148016 0.031743532431128256 0.053207577868974607 0.1273786905626757 0.06987962362376073 0.2884489922917001 0.2530644409534149 0.161327945744187 0.11969055052364257 0.007027404624984303 0.017326387033258235 0.012145951938414869 0.10235670707964259 0.12650334371299732 0.07355315867896807 0.1304343604844727 0.16863652355417094 0.10634957765543743 0.18250972106391783 0.11893369497333549 0.16370666857438274 0.016435444798155938 0.07887032295243919 0.10957969191637147 0.10521212964717616 0.12130765918653848 0.040372502177202174 0.03281183302038424 0.1023142099142553 0.10622859681805202 0.006221476060964038 0.005613721449100866 0.0491189080463667 0.14326763916027388 0.20830718250844876 0.04580524511216016 0.08262647257545865 0.18219608465704074 0.08794987388055509 0.09421453271887963 0.05905711113742764 0.08490239822232014 0.04002286694442307 0.05235022319767981 0.1288772637007442 0.08063456867628795 0.06672452695763534 0.03943539024121066 0.22987858977407463 0.20143640905908583 0.22887323722517486 0.16097496422855567 0.16198946712626547 0.1790093668580754 0.08817414987941151 0.0028950070769108594 0.06720486805164624 0.06451008470626947 0.08839789847747787 0.07356630555297533 0.0017496329723911686 0.016930896126672913 0.05294514917027937 0.07420859141288047 0.00032643058826208336 0.027693897624614366 0.10517016610489498 0.09450671407353498 0.02119744648492094 0.027626169480238976 0.08854399874877145 0.016834090383147576 0.02007184114649723 0.07899486918646899 0.01842303246405935 0.0906484729236263 0.012663338249201789 0.038709290071165366 0.08905970650059812 0.084621155183705 0.06617307545683568 0.06256171968398214 0.04692302018336026 0.06113651350185588 0.008927009145088163 0.010038949001758384 0.03257946065373139 0.15012560824505228 0.033433618102109014 0.011159459665258395 0.008042611617927615 0.11040866174941473 0.00626045495045539 0.11154312078670582 0.08582575112935892 0.010367066169749873 0.20716876568041867 0.15787094232325694 0.15862594373714145 0.17118011935663677 0.09497953404653171 0.10469595654633666 0.12257438005469667 0.1073647593133615 0.16169492813442174 0.10871647129323042 0.011955720356033253 0.029326929676064404 0.07250126872124718 0.06538423863680817 0.11962380375731382 0.11106899755090262 0.048444754098566675 0.08134692298812216 0.04960919671520464 0.020649899451881244 0.010224512915488818 0.012927731560975422 0.07164282471180637 0.04418575072593545 0.012400796293679215 0.3229569969233978 0.11433073847663429 0.0006822594547211962 0.09797914590964218 0.047790809317295645 0.02988213813232875 0.04295330588669641 0.11811861247752675 0.12896130505807066 0.05451926425227404 0.0012830302676426278 0.053878461787396296 0.09326031425525577 0.07403742206784215 0.13106334789452959 0.15004589349021077 0.07314074833800445 0.1488301244170002 0.1314375290590498 0.010680507161611013 0.058770517228928114 0.06299278143319526 0.15969811999060132 0.1674998520727566 0.07900520404534297 0.10069399597378621 0.03329976261967722 0.0459608950709964 0.0661704154437516 0.122334304125941 0.08739275898803153 0.0780675441700849 0.18204966104199347 0.12212148385815716 0.06556556328403454 0.1156668064606711 0.06256106365463768 0.058918928847998674 0.007203263537115354 0.11206477021325698 0.015279858758083508 0.013514477435140167 0.058856645168193104 0.07804745765958686 0.09480137461312782 0.029848571496229166 0.1102135246272242 0.0318670206715527 0.10379000479568953 0.137560685000889 0.16228497584343538 0.25185486732563295 0.0187230383177046 0.055308949198659224 0.005105600938647993 0.006774298053906562 0.03609740235076435 0.1731739305079544 0.03608371558068056 0.06307279969554004 0.006799013615022884 0.0600954726931235 0.08504024025166029 0.07510511635583764 0.12434315695654485 0.002865455381498396 0.02878059369580631 0.16582834217084824 0.0021450118882284375 0.06668866647106286 0.13070954764105147 0.008097994262920932 0.06901012071115115 0.02480929824480705 0.01408494787148067 0.018365800528735952
0.17848459084696738 0.0957713195289124 0.01980969882675387 0.0802276969370868 0.044491229372847704 0.017667205413862835 0.1398687744007911 0.1810970783414816 0.05667716775911903 0.1687144027890951 0.13065597123403044 0.2205695096171683 0.15699604286942437 0.09042899416474258 0.21393629145936344 0.0072360057983551 0.018375517338945664 0.2245774536899841 0.08430813588883682 0.014252150758168753 0.05858777564880146 0.20231804461974548 0.15742974280651642 0.16324519352988703 0.07135709116642494 0.11580160807060642 0.13618586459061655 0.07219286542813559 0.04281842271558939 0.22590991193776924 0.044926164372756705 0.060462347765024564 0.028000371166382425 0.14260188926159123 0.021145579293220272 0.032418763758935806 0.06722212681082504 0.10997479487385849 0.043902810372429185 0.10813242230053707 0.008948762592706395 0.011299010429570933 0.05723156582823003 0.1467887324564913 0.07388822345162485 0.03679975519744259 0.12380290286377951 0.0102451107907041 0.02781972045553991 0.08705036069678444 0.1458557753165342 0.1381796724352724 0.033020898272428455 0.1206879655445106 0.11936226350594861 0.10397747243905946 0.00319676682690708 0.09171720726491088 0.0761737334460799 0.15366915566724018 0.02016765727140145 0.00876953377472309 0.017988993354466593 0.004556415467287441 0.08122803737341425 0.15544937506690468 0.095190406802134 0.31818390249180933 0.3237270869057036 0.28309784529555637 0.27198348303218733 0.14081517652222258 0.15441127875297983 0.07239757122170577 0.27331706649527854 0.22391268057438718 0.03255329869793843 0.12473535766969444 0.040075000404508385 0.09216105047866509 0.18562433168584508 0.11476372520133206 0.04904569925842603 0.23898347806242548 0.19873881353373593 0.14180082302690394 0.07833152522414136 0.08453545820723543 0.14448102115370395 9.439830127051843e-05 0.05246100961034361 0.04441530354609183 0.018703386924351494 0.11015572786741182 0.027640487601255752 0.025007127858533536 0.09981941766641976 0.12253572893147484 0.02534315407477682 0.0014606763215297437 0.07156769522437408 0.023006635153807794 0.019907851967559044 0.04268756655990556 0.1039001491273683 0.05850228707670755 0.003223964510711374 0.06304351648666383 0.07862759102272968 0.014251266176982535 0.01692272936232288 0.03637819076933936 0.03189050843206018 0.05436641416248709 0.04922426217346328 0.1679946107609621 0.07881621194704794 0.035464971018947085 0.08657401115949839 0.18607197779979537 0.09489617080605343 0.06464894382426967 0.11966035047305887 0.0394533920026245 0.24973072116680162 0.05902691910507882 0.008652548313214593 0.22457976437156602 0.22699780930827557 0.05983150715817335 0.21680582885396882 0.35808205044100044 0.0434084177116244 0.024838798393928673 0.09940252298082156 0.09745654879509782 0.002810159010449002 0.14017138118956984 0.15654755783674004 0.030243362803621276 0.1514232698257792 0.07816374322024697 0.08429223729408843 0.09412880859500154 0.04155261797712675 0.008228800854262499 0.04827968953150487 0.19816464812725731 0.14714047893078344 0.35699360473665426 0.18893056667275637 0.0589097661792028 0.06709596929153597 0.11555557833081653 0.021420126080866745 0.11015146241651366 0.19971616560045494 0.0494482117804954 0.07624266812531262 0.03112516887504505 0.06387475175832313 0.09945320642201115 0.09953420452928415 0.0944245812033667 0.10760179501433449 0.052201005711210786 0.1269252776588432 0.011883894401051481 0.1584891692532385 0.02773591674165792 0.13905257208715927 0.003012951658393653 0.04303720174764008 0.1213779567883636 0.053647403897871634 NaN 0.020087156097889025 0.022681132211331518 0.13777038769238809 0.1082706319740433 0.1746229817784409 0.01877451342058994 0.06829472727392785 0.12512269881831278 0.06032635525512211 0.026091377738612705 0.06152979024097442 0.07038531517174272 0.030106658174807267 0.10123128213916074 0.027153068516718434 0.23180496373307644 0.09753130327764581 0.187720913204155 0.25182139254401803 0.03390025209003126 0.012408251112335155 0.23916795239084013 0.07894375517063525 0.037285623794453715 0.011503617781230246 0.1381726120589127 0.15603623129166344 0.1554404564979876 0.07169716187471732 0.1540449288659787 0.06365276815894928 0.18175302426011014 0.034664314303243945 0.1420309463469212 0.005528342446542855 0.007577350115904629 0.0406681365671968 0.12931789052101078 0.20549921340029664 0.022177222644484924 0.049364579366982554 0.16101263970042307 0.056678473079618104 0.0756356174720203 0.008382800069203744 0.030520060585707245 0.043646579032168 0.06670402877457185 0.0700542821596643 0.06333955907615088 0.1862773699145314 0.05661918766893915 0.002090339015687908 0.05303996629423266 0.047807200691232135 0.09910629914281233 0.024966845393519767 0.11243180281085964 0.05704944302947128 0.0034146386318785137 0.08554118458620485 0.043869953319649296 0.1200998596637383 0.08605905977612134 0.010030513736927793 0.03225700091308654 0.0268597741167768 0.03079918160344544 0.08976359757955428 0.06885158597113314 0.1137304711280323 0.2367461334497077 0.1909309995655066 0.20827289954686726 0.22004192703075295 0.26017072107612155 0.10917723271811026 0.10261000543339766 0.2722514459197938 0.1730720707866328 0.09773371941547736 0.1207540372193253 0.011730417498157853 0.02385100603332586 0.05287732742999754 0.0009529541946009691 0.005722953498616678 0.18824524360846143 0.19201258432602075 0.14052091744529877 0.14750076824325056 0.14266776536879644 0.0496804768954252 0.023782887430838458 0.03500071611093385 0.056062159081424465 0.07284643366590687 0.03681335158543126 0.00791425116304616 0.006415265091629291 0.01619145816372069 0.1104135127352324 0.06144478632301651 0.021900972040168443 0.035953144468317114 0.018958429950804965 0.11333670078902985 0.09267659192118033 0.12023977766323088 0.0013492334053590619 0.04399557854062017 0.013976127895130868 0.06302411069140174 0.03426874044618282 0.09008389395938653 0.03569381927374697 0.031848907413469865 0.00044033948058043936 0.07541970144559375 0.14517736293131914 0.041726499680491864 0.14439102291530273 0.04074954427289007 0.05390989301933227 0.0015229913779436627 0.0329599821842793 0.054145658308080206 0.06503137678737912 0.23213971431095257 0.027878521075394243 0.05047495111316542 0.21885212464606327 0.24689807676051792 0.1631348200555342 0.15441417813362432 0.17257867156030587 0.01574229171698574 0.08629992264699705 0.11001327033225453 0.11531422329150097 0.10206146260515996 0.10111283609829808 0.19025790443412804 0.03608408105692828 0.09311235355162822 0.08372293914870477 0.18016465736066742 0.13479017711301025 0.016688833949848728 0.13530273353513683 0.0652720031079648 0.1983344602855946 0.07218726836398401 0.3115431577080061 0.23844109844817474 0.06784884594994134 0.034041772730598455 0.04534747065501553 0.024081442025822953 0.06601480929265542 0.028954664151634363 0.013265228887473873 0.0669662240094807 0.07023536514664146 0.103976452853071 0.049467080624929195 0.1487332266825217 0.09111409521648887 0.015263056941008216 0.045542501800222374 0.13733473493111467 0.011041619021194328 0.012369650692355108 0.11771766553128893 0.10142123164057747 0.044053280092447425 0.03210692998245241 0.054273978506660256 0.13571505518280638 0.24039537914813702 0.08132234509347218 0.025682858060382358 0.05910881033400551 0.08900789947042946 0.13591122476318823 0.10585116202629746 0.03864849620177147 0.026020309569780097 0.01914601691229364 0.08470207328583505 0.1322578918971551 0.1145441843028706 0.014697978801401576 0.06570936602573214 0.11635604646591945 0.10803773125607453 0.008329854057778335 0.12909210119060066 0.06466139419790365 0.19386679145893673 0.08627381704745722 0.035446056714004914 0.018350297877714913
0.07696218453347038 0.028784250624517713 0.09726100494529062 0.025676113055327958 0.05651372267271528 0.07641602819200614 0.06292181473623337 0.004456208860570206 0.044096145923170876 0.06554533845160006 0.06526126399903923 0.11480607466471991 0.013375411386665358 0.07305478710575034 0.14887135627404086 0.001909315608130341 0.06631694875538201 0.006718627178963036 0.08562289497732865 0.10465983053736919 0.03487874154893497 0.021164815203851453 0.00953543269883108 0.06060208474115633 0.03866149910130616 0.03810914274046598 0.006518172150748178 0.02982080140936649 0.1783565815536358 0.11219061087939851 0.02221990253366221 0.07968103091786394 0.10047042646010858 0.15183356257117536 0.32093254870807647 0.015174874605188786 0.017003713866513098 0.014716065339360842 0.08101089748222871 0.04983135351234633 0.025540222290211422 0.012533109462523707 0.003682174508742909 0.0855487701303253 0.1689382907264318 0.05381093344347575 0.03365148581977976 0.06126732021057665 0.024863071065339148 0.0563517871529287 0.03350772110458528 0.008319396213477118 0.04122564667169331 0.00978719576091514 0.050467286664447 0.01818229506517318 0.016047372400373308 0.029833274394652092 0.016895949908991396 0.017462147924605757 0.10414299477887771 0.25099243277970057 0.19556272667150992 0.11757626589738998 0.02639986291739935 0.00020849325965262394 0.3394486900841351 0.08451545286770669 0.08053693101539933 0.11715403884019014 0.037236770305361586 0.04209346468874613 0.26288338591464133 0.0612116688502846 0.15799076355876907 0.09665882267126616 0.21623427741988702 0.16055879718730706 0.05188646209577517 0.1894759484093478 0.05509430654589067 0.10543178760413845 0.34240784695392606 0.02215515843230035 0.037458987768812096 0.035914556194041235 0.08755234896549673 0.013272823681790035 0.015281525301394119 0.05898592599651971 0.23480712423840694 0.026952721525208796 0.12611958328135392 0.09152989392835319 0.04510170818217888 0.07442379549784008 0.3753046154273441 0.004101020680882156 0.04627396563630202 0.07453432701705535 0.07993043695305493 0.09256999156130352 0.029282672411171773 0.06230879571392044 0.09161203833287776 0.05030798741353873 0.018991284908189174 0.04735501077722369 0.010615039564969843 0.05275349786116287 0.18247813631984233 0.03230531504811638 0.005483208273732488 0.0028953262206099354 0.06206330310015421 0.03813738664623664 0.016435914368363114 0.006318170050890164 0.0569990701848364 0.05185104323538037 0.009771910531267199 0.02407006539603907 0.05858641602603253 0.024582241558574 0.03663996029972537 0.040714039519055785 0.03351410268211986 0.0742685513779679 0.04868950238703338 0.27867051465341114 0.07619936579611225 0.08962400962512951 0.41034784198287666 0.12633197145309993 0.07262669134468414 0.037909705223403506 0.010175081937755766 0.0200619231040265 0.07875912954770901 0.017043560186627234 0.012370932321710364 0.060909853196870416 0.12390084130247551 0.3880424491116962 0.3684351650127069 0.02250759789275158 0.041351452588980514 0.007698024025732204 0.42638755346807405 0.16485747476526783 0.31901572847172605 0.005833364759219856 0.00634017819056928 0.0405237919651388 0.007552225660985492 0.0173011482288399 0.02980370307928133 0.0735706863117198 0.006068152185280134 0.012290799751075743 0.14208796127390017 0.20343299686765753 0.019696371010408546 0.08598539702930867 0.0052970907691192795 0.07391628651360055 0.008895834983797828 0.005650828826207452 0.1692206005854226 0.1753628816398086 0.2059796054217736 0.055700077043825756 0.034481309954626366 0.03262655058922132 0.036166224893892526 0.020087156097889025 NaN 0.07781039744614646 0.0400679458609854 0.06736606600232337 0.054436482716039014 0.08460673726020185 0.10680153510502494 0.014311492039762865 0.01437739482360123 0.04751009002202519 0.03877123208863709 0.09843935904324765 0.07082714935341465 0.09910165813222052 0.026343607107296083 0.05870723235908502 0.0015498459276069051 0.004934836243051998 0.06425794082964048 0.022220257162184405 0.008828786514817132 0.023836297156007002 0.0055724984266904655 0.006913945855512134 0.027753395881644865 0.005099042737805889 0.1347784770593952 0.01185439004201588 0.004182746979720248 0.0650025473840562 0.03376830103645355 0.007113990238978856 0.03581691860853841 0.06713220796283087 0.01846815284056152 0.09892846199714586 0.1265990027025003 0.10897146925824328 0.12068155613225544 0.01828430389169754 0.019485006922689667 0.1246963932642731 0.07458458088781278 0.008009069753674875 0.04741702312169539 0.03685973265587599 0.09423957154771163 0.11603539190259544 0.08517195412334148 0.16646581507266256 0.004181568625865503 0.042223418069154334 0.05319226777987504 0.09327739161338923 0.11034689225691068 0.09120152906625521 0.06946794247089452 0.04754838620445176 0.07301378049236995 0.03607385290657578 0.060800785033148536 0.04413040580805471 0.004403651343511312 0.08851153786595672 0.056590187683149384 0.11436724743029934 0.13191344305528893 0.0337222909484164 0.01261808192048589 0.017383226952938625 0.1437776466513147 0.07079630531280404 0.03395895358926219 0.0027962763606143057 0.06391557783268766 0.05243790106148745 0.13695317332675463 0.14767717654106716 0.08609475998627178 0.06278590080603973 0.06859717150770832 0.030105225376899195 0.04820526697711871 0.06749690444631498 0.062114475059794214 0.17571345816831957 0.16608469354250907 0.08883817953932106 0.07711841464843788 0.04366515224523322 0.0034494413059320914 0.05987006870250016 0.09161028681073459 0.021382237506868174 0.014762094896592387 0.06572834619935745 0.05032062990395449 0.009406437866932788 0.03884291776642009 0.11724167727198383 0.1379077219367815 0.040197606333091 0.09826605794858669 0.0009528812752539618 0.11619772954856608 0.07130661281907974 0.10424565913205967 0.08095545301702729 0.0534899395445757 0.007473487737478012 0.046437020313436064 0.0778366272548344 0.01067746727360555 0.0059654851204790785 0.022934196643805714 0.05902290783706846 0.1207637484148598 0.012690904763923445 0.0029873418766815513 0.11280934510956749 0.057668957023873126 0.015859405548550923 0.05616585359296363 0.049546856069964 0.021217171964863762 0.020956567263794308 0.01878881929868243 0.12168157053200646 0.015601049868992602 0.0026584134550325994 0.04158684931700564 0.050928051256911806 0.03706413567585291 0.13512886852346287 0.0856650473477796 0.04061902845570783 0.1462007091114654 0.051889602360433766 0.06730816052068533 0.1097926252753931 0.1616371627933594 0.07899318842676556 0.00473789071639032 0.06929980430931076 0.05482615688365606 0.0539966197108323 0.09826353232955315 0.17304012648691494 0.1927490466722991 0.027873746881987044 0.025146161822737843 0.10324373109494722 0.3394376898127991 0.02519552069916053 0.1623925237468957 0.03628853452797109 0.014153007176787436 0.10140477749393055 0.09245621005425937 0.05303488211518454 0.04487856369890426 0.04494333057659001 0.1831585402659865 0.020536749232274876 0.04371297067933355 0.09024939958232671 0.03644160330072252 0.03808253546326567 0.05769287519592477 0.010680167033951112 0.026593604367734856 0.03204551757651428 0.03503026375841436 0.012554559186726844 0.10915312118248566 0.028398120431687164 0.08966370422968058 0.09042056017791782 0.08847410356454703 0.02343987208929329 0.22002249377191943 0.006366581000724971 0.061495835365691094 0.03499434256693893 0.012124197223384906 0.01660420936284486 0.04590896407471145 0.00252759244551918 0.0581803308300587 0.11191250613630052 0.04647762123754382 0.06871050357350436 0.028849939819565684 0.004236488054711754 0.0699464254439555 0.003976114677331803 0.0025416084924375394 0.03400659752466745 0.015395337489079671 0.012869999525347363 0.029315960211202308 0.04331024680991969 0.07121654955188338
0.10798699803828596 0.01876001861617062 0.04453979707804348 0.09802467705623305 0.07137724051162218 0.04110858319302715 0.024398430462678696 0.04495070073470938 0.049395033121891974 0.0922576997156899 0.0017424170388254609 0.005817586676083368 0.07657467667054478 0.027580341584582706 0.05470748907684358 0.009823791508714394 0.05082928253073329 0.0011037559806891934 0.05905793351123 0.0007736197831849378 0.05555379605755214 0.052056767329039626 0.027971204820081502 0.03202118536125862 0.020904755610291655 0.014213816828066932 0.07293564469786921 0.04994231542557427 0.041700364538421346 0.04910787474442565 0.06436316849593629 0.014231132502531626 0.002576286744776665 0.08007504174539735 0.035337640179703506 0.05139036730835016 0.07963307429259288 0.07306175857811788 0.017138133792228737 0.06930659940687076 0.017561380736571406 0.032399546265981044 0.027155188813877226 0.06396650193835772 0.09074628724893932 0.025444307896551447 0.0410900199487542 0.019018982385188295 0.009464513829493903 0.03168622673025824 0.005413446109696927 0.012502024431979687 0.03204831955150833 0.04275726551223745 0.014547444866190053 0.06361698832040932 0.049799625671091925 0.02263611628287983 0.02103587008311028 0.03016118979172119 0.014194610652564396 0.0033138715318061338 0.0287557781875588 0.032255119226577415 0.00286799927432903 0.024274901817868393 0.07899180462494397 0.028474029578808294 0.02564057652164888 0.05902560445671603 0.07625439087748605 0.06465767986959202 0.00761065992072779 0.01286562459480068 0.03659657034732899 0.11462974822590226 0.007833970506652365 0.005003663805864077 0.016466086153311098 0.0864859670929942 0.04250794946921287 0.15207463016955947 0.016848838634486732 0.06484971267881684 0.04231935773375033 0.07497661905567667 0.04764627048798626 0.02431426077521815 0.02476710491088195 0.01941741713284356 0.01893648357294853 0.0631361116225255 0.00034275507103511153 0.03356573934215473 0.036385633534261684 0.0400210445499135 0.023635197057853687 0.06167182938927318 0.047608189122888854 0.06520023899006121 0.024896129069652755 0.041206688592180594 0.10664273274254343 0.10887032192170686 0.11323671237471435 0.06487916336829067 0.1319787326111378 0.01202510497312991 0.02852134297894806 0.11175800908930533 0.029499380900403997 0.05626962930664244 0.0009230207738530658 0.041514945247706006 0.025116543854629733 0.04289788867230809 0.03803148723558415 0.03747533435038377 0.0023475835664879983 0.015128441448999285 0.10012940708894569 0.023049656480288835 0.03110989986877628 0.1341364830022562 0.0341068304666291 0.015483048281381705 0.03247302556561368 0.06690958740877273 0.006799577028476582 0.01352352478546516 0.0492926661806722 0.05051205672883267 0.03170847691075643 0.012703178819078875 0.03497077142541217 0.02263578319989559 0.040221056663974734 0.08047232718141666 0.0011840480403525347 0.021587076775424888 0.02490025536831476 0.11526575459249877 0.05914555303656855 0.02911055721319966 0.011770859979526503 0.036224516265246226 0.11710078266538874 0.1087877984747563 0.011808016205443935 0.0897925950349258 0.02488749338891509 0.07016398821793715 0.03493058923802842 0.009810007400912793 0.06528305713986803 0.057592366039243614 0.016619807551698205 0.0009856317019029531 0.0011587942505740614 0.044954802010329156 0.010074594891237625 0.06748251806289324 0.02041769685116424 0.007316265149108432 0.03916279510975989 0.004270262972734652 0.2948748922339424 0.04799263738524016 0.0202558181380751 0.025308008211687896 0.00614255223782669 0.01333889818153221 0.0916069517412487 0.11770979629373685 0.05196285232706375 0.022681132211331518 0.07781039744614646 NaN 0.07973073938141771 0.06620769874990542 0.09260104949270165 0.018284869024784843 0.053986809910812415 0.08837103298713823 0.024573442596238487 0.05247472732762872 0.07571393915739469 0.05310107750176394 0.0718368492329806 0.06210200887375022 0.019227277006142022 0.047890564951701076 0.031156757365047718 0.06528724958837552 0.05550585448499318 0.0038122241827450486 0.05253304667003516 0.028260172309926872 0.028189232271030287 0.015391937378192486 0.004632141895858667 0.012568389325596157 0.05050919953481064 0.13282423558936318 0.009912593705902525 0.0465475837078246 0.031911324166782516 0.05877377217515212 0.004208189018097656 0.07711425206731999 0.03488062651693387 0.029697110060324113 0.03954258341992363 0.051991073690188315 0.07885475275922595 0.03070189685861271 0.05190745347131892 0.0881552768921039 0.033172714374117666 0.013822512821461757 0.03687922309618918 0.05158065056234206 0.05562356488271809 0.08308677950704241 0.08644908099236429 0.0020678191830166507 0.056930749294463685 0.008186076021525355 0.026433109578379382 0.02381993498415468 0.09184038494096465 0.04789232190566871 0.055301369913331164 0.12221557969054739 0.06567107968729272 0.012873811453821132 0.08354450982486454 0.059769234009048204 0.08989789379381373 0.06463334931967651 0.004145718203132053 0.011021385107836696 0.041486937524758995 0.0051983086983799645 0.02792038482514855 0.06319751052856036 0.05633017356978275 0.020924736401775553 0.032384397199934085 0.04311950445415357 0.039924192575515535 0.04122270134062754 0.022925659202036635 0.0733657959007469 0.05298958382853908 0.08631542324780518 0.018331588300549238 0.08988727555992208 0.031501774383965044 0.022560270958934057 0.005250869897008532 0.06293627394727624 0.029341033481806274 0.10959044992339022 0.06028010039057031 0.03762492226115893 0.0007549165958499846 0.009662094296548608 0.008716393485623553 0.027657605760506597 0.03137614292409081 0.05585130559923092 0.00827522676987016 0.001825689084340944 0.027775321853793594 0.0063765969361460765 0.03186953666442674 0.018481122461532135 0.046836972665852204 0.0009792714985983016 0.02569152906045348 0.0342110116771198 0.06484393409388747 0.10695008318932225 0.08723371468231257 0.08999343088332912 0.10217864167360029 0.060385758526908265 0.07590778841108857 0.047156247146631525 0.020377250187004 0.008625288370486284 0.03862186804465007 0.033755228896369734 0.044689275643260466 0.035476375552430224 0.03783329904325242 0.0029378004405894794 0.020174563231801872 0.02363320469909797 0.03032547043098 0.04229052699588 0.07531638806425286 0.11915521793154475 0.06100134708306603 0.03608543334807498 0.051112661406056616 0.01786767676098688 0.019238895315067873 0.017555267271711705 0.052272497261185845 0.06755169325909696 0.03204731551037919 0.0465366575018893 0.028967599960936882 0.048792313998837995 0.11410282384640383 0.016547515806831996 0.016489051303569806 0.040452861801027036 0.029742528179795738 0.08556170925926354 0.05324493666374358 0.04159367462527631 0.006481611696018424 0.04557657159860913 0.11076711779086836 0.09727159380097673 0.002412335869698952 0.09272516228794055 0.0953402102951068 0.04928933546018556 0.0028973578731653934 0.032256824218958514 0.0006730881588863844 0.04077683660745934 0.041780653049735515 0.03478654776688869 0.03165977997348732 0.05242128312299956 0.043325860483316575 0.07399667872509434 0.017810381092241243 0.021593365902816648 0.012784931918631455 0.04244646529640332 0.11691200746210573 0.027842751749124064 0.0060657344760399615 0.041560414619896346 0.008957561273362733 0.04127659471469937 0.05763668285362808 0.052876005268577136 0.08971720709140919 0.04365364404983257 0.12630315097351663 0.10975804861315983 0.04816556999723552 0.08268403118683752 0.011619877169037188 0.13906883006108786 0.06022750392473993 0.019830714362036667 0.004727884116075266 0.04592942111132123 0.051759068495363554 0.00029338029314332075 0.01675168904570046 0.0074556886649617005 0.018214001850017023 0.06936086726583604 0.036317068424228785 0.009510994223317798 0.019542488972544743 0.01759720231689094 0.02405817443375773 0.01423960199054655 0.008270125051177767
0.43011838937057606 0.028279322634383576 0.13543258332611247 0.31651892897297196 0.2615144900065914 0.14272557286922916 0.02431100029891793 0.16772682460194996 0.11695998216882737 0.28766629228274404 0.020150972929514552 0.16046039687389455 0.19280348475863882 0.16724965935471853 0.31082094102294516 0.08143471977734776 0.013747843631681586 0.164137669961851 0.20474677402679195 0.07547033881398248 0.03891150502882182 0.14408261649952755 0.08402648509987931 0.25467716337243723 0.36542092365847423 0.13325906417610964 0.13216067173577073 0.09130329949160147 0.12353284857016132 0.09718872663263008 0.04954290546541968 0.1809108780170101 0.007612504703853131 0.1232912206481124 0.09860819720675049 0.015526054691872624 0.07416520697643694 0.30644690600462443 0.03767393761040447 0.12016228967548483 0.10185791550960094 0.09667273656662403 0.21509314596341028 0.36146495278051743 0.038359209302806965 0.07966403870146252 0.17642051830164554 0.07674413328628679 0.027684358332993982 0.16002028968016133 0.18666875381177955 0.20472191456143016 0.038084912219339635 0.16349598372694743 0.13995094206631956 0.10563999523516852 0.07977218307172224 0.11182979093601038 0.23160036090503833 0.3755134206900782 0.21190857009215436 0.396272672386062 0.19636460013009974 0.19931603288396066 0.0014538238362078926 0.1873370003586405 0.009692085993626367 0.14979574917962174 0.10072887510492536 0.08971178473924174 0.019677453845919582 0.03619141303354226 0.1328177488931597 0.17101278292170652 0.07127567575123016 0.2365174932410499 0.13072825598572296 0.18110719144185558 0.12395773709846365 0.0470386583237162 0.16856070306720752 0.07524814167778447 0.05168988131731063 0.3430640902568693 0.2508933954941365 0.49122281158385794 0.210992445575213 0.020915053446955118 0.2036394108612048 0.014211973005911389 0.03967535302187702 0.03329322297012763 0.09947094321554378 0.08606516910243202 0.030984928092437348 0.011172382955975984 0.14187884699939493 0.037412623721705805 0.1392199685324684 0.02081167360976586 0.04448156994749965 0.09100050954149838 0.11991131697484167 0.16268997418066794 0.06021305718063317 0.038626247469711016 0.003487272301085712 0.2624261262312686 0.08171760758533232 0.0006040792161815823 0.24673041829685552 0.12139898949911263 0.05918397554098686 0.0662977978635087 0.05357039366927777 0.2412928379717539 0.16089893131353142 0.06296541493830196 0.018371464913401424 0.05815090592867505 0.1800448529338306 0.04248974003140102 0.029802019010098234 0.17651724167851074 0.1283635919965393 0.06458180036001143 0.008964657544904353 0.02066543745918336 0.005473537957787199 0.06497510395954706 0.052370324232720165 0.2118621121022472 0.16951640438920174 0.05669764020575561 0.09010742693986602 0.06362530557593186 0.16187253960813627 0.1095197959990723 0.011027778330203731 0.10655102941723277 0.0030748886284543077 0.06307210346072888 0.13943283424629288 0.2123742907351773 0.03471261522876651 0.0042968213552255574 0.06187772256987262 0.29841842510570127 0.29955319089617816 0.17843817975188994 0.12280816498235235 0.06578277350936212 0.04875450001006502 0.0001367380723724337 0.004414600305316847 0.06692242495987978 0.1568673543268534 0.007972847585714555 0.06925286264411426 0.017182610043256177 0.08284426433998329 0.1200392008429897 0.009459764733546332 0.05545502426831879 0.06574219152883623 0.12930913660336002 0.16268246055781388 0.050173504583165565 0.3435934123138042 0.03943806418262266 0.11575070649842954 0.015426452123514008 0.19779610992485783 0.27469647065603137 0.00578974989762764 0.13777038769238809 0.0400679458609854 0.07973073938141771 NaN 0.3600111238101573 0.4096041721255757 0.08369556660866163 0.24697011744747074 0.33463429541200573 0.2968492391053651 0.26064256482652015 0.09785577722424961 0.03227783833551873 0.0801541085337143 0.26628086045225974 0.016399934532115714 0.09236370102059704 0.14747220281482323 0.19418236893500765 0.3259200431815334 0.04043119769698564 0.020870733391202576 0.13458138035364164 0.17478992399883783 0.10349499419299799 0.1091834650814917 0.047000839465498656 0.01283766754544729 0.33126514520332084 0.030308069755198386 0.052136253761870414 0.1565592399719071 0.26786735411523804 0.09627821279546249 0.08939345499931531 0.06284674435267182 0.1486245318553958 0.03023432878111958 0.13462790900457722 0.08030797011166542 0.024488667072916814 0.1353308541452613 0.25935431265005954 0.026454834386137552 0.13106244873262646 0.11177240079524874 0.09952354251320186 0.1802470578148388 0.2505756844580023 0.01064424909561698 0.02156293628499203 0.20941974951996833 0.14187142187925075 0.005349172099919296 0.06666834814062274 0.134742283800732 0.15400196101906782 0.011387985663304094 0.08237038060327834 0.08296834356788982 0.07261948470704965 0.018385987211970444 0.0037740313818159297 0.28220650544323717 0.19617898961846922 0.1779526407021093 0.29070310698361357 0.265719437578933 0.20340536215613306 0.07491313716876344 0.06888647866668021 0.03849088003326065 0.14996404035305783 0.1572028341560015 0.03083222181519835 0.12116826338895349 0.15071979313469047 0.037384861495400434 0.09077862051852512 0.12464153865216879 0.013766566989218038 0.2409128145269355 0.024654702232218495 0.0587430890449005 0.06503234008648487 0.010047324420885543 0.05915328125294526 0.00842699763143645 0.2857681515871752 0.29491510971016155 0.41372310225091 0.0348840160679475 0.06741753604475355 0.05320768881100404 0.19088393817943175 0.02055695045138494 0.16112567161675664 0.00897513216078996 0.08705810111238631 0.08587650763936731 0.012011937931576098 0.08334283566489996 0.07016374377291167 0.18743327722443515 0.01318193624511589 0.006282517940555713 0.10393003477736129 0.23073910352226076 0.23833931061421035 0.09000744405987035 0.038403123312432993 0.13048181418786817 0.23690226126370825 0.16910844359750046 0.007327212119495173 0.2749996759531188 0.08336807474596833 0.042527114153126835 0.08838785642200135 0.029978152579200577 0.19710470422284782 0.08726278191097993 0.058539608015841516 0.04374769191966359 0.07592274187943428 0.1249631368747233 0.035277797853313524 0.01981367231775512 0.15705811343270573 0.17305571320167962 0.04138330270902512 0.03855941501505814 0.012735084704020093 0.07104215897784733 0.008897606230402652 0.05001336105438305 0.11127138538839289 0.2697872480709229 0.0705738964138608 0.06663782607835947 0.11686320486995791 0.08436247255482533 0.0768485315658123 0.051675205653417 0.09386972882231452 0.06568897612595014 0.15844866883374936 0.14807925142189804 0.11459681082453509 0.1036773384946606 0.04702636744016932 0.10294627445871647 0.17547580414271527 0.2501845532484424 0.10264320617436815 0.21931557617494743 0.026750569923695053 0.05193480903310742 0.01500234220737644 0.010820869957056606 0.08636215258113993 0.02265953338431608 0.059352260271701866 0.03149643137305594 0.0422425922037888 0.0443960316363384 0.12671535394154376 0.03782539032194097 0.023747761801746613 0.09784599631929868 0.11705662050505487 0.20706761476168484 0.028528668858389374 0.1890419283954409 0.039782504084296524 0.058641420466214275 0.03589532971779482 0.1810827162251548 0.20117920043123758 0.04916026903680599 0.0542487152482318 0.026245724857783766 0.11242971817140299 0.37462542210910915 0.3764295461243032 0.04897881418098165 0.24988560716571342 0.11357967175995509 0.08802660954758798 0.08169438889648407 0.11724949313391086 0.12528398945655675 0.059879302565794115 0.08150673032755844 0.07660570326073007 0.03210136661492802 0.2027975484902448 0.10546386296622108 0.09460886432283151 0.12201080958421912 0.1734807280260697 0.09518827767940219 0.04761407269305782 0.13695404617418455
0.3036388826373858 0.04598114344640287 0.07221854333442952 0.2226697240256499 0.17047640116619975 0.05305164843443202 0.04046706458017415 0.17437564652245738 0.1378325076645668 0.22459830724090474 0.03671557055048956 0.19992998859264288 0.19694160089198823 0.22108887618725623 0.28137021872345297 0.07260519293753268 0.06721132300814786 0.18787750176939083 0.1209985047119054 0.02103433275691308 0.043463100649646695 0.14701367822072198 0.1142106176457119 0.23774813996109156 0.15792091873602318 0.03620876867011898 0.16866153148102506 0.04266970518639164 0.06766689749982138 0.07957377217154701 0.03392464802475985 0.054924751243216795 0.07376561848271826 0.05621572483113417 0.1277419207719747 0.013196746071445612 0.10768012418053176 0.25366694994878275 0.03861032636239445 0.08245906830683829 0.0948715534690014 0.01933758717149899 0.1758897006050689 0.22904941402498671 0.056777902332741534 0.03654369747634677 0.15329307510048884 0.0642836615845264 0.0325855291234705 0.16012006937680848 0.15408991737587255 0.17663247541781904 0.09020765829891243 0.1186551080421268 0.06836152962975997 0.15481568197185655 0.10494176087203931 0.1285589659316942 0.17867417912996336 0.2736045071130952 0.16936692459239483 0.2772637018982751 0.16040160850717336 0.199796235414682 0.027162669330371612 0.02556383526052177 0.12539811004996118 0.10347604721889055 0.040150221927517674 0.09973803399365606 0.07081713169502286 0.05090778876419563 0.10998052691549283 0.04886653938774439 0.13461399250083858 0.22675753902271287 0.0969666175690304 0.09060558878263074 0.04149347533615769 0.045683512540488 0.06840445187129508 0.0532948079402232 0.017059279672927776 0.15078327559730656 0.1927350892232519 0.2618706085338603 0.18931979736940424 0.04919638588816443 0.1252501141454379 0.01726055713597684 0.02674211156801882 0.03711985287481127 0.03112212620744239 0.05757403852094487 0.015810985602804025 0.007491092547332722 0.07103540061836001 0.034914091051969645 0.16564481112664162 0.04261584724269204 0.03481253936308802 0.10498744377018351 0.13287493924302582 0.1167099540473456 0.08791071619181678 0.05419046860644335 0.08042551291061782 0.16626704529288086 0.11185584649030729 0.0007432838550322311 0.16999972061427165 0.032702171412290676 0.049085698639408266 0.09953236344184882 0.10233706283695297 0.19907688966234452 0.15416315112224585 0.0612335371088559 0.006988740675409967 0.024405699432408133 0.13323931668402034 0.002381283907363343 0.059686845263724454 0.19934519609069623 0.12137884799305389 0.025620001952707635 0.041577644306082774 0.041922469697310456 0.12515406586444802 0.00133514343550329 0.07267356319821454 0.15802641841423273 0.09752800043676622 0.015344215786964441 0.009703438855984 0.012219453232589453 0.12349006898827528 0.14166740710489875 0.0602305661308046 0.055860028431450826 0.013118158583750317 0.11722080396837173 0.18974307750765443 0.1346534705147868 0.014739050860050939 0.038845715408572415 0.05162261872249321 0.2531817201633386 0.1753629631481252 0.15408077935759948 0.06492064689675195 0.04169208366597691 0.002311986582111005 0.03493837386148359 0.037926240477488805 0.0879888272941103 0.14215502244701603 0.014262754842894246 0.0025759886571373363 0.03429444337947709 0.10371811458151953 0.06251308978594988 0.023241941829189407 0.06139853422092394 0.02428045984327478 0.0750997008788618 0.1288444941929914 0.015502002268429007 0.23908860837091872 0.0614584534400018 0.000597154259829844 0.05422936635155645 0.1826256013118862 0.28564564945802073 0.04900937137298616 0.1082706319740433 0.06736606600232337 0.06620769874990542 0.3600111238101573 NaN 0.2987429364364094 0.049828440367777206 0.19195798568442088 0.2550016073801194 0.21057212348570806 0.1258241458879742 0.009456837159279483 0.08207996049801833 0.11025746488996502 0.20154406726729174 0.028937715718052825 0.1466411487655432 0.13870371201208487 0.1530119719398614 0.3142993447214401 0.016788502497961388 0.042557757183225964 0.1803307868233227 0.1456656069444991 0.01774868090630287 0.015617809412479108 0.06790623418284435 0.03145137335078249 0.2939220307983013 0.029328359505902436 0.04537523289921907 0.1361549443553364 0.2270616187052643 0.039155892160300645 0.10429002731073453 0.03632893922858111 0.04701904504301723 0.01604037980417731 0.09895668439362218 0.09038212376669864 0.033466945893606714 0.08433780415878299 0.2358390985427469 0.03518950666704915 0.11894828448325681 0.07492953312055513 0.024129479753197805 0.14182717865021366 0.16992662983294318 0.02431744001736814 0.008505818255032403 0.1788006952592614 0.10477295644157698 0.07756338818504498 0.0616658511513852 0.14539497663955678 0.10091627782342313 0.05167812475876744 0.04778913313097278 0.041596858190009654 0.042424300393166775 0.005992480201434174 0.009582333319122222 0.23754725068612093 0.15183827898296032 0.1530352488550569 0.1672839529458345 0.19029641941349434 0.20217210841552866 0.09088774977834223 0.006558433753563017 0.1364939562977034 0.06276772634978442 0.05134328438834916 0.027966695547551008 0.11287713566124201 0.12176078596750527 0.05405676571886893 0.03774707560237574 0.1696097217905081 0.08558568237249892 0.22172516347578744 0.012651956635046742 0.035520205766398416 0.0018680005216706048 0.058994385527821304 0.021638751753578003 0.027366843227976504 0.18559626929519407 0.15775135601830145 0.27678660470578853 0.039246570510517956 0.019657447776694724 0.07926279666044524 0.10847610382459037 0.024694628590991363 0.12331233214743763 0.017637363015570947 0.05821445702538355 0.009260326062678795 0.03239610968708733 0.021544522209929504 0.05762168666119598 0.17137905476164547 0.014658382436130414 0.05103523738418558 0.10102870841782453 0.15586922072197526 0.19934701220549406 0.1362986791330001 0.04012616418687548 0.15155091602249585 0.11017072491605355 0.09306563647038185 0.03960106745461106 0.1590237188474712 0.026578775898251254 0.08235961518944832 0.09479098862059825 0.05085449350353233 0.1972041726597019 0.14565512832689176 0.05651634777843403 0.021871104996733753 0.0333366183558631 0.11929252483216271 0.0064521385823121625 0.003392640209128945 0.12703073631120113 0.17519494693159754 0.025268057395336427 0.05726502505836899 0.07507820750325735 0.12389361455808673 0.058358780177645384 0.06133958272869192 0.11435367662725064 0.15806473211947492 0.027621928764082645 0.017769578948449778 0.15371317012210706 0.02042565508905886 0.09923099145935035 0.0869812149150624 0.010886735864363237 0.07132631954265639 0.1381224812279618 0.20667724341285187 0.03176140208507492 0.02678894437593601 0.08181918111433308 0.04934541420007556 0.13515744806208047 0.09529144570309481 0.16127929594649934 0.14663850968856035 0.03533708056787331 0.09648581528860117 0.010724888731360724 0.004332970023817093 0.030527947747090698 0.023797533264397385 0.03587919749016217 0.0035237352054754705 0.004862863260033977 0.06653277904665572 0.0892671829268671 0.018341520385554564 0.0467740371976175 0.054197659832793794 0.05444308409081339 0.18337292762049998 0.009316265143985633 0.15212434484077642 0.014977590675101038 0.03431721526970981 0.047333529808277215 0.15901714243067366 0.16786318057852545 0.018688193183551156 0.08362287103858582 0.04026721502162069 0.13370873244158582 0.30455814147235544 0.30813198567998856 0.009438320288473809 0.20612776547426548 0.11577621022572611 0.07487539175493903 0.05050906306201692 0.14018738557251872 0.1399145061811717 0.04268076439357598 0.09478034153716443 0.08018351451623132 0.048179923849927614 0.12074435623966914 0.1403078541228 0.06871016810536978 0.08821045854443833 0.09416430352743452 0.08574944944220025 0.07120231455680757 0.07408867810621221
1.0 0.09750243358934926 0.2852345904199497 0.8720839485926819 0.8268334797838766 0.49881002347465775 0.2559645882113495 0.11703206823519192 0.06285776828696212 0.4839156477067897 0.0017698685487896595 0.17664508663709458 0.6876095790763234 0.30236884035693135 0.3679172946450261 0.137180666332693 0.18442137477358644 0.13826702983203035 0.5008870317261961 0.4047400612398442 0.11488831314527079 0.08967531982534079 0.055687675071346206 0.452723283272467 0.20953873782896365 0.03101619827312837 0.35036741454072445 0.32412778766777095 0.08303649704408177 0.0478056969070718 0.050445713837203934 0.18124684313786985 0.1385113948821213 0.01707473963678284 0.15078836026911613 0.09654236149004893 0.05783736271522577 0.34424184894585874 0.0470850390395529 0.17818462524053422 0.11320475701074777 0.10680630720557452 0.14916893576703044 0.3508289046801403 0.016538377942054417 0.11112022818360552 0.12170255372979741 0.3576862941452095 0.09302068164807356 0.2778812223419277 0.13574913373648426 0.07737492451996345 0.04296109635003173 0.23790420964115186 0.21104770154941258 0.17247936563378097 0.08097191457549396 0.07065472145804194 0.20858698961475328 0.2953508951167907 0.09930755122333232 0.11858848185656268 0.010312075397524729 0.0012285970248967857 0.02264103205580598 0.1099175056171056 0.10756065765349733 0.20911794745911655 0.03651522749486443 0.1891013183666065 0.07494144339527287 0.02615380311323777 0.009772401251460325 0.12879916567674915 0.008690301979428447 0.03903958918278065 0.17106069148346756 0.00017401622001335927 0.0428287038765063 0.09116275304330357 0.026685475549981397 0.16399987003591154 0.06573546789303451 0.31909047855659595 0.3279079744478713 0.5589602804881216 0.18537418849663811 0.013115958340184766 0.09382275727316974 0.06446170702641424 0.038045010777361034 0.08534896825213174 0.06869229026589518 0.07513185345736784 0.09366839896932455 0.0020515210983737975 0.07231601192500108 0.03187435089779479 0.12183140114160136 0.012960114136370365 0.06998598569150884 0.22727172873307247 0.17543792152067034 0.17366479174212737 0.08791226235518355 0.06139562637251464 0.05526494381664031 0.10589166066413784 0.015376812413228426 0.030242666130844243 0.014883428665721513 0.03884406666007227 0.05195677297871146 0.04783824920071889 0.14746646045644665 0.2845833941960119 0.17338366861089285 0.15318127599309123 0.03368413962098758 0.18825635238667884 0.31761282806676633 0.11436897069525351 0.03320415018399192 0.17425136337334218 0.2565395426211818 0.019168130501707212 0.07822838523085411 0.038884690937971 0.07279080259755057 0.12770161494027746 0.14855469526105639 0.2086888513555796 0.05628510059379793 0.011278423177138334 0.1411718938951793 0.04738389579335113 0.03214975534030378 0.10821484248822683 0.050347334843983196 0.268957610631647 0.05390273798367925 0.19091302344889907 0.15285368386813827 0.08864088359360547 0.0016042531894636693 0.08688993005591712 0.16271132340432015 0.23958610200943828 0.22950916126600682 0.03831497406840411 0.04379943891880013 0.17942297622660167 0.16830443902236442 0.12320764886497922 0.03233930647655613 0.027080348210156046 0.1376226146411457 0.2515654492587225 0.14532406188428648 0.12718148008133504 0.1954562605729739 0.06198605914587518 0.04203684909442786 0.10153581055539415 0.010069563859366387 0.06707232713189777 0.14928586004046407 0.04861925539904371 0.22241068797975924 0.21287565353134047 0.3096228809666311 0.11209772924094794 0.3330092097937873 0.3649903388370537 0.010316088381344764 0.1746229817784409 0.054436482716039014 0.09260104949270165 0.4096041721255757 0.2987429364364094 NaN 0.280938646869803 0.37935706891899196 0.8917997659026063 0.8268198521352812 0.6953919535158753 0.3434370201119372 0.03940160449333459 0.04615742960651395 0.3962723976972363 0.1483844511241792 0.048019832165028614 0.6261231406152916 0.34972507135683534 0.4109791031295855 0.3128472741833552 0.11494102499868572 0.06706032752488364 0.549987604163036 0.2758073721170794 0.3438624837155895 0.1228785038427053 0.08772932805099178 0.5050296825926963 0.0040421939511918374 0.02609404777836385 0.3539783918558556 0.30520824680922604 0.13190108990766558 0.043151680931567675 0.003611739785207906 0.14809392062175605 0.02221019579115791 0.06265581936581137 0.055596475886336184 0.2395714421659212 0.191412770530339 0.2952923247462163 0.023083573804044955 0.1543384225953974 0.07101325268230604 0.11454918674395513 0.16757905624179162 0.18886686154822716 0.006406959043854044 0.04552567078428025 0.16848792417056604 0.36489718586999603 0.11310664995613824 0.012150157430914117 0.057409274209627964 0.09165843755919283 0.1493410413345339 0.07506044502857329 0.19807953177212492 0.034783118467222617 0.03216972039210633 0.02495151637131333 0.32347234179632506 0.23914717935596497 0.1037771856036146 0.04148117328898759 0.08650828336710148 0.016790805284838475 0.01640858834811821 0.06752185035381039 0.07340409967435446 0.19717980832601809 0.05609701197842741 0.12605505181877935 0.13557176587159964 0.21645628067942702 0.02786273063938622 0.046145583398618566 0.1232317424069442 0.09486145172439182 0.04958933078080131 0.008983578836964635 0.07017554195733255 0.010338148839043012 0.12638791489641266 0.12105269390307935 0.04119207419542186 0.33774905296564584 0.2524963580205115 0.4567238536052646 0.001903592977540743 0.14354896273490086 0.28008244993484344 0.01882171090219048 0.05685582177550097 0.20032384730211922 0.015509366975547842 0.11715959168670474 0.19114239911059763 0.03444403450855342 0.16588906827898509 0.1957390906414254 0.08131189524851978 0.015291983657182557 0.004013831742236483 0.17336725517556503 0.22878109357702936 0.2570772875405409 0.21833470165418156 0.011431900046587604 0.2334356175586863 0.17508059622767605 0.07334906715258083 0.07460857641887629 0.22986734725741592 0.03071547504457033 0.051296564705007486 0.0594100893575106 0.055935154762081545 0.11248099135489956 0.04719611485028187 0.05182359878010432 0.026691329075144495 0.09177749835513165 0.3368394830168987 0.03134794049119525 0.04438733881557603 0.19081181032294922 0.2586190715759264 0.0609176774291806 0.05352150487193568 0.034764016149660876 0.05580760507361702 0.057462721782146314 0.010560568756439863 0.10400275470407518 0.041163635370840966 0.028552396581507836 0.0593541873717978 0.05547346094875476 0.04338354650746538 0.010134537149880218 0.11075921219477097 0.04936238858302272 0.05844234480626457 0.321263495068937 0.25260204440185324 0.13189470062481287 0.0072943526649688895 0.13931380873557467 0.11996329239491434 0.23621391559056065 0.11983349471545521 0.10649181390458783 0.15178591130077088 0.029657742066693735 0.08195905553134743 0.08198109225499847 0.07775658999591752 0.23540082301416604 0.05722813039996925 0.1923166301716477 0.0623543295500288 0.10215786693008941 0.10723434971478525 0.0923651982554458 0.15432438533923135 0.01186051575629231 0.020497171874836483 0.10903725501286385 0.14981146088562944 0.06394919582897078 0.21229573903545054 0.07861863470119139 0.20436238858535602 0.0433239274459152 0.24352777883396362 0.28367477982247946 0.17807791380023688 0.08764609761369982 0.005927557278874242 0.0868739665007198 0.22298884161472313 0.2731260427257059 0.3259750063384139 0.4698427407268028 0.21231984068689344 0.20246277901871512 0.09252844800485593 0.292407344427422 0.197007251386232 0.10772511304981201 0.12363518270215364 0.19863765815535397 0.21748710321610415 0.3711131472028823 0.18000034525093186 0.14373572363348275 0.12262986027551272 0.2062370801553847 0.2022837831086662 0.11701192448944805 0.2447813082831709
0.2578686646239113 0.5844465729920101 0.2957695193291842 0.3718446590211005 0.43833379574688397 0.5437588236373413 0.4087770494632421 0.33645786735503025 0.3777546560702271 0.23703333118578507 0.2754459664359366 0.1240235982764187 0.2906355249390527 0.07529621538915984 0.03999358541983591 0.1342605024658721 0.21143695575555566 0.28768359267660293 0.37935326380164763 0.4532440136037711 0.4537813483192017 0.2809119926013873 0.5372635901097862 0.017691293802358204 0.14714909233088153 0.027718409255716274 0.11009888628925175 0.33879191506590645 0.08001155598111416 0.2558158161234999 0.03696751173980501 0.11768359812437323 0.12895357313639338 0.16647370739432096 0.08850588647876867 0.27219735061633665 0.10890646739889613 0.05977104140948656 0.22940078132220376 0.16671689705307793 0.21955883295388953 0.042148220356435534 0.07083829656371 0.05454934169032882 0.153154189926813 0.08828904001032212 0.2849294717311039 0.44052495048221574 0.20187096769355184 0.061937247054341234 0.3973273154600629 0.3186591316589608 0.3942194564015776 0.15015464308860127 0.01773494344864808 0.13998807063320587 0.11086594801136705 0.051622873677196264 0.06416562630512274 0.05427406879115228 0.018855756035870624 0.10319233017312175 0.010320653866027667 0.04361588511088439 0.08123265893233632 0.24951652898843038 0.27861051288767796 0.17083883141405845 0.06209959356288908 0.051711742165284715 0.11024629581463291 0.03276783163961574 0.21959483414046554 0.13154933230384355 0.037880140162770665 0.20302034431659216 0.22028618986711004 0.02819345517928918 0.15585475712902291 0.030997991249139285 0.2211748998640791 0.02114980103805031 0.2544243462242968 0.08209230526085096 0.026053941552569997 0.11433147433729084 0.13562062709090464 0.01381646451448875 0.14193144449628037 0.050941253822515166 0.17133377378317705 0.03626828046937338 0.10476592094882228 0.06537961674063643 0.16261298122061468 0.11263368146546691 0.2104361542090241 0.08875822275665572 0.1194998325545971 0.19736915196831759 0.13306210971597834 0.21425404053322927 0.044980141062132536 0.13238187217182318 0.012741545820861898 0.15873348262860706 0.024083487956700577 0.11716920389681584 0.08972731311377029 0.12521234193443498 0.02667562228703069 0.014238601719057368 0.09176232468629945 0.12773373954146255 0.17670820198957435 0.12269354568926558 0.11098110354363627 0.03161637751099459 0.010208336297683968 0.029929603466802294 0.13622491867981623 0.009732172132832229 0.018116584029726733 0.00015496923055246682 0.05100830953900939 0.003289266266482138 0.08597740492945619 0.05770186550703698 0.10345783801543267 0.11948132738597221 0.0923491402385326 0.18757052077179875 0.08554869443557049 0.08550404178096004 0.03169579008868789 0.04737052578681089 0.1519509553439847 0.2581310522012926 0.2865989773255236 0.5235206060533265 0.33590501450986776 0.03850693108990663 0.12458785578267854 0.14188629190301322 0.11871235146440738 0.09930730403437406 0.19216020173938803 0.11764753464611338 0.08506367092887304 0.27604871180553736 0.13246559355227183 0.14022375093550676 0.16276781348919547 0.2201015956919924 0.051189362485900156 0.5909208171512498 0.41750306179789093 0.3465394446701065 0.41588545677055694 0.18787569147826538 0.0005099262203110598 0.17776486649699058 0.14633488893878094 0.059847123572996624 0.10706779288679337 0.0915362588927527 0.05005383733127428 0.17082361478248448 0.05048343427620142 0.2795014968455085 0.10252164808847385 0.17604284229025408 0.03378091716322402 0.08501658739938306 0.191050648300699 0.01877451342058994 0.08460673726020185 0.018284869024784843 0.08369556660866163 0.049828440367777206 0.280938646869803 NaN 0.2857969626119613 0.30412910815569727 0.41443554994927545 0.5161882279421527 0.3808518083297463 0.37582660947039664 0.43449163357199655 0.27409512859255136 0.23305168947005148 0.122123935129689 0.2869721974818693 0.010226799550514743 0.09680576914926706 0.2388800575984806 0.17339643707066346 0.2968587293223962 0.3685196896795097 0.35576143598011034 0.5876175032273349 0.33658888281719085 0.6492015571780221 0.05433069822311934 0.11348483305200646 0.07604512697055066 0.1094849341601815 0.0370688241954559 0.09145782918762667 0.21157696291077496 0.056628162819212575 0.03596313145912037 0.09628248989031692 0.14122214602001407 0.18926360021460492 0.321935939891566 0.09281955878369565 0.048888014399219006 0.19379732663392288 0.20360386885230536 0.15087377179466585 0.0037062612876210092 0.043034124854510684 0.015836084231238248 0.10836456216075989 0.048213005690865514 0.246599595997918 0.3815926444501232 0.17132671294991406 0.0038271978616408594 0.4057789352633647 0.29089342413782415 0.42375915044280865 0.19045891332853415 0.06192653679845895 0.20416099720148626 0.1243045494312194 0.01639826243147223 0.07073658755402645 0.13275235154994755 0.004073833119085394 0.05773255374176475 0.03420536620018927 0.053577141134442015 0.04097446625594026 0.10983496700692491 0.23613674403515142 0.12619960124881494 0.05506107462664456 0.027152075490269944 0.12793620366064126 0.133565326931459 0.15695328331091288 0.016688123334903767 0.07577867100739731 0.022048722089388264 0.12392770057040599 0.02440154942447983 0.10159256200102222 0.04240143163912067 0.19239856056306304 0.03033495603095019 0.1617479914423901 0.10865548214945199 0.09250655568146338 0.057388703465402896 0.10994158519810407 0.11046519652345316 0.12247203631177274 0.1635252512015687 0.03973851316112403 0.008261865633282423 0.017636175635665413 0.016602499315736437 0.16060439412786312 0.052871128343896526 0.07921817870138695 0.013940205258625169 0.13493932661081964 0.1708549176434155 0.14617960012155062 0.19529651015649427 0.10454882043635298 0.05354493281693908 0.17033845764193734 0.09898997561435953 0.12007440515109245 0.18001161103392724 0.02080906742916224 0.10830095386473756 0.07698781267757053 0.02907285954777606 0.1181062892999427 0.008761196897037398 0.08481462675504112 0.13278820641452477 0.10771320668372465 0.10047627969828543 0.017365460918992152 0.013214314332697829 0.1397548892297101 0.014864007285968664 0.04390452306534778 0.13205878866731838 0.1099998781420803 0.004113567997646061 0.01512906085606098 0.03941676996758927 0.14094210709573257 0.03358337341382935 0.00804731961282941 0.02190347202588982 0.07449253102899792 0.009552274783560414 0.13637662822204144 0.11989023045728546 0.08851260094145155 0.24273224770703156 0.32644896432477466 0.19683356266117044 0.20064857442391212 0.09482744731269654 0.13421314970664433 0.02302061254611548 0.07536462940618996 0.05598582429421544 0.11717592759799451 0.18021210896671983 0.06815582224931645 0.07767688065398402 0.07268721666546384 0.06290898059214865 0.24893443355321646 0.13980855952614138 0.005288738218581801 0.5689245632711859 0.38265862192798816 0.26756560995373474 0.3171612700294614 0.04232325736782587 0.10141496692475001 0.006474944910104537 0.193669741937797 0.06017584865324696 0.07389209282857165 0.011377052928656073 0.011699584464325924 0.12794285387295531 0.05609281337912401 0.22789599659738585 0.07275499137460235 0.1604385352864449 0.18205143121355505 0.1029855958391979 0.12498305721759342 0.011425719915500213 0.06981947995741099 0.06150582781777507 0.08995554534769759 0.04477742466727265 0.056584312481915894 0.10271850069011824 0.09347912428346061 0.056515079676597565 0.03849511650641878 0.002823637449285485 0.08933736710845291 0.03487379142141386 0.12809577684330037 0.03703248107562666 0.13865020330005684 0.08589171924695385 0.03177779340659933 0.12145882032546562 0.026114883289762077 0.13585020225549768 0.0019449993878293253 0.0296454067532795 0.06283527959776412
0.39143991412181683 0.14515859802139833 0.5587440264304362 0.4703163291750238 0.3452084492684446 0.25988369624342467 0.2491022215243854 0.1995301576945705 0.17506125069626433 0.2157689582834969 0.06981277075418926 0.020237186583465343 0.46881787065338937 0.1293373448229868 0.07598375183463918 0.2869375502854471 0.1812908888131898 0.07549663345958368 0.3534184574295914 0.24450285223412857 0.15167278564639414 0.03696628186939171 0.1119834448985087 0.12663357048160115 0.12097919677028786 0.04343652195876831 0.22308830127846846 0.2470171030390123 0.04857741586046385 0.1097884554183601 0.028299589457351445 0.1521384665231322 0.059044129365181976 0.09800566671556024 0.09998880375882141 0.21298896957028127 0.1701921594377224 0.15692323229272576 0.15070046354807987 0.0970821791356476 0.15406191132414546 0.03833736491993912 0.09159032379474788 0.10281804214067015 0.06235948897432836 0.10295891347510851 0.11319777159242383 0.3367070508307899 0.1674736992991151 0.15162858305379198 0.20983715285114504 0.1405313562190445 0.25091200925373197 0.007350476517473781 0.011400700161147897 0.0358272329960233 0.17066908078334497 0.0635871034987618 0.11241666540213659 0.1733730857955581 0.13886886186513586 0.17321149013894657 0.05879263853548812 0.10311813346644849 0.02457032027711931 0.1138888354263142 0.1598985414432637 0.04461403405281302 0.08052505693039329 0.0067490829524812735 0.06433193182659824 0.04053633647017968 0.09809675126332183 0.10413746701720172 0.045960466665247765 0.11317754887285655 0.16381491836718945 0.05960894470320216 0.04725079475709727 0.001680887288580129 0.10175259331920897 0.026409483817227103 0.12225373241261485 0.10114515678138604 0.09039167793552243 0.18505788641050896 0.1720027295991894 0.02756023278992001 0.07324562051495323 0.10749117396787312 0.07746273841388007 0.028517636019582352 0.07788107956319562 0.012104792584202178 0.11002316143822616 0.013579892842332597 0.054144306026897814 0.03021894407686409 0.2104060608060235 0.23665830229965173 0.0624648788634381 0.18809056499090335 0.07761813131190846 0.1333186631102794 0.10355869773464944 0.06045958623585772 0.0743272949179449 0.09782185306441375 0.026094062213141384 0.07726602481784314 0.05620817629403654 0.03224310817773317 0.10284806560365922 0.05787015385106368 0.008008788096345974 0.07204089518944409 0.08699600986933587 0.0708492503430388 0.02032392130683965 0.06299591743943381 0.313117893241977 0.015992155283956054 0.016004802635043745 0.10133608895762923 0.07954652476457179 0.02485721875452286 0.023287945555832752 0.05844212740448561 0.04770803103791533 0.12091213890517626 0.07951719682754196 0.05186279815998489 0.02659848310370799 0.008135860053005163 0.05840503540817186 0.00271985095711688 0.01941629250078807 0.0871078151804313 0.13106215889023873 0.19262228650082333 0.18507075881238352 0.2023731013251959 0.05595375734058495 0.10693441520203002 0.09525480443271517 0.08413506270388113 0.10422859104116465 0.007952536985036448 0.1580635979083464 0.14854852015160336 0.08609091464792 0.26015513788112044 0.247232291379589 0.11375158279723595 0.09272796681699463 0.10840815982770678 0.10916059107137112 0.2119157737203867 0.30162316770409603 0.17498360005118066 0.041550542991649786 0.18258038535836754 0.12806509790791765 0.06994187655904022 0.013203116745729429 0.037416414828185314 0.07249962489157834 0.12380293682169982 0.1293188614098924 0.15912337082147104 0.1532845207922632 0.16704380771916036 0.11664161574696669 0.18416007843597387 0.10084857031148016 0.06829472727392785 0.10680153510502494 0.053986809910812415 0.24697011744747074 0.19195798568442088 0.37935706891899196 0.2857969626119613 NaN 0.42835423126627187 0.376870569112043 0.30496100103703927 0.18950826264737933 0.2639693173310454 0.2538784698842684 0.27566092196629605 0.15004020559792738 0.02232883881036964 0.46055632197008983 0.11630264442713785 0.044480875195618885 0.3207379730032065 0.12001622926361978 0.10844918089618143 0.23217038966525969 0.24871176517991853 0.20075001722225355 0.13773575219646408 0.24034388800723394 0.17367606046700196 0.0077443907036009885 0.02899430691837789 0.1873545094492313 0.17671400342410923 0.09583703449846546 0.13468685652985815 0.05255662964774033 0.1311402846754288 0.05951488781678821 0.06443760919566073 0.09609051776785862 0.22593680366176866 0.1581078434419695 0.11386040076137133 0.14685803534823988 0.08113770009287577 0.09068069451719342 0.08606127272765876 0.13699689315064617 0.07927165198323166 0.056032024184410965 0.023603029569706304 0.06570033634683224 0.2856320972246005 0.15266676324135803 0.08170161111350521 0.2505998243558443 0.16352714464730683 0.30777471982264965 0.059194426186284226 0.029863692851973496 0.08795930496588698 0.08409326151777709 0.032825212586164165 0.23466903331034844 0.11672406584190942 0.14112563937365835 0.1384612660594112 0.046827572363421444 0.046689181037405984 0.04462358695338626 0.06881899074223137 0.08315023194106069 0.01852561604167619 0.011179522906222952 0.06400601809996187 0.029191208647408044 0.06820736615138531 0.048343912982491216 0.06261698777286145 0.006214494990623862 0.001422672202950609 0.018246680421653845 0.024943009218246128 0.011334898649845162 0.04081670729742598 0.11899361872579102 0.045390136728316814 0.06818027608916322 0.14968510241793295 0.04690967996574564 0.17347232671354385 0.09807134849436852 0.015940941758097595 0.04512458374436842 0.10425231533329422 0.016073964849042065 0.08828188491689558 0.04965766696440884 0.05531641605478803 0.12251572854171469 0.04084684284098038 0.09538147121241927 0.06209701778877097 0.18904027999220097 0.10679850115690824 0.11927818835749181 0.17289547237488076 0.16185147240478123 0.1789507012888243 0.150813250999191 0.0730960875546764 0.2212973766944445 0.14508355334647943 0.04862044242862745 0.09070248665976233 0.17568001703070776 0.052895758597202844 0.13441877987917702 0.013126840646487226 0.07417987649479128 0.017819178191610323 0.006068531214537357 0.03572025821168684 0.09231856081949819 0.013131997811608606 0.3071304375802565 0.03378372496700618 0.002553611653660317 0.24668518538250517 0.020120487045318488 0.022298747217498076 0.025555794256384205 0.008753453028538872 0.10355309177380215 0.10219296477483318 0.062266615197022424 0.01689545181230142 0.0375349107148577 0.017134535458620866 0.0160876580916961 0.031825815715921586 0.08443558333599382 0.11875546717041259 0.14412368152718194 0.09800397298369648 0.10422414901663574 0.3200946982791894 0.06306015284368162 0.009673449121614363 0.011100799175437256 0.06571834634344641 0.09578322781535524 0.07856912231646525 0.053967338446231486 0.06048736620281387 0.0408035052351012 0.19713501722586962 0.27108479743753916 0.1353364402645306 0.01450615914962942 0.10786584279803281 0.09182332424525835 0.22346536494411542 0.2953183165875469 0.18168517816724586 0.05655464335118713 0.0958372324504317 0.12744383407736123 0.04187965468794126 0.03841024736477433 0.04580156289329434 0.10717752711212725 0.09617053585747867 0.1065465585350964 0.14572971713350022 0.05810072600963804 0.05304516007324602 0.19418055160111744 0.21065494086539313 0.17103871640164534 0.05958586867127751 0.04068779695871161 0.06858535506916316 0.14603655741308183 0.16917938278532102 0.007810460457972734 0.1830587757550967 0.12574844383044953 0.07455864327081928 0.04791358856795804 0.09957396613290002 0.0038556839687946508 0.01388333835077368 0.07814897283178171 0.042342666646397416 0.0427300388448829 0.09958472964628796 0.04129173346279781 0.09719795977520301 0.05521935026208593 0.03648318343493819 0.05467122740721448 0.014255855822404134 0.063796346617642
0.839908359711034 0.07908549558627258 0.3347115307794068 0.9391543261833415 0.8359287285737957 0.42995781392732113 0.23884956903590562 0.11564472943230278 0.14081219370301473 0.4447445414081839 0.0434855201744508 0.10051976232190306 0.7730580860846588 0.24431661382949182 0.2886846926554941 0.1297612855244728 0.1986249146809607 0.10510399204186603 0.43258206428371393 0.3987415215352807 0.04307275717353508 0.10110938881002506 0.030715823433470874 0.38614387668610684 0.14302611485543135 0.0885899794451977 0.24134349149690065 0.25602754991769433 0.02187026031667806 0.03018131508617365 0.13182841648937374 0.21202604333024352 0.099651627478832 0.06561725321980975 0.17109922538144834 0.07807654767288126 0.0055639841721500044 0.27768459896255737 0.060219120832670225 0.1521667898395805 0.10075553580812899 0.05637539717404645 0.09050957063724724 0.2756548085759425 0.01742273883487606 0.14863306545735924 0.037343617522226064 0.3058927035281346 0.11366993912448656 0.23446097693697396 0.10782959266427707 0.012056072728310899 0.006687923094944961 0.18491321975080166 0.21053980575907827 0.14564704271999795 0.1296949196147595 0.0336664677266357 0.12126391651365195 0.1924763273784938 0.10838411375166276 0.07380830414337493 0.09882359458233887 0.10418047954617343 0.012708313817985093 0.10828555645379458 0.17115928430430086 0.18602553382685763 0.014292746052112152 0.12465550181261786 0.0016423125205248543 0.04740686728436878 0.0006313922504473773 0.09271696376156154 0.0730414234840765 0.016401709008109704 0.10731454139631125 0.02048119087916565 0.011489108215700766 0.08264973906075514 0.02715115841731613 0.18672774160494732 0.03923048438320317 0.2882203727706947 0.29144685741856596 0.5158665321079424 0.25017122851143286 0.02854847100668427 0.06700998041583446 0.08392168353957176 0.03278685073524107 0.07091006369761256 0.08224547841536808 0.04443508502957193 0.01800673483426491 0.05796540862659264 0.02388787919257303 0.04203239573736605 0.0666194739936231 0.052722236808325953 0.06705945702140409 0.1687642601887351 0.13758585639801083 0.12595132983152782 0.032131863839074216 0.043041947562135155 0.05654441188417135 0.04472552595537529 0.021374647568498415 0.0027410084037994146 0.02602294361761086 0.040665485491672024 0.05713892453813826 0.037694428849828494 0.13032430355177488 0.1825581031079979 0.1813192378562624 0.10866221197349657 0.014135654519947402 0.12360069476248879 0.2752511123087982 0.08766857109977713 0.019079798038228197 0.16283969409684776 0.185355261351421 0.007573100294399423 0.10344835666307407 0.007427311752171878 0.009254558633651424 0.14567799781723745 0.061845858951425886 0.12003060344171546 0.022003023364142504 0.04875953574223578 0.13720728638770222 0.015099296790229083 0.013729771702010713 0.09683749560533009 0.05335407874162615 0.1817748814049241 0.02241906405209487 0.12217765429945444 0.04819822511168587 0.018312743171963294 0.04711996002801891 0.1662573765554201 0.12057224710036543 0.22350573725930625 0.17923910196239468 0.006976686615831274 0.07463599046849033 0.21253603959432885 0.08891988783734849 0.11163973183449534 0.06199136472339277 0.05602492433108058 0.0670484665511409 0.3110026048742929 0.2109166035040773 0.08079092161937178 0.13721058297982117 0.0944417356041295 0.01292423640260257 0.1522372020243557 0.0688884156198855 0.010873881690478426 0.1218022375936278 0.04732610684562979 0.15782505874049188 0.18513277689263688 0.31741712555929674 0.08631956306580076 0.2985970883239896 0.2876401782909525 0.031743532431128256 0.12512269881831278 0.014311492039762865 0.08837103298713823 0.33463429541200573 0.2550016073801194 0.8917997659026063 0.30412910815569727 0.42835423126627187 NaN 0.9479850410730146 0.6358617629036213 0.33927238447387176 0.07658794138500251 0.041255198701817215 0.2877754592354258 0.11234747200854116 0.022407720171054548 0.7880410966175809 0.2908461534087868 0.33336692811226126 0.3475992775356917 0.12220826237831701 0.012028747556551719 0.4898512056221773 0.34904551138752044 0.2992912486458647 0.09298854559841163 0.14816789661069354 0.461670825933762 0.04412120895327748 0.0743973627521676 0.2825900920073494 0.2082431051226854 0.06052559825292678 0.07788377616168395 0.059697103231357906 0.1919291454461074 0.06369210774783311 0.03591097684726197 0.1166133531686089 0.20876833055129992 0.16886398885206172 0.26778310168094993 0.05023813572466152 0.11038339946628305 0.06667393777504504 0.11637927571309153 0.16118171935842718 0.1863537463052977 0.01255113468604107 0.028396753190616075 0.08171699672640197 0.32588856471884464 0.09346445549993944 0.04626042148761257 0.0959588267874689 0.05572232362255104 0.04933746659272201 0.0502688772830147 0.2188676067058805 0.02698249801782904 0.05410868865796939 0.038005819381172465 0.27685811057495463 0.1553982837088458 0.17362268543255216 0.12560522915484032 0.08184801221829711 0.13807685724622087 0.007738294105984241 0.09170211524718895 0.14755752525853702 0.12693797857303235 0.046903771886340796 0.041415066238767645 0.06485104498796981 0.08801530725999325 0.036739872192106005 0.043327497150288774 0.001436557025068532 0.013541312506993978 0.011687469024364808 0.05389347931217936 0.07730150674636725 0.05477763975905458 0.13231699260442306 0.1365116783840497 0.09236238213148029 0.30207617936937103 0.23747914032524386 0.44765376890289926 0.07187577565957659 0.18390512101465073 0.251395184863921 0.002376051142759952 0.034136288767967655 0.16387174110510688 0.003962810717303569 0.13575142637292384 0.18296914785171173 0.0019795877893354495 0.17217601060367738 0.12049409381882707 0.013995664083963999 0.012672599008245623 0.031845723842937025 0.11918051777527294 0.21372561229958006 0.17269630714347312 0.1505244082908871 0.0022489134460370423 0.21702029747988036 0.14384603450272837 0.04805543885830877 0.10267966262629591 0.1842936693109597 0.058355735966271076 0.005602492449585981 0.0022863743610562893 0.06056715717523155 0.010990177280710962 0.06695967454691087 0.01985381398431989 0.004142593060906302 0.030465087386593002 0.2573278026478217 0.010526189028567954 0.035697772391278734 0.13574104136985637 0.2147727146974097 0.034867325914341725 0.06844902117160087 0.027120060044442625 0.019789980151136408 0.14401355793607293 0.06323805848418315 0.05519973629673926 0.10077384138757295 0.05047690174559144 0.03140375899535582 0.011579062041163492 0.058184434832024935 0.0005552641003636746 0.05156933606618656 0.09692372886407753 0.06328812764914664 0.22616615013791422 0.19848198671858766 0.11112782867928993 0.027301668358322255 0.013959261783642351 0.07471442260631952 0.2902622307718684 0.17326381865077906 0.022980394820629652 0.09734062537043126 0.003674530249771041 0.04744628285628438 0.07650645506789919 0.09857474835116653 0.22401319674066114 0.03110339003605176 0.22122100599957165 0.19901753756306553 0.09703452245556328 0.13814672577939177 0.11413396855861693 0.14316400966294873 0.08154109808491707 0.001895692172207636 0.13507024714707938 0.10727740576660713 0.02637250898404045 0.16285799863335815 0.09980609627834942 0.23486583262054644 0.011482237317225433 0.20307092107840433 0.255827487521311 0.12101123869427705 0.04533856622344253 0.09799021816230974 0.09219545042906836 0.16934779735604827 0.2669877629346915 0.34395157108027524 0.4726524904802984 0.30106317577266456 0.22375872688011325 0.10320324734823495 0.2919547045946246 0.10572731694433823 0.06993968465300149 0.17526674417986365 0.19424177511000695 0.2739783807003087 0.3683791888678956 0.2457288002824807 0.16320890962044932 0.1040840797564961 0.12172127141424935 0.1383540058195339 0.09518933082545204 0.21957368125178398
0.7621370478276771 0.23646778616628236 0.299771433734243 0.8923795843607965 0.8816938785877294 0.525461532034061 0.3180615639865651 0.02229429814005474 0.056098155856076914 0.39433577763899325 0.022348956393661096 0.07936732471997794 0.7277797620656992 0.2156092426552406 0.20134114945555334 0.10496481626260833 0.21998439163346212 0.002881063983574577 0.46787494042356453 0.47057819414110397 0.16003772391502094 0.00588999397559603 0.09352045170453456 0.28324191746489613 0.1776870898940256 0.07999737979425267 0.222664987142334 0.27718384730797346 0.03516742833566753 0.04004485940136421 0.11637407731419576 0.19087738245476035 0.09401675716422066 0.06967852908287982 0.1699371215222875 0.10917034319208331 0.029546708858965192 0.23900971546046987 0.07542067490966331 0.0985573664715255 0.11298027379593999 0.07906165035646419 0.06001493397174409 0.2134160980702525 0.11716345999510692 0.1909518135809033 0.027483720799418014 0.35324380743239403 0.13629876787682674 0.27068974571541027 0.01634494177810927 0.06621199698147211 0.060252434785627355 0.1499582182313235 0.16079813980504015 0.08905461640102404 0.09050626633199194 0.03956423667774536 0.11301457029592553 0.1320661930100093 0.0815100567275223 0.09529493780979285 0.061874799447329445 0.08382065786182266 0.014685421362780266 0.16520115105502936 0.20941707493421138 0.13558403310410963 0.015442718189751957 0.057125380684036525 0.02839302507593883 0.034745151805565415 0.06011917601441543 0.15436400127571065 0.07591910075090123 0.1097009490997009 0.14733521666460983 0.02622612299306565 0.026549826545968797 0.06029161377752219 0.005970754923773249 0.18310434959147315 0.08138349199339485 0.2590351686165777 0.2311926553144601 0.4630769902853327 0.24110821170361849 0.012901204800554992 0.019815526763458137 0.06332457035204567 0.11737540677775404 0.05215197002037625 0.08938900284089174 0.037097073965642074 0.0347590066227079 0.06689824117373984 0.06647322616362163 0.029187489540600523 0.09822580596712867 0.0007577525962825495 0.05100991640123663 0.1644220634349098 0.10498024497917065 0.1067698544891683 0.00947637120212358 0.003122141436501102 0.081998272590509 0.07780110577039678 0.021078689739388798 0.01650234640377073 0.004192550019457632 0.10223935609142029 0.05357823208632803 0.08080290563964 0.08474435397127696 0.14063419306922578 0.1508133727632039 0.10212856918226647 0.00566156705241803 0.08910291615686343 0.21573875539141427 0.08134238154764657 0.042987546690370235 0.14549973758164123 0.0981457502708134 0.009682221257863768 0.08090008331629332 0.029968857857096597 0.022723382559804148 0.2029303215680507 0.045671904573088715 0.06592240220726378 0.022782113853951447 0.030184849584158988 0.14581107693406511 0.009122453055205749 0.03706988773343636 0.011922019333268606 0.11210825834414875 0.2628309642298826 0.055638201382063095 0.06578679664428173 0.02802802547158302 0.04380313292619473 0.04089315264334601 0.18143583960563917 0.1372050566471397 0.14438711519273767 0.19351639574630966 0.053649709912336474 0.06563775838296167 0.18370144601514957 0.08692791135602539 0.17118010235492095 0.0704578362991914 0.19962548846721306 0.029127977479644313 0.3815410300088223 0.2744195619791578 0.11220311822678873 0.14164860759198405 0.09307179511694504 0.05614539294621465 0.1633467919964178 0.09262332278135436 0.0016325235828287498 0.0955798182298562 0.06743758598655113 0.17571663776309324 0.22138057159798188 0.3260727164949215 0.09678340128191787 0.2788478404043924 0.252281485177169 0.053207577868974607 0.06032635525512211 0.01437739482360123 0.024573442596238487 0.2968492391053651 0.21057212348570806 0.8268198521352812 0.41443554994927545 0.376870569112043 0.9479850410730146 NaN 0.7299829534729848 0.383852398010173 0.003201112628248877 0.043847647040124046 0.2494986359048711 0.13351402485338318 0.05308685828204612 0.7494511802547051 0.20678030664026392 0.2195627690879337 0.34462450985162163 0.16045721522026107 0.04871123131079275 0.5315160756338496 0.3977632076380757 0.43357307947800294 0.17591961637992146 0.29222070512929177 0.35594855522089536 0.027114346765311485 0.05519362712199772 0.24557836715099768 0.18903140025138684 0.03977475530565926 0.07065003725644789 0.08260269043955955 0.17911937308523637 0.040477421200359805 0.05238173347807303 0.1275184573663967 0.2128982198610509 0.14430031354992956 0.15917691587710264 0.07366010210693634 0.0502610016370879 0.064289964780556 0.12017060589582021 0.14123797906029548 0.11857760233059868 0.1004454464476244 0.04060080493109363 0.01930379769639857 0.362456361411112 0.11321619744733445 0.0067008079264366995 0.0006642696984441029 0.018036103424904203 0.11370574477881633 0.00030666860255574565 0.16731260543655255 0.029752494693917445 0.06712127015963772 0.00036665024870013356 0.19514786724759484 0.14053411509973052 0.10550435773731465 0.10555255336302301 0.07152120517474911 0.07049495378808705 0.01042179727030632 0.11736045629061984 0.1758768779057723 0.09196169520096309 0.030253436125084413 0.02584144787501199 0.04597612108382145 0.07374610520650393 0.0006485740046414188 0.0589618441992602 0.03266308020403365 0.028832302978766076 0.03859353641135543 0.06279669583335622 0.06847065172688573 0.0386761271691131 0.13718585830983082 0.10859763943664284 0.12304552841564029 0.2585693627272559 0.22713276859190737 0.3695989493348415 0.06272684928121061 0.1893270046021803 0.23212699603471615 0.009381994903261949 0.053014349239261016 0.11275767988896614 0.0013568575417871919 0.11098640752701346 0.16287592482208887 0.004344434616431246 0.174883440560421 0.13288206284666157 0.016102793840204487 0.04018212879448578 0.0019734116799278315 0.12889432180489913 0.19040061588718246 0.13730333066038392 0.12104813358896917 0.034095642732203224 0.2102983980383439 0.13660658516183755 0.05270579328618724 0.09263805907386918 0.14279778916892963 0.0707296837661258 0.034323720787374154 0.01973296847337379 0.07382552633119711 0.02047510301301187 0.0650799722302555 0.008903103275901486 0.016823482213414457 0.021179236263965333 0.22202172004983783 0.02272284921101641 0.0024010137162123377 0.14646379474441013 0.11818610304159102 0.015695967469006793 0.054883916571785166 0.015347885158523492 0.03747888818663679 0.13150984062399454 0.0702949841298773 0.07123245394251561 0.11746464868607918 0.0502569980639882 0.02020948254084242 0.0008359340356722992 0.015114042453924871 0.02848863209305288 0.019117882835411933 0.08677195540468738 0.045231514024699736 0.17783937894631022 0.1027765981667361 0.06638565078398727 0.03254911326399653 0.022873734566788085 0.08750000210858645 0.19928840164302028 0.1440027289533724 0.031190296472687392 0.1117311281313792 0.022730274174758033 0.07794777592609999 0.09830153426850505 0.04856435885967159 0.3915160969921229 0.10449258917816115 0.28270550049406185 0.23602892171358375 0.07551884713125011 0.11743260334833892 0.06233536841478612 0.17868790253856023 0.06877873797482484 0.02983518714852323 0.12419961854742768 0.08910207575531957 0.045052613317210936 0.15083735017320452 0.09195113772352036 0.27073857754381625 0.026904354509131086 0.1951903371784364 0.19479984371567338 0.09044113676373165 0.03878846154446164 0.10156417402304606 0.09126150957865774 0.10767714729198465 0.20861845378319746 0.23042060091648014 0.3630937515661222 0.25192299968421233 0.1770420301878298 0.08186383731735813 0.190471985531617 0.06623027348539441 0.02983043915662991 0.18108129397627257 0.13214487483398363 0.14109336749137133 0.303513504709174 0.18592085750338985 0.12403466350724925 0.08798052810189684 0.045360280984799196 0.12965341710061987 0.10144241777747931 0.16164121926180222
0.6932702097268097 0.44550885767711673 0.31206747609587027 0.7261546739664013 0.8066963127883537 0.8674045776404914 0.6234925010884039 0.21016947931665372 0.14719390341711627 0.32523316591405554 0.3258223993785775 0.02516209725625543 0.5383517507939704 0.10490265722955204 0.018885457435855322 0.14351587892999979 0.4258650062516161 0.27895094578660684 0.67222291000357 0.7635602454643079 0.486093675259966 0.36554420019546985 0.37162602558486335 0.1348073772205852 0.276832971709953 0.10328621806622586 0.2517490644742502 0.42258902923936476 0.0734947687459609 0.16084389558314224 0.0026591165234443447 0.14869411655425246 0.04892263883624322 0.06866557455241189 0.05744569433267422 0.20617199332470704 0.03492434144277843 0.16065612682940555 0.09730202594490092 0.015454393567277331 0.15174807925934927 0.14784135727585898 0.0853213726264126 0.20472054512764473 0.14013970002388107 0.18085907307087842 0.1435563823547285 0.6023066269337174 0.23030393518352568 0.17718351493315435 0.2451057442195708 0.1941624222313407 0.26806771998219003 0.05690397610891989 0.10846071644554306 0.005331712124907131 0.13286911052756023 0.028556413997943557 0.11452144004375263 0.10394280721667266 0.0344987457048381 0.08885911957608626 0.0037430359353385683 0.05194682410210063 0.025049344231166056 0.23360098088853157 0.26485331709565585 0.0301634108684061 0.13804336467900627 0.029901002406178285 0.15618355634478742 0.08517559978951351 0.15446947395767777 0.22908038531071606 0.1490917105485069 0.24218251821470677 0.2501241158204024 0.01709447847772956 0.17633994132614123 0.006030567814188949 0.23876460696453494 0.08683480888023325 0.19533155376182743 0.2683975560088057 0.12394519805201992 0.43394526505425174 0.22945953268896113 0.03205970580183323 0.019883932352618736 0.0146798527250304 0.20092369568947352 0.023971849198445395 0.13369711000598167 0.010952893938703726 0.21773961174667764 0.09815390107602491 0.053945286005219646 0.03813538634609986 0.12282058453601437 0.08979870791530901 0.01799750622462493 0.13964562801587685 0.04036911667636633 0.04974790358520173 0.013597075587657674 0.05264122686863817 0.08135755152233304 0.14438321836038137 0.0622667140902154 0.05564441048430373 0.05275588871766169 0.08007303792493889 0.039643910849849286 0.10011643144905223 0.011153647986584673 0.009853845336227192 0.012981436122989486 0.09797327450221485 0.028619963739799022 0.06538177101162031 0.28737784527048543 0.07291948805465497 0.05556089102221602 0.048532642958745154 0.03225587429997293 0.04370255995250015 0.019237811064250657 0.06393179157174607 0.13074904346506427 0.16579425894228458 0.03094532978611362 0.04038163351012652 0.03729081611790594 0.04304527280784826 0.06123220623456355 0.049032718838257855 0.12321174174201152 0.33316304002939157 0.2882431969708939 0.4532069897656251 0.3114359261296704 0.10029834857090743 0.03599236895823927 0.061308031979456244 0.0015397919005458748 0.018404787327315476 0.12916369060881233 0.02256742733902529 0.15860972893259703 0.1945316439601196 0.02203978948649479 0.211285022277683 0.27776708323804855 0.330711239976592 0.01967513204955886 0.47893384360451857 0.2851558669634533 0.6430546820808211 0.5173885217777724 0.2620455849553591 0.060367254956069184 0.11380630528567932 0.25111122850763506 0.19490377095036635 0.06955775389027802 0.035721771654605106 0.043929214523500903 0.10917606218779993 0.19495577697738908 0.2930284379267137 0.28752194275845494 0.09569145991907259 0.1598330931191601 0.14749191264035794 0.1273786905626757 0.026091377738612705 0.04751009002202519 0.05247472732762872 0.26064256482652015 0.1258241458879742 0.6953919535158753 0.5161882279421527 0.30496100103703927 0.6358617629036213 0.7299829534729848 NaN 0.6767343843109928 0.24338300740173066 0.33284705629968564 0.41615817913267017 0.3195734122549079 0.1383589484050102 0.48108835076524253 0.0751835434796819 0.009354009920376993 0.3867746550742357 0.3812111215121554 0.35987596639309494 0.6921031919353293 0.6518857584733606 0.7076677883881982 0.5194845444377864 0.4305840980626177 0.1915211230779585 0.02687105311352171 0.03556064152405056 0.23970501879462375 0.18190191330443065 0.05531544059571053 0.11300291822366966 0.014638980361538538 0.07858696296177906 0.0505345203198953 0.024758685848761095 0.09812819920854715 0.2974567499351149 0.13817062552969533 0.07303425998141573 0.09256825449107296 0.11405018872771094 0.0656412577649842 0.18165290061275643 0.15120947977926044 0.0696283228145778 0.15851124680484344 0.044440118952161205 0.12436931760334992 0.49168278002779103 0.2126840518509205 0.005810479162613898 0.2641223099035447 0.10659532677638865 0.33832946357993854 0.11968973688664639 0.05416613245167932 0.1245668317866614 0.03779358054169081 0.03269875003569773 0.16423864877544753 0.17199039264971425 0.01586264981170985 0.00241548807550997 0.012763720134901256 0.10156906401048826 0.06253945160462092 0.08172049118821392 0.17361986355294412 0.05758103098195293 0.008951028319683441 0.05705379432269604 0.00032225548212675846 0.035446676973548454 0.048328587408892315 0.008311640052916191 0.08513448944168679 0.02368667422061603 0.0330901894966306 0.004310770593856382 0.07717072726867946 0.0378661523834544 0.22192026355318087 0.09008637209332293 0.10472964638510686 0.22744595976023196 0.09146089882579453 0.22442246961557843 0.05159857973373343 0.18502042526372545 0.1628385520650619 0.08700826414126163 0.004648433678475453 0.07228092884367102 0.03515795333708411 0.018373010645155154 0.2895061850161556 0.09697820358254464 0.13766244259196658 0.16634263925555498 0.05639480486555341 0.13742413195871545 0.03991793625523267 0.13058241970515103 0.12703492794330665 0.07430617605037433 0.12340917313046244 0.08636354204490325 0.2125215790709024 0.14134556886709448 0.06798805626732322 0.10043845739000862 0.1735495914203196 0.1017432158882186 0.07338175760121897 0.010391107325403505 0.05180495614586954 0.053992909478242555 0.09628924440063195 0.061018088245586466 0.03899738895017999 0.007018439300382787 0.3067720800104399 0.03630174794749911 0.01663989384784758 0.19477185272804406 0.005030340123863679 0.08098703163246185 0.04829876785115144 0.12367632802746072 0.15137569685833466 0.09330740601509746 0.06393548505278257 0.022013971202216487 0.0193647540976826 0.005862738856475658 0.09319831134689273 0.09581549238544201 0.06503027496546555 0.34887248972967905 0.17295758886129167 0.1306515842178023 0.09965456395614763 0.2585365692287191 0.04802741978843191 0.05948666691869957 0.02449209925849514 0.18418674366412868 0.07260717885776038 0.02797826641432488 0.07701201936187538 0.04015961477981424 0.1379417419196361 0.10258562300893409 0.284089495602442 0.2380069468587985 0.0014671206727029185 0.4987817188841436 0.3276679977485821 0.5659399787750765 0.35073900976004213 0.20740329145642175 0.05838451058727854 0.005897794199000036 0.43088003978921857 0.08613873942945083 0.028806816540590953 0.10894300077895687 0.01517699359199329 0.10027437584401386 0.13189311204335066 0.15889815157159706 0.20195657820419918 0.04326997085859967 0.17483361904750971 0.12662516684031355 0.006999469843524166 0.05955189383943185 0.0013107739592734824 0.09466565456127041 0.0848519858986746 0.10297868543204124 0.02851156397711148 0.20301143981826492 0.15340296119694238 0.139026361050508 0.024357946399193718 0.09972150194173406 0.04016709057839023 0.022791114550147568 0.1128387008300507 0.06448328418630855 0.07636858980333756 0.16335568364122355 0.05731559424757018 0.032358227956340295 0.0695387268477304 0.010238461829114897 0.1280393691853433 0.05932386412059293 0.14011709685674575
0.3518474743448218 0.33992134809630375 0.24207603442035422 0.4190118910080591 0.44533966052368734 0.6109980108671468 0.5581032874488472 0.28296366061922434 0.1712076928827266 0.16680502760574395 0.3352034632925671 0.202295319028689 0.2888234062045108 0.010273007434465908 0.054132122799454105 0.11629354441964172 0.3192876154717185 0.3775796177244094 0.4285091383949383 0.5571757664154615 0.3711124601312843 0.4411214405403014 0.3082701805529264 0.022912918054063567 0.20094793547844278 0.1569678273338573 0.04764369222689663 0.33999382917669474 0.003541818442358213 0.1505584430853329 0.01768263169521978 0.08066031557255454 0.0017475071667231866 0.06181293268395398 0.034672024909212014 0.2113261919565703 0.022401072386488943 0.01904565272971106 0.060259713083918594 0.11705850466501808 0.14823381863466853 0.09411422313362579 0.04984866261915626 0.12624960747333058 0.08782465846156025 0.13844313270969802 0.20316686144341087 0.4736983538007915 0.1746660773937026 0.04781162834465856 0.2772726171745588 0.2218081323308338 0.2482613864594804 0.07276963688578589 0.030561740551186573 0.08412997121090575 0.11957299931700102 0.013743168400027003 0.02903464609774976 0.06643971385339788 0.02531127025294235 0.0008492380134775436 0.05094657209648784 0.027630857147599754 0.06462576375370285 0.1493204895880318 0.26500379940330276 0.10270935804264289 0.1996028557189145 0.11130566483472262 0.1692763311079483 0.15406985703118561 0.1687707272917876 0.18089878997476413 0.23361137249937317 0.24454154610822101 0.24767883709850677 0.02311325792238441 0.2066675839101244 0.062168494178795705 0.2655238400240051 0.08065415422955852 0.2116954168828549 0.14826665660138985 0.04044950463486818 0.2518469957567829 0.18624384666782767 0.0015476638927924239 0.11064481866985874 0.014046485763673787 0.13554305130644181 0.015305412501307089 0.10583733351273457 0.05443053192255347 0.22197862833949739 0.1652066528869254 0.03199643459564422 0.020958256796741608 0.032506069557349505 0.03244230000948382 0.0007580504912769407 0.055665369371187275 0.011216610041106518 0.01939261243303611 0.07803413076962774 0.035778560404748666 0.04636375228916599 0.10682869816339569 0.05320468709244994 0.04299870113309616 0.06907587646257171 0.07785919942354895 0.006782624332128417 0.03717654296648267 0.021038856160429685 0.1473485549419044 0.14553249641382973 0.0491715649415524 0.01183401791416783 0.039349023000178375 0.18805943930506755 0.032785335064329194 0.07628112475149049 0.06762146304125409 0.15486247094956965 0.05734059010961884 0.04367622333740705 0.09917090951592043 0.23126821277064094 0.08720518481048022 0.06622474439154649 0.12367890118994915 0.07125179447833056 0.024133154451875145 0.022289413984381126 0.09215647539989169 0.24715819813425793 0.42848559567630967 0.32890433281107373 0.29379305025496427 0.2921757556930377 0.027100915714744128 0.08409169493221023 0.05796567536216628 0.044472515212868664 0.016275047239035487 0.10041141896969857 0.008134515646674258 0.07272144728544506 0.2207664084212228 0.020811484615785355 0.048439065506706035 0.18858752630907474 0.2472142228907806 0.01952360932503686 0.4041064018927622 0.37295502913356066 0.4634223324125395 0.42956756074949426 0.252402183248362 0.05634524544908582 0.07656609503807052 0.22987878287946079 0.21539638996141994 0.07251971217810106 0.06467029421781476 0.016394173638659013 0.055695683691062314 0.06045723458616337 0.21612407203403458 0.21240731237446092 0.0691684039270142 0.05372735405868842 0.018359542766521093 0.06987962362376073 0.06152979024097442 0.03877123208863709 0.07571393915739469 0.09785577722424961 0.009456837159279483 0.3434370201119372 0.3808518083297463 0.18950826264737933 0.33927238447387176 0.383852398010173 0.6767343843109928 NaN 0.2447959183740895 0.28204226437287566 0.2549857811748895 0.30341534115268703 0.2445772970031472 0.25812573845863274 0.015263623189529582 0.13134265594521397 0.2411949105576038 0.2566405607932169 0.5078914638566626 0.42915005803327316 0.5405179664324873 0.4808497002924087 0.5543679804512914 0.3458814503261221 0.011672824660613111 0.06377293312120794 0.0771167719517911 0.07444781697107518 0.03334100911547931 0.02793253496124177 0.1087791533445702 0.09620924369532198 0.05418218673863618 0.012174932083413562 0.03920414118871117 0.0797288213785606 0.257760741006319 0.09332534125002472 0.0074211496146267455 0.12593513777043489 0.22096286612969124 0.027144325841784018 0.10964660337554302 0.14161822131552068 0.0833312736295495 0.1299049711951581 0.023162613810472715 0.2355992097674652 0.33252226675340396 0.1520108181184255 0.11361286212976596 0.19746697753082174 0.17522577420472005 0.2676525978699783 0.13634067997779578 0.03638113245789336 0.11179106815275759 0.05994285881642834 0.028484028348409882 0.061022457322080524 0.10310110906349068 0.003085134257620988 0.0007860073955722178 0.03191191078323949 0.07354077564645367 0.00925379524873163 0.05367802172330184 0.20594661286898458 0.014781279966922425 0.0462155725729991 0.037561108095946705 0.07599450589951834 0.06072992495836287 0.09431793112562736 0.025306684662006338 0.20787218036728936 0.062198781805735626 0.06780168836177647 0.0007144612010170541 0.031114870348845792 0.013475655711223429 0.24400587425178483 0.15101390754303953 0.09626105257486124 0.09960871189812624 0.03529162343010022 0.08859235828922159 0.08735008307176727 0.13722268913119767 0.12275138507335163 0.08146798931275391 0.03016983513390807 0.027335299700004104 0.00747084808644358 0.022800972994106345 0.24173553875458936 0.12498929076619189 0.04610976274864692 0.09234213652802403 0.010888528113154624 0.1320051824854527 0.0006579061011355387 0.08478126566129633 0.01439880381023404 0.08112201228630973 0.056654742353069956 0.07971517035614413 0.08612543943426423 0.08835879049635331 0.031722302918738704 0.0873674317516926 0.1243349122272992 0.10634512588754498 0.0383620267777009 0.09055440326973131 0.08472886209948054 0.24611745482029984 0.20581570859510961 0.09671337690154702 0.04940009406361046 0.04556602709180675 0.18188207665393757 0.05894323702762625 0.07674650112777295 0.07098104235901133 0.1275705055807235 0.0413465781319248 0.004650539936913794 0.18843956559644426 0.22937009293028235 0.14406400756530985 0.0682331592482561 0.049616505033136304 0.003780837363432337 0.0019656212947091697 0.11738500142152332 0.16184875014883976 0.00786334416612887 0.3835561705408502 0.23359806876135583 0.17613945371488898 0.11816553619891772 0.1316230401839573 0.06319300128145104 0.04967275854365576 0.008555395301187783 0.0777361467425939 0.06721335119304103 0.009353606984723439 0.11166837060845736 0.12196040725889962 0.08666208401776497 0.15085025617998335 0.2633436248341133 0.21200497664326506 0.021357347674478912 0.32619147578898644 0.3016260322055604 0.43099018993434607 0.3003561660989147 0.2223606845483837 0.059720533246972365 0.0657061491050566 0.47229162894854476 0.12437777567002857 0.06273688300094783 0.08412152416528472 0.05104537125948493 0.1540438828474698 0.06631849527339975 0.18153481550229664 0.13808806539199997 0.0005218925656144667 0.07279019941744862 0.026238925613303748 0.03815987449658441 0.04553245140594561 0.029592756807499003 0.10222147833608969 0.01825038633169142 0.0009786499726602475 0.05289164313982436 0.12255545168705492 0.08265625248493792 0.1005944854039037 0.01323253070496146 0.0962245443711951 0.12144270730537442 0.08570834162347367 0.12667783059114313 0.023090166419581684 0.013183129529535086 0.1015962880281381 0.04282498136990924 0.07370853617568003 0.019750224066297777 0.05037265296762919 0.008698979310957485 0.03534527205753043 0.07507394098086931
0.0379873181137367 0.45964390802653904 0.34655169346180587 0.07644565905049246 0.11471695846976242 0.3900216611577881 0.38435126875959214 0.7564664866800912 0.699301378608947 0.04204020441365028 0.33191437372698984 0.26867993000816204 0.07402470685478403 0.028185672516443827 0.2370302933051963 0.14215709044477673 0.2183414907897453 0.3659878128390273 0.24879405491973164 0.3016015135705212 0.42551950247032827 0.35587367975717504 0.4720382121469923 0.1210944851832635 0.08506770803583248 0.04334377815088012 0.0605146514078571 0.21995230618996103 0.09156067543579152 0.23311827758761097 0.16871655681555192 0.053556577326987105 0.05312807067263538 0.12368766102048709 0.04263480182732479 0.3760374679868538 0.24657888037099143 0.017355060537475098 0.36234417249124573 0.49356672496221926 0.3425402331644634 0.09135975834274594 0.1657216987434337 0.030696051872094433 0.1024118162413583 0.01680694408280816 0.4063341877773125 0.34014544715141326 0.23731180798271473 0.16202197824827416 0.677744880980229 0.48519076148839096 0.7092657326260821 0.41497041132198564 0.35733690070215085 0.34183372488209984 0.14374799330825014 0.03302754102781005 0.0013788555477438503 0.00023508467140415486 0.02369858293203638 0.1433344003232866 0.035041531170515804 0.05319687473201982 0.06461210801971796 0.22506139360099706 0.2569207167574653 0.24885922750448738 0.044465625294824986 0.048184107707849214 0.1285574744188555 0.02846539770539958 0.2852511148619323 0.16375058687746688 0.11200389554659718 0.22299787457489112 0.2697845754572961 0.054979807319303096 0.22707150298696 0.1658735877001141 0.27516010499038185 0.08415699347988528 0.33961729209052055 0.04999165973053438 0.09828448081128159 0.10319306264293637 0.07132275709913982 0.08265218580653998 0.13883067377123803 0.19677618392805982 0.1861355706775616 0.06398323643261203 0.1276024888152318 0.02125611689859912 0.2060472761900507 0.26438017280488185 0.24737124750097178 0.12661258958723218 0.31150111069242425 0.42046814218786144 0.22908556533111116 0.2001104213129307 0.010982168224926045 0.16448368735581353 0.037158014148532925 0.2902640590720273 0.042929323986322133 0.15970232597249867 0.14030178116317799 0.1502592525213856 0.10852387969836993 0.0016644166395329602 0.09463311048614222 0.17797538372935895 0.2802584221863526 0.3643742732455318 0.29737224859929 0.02868560560385073 0.03186343523294473 0.05462480604754102 0.12990799305827586 0.0015770420912597778 0.005127237049534473 0.029373556872122272 0.13848315955607848 0.013115571294582197 0.00222759897025402 0.011635070462726391 0.19495596447245356 0.10656271913055776 0.07416599495399949 0.17379663973975643 0.19566255757132892 0.07053819608836318 0.014074328384582974 0.07768249732707656 0.25270715895289253 0.4266644135900833 0.25765478232457856 0.3453900783191259 0.3195472059650566 0.10697562756444208 0.030796559521479853 0.21360691796865702 0.19226985395752128 0.04300117910288536 0.20053834040690502 0.15467457557537928 0.08663980420837715 0.30673651318355344 0.19245216523336087 0.11959998547020748 0.25779132891442846 0.1599798625578415 0.03161261364097326 0.4906661583237537 0.44346707579821726 0.3383670657056932 0.41554594061243844 0.2689485305933338 0.06805444662291653 0.228310957534792 0.24950581639799033 0.05805905431933781 0.06717362831892759 0.09481989219118915 0.1025278853583527 0.24858770449112935 0.030604727895843207 0.23503108136758197 0.09110641332736726 0.13644056391401566 0.012421701008933562 0.06735394564883973 0.2884489922917001 0.07038531517174272 0.09843935904324765 0.05310107750176394 0.03227783833551873 0.08207996049801833 0.03940160449333459 0.37582660947039664 0.2639693173310454 0.07658794138500251 0.003201112628248877 0.24338300740173066 0.2447959183740895 NaN 0.7817888946994064 0.22264238810147488 0.2630325986927727 0.2663785590423855 0.029177699195788092 0.11613805866406862 0.32151037947500916 0.18408274502923924 0.22027896727430912 0.34392256603939436 0.2208603954950892 0.24016617335094834 0.40483467730058914 0.34572701629904656 0.45667271237460333 0.10641667418297836 0.037848304697286575 0.019183097331593298 0.07589021547256146 0.053769514195725045 0.1364466952216748 0.20494960450615762 0.155109269055601 0.02909065328022418 0.07054111100591913 0.07934182459544155 0.15090820205760863 0.4305143027539088 0.1849380421060035 0.09126533734878023 0.3224478329900143 0.5388174180561266 0.2541403873514801 0.09692924065916365 0.19049087184829896 0.06383971943561488 0.05855175880967063 0.012185534297963345 0.3796938822410458 0.23151465915625555 0.26451330221451963 0.043301885302997084 0.6968365912121075 0.46844686784632295 0.7204806261929998 0.41720531809705225 0.45030033047882567 0.37536325238350327 0.14263691501718362 0.007161136805875816 0.08839960983175627 0.16775074413341265 0.04552919542211413 0.009081233330759953 0.11659970556444725 0.1122891130859155 0.06172819758340351 0.07065130815222495 0.20140417057512006 0.18319418775884072 0.09847913958860145 0.08421467060116528 0.14963641190248855 0.1791147516202825 0.2073209849309654 0.04704545189779982 0.1841010231474207 0.05088280465431624 0.0950513745459405 0.09166169109284415 0.05410528736548397 0.052899654815766466 0.15908652129963308 0.004866165842397129 0.17996285588082392 0.07634764152536729 0.040043743058840946 0.07062439023712067 0.1537895302266799 0.041521814123174954 0.12293215870655572 0.3125496092342789 0.08271204580144367 0.0530643307832672 0.013153945807490105 0.054774068353658195 0.041247878244438395 0.1970845562795831 0.1016429350886903 0.04129690371461247 0.29901749577751363 0.33363895728746423 0.2806001590662685 0.25860088998230885 0.029901090316219573 0.10886188004819382 0.2135665750861582 0.11833890147536702 0.06799266680180906 0.2129970042219302 0.025065741138663968 0.049642501388295804 0.08012915905934481 0.05486621192456423 0.17425779989428453 0.008319740485553445 0.07206854178074393 0.2731486658151707 0.16391903450858755 0.050961921887362316 0.1009803422222026 0.06233942736301458 0.205057785199726 0.029603874035200504 0.08222916686388464 0.1743326834704736 0.27056447895173724 0.04962327637932835 0.08006037575304129 0.06963045275071465 0.2398297604467924 0.014595233296004836 0.10647825121789234 0.0034934390568033638 0.09293383949955168 0.06304926102891126 0.09404404653584467 0.15819345212858676 0.0216149858968264 0.37081024544829644 0.2802714813105567 0.13749467946703126 0.22718701020382762 0.11772703979394475 0.1483837170254207 0.07306300357922502 0.07696703398262367 0.18662975932652887 0.1917166401961041 0.2884572915625602 0.12104947200544612 0.14768958166459953 0.1319792839701381 0.1368364077740069 0.2730570537572874 0.28851260710377447 0.09065141794062516 0.31691739717837186 0.30841454481423863 0.333157123538493 0.26236695617364875 0.10464850753403405 0.05798451357357669 0.048795658624290424 0.2337862037005215 0.07753791385584857 0.13420071282942064 0.04085948490131005 0.03987849894870634 0.16051286946814208 0.03487021988568154 0.19480860581203302 0.05033199947769545 0.16571488278481433 0.14417241875022452 0.10245618929186262 0.31475636665149215 0.020726077450611516 0.009562875108803298 0.03139028472709025 0.02022339077939375 0.04580877769154262 0.18783733272156194 0.0464954621976192 0.011958871598168308 0.017439609208037585 0.012534307970519668 0.14491094032225962 0.20526045268403414 0.11151537423699588 0.0650879349853864 0.030374374941770088 0.1789374148982049 0.014840615294162357 0.08052347905437425 0.2355002240800349 0.030749470226439833 0.19440088113064857 0.02445340230450765 0.052621680193860175 0.006317145124472695
0.04381125650834788 0.4947208203409116 0.35600131219913395 0.14896629160717306 0.21195947797637066 0.5086497181786449 0.457813398911234 0.7656980231558603 0.7973410584926987 0.03529195720722028 0.34646499059675123 0.24204390809278076 0.08681853097507544 0.0049688186328899885 0.2402143301787157 0.13461004135954852 0.27402958225092333 0.4207375806571413 0.31238058369976773 0.41896883515065547 0.5501578848412513 0.45929008123539394 0.5292015503230066 0.15091039492100233 0.1067324633114291 0.009220778373733557 0.13946384206563706 0.30435037828626466 0.11297368601242513 0.2723790951974903 0.1953527610953306 0.10543565694518611 0.11934439029966228 0.18936429740108038 0.01693421636849267 0.3684365191246759 0.2167182886553842 0.01320211862139833 0.3721491221262748 0.46759989943323066 0.31065391100962136 0.068518063658363 0.07507850249417597 0.016049495822923462 0.16189801748378804 0.015521894150570509 0.43337413163308025 0.43716342741107156 0.23096093720405522 0.07606152843705341 0.756403210932886 0.5267106979169633 0.7820886101063876 0.40204699489009277 0.27435096038145734 0.31437514450629295 0.15630010519935275 0.023605345444798313 0.0012072159494052634 0.03884182586510682 0.007604482141289805 0.06795998340902071 0.005094004388840957 0.06060915501639234 0.06291942736466985 0.35277087292017156 0.3028623570862213 0.23670813736408702 0.02448244072988157 0.06738594226863649 0.13958842767365026 0.037258483748700603 0.3175100783291268 0.14101559630069463 0.14324692141800763 0.2933426825075344 0.3284146759998503 0.03791384704926539 0.28079292876794676 0.16246129329501863 0.36728211296650787 0.06873529331986973 0.37453674553263827 0.00035214111630040815 0.07302179583288279 0.11887568938142834 0.046058355145808014 0.10524845074654406 0.15846423578581662 0.18656303944901403 0.23036963771328223 0.006881664345936093 0.08607294824785378 0.09333431885667563 0.2549737448237332 0.24202141221182122 0.22042223403791278 0.10537881826682549 0.25657791356462617 0.43081709684408714 0.23451529272402052 0.2770573638963692 0.046321741709249575 0.17161462406337843 0.03083347909827305 0.2653520464169626 0.021537303922236854 0.09071715875086411 0.08614222187456631 0.11158978309425181 0.04573464817874259 0.030022450143017746 0.08582634602307906 0.15526234100837513 0.29709890881988177 0.3419306814624951 0.29374903371546235 0.028159792757288433 0.003914574234214443 0.022526228877707426 0.19747367179626496 0.07323913149927494 0.01916574218725206 0.04747064380907761 0.09994673021922655 0.0461860685196313 0.035082357959666584 0.0029250620790321966 0.1888339647908282 0.1707033246164987 0.10561938106296756 0.20218901256443633 0.2503220300128378 0.0503475094798852 0.0013867380222697039 0.0492791789096828 0.31855716745996115 0.48224123915453554 0.28306907538510045 0.43016256723111246 0.35422931333202784 0.06984810878158344 0.01952791043514627 0.21241657372178788 0.23666446899367924 0.022820004662847372 0.17107582532004845 0.24271546643584982 0.09789914182371114 0.3560975293170105 0.2184172817766816 0.12317576324514255 0.2637208270663443 0.20632367474188748 0.021323047103375004 0.5689855709156576 0.4694125423640354 0.408841913026503 0.44322166612038494 0.3006494283110835 0.021569967701975813 0.2244360952416242 0.28328586935937855 0.08785618151260716 0.11955117827564128 0.1197129548138937 0.08229651686251725 0.27119059485300184 0.029387270390547095 0.26138845307968206 0.11865989304325603 0.20778221222014115 0.0283447866064622 0.022524104670617606 0.2530644409534149 0.030106658174807267 0.07082714935341465 0.0718368492329806 0.0801541085337143 0.11025746488996502 0.04615742960651395 0.43449163357199655 0.2538784698842684 0.041255198701817215 0.043847647040124046 0.33284705629968564 0.28204226437287566 0.7817888946994064 NaN 0.22074825937013517 0.30141059022308536 0.22986593608106698 0.0833535659158884 0.06332362006158578 0.32923895398482333 0.2226508633566779 0.24820322769762476 0.3974864631400302 0.29588740658155493 0.28051343159403713 0.4741977081117031 0.42143877323052176 0.5031270121329909 0.10029433592743633 0.07305170934916211 0.09464426562171256 0.08429980295010737 0.05709400371603776 0.141864471830065 0.22974543930843322 0.17839059496782952 0.014105848110025498 0.07545373529747999 0.10297183020595212 0.18444545982145155 0.41473586171251914 0.16522111018875676 0.09370621861518956 0.2944590651622491 0.4919036433637728 0.18162104506665797 0.010976060938454494 0.13289377384982337 0.021853515648306048 0.1147107579032732 0.0018446281566018182 0.3792945922502248 0.2890786948553831 0.28674791430734387 0.005750224843825444 0.7793922241874405 0.5257814009302009 0.7774134411718328 0.46531836715453434 0.3409223264292729 0.362608363164002 0.12561323970002103 0.05278066351948577 0.06254829013062312 0.163224472104503 0.07252963979200253 0.048160811010033416 0.16910032845054904 0.14066824388087804 0.09424649269533535 0.07774643222174138 0.2233164617776093 0.17022966133992398 0.1391071222030963 0.12068050294994787 0.1359284401706198 0.15235928637523583 0.18797572688148392 0.04544519596556667 0.18900848731393635 0.05507710280407237 0.1256198466667037 0.05059851177278638 0.020675321861328536 0.0180584700135608 0.21746860953642533 0.01365891515302318 0.14821907387000366 0.062418059083346494 0.06226095337109915 0.0961544652710683 0.1832615662746792 0.03321944528222016 0.07719232885218183 0.35579988393907785 0.1407090592659002 0.05066379777744713 0.01028367991811751 0.04329758147833761 0.08484770709909624 0.13023933057380957 0.10967670676130428 0.02371203178140797 0.2636519097697183 0.3306518226081291 0.2609952192115926 0.25936090790887273 0.03707849606332774 0.0697890415705344 0.18150751820776947 0.16290659090475057 0.040045149885703124 0.18399249386702202 0.04158366176133414 0.06473656888471739 0.05743112226770838 0.060070737609175154 0.1856218257444569 0.006552579396484655 0.11066180359691759 0.24686237568903055 0.16801242885061193 0.08081474954223392 0.05826350202178205 0.03513423170329603 0.23813481897063693 0.031028076663687773 0.09081614731940586 0.2119269217921801 0.2346860641911861 0.05587182807389091 0.03939829026661115 0.07859955809823274 0.21757860507386922 0.023101211180799785 0.11894128047108012 0.0019724568935629468 0.13739417274143392 0.06323183663581505 0.08671556947145832 0.16853415318691709 0.0755765973931886 0.41609015530006443 0.2566336754554561 0.09261541852141197 0.21124651574071582 0.14799363679553904 0.13435533539304695 0.08303401504107752 0.03552498199136946 0.16964617305886812 0.1454859456760479 0.32154210600139915 0.15881797207035678 0.13728047276090116 0.1569764612877641 0.09022707166272438 0.32453039153976887 0.26262849763592094 0.06816784717534294 0.36094693768909397 0.3654412386232457 0.3821230918074255 0.26486980233543206 0.08082605850592209 0.09839842292322862 0.04177283781649789 0.24255321622441023 0.08694877787384593 0.13718917363738595 0.054956855409678214 0.05284345396913392 0.20231694249849894 0.010340893255873305 0.20288600395484307 0.08152443218941134 0.20639572080786256 0.1536344880797149 0.05414223204650405 0.24893479708138552 0.010313492605863896 0.022393465649204965 0.008249759666564369 0.022875396452936122 0.11115601431691986 0.14864195896711468 0.012861788606069033 0.057722650259287835 0.048738193826118 0.04414348648888715 0.11682441910376112 0.17318753737055803 0.07056657884467415 0.030583262128159604 0.05694519469332237 0.18452649382839523 0.009764149809643477 0.1133011710290331 0.2595115679704636 0.02648608131441239 0.17990159767996813 0.08128011096607933 0.048428964786241056 0.011627863200447706
0.43270456434992366 0.18216404481260307 0.2731537957647737 0.3422843266124954 0.32842876115697023 0.4027102940228432 0.29190353668829194 0.1206111900032943 0.12866091115434491 0.40700664043243673 0.2814678999669086 0.0954990291612431 0.30178100260620533 0.19396940205772178 0.16454708845675076 0.18440958198058302 0.2018643920741299 0.05799022689858995 0.4116573072762405 0.3428278239597794 0.235801520476487 0.0960288613170177 0.11486724295781699 0.2119945460916052 0.20639874341071213 0.038062922585065044 0.25661791876507056 0.24824242688755624 0.13614232667411616 0.061169717249655454 0.1324212950467517 0.05472796437899518 0.06724983135556023 0.05665851422027019 0.029405837282022174 0.13765372423611458 0.18240516708701532 0.2210458469540772 0.03436017780086958 0.06042313206655487 0.16161532720332916 0.043727153816258385 0.23614936786155152 0.29266300041442794 0.003282990008314118 0.02846995066866001 0.015274088588869096 0.3980490341627544 0.15789241220912228 0.07184660415394785 0.0937470540317022 0.08537467407543892 0.19512973830810423 0.02002273141422002 0.0356279656721208 0.025854906677277727 0.1456352501308971 0.03529893524860932 0.13263318673949417 0.2569780181385748 0.047608874221198264 0.15288347678890996 0.08937541180162785 0.037065075391528625 0.052251963259252625 0.09760258915213642 0.047810354743507616 0.007417109915300713 0.059073694217906536 0.17692684440303455 0.10631081671784093 0.0819019037270682 0.04318824833125928 0.0991260472430689 0.0866137669764273 0.0592814825649728 0.1215613804475179 0.05507358144661871 0.16217657449453013 0.01678991647094436 0.15568935826557678 0.12334514084434758 0.12075868524652239 0.25287615091996035 0.16380512197926733 0.2840288147444302 0.13635944148256748 0.006620780611524235 0.024461126258965796 0.04369821435131059 0.030480610592917786 0.0481029920649378 0.10795454232671241 0.07292289972795944 0.19850601018583633 0.22205387758061423 0.09055520988771276 0.06626210117032877 0.12840001542750387 0.15819211047173992 0.015609093331995288 0.17626131515826074 0.09432427565607779 0.16387420070224037 0.10063937058993618 0.11825699379485974 0.1000348659116147 0.1472906325777226 0.039207976866710965 0.0007921200826573221 0.11892675618073104 0.005673601215871969 0.08785125384970761 0.15962506361282797 0.002777296156307115 0.08281907590715343 0.02750560047906104 0.09442571368407855 0.008047504609547172 0.1114852498009484 0.242944120750899 0.023061402983386242 0.036730505660986686 0.1407967883681086 0.09538328836790662 0.02898103142584671 0.034233989119712545 0.007756604311675696 0.019221535952759657 0.02369942343921223 0.18271148929274883 0.07997182260278558 0.021273959852382236 0.026740809982818758 0.0385253469811611 0.05539608897771878 0.058090857784538895 0.10102122846555987 0.10958180410125412 0.3349837275449198 0.21741671392688852 0.12842273878843702 0.24646967105048334 0.11993786124139658 0.03744324650889126 0.05203423811473128 0.12768211715714634 0.15547485675660214 0.1532515691725936 0.003346698959597979 0.0024117041890752296 0.14251011454476553 0.18606283860328834 0.18593747314374504 0.010229244169841643 0.16836250863466665 0.07047960670105173 0.2539151500122401 0.24715247163596693 0.19243283745019693 0.0683735799851247 0.06662225765678863 0.17159621622780463 0.01455499055410908 0.047987506070798304 0.07803829128806562 0.1600930703388111 0.1031771495203638 0.20754543082999796 0.2260119651217009 0.12242604363697292 0.04591561735629447 0.15149555717675148 0.25717737323284473 0.161327945744187 0.10123128213916074 0.09910165813222052 0.06210200887375022 0.26628086045225974 0.20154406726729174 0.3962723976972363 0.27409512859255136 0.27566092196629605 0.2877754592354258 0.2494986359048711 0.41615817913267017 0.2549857811748895 0.22264238810147488 0.22074825937013517 NaN 0.2764869305076022 0.018653991342926748 0.2631880264409582 0.16056624066047764 0.17280800814910602 0.24892145458945805 0.19556148124665096 0.07623787410651497 0.40714881586726326 0.2589038623424794 0.29986887848273874 0.18054967466931757 0.15800989026346923 0.22131491343212414 0.09428493367983742 0.20354664782464624 0.24807886271272434 0.2439905951591301 0.17877892785132224 0.0024430469123511676 0.10616765963194098 0.012056459549588235 0.04486007478732036 0.08642764577427228 0.050055601099802276 0.2556709549752758 0.20669871260689696 0.20829890532389791 0.044407818285212654 0.07551825710382491 0.0977536708692016 0.041022454160843026 0.1965221836472405 0.20018394599473155 0.0533013691940976 0.126344121341452 0.004351561837654913 0.3805114487970693 0.14709181206308794 0.015885461955577967 0.1832143101513269 0.10183312860698211 0.2745208270515224 0.07723078535778641 0.04550234427333359 0.07844544988181751 0.054074618875518836 0.010376796207017595 0.24194797333847975 0.27104166812781794 0.02591386949300005 0.014134604400621609 0.016798835185944265 0.08686109049019905 0.04904848858608753 0.008018761996860064 0.055088305535386545 0.05431459777614572 0.16218289194784227 0.21000633312124356 0.11928323773922929 0.10489299523960399 0.0844700527096523 0.12758423299856278 0.13539662749103373 0.23654098336331142 0.12297600760734612 0.0749421523519433 0.013681260332279324 0.10919998799176735 0.17397435839386016 0.06745618936018805 0.10470366318817521 0.3229946456683357 0.16425407945896917 0.2474614527286013 0.05272821188192101 0.033070710564974994 0.0998565354596802 0.08838824148942251 0.07778619124653502 0.10060126139541388 0.012448351851056135 0.013523939049519654 0.1482420942206966 0.14411611421996137 0.1403870583564049 0.11626887952023089 0.15942903261494987 0.1326592733105748 0.08255921153694225 0.16976435159150186 0.16712765575230984 0.1943996086485524 0.26237674794907373 0.08364381796959847 0.19667441416473613 0.20296290714951604 0.0498432834753872 0.007625618865856438 0.1607417475880643 0.03359449538079051 0.07458345495795692 0.09676075159851841 0.07489035617770232 0.027087268567928334 0.07530940895010137 0.029264168630949324 0.01691471002949315 0.03288879447835635 0.2757474636765988 0.016654493368314628 0.011319625332663103 0.2269372560667684 0.0849071714301996 0.07866051303992082 0.07327090330031341 0.0966161599308132 0.026042123256707583 0.07902871196088739 0.09701382866726431 0.190133080701687 0.024104364555208254 0.060129103847494605 0.013343889220389631 0.02950872184116408 0.047919411983868135 0.18577525787777566 0.08265280245591558 0.1570196296428936 0.05850130707668269 0.25132804687127647 0.2367944660860445 0.048500039650678776 0.05465478468284473 0.2445307495744231 0.15427991637727057 0.07074945875189981 0.04519835795513592 0.16447802737686704 0.1144324706406172 0.05738203769714857 0.1652857934938944 0.13741154504029646 0.05402489931597813 0.13815683253784744 0.13661423570252687 0.2669754825667544 0.1635187968880252 0.13445508624101396 0.05703340121031673 0.10725215516236412 0.18038285301280632 0.014960966737449906 0.05632004237131728 0.015214434879042841 0.13321357437215167 0.09300904717452038 0.12353278282277522 0.17925645084515343 0.02964215967659591 0.0834398429131836 0.16669461026085905 0.20923868534509338 0.025798761587904798 0.1531516313924535 0.11338803945335212 0.07973940874073532 0.1428933492162469 0.19465371150996025 0.03957009084384857 0.22502663504534 0.08898016833569114 0.07230802267366342 0.015830137117734056 0.10122475741263834 0.10318037935115552 0.0284802679145272 0.019616212556976424 0.07251036120632234 0.04410872840093617 0.19360765413731665 0.06271171949356684 0.010329469240139203 0.07119800600576255 0.08652578302918817 0.09532382871753728 0.0039001884488008847 0.09837711484523379
0.18081314399463685 0.1965360317143633 0.16787693912226792 0.17771200358739495 0.21329807541879464 0.34041335152848284 0.27454005472286025 0.29681483085651883 0.2019695225408639 0.19598482796211136 0.44139401134573736 0.13650757445224743 0.09152793128495232 0.04590132225300986 0.03154363729156498 0.06866856012617903 0.22039811056397973 0.20072342332999277 0.21484909019940185 0.2869039975097141 0.24205946617306537 0.27812739683986015 0.1869816664531885 0.023031946359225824 0.13914989939793854 0.09305515561267631 0.028164546612195984 0.2149118780080787 0.1065621564223048 0.09342655896254527 0.055112580790071156 0.008632247739803336 0.012106565906867197 0.027677298697029035 0.007271701329158504 0.12001424986321306 0.07026501843668892 0.07398370082305197 0.0038540434154667475 0.1651402084412194 0.1272211867275887 0.01594671444030431 0.08581369484080668 0.13708833873527937 0.06512012595365678 0.029863100510348725 0.24632613554158317 0.3617785134811716 0.146964466516636 0.1001435641388435 0.2586609119316981 0.20940775152924518 0.20993726271397756 0.212166412799009 0.04052654797155025 0.1665904087776924 0.006124104912363792 0.015706997734230906 0.04432003103650897 0.010795453142220912 0.0017470049682554978 0.0974814300510374 0.05838561111159312 0.05508785644918488 0.022335115878104047 0.1274176340200828 0.17106031588544693 0.10365209579094076 0.00943203281689808 0.07532223634404925 0.03802337166315856 0.013513145168350596 0.2540483820051941 0.1739529497104921 0.08627592531450064 0.12716965218869405 0.1801915849139491 0.14117024661396066 0.35327196807532363 0.20598667906155316 0.3618376290566996 0.08513738665758294 0.27406158705255207 0.11275290924739319 0.07813553143523569 0.05676105415180245 0.08491839533334278 0.0312837311438783 0.03082639377316438 0.009385407798727643 0.12151450406535841 0.06641628198479577 0.07276561004756987 0.029296368336311353 0.3116206166306413 0.2753975591265278 0.09749181856606934 0.13065922448619155 0.02018601251448922 0.08809127228939483 0.04447429431812173 0.03606778246608058 0.06094709313565848 0.0025250899670488103 0.03225592946489011 0.15585266697040498 0.029541254558298976 0.1024519429029772 0.10072736463628353 0.007090353478027444 0.11988573064777512 0.027730699058250628 0.030650509603826162 0.04845711342733517 0.09205640733572218 0.18568300502834406 0.23903779026038563 0.025352526282210124 0.010834058074722257 0.036326280285367905 0.07376684487386444 0.05447509180053974 0.009374688150348054 0.033706272738607 0.10580958882898736 0.029915897442315664 0.0038342682370175072 0.03568779731106619 0.04800705720496977 0.10217270244078708 0.019380294776687467 0.010613587422079141 0.2140617581818471 0.04062281140986371 0.004891684931670974 0.13600399139798736 0.272626113100361 0.29572587509843656 0.11826028535723543 0.26941393870021685 0.21273643461891112 0.021604473925707586 0.0754748476720428 0.12394105530804977 0.19265233479297997 0.06892967795009072 0.10703368720534498 0.03693205943081764 0.09349970820610193 0.15080522940773688 0.04516491687869534 0.09920584784893724 0.08178810373244881 0.11092029469075065 0.002936932611109937 0.23908707915320868 0.24022540337843093 0.2673383920150773 0.24042770148988257 0.10490302948896632 0.009690525247739527 0.04376405480802281 0.1628506530167107 0.043905920334484975 0.02489435745543929 0.02243257984896403 0.005825006259795657 0.09306064722498279 0.07885485990739519 0.1847670186536157 0.12480722948487956 0.05200650961949804 0.008184120962770769 0.03511835146754314 0.11969055052364257 0.027153068516718434 0.026343607107296083 0.019227277006142022 0.016399934532115714 0.028937715718052825 0.1483844511241792 0.23305168947005148 0.15004020559792738 0.11234747200854116 0.13351402485338318 0.3195734122549079 0.30341534115268703 0.2630325986927727 0.30141059022308536 0.2764869305076022 NaN 0.1668330013462114 0.14196937484089986 0.06839540187528696 0.08239334978864205 0.23423090058854432 0.20418466245532851 0.27135290723387245 0.2811243420838768 0.23717868703026468 0.3001192007116113 0.3289967926282533 0.17575186218463054 0.019134653974941254 0.058040617888838686 0.05950467868147841 0.03933123995992798 0.05257999693742619 0.09673974509101842 0.046674455857524166 0.017274581873602726 0.040221089363396176 0.012736109426082507 0.0022732370479480886 0.013493627386373266 0.1609941019384857 0.11794239060799452 0.041046509868726114 0.06335726491904096 0.2051909597456946 0.058605839030430505 0.06665860610387878 0.1577308407867519 0.11269360355836604 0.024213094089613644 0.12591029422203356 0.22195613443695253 0.21559906644701182 0.13747135829245807 0.16820161712634288 0.29587813723032236 0.19519182641361524 0.2630896173586857 0.2617942370778272 0.13251125159341604 0.2549087097731215 0.04261576028923667 0.004840009560447235 0.059932503204463805 0.10688157701336674 0.03147657465961281 0.020146710442813118 0.012798681289290622 0.04693329932378078 0.008140229365046615 0.09300240085247426 0.060681995785955296 0.004589385441718994 0.08373570011237652 0.1091111087384398 0.0534895540137224 0.01691593007390794 0.14005391384968022 0.04953039714990878 0.06761341767364942 0.09573066360741934 0.004798508479779696 0.1797637337559318 0.08238504214592049 0.14099143359943955 0.2325526906604089 0.19006508286359777 0.19712884877207326 0.21548381138963613 0.04710717870552568 0.1078644723454462 0.028883541009085457 0.021569034511459913 0.047676976723446625 0.12447426606606922 0.0063291447848288634 0.012169788402795692 0.036950080948431475 0.08944480730766505 0.24794471790755246 0.22556849248772887 0.1503978406255902 0.0801819145069085 0.020218310970006065 0.08368974731638996 0.051516864262984005 0.0707786053370946 0.05466231901149711 0.011330533198608701 0.0776734134776089 0.012147794755504142 0.008782069700983417 0.14705949838541987 0.04234152925331341 0.030716692445358684 0.14088712602531808 0.07643002205594755 0.13352211760381563 0.027935979838668645 0.09219692848968825 0.22877674989268942 0.20439583448156523 0.0031481105531441923 0.02875072750349099 0.028450911180277254 0.12082385836125446 0.009489791997234804 0.04480150635464812 0.14847276202614665 0.031896079837896434 0.049829747652334264 0.06700427217004899 0.03145972048835007 0.004512741941261221 0.11115745468439307 0.0062144515007966005 0.08282001748356695 0.06745907673702166 0.04282540854819175 0.18249895371122343 0.22682167628854816 0.1090072667803787 0.32244121731768943 0.12423395326651089 0.16592196382456997 0.11741798199250408 0.1524252650493683 0.11280479595230578 0.008037918979239608 0.09658025340520797 0.17451381920803544 0.07860171330735992 0.057234486953716975 0.10147274210568549 0.06587785105892201 0.1091373800403177 0.11743629603282381 0.11331257548857586 0.12079563503095951 0.06314725795147404 0.1947680795810467 0.2005826508152069 0.293323197842149 0.1616372840449318 0.101728270224994 0.0437920160822241 0.0033868907236768524 0.22855595053881167 0.004155737178091935 0.044480143898165035 0.023600886712043495 0.02615799483725076 0.023413738570048886 0.06800585296823894 0.12487831871193719 0.045934694167574244 0.049081658277150685 0.1304116459628044 0.08406490052087581 0.09971508369501393 0.10996579004844573 0.09330666629396968 0.028195857295942643 0.015751560473782386 0.01306187210455724 0.014459421109132672 0.07134672824556303 0.08338561163714758 0.029489059011324807 0.020013127061346767 0.015004282874750505 0.03448805730125075 0.09173198512895157 0.06902971225847228 0.01569965800940816 0.059088900394502326 0.07873216691418496 0.0370563026684912 0.05856055953288789 0.015605248547172301 0.08383137705681856 0.1044299558345486 0.003897074596162027 0.056384463811545146
0.05822341408694054 0.23887054946543815 0.08878276073011354 0.07426929800526107 0.08427767818659206 0.18582991578510005 0.2611020277123509 0.3830844937754124 0.17842385378984058 0.15400067637005668 0.2515471401533236 0.6113329045808772 0.04410349375240663 0.13781968434986777 0.24523217797943003 0.010345921725415283 0.16352184444384987 0.3588479479587724 0.008306792452258455 0.19416195076840256 0.14415403379664807 0.37662129905843267 0.28710728188026285 0.13221463577741152 0.07571302941303783 0.44868051880362486 0.18014590271164707 0.1710402715798847 0.09974282601233458 0.19955787598892716 0.05358094417905357 0.13061359861353208 0.041845153394018356 0.12694141929102373 0.10391442857716207 0.16061985406573848 0.15047734621436284 0.19749037433657848 0.017397017507147228 0.2611675888237398 0.159469188098718 0.06905173699543735 0.040787557801777244 0.0035645211265309487 0.13338377457887404 0.06324686109535758 0.3330090895991804 0.10049941720838779 0.1265774073463299 0.2660547921095766 0.3339484018021356 0.25653940247508816 0.18733856809465332 0.3635451697886485 0.15037466997855378 0.2605006707419203 0.05734645411149369 0.1123643752587107 0.1611712361950321 0.22937437043270462 0.05523076880188736 0.0817231010311534 0.1683773513229353 0.04285033310724571 0.09925213938544443 0.09312519540258143 0.29055454445539197 0.21389690907218115 0.35703778944636444 0.21500939890871384 0.326834405603658 0.3940958479681327 0.19045324686923693 0.24834570889856084 0.6031285704892813 0.2986826667488967 0.05700521250790636 0.016884425917990296 0.09791424127385473 0.1521639565448768 0.24606688671730814 0.05612933506798166 0.08014098893234968 0.036781939862094375 0.1858038436549988 0.03881476375840808 0.04112933117399067 0.029995640788778016 0.027381057395501122 0.005709299464913131 0.00803324572129645 0.043236993553413844 0.002606043714717012 0.21784600579482077 0.08449673827138418 0.0946690215960279 0.05962026684838656 0.16094527889688473 0.13540307655244402 0.0867653865382369 0.008327472709383147 0.1171167233750116 0.09219479628485003 0.13194874685740013 0.2711378293872406 0.04236117227359258 0.03166690385708096 0.03772189571135502 0.09618761292699629 0.07637170413742238 0.0348002052863451 0.1100675547356791 0.04662979435062148 0.016089252010009988 0.09505163294300309 0.35634995889835674 0.18797161996319625 0.055671426359398715 0.015486264741260723 0.1356540847391701 0.041075818676226505 0.031772473062141 0.19551801793973086 0.1413808888445528 0.3110748888422202 0.11048441666847185 0.017147092800560648 0.19043655991503938 0.45995949212676135 0.02780076675233039 0.31902506582056983 0.2862962635453751 0.04248334668835517 0.020897998785281716 0.03956633965033181 0.17035786806348774 0.19492349307824167 0.4095036318802863 0.30411773137051695 0.029769322506479835 0.11683316260590411 0.08881247166249498 0.19820874297188923 0.07028776743557535 0.010352870218301353 0.007689906434936408 0.0788905578069425 0.2503221123653754 0.09150391599693432 0.36283110232624344 0.07502310686786251 0.0022074870537264887 0.012451374816648172 0.16275496662846548 0.0040030440540679635 0.2599594149755491 0.39415858793836134 0.21481404154154046 0.1931624120519336 0.17270540867070022 0.13457088779838755 0.08133784577402976 0.2185549811306919 0.14061138191543143 0.11101888285436297 0.09452646962340347 0.20734206156174986 0.05100543328948769 0.021340000445042903 0.014564999537401365 0.05998889203513149 0.08139444843849408 0.06566225727255076 0.19214891264405298 0.007027404624984303 0.23180496373307644 0.05870723235908502 0.047890564951701076 0.09236370102059704 0.1466411487655432 0.048019832165028614 0.122123935129689 0.02232883881036964 0.022407720171054548 0.05308685828204612 0.1383589484050102 0.2445772970031472 0.2663785590423855 0.22986593608106698 0.018653991342926748 0.1668330013462114 NaN 0.03772988083950692 0.17238742673504157 0.3387584385214314 0.02597983404321753 0.15251735952900572 0.43831046353588915 0.03329262220217886 0.21509757583876254 0.16628226308227845 0.3531347908955948 0.21309111385585433 0.1429412552091222 0.3180270602666061 0.5390041133931639 0.11855423447873326 0.2887852772379394 0.07232221183906375 0.23555592688122348 0.12326945527636872 0.1499961598997541 0.04596253936672759 0.10403687469679283 0.2825850435710771 0.11322464664049307 0.0666948588425353 0.18572971901106491 0.13927880813562765 0.2623766136401321 0.05961047703054024 0.05535517835470034 0.1503726770601294 0.06935692405452296 0.16748529980723914 0.0466292307084038 0.34061688238670346 0.024485493925641443 0.1304070439307084 0.12507265825381642 0.201734984162443 0.14203770359077192 0.1668422532147056 0.23667429071839854 0.07728254294536406 0.11509454608797577 0.07865318490001517 0.018006948179251886 0.12256546351730663 0.004708740123896437 0.03108280157362974 0.1449883985988153 0.02241247753350615 0.08051194181632543 0.02324883055766426 0.08116370367411627 0.3890970607474209 0.1943617822029305 0.314620278183394 0.32662871316455794 0.3132100684054313 0.2331864359700753 0.243084972990658 0.2916817433427229 0.6424089980818194 0.3507964024390474 0.05489852287743382 0.018268427248376354 0.08078344257855283 0.03501517566449842 0.1834817227855677 0.08112456707834666 0.037433716803068 0.07736622065964431 0.1173900189467342 0.016739354592082104 0.21332048561774059 0.12316837120386202 0.008487160635672926 0.03642428303428303 0.0684282144496344 0.11340264214079347 0.05889791740714283 0.07812720183130022 0.1269017318009633 0.151414093853815 0.039194819666112046 0.13100917204147086 0.17408801417331382 0.02751919256132757 0.09869100639609195 0.040781778261029196 0.14999097238900383 0.19149272371144485 0.25664903014595003 0.03535324505222792 0.07097434109424425 0.07516525936421936 0.056599144475627625 0.06109992784580896 0.05434120173911249 0.0009254703249758371 0.05785535262950528 0.14875384073646913 0.006161300415552311 0.3884559637234767 0.15957209267123806 0.11486707502441347 0.018864948888386825 0.14040443844207648 0.07161751924147414 0.011125538699442465 0.0976196670352403 0.1390449268406033 0.39430028469789336 0.029061417258117648 0.007569807750546054 0.3454321430233267 0.5238104744728816 0.3329377795673989 0.20175770054726805 0.24122852685000448 0.06940613534292152 0.055203759871154924 0.1656839318556665 0.28308422653961335 0.026743305015067293 0.3283660967829192 0.3426365431662257 0.2521159002531486 0.06808747873636183 0.049075862522820854 0.25779358920013684 0.14253601291020015 0.06083871165863318 0.12861909874429509 0.05502975092614415 0.11787888445541118 0.04780665280035797 0.48594940115702173 0.13790752967004133 0.1402687905608776 0.15884434343052342 0.09800861736535339 0.02455426390211537 0.1744051724851126 0.14396407095528482 0.19267194992038447 0.1471614592544348 0.14522124310040324 0.2522062562368737 0.12759938795625375 0.29197762708330355 0.10148964425947513 0.0314469296638642 0.020432500482390616 0.17502542080155084 0.011775910924955259 0.005437460322387403 0.13495370390154784 0.1327000366175856 0.1580022403671287 0.04291136500886911 0.07276357818742517 0.10679337010618 0.2622709800081259 0.07802601688504707 0.0033319843566109795 0.03341568895062828 0.06100865011049945 0.06916013581087112 0.011651335242310455 0.14331534729952655 0.027611007332074538 0.04208931207239476 0.010764320619768139 0.23647818306720203 0.1653880520434421 0.09368763569628828 0.02910451545812031 0.1468540492116911 0.017624789545065134 0.03456802203087352 0.029260270728564935 0.003168569078258195 0.24072354504255844 0.09971804431487384 0.021083712838479325 0.009381059445967458
0.5983398680584282 0.04289267555862392 0.4185293062991863 0.7716046987647515 0.6818348987320373 0.3493495478300096 0.24039213729884362 0.05050023879919161 0.019007324966313167 0.3534465369755831 0.004993671658649552 0.03550926054271236 0.7564440940526143 0.252423638102985 0.17133155384635962 0.18733617281577997 0.2609038902895576 0.05640237671444262 0.40974532885983506 0.40474095112617475 0.11074206592170328 0.07418529167878489 0.021972054860369936 0.28525056059919024 0.004214269236636688 0.002634261693176063 0.17348677493426995 0.19246454557417328 0.08305084674590454 0.0391674911848231 0.09966808348476404 0.1878719085126306 0.14531433590909235 0.13354268227428276 0.18230943170410127 0.1631456364174121 0.05508343629649548 0.1978255194647542 0.11146224355694621 0.058012064749308326 0.10576152399866677 0.006013689211458735 0.044817805875892194 0.16089499516523278 0.10179340311882366 0.13757692545351466 0.09403195322101772 0.35857554821816096 0.21042306728137508 0.2075609630518753 0.034920254091896315 0.10672687151839146 0.09614002914975908 0.08048682767022367 0.10325086642740645 0.11243826803975347 0.09476427084553349 0.0015590622869014964 0.058808720169038924 0.10829238233075948 0.07970134748942333 0.0461339173311055 0.21912955549074078 0.11655230140207963 0.01917309957706004 0.20872319186954327 0.21285785972541865 0.12521525802968922 0.06626820298421894 0.1355582771002298 0.0008682885957703043 0.05111044587426463 0.04709445862965621 0.008712240040054912 0.07817112167884703 0.10514761101005542 0.1676166728400809 0.05147291283065591 0.00034689091114588545 0.0631925571308175 0.020691161104185837 0.12861818732896155 0.0046533530229158045 0.17863047646537725 0.20107244630884746 0.28285539923197767 0.21374655907632056 0.018675116523328754 0.06067307757461124 0.103456310579426 0.05707746713276679 0.06148733427471642 0.026654853120847262 0.1099350010765417 0.014588744034814322 0.0229050830429442 0.013759137924715018 0.03435553067866803 0.04400180055570289 0.04115479826572176 0.011280767873878718 0.19343918872045046 0.1150535516731525 0.1312483746921363 0.06796459595641259 0.02830076598384625 0.07660994369397539 0.046367983612860764 0.07057033757250716 0.005495817524297451 0.14372599063315042 0.0127025694963646 0.06822366152525426 0.01573263227465257 0.13306328895239658 0.08886766738338162 0.14104677024461953 0.08247386474433467 0.006470939430681099 0.13706305675811475 0.2063123212573143 0.07750399317954636 0.022620393719588645 0.10425166983298403 0.1419132252553737 0.010881300956826236 0.08066878728581421 0.04865458767032768 0.00584114490577726 0.15313364128573004 0.10456623548987304 0.07098783925496036 0.08403941138125812 0.03563687160364392 0.1302661473027709 0.05656023531472128 0.06944983754692702 0.01633638746420776 0.006737748456631115 0.17394044083713744 0.002108951268578752 0.06374596917742692 0.0019146818385300524 0.061724864119258684 0.009136927051910403 0.23649360749755885 0.07888575288543115 0.028883308008093973 0.09751385045694845 0.08416707685640047 0.022096146035884928 0.268856719373146 0.10448796617556906 0.06368289734755053 0.06891943699753454 0.08618786343024418 0.009826233996162304 0.36869098816806634 0.22113824833838525 0.08898498957158327 0.12885055163958936 0.11895005777078764 0.017661283390081453 0.15861089488740532 0.08154021347256281 0.003191758344968689 0.052940038284963985 0.054554763061586166 0.03392463080901588 0.1633542953171902 0.3254148538201788 0.0895800581006699 0.19718557438702283 0.19711877498345876 0.017326387033258235 0.09753130327764581 0.0015498459276069051 0.031156757365047718 0.14747220281482323 0.13870371201208487 0.6261231406152916 0.2869721974818693 0.46055632197008983 0.7880410966175809 0.7494511802547051 0.48108835076524253 0.25812573845863274 0.029177699195788092 0.0833535659158884 0.2631880264409582 0.14196937484089986 0.03772988083950692 NaN 0.2288062749555383 0.1934256824178688 0.4842837004404297 0.22871748578601198 0.03649500132243264 0.5003980638338337 0.3606887741962246 0.22837924124749537 0.0987064429714143 0.19542873918456113 0.32993522527248165 0.034863459173232976 0.04027956350874214 0.2586573705875473 0.10728434668172623 0.04273853407534462 0.10958619553401758 0.010379527571949768 0.17424531110303987 0.13513772544066144 0.13443052583352041 0.14370358400609828 0.22824799755425887 0.1488314762901982 0.2066665094204061 0.09029042537651658 0.031952319288196356 0.058574767067837326 0.09764369176041904 0.10836631909515386 0.126075543482496 0.03351742599825099 0.03004856279205217 0.030347272688629082 0.3991362031143097 0.17103267341997322 0.006409153116060706 0.0655536112202029 0.10152393401179764 0.14911144063874635 0.0796704004751652 0.13073865996926834 0.01913781160482281 0.08918294291485518 0.02726373522514242 0.2025470157249946 0.14249453057035755 0.15532562292327512 0.055439814334158954 0.0771204112886998 0.1160865149686879 0.023634850142409024 0.18808741049175992 0.1750810067633838 0.023784811078576423 0.042609958039892454 0.1289930736322978 0.009759180027336478 0.028646475083125837 0.024557981411984446 0.0028034618988275325 0.0479983549538665 0.01838702987734073 0.1185375851360218 0.005155293125490928 0.03624103519826439 0.04936273628839805 0.14722948504943362 0.13128449896252561 0.0778019232269623 0.21856817744434714 0.1772440971589947 0.3149428019391246 0.12142148822179724 0.15469432279535275 0.20821832010885333 0.11320464513478323 0.010519123056848548 0.12760468408233233 0.0009314393885890342 0.10164960171421644 0.11054883251696539 0.010335318158526743 0.14642584677180825 0.07475632867521306 0.025751217054420076 0.010961127848855792 0.06057104635505748 0.10760919682268391 0.18445720339192176 0.1681108906287113 0.15357731892785692 0.02707758345091583 0.20636966121358208 0.07042751423199674 0.02710640080530605 0.12786968362033338 0.061975928239033896 0.08196600115826373 0.0022947267810254756 0.03333457363884041 0.062365441110336206 0.0763899320938921 0.08605176926721385 0.006555879606822595 0.04272336816734379 0.02380372889462396 0.24730321060665064 0.0533009797179544 0.03149427751934685 0.1185608686499314 0.12277257890746664 0.013698220112363874 0.04548558854817938 0.04705677155215634 0.01770073194698475 0.14319097546459902 0.02056697706808001 0.05022053272468149 0.22917789828148433 0.03558059413439589 0.03624131965331567 0.018826616912086112 0.09280776825154258 0.09500983316779908 0.0759957399306511 0.055114328850250194 0.07384851167728493 0.16584308436204287 0.205751895151949 0.03211684136294526 0.011859180801386997 0.03177017187113826 0.007389870129911435 0.1581853390705476 0.09116579839782525 0.005241151642252867 0.01586291370132057 0.042686114548043066 0.09439377864510072 0.13158915223262485 0.10315239222745703 0.10761219572069586 0.0915806586926144 0.3046686934300198 0.2667689086848097 0.11763805569555641 0.11638037160909813 0.12961757423394152 0.12886115721524752 0.0721237873499039 0.000991961589458305 0.11306449177892984 0.0251860226469846 0.005204050388437625 0.11776500878273219 0.1656845208509154 0.23999574918096472 0.023491415152747278 0.16517822312106595 0.20501940228003504 0.04594691550903185 0.050748054905091884 0.08603043166536996 0.09248023510596928 0.09692713972095474 0.13515503680042332 0.3739365439398503 0.382067931731734 0.28747082902283183 0.17439925497130104 0.0697643053504181 0.28236591663922356 0.028735600385374597 0.025016180730873912 0.1870547280445517 0.21030330304852995 0.33922861911586144 0.3515358712903553 0.2057546147010621 0.1309647713172093 0.07198120778717809 0.04649904861058155 0.12924488780999238 0.09407029920300329 0.18718704648434648
0.3231110589548064 0.07373344199488421 0.017381132009207947 0.2241372139395008 0.15603810452193315 0.01144052632691826 0.071619178136572 0.18692304557815714 0.11325355107335842 0.323306870038172 0.16143264916590858 0.20365195505230504 0.19974460557796947 0.41927941090428233 0.5253014090783914 0.03165685175949853 0.06461253978864281 0.2537720224554865 0.0589116990817038 0.04669701063000815 0.04708780050238167 0.19526843430539653 0.19241424361660164 0.22773277091154015 0.05367216002115433 0.12086522683066547 0.22595284076461633 0.0862351622716157 0.18483456347729207 0.008148249712018156 0.07980880365322703 0.11578033501203647 0.270623595405656 0.01957031591135939 0.25972194409196686 0.01366587328309652 0.07706017506020146 0.2381985237005273 0.034318437981218634 0.14128555605620766 0.01537289161428991 0.06360547383069859 0.0762388081745976 0.21814764745198284 0.19035788822036503 0.07926331452024049 0.13676680698378882 0.03155758888464107 0.0018563181377373177 0.07218624004200716 0.19945977723552702 0.15599766409238647 0.079290659378254 0.1775714113859338 0.11608759445834926 0.17805681842580406 0.01179856097262308 0.08675915281485172 0.11690533517014723 0.19944216706997106 0.11024667015508459 0.01288753287364579 0.03606181865916654 0.08587310922181238 0.07761959189668266 0.05262244778558116 0.00048749300381951694 0.17041521264344292 0.27423159772622413 0.30138522612049623 0.18155242501264146 0.09892887824020077 0.009731977453709417 0.1000488025039958 0.20617657969707628 0.16876690010429202 0.05930094528148833 0.06524297706575091 0.035794350177399334 0.09775462229329293 0.1458251918845798 0.1324504168174004 0.07556447762039828 0.2333733932460485 0.26846457863699297 0.1864533692033866 0.12022168510000074 0.009383152908668216 0.04766877207381169 0.021973440908632937 0.035007960055455596 0.0455490886541592 0.04271552769965136 0.07209009368924388 0.02310061064135575 0.0012399738682835728 0.1337833067457134 0.10636017365353735 0.010330633620171564 0.08744841047019797 0.02158158131753477 0.13053667671563024 0.13125741297120186 0.18260352047344156 0.08988062959606541 0.07661854289821911 0.054885690025756585 0.013109040262990503 0.14194276392416522 0.009909312383100754 0.044328779279854874 0.05911207617888469 0.04799460657059039 0.0132577924931431 0.13062037153861406 0.1952905723301953 0.08362421026218585 0.11836846763646396 0.06987904740712893 0.16525318473827946 0.09603991548279313 0.07919873777352684 0.08116210143643528 0.0977729118410296 0.2032463322416415 0.03541642884877092 0.004326456079288548 0.12249772604189241 0.19306065158593605 0.008146534612760211 0.21223737464131331 0.2233035159514088 0.0013290619589274844 0.004389609779199098 0.14946000822560332 0.11702565017210224 0.04150363269775327 0.20190673466917852 0.0646489164609881 0.08607360302671081 0.11073769989316179 0.12247698118342212 0.20124512386532833 0.1360357859185297 0.10592986261848489 0.01568083796237499 0.1409748020809525 0.24731336567799064 0.2508664232026582 0.1267614266529996 0.09746538968869442 0.06003710318568584 0.0005384220230020016 0.09752793205448573 0.01153456478418371 0.10971021245054252 0.18591186070187957 0.06000927023292252 0.0800020759697928 0.06232111427932765 0.25174789785834345 0.04422397741810855 0.0805462539497952 0.030429150543951754 0.09606951398220107 0.08952026399512877 0.09859325223607913 0.04327750353415654 0.08505364933466428 0.0953055776016006 0.1901360595696579 0.04168827805541955 0.1756611031547481 0.210887379549453 0.012145951938414869 0.187720913204155 0.004934836243051998 0.06528724958837552 0.19418236893500765 0.1530119719398614 0.34972507135683534 0.010226799550514743 0.11630264442713785 0.2908461534087868 0.20678030664026392 0.0751835434796819 0.015263623189529582 0.11613805866406862 0.06332362006158578 0.16056624066047764 0.06839540187528696 0.17238742673504157 0.2288062749555383 NaN 0.5454186890588884 0.08939756690542927 0.06984743700718321 0.20900066062707184 0.1184268118065102 0.013031772324565566 0.006428900970234201 0.12319222091214242 0.07130197915728316 0.25342118183478524 0.06966834630161617 0.10945669280521464 0.23894487913526583 0.2688455299743893 0.21902734008006505 0.02519100795225978 0.17232889272234025 0.09968820400361102 0.09910918317509168 0.07863887309070158 0.014507715497219121 0.08369443521418864 0.11856532755199188 0.29708167859689893 0.039753612422279865 0.165627962076905 0.023742916369983002 0.06312885030232464 0.10672716593876559 0.1558809163571875 0.1982909245175286 0.20148936263845646 0.14442443148252376 0.09898011361442186 0.023733565185835734 0.08814802810268908 0.1531162667873764 0.10265856772913387 0.012174176517316778 0.04383583141950881 0.15266838448345743 0.10627568184057418 0.01000143791009446 0.009836996461551954 0.2259245650826414 0.13810252366565454 0.057369716040530004 0.0278166877427485 0.012774909047541609 0.09397617410243625 0.02406390999879964 0.07411357096814199 0.06202616881216572 0.12282327156357954 0.2198093575097856 0.23706169433441326 0.20332082611189295 0.17174440563366283 0.05429311429183175 0.11485171945719591 0.26166735540688985 0.2263977760643962 0.02453392140744145 0.02563532822183946 0.0001946727258523161 0.04335889759909345 0.053019757878521825 0.142208415750512 0.09140505078455319 0.27715531825338546 0.21248577294471419 0.3001355636294802 0.07471537564074666 0.0028270316187505628 0.2195748930575784 0.01577917922903981 0.035379427371789826 0.14687837061448808 0.014018122495907162 0.09522958684499326 0.0320043740528031 0.03214048608633178 0.1385660270863141 0.09689917954553486 0.08239260510936737 0.09388551468031603 0.03547445456370233 0.06076972258024439 0.1830791108535197 0.17886494347520335 0.15282955801177212 0.0246851421701853 0.12999313498045223 0.13305294864608244 0.007734649765336595 0.010626080254578984 0.09074598817690611 0.01896659591606637 0.003193059811198915 0.02042772805773871 0.019786283844895603 0.048100406590560904 0.10579256169629174 0.011838511002104646 0.0006671510980695807 0.07693125784031314 0.12333109752913123 0.034106087868269776 0.05691573254630388 0.11558085158819983 0.2577689128345053 0.015073616828940935 0.028868539925447932 0.17410515758657494 0.22483876503914843 0.018313232483240186 0.09209849207022441 0.1624337385024865 0.1039167661507521 0.021048604807586857 0.12478756949691196 0.05143648717285808 0.19555468314066907 0.08528729215030417 0.15444567328595268 0.0036120908962331984 0.1216000771656676 0.1222851273108984 0.3511424215570213 0.24474196123140388 0.15469457382110102 0.19508692424559446 0.08800758169028787 0.2967625859990926 0.2263109739782199 0.204386486436765 0.027141696598718353 0.1520998259033045 0.019604686552564584 0.006731659312945187 0.02028443047283855 0.04594306861319381 0.0060125955770106935 0.05063857594850029 0.052816749427025494 0.012304896344256229 0.04939294073174811 0.19877367454808859 0.059689046111941625 0.010952753824448195 0.050442497569021215 0.0382985896187324 0.07120956213243025 0.02296368794770915 0.08903095252458824 0.08047292296402002 0.07511896955205954 0.12088924979601173 0.10994241361608428 0.17138302348695394 0.11346934449762977 0.14915693588155338 0.011321359316618134 0.05354140483779137 0.07391714829046038 0.19352388336862195 0.3586681454162279 0.3029193278774902 0.15051676304763456 0.1068249012431501 0.005800388494700649 0.24876214195954324 0.12198684277803275 0.08051637942544697 0.037048775642581855 0.16668215191070151 0.2842109950179217 0.2500092556492722 0.12874973358138078 0.10515907604835079 0.03975161647945136 0.16913542719148214 0.10951683671182252 0.04550781742245675 0.1588173770231978
0.36770666832629445 0.28513093536639705 0.0947971212682632 0.19468447832930055 0.10391934752527833 0.16476539809355914 0.2829473962926924 0.42349862887469486 0.31703497395897 0.3921941447001864 0.22039550219528545 0.39967264237635514 0.1757453921981345 0.47657057098388866 0.8322734420332807 0.07354198975706813 0.1748971644051019 0.42122955317186395 0.0136827247746321 0.1445769958351306 0.2200595165866257 0.3981469482710245 0.37609752613041153 0.3210121890217817 0.07095055436211907 0.14349727136823126 0.2748290296240044 0.025402588886024497 0.2576330380699092 0.11216248739735427 0.10807506481305389 0.08772674452204883 0.28389968673215543 0.06775884120233187 0.40383970731638824 0.11740843061393688 0.04382741957384244 0.35051833721768577 0.06625070122389805 0.2596012054470964 0.06578752380692524 0.03730019590999209 0.07992004357512916 0.3081680065558101 0.2726979297649221 0.1621990567505119 0.3052955530076869 0.10954620203790984 0.09169038553933428 0.09493731055093302 0.45621644753246865 0.33279039205541966 0.2767161030063976 0.277842042422451 0.22597594651645728 0.2723710451279949 0.04531438658739739 0.11346013095895101 0.1600685400935023 0.31033211261501403 0.164232142609338 0.18539081167889387 0.10173707557227717 0.20517672473215387 0.04505967081126768 0.06863753152428875 0.04832781595915152 0.2261992442626949 0.3413026246090886 0.3699312925671488 0.2713093692584241 0.2347741130537245 0.059961791738719954 0.07136230442954596 0.39075347020104767 0.42387682262561555 0.029790846175006595 0.19206760956367386 0.05952581556506911 0.07520135906419985 0.2657729984681208 0.18569515912003579 0.10019540082194446 0.4029294849631307 0.36983655833166446 0.3098790486743721 0.24863815341838727 0.004460195469322134 0.13748505859030966 0.028544003205464893 0.054533823986171605 0.029132995974016918 0.017435679165747904 0.06286548092875995 0.01883983931298539 0.025325528373668242 0.23738164995551173 0.08206272866512161 0.020482446547907606 0.12722947308192567 0.06032925823714873 0.07496477583044561 0.1883300210509287 0.1197752426020943 0.1453117898078179 0.13580738451859048 0.010528100160462552 0.1019912577173724 0.0915806180084366 0.07797960067990364 0.08134009030647456 0.042391667707793075 0.02255925210257298 0.0065766665463975384 0.23075156083754558 0.3526327312930319 0.12357300913138876 0.1267336908436454 0.04268146043585878 0.16789977297039013 0.028246858675824386 0.048877490420613956 0.1379004663056586 0.1672225154331719 0.3053914167012198 0.04017514512619079 0.03234375046268721 0.18515658462732995 0.3140766601648693 0.06290005847407687 0.29977857384202894 0.36297848662783555 0.013153180187695512 0.022526421978150787 0.16217271124549373 0.09054224211817469 0.04484372338729399 0.37254377534172545 0.2066055186662231 0.036365364473864584 0.21788786766366183 0.14800660064144286 0.35780623058724387 0.2747489929004019 0.18158492893252706 0.1176399213232659 0.08515547495732048 0.4794416717984641 0.4313343364732675 0.26046874594708547 0.10103748170725707 0.04856111883893726 0.05442352288527484 0.10779019435014611 0.029114221870207947 0.3219960595536183 0.38810455230122315 0.2051103541673874 0.25516689312839863 0.13509077130303157 0.3696626510619405 0.03296340771333552 0.19102399480659973 0.10192595095402332 0.11933742468561169 0.17121323189375134 0.19170694050350512 0.11385812777474176 0.18939502966352167 0.10412784192098717 0.15828520231159912 0.022904586334280476 0.18927016663430152 0.26140984701363223 0.10235670707964259 0.25182139254401803 0.06425794082964048 0.05550585448499318 0.3259200431815334 0.3142993447214401 0.4109791031295855 0.09680576914926706 0.044480875195618885 0.33336692811226126 0.2195627690879337 0.009354009920376993 0.13134265594521397 0.32151037947500916 0.32923895398482333 0.17280800814910602 0.08239334978864205 0.3387584385214314 0.1934256824178688 0.5454186890588884 NaN 0.025839206995653483 0.16432272133645442 0.39049761959555207 0.05582075144676088 0.17094086262681848 0.10775537026782725 0.28674593598569537 0.22161591580151366 0.38681581423637157 0.1104576005482206 0.17850256449808138 0.2523958385248296 0.29913005248276725 0.2776355558005894 0.05792184729588357 0.2047920159666738 0.15289309842375 0.14310212358680185 0.047924601912270944 0.11569278309763231 0.03661015687453502 0.11322724558183603 0.45086928614607863 0.09291321551640257 0.3477771708508164 0.02729548877193047 0.060732674624412133 0.11806503015045204 0.19370875825029618 0.2954026533582886 0.23230153107327148 0.3503221591341877 0.021697921266020298 0.06725001636009538 0.12754772665970313 0.3462547160612066 0.2565693730505192 0.20214277365267527 0.1958425368084598 0.21631238668072303 0.11584081102902051 0.06034494263044504 0.061154637745503566 0.28346240469858425 0.14418337791233427 0.13095261988330037 0.059226556160045865 0.1489237280589882 0.20490467918195018 0.06356039733025799 0.036992464243538005 0.13170402285565852 0.18279660652210802 0.2037479839573472 0.2157533461804384 0.2836936592046431 0.2691160503655108 0.0373154036725535 0.14951620727706064 0.41704480224090995 0.273404326206962 0.14105226930526088 0.1063933612280977 0.05939114686162812 0.0037919747819445833 0.052265780882046274 0.11908711622967738 0.1425208631575461 0.41592047758475365 0.4009114637243513 0.44754330450290025 0.13835886568561512 0.06161521671047073 0.2996741521759386 0.16155506023945845 0.04601071291701409 0.25843099234818834 0.004126514262744163 0.07205051533542041 0.03496963639859331 0.02039142945402904 0.20430878515697198 0.09900358432546565 0.09748078462877185 0.14948757167085644 0.04459067727758437 0.029516935456574835 0.19173738445658087 0.24757482785387347 0.19069364387941004 0.03937345462298658 0.08743165083915035 0.12443607539284222 0.06192002587669148 0.001993419433748663 0.15040967258274388 0.025360012994299047 0.001555600274431048 0.09542283702051862 0.006779422487394143 0.2204400202717609 0.06876135459964702 0.06997867191194788 0.005467320931666697 0.09904902102883505 0.04904420712679519 0.004393241266208631 0.058882421768619776 0.1170962885171482 0.40462701288457875 0.05357529932367892 0.07684013623261639 0.24158701613711642 0.3591889252866498 0.12905453561604185 0.07476646713122541 0.26821751417464623 0.02756018153811674 0.02867468118152002 0.15450032490364232 0.13720561159585806 0.21672418797481677 0.19074060173674154 0.31102391181253575 0.059202940949762334 0.13321727355998075 0.15682725184035567 0.4866469894217793 0.4347441446062055 0.2517266208091714 0.21194453797956103 0.056192054510509695 0.4778423527959798 0.42256959487650436 0.3434722215418406 0.028500416100789235 0.2026726127829885 0.16505289345421792 0.09289353420782774 0.05512759916618071 0.15752794236829545 0.09582779877465765 0.16865914371019222 0.16613755447776055 0.053127436371757396 0.04454932151280037 0.2815159707891944 0.20193599422337244 0.08227493693062907 0.01098527932714019 0.11499249747320385 0.17000678016293508 0.009512130982089478 0.15394698842069568 0.03918237363196305 0.061193429868818885 0.007645627127144613 0.11784415877359018 0.1727200388938715 0.25132881218692354 0.178498494029157 0.03407432699978035 0.06558767978625712 0.21985363702150462 0.2888750385192064 0.3761446349974504 0.34152021272186806 0.1780571935503632 0.17561416857304527 0.054550282419666606 0.27555459564166657 0.24379966623574478 0.15654394118886253 0.04620780062072693 0.17254990027707717 0.27668353726614414 0.32703080804306184 0.24220641543316349 0.23052969171100943 0.04415565877774404 0.28777883799625154 0.17550061621127194 0.03386945720004231 0.20194053412249305
0.33621996940908394 0.07062925884828378 0.3503986543041518 0.4041138788781818 0.38218991529195423 0.3666147554169281 0.31554043938602133 0.18146000115192445 0.12433477003202771 0.17785016448573404 0.1388653529246053 0.036864440995610724 0.4694606142711485 0.10697607517049681 0.035116517464083515 0.2816680039337351 0.4142987490429703 0.049052508513436184 0.443334098446101 0.3929381869627272 0.18263246277648088 0.06525916273625855 0.0728052068608899 0.07075129068568145 0.06109718552783331 0.04315516369938228 0.14748763546479066 0.18989173110571408 0.030091860505473234 0.04766853427356425 0.050009570492131776 0.07093454095309486 0.047412913568155204 0.02211459230540521 0.04450331648956141 0.12599356764182867 0.041783758583450695 0.09191273604224433 0.03570420951653541 0.08083178575560104 0.058419354278809586 0.09275017645754778 0.014470380369941646 0.05897544861107448 0.021363077956327674 0.017789386637664287 0.11491099577892964 0.43372542357802457 0.24429767198537203 0.06768491046861183 0.1543409636004024 0.10379921464478585 0.1955306995521992 0.04022724946530491 0.03551292245572009 0.02005403489197886 0.11232030028501322 0.016647084113087716 0.06445985548557562 0.04874899073693716 0.03452642909820942 0.03240765780820133 0.09880906965862382 0.013079214404206601 0.008597520438847211 0.14432218829255136 0.10887307594636557 0.009608317968984734 0.029347692474805717 0.09569947656680756 0.007469671491277152 0.004733452615043142 0.04576648943875862 0.00954100273719367 0.08113847518149189 0.10524575004631559 0.15821626557035426 0.08420447234196252 0.0772467787345681 0.023315159641062153 0.1397135887683991 0.05058341259550688 0.006902507258554446 0.08320996237976769 0.09152863592117963 0.14047290243520102 0.08011295794212546 0.09901766324387216 0.07915076907682447 0.018111388557587458 0.05596324704311992 0.0012008499390398985 0.035523043546413065 0.1398495400706445 0.14648709820794004 0.11015362439229515 0.0019922761067475802 0.03433842834426043 0.0600059452560966 0.1357064432227999 0.03041584129224929 0.11389122805676904 0.053294405388124556 0.06916705400371892 0.048939427801696606 0.003632626768565249 0.061049757738505864 0.02311037783488263 0.028962817439910155 0.013365856901306043 0.08799468358995034 0.009121266754601946 0.005130464827205403 0.016132523937783808 0.008068237319832578 0.022027887016780955 0.02655291967556756 0.03543971276492606 0.08610326345312037 0.11897851797307916 0.14779860884982865 0.003949948197072372 0.029448757948734045 0.03815159372839881 0.051559339118294335 0.04147063841252287 0.051044009276994054 0.0022060247105747327 0.02691097161134469 0.10489327494565898 0.05486020368858197 0.03334460088421542 0.06974956912845952 0.012829962914296727 0.03162191482128027 0.014000241818717405 0.07364210020193629 0.15880048767899263 0.024125953521716415 0.16503914199390035 0.13312645809090545 0.11277811533456475 0.1282306362451266 0.035596313239810884 0.0517344395416459 0.028318559498400116 0.0697143417223999 0.043343062603017846 0.050880166035414745 0.08677414039953116 0.006329864378127884 0.25947284679989774 0.15040838281712243 0.16176584197884503 0.0003954622100117683 0.09914023056927032 0.06699110369065478 0.44602420478191657 0.27978245316636857 0.19097384001213213 0.0707268584232561 0.06653502361187044 0.14216541365595242 0.11262767356980881 0.026280295369982744 0.030682883436405826 0.04003389414409336 0.07357285912360598 0.009343425791814306 0.1476858397708144 0.18281807470785752 0.09805616129462934 0.04416952609141281 0.08236562693249341 0.12650334371299732 0.03390025209003126 0.022220257162184405 0.0038122241827450486 0.04043119769698564 0.016788502497961388 0.3128472741833552 0.2388800575984806 0.3207379730032065 0.3475992775356917 0.34462450985162163 0.3867746550742357 0.2411949105576038 0.18408274502923924 0.2226508633566779 0.24892145458945805 0.23423090058854432 0.02597983404321753 0.4842837004404297 0.08939756690542927 0.025839206995653483 NaN 0.42556711719480383 0.1383105044695411 0.4720397828640851 0.3358705344551609 0.2387134827972225 0.22481839114448118 0.13572136204279805 0.09626026421839828 0.05113461070302895 0.0703283228517483 0.14760719439099523 0.1168636862593912 0.07360238831671986 0.11122349261257176 0.09952106730512476 0.003826511274423938 0.022367010398693606 0.018641004193145242 0.025128806028691567 0.2009232529210914 0.13967716603235897 0.1088224495640414 0.04976897456456456 0.09517544527837254 0.021481584282915023 0.11374220808171874 0.13302855984309547 0.12047868154015207 0.0031409496541720964 0.13332605020092828 0.059298761016484486 0.37497885460209573 0.25081440809366945 0.06437553872250974 0.21797974401484566 0.09163624082444403 0.22920897117739833 0.1555151455177051 0.019261553531013303 0.11504630877149113 0.07019921045257117 0.004359296692012555 0.1165541219793872 0.10448251293783656 0.018038668649973263 0.04113237217579537 0.07773299135074886 0.021623878144624145 0.07927091658773434 0.09812047204172261 0.061102293747228684 0.014684789905863591 0.07225503208465398 0.13711891030485007 0.011674414590463165 0.0015169287905717932 0.016093080414680713 0.06812694821763189 0.0035217270108469623 0.0820716585252673 0.04073330504588521 0.00041987816579243934 0.023650647025484688 0.052632266533208474 0.12006054190876107 0.0844329333720693 0.04377461816010618 0.08993547588756282 0.053145917593612854 0.14293949502476946 0.002737646335117556 0.04736437643096067 0.05908801855009644 0.15363973377283738 0.06430822208680474 0.018240741607360764 0.020764602695830577 0.0016052759490031779 0.15165194434696622 0.08146704242194659 0.11267343602150759 0.06582958261287784 0.01673897426492032 0.035348537273982614 0.07269399222062892 0.09762992559510905 0.10203604473040748 0.02114318390587407 0.08822487030779967 0.018166504577553096 0.13496982642396874 0.03799720163710525 0.020098517873900077 0.11868068051613133 0.05771324411566062 0.05637414633803677 0.08867894779886307 0.019062048084835807 0.02382375137555541 0.07354512043297998 0.08126257492789919 0.0323201899303921 0.017655022248530487 0.014073575226080244 0.196719425437456 0.01001112903901985 0.03047619907498588 0.14423742674013781 0.07535990445060758 0.06033162979833588 0.12395219517356627 0.029786500425904604 0.026438007071903354 0.014617646976476632 0.056992807865433044 0.10552053713616369 0.10388121772271328 0.0044850763030033665 0.043944082961028835 0.05945089302914674 0.09357578848542629 0.26133624947588113 0.060108822219003995 0.04419528296240435 0.07884272232025977 0.19376898850892402 0.21146878466091446 0.06864476788094781 0.023370722292932463 0.16675640722595805 0.014733757035712731 0.010622870296610333 0.12527198325404296 0.025074161344414633 0.038691413582530865 0.13331540167130637 0.1994631878450196 0.20270738037271885 0.04411886112952925 0.10075121777462179 0.1953290901785529 0.4143667252922754 0.2778378862150634 0.1950930220476124 0.0019098127520062033 0.1008986958394808 0.21315237898521308 0.018095332988594 0.10897957527721579 0.011998561374520437 0.01472815312571138 0.0422608434791061 0.03355398434781269 0.131654628190102 0.09060579193248007 0.059679089070404666 0.08546677541229661 0.11172809233527498 0.010074398694826688 0.06523629793292735 0.07732010542557002 0.08616859131621679 0.010504410433432053 0.007316125636938387 0.09769322973032439 0.13412077467253725 0.13000641172121735 0.10105576616268647 0.01111712323009234 0.10184446351461277 0.03296392996094904 0.05487560453048736 0.042753396037644435 0.05097994544985734 0.08269554078975107 0.18234481192992413 0.11528569290922122 0.05301676504626754 0.05608805370229722 0.031887987370819396 0.1031705148509613 0.044098104478797584 0.049402375736844924
0.12111089887830742 0.12963309936030837 0.1708393318346687 0.1730458576512453 0.2295597424459136 0.3617994390593584 0.32171589312827903 0.2367303643455553 0.11771540791951919 0.0016525510894786688 0.27083934377278585 0.09337566640229869 0.2505309042390426 0.004901051318053745 0.1493147558794488 0.1951025013812603 0.5325994379123407 0.15727285919256165 0.37688904618921215 0.4115850616231798 0.18505161302996115 0.18235518495209493 0.17748864087308336 0.0776935065066748 0.07991666463767216 0.10603592855396378 0.021998537373822832 0.0958982127880423 0.0568446683347421 0.07786718362793076 0.03078675515848082 0.11635348150942063 0.030296535604790044 0.032792467605961974 0.023122911861361905 0.09003496930048852 0.0368341270749698 0.01654854059217416 0.0482661279913343 0.10975630275745286 0.04051031374785759 0.06288881788591091 0.0380504123918597 0.057691788888357166 0.1124578766168854 0.0012001188472330554 0.15082922527907466 0.3942787039963637 0.26351533224149304 0.1375585469742375 0.23975568772061231 0.127055870235673 0.184487497526915 0.08229674343155445 0.04429541033076847 0.0748918307280493 0.019994928973321408 0.0357966452228481 0.046827317024158245 0.07471559841350267 0.00359911545884546 0.006816483322866019 0.06820784401222513 0.0008394991045424889 0.03149531123457518 0.09358648807726806 0.13828215514403652 0.06908428849899882 0.1288835013107128 0.061855470867337864 0.13445082608719058 0.15575707014757723 0.035788164594690565 0.0953892155532525 0.18406287619034867 0.1346703775050453 0.06232970252167198 0.056238184019858264 0.0771296535343754 0.12321956127662477 0.19372674172849874 0.057068982648564755 0.03351668933028877 0.00879028013012105 0.03740654001541186 0.09317737117786164 0.090626210320346 0.05071558923439894 0.021189071790968513 0.003258154548630963 0.10450651573320265 0.0015694452602314482 0.07875016211864946 0.004348711302143403 0.15079939991536684 0.141120589221518 0.016416587585967982 0.12686788590506695 0.02581585572562393 0.06199158254725942 0.024363897202071435 0.023326476763387425 0.012608066605203793 0.06274532066469828 0.07556471285409422 0.052461565457890616 0.033479388739528125 0.02627769831553377 0.001442543292570963 0.03967577309155744 0.04501645354027531 0.03125898718211851 0.07066700347750267 0.05114928119738078 0.014425530744643382 0.1195466227379996 0.08119461680302295 0.05004949988071241 0.02626938917802966 0.10597539583902812 0.05063803565555037 0.030638830710007683 0.031678451656108886 0.059691741853141064 0.0680143720328791 0.039263729974471785 0.0891342524885811 0.0026505987270191104 0.11669234140415796 0.046494376913055434 0.012020650812691736 0.08759893295934738 0.08798890336554782 0.022290674361137002 0.02697354521135024 0.003927353788077106 0.08905845585785413 0.3072876859674335 0.08511097300361045 0.09561399313062165 0.11422661801486475 0.07149470182312373 0.09713221180361527 0.02240942480882981 0.0027935943877822546 0.14427070191126595 0.08604521558889944 0.16180934713452186 0.00855867639217931 0.12046278768030343 0.04877521419690577 0.27053415200238123 0.13035978870893555 0.17069808438679773 0.05103089356902494 0.17150371175805135 0.15571077885496692 0.5347631750823274 0.3038144234370826 0.16336638061119096 0.025901582408939344 0.046967839449364036 0.17568070072287734 0.09647473273775724 0.009166923122412629 0.057434306886839634 0.09343237372860924 0.0358342240801375 0.042013448739265526 0.06229138858125798 0.11497905463633733 0.03874840024507951 0.05479503142847008 0.06802239982258423 0.07355315867896807 0.012408251112335155 0.008828786514817132 0.05253304667003516 0.020870733391202576 0.042557757183225964 0.11494102499868572 0.17339643707066346 0.12001622926361978 0.12220826237831701 0.16045721522026107 0.3812111215121554 0.2566405607932169 0.22027896727430912 0.24820322769762476 0.19556148124665096 0.20418466245532851 0.15251735952900572 0.22871748578601198 0.06984743700718321 0.16432272133645442 0.42556711719480383 NaN 0.22953374111415542 0.40278741398680507 0.43649877642510604 0.2943794319685235 0.2916655957830096 0.1336936240235524 0.0028799215315721137 0.007851466235142221 0.053473401270438196 0.04437846761885269 0.0014534298574979457 0.06722586430169242 0.0974187956074563 0.010783859703534626 0.061599623015228144 0.017585154404108815 0.014518180750019125 0.0680883562640669 0.08753471551043529 0.033792694325822936 0.06605949329468938 0.023494154033028618 0.16518366005591553 0.012606376100927312 0.12774995828206975 0.058535623647381956 0.026128611824613533 0.08718606892284571 0.07478175727113459 0.18848303963939325 0.3651217237323685 0.36849067353454495 0.14415421720162278 0.26221806654368107 0.12709192189411045 0.20519156719371903 0.17197314373136968 0.05202118061245607 0.09775651875585538 0.003607672900778836 0.04881730256326388 0.021284769791972344 0.01827222323047823 0.020006765267391854 0.023745238741098452 0.13506643703762214 0.030911970193789624 0.01837497121945393 0.065599754505186 0.12663497706830132 0.07481794385179512 0.07749055733403458 0.00023633329778154422 0.09946048047431033 0.04273250999047105 0.09593241450186625 0.04712388607749432 0.12664032256604682 0.061341033293697854 0.017972773680518864 0.046089340086056085 0.015819894692366148 0.09580859864447716 0.10948925300152819 0.005371929413278893 0.016631135913846486 0.010997445157624125 0.0013571193285512849 0.07098381620673583 0.07975186156392443 0.08553288979193005 0.011097108454713766 0.021539639195285964 0.011326820211744066 0.025617847528847923 0.030510868982171886 0.07116686597216398 0.1598890063219957 0.14074729642630268 0.07587603254535949 0.017133108165331208 0.0488061557540976 0.0455229386633326 0.020937824379574276 0.010319540145234564 0.009432498794854102 0.06316477079850404 0.03618387246863519 0.022406953895371638 0.05701256554847701 0.003079287790618159 0.03841539877858493 0.008521403422981279 0.044507634904794154 0.018726045460691704 0.0026336089796379267 0.019689965375456645 0.04885182897389639 0.08922424933636207 0.07981865254475216 0.00026573144708801316 0.00601616340806706 0.028131682218740107 0.11552047539251534 0.02472332649832672 0.006882783448498555 0.050706085461587544 0.07205589870550137 0.1024792150218635 0.16620614266543124 0.01889745221813251 0.09383316723298851 0.046648673144988995 0.019669275485655478 0.07761694313502988 0.07991735118963841 0.012477128928308554 0.09084690404766782 0.10587621870536748 0.037941370594883554 0.34043657838972113 0.029499384321198547 0.034885944250101455 0.05793168821609885 0.09534954119212469 0.13362251856027524 0.15219921410666448 0.06735074465956067 0.18451463302202487 0.10588256288729257 0.15915649316267008 0.12987529058250563 0.10227225506339219 0.0014781887366612974 0.16973816346389578 0.1846712865684022 0.20954668145094335 0.007929925994198889 0.11173737274174325 0.2467861186089538 0.5732546534616394 0.35666759222495587 0.16303366842543177 0.05533671504273209 0.008532820811829888 0.3023089064979389 0.05205321478470253 0.024437304845133498 0.042602806835995 0.11383117634460214 0.009460539311180047 0.05845304373487808 0.12132431497994894 0.15630449453502626 0.048059434053295436 0.02695163856652202 0.02883546329690915 0.004014232503880304 0.01638748223822894 0.03152649801003822 0.0435657270613727 0.020096285911622526 0.04757793379335338 0.01939075482969738 0.030457796813309086 0.10521833590267404 0.1325826437331027 0.041704897678530056 0.014007302175477005 0.11620762695302761 0.06933073301766296 0.043277738133956155 0.03012940328827653 0.045824822311185974 0.03555002837206646 0.05755186557092793 0.007177270019023159 0.05203635792118658 0.1407599149828576 0.02755799176247638 0.03248940183016353 0.046059985802115594
0.06162535734872598 0.40017472534483345 0.1897029712484951 0.0924942209360166 0.1597637728989426 0.4485175065995415 0.5025556338654149 0.48606888378147767 0.26428340757887203 0.08547146642596012 0.4834832618285481 0.4797355059522241 0.0710717479883399 0.11382097080368839 0.2627982196089763 0.032293861412846195 0.25317716644716753 0.6345938220464569 0.1411194459402406 0.4367739614423101 0.4300496066236437 0.7158070597068192 0.4602818222336774 0.22677808438931615 0.14442571208160282 0.25878893474979675 0.14032117143869616 0.33004537222142694 0.08147628653462796 0.2517907385534012 0.016122499037763742 0.07631990160934539 0.0035915847142882406 0.20405243376919208 0.0405062331798033 0.25394526311124965 0.0614598541017472 0.1470022604797858 0.10479278848554446 0.2653992274089528 0.14460418521929647 0.004315679793727482 0.07959965237654162 0.03546193104933762 0.12310918490857072 0.12386965545333026 0.39497102138018914 0.308705202099549 0.18161389161244493 0.20559766890188552 0.48144724087330854 0.36144689261535207 0.30783462269398354 0.27357030963528656 0.15458150177417862 0.21869069631459612 0.11429162985421525 0.06457549581891725 0.16788125852064092 0.23553052698655444 0.046274741233623094 0.08146294655132105 0.14757437753317737 0.053740247017065604 0.08984588660953134 0.22569200122383742 0.38453957560978097 0.29673203246332863 0.3298944847610112 0.27098261383321093 0.3368075546747684 0.24221563091603185 0.2911004921926525 0.26484153066483923 0.44845862350872895 0.40060637796639276 0.23727321665395396 0.0032243201464026367 0.2780233654932806 0.18478852218496009 0.47444950722850554 0.02039001364343722 0.22200808394155497 0.00863634267374076 0.1745830944786177 0.0374166916597172 0.1422843203442572 0.023993532727459292 0.16874837940542492 0.007181135149186427 0.1478446068004586 0.011977922706767829 0.05605760019519446 0.10952875889563828 0.2979823542113104 0.15028288060684175 0.010396488492832623 0.13998202975663934 0.07303442918506427 0.06127527657461353 0.045025384270783855 0.043082454520689296 0.11632288182944855 0.104371123381364 0.19244049425693396 0.0938109890202095 0.02671986770327398 0.006050229887803258 0.05404107327243771 0.12067358284547014 0.021653438904129546 0.10488881360179597 0.003533531248547972 0.003512948205271225 0.10310394167188562 0.3521258891805639 0.2664708556362357 0.07255454954557364 0.0037028692404847035 0.10541207731383348 0.08913871859754913 0.04473196949779036 0.16456139784818377 0.1837059038329816 0.41594386337241496 0.0694692928708551 0.0325728979208385 0.2232946815804967 0.40234263814580795 0.10532882800883536 0.18642390291909974 0.35098486712116617 0.13074642732090677 0.053140814539840084 0.058034365496616766 0.17170367675010811 0.3380158436502457 0.6212528011931001 0.48924843764007525 0.2639416494282581 0.3635723689985896 0.09133973605260892 0.17483026896678686 0.00018835097331318466 0.10597883023097979 0.004535713773798583 0.07289059392592662 0.2345880909891043 0.02963900451316071 0.44995043465431617 0.14545305341877438 0.08246526941180558 0.09216841939061404 0.16709712061485893 0.0466957512109537 0.5141069202158776 0.5786541140170102 0.35195003013526843 0.43296228180576557 0.21012646119075484 0.08448579595657094 0.09977376031563759 0.2807848299496117 0.23110715606656448 0.15900080044819426 0.12741925709019847 0.16446845488460576 0.09359856606296445 0.05110981678449904 0.19014223374484066 0.12257505180027999 0.025259254959420163 0.08928654078264399 0.20817004144552653 0.1304343604844727 0.23916795239084013 0.023836297156007002 0.028260172309926872 0.13458138035364164 0.1803307868233227 0.06706032752488364 0.2968587293223962 0.10844918089618143 0.012028747556551719 0.04871123131079275 0.35987596639309494 0.5078914638566626 0.34392256603939436 0.3974864631400302 0.07623787410651497 0.27135290723387245 0.43831046353588915 0.03649500132243264 0.20900066062707184 0.39049761959555207 0.1383105044695411 0.22953374111415542 NaN 0.13937870127007215 0.45644582668655165 0.39662114128700593 0.6509389271034011 0.3761005787259247 0.19873465084061304 0.09318382799616834 0.19735793590006448 0.10341499062220535 0.1484617873881216 0.07673794432058129 0.204805684679167 0.07644875883274019 0.01408718961556691 0.04841396617859695 0.09930725778160238 0.20808437663322948 0.1827661501513003 0.012877473594399919 0.1995339926692549 0.1661493996165929 0.3399279021243208 0.049570885365852545 0.08465875832870869 0.10780576141875237 0.023339474559332822 0.196973418750436 0.03237761015319645 0.4232247272677401 0.15433013612122792 0.18148637795703199 0.12508039296712803 0.33206185629594676 0.24551513465153835 0.2940298936495062 0.2738207634164288 0.12837267302153632 0.21146263925716474 0.13532703815555022 0.005216828381141881 0.0750678591145983 0.03107701835675094 0.013324744832942869 0.042596831148749896 0.11910283633079595 0.021692190292462207 0.01634328302860404 0.09862184816170978 0.25081481020444796 0.157064533618024 0.1808625254072297 0.11627896836589194 0.23887662416471353 0.27302024579046663 0.1745310400254329 0.0878410325822311 0.3863898683233731 0.1660747083115452 0.1506417716350214 0.010078429946606083 0.0667326653282825 0.043229219605974215 0.205314960640182 0.07406756025891748 0.1002518834828869 0.058172379683377066 0.1586088873205524 0.0888757232180917 0.18501926907005598 0.07503312245547636 0.015830689204743623 0.1742522376160226 0.050517665455319646 0.136122033114236 0.008179893868896998 0.009340590764565644 0.2630767217361219 0.14450415188980825 0.010891607423031403 0.0603140661744411 0.09982078813235765 0.08920146317549812 0.005704066785688528 9.433138826727768e-07 0.07940877928688228 0.17423004242142887 0.1545941295143383 0.04100772786377575 0.00981223881175465 0.054622964753645795 0.015525971981890891 0.11073549211060728 0.010962429699208397 0.10854908557374064 0.01995793647008305 0.12593039974085676 0.09887601998416727 0.41739166235450403 0.2113151346484042 0.1876583467058112 0.03176238206849746 0.13404174044726433 0.1553874830401672 0.14842498805142854 0.0893977864097425 0.043644805591359415 0.39699781868009265 0.04245830324025689 0.025801214275010163 0.2861544974541098 0.3950574813454511 0.1728086688254544 0.11534307100886264 0.16443302590948905 0.03879941845713962 0.050659207027320255 0.2906185760597095 0.3933032778750393 0.04211637132760715 0.5874133429759647 0.4175499593530918 0.28341434786316927 0.20466908118678742 0.026109973822398505 0.25927408743762703 0.16477909486200196 0.011483346486192599 0.06156285042375173 0.032177441120579166 0.18597189771237435 0.1595156012138626 0.3211707240758828 0.0873106482583021 0.2198192846419251 0.3049365377540466 0.08138623192066774 0.025409717027573327 0.3044140783965716 0.3621649306497804 0.36130236290030243 0.3429214814218 0.19344479675042384 0.12355853793003328 0.10301706967437275 0.46409234379993236 0.13919385088614644 0.03843052643616918 0.05254407223761963 0.1555949427954065 0.10895346054512654 0.04120121716045051 0.18161231232272718 0.060930709541699116 0.048459921671280284 0.018187568017680983 0.1147233003245766 0.16841365555033327 0.18222762823310149 0.08006135602064751 0.04631733293274984 0.11296204079045977 0.09588940264985638 0.03477153745089512 0.07197932595072257 0.10255162877403992 0.013818652015221112 0.01117830587828782 0.045109368123511774 0.313158451778931 0.1985663479647592 0.10701970625000727 0.10094765160107322 0.035051431557578276 0.05233440413178613 0.06761823591091012 0.11685634485771745 0.00021633067220947137 0.24011882113682456 0.06533103338897321 0.024529832596818263 0.03690110871661544
0.5444687216888731 0.2425530631354565 0.2656787240021601 0.553793226583468 0.6209503315792263 0.6159443887218571 0.4405874294625866 0.15774669527176283 0.15759190077481455 0.328149836379969 0.26779398701452956 0.039240547196718295 0.5192262309691609 0.21258557191729682 0.10795730535269574 0.206944255208069 0.4116526337150443 0.10261607253443605 0.5687756762391462 0.5595749437703086 0.33808788384018007 0.12409301169169484 0.15683051589395786 0.11647120887864675 0.17810976101565007 0.019040384148634685 0.2343653934330567 0.30153564646159076 0.06458406743341717 0.06457522533210336 0.06214632550608344 0.08987431190588295 0.13738741006096905 0.08139365687066093 0.10006232693752186 0.18333218550096217 0.028013471488013128 0.09947856733869423 0.06834993268919397 0.02224131413503519 0.10084054549496192 0.0889940088183946 0.06899833584023882 0.13084281773893222 0.11939561762166807 0.09592554168715868 0.08318279607410452 0.5695196878439012 0.22746583267049927 0.2277784542537526 0.19664832729470136 0.17018917480604653 0.22433772718256184 0.05275119748159664 0.11493330896894433 0.007843652596930938 0.060345010986319565 0.039908189132774476 0.12458445803686252 0.10741609374631922 0.06591006927182727 0.0467117496181536 0.00549731787229008 0.004197329336196809 0.005965039426241343 0.22794319652670716 0.15639275759965646 0.03528910162328292 0.015352888313088404 0.060482052506540644 0.007090339132569838 0.023432447640391603 0.1623245277073579 0.15826050435817254 0.04792014990648933 0.13989748112149727 0.20294038987847907 0.015075857123537545 0.21650539546833447 0.05869392839518586 0.23232116402147895 0.0855596534255438 0.11192033792962422 0.15378804238217825 0.1654609040555198 0.2567435539564974 0.17734332960916918 0.03179054435937408 0.058980622477738956 0.008683980983056864 0.14427407507628626 0.058384192197004595 0.13803393805871378 0.10701445729367218 0.19032939182476555 0.07711070631749953 0.061047942158500255 0.009335214774519459 0.09419278823008939 0.10738531402451448 0.001002751862819559 0.15079616051737535 0.08772020283564062 0.12203834623091392 0.07811130297046735 0.0441786559713054 0.09520417387636913 0.07567628903619922 0.03439567324688452 0.003504766300903635 0.05206104376051322 0.02635718760757106 0.06215399657286062 0.06504921369526327 0.043841913881365 0.06633446340342622 0.00793820174658367 0.0861978687386189 0.01449894868324724 0.059228233466325546 0.1900220182796346 0.05875416450269781 0.009862920184374327 0.0835505506185528 0.06893707493177922 0.052334977785551864 0.008752188125918207 0.05529634992910513 0.008512122504874759 0.1690982336969089 0.1133041656904482 0.04241599352033559 0.10073121164254616 0.0010986435898694565 0.05381155591254445 0.009902398829440563 0.06402076646010862 0.17902956707420234 0.09767672954897245 0.35864344786848756 0.19278455098843955 0.0905980097438038 0.15889913136592532 0.03993523884077241 0.058023472631931125 0.019764129750945023 0.08289964372650221 0.02731731779819033 0.13918629288614653 0.09391789373664473 0.016230789560471758 0.24189165855853503 0.19424494596284458 0.24757523047506674 0.03184410816870302 0.23732572116800332 0.0761620075393556 0.5584508401059619 0.3366173735708813 0.22319502116615592 0.16216848644732634 0.09108563234884 0.1685495749131014 0.09940169194229288 0.05948410419816774 0.01842133076483526 0.04166642189604528 0.07873237292652524 0.16311568992516662 0.2448149803665339 0.22518737327288593 0.09980271127126934 0.13682173014219307 0.16960428888076348 0.16863652355417094 0.07894375517063525 0.0055724984266904655 0.028189232271030287 0.17478992399883783 0.1456656069444991 0.549987604163036 0.3685196896795097 0.23217038966525969 0.4898512056221773 0.5315160756338496 0.6921031919353293 0.42915005803327316 0.2208603954950892 0.29588740658155493 0.40714881586726326 0.2811243420838768 0.03329262220217886 0.5003980638338337 0.1184268118065102 0.05582075144676088 0.4720397828640851 0.40278741398680507 0.13937870127007215 NaN 0.41991934141851117 0.4876604157611054 0.26716975278805133 0.2450371664709102 0.17717535641405435 0.08553208067110146 0.120308918712271 0.22756155896972136 0.16535166371103016 0.06677808531931372 0.06752572638934283 0.06287982512832564 0.025211836942333393 0.08765779675064297 0.011718641616299201 0.04064894348312382 0.2612219102795381 0.126932560103296 0.11002695222212275 0.08178958172240086 0.07995408671185669 0.06737598007818621 0.19288325904035786 0.12510789780909531 0.04473370457439786 0.08910536345959189 0.02967881291449948 0.00953410781908093 0.5220982172191422 0.2406708324531714 0.05608026676356776 0.2544116933963076 0.11867237305829509 0.29504425508634335 0.12086078661646861 0.05992325541059229 0.08193378237456429 0.03394344720741832 0.07264318318822792 0.18383536293981817 0.16665938812892156 0.02697903051444888 0.0951028472842857 0.05574680062931479 0.05100669644174409 0.05405139059434992 0.07612669813877808 0.06429361149397485 0.07615916819650226 0.1289742888563986 0.17789888399861384 0.09277067725464522 0.05722893233090288 0.014307684832575124 0.10562536376932118 0.00793970034827189 0.1584750745035176 0.01639244376855805 0.07176091909270192 0.032039053346164165 0.01318758099165219 0.19062394988141604 0.10379577223012501 0.03379288565766298 0.1810755584320457 0.12418378161428864 0.19616221221637292 0.0018681272894223572 0.09153336943253268 0.10787963316028146 0.15103869230891565 0.08005252514049997 0.0967338486561631 0.044558843583459844 0.009639660143080448 0.188536851106666 0.009556307972039685 0.10956638838581385 0.18195309022919012 0.062039138570209845 0.07511547873414033 0.05065811953054115 0.10651589420418205 0.09894840610142702 0.08333683571690106 0.1527553996269538 0.0967360703107792 0.20015807096393307 0.13235755950559833 0.0252736821434849 0.029796729720189895 0.10349277008862513 0.06090696934174146 0.04867936135946303 0.010552378260843176 0.006554309435522236 0.06943016883544868 0.04466035907873271 0.0064734432969883755 0.02404520328700261 0.011118371433579988 0.22805383653155542 0.01454137280163647 0.038110226068946526 0.17660599565040663 0.08158173729165306 0.08449119958575076 0.14833070587231048 0.02087861378179003 0.01813666952441977 0.004546536783165652 0.012996456609109279 0.09676390570679522 0.08849832393985826 0.004920481014139423 0.042900332395584495 0.035377466516154844 0.014293387450139198 0.24411113004901647 0.00900475748104544 0.06301569177217022 0.06288077428991413 0.2505715620479313 0.2338208548121123 0.05597310524282123 0.013344658234317441 0.29667943129212493 0.008613201897241352 0.07356499550706685 0.12033991586841798 0.10865526918753718 0.10149008617228374 0.025550252832409408 0.2209157491805252 0.27368449143857515 0.004384963575875336 0.27494712610463845 0.23249695398979345 0.4989481533267201 0.2934872266706359 0.15618309436102296 0.02261614053852677 0.007222987405854291 0.2780787914436951 0.013548200371418287 0.06355355895937619 0.07045729942043034 0.02137163026195085 0.01706590281558109 0.09830038467843884 0.17095593562999165 0.11507854145583495 0.061162861137675155 0.14259418949245517 0.1337215251692908 0.008919452459247008 0.10672742877342765 0.0458872446489098 0.09732274301825047 0.08085070623002248 0.07669118015859248 0.0694199000275579 0.17276216319761045 0.159337978199155 0.14215340036339622 0.026051554341385213 0.07445520054197907 0.0033752420593319813 0.01580272464296491 0.059220624004638234 0.08449095018974136 0.03530112520012085 0.1946780800938597 0.09256182761437746 0.00716478112673525 0.030412827465841962 0.03232615144609157 0.0875707538398544 0.0667106898250826 0.12380702744345443
0.2728013495732535 0.3073313112239396 0.26347537839072277 0.4057531688146016 0.46397345160121406 0.6078419313538904 0.5025797047005611 0.309547831982746 0.12925933941483936 0.08768205543772153 0.2988592259998683 0.16895017239302182 0.32132788391146344 0.003905403765113348 0.11992946481536053 0.12604979197961302 0.40475672667078066 0.3506414266208848 0.41450479481384706 0.6878578891848263 0.4312780260724003 0.4443058772005784 0.37233722673477365 0.04443726875869879 0.1602178761259827 0.1338964443996535 0.0918514271258439 0.33366293242006595 0.022011609723699067 0.13390997041216146 0.045602606968750514 0.1373790028800749 0.03844980299710513 0.10784159331385133 0.031263628296660705 0.1688384585233699 0.026297464596544928 0.06827549902940043 0.06234056358286536 0.11697145535141251 0.15097250101778872 0.09790885703933436 0.032785834117324955 0.1414987348335605 0.1689056890738991 0.1522923546211739 0.22581477842594525 0.44940090693102236 0.2399771015967682 0.03577023583976872 0.2991175235279875 0.21169048689580952 0.23809781461960305 0.030844031664990872 0.04328398306751575 0.0719136126379642 0.1480451179995572 0.021242690121995932 0.05340509581326352 0.0624067796908519 0.03125793248499012 0.004971546165628425 0.10678648902095415 0.04954881199269718 0.00033988192062112273 0.1330143701881363 0.26624389626208783 0.09055262382735078 0.1856492923095151 0.06942019845503225 0.26017631191998336 0.16847761154901875 0.09135680286150019 0.19357997595621407 0.24936046071828774 0.28224652306577835 0.19486078710232574 0.004487130092836253 0.13623383125328542 0.08335649072341514 0.23864361556969296 0.053349909430040164 0.15476870569077977 0.20955001114499977 0.04928949628182137 0.2671651738650598 0.25196721465597627 0.023796584997022925 0.0023283416551940486 0.018252377453717158 0.21425455834196483 0.041731872350410155 0.07906846134697851 0.040219364656448264 0.16154587295246664 0.07348333224043474 0.018854671720726572 0.12962537350158004 0.03517344184292709 0.09829314973863433 0.007592379388673392 0.03559190784961987 0.042298914763640685 0.017030083397860784 0.13822834915108834 0.061703153568816456 0.046363332492983605 0.06498333492982895 0.05608422956203875 0.0998971703065757 0.027408928005797598 0.10179330770836684 0.042547830011577706 0.050126731643942005 0.047616301228287077 0.12726354412181773 0.06865543920226494 0.0034689717415323155 0.02916920194835547 0.02505064623804639 0.18260515367914001 0.008422429914181895 0.12088448443791926 0.0691345541181002 0.13765597901505272 0.03947555416011624 0.022256365604583744 0.11629067941838567 0.195813724679878 0.16153611143471325 0.06097365472956662 0.13047265323988466 0.107088324570971 0.015935774911287573 0.05952323469784294 0.08631762711927429 0.2186626734254656 0.47187918468558454 0.3091725630161175 0.2558264600723956 0.24446712172485624 0.005870400209048555 0.04333460751534235 0.03937236462052537 0.013363558151732832 0.007163572039287276 0.0007040513070939007 0.050652849487374606 0.1270557160275943 0.24911106877324285 0.005897032534067457 0.2098651795921262 0.16882958941190632 0.1912046744989329 0.02541283880617086 0.4254237165323618 0.39705896123701484 0.6014163178804084 0.5431479600439086 0.22831623252846664 0.005992175273022963 0.14433846886224463 0.1856090925240822 0.19283081743294334 0.0546203681927586 0.07444024539223545 0.08649258040518618 0.06810280992921508 0.07521472435521741 0.17454315600735149 0.2591574043665636 0.09015938966310716 0.01985897554836946 0.059953801734465954 0.10634957765543743 0.037285623794453715 0.006913945855512134 0.015391937378192486 0.10349499419299799 0.01774868090630287 0.2758073721170794 0.35576143598011034 0.24871176517991853 0.34904551138752044 0.3977632076380757 0.6518857584733606 0.5405179664324873 0.24016617335094834 0.28051343159403713 0.2589038623424794 0.23717868703026468 0.21509757583876254 0.3606887741962246 0.013031772324565566 0.17094086262681848 0.3358705344551609 0.43649877642510604 0.45644582668655165 0.41991934141851117 NaN 0.5561540400794366 0.47419913558263976 0.36476264628342925 0.021803805530296306 0.002872244588880618 0.07596425207120906 0.12803593233327779 0.040888563268619074 0.003242548623452789 0.12792449505526032 0.035193044470708805 0.11055036760761619 0.008967206776403155 0.027832567160160585 0.14583833533795673 0.2160956645767806 0.029361040886524564 0.019938978539068952 0.06109887112355387 0.21561798182639172 0.002141608044940111 0.182263713008436 0.171192183967275 0.07640380021519481 0.16498649621688555 0.0067864790309420915 0.23295250641047333 0.34185226810987246 0.19956741741235118 0.06796585614848885 0.2638417906445681 0.11427387233282071 0.2690131833022118 0.18743150078956805 0.016710930313977065 0.07354856226050252 0.04507519061097195 0.07748487566736104 0.01924927778220214 0.06993330241639618 0.039513042355671116 0.11075244975262075 0.020398571327996932 0.016816224493606063 0.014210223159766694 0.06340085948319192 0.2023815404955517 0.06575017562017198 0.1129188234430159 0.03871944668109978 0.11970779362606318 0.10029041232786884 0.06707014479661205 0.06516740355774778 0.18922996347453006 0.09646628206837617 0.06734934374415825 0.00886113567824547 0.023682177461485748 0.04704521253470698 0.16943527940973746 0.11384385970115918 0.10088938113088676 0.09173041868727137 0.022125481511032982 0.143838578005272 0.14342954796449714 0.12609221392316391 0.07588782355329039 0.09004071226905395 0.06829529225342952 0.037406818222093276 0.057587423208725466 0.07556639444556455 0.24815535525087845 0.13372968733630156 0.060290316364880484 0.0351501320032114 0.027309343825901073 0.09707536290502992 0.0023879828519593528 0.0038459463297163673 0.051504968161037314 0.06593314674157673 0.040277228433143276 0.0072623178374099555 0.14737294058741038 0.07981937173417486 0.02809541975776345 0.07371572519887425 0.10538075529294123 0.1164160464204256 0.020625193078847595 0.07147465869755926 0.031071943270805424 0.20214420127466562 0.13892409560696806 0.09192158927858891 0.0072018014469138565 0.044984436609744896 0.22298253718106484 0.0762377526708886 0.008006396248988721 0.07539346062543953 0.0792763687677414 0.041776066468500746 0.05016727133953819 0.12733899195991244 0.19563479114379678 0.1865841561612851 0.08439911890652267 0.06507908600886331 0.06672381995188437 0.08455439073148882 0.09869288968087914 0.15053046317611563 0.038948975973234115 0.4945860409548839 0.19561467796800608 0.14805377666915098 0.13524056721695007 0.13057149440862578 0.0024760641835691113 0.10874578849375131 0.05277083664388785 0.038355381835291635 0.06689758304633318 0.038118980627479045 0.03222729915657346 0.18115556703840416 0.005076215646806163 0.209427488122278 0.2522637466702046 0.21924243961433784 0.008539030587398232 0.32697528563330946 0.33530429103372733 0.6384343245694356 0.5796879121856077 0.2053750036062505 0.08747065771436033 0.017014633440921318 0.4341181994242253 0.14207783883605576 0.024567322352482546 0.09003719246186889 0.08442813209205674 0.08701747266888245 0.027969856142309405 0.14880532932129778 0.22136081655170683 0.027194278656197512 0.032749510239949174 0.019018989412400215 0.034449656879053075 0.06101970689972612 0.093993591464924 0.05268752092241685 0.0008852719815367479 0.02447365122968201 0.08620127477232355 0.12845445629641017 0.1930532840726717 0.13727125181553465 0.011196549734723601 0.026476209644080918 0.11187929179036535 0.09419443697504144 0.1485707360370444 0.00010866053978094429 0.05421193143252713 0.06402963625301879 0.06481441293288091 0.0009461887445060633 0.04776027970585992 0.08403785130287825 0.02154929780888873 0.023667484707607076 0.07790078358606675
0.3261529885616392 0.6319630355629419 0.24022140971189113 0.4045432510728123 0.539507695182682 0.7303415650383797 0.5457291484531339 0.3759215287658237 0.3667005664688809 0.1858610701289611 0.39785202115707186 0.17872166155031408 0.2798717886892837 0.05530191453192874 0.07622892294093303 0.08085232760595319 0.31440952162100677 0.3941670635156057 0.4609208354818795 0.6521060317541482 0.5917041982751461 0.47039388724617104 0.568023249302519 0.03890720982556074 0.2195503535558692 0.0681057005771741 0.16024334063541457 0.4152856432800823 0.09944151887579335 0.23463651091528892 0.08568847155637542 0.1510909843390852 0.08299834089225214 0.10983475480523593 0.062030742034363984 0.21583461828969264 0.03813160281834988 0.11531293664248897 0.20092226174387937 0.19790588745291926 0.17940414975422367 0.044906900610940485 0.08766732453936336 0.12097793799865013 0.13310284969895114 0.07629568004334915 0.29275090016593913 0.4989757885489566 0.21942787715861672 0.06337824585486042 0.46297530214464355 0.3201709956838362 0.422049384788319 0.1209935212429058 0.002649566992362359 0.16049961001544327 0.10912737996281041 0.005292377445748263 0.05066757772173299 0.004706675157584366 0.04328999681594552 0.1165791718127147 0.04546005949726145 0.0027768604284113133 0.049576144577192505 0.2346901977111458 0.2860197462395288 0.17274303126743995 0.10501812773461938 0.06357266871791874 0.15856511164649853 0.09689019574552668 0.21628410391447886 0.21757498424954383 0.08882023463094993 0.23213605002121204 0.22805180403274106 0.0032448902118379086 0.22303746270139468 0.09237838734349768 0.31265749688648303 0.020588676409386945 0.2771191759307999 0.19946836126173165 0.010893864715145229 0.23417478213158152 0.15938850813647576 0.08639262055042114 0.060334036145150254 0.11269105275832071 0.23832207437001665 0.02576332176306289 0.151892996734349 0.022932604623116155 0.23311314206724193 0.15039277579339483 0.17655135813472436 0.12795459477747026 0.12755513698706206 0.20911262243305606 0.04423921561337832 0.13811340364359787 0.054545364702238044 0.0666373856807161 0.0712047889906237 0.13781651187906643 0.0531430800315787 0.16476127224252063 0.10380694264529373 0.06804071459988674 0.0688570034313112 0.06473038931711275 0.06296418571739104 0.16112722290067097 0.1502544345616992 0.18639109812572097 0.1756568999516896 0.01354869817617767 0.021013189713817867 0.0445409919929108 0.15934284763858714 0.021685127916184686 0.03727162822638617 0.022911310416708946 0.14449454515633361 0.06306758764049257 0.0416176299183748 0.0580087620662588 0.16302062110156326 0.1260282755715401 0.06733573788514066 0.17175995825138224 0.08844340928147125 0.056270493251460024 0.024143676406257367 0.12339084344638726 0.20905475690958314 0.4499360107767972 0.35051932599378194 0.5225091438652597 0.3727099712427699 0.05722567757056847 0.012120096244903048 0.14963259973693419 0.060110927165938896 0.029593174883997354 0.09319948343094105 0.060220124900695775 0.139919213877578 0.27813882924562344 0.08106143868808059 0.18684764391824968 0.2000604773900302 0.2886187492402238 0.006003521987060334 0.6831622268516265 0.4640669633888316 0.5285382893778061 0.5474889876396677 0.23705902416807365 0.05967557773494108 0.16514321594415549 0.2521311380979743 0.11034096240387907 0.11163356376212945 0.08267434645767109 0.03902561904146182 0.1737385204005817 0.12621046132252456 0.2577842547722652 0.16195355523687288 0.12336411433544436 0.0008672431920742992 0.019551212215529593 0.18250972106391783 0.011503617781230246 0.027753395881644865 0.004632141895858667 0.1091834650814917 0.015617809412479108 0.3438624837155895 0.5876175032273349 0.20075001722225355 0.2992912486458647 0.43357307947800294 0.7076677883881982 0.4808497002924087 0.40483467730058914 0.4741977081117031 0.29986887848273874 0.3001192007116113 0.16628226308227845 0.22837924124749537 0.006428900970234201 0.10775537026782725 0.2387134827972225 0.2943794319685235 0.39662114128700593 0.4876604157611054 0.5561540400794366 NaN 0.5413644379146624 0.5767173965408783 0.03198775128939716 0.09652495635024083 0.028739743361695137 0.15245425094289866 0.054869809644762894 0.06701711836219143 0.18057184688670366 0.07038479034353148 0.04090203823662796 0.034558316059442075 0.04383602614440841 0.13077504499160308 0.32072423661792077 0.10456082841332762 0.022830759542428594 0.16304744359044293 0.2762006211846657 0.12227157562384354 0.0711214872833739 0.1405726613371376 0.045499209289721634 0.1520976473503232 0.06255254445544414 0.24771893796145958 0.41685486033829866 0.22543434406213322 0.013254862192918878 0.40794191235021227 0.2711045599509313 0.4152093963476119 0.23043249139894853 0.10455115555034872 0.16103174009579166 0.08361786356835291 0.04126460775850032 0.06992811438373278 0.08766798705997568 0.006380230898071246 0.022129644544568505 0.04511404328197532 0.09111202325642184 0.025908921038006565 0.06322919316210468 0.19012728063270137 0.0741653206556469 0.03483437403710009 0.03517613753938937 0.09740415247846103 0.11382473118784071 0.1499624752627436 0.0238764333207879 0.12217737276841664 0.04837205952348933 0.0463159259359688 0.018728744883849197 0.05598816245447927 0.05392833662292169 0.19270761404032696 0.062232991028241404 0.11298438846080132 0.17260821721169223 0.05499092192378296 0.1273940377268938 0.12650853643815388 0.13996836342778715 0.11187870725209419 0.12096761626434532 0.04206590735632453 0.018792261458681157 0.028388634194990745 0.026510057906764327 0.16618213797856074 0.09756270665467069 0.0738922904791917 0.08710719233459095 0.1248081588882326 0.15432947424383678 0.10280137613217052 0.09923237672204743 0.07504577135772723 0.021043645307128274 0.0758508514712169 0.07407510383887249 0.09516072102124261 0.16787410959406196 0.04960319231007911 0.09170708202592436 0.10765915621956584 0.10884811719075602 0.10874729341173087 0.017871217711234046 0.034606709335935765 0.14267545179578894 0.11536304548969761 0.10875010836748725 0.039644323056204585 0.058349562329924894 0.20882819399598804 0.006497173750155966 0.06369591635836849 0.1200335169651262 0.1361481240321451 0.04370463191074908 0.07417515732875686 0.12456176173277272 0.18722565572933253 0.03647078163085699 0.03811805492918271 0.027889362746343613 0.025229796739640802 0.0021630765956214366 0.12891665166597027 0.20136526284288053 0.14234061848535937 0.3857837670469466 0.30587179131171344 0.14875771565847415 0.18825975089374322 0.19025321079669794 0.08061193937347091 0.09261372421440323 0.023994183081370534 0.14788565914898785 0.06396231908499152 0.184913051316242 0.11152235265714909 0.10066112922477619 0.001434019826082719 0.08504686187167568 0.300303560912485 0.20936702789848452 0.058492076932981626 0.6911235961240899 0.4245484641843958 0.44774311653166854 0.37496778446566936 0.13104364105664096 0.07842085840362688 0.011024743880841341 0.3238810269830351 0.11732408573856015 0.05050659302768288 0.02993579367123254 0.07473349049378232 0.05212489945515001 0.04232986977356426 0.19681381950751564 0.06515126658227727 0.07763258272028062 0.15667198964369722 0.000814169345354 0.06304521352908758 0.05319972568837276 0.02380388047902301 0.04163034666404414 0.05487201541949737 0.04780028740496096 0.10736458166443469 0.06013194473730829 0.07189963444765912 0.07745263551902647 0.0029827350793307185 0.06996748093709716 0.17260159801479427 0.098031158822332 0.06460692260597972 0.057936557328406114 0.20779779181513794 0.0508389934508736 5.696024595263966e-05 0.09484899280186859 0.05404875888854515 0.10667537692128082 0.06694967717535463 0.00028012652473947004 0.07668288890675373
0.15570592811228692 0.4173945670245021 0.20837458731454267 0.20662460289220067 0.3089008290227753 0.5891590559985492 0.5620336147608485 0.4317503708964518 0.2794889370213292 0.014553969773259302 0.4594453433920099 0.35805920309704686 0.052828709585485495 0.08453291636327315 0.19032155030582612 0.05049758215985162 0.3016403605753059 0.556692514338512 0.2837074070145219 0.5513298463972952 0.48939746292284153 0.6863415414404443 0.4438686340483128 0.144893137560156 0.15666354002540384 0.18064748405843098 0.026775667513970248 0.36791922883835215 0.0022782218582379486 0.2270052298969032 0.044779385597611604 0.09271616200328185 0.01076396815777712 0.11706079983820965 0.0139342765410874 0.2617859176326875 0.029675235142128917 0.06202334436509882 0.0770400961319406 0.22586761105462796 0.17267389440071476 0.07375568276532747 0.02366577562914194 0.04821287227199499 0.1442410742213725 0.16228078695671924 0.3337204724981762 0.4107601168122751 0.20574963508661057 0.09983386062146912 0.4580332004912085 0.3291134075382393 0.31488092272178503 0.23497501802692491 0.13927448902407943 0.1827013025913225 0.10657023509256225 0.023878265990901256 0.09525265050457227 0.15553081340551644 0.03732245434243422 0.03261052567701523 0.053087755264684934 0.05322879408347017 0.04509509908910591 0.25697074995175606 0.33605093224699467 0.2385109979577437 0.26486260845299 0.16480028788974435 0.2947884830130894 0.1858174539836576 0.26097678923674644 0.25056066246521347 0.31245866416564455 0.35250126094746387 0.24925722821848884 0.01369434241753826 0.2793291534345904 0.1605540740497914 0.4487699111600071 0.00943068776032337 0.24942229929872659 0.05558761760729612 0.09568534234198658 0.12327723341608153 0.15074484878007413 0.05389922740072714 0.04785209792007304 0.0887592536926192 0.154955583434937 0.03208552617211281 0.1284951755088039 0.09181681648776772 0.30563430446841877 0.1641728753825516 0.032024419554821035 0.15158842227333896 0.02015489173531134 0.08214971512319685 0.036790181460722174 0.004408230113015851 0.09429036572139524 0.07984883273648537 0.16722366248337667 0.06570772479381687 0.07088829493778957 0.017636636758576917 0.12071706469047674 0.04838189915259618 0.059274204268028874 0.08595734431884604 0.004252865230654716 0.014534728862302851 0.10863574379061935 0.29662404346357074 0.22415610259531973 0.00023164578115000443 0.011057128105390867 0.02859191797165839 0.16605145089062862 0.06599132128851529 0.08243684348126591 0.1155396055302233 0.29339928217755046 0.07623578094516338 0.014318200305560854 0.14342827659969418 0.3231569144479112 0.1370694977224944 0.11551761985754386 0.22869961433010352 0.13244911633390896 0.030030776756476484 0.03157731637081709 0.17162603084107422 0.2738614604586718 0.5809996900872749 0.3596338625207426 0.31376640183090837 0.39258023780123613 0.06803383915255526 0.12534947487856105 0.04556749466066376 0.10497533777978645 0.03933482781821244 0.012225396339678752 0.16256860979506546 0.047965664392829156 0.36008812796839634 0.087175186752881 0.1319015551900907 0.17404840301489347 0.21983487077462766 0.04120918650272084 0.5019847145006496 0.4716397978867085 0.44192895091027296 0.4852678098774473 0.2313824240037602 0.03595250841847008 0.14206551986985605 0.31592794282492875 0.14731614752242395 0.126838367255388 0.11646065580420616 0.13403435056505977 0.09836513329686303 0.06000462798394227 0.22441696062880673 0.16050533037831885 0.04609973547683141 0.05244920993571437 0.13893616845045492 0.11893369497333549 0.1381726120589127 0.005099042737805889 0.012568389325596157 0.047000839465498656 0.06790623418284435 0.1228785038427053 0.33658888281719085 0.13773575219646408 0.09298854559841163 0.17591961637992146 0.5194845444377864 0.5543679804512914 0.34572701629904656 0.42143877323052176 0.18054967466931757 0.3289967926282533 0.3531347908955948 0.0987064429714143 0.12319222091214242 0.28674593598569537 0.22481839114448118 0.2916655957830096 0.6509389271034011 0.26716975278805133 0.47419913558263976 0.5413644379146624 NaN 0.35638182647456357 0.11081751096660791 0.024783330527120277 0.10618718282445434 0.00012475760272695753 0.03858753315060132 0.013354048028900318 0.16358070417291712 0.009370042189826639 0.0003362553278254029 0.028672084512811277 0.045685252055652076 0.13128830525387136 0.2092646251098793 0.016710699029181826 0.1530809159536248 0.16656856479076193 0.3436618246595668 0.07415498382711182 0.12395392239756804 0.16330681131838437 0.03033279386228402 0.14234902700501456 0.0005603561543047866 0.39821664355915476 0.25046760053045386 0.1956246138371268 0.12079944395990035 0.37186889322196404 0.25706353619873423 0.34176637853667874 0.30815323795298494 0.1582130414869059 0.17145286269934257 0.10532815743659099 0.011151048485018758 0.031772267325557206 0.061668184664570753 0.02568648341390188 0.02441162031641239 0.08065384616422845 0.05326457486264114 0.044288805465641234 0.08891786824366607 0.20532055002350483 0.12479170945180648 0.09426461819653813 0.03984143210837081 0.1426945318244847 0.12265621593136852 0.19459042921501354 0.04125527254535899 0.3000042450744864 0.06955848196447596 0.09801662341715035 0.031747262346366906 0.11942721241719585 0.08477247212159605 0.19801215759737384 0.07954338836153198 0.1460184826934911 0.07454345224839913 0.04296759955494916 0.012132677806072443 0.12667718320780633 0.0831207543691262 0.032888560483216506 0.12487725737441194 0.016039165220026456 0.02887432350201742 0.0031403699459037837 0.022293419169123283 0.27422696767579396 0.14149942276089483 0.06234635112287621 0.027099516300178872 0.05648412488826383 0.10528797778138971 0.04943008008704968 0.021801751845077544 0.02852890251003 0.10151702683325689 0.07714036518084857 0.051775858404757555 0.030041654541758396 0.08512270152745227 0.041894488042933636 0.08267215393263254 0.05799264047572173 0.08713849564077635 0.043178238747223006 0.08512091840284246 0.06592942647322551 0.31647470257406607 0.17896190772045714 0.15257755061862596 0.03261799405204158 0.08862697777259065 0.1882825837593347 0.05544054515796728 0.0419182337145737 0.07999368554911794 0.24962844789073665 0.03345911374379898 0.043229957471509636 0.23184074705875832 0.3162079651408053 0.10929503706633587 0.0571790197680921 0.05702567542325832 0.005438044808088312 0.032243848366059986 0.16819920211178263 0.3034657929703316 0.03736682554476691 0.5526129488443411 0.3174634208943877 0.17376161200628568 0.1922524293556774 0.09288145187103848 0.1552847865519764 0.1486099909022822 0.015329766051994796 0.05917008170258277 0.009574915947976452 0.1405285322080374 0.13073424643734066 0.20668583749599664 0.018303274703370315 0.12324903918368692 0.29284851930667344 0.19378668290391468 0.005394325502784942 0.38510492373520233 0.36774838870708043 0.43617791401959716 0.3340336593944307 0.16238320787485783 0.0903233472506821 0.04421675001836584 0.4868673853877684 0.12534939915957355 0.04877368676010611 0.03076600538617 0.10006781717897895 0.05817400692877529 0.04420575612028004 0.13720191886186045 0.04640242102368627 0.022500504310340026 0.06756131836315049 0.06214102868148607 0.14479838868908884 0.0506725640175965 0.03352049163376164 0.007384574732576684 0.06727744960825051 0.061314071470470646 0.05992019838115285 0.04277892830488011 0.027875236364649184 0.027402169365748852 0.02973148511743565 0.027561663494141086 0.23003148527481992 0.11966826220676634 0.04548507134889464 0.053904099316232766 0.09164408453742559 0.021621368707172583 0.06841710566600478 0.1507004117296768 0.04636849607834861 0.14951561102198271 0.011973517802488957 0.04107830137023462 0.01400990796782677
0.048053248541307006 0.6753163282728892 0.2966968423131921 0.23376543282735135 0.31088964314406053 0.49782287322081714 0.4085236906153595 0.4298598999356492 0.4418841046293708 0.08227766937332585 0.25123056611343375 0.23549714439339878 0.17273713322039208 0.0317593286585449 0.18126359356685495 0.05857059901522124 0.14350379404342598 0.39896242935585746 0.2629001094553957 0.41827850033213115 0.5102961155492008 0.4127419190130087 0.6618488432987109 0.1341754459556842 0.13193280263702187 0.006114326329038567 0.13682142120859267 0.36323353509664597 0.09597587740872424 0.34259640252629664 0.10300676440984605 0.1344832375078819 0.1090976384925706 0.1922133238578227 0.0715632966427135 0.28183906580577883 0.06566585424077875 0.03187694559845 0.279481371345674 0.24753108481125266 0.2185501953199424 0.08563172516455557 0.026230229410429507 0.02420844958022051 0.14509851797547577 0.056516410054622795 0.29707534790891404 0.31656115447548533 0.17798433975042607 0.03494646359732803 0.490507822307923 0.3594320570280567 0.45488124968172083 0.1693285924051579 0.11399017138343125 0.17991443870178478 0.08901709517364746 0.058746108926128894 0.019653162916679536 0.048203631494673695 0.05622844990305083 0.10378969168798066 0.04765031981146869 0.0031135599959363374 0.07985475507004974 0.25660240407671675 0.31285147167311 0.2737012027246367 0.14328123914020288 0.08831109842775949 0.15973958441821645 0.08523736785694966 0.22728773327685178 0.11865467185121172 0.08669398448834864 0.26737559411802886 0.2509041332966674 0.05631573175233043 0.1488229514015114 0.051068749106088066 0.20587579685882607 0.04623696430917564 0.28692624170611825 0.06061560824123662 0.05646810781034394 0.020681497028377415 0.10426695020650259 0.007209937146800838 0.1642811745446159 0.11012850966242191 0.22382792538667734 0.013932230270205277 0.11848633365681854 0.03034296955334951 0.1483927323331242 0.1296540692130389 0.15781853982359248 0.11127718608543634 0.14447773796861688 0.21148277031780646 0.16696904438243093 0.19224484992057056 0.07296203275894503 0.10038512030191456 0.03886622217409515 0.22249401993023046 0.03385178844094687 0.08569204983427617 0.09514647082407086 0.15187928295316405 0.01593755487575707 0.010229643215380719 0.08105199539940139 0.12121259632473581 0.19002718148959283 0.21533519533799936 0.14541468545328026 0.0175355865564813 0.02943751349115394 0.09959330444368956 0.1638726808449642 0.028836539524522482 0.06907529978037559 0.047512077106387586 0.1467849962817224 0.06573736104252041 0.04544412847410778 0.10483957671372915 0.19324421101723915 0.12200984858253995 0.008838551599982744 0.30901958252967454 0.10945495305298016 0.1132954230732169 0.03171282673448799 0.07963115135836597 0.18229382291046767 0.30913079972549157 0.3870028305785843 0.49046459939827675 0.42959230787786284 0.0009134011466863287 0.16643996329751284 0.15164697778581487 0.1101450831022301 0.09625511060640621 0.19059023533936878 0.2000928538250272 0.06607372664128829 0.36394062278311357 0.16634692802159004 0.14735537652261757 0.23224151782807032 0.12437996521179756 0.045489654537585876 0.6619920473002024 0.5583163737926444 0.29970164391062976 0.47525086290990776 0.20037971162519566 0.04036447158806653 0.1964379011273128 0.12653706823339522 0.10921205766471492 0.17086757374548858 0.0937320050222858 0.061526973861623396 0.17294800135565713 0.022574605806332217 0.2673170573809187 0.07929716370199325 0.12654297821167343 0.0013334146514001573 0.004850465520828143 0.16370666857438274 0.15603623129166344 0.1347784770593952 0.05050919953481064 0.01283766754544729 0.03145137335078249 0.08772932805099178 0.6492015571780221 0.24034388800723394 0.14816789661069354 0.29222070512929177 0.4305840980626177 0.3458814503261221 0.45667271237460333 0.5031270121329909 0.15800989026346923 0.17575186218463054 0.21309111385585433 0.19542873918456113 0.07130197915728316 0.22161591580151366 0.13572136204279805 0.1336936240235524 0.3761005787259247 0.2450371664709102 0.36476264628342925 0.5767173965408783 0.35638182647456357 NaN 0.07565271786219593 0.09252314074080643 0.02444892273526131 0.08420466353175833 0.03992122513358119 0.0939887593433315 0.27525092873426377 0.07742531883916802 0.05197941399899378 0.07471552788036906 0.14932669250182296 0.2565930398779468 0.28582283944540643 0.07052415100688182 0.12754430601406597 0.20512632218722762 0.2714957599937134 0.14475761732256037 0.08233864111648503 0.0008376781010306149 0.050058127340203006 0.16075630595514462 0.10612870035932913 0.31011972541658944 0.23030339524728802 0.1309512987959847 0.05851577471734695 0.4633810354155818 0.349513794306398 0.4456876713933632 0.26441381730486757 0.14688058782863095 0.1745751554234392 0.13634966426598213 0.0025745818621300148 0.04099861272816936 0.022645323777843937 0.023046455607198885 0.0838265985458387 0.09639195165384123 0.07221449072400728 0.024656172109603275 0.09835116747369926 0.254543241838272 0.2014149108456108 0.007020206238497296 0.02420912711083796 0.18415339449603485 0.2100393795108013 0.20355310423818782 0.05930811582779 0.17973910856647762 0.057316826405105846 0.162755970231716 0.0012490106180905892 0.0185275835212726 0.010245412643514805 0.12348885921891918 0.037039730457068404 0.17275302046415503 0.04609885841274999 0.009885790108520316 0.05141619316940099 0.16896639112428 0.07000368591545528 0.02608989786809513 0.20973329440205218 0.000967757702970412 0.014987513001473822 0.004880067498958303 0.045133986023874265 0.09930589499835471 0.02837275743178836 0.06886664881577671 0.010531971512783343 0.11924409125486832 0.23513500545643226 0.15878041367795684 0.1874718562154758 0.003325493099272213 0.004023800404380595 0.10996071623835564 0.09587836164202466 0.051341386301472926 0.16212887524735536 0.026443860394053043 0.06447697999833335 0.04794989275296949 0.049809905897800245 0.13368088381577575 0.004357713406070925 0.1360870635783942 0.1686419841081186 0.06219215805328147 0.0839813281856683 0.04986712014340278 0.0955065444709168 0.1435938395807727 0.046308910594768216 0.0404278181501756 0.07031757784551207 0.27287771605086125 0.026177854671661845 0.052768566717767806 0.1512168169000657 0.2340949873113723 0.1094485259485065 0.04182819357929297 0.07777054042378762 0.023209773180555913 0.03503334695062806 0.11132281425360696 0.143565068553376 0.1526928615919918 0.24965745338609685 0.41705532884092406 0.20040548960388613 0.2825917370628061 0.05111870984308325 0.2812121930607881 0.0712129237819208 0.04194810670700247 0.013162612055616831 0.12136984126487389 0.2690011991064553 0.08007011066107181 0.20752474618512248 0.1360067589783735 0.1184568968653675 0.2873564643420167 0.15827878103707674 0.012668231094594844 0.6282051027051299 0.3373979778890954 0.2512426438833171 0.38692327606642996 0.062334266981912065 0.13870266782296892 0.046894742465899475 0.1926046619779913 0.07455739199206987 0.06834178727502545 0.04664808022941116 0.05670535430770806 0.14953496740590688 0.0102741860936584 0.22917424130350816 0.06725166446206256 0.06932893913193879 0.11887971042174553 0.024569062933221638 0.21971015805882033 0.035262689160447565 0.1016517665767438 0.05281967309968087 0.022878490464874675 0.031366946517045344 0.15552253383520626 0.007102632690733047 0.09774689190208304 0.0070427671671971625 0.035485587891158285 0.16228084246833438 0.19989487295576536 0.07723556252226596 0.11251121984958014 0.04235603382690066 0.19082094634197883 0.0013100970073218633 0.0052921660056124845 0.15720176697824575 0.001684009592753621 0.17052100993038438 0.015351409510157107 0.02025208480481987 0.03007103843080311
0.4919560486411528 0.08877487562872825 0.08246893081883498 0.41415142255612536 0.3269328761273147 0.06287832143637014 0.04744840715384289 0.19790774504702555 0.1456339426680601 0.32693170602360255 0.17220268994459562 0.24929844804956106 0.3246911165287333 0.2635969776868475 0.3250008767379243 0.03951589632286856 0.05296282566651727 0.2557580206126774 0.1290431736867344 0.046506819994490536 0.08944944055948055 0.24916186718594757 0.18506906537031634 0.45758337003307653 0.11559757892279479 0.04488636385427429 0.24253516364086203 0.08901735549096641 0.08011805336727289 0.0416943067114582 0.014215254038417361 0.11099444709385722 0.1221613181755946 0.029026156898241052 0.1366669186432097 0.03978026230399714 0.15735825323576816 0.3088273197033545 0.018116551406864235 0.15156077787849692 0.051201971822859474 0.014480130203465462 0.13780834074695106 0.23559710938688772 0.10578950553719396 0.04289028024637418 0.16104120199854766 0.07976532832785328 0.018404603311890023 0.17221945616181983 0.27296558454658487 0.16370320542242187 0.033468039749262206 0.2336411613176052 0.17052272306430188 0.16726657585578217 0.06221005386294153 0.01799353797532045 0.22177234276129354 0.2901703609698828 0.15111058218210888 0.15085112362747236 0.007521713931948805 0.08104399236363986 0.04693642191121085 0.052936611439642005 0.028716012355426118 0.20381770568157384 0.10845858760974356 0.17820474280671658 0.15070565222796062 0.10594081402827905 0.08286405609344263 0.011002123176269031 0.11018411827210074 0.14924134987450505 4.643787099850266e-05 0.10046747116278362 0.13134039531673172 0.10236900059316595 0.17108703183298005 0.1349107031811411 0.03166939359999451 0.25969494327635284 0.28752574185038027 0.321462369184917 0.14250074886391842 0.03569726263986604 0.13503867968506847 0.06322935096499484 0.030295935141789583 0.12759687382279694 0.006784887431426925 0.005873145368586325 0.07586938150114983 0.04683996716399742 0.06457519098578372 0.02929984937315832 0.09754652330975401 0.024962243957428503 0.05975490409062326 0.19313407843841965 0.2306251537289329 0.21225951484295544 0.1915232590003673 0.05255309898925937 0.04019676778991661 0.09849164548311796 0.04066786758919438 0.007664751163744084 0.011537711361771778 0.032473354271061815 0.07674997575494961 0.05997673568923399 0.11264854277305354 0.24870502644915055 0.20280796717313718 0.045812017750933264 0.010777200166218168 0.15974390199085825 0.16600105801032924 0.07763598757514843 0.07375098360330853 0.17220148988611628 0.2891957830151808 0.033055892547073404 0.04321722896530677 0.09673326535135403 0.12779109026598112 0.07093206300084517 0.18962229215343818 0.20446594240240343 0.02246659281758073 0.006656544063745537 0.142344683909244 0.08559502342848485 0.054536260280905094 0.30244471070396645 0.10378850429253816 0.04365958654062998 0.10939549725117108 0.08524619879395232 0.1703334362092693 0.05033169738879388 0.019520481744752738 0.04517161834213766 0.1583711929151854 0.33355872010903753 0.22277041550201468 0.10604350203269707 0.018724010388297185 0.07681257465829719 0.0873270946517512 0.024902193697910278 0.009291722873914377 0.16996312857837736 0.26771711422997146 0.02918382524290252 0.0794319127882717 0.006212922969187474 0.1040646232452572 0.07071417904897263 0.07901146051850418 0.0017262365492868436 0.06437076242211492 0.07403110690097665 0.21330493516702784 0.03873015536725124 0.18572269762062282 0.0929201854050699 0.18519371655315678 0.04542625988153036 0.2193015080955212 0.3667460200387713 0.016435444798155938 0.1554404564979876 0.01185439004201588 0.13282423558936318 0.33126514520332084 0.2939220307983013 0.5050296825926963 0.05433069822311934 0.17367606046700196 0.461670825933762 0.35594855522089536 0.1915211230779585 0.011672824660613111 0.10641667418297836 0.10029433592743633 0.22131491343212414 0.019134653974941254 0.1429412552091222 0.32993522527248165 0.25342118183478524 0.38681581423637157 0.09626026421839828 0.0028799215315721137 0.19873465084061304 0.17717535641405435 0.021803805530296306 0.03198775128939716 0.11081751096660791 0.07565271786219593 NaN 0.013631832610702539 0.10452923748924337 0.23998740517272193 0.2524272032759962 0.15804907716401373 0.007763747817445555 0.041214421361519406 0.11652775830561354 0.04605015722190183 0.06378373837168182 0.03690741533064549 0.11078710833901846 0.2067844694765645 0.323062510434769 0.01288250952557046 0.14996413688930593 0.11596451812999646 0.036808316229038726 0.12019196172437832 0.15534571061570995 0.11537538529002139 0.09098948499284339 0.203280513377628 0.11530086220043649 0.023958729225637587 0.019119806537351538 0.1647923535898098 0.07742830707484138 0.018507666459944644 0.15312259030549782 0.13059052535369353 0.019825975110925577 0.039512692341601166 0.021014132210096643 0.2534442008550166 0.18244961825064407 0.09901245071514575 0.05880411364213402 0.10417492070961384 0.09140772803013922 0.0017019376023111807 0.06659089899879378 0.03715589900426849 0.0879002578714079 0.05350152759427146 0.13977756116251597 0.14242768541212286 0.1638313629281673 0.03938164814585366 0.04831381500933879 0.17957790491814973 0.09636241142807916 0.0497395877631737 0.023831428251201867 0.009012172605548483 0.07583224590400428 0.021618535343424384 0.05200329821188339 0.10262469765360703 0.3162350354626873 0.26233860984378937 0.31296108234197134 0.019781699897767176 0.02191703524234539 0.1699716007362973 0.024993243417053338 0.012704078372674172 0.18875093084698927 0.03705914305392659 0.06674445616846997 0.019662962924129532 0.041101157937869746 0.12366676943321497 0.055800310964836404 0.16542029407469375 0.025441088996425422 0.07035608418671542 0.21801879443589064 0.25235910468651795 0.3589608781468818 0.27440586297552605 0.06969084587373124 0.24838122507915897 0.08017877467485036 0.04484997200842308 0.0069196297762291244 0.2153959338259512 0.023539873251094544 0.045065348199689485 0.08891952690040841 0.02495883132132752 0.08575421312823439 0.04618060778752397 0.08125606654978387 0.010463684700377292 0.06732930936268951 0.10766535210865376 0.013673057167510284 0.06710397732374537 0.23931997672436253 0.2688769074235856 0.002228777635323203 0.018891793703151808 0.10665422332383881 0.14928830957294703 0.03987072605952334 0.03133538566425065 0.03858720770086299 0.06070666481287033 0.03404042370744476 0.09928306212617337 0.12987790555088133 0.13009834071626883 0.13267283559789775 0.10872147293994099 0.03172513746549792 0.06766001478299903 0.14149304693285517 0.2848909921141806 0.12465383772205382 0.00021539039344450588 0.0518487213539201 0.14313153997311842 0.3164329691139344 0.21077837187971735 0.12066464519353198 0.0504730968718796 0.03907378805958758 0.06649809015014554 0.0003991612714496262 0.08471291777928723 0.03267444036733648 0.07922056012167852 0.0029315287303983894 0.05446017567711595 0.007630626143486582 0.058042563275664136 0.18856622612730978 0.05128519970359939 0.010626563821056478 0.0038622113516777966 0.08987620384382626 0.21374011933745807 0.029689682876287985 0.17752997166153864 0.06940383040724556 0.12336918247216626 0.06382781167669561 0.2603010580276661 0.4016218395103034 0.11622557436325487 0.08170253072996174 0.03997204589490264 0.11690460903566992 0.23429546370385743 0.287251515932055 0.26709617344990416 0.34582554057185255 0.13567708626271932 0.17529439164703894 0.043574949819922534 0.24346241078827194 0.19937669143649203 0.12993407204623073 0.10985156299390554 0.15020945186322118 0.22161436738869156 0.31830102091195495 0.15872877339881467 0.15513554262325432 0.08378670756060179 0.25281739344035414 0.1734960347257757 0.0636220081211989 0.19503817675258162
0.011550155550514815 0.052601069765814794 0.007643162939938275 0.009555356568321727 0.034108385127203336 0.10392327053426134 0.007280946399519929 0.022812548352819505 0.07649828690209255 0.12829461503224374 0.0015472696074291044 0.29606069256726963 0.03816143761560811 0.0823653867295616 0.11401645681479598 0.02318018183921702 0.030200642821766065 0.03505943453159469 0.07455380770159717 0.06364245303965797 0.12260919556548286 0.014377863006427065 0.0703256679119746 0.01676794653179363 0.10323691002308909 0.314555525326115 0.19456899113920478 0.14703493579759916 0.16561021375083254 0.03412250679677848 0.17493065627355806 0.09227837207272963 0.14277181584082402 0.04025723879478859 0.043853398291548905 0.001005637677160811 0.11165199347833055 0.14508112005977725 0.02093854706613707 0.039427120855893366 0.05626739687008553 0.03272830001196282 0.015831601638191663 0.009656494148349265 0.08479473733808647 0.10132947314629215 0.01050007532501137 0.0827834153453228 0.02187098101740068 0.0620744205870122 0.016338928006128618 0.05270275671267866 0.055257951803977 0.11759448889452083 0.019007086809063455 0.07992970790907948 0.0006441159283038195 0.008610771857131683 0.0905455364489673 0.10284764129959328 0.008765626843771733 0.05428445668584932 0.14682375180606855 0.034670768287465355 0.04012186662414936 0.1536910501772951 0.048558079260548205 0.09670821834602714 0.2131026699323852 0.07989126226898242 0.14003674444932676 0.2626218121639692 0.0543681597889538 0.08761238477145003 0.3598127790003995 0.06213604760198085 0.11169653456356357 0.03003289888918156 0.06399036239709818 0.03316376440292453 0.03703277697722787 0.05632817770617025 0.03026654610222751 0.05479694510112753 0.04697704488410394 0.13336544221922778 0.010185707251356807 0.03304929377311246 0.14043105791016533 0.03598285259355842 0.004041774383796122 0.04458601715639923 0.005420792427804543 0.16440056395184222 0.048173643308940896 0.11734212365558032 0.09607019995032826 0.016364914929498674 0.04182810575453188 0.12913118357399547 0.0180460019759745 0.04956424568912079 0.06617521122525201 0.01080816254262443 0.08632591197648322 0.07479385319810351 0.026342281337160666 0.03111818203393445 0.08671120903415647 0.0032990911294820905 0.11502647413816061 0.05956028797884854 0.027171706146847628 0.04506110150433826 0.04944619367340803 0.045761915068714694 0.01310600048861266 0.03028723805704191 0.014228233275458304 0.10201393445798597 0.007294482459679199 0.0011732406304819742 0.06376867559930362 2.3011581406236097e-05 0.0942496284569208 0.0022757378336971303 0.021328941027365256 0.0596511297538444 0.24072334338321832 0.011082142267955432 0.22051851993405777 0.06512030469967393 0.0845268936048511 0.04317475225437374 0.03004271097948898 0.06283781982910834 0.08142116822143497 0.06567267137865887 0.04046096515142123 0.2072214643289353 0.13620451864074337 0.10580309293585732 0.17334302193175127 0.06526739783374137 0.11925057929485497 0.005267577150917506 0.13786545415233353 0.1391262940210294 0.026437167452949294 0.008307337091111063 0.10233108354195754 0.07727223619411513 0.06105199007132433 0.02283058142836442 0.05000205896618274 0.07954547285526063 0.02856130195599878 0.006719420812825094 0.05417921476990559 0.02276887753436232 0.11042304829247895 0.031070564254455417 0.032083438003404394 0.03836193797741844 0.0010543743128979355 0.016935773200107588 0.048981070979348125 0.038517725106262855 0.0004675679167438942 0.1313451966232446 0.034366060842896305 0.0853478652553104 0.033030644631418374 0.06444791992569834 0.07887032295243919 0.07169716187471732 0.004182746979720248 0.009912593705902525 0.030308069755198386 0.029328359505902436 0.0040421939511918374 0.11348483305200646 0.0077443907036009885 0.04412120895327748 0.027114346765311485 0.02687105311352171 0.06377293312120794 0.037848304697286575 0.07305170934916211 0.09428493367983742 0.058040617888838686 0.3180270602666061 0.034863459173232976 0.06966834630161617 0.1104576005482206 0.05113461070302895 0.007851466235142221 0.09318382799616834 0.08553208067110146 0.002872244588880618 0.09652495635024083 0.024783330527120277 0.09252314074080643 0.013631832610702539 NaN 0.4612546336585351 0.12118305373478648 0.11659281252601814 0.17163708770512057 0.017993672361675234 0.2122733561272595 0.17912733948316162 0.08344113276101855 0.04305788304203023 0.16396496156665116 0.10935238572017568 0.09058650117692045 0.08351844791238545 0.0013196299088440702 0.024442577312538957 0.019661259954628058 0.11239506306997492 0.017493002567759788 0.007531921846049939 0.195280694362089 0.12480011354593747 0.07191608898378622 0.051945215576463886 0.03981943830216842 0.023000737319517264 0.08690929620625883 0.05203777229413116 0.060253322345047766 0.03669320190188213 0.014577908821798222 0.0452848361418317 0.008728239734078842 0.01946331221482915 0.011346981118385089 0.0135751890620676 0.08324105417247037 0.19024677390411812 0.08398117185281266 0.14730720440320302 0.04796404045590624 0.052962154825138434 0.2504680325556556 0.016415347603610277 0.350664322373262 0.3429253032590154 0.16220599212654382 0.06857214349065337 0.057987513787284534 0.2673352077731291 0.38672913111000395 0.3810318948006478 0.06482841375072991 0.09858696062471052 0.04631564999898808 0.09124833325837106 0.019776383673671794 0.07149541077413041 0.06286796296201923 0.1351172528560123 0.03177192859089498 0.12265124907634513 0.08336505416655443 0.119580997457073 0.019697282088810008 0.19671170347196268 0.10216199539495378 0.05778534808537061 0.022828147797827228 0.11347742301356296 0.06377315679590091 0.045696468622438355 0.051160837550288774 0.016217856034171824 0.1075401942895243 0.03402101427490016 0.09865633723843864 0.04263914728460393 0.013325613957557934 0.03697659619214678 0.0905482332790319 0.10569818293027973 0.05313714571243335 0.07053908223229687 0.07015450023336604 0.05594716785056382 0.06897361574354587 0.007934392858343197 0.026601384005513984 0.06886857528401061 0.03216697617098 0.07212993275260214 0.022909772964152 0.09133890969022476 0.02106856302042586 0.02927961152590209 0.004200701857435555 0.01746354422736593 0.03172285943119732 0.011547797257392954 0.18173156876110846 0.019927272267561042 0.03133650581415522 0.16356114686107456 0.2851435635157802 0.319685113937766 0.11701776215516055 0.17672654997038625 0.035473739728506495 0.0005907891395459502 0.0065331458696727025 0.03762563151384955 0.13778715616303017 0.028506396246424894 0.12150007881781003 0.036522673224505364 0.0884227690349106 0.09746654350659852 0.1773042802804239 0.045972238310714224 0.18467851837855623 0.20766508178051116 0.06463038080272188 0.004590899252513747 0.13524098517369795 0.28915642929641694 0.04997563958582604 0.08608931164982778 0.03639505835818669 0.03464812464363493 0.010555245624612433 0.0201264974021289 0.03754237962250311 0.018492046146417754 0.03831064298864472 0.05339665443981265 0.16149198316222216 0.05997240971097687 0.1303825668277563 0.04581221441359149 0.026986023131764538 0.08662405977175434 0.04153384547425832 0.06958548234899424 0.017383875330592352 0.1054073530814068 0.1737417799283468 0.09646044579424529 0.004019447354955695 0.043576110710713184 0.08585378132023623 0.2323985235029649 0.11302610027311533 0.0191840258162824 0.1004313196238195 0.04776486044132865 0.07282682959658685 0.015372510211600849 0.09071735439132535 0.011597251958650953 0.03992061943488827 0.0927636453813955 0.034697040790848545 0.03314509274900404 0.1007277837681588 0.028595621484225238 0.16529236781095286 0.01398404138292008 0.029084275744272678 0.06440320557249703 0.04705273326197877 0.07065850434319473 0.09334553238815968 0.028379083519455534 0.00558411829461639
0.06548796539114023 0.004920440492680757 0.04026388009571434 0.03451321634027986 0.01685351650592209 0.07614565210530375 0.009419302353076944 0.09514295083920483 0.08478029539295293 0.22577302731797766 0.10362767867022134 0.5440797320728051 0.025419330681616826 0.1509537462567317 0.1782383423888393 0.05430300919113906 0.06265659823096952 0.14644237381875838 0.11544324743258988 0.00795609588766826 0.15022252560508562 0.09967263401638769 0.050528151666990304 0.08602231777539157 0.07778418979690788 0.526433631901523 0.2845127198423767 0.09946437670592619 0.24796423778416393 0.0015013909687065193 0.21838520366658593 0.14269421879581287 0.1657554037849405 0.02639517651316922 0.11392542033698767 0.00996139405784898 0.2313211964975319 0.1865894549070345 0.060007151860556926 0.08565496590184579 0.013307244672753675 0.024761409490030223 0.07044325146878096 0.023358936458179772 0.1357358477928561 0.08050883650794861 0.12124519453648117 0.11567104619745318 0.06036869776027779 0.22232348485307923 0.08113630705629535 0.045773231178135344 0.07104236703911165 0.19666554563366093 0.059166546831582595 0.13873143910456603 0.013758531579968168 0.11376235408529985 0.11976700324079169 0.195287594325234 0.005828135188982026 0.052681913029006405 0.15311772655698314 0.18925913568465508 0.06335580104063372 0.18222747545551057 0.12742402003235961 0.008115888210316174 0.43937976945178814 0.2485091544707865 0.31333005536057446 0.47514356294597443 0.07528058249690768 0.20298070639586724 0.5761913400214077 0.09210753580136499 0.2396754580873668 0.04921833485313889 0.14429192149644898 0.048307113580857174 0.021593624124323252 0.0692152024684348 0.09444621058582268 0.09589065672858017 0.12490211631170824 0.13123181513897234 0.07305601348561042 0.08649377316556046 0.10439871941827036 0.0207062910091329 0.04945958995611123 0.0981064357062612 0.008986720717030473 0.29658672052185925 0.08580421301268752 0.06334681263220882 0.148356982318438 0.08425866056689736 0.17934315545618584 0.23330367967826304 0.07676103774781087 0.17037642301358383 0.15219951432144793 0.14748191347156664 0.2861219205697694 0.034132901901415186 0.10500393285755148 0.06655973669383204 0.04391905331530547 0.020008652884071408 0.03383469336925998 0.12503416577951845 0.037439826937830496 0.05418158641483538 0.0380426326549112 0.20055850110201506 0.040103839790314774 0.06233260595550386 0.0571211948561706 0.1646879635688529 0.07486059269167658 0.04116904840000663 0.22423645138243653 0.016963382074959746 0.2720000287023822 0.06044150093688316 0.03334832986765318 0.12016334747883849 0.43489924710040556 0.046040702339999476 0.37568820294112487 0.21199645961579328 0.16789517337666102 0.021242281511368557 0.05297456886775632 0.10979801182001858 0.06243834754351445 0.21390696930515282 0.1158642496891628 0.24846645195557734 0.08526784436458451 0.13089665340302978 0.22478279579563523 0.13264872450340576 0.19897362079084288 0.022722329204335465 0.1906304038759851 0.2210226191608744 0.1347481624739547 0.11865286842361326 0.12631881300257533 0.08279286792276777 0.09007443751416622 0.05253538670696827 0.021290597816183296 0.0018544871824731387 0.13673966981225463 0.03427084772598857 0.017755116994622344 0.033129788982469904 0.21420278734657405 0.007585122411872346 0.09624664675529533 0.07974488044625407 0.05714535792046984 0.067520260894052 0.21693184972285384 0.038933811052428983 0.00042816632151649784 0.224346688925125 0.05084291369462058 0.11073020734504573 0.008560035810583342 0.14414941721312385 0.10957969191637147 0.1540449288659787 0.0650025473840562 0.0465475837078246 0.052136253761870414 0.04537523289921907 0.02609404777836385 0.07604512697055066 0.02899430691837789 0.0743973627521676 0.05519362712199772 0.03556064152405056 0.0771167719517911 0.019183097331593298 0.09464426562171256 0.20354664782464624 0.05950467868147841 0.5390041133931639 0.04027956350874214 0.10945669280521464 0.17850256449808138 0.0703283228517483 0.053473401270438196 0.19735793590006448 0.120308918712271 0.07596425207120906 0.028739743361695137 0.10618718282445434 0.02444892273526131 0.10452923748924337 0.4612546336585351 NaN 0.1660185532119033 0.31864859268605844 0.21389426585377155 0.13364717323438594 0.24591806036288522 0.2819320680731259 0.002533036940727377 0.08440393213094209 0.2826407540389711 0.1141607707609428 0.13612182024007888 0.1883821633024625 0.04931244598691502 0.05764972672870962 0.019671453424698494 0.07906397533291654 0.07087341631958646 0.04174600364530166 0.22084247972205068 0.13910412614122644 0.1263421263554131 0.10146036025132765 0.03634315834157427 0.0709950603819373 0.11574559768414734 0.07581895039532664 0.10879826857277375 0.0815278789988153 0.022822120857260358 0.06790219748999544 0.020843559807838804 0.015172694660177689 0.1368071572740024 0.0797043176803829 0.12052917552770115 0.31341044223191417 0.06972662995185236 0.3314639048206221 0.06608410667065767 0.034058733502273085 0.4190980897521017 0.13135964474290668 0.5993098921962063 0.5940225200630042 0.3832788273869369 0.2266652527330237 0.06421013838477896 0.47420821464727014 0.6015179576718456 0.549862940682916 0.10822627880551665 0.06973915362082064 0.020919556748895368 0.10086422462554392 0.007085450535720091 0.0224978372979093 0.08467794225196963 0.19280475596745023 0.07768456700221185 0.178056672997515 0.23977352292561882 0.17926231485044108 0.018524138645904978 0.24048406721097682 0.1731981051366129 0.0756715597346575 0.11076765998903769 0.19120018082941345 0.03065630526841642 0.002799418457252144 0.03801032198080987 0.15845547412579064 0.24017092942954535 0.0942683607743118 0.1779588385325281 0.14306148456611997 0.11855760610641655 0.17498086826113587 0.3505859094313429 0.20254262590061284 0.14374891447161142 0.007352818887752062 0.0003269577493878952 0.002865467178424915 0.0695890728436587 0.012942968638184492 0.1278409243552075 0.13444294180986816 0.010162144052147519 0.20331293420837843 0.028868932944992473 0.044001276575360716 0.008708383359139583 0.1143952191952093 0.011252918300670692 0.007128621272834181 0.10482488618481138 0.22683634043779805 0.23767502748594735 0.024612636327732664 0.04383131854600274 0.3544880485267027 0.4657754621196632 0.4138525769117166 0.27617992179788836 0.2939412380544418 0.09854259365074393 0.03858288288255729 0.12804705512641995 0.05432172166477712 0.127886396258789 0.07883926346452247 0.22872110025547968 0.1332796559096446 0.07247090058030808 0.09656840077011852 0.2315578842840824 0.17103890366250668 0.2054948304457882 0.29870421066528724 0.1595026588361391 0.08330917043617009 0.09492736015108602 0.5000959384974818 0.035070331709613385 0.09341079013336959 0.032720064092802766 0.0134600684641496 0.04621692683396142 0.026404933329147662 0.03142266954137704 0.03439891748603126 0.015508723781885907 0.0756315705381138 0.27177227612672644 0.1045055881030166 0.15109606616209117 0.14569989042669804 0.0425822631458126 0.12410158868199955 0.17343463695885608 0.001531947089779952 0.06606818766400356 0.07632100884541819 0.1874108131541443 0.19792258635915203 0.07841904089247893 0.13794364234154818 0.016016023139841313 0.3311311851084768 0.15665089785250785 0.07219292762396673 0.06234992133136367 0.03909453017685518 0.04444708037930186 0.016365095761348432 0.11148770777938798 0.032508976992045725 0.058774358442549426 0.03269344091392118 0.19085064978326663 0.09905738843230812 0.029891505429622538 0.037654377178754875 0.19341499530328768 0.036593089861425745 0.06381392515127125 0.06156592935781795 0.00338987538740077 0.19276619489488542 0.09802912905345043 0.024835582452594044 0.045637574480364734
0.36255083347094724 0.062023006531450785 0.1391944627304854 0.2985520908892412 0.2861418384284654 0.1977545878489194 0.10513675647306282 0.005109420058235106 0.011220463571129448 0.26640777597007614 0.12310369752105965 0.16631732998352308 0.2732821811712806 0.22072245205398622 0.1975142169443123 0.09528476164994812 0.056303794599489275 0.09210670669665004 0.23245744484151878 0.19141026660925833 0.10312776307805464 0.08195127670461681 0.00671180060628644 0.23079219093312975 0.08502679911259375 0.03972915782453308 0.4240097778268178 0.27442200754553114 0.15746224515219898 0.10442855190432068 0.08809160378095732 0.13108251431342569 0.1778228727098245 0.046738984614406204 0.1560931793825077 0.06602500109857111 0.1600927964091447 0.22840941482912977 0.07070896109878792 0.04567299974980097 0.0792932284739439 0.07456317783134787 0.07367105653307555 0.23643476563061283 0.11062870470398556 0.03890029591434218 0.07972359255819586 0.13293572651554533 0.06703938757572717 0.19601194076468417 0.023970946057091155 0.044247450186397336 0.06658266221468438 0.09958219943373632 0.09360492928558184 0.1525565269060265 0.1508568402892552 0.08092302370731076 0.13003761680922218 0.18300367519658578 0.02756339763535871 0.02411404723661607 0.041509222633436225 0.00620457196949419 0.00039489087004506996 0.14096197877731795 0.07000900658089701 0.02594649202618912 0.034225071702865636 0.16426959864801938 0.023452393183168333 0.08475420953072657 0.019624925166766612 0.018342816884439013 0.06595502112332874 0.0006474721715535139 0.12355573476592054 0.09994085059091645 0.009581689680631063 0.15497842659737465 0.04306538363348226 0.0649626886252593 0.011286515201181744 0.21088107433143408 0.15016475210604222 0.20598449677323694 0.08984921775907743 0.04455242087306002 0.05530018747288882 0.03410821078413727 0.018339624923805878 0.037949573697545834 0.03971489522157538 0.03508386479646015 0.018274631880894995 0.013025610447646389 0.03219579822939063 0.10815354170682531 0.12521474422291126 0.12064165268665601 0.021267276097180952 0.17906959055025068 0.09153596893395766 0.12732594009931228 0.1367612386836454 0.04503259856179895 0.09638551172782714 0.04510280714637543 0.054137358834066694 0.009301439827610844 0.018206236462229304 0.04215754507554642 0.03731758497469616 0.004144469482094894 0.03462453087000901 0.17457971421018426 0.1558031301820014 0.08179250707890333 0.06567538885217046 0.13246119542476648 0.15034260982703027 0.08930892504327438 0.04550678730209999 0.16156147653949418 0.1260728382335508 0.025472659419730793 0.001684336352170199 0.019644455251937736 0.01598722468017908 0.1258216880883634 0.15227694876672562 0.08303134001712106 0.0396256384358729 0.050222853117168315 0.0075053137534430514 0.09065861333624385 0.018126622667588563 0.0965878951599599 0.05541852580356558 0.21071554097934633 0.16753448834582782 0.18301692568753403 0.20237568106845882 0.013629506634711913 0.04156065875266672 0.006594756895639618 0.10036730357241305 0.11825504148680223 0.16919846715233952 0.08852360274377542 0.12091185019599976 0.08671122748833585 0.12333003041127709 0.07220458896945209 0.034503053586902796 0.05805141742774011 0.01840610500236098 0.09843788868505236 0.13772691580223262 0.05240339958215475 0.18555178207337636 0.1645951520410079 0.013433971791949172 0.048171830612037427 0.02742542946242795 0.04102731841896927 0.10905005880858107 0.007187533013916376 0.0672958824137441 0.10778932527067704 0.16347219482467487 0.0950233266514287 0.12856481296734962 0.2424583418188685 0.10521212964717616 0.06365276815894928 0.03376830103645355 0.031911324166782516 0.1565592399719071 0.1361549443553364 0.3539783918558556 0.1094849341601815 0.1873545094492313 0.2825900920073494 0.24557836715099768 0.23970501879462375 0.07444781697107518 0.07589021547256146 0.08429980295010737 0.24807886271272434 0.03933123995992798 0.11855423447873326 0.2586573705875473 0.23894487913526583 0.2523958385248296 0.14760719439099523 0.04437846761885269 0.10341499062220535 0.22756155896972136 0.12803593233327779 0.15245425094289866 0.00012475760272695753 0.08420466353175833 0.23998740517272193 0.12118305373478648 0.1660185532119033 NaN 0.32285925129747783 0.24370070471526079 0.11320480692532633 0.22296866063867876 0.07456926252609143 0.016493814896199596 0.08226673437251895 0.050654042747379543 0.15718449474766819 0.15718841450010784 0.24183072834140662 0.07023407013186185 0.010642902346130214 0.05770304320951238 0.00752264104451243 0.1308340860143214 0.18240839691457114 0.18249240213777926 0.13007757201030878 0.03821178823464471 0.16149394634707423 0.12300467786395039 0.045387164012585586 0.012604514993890918 0.04066946798916487 0.13003644172332945 0.017463598596998874 0.034593693729916795 0.012783300434517817 0.03576571842505484 0.06734256039630479 0.22386534651524898 0.1625527148590927 0.03418147999751016 0.03794343526367668 0.0015854287339214135 0.034765712314260816 0.013994087472438835 0.0350806841949331 0.0010612699324206404 0.11470640153243367 0.102105319657109 0.16684432565772078 0.05318728652501793 0.042297537612447554 0.051363111060579135 0.14915133599559066 0.14445264307297506 0.14104462660341663 0.009007198024101926 0.005559395296318675 0.07126059934330753 0.006831176478055845 0.06864647034625317 0.033268987567386915 0.04642468654805797 0.19937045112355797 0.09050649159649171 0.2198795238878115 0.01543542497179041 0.029795293381657022 0.12361027284654112 0.03505059368480911 0.058520489472816996 0.06640603749664462 0.033724276840756635 0.021176504001609864 0.04898074375370594 0.03713740627332609 0.13403239036677955 0.05602488467188783 0.1415591632744746 0.01625992436188401 0.1078441937483635 0.10059720148645568 0.12728061329494705 0.17739869906962263 0.19334955339140128 0.02268840952115223 0.16497549167817424 0.05750966018796747 0.03764517600435197 0.03229694400872205 0.018111637780439307 0.010309428764934292 0.05477632290718224 0.036182682570207375 0.028123628413497196 0.10715225097725475 0.03404789343150906 0.01213979210781159 0.016479401533994777 0.060491975411123305 0.25064741797173273 0.04087161615028823 0.05923090244534855 0.14679216407643822 0.1386824857233692 0.03158152024179301 0.058310349232448835 0.00870264592461456 0.024967374773236597 0.06348752077000698 0.08008772558068279 0.04775229126046911 0.04736885082818465 0.026061380867538203 0.0517648205432322 0.028719947140999312 0.13199012354397746 0.008210707720388857 0.012905154230628756 0.0744609965805019 0.09300599933931498 0.22954427918146894 0.25954042795992693 0.05434999289826748 0.04522191700008982 0.18218923850199212 0.05997165876165119 0.13347972104447275 0.11805255770156597 0.007344253521940886 0.12737238813098484 0.08385029095547467 0.11457492498195529 0.07123637295350205 0.005530742807205039 0.07744643649062914 0.06831414930764428 0.09732933666648015 0.10101975624729082 0.0705903422273634 0.11627942223917717 0.17587047835646005 0.03188227911970981 0.04292544532849607 0.03624174181157982 0.053658009004715644 0.05914683258494337 0.0251281372632484 0.08379527372603837 0.16337771006815013 0.04402250037743964 0.0314755147525463 0.14857480714643126 0.1944579706384813 0.0002385700207044433 0.07879090399037601 0.015232841845400504 0.020002892742960784 0.08328241892915504 0.09666204824567279 0.13393518966421675 0.2167991167206141 0.05410594227216861 0.09937830229455367 0.0020787030838466817 0.1438368984432521 0.0659079918702601 0.08692805860876804 0.031109421675304505 0.15339600227652808 0.08254367715644431 0.22617465479952012 0.05635180889649253 0.047040412840963455 0.09495358566438199 0.0942172054726532 0.10805404707190008 0.06484168556483395 0.1380080943695546
0.3181123871539257 0.01763418985794929 0.11678514488384466 0.20172941243405557 0.1708489379978956 0.0983798207047551 0.012903905841443908 0.16848781399933083 0.15024207275744356 0.3162781121116719 0.10605838432769635 0.3684026905875025 0.1920762171458774 0.23892765359649062 0.2860077350714865 0.09002278251265165 0.0035970309968114894 0.19438814035747354 0.18585918929297057 0.09237473309078656 0.002540806574618378 0.14153320098076347 0.09305711329589919 0.24743789125398172 0.2893656589528655 0.08971530024249275 0.38137776262275036 0.254874553765498 0.1930432860486958 0.13031392920694634 0.12397942907805036 0.008799913475892982 0.02397267226596151 0.1578350219617558 0.08298622802699201 0.023103530822727893 0.15614075572166622 0.299597917488471 0.12401255664446975 0.11692440342504883 0.04253274065299599 0.03552416738432025 0.12178836839990007 0.24318430065010832 0.1296638951918309 0.0012462815698303074 0.1513902660256523 0.10141774451374418 0.015336447224593612 0.24485625604451494 0.18286247706896336 0.13304406102906802 0.07749880861651717 0.21759093539243798 0.0839191399502586 0.23637804510995203 0.09068949095698657 0.12404227783409992 0.21772708562709808 0.26371029942010593 0.062269287090971376 0.17056553437742827 0.23416169697730585 0.047799504442071386 0.13431687557644506 0.021352467630837774 0.06449916533866715 0.12181435226996003 0.16393107836224452 0.1948877430438869 0.14087373538349812 0.2667030186224738 0.05210350080107008 0.15569522200676633 0.22233745374085365 0.10429445132655081 0.08071391755893279 0.09146598296062355 0.06448350734472307 0.14926692414513573 0.08532068700584511 0.18433429010297211 0.05933604856147801 0.2639908223636952 0.16971453943554002 0.2888109258003769 0.12359759398559132 0.11877818864675689 0.15356513281894857 0.008229090754209136 0.07221901007540471 0.10066802779549243 0.050710645111306386 0.050222184857107596 0.07537787398477803 0.02653993286247155 0.11394422033446014 0.06741311202573742 0.21299753161182292 0.10994013826334295 0.04170477683174416 0.15487659552105257 0.18345252888428482 0.17037151965742697 0.2259561722814428 0.03667108367833322 0.1730431491040115 0.08558341201714322 0.04502139506313143 0.021172332884302376 0.10833589329366414 0.031684961152939804 0.04513834219990311 0.06102651209047343 0.09209407072359121 0.2928303028278899 0.16500687295267277 0.04646067579885209 0.0037433199761781823 0.10734164082495813 0.15544122694263676 0.059543722228659564 0.09473154944431965 0.1677649223478681 0.17749010989150918 0.007612170522945806 0.012347839509298303 0.001410142962598789 0.1883745152956564 0.21051774373717114 0.24269710269163908 0.3072625127515816 0.032514726781185395 0.05170175747833004 0.10973599942585768 0.09277420465358278 0.02143999814181253 0.21246146221111323 0.006796277903770265 0.19210227296259463 0.07567628419251657 0.18421771450369978 0.30192636179896465 0.10360755311048526 0.003494485836929179 0.08802862212018976 0.10762899586160063 0.38365086615286137 0.2900293677725265 0.1493739799468622 0.031304509283154175 0.0979727820308116 0.10287102572710033 0.007275322043103174 0.028877814406257696 0.0769634587025727 0.1827424599225674 0.023331921475472084 0.0579050814219044 0.0469157131829071 0.253205302538415 0.020797975372379214 0.061682092339172885 0.029922766236135694 0.10509499951699891 0.15828975691398983 0.25213841421888433 0.03326162705940265 0.23612649290131665 0.12782341314338716 0.19927924727256896 0.1275507170464009 0.23495774173059664 0.23913362380282596 0.12130765918653848 0.18175302426011014 0.007113990238978856 0.05877377217515212 0.26786735411523804 0.2270616187052643 0.30520824680922604 0.0370688241954559 0.17671400342410923 0.2082431051226854 0.18903140025138684 0.18190191330443065 0.03334100911547931 0.053769514195725045 0.05709400371603776 0.2439905951591301 0.05257999693742619 0.2887852772379394 0.10728434668172623 0.2688455299743893 0.29913005248276725 0.1168636862593912 0.0014534298574979457 0.1484617873881216 0.16535166371103016 0.040888563268619074 0.054869809644762894 0.03858753315060132 0.03992122513358119 0.2524272032759962 0.11659281252601814 0.31864859268605844 0.32285925129747783 NaN 0.17802452865824964 0.1854772331491595 0.08437940701367644 0.04413927187298555 0.06554885774181561 0.1031168352515759 0.16928869984574052 0.030895797903387076 0.22193752944741432 0.2836360299963962 0.015302145292138157 0.11663512626774884 0.07563879015476814 0.00207889933072442 0.16251763101399835 0.17454405552587327 0.21267772362918502 0.10885183432001522 0.19000791621742796 0.0932420305329935 0.021494640440396805 0.06946241135875254 0.09273087856670496 0.05218016366212256 0.02694027881866335 0.12926191294946057 0.062275652882405844 0.014694070365207328 0.016428425365517803 0.033082807985153125 0.2715399877047921 0.136820468796984 0.019158377060268395 0.032510065355534364 0.15991522525612606 0.01200976373127516 0.006670214473914143 0.002362609647632311 0.22417410857836526 0.11224374870603797 0.13836173115690215 0.24630460840367566 0.29140029943956086 0.21508739061598534 0.01745619923510476 0.13103012694179925 0.30482963447724026 0.266289491198657 0.0835903791356304 0.07074452766370688 0.08883782935676927 0.0717350372188311 0.061832557876021925 0.08193875033170304 0.07519848220468567 0.29980026352834704 0.1609268653821365 0.17972520086778776 0.1335307306235023 0.05033331413350202 0.11733463690870685 0.023146442683791353 0.01619613144758793 0.15207672865511718 0.03220450898927591 0.02091986303730163 0.05542155999976636 0.0472073836541936 0.1558971998138849 0.11083462091402202 0.2179417135973861 0.02919880254474247 0.06867776835283897 0.09911743748955217 0.2394345233197226 0.20703844352789416 0.2184979164045291 0.06038534646263755 0.20704805963183623 0.10860830404419311 0.1044084692648099 0.03497165669375363 0.13318801245242284 0.07033257370986469 0.07919976808118048 0.12401698627632696 0.03217301085185637 0.23230178185917078 0.029734726663136923 0.08423477502597387 0.004863128236966733 0.13733320927720213 0.1392449466822933 0.008120648762677271 0.09523746496159041 0.28097243599626753 0.169174536880573 0.054197246526283556 0.1175760433572695 0.1575947136256011 0.239724136930141 0.07238770442989985 0.11025043978080919 0.21910169176818808 0.04867874721691523 0.010904005634565369 0.10707933880828319 0.059413481793885746 0.14233602245786553 0.11714430683963885 0.0654736653067046 0.07564848213045453 0.11253333592123986 0.26719052665163595 0.3588654912009714 0.11798580485059919 0.053816398060096235 0.23585189882198854 0.19281978460471905 0.32508747701321944 0.17489842497519553 0.2418527162240479 0.1738415569235088 0.08377810444356135 0.022886437153232665 0.05079834970335522 0.06658508982401966 0.034851878560447656 0.011757758141717934 0.002600217903966065 0.006820165308195081 0.01458834636925645 0.15098161826950085 0.15251606707098161 0.06303709606949093 0.06358503346288558 0.0013977066580005439 0.005065515389298647 0.24073433953075923 0.0706870322888266 0.14510560207088719 0.007384761627315618 0.07947846494320558 0.13941232804022974 0.14096568556351186 0.25921470486963655 0.06658932581305889 0.2261578467770121 0.006822101850058181 0.12345990721446917 0.11951593349904001 0.23001266972284143 0.016513612902813418 0.16093451162465872 0.015722497602599802 0.10607532618834051 0.026572074428421702 0.09945646500134463 0.23158333204557494 0.10164739830569194 0.03434583123621754 0.09153091864119134 0.08847692161950026 0.1599924591170476 0.00535640597573097 0.07006337121810817 0.06408632931539865 0.17518570241058745 0.12062395884992301 0.036408203781394685 0.1110240682871148
0.1248191694626605 0.049408445475553786 0.04316820606816408 0.07984433932060818 0.035800860658667964 0.08074195916180103 0.023290227299690998 0.05693696025631048 0.11973028967190552 0.19556811528496854 0.03677327749438599 0.10064990058706133 0.07150608352742231 0.21419401459579934 0.26434762356069613 0.09317833857602872 0.02936545197574621 0.05847457952500805 0.0830653469416827 0.00788261181384015 0.09171662986135039 0.043660486063493334 0.06027479051929594 0.07013938805269974 0.00435880004948203 0.13701673482976923 0.36050291032131937 0.17057956582050363 0.413034398512446 0.14319891451134295 0.30987945809706235 0.08162756868930875 0.21950811700044875 0.045544228615668716 0.153720193839108 0.02843924433102362 0.14219651273632375 0.2017394331640386 0.07737017991536754 0.09373427089977279 0.016354363089515846 0.10370787603153149 0.1217082602815759 0.17173804234184104 0.26303660800399287 0.23229020298803874 0.06728580496472943 0.10364082853379115 0.15599056297923442 0.12316817868144878 0.05401702865287707 0.0721215035884508 0.10945083616593972 0.05474263225429183 0.0009846007405893782 0.03323400511269218 0.07911981786096768 0.08374641520559253 0.049719705354618074 0.08401272886282388 0.022041070588133788 0.1341975113918754 0.1911753296044413 0.00877798936427889 0.016094719600315086 0.10245954581833884 0.10633157219530144 0.22540531585203838 0.10585695753177468 0.20812829951349868 0.08223890803220188 0.16837556217006905 0.16721528636159022 0.00905804184304989 0.20901557210061722 0.0932471839725045 0.16022471258417112 0.0695964105349598 0.06303803163291803 0.04304879049534841 0.007834505294692509 0.024115871111848534 0.19292325469679744 0.253405906405339 0.09110755736343248 0.04893942172805626 0.04484570769078194 0.03394842147820763 0.011693508160516456 0.053139436151598 0.01658814807117089 0.008016429437922242 0.039254114104544435 0.14590416012192348 0.16656751969586983 0.23104771098052615 0.2700737347280044 0.11885782002078911 0.10465166948256567 0.12431622383056608 0.1252304825080421 0.06839055493944207 0.0790059176497502 0.12499718534253884 0.00938895680257478 0.06496976588626861 0.05019719155756214 0.04081890616507875 0.06607657938779787 0.020804146307975804 0.03545995443385141 0.07592326497014965 0.08370337241214418 0.022193314252189792 0.03234440731630796 0.005188368282381317 0.15606876949707246 0.058454752310405304 0.030908705913867806 0.050001820868343476 0.12514435794176967 0.0021247089027398116 0.1017199939880311 0.07760889838790537 0.13575287578880776 0.012572393107129718 0.01227835146185935 0.05099381073111912 0.07999848845205329 0.06321197991766558 0.2393911228161764 0.0787809923262193 0.11109180337922353 0.008580057222791124 9.267369182210023e-06 0.07033728436673722 0.04757007834724173 0.05270914477777224 0.01370002141052345 0.16914433720116115 0.15097434335392096 0.16157779136971498 0.25706769697470677 0.22320573589904003 0.27454340213292977 0.1954125893676262 0.14634991237017242 0.13910744391671742 0.23363670901864475 0.1107122331290889 0.2819687995058129 0.0920295784266534 0.11735143447091424 0.018676098031038493 0.09916531212131516 0.024679742126070027 0.0037815833502505836 0.04176074841322929 0.06123545511682091 0.12105289199405267 0.1677418460196961 0.19593125607937348 0.0024194118090871586 0.08864245008501907 0.026232693751879792 0.04009166211949212 0.09192462857200284 0.03213363133267732 0.1385420174412741 0.24257165771751543 0.05410443529787609 0.010671014825101471 0.08439852526511292 0.08546068933011773 0.040372502177202174 0.034664314303243945 0.03581691860853841 0.004208189018097656 0.09627821279546249 0.039155892160300645 0.13190108990766558 0.09145782918762667 0.09583703449846546 0.06052559825292678 0.03977475530565926 0.05531544059571053 0.02793253496124177 0.1364466952216748 0.141864471830065 0.17877892785132224 0.09673974509101842 0.07232221183906375 0.04273853407534462 0.21902734008006505 0.2776355558005894 0.07360238831671986 0.06722586430169242 0.07673794432058129 0.06677808531931372 0.003242548623452789 0.06701711836219143 0.013354048028900318 0.0939887593433315 0.15804907716401373 0.17163708770512057 0.21389426585377155 0.24370070471526079 0.17802452865824964 NaN 0.16172190765892214 0.32058620220152373 0.015277587907764638 0.0711544921641238 0.0038825217429338367 0.0029763023826874647 0.12062445745617843 0.0966702949030035 0.17773324092947893 0.014124924711978815 0.047746576297003206 0.054802777114535704 0.14286666777535106 0.0648101418602178 0.23565271999680143 0.33112263519691276 0.38983621221741055 0.09141699616886535 0.10694344621380249 0.16450158320941902 0.18152858194348556 0.14907404851479275 0.10106543075001552 0.12850510235815435 0.010798410863034479 0.020225972921350945 0.12938946622850594 0.016636196894210944 0.10626432334425193 0.1279566099553463 0.0931178254013404 0.01180905343392452 0.04301990571610027 0.004887083855661728 0.07162441712035417 0.04026551118294305 0.011036687999618119 0.030229643036968738 0.17768184690723873 0.2541054356897905 0.22804089797008714 0.04830803772826735 0.024317511085031145 0.2370837816600595 0.1579041913644604 0.25669411810268195 0.27378226941403666 0.14230205342994537 0.11139181466020168 0.06981570434676945 0.09721924693918776 0.04260669021946513 0.054378191178738856 0.2966127316236149 0.3230455703018298 0.14072931044281184 0.12604179604259358 0.0015092793718734525 0.12143946009447419 0.11306693433348244 0.07674580873401865 0.010276707030771328 0.08809841981234169 0.03169007299978429 0.08943307302175206 0.10578102969424939 0.24894874299547617 0.3492482108562347 0.0864691027116736 0.1240617084038922 0.06829101003454588 0.1419058213786955 0.11508060585111371 0.08560135332651314 0.1912969702792868 0.1781176456571081 0.04833614441340482 0.01783199261947495 0.11053256773814495 0.06469296073248083 0.01644525924748992 0.0662552544117522 0.055672628323501394 0.086855588668989 0.028712162760735786 0.0497138599020221 0.01748513700823891 0.22663083035246212 0.0503620448849708 0.03886121798807981 0.01896640877159394 0.12626923956967073 0.01121016569028915 0.07641020169035094 0.11042686519981076 0.1330142315546362 0.05938545842445327 0.08323502208532386 0.15417281101214977 0.10357824857062463 0.09996316628787318 0.17804808670787123 0.1316580835824159 0.2132681375334046 0.0191346167153781 0.052894369273326 0.07264998137276822 0.2252664065066403 0.08576601782927032 0.01428575911896482 0.09124606126954926 0.11623606076092985 0.219779930890798 0.2650057197813994 0.25577122338058705 0.3467025586911462 0.31883726298446735 0.11708284817561632 0.1641108780147213 0.1890642310422043 0.02292383407408837 0.26253607334892715 0.08888019496547889 0.05690773471235057 0.06742712130481204 0.04112060105741447 0.005774771285980511 0.08195701978297446 0.0001744056230786421 0.0430968599515367 0.008227070290576257 0.008663446531420278 0.23917722209077305 0.01190355540604504 0.06682973299368417 0.0662072104568418 0.0146282515176725 0.04247529754215397 0.034783484416912695 0.06679502555840865 0.24445449786157838 0.010559702644888595 0.11743001926559575 0.062070797820255603 0.18598567485959658 0.005810134432431969 0.15869919440955485 0.018477076067445513 0.024699241896478142 0.039803350744087626 0.007157462660632381 0.101507424840595 0.11559520372994576 0.06061434368521758 0.01619152704925392 0.011303549328043415 0.0842583200208752 0.06847517808323011 0.04808313074085395 0.009381497688499957 0.04850503862850563 0.06611937004537291 0.1943343573850669 0.1033361448769483 0.010877364554602335 0.02348314815480204 0.07127455522430835 0.12144387006586603 0.011601370107775774 0.09725586693945559
0.03054191841132912 0.17857277024540322 0.12526789681841927 0.11156408023709107 0.10232928290169128 0.14861050804431522 0.08600872501943513 0.21268202609547102 0.20302726515426323 0.08585650411621736 0.022337949032892903 0.1946367024224651 0.0864526460301901 0.025490363115979988 0.07415683506514645 0.007980343071622683 0.06736626206709678 0.19799433632696173 0.05714064088519783 0.15137638688215357 0.15970766106327416 0.15159505271785842 0.230896866905444 0.04279076457480773 0.10530988209864284 0.03486424963858411 0.07036094470353517 0.13283208520887704 0.05308966628459871 0.49215737472268606 0.06503442099993646 0.25665904662785705 0.2550138982771661 0.3157684104097308 0.20264219413314513 0.1692397943174303 0.0030972292479332295 0.07114793667912686 0.16625056903167285 0.06361558698552887 0.07084424388686097 0.07693967050266212 0.09419287829946021 0.10439940146887376 0.03948821969538653 0.03221352867778126 0.1802721999062539 0.12559997439020992 0.11264196406794763 0.06577982906987098 0.18109845459393856 0.17108304259985294 0.1883097615913862 0.06257413738802632 0.008104555027865317 0.03861465403172484 0.05434920700965554 0.08929137941501229 0.08304840994006453 0.11117765321835593 0.04512893739998394 0.047167278464364186 0.1665913378302221 0.048607649808619174 0.0961970720860867 0.23200110593410436 0.37391473648274565 0.38741411204430243 0.21870337089085834 0.11284951421807529 0.2785919931563282 0.2284579208787632 0.2251065744328002 0.03556711942873005 0.142652419281862 0.28681657891669254 0.15715825302969774 0.22452414119288927 0.00018146586976640943 0.013218488756499103 0.0962293834563919 0.1947626916561383 0.0078590180789738 0.07182162900234931 0.17512949992623644 0.042946578203682556 0.012248778358584365 0.016287989672876754 0.16603739472960402 0.013957488112720545 0.03342814654852331 0.06121678736973166 0.016384584663504016 0.02258671495583304 0.011788802685781776 0.016713002597541063 0.04640005280184858 0.09738816586117005 0.007431464184708975 0.01406729036074355 0.11224453682044616 0.0749732979262957 0.050810466242774875 0.01518260117167874 0.03415070411533049 0.08447501742684004 0.06922009021024725 0.07731967577337553 0.0800703032156939 0.036120922056851176 0.16215550868238054 0.050658369322875665 0.015999647643069412 0.005889775351612087 0.08217141895249332 0.16010025644179313 0.07369850514360073 0.02021772498703903 0.011754699038011025 0.08098560530766628 0.03048526781307732 0.0017187051725168685 0.018468879053941942 0.06008385564472443 0.048130087378753565 0.05444440917430194 0.052210533116725334 0.019530007724579388 0.17451319351364855 0.06467764340653025 0.07559271477494582 0.39790360014566833 0.11637243310434943 0.015402301730013106 0.018912366127525646 0.027526040867999382 0.06354115006527532 0.1535171096440508 0.178651092175741 0.11967774320878902 0.192580466347318 0.07770273456544757 0.1514333292435274 0.08674768707793164 0.10811490262278833 0.07735449971485564 0.031068464983398242 0.2527936491716308 0.010412258310940977 0.5237323661677525 0.45102554671983025 0.04863517505828292 0.10703069656212495 0.10344352810735485 0.07666879397487614 0.21396016893733835 0.2573566603094593 0.14679351582390132 0.15447857191030334 0.14411758226250942 0.021498895568677335 0.2771597571538027 0.0668780100901146 0.12440123507352807 0.17641942977233654 0.10109092466093303 0.15875226060179942 0.06383594860942969 0.1253686243097673 0.11737520005867903 0.013784268492858966 0.029449368376482675 0.050126111712498526 0.0682351895181841 0.03281183302038424 0.1420309463469212 0.06713220796283087 0.07711425206731999 0.08939345499931531 0.10429002731073453 0.043151680931567675 0.21157696291077496 0.13468685652985815 0.07788377616168395 0.07065003725644789 0.11300291822366966 0.1087791533445702 0.20494960450615762 0.22974543930843322 0.0024430469123511676 0.046674455857524166 0.23555592688122348 0.10958619553401758 0.02519100795225978 0.05792184729588357 0.11122349261257176 0.0974187956074563 0.204805684679167 0.06752572638934283 0.12792449505526032 0.18057184688670366 0.16358070417291712 0.27525092873426377 0.007763747817445555 0.017993672361675234 0.13364717323438594 0.11320480692532633 0.1854772331491595 0.16172190765892214 NaN 0.1331205406330048 0.14942754622127183 0.26333887412508156 0.2929356595275898 0.4132499584702573 0.145247796087923 0.00663163083217445 0.09239180772356811 0.04131206326503365 0.06251070915018792 0.010372512330238807 0.015909422321545665 0.03826627040326435 0.031616276379820764 0.02970845648575697 0.016303641388050127 0.24668187929190546 0.0829919426386006 0.07254357545638317 0.0037923727222938896 0.16618545001581853 0.1334807920096337 0.24012219125340478 0.09348120897250203 0.0009896688872401765 0.06337035402938573 0.07497640327197169 0.00283765976420024 0.02350894610808446 0.033307205360865795 0.051179423148352096 0.0993738060784608 0.16822929649428256 0.005067439008504379 0.006348634612313925 0.10252779652293526 0.4093788295316143 0.36581322527992277 0.09216171398174755 0.09513259736545712 0.33352613138760845 0.3531303153081222 0.17126355725414877 0.05621214080936638 0.19483330116025496 0.17259188920460838 0.1884112849910752 0.11825841957707983 0.025693164225742478 0.08153857544435779 0.07508625356710211 0.1059223239605779 0.06346459430354127 0.02623364787792269 0.10329772980698887 0.007830952334674256 0.2634282025588222 0.07319657992393656 0.1033060918480421 0.08562319655871135 0.0565023368922016 0.006711873863882162 0.048305010489241816 0.05973464524225308 0.03405988443610887 0.027115745291122897 0.10337682496892037 0.12736685957275015 0.04465311798166114 0.031970604184849455 0.06268860059757748 0.09205358891426482 0.04494603922246188 0.039251602050863976 0.06680422393675627 0.009751071242766933 0.03475549889721176 0.07131482542395295 0.1053234787531818 0.04497430826328103 0.05013221072344442 0.011772786345113431 0.003094443552054533 0.08663406347340845 0.00982304205937154 0.18803287804563945 0.05098973357543206 0.05015726999377126 0.025936862646956788 0.1333896789928873 0.13899843718515387 0.025316705232849065 0.013202439145363697 0.01291017510341156 0.18435946510707024 0.005716647789887057 0.05595206594969553 0.19519099646694368 0.2600927427734034 0.29394718593523633 0.07781903365814798 0.2820880112941289 0.15520319427011264 0.10360975782420798 0.09351994516314209 0.07546495491569102 0.08970535054720394 0.1697590180164334 0.15267952854730293 0.06581252429258438 0.04809180405475575 0.02466454640278419 0.16536307986301357 0.09618568325049867 0.08686547460739337 0.04717644670587909 0.10733749954109977 0.23741163849437155 0.02692830842721859 0.5024265202964115 0.568354908428005 0.017969002103115334 0.1794486239496636 0.09244712205841242 0.01576644853535253 0.13225208094267488 0.19609727733377963 0.1252090254512807 0.1727690815241897 0.07629310422746334 0.3364376223816602 0.03019626199397674 0.13404994383040952 0.10525277814155529 0.05004956665704202 0.056936686174756036 0.11945371604633902 0.07087671420270562 0.06169796026799008 0.2841693772254179 0.019408396124145327 0.03799957111441337 0.026179153671817588 0.08669990554584182 0.0731347829944848 0.21389078272621473 0.13551038362068765 0.04453762968792522 0.047205220644155235 0.0944321035321568 0.17551112594892757 0.08534322264800369 0.09066705969402707 0.022579216608562377 0.039078416158717315 0.07856545435799432 0.09995084906019079 0.06563505996553656 0.02221246561446589 0.04515931167055504 0.19854994226894807 0.14099518296962263 0.05517839892833396 0.07944382882674779 0.030371291517745026 0.13243284511271355 0.03020252968554053 0.0603230716037726 0.06844115627528964
0.013269607437944418 0.07218586604451295 0.03366791577554569 0.013132045341204159 0.019681168221777207 0.08616463295554289 0.04676068313918989 0.03787087813053487 0.1268203197184865 0.11363189629245649 0.07333534880685706 0.11553125957335698 0.016099422507956387 0.2273950908688347 0.1975331391525376 0.045772394616416225 0.02578169817138749 0.010581777333189617 0.07266325360247296 0.027856801823933196 0.12582294629007237 0.020206278730980107 0.10259970091455803 0.003242789627810349 0.11840643127779507 0.18145674477436977 0.26966869412321876 0.1304115590012002 0.27180448587362294 0.20313249058369104 0.4167398949614312 0.09778991324764873 0.3606326102063247 0.1486977149738534 0.16282693144137947 0.09697307888724689 0.2151490373566389 0.1285048977777277 0.08339201037602655 0.062109464705787855 0.11054857223087457 0.17577097878576695 0.010758466874607795 0.020893363561932544 0.21047081516592983 0.2563619705638507 0.10962698386549127 0.07209261440527294 0.19040607051597555 0.016080068613135958 0.0797163768248557 0.08450753786899658 0.13347649047090335 0.003074928001525757 0.04860527815999391 0.027937451426933057 0.05409436616074105 0.00810662215446689 0.060341536292639275 0.02100957790614653 0.11614290600333489 0.07147828931122888 0.0529623800843655 0.08245377677581892 0.0024565936794901547 0.19926446214197405 0.018787908916633355 0.26291860817079604 0.039996078978272585 0.20430643562441336 0.0012498117053399357 0.1153869880272797 0.128571884689743 0.13428093698408106 0.19561879856708872 0.05541044372341532 0.08617383827738281 0.11539457608374523 0.033415505479625435 0.1116438219468739 0.04335588314987194 0.02072889841517049 0.04830469761471269 0.05384641781741172 0.041835924016859524 0.10326508902196016 0.08874735819089742 0.026240666337458963 0.1092434995133665 0.11589509918918271 0.13984177807034603 0.05960101724764474 0.015018595728962218 0.1288508934949352 0.04557190358948012 0.15153394221688568 0.15321968270781317 0.08199571051828779 0.09240671176464356 0.2189055727106781 0.09717091005159878 0.18605336907751843 0.09385253334181548 0.23654026506139994 0.11596689921173331 0.022233853465755314 0.09579792323586116 0.005772650063110515 0.11835862107662709 0.007011161457952487 0.07911167401622408 0.06882985916105332 0.04743638928350987 0.04800567139535439 0.05972825038464714 0.059905149981652805 0.06657715429379808 0.010348252421857579 0.003596860312825861 0.0589181437430381 0.08888276485007243 0.008512061183741168 0.08357614568467651 0.07072335432391295 0.11622986023569157 0.06826023234718949 0.03387342139533849 0.04188300243825297 0.1203533686599032 0.02779528841259091 0.18409003670220925 0.07544712811035029 0.01071574255370024 0.0465320243959658 0.05390505681207468 0.05567927924738789 0.012297478700029556 0.05363674330983735 0.03424366752551676 0.1522237386495196 0.1514635480029156 0.18762944980232912 0.3016572474696516 0.00879043129159388 0.14592515626447006 0.12130430910630892 0.1709438226372432 0.03334177996556736 0.040150018447875434 0.17004430574666954 0.3599473096692982 0.10010483353053264 0.16699259119360113 0.01825376239740905 0.12873859000427593 0.09958859898133152 0.0673019192434946 0.005310939132106536 0.07823224761021322 0.02794440442595984 0.15692071044748562 0.16415743455499768 0.03522078557850218 0.010365625562440526 0.08318114288937697 0.05091859869674412 0.058826541904235356 0.07041306206147174 0.020480132454811395 0.20179597341326846 0.07273887547595263 0.0473470879213602 0.021079103634746583 0.13152306510062486 0.1023142099142553 0.005528342446542855 0.01846815284056152 0.03488062651693387 0.06284674435267182 0.03632893922858111 0.003611739785207906 0.056628162819212575 0.05255662964774033 0.059697103231357906 0.08260269043955955 0.014638980361538538 0.09620924369532198 0.155109269055601 0.17839059496782952 0.10616765963194098 0.017274581873602726 0.12326945527636872 0.010379527571949768 0.17232889272234025 0.2047920159666738 0.09952106730512476 0.010783859703534626 0.07644875883274019 0.06287982512832564 0.035193044470708805 0.07038479034353148 0.009370042189826639 0.07742531883916802 0.041214421361519406 0.2122733561272595 0.24591806036288522 0.22296866063867876 0.08437940701367644 0.32058620220152373 0.1331205406330048 NaN 0.06891861332403243 0.2695711910427728 0.09374215048401671 0.05949124673120153 0.10938241703957985 0.06080982210202297 0.16109045288660115 0.08516051353821615 0.0410367767751037 0.05914979271947233 0.18900365188481205 0.03050596474687448 0.08342877657478955 0.2700854037457287 0.2605334723971347 0.043112225139537955 0.11629615274911165 0.11729861723766864 0.057677064348697425 0.16896358798379094 0.1698339374603546 0.14780751734573433 0.05138183623250593 0.08184396831601491 0.13423960266982177 0.004478262821670155 0.007446298459462968 0.13134118788982688 0.05733350307567567 0.01839976738698586 0.06999840050929933 0.1380735454383368 0.05522747524250135 0.02201425502721841 0.05951605278544255 0.07333196024700456 0.26549898739247685 0.24528433348530612 0.1789875101136933 0.01916705355290167 0.1306447963905362 0.15104026219200353 0.2375717983226157 0.2137092329775222 0.2684373497940045 0.04563960401314978 0.03594423014348941 0.04007014797749647 0.021197037262106484 0.02508920426023997 0.06216433123638584 0.059000212406350144 0.15087132817378 0.004431497149827442 0.01564690313393038 0.06009799702169978 0.07481295664228887 0.03774639244934885 0.15701009472253843 0.14881091063174445 0.05529753970788325 0.013002068305594309 0.028342435726232938 0.08760097937420848 0.09200062759791974 0.09916805000275174 0.04762271579953749 0.14648966504415498 0.14325410964880875 0.1844533426940765 0.22786565596701444 0.029519026269617634 0.16538137885549023 0.2591782983773703 0.027286182293371763 0.11478185115791972 0.06667583561134477 0.0603983248162902 0.012894374783373781 0.035157166016988435 0.02261420460003042 0.07107289210111258 0.043218277005098185 0.004353795952186183 0.025307048184272287 0.05604996737541205 0.06808267335240042 0.049035969489116545 0.04763014949262584 0.18828722390388922 0.008944393690298749 0.010557086589277592 0.1224904373527181 0.01322396322164301 0.03201459684321573 0.17238363525093234 0.05967506966872888 0.04530568730713148 0.1387921688477636 0.14259683981010982 0.10698840337989328 0.06388923881977937 0.05832223119884759 0.02577954696010316 0.02525438089217518 0.21348944484063753 0.08228154521113962 0.035412021397761236 0.028477441445994327 0.11466468574082468 0.2606480368265778 0.28734270039626975 0.009007281558340968 0.19351670661964993 0.3401291802017807 0.1364257034519697 0.0037083776765285165 0.08036223256005898 0.025060905262149588 0.3380687201213475 0.09300463704391349 0.1433526615458778 0.06412876701458382 0.11365531692108904 0.0052385861600822755 0.13305441926015432 0.040360820400960555 0.07201958261777001 0.010582790629107166 0.04392904227194617 0.22026924581027169 0.0592642426500899 0.00962620081048597 0.05851364578665173 0.02132879752161699 0.0071738942388833975 0.04625204570187155 0.03656516611394871 0.2805720999531388 0.14354481563190957 0.04257102651007011 0.009925911535100466 0.13620723968737894 0.053878399574358735 0.027140618569882206 0.044999397193718385 0.009345425965405472 0.03796004950501493 0.009075107106520965 0.011873569902513391 0.07730335889574691 0.0015630509699278315 0.012141287222282714 0.006858906746384482 0.022150469317830365 0.004182131283346993 0.015639752224830595 0.017586412393063477 0.013595621307673215 0.02249457724607366 0.07995658926002161 0.04741090161287805 0.04851943979299969 0.0038171827474649095 0.038883850163122353 0.09202853288800009 0.0014075062524010178 0.02955961550514152
0.1150413871596286 0.017670924584979236 0.0005255398441144913 0.12725262813472116 0.13132216598983448 0.016176831397806984 0.0389516823931205 0.04607563649447409 0.06864488599166506 0.040382725781755786 0.05898678010491038 0.053208342693906834 0.13082561060122258 0.06816947655885601 0.13732093988146232 0.03407432413581029 0.004130892554441288 0.011000800524112257 0.03219030638868338 0.07205965852232647 0.03680935681099896 0.04305595913460214 0.013137076833717804 0.05362251891464876 0.12245756950776224 0.16190378735466865 0.03071192883884071 0.02924051285999187 0.009508463180386076 0.051132335087922955 0.08024252435380223 0.2618799915253593 0.07748843047163931 0.06669339813855321 0.18673943364459974 0.02973755663080243 0.05112113893580892 0.0671726943538625 0.03504256704337305 0.06812760063657067 0.018144100962454397 0.045911331433505405 0.02080822303122958 0.09299723717227114 0.09289742353277998 0.05658386110383683 0.030056451895159264 0.01931899877650124 3.951914804043287e-05 0.039410462826627836 0.022679485055328442 0.010903351112213674 0.04554796073334957 0.006442865711757488 0.12966673646607477 0.008284353950724913 0.015798266141273082 0.010426932170375866 0.020729983994041294 0.050483959182936945 0.11273973073200644 0.11207845153092913 0.0895678157015011 0.14462427037320902 0.038011674299600826 0.04879118587993821 0.21168206016145127 0.008579864674610246 0.1388421549012769 0.006657655461023388 0.16833542200911125 0.18174053578378208 0.0085527037737567 0.10996712056725542 0.1321763457344677 0.0240568300404005 0.05388174444994876 0.04678845484981558 0.150450804981803 0.05727615627071315 0.10703140093122818 0.02010316428516344 0.03486290534329824 0.14102250117103735 0.06727973796784809 0.20936795789566567 0.16223588831465854 0.054793170747635886 0.06400897819771854 0.0643576875244971 0.018414229504690568 0.02666920335150339 0.06317177710889714 0.13628968245346032 0.09624396252089759 0.12591503763529047 0.07782117833115051 0.06821949170878296 0.039587955594662966 0.11455552284326856 0.00985258584849438 0.013400373253471704 0.02732668404806315 0.039966515620886406 0.030464877872227392 0.05420552904293373 0.03943453664459614 0.03977704088109757 0.02912305841236032 0.021526044857717256 0.004340500022321701 0.043255841564757924 0.00854717981111978 0.02529522257545132 0.07607721840820228 0.04952610209808807 0.06390574555528782 0.010059527406881557 0.0007308407796710675 0.017778431591126336 0.023638116455156098 0.00013124894429057628 0.07623224304907285 0.033893231908956566 0.03316054784024518 0.0194400892885975 0.04562717186368465 0.04129603498696203 0.08120197070826543 0.10384204335538769 0.07661985406567827 7.313657155735688e-05 0.03047956214543265 0.001164644438527307 0.07541255200904343 0.030287590096128456 0.04187906752590981 0.025621276130075664 0.02866849266976382 0.045581617427623046 0.02903929623294267 0.0005364627921845024 0.08814370102136729 0.06730346450871466 0.05493282203318236 0.03992941151240029 0.031276835794482385 0.019029312948540975 0.21147437735719218 0.09694875629721611 0.0453145222490385 0.0034888358615425673 0.042281628066327695 0.048534049984121135 0.05249511648888127 0.020175326301650174 0.015314052855622828 0.05096750740873747 0.05493092281313456 0.05697501709730561 0.024342003602253096 0.1749080496073044 0.06478454149885514 0.08082622653411738 0.05366781131842133 0.0062003528467549 0.02763601333751388 0.014235584246538308 0.09962634219351225 0.06974257936143552 0.1271342398368326 0.032468761940963924 0.003036711833612418 0.03916930443157208 0.10622859681805202 0.007577350115904629 0.09892846199714586 0.029697110060324113 0.1486245318553958 0.04701904504301723 0.14809392062175605 0.03596313145912037 0.1311402846754288 0.1919291454461074 0.17911937308523637 0.07858696296177906 0.05418218673863618 0.02909065328022418 0.014105848110025498 0.012056459549588235 0.040221089363396176 0.1499961598997541 0.17424531110303987 0.09968820400361102 0.15289309842375 0.003826511274423938 0.061599623015228144 0.01408718961556691 0.025211836942333393 0.11055036760761619 0.04090203823662796 0.0003362553278254029 0.05197941399899378 0.11652775830561354 0.17912733948316162 0.2819320680731259 0.07456926252609143 0.04413927187298555 0.015277587907764638 0.14942754622127183 0.06891861332403243 NaN 0.06775732832954516 0.19820956675317283 0.2206169148127019 0.047898974371250805 0.014398855001502302 0.09910717214031611 0.019096645583114434 0.07666545587928202 0.07138133989862706 0.03675779997714306 0.03048170598403905 0.018142187343923716 0.10507818601191911 0.10535601835984373 0.001683655966022005 0.04937517995132343 0.05978979157803662 0.05732203096136857 0.06391005114725674 0.08388811639816544 0.02192690690984005 0.00374734875745864 0.0936164420052916 0.08270632288060761 0.0009523469695603712 0.017570121820714685 0.0446094654858721 0.039053686418592186 0.08631216315437448 0.2338241544436116 0.050343777853084075 0.1817112700848567 0.07570598451993084 0.0001559947902429003 0.2724092846251672 0.049061316546400384 0.20880063723681616 0.18677262964969796 0.16034423244771034 0.094330110575759 0.05080274476278524 0.28108533966435933 0.15147750748999664 0.26483890292495227 0.05110063211789317 0.03576726432809657 0.04521418910419332 0.052352566516635494 0.0212090716661235 0.06975502320950572 0.053348280358428805 0.06723715009689389 0.14124611719366933 0.23779271302230437 0.18802316748807216 0.043463031724997325 0.14162993776297658 0.11787950933475508 0.07390079557321579 0.0829684620442079 0.1345430267988206 0.16746584767054568 0.012132277555332508 0.0753136298963935 0.040418239707524714 0.012144006440042052 0.019746105531662693 0.024550540396233993 0.018808827467640413 0.07053413033753475 0.05497995382994029 0.10089398878001488 0.022963433885073666 0.01874130008319977 0.009031609533487398 0.10851771215465164 0.012825783829885916 0.020284759506459926 0.048483544577334524 0.05294900560383837 0.08180808504119154 0.024999922826772266 0.0007375257654890376 0.005916812954742148 0.034003324896110465 0.016503253379708354 0.0050099626475023215 0.05345541943132231 0.08006509284425659 0.04979504823794478 0.0005447696266007372 0.031577044986850565 0.010516314345283889 0.032686144133628234 0.07751664170469887 0.06439509095725518 0.14644633963551457 0.27937378636261045 0.10412401347702946 0.14602377374690773 0.03412148292153807 0.1013104985131707 0.1023749589532164 0.040428102802072284 0.06693973242815802 0.02414674621257749 0.038144068719518746 0.08096450082802999 0.026855314852094164 0.07481421882718017 0.09251506814239219 0.07925814355705761 0.08285066240709775 0.15298992056829516 0.016656271225833633 0.056679456172921576 0.35119064415387147 0.25305746075228336 0.09879995780760818 0.017198116554009085 0.022241692759582623 0.00745908318363575 0.07380870698968706 0.025539457974493533 0.02798525753550218 0.06437073256363082 0.04334342754828246 0.05304922416942117 0.1839850749168032 0.08038445973414994 0.04416458892748229 0.03500569357570752 0.06329792238525078 0.0678859528053801 0.0033673876423372835 0.04083347632570652 0.019537804446247264 0.015842386059136526 0.19152065045743366 0.016525976496432542 0.027438511690850556 0.06470372335525434 0.06831108540411043 0.10625058116834882 0.1819572670617573 0.044075789197079655 0.13919590870038898 0.1423811171146147 0.12784677746152048 0.13629380870516236 0.16116541917616087 0.03478651820923877 0.1181058371033872 0.09215407816523205 0.005351980486749473 0.06176816461253452 0.09603109949960284 0.009827330140220634 0.15245582497520724 0.1541482594370045 0.0748896111202642 0.027365813350850896 0.0701736138777251 0.01135109183565953 0.028481041921052896 0.06785465074801006 0.012145184589132642
0.018880649913689946 0.011716500555020333 0.03594907610895348 0.05081612099471415 0.011330724671753374 0.020904550795484207 0.01960089307706494 0.0817696544387538 0.07377439678643999 0.04364514081329993 0.014038023290657588 0.018954174029698213 0.042135946490907655 0.1805827530277044 0.17720660277773995 0.033115548519907556 0.022630828179397412 0.02112455834007514 0.057265856595633456 0.013574155437551924 0.04320991731865117 0.021162276384748744 0.022773471696739194 0.014286302044730716 0.12014283911509326 0.009809169268339546 0.016811294338338306 0.05502612079290738 0.04193789143304198 0.2131123930838651 0.13133102672561683 0.17160784621816727 0.3538387606368829 0.2519608235528942 0.22885873286571645 0.029832994317972754 0.033788262371310274 0.024044527202282652 0.03164423534156205 0.021434783377441705 0.011959883234240966 0.14946965092716644 0.07789250565288867 0.023526208348905987 0.03586962826730262 0.08599221165645829 0.11198879676076287 0.047618003924825764 0.12625304643074037 0.012052671022853241 0.056126225971688294 0.05348277733403792 0.03626182862837757 0.03678054254539993 0.05879303344011328 0.03273471673937301 0.010683941581465645 0.04876192531671395 0.05140492814612086 0.10069775778314546 0.11181255067095727 0.03393959012722597 0.12000574162039268 0.2055656725472345 0.08920853043381588 0.23174597971938088 0.17527183058322565 0.19711191253083332 0.0011266434281544577 0.04523751934511731 0.12183309393366042 0.05536544967744144 0.17410600027123904 0.06692914752465218 0.01828504251285285 0.09043957450978278 0.1100135042980442 0.06427955277819945 0.0603903922565107 0.03228377437391604 0.12124205636560331 0.012757119330339942 0.05505898929471435 0.0040960991741514 0.05051190051861158 0.06364477159976853 0.12303270409786358 0.034524642863534676 0.14088076075786482 0.01698116020344479 0.057985749323289364 0.061737995546595405 0.03319556224368505 0.03532524857919465 0.0017058663729200734 0.0876085038604274 0.11571317726521008 0.07099756623830915 0.028330225159816015 0.0045036485051781275 0.09279365110391373 0.11534766354158058 0.0683996111136089 0.13959641363075392 0.02255238803348223 0.06150777492471589 0.02372730957680816 0.019934416682775666 0.04716197266698786 0.01899560518541533 0.10487699412393213 0.012955231450910253 0.019280122198728204 0.011020313748749087 0.003950360479580439 0.05189614650386439 0.038633396580625916 0.010283037453292463 0.055985834206854976 0.04918992029027974 0.005885046606716368 0.06356949797337108 0.025573223978537965 0.0048485159528453845 0.020342532648636405 0.0029806437625701965 0.029461645332218026 0.009473291664902695 0.010754281137202316 0.05594826972911088 0.05630346409303971 0.1541120793596023 0.1163059282831496 0.01365954709343393 0.026321169238850476 0.06470486418573507 0.11081790086358831 0.01728228048888478 0.02649730827234669 0.029919724618810338 0.010599878333483038 0.02589861222108362 0.01724613275340204 0.03599723893464043 0.17104585088381624 0.03155988733682542 0.041552866021631295 0.07298668247476381 0.09099895140390085 0.26754831006977087 0.33973938764218475 0.11087710723302936 0.07139676667674272 0.039771418445387924 0.021813378378014444 0.05659252049569258 0.08715262267501202 0.027493968482741202 0.002867411005419643 0.009979630686069788 0.11597711569860684 0.1632222547167838 0.06878361581910186 0.07791076044202203 0.09119760524872646 0.012277959741265623 0.04688168845881373 0.01905964990187923 0.08348683147272817 0.1582241364525141 0.019461807741825814 0.02094550081771913 0.04035082386366998 0.001003301188587884 0.006221476060964038 0.0406681365671968 0.1265990027025003 0.03954258341992363 0.03023432878111958 0.01604037980417731 0.02221019579115791 0.09628248989031692 0.05951488781678821 0.06369210774783311 0.040477421200359805 0.0505345203198953 0.012174932083413562 0.07054111100591913 0.07545373529747999 0.04486007478732036 0.012736109426082507 0.04596253936672759 0.13513772544066144 0.09910918317509168 0.14310212358680185 0.022367010398693606 0.017585154404108815 0.04841396617859695 0.08765779675064297 0.008967206776403155 0.034558316059442075 0.028672084512811277 0.07471552788036906 0.04605015722190183 0.08344113276101855 0.002533036940727377 0.016493814896199596 0.06554885774181561 0.0711544921641238 0.26333887412508156 0.2695711910427728 0.06775732832954516 NaN 0.2238864601369403 0.2488052550137843 0.12469311429193779 0.057825446774566046 0.128618576131031 0.07941720733829497 0.0155896991878388 0.022682929366822972 0.07503863167500548 0.008403200751958058 0.06478336733954816 0.06310648266557305 0.07930418760917622 0.07116730308712929 0.06723185106344536 0.07465011546561319 0.04212941009394754 0.07011348985471681 0.12747363347041296 0.061638040948272056 0.09363913242314138 0.060799476088937335 0.06388886220597605 0.021688027647374458 0.008953275104398539 0.017487426241569282 0.009113199948001742 0.12577289103039016 0.03721396205538679 0.11257926208291139 0.14753284094737076 0.14209486083466935 0.10188994552802069 0.11558280921847257 0.2320574274304243 0.07385862594274407 0.02868588347479496 0.14726674001011258 0.21140035791313333 0.07777378566303392 0.029869745129303422 0.008326190485222323 0.03517457558904705 0.09576972605658955 0.03471037949703483 0.01838406737602469 0.045154409539480266 0.08210434123099433 0.0617833831404705 0.07452272792672485 0.08495641544677938 0.05679558358127053 0.07492733668798297 0.16072932169152254 0.016179818518307326 0.10935725468819817 0.0775875602342292 0.029266362296677124 0.10943536733848702 0.0314713510926472 0.07074106504651077 0.0339868662488656 0.014042386872189005 0.0690599452906616 0.06777179880020305 0.048245396323732724 0.007470522414312082 0.06816338288450692 0.04636234433603241 0.03000158548987449 0.07764368879763682 0.10443426662767498 0.012758427283969061 0.07396592716999839 0.027650301786482655 0.01956672147126378 0.06370395349766213 0.043392014557575846 0.043020161118772306 0.030815202324735252 0.0009469443104596925 0.014524445352864162 0.1325942354688532 0.024909347747325106 0.06526056074368895 0.058783976083893304 0.03758494157997472 0.05785853253694316 0.010430039596902686 0.05506781441205177 0.0665634633578987 0.06963529208392515 0.023239092380735283 0.04023767832200862 0.052480906482641344 0.04121410905173402 0.04596391437362504 0.028696861540954688 0.03794950270430379 0.0828763787127809 0.03645872519792277 0.03544835447416169 0.04541727231460151 0.07600752557724993 0.07817214073162237 0.004111737651028023 0.06857156706792208 0.011317915450499963 0.041027880333892514 0.08705841409118256 0.011628042850988783 0.08515922244103069 0.0503119719097224 0.07800960291142581 0.05545810502694137 0.045447420418545915 0.14585530318167672 0.3355234072607405 0.043984301071436895 0.04322020526979771 0.06753051248205845 0.017325850831479212 0.003806090986712074 0.1265037095727916 0.07164354925520995 0.16132496916388397 0.05771569284237179 0.07678749686340382 0.13400569858629077 0.01618697963713623 0.046246963083449666 0.025207893688537094 0.08017598302540782 0.07373107731855316 0.018866212495171814 0.029638264197478933 0.23375444617677624 0.0691553670210742 0.03495483520617653 0.055971378356640226 0.0805688984771933 0.05271881085910118 0.09785716943586283 0.10453463013366174 0.017777124612079646 0.029735014496101674 0.0649692351644043 0.2093260807737637 0.12411922857142953 0.16801414543168408 0.055487465974188875 0.051754831680148675 0.04625493816218573 0.074536530902269 0.028728492035063644 0.06000706231582438 0.07960588409505923 0.16828874658348908 0.13451556237590365 0.15928574495019152 0.05885576779178243 0.028277358246986788 0.08209122386022552 0.010928265521824182 0.0252853587682678 0.0030596243114922902
0.09617738078396426 0.07519221590146961 0.01277807821802866 0.020125160340975164 0.044824627161088114 0.008785774000479777 0.03834105229491579 0.14881703400945312 0.07904028728757614 0.05540912931842134 0.016153571097112556 0.11040662629818007 0.013504640899946312 0.04041262876409485 0.04703402802483768 0.03303160880645382 0.018601888134032744 0.10601240088881923 0.04180901361785322 0.049925346174859365 0.04067372393154149 0.08174461692803152 0.09265814766459053 0.07605697708503668 0.12987737245095288 0.016482075865172634 0.04570627351804267 0.00595300708193175 0.01629893195990808 0.22027128609268865 0.030007601597515227 0.18099197110923215 0.17144068246069438 0.30372342622024695 0.22829740290993694 0.14387425168361984 0.03425335541475894 0.10613473530494871 0.11600659276084142 0.0954808709282198 0.028922863354715056 0.06772756051926228 0.10367942845329187 0.10563199491983831 0.13645287029104622 0.037692650622162795 0.1440839205626534 0.05334425322772989 0.017884571360975748 0.007047999551224326 0.14502176431341626 0.11455781433595974 0.10100764176531547 0.13640973721153757 0.018794814130475554 0.04848328325688135 0.01861649548834979 0.04011949291316306 0.032193959877352 0.1063463004433558 0.07616344601806782 0.07941594538515119 0.15498198576120042 0.09284155749562503 0.09203065094968105 0.19191778632394157 0.234045378873575 0.17837957006488453 0.06591091852245276 0.09744893955523742 0.1338149472110732 0.09579148555038022 0.16477816606987342 0.040312034817832944 0.10094069698330232 0.2008093304467237 0.07865578686750926 0.10799880440648475 0.0007155287517510468 0.013671102354305041 0.01688597589627455 0.13012356532878017 0.037878272153076896 0.1256856800766878 0.06258685636929955 0.1316923872308375 0.0871855641639228 0.023435956908531928 0.11530239256863933 0.036007130652304105 0.00865714745904471 0.012064821358082586 0.0497818871354918 0.031931739562723334 0.011578844651604456 0.05587323999055478 0.0680412772296236 0.031184278361458664 0.037358005721148745 0.054901751484314344 0.10728960801210805 0.011167172033842711 0.02283206510200551 0.007107851384024947 0.02386045940286666 0.027112960101965244 0.04539323160327713 0.10859296017806563 0.04672984454792968 0.046675623433283506 0.12599586440156743 0.07901622908408823 0.014018939405638444 0.056309984946668376 0.010573467752582728 0.09742694842850506 0.050722422953388455 0.04676924876019623 0.024021274060641723 0.03309081517638108 0.052982214836204036 0.012287631185033315 0.060935380126291246 0.01624474566921712 0.0778266373593828 0.014145736476592707 0.028402040985977914 0.021864366453768002 0.09540387619037735 0.08407336244172227 0.037863090179294075 0.26002270905114 0.17381646952182972 0.014979847827390737 0.020685398950650413 0.02063438086372793 0.03620528439736027 0.07255196012714854 0.07196357497581032 0.019493213343460734 0.050162314339519384 0.11006615516263556 0.20910259052415164 0.005179100045180381 0.12609679392036868 0.11000650716255139 0.03968987924224386 0.22063471981999042 0.025180775719165077 0.33110323256229557 0.269155531768758 0.010954464246378652 0.07529792020521485 0.016547137218615556 0.02620432801125157 0.11845590970633955 0.09913628520765704 0.060758143346287576 0.04998051035179759 0.0025827330215292396 0.05214670572066087 0.1435784837161789 0.043329249737220396 0.07481812108628877 0.13529917651636109 0.040932928349146115 0.056830843773312024 0.01618695913154077 0.1421874330371665 0.0741790979037777 0.012614081409552615 0.012232739506912584 0.013496483516242552 0.03735862606240135 0.005613721449100866 0.12931789052101078 0.10897146925824328 0.051991073690188315 0.13462790900457722 0.09895668439362218 0.06265581936581137 0.14122214602001407 0.06443760919566073 0.03591097684726197 0.05238173347807303 0.024758685848761095 0.03920414118871117 0.07934182459544155 0.10297183020595212 0.08642764577427228 0.0022732370479480886 0.10403687469679283 0.13443052583352041 0.07863887309070158 0.047924601912270944 0.018641004193145242 0.014518180750019125 0.09930725778160238 0.011718641616299201 0.027832567160160585 0.04383602614440841 0.045685252055652076 0.14932669250182296 0.06378373837168182 0.04305788304203023 0.08440393213094209 0.08226673437251895 0.1031168352515759 0.0038825217429338367 0.2929356595275898 0.09374215048401671 0.19820956675317283 0.2238864601369403 NaN 0.352965355759774 0.0644450439418571 0.02416061496982573 0.14971960787276317 0.0911961884102316 0.04485500433755292 0.009844922758923923 0.054268874867222865 0.05148493435478342 0.06053129350203377 0.0868776069622175 0.07428877269241164 0.11020836224103592 0.0028328191037474268 0.019786748358384783 0.007360268117687785 0.08473231632848492 0.08691944924288594 0.07743127612390258 0.07518204609094793 0.006037588098633479 0.024837121147667358 0.04679445105414021 0.03802027850685474 0.05988964012503842 0.07331585290494802 0.07729211363908355 0.09081488983050551 0.059176484255906915 0.08065102109106823 0.0669935859537391 0.0805695126617693 0.2131280735153344 0.222230842928738 0.06621819285483482 0.08812041613651063 0.2258034875779888 0.2769474741915833 0.10808915536869725 0.056865621731146114 0.11237892090135553 0.1407859431330552 0.2028496032080993 0.1278224795977478 0.07268278389480066 0.007319152825695771 0.07235591518669782 0.04998704058497099 0.11487315594294216 0.09504965004509298 0.07270891803653198 0.03348508706671555 0.23624938714427093 0.0434136887322042 0.04859303089142112 0.008887040809714303 0.039500481511315785 0.01894251302626988 0.010539789412775148 0.03846143076409823 0.023156172409315137 0.04761296484750808 0.06618983080832148 0.1020993301101544 0.11363338716649084 0.02870174879607337 0.07521008615175724 0.05019073260230472 0.06668454714296755 0.061627475702433786 0.04817058479811422 0.02014688737279408 0.005531146416285235 0.04822557941118955 0.06725885150020748 0.024978845439096172 0.0804473305874342 0.003304544653040017 0.0013353698189985353 0.07876829422979628 0.06368862849652193 0.09352044529467941 0.007094188334183123 0.039793279470740475 0.03916055479429244 0.07409207654560807 0.010016131242025272 0.018824685686132176 0.048035545764049996 0.011865048276881241 0.11876987932745685 0.07679966243836865 0.006858224961624134 0.06628192742801052 0.11789301434730388 0.1811725600269142 0.045009087141910174 0.1808304725957519 0.19359754994185188 0.08452362891917096 0.02806315695533833 0.026443564476356426 0.0865114283352412 0.08793015813033117 0.06839344296580574 0.02324907219546243 0.034760055955031795 0.08943558329616448 0.11389866152152182 0.022074272218298267 0.12887331404008903 0.12336127963271282 0.06177677006978303 0.1619358569383172 0.10967150220426715 0.24589267914653437 0.32306961585329325 0.06169371769066536 0.05526211290856312 0.09896562667947542 0.035640084316393296 0.04718100920002545 0.08299220685375347 0.0808527155672181 0.1193938849559529 0.024199684401432796 0.24484833458964878 0.1095122073467929 0.03808979782505226 0.06607058142962156 0.04186260892631693 0.11996281520971247 0.13575282167877073 0.017023432598995216 0.02012170548248075 0.18210181662302186 0.012047287575613142 0.03710003762208688 0.00652726717026178 0.025441847255658297 0.07192990977800613 0.13359398227000369 0.1651140981306133 0.07357925773928985 0.041955558365142157 0.03774921446502612 0.09600165399754121 0.019608109924409662 0.05284398231381113 0.024874859684357254 0.017558941054392246 0.007004782744314143 0.09517445551171538 0.040161557071227 0.06212759885858655 0.014112745663235761 0.10848878796694811 0.05070560748807542 0.08939440401576024 0.050792652752262836 0.030273643340270783 0.12847761886493808 0.006621565479888651 0.012506153590206577 0.05414930206351554
0.0061067842686733905 0.17400151845112874 0.12037734048366514 0.11909422186515027 0.13776690332242728 0.10451387360259334 0.1107226914595437 0.23378248313000988 0.13037080460409642 0.07722556866645655 0.0045856550662559635 0.2521306085551783 0.05326346169224006 0.07038927281860938 0.1233804131050982 0.013719646375755668 0.12463606648897795 0.16719662161500337 0.024685719638374928 0.11111600719144465 0.11964542516547129 0.16735536782669747 0.18616381604381965 0.02653979268242887 0.04812870088699408 0.17348178085432847 0.04895962251022709 0.09032758465161489 0.0005177646963975297 0.3384589084753131 0.013026036956489965 0.32370355448603466 0.14550293422021154 0.32215500803842406 0.16911983899048214 0.14024696539837855 0.04453182521892322 0.08753179645023203 0.11551160956948353 0.06591074959398628 0.06696561029734431 0.05309327059442703 0.08126489912275034 0.07178437575772732 0.16187375804367823 0.08849787075376893 0.14857314063374874 0.0719882308933585 0.11521464899252626 0.013627668446999726 0.1708246293530199 0.13654139786590952 0.16154161325696503 0.07470905656569504 0.044083576020099595 0.016376348279304145 0.019604441306689403 0.04861060961969004 0.07651565016775466 0.10630789292509307 0.06167112126816674 0.045752056856094486 0.1819702451651821 0.04884676863018665 0.06260934066711188 0.2348997092324334 0.34631311719639246 0.20740470369673744 0.243884955217235 0.1503058511835292 0.2725895426321661 0.27492202690815204 0.17062009057090904 0.04595007822584569 0.31126731562038173 0.2967332007126156 0.07424363804806937 0.18384030286485 0.035023790760012996 0.0048345180071235104 0.1073065811496044 0.13010919288790293 0.03320391005466913 0.11100440238132095 0.09404526969710184 0.004905936970944471 0.03008120606792061 0.07109109712665959 0.1498742262431204 0.0026638009592324674 0.03193034657391244 0.03172147836251525 0.012872316697574682 0.06028486006043061 0.000734454888696177 0.11006883880731837 0.022420861529106776 0.13357307941418126 0.058264766485174355 0.0024189625671473215 0.0622864900463525 0.10105175757010357 0.042518499108274696 0.03947728652969594 0.05994094080908351 0.06061825633475976 0.06048053218942585 0.07477912915460212 0.00793405933667961 0.02566258294104128 0.14452822567874257 0.04063341126410957 0.012734029428172788 0.03150288027411842 0.02175738081413741 0.07060858535167007 0.05991213087538096 0.016563186620731356 0.05409384639403996 0.10917892581922259 0.02521251175400611 0.023102274354509972 0.0954673625756875 0.015675898469283415 0.0894131035206913 0.0793434346443834 0.0008457713856923517 0.07299423414923498 0.2316353130766013 0.135464931011034 0.15110175105492915 0.34666958611727144 0.10373054062885842 0.01857050230874883 0.01163955427618714 0.0022825599103241936 0.020809132330307272 0.10242157017166707 0.16553270226721178 0.0635168980756436 0.05276512656177824 0.09802646793248128 0.2157481853211712 0.08349762940528313 0.0706980832073472 0.12955993895028445 0.023507370175108903 0.258531485359946 0.020876671419885702 0.45591410950107186 0.28626054618816726 0.03765739764315416 0.022175744638618128 0.05025952619524472 0.006279239639156992 0.2027290308627744 0.2337411958315949 0.15949494955889407 0.11878119869356064 0.017290548194035398 0.033932843070727 0.19359339571564138 0.0077692862759701515 0.11677314156353308 0.0972265208168471 0.06315673467014546 0.16632329263221582 0.059846731671134 0.0445884517830145 0.04939280527425599 0.06092963318537966 0.005557939042243045 0.002746468154973454 0.025993474905986965 0.0491189080463667 0.20549921340029664 0.12068155613225544 0.07885475275922595 0.08030797011166542 0.09038212376669864 0.055596475886336184 0.18926360021460492 0.09609051776785862 0.1166133531686089 0.1275184573663967 0.09812819920854715 0.0797288213785606 0.15090820205760863 0.18444545982145155 0.050055601099802276 0.013493627386373266 0.2825850435710771 0.14370358400609828 0.014507715497219121 0.11569278309763231 0.025128806028691567 0.0680883562640669 0.20808437663322948 0.04064894348312382 0.14583833533795673 0.13077504499160308 0.13128830525387136 0.2565930398779468 0.03690741533064549 0.16396496156665116 0.2826407540389711 0.050654042747379543 0.16928869984574052 0.0029763023826874647 0.4132499584702573 0.05949124673120153 0.2206169148127019 0.2488052550137843 0.352965355759774 NaN 0.11377648615864412 0.009791274433607965 0.0845971390150213 0.11848034567598544 0.04928758001390457 0.034774064934094566 0.014240562168911225 0.06519610199635831 0.06693594165800305 0.11694581188744375 0.13193104730790908 0.16959997385273334 0.02747003592014373 0.08920556107409792 0.09404198203245236 0.13084871536360498 0.14170301366775162 0.13797786187314867 0.11706011375994775 0.033731020048000784 0.09967820487191545 0.07511427480926297 0.025357961508479004 0.02881260790592087 0.028300663590740304 0.06294253787836232 0.14885331055439355 0.058311989457484545 0.11196645324884123 0.060084635535913686 0.07477268523682365 0.392804180094417 0.3004876348666031 0.23180015208979377 0.17670327676988215 0.32670586476414454 0.3622657659507032 0.13153098892416257 0.1736567909870365 0.2874722717724745 0.2804993339156685 0.12287353118000965 0.11161828547625938 0.00845049772730219 0.0921928233292553 0.07954540574946647 0.08533659473687832 0.002778890283804135 0.07221180396497295 0.1043802145830432 0.054998454199940344 0.3335897960268695 0.09602125605143523 0.06774680021765932 0.001978447610766363 0.01184948875288392 0.03461900421307392 0.027248618984387594 0.14781745571257496 0.04761823491335491 0.0715099750835144 0.056391405067361546 0.11321749137746914 0.049333297836412375 0.014598511768761304 0.021374299793121068 0.0123774310576495 0.015255198764891462 0.022194494291485102 0.026746011721368416 0.043754427481770816 0.05451628920997138 0.03396978752010948 0.06514335891593619 0.052347674147772305 0.05317321861198413 0.04038239725823249 0.021122258285708215 0.07638956286575047 0.06301320338811094 0.11582069587895322 0.009068525831154927 0.05356746746610443 0.0031373403910814972 0.058112024252548154 0.08647609728134556 0.042434668974594844 0.07467328610286886 0.015365274642223117 0.1924340641265766 0.002693465112675001 0.03660732511743533 0.19888894859411127 0.27840444159642624 0.40291691632144727 0.09699033087223835 0.31627769852117005 0.1619913871946215 0.10236840988782864 0.026200058973187647 0.06433741312784688 0.13457171030024262 0.11862306899539532 0.1798373768317144 0.06292803133575146 0.02175587024938859 0.06199418944003797 0.2336925775594756 0.06491857428221588 0.00466300939237431 0.1850122318057062 0.08260379864834091 0.189157304181326 0.13165545234667317 0.50009062420313 0.44311342738381165 0.01882926509285204 0.10672813647839653 0.06672518446121589 0.029457205912946795 0.1401854623956354 0.11222374043081892 0.13522694754044778 0.15846866480422067 0.044994340567274006 0.42899874427239115 0.1185399136018471 0.12456252179677492 0.08740231896676909 0.04019374251025198 0.000749687771601922 0.11040959271508459 0.05434131013682738 0.025908676876367824 0.19866413405634817 0.10678488129104056 0.026605882614475697 0.04954720700205942 0.024851982529376506 0.10385692654184349 0.2640981148272932 0.18945117637164616 0.055179244146506726 0.004157343793378467 0.060974363232682856 0.14078737814837 0.04410235073249514 0.12020437435566318 0.01092543254425927 0.016618161442566656 0.04679158518271202 0.1555595094068081 0.07468648866922233 0.10083507376303202 0.028307860094153137 0.16867417531201995 0.08929982723133859 0.09548312245161564 0.02259481497361757 0.008863910810618391 0.17876701294239997 0.017815125819944874 0.043030095328809866 0.005691366549490805
0.2415461530648442 0.25032610614706324 0.21877175606785362 0.27755331540155753 0.278684882100875 0.34073984383948636 0.25710944851107576 0.3782528368474528 0.33838753858942683 0.19620620838871985 0.12257169001733713 0.09083296060305299 0.2238783472892724 0.08150611939886643 0.03985136654137286 0.09899923321563171 0.13624929792040988 0.1938603434102941 0.2656661561286921 0.30856449538433206 0.3406566394331357 0.18810225751234264 0.2392688659683475 0.09258383304255208 0.027895924295053755 0.04378166918741412 0.1604062314514924 0.26786051651460246 0.08556952833523962 0.20774453020001804 0.0350162929553489 0.09691493868370116 0.08909997161090503 0.1472696206203453 0.06989636319290286 0.3129853877510495 0.12045743808840229 0.10578384799051657 0.20164233609621035 0.19019157509499351 0.18794307115585857 0.09235670861275397 0.07744629044330355 0.07382761210099063 0.0009317650707160887 0.04158015249377634 0.22476787993537956 0.30675465515390854 0.21557851396885114 0.017565861876472404 0.3092669091020507 0.24368246327550128 0.3753189010652248 0.09846694190199808 0.09797495461741082 0.056467370053283415 0.1641004427409098 0.044673389504915416 0.07895254538309758 0.030905691422743933 0.005855808737550777 0.021182868977282093 0.035716480432765756 0.07592470688450102 0.01503368522919206 0.23110388558032133 0.24884521305963406 0.14374824480043646 0.055769634362755935 0.018754990138902174 0.012873214677524468 0.014847767285847272 0.2094774713991386 0.00868938464067578 0.014963067624274632 0.09463703628013898 0.30384244544147104 0.039344657438057616 0.1603262944360199 0.060671476263747914 0.18336638565241659 0.04408301484118183 0.18612334871426653 0.13353485272398277 0.0028309892760470523 0.07927015440123611 0.08663814486434729 0.01914817529622892 0.10944448260967028 0.007454029828562907 0.11040527629870178 0.005322823809649599 0.022071641505654473 0.10128733518852438 0.12217048627575973 0.10856389669270305 0.11756049142062902 0.04635396880838048 0.13301661517505706 0.21529226223394393 0.1405721882027919 0.2078356717767365 0.042354896562033416 0.17146343971941486 0.06091532600910646 0.05645451251675306 0.004282317512236831 0.06339221679841871 0.0306498420920706 0.027750253551353365 0.04133233086622505 0.03669682976334381 0.059791795549511195 0.08245626665154848 0.015783112383259062 0.06849007422590275 0.0591182623178065 0.004900971041621768 0.03737975337075965 0.07199189085140016 0.18728897491931326 0.07311181986243828 0.023384089428980577 0.04499441130844608 0.007090527418858192 0.051168222884592295 0.07343522172996489 0.00952307808655491 0.05013140946068026 0.13996751794546078 0.17227596976368234 0.07663412735441615 0.14387214744634544 0.0626826272864691 0.054881830767821015 0.016900804401375237 0.20198746202818335 0.1649525529265793 0.1929466421452515 0.29873573617124705 0.20753140435455805 0.08934512715901696 0.0021174635325969075 0.07639629066121484 0.09919504908377545 0.02452870698587362 0.15286426811821924 0.06118663785286003 0.07428183259744514 0.2314839887939217 0.15503001832735672 0.09522828446560332 0.1556313361908212 0.10835727092590104 0.03504060887196107 0.2903762214652685 0.24435577023276714 0.23064455216099944 0.27883347173451717 0.13248409337706102 0.02003608012355946 0.14292369673117764 0.1594945874559469 0.08845243476248087 0.00950759179680949 0.0198094567913573 0.02767151337946892 0.09589837279507814 0.035684626973804145 0.1788002905092161 0.18021834049574892 0.13052463558828117 0.06260928442068739 0.159944705776969 0.14326763916027388 0.022177222644484924 0.01828430389169754 0.03070189685861271 0.024488667072916814 0.033466945893606714 0.2395714421659212 0.321935939891566 0.22593680366176866 0.20876833055129992 0.2128982198610509 0.2974567499351149 0.257760741006319 0.4305143027539088 0.41473586171251914 0.2556709549752758 0.1609941019384857 0.11322464664049307 0.22824799755425887 0.08369443521418864 0.03661015687453502 0.2009232529210914 0.08753471551043529 0.1827661501513003 0.2612219102795381 0.2160956645767806 0.32072423661792077 0.2092646251098793 0.28582283944540643 0.11078710833901846 0.10935238572017568 0.1141607707609428 0.15718449474766819 0.030895797903387076 0.12062445745617843 0.145247796087923 0.10938241703957985 0.047898974371250805 0.12469311429193779 0.0644450439418571 0.11377648615864412 NaN 0.19585535094676404 0.07314404580599466 0.255093267388891 0.24164074671407543 0.1198497544747764 0.060222229546739336 0.11842087269392479 0.08723656561733636 0.019274233079220347 0.10559519114946081 0.18273009943791965 0.1979282131513083 0.14054802333597585 0.03668515832747798 0.3224513227714699 0.2872375379065388 0.38419800169821694 0.1543835206719325 0.12662707444890695 0.1608617122629011 0.09837040632914291 0.05203799431810671 0.1379085848159262 0.1694423449454353 0.05303462128947415 0.05932889658994117 0.08752273585060745 0.11316956122833649 0.10669251069064807 0.14368149810530756 0.12884380027922285 0.0966638285393727 0.15553881552061413 0.12206591029730714 0.04641424855156772 0.037862346679498615 0.07498591920850685 0.056049812525510334 0.01940431904161324 0.12509444114568558 0.15703524214001766 0.05551548672242795 0.039150827103960915 0.010865553925154871 0.15553851881160805 0.1216116877933088 0.1971986416932106 0.21082461367041783 0.05224270617900537 0.04245002904714247 0.09717257974377072 0.033680091055542184 0.0414839591379006 0.2268170222032191 0.06285152741429971 0.021288276036321604 0.013942115698831789 0.021751968002758457 0.09003967009236014 0.11251008327511575 0.14614807928299534 0.00837054104664345 0.14552198853295023 0.16482438210537687 0.1216979115885295 0.16284905957900753 0.05979293767705154 0.1394573082112904 0.24537628161639974 0.01792655412411327 0.12588688316790414 0.07510710170189792 0.021237521086649974 0.03588680783727813 0.014952869463481656 0.05947871917306732 0.13364853156372844 0.03410481887532565 0.03792502145400018 0.16255324789570846 0.15571761996697184 0.04633329858295398 0.04926741819369285 0.00927046324558499 0.19407012398429732 0.02370388356075784 0.017585995563379607 0.15340061098954122 0.07533139379337593 0.029223524738854985 0.004562842385794817 0.008878147974745372 0.07869071842230367 0.05874513012139126 0.0989925048213813 0.06057873351329119 0.18942945165118233 0.07336199780521163 0.017721543180727176 0.13585473847745733 0.08771543546858059 0.21898704527885565 0.1324459008227774 0.09756439595474942 0.13971666740983935 0.14827944098740115 0.00951508445545914 0.01689273835430921 0.07149474558595781 0.1531743973719056 0.10372451222207453 0.014619695346283058 0.04794898490188456 0.06149343781952724 0.12294737841135664 0.0014609773681865483 0.2015779257380127 0.0850901438497256 0.010508808008014361 0.20996322972746753 0.2048969139078983 0.19567932290774434 0.17721484622398032 0.07486675674124817 0.0750812164824051 0.0393402441999678 0.17712763385753694 0.0412603725068014 0.11926128167094179 0.00459117758999982 0.042414111468784745 0.1037520994781666 0.05827948811682788 0.17510143804846884 0.0867622213767667 0.1344429353075219 0.11331368865618553 0.1877155595901539 0.14023483065323736 0.021240664179248976 0.010800125092772804 0.052082142975896174 0.009331585019149451 0.03808850169628091 0.14351179562863783 0.19098394255232654 0.08119577228999501 0.031082530143365577 0.03385934733049067 0.09060393288934561 0.016687830705649206 0.028715935841012886 0.06160741233419116 0.04021587694756012 0.09632116103390889 0.13030038721297693 0.04296332161504409 0.013142519210939965 0.06726851527300995 0.05421045555335003 0.050147913095987914 0.020324304732692665 0.145945674375874
0.20584279065537178 0.048084148734102515 0.15423868473125557 0.21508507769748017 0.15264980191489147 0.13933533421330668 0.07648142190564326 0.1290304305113793 0.11570253736909038 0.2369523086449923 0.05108170547566503 0.0803787975859006 0.15495794379285527 0.14528745884671004 0.12548813498057468 0.09228166664473066 0.06836571196320815 0.02891375064877654 0.15286636852286586 0.09783936973129954 0.14705490390695652 0.008718445246985174 0.03702271279207549 0.17034562344591941 0.13483511819717542 0.019636743820332918 0.15648744754680086 0.08463363466786361 0.06544866131683484 0.004493559923773779 0.06054752354916727 0.002310906131767645 0.07229715901848069 0.01692999993461166 0.021456119437436062 0.10383554163981254 0.21208278287343457 0.15372065186621214 0.08670980732026466 0.0525496853248249 0.1381147685290854 0.06730261004618328 0.09708234489621788 0.2031104736154736 0.12115817988201405 0.05301950866831288 0.0417979060806685 0.15735219809126652 0.07857856559600843 0.0023334304135726736 0.08699106463226816 0.082579368693559 0.17548557541564264 0.026545144020297548 0.08194533320055743 0.03706659488461853 0.10278648075024391 0.023450846882954998 0.09871573406759993 0.15673065536645822 0.08528142892255366 0.1281635725811973 0.032314675808785574 0.010020431379026586 0.08920315789930436 0.0414984477473745 0.008640646030305578 0.01276629364901662 0.050761304367083766 0.09123365882439839 0.1029643264512625 0.04012311042481281 0.035419581764960476 0.002199153466283892 0.06066494273675139 0.04211674244998676 0.08586006242492536 0.10000065057092389 0.10143598644305009 0.0011036040064080913 0.07836925391217679 0.06618168129875056 0.11858217489192655 0.15511579869920722 0.1113538820742933 0.09880238194459301 0.13191049792321333 0.014698219103325057 0.030744409791016475 0.029486821042937577 0.012159221192175003 0.018081473767814223 0.0560169754504336 0.05909880806741564 0.07898797424777952 0.13259252528844193 0.0876232539225779 0.009608629996384422 0.1699994738151576 0.14169950828376868 0.09167420955405663 0.1840553952417749 0.17242520120219312 0.14775665877315938 0.07806329863398427 0.08376793483614937 0.07181514352673758 0.08674338972339019 0.024810424452344625 0.0404732009101396 0.026031251184074244 0.01642175364714906 0.06153699750652818 0.10263810116354474 0.015805850103659404 0.002933800269589997 0.008932844903217257 0.040953136652647486 0.0012317584190186988 0.02297179899723027 0.10031765129411199 0.10011665842086243 0.06439846152320122 0.09026441272223387 0.0034150943005782147 0.029620278018279936 0.031131174854041654 0.01311625992741023 0.020273172036443438 0.05462091784772254 0.16644804864123403 0.07275815392261896 0.053082813632536675 0.030079078355611417 0.040746195944545434 0.0606919889771479 0.12073571114197293 0.04501757931734194 0.04860482810065318 0.1357056836456875 0.08051182328939156 0.12337110634879236 0.2087947169262212 0.1125501369043893 0.08749004520195441 0.005301684590757178 0.10766475008676672 0.17336782034203949 0.10927264777181314 0.004596784513652232 0.05234364604030746 0.08121035934948845 0.08939053209866835 0.03699487450104935 0.0029893676554483078 0.05694593006941072 0.013660545245676765 0.10067838568061777 0.0676533068655861 0.03013783063343373 0.030754083327348875 0.11046459947321773 0.015332379468294303 0.02791615090438671 0.03132432790184637 0.14514204882196113 0.15379074552970487 0.0961669636982735 0.057608278798298065 0.13263331191858602 0.07742983400685025 0.11238748175105057 0.1299069273120651 0.19894218914504244 0.20830718250844876 0.049364579366982554 0.019485006922689667 0.05190745347131892 0.1353308541452613 0.08433780415878299 0.191412770530339 0.09281955878369565 0.1581078434419695 0.16886398885206172 0.14430031354992956 0.13817062552969533 0.09332534125002472 0.1849380421060035 0.16522111018875676 0.20669871260689696 0.11794239060799452 0.0666948588425353 0.1488314762901982 0.11856532755199188 0.11322724558183603 0.13967716603235897 0.033792694325822936 0.012877473594399919 0.126932560103296 0.029361040886524564 0.10456082841332762 0.016710699029181826 0.07052415100688182 0.2067844694765645 0.09058650117692045 0.13612182024007888 0.15718841450010784 0.22193752944741432 0.0966702949030035 0.00663163083217445 0.06080982210202297 0.014398855001502302 0.057825446774566046 0.02416061496982573 0.009791274433607965 0.19585535094676404 NaN 0.21825035486060163 0.15878369235247397 0.11808789959748046 0.10114430602921867 0.05508686776938886 0.17050066093919453 0.1464602556241491 0.15708629600887547 0.15378663857980787 0.019626460274305816 0.13622964330748596 0.08250282670247021 0.06817334117571248 0.09590312105009921 0.1504385106709525 0.22929841380691096 0.03359608615992819 0.14575420885648993 0.10137540309840158 0.061291310064690976 0.028262670205010533 0.20507882827355262 0.1865708444579498 0.046678364717543774 0.036302858589567784 0.011454178174150589 0.004882504929964045 0.001703318096621355 0.0020278829960191846 0.044066154695691896 0.033897652332670954 0.07386004713679814 0.12510909012533872 0.07205175179773074 0.06969601200949625 0.015341087012949691 0.055274135454415736 0.07804162880685414 0.10621964227006109 0.010679040743044689 0.0815622489087134 0.03917503527732471 0.050052493133251115 0.05151628028028629 0.037578338906335745 0.060346314752644896 0.20799551615993703 0.09821922063370982 0.10933771217710102 0.017961016258815618 0.0238939112261727 0.0025476559217694535 0.08422980624409172 0.04172326358925685 0.03588226508924366 0.010309850247253902 0.014593383728165682 0.046229752937979145 0.11447985257543698 0.07840564631885182 0.04804865908345714 0.2019623212987773 0.11352363001523355 0.10525494734213066 0.1762088221544403 0.12299777723083484 0.20337173308011297 0.1516669540255446 0.1233850186601498 0.14129713653694356 0.10012770282989977 0.05228833242893233 0.050708029899655 0.05542865811952173 0.09147488908284043 0.061564357275108554 0.018916402285974333 0.09320558284706597 0.028456223470381608 0.08160492733455361 0.05096512225332538 0.05287664150047755 0.00377507083594176 0.12281320521714095 0.011385887972805254 0.00297161877490309 0.21757408609649703 0.05369176768529171 0.024026000164890895 0.025745310256722307 0.029098571602821026 0.06262012095429384 0.042134021773211364 0.05888229614155043 0.11605018631448158 0.018299582831776493 0.07119579246255014 0.0360896113578237 0.0546338080326382 0.08640483744938363 0.07034269532215735 0.05585613470269566 0.10631169527808587 0.03424047336373109 0.18067603601021964 0.18741728712416852 0.062338647359430836 0.026722561785892166 0.10204741909918895 0.12371599247686642 0.11285562908133526 0.009680447737735309 0.11097670598149433 0.04177976782133026 0.027558902944291874 0.05275743505967319 0.08241644326271858 0.029963522698103488 0.07194859487688227 0.10902168367972219 0.09108935325913538 0.0464992312898007 0.09644566654092854 0.07548359813214237 0.06531849321080424 0.07751610190671988 0.06412707085218107 0.03909441830923566 0.04392343553071226 0.08453338087485361 0.11426026140298141 0.09850225033658816 0.051208813632165257 0.053553664382940444 0.12730632639840012 0.1778331807517637 0.18784715403348223 0.09260878366543751 0.07131988427020555 0.01018005459945546 0.09461678046887277 0.10097374108775917 0.1480809655889787 0.03072949619053728 0.1595584816468794 0.04897606926547806 0.09186244295763626 0.0363492327481846 0.08627655050154966 0.03658803603152605 0.05595101361815088 0.06467521849060676 0.0478557694726242 0.0030093581966487647 0.09506040008006711 0.019397895603583085 0.03640728619048175 0.06058054830422335 0.049260252717261074 0.09226556874981152 0.030096536212532124 0.16067262488959674
0.3040765166805591 0.10655165327363732 0.025372039818755746 0.2120942920713733 0.1306270851273865 0.0008270512029947473 0.06288685712702335 0.18347599264603526 0.15232168305934524 0.3741832926413835 0.15064979673992523 0.24431295770838427 0.19145630914709946 0.2449009906457005 0.3874926518736083 0.07127573419033566 0.049115278014940755 0.24484815646433994 0.1033344186255292 0.03493381901372293 0.07510579879939906 0.22693014123137864 0.20532606300640366 0.3071808313519314 0.13774230167646753 0.0637221255565233 0.2523111785849287 0.13320702321258066 0.09646096649068645 0.10863647402893667 0.12008262086006845 0.07744671333753042 0.1538680152211628 0.06594859792686193 0.11797329096325077 0.0481983261012 0.13798590247170764 0.34889850731293204 0.014713989584728384 0.16169795539748094 0.07970783956486308 0.1198273892956009 0.10821131656586047 0.34775638852616414 0.2631011495949517 0.13710176697207835 0.09140629094035453 0.013753368174841567 0.03180882824191875 0.06980277936173404 0.2077361433847282 0.15476523449249 0.08037007477079348 0.20434950363549426 0.10973893442107295 0.17075653085935208 0.10295081831969588 0.09948361702418283 0.1438905855009845 0.2770832584524128 0.12288907143067124 0.12636486371183675 0.004007285507503786 0.11395495034604583 0.06490907482385123 0.013075610838623195 0.09172607790052352 0.10697711954659381 0.16790397700880624 0.280688445863425 0.15146773468399885 0.135736243658621 0.10125214452674122 0.062225160834233226 0.17142623281881308 0.2154647359136277 0.00793795330414139 0.07529877258749601 0.05599260474756071 0.13884698630666573 0.13445671033485915 0.17551532858953256 0.009588767256358533 0.3616291239172247 0.266473256549671 0.22434037562198375 0.16585372946935478 0.03556961002725045 0.06585959755062436 0.04225416043075862 0.0334646081576892 0.051170738609897015 0.001606949425842283 0.02831685769941241 0.01813659667020423 0.037840550655672156 0.039130033885090294 0.04147333301393023 0.11932671708521378 0.025978086249754163 0.009840945522302472 0.1155866526810784 0.22046663198119945 0.12938550759706088 0.1092314495388814 0.057618379568762354 0.10428701610154906 0.13410810325253075 0.03937034806512932 0.04643009176665847 0.019966056302497343 0.020523759529215174 0.12456266797936918 0.012613407326733144 0.10259388032175148 0.17646444059528835 0.093305232096646 0.06521153625479902 0.008893506560470254 0.18586523738640595 0.142535814330192 0.07295575688023656 0.1477364674004407 0.14900772460884346 0.2478147703785445 0.04019881148577692 0.0834979858515878 0.08310162618895767 0.14294700663679946 0.011347889404529493 0.23652272470433253 0.30838543499201815 0.12574995502940192 0.0037281345974657857 0.08789486362729355 0.04570665984851803 0.04069083977206257 0.1975157566044455 0.10491090113863145 0.08827561625479569 0.051462285854540615 0.15364918653307602 0.35494736678214495 0.040940524659228296 0.02342819915010472 0.03412536710450025 0.13295233369027698 0.409525023891522 0.24159433468780073 0.1769094740573192 0.03454120642172256 0.12000566645794405 0.018130742038285692 0.06320929363208874 0.01742582604494135 0.14277690002339838 0.17739043916444996 0.025413944545965714 0.034372913614109823 0.04121900118371207 0.18080148804736224 0.08425592995687084 0.06521420754825301 0.07728953104603274 0.10396809208112696 0.10238631469016697 0.20621679871759885 0.0025089833301626305 0.13440998464364723 0.07214432853001158 0.16015079666875853 0.04294360064458329 0.1358689859574134 0.24017695945348363 0.04580524511216016 0.16101263970042307 0.1246963932642731 0.0881552768921039 0.25935431265005954 0.2358390985427469 0.2952923247462163 0.048888014399219006 0.11386040076137133 0.26778310168094993 0.15917691587710264 0.07303425998141573 0.0074211496146267455 0.09126533734878023 0.09370621861518956 0.20829890532389791 0.041046509868726114 0.18572971901106491 0.2066665094204061 0.29708167859689893 0.45086928614607863 0.1088224495640414 0.06605949329468938 0.1995339926692549 0.11002695222212275 0.019938978539068952 0.022830759542428594 0.1530809159536248 0.12754430601406597 0.323062510434769 0.08351844791238545 0.1883821633024625 0.24183072834140662 0.2836360299963962 0.17773324092947893 0.09239180772356811 0.16109045288660115 0.09910717214031611 0.128618576131031 0.14971960787276317 0.0845971390150213 0.07314404580599466 0.21825035486060163 NaN 0.02447492312097135 0.1285185759827332 0.038028177879005136 0.1006788417038483 0.20334671317838804 0.25171315103821723 0.3043048098122748 0.24924577589040356 0.18600602334935445 0.1047599724527163 0.004182906566026159 0.08391133683677704 0.16654006668053417 0.04878120788634966 0.02393010075948457 0.11634658067129908 0.07771988007369723 0.007576121909560831 0.047167599891020116 0.027916302056243875 0.28650553229461057 0.17101240611018553 0.1131723607466695 0.038936380562327226 0.07338288022478189 0.11281227472640841 0.022591389381090954 0.022245777609383826 0.11810577780987616 0.05927630530118092 0.15670474601004042 0.19700666215167262 0.19673175232864765 0.1389794939345321 0.03182623601139274 0.10895446562573062 0.23834364776733866 0.20502075380811594 0.07153420615876262 0.12458696455159274 0.07581482002095431 0.005758420613674753 0.02174786257190266 0.17030669585375496 0.05979967261602846 0.42123328338681254 0.2929412735710383 0.3121572799116431 0.02060711602380709 0.05097570325889711 0.11397848498881553 0.0328890475540316 0.048705990218551196 0.1596908874639437 0.0171612298747826 0.016381249523691483 0.04230879353408046 0.09390668329978585 0.13180946814457487 0.05333319791885965 0.14782040302762772 0.008873821051618599 0.033125229651357335 0.12107960399794712 0.18775167172740925 0.20924461621277368 0.20866577286068286 0.016854456160356163 0.1836813795808766 0.1413501484372981 0.08828652194681749 0.03668340691364813 0.166384966292271 0.01354977837956793 0.05887288402422381 0.13159595886063855 0.0019017239838609002 0.03964748906060923 0.12758280819820153 0.06846596718105885 0.03508955117569928 0.10537561617144853 0.12002092317786592 0.05536671503353205 0.05673143033996755 0.12591481272785368 0.2508042032113655 0.018371422317191622 0.06299876308533271 0.18746792322776143 0.18387128856619595 0.09325886808823333 0.09156268646379012 0.23715795754102081 0.01313342586980085 0.03258643537224432 0.07284448379132787 0.01528540688852802 0.30649009154920615 0.035736261155549294 0.21234319916313574 0.06455328591631745 0.05557701311854599 0.1634565551946304 0.43417781894647295 0.18031824955985407 0.0169439057321688 0.19867762287004012 0.16635120710941606 0.4639227018276043 0.23517134731285583 0.17180372688590323 0.061056550460204015 0.08987596933168239 0.020089167529021453 0.015839144840705335 0.03952190013673052 0.10854211511017799 0.006847506630978732 0.023745128109073668 0.05921725990076577 0.043069678269967646 0.09367855101028746 0.2756399043082678 0.0546590926881042 0.06952886053474956 0.00037253023602143133 0.037543712927825004 0.16742862187282573 0.006743412997804083 0.10937736341239225 0.03363154639887275 0.13127193389433847 0.0244684564640051 0.0956709072521643 0.17916644496959133 0.13338213654150233 0.16629246642311526 0.004083072355133252 0.14663958201279778 0.1652685561146363 0.20656276655396275 0.22447638810003379 0.3041995615821026 0.15497734483840114 0.18543879781431924 0.10453479348229952 0.23101940215691716 0.22416988210725763 0.06589276153650803 0.021891237009415702 0.13527695903433276 0.17016930978901262 0.2762260458528088 0.13657955398404212 0.17644708318403501 0.061710089589313004 0.22251576811556442 0.06862632796444149 0.030628484324070043 0.14389028251361305
0.004639700311228139 0.21647173027117417 0.15997570024669538 0.10214714583898352 0.11199155989917702 0.1720501177441245 0.17243053282714257 0.3107724105868933 0.2820169869840192 0.0385113180776925 0.08204728388073292 0.09634023046868863 0.06994263807812162 0.03946619075959357 0.061523291669507964 0.051875225129278106 0.05062554154241303 0.2055543267615113 0.10231292345487411 0.12647955539093256 0.22419282335267848 0.12709277677280612 0.1887552337380412 0.0316588175947955 0.02709294563152946 0.015403575877415723 0.042982400184409505 0.08505141077403625 0.023835031317906378 0.057906174907556104 0.09565120992174894 0.032676777329510916 0.08582886170798508 0.08917540142222279 0.021624449307606458 0.21052341371138705 0.11015204063478251 0.019664123251683034 0.2391593352249954 0.20455240865148544 0.1822350180304389 0.13219992148375695 0.07660816941495248 0.04020892915740394 0.02789202665896133 0.010233039943619538 0.22012531056117546 0.08816216616944593 0.09132603134570677 0.005074189986949256 0.24615400617271557 0.20390998591614404 0.25535793358373216 0.19084703921384039 0.11336261819953856 0.12161584873662408 0.09478658350241798 0.01941393057906315 0.009956724640144321 0.003984134629460131 0.028909227575069914 0.0037572172504180185 0.011117672162608854 0.06919163420223184 0.0109851931638467 0.11828371317898118 0.12424151587905315 0.0483630648566539 0.007913371309308434 0.024649989999311953 0.018534983732218086 0.02363250515983781 0.08903599029620565 0.030222471749132725 0.047992396805978506 0.05406906821051134 0.1048820231781454 0.05439425472518554 0.10653431165246603 0.024237656882147022 0.0687059102171717 0.010869487879346407 0.1923294595994678 0.0503895095896634 0.019159485322083388 0.005125302496096602 0.04654292977698568 0.03981344830924356 0.05810603409694045 0.04398617863398286 0.0939140838466125 0.03558939072692508 0.018898301054435428 0.057881878049752866 0.059163332787332115 0.06126260280427093 0.09086644746465264 0.045417746643768124 0.11651279110428554 0.14107295029501604 0.08928729518054358 0.106568932465626 0.019552249148769962 0.1109756302045794 0.04978421008446757 0.08552053969913824 0.02499437337110267 0.05175164451972595 0.021122315892046613 0.09880241132109266 0.05765794179169322 0.00338466937620177 0.0965155809962057 0.032397313384286246 0.10745485793503852 0.1653343519503278 0.0676191128174972 0.06278244262411471 0.02340620182503538 0.11448941955090387 0.07901811039863439 0.029742499624036797 0.02587757302215712 0.03722352044585115 0.08215598771994082 0.04059933765085268 0.052707043267147036 0.016184469030649996 0.12794647032342046 0.029301417958846783 0.011663245671587297 0.1312765303481499 0.11112517315347283 0.07086061595640389 0.011057224892530781 0.03663953954826198 0.11268345537551103 0.1302815084148041 0.14888899774154624 0.12747095519220786 0.12258928828502504 0.07234180265952835 0.07250163780343123 0.1489990339862244 0.06374805486014631 0.05490607629380097 0.12353163047664084 0.08017550495743751 0.022985814400305598 0.0706529654064092 0.03677117587583827 0.08486848476297891 0.0764751398450276 0.033580820603699664 0.011999675122943759 0.2586528809343643 0.176335700296221 0.07593314334063318 0.1318192754092615 0.0554079854316907 0.034122341656414486 0.07355917639375494 0.09787676094429341 0.00786188843332176 0.022159439559566577 0.03175805202992967 0.030097872946740482 0.08209367709743944 0.002842693631365614 0.1083638804509942 0.06601136429420738 0.06776846515398759 0.08059565965356677 0.02501057484144429 0.08262647257545865 0.056678473079618104 0.07458458088781278 0.033172714374117666 0.026454834386137552 0.03518950666704915 0.023083573804044955 0.19379732663392288 0.14685803534823988 0.05023813572466152 0.07366010210693634 0.09256825449107296 0.12593513777043489 0.3224478329900143 0.2944590651622491 0.044407818285212654 0.06335726491904096 0.13927880813562765 0.09029042537651658 0.039753612422279865 0.09291321551640257 0.04976897456456456 0.023494154033028618 0.1661493996165929 0.08178958172240086 0.06109887112355387 0.16304744359044293 0.16656856479076193 0.20512632218722762 0.01288250952557046 0.0013196299088440702 0.04931244598691502 0.07023407013186185 0.015302145292138157 0.014124924711978815 0.04131206326503365 0.08516051353821615 0.019096645583114434 0.07941720733829497 0.0911961884102316 0.11848034567598544 0.255093267388891 0.15878369235247397 0.02447492312097135 NaN 0.20402622480186114 0.18888030508702067 0.08562344778093492 0.10286732639137712 0.04558604045806056 0.016876083331289374 0.06972759792284952 0.12071329375256977 0.13061197710159542 0.11032971705767934 0.0012943728791943226 0.23738770608456325 0.2804346833350091 0.28279614503723943 0.14479724379584993 0.15441491163217064 0.10672350905756518 0.13437200335452643 0.019917101814994898 0.004042088561609298 0.07476177283170696 0.0013376189373734912 0.039750392775530954 0.11937906973437913 0.00459202796416334 0.04628943888246607 0.08674569703612256 0.08807712649354338 0.02940391455623305 0.04666309533648886 0.04710518733693477 0.03211815227018751 0.09319917196904762 0.06625541174479077 0.014888535014218782 0.09949884295619431 0.027987674372429355 0.04606746981575039 0.005865873862176901 0.021205003210262568 0.057009282945824025 0.034810131704824304 0.021302238301408635 0.06250488396001913 0.05446382366471796 0.019111478170100393 0.04193381139351574 0.07551502172653264 0.00603947925209036 0.03428480528220205 0.11266343258415865 0.034773424776311554 0.00870196394346503 0.02112550604780416 0.027330064012472594 0.02349054911596054 0.06334966394288731 0.00392399653096183 0.019267081052354206 0.04169707077552408 0.07481057777995741 0.10892043707587966 0.15743862508409406 0.027021581516640414 0.10024237615328693 0.06715771549268025 0.06069468681306992 0.0316850800774877 0.059972158865809214 0.041734879891099204 0.03788985457765562 0.004470294466481323 0.02258054415836426 0.07058282522394936 0.0735746116536179 0.036631597291327866 0.12057567260176812 0.05071500574539341 0.047619766481911664 0.04896893780790888 0.09220960581676624 0.0748456558433719 0.012019993174354218 0.007018276636392816 0.05224707627813301 0.09877522223377912 0.03378436986256254 0.04223862513203946 0.033602273850357404 0.08714044844108734 0.0651678033142663 0.016162537729673663 0.0336903960217647 0.08800834767186497 0.010861523736607297 0.029023413345792455 0.02584150224956655 0.047575172297830814 0.11543769349856466 0.09982482562005986 0.01516899672492412 0.06810498175932918 0.07911646877515897 0.07510287744568092 0.01700420750404766 0.002579997171641403 0.003392977123218263 0.026857592902702246 0.08586695371438166 0.04296898199085456 0.037739130362893177 0.03888260232503797 0.03016128619591904 0.10194928590596262 0.022533516656959005 0.07460586940018353 0.16219608948120812 0.07126144645090947 0.055763141244244856 0.1236038406773655 0.02219772684510686 0.021498957493806276 0.026398667721244534 0.1085692361607984 0.034168343152784185 0.03945900910899896 0.051536825287404796 0.021832216318540838 0.08382455089404779 0.0007215160333225827 0.063729621668591 0.032574793725876794 0.1329950455951628 0.05525776645758752 0.04058465857669639 0.14009299500239752 0.011410444750317049 0.023658594264746632 0.05132132613574491 0.05431912636911781 0.056730278214591034 0.001571454909522154 0.016198729321822376 0.01269462069939053 0.01995864518641902 0.012367206005066106 0.01602639750732705 0.13820413029719064 0.04171722092127506 0.03889918048955067 0.04434999028327007 0.0013001867661678404 0.029963972482281376 0.01358394861298009 0.0995298080970066 0.03744997966433689 0.1616255315319438 0.006729180930867823 0.019802683955868244 0.018805536477786596
0.12412684356714278 0.24764790126817027 0.19808170078131393 0.00374637472079929 0.0258474571989163 0.2381884993446548 0.2877744632520067 0.5692847483125453 0.4286954677605584 0.03142186569222869 0.33071047350355526 0.30291911190915205 0.00895391878605846 0.11784304520339221 0.21981250427224255 0.07844880877969634 0.16028399647755467 0.30723441374465904 0.10010500026386103 0.20246155804628974 0.26583092634767935 0.3470308610926353 0.28526610129032176 0.16360224691333944 0.07470483621260414 0.13214798585056206 0.031280236063641435 0.16892328011930263 0.03373385960897354 0.10540537532955542 0.09742470466416574 0.02196233870635676 0.012228895679295132 0.12217426766984055 0.05568661339541182 0.21006314681773042 0.0580463608486055 0.0539998078745334 0.18973997645079152 0.47258140941549565 0.21875110002005665 0.010859644216559685 0.09569565561250436 0.0024417007415893873 0.0975565995699931 0.03409396453356699 0.34187569445142885 0.21621696734355067 0.21489446088845104 0.22642437031215917 0.5237940535841418 0.3963325678149873 0.4523272935828319 0.41168840353301706 0.2957214701145502 0.340793278406877 0.1316961390136394 0.008861786989651637 0.08710744830467267 0.12928283286442133 0.020859857799765395 0.06957717255673097 0.03536938853703345 0.03566620107087202 0.0355205972776085 0.16732075657799825 0.15683770214792714 0.19110068355073667 0.07507442780869086 0.137198583130931 0.11996798606581976 0.07242487803270647 0.2426084294612333 0.14119828680705132 0.2036581759068285 0.1726018731804488 0.12582761469653758 0.0960198979321554 0.23399742382344751 0.19378184195771847 0.27398902868556624 0.0396238348353866 0.23613006527479327 0.01783071980036147 0.08906743509921279 0.11132276281491069 0.0383809822949417 0.089985675507075 0.0717431834927852 0.09740534722277543 0.10450722193429283 0.03541669960939325 0.08878479880701269 0.043549543992314296 0.20309169379606204 0.22881991731638512 0.1571556208279143 0.14568206914772713 0.11475519712321407 0.21311910544631785 0.1018511826123584 0.05036898860725896 0.08126007027233643 0.02704162913567705 0.06500949980453939 0.19558231334634085 0.08310844892615223 0.08657994445275874 0.08278202045367179 0.10096246104577303 0.10319687089872692 0.05680594084742623 0.012815187657139043 0.07411458989667614 0.22247787242598804 0.3506312111905506 0.27793077046372394 0.04284097179196926 0.025913300537933018 0.09942319596572795 0.0027992568864324816 0.056460576466378774 0.04964551283684692 0.06665207835374329 0.2246937121276405 0.012292668812224175 0.021764786646316443 0.06148682915653096 0.276383632069486 0.10687137627703558 0.0374602911954918 0.12246148204468188 0.2004731090480929 0.021811279659851975 0.03611921024886522 0.09574808286336091 0.24823921748478936 0.38736834401471604 0.19543571843650698 0.14937367868521584 0.2366523996096399 0.004840717682644088 0.05818707064094351 0.10782187009289224 0.14754592086233762 0.04186129519751481 0.06067104738994971 0.13459187154046634 0.016712929718143442 0.21493377420984006 0.05146297348028315 0.029689964797677427 0.10737465784523173 0.1196664623669673 0.005935592700715615 0.32375416527534684 0.3006657222644474 0.22601500975652628 0.26263261387436126 0.15709180292343622 0.04808966084086145 0.1177217289338427 0.21746555028495704 0.04755874600717081 0.06935556327411053 0.03973229069416917 0.11031077996642957 0.1556255694114002 0.0379670706034574 0.1438124925295906 0.025555719861361046 0.0391624014416779 0.060748389314832986 0.10197046818992492 0.18219608465704074 0.0756356174720203 0.008009069753674875 0.013822512821461757 0.13106244873262646 0.11894828448325681 0.1543384225953974 0.20360386885230536 0.08113770009287577 0.11038339946628305 0.0502610016370879 0.11405018872771094 0.22096286612969124 0.5388174180561266 0.4919036433637728 0.07551825710382491 0.2051909597456946 0.2623766136401321 0.031952319288196356 0.165627962076905 0.3477771708508164 0.09517544527837254 0.16518366005591553 0.3399279021243208 0.07995408671185669 0.21561798182639172 0.2762006211846657 0.3436618246595668 0.2714957599937134 0.14996413688930593 0.024442577312538957 0.05764972672870962 0.010642902346130214 0.11663512626774884 0.047746576297003206 0.06251070915018792 0.0410367767751037 0.07666545587928202 0.0155896991878388 0.04485500433755292 0.04928758001390457 0.24164074671407543 0.11808789959748046 0.1285185759827332 0.20402622480186114 NaN 0.20299329525501983 0.0346861203743636 0.17793705513160576 0.07435292730031982 0.07848572129786105 0.02190626604393737 0.31877926246654437 0.08987267576700664 0.1795735318810512 0.12580673976971724 0.4459809879333368 0.35673767094632597 0.3571342355455748 0.3793028809166177 0.3422508138329079 0.3138735779378471 0.12915026590841944 0.02697162762998331 0.029961625276212562 0.03781923178394164 0.013102703316031201 0.028332581788920227 0.06902156415029653 0.00625858754889296 0.009932567109902108 0.03257609833890282 0.09408219603939927 0.14162880994101615 0.007753352164244079 0.028541527303086737 0.13896845421080914 0.12694074567729577 0.15886749280000428 0.06116142192658894 0.24014152112574 0.0038924094290748376 0.03588034392192872 0.12516237307062342 0.01228004683766696 0.0953413821303427 0.1378836948130166 0.019242286184017923 0.20298728041205988 0.014880811365124128 0.08857456669721014 0.09669667571603999 0.13906864807922947 0.024405229333563296 0.1003921725876321 0.15342774091580033 0.026594990152975895 0.09488341165482636 0.08401580591026496 0.05177073912836846 0.06700183292467084 0.22465617640076022 0.10687238383696322 0.08302186726791573 0.05068414093369367 0.20649698029195276 0.1632877913220596 0.0348640181654841 0.022976435026899156 0.04804631991183869 0.0042009944316071125 0.013963622668442473 0.07980283848216718 0.12590122271200402 0.0563254201329994 0.017002985838291504 0.0340152868082687 0.05798308803970866 0.07655532840335909 0.03769477957325034 0.04365556534196677 0.28055368829792815 0.15262338853484061 0.07314289748241422 0.024758346423316747 0.09354074679862963 0.06445000012543982 0.018322762930148808 0.09080664494978714 0.10501268858447078 0.23160292213422737 0.041050671355322414 0.07448178987044941 0.11601383743934911 0.20197501913228863 0.008433720456053614 0.025457462766763764 0.019039491838296643 0.08720841845713513 0.04568514230891787 0.09658816512040215 0.20178158122933795 0.000325378351934731 0.31230739955000825 0.2576424999094773 0.11157147159879338 0.18162810088355136 0.04774756716885694 0.13279642917667633 0.05261465680828884 0.06678761307782088 0.0844006638255129 0.03213991888653367 0.15622829496110918 0.13824018004430308 0.10067439255473419 0.005434157700869192 0.1011241961423684 0.15095591507132544 0.19456184276834437 0.08541493036181702 0.16876982395052112 0.22291561580140284 0.21624864437466776 0.21191806395642865 0.032156361547956674 0.007517331554426913 0.014248716736309003 0.17764565222927345 0.06489675321451711 0.04112932840666632 0.007715404060995928 0.10439426326738434 0.11420632898916205 0.005429192874023348 0.09114747504315306 0.006158844095540749 0.09131747273862402 0.026923335895414922 0.007208287910025596 0.2432999473200818 0.029211494869467267 0.03580853160858459 0.0021676668825263397 0.02659801243031856 0.015091988533477842 0.17015872066080448 0.03551932673814269 0.01119396535788687 0.04416711575670079 0.03593549815796125 0.13272978861847065 0.2601644418462991 0.1735617534826805 0.0696435258278453 0.1470050664278221 0.12545875198572196 0.07080687936174201 0.04793087200755482 0.11636140346919505 0.023642783697877433 0.16834526171781197 0.06887210695468994 0.09826105656377852 0.003949920463411669
0.08093155565582648 0.0910230687524575 0.1400438484796406 0.10607074788879806 0.06458245743389164 0.07377516393708963 0.04298351570303455 0.1839950996469844 0.16656951665676528 0.10359241143841147 0.0885369508442141 0.022598690872665844 0.05126204897975075 0.029111277298244705 0.04915898315558293 0.025995927749350296 0.018354105176224562 0.06425440068977084 0.05329518656377854 0.0186676000336395 0.0795292827777785 0.043320285346943134 0.08039173459622641 0.08303720777495878 0.151255674764556 0.003181998940925178 0.008942724005995722 0.06257916171685747 0.008937539139730987 0.008024562769982195 0.06403672305270611 0.014602383581227181 0.006245141317522511 0.04078656256432979 0.018663016424561456 0.10500596197209472 0.16623215692876556 0.05409335546273494 0.10862737083944475 0.09062721654730328 0.2155977467772114 0.09214431701303091 0.11359268917410975 0.11859310364528128 0.008344141884639007 0.0010198120662927319 0.06828409589560701 0.029635085921671973 0.04144226432490392 0.05175580859559466 0.08628409410540411 0.09289488583524455 0.2357090316395057 0.10321888738361504 0.11870075291729694 0.08514325990414907 0.1315466709480312 0.07217968871980251 0.12579528104028193 0.11430110106796007 0.09752675812459007 0.11887077608144574 0.059361588504940534 0.08006421927585229 0.013361916109199802 0.06491020609637434 0.024836539757311007 0.0034234352908728903 0.018737081917321045 0.006053710451886305 0.02875746326808339 0.09468625762166295 0.039591796282844774 0.0662459980953704 0.03742344886156572 0.02978137922405869 0.0029692271239233976 0.1269751728468183 0.07396649413298395 0.05058114761432032 0.02537910113305514 0.05312427862516296 0.11390916197769561 0.06927742448494166 0.0230232525929831 0.02684589509696273 0.05207679714782112 0.0115841647449246 0.05223562662767958 0.024121874723552685 0.06465323830535398 0.008967491379146866 0.05053277469346351 0.0014887530620353105 0.023059108265190118 0.022272468270656747 0.13568351075514956 0.02647584146168697 0.18080723292263334 0.18059298555111344 0.09178880035426579 0.13789501892440137 0.08461074589597295 0.15334141955363492 0.14497936353490723 0.1136315709322483 0.09051820455119278 0.14671882311841639 0.08911026314017649 0.03794883913391081 0.14851611424161995 0.11747223818500337 0.1215202465644499 0.11041656916115714 0.0785764682309423 0.05398223731627613 0.11824891394258785 0.036007757090441364 0.06809453277309867 0.044772106290812436 0.1058613969117717 0.06057687224811251 0.035019982053506045 0.07314964560527946 0.01624926866135698 0.030023011851848573 0.02631627101994961 0.030163207469752422 0.01668974309100505 0.030792510692130414 0.04324904497360714 0.026052309883544615 0.04724117085251673 0.015161131821680987 0.02002017944396451 0.03194335806213628 0.045784560923419364 0.016078176420373375 0.00823921505108507 0.06339883832912456 0.04845948693727899 0.011714617959590504 0.022105833357488783 0.16125301539255973 0.10584502192929658 0.03255838214922757 0.13082789808523443 0.07527523884579394 0.07898021223976842 0.023534807120503133 0.060310290346655415 0.02294565151874432 0.06509750958660618 0.002541826588390463 0.0030939068097589613 0.10098549927706904 0.03712893476433624 0.023896489868670573 0.0417591554299317 0.013177763501334292 0.04206629759507285 0.02882583075765713 0.07460126894292922 0.004131921357141944 0.014110537221814429 0.01660322237920172 0.014556486145371125 0.10180915260728789 0.11935587816276012 0.12914039772007416 0.011068737292051448 0.00745389535733852 0.11019430398554116 0.15215423422862673 0.08794987388055509 0.008382800069203744 0.04741702312169539 0.03687922309618918 0.11177240079524874 0.07492953312055513 0.07101325268230604 0.15087377179466585 0.09068069451719342 0.06667393777504504 0.064289964780556 0.0656412577649842 0.027144325841784018 0.2541403873514801 0.18162104506665797 0.0977536708692016 0.058605839030430505 0.05961047703054024 0.058574767067837326 0.023742916369983002 0.02729548877193047 0.021481584282915023 0.012606376100927312 0.049570885365852545 0.06737598007818621 0.002141608044940111 0.12227157562384354 0.07415498382711182 0.14475761732256037 0.11596451812999646 0.019661259954628058 0.019671453424698494 0.05770304320951238 0.07563879015476814 0.054802777114535704 0.010372512330238807 0.05914979271947233 0.07138133989862706 0.022682929366822972 0.009844922758923923 0.034774064934094566 0.1198497544747764 0.10114430602921867 0.038028177879005136 0.18888030508702067 0.20299329525501983 NaN 0.11639712703636323 0.141410463832741 0.1077579106843946 0.008658096732275668 0.036227507178402216 0.016127391236501632 0.0686149942278451 0.040880534511340154 0.040802432498085475 0.15362033938505373 0.09541145004876866 0.22642203190966 0.0509359024545696 0.16490435675728973 0.10285960990484022 0.13914301161907236 0.0071108134413734436 0.13626502823668235 0.13729839423377446 0.045837747583152955 0.059591095862274214 0.04363451604383172 0.04723061065436922 0.03635220045408953 0.01038147442775069 0.05065958693882772 0.033099672575279716 0.002313885126542116 0.043795327620039175 0.02115844543689558 0.0034567300589853035 0.06465238638383251 0.02770554712095271 0.010449141786676205 0.0063124753431984156 0.02820370125216491 0.06804740741507928 0.022895263679140795 0.023660600709535105 0.004526913136313447 0.009270045451112182 0.059107128891939795 0.09012659087069275 0.09990797869859737 0.02690054242424916 0.009625444843820684 0.04625787903886272 0.007205221250609453 0.07630369778859618 0.007586079216149123 0.046878091313252025 0.01668738892463351 0.037409233592217914 0.027544052623348806 0.08482134203211839 0.0501571648803816 0.021998170714825516 0.14507167960152792 0.13923760767283808 0.09916103681067115 0.17563608320479537 0.1559151120421371 0.15729815719625062 0.15162718980682052 0.08719135103215411 0.02092760795606474 0.14389781482627587 0.13004657332853736 0.05304020956406216 0.12057483766530153 0.04286181880675833 0.1161927013801913 0.027065971922844333 0.03261693747026153 0.06698863330602202 0.057180146219858986 0.05803992855980815 0.07089230118880101 0.060801708466240625 0.07890643665461136 0.029332547898172495 0.0024715945396815917 0.16072036012782429 0.07714914489112407 0.006021484422023017 0.024033536925281786 0.028624386633634508 0.012455464577700946 0.02777902861924346 0.008399324535828983 0.04327089373321252 0.015140757488769226 0.011712156556298634 0.0027350115280198694 0.021119699767823828 0.009824371710181098 0.004764683282759125 0.06011964101134382 0.050956209372519594 0.04719677495395417 0.011394168316968996 0.02752193624088296 0.021146544128812145 0.051136688978397425 0.06857488906376799 0.09531846051773982 0.014552945142675515 0.011611816829492054 0.043308443320732214 0.025778167838401523 0.009765432802570799 0.018702317219770115 0.04102673365797097 0.005891559158851592 0.14858554668312587 0.050427877862757105 0.04416673671509916 0.013042981821468552 0.0022177450405401885 0.0025628875356014523 0.06897587373114407 0.02967500695941167 0.06522628874427534 0.0034289686302651397 0.03616848001730678 0.13925221281113037 0.05770115726123387 0.11393736642416848 0.02998023082486147 0.018192090596676286 0.061682529143913645 0.1380673553333474 0.09603703585809922 0.06485303201825678 0.07085771709580109 0.01012476649368479 0.0829186833348724 0.1561720488042723 0.16093594065137004 0.06972085220082287 0.08757644947010121 0.0507748425408816 0.07845397111691645 0.011802392725996855 0.005102495300114013 0.0028900523071949515 0.0011001465536056806 0.08466880418254011 0.021320928853391072 0.06588527662978215 0.09636749645494254 0.019190855139503513 0.08809888401487695 0.08970876993793175 0.01559359714060571 0.012641585076756667 0.004867386587265391 0.03895361476183555
0.14335521350693511 0.02683199014970904 0.1087061171058747 0.11789366096514932 0.1598931191243846 0.1490290238729425 0.08606589303200407 0.007457489942777134 0.07542071181130812 0.06621122754768226 0.08057769306694741 0.012510474134649006 0.10312547992774905 0.07905973242445677 0.041380589165328545 0.0631906173995497 0.1497712945435251 0.01836145149431068 0.07415288337836348 0.18903786224995273 0.021549003691880994 0.09564333124945122 0.01863056235958724 0.022662293672393377 0.0779598807562894 0.11837874357405702 0.057074171426829794 0.05049380934432551 0.1034195190026006 0.060510789953167145 0.14251933824721036 0.03154253435962367 0.07572842319255642 0.01088819756790071 0.013764486257285383 0.020075995797048298 0.19298097718720203 0.04771547997306399 0.08921430472702874 0.03773074633697839 0.06456670761035692 0.31262301942740983 0.027130622015335327 0.027868781471253913 0.21870917078432295 0.21993637047619666 0.0808644460820889 0.1824453480329286 0.021624946536419613 0.19314270721693919 0.008625960635282391 0.07238513315215148 0.05455907921691643 0.04538013184907353 0.16189471537449945 0.09426392802292827 0.05339140722348861 0.0028199055276079813 0.060555785605139086 0.008313418422169224 0.004249719258981074 0.03461594249485447 0.053769015149778686 0.009669298555560915 0.016740168232058202 0.045788349690603455 0.05530946575514995 0.0875641958585026 0.07103530426662086 0.08790781714215512 0.06894203605027631 0.13381251761378557 0.05622735908152111 0.08126286851629319 0.13516096839112296 0.11930981211811105 0.006113163466853888 0.08059790995839208 0.01651150543827894 0.002902680809305888 0.08098757294975949 0.09131421266441099 0.04841579682517796 0.0211651772127975 0.026307980162749805 0.09676619956650984 0.06218971037949123 0.016658766466173473 0.01016015409266513 0.04854264536777915 0.09006103874286761 0.05522540478497839 0.0031386755800997044 0.07903857526460578 0.02585450704639852 0.19359232234200474 0.1519890442413764 0.028765817048182183 0.11198273018173507 0.12714374515539928 0.15585190528769077 0.1274707334149225 0.1302720256010664 0.11668953463501487 0.16127896414299348 0.07712740660023534 0.03991024612136272 0.04345910137193345 0.025119733306555175 0.051155787020996935 0.0376980509389077 0.014396369232250879 0.05832180908622152 0.09982395052762917 0.010915587875471177 0.160464366815603 0.16945459785829226 0.016559919034181598 0.018782904293870098 0.06254533334522468 0.009100245220774284 0.036042654058615994 0.04448586194572835 0.08020393089718862 0.06389203823574034 0.06160634571817637 0.008564538964170865 0.059539061688731174 0.13654646346837687 0.06630259747422512 0.07098480966944806 0.009190284304266834 0.00977694820955958 0.032938148358027816 0.03712140062334269 0.012139639780802115 0.06810955537714367 0.08721495002233456 0.07800700948655505 0.05237100131944028 0.017556891179435385 0.06864954071084596 0.11599857003236941 0.08039510715498281 0.13120735057354746 0.06578321574725098 0.22974815088574563 0.22375124657866674 0.004523510074311264 0.00681839029760142 0.1530932893661995 0.06139864139206368 0.025854379899221545 0.07013771575464538 0.0445271403847303 0.013858355340857149 0.06791442822988351 0.1501010503993016 0.07110820198937044 0.05218372253672627 0.03654403570695434 0.06900785988976098 0.0004181065414645734 0.021332393631736335 0.03411808782974695 0.04498154540356862 0.026447834797423592 0.005535467727167871 0.0005085526165539907 0.08119876955483143 0.08418917320352554 0.006835873408158587 0.014672464144487708 0.07312843421904333 0.09421453271887963 0.030520060585707245 0.03685973265587599 0.05158065056234206 0.09952354251320186 0.024129479753197805 0.11454918674395513 0.0037062612876210092 0.08606127272765876 0.11637927571309153 0.12017060589582021 0.18165290061275643 0.10964660337554302 0.09692924065916365 0.010976060938454494 0.041022454160843026 0.06665860610387878 0.05535517835470034 0.09764369176041904 0.06312885030232464 0.060732674624412133 0.11374220808171874 0.12774995828206975 0.08465875832870869 0.19288325904035786 0.182263713008436 0.0711214872833739 0.12395392239756804 0.08233864111648503 0.036808316229038726 0.11239506306997492 0.07906397533291654 0.00752264104451243 0.00207889933072442 0.14286666777535106 0.015909422321545665 0.18900365188481205 0.03675779997714306 0.07503863167500548 0.054268874867222865 0.014240562168911225 0.060222229546739336 0.05508686776938886 0.1006788417038483 0.08562344778093492 0.0346861203743636 0.11639712703636323 NaN 0.02091226737672781 0.11475224102607186 0.3067395429312265 0.18316959959494278 0.08565263557725337 0.0977507526958049 0.00804280612140219 0.17258831442378453 0.0071822943199137245 0.17432614370045016 0.05924994025487995 0.0157484737545097 0.10048819739271274 0.08314655778517967 0.11313323288283876 0.061052875652581676 0.03597779295095963 0.001843451220395691 0.00048196961078127864 0.02811687728828616 0.01555736236652148 0.030249317098703512 0.017897823794303047 0.06042946959821136 0.03585822323001746 0.05216950828339194 0.10162148369395142 0.05880831401350901 0.029658086282030784 0.027752620562515522 0.07306816138664551 0.03861017760407663 0.07843506999429226 0.08372361780409783 0.047150316247556785 0.16282805031847483 0.048902751679676684 0.020688137275284072 0.03393729626319336 0.08537107648236177 0.0872066091154415 0.14663982295622832 0.05432107626827514 0.06184778647319805 0.028264369515548834 0.07766609270258752 0.029418622006726833 0.01379029718577646 0.03805299779588534 0.019007592511922314 0.027120259685548768 0.007362618504039316 0.09067946449925722 0.1461446572686326 0.04813906282010642 0.05440682447616896 0.14542436986644183 0.14552895468409266 0.14424151113823383 0.13829766397476437 0.02200965452135828 0.10746664556242427 0.1545943856277844 0.05545909914272903 0.041133227498622346 0.007248538292036649 0.004039617709070882 0.02626503712192881 0.0031634806514414674 0.035909777017823025 0.09098144561700154 0.08395539578271477 0.07010008230791505 0.16318332429509652 0.14766659481511482 0.011509136819331274 0.038590402003327126 0.04483010901302864 0.01070935056418914 0.016513850792474572 0.03809981368636721 0.04946026466560617 0.05696688404523131 0.030656470954819742 0.01001067602502478 0.11222600491407203 0.05209364765478653 0.07073512320095132 0.0948322003810711 0.005621543873724039 0.04807126798660791 0.018612337144546694 0.04438353141422126 0.07289244901576561 0.21169894564747435 0.04032781740239189 0.007110199530257129 0.024056821232793034 0.012990350739933997 0.028512308856808163 0.0336862168457627 0.08320044265729808 0.11397237511813932 0.0753257766035504 0.25212116291137526 0.16238953819085059 0.0283464835256234 0.017556965416050934 0.13721693661067913 0.07635522084980706 0.02934174391468811 0.02486758046142216 0.033749741746765566 0.0032612601914416236 0.013491963369322126 0.17621636127693985 0.10245212356973055 0.01068538870828571 0.05314062224194111 0.10334535069213316 0.07101404461299876 0.010470850402380842 0.06708355653527508 0.0882689475746386 0.06865506527785571 0.08405882086687803 0.052802896515142965 0.15134031630460326 0.0017529512422394236 0.08543276906842369 0.012084461005743322 0.07406903037555564 0.0008320175974815672 0.014983701702352505 0.020768555803572005 0.07049960436149126 0.02840759410503475 0.031168026841548693 0.01706545177252054 0.02587170591740357 0.01733740393671842 0.051405577227803 0.0011114137444937348 0.01254311616056527 0.01074438631383134 0.029610358118140015 0.00421778781140797 0.01769779321845978 0.06182192327255784 0.006465710999878995 0.06816938835167835 0.04860965185225835 0.0014886428424053975 0.04493007404155166 0.015050503495438308 0.015350071901945463 0.06395762701412248
0.17508402764018038 0.015787355221500484 0.11952283925610344 0.1802507004165815 0.09174433559657987 0.11086287281159572 0.09465138465466943 0.18601605955262743 0.059323444984840816 0.22052287781205707 0.14872423631194132 0.07963660494070546 0.09559625293007758 0.08565568826058834 0.1705546220921023 0.027491998404935953 0.06218071947480336 0.014875531392443766 0.1005665162425758 0.14609405928157299 0.053056228824295004 0.060976247399985986 0.011908490043990246 0.11023724829462846 0.20244496026447806 0.12440636871819818 0.05070556065219264 0.1734509039051526 0.0013509336896723877 0.09360106853812883 0.002508049853981579 0.06951843228862013 0.0040257215334669584 0.04292115128886667 0.03388704431720802 0.10862900716721555 0.07455846048015971 0.19084594116396253 0.031042009058010633 0.11711830905873272 0.1660991984134608 0.06263964699987334 0.17152068692601985 0.2949184449798014 0.09981261610960673 0.055645856127036 0.12421554818207683 0.08063803173772256 0.04799749292847076 0.19402365414883332 0.08983847502670268 0.06067681319932683 0.11321656924717298 0.12586478029426662 0.09223624401956407 0.13792252569864694 0.22912478549297027 0.036299668980544084 0.05989352270549671 0.1273132789835287 0.012795209246916487 0.09020779196932695 0.06169867453482851 0.09204200901004284 0.014210885414452113 0.010352683267818224 0.027499863508260353 0.02862645148410443 0.037679662476546354 0.04107326292555415 0.014530213445124875 0.012429889352786744 0.036059251948241645 0.16547159326037725 0.11394267586733306 0.058912576219508274 0.024468919037944247 0.246252121730558 0.08048259156869683 0.06526944277128341 0.03368217743493492 0.16609575880903035 0.13957080602534075 0.2661173927999794 0.09519518757978715 0.20175823777420474 0.1522520276825832 0.024506025256450913 0.0953109477533521 0.00745024884710135 0.03393704899042688 0.019962017362458586 0.05257997321979382 0.0868319540690042 0.06895503971941659 0.22390685150251669 0.04155790065025673 0.07706566598778593 0.0825411898350147 0.07055724780591527 0.047978839942251605 0.00750647110415214 0.09720161463811275 0.02714308536324362 0.022279245429084382 0.06593247172336182 0.08766669023261922 0.13459453840934316 0.03947814094341181 0.06329702385990801 0.17905208898010438 0.04390334468487623 0.03021945191631912 0.023216026485469853 0.02944543280866245 0.153991486199669 0.16765344860990786 0.016974354113876832 0.013343502185055992 0.02957376675135112 0.06922515283017926 0.05052731505822614 0.03368140376346904 0.013896306037245466 0.10758333311475358 0.03697567718559777 0.014113271421469299 0.09725977515993332 0.11573396845035144 0.010905433451658161 0.00046301170422769156 0.10080311199074923 0.020168969937469788 0.03340883860181115 0.07916632207619675 0.12414759567280814 0.2134134495353087 0.15336578700930434 0.08918992931812113 0.09957573418869686 0.027104967128737126 0.12314880782346405 0.1622133117293105 0.10618568056334474 0.025449115058828506 0.10187657859236038 0.1495473345662654 0.2705248313726489 0.1378439560942997 0.025591250170892952 0.05221087900653655 0.054556039609315474 0.009498648735687915 0.05217691915869792 0.033976166206687364 0.04456001892570085 0.06968865194166955 0.12231519989529657 0.11155062395175988 0.058333961117793 0.014842436704166158 0.05401376138434042 0.12115142400393915 0.02248170132042186 0.01724712965686205 0.00325744408524347 0.04036427264914873 0.06087639594097647 0.14550098103926076 0.07255885904612555 0.10749623361742666 0.006394100783709611 0.0705269882478925 0.08969622494768938 0.05905711113742764 0.043646579032168 0.09423957154771163 0.05562356488271809 0.1802470578148388 0.14182717865021366 0.16757905624179162 0.043034124854510684 0.13699689315064617 0.16118171935842718 0.14123797906029548 0.15120947977926044 0.14161822131552068 0.19049087184829896 0.13289377384982337 0.1965221836472405 0.1577308407867519 0.1503726770601294 0.10836631909515386 0.10672716593876559 0.11806503015045204 0.13302855984309547 0.058535623647381956 0.10780576141875237 0.12510789780909531 0.171192183967275 0.1405726613371376 0.16330681131838437 0.0008376781010306149 0.12019196172437832 0.017493002567759788 0.07087341631958646 0.1308340860143214 0.16251763101399835 0.0648101418602178 0.03826627040326435 0.03050596474687448 0.03048170598403905 0.008403200751958058 0.05148493435478342 0.06519610199635831 0.11842087269392479 0.17050066093919453 0.20334671317838804 0.10286732639137712 0.17793705513160576 0.141410463832741 0.02091226737672781 NaN 0.31503142619327745 0.12936072513194888 0.22276066196329436 0.08967422275872931 0.07803376549354628 0.08959819052019033 0.23075315566338203 0.048108976031718084 0.05033053146973306 0.16875766570105127 0.15653049116526904 0.16327845462597024 0.20145006704649138 0.09564034799585648 0.03857689144806945 0.17766491888763652 0.21109277168716056 0.0958784584383315 0.11282105305179498 0.09671434321403662 0.08279581691627509 0.00016440898967619603 0.0853035774584062 0.01409614802923502 0.03294073667657639 0.040737647210989755 0.06314987527587197 0.055464177934500015 0.08435329179951605 0.05453650182647046 0.03429879072781843 0.06228959678017864 0.08824627309360748 0.10105441058691876 0.2511540054585708 0.010094351859220746 0.08195971193016256 0.10864474516626062 0.20326894832091885 0.145331583217137 0.30953215583848825 0.06111354450608662 0.21883297357538012 0.05271734504071071 0.01250118361880427 0.10089142468965252 0.03464525261920392 0.0531859957956143 0.06342251573253725 0.019435187718394677 0.10633068796770666 0.10172336175429492 0.25778200083507136 0.11715657844746245 0.008128900745439606 0.09745453822828347 0.1172612902138309 0.03734894829903685 0.025568842706245088 0.08541605409230828 0.04620538576284661 0.004378529821374777 0.005498800456844265 0.06692732036306084 0.11396772845884212 0.05783069623955755 0.0555063016406075 0.17456157830785224 0.052635714164524575 0.049033050740361066 0.013099906482054327 0.01318229309228536 0.2253003430083376 0.2278673796064007 0.05708623216827943 0.011204929758826202 0.036231514496911414 0.1351319431427404 0.07207205440383815 0.0634927891832706 0.11707117013072305 0.014353597207318844 0.003950573855837057 0.06528019227197994 0.06384441638085801 0.08841304290267397 0.02557149665792416 0.0452669439484238 0.09145910642183466 0.04544268598525107 0.05123395727945335 0.06227680339593657 0.14482696048429824 0.21197104892054197 0.19254951149849137 0.12485479339018464 0.17799827269185736 0.017117361448349477 0.15609566662991095 0.18541476857115236 0.05836055563314781 0.021776220040095405 0.10337434962779045 0.12179925844921854 0.276732500054555 0.060871834299603224 0.0462268217559462 0.14513105820945688 0.04069530565791035 0.0011239978995592618 0.06936136709201379 0.04091934389663888 0.053269526910666685 0.15488421553892529 0.1499328358823039 0.007019991412837856 0.05546599877066945 0.004903764997893605 0.09801097289289387 0.10638706535345814 0.030964745039283415 0.026762544419903226 0.02357425975335975 0.09696943530067464 0.003289635254358781 0.15057592091530048 0.03429521773804047 0.04839627005529021 0.024257015637980845 0.06345380781933962 0.08673906059656938 0.07082602775298492 0.001347527247654882 0.02058296708729882 0.11621667453761955 0.1486367234145481 0.15303735374153613 0.12650748716536353 0.17613963686369097 0.14275816416735546 0.17259368409114223 0.07143748259904961 0.1049766997308143 0.001492740191601874 0.025160490446725938 0.06529705183684624 0.0667827181088473 0.1009860661172668 0.10355216237500064 0.03719114134951132 0.08242888569961752 0.0656191476777115 0.06153249366059362 0.09876538320227955 0.04921669878813994 0.09649407538535228
0.21494870403523478 0.03745301039895181 0.08466472479264628 0.1921023770198688 0.10388121728880255 0.05039629022362173 0.038591695374330666 0.04398885456615359 0.014305302312685035 0.25481326787209035 0.06365894613238884 0.020272550166747998 0.12374467869131557 0.08104690175842959 0.17203409532916447 0.05055579953501315 0.013014378659102266 0.049307576689791265 0.06217446020424281 0.04428297287147273 0.0363416136393751 0.05070068404920599 0.053627832003036585 0.2116349281648974 0.09692256319445329 0.13015587898564654 0.14626450762548993 0.13350503224815194 0.12806444486125487 0.05099257969681248 0.0859083021917856 0.058463651001970304 0.016193064921891563 0.10982420898471916 0.006265271163136411 0.014032537643765199 0.09841779826562821 0.25119199919402685 0.01547719751591441 0.014395330645107961 0.11170765668759206 0.13262050923143337 0.0902773197138273 0.38213774228600506 0.23212379510319112 0.14470391167112115 0.00036283435573655423 0.05001777775475612 0.08010200360566855 0.1557482131834432 0.023560543545008757 0.006584566170066252 0.020472106969646135 0.04323699969270829 0.03387492710759822 0.030191639381230876 0.1349537735978687 0.08620465114317943 0.05710335594588743 0.1405572844573773 0.047397458810623856 0.12385083404807698 0.0732160678842555 0.10135965095815337 0.047912191533774 0.05691699725770538 0.011970474240601566 0.002695781715572855 0.006249646798224477 0.15695762438760202 0.03558157423653782 0.027139167402910808 0.035163672835836726 0.09544006108517618 0.009116752505771108 0.14891766687066152 0.004858232252238232 0.1526845362256033 0.0036823726106153336 0.01670142311353872 0.039282935225988656 0.15218527721623823 0.030373661559206854 0.2945719372948109 0.18350071376976132 0.25369164508555114 0.10639939609225851 0.019850397017395428 0.09437117643800175 0.022873179305677255 0.00937213686823496 0.009468178721079214 0.007725386727506851 0.00966804797758007 0.028342838458944912 0.26682190927496324 0.051866273596275235 0.14729174959524294 0.04505725804909586 0.03976414112560506 0.03653777149349871 0.042293751262443356 0.12461182687477244 0.13082221078423667 0.007070354938288995 0.0587538759469307 0.07891614274266326 0.11211714755146536 0.03392843496903909 0.005802377344655213 0.12515044851422935 0.0037895576663257986 0.037655892490745475 0.028390626443048322 0.051901562110362356 0.08183713837214229 0.11072126659774707 0.02703785202942713 0.06063497547634708 0.05598342279433726 0.13519538737939107 0.03814632759154053 0.017520207085660655 0.14741081146401533 0.020129550401660066 0.043459668436177705 0.019586861216171637 0.023428312158542217 0.03084513831858104 0.03347702228490919 0.07251631884052177 0.1478761337938314 0.07218683156593488 0.02143374755366272 0.014348215348478922 0.06388560796164121 0.10285848772341818 0.010630477928379765 0.030120756050927122 0.06864672674758031 0.011182807769043665 0.14517536774844145 0.23380966097357614 0.0348489131288314 0.016189100897368122 0.041204171205705485 0.08535842465762007 0.3096407914083292 0.13168898822058941 0.07546378335937055 0.04728919111153105 0.016362862454798382 0.016858512708908178 0.05505032049809615 0.04332914692265854 0.013826190389319626 0.02854250257760603 0.016368942955654626 0.0591135886059599 0.07582152203766954 0.005031388571299389 0.14402362646988923 0.02448620993355048 0.01566287883015069 0.009233308854758062 0.044076046121620395 0.07379941766813633 0.04770125423185273 0.15588097860752895 0.08091626437858973 0.09454614319731401 0.028560903639914027 0.12145370672602183 0.15079443204410298 0.08490239822232014 0.06670402877457185 0.11603539190259544 0.08308677950704241 0.2505756844580023 0.16992662983294318 0.18886686154822716 0.015836084231238248 0.07927165198323166 0.1863537463052977 0.11857760233059868 0.0696283228145778 0.0833312736295495 0.06383971943561488 0.021853515648306048 0.20018394599473155 0.11269360355836604 0.06935692405452296 0.126075543482496 0.1558809163571875 0.19370875825029618 0.12047868154015207 0.026128611824613533 0.023339474559332822 0.04473370457439786 0.07640380021519481 0.045499209289721634 0.03033279386228402 0.050058127340203006 0.15534571061570995 0.007531921846049939 0.04174600364530166 0.18240839691457114 0.17454405552587327 0.23565271999680143 0.031616276379820764 0.08342877657478955 0.018142187343923716 0.06478336733954816 0.06053129350203377 0.06693594165800305 0.08723656561733636 0.1464602556241491 0.25171315103821723 0.04558604045806056 0.07435292730031982 0.1077579106843946 0.11475224102607186 0.31503142619327745 NaN 0.26001054012995456 0.29951688403980864 0.06329388871460208 0.08568362913114137 0.1300756494453597 0.2777968885286953 0.052073700083913294 0.020169870342832165 0.018575157265820395 0.10044401790869394 0.11753553481251765 0.12144935818829264 0.060653169236422486 0.12405984473271749 0.16200190059447864 0.19169470815772718 0.07157797365055095 0.08705491263413806 0.1299147988019732 0.11891553598962473 0.03368683181642816 0.05583260939189818 0.00033253781129070307 0.047045247836851725 0.0015988426426416086 0.1019099976692983 0.048220710614896675 0.05169513908786418 0.06650746037266907 0.015643297414421557 0.09002992126658889 0.13960199456529895 0.07475149917644729 0.22410204387349994 0.043958241221323364 0.08753392087720187 0.09188958561260371 0.18328327085198404 0.15661619712979846 0.3702584261724752 0.1077592691098766 0.3037222510697414 0.02619794450751034 0.01635119481638673 0.08983441940771958 0.02594652318529486 0.06826033868604223 0.02845814180613099 0.027806666825093244 0.022479376091441718 0.057045177665265116 0.3399038029973814 0.16971903684346606 0.0827459683367468 0.024816556048415983 0.031312943253282106 0.011649787866823493 0.042192354946760116 0.13064706826664252 0.12978097037502903 0.06344439691704132 0.053948330470504284 0.07531983609578165 0.13333794466066048 0.06305863579270168 0.04148880499557312 0.17748342719195742 0.0305848971127416 0.01411910105196144 0.007587004905699445 0.018786873722797883 0.20633369011457836 0.30502671186749714 0.01119086070117977 0.04384966861602887 0.0019435439755139873 0.08100381061413855 0.03177904968963489 0.025171987792409173 0.055494181246145004 0.1124407150664338 0.029800239369726138 0.07418130268470144 0.06321735642645979 0.022560236005816116 0.03522708782367255 0.059681347875388015 0.1740016558405063 0.00344032737433134 0.011969761412965437 0.04364570274660325 0.1014867102713443 0.2490376902601562 0.14160541619897163 0.052224309179815825 0.2280853676000502 0.016074101130111738 0.19136367513468222 0.2364535419424953 0.07316053625188715 0.05288413502824834 0.09239202382886824 0.12982015523517546 0.3627531136233242 0.12004201176500179 0.06054447832993877 0.056240173628542216 0.0101635113285394 0.004104582813398739 0.009056748022243164 0.06412527147804103 0.016470452017792275 0.0855340395234476 0.02280672116052284 0.023065165369779518 0.08010968119173281 0.04303327030921821 0.1568164839763317 0.021727890877792606 0.02138867248981348 0.07242821844183168 0.05977016679993544 0.037279336065582626 0.035888692373603044 0.11283242136326777 0.09586346563944621 0.050901490106696805 0.0006213990244692661 0.10199551909021129 0.08288475008372594 0.003340547994659527 0.05257875620746465 0.0258556664436544 0.09404714948968722 0.17091601732657505 0.16450888357839835 0.15886013033608457 0.23650464072234934 0.07215607401360649 0.07133493901708222 0.046117706476287344 0.11369403661967983 0.016104934812130017 0.008845339458625971 0.012847993085931856 0.058578926721421475 0.18435493426102778 0.20541100985949118 0.16120636307269223 0.10563023873761077 0.06735282770551411 0.08343272086456065 0.09186338893736215 0.02106020541590438 0.11364453005504527
0.0064942190828586694 0.15506559502802236 0.07867728895443725 0.0551137525442325 0.13860329966866905 0.15344439352539987 0.12046072428290305 0.14489749619635225 0.06976221214370107 0.18810709723519717 0.1360878138415132 0.13879494269686085 0.0192558824718856 0.1514014974266335 0.31052263856397505 0.01776107943702482 0.07252651736987736 0.1442450208520762 0.07224172266000296 0.16450345018875168 0.11889272528401212 0.19752708444771674 0.14434287432652573 0.1339622956754564 0.04791876131123787 0.16274022807145058 0.22115415309844227 0.0902689535234096 0.19912310089946456 0.014175150601755235 0.19568692693603207 0.07797978847345614 0.1586451598892688 0.055973765182843555 0.036854286071782906 0.023604341637848372 0.20310504510644573 0.2249444319793217 0.016758936394169498 0.05425663686047696 0.04812355004662761 0.2270625221533751 0.006392129889189919 0.21164820458313952 0.4833346249946748 0.3585329467755787 0.03804884513659081 0.12887342031866322 0.07274118130220421 0.2380571516938645 0.15850188363482604 0.06461283657447561 0.08942728596908646 0.009857031205143056 0.05770847917619855 0.02257989295535381 0.07319533429174976 0.05294350787101559 0.0036675060657147007 0.08350132672986374 0.035773886121812516 0.005172742725969733 0.07885831573924305 0.06011409610467032 0.004125352312069136 0.017933076203842505 0.12470239252785653 0.03390957477795041 0.1532378717188315 0.2492252796300466 0.17519509788657178 0.2056671650208032 0.012475477137674587 0.10204802292415187 0.20333763770166918 0.23009780630569962 0.028108165430187265 0.05947380002776655 0.03252696226627363 0.09838349254220642 0.08944326291040988 0.16171503840790652 0.05604483488791823 0.22126781297019213 0.09373677538943267 0.010217826085791125 0.011586124973962867 0.048772826491441885 0.00398902019454204 0.0023157487094619344 0.13117180341200008 0.02733863753843929 0.0230891872369125 0.11935313515599122 0.0026526100549430463 0.2499151039194752 0.05173779749263918 0.061479588595503364 0.03652720612544694 0.023978116431705207 0.03239044773022675 0.0680010736364305 0.1434876940130777 0.08118721903631956 0.13272123125791854 0.014379291767579077 0.052762708944970454 0.0024445944209690695 0.07250625330088724 0.06269082617876723 0.04450205914086776 0.07673648070599262 0.019504529892427538 0.05817110655468391 0.07135614102590798 0.044968688261533316 0.11370878708868659 0.06305747445048522 0.0022320714907125942 0.09728324950544716 0.012643073457073032 0.050167059709349475 0.10356111947447355 0.059673222928907185 0.13265036816631912 0.04527014325094106 0.03065964817678485 0.032153444102063854 0.20237669826858418 0.07280003684622316 0.12269662446233322 0.1783042656684894 0.0517300803553335 0.038674106293442576 0.00034569643925558746 0.006800722568424938 0.10711966052112659 0.17926106907639988 0.14326163997012548 0.03620102913240412 0.02698739766856382 0.18933334121636056 0.42834875400230094 0.015035690890323713 0.052135193737063365 0.16325317314298554 0.15764279572936019 0.38413113814694094 0.0463491931461155 0.10891651558293258 0.1459611647478897 0.01971490670875232 0.05250232608830308 0.12418871123269866 0.0784486741387496 0.1655920955370136 0.05187783354239346 0.16646513380533043 0.1224283976756107 0.0026337410294993936 0.062466333815709124 0.0723843378937856 0.030125278988689302 0.025899371297518396 0.03338981139755064 0.04066867097829164 0.08681123535223763 0.018866270965871176 0.021969605860380794 0.08047986494119702 0.0022189521369243566 0.045059627763489714 0.005474630838258662 0.04687751122258539 0.04002286694442307 0.0700542821596643 0.08517195412334148 0.08644908099236429 0.01064424909561698 0.02431744001736814 0.006406959043854044 0.10836456216075989 0.056032024184410965 0.01255113468604107 0.1004454464476244 0.15851124680484344 0.1299049711951581 0.05855175880967063 0.1147107579032732 0.0533013691940976 0.024213094089613644 0.16748529980723914 0.03351742599825099 0.1982909245175286 0.2954026533582886 0.0031409496541720964 0.08718606892284571 0.196973418750436 0.08910536345959189 0.16498649621688555 0.1520976473503232 0.14234902700501456 0.16075630595514462 0.11537538529002139 0.195280694362089 0.22084247972205068 0.18249240213777926 0.21267772362918502 0.33112263519691276 0.02970845648575697 0.2700854037457287 0.10507818601191911 0.06310648266557305 0.0868776069622175 0.11694581188744375 0.019274233079220347 0.15708629600887547 0.3043048098122748 0.016876083331289374 0.07848572129786105 0.008658096732275668 0.3067395429312265 0.12936072513194888 0.26001054012995456 NaN 0.516037186641978 0.022666303938825363 0.0785497091229845 0.05454178318934136 0.2919008842781829 0.11665928670088542 0.0020570246898395763 0.05628226240355992 0.08871970422592308 0.01196717406751728 0.03884777292473878 0.02587135674139921 0.08078961534919941 0.0892126761639934 0.1011954973360912 0.0014125512159756427 0.13377741222318204 0.02454146801127433 0.04966930986472875 0.03153590614254849 0.0444048801700656 0.18734349466775033 0.06282184439569911 0.2137810915092973 0.23872171047630866 0.11564466778875288 0.09153322041618209 0.047405901943052 0.2405062636766777 0.2431620313977283 0.2684005054074931 0.0017858701531648247 0.22479887562915926 0.09087304606901468 0.04435981861369546 0.008503077034327735 0.19358994227522547 0.09102703559300142 0.2927330504440842 0.11074325779096125 0.0655119253437556 0.03232344252639765 0.13282821081929527 0.09163626943710182 0.027421213197845684 0.06243109099650872 0.05054560676699401 0.037960985808395825 0.053224607314680074 0.04750997839429045 0.25722063237360576 0.10325172563409196 0.0016479673787589495 0.05815650579313494 0.0004674787816160641 0.07346971546465025 0.08884299362303257 0.026493389371399674 0.09369877950149168 0.14608323372491153 0.08310228594136544 0.04523052472265199 0.015984197471387643 0.04967160589042562 0.031333663564080454 0.015501086458723563 0.026826671426316215 0.024818146383292116 0.03387282045333616 0.003147583281964283 0.14874838503583232 0.2894602068967603 0.015667801396305983 0.018232725005559853 0.08335476843341559 0.01606013865285628 0.02272693375054824 0.04479160801684712 0.04926549019805799 0.16580688796020046 0.09410273945935611 0.07344662494630387 0.18881524100798142 0.1821793877268248 0.17321027951961357 0.0933553104888131 0.12707481875870918 0.046200240137523184 0.0061461018643515835 0.006762857499289105 0.09519157350000938 0.47267296970601697 0.014963771536785 0.08992903307604179 0.03208645371590424 0.0019922727819148317 0.1656524307785205 0.411174460346348 0.16406656945667597 0.1616797975400393 0.2758700485075255 0.19016284319773735 0.4129003652425298 0.07161239870938793 0.1494240415543294 0.1309551137977662 0.1263897421087911 0.026998149406959597 0.03613379955051908 0.010914362880777817 0.17218400631911712 0.08484871844019397 0.134039693867767 0.10895798416222709 0.040539916257049356 0.12118355169501888 0.1594610299950552 0.07638030657313555 0.013200744805693117 0.02398245414202458 0.041410796502273466 0.0795884730867814 0.026183131376186348 0.053543581856155174 0.07779251518409691 0.05867317515950436 0.07323905640062386 0.041523907506373026 0.12398417026629309 0.06667969253078122 0.09379043802711685 0.031519464574632686 0.02764771285165419 0.01319039356285968 0.013422983252467092 0.17697810231210506 0.1769187067518058 0.0542454604942876 0.08262427115176435 0.00976643066559286 0.10484253630774043 0.09929815459920832 0.06620103347271915 0.019385458184764864 0.09461824164089867 0.17800934852965264 0.11933671944697509 0.10395213277951285 0.13051040665331534 0.001897191998335823 0.11860339246583486 0.07343864606967573 0.02352060941782965 0.06802476750632475
0.039455046644338305 0.15016420804420474 0.05487599845789899 0.0007317618434626425 0.0891138437369717 0.04680713504709208 0.048744047314969285 0.005056066622509484 0.028162430723410247 0.19951247378525133 0.026960058231534315 0.016248623139962497 0.011400316478314998 0.1312806967105523 0.26135164945064054 0.01593077819338889 0.061856860320477935 0.08123945378705259 0.00248726517421067 0.021529623756029587 0.013227281342886948 0.060316321431338464 0.11694662550197792 0.048136529490922224 0.010150019650071977 0.0993994013946426 0.17301365207874414 0.0962682593927559 0.17505959159949902 0.04032364684738114 0.19266994643527674 0.09997077558027372 0.1321146485391306 0.030570604653273922 0.027007365773306778 0.013290266267419703 0.10466253540430522 0.16726651712080307 0.0640037570284125 0.0020905003066810143 0.0028452849416781083 0.1898019227460985 0.04720057007437599 0.1867027183194862 0.47892513971322104 0.3438794850177132 0.05717655349307265 0.0033791483623217067 0.17044277054646748 0.3309231496054521 0.03886530126501198 0.04205192965802549 0.0012580182104292399 0.02823161757336718 0.022102935760264834 0.028158839879815382 0.10857857610617094 0.018926139559434153 0.03246707407248379 0.00729020132913841 0.03955188694264674 0.058508206218861096 0.0020670112300930736 0.024641225635900047 0.0027024547530943785 0.04311844396184576 0.06869474202239617 0.014807879204040472 0.1194395505612725 0.23642845719328814 0.11300570030170161 0.11006994672536558 0.030972394470047942 0.07988982158786492 0.06937279157369675 0.1390201917740609 0.12266850640506144 0.13693609274317609 0.054581819127799185 0.031732463372525666 0.07613450205035763 0.18795741021724544 0.05220538395923601 0.21477907012759798 0.1159291672751415 0.04747329093115251 0.009447621227164825 0.006138304974511996 0.046028753082385764 0.012630778920192334 0.06670747353164487 0.086133357196363 0.06035077574892943 0.04638356659683632 0.07637236476343301 0.3113408527647261 0.042021930101389174 0.11056498722937876 0.052115955373044455 0.008716810443317732 0.04333124256044524 0.01767791167307645 0.13445278655102105 0.02120217668643919 0.006064623080986895 0.04056878026272823 0.029848687144184944 0.019911341235374923 0.059702293859654657 0.02311751028331185 0.07662029694487982 0.05593531185306668 0.05178880012971181 0.06152718606146516 0.007403402404000204 0.1603426782826893 0.22198260302522688 0.02094197800017899 0.03705060152971516 0.10781908273796813 0.001699512091399167 0.0035010131515464974 0.10629946825885768 0.03189476694127168 0.051405952914801656 0.038362397857191755 0.00395144198025744 0.02355797793262708 0.08970040649458251 0.01780091329570394 0.09009968657848437 0.14131010887882056 0.008216632226671398 0.026275701357070493 0.029559055695114442 0.04329216552705359 0.23706604033610368 0.04207459129095157 0.052884045418021275 0.06562372036888457 0.018165632954672117 0.17733820049877705 0.46919545652962313 0.029556721066643886 0.0854482920395237 0.22942987295881562 0.07437642164199118 0.31684019791741563 0.022444121425249708 0.06062485140313418 0.12413046306204935 0.0400748762006864 0.03894940556209097 0.03619257239273259 0.012818598782128 0.10614298170891463 8.58552083037677e-06 0.0018613557490662785 0.0010337643929009114 0.04923470942966269 0.057912805967630925 0.022002600899591038 0.016541632147627956 0.02002166003289447 0.006089226750719569 0.010607068067705304 0.04493852242035557 0.01399233751060006 0.049971629906887347 0.10737260060490175 0.08855186034165781 0.017221812135694715 0.01193531795508668 0.020068518555296285 0.05235022319767981 0.06333955907615088 0.16646581507266256 0.0020678191830166507 0.02156293628499203 0.008505818255032403 0.04552567078428025 0.048213005690865514 0.023603029569706304 0.028396753190616075 0.04060080493109363 0.044440118952161205 0.023162613810472715 0.012185534297963345 0.0018446281566018182 0.126344121341452 0.12591029422203356 0.0466292307084038 0.03004856279205217 0.20148936263845646 0.23230153107327148 0.13332605020092828 0.07478175727113459 0.03237761015319645 0.02967881291449948 0.0067864790309420915 0.06255254445544414 0.0005603561543047866 0.10612870035932913 0.09098948499284339 0.12480011354593747 0.13910412614122644 0.13007757201030878 0.10885183432001522 0.38983621221741055 0.016303641388050127 0.2605334723971347 0.10535601835984373 0.07930418760917622 0.07428877269241164 0.13193104730790908 0.10559519114946081 0.15378663857980787 0.24924577589040356 0.06972759792284952 0.02190626604393737 0.036227507178402216 0.18316959959494278 0.22276066196329436 0.29951688403980864 0.516037186641978 NaN 0.09224425281011343 0.049857139632151326 0.2256650154410173 0.48217295324710235 0.0012032782002702064 0.01394180597413081 0.0103907405081097 0.008823946053286033 0.03267728957568306 0.09426912758284829 0.04620052674786786 0.05830053726279899 0.0786056088474771 0.10342891014319018 0.004252415317452622 0.1286522902125225 0.06072013095406655 0.03610898426048228 0.03090578546165838 0.05934501585816234 0.12664978303754337 0.08821421155235416 0.19248001192355624 0.209472999003994 0.07451978404968197 0.09684921145301408 0.03419012628836649 0.23099569808633347 0.13312107349855992 0.2660514784446435 0.07678806136630482 0.23746328298606367 0.007073716727533237 0.10528067499929299 0.08419632549300086 0.2726266664697679 0.1775125467745646 0.30311481394175266 0.09807224718402967 0.09150182893827702 0.0074627548082176675 0.07234613641725235 0.07952442248902927 0.013016295732697502 0.01619922708309426 0.03661362186623746 0.04443607540015762 0.015033906251984093 0.1055751335965019 0.414732007115637 0.17960266909914313 0.0038108751566675475 0.04919656123881657 0.01871130523990387 0.01846173796624633 0.0332367022183417 0.007387061889922909 0.004082936468508674 0.05769400835971013 0.00034852780050259087 0.033554504091362215 0.017104762256582223 0.04864659928045312 0.037302371827563234 0.010323606819595743 0.01658044720691738 0.006281757991276751 0.07173985416357286 0.06313371610492383 0.3065962634839856 0.40908858149144867 0.002375993967327904 0.05260621655927139 0.09246665898589336 0.08649276613038824 0.05558200008298008 0.021963961180473605 0.05884576167203411 0.08934091578174005 0.024906006738761078 0.11196267552886012 0.10322276998570122 0.10626688485324205 0.18735048562419102 0.04621402485247541 0.17315025579996993 0.15809625434085567 0.0051519643712521195 0.04689886004268594 0.23314769519912043 0.5306948354928025 0.20906837234175862 0.04084078249542777 0.12230890914732072 0.06819472207689478 0.17709914497899648 0.49159420217364963 0.1404799803550341 0.15263229759165894 0.3706611746630751 0.07183783466123667 0.41327979984813346 0.027901937665366916 0.12363446892978469 0.10000785231431641 0.033409602215048934 0.036543127846756944 0.037959138358887784 0.007901200016291039 0.1567947890420565 0.15561951917746059 0.0008728129228130686 0.013782887516966366 0.0013152964296324534 0.10005594114447261 0.11826888060533386 0.007959584887509617 0.058976095642927905 0.0645534311507045 0.005282126174570126 0.011708319728158575 0.039210642135895354 0.04856558466244913 0.15250378242842333 0.032588525660193796 0.030972105134289156 0.040481484907606224 0.0746858533443089 0.04788808713206545 0.07800763223404227 0.05889796195532152 0.04923412092304532 0.03657669323544423 0.0511049536178789 0.279565593331299 0.1872310504546924 0.1111455649940101 0.09336304174640728 0.018197007754894207 0.163753766643048 0.07737681358224509 0.016361780539302345 0.012877762120075381 0.0660467600461403 0.2929317844996364 0.17240050933149215 0.10353486923430057 0.09329905291894479 0.011238201660421995 0.09704316912883168 0.035960470599033824 0.010571444815004114 0.13935089559769
0.1655022539050124 0.2858600642731794 0.1682559168821727 0.007404680301521701 0.006862813940727439 0.2237694316011734 0.31483705566043346 0.44071188601610833 0.3345799334104631 0.13074446081616964 0.2974002804661589 0.3938478993648408 0.024094975816395678 0.12152643765133922 0.2657653943375553 0.008504214122376159 0.2209456080092401 0.4150003557742191 0.063625321099518 0.23611450992719948 0.2924745204014058 0.4235027503516416 0.3529215961842186 0.23945518338662783 0.0698053019919425 0.08148299383544921 0.10615774105224102 0.16866784920355085 0.05615850877666524 0.2716026732571168 0.018365818205208755 0.06791067424431248 0.03746147978403335 0.1334017842528457 0.04937360177798478 0.1784740169543632 0.030129111336877346 0.16641549313245957 0.16332791112265962 0.3293157119891126 0.1058962227434113 0.09913580785115411 0.050365872595978814 0.04441139205936793 0.09226240908547276 0.0161088952660345 0.4698971300920707 0.18524791423573528 0.18047385133312846 0.3438979929321153 0.4701709310689191 0.3588777557601834 0.271769576085901 0.4034683539922332 0.17571420928850076 0.28586516183891536 0.060120537307227814 0.018033673192269433 0.18483613612016184 0.23952072212779485 0.05995461006764691 0.024101008597886737 0.08727199750761222 0.002526122198508752 0.12587823462964176 0.18298838183495297 0.2877121377712938 0.36553396024844337 0.18847164228664984 0.20465733988794646 0.2575925596513429 0.17580848799339857 0.2699504393570775 0.08966416059206085 0.22960724053271334 0.29174004975845264 0.20642202474438714 0.04762880744443491 0.21863409179268517 0.12590117513734103 0.3108604043890937 0.0873316461492247 0.19574218399394688 0.0651936558539816 0.15769397241274768 0.11299986681183753 0.051350750856163044 0.04548310186190547 0.10073056571704625 0.022538231771817584 0.09581453548374824 0.015351952807814876 0.019697878168157247 0.06522660417280977 0.2077701853474844 0.24852882348450658 0.06752951874472259 0.13369005289124453 0.09166224429153205 0.0613522008778685 0.11933252933016299 0.022961111231018093 0.13409863944291764 0.06945844225898867 0.16538874521701977 0.09885634928815329 0.018133969437258198 0.049327147742560085 0.04973714754702144 0.06546883670029754 0.034011677449048594 0.0021419532791584167 0.005816515611975025 0.01609785723478193 0.16927546067656163 0.4894652649492525 0.3367344984503383 0.028437373822157747 0.006752212792879112 0.08290893610130036 0.03336808244532749 0.05789742304354026 0.008290748279116036 0.10826693392828521 0.24487802999120206 0.028256015307547955 0.012348182057901728 0.08858647742342761 0.22715295859208656 0.018398588226644502 0.13688049958191237 0.29728895775449754 0.1399274793971286 0.0020021536471089424 0.12246216915096253 0.10154561463191969 0.2631756271057685 0.44366875881913714 0.2473732816091403 0.1450416616294043 0.24980226489122145 0.04710003801561466 0.17702022353575747 0.03385704304392382 0.11161994067467901 0.018201666251362023 0.00026418135045003964 0.21466860927133904 0.06677388702229012 0.3618335953445653 0.22026918807018736 0.03755829791614658 0.060114296299680965 0.10291411516389037 0.026497740651352995 0.3649627080848706 0.4388498988205763 0.2598709090924952 0.2813332749776406 0.14487274759578858 0.13170501914824873 0.13858098527627719 0.191147584222755 0.13971328521409226 0.13366762976017443 0.1461746800393329 0.22094700547211835 0.05416579288366704 0.07778433673458535 0.11535429267790419 0.04148361793492025 0.0025538469916283847 0.1460120075684152 0.21137189985358693 0.1288772637007442 0.1862773699145314 0.004181568625865503 0.056930749294463685 0.20941974951996833 0.1788006952592614 0.16848792417056604 0.246599595997918 0.06570033634683224 0.08171699672640197 0.01930379769639857 0.12436931760334992 0.2355992097674652 0.3796938822410458 0.3792945922502248 0.004351561837654913 0.22195613443695253 0.34061688238670346 0.030347272688629082 0.14442443148252376 0.3503221591341877 0.059298761016484486 0.18848303963939325 0.4232247272677401 0.00953410781908093 0.23295250641047333 0.24771893796145958 0.39821664355915476 0.31011972541658944 0.203280513377628 0.07191608898378622 0.1263421263554131 0.03821178823464471 0.19000791621742796 0.09141699616886535 0.24668187929190546 0.043112225139537955 0.001683655966022005 0.07116730308712929 0.11020836224103592 0.16959997385273334 0.18273009943791965 0.019626460274305816 0.18600602334935445 0.12071329375256977 0.31877926246654437 0.016127391236501632 0.08565263557725337 0.08967422275872931 0.06329388871460208 0.022666303938825363 0.09224425281011343 NaN 0.12284139806668126 0.19023886769922885 0.19138994895786066 0.42961324765251374 0.37540818004189525 0.2705252426786737 0.37802466054193673 0.16329119776099396 0.2804931956715474 0.09960147013534357 0.04405867656519273 0.1234283810561376 0.004957682686559471 0.014609872887679587 0.012769424508163457 0.14883984489266577 0.008453721162133887 0.05031404431100586 0.09082281511393267 0.2325224452190745 0.2688167248398966 0.05524861851694566 0.05224655270368551 0.3155025851439254 0.23040338000778116 0.21962957508697284 0.07883735399440137 0.24377996449959993 0.06799704227023225 0.17519233920828525 0.09492288065870495 0.005530163924773986 0.025425186873580884 0.15676390628041978 0.021269400813713604 0.17851924739985506 0.025902740536704546 0.14655194469866412 0.08954152025026085 0.18996806832580132 0.008950187707052686 0.04867389572312073 0.1886155879604726 0.012541595748450617 0.12475635995853208 0.03597186083348824 0.020454274224649276 0.11921978969382051 0.2095963244157969 0.07368038173190723 0.1219304071999414 0.060496429623846444 0.1550005006677289 0.08016960953989209 0.0044662006424788315 0.12453601666515646 0.12774798369702572 0.10143349883909342 0.0020863962869303496 0.0634691913224935 0.01844804739454074 0.07245974690265124 0.02514093084446511 0.017665870792371738 0.025775935729096675 0.049520276532334956 0.07538378753704514 0.14595705736262465 0.4894298729213486 0.32167668495451734 0.10172424909135842 0.02882792177177713 0.07493110344674109 0.11370284955945886 0.047315752104631195 0.08887624451692819 0.01758620622446563 0.2722096383853959 0.005670152918345381 0.04867223976592054 0.14892460540064273 0.3008281888617403 0.08770922619035322 0.05631924166529982 0.13330561434285443 0.16364851001188757 0.04157844755872844 0.15852886164041619 0.28532545262489917 0.030085932442336035 0.42348963977787407 0.32881754808867086 0.1732851122429606 0.14582195238113405 0.05817092431518265 0.223205869550944 0.07694081891988266 0.07877817667335832 0.01995274222826396 0.03881642345417894 0.10918463176401247 0.12344505203094464 0.30027433272166504 0.22382394190476382 0.16845417510362462 0.19223471951437532 0.14521626153510198 0.00044702939857959255 0.20018209269458487 0.3200294866647335 0.24248848132384923 0.25447747937192317 0.14774797307083967 0.09984951474322261 0.03578500727086706 0.28600559649239066 0.1273474516117612 0.005340990207146838 0.031024811200295828 0.17251692640025976 0.0011047468775409255 0.03317238485056607 0.21614077936679643 0.010710689098191013 0.03673781589833527 0.010766404902038071 0.10608444063958544 0.19314132260577344 0.08658251450747585 0.06918436369502838 0.03612205520338782 0.10923142664078253 0.11464344906441618 0.03540905872010373 0.0927979372829685 0.03907450223662361 0.031188747683683505 0.007278743767861985 0.05501800138195764 0.2446920354599071 0.1379221549647488 0.07064910794832358 0.07713477696270953 0.06986589333078216 0.03396498351471656 0.004627969343379092 0.123180043830574 0.03507985738226854 0.17789880141655556 0.038716228652162774 0.023231342381732082 0.02638368636678431
0.3795822568240976 0.22011103231706255 0.32266314719907563 0.42154096672468505 0.4377694089392019 0.47868076257662956 0.35353049675772064 0.19391968791925107 0.21077547208094663 0.2643396815918587 0.25949151377131224 0.04644398304105318 0.41402502542977265 0.16913081361635504 0.05557917189405943 0.24140414276828875 0.36924161098047775 0.07525438980050671 0.47743543352427814 0.41854635532053003 0.2895769107145521 0.10841721461376988 0.19744148602113795 0.09939788920319165 0.08802398783088103 0.07510406346757437 0.2071928696283967 0.18821243341453459 0.10314508378953442 0.08768361059426225 0.10004109725439163 0.05705841238024632 0.11193824185791669 0.08240480721018549 0.0706339024122001 0.18507890976863395 0.11029228427676663 0.11609653586024644 0.1466872798232406 0.07691294458687543 0.13053589878726884 0.05060983319370716 0.09009946177336747 0.1286192597470591 0.10622818080830262 0.06079202593952952 0.17254410530354972 0.5258769859853586 0.23345855671548468 0.12941243543911674 0.24784196219785765 0.18558819931640566 0.23508659350099836 0.03289124364499907 0.08180101239099788 0.013523177143321989 0.09796907993644459 0.07487047484945515 0.1003468363834021 0.12008665750458541 0.043467719651992066 0.08808138700907862 0.039253417366344065 0.03188752422281998 0.013801144777467944 0.18828507846917686 0.0995559884000345 0.01785430794106881 0.007821784143726942 0.09367275999938628 0.01558617065198241 0.006854552863285638 0.13217800980113345 0.07654882281984546 0.014410347829146904 0.10489291330044459 0.12079348182960739 0.06211857528838962 0.14764022896766235 0.038617341617938665 0.18681065894453944 0.02286630189347866 0.1116424809054727 0.10165028045290793 0.13642465793043307 0.15188397873233297 0.1290757333326362 0.07486651732231459 0.0754458685181955 0.04292464875587557 0.019252452757020665 0.029063003970825025 0.01790057496992866 0.10068193520743818 0.20182948569944836 0.11264400757987124 0.10877897718293147 0.008954931664338804 0.1249813000775855 0.16866353131452977 0.10311635439961084 0.1548789511531314 0.09306704576149409 0.1433186431702501 0.07323929466414641 0.016645360508645887 0.11719880188392887 0.11032598525060149 0.009559706842706715 0.08111896577603457 0.06999379402657165 0.0008732036465009165 0.10347444921624951 0.06747496951582277 0.03185798474273774 0.0016627786324253282 0.046828301686810556 0.027865500421489615 0.02080547563637368 0.07045304849603434 0.19259237481509645 0.00499390230086399 0.022142108661650624 0.06996692293708906 0.0847731819202518 0.03261071337103667 0.006230185116676138 0.015279714334599712 0.005179336816195591 0.08408823308992977 0.0836248157947615 0.003159555810200565 0.05187746715371045 0.04803970561268258 0.010034928225492736 0.005147286756645854 0.03800467803177032 0.21046657787314757 0.07090938066481313 0.31208168353595334 0.1845853712048385 0.13898119841622317 0.11667371334643561 0.05590062395395699 0.05650271291060207 0.005863950465339341 0.13922402871645048 0.07405418164093512 0.05001948667884957 0.09086698845918594 0.023959117648489178 0.2256793864983663 0.12178295092568704 0.20462553998131663 0.003080982104468652 0.2383576988012851 0.14047170813730564 0.4027314229399792 0.2845479548253625 0.17426077230190262 0.08743937492389711 0.12184432103519141 0.18301337668994774 0.08224409162910246 0.023942719489034522 0.004332285126993435 0.013169078656051688 0.07861503728355371 0.14068438783052728 0.1665342904752939 0.11915121179014822 0.09630170309161366 0.12581529402461888 0.1608126924942495 0.08063456867628795 0.05661918766893915 0.042223418069154334 0.008186076021525355 0.14187142187925075 0.10477295644157698 0.36489718586999603 0.3815926444501232 0.2856320972246005 0.32588856471884464 0.362456361411112 0.49168278002779103 0.33252226675340396 0.23151465915625555 0.2890786948553831 0.3805114487970693 0.21559906644701182 0.024485493925641443 0.3991362031143097 0.09898011361442186 0.021697921266020298 0.37497885460209573 0.3651217237323685 0.15433013612122792 0.5220982172191422 0.34185226810987246 0.41685486033829866 0.25046760053045386 0.23030339524728802 0.11530086220043649 0.051945215576463886 0.10146036025132765 0.16149394634707423 0.0932420305329935 0.10694344621380249 0.0829919426386006 0.11629615274911165 0.04937517995132343 0.06723185106344536 0.0028328191037474268 0.02747003592014373 0.1979282131513083 0.13622964330748596 0.1047599724527163 0.13061197710159542 0.08987267576700664 0.0686149942278451 0.0977507526958049 0.07803376549354628 0.08568362913114137 0.0785497091229845 0.049857139632151326 0.12284139806668126 NaN 0.3013697406483542 0.016007993302715625 0.2710470111667773 0.16235636955671243 0.3031319655362858 0.12622087313190455 0.017067228038481153 0.07507395708041698 0.02512271672092221 0.068858014043722 0.15964535148837908 0.15677602181823144 0.039906048960143645 0.0475324650842513 0.08135068465679703 0.005420950080376048 0.03600374076421341 0.07781943004421658 0.059161452751516345 0.06976076632474162 0.07472337218725252 0.12137696823843806 0.04901081039503516 0.014811665054300068 0.06067068853311716 0.07763987809503513 0.010052628388362687 0.07053195346142388 0.0430896700404412 0.058066711556678266 0.03320813283118242 0.011107787918188537 0.12592905872263213 0.054053403048918765 0.0364583305823937 0.15455063711036107 0.07288048813068858 0.20980796792984274 0.02971147406981534 0.04784328571055009 0.034152141352514875 0.15321760080470417 0.07262066911757012 0.016861018615977337 0.019707103654445522 0.02365139695683155 0.2162681399731226 0.060045117782153386 0.08848320273082316 0.06264957994502997 0.11632707477524437 0.1416826046568013 0.06378881550465224 0.17494599210880693 0.13933467956584653 0.10831525738620297 0.17064665123208245 0.10491925457925393 0.1886287614467115 0.1140001360338289 0.055634049107043074 0.05269712298776774 0.07364254190290175 0.08044121321998676 0.15861449471260763 0.022278094175471486 0.036629110954363935 0.031058934698952993 0.058971363067575916 0.027113256572156755 0.014151511796311175 0.002135745182613371 0.2189591584799982 0.004012621717324306 0.021568008553415827 0.18951724553050392 0.03483463818562737 0.020770795395852405 0.10487674147513432 0.031578200009876795 0.02481541038321565 0.006215969758046765 0.01179558937747773 0.044052810740076165 0.062169178836967785 0.02355637831912545 0.047441401515646485 0.04834768462067921 0.03982450700353425 0.24484517475883186 0.004842832400355999 0.06922676564882077 0.03592106957043414 0.14823222096283203 0.1522646749404038 0.06326187970659689 0.03608212676872774 0.22001830801351493 0.0347467087725777 0.1008612780966961 0.1034187579839111 0.04810812300996123 0.018368756433248944 0.1350025947828572 0.1999435671384546 0.23755952875649763 0.04458241548676786 0.22039282613916922 0.20064800199027205 0.37033417053434164 0.2812133643948908 0.15948250096864494 0.01645399538576878 0.06584841009202598 0.2555559629119087 0.07648401852281367 0.017665414303428526 0.01226747721445508 0.01976125425481134 0.05889583141717816 0.08164738966561293 0.1595112208531413 0.05136710176796432 0.09223034691929216 0.180995481769428 0.11746069248271139 0.03272169597930618 0.09634137357022508 0.008202555907736773 0.11070390996208304 0.1400445626951467 0.05836353747569853 0.009252763303509309 0.21056190407861655 0.08321196202919304 0.06094198075992633 0.002509139605480294 0.07756054249548235 0.009381118910091205 0.047290039232426535 0.015308195954482457 0.029676159577835894 0.04145492495503749 0.17009913701280902 0.03301696591569522 0.04734885142987773 0.015927471361041078 0.00937493839273288 0.07672923729698293 0.057441636391397155 0.12264695111437812
0.10698018379850477 0.1118051174538285 0.2156351041224908 0.1404565788202262 0.14824426944231217 0.22609824128387146 0.13988621898796777 0.29281967352750815 0.25855771387702353 0.09022559085825352 0.17099393724322834 0.09208785446319982 0.16831036695714957 0.028441306077419872 0.047225929932311554 0.13536623628816338 0.3037254371672987 0.11664362627026843 0.22855852948936084 0.23671944679129467 0.19988277243746477 0.1278949741735461 0.12592565655305224 0.026383873773856106 0.04662590163493305 0.019205645241163923 0.09181433891131602 0.0869332105144833 0.02864137345984406 0.0788926505787819 0.08694393675079719 0.08151339104947139 0.0476320474176089 0.0495503441035775 0.043807739193504114 0.13252367549545283 0.06740801781319253 0.014482087539310066 0.09971531513911339 0.12464062634772682 0.07607964337793637 0.03753526448616229 0.07489704090411346 0.08155523413055095 0.02978677151430388 0.11742294539828677 0.20653275063852583 0.24414383010276425 0.31575359313023443 0.12131631956347264 0.2898367429573554 0.19361545729595903 0.2524832990715133 0.15689399032590398 0.07258675147754037 0.06981731157712831 0.08202577613103787 0.008460883972421505 0.04669658709619306 0.04994670223512784 0.014327908624804452 0.034812076736273886 0.0705561672759933 0.007747828674898042 0.007253997466955575 0.12265864790085099 0.06170678307162166 0.02815124874283052 0.03121400072026134 0.1093825307210119 0.004262663378694366 0.08133507689302048 0.0521018655726958 0.0609690333851089 0.10937263210579987 0.0783327508767387 0.14273709243645755 0.06975850095856516 0.0869861488735736 0.07142189232371249 0.12479877350732589 0.0018153485667056792 0.09650175548342628 0.0625460202278855 0.07143814828719942 0.025624552415506346 0.06515492031459846 0.021504760122147606 0.04144046799436239 0.04130589238260222 0.03269486029139462 0.06103408874218268 0.05201014839434536 0.03405101142242923 0.1409817517799219 0.12390710871291569 0.03222056082739136 0.10811632124731765 0.016250778425067062 0.07917126041569537 0.13553669146084507 0.0855102264947228 0.0005308039172304997 0.06086070340080619 0.044724350743050666 0.07204430531287649 0.053567300371664364 0.004979399559477628 0.03770226307053528 0.07182804274713271 0.00533897657492346 0.08373819981573137 0.0038557816999370935 0.05320008623159316 0.08568134346602879 0.12808124912274038 0.15412922341371968 0.09014376741449623 0.006065424523909839 0.026996917509958154 0.09128050123958818 0.015992148855792462 0.0001557170238288665 0.033792139468964325 0.019035973728196844 0.039592503553666517 0.012806489386097587 0.023966048575428493 0.10264454119333741 0.021830654205586462 0.025862251926411037 0.06402089096077809 0.08588049905977559 0.024453153413781556 0.014463007069332639 0.0005520428549130901 0.03983914127929353 0.18299432072565341 0.04606576786716939 0.09779823937859808 0.0836425400495449 0.1557764685530276 0.09178071859483114 0.08799055693465584 0.048090969404263585 0.08064958758536869 0.04042544067404602 0.11373843690498424 0.015754852761620676 0.070442666823019 0.004160517813913931 0.2471460726013575 0.13466947174542904 0.06815050859743946 0.06513837913379965 0.18202715436439934 0.11917970114966539 0.2244127567489678 0.16001392526046468 0.11888447576155634 0.007534225440170683 0.10444803356255503 0.14033191400625855 0.04684788345124328 0.007459111246823456 0.0024477271407145765 0.035440977773455846 0.06878312005210258 0.03371972059540417 0.06578624191707921 0.11085537553692618 0.02457427189536544 0.00869339096782965 0.04605230482864422 0.06672452695763534 0.002090339015687908 0.05319226777987504 0.026433109578379382 0.005349172099919296 0.07756338818504498 0.11310664995613824 0.17132671294991406 0.15266676324135803 0.09346445549993944 0.11321619744733445 0.2126840518509205 0.1520108181184255 0.26451330221451963 0.28674791430734387 0.14709181206308794 0.13747135829245807 0.1304070439307084 0.17103267341997322 0.023733565185835734 0.06725001636009538 0.25081440809366945 0.36849067353454495 0.18148637795703199 0.2406708324531714 0.19956741741235118 0.22543434406213322 0.1956246138371268 0.1309512987959847 0.023958729225637587 0.03981943830216842 0.03634315834157427 0.12300467786395039 0.021494640440396805 0.16450158320941902 0.07254357545638317 0.11729861723766864 0.05978979157803662 0.07465011546561319 0.019786748358384783 0.08920556107409792 0.14054802333597585 0.08250282670247021 0.004182906566026159 0.11032971705767934 0.1795735318810512 0.040880534511340154 0.00804280612140219 0.08959819052019033 0.1300756494453597 0.05454178318934136 0.2256650154410173 0.19023886769922885 0.3013697406483542 NaN 0.16678945685891178 0.3183927092485951 0.18298888786256723 0.2360941014527713 0.19865230532490452 0.06914035700680347 0.14396619175552844 0.04335143605634648 0.0009818309513895482 0.04579644685913569 0.04850221497345587 0.0614634412673534 0.04838449513876595 0.1596844128682464 0.00564762580483076 0.0006653988411755234 0.04666662454525223 0.0972986435814931 0.08535068434103256 0.05839059809844858 0.07683634006869235 0.07014614338373483 0.06185712404966654 0.052180169652877396 0.06319337918388578 0.07750764588146655 0.05737958030158418 0.0299444848938118 0.003159543429830832 0.0687561063336257 0.0324982639307495 0.08592774438452878 0.005855407292446249 0.03957487784527062 0.05101948013698146 0.01601248965142291 0.12254778072343402 0.09197079901757291 0.00912082046375708 0.01950194733133252 0.05330508782456109 0.10439035451797757 0.08019399267361378 0.004857296150048107 0.0365913666506645 0.09484249586090922 0.15846998929008893 0.11761473753802058 0.0008859574974336946 0.019003024300052025 0.11933049564591604 0.07127003096498853 0.04565027181025494 0.01798743172056944 0.0037196340794297374 0.05545661473466656 0.02721296529370657 0.01405529582158071 0.059503680975731214 0.0408449833769937 0.05849231729607823 0.013158174195235729 0.02266679469305414 0.05284831377804973 0.014886635142849023 0.0010734225072537447 0.1495436790976412 0.19582794319097643 0.005689664914494023 0.024194055655647074 0.0338697388314572 0.158838456883702 0.015584123104525244 0.009956156885125784 0.07071993950169225 0.0084489008002851 0.060216692046380534 0.09969546803888288 0.047584816338267485 0.05972418904008214 0.028989771511731554 0.060550649839716385 0.05325491191406074 0.06964774905631103 0.06876815964835344 0.04514215995462827 0.1477109319314985 0.03461611630520142 0.24889584764481748 0.01339119734268329 0.03472732207485249 0.10886840940199066 0.11467094002735785 0.13033175661187968 0.03897339939154112 0.0073132237748538415 0.16603054050284463 0.03953263436775919 0.06612367833170667 0.0767036667367529 0.014745681584134388 0.03768315464915852 0.11034638145664669 0.20002017366176195 0.06106174004877022 0.006986717269759368 0.09256306807195312 0.2546102293586577 0.2669476282094728 0.19363501016776044 0.07483954102186029 0.0022047993339452707 0.052046162662799204 0.1902156658183241 0.0033190488053822633 0.0033452008001525497 0.03420378301418438 0.1214028013856945 0.0007665765453238393 0.003976051982557261 0.11625785515927615 0.05949016065610608 0.0025727376989529015 0.07059608107490258 0.015144166676750438 0.010440122611556985 0.02546623621698385 0.08009555786509516 0.019202323073566757 0.005639778127847497 0.0392203567262804 0.09142106076765212 0.16139250454105075 0.08282836184534563 0.06251812054180575 0.011375933412925152 0.05431556155863524 0.10032410964205585 0.02184029718442062 0.02828046439028032 0.08262196169946452 0.13268454611591077 0.08526481211694596 0.08709967244131028 0.03141452704353893 0.003170172877372182 0.10762496757541175 0.0051928411590504405 0.058195466850349986 0.06574178748427953
0.00911950207804511 0.058251130926808045 0.04857591181991221 0.008300023816430916 0.07209416816196931 0.045547775638264246 0.005672114219094613 0.07495949207062609 0.00219832232783477 0.133451153027061 0.16918431104736448 0.17181511211186312 0.06177377802652976 0.011337996382967544 0.17799095433174417 0.09099399520972633 0.09999059117589572 0.04971721709020116 0.0892191724606328 0.011015724071297759 0.040469441159990974 0.04510703641110483 0.0050754000285630355 0.05071209799761536 0.025332508794313913 0.02054210091751767 0.03322879155319935 0.027506017882110836 0.06199763976096844 0.011160139633917607 0.010915786694235147 0.04852832125810855 0.0048162747561075955 0.003117979300460049 0.06718714258185138 0.030702166023366874 0.00893044955571773 0.04720576720989569 0.010537599230314778 0.06229710180961782 0.017573765207183886 0.13146718633495363 0.011756465541586809 0.17202959502006324 0.2833672736101802 0.24844847203048848 0.13712726397499056 0.010547960729234994 0.08559884394612381 0.5959672209242157 0.024318533015555484 0.060570677553945934 0.017837287283839535 0.17057840714670516 0.07255359051166307 0.15821548794818993 0.04283482389676269 0.052093409327068525 0.07790746884845434 0.06410748189921335 0.05200763500196114 0.07842932103000524 0.04680052107494718 0.05448349008849437 0.0031928501112567487 0.00518363999353266 0.07048926450024158 0.0008170359561409036 0.11269320985269707 0.11661208765822348 0.04933300069362617 0.006377011584943683 0.09689997933713357 0.0042071389386378714 0.025847618921348608 0.15973810681613207 0.10133046379521049 0.25756489805162447 0.11623477859478828 0.2063704990782817 0.0960690711021997 0.20731749062785643 0.20313544398978856 0.23184208180440952 0.09703903609983655 0.03777421681793334 0.004323552628669239 0.009388313221676435 0.007324699849071622 0.0297140807256552 0.06463572822726267 0.06760899115828743 0.011348102027630756 0.03183010385886672 0.1683195106979632 0.328998058661626 0.1425612155661759 0.04327130547515993 0.11404478835645641 0.09069856750180294 0.003537625433105024 0.09810847523969965 0.07140039879571226 0.07363185735801962 0.11082653409165985 0.0017070562565551738 0.021543409010823855 0.022865880361822473 0.07010705761321853 0.06298377123313723 0.001232493352468176 0.0038889393800222495 0.006251195249289229 0.10463525524812867 0.003850097854265927 0.33422870596160154 0.4235618260597654 0.019876497357612165 0.005871370834210248 0.07966616386115698 0.031653534555746085 0.03174899946922794 0.022717585886379177 0.0711761436919526 0.042941787241480844 3.088705731056143e-05 0.004071229090266319 0.08161447153000784 0.022874189396877558 0.08574985666678898 0.012919287245005535 0.09371342865778788 0.14753119261500997 0.03709225504125795 0.07771939119964166 0.12089493722756967 0.4174409169955001 0.1732418771911108 0.03888078877459023 0.027803864517301647 0.00027321203319509874 0.04311125510304455 0.21869177853573596 0.18311744776949102 0.1842082829001877 0.2068251000037874 0.04733501832488028 0.2968122977491759 0.06501415035939215 0.06038849069298086 0.06344902653105501 0.03536430350190784 0.002326390515816527 0.030536040127034952 0.0037885574331269407 0.0025990111468842526 0.16711283707964927 0.009474020267758475 0.009675468474755517 0.02944328077573612 0.07690405640489216 0.036775901009315964 0.06248781902814077 0.09439427148620555 0.029983759900595926 0.05509888021290552 0.003671896147727798 0.01960037268292191 0.02691614467539248 0.09434167658187155 0.15655142054677956 0.009992328442730555 0.013325802150460456 0.11951918975047345 0.03943539024121066 0.05303996629423266 0.09327739161338923 0.02381993498415468 0.06666834814062274 0.0616658511513852 0.012150157430914117 0.0038271978616408594 0.08170161111350521 0.04626042148761257 0.0067008079264366995 0.005810479162613898 0.11361286212976596 0.043301885302997084 0.005750224843825444 0.015885461955577967 0.16820161712634288 0.12507265825381642 0.006409153116060706 0.08814802810268908 0.12754772665970313 0.06437553872250974 0.14415421720162278 0.12508039296712803 0.05608026676356776 0.06796585614848885 0.013254862192918878 0.12079944395990035 0.05851577471734695 0.019119806537351538 0.023000737319517264 0.0709950603819373 0.045387164012585586 0.06946241135875254 0.18152858194348556 0.0037923727222938896 0.057677064348697425 0.05732203096136857 0.04212941009394754 0.007360268117687785 0.09404198203245236 0.03668515832747798 0.06817334117571248 0.08391133683677704 0.0012943728791943226 0.12580673976971724 0.040802432498085475 0.17258831442378453 0.23075315566338203 0.2777968885286953 0.2919008842781829 0.48217295324710235 0.19138994895786066 0.016007993302715625 0.16678945685891178 NaN 0.017869961174000457 0.010928917106254356 0.012260480575481559 0.13265025267525077 0.046367038150207866 0.14912902976824874 0.0912583782267194 0.04819000830174587 0.016387275343777402 0.03853794539369583 0.02153319602485076 0.04290559115706789 0.04867022779224245 0.036529785632202307 0.03973299237284433 0.10231428336174297 0.09728642416960583 0.004727800494504386 0.05047148825781003 0.07734073547031939 0.058770978143396595 0.09879710643342543 0.13045753288575737 0.07511351605669787 0.010835550495148474 0.08989782462416353 0.08144187767949822 0.30255792502303036 0.059851710621431006 0.12163869510077845 0.07966113836998238 0.30986052326357066 0.22815748648728648 0.20350553305293856 0.05604652950648802 0.07208394004104571 0.009781953460591302 0.043806577311474054 0.13163889192786504 0.0006905319018110181 0.09851704786400843 0.027717036627061358 0.0249426614053074 0.058383928807875844 0.21022216331931012 0.42740312375369444 0.20362439835932652 0.03850093783054108 0.11161457769074477 0.03083957888306744 0.07515889381192904 0.02324349525085554 0.08294444758718918 0.05107228900410666 0.04621332034829733 0.05998122711503026 0.08495904573581287 0.0435749907449356 0.06538298663764848 0.04254331670041509 0.015901328005280085 0.017703818161473327 0.00864555469029164 0.03692920739874797 0.03874543073078524 0.4822766249871268 0.5553628936813393 0.00872579547610544 0.01951603006051521 0.044834322074061364 0.003612895779950646 0.06516149666452974 0.04716351049395942 0.02053407034147819 0.005698858068276473 0.062419257420943536 0.045115162680906144 0.0028548854038260864 0.01337370698843076 0.12278835378295712 0.0006332073164562037 0.05528991224673436 0.18145250847622676 0.022634224054904308 0.08923411940362365 0.28042524178657907 0.39204307869974897 0.35364875154589925 0.07050779615983273 0.18760551937462056 0.013129265846500194 0.015494357845664714 0.23393332782019133 0.2559093414761562 0.24400849787137738 0.2157268874964382 0.10315569713469556 0.3667276603091289 0.004494463220939269 0.05750349996378824 0.005175861623941213 0.06525817837624977 0.0039407993157964775 0.033891707448079164 0.0924992546560878 0.05043159734223681 0.21249297323197217 0.0628556984825167 0.035612441009123384 0.04127008816421423 0.08148362810296005 0.04791660646100802 0.07156778326556915 0.033162818759768904 0.020078740490630992 0.04286302249521068 0.04786438197193419 0.0012210272009254052 0.01544523791600275 0.08319497974483722 0.09503794775531677 0.042001646369018125 0.005102005488705983 0.0016545144997411121 0.07719944816263141 0.01011262271919069 0.009279344020147864 0.0018714294439932226 0.08388118879407815 0.012282485823125498 0.308407866642281 0.18436830654375935 0.12691982599187535 0.04587658690021337 0.02285615814181979 0.11677434056867811 0.0038731544482372587 0.06784953076293425 0.1004876981291109 0.08756979099583106 0.3525785165520978 0.1410124060078047 0.13731137019863274 0.07900118244487382 0.03166181987954553 0.06282229498292828 0.0453289640746626 0.009926903742366992 0.09104233045240322
0.05389638095381098 0.44182927937718136 0.32188687540607824 0.06583725228311306 0.13163822116922264 0.41880210274151775 0.3756737026261003 0.6750128826684475 0.6744686597083135 0.04726345971730701 0.3283353410401243 0.18783348941271266 0.07588171723325042 0.03901208317120643 0.2609053298983945 0.17939413013574007 0.27450862125249387 0.39068512434132074 0.2621175406683394 0.33277144919430124 0.47617654486316535 0.4007927714285749 0.47966705349681016 0.23195096207270566 0.012778740646310833 0.024879428004195302 0.06855955591509809 0.18948844456601058 0.09483942028744624 0.202933559058004 0.16683599301056415 0.02113282085017411 0.042133290669813105 0.1457803812467473 0.009213321967959905 0.31245454746871454 0.19703179766788756 0.06072484061503722 0.3007319485809152 0.4472484296058967 0.26006619151052335 0.017944773565327386 0.09274862962425853 0.07565494574608436 0.19425052641552445 0.04469286398527379 0.46774702642028065 0.38310398260867556 0.2448926689231348 0.08932211983157992 0.6839986470554512 0.5213297166083324 0.6223355859861371 0.42606187766596043 0.26663730499338145 0.3017487544395354 0.11668815105150235 0.006427432436131834 0.022888113495689987 0.07131412326961743 0.02856914395267588 0.05006281582056992 0.0038698578697740358 0.021492384554061425 0.0800838374476594 0.3057954883691296 0.24946272115370222 0.2591479881823478 0.007229658399996389 0.07367414427868496 0.10765123315296901 0.0066844412076253355 0.2973352798878913 0.0688530589989884 0.07923610161215656 0.2591868634651673 0.26178322415529615 0.029188847901251504 0.2575860843970603 0.17517582208322555 0.33226774219638217 0.14084477865127584 0.31001860893557076 0.005170795310847503 0.10005943757908646 0.20467319898893 0.02130587235181871 0.06663530600854425 0.16943937579078014 0.14546152622480632 0.18884416650336172 0.04926696902588341 0.09176466291495172 0.07953269191303006 0.2454152952938367 0.23257203505926966 0.24036062474857525 0.12100954014780675 0.19640848756722207 0.407264342411339 0.227595192982206 0.17457262135201276 0.09145076494199955 0.08254214211108181 0.001055666156090909 0.2695894778244096 0.06041830452317578 0.014262319678569788 0.08031689493682001 0.10451371668821692 0.032129580072532346 0.015971393167531482 0.08777426824889654 0.14647951171407378 0.3118023839811333 0.36486643451746714 0.2988562676879172 0.057180216293187716 0.04961623647977825 0.04010114906157375 0.15991769607203726 0.006595228780396404 0.014159796093665852 0.07021869353064356 0.10117875275884256 0.03766696306669868 0.018906839655534604 0.0034588985528235497 0.13646120316812713 0.104778519612012 0.061883877197543576 0.22549808455178139 0.24387090186056573 0.003727274452927342 0.06242948979015368 0.062336940768241644 0.2037145649559544 0.4438628234203484 0.19486869511599444 0.32943296972849156 0.30435202837653746 0.08446164561071996 0.09574101181519572 0.1883673602975478 0.24474306538503196 0.0474420817368243 0.11340313156429722 0.30089083096972236 0.04523176380692827 0.29642162344810336 0.20446243447587956 0.13212407615355806 0.255076221923723 0.12901641400969716 0.026910337202909213 0.5023513175048404 0.4163642557140544 0.3800885104436858 0.35898142484836887 0.2578812507973353 0.020152046376517244 0.22390982118901967 0.2580536385200046 0.06217199447716096 0.09999082365422932 0.08459444594534216 0.08523646800009477 0.2386722422683086 0.014983169009117394 0.19167315556883613 0.021643638096941538 0.14000568540854774 0.059256542587091364 0.03654592897966499 0.22987858977407463 0.047807200691232135 0.11034689225691068 0.09184038494096465 0.134742283800732 0.14539497663955678 0.057409274209627964 0.4057789352633647 0.2505998243558443 0.0959588267874689 0.0006642696984441029 0.2641223099035447 0.19746697753082174 0.6968365912121075 0.7793922241874405 0.1832143101513269 0.29587813723032236 0.201734984162443 0.0655536112202029 0.1531162667873764 0.3462547160612066 0.21797974401484566 0.26221806654368107 0.33206185629594676 0.2544116933963076 0.2638417906445681 0.40794191235021227 0.37186889322196404 0.4633810354155818 0.1647923535898098 0.08690929620625883 0.11574559768414734 0.012604514993890918 0.09273087856670496 0.14907404851479275 0.16618545001581853 0.16896358798379094 0.06391005114725674 0.07011348985471681 0.08473231632848492 0.13084871536360498 0.3224513227714699 0.09590312105009921 0.16654006668053417 0.23738770608456325 0.4459809879333368 0.15362033938505373 0.0071822943199137245 0.048108976031718084 0.052073700083913294 0.11665928670088542 0.0012032782002702064 0.42961324765251374 0.2710470111667773 0.3183927092485951 0.017869961174000457 NaN 0.550726455662011 0.6043500695801107 0.4430098649533865 0.29146864420864343 0.3240741895280602 0.11053633577789486 0.04205534070921765 0.028639388130653545 0.05569762763450308 0.05906313152083388 0.0471450971542473 0.16463490057680077 0.12842249050001836 0.06557322644300687 0.0646280767417512 0.16785872824441853 0.19398289730559728 0.15351247950233968 0.12367819806063161 0.1607049000707061 0.17461021505360172 0.22348450256315325 0.008764763746666826 0.16849774705846451 0.06297460445985048 0.1117065094149754 0.08948177416720669 0.015860501535666465 0.029657139117421537 0.16694986866645117 0.010182830892090267 0.18698869944868043 0.013111332191022219 0.0819765879147507 0.13274477451474026 0.13552625549228092 0.0006694122385867996 0.11637952960952963 0.30049682358483787 0.11495625719265275 0.048861447194226186 0.011489729344048715 0.09994848772228322 0.0700752091807861 0.1271335043652065 0.09440489998734221 0.02685123715449942 0.18926689390006132 0.33912699473492736 0.23471215693312206 0.18280502570894133 0.020894137714527042 0.026991000461382857 0.15650800999460537 0.12974290849828063 0.011820504909921623 0.11465099717368021 0.014751306742369508 0.06978551361406511 0.016490201235354326 0.0685515231124688 0.1456142705870733 0.01922739212544739 0.09697535675122583 0.23463793434604005 0.14877866658615074 0.03700378435754071 0.040149066587317976 0.06023933083066267 0.17822949168505892 0.0805811903362281 0.05508947274933217 0.1635873554989732 0.2141941613892216 0.036162837692664 0.07852410271967945 0.018009941094463473 0.15854502645603138 0.05206580065876353 0.0938848108038915 0.005986145629353577 0.1501479984831439 0.022250630689762307 0.08832431200873721 0.14126169218421383 0.11076698995043363 0.39090085480588965 0.22347628168739733 0.04154139113975421 0.22098991383088032 0.05888235530253379 0.14787578396568202 0.07094871336145644 0.08111877940345862 0.16915180662084217 0.12709333496773897 0.35982004219031993 0.15727549070341584 0.09089512621609973 0.13185324217060668 0.12583853543645981 0.29244331386397276 0.2450308859578621 0.07646362700301114 0.29731246643335224 0.2974770816650712 0.36008415124488835 0.2895055198203082 0.03493948344483792 0.03364616586532313 0.0180329957329023 0.18029606369436643 0.04388210082135665 0.10317092771303207 0.07187407105028255 0.06955586657014777 0.09505156162365146 0.009914238762544695 0.20385942444811114 0.05291500959850915 0.15218880980103164 0.09240235508547359 0.04951923452389703 0.27622781480629555 0.011522873734111021 0.06851843269984621 0.050765185397222315 0.004806280628203338 0.13608395381833013 0.21511717973134684 0.07588619484374536 0.047877934741014275 0.03796920227625825 0.06495401584014926 0.16614161033203426 0.2140913363215058 0.07672397958946367 0.011567955766171938 0.040054663961698815 0.21663617867025292 0.03763386303430406 0.092195629096095 0.2951719959575669 0.009508820374501037 0.21001288734122195 0.013783869330198303 0.12078453208380727 0.01795340426686719
0.07183030847692508 0.3126765104899646 0.19456281053253385 0.0818668213071955 0.09599333856227876 0.26590431564573225 0.2951857263906379 0.443782418642357 0.47189082370892144 0.03643776317832451 0.16179478542544887 0.1558423766966771 0.07293690495981976 0.01725325291996756 0.19412287226995167 0.11843761121373785 0.16516422521090063 0.3393748147197842 0.16432137052901086 0.20515028703092286 0.321419967416707 0.28343350299129005 0.3289577660764118 0.12609783929803367 0.07121413568770366 0.042010226706290836 0.024448187429856785 0.16899321817403032 0.0652490852316702 0.16114129390396947 0.12444781914419605 0.07250243439912642 0.0808839341527307 0.1769005992537743 0.04956795490224559 0.2050809349890922 0.18758265809418773 0.0388659829672128 0.25353141937606977 0.33138237460849307 0.17439677421823074 0.1544755000602861 0.03441192350696304 0.06041577822766833 0.12649890991195348 0.02342455990272576 0.4254289043244657 0.2646594313083127 0.22205385224993085 0.07345052385458405 0.48292023007688045 0.47264131909162643 0.4093316022166491 0.3509857528002076 0.22101814243261883 0.20775848561063462 0.08990503332277083 0.01181695299061595 0.04602272874321094 0.07594414108869826 0.07181083685615251 0.02909727837289667 0.02247327745220455 0.004172757332065019 0.059222665396717084 0.2425906634877994 0.22899433881670742 0.2449902486740388 0.01445991829186652 0.01959206078129077 0.06473768729903659 0.009216201233447418 0.2665282393898635 0.06599486668853642 0.04354668031184906 0.22310853871451106 0.2595139974938469 0.023060555300183954 0.21006463653435142 0.13706900902916955 0.27169339899888634 0.08042312821954875 0.255359188548686 0.033690719772325496 0.040985894174271426 0.14701645076558034 0.06000730088930386 0.029685221860250143 0.1656768311817775 0.1279711229750667 0.11349221741040004 0.03827549626405683 0.09512893326374723 0.08454911730330229 0.13455332957643926 0.20765329443620711 0.15026981289649513 0.1053257076614904 0.17183184131064713 0.28249025562581714 0.20209803417675332 0.17878900301033113 0.011030607569309448 0.15575577588697767 0.0864849541288764 0.22747807056008776 0.08953104895978395 0.003457150863679706 0.031423472867701474 0.11023932608894377 0.07820639926202219 0.017622835382995812 0.07720330574930852 0.08236092014727342 0.19006219444624503 0.339934093553649 0.24193566189290028 0.03206097177559198 0.031082581162148317 0.01060498278506038 0.15453865941526457 0.053296389396609405 0.05279423051063654 0.007206565727915924 0.09527196238587517 0.04057389904466003 0.0033625638108136847 0.003421561916504727 0.0974184247753934 0.150826051077046 0.023083458471823807 0.23837467258021647 0.2020986637783984 0.003296466413675667 0.01969606435430834 0.04357519280846473 0.1819337619737313 0.2734007841857462 0.1940912658946256 0.23368258327349703 0.24798777239579406 0.014177893394850778 0.11138959885323 0.13017321092435163 0.1523880633159565 0.06759419872297445 0.137738620655483 0.1706110509640999 0.0036215534776805696 0.2880639123525541 0.20611600696285792 0.09746558409936196 0.16646612637302816 0.05357010745927436 0.010947830917816708 0.35776694217573046 0.3427419574260126 0.20453793385133198 0.230354725967108 0.2023091113024076 0.004733656065704805 0.16309394186328216 0.17137520232079465 0.09966866103224575 0.11383000750853005 0.03398182658397272 0.031897218515629586 0.15390880747969576 0.021414383375841905 0.18429824353734522 0.06428174944118098 0.12298926594351788 0.03545177877268435 0.00041988457273630574 0.20143640905908583 0.09910629914281233 0.09120152906625521 0.04789232190566871 0.15400196101906782 0.10091627782342313 0.09165843755919283 0.29089342413782415 0.16352714464730683 0.05572232362255104 0.018036103424904203 0.10659532677638865 0.17522577420472005 0.46844686784632295 0.5257814009302009 0.10183312860698211 0.19519182641361524 0.14203770359077192 0.10152393401179764 0.10265856772913387 0.2565693730505192 0.09163624082444403 0.12709192189411045 0.24551513465153835 0.11867237305829509 0.11427387233282071 0.2711045599509313 0.25706353619873423 0.349513794306398 0.07742830707484138 0.05203777229413116 0.07581895039532664 0.04066946798916487 0.05218016366212256 0.10106543075001552 0.1334807920096337 0.1698339374603546 0.08388811639816544 0.12747363347041296 0.08691944924288594 0.14170301366775162 0.2872375379065388 0.1504385106709525 0.04878120788634966 0.2804346833350091 0.35673767094632597 0.09541145004876866 0.17432614370045016 0.05033053146973306 0.020169870342832165 0.0020570246898395763 0.01394180597413081 0.37540818004189525 0.16235636955671243 0.18298888786256723 0.010928917106254356 0.550726455662011 NaN 0.401363689331355 0.3301028714471681 0.25680445127883605 0.28056226950351 0.123891204503638 0.00435375459511595 0.010549118089461356 0.06393307441998988 0.0008464673983869861 0.03671131829734255 0.1563640035957001 0.07713678174491928 0.08426138677268968 0.06448870476413904 0.12545278510453947 0.18842546462815413 0.13189730505775918 0.11703204722035586 0.13938172347159575 0.11295143194565846 0.1720431041708771 0.0048179794046400255 0.12674556403800544 0.09651835901415792 0.12196503168873501 0.09698629028030725 0.034473949078800685 0.00835440081981742 0.10482662080019128 0.007406326360907973 0.18489318363168428 0.07191164461083828 0.030300512146559613 0.08736627390835185 0.15082373879915106 0.042017990072497444 0.06084658009205488 0.23387778422891528 0.10023688622762285 0.07506655576559094 0.010630315764192495 0.10132635172661486 0.012846990709082795 0.1329090888189455 0.09321432354414204 0.08035647558127905 0.16742741793182161 0.25449692012943376 0.19519301275450585 0.20788014157925971 0.03453804179334941 0.06261481928287368 0.16153233656141538 0.09952647049575776 0.07184504983939778 0.07434026908672997 0.009473671248058379 0.049909519937149656 0.05386001234399094 0.04528927638971488 0.11036511407234717 0.024985502969659183 0.10613793304193973 0.300677852940678 0.1626296220848294 0.049744041424300896 0.0717860567522929 0.03505621570116372 0.13073195165045823 0.03182041499895687 0.1096096714187761 0.1277536297883143 0.17091824715806261 0.020455446130931323 0.06099666493246726 0.017062318802129477 0.10358303717890796 0.004438133700375873 0.10989873927694352 0.011256930507962415 0.155863182679181 0.0577406838206873 0.06688773150874945 0.09717151132617853 0.031048637869586917 0.25693538998119886 0.1668855603033074 0.006662530883723235 0.1748881456904638 0.027410688013736164 0.12110539085745496 0.06713496963056699 0.04134185319335602 0.0703731664207536 0.17720090093390414 0.17079451589890218 0.14204759495823122 0.06420811893024686 0.11748037443527556 0.09090105370000731 0.21692107815865547 0.14951121994853503 0.07844549934966562 0.1824531307582043 0.21076242953378496 0.1936469639194326 0.17837205713602264 0.045823404783457054 0.021138945468350236 0.061937352947675946 0.11354963428372768 0.0733489332152885 0.07385245069864713 0.0713763081876349 0.027085084473299936 0.10635158472573314 0.026141833685330976 0.20955999894620164 0.0024708345906779066 0.1186442353536862 0.09794489638180845 0.08949440650955465 0.20597427420904904 0.036375476552794474 0.018129029050617872 0.07327007863782584 0.01755939264109438 0.07457144152593416 0.0896607940863541 0.02667652556620226 0.017185945301114815 0.04234180016355797 0.07480982199164919 0.061230179463405095 0.14035865654566015 0.04676615118858861 0.08185055710747072 0.021841138987875836 0.10155351774028158 0.002045906912182297 0.0644878793624609 0.14997028301187973 0.0038012670393229547 0.17124391435450861 0.03511101516375944 0.08743447306413533 0.011827815663404314
0.1557025084064889 0.4369341178676267 0.37000876431656204 0.2125751410464053 0.21463836052680926 0.4509830272971542 0.39477154442828966 0.6397617988493309 0.6713867424349425 0.1496140130900787 0.2861577333175397 0.15569293088276928 0.14916823966147427 0.05429466937023046 0.1275100339646743 0.13108144060631907 0.22239636571922006 0.3133314529561199 0.3147014407126374 0.38136319377228844 0.45356722564738355 0.3183395300599798 0.44658708120526963 0.026749637446097266 0.12254421347810444 0.019480486849602168 0.15248441506138524 0.292430440504133 0.14265994713001 0.2763949238279584 0.15517305184048702 0.07485921466217965 0.10815470422222678 0.11851526315387279 0.05123544554886778 0.40557817009740754 0.2706332583743671 0.07828269695589123 0.36324660710392376 0.38133677683646333 0.3343705841310217 0.09480146066073475 0.1351133070143041 0.09190178757300234 0.07955015184971712 0.01519640278474514 0.3197659633863165 0.3804160506903363 0.20056620144444956 0.04963444977927059 0.5959912782480661 0.39096407180370557 0.6963389662779736 0.2677818864382551 0.22199187963962563 0.24232498654878942 0.13043099979542278 0.013549364595254893 0.09811122413339517 0.04310219938689369 0.047635328500110694 0.08825126467518091 0.0023825649619459827 0.05435990721821251 0.01979827330787978 0.2635395423517243 0.2959554447286532 0.177120106469784 0.009852514332140419 0.03087698148824436 0.07714705955257802 0.0018418708008399076 0.2773253725980204 0.12749213140892515 0.041381924336810344 0.21188054196044914 0.32987702765126625 0.008588894986657452 0.24621155766121808 0.10260747449683472 0.2733776826151932 0.04006988997975276 0.3515592848481839 0.09093293826385176 0.014803083914859731 0.02684647343497045 0.07168585160576489 0.06780745066100051 0.12115841885831208 0.13845268873174985 0.1916665588022701 0.027225419461806306 0.06698144174402977 0.06735776102318045 0.18490667261667776 0.1841131556923211 0.22428148675518914 0.07872639014521209 0.3373021910683721 0.41328083533576176 0.2345156353468073 0.28261173485889046 0.024186274173886354 0.21215784619315178 0.07832487117975627 0.21530416643253691 0.035887718877277326 0.16467359037438617 0.0721250596625488 0.15535401496647333 0.10555464054867686 0.0026876896721298718 0.1008290447580897 0.13965621036186784 0.22681943187059136 0.23232535677429747 0.21075281149539898 0.016055692869150658 0.047755628432150324 0.007086179764769183 0.1987274353275119 0.04297533131721957 0.022669881384445777 0.012895358411983525 0.03189779562944623 0.026248977426663635 0.04480236467372751 0.04808533126770581 0.16742168914163105 0.14726512912448433 0.14472872039151474 0.14078725258200922 0.18220956233076968 0.0616446895893382 0.07406314958067264 0.04596768421970989 0.2444648469927047 0.32423618507913515 0.23853578577168055 0.37278610873879314 0.3341999240186423 0.123107500990825 0.0036953848680023756 0.19089687503680858 0.20561512224834078 0.009559546973125607 0.23145184734372964 0.13064871704337114 0.15121694438130592 0.28209020232563536 0.18237831790411263 0.1230699895893427 0.25181643195465647 0.18047626130127295 0.04397589267305819 0.48688219390671167 0.376216127665329 0.3044501696432986 0.36780300625044937 0.2586754792096254 0.030084643512836517 0.24464474340330108 0.22013289768596728 0.08689924507375762 0.07772499380216256 0.048760237687851635 0.0719901330242193 0.23130715862051301 0.052553740064919474 0.26918006279881823 0.15945973547394468 0.16722273441845562 0.061449506905251326 0.1139046521136464 0.22887323722517486 0.024966845393519767 0.06946794247089452 0.055301369913331164 0.011387985663304094 0.05167812475876744 0.1493410413345339 0.42375915044280865 0.30777471982264965 0.04933746659272201 0.11370574477881633 0.33832946357993854 0.2676525978699783 0.7204806261929998 0.7774134411718328 0.2745208270515224 0.2630896173586857 0.1668422532147056 0.14911144063874635 0.012174176517316778 0.20214277365267527 0.22920897117739833 0.20519156719371903 0.2940298936495062 0.29504425508634335 0.2690131833022118 0.4152093963476119 0.34176637853667874 0.4456876713933632 0.018507666459944644 0.060253322345047766 0.10879826857277375 0.13003644172332945 0.02694027881866335 0.12850510235815435 0.24012219125340478 0.14780751734573433 0.02192690690984005 0.061638040948272056 0.07743127612390258 0.13797786187314867 0.38419800169821694 0.22929841380691096 0.02393010075948457 0.28279614503723943 0.3571342355455748 0.22642203190966 0.05924994025487995 0.16875766570105127 0.018575157265820395 0.05628226240355992 0.0103907405081097 0.2705252426786737 0.3031319655362858 0.2360941014527713 0.012260480575481559 0.6043500695801107 0.401363689331355 NaN 0.3140551313155312 0.2896003318831876 0.3043469688574465 0.15236325248987426 0.002991713680175395 0.13061787056947674 0.17710084597339448 0.06737690406750639 0.048065614828694175 0.11010452996112444 0.14876151592984882 0.06475352337376018 0.06087450020908982 0.18972171061417442 0.10414508715097388 0.15859004126194925 0.16330819409669622 0.06815908234688353 0.07924705261162547 0.1262497924853635 0.013145934813438434 0.10283372351830794 0.058858207807729185 0.13676325905075112 0.04597610425812332 0.013535972450985485 0.0027483531957799177 0.14887156123036407 0.009926244799652234 0.1429600683611325 0.1255980589417766 0.03110782473058932 0.06149176604537528 0.13095260418995355 0.007306530635372063 0.00594617949552097 0.2795104478576553 0.10133661809881003 0.027850513632143685 0.013019998198415402 0.049982073355357676 0.08732275633746628 0.13675418843310302 0.11813311161534337 0.06594285680664708 0.3146329681191865 0.32610892934687286 0.236434242085388 0.29302788896419873 0.08250866439476542 0.1535859117866512 0.2616873603689252 0.14679017049513363 0.09077681127350559 0.2139604576405926 0.00204151206882921 0.05174993062242586 0.10954780561973433 0.04611658782833843 0.1640267524802254 0.02861241079446735 0.057590541138208926 0.1825436425747552 0.13200739270668013 0.025705740157115672 0.06626123611666772 0.002414050189550735 0.2756854053159121 0.010451888320298534 0.056753936481190044 0.23051919300338872 0.17691871110497856 0.03706890935814785 0.04428059811773707 0.01289946453809194 0.18164839555480458 0.04288011405063772 0.12630885104444256 0.015682080309853803 0.0979998534250314 0.06719654228863918 0.07258281877195674 0.10930435151620765 0.021415874828691332 0.3089012075618078 0.22518345756911573 0.09266442862768787 0.1675198665285887 0.14107713044294112 0.08390543878516386 0.012365262211621979 0.06826445559687247 0.17548941285203204 0.20483848317983894 0.2255629355156996 0.058207583420905346 0.09838165793061045 0.1583147236911321 0.03754799333972386 0.3106537812818374 0.23815181679678432 0.02680667269685836 0.3139101958574527 0.30544952367457484 0.30696411321258127 0.2507123039868731 0.0942043751562261 0.06934056684986883 0.06130632670071533 0.22529421045954348 0.06360367479161987 0.19419945192256594 0.015029023247167766 0.005804903642206114 0.1852972660015659 0.07726724766250964 0.18204732342714422 0.10180938991416158 0.18565136277929764 0.20021056474116555 0.14915955383785393 0.21871522259204365 0.03476466785938365 0.005072777263066271 0.010733461165156959 0.054245791465124565 0.03194181870828563 0.051982688666158836 0.05085806400066254 0.004531119176862582 0.03931722512365901 0.0016934731986466666 0.012628628902172576 0.08275982719514097 0.04726204816796048 0.038796202173274896 0.03058873432338767 0.09894561083922182 0.07247103122702982 0.057255395521993574 0.19806399303162453 0.06918909382862592 0.0723726467092369 0.09073779415449038 0.042172414721158895 0.07272211779499597
0.0718056407329948 0.2840039427715071 0.1682533747787202 0.030520954650906394 0.09740731521532042 0.25790421231384664 0.24753492263884277 0.4716892360871851 0.4051339381484936 0.021546714627358694 0.26707590704612005 0.24807473843655786 0.010271404927347046 0.01559417441591478 0.10461889161525213 0.004192410638199223 0.15668982386055183 0.2830960008631605 0.12157617654698362 0.265722715513708 0.27715493326959034 0.31751918375648847 0.2884224552969676 0.13142817011741723 0.018081554194158404 0.10510362095968188 0.03187823880917775 0.1274132679628821 0.01595325219927781 0.12348775677282318 0.06661497424930919 0.08793205334125 0.07180019921688767 0.14291689877290362 0.055373873717268485 0.19488528419193746 0.02774212795519873 0.07108954369362243 0.18354397620758908 0.2980459696923451 0.15533243347736575 0.018364050574710966 0.0571995844355683 0.02494534896299481 0.1428732983464425 0.03339907942040617 0.33112211219526305 0.18531771407219108 0.1454013437741406 0.20631894834161868 0.439631117282525 0.3273927674160799 0.3623543321360586 0.38381155874438305 0.23638486522817168 0.25918024921249044 0.100121885637193 0.02343420478339228 0.08207174960064435 0.10148483115155413 0.05198908777099624 0.04129584358416921 0.04894290809935742 0.10318013334505902 0.0508275224189479 0.21934043470320466 0.21191637975839583 0.16645090786825076 0.016627147447502322 0.10359912476705188 0.11559412123521334 0.07708452555023158 0.2103359522968328 0.1108179339776932 0.1738860394529828 0.20950836561482378 0.21033544926254616 0.07982416621631476 0.18481949299574235 0.17132522208367257 0.2478250673944744 0.04165073979248754 0.24081317995026508 0.0016338740315529842 0.06083379404587685 0.10429659296951814 0.06469243794767092 0.05843114058240454 0.04181850021522374 0.024613392156811305 0.1568273714903361 0.05178902967246947 0.04806866383650605 0.0481057732625522 0.1543611286294208 0.17170904171646872 0.11762236418720727 0.10219574018989354 0.016609575270238368 0.15529158114905334 0.08442179819609937 0.05968807727045711 0.09399052170502371 0.02415498877538453 0.06360088254426416 0.1253375660577045 0.036841185906129 0.001394588888270521 0.03067358395715061 0.03386199506245871 0.005321511900689235 0.03929799782051143 0.03814074073582431 0.017629550393806332 0.13837503019853772 0.33055054590575256 0.24553072123903127 0.05338911622066938 0.008129318376382741 0.03794005620756125 0.06374353984982814 0.031939170928247065 0.02240017777309965 0.04315343319572755 0.1467712392043613 0.022684886262049463 0.03856284885812953 0.040168635726308445 0.18074469887039182 0.10387251986477117 0.016832435236681563 0.14481601514123157 0.19450431026053866 0.001367142305233372 0.022552663061998914 0.09985870531492382 0.25625365518900733 0.36033305899737744 0.13149642361689537 0.21378256920594782 0.13960306529620092 0.02741237126797816 0.08448819066596398 0.14318143592964877 0.17559000725695736 0.0029820834835864096 0.03944673453607598 0.17144902208945878 0.0468269639567115 0.19260792834027182 0.12313839364047559 0.06556704017807598 0.055437524111484456 0.07770335773716282 0.028848030273401666 0.31837283227390856 0.3113065243738934 0.2321256053803227 0.21844752254205893 0.10088195278874085 0.0034937818007190822 0.13218222276393957 0.14551443850481616 0.09609162337367255 0.10856914452970048 0.047840332702100176 0.1363152494912339 0.136425042709105 0.02378686880179154 0.10668128527907486 0.08749180600579576 0.07155098777675885 0.05513832426118256 0.1135903729777547 0.16097496422855567 0.11243180281085964 0.04754838620445176 0.12221557969054739 0.08237038060327834 0.04778913313097278 0.07506044502857329 0.19045891332853415 0.059194426186284226 0.0502688772830147 0.00030666860255574565 0.11968973688664639 0.13634067997779578 0.41720531809705225 0.46531836715453434 0.07723078535778641 0.2617942370778272 0.23667429071839854 0.0796704004751652 0.04383583141950881 0.1958425368084598 0.1555151455177051 0.17197314373136968 0.2738207634164288 0.12086078661646861 0.18743150078956805 0.23043249139894853 0.30815323795298494 0.26441381730486757 0.15312259030549782 0.03669320190188213 0.0815278789988153 0.017463598596998874 0.12926191294946057 0.010798410863034479 0.09348120897250203 0.05138183623250593 0.00374734875745864 0.09363913242314138 0.07518204609094793 0.11706011375994775 0.1543835206719325 0.03359608615992819 0.11634658067129908 0.14479724379584993 0.3793028809166177 0.0509359024545696 0.0157484737545097 0.15653049116526904 0.10044401790869394 0.08871970422592308 0.008823946053286033 0.37802466054193673 0.12622087313190455 0.19865230532490452 0.13265025267525077 0.4430098649533865 0.3301028714471681 0.3140551313155312 NaN 0.28598813452595373 0.23254959401043843 0.10824148646119193 0.013375210113185675 0.01315868471188063 0.0333093887297717 0.010724027340675632 0.009630621098910566 0.040490504019536945 0.012453402025062617 0.04332481032085632 0.1442086673376733 0.14844488562571606 0.08925106503164999 0.04203014953222942 0.024253666393598536 0.09098504247778436 0.08990451937379042 0.13721846640646201 0.02311990956304996 0.19349328028641172 0.0017639721089325452 0.07235119023227525 0.09391435477337881 0.04748846220632267 0.09927819720190238 0.1255092763108844 0.04916638861528475 0.129966150345296 0.0017248407271487365 0.05547764321793438 0.018750391601734313 0.11756336673133456 0.019435227885178798 0.06206514741992823 0.16169759727194705 0.0007098586928536734 0.07765879758683676 0.010496220016037429 0.0560163017540374 0.13315704802775863 0.2040630590037577 0.13671518811554226 0.025938287459713973 0.00014640592840872948 0.15839027439376777 0.0598531869388993 0.02945754090672857 0.022585861488320848 0.05033340428725359 0.04819011352217481 0.037718948982468435 0.01833441697473788 0.1145099593444602 0.013318622346229879 0.01740476300888433 0.0028941594662698937 0.03136762595547304 0.07002247753144443 0.04220205825279507 0.046268748864031435 0.2996264172598015 0.21287958328511639 0.06333731764259896 0.001600626651596246 0.07725962498126634 0.09474076846208747 0.028264655709185127 0.05854670549637785 0.05137467489210691 0.1718465888444996 0.020052896334388795 0.04156222699780013 0.0520910680563161 0.19531313621805815 0.021761688015925793 0.051876966347808535 0.034299686842236186 0.12813674840240535 0.01058381441828631 0.10337403500977374 0.15393494808709793 0.02621449691673254 0.3285402053405483 0.16824920538405738 0.05476724247219338 0.07717197816342401 0.02707795053456348 0.06879594263722615 0.029568143094523547 0.06863388351036132 0.05985912028739178 0.004927570583563858 0.15791794820229527 0.10519938115978418 0.0987238839942439 0.04134596659686799 0.04511022068966212 0.171220092129229 0.16134915442213052 0.010310767986757419 0.14778048093444848 0.2067645564397698 0.2193985220690583 0.15102668288994417 0.04900645193959801 0.08327403338438227 0.007921235771363817 0.14358628739217527 0.06595511270496487 0.01934591458958014 0.010220379859741684 0.13285084833326455 0.02247042128609326 0.0008356962548617342 0.15374105595475399 0.019938190442271075 0.0416153958171735 0.071216233033229 0.04822248816382578 0.16026648954617667 0.03347362429405225 0.0009455351425422236 0.020835142508290765 0.016296499757607847 0.053657321003337206 0.03469701948571432 0.006199307409496039 0.050224462404094956 0.08088804481557538 0.05700555066273593 0.08039818600372112 0.2052671444384675 0.15905257601497372 0.031910849135982064 0.043177683310350136 0.022267600228256905 0.002819764956479159 0.019043656302624393 0.14355684620544198 0.024366976856512082 0.16948391903743076 0.011035931209629457 0.0760510431870305 0.038641711642944596
0.17208282765484414 0.15284843388561187 0.1249279649744036 0.12839390204817705 0.14640271336235966 0.06378565727485411 0.11449523991727044 0.3927748905920121 0.3404980373295193 0.03048780219427477 0.19677302847489908 0.16484148160456674 0.10065394835965027 0.070726468744909 0.15433939978300643 0.003520739133022174 0.04945180964256546 0.18176371018398646 0.002330338182185295 0.033843493100323425 0.16109762865915828 0.17240494745943913 0.19632126214504506 0.0793320037989651 0.03489664405184399 0.027034781436021872 0.019604381243803527 0.004711816591637117 0.02611148175743036 0.04136031809786412 0.08453911306888562 0.05686619217958154 0.005772584882463529 0.011872297679983265 0.07250609035157321 0.14152693351517276 0.19666256288645026 0.030213454509550465 0.16663110729077701 0.3287208459977311 0.23644877836936143 0.14511564254130074 0.11019394228389154 0.02979754309831249 0.019481952508265062 0.024197471538038372 0.20474732919978475 0.06758953402390502 0.0690934345984529 0.1592127874574266 0.2984834278881296 0.2339430811991892 0.33587576802918157 0.2621279783677771 0.3265070505344953 0.23372817271625962 0.09465797983249732 0.0030610977696311006 0.04868396423599129 0.02228774950224648 0.0372020443387403 0.08941518103028258 0.07316108807158794 0.02431861742930155 0.008015618739216416 0.07685750680152123 0.04663846032436233 0.1242950006866638 0.010319601026001246 0.0036809381841212212 0.03536272521982605 0.008589137969910307 0.09766806773232771 0.059202078412038596 0.05287182459656323 0.07447521003944287 0.08285065845630527 0.12223818583578087 0.12711205387393762 0.1522454045160222 0.16669464083799584 0.03193047700433554 0.18321605084549866 0.0023489824937697862 0.09521687752341264 0.1124169556236904 0.02523243592545707 0.06508293669183415 0.033209838788382344 0.10955821130115131 0.07520300236468444 0.048999694187475365 0.06994978691228916 0.008558849600230114 0.12459332083809424 0.21295487931763835 0.10705834309155515 0.0230156305550384 0.17147919735962222 0.207677951137723 0.12606146660791986 0.10444821543748098 0.0033875983706613817 0.13146781415240205 0.05988098358731036 0.19467648965377585 0.03989609280846882 0.05129611621833289 0.08584643294511828 0.05822447665009443 0.10439598574379753 0.004227004091337404 0.05753663457770107 0.0049287435863209226 0.19048605230129245 0.22449181535912202 0.23283576879624496 0.027888751763230198 0.031037211419389213 0.08990492755542209 0.024310343011347428 0.03308773382984822 0.055090396987672915 0.0010341941300044573 0.15442665905349465 0.04486776945080539 0.03838645952957504 0.033071881037800156 0.11640501896726789 0.00916427672613399 0.04436197785229904 0.06209166711653699 0.13443013432371864 0.08074507852365295 0.001327586420728579 0.09886026496333138 0.1640477011814797 0.2426956949852586 0.07329588548340896 0.1176936822599076 0.12185653333240759 0.030909412385467277 0.019864802773885856 0.14331521701695757 0.13348601668912274 0.04838516560815521 0.10012781376842027 0.014208135984193944 0.013703385765887732 0.07903868413226894 0.06726685095529614 0.005595633826220139 0.11074439268007978 0.013512357788874435 0.0034851415389316417 0.17685042333612339 0.19821959880027565 0.04843246818660375 0.12276709158996676 0.13007198350791882 0.09221212174878869 0.03698380706521612 0.08257874074336553 0.02289473595257233 0.08029079291681733 0.011900263042649397 0.002485917927808483 0.18784447784264616 0.012601774384493935 0.08578232352816617 0.023286078212221256 0.020763437545560065 0.06879556162472782 0.023105592753055147 0.16198946712626547 0.05704944302947128 0.07301378049236995 0.06567107968729272 0.08296834356788982 0.041596858190009654 0.19807953177212492 0.06192653679845895 0.029863692851973496 0.2188676067058805 0.16731260543655255 0.05416613245167932 0.03638113245789336 0.45030033047882567 0.3409223264292729 0.04550234427333359 0.13251125159341604 0.07728254294536406 0.13073865996926834 0.15266838448345743 0.21631238668072303 0.019261553531013303 0.05202118061245607 0.12837267302153632 0.05992325541059229 0.016710930313977065 0.10455115555034872 0.1582130414869059 0.14688058782863095 0.13059052535369353 0.014577908821798222 0.022822120857260358 0.034593693729916795 0.062275652882405844 0.020225972921350945 0.0009896688872401765 0.08184396831601491 0.0936164420052916 0.060799476088937335 0.006037588098633479 0.033731020048000784 0.12662707444890695 0.14575420885648993 0.07771988007369723 0.15441491163217064 0.3422508138329079 0.16490435675728973 0.10048819739271274 0.16327845462597024 0.11753553481251765 0.01196717406751728 0.03267728957568306 0.16329119776099396 0.017067228038481153 0.06914035700680347 0.046367038150207866 0.29146864420864343 0.25680445127883605 0.2896003318831876 0.28598813452595373 NaN 0.1734066395288344 0.07869207168863672 0.04410347022668279 0.017523449568327073 0.10773142506562393 0.06126213613108107 0.0397262741453105 0.09485123082140365 0.02578484281057899 0.036222432461717156 0.022916004508780338 0.022809000982558267 0.06116026510343749 0.07077075525374432 0.04600379895305374 0.05450160603268712 0.05778042078103889 0.08148857237048114 0.026165288946552817 0.07254666602394898 0.055507462352192796 0.0006597983791048396 0.13064249112462983 0.02105132629147294 0.0633444653223274 0.016301051756393025 0.002437800175451163 0.10041801267358891 0.012614899290425995 0.08154447477105187 0.11011021445408668 0.047915347848905186 0.0802593416024643 0.06811566616892466 0.12628057228498338 0.03146399659374006 0.09334279075930327 0.0842806159237722 0.06996316386242424 0.022967477673760287 0.15001016619965016 0.04646707334900087 0.020741313490737535 0.1292095592507806 0.12874304127217956 0.09489614975235834 0.09984825495280605 0.08618064815715719 0.027573508997884605 0.09216250925183284 0.04911987581869907 0.04455626168129671 0.08251567212191176 0.02388164893601847 0.04260049256779971 0.01982120224119767 0.018806251561171702 0.04070773551236696 0.053426659074818764 0.028493526676446612 0.14514208512021323 0.11745352059086589 0.03898800671505349 0.02691967986437421 0.10782160429313035 0.026895187316304407 0.025966176105901722 0.07198650706872656 0.04090521204077892 0.17999953610350333 0.005830875989760763 0.0883908834258022 0.025191763257444027 0.10523336517357423 0.03304394105382319 0.08816577059892516 0.05068784706791489 0.0005642789094397433 0.08078664702069734 0.004155324604425482 0.07575912809263621 0.0537242692694199 0.15952301525958465 0.17308027386957067 0.05687723169940055 0.15459269868456704 0.018017485993569306 0.06888694095989692 0.030488044402523885 0.047844697703740564 0.08193629192259846 0.09666430191147507 0.12959397976823667 0.1037300366986863 0.004950378230596556 0.008210430980382707 0.04439988035387046 0.07520817385598264 0.11707874992372021 0.0920604908064622 0.1010746740781584 0.11463814467230744 0.11602676656633482 0.06898650313339211 0.029562779504432552 0.02770177828139963 0.010173618091715315 0.06882727091808759 0.01597276528270277 0.039930278415659 0.05190709598469081 0.010301479685711665 0.026491685721027582 0.01974688440176875 0.008606732040780206 0.0370680450335326 0.08368365090832615 0.03283444291732653 0.013557789087475096 0.20483352806759317 0.010726960911048503 0.049964004167503843 0.04971114567513921 0.0008471525867834548 0.0010994693418707728 0.17438890510528468 0.10982992163406403 0.053889325359007985 0.036247619740684946 0.003941384955873028 0.1485435768335008 0.12040249973502305 0.054438322239007415 0.026771379747050957 0.020129721333596605 0.1524782971124899 0.08136593469860487 0.09545667678636702 0.10890413185456002 0.03376537209987898 0.15391037032980723 0.002096137967643768 0.10831016854863751 0.06269041430189547
0.023435409234415536 0.181952451181054 0.1526536088562841 0.06554287745192426 0.06043269269670849 0.17280132365112144 0.15760568266880148 0.3494373222533795 0.3118220538845123 0.048760098535645245 0.20406119934302414 0.16535884972219822 0.01560048858418901 0.03140601137684316 0.059837545553957136 0.03042883468658073 0.07613463279691511 0.19101065680367002 0.06501990690705307 0.09503850298042221 0.16506948186844558 0.1721611904053218 0.20095529660979514 0.07988327200156048 0.09111263304364545 0.003521902156292118 0.015470585810330484 0.12204283963961599 0.010485047205811499 0.10617885715406988 0.0623687680123809 0.05321764899709795 0.08089562049363183 0.07066686739541861 0.0009014671964737419 0.18205542061493574 0.13346181986939637 0.01409381594080245 0.11825023613540062 0.24044207940783863 0.18897592175747469 0.06152063837602709 0.00836212902632435 0.008830030576578222 0.02041206001970731 0.01815068830228878 0.26929933014460683 0.1182475225869901 0.16079837632437444 0.1404531391932317 0.3229728469985711 0.27443447961810474 0.29877354315096705 0.3065141817559549 0.16296023331292364 0.28870203532988764 0.08671554744032878 0.010919367374050828 0.040700554466523896 0.011917749257776568 0.023160576201679647 0.09422376444793018 0.019257973252412935 0.005414003496226474 0.05427819715576838 0.16466979440373544 0.1686073735378345 0.16986353161902754 0.005177802636293777 0.04150478166151892 0.0490487180815615 0.017172922623728194 0.19935427420546853 0.0671576060566189 0.10512143659214625 0.0782960425675652 0.136568869415919 0.15816061352548672 0.18482304223971724 0.08262691230479756 0.14291390449280988 0.0917179202272263 0.2052158176442037 0.08624276061553084 0.02350632459582514 0.08851120948405086 0.08781410206107057 0.019148276600063057 0.03430368865501127 0.03877322694727398 0.04344295846126086 0.0225620877014578 0.04494072964088105 0.0749725439271699 0.12754711389799134 0.21102317268792997 0.15009238009595213 0.05849702731698462 0.10777973041958244 0.16671520468575052 0.11760394074236043 0.07533960647996248 0.013196137625343487 0.01585633987692181 0.034308079505877435 0.17603608707112975 0.03652888859490909 0.07299747833881363 0.04693149525627178 0.1420692989497606 0.060102590197902095 0.024522947097949856 0.0005463897003708566 0.08144719209389448 0.16585596823455254 0.32046344701157414 0.245740474097455 0.062058219943978025 0.022929137504051993 0.0403447060769878 0.026886790161904237 0.052006754554499816 0.04627456038593001 0.054180836288195595 0.1632252114001284 0.03857857614192187 0.04486293901455497 0.008025551460829906 0.11462256280383798 0.0523874933072224 0.06812555142045787 0.12300078336271494 0.13091849453290694 0.048403852556746556 0.03863362163728719 0.06109396529216833 0.25537296344858823 0.19393459387268744 0.11340014166317552 0.16523940153073424 0.09774840676453166 0.03729817257392579 0.001342227923395068 0.07337373670907717 0.14037860931887067 0.02285862237809751 0.13930596329470785 0.044436882962434615 0.07608892631381864 0.12092221457033063 0.1355426281861223 0.04108810944703342 0.0922138082096915 0.0395448185294942 0.0003841952210476129 0.20087523282917205 0.22702290692030425 0.15233131930367308 0.12367296794687253 0.14619713727690592 0.044116622116467726 0.09559487826111815 0.12929211646325692 0.04700360939080635 0.025584755932920283 0.05095103678237653 0.013932543021711204 0.10790031978066572 0.09032526503272832 0.14385089619960936 0.03782387953347933 0.04978803639758445 0.029554288003045076 0.0034376745928407846 0.1790093668580754 0.0034146386318785137 0.03607385290657578 0.012873811453821132 0.07261948470704965 0.042424300393166775 0.034783118467222617 0.20416099720148626 0.08795930496588698 0.02698249801782904 0.029752494693917445 0.1245668317866614 0.11179106815275759 0.37536325238350327 0.362608363164002 0.07844544988181751 0.2549087097731215 0.11509454608797577 0.01913781160482281 0.10627568184057418 0.11584081102902051 0.11504630877149113 0.09775651875585538 0.21146263925716474 0.08193378237456429 0.07354856226050252 0.16103174009579166 0.17145286269934257 0.1745751554234392 0.019825975110925577 0.0452848361418317 0.06790219748999544 0.012783300434517817 0.014694070365207328 0.12938946622850594 0.06337035402938573 0.13423960266982177 0.08270632288060761 0.06388886220597605 0.024837121147667358 0.09967820487191545 0.1608617122629011 0.10137540309840158 0.007576121909560831 0.10672350905756518 0.3138735779378471 0.10285960990484022 0.08314655778517967 0.20145006704649138 0.12144935818829264 0.03884777292473878 0.09426912758284829 0.2804931956715474 0.07507395708041698 0.14396619175552844 0.14912902976824874 0.3240741895280602 0.28056226950351 0.3043469688574465 0.23254959401043843 0.1734066395288344 NaN 0.14622955259865267 0.07054310516311019 0.03146624768847412 0.12382780104219948 0.030430474580129572 0.023700614133409424 0.0036800403911614794 0.011394011659250238 0.02002482097252419 0.1369126897050763 0.08462522158219578 0.09161853187260857 0.06777402348163655 0.07813443272950801 0.09484282154344366 0.10467182712371531 0.2175512234723257 0.032179973166811385 0.0783178961309503 0.08418732003201017 0.0569485955585516 0.25163303788178487 0.01673645110697003 0.10872929471036404 0.09831455643755448 0.06654345363013296 0.17415695925854874 0.1420488411278715 0.0030793843694979194 0.03671658739293004 0.07324589839908877 0.02676145805121612 0.018706227693118676 0.13285478375408488 0.006295385940978063 0.06878222471456039 0.036707197820092796 0.05915801192778429 0.03912442234513891 0.2641243134463136 0.1253587108815934 0.07689430908572441 0.17449681138024373 0.24167786935094818 0.134329315823554 0.0833029288945132 0.0008066828509861563 0.004369442180808859 0.08689611543498754 0.08954354874189299 0.003177906989702807 0.03589723145181883 0.06350289662496536 0.05208489429664664 0.06118325421578757 0.043618022551021395 0.12645733220739575 0.00453713052095329 0.1260400114847729 0.3185454564907786 0.23039328340305548 0.02986798369264494 0.034036206070487005 0.03067119880393194 0.09782147371493317 0.03560100982844354 0.11193124540992373 0.17023863829313848 0.17763454152773325 0.043928396857289914 0.055364082259244884 0.04554157027525024 0.11828776399564987 0.0599913783138937 0.036719279241575954 0.08732258697386087 0.09118964495753348 0.00803160872951637 0.1731685711306461 0.17650198239680603 0.10115082618502631 0.1963347071090844 0.17784385957059284 0.0600029592033334 0.09183944303698993 0.088305273254726 0.0553634845755809 0.058340922801993204 0.0734917543770421 0.08699827343889492 0.2103150431693108 0.03923851515346691 0.0748497857635381 0.010329877943858009 0.03929690293433106 0.11904409775343708 0.11556863471762233 0.1004662634760053 0.000634563251324585 0.1481724492177797 0.20433986404600693 0.1586690243115952 0.08292806609362076 0.037948548544636654 0.04986612576995321 0.08333978532963457 0.12169008029806117 0.02590179784210947 0.04579057613181148 0.02231690620873381 0.02938949409964841 0.06152000920622017 0.02853936195443542 0.13571862592567796 0.020201756607040856 0.039335535302480545 0.020985917201143504 0.12152669861830247 0.1685239356786754 0.0027502076895788543 0.009128714089517273 0.02088924258724607 0.009913413778017013 0.002380607894029055 0.027147360812577043 0.029174671716218285 0.08981341854518719 0.016353843087077147 0.019883540169165267 0.05047577769103436 0.11302955825147926 0.1510560208543635 0.010464957774533271 0.006628169119539937 0.04686491124715249 0.06743615266123872 0.00748104523847211 0.031166800501304992 0.007950027584317211 0.1002436408001388 0.04480504557505826 0.02654164672098278 0.004524112219479615
0.03526110955370469 0.11200550291560332 0.06429926050019709 0.08665186925948236 0.0789057744900906 0.10284906832310263 0.12047213827668508 0.15467295992009678 0.1322621473170937 0.08517601461518366 0.09191794336617863 0.12110588696013343 0.027773453025050993 0.0393553671883795 0.03291978582875548 0.025510732183781304 0.024294953426976323 0.11686135671177107 0.03962602963968096 0.060777726958070655 0.08672292946111966 0.12400304485547746 0.09035508951106569 0.014876323654923113 0.03358115216958121 0.04624829488913235 0.0009088491036521163 0.09091487435312325 0.058663881378729396 0.0825529151793801 0.020266813967279813 0.03631270004583816 0.10242325746821733 0.04375593138833532 0.01907665359240023 0.1404298346672462 0.06636674105878519 0.03250408099996329 0.07076285148803511 0.07748074586187893 0.11684289276832997 0.08669624546216921 0.004168095541193087 0.062066663700695766 0.027969244443480396 0.023445484333904427 0.18646393172037287 0.0671587626938598 0.0624362181953443 0.06354856641568578 0.1371700542144922 0.16764941256806315 0.1279046399407882 0.13818003233006135 0.08048745214999534 0.0664686664503309 0.06940790523305101 0.017328549382667896 0.029405918024896557 0.08061419969450988 0.017158442506902596 0.0017360013938152508 0.06721171657181574 0.029302173209019344 0.007944869268063598 0.13041601660143928 0.06997817241140293 0.01772459070228437 0.05093130240286165 0.015087013947083871 0.003273634709306622 0.045251065028377856 0.11979192059221294 0.07650585868329571 0.1118238774389181 0.07470535960051779 0.035492376613645356 0.068827971495015 0.054633543563247955 0.032078819857690635 0.07147189327422325 0.13687412658987463 0.03806100978771532 0.05080091953686956 0.011911314122794102 0.04627111409960362 0.01123429901016983 0.003192802323820195 0.07536961825129344 0.0028678234083694826 0.026142392652935463 0.008352566407643027 0.021967738306728556 0.024755898909858867 0.04732548278953963 0.05898509630675768 0.01215278968325204 0.024060988898104776 0.017254403907076835 0.0018863135931077562 0.07526331392172891 0.039862387743403414 0.08075511194665642 0.005777386022961542 0.05181566185650173 0.1444235593125091 0.07598173131302065 0.024744811443824635 0.027208398885228507 0.11850602205425637 0.0014479866967279733 0.09817558409392588 0.036293666625456945 0.0034722880705484447 0.04965588942687872 0.1356945620878752 0.041177418027465516 0.010233512623348139 0.042316591326976793 0.009998662699079078 0.03811375432240812 0.0030110494752841237 0.027022212821975547 0.024402023814075396 0.0726150720574227 0.02971152406214094 0.07261615658347774 0.05329281368589566 0.11285789881402347 0.06654608865642672 0.026951100896089278 0.063436309538022 0.0556202018261135 0.004943919872298677 0.042293190507696976 0.14181978555036598 0.13448048299694626 0.05383917160279693 0.08587817453843229 0.07701112523954065 0.053951874909950286 0.022456074550577892 0.03135528603767034 0.005797300814988727 0.04643433091648169 0.05714064175243597 0.06734786119437927 0.022558873832970953 0.007355815781334367 0.10198093216157361 0.04529430921119234 0.04417810442388901 0.013341063538516145 0.006954362653649237 0.08213435641287449 0.09991699195219633 0.15880350702478957 0.02439817279666151 0.04053887855005697 0.002615131721726273 0.026449468892397812 0.10658748697581058 0.016126980366777215 0.0665438397231155 0.035820010230729116 0.0025527076564888693 0.005510251640248111 0.04052537915763977 0.0018195619292071907 0.027990426361272008 0.053689830447863775 0.06397775485469727 0.05848526450168447 0.03315148551638027 0.08817414987941151 0.08554118458620485 0.060800785033148536 0.08354450982486454 0.018385987211970444 0.005992480201434174 0.03216972039210633 0.1243045494312194 0.08409326151777709 0.05410868865796939 0.06712127015963772 0.03779358054169081 0.05994285881642834 0.14263691501718362 0.12561323970002103 0.054074618875518836 0.04261576028923667 0.07865318490001517 0.08918294291485518 0.01000143791009446 0.06034494263044504 0.07019921045257117 0.003607672900778836 0.13532703815555022 0.03394344720741832 0.04507519061097195 0.08361786356835291 0.10532815743659099 0.13634966426598213 0.039512692341601166 0.008728239734078842 0.020843559807838804 0.03576571842505484 0.016428425365517803 0.016636196894210944 0.07497640327197169 0.004478262821670155 0.0009523469695603712 0.021688027647374458 0.04679445105414021 0.07511427480926297 0.09837040632914291 0.061291310064690976 0.047167599891020116 0.13437200335452643 0.12915026590841944 0.13914301161907236 0.11313323288283876 0.09564034799585648 0.060653169236422486 0.02587135674139921 0.04620052674786786 0.09960147013534357 0.02512271672092221 0.04335143605634648 0.0912583782267194 0.11053633577789486 0.123891204503638 0.15236325248987426 0.10824148646119193 0.07869207168863672 0.14622955259865267 NaN 0.13448189060676002 0.05591918657072698 0.024034074211555526 0.017963019445487654 0.02231353470053443 0.06760174404605702 0.0780924559254675 0.03642702398571679 0.03254301412457861 0.05511913049083701 0.027310493389848804 0.007250444266464502 0.03231231963569277 0.0647398804426064 0.06227166488784845 0.05256009514274484 0.02794444946374012 0.09616808876026113 0.013885478097644453 0.0682170269943777 0.0955355345438729 0.022247362698094353 0.010437948772576321 0.08446597766466384 0.07703692524573319 0.074141758731632 0.051945099959307746 0.03975230027183044 0.03539293723888875 0.10677166128527943 0.03343202009302872 0.0009955789877000023 0.06560283115971682 0.004772937943773072 0.0007273125325148467 0.002464545341862125 0.012592350562723072 0.014558556209602934 0.11569297922886705 0.07124637077526731 0.02914795387882612 0.012874420652999896 0.09313047104401966 0.031770611167323416 0.09344695951832752 0.03389684347358367 0.045461348057758984 0.050544765507522134 0.043459742540812876 0.05873158316107782 0.045931124911612865 0.00337978743342191 0.10246974854697867 0.024546841788875944 0.011356778183119325 0.01752534135115118 0.007927221201743342 0.06085440281655485 0.1832555398983143 0.12233149507577007 0.03941581426503571 0.008999518243697546 0.05446709363326267 0.13796709236735832 0.04171729885466589 0.012490738884306882 0.02365740959808642 0.06371023635250385 0.02501529099410145 0.0075903954722258615 0.030461214568817445 0.08459184678518926 0.06394991016211447 0.013424520275711019 0.00416039123525879 0.028763388455739093 0.020725896365268105 0.038404134644308294 0.11877986465349766 0.10101804414532572 0.13959000174853387 0.10404042087445803 0.07211958925049214 0.005842833995574789 0.021583271609777473 0.028576037523106605 0.02397161157285051 0.00483765901458515 0.03706575752136961 0.06440772163700312 0.060608311067478896 0.07544225593284112 0.06487761509558773 0.014248274549565643 0.02658499356981602 0.08053553245173192 0.010551836436501212 0.011580803627884108 0.09869480688459703 0.14130716638058727 0.031256847339502146 0.017936772873787463 0.024315014333276166 0.07297156374341134 0.037238686174179275 0.0751525447168092 0.04138091268223454 0.04275228212349569 0.030221188732826983 0.030710949757129975 0.029998149978001484 0.007940092568603981 0.04625301777478122 0.03845222599375633 0.024698681229702847 0.07199632540219647 0.09537884502124114 0.04773166771530945 0.023612672836234392 0.02557913620257996 0.11614926008616656 0.040115088665609304 0.0022584573401949197 0.06413563221607628 0.10858185088364755 0.024886884324354767 0.006900495928302124 0.010802833956475598 0.06966083751154836 0.06975878976718453 0.09153043192025376 0.046766654630500344 0.03589286962281167 0.04498251508276046 0.07910805905132591 0.01005720248264414 0.007645985055839531 0.0575179394646311 0.0404703559153225 0.022252347691119896 0.013538028747395936 0.0559053190731224
0.004437930972357204 0.007949343975822329 0.017039149781190133 0.012642964880859486 0.017876738228940054 0.03649412905243373 0.03825063279877546 0.01746921078949895 0.05571106042004651 0.07256631574746282 0.02453485236066897 0.07732732127889154 0.008957258385926654 0.030982883002104715 0.03869953859676929 0.0009097204513981303 0.0016067721389975264 0.01761725251520584 0.05429337679260332 0.067241802309793 0.008604796220036454 0.016842507471741118 0.03145839913536926 0.0023374988360490468 0.049372633487325915 0.08311635692699812 0.027139583212754143 0.05234761790177127 0.04184264413158019 0.011519727377383073 0.0339469362461362 0.021571793530381234 0.028375540315515826 0.017964465963045663 0.03613905828025204 0.01405738136766777 0.033232284576935306 0.01403904681992153 0.048714439260859596 0.006134005523333135 0.040230365643261455 0.06310200332524046 0.036441523266439985 0.0521950853735502 0.032160312745556315 0.06190245675738073 0.02050182043279329 0.07578953239578595 0.0032186263957790905 0.10187217998802509 0.0453345524750994 0.044782421685680515 0.03493900032701687 0.04173045094730411 0.036295694629137565 0.011284230631666222 0.09576099252984199 0.060971516472283056 0.07347129669561943 0.013510545143772852 0.06128937301438722 0.01555814589265789 0.09152183125158428 0.02095463871301589 0.015154828378945596 0.033407123740071626 0.08384979422518384 0.0018173266336733497 0.030525784595998914 0.03134747684481359 0.048910982474112547 0.05969646080064744 0.059988352683664176 0.021224027566810463 0.04661541471782676 0.03323423176632705 0.07238289287116394 0.02594287182744675 0.07446764246463702 0.033095910818148326 0.002750317736991808 0.012950143198237117 0.024895544404872495 0.08054815501070232 0.040133682257223836 0.008760414614061615 0.032346872247625336 0.05233524097952654 0.02891766868141757 0.03738925538968034 0.018288779655013607 0.011050610514560452 0.004803268916099182 0.00045536219073817374 0.018746073831829874 0.09366481931219688 0.050450281416024756 0.05423220981175719 0.0022353382745185853 0.07711005786505899 0.029956846276046726 0.033005161348498964 0.07619592578686413 0.03889009637952096 0.01603808187649308 0.020338125403099736 0.017827834648485308 0.07143742570675056 0.0796048149689995 0.012662066204479872 0.008908695692246579 0.01285099567975768 0.01650914567966794 0.03819253105290974 0.048479973341029235 0.03292285534698928 0.051461665536718944 0.0006810181963004646 0.03361437332535396 0.02590017522593504 0.02263906514605602 0.0012928228638341946 0.018626910174519798 0.04081207049403187 0.060154271651976274 0.014769417888688725 0.032002017443872134 0.004999295385237675 0.07943543050880614 0.031602166606565854 0.033993953328206705 0.05604772662325734 0.07022700108808444 0.03189886057206863 0.018350181510014236 0.05791501731001201 0.06115998842064326 0.00132363011730504 0.04193433797534094 0.01722085657040794 0.004447861421395524 0.019754390837043535 0.022803002682255023 0.010050965363460979 0.06517606591925794 0.0160011950984333 0.024945669538861945 0.08453048269634328 0.0544215007792117 0.003201311617598892 0.028111830404101833 0.0026086002205626757 0.0315098370647103 0.05805181513622945 0.04531475395607172 0.02564959420956462 0.027378329477335903 0.0667250668974378 0.058585358790694333 0.015338408112820367 0.019897806147539412 0.0023964909360084065 0.026269701094872124 0.01917222721678559 0.047197590326919225 0.041729565824411695 0.05265166601410811 0.036118288722536994 0.00972067655572091 0.014255429133853866 0.030750242342374272 0.04263209894447639 0.05419476375720303 0.048428258254393015 0.0028950070769108594 0.043869953319649296 0.04413040580805471 0.059769234009048204 0.0037740313818159297 0.009582333319122222 0.02495151637131333 0.01639826243147223 0.032825212586164165 0.038005819381172465 0.00036665024870013356 0.03269875003569773 0.028484028348409882 0.007161136805875816 0.05278066351948577 0.010376796207017595 0.004840009560447235 0.018006948179251886 0.02726373522514242 0.009836996461551954 0.061154637745503566 0.004359296692012555 0.04881730256326388 0.005216828381141881 0.07264318318822792 0.07748487566736104 0.04126460775850032 0.011151048485018758 0.0025745818621300148 0.021014132210096643 0.01946331221482915 0.015172694660177689 0.06734256039630479 0.033082807985153125 0.10626432334425193 0.00283765976420024 0.007446298459462968 0.017570121820714685 0.008953275104398539 0.03802027850685474 0.025357961508479004 0.05203799431810671 0.028262670205010533 0.027916302056243875 0.019917101814994898 0.02697162762998331 0.0071108134413734436 0.061052875652581676 0.03857689144806945 0.12405984473271749 0.08078961534919941 0.05830053726279899 0.04405867656519273 0.068858014043722 0.0009818309513895482 0.04819000830174587 0.04205534070921765 0.00435375459511595 0.002991713680175395 0.013375210113185675 0.04410347022668279 0.07054310516311019 0.13448189060676002 NaN 0.04711649870468206 0.031123431029916153 0.020240031971388992 0.016429281455271925 0.06108369384248028 0.04025273714473873 0.029498874162729387 0.025551946580395155 0.044098090445820616 0.015009220685990214 0.06789139603829784 0.023407373020900398 0.004069773305014233 0.043520476505462105 0.10204021701632478 0.03412855578277594 0.030990506461778 0.06920048895819406 0.12462686971549827 0.1508068264790631 0.07147653907567068 0.017695889079981975 0.0448794213491426 0.044178305429385514 0.16248185298500809 0.09321978302778132 0.03831113716574454 0.005861860764979837 0.032774102729133274 0.0015480207675757135 0.04126858483685263 0.015582903734318223 0.10458839600393187 0.018217569031169424 0.052096128478892965 0.00300704491590213 0.0011639444284491849 0.15092667505582721 0.10015427395837864 0.0437455769288101 0.018210727834544763 0.018764415228671092 0.04073639473458235 0.025723609751796304 0.056475333992450735 0.05105553405638203 0.02671001468305295 0.036675906114398645 0.03020213614549836 0.03046178191007264 0.013051164140703423 0.01003775830755632 0.004483161339181732 0.05782239267263121 0.03824760492045824 0.006367794946427088 0.0752215454114148 0.09250440976491144 0.0971613113567172 0.01127107179098571 0.0058760884559845425 0.03833921042233169 0.01211229325647495 0.0018815622957071378 0.006047043729451714 0.018998416364852205 0.007229881553557444 0.03633933013401722 0.013629818162131213 0.024442840452812104 0.014171626475089965 0.01195742726313087 0.026943022298131454 0.07199208736381389 0.08190037303266941 0.03183840690263667 0.026490977118684533 0.04114114597787038 0.11969277183655237 0.0031046225678096583 0.0779274401290115 0.07909324386675641 0.030384492904746683 0.05700361640548158 0.02095238978695865 0.1365793855404008 0.09236704061673255 0.019376052439815987 0.08147687398694042 0.14296259606100645 0.09404661600590052 0.0069058831734972945 0.014072351180377562 0.00229121149534558 0.004256587318565158 0.004952770608172273 0.029697736957957733 0.03891588259195793 8.246050743416076e-05 0.012357493016514237 0.0370389881040207 0.003384884442655764 0.03392011421741507 0.04898871964495566 0.022731924383501006 0.003419578777808172 0.026867178583661104 0.0032862106548376705 0.014530482697979926 0.04768254802980457 0.04120890594447806 0.06865108830542853 0.06491763911099518 0.045636461410158355 0.026513883596574816 0.03474909862411191 0.006377438506336879 0.03470667206382234 0.025965039978704637 0.04086439048130062 0.03569111431446137 0.006266580335928169 0.09488402331898758 0.06369063149002771 0.05757022622769347 0.04203152152700673 0.012360858861940787 0.05573153905065787 0.0006814273134537227 0.04990409528804592 0.029355307433812303 0.045580535362612896 0.10689577320115026 0.05873210699335556 0.07671476519861277 0.07822135232114413 0.051894931186607755 0.014268504184915702 0.016334335039621645 0.022667581496316463 0.025954541937545674
0.3341056485657333 0.02342624140138175 0.13955032034888634 0.276716532839498 0.2062691042502173 0.1452388058351606 0.04750548861924655 0.07624929060535673 0.010973001146441326 0.35255169423143734 0.017671943097337134 0.16896721558469213 0.22705598940136798 0.21864231626229014 0.2749754508518899 0.11069265574033184 0.013601765041268955 0.14965138976030112 0.18809262665617107 0.10989606919145996 0.007451483763897492 0.10300553633404794 0.06151829626970427 0.24952745080472974 0.1558157936236165 0.005127359451817012 0.17806177327924946 0.07626022189030064 0.13727783892765122 0.0007465470281192053 0.0953275890341361 0.07591857661900198 0.119480340537944 0.023730896745701183 0.08073219320476345 0.06012753911417199 0.1749458444620091 0.2079965802793821 0.012767737377411473 0.1063013329023862 0.1613571774401759 0.007261995827664741 0.13705685658021832 0.22743096256258177 0.07972822624176111 0.015354959642404357 0.04261603351220365 0.12036400391334535 0.036655939133160446 0.09171131641160488 0.09995993084204835 0.04961313864979242 0.11354683190253421 0.0960197808397626 0.055068334552661954 0.09175217151010233 0.1365591683631921 0.0805522862168513 0.18259602774183462 0.2984221965396377 0.10832372145635842 0.133859058299306 0.08953232476533822 0.05810993701157183 0.009914861308516347 0.060863942558101666 0.010071582621280845 0.048706979254884486 0.06429868593958629 0.15280360010160876 0.07242359051570325 0.0820139450930188 0.002643771086114369 0.020064234979293535 0.11527887022238525 0.14788749749763166 0.025800294369281433 0.043300239832411096 0.016782122085395056 0.08327549491837921 0.0328998319528626 0.10199590523044341 0.05379370646553651 0.20989951654955025 0.20790213365976165 0.19955574903831488 0.15250948883271548 0.009413755854834607 0.0861972708679525 0.044156458581984095 0.0676822166137699 0.0008591882889318703 0.050604833533934156 0.05610290427287799 0.05340604838931975 0.026721872764426977 0.11476272086035005 0.021560932780940668 0.2113825574292042 0.0961952065201704 0.04175725547940767 0.18941240291995706 0.1849901083643833 0.1566587611201206 0.16915695087004404 0.007635242446685057 0.06281447910779417 0.10150607029398287 0.018657718483157 0.04099478964251933 0.13585088546329915 0.042633710975170394 0.15677281981341976 0.10530478692164964 0.011641421988504964 0.129420667628116 0.06071392338894861 0.041796134419175755 0.008165500076511394 0.10940656532528706 0.22337643658695988 0.031042850120132224 0.08622371487375508 0.2084584724039757 0.14998466233177654 0.06840755147742152 0.1262998894896787 0.028585330755606916 0.10429174885118198 0.03908736475455242 0.193401892653307 0.15345435507134034 0.04512585932552293 0.03763253518692535 0.08370843759183924 0.020673077867115423 0.03954416729691569 0.08001912149792063 0.0515821870147515 0.17631171576159257 0.04919229205468088 0.1415830052714129 0.22582831848484672 0.08516159736653296 0.016429848300702512 0.03449581445370318 0.10801308077730827 0.22668201577580174 0.16241976213811785 0.09518731645935723 0.0218774061153683 0.09022186984043405 0.08561517143300504 0.06759188764175589 0.07683713836666213 0.01623380811646366 0.12274799855679781 0.0876100961070394 0.06800470005036026 0.011445750436037577 0.09912956232780365 0.055607338760439926 0.001729977625325044 0.003922171169927098 0.004629685513195806 0.06316375161482281 0.14054936765864404 0.1357960782396072 0.15446219065000885 0.0960416672763913 0.09638891005358372 0.029583002852932614 0.19175952260584295 0.3021398383278308 0.06720486805164624 0.1200998596637383 0.004403651343511312 0.08989789379381373 0.28220650544323717 0.23754725068612093 0.32347234179632506 0.07073658755402645 0.23466903331034844 0.27685811057495463 0.19514786724759484 0.16423864877544753 0.061022457322080524 0.08839960983175627 0.06254829013062312 0.24194797333847975 0.059932503204463805 0.12256546351730663 0.2025470157249946 0.2259245650826414 0.28346240469858425 0.1165541219793872 0.021284769791972344 0.0750678591145983 0.18383536293981817 0.01924927778220214 0.06992811438373278 0.031772267325557206 0.04099861272816936 0.2534442008550166 0.011346981118385089 0.1368071572740024 0.22386534651524898 0.2715399877047921 0.1279566099553463 0.02350894610808446 0.13134118788982688 0.0446094654858721 0.017487426241569282 0.05988964012503842 0.02881260790592087 0.1379085848159262 0.20507882827355262 0.28650553229461057 0.004042088561609298 0.029961625276212562 0.13626502823668235 0.03597779295095963 0.17766491888763652 0.16200190059447864 0.0892126761639934 0.0786056088474771 0.1234283810561376 0.15964535148837908 0.04579644685913569 0.016387275343777402 0.028639388130653545 0.010549118089461356 0.13061787056947674 0.01315868471188063 0.017523449568327073 0.03146624768847412 0.05591918657072698 0.04711649870468206 NaN 0.30608799863300185 0.0933001262307192 0.019290954124951902 0.07724771754837509 0.048457685173576535 0.04299485495715787 0.04476676825885004 0.045238953867169404 0.05116183490143816 0.11103823564472841 0.16502810283764088 0.1661985282395433 0.06220750103400896 0.03684135270098222 0.06859375039002327 0.20398368429537947 0.15074068818446582 0.07010697974678784 0.04797561385623789 0.0438915454220016 0.03228455056360474 0.005722812681191936 0.015675510112919094 0.020352572885309374 0.28472730723846756 0.19954049283931255 0.2603651808836552 0.026152296412938317 0.016471210512049837 0.08517615145962971 0.012084123731987459 0.026048040048797606 0.11344507518627266 0.005108332397350119 0.004205790024676289 0.02215755795314085 0.07747071124535738 0.05909007605812024 0.060836951902445764 0.2605733455731559 0.049994099463697234 0.07063643155341712 0.14799647148038916 0.23057289294159872 0.2335023011979059 0.2046072273681879 0.0408456049664833 0.1406983684812423 0.15384761285854934 0.10591664217280945 0.06380269280500482 0.14538577181850784 0.11008276257274449 0.06439226050178544 0.07825122971394884 0.007977254067743267 0.11851432133794687 0.0082302433903272 0.06634776370590505 0.030891284384788827 0.07607948154777892 0.1315342876625655 0.00033733140791994946 0.00899161534352817 0.21525553572595896 0.16074929110338054 0.02505468898227077 0.07140670749617134 0.11632805673470305 0.15516456515148463 0.10202461357097237 0.16731345367931283 0.1097489758756002 0.06434697013234256 0.04888665934172218 0.05005330907843324 0.03966948539064975 0.0914946265338379 0.03621050004346199 0.09982061315269447 0.0496081057253279 0.058005979658520945 0.1649093790902519 0.18356727095135 0.11149990952345842 0.036860285141178305 0.12623712428225511 0.1454622182225002 0.14392728959700868 0.09593209223225793 0.14400719670171644 0.04261637598694609 0.05034210258927341 0.023998151407886668 0.055886025095410144 0.04410786575818889 0.01635097388351211 0.008482813755055277 0.07531985252815918 0.0011389520214167498 0.0021827630913743468 0.03426869881870419 0.09851266243205364 0.06067889989177489 0.01860416571593375 0.009096370779338838 0.03840397967878994 0.12051289821424253 0.014914683229433212 0.1231843895701773 0.08153852437138669 0.015182233870938349 0.053778752888560453 0.1865853905284333 0.23938900964166288 0.02369709461046301 0.11615113783671835 0.04647150456377126 0.05798148569879104 0.2448389259959975 0.22911047085185215 0.11262315930188584 0.25584450299361794 0.13050551339559738 0.10544357740625626 0.03458270954023892 0.11920498143999152 0.15831545857614426 0.056952993254388413 0.10531368011256957 0.0801748614982668 0.05511213700693343 0.17900357271014972 0.061843526039298914 0.03253960777432518 0.1630706022601179 0.10849509119116398 0.11329007018436324 0.007508703336003689 0.0850984147984873
0.25582237804474567 0.03615919834055584 0.1292455944442382 0.19020084021855876 0.1484646053770985 0.16067838272130955 0.09733802965736046 0.09956529469794848 0.1515611978151064 0.2685086927349603 0.04921493425750261 0.08256034090680031 0.13199653412994952 0.10237606500604093 0.16003222908725928 0.09823195047488159 0.07284597467849319 0.036899415075276325 0.15624249340480267 0.11140584325199793 0.10949690064006619 0.030550059260729952 0.0003773596589427882 0.17020854698359839 0.1312892658174631 0.030878314042004047 0.1165528701418391 0.1052174406523076 0.059914238647208136 0.006350507431943465 0.06291885048077615 0.05155956704547189 0.050775741770235916 0.007525745285447182 0.013865494124773569 0.10382344811115972 0.12081905084419409 0.2253810226280185 0.08730669650376116 5.5373504912286745e-05 0.13665239484280758 0.03523669613111573 0.18877751535203605 0.2499095901742978 0.0452071564128333 0.013110162678082357 0.010388373563999293 0.14437231236836845 0.050763150845632786 0.031636977345075014 0.013442731422809223 0.0027632756592550715 0.16942632650245146 0.00673319636727122 0.011768029490042482 0.013404493331955808 0.13345248836282675 0.035598001304824455 0.1360987714014011 0.22697303055207504 0.05156387291607251 0.11080103062388699 0.0555716168247616 0.028955623030258896 0.07618392340331678 0.0938681555611629 0.0039749260770097624 0.044744461210380136 0.03902679291061988 0.1387534088070291 0.06300728308532474 0.04710232140840365 0.02869386804453848 0.04949234923871025 0.03527871906834361 0.07820050778156562 0.02978718114790152 0.07025761580185338 0.02364124217186799 0.07704801040029427 0.03560290543046875 0.07494805541282844 0.04677247650686251 0.1843046741867759 0.15418583533320088 0.20146817963202704 0.1105826142765396 0.01839068171408017 0.02347337633689498 0.030183798289731487 0.0030922033556863957 0.09578873634739077 0.06806110244650937 0.028475970404935477 0.04129425037776556 0.1423210230640848 0.10332945557939073 0.012398934247638188 0.1819075783654827 0.09096952196894227 0.045417255375966366 0.20489424239237064 0.15493522642941598 0.1394144201819144 0.09736046239675036 0.032920470789992294 0.05694891424594516 0.17942132033339028 0.06018663284621351 0.03263641834483905 0.10957237073272037 0.03654991690795624 0.12149626969928168 0.1285491131537884 0.00287497018998995 0.04380128873735524 0.08098500226299173 0.00591725364527553 0.0043926055910392834 0.12028350557741724 0.10605450736595493 0.05928783233235897 0.03948004999790729 0.12765693539395367 0.08645777634755794 0.01136761137248634 0.03677774787909572 0.00431944638864969 0.08036126478873042 0.01768908317501103 0.1618348092055771 0.14535022643630877 0.01910545024035465 0.004028628271609729 0.05436872664987842 0.028223905586052492 0.05806012734248386 0.01559262825842502 0.04557236688769313 0.22879134763831802 0.05313362418189494 0.07079594832284193 0.1957714425539412 0.1058677214924172 0.04155451117176322 0.0017536558950633889 0.09229539221413642 0.16667029036583564 0.10410518306726883 0.046193412727721456 0.00989151007916899 0.010069058350921294 0.13380632993691996 0.033518695206373426 0.07821874986148872 0.056847861790895154 0.013617368924699311 0.08946906142079233 0.06557701615726724 0.09719353242515553 0.04660673161808726 0.08029568667443998 0.08870650587590087 0.020874670420513004 0.032904661337358865 0.07953110840339753 0.056670250179908614 0.058302318274548334 0.14195169583854472 0.09529593599313303 0.09744147352488068 0.060874387978466546 0.13676199019884785 0.21189851366092752 0.06451008470626947 0.08605905977612134 0.08851153786595672 0.06463334931967651 0.19617898961846922 0.15183827898296032 0.23914717935596497 0.13275235154994755 0.11672406584190942 0.1553982837088458 0.14053411509973052 0.17199039264971425 0.10310110906349068 0.16775074413341265 0.163224472104503 0.27104166812781794 0.10688157701336674 0.004708740123896437 0.14249453057035755 0.13810252366565454 0.14418337791233427 0.10448251293783656 0.01827222323047823 0.03107701835675094 0.16665938812892156 0.06993330241639618 0.08766798705997568 0.061668184664570753 0.022645323777843937 0.18244961825064407 0.0135751890620676 0.0797043176803829 0.1625527148590927 0.136820468796984 0.0931178254013404 0.033307205360865795 0.05733350307567567 0.039053686418592186 0.009113199948001742 0.07331585290494802 0.028300663590740304 0.1694423449454353 0.1865708444579498 0.17101240611018553 0.07476177283170696 0.03781923178394164 0.13729839423377446 0.001843451220395691 0.21109277168716056 0.19169470815772718 0.1011954973360912 0.10342891014319018 0.004957682686559471 0.15677602181823144 0.04850221497345587 0.03853794539369583 0.05569762763450308 0.06393307441998988 0.17710084597339448 0.0333093887297717 0.10773142506562393 0.12382780104219948 0.024034074211555526 0.031123431029916153 0.30608799863300185 NaN 0.013221074366637005 0.006807075195294938 0.027142344108104493 0.07552561179788662 0.0040380990662014235 0.016107200780004306 0.026433675681397463 0.044108274334640374 0.10670075872056407 0.14345009923920352 0.10116093976499486 0.16165324949553186 0.03352891047689235 0.020637919077817167 0.08773988983592591 0.14537508081005393 0.10171838288950479 0.13347569308014215 0.07166749580830256 0.03697170820504555 0.05166668075150115 0.024331684797621315 0.018341384354495945 0.26633059048149416 0.17539625112608312 0.20389371877098883 0.026555428507566623 0.12115972896836609 0.05935071438591656 0.05690229022200968 0.10116882678755362 0.058796458807862426 0.00297732323462846 0.04458816840794606 0.04121896235492755 0.1098330669983487 0.04312029785589632 0.08894207982272997 0.17213072421652953 0.0984614108203998 0.06955258218301799 0.14675896451875495 0.11715893554207886 0.12504987064423942 0.17866257325743687 0.08383307873389664 0.05387730604371109 0.17282060449578493 0.03972616968884894 0.09570547377998022 0.15466689968702604 0.015638721280769024 0.06190001940215159 0.09702769966531442 0.07012399817489791 0.03120608134405393 0.07853221806068958 0.014960364923120412 0.02528140468966468 0.09012621773955057 0.1565563453238556 0.010300248984251793 0.002853105048344025 0.15089623450012318 0.10844257159407787 0.010095567295050472 0.04340226582406587 0.07996741941804276 0.053902722713096894 0.07704511016395442 0.0319412794848307 0.08813414435572497 0.027671037491953106 0.036592363371685144 0.05080172983586793 0.03978986515099205 0.06637423437952078 0.05519842358647677 0.02568107243995531 0.05003662040718444 0.014632637016218942 0.1172167943083295 0.12616700455042099 0.09712922698986537 8.360017975409182e-05 0.09517721055629084 0.13576508440902046 0.07946507371224525 0.05401563635328103 0.097708584242899 0.0657827426857151 0.006581457702776047 0.002443375315187501 0.06515541089469741 0.05481714919314906 0.03532996573249936 0.051974949111809554 0.12214547673501575 0.01270686953868356 0.041396096654146966 0.016272181984234503 0.06473689768696168 0.08580921036000012 0.01987296407122955 0.05988967084986557 0.058117353502448676 0.12280803936259918 0.05991422630860707 0.12469838367691553 0.027482329639353955 0.007661128991882267 0.05013110131341887 0.13698502788687503 0.1628571767757329 0.018363565705862377 0.07394690474219066 0.04833232997311527 0.10587870185213673 0.18565990844448327 0.16985021407416276 0.09450270258867309 0.18449548145754438 0.045631480948361884 0.05640103441862663 0.0420717422005364 0.10576250302115223 0.0754775905321247 0.04313959617758582 0.07364102642971121 0.08493105303787558 0.04144561429037064 0.12531648826889996 0.000684400683186129 0.00032660954880027145 0.05148917711849901 0.10039066465219541 0.08042357883889573 0.013962316105757879 0.13496387593790715
0.09676876603449919 0.04707884839714728 0.014506178333188437 0.13472758296210433 0.07036767355432148 0.03820768656067299 0.01568534535825519 0.011654963169853844 0.09591728761510147 0.04826470948076829 0.053366266598205564 0.012990859598684304 0.0895492442316182 0.055069571856961826 0.13844981506698642 0.000803799925376907 0.026969470825090838 0.06570860806564933 0.013875276606079545 0.003252162692522763 0.0987692434517477 0.053502358541351255 0.011727687292300922 0.13037429884162333 0.04785509934901827 0.08884186134854984 0.010147089795157853 0.0051163481482249 0.04663307691470416 0.03458337040425236 0.007501684820063855 0.07887114134835042 0.06746790447463599 0.09281588623044802 0.052555960454291985 0.012842297361950247 0.026777947633037626 0.06409683976461118 0.05509992836227308 0.0011486623865809454 0.07008079267962365 0.05886373431178885 0.0281801403795591 0.06917943706639403 0.02225362820892467 0.016028038432749626 0.003126076069969821 0.07495741534896748 0.005543149690150523 0.003063146858327396 0.03539186816956649 0.05980759032419315 0.05982388644116353 0.034939500690850084 0.025268343919349113 0.0228897348071572 0.012065481079900556 0.02134943243507805 0.058428637204109735 0.11541310373686027 0.25216689828781136 0.14508746650679039 0.03775137183887369 0.3103594939524751 0.08736284868917521 0.041354100994711554 0.042882958457600776 0.011297999815242982 0.1463999722840005 0.023543853944712374 0.0603488472690126 0.12580067706493292 0.08716411086176566 0.006123641692143973 0.07589104388824713 0.11232636110463776 0.13296800037407844 0.03059195404287943 0.07346435598473203 0.01764145302592403 0.01896651141725949 0.05952580883098177 0.007829546533912157 0.07855059818574991 0.05874144685184148 0.08953315091241443 0.18474996723616896 0.10017964395891343 0.07167158288362116 0.0470416126700814 0.040381463709129484 0.02255226461543551 0.0830089783724416 0.11576993025629079 0.021774758907268467 0.018649066027891566 0.003509651541802114 0.08176971758212512 0.012589091594248506 0.08428902833307933 0.020429819533943003 0.029694892859780803 0.01817339218878076 0.02311226811448399 0.011750569770169483 0.04090171664322083 0.021730152229182478 0.025971143406820486 0.026092532443449345 0.02901246936942936 0.04270865907359566 0.010755853183428574 0.0404854289908793 0.051951217047627056 0.06557103414478478 0.031047744248485123 0.03133002772802865 0.030047145411781672 0.014236476821563395 0.0003790986566684688 0.06001413740948622 0.037728688387525744 0.027936625118014705 0.008598247427657637 0.014475567805620596 0.02754643850972621 0.024795435540261732 0.008485210638682022 0.006317637196296438 0.07054465194857429 0.04094072054636383 0.010222976452098966 0.08369859333104943 0.002571318674152109 0.00014700692812510174 0.08350826858568638 0.08634355498214412 0.043954626436122364 0.04567520470937321 0.06115461847101958 0.02722551839666297 0.0034844684297008614 0.03919961366636508 0.020824296301210795 0.05662421479776654 0.02514360390686605 0.03841752303690363 0.04520505736304414 0.01797505216870666 0.01684547239792509 0.06619375739621611 0.07287881669955071 0.031043515430928988 0.0342423566025266 0.04181305995311565 0.017779130249745843 0.045734760598683324 0.011495694471371443 0.020558731618371694 0.04804987712964898 0.004166497341177223 0.08042863539107305 0.002741483085495015 0.08023980788966077 0.024178889669574388 0.06650804847762509 0.03533205576612288 0.0002903170344649634 0.03937969375710058 0.08164841665175136 0.029539631488173842 0.01982448048250807 0.05999158321062799 0.05312979855963165 0.08839789847747787 0.010030513736927793 0.056590187683149384 0.004145718203132053 0.1779526407021093 0.1530352488550569 0.1037771856036146 0.004073833119085394 0.14112563937365835 0.17362268543255216 0.10550435773731465 0.01586264981170985 0.003085134257620988 0.04552919542211413 0.07252963979200253 0.02591386949300005 0.03147657465961281 0.03108280157362974 0.15532562292327512 0.057369716040530004 0.13095261988330037 0.018038668649973263 0.020006765267391854 0.013324744832942869 0.02697903051444888 0.039513042355671116 0.006380230898071246 0.02568648341390188 0.023046455607198885 0.09901245071514575 0.08324105417247037 0.12052917552770115 0.03418147999751016 0.019158377060268395 0.01180905343392452 0.051179423148352096 0.01839976738698586 0.08631216315437448 0.12577289103039016 0.07729211363908355 0.06294253787836232 0.05303462128947415 0.046678364717543774 0.1131723607466695 0.0013376189373734912 0.013102703316031201 0.045837747583152955 0.00048196961078127864 0.0958784584383315 0.07157797365055095 0.0014125512159756427 0.004252415317452622 0.014609872887679587 0.039906048960143645 0.0614634412673534 0.02153319602485076 0.05906313152083388 0.0008464673983869861 0.06737690406750639 0.010724027340675632 0.06126213613108107 0.030430474580129572 0.017963019445487654 0.020240031971388992 0.0933001262307192 0.013221074366637005 NaN 0.211453325656585 0.07754924394069755 0.34946881515263517 0.14559068049078214 0.037331045807275115 0.05076317794548542 0.06097493382550651 0.21616430268321746 0.11884004922324135 0.11561579826857618 0.1489272149751376 0.038602958615825134 0.050371061560421655 0.05292253886469029 0.09610749731069236 0.10584588640878723 0.0667499719488246 0.051126001869281706 0.0140013796746007 0.02666527844188762 0.0003859674167485717 0.023198687358795676 0.057279592730031796 0.02969561085552684 0.22789451740930736 0.07852045249924089 0.06109591019969047 0.026300601085427887 0.19431680459792885 0.023264485659851446 0.09686890863087609 0.0079491033014961 0.1725770626014063 0.027989499109480436 0.016166914673087326 0.04804838033090711 0.06722790712400135 0.03194961141332548 0.046142458937098965 0.019845721251068777 0.0037789503958129095 0.02530558077711519 0.06414565594342259 0.021813006360532693 0.06951096915648113 0.08023742915025081 0.07845145320685616 0.03283217705835512 0.08446631356465845 0.11416772240648727 0.05478849206747127 0.004319491801436681 0.011597253316118591 0.05586058348877047 0.012084557714759019 0.05654199016221789 0.015089737606152087 0.04868711289319917 0.058233135283459046 0.050135720426854526 0.08285603409975098 0.043857118749924734 0.017814142652177747 0.04031566113584408 0.025278129981045717 0.004990626639733723 0.018973092794000647 0.049162603596812376 0.018389766408703268 0.03393427198157349 0.07368727420342913 0.13348878112304563 0.05175683530395233 0.09616899398225712 0.023017890653473684 0.05950234101621094 0.06507386008812709 0.002380559688566411 0.009547651309693045 0.05723479774157334 0.01230384179973797 0.05112079201260112 0.04890469320635821 0.09369151027498478 0.05256254334286222 0.05232822661206649 0.0760028349383272 0.05254047751159547 0.0504610975444723 0.015631163267906804 0.02573018882113329 0.08301749989971048 0.00593187669636984 0.016615993331437085 0.01644576469434403 0.047587227558139995 0.030594348298188606 0.01839936189424245 0.0021334375498890047 0.03941620910168355 0.08411619077783991 0.02279567466570844 0.13960753669839573 0.11640253486977148 0.13512448488280876 0.06673252564020447 0.09230230439912526 0.08385659450394721 0.06112487052694247 0.02656963372997275 0.0545544621984141 0.03172395962021214 0.026356005241722155 0.03183468727579401 0.008652588671232433 0.11091262939474317 0.11852404939057805 0.175595695734958 0.2543350900620998 0.10296739947104071 0.15667092104475963 0.18966841094416467 0.09483570965256193 0.08316159920980204 0.1489941794347303 0.008378622467085164 0.034918035395622445 0.13777182051929474 0.04426995788784375 0.09474715753930917 0.10768792712529622 0.1376782646297534 0.10323427379083726 0.06535287378269902 0.04000323271145466 0.028437377285734058 0.04088735008737535 0.06251679620863168
0.011225892803159013 0.02313161508924888 0.03223415775877241 0.05602113499226759 0.05524896158026147 0.04063095338712082 0.01479727095552578 0.031123668665925214 0.04416956200432511 0.05289751218767847 0.007683854479656443 0.09943833016216355 0.04031061583357195 0.008371898971217059 0.03708076936088723 0.0527494567186111 0.03211619110334425 0.029071365177357845 0.054508490240783664 0.023529647091634968 0.0797752137842308 0.009485388318019596 0.04501872389426205 0.03882835322013648 0.12258180249006155 0.2857035366055243 0.04339571197148629 0.01563974904524826 0.0324684673059305 0.042996683062965266 0.05279192098493948 0.16536122165124617 0.07154579360156041 0.010931887418987487 0.06695698307952654 0.009692575201373586 0.023178570358537123 0.07767870432601381 0.008703795502992344 0.056258635127758604 0.021938252720118668 0.041199553988950435 0.025855459543398178 0.10150376842927827 0.0572815561005992 0.08884430808261602 0.04333881600910319 0.05708688757803008 0.026938517349064023 0.0053203222732556964 0.019635600395481678 0.01356115598282684 0.0076884657256858875 0.06567391849938836 0.02902995326215478 0.08036883329233034 0.06090085508817924 0.009392826752951472 0.0520550610661321 0.09124343193986517 0.18473632271399124 0.2686122344569187 0.05763198843078766 0.2671261774389307 0.06564524004719499 0.20461053974886928 0.09320900730627714 0.05208017892466454 0.26517937292994825 0.16507414178942156 0.21508470504938307 0.16984802976798347 0.03899494191729006 0.15412209912617966 0.14936040190965574 0.007266998670462484 0.19556269532414877 0.07915072410504904 0.12725513085173315 0.06135322840273836 0.09521429641409344 0.032514014055693284 0.009744005882124339 0.07872222379284537 0.004529971667707882 0.2590693844919465 0.18309505769331189 0.06759197941148203 0.09098460941029073 0.010138373342555473 0.018503294798342583 0.12103910751021665 0.04166762306141695 0.1878484798285445 0.04433354662098912 0.059749660421112 0.0968806420876506 0.11513557421162887 0.01851218994907583 0.022226510619834352 0.02746086031897931 0.019959167466586714 0.0784848498168487 0.000526994765977553 0.04197665622447051 0.07607419270428586 0.047115181393667244 0.09565865892512439 0.08299961197188761 0.06630826944176432 0.1447437549156147 0.07234724958679378 0.015503839833252413 0.0321894010939991 0.021140930532928797 0.009515890504200335 0.03874337235001293 0.046930015774273144 0.02576456096022122 0.10230634877565481 0.022224359570127993 0.08129289576858874 0.017388012953124005 0.045876114323315766 0.02198064571016715 0.0560664982224438 0.06096279476764182 0.042533206820605955 0.12000836863594928 0.012018032218922486 0.14321061768022345 0.07490819802275901 0.07722319814071979 0.00034424198406579517 0.00910157551925381 0.05106700326027193 0.14400396783394728 0.0741221411394635 0.045211359494223065 0.0643450508064361 0.006472850164943363 0.10760471628058924 0.10011843583675736 0.065588622117638 0.03734814831218344 0.019125656724734753 0.0716759929654962 0.014043889666503512 0.13129965392828982 0.07525686205009 0.035362328024838824 0.015072192175504383 0.11427215698514029 0.025809156086842387 0.010051572722979988 0.01567786754650271 0.01570402222743411 0.005898510097403175 0.09323814774087368 0.01937316751096779 0.045219667450866655 0.10226469531932939 0.017342918887248666 0.010930667582396634 0.004479103541566023 0.0200193738145831 0.023982643743820586 0.055097964537009846 0.2001237766202925 0.07891697397671067 0.059558512612820184 0.004146644456073309 0.0029552311833565053 0.055331479437937134 0.07356630555297533 0.03225700091308654 0.11436724743029934 0.011021385107836696 0.29070310698361357 0.1672839529458345 0.04148117328898759 0.05773255374176475 0.1384612660594112 0.12560522915484032 0.10555255336302301 0.00241548807550997 0.0007860073955722178 0.009081233330759953 0.048160811010033416 0.014134604400621609 0.020146710442813118 0.1449883985988153 0.055439814334158954 0.0278166877427485 0.059226556160045865 0.04113237217579537 0.023745238741098452 0.042596831148749896 0.0951028472842857 0.11075244975262075 0.022129644544568505 0.02441162031641239 0.0838265985458387 0.05880411364213402 0.19024677390411812 0.31341044223191417 0.03794343526367668 0.032510065355534364 0.04301990571610027 0.0993738060784608 0.06999840050929933 0.2338241544436116 0.03721396205538679 0.09081488983050551 0.14885331055439355 0.05932889658994117 0.036302858589567784 0.038936380562327226 0.039750392775530954 0.028332581788920227 0.059591095862274214 0.02811687728828616 0.11282105305179498 0.08705491263413806 0.13377741222318204 0.1286522902125225 0.012769424508163457 0.0475324650842513 0.04838449513876595 0.04290559115706789 0.0471450971542473 0.03671131829734255 0.048065614828694175 0.009630621098910566 0.0397262741453105 0.023700614133409424 0.02231353470053443 0.016429281455271925 0.019290954124951902 0.006807075195294938 0.211453325656585 NaN 0.25919744066371875 0.3502752897159565 0.10272687409522874 0.0459089301393195 0.18271239635665407 0.1404769129054033 0.47062592563269867 0.3236123175791233 0.17071824368914662 0.18336324653503328 0.08626627497095363 0.3230367301701992 0.14676955147230258 0.31769741823047704 0.10054378819312065 0.04006471600902814 0.05788045962065636 0.04864496372404498 0.024062541309587196 0.08712914947370762 0.04942689004318763 0.08365117275195745 0.12735427036407018 0.26960796519749436 0.23209748076759465 0.10870851413388581 0.019628796877035025 0.23533031494011908 0.1374079650259875 0.02984130066159681 0.03299192814875299 0.19794767526862547 0.023759815108253535 0.05472595867288796 0.0016306014288969895 0.09880800225665712 0.029871616327481178 0.02572442198908851 0.00510765884261559 0.003224748481812041 0.008333672085017294 0.04347021795155096 0.10816976116583404 0.06335993255401186 0.029245231825817553 0.16844654893083155 0.06684676810196018 0.04366895306866847 0.20044166406040456 0.05745487943808779 0.020174122579828542 0.020221308344009876 0.08058283706878154 0.02248147876023587 0.09475593699231369 0.01890859170973886 0.053328969554038486 0.05908130661841991 0.02038263454145519 0.08065564545461364 0.029738497824101113 0.029176227027652143 0.0648852856029067 0.004130840924862703 0.018648115701545485 0.06391994586951728 0.14777181718438942 0.21778873040233535 0.198784389617552 0.15104035239097316 0.12859269267546924 0.10718475763079334 0.04296929470263907 0.08045335433134056 0.20240081961058387 0.0019514490096526433 0.0869150996238429 0.0875105867782632 0.026685467832705798 0.04487595986433156 0.0955611438979249 0.007364905346533644 0.09203449254325892 0.1430947453003399 0.036042654710821964 0.006169695070869988 0.3190321029340957 0.2672916988937927 0.037923691193576914 0.03346404663175501 0.04684605695799145 0.03148172649680149 0.046745838424089865 0.06490453187433645 0.023864139036561816 0.052590988699176035 0.09416248148842524 0.031709993171003155 0.13518001982357417 0.0727477319954652 0.038217364163673925 0.1306844209354867 0.07301423706021677 0.08501511618422086 0.022089341129679172 0.05261522396929079 0.06163579357805182 0.04637621226968825 0.11471136557564682 0.08416663920533575 0.07094429629230478 0.03898022302208063 0.07788098375183684 0.12568878673701517 0.22452748694323196 0.0682273544437365 0.30185764027298545 0.2486502843985306 0.013395009972534328 0.12359762223457527 0.12915790996759471 0.10363247750758982 0.06943436756191532 0.017158015350086545 0.052809267182299266 0.001777083191130182 0.10906416860800737 0.0767021477119259 0.0011267273253184136 0.028841352137436042 0.05748774687539174 0.09913315002683723 0.06865267707933854 0.057105499350983295 0.011859575940531582 0.05297424253991367 0.02463708706735085
0.08131976308000195 0.05270744472087799 0.010493665200809988 0.027907005677433414 0.00961859921877877 0.05741283062968945 0.059060978244063006 0.16923125590355323 0.12134358907622424 0.0637475349718029 0.04563383480389753 0.08363370299800404 0.003436697351446826 0.012937237561106507 0.14157784129213263 0.06502374198828917 0.1470090386234056 0.1317898720801052 0.0185649485217169 0.0903427893383082 0.17255931559653562 0.11357163194623639 0.09378792530928325 0.09580134836740217 0.14228198881877815 0.20968465790312493 0.02641046267181836 0.006989525161857967 0.12184483563525093 0.18173324301676047 0.008115703186608186 0.019092003355498228 0.14862832681904972 0.11005936851372797 0.04845702034880297 0.12507345967435254 0.041667504629759156 0.1153914096779043 0.11526495281878017 0.01632869808861428 0.02734942696985266 0.07129155810983459 0.07298299620636198 0.043673096383767235 0.007100901784308219 0.006876948902812275 0.13002315393015834 0.1359178299089135 0.1024826510881188 0.06634699251742751 0.10557712387949586 0.15096529223396826 0.10251876626794104 0.0634446641799901 0.02074803594693255 0.011118199105150883 0.03417775386718138 0.12207211551078254 0.08148720750229416 0.14349014772850813 0.02819856683554933 0.2524275091052007 0.3880444334594312 0.08326955515573839 0.050483710920178886 0.23383013884628312 0.08355651525078213 0.07811579599412345 0.08902997706053291 0.16015778913576612 0.011713075382999793 0.10066874226598571 0.007088569832910703 0.11889015634455517 0.05209760973527626 0.12299878403254655 0.10144029464170028 0.15904644139057247 0.015577350525218804 0.03308179795519225 0.12814989589031303 0.002659821572460052 0.08828219066792407 0.07565281947582149 0.10770517587004114 0.14339841154020017 0.14618911435222232 0.017943080389233656 0.16202502773805502 0.0020679859796477558 0.033908322938782175 0.010598636326737503 0.07587054386568971 0.11513535532169138 0.07930944720266711 0.08434165691892502 0.13162333465198672 0.05459016272390045 0.04907767541437044 0.0360935486908581 0.022067596969273125 0.0279869698494712 0.01982924189742202 0.002322043386013244 0.018026845135255484 0.04983205147113426 0.03984047559362141 0.11478119872978514 0.1463293041754126 0.0005543993500455392 0.25369887984693074 0.10372706343726783 0.0119203945343939 0.02358567775179908 0.05761659047641608 0.12636085411451153 0.05509548926210787 0.012333369705445662 0.05498511457579929 0.04166826028499609 0.0815389918421673 0.06361028160840072 0.0002070690613574075 0.14577751519301785 0.01931973597478779 0.04435301104577246 0.021116936912099822 0.003690132356108819 0.02915653215516948 0.06501306338936201 0.014351983778845242 0.18051425095955012 0.04160291489158168 0.04850594249292803 0.044334127310802655 0.02397811354291598 0.09936193729469012 0.10034594002305718 0.04335917490642456 0.09770044784576969 0.03658832317327742 0.03711848175232614 0.07811522876557488 0.16346717524079024 0.019489739085236327 0.04444207003810265 0.021474102060761138 0.1991666989868971 0.20234454397956597 0.1784785740545472 0.07646418780514368 0.07254188812828245 0.03508220284402827 0.021603519561409417 0.0013001905038695681 0.15442717708502268 0.11098938035725074 0.09779725673741546 0.026232383599357933 0.009664213774278221 0.011246070579336296 0.0350838355433671 0.08078937696995087 0.0944870393929634 0.040100851953071365 0.05198711277558458 0.10384305414423979 0.050345013067271634 0.24417374011351922 0.0483846889063177 0.01346284814157933 0.008987243949061625 0.13166455161248658 0.12049652617949219 0.0017496329723911686 0.0268597741167768 0.13191344305528893 0.041486937524758995 0.265719437578933 0.19029641941349434 0.08650828336710148 0.03420536620018927 0.046827572363421444 0.08184801221829711 0.07152120517474911 0.012763720134901256 0.03191191078323949 0.11659970556444725 0.16910032845054904 0.016798835185944265 0.012798681289290622 0.02241247753350615 0.0771204112886998 0.012774909047541609 0.1489237280589882 0.07773299135074886 0.13506643703762214 0.11910283633079595 0.05574680062931479 0.020398571327996932 0.04511404328197532 0.08065384616422845 0.09639195165384123 0.10417492070961384 0.08398117185281266 0.06972662995185236 0.0015854287339214135 0.15991522525612606 0.004887083855661728 0.16822929649428256 0.1380735454383368 0.050343777853084075 0.11257926208291139 0.059176484255906915 0.058311989457484545 0.08752273585060745 0.011454178174150589 0.07338288022478189 0.11937906973437913 0.06902156415029653 0.04363451604383172 0.01555736236652148 0.09671434321403662 0.1299147988019732 0.02454146801127433 0.06072013095406655 0.14883984489266577 0.08135068465679703 0.1596844128682464 0.04867022779224245 0.16463490057680077 0.1563640035957001 0.11010452996112444 0.040490504019536945 0.09485123082140365 0.0036800403911614794 0.06760174404605702 0.06108369384248028 0.07724771754837509 0.027142344108104493 0.07754924394069755 0.25919744066371875 NaN 0.09497438592877 0.027024930795563232 0.08343403234034602 0.03369830622559649 0.08898597170048371 0.24200208937214424 0.23168740857095982 0.07243399875060505 0.021683340079911566 0.05387566629094042 0.18061515801170877 0.05898867236482505 0.04686729133506625 0.08448390164988293 0.08978644517768755 0.02053325082265092 0.03458504603377259 0.012695433320791594 0.017921404326257363 0.07528299369714408 0.09071880546722183 0.08651498447025316 0.09852577506833085 0.04207258109368535 0.03881675570516933 0.03258957765162007 0.1824966781367997 0.14998192830523652 0.12328420269569412 0.05818991941306497 0.07011022778968684 0.013397215526862507 0.012860338739664004 0.11561089775544003 0.05154659586091868 0.0904049242550029 0.08116654463459093 0.00558017797056365 0.008067404460073943 0.0302448035245582 0.0402757740785564 0.02780837984404787 0.0011500021178921715 0.025827460968125625 0.08991080216212421 0.12417890036405664 0.004751139114910098 0.18421298606873715 0.05364279477406759 0.017096306884953512 0.03577698540332024 0.023134296766986848 0.16470763750809883 0.08877562761058977 0.04030989102437227 0.03206294892007614 0.06404511824946288 0.02735723845291112 0.091770683700398 0.09748342073887462 0.05987687376732731 0.08025827968960644 0.002577702123110645 0.07734989948744457 0.04213885407402765 0.004334994738510322 0.061876152659735874 0.011202965675838452 0.08293530920053015 0.07901905580769264 0.05729598905046836 0.001692270035416434 0.10870235376633075 0.052213117932169956 0.15438946615232874 0.05623800516412614 0.026242306051053287 0.0026602011905895104 0.08386138568238871 0.0383647143629074 0.1816364908183289 0.03293053368936471 0.013029334658043833 0.07879659253250336 0.16152999219890668 0.29527106118084095 0.07592790285064767 0.18105880592724127 0.08730797195187863 0.06685659752144615 0.04757208081253144 0.059791241192607716 0.026305460727029228 0.18702384985271167 0.10187636059886357 0.07014221240943207 0.008382084951277824 0.022451160036048256 0.08897230981534954 0.06602483876867203 0.03750658565168879 0.026172274121043337 0.08879083942907026 0.1986742087911977 0.0056434062800403695 0.16240351399108655 0.06599360627117823 0.08201624834846136 0.032803195034835565 0.06975385946149165 0.04704569234817095 0.002220960331456692 0.05118223829480497 0.08411319001495635 0.06451914926260244 0.19706952921752527 0.1874124975668905 0.15076574741350762 0.0021417954112343553 0.01061735181835871 0.033292932566552 0.0006405017216098352 0.02134713929080723 0.1277455330543514 0.10303203277219779 1.0306021302323962e-05 0.08780663025633911 0.17397467527814292 0.057527372946056136 0.0449728125858687 0.002402655745906436 0.003857252736736015 0.08859074661344098 0.03150434631190214 0.013834174560074628 0.048034477868817406
0.012909968357311721 0.0852720485684293 0.0017470933833414182 0.048448907198179306 0.026869830585016987 0.11994169168574785 0.10920989804808254 0.05114901504032132 0.15093606912714266 0.01203660073218025 0.008636226431514824 0.12199716180604638 0.060484393402448246 0.08553894598192371 0.1852426783415763 0.03819804312039566 0.025200632779812146 0.03739131585598427 0.10883452334250707 0.04278791940652589 0.17921024735184746 0.042288699066697334 0.08098427073399325 0.05042284283826149 0.07371617304014866 0.2073753112648943 0.08702264275537021 0.07387842975345689 0.17111618202396203 0.1331684562643533 0.04623031489652148 0.12454017201966756 0.038689369142103885 0.006407984820539873 0.10576830641259756 0.07066392877130798 0.07959172261308724 0.022274120501179537 0.09314841408104381 0.001971476661954214 0.004696394699425715 0.011164603844528428 0.00728671156683463 0.12371085602470858 0.02799758027435806 0.06994020904646493 0.007917901774928855 0.11162272258739155 0.0006621556785494069 0.05346298708105137 0.06208224603393784 0.0965382848045866 0.10922512652492673 0.07994688291549826 0.001482498137228055 0.01618417544113951 0.03698377583909622 0.0036757613221022156 5.772456756462461e-05 0.004305895902849645 0.2150927482217152 0.15450892214027642 0.1171871787966927 0.4286082385045379 0.07771470118349957 0.14277355319636545 0.0077692876244687195 0.04358109297839181 0.16514464615134927 0.04212915915924065 0.13448997234970564 0.1849318011966095 0.09324136760588823 0.09521805708524651 0.157197185923372 0.19112254331087206 0.2756311108216012 0.067806483208497 0.08879409718783135 0.0053010979012457025 0.07480397900464075 0.08269159724097055 0.03963553496839215 0.10238398445329745 0.05507303979818642 0.15588160963177564 0.2825688675239911 0.08426389388864233 0.14267620260532687 0.025087644589251685 0.030491647047807165 0.06144805694861712 0.01836362866390136 0.18895324745284384 0.01664570576504356 0.04736404088484581 0.004027985529238908 0.05073920924094205 0.0569547519989102 0.09286770562150734 0.02786871595174579 0.021567212579074548 0.004525720288907688 0.03830935923876321 0.03735095793001229 0.002261001080418561 0.011005317130912833 0.005293335897159545 0.07763846023966468 0.0562748337016426 0.08850191008898811 0.09015787127036648 0.06692980436008734 0.01260857481101683 0.0435667588057122 0.0002908346900110341 0.07284527478506515 0.054118073817639605 0.05180679005156986 0.08790443230422879 0.02913227323990722 0.02701026873926638 0.0029480379379927656 0.052495073006790016 0.04555321904516495 0.04176276547938757 0.016161894028605652 0.03895360245637058 0.08893469502091875 0.012210677913566056 0.054949785988913376 0.02410478815136502 0.09506359926615071 0.016395066051192536 0.03377750234052228 0.08124397152777241 0.08724690186821484 0.03066354428552479 0.03994007441632793 0.15142325395798936 0.11381871506588244 0.04424878284128201 0.005737163127862736 0.01503218600940612 0.0569565998322377 0.018967780973873187 0.0655053026710601 0.0823310409686277 0.0757367419889128 0.07014433395223847 0.10638614173038016 0.028090593492603812 0.13258140062718002 0.042655600241683904 0.017024323179608596 0.10245682111100603 0.0852885341452785 0.022647647829516296 0.020293508167747495 0.035784345365112845 0.03376974670520248 0.07010640586519777 0.0321493288788833 0.021007356005714222 0.0009112000961387023 0.0294766613685896 0.062216765684415004 0.0637020718616918 0.07876706883202067 0.13553387235840664 0.02794289506823114 0.01013562885266448 0.04918920574657188 0.014820499879614337 0.016930896126672913 0.03079918160344544 0.0337222909484164 0.0051983086983799645 0.20340536215613306 0.20217210841552866 0.016790805284838475 0.053577141134442015 0.046689181037405984 0.13807685724622087 0.07049495378808705 0.10156906401048826 0.07354077564645367 0.1122891130859155 0.14066824388087804 0.08686109049019905 0.04693329932378078 0.08051194181632543 0.1160865149686879 0.09397617410243625 0.20490467918195018 0.021623878144624145 0.030911970193789624 0.021692190292462207 0.05100669644174409 0.016816224493606063 0.09111202325642184 0.05326457486264114 0.07221449072400728 0.09140772803013922 0.14730720440320302 0.3314639048206221 0.034765712314260816 0.01200976373127516 0.07162441712035417 0.005067439008504379 0.05522747524250135 0.1817112700848567 0.14753284094737076 0.08065102109106823 0.11196645324884123 0.11316956122833649 0.004882504929964045 0.11281227472640841 0.00459202796416334 0.00625858754889296 0.04723061065436922 0.030249317098703512 0.08279581691627509 0.11891553598962473 0.04966930986472875 0.03610898426048228 0.008453721162133887 0.005420950080376048 0.00564762580483076 0.036529785632202307 0.12842249050001836 0.07713678174491928 0.14876151592984882 0.012453402025062617 0.02578484281057899 0.011394011659250238 0.0780924559254675 0.04025273714473873 0.048457685173576535 0.07552561179788662 0.34946881515263517 0.3502752897159565 0.09497438592877 NaN 0.20642882569468207 0.025863427023307684 0.01500713886959675 0.0693717851661042 0.34024390521575015 0.21690461316227955 0.20869087156411753 0.1659480722710167 0.08568131417024405 0.1920201035076617 0.10960387250993164 0.18178043622038145 0.18293527904673035 0.008324420817745396 0.08200054977911025 0.01414043620266109 0.03406428671938591 0.025741872546353507 0.001512282057794802 0.08832210247498685 0.06949226160945893 0.32063241685777594 0.15966364386144621 0.05278086604059428 0.08068967434337468 0.22422762464101995 0.07830911888467255 0.08264766917285615 0.034999353852062834 0.2404157516156345 0.009827593364097038 0.04496298044799386 0.060435024811741116 0.12778952742793595 0.06220995312416197 0.07397169888979525 0.07271459792968447 0.1267011190339978 0.05401250693991872 0.008227878551512096 0.1526337240329923 0.11002656573941975 0.033294925103843215 0.05160453172335782 0.047678027542561445 0.07846962268378191 0.13055590034679054 0.04483070238154348 0.06529948375418143 0.031318621042637 0.033973929607160114 0.03086449904749457 0.034619113588709144 0.018383546839967763 0.0014886425587216402 0.07584580257386367 0.0002969221657706744 0.060130485886469374 0.018432810947262557 0.02791006847932222 0.034426071802824317 0.016825157265934466 0.061513214441429286 0.03054210529651776 0.03148341498452908 0.08031217480245403 0.10076817980023006 0.009501963619178006 0.13826715391683392 0.042905237881955674 0.01045789729822997 0.006547073042553766 0.08458033947531615 0.0219930150751279 0.003571866791265664 0.09810057956808235 0.05915903362341181 0.037416082310134484 0.054233924719950026 0.047356010284392985 0.14181152071747144 0.17017332765544707 0.10157315086731292 0.11947321450093489 0.1473908733470129 0.07065666838204966 0.08078543092464385 0.016925747573249716 0.058348423873437395 0.0300427974721553 0.0225659448792423 0.08306023858778676 0.05143820548127979 0.01739225105970369 0.013210357706921382 0.032718568182808626 0.06896099219814457 0.14583871772133106 0.022252942695101953 0.09607720293346476 0.12584893276022036 0.10528437252486754 0.009204136720780739 0.026752960427960236 0.014593915660812268 0.0036510602037737555 0.007394708581207758 0.0494855983455805 0.08097760447285245 0.03688305451170575 0.019898264750750315 0.11201830431979806 0.15682515936605695 0.08410639765617388 0.22656954842165475 0.24010675217860986 0.09506088601276637 0.15362640886405896 0.214264278982742 0.1386409671065764 0.06117155955261674 0.042860652113588416 0.06558677652164116 0.0044196291780437226 0.05019560687175949 0.02212354662771475 0.12347948984544149 0.10479799297909916 0.1734411005785477 0.19197943364798728 0.05591705038332457 0.036901515095455424 0.02863362748972816 0.029052385590160896 0.009645033314576576
0.019308373230721477 0.023434359657353476 0.007467098261696542 0.010672032368212016 0.010827901037034446 0.06279286796562787 0.03176851705129023 0.05387587681048144 0.05406893744281634 0.02913085929540185 0.035650580526457254 0.012181393864115824 0.04944689670324466 0.021550629220192654 0.07498710153095849 0.021392081291202906 0.034381498954494945 0.014764600319066118 0.05359163179742741 0.06597990213565079 0.0604581270680082 0.016223100722974403 0.01751067693460891 0.023998779573113433 0.017657453628333944 0.010324399433513641 0.021494302432226175 0.004338883430142833 0.034678767505382624 0.009139247491728208 0.01516377214550476 0.016003536133461022 0.06408262612403273 0.03494938734404133 0.07877246272124325 0.06470359741103901 0.003995394226087147 0.013454675623054805 0.05807321042216436 0.038303142187785036 0.04247306287479957 0.009652377136233252 0.0071683962851163095 0.026026256623981937 0.08303796489411301 0.06458769858413216 0.06505360528670842 0.07713749599701922 0.01576742700573401 0.011187518883837434 0.051941364228899375 0.10035471097925218 0.04849876817851265 0.06798677716002158 0.00020740661677109547 0.019630301029489778 0.024819673640888256 0.0035648716537209184 0.02236069584800529 0.012267155762964395 0.14659945074176467 0.07227596553297072 0.03088881002252355 0.10579477856446552 0.04745361343517801 0.029192951076563826 0.03580314018654073 0.03418283168411126 0.06653672597496973 0.0033195625956851864 0.03340031915041455 0.07839201587310125 0.0871103037256734 0.0003334000123981725 0.012421535116218817 0.06069545635199066 0.13660229455116651 0.014233237165140362 0.04329074021926336 0.045822983064444094 0.036920870987139635 0.00810696020502229 0.06541179292727921 0.02798755757375236 0.05636767573946836 0.01615376144874052 0.07235372522902249 0.06010960095124272 0.02940442803556132 0.001944838394643578 0.051218826587108975 0.00522896285599496 0.07746566506483119 0.030918866726797306 0.03019297512845252 0.006961436583050719 0.011299453024638079 0.008815393365888293 0.017321396332564028 0.01585420923832943 0.03263726839604406 0.026590262564897615 0.004804781866559724 0.026455492300875155 0.009967408642806957 0.018624140773319354 0.0008427831968484198 0.06613278773778318 0.019116738279167933 0.04617651188183001 0.010726203158769008 0.030745512025989595 0.034997859307067884 0.05365961159593327 0.03914925391126189 0.055815952758713004 0.017666231968061167 0.03018494030995444 0.006218808880383843 0.051099659083709656 0.07615952214069356 0.0664641907581454 0.0453399427180027 0.0066910407985057456 0.0022342978079462244 0.027092319458021454 0.04965616869196263 0.030441631292495774 0.009737537624233617 0.03078397532366025 0.04163354008635238 0.03626388566873917 0.07420025010083767 0.019738514982013212 0.0440359821924504 0.0486519727548284 0.05206280722698744 0.034123660865360526 0.009156163018596458 0.0074727970693607365 0.0024614463523472876 0.040154787646729105 0.06296040682853034 0.03062858422275759 0.011166282072557716 0.008620840534223162 0.058362233552066385 0.06378048742394865 0.026157652267456907 0.010770388505705346 0.025764283590418203 0.06024508878166259 0.019148226262519222 0.018458205808188966 0.011487758959532359 0.03040185720112655 0.00416890669034881 0.0406373361865799 0.01642798501975498 0.030551503575513048 0.012676821690620132 0.03592474180691575 0.0711258463396708 0.009918441681256523 0.00721361246689099 0.0486023769660533 0.009966230140096346 0.03700228709865664 0.03233143460231901 0.01285570271244802 0.09743937584135665 0.004297039857137175 0.029164816729237635 0.007627825069800602 0.05294514917027937 0.08976359757955428 0.01261808192048589 0.02792038482514855 0.07491313716876344 0.09088774977834223 0.01640858834811821 0.04097446625594026 0.04462358695338626 0.007738294105984241 0.01042179727030632 0.06253945160462092 0.00925379524873163 0.06172819758340351 0.09424649269533535 0.04904848858608753 0.008140229365046615 0.02324883055766426 0.023634850142409024 0.02406390999879964 0.06356039733025799 0.07927091658773434 0.01837497121945393 0.01634328302860404 0.05405139059434992 0.014210223159766694 0.025908921038006565 0.044288805465641234 0.024656172109603275 0.0017019376023111807 0.04796404045590624 0.06608410667065767 0.013994087472438835 0.006670214473914143 0.04026551118294305 0.006348634612313925 0.02201425502721841 0.07570598451993084 0.14209486083466935 0.0669935859537391 0.060084635535913686 0.10669251069064807 0.001703318096621355 0.022591389381090954 0.04628943888246607 0.009932567109902108 0.03635220045408953 0.017897823794303047 0.00016440898967619603 0.03368683181642816 0.03153590614254849 0.03090578546165838 0.05031404431100586 0.03600374076421341 0.0006653988411755234 0.03973299237284433 0.06557322644300687 0.08426138677268968 0.06475352337376018 0.04332481032085632 0.036222432461717156 0.02002482097252419 0.03642702398571679 0.029498874162729387 0.04299485495715787 0.0040380990662014235 0.14559068049078214 0.10272687409522874 0.027024930795563232 0.20642882569468207 NaN 0.039016863266426116 0.07013529641532837 0.0539610793292253 0.09385402099932881 0.02242471660330457 0.05337917322769697 0.09846188712445765 0.057289534769688386 0.010713939482689727 0.04095438799437707 0.01988335109732604 0.06562295510561736 0.021401926121302 0.029812455584099975 0.00361667942996953 0.02531989539857838 0.06072054121991608 0.04558350179483275 0.028771985528528842 0.0038875554350129137 0.02202067508723796 0.08943222984195026 0.18705820555666025 0.034861154180229885 0.10345553784883157 0.04996012801575997 0.0573763414733103 0.0006697384546972447 0.05121474763996078 0.04772614372887391 0.01752700605567904 0.11413089412049804 0.017228184231897824 0.012173739711258989 0.060969389944767305 0.05371953205906789 0.055995736052664814 0.004706276156740463 0.008434704739070431 0.020819111565520878 0.05560546352839314 0.01270943588917564 0.05130075165423506 0.02774109603095227 0.015414195085244392 0.050646567064218474 0.018665290110206994 0.07137278972108907 0.0061116865528203996 0.03393577593429614 0.023691802687599444 0.05994209051722557 0.03471798160585384 0.03770761249265165 0.0048826566576348615 0.03756491177967629 0.09593165133372736 0.00501455012768623 0.002363761297395831 0.006226515288155023 0.017850065811719863 0.009861081568983422 0.017566763109776378 0.02644707828208377 0.01446978973255639 0.036160627801041914 0.038656357839878655 0.08077240797700513 0.07167135260610948 0.024455787905165113 0.015356916346790511 0.037228715451588415 0.04718355817113964 0.048058231132535316 0.013822648499658731 0.018753061744166896 0.02034925157372273 0.021945235030958878 0.04464326243575895 0.008275918120405847 0.008060420760449978 0.022661279169691958 0.004261360369374296 0.011510737249396379 0.006469056265618192 0.011846562686929536 0.029112710228373116 0.026253989006773507 0.008248981656478414 0.002606904739688225 0.0398513908180308 0.011729912825981695 0.00675537227828872 0.007856001669621254 0.032914033027002756 0.007677781495627623 0.012461131209033104 0.03558326913155295 0.04958415189269704 0.1235389442324214 0.03252590119848585 0.0027439624665666603 0.015182179099657207 0.07034322320793997 0.0039008488900804964 0.09480475183697638 0.031813330873365686 0.009754029962798 0.04721243374336666 0.023690679869549165 0.04660513225263254 0.031529721376719416 0.04846258093663444 0.06461845237741377 0.08187512110153292 0.056396249307557524 0.009107667631430106 0.07213970798977756 0.05313784352812355 0.04455265845138025 0.0023512071542766406 0.003756669380283055 0.05054717201579582 0.025322797778095235 0.11694646394009958 0.041633092105855626 0.06749752858948675 0.0624501947846602 0.05422741339481 0.04704408040359071 0.02267016541822069 0.022150791372269295 0.01145068556845996 0.0133212387824813
0.05803185407838514 0.08731453670814092 0.009207586408893674 0.11033221068451103 0.1400111110212102 0.08527701408302542 0.060943257309660145 0.1039295521823292 0.045145552861477575 0.05166803317977042 0.014214293580622797 0.11691277321085884 0.0826565740886371 0.08891049668403739 0.019539073969539626 0.06126271492681177 0.020689461297266894 0.037136056752278025 0.008062700225593545 0.11437329545614922 0.09956190592208565 0.0772661370359433 0.06240499506011809 0.03960936243939065 0.07670775136125489 0.007614177241330441 0.007402954064530138 0.10110304780869321 0.05703301725261897 0.05317123492911793 0.029320481140229948 0.043286223678175396 0.06185236849158163 0.08922708095883063 0.022107531436032994 0.03973164693707922 0.021707403556062606 0.014134230228912728 0.08245171111914407 0.017341962390577396 0.06535521807223409 0.06166606692300322 0.0354282096175377 0.0003213758988051881 0.06299799751147885 0.002504716114859122 0.04380800370714415 0.08392829751649154 0.09249328879840726 0.04890207366832573 0.05938716873622108 0.10934393519773905 0.02493740896682348 0.10578971294026603 0.003592571832605423 0.0819100977859742 0.028419514710325663 0.0592619550091838 0.03987371719562665 0.06676246918432051 0.009560001903437735 0.05564710783540992 0.1674221394264062 0.0697523347001179 0.000869895054078057 0.2368957271794502 0.05021021600291851 0.0463759828848002 0.042677100789946035 0.041808463701319944 0.03357609414012113 0.01692164169641879 0.04402980702478361 0.04510721186856673 0.06512612921594338 0.05769436304957998 0.04080651249246724 0.048384801527312796 0.04721573711854074 0.014411726672019287 0.07944695481961626 0.1577563267297142 0.01187913381523831 0.01670514332850809 0.00388404313626026 0.06028121834912743 0.015449057529514764 0.031875296488323324 0.11448463444354653 0.011657244713050728 0.010055996675280314 0.030538825588568696 0.06250848484256721 0.0071516631499864616 0.005215537455831022 0.061941456845122714 0.051848914579778006 0.0127564576446138 0.08810442659306097 0.013087288562945337 0.015932733802382276 0.010786959077648995 0.02440365134316962 0.029104513987862148 0.03070750898831964 0.014799769965427876 0.05804555223561376 0.03597008817904449 0.04438991893783497 0.0329164320271337 0.06661168738182846 0.038134038045502035 0.026029765518774034 0.012130292730985159 0.0020010183111897352 0.07048308215477582 0.011184972117681598 0.02169696608951555 0.007335177062774752 0.01132648554834204 0.027365744567423127 0.01496988371129659 0.01865309858450904 0.00471992670201575 0.06198204957195521 0.02315593052399991 0.006782683887913437 0.007034342416589474 0.04000572199465775 0.020097223989355414 0.02100744744959965 0.02376628274151354 0.04207795507365475 0.0211844767611252 0.06983244970734118 0.008326349552680854 0.10699198288655351 0.018183544435204577 0.04354741211109726 0.08646605701536875 0.006030035302180034 0.04403836730830104 0.01479804174775726 0.07882685926480773 0.0025341167492483785 0.0560138698640382 0.08812583225602559 0.0019166155082660104 0.05938031759561366 0.08273133264232325 0.028927136675506053 0.019438923706317023 0.004873105924200891 0.005857727323956886 0.008677006687098879 0.1011035275030245 0.10654849022639934 0.08015917635711327 0.024320734182518573 0.0037409756991351253 0.0657631726661227 0.012055445214475434 0.0486043757037355 0.08638488384400711 0.06214116347431907 0.12148698841458476 0.027197301809799367 0.019461776622870613 0.11505809352865332 0.05430031959519875 0.0483331047745524 0.010071949171336726 0.07624614277581068 0.016976712122709316 0.07420859141288047 0.06885158597113314 0.017383226952938625 0.06319751052856036 0.06888647866668021 0.006558433753563017 0.06752185035381039 0.10983496700692491 0.06881899074223137 0.09170211524718895 0.11736045629061984 0.08172049118821392 0.05367802172330184 0.07065130815222495 0.07774643222174138 0.008018761996860064 0.09300240085247426 0.08116370367411627 0.18808741049175992 0.07411357096814199 0.036992464243538005 0.09812047204172261 0.065599754505186 0.09862184816170978 0.07612669813877808 0.06340085948319192 0.06322919316210468 0.08891786824366607 0.09835116747369926 0.06659089899879378 0.052962154825138434 0.034058733502273085 0.0350806841949331 0.002362609647632311 0.011036687999618119 0.10252779652293526 0.05951605278544255 0.0001559947902429003 0.10188994552802069 0.0805695126617693 0.07477268523682365 0.14368149810530756 0.0020278829960191846 0.022245777609383826 0.08674569703612256 0.03257609833890282 0.01038147442775069 0.06042946959821136 0.0853035774584062 0.05583260939189818 0.0444048801700656 0.05934501585816234 0.09082281511393267 0.07781943004421658 0.04666662454525223 0.10231428336174297 0.0646280767417512 0.06448870476413904 0.06087450020908982 0.1442086673376733 0.022916004508780338 0.1369126897050763 0.03254301412457861 0.025551946580395155 0.04476676825885004 0.016107200780004306 0.037331045807275115 0.0459089301393195 0.08343403234034602 0.025863427023307684 0.039016863266426116 NaN 0.03277889872938424 0.11393729105205874 0.0767248942927055 0.03248425240540344 0.08829641140000948 0.09779888488499493 0.030998748836420262 0.10702397272174911 0.0812651817380091 0.008712769693722809 0.11343012025051592 0.012268376328579177 0.01542192241668902 0.041734729260979264 0.08376474985162938 0.22281989117985776 0.07824571355012411 0.06035476414661021 0.039004722416049416 0.004165632402263448 0.10922169162171894 0.02241134815028762 0.07664475537347655 0.03240978708831223 0.08662298850210402 0.048142984913256005 0.010694672916923997 0.03928204156437449 0.07114296818691643 0.13635354934721566 0.04722440691316924 0.022669887187340414 0.09385689616715212 0.0003193765079991036 0.0053785265208707465 0.017761518135385092 0.05758112318843509 0.030065414781142087 0.04939634337451595 0.025777768225102162 0.07241651335426022 0.05178400648464448 0.014803686748267405 0.029201791479932782 0.0914751036962515 0.01719405166930589 0.0218004498654471 0.020717936510175967 0.0009875277346756916 0.15654538563021284 0.09094714486484869 0.03844581761030662 0.0641815187018093 0.06629816805270357 0.08476866174797364 0.0480774987707492 0.013901218416426326 0.016886611851499048 0.04353487032574555 0.011227042957913599 0.04545733782495166 0.059742112152210626 0.010278832069627694 0.009473909155876219 0.040281787479964686 0.01947021934893456 0.15221644830585013 0.10600838385543988 0.0030845553047078797 0.1466647919632413 0.1318007353977163 0.13235822229419494 0.03821848163472665 0.0449650921805762 0.025899856928813535 0.040680894913852815 0.08262478485958358 0.012262952152149837 0.05923142088862981 0.05053839691443529 0.03134089933261149 0.07483768201357897 0.06909850980590033 0.01932615010078113 0.07538595684190362 0.028808278421946453 0.007515754557496639 0.011181344684200786 0.005849210642187008 0.07045260583888231 0.09342121665678253 0.061970872852353275 0.039250745823128375 0.005325054840135245 0.049644436725026844 0.049486730319183214 0.02968682933171368 0.10339476098042066 0.0357520879925019 0.02778025006367459 0.005873775398840723 0.052883766391919475 0.0321441721975812 0.1733964952566286 0.05695528242257401 0.0008224201613215622 0.026580269523552164 0.06513075854260333 0.04231151896986882 0.06721351062485403 0.022404096994189344 0.03324625446655096 0.05972433253608601 0.032300034512878564 0.1579519682724763 0.08642554486347112 0.11887592081440153 0.07833694396265597 0.01903336697606836 0.06443572527457521 0.06073336271742997 0.084456410248049 0.08957385589929416 0.059976122085185025 0.18687197415331416 0.0783459442335782 0.11865212578853698 0.05977425146056549 0.01826467459477057 0.06070699226855584 0.03992962510632854 0.012038437805683993 0.11336025351220154
0.036336093819661 0.21437449564901478 0.16736411372592777 0.1621716612613703 0.14789802516342063 0.15915822256862647 0.1491453134943958 0.22438789154719624 0.17932490287218705 0.10675898618259161 0.08893631380420856 0.3554692663685392 0.12261099351881051 0.03552058176222869 0.13669716347895994 0.010819894007203026 0.11223719840612591 0.21748061544506106 0.06001246222397087 0.19446364618070527 0.11231275351665873 0.20962259826747967 0.2511511695232593 0.07030057187412977 0.04836436466402912 0.27817889091844117 0.11491484848619044 0.08066889599323342 0.03520739550895069 0.34215384008219485 0.14758850004562357 0.2798133208130176 0.033532892264295226 0.20128236976172695 0.15319943049115772 0.19068305867245908 0.06937336549785832 0.12739039188848045 0.1393679960552533 0.057471871494890275 0.1007513615900151 0.0660151566072007 0.08763616651420769 0.07624949916607625 0.1544484332867128 0.08543713919172419 0.21254946284906917 0.07555629984372803 0.058853058942868526 0.12900114913340868 0.20746259460823085 0.16654747634922829 0.15697577083362546 0.1437095650453894 0.04703450964937041 0.10880655671084048 0.014212603328970057 0.09258067148578815 0.11993966410067364 0.1761671764662116 0.028544219864310407 0.0797706596805002 0.17913636618151638 0.0073052624640971165 0.04718526484350851 0.05285251118226189 0.5123892099175494 0.17384367070754925 0.19465759719772419 0.19255463897468364 0.23624912652020147 0.28001978080928547 0.20773819362273968 0.07509399555855227 0.3004883872733127 0.2949405675077562 0.1665456764566157 0.03651381922769873 0.009020524470029228 0.044320203714154786 0.019536576914980685 0.16756516461505305 0.15713464533430652 0.01358241155715252 0.10092469145984279 0.0426197482816258 0.03374065715281996 0.03047334526898215 0.09444921483278065 0.003964336564109028 0.15089027494823687 0.04637233464743474 0.03574120603195826 0.042356773028783115 0.012726850273954936 0.05211002184024509 0.1008420029468538 0.07352921211830021 0.08794732288009566 0.07599255895427777 0.010594461734843614 0.02777727328873185 0.011087407484382746 0.024521097545547994 0.128947710438291 0.011554676678996718 0.09965227571007432 0.02586194284981457 0.07827754192294038 0.007812129199206227 0.06354818852882502 0.0021251509629529896 0.010426314235484898 0.004484321501588144 0.027995153767091732 0.2284179127817278 0.16335316928090207 0.027533785547994162 0.010115416267515723 0.008194237096168358 0.008068897703164522 0.0004410467869208174 0.12125332278008097 0.044596950159927644 0.08698412289275136 0.07974622188745092 0.05400335671566936 0.00797365626201495 0.27323277310074945 0.13647542914177058 0.15713482384604716 0.31454870365610965 0.15003985326600108 0.020342951924678745 0.017905304543075786 0.014095604930368159 0.14978368513761245 0.25918811698522637 0.21935782768080425 0.05708728757581601 0.07940522132359319 0.08769704034893697 0.304384208379912 0.02293373991524548 0.07665463070354857 0.1380256924978446 0.04616434189125908 0.2114502073485382 0.10242497306057215 0.4357212535998472 0.2519782847131368 0.023253826386998702 0.0638632522309243 0.09082322423070203 0.008148272608552259 0.22570856734989345 0.3126022426894551 0.16970760024215045 0.20504864590129612 0.15804748220854922 0.009804629316047392 0.21769821939554723 0.06341441018872805 0.09682500862061973 0.0680045274502005 0.12352541115475271 0.16978839704294849 0.04593189173917595 0.03502449109507465 0.08264925071529923 0.1541075502222657 8.846224148221852e-06 0.02662890183381081 0.09384003784081558 0.00032643058826208336 0.1137304711280323 0.1437776466513147 0.05633017356978275 0.03849088003326065 0.1364939562977034 0.07340409967435446 0.23613674403515142 0.08315023194106069 0.14755752525853702 0.1758768779057723 0.17361986355294412 0.20594661286898458 0.20140417057512006 0.2233164617776093 0.055088305535386545 0.060681995785955296 0.3890970607474209 0.1750810067633838 0.06202616881216572 0.13170402285565852 0.061102293747228684 0.12663497706830132 0.25081481020444796 0.06429361149397485 0.2023815404955517 0.19012728063270137 0.20532055002350483 0.254543241838272 0.03715589900426849 0.2504680325556556 0.4190980897521017 0.0010612699324206404 0.22417410857836526 0.030229643036968738 0.4093788295316143 0.07333196024700456 0.2724092846251672 0.11558280921847257 0.2131280735153344 0.392804180094417 0.12884380027922285 0.044066154695691896 0.11810577780987616 0.08807712649354338 0.09408219603939927 0.05065958693882772 0.03585822323001746 0.01409614802923502 0.00033253781129070307 0.18734349466775033 0.12664978303754337 0.2325224452190745 0.059161452751516345 0.0972986435814931 0.09728642416960583 0.16785872824441853 0.12545278510453947 0.18972171061417442 0.14844488562571606 0.022809000982558267 0.08462522158219578 0.05511913049083701 0.044098090445820616 0.045238953867169404 0.026433675681397463 0.05076317794548542 0.18271239635665407 0.03369830622559649 0.01500713886959675 0.07013529641532837 0.03277889872938424 NaN 0.21515086332522318 0.24136015470006 0.2765299554097969 0.3541489421151965 0.24995204161109022 0.2702011382233625 0.37351854929836187 0.3907913327826533 0.3817060407886715 0.258611876471559 0.024459798907528127 0.1128400439969537 0.10601918833998453 0.10903652730288642 0.02286634845652937 0.16298167156627005 0.006070036831969803 0.03380213970303069 0.06052649873708128 0.2538703818406902 0.08373333433616875 0.19851769623291238 0.019700302389767745 0.1321492726387217 0.020701255403114873 0.05811288724540183 0.03962301897477955 0.10132410845607906 0.026886559554941226 0.20480356225722282 0.15336000653381188 0.10203358102940467 0.00641138103547878 0.02406896180021806 0.04155485661045764 0.06322572934134084 0.05034658753970344 0.03003181500469899 0.003865643426187286 0.06677322451382744 0.030545918486666837 0.0400844468937118 0.006848249284525274 0.017584188094787363 0.05698570958579062 0.02017523139486255 0.06021686555037308 0.015519617310519427 0.2584627064996239 0.19328267748347394 0.03501345521150571 0.029595533987156045 0.06930182936637792 0.10237874869930703 0.04627108462235839 0.082588612587955 0.06081946312306143 0.1840312255632251 0.009393263689815887 0.10481622724988372 0.16505498938549215 0.31896086365656684 0.430242132943466 0.10667029217892897 0.3053627758766682 0.29921022590571555 0.10578624260334675 0.0336198406008833 0.11462273814495254 0.08692527569634684 0.21650177241107932 0.2324246725192669 0.1711367892308704 0.0024933392539936636 0.1183197296607184 0.2793615636229735 0.04155845966651564 0.07822011214841382 0.20778662855429353 0.025071145053677708 0.07375783533668973 0.31031543221319663 0.5297258355241663 0.38457246439072235 0.060675451736497125 0.12308439447161246 0.07177553982408048 0.08437568399212102 0.1932805571656036 0.16366417081871307 0.18751470728245873 0.21038719032245648 0.0985580416058329 0.28256751324929347 0.034583831936593964 0.21527501438147978 0.09260509649455843 0.09640593876847406 0.06088227816147998 0.15424997875329657 0.08254499750617603 0.05308806005031902 0.15664905881708607 0.3625598545371312 0.03765564958354524 0.02707332188948097 0.023824484602117096 0.04980788945489717 0.19425695206477295 0.2772977111248028 0.10222517027032127 0.053993389395705985 0.10905983162753546 0.20061779212605121 0.051952123573784086 0.08690805844955786 0.0008549574380612996 0.042543380680118245 0.05314194823940349 0.1295961437597274 0.10864439630613366 0.09299794679126794 0.0031138384230079185 0.26124446236919924 0.133582900454883 0.038700360392632804 0.05073794019374832 0.030213586117986944 0.13786501617720212 0.006943962433202581 0.027010290100023104 0.03765911544865969
0.19114322858817087 0.1706393815130897 0.010731813856914723 0.08051399063454405 0.04145152291988523 0.06435947351348756 0.11150605624931643 0.22518377198575854 0.1606289140735726 0.1535767267745306 0.07303112573525855 0.18141450154071595 0.047875600026939184 0.0257258243051167 0.22633106178455298 0.07070323772263168 0.048224515493192795 0.15760312981310895 0.02028637454669955 0.060891162534974896 0.1233806153399157 0.17995792228771337 0.2181715576757795 0.09631327954259129 0.17460007480849463 0.06603412924649488 0.035830520426324806 0.13826090643841352 0.0467058034600664 0.2962817498183035 0.17701527087625846 0.17664385107701663 0.14422313220399421 0.24649037287694986 0.03934747647193809 0.09441636042496429 0.008458808385524996 0.06420257291390934 0.05022277634173541 0.10861005761541231 0.006622325678470577 0.09789105214420146 0.10238907206610807 0.10359346560698998 0.0026845651683275345 0.04338628984168096 0.2542863817192622 0.06319535569234681 0.1800613295962009 0.07963975320471216 0.24992034369527333 0.18792282266907157 0.13671478303637583 0.14883763210873943 0.08512499559564479 0.13451293369120448 0.05021958869749627 0.057460475925228564 0.04794143991583565 0.13842552539019845 0.0786762679324959 0.04547513256526292 0.021606868498665957 0.10487950136230136 0.08221341543083409 0.19945532953071726 0.17510520279771075 0.48446348159486136 0.33940756999896093 0.18371047978723087 0.30824856307458587 0.17577301178133306 0.22294344992902032 0.024045156200926097 0.17551849805533004 0.24807759088098172 0.04591038783421846 0.2290628781488886 0.006148197746216199 0.006001238565553618 0.1466808450705551 0.15408908783211783 0.08398041324796825 0.12213752211805563 0.19393922203344277 0.1676752142958714 0.059031226366732754 0.02875549719240006 0.16572566873118258 0.006932380714429778 0.1016905162389204 0.04045112880557243 0.01364039966262086 0.09184232162547004 0.018016398392783205 0.1327095176529908 0.0008670364954593757 0.2990729629718844 0.025297120809796403 0.07642519859348806 0.09463549768365474 0.04733519775319239 0.05732556926266246 0.04180600706279474 0.08603892699113293 0.018951248190081392 0.019475749864662148 0.13372535285558051 0.0448106655105345 0.10298133717205324 0.12127599714727753 0.06819574688823045 0.03760175710082706 0.020303134980428305 0.09887169567999039 0.20647625049492352 0.03374163505002308 0.03819377421999894 0.0039061540669278207 0.10738795730437897 0.0341687396655273 0.030187866443034155 0.026773322468066758 0.02455319744693275 0.09788362945452747 0.06927406958801009 0.019024529662818885 0.0899375021333134 0.18375147904304265 0.05419173969336327 0.11175911467753802 0.34433515650230656 0.004904286124116224 0.02235597189504642 0.11173701770747625 0.0024039838184451347 0.007143012358996589 0.16098944656692893 0.1282563462298154 0.0827587478396103 0.1877788876802273 0.054584827573058964 0.04424060914407556 0.17106900553737048 0.030861496113540828 0.002819943098726212 0.036081956657736586 0.26171066214893374 0.12447848557442265 0.4609367077891882 0.3173698250046643 0.014269339447087661 0.05640157299040166 0.12132413146593096 0.03125856650677551 0.19611159017519192 0.24219661379488297 0.08947572829665339 0.18092671852768996 0.08536479079310054 0.06159783488583764 0.2469175059545429 0.04537198045531543 0.05463934078593645 0.14634333202258265 0.04894256434966862 0.10213934038002707 0.04255494919290146 0.14655404099987512 0.023245719066914573 0.13518317400061527 0.0009095573835804294 0.07136791357790051 0.059989661164074976 0.027693897624614366 0.2367461334497077 0.07079630531280404 0.020924736401775553 0.14996404035305783 0.06276772634978442 0.19717980832601809 0.12619960124881494 0.01852561604167619 0.12693797857303235 0.09196169520096309 0.05758103098195293 0.014781279966922425 0.18319418775884072 0.17022966133992398 0.05431459777614572 0.004589385441718994 0.1943617822029305 0.023784811078576423 0.12282327156357954 0.18279660652210802 0.014684789905863591 0.07481794385179512 0.157064533618024 0.07615916819650226 0.06575017562017198 0.0741653206556469 0.12479170945180648 0.2014149108456108 0.0879002578714079 0.016415347603610277 0.13135964474290668 0.11470640153243367 0.11224374870603797 0.17768184690723873 0.36581322527992277 0.26549898739247685 0.049061316546400384 0.2320574274304243 0.222230842928738 0.3004876348666031 0.0966638285393727 0.033897652332670954 0.05927630530118092 0.02940391455623305 0.14162880994101615 0.033099672575279716 0.05216950828339194 0.03294073667657639 0.047045247836851725 0.06282184439569911 0.08821421155235416 0.2688167248398966 0.06976076632474162 0.08535068434103256 0.004727800494504386 0.19398289730559728 0.18842546462815413 0.10414508715097388 0.08925106503164999 0.06116026510343749 0.09161853187260857 0.027310493389848804 0.015009220685990214 0.05116183490143816 0.044108274334640374 0.06097493382550651 0.1404769129054033 0.08898597170048371 0.0693717851661042 0.0539610793292253 0.11393729105205874 0.21515086332522318 NaN 0.19349151446396212 0.18401526033902918 0.384170997523272 0.44029187098538075 0.2359845983739775 0.05671576932912406 0.16200872762027754 0.13104561332616654 0.13068121499137883 0.0413962934787709 0.05680984212509513 0.044374801099577844 0.12033633758244777 0.07708546095356926 0.063317380345373 0.007457551575307118 0.15903360787587914 0.05679504954084485 0.2635488998078269 0.04975309576252405 0.07419252223807639 0.011068745495282152 0.02875752606537215 0.012567082198643503 0.021936811572202713 0.08222846522841573 0.041991888908035784 0.081865959325241 0.1158303975552144 0.3008035394120066 0.025073890055699734 0.037201539018973474 0.0981168925661295 0.032013718687915735 0.031507607887619866 0.02572740832642908 0.02244142854584624 0.0013638977084779109 0.03426740075886165 0.019502018381715218 0.043261214357805534 0.013348540017546819 0.04556627053391019 0.025334225062598366 0.03477035008351875 0.057660012872960194 0.004105973782416203 0.1594987486249992 0.05048436074301799 0.11385354129266617 0.07414777881392615 0.09242029870381088 0.08671844249944487 0.016851044536701432 0.013663255022336783 0.02377726616336035 0.11750052555926904 0.024061171775869722 0.08018352137723277 0.12847931370520285 0.22116293060602069 0.2104217776204336 0.07730061508306613 0.22063711460896104 0.10772361141839623 0.08220821025500544 0.09642277441011435 0.1064814726865343 0.012795384197053204 0.17230060371864528 0.16130287497948934 0.11327003316734191 0.13004182428755076 0.03323238394819729 0.046153569879387256 0.21671691753646957 0.03989482785421835 0.0012002258326372728 0.05563239380067645 0.17674192081302337 0.018719513334343255 0.46263601862317555 0.5275884615535766 0.016931820738591903 0.10843941120599139 0.04686464669216498 0.07906003358677288 0.037513582725101 0.1383222589904604 0.08572682613221876 0.148851582512329 0.055718226260922724 0.1777400748859316 0.09115430428626917 0.10234258125070768 0.07982578872308213 0.001397391685283152 0.06138791164416329 0.1542941712976506 0.024271647032092985 0.08237348911980778 0.32960584095030165 0.07726408962977574 0.07049960894922236 0.013719904495853575 0.036715495088702386 0.13749338680396544 0.18304267249820058 0.11278814887574282 0.01678885605879984 0.0324733796289975 0.10168130726239 0.0399907265860434 0.0010344563622330441 0.028089562561898037 0.002730422506784443 0.008591492468277747 0.0284079169798752 0.14780002935942013 0.04241749173258331 0.06679885216026936 0.05077891089351031 0.012914015305860156 0.00328962931952826 0.014811628477529013 0.0648042046294173 0.045909816218852845 0.18032029274365138 0.02956343988549997 0.012443226921907047 0.07039068055189934
0.07043178681534604 0.0233215582985926 0.04167825734534052 0.014484655581296179 0.02330160113030703 0.06745826995888639 0.025240757232807404 0.011225859337481733 0.1728555211718549 0.24700346028061318 0.027866409219275783 0.28598652668171254 0.046124666433519895 0.1630898710335835 0.2016320588028107 0.0005719900617443509 0.07677051874115928 0.10976222175370264 0.09000901110961049 0.03230611878443601 0.14311968015110085 0.0749633432471452 0.03109215644514352 0.024865833376818667 0.15421985501545896 0.4620601231435511 0.21239373212001383 0.06332415181775097 0.23191637693190642 0.005698404683277793 0.11504701708791348 0.20415189676621412 0.19580249274680872 0.011275839085442586 0.12548488705718971 0.030013194133599513 0.1662434973432691 0.10390882362653531 0.08700509679298232 0.019341087931280986 0.019892569413735288 0.10629628640741208 0.08007973673504984 0.04534202974508787 0.09478309653299324 0.11591455745023246 0.015327177734509017 0.11498418346010525 0.02470860545101643 0.09025560392431146 0.005523339757784332 0.044710903317891064 0.11006602704387942 0.06461984364866032 0.009394273088294403 0.10793934448609206 0.0035328813468736868 0.048657335050848696 0.019185300751464237 0.03918808010322832 0.09092832886309563 0.13969550123424643 0.04020492915841228 0.1577289695249308 0.10504699423869618 0.22766972697624702 0.009032373793064126 0.10553171468783336 0.6335264709672591 0.44332701559467474 0.34299779371983424 0.36941211790304535 0.15137657889534897 0.22945696759847123 0.4772317440984166 0.13619727550308863 0.3340191389253945 0.10051935575173902 0.18204859131466353 0.003623215960764857 0.025879146100827147 0.10621367581885846 0.236809667528841 0.16584487792586267 0.17486694067992628 0.18734972039424702 0.1190952501048896 0.09527971025920226 0.0889497429450785 0.04151211195541857 0.13239302897171418 0.08292168577516684 0.011917309532361819 0.30670024158283493 0.11907069786087897 0.113275334550687 0.24075543274445077 0.16091275403287897 0.06891315505751083 0.13301268069513758 0.04981876443472462 0.12762523655790176 0.13576900269712855 0.15074572000585454 0.19365030222832086 0.012791485464108698 0.08201572112642759 0.004279541625033152 0.12792883856748624 0.033231627815355505 0.055782106861083 0.11845832645297917 0.008167287796869553 0.053804686917597495 0.0018477611215465687 0.09652523361754106 0.05725063896501697 0.07672096717083371 0.045238314534656245 0.22008636232898945 0.010981566575856689 0.11143534197149783 0.16751581739284416 0.001599040134998599 0.19019409725761646 0.08328202084518774 0.0025708922888161016 0.16102234305115576 0.341770393554916 0.017344739287383754 0.37562455227241914 0.2260040112021803 0.2278724965589325 0.037279362540436456 0.06820086060950115 0.0808681217898863 0.1974531557743136 0.1362018854620094 0.08018813549205252 0.24656857783201513 0.015476483284644028 0.09576256835957693 0.19203191502838424 0.17067215536339167 0.24492503893571463 0.0014696655011010428 0.22312273444839775 0.12320658633914443 0.1510799354158764 0.15837322870782278 0.14960176580196954 0.03632481862955835 0.058902838667186076 0.06244649637901197 0.017035952470065993 0.045540338685841716 0.08439134785069126 0.05154407719326456 0.09415521363272741 0.010879795907259935 0.2038707696929821 0.030957958627802498 0.04922700092868389 0.08299917666812619 0.028446413148997984 0.05430445165017896 0.12019635442570475 0.01993412775334852 0.07772953055486373 0.21994771184299258 0.20349318277580844 0.09080732398274412 0.012146690596711477 0.058965707911072744 0.10517016610489498 0.1909309995655066 0.03395895358926219 0.032384397199934085 0.1572028341560015 0.05134328438834916 0.05609701197842741 0.05506107462664456 0.011179522906222952 0.046903771886340796 0.030253436125084413 0.008951028319683441 0.0462155725729991 0.09847913958860145 0.1391071222030963 0.16218289194784227 0.08373570011237652 0.314620278183394 0.042609958039892454 0.2198093575097856 0.2037479839573472 0.07225503208465398 0.07749055733403458 0.1808625254072297 0.1289742888563986 0.1129188234430159 0.03483437403710009 0.09426461819653813 0.007020206238497296 0.05350152759427146 0.350664322373262 0.5993098921962063 0.102105319657109 0.13836173115690215 0.2541054356897905 0.09216171398174755 0.24528433348530612 0.20880063723681616 0.07385862594274407 0.06621819285483482 0.23180015208979377 0.15553881552061413 0.07386004713679814 0.15670474601004042 0.04666309533648886 0.007753352164244079 0.002313885126542116 0.10162148369395142 0.040737647210989755 0.0015988426426416086 0.2137810915092973 0.19248001192355624 0.05524861851694566 0.07472337218725252 0.05839059809844858 0.05047148825781003 0.15351247950233968 0.13189730505775918 0.15859004126194925 0.04203014953222942 0.07077075525374432 0.06777402348163655 0.007250444266464502 0.06789139603829784 0.11103823564472841 0.10670075872056407 0.21616430268321746 0.47062592563269867 0.24200208937214424 0.34024390521575015 0.09385402099932881 0.0767248942927055 0.24136015470006 0.19349151446396212 NaN 0.6520631298276632 0.41067242965718453 0.3262210188021015 0.019288085270230466 0.4340091625368559 0.4743685092076681 0.5655058960779393 0.13950467529154695 0.1531016407633556 0.05777604264079737 0.12683979254499647 0.021580887997354838 0.15262651599045332 0.21595422748059084 0.17498861647404843 0.1503343829966002 0.1389248455196702 0.2979335395600936 0.17924115683675362 0.12595209797057258 0.2992608099600745 0.12398258544041825 0.07080200137548939 0.06010107046796793 0.2987232417152477 0.06263235883462313 0.10838624277960812 0.1719604681168772 0.13282101365985696 0.13012169435109738 0.04090181943634931 0.05895714074577289 0.08571423724462766 0.0772161405710587 0.10790972279043683 0.2591939440919156 0.0813726553737333 0.023033052136324426 0.0007240183294289403 0.0898427723288123 0.05026543529052156 0.12381793259368042 0.009157693987965563 0.050356785654945876 0.09313466740813675 0.010772427538708721 0.02242911160180375 0.1667222481621483 0.001499172061677628 0.0845835727826136 0.07623046562042692 0.008819301618475588 0.09620746805295287 0.06002562946219855 0.1492450942756712 0.21840546956285728 0.015900348950481365 0.018071515761656942 0.32609860338428387 0.40107929939484455 0.39880293213383633 0.3346484288726807 0.4161699252618718 0.23364680198985432 0.1274140701395077 0.16730102466098581 0.01564101558545137 0.2795077854767203 0.01184917655546449 0.17150628836307655 0.12254654196898421 0.02075075494339653 0.08365614141956954 0.20804640583412293 0.25671884903800957 0.3035356276716395 0.265290500811016 0.15615165588024207 0.11177646865511007 0.08617981351938543 0.4958925081581902 0.03162305835560966 0.12415607964636678 0.03484556370433695 0.018410665111609544 0.07045446860532834 0.003568190979752124 0.021440714608623696 0.06651904857679296 0.05945768138620606 0.10884575368035089 0.19368220525873422 0.07554332321563093 0.16735529164251547 0.1487011240421189 0.05677424449955049 0.16948453207166056 0.018905677156607188 0.005319911453264216 0.018012911631949312 0.08044985599698133 0.057640640732456186 0.21137102197722754 0.018508340652679263 0.08903475025803208 0.01703302395941417 0.33444964994606385 0.1864151359039661 0.011437869806361368 0.19952199968503276 0.11055416937950764 0.0894532622578792 0.02498450362238301 0.05037342942411182 0.017133387525958756 0.048887572262261376 0.027533656605766878 0.1544091694458802 0.0802076300028591 0.05167488321382517 0.026296457092875793 0.022707823579954895 0.11471354990013702 0.020267583167730762 0.030291719242632627 0.02860404884466129 0.1718276821292211 0.10577361189815418 0.08171871218472553 0.025372474278131652
0.15460224415628432 0.04412605525130287 0.09106731793977144 0.08800928414242976 0.07121461023547486 0.08893287305306997 0.002645671019885096 0.012395691005699552 0.10815793073503137 0.3014536696458473 0.004747270067612929 0.3141592497643243 0.10754846170661005 0.15950129580411848 0.24935782921834834 0.021787244097250327 0.02828519556658018 0.1317992441435729 0.09303367022469329 0.07136605844763072 0.14048046172264117 0.051729035494555806 0.09879422404417103 0.13288036859971805 0.0745655795328845 0.39306477492502234 0.2411519572444373 0.09818953875655013 0.2539828594914879 0.02878592657472927 0.13214498758636475 0.11120876912615928 0.2076665631189976 0.033413617470155456 0.112433049819912 0.053269482475962616 0.18382532338386398 0.16041897612210984 0.07418888333641772 0.025866376745138326 0.03002182919076798 0.07793231289608787 0.05427429661736983 0.1485701666962369 0.11449949370926818 0.0800720146086882 0.04948754317972825 0.15625551182633668 0.030840641310875477 0.09754854140255949 0.04404496926648801 0.02570514153913062 0.09759932092581401 0.09544177140888153 0.04320090996750564 0.12351269098491773 0.037395224576717664 0.0010312092517438384 0.09651171308423272 0.14442464080683293 0.022983097183357677 0.06270047701116573 0.021063649434372687 0.14476289214873966 0.09104566975817212 0.18976618009403098 0.007781772322385331 0.10005747181217738 0.4799075115517607 0.4246448642587317 0.3164613559473975 0.3620542421932716 0.09867902157998774 0.15111931358332573 0.41277234129266505 0.11008921973150902 0.25604247787054313 0.0766980823021659 0.16600921774350852 0.013909565447381578 0.06479479839161584 0.1266338167357195 0.17661802466961096 0.18941165545378003 0.21631193113227418 0.04837106832332172 0.07777345270113047 0.11036610857682617 0.07466824950786383 0.009614077679995883 0.0775026064349353 0.12871760748957814 0.034301091641652307 0.25953972542523235 0.15294941595352526 0.10725798333573346 0.19247934224477406 0.14861698141679847 0.10065913167668146 0.14146990796337885 0.0626439804870597 0.1939498840801103 0.1613178586717224 0.13903529602006443 0.20818427627847977 0.007023912605164595 0.12253874389099756 0.0242075253557358 0.10591854344631957 0.031382323539570635 0.04973218606288085 0.11422906401320715 0.013859046776940349 0.05866096935581536 0.0015205069050596165 0.13235218971741744 0.02629166083316879 0.0632979361030503 0.03455056279455493 0.19449500052832544 0.07087529556981662 0.07413170581360537 0.18334387502924746 0.02381525626203662 0.1962618990603395 0.038158464837874474 0.002631388517238524 0.1460244477686586 0.2928083021738999 0.09513840089829172 0.33994014269199035 0.2546221400710648 0.25984721190251925 0.00752475533706972 0.11195710045668093 0.04746813233899136 0.14701518871445302 0.14643930388331733 0.08559928262474935 0.23312357229140315 0.029793621078456817 0.1471426580023796 0.2415840088959552 0.157058743990918 0.243335423853447 0.013355419249503259 0.16608118649796094 0.18016094899655807 0.17620553447639317 0.11975238557284434 0.09203016480205892 0.07694497505867007 0.03421193386572703 0.092212499858179 0.0297125670880422 0.0020606223410674627 0.10837849518564387 0.0230196643097246 0.040776236950918233 0.010824296238024876 0.18882061678477632 0.012169593782396662 0.047464195516294376 0.03637091678362695 0.03254150431402095 0.018618452673228408 0.1117217403232572 0.008518960257793267 0.016918010998828028 0.1952253323843719 0.17392455225299805 0.07420135189488733 0.023829001290640493 0.11675473511682127 0.09450671407353498 0.20827289954686726 0.0027962763606143057 0.04311950445415357 0.03083222181519835 0.027966695547551008 0.12605505181877935 0.027152075490269944 0.06400601809996187 0.041415066238767645 0.02584144787501199 0.05705379432269604 0.037561108095946705 0.08421467060116528 0.12068050294994787 0.21000633312124356 0.1091111087384398 0.32662871316455794 0.1289930736322978 0.23706169433441326 0.2157533461804384 0.13711891030485007 0.00023633329778154422 0.11627896836589194 0.17789888399861384 0.03871944668109978 0.03517613753938937 0.03984143210837081 0.02420912711083796 0.13977756116251597 0.3429253032590154 0.5940225200630042 0.16684432565772078 0.24630460840367566 0.22804089797008714 0.09513259736545712 0.1789875101136933 0.18677262964969796 0.02868588347479496 0.08812041613651063 0.17670327676988215 0.12206591029730714 0.12510909012533872 0.19700666215167262 0.04710518733693477 0.028541527303086737 0.043795327620039175 0.05880831401350901 0.06314987527587197 0.1019099976692983 0.23872171047630866 0.209472999003994 0.05224655270368551 0.12137696823843806 0.07683634006869235 0.07734073547031939 0.12367819806063161 0.11703204722035586 0.16330819409669622 0.024253666393598536 0.04600379895305374 0.07813443272950801 0.03231231963569277 0.023407373020900398 0.16502810283764088 0.14345009923920352 0.11884004922324135 0.3236123175791233 0.23168740857095982 0.21690461316227955 0.02242471660330457 0.03248425240540344 0.2765299554097969 0.18401526033902918 0.6520631298276632 NaN 0.37067497424575147 0.2714689373089556 0.02361150616327992 0.40402718809126864 0.44289876949077056 0.498209708359738 0.06164315833831148 0.15634173907428636 0.041794533847169586 0.05868533247612333 0.07088938670745173 0.12097056510568302 0.1542551869412411 0.22300125722387426 0.1660442103234723 0.013285471799323753 0.18845673203352217 0.1462650975717195 0.13122759685168037 0.2405266196163812 0.15525725563939496 0.06436042559877131 0.04867431094546214 0.17910675325101894 0.09195090423963952 0.13337571960768552 0.16019130009733137 0.21995272570271862 0.12703175984649528 0.05496594501205168 0.08165911634519653 0.0805890542100996 0.1269780911031674 0.17271399331916737 0.23027649939987863 0.07853203101840632 0.12432316686016322 0.009957450939942002 0.07860455735135495 0.004437105637995133 0.062130893227113626 0.01915688810068835 0.034871693640503965 0.06628610426705472 0.0028220847607428566 0.06745114571475716 0.13941814596902646 0.04599711978441835 0.056718109835249345 0.14219120675819236 0.055217661870544235 0.015537362458582862 0.08135634291968041 0.2072592716773135 0.22886012664291755 0.007438740218461414 0.022559412557643956 0.31912949285195324 0.34434382199642727 0.3217523465437191 0.2881499886792558 0.328162504368317 0.19262600954850279 0.05897658023870146 0.08636964333993737 0.011522799097498267 0.24509491647981613 0.04498412300617196 0.21180488750836715 0.11682285388554743 0.03833365758494974 0.08242963639104438 0.28811162280853486 0.21308542037291558 0.26415764733425146 0.29377442643008544 0.07031251289680322 0.15323153433993053 0.07410607063050366 0.45432621281544533 0.06663580490214271 0.08582598508099187 0.0556451707013036 0.025788884363613592 0.02690244602968453 0.04374845918275343 0.06290639684811014 0.05313150588632252 0.027135222137519364 0.08703403925604644 0.17742635448117855 0.13098202786602414 0.0922315571441667 0.10838449975192962 0.03256128866466489 0.12405532531549969 0.04898824419602416 0.01599555534700828 0.04772670863101666 0.09281658720217262 0.049264337682204416 0.23547958216977813 0.05381364148797305 0.11272991769485859 0.06165783867758769 0.3291982922102962 0.16241337237375655 0.024525757904931694 0.049864327901306044 0.07872405198956803 0.1470216566574107 0.09417569242833251 0.033018174044459246 0.060049507894161 0.04944642989497433 0.05152765200231492 0.13702635131971608 0.007778530883751419 0.0007821209876443545 0.10922799951426307 0.0451302796109173 0.16887599501469175 0.03526033338518433 0.029124037705087136 0.032370840906967666 0.16332952157925762 0.11171891132118683 0.005205135987571362 0.06882636457117877
0.15986623173667955 0.1592158152637774 0.010519554603318042 0.03303995211901509 0.01588336563282345 0.03405147903540569 0.11162996553614976 0.26451007131268284 0.15853441591548398 0.28092486642651504 0.08560717801446123 0.34768094839241803 0.026827718171234877 0.11019707796585389 0.2890835955270196 0.009325870530828747 0.12019148928169772 0.24645529542398859 0.04610332428672415 0.09236991402376786 0.07637747042305759 0.21585622209503819 0.24666311401134045 0.15530656231209455 0.10914208985641613 0.194363567918112 0.14452509236530445 0.01619561443838689 0.1093656775141761 0.26571557168217225 0.015544081815012588 0.19233283683764293 0.00043301307272804786 0.20902224577010642 0.07640333778795749 0.10173260328242888 0.06448845846505472 0.17343069624460974 0.09441568809900747 0.14614259384825415 0.05859700315483594 0.015715688419732612 0.12605897298806415 0.1674768058193056 0.12156131076332696 0.055612205896882094 0.2663391850195412 0.04238761711049149 0.12189736205467286 0.2090274123560484 0.21032487640273556 0.18496380308654375 0.12182452187248115 0.2597310959759883 0.11327517108476805 0.17929745711015538 0.016420657443271265 0.11720879972902279 0.11265093676202435 0.2179795110632706 0.022870865758576213 0.008656162234543678 0.16579924635403764 0.12392973871196693 0.1296496748863893 0.055393672717755346 0.17297300862932338 0.3063627463793169 0.4071393482928953 0.2853648516878492 0.2995740690758127 0.3446694202698137 0.08867917292785871 0.03425300608493144 0.33371959421747904 0.20744618854131416 0.07622095991286298 0.1818831676650105 0.037727689671127836 0.027830572841321243 0.1129326501392716 0.1397804616848443 0.08291134843610347 0.16734599236872968 0.19493313851753313 0.12880084229284414 0.06333679952193283 0.11043497940729133 0.10383295486408824 0.017965428339112684 0.024311558497862564 0.11853121155078263 0.0223911443282109 0.10009521707674643 0.03897764300334287 0.0007690902304428271 0.09168026250859343 0.0789124767280646 0.09353641719412084 0.036685268440842835 0.06569201673766044 0.007758721678071324 0.14207466413296174 0.0817783096911243 0.2002660317105136 0.008122440775577363 0.05810901169490584 0.0844236775899029 0.01318432169879585 0.04383492120815833 0.1277922822585273 0.032683394191038766 0.019137376840321456 0.03898370468952047 0.07110981429171467 0.2668422900793506 0.09949083194848181 0.0419174959889353 0.005234923371391166 0.12095961281982673 0.005827755414877804 0.08841090385720353 0.12926545654748475 0.08378235970845 0.20451849254684312 0.08206441638652484 0.0395988982036958 0.14473276928985773 0.28516573211952917 0.07574565979694727 0.2618857075235489 0.365940932430323 0.061210430376542106 0.02540191262868597 0.11472127450776498 0.07998278799555349 4.86087014259084e-05 0.26721510491497436 0.19549002865082082 0.06536554674090092 0.11210969553655874 0.10270185635992495 0.24668008155806834 0.15303292947372366 0.06074146929386591 0.05759405566884605 0.13324297795637885 0.2944899154150657 0.19958174580847787 0.3480179992417819 0.13148026827745493 0.01572101420943152 0.03756733748352374 0.07421832120865414 0.014262177814616549 0.20257684866784473 0.28383579376726026 0.10411814745806927 0.14694397938006945 0.11324038227902568 0.1694537487840316 0.14928356640519175 0.07011404278608677 0.1609383676952461 0.05325335051026806 0.0890631389792604 0.18463544154938039 0.04373476984803809 0.1571079543916345 0.08838305579881342 0.18489989675462287 0.013385135505369166 0.09857474466460606 0.12103653541016965 0.02119744648492094 0.22004192703075295 0.06391557783268766 0.039924192575515535 0.12116826338895349 0.11287713566124201 0.13557176587159964 0.12793620366064126 0.029191208647408044 0.06485104498796981 0.04597612108382145 0.00032225548212675846 0.07599450589951834 0.14963641190248855 0.1359284401706198 0.11928323773922929 0.0534895540137224 0.3132100684054313 0.009759180027336478 0.20332082611189295 0.2836936592046431 0.011674414590463165 0.09946048047431033 0.23887662416471353 0.09277067725464522 0.11970779362606318 0.09740415247846103 0.1426945318244847 0.18415339449603485 0.14242768541212286 0.16220599212654382 0.3832788273869369 0.05318728652501793 0.29140029943956086 0.04830803772826735 0.33352613138760845 0.01916705355290167 0.16034423244771034 0.14726674001011258 0.2258034875779888 0.32670586476414454 0.04641424855156772 0.07205175179773074 0.19673175232864765 0.03211815227018751 0.13896845421080914 0.02115844543689558 0.029658086282030784 0.055464177934500015 0.048220710614896675 0.11564466778875288 0.07451978404968197 0.3155025851439254 0.04901081039503516 0.07014614338373483 0.058770978143396595 0.1607049000707061 0.13938172347159575 0.06815908234688353 0.09098504247778436 0.05450160603268712 0.09484282154344366 0.0647398804426064 0.004069773305014233 0.1661985282395433 0.10116093976499486 0.11561579826857618 0.17071824368914662 0.07243399875060505 0.20869087156411753 0.05337917322769697 0.08829641140000948 0.3541489421151965 0.384170997523272 0.41067242965718453 0.37067497424575147 NaN 0.4323794663346426 0.11757369376784568 0.20950381027180764 0.3489295360538075 0.38381637601058366 0.12119985907742743 0.0905380184165116 0.01034378974936888 0.04706338497371071 0.07672052574169365 0.04760830071427286 0.03559594426237724 0.12063204345482852 0.16657702002943822 0.026007465521914703 0.35001583467814 0.11638124619223969 0.08637830696887847 0.01950549800002925 0.05217809541583343 0.09051618888315625 0.08899371549524616 0.13002115848901125 0.010795530898968668 0.006433406160451497 0.049054662339751844 0.2708237356386545 0.07565398103319103 0.041379324834373614 0.015620415297727367 0.005572413239902681 0.1391584056251499 0.11196484953260642 0.12789550410237552 0.023121893995430964 0.03104825269016495 0.02469917878436439 0.05358608082303083 0.08637180736059179 0.07042492482100339 0.013903523227121824 0.01900085928649645 0.10480468076844669 0.05198220420323732 0.2439253973161299 0.030325897127965164 0.05192829963804682 0.03331095414079475 0.13448421817874404 0.03913589219486461 0.011507097293377167 0.10281039505947125 0.09668999023549321 0.2307140319646405 0.006147810072725005 0.000325807314282193 0.2346748386514652 0.315296403789999 0.22760077373000326 0.150613525196113 0.3720583937062528 0.09669998612314926 0.08046421971817633 0.14976910885561617 0.09606538561220078 0.16211734230481287 0.24394368985223042 0.2023899589827293 0.1050304399624819 0.06861947666474466 0.09453087048096138 0.257833936834145 0.1851834804285468 0.04004516239947784 0.21383303993713706 0.09500728079701265 0.21888174059709686 0.048484948566752804 0.49278132986621476 0.31603814413261355 0.10976815656298276 0.11396117085797466 0.009817352477844992 0.003230905868044433 0.1189250286765085 0.1372315299088468 0.10866196708323365 0.11014617757657359 0.06524737080474438 0.19949953215334396 0.10445442883462548 0.16926606698257188 0.20408133283007843 0.004230035252063537 0.07644462302513516 0.16820688817768767 0.03811060668296795 0.10894832853305626 0.1523909419169528 0.004537351758488978 0.040755470559419804 0.0641340628449028 0.07033419855187847 0.11717568502971595 0.23302951635610444 0.1887133605470936 0.035290351706896414 0.037825913817034096 0.054751758050162316 0.017938884155559786 0.0408915252102456 0.04582886395740854 0.04449533908763401 0.006546565276679624 0.008074736942160935 0.22124419121923716 0.11890416520240085 0.09774174337502688 0.03142810084780579 0.12110481478051369 0.02324852183946868 0.050141738018051614 0.1654296415936917 0.047449653430661015 0.2155883274290733 0.08333628701035191 0.009012156012934416 0.045427691800555364
0.22670964210126238 0.1852952133483058 0.05378316584172105 0.08827642780467336 0.05795866263797516 0.025286887101487465 0.10879018686945545 0.2588557328456396 0.1548357078917914 0.2536791584316248 0.07598022094107283 0.24095003998223422 0.05587680219634046 0.0991263563410838 0.2586464640597185 0.0589638000877376 0.0859124822515115 0.20908969029509428 0.0472773692022651 0.06934303927841487 0.06937439862428586 0.17036291294167416 0.26126423900266815 0.13303283768667246 0.09677133428719795 0.13179120855455786 0.09804229572680923 0.03951079215914287 0.032252760685037726 0.28352013249875213 0.08866259049035603 0.14477315396273932 0.09366503017975204 0.23250065310128676 0.028113839893821577 0.1017013858294745 0.027999076965963828 0.17548379025257058 0.13413810497277476 0.1603499024703889 0.035418729864479456 0.07304939056272765 0.11745893200031444 0.17408959680477507 0.08861787436065696 0.027773641893770237 0.24081642771994566 0.03137437593018123 0.1355075962147112 0.08586806342069836 0.26458439172753334 0.20672767024352104 0.15521498867136488 0.20929882920703616 0.12841446129113163 0.1275736633958588 0.031225580733349797 0.05476081444700415 0.13063913514411266 0.19759068250302667 0.09835848914643276 0.02187527179186764 0.10566874615050721 0.17292129974233605 0.09490644862227242 0.12472836156480155 0.1846023193670059 0.41297942560021983 0.3903435919997962 0.34371509532445654 0.3371122887751377 0.23536450131690023 0.17252948473493365 0.014625184853120204 0.2526533887458071 0.28477858908323317 0.038130728247277715 0.2144098361826732 0.023788137405273427 0.02781417304642728 0.16596520952713406 0.16976141372890244 0.08870856772412451 0.19839406876823387 0.24195316372743747 0.22095083800246718 0.0919142114326622 0.11672978932233492 0.1724239771539536 0.06576967120305748 0.055072412190684664 0.03215860480456415 0.028912220597743322 0.0860886666116521 0.028872346388506047 0.019604402433021417 0.10482233158004892 0.1472685567504286 0.030381462232420692 0.04139471422919635 0.062446156370880294 0.020733639769971342 0.06867841893027155 0.004321124934640124 0.08642869840318443 0.04580048982920639 0.0185592681153131 0.13523166947805434 0.005469203828037758 0.08052440750042367 0.12331488324312195 0.05638633582140586 0.027107586638525145 0.04759077598478979 0.09556600616430333 0.21663652530132346 0.04547585200568615 0.06531774593221747 0.04940075729123292 0.17885077027060534 0.021239801024937922 0.07391905061375702 0.09457902665800616 0.035968331468917716 0.20788571014355794 0.10048280563221358 0.006973316921697274 0.15181297522893672 0.1854768898218442 0.032334560017857325 0.1848773315406389 0.39279807442386483 0.02497574050898426 0.028575900800992607 0.10379989112004316 0.09849438840885971 0.02404001396000177 0.19189977136560601 0.12150705241363605 0.003679117289869314 0.163950798385842 0.0529872333273464 0.17313779399551085 0.15397995022865765 0.018345283564187402 0.0015330218956480439 0.07136081842868866 0.30335264491505765 0.15809407883466597 0.43257922214616834 0.2214433312866873 0.026768046851153596 0.01839423006741788 0.15139533622525617 0.007164090295754569 0.18910262225849558 0.25922673661958956 0.11550668731819345 0.17100365263407202 0.07327627317203637 0.0886079452600939 0.1878435482819277 0.05621654576900336 0.08326850648726121 0.1557909521894548 0.05284343898754973 0.1559873433587836 0.07978614126043686 0.18028680758719454 0.021063096414741432 0.17070213366681644 0.06050713960124519 0.08884931422185223 0.07614019323730693 0.027626169480238976 0.26017072107612155 0.05243790106148745 0.04122270134062754 0.15071979313469047 0.12176078596750527 0.21645628067942702 0.133565326931459 0.06820736615138531 0.08801530725999325 0.07374610520650393 0.035446676973548454 0.06072992495836287 0.1791147516202825 0.15235928637523583 0.10489299523960399 0.01691593007390794 0.2331864359700753 0.028646475083125837 0.17174440563366283 0.2691160503655108 0.0015169287905717932 0.04273250999047105 0.27302024579046663 0.05722893233090288 0.10029041232786884 0.11382473118784071 0.12265621593136852 0.2100393795108013 0.1638313629281673 0.06857214349065337 0.2266652527330237 0.042297537612447554 0.21508739061598534 0.024317511085031145 0.3531303153081222 0.1306447963905362 0.094330110575759 0.21140035791313333 0.2769474741915833 0.3622657659507032 0.037862346679498615 0.06969601200949625 0.1389794939345321 0.09319917196904762 0.12694074567729577 0.0034567300589853035 0.027752620562515522 0.08435329179951605 0.05169513908786418 0.09153322041618209 0.09684921145301408 0.23040338000778116 0.014811665054300068 0.06185712404966654 0.09879710643342543 0.17461021505360172 0.11295143194565846 0.07924705261162547 0.08990451937379042 0.05778042078103889 0.10467182712371531 0.06227166488784845 0.043520476505462105 0.06220750103400896 0.16165324949553186 0.1489272149751376 0.18336324653503328 0.021683340079911566 0.1659480722710167 0.09846188712445765 0.09779888488499493 0.24995204161109022 0.44029187098538075 0.3262210188021015 0.2714689373089556 0.4323794663346426 NaN 0.15002662390954363 0.15954631403005062 0.2727715776711968 0.25812839052472003 0.14714097832546855 0.12592365724685844 0.04015878844217295 0.03413015835770453 0.12080011303928924 0.054979356341376746 0.05054220411505138 0.1653137365005411 0.20645797217588707 0.12652794728612687 0.3680675205452376 0.08630143510278886 0.12484475621166186 0.003410099354036971 0.06887801519094087 0.05263864688608447 0.10585569634220034 0.0996983363953076 0.017366875525445497 0.05184240398642104 0.040776537570071006 0.2307406276274339 0.021987595342946552 0.058593447556958625 0.0832961414168217 0.004954891370319321 0.07194743490157098 0.04926191583278692 0.04985139316114476 0.022888135636486815 0.007483819209736834 0.038806481591974404 0.03977956313082712 0.052876556045279 0.03927116655177065 0.07758144992871384 0.02726411796114176 0.09076927551991647 0.017867961890757202 0.1371077667034636 0.02137841030515188 0.10596097009654785 0.057296708213399314 0.14905033917097948 0.006058690381653141 0.06342016361474923 0.0015611861315199948 0.05568149834124428 0.29999125564276735 0.020432153637527983 0.03495250246957061 0.19067356936872346 0.291409077618875 0.19552874878016507 0.13374868164561635 0.3154944569116597 0.09603093150399887 0.10611127540059813 0.17377470523613622 0.05698497244272733 0.10986236956622211 0.15318118478555498 0.2312996382580743 0.07610923188007146 0.07985752572419946 0.06174701688324291 0.2058305023778762 0.17418709447570566 0.008993610666172228 0.16660145411299548 0.11754012937956167 0.24404942250259043 0.022359721291176044 0.4375404934053469 0.39850451110286766 0.05562939618471824 0.15926139344452964 0.04103410349825325 0.03401011187711201 0.09496688127983714 0.1426023891478177 0.13242999088446852 0.180054715700813 0.08379200727776372 0.1688010428882318 0.0186801870636449 0.09909178831069826 0.1829564124307255 0.05585551146259904 0.07978735434378663 0.18578177322044157 0.045601582450292104 0.0964135164026768 0.31831305830201856 0.05720541224776639 0.06842325152562903 0.029670105529910826 0.035208921642289975 0.19571668038666998 0.25141883680020083 0.1884352503167902 0.0005140551064163272 0.010974539964835953 0.05018356183070611 0.09737467090315537 0.06167080357718476 0.024384933758507983 0.005338091125387212 0.02362151011012913 0.0543103171078281 0.2331716023464159 0.0845269084084014 0.04821965904973025 0.08068682631932605 0.0376410867822806 0.0490416908615204 0.0016557205342011589 0.1200742781820532 0.010116656176909615 0.25818879925546584 0.09003179447760493 0.013264322091966792 0.03335176500396837
0.04137625884199293 0.2013650679972385 0.09233558315428997 0.007157874408980843 0.023714394386413186 0.12962677638362488 0.16848368281309178 0.20261958427816107 0.18509790638886287 0.023638192170763593 0.20576103485084526 0.2044496923589467 0.024045680581063097 0.046543870175766694 0.011753455352713566 0.04869986479285198 0.052249360065554924 0.21861337105122236 0.00790409314858173 0.060024111317201236 0.11899530867179554 0.23426093959540578 0.22494204444256 0.09649583224410711 0.021525785256993484 0.06696328747207651 0.0018511042402329409 0.13946225803702864 0.16076315853279047 0.22112175221830643 0.14708260374773865 0.09137972600762108 0.04596685733006855 0.12041049173294899 0.09055063560744134 0.07143276915055924 0.036366733704371886 0.05759557447993456 0.09237657382605444 0.18693368236882582 0.1572194962580714 0.03766318579149214 0.04754606535552239 0.02242871967167407 0.03768921051295409 0.08048370844782358 0.17947011800614684 0.10858574265351716 0.11781327857847118 0.15646832663606966 0.24524570054778497 0.13630595421911476 0.15483815415192545 0.18885723926196615 0.11829251700042108 0.15640657795159046 0.04954080942062634 0.0023553108176992722 0.044020123814245034 0.08252547854919388 0.028750247909001554 0.139877890811472 0.1283958797421134 0.04265236352222073 0.05633301748978589 0.07158650608407631 0.22933115605012624 0.2938927252760698 0.1180392041952533 0.057093451575658566 0.12161489555801977 0.0129555982045987 0.3998571725588059 0.1469234656727951 0.0928931793162077 0.14337918137203684 0.17269205445090358 0.059975906110108654 0.20870786159435414 0.1889852742269032 0.1706505033152862 0.0631446471172077 0.2737006130400158 0.07423104538700392 0.08375881372025729 0.044000332844609136 0.07841542740330774 0.017402487089052652 0.05713923047750323 0.025895100951467468 0.02677206173253037 0.03794539345947897 0.037287632267953445 0.009446492340195407 0.17648685473843267 0.11638421465388869 0.29246505611275825 0.20063308052147277 0.039461708841916354 0.015227696234273723 0.04354681680879638 0.02499951558137758 0.023736442234069996 0.04346977956694179 0.045224598993943016 0.08567857078655912 0.010700422811595433 0.07051268527881979 0.02303585383316955 0.09372410162418537 0.13122341197884899 0.04066237304489506 0.015372904831343156 0.00562249877216393 0.0714578051221414 0.2116290146456592 0.22091620876697243 0.0160511955787794 0.08858007593195252 0.04744077342543802 0.025317523746505956 0.07525416823120261 0.034595331844172406 0.02744997224225967 0.12348893603671071 0.14002213015765982 0.02538638891947864 0.009052300912654802 0.09938079045366514 0.13255228535651062 0.0695399443226224 0.20052582249215808 0.2028047519215838 0.0017540147750410486 0.043496093271479255 0.09365428081056706 0.11820918789849214 0.1986627731459349 0.14266111467035553 0.10940161635197881 0.20936978256886096 0.059206948576573104 0.014987374149449267 0.1531619244560648 0.2934659663805534 0.11063623877133849 0.02529237829792708 0.07468330039457019 0.14114455239598375 0.32678354187952224 0.34905241987312785 0.011815292199232897 0.09007924895885196 0.07117488226417949 0.033577311729545076 0.1953064642997813 0.20899317105855844 0.03554962136120821 0.14336965529889092 0.1334597610144553 0.04087082804422327 0.1905523780196263 0.0730334584378297 0.009807815333275509 0.08625306581673334 0.04994337526770335 0.07475278006314928 0.026703261558588157 0.12147244810455304 0.18999490439078773 0.0035693444213611785 0.011298520282166458 0.0008244901264484967 0.01936268940535573 0.08854399874877145 0.10917723271811026 0.13695317332675463 0.022925659202036635 0.037384861495400434 0.05405676571886893 0.02786273063938622 0.15695328331091288 0.048343912982491216 0.036739872192106005 0.0006485740046414188 0.048328587408892315 0.09431793112562736 0.2073209849309654 0.18797572688148392 0.0844700527096523 0.14005391384968022 0.243084972990658 0.024557981411984446 0.05429311429183175 0.0373154036725535 0.016093080414680713 0.09593241450186625 0.1745310400254329 0.014307684832575124 0.06707014479661205 0.1499624752627436 0.19459042921501354 0.20355310423818782 0.03938164814585366 0.057987513787284534 0.06421013838477896 0.051363111060579135 0.01745619923510476 0.2370837816600595 0.17126355725414877 0.15104026219200353 0.05080274476278524 0.07777378566303392 0.10808915536869725 0.13153098892416257 0.07498591920850685 0.015341087012949691 0.03182623601139274 0.06625541174479077 0.15886749280000428 0.06465238638383251 0.07306816138664551 0.05453650182647046 0.06650746037266907 0.047405901943052 0.03419012628836649 0.21962957508697284 0.06067068853311716 0.052180169652877396 0.13045753288575737 0.22348450256315325 0.1720431041708771 0.1262497924853635 0.13721846640646201 0.08148857237048114 0.2175512234723257 0.05256009514274484 0.10204021701632478 0.03684135270098222 0.03352891047689235 0.038602958615825134 0.08626627497095363 0.05387566629094042 0.08568131417024405 0.057289534769688386 0.030998748836420262 0.2702011382233625 0.2359845983739775 0.019288085270230466 0.02361150616327992 0.11757369376784568 0.15002662390954363 NaN 0.11128390002547368 0.13355606779297616 0.02178845067736209 0.14647869654429524 0.11634161364596252 0.11377957890554401 0.11287926104513085 0.1697627949847055 0.08331522886712868 0.3490096782411614 0.0923263986846336 0.013677596903000829 0.005046688406461876 0.1099398886938861 0.03945130403266227 0.07829859501456142 0.03507565476088913 0.03511276175311242 0.03681835628800176 0.0767076625053188 0.05829527155554602 0.07697462080313014 0.17236666270051632 0.28775749165433895 0.15784467874561017 0.01785663935585935 0.10680966321655047 0.095577865062582 0.07654487900420093 0.03161252083471736 0.029609786416991225 0.04302978332414001 0.01924826373986635 0.035739128384162266 0.08424404682572513 0.10221902700257955 0.02218123140747271 0.034634409198120844 0.058508484289980206 0.028566046295523617 0.03403577416054955 0.1020307457573348 0.17620398500589948 0.19418333072327695 0.06611255063598817 0.02939260810825421 0.014322477205524873 0.07428177635351493 0.03196134397008181 0.012124338832731861 0.08630781468686215 0.147229693551478 0.029274788986628754 0.05021933680916336 0.05658639491419102 0.18917458217120126 0.08476006924504675 0.04334767007836875 0.0058398765703684625 0.22926557234017414 0.02985926449166504 0.057176114848376466 0.11541757857496472 0.03216909769276115 0.19271190444451058 0.15973777928439034 0.1507325737677867 0.17149518486355772 0.010996566506979605 0.06625191862733125 0.18786432490011898 0.29443775355999946 0.10678961483925803 0.05986838005021664 0.05046095574084573 0.20179421376041806 0.21776371283002707 0.290250418266636 0.0013475275359832479 0.06874011951639662 0.10052648105243822 0.030714855169158596 0.16719407877100675 0.09158193045697971 0.07714025735898598 0.11483205551909219 0.008590253980211387 0.10274065221005421 0.05900254730695959 0.11659899096864876 0.0022538477325753452 0.03497210505841981 0.015534392152144028 0.08790712362272142 0.08744031148193511 0.03471037470541927 0.21059627573792133 0.04531738399931512 0.05144688070349845 0.0032094809312280302 0.03130447586683633 0.15018477310773562 0.008611025200850045 0.15360920601132685 0.05435383560204382 0.015045392116322978 0.07395366188582189 0.03372834577505 0.03142447393143924 0.04189693625234695 0.016361635204517444 0.004244780050348977 0.051998342793297084 0.06978185149349869 0.045533982567205325 0.10569582452821871 0.03642087444897942 0.025483815475560084 0.02196004752548181 0.01923171377542966 0.020039698557573666 0.0006808455530493369 0.0836547528124706 0.019404755191738152 0.00853522185629742 0.032000494382416984
0.08045245794175397 0.05945400131298651 0.03028394932267421 0.024985925286854286 0.012942843645166908 0.023435082675769842 0.04251220034579598 0.10403973869569419 0.03534953168825923 0.1478023385362695 0.034285174502115066 0.24107223664676578 0.018227703350717255 0.12722370210027667 0.13073100364648266 0.011441590332506562 0.008865609746558216 0.14269693214204532 0.031026262353982884 0.044155874522161354 0.06655873741529786 0.04798410419882346 0.0853904113149049 0.05848978183572591 0.20404347823642793 0.3210861561564817 0.17983058902163437 0.050881562772705446 0.11784250825693109 0.0310966041723053 0.15552288999227484 0.1320575971804948 0.22008966747540998 0.000228046874063685 0.003590669202791413 0.02708120222438298 0.09287735755243942 0.04909652613527029 0.025499166861234514 0.10220114344058438 0.040649890631127526 0.013937097952402893 0.02398526194891897 0.015120807897148623 0.13594129643936803 0.073939759491102 0.05212999160220254 0.07573595803237666 0.028471258470413714 0.017843511940000705 0.12080574227938129 0.04371851592310872 0.07881154803244614 0.12192315573300855 0.07660134742020411 0.12277088892784865 0.031702187193507356 0.04108277040120694 0.03219754941725575 0.0676099273398689 0.039291456077042625 0.08701020862052407 0.00014202135385773954 0.12302804603862363 0.03334492622317662 0.21970970984479862 0.1817284603063791 0.07249580802248841 0.23969969196833524 0.1813850652479291 0.19722970520572994 0.19380704725572906 0.009922743551434549 0.248489289287876 0.3128955838271562 0.13067445316112003 0.1694936159049998 0.04128610627291603 0.11945336953182634 0.04489469161066312 0.06193131161759888 0.10058383745995086 0.04663627327933862 0.07003601204625574 0.10193120649798103 0.09417172688247218 0.04169889467306068 0.03133721881724168 0.09314059838147047 0.023600552817481264 0.036911313559448086 0.08120316705013479 0.0837211909070112 0.19952252485997407 0.08160581488704037 0.1442801369624126 0.035700432226167554 0.052212081837688856 0.022849428168425705 0.0001771016874336358 0.011319310608309213 0.021356739785364346 0.07635486245174854 0.018578858868184372 0.09670589949522856 0.04913536530251243 0.08963362521876565 0.08679402277400049 0.10532637824318619 0.009323822326831635 0.1229751356076096 0.11953199876824332 0.01421448454896944 0.034563205927051886 0.04477391208405723 0.0903873861120334 0.020920602496316065 0.037989924966053856 0.07576376560229504 0.11545892920172902 0.050024086161623904 0.05956485892537284 0.08907980978518365 0.0307532798937625 0.1248244159017277 0.04517951555302112 0.008623648599122541 0.06162457999240635 0.23052931886009248 0.11480107364699192 0.18623305522323136 0.09414357787126533 0.035765039386121814 0.014025525125285914 0.051040052753736326 0.03888263847225145 0.07546329647619308 0.10775351420392308 0.06676954324669482 0.1304683172289221 0.024371389646790812 0.03987201592967483 0.15574509458494615 0.04485266659761902 0.06500868487762988 0.015864643650773058 0.04154661627507982 0.07522100683149868 0.1467621448831562 0.10870388429493136 0.061571781064835476 0.031326930261763496 0.01578160352880032 0.044917581508986615 0.001049822774001557 0.004991651176036847 0.053088394949462804 0.03722509007738594 0.07638362698746043 0.0024666504733959556 0.135427500139322 0.07723805562270897 0.056328930962074995 0.06327628689133659 0.04696721642910885 0.02214453731616232 0.11411968123025372 0.0165504003957251 0.16900093247919284 0.1352044220533827 0.02332102360623397 0.004037703615812843 0.02294566754193762 0.0070983653323424 0.016834090383147576 0.10261000543339766 0.14767717654106716 0.0733657959007469 0.09077862051852512 0.03774707560237574 0.046145583398618566 0.016688123334903767 0.06261698777286145 0.043327497150288774 0.0589618441992602 0.008311640052916191 0.025306684662006338 0.04704545189779982 0.04544519596556667 0.12758423299856278 0.04953039714990878 0.2916817433427229 0.0028034618988275325 0.11485171945719591 0.14951620727706064 0.06812694821763189 0.04712388607749432 0.0878410325822311 0.10562536376932118 0.06516740355774778 0.0238764333207879 0.04125527254535899 0.05930811582779 0.04831381500933879 0.2673352077731291 0.47420821464727014 0.14915133599559066 0.13103012694179925 0.1579041913644604 0.05621214080936638 0.2375717983226157 0.28108533966435933 0.029869745129303422 0.056865621731146114 0.1736567909870365 0.056049812525510334 0.055274135454415736 0.10895446562573062 0.014888535014218782 0.06116142192658894 0.02770554712095271 0.03861017760407663 0.03429879072781843 0.015643297414421557 0.2405062636766777 0.23099569808633347 0.07883735399440137 0.07763987809503513 0.06319337918388578 0.07511351605669787 0.008764763746666826 0.0048179794046400255 0.013145934813438434 0.02311990956304996 0.026165288946552817 0.032179973166811385 0.02794444946374012 0.03412855578277594 0.06859375039002327 0.020637919077817167 0.050371061560421655 0.3230367301701992 0.18061515801170877 0.1920201035076617 0.010713939482689727 0.10702397272174911 0.37351854929836187 0.05671576932912406 0.4340091625368559 0.40402718809126864 0.20950381027180764 0.15954631403005062 0.11128390002547368 NaN 0.41875617673349036 0.4623575831469379 0.07624275601619493 0.015097164130134837 0.015876314773168084 0.10268041477228937 0.025594923486554445 0.1444680453614415 0.003605088448516665 0.10417726890441936 0.044686676943088637 0.10176288512319492 0.15640628234096204 0.09750404648371243 0.0629680383806751 0.15228433738614935 0.10397251547677216 0.06289285088780189 0.08849033452341451 0.11269988549324818 0.05662374069290736 0.12173027151582444 0.02100644759524972 0.06522673119558485 0.01371287010008005 0.048297037865640303 0.044772291062371176 0.011931106415322265 0.0015890664835702718 0.05662824471317914 0.16835343152510468 0.059830300830705195 0.10034893716181079 0.09186655302583384 0.11499043076158193 0.012282522044357843 0.13596346016675584 0.04428883133344867 0.024531420260870854 0.01607263356499043 0.000210619133841882 0.019367295755994884 0.054089966149711524 0.01847193688091969 0.04151086348658924 0.04022896069932231 0.026124015800040794 0.012728920552574914 0.04901097019559751 0.06617964471447292 0.16752339193154955 0.029855843249010885 0.015945410319096322 0.16572844941392592 0.28472836511626176 0.3845162681038559 0.1456478135986465 0.2482191727415937 0.00310842455853863 0.053547335397597796 0.027458587628774556 0.06151518143222324 0.23777923173552193 0.04802316870615072 0.171469854433944 0.06112428053584109 0.027834672368918012 0.10597447457679153 0.25917113191924046 0.07876299521286656 0.15403091174117026 0.20228464376916971 0.013303642305061422 0.0723745446036863 0.3390353740927291 0.39393912713541634 0.06525066164005208 0.023260977737275767 0.025479888727586057 0.003620539472356113 0.01995204259646345 0.09571421849938971 0.052095208365856224 0.056063283528724216 0.031170713240438512 0.027502561153891217 0.1518936295740901 0.03270093413206054 0.04566826023147874 0.0814363199422114 0.04881553910872169 0.10151094547318802 0.04232364450861625 0.0005101820375373812 0.0388195487809988 0.11467360088910135 0.25094107423979534 0.03729111493140926 0.019386575631767617 0.031127438142067997 0.021017556347409965 0.194849355117362 0.20241647309136485 0.07117770834260809 0.11663636939406782 0.06547996044165924 0.13499601086592125 0.023374809015946837 0.03311441811501782 0.02771768729689269 0.03074812118576375 0.01570418527230558 0.0867455202651167 0.03528641841716417 0.03792950495249698 0.10799966109082351 0.0719679896222852 0.062025576474883035 0.1260056962859548 0.003534530961005026 0.0019471702247685777 0.09819295467675686 0.02618073658245541 0.011397226859490267 0.045238487056745394
0.1383973234460491 0.1934357742076497 0.05180032364491615 0.014643379372953808 0.04455736064907653 0.13393217012170128 0.22083736372969523 0.35676698355073916 0.11591822755781135 0.21957825022182584 0.21268529949800097 0.6198605161976599 0.032979664885565856 0.21286337816731013 0.36279292454504386 0.029785363793977785 0.16229196626899484 0.3293270060350281 0.024762346099116966 0.15261918697771742 0.0926405201650256 0.3308857010442585 0.22598331779464575 0.19493553361330226 0.1298052003125525 0.44218734798696674 0.2847806835657409 0.0596182540108178 0.24617298088663533 0.12116429164438079 0.12112490208310403 0.1305788419798617 0.1209699992563518 0.10165621912911485 0.14223317650731943 0.14052855426967872 0.16154203362102917 0.23767818319727688 0.04282373288067086 0.2398648408448048 0.10097867076287623 0.0019644688378458214 0.10182047444542483 0.1417850849956905 0.16926269045877532 0.12226141803067536 0.3010790912181652 0.08571288940480086 0.08807371758161141 0.16010740373166998 0.3229219491380171 0.25283415862665826 0.1500913168678933 0.314825923133701 0.1495009240569206 0.22421770291802592 0.01598719663823525 0.17310243621693713 0.193851508778393 0.2775736799663099 0.04059198232454195 0.1356399320423119 0.29017277622565746 0.01644667913220355 0.07990955768138637 0.03636437908885041 0.17315056221145417 0.10062559635969025 0.43594300408729775 0.28695524808673706 0.3198140026096678 0.3964050422203872 0.06704326878853831 0.2285318879152902 0.7059149746620941 0.3605195143754476 0.08421021117254335 0.14155773404661973 0.006027659972792448 0.025997906271999435 0.1866092296568362 0.06732360604536926 0.07785657723680546 0.19411461291911722 0.2640788921504789 0.04174896884110786 0.0071677364630782755 0.06200846937413649 0.02647362124742443 0.031171738906120773 0.07730650197086175 0.04818790436651502 0.04004684556388473 0.23504196211334522 0.03261386377231046 0.040551813472559796 0.22417095458703373 0.11614276467596636 0.12547234626507492 0.08188707020960276 0.016369971146035965 0.11822852796636862 0.1562721535537626 0.14202380605561704 0.23371472163896845 0.042978346243108215 0.048150053845085604 0.04109976296168206 0.09773092519484698 0.07051110378623326 0.01303385041527554 0.10666494056590524 0.022639764212567286 0.032032467395863976 0.11092016265405154 0.30150506726024745 0.10875536237134137 0.082651323842526 0.015751976503539312 0.17858052633418947 0.01700591329753604 0.05263754740846993 0.2106384490277986 0.11411673373481028 0.3908392470646522 0.05169228184445933 0.0038939858023337003 0.23270003783072718 0.5140611380563364 0.08768161197486447 0.39500001622153064 0.3331468133595789 0.0418070817796744 5.923996280816789e-05 0.0632296933339364 0.13254360428298467 0.059798576952150476 0.3574627162598895 0.274210620755468 0.0669284787399372 0.0818243522617909 0.11948406997360614 0.24206923514994186 0.2285604689667058 0.16581458385584055 0.055958803791203944 0.14895085670844085 0.3298096193484311 0.19824047508033532 0.346253855417763 0.027868053201530154 0.05643680893614264 0.015989881813833165 0.13819542578454722 0.039584555919590834 0.213741102246168 0.34675181649978887 0.24685227636639154 0.15394899203695994 0.11127492356822762 0.16979375120730836 0.03284035327104741 0.19293796177169528 0.20417964866387067 0.1027958474691708 0.12646825530187375 0.20786799500356587 0.06769706969490207 0.09721033333167692 0.07165025726391659 0.037239121701340964 0.036104661770377196 0.09387467349402506 0.23734681194664262 0.02007184114649723 0.2722514459197938 0.08609475998627178 0.05298958382853908 0.12464153865216879 0.1696097217905081 0.1232317424069442 0.07577867100739731 0.006214494990623862 0.001436557025068532 0.03266308020403365 0.08513448944168679 0.20787218036728936 0.1841010231474207 0.18900848731393635 0.13539662749103373 0.06761341767364942 0.6424089980818194 0.0479983549538665 0.26166735540688985 0.41704480224090995 0.0035217270108469623 0.12664032256604682 0.3863898683233731 0.00793970034827189 0.18922996347453006 0.12217737276841664 0.3000042450744864 0.17973910856647762 0.17957790491814973 0.38672913111000395 0.6015179576718456 0.14445264307297506 0.30482963447724026 0.25669411810268195 0.19483330116025496 0.2137092329775222 0.15147750748999664 0.008326190485222323 0.11237892090135553 0.2874722717724745 0.01940431904161324 0.07804162880685414 0.23834364776733866 0.09949884295619431 0.24014152112574 0.010449141786676205 0.07843506999429226 0.06228959678017864 0.09002992126658889 0.2431620313977283 0.13312107349855992 0.24377996449959993 0.010052628388362687 0.07750764588146655 0.010835550495148474 0.16849774705846451 0.12674556403800544 0.10283372351830794 0.19349328028641172 0.07254666602394898 0.0783178961309503 0.09616808876026113 0.030990506461778 0.20398368429537947 0.08773988983592591 0.05292253886469029 0.14676955147230258 0.05898867236482505 0.10960387250993164 0.04095438799437707 0.0812651817380091 0.3907913327826533 0.16200872762027754 0.4743685092076681 0.44289876949077056 0.3489295360538075 0.2727715776711968 0.13355606779297616 0.41875617673349036 NaN 0.5426499035179351 0.0028016657781075585 0.10847816416433127 0.022293664727764555 0.09969018659251824 0.16056527083700411 0.035991759670639424 0.1120739150694073 0.24398764866091188 0.19196653115919005 0.02063913030088008 0.2249046453311497 0.1738015231780042 0.08689486352180763 0.06110185368571699 0.08960209417451431 0.13576878603403886 0.05250838482122663 0.1650896781372694 0.033465276082675896 0.013018836309339442 0.08449460766943959 0.06099416800778498 0.18243316884685734 0.06515540633435099 0.057239558000785166 0.05262519613790493 0.16565476306249544 0.2703854769785189 0.292582099329691 0.04073806772631879 0.11377905238293635 0.017780128649861004 0.0038881985452686708 0.058283907047503074 0.02334499205979834 0.03651236634260046 0.06768816793233548 0.14220960434616664 0.006329750969488839 0.28225839828141047 0.002485464026156831 0.10450730839750312 0.012221067440171384 0.14581485772027467 0.05904926117432113 0.015796732153353886 0.19626792302451723 0.1345258318977906 0.44867926830987875 0.005009984858554279 0.057290425628482765 0.4248417568437046 0.56712052569099 0.4214879630030102 0.2794222362598499 0.35580945826187377 0.02568736465009035 0.050133940871672104 0.19239766400778122 0.17306059435239135 0.1495400511384684 0.20333589847708428 0.34318296870829396 0.13001702693757977 0.03555977267784045 0.10921537688476426 0.2974057572114585 0.281110099149988 0.24595932036659185 0.25497892832672675 0.09003703240759563 0.20940781740951034 0.09969228474520357 0.5479149653387478 0.14640016904796313 0.17627677095294222 0.08150223112102953 0.06269446496410379 0.041851400835833434 0.13088230515391733 0.13404007378104357 0.1683518524321531 0.12283969300026171 0.08783888621864687 0.25005397968234505 0.1870825640428243 0.26041209170780594 0.16590822978531777 0.008910598677901803 0.07765358172053868 0.16457663496077554 0.017280272148928546 0.009215286274041353 0.03262261121798603 0.2045065901691619 0.15249750213970528 0.07599194873830246 0.12427746541995906 0.17769281160401484 0.37283750506274793 0.12021960813693516 0.037909598066460416 0.0467722340797265 0.09620619688544822 0.05501015663109404 0.089198446765159 0.04198668098726858 0.05379675456211382 0.010159505003188327 0.03601648685679657 0.2644305290762279 0.20881360463274973 0.1049711030649774 0.07552001152481663 0.05070740760752303 0.12250794520962352 0.07009194202134228 0.08761240582697236 0.001398780599965358 0.32044511045560997 0.15685513784316407 0.020104091943370754 0.06720401512859703
0.1204773616642409 0.04699155232854965 0.01707606991384267 0.025857403017924965 0.02625305610084724 0.06990533310697807 0.0036970626204317885 0.05293998706476084 0.05180623318728225 0.31740807942881066 0.04824294314257897 0.2939485303103844 0.0470792767911625 0.21096908779590723 0.33274196754335955 0.06289541111294254 0.0059689722372820685 0.11938716283497396 0.11102865143135582 0.03395912420497144 0.11849139373281559 0.09453715571253538 0.08714959218406708 0.05128114908906721 0.07334866904656616 0.33180074214821914 0.24172207078400354 0.11524489417449589 0.22550486984214213 0.025425916431321697 0.22145020622586176 0.16440222277182148 0.20117499826362187 0.04588042558426043 0.0929999687040539 0.015172567654943884 0.14110716817462501 0.15426935834211106 0.04264156904315926 0.0756092509706901 0.013370808151202679 0.025792615494451342 0.11691377529751122 0.12682639488986944 0.17193078928513172 0.15621869532918983 0.02995814295753291 0.11816053169294034 0.017606105780374515 0.07111871296468962 0.04222471073172025 0.014290730997930124 0.03197661656782889 0.1105146271376 0.029035465208154015 0.09350755278694516 0.05330608155064797 0.11407570369305765 0.08763172364263913 0.17989914533286938 0.046485542300234724 0.017066849603987445 0.21283393883541338 0.1164235473046552 0.07724511237051591 0.15847123283390213 0.11841967598673511 0.021605486993007184 0.401399284045587 0.24174925438409148 0.2926348165805567 0.3974469469892313 0.10039657290514804 0.10292764726130507 0.4357502828745325 0.25076585389523925 0.20790843139351042 0.1502475045246568 0.2124063574946643 0.06559922774596755 0.08381873143954079 0.17861419025333647 0.16568021261975588 0.20457358826742547 0.1843554894277576 0.04010039100227572 0.003543487254643369 0.09203032284354422 0.06396010785585571 0.057158082674770974 0.06935101066045442 0.05941896892952545 0.024063754412304274 0.25937651438686277 0.13276669613222733 0.23190821966112332 0.1925831445252378 0.04548678846648146 0.1053409141123909 0.10229776606383152 0.009282256829262476 0.07801148700264751 0.11981635695209675 0.09204785852914706 0.16659601979877064 0.030119766885340814 0.09918167727772452 0.05063754814051712 0.043935501617044605 0.034835709554154354 0.02121742982841437 0.09468059971159377 0.007650727918896229 0.010070740605691708 0.015178119882807446 0.06169659465382344 0.07537380835390942 0.07383097493894793 0.011741865086932275 0.15264955548818587 0.07329073299440947 0.08602556702496378 0.12688619281998156 0.007964398435085007 0.14301269874911207 0.005015901454704271 0.006004206078690895 0.12024818039356758 0.30943436393581114 0.00537809461019548 0.306192253346276 0.2605451707751034 0.13514905060862945 0.0781888901706847 0.06440859583293418 0.00318559412947357 0.14220025007589387 0.111171808048977 0.07175808638040833 0.21912862607010844 0.04901619734178553 0.16281577989126927 0.32213444852399975 0.18439718294650134 0.21689517080547385 0.08930637029014231 0.14454743127467679 0.269135434320842 0.12778562933358467 0.18420505523748 0.09351551322048794 0.06270938932948307 0.07042925372464177 0.018055082412764878 0.06594192086541012 0.03690120179240138 0.08770717957550418 0.0371469373809516 0.04736545615034054 0.009103632279866714 0.17127275837655537 0.004906859336121565 0.0009769688731086303 0.09456592071258664 0.026989045317604998 0.049073405810149975 0.15913646824659733 0.011159436521952483 0.001962366415866575 0.19160578923275345 0.051872500365298994 0.08452967884016561 0.03483424635279287 0.14145828286280993 0.07899486918646899 0.1730720707866328 0.06278590080603973 0.08631542324780518 0.013766566989218038 0.08558568237249892 0.09486145172439182 0.022048722089388264 0.001422672202950609 0.013541312506993978 0.028832302978766076 0.02368667422061603 0.062198781805735626 0.05088280465431624 0.05507710280407237 0.23654098336331142 0.09573066360741934 0.3507964024390474 0.01838702987734073 0.2263977760643962 0.273404326206962 0.0820716585252673 0.061341033293697854 0.1660747083115452 0.1584750745035176 0.09646628206837617 0.04837205952348933 0.06955848196447596 0.057316826405105846 0.09636241142807916 0.3810318948006478 0.549862940682916 0.14104462660341663 0.266289491198657 0.27378226941403666 0.17259188920460838 0.2684373497940045 0.26483890292495227 0.03517457558904705 0.1407859431330552 0.2804993339156685 0.12509444114568558 0.10621964227006109 0.20502075380811594 0.027987674372429355 0.0038924094290748376 0.0063124753431984156 0.08372361780409783 0.08824627309360748 0.13960199456529895 0.2684005054074931 0.2660514784446435 0.06799704227023225 0.07053195346142388 0.05737958030158418 0.08989782462416353 0.06297460445985048 0.09651835901415792 0.058858207807729185 0.0017639721089325452 0.055507462352192796 0.08418732003201017 0.013885478097644453 0.06920048895819406 0.15074068818446582 0.14537508081005393 0.09610749731069236 0.31769741823047704 0.04686729133506625 0.18178043622038145 0.01988335109732604 0.008712769693722809 0.3817060407886715 0.13104561332616654 0.5655058960779393 0.498209708359738 0.38381637601058366 0.25812839052472003 0.02178845067736209 0.4623575831469379 0.5426499035179351 NaN 0.0016810103841516492 0.16586277323316742 0.05891897827372825 0.14889889220337363 0.03749843058652938 0.15912525848100678 0.18925700138104692 0.2695502620780432 0.109910998213583 0.05039908146214996 0.21834872516738432 0.18287536422269868 0.06317251765353595 0.2274826825848013 0.12050468503717779 0.04739262881410799 0.08390267827992987 0.23756534771186352 0.07036444796291703 0.16689033389347793 0.16523615148226697 0.1306603787561947 0.1119382824944717 0.03543170676759158 0.08565321311105822 0.06269002163563675 0.08144470016749036 0.12607397598963302 0.2512160926982055 0.039557712464125816 0.10777288628198467 0.0032902733867524936 0.04759955040337634 0.009058712133706827 0.09212393876100579 0.0025790882992484 0.042685822676854064 0.06345193588681246 0.048145658407638806 0.043297844129008174 0.13575104917953162 0.027719552344836897 0.01634115990545474 0.08335152608609556 0.02461059384035716 0.04712380848334667 0.0956566743425978 0.11882148199977176 0.21234331050306213 0.03367208457600922 0.09199813417367768 0.2309915009258981 0.30869707013298076 0.4336452827761329 0.24212165351354167 0.40609769359858305 0.05788274600353635 0.13498813257606115 0.05673893246639897 0.03786617146827229 0.29804287570228477 0.04019022302420539 0.09853884495438794 0.03885096095099945 0.056277629284725475 0.18802034826146166 0.31973686285868164 0.2700809923975001 0.26008267369463073 0.3499273476165749 0.1000773968973645 0.2046086036562139 0.1397199245283385 0.5226772771049346 0.1543980927794674 0.12674862144526358 0.0065347022322933225 0.00658908592821648 0.008691141699887151 0.028935993527784996 0.05100733268908243 0.020360386195640148 0.03921614720163646 0.022509194974645607 0.2194836222253538 0.10179854277678432 0.10413458937524447 0.12348331003280495 0.02486189343403838 0.09470294154475957 0.11285945796480966 0.006284144792549001 0.028729490062621717 0.08569913866153409 0.2488077478845222 0.20188288281400352 0.07481859469411177 0.0957130597773417 0.06087225917901174 0.3394743868821533 0.2741889374939192 0.08323417324202859 0.06526903043262039 0.026288645699036196 0.04871783578378075 0.07299581485672406 0.020287006720453537 0.04080188261802023 0.03058376020311314 0.022289159293942026 0.15784615140317937 0.021546376047393814 0.06465891458201929 0.06770197045650718 0.06945978098696803 0.10915501049745205 0.042893019280673565 0.02268236822767522 0.0802083261117719 0.18347636349371832 0.061614406514247065 0.018438291976765244 0.05224281048932916
0.07189396894314948 0.09551847279372441 0.048243108448550724 0.03551249401413519 0.043907592558219403 0.06479998270064101 0.062644385565077 0.1330959065722441 0.14423976763862786 0.06582266431677354 0.07240240485274489 0.0755407509967812 0.0059450857987833625 0.0025131783006017137 0.1559767699369722 0.04003532377163313 0.028369417843393276 0.11642685002048109 0.0013292360200698008 0.10028698627232575 0.0939627568176911 0.12254159765989187 0.15301629834895783 0.07879712037219559 0.21271152202969845 0.0830363392391952 0.02159644812158255 0.0853634744164558 0.006333784079773538 0.18774244502562745 0.031993109768530564 0.009056879053355837 0.042883265128615955 0.19113854456116655 0.04317570912027191 0.1611316895478263 0.03821697198699788 0.05653823389937064 0.09694164798447906 0.017519219128724145 0.04965253757281733 0.10830063503429024 0.122653323803439 0.19526326278348552 0.0096161894251253 0.011164934961875265 0.12774718911755978 0.03417795229744419 0.016723799227839262 0.061863070200417175 0.14790117444728534 0.1606712865382801 0.11584581198717893 0.003180524714306729 0.02854214754837341 0.037503953778244226 0.05124231685840332 0.032612381624723887 0.10876518375907003 0.18741505495779484 0.12547956350307368 0.21693134198558153 0.11417980721332607 0.18884357777024172 0.041134260846875756 0.22134019012289943 0.2356620850328699 0.14585809867312513 0.07877233838292487 0.10238343504903334 0.04719733773753195 0.07240529886738223 0.2310144875243369 0.10641842255548817 0.017338046507928213 0.31434076503492214 0.31836380528174013 0.12187612323730851 0.04845137877959781 0.07930645328755762 0.018459378703809783 0.07603718653597306 0.10340983599112323 0.08450955190851267 0.10211449299221803 0.2262772923808177 0.08811753266217258 0.021562145024402027 0.19883215305960336 0.0318862095192805 0.19573750512749363 0.05570715676560826 0.058651404601395125 0.10823307342482824 0.024787579110162123 0.03895407202610749 0.0035275122239063405 0.023701468464800878 0.05871176364234844 0.039584491453959134 0.05604613031039505 0.03233696493626776 0.06607052471177444 0.030901872244626698 0.006617668592730599 0.021497478762601167 0.012094284355180748 0.2007916595254309 0.15296674314479922 0.029169504366606664 0.22315211033798124 0.13124028598312049 0.06876087414412915 0.07135525728862598 0.0006587604678481096 0.1372059953265675 0.05883178331643807 0.02888446617677437 0.010107983401449559 0.061502225976724535 0.007015398748408666 0.01772335110512183 0.05030200090467607 0.08467025949246612 0.02454528713913014 0.0423301077191631 0.04034830909349491 0.010457869617749756 0.056635160051149255 0.10510775805505901 0.031270841734609055 0.19258128521147022 0.23311901982383584 0.03688976331427828 0.030177683736552198 0.0171535829623987 0.21745778637088398 0.06827372761031385 0.11415761835012472 0.0901273189262186 0.07416876854024913 0.09542773454329331 0.18721001727767184 0.05318562456781245 0.15353084284011467 0.0734443092180899 0.050548037934724545 0.18429922685602987 0.045079830219931324 0.2686993694224825 0.20245960845035668 0.040968885975579884 0.002882291872904677 0.0026062601719451708 0.037441157059282575 0.11295635220339034 0.16177466812980135 0.017108005426221574 0.04536078529355884 0.045959066345553155 0.006026385782320227 0.07319782161039731 0.023595352707465544 0.03125403121870801 0.04239738371795424 0.11527403797587703 0.020331130491595534 0.03807327587795799 0.19150697085837712 0.08575055456309481 0.09874360349173468 0.033628619034692574 0.02876286396823823 0.0862874704940835 0.01842303246405935 0.09773371941547736 0.06859717150770832 0.018331588300549238 0.2409128145269355 0.22172516347578744 0.04958933078080131 0.12392770057040599 0.018246680421653845 0.011687469024364808 0.03859353641135543 0.0330901894966306 0.06780168836177647 0.0950513745459405 0.1256198466667037 0.12297600760734612 0.004798508479779696 0.05489852287743382 0.1185375851360218 0.02453392140744145 0.14105226930526088 0.04073330504588521 0.017972773680518864 0.1506417716350214 0.01639244376855805 0.06734934374415825 0.0463159259359688 0.09801662341715035 0.162755970231716 0.0497395877631737 0.06482841375072991 0.10822627880551665 0.009007198024101926 0.0835903791356304 0.14230205342994537 0.1884112849910752 0.04563960401314978 0.05110063211789317 0.09576972605658955 0.2028496032080993 0.12287353118000965 0.15703524214001766 0.010679040743044689 0.07153420615876262 0.04606746981575039 0.03588034392192872 0.02820370125216491 0.047150316247556785 0.10105441058691876 0.07475149917644729 0.0017858701531648247 0.07678806136630482 0.17519233920828525 0.0430896700404412 0.0299444848938118 0.08144187767949822 0.1117065094149754 0.12196503168873501 0.13676325905075112 0.07235119023227525 0.0006597983791048396 0.0569485955585516 0.0682170269943777 0.12462686971549827 0.07010697974678784 0.10171838288950479 0.10584588640878723 0.10054378819312065 0.08448390164988293 0.18293527904673035 0.06562295510561736 0.11343012025051592 0.258611876471559 0.13068121499137883 0.13950467529154695 0.06164315833831148 0.12119985907742743 0.14714097832546855 0.14647869654429524 0.07624275601619493 0.0028016657781075585 0.0016810103841516492 NaN 0.018319847249857354 0.1968219681261637 0.06744122488513876 0.09208219741041991 0.1413526304331788 0.2604340495851365 0.01924588513508402 0.011762551291711677 0.257471282366594 0.08104221271809656 0.052313490529103134 0.16656355144037735 0.13644884579892758 0.16083250658571993 0.04020167586947804 0.0028579202183590634 0.08861122184565465 0.12616693876802856 0.05517947224760085 0.2123213859672421 0.13058858227353629 0.07677919181902966 0.017872956899708366 0.09269779304115357 0.05634908034765213 0.04115279256268921 0.0011643291146339067 0.04887228916353912 0.07431126688518155 0.0635006276783104 0.0934368440107475 0.06243943667583134 0.019340176824544926 0.11729763540686416 0.009352038876470892 0.0045659206540692825 0.08596652831970793 0.05216996796067559 0.15914313134474414 0.13639259656788427 0.09171283340696387 0.003945448569973525 0.023300522079799213 0.015508045629058937 0.011788178302462616 0.03362226231966449 0.03742782167931007 0.04261201938606114 0.10163101547410218 0.037305247763275276 0.02411355427720695 0.08597967826072334 0.07821674118528829 0.07198796109878544 0.10302150532187032 0.5030663313763939 0.09220961344226737 0.04170101328250525 0.1737362991442017 0.1703066803977339 0.11931346195739155 0.08205306319815386 0.06723854776523709 0.04615425992903227 0.08403976667817294 0.07572944398120315 0.1444761952226254 0.26077049859200935 0.02180813187012218 0.007949321362383459 0.005008723476381991 0.09723524272962833 0.1557533659895712 0.3043030095206761 0.009803773650374534 0.09287463257392385 0.013583952677391521 0.021798513505956754 0.036409583998721136 0.1322886597797823 0.052558039076991137 0.14921120368070412 0.012816121952461896 0.07640626111709956 0.0005044143636371298 0.012956364368778615 0.02572351974081371 0.10351942964091254 0.024150289566194968 0.1186367504028301 0.03014647939625019 0.03703137873462469 0.17255385357216385 0.19973855568886276 0.056828132163110646 0.0790376531896637 0.05444042350899667 0.045387592319772206 0.057030222675975045 0.09609447303026315 0.040824161523550916 0.19771382454443312 0.21689801231751724 0.18032661614460438 0.014862954100671353 0.024276746566005536 0.0008274429300896689 0.03663528138696116 0.0850146985246392 0.10156005812684742 0.02420851821135495 0.03597870196102584 0.05870062681811248 0.2039833289410123 0.044874514030312694 0.03603849379880026 0.05313478161466026 0.007925260896976677 0.07738526862344944 0.0032733691423280933 0.036747804892427204 0.09962781881913428
0.007756123717537358 0.026096528028068378 0.0029120532235674393 0.04682971708960721 0.018057999535636454 0.010084013449172154 0.008425484940228772 0.07903712421505642 0.06371284475776993 0.1401251852505914 0.0650195608861276 0.04480717197976815 0.0017756279299813095 0.0008555463650837266 0.1281842990282046 0.04905911331876126 0.036619104686482495 0.0021648198633419267 0.0590042179065896 0.024670173442074894 0.0666435372159161 0.014635678307881303 0.002208457031815895 0.017873363421599724 0.06167781383628037 0.004182461375790457 0.04263948204539983 0.01234475810360597 0.0885285288533176 0.17817520780891166 0.012868137049592183 0.08704871723071574 0.05373101458986284 0.12483403344852105 0.003818700001148248 0.02157606933503654 0.10850420596201378 0.16373518993240108 0.015777836654981343 0.05129272834605687 0.12712039999376612 0.15343773751428172 0.04942663751709227 0.15587783345017672 0.14280191612495213 0.09431126584006888 0.12248187909936625 0.08238526980119995 0.03992733069734968 0.2819276190467714 0.0487667505172611 0.07138555745655031 0.0318464338828198 0.17060481956191859 0.12337639294821152 0.17564759334038244 0.09681636907095954 0.005460752245165314 0.011009668659497191 0.0435759657546856 0.06344432815393022 0.1487745620420214 0.11159738848395231 0.04575078907351694 0.040987705380160395 0.048415667217957564 0.09113163107870917 0.029890609249531897 0.18481981252078375 0.07333151204737777 0.07834634456408945 0.17664220091679475 0.07074701640692765 0.07967445692255408 0.11331623896330549 0.11138866731786028 0.06459171111877211 0.38813830305687996 0.13107174721380635 0.14551763237754378 0.022421764899260788 0.274050431599656 0.2469652380951642 0.290939258966854 0.09684357358500675 0.0204353472434939 0.03491512045170426 0.023483367749374262 0.011995695027437697 0.06174488304244417 0.11048390041852185 0.07809179746534292 0.052445561889176165 0.03915007014941656 0.07354904298779887 0.24316011479072336 0.1910204713473249 0.061711451948287886 0.02960538401359846 0.05259906469917266 0.014895234627569164 0.054834645678205125 0.0673640230353579 0.04265311755938187 0.025214677876737795 0.09440321751872147 0.06982726092646446 0.11532842882210781 0.0015958492662208421 0.052639422722075245 0.13796613069236716 0.023176528256687 0.012098693135923912 0.03601511187323273 0.07273169407192143 0.20609508972784588 0.2375019190521867 0.04785510918221872 0.027657467435995606 0.07245999870380512 0.03308755238280765 0.04373089465228986 0.045662624526780944 0.008097643241840593 0.019344834197919828 0.04555812406067206 0.007733261086416318 0.050352364255510026 0.07920033363943767 0.04221099720659856 0.10717807365516857 0.14096785569912287 0.16953704133647005 0.004217459851968995 0.03412941191601291 0.09943661274465927 0.30481948785227087 0.04645096389291299 0.0243986257969882 0.09224091671150791 0.024209689022590995 0.050263125486931126 0.12332431831537446 0.24997699658323513 0.15516197483122904 0.09840008742245504 0.11133474293605458 0.37657017108583285 0.1966888255663173 0.14529751323170206 0.022797213300049787 0.04314020565860147 0.0455957747546569 0.01945161578786619 0.011207398976302926 0.0066358337166830565 0.08701178285990048 0.023910112310324444 0.03020937515910118 0.02950155509268548 0.010748676311277575 0.033487492147532355 0.036609179118280634 0.017644655954616412 0.030506001607937188 0.03953632021844578 0.14594222908398674 0.07437307189399783 0.11161603117485105 0.02859405074327712 0.1361548774090801 0.011554177822770446 0.025965063054078804 0.04416247786198891 0.0906484729236263 0.1207540372193253 0.030105225376899195 0.08988727555992208 0.024654702232218495 0.012651956635046742 0.008983578836964635 0.02440154942447983 0.024943009218246128 0.05389347931217936 0.06279669583335622 0.004310770593856382 0.0007144612010170541 0.09166169109284415 0.05059851177278638 0.0749421523519433 0.1797637337559318 0.018268427248376354 0.005155293125490928 0.02563532822183946 0.1063933612280977 0.00041987816579243934 0.046089340086056085 0.010078429946606083 0.07176091909270192 0.00886113567824547 0.018728744883849197 0.031747262346366906 0.0012490106180905892 0.023831428251201867 0.09858696062471052 0.06973915362082064 0.005559395296318675 0.07074452766370688 0.11139181466020168 0.11825841957707983 0.03594423014348941 0.03576726432809657 0.03471037949703483 0.1278224795977478 0.11161828547625938 0.05551548672242795 0.0815622489087134 0.12458696455159274 0.005865873862176901 0.12516237307062342 0.06804740741507928 0.16282805031847483 0.2511540054585708 0.22410204387349994 0.22479887562915926 0.23746328298606367 0.09492288065870495 0.058066711556678266 0.003159543429830832 0.30255792502303036 0.08948177416720669 0.09698629028030725 0.04597610425812332 0.09391435477337881 0.13064249112462983 0.25163303788178487 0.0955355345438729 0.1508068264790631 0.04797561385623789 0.13347569308014215 0.0667499719488246 0.04006471600902814 0.08978644517768755 0.008324420817745396 0.021401926121302 0.012268376328579177 0.024459798907528127 0.0413962934787709 0.1531016407633556 0.15634173907428636 0.0905380184165116 0.12592365724685844 0.11634161364596252 0.015097164130134837 0.10847816416433127 0.16586277323316742 0.018319847249857354 NaN 0.057935950633563396 0.230702130416562 0.055220626113275564 0.2959383665156818 0.3042039514437202 0.3073752551832746 0.0828125642324274 0.06603945131172922 0.06818746034791649 0.050776585705281395 0.03650205290614131 0.027526400807148035 0.18484564319013655 0.03318891600509743 0.04624226368960599 0.0585140297447614 0.10320723153553245 0.32964519106148815 0.21910679061826366 0.0330804522624848 0.08354041672482311 0.09603719035811607 0.01427162067762581 0.017645324104906046 0.0879973827251091 0.011198480479385207 0.07397220027367862 0.019565252191637506 0.08221779566032665 0.0471536340919874 0.04944242485235088 0.06335199857795479 0.09382540626730657 0.023273733752656706 0.01986765823592946 0.012141437163871232 0.04944831225307222 0.3019560787961171 0.37182806088684545 0.033302438095130074 0.01763029211882885 0.013454757525021595 0.005501756511076833 0.058577542734857914 0.006840388215201254 0.07706755646409838 0.040705783720226145 0.019322553500652588 0.012250134951128873 0.15374938810335637 0.08956193076143423 0.21579566918566664 0.1464887585796067 0.248069394914606 0.12055162427305798 0.03841331155302736 0.0005620961156693722 0.20973279841353726 0.32438210376712734 0.14092225029961034 0.05981710560990482 0.0932748595249424 0.033475059989443764 0.010125499321801212 0.13584669245317893 0.3124512306145129 0.16746199293775155 0.1276741131681069 0.2989362434049098 0.4227378397548671 0.11060810052119036 0.24170429218057277 0.17070784812743595 0.02855499568478831 0.049319406302275035 0.024464286339999333 0.013183315644014041 0.03716052007244016 0.07354455126496023 0.016392595002451254 0.019392822333739682 0.06794480534465006 0.13274929154530496 0.10695448470435408 0.00986384621008528 0.06045896359425706 0.027518463342724904 0.02657492676452724 0.11005188578079222 0.05596275384430043 0.08042320317485174 0.017148690477829256 0.11541136306321387 0.10089092794497871 0.06274760635239925 0.0754849645458216 0.052651615330117335 0.15061310864681832 0.04593491313990089 0.03148237437871243 0.012371228496539129 0.010179949012316903 0.03991141483253293 0.0877415582654276 0.07129700261450232 0.06139539081233937 0.019836245152811294 0.004351700099887764 0.02194956715721231 0.02573968649113408 0.04215489971180584 0.0030858918952524263 0.024547156201243592 0.1015931816983629 0.015378584176863174 0.030934145106568497 0.043068649569176234 0.09126579726578748 0.04318736324316379 0.07160811840894518 0.0063367651510281685
0.07134312979621833 0.040306876091850616 0.018179790181058895 0.08470447897624615 0.08695060665855044 0.04275678318354203 0.03763101292672641 0.005659967895069947 0.038427104096986846 0.013227068447092406 0.0926906406885001 0.0628311403320438 0.015560424988953261 0.033281760127985595 0.025638528124186558 0.08556044277055888 0.008973801621374195 0.055916288990433854 0.014734605692441729 0.06162192828350293 0.005386868476497039 0.07044184598213855 0.06109120060980673 0.006847081291639077 0.05820537045264438 0.003223392957525455 0.12163527309238738 0.026265851305023395 0.01452321286121103 0.017637946257816114 0.1021035685069989 0.05465487983199251 0.00035590260044443724 0.07335770694582422 0.03386910833910773 0.018899693831147747 0.04622484896557017 0.07631573685946803 0.026031454754228633 0.031325702368560304 0.019472246911596353 0.05079290785734295 0.06931351046890498 0.05654875498758182 0.1053375406724986 0.08439386158314224 0.060407583959468644 0.04370116337082476 0.07970652984487811 0.01655611071229737 0.003101331964737919 0.008477544071410626 0.03488765662231812 0.02586868603366113 0.03593811000898043 0.01375797258347408 0.026444517240535315 0.0002886628276312288 0.01013865997835902 0.024076070620674003 0.15132351759384013 0.04147319785981417 0.045626635077067636 0.04151074290184125 0.00407429535874793 0.08033118179052706 0.08959182597235041 0.0054375054323405015 0.0692308309757173 0.09391345043234026 0.0014566642943363139 0.04099939446702111 0.1837813448639234 0.04053382331990639 0.011819435980489129 0.08798359362648965 0.12764139495686044 0.059179381249260546 0.16288826300948978 0.22853692454032914 0.11772497518222474 0.01939921378342731 0.1170358671415087 0.05280470232282349 0.03839987104832626 0.058764306715438586 0.0059838894059338395 0.053721195080713706 0.08511045232577502 0.05577829303459644 0.09199876438652946 0.06004428972207082 0.034043669289913335 0.033927230276182774 0.10374438708441804 0.03442018825450926 0.039460956958849255 0.0810682679634656 0.0793755006963988 0.08385023791757265 0.037469291670679715 0.04747685114700755 0.02145154345386168 0.01238021076715184 0.029248169474200152 0.03396899737917363 0.019462119933124977 0.07522682764430001 0.022850855357102472 0.044765554548652525 0.04783682224254446 0.0010410411730884764 0.014212057081577212 0.02699795819820112 0.0006333672745260191 0.04430329318230264 0.06385410698552224 0.006562325592512594 0.01995017571608743 0.013829921316520907 0.011369569590695712 0.04471596950519246 0.04901913555689582 0.0515152349654804 0.04923354999422908 0.03344141401158952 0.03392950104271304 0.11052689365582105 0.02195602186541402 0.0012993385128110212 0.07504668246176412 0.06090875993253252 0.19338918296335722 0.06734547707815589 0.03192013593735807 0.023848153403356363 0.10406459594119552 0.05786354759130757 0.03014309882702186 0.05779384541148411 0.0011382450117634337 0.039506174248651965 0.0992042357574874 0.0738698347054171 0.19457113785127889 0.032391574862123705 0.04358526702350913 0.04147257640680749 0.0006804332841874802 0.06331923407715288 0.06680296613957955 0.016453962089289016 0.027053400998450404 0.03800384969711793 0.001132429019186493 0.013747429846488109 0.03830670051311873 0.025045492437058864 0.013395289603192358 0.0006849487912411391 0.00828349022208879 0.001675198691911882 0.029056590517275247 0.014401360525178576 0.010174024355078849 0.0008695982292321338 0.03927503942783188 0.03250768862677694 0.010032900585333895 0.055218934463432685 0.06141269224586384 0.031968402689739744 0.014817338350172526 0.060643663850063007 0.012663338249201789 0.011730417498157853 0.04820526697711871 0.031501774383965044 0.0587430890449005 0.035520205766398416 0.07017554195733255 0.10159256200102222 0.011334898649845162 0.07730150674636725 0.06847065172688573 0.07717072726867946 0.031114870348845792 0.05410528736548397 0.020675321861328536 0.013681260332279324 0.08238504214592049 0.08078344257855283 0.03624103519826439 0.0001946727258523161 0.05939114686162812 0.023650647025484688 0.015819894692366148 0.0667326653282825 0.032039053346164165 0.023682177461485748 0.05598816245447927 0.11942721241719585 0.0185275835212726 0.009012172605548483 0.04631564999898808 0.020919556748895368 0.07126059934330753 0.08883782935676927 0.06981570434676945 0.025693164225742478 0.04007014797749647 0.04521418910419332 0.01838406737602469 0.07268278389480066 0.00845049772730219 0.039150827103960915 0.03917503527732471 0.07581482002095431 0.021205003210262568 0.01228004683766696 0.022895263679140795 0.048902751679676684 0.010094351859220746 0.043958241221323364 0.09087304606901468 0.007073716727533237 0.005530163924773986 0.03320813283118242 0.0687561063336257 0.059851710621431006 0.015860501535666465 0.034473949078800685 0.013535972450985485 0.04748846220632267 0.02105132629147294 0.01673645110697003 0.022247362698094353 0.07147653907567068 0.0438915454220016 0.07166749580830256 0.051126001869281706 0.05788045962065636 0.02053325082265092 0.08200054977911025 0.029812455584099975 0.01542192241668902 0.1128400439969537 0.05680984212509513 0.05777604264079737 0.041794533847169586 0.01034378974936888 0.04015878844217295 0.11377957890554401 0.015876314773168084 0.022293664727764555 0.05891897827372825 0.1968219681261637 0.057935950633563396 NaN 0.14617577942927718 0.17471252978319401 0.10593870193228248 0.12537228857176608 0.004064921450983571 0.06727507041703473 0.1538966522888861 0.07506863860499297 0.001195406665826795 0.11388156985116457 0.0271858839794098 0.07588857145941766 0.025061344617220486 0.04560700076167119 0.03127584283298646 0.14391036978880217 0.03910483667017258 0.11539443283451269 0.016851618484545194 0.15118710296269366 0.026176709556255177 0.015413829284507291 0.009757847293187396 0.06270079969131372 0.04987160934614952 0.01972136352990156 0.029200777118969228 0.06671161190707961 0.04281579930605892 0.038715359820231866 0.07776130674450117 0.0232360543672682 0.03542689519377944 0.06658658290552133 0.02427978466115348 0.03822952880746146 0.07582413385851591 0.08189475595336011 0.07975092623053943 0.025749969550396358 0.045102981027158366 0.05415419948620702 0.005336656006865344 0.0052322339059947 0.04369993163444983 0.030795962069173503 0.04267203671360262 0.015456045620464124 0.04204687779361389 0.055315594963764404 0.0477713915235894 0.02728770896281494 0.00895690061840154 0.21866226319361728 0.00022100126227225117 0.03376844165329246 0.12253198697998947 0.034192526129159184 0.08932229840721777 0.05041879764547071 0.016619792112941224 0.07386282646916437 0.04105229951352734 0.08534467405770757 0.11911515268970536 0.20269403263441424 0.00585988622227389 0.04276314767558785 0.010880761148823226 0.00908923633210998 0.04502789109704165 0.040628905096546354 0.017473081358833728 0.03869689903995988 0.05764358431985787 0.01978759750755861 0.07092006196050038 0.030699937826750585 0.006145405560253298 0.019424123868174825 0.029924531022615407 0.08338052490625564 0.053639017221454255 0.00020720488125657613 0.045837946189385935 0.06892215783287038 0.09560547365291258 0.024568614781735637 0.06843055168776124 0.10815502412488244 0.016871878625865668 0.06753009378020176 0.02341870426503157 0.040694763900871185 0.00812092829779506 0.008272673361372678 0.07247274036912398 0.003605480010058653 0.006645364804089563 0.10830131917574168 0.07090243894424973 0.05966743296810081 0.001762930269720131 0.013089524645338161 0.049022962407001915 0.0038388528780268173 0.0239395749142486 0.02647383378370072 0.04310426357303062 0.023228822974064322 0.07684467624932025 0.036628566157172644 0.05870209227151246 0.008605455813548286 0.035639165550894185 0.008660813001547875 0.06343400367383319 0.003209757321814402 0.031357027844336395 0.013755557434171749
0.018711758278266877 0.029953563154956224 0.016797184249173553 0.02321276326243055 6.613215355365362e-05 0.04221220377879559 0.033675489572431994 0.10357420848884831 0.018398661406625348 0.04172101500257408 0.17828866785501418 0.011857791683035314 0.05059945118615802 0.00028984664631695706 0.03481991626829595 0.03464384711874402 0.05695552117602009 0.05546705699534329 0.01371552777591017 0.006706008145016964 0.03480078099140322 0.06250278240813494 0.0395809529465988 0.027525968984369337 0.0400184559192098 0.03902682490868763 0.03831380411193363 0.05309061519329078 0.0988018400782753 0.08201364730645852 0.07122185662557698 0.13911987436409545 0.014647246217951718 0.02654839962447229 0.024151613547777773 0.021327711466729453 0.05174751111003015 0.0157652787125404 0.039028085877340024 0.04715647655922404 0.04168313550109361 0.03547012357879306 0.028549578173771253 0.026685486461354328 0.028989141744132134 0.0676086486830319 0.010010310259320827 0.06423343065061868 0.06325851813330197 0.10989046449701155 0.08426932769806521 0.04375075416915666 0.010957963217901826 0.08426273916586126 0.0853663704573926 0.0782103957254806 0.01529733405956918 0.06064805309154971 0.06416624310540875 0.08823328086231161 0.10202007065491146 0.08284951948123057 0.12532176249918772 0.03512804542255537 0.059643415255974906 0.011718490246698184 0.03326759498182917 0.012520409608600156 0.08522621443216137 0.004161520218601366 0.014789223536639605 0.10603349351315262 0.11229463667383531 0.08996696306385307 0.03386895789833824 0.00882889104545515 0.056589916119352685 0.16362425850932188 0.2363283153892856 0.23329885124852237 0.16551071501070672 0.0726822637266284 0.14946812966977105 0.021414984993362488 0.019707306459382942 0.05716199806501886 0.049952659903429585 0.04376130560775024 0.014248085811778081 0.07024576226237077 0.04208778873022462 0.014823185869673587 0.06291926893426553 0.0647603218327445 0.2432659732328553 0.07262669970066264 0.11509520026133516 0.04832180520622017 0.08344451292268769 0.002624856234942288 0.0798014173428901 0.03588504660133587 0.020595760189611623 0.04016998402680843 0.062022785384108596 0.04302627641931 0.054367327423348925 0.04083715912336302 0.018624821163688608 0.0045573540137128195 0.035638337520334525 0.05873111010770683 0.05881074849051894 0.01869521550767693 0.0021791738955810516 0.035765345334432555 0.08368019196492149 0.03253576453002316 0.0024414071269439563 0.022405860318102495 0.053174761055652636 0.018111012839351057 0.01261122015789872 0.018264864889292423 0.03363054850269042 0.05285634835604145 0.05225243409131225 0.008739568770359724 0.01030863504645145 0.043596946045077634 0.04161281474218406 0.03680343696379835 0.15872545453581613 0.021062771895345937 0.002227827940640482 0.07592531324808571 0.11270913010701057 0.060660729620034944 0.022700970738525398 0.08065764320753359 0.02627488781379217 0.037215788112490746 0.07475771182472357 0.13577229507796806 0.21910436345884574 0.12297599941663066 0.07941183899802542 0.05545763926248846 0.06725064683106394 0.04829356062763985 0.006886399852727241 0.03390315090374653 0.0010049308898411793 0.008653206713735142 0.004038728727989591 0.013814793382439738 0.028098633602932018 0.05594431957185427 0.001972560042558461 0.02692724312242228 0.03813952923386693 0.0023954013277400687 0.019134836461375024 0.019010697715606557 0.02669488775300055 0.031122238534636183 0.015117013290600105 0.01815322110429362 0.08928360410258299 0.11456855263470925 0.018730646363567964 0.040913574282666246 0.009180861518340466 0.055710074766621875 0.038709290071165366 0.02385100603332586 0.06749690444631498 0.022560270958934057 0.06503234008648487 0.0018680005216706048 0.010338148839043012 0.04240143163912067 0.04081670729742598 0.05477763975905458 0.0386761271691131 0.0378661523834544 0.013475655711223429 0.052899654815766466 0.0180584700135608 0.10919998799176735 0.14099143359943955 0.03501517566449842 0.04936273628839805 0.04335889759909345 0.0037919747819445833 0.052632266533208474 0.09580859864447716 0.043229219605974215 0.01318758099165219 0.04704521253470698 0.05392833662292169 0.08477247212159605 0.010245412643514805 0.07583224590400428 0.09124833325837106 0.10086422462554392 0.006831176478055845 0.0717350372188311 0.09721924693918776 0.08153857544435779 0.021197037262106484 0.052352566516635494 0.045154409539480266 0.007319152825695771 0.0921928233292553 0.010865553925154871 0.050052493133251115 0.005758420613674753 0.057009282945824025 0.0953413821303427 0.023660600709535105 0.020688137275284072 0.08195971193016256 0.08753392087720187 0.04435981861369546 0.10528067499929299 0.025425186873580884 0.011107787918188537 0.0324982639307495 0.12163869510077845 0.029657139117421537 0.00835440081981742 0.0027483531957799177 0.09927819720190238 0.0633444653223274 0.10872929471036404 0.010437948772576321 0.017695889079981975 0.03228455056360474 0.03697170820504555 0.0140013796746007 0.04864496372404498 0.03458504603377259 0.01414043620266109 0.00361667942996953 0.041734729260979264 0.10601918833998453 0.044374801099577844 0.12683979254499647 0.05868533247612333 0.04706338497371071 0.03413015835770453 0.11287926104513085 0.10268041477228937 0.09969018659251824 0.14889889220337363 0.06744122488513876 0.230702130416562 0.14617577942927718 NaN 0.0931313075734361 0.18373939473041176 0.23649826891089015 0.05079745406966827 0.043682906524680834 0.06325642216912998 0.06053064255715483 0.08298792905057158 0.0059082994827951265 0.02555859717834458 0.11359330434190644 0.0019509057564500456 0.021506459989296033 0.01901177363555188 0.1291220104949609 0.15105138385862849 0.17521220604225393 0.045886707564238 0.017695492248899276 0.03330085314587339 0.05649905137185465 0.028515036103169224 0.06129809819054054 0.026613298064367772 0.03652781218198254 0.0020863025135359594 0.049002211836716165 0.004510157955516949 0.00318323886320164 0.04607299558906647 0.04424506249396672 0.022876743256783443 0.046936323167294305 0.04161904600853029 0.028546342018088294 0.048021307452215285 0.08706585808167329 0.03979418007231055 0.021871141061036853 0.044328488365649364 0.01212979712536688 0.08015745406101894 0.05631993749312663 0.008726653517439781 0.002333637645239049 0.00981472185661784 0.029386202388398952 0.09334211483178768 0.07721469021905712 0.15924664062316335 0.0633353954596544 0.1578349370689824 0.12108403709252048 0.007394004365647717 0.012605950864603432 0.1492278430927559 0.10233798530942141 0.12525103894043443 0.00894875077094296 0.05558841554423213 0.018460139709257948 0.02247436952324232 0.09101940586730838 0.19018552173543263 0.2675066802289766 0.15595960725888575 0.046284048028227415 0.07239192639394057 0.007206296184972733 0.16899263139554335 0.1813637083846683 0.027603460565763363 0.028486763193096943 0.05218683180557985 0.028568056458616504 0.017370716932837597 0.020087408656473335 0.0711107340522844 0.005964182484373211 0.05336819484769175 0.1336060127744257 0.007751373665626435 0.030961320904842764 0.05495121445420643 0.026420826207740684 0.00599748766323347 0.002906175394912581 0.01752767144646664 0.06290232564833774 0.004851462219160019 0.015945532009738715 0.044540951808294565 0.0196679436796585 0.05864688507860469 0.03426319773785367 0.0980060040721409 0.08509841011935582 0.060305932415532254 0.04083013146814652 0.052997101677395485 0.08868503419239081 0.0639940019179597 0.034209329497754064 0.021985514975537083 0.039357841830563796 0.035649266058228185 0.03431745519316193 0.01435050112264108 0.023742988355428814 0.05924014862904172 0.08322491637298594 0.008718087669281109 0.029988620671830165 0.008565235776455857 0.06253699794632693 0.03235993732334276 0.0004962058220315462 0.07601629037103554 0.015667882303027885
0.11761154942777924 0.1326708504475301 0.08412399086122298 0.18818429750338012 0.1785488423566738 0.24912656491749796 0.24193855348847684 0.23672288396777516 0.13790496904558489 0.12325933143947121 0.23284654790713516 0.1631746132971536 0.12172771237697695 0.07962045523289261 0.020942943716338522 0.01698798664066031 0.150369106021853 0.12623832884942496 0.14608166781308796 0.24765418232169006 0.18793606220977047 0.17001552627024225 0.09593900606596563 0.001674918525948971 0.062416478469070995 0.12033918693103522 0.09240666444670406 0.21591843551613138 0.0569516687875881 0.1050943042671606 0.0880857358655158 0.04406215181781039 0.04448862399524002 0.09286901664097078 0.03515480098472503 0.11812051298988134 0.01014774014200051 0.03601475991595942 0.0017047998385099734 0.15689639926122928 0.01208601385740293 0.002476257447174839 0.014089211879033501 0.11390843330103133 0.03583019807842586 0.015780798403222746 0.13634443849004116 0.24591660955032335 0.10555952267270094 0.04807661736265822 0.23183605592038842 0.14641204003867314 0.14516928134621268 0.13845387421559424 0.0774976691631932 0.03806290681221091 0.09998538603626489 0.01838767729720671 0.0292928340388932 0.054562176308976265 0.02277990895970837 0.01824571694207717 0.056955647757766285 0.007994065534460571 0.055562036549089616 0.155893822686417 0.19342640387494067 0.1371445132776899 0.046508475939447035 0.08362130125554565 0.12772563013548616 0.05400289160544391 0.24788033355180183 0.11722954464223452 0.1432621598323378 0.14694972635531395 0.14507573359195244 0.003093599114445575 0.21470767824172343 0.14330089631961274 0.3212266403126869 0.10696272054760188 0.12304151562295011 0.08428303534124608 0.022873833372692585 0.09301688256256221 0.11145342140254841 0.005462810567776246 0.12103147014186023 0.020926964430321836 0.017899581604777507 0.10334555150219432 0.02203484441991115 0.0070662166709348296 0.191658631951466 0.13159848157622123 0.03190438654203595 0.12298193926727682 0.04387372380468308 0.017552517469695328 0.0005213586416034141 0.04010393471825446 0.003200552977097073 0.031354402825121565 0.10825082945317498 0.008925848023530842 0.0019821960617983038 0.02957948757883026 0.01479205740046511 0.04089154339772765 0.03156098327346172 0.006791129911699625 0.02725340901390959 0.008041725975865156 0.029140952230158237 0.10854074547301325 0.123530811276934 0.00014435199235804434 0.001231895246196792 0.062455612275174974 0.037321998046215756 0.029510349818284275 0.03270268298188237 0.05847124699287163 0.08995974158488729 0.033482351897625835 0.029864750828285713 0.09867310287141981 0.1536592457362343 0.20725961265445786 0.03802515273491545 0.05396482682999196 0.16157772847094012 0.03585968329078638 0.0024902635155506477 0.03260640785633714 0.17777318175676357 0.20627559274135204 0.20741031897451453 0.15396329368110562 0.12351559046959489 0.018661376991183646 0.04822483720345024 0.017137038177068627 0.12815653885100803 0.051635027435431094 0.050897231530674346 0.040189459774034444 0.09025244540660178 0.26377244584366005 0.1310032364886779 0.03211308775125522 0.016244389091901606 0.09188692884734224 0.006689974283171675 0.17229815338933815 0.14159551499817125 0.2579164171525004 0.17843003012598235 0.10309171540443783 0.06342701858801214 0.112303705375533 0.14570469103577427 0.05996103399364155 0.05479161656878639 0.02785634788484467 0.007989212111040795 0.07625073211402826 0.026213562387146012 0.16951697308350938 0.11627487856194159 0.06807529771251179 0.023383485880330703 1.9080980790726135e-05 0.08905970650059812 0.05287732742999754 0.062114475059794214 0.005250869897008532 0.010047324420885543 0.058994385527821304 0.12638791489641266 0.19239856056306304 0.11899361872579102 0.13231699260442306 0.13718585830983082 0.22192026355318087 0.24400587425178483 0.15908652129963308 0.21746860953642533 0.17397435839386016 0.2325526906604089 0.1834817227855677 0.14722948504943362 0.053019757878521825 0.052265780882046274 0.12006054190876107 0.10948925300152819 0.205314960640182 0.19062394988141604 0.16943527940973746 0.19270761404032696 0.19801215759737384 0.12348885921891918 0.021618535343424384 0.019776383673671794 0.007085450535720091 0.06864647034625317 0.061832557876021925 0.04260669021946513 0.07508625356710211 0.02508920426023997 0.0212090716661235 0.08210434123099433 0.07235591518669782 0.07954540574946647 0.15553851881160805 0.05151628028028629 0.02174786257190266 0.034810131704824304 0.1378836948130166 0.004526913136313447 0.03393729626319336 0.10864474516626062 0.09188958561260371 0.008503077034327735 0.08419632549300086 0.15676390628041978 0.12592905872263213 0.08592774438452878 0.07966113836998238 0.16694986866645117 0.10482662080019128 0.14887156123036407 0.1255092763108844 0.016301051756393025 0.09831455643755448 0.08446597766466384 0.0448794213491426 0.005722812681191936 0.05166668075150115 0.02666527844188762 0.024062541309587196 0.012695433320791594 0.03406428671938591 0.02531989539857838 0.08376474985162938 0.10903652730288642 0.12033633758244777 0.021580887997354838 0.07088938670745173 0.07672052574169365 0.12080011303928924 0.1697627949847055 0.025594923486554445 0.16056527083700411 0.03749843058652938 0.09208219741041991 0.055220626113275564 0.17471252978319401 0.0931313075734361 NaN 0.25289764674695947 0.21332277487232457 0.14735362626930368 0.04124093103463726 0.08382853402233088 0.1400050548718351 0.0717077313256934 0.07278114104822668 0.06764970260958947 0.03321173730432739 0.04195289223455428 0.0856809044506419 0.00414603938481252 0.22516403509869973 0.13256177585223156 0.1460037599329007 0.0004882625603158643 0.05746950651156668 0.024186466997329317 0.010635191720495424 0.030065710033283653 0.03768788310542822 0.02096621585804757 0.021321023365273147 0.0005052174064523713 0.025427486691184085 0.06403997017743478 0.005930701887908225 0.05172471788647547 0.044826983376261106 0.059672375664818776 0.016652379323345533 0.07923256287333919 0.041047617255845124 0.20557264057324898 0.1843290432738078 0.06898248174834078 0.005390019584412714 0.026074584792641714 0.133638673094631 0.05532835199428093 0.03294977782607666 0.044443963073708466 0.02579071476789796 0.04466215218594968 0.024237811701523757 0.05818086680674807 0.1408332504470579 0.08168248156661906 0.00038955114212073144 0.012754309198986956 0.16852976802942085 0.008606027022038559 0.12056364425681014 0.17603849715132608 0.12887426321678308 0.25309132798976425 0.11965714956048258 0.11525840648353317 0.021768002833882322 0.037683639008575825 0.0880238653206212 0.05987890566933824 0.13971415501586143 0.12047462355251397 0.0028579684836972097 0.07191470556714623 0.007668039608431707 0.10680825467673302 0.09315292346707005 0.03389398681296095 0.11289810134640797 0.0505470272926989 0.029669716255974924 0.11775400082626884 0.1675221144555897 0.186963138203556 0.11985425922964008 0.005696686422382234 0.06760580675497538 0.05501889888940913 0.11959107781840958 0.08794732203828863 0.016107631178192586 0.08151226388850911 0.041895512150374514 0.03957387470524481 0.058275962491403696 0.1932044727273619 0.09803468687306606 0.04640296535405381 0.016885381396028673 0.032904382287643925 0.08830550804524169 0.04235018395333961 0.04008562360941357 0.00031607101883482635 0.010049404595836732 0.01957573763670787 0.07194538554182478 0.0642717516700267 0.05933364418889125 0.015567218764110302 0.021339201417540143 0.025224728500364738 0.05489601676096285 0.08682908041684777 0.07262767734928673 0.008007806624414509 0.02033291114387467 0.14836826945318005 0.027015123126737494 0.027699632467542975 0.10379804187759217 0.04384256218888808 0.013453589368739038 0.014191078687109742 0.004825958471450428
0.09633235089706753 0.013641632662238548 0.03544262235982851 0.11286856488610919 0.09623838755467841 0.05578155204256368 0.040881827537724076 0.04519030879225334 0.06683969952983645 0.19151130700637398 0.08452450406610289 0.116341507257798 0.044428838413675696 0.08307452883572751 0.14898461641536215 0.10254948813307999 0.04230887538549226 0.0015985268469109382 0.0022982849268495067 0.10466555871519762 0.034081785967752104 0.056486871573672534 0.025130420922432832 0.09290185134816124 0.030998611343496386 0.0440468576815419 0.0318807263346394 0.14013698606153815 0.02708187059008531 0.10513247221070829 0.0012531886234344199 0.040654769027085425 0.0065490332266740356 0.016150283297335984 0.024290833518608942 0.05124221653465104 0.0038444993671725956 0.14595373408715054 0.005673207910590032 0.023872089078853947 0.06323302347387974 0.10337651213505536 0.009600815004982948 0.1620461358483638 0.1685336851483692 0.08655514131927701 0.04100131447284865 0.04444859458195883 0.06800012563231753 0.1866693246127381 0.00010099912305513814 0.01974741713903635 0.05098682613266688 0.08142596001925796 0.012241042039360286 0.004102192738382479 0.057153482753954044 0.05653828832683779 0.052484094798031275 0.07818453781444107 0.07797491203403135 0.08506934190817807 0.07787938015674331 0.0409230613517431 0.04283985092191407 0.12745368369595522 0.021629155135774524 0.023208432720247196 0.1211611967927645 0.04875441158216299 0.0680501312059603 0.12281578460987723 0.10918680439553771 0.0395038774876147 0.046889675436781394 0.021708229031315366 0.11495582490202377 0.1533416889402502 0.18647683919907698 0.11098016777546793 0.13994824729558317 0.32082969028788416 0.12155383654107066 0.2170151036708631 0.07317506846406625 0.04788118051006916 0.056988264684701515 0.022349541439149405 0.05022420772815756 0.019157309728822795 0.0744385904952555 0.09970481960437245 0.07763319818669784 0.06730397920703292 0.06623347464867022 0.1450473168963554 0.004867126936405407 0.007252867737562893 0.1258187757826004 0.0955299325000249 0.06656745815336566 0.10027602243448723 0.09970307924773326 0.005709255394570538 0.10503322896833797 0.018985996280582007 0.07048170989787159 0.03755118182498891 0.04014530424799726 0.0694431634260607 0.0757073211997198 0.0013061956972923775 0.04509824745215675 0.0028143227503884495 0.07331702346021236 0.10186429044433323 0.09649977012616127 0.05069134224043501 0.018888390066420725 0.11210006791964545 0.005024953662228597 0.02550123686651229 0.004435692090636385 0.0537415378188691 0.07863174872314486 0.003436462472514227 0.024376031512898355 0.013651392688671285 0.0041042894829647555 0.048591656179412204 0.05544146115164413 0.12075643981957285 0.10766470924652435 0.0015090481560395877 0.060876358022451324 0.08824368058280785 0.34391197397524975 0.015758297540870204 0.14079654034740413 0.12409335017478411 0.01524393922821363 0.04210136018851872 0.1815402045913957 0.039921305859448634 0.07163279923240005 0.06017962418473769 0.036654844868963296 0.25014853077322663 0.08237929337372124 0.014339489799942075 0.021570533356323474 0.039964279328596544 0.05243210777915161 0.03255705505071686 0.034704319577341276 0.02440727391793019 0.08003672885806841 0.050608904208960075 0.03587416467587023 0.004733153642656549 0.03358184733209021 0.007872246598727132 0.028537798821015446 0.052078197098507466 0.005272960091019533 0.022788771894447564 0.09561981448173364 0.029701678206073688 0.051880744477877536 0.1145267659587547 0.20694216237860144 0.0188740133644522 0.08034769030569913 0.010427069266726792 0.084621155183705 0.0009529541946009691 0.17571345816831957 0.06293627394727624 0.05915328125294526 0.021638751753578003 0.12105269390307935 0.03033495603095019 0.045390136728316814 0.1365116783840497 0.10859763943664284 0.09008637209332293 0.15101390754303953 0.004866165842397129 0.01365891515302318 0.06745618936018805 0.19006508286359777 0.08112456707834666 0.13128449896252561 0.142208415750512 0.11908711622967738 0.0844329333720693 0.005371929413278893 0.07406756025891748 0.10379577223012501 0.11384385970115918 0.062232991028241404 0.07954338836153198 0.037039730457068404 0.05200329821188339 0.07149541077413041 0.0224978372979093 0.033268987567386915 0.08193875033170304 0.054378191178738856 0.1059223239605779 0.06216433123638584 0.06975502320950572 0.0617833831404705 0.04998704058497099 0.08533659473687832 0.1216116877933088 0.037578338906335745 0.17030669585375496 0.021302238301408635 0.019242286184017923 0.009270045451112182 0.08537107648236177 0.20326894832091885 0.18328327085198404 0.19358994227522547 0.2726266664697679 0.021269400813713604 0.054053403048918765 0.005855407292446249 0.30986052326357066 0.010182830892090267 0.007406326360907973 0.009926244799652234 0.04916638861528475 0.002437800175451163 0.06654345363013296 0.07703692524573319 0.044178305429385514 0.015675510112919094 0.024331684797621315 0.0003859674167485717 0.08712914947370762 0.017921404326257363 0.025741872546353507 0.06072054121991608 0.22281989117985776 0.02286634845652937 0.07708546095356926 0.15262651599045332 0.12097056510568302 0.04760830071427286 0.054979356341376746 0.08331522886712868 0.1444680453614415 0.035991759670639424 0.15912525848100678 0.1413526304331788 0.2959383665156818 0.10593870193228248 0.18373939473041176 0.25289764674695947 NaN 0.31108038737973803 0.26562310334858263 0.11440210777227502 0.07382991346021378 0.0403612779571598 0.008147853692521113 0.16800854221397443 0.05579143913228472 0.13734942039611078 0.0732127608341736 0.022304941343907828 0.03404633981026326 0.22542228518172294 0.25685498283183006 0.15257025195282364 0.013171712840452834 0.1067374557083984 0.014779100477697482 0.0890322978873684 0.034063233463125446 0.014438595695511895 0.025779445742118563 0.011783249295771219 0.02689817493817542 0.07775841855758174 0.016170138022254588 0.015513213871879249 0.061921335191900455 0.020771491425234594 0.029262471853003683 0.011586959235343423 0.04241204754235988 0.005124884533031328 0.28725582459179727 0.32764459815862107 0.02324314125862717 0.0435782602989799 0.01243139856167926 0.026655464099335755 0.06762391340523186 0.021377795705403574 0.04774227694611299 0.06724045286284376 0.024584111194570036 0.030704955101658236 0.017439181229077488 0.03182108158190722 0.1251694108745476 0.006402021824599081 0.19572948046804642 0.21769486492445786 0.07622040479069944 0.06246777255000363 0.28895159927774766 0.4459265815568139 0.19312856538745776 0.030397802185137077 0.1329757112436608 0.019669619529874255 0.0702050829261771 0.2507113891881333 0.22196733501056048 0.1903208062922404 0.09702148810540873 0.119268702945657 0.4436497719917444 0.017075925844353593 0.15394016592826157 0.08813369897921473 0.020695218056252896 0.014500805708831567 0.036086428238192546 0.05014904247058603 0.0029468303763389423 0.08769089055722841 0.013776779113402063 0.029087884691533467 0.023926698344678112 0.053878724849592545 0.045644770759260725 0.044787297147942655 0.042039226078040025 0.012217814532294358 0.04216954839091704 0.02851962700191062 0.0005139870918313383 0.06698179813960786 0.06694232232599485 0.20359600148338383 0.015165904399442683 0.01104449682216545 0.02051296728616667 0.010766980430258059 0.08384120930892519 0.04883826415806368 0.021227586860333773 0.12291542637003572 0.01766745218056595 0.2405345180847682 0.1604731711285871 0.0696931879029045 0.059128186149122734 5.562169205113039e-05 0.14911250709704466 0.013976905990564096 0.1546265563387987 0.07257549687622515 0.1298054735684379 0.22991873388851342 0.1803825345611315 0.11491439682643104 0.09996268811753593 0.02258650613172606 0.05337215116842682 0.03519568266249808 0.07072720461336224 0.11832303458767746
0.006143281689512416 0.12376065202442676 0.03710560624323769 0.09550657594258953 0.06532006935162815 0.07539071902938281 0.10214028744733103 0.18696970400123875 0.1180106837909614 0.08047380140232527 0.11204800246599074 0.05816972710000472 0.05214946234541057 0.06334547148800986 0.16708903349753185 0.03834591916081416 0.030750913862526923 0.09895574950439057 0.0028004879682330354 0.056451802944492625 0.06113113722464554 0.11410675269813213 0.1386145937923147 0.027305938822202093 0.024177038534728117 0.030867589886372327 0.053272998502127834 0.15385966378916496 0.18630756365957382 0.10698810129623018 0.05956092346646183 0.011826223688260624 0.009899075772542494 0.08487351407688536 0.160330858313986 0.09115232980597603 0.04660368812148925 0.0569988327076578 0.09133597472874994 0.15713735185186128 0.09476333714425403 0.055312849003736266 0.014877931779289427 0.050314805138099085 0.008529676014184405 0.03946007306925411 0.21637510782597064 0.06263421912034697 0.10128755320216858 0.18240803222241384 0.15709805742648086 0.11533863763033585 0.12481049702235318 0.14030071924121473 0.08125277968165455 0.07975562242546538 0.08663825983617394 0.016025469062540734 0.011881724059751226 0.06070030010484629 0.002216790868618218 0.15015218518958987 0.06305128192860972 0.0732891152602383 0.06371516364995661 0.0728126843027748 0.3290176113701091 0.11501254235543672 0.16389781382523616 0.007548729716354372 0.006551081063730821 0.10231560854238356 0.339441518825337 0.11255102454468978 0.06928728185430552 0.03168377435341492 0.239537878866649 0.3166477001284299 0.21172429378717092 0.2787591395190219 0.0976646797708479 0.08362555886101643 0.4710802819033929 0.2596417138071213 0.06958820201215976 0.01804190153529709 0.14622984575343292 0.022123202416797494 0.04827882672952885 0.10132004849690888 0.23591285556139543 0.029749191140385725 0.024973989059022664 0.049525230498692174 0.20322129113954815 0.15836145223646192 0.33585251384532716 0.05949914137479707 0.002345351942348723 0.03408883586936126 0.051621185090005066 0.01567917314944705 0.05418347650473133 0.0294418847920955 0.0395828064566781 0.1577974800138258 0.05134337958929631 0.033826783193105586 0.02122328202667295 0.057967306520938906 0.060118711004409804 0.023894601301403553 0.009062311443777721 0.007486091693371482 0.09370265391238047 0.1833986085919734 0.22809793706814263 0.006686830059779395 0.03279394833519448 0.07259323205274476 0.022334610061832894 0.03446697831879329 0.046247309187636775 0.0330758251473484 0.06389442495329659 0.02568245695736516 0.01926852605041415 0.014485726942925714 0.03483431565600059 0.17658240822814733 0.08453292156563205 0.0004759781236336605 0.3827801582270319 0.006346404087783414 0.07678685719147314 0.07516711780813391 0.28179385996227335 0.13318976012431585 0.1298200788573891 0.11112249089323684 0.053676758565756114 0.03413634201342054 0.010245081068170228 0.34935716507086473 0.38209738034297225 0.09729679244049419 0.0498340449054739 0.12603928523302377 0.350848551728965 0.15349149282893396 0.2240625863370326 0.02201986691682162 0.029080231835295976 0.010219525080351444 0.012644407073022548 0.11550371570066374 0.15093063951631328 0.01997973857320335 0.0820602924960313 0.09850374489140408 0.0311182940132297 0.22387684550627032 0.017795879420524807 0.029613184650909837 0.01883792714194528 0.04773640694856405 0.02357731661544837 0.005574858355711609 0.08310395394789807 0.20881004651163443 0.20900760726427903 0.06044375192130116 0.01707296416661822 0.004598900655183326 0.06617307545683568 0.005722953498616678 0.16608469354250907 0.029341033481806274 0.00842699763143645 0.027366843227976504 0.04119207419542186 0.1617479914423901 0.06818027608916322 0.09236238213148029 0.12304552841564029 0.10472964638510686 0.09626105257486124 0.17996285588082392 0.14821907387000366 0.10470366318817521 0.19712884877207326 0.037433716803068 0.0778019232269623 0.09140505078455319 0.1425208631575461 0.04377461816010618 0.016631135913846486 0.1002518834828869 0.03379288565766298 0.10088938113088676 0.11298438846080132 0.1460184826934911 0.17275302046415503 0.10262469765360703 0.06286796296201923 0.08467794225196963 0.04642468654805797 0.07519848220468567 0.2966127316236149 0.06346459430354127 0.059000212406350144 0.053348280358428805 0.07452272792672485 0.11487315594294216 0.002778890283804135 0.1971986416932106 0.060346314752644896 0.05979967261602846 0.06250488396001913 0.20298728041205988 0.059107128891939795 0.0872066091154415 0.145331583217137 0.15661619712979846 0.09102703559300142 0.1775125467745646 0.17851924739985506 0.0364583305823937 0.03957487784527062 0.22815748648728648 0.18698869944868043 0.18489318363168428 0.1429600683611325 0.129966150345296 0.10041801267358891 0.17415695925854874 0.074141758731632 0.16248185298500809 0.020352572885309374 0.018341384354495945 0.023198687358795676 0.04942689004318763 0.07528299369714408 0.001512282057794802 0.04558350179483275 0.07824571355012411 0.16298167156627005 0.063317380345373 0.21595422748059084 0.1542551869412411 0.03559594426237724 0.05054220411505138 0.3490096782411614 0.003605088448516665 0.1120739150694073 0.18925700138104692 0.2604340495851365 0.3042039514437202 0.12537228857176608 0.23649826891089015 0.21332277487232457 0.31108038737973803 NaN 0.34020601365692754 0.1591205057989604 0.030473203741439955 0.0431501358613433 0.07937491022414235 0.14353495237203417 0.06857149084513643 0.13892580280800593 0.03533905987505906 0.026891908711240295 0.1281246682271263 0.22728778829646487 0.2273002985941571 0.40897203999917 0.19110082142734283 0.02109542330517312 0.07382600553696089 0.04577542426871349 0.03186367709524254 0.029288875949343388 0.08211271218752028 0.08586644602468625 0.07111909870014872 0.007854872745701288 0.08564492423145763 0.03616159494981733 0.011186739495072031 0.05737811260569221 0.07747306539429392 0.0665617402554271 0.02563254646494536 0.08642387205013081 0.21815055573126324 0.312865455811651 0.0228504545934302 0.016720515468341413 0.04313539599966222 0.045804392103652426 0.05156617504572567 0.008062877733270076 0.12594930859064554 0.039495655033249095 0.05150484505485874 0.06766162724039836 0.11487311788694572 0.012859301659493123 0.047107386798318975 0.0994804689356965 0.15890455156974181 0.41515475916468614 0.08483773373461169 0.010203011723959819 0.14309548239143383 0.20641030757507356 0.21783660751359213 0.13489095780746846 0.14015634374570174 0.11433175148165979 0.019895779182500982 0.04439969927429368 0.43881990316898395 0.45448658270163467 0.12048102036562477 0.11596201021765214 0.27898330527104015 0.340865100972516 0.057862255939063155 0.08651288591177872 0.015694180160041614 0.07358588036735973 0.03969128622163922 0.031945840454338265 0.12132456769736195 0.09316552353301694 0.09929796531424225 0.07277286753958849 0.050251214206983606 0.05567811844134016 0.14686077337555473 0.04986882402637967 0.026177483302829728 0.07708133548493261 0.02695219324876134 0.006205204497167356 0.08238487465355239 0.04678227480124241 0.1446457517313106 0.13751828142392733 0.14005069933251943 0.0761196075667196 0.08196843489656343 0.09418013085598798 0.14635715713580894 0.1427252821443985 0.001145680309797735 0.012742398329800723 0.01835900172513969 0.09721501174819921 0.1047772603626176 0.07567939172884519 0.030856388474835246 0.004101060535685412 0.020322201097299285 0.0612151162480894 0.03012096706873106 0.09114227746953248 0.0063448454907451025 0.060493437043426884 0.14511558333081775 0.10562115638871857 0.0018177559157906212 0.0183363979758395 0.044195802958812286 0.05158908875783307 0.09772919865800739 0.07687416933698349
0.3285117539215377 0.05304347822326664 0.05958354055961958 0.276753536954477 0.22691764047265775 0.18522945380735936 0.08382050760940102 0.014601644578875375 0.02094096967095043 0.40163959387535353 0.06304241497910099 0.12332306082000528 0.20869633491956593 0.2645692894923818 0.37506954578456125 0.05087853391077909 0.02687814028708052 0.06927315225836853 0.1578304520268442 0.15919660920209205 0.09213511802742627 0.025852649314786286 0.015946098570404552 0.24617938095279687 0.18246276196810987 0.026414513206426758 0.27391560435432477 0.25028995215668215 0.2050792191637301 0.017832050297192377 0.10212845473109752 0.11498961383979453 0.13310549654851186 0.06907171640546216 0.13545118946787196 0.08444782916098209 0.14793956746244802 0.38901752560172465 0.0411274428164993 0.095326504671031 0.14362861911763128 0.0959794798149566 0.14976501376868365 0.40601199584645536 0.21716273121849242 0.10683880859570531 0.07107939269369158 0.10922946635886346 0.06518538952571239 0.07958536064606099 0.04109998525910461 0.023361976935827297 0.0340130780392576 0.03180621697510542 0.035587531507678176 0.01646903063991735 0.1627764764625183 0.08326776555357998 0.12474797223727577 0.24881615298162132 0.12574986857920586 0.21719318694219164 0.05259980261388713 0.11906075351811905 0.07341014348865067 0.009763952097822493 0.15081653044534285 0.03645336409934326 0.1460336266482682 0.21781534311958814 0.07018639006493771 0.1444271214647588 0.07238632167538045 0.09515589754862472 0.19767290672403282 0.18849671673931012 0.060989356142770595 0.2627260497453707 0.05127475095630509 0.020316940480638392 0.01938287774869829 0.2251381028240686 0.20618779348848595 0.5468428002658593 0.2727327883371548 0.35164836628533785 0.21326804684110862 0.01679129022639175 0.09977343941248372 0.09771224123989188 0.09770406598791873 0.02203554121570186 0.0539454257178767 0.08913300947196838 0.10682036083741625 0.2392081971119341 0.14847317607263025 0.12084888733277697 0.11245440196526929 0.06799071688502592 0.01028788442111875 0.06537499469123442 0.22109252068310103 0.11855921444411315 0.05093368979925426 0.0392391022148719 0.09374383283673739 0.16998969969018085 0.0011713129388015524 0.015121490209510615 0.1206786638205031 0.008760510770947687 0.08238678046411571 0.09876282739482631 0.04212500206858845 0.016096719747040595 0.1192165689366434 0.10045764608299394 0.024581006242388508 0.1325780751042329 0.140128948440644 0.017719635082261615 0.10093591875035532 0.09443797943546461 0.1432874930174464 0.002807206558209201 0.03903811859766915 0.09262285525996201 0.14770872481068997 0.06539043474388521 0.21837991642560922 0.23108058495331738 0.0003573987841571607 0.027257561254140153 0.09212292215308872 0.02520595480449885 0.21098838222431068 0.012963274071714458 0.047531719803402345 0.19994746899406746 0.043921083132293995 0.08710339925241138 0.2922730318334773 0.1816371395482453 0.07455879736717527 0.06151410390904696 0.1716009364897728 0.45895219872464044 0.35021795778048126 0.061155679828951044 0.05270766829170291 0.09440014430628677 0.07466617242234333 0.014529861223480024 0.002315754667864903 0.03629046524969579 0.024159871597510534 0.10071718589609938 0.09459973634445089 0.03063457968463575 0.1170700457202753 0.16097339043268394 0.002746189229252331 0.07556604791631716 0.013674447407109918 0.03370777164775276 0.1701261379759929 0.03005614927659735 0.22817656444111542 0.1563343506456782 0.19602623263074842 0.07213114036343421 0.14251717537821743 0.16966729625028296 0.06256171968398214 0.18824524360846143 0.08883817953932106 0.10959044992339022 0.2857681515871752 0.18559626929519407 0.33774905296564584 0.10865548214945199 0.14968510241793295 0.30207617936937103 0.2585693627272559 0.22744595976023196 0.09960871189812624 0.07634764152536729 0.062418059083346494 0.3229946456683357 0.21548381138963613 0.07736622065964431 0.21856817744434714 0.27715531825338546 0.41592047758475365 0.08993547588756282 0.010997445157624125 0.058172379683377066 0.1810755584320457 0.09173041868727137 0.17260821721169223 0.07454345224839913 0.04609885841274999 0.3162350354626873 0.1351172528560123 0.19280475596745023 0.19937045112355797 0.29980026352834704 0.3230455703018298 0.02623364787792269 0.15087132817378 0.06723715009689389 0.08495641544677938 0.09504965004509298 0.07221180396497295 0.21082461367041783 0.20799551615993703 0.42123328338681254 0.05446382366471796 0.014880811365124128 0.09012659087069275 0.14663982295622832 0.30953215583848825 0.3702584261724752 0.2927330504440842 0.30311481394175266 0.025902740536704546 0.15455063711036107 0.05101948013698146 0.20350553305293856 0.013111332191022219 0.07191164461083828 0.1255980589417766 0.0017248407271487365 0.012614899290425995 0.1420488411278715 0.051945099959307746 0.09321978302778132 0.28472730723846756 0.26633059048149416 0.057279592730031796 0.08365117275195745 0.09071880546722183 0.08832210247498685 0.028771985528528842 0.06035476414661021 0.006070036831969803 0.007457551575307118 0.17498861647404843 0.22300125722387426 0.12063204345482852 0.1653137365005411 0.0923263986846336 0.10417726890441936 0.24398764866091188 0.2695502620780432 0.01924588513508402 0.3073752551832746 0.004064921450983571 0.05079745406966827 0.14735362626930368 0.26562310334858263 0.34020601365692754 NaN 0.35528075302743783 0.4182079837804791 0.020555686293661075 0.029136727649447622 0.16438117266975055 0.002690247706297037 0.08472003870565901 0.14110367960196632 0.06141417361372335 0.011698218616340614 0.16741682213037545 0.2697522658714256 0.21471777628244532 0.020979659418769902 0.1851395257910057 0.0699590670158714 0.04123796800294333 0.09147868510448344 0.14350812268851681 0.17979829097239305 0.21371628593913047 0.060142265709795875 0.16552927498081577 0.18105890756075288 0.07577723901384119 0.04807770590908357 0.19513081671566485 0.022172208840912092 0.11725025026488747 0.06768945233759954 0.09350888498759209 0.1450141726743632 0.2839364096484598 0.03516375830760587 0.0832383608305814 0.05665580963714908 0.17763740826062302 0.03636580280620351 0.01117697168568784 0.22690460472870483 0.1809992620862383 0.01630447888226414 0.09413848311775622 0.2022241822110711 0.13117365110846638 0.14244291281316987 0.09814363256139855 0.24207276216566426 0.0882325797641927 0.030637803955585238 0.013367504118166054 0.1297817082005112 0.30611505813028206 0.11330752407747388 0.004646369630533757 0.18918848462956486 0.025630848831906278 0.16018946286220737 0.3372291823042244 0.257421087273478 0.13849352664131875 0.19588164765373384 0.23943605633580461 0.5108602073386145 0.28578411405267473 0.16345995790775267 0.05184870890996426 0.05821371812065259 0.04018989375172479 0.03429100999045545 0.03189414921297138 0.07437247794536646 0.13054201815909824 0.08694538790269576 0.03004422237357376 0.048935825222040825 0.053517718322632184 0.259494838959747 0.06580903167345162 0.006982244658489119 0.040561529997997864 0.061339687322832376 0.1866268094659649 0.06551809159188834 0.14901062453510885 0.10911559779937545 0.14328619299591686 0.09884180244243229 0.1487856690716783 0.20947556622905764 0.022447511869381924 0.255708109937544 0.038997197017353796 0.06902311128390705 0.1785369877814883 0.22544332121334423 0.2657509873686155 0.3209490086139579 0.16646618107291067 0.16289655915105664 0.11436313405144952 0.1678402573048702 0.10807626223201759 0.017181928298930928 0.07419442983144757 0.1284391195425775 0.14834270581580014 0.3057634734965907 0.164992508637904 0.16997337177710128 0.09514304086503489 0.15324198356774027 0.13126589553985554 0.039931452624788207 0.17441012914465234
0.22866196589794885 0.02907977834320072 0.004150011031929672 0.19431177093106314 0.1576055055401021 0.023561347103010628 0.05545060935078682 0.15579525672243685 0.0914430949260901 0.2935053113242463 0.09335913891331558 0.17572005674182795 0.14397658795482457 0.24637686572320577 0.40279813466988484 0.0006205473734440096 0.0364136048441217 0.1377359156800434 0.09543542276044072 0.03713340071284485 0.003381547135245703 0.1132198858230692 0.08930227204963843 0.22903266261632413 0.16168087650911636 0.03850698658648756 0.11328916118914471 0.07477990275034875 0.10603577684156369 0.0609380436964772 0.010104818359208565 0.09104704850705658 0.07028556633316686 0.08502214445064878 0.20316460585406784 0.01164627167377523 0.08381611483460188 0.2275978751254205 0.043256736164919984 0.14147781906231788 0.04745847538685066 0.03383888968891143 0.12224688592712946 0.2498155410729811 0.05902707530936571 0.02053081914085481 0.08964358006223548 0.02848777425501289 0.0031157349103702126 0.06511571795883284 0.15568351304598166 0.16039355428889826 0.044748283954538025 0.09075688491352712 0.11241846399161073 0.08290952515424045 0.04533302795419825 0.021500973310244406 0.14621479076138874 0.18855200911474854 0.11877107326802307 0.16208283878651844 0.042845146394053464 0.0981439661977414 0.03483015530812173 0.10394538741373793 0.12462950986661753 0.18553830829020057 0.22580709489591677 0.2493587759603776 0.16658431334022752 0.08915266331934033 0.004764379076570765 0.0010059464000056514 0.25147162728841727 0.17438989830491197 0.08457866006628788 0.15399796134571467 0.064046085967326 0.0009550897642277139 0.15112960004901616 0.11560052942361185 0.1859977236746075 0.3309684080901324 0.29916792246576474 0.29916844087460387 0.16351964992948528 0.02134251875898263 0.12352999209932224 0.009420414758869169 0.12856753705829457 0.002455380991896513 0.09901492366755008 0.0003576019655610167 0.026121196875247322 0.006528087920089019 0.19877198105701957 0.044938121113823656 0.046301307484085195 0.026618531632770986 0.001696417282178034 0.14081606309990663 0.1152798341489464 0.1041715873556043 0.08170213163844396 0.06515079339135524 0.01950465895675507 0.15269177767909636 0.06559781405261748 0.025571043652868518 0.09287358353237568 0.013107454025441702 0.0776010989902938 0.025173682100617267 0.0839330330618227 0.1845140019051753 0.04329285394604 0.1252229765088125 0.011047727157632711 0.1306891958401513 0.030587792085118644 0.0011743650006682466 0.05385522278465418 0.07752670807673437 0.23973969400846706 0.05833005386541439 0.034528660779112236 0.11319694082241497 0.18863028869703016 0.1409274536039842 0.22004693138155654 0.2612459222065364 0.00254856016875214 0.06952200583250186 0.1450982461712932 0.016954364203873286 0.016915060744288408 0.14125795244450623 0.03773731352202572 0.08340170032886977 0.023570725181284405 0.07288705229523901 0.15323573438710145 0.22679022088671943 0.03947187773009195 0.02595795856085686 0.09171643238717186 0.2773712028626661 0.3759438225055364 0.14808447640001915 0.007988149517898622 0.03848961296464699 0.023562724687350933 0.05689159298257565 0.03964759006795049 0.06073509863614794 0.15828812868729336 0.011643810492479824 0.011058452077383183 0.01845251071524846 0.20826059968701635 0.06662166613260427 0.05794712518118463 0.09621842955648534 0.03906705411050286 0.07050366365771962 0.1064175868401784 0.060824911110756344 0.19425718213028179 0.14231217722666958 0.16679490931182217 0.06507328827936859 0.11648096650154624 0.18939840083800025 0.04692302018336026 0.19201258432602075 0.07711841464843788 0.06028010039057031 0.29491510971016155 0.15775135601830145 0.2524963580205115 0.09250655568146338 0.04690967996574564 0.23747914032524386 0.22713276859190737 0.09146089882579453 0.03529162343010022 0.040043743058840946 0.06226095337109915 0.16425407945896917 0.04710717870552568 0.1173900189467342 0.1772440971589947 0.21248577294471419 0.4009114637243513 0.053145917593612854 0.0013571193285512849 0.1586088873205524 0.12418378161428864 0.022125481511032982 0.05499092192378296 0.04296759955494916 0.009885790108520316 0.26233860984378937 0.03177192859089498 0.07768456700221185 0.09050649159649171 0.1609268653821365 0.14072931044281184 0.10329772980698887 0.004431497149827442 0.14124611719366933 0.05679558358127053 0.07270891803653198 0.1043802145830432 0.05224270617900537 0.09821922063370982 0.2929412735710383 0.019111478170100393 0.08857456669721014 0.09990797869859737 0.05432107626827514 0.06111354450608662 0.1077592691098766 0.11074325779096125 0.09807224718402967 0.14655194469866412 0.07288048813068858 0.01601248965142291 0.05604652950648802 0.0819765879147507 0.030300512146559613 0.03110782473058932 0.05547764321793438 0.08154447477105187 0.0030793843694979194 0.03975230027183044 0.03831113716574454 0.19954049283931255 0.17539625112608312 0.02969561085552684 0.12735427036407018 0.08651498447025316 0.06949226160945893 0.0038875554350129137 0.039004722416049416 0.03380213970303069 0.15903360787587914 0.1503343829966002 0.1660442103234723 0.16657702002943822 0.20645797217588707 0.013677596903000829 0.044686676943088637 0.19196653115919005 0.109910998213583 0.011762551291711677 0.0828125642324274 0.06727507041703473 0.043682906524680834 0.04124093103463726 0.11440210777227502 0.1591205057989604 0.35528075302743783 NaN 0.33985317025428846 0.028898197321981362 0.061545702025339065 0.27377009085983817 0.04538832504604395 0.016928107364787455 0.1730024994122898 0.01599971135619113 0.005812025913399098 0.03414337262217119 0.014081998552629505 0.13296013448800642 0.1002898863391765 0.11572635790314237 0.007199573372764207 0.005461713553762343 0.07894275732002022 0.1962088652750607 0.17368185748398557 0.17382991728371341 0.036060897729089283 0.10448021258880681 0.13883044853529972 0.12857427834654145 0.04291831074988021 0.17815941760340234 0.021296258922951596 0.013402763092650479 0.13438801738945177 0.009770426959530606 0.10262640485879815 0.051585227161388233 0.09764484608406374 0.01815542458419108 0.1227325809442493 0.06026742805004863 0.013027793153227916 0.011819463715474637 0.1241046823966193 0.23826903849359998 0.02347599780524148 0.02928024172610451 0.1512019983445975 0.1838325169116931 0.029867276417815024 0.06513158632261638 0.14466917229478543 0.016793301403715086 0.018773982050611798 0.06070270537200687 0.06479534636935998 0.11726623585522689 0.06800868115840043 0.15305856211992944 0.04780037601612109 0.03635683792852257 0.03232630487313813 0.1889721254338624 0.250788246477391 0.06323566848642673 0.0794920515725319 0.12992340092911933 0.2667279964608549 0.3806733370691982 0.1892258337440879 0.0795427813032183 0.06781478110761943 0.047976878787779 0.06181216852644699 0.07420324354230216 0.08849627684309082 0.011089289399013694 0.006411272266539923 0.005218744456316318 0.029779448933917672 0.0734944420084803 0.11015262424662953 0.03916931523621088 0.058416499385222684 0.008293675306092048 0.04520034007766257 0.11970130350211083 0.034395846685851945 0.07472369672637365 0.054892228053649295 0.2647559093960192 0.05601926902616926 0.10626840901731603 0.12396439929173252 0.0813025098539586 0.1485304868151222 0.07931566316716428 0.020882431930319325 0.14687507904011873 0.15648669409292637 0.24191412744066415 0.21832607879396682 0.11312210336739435 0.1813980810993314 0.04428996529196487 0.11725040090126837 0.18405351165805772 0.0654132352918126 0.11114009447265531 0.0797358078273317 0.1731390528319701 0.3018603683084557 0.1160607807421238 0.20733068913337876 0.07558816941961091 0.18861975437660505 0.14512110177312995 0.044920223139485196 0.11830126234021726
0.4278959027813575 0.08316829399089966 0.06583230371399536 0.36358455959447916 0.3114021810605315 0.09521406414645502 0.023322747441813105 0.10512971623169402 0.14638979440882946 0.3317453141288122 0.02224948322091778 0.013293729934190453 0.28290360630275363 0.24938709008809193 0.3996270124568211 0.03908880272353823 0.058440373165238556 0.1337923786918026 0.10299648358149695 0.11752427936410585 0.028134800043966294 0.07835317485622899 0.16660707113459292 0.268961093357589 0.23850635154233965 0.16561707447248689 0.20325814571685938 0.09438554117419826 0.025311919093254205 0.05602862871908112 0.026775519754568152 0.17880084579273345 0.09025639385856611 0.06587990197195823 0.13562572565341668 0.005453549929948674 0.0015759804493852933 0.28807673559492286 0.008799431700446544 0.12039363257249988 0.056899950528204214 0.08293475995073175 0.1696364776360042 0.40465675731147976 0.04204196409163601 0.008132705485656398 0.07078258794749571 0.10076583887899343 0.05369691893807518 0.018473033538534685 0.13512109711567943 0.14921355426436136 0.06589908361941103 0.026214790620965118 0.12873468610121033 0.07137257459016978 0.05669408541080357 0.027176578123595672 0.13117422001740553 0.2242906779685356 0.14152735798024788 0.1692945531044321 0.0030992120347867217 0.18773128044344276 0.04067828488930827 0.0656958734737179 0.07882240184672697 0.13990579510941073 0.01024418634001004 0.244923183526836 0.024125241001648826 0.08329879082929771 0.10136814456137137 0.16034973554913542 0.07643758530062125 0.18974969978005268 0.12068946241488776 0.14647503657168448 0.04699059136833132 0.05656350791540408 0.06858208078216761 0.11767795491877876 0.0009857621690106204 0.3611441369588304 0.27242711852545776 0.5111397891626663 0.20031336645865722 0.0030785758090309694 0.15529769116642161 0.004854828843165542 0.03483282220287418 0.01095211960778685 0.01794330922582076 0.09495805749532917 0.06008670258582436 0.04505232781456687 0.07543598258271178 0.0941526883286793 0.008046057190615139 0.11754769177768307 0.05606164091357178 0.04024109741842608 0.061959415274769884 0.0681645237420836 0.03596246879213942 0.08806273878033155 0.0627120637955348 0.1721478538805621 0.05559262198338188 0.020021376193406316 0.1596977550942349 0.05706041558719052 0.047996420426902484 0.053397443660698304 0.14598260358472573 0.15356521305340132 0.04535488383455819 0.05839262514906782 0.017644449144354753 0.07775114246407261 0.12503553099655787 0.03285289178524768 0.035038610478217255 0.07041707904533621 0.14996473691431184 0.031918384000213025 0.0857740466990607 0.05267794918561793 0.027381574301411665 0.1171089418988125 0.05649557310879193 0.2305030065262969 0.0977468340129501 0.04463644897114846 0.0862496427828423 0.024735790677413463 0.03158985971429865 0.009376773319759757 0.012175237518720862 0.09095892770166981 0.03252258059420565 0.08330548107897884 0.13773603120880468 0.12950612673987758 0.050135271753201135 0.007944581976277166 0.021729777532616894 0.23015379368303512 0.2798339947507676 0.10701901792574064 0.11014660681887249 0.07861701158806061 0.04429767339204304 0.035427132199395105 0.039109572362238665 0.04407870704806589 0.10834184371294461 0.036711668630099406 0.03681157744596622 0.06394473082435659 0.12931228282994323 0.054123537466158514 0.018087272413199715 0.027897806174171882 0.04479395081559606 0.04183279974445642 0.08107686482251374 0.02484771720051144 0.27165936930709517 0.02893045269123196 0.17456838235054187 0.036884561679220454 0.15021362098311153 0.15886364882801118 0.06113651350185588 0.14052091744529877 0.04366515224523322 0.03762492226115893 0.41372310225091 0.27678660470578853 0.4567238536052646 0.057388703465402896 0.17347232671354385 0.44765376890289926 0.3695989493348415 0.22442246961557843 0.08859235828922159 0.07062439023712067 0.0961544652710683 0.2474614527286013 0.1078644723454462 0.016739354592082104 0.3149428019391246 0.3001355636294802 0.44754330450290025 0.14293949502476946 0.07098381620673583 0.0888757232180917 0.19616221221637292 0.143838578005272 0.1273940377268938 0.012132677806072443 0.05141619316940099 0.31296108234197134 0.12265124907634513 0.178056672997515 0.2198795238878115 0.17972520086778776 0.12604179604259358 0.007830952334674256 0.01564690313393038 0.23779271302230437 0.07492733668798297 0.03348508706671555 0.054998454199940344 0.04245002904714247 0.10933771217710102 0.3121572799116431 0.04193381139351574 0.09669667571603999 0.02690054242424916 0.06184778647319805 0.21883297357538012 0.3037222510697414 0.0655119253437556 0.09150182893827702 0.08954152025026085 0.20980796792984274 0.12254778072343402 0.07208394004104571 0.13274477451474026 0.08736627390835185 0.06149176604537528 0.018750391601734313 0.11011021445408668 0.03671658739293004 0.03539293723888875 0.005861860764979837 0.2603651808836552 0.20389371877098883 0.22789451740930736 0.26960796519749436 0.09852577506833085 0.32063241685777594 0.02202067508723796 0.004165632402263448 0.06052649873708128 0.05679504954084485 0.1389248455196702 0.013285471799323753 0.026007465521914703 0.12652794728612687 0.005046688406461876 0.10176288512319492 0.02063913030088008 0.05039908146214996 0.257471282366594 0.06603945131172922 0.1538966522888861 0.06325642216912998 0.08382853402233088 0.07382991346021378 0.030473203741439955 0.4182079837804791 0.33985317025428846 NaN 0.045736509673417566 0.08212200657505409 0.12701464823540645 0.18020579957154703 0.004999071404902166 0.10667801635213642 0.01487082687161271 0.17391274363337644 0.10966345676611332 0.03905714168543446 0.11890360861723784 0.033990452923862075 0.041623343626957875 0.029642960980103945 0.02658716691290343 0.005236485650413916 0.11809000436958283 0.1487955256237729 0.026257481781137425 0.11832398436189788 0.07040550405767707 0.2146910852680228 0.07075339609967257 0.06804774643560213 0.2330309727733083 0.016714950764304293 0.014313448158620602 0.05835024785449133 0.0632807020757373 0.04103086107090169 0.08202116751372268 0.08800989863999141 0.02109153458056284 0.043601181273145814 0.16565797560807316 0.02573177310516806 0.022707561962497378 0.03912101314166863 0.2166740381611061 0.012641574653965782 0.01167018075140969 0.10653109053504989 0.053898403317419775 0.09395970939463494 0.044791385847839184 0.042705822175227476 0.09894546850194823 0.02873731362060967 0.027713657798896674 0.0022066607234646593 0.01718955655692737 0.034124843199535806 0.08075481597554168 0.10931843079553774 0.03550550472482179 0.07129737422821207 0.24987367227980822 0.06220204010851976 0.052939488609833975 0.010477142206904717 0.0014606395923835967 0.2907004789269774 0.2841572670910343 0.0011937855828975633 0.08763044937073629 0.04640109754712233 0.033595872540134186 0.01667390451562416 0.09437919187988557 0.08280597353379032 0.052348461728253755 0.08461590184794865 0.019955207384742026 0.08123125150373836 0.13360563350141527 0.1590233409780913 0.06642880320218211 0.041757468942504865 0.028391571572053933 0.1293997137824989 0.05646270186924075 0.044236444324503625 0.10918912429808027 0.02631811574253007 0.17760853597247525 0.02431147759195938 0.14487696391983865 0.12527965389684292 0.18690327208445698 0.02973957227930399 0.12306422795344181 0.055386524983642604 0.3165107695579319 0.3234666401258106 0.3315717172797734 0.3408970493802333 0.27324685893359163 0.17532477338186606 0.10351918621487201 0.23196352031215028 0.10321542896083939 0.039449412474164926 0.06844735976919061 0.14515752829807851 0.29883842951202816 0.31873864081396863 0.24894200876547543 0.2371959090595936 0.1113106841140427 0.10534308469659989 0.0783980069407112 0.054249326740772735 0.15552623125891274
0.04376315874767865 0.14255041471161353 0.10927689136499188 0.08135850457867395 0.07752022836786789 0.08062261620725965 0.10084961011824593 0.24363632275497615 0.16297667695950452 0.042314022775274476 0.06112528466701969 0.24692190956221993 0.037759954578356 0.02556644976014904 0.11670961676670075 0.012561198016939482 0.050682933351698746 0.19207219975157624 0.013035301651533927 0.14079577113380992 0.09790011635469865 0.1527178196355371 0.17636052928140364 0.0002713980492993027 0.07885849290051486 0.14501155683966646 0.01475565793806241 0.08861071555995188 0.0802641019180382 0.2286571067037822 0.05901435743281983 0.15221612990903904 0.12234623329248819 0.19248547089097787 0.0462756251665151 0.15434458712366672 0.04997727764176056 0.03142903290321472 0.13436080529612204 0.10570812750233033 0.033846357630773795 0.07372577051775385 0.09070698103501168 0.026464273772143533 0.0626406907252259 0.01257299295332759 0.17842806739641356 0.09759485367552212 0.12794299772438048 0.08735789094226849 0.2327328066393386 0.14524914565826397 0.18011921257388636 0.188614507393716 0.11510743411023511 0.14532449761800278 0.010634257802285529 0.03903971628143956 0.027497718869405118 0.12407926616305398 0.07466069712084478 0.019593424098858843 0.14436806547584005 0.09366936657678555 0.14658162923712348 0.1283381159142835 0.19436744809193496 0.21146215289297055 0.27334157601327524 0.1512234222786515 0.2563812537532865 0.16183678590222017 0.11893596421883619 0.01844289318432811 0.2357744117831044 0.16838947873089025 0.004751464390028225 0.159396143111309 0.012727625121903093 0.037937710479459534 0.10932877201838195 0.05328194620025698 0.025104494666896824 0.07667364654658912 0.10871419654535386 0.03578641510234625 0.16921723923076323 0.04444737519244213 0.03833451027127816 0.017512748066136476 0.06511303055180069 0.03957949506467531 0.048763370583980614 0.03388906639337608 0.006202411210132587 0.0063713918700465414 0.05899031794993057 0.1238880165643458 0.013823836526868522 0.004553605736028714 0.06028257631342049 0.08488951604321049 0.025974862317030025 0.006121835141703672 0.07520002308400829 0.006469936232850836 0.02467043330222615 0.051947903944981035 0.017485387210448542 0.06745065963017063 0.12327887645556498 0.017947097034744678 0.012597736601383575 0.005555434787506126 0.07437043173574429 0.1537906781179561 0.03803233792552775 0.08789972000745284 0.029376254726580515 0.09414287973798602 0.022129687146118335 0.014888761498630061 0.08927476999551645 0.01771911302504058 0.10505885372736533 0.07521465946462455 0.05334702730040643 0.09286894518523121 0.17834572802560664 0.038872851807863276 0.1364879294191148 0.17795382866784062 0.01421134759125273 0.028004605558591834 0.03410671738579232 0.11546937912700046 0.024927492677174583 0.1685201380929482 0.12841676665940943 0.013173153110770733 0.07639601415297428 0.016017819208825352 0.09473439590383496 0.1074464980176836 0.013445766741137352 0.06558036950890032 0.029361821766748175 0.17059379681025177 0.0650500864987006 0.3287653340238745 0.15271766716942722 0.029823777834959923 0.02676394257741657 0.02682063018146896 0.04824011498439771 0.183660926487698 0.19127436721117635 0.14463611314868724 0.1544225486471169 0.050604554708798384 0.0056152568753109556 0.13937068214817858 0.045190940478082475 0.10029865925052532 0.0975589450952623 0.0759689185303677 0.13675530794713905 0.09689753090626378 0.026190664319680007 0.05655031925947382 0.030781093956030306 0.006511929256691787 0.018012222929688876 0.0075447671458129814 0.008927009145088163 0.14750076824325056 0.0034494413059320914 0.0007549165958499846 0.0348840160679475 0.039246570510517956 0.001903592977540743 0.10994158519810407 0.09807134849436852 0.07187577565957659 0.06272684928121061 0.05159857973373343 0.08735008307176727 0.1537895302266799 0.1832615662746792 0.05272821188192101 0.028883541009085457 0.21332048561774059 0.12142148822179724 0.07471537564074666 0.13835886568561512 0.002737646335117556 0.07975186156392443 0.18501926907005598 0.0018681272894223572 0.14342954796449714 0.12650853643815388 0.12667718320780633 0.16896639112428 0.019781699897767176 0.08336505416655443 0.23977352292561882 0.01543542497179041 0.1335307306235023 0.0015092793718734525 0.2634282025588222 0.06009799702169978 0.18802316748807216 0.16072932169152254 0.23624938714427093 0.3335897960268695 0.09717257974377072 0.017961016258815618 0.02060711602380709 0.07551502172653264 0.13906864807922947 0.009625444843820684 0.028264369515548834 0.05271734504071071 0.02619794450751034 0.03232344252639765 0.0074627548082176675 0.18996806832580132 0.02971147406981534 0.09197079901757291 0.009781953460591302 0.13552625549228092 0.15082373879915106 0.13095260418995355 0.11756336673133456 0.047915347848905186 0.07324589839908877 0.10677166128527943 0.032774102729133274 0.026152296412938317 0.026555428507566623 0.07852045249924089 0.23209748076759465 0.04207258109368535 0.15966364386144621 0.08943222984195026 0.10922169162171894 0.2538703818406902 0.2635488998078269 0.2979335395600936 0.18845673203352217 0.35001583467814 0.3680675205452376 0.1099398886938861 0.15640628234096204 0.2249046453311497 0.21834872516738432 0.08104221271809656 0.06818746034791649 0.07506863860499297 0.06053064255715483 0.1400050548718351 0.0403612779571598 0.0431501358613433 0.020555686293661075 0.028898197321981362 0.045736509673417566 NaN 0.07313514893471768 0.08836419198529959 0.006141872775404139 0.0007003765561667684 0.05503553515215802 0.03615043253958857 0.11994255678234443 0.027954785177694362 0.014661590828821907 0.015783551128079314 0.15086404771728662 0.056899711410417594 0.06257847996182792 0.019981055927716863 0.0030747924092640938 0.007423299668537343 0.03043602664568944 0.06481545879935928 0.009385657902771497 0.022997891454666915 0.07064420717564142 0.014323275987550284 0.0043157496514080506 0.0005056589913054389 0.010502516721725091 0.02607898707129268 0.07837170104862132 0.07421281818051416 0.17159399577066042 0.04004696186562247 0.06596212522806433 0.027729975453796605 0.08278014657266985 0.10797174799770948 0.0005200224079768862 0.07781532792046268 0.009185466957029226 0.181563705559253 0.01967552068220386 0.03615314345947526 0.16112398504203831 0.2311149044256478 0.24802757519055116 0.08911326689382387 0.26334358118515255 0.11821915892591822 0.0752200269454808 0.08607358694913503 0.05706081942747309 0.09066878270012645 0.14901234735259417 0.13200469633277076 0.10427305133247326 0.015959510954801737 0.06176202820090558 0.10179691334867615 0.13099686240144498 0.03734511770906272 0.100626419329852 0.06882847437037516 0.11680851660559964 0.0866162383646649 0.37589152473857174 0.2966687390109667 0.05212442938973799 0.08932099893337123 0.06327550464280764 0.02817499344387837 0.09432076930171297 0.14249616443550067 0.1327172064558427 0.13367220427352994 0.022331047125784563 0.18122203394762698 0.03535498066189226 0.14407808094244456 0.17101450432189091 0.0159791203243078 0.10108716121359264 0.12069300732945314 0.036983661410037186 0.011977873993747013 0.25186121990102783 0.04145907115187824 0.026502999319873564 0.0375143236081223 0.04837433965601444 0.08092215235857439 0.1751109705463874 0.15927838397079175 0.03230709854008772 0.04107191741990662 0.029757676138714773 0.09527267282489316 0.07342036218377082 0.11291630157268714 0.055607694295770366 0.005119926726499997 0.03251317731489877 0.1459000114139812 0.1098285425156338 0.08976279530961384 0.048658845381361025 0.1255661831790118 0.09715663364881484 0.056875874222655894 0.028074840326615197 0.032875337949639406 0.15324151959857213 0.030340736462231874 0.02095628784458755 0.03618554001303165
0.12250936240254393 0.098796169026472 0.01589003850757712 0.16994760609028942 0.18815757301996186 0.16189491097124634 0.13724452181130706 0.012688385493049863 0.04262579167542464 0.005109119489633979 0.04132906906277689 0.10057579521542569 0.09798106716654449 0.03807530876038987 0.10226707319176422 0.025398687477030495 0.04309304367462597 0.0809127895174787 0.0350385214667829 0.14475238644718558 0.02010580400116306 0.06155533890716043 0.07792202464700197 0.003338246173050052 0.022319807861830947 0.13045258253073672 0.02192821004550728 0.057906688228030065 0.12061608489030667 0.035208164659402345 0.027095052234629144 0.07470402262343041 0.06341684444376493 0.02083981621028664 0.06002610282280794 0.018204135398775426 0.06458116389251808 0.041294439376358266 0.023221435336742764 0.009261465374294587 0.014348088081598464 0.06317748838038442 0.0728789612904359 0.00805184406180901 0.020551720319102188 0.051555043055743544 0.04321401249040297 0.037522440107647194 0.0007951082496189492 0.010632053114837843 0.05143790280312581 0.013649346470029817 0.0030698542174673557 0.01554705113855788 0.02336295446751402 0.06810032699386864 0.041424201740673516 0.061360598597365715 0.00077405839420417 0.01807065665941127 0.07324953366816224 0.002564070487915231 0.06830101424044595 0.035940031042926056 0.01488536850445134 0.016391152225487187 0.006159973888202013 0.0023917931409753713 0.2377669045764401 0.0936473069128393 0.12550948148949972 0.15672845574644242 0.06344845170133213 0.005099942401725683 0.15049687430192327 0.07196825939949233 0.10152337895069324 0.08031616987896334 0.04582590895586737 0.0893611714662815 0.036333005226684055 0.0011614578758249007 0.15162607178029808 0.03938916559842148 0.030362803439834968 0.1714507287891256 0.055418885515408384 0.07061261160670766 0.02935774153927846 0.06705317381555286 0.05449857648710013 0.046919237257232474 0.05359229543111557 0.1497844252266002 0.07961657361779878 0.0328656192576745 0.10838116301590381 0.0006659440703145166 0.0310099352239314 0.10668525878416944 0.02948048880013666 0.011807802271278759 0.005197494387573709 0.032276036063920516 0.10577975007818584 0.012404346314478563 0.006038325608740697 0.010192282706504338 0.039583638706579806 0.012178148075029776 0.04713031790975262 0.040514714829232884 0.0356632867271816 0.03699800185106569 0.022492201113513015 0.04132332475661604 0.013489884209183668 0.020620518014015925 0.013769503614055479 0.029792186419187853 0.03152546125239469 0.02586097656194464 0.06633732482284986 0.006658773161284702 0.13316272063646076 0.07039421739566341 0.019916347600792465 0.10663855714861262 0.11194928003405247 0.05419668845649467 0.1125989764113483 0.10067868863659321 0.10449274552078337 0.02228260301939129 0.0019902744131034557 0.0378062929856793 0.06691145653847572 0.09075745537087836 0.05783507626864856 0.01566932175789136 0.03617618315254174 0.00038652567355939124 0.060902049017337236 0.15470161846313107 0.18906800312581482 0.1073713005795313 0.06817114926557692 0.03304134624273313 0.1232710891855001 0.03719550218013812 0.07098635940800545 0.02617666216349341 0.008767266970007154 0.1059049703452259 0.016131177922154755 0.10903083733757261 0.08719775521561532 0.12668269983709038 0.10012255840144826 0.018633835453456385 0.11193342594857152 0.016738322535837888 0.010820173326076224 0.0008620745283368852 0.029171162798504728 0.05742879052410636 0.01582596552779671 0.011157551873677453 0.029358780072988318 0.0568328869041312 0.020852160920848264 0.02365079980358852 0.0600238463731325 0.02471663264064238 0.010038949001758384 0.14266776536879644 0.05987006870250016 0.009662094296548608 0.06741753604475355 0.019657447776694724 0.14354896273490086 0.11046519652345316 0.015940941758097595 0.18390512101465073 0.1893270046021803 0.18502042526372545 0.13722268913119767 0.041521814123174954 0.03321944528222016 0.033070710564974994 0.021569034511459913 0.12316837120386202 0.15469432279535275 0.0028270316187505628 0.06161521671047073 0.04736437643096067 0.08553288979193005 0.07503312245547636 0.09153336943253268 0.12609221392316391 0.13996836342778715 0.0831207543691262 0.07000368591545528 0.02191703524234539 0.119580997457073 0.17926231485044108 0.029795293381657022 0.05033331413350202 0.12143946009447419 0.07319657992393656 0.07481295664228887 0.043463031724997325 0.016179818518307326 0.0434136887322042 0.09602125605143523 0.033680091055542184 0.0238939112261727 0.05097570325889711 0.00603947925209036 0.024405229333563296 0.04625787903886272 0.07766609270258752 0.01250118361880427 0.01635119481638673 0.13282821081929527 0.07234613641725235 0.008950187707052686 0.04784328571055009 0.00912082046375708 0.043806577311474054 0.0006694122385867996 0.042017990072497444 0.007306530635372063 0.019435227885178798 0.0802593416024643 0.02676145805121612 0.03343202009302872 0.0015480207675757135 0.016471210512049837 0.12115972896836609 0.06109591019969047 0.10870851413388581 0.03881675570516933 0.05278086604059428 0.18705820555666025 0.02241134815028762 0.08373333433616875 0.04975309576252405 0.17924115683675362 0.1462650975717195 0.11638124619223969 0.08630143510278886 0.03945130403266227 0.09750404648371243 0.1738015231780042 0.18287536422269868 0.052313490529103134 0.050776585705281395 0.001195406665826795 0.08298792905057158 0.0717077313256934 0.008147853692521113 0.07937491022414235 0.029136727649447622 0.061545702025339065 0.08212200657505409 0.07313514893471768 NaN 0.01706497295682733 0.11877512508721179 0.0020990129914048214 0.011879941221401454 0.04575857243353104 0.13599928701371905 0.02273068703319007 0.0015149726023180577 0.041909424003547975 0.059860437511226876 0.052103087534321184 0.011904399613120053 0.040982595040328286 0.025898996353143175 0.03223342062346539 0.04419015343284144 0.09067849312091855 0.07260734041097913 0.021126229376841908 0.10292642564846205 0.05521946346182964 0.05771572324391682 0.07511471592140716 0.014760067802895802 0.00663776926179137 0.009295488530296145 0.0488686392389742 0.03787990671250466 0.04762469956252581 0.04631613229252705 0.0021266574485000645 0.0031577391215097694 0.04719398212431124 0.001986824070576059 0.0011859441347655314 0.008860956492119031 0.062373363824201375 0.07646453309481617 0.051442693194008786 0.1492024933099724 0.13607295220642288 0.12030572492951892 0.07588503281324968 0.10002523156674945 0.0858488165193769 0.06401663546491963 0.06456746055004323 0.047620859909677106 0.10309208099512275 0.007116660228950988 0.10770310664954248 0.09675125091886846 0.03777449590387437 0.0017698901866410996 0.05064100858423625 0.13474978537227478 0.14852817265702542 0.11386033739452137 0.07659705655545618 0.06604864396454893 0.050509982192757354 0.18560381292895828 0.0077475267803723945 0.05617732136753255 0.03149692088836184 0.0005433585664058784 0.0309431191112456 0.09691309745931698 0.03487265362098531 0.0811801363433108 0.025815439734970212 0.014089919689433381 0.0760568329540984 0.055602006724457656 0.09217518760918239 0.05157014391636118 0.13017296104046736 0.1029644786043695 0.009437474547956255 0.01007431672915013 0.05810310374850238 0.020071357526323077 0.0009381019381965944 0.09173318390656882 0.028141913039095082 0.01775681564950464 0.01473426752668183 0.15730702411615102 0.039453661907323016 0.049088850194873745 0.03522857828955688 0.08349429912769592 0.025969723184026773 0.06153956312698044 0.12230392331618606 0.09243999176542594 0.028334150348465235 0.06288447798793062 0.022921783879824 0.06141054232270949 0.03956350529820938 0.016007058555825 0.03114004311688146 0.014413655954223888 0.041325050915326324 0.0026742994067837146 0.012243418623068218 0.014617074458350613 0.04576222250676974 0.043246117942206695 0.02289066022254362
0.2542085517805943 0.0212459520339879 0.0417740055322887 0.23047587676245782 0.16812972922846037 0.08174975865997502 0.017768075426027825 0.1188929297145175 0.10008618346383918 0.20400433550137856 0.039803043344233624 0.06831057621528275 0.13497495475372162 0.2280094836428413 0.2945060379872399 0.07066230052695088 0.014342152930052372 0.03121807440550112 0.08252528798477203 0.09296717178023328 0.027339452881108277 0.038447636021700184 0.06354514206431361 0.1509113903861963 0.014744067863272701 0.013042334609825732 0.02438674814036898 0.08295212756744748 0.11580315874116613 0.10472183943149967 0.07395140194926487 0.09065327033295484 0.08683586143371644 0.09268397404104713 0.20536979996649715 0.06500015130011004 0.0007976186667895915 0.09539764759938324 0.038704294454403765 0.09038955230210782 0.013261202228503062 0.062482908343428185 0.018178564433115194 0.07952407739669051 0.031717259413977524 0.003334123399241136 0.0651640608479135 0.07166078279130739 0.002455833545573796 0.007978199570701184 0.13223996331660123 0.10180960199752014 0.07376727090161589 0.08144322403033435 0.07642494829542368 0.10317259785230176 0.009392967712840587 0.019200838485536047 0.06508998102165964 0.07018846063405385 0.0583219705950083 0.0014522580804515435 0.01135226203120014 0.037569869999976406 0.018230410569748133 0.05880347748922725 0.20588595325017406 0.0598164501796259 0.16921754518337068 0.09346052172412747 0.09767096938502841 0.07374286553306224 0.15720704119693027 0.008418352062632977 0.13299956380143715 0.01878324618837179 0.22232583115793414 0.05798333370861008 0.04600733141590641 0.006861457408914002 0.030295098794032454 0.0968285958722873 0.1416599150965364 0.14252463659093642 0.18803571952176956 0.1701856517364983 0.0380071083709999 0.026397751600213393 0.026350746365845275 0.12028485346806131 0.10374482614862172 0.05986174618401788 0.04670009848402738 0.028472690492830112 0.019280883666062017 0.026341815756204524 0.11073852506217503 0.07295497095247287 0.040933348941838484 0.13518999772740525 0.06192208608126386 0.06202127291662228 0.06878275171194353 0.02320000601300778 0.05533580335715234 0.10375465766954288 0.003599235133975489 0.0237927418052235 0.1140672830344611 0.06733426908230747 0.023208395322229826 0.02039885647572142 0.011671884073034097 0.043799866771783894 0.11096271631637085 0.11042345789356779 0.0032984032887823115 0.09971397917051664 0.014830666509958278 0.13976919343719546 0.06441987861580462 0.048836932518891485 0.10189159353485079 0.011756039469624984 0.13095545773212583 0.05265786419722427 0.02822250179483248 0.059248897852420206 0.06891841079321501 0.11888163056682674 0.10387762636971826 0.10891353938601983 0.13307460210108976 0.005692713287182448 0.0973785441011627 0.09026056898044889 0.08800492832098485 0.047147974283508094 0.04783283413818072 0.06534876333103153 0.024247080360033518 0.026244095600647947 0.04377099755989375 0.1056419846055514 0.13645435542183335 0.018992465923436362 0.06163437393761894 0.13122013910084893 0.21711484920116628 0.07071058761680028 0.15042869172924542 0.06951744655601591 0.015762658574433364 0.01727082157138464 0.006802350759433034 0.020174128172369275 0.046179131201962875 0.011174999117703456 0.009264675293100223 0.031059998787809073 0.15754731225607624 0.08177137258703057 0.09466858103276557 0.03814855893302686 0.04316273822083689 0.019273458951634008 0.004566969231469333 0.036510329309143566 0.04985919269758168 0.17239318822074912 0.22463444119022305 0.024834061973122296 0.06484313262668441 0.13216053391544602 0.03257946065373139 0.0496804768954252 0.09161028681073459 0.008716393485623553 0.05320768881100404 0.07926279666044524 0.28008244993484344 0.12247203631177274 0.04512458374436842 0.251395184863921 0.23212699603471615 0.1628385520650619 0.12275138507335163 0.12293215870655572 0.07719232885218183 0.0998565354596802 0.047676976723446625 0.008487160635672926 0.20821832010885333 0.2195748930575784 0.2996741521759386 0.05908801855009644 0.011097108454713766 0.015830689204743623 0.10787963316028146 0.07588782355329039 0.11187870725209419 0.032888560483216506 0.02608989786809513 0.1699716007362973 0.019697282088810008 0.018524138645904978 0.12361027284654112 0.11733463690870685 0.11306693433348244 0.1033060918480421 0.03774639244934885 0.14162993776297658 0.10935725468819817 0.04859303089142112 0.06774680021765932 0.0414839591379006 0.0025476559217694535 0.11397848498881553 0.03428480528220205 0.1003921725876321 0.007205221250609453 0.029418622006726833 0.10089142468965252 0.08983441940771958 0.09163626943710182 0.07952442248902927 0.04867389572312073 0.034152141352514875 0.01950194733133252 0.13163889192786504 0.11637952960952963 0.06084658009205488 0.00594617949552097 0.06206514741992823 0.06811566616892466 0.018706227693118676 0.0009955789877000023 0.04126858483685263 0.08517615145962971 0.05935071438591656 0.026300601085427887 0.019628796877035025 0.03258957765162007 0.08068967434337468 0.034861154180229885 0.07664475537347655 0.19851769623291238 0.07419252223807639 0.12595209797057258 0.13122759685168037 0.08637830696887847 0.12484475621166186 0.07829859501456142 0.0629680383806751 0.08689486352180763 0.06317251765353595 0.16656355144037735 0.03650205290614131 0.11388156985116457 0.0059082994827951265 0.07278114104822668 0.16800854221397443 0.14353495237203417 0.16438117266975055 0.27377009085983817 0.12701464823540645 0.08836419198529959 0.01706497295682733 NaN 0.019423828545273494 0.05007232028235513 0.15052084404029759 0.04775257229994455 0.03316871980102876 0.09834602712522467 0.03328825320069115 0.17407776402077488 0.07101753168071452 0.09446179374704763 0.0519823968308532 0.04624005300045132 0.01182112996135488 0.12010989106681581 0.07164010594209304 0.09588705443323496 0.05250320082882373 0.06293188808837144 0.06866598480331093 0.044425522332948976 0.044648491986063576 0.0981781302725917 0.010910611022821985 0.013417317855829582 0.02778138575989238 0.018942975913836296 0.03653961810281908 0.16291386984901082 0.0025047897501725507 0.0034572443697284388 0.04113370102074618 0.07140952993247894 0.0236156867917486 0.0016743262200752793 0.06378750534645795 0.15182818039271354 0.020199497829560435 0.03109056255606009 0.04358100852501744 0.045453974193404315 0.13190929615992747 0.07210352024723914 0.05039952409174174 0.20496890590491676 0.05547080205155731 0.06593772773275375 0.02716961118567764 0.13327806113976712 0.011664041080478735 0.03335833656220104 0.07027345279965057 0.009092936158374443 0.021059424006979702 0.08915749320013444 0.21765725260403082 0.21841025630246783 0.0513882663017587 0.005140340505751957 0.19375853907668025 0.24643914143278373 0.014667935241628117 0.07834687142724386 0.01597567258099319 0.050656044778446534 0.029089673082578215 0.041239863156808554 0.05538843700713938 0.04065042566304624 0.010919832366121493 0.03514115666775069 0.021788440159805265 0.12202853037216706 0.0921185233143208 0.0074697159646311215 0.01899004721430539 0.055275812834719204 0.019123916610702608 0.01207127116756409 0.0006786899955879757 0.07968283325084659 0.15334710919692054 0.2134644047626528 0.033801554684073 0.07695785298407636 0.07154276153450702 0.10029914606985142 0.10762086012577865 0.06583928960346545 0.005794823716774947 0.022699365310851975 0.05940903159622307 0.317958011448394 0.22776691873014437 0.06091292336199258 0.10886552619675646 0.08975675845574507 0.2100279014398577 0.10721744496524849 0.03238693496644899 0.1034618323611651 0.07821338551520957 0.28553197963645216 0.23198611804138725 0.09509457548399779 0.12256981015260426 0.023811756788110573 0.12375057564421105 0.05998575676614091 0.057213144899820254 0.11601842436904604
0.002750431421155604 0.16180860828218485 0.18610147775367206 0.078228025851069 0.07981754767754072 0.17146576294703225 0.17084451066008433 0.26327158435915426 0.298381927388509 0.059997269744906226 0.09330255932379922 0.008844191037370008 0.08153609987954615 0.025286972384498632 0.09322312495916625 0.09154878342060402 0.1082517092722447 0.15728644033871858 0.0996072262929479 0.15920330482415473 0.22198042768749435 0.14991434735212608 0.14831984158314385 0.10735556565663722 0.07171766396885709 0.15528118176792038 0.09227769660628315 0.15024182221586205 0.08278905873631656 0.1505185029022883 0.057371720256680185 0.01270179515848739 0.13664351145021092 0.09479473136001873 0.04284033304764855 0.1867544229334646 0.17243489457978065 0.0031354087995030784 0.19238553638814843 0.14638915759893403 0.09376053616241428 0.04986424112686005 0.0047242599262543135 0.042742314761766556 0.03564188526100398 0.024965391892752337 0.16394867805011204 0.2117590337706599 0.07239572518516432 0.01845098899914456 0.24671053196097475 0.2604239846173745 0.2822225174692471 0.08074336390693218 0.0927211701241034 0.016737131175246132 0.018669319277091156 0.03182949244458886 0.041378297509558966 0.01786935149625493 0.09514186318260155 0.0807470634175545 0.06512486233842675 0.0977000518719424 0.06394463529184734 0.2284679200029044 0.13379969897324445 0.07438399461748954 0.17072063707806 0.045121855336496146 0.0763197283258258 0.11930865498550927 0.17578683370042725 0.04729009632378994 0.06820471883076923 0.13694629604957953 0.2635434152145489 0.07715461822834097 0.16293424939396733 0.01456424442288556 0.08806388484431074 0.00891027949571351 0.14759186785550843 0.009772328820203372 0.023180060840502562 0.14086123055984007 0.01668533700860608 0.05953985932615307 0.21753168302207693 0.0635995455489032 0.08592477540872398 0.002320719253162892 0.0032810361633205816 0.17548891083064316 0.07778693041465946 0.09862808742671329 0.05565701035575908 0.05282239334727761 0.09601974421079094 0.23518061742634472 0.12290119293269121 0.15271877261012215 0.001059927289412603 0.10425981159056147 0.07417457900684385 0.07696365704395565 0.06274544027815872 0.04656108320323549 0.05298196279521411 0.02677756762122922 0.12201864171319018 0.08297610814124055 0.06138535690576328 0.0068958523914448506 0.03798627883591387 0.13153010392767242 0.07531872682522892 0.0356885442894185 4.1871297956250865e-05 0.0685775058271162 0.10850811588402422 0.06350347553183765 0.056310560289631155 0.034842894137279284 0.026973970500434884 0.04744335024615949 0.005776108209128629 0.0037231400525579764 0.0316424704820307 0.0711454989868381 0.14244609006194686 0.06622047087766918 0.15919515517840785 0.035920250935819936 0.055570265244334935 0.015565285757775622 0.2222542346206569 0.12682624475088974 0.07762206055294534 0.17933719461235945 0.13494720551708045 0.026309782808880893 0.0074756524531998094 0.050637734202574475 0.16891380969749878 0.08085685462031342 0.1394563238015137 0.08208257439056066 9.331158789728936e-05 0.13723468815275375 0.1487043057103436 0.06829923506014272 0.15949438045346548 0.04463789103441979 0.01794674246548499 0.2140147519015229 0.22704933063780897 0.14476010857137422 0.17552670818359598 0.07989046366190389 0.04576743297704553 0.01481496360335344 0.037109976955322206 0.04264826510366057 0.03630416984727983 0.0468854176716502 0.017897548387150353 0.14698141348758595 0.12632114232894073 0.199020837458395 0.05176034506151972 0.04359429051838674 0.05006830945491242 0.0015239917133296733 0.15012560824505228 0.023782887430838458 0.021382237506868174 0.027657605760506597 0.19088393817943175 0.10847610382459037 0.01882171090219048 0.1635252512015687 0.10425231533329422 0.002376051142759952 0.009381994903261949 0.08700826414126163 0.08146798931275391 0.3125496092342789 0.35579988393907785 0.08838824148942251 0.12447426606606922 0.03642428303428303 0.11320464513478323 0.01577917922903981 0.16155506023945845 0.15363973377283738 0.021539639195285964 0.1742522376160226 0.15103869230891565 0.09004071226905395 0.12096761626434532 0.12487725737441194 0.20973329440205218 0.024993243417053338 0.19671170347196268 0.24048406721097682 0.03505059368480911 0.023146442683791353 0.07674580873401865 0.08562319655871135 0.15701009472253843 0.11787950933475508 0.0775875602342292 0.008887040809714303 0.001978447610766363 0.2268170222032191 0.08422980624409172 0.0328890475540316 0.11266343258415865 0.15342774091580033 0.07630369778859618 0.01379029718577646 0.03464525261920392 0.02594652318529486 0.027421213197845684 0.013016295732697502 0.1886155879604726 0.15321760080470417 0.05330508782456109 0.0006905319018110181 0.30049682358483787 0.23387778422891528 0.2795104478576553 0.16169759727194705 0.12628057228498338 0.13285478375408488 0.06560283115971682 0.015582903734318223 0.012084123731987459 0.05690229022200968 0.19431680459792885 0.23533031494011908 0.1824966781367997 0.22422762464101995 0.10345553784883157 0.03240978708831223 0.019700302389767745 0.011068745495282152 0.2992608099600745 0.2405266196163812 0.01950549800002925 0.003410099354036971 0.03507565476088913 0.15228433738614935 0.06110185368571699 0.2274826825848013 0.13644884579892758 0.027526400807148035 0.0271858839794098 0.02555859717834458 0.06764970260958947 0.05579143913228472 0.06857149084513643 0.002690247706297037 0.04538832504604395 0.18020579957154703 0.006141872775404139 0.11877512508721179 0.019423828545273494 NaN 0.15993365871011433 0.052311911900610374 0.09313358562964896 0.17280230808658867 0.05183112355451827 0.011279629397061963 0.05269463969414851 0.026979134219430538 0.11854612382741803 0.1786452070283547 0.14948947991783978 0.1440355310752618 0.004017083315314993 0.03788524718089174 0.15824573341533607 0.0872968722442787 0.06806949852694165 0.004168659991225736 0.09760908609065547 0.0026195295421817377 0.1195223956485903 0.030001255397667025 0.07819315090268653 0.026098074861891724 0.004076223051877302 0.11488290047666776 0.10473247436555169 0.03769775871766582 0.03758207733522467 0.041826272035996065 0.09723323210263438 0.022975485869632762 0.009196420919598656 0.08111167160674704 0.05607920696178648 0.025240070630536224 0.007481949553283667 0.014692455368569413 0.03095288201178875 0.08093044871650418 0.12087117125233024 0.06715762906779342 0.18221004960840545 0.026851324670751877 0.007218588024290325 0.07076477490884191 0.15708423943576716 0.1815259240592341 0.08028018670284912 0.032569985116150335 0.11973117739445385 0.061799902814915986 0.019848044007811053 0.0033344148766024655 0.05897308533317812 0.09901489392552704 0.09912592262646101 0.07011782056094255 0.17585877639045056 0.06904224680039833 0.08556051659041675 0.02134632255388365 0.1423323503242193 0.08406404084255358 0.0009108542990144071 0.08600472495006173 0.13835687872650798 0.1153139857214463 0.15287863810989852 0.04116611271058138 0.03137127366323521 0.06153054046560964 0.068153139833335 0.01598681894076105 0.07559778594709121 0.11148024125437131 0.0003814938066607106 0.07141581056790289 0.018865979370598085 0.1291327622715089 0.024260473223777963 0.1215569589609331 0.026557840837534274 0.06426442202850369 0.13523004233821995 0.07866457886689317 0.10903993895954953 0.02474397077653706 0.12056561335468682 0.12134848001684424 0.028383514347836546 0.054939418387207346 0.07224407360021551 0.06555687410221538 0.0507423198073696 0.05154910299349701 0.08310270529313729 0.07587057494533396 0.03491817821168812 0.02557500379206266 0.033666343644163446 0.06704571500299482 0.09136902862417781 0.20181917746956143 0.05133185312428932 0.02433688024966419 0.031234327760143395 0.030503438405242115 0.0006940868650166445
0.08087883900222749 0.025030571901731448 0.0643183280904897 0.02772285836564622 0.009060739597094025 0.03447615793906389 0.03819323018269693 0.0378030472260198 0.14932748206033042 0.041206797011072986 0.032526489368333585 0.12857002689025257 0.026144257437822005 0.04382059827725143 0.06247381543008666 0.0949981926778447 0.035653713960748616 0.008870317599864246 0.04195538978004505 0.004479244700086937 0.09723818068131848 0.031108528244247126 0.0015988426282165283 0.036761686682859514 0.07981733891213993 0.17258775272562266 0.04660252582323919 0.010785848657998877 0.09739664890794768 0.11648918663300473 0.11162168449895206 0.0032526957417760675 0.13372115476248997 0.017029869140312712 0.07045591102817093 0.05620089860675039 0.1364504368375154 0.012565319752271802 0.07891996246370364 0.05670890254016704 0.0036775572990990456 0.019070578539456994 0.03655467258816704 0.025178019623861993 0.008550662245309414 0.03494591287187338 0.017022715273720276 0.11167739819787899 0.03281798574602662 0.10488119192221872 0.06447167674807172 0.05059188999298019 0.15119081315339872 0.020000066147130895 0.045830917744955506 0.032827703332069226 0.0063448473741881655 0.005789807147399526 0.0500768205203269 0.048898985733504784 0.028930676715582252 0.00214708327519491 0.03502872305183418 0.028759403913484666 0.027245904152127475 0.1472049304219408 0.0225363119891329 0.032364728629019054 0.06721095785558842 0.1116297012663132 0.09102069408229209 0.03996710835834398 0.054485780855597535 0.038113167162177074 0.1032537710483702 0.021493970159218657 0.07946697568394935 0.09008732244335978 0.05262096526224736 0.006202798850726623 0.07658395023879898 0.1195765182921325 0.013181831461365591 0.08704989629668548 0.02630637731477444 0.025220747820645407 0.01948864249926244 0.02097243072875562 0.07383482092909101 0.011825545171953531 0.1272301223592384 0.012880171303862096 0.03333147685268304 0.04639331204572631 0.03192378012858367 0.039571746703334555 0.06774679899053467 0.08525464914051499 0.0869300545090701 0.10230073516036585 0.04632453890909862 0.07085970939244467 0.02027440792241405 0.07990290189213169 0.12023210010796337 0.00945626531577743 0.041480567907633645 0.05012629997850387 0.03615485359241156 0.05200475565779704 0.030658390465682833 0.0936082480378523 0.0209753633939591 0.07730076373888523 0.054269289210174744 0.04913404812628873 0.03448727134031548 0.019203989820685514 0.03772256838788019 0.0356228581775181 0.09608965523721043 0.02797470284666808 0.06274264072410189 0.03085996153946267 0.08558364928547588 0.00037677540912093844 0.011285485716289633 0.023929045264112114 0.08163801006295222 0.04004465906877626 0.04734492968116888 0.03436941437718843 0.07977760601304137 0.010085224397104185 0.01412054268188648 0.06501591385294649 0.07096257174015266 0.021371719171197973 0.06092718455526604 0.07116848778817186 0.06160400243469519 0.028329043866194194 0.038151574669366785 0.039406909405770636 0.09497666996143975 0.03406129221064518 0.0429824131324776 0.0907097282804356 0.04199194978605083 0.04490073753160292 0.1630623388687932 0.006760291113128494 0.03942467644486637 0.032714707336748916 0.02485008119084949 0.03448997410233333 0.026134149637907233 0.01936878655334282 0.005192640653933379 0.03856631875484233 0.09047109571681132 0.0164146537371954 0.01172788143006344 0.02319235533124091 0.009628647932164195 0.020750027536317717 0.01591455936475687 0.01859297807788157 0.044412755869842516 0.09688845798510996 0.07490253380495698 0.03484572011877139 0.021650944565643843 0.02085633936131888 0.033433618102109014 0.03500071611093385 0.014762094896592387 0.03137614292409081 0.02055695045138494 0.024694628590991363 0.05685582177550097 0.03973851316112403 0.016073964849042065 0.034136288767967655 0.053014349239261016 0.004648433678475453 0.03016983513390807 0.08271204580144367 0.1407090592659002 0.07778619124653502 0.0063291447848288634 0.0684282144496344 0.010519123056848548 0.035379427371789826 0.04601071291701409 0.06430822208680474 0.011326820211744066 0.050517665455319646 0.08005252514049997 0.06829529225342952 0.04206590735632453 0.016039165220026456 0.000967757702970412 0.012704078372674172 0.10216199539495378 0.1731981051366129 0.058520489472816996 0.01619613144758793 0.010276707030771328 0.0565023368922016 0.14881091063174445 0.07390079557321579 0.029266362296677124 0.039500481511315785 0.01184948875288392 0.06285152741429971 0.04172326358925685 0.048705990218551196 0.034773424776311554 0.026594990152975895 0.007586079216149123 0.03805299779588534 0.0531859957956143 0.06826033868604223 0.06243109099650872 0.01619922708309426 0.012541595748450617 0.07262066911757012 0.10439035451797757 0.09851704786400843 0.11495625719265275 0.10023688622762285 0.10133661809881003 0.0007098586928536734 0.03146399659374006 0.006295385940978063 0.004772937943773072 0.10458839600393187 0.026048040048797606 0.10116882678755362 0.023264485659851446 0.1374079650259875 0.14998192830523652 0.07830911888467255 0.04996012801575997 0.08662298850210402 0.1321492726387217 0.02875752606537215 0.12398258544041825 0.15525725563939496 0.05217809541583343 0.06887801519094087 0.03511276175311242 0.10397251547677216 0.08960209417451431 0.12050468503717779 0.16083250658571993 0.18484564319013655 0.07588857145941766 0.11359330434190644 0.03321173730432739 0.13734942039611078 0.13892580280800593 0.08472003870565901 0.016928107364787455 0.004999071404902166 0.0007003765561667684 0.0020990129914048214 0.05007232028235513 0.15993365871011433 NaN 0.0178264898347183 0.023093792550274547 0.05949781260236892 0.07901440004099977 0.0761535978711734 0.08467200966326979 0.08822945699788833 0.05792154200338619 0.06945239210692432 0.05722531916552423 0.06511859326263977 0.021335183978723932 0.04144508328783996 0.07655762157820896 0.0051524939188116875 0.0036048531330217996 0.03820905763445135 0.11593421714243828 0.03852223118178018 0.01576539017433174 0.01499215836355661 0.10329770971932918 0.004559347365387112 0.04836256743526761 0.13721931441329677 0.11313825145701856 0.046886348763776946 0.06378984205052994 0.05369467603070378 0.031731142962842455 0.026553486143493683 0.03965185510216247 0.04004839470370451 0.02824244022820251 0.004301890499685974 0.040055077452414996 0.033947413745542304 0.10675928501129142 0.08498244177796885 0.0883174507256748 0.04814269930023433 0.1291105899843705 0.1040040644861375 0.015764278671510985 0.05789119459563321 0.12831683229041244 0.033448474518517374 0.07193426658396743 0.07839722466580727 0.04517111574651827 0.1165850968129557 0.05619564534510922 0.11194600474713007 0.022225162843833583 0.08420819619682403 0.03391267092810747 0.21576406250273478 0.16777838230316386 0.056623811987097004 0.10809281789222407 0.019258007439638656 0.04632042020577564 0.07695652825180108 0.022808729756747463 0.012874229005508305 0.02722450408144509 0.04429504965503811 0.04518510258705173 0.02831199329217542 0.007614964922800094 0.002136532624433788 0.031102884153986706 0.03131175357846545 0.09671261765203087 0.07528464429814093 0.04769509569021119 0.03399670465348597 0.04073943225495487 0.03245602440699724 0.20579684610611382 0.01628652351089749 0.05790666849265395 0.034420859240422576 0.02390063591497662 0.022184419109237012 0.11750329192518326 0.07001664351279707 0.05211464404298934 0.029839909835027465 0.03152504293032357 0.02102693708205477 0.07536845637089018 0.06937513676857587 0.008590004663490846 0.019958433278165082 0.05849446125180318 0.0775275538989807 0.0667989853366444 0.01525943510994851 0.07700326517617381 0.0024786803600677534 0.013985834535256706 0.0756849668360985 0.002494971497000504 0.03653292050437914 0.018845714438608017 0.04442952126070035 0.005052204232521125
0.1921126483593816 0.02765175779436337 0.010383527815597433 0.12796778317214536 0.12636035893432418 0.04384852413613725 0.018023890824866426 0.14796176022056276 0.07711286333727256 0.1433753794064235 0.033360376661478834 0.10626643487985803 0.09877167546505472 0.14875109090265312 0.22984713896463035 0.06336606654434063 0.03810492067055379 0.14908039927472133 0.041649618573280915 0.013343065001939356 0.010456275719012849 0.06447760816730055 0.055357050096993966 0.13534064503166945 0.04073652624062317 0.07297263939541021 0.1485122885779842 0.05728667204138937 0.08482642696900604 0.08064311561037776 0.05020331843780921 0.09560470805172927 0.11285514026440419 0.022358469588302503 0.12003879872805952 0.025515126109426748 0.04324954810157746 0.15433224042175184 0.005923003310509956 0.09212790805994087 0.012430028148371934 0.04233134748687386 0.02874153448779753 0.15251463662636552 0.09785368268149211 0.02161922759081928 0.123888791104695 0.036185202651352964 0.008506419810956768 0.06672381423059524 0.1278356901890041 0.10178797526390282 0.06903119091139717 0.1259635987881805 0.07878891154590259 0.0847382438253638 0.060482216920828245 0.06493129438349692 0.12231506045902682 0.11362739367520201 0.18258708904343665 0.14298615358630754 0.08741172037524414 0.16488774714459956 0.03064760982655156 0.01510538535681605 0.04866512694215977 0.08967483560104879 0.0760283333185699 0.11495787917994768 0.05399379990887431 0.09957987796650715 0.010206834725816627 0.016962852120066183 0.14847209102826298 0.11476729461945623 0.014410799794919283 0.016830692280777992 0.004828615689453198 0.035575207523226904 0.06237634070426805 0.08346620886129492 0.04120242780156261 0.06479620186334642 0.14460285505569895 0.0797055102159173 0.09850788345192502 0.023350169953857327 0.0756574300823807 0.04417505335979361 0.015451533184731636 0.07613791919626768 0.08998660400377766 0.011801145094409266 0.031219810736914183 0.022906836607191988 0.11114200966032893 0.031280253962994 0.03710879999369447 0.022422389871683962 0.07956777354869757 0.04277179366417116 0.12395068900179525 0.061728738161439235 0.006653183326217696 0.051011390074988 0.023741814581015937 0.019529248431813175 0.022619891545651513 0.03138621590741983 0.06085565785107216 0.0471049151219 0.016342154850966382 0.014679427312060605 0.04599453743211291 0.13893181041728106 0.07720547384493065 0.08717625449488194 0.008235088473772783 0.08131316416540156 0.08769829112189786 0.02645151038439065 0.04054064222550121 0.04353040828173329 0.12204141624601818 0.007333142785738125 0.009118225208106205 0.0782124973711495 0.14773160510352987 0.07478884365644262 0.081444261530561 0.13940141929374245 0.03316026509862703 0.07151194546412137 0.06613547325292608 0.004780758731645997 0.0311545606282754 0.1095223713648605 0.05704404758526337 0.011934776686766228 0.02641207582901768 0.1089811146455082 0.12840385654075445 0.10620744593720331 0.04011141103259935 0.029697079285947295 0.07179164559419195 0.171548824128146 0.17879159214574142 0.05998977060180269 0.045053963621402314 0.02713944890587287 0.02614023336920875 0.028332581772801534 0.002767541269260104 0.06138782173812094 0.11926392931936641 0.017248302725750054 0.02491292765061407 0.023594928412487528 0.11044538139106337 0.054088539302242965 0.07933186230425558 0.02665535652806657 0.009412693973463438 0.04891887776806751 0.055722041731243316 0.013592264035073014 0.12072442991803715 0.06949765267174624 0.0579842511582571 0.010781558987745186 0.12440477612961222 0.10106943574181924 0.011159459665258395 0.056062159081424465 0.06572834619935745 0.05585130559923092 0.16112567161675664 0.12331233214743763 0.20032384730211922 0.008261865633282423 0.08828188491689558 0.16387174110510688 0.11275767988896614 0.07228092884367102 0.027335299700004104 0.0530643307832672 0.05066379777744713 0.10060126139541388 0.012169788402795692 0.11340264214079347 0.12760468408233233 0.14687837061448808 0.25843099234818834 0.018240741607360764 0.025617847528847923 0.136122033114236 0.0967338486561631 0.037406818222093276 0.018792261458681157 0.02887432350201742 0.014987513001473822 0.18875093084698927 0.05778534808537061 0.0756715597346575 0.06640603749664462 0.15207672865511718 0.08809841981234169 0.006711873863882162 0.05529753970788325 0.0829684620442079 0.10943536733848702 0.01894251302626988 0.03461900421307392 0.021288276036321604 0.03588226508924366 0.1596908874639437 0.00870196394346503 0.09488341165482636 0.046878091313252025 0.019007592511922314 0.06342251573253725 0.02845814180613099 0.05054560676699401 0.03661362186623746 0.12475635995853208 0.016861018615977337 0.08019399267361378 0.027717036627061358 0.048861447194226186 0.07506655576559094 0.027850513632143685 0.07765879758683676 0.09334279075930327 0.06878222471456039 0.0007273125325148467 0.018217569031169424 0.11344507518627266 0.058796458807862426 0.09686890863087609 0.02984130066159681 0.12328420269569412 0.08264766917285615 0.0573763414733103 0.048142984913256005 0.020701255403114873 0.012567082198643503 0.07080200137548939 0.06436042559877131 0.09051618888315625 0.05263864688608447 0.03681835628800176 0.06289285088780189 0.13576878603403886 0.04739262881410799 0.04020167586947804 0.03318891600509743 0.025061344617220486 0.0019509057564500456 0.04195289223455428 0.0732127608341736 0.03533905987505906 0.14110367960196632 0.1730024994122898 0.10667801635213642 0.05503553515215802 0.011879941221401454 0.15052084404029759 0.052311911900610374 0.0178264898347183 NaN 0.027427908557403204 0.09746432382002476 0.0018476996653032315 0.01673387091321269 0.09032557383028192 0.0015188311338065186 0.020695930249343655 0.031238235429161414 0.009720708877992626 0.02597813876835866 0.04744324409932729 0.08195302261466923 0.06881731198509429 0.028465216773619757 0.08142111035531306 0.06447390056430717 0.049713838932072804 0.01789360804223849 0.10704368570964376 0.03023987470652649 0.00034551369067651596 0.06008702800773519 0.005518557246624874 0.09707833274995513 0.024963510441151106 0.015975685922307494 0.07193283105970226 0.061116661469888374 0.08552155401814124 0.011501020877969568 0.05057348870052931 0.09328104526693468 0.15215784106542082 0.06327050877394061 0.037973142276343456 0.04239450724843034 0.08356781749342826 0.02021484166371309 0.061674441868662014 0.10019811931328478 0.0001511495501248739 0.0313679305739211 0.04010586953294011 0.03273604103266869 0.04135233682567519 0.07076757055596285 0.03896325781004626 0.017054471279189062 0.039714443725264045 0.08586451939768927 0.17638832111435418 0.11064583295777948 0.04014186896612161 0.055692355964012785 0.008448609883190199 0.12185992985222864 0.15806238584981017 0.08523453548375762 0.00847489456872073 0.09221232601177282 0.10668138826401297 0.05931127818939392 0.024246815565240363 0.056018328157220444 0.051368129180850965 0.013267450379479502 0.04112185518325444 0.038752527168767245 0.031642917485201885 0.11889342526990773 0.05620562676010857 0.002390250692687971 0.0015117941947090782 0.0776990484619926 0.1109853557771796 0.03437060334396892 0.15242205926337898 0.11890423711973638 0.046052883358846206 0.03447359213867362 0.048920312763005624 0.08410206259635579 0.052087192760615054 0.05294063314898778 0.06958224808197899 0.062091645877752503 0.13771827710328902 0.13145182154864335 0.08166416922783608 0.1631339695910088 0.0723573902930733 0.08054556946257099 0.07048936585595073 0.11750860927114043 0.06785721449675566 0.09067447947597855 0.13791472213826 0.12141492826833641 0.04618297535296328 0.14924967708195938 0.16294732267865594 0.08298682934442884 0.07103070126441417 0.1715026110717666 0.05086275856923102 0.06405938833909015 0.054492328134757316
0.005093584360497852 0.012240068478999007 0.021540270328101997 0.0045899056790098215 0.0014535332404866646 0.013755001310477919 0.03331981132243787 0.02377987692813722 0.00017107468316631175 0.010067678499191879 0.010515022924981942 0.01824096439471022 0.015718929143565735 0.019249636720461517 0.004835310532267044 0.019713408645302737 0.023052612323737152 0.021195148826693773 0.03558176523775316 0.057974615603467915 0.004669738524166042 0.030656126661017732 0.023725749586466477 0.037968085894153694 0.04840774017835342 0.07932372462638958 0.034731696108337116 0.012334624912431336 0.02568475013845074 0.0009313981834307882 0.024095678775647587 0.0004829787087355675 0.003976477876919901 0.014462521542432237 0.0261363093283838 0.05535933310781823 0.008154901054961082 0.017159322605571518 0.027420331678905823 0.017427856388737735 0.01045624037503853 0.004071555127723296 0.008063999882208323 0.03234905861155791 0.018920348036933484 0.05588172118598371 0.001731716056669904 0.04409654069598889 0.02309609643066224 0.00667048431523254 0.007060893595935609 0.018164234624286256 0.0027512061273283215 0.06235778742888726 0.0211456610952116 0.006750039469486848 0.03951274614121994 0.04005154806658301 0.03684588612836848 0.02218703193365517 0.02382633255688805 0.007204257000108344 0.01135139138862312 0.03405826360704631 0.003383804080426325 0.05115455783586894 0.053250812047042344 0.031543019727179565 0.01871754354895357 0.0762164119165467 0.04038577191800224 0.016877988231792596 0.03690703800598217 0.03794108574623065 0.05903135886196192 0.02187052524597099 0.028422851446081046 0.06967951629255217 0.018767721519060185 0.03176033055266235 0.012250221319797264 0.017557833814088 0.014305874884699601 0.00352218060372472 0.023558071789298998 0.012186880424952662 0.014999265959333095 0.011563162675361345 0.021314824653643857 0.021678246054966883 0.002432600770920205 0.007244274222143673 0.02923562645471806 0.04541902688027241 0.026751725084010226 0.02185145388986949 0.05410044562152479 0.0012196729969129853 0.051062669888094984 0.06313451945702939 0.0157794467980732 0.023696713460499504 0.016884287895453945 0.0780486963910005 0.011342838099060969 0.031463192164728065 0.002134443176442151 0.06829251903220382 0.030141441448640772 0.06084254122891079 0.042567137541968884 0.004618121251530387 0.03420567896679315 0.0018121526312390487 0.03329532370994329 0.050897423670003 0.047064780761044825 0.008522595795180266 0.01623414182962983 0.012212189746777803 0.008248221584675822 0.005757725299179858 0.09937776617943152 0.011147845167398985 0.021830970305198222 0.013128592506298522 0.002253342847473125 0.03001192968338414 0.0526133589089182 0.030019119533024028 0.07663957367845974 0.055201449402196345 0.06803621943649008 0.014982403405548596 0.009156100889299213 0.038810524150137464 0.0037809769274144084 0.026600440180725313 0.05297922546700511 0.06553275353486289 0.015101681449930491 0.013286275050310352 0.046126660098135215 0.025193675037014352 0.026178070320125642 0.04709904378521507 0.00535108392108105 0.00639460528800299 0.030754303483541832 0.06013956966364622 0.008203470242308726 0.019241296775471567 0.010447419224723883 0.013743689573867507 0.022723076251926395 0.0072725631012292135 0.021070755520406995 0.06865775083288383 0.03453080490506297 0.03669368456815571 0.02651955620778804 0.0634194031277008 0.003475370752361199 0.03428628054053482 0.015403258619298652 0.04628238786138381 0.014997091407455813 0.015817879354017326 0.05418420702297476 0.01176850529929741 0.025738463881204255 0.058055654229707515 0.002714143444740969 0.01100605053737794 0.008042611617927615 0.07284643366590687 0.05032062990395449 0.00827522676987016 0.00897513216078996 0.017637363015570947 0.015509366975547842 0.017636175635665413 0.04965766696440884 0.003962810717303569 0.0013568575417871919 0.03515795333708411 0.00747084808644358 0.013153945807490105 0.01028367991811751 0.012448351851056135 0.036950080948431475 0.05889791740714283 0.0009314393885890342 0.014018122495907162 0.004126514262744163 0.020764602695830577 0.030510868982171886 0.008179893868896998 0.044558843583459844 0.057587423208725466 0.028388634194990745 0.0031403699459037837 0.004880067498958303 0.03705914305392659 0.022828147797827228 0.11076765998903769 0.033724276840756635 0.03220450898927591 0.03169007299978429 0.048305010489241816 0.013002068305594309 0.1345430267988206 0.0314713510926472 0.010539789412775148 0.027248618984387594 0.013942115698831789 0.010309850247253902 0.0171612298747826 0.02112550604780416 0.08401580591026496 0.01668738892463351 0.027120259685548768 0.019435187718394677 0.027806666825093244 0.037960985808395825 0.04443607540015762 0.03597186083348824 0.019707103654445522 0.004857296150048107 0.0249426614053074 0.011489729344048715 0.010630315764192495 0.013019998198415402 0.010496220016037429 0.0842806159237722 0.036707197820092796 0.002464545341862125 0.052096128478892965 0.005108332397350119 0.00297732323462846 0.0079491033014961 0.03299192814875299 0.05818991941306497 0.034999353852062834 0.0006697384546972447 0.010694672916923997 0.05811288724540183 0.021936811572202713 0.06010107046796793 0.04867431094546214 0.08899371549524616 0.10585569634220034 0.0767076625053188 0.08849033452341451 0.05250838482122663 0.08390267827992987 0.0028579202183590634 0.04624226368960599 0.04560700076167119 0.021506459989296033 0.0856809044506419 0.022304941343907828 0.026891908711240295 0.06141417361372335 0.01599971135619113 0.01487082687161271 0.03615043253958857 0.04575857243353104 0.04775257229994455 0.09313358562964896 0.023093792550274547 0.027427908557403204 NaN 0.07058978884286464 0.0021715959998369313 0.030789938167059515 0.04084030146175276 0.015719888709248356 0.017853998440462 0.030511683709089733 0.028714745309937745 0.041599033173811965 0.005680705725066549 0.0419880717314714 0.050121786255020624 0.057744337392455 0.05283265326015556 0.06510866415017977 0.015052784696006082 0.012723349184286399 0.04672901391086257 0.02662229512601531 0.03680878957781546 0.013937572381942914 0.01215108441527909 0.009868841830284279 0.01055284157706684 0.012887282100194889 0.03377505723648881 0.07504699793778938 0.022594898410024926 0.09983998528092854 0.028817431856071312 0.016187847709406424 0.03550642190095928 0.04455882068021325 0.005537107636882842 0.028888884092030873 0.08342381126091883 0.09726708785126303 0.04020056140363954 0.007332674941862685 0.062469539961072684 3.831165205021428e-05 0.04614785153786109 0.021869391901371417 0.0302114654050733 0.005132175857238117 0.02214042469597323 0.03034598914488656 0.07974616935142383 0.011793852617858914 0.04189384033511796 0.027586532694081442 0.02001692505555397 0.024452523095571447 0.052477033199143736 0.01092886476308848 0.06970228019316338 0.048656141102210594 0.024029484046283318 0.005310050351234509 0.005935739117481703 0.011727738937798873 0.02724671555502306 0.01967919473960632 0.022051966699617752 0.06770494160314562 0.04445849692397171 0.02624761511099534 0.03699532128831358 0.02998365459041144 0.0483156061178328 0.036736013851097295 0.03375656468912277 0.10955052168983953 0.021998967312891107 0.010305680733820492 0.01361189951699352 0.010346322659522903 0.05093682162192998 0.004233227647733053 0.011342169603034481 0.01874927300861249 0.011575748044778829 0.061663702291170304 0.1191652872607481 0.024606521547081643 0.02488840590450647 0.034452395442855485 0.007683023528371416 0.02945635041775723 0.028215409568120114 0.014044570978044648 0.015452354546380234 0.030663178304197507 0.05804659201720301 0.0008603025054536254 0.08469177736081829 0.06020797921387893 0.004429688634162992 0.04062669864923534 0.032859838249522225 0.019385893294265696 0.017654562030296136 0.00537445791483803 0.030496072560918262 0.08105739218892156 0.0006954137192352384
0.08053727463367158 0.09455308452202099 0.004835167114758201 0.0798053243915558 0.049845841149215024 0.05095539807346662 0.030767873448901136 0.033681857602650564 0.10742580799234852 0.030566689465983354 0.07271883772231091 0.06557303551486283 0.0600506033206178 0.08461207084614412 0.018264447186368514 0.03179870220793478 0.011555808946840484 0.040846052929237556 0.008096808754845832 0.01905126028548395 0.13667473023171545 0.08301149415001455 0.045595301193460426 0.044402586006486666 0.027863385126947183 0.1221516562787068 0.029114737495055096 0.05163848465076915 0.10189812582611239 0.023676949228071734 0.004563619612705188 0.12002761486379764 0.0014622213970969954 0.02633702626679242 0.034324122506439896 0.03612612878279434 0.10429764455034915 0.03171875905955226 0.034445303323915044 0.054518469907344276 0.025427049415649217 0.032137527435197225 0.018288385600901753 0.028978379906851936 0.04434794985264999 0.06394611090277243 0.047477018189311854 0.04042596857443343 0.0431795904440307 0.0381490091865763 0.07633829167186354 0.06886570355015739 0.033609089834861855 0.029349715009998768 0.012422979139576216 0.007921086842182231 0.04449136719162302 0.016034284567562652 0.030827524111180917 0.012713037517201086 0.09421815251696994 0.0721630737107196 0.046058210614297115 0.15799949081187808 0.025324045453023376 0.05827128046383803 0.014494868741849644 0.001015728226775238 0.18883101280526265 0.08378546839161377 0.12995682157509206 0.17921968148580222 0.07148256164773469 0.06034541160159434 0.18648470738089526 0.052607417443383035 0.11026955909915209 0.052123640323760254 0.09861676238259168 0.07305405180508565 0.06100703945116808 0.04468343732554471 0.1347123729884335 0.007686725602552335 0.0009653279458177521 0.11008511313004096 0.06201973493628188 0.05637918860615774 0.05021346868689302 0.07988665085727964 0.07675311471049921 0.02620601471893687 0.0051011248911375295 0.11697984148941062 0.08409685707967712 0.07987523447311126 0.06447522055769694 0.06910052924493898 0.07433102105119972 0.08210979035378546 0.03676384864478775 0.004563723325110294 0.03396444693308087 0.028494699521064933 0.08139973543114086 0.03226089204939416 0.009746804621928475 0.03483958277044852 0.001962729330519149 0.07031452967796871 0.0037279715592882425 0.03399738671100989 0.02356055479893143 0.036602272077587074 0.03371626378383775 0.10308754318672213 0.14674204615229894 0.011313702210613718 0.01525069807242439 0.07814262897697528 0.05428938473857106 0.02274223464591687 0.06367622790520179 0.01305508075573665 0.013076248515385636 0.05475402782737748 0.04044421808841737 0.039659663741536705 0.03848542320775415 0.043699252819331146 0.07988860430431037 0.05048660812410481 0.1232161086289292 0.01907161507702281 0.03695197932106579 0.03508875136340896 0.10757922528183256 0.08515544452767197 0.034662618383558864 0.0964063654998752 0.04707821374210638 0.03542652819384081 0.0011406418779360708 0.0955744631607834 0.1433627127744515 0.05964417334340522 0.08181571147422542 0.042127912131621446 0.02748738139368084 0.03469682831646365 0.04435298672558786 0.004631067919864959 0.022941710064260126 0.05510800277369563 0.007533414413445495 0.0852390576276754 0.06194025567549055 0.009933835534496307 0.006950142069579964 0.029134090237321737 0.018791759594538885 0.06871402294531007 0.036314563186652715 0.08340304045303912 0.04132108436382115 0.06204101957246981 0.044021049506654954 0.03664432713938628 0.04963260470762584 0.10298424249379748 0.028195742570440187 0.024814921499716446 0.04805222800578396 0.06143679626157369 0.11040866174941473 0.03681335158543126 0.009406437866932788 0.001825689084340944 0.08705810111238631 0.05821445702538355 0.11715959168670474 0.016602499315736437 0.05531641605478803 0.13575142637292384 0.11098640752701346 0.018373010645155154 0.022800972994106345 0.054774068353658195 0.04329758147833761 0.013523939049519654 0.08944480730766505 0.07812720183130022 0.10164960171421644 0.09522958684499326 0.07205051533542041 0.0016052759490031779 0.07116686597216398 0.009340590764565644 0.009639660143080448 0.07556639444556455 0.026510057906764327 0.022293419169123283 0.045133986023874265 0.06674445616846997 0.11347742301356296 0.19120018082941345 0.021176504001609864 0.02091986303730163 0.08943307302175206 0.05973464524225308 0.028342435726232938 0.16746584767054568 0.07074106504651077 0.03846143076409823 0.14781745571257496 0.021751968002758457 0.014593383728165682 0.016381249523691483 0.027330064012472594 0.05177073912836846 0.037409233592217914 0.007362618504039316 0.10633068796770666 0.022479376091441718 0.053224607314680074 0.015033906251984093 0.020454274224649276 0.02365139695683155 0.0365913666506645 0.058383928807875844 0.09994848772228322 0.10132635172661486 0.049982073355357676 0.0560163017540374 0.06996316386242424 0.05915801192778429 0.012592350562723072 0.00300704491590213 0.004205790024676289 0.04458816840794606 0.1725770626014063 0.19794767526862547 0.07011022778968684 0.2404157516156345 0.05121474763996078 0.03928204156437449 0.03962301897477955 0.08222846522841573 0.2987232417152477 0.17910675325101894 0.13002115848901125 0.0996983363953076 0.05829527155554602 0.11269988549324818 0.1650896781372694 0.23756534771186352 0.08861122184565465 0.0585140297447614 0.03127584283298646 0.01901177363555188 0.00414603938481252 0.03404633981026326 0.1281246682271263 0.011698218616340614 0.005812025913399098 0.17391274363337644 0.11994255678234443 0.13599928701371905 0.03316871980102876 0.17280230808658867 0.05949781260236892 0.09746432382002476 0.07058978884286464 NaN 0.02843004530107823 0.04170812519889512 0.04771521177030545 0.023955321182605443 0.09258373130958641 0.006936512035113848 0.04370774990786247 0.030083831528842038 0.0396656634776529 0.013821215108671013 0.06497653614459525 0.005983622110631953 0.0007366537771552752 0.09333497440463175 0.036991294963616694 0.07279991776927495 0.12826801050015324 0.03377929668713951 0.032389818630254606 0.03528839104813894 0.045086776255511725 0.023203240917726367 0.05669596241309524 0.026264799397592273 0.06320347203844667 0.033632302869594205 0.035855614575729534 0.06952543608398541 0.031371509308953875 0.03934422509217256 0.018778772834596676 0.013935098616670487 0.055053469687832916 0.06514658178609053 0.0941280537022898 0.18656615615259747 0.12900154912476258 0.13947254866999892 0.06312806793210991 0.08350540065605826 0.0029860001599635354 0.02431998849124083 0.10983376948882714 0.03193518868690988 0.020566060632911484 0.032502224744357086 0.03231502920258219 0.02908806932282566 0.050689286299532704 0.11143039475820783 0.1443540570355736 0.09399987425375474 0.0936200547334131 0.023970782631953638 0.0717795276228267 0.17100555323016634 0.03188923829674998 0.05224699055325358 0.04864722549624979 0.02460066646699637 0.03780741923469697 0.048925588931873654 0.025079371830628916 0.04310474749541016 0.038405214304513186 0.07562801805583728 0.17225883920072663 0.08349006737429387 0.021840599188303812 0.0982318254267673 0.05222809313548232 0.11493960051910422 0.012127122178815522 0.005372391003403322 0.05303833653466043 0.004209765381346882 0.09245637967304621 0.06314657571105854 0.0604157859646182 0.01063509704733199 0.06085654497244863 0.1473206339715793 0.11596527560046128 0.02647339919255115 0.11420299548805267 0.1406576613689391 0.12492218241559835 0.08159269709398716 0.12637904871212025 0.13908347230080165 0.06995447125221266 0.109370087518029 0.031933705904249474 0.026802236919975186 0.09761900242863328 0.01055833397546891 0.13422347207728852 0.018294960738634545 0.1056183740034152 0.1208106427172782 0.01931913964550101 0.03677227933118119 0.006006761734268312 0.12864720005300886 0.00278132762145844
0.19123989045106082 0.059214641087295766 0.13878484070089245 0.17682192375924224 0.18162047425267283 0.2454837058984993 0.1788568483279405 0.10052504854906082 0.017702631886333194 0.1642041165642177 0.23546051000149815 0.1341436433381181 0.09652851507811513 0.046130067186345575 0.0888301142257416 0.01895890612793499 0.166476709196287 0.0947020661476972 0.15403223006932895 0.2383275793873135 0.14152894363513982 0.21492879383951635 0.11008922792379001 0.0007183796359154718 0.14421973962029772 0.11967609777995833 0.06528463860626571 0.2456877719632017 0.09657382814712251 0.07051117769901724 0.008109883812382344 0.04364090306982936 0.022831990578966233 0.06756622853656058 0.03140504845547189 0.13672584505969848 0.0648175381531809 0.06154798673725437 0.047861284879557354 0.00447027369266982 0.0303982207496577 0.08267763070682284 0.0025681201427279515 0.10698698332089751 0.005544104289279788 0.04620758580760953 0.07611570952027759 0.27103119343180265 0.05631523811342171 0.11293680518136781 0.10040492664428216 0.04498537543361876 0.011941245474451594 0.03426086452101977 0.07508833708729398 0.03208943838419169 0.06486979759875719 0.07971175892349565 0.017589049852092236 0.024549456133045936 0.0585263501273163 0.004984371815984165 0.0346881128230501 0.04097045384917528 0.026848255862535544 0.08520602907444658 0.18135382307664935 0.041719265399310416 0.029207196057388758 0.05996012722793857 0.08457114251769125 0.01242340202705994 0.17092997753185765 0.18087316599908773 0.09484635875820056 0.1165140059790415 0.1965673607383612 0.10067332215213316 0.24580038370077034 0.21486934931711904 0.29749753878083285 0.09639397596096466 0.21950458166754294 0.14185449356452548 0.04540642361001801 0.12709094679999186 0.11037972999701258 0.029471163180326308 0.022789857169182526 0.05697485786464499 0.11146150032769259 0.046486872643758434 0.0512575407703074 0.03958467241730795 0.262809437621669 0.04903839987642187 0.10316509601989513 0.04335084930674324 0.07041372049596874 0.020128874899566822 0.005521621988918278 0.062055430174392405 0.048063311044596324 0.043554303392955025 0.06757520055065241 0.026370432222264026 0.027347859724371905 0.004472797206865551 0.026454328646781638 0.06435244125438126 0.03183350231611847 0.0005223057712481313 0.06563998567127376 0.020908975555783242 0.04246236977831136 0.011274077549120274 0.13050044883904635 0.06940814822283274 0.039342432017589545 0.09257165471319362 0.07689792869588613 0.048314890752024386 0.04131736036883606 0.04986906160396225 0.03486935457585714 0.016264330312784216 0.011904887688291284 0.043321179900225965 0.07269475821838792 0.13985370598041674 0.007962567196054015 0.008979452507380756 0.23708153341917765 0.01884372263582139 0.0226828120458558 0.08338787038437821 0.26097015083849506 0.21663238945942204 0.20087534537892124 0.15500194684699933 0.1275905704475999 0.01694035282811648 0.04761275583552686 0.15218875503123036 0.2462366593803439 0.08763893444835234 0.09267070187557191 0.07101579656357655 0.1589261926442639 0.14814079881108408 0.0741160310605166 0.09608258173832487 0.010926352346610725 0.11209941052067991 0.007797628916908858 0.1284042338418906 0.12576925386263899 0.17120600231616173 0.14691006224628683 0.07375467641557774 0.08368708157942485 0.03290956136974313 0.09470752044208924 0.042261920503724695 0.02696482259547558 0.03439125624176921 0.045188485934514064 0.02192622549185038 0.056683178910715566 0.1777139534939809 0.2033614986625895 0.009753766706256835 0.05225214234207643 0.05792092187452413 0.00626045495045539 0.00791425116304616 0.03884291776642009 0.027775321853793594 0.08587650763936731 0.009260326062678795 0.19114239911059763 0.16060439412786312 0.12251572854171469 0.18296914785171173 0.16287592482208887 0.2895061850161556 0.24173553875458936 0.041247878244438395 0.08484770709909624 0.1482420942206966 0.24794471790755246 0.1269017318009633 0.11054883251696539 0.0320043740528031 0.03496963639859331 0.15165194434696622 0.1598890063219957 0.2630767217361219 0.188536851106666 0.24815535525087845 0.16618213797856074 0.27422696767579396 0.09930589499835471 0.019662962924129532 0.06377315679590091 0.03065630526841642 0.04898074375370594 0.05542155999976636 0.10578102969424939 0.03405988443610887 0.08760097937420848 0.012132277555332508 0.0339868662488656 0.023156172409315137 0.04761823491335491 0.09003967009236014 0.046229752937979145 0.04230879353408046 0.02349054911596054 0.06700183292467084 0.027544052623348806 0.09067946449925722 0.10172336175429492 0.057045177665265116 0.04750997839429045 0.1055751335965019 0.11921978969382051 0.2162681399731226 0.09484249586090922 0.21022216331931012 0.0700752091807861 0.012846990709082795 0.08732275633746628 0.13315704802775863 0.022967477673760287 0.03912442234513891 0.014558556209602934 0.0011639444284491849 0.02215755795314085 0.04121896235492755 0.027989499109480436 0.023759815108253535 0.013397215526862507 0.009827593364097038 0.04772614372887391 0.07114296818691643 0.10132410845607906 0.041991888908035784 0.06263235883462313 0.09195090423963952 0.010795530898968668 0.017366875525445497 0.07697462080313014 0.05662374069290736 0.033465276082675896 0.07036444796291703 0.12616693876802856 0.10320723153553245 0.14391036978880217 0.1291220104949609 0.22516403509869973 0.22542228518172294 0.22728778829646487 0.16741682213037545 0.03414337262217119 0.10966345676611332 0.027954785177694362 0.02273068703319007 0.09834602712522467 0.05183112355451827 0.07901440004099977 0.0018476996653032315 0.0021715959998369313 0.02843004530107823 NaN 0.13104058488203624 0.17356643426111587 0.0036184784054335973 0.094162059933543 0.02856467747092036 0.03727358568241148 0.005479424691918877 0.034780834604426505 0.0285390582496457 0.06762103577076384 0.045839381440478284 0.03942552830413098 0.03954065106644692 0.04927435640313903 0.06684287282095079 0.06953440893588161 0.0783520749048022 0.014864175523929666 0.03279234593778782 0.025134295107194192 0.10898339835283166 0.2456618272161392 0.04184880873295263 0.012636474114260996 0.014989865629847983 0.06989383442509815 0.042049250883319206 0.048074085487518785 0.07516599264392142 0.0193675272040354 0.09255840803619972 0.04957951831308232 0.027582534587274398 0.036635952611565686 0.025493483917233196 0.005613035817778972 0.03630805689733832 0.19257923232587318 0.05714624493455802 0.09337940074330812 0.21768699978900546 0.11611611572071298 0.3162522813020412 0.05057653864306357 0.2081180585388008 0.07250126579215713 0.0036814184019862656 0.10827640831592601 0.2414363485713051 0.26152914218215295 0.1612872669768064 0.011433204295545748 0.1339351174227991 0.06183666747407787 0.008455193893206729 0.0751777134207734 0.07554705758528828 0.12073415922944215 2.562562434727543e-05 0.017452939087116533 0.10100782273068827 0.1329264285987602 0.194582615431166 0.14021083821623792 0.09635847674008756 0.025772249995026624 0.04221578591378228 0.20161351390131288 0.04336766419013941 0.015317143657908202 0.0188666365928925 0.028974630911539654 0.002626387123516151 0.017901228314855265 0.10431525423303084 0.1710790546548146 0.02484886080857001 0.04680805105308031 0.06723130550584026 0.0017325426220746163 0.04956020684229761 0.011121863556432831 0.038485848901707545 0.020020975599021953 0.0004841983262657098 0.15779662667089317 0.0893804909565719 0.11437678512984557 0.0944103636213114 0.048091187363776475 0.12553131939756507 0.08792439344424934 0.11830050508965878 0.05184033971850764 0.04852668031409176 0.09705965801035953 0.14186369963820322 0.08920738646295578 0.013040907890561936 0.027575382131475173 0.018818930178161844 0.020824825713954883 0.031663075894716175 0.0767094588692537
0.04413407531612903 0.03261666421078825 0.005091737690982504 0.05366209172830226 0.009524293025565523 0.1169433753892474 0.1275262035878304 0.16457238931211407 0.12031047777247263 0.15960503645131358 0.18683934728551793 0.15984382109992926 0.014525357228420169 0.022994224455685733 0.0363555457442774 0.037412180017540264 0.07376735172403263 0.11289633714977733 0.031099260011615525 0.09170463546791903 0.07040801644573379 0.13418848380424134 0.06580068399899075 0.013021596544052811 0.07116910316872833 0.05704220615806672 0.055790808360899766 0.12791235931662517 0.1264322283869745 0.05280447832649946 0.1114118030590689 0.023794539973575578 0.0007604444146275536 0.05240264189083599 0.09580560476161812 0.0405295956808123 0.07750386045877265 0.11042185649171105 0.01949337511554474 0.15700803849521563 0.143942324965959 0.12714007254822526 0.04511730778925985 0.21632555285027819 0.2700629044550102 0.25713002440309785 0.17872953849345133 0.041648844789190696 0.18736087726562578 0.4168936832347491 0.11519640885626625 0.12482332029306478 0.16337695837096786 0.20861814630426415 0.14693002094022697 0.21916110469034564 0.16393779604966893 0.035232793205404477 0.0023419749861836718 0.013464311467107868 0.030441986812131283 0.01898046308930227 0.029492226616074205 0.02474876651303876 0.024456333165423342 0.059395280658670974 0.013551733578749229 0.059067895335666004 0.00601616974696037 0.08580199685140946 0.04135859805213275 0.08027819456653004 0.07801382377348547 0.031245015278562237 0.04975987899311278 0.05270695744461165 0.1346643925618825 0.2155050064146893 0.15348743828661005 0.14859933287498778 0.10661133275840311 0.16533619905783412 0.16519444448173592 0.23084419966027428 0.08325698777678604 0.008679109647859692 0.05178492868746713 0.02155320035940053 0.015308672427406834 0.02353213479594318 0.01819225632278364 0.018151123669239516 0.0032213790804472434 0.07757130094395637 0.15372676082086023 0.4247291029539093 0.11198391355335868 0.10626243186379312 0.008587571118276386 0.059613640926266837 0.05110798979165692 0.013574776473617546 0.05918569493155874 0.012934670961524501 0.05652868794972765 0.07322076495481182 0.07547678818125947 0.048636395282969765 0.04358123883868105 0.037901270903005976 0.0809398817347598 0.020361737048452348 0.03279485871670282 0.035727827593995405 0.04633801929966055 0.3149738891655543 0.3160808416153984 0.01994009692537454 0.0038406303000215526 0.021958353571569673 0.007841922274119643 0.049892183248655395 0.015465429494962298 0.0018086403306881446 0.14614766987704833 0.03256421942277532 0.015384362586905525 0.01761568977892372 0.05819443466960463 0.08449170954570241 0.03416983017002506 0.04993506090227769 0.06440772031218063 0.011509688118066559 0.020962394137425 0.10065295028019915 0.3185868484199633 0.15486816523833447 0.10925217913769038 0.1338626970955202 0.08232407968854898 0.12878190278459875 0.2653374754567997 0.10820642354814224 0.0816534046858006 0.15069082677289894 0.09496199216218015 0.26758396056128936 0.000681339006957793 0.027573339368725698 0.030744846671320776 0.0021645608336309857 0.09520381434685046 0.03434335052615239 0.021458332959464244 0.08978193045733898 0.17427112907118772 0.09287123585595862 0.11528432680064687 0.09709618706770616 0.09363040216358315 0.05306921883210263 0.10015787298238696 0.03020856412749395 0.014766080414061177 0.008957552727862018 0.04653771415320408 0.04855814863870021 0.0714441221185063 0.10279825700090385 0.14579686145517226 0.026491093020981533 0.0027996234341023966 0.053201221010874766 0.11154312078670582 0.006415265091629291 0.11724167727198383 0.0063765969361460765 0.012011937931576098 0.03239610968708733 0.03444403450855342 0.052871128343896526 0.04084684284098038 0.0019795877893354495 0.004344434616431246 0.09697820358254464 0.12498929076619189 0.1970845562795831 0.13023933057380957 0.14411611421996137 0.22556849248772887 0.151414093853815 0.010335318158526743 0.03214048608633178 0.02039142945402904 0.08146704242194659 0.14074729642630268 0.14450415188980825 0.009556307972039685 0.13372968733630156 0.09756270665467069 0.14149942276089483 0.02837275743178836 0.041101157937869746 0.045696468622438355 0.002799418457252144 0.03713740627332609 0.0472073836541936 0.24894874299547617 0.027115745291122897 0.09200062759791974 0.0753136298963935 0.014042386872189005 0.04761296484750808 0.0715099750835144 0.11251008327511575 0.11447985257543698 0.09390668329978585 0.06334966394288731 0.22465617640076022 0.08482134203211839 0.1461446572686326 0.25778200083507136 0.3399038029973814 0.25722063237360576 0.414732007115637 0.2095963244157969 0.060045117782153386 0.15846998929008893 0.42740312375369444 0.1271335043652065 0.1329090888189455 0.13675418843310302 0.2040630590037577 0.15001016619965016 0.2641243134463136 0.11569297922886705 0.15092667505582721 0.07747071124535738 0.1098330669983487 0.016166914673087326 0.05472595867288796 0.012860338739664004 0.04496298044799386 0.01752700605567904 0.13635354934721566 0.026886559554941226 0.081865959325241 0.10838624277960812 0.13337571960768552 0.006433406160451497 0.05184240398642104 0.17236666270051632 0.12173027151582444 0.013018836309339442 0.16689033389347793 0.05517947224760085 0.32964519106148815 0.03910483667017258 0.15105138385862849 0.13256177585223156 0.25685498283183006 0.2273002985941571 0.2697522658714256 0.014081998552629505 0.03905714168543446 0.014661590828821907 0.0015149726023180577 0.03328825320069115 0.011279629397061963 0.0761535978711734 0.01673387091321269 0.030789938167059515 0.04170812519889512 0.13104058488203624 NaN 0.19494089323484518 0.009993603681789894 0.004592593376098276 0.14567251784537563 0.06055238028681054 0.06522745458921328 0.05122894112354075 0.0018372273796475932 0.0040890598266105724 0.025337479695075455 0.011258820622164453 0.07360021882662424 0.017564070871811263 0.06026615798077526 0.061964166744245826 0.020735858521186236 0.03703133873556651 0.0507098257837513 0.06279362787023636 0.4050851186064297 0.4409041465759187 0.06310880895237975 0.008618019713098224 0.027016477804941947 0.09608003018509775 0.04857889414107576 0.06354611474228368 0.033235611611624416 0.05570260002440346 0.006993525535170877 0.04896530294561777 0.0058518868433779245 0.05060755847266309 0.15628244671188615 0.027564406609562508 0.1272504462604444 0.07118245282895405 0.052809779930738196 0.10346866190859332 0.23121509243620683 0.36153961398931345 0.27714487105121816 0.1360575279243498 0.18176267932059192 0.053107388422859336 0.13769316553347272 0.24218122620946786 0.1309018482920278 0.15772012335064728 0.23964617257716575 0.15729119139812592 0.30681340280489533 0.09242011113556038 0.07297123711929294 0.04319233745664183 0.01326079737977381 0.09688398814833181 0.05140507243364668 0.056015759974248076 0.005865369910617968 0.17000255642422682 0.12513205826998403 0.02792097899477273 0.0516963670618561 0.10790900960817378 0.03174314961478645 0.11321091157324632 0.012515865110827229 0.034685963729017985 0.04954586592362515 0.00845522208994877 0.04687292427661585 0.04990925004264471 0.12765877956415905 0.05318626152203322 0.03090319726157568 0.014371849989005247 0.05378481183898865 0.018424390980183405 0.010021408166360088 0.0635516271625604 0.07215066787125612 0.011684244347444885 0.03659026948388727 0.08452367819503044 0.11745347666474297 0.0463798108667165 0.05058250175861225 0.050796456515766836 0.07980828944843804 0.06466835005338456 0.03171104133480715 0.09875333804948425 0.016628321495721948 0.1204787209054293 0.049562207137893804 0.05706700765112067 0.009182225133198088 0.03156851830531928 0.001260237512133179 0.007105171182936682 0.02165041500536695 0.11148161504016313
0.16185111767260843 0.03333237455444118 0.09463640741293787 0.18420765163020722 0.1337553696310926 0.087716514819189 0.046218000406909966 0.0791915911836288 0.07047674331928026 0.17628764944232897 0.06223914065989046 0.04959455064481109 0.12766023522766223 0.15413282539718173 0.21822909380652958 0.002708864111976867 0.014441227303288277 0.029403015898235477 0.08430124961180531 0.06200888937939127 0.05874381119393595 0.004977656182031486 0.01240430013665037 0.06775525877803333 0.015961671636680545 0.024589590895678165 0.16951086514793687 0.1621203873117322 0.23425106148084704 0.09679188664397724 0.12048735910995165 0.0798425230106366 0.07032437188464917 0.1269580999891702 0.203082132775065 0.0972309987768444 0.007255949752074722 0.10431274778223959 0.05307645005485782 0.07272105944913537 0.04364477364300873 0.05827998537646059 0.02981637564728506 0.11343192335229975 0.028127361461662632 0.07269251244389578 0.09247547637002357 0.10414935211564345 0.07966333594517294 0.08010623319507389 0.08116694404134119 0.0379192670533557 0.09598600672794659 0.06092906829672288 0.006738324696346415 0.0021853991776641757 0.10103363075275668 0.044288972454903125 0.03371955904963744 0.026032749691446002 0.04344306295367714 0.10482746359382397 0.14624479340266025 0.012409202505137457 0.01859403748909155 0.14600209436809616 0.2923831432732381 0.14026741941131277 0.11465811712114869 0.0467126603337664 0.015666403592485802 0.10644112764181544 0.28901043751019717 0.08626020112943614 0.06161619438674628 0.06979347234097484 0.26816181912017506 0.16954157524289534 0.17318864308872423 0.17852270970628903 0.08895431611553586 0.0023651146874945797 0.31084403624251045 0.1638119296880098 0.07098274044272891 0.03873461792681233 0.0753406439295152 0.04317430426189754 0.035082846844020715 0.02133088332242757 0.1768739370015746 0.09106971311194706 0.04861903462605273 0.03624193260159377 0.15461746237762003 0.08785211841940137 0.290774954612003 0.14049846024382298 0.03967533491487228 0.04747464828927017 0.01785545976224748 0.0028679213906727197 0.07721630175366243 0.0663227509344621 0.04378670995832477 0.0008239732144597407 0.0181578703222121 0.0032528443636561746 0.07773288321349721 0.04564056743369973 0.034660685365921956 0.04369287482528991 0.018644834172815625 0.03527491355817143 0.04031631990548307 0.04660478244527442 0.11418599655471244 0.032058292015666706 0.00840150731068603 0.06528908344257481 0.07453789424873909 0.0823563130990307 0.023166656385001653 0.0966129797955337 0.02520063382437742 0.04707620467265943 0.006873162536058642 0.052051189869695744 0.016546107830235433 0.22497604046615663 0.11355502071068058 0.05945124022437595 0.3507156104541524 0.0981058080819637 0.08519457992983333 0.054282269878760475 0.18758112984454853 0.039212223672338314 0.07133116542292502 0.12180317636077628 0.03945555039787451 0.04937140641305639 0.0836507437543049 0.26519814046301804 0.33212462596701714 0.1128295365228355 0.026017477875765305 0.10396520244314579 0.33496612757416505 0.16992636747913742 0.26027188824715203 0.043424250071207586 0.05051404478994166 0.010101559839544975 0.07480819835298365 0.004784181913286226 0.008538999483551442 0.04247250839715038 0.04241539735932606 0.053343816451181865 0.1561774121117599 0.20781273266118752 0.01608123453041769 0.011497590027076357 0.08208221295454422 0.0031057353086028187 0.009948737851235682 0.007787897017448651 0.10555386202315815 0.19742486119999164 0.23175019150807186 0.027133209624065815 0.10665461260573673 0.05140544861509986 0.08582575112935892 0.01619145816372069 0.1379077219367815 0.03186953666442674 0.08334283566489996 0.021544522209929504 0.16588906827898509 0.07921817870138695 0.09538147121241927 0.17217601060367738 0.174883440560421 0.13766244259196658 0.04610976274864692 0.1016429350886903 0.10967670676130428 0.1403870583564049 0.1503978406255902 0.039194819666112046 0.14642584677180825 0.1385660270863141 0.20430878515697198 0.11267343602150759 0.07587603254535949 0.010891607423031403 0.10956638838581385 0.060290316364880484 0.0738922904791917 0.06234635112287621 0.06886664881577671 0.12366676943321497 0.051160837550288774 0.03801032198080987 0.13403239036677955 0.1558971998138849 0.3492482108562347 0.10337682496892037 0.09916805000275174 0.040418239707524714 0.0690599452906616 0.06618983080832148 0.056391405067361546 0.14614807928299534 0.07840564631885182 0.13180946814457487 0.00392399653096183 0.10687238383696322 0.0501571648803816 0.04813906282010642 0.11715657844746245 0.16971903684346606 0.10325172563409196 0.17960266909914313 0.07368038173190723 0.08848320273082316 0.11761473753802058 0.20362439835932652 0.09440489998734221 0.09321432354414204 0.11813311161534337 0.13671518811554226 0.04646707334900087 0.1253587108815934 0.07124637077526731 0.10015427395837864 0.05909007605812024 0.04312029785589632 0.04804838033090711 0.0016306014288969895 0.11561089775544003 0.060435024811741116 0.11413089412049804 0.04722440691316924 0.20480356225722282 0.1158303975552144 0.1719604681168772 0.16019130009733137 0.049054662339751844 0.040776537570071006 0.28775749165433895 0.02100644759524972 0.08449460766943959 0.16523615148226697 0.2123213859672421 0.21910679061826366 0.11539443283451269 0.17521220604225393 0.1460037599329007 0.15257025195282364 0.40897203999917 0.21471777628244532 0.13296013448800642 0.11890360861723784 0.015783551128079314 0.041909424003547975 0.17407776402077488 0.05269463969414851 0.08467200966326979 0.09032557383028192 0.04084030146175276 0.04771521177030545 0.17356643426111587 0.19494089323484518 NaN 0.07010897980590385 0.006730528962915115 0.025880325275758388 0.06499568237708953 0.0627912037999495 0.08641774132922722 0.11484072466717266 0.08276670432404055 0.04205671664809973 0.013240632934276129 0.06800384317207521 0.060633575386096296 0.03642910635818273 0.07133588353279995 0.11136037584453752 0.06360572417139732 0.00925247166520761 0.06432386561365284 0.09801525594797572 0.2427448753705058 0.03336194318100343 0.03295019347947574 0.0458972183864383 0.09992622675937045 0.02809712900131253 0.05417468355047761 0.08439266591320545 0.06998099653745685 0.00987698689684665 0.04403568879090892 0.08519777858845544 0.0069363770318375 0.06351754378792361 0.08931473586488473 0.1568901603790552 0.37775270016123197 0.036189566569495984 0.050806272363507016 0.08944393259882151 0.1786044447425603 0.1336644878143052 0.04448389492295096 0.0892403149506647 0.09155669043400808 0.017865079092445352 0.14744784245206796 0.355309843895927 0.3923858871679797 0.19343354639268906 0.09370596586773237 0.21098240051705736 0.33752573479512993 0.006435817986638449 0.1734096942017903 0.05860560567399458 0.07422111561692646 0.03626416823125769 0.005707599072665058 0.06805481507240209 0.09095448324445589 0.050610656192997316 0.07912039471616043 0.012400857429041273 0.03604012496054798 0.17118690125226982 0.003439955080068831 0.057702707724239743 0.030809185411350786 0.07004098150406662 0.01634691380902066 0.012146367299569633 0.07559633909626136 0.20269114433826257 0.20137843771480007 0.09197931176308326 0.06832483506530194 0.14702724515103316 0.005798164051664386 0.09691480311865436 0.07252842462828285 0.03196564556467783 0.03465460511908796 0.01139041429817259 0.16631950857136224 0.12877128783569797 0.1020908422112545 0.06497397725053924 0.04927224957674045 0.04329928356587019 0.05030789867717317 0.024216833335285484 0.051698462981911046 0.018125491496448615 0.12484005341437882 0.1825987975265845 0.09069795512272447 0.020649743516959834 0.009865239193393138 0.07358023707191501 0.11345262357450511 0.048046441921287326 0.1202173258401203
0.18944127845387757 0.007388399456497893 0.027840698136244423 0.13636636798046037 0.12270539089150473 0.10443779918500246 0.018465149256407236 0.029006741167218405 0.025518250081610704 0.1983366604594481 0.08001824603515703 0.13763489648757887 0.08204909862325793 0.021654596764800253 0.14261898669735582 0.01254372030025326 0.022522895310980236 0.043052040596822785 0.10267750162406818 0.08254804069905176 0.08980379796672876 0.006469170894652558 0.048915077082993086 0.08101341429776204 0.13732294891777833 0.11243497710703267 0.09515485631179321 0.06105556342924309 0.02602283083272766 0.0792471402832517 0.007811230414667345 0.076991478253671 0.020072650118819684 0.0679871248313946 0.008463908863768504 0.045949104106030834 0.043258941643161124 0.10015336708153062 0.020725072366358604 0.05875891417906996 0.015523825968464766 0.05962382746164757 0.08292145287791244 0.12843441179508447 0.03897715200365154 0.020508174023112277 0.10649458373869874 0.11884961899933855 0.011566718985477847 0.11489660323505906 0.05106139850983299 0.06642283597019899 0.04912912660019838 0.07380114564643998 0.04129186778103803 0.04303229724837575 0.01165218661155885 0.02047258840989226 0.03655813946718859 0.1184999919794168 0.011633141518463765 0.05143180290948582 0.024644279622222404 0.10766760348084933 0.04311575722714966 0.03543932631320343 0.06860253513928904 0.1659047384116627 0.10992932117271853 0.1349591121162332 0.1067167814385478 0.10140757117690205 0.06802280243710919 0.021208834374216504 0.1106988207292088 0.03234711345326615 0.067910858417228 0.03505732251233691 0.09642628040981167 0.029680493412428063 0.03065575323669203 0.08341251812362453 0.010524764099536742 0.03308823080510225 0.10039984038436665 0.17524634783512208 0.056257669938613905 0.006727157876898111 0.008750515885029321 0.04439429654384645 0.00887956798729964 0.10761828788970519 0.06927540993814617 0.075126675357419 0.09367262588182015 0.008491937962852983 0.0006800998826505238 0.1486952394654042 0.05220973900620853 0.040654647307825045 0.01736332066888247 0.09090572242476916 0.002377272671672439 0.002370072034853606 0.09577095515974535 0.005759287867013102 0.02257896461555245 0.10168730591452667 0.007446169172868047 0.01905266222570241 0.04672842148464937 0.0368794987975334 0.031349643729057144 0.03597427290727799 0.06036849742524131 0.10727019906333661 0.01760952395643235 0.046373560719856516 0.021970853967210668 0.031462020313287646 0.0843251640178425 0.061684463727508014 0.09429196302384858 0.009223038829896045 0.0938354073423107 0.03957613967798909 0.08736652160052256 0.09202349935143193 0.08862069696463362 0.04924680422215083 0.07868360706293798 0.15803370841332384 0.010183461394970004 0.07893389475848833 0.11467743840934938 0.031075708906001698 0.0448601417253455 0.0562564339200451 0.005729471983411873 0.12114661649261221 0.04977623182253943 0.09209465290762486 0.14783325663443886 0.026359296788244273 0.034523051486825454 0.03257451902938755 0.08608340423203963 0.1395279502617813 0.07279377221348089 0.10204011047110091 0.034981085136959245 0.003261212951048642 0.01756672281424766 0.0008528030965631464 0.025176074587955052 0.0015557044202871245 0.06308788485211378 0.0887703387243861 0.038436086701119934 0.0756898406742404 0.09438991707367211 0.059290950089128 0.024823066507297223 0.020584617797855108 0.06464459599414579 0.04618080773182309 0.07086814267798847 0.00956556755240867 0.03918567932911047 0.06365957508943913 0.06533468609693022 0.10087720963309181 0.024404859443047888 0.04574142676418543 0.010367066169749873 0.1104135127352324 0.040197606333091 0.018481122461532135 0.07016374377291167 0.05762168666119598 0.1957390906414254 0.013940205258625169 0.06209701778877097 0.12049409381882707 0.13288206284666157 0.16634263925555498 0.09234213652802403 0.04129690371461247 0.02371203178140797 0.11626887952023089 0.0801819145069085 0.13100917204147086 0.07475632867521306 0.09689917954553486 0.09900358432546565 0.06582958261287784 0.017133108165331208 0.0603140661744411 0.18195309022919012 0.0351501320032114 0.08710719233459095 0.027099516300178872 0.010531971512783343 0.055800310964836404 0.016217856034171824 0.15845547412579064 0.05602488467188783 0.11083462091402202 0.0864691027116736 0.12736685957275015 0.04762271579953749 0.012144006440042052 0.06777179880020305 0.1020993301101544 0.11321749137746914 0.00837054104664345 0.04804865908345714 0.05333319791885965 0.019267081052354206 0.08302186726791573 0.021998170714825516 0.05440682447616896 0.008128900745439606 0.0827459683367468 0.0016479673787589495 0.0038108751566675475 0.1219304071999414 0.06264957994502997 0.0008859574974336946 0.03850093783054108 0.02685123715449942 0.08035647558127905 0.06594285680664708 0.025938287459713973 0.020741313490737535 0.07689430908572441 0.02914795387882612 0.0437455769288101 0.060836951902445764 0.08894207982272997 0.06722790712400135 0.09880800225665712 0.05154659586091868 0.12778952742793595 0.017228184231897824 0.022669887187340414 0.15336000653381188 0.3008035394120066 0.13282101365985696 0.21995272570271862 0.2708237356386545 0.2307406276274339 0.15784467874561017 0.06522673119558485 0.06099416800778498 0.1306603787561947 0.13058858227353629 0.0330804522624848 0.016851618484545194 0.045886707564238 0.0004882625603158643 0.013171712840452834 0.19110082142734283 0.020979659418769902 0.1002898863391765 0.033990452923862075 0.15086404771728662 0.059860437511226876 0.07101753168071452 0.026979134219430538 0.08822945699788833 0.0015188311338065186 0.015719888709248356 0.023955321182605443 0.0036184784054335973 0.009993603681789894 0.07010897980590385 NaN 0.0630330839849037 0.05084435592679369 0.059253932725744383 0.02023466839740643 0.055389142670839886 0.0031979767841048647 0.02036129117979625 0.06778580812638323 0.05579278955294364 0.0923896930011255 0.045286295452923724 0.025411812641293018 0.027393300055191742 0.055356576940806264 0.027397763042568735 0.07129411810106337 0.034851233435341473 0.10738533888936692 0.010202537869121573 0.04517009322967136 0.021394961650789572 0.013527783599923546 0.06106149597997761 0.012448371905529913 0.006595740898300926 0.07797623490694865 0.06089371482683583 0.0390323201897923 0.059353530420031504 0.004822042535894034 0.09790507069432415 0.05144608333112106 0.04150108372462938 0.11677716692113262 0.13953546120068056 0.006407364644210179 0.037443324040818834 0.06611869678548858 0.005773415429661483 0.06711174211785778 0.05957622062177518 0.07829743307122411 0.01958855037789726 0.09264392922219879 0.08649169602192183 0.003506694060246172 0.07434667882979316 0.12961088120093409 0.012763299774503353 0.01567257557479765 0.11972526464685423 0.2256840375703787 0.18690660508450907 0.03588335762351648 0.035317270834837045 0.01600494636122287 0.0152137948044992 0.08205617698574068 0.022692643062238196 0.05667379401361732 0.015351948034267256 0.00296830584223827 0.06773639016639872 0.024810684317535144 0.017949793097495538 0.044203445994667474 0.08011674956798198 0.0011856532832193723 0.15833881787164675 0.045074105297786535 0.11747152606022768 0.06430522062076474 0.01061109101204435 0.022182496261737513 0.07724249144199737 0.021144658669789526 0.07123151454890388 0.10834626353990369 0.16364744214406726 0.03173240634406543 0.01529331637827104 0.046997590509507546 0.01095966118220458 0.0013790340340727252 0.00032434790577831916 0.02840410028911769 0.046793636996654245 0.046846990244357435 0.10440193974882564 0.06674852204562971 0.06351512703967924 0.05628038953052044 0.09431065360888943 0.00876697784949145 0.055726802507994055 0.01956764116072461 0.027103003395256727 0.09043881785383372 0.05398745303347038 0.01222863102455574 0.05781547078359058
0.09237402871482574 0.13158784846847896 0.15874925127047715 0.05456055546832799 0.05189370581298476 0.09733432892078388 0.054318303600685874 0.10760096616559858 0.2764737608726658 0.13524549689551474 0.008357468959791673 0.2472308122283396 0.056029428719937026 0.1761950410550059 0.10832371436184621 0.08740364268720541 0.04056167130165274 0.032901195893645215 0.13366389998202483 0.008943502174731546 0.13950692485629348 0.06740061881321643 0.08196983596915697 0.13526358725855747 0.15561804210430774 0.13188216919171283 0.18348639658956156 0.042050041928478804 0.15784031557312894 0.009481892162184176 0.13224511635310127 0.06159175796462772 0.11834069667198939 0.05808804512499971 0.05330896454728581 0.1081774063296904 0.3169422258649963 0.21677296215912087 0.14141223104352918 0.09537010553881271 0.20634691700404703 0.06018490697132834 0.2170059145299618 0.10029196334360733 0.05082343214153825 0.006516432498712248 0.021491050755246925 0.10658544536412956 0.02583524595374972 0.11032393254706648 0.1125929460453054 0.09204434694974971 0.3038803626204888 0.038518997794141696 0.065248435122893 0.01566867299470956 0.08745471443636017 0.07520133125809665 0.2148897896371104 0.2809009149901261 0.07686466786313387 0.22560892293087847 0.19229590104856797 0.012874229851563295 0.01524067457328486 0.03944201875191725 0.02703262224347044 0.017254169192153727 0.08431190929739714 0.13496716159894875 0.07610515344385875 0.1377280690369811 0.02903218980409332 0.00238712611280807 0.23270198062917616 0.11219522576139229 0.013778134415612849 0.057967632866426706 0.02414149382479716 0.04851372180300641 0.0440071523390659 0.018415284537676713 0.10892176489325169 0.10616245188045936 0.0381337232934546 0.032858060580542116 0.03900410033522706 0.002848794986284646 0.03160284233200318 0.13666940441239256 0.0037861757055768445 0.04706781153909631 0.04265690892937666 0.07320279198828408 0.012981435356619024 0.047395346258104085 0.23375427186925432 0.025038322699268763 0.41109485636287374 0.3729392811083249 0.181011875411632 0.23699802382525587 0.10346518145308499 0.27799014317653914 0.19671818385088805 0.2131373216819793 0.08997782913582124 0.21264598279706998 0.10251071018451842 0.06419359682424587 0.19886295957535158 0.03149269150052082 0.1536479920281344 0.20497257358356097 0.11605243747876054 0.07680123181753018 0.02327070656657562 0.017291926778609298 0.014733830106705648 0.027919517897877635 0.11463160589002397 0.008322608294632739 0.09732129742842432 0.20517073805447492 0.20011363778812488 0.08546984209609937 0.010194022339893737 0.03352684567632966 0.15607369848695332 0.02551895102590203 0.15789405724524466 0.02628871023255036 0.006980170069662202 0.08728645822999373 0.05231117287376624 0.048933763281658896 0.006563856142905714 0.022582998732126828 0.028666038283551167 0.16008248732187494 0.11375865262827578 0.12439799436288211 0.1524438337273913 0.19260410887583532 0.09717559559034035 0.051924016431353706 0.23098797502893603 0.16789857252346505 0.14471197974844177 0.043844395262684716 0.09253828970820917 0.01247995141043991 0.16868508353050674 0.0487641981904832 0.01877906671300068 0.11566936729354538 0.022237932609853746 0.021224399700512 0.10524619752050123 0.08433548566069624 0.024882099164307413 0.08750891857588641 0.05868344060130477 0.06694120882815065 0.03137043732366844 0.10171016767123588 0.15636720619229358 0.1844479298710776 0.1579143101323496 0.11650505316723689 0.04979725667905368 0.06729456647714058 0.11069292004231279 0.2838313115992576 0.20716876568041867 0.06144478632301651 0.09826605794858669 0.046836972665852204 0.18743327722443515 0.17137905476164547 0.08131189524851978 0.13493932661081964 0.18904027999220097 0.013995664083963999 0.016102793840204487 0.05639480486555341 0.010888528113154624 0.29901749577751363 0.2636519097697183 0.15942903261494987 0.020218310970006065 0.17408801417331382 0.025751217054420076 0.08239260510936737 0.09748078462877185 0.01673897426492032 0.0488061557540976 0.09982078813235765 0.062039138570209845 0.027309343825901073 0.1248081588882326 0.05648412488826383 0.11924409125486832 0.16542029407469375 0.1075401942895243 0.24017092942954535 0.1415591632744746 0.2179417135973861 0.1240617084038922 0.04465311798166114 0.14648966504415498 0.019746105531662693 0.048245396323732724 0.11363338716649084 0.049333297836412375 0.14552198853295023 0.2019623212987773 0.14782040302762772 0.04169707077552408 0.05068414093369367 0.14507167960152792 0.14542436986644183 0.09745453822828347 0.024816556048415983 0.05815650579313494 0.04919656123881657 0.060496429623846444 0.11632707477524437 0.019003024300052025 0.11161457769074477 0.18926689390006132 0.16742741793182161 0.3146329681191865 0.00014640592840872948 0.1292095592507806 0.17449681138024373 0.012874420652999896 0.018210727834544763 0.2605733455731559 0.17213072421652953 0.03194961141332548 0.029871616327481178 0.0904049242550029 0.06220995312416197 0.012173739711258989 0.09385689616715212 0.10203358102940467 0.025073890055699734 0.13012169435109738 0.12703175984649528 0.07565398103319103 0.021987595342946552 0.01785663935585935 0.01371287010008005 0.18243316884685734 0.1119382824944717 0.07677919181902966 0.08354041672482311 0.15118710296269366 0.017695492248899276 0.05746950651156668 0.1067374557083984 0.02109542330517312 0.1851395257910057 0.11572635790314237 0.041623343626957875 0.056899711410417594 0.052103087534321184 0.09446179374704763 0.11854612382741803 0.05792154200338619 0.020695930249343655 0.017853998440462 0.09258373130958641 0.094162059933543 0.004592593376098276 0.006730528962915115 0.0630330839849037 NaN 0.23735229040734257 0.2333267791741969 0.3005622372765134 0.1510092796485152 0.24709114475192093 0.33371365474294723 0.13309381062748404 0.17142000141341215 0.18035749356487285 0.12588078146939366 0.01604617166941703 0.13898008235213732 0.08070900160100442 0.24571551229811417 0.17092922265211355 0.09828040833553299 0.16536519849086 0.11054352411390986 0.04516122150128482 0.08191455782011745 0.08785705245351146 0.10397484727546628 0.03922054425607579 0.02828680252114355 0.2606237892820604 0.016350935915781444 0.011611515506262535 0.017374551459143506 0.07075501679559473 0.11573937185560079 0.07099834407812637 0.09575188381961866 0.04089799567310472 0.1076060713140431 0.041025976871552794 0.048457035497926994 0.11457306825932798 0.056966059154979154 0.0937371552985641 0.020188078848578737 0.029888265610945968 0.006095268464010288 0.09021586626207125 0.05622495143643869 0.029116871984244244 0.002531737879670327 0.14809465791266893 0.2783554018947112 0.07284385647086355 0.02686735275747984 0.10274996634890882 0.0040153570903579535 0.05815450598918865 0.04454895389794922 0.1317777417198549 0.052586131210740086 0.10533205230197402 0.045334991145912676 0.06356750794006694 0.010112084636728838 0.0571235543102154 0.10348342516249809 0.10662091601267652 0.030577563470490732 0.023365258994840394 0.054576789079756195 0.052638765317981596 0.19885064320189186 0.1404192949161981 0.07395642641703451 0.05653997896618163 0.029066557522816613 0.15812651484319126 0.18788557644155351 0.22316282208059035 0.13873772659414185 0.07046691764510236 0.057626966003815366 0.07688884752241706 0.18467483198641452 0.18215605831923035 0.20733118985117796 0.043012687487069 0.0168362463599318 0.06983966585625828 0.03142200492127173 0.04922920908114722 0.10562906197781925 0.05706313101479065 0.03245136203354828 0.04967063237441623 0.2543195675701985 0.03598723114212376 0.08896213173134972 0.04991241129465415 0.029498071193116197 0.07082018639615331 0.09585521736094335 0.015794718176186603 0.08069279268778093
0.019915360457932695 0.18365986847119975 0.20316368313130667 0.06846390229905874 0.05898355442292963 0.18423179171944057 0.16990565597086227 0.25693639710372995 0.31103748192932695 0.026689408831147433 0.08255372281586425 0.0489749349766582 0.05014390409777677 0.00548294238931297 0.07861559606343346 0.11547325782974824 0.09549810491967259 0.13111432919823232 0.14905985855749224 0.12321852721788938 0.19785397553176542 0.11681613500020434 0.20465051979466328 0.022952516376349263 0.04559858599890419 0.04416986674284013 0.0653094998076469 0.08062416775436673 0.052396712406267504 0.06502460240831277 0.11125418881957491 0.00752620057267683 0.008594637225768673 0.00048305176724867347 0.08260139964134963 0.120851982176377 0.21451689242145766 0.004114910268315095 0.18139039826434558 0.1431404901369808 0.22308058985928653 0.036457919030427895 0.0706505114246075 0.0035847014050827525 0.02417977580458308 0.018847648649007273 0.22180535408962304 0.15411397704190424 0.11426694903513067 0.07829763780691669 0.2810821245899941 0.27784583557488923 0.35759029498265865 0.19081537406041643 0.13320529597832043 0.17569175465042652 0.12704837450805645 0.047565648961421424 0.043228500317913185 0.06231782922956107 0.02176961595466414 0.11500239080632574 0.056066386829173816 0.004795329726164593 0.023765237751070162 0.08671929453473871 0.059855643565674084 0.13664256961173682 0.04728572621721223 0.02213664418125623 0.04697078417152728 0.0072017197913366 0.0858879542152514 0.024948567285896745 0.014431328687947359 0.026448383712469856 0.07674080002022073 0.012321481071047927 0.05533529091114822 0.011163990447587827 0.057198760261701294 0.028183013425464448 0.07879702295764947 0.05814837257995704 0.023250643117988738 0.015425755820197765 0.07127906701522092 0.022351003529017494 0.10025961702762766 0.07190261769930158 0.03980536108750675 0.010377026256798646 0.07423958953987535 0.005874001756092382 0.03040797744826682 0.12167322071289575 0.06809302141463655 0.04865551404497361 0.2208293466778381 0.25552319348390473 0.15375251578166318 0.15519471406871285 0.003209456696004778 0.13041603346481903 0.05897375699785319 0.1800771767328126 0.09460626453240828 0.12764566689400364 0.008878943363013814 0.10774367460080084 0.07498765676418162 0.009227095517563311 0.10394942896970502 0.106405086472557 0.22691868918271685 0.21688607507629937 0.1469296437690399 0.04334883664398952 0.02080244008876415 0.056204417089019534 0.10537581360332686 0.009840034388499043 0.06393122901597781 0.05718141604130455 0.012468975299735993 0.012677801785910015 0.0420268919223127 0.037858259948822685 0.04510204764927857 0.028860515935121556 0.003616589589724485 0.04683930980899902 0.030127731345638033 0.04164649381775701 0.0031613325800931456 0.010556320696875707 0.08124221003946012 0.13530875986055269 0.06674791534428227 0.15270300438204468 0.16449259762918392 0.012636998859990381 0.03445150449100979 0.10034858811872024 0.0689650649406643 0.04461660772717588 0.2039917209654019 0.04943893511762907 0.04043506380899428 0.07701701343372018 0.07120020006273389 0.013680310489274103 0.18208061103258294 0.115029011861824 0.019687498947661263 0.20580292859842897 0.199243849447984 0.15530093832130012 0.18446333782302524 0.12275860098037258 0.05187669661399071 0.08862898331117318 0.12330242993241523 0.06181345588401938 0.019223226051146833 0.05317092112365693 0.006699226631856283 0.16476812443701236 0.05146558652242268 0.13215796294789178 0.05051559632035165 0.07548636236171774 0.07018741514829258 0.021068258527408797 0.15787094232325694 0.021900972040168443 0.0009528812752539618 0.0009792714985983016 0.01318193624511589 0.014658382436130414 0.015291983657182557 0.1708549176434155 0.10679850115690824 0.012672599008245623 0.04018212879448578 0.13742413195871545 0.1320051824854527 0.33363895728746423 0.3306518226081291 0.1326592733105748 0.08368974731638996 0.02751919256132757 0.010961127848855792 0.09388551468031603 0.14948757167085644 0.035348537273982614 0.0455229386633326 0.08920146317549812 0.07511547873414033 0.09707536290502992 0.15432947424383678 0.10528797778138971 0.23513500545643226 0.025441088996425422 0.03402101427490016 0.0942683607743118 0.01625992436188401 0.02919880254474247 0.06829101003454588 0.031970604184849455 0.14325410964880875 0.024550540396233993 0.007470522414312082 0.02870174879607337 0.014598511768761304 0.16482438210537687 0.11352363001523355 0.008873821051618599 0.07481057777995741 0.20649698029195276 0.13923760767283808 0.14552895468409266 0.1172612902138309 0.031312943253282106 0.0004674787816160641 0.01871130523990387 0.1550005006677289 0.1416826046568013 0.11933049564591604 0.03083957888306744 0.33912699473492736 0.25449692012943376 0.32610892934687286 0.15839027439376777 0.12874304127217956 0.24167786935094818 0.09313047104401966 0.018764415228671092 0.049994099463697234 0.0984614108203998 0.046142458937098965 0.02572442198908851 0.08116654463459093 0.07397169888979525 0.060969389944767305 0.0003193765079991036 0.00641138103547878 0.037201539018973474 0.04090181943634931 0.05496594501205168 0.041379324834373614 0.058593447556958625 0.10680966321655047 0.048297037865640303 0.06515540633435099 0.03543170676759158 0.017872956899708366 0.09603719035811607 0.026176709556255177 0.03330085314587339 0.024186466997329317 0.014779100477697482 0.07382600553696089 0.0699590670158714 0.007199573372764207 0.029642960980103945 0.06257847996182792 0.011904399613120053 0.0519823968308532 0.1786452070283547 0.06945239210692432 0.031238235429161414 0.030511683709089733 0.006936512035113848 0.02856467747092036 0.14567251784537563 0.025880325275758388 0.05084435592679369 0.23735229040734257 NaN 0.23544722524464046 0.20225352554328874 0.036596158276927186 0.04469941274639199 0.19478627582170688 0.13152789966096762 0.08029863520994102 0.13362877230834883 0.005675834797394473 0.006657504560699273 0.14552354553946212 0.027833358168387817 0.13052950229204568 0.05782755728315061 0.1521878757064751 0.17250559638646878 0.09751124173988307 0.008762739613537286 0.09226134277159581 0.00995760155357599 0.17621118991196033 0.02021271199903283 0.05748810672991234 0.13415000751661674 0.1382859993635037 0.040615343392887436 0.018214183322653836 0.03576272588327533 0.12963260618021102 0.07441486989549918 0.0004119730456217401 0.003105873939613842 0.023575371991924582 0.01879488844848992 0.0033607186544075164 0.034873216568857064 0.0032744550449741927 0.10917128182839574 0.15526963241890895 0.0815517502300544 0.07863460130193564 0.03610634429826671 0.061022146763496814 0.00402361062022781 0.014652176748493208 0.05735288143706958 0.2538226902535787 0.09735071111684951 0.12792828426017236 0.014342169320158938 0.016185147532778082 0.07167634468829424 0.14180253376421464 0.11884204228656825 0.0011248473701720193 0.12209333464823875 0.11675533330547531 0.10734716321956923 0.10309317652638142 0.01637627770244973 0.004846776813069308 0.011874524541952688 0.09580600658733719 0.07200390325191086 0.046292731887218545 0.07713514734499008 0.07080445545666647 0.09996518368219573 0.06037042518192969 0.13935439468121105 0.013120728753626871 0.07165891023274236 0.09516907252601879 0.10863910071420536 0.16821902482195902 0.03749157839223674 0.055389223069198294 0.117278589776025 0.03925385300440849 0.05208733765523032 0.062050041164500774 0.004365203321319372 0.01776239388654374 0.02204077993864743 0.009779096124210813 0.09692653357188803 0.07189644785336996 0.0540983453633896 0.02926386941187211 0.03546293338441335 0.08614142218243258 0.026835820176184508 0.042746056231666246 0.10132881643284644 0.024937445908004008 0.08000877914026135 0.015318634465583753 0.013995799134203495 0.0450692990781277
0.01985459413453267 0.12012227225817153 0.13508313678441353 0.026200092958114082 0.036221417728467785 0.11779096418076884 0.053001521101465554 0.14737440608704105 0.21858889691475816 0.05529173365656132 0.006785523036405626 0.08343532910979948 0.05064744956256534 0.06330586752499656 0.01635213090566822 0.049301622675129254 0.00731939371449679 0.037085517238422336 0.07150712641839274 0.0328339873486474 0.11795847531075263 0.004190704181846829 0.07801527274818702 0.044488148689587094 0.008745057505700355 0.11692084579356403 0.12636665699768632 0.02714153824433919 0.14148852125458836 0.04788571295378565 0.17474658344186655 0.024694752669121422 0.0805591525642804 0.08731476821399965 0.07112866807400166 0.09548069664053165 0.1761281068552336 0.06338492083283295 0.11184502791063657 0.1717775925526335 0.16403155451915077 0.08115292733507122 0.0755672555919446 0.0012119276150390757 0.0271660069758947 0.02393939929756714 0.13026405160873325 0.09883690398119675 0.0861488112657574 0.06463257289717965 0.20360038149849688 0.15905705445406476 0.1983431222088034 0.09867481418668754 0.09887002782332077 0.07717951650218673 0.055460419537778964 0.026323262170121767 0.1105854550012208 0.09529895466367123 0.0743227706629354 0.11861153634915293 0.10817400897443885 0.012808253170859893 0.00018562718883356974 0.0882978731694309 0.013258127272952282 0.08118349533972267 0.054032398732239126 0.05538438721736158 0.055201665737829794 0.12277507551918444 0.08052841142877205 0.04520993726998526 0.13292629528994232 0.04037087252042966 0.07121952368747474 0.014281738715414952 0.04739727206376133 0.016212837129458015 0.007394196235945702 0.10051188408838332 0.08782158038266763 0.03761461380776574 0.029199271384766433 0.1012241615351319 0.007963107272017916 0.05178139222889322 0.07359955879739852 0.04864913147037446 0.04030710336858767 0.010488436252240697 0.02254456217382226 0.03885124162271237 0.04219485119660891 0.0959276866071873 0.16975500321686393 0.03536292667549236 0.21043042486628627 0.27564739859854986 0.1830009585389375 0.19222981101780184 0.020107901703122336 0.191124700676407 0.1375054975440718 0.14265137412355705 0.059426906597734024 0.07395751155782064 0.09369815367717088 0.0010775796083394601 0.07384870694836221 0.022791179604646418 0.06642717916196035 0.12947545641117683 0.14484924189430073 0.07398481211796129 0.06329294856299071 0.024691060542195355 0.018107439509995934 0.0008942223322685691 0.09643508999962334 0.006511489732121191 0.036627080343327456 0.05786578273299791 0.0998696448039959 0.015649227164115112 0.0035698278633852394 0.03579179816845226 0.05690929179274198 0.0712824474165814 0.06577951333500488 0.04991232499753404 0.1318795625016668 0.03102414881165161 0.0592518729489801 0.08149074688504057 0.006855753947024275 0.03791405328479732 0.036490787107842954 0.13114263593609765 0.1235076855756192 0.059982462899462505 0.028564287357600932 0.11323157955434912 0.09791114620760226 0.019353727081529815 0.18927210145827275 0.017831134356420923 0.04880698894335226 0.07773704625159274 0.12133102143993418 0.06586963648918744 0.12786357150847727 0.01903230397152325 0.06092812509511828 0.11512291472483391 0.03175281065950652 0.0460950810058556 0.09915119621716845 0.08692812109199691 0.01673028041516302 0.11100116804746403 0.11077382533509701 0.033457951141682596 0.010217260648839484 0.03946803748118018 0.06354406968176407 0.15588994147924967 0.08001672156583733 0.1370509222403152 0.03530423141779262 0.05609908326093547 0.09097079407972769 0.16264033274174225 0.15862594373714145 0.035953144468317114 0.11619772954856608 0.02569152906045348 0.006282517940555713 0.05103523738418558 0.004013831742236483 0.14617960012155062 0.11927818835749181 0.031845723842937025 0.0019734116799278315 0.03991793625523267 0.0006579061011355387 0.2806001590662685 0.2609952192115926 0.08255921153694225 0.051516864262984005 0.09869100639609195 0.06057104635505748 0.03547445456370233 0.04459067727758437 0.07269399222062892 0.020937824379574276 0.005704066785688528 0.05065811953054115 0.0023879828519593528 0.10280137613217052 0.04943008008704968 0.15878041367795684 0.07035608418671542 0.09865633723843864 0.1779588385325281 0.1078441937483635 0.06867776835283897 0.1419058213786955 0.06268860059757748 0.1844533426940765 0.018808827467640413 0.06816338288450692 0.07521008615175724 0.021374299793121068 0.1216979115885295 0.10525494734213066 0.033125229651357335 0.10892043707587966 0.1632877913220596 0.09916103681067115 0.14424151113823383 0.03734894829903685 0.011649787866823493 0.07346971546465025 0.01846173796624633 0.08016960953989209 0.06378881550465224 0.07127003096498853 0.07515889381192904 0.23471215693312206 0.19519301275450585 0.236434242085388 0.0598531869388993 0.09489614975235834 0.134329315823554 0.031770611167323416 0.04073639473458235 0.07063643155341712 0.06955258218301799 0.019845721251068777 0.00510765884261559 0.00558017797056365 0.07271459792968447 0.05371953205906789 0.0053785265208707465 0.02406896180021806 0.0981168925661295 0.05895714074577289 0.08165911634519653 0.015620415297727367 0.0832961414168217 0.095577865062582 0.044772291062371176 0.057239558000785166 0.08565321311105822 0.09269779304115357 0.01427162067762581 0.015413829284507291 0.05649905137185465 0.010635191720495424 0.0890322978873684 0.04577542426871349 0.04123796800294333 0.005461713553762343 0.02658716691290343 0.019981055927716863 0.040982595040328286 0.04624005300045132 0.14948947991783978 0.05722531916552423 0.009720708877992626 0.028714745309937745 0.04370774990786247 0.03727358568241148 0.06055238028681054 0.06499568237708953 0.059253932725744383 0.2333267791741969 0.23544722524464046 NaN 0.2880708493405438 0.13216468425338002 0.2266587602648924 0.303687108351634 0.10332547220497641 0.04115714259165886 0.10581562408720623 0.013625469809592849 0.0008395373709369392 0.067487826950353 0.053050018374386436 0.15499892962773815 0.036501898860779265 0.04316952521953683 0.022008441980555203 0.009587728715518476 0.019662017454464283 0.10498039555938898 0.037187908009460285 0.08036835020994369 0.023293669683547322 0.004753976974541685 0.14226733800924668 0.04374589627706316 0.003965431672163827 0.05961967483793101 0.03211613931005751 0.013043678134904011 0.06540063564189816 0.13443311829514282 0.013049049934138383 0.04783056968413134 0.024980328740833942 0.012238109611975011 0.015086453464419435 0.01867686998359831 0.013912053821544144 0.001916362175280306 0.02301185380481207 0.0710515793680887 0.06741713881503798 0.005032651153315891 3.768317246020159e-05 0.04614114782074493 0.12462043690794182 0.17257640060530113 0.10604650623196514 0.03048031297996385 0.04099117542942959 0.06739287841312783 0.05341420838493568 0.05778097131921901 0.07267242190691939 0.05394071559808713 0.07331777684397264 0.04327520639296544 0.03942868836799458 0.07688092446996514 0.04467650755784147 0.07300948208086024 0.08646737360469112 0.015228433374584197 0.0078892897031601 0.039436371113441664 0.006939415365335757 0.042985709256713425 0.04737225926162134 0.00034137281641422187 0.06825391364024372 0.02024339000516417 0.16201034280697285 0.11810893104133825 0.08953391694063027 0.11430931773044992 0.02636936368982526 0.03556358118964723 0.043946224402569734 0.07559667861569809 0.07591695709586911 0.11504597695280092 0.004932518866751584 0.06033563035681023 0.046157828963902844 0.018281415538781265 0.041349956472738446 0.030144388709389854 0.04609801314604126 0.014497161171238702 0.03197688346991766 0.13539867310396372 0.041397810381420055 0.025210344305345463 0.07220538837689909 0.0028635809742427534 0.013989220658905677 0.05730388679144754 0.005041688342095084 0.05294433870857249
0.18549094744145372 0.16352544860957088 0.19421522321129814 0.19255209151812905 0.15585548133988728 0.16987090228909807 0.13398744561497686 0.09419287645704821 0.2577287525777756 0.16569611211583443 0.04717245490073529 0.10453207015296884 0.1684949953317475 0.12416848640189102 0.03047385578893924 0.09668590212070141 0.038654501816735284 0.055614189401845225 0.17725172380113619 0.07279444910639847 0.16083379740668224 0.018037400886136336 0.09712819694406473 0.15712917423030737 0.10696260557562179 0.0662961865497442 0.15105501878282032 0.1240923086373479 0.1269971338316562 0.10622349584854852 0.13449884225593536 0.07097830896801349 0.14181009082354956 0.022656722671068632 0.037565069589028076 0.15298524696378163 0.22877098449860422 0.10099934461204901 0.14988765438464455 0.0632239002874343 0.18563401176420466 0.10858889718269568 0.056590976262580445 0.041603008830128345 0.03369587646555618 0.012536071696465974 0.08150885524003834 0.15835829182946945 0.0708741527128408 0.0386775431422748 0.11572678050007777 0.15210763445138067 0.2498936275030937 0.0026913969077907787 0.022078367548750727 0.01266101860349212 0.06836611779364 0.015820567985280917 0.11291924958075959 0.14465678527510845 0.06843826814018236 0.10787123907185543 0.1198978378360022 0.0754516842354006 0.029157045228125244 0.1110895305629316 0.06737969896693904 0.0583841604260027 0.05355027800902233 0.08536750565533177 0.05463637051384819 0.0990126315970908 0.1062648502860228 0.0068179605644886785 0.10218526510359977 0.00507408480478847 0.08241442006664591 0.025635193041585125 0.027692727380736498 0.04909264016752988 0.019824754202312556 0.03225507572487095 0.09019476116288039 0.052378957139352804 0.08740833167238748 0.03663404265710688 0.008975703729382514 0.04878844419110942 0.09431489042664902 0.06490321085739106 0.04389311220770891 0.012278025980623511 0.052588480999344996 0.03953412909963181 0.025464403211647706 0.03454319988240665 0.1530542042808345 0.024204321915857415 0.2465226351838491 0.2515683445884272 0.1680589482549263 0.21858227148152098 0.14740496532879133 0.21335490824862866 0.19580497693797355 0.11197699608490061 0.1124404643517225 0.05766391708368804 0.03997009820404777 0.07509791193183897 0.05424600341235177 0.023586788523116967 0.11595437296112951 0.07172069530749928 0.11882240249611899 0.01931559865223829 0.025252009958251154 0.00875979155295349 0.045224199831743986 0.03748207394378581 0.1722818481235035 0.03594909501382949 0.049209959614942865 0.09391872028164602 0.09835339983328018 0.013208531648968149 0.053619774014146034 0.003973421324007404 0.010864721146439386 0.023415206207701683 0.08672262565868327 0.0012178165316538798 0.0631998346310452 0.03912833754094835 0.0461941294375358 0.04129109463523064 0.03417334909710808 0.019014351427358724 0.0011122156269748203 0.18266437234558922 0.13585506712449819 0.08198362180049033 0.10358602852851116 0.12228599476270276 0.08962525802238692 0.03086527842357289 0.23281169538689653 0.054317343857391925 0.08479009107566644 0.07971638490503648 0.16355090120861934 0.12110156781016161 0.1621842501165115 0.027062884361184508 0.029530409775196803 0.1165813395956123 0.07767999425064716 0.05043483724614964 0.1283958127181099 0.10680627303124626 0.019178305846504387 0.11657853201945703 0.09028664588512465 0.003820194207932029 0.031945023618583986 0.053171642856068534 0.12779575397798826 0.16868666876612579 0.09531742272079018 0.18456911920466595 0.013032780438490444 0.09776538345162267 0.11317969496524091 0.2556921818000304 0.17118011935663677 0.018958429950804965 0.07130661281907974 0.0342110116771198 0.10393003477736129 0.10102870841782453 0.17336725517556503 0.19529651015649427 0.17289547237488076 0.11918051777527294 0.12889432180489913 0.13058241970515103 0.08478126566129633 0.25860088998230885 0.25936090790887273 0.16976435159150186 0.0707786053370946 0.040781778261029196 0.10760919682268391 0.06076972258024439 0.029516935456574835 0.09762992559510905 0.010319540145234564 9.433138826727768e-07 0.10651589420418205 0.0038459463297163673 0.09923237672204743 0.021801751845077544 0.1874718562154758 0.21801879443589064 0.04263914728460393 0.14306148456611997 0.10059720148645568 0.09911743748955217 0.11508060585111371 0.09205358891426482 0.22786565596701444 0.07053413033753475 0.04636234433603241 0.05019073260230472 0.0123774310576495 0.16284905957900753 0.1762088221544403 0.12107960399794712 0.15743862508409406 0.0348640181654841 0.17563608320479537 0.13829766397476437 0.025568842706245088 0.042192354946760116 0.08884299362303257 0.0332367022183417 0.0044662006424788315 0.17494599210880693 0.04565027181025494 0.02324349525085554 0.18280502570894133 0.20788014157925971 0.29302788896419873 0.02945754090672857 0.09984825495280605 0.0833029288945132 0.09344695951832752 0.025723609751796304 0.14799647148038916 0.14675896451875495 0.0037789503958129095 0.003224748481812041 0.008067404460073943 0.1267011190339978 0.055995736052664814 0.017761518135385092 0.04155485661045764 0.032013718687915735 0.08571423724462766 0.0805890542100996 0.005572413239902681 0.004954891370319321 0.07654487900420093 0.011931106415322265 0.05262519613790493 0.06269002163563675 0.05634908034765213 0.017645324104906046 0.009757847293187396 0.028515036103169224 0.030065710033283653 0.034063233463125446 0.03186367709524254 0.09147868510448344 0.07894275732002022 0.005236485650413916 0.0030747924092640938 0.025898996353143175 0.01182112996135488 0.1440355310752618 0.06511859326263977 0.02597813876835866 0.041599033173811965 0.030083831528842038 0.005479424691918877 0.06522745458921328 0.0627912037999495 0.02023466839740643 0.3005622372765134 0.20225352554328874 0.2880708493405438 NaN 0.1676873936271272 0.23622050151335675 0.3026747295184625 0.18462523763070654 0.13668769748000145 0.14119577196405078 0.021321367485204874 0.027750113316962293 0.09255453289625384 0.01208296559183236 0.12923133677422674 0.11146960598037672 0.04707280916550483 0.014399524181634631 0.015236325173185126 0.039722989841687026 0.06219412649602907 0.014459778457853956 0.09334358226526299 0.02097215108823785 0.0073783486590938575 0.18778751679698077 0.03302725757134867 0.05557122786840033 0.008783199240858547 0.012938093393406609 0.009723971320255327 0.038808132639727204 0.09876215915707663 0.03182201817883969 0.0637652462554827 0.08260781538180036 0.03295060091631273 0.02821205744691365 0.05740868865252418 0.012541714791917078 0.036781870399756916 0.040223705022151064 0.0922502013167559 0.11562825408995486 0.028883387450809064 0.014139501371244778 0.048156683749413925 0.12609247245036734 0.22566400222527316 0.02902859895151721 0.013350239407356164 0.01828029950420606 0.10232232601898664 0.04133928864066693 0.08149743501786672 0.10332170955786578 0.0039099526984874245 0.08506467954398358 0.13476979264669603 0.036096336418397774 0.0700384313943082 0.014000606339533397 0.010589338049750147 0.10352277341793488 0.03818715832814568 0.05076814507400643 0.03817973209386172 0.02882701510323921 0.10468914862747192 0.20204591155603696 0.11489296832357467 0.1163277736308451 0.07306907139777674 0.09238761684990905 0.15243451322867005 0.19111390500683584 0.08006423042651536 0.017874319797177088 1.0545029239659576e-05 0.09359950206168029 0.10884587761957311 0.09155419110233419 0.02362094619276095 0.07832607965372627 0.030869990019601844 0.08193032833355647 0.027402816247852145 0.015818756858111863 0.03567287988708793 0.03788481711502335 0.041322892273530754 0.033129865620701276 0.028343234972671237 0.10186798728803402 0.03064895385932777 0.09415558633867738 0.057450806291859835 0.01673812997951838 0.08314269570517178 0.06983850203941205 0.12165092520556642
0.25697465428060645 0.016429381231793164 0.17055232483805657 0.2174803318304569 0.17252412886380283 0.09700247601258448 0.011714243230606564 0.0654602785112436 0.010549238912498827 0.18856314865844623 0.04338150965890677 0.20536664291724363 0.1469184678334962 0.16687732590649113 0.18673641087330167 0.05009853417653767 0.013227338480426749 0.13509909834746317 0.14261555222638225 0.05261441541784469 0.021377627645534088 0.09932825507041397 0.053003462834503724 0.1868934615132157 0.07109183518401134 0.049438585711137226 0.10117298146035573 0.0356199453253135 0.05819140620458721 0.05743981693876896 0.029844608540346918 0.05733578417033325 0.09522947148433314 0.03991427427284165 0.11113750430382542 0.034886850946583094 0.14918290498486964 0.17614787964215675 0.02639793195921367 0.07779605913725685 0.10259338577970986 0.026285054524912175 0.14826556027590793 0.1411870261192025 0.06346370377765609 0.08123902698751542 0.02972182772331939 0.11834193866733556 0.01625788526371194 0.13209291089660594 0.06360538241680706 0.05220824535048683 0.0026694830727034013 0.062372169380411124 0.0023585525044795596 0.09868314047048178 0.09613400648431399 0.08444719044730013 0.13205378902674955 0.2215886033721124 0.08722768683847136 0.16061256154720327 0.09800483246814737 0.08260387628913184 0.007015718603281114 0.024169223177518396 0.018450698186200203 0.06306601204547095 0.11218157936082723 0.14252999069725836 0.07470539714977935 0.11421606399438547 0.015861147269845822 0.02547923046098174 0.17002478771968899 0.058612014943547015 0.07639241334061289 0.10658420030467368 0.00961693258108005 0.0017396639812337275 0.030057253751287104 0.08928243909288403 0.09137322433379096 0.1376618789124177 0.10899245448013287 0.15347664333036093 0.11253529878483395 0.06617712363788297 0.017195686174512222 0.03223413757674526 0.03199769022733582 0.017433987553376277 0.06415366337969299 0.04219534630898839 0.05502748433751281 0.017857487407907626 0.10417222201267241 0.053887633412563266 0.12578590738673293 0.10527416241349502 0.051258303299734194 0.18468229676153333 0.1603987695861048 0.20159846803875545 0.1779116174552863 0.038648079760154254 0.11307214470535105 0.12142148622735323 0.03954620917184146 0.005252015631555538 0.11787916404205719 0.03126531356791174 0.08296648446824938 0.10215569264333725 0.04290534888464947 0.11724616360947084 0.09313737064710335 0.06821290463292815 0.01580257096352985 0.06017843611737552 0.10147309749067693 0.005196972947850131 0.06958433345920104 0.15537583956069695 0.16890871301248495 0.10187428967958609 0.029169726638991502 0.04706004791636652 0.11828849585922148 0.10025790416405272 0.18706472002192778 0.16729149260028695 0.0570375774260202 0.012073297101278626 0.06391382905509217 0.11515506070814488 0.027167972866462903 0.11325981619226579 0.12196024317747459 0.07606920717270356 0.02141301797201403 0.04639434862390553 0.11198790802141621 0.12462767512269647 0.07888238868380781 0.01227475606268477 0.09820233190936599 0.19253233612072224 0.18071288254941129 0.07689018668821156 0.010079803064621428 0.05056750658218406 0.057115236200141604 0.027138640809327232 0.03673629309808168 0.04992688334894901 0.12517458771951703 0.01490880695721439 0.005597776156817168 0.027102507646830108 0.11100992471570913 0.05963012053369388 0.02112970243826595 0.06669720974195116 0.008800996568362286 0.07464816983237367 0.09734222610434812 0.07703867836660686 0.10405412702887339 0.12217462972904615 0.10923513386458278 0.030459346068552415 0.13547568602153945 0.24633494894125801 0.09497953404653171 0.11333670078902985 0.10424565913205967 0.06484393409388747 0.23073910352226076 0.15586922072197526 0.22878109357702936 0.10454882043635298 0.16185147240478123 0.21372561229958006 0.19040061588718246 0.12703492794330665 0.01439880381023404 0.029901090316219573 0.03707849606332774 0.16712765575230984 0.05466231901149711 0.14999097238900383 0.18445720339192176 0.1830791108535197 0.19173738445658087 0.10203604473040748 0.009432498794854102 0.07940877928688228 0.09894840610142702 0.051504968161037314 0.07504577135772723 0.02852890251003 0.003325493099272213 0.25235910468651795 0.013325613957557934 0.11855760610641655 0.12728061329494705 0.2394345233197226 0.08560135332651314 0.04494603922246188 0.029519026269617634 0.05497995382994029 0.03000158548987449 0.06668454714296755 0.015255198764891462 0.05979293767705154 0.12299777723083484 0.18775167172740925 0.027021581516640414 0.022976435026899156 0.1559151120421371 0.02200965452135828 0.08541605409230828 0.13064706826664252 0.026493389371399674 0.007387061889922909 0.12453601666515646 0.13933467956584653 0.01798743172056944 0.08294444758718918 0.020894137714527042 0.03453804179334941 0.08250866439476542 0.022585861488320848 0.08618064815715719 0.0008066828509861563 0.03389684347358367 0.056475333992450735 0.23057289294159872 0.11715893554207886 0.02530558077711519 0.008333672085017294 0.0302448035245582 0.05401250693991872 0.004706276156740463 0.05758112318843509 0.06322572934134084 0.031507607887619866 0.0772161405710587 0.1269780911031674 0.1391584056251499 0.07194743490157098 0.03161252083471736 0.0015890664835702718 0.16565476306249544 0.08144470016749036 0.04115279256268921 0.0879973827251091 0.06270079969131372 0.06129809819054054 0.03768788310542822 0.014438595695511895 0.029288875949343388 0.14350812268851681 0.1962088652750607 0.11809000436958283 0.007423299668537343 0.03223342062346539 0.12010989106681581 0.004017083315314993 0.021335183978723932 0.04744324409932729 0.005680705725066549 0.0396656634776529 0.034780834604426505 0.05122894112354075 0.08641774132922722 0.055389142670839886 0.1510092796485152 0.036596158276927186 0.13216468425338002 0.1676873936271272 NaN 0.24954802876576643 0.22638115877709367 0.01279498156997263 0.17891285983387328 0.10926858509366393 0.10070598906333633 0.04406837570020842 0.12069364360973238 0.05990821074152411 0.07516183773392299 0.12954453104704072 0.00458944786749554 0.05511095875413892 0.00023972458420653842 0.005758619671943539 0.004891250249543252 0.009252102906465151 0.06811656212092534 0.00014401784753640895 0.04746850276396432 0.20925376777296265 0.1346972297101598 0.02287146447013148 0.0372822207632449 0.057327986714696716 0.1260267463375401 0.008880326083432359 0.06404557020583068 0.1271758067206147 0.004134855347678147 0.014745847135218475 0.051525687317720927 0.06693859825427277 0.02294368754314766 0.06019549509945289 0.04668973621265164 0.025019837958169703 0.0021537424182430567 0.11625773367718766 0.17016187628188936 0.094183944882281 0.03938272023068275 0.0841683692963181 0.17889190916873554 0.12574404209467593 0.1184126382147716 0.15065305075605648 0.07141711828041243 0.03432458457395736 0.03658101887755626 0.059824538190000456 0.07556953221269548 0.04149785327172582 0.009488290969877302 0.020809743467001828 0.03655202567812961 0.05663730807881364 0.11433643610140914 0.12330406306929133 0.004086619076828064 0.024709598694190666 0.0011605342651087557 0.03281746384165019 0.16128840516785067 0.003198226426276745 0.07337541082163089 0.014490618461943907 0.04087545276455305 0.02005984312168022 0.2817433640543416 0.2193052048655124 0.03778653654989093 0.07358339069017909 0.03700062933274925 0.08905902754634178 0.13942257914701583 0.135525387351063 0.03643205203677858 0.13374702603606678 0.02590081423161458 0.09843150857674239 0.021802611697165512 0.11847260661750952 0.05991974998839618 0.09569451649096977 0.034237796206213186 0.046696948764914425 0.023036528735295932 0.11288056775322576 0.037418457787184424 0.05876385148259683 0.053639509187247816 0.10345622041945979 0.08684701934717745 0.002901760854131682 0.09092351670764613
0.261409339340144 0.004214232276325472 0.11456376856083343 0.18996360475893614 0.12195880802434851 0.02348755438803526 0.028863862943591383 0.052904654617090624 0.05351720753247486 0.25305169372211334 0.12195908931515713 0.24414139457120768 0.13619195120826105 0.1829033476396287 0.20984874600408948 0.04266347024813306 0.043327469514689736 0.15446990964945384 0.13838604319956835 0.03271864952219477 0.0024245557662000332 0.17524028036041395 0.05743126021527353 0.30010005293726233 0.06188141850941859 0.11435154178490689 0.14784171530805928 0.013829513956498143 0.1942532762877239 0.059067109315871044 0.14151480475775044 0.15673692975882889 0.1686009545424724 0.002510675937062033 0.149077377093376 0.1032599455413292 0.2908467426876586 0.22761423952978435 0.11052283244325835 0.043727078708516054 0.1430348052708631 0.11128525184694835 0.15605940143367514 0.16002333207177744 0.07555487505397317 0.01471780928298222 0.05561722857751825 0.04560132793254044 0.0037606323683304806 0.12192146597738007 0.05304493302318787 0.04743127874752347 0.10079611340174018 0.11553638594981733 0.009157563807033572 0.06748023459902813 0.10224182819857869 0.12087937436800092 0.22372338295519503 0.22409528931290493 0.11994084107698756 0.17716227062131965 0.09286705706525543 0.0714976965555181 0.025585872670806448 0.05458793609802696 0.06478718462726608 0.051993042994134375 0.11477327682389182 0.16043582278873336 0.0772816872408626 0.13006838398392379 0.0217808463226349 0.05771871209998243 0.23498734864634657 0.08471569964585766 0.06303644956589403 0.0808664416698145 0.0546778489358992 0.044363113933142455 0.11218208968458855 0.030155557852824897 0.10152284324632399 0.16869737068525426 0.12866689657279062 0.1265853388865539 0.09660848876696454 0.02719023203964146 0.042999550783448415 0.022730183265740875 0.04332829273711714 0.018413323914270772 0.023885881729511168 0.09250668599278128 0.03571618209668485 0.03264294622061233 0.17501030858975455 0.025845606862504433 0.25090188834795235 0.1648848083881879 0.034115172068134324 0.2349089186432783 0.19921801175243278 0.33474916206796396 0.27904437987945463 0.08419190080960681 0.09451158902990184 0.15211376880355115 0.0426254044896065 0.0188934821755124 0.07919139804288251 0.030532186644681415 0.06766684460526835 0.16179452811170295 0.03538602444536375 0.1594692952313414 0.09371143467198388 0.025591564555092795 0.001906959952413575 0.09384949909764699 0.16906700036658082 0.043825671896642375 0.11414152102287281 0.25232943933933016 0.19170939329239192 0.021203630007974372 0.06157328686105378 0.11777012505101486 0.15001531371350535 0.06588694036604596 0.1853280426165387 0.10252090502158528 0.036959715376613994 0.017525162358691795 0.04896964961192957 0.05053320311650195 0.06136176209759525 0.21525521694785435 0.11547477540798516 0.07271576700694063 0.04596465582727833 0.07151197422454648 0.11467138768703518 0.1093630125958357 0.08965795069223961 0.04786964538244093 0.17935827595016235 0.18616895021075264 0.21211353225161939 0.016799227732347505 0.11627923622211486 0.11641531880241962 0.0905285571053853 0.022550561466158123 0.019288614626129012 0.047368746694478506 0.11703499590943632 0.07056697004009053 0.05293003281271586 0.06689905717652052 0.08604115838284362 0.09225942386877008 0.02281703836538895 0.07913071717089035 0.027066488502781618 0.09796449734198054 0.17508647340857306 0.09437438826242513 0.1501456430072297 0.11220619417690793 0.07263260701811776 0.04004041214462681 0.2000510537865924 0.37210101607362334 0.10469595654633666 0.09267659192118033 0.08095545301702729 0.10695008318932225 0.23833931061421035 0.19934701220549406 0.2570772875405409 0.05354493281693908 0.1789507012888243 0.17269630714347312 0.13730333066038392 0.07430617605037433 0.08112201228630973 0.10886188004819382 0.0697890415705344 0.1943996086485524 0.011330533198608701 0.19149272371144485 0.1681108906287113 0.17886494347520335 0.24757482785387347 0.02114318390587407 0.06316477079850404 0.17423004242142887 0.08333683571690106 0.06593314674157673 0.021043645307128274 0.10151702683325689 0.004023800404380595 0.3589608781468818 0.03697659619214678 0.17498086826113587 0.17739869906962263 0.20703844352789416 0.1912969702792868 0.039251602050863976 0.16538137885549023 0.10089398878001488 0.07764368879763682 0.061627475702433786 0.022194494291485102 0.1394573082112904 0.20337173308011297 0.20924461621277368 0.10024237615328693 0.04804631991183869 0.15729815719625062 0.10746664556242427 0.04620538576284661 0.12978097037502903 0.09369877950149168 0.004082936468508674 0.12774798369702572 0.10831525738620297 0.0037196340794297374 0.05107228900410666 0.026991000461382857 0.06261481928287368 0.1535859117866512 0.05033340428725359 0.027573508997884605 0.004369442180808859 0.045461348057758984 0.05105553405638203 0.2335023011979059 0.12504987064423942 0.06414565594342259 0.04347021795155096 0.0402757740785564 0.008227878551512096 0.008434704739070431 0.030065414781142087 0.05034658753970344 0.02572740832642908 0.10790972279043683 0.17271399331916737 0.11196484953260642 0.04926191583278692 0.029609786416991225 0.05662824471317914 0.2703854769785189 0.12607397598963302 0.0011643291146339067 0.011198480479385207 0.04987160934614952 0.026613298064367772 0.02096621585804757 0.025779445742118563 0.08211271218752028 0.17979829097239305 0.17368185748398557 0.1487955256237729 0.03043602664568944 0.04419015343284144 0.07164010594209304 0.03788524718089174 0.04144508328783996 0.08195302261466923 0.0419880717314714 0.013821215108671013 0.0285390582496457 0.0018372273796475932 0.11484072466717266 0.0031979767841048647 0.24709114475192093 0.04469941274639199 0.2266587602648924 0.23622050151335675 0.24954802876576643 NaN 0.4027080683896517 0.11423427483793099 0.20171995004121357 0.10743598472183749 0.028162035299012827 0.0554439119434833 0.10177317663967547 0.0891449988529878 0.0934486546080908 0.13778265609274307 0.04481655281830448 0.16529693453593386 0.036686300308329756 0.11567218765364162 0.06536850979613462 0.06180626702943103 0.11177138781354834 0.06146281722994289 0.05164387639244722 0.28049986120650744 0.18082278213483569 0.02259803858181033 0.008562179758678056 0.16599418245974273 0.1813395205476681 0.00792486656714161 0.1400552698440419 0.026510264168688687 0.02505096212855816 0.011431056632317377 0.13016448593547605 0.13277325706367715 0.056847156884590404 0.11686881280495927 0.08369546124906564 0.027688514706764568 0.006767622150368592 0.10339625653479195 0.1373939722514248 0.10525262787163141 0.059437689026074506 0.10137237574108712 0.18913469720814619 0.12027805087585848 0.1707331539696258 0.07206592206738806 0.069278069159868 0.08317769576921412 0.010607673295683498 0.03222875890239553 0.004613112013256956 0.03270272923325595 0.022276888802617658 0.06886822727103943 0.046768862209496484 0.012062042486157564 0.0015051291493177663 0.17993775181202937 0.07480641193860896 0.01725163704567831 0.00866924771074932 0.06444374225440921 0.1387608436752658 0.0959678940552532 0.12681616031494558 0.07694006111356377 0.010693336885195593 0.1226584508308888 0.21053437575065384 0.34378000258751185 0.07626548904016488 0.07163257826296149 0.04789991643591465 0.13175425736633503 0.19094418159995563 0.2069701058841905 0.09172706641747935 0.20456791113057304 0.06307388094401595 0.07393434119030567 0.030736551449408667 0.1409097971015803 0.1233832357998497 0.07292528346313916 0.015909098327426072 0.10094215661805062 0.025773111704404897 0.18834454955431204 0.07435615456935887 0.06001535669351714 0.047986342954623805 0.15512210989826797 0.09338576498088898 0.04387715421442417 0.1058131523363424
0.22996235092028583 0.03941785863272372 0.1424253683538508 0.1938771346552361 0.12874801444574982 0.10256536715833492 0.014717130593086854 0.024233609409460774 0.18166839469602444 0.2757575822483856 0.12108593239284729 0.32945062913819345 0.19278420185216524 0.20899598663035657 0.1644242455228832 0.11452157807999032 0.016728372788358842 0.13600930669803374 0.238704212291321 0.04987530639227157 0.09650833530573923 0.14222010382013933 0.015906165922551556 0.24537773374776187 0.023475417001246352 0.2757514543324823 0.18498673865679546 0.03319582229238679 0.22096418057059566 0.07483560643543995 0.13330461164572283 0.05126440646798618 0.202114026185491 0.015305568054575112 0.1406728432883361 0.14520149956534886 0.323163388650689 0.14417493981890675 0.1797235625901249 0.021340591451204448 0.21356837077427132 0.16534578487554102 0.14837962824675252 0.05645187347221184 0.050372957196540176 0.0312755261404831 0.003806778269468786 0.13942079705333493 0.09796208426977727 0.11309368247946393 0.007719692150157524 0.0846597477226665 0.19919807748177917 0.08480101235545402 0.0031882474162155013 0.06559677038838549 0.06389976280028996 0.07463670436927641 0.1646314072307385 0.2339190039030592 0.07511761762794125 0.07710429335996122 0.12715247691371998 0.0671988635056915 0.017418925810928576 0.16214281457834084 0.020404159583284995 0.05085046422940522 0.23887941220210746 0.21364242506709918 0.17859143262629013 0.24559148529615069 0.09044295791078376 0.12911634922378318 0.3743686904102354 0.046673123417114167 0.21158128550186403 0.014800789906857535 0.016971154538627298 0.07195773106440663 0.09981851812043521 0.054257371093206094 0.10306105658699705 0.09953675067815822 0.16034447009011274 0.00989597946425374 0.03010237504637683 0.027894163228168706 0.10201987772865917 0.053788713268886144 0.021325514263790674 0.01555437885889626 0.06631877631767062 0.21150986010190292 0.028699659944412714 0.07502242683567727 0.21599849664981574 0.059743476503589465 0.25639037850617724 0.26839532178598635 0.21004454039166318 0.31135106155032544 0.2580883512637031 0.36021720791962214 0.3733354138497493 0.07765691214339171 0.1338544471162847 0.11357293874887299 0.058908352174299405 0.016007709466571086 0.002328124865526442 0.1255893718595233 0.08799549580697627 0.15996735257069084 0.07158781121648072 0.14083535892989305 0.012210311203271783 0.05577188731365635 0.019892857814550465 0.08024147978591349 0.12561693878193936 0.03461736460383025 0.17497108465351652 0.11923030541265155 0.3322144448321264 0.09441577166963563 0.059695598881223735 0.1547590441687369 0.2994047099203082 0.05544199797617604 0.27836344635366667 0.05579228157563055 0.12063629793589625 0.04527619099605091 0.10779013831698843 0.11354035490952058 0.028551641808784826 0.17983058595864665 0.15367063933835765 0.21262576044159384 0.06793908697446793 0.10998499715046163 0.06534659516439512 0.14921951734959885 0.1334566475918343 0.01968003380173287 0.3232081613227004 0.14212291012554248 0.12336711340287813 0.015027187225549998 0.15183269275768674 0.08976541889251634 0.1769345459657399 0.0030071843138560306 0.011325098217693464 0.024905305270613836 0.0684522672710956 0.02430650534953816 0.03998617118807996 0.07974869963372543 0.1378005237443306 0.09762242616439808 0.029557146937802474 0.03640047167176049 0.043481812105067304 0.07169712324268401 0.2157179699978799 0.13906139005908055 0.03728613090422107 0.19005027500734079 0.08928876763526983 0.09998244879771453 0.2336103006369149 0.3086795707790052 0.12257438005469667 0.12023977766323088 0.0534899395445757 0.08723371468231257 0.09000744405987035 0.1362986791330001 0.21833470165418156 0.17033845764193734 0.150813250999191 0.1505244082908871 0.12104813358896917 0.12340917313046244 0.056654742353069956 0.2135665750861582 0.18150751820776947 0.26237674794907373 0.0776734134776089 0.25664903014595003 0.15357731892785692 0.15282955801177212 0.19069364387941004 0.08822487030779967 0.03618387246863519 0.1545941295143383 0.1527553996269538 0.040277228433143276 0.0758508514712169 0.07714036518084857 0.10996071623835564 0.27440586297552605 0.0905482332790319 0.3505859094313429 0.19334955339140128 0.2184979164045291 0.1781176456571081 0.06680422393675627 0.2591782983773703 0.022963433885073666 0.10443426662767498 0.04817058479811422 0.026746011721368416 0.24537628161639974 0.1516669540255446 0.20866577286068286 0.06715771549268025 0.0042009944316071125 0.15162718980682052 0.1545943856277844 0.004378529821374777 0.06344439691704132 0.14608323372491153 0.05769400835971013 0.10143349883909342 0.17064665123208245 0.05545661473466656 0.04621332034829733 0.15650800999460537 0.16153233656141538 0.2616873603689252 0.04819011352217481 0.09216250925183284 0.08689611543498754 0.050544765507522134 0.02671001468305295 0.2046072273681879 0.17866257325743687 0.021813006360532693 0.10816976116583404 0.02780837984404787 0.1526337240329923 0.020819111565520878 0.04939634337451595 0.03003181500469899 0.02244142854584624 0.2591939440919156 0.23027649939987863 0.12789550410237552 0.04985139316114476 0.04302978332414001 0.16835343152510468 0.292582099329691 0.2512160926982055 0.04887228916353912 0.07397220027367862 0.01972136352990156 0.03652781218198254 0.021321023365273147 0.011783249295771219 0.08586644602468625 0.21371628593913047 0.17382991728371341 0.026257481781137425 0.06481545879935928 0.09067849312091855 0.09588705443323496 0.15824573341533607 0.07655762157820896 0.06881731198509429 0.050121786255020624 0.06497653614459525 0.06762103577076384 0.0040890598266105724 0.08276670432404055 0.02036129117979625 0.33371365474294723 0.19478627582170688 0.303687108351634 0.3026747295184625 0.22638115877709367 0.4027080683896517 NaN 0.1545158115278388 0.18560727462642254 0.1278069998092861 0.011035160553905502 0.021361289014140895 0.07823458155004821 0.04711067096916842 0.19112419203738137 0.12358988867348453 0.032082359657534504 0.100871734127741 0.001396228650936349 0.10269374348036196 0.06443213503628226 0.08889144033921474 0.0859906167313368 0.09473665941251543 0.04780986569193109 0.2775667190836248 0.21281913254458432 0.019397972286830444 0.025864836747112666 0.23386527649213432 0.20422147939685684 0.08743186075917389 0.15358252744498005 0.11000831880122142 0.12110339779778073 0.04588600811487381 0.1169748722817191 0.0885304187355227 0.14584132081107756 0.0686703565554952 0.11720932925127618 0.062293389151988204 0.008851839729706098 0.052564554305504135 0.13038382305758422 0.13044866103618502 0.12052426295571503 0.18828683003148902 0.3097053433173734 0.09225958956208427 0.04980436014116909 0.18698095987355373 0.11703344670649722 0.07348563508502753 0.07732443070461076 0.13206137621781464 0.04238402565719457 0.0497631495792457 0.0655643873424407 0.02101932836007047 0.08160515777038775 0.0089693159564068 0.08829748335185841 0.1631079239146546 0.010700315942214053 0.0007653198487547405 0.11613016491216643 0.0034365035475325077 0.23720245855672709 0.13678002453990562 0.12701692259188643 0.17065876145367512 0.023042237540585306 0.23510620593508114 0.17710071692096963 0.30107598183312695 0.03809676885564384 0.1715644149111281 0.02956722191146617 0.1217952932319553 0.10938489073666785 0.0966739194618672 0.07704833005051952 0.1969822155823132 0.013446653986956906 0.07048491473620265 0.0040932742635144724 0.13624226118283642 0.1653845197233921 0.06739977461066116 0.014610883921443364 0.09946646588923569 0.01296738934276425 0.22771373729842592 0.03451429774013784 0.03385923006446638 0.06456024552830038 0.1295738853003437 0.1396706011872764 0.029316014940983067 0.07745865203456309
0.009396333758479583 0.12864570657489705 0.08390829524863819 0.05316995482271164 0.07036629676075365 0.14371747568138585 0.1257920514973111 0.07174089177544363 0.14588642515550992 0.05839926796654396 0.06732315635644263 0.1058901340000547 0.053469800134091056 0.016179246917396195 0.02378291075448646 0.03697466999287209 0.04628271127695402 0.06835438177784821 0.16061173720075214 0.06812042886891687 0.1097177724531493 0.02569861096163161 0.11746777954162764 0.03167219236839129 0.03058605270444382 0.06855729707079544 0.08084980458045216 0.06127952300051715 0.039126202694408044 0.041904258911326424 0.15226000770999829 0.03248518595845028 0.055539589266961245 0.06739801836791932 0.028274577519776085 0.09658816740990724 0.1184625697409297 0.018465405143298422 0.08699096869108572 0.012081072191332594 0.10691957561339224 0.005560023907750265 0.0012714511913246701 0.049634684628470385 0.03604810213919784 0.07477717576294075 0.050619391024189116 0.07721230447207432 0.012528300879148642 0.08377531074294862 0.08283308043261987 0.1262312597974764 0.1461350437530644 0.005827866500629565 0.05276267551279112 0.036746528922607116 0.026943694840015256 0.04901642011712161 0.059909124754661355 0.06344264170100401 0.0018122576273617247 0.01672120932356717 0.04098819900314745 0.07819569636647357 0.03675399432076275 0.08899547452767674 0.05120820275839893 0.009084996113425904 0.04536938331491779 0.027664229224764844 0.06047052347002443 0.13261036596307252 0.04027768545355276 0.012179603011351556 0.09858155666936617 0.04365376861208706 0.08117345835833206 0.07114163738217841 0.015195946274778348 0.07785931715757635 0.004201020190671082 0.028102325889439214 0.04950895408741515 0.00031377141572361505 0.014658882143064593 0.04327869318147017 0.004662760052842517 0.00994404601137871 0.049338182590992076 0.015572109911910163 0.029951891588724043 0.01844772991577222 0.0037868449131742013 0.05875369652893596 0.031716199947590715 0.05213524955294855 0.043492376118106406 0.03229779671367201 0.18549327886217284 0.17903631983859472 0.08610959536758073 0.10638581396556794 0.12380236050373454 0.1294041327629877 0.1324732658684726 0.1446236007810877 0.1063297510584024 0.018267401919019575 0.026457105302434412 0.06983063098067249 0.012700531635640291 0.009560222813310456 0.11937557571216738 0.0814131210395992 0.05324138133991892 0.004829714606100806 0.021777928094764764 0.01609347962846363 0.013282279772008713 0.014013600911322968 0.12047459679328845 0.017392333024594767 0.07792390588982649 0.09246406483282801 0.046442250119733575 0.0014689110431219713 0.01294420107410379 0.04359230893834584 0.038268247109110656 0.006537787839353961 0.044464531333131004 0.03721532811933304 0.0029563705589658153 0.027559441604181962 0.05572090190249212 0.05305815340355765 0.025324221387965324 0.018390701098606965 0.03889185143090344 0.10134631563420025 0.07895498105752885 0.05013489491753252 0.04025537146271103 0.01536665272247118 0.039142404645227405 0.03972523942857433 0.15540894012685402 0.020163380650371817 0.011129339042380114 0.0451581970749582 0.05261114261969173 0.09303292631597034 0.08164191434670094 0.09422347060184344 0.02727666385702689 0.08521532905403056 0.08384954062287445 0.09692119035727989 0.08053899799875365 0.10873473952868162 0.024154036453914313 0.03707030852206133 0.09604583434339564 0.04224278389513002 0.012391201607448877 0.03853611330256171 0.08397906525609244 0.09661275209690397 0.019172748241394116 0.06729204293258088 0.022693370015263146 0.049340722398373504 0.06422289112575695 0.11548433376339132 0.1073647593133615 0.0013492334053590619 0.007473487737478012 0.08999343088332912 0.038403123312432993 0.04012616418687548 0.011431900046587604 0.09898997561435953 0.0730960875546764 0.0022489134460370423 0.034095642732203224 0.08636354204490325 0.07971517035614413 0.11833890147536702 0.16290659090475057 0.08364381796959847 0.012147794755504142 0.03535324505222792 0.02707758345091583 0.0246851421701853 0.03937345462298658 0.018166504577553096 0.022406953895371638 0.04100772786377575 0.0967360703107792 0.0072623178374099555 0.07407510383887249 0.051775858404757555 0.09587836164202466 0.06969084587373124 0.10569818293027973 0.20254262590061284 0.02268840952115223 0.06038534646263755 0.04833614441340482 0.009751071242766933 0.027286182293371763 0.01874130008319977 0.012758427283969061 0.02014688737279408 0.043754427481770816 0.01792655412411327 0.1233850186601498 0.016854456160356163 0.06069468681306992 0.013963622668442473 0.08719135103215411 0.05545909914272903 0.005498800456844265 0.053948330470504284 0.08310228594136544 0.00034852780050259087 0.0020863962869303496 0.10491925457925393 0.02721296529370657 0.05998122711503026 0.12974290849828063 0.09952647049575776 0.14679017049513363 0.037718948982468435 0.04911987581869907 0.08954354874189299 0.043459742540812876 0.036675906114398645 0.0408456049664833 0.08383307873389664 0.06951096915648113 0.06335993255401186 0.0011500021178921715 0.11002656573941975 0.05560546352839314 0.025777768225102162 0.003865643426187286 0.0013638977084779109 0.0813726553737333 0.07853203101840632 0.023121893995430964 0.022888135636486815 0.01924826373986635 0.059830300830705195 0.04073806772631879 0.039557712464125816 0.07431126688518155 0.019565252191637506 0.029200777118969228 0.0020863025135359594 0.0005052174064523713 0.02689817493817542 0.07111909870014872 0.060142265709795875 0.036060897729089283 0.11832398436189788 0.009385657902771497 0.07260734041097913 0.05250320082882373 0.0872968722442787 0.0051524939188116875 0.028465216773619757 0.057744337392455 0.005983622110631953 0.045839381440478284 0.025337479695075455 0.04205671664809973 0.06778580812638323 0.13309381062748404 0.13152789966096762 0.10332547220497641 0.18462523763070654 0.01279498156997263 0.11423427483793099 0.1545158115278388 NaN 0.12061153614368111 0.029912779893784304 0.09302288868193591 0.04758896368245687 0.026555956308603513 0.06872450544971624 0.06945761274649659 0.06284308484134575 0.004939319404685913 0.019119898696228373 0.01742703429026041 0.033925063013795276 0.05721687461265165 0.005266959650051176 0.05187583655131169 0.0207665858034164 0.011099884503176935 0.18177029214188872 0.00817274501029744 0.0522618101746652 0.03681957670864312 0.01574129509920331 0.0008346298427201167 0.010244079727624984 0.039940767098191936 0.003315940557583456 0.05298432318642811 0.03706469090347567 0.04426523260894077 0.06399568080973286 0.006134430662378894 0.0006570460797792638 0.07373629502829104 0.036061044295641886 0.11070484267425468 0.017781841062680517 0.006746744731483735 0.02019912973082033 0.05077801928958305 0.0939783020546994 0.18675987588711096 0.0431066976248088 0.024025019812053388 0.0848362293841049 0.06200782088475992 0.014883358734136386 0.042672824069409816 0.13100289596774534 0.06555954628881457 0.048965310999108634 0.06185087802666347 0.06991934857985484 0.043034096173960035 0.06653307031706074 0.039061036212510225 0.03347986071102952 0.019619442504655624 0.026267520885820607 0.02236420300320497 0.0490724230366703 0.18411491289791657 0.09574665393248138 0.018143167188706007 0.08955894070634424 0.0027537784140835853 0.05461884161675064 0.028708669028889626 0.04583941923722072 0.0770455139943987 0.10266233041015527 0.015058575991339616 0.11021608561670324 0.016383820321469886 0.031600517670976984 0.11281902441075023 0.0017993697892759101 0.031414433856207964 0.03746676699828162 0.01765447539281707 0.018702576193590278 0.01047712113715765 0.024699416878870683 0.022528572758465697 0.011922621354215995 0.11756113781820655 0.0224919675991567 0.09032604002074003 0.03229710684277959 0.04864812706690494 0.028809389704467624 0.007653898175799232 0.0065406714522179025 0.01804360860739952
0.25223724154936744 0.07544503346402145 0.154727762973959 0.2390722497337722 0.23551148052928275 0.21404762505562921 0.14477184588648195 0.01321077794360495 0.006495841016828222 0.19080647450162402 0.014769785339836902 0.1101996650244998 0.18064948881451925 0.1838451590598105 0.11728739841356621 0.08817639834560442 0.10581004253275363 0.05426002809201898 0.16656208665004313 0.20455293147944004 0.10900770550031456 0.01821392734659434 0.023845595659072766 0.19907730993996034 0.054469525776327826 0.007069692065606576 0.14874823149187413 0.1247755443719734 0.05434847527886478 0.04423924882437642 0.09208463003751591 0.13756708177420893 0.10802122688120873 0.07873915669306583 0.06933854095183893 0.030927678528928554 0.16696219896550904 0.15897473121140718 0.025092796176624656 0.06558667903597849 0.0850650017465337 0.023131774049834356 0.07511679534576342 0.08766762792859915 0.031621424128373044 0.08634088234174873 0.014867912255022276 0.1593283919153253 0.08442222835193892 0.1954485293275732 0.0208230413789381 0.019202353435150504 0.026092936475602034 0.10471637899888799 0.0072684681075752215 0.10177922371803366 0.11405837986220833 0.05522901563486016 0.13448184557705753 0.15364560916930278 0.07033019735704463 0.06860314794565517 0.029848259539162928 0.023755873312114865 0.057980545206592835 0.11182006630580507 0.055969510919893314 0.0008060942824306622 0.03624829104258474 0.026792340787402044 0.010963140414973246 0.09933756825850443 0.013119782495384159 0.014823510267725278 0.03079752442041592 0.05440820066637724 0.08208942994687288 0.03183113439992921 0.0026891730568657677 0.11163541044171557 0.004682647718899379 0.09207286208327921 0.038292337958260064 0.09745315407873782 0.09048712938329326 0.13213990393149427 0.15874182392892544 0.017736130054933866 0.01773970157589049 0.04935905610703727 0.0530399543868113 0.03653920461888411 0.028307218357196833 0.0026878941138753073 0.0002434575455764546 0.039249175796184275 0.03798551274356101 0.0006465319541789426 0.1573693466494881 0.13493993681210478 0.05194369423449309 0.2015347092979373 0.12225275200680265 0.14896283969737859 0.13273780862312057 0.004851739753065955 0.12994824960688223 0.031089268005872247 0.038498786001591775 0.047356333422871745 0.04090668207934599 0.006198801475185593 0.03636052457133995 0.08143089055795007 0.00934883277604093 0.14637611454783248 0.15950869644280607 0.041194324826100075 0.018619042508509133 0.07164473026056292 0.16371964251923218 0.014829693206951471 0.06885618993380738 0.1855869500261437 0.04615656410872228 0.0038188933333034836 0.005694272758242082 0.021116123926749573 0.07817952378541403 0.07993270853539458 0.060676012509999086 0.019132381439862248 0.05142472501929183 0.0123173405304962 0.042964664742930175 0.051867510601100134 0.02918905037080304 0.029712281143490924 0.017953558089895346 0.1276974822298893 0.0789312755311422 0.10765307863382856 0.06718465985133208 0.06246690779613767 0.044915119600269074 0.08501055406659258 0.08536770226689466 0.08938483915345859 0.06274381868634463 0.057015459722898156 0.04670014558518389 0.10792272006733851 0.0624190352543815 0.10219590143870536 0.008144102605520056 0.07312226402486587 0.005580214482387945 0.14086972380361884 0.12130386209552962 0.04633053151200273 0.04060586176382941 0.05035648077464272 0.017475281554057278 0.03577858525559912 0.01602109529100017 0.08028792479273347 0.1332583677398139 0.07759653057693223 0.09815740537851089 0.1449831634196051 0.08685996879485335 0.027619264925716258 0.15110894154807838 0.22401614417083923 0.16169492813442174 0.04399557854062017 0.046437020313436064 0.10217864167360029 0.13048181418786817 0.15155091602249585 0.2334356175586863 0.12007440515109245 0.2212973766944445 0.21702029747988036 0.2102983980383439 0.2125215790709024 0.08612543943426423 0.06799266680180906 0.040045149885703124 0.19667441416473613 0.008782069700983417 0.07097434109424425 0.20636966121358208 0.12999313498045223 0.08743165083915035 0.13496982642396874 0.05701256554847701 0.00981223881175465 0.20015807096393307 0.14737294058741038 0.09516072102124261 0.030041654541758396 0.051341386301472926 0.24838122507915897 0.05313714571243335 0.14374891447161142 0.16497549167817424 0.20704805963183623 0.01783199261947495 0.03475549889721176 0.11478185115791972 0.009031609533487398 0.07396592716999839 0.005531146416285235 0.05451628920997138 0.12588688316790414 0.14129713653694356 0.1836813795808766 0.0316850800774877 0.07980283848216718 0.02092760795606474 0.041133227498622346 0.06692732036306084 0.07531983609578165 0.04523052472265199 0.033554504091362215 0.0634691913224935 0.1886287614467115 0.01405529582158071 0.08495904573581287 0.011820504909921623 0.07184504983939778 0.09077681127350559 0.01833441697473788 0.04455626168129671 0.003177906989702807 0.05873158316107782 0.03020213614549836 0.1406983684812423 0.05387730604371109 0.08023742915025081 0.029245231825817553 0.025827460968125625 0.033294925103843215 0.01270943588917564 0.07241651335426022 0.06677322451382744 0.03426740075886165 0.023033052136324426 0.12432316686016322 0.03104825269016495 0.007483819209736834 0.035739128384162266 0.10034893716181079 0.11377905238293635 0.10777288628198467 0.0635006276783104 0.08221779566032665 0.06671161190707961 0.049002211836716165 0.025427486691184085 0.07775841855758174 0.007854872745701288 0.16552927498081577 0.10448021258880681 0.07040550405767707 0.022997891454666915 0.021126229376841908 0.06293188808837144 0.06806949852694165 0.0036048531330217996 0.08142111035531306 0.05283265326015556 0.0007366537771552752 0.03942552830413098 0.011258820622164453 0.013240632934276129 0.05579278955294364 0.17142000141341215 0.08029863520994102 0.04115714259165886 0.13668769748000145 0.17891285983387328 0.20171995004121357 0.18560727462642254 0.12061153614368111 NaN 0.038160430309005344 0.0488404048345642 0.028628693485415194 0.04341457972677995 0.011914564245624698 0.08105042742052154 0.05546325780435287 0.014776774917396915 0.09341324702757137 0.06703338640521586 0.00910395475624209 0.018194392801040186 0.052072342065577946 0.12643798414829932 0.024478437277446446 0.009401589272893406 0.20800962181070487 0.07832658165316818 0.03222209098378659 0.06643549123570759 0.012368626517688821 0.08087316010358656 0.020186859235639103 0.002946738398693929 0.09111335772463801 0.00016387633998529467 0.05293323560185496 0.028051507100944274 0.032929680614645525 0.04185102406600233 0.004639798933084142 0.013966565587184645 0.011983888373492454 0.09060147460226924 0.11896162335479754 0.13780174094831435 0.022977730558789617 0.029492162749253047 0.055480235848141476 0.058755552462647444 0.06947011906963474 0.014373269377180416 0.081974518230616 0.0017298398657818845 0.032925368230424544 0.07253757575680521 0.02843436687367173 0.03221105303278698 0.02134859694586572 0.06634975510296949 0.1480083650832235 0.15632431289068946 0.08885500795959715 0.04002543164116529 0.009995817983278817 0.06751147357142331 0.03521621635039381 0.025012205424990424 0.07058602983296636 0.13622670816794588 0.09384942561826133 0.06282947375306121 0.14454986339288972 0.04319683254026355 0.046041020446535276 0.2015730747857435 0.20516196117420754 0.06639256035202695 0.04446368781882664 0.003965843505827384 0.17375623921897432 0.04530211980140281 0.11608730434553681 0.08211682680024043 0.2013292665417688 0.10602128911540902 0.060451865379993044 0.011037660063164827 0.13812345120796082 0.09190165287232588 0.01053454525030153 0.055667446349864216 0.13019660294217578 0.022440079233411365 0.1211035379421544 0.0015254588443946112 0.05937445399439449 0.058187388662062085 0.051577843278742985 0.10122507149543196 0.08062428677891063 0.08539760178791732
0.17530758853852804 0.20556651069214468 0.15120130536519708 0.1597128730248543 0.11594613588880634 0.161113148102951 0.09681916079173637 0.13661281418591814 0.17545549244047 0.19554341093976105 0.10505093074411037 0.054756941892048695 0.053541409102279065 0.10264657709235196 0.09813869932652557 0.0051805834323219915 0.016480643283173228 0.056421542186328236 0.10175936372582856 0.09981424295370452 0.11851148925842887 0.07508497126888236 0.15283577492787845 0.133741009826797 0.1626707545391011 0.05203001029614431 0.1598115477497241 0.10150970472353485 0.07839823139781088 0.058925801302787045 0.10920526869037124 0.11636410163404613 0.07173056338286465 0.03171539069944894 0.06288624591575745 0.047015909674198074 0.12263716542928985 0.1802908195737598 0.12368432094338817 0.06589074449796273 0.17786464046022238 0.02790036134856868 0.12418391551571602 0.17298016016193749 0.0037295895869391 0.03307985674385696 0.05124300236421759 0.11173591538920809 0.026775712860779444 0.05322884944048607 0.151406589066777 0.09667112509556992 0.22260749831356516 0.06689231941905477 0.026130063203934132 0.0763629932315393 0.13780441241830255 0.044089046882654234 0.1231816868871726 0.16036058510179507 0.14014513840962 0.20872395830934115 0.12020763133682201 0.08337763833063483 0.011856838169470032 0.07454503701317278 0.04744775383083308 0.025894514541374713 0.04611390536300574 0.05490606119823931 0.020889861926144462 0.024868359134580836 0.06674158948480845 0.18527912933624935 0.0017834651846376833 0.032265699185876774 0.0051303767076551765 0.07519679906036866 0.07083431418844358 0.019198521752132464 0.046289085271551005 0.005988485903076563 0.09558137123389754 0.13899457842374605 0.08202566410433484 0.1706963215004998 0.1374186078128754 0.0015444336597661484 0.053971782396524504 0.058020810000325676 0.022118106293121085 0.014664824268214638 0.06801050293687866 0.06622170971007839 0.08930379791776687 0.11455331309393203 0.1368142338179488 0.04548305529274653 0.15641927710620632 0.1438545346217318 0.09614283031297309 0.11213776299750142 0.04152958812112925 0.11090903098336634 0.018244003719585317 0.17077159036900763 0.08732864026699319 0.2090219862134281 0.12871948129971433 0.052361635445853066 0.23607686998616073 0.09879697875813448 0.054803112532011124 0.1913046674116904 0.13782239095656146 0.0060918517339715724 0.07439152470720452 0.011832029979015484 0.058949800276747136 0.01822016950220393 0.06923314076983315 0.04730704044717436 0.03229109670178541 0.035845026969675196 0.012257342654218522 0.03731801088064064 0.020903498667227818 0.05307997285685608 0.04832744961519381 0.026234206886359253 0.03745834277580698 0.046241233133540074 0.011835025216786907 0.005866296068239548 0.0005424331558806877 0.004779799181433808 0.004570547156836551 0.07255490871023709 0.11952651276415693 0.1988644280634327 0.10512945703271748 0.09952809893449482 0.06566326268047883 0.15646960766322307 0.07254829470697975 0.0021726032956042884 0.11346969454499917 0.07348024449324135 0.153318225841299 0.02092891314521881 0.045784207064785094 0.01859704697708653 0.06533254465345198 0.005153799472073463 0.047532918969601205 0.16772412187502625 0.1171563554757409 0.027221428013556696 0.10197373421346284 0.06689341494660651 0.04425101097096174 0.10998904231779194 0.0747941785842022 0.030031008794396102 0.019264256195702725 0.01661062285530517 0.0703416404278929 0.09609766034733962 0.22086122229658195 0.09434724454541013 0.06503939119777236 0.018481484020076974 0.13869240591489115 0.17874096152851854 0.10871647129323042 0.013976127895130868 0.0778366272548344 0.060385758526908265 0.23690226126370825 0.11017072491605355 0.17508059622767605 0.18001161103392724 0.14508355334647943 0.14384603450272837 0.13660658516183755 0.14134556886709448 0.08835879049635331 0.2129970042219302 0.18399249386702202 0.20296290714951604 0.14705949838541987 0.07516525936421936 0.07042751423199674 0.13305294864608244 0.12443607539284222 0.03799720163710525 0.003079287790618159 0.054622964753645795 0.13235755950559833 0.07981937173417486 0.16787410959406196 0.08512270152745227 0.16212887524735536 0.08017877467485036 0.07053908223229687 0.007352818887752062 0.05750966018796747 0.10860830404419311 0.11053256773814495 0.07131482542395295 0.06667583561134477 0.10851771215465164 0.027650301786482655 0.04822557941118955 0.03396978752010948 0.07510710170189792 0.10012770282989977 0.1413501484372981 0.059972158865809214 0.12590122271200402 0.14389781482627587 0.007248538292036649 0.11396772845884212 0.13333794466066048 0.015984197471387643 0.017104762256582223 0.01844804739454074 0.1140001360338289 0.059503680975731214 0.0435749907449356 0.11465099717368021 0.07434026908672997 0.2139604576405926 0.1145099593444602 0.08251567212191176 0.03589723145181883 0.045931124911612865 0.03046178191007264 0.15384761285854934 0.17282060449578493 0.07845145320685616 0.16844654893083155 0.08991080216212421 0.05160453172335782 0.05130075165423506 0.05178400648464448 0.030545918486666837 0.019502018381715218 0.0007240183294289403 0.009957450939942002 0.02469917878436439 0.038806481591974404 0.08424404682572513 0.09186655302583384 0.017780128649861004 0.0032902733867524936 0.0934368440107475 0.0471536340919874 0.04281579930605892 0.004510157955516949 0.06403997017743478 0.016170138022254588 0.08564492423145763 0.18105890756075288 0.13883044853529972 0.2146910852680228 0.07064420717564142 0.10292642564846205 0.06866598480331093 0.004168659991225736 0.03820905763445135 0.06447390056430717 0.06510866415017977 0.09333497440463175 0.03954065106644692 0.07360021882662424 0.06800384317207521 0.0923896930011255 0.18035749356487285 0.13362877230834883 0.10581562408720623 0.14119577196405078 0.10926858509366393 0.10743598472183749 0.1278069998092861 0.029912779893784304 0.038160430309005344 NaN 0.1746852687385217 0.03397745327436446 0.28264239260290647 0.03303103815612991 0.14828120953261886 0.2052957310037148 0.09839882370574704 0.021522255506133788 0.012995347258442315 0.03550350300943066 0.076962688022776 0.0200245902172037 0.05859222124129967 0.017285205898318976 0.06610571876726574 0.13512454655204745 0.02601027697649167 0.06030546277639751 0.03661794577470488 0.004651933749376943 0.06169306379981829 0.03176608843974313 0.019523408095196055 0.08116814222725563 0.08022813296796903 0.03275087567731512 0.02840004688522105 0.014950370609837888 0.035269326276856264 0.005591832241278879 0.0922366842099028 0.16345080025511585 0.09608391664017213 0.10236748878173077 0.008882771915929226 0.04701434179495653 0.01410837617900905 0.07506023296933685 0.1658045808635362 0.03758862471044791 0.14109005569783037 0.02202043555767147 0.03284882524076802 0.008596123194356358 0.0817393716364519 0.01436194245211209 0.036762847395663684 0.14295165333703988 0.09260012429049401 0.04198060290743233 0.03280592105127032 0.02801122705200995 0.04349844292364767 0.05780964276211324 0.010468269074114014 0.0058420184037782435 0.010577955864125077 0.08243036674542967 0.08859323700057897 0.1024697284007129 0.2019620783711229 0.05492420027138921 0.051871478203103755 0.07853769255787185 0.0790672878869597 0.15565688433601968 0.05081451607066102 0.05874063807907145 0.027262980566593303 0.060788195258648134 0.17460857533966048 0.17873327182893725 0.04540142671670585 0.15638736696542355 0.027239860337794346 0.04232899118923708 0.028532288228706276 0.024604535898902092 0.011795850234517893 0.045926453964564795 0.09228315359670768 0.013600632048786566 0.07662390869146765 0.11845936287995698 0.06521175545690812 0.02064422968553149 0.02249331579430138 0.010396900281461455 0.06611063285917125 0.032204815049371276 0.03840141868213255
0.0744251774574737 0.002711932891865723 0.02848373927790119 0.06778339185052182 0.055949469560110904 0.04685285121503347 0.015333051619283696 0.07562067789175607 0.07336324563752254 0.053868722230070366 0.036308090878834985 0.023242155834194454 0.027846925191345736 0.01346987043285824 0.018670198312268124 0.02611928418625547 0.06845489852285706 0.012648328408072642 0.05504490540050291 0.009317875683702336 0.03481306765109798 0.026412015593911167 0.03758918146774238 0.1500795137954856 0.14823461115205436 0.11180670647988754 0.03904343602577073 0.020912532694007457 0.06097222016607875 0.14132966708912087 0.030226424436628183 0.03450157944521496 0.08079164059935426 0.06897337773948127 0.01190387381614615 0.05619223741322345 0.00129035020426893 0.07038984366587223 0.03221702870531721 0.0664356149219853 0.0011956142318162771 0.027035193151259507 0.08767014742452772 0.07920367846387705 0.002790953355349465 0.05113587624239503 0.05655508438100899 0.04436655777142771 0.049375611460896064 0.08588300422281386 0.026779261711207702 0.07009555705040056 0.04614899313973099 0.05699098951513547 0.013820293690188399 0.024760013934674547 0.07730880982080414 0.03473929260531612 0.11267525228263169 0.13745876753563163 0.10616890125306197 0.09958937549516254 0.05867713584527387 0.0958181828863822 5.1698811579678785e-05 0.05223021369627478 0.10484847007451155 0.15598822984803862 0.006434622329397497 0.011894002913210404 0.003581147144862631 0.041921579757177245 0.1421184735471575 0.09619717347176321 0.009251743097734154 0.033214877815661716 0.11596339386074593 0.06921585902560567 0.09643619160324424 0.10000550164762878 0.10667880126291711 0.08370551314100787 0.02567206653640551 0.1035360622766052 0.11590353938299106 0.13855827926622413 0.05573144678961198 0.008208197626374982 0.11449058355156033 0.07347948391272316 0.002454469932511088 0.009240553096430064 0.11012050575864657 0.07205002333567208 0.059032480019249656 0.05006937411944697 0.042376357895097395 0.0032628925249556144 0.10270741493924652 0.057334532231737456 0.045737761494284115 0.05573138971883371 0.00947883956342811 0.07068148124449411 0.029359848858491876 0.12485562336035805 0.06710034460709294 0.13117274853311892 0.07925124845019832 0.0003616038046303672 0.17424035884665703 0.10463537647024537 0.04676413973015994 0.02928921111473315 0.002357685848825738 0.05117534136790418 0.07870096757584205 0.05106036119474469 0.012080597817628226 0.03665270966175624 0.03523190367715513 0.10311815104736759 0.04932017999207592 0.09053502951382056 0.008775503881548775 0.026858606582967275 0.0021783045960756084 0.058720653961226776 0.004247228209446469 0.022021283603185077 0.011896217323506774 0.07763823181985807 0.1589195220286946 0.046411921602018964 0.02572104637916069 0.051195006773761445 0.07336489698389302 0.04372775012129379 0.00784985705706921 0.009301545232815166 0.012214152397907043 0.06809719002576559 0.044735079467057626 0.024846358679426417 0.14969229389418257 0.022771069148881055 0.019252028898281533 0.15709715307134717 0.07816109847253762 0.11297957386510063 0.12797950137247524 0.04155011345526632 0.005151789984745024 0.06580883169109829 0.0393433671218016 0.04583332873563699 0.06006060950187595 0.006012649752983765 0.004828709427062963 0.017022282785183297 0.004904535120576759 0.009964110007729768 0.06013615639479958 0.06851627348222468 0.009254861397040485 0.006700872945736952 0.07652085117975713 0.021572313966212772 0.15217172407262525 5.95903143522519e-06 0.03423523527066288 0.025195494786413197 0.0560336508749832 0.14554126976191947 0.011955720356033253 0.06302411069140174 0.01067746727360555 0.07590778841108857 0.16910844359750046 0.09306563647038185 0.07334906715258083 0.02080906742916224 0.04862044242862745 0.04805543885830877 0.05270579328618724 0.06798805626732322 0.031722302918738704 0.025065741138663968 0.04158366176133414 0.0498432834753872 0.04234152925331341 0.056599144475627625 0.02710640080530605 0.007734649765336595 0.06192002587669148 0.020098517873900077 0.03841539877858493 0.015525971981890891 0.0252736821434849 0.02809541975776345 0.04960319231007911 0.041894488042933636 0.026443860394053043 0.04484997200842308 0.07015450023336604 0.0003269577493878952 0.03764517600435197 0.1044084692648099 0.06469296073248083 0.1053234787531818 0.0603983248162902 0.012825783829885916 0.01956672147126378 0.06725885150020748 0.06514335891593619 0.021237521086649974 0.05228833242893233 0.08828652194681749 0.041734879891099204 0.0563254201329994 0.13004657332853736 0.004039617709070882 0.05783069623955755 0.06305863579270168 0.04967160589042562 0.04864659928045312 0.07245974690265124 0.055634049107043074 0.0408449833769937 0.06538298663764848 0.014751306742369508 0.009473671248058379 0.00204151206882921 0.013318622346229879 0.02388164893601847 0.06350289662496536 0.00337978743342191 0.013051164140703423 0.10591664217280945 0.03972616968884894 0.03283217705835512 0.06684676810196018 0.12417890036405664 0.047678027542561445 0.02774109603095227 0.014803686748267405 0.0400844468937118 0.043261214357805534 0.0898427723288123 0.07860455735135495 0.05358608082303083 0.03977956313082712 0.10221902700257955 0.11499043076158193 0.0038881985452686708 0.04759955040337634 0.06243943667583134 0.04944242485235088 0.038715359820231866 0.00318323886320164 0.005930701887908225 0.015513213871879249 0.03616159494981733 0.07577723901384119 0.12857427834654145 0.07075339609967257 0.014323275987550284 0.05521946346182964 0.044425522332948976 0.09760908609065547 0.11593421714243828 0.049713838932072804 0.015052784696006082 0.036991294963616694 0.04927435640313903 0.017564070871811263 0.060633575386096296 0.045286295452923724 0.12588078146939366 0.005675834797394473 0.013625469809592849 0.021321367485204874 0.10070598906333633 0.028162035299012827 0.011035160553905502 0.09302288868193591 0.0488404048345642 0.1746852687385217 NaN 0.025645263813431587 0.17463517380829072 0.07791441045579155 0.015103942694247554 0.1275995145291489 0.002303897662162196 0.03682783478571774 0.05585421017729203 0.09252684703218171 0.011698662090442655 0.06599626773912667 0.03765054779502225 0.06334006031197453 0.022499691511909052 0.05325451317343599 0.024574642724870664 0.003003927790337967 0.02797060319619055 0.07761127539526326 0.030857197713843165 0.028433223794907807 0.042563259769320204 0.0026083866564182902 0.15940284065427598 0.01491955360176802 0.02938877182698669 0.08796435093697354 0.03458732482028406 0.07860393712936724 0.049288817503075524 0.045272588583413605 0.01967493060321621 0.011085046960730345 0.014760980483577142 0.010844600312681259 0.15450476475139896 0.027293290353253133 0.05801919515754078 0.09918194785684702 0.08716019890896196 0.035103473353914484 0.14891468592221582 0.0002234395031736744 0.0359601600766689 0.031669199964881205 0.002656821970336337 0.05742730274612325 0.024038564622450496 0.013025375937711607 0.07723917771593755 0.03203242106473055 0.04744123520823406 0.02314010951574894 0.062375261469942336 0.0021409167525509956 0.08540281352118832 0.072555518257984 0.1492620038760856 0.008044765557277086 0.10765365687652195 0.04129001232370841 0.059560487836286286 0.02665905202752427 0.08231710151131637 0.008696462528324856 0.036655182289839675 0.002581326990809984 0.01775668809516023 0.08267045272939426 0.11602767704665981 0.13512390549577943 0.11617274650479137 0.05476178996208136 0.03147984897137759 0.059283801555551144 0.014217378989392246 0.0234620079110681 0.05142903046522593 0.037240449446973696 0.009727871626905754 0.00717730357153887 0.12171120961488152 0.041815731469479915 0.0404810231599563 0.05359251598611334 0.06155669868338153 0.04129982431666657 0.02056995819821919 0.02562608886167517 0.01626751863936793
0.08428437643011182 0.03282768827374828 0.04789792491105126 0.12442480266209238 0.08442826186303345 0.08833408242641709 0.10545067690827113 0.06326108177043344 0.05462099790178577 0.019101633340683127 0.028822722474378098 0.011229209598433263 0.10492362460388685 0.04903064899014033 0.02079491245478128 0.04532992017177319 0.048806069251821446 0.07654612256820656 0.07745055887599908 0.06911427122563014 0.004329882227407705 0.07354124103174753 0.061690097294632325 0.0269617706214941 0.061121528766034765 0.05663143505717629 0.01677471379658264 0.0533227138455419 0.004649691751011339 0.012029618725480886 0.027578297861608852 0.0029902751835257277 0.00011942485510985258 0.037497273895692455 0.010835383535522597 0.05615693860114579 0.03608455116200165 0.03630509427512069 0.00026174818042482565 0.07833199250886409 0.08057866039151768 0.035942929819394315 0.03505100511497355 0.011629028657282594 0.021972367569141036 0.021609184048917728 0.056014540454955776 0.059121175200800555 0.007681918957472306 0.04115614536086582 0.0543046579934924 0.08541806018343077 0.037732914974122546 0.020343486880325085 0.033002994913667275 0.024479666869571794 0.046052579686236446 0.07611997978359 0.04151559350795702 0.008883423217941715 0.0516630826106418 0.02577008745620171 0.05343862872889506 0.04461547250088814 0.11356096096107159 0.02548678233469573 0.05463488658279235 0.011967047121520205 0.06314753758560455 0.01609962871621414 0.02638329688239253 0.062235887813275936 0.008585318709488936 0.08675774653441813 0.09879184142962502 0.11618330065005911 0.06446888979508411 0.009143632788383996 0.012267134283721417 0.010136690454242961 0.049227674891199204 0.09444769275522978 0.048648883357774224 0.08258986272307725 0.010778423159468108 0.019255951646458075 0.046627498103768934 0.10890252488854518 0.0038624390340175245 0.022809019320543158 0.022636052313979665 0.03630214000308727 0.015550147747114986 0.04859757466689156 0.006600191168188949 0.057746686297350275 0.0365573398906424 0.026388751082301178 0.05168620708015259 0.02117368458043755 0.008350615520312419 0.05302738294042665 0.02648970791760544 0.039300224939169306 0.006759904072271027 0.016063534781163076 0.0011283540042904886 0.006271099931070168 0.05966647718934291 0.06146246017575698 0.030200156313026943 0.037734075370065914 0.026666414398663865 0.00727442096594457 0.008427638716914267 0.08499821839422841 0.06318014163516943 0.023492037886747356 0.02385214941609362 0.008272811078725233 0.08488819620804064 0.01941732050900489 0.01724868120557982 0.00739916317703836 0.001912145956233788 0.009935998712854515 0.034658062908557476 0.05482350716484696 0.041501116381719765 0.026900446277658217 0.003353946642564825 0.03649833335171562 0.049779511262225316 0.03266053080083297 0.06237726519738396 0.0831754017679988 0.06549567791444352 0.07093878220233805 0.06120817755809643 0.03599450840308627 0.012274925599914553 0.004783236844185945 0.0014796125695030146 0.031416832951672295 0.040490195757768424 0.013389102254966945 0.007868918155056925 0.05586233833091826 0.024171150303203628 0.04405563446298423 0.0007083065350791339 0.07125629722248394 0.023076508748808837 0.065572762522905 0.006356479445096378 0.04080415449420868 0.08357501815766584 0.08066548451596638 0.0791895400799129 0.06132424851192203 0.04751960041544508 0.06512348554445871 0.04184422595776586 0.04389337686893395 0.031825221236803 0.023728544539434265 0.04188798236346256 0.073753504355039 0.03029850686442331 0.0875009782883328 0.09489520858526991 0.04593821204547219 0.03612846225585891 0.03738248021292026 0.029326929676064404 0.03426874044618282 0.0059654851204790785 0.047156247146631525 0.007327212119495173 0.03960106745461106 0.07460857641887629 0.10830095386473756 0.09070248665976233 0.10267966262629591 0.09263805907386918 0.10043845739000862 0.0873674317516926 0.049642501388295804 0.06473656888471739 0.007625618865856438 0.030716692445358684 0.06109992784580896 0.12786968362033338 0.010626080254578984 0.001993419433748663 0.11868068051613133 0.008521403422981279 0.11073549211060728 0.029796729720189895 0.07371572519887425 0.09170708202592436 0.08267215393263254 0.06447697999833335 0.0069196297762291244 0.05594716785056382 0.002865467178424915 0.03229694400872205 0.03497165669375363 0.01644525924748992 0.04497430826328103 0.012894374783373781 0.020284759506459926 0.06370395349766213 0.024978845439096172 0.052347674147772305 0.03588680783727813 0.050708029899655 0.03668340691364813 0.03788985457765562 0.017002985838291504 0.05304020956406216 0.02626503712192881 0.0555063016406075 0.04148880499557312 0.031333663564080454 0.037302371827563234 0.02514093084446511 0.05269712298776774 0.05849231729607823 0.04254331670041509 0.06978551361406511 0.049909519937149656 0.05174993062242586 0.01740476300888433 0.04260049256779971 0.05208489429664664 0.10246974854697867 0.01003775830755632 0.06380269280500482 0.09570547377998022 0.08446631356465845 0.04366895306866847 0.004751139114910098 0.07846962268378191 0.015414195085244392 0.029201791479932782 0.006848249284525274 0.013348540017546819 0.05026543529052156 0.004437105637995133 0.08637180736059179 0.052876556045279 0.02218123140747271 0.012282522044357843 0.058283907047503074 0.009058712133706827 0.019340176824544926 0.06335199857795479 0.07776130674450117 0.04607299558906647 0.05172471788647547 0.061921335191900455 0.011186739495072031 0.04807770590908357 0.04291831074988021 0.06804774643560213 0.0043157496514080506 0.05771572324391682 0.044648491986063576 0.0026195295421817377 0.03852223118178018 0.01789360804223849 0.012723349184286399 0.07279991776927495 0.06684287282095079 0.06026615798077526 0.03642910635818273 0.025411812641293018 0.01604617166941703 0.006657504560699273 0.0008395373709369392 0.027750113316962293 0.04406837570020842 0.0554439119434833 0.021361289014140895 0.04758896368245687 0.028628693485415194 0.03397745327436446 0.025645263813431587 NaN 0.07326622130491867 0.16031277315069695 0.03271470070355764 0.01176674872889903 0.0025339747348973075 0.1329980362428721 0.07724653266853444 0.009194958755882192 0.02553572410920708 0.028752302842167017 0.10647403262688387 0.06369912373058928 0.060258385035949005 0.03882369096528739 0.02963921621820469 0.006028645922522865 0.08308477823704334 0.026038724122201512 0.007748635207009646 0.020588561304935343 0.05371129679467181 0.028062780849206482 0.003876407200801852 0.004691790045254033 0.014756936012663398 0.05517592855590221 0.005968361384025829 0.08342015020639304 0.050745863519874854 0.05070735796375955 0.04158858663686286 0.007259122147333142 0.008208048669841594 0.01760644752061294 0.02644535898323578 0.06972672085541928 0.04089039223990371 0.020596977469027365 0.023362056447383026 0.02497231059018033 0.009676949743970943 0.01719149833551234 0.04385550414234337 0.06645143821236298 0.0656901231341484 0.08003509635137036 0.045678530145440974 0.07911908392481368 0.0703958507942502 0.04654799348285378 0.013892710663529812 0.06768064631423851 0.09373826258696122 0.042118063723410655 0.0014553019436461645 0.041607264409124385 0.10444167303274328 0.07643283064938078 0.0808689441766652 0.006455454809119228 0.0007563049201264354 0.008422090446392414 0.009214397833005362 0.02215891471164687 0.04925072392135391 0.060269884581637706 0.020403234583708532 0.06339089354235951 0.03749825398950643 0.05931490117952185 0.050545115306491 0.06796622904814353 0.10226653458114598 0.038760848797737564 0.04851230645682969 0.0807641781220035 0.05349147671012032 0.018404990725837154 0.04460053239599816 0.04975106736274419 0.017275904780386122 0.08377112449465769 0.005980837844613835 0.02255645030208482 0.030095870201031587 0.022986897251803452 0.056873540675456656 0.07922241904885699 0.056471332214326604
0.22622791021317812 0.066379967937251 0.13773436601208197 0.1834869166241526 0.11258840728282873 0.13313122086643683 0.14528780269073557 0.007172770737685834 0.023476046452974773 0.14365121539707157 0.06244506684274804 0.023502104415029895 0.10878591194245509 0.09693921877928768 0.13974875057035246 0.05910674782039138 0.04065020220998333 0.015007004798883181 0.129337752147207 0.054888707682217895 0.03933673310400521 0.008089813900149916 0.056775053298072295 0.17372815824795254 0.1672139576729421 0.06387797681583841 0.06309645570496716 0.08517602663144642 0.0708042864569605 0.05170239219365183 0.05749908190732366 0.0799858487890291 0.0679793541085686 0.11347354983925921 0.02889853565047789 0.005193987200902324 0.05103698037632951 0.15288529027914852 0.02019752336315929 0.04145108746732564 0.05913154379609393 0.07190689349885193 0.13145121186522596 0.1968882082195345 0.02130747743928959 0.02281766513279242 0.004910827645166516 0.06140445891130928 0.020933891517048518 0.012620271390374287 0.03722293351923855 0.0009782941573081136 0.08169208341578238 0.031482816688001 0.018594195451718407 0.07953039503337905 0.019012421184967536 0.060048043193753155 0.1898751539497886 0.20331265952419914 0.07839095795987686 0.29769888958305746 0.20649468458380532 0.15129997495190337 0.03162980842044109 0.09222989313567087 0.03655389269921865 0.08531353493161431 0.05685969157464812 0.021798352872694857 0.019869474901796323 0.018748314724059533 0.055490472676870024 0.2519846003526367 0.052902476246963925 0.05836752802565088 0.005578077750127035 0.13064616415862423 0.04790571142004833 0.07575203468625132 0.021124212446009986 0.013561582561572609 0.11403925234861641 0.16702375854485657 0.10270589123569154 0.23124415525523778 0.1560134281421174 0.03964416897274607 0.15639187323491746 0.0010140260844527958 0.01692251576590433 0.027030676572795172 0.06814456716408933 0.1336772124330341 0.09983152463355585 0.06369968429853066 0.12811165846761444 0.0506102347639115 0.090828663557472 0.07414330094788447 0.02140271882129238 0.012658001865163644 0.0800659276268024 0.13674276980924296 0.01839063178785841 0.13421807678637832 0.004455754847350424 0.1892409955422736 0.11842939131644926 0.04639007737569493 0.28084504083347067 0.17973320441107202 0.06525582528398974 0.1583280351265858 0.023430989359378245 0.016345086370918215 0.022805244298601996 0.02108993991671818 0.06364479755995166 0.034652763960835054 0.12900746035589822 0.05032602765290125 0.024165533560265844 0.14060620261576978 0.03576220156096947 0.008199602453228564 0.035468777634982934 0.008062083294316168 0.014055218280512568 0.007943953476072196 0.05806027766864461 0.10554523215946202 0.0211105936379465 0.025163672721243313 0.0019640255021498017 0.005627082530715718 0.05115095408069217 0.014105779887894238 0.0525087487318437 0.04995858283650097 0.060880100017725036 0.028944256915311408 0.05628815227584606 0.13969769969741594 0.03603204501714807 0.09090531162105385 0.0805130680354981 0.14171668666263415 0.1664221958796593 0.08683055826327371 0.06958405309578412 0.03531557154126771 0.024022758689968164 0.08424039223594174 0.023607549513085725 0.004596733556980452 0.01585383926721061 0.047155945317109274 0.10245486716010406 0.1225665572958649 0.0316956770801699 0.09301286605179795 0.0835926427490609 0.02778816414277424 0.02654591816718856 0.10150423044312955 0.062343838469959736 0.03942061303630854 0.3226810199259334 0.09742290713333734 0.030195412865942548 0.01526330191089231 0.10636078663062906 0.20824831978653413 0.07250126872124718 0.09008389395938653 0.022934196643805714 0.020377250187004 0.2749996759531188 0.1590237188474712 0.22986734725741592 0.07698781267757053 0.17568001703070776 0.1842936693109597 0.14279778916892963 0.1735495914203196 0.1243349122272992 0.08012915905934481 0.05743112226770838 0.1607417475880643 0.14088712602531808 0.05434120173911249 0.061975928239033896 0.09074598817690611 0.15040967258274388 0.05771324411566062 0.044507634904794154 0.010962429699208397 0.10349277008862513 0.10538075529294123 0.10765915621956584 0.05799264047572173 0.04794989275296949 0.2153959338259512 0.06897361574354587 0.0695890728436587 0.018111637780439307 0.13318801245242284 0.0662552544117522 0.05013221072344442 0.035157166016988435 0.048483544577334524 0.043392014557575846 0.0804473305874342 0.05317321861198413 0.014952869463481656 0.05542865811952173 0.166384966292271 0.004470294466481323 0.0340152868082687 0.12057483766530153 0.0031634806514414674 0.17456157830785224 0.17748342719195742 0.015501086458723563 0.010323606819595743 0.017665870792371738 0.07364254190290175 0.013158174195235729 0.015901328005280085 0.016490201235354326 0.05386001234399094 0.10954780561973433 0.0028941594662698937 0.01982120224119767 0.06118325421578757 0.024546841788875944 0.004483161339181732 0.14538577181850784 0.15466689968702604 0.11416772240648727 0.20044166406040456 0.18421298606873715 0.13055590034679054 0.050646567064218474 0.0914751036962515 0.017584188094787363 0.04556627053391019 0.12381793259368042 0.062130893227113626 0.07042492482100339 0.03927116655177065 0.034634409198120844 0.13596346016675584 0.02334499205979834 0.09212393876100579 0.11729763540686416 0.09382540626730657 0.0232360543672682 0.04424506249396672 0.044826983376261106 0.020771491425234594 0.05737811260569221 0.19513081671566485 0.17815941760340234 0.2330309727733083 0.0005056589913054389 0.07511471592140716 0.0981781302725917 0.1195223956485903 0.01576539017433174 0.10704368570964376 0.04672901391086257 0.12826801050015324 0.06953440893588161 0.061964166744245826 0.07133588353279995 0.027393300055191742 0.13898008235213732 0.14552354553946212 0.067487826950353 0.09255453289625384 0.12069364360973238 0.10177317663967547 0.07823458155004821 0.026555956308603513 0.04341457972677995 0.28264239260290647 0.17463517380829072 0.07326622130491867 NaN 0.12123118412278673 0.05679306213763687 0.10659035777084938 0.07258588162377311 0.035989766400518784 0.000941300151320312 0.006414576449922103 0.14108850641782056 0.013183618747746397 0.06637527041293408 0.004784060179830486 0.0053671087769800365 0.13771998161044408 0.009486962986119755 0.053937788884849125 0.002500101632438995 0.056136865157368356 0.0031178566494937062 0.007565146349292934 0.020698746570911426 0.0759134301921205 0.11829511969473687 0.013780018741054873 0.014787520748649714 0.04815819519974034 0.045767899193738755 0.01902005264587991 0.07761776350400217 0.09829621061300826 0.02863605216480999 0.12399849099270989 0.05923765025054023 0.021709422908510818 0.009814421570693305 0.06901269577244508 0.15637053095273287 0.12399007887646041 0.12450395178016484 0.02289180966280396 0.1557251278445579 0.024047467191308916 0.0464995668191679 0.04712419430765544 0.016144175273342724 0.07157716055847861 0.008866289205204167 0.0932789056541707 0.019383270249954843 0.05105904603452433 0.026109564956656423 0.0433381423210261 0.06587341114956696 0.07414150285070148 0.0009763622124702027 0.0930229098459477 0.12823430628663549 0.03565321034241887 0.2489073085721637 0.01618045255198203 0.11450321427840492 0.008493009834120093 0.1335276047134763 0.1441494391269244 0.019964125491644235 0.0063868842242315975 0.026131179553762155 0.07521757077554425 0.26742230389754496 0.25639771604339723 0.04412355746785014 0.151369243729194 0.05802490123718573 0.0813519119459806 0.027415454074923747 0.027176439450059313 0.0022040276927686488 0.013310683354465214 0.1298811008634369 0.048577972129498125 0.07621855797995565 0.07350710013253021 0.048651467888849526 0.05004818700249262 0.015147452582139623 0.10328636904066572 0.03594794286042723 0.020426328174231966 0.055138544853175604
0.023835300906081165 0.018869385079016227 0.09757983012540906 0.07578781084219006 0.06499084169482404 0.08219136149039243 0.09318432911581304 0.047042138171285844 0.029796169217592317 0.03901306254979827 0.03903971342226744 0.037455321739472136 0.0487260994655292 0.0469873791166262 0.04399679508567103 0.0276559358704555 0.004973926409278645 0.032959646527823246 0.07340604150335826 0.08166234085188667 0.03559695068540519 0.08072054966310574 0.046478695494635534 0.06202945322927665 0.0685499118143906 0.0032715143707157607 0.07214966134258874 0.07485678302515242 0.062077285758446996 0.013327463479672064 0.020484826024526993 0.08416016420680614 0.012983700480912101 0.019749017245316525 0.04177609279040741 0.039721081576004555 0.00488777540161219 0.051839426447279964 0.009267551569038825 0.0939903904360327 0.062171625963719765 0.047283514727107324 0.039815483260019886 0.0038396462312099136 0.017694255030919627 0.07020271624800023 0.05113299001227403 0.045354435136761184 0.03165267675574762 0.059822797024232655 0.06644641360155477 0.03286123814024186 0.05944023749283304 0.0658301517922491 0.04305419260193619 0.029302410442731398 0.019709748078770833 0.05145528672597942 0.05154117634905468 0.015733159140688086 0.024497720967860032 0.11609434294196629 0.015348791698515583 0.12260744701493792 0.053425703095519285 0.020050946028112054 0.04830310850611064 0.052387534482909844 0.02327110355162042 0.0009515478914836021 0.09510690068900236 0.014421859330036375 0.07841499821550577 0.09238090906253393 0.01788234744908723 0.04785096222242594 0.03705207740914863 0.06548566535426346 0.007366370576572201 0.007099624778580558 0.03699595868838009 0.0344523106543382 0.11180333701519073 0.08060464720244515 0.04529126954368827 0.005549514360261642 0.12966486009485553 0.04507633539193675 0.03776702391337614 0.030980950299437853 0.05641828996718299 0.04065987844367418 0.00020618069011069174 0.06769743841999083 0.013984154989844585 0.04308595163346385 0.07227196958786597 0.057572527911526165 0.03221603006310514 0.02482150639337548 0.0036405907817275976 0.003438722088892141 0.039441871461114116 0.07724846465523046 0.0019383956288825362 0.1254309968292086 0.08964246027935134 0.0071323572167438475 0.06185082880084947 0.07022153074365786 0.07902666546244864 0.05511566097075236 0.0792184355035644 0.09867558076068099 0.0036382944046726958 0.013313973123842696 0.001289303009035592 0.02805102085805035 0.007626970551117624 0.016916643292408457 0.01130050725052913 0.017510012335255388 0.05050219595804238 0.057561621679015997 0.08443874343637009 0.005810876810638128 0.036189920821891194 0.14273283992947708 0.022227512536661727 0.11389192186070249 0.006878995519844517 0.034495567324229745 0.09062006637859917 0.02398273831632791 0.03648757638080141 0.00424784695582135 0.07437653179231314 0.054518627011952404 0.024683231936033202 0.008002756644986102 0.10159865986096642 0.03737071986778682 0.005678678118257901 0.08707131522847267 0.07312039941755112 0.002849188337422074 0.02158132172238564 0.026662017785586824 0.12483827824806125 0.08101556344588773 0.07290194660039502 0.031686106542260284 0.027287731116086532 0.04655165516398549 0.03333595961531484 0.04577811621438162 0.0611000246194115 0.04207020401462238 0.11804211033548674 0.09983859347560453 0.05073114542013387 0.006296932731331772 0.03394465169251664 0.002181663801205226 0.06901272878203764 0.013858568300227109 0.00415044379895457 0.024578768017284414 0.09518809785241461 0.09365267195362187 0.03724040294025827 0.004022130375782506 0.054261249543526555 0.057892789162973475 0.06538423863680817 0.03569381927374697 0.05902290783706846 0.008625288370486284 0.08336807474596833 0.026578775898251254 0.03071547504457033 0.02907285954777606 0.052895758597202844 0.058355735966271076 0.0707296837661258 0.1017432158882186 0.10634512588754498 0.05486621192456423 0.060070737609175154 0.03359449538079051 0.07643002205594755 0.0009254703249758371 0.08196600115826373 0.01896659591606637 0.025360012994299047 0.05637414633803677 0.018726045460691704 0.10854908557374064 0.06090696934174146 0.1164160464204256 0.10884811719075602 0.08713849564077635 0.049809905897800245 0.023539873251094544 0.007934392858343197 0.012942968638184492 0.010309428764934292 0.07033257370986469 0.055672628323501394 0.011772786345113431 0.02261420460003042 0.05294900560383837 0.043020161118772306 0.003304544653040017 0.04038239725823249 0.05947871917306732 0.09147488908284043 0.01354977837956793 0.02258054415836426 0.05798308803970866 0.04286181880675833 0.035909777017823025 0.052635714164524575 0.0305848971127416 0.026826671426316215 0.01658044720691738 0.025775935729096675 0.08044121321998676 0.02266679469305414 0.017703818161473327 0.0685515231124688 0.04528927638971488 0.04611658782833843 0.03136762595547304 0.018806251561171702 0.043618022551021395 0.011356778183119325 0.05782239267263121 0.11008276257274449 0.015638721280769024 0.05478849206747127 0.05745487943808779 0.05364279477406759 0.04483070238154348 0.018665290110206994 0.01719405166930589 0.05698570958579062 0.025334225062598366 0.009157693987965563 0.01915688810068835 0.013903523227121824 0.07758144992871384 0.058508484289980206 0.04428883133344867 0.03651236634260046 0.0025790882992484 0.009352038876470892 0.023273733752656706 0.03542689519377944 0.022876743256783443 0.059672375664818776 0.029262471853003683 0.07747306539429392 0.022172208840912092 0.021296258922951596 0.016714950764304293 0.010502516721725091 0.014760067802895802 0.010910611022821985 0.030001255397667025 0.01499215836355661 0.03023987470652649 0.02662229512601531 0.03377929668713951 0.0783520749048022 0.020735858521186236 0.11136037584453752 0.055356576940806264 0.08070900160100442 0.027833358168387817 0.053050018374386436 0.01208296559183236 0.05990821074152411 0.0891449988529878 0.04711067096916842 0.06872450544971624 0.011914564245624698 0.03303103815612991 0.07791441045579155 0.16031277315069695 0.12123118412278673 NaN 0.019439834874226302 0.017679228537060814 0.02595016025623327 0.051399546117214534 0.04418492219712206 0.045868071073329165 0.010160956451249849 0.02680092809058617 0.02591652872074979 0.008602265388947886 0.05436916119396634 0.10905450892332652 0.007504456810582031 0.012100742583487143 0.06272454851497192 0.009250323591403506 0.01616512443094963 0.027964645161679257 0.04126517201284988 0.06188325992667222 0.03398634117605928 0.04437359907620659 0.03575871215940165 0.06998675107250212 0.057101881833585985 0.08386442944052513 0.0692947957177136 0.04101493768346315 0.017927262581752625 0.0018956093613062112 0.05276315809145242 0.04419264578025049 0.05516101405064508 0.03420598853571867 0.04723240713787655 0.05860312946832881 0.07743366904581027 0.0008872392141626351 0.010031796922244396 0.0342971742393191 0.007172358302174284 0.05589214684164515 0.023732835908937117 0.07282698395354778 0.06810695026578573 0.0847478168243265 0.06543714550426755 0.030614912989125758 0.029228207762705648 0.011993239967665782 0.07533438345243565 0.062039136325951955 0.08048527602583966 0.11597916862958038 0.023441493007126755 0.028879397969323175 0.043804715090842834 0.03349300875048148 0.023179395060599496 0.027398856020005895 0.027300371061463043 0.01794187061585159 0.07307175996334903 0.006724453489102675 0.04476578757460535 0.03753125650162564 0.07058811134338366 0.08662337426346547 0.04329442950982765 0.006952031045448326 0.06881119627146395 0.05735470361290229 0.012470666335745138 0.046895028172992945 0.02684473305907455 0.09185887963117499 0.042882231955168854 0.05466780957104743 0.06931244014049573 0.06317026340349477 0.03142970677247774 0.032181101789185144 0.0034795190290392674 0.0010099076871698221 0.037428355823039945 0.012489222552356944 0.014678216460312303
0.03764002088743555 0.09561529905760184 0.10710104586404182 0.020307481107126418 0.02443096460333393 0.07955070598083759 0.06999885439641293 0.0852555254596461 0.16310128353968786 0.04166584563097623 0.04093620670379822 0.13530377663814366 0.003653280657449342 0.05700408812309146 0.04383182370891309 0.04381540064861146 0.03301252046422792 0.07577401823171187 0.07040978482581214 0.004888890626245292 0.10609292987379323 0.03156758461767374 0.07928076728858607 0.03430593019258669 0.06812019813870038 0.11563358898247526 0.06469001698238282 0.0173564415210166 0.12227298157193793 0.08087175504341386 0.1193546269824011 0.04314042441760066 0.01532468923420818 0.030673624548757054 0.051584939070044765 0.13808031198940357 0.12537936702892905 0.10053462058735893 0.12899909543268961 0.09759878799752082 0.1389141473639754 0.08896787884317692 0.12274621401483887 0.008165510981138473 0.025048423253976628 0.020300941504670763 0.10231888629578961 0.11728396573705088 0.0021301543322604375 0.004753884470777501 0.11030462648986182 0.11541632376070846 0.16332348045470788 0.08337237574599547 0.08324566894212541 0.031467096250013246 0.08717245279530611 0.06574270894607592 0.07397744283594444 0.10596016287202428 0.10184184055045864 0.18861288735617718 0.10945948139455298 0.016337687680927283 0.028070372592844933 0.09070660967205739 0.03845875832165607 0.004599946032274976 0.007092479273314277 0.014508089536263835 0.024984748411493705 0.06463384270717323 0.11596529561033318 0.01232952366568463 0.09441579501627373 0.02486369090845159 0.08314736862817107 0.05553942987747547 0.052565643516489804 0.054860777823005566 0.004874690866008218 0.01902822431268268 0.12063330702665331 0.04786450907856248 0.0014478525108680906 0.010172232466594728 0.020588828782429024 0.028216184958838163 0.016453845514308105 0.0531294338821329 0.10150852251167676 0.02800733719907768 0.07599744511776371 0.0225980538807621 0.09973021679714808 0.12101285404470913 0.16268259565607782 0.022521398076264083 0.2495130093132886 0.19539762195069788 0.17539283327968633 0.10705736781891058 0.014680343444010093 0.11557209951061882 0.13190013133498793 0.12674066875369563 0.0726184934177167 0.15637002691638616 0.04496804797214233 0.08050069738909259 0.12273702745951603 0.04529446352056725 0.11902852419980024 0.14554579796191786 0.08899442682643749 0.029806373374950245 0.07506600489689332 0.01644803944682489 0.018175852654709074 0.006027094568687688 0.0536125972424335 0.028933782194431868 0.030327257942134454 0.057461539692968806 0.029385179759946693 0.03619299731446296 0.032666880676810964 0.017087162709718006 0.026858757295146217 0.06608943345681603 0.05290914345885772 0.052755793770918415 0.11908245911192257 0.006313477981710973 0.008000234694095127 0.026287523363773473 0.02420233877479693 0.0807359530501238 0.016202569558511758 0.06963525916832206 0.15010970947431318 0.030711613132744998 0.052835466662092774 0.17849828120851471 0.1619855046627881 0.0504650615081825 0.10832760702853175 0.04843879416056057 0.10085889525006768 0.046344576261610426 0.11505699101567413 0.010557220320345255 0.04086382989253677 0.06774559208928357 0.01185951223898749 0.08933844159736652 0.08060520979621828 0.0006183500239626844 0.07765874218628786 0.0507072586013501 0.022499388602436193 0.1269899103200699 0.019657116660072523 0.007720440018202895 0.035852204442142786 0.02530741892252659 0.04761428936363469 0.12482854709944123 0.10436824804437049 0.10793781899877165 0.0033739585036034942 0.09864534321323551 0.09161204867931781 0.11121293426797028 0.11962380375731382 0.031848907413469865 0.1207637484148598 0.03862186804465007 0.042527114153126835 0.08235961518944832 0.051296564705007486 0.1181062892999427 0.13441877987917702 0.005602492449585981 0.034323720787374154 0.07338175760121897 0.0383620267777009 0.17425779989428453 0.1856218257444569 0.07458345495795692 0.13352211760381563 0.05785535262950528 0.0022947267810254756 0.003193059811198915 0.001555600274431048 0.08867894779886307 0.0026336089796379267 0.01995793647008305 0.04867936135946303 0.020625193078847595 0.10874729341173087 0.043178238747223006 0.13368088381577575 0.045065348199689485 0.026601384005513984 0.1278409243552075 0.05477632290718224 0.07919976808118048 0.086855588668989 0.003094443552054533 0.07107289210111258 0.08180808504119154 0.030815202324735252 0.0013353698189985353 0.021122258285708215 0.13364853156372844 0.061564357275108554 0.05887288402422381 0.07058282522394936 0.07655532840335909 0.1161927013801913 0.09098144561700154 0.049033050740361066 0.01411910105196144 0.024818146383292116 0.006281757991276751 0.049520276532334956 0.15861449471260763 0.05284831377804973 0.00864555469029164 0.1456142705870733 0.11036511407234717 0.1640267524802254 0.07002247753144443 0.04070773551236696 0.12645733220739575 0.01752534135115118 0.03824760492045824 0.06439226050178544 0.06190001940215159 0.004319491801436681 0.020174122579828542 0.017096306884953512 0.06529948375418143 0.07137278972108907 0.0218004498654471 0.02017523139486255 0.03477035008351875 0.050356785654945876 0.034871693640503965 0.01900085928649645 0.02726411796114176 0.028566046295523617 0.024531420260870854 0.06768816793233548 0.042685822676854064 0.0045659206540692825 0.01986765823592946 0.06658658290552133 0.046936323167294305 0.016652379323345533 0.011586959235343423 0.0665617402554271 0.11725025026488747 0.013402763092650479 0.014313448158620602 0.02607898707129268 0.00663776926179137 0.013417317855829582 0.07819315090268653 0.10329770971932918 0.00034551369067651596 0.03680878957781546 0.032389818630254606 0.014864175523929666 0.03703133873556651 0.06360572417139732 0.027397763042568735 0.24571551229811417 0.13052950229204568 0.15499892962773815 0.12923133677422674 0.07516183773392299 0.0934486546080908 0.19112419203738137 0.06945761274649659 0.08105042742052154 0.14828120953261886 0.015103942694247554 0.03271470070355764 0.05679306213763687 0.019439834874226302 NaN 0.15866095574084943 0.1615726511717463 0.00034975114448329364 0.04801726410743742 0.05568226450246948 0.05080104757943491 0.06754489633474758 0.021880697525510112 0.034363013545309073 0.054231844340886466 0.17035005149260152 0.047323749543873944 0.009712399686797898 0.024982852254672727 0.037171592826840974 0.0621916427870733 0.031344015095641616 0.08314537521896208 0.04733906574527993 0.002389231272557507 0.02821431388384297 0.01386320921090757 0.03143650370006814 0.0794383306161731 0.00665641373801109 0.032757508079894686 0.009872742985422045 0.08936139376764492 0.0746789373551196 0.010574758248612466 0.04540822922454551 0.06187055378996018 0.10068276605596137 0.1211635607661611 0.054156610849669766 0.0019975074073018293 0.00914773003508518 0.07531214744972 0.0395265687934072 0.09738244706643305 0.07467160994442437 0.013884660628384712 0.10263899629187498 0.07587644695415588 0.04357800123727122 0.0769186139994779 0.021974841133891084 0.01858373375325957 0.11086059764206492 0.042896686923750905 0.011319047453519734 0.08529997306294568 0.08196237652388001 0.10494192882985143 0.031220085132783425 0.09263031838093591 0.08371166521046763 0.006908868094200411 0.120035188674742 0.09779231432780275 0.1005936941718408 0.0899737340681805 0.0644173405795093 0.012857816171112294 0.013928435879778997 0.07392285348423194 0.05248795582629681 0.09270999305398951 0.018033216420363183 0.03163088811518946 0.0020303572449024143 0.010849933280242922 0.031189029718431256 0.0950937338800697 0.08824434474661944 0.03839270403999843 0.022379958490651223 0.13567890613622388 0.02474468712930689 0.013501582598078737 0.09847720264965011 0.004757919434982298 0.02312723479187409 0.05920025031177957 0.022613169891907304 0.0858130911832657
0.0693356785890292 0.04354263827196777 0.013116149093679233 0.006656809232882584 0.0011591465404549434 0.00855718163242328 0.08596670952662537 0.08022268375310782 0.0285989957848945 0.12806678083692216 0.02500303585052975 0.15734209762508877 0.004027166460308908 0.04679642581014134 0.05164856621696277 0.03902016421985041 0.04326910614719791 0.048186064647502684 0.03405457950176501 0.07313464104403594 0.023800306182416634 0.06673262086653296 0.004037958445652944 0.15734873472108032 0.09313050912614135 0.09527531756200555 0.008819412360887888 0.004075145218296896 0.030767739681288687 0.04418220687866686 0.047954690532488714 0.001165374109222117 0.022501728385911163 0.09146995562391612 0.033178514916838646 0.01522325587953777 0.10919192635393472 0.06038198668542032 0.042405715269676805 0.043043817707680815 0.07691714424862833 0.051432701207108106 0.09370208135986124 0.048713569560858955 0.010113772059901377 0.056045096064488195 0.05035849711630564 0.0010221345072581685 0.08566384006434061 0.044949507881306514 0.018791890571273714 0.005280581175277912 0.004222064125397436 0.1025854208658426 0.013019227526357938 0.03916383967595269 0.015113250626352636 0.03682211523276125 0.13669903214987691 0.19037809784768575 0.05311385188516236 0.0803946606224855 0.11895445660094023 0.018605563668171295 0.0253661220147497 0.061702579155848314 0.07286243117320243 0.09979096850294535 0.08663110704876871 0.07332729966636901 0.1075793658731853 0.09081508807733053 0.08872720944482727 0.011403434168946854 0.14894855501984416 0.12168541819957572 0.05874265257034241 0.019066101074090597 0.012240467189272903 0.06396522522642782 0.08050750430189225 0.028457597048721844 0.034871131623803675 0.05756893697625228 0.07122215844573025 0.018027884491922098 0.006365383709928839 0.029558544931875222 0.03720419475546513 0.05295175594773733 0.042856821626606825 0.013415615416493021 0.043960140584170804 0.03193447198988398 0.007465696221701287 0.02776033030638715 0.10301807681882891 0.08878529199735874 0.19111628300588465 0.11549657368906244 0.05730941061311803 0.09262173105294404 0.05076705226375237 0.10128894799202198 0.10515235791145855 0.13873053034370075 0.0745854489448188 0.15289391276117545 0.027338101679078818 0.023796875275553794 0.09496423995473352 0.0034615797154848075 0.06184600864777184 0.14977412224132394 0.05005816200875874 0.08953547395148598 0.01908957560762158 0.040700381630437675 0.004119559820002841 0.01266631310173406 0.055002409846214476 0.027849806816553236 0.002433003466033784 0.10812907718629394 0.1069716647800401 0.06963133181598485 0.005879658797867108 0.059246071996022054 0.0798449922358942 0.03159906087645317 0.10063510624485852 0.11403179423773459 0.050280135198774015 0.08965689963363052 0.04052377102468866 0.03657310003566672 0.015499014784465479 0.06112112231055745 0.027956200851905786 0.08900011324538046 0.009012194319889808 0.06615562426780398 0.09965250735699892 0.07624654925591108 0.0012357237994998983 0.044354300354184334 0.1728402692819015 0.16997615923063114 0.05240909000286924 0.11430039864025053 0.03987854386908846 0.026414126860831017 0.06266872237701289 0.0027397297888756412 0.009318555887964179 0.012752020537693023 0.04536662877350525 0.11405313141915212 0.03180203635640835 0.027258290164210584 0.004288899711318412 0.03948130604377399 0.020886462819650266 0.038628942946622925 0.011371498656322832 0.09165479915124713 0.09304057391268404 0.0018895152795924115 0.05792217352179175 0.06251956303419258 0.03185195918857936 0.03228570815819687 0.08325868987913068 0.16279723598442045 0.11106899755090262 0.00044033948058043936 0.012690904763923445 0.033755228896369734 0.08838785642200135 0.09479098862059825 0.0594100893575106 0.008761196897037398 0.013126840646487226 0.0022863743610562893 0.01973296847337379 0.010391107325403505 0.09055440326973131 0.008319740485553445 0.006552579396484655 0.09676075159851841 0.027935979838668645 0.14875384073646913 0.03333457363884041 0.02042772805773871 0.09542283702051862 0.019062048084835807 0.019689965375456645 0.12593039974085676 0.010552378260843176 0.07147465869755926 0.017871217711234046 0.08512091840284246 0.004357713406070925 0.08891952690040841 0.06886857528401061 0.13444294180986816 0.036182682570207375 0.12401698627632696 0.028712162760735786 0.08663406347340845 0.043218277005098185 0.024999922826772266 0.0009469443104596925 0.07876829422979628 0.07638956286575047 0.03410481887532565 0.018916402285974333 0.13159595886063855 0.0735746116536179 0.03769477957325034 0.027065971922844333 0.08395539578271477 0.013099906482054327 0.007587004905699445 0.03387282045333616 0.07173985416357286 0.07538378753704514 0.022278094175471486 0.014886635142849023 0.03692920739874797 0.01922739212544739 0.024985502969659183 0.02861241079446735 0.04220205825279507 0.053426659074818764 0.00453713052095329 0.007927221201743342 0.006367794946427088 0.07825122971394884 0.09702769966531442 0.011597253316118591 0.020221308344009876 0.03577698540332024 0.031318621042637 0.0061116865528203996 0.020717936510175967 0.06021686555037308 0.057660012872960194 0.09313466740813675 0.06628610426705472 0.10480468076844669 0.09076927551991647 0.03403577416054955 0.01607263356499043 0.14220960434616664 0.06345193588681246 0.08596652831970793 0.012141437163871232 0.02427978466115348 0.04161904600853029 0.07923256287333919 0.04241204754235988 0.02563254646494536 0.06768945233759954 0.13438801738945177 0.05835024785449133 0.07837170104862132 0.009295488530296145 0.02778138575989238 0.026098074861891724 0.004559347365387112 0.06008702800773519 0.013937572381942914 0.03528839104813894 0.03279234593778782 0.0507098257837513 0.00925247166520761 0.07129411810106337 0.17092922265211355 0.05782755728315061 0.036501898860779265 0.11146960598037672 0.12954453104704072 0.13778265609274307 0.12358988867348453 0.06284308484134575 0.05546325780435287 0.2052957310037148 0.1275995145291489 0.01176674872889903 0.10659035777084938 0.017679228537060814 0.15866095574084943 NaN 0.1674852705200788 0.11542379592425203 0.06222105564777978 0.09155694006566865 0.06320146515461052 0.05030611477880589 0.031583794192020044 0.061640186831541134 0.01827449302913564 0.1016764173736948 0.11202379263628305 0.040894044653013495 0.003678828915175452 0.07835212401007169 0.13699916015392527 0.09557893877592531 0.010067503032319446 0.02472303157327717 0.09863052729463183 0.02518902668472368 0.0023972397690873466 0.03314729960555501 0.04927337682408839 0.09796349506418985 0.02874277953343851 0.02441510750828004 0.04958453467314506 0.055431972984566105 0.03658666452100818 0.03708957275353518 0.01919873000329208 0.08704101543036502 0.1417696914181207 0.013526785173528816 0.026105116907710835 0.12035769915796975 0.06374824817648332 0.034664921206368625 0.009814415886356462 0.010110184766298966 0.028999516140755032 0.07641880479077584 0.03567578270471156 0.038684993824190224 0.05573802427558302 0.034975658131422185 0.08514229545032911 0.05150971786306184 0.07581111574592944 0.0013897915372379226 0.0009053825413055392 0.0442255471725689 0.12875906052683259 0.04474218928179173 0.08721046290114284 0.10431849123481002 0.02213278403095418 0.00997255159296087 0.03065888967626371 0.0720033575904175 0.023378341605160446 0.036273275263419974 0.008007457367965999 0.018692674006389413 0.0450105701412341 0.08594672016369839 0.10143514586723461 0.01969463948597418 0.09593505571710415 0.006091346729659848 0.06019498051719292 0.013166098319896498 0.09277456039040238 0.019110785254895936 0.06301551032377423 0.028412211248518088 0.13212800571021563 6.625755554087998e-05 0.015538874557574403 0.014986573229312667 0.06516729375429589 0.05652025239603134 0.07726518741182964 0.054121376016707995 0.004751164783595163
0.039549854742693236 0.09058693536683403 0.09964298780100314 0.08833552737190113 0.08996489206689472 0.06636446131770281 0.05909926813235756 0.10258867876144934 0.1270843637647795 0.06631811699247228 0.07518530890851059 0.07876813989486017 0.0011140018936126076 0.018911111954195665 0.030481837580165625 0.009485336974128584 0.004827186524384586 0.11497504083835895 0.029405738251046483 0.030753249741949092 0.11048557128162488 0.11417684285468695 0.08758746540436688 0.006232389008239752 0.003932640491252002 0.0008370352006494002 0.006871367404998107 0.03312254532388162 0.009665957551430005 0.05319755308745715 0.04268660787989848 0.052566095734540415 0.013559572594853315 0.023632623973386172 0.006818854977481158 0.05827531038826481 0.0867155406119157 0.0390050958515412 0.10706290466465113 0.05276301204854853 0.12660832802864372 0.019942335828810543 0.07085038095044982 0.05074883297202474 0.03300053708513118 0.014458618397538533 0.08432087923032215 0.05012722982633877 0.008933542389477363 0.07213330924135095 0.11404296604805692 0.1456656821506686 0.12511391085738835 0.11384263440389258 0.08412836132698681 0.11245031490035362 0.03655622476943041 0.0027010367644757457 0.027660616180678006 0.054540073874814486 0.030462045173592807 0.041259980787675773 0.014806513692821538 0.009469061665898362 0.06816391369330937 0.05328992248578609 0.03939140288638636 0.043082628969579914 0.037226842042202495 0.004335883561611575 0.05910224377421549 0.04489501967002898 0.04319594680268839 0.04025653075933068 0.03098858448344256 0.005390642060694919 0.014861322231124775 0.057280810678988124 0.046877881443317934 0.00025633107786455903 0.10319518063181052 0.044573574714963114 0.036877640143052406 0.033886853951029944 0.025330739814225487 0.02434721068347742 0.08027735635332917 0.023784874600049924 0.047926253942878375 0.013767011897182756 0.019386743865410932 0.025308745878521416 0.003901625603588753 0.03035735762062101 0.0498304669851898 0.06297363957616077 0.06786612950700094 0.015690613576666543 0.034134310734188655 0.035094550888608494 0.10279643828084147 0.04113588574779287 0.02426471729585211 0.03933841917994642 0.0449012895968515 0.1057414470374897 0.0015924175860441761 0.08661882854813964 0.021818333891599342 0.06464591670029204 0.054602743824837326 0.02113252201439714 0.05790770389701314 0.01059691665778742 0.025345272416776775 0.08778479991412887 0.11980171661365653 0.019510833308489232 0.013537494968826173 0.01608009261816774 0.033925760036597946 0.04190697719879302 0.004962340679192506 0.0394832039369614 0.05290800993940878 0.03984587455863877 0.05549777892899265 0.018885101049787245 0.032996204882377304 0.0018975962094903388 0.006476100707449612 0.039634908341219854 0.016177422320228545 0.07878699027695996 0.0009980449995223926 0.04983666493343908 0.08976350081064702 0.0799468254283813 0.12637062434688887 0.060256002213116014 0.06361878518163105 0.056448513234658604 0.020306807406304753 0.07300355768987889 0.05605944712950479 0.02473245289528867 0.07165670082864958 0.03744573636078406 0.010967588027538968 0.038547890898696355 0.03153427563337067 0.0070324657318649765 0.03190310072852473 0.028884496514696233 0.065646342360465 0.1339723589473174 0.11832777713561633 0.00761216080066649 0.06207346412477942 0.06751864871596129 0.05552435442435494 0.059220783736970664 0.0008176774097110455 0.04554167250949457 0.06178354165510163 0.03326196956996992 0.05271585989324583 0.057343902333480475 0.010645002327843763 0.033826685691699686 0.01216765727804912 0.07426927992523613 0.0011037259885576013 0.006926126133855497 0.048444754098566675 0.07541970144559375 0.0029873418766815513 0.044689275643260466 0.029978152579200577 0.05085449350353233 0.055935154762081545 0.08481462675504112 0.07417987649479128 0.06056715717523155 0.07382552633119711 0.05180495614586954 0.08472886209948054 0.07206854178074393 0.11066180359691759 0.07489035617770232 0.09219692848968825 0.006161300415552311 0.062365441110336206 0.019786283844895603 0.006779422487394143 0.02382375137555541 0.04885182897389639 0.09887601998416727 0.006554309435522236 0.031071943270805424 0.034606709335935765 0.06592942647322551 0.1360870635783942 0.02495883132132752 0.03216697617098 0.010162144052147519 0.028123628413497196 0.03217301085185637 0.0497138599020221 0.00982304205937154 0.004353795952186183 0.0007375257654890376 0.014524445352864162 0.06368862849652193 0.06301320338811094 0.03792502145400018 0.09320558284706597 0.0019017239838609002 0.036631597291327866 0.04365556534196677 0.03261693747026153 0.07010008230791505 0.01318229309228536 0.018786873722797883 0.003147583281964283 0.06313371610492383 0.14595705736262465 0.036629110954363935 0.0010734225072537447 0.03874543073078524 0.09697535675122583 0.10613793304193973 0.057590541138208926 0.046268748864031435 0.028493526676446612 0.1260400114847729 0.06085440281655485 0.0752215454114148 0.007977254067743267 0.07012399817489791 0.05586058348877047 0.08058283706878154 0.023134296766986848 0.033973929607160114 0.03393577593429614 0.0009875277346756916 0.015519617310519427 0.004105973782416203 0.010772427538708721 0.0028220847607428566 0.05198220420323732 0.017867961890757202 0.1020307457573348 0.000210619133841882 0.006329750969488839 0.048145658407638806 0.05216996796067559 0.04944831225307222 0.03822952880746146 0.028546342018088294 0.041047617255845124 0.005124884533031328 0.08642387205013081 0.09350888498759209 0.009770426959530606 0.0632807020757373 0.07421281818051416 0.0488686392389742 0.018942975913836296 0.004076223051877302 0.04836256743526761 0.005518557246624874 0.01215108441527909 0.045086776255511725 0.025134295107194192 0.06279362787023636 0.06432386561365284 0.034851233435341473 0.09828040833553299 0.1521878757064751 0.04316952521953683 0.04707280916550483 0.00458944786749554 0.04481655281830448 0.032082359657534504 0.004939319404685913 0.014776774917396915 0.09839882370574704 0.002303897662162196 0.0025339747348973075 0.07258588162377311 0.02595016025623327 0.1615726511717463 0.1674852705200788 NaN 0.10034432730399141 0.048856197321601305 0.025899241340346848 0.014974206100261367 0.04395993245428466 0.04297145902122956 0.039492661319905954 0.015717293415108764 0.048194265235342565 0.03578250622742209 0.038523279772155625 0.09205649795641012 0.02942351807540897 0.03223712326277837 0.018821778325050335 0.02303816455824682 0.022632422651654063 0.05422802071119143 0.08229670440702073 0.058746673051403756 0.07010479127365493 0.05533941877519404 0.04939719784757193 0.08953151973831834 0.0792971262752798 0.02577715186103085 0.018189978833251276 0.03192424120986434 0.056757173563751526 0.04438596672980689 0.04671321276423509 0.08211143039865103 0.007456783372988421 0.001936203237799811 0.038493594475908416 0.012491031776366953 0.04306374523175887 0.000611701609438873 0.027838982442410894 0.05874102539827346 0.07943012951884729 0.017968393337927484 0.0006360853236668596 0.005761600080918878 0.003492959662201131 0.009307762640425954 0.01570656251384221 0.021580640257156117 0.06618559734755138 0.010171992189871118 0.003549212975525209 0.022582230082367653 0.19562973573362663 0.05544332727135515 0.03259716939939766 0.02238948090463794 0.003034930282916227 0.08738135328275694 0.027064160238860893 0.07424477151511312 0.016095694852806455 0.008213037047824846 0.03794273218960677 0.04289616794919926 0.045531844000429075 0.015484516287966446 0.07607383157009875 0.04262391691129128 0.0057798609244856195 0.005878475187621165 0.0003676659653730869 0.009657299381087442 0.047156672100296844 0.05701699853942222 0.013610837884745753 0.020003137876716277 0.00765514537791036 0.05301536763912289 0.050586625366269775 0.0061926633406344245 0.04079547032402926 0.022467196616945045 0.00786449826038593 0.021189877355558526
0.1306232532332653 0.1536295796806633 0.08331062002760804 0.022531044035720305 0.013795176749532153 0.11656940973019199 0.2072956678440153 0.3676722042384225 0.20937149400789148 0.011337758256435852 0.2299755093822006 0.4472918713320402 0.04504538166253594 0.09190463598931659 0.13214727034783372 0.05659394768099422 0.12304803577323327 0.34791746725142686 0.07546483982743434 0.19377273901095565 0.15798694554401435 0.3465450249155408 0.20098787268195464 0.19584973165034733 0.038373159006004166 0.12775584225792763 0.12824831252986532 0.15824506006340727 0.06359516021559354 0.14366947127412613 0.018802545478574923 0.03078339307639872 0.021181369662201154 0.14338981035027845 0.058019080283033944 0.12400366940054726 0.012066137388917705 0.09707479233615651 0.07820243941295038 0.20729010923299995 0.10909783604713774 0.16710726228341397 0.11238098435879379 0.03975306636318928 0.09300822901527951 0.08579477149980583 0.4130845826319629 0.06360533272826673 0.13649004789593383 0.5221122057137013 0.2885693970162937 0.3229679817394095 0.18517460339528843 0.3692006725897754 0.2158655134594985 0.30925040042620355 0.092702601079281 0.12240713844141043 0.23206875718245545 0.2670117300138207 0.03246547804419398 0.13163006696746063 0.23294536484308193 0.038157736973875894 0.07776003093861036 0.15399203073998607 0.2590810236667582 0.23492812835515586 0.14165229625654407 0.08148165115025335 0.18999662256205213 0.17795138204333308 0.20971492308581993 0.07228960532657819 0.3114012626561594 0.18476521959747902 0.1615570504639777 0.14045448420458195 0.18678982892713042 0.12148705711388583 0.2583777814756347 0.14400795076986256 0.15028527586303558 0.1130881997966783 0.058768737130926174 0.05864289715692622 0.0930089640773501 0.07325264246872465 0.1350257022869163 0.015201876892445005 0.08989693668827142 0.0004915166936683687 0.03717322102782756 0.07263116627208714 0.12833156234293944 0.2982547693421123 0.010103848018089369 0.12041030682548053 0.16309271260369976 0.061130650172523164 0.08426028967255399 0.028008198344225077 0.049231571110318034 0.09284604152523679 0.16624510139327292 0.048039772510975076 0.004511694710220631 0.07908812833478458 0.013664866704955094 0.08525732942990674 0.04992372068293882 0.018251515567733634 0.029770836959956647 0.01254239773817997 0.0679072697501404 0.6194187783898855 0.4493478180599456 0.09489404157842127 0.015058790033887435 0.009531376879436556 0.023523771470688033 0.0804666086626195 0.03221660208911149 0.13890228975049096 0.2376076135474106 0.059777577444822136 0.022077673444794662 0.04614012904055383 0.23454944457303936 0.07322952161666557 0.13057451978898882 0.1993937870760212 0.10735596068230817 0.04498571655596488 0.007916700067449562 0.19948416122345933 0.4678209599117738 0.37891523434215785 0.25029450076028975 0.09480327453128812 0.09665626199503849 0.06720468644269091 0.05659536471947299 0.0329909494842602 0.08367686475756224 0.010666585886592549 0.06777764016238899 0.05809344317756123 0.0809632026215349 0.26317410837818034 0.16776078612061504 0.011483307345442548 0.059945043844746165 0.05918220125253209 0.01102807292787407 0.22518799998646447 0.4274920553672011 0.15230574076782455 0.16880082852619596 0.13379487017596245 0.16237406559207296 0.11882532093327733 0.16672909660230195 0.17253654552254286 0.11173234654622766 0.13833497048993892 0.16737312874382318 0.02032887593769626 0.10812363787528155 0.09400219207298201 0.11331678028536543 0.006802154034392733 0.14497273329092433 0.22208742854434518 0.08134692298812216 0.14517736293131914 0.11280934510956749 0.035476375552430224 0.19710470422284782 0.1972041726597019 0.11248099135489956 0.13278820641452477 0.017819178191610323 0.010990177280710962 0.02047510301301187 0.053992909478242555 0.24611745482029984 0.2731486658151707 0.24686237568903055 0.027087268567928334 0.22877674989268942 0.3884559637234767 0.0763899320938921 0.048100406590560904 0.2204400202717609 0.07354512043297998 0.08922424933636207 0.41739166235450403 0.06943016883544868 0.20214420127466562 0.14267545179578894 0.31647470257406607 0.1686419841081186 0.08575421312823439 0.07212993275260214 0.20331293420837843 0.10715225097725475 0.23230178185917078 0.01748513700823891 0.18803287804563945 0.025307048184272287 0.005916812954742148 0.1325942354688532 0.09352044529467941 0.11582069587895322 0.16255324789570846 0.028456223470381608 0.03964748906060923 0.12057567260176812 0.28055368829792815 0.06698863330602202 0.16318332429509652 0.2253003430083376 0.20633369011457836 0.14874838503583232 0.3065962634839856 0.4894298729213486 0.031058934698952993 0.1495436790976412 0.4822766249871268 0.23463793434604005 0.300677852940678 0.1825436425747552 0.2996264172598015 0.14514208512021323 0.3185454564907786 0.1832555398983143 0.09250440976491144 0.11851432133794687 0.03120608134405393 0.012084557714759019 0.02248147876023587 0.16470763750809883 0.03086449904749457 0.023691802687599444 0.15654538563021284 0.2584627064996239 0.1594987486249992 0.02242911160180375 0.06745114571475716 0.2439253973161299 0.1371077667034636 0.17620398500589948 0.019367295755994884 0.28225839828141047 0.043297844129008174 0.15914313134474414 0.3019560787961171 0.07582413385851591 0.048021307452215285 0.20557264057324898 0.28725582459179727 0.21815055573126324 0.1450141726743632 0.10262640485879815 0.04103086107090169 0.17159399577066042 0.03787990671250466 0.03653961810281908 0.11488290047666776 0.13721931441329677 0.09707833274995513 0.009868841830284279 0.023203240917726367 0.10898339835283166 0.4050851186064297 0.09801525594797572 0.10738533888936692 0.16536519849086 0.17250559638646878 0.022008441980555203 0.014399524181634631 0.05511095875413892 0.16529693453593386 0.100871734127741 0.019119898696228373 0.09341324702757137 0.021522255506133788 0.03682783478571774 0.1329980362428721 0.035989766400518784 0.051399546117214534 0.00034975114448329364 0.11542379592425203 0.10034432730399141 NaN 0.5710564966300312 0.08746882370254008 0.029882730879841012 0.0912785312568912 0.09225648606101994 0.09389014446076085 0.1669666401092939 0.061631901411835686 0.30094753781393646 0.06991951652840173 0.0033914875645928953 0.1684408278871012 0.2861980206846148 0.025552304747324537 0.07247484562768398 0.03189150693649014 0.18580152720614282 0.040750192689644575 0.22496735434123857 0.41746164271592406 0.32566901779561125 0.49109704722882264 0.3162460087207476 0.23130778579365724 0.05717966010243139 0.03797366718995237 0.04061742257815267 0.022930773726682 0.07053486685491471 0.03801227469185171 0.1515196929880811 0.23030031250201852 0.1431909540676119 0.20393161371325283 0.15137046880724758 0.14693802756395216 0.14709456682123623 0.03058464323781258 0.05433261910162818 0.08717491477978076 0.3541458719405063 0.13550604691953305 0.09617114878616805 0.07516314925107233 0.09126484426597029 0.014823503026721462 0.22690907696439624 0.1315203773167738 0.03778676357142627 0.06927054712336815 0.12757834772487803 0.0035240873430083305 0.01271933543595188 0.17476202161348442 0.07130082902236086 0.03749260343557452 0.05258723611893267 0.027669461735031434 0.09310965895763947 0.10386422201363829 0.015021451793977892 0.007221221859058131 0.17685632340967997 0.11582512336454058 0.2360682512683924 0.05275921005208478 0.1566138687440936 0.005314481290974451 0.0360081935131886 0.042898083150854464 0.20736652775703068 0.19965150759054182 0.10100012793272588 0.001919996933158058 0.2820630924478096 0.05815964470131733 0.058187142859920875 0.02413449237137358 0.014721803942387146 0.10991903910102108 0.06115880592806938 0.05045732487625865 0.018591671158745233
0.03154905433378104 0.06843702265980076 0.04219628434620126 0.0805618251187885 0.022739195361558964 0.09373136642500364 0.1328310845815043 0.17300235206482467 0.11933714566254953 0.13624183516581714 0.1867653422551766 0.20856713703147706 0.03145024663262804 0.0038875706238657047 0.11265784370661859 0.0863650076443435 0.09394414212903364 0.1848465806635178 0.005572394905877091 0.11522883952840215 0.07259022150303243 0.15577547649302598 0.08214523073963895 0.07408973642207381 0.003925202813281163 0.02055372829913716 0.004477383974599445 0.12580010358736815 0.1130136229876377 0.028860717347392182 0.020981021337517614 0.0018451392089010453 0.019858304166758618 0.004096447442929709 0.023604687442674802 0.11486499705528334 0.05768092937319294 0.06441366427950262 0.045463978493349246 0.09103447494540294 0.08472294522708648 0.19272004970157852 0.010182193701607861 0.125903087213179 0.2032372838404858 0.16918229538748616 0.23915406021324634 0.05900185146675692 0.13502867438072064 0.4795965282827282 0.13448680889208717 0.1813276023918911 0.09948558087105543 0.20416134005083522 0.09057002152550107 0.18464198344518815 0.11165446009219777 0.011410340063972707 0.17256000529700505 0.12290511112319381 0.04681505306371934 0.05085815118046971 0.08018979423620522 0.0028312718636720096 0.050801903568187666 0.10209318903286174 0.1996974933133729 0.10517444893003625 0.14385342544995336 0.10905791708442167 0.0050111700459981295 0.06625186218300565 0.19018518655575906 0.06662371850302912 0.05893265766047412 0.03552505238495934 0.21577777989821928 0.236636303600034 0.22669827217505567 0.19892862395652966 0.1340546677491398 0.19346402798480086 0.2782933657369806 0.2693777014370559 0.07551117146300504 0.0012199604239298883 0.06555145507561891 0.024404609132949714 0.11517743437641104 0.015743932337611663 0.1479471355281527 0.05158451707098974 0.04689776660874118 0.026691111207847364 0.21343033105590606 0.30443729745495585 0.18929694328251576 0.05934310730965051 0.08269096031965056 0.00502302074964743 0.04312517930635956 0.012654078272821077 0.05230714353304811 0.0482582019919025 0.08906596836608296 0.006612514210723816 0.03978418754534293 0.003199738987807699 0.044497501503695094 0.06891297335867924 0.008298618853895413 0.006967139179200017 0.009213413528139742 0.07798225759285625 0.013929707761336983 0.42349134377748177 0.45438277893242524 0.0013959048174911099 0.0003742770132153922 0.10687656560770437 0.01694528312050336 0.014406550546883501 0.03317075257649082 0.03732831641285221 0.1129927618346782 0.027999883529280283 0.00440294673656393 0.013966002553955074 0.05557846113698073 0.00299438611484916 0.07706580746536644 0.0431714207604084 0.19004846216994217 0.013236732588409001 0.037963609461705794 0.14039672521633834 0.4681915594786804 0.24558884003741407 0.10814794912939477 0.15259649196807887 0.054998140506330645 0.07201779352799781 0.13498817080004044 0.18230224537892192 0.2101981816725001 0.08689203902184345 0.11158592203022484 0.22915088594310107 0.10785732923797797 0.061994584933636916 0.1474235219470946 0.016748090800596804 0.07326842585545806 0.008595705244927048 0.007485912696948455 0.11232081124370699 0.26460421252002725 0.06847969963470409 0.10272473281256841 0.09421835895553395 0.00847595056302101 0.0947451170203024 0.09471781913123975 0.048397070863933515 0.07771962595774261 0.07249937794373841 0.04374489687766541 0.00438716047849105 0.0005171190614726876 0.19021548636247218 0.22418616068453057 0.042919763120100575 0.08866734843885297 0.0677344305727052 0.04960919671520464 0.041726499680491864 0.057668957023873126 0.03783329904325242 0.08726278191097993 0.14565512832689176 0.04719611485028187 0.10771320668372465 0.006068531214537357 0.06695967454691087 0.0650799722302555 0.09628924440063195 0.20581570859510961 0.16391903450858755 0.16801242885061193 0.07530940895010137 0.20439583448156523 0.15957209267123806 0.08605176926721385 0.10579256169629174 0.06876135459964702 0.08126257492789919 0.07981865254475216 0.2113151346484042 0.04466035907873271 0.13892409560696806 0.11536304548969761 0.17896190772045714 0.06219215805328147 0.04618060778752397 0.022909772964152 0.028868932944992473 0.03404789343150906 0.029734726663136923 0.22663083035246212 0.05098973357543206 0.05604996737541205 0.034003324896110465 0.024909347747325106 0.007094188334183123 0.009068525831154927 0.15571761996697184 0.08160492733455361 0.12758280819820153 0.05071500574539341 0.15262338853484061 0.057180146219858986 0.14766659481511482 0.2278673796064007 0.30502671186749714 0.2894602068967603 0.40908858149144867 0.32167668495451734 0.058971363067575916 0.19582794319097643 0.5553628936813393 0.14877866658615074 0.1626296220848294 0.13200739270668013 0.21287958328511639 0.11745352059086589 0.23039328340305548 0.12233149507577007 0.0971613113567172 0.0082302433903272 0.07853221806068958 0.05654199016221789 0.09475593699231369 0.08877562761058977 0.034619113588709144 0.05994209051722557 0.09094714486484869 0.19328267748347394 0.05048436074301799 0.1667222481621483 0.13941814596902646 0.030325897127965164 0.02137841030515188 0.19418333072327695 0.054089966149711524 0.002485464026156831 0.13575104917953162 0.13639259656788427 0.37182806088684545 0.08189475595336011 0.08706585808167329 0.1843290432738078 0.32764459815862107 0.312865455811651 0.2839364096484598 0.051585227161388233 0.08202116751372268 0.04004696186562247 0.04762469956252581 0.16291386984901082 0.10473247436555169 0.11313825145701856 0.024963510441151106 0.01055284157706684 0.05669596241309524 0.2456618272161392 0.4409041465759187 0.2427448753705058 0.010202537869121573 0.11054352411390986 0.09751124173988307 0.009587728715518476 0.015236325173185126 0.00023972458420653842 0.036686300308329756 0.001396228650936349 0.01742703429026041 0.06703338640521586 0.012995347258442315 0.05585421017729203 0.07724653266853444 0.000941300151320312 0.04418492219712206 0.04801726410743742 0.06222105564777978 0.048856197321601305 0.5710564966300312 NaN 0.02942603613169599 0.024850401520548723 0.021136600389918228 0.12894495956788643 0.02761765953827424 0.05123449796958655 0.0157930453653121 0.03306318328848971 0.027181180009541138 0.03235960595818762 0.007982809103451168 0.06987681991465086 0.05419814634012782 0.05713055228944473 0.10019395982139721 0.27443792816138973 0.04181921009990019 0.10589804565195815 0.3488633948908902 0.4112650929594833 0.39944173712530245 0.12679173807389577 0.16365670835710858 0.024340222529614396 0.014768771286198664 0.14400681387783207 0.3104715804746193 0.26067817086451134 0.1690796446397649 0.1532488574938035 0.3619298271000212 0.059914113712929526 0.03263273374525612 0.0742121640236459 0.05177275966577643 0.10358542712505597 0.0012616070077919386 0.035794829835827054 0.056692829397802014 0.3248209305678035 0.10875232480115482 0.058424626301836764 0.04609858268025612 0.03333154196002021 0.12047042743965618 0.1031386338763867 0.035373135553477354 0.03609400389789582 0.00305088245714277 0.07030841605105852 0.015186496631097085 0.05050991867473226 0.13931860573143284 0.14221163583710433 0.03664662864843997 0.007049266523731916 0.0028245394354351958 0.013728687047885461 0.0574843577972936 0.020758982044654806 0.0024122414716246693 0.09668063531566014 0.0646837876533081 0.2812303613372771 0.1571315853963156 0.10805852980843235 0.055605625700832474 0.02216816543281556 0.11122287284075275 0.04792391090794934 0.08752070461832356 0.055984477851348816 0.07742688645086408 0.30244252911855474 0.1850626682637067 0.10912017059851882 0.006826814808614687 0.056148916462104646 0.03172461610082045 0.01719230423584714 0.029105748197674624 0.07282293322108285
0.0485852811216467 0.09439484737518769 0.011287741885471936 0.003814631969553736 0.05252333050748275 0.12915504767188224 0.14800733294735355 0.11222996323574724 0.07384396439985959 0.10211384230912146 0.08412531123876796 0.13139673702526236 0.06939977910636501 0.030010779685223147 0.028612112855843665 0.037753237438658306 0.05984965460592584 0.11831191479825165 0.018437619719868303 0.07935801759516715 0.12059742416172273 0.16382511157091956 0.13684476321691785 0.11274750627003859 0.021825630617641114 0.028657269050429462 0.015177479166169154 0.17801596331201167 0.023409926437298105 0.07189194646633504 0.07704573440378568 0.03556771724478558 0.05151642735113091 0.13573045115468793 0.025630028873641405 0.021154770048979126 0.0076686950768205565 0.0014076761394164865 0.020731925242710145 0.06246417590678601 0.01733837248420644 0.045126904339289696 0.10264332824578884 0.04477795498859389 0.02075201434376167 0.004344196808976346 0.07247735894467218 0.02985204849593792 0.021642340706291993 0.0021901503135388326 0.1167402394539467 0.08794400949047691 0.049420899670899604 0.047158040369515375 0.044014534913044336 0.04074060673408662 0.02800024615811806 0.05857971812220364 0.013252732380104259 0.08067597771924888 0.04337901477464922 0.005885146523433705 0.05777761380274012 0.025775900257013717 0.002286976969021635 0.16129950623116557 0.08844172638528901 0.09845873615410672 0.10228300022305041 0.11149787978169828 0.13490902252434903 0.04927762990896745 0.1163863985417975 0.03837124285057581 0.12202928475857451 0.15081630486512868 0.051955347403788175 0.04556475357238949 0.07802421548158832 0.010257706610307525 0.13739186223532526 0.013444084740922523 0.017656187369065744 0.06888234420538876 0.07849708879075172 0.03393872695564401 0.03362120119679974 0.026234923206769237 0.06051636864583442 0.02401792294859138 0.03732787464420558 0.007656790318086975 0.024306010433140252 0.04585340991357746 0.04149318947185607 0.047905663507655606 0.02896110780312986 0.0641845229942947 0.04103766684578701 0.048943760051058965 0.025072065924906944 0.0006420558758292251 0.07443273883459939 0.01836357116556592 0.09535540733930935 0.007516393566933221 0.03147077494402515 0.07132337685317185 0.007064238548216459 0.0009779619108309361 0.033207021621298884 0.049032512982490534 0.057632696502592 0.021230096276955924 0.06330145768750492 0.07326036749956387 0.054202831930026535 0.05288663015109505 0.02094093871626189 0.07006775452450911 0.06614351305564141 0.024846587294547945 0.018271912446665383 0.030369114426552535 0.12491247947178988 0.08096479753164913 0.06448948918216427 0.1015049933835314 0.10544086297018132 0.013045716295581013 0.05823337014647374 0.10622356266681807 0.013107027154685442 0.022594846957147453 0.010461378424345061 0.0194019587651988 0.06921157612356214 0.10247151439272216 0.13577565939833883 0.10787522212839229 0.10621314584529931 0.012866961295372306 0.027339119216221428 0.04622195503176622 0.04206641432863283 0.03833684180241412 0.0497104100451861 0.07915714043683107 0.012630075894973966 0.20080194656516578 0.09328259523895023 0.00407091567755031 0.020519927065191533 0.10329280177391027 0.024663705390709934 0.13044519394930018 0.13884120148900517 0.1022517594520738 0.10151972263502955 0.06669233055340247 0.05432229282796714 0.054382076834039325 0.017050589925302232 0.07814334434600577 0.05235658420716985 0.06951473005139079 0.08176847370227541 0.014221921209340864 0.0660306350993464 0.010719644595244467 0.004416849738949063 0.0006763114417702807 0.10388634777198129 0.08014998951942175 0.020649899451881244 0.14439102291530273 0.015859405548550923 0.0029378004405894794 0.058539608015841516 0.05651634777843403 0.05182359878010432 0.10047627969828543 0.03572025821168684 0.01985381398431989 0.008903103275901486 0.061018088245586466 0.09671337690154702 0.050961921887362316 0.08081474954223392 0.029264168630949324 0.0031481105531441923 0.11486707502441347 0.006555879606822595 0.011838511002104646 0.06997867191194788 0.0323201899303921 0.00026573144708801316 0.1876583467058112 0.0064734432969883755 0.09192158927858891 0.10875010836748725 0.15257755061862596 0.0839813281856683 0.08125606654978387 0.09133890969022476 0.044001276575360716 0.01213979210781159 0.08423477502597387 0.0503620448849708 0.05015726999377126 0.06808267335240042 0.016503253379708354 0.06526056074368895 0.039793279470740475 0.05356746746610443 0.04633329858295398 0.05096512225332538 0.06846596718105885 0.047619766481911664 0.07314289748241422 0.05803992855980815 0.011509136819331274 0.05708623216827943 0.01119086070117977 0.015667801396305983 0.002375993967327904 0.10172424909135842 0.027113256572156755 0.005689664914494023 0.00872579547610544 0.03700378435754071 0.049744041424300896 0.025705740157115672 0.06333731764259896 0.03898800671505349 0.02986798369264494 0.03941581426503571 0.01127107179098571 0.06634776370590505 0.014960364923120412 0.015089737606152087 0.01890859170973886 0.04030989102437227 0.018383546839967763 0.03471798160585384 0.03844581761030662 0.03501345521150571 0.11385354129266617 0.001499172061677628 0.04599711978441835 0.05192829963804682 0.10596097009654785 0.06611255063598817 0.01847193688091969 0.10450730839750312 0.027719552344836897 0.09171283340696387 0.033302438095130074 0.07975092623053943 0.03979418007231055 0.06898248174834078 0.02324314125862717 0.0228504545934302 0.03516375830760587 0.09764484608406374 0.08800989863999141 0.06596212522806433 0.04631613229252705 0.0025047897501725507 0.03769775871766582 0.046886348763776946 0.015975685922307494 0.012887282100194889 0.026264799397592273 0.04184880873295263 0.06310880895237975 0.03336194318100343 0.04517009322967136 0.04516122150128482 0.008762739613537286 0.019662017454464283 0.039722989841687026 0.005758619671943539 0.11567218765364162 0.10269374348036196 0.033925063013795276 0.00910395475624209 0.03550350300943066 0.09252684703218171 0.009194958755882192 0.006414576449922103 0.045868071073329165 0.05568226450246948 0.09155694006566865 0.025899241340346848 0.08746882370254008 0.02942603613169599 NaN 0.10267440147583827 0.12884787005429138 0.025113455175854383 0.1060540565246105 0.04403401905923413 0.050859040851156674 0.09945368780852444 0.020641668820397713 0.06566372283840698 0.09625303610201866 0.0981415939779124 0.010454311425466541 0.06112930314099675 0.04430453854356951 0.02929420775155846 0.022887062776727817 0.10710845520875582 0.07300026729203771 0.0016757350867680554 0.12558653149838378 0.15990388318400686 0.05541703251870056 0.10113956770555446 0.04384771490878899 0.012601221442328059 0.059761358622676425 0.018188117719025836 0.016376978095691826 0.11413794566460314 0.07731770291925608 0.055461467337680544 0.09601210519320792 0.09485167168911471 0.026973140421800053 0.07239795817245048 0.03801333235909884 0.03653981808235068 0.08359894042977516 0.06563284990828903 0.0717465615150586 0.08199634836720057 0.061184691491036315 0.03462016517404498 0.05442347080683657 0.1221125490821152 0.03994602496747144 0.0301896846489347 0.02125424208748275 0.06264993013314195 0.02028741102787965 0.0058328327896211354 0.08508276076260234 0.04812120370323393 0.09551901815754633 0.09199270266910554 0.08118826700478235 0.02443031539602745 0.03969374161775967 0.0666192864025617 0.008901098140636342 0.05550014938800784 0.050409213634342295 0.010651974053135758 0.04359975930383349 0.028899984625514477 0.019629467043593425 0.01658212046035897 0.011472160643428278 0.3755217530002292 0.05241852375817046 0.07380775501737462 0.029216712659498437 0.024559275653563542 0.05173067791406193 0.0050769650839164295 0.07234485983517185 0.04847368446367165 0.14021696093874153 0.03707262542375596 0.004856742545207453 0.004530106146894536
0.01044268406086922 0.024410727995461106 0.056828079366212654 0.0005995498478803681 0.006771280595646832 0.04662288780059977 0.06212291273172256 0.0413076564253828 0.05688666517823891 0.04549147227388361 0.02911349840203125 0.005176473052034221 0.028713398460988197 0.001793482464475041 0.02654092834692904 0.08830891915594193 0.005003718920900988 0.05836541158831548 0.060769912864389035 0.009224676661830303 0.027814266118655926 0.03747515680458857 0.05611431509380133 0.009777114844855422 0.05932154707692643 0.024255169133488515 0.015341115640630787 0.046973828709196114 0.039845874660600314 0.04142208508738849 0.07487082162467996 0.06837576896998367 0.022902280102120424 0.011315372895652254 0.03516350028405225 0.050546430561453595 0.09778720876428001 0.03178626635160564 0.06341893413227041 0.02767888746363581 0.07684941426268188 0.01438047886684715 0.047097633223609284 0.020120531936358564 0.026591215407003106 0.0041082480784595315 0.04668287294660884 0.04514702011385721 0.04436644797486767 0.014647225908319898 0.06525219919484028 0.009939344866132023 0.04948831303350293 0.01534781826694841 0.00228250366398608 0.00025120707503527626 0.038438289119995764 0.023510095938730404 0.017718263735204225 0.0485655031997005 0.10176028768935522 0.10720847903590325 0.06816362594593693 0.02452613574182593 0.06656500477750754 0.026889531276958787 0.060322649623409226 0.044976211431301004 0.10314519980297499 0.08514704390833104 0.0359470409817433 0.050199719275199374 0.023486772181733524 0.005584015764945531 0.008677777025539618 0.03567936873459662 0.02058248930942739 0.05389202770311539 0.008407889742089088 0.03077146369775937 0.04313511644298533 0.001954305324664618 0.012661351522633325 0.04538536110653814 0.01412373815650957 0.00430893503879445 0.08061837414942231 0.032686075044182555 0.025336733742777975 0.05612167139558895 0.03974717348510512 0.05749927048790606 0.06856835477704737 0.007767959542955263 0.012522269318061639 0.04913923080307522 0.021358776007851184 0.00017751043213106048 0.07626946375306065 0.10189278197549276 0.02834666522860694 0.022421838342631954 0.0034685520507531874 0.06487589356226933 0.04123691349993167 0.10480080939237169 0.013530512539322973 0.11697887577141279 0.03950197680964227 0.05846254573624278 0.08547334514957916 0.08285496990230597 0.07230374442044231 0.07607491827959527 0.10646972333025116 0.022079773221281955 0.040664481359106074 0.01796925644942743 0.01848573603094872 0.0503090027903066 0.019589057778887062 0.05464251087003423 0.03966526318714548 0.06322768773930412 0.017636922357185128 0.013980396546249689 0.04749834970223145 0.012513150464348838 0.04232268494361484 0.02925863467556939 0.05954190461984259 0.04857151626965736 0.002101604616542696 0.06492324417641476 0.029444735824245047 0.004723369874411186 0.02137394099643138 0.0632401798191332 0.043637929495899314 0.044614922789400956 0.08566688413069883 0.02047684827662649 0.018443116192692458 0.06610969281467206 0.0006377454726455776 0.041841750172310274 0.04851501798224691 0.02207165452514907 0.0599767084443752 0.08693207185329316 0.06786113459267246 0.03863074654781588 0.08765103088548644 0.0208582596912426 0.0571335376998528 0.022436786003751416 0.04394629340465804 0.029242540059100614 0.061766699766256664 0.06592014455009558 0.005102996588038417 0.08882616410834394 0.05804955757911084 0.03713878122997299 0.007313788937223083 0.010568551349035843 0.055770314676224446 0.0907460928092746 0.06633165516140227 0.0629277174860768 0.009453149716789117 0.04835922327348607 0.05268284283594828 0.04874199084374754 0.010224512915488818 0.04074954427289007 0.05616585359296363 0.020174563231801872 0.04374769191966359 0.021871104996733753 0.026691329075144495 0.017365460918992152 0.09231856081949819 0.004142593060906302 0.016823482213414457 0.03899738895017999 0.04940009406361046 0.1009803422222026 0.05826350202178205 0.01691471002949315 0.02875072750349099 0.018864948888386825 0.04272336816734379 0.0006671510980695807 0.005467320931666697 0.017655022248530487 0.00601616340806706 0.03176238206849746 0.02404520328700261 0.0072018014469138565 0.039644323056204585 0.03261799405204158 0.04986712014340278 0.010463684700377292 0.02106856302042586 0.008708383359139583 0.016479401533994777 0.004863128236966733 0.03886121798807981 0.025936862646956788 0.049035969489116545 0.0050099626475023215 0.058783976083893304 0.03916055479429244 0.0031373403910814972 0.04926741819369285 0.05287664150047755 0.03508955117569928 0.04896893780790888 0.024758346423316747 0.07089230118880101 0.038590402003327126 0.011204929758826202 0.04384966861602887 0.018232725005559853 0.05260621655927139 0.02882792177177713 0.014151511796311175 0.024194055655647074 0.01951603006051521 0.040149066587317976 0.0717860567522929 0.06626123611666772 0.001600626651596246 0.02691967986437421 0.034036206070487005 0.008999518243697546 0.0058760884559845425 0.030891284384788827 0.02528140468966468 0.04868711289319917 0.053328969554038486 0.03206294892007614 0.0014886425587216402 0.03770761249265165 0.0641815187018093 0.029595533987156045 0.07414777881392615 0.0845835727826136 0.056718109835249345 0.03331095414079475 0.057296708213399314 0.02939260810825421 0.04151086348658924 0.012221067440171384 0.01634115990545474 0.003945448569973525 0.01763029211882885 0.025749969550396358 0.021871141061036853 0.005390019584412714 0.0435782602989799 0.016720515468341413 0.0832383608305814 0.01815542458419108 0.02109153458056284 0.027729975453796605 0.0021266574485000645 0.0034572443697284388 0.03758207733522467 0.06378984205052994 0.07193283105970226 0.03377505723648881 0.06320347203844667 0.012636474114260996 0.008618019713098224 0.03295019347947574 0.021394961650789572 0.08191455782011745 0.09226134277159581 0.10498039555938898 0.06219412649602907 0.004891250249543252 0.06536850979613462 0.06443213503628226 0.05721687461265165 0.018194392801040186 0.076962688022776 0.011698662090442655 0.02553572410920708 0.14108850641782056 0.010160956451249849 0.05080104757943491 0.06320146515461052 0.014974206100261367 0.029882730879841012 0.024850401520548723 0.10267440147583827 NaN 0.16897208812043066 0.16303588180758213 0.05875509669037603 0.0796407771168993 0.08664478440178328 0.0524724488164102 0.08139884098964004 0.03641772210941663 0.040733269908224255 0.05975139159258954 0.0033655893922722798 0.0211463929957534 0.07053659393938903 0.019118546785989093 0.03900755648369538 0.03306496961854518 0.04473181177615641 0.05476319596134703 0.006724264080390979 0.09504198658821994 0.05794110108880393 0.07818386381524653 0.015238501979781157 0.03374250496850843 0.018107389920072648 0.0018986894444706262 0.07534136632139672 0.04395128851511748 0.01888730300117521 0.029225940951678093 0.06524077323003018 0.035857653041597444 0.012204660624319892 0.06571666586489586 0.026845558556746887 0.009124178910591304 0.014989777150134631 0.012360209616579479 0.1145541167345009 0.046259195125517925 0.0005490302378913987 0.03060176855263486 0.022927834066692663 0.0824134280503968 0.12461447941134192 0.051834506047292145 0.023516204777080447 0.09529529725323832 0.04779270065234201 0.044692918963435094 0.05257348582636585 0.03931250601439656 0.010535732021881898 0.038913426589812464 0.061451623079658124 0.09030319871769345 0.03553144676437957 0.00846750447080575 0.01290846218395317 0.0022841587343605313 0.0974673741069081 0.06286214524244872 0.0040994176149586215 0.03328692209142294 0.00047796219963403447 0.05303936995976932 0.021558961388005476 0.2004126668296938 0.046687247186364515 0.08468006294666496 0.055437890557744056 0.07496694252750113 0.002975665566088977 0.0008696120319356843 0.03329186329832723 0.0006034166256417862 0.018402601343263984 0.0072761249800079334 0.039415297862204275 0.021742017013103944
0.10329153253762373 0.08620191330092435 0.016572298428578047 0.027564392007820418 0.017650991233334273 0.04065623996321512 0.07742692542718521 0.10422706305629331 0.08840341429323266 0.06864934259596733 0.07819703239960707 0.131842368759663 0.04340153177376137 0.0447246184516263 0.0686924812368517 0.034604281982595006 0.026050227100811903 0.06517456423562455 0.025092302650780596 0.014877638756047293 0.06065856291907832 0.08593655251660577 0.11999232011681402 0.12035712412946169 0.060673967316523796 0.10978410536500675 0.07831700873284583 0.027507272714157368 0.112613449085416 0.0742480879164533 0.06803818756140556 0.017615621272702983 0.06141120451473359 0.12370426739483122 0.02094525780461325 0.038276467642620535 0.00442626784132592 0.08583739092609102 0.01799483121155366 0.10761478174675486 0.037560154155147615 0.0329867762002103 0.061688802023320256 0.06684028689556916 0.038822910041328186 0.014430699942348637 0.08957306714838664 0.04614111603353029 0.014980452640148877 0.06457795981714538 0.13116185405078817 0.12001174236217574 0.04532676598561359 0.15063732158928092 0.04830446320062046 0.06722684535107774 0.003911835485001291 0.042648371460252056 0.05493055022020171 0.13204251149925986 0.03953943918257555 0.0027852766815062765 0.06491055118897847 0.07671695221250877 0.0008050636333146963 0.07937704020406793 0.024259373230995335 0.10732953014885124 0.12244562465346537 0.13868079356715257 0.05446340406111944 0.10937026384391542 0.004643320647317055 0.026996025740522914 0.1439346558016559 0.09640683359348508 0.021563981962640758 0.004406054999488916 0.042024034193070506 0.04002845191823114 0.06972456028444017 0.03787639829504864 0.030320574951878343 0.09954430557864563 0.11849055700530335 0.08216351028766733 0.012214596059482004 0.03953346920229241 0.03837032649731246 0.059515932366222976 0.008772617846960524 0.10896095452429418 0.016152916811253457 0.00041605605400665976 0.011041813810394496 0.007993075041175248 0.02946987050073668 0.018632904220556547 0.07511828848552461 0.028492833935028716 0.01751445229150627 5.7722116809805535e-05 0.01779438009095898 0.011591449020079816 0.09813499520135635 0.03768277290414654 0.0058948119715484205 0.011624801404460419 0.021695287976260972 0.05506571378200386 0.016005739187328914 0.050597606597611075 0.011999542113046166 0.013528930354381146 0.03143680411449458 0.0829408988626538 0.03801817643597001 0.06277785523206104 0.005434460969379786 0.11169799915822873 0.030114061557501882 0.007908528422582202 0.09150179916878537 0.08957654445755141 0.07873058965528676 0.006941489712875861 0.008857455628329137 0.08027482682286895 0.13187659296165807 0.09449692314546985 0.06307084678116982 0.12554597215216798 0.050172226911057174 0.011368039470235725 0.032883860617571696 0.052093918237600415 0.006652160141387207 0.07911116233948785 0.07711215454325764 0.01886550303378375 0.02913474935006563 0.008113571656587772 0.08998614874472063 0.03439940522888724 0.014738445412110605 0.007214622087153152 0.049492951499766916 0.09121608018447709 0.04534837728477271 0.11257153294211909 0.02917450921705485 0.005863708359057675 0.04668701851660408 0.00460401003507974 0.03934842349478351 0.13536784483199937 0.13062916988471798 0.046275595452801396 0.059169933625984744 0.032295162816289434 0.0013406931667906891 0.06135243749246656 0.039035888410551306 0.0001028219519650529 0.021609667860243414 0.01789896265308084 0.02169318771329711 0.03708329506200118 0.035544379743960235 0.052432575721335035 0.05762363949963282 0.04398212117535947 0.03525204164618432 0.1302084957704774 0.012927731560975422 0.05390989301933227 0.049546856069964 0.02363320469909797 0.07592274187943428 0.0333366183558631 0.09177749835513165 0.013214314332697829 0.013131997811608606 0.030465087386593002 0.021179236263965333 0.007018439300382787 0.04556602709180675 0.06233942736301458 0.03513423170329603 0.03288879447835635 0.028450911180277254 0.14040443844207648 0.02380372889462396 0.07693125784031314 0.09904902102883505 0.014073575226080244 0.028131682218740107 0.13404174044726433 0.011118371433579988 0.044984436609744896 0.058349562329924894 0.08862697777259065 0.0955065444709168 0.06732930936268951 0.02927961152590209 0.1143952191952093 0.060491975411123305 0.13733320927720213 0.01896640877159394 0.1333896789928873 0.04763014949262584 0.05345541943132231 0.03758494157997472 0.07409207654560807 0.058112024252548154 0.00927046324558499 0.00377507083594176 0.10537561617144853 0.09220960581676624 0.09354074679862963 0.060801708466240625 0.04483010901302864 0.036231514496911414 0.0019435439755139873 0.08335476843341559 0.09246665898589336 0.07493110344674109 0.002135745182613371 0.0338697388314572 0.044834322074061364 0.06023933083066267 0.03505621570116372 0.002414050189550735 0.07725962498126634 0.10782160429313035 0.03067119880393194 0.05446709363326267 0.03833921042233169 0.07607948154777892 0.09012621773955057 0.058233135283459046 0.05908130661841991 0.06404511824946288 0.07584580257386367 0.0048826566576348615 0.06629816805270357 0.06930182936637792 0.09242029870381088 0.07623046562042692 0.14219120675819236 0.13448421817874404 0.14905033917097948 0.014322477205524873 0.04022896069932231 0.14581485772027467 0.08335152608609556 0.023300522079799213 0.013454757525021595 0.045102981027158366 0.044328488365649364 0.026074584792641714 0.01243139856167926 0.04313539599966222 0.05665580963714908 0.1227325809442493 0.043601181273145814 0.08278014657266985 0.0031577391215097694 0.04113370102074618 0.041826272035996065 0.05369467603070378 0.061116661469888374 0.07504699793778938 0.033632302869594205 0.014989865629847983 0.027016477804941947 0.0458972183864383 0.013527783599923546 0.08785705245351146 0.00995760155357599 0.037187908009460285 0.014459778457853956 0.009252102906465151 0.06180626702943103 0.08889144033921474 0.005266959650051176 0.052072342065577946 0.0200245902172037 0.06599626773912667 0.028752302842167017 0.013183618747746397 0.02680092809058617 0.06754489633474758 0.05030611477880589 0.04395993245428466 0.0912785312568912 0.021136600389918228 0.12884787005429138 0.16897208812043066 NaN 0.008253960302929776 0.010572533708744496 0.08405182993589845 0.08654448382869194 0.16056742216534894 0.002288603292892103 0.026269113756534176 0.12949002698072007 0.15337789551599174 0.05716933278122915 0.11988043463397112 0.09246080586527855 0.00610142565438905 0.017148347194032423 0.09830128993400968 0.055989103743313735 0.04251550731001058 0.058583913022877916 0.16335551816326332 0.07094416242597844 0.051980317099209576 0.001338206408603177 0.1112498121739408 0.05919810580675006 0.024306302492332208 0.05725897397048305 0.0652537721543289 0.10409311044052418 0.07614498116124584 0.07987174189202134 0.0115136954843647 0.0021472507495827334 0.025455553530919054 0.009652753711922242 0.015378213309608047 0.09090385583106178 0.061875121940298525 0.061456707652030165 0.05231687191481148 0.011707695221610285 0.09812451196299411 0.05908087933778231 0.05275614477776939 0.08237961488141458 0.002380412554906623 0.027384079976764834 0.09143633415035833 0.0037296202452177228 0.007373706427333393 0.08216105781872331 0.03106906843678163 0.05626499706258532 0.02204375065190161 0.054606835080522456 0.06627035545555902 0.09210887686254184 0.0022288490485956876 0.003400602179830558 0.010058650409434558 0.011337723639742133 0.061102503297362894 0.03087946526742148 0.03469710566059261 0.06614834204078766 0.07879614914107602 0.004756404728451067 0.5581624345781319 0.07721637431704495 0.01848161155542115 0.03969438597580383 0.026745665598201802 0.08025666071998047 0.030071771391896467 0.07226066379899596 0.03401111620685076 0.1522861076744852 0.026467694515387934 0.02504785257838343 0.060732270044616975
0.3531556982691127 0.09164951090293808 0.2912840960235743 0.34403208330589746 0.27010000691045194 0.3187604588583458 0.22964217562943665 0.17906834291628002 0.16787962300004666 0.1310693012729223 0.09157392764137677 0.05538274479139317 0.2686838722838237 0.10767699223422403 0.032693142538987835 0.14392898075500257 0.14934663074542334 0.13351836252714877 0.30838671716557764 0.29700836044414664 0.17794726452360665 0.10942403142374676 0.10585818132507435 0.08244205266606945 0.10588966868914447 0.07193339791898952 0.17388809204498948 0.24280755411910307 0.10914477917781173 0.12216443809277237 0.12748559099984852 0.1246652200406253 0.09696811100453367 0.07365164710134493 0.07853843928023878 0.16459783436908057 0.16061550685626907 0.12050285712053872 0.10714240510248194 0.061564381083513045 0.126936261943617 0.016512327062014193 0.06724980160412491 0.15634295171336338 0.05298902235755207 0.029295207579950685 0.10837468423240589 0.21273582561163315 0.1342358358288648 0.05761666959144293 0.1395161341459166 0.06243952999371023 0.19902302230738267 0.04001858938774678 0.01413627165500047 0.008862192681911027 0.08977329093808377 0.032861492209548725 0.05728426394170371 0.0784243291564218 0.09980868205850885 0.06616253256828328 0.03494988537198354 0.011160319226221503 0.003587308974508333 0.10399059091095036 0.1403000179242047 0.09817091799465476 0.10651306976429255 0.053960355002670976 0.08430549302159089 0.11780897432818219 0.10956034751032037 0.04067979105423193 0.09356863896106166 0.12984653195172388 0.17657820739936447 0.01928883348095475 0.05258336160732809 0.01364148874686585 0.07071146062361724 0.01504888122951357 0.09241243827114194 0.16346914199618054 0.0869697711386872 0.18715436465917548 0.15399214541815867 0.020379777730910213 0.00930500223811339 0.09188270347582443 0.03452489495048874 0.055693630273862656 0.012017645528902606 0.04839965626420555 0.07033745574917097 0.08216259489446862 0.05680462897486935 0.1265124369099521 0.1305437405430277 0.08080334601455381 0.03398268998533589 0.21241887685657138 0.04568844432686352 0.06063187234632156 0.007859103118839694 0.011954838945916762 0.09645517598436189 0.08173710220524832 0.04188122935562262 0.07412617576822604 0.009916823006281465 0.02811932021709009 0.05287605749678225 0.012244277868739089 0.01285635359665998 0.02881949388458319 0.014473142543707964 0.0016294151841317614 0.007318801356708558 0.10472219939735469 0.2744231094115851 0.012013826377361038 0.030249646134773482 0.07001321173424468 0.03580732429370486 0.09523784496953872 0.007281931470264807 0.05643975800955881 0.10337078708431757 0.06053848798097009 0.09750342890811968 0.005924121465374967 0.006080652470456731 5.9590506050983084e-05 0.0007553007847620604 0.040606805783567596 0.06471125568471339 0.13062689794275215 0.12240077750244363 0.16725066951766523 0.1869463922857881 0.1589770559484164 0.10298638086432708 0.04309914863548049 0.0017537639824454616 0.0008761183072069495 0.10669997633895326 0.012593383124066009 0.12485016813955777 0.16336049077424197 0.10349125120340097 0.14153704417271915 0.2588835775348929 0.08572477112168343 0.05788829822288517 0.10855200847481614 0.11163676406454527 0.2411676555714356 0.2542621811260474 0.17630255778419696 0.08558836676632749 0.18095067310177923 0.14334043320538245 0.11686216561552874 0.030166951097725565 0.0008970920242633781 0.012782540447510584 0.09474705067633003 0.09877338340256575 0.15411372200677745 0.15726195824042122 0.0752385715848369 0.0881626740077711 0.13004385942871824 0.07164282471180637 0.0015229913779436627 0.021217171964863762 0.03032547043098 0.1249631368747233 0.11929252483216271 0.3368394830168987 0.1397548892297101 0.3071304375802565 0.2573278026478217 0.22202172004983783 0.3067720800104399 0.18188207665393757 0.205057785199726 0.23813481897063693 0.2757474636765988 0.12082385836125446 0.07161751924147414 0.24730321060665064 0.12333109752913123 0.04904420712679519 0.196719425437456 0.11552047539251534 0.1553874830401672 0.22805383653155542 0.22298253718106484 0.20882819399598804 0.1882825837593347 0.1435938395807727 0.10766535210865376 0.004200701857435555 0.011252918300670692 0.25064741797173273 0.1392449466822933 0.12626923956967073 0.13899843718515387 0.18828722390388922 0.08006509284425659 0.05785853253694316 0.010016131242025272 0.08647609728134556 0.19407012398429732 0.12281320521714095 0.12002092317786592 0.0748456558433719 0.06445000012543982 0.07890643665461136 0.01070935056418914 0.1351319431427404 0.08100381061413855 0.01606013865285628 0.08649276613038824 0.11370284955945886 0.2189591584799982 0.158838456883702 0.003612895779950646 0.17822949168505892 0.13073195165045823 0.2756854053159121 0.09474076846208747 0.026895187316304407 0.09782147371493317 0.13796709236735832 0.01211229325647495 0.1315342876625655 0.1565563453238556 0.050135720426854526 0.02038263454145519 0.02735723845291112 0.0002969221657706744 0.03756491177967629 0.08476866174797364 0.10237874869930703 0.08671844249944487 0.008819301618475588 0.055217661870544235 0.03913589219486461 0.006058690381653141 0.07428177635351493 0.026124015800040794 0.05904926117432113 0.02461059384035716 0.015508045629058937 0.005501756511076833 0.05415419948620702 0.01212979712536688 0.133638673094631 0.026655464099335755 0.045804392103652426 0.17763740826062302 0.06026742805004863 0.16565797560807316 0.10797174799770948 0.04719398212431124 0.07140952993247894 0.09723323210263438 0.031731142962842455 0.08552155401814124 0.022594898410024926 0.035855614575729534 0.06989383442509815 0.09608003018509775 0.09992622675937045 0.06106149597997761 0.10397484727546628 0.17621118991196033 0.08036835020994369 0.09334358226526299 0.06811656212092534 0.11177138781354834 0.0859906167313368 0.05187583655131169 0.12643798414829932 0.05859222124129967 0.03765054779502225 0.10647403262688387 0.06637527041293408 0.02591652872074979 0.021880697525510112 0.031583794192020044 0.04297145902122956 0.09225648606101994 0.12894495956788643 0.025113455175854383 0.16303588180758213 0.008253960302929776 NaN 0.007332384308445086 0.049183879544352216 0.1966616116835756 0.04269919605704468 0.04596883898294196 0.04061621244054513 0.04709564072844445 0.1697725529531956 0.09527050074293916 0.017502226200390613 0.005866761761586978 0.029012545968006932 0.025003910697546084 0.023923385269690716 0.051204828756160024 0.03574039068450876 0.17774182615940914 0.07618207006267723 0.1322128731814511 0.1093135663346638 0.2289085621244611 0.1208457580485574 0.01836245841215232 0.016183873098563503 0.13453546237069308 0.08703618680199618 0.03420620996020037 0.012716193301850327 0.11795553652129025 0.08330795496843356 0.059163233445030904 0.2950010716737578 0.14804780801445358 0.026759371979586947 0.07122205311058404 0.18177661205048848 0.21343732917633362 0.17608891445900413 0.13852531916729743 0.049241340809658134 0.09011669687100012 0.23582951494892407 0.04325049967001681 0.07827297483440929 0.02003552720789587 0.0449905323625407 0.05659435355322698 0.09324435943841325 0.14163811096004025 0.10464156280549074 0.04384173350171257 0.09931274945532963 0.22108987518541542 0.057590968678697264 0.015374482059459406 0.0022740071287437862 0.017186188638647248 0.06012668940361418 0.1283082017772871 0.11973590851672815 0.1730323984280542 0.13312953206600373 0.05381824908353581 0.05613481511054068 0.12380430084344678 0.00585105629169844 0.006824805787800251 0.03326986377184006 0.08214316466132551 0.06176831414036977 0.17927732560600393 0.019402340273852008 0.005445935639787649 0.026840241516157815 0.04410355032100109 0.06485537248294289 0.0783290546093965 0.10055408632664237
0.028384426960951177 0.0255501992530807 0.04228851178360043 4.812997864118031e-05 0.008431461032232223 0.038544552068859934 0.06024584346459459 0.01439767318156761 0.09247297315296456 0.010402205384683456 0.05673583228798683 0.02074794181047961 0.047434015151964264 0.054569869605410895 0.044886806423039285 0.037248325250276285 0.04879814936115384 0.09128221050064103 0.000345041230885956 0.04152414465512581 0.03646906330303594 0.09088730480909238 0.03453840688492063 0.0041186909106092255 0.07697938570584152 0.06314746023600007 0.04042499238817027 0.010840857812255066 0.0030972774949097255 0.008776607843345633 0.05517793040452002 0.006210648101183314 0.00861349486019872 0.07443002704303528 0.04130927338037296 0.09556753824108892 0.008349955102412142 0.049300201028592845 0.013582690322873098 0.01213306096798404 0.027848867128949774 0.01874915928099589 0.026992831199141486 0.01410852692994655 0.012027185610191065 0.008115910120188143 0.06509060104117714 0.027926457722112948 0.011602900229165774 0.06357406782069283 0.007999221734297806 0.024538382565055153 0.03420313483486951 0.006052144753237401 0.0126136342689654 0.043471161084160555 0.0033942026250806294 0.01791711712954371 0.0146213435859679 0.0009297596433890756 0.07993608471538094 0.06649352519300054 0.047617305289348794 0.06659862489890157 0.015525687300826327 0.032035118170403526 0.022801617504311252 0.09538022644799987 0.10596587466482263 0.08122811276791528 0.11627615859033398 0.09124856166017901 0.03479170939690387 0.08065196682687976 0.07756671429417274 0.026983750372306374 0.016031526865722814 0.08887766770054364 0.024018782306493538 0.018828924845396874 0.01986677345890745 0.0788983171799624 0.008115149949586183 0.02570800002610988 0.03696897751849275 0.039659151014133046 0.07579246307484999 0.04932968467490913 0.021827504288082465 0.02582693314543383 0.03476804176786761 0.01465085136212754 0.000984247741312767 0.02220831114847931 0.017213787548188933 0.04219462483748026 0.03779440038662139 0.027890596083839002 0.008515240491736112 0.07579348296807048 0.06316275293247231 0.06586385309876555 0.04298491914982767 0.03883683678805208 0.07819339892245408 0.031550987144543546 0.007828799480403357 0.1141715079551877 0.018534222589372342 0.07220025501838812 0.12022094936515994 0.014457637043043238 0.009856028231279018 0.056598998136526316 0.0041882687022356735 0.07890132833305973 0.04762031418431347 0.01417335493102028 0.04122298062500369 0.04425359696367228 0.034189840856616964 0.03469917310907626 0.012140271219156909 0.016576735451550775 0.10958040212102828 0.01724012977810903 0.004060539644216555 0.007434358144240571 0.008356435974037546 0.0071542813530965175 0.08664249291837012 0.08200556566387472 0.024973555128883856 0.06797970687277284 0.011226666037720148 0.047996240594113934 0.03981827541164783 0.0716369945148691 0.07881394375385938 0.01570063486430478 0.06712618599683946 0.02816715018172534 0.06709763252987347 0.022346410985690377 0.020817074412732086 0.0009679072148656858 0.0350317741741995 0.098888800258933 0.03981054087847403 0.04371223812194762 0.040002670802987104 0.026847610947474232 0.031059809560434797 0.08597356187914557 0.04292724245957767 0.06524208649716744 0.09182122221495892 0.06971803922687907 0.06461098907020149 0.006818217710233549 0.006654342312232807 0.05495238514403968 0.08271113076974951 0.010589355589265059 0.0006428603246153306 0.034175229399016266 0.040751295562349396 0.05214779140931244 0.09072367042909948 0.07804017274053635 0.021961938795916524 0.06631232418446088 0.01006862390009065 0.025819055249359686 0.04418575072593545 0.0329599821842793 0.020956567263794308 0.04229052699588 0.035277797853313524 0.0064521385823121625 0.03134794049119525 0.014864007285968664 0.03378372496700618 0.010526189028567954 0.02272284921101641 0.03630174794749911 0.05894323702762625 0.029603874035200504 0.031028076663687773 0.016654493368314628 0.009489791997234804 0.011125538699442465 0.0533009797179544 0.034106087868269776 0.004393241266208631 0.01001112903901985 0.02472332649832672 0.14842498805142854 0.01454137280163647 0.0762377526708886 0.006497173750155966 0.05544054515796728 0.046308910594768216 0.013673057167510284 0.01746354422736593 0.007128621272834181 0.04087161615028823 0.008120648762677271 0.01121016569028915 0.025316705232849065 0.008944393690298749 0.04979504823794478 0.010430039596902686 0.018824685686132176 0.042434668974594844 0.02370388356075784 0.011385887972805254 0.05536671503353205 0.012019993174354218 0.018322762930148808 0.029332547898172495 0.016513850792474572 0.07207205440383815 0.03177904968963489 0.02272693375054824 0.05558200008298008 0.047315752104631195 0.004012621717324306 0.015584123104525244 0.06516149666452974 0.0805811903362281 0.03182041499895687 0.010451888320298534 0.028264655709185127 0.025966176105901722 0.03560100982844354 0.04171729885466589 0.0018815622957071378 0.00033733140791994946 0.010300248984251793 0.08285603409975098 0.08065564545461364 0.091770683700398 0.060130485886469374 0.09593165133372736 0.0480774987707492 0.04627108462235839 0.016851044536701432 0.09620746805295287 0.015537362458582862 0.011507097293377167 0.06342016361474923 0.03196134397008181 0.012728920552574914 0.015796732153353886 0.04712380848334667 0.011788178302462616 0.058577542734857914 0.005336656006865344 0.08015745406101894 0.05532835199428093 0.06762391340523186 0.05156617504572567 0.03636580280620351 0.013027793153227916 0.02573177310516806 0.0005200224079768862 0.001986824070576059 0.0236156867917486 0.022975485869632762 0.026553486143493683 0.011501020877969568 0.09983998528092854 0.06952543608398541 0.042049250883319206 0.04857889414107576 0.02809712900131253 0.012448371905529913 0.03922054425607579 0.02021271199903283 0.023293669683547322 0.02097215108823785 0.00014401784753640895 0.06146281722994289 0.09473665941251543 0.0207665858034164 0.024478437277446446 0.017285205898318976 0.06334006031197453 0.06369912373058928 0.004784060179830486 0.008602265388947886 0.034363013545309073 0.061640186831541134 0.039492661319905954 0.09389014446076085 0.02761765953827424 0.1060540565246105 0.05875509669037603 0.010572533708744496 0.007332384308445086 NaN 0.02513610059027932 0.08988781540077576 0.056227073447343935 0.06424064057327761 0.12452052920479885 0.0807234623547936 0.02409040300965318 0.030164939554483683 0.08557644762871532 0.006713928281508144 0.02489524927320567 0.10070103496092099 0.1854030230384463 0.05293252826592094 0.007700514561019261 0.12104898789074774 0.07108378399841402 0.015627712659611166 0.08739579288378606 0.035325200241171965 0.034909010097160735 0.027729181151483154 0.03667559893642141 0.00845643713850649 0.03647022432240898 0.04651367730372421 0.0068771719370704825 0.011382424674461003 0.0018818134649886396 0.018047828018929523 0.03030837379434248 0.011932717356759376 0.01791105484151683 0.018452554931364433 0.07527232953011845 0.05953710866415466 0.06678239989175233 0.035071536144853005 0.005401796952012075 0.020748465428572876 0.07032039931470001 0.04810645107941472 0.0008667338592529965 0.0991563153163847 0.03005580907038681 0.012738366525211046 0.05405407585204196 0.07235620532515245 0.02113869159467723 0.036657328452359625 0.01539212411334618 0.07391425082948122 0.013717264748795708 0.09699382855125002 0.04031393473018953 0.006645990656934346 0.03171313648505303 0.025521635275286492 0.00783675406758206 0.011653399598201495 0.06414342018321571 0.03903956859667877 0.07868157462547949 0.013815763161309154 0.03924292529452753 0.054271202297831216 0.01967228251388114 0.020391026284689074 0.03388256723364332 0.00186687639275375 0.009679238579008704 0.05714767959878957 0.06511918242005373 0.04638009480912602 0.015702298427252064 0.009920785726858134 0.0015820434009223244
0.05400906373230171 0.05451104630665037 0.009974731809804573 0.028811002840984597 0.034498201325679205 0.017248678932970097 0.03587396482928389 0.10922793591552685 0.03631925499534726 0.07120450902438206 0.0714372326286001 0.13099785101714453 0.02897231404862489 0.012952871177192769 0.047519692562852475 0.007755321884583291 0.056801710678652126 0.10056872880389603 0.005713896664626075 0.00976325510388655 0.03942445693933635 0.05317765720065142 0.0385522916557786 0.033484557771315655 0.08264644650418868 0.08255634107846117 0.09526390278049399 0.033201990551792175 0.07145215529049075 0.08468306242413652 0.007764360918813882 0.03552736762124019 0.009110668358830287 0.034344439941138366 0.001174980496432763 0.06685553164288566 0.06558203113314579 0.027642360088019773 0.04580073737163628 0.09674668185494105 0.034447412019086326 0.018345957309870986 0.01792363296150581 0.05490616587743836 0.03362960541599295 0.046382068086529504 0.12776236853720724 0.023593207246942943 0.0441898657626055 0.06986957399925627 0.07037493388419129 0.0811791019985889 0.04543065030095188 0.12549377761860325 0.05041973850941474 0.07127127672385425 0.008210977987197013 0.013941423617762046 0.020914026634868445 0.03363137340595789 0.013832344545996644 0.012233045369233279 0.06770346701554711 0.04985132298307608 0.08458836868636245 0.03721727064587245 0.08865448848342651 0.020616177244292547 0.1126393024402037 0.06463496544561213 0.11557687286992495 0.13444584948468372 0.016264108261960515 0.05845573363015679 0.149497200889379 0.09501676324921321 0.012291658759217516 0.030514975095989074 0.042044726146139993 0.02294171248230807 0.07086231042843695 0.02863046572151861 0.015970654814239087 0.053340116288932114 0.045573443336041485 0.03973100545544671 0.11235619231656237 0.08294150727181569 0.05961131770273408 0.024417522103100057 0.002942766429672667 0.03895473900395531 0.03161233278291249 0.06694010177635899 0.03754254575640574 0.02700919186681742 0.013266650720895688 0.004559460818212401 0.01712569279505086 0.047169139353791696 0.016150205148213945 0.012232103671005409 0.05586129413297827 0.016519410508469442 0.02681003969541495 0.023383167072127703 0.020113940815964702 0.02819041880023671 0.0007138137573523868 0.11959690221665525 0.05108647137702237 0.02675164414180811 0.03639830402215884 0.14539244197734152 0.06921159617634551 0.11282237693259532 0.0725942396360726 0.057381959756561934 0.003850723810291777 0.02721490575424519 0.04679570846288048 0.00981326288982923 0.014065873002411527 0.05767765644252972 0.17672086828415737 0.047244797674990964 0.04269436777382828 0.04172406318285296 0.13265152961877757 0.025505468737774335 0.12598109508086652 0.06507371869088244 0.014955348677183665 0.0033709262105050724 0.022403954190524832 0.042954808180658006 0.0643291828742484 0.1536365511093452 0.049661757042643445 0.036437938182341534 0.019353712573902244 0.04537985537559916 0.054150510487319024 0.029714206719259843 0.03603488833654822 0.021381335307896137 0.018086210251602144 0.01631901195521193 0.02573385208992443 0.08752370677610634 0.014369063177705947 0.02724770717563708 0.02622561032869043 0.06985134349015673 0.028154883192730993 0.07960930672799556 0.10817493628216963 0.06158565560321233 0.008679058975182398 0.02117497247523652 0.07077934403564083 0.04202056185061277 0.09077170919310659 0.021676731682783532 0.0567805375730201 0.00550364063535515 0.04960807281811688 0.05665933861054644 0.03668324213549363 0.016762272882215885 0.006958251141308875 0.02701356346168228 0.0349374241697424 0.04254668533511827 0.012400796293679215 0.054145658308080206 0.01878881929868243 0.07531638806425286 0.01981367231775512 0.003392640209128945 0.04438733881557603 0.04390452306534778 0.002553611653660317 0.035697772391278734 0.0024010137162123377 0.01663989384784758 0.07674650112777295 0.08222916686388464 0.09081614731940586 0.011319625332663103 0.04480150635464812 0.0976196670352403 0.03149427751934685 0.05691573254630388 0.058882421768619776 0.03047619907498588 0.006882783448498555 0.0893977864097425 0.038110226068946526 0.008006396248988721 0.06369591635836849 0.0419182337145737 0.0404278181501756 0.06710397732374537 0.03172285943119732 0.10482488618481138 0.05923090244534855 0.09523746496159041 0.07641020169035094 0.013202439145363697 0.010557086589277592 0.0005447696266007372 0.05506781441205177 0.048035545764049996 0.07467328610286886 0.017585995563379607 0.00297161877490309 0.05673143033996755 0.007018276636392816 0.09080664494978714 0.0024715945396815917 0.03809981368636721 0.0634927891832706 0.025171987792409173 0.04479160801684712 0.021963961180473605 0.08887624451692819 0.021568008553415827 0.009956156885125784 0.04716351049395942 0.05508947274933217 0.1096096714187761 0.056753936481190044 0.05854670549637785 0.07198650706872656 0.11193124540992373 0.012490738884306882 0.006047043729451714 0.00899161534352817 0.002853105048344025 0.043857118749924734 0.029738497824101113 0.09748342073887462 0.018432810947262557 0.00501455012768623 0.013901218416426326 0.082588612587955 0.013663255022336783 0.06002562946219855 0.08135634291968041 0.10281039505947125 0.0015611861315199948 0.012124338832731861 0.04901097019559751 0.19626792302451723 0.0956566743425978 0.03362226231966449 0.006840388215201254 0.0052322339059947 0.05631993749312663 0.03294977782607666 0.021377795705403574 0.008062877733270076 0.01117697168568784 0.011819463715474637 0.022707561962497378 0.07781532792046268 0.0011859441347655314 0.0016743262200752793 0.009196420919598656 0.03965185510216247 0.05057348870052931 0.028817431856071312 0.031371509308953875 0.048074085487518785 0.06354611474228368 0.05417468355047761 0.006595740898300926 0.02828680252114355 0.05748810672991234 0.004753976974541685 0.0073783486590938575 0.04746850276396432 0.05164387639244722 0.04780986569193109 0.011099884503176935 0.009401589272893406 0.06610571876726574 0.022499691511909052 0.060258385035949005 0.0053671087769800365 0.05436916119396634 0.054231844340886466 0.01827449302913564 0.015717293415108764 0.1669666401092939 0.05123449796958655 0.04403401905923413 0.0796407771168993 0.08405182993589845 0.049183879544352216 0.02513610059027932 NaN 0.009873894270769627 0.18108906942682632 0.03320111227297122 0.02763290196507098 0.1351371949013383 0.12076097639436104 0.017177467062191008 0.08334599686529442 0.07151216902768541 0.020343649220980604 0.024892848788249176 0.1359449981855929 0.06820024153933035 0.0037869111570160434 0.06945765640544559 0.1276933692279773 0.03752003410766029 0.04872771529488879 0.0015106058304886526 0.0880327113005132 0.05699279413972275 0.0927075753179311 0.0455767399355601 0.030951059857661944 0.03215206560140225 0.07595499430623766 0.08720260808252923 0.05584589933731486 0.06293167248963673 0.018363008591892112 0.0054716436996624755 0.004564868053352017 0.07052114899832478 0.07251324944990384 0.022516292158976825 0.035930473134023345 0.006999435557221355 0.035732824802995056 0.05263630773161758 0.0729147359908069 0.06453426803300524 0.021210907969898198 0.012545825192583472 0.08356919526823929 0.05683650311024176 0.0008983035493941998 0.020295908109406083 0.026822964155308063 0.028952461394653163 0.03877828006625823 0.00457302339754643 0.08346262991687749 0.06988841911977592 0.04416534109523673 0.01934495968167287 0.07646178855464754 0.026588606287282237 0.033057578728023805 0.04691821128904843 0.0249815845868576 0.05099358255365418 0.029454640532091576 0.007066265674365485 0.14381387650668073 0.08753203831705622 0.08741198821301084 0.050047344462303106 0.033958535339224015 0.015425218350842202 0.009113283966747918 0.008094377373621939 0.0343277673691972 0.09737221043234359 0.011604731177559264 0.06054018064329224 0.014849193282579425
0.2188184173165861 0.05692982475967809 0.21885363297876115 0.1938312331272276 0.13827923536777406 0.1732863909028796 0.12310163093578046 0.07792196595027463 0.11802603155018221 0.23484226729455893 0.04338053058521228 0.15507221941186586 0.14271687143583595 0.15800275365068553 0.1454330554081969 0.08942459493450043 0.08895551837999381 0.02217123406514564 0.22797647966892878 0.10949672194343861 0.12070258883187074 0.04158434131666714 0.04827988693363433 0.181351288383271 0.12552149571003487 0.1106248635710639 0.1466736503910705 0.11731885660299593 0.17509571290335993 0.05275324691250804 0.1380343123348232 0.07031931405254058 0.07859879868950466 0.04120222329677542 0.14050906230731072 0.09855649838462921 0.19629759878387534 0.17586127803840437 0.04518235774584255 0.027663324018664854 0.15176097795442456 0.03257121645363345 0.1161187001633894 0.14338632508456842 0.01869778448396915 0.0733779993975975 0.07080811524502388 0.20690850532140603 0.11010453015921434 0.13758689675344224 0.08233202853990043 0.09337968417821693 0.1794987595754192 0.008724893200424745 0.08055697671834604 0.01024943029144171 0.1493117015447693 0.11092532443056438 0.12254597143029385 0.1832436818780942 0.07455081922923751 0.16013830853713018 0.12352897404841613 0.012799382869434186 0.00947456280295554 0.095214239337201 0.09678276209508543 0.020422744367159632 0.10709201347316367 0.042750943351100405 0.0370741527877 0.1270631847726465 0.14033360612962287 0.08325474653912888 0.1516615875810551 0.03617847407788498 0.19339178045428485 0.10347072886199134 0.11899848886036712 0.010581838579846122 0.0870448082038483 0.11147844669975095 0.19325172484012904 0.17014350469607945 0.1659751943672621 0.11216645529931626 0.11225569023770408 0.07981338264456611 0.021010963882177783 0.04823207645533306 0.11270211501271077 0.0693283829450564 0.03238250954987158 0.025838436075796768 0.12842417568712206 0.11729977150275503 0.24321234718437984 0.05363565700903245 0.27099411610984586 0.23052558453542654 0.1738887679122014 0.21728732008581064 0.2071066675966882 0.22161861356998316 0.19946898874158978 0.1162205489479932 0.20032300742475287 0.18086397116579656 0.05439628817539496 0.10210474221474569 0.14384741816284363 0.0005720309562668315 0.12820552143055772 0.14045567458198185 0.0363873363173372 0.0896721817401577 0.004501703467040238 0.0439955043037357 0.003045799985467648 0.059028817951457827 0.1350861503775209 0.02918543316709951 0.1359938415790258 0.19236033015149484 0.069225332807439 0.06953149007177556 0.04063355960464142 0.03589930608798623 0.14220501364942303 0.11798533380877574 0.14400745322132893 0.07338224311978651 0.13326830727868283 0.021681873371305473 0.06952635106831707 0.06317420934988213 0.08715828448104253 0.01591503368914744 0.0040646930934925595 0.16660331641693554 0.09400958528860376 0.09500480447568352 0.16697902632157366 0.1515256985498952 0.16560616517097912 0.05122693598206188 0.19529221247243722 0.17451549528806434 0.22154013075203016 0.05452969370317779 0.12853441287098855 0.0793403758937479 0.12460014290787345 0.06321370462452292 0.005312279484180292 0.06205890594743657 0.03724147866276048 0.07645537168688944 0.11758445073978256 0.06282542734299064 0.13192751385937532 0.11066303361007539 0.03933593350107693 0.010356141190105495 0.006608407243595304 0.09721867570912651 0.17157650453606646 0.11487663941879069 0.1940168085072697 0.1699043949736871 0.19280891848467333 0.0654089958964436 0.21110047319818648 0.28826462751707693 0.3229569969233978 0.06503137678737912 0.12168157053200646 0.11915521793154475 0.15705811343270573 0.12703073631120113 0.19081181032294922 0.13205878866731838 0.24668518538250517 0.13574104136985637 0.14646379474441013 0.19477185272804406 0.07098104235901133 0.1743326834704736 0.2119269217921801 0.2269372560667684 0.14847276202614665 0.1390449268406033 0.1185608686499314 0.11558085158819983 0.1170962885171482 0.14423742674013781 0.050706085461587544 0.043644805591359415 0.17660599565040663 0.07539346062543953 0.1200335169651262 0.07999368554911794 0.07031757784551207 0.23931997672436253 0.011547797257392954 0.22683634043779805 0.14679216407643822 0.28097243599626753 0.11042686519981076 0.01291017510341156 0.1224904373527181 0.031577044986850565 0.0665634633578987 0.011865048276881241 0.015365274642223117 0.15340061098954122 0.21757408609649703 0.12591481272785368 0.05224707627813301 0.10501268858447078 0.16072036012782429 0.04946026466560617 0.11707117013072305 0.055494181246145004 0.04926549019805799 0.05884576167203411 0.01758620622446563 0.18951724553050392 0.07071993950169225 0.02053407034147819 0.1635873554989732 0.1277536297883143 0.23051919300338872 0.05137467489210691 0.04090521204077892 0.17023863829313848 0.02365740959808642 0.018998416364852205 0.21525553572595896 0.15089623450012318 0.017814142652177747 0.029176227027652143 0.05987687376732731 0.02791006847932222 0.002363761297395831 0.016886611851499048 0.06081946312306143 0.02377726616336035 0.1492450942756712 0.2072592716773135 0.09668999023549321 0.05568149834124428 0.08630781468686215 0.06617964471447292 0.1345258318977906 0.11882148199977176 0.03742782167931007 0.07706755646409838 0.04369993163444983 0.008726653517439781 0.044443963073708466 0.04774227694611299 0.12594930859064554 0.22690460472870483 0.1241046823966193 0.03912101314166863 0.009185466957029226 0.008860956492119031 0.06378750534645795 0.08111167160674704 0.04004839470370451 0.09328104526693468 0.016187847709406424 0.03934422509217256 0.07516599264392142 0.033235611611624416 0.08439266591320545 0.07797623490694865 0.2606237892820604 0.13415000751661674 0.14226733800924668 0.18778751679698077 0.20925376777296265 0.28049986120650744 0.2775667190836248 0.18177029214188872 0.20800962181070487 0.13512454655204745 0.05325451317343599 0.03882369096528739 0.13771998161044408 0.10905450892332652 0.17035005149260152 0.1016764173736948 0.048194265235342565 0.061631901411835686 0.0157930453653121 0.050859040851156674 0.08664478440178328 0.08654448382869194 0.1966616116835756 0.08988781540077576 0.009873894270769627 NaN 0.07311792673161774 0.07328284202023215 0.10637289409021847 0.09774399238570518 0.10453169918777439 0.057016720801325645 0.09606053015494055 0.08741116834170402 0.057309675920464556 0.005253398813479334 0.01091823151866419 0.034883227367803686 0.08677952835889169 0.03978265557591006 0.0356389667802743 0.019279874290242263 0.1095299130294247 0.19167595348848054 0.13187115999420826 0.05705133227696171 0.08052059081549771 0.16147680253440092 0.19507655519907632 0.08742250661694242 0.06292228961154328 0.13343735646804192 0.012308169288412614 0.004214961949936043 0.15026777711719186 0.1012500314763374 0.0011524778394389461 0.052513909780959336 0.12601386523221983 0.12779644391450612 0.1199565502327654 0.036060057471418175 0.09251482674975227 0.08733653220824601 0.12463990290844763 0.017124956787348457 0.045434212817443476 0.013358678681874417 0.19502750766695653 0.11315831005589896 0.12048402456216224 0.09347682442204196 0.07575886636630619 0.14923838011215204 0.24841099157861518 0.31378270060714847 0.3062355923070996 0.10074847277505539 0.012842048334557911 0.06394750402768497 0.14225591775226176 0.11432543485476772 0.00011399161055094827 0.10243234732973265 0.057087550033874127 0.10803258313876077 0.0009896089350152181 0.043885707683741955 0.07450104512420609 0.03435858701924861 0.06021413004883629 0.03288992938058133 0.07730418958225227 0.13375966749885068 0.04087530999703278 0.04265153846416118 0.028927866859163723 0.0750718917467369 0.07659156009497695 0.01443877627363245 0.11284080280429616
0.2740551926820158 0.28726463454868373 0.0943324456207229 0.17870350542502011 0.10329835297373151 0.09581270439699298 0.19655873924187756 0.3505777490278761 0.20786305196117608 0.20638694010677072 0.23412835200435358 0.4353002465363977 0.18637165919090704 0.18643383559298102 0.342070516083002 0.04224618886317532 0.05921927612410275 0.3546028934666031 0.10619730875360296 0.05977551785058267 0.18425707725236357 0.3122788118714924 0.32933626576848407 0.2445896738266825 0.05924683518108726 0.17076197938636828 0.14386038045055163 0.09449746405691237 0.10245154974494532 0.21681619978247182 0.03991995206392064 0.030581573875805988 0.03156285859810043 0.15562266181621245 0.10811894432132979 0.11360881030780264 0.022991902665354013 0.20826231654167351 0.07915228009517664 0.25659922559387655 0.163901969695756 0.038515909573445924 0.0323702290248161 0.1282563350946334 0.10072282254935444 0.0032191756139989753 0.24049457798518206 0.01914396203923299 0.03136873670624492 0.17380356340572387 0.32346397082475975 0.2410717815792397 0.20468285646417683 0.25097983519764816 0.17895302442633712 0.21342339453601744 0.013918277205045139 0.08034564853083506 0.1202612908370751 0.21078291139556307 0.03765480955011308 0.01121551416925265 0.11486462424715414 0.012762067964766158 0.03820502663985664 0.08466556847055397 0.18590280089514855 0.2760873258742025 0.34023947610264355 0.27669836561359346 0.29835125898953296 0.23017671714991453 0.12328677467718467 0.14168481267746674 0.395646564392912 0.2811331270572258 0.005310250340083756 0.08220671719543317 0.14618092405807792 0.06271632142324737 0.2071548805164384 0.10777578281380623 0.037656584551829644 0.16987578450876026 0.3196121373416822 0.14547322854742387 0.030702898727493756 0.014221370231894726 0.09112967207576067 0.062344774636956354 0.0030712914234233514 0.06245500794322487 0.002574242304376261 0.16351509676770007 0.03845464383518214 0.018103833633850805 0.05060396545194495 0.08347788221531577 0.012534578140644688 0.03166380653922736 0.046825632975913085 0.04072507466667091 0.16901395012137546 0.06266637714147436 0.10855578827308499 0.09013371151760553 0.02418003368275638 0.018274472374227448 0.09812708089027353 0.0908835341367675 0.04351697475929102 0.06607486423845628 0.02757395853799355 0.020590218626144404 0.1316236704985806 0.3168852489237762 0.14295510947233664 0.10703274885205333 0.002272986732587413 0.1661585355536053 0.028430258405795245 0.042883239432951734 0.11920216346921188 0.07478494388963762 0.3863089948413313 0.08095797292531472 0.03761926485359005 0.1917877786268496 0.35988819703901853 0.027886821110303828 0.24540525874911273 0.34928638585878 0.01673158144927112 0.02720976735468936 0.05849235968414632 0.09629335727565605 0.11616500307895655 0.30729455283297796 0.278796951208451 0.07133795001936562 0.14644067065422106 0.10591968124650106 0.1471985594821639 0.11781089250323577 0.023690696133147178 0.057144326061196564 0.04301241299558281 0.2675180313944122 0.1484403611505855 0.337970875810822 0.1475301535490097 0.023795149520123585 0.04792559054998049 0.12053276430521985 0.02503186332340683 0.2904344151182882 0.35776644076096403 0.13500530761332283 0.13443087140334198 0.07358972664062005 0.17161712713166333 0.07161563929109055 0.1679262119356188 0.12996569351561948 0.15098636200452675 0.11513121727286037 0.20170920150636054 0.08518721958826159 0.07996639071533755 0.004974554489922316 0.1302379805044438 0.07595119237702803 0.16309289117123407 0.15062850449049364 0.11433073847663429 0.23213971431095257 0.015601049868992602 0.06100134708306603 0.17305571320167962 0.17519494693159754 0.2586190715759264 0.1099998781420803 0.020120487045318488 0.2147727146974097 0.11818610304159102 0.005030340123863679 0.1275705055807235 0.27056447895173724 0.2346860641911861 0.0849071714301996 0.031896079837896434 0.39430028469789336 0.12277257890746664 0.2577689128345053 0.40462701288457875 0.07535990445060758 0.07205589870550137 0.39699781868009265 0.08158173729165306 0.0792763687677414 0.1361481240321451 0.24962844789073665 0.27287771605086125 0.2688769074235856 0.18173156876110846 0.23767502748594735 0.1386824857233692 0.169174536880573 0.1330142315546362 0.18435946510707024 0.01322396322164301 0.010516314345283889 0.06963529208392515 0.11876987932745685 0.1924340641265766 0.07533139379337593 0.05369176768529171 0.2508042032113655 0.09877522223377912 0.23160292213422737 0.07714914489112407 0.05696688404523131 0.014353597207318844 0.1124407150664338 0.16580688796020046 0.08934091578174005 0.2722096383853959 0.03483463818562737 0.0084489008002851 0.005698858068276473 0.2141941613892216 0.17091824715806261 0.17691871110497856 0.1718465888444996 0.17999953610350333 0.17763454152773325 0.06371023635250385 0.007229881553557444 0.16074929110338054 0.10844257159407787 0.04031566113584408 0.0648852856029067 0.08025827968960644 0.034426071802824317 0.006226515288155023 0.04353487032574555 0.1840312255632251 0.11750052555926904 0.21840546956285728 0.22886012664291755 0.2307140319646405 0.29999125564276735 0.147229693551478 0.16752339193154955 0.44867926830987875 0.21234331050306213 0.04261201938606114 0.040705783720226145 0.030795962069173503 0.002333637645239049 0.02579071476789796 0.06724045286284376 0.039495655033249095 0.1809992620862383 0.23826903849359998 0.2166740381611061 0.181563705559253 0.062373363824201375 0.15182818039271354 0.05607920696178648 0.02824244022820251 0.15215784106542082 0.03550642190095928 0.018778772834596676 0.0193675272040354 0.05570260002440346 0.06998099653745685 0.06089371482683583 0.016350935915781444 0.1382859993635037 0.04374589627706316 0.03302725757134867 0.1346972297101598 0.18082278213483569 0.21281913254458432 0.00817274501029744 0.07832658165316818 0.02601027697649167 0.024574642724870664 0.02963921621820469 0.009486962986119755 0.007504456810582031 0.047323749543873944 0.11202379263628305 0.03578250622742209 0.30094753781393646 0.03306318328848971 0.09945368780852444 0.0524724488164102 0.16056742216534894 0.04269919605704468 0.056227073447343935 0.18108906942682632 0.07311792673161774 NaN 0.02904169208715849 0.01743087347700907 0.4193444694832632 0.4837838815144891 0.18346499865990573 0.13462682717720417 0.21936929247261336 0.04580306874253929 0.018223031985523056 0.1784350473880613 0.1761466025024958 0.08038491635045321 0.22324584441992898 0.43745142974956186 0.1547088380883038 0.1560192694740452 0.05709360981108898 0.27408987215215136 0.21116680681382421 0.05853561548401404 0.1004892274645537 0.007398974029204899 0.2731399131658782 0.18994639530658322 0.36707232090347724 0.17602220213467523 0.11764611841575988 0.170714200140743 0.09426048010438133 0.02392749148282805 0.22616202352070164 0.1863620920589776 0.15684969772787605 0.09083800127282603 0.06339754340567996 0.09939795600041217 0.1491459494600137 0.2263257595040312 0.13104716237923125 0.0381131541947284 0.03166715662508247 0.10723506196951259 0.05596487858257436 0.058162997920553225 0.12417287368495963 0.0414278763633071 0.06615684538371189 0.021871677715488154 0.09397356009309704 0.3277561393745975 0.261712360173405 0.07343449931382591 0.02509113330808258 0.1068317916771828 0.09339021548805895 0.19532835380771926 0.17586342474777394 0.019068713834275133 0.08984147457053583 0.07710514251139257 0.1534050335813614 0.28480009393535705 0.18524928806218288 0.04002627550106317 0.0953890339975167 0.13616372004820446 0.1676008759858851 0.09143754713280174 0.15599172783675105 0.002067311673816636 0.28247486258684895 0.10961412537623223 0.00613561014874036 0.09661353525740378
0.10209834188149589 0.04045461726809996 0.09896182843468622 0.057839624706297596 0.0712867333396232 0.10932995855640404 0.051390518766438194 0.03832092045408476 0.016997353699517798 0.007341756478507349 0.0715244866364696 0.05773247426559478 0.10361335182563844 0.008967412420605813 0.04561155414375347 0.04873787519858826 0.07624936318380611 0.03221925913194925 0.091279720550142 0.10429544720999415 0.07346346731382339 0.04680832597082187 0.012034412175722606 0.042549867194483844 0.023524153504176738 0.019606910992331784 0.06478191562505364 0.060894097029907446 0.03715619219655154 0.06517788579497927 0.05834655203552668 0.11813169041475072 0.04357583448101418 0.0008522545795545204 0.007440674351917875 0.02852522779277411 0.0015673516206597359 0.0055187306360619266 0.0053564921420463174 0.023698836140108096 0.0744690294195576 0.053689094204673354 0.04698892871904612 0.06833269569183342 0.03835111185503808 0.0025610658261597708 0.014862299432102108 0.1052583248162944 0.06150999134610344 0.03335896652172383 0.04700550212112198 0.0006312090846560512 0.03916746412981198 0.009026432997692582 0.03666341720554277 3.789903306754362e-05 0.005694702119463127 0.04908273071473676 0.01049371907397892 0.003786770499333621 0.06236079308298543 0.06403429195311536 0.01565582083439151 0.01198220804233001 0.09152649045754255 0.01950155385870552 0.00893096625334917 0.002613501429868371 0.04795227575647906 0.01997923849038394 0.023778585575245804 0.029475692606204112 0.02243260358984523 0.052609775278595346 0.030102462042953977 0.03818688044125558 0.033796194781236244 0.0135915318006548 0.04948044776690397 0.007714299683108616 0.13096042227134821 0.03536242745748456 0.013369490977393856 0.0029082390122593623 0.03276049774348561 0.06096912174122191 0.018526184612383628 0.08254572759666795 0.0673776205510485 0.029456261236258732 0.04218389987147566 0.032816113766485064 0.011637102471415351 0.02278746803622963 0.042687538267777395 0.026433678862097566 0.0005443291746069444 0.001742133336076333 0.04838074202191891 0.05341430994114603 0.04593095565875399 0.03662151487514639 0.019746283035979303 0.01601560350591014 0.008062901899323025 0.015223106077859514 0.03761154933468364 0.07446168563900511 0.07770205401578859 0.051118195164902326 0.03644096127168464 0.03704116359618077 0.06834282773075398 0.005135827269718907 0.01965595095130982 0.07003640470719327 0.05304326120092092 0.018780773957932723 0.045707666273511686 0.0405374747619218 0.07557519810925382 0.012762400434336227 0.05056337913022856 0.045561937584863994 0.0029168741971331144 0.07620512125036484 0.030758193944486537 0.016528209268887 0.030406890197475646 0.028964079678560305 0.035847144433605635 0.01305414889904046 0.0011809794682170268 0.02265319212789105 0.006249769673054035 0.02072600704427077 0.03806413434816283 0.03685300030120831 0.04359205752086711 0.00166840660582444 0.06279209379753639 0.08738240460281199 0.0658524459477792 0.003003162352567223 0.005563661008179358 0.012499035939775924 0.0337748756187112 0.039228671228468744 0.015767653230322705 0.041424102330107564 0.02572629992786403 0.013659618257195267 0.10290364928057863 0.10581957616043494 0.049211451512813705 0.0235676696677152 0.0405013080557326 0.08743258106541912 0.08825256208997825 0.07209433440418889 0.032967627385061614 0.04151895033568851 0.003636939143344078 0.05247550718937804 0.039647323166239576 0.05546849209421841 0.021067728484668695 0.03636970663036075 0.029050956798374168 0.08161307859618754 0.0129450763927959 0.027458038267755357 0.010386538681038648 0.017801731848314687 0.0006822594547211962 0.027878521075394243 0.0026584134550325994 0.03608543334807498 0.04138330270902512 0.025268057395336427 0.0609176774291806 0.004113567997646061 0.022298747217498076 0.034867325914341725 0.015695967469006793 0.08098703163246185 0.0413465781319248 0.04962327637932835 0.05587182807389091 0.07866051303992082 0.049829747652334264 0.029061417258117648 0.013698220112363874 0.015073616828940935 0.05357529932367892 0.06033162979833588 0.1024792150218635 0.04245830324025689 0.08449119958575076 0.041776066468500746 0.04370463191074908 0.03345911374379898 0.026177854671661845 0.002228777635323203 0.019927272267561042 0.024612636327732664 0.03158152024179301 0.054197246526283556 0.05938545842445327 0.005716647789887057 0.03201459684321573 0.032686144133628234 0.023239092380735283 0.07679966243836865 0.002693465112675001 0.029223524738854985 0.024026000164890895 0.018371422317191622 0.03378436986256254 0.041050671355322414 0.006021484422023017 0.030656470954819742 0.003950573855837057 0.029800239369726138 0.09410273945935611 0.024906006738761078 0.005670152918345381 0.020770795395852405 0.060216692046380534 0.062419257420943536 0.036162837692664 0.020455446130931323 0.03706890935814785 0.020052896334388795 0.005830875989760763 0.043928396857289914 0.02501529099410145 0.03633933013401722 0.02505468898227077 0.010095567295050472 0.025278129981045717 0.004130840924862703 0.002577702123110645 0.016825157265934466 0.017850065811719863 0.011227042957913599 0.009393263689815887 0.024061171775869722 0.015900348950481365 0.007438740218461414 0.006147810072725005 0.020432153637527983 0.029274788986628754 0.029855843249010885 0.005009984858554279 0.03367208457600922 0.10163101547410218 0.019322553500652588 0.04267203671360262 0.00981472185661784 0.04466215218594968 0.024584111194570036 0.05150484505485874 0.01630447888226414 0.02347599780524148 0.012641574653965782 0.01967552068220386 0.07646453309481617 0.020199497829560435 0.025240070630536224 0.004301890499685974 0.06327050877394061 0.04455882068021325 0.013935098616670487 0.09255840803619972 0.006993525535170877 0.00987698689684665 0.0390323201897923 0.011611515506262535 0.040615343392887436 0.003965431672163827 0.05557122786840033 0.02287146447013148 0.02259803858181033 0.019397972286830444 0.0522618101746652 0.03222209098378659 0.06030546277639751 0.003003927790337967 0.006028645922522865 0.053937788884849125 0.012100742583487143 0.009712399686797898 0.040894044653013495 0.038523279772155625 0.06991951652840173 0.027181180009541138 0.020641668820397713 0.08139884098964004 0.002288603292892103 0.04596883898294196 0.06424064057327761 0.03320111227297122 0.07328284202023215 0.02904169208715849 NaN 0.03283430976359676 0.03336913629768414 0.03538873846004691 0.03062804257387147 0.03700877132553585 0.04577304523696542 0.012536576066223649 0.001453081793473928 0.0077685127541785816 0.02741495214034811 0.09619237297599675 0.04931374961856468 0.07485805484152894 0.011813917955188491 0.05845705631689432 0.09127162806585741 0.027964061487835347 0.04490538871763818 0.03621697622869434 0.0374228316567175 0.030924058108119906 0.06957823883556542 0.08082280260956164 0.0020676258194721555 0.0526341986463236 0.006903226565976957 0.055614257246487865 0.0625571246428776 0.10199783811191634 0.015469255920580112 0.011157120066385992 0.0652377729750224 0.025153269115797527 0.08469178090747209 0.0018371572423937733 0.0018630809609625073 0.1122029153994632 0.04289362959013415 0.03621774792116048 0.023715249334671264 0.06288627301249447 0.07307515248029582 0.057114706074981335 0.001748758066740067 0.04987518933028835 0.011620574513979109 0.00601989529825769 0.04698133386595444 0.03568904090021858 0.026838926937899927 0.020265455022627832 0.04819289211957542 0.04413225531803356 0.04872174771082793 0.04914629748014593 0.012320116694832026 0.006793459806261271 0.02906951202380555 0.015070554148453243 0.02368833192677837 0.020783869379177092 0.000703038377306271 0.0014450954445911657 0.04217995260899571 0.06851289010557833 0.08916869779239035 0.0015461799991077438 0.029122599201421604 0.017153648822999846 0.03702220565092283 0.03260140820653359 0.011009462785260172 0.015648036743996445
0.03456094869749137 0.039773854063913754 0.010521677197181792 0.039750685106542574 0.00034678444494435826 0.07387534238302448 0.06102260837520671 0.05543573600736564 0.02946380871054155 0.01695518453235328 0.09242402878585915 0.03376337744547208 0.029834107788793904 0.09415806121684238 0.0480743802474588 0.08519943317501201 0.12864160213166895 0.021775762497713718 0.07974203754094801 0.05489487348960219 0.04561773781982229 0.010604137541435963 0.008777450865237235 0.04027828300760469 0.01774985011529926 0.01299167036608296 0.06543201995903179 0.04238139727146462 0.0934639548573932 0.010682241967808192 0.160573846982496 0.008900472160143565 0.03615012027368659 0.015729033496608234 0.03328875233845499 0.034654592546744856 0.016973540199795644 0.08113395664825353 0.003145712296472067 0.1412789385692192 0.020136692094498816 0.04189731416583299 0.0008988353130818533 0.0016502552366522854 0.031073739012484315 0.10435189144234595 0.053940603557210955 0.0698389000263538 0.04634206892889339 0.06733735156260857 0.09095708685057949 0.019676527397236628 0.02163472820079497 0.052214189190908186 0.03019958430096714 0.04301619649806963 0.12277646209862914 0.061003685365726035 0.007845305815302425 0.01820767048121097 0.08088795459109246 0.08414597840381005 0.11379088295786267 0.05842725388624112 0.053946634157304066 0.04574079062774905 0.04284025609102588 0.1037641199976641 0.04767574795639779 0.02587950234530292 0.004101807998221023 0.0356877699130002 0.06333999261846765 0.06743132795960058 0.021034615538974722 0.03432192837521053 0.00863046663973078 0.03593429049955409 0.06433625005116812 0.05145869905413114 0.08735249589802987 0.01982191318687699 0.025344987108337123 0.016322861273622803 0.018514913206342614 0.01979851547490502 0.08981666443636042 0.021600224199522306 0.009978617197901605 0.07560462299566692 0.03906769898663245 0.01474906509070521 0.03878543609548768 0.051923940244455555 0.07071778620774748 0.064858039743017 0.031513157614185335 0.0644337329906804 0.024179293697576903 0.09692684015527683 0.0017913848533517385 0.010553658684254837 0.0172659245720414 0.06848555866984457 0.022926184727353586 0.022169453371843707 0.0752025575069406 0.00274497590862929 0.06154706669411294 0.015441400095707655 0.07877455859509262 0.050166033835207804 0.018067416946802695 0.01890997038847529 0.06604702127715678 0.04862570999630189 0.02944625526882097 0.03650622004599985 0.07236606192243392 0.068473931691764 0.02235030447112427 0.01920084634542124 0.03505878797707475 0.04044817849408844 0.009723801181877758 0.07245340546653384 0.12683598856436185 0.017932874679711754 0.005741710686203509 0.025991086393545127 0.09176485193060134 0.012922912526474798 0.030119969600501603 0.04591712013785138 0.018900197528121776 0.03247006777981385 0.0011962687351639756 0.10941354984348547 0.05501588428478526 0.0027659673417351634 0.017674672650148493 0.10611598590578765 0.26316141659759057 0.030302222148898862 0.053551797190708836 0.1818344340535775 0.026348042675116312 0.04071618347423013 0.09851801278383568 0.006421813915855853 0.03188615673520945 0.13419938340505155 0.07069392061102268 0.13845438009827365 0.09231637227596463 0.007727113286652512 0.024699340972362586 0.18333528698451668 0.10210260875493883 0.033015716513542535 0.10117430636968403 0.015447135248824184 0.12551465642545329 0.04099718718061477 0.018448512914311772 0.037871082907671896 0.013613010923582915 0.007035737236772275 0.10077723635940715 0.08554910093801572 0.02149216379416319 0.04208293862272895 0.005503501952519057 0.03450542677165181 0.09797914590964218 0.05047495111316542 0.04158684931700564 0.051112661406056616 0.03855941501505814 0.05726502505836899 0.05352150487193568 0.01512906085606098 0.025555794256384205 0.06844902117160087 0.054883916571785166 0.04829876785115144 0.004650539936913794 0.08006037575304129 0.03939829026661115 0.07327090330031341 0.06700427217004899 0.007569807750546054 0.04548558854817938 0.028868539925447932 0.07684013623261639 0.12395219517356627 0.16620614266543124 0.025801214275010163 0.14833070587231048 0.05016727133953819 0.07417515732875686 0.043229957471509636 0.052768566717767806 0.018891793703151808 0.03133650581415522 0.04383131854600274 0.058310349232448835 0.1175760433572695 0.08323502208532386 0.05595206594969553 0.17238363525093234 0.07751664170469887 0.04023767832200862 0.006858224961624134 0.03660732511743533 0.004562842385794817 0.025745310256722307 0.06299876308533271 0.04223862513203946 0.07448178987044941 0.024033536925281786 0.01001067602502478 0.06528019227197994 0.07418130268470144 0.07344662494630387 0.11196267552886012 0.04867223976592054 0.10487674147513432 0.09969546803888288 0.045115162680906144 0.07852410271967945 0.06099666493246726 0.04428059811773707 0.04156222699780013 0.0883908834258022 0.055364082259244884 0.0075903954722258615 0.013629818162131213 0.07140670749617134 0.04340226582406587 0.004990626639733723 0.018648115701545485 0.07734989948744457 0.061513214441429286 0.009861081568983422 0.04545733782495166 0.10481622724988372 0.08018352137723277 0.018071515761656942 0.022559412557643956 0.000325807314282193 0.03495250246957061 0.05021933680916336 0.015945410319096322 0.057290425628482765 0.09199813417367768 0.037305247763275276 0.012250134951128873 0.015456045620464124 0.029386202388398952 0.024237811701523757 0.030704955101658236 0.06766162724039836 0.09413848311775622 0.02928024172610451 0.01167018075140969 0.03615314345947526 0.051442693194008786 0.03109056255606009 0.007481949553283667 0.040055077452414996 0.037973142276343456 0.005537107636882842 0.055053469687832916 0.04957951831308232 0.04896530294561777 0.04403568879090892 0.059353530420031504 0.017374551459143506 0.018214183322653836 0.05961967483793101 0.008783199240858547 0.0372822207632449 0.008562179758678056 0.025864836747112666 0.03681957670864312 0.06643549123570759 0.03661794577470488 0.02797060319619055 0.08308477823704334 0.002500101632438995 0.06272454851497192 0.024982852254672727 0.003678828915175452 0.09205649795641012 0.0033914875645928953 0.03235960595818762 0.06566372283840698 0.03641772210941663 0.026269113756534176 0.04061621244054513 0.12452052920479885 0.02763290196507098 0.10637289409021847 0.01743087347700907 0.03283430976359676 NaN 0.04595671993341508 0.023184969409262228 0.10119962223503817 0.038310337221432324 0.09401445006575387 0.0164102252064337 0.006140244655114494 0.08581184831867016 0.002977996749432778 0.035822155091110267 0.1194551136254085 0.048188911824758277 0.058441361928948686 0.08761070989019222 0.14589245672801093 0.23063583151872785 0.03346506237266027 0.04922426680359953 0.21360030926711251 0.020202465764814135 0.00510830266614532 0.01649524800526841 0.04763559205859125 0.010160647682729958 0.045556732029620406 0.07601971951530923 0.15432332848980382 0.2470127395770105 0.021999536882385564 0.010586195348146844 0.18405203530069292 0.05222165221144226 0.07889332948706007 0.0801966471235375 0.0528550992109298 0.12028108759781223 0.008402570798387951 0.02644924412377916 0.11812091168430663 0.020697970463696185 0.007371830634790624 0.029065029216524884 0.05074265684774175 0.05138118981077029 0.010442988704239917 0.01199368497389974 0.04235237943072762 0.024500602441535815 0.01887768100360429 0.025356522332823046 0.049277580126018745 0.02521360187250895 0.05994314322663538 0.0974459772711955 0.030843245877015067 0.010660792604306637 0.05146368522902859 0.018424733353975944 0.01943986707398594 0.03784538745408172 0.055130784760503856 0.050430111437527514 0.002944376112014235 0.09613740878354049 0.00747262497361091 0.028913314141600113 0.007695568867432616 0.032992821723282266 0.06355719889103559 0.041878221830434506 0.027957499371305154 0.009508217346392395
0.041583670593641174 0.14525030152204982 0.0032731499241349213 0.009953440751750803 0.054824979174792884 0.13722203227579058 0.23547806414391229 0.1489896329265666 0.013793746384473064 0.13313853017813543 0.16877225453233594 0.3827951885072001 0.07941446386464518 0.11294353680518103 0.20309462990972627 0.015563469842644633 0.12029693134437441 0.28962999009125767 0.009253188619417577 0.102109235648597 0.12590672186461177 0.2293062929090444 0.1792403691143031 0.10993771724701154 0.08974563143169585 0.21802813130325954 0.09282053981700396 0.12603865974021639 0.11680184066064052 0.19353708598680075 0.02891754864667634 0.09285288780394534 0.03150746984633979 0.12312827901225103 0.07108753896367083 0.030602256087159586 0.10515419130988392 0.15465059338746245 0.009896032352198322 0.10102853348447488 0.03719597885251791 0.08644178734393264 0.07193732330462196 0.12733329920585304 0.07961193901581919 0.047834633537362406 0.10663114160893827 0.02220426455502915 0.016785981429345814 0.07205777983883327 0.16810960794303587 0.1176435648635086 0.030711620148112077 0.11432258349173212 0.012349720862874617 0.06295556900280291 0.02716599371274067 0.034463947216674694 0.11148610093064744 0.13474097016723152 0.0022950077252693627 0.05417740818364422 0.10219985409635429 0.013830614248739286 0.07279862177473126 0.07164854234747971 0.07926716731199818 0.18922043480904388 0.40334827234470566 0.24622648220121782 0.283575699096399 0.256025792445538 0.0708296932268159 0.23288350787736703 0.4216847956686187 0.2600540120530923 0.06078347039077879 0.12779552333962102 0.026147283276681806 0.0011344714314388967 0.144534110529156 0.04703421629803778 0.08092410493043703 0.15451053167394227 0.1858646633154531 0.04787280633340303 0.03321709661041615 0.04400208781309494 0.02011625100255892 0.041648849204893985 0.0586703274784425 0.0645869118039914 0.012422404339342535 0.1631350469175426 0.03248268856680216 0.023041338954225745 0.16948417426289325 0.10581982771866198 0.09775785778317245 0.08348659427587654 0.0392179968089367 0.08130134035650671 0.13619953678894528 0.11674436247862675 0.21351308962222776 0.00144605987752601 0.04263353698920593 0.00046980890717862416 0.0401704488933218 0.08376924585851164 0.015870667527652798 0.07892149785599838 0.04007805484229567 0.06863552472973249 0.046523276497116725 0.20131848639311958 0.013399522181791692 0.045481434178606055 0.012737643279646098 0.07776179881921677 0.008274648630599207 0.06889386993487918 0.1532204722135562 0.052517210602972444 0.3385763701918133 0.08865814569286432 0.02076660308117904 0.2532926178553867 0.3833681074767453 0.012917024519509079 0.297552211111558 0.2728347139210119 0.09250343641544581 0.026925225457360858 0.07829646861053198 0.09873891323307638 0.01816477101507151 0.21640485033822307 0.26242377930566085 0.020373466919716993 0.12079598240013584 0.10427374437524296 0.10542357815358537 0.19459604099843258 0.07607663514175121 0.04515807655804002 0.058990129064927545 0.201322656610622 0.1516884196218414 0.2803193135574781 0.08999349614611743 0.06890874936362529 0.04656261801617295 0.17581319815549007 0.04735665163694062 0.18997637048507446 0.2340426775402886 0.15839051743005464 0.1373685938879208 0.043828479246754155 0.13711915643612127 0.04876240403695936 0.13555089490049196 0.12728282350904366 0.10020021185181342 0.0565771313431017 0.10069204541944556 0.011918471011504068 0.017763602470544315 0.02960655437718954 0.11620229565626387 0.09063934746701001 0.024671134728487393 0.10190051002778885 0.047790809317295645 0.21885212464606327 0.050928051256911806 0.01786767676098688 0.012735084704020093 0.07507820750325735 0.034764016149660876 0.03941676996758927 0.008753453028538872 0.027120060044442625 0.015347885158523492 0.12367632802746072 0.18843956559644426 0.06963045275071465 0.07859955809823274 0.0966161599308132 0.03145972048835007 0.3454321430233267 0.04705677155215634 0.17410515758657494 0.24158701613711642 0.029786500425904604 0.01889745221813251 0.2861544974541098 0.02087861378179003 0.12733899195991244 0.12456176173277272 0.23184074705875832 0.1512168169000657 0.10665422332383881 0.16356114686107456 0.3544880485267027 0.00870264592461456 0.1575947136256011 0.15417281101214977 0.19519099646694368 0.05967506966872888 0.06439509095725518 0.052480906482641344 0.06628192742801052 0.19888894859411127 0.008878147974745372 0.029098571602821026 0.18746792322776143 0.033602273850357404 0.11601383743934911 0.028624386633634508 0.11222600491407203 0.06384441638085801 0.06321735642645979 0.18881524100798142 0.10322276998570122 0.14892460540064273 0.031578200009876795 0.047584816338267485 0.0028548854038260864 0.018009941094463473 0.017062318802129477 0.01289946453809194 0.0520910680563161 0.025191763257444027 0.04554157027525024 0.030461214568817445 0.024442840452812104 0.11632805673470305 0.07996741941804276 0.018973092794000647 0.06391994586951728 0.04213885407402765 0.03054210529651776 0.017566763109776378 0.059742112152210626 0.16505498938549215 0.12847931370520285 0.32609860338428387 0.31912949285195324 0.2346748386514652 0.19067356936872346 0.05658639491419102 0.16572844941392592 0.4248417568437046 0.2309915009258981 0.02411355427720695 0.15374938810335637 0.04204687779361389 0.09334211483178768 0.05818086680674807 0.017439181229077488 0.11487311788694572 0.2022241822110711 0.1512019983445975 0.10653109053504989 0.16112398504203831 0.1492024933099724 0.04358100852501744 0.014692455368569413 0.033947413745542304 0.04239450724843034 0.028888884092030873 0.06514658178609053 0.027582534587274398 0.0058518868433779245 0.08519777858845544 0.004822042535894034 0.07075501679559473 0.03576272588327533 0.03211613931005751 0.012938093393406609 0.057327986714696716 0.16599418245974273 0.23386527649213432 0.01574129509920331 0.012368626517688821 0.004651933749376943 0.07761127539526326 0.026038724122201512 0.056136865157368356 0.009250323591403506 0.037171592826840974 0.07835212401007169 0.02942351807540897 0.1684408278871012 0.007982809103451168 0.09625303610201866 0.040733269908224255 0.12949002698072007 0.04709564072844445 0.0807234623547936 0.1351371949013383 0.09774399238570518 0.4193444694832632 0.03336913629768414 0.04595671993341508 NaN 0.40874426081656934 0.2911566106377514 0.28625695198948914 0.23444753111428535 0.11639036468786791 0.00515954791234942 0.15049582104294734 0.12955971599201355 0.11989358262994104 0.15395346638226995 0.31507532211062206 0.15377986878279676 0.14435616459994172 0.08727107093004183 0.23540462112502186 0.19176370953732966 0.12308033001726383 0.10285177886095392 0.11575977008400157 0.18321415060759957 0.1895502174126107 0.38847581769150674 0.12403345842146339 0.0971666794826977 0.10923545468935773 0.027040692333807313 0.004006225373805137 0.1411429779164322 0.11612874300145926 0.08370494740141499 0.04955141566239056 0.06267061262907145 0.16480966521355297 0.11723604019389397 0.1656024780177695 0.165283568475471 0.017415286469449807 0.05243097893926572 0.11006354931643483 0.00439127660544496 0.040077784238294216 0.05500037596416602 0.0619790005935425 0.18572307647962805 0.014257426868666915 0.09348973643712533 0.1281518753642704 0.3722849338412811 0.030120246253040973 0.003996314792902592 0.025903644654608853 0.041047252189122 0.11681278224577128 0.0754356163927555 0.033815814472048185 0.008832342102689142 0.0023154248572663655 0.0403997230576023 0.21234698006896752 0.16129548306286454 0.06161917950258627 0.03140189665651745 0.08138721307567318 0.11079941145251847 0.042366183264581005 0.10772046553942063 0.0010231372143984633 0.15353321461158656 0.08182731771556406 0.036031225387354725 0.05280582442063221
0.05757351228850949 0.24930054382917458 0.13390157197181748 0.06561024814171032 0.07999803750443212 0.1966364336342337 0.2773110656752473 0.3504828605703064 0.1850376522753279 0.15093471644556167 0.188460758068399 0.5246102376391143 0.01915879726019516 0.17451781188988333 0.31070151021323145 0.00928862590063312 0.07277195263194045 0.3599853134553487 0.047631184405138464 0.182281793733786 0.1936067203828611 0.3420246573400251 0.3147687941510393 0.11768276700753058 0.06410903997532004 0.3620022889192174 0.08323993752194764 0.19177544896008297 0.12041390005622828 0.24306113773975438 0.03308453196354756 0.12609670557779135 0.06269080708986904 0.15464146278640548 0.1426684160995925 0.159863067293642 0.0984779148687081 0.16571614959927314 0.030698883031082442 0.1993794575522857 0.11300911329675754 0.009002262975296892 0.07342288914808734 0.02816224839521328 0.08487507718657047 0.047416872273486475 0.2474951469026871 0.08201618801996327 0.05819981450258182 0.17950864110725345 0.3174348507921141 0.24036836247326734 0.1909711857503995 0.2428888498370765 0.11548373104338941 0.18327163944392075 0.07182257969362596 0.0621784770143664 0.11222779653930748 0.14704652655056608 0.019064692183271628 0.09614712988696926 0.11988282385314418 0.0336459982312549 0.03158274293993139 0.0823745853911684 0.1890488655547492 0.22937230008743942 0.43618026455337083 0.21969708727598444 0.35072919653718804 0.3583391113233438 0.11512271236890101 0.18586647188370023 0.5590371489331112 0.31970246895758553 0.0007993341258059781 0.13398145905299916 0.02467722404958876 0.00910727903090223 0.20344571464182998 0.07096198148282157 0.003964525731073231 0.09175280419740765 0.22739102524280672 0.04095563400484146 0.047050232145388414 0.03486384363625559 0.01959415724590462 0.01569951600976702 0.0324898315973053 0.04589056330276675 0.01029209618740604 0.207095054759756 0.003910588212328159 0.011594275409368538 0.1622930371057257 0.15868524820307234 0.08420660341910538 0.029346081906452933 0.011090163131523834 0.07614954691698934 0.18742768065656495 0.1184587451161795 0.2525345864618845 0.07205335694466936 0.017934324709045053 0.04952405038764929 0.09529901339560953 0.02904516607782932 0.020434756567891215 0.049730262233784746 0.016126424560658888 0.06848312490184262 0.07413297598709342 0.3188378137026406 0.12806128863582505 0.08178954530359825 0.03768438291372554 0.12110174908099183 0.0411473038602207 0.020545457480543445 0.15477802983773958 0.09151691768220975 0.30784060338212366 0.03352586387134265 0.025405190611542332 0.2651629839370266 0.4984187143775129 0.011320086986849096 0.28499332370194036 0.3312115934547234 0.05393171746695385 0.013473578151283439 0.0685585302524854 0.1159793013308339 0.11239753993047462 0.3529614175012726 0.33398404405449333 0.03141029990696535 0.23354947995215802 0.004719102951237849 0.180292857776013 0.16501582688473862 0.09557835972270008 0.011802691495171203 0.11209059119450689 0.26494522688559796 0.12616249209798566 0.406183394840412 0.06015275235086404 0.007443912833943455 0.07613624305322032 0.19100389415228855 0.014742041469938565 0.26826936527973216 0.3785490724031892 0.2056234057770885 0.23813762900139682 0.13908139160143054 0.15720224379691675 0.12373820059066479 0.1760898942232041 0.16512496052966685 0.1367380886685335 0.14966434873752907 0.1571801493315045 0.06749080848004554 0.0645986788180851 0.01886884892832904 0.01979325053494106 0.05062437153919316 0.10847919467446678 0.14494316252276573 0.02988213813232875 0.24689807676051792 0.03706413567585291 0.019238895315067873 0.07104215897784733 0.12389361455808673 0.05580760507361702 0.14094210709573257 0.10355309177380215 0.019789980151136408 0.03747888818663679 0.15137569685833466 0.22937009293028235 0.2398297604467924 0.21757860507386922 0.026042123256707583 0.004512741941261221 0.5238104744728816 0.01770073194698475 0.22483876503914843 0.3591889252866498 0.026438007071903354 0.09383316723298851 0.3950574813454511 0.01813666952441977 0.19563479114379678 0.18722565572933253 0.3162079651408053 0.2340949873113723 0.14928830957294703 0.2851435635157802 0.4657754621196632 0.024967374773236597 0.239724136930141 0.10357824857062463 0.2600927427734034 0.04530568730713148 0.14644633963551457 0.04121410905173402 0.11789301434730388 0.27840444159642624 0.07869071842230367 0.06262012095429384 0.18387128856619595 0.08714044844108734 0.20197501913228863 0.012455464577700946 0.05209364765478653 0.08841304290267397 0.022560236005816116 0.1821793877268248 0.10626688485324205 0.3008281888617403 0.02481541038321565 0.05972418904008214 0.01337370698843076 0.15854502645603138 0.10358303717890796 0.18164839555480458 0.19531313621805815 0.10523336517357423 0.11828776399564987 0.08459184678518926 0.014171626475089965 0.15516456515148463 0.053902722713096894 0.049162603596812376 0.14777181718438942 0.004334994738510322 0.03148341498452908 0.02644707828208377 0.010278832069627694 0.31896086365656684 0.22116293060602069 0.40107929939484455 0.34434382199642727 0.315296403789999 0.291409077618875 0.18917458217120126 0.28472836511626176 0.56712052569099 0.30869707013298076 0.08597967826072334 0.08956193076143423 0.055315594963764404 0.07721469021905712 0.1408332504470579 0.03182108158190722 0.012859301659493123 0.13117365110846638 0.1838325169116931 0.053898403317419775 0.2311149044256478 0.13607295220642288 0.045453974193404315 0.03095288201178875 0.10675928501129142 0.08356781749342826 0.08342381126091883 0.0941280537022898 0.036635952611565686 0.05060755847266309 0.0069363770318375 0.09790507069432415 0.11573937185560079 0.12963260618021102 0.013043678134904011 0.009723971320255327 0.1260267463375401 0.1813395205476681 0.20422147939685684 0.0008346298427201167 0.08087316010358656 0.06169306379981829 0.030857197713843165 0.007748635207009646 0.0031178566494937062 0.01616512443094963 0.0621916427870733 0.13699916015392527 0.03223712326277837 0.2861980206846148 0.06987681991465086 0.0981415939779124 0.05975139159258954 0.15337789551599174 0.1697725529531956 0.02409040300965318 0.12076097639436104 0.10453169918777439 0.4837838815144891 0.03538873846004691 0.023184969409262228 0.40874426081656934 NaN 0.46135204847564276 0.21821575648456296 0.29686927971099925 0.014878504487760964 0.06561553155262226 0.21416726027522695 0.17123748839759795 0.0928859655750812 0.23336308334216982 0.4422530465229505 0.20434642339651554 0.12811168304974851 0.0009845899196179366 0.30332265999304464 0.17989711204638859 0.10250732323577724 0.15878752732704482 0.0362875246607373 0.20240574059617547 0.044138109299581195 0.577260721044175 0.21425332306089553 0.16340542150431694 0.2205434825766428 0.04637403001244791 0.017338772822692836 0.17711661291660907 0.1560789278052862 0.14469765514035443 0.14678435315509192 0.13299465261559187 0.2792514380341439 0.08559584919322019 0.22342023362660526 0.11710988372563495 0.00987709632573948 0.07633267746542689 0.12682431467230418 0.026330582584382475 0.007487567424134537 0.08267079298869211 0.058419757897397 0.14251401500310562 0.015581582135981204 0.09580957683562286 0.18227199384053921 0.31769904599985704 0.11285862318897472 0.012805376705587639 0.03017569939450712 0.04027899131776388 0.0874671199206077 0.02942337335548546 0.0996423704168708 0.08723560035321848 0.00017935951249505258 0.03977568395290231 0.24386944348207998 0.1626103618418692 0.06776671707764402 0.044663172018330866 0.01815896005755411 0.08525782304024901 0.059066999414264534 0.12705664498557037 0.03426760993782662 0.21808232208265607 0.10831744573359012 0.034791917861947345 0.01651122981291698
0.037423473002201516 0.034770175926738 0.10887734995139633 0.12984833089049697 0.11177856204890146 0.05042871181768946 0.11015759796515462 0.1021695124544048 0.015608833678896606 0.1016977820259285 0.07423530635575372 0.2395971106413294 0.06957149148977684 0.02928365412727792 0.14343014666148382 0.04637584996903499 0.03838191528612936 0.1312193908078075 0.009146396592902202 0.08604131616278851 0.06342091493216043 0.10664798434486444 0.05414659872193885 0.007684291107516317 0.09219816258031009 0.3267800645913068 0.030877200868042624 0.11554232008926886 0.07909147103977107 0.21025708851549677 0.1181438158068175 0.2597959625478571 0.018300093213503756 0.17815910436724536 0.1251616672098401 0.10316154452110833 0.052399280403787385 0.06045951590461219 0.02116114723689867 0.008856168838413826 0.0006302198700608096 0.030146725153662454 0.1445729039718286 0.06482353844369454 0.12561196870462948 0.12177576357337962 0.004385091156010566 0.01444306845798429 0.013251825437198798 0.07468100941866473 0.05410535959872109 0.006277390868659446 0.03036710878969594 0.015033809016397528 0.016282165053553017 0.05480505780232413 0.022636225557133443 0.031611171342274216 0.06493982193368701 0.11145635436363131 0.01679648094358948 0.06822953947724686 0.11810196854634139 0.003214979816448032 0.020688530109462512 0.026807109691373347 0.31148106554552357 0.061702814313084456 0.3056767720998787 0.1669741755136306 0.2552830201719022 0.24840420066610538 0.09928657683542064 0.1494393599989722 0.3725169806797012 0.3469529837712911 0.08313814880296615 0.13425425543487257 0.10550860015517675 0.10836214850333256 0.025677917055253175 0.10414504514370923 0.0261488019552023 0.09279816987499138 0.13055498202955915 0.1858434919077924 0.03308411928779135 0.02641518046628851 0.01538390167581486 0.08060519537178586 0.015614827576879637 0.031600477984799695 0.0160186973609754 0.14022431199917448 0.10960486756120823 0.2423162164438142 0.08838223135922174 0.07359927054258122 0.06570366159090034 0.11751829075658707 0.009406520219984258 0.008937889424258584 0.06384811334523756 0.029520380969989757 0.09363376299107419 0.0558839621864463 0.04834842058599097 0.05857939489540856 0.012553685793645845 0.05962915636796461 0.08935127224304862 0.029106366775562897 0.033191217987802446 0.07380625619310012 0.06457081473194655 0.024010805466664373 0.1312828092462754 0.007431815339849649 0.037265488799862426 0.10352204866022299 0.026597702645506913 0.018094155302984753 0.11595096775578348 0.015234484730996027 0.10851601990294579 0.013724312319144427 0.04684459360836013 0.13732327511231512 0.3197570596101056 0.28868941210199484 0.17559124256497374 0.1916810878048852 0.04814093636277763 0.03420047014036536 0.0836747317621709 0.018644954273743335 0.040374060052763554 0.08114442709680715 0.16432557715005794 0.0661170206792165 0.02011275239606531 0.03158184360588188 0.18741410436674777 0.10755979043478774 0.07475169981328685 0.0688799970612076 0.11480296037747342 0.17148112334304547 0.12537346921156348 0.3816278005005623 0.14764887172543367 0.045127753251198735 0.010236703683612534 0.051553613352279704 0.04131202365847159 0.05803822606852807 0.13206595986652786 0.12803402960001323 0.10421325155186308 0.034838127120807826 0.028853571107724407 0.14695133496865626 0.0276932236243138 0.0823712305608883 0.03623754494670236 0.053906161373610116 0.08956801749611004 0.05072915273628822 0.03638060796081868 0.004679733539743747 0.17596435412225236 0.02275817307869665 0.025757675127133207 0.01320256165945992 0.04295330588669641 0.1631348200555342 0.13512886852346287 0.017555267271711705 0.008897606230402652 0.058358780177645384 0.057462721782146314 0.03358337341382935 0.10219296477483318 0.14401355793607293 0.13150984062399454 0.09330740601509746 0.14406400756530985 0.014595233296004836 0.023101211180799785 0.07902871196088739 0.11115745468439307 0.3329377795673989 0.14319097546459902 0.018313232483240186 0.12905453561604185 0.014617646976476632 0.046648673144988995 0.1728086688254544 0.004546536783165652 0.1865841561612851 0.03647078163085699 0.10929503706633587 0.1094485259485065 0.03987072605952334 0.319685113937766 0.4138525769117166 0.06348752077000698 0.07238770442989985 0.09996316628787318 0.29394718593523633 0.1387921688477636 0.27937378636261045 0.04596391437362504 0.1811725600269142 0.40291691632144727 0.05874513012139126 0.042134021773211364 0.09325886808823333 0.0651678033142663 0.008433720456053614 0.02777902861924346 0.07073512320095132 0.02557149665792416 0.03522708782367255 0.17321027951961357 0.18735048562419102 0.08770922619035322 0.006215969758046765 0.028989771511731554 0.12278835378295712 0.05206580065876353 0.004438133700375873 0.04288011405063772 0.021761688015925793 0.03304394105382319 0.0599913783138937 0.06394991016211447 0.01195742726313087 0.10202461357097237 0.07704511016395442 0.018389766408703268 0.21778873040233535 0.061876152659735874 0.08031217480245403 0.01446978973255639 0.009473909155876219 0.430242132943466 0.2104217776204336 0.39880293213383633 0.3217523465437191 0.22760077373000326 0.19552874878016507 0.08476006924504675 0.3845162681038559 0.4214879630030102 0.4336452827761329 0.07821674118528829 0.21579566918566664 0.0477713915235894 0.15924664062316335 0.08168248156661906 0.1251694108745476 0.047107386798318975 0.14244291281316987 0.029867276417815024 0.09395970939463494 0.24802757519055116 0.12030572492951892 0.13190929615992747 0.08093044871650418 0.08498244177796885 0.02021484166371309 0.09726708785126303 0.18656615615259747 0.025493483917233196 0.15628244671188615 0.06351754378792361 0.05144608333112106 0.07099834407812637 0.07441486989549918 0.06540063564189816 0.038808132639727204 0.008880326083432359 0.00792486656714161 0.08743186075917389 0.010244079727624984 0.020186859235639103 0.03176608843974313 0.028433223794907807 0.020588561304935343 0.007565146349292934 0.027964645161679257 0.031344015095641616 0.09557893877592531 0.018821778325050335 0.025552304747324537 0.05419814634012782 0.010454311425466541 0.0033655893922722798 0.05716933278122915 0.09527050074293916 0.030164939554483683 0.017177467062191008 0.057016720801325645 0.18346499865990573 0.03062804257387147 0.10119962223503817 0.2911566106377514 0.46135204847564276 NaN 0.12688041978698616 0.3495584435197826 0.1735447408203561 0.14552537384321912 0.010325718019690799 0.024813784583258856 0.07742642060688276 0.004414733897043885 0.19940819133641194 0.04822574376652898 0.013692532221120515 0.0326609300767104 0.21049774578113276 0.11961164126687389 0.10447392725694615 0.2184617050354785 0.07868353026606409 0.07875463383129114 0.3264839066368279 0.6094543243104141 0.33025847043670437 0.034151221699951634 0.11461832961162965 0.07796591069189823 0.022236979297899553 0.057146994341623104 0.07464212527749166 0.09398946880875181 0.17281780595989535 0.12802345739534168 0.3477282520362887 0.005967659787857786 0.16106622370284368 0.07977823296635939 0.06944459824152333 0.10032855557640429 0.07034461939458489 0.07586522341686229 0.046370221103874704 0.010951516260126665 0.2937566775944671 0.11402501845612807 0.003286670520826926 0.05278736430925663 0.07344968420502185 0.30783795664993496 0.2678060623249833 0.03544894611856471 0.04971473272457443 0.03277500052358111 0.14758427102628682 0.05152706554450441 0.08675419755280744 0.009873255973212829 0.020025697318548384 0.11708107645789276 0.08502328218192114 0.05277607335529352 0.08076718480927866 0.0037856100245170733 0.19391720460887746 0.06109384959337831 0.04444341622973817 0.02802002278069616 0.049630223407070476 0.15120456599598509 0.02864349666717147 0.06880496125444174 0.014854585604405382
0.02235780320104555 0.041001435544545155 0.07666588837583728 0.01626004807172567 0.040538285108508376 0.0015563453672639911 0.041316605931116544 0.027150718024383756 0.11842225813914087 0.08746939603629153 0.010589341506063537 0.19029918758704517 0.05207752966962549 0.07184945342692343 0.03564605368133631 0.042422293351031676 0.017038109503379785 0.09870865974778176 0.06617540369008669 0.012613337520852254 0.022039242631412517 0.09589769257708718 0.028844588398726792 0.01574089127911572 0.11750020976516284 0.19307785331530913 0.1076650869237514 0.007531333451035007 0.14541615437331112 0.0753802838832535 0.09186279292806859 0.06872994781046553 0.021696724857055733 0.05664401265629844 0.04506308709108858 0.06742050964325653 0.12108934925410128 0.07377521210729965 0.034791886760384125 0.011913244763437794 0.008574372879745865 0.045911774292628584 0.022797144998019835 0.023408599684533647 0.0027544883758963794 0.039372807680156566 0.001414337990211094 0.023353742185336496 0.05907687887475499 0.05372889748107411 0.018670748504957216 0.02559516330700875 0.09480019066800631 0.01614899419227482 0.03350153039955805 0.039339126200493325 0.03424915907399711 0.06271752879203543 0.043397280471070276 0.047223586189693696 0.024882891947510723 0.03190508059841013 0.07104029397534165 0.07587299970014441 0.05933320938970472 0.08683133418248729 0.015745334194685722 0.07441441327892394 0.3017806876427695 0.23475756153297644 0.18526783147737363 0.1961268650848036 0.023425467921824792 0.13270881659284642 0.32274125490617445 0.13884878796331887 0.15781805271951624 0.063273820013839 0.09190916028442152 0.04539657308311802 0.03117850129575469 0.0035857860202712748 0.14373916337991877 0.04879121209619917 0.09626481057123734 0.11811595648277755 0.10418851858774889 0.0653591989207183 0.0008398872795740593 0.016405213680636774 0.06632897238153594 0.07873729752236794 0.04351381008547226 0.13528978228398844 0.07433008513214044 0.07837461956832764 0.16518590228209304 0.050308580032776606 0.09462147737115456 0.14931531021312353 0.06833091682985427 0.11817670570837431 0.06161995297505335 0.10679191995554828 0.11257147183874841 0.011028372550692164 0.05097010376583565 0.05628629836271184 0.042082711395496304 0.10148017156156985 0.010694620764836222 0.05414477830663189 7.926184921474731e-05 0.01667808203163933 0.017747688170887097 0.0726527871551425 0.049928828720000214 0.07904796388809204 0.04710467198410447 0.11801822331306565 0.12067995669594175 0.07760334009837563 0.15268376640247674 0.06528256265760625 0.11272867390724925 0.04922240656592522 0.018553471588087442 0.12911348635650421 0.14165678638457224 0.05026612857424516 0.3044472014575896 0.14495031921153226 0.12571601638290902 0.07571444415054737 0.021935432292643317 0.02904983524921221 0.03142759231511188 0.038025698764022245 0.11877047587324033 0.0749862539232171 0.007862559020294597 0.11639712304434165 0.10513189232298618 0.12933076293722578 0.09558756349329699 0.0012581171999886606 0.07998920899321836 0.05633428262511766 0.10754556415277826 0.14201699480865115 0.014147597885374067 0.0668394785037836 0.10305685451339365 0.05958876911643302 0.017160809650493384 0.06636183073367469 0.0752450864337931 0.03773739314465753 0.02636260574831266 0.03434707017226502 0.05538881677897833 0.0026514019008970478 0.024119652709889607 0.08220845178924271 0.08881295969122932 0.016513071613029427 0.09376755067889216 0.014952849609796428 0.014752529380577037 0.031147249246793834 0.11190122611556591 0.15608226963829433 0.00011445177616862635 0.08545433925265838 0.11811861247752675 0.15441417813362432 0.0856650473477796 0.052272497261185845 0.05001336105438305 0.06133958272869192 0.010560568756439863 0.00804731961282941 0.062266615197022424 0.06323805848418315 0.0702949841298773 0.06393548505278257 0.0682331592482561 0.10647825121789234 0.11894128047108012 0.09701382866726431 0.0062144515007966005 0.20175770054726805 0.02056697706808001 0.09209849207022441 0.07476646713122541 0.056992807865433044 0.019669275485655478 0.11534307100886264 0.012996456609109279 0.08439911890652267 0.03811805492918271 0.0571790197680921 0.04182819357929297 0.03133538566425065 0.11701776215516055 0.27617992179788836 0.08008772558068279 0.11025043978080919 0.17804808670787123 0.07781903365814798 0.14259683981010982 0.10412401347702946 0.028696861540954688 0.045009087141910174 0.09699033087223835 0.0989925048213813 0.05888229614155043 0.09156268646379012 0.016162537729673663 0.025457462766763764 0.008399324535828983 0.0948322003810711 0.0452669439484238 0.059681347875388015 0.0933553104888131 0.04621402485247541 0.05631924166529982 0.01179558937747773 0.060550649839716385 0.0006332073164562037 0.0938848108038915 0.10989873927694352 0.12630885104444256 0.051876966347808535 0.08816577059892516 0.036719279241575954 0.013424520275711019 0.026943022298131454 0.16731345367931283 0.0319412794848307 0.03393427198157349 0.198784389617552 0.011202965675838452 0.10076817980023006 0.036160627801041914 0.040281787479964686 0.10667029217892897 0.07730061508306613 0.3346484288726807 0.2881499886792558 0.150613525196113 0.13374868164561635 0.04334767007836875 0.1456478135986465 0.2794222362598499 0.24212165351354167 0.07198796109878544 0.1464887585796067 0.02728770896281494 0.0633353954596544 0.00038955114212073144 0.006402021824599081 0.0994804689356965 0.09814363256139855 0.06513158632261638 0.044791385847839184 0.08911326689382387 0.07588503281324968 0.07210352024723914 0.12087117125233024 0.0883174507256748 0.061674441868662014 0.04020056140363954 0.12900154912476258 0.005613035817778972 0.027564406609562508 0.08931473586488473 0.04150108372462938 0.09575188381961866 0.0004119730456217401 0.13443311829514282 0.09876215915707663 0.06404557020583068 0.1400552698440419 0.15358252744498005 0.039940767098191936 0.002946738398693929 0.019523408095196055 0.042563259769320204 0.05371129679467181 0.020698746570911426 0.04126517201284988 0.08314537521896208 0.010067503032319446 0.02303816455824682 0.07247484562768398 0.05713055228944473 0.06112930314099675 0.0211463929957534 0.11988043463397112 0.017502226200390613 0.08557644762871532 0.08334599686529442 0.09606053015494055 0.13462682717720417 0.03700877132553585 0.038310337221432324 0.28625695198948914 0.21821575648456296 0.12688041978698616 NaN 0.22772056124746134 0.11089412117181345 0.16986954299292195 0.12749897482293546 0.02999418850294572 0.10716966910849002 0.04851235539763871 0.1271884432660333 0.03228425848528877 0.027641266541171463 0.0922451672858057 0.12642053496843622 0.08068876557919212 0.12615241549069972 0.17640586464024202 0.09757095944050599 0.0564986877316582 0.018144337504145354 0.2662956762192925 0.06412217092338146 0.1268998238994199 0.014257498977835856 0.03427144018049895 0.06277956575399767 0.09077658026323994 0.03033051009501142 0.03204910243136825 0.00972677708287348 0.028246181704571376 0.13209132108056904 0.12562160939856118 0.05192240806955664 0.1674574111871946 0.06708458816048779 0.0855294405246507 0.020477071209443108 0.00025861645171051424 0.03613692973161178 0.04775642389964338 0.025848085694874106 0.1798635962997948 0.016608008893849103 0.06656155636614379 0.017502506672879708 0.19332130292261676 0.035566169817117514 0.057679176409043194 0.043055348267370085 0.032050235439308364 0.026986756554359975 0.05917692384683328 0.04831731465795608 0.056098647778537056 0.018217972984480968 0.012378408996740723 0.12952882919930767 0.12420608217087896 0.025037970981913616 0.009972974875484378 0.011976378353107373 0.02192567821307003 0.02849641295425557 0.09234152493881372 0.015088458505126679 0.10012484109500863 0.0933111218458154 0.04170455231490895 0.03620462436615618
0.1089402089796833 0.0261215099937309 0.011347136568617841 0.08017361816951603 0.07613180918398177 0.04665507304591346 0.019102449020931573 0.06823723055643044 0.023605293418078672 0.248375059284107 0.01116229816719795 0.2158100161863521 0.04128562103682552 0.12753816566662396 0.2764998536695394 0.041624435044388716 0.0513294194735672 0.13833405901341259 0.04742203888470741 0.026735203681549264 0.006906063672908339 0.10512912085167662 0.09187709381549743 0.05596124830932172 0.05092884499729537 0.1676936864918966 0.16787794947575796 0.0022118249583983358 0.1349987953465364 0.2409420023964533 0.12173833328446974 0.17385259724004182 0.0051024529731246385 0.20496761272702876 0.05161228913078942 0.07548589097983577 0.03746723064094497 0.17556477919241256 0.004722912726222296 0.003590202084959299 0.05418371551482475 0.031581153704021314 0.08242826294458486 0.19043631273890688 0.10599466911501683 0.10288414987926327 0.051619579431267854 0.04163852959611328 0.030918155460430842 0.07836982134649209 0.03034468162369277 0.015273132832040067 0.010872761873202914 0.03751642692404423 0.04836982182290141 0.06293657727517689 0.07002795624130387 0.05810068144168038 0.07537985163663685 0.08740377555641944 0.009081575213774538 0.09345002804159108 0.12222474186678825 0.05877433830053011 0.09712035129667311 0.0336457990026974 0.17769842271983274 0.19030568886313884 0.3841057367023186 0.27402809998207955 0.2728852706940056 0.30240526832180437 0.013902081193896302 0.05273054506287047 0.35660216659793165 0.2608168412803053 0.09999067164037051 0.21885906077792094 0.153739054281797 0.045870415824113046 0.010165304189521048 0.16086451572888824 0.13699894764563264 0.2270887004700448 0.1982245224451415 0.05813003252647685 0.08829418590347418 0.05956509260635919 0.05993935927954646 0.050832882277391626 0.0744583603069945 0.020505781122377737 0.03912187401786443 0.10238916899605674 0.09735669684125281 0.11576221306023887 0.17334192145370536 0.05690104632643077 0.06887398587915623 0.08776479158451848 0.019157679203389514 0.055615058846752045 0.09793737262426365 0.0704957446688593 0.1231936180971962 0.04455673744580814 0.07058694193984069 0.04636039935675145 0.01407737757881167 0.011497156848914737 0.08973124987298844 0.055640421352345065 0.0036472618372509107 0.04422177301401597 0.03602307650429239 0.08987290328034342 0.012322183547515684 0.044872665606088706 0.005789411301588128 0.12999612053924875 0.014746947659043733 0.07647484770124002 0.11098490805320474 0.09742640472491611 0.08484020634957469 0.026642590296190444 0.003310819999206426 0.0777887739497699 0.21884833443391832 0.0009867130824937182 0.27355298139129386 0.31136092073244287 0.058245179916102056 0.04143331642096746 0.01761168914513206 0.03872709527646365 0.06501907618164644 0.1355500132179698 0.09438183415932692 0.10838646149380884 0.05474902164933355 0.1307497740207817 0.2417828163694316 0.1560353742575795 0.10021954615147284 0.06433923001172337 0.08427959770296457 0.28391883096316584 0.17277541183271067 0.3476979852244971 0.13824117274502482 0.0722748090245417 0.026688850171729114 0.07442611494681128 0.03419085906760314 0.05894800313718538 0.14353300015875833 0.04169786649335352 0.010193739477156795 0.04305252688173345 0.15237195126083533 0.06332968125540048 0.03764025267776654 0.11860095060536083 0.025408071893196667 0.05618491600855108 0.14782618914498014 0.04767351416935651 0.11662353821095875 0.13713838367616654 0.12571309433228253 0.04700898150658919 0.07776796542052274 0.14013015770821455 0.12896130505807066 0.17257867156030587 0.04061902845570783 0.06755169325909696 0.11127138538839289 0.11435367662725064 0.10400275470407518 0.02190347202588982 0.01689545181230142 0.05519973629673926 0.07123245394251561 0.022013971202216487 0.049616505033136304 0.0034934390568033638 0.0019724568935629468 0.190133080701687 0.08282001748356695 0.24122852685000448 0.05022053272468149 0.1624337385024865 0.26821751417464623 0.10552053713616369 0.07761694313502988 0.16443302590948905 0.09676390570679522 0.06507908600886331 0.027889362746343613 0.05702567542325832 0.07777054042378762 0.03858720770086299 0.17672654997038625 0.2939412380544418 0.04775229126046911 0.21910169176818808 0.1316580835824159 0.2820880112941289 0.10698840337989328 0.14602377374690773 0.03794950270430379 0.1808304725957519 0.31627769852117005 0.06057873351329119 0.11605018631448158 0.23715795754102081 0.0336903960217647 0.019039491838296643 0.04327089373321252 0.005621543873724039 0.09145910642183466 0.1740016558405063 0.12707481875870918 0.17315025579996993 0.13330561434285443 0.044052810740076165 0.05325491191406074 0.05528991224673436 0.005986145629353577 0.011256930507962415 0.015682080309853803 0.034299686842236186 0.05068784706791489 0.08732258697386087 0.00416039123525879 0.07199208736381389 0.1097489758756002 0.08813414435572497 0.07368727420342913 0.15104035239097316 0.08293530920053015 0.009501963619178006 0.038656357839878655 0.01947021934893456 0.3053627758766682 0.22063711460896104 0.4161699252618718 0.328162504368317 0.3720583937062528 0.3154944569116597 0.0058398765703684625 0.2482191727415937 0.35580945826187377 0.40609769359858305 0.10302150532187032 0.248069394914606 0.00895690061840154 0.1578349370689824 0.012754309198986956 0.19572948046804642 0.15890455156974181 0.24207276216566426 0.14466917229478543 0.042705822175227476 0.26334358118515255 0.10002523156674945 0.05039952409174174 0.06715762906779342 0.04814269930023433 0.10019811931328478 0.007332674941862685 0.13947254866999892 0.03630805689733832 0.1272504462604444 0.1568901603790552 0.11677716692113262 0.04089799567310472 0.003105873939613842 0.013049049934138383 0.03182201817883969 0.1271758067206147 0.026510264168688687 0.11000831880122142 0.003315940557583456 0.09111335772463801 0.08116814222725563 0.0026083866564182902 0.028062780849206482 0.0759134301921205 0.06188325992667222 0.04733906574527993 0.02472303157327717 0.022632422651654063 0.03189150693649014 0.10019395982139721 0.04430453854356951 0.07053659393938903 0.09246080586527855 0.005866761761586978 0.006713928281508144 0.07151216902768541 0.08741116834170402 0.21936929247261336 0.04577304523696542 0.09401445006575387 0.23444753111428535 0.29686927971099925 0.3495584435197826 0.22772056124746134 NaN 0.014433430076637239 0.1398739163045467 0.11977059458726415 0.01361050304923795 0.20784567062820994 0.03052923429374323 0.1547360822066342 0.0632260557201755 0.03331335203334018 0.1455599649598301 0.28670214746897205 0.19296480749330197 0.12171676377175533 0.22221913397594892 0.1304156769925819 0.26147812692960676 0.00019009246280800443 0.5114799536156633 0.335173106861855 0.11246705258368694 0.04860736978138153 0.04861380985111047 0.017996050206169865 0.007557465447269029 0.039490588145660525 0.07145713513536131 0.06074596103018456 0.08127320335863056 0.23555499326869067 0.13177089143322 0.08850141779521925 0.12352061753648755 0.009087106677460847 0.09584317386231747 0.10714487198854715 0.040082792842557884 0.048084310582278286 0.07716653700100104 0.010268307862302616 0.09964353970939324 0.10157584562673083 0.037727743012032085 0.05336494437784368 0.3636468453250992 0.225364044973004 0.050954142662588436 0.06950000894188975 0.0645339915161088 0.05922536569787577 0.09860298364142561 0.03868964025248714 0.006423558813848519 0.041892311472216795 0.004801384316523153 0.12602145388708869 0.02064570280384649 0.09601751203301913 0.010255375699889909 0.09378410179060755 0.05661512148504075 0.056720922167305225 0.07390813163014782 0.054635411004081855 0.13263508867399698 0.07693994521316028 0.0654849164483449 0.010282784677266914
0.009781551214860927 0.05795688036748339 0.0925860436386893 0.11525840303222049 0.09254030848127495 0.012078582072684705 0.03326029758065545 0.14014723905320892 0.14694551149477494 0.0015930319994327028 0.076931192691602 0.009972876506929665 0.13891666961289717 0.08392461801282194 0.03171849033525705 0.01988905593232132 0.05569731895239983 0.005972452245141065 0.006372193290326254 0.05130195128879301 0.02154796519973395 0.012365503871087981 0.04225429445624134 0.012012294204235413 0.1868451779021359 0.08410950955455429 0.03284051862724807 0.02746407698763926 0.08657372239119782 0.14690846019430823 0.02717223193557261 0.03687625856207727 0.10054248170436916 0.22278910954334175 0.18269369721942136 0.147425503556861 0.07099538225356435 0.04242784393109759 0.11691772320751292 0.02054196093365401 0.016222097513145888 0.10001117568455994 0.1153609485148226 0.14215431007626916 0.059700635871340474 0.020966672901998572 0.12564326200241646 0.06222850835487178 0.07619688448436264 0.08523121880862218 0.1013386097488524 0.11430977765825691 0.08208435224641157 0.07238958765723391 0.04034250132386177 0.00074561205538651 0.07729398632889588 0.005358927417191201 0.10930966624953381 0.15103337023976185 0.11209688322986622 0.1562201942110013 0.10648252636887533 0.09839353378787813 0.018779024195200174 0.2552072921907237 0.332570436221711 0.05654179602984927 0.26790212748837383 0.0027675370638922487 0.04131463591524094 0.13728395096588628 0.34143731469773003 0.08398660176121824 0.06050350392705783 0.2562855409912488 0.33246605411385094 0.026844515503715128 0.12271762784968486 0.1763691463227194 0.07576976731267417 0.009717576063016396 0.2127787554795431 0.005648287629636689 0.02424918439853979 0.17693856048804965 0.009359911656339197 0.05493479481927581 0.2035768839128006 0.09133996360601421 0.21223145506458713 0.06337589983864511 0.07147767958726706 0.17016532086162098 0.06818400628171015 0.06318113801759183 0.15974559158431337 0.059378238771070374 0.08886552477510447 0.0019654229838834726 0.01727407224225782 0.003007104223870133 0.11170728678851391 0.04894974260101905 0.0323049431790055 0.03403908423600264 0.05222320918205135 0.17479527979478404 0.13157673061036743 0.05483832755752436 0.2186860695497457 0.13682328110554184 0.0032357750425567634 0.049036047358413125 0.0017948240981772465 0.0753347663815954 0.07925533187799531 0.030059710342342786 0.013461251199552054 0.06607917640901592 0.045160058343703645 0.0664823564475133 0.010136500558901453 0.056986174433454655 0.06403631838373217 0.022325619857180918 0.02201332913498746 0.06980613981053505 0.06321485970974902 0.2462813780237119 0.11301221048514942 0.03950740435884226 0.4600715985486927 0.08182532102791493 0.05782059266344619 0.035668201392851075 0.2609658166403327 0.0394247830943476 0.03490947572099084 0.01316298521651943 0.07316993764700948 0.01000396049685508 0.10589869084465608 0.10590813271645586 0.35110068266522343 0.008521156648222861 0.015632870294028604 0.0874986729440747 0.18033479910054862 0.2652045476630898 0.305478365835602 0.04244188132761935 0.024448278897074707 0.026215025064688414 0.061585127455633173 0.026630971649905785 0.021672170160761905 0.07767601878471311 0.014331004972039074 0.03391350864801017 0.12916949241360684 0.11222876104645452 0.016856477508227795 0.030601097760812355 0.025105979451958027 0.10069138814461691 0.03631822109721654 0.01499826301372341 0.1251848848797895 0.1632028347867883 0.244369723204245 0.019048069664592333 0.010466819605098944 0.06367128503671211 0.05451926425227404 0.01574229171698574 0.1462007091114654 0.03204731551037919 0.2697872480709229 0.15806473211947492 0.041163635370840966 0.07449253102899792 0.0375349107148577 0.10077384138757295 0.11746464868607918 0.0193647540976826 0.003780837363432337 0.09293383949955168 0.13739417274143392 0.024104364555208254 0.06745907673702166 0.06940613534292152 0.22917789828148433 0.1039167661507521 0.02756018153811674 0.10388121772271328 0.07991735118963841 0.03879941845713962 0.08849832393985826 0.06672381995188437 0.025229796739640802 0.005438044808088312 0.023209773180555913 0.06070666481287033 0.035473739728506495 0.09854259365074393 0.04736885082818465 0.04867874721691523 0.2132681375334046 0.15520319427011264 0.06388923881977937 0.03412148292153807 0.0828763787127809 0.19359754994185188 0.1619913871946215 0.18942945165118233 0.018299582831776493 0.01313342586980085 0.08800834767186497 0.08720841845713513 0.015140757488769226 0.04807126798660791 0.04544268598525107 0.00344032737433134 0.046200240137523184 0.15809625434085567 0.16364851001188757 0.062169178836967785 0.06964774905631103 0.18145250847622676 0.1501479984831439 0.155863182679181 0.0979998534250314 0.12813674840240535 0.0005642789094397433 0.09118964495753348 0.028763388455739093 0.08190037303266941 0.06434697013234256 0.027671037491953106 0.13348878112304563 0.12859269267546924 0.07901905580769264 0.13826715391683392 0.08077240797700513 0.15221644830585013 0.29921022590571555 0.10772361141839623 0.23364680198985432 0.19262600954850279 0.09669998612314926 0.09603093150399887 0.22926557234017414 0.00310842455853863 0.02568736465009035 0.05788274600353635 0.5030663313763939 0.12055162427305798 0.21866226319361728 0.12108403709252048 0.16852976802942085 0.21769486492445786 0.41515475916468614 0.0882325797641927 0.016793301403715086 0.09894546850194823 0.11821915892591822 0.0858488165193769 0.20496890590491676 0.18221004960840545 0.1291105899843705 0.0001511495501248739 0.062469539961072684 0.06312806793210991 0.19257923232587318 0.07118245282895405 0.37775270016123197 0.13953546120068056 0.1076060713140431 0.023575371991924582 0.04783056968413134 0.0637652462554827 0.004134855347678147 0.02505096212855816 0.12110339779778073 0.05298432318642811 0.00016387633998529467 0.08022813296796903 0.15940284065427598 0.003876407200801852 0.11829511969473687 0.03398634117605928 0.002389231272557507 0.09863052729463183 0.05422802071119143 0.18580152720614282 0.27443792816138973 0.02929420775155846 0.019118546785989093 0.00610142565438905 0.029012545968006932 0.02489524927320567 0.020343649220980604 0.057309675920464556 0.04580306874253929 0.012536576066223649 0.0164102252064337 0.11639036468786791 0.014878504487760964 0.1735447408203561 0.11089412117181345 0.014433430076637239 NaN 0.1475382435635576 0.040307419079507155 0.15140989652159106 0.29619363239205737 0.19727214094187887 0.0297418335158025 0.045064161558862045 0.021942562936020146 0.10063934118832109 0.07083167417079762 0.27567587431691293 0.436552384467769 0.08790133994720747 0.004105108140107379 0.15644284815762902 0.2852616191264881 0.0885039480749228 0.34562062631977974 0.04513240012448973 0.08008430319519634 0.0059346097879125195 0.015355199534397774 0.04455825998210406 0.07024718711018979 0.10654812046162408 0.14180984297337995 0.01230389649706062 0.08890020823739415 0.11194745844532743 0.0051588632531923495 0.0074044983865873045 0.11007522162290298 0.008787843369852931 0.0979872927775483 0.0008945424125176124 0.018671609174840578 0.193989827960414 0.3166266414928964 0.10497427552078033 0.0524948081730024 0.08083128491331656 0.014449626717266757 0.07082720946202486 0.1449359389240977 0.00702471828305004 0.15811911959103853 0.19602392724645942 0.29474659439477424 0.06978005886855768 0.06142717762259679 0.025057782556584775 0.05039799582498496 0.10826900436219401 0.059955509477437906 0.07255388631520504 0.06708475661727108 0.05172049904447697 0.33218213083527703 0.1539671824653261 0.058980692670026466 0.014604074168550469 0.08082120899521883 0.09447561966702933 0.043066857830713595 0.012781802685439428 0.055447740673863315
0.06775704893616306 0.029803650339124604 0.02468646551616408 0.012230961963172872 0.014129595326808528 0.058113305824603376 0.07010884047129597 0.023138271644463592 0.0986423715985669 0.04839524826153675 0.061608472427775646 0.015890375453402824 0.008008477224137596 0.06332692407193323 0.030509758608038454 0.008817408369794942 0.001726516271808791 0.01906059748295492 0.0759217866663499 0.0077591221936728705 0.029171643239766867 0.023227065056532718 0.008549729047929883 0.07075155814127401 0.06496460092483673 0.039076377910560234 0.04215832893526805 0.0632145350424412 0.051719634608407644 0.04742756651359423 0.0059782864362939265 0.09511596743043675 0.005938235486614031 0.08001344465816353 0.031126168520045273 0.0015420644183282055 0.11559630990539628 0.005837421081806482 0.03637503079962452 0.06710849163800436 0.03103296489041727 0.0006378166350257084 0.002011738278744693 0.012107890072707099 0.021035907477906922 0.06199818851204265 0.02697687546725133 0.04014978513166953 0.0007094367652038256 0.046567164540216775 0.038001980757825994 0.029705022739767738 0.09292024534210179 0.0022328548436481893 0.03422802237622361 0.04139405213321505 0.04583951553853687 0.008000739341649849 0.031362854209084176 0.0001248768138943793 0.010664143178480169 0.05700788527795394 0.02830823663831635 0.05162643821021619 0.002665598905666848 0.04736673999967011 0.13663888229980056 0.06785673862751053 0.08225492104049881 0.12947919362670304 0.1305808179141567 0.09495022053144045 0.08494321527754879 0.12191629873317623 0.05963415478237544 0.12827268010791684 0.018940483209116246 0.03897823742859695 0.015610645552370983 0.019217899454174816 0.049121230479834785 0.017829176270539048 0.02414111875931309 0.020867494591345813 0.0574723412350363 0.04981597675878041 0.050807734827978804 0.06144518931312899 0.0783599475270412 0.0015688620408452205 0.07760200397324975 0.01967948925854093 0.004670948659847473 0.0448245491325216 0.048004402982736935 0.09552322585086878 0.01911730101077891 0.0672044683632677 0.04380549090982894 0.049703991903075354 0.07532482926716473 0.0834624198496596 0.006848234538198423 0.07671176838037012 0.04024488770815476 0.012627543705725334 0.051844571532251284 0.03807960011015998 0.027445447709778206 0.012117324360802562 0.028173115358402622 0.03399661374865469 0.03933779505732704 0.007742797717406147 0.012376696074252892 0.0440374002691484 0.023014974937340293 0.007633552057196763 0.042257348215502234 0.04976009747720483 0.0753928573857579 0.007004095363407165 0.023274499840795916 0.0023020927183917345 0.047530613814560065 0.009679849452569254 0.004426760953046552 0.06434587791790981 0.013466857084526255 0.10673689071885914 0.08488168885844434 0.0780931980984411 0.06583132241898727 0.07918439892199237 0.0025641285942815365 0.031166665840480424 0.06015236894699665 0.04694835491966713 0.015859183547668083 0.016455446724553086 0.024706903655719148 0.05913177004868327 0.08506766568652248 0.053405786286658534 0.008767538773489809 0.006607323088591193 0.05217666395195163 0.023316773369395725 0.1202079103496474 0.15301140280802547 0.05912217784966768 0.04242289644321699 0.09154071350463013 0.01269944142096448 0.004718635862222433 0.004874108128403183 0.025820220825541577 0.04963778417906718 0.012020522246623203 0.040280784532763944 0.00145737645470179 0.03656116848835322 0.05509411600900394 0.05730754376789706 0.011503098897871973 0.07624883506015746 0.07256026017684883 0.04441303840112187 0.0386678408255887 0.021388558663015964 0.04045759738800397 0.02245878168718773 0.04335379631550171 0.04643004987412884 0.0012830302676426278 0.08629992264699705 0.051889602360433766 0.0465366575018893 0.0705738964138608 0.027621928764082645 0.028552396581507836 0.009552274783560414 0.017134535458620866 0.05047690174559144 0.0502569980639882 0.005862738856475658 0.0019656212947091697 0.06304926102891126 0.06323183663581505 0.060129103847494605 0.04282540854819175 0.055203759871154924 0.03558059413439589 0.021048604807586857 0.02867468118152002 0.0044850763030033665 0.012477128928308554 0.050659207027320255 0.004920481014139423 0.08455439073148882 0.0021630765956214366 0.032243848366059986 0.03503334695062806 0.03404042370744476 0.0005907891395459502 0.03858288288255729 0.026061380867538203 0.010904005634565369 0.0191346167153781 0.10360975782420798 0.05832223119884759 0.1013104985131707 0.03645872519792277 0.08452362891917096 0.10236840988782864 0.07336199780521163 0.07119579246255014 0.03258643537224432 0.010861523736607297 0.04568514230891787 0.011712156556298634 0.018612337144546694 0.05123395727945335 0.011969761412965437 0.0061461018643515835 0.0051519643712521195 0.04157844755872844 0.02355637831912545 0.06876815964835344 0.022634224054904308 0.022250630689762307 0.0577406838206873 0.06719654228863918 0.01058381441828631 0.08078664702069734 0.00803160872951637 0.020725896365268105 0.03183840690263667 0.04888665934172218 0.036592363371685144 0.05175683530395233 0.10718475763079334 0.05729598905046836 0.042905237881955674 0.07167135260610948 0.10600838385543988 0.10578624260334675 0.08220821025500544 0.1274140701395077 0.05897658023870146 0.08046421971817633 0.10611127540059813 0.02985926449166504 0.053547335397597796 0.050133940871672104 0.13498813257606115 0.09220961344226737 0.03841331155302736 0.00022100126227225117 0.007394004365647717 0.008606027022038559 0.07622040479069944 0.08483773373461169 0.030637803955585238 0.018773982050611798 0.02873731362060967 0.0752200269454808 0.06401663546491963 0.05547080205155731 0.026851324670751877 0.1040040644861375 0.0313679305739211 3.831165205021428e-05 0.08350540065605826 0.05714624493455802 0.052809779930738196 0.036189566569495984 0.006407364644210179 0.041025976871552794 0.01879488844848992 0.024980328740833942 0.08260781538180036 0.014745847135218475 0.011431056632317377 0.04588600811487381 0.03706469090347567 0.05293323560185496 0.03275087567731512 0.01491955360176802 0.004691790045254033 0.013780018741054873 0.04437359907620659 0.02821431388384297 0.02518902668472368 0.08229670440702073 0.040750192689644575 0.04181921009990019 0.022887062776727817 0.03900755648369538 0.017148347194032423 0.025003910697546084 0.10070103496092099 0.024892848788249176 0.005253398813479334 0.018223031985523056 0.001453081793473928 0.006140244655114494 0.00515954791234942 0.06561553155262226 0.14552537384321912 0.16986954299292195 0.1398739163045467 0.1475382435635576 NaN 0.08820724617764354 0.11286333166837276 0.034217935963829896 0.004062433063850149 0.03490379849580007 0.006467371300984713 0.010047136354088545 0.07673090957751215 0.032175664484093584 0.02763293407297356 0.09194038768256413 0.0739286694924276 0.03524553295724706 0.053075407788791946 0.18669055803755855 0.15802138816404043 0.1245760700053355 0.0600528729276557 0.026883354995672754 0.03335845004872235 0.011295659624945185 0.015318463788188264 0.030927476721208727 0.07355923992133602 0.10139774689225246 0.03396480744230131 0.07947418001454244 0.015698302530669797 0.011328084798025887 0.07379928377086814 0.07302434286696124 0.07520569162753972 0.057267671697082065 0.05458438757887444 0.05048203174054058 0.01169105495326549 0.07683566328441928 0.061875204115662594 0.024588580640846142 0.045290312095552704 0.00579440370218616 0.03138866861345145 0.2494452740697514 0.05533398831995121 0.06489209153268773 0.034230661095040124 0.09890480622031782 0.008780240561781203 0.08777014203232199 0.07904309650821421 0.018913932153102688 0.006284470810954563 0.04635503872891249 0.0008631449906212185 0.05387738963873044 0.01335192252296955 0.07832277682452571 0.04161444286152893 8.982622632277603e-05 0.008512216415787437 0.018875803813001808 0.07260953147536084 0.053341059734253224 0.036622296663313764 0.004426045484222988
0.050959878933768306 0.13071846163375841 0.02044169935367699 0.020473917224433463 0.019587512472942863 0.12051322104894034 0.15940272555392188 0.15409051706525523 0.04469261953153255 0.008579395417846239 0.2331315118097856 0.21939623298034616 0.06872631854472223 0.08791752204779564 0.08288704846828913 0.007130136985946885 0.1526293637693793 0.25226348127762327 0.02591659987103019 0.09742819639170747 0.14461243074357508 0.2201596088953094 0.1881949485527994 0.0661677566723469 0.09707948877335028 0.15894461441135246 0.07790692318874294 0.20691899007036535 0.05528457406563092 0.10944962528083883 0.08404418373359113 0.03085658473747546 0.013136236671837212 0.10162144866320577 0.06644691126322189 0.04620541393289716 0.03097352768314282 0.0013239077863175096 0.03390882367163764 0.10718385866773424 0.00968696610757547 0.013592261582882712 0.03253166112250605 0.0016571128677620073 0.024131941901657548 0.04356979240135669 0.1976339037012088 0.09986364877728408 0.07745389622652976 0.15323969801014403 0.16192401953959856 0.15276510196633133 0.08053912317702018 0.12134935556898882 0.07149260196827197 0.11178490335826105 0.009304313273360091 0.02694230541418067 0.06045561826332226 0.053915857027148864 0.0025133002799175774 0.08084974640773583 0.023396109687625358 0.025820803216908526 0.08706079962060738 0.06687089602927661 0.07314200874671735 0.1863215647577192 0.24209676473895114 0.20041194062936266 0.17900250022364428 0.15696987463179757 0.07420362575992095 0.11423335672225224 0.23588852556720963 0.1288596625083041 0.007344433245888791 0.011696883995120736 0.12703690569124157 0.058119908298320956 0.25140583514587683 0.09555038372042855 0.01850863210483545 0.019082671936775382 0.07291185142305795 0.01975449442124403 0.09302377880301732 0.015178709810882453 0.048489832519089775 0.014210826237875169 0.006888360470296336 0.030864199695813933 0.009053853879812095 0.0778607791793437 0.049384500847402285 0.08795908000731757 0.06401756531124889 0.10906151296869555 0.0760281742531277 0.0008554558404049456 0.0388652246169569 0.060230401189817234 0.10229984144226807 0.09816512611478424 0.09964846692625189 0.08066499285114898 0.01815745950842051 0.018165967426023822 0.07152434625267541 0.02154657895474125 0.010509214707742699 0.007733182237465199 0.005557946809622079 0.05777982484972472 0.0868811151511574 0.21189577144866378 0.145311189506047 0.050254717507798495 0.0040276024723267705 0.05725745776954544 0.0035764016105602698 0.10097884896026978 0.020295178253065933 0.08705462202138975 0.17822948236153244 0.04664386982637164 0.06784469240266384 0.1262666615093919 0.18448301908122028 0.0020114278364518267 0.13461049146851392 0.16626081786724545 0.02703516972514673 0.05062356649025781 0.07428257363351515 0.1504321957594156 0.1153479736613783 0.20353600234860625 0.18281487745410535 0.05768889820127818 0.18453583754062272 0.07091581229757558 0.01598494159122596 0.08918067071910038 0.043097667607871974 0.052989428006820494 0.041102169665027645 0.026083852412494116 0.06182074081966849 0.20718166196696783 0.06258342264042992 0.025769643164955443 0.06465111895096401 0.1257647797914678 0.0669796454981844 0.21298951290888687 0.25981908580577234 0.13357117345978767 0.15145581788107562 0.0691732368544685 0.068446233569394 0.04260475319916791 0.07402571748560996 0.06424749633179264 0.0794572032802323 0.04199672268158652 0.05972349914049428 0.06924704910645359 0.007602522237052221 0.012549607972132509 0.08125192283724768 0.024850020426050667 0.0777843618666327 0.1212061736642949 0.053878461787396296 0.11001327033225453 0.06730816052068533 0.028967599960936882 0.06663782607835947 0.017769578948449778 0.0593541873717978 0.13637662822204144 0.0160876580916961 0.03140375899535582 0.02020948254084242 0.09319831134689273 0.11738500142152332 0.09404404653584467 0.08671556947145832 0.013343889220389631 0.18249895371122343 0.1656839318556665 0.03624131965331567 0.12478756949691196 0.15450032490364232 0.043944082961028835 0.09084690404766782 0.2906185760597095 0.042900332395584495 0.09869288968087914 0.12891665166597027 0.16819920211178263 0.11132281425360696 0.09928306212617337 0.0065331458696727025 0.12804705512641995 0.0517648205432322 0.10707933880828319 0.052894369273326 0.09351994516314209 0.02577954696010316 0.1023749589532164 0.03544835447416169 0.02806315695533833 0.026200058973187647 0.017721543180727176 0.0360896113578237 0.07284448379132787 0.029023413345792455 0.09658816512040215 0.0027350115280198694 0.04438353141422126 0.06227680339593657 0.04364570274660325 0.006762857499289105 0.04689886004268594 0.15852886164041619 0.047441401515646485 0.04514215995462827 0.08923411940362365 0.08832431200873721 0.06688773150874945 0.07258281877195674 0.10337403500977374 0.004155324604425482 0.1731685711306461 0.038404134644308294 0.026490977118684533 0.05005330907843324 0.05080172983586793 0.09616899398225712 0.04296929470263907 0.001692270035416434 0.01045789729822997 0.024455787905165113 0.0030845553047078797 0.0336198406008833 0.09642277441011435 0.16730102466098581 0.08636964333993737 0.14976910885561617 0.17377470523613622 0.057176114848376466 0.027458587628774556 0.19239766400778122 0.05673893246639897 0.04170101328250525 0.0005620961156693722 0.03376844165329246 0.012605950864603432 0.12056364425681014 0.06246777255000363 0.010203011723959819 0.013367504118166054 0.06070270537200687 0.027713657798896674 0.08607358694913503 0.06456746055004323 0.06593772773275375 0.007218588024290325 0.015764278671510985 0.04010586953294011 0.04614785153786109 0.0029860001599635354 0.09337940074330812 0.10346866190859332 0.050806272363507016 0.037443324040818834 0.048457035497926994 0.0033607186544075164 0.012238109611975011 0.03295060091631273 0.051525687317720927 0.13016448593547605 0.1169748722817191 0.04426523260894077 0.028051507100944274 0.02840004688522105 0.02938877182698669 0.014756936012663398 0.014787520748649714 0.03575871215940165 0.01386320921090757 0.0023972397690873466 0.058746673051403756 0.22496735434123857 0.10589804565195815 0.10710845520875582 0.03306496961854518 0.09830128993400968 0.023923385269690716 0.1854030230384463 0.1359449981855929 0.01091823151866419 0.1784350473880613 0.0077685127541785816 0.08581184831867016 0.15049582104294734 0.21416726027522695 0.010325718019690799 0.12749897482293546 0.11977059458726415 0.040307419079507155 0.08820724617764354 NaN 0.20371340981160943 0.0294027366331562 0.1773114475569545 0.2056863490309947 0.1165756552647196 0.11514415907030733 0.03797821547199948 0.04274401642308486 0.1833719063137613 0.03332630159321185 0.022575056518439433 0.047698744095926233 0.04548678156012317 0.151770557858719 0.16708448727533176 0.07670318443056515 0.0878798169233422 0.06705522000113447 0.03497984195820728 0.01470661433831636 0.11000294012082523 0.22115681635546408 0.09551225874477719 0.10226642012690998 0.05397021302896258 0.038382891041573476 0.04053667226849981 0.13061088128491313 0.07594378885358898 0.024420314568147652 0.04926194578958323 0.042841193751941016 0.014402977890926948 0.003997791693492979 0.08264471536237168 0.03559372305063507 0.09703530264974237 0.006481488717045286 0.08369577089401387 0.0633701164277615 0.10443787160480472 0.0022802368067300497 0.0692757678108799 0.020342257094595043 0.031743282734736505 0.06803774987849602 0.03961495904222673 0.013258625266310558 0.0047425231684555735 0.02335786685755771 0.051674499118958675 0.16742683450181792 0.17090013030870943 0.01266590953124202 0.040948349653011494 0.07117811999463727 0.050105055816085 0.03434085437110851 0.004699049871893158 0.008089325852738116 0.15634356645971284 0.0444018364737411 0.005804366111000066 0.03796979513357712
0.07028658641955084 0.16000834172955397 0.011143212832635698 0.008940838525668258 0.03007157770952344 0.15299027617414854 0.21923097908199715 0.2434009341986751 0.14748338617094267 0.04480266300010633 0.2728658596658197 0.28577863198498615 0.06439717952473753 0.01754499901956386 0.035913355925081006 0.04627628717531927 0.13032951785309232 0.25693689304 0.0027660653416896187 0.20912709489882952 0.17038676141113018 0.33340647216651154 0.1991607385070959 0.11467425866533938 0.022336800108782903 0.11334380774727533 0.030024094385002028 0.22885323024194631 0.0076701771297508796 0.06881249962009903 0.03124917386486127 0.012767004419146053 0.04087238555737081 0.10071873054036176 0.052647373726423884 0.084063805791743 0.0162316743727611 0.0072919818817429516 0.02962611431584907 0.12647171090046852 0.059854862215739976 0.14760152531904785 0.05723113309794449 0.04886994442389452 0.09405477583293856 0.07585501542468767 0.27915902597113923 0.10735903822829193 0.09422983835124091 0.29740274312571363 0.2731432304366892 0.19924288052968825 0.10770493770699174 0.23623534906100435 0.06741258622976817 0.16981283173961778 0.05168432719932539 0.06452001969605226 0.10584769781006555 0.18440249538573492 0.12444174407512237 0.10467325938124558 0.09315005272424286 0.045542395707089775 0.019444696090985827 0.17792764993939816 0.15219017917300776 0.10950055331359548 0.0455047456495957 0.05684218007041426 0.14599002177355638 0.03257148111030319 0.17654236792723152 0.10736230881099046 0.2030344884766414 0.17584292776085209 0.13816264310798865 0.1166938709266028 0.20791188816292297 0.174210300250926 0.2754991772002128 0.19858414397818439 0.11851777308373851 0.06649902340994648 0.08412241508886732 0.05353317506133903 0.0022943682121669413 0.03543680264165118 0.12728418630407842 0.025122325577877788 0.04898157781369209 0.05917926054728725 0.06979554642049678 0.03650035594476297 0.16239663869511295 0.20263260665953456 0.014102747684174435 0.12000274235882853 0.11984780697827896 0.02609668981967916 0.0037440828141319287 0.08839752283244756 0.023862440272336537 0.09585774967148022 0.13472365765331215 0.08615601917677922 0.04148889397563488 0.05087314153074216 0.008533364121094424 0.08677948285935314 0.05179304406086186 0.011114412721353547 0.032885350821873056 0.00712316068080646 0.04760559467867738 0.2875530462690053 0.30187126285476806 0.04837887924017075 0.0055412554993855044 0.03744405957799561 0.009754456476787302 0.018107828161116633 0.08785827400026597 0.14687979569112747 0.223717671733105 0.08175735725418774 0.009997089449702146 0.12449576244993994 0.1699764766884323 0.054890101138308875 0.07889958760811072 0.15467935426538076 0.10656055679583609 0.031133465085170578 0.01409785376372786 0.16083486834125596 0.4064902618754941 0.3344940536694068 0.282945405284777 0.18592480054457672 0.15904275004579763 0.011736380646608658 0.03865364803919276 0.0010357850126959263 0.10345680678234623 0.055894124567831396 0.051396088679916165 0.03590556363351517 0.023697810118787275 0.20439813637597254 0.09809176077047155 0.019172978903506034 0.005418010802037133 0.045618983297202265 0.028278723201802667 0.23470724176253677 0.3494545439365267 0.1567677022356875 0.1757775800017578 0.08283366865492565 0.037211862577894946 0.06486649203349702 0.10598278845991593 0.09186427633487075 0.04953419562310226 0.09355324819241471 0.0792572556739575 0.014936395648265221 0.07413648854108887 0.10517317593429257 0.08246005106607918 0.025751008156505578 0.04793055249546007 0.2128083949009094 0.09326031425525577 0.11531422329150097 0.1097926252753931 0.048792313998837995 0.11686320486995791 0.15371317012210706 0.05547346094875476 0.11989023045728546 0.031825815715921586 0.011579062041163492 0.0008359340356722992 0.09581549238544201 0.16184875014883976 0.15819345212858676 0.16853415318691709 0.02950872184116408 0.22682167628854816 0.28308422653961335 0.018826616912086112 0.05143648717285808 0.13720561159585806 0.05945089302914674 0.10587621870536748 0.3933032778750393 0.035377466516154844 0.15053046317611563 0.20136526284288053 0.3034657929703316 0.143565068553376 0.12987790555088133 0.03762563151384955 0.05432172166477712 0.028719947140999312 0.059413481793885746 0.07264998137276822 0.07546495491569102 0.02525438089217518 0.040428102802072284 0.04541727231460151 0.026443564476356426 0.06433741312784688 0.13585473847745733 0.0546338080326382 0.01528540688852802 0.02584150224956655 0.20178158122933795 0.021119699767823828 0.07289244901576561 0.14482696048429824 0.1014867102713443 0.09519157350000938 0.23314769519912043 0.28532545262489917 0.04834768462067921 0.1477109319314985 0.28042524178657907 0.14126169218421383 0.09717151132617853 0.10930435151620765 0.15393494808709793 0.07575912809263621 0.17650198239680603 0.11877986465349766 0.04114114597787038 0.03966948539064975 0.03978986515099205 0.023017890653473684 0.08045335433134056 0.10870235376633075 0.006547073042553766 0.015356916346790511 0.1466647919632413 0.11462273814495254 0.1064814726865343 0.01564101558545137 0.011522799097498267 0.09606538561220078 0.05698497244272733 0.11541757857496472 0.06151518143222324 0.17306059435239135 0.03786617146827229 0.1737362991442017 0.20973279841353726 0.12253198697998947 0.1492278430927559 0.17603849715132608 0.28895159927774766 0.14309548239143383 0.1297817082005112 0.06479534636935998 0.0022066607234646593 0.05706081942747309 0.047620859909677106 0.02716961118567764 0.07076477490884191 0.05789119459563321 0.03273604103266869 0.021869391901371417 0.02431998849124083 0.21768699978900546 0.23121509243620683 0.08944393259882151 0.06611869678548858 0.11457306825932798 0.034873216568857064 0.015086453464419435 0.02821205744691365 0.06693859825427277 0.13277325706367715 0.0885304187355227 0.06399568080973286 0.032929680614645525 0.014950370609837888 0.08796435093697354 0.05517592855590221 0.04815819519974034 0.06998675107250212 0.03143650370006814 0.03314729960555501 0.07010479127365493 0.41746164271592406 0.3488633948908902 0.07300026729203771 0.04473181177615641 0.055989103743313735 0.051204828756160024 0.05293252826592094 0.06820024153933035 0.034883227367803686 0.1761466025024958 0.02741495214034811 0.002977996749432778 0.12955971599201355 0.17123748839759795 0.024813784583258856 0.02999418850294572 0.01361050304923795 0.15140989652159106 0.11286333166837276 0.20371340981160943 NaN 0.27178442572738815 0.4030849957009572 0.22132730891014366 0.269315160679357 0.1218269454208497 0.051778806371465085 0.037976784050002516 0.05572942729344764 0.1278124651287167 0.036124160748487406 0.08368362775547498 0.13172042112624682 0.10205914833490878 0.10735671836024259 0.07116711095605047 0.07901077632412729 0.08634442792701207 0.026718295143381598 0.048015112727200264 0.15260246527245838 0.21928507277156167 0.15100502355602546 0.16232320272052533 0.02418769265847509 0.08005921235545103 0.009570993260880883 0.17753526337379244 0.005369029227385945 0.02061687933590465 0.04879938493397801 0.07270260154434298 0.0043613450894587945 0.004845509480790866 0.11580696432249152 0.017117702678528586 0.024048076007024206 0.01965190097407458 0.04838405888106431 0.1044580529338396 0.03507666247741619 0.042934430090238035 0.027115467809856592 0.10489120821396355 0.0914784618732489 0.1093599659120949 0.05201013775813104 0.14995278243004376 0.016087488758288367 0.0041060032752357365 0.019768430083285826 0.17457023930356425 0.2276904394300775 0.018811617657536524 0.044635529780947265 0.1126927106287694 0.015276294476674192 0.05596637443623065 0.019411465849570948 0.019233231326941377 0.09726070329481182 0.08156940414515555 0.037726984494375414 0.03480378193842222
0.033897488248146555 0.18125431860347244 0.046820536199686576 0.02102548213884867 0.08917692093226377 0.08607156655151219 0.053853752560555156 0.038117234947287575 0.09143756382437082 0.2911258174388269 0.08478330034436496 0.00497222856542937 0.024905167649890956 0.1186122858210126 0.2288992474973036 0.06323973260134194 0.016315409388016826 0.13781370221053194 0.05091649771237025 0.001604392480126484 0.06302784979477451 0.10127267654674439 0.1510225470259611 0.12810532625336024 0.03518052780440892 0.05912791334687825 0.1552219408829809 0.1208296211435696 0.1193398302075045 0.08302239698223528 0.08362134896390012 0.08234093108158534 0.08559827873450826 0.036249039658360835 0.013971480516966586 0.028072995033314604 0.1242128528847635 0.20207333710479874 0.06971690717227934 0.050918833240091325 0.04929961044978221 0.18369096926369785 0.032947454922981775 0.17405539305210108 0.3803547408999486 0.25128133020048177 0.033542563934711084 0.07115181657299871 0.081390449101391 0.3085328590058612 0.10174682650987606 0.025580005092928446 0.050191781121498684 0.0020744736504327357 0.030539817110600827 0.010153081120870615 0.05779159710176906 0.026226346771381668 0.06037410206878245 0.022906439132414354 0.15325193497651943 0.11835326762320827 0.022288011653948607 0.09821928589706953 0.018582509256786294 0.11745369074248117 0.037355664309016906 0.05690761968820943 0.2179003126858495 0.21436766776150987 0.14053312932960668 0.2224790266882158 0.07952210304396581 0.06688883173344472 0.0706747516600095 0.10244731252998397 0.18533861364253626 0.1573885937277459 0.061626553802282956 0.03167487401692593 0.00040204667101444337 0.32517256955169 0.055929687845423 0.23997407676536628 0.13007127832720558 0.034241917311163356 0.0062114797213505156 0.002742623033129989 0.0982072469865418 0.022446357003135218 0.003296487263902316 0.10887979919597245 0.07545363274954811 0.12291912553979305 0.010848711512642177 0.23438349744992307 0.01336048279570654 0.0238965521718669 0.08007554852899876 0.03851595838717564 0.026586082736078178 0.00039265792172060645 0.23243528250969067 0.04309082392727327 0.056675161787261966 0.050035399665196094 0.0983341535219683 0.07435387138246656 0.12051676199046686 0.01760454109119069 0.11895156709257128 0.08613812040504476 0.012766577521306409 0.10558200611578981 0.11831415554360304 0.12359544985570947 0.169468882684734 0.002976467409210195 0.05139647440388605 0.19294054445263872 0.016689495047817242 0.00616379816109144 0.08268500318976547 0.019076176774381247 0.07223883226638848 0.038171170618912446 0.007890762415419417 0.006736820319236928 0.11589129826623228 0.0470871768130436 0.13146328175078464 0.1857084261118567 0.08482802891606411 0.06605295203393852 0.05698116526506221 0.02771065168766669 0.4200655918745877 0.10299722792537377 0.05257157862528425 0.06128207627162995 0.05189102615827383 0.14365763900378914 0.35564578266751773 0.05876848402772827 0.060606870108240195 0.12995211955671845 0.1581972139646419 0.4196095255448971 0.1062222332634789 0.07699687225183117 0.09689627458462657 0.029020517639163947 0.04277068801362636 0.10470441856855538 0.043820791858234814 0.11887036595124886 0.010245745995888102 0.0303650511408025 0.09175521875467416 0.008038593047390682 0.06853756534415387 0.045681602450490674 0.05235524146382045 0.016239988622919557 0.05802674426200538 0.05784814886151287 0.08736636562867352 0.019381250205729623 0.06921776332091528 0.06441784816974973 0.20604435836523896 0.006949134145528837 0.039676485951786036 0.06435258448458597 0.07403742206784215 0.10206146260515996 0.1616371627933594 0.11410282384640383 0.08436247255482533 0.02042565508905886 0.04338354650746538 0.08851260094145155 0.08443558333599382 0.058184434832024935 0.015114042453924871 0.06503027496546555 0.00786334416612887 0.0216149858968264 0.0755765973931886 0.047919411983868135 0.1090072667803787 0.026743305015067293 0.09280776825154258 0.19555468314066907 0.21672418797481677 0.09357578848542629 0.037941370594883554 0.04211637132760715 0.014293387450139198 0.038948975973234115 0.14234061848535937 0.03736682554476691 0.1526928615919918 0.13009834071626883 0.13778715616303017 0.127886396258789 0.13199012354397746 0.14233602245786553 0.2252664065066403 0.08970535054720394 0.21348944484063753 0.06693973242815802 0.07600752557724993 0.0865114283352412 0.13457171030024262 0.08771543546858059 0.08640483744938363 0.30649009154920615 0.047575172297830814 0.000325378351934731 0.009824371710181098 0.21169894564747435 0.21197104892054197 0.2490376902601562 0.47267296970601697 0.5306948354928025 0.030085932442336035 0.03982450700353425 0.03461611630520142 0.39204307869974897 0.11076698995043363 0.031048637869586917 0.021415874828691332 0.02621449691673254 0.0537242692694199 0.10115082618502631 0.10101804414532572 0.11969277183655237 0.0914946265338379 0.06637423437952078 0.05950234101621094 0.20240081961058387 0.052213117932169956 0.08458033947531615 0.037228715451588415 0.1318007353977163 0.08692527569634684 0.012795384197053204 0.2795077854767203 0.24509491647981613 0.16211734230481287 0.10986236956622211 0.03216909769276115 0.23777923173552193 0.1495400511384684 0.29804287570228477 0.1703066803977339 0.32438210376712734 0.034192526129159184 0.10233798530942141 0.12887426321678308 0.4459265815568139 0.20641030757507356 0.30611505813028206 0.11726623585522689 0.01718955655692737 0.09066878270012645 0.10309208099512275 0.13327806113976712 0.15708423943576716 0.12831683229041244 0.04135233682567519 0.0302114654050733 0.10983376948882714 0.11611611572071298 0.36153961398931345 0.1786044447425603 0.005773415429661483 0.056966059154979154 0.0032744550449741927 0.01867686998359831 0.05740868865252418 0.02294368754314766 0.056847156884590404 0.14584132081107756 0.006134430662378894 0.04185102406600233 0.035269326276856264 0.03458732482028406 0.005968361384025829 0.045767899193738755 0.057101881833585985 0.0794383306161731 0.04927337682408839 0.05533941877519404 0.32566901779561125 0.4112650929594833 0.0016757350867680554 0.05476319596134703 0.04251550731001058 0.03574039068450876 0.007700514561019261 0.0037869111570160434 0.08677952835889169 0.08038491635045321 0.09619237297599675 0.035822155091110267 0.11989358262994104 0.0928859655750812 0.07742642060688276 0.10716966910849002 0.20784567062820994 0.29619363239205737 0.034217935963829896 0.0294027366331562 0.27178442572738815 NaN 0.14707519774511277 0.0533375612962144 0.11798977996082509 0.07543066236443562 0.0992123707452314 0.45965073486704433 0.19785390595091437 0.1757499479836644 0.27619741791286184 0.21050108549019134 0.580249919081461 0.03794603327201312 0.1449451540497829 0.05288345359534439 0.06871082377332699 0.020670023763519434 0.08165029494148125 0.061285426180201025 0.196690203603572 0.1388651489683639 0.04473843512264299 0.037537618713290234 0.03368364377293084 0.06792729738597243 0.13926023449820282 0.02670966594868338 0.07342488537598583 0.011802179856384846 0.03171711019038271 0.11070379090660787 0.032820043475750064 0.07126500344721955 0.10633536066930944 0.13562532671208638 0.06640877477453304 0.0021975712850133954 0.11055886510107976 0.03576762663036444 0.11206634586459559 0.0786574016930673 0.057771384412353285 0.15207596867710577 0.061682926148426465 0.3226091272770779 0.19719130078122146 0.10661685440697555 0.09287847352434123 0.023766899133330934 0.178403750726439 0.07794288038759992 0.029190612352078187 0.04542107935577566 0.1105344247791774 0.3370492419314832 0.18876310810469735 0.12104879408843008 0.1546557282125728 0.031643693584532284 0.12342233388481794 0.03955035754607042 0.07469264931976098 0.12274881289523785
0.03217966745543552 0.22148902129167045 0.1790254044901066 0.10382785604004365 0.15110590108253472 0.42552579373347343 0.41393895355559995 0.4956087653170207 0.30095635899653467 0.0019823082847136185 0.43875142697135766 0.3409183082714234 0.012138509465948884 0.010489750359273336 0.09267683474188186 0.034105237727913525 0.3584717045269377 0.45820611128248834 0.21415915274017963 0.4860970830928917 0.4279316030580718 0.5807100282763487 0.3335079236118644 0.213013669947331 0.06703965315548947 0.165561538534436 0.01897836119895529 0.28275692270986247 0.04211187928646878 0.23573661789393047 0.1018471552771013 0.07836069793370368 0.09515038021206988 0.19417783191295557 0.013112703480381245 0.2770367733168391 0.03227991427682278 0.047036520529037056 0.11737023100976243 0.2581734165963426 0.12619375585061982 0.006813383608557862 0.04539212974442009 0.048403566807789795 0.06373649079336464 0.003990749078346404 0.37372125908632586 0.41232214178468846 0.2967315190370522 0.3605520440078913 0.4424363689146207 0.35093594541984463 0.30870174971276304 0.2678988770366145 0.09547704554215951 0.2225174366920437 0.11096859875142283 0.06315751413274766 0.14672332287486992 0.1826235463830632 0.03143546716618542 0.06836451262280563 0.14560926945717734 0.027208643023789267 0.04438685419079538 0.27834228103876885 0.2983584719552139 0.2954705825753748 0.14764799084447067 0.10025369215309968 0.24800634193999582 0.1631627963403802 0.27846578139749645 0.13306436291109117 0.27701778634634816 0.2727760844345865 0.2857729663383528 0.057058664724994684 0.2907577978441239 0.2688301773111142 0.45099249403949543 0.06443816905491326 0.2431825515489655 0.10637986911693147 0.02892807369731749 0.005797686866120606 0.14435794231858132 0.023252961053684566 0.17329248712472684 0.04474004331337528 0.1551006411888668 0.020591602032273598 0.02355238728402617 0.004793772429476446 0.3979073702046417 0.2448206475437237 0.042413611995089986 0.17266628494548344 0.1302237496892609 0.05793760618779606 0.0029951325108946427 0.01799101947567599 0.05332101273418283 0.1016856599279196 0.15768127285700814 0.05122774503602301 0.032173266596221994 0.039251997685389416 0.0188206507979093 0.10681265753007793 0.039498824591748326 0.022667274558720252 0.016638303932188916 0.015437759761162134 0.0822071406729284 0.4019392634097475 0.3793667397918519 0.018906896456988426 0.025180915146582477 0.01217309523267552 0.1125521975922864 0.0019743469862640015 0.028524294336904538 0.1300329820560082 0.24722622080198714 0.07907209514117317 0.009189255474101637 0.10394344259100412 0.25039714984334527 0.09382971390209131 0.062462983076287754 0.1646123284371954 0.21135888607888703 0.022897890136804846 0.004501964920425193 0.1440702464520396 0.46260588690443183 0.6331596740054029 0.3256268681719311 0.23474386731423877 0.26898058519031554 0.00639756875542034 0.023124419235063125 0.09534560344492003 0.2263174770926719 0.14057293598717316 0.07790866472196187 0.10843193969506161 0.05322017549912482 0.3500099691294051 0.19694566574903202 0.1309294695590998 0.15427068022487567 0.17049627165757295 0.035726388383555345 0.3771949700482046 0.4766825354279121 0.4266098476920357 0.3782501689928935 0.23517530536681228 0.02431283029268774 0.18731031786835228 0.2935502829996383 0.20918723267593323 0.07150951824755312 0.11831632565256046 0.12215876248320004 0.0925602255903127 0.108922043659983 0.22560794149004862 0.1572576100522903 0.0457546542209742 0.17187475710019703 0.19519511799343975 0.13106334789452959 0.10111283609829808 0.07899318842676556 0.016547515806831996 0.0768485315658123 0.09923099145935035 0.010134537149880218 0.24273224770703156 0.11875546717041259 0.0005552641003636746 0.02848863209305288 0.34887248972967905 0.3835561705408502 0.37081024544829644 0.41609015530006443 0.18577525787777566 0.32244121731768943 0.3283660967829192 0.09500983316779908 0.08528729215030417 0.19074060173674154 0.26133624947588113 0.34043657838972113 0.5874133429759647 0.24411113004901647 0.4945860409548839 0.3857837670469466 0.5526129488443411 0.24965745338609685 0.13267283559789775 0.028506396246424894 0.07883926346452247 0.008210707720388857 0.11714430683963885 0.08576601782927032 0.1697590180164334 0.08228154521113962 0.02414674621257749 0.07817214073162237 0.08793015813033117 0.11862306899539532 0.21898704527885565 0.07034269532215735 0.035736261155549294 0.11543769349856466 0.31230739955000825 0.004764683282759125 0.04032781740239189 0.19254951149849137 0.14160541619897163 0.014963771536785 0.20906837234175862 0.42348963977787407 0.24484517475883186 0.24889584764481748 0.35364875154589925 0.39090085480588965 0.25693538998119886 0.3089012075618078 0.3285402053405483 0.15952301525958465 0.1963347071090844 0.13959000174853387 0.0031046225678096583 0.03621050004346199 0.05519842358647677 0.06507386008812709 0.0019514490096526433 0.15438946615232874 0.0219930150751279 0.04718355817113964 0.13235822229419494 0.21650177241107932 0.17230060371864528 0.01184917655546449 0.04498412300617196 0.24394368985223042 0.15318118478555498 0.19271190444451058 0.04802316870615072 0.20333589847708428 0.04019022302420539 0.11931346195739155 0.14092225029961034 0.08932229840721777 0.12525103894043443 0.25309132798976425 0.19312856538745776 0.21783660751359213 0.11330752407747388 0.06800868115840043 0.034124843199535806 0.14901234735259417 0.007116660228950988 0.011664041080478735 0.1815259240592341 0.033448474518517374 0.07076757055596285 0.005132175857238117 0.03193518868690988 0.3162522813020412 0.27714487105121816 0.1336644878143052 0.06711174211785778 0.0937371552985641 0.10917128182839574 0.013912053821544144 0.012541714791917078 0.06019549509945289 0.11686881280495927 0.0686703565554952 0.0006570460797792638 0.004639798933084142 0.005591832241278879 0.07860393712936724 0.08342015020639304 0.01902005264587991 0.08386442944052513 0.00665641373801109 0.09796349506418985 0.04939719784757193 0.49109704722882264 0.39944173712530245 0.12558653149838378 0.006724264080390979 0.058583913022877916 0.17774182615940914 0.12104898789074774 0.06945765640544559 0.03978265557591006 0.22324584441992898 0.04931374961856468 0.1194551136254085 0.15395346638226995 0.23336308334216982 0.004414733897043885 0.04851235539763871 0.03052923429374323 0.19727214094187887 0.004062433063850149 0.1773114475569545 0.4030849957009572 0.14707519774511277 NaN 0.26029786607183486 0.17781713179158193 0.17734781984621456 0.06560645653219803 0.033959146637179506 0.001597745188796949 0.1811897121448578 0.17505391343135876 0.018282261254823014 0.04101976084077731 0.16261116629157238 0.16699327109085868 0.11879507476882784 0.19287531241893294 0.31630534984935904 0.12796037752601339 0.01669133633831762 0.18353853305546403 0.4633369090288738 0.475938961568713 0.34132971735560874 0.20345407818808414 0.05345311121184898 0.015773952071074866 0.4227024644825439 0.1652307456690539 0.04956331528353362 0.06569083738812148 0.14082311508191084 0.034906549526752706 0.06071426546466232 0.23911818252873762 0.06679932380378602 0.03620279937819191 0.015588880320458503 0.06717424758278472 0.09439250799523723 0.051280855391700575 0.027603240525466446 0.025080120735162813 0.07478600841534669 0.1184795583431279 0.13297108204934016 0.010080868376079443 0.11836228118020259 0.0014537679089822002 0.032732189748647215 0.021999731924168393 0.21364767523131153 0.1681650649815836 0.07083727028498865 0.04918526950654839 0.12972022011356152 0.0560649789941687 0.01984475187631013 0.12541565290558768 0.031312153496727835 0.1313188717332315 0.00545957753786333 0.01523555253013095 0.042900531098594846
0.10740356910521319 0.44806916000551833 0.1709102745153005 0.007096568100903909 0.04602028311842971 0.2371817102517048 0.29791821135401103 0.3364543116971606 0.22936679197712453 0.007543541963301577 0.30340883337670627 0.4384630830219118 0.08132868218915967 0.1504530854493698 0.2335603401375959 0.00638933176312102 0.03462436755115147 0.4085364770379663 0.0322538058588083 0.1787950169967746 0.28833676074404846 0.4026986710966861 0.4566488790790404 0.1397464411026557 0.2061900856298404 0.24710908400132184 0.043352729230134154 0.28755429444274344 0.002899172202259051 0.20317697764572554 0.03409175729847769 0.04358499235864928 0.07792403089791333 0.08371848997708921 0.10305588906880778 0.16281790390544576 0.04325242891530195 0.11683367037107409 0.12276222964307677 0.21104339814671821 0.12423329913421052 0.040044235572005885 0.028401463667826168 0.0046483611795892785 0.05193704477059901 0.03524661785578664 0.29145378686093665 0.09623398918333022 0.06213728843258703 0.18300017629181736 0.36876918264687253 0.2599814301924934 0.258290796662994 0.23369512613376028 0.13388072412416596 0.23468874251987484 0.09630483404038921 0.04017915733126242 0.05629419437796311 0.11397700009438337 0.03404054922436704 0.04906566457636375 0.0049360647791549155 0.01492122337015703 0.1169726454661972 0.09659662748571454 0.2225617801465333 0.2544360150191983 0.34681797678726983 0.26174997510395537 0.2562125659740737 0.1924790353394473 0.18421128481992607 0.23560848391920425 0.3096937889213716 0.20109666381177352 0.04542230817914498 0.02708212011040224 0.16813024458571604 0.030225942310327294 0.20507877217642023 0.026552134785818114 0.1684337839473517 0.0035097819361183716 0.1605736747639218 0.02998210577228406 0.09080643416320375 0.06074938104922009 0.06556152109085052 0.11916954724535088 0.1235522197312364 0.0006135611296056696 0.0555594728895182 0.12385247512877029 0.060967627438074073 0.12687342306648305 0.03286245714803568 0.15876882169354156 0.01561586518788805 0.05591012443412305 0.0460479011172531 0.008591529263344139 0.11269419371013872 0.03684684879846908 0.13058152027364012 0.1839662361970687 0.012046024974675587 0.08801497687017813 0.13362948707549543 0.11831952147936374 0.08923046175389875 0.08982346515685317 0.004891987012505927 0.07976974822204194 0.1328114813156737 0.3222983399027295 0.20169763943237332 0.0432119989635217 0.03071215648479897 0.17453124902852785 0.030644271731648746 0.05695611838122768 0.14317794282981006 0.005496591186660651 0.38938118764899154 0.02846915188738735 0.04449840408063283 0.24666927367710684 0.3476001666645362 0.0012543038660647661 0.1765398993777351 0.27536205343266973 0.03294538279381808 0.010939889888153378 0.08694491719230649 0.19228897164611916 0.18113212097388864 0.3630990461099187 0.4295588652023082 0.23461007186510544 0.3074359739847358 0.010933908515635799 0.09234390101220202 0.02541006323373318 0.013077604368985859 0.011640297797196693 0.05572526836517268 0.07396147470943953 0.024466494575874676 0.3067764293081552 0.09055432112942484 0.011473181187970855 0.11961940832803772 0.19536065646254602 0.007940953380392503 0.42197060308790857 0.49132517974827244 0.14470863882405607 0.2883944391899864 0.1259392238402178 0.18908182037650648 0.12021437231389381 0.1403027235278324 0.06635317387026102 0.07436990355833448 0.1293368280486822 0.0665171221918286 0.09856828344046809 0.011626741623691124 0.08519257946522127 0.01854547376663711 0.007670651846436664 0.05955353298564246 0.09475523025708578 0.15004589349021077 0.19025790443412804 0.00473789071639032 0.016489051303569806 0.051675205653417 0.0869812149150624 0.11075921219477097 0.32644896432477466 0.14412368152718194 0.05156933606618656 0.019117882835411933 0.17295758886129167 0.23359806876135583 0.2802714813105567 0.2566336754554561 0.08265280245591558 0.12423395326651089 0.3426365431662257 0.0759957399306511 0.15444567328595268 0.31102391181253575 0.060108822219003995 0.029499384321198547 0.4175499593530918 0.00900475748104544 0.19561467796800608 0.30587179131171344 0.3174634208943877 0.41705532884092406 0.10872147293994099 0.12150007881781003 0.22872110025547968 0.012905154230628756 0.0654736653067046 0.01428575911896482 0.15267952854730293 0.035412021397761236 0.038144068719518746 0.004111737651028023 0.06839344296580574 0.1798373768317144 0.1324459008227774 0.05585613470269566 0.21234319916313574 0.09982482562005986 0.2576424999094773 0.06011964101134382 0.007110199530257129 0.12485479339018464 0.052224309179815825 0.08992903307604179 0.04084078249542777 0.32881754808867086 0.004842832400355999 0.01339119734268329 0.07050779615983273 0.22347628168739733 0.1668855603033074 0.22518345756911573 0.16824920538405738 0.17308027386957067 0.17784385957059284 0.10404042087445803 0.0779274401290115 0.09982061315269447 0.02568107243995531 0.002380559688566411 0.0869150996238429 0.05623800516412614 0.003571866791265664 0.048058231132535316 0.03821848163472665 0.2324246725192669 0.16130287497948934 0.17150628836307655 0.21180488750836715 0.2023899589827293 0.2312996382580743 0.15973777928439034 0.171469854433944 0.34318296870829396 0.09853884495438794 0.08205306319815386 0.05981710560990482 0.05041879764547071 0.00894875077094296 0.11965714956048258 0.030397802185137077 0.13489095780746846 0.004646369630533757 0.15305856211992944 0.08075481597554168 0.13200469633277076 0.10770310664954248 0.03335833656220104 0.08028018670284912 0.07193426658396743 0.03896325781004626 0.02214042469597323 0.020566060632911484 0.05057653864306357 0.1360575279243498 0.04448389492295096 0.05957622062177518 0.020188078848578737 0.15526963241890895 0.001916362175280306 0.036781870399756916 0.04668973621265164 0.08369546124906564 0.11720932925127618 0.07373629502829104 0.013966565587184645 0.0922366842099028 0.049288817503075524 0.050745863519874854 0.07761776350400217 0.0692947957177136 0.032757508079894686 0.02874277953343851 0.08953151973831834 0.3162460087207476 0.12679173807389577 0.15990388318400686 0.09504198658821994 0.16335551816326332 0.07618207006267723 0.07108378399841402 0.1276933692279773 0.0356389667802743 0.43745142974956186 0.07485805484152894 0.048188911824758277 0.31507532211062206 0.4422530465229505 0.19940819133641194 0.1271884432660333 0.1547360822066342 0.0297418335158025 0.03490379849580007 0.2056863490309947 0.22132730891014366 0.0533375612962144 0.26029786607183486 NaN 0.34351308747657955 0.20035604126070128 0.07092851189133063 0.27054714860387613 0.08953160853529471 0.0012637123276324255 0.07524448672869528 0.0848611713090805 0.13418827517770887 0.0846025477776738 0.31521940338193394 0.10301714167131816 0.13018702231577794 0.19588323922146283 0.044570466369095015 0.01147626265848168 0.34485036927555474 0.25375903086765567 0.12456492501754966 0.12684216491749192 0.09971601056733737 0.15916873465585513 0.12919042664559527 0.18248104393432885 0.09598725907783612 0.05588270003950693 0.03277593308991803 0.08421113721186885 0.05303397191110484 0.015313389588689594 0.1831245325612665 0.0031227780724931023 0.06165725515564269 0.04028566644338357 0.050474949325720254 0.28565521237509983 0.16638160594632326 0.08172187314171182 0.04259936816795347 0.0035825289966293374 0.02410413910116964 0.21182435666669447 0.07107026859817954 0.08635092434366971 0.008239913498057702 0.05095281938728715 0.14591719583681287 0.26885315468962734 0.16302126055990163 0.0717692469674576 0.10906760393098756 0.18777500448190965 0.1436643047355658 0.07712424212800503 0.14191118724345247 0.020617363971982522 0.21562431426410716 0.11678027714039155 0.018630167579058294 0.05374684019069373
0.05377988955251407 0.2121568381959281 0.12296539708496747 0.11800949055190621 0.09822845811699277 0.1583219856116463 0.17246200337764883 0.15315445664682883 0.033632844629289886 0.17379570854026413 0.2166716017963445 0.2577434027558142 0.004195151693127315 0.00737690467149907 0.032167737565899156 0.03376001322753207 0.001996689557275682 0.17528661877964088 0.03198124252791159 0.1506527466019029 0.10614994883585024 0.22374217070332011 0.2301061273019291 0.013251482030987997 0.18738248178754036 0.21182095130907036 0.0574513308345612 0.24639411677841885 0.04898569400580761 0.08708850200957909 0.04125071610480779 0.07083780987844138 0.05358687438368708 0.019679970742968365 0.05612924425544457 0.08569755883940633 0.037006780742236206 0.009763170751303413 0.026830570546061937 0.056117037291442254 0.12445729806884173 0.03197723810025385 0.037814958591289326 0.20929155697763707 0.06962659671180495 0.02222447960148841 0.13865281681679273 0.08392859002944057 0.07464820060810816 0.17122148130745343 0.1416030938361535 0.09027674266909053 0.08523122071421015 0.10232509597470932 0.026659540062679746 0.10510173513577364 0.057790142797037994 0.005010145393520724 0.01951943518259975 0.021415001003066887 0.005414025979344927 0.022419046205288194 0.012297888079319435 0.04040717311085797 0.06964361949796732 0.01761519694086979 0.13627675223099636 0.10112887349119856 0.2208986376160008 0.02202793435579161 0.1732353652678784 0.12257732210925162 0.08313451395703998 0.2038216682279885 0.18133599702297454 0.07473558464538416 0.011369907693693697 0.10047865036255746 0.1394908816461964 0.03972450090808559 0.17195818722737807 0.09891045274322771 0.09458261980514039 0.14460431381022484 0.02874101110937476 0.1783481702136895 0.10440339988678814 0.04144406861476026 0.035177073123334554 0.022202229227725235 0.04060761509405941 0.038467937239958123 0.05633977378085397 0.07094000729363986 0.035017627401978585 0.14241839598350037 0.03310364521332695 0.14431633843060784 0.05325818716096365 0.027084863270491494 0.009675983998703222 0.03252396307670817 0.010427990057685101 0.03630920612663182 0.06864429439830633 0.11100887454301867 0.021518454795426138 0.09280147507138263 0.03776105139661695 0.07565382198261823 0.09335186164156369 0.05615057140696555 0.042774860253515117 0.020078460089685033 0.027945786866064335 0.11282741310934848 0.1283974508375954 0.049260441449165734 0.03852664844670902 0.019622846895587184 0.11660898102356644 0.01995487212214545 0.11391293900631826 0.01442406425115001 0.19459221800483753 0.025504223361887724 0.06423555168842277 0.15651655773183873 0.2280540133585363 0.032257804581994766 0.11120942769877307 0.08107644489447052 0.049699195428283646 0.020424357782626777 0.08941339642094592 0.13133161572750165 0.19664410760686976 0.17805865895175313 0.3005713210682204 0.2367130893425272 0.24187491802802907 0.05424223329878211 0.03286512977396749 0.01662577324374269 0.022425923711665238 0.05074659809024771 0.043594739060244365 0.1255053736010261 0.04738712251068225 0.1927005922274783 0.08434725026809438 0.03981514155908126 0.02309124468365757 0.034624600261286574 0.024078223841805902 0.2333409904625577 0.31338762592856373 0.05514614479910455 0.21946219771959044 0.08132666856111527 0.07814562364533742 0.11591282876170413 0.03180732426658307 0.04822785548033232 0.05304141469632511 0.022167111181648037 0.02027121833602605 0.07609164833433009 0.07362504509115446 0.07511597677711325 0.06372502570261986 0.0033337097123992943 0.04154934374137199 0.0014230151140702536 0.07314074833800445 0.03608408105692828 0.06929980430931076 0.040452861801027036 0.09386972882231452 0.010886735864363237 0.04936238858302272 0.19683356266117044 0.09800397298369648 0.09692372886407753 0.08677195540468738 0.1306515842178023 0.17613945371488898 0.13749467946703126 0.09261541852141197 0.1570196296428936 0.16592196382456997 0.2521159002531486 0.055114328850250194 0.0036120908962331984 0.059202940949762334 0.04419528296240435 0.034885944250101455 0.28341434786316927 0.06301569177217022 0.14805377666915098 0.14875771565847415 0.17376161200628568 0.20040548960388613 0.03172513746549792 0.036522673224505364 0.1332796559096446 0.0744609965805019 0.07564848213045453 0.09124606126954926 0.06581252429258438 0.028477441445994327 0.08096450082802999 0.06857156706792208 0.02324907219546243 0.06292803133575146 0.09756439595474942 0.10631169527808587 0.06455328591631745 0.01516899672492412 0.11157147159879338 0.050956209372519594 0.024056821232793034 0.17799827269185736 0.2280853676000502 0.03208645371590424 0.12230890914732072 0.1732851122429606 0.06922676564882077 0.03472732207485249 0.18760551937462056 0.04154139113975421 0.006662530883723235 0.09266442862768787 0.05476724247219338 0.05687723169940055 0.0600029592033334 0.07211958925049214 0.07909324386675641 0.0496081057253279 0.05003662040718444 0.009547651309693045 0.0875105867782632 0.026242306051053287 0.09810057956808235 0.013822648499658731 0.0449650921805762 0.1711367892308704 0.11327003316734191 0.12254654196898421 0.11682285388554743 0.1050304399624819 0.07610923188007146 0.1507325737677867 0.06112428053584109 0.13001702693757977 0.03885096095099945 0.06723854776523709 0.0932748595249424 0.016619792112941224 0.05558841554423213 0.11525840648353317 0.1329757112436608 0.14015634374570174 0.18918848462956486 0.04780037601612109 0.10931843079553774 0.10427305133247326 0.09675125091886846 0.07027345279965057 0.032569985116150335 0.07839722466580727 0.017054471279189062 0.03034598914488656 0.032502224744357086 0.2081180585388008 0.18176267932059192 0.0892403149506647 0.07829743307122411 0.029888265610945968 0.0815517502300544 0.02301185380481207 0.040223705022151064 0.025019837958169703 0.027688514706764568 0.062293389151988204 0.036061044295641886 0.011983888373492454 0.16345080025511585 0.045272588583413605 0.05070735796375955 0.09829621061300826 0.04101493768346315 0.009872742985422045 0.02441510750828004 0.0792971262752798 0.23130778579365724 0.16365670835710858 0.05541703251870056 0.05794110108880393 0.07094416242597844 0.1322128731814511 0.015627712659611166 0.03752003410766029 0.019279874290242263 0.1547088380883038 0.011813917955188491 0.058441361928948686 0.15377986878279676 0.20434642339651554 0.04822574376652898 0.03228425848528877 0.0632260557201755 0.045064161558862045 0.006467371300984713 0.1165756552647196 0.269315160679357 0.11798977996082509 0.17781713179158193 0.34351308747657955 NaN 0.15503414223602974 0.09214755150094563 0.02215617094031783 0.03903107437714875 0.037286731624821684 0.029247682129074654 0.05779274604979101 0.13898475389225592 0.05599661697442515 0.21088701114427308 0.04473057259528789 0.10191422458338172 0.12812107353046268 0.008209761362316065 0.04609452734223675 0.17509072649836296 0.1707617654401877 0.06135989944648937 0.18610478774587336 0.03751836322453976 0.043693365612974565 0.028660604150431472 0.10604480718230293 0.012402063136768957 0.012116730612376286 0.03628058130697092 0.05298823008099816 0.03558955642187231 0.03502442169374205 0.1138407219128842 0.09599067154126917 0.029345944943278326 0.043398913851744325 0.0064051129775245476 0.0832722116145704 0.07750158005687341 0.08977521116191953 0.020628332030258583 0.03951809205884824 0.027927189075486896 0.017314513381356048 0.11943554290087774 0.14264626419838156 0.13555320106307722 0.04533650715598159 0.03858397665001243 0.06319173081023595 0.08230184228403156 0.1296055336572466 0.007197756347084409 0.028910633154384118 0.04715584491826499 0.11194405854697366 0.055886371765304914 0.04204278932518693 0.0008263279279990594 0.0467836140094625 0.011729884213155623 0.05070733979106097
0.051421310891892065 0.168368602452001 0.1479472883481582 0.016611676832401126 0.0018200050128378265 0.1679693467676185 0.15973051682815922 0.20843297522687396 0.15969115971582737 0.015331960363703365 0.16950829064944198 0.12201155235332896 0.024961815442659862 0.0705744710108929 0.07691238719406804 0.12215210130563288 0.0944108272905743 0.24978212705732983 0.07070280561192722 0.11514932457507736 0.17135884632838216 0.21187689441579435 0.25350287845602226 0.1048734572369136 0.06062941768750055 0.01766281114145099 0.14700306563362228 0.23719950387682398 0.09116308143415731 0.1716183917821622 0.18097740985305952 0.03207243085658787 0.014313066055943445 0.08513346890845389 0.024627347147003105 0.12469421767252119 0.042162745574598266 0.014358526927484067 0.052540589298031404 0.14479367327312595 0.0553876670400075 0.059895074274017385 0.007250644966267136 0.02243640083054614 0.01372130474190848 0.037609765578827455 0.11003140976994258 0.1594992928400808 0.10695301281505559 0.013992092330043502 0.2214782619969409 0.13566191481381762 0.19564866191190905 0.08688037761049205 0.08177614827281346 0.050186597432177855 0.068939650567148 0.016684720030740362 0.018579180123736338 0.021819986433037775 0.01388671211849013 0.08985786314087273 0.11181027477739633 0.08555104843158128 0.018098465365266353 0.11907420945929355 0.09086397178377134 0.2232796815459014 0.11031925850440194 0.0623440241978527 0.07754425753226817 0.04675924353141641 0.14869051006605538 0.13421558668998462 0.044555498768850586 0.17211018919110155 0.16112910168125763 0.008937072381840903 0.15613268305571135 0.06233584408224642 0.19196875717709047 0.008672343057998261 0.17146366925755674 7.95398781238613e-05 0.10848528021597967 0.0076929138186435375 0.036620548147132746 0.02726613804954814 0.012174830621883004 0.017642544155348137 0.06254120617327144 0.0150544343472079 0.07332051993142384 0.0701647856877825 0.1309729907653806 0.1412190627355707 0.10600075136086244 0.14618867347450568 0.040372691075661056 0.06461217652492783 0.05681376807759835 0.07210350676351661 0.058062635471876595 0.00013782836077286937 0.040068795775676805 0.09712308802360646 0.03383478090147716 0.04574309329345117 0.03344251555724862 0.09124344987440947 0.08048403150064436 0.011519418794133228 0.009644755844529396 0.014883887960838896 0.08011831788390046 0.08900919696080538 0.07062985424428318 0.018995768759867023 0.02942373868658728 0.05788403179641051 0.08615812864702747 0.053125993955661546 0.017169711363637215 0.04438168638584734 0.16237475575672 0.12385203908390402 0.02988512157836628 0.122832952150502 0.17016187741859534 0.10762939199553145 0.03237643400129524 0.1427690055310494 0.08373778051170187 0.0016945587018366984 0.04908031839408024 0.085108191796031 0.10409061567881495 0.17277139520687793 0.2418850120669529 0.18161212747168015 0.30033530100470146 0.0795338467412498 0.017411608390557474 0.08659893370153018 0.11069249423417056 0.12452261641417244 0.003360768528171898 0.13604953087756386 0.060394233212794385 0.2356070942272428 0.16934820363621575 0.10630350710894558 0.18901950653213243 0.05422252246375446 0.10600141166641927 0.21381595482085722 0.25935814302257787 0.07701676270976338 0.2211311543653074 0.18215320430588067 0.007099189881022153 0.12103896209014206 0.05182776149417553 0.0031164941336289417 0.02658176981783367 0.017305222712446663 0.04832914610353888 0.06592335677010176 0.06731231643770483 0.14140008617673505 0.07430408570618782 0.05292474122533694 0.04683988018086731 0.05328804192734484 0.1488301244170002 0.09311235355162822 0.05482615688365606 0.029742528179795738 0.06568897612595014 0.07132631954265639 0.05844234480626457 0.20064857442391212 0.10422414901663574 0.06328812764914664 0.045231514024699736 0.09965456395614763 0.11816553619891772 0.22718701020382762 0.21124651574071582 0.05850130707668269 0.11741798199250408 0.06808747873636183 0.07384851167728493 0.1216000771656676 0.13321727355998075 0.07884272232025977 0.05793168821609885 0.20466908118678742 0.06288077428991413 0.13524056721695007 0.18825975089374322 0.1922524293556774 0.2825917370628061 0.06766001478299903 0.0884227690349106 0.07247090058030808 0.09300599933931498 0.11253333592123986 0.11623606076092985 0.04809180405475575 0.11466468574082468 0.026855314852094164 0.011317915450499963 0.034760055955031795 0.02175587024938859 0.13971666740983935 0.03424047336373109 0.05557701311854599 0.06810498175932918 0.18162810088355136 0.04719677495395417 0.012990350739933997 0.017117361448349477 0.016074101130111738 0.0019922727819148317 0.06819472207689478 0.14582195238113405 0.03592106957043414 0.10886840940199066 0.013129265846500194 0.22098991383088032 0.1748881456904638 0.1675198665285887 0.07717197816342401 0.15459269868456704 0.09183944303698993 0.005842833995574789 0.030384492904746683 0.058005979658520945 0.014632637016218942 0.05723479774157334 0.026685467832705798 0.0026602011905895104 0.05915903362341181 0.018753061744166896 0.025899856928813535 0.0024933392539936636 0.13004182428755076 0.02075075494339653 0.03833365758494974 0.06861947666474466 0.07985752572419946 0.17149518486355772 0.027834672368918012 0.03555977267784045 0.056277629284725475 0.04615425992903227 0.033475059989443764 0.07386282646916437 0.018460139709257948 0.021768002833882322 0.019669619529874255 0.11433175148165979 0.025630848831906278 0.03635683792852257 0.03550550472482179 0.015959510954801737 0.03777449590387437 0.009092936158374443 0.11973117739445385 0.04517111574651827 0.039714443725264045 0.07974616935142383 0.03231502920258219 0.07250126579215713 0.053107388422859336 0.09155669043400808 0.01958855037789726 0.006095268464010288 0.07863460130193564 0.0710515793680887 0.0922502013167559 0.0021537424182430567 0.006767622150368592 0.008851839729706098 0.11070484267425468 0.09060147460226924 0.09608391664017213 0.01967493060321621 0.04158858663686286 0.02863605216480999 0.017927262581752625 0.08936139376764492 0.04958453467314506 0.02577715186103085 0.05717966010243139 0.024340222529614396 0.10113956770555446 0.07818386381524653 0.051980317099209576 0.1093135663346638 0.08739579288378606 0.04872771529488879 0.1095299130294247 0.1560192694740452 0.05845705631689432 0.08761070989019222 0.14435616459994172 0.12811168304974851 0.013692532221120515 0.027641266541171463 0.03331335203334018 0.021942562936020146 0.010047136354088545 0.11514415907030733 0.1218269454208497 0.07543066236443562 0.17734781984621456 0.20035604126070128 0.15503414223602974 NaN 0.15478760382927778 0.023199281423428333 0.042727549514843303 0.06857229802223803 0.10678107263767384 0.011127953899481551 0.1172427008183838 0.06311540034281003 0.1139739173054259 0.10304388390582246 0.12087796618149534 0.1995434026490133 0.038816100155844815 0.06310679527401923 0.1884649480024918 0.1775907733520467 0.06699060854995158 0.2418646487599348 0.12187566279392018 0.015664191221443538 0.016885846818565073 0.11602898575864568 0.023748167433595403 0.09269563176174067 0.05041404471710601 0.04407505148947413 0.02715130717634464 0.055075352200988706 0.12339384494806495 0.031177175761768903 0.03733146335009767 0.10090316210132386 0.028776252159026176 0.1634360703464996 0.021703842853919117 0.04319481005636277 0.07906200195237593 0.021326776322071216 0.0004904676243183784 0.12852343774282077 0.08178628613657529 0.02580181096601301 0.04176501696366637 0.016532209869563764 0.0912340942473121 0.12094854432326316 0.07082112626183239 0.013098997610290097 0.04456639991438108 0.15492207709726563 0.06080184534494289 0.0009901979505936515 0.06679195743232483 0.040920720602473294 0.11373800239387008 0.01255648701205913 0.01017136461139957 0.04096737324925305
0.3433617333125578 0.02669753377400375 0.256242071806986 0.25519853168846013 0.1985132848197066 0.2457260165837855 0.1940590870685838 0.0696361663586338 0.054230237848950626 0.21578212002104716 0.08758266109615712 0.04896350043038115 0.20818475244207696 0.100099990668142 0.17763649376530188 0.14372969260867874 0.14499181824404378 0.033812240905449015 0.2801711556557729 0.16997113986550497 0.09927256667888851 0.007195722267134654 0.04954222048659682 0.11197961032408042 0.11076721825819114 0.028093102714872732 0.27290762513444516 0.30484137865019706 0.1927057718914525 0.03997900095443839 0.2474724865689505 0.09366500565028281 0.09981464975992188 0.012641879504398467 0.042378945439884845 0.01802241641621788 0.15697264555912083 0.23159698036706547 0.017872308415182316 0.04805509320214009 0.11336538235307317 0.032293460423153585 0.06439131170764924 0.2396306974464343 0.19177718753501666 0.16682054652226253 0.028995053686498816 0.2034978395681383 0.16220662193844887 0.08041982178787155 0.05805563254616559 0.020815135816285323 0.10913269894188796 0.1047665131586831 0.027194334493457567 0.04620034716478094 0.11007231728175906 0.0969320448762865 0.10098709652157466 0.11595208796256372 0.03953216431656165 0.11986848977362013 0.17085561519695885 0.020308081081267308 0.042182359367137094 0.018863269261125925 0.027317810718686993 0.05883131183039304 0.0795592659334514 0.05192817090543381 0.004950169544388128 0.04519575876834015 0.07628722148803613 0.131600655598246 0.004342111734433667 0.05492148740100845 0.08524033228860889 0.017103773567714302 0.1237810518838807 0.050686377892884715 0.07801812967440223 0.06086912049585418 0.021291383600433214 0.13045770340950577 0.11706236511313338 0.16613803423469714 0.07934694414841827 0.06684497740824856 0.007620655657768507 0.05629848894219521 0.011509396844030503 0.03712605166769922 0.08445985526596053 0.027182713719516412 0.09211044403232346 0.1781658130776542 0.03233460698588481 0.08750550333694904 0.10747210033756954 0.08335383080586407 0.019984342821485066 0.09367266576319012 0.0058999967802671385 0.10293034472068163 0.019658729664317805 0.09149186686761764 0.07314989685866424 0.06395806915574172 0.06789023265782834 0.0313627615487522 0.08412906264739714 0.07296950032458371 0.021185661630807116 0.018246781830712717 0.02645363084570536 0.08412008317898562 0.021115330314173276 0.017369304405484145 0.007180006767604197 0.06619081767337824 0.23329834435081026 0.011208547803161417 0.007133031901112559 0.09833193365386551 0.0004992407201392805 0.056406022298000166 0.10666930564653533 0.0838954200821743 0.019964301501267347 0.06133949778511622 0.0875770016738084 0.08243109068893034 0.05945242680488699 0.0014053127354045165 0.004366782239862059 0.03429820709741528 0.018783913526956617 0.019990610605320553 0.08503223435018552 0.16778928538193594 0.20844194552819845 0.3125846164145431 0.38088168490705293 0.021353654548946194 0.026696967555225055 0.1493255475890112 0.06946394303903142 0.13730013343120245 0.11190290910164435 0.019910684608159743 0.04994753754160786 0.15577112165606308 0.27636544156730347 0.07827391138541348 0.08319997360177551 0.017438270270906924 0.08855697388864302 0.11850249055960174 0.1448979100845346 0.1849748100670791 0.13058728877711961 0.06587946160201077 0.10108649982987378 0.037581233702197236 0.0025332307447537704 0.05557811868234177 0.10217975471522797 0.06925816303964324 0.1354227288698955 0.16982307631452478 0.08576830241454377 0.09747180725419549 0.066037945232424 0.11224104245948292 0.1314375290590498 0.08372293914870477 0.0539966197108323 0.08556170925926354 0.15844866883374936 0.1381224812279618 0.321263495068937 0.09482744731269654 0.3200946982791894 0.22616615013791422 0.17783937894631022 0.2585365692287191 0.1316230401839573 0.11772703979394475 0.14799363679553904 0.25132804687127647 0.1524252650493683 0.049075862522820854 0.16584308436204287 0.1222851273108984 0.15682725184035567 0.19376898850892402 0.09534954119212469 0.026109973822398505 0.2505715620479313 0.13057149440862578 0.19025321079669794 0.09288145187103848 0.05111870984308325 0.14149304693285517 0.09746654350659852 0.09656840077011852 0.22954427918146894 0.26719052665163595 0.219779930890798 0.02466454640278419 0.2606480368265778 0.07481421882718017 0.041027880333892514 0.08943558329616448 0.06199418944003797 0.14827944098740115 0.18067603601021964 0.1634565551946304 0.07911646877515897 0.04774756716885694 0.011394168316968996 0.028512308856808163 0.15609566662991095 0.19136367513468222 0.1656524307785205 0.17709914497899648 0.05817092431518265 0.14823222096283203 0.11467094002735785 0.015494357845664714 0.05888235530253379 0.027410688013736164 0.14107713044294112 0.02707795053456348 0.018017485993569306 0.088305273254726 0.021583271609777473 0.05700361640548158 0.1649093790902519 0.1172167943083295 0.01230384179973797 0.04487595986433156 0.08386138568238871 0.037416082310134484 0.02034925157372273 0.040680894913852815 0.1183197296607184 0.03323238394819729 0.08365614141956954 0.08242963639104438 0.09453087048096138 0.06174701688324291 0.010996566506979605 0.10597447457679153 0.10921537688476426 0.18802034826146166 0.08403976667817294 0.010125499321801212 0.04105229951352734 0.02247436952324232 0.037683639008575825 0.0702050829261771 0.019895779182500982 0.16018946286220737 0.03232630487313813 0.07129737422821207 0.06176202820090558 0.0017698901866410996 0.021059424006979702 0.061799902814915986 0.1165850968129557 0.08586451939768927 0.011793852617858914 0.02908806932282566 0.0036814184019862656 0.13769316553347272 0.017865079092445352 0.09264392922219879 0.09021586626207125 0.03610634429826671 0.06741713881503798 0.11562825408995486 0.11625773367718766 0.10339625653479195 0.052564554305504135 0.017781841062680517 0.11896162335479754 0.10236748878173077 0.011085046960730345 0.007259122147333142 0.12399849099270989 0.0018956093613062112 0.0746789373551196 0.055431972984566105 0.018189978833251276 0.03797366718995237 0.014768771286198664 0.04384771490878899 0.015238501979781157 0.001338206408603177 0.2289085621244611 0.035325200241171965 0.0015106058304886526 0.19167595348848054 0.05709360981108898 0.09127162806585741 0.14589245672801093 0.08727107093004183 0.0009845899196179366 0.0326609300767104 0.0922451672858057 0.1455599649598301 0.10063934118832109 0.07673090957751215 0.03797821547199948 0.051778806371465085 0.0992123707452314 0.06560645653219803 0.07092851189133063 0.09214755150094563 0.15478760382927778 NaN 0.29484844181136854 0.038525128961609825 0.02979736426461098 0.25831248177587646 0.06661163354362278 0.07092126774208285 0.10040153978946956 0.07135093315841533 0.030425930416270112 0.005474354827046904 0.20208193799864685 0.08516815955942142 0.03380616282800734 0.04353399285682039 0.08709260270271825 0.12614156917644695 0.04990042694324882 0.14916640372863646 0.054924996250542216 0.12754422145805347 0.10277054090953086 0.015627427890582954 0.008730206202809744 0.01928998908299903 0.05411270542349852 0.10213389255797595 0.10037405081420957 0.08527284732276065 0.024410998547417725 0.0029835112085555586 0.11611262884655704 0.12461424614216701 0.04855792540734019 0.022305563956506975 0.05660591815851906 0.025347541463022545 0.10580584590837108 0.08482518002031475 0.05505562344858138 0.10493404849386523 0.008927840145807216 0.05675542870123412 0.02680672380558319 0.04614328268699639 0.005595858087468737 0.054911900457314866 0.009429625560495428 0.03893753884100734 0.10883389111651157 0.042061023352039796 0.07010176394932804 0.05379010163742122 0.060685000325093816 0.034434553833006316 0.08745927557174706 0.007062066595647868 0.09674579028954486
0.257696504581022 0.29012746481735746 0.012113399537679972 0.12287778892884949 0.07572541538622447 0.03394381983876868 0.11419321502996609 0.1958706586181521 0.1961392664480639 0.3248706806322991 0.08780253384101715 0.2717586130416197 0.19168965721879186 0.29945256491167493 0.4644471230315248 0.08590877798431788 0.09928128904427615 0.3493724525019427 0.1285125789130489 0.04201059893748379 0.09369657359752707 0.29585333256157664 0.3224298209176015 0.21516283507447787 0.09959094527122385 0.09480341702243426 0.3202720670584737 0.10348621270936949 0.17917746085313188 0.20521980588002242 0.21643348947821398 0.015009290555293618 0.1878638878300302 0.08945185621412195 0.12741547471860795 0.04990462440173118 0.1060242792193213 0.3399514544869613 0.11418755711457226 0.12369723741247447 0.0055573648137796 0.08019339577874118 0.06065001111989755 0.2915074407036003 0.3694037191933754 0.23124428846029818 0.1802478781557732 0.10172681744819702 0.08965762714683935 0.0564537447320029 0.2618656948780844 0.20303457206980982 0.12855382811892851 0.21240307268879385 0.06900885157185202 0.2223105424116592 0.0974590605934395 0.05514041440815249 0.10379171026751245 0.20296696671289507 0.05727123991786342 0.08491331269067105 0.09402074674752167 0.09785986241645143 0.0910733783685699 0.03982559723329112 0.17770100770545724 0.15380878015997984 0.2295970293576585 0.3070511327562868 0.20930016836179904 0.2227305830288785 0.09352573032143989 0.04387678671164713 0.2132021754356153 0.24632390611601018 0.0021637627603157046 0.13155918635167363 0.008433584105317523 0.0034357635635782124 0.010306436899057032 0.28638034081319774 0.017678830076002308 0.2534602651468292 0.24412561206058048 0.14247476022201797 0.14331043163443183 0.04686838933690455 0.09600791251718951 0.016541143297752494 0.03252200790657279 0.08141716543994462 0.03274570713712814 0.08884626189584496 0.07740768119252946 0.15329312069927176 0.06082077671610909 0.05793293390153494 0.014436309214751208 0.03303996609981353 0.08348990438080175 0.05589311012644018 0.22190618792545927 0.13237517024755976 0.11703273603779422 0.046064182808323126 0.06624504970108723 0.004344899288132823 0.10881065137935193 0.07738682028589638 0.030797228686208666 0.047517252761697194 0.038842937952344524 0.05701664892975242 0.1744979350949292 0.21095524416852532 0.046915677505023345 0.08288826432764125 0.017879468409017305 0.14127752606062952 0.07152194452023926 0.056108967464394366 0.12415027110385467 0.05614890552424769 0.2117332180179709 0.004039664126388259 0.06999310474154954 0.14098479929948002 0.25262489248480324 0.07877331122977035 0.30425059698127316 0.37402337083573856 0.01217521340027606 0.03638107811607923 0.057728014021176284 0.07107510411279244 0.10503810577523925 0.20223086321683084 0.18544465153082232 0.020798508086590888 0.0988910109877827 0.2537568359008255 0.674629366307663 0.03957722221845384 0.04986630772891431 0.22511479560037348 0.03046474332769433 0.42743371411803394 0.22692228304825712 0.20734604341555726 0.010891682361814125 0.13015633371679708 0.02180688126656813 0.05640805958203537 0.08810388142658225 0.29442312335127846 0.2963926378948183 0.06525303090680136 0.08982600321789375 0.037561506356975416 0.2544920751408813 0.010272630027808717 0.05534459293570823 0.04268247283881431 0.07179495869803344 0.13405243548967358 0.18007771297045116 0.09759077908709526 0.12233929909386279 0.09808700575032744 0.17629318751420414 0.07008504369455283 0.1284227764592259 0.1654999961660225 0.010680507161611013 0.18016465736066742 0.09826353232955315 0.05324493666374358 0.14807925142189804 0.20667724341285187 0.25260204440185324 0.13421314970664433 0.06306015284368162 0.19848198671858766 0.1027765981667361 0.04802741978843191 0.06319300128145104 0.1483837170254207 0.13435533539304695 0.2367944660860445 0.11280479595230578 0.25779358920013684 0.205751895151949 0.3511424215570213 0.4866469894217793 0.21146878466091446 0.13362251856027524 0.25927408743762703 0.2338208548121123 0.0024760641835691113 0.08061193937347091 0.1552847865519764 0.2812121930607881 0.2848909921141806 0.1773042802804239 0.2315578842840824 0.25954042795992693 0.3588654912009714 0.2650057197813994 0.16536307986301357 0.28734270039626975 0.09251506814239219 0.08705841409118256 0.11389866152152182 0.2336925775594756 0.00951508445545914 0.18741728712416852 0.43417781894647295 0.07510287744568092 0.13279642917667633 0.02752193624088296 0.0336862168457627 0.18541476857115236 0.2364535419424953 0.411174460346348 0.49159420217364963 0.223205869550944 0.1522646749404038 0.13033175661187968 0.23393332782019133 0.14787578396568202 0.12110539085745496 0.08390543878516386 0.06879594263722615 0.06888694095989692 0.0553634845755809 0.028576037523106605 0.02095238978695865 0.18356727095135 0.12616700455042099 0.05112079201260112 0.0955611438979249 0.0383647143629074 0.054233924719950026 0.021945235030958878 0.08262478485958358 0.2793615636229735 0.046153569879387256 0.20804640583412293 0.28811162280853486 0.257833936834145 0.2058305023778762 0.06625191862733125 0.25917113191924046 0.2974057572114585 0.31973686285868164 0.07572944398120315 0.13584669245317893 0.08534467405770757 0.09101940586730838 0.0880238653206212 0.2507113891881333 0.04439969927429368 0.3372291823042244 0.1889721254338624 0.24987367227980822 0.10179691334867615 0.05064100858423625 0.08915749320013444 0.019848044007811053 0.05619564534510922 0.17638832111435418 0.04189384033511796 0.050689286299532704 0.10827640831592601 0.24218122620946786 0.14744784245206796 0.08649169602192183 0.05622495143643869 0.061022146763496814 0.005032651153315891 0.028883387450809064 0.17016187628188936 0.1373939722514248 0.13038382305758422 0.006746744731483735 0.13780174094831435 0.008882771915929226 0.014760980483577142 0.008208048669841594 0.05923765025054023 0.05276315809145242 0.010574758248612466 0.03658666452100818 0.03192424120986434 0.04061742257815267 0.14400681387783207 0.012601221442328059 0.03374250496850843 0.1112498121739408 0.1208457580485574 0.034909010097160735 0.0880327113005132 0.13187115999420826 0.27408987215215136 0.027964061487835347 0.23063583151872785 0.23540462112502186 0.30332265999304464 0.21049774578113276 0.12642053496843622 0.28670214746897205 0.07083167417079762 0.032175664484093584 0.04274401642308486 0.037976784050002516 0.45965073486704433 0.033959146637179506 0.27054714860387613 0.02215617094031783 0.023199281423428333 0.29484844181136854 NaN 0.14599197983518553 0.0976044286327967 0.47663821669965173 0.00898946523103244 0.44965966759211323 0.08851324293331855 0.30253438911281294 0.06098163522977364 0.11710229819693208 0.06097904195599629 0.028392336683518475 0.011652374661262012 0.2422602693713769 0.00248334957126395 0.12982388073990783 0.028313474961090303 0.00701300293690158 0.155448951226674 0.24787488411722905 0.03935236301850537 0.10417782311235459 0.05299532127205743 0.08089540989978637 0.17253191290323042 0.0289018882009999 0.09129158778861451 0.07265978416436307 0.04184722909176809 0.035862030285455884 0.10562995520867692 0.18531760521335536 0.15377035579726875 0.17181867920779564 0.08444935525122589 0.09968233364929581 0.09108834955108981 0.1995550830135374 0.2583676481466998 0.2809478113462271 0.12177942260419979 0.20442254017833733 0.0006187008838023287 0.22426911574245145 0.16317430845986833 0.06174097483906464 0.028627853146067167 0.15532493812420958 0.21478574056496494 0.2256758666285268 0.18493554796264988 0.2034939394836972 0.01626651089433861 0.17338735349945514 0.1589613910863947 0.0067984498569831076 0.14681928548156448
0.09465071883555204 0.14206364600547033 0.017037234876390445 0.026120653401249395 0.05065715684412742 0.14979441481580916 0.12905085537202723 0.10772107789320637 0.05070015275672045 0.16569817456667987 0.04966217309646173 0.133264968999219 0.01921649732019225 0.17448127704376368 0.4595367696615252 0.07233297625135303 0.15948123191065372 0.15335709849781462 0.11060908646157758 0.1547284413201845 0.10969165864235475 0.16152959645696582 0.17974476687585417 0.020545832831989515 0.041222269010100794 0.087517769274176 0.07379743635381668 0.02677617770823048 0.22519975773370318 0.09256195967163273 0.0005042216915131958 0.07621138343556298 0.0721868367262219 0.008354861216318975 0.24767587246012762 0.0038466666091554183 0.030652013173092848 0.12425048275145126 0.0526686531646889 0.05298405851679867 0.028581685304415724 0.0807108065048665 0.06437258715799403 0.11664004088981002 0.09816602997588067 0.1056826397440914 0.13698739216531608 0.0728206607350486 0.06290613733896207 0.1629648358103818 0.12718400405955096 0.0790262999902081 0.06516033617262788 0.015914633408988566 0.015702696241114016 0.08384235934362998 0.06644833402111217 0.0959097607954153 0.021198511909162557 0.12651986839031182 0.008312753032321192 0.10495607551829639 0.1703029364058052 0.04934032315876632 0.0715572499726168 0.06334537210916623 0.12710019378188833 0.13699842227319475 0.37813160117029554 0.13445389993242857 0.20915042224508876 0.26375640480022133 0.16275312612888576 0.013490255364960064 0.2638783884942396 0.20089261828629087 0.16162777920885926 0.3384001496824822 0.15160149962601718 0.24400296570216798 0.10451680424174334 0.14842680818367984 0.3961275670482498 0.2907371441864304 0.24047589045243048 0.06209540360134055 0.1225365389541735 0.03479316644894224 0.031757452404280524 0.05038161042778477 0.12535697305653606 0.026491032804727945 0.019459403664127593 0.08756214202132724 0.1319462775452851 0.02563006897560772 0.3635805358895409 0.10307742134261931 0.013930531362739324 0.07043849051420926 0.008357203280599199 0.013466511002599822 0.1047640159024822 0.051779853126467296 0.07315531515184892 0.018472812398238097 0.005956249317838369 0.06927050325285213 0.09357020978042938 0.043739935275547974 0.08869777864217017 0.026189015384869604 0.015193846918942596 0.036893839708352326 0.07256718532852453 0.0684396025712758 0.12854125465713953 0.0913769729240202 0.04230447207473478 0.11932162655997218 0.013297249293634846 0.04873661905694912 0.08547694560338938 0.027482043377050038 0.10954467794409385 0.03995769311441382 0.070105234198362 0.1257188127425923 0.1558679198334281 0.13745175906945375 0.18557214368046268 0.23053639692701242 0.3584943043053753 0.08026701520060443 0.1433752739868707 0.02359761733323045 0.2209284413607572 0.08159612216599503 0.018427506597786934 0.012559053450220134 0.1241144148811763 0.012319752171119741 0.09587613756433395 0.5026225141396583 0.4678946675287875 0.10222287294288272 0.001127875065678494 0.30825924042361386 0.4348378631458198 0.1404446628938951 0.16940837044286777 0.041004531325887494 0.02492772711693406 0.08110866661116413 0.013645983307579426 0.15265268516648023 0.15413085205889088 0.16210263022987867 0.17844917372769067 0.0043478963510145555 0.16849260486014347 0.08118482356706944 0.08496671163035077 0.1119951904894914 0.05846309737454703 0.06501185117008879 0.12089551377011447 0.07597085618113951 0.13026875693408618 0.1564316830676084 0.19574613349247394 0.02132977880098446 0.06215010224278973 0.04781888541176609 0.058770517228928114 0.13479017711301025 0.17304012648691494 0.04159367462527631 0.11459681082453509 0.03176140208507492 0.13189470062481287 0.02302061254611548 0.009673449121614363 0.11112782867928993 0.06638565078398727 0.05948666691869957 0.04967275854365576 0.07306300357922502 0.08303401504107752 0.048500039650678776 0.008037918979239608 0.14253601291020015 0.03211684136294526 0.24474196123140388 0.4347441446062055 0.06864476788094781 0.15219921410666448 0.16477909486200196 0.05597310524282123 0.10874578849375131 0.09261372421440323 0.1486099909022822 0.0712129237819208 0.12465383772205382 0.045972238310714224 0.17103890366250668 0.05434999289826748 0.11798580485059919 0.25577122338058705 0.09618568325049867 0.009007281558340968 0.07925814355705761 0.011628042850988783 0.022074272218298267 0.06491857428221588 0.01689273835430921 0.062338647359430836 0.18031824955985407 0.01700420750404766 0.05261465680828884 0.021146544128812145 0.08320044265729808 0.05836055563314781 0.07316053625188715 0.16406656945667597 0.1404799803550341 0.07694081891988266 0.06326187970659689 0.03897339939154112 0.2559093414761562 0.07094871336145644 0.06713496963056699 0.012365262211621979 0.029568143094523547 0.030488044402523885 0.058340922801993204 0.02397161157285051 0.1365793855404008 0.11149990952345842 0.09712922698986537 0.04890469320635821 0.007364905346533644 0.1816364908183289 0.047356010284392985 0.04464326243575895 0.012262952152149837 0.04155845966651564 0.21671691753646957 0.25671884903800957 0.21308542037291558 0.1851834804285468 0.17418709447570566 0.18786432490011898 0.07876299521286656 0.281110099149988 0.2700809923975001 0.1444761952226254 0.3124512306145129 0.11911515268970536 0.19018552173543263 0.05987890566933824 0.22196733501056048 0.43881990316898395 0.257421087273478 0.250788246477391 0.06220204010851976 0.13099686240144498 0.13474978537227478 0.21765725260403082 0.0033344148766024655 0.11194600474713007 0.11064583295777948 0.027586532694081442 0.11143039475820783 0.2414363485713051 0.1309018482920278 0.355309843895927 0.003506694060246172 0.029116871984244244 0.00402361062022781 3.768317246020159e-05 0.014139501371244778 0.094183944882281 0.10525262787163141 0.13044866103618502 0.02019912973082033 0.022977730558789617 0.04701434179495653 0.010844600312681259 0.01760644752061294 0.021709422908510818 0.04419264578025049 0.04540822922454551 0.03708957275353518 0.056757173563751526 0.022930773726682 0.3104715804746193 0.059761358622676425 0.018107389920072648 0.05919810580675006 0.01836245841215232 0.027729181151483154 0.05699279413972275 0.05705133227696171 0.21116680681382421 0.04490538871763818 0.03346506237266027 0.19176370953732966 0.17989711204638859 0.11961164126687389 0.08068876557919212 0.19296480749330197 0.27567587431691293 0.02763293407297356 0.1833719063137613 0.05572942729344764 0.19785390595091437 0.001597745188796949 0.08953160853529471 0.03903107437714875 0.042727549514843303 0.038525128961609825 0.14599197983518553 NaN 0.4973530242419544 0.170830390044395 0.12974211694309 0.3727447142331905 0.45039774014355655 0.2910074119465394 0.04943543574666348 0.0895818866676446 0.09126779307461476 0.043047267659241294 0.008656517642558235 0.06267956669453932 0.07210519128268136 0.11737249872212029 0.08047058367010362 0.09466267001801956 0.10496696625763488 0.17089573944354625 0.11594166233288164 0.11189317043122915 0.10279423174867335 0.004260463694654145 0.09474576091619731 0.02658665198260609 0.06403082660593445 0.013986701327804642 0.146052125620024 0.14138074783049628 0.07950427447147194 0.054031897846532964 0.015877180891984193 0.14543958393026948 0.06400496399833688 0.016527160321416535 0.052203181421161156 0.10722124090076002 0.23004383663648367 0.12606347971255588 0.10272727858362828 0.012867788523248812 0.03716350150952819 0.06017825005677284 0.08201033228064851 0.028627880984511217 0.08773081089731545 0.05234613415546663 0.1566995695256612 0.19308463490584793 0.09561568240044079 0.056298886963245164 0.050922325891843326 0.16706988489156765 0.04307399415597975 0.041196194546335316 0.11236153437035934
0.00688941485509201 0.012578140433860194 0.029024827152867503 0.027774160862881446 0.059037766749715004 0.02805089221690717 0.020938247573005678 0.05896962964447 0.09115966757865346 0.09072774552008324 0.05680460404211542 0.038732995122678665 0.034724232443422626 0.18714146220179984 0.31619380375479683 0.03431290105693331 0.053966095412956605 0.041190778436738344 0.04877447494799665 0.05179777923260326 0.024675932489184992 0.02038098782232123 0.01080800724241756 0.021431333562953906 0.11699470085124732 0.14182370097030345 0.06920987955331434 0.013271708517197068 0.3040705956827572 0.11703485135675794 0.21292459255158008 0.06353067099473186 0.15183842502273745 0.20246146367000917 0.25689686667635736 0.06913765038528241 0.0018549450145748706 0.019276700890424065 0.05534468967028362 0.07127500044812851 0.00042940165962277105 0.08482445117306273 0.036734525776778 0.0548823729461012 0.01386474365821139 0.1523275297954203 0.03993711125252843 0.046242437479559535 0.011648529619433365 0.19850815355610815 0.03300277735827903 0.027128345715782858 0.05115464863683994 0.0821726817147471 0.018337706090591804 0.04493909338743897 0.025133266235687016 0.09625393310400757 0.011188236117057541 0.026336039687243525 0.06286372367316675 0.07174833149401304 0.14048884317765473 0.025240305420913635 0.01991201894067479 0.14140919006324376 0.21992073405676352 0.19147715067178406 0.2646543461951612 0.02557177878507311 0.074016034453018 0.2093030944734429 0.40584879421348335 0.012347446312447061 0.2275592848208887 0.0009695025031866862 0.27477065299681186 0.14834185537582414 0.28332169762595644 0.2796407315929469 0.11221270805932454 0.022239773036989634 0.3658483776894358 0.08932423309826998 0.07262685244048525 0.14208454348626945 0.09849555170492368 0.02643466589468928 0.1263554657133764 0.006431217757713765 0.10062960613006797 0.03946903151615498 0.009767550557246023 0.15580912143096906 0.27070262344151597 0.1033802641113567 0.3926411603945462 0.021982244374687227 0.03818432676420181 0.020617879709297553 0.04555108478132065 0.006356438836506724 0.06376663873613832 0.024245146958905724 0.03827782058395002 0.029499033500443174 0.02975279283397908 0.040627497830946026 0.12796498359683342 0.023332034166817145 0.009675893093175743 0.04305290817954613 0.055182007513110545 0.04899231148092763 0.02778920836674963 0.047972606303821226 0.2312386782303144 0.059629142858967595 0.041014120001512604 0.07964663334675143 0.024033927959303227 0.017108921898705044 0.11603054848266778 0.003147070441913181 0.053428296175897665 0.05895285653536025 0.015378565874414319 0.07711787239921924 0.09910870628883488 0.13163312816274153 0.1598469754378027 0.05108991248753489 0.4634962631170085 0.008874426200492159 0.05644395858604492 0.03195962605415977 0.22604402969927462 0.058752268851667296 0.0278669256564828 0.08982015720696414 0.027818649671918546 0.0019395963016869586 0.02266068397976968 0.37817331772700397 0.602044135414207 0.1867081703633883 0.029603952804886965 0.05081252333423041 0.2661028969990205 0.14751374510970627 0.37614910879592356 0.021766066375065875 0.010379591925718204 0.02818918368219805 0.0030712144924994376 0.016519851836503185 0.00020201804970199777 0.10448090745588515 0.08129381111671123 0.037995533237202186 0.16504018265415737 0.1684637757423367 0.014243384751363077 0.011925944360100985 0.018971234403779062 0.0021317271652286115 0.01336586856144783 0.03420011745253305 0.0042715715414844745 0.26542387470879636 0.0781670700544906 0.009594213320532055 0.017051405108733673 0.011419868296420792 0.06299278143319526 0.016688833949848728 0.1927490466722991 0.006481611696018424 0.1036773384946606 0.02678894437593601 0.0072943526649688895 0.07536462940618996 0.011100799175437256 0.027301668358322255 0.03254911326399653 0.02449209925849514 0.008555395301187783 0.07696703398262367 0.03552498199136946 0.05465478468284473 0.09658025340520797 0.06083871165863318 0.011859180801386997 0.15469457382110102 0.2517266208091714 0.023370722292932463 0.06735074465956067 0.011483346486192599 0.013344658234317441 0.05277083664388785 0.023994183081370534 0.015329766051994796 0.04194810670700247 0.00021539039344450588 0.18467851837855623 0.2054948304457882 0.04522191700008982 0.053816398060096235 0.3467025586911462 0.08686547460739337 0.19351670661964993 0.08285066240709775 0.08515922244103069 0.12887331404008903 0.00466300939237431 0.07149474558595781 0.026722561785892166 0.0169439057321688 0.002579997171641403 0.06678761307782088 0.051136688978397425 0.11397237511813932 0.021776220040095405 0.05288413502824834 0.1616797975400393 0.15263229759165894 0.07877817667335832 0.03608212676872774 0.0073132237748538415 0.24400849787137738 0.08111877940345862 0.04134185319335602 0.06826445559687247 0.06863388351036132 0.047844697703740564 0.0734917543770421 0.00483765901458515 0.09236704061673255 0.036860285141178305 8.360017975409182e-05 0.09369151027498478 0.09203449254325892 0.03293053368936471 0.14181152071747144 0.008275918120405847 0.05923142088862981 0.07822011214841382 0.03989482785421835 0.3035356276716395 0.26415764733425146 0.04004516239947784 0.008993610666172228 0.29443775355999946 0.15403091174117026 0.24595932036659185 0.26008267369463073 0.26077049859200935 0.16746199293775155 0.20269403263441424 0.2675066802289766 0.13971415501586143 0.1903208062922404 0.45448658270163467 0.13849352664131875 0.06323566848642673 0.052939488609833975 0.03734511770906272 0.14852817265702542 0.21841025630246783 0.05897308533317812 0.022225162843833583 0.04014186896612161 0.02001692505555397 0.1443540570355736 0.26152914218215295 0.15772012335064728 0.3923858871679797 0.07434667882979316 0.002531737879670327 0.014652176748493208 0.04614114782074493 0.048156683749413925 0.03938272023068275 0.059437689026074506 0.12052426295571503 0.05077801928958305 0.029492162749253047 0.01410837617900905 0.15450476475139896 0.02644535898323578 0.009814421570693305 0.05516101405064508 0.06187055378996018 0.01919873000329208 0.04438596672980689 0.07053486685491471 0.26067817086451134 0.018188117719025836 0.0018986894444706262 0.024306302492332208 0.016183873098563503 0.03667559893642141 0.0927075753179311 0.08052059081549771 0.05853561548401404 0.03621697622869434 0.04922426680359953 0.12308033001726383 0.10250732323577724 0.10447392725694615 0.12615241549069972 0.12171676377175533 0.436552384467769 0.09194038768256413 0.03332630159321185 0.1278124651287167 0.1757499479836644 0.1811897121448578 0.0012637123276324255 0.037286731624821684 0.06857229802223803 0.02979736426461098 0.0976044286327967 0.4973530242419544 NaN 0.26115663164134395 0.07833949541007672 0.08316042495497368 0.233182448821841 0.1337373711464995 0.20122986581257876 0.031123681475205427 0.0710880843176043 0.014643621725332026 0.03724022800964554 0.02910392255871132 0.06494663866214685 0.024543402104226623 0.025304591118643093 0.011663627447420236 0.0485466151064743 0.18834144238891537 0.03915213706765787 0.018404846320233356 0.11023182032837726 0.018921826191163765 0.03943649468013136 0.03516147212819317 0.08242129432229336 0.2212372562562754 0.005894958191494367 0.11499966269804365 0.00011680871707962464 0.009365541018319743 0.03310947564513363 0.13093810139682477 0.046066483561304904 0.018451947251287792 0.02811341876641796 0.04617887459881453 0.15388388530604774 0.03516288054278616 0.058918586991177975 0.01855257596276836 0.04613631303461288 0.012570259423479167 0.046900757292207294 0.03607981325316247 0.03797998338629204 0.010018534380568662 0.10233556685124003 0.14638502357637292 0.05094275199673279 0.05868091036274996 0.06458936456027937 0.05152863583723165 0.008432234823706353 0.026803352400945463 0.08436656542724486
0.14340232421076843 0.015506755494337424 0.06419008599631774 0.01358324657153617 0.02507499941828723 0.1870564651295962 0.09364984171334519 0.052879089647490045 0.1376956224632775 0.2239518462283287 0.14487058589097734 0.17024842338760846 0.04012347056643029 0.1969556548886811 0.26600516161120796 0.11887140013010088 0.16538160693804918 0.04379362539065223 0.21373175725441454 0.07762142214612582 0.17713574403627813 0.03014793108193467 0.006362625231884909 0.08000772053332382 0.12036828872199078 0.11174417709188358 0.30185239418781556 0.17281010500940183 0.34451278885941944 0.026468447618198807 0.3228962190574845 0.08384305365058234 0.16455086514556844 0.014570164545979997 0.04627309749394941 0.07764976405498646 0.17659267546653387 0.17561478926700763 0.018917815817375765 0.08367077119678501 0.0785620100762448 0.010556482978354697 0.055461522887175096 0.12388289793854348 0.2246299748179082 0.2630671411717689 0.0015288219393770025 0.24938675940827718 0.20997872914231666 0.08961593923664912 0.0812570311721852 0.014071451532683608 0.1619158526493398 0.021995550555000225 0.0013553144542555998 0.020145729118177833 0.02889947521280597 0.09716492585353696 0.10832590709390563 0.17166458516159905 0.009050840134036474 0.12974900849740867 0.2482400263742848 0.07658237105106198 0.07533232800569414 0.160502120606872 0.06492910184526811 0.04568981037219352 0.1932454985396852 0.21132563076035663 0.16846982140224132 0.2695495684585379 0.14723135538716609 0.03755744942428567 0.23549918089725141 0.11362759220035033 0.18815000247515676 0.09325933154310351 0.24229925593943966 0.11646193756026556 0.14656092165926585 0.05989624097744949 0.19987381203426008 0.1329211186278843 0.09222897757083312 0.0039986627827701595 0.026714175693439115 0.12526103958349127 0.014711708119215083 0.017952917236998458 0.05386628784259235 0.09144444205209162 0.021803769526174268 0.1525002900541612 0.26663174802077283 0.2354182616016039 0.2484278971739847 0.09162750344284887 0.10842412272409249 0.17059596748441 0.07508905522514607 0.09968917026856101 0.1339198908617981 0.12529878355071497 0.13023653598920545 0.03589041800879917 0.11724329478969159 0.0766648834523481 0.06561592444240168 0.06045638232422308 0.0768824936831366 0.012165679454898378 0.07741592994030244 0.007654329932569201 0.028586813987551755 0.02130396043469194 0.15827719757211314 0.03384808519278769 0.021350823246446472 0.09637956517185566 0.1165297817208598 0.02961658525875376 0.05401550985184253 0.07469037700932828 0.13546478278647417 0.048677693561784176 0.09811595232395226 0.0716196255931426 0.15995184682094582 0.08605552531323377 0.1896200550809556 0.20749460089494268 0.17106325619706875 0.03969921589009179 0.0011839572843360645 0.09748966378052065 0.15929302808257478 0.041641573926469215 0.06536928073518948 0.23719841930205005 0.12725091826225093 0.19901274853777712 0.49005631722058013 0.23211812701812065 0.29460489259076594 0.3934010083732966 0.11720914978407615 0.17632065428450305 0.19262888183256974 0.024209272707907507 0.18480677163421064 0.1289229152937488 0.20339811839719474 0.04214516934925473 0.08689514120052305 0.0234718471058243 0.03823535393432434 0.13816590323675884 0.07162747799097753 0.1379460496061882 0.19104135036058667 0.07853683772734445 0.09483884320829887 0.04572340521358859 0.01730486955072942 0.04648244262795026 0.10025752461721019 0.0504400977975062 0.15274446969243613 0.21447271445230412 0.08521096264259696 0.08996763397642266 0.03593210481736207 0.11400144037599338 0.15969811999060132 0.13530273353513683 0.027873746881987044 0.04557657159860913 0.04702636744016932 0.08181918111433308 0.13931380873557467 0.05598582429421544 0.06571834634344641 0.013959261783642351 0.022873734566788085 0.18418674366412868 0.0777361467425939 0.18662975932652887 0.16964617305886812 0.2445307495744231 0.17451381920803544 0.12861909874429509 0.03177017187113826 0.19508692424559446 0.21194453797956103 0.16675640722595805 0.18451463302202487 0.06156285042375173 0.29667943129212493 0.038355381835291635 0.14788565914898785 0.05917008170258277 0.013162612055616831 0.0518487213539201 0.20766508178051116 0.29870421066528724 0.18218923850199212 0.23585189882198854 0.31883726298446735 0.04717644670587909 0.3401291802017807 0.15298992056829516 0.0503119719097224 0.12336127963271282 0.1850122318057062 0.1531743973719056 0.10204741909918895 0.19867762287004012 0.003392977123218263 0.0844006638255129 0.06857488906376799 0.0753257766035504 0.10337434962779045 0.09239202382886824 0.2758700485075255 0.3706611746630751 0.01995274222826396 0.22001830801351493 0.16603054050284463 0.2157268874964382 0.16915180662084217 0.0703731664207536 0.17548941285203204 0.05985912028739178 0.08193629192259846 0.08699827343889492 0.03706575752136961 0.019376052439815987 0.12623712428225511 0.09517721055629084 0.05256254334286222 0.1430947453003399 0.013029334658043833 0.17017332765544707 0.008060420760449978 0.05053839691443529 0.20778662855429353 0.0012002258326372728 0.265290500811016 0.29377442643008544 0.21383303993713706 0.16660145411299548 0.10678961483925803 0.20228464376916971 0.25497892832672675 0.3499273476165749 0.02180813187012218 0.1276741131681069 0.00585988622227389 0.15595960725888575 0.12047462355251397 0.09702148810540873 0.12048102036562477 0.19588164765373384 0.0794920515725319 0.010477142206904717 0.100626419329852 0.11386033739452137 0.0513882663017587 0.09901489392552704 0.08420819619682403 0.055692355964012785 0.024452523095571447 0.09399987425375474 0.1612872669768064 0.23964617257716575 0.19343354639268906 0.12961088120093409 0.14809465791266893 0.05735288143706958 0.12462043690794182 0.12609247245036734 0.0841683692963181 0.10137237574108712 0.18828683003148902 0.0939783020546994 0.055480235848141476 0.07506023296933685 0.027293290353253133 0.06972672085541928 0.06901269577244508 0.03420598853571867 0.10068276605596137 0.08704101543036502 0.04671321276423509 0.03801227469185171 0.1690796446397649 0.016376978095691826 0.07534136632139672 0.05725897397048305 0.13453546237069308 0.00845643713850649 0.0455767399355601 0.16147680253440092 0.1004892274645537 0.0374228316567175 0.21360030926711251 0.10285177886095392 0.15878752732704482 0.2184617050354785 0.17640586464024202 0.22221913397594892 0.08790133994720747 0.0739286694924276 0.022575056518439433 0.036124160748487406 0.27619741791286184 0.17505391343135876 0.07524448672869528 0.029247682129074654 0.10678107263767384 0.25831248177587646 0.47663821669965173 0.170830390044395 0.26115663164134395 NaN 0.12264422962124523 0.06457749588108755 0.06740534480229832 0.24345210087742045 0.01998664421804958 0.03608170906925532 0.1429694195716882 0.12659943197148193 0.11907987652818901 0.01655092655554428 0.16383758158015732 0.1604333948113521 0.06333941075510033 0.012492145174836787 0.158760337634943 0.1559718942325702 0.035588559818080324 0.0857423523584863 0.041431272728861754 0.09452285987033301 0.04748858075024453 0.04170661623908209 0.11042370557702368 0.17039568433608968 0.055817622940298434 0.07576130095533112 0.07893238938999843 0.10543251372816641 0.004022658597683631 0.17520445090241737 0.17266655304896117 0.03655795740291327 0.030978053095853823 0.014939656585254348 0.03290737562227329 0.05067646461867518 0.03255497632048215 0.05014897852325589 0.0535415313234198 0.050489188659501576 0.04262523609378144 0.024450873707924918 0.024693613344953652 0.10251203937605183 0.09053310800164384 0.10161169801739424 0.0047568515071994555 0.026182484453265154 0.014141396232848307 0.05607796238445907 0.12302481220021819 0.0477789554480407 0.051734477288600894
0.12376737648723173 0.16844737391344072 0.09169727496073139 0.11690372761479739 0.06900291859948465 0.07941894042350965 0.08132635609844145 0.017557792447298205 0.17549733796942252 0.22779336573415335 0.09135149371980561 0.05426170829422505 0.05663912415889403 0.07296290178795423 0.056652192691097086 0.02725408413154615 0.11067006993870122 0.047948294320416605 0.10896199448485604 0.022498573538657373 0.040801902424283734 0.047599774301070354 0.08904019656954011 0.13419396939727496 0.13470018528144173 0.06140125923025793 0.12942756209062872 0.10034541669607927 0.12474456425899244 0.030884117402913275 0.08716003057708076 0.004464109210791412 0.01998601596678524 0.06445058836911845 0.0016351535895074815 0.043119806295938846 0.217827599251299 0.18454936396030192 0.04566820231454708 0.007540062953899972 0.19093482709254841 0.1170319222120187 0.12702439313044628 0.08770667496743674 0.0861266364039005 0.046848634631473235 0.07703206676424731 0.01293720915510346 0.05679961918239902 0.040757554560686776 0.09192402785327554 0.11923065469847427 0.16633596717215698 0.05804093595657115 0.09811268047593016 0.1762146107906401 0.09779730253690444 0.0029516520461374757 0.12779122964917639 0.18089328288806472 0.038252333109967035 0.16011700286019545 0.1148298915679693 0.04541507821479937 0.008711343961766165 0.007347573833699083 0.002375223027709033 0.03641698408995877 0.11982410846652915 0.14985738325337639 0.11097262755117294 0.19508676950507672 0.04897726396516197 0.05746987325843948 0.12742305695864975 0.03136982660719157 0.12343067672376314 0.14051534650428482 0.00506069472317487 0.09858757858588074 0.15675889092087197 0.1557975005316301 0.14427189238755353 0.20216342745167162 0.0808815656068703 0.045091162341679834 0.0293736292594882 0.019186466865613237 0.006495635534771183 0.09326494517100058 0.024572369932720894 0.020929452729222763 0.019211075949515675 0.0654493635920322 0.02132686066964657 0.15056473889297034 0.1450717524444431 0.004693761597024952 0.22034256214338743 0.24893736125871008 0.1603246144237033 0.1940366235995178 0.15756372456244577 0.246261866355218 0.20911955538321914 0.207696062540117 0.09756236511822718 0.1321659632306731 0.04219380886260808 0.03135014020454557 0.15805213284670194 0.025695671527940916 0.06591894401894274 0.1109174923479482 0.11293166442652042 0.08887843805116222 0.13980631708452076 0.004598762841084657 0.026407655845848987 0.08582547451262139 0.10905183091984395 0.014830900854949602 0.038844981253718096 0.21006917489274446 0.1167445188244461 0.093054743459135 0.05001643304804551 0.02134450078935183 0.08172862417885589 0.0073280331296382605 0.1307520389372684 0.06550606451100602 0.006505605773387148 0.027359269325337585 0.07341604228362375 0.05310687804907218 0.11285125953507641 0.11883956157457529 0.014334791707304522 0.18322558735188876 0.058870575428332024 0.09421035711050392 0.08088228234630455 0.12734976839769976 0.04971909004709144 0.0065168324819306934 0.3933276563858582 0.28591791256337146 0.1155204920796416 0.11952731061202901 0.02712634397122327 0.009125302317988249 0.13265828438374455 0.021994572906731878 0.08364890182379613 0.09591115988477286 0.06952031780496037 0.0485113437959895 0.054365515560161795 0.09148565212436244 0.041919935793172734 0.02826638631231791 0.03267516933974311 0.05299204495492452 0.04624880542922285 0.01640302686286901 0.17815273711121565 0.16491358486852986 0.12728010581903149 0.1662331994064083 0.10871190192822788 0.09306715324414502 0.14263192789127252 0.2287593141712772 0.1674998520727566 0.0652720031079648 0.025146161822737843 0.11076711779086836 0.10294627445871647 0.04934541420007556 0.11996329239491434 0.11717592759799451 0.09578322781535524 0.07471442260631952 0.08750000210858645 0.07260717885776038 0.06721335119304103 0.1917166401961041 0.1454859456760479 0.15427991637727057 0.07860171330735992 0.05502975092614415 0.007389870129911435 0.08800758169028787 0.056192054510509695 0.014733757035712731 0.10588256288729257 0.032177441120579166 0.008613201897241352 0.06689758304633318 0.06396231908499152 0.009574915947976452 0.12136984126487389 0.14313153997311842 0.06463038080272188 0.1595026588361391 0.05997165876165119 0.19281978460471905 0.11708284817561632 0.10733749954109977 0.1364257034519697 0.016656271225833633 0.07800960291142581 0.06177677006978303 0.08260379864834091 0.10372451222207453 0.12371599247686642 0.16635120710941606 0.026857592902702246 0.03213991888653367 0.09531846051773982 0.25212116291137526 0.12179925844921854 0.12982015523517546 0.19016284319773735 0.07183783466123667 0.03881642345417894 0.0347467087725777 0.03953263436775919 0.10315569713469556 0.12709333496773897 0.17720090093390414 0.20483848317983894 0.004927570583563858 0.09666430191147507 0.2103150431693108 0.06440772163700312 0.08147687398694042 0.1454622182225002 0.13576508440902046 0.05232822661206649 0.036042654710821964 0.07879659253250336 0.10157315086731292 0.022661279169691958 0.03134089933261149 0.025071145053677708 0.05563239380067645 0.15615165588024207 0.07031251289680322 0.09500728079701265 0.11754012937956167 0.05986838005021664 0.013303642305061422 0.09003703240759563 0.1000773968973645 0.007949321362383459 0.2989362434049098 0.04276314767558785 0.046284048028227415 0.0028579684836972097 0.119268702945657 0.11596201021765214 0.23943605633580461 0.12992340092911933 0.0014606395923835967 0.06882847437037516 0.07659705655545618 0.005140340505751957 0.09912592262646101 0.03391267092810747 0.008448609883190199 0.052477033199143736 0.0936200547334131 0.011433204295545748 0.15729119139812592 0.09370596586773237 0.012763299774503353 0.2783554018947112 0.2538226902535787 0.17257640060530113 0.22566400222527316 0.17889190916873554 0.18913469720814619 0.3097053433173734 0.18675987588711096 0.058755552462647444 0.1658045808635362 0.05801919515754078 0.04089039223990371 0.15637053095273287 0.04723240713787655 0.1211635607661611 0.1417696914181207 0.08211143039865103 0.1515196929880811 0.1532488574938035 0.11413794566460314 0.04395128851511748 0.0652537721543289 0.08703618680199618 0.03647022432240898 0.030951059857661944 0.19507655519907632 0.007398974029204899 0.030924058108119906 0.020202465764814135 0.11575977008400157 0.0362875246607373 0.07868353026606409 0.09757095944050599 0.1304156769925819 0.004105108140107379 0.03524553295724706 0.047698744095926233 0.08368362775547498 0.21050108549019134 0.018282261254823014 0.0848611713090805 0.05779274604979101 0.011127953899481551 0.06661163354362278 0.00898946523103244 0.12974211694309 0.07833949541007672 0.12264422962124523 NaN 0.23009550406482174 0.07441556131321486 0.18365410978159574 0.06614942167397438 0.020087961885292785 0.0021471255909247984 0.02017277649704219 0.00168121585623065 0.12312406286005498 0.07345671574661478 0.053644765379275025 0.052683825112749605 0.02651071236763917 0.12447828372825845 0.025544429886754247 0.006308496456427646 0.01998426561153313 0.05796914058929965 0.027933940000604916 0.23496379956044935 0.08314526286216825 0.15102220737750688 0.060384393729088784 0.09183616073570108 0.12209923643922667 0.10634298828211985 0.21334334942829283 0.13905367395314244 0.05981275924603346 0.07020229282822212 0.10142418107974341 0.07611739756598485 0.1021950574362331 0.09153450582967704 0.07587034896199199 0.06641531225866142 0.03493240016193901 0.026943716833711856 0.05098298957124784 0.10223514087667208 0.017984914408404575 0.01531961367376097 0.07754859895577873 0.11933014862566688 0.004045898676366873 0.07378116503199764 0.09116201784387767 0.008260797252207346 0.10473821967475432 0.034911706562870216 0.04289296560022249 0.0203080834839208
0.2112544352227286 0.29511878099815153 0.11124311721861752 0.1660960142553064 0.03537510239181477 0.1843061371601251 0.16112931667704564 0.3153984530354678 0.3819642588319662 0.3471079279694743 0.16058126400411338 0.1417726162738127 0.10083979409025734 0.1757658970833479 0.42989173426964705 0.09614131512145324 0.13435255251574899 0.24281037916711543 0.09846669090735694 0.0704548436208029 0.2442617067384574 0.25324306236642113 0.32441457667314466 0.2513538420829799 0.17000749897517134 0.016327437740985103 0.15166435589752547 0.06675010090586551 0.06455058693588335 0.26493965205831654 0.0645561909227881 0.003457132167501388 0.006475999739168862 0.2166566631998657 0.05553349737766477 0.09171760074932599 0.021317036925818055 0.33447518377413027 0.16297632836259038 0.2378516264394439 0.011755583263200102 0.13578344593310102 0.03340767570888644 0.3641766714655239 0.3747461724590107 0.12073218205059148 0.1312709261808909 0.1940073472472226 0.05071142929065028 0.17168408807652855 0.38272258278081617 0.244676462647694 0.30989238288384974 0.13474680824484198 0.0869722577534284 0.12725210498642198 0.11435554920526536 0.00017664870109840503 0.0070361097255401735 0.1266247225708146 0.018644335213926465 0.015431525944656604 0.014383555854487806 0.07943583321302516 0.05742602383887901 0.11084362337807402 0.017207072073783677 0.28598482674044123 0.2461526158790729 0.24871736049801618 0.18714680765762162 0.18426965343324017 0.10486395270472086 0.018667422588335095 0.11465532113198794 0.24856949380088642 0.009793089321721122 0.38640698840515064 0.04310911421321598 0.06348318667303092 0.19474540268922566 0.4047609709242197 0.09893172053920693 0.5052126968751527 0.27151779395319925 0.2808616264356469 0.14425483733453132 0.01604911166539819 0.1649075742616521 0.07327956976305601 0.022391512404922508 0.10326173140735041 0.05054567298090184 0.014933565843898804 0.0633873647623438 0.08432551162603784 0.04975285824831753 0.011070430407765907 0.09294719844814214 0.18627823734376212 0.0990714790170908 0.04584003443500529 0.19689369956760114 0.006941386430874122 0.03953921842001335 0.05910687550559249 0.07983442964645626 0.023982695649775426 0.09175213929614724 0.030978414156628258 0.04958166966172758 0.019639300590379407 0.021194167343957255 0.03576256375233335 0.17560859583761707 0.06747626039588363 0.03686328458163673 0.04828644273506042 0.0008879510418508273 0.20207172133400975 0.002214775189589595 0.01642016169558127 0.08215578979409884 0.05863843027208298 0.14313694890973724 0.05727906843641368 0.0489742521766517 0.044802752043967164 0.15026610912530178 0.06912928558170622 0.16621401974595718 0.39286891172684746 0.017411370643720635 0.0768601048616214 0.12525359356943155 0.02113231382447684 0.2818879393570021 0.24302526582942627 0.06849166657663588 0.0459924315957835 0.21306819519729422 0.08187111534911959 0.31703666832413563 0.09636450406151557 0.05219883303063168 0.04238571338027874 0.09297308408452926 0.7160908496888845 0.32954525928827194 0.2865711124929389 0.13045658517158665 0.008887773747371873 0.08251846464638361 0.1417265828469739 0.01838973135727565 0.2976765302082649 0.18565813909889664 0.15601666942652648 0.16068111675526317 0.15900930262088392 0.10617826326375247 0.007156817246860806 0.1496645069978624 0.02842677449285001 0.0729524386266642 0.06878177349007415 0.2109666053227208 0.08556617723572518 0.14643425506181923 0.009563873980114723 0.31511169756880986 0.002518218710633924 0.12112090711457728 0.12769119369396004 0.07900520404534297 0.1983344602855946 0.10324373109494722 0.09727159380097673 0.17547580414271527 0.13515744806208047 0.23621391559056065 0.18021210896671983 0.07856912231646525 0.2902622307718684 0.19928840164302028 0.02797826641432488 0.009353606984723439 0.2884572915625602 0.32154210600139915 0.07074945875189981 0.057234486953716975 0.11787888445541118 0.1581853390705476 0.2967625859990926 0.4778423527959798 0.010622870296610333 0.15915649316267008 0.18597189771237435 0.07356499550706685 0.038118980627479045 0.184913051316242 0.1405285322080374 0.2690011991064553 0.3164329691139344 0.004590899252513747 0.08330917043617009 0.13347972104447275 0.32508747701321944 0.1641108780147213 0.23741163849437155 0.0037083776765285165 0.056679456172921576 0.05545810502694137 0.1619358569383172 0.189157304181326 0.014619695346283058 0.11285562908133526 0.4639227018276043 0.08586695371438166 0.15622829496110918 0.014552945142675515 0.16238953819085059 0.276732500054555 0.3627531136233242 0.4129003652425298 0.41327979984813346 0.10918463176401247 0.1008612780966961 0.06612367833170667 0.3667276603091289 0.35982004219031993 0.17079451589890218 0.2255629355156996 0.15791794820229527 0.12959397976823667 0.03923851515346691 0.060608311067478896 0.14296259606100645 0.14392728959700868 0.07946507371224525 0.0760028349383272 0.006169695070869988 0.16152999219890668 0.11947321450093489 0.004261360369374296 0.07483768201357897 0.07375783533668973 0.17674192081302337 0.11177646865511007 0.15323153433993053 0.21888174059709686 0.24404942250259043 0.05046095574084573 0.0723745446036863 0.20940781740951034 0.2046086036562139 0.005008723476381991 0.4227378397548671 0.010880761148823226 0.07239192639394057 0.07191470556714623 0.4436497719917444 0.27898330527104015 0.5108602073386145 0.2667279964608549 0.2907004789269774 0.11680851660559964 0.06604864396454893 0.19375853907668025 0.07011782056094255 0.21576406250273478 0.12185992985222864 0.01092886476308848 0.023970782631953638 0.1339351174227991 0.30681340280489533 0.21098240051705736 0.01567257557479765 0.07284385647086355 0.09735071111684951 0.10604650623196514 0.02902859895151721 0.12574404209467593 0.12027805087585848 0.09225958956208427 0.0431066976248088 0.06947011906963474 0.03758862471044791 0.09918194785684702 0.020596977469027365 0.12399007887646041 0.05860312946832881 0.054156610849669766 0.013526785173528816 0.007456783372988421 0.23030031250201852 0.3619298271000212 0.07731770291925608 0.01888730300117521 0.10409311044052418 0.03420620996020037 0.04651367730372421 0.03215206560140225 0.08742250661694242 0.2731399131658782 0.06957823883556542 0.00510830266614532 0.18321415060759957 0.20240574059617547 0.07875463383129114 0.0564986877316582 0.26147812692960676 0.15644284815762902 0.053075407788791946 0.04548678156012317 0.13172042112624682 0.580249919081461 0.04101976084077731 0.13418827517770887 0.13898475389225592 0.1172427008183838 0.07092126774208285 0.44965966759211323 0.3727447142331905 0.08316042495497368 0.06457749588108755 0.23009550406482174 NaN 0.37141871174081215 0.2656918612782029 0.19330860405759276 0.08890112870213682 0.13090070890219266 0.13808289302258456 0.12841423421300144 0.17952931034503689 0.02027241630084485 0.13487812078140207 0.0955507274704795 0.05067883051907881 0.12170553906122508 0.16437199309537498 0.08667919540251719 0.04201421135713696 0.019975841983326054 0.06199204805294149 0.2135274339485904 0.05924751224103748 0.13703136763187587 0.08384172467382968 0.3096630129115031 0.028782171262594906 0.03505621042559561 0.15466328559605852 0.16933846746543468 0.16250238354643998 0.030703935723107742 0.09058942165936959 0.05509680897275271 0.15882040558109442 0.40160680183433156 0.3089040285394575 0.1599412912695079 0.16673968445985357 0.0326325608538369 0.26340477605364354 0.20429702372045233 0.04826194591226408 0.07637589173654673 0.16064443348629048 0.38270857574943234 0.24828083295836612 0.1796200500194496 0.2887176671805381 0.06641437092144482 0.25768287038029747 0.07915939816503137 0.016081093555056058 0.1604253741357287
0.07141208343714771 0.14696074917030302 0.0038151227537560153 0.05216414064566814 0.013860180373399146 0.21291454598493972 0.21305780144099176 0.17104017595483514 0.18997886113464008 0.08492083576804786 0.21687893587085638 0.1469487861288462 0.04907157580052527 0.17025591857927616 0.356480245015056 0.06165448339124166 0.2136169022057615 0.18775258974838854 0.15488112743980426 0.1650872739266927 0.19342152505562848 0.19380856320716577 0.19855211047871363 0.13007581383706196 0.21537136379066757 0.12802459108848105 0.10413223194522889 0.020845143710786936 0.1770481141799596 0.026270184356543148 0.09862234488366498 0.2301434194573964 0.04635592908092978 0.040338450269355064 0.3656301349778323 0.0012687545878926094 0.06690248619888528 0.20342810359777866 0.013416473942556505 0.13697702390649544 0.010414365077553386 0.0053024426135307775 0.004658705468215807 0.17216554604519646 0.01230708829407344 0.004824249337032229 0.16558345958486265 0.21835411192849527 0.09493523114634708 0.07789856078903538 0.18814531953663102 0.2082676579147771 0.12221836220914124 0.11658970276958616 0.10640091128581886 0.139499822504674 0.03504520320519592 0.05346195554412442 0.029610369912409413 0.1045760645546375 0.08502159773660416 0.22415558463135093 0.13899452076480578 0.15461834835707736 0.05056987616844616 0.19359640220751942 0.3418775461361794 0.12757423985385485 0.13078771000313053 0.03236555802614221 0.016825770146018947 0.04396244246801939 0.1306837147510334 0.15855894517530608 0.08512894851323516 0.030974207664892995 0.07373027325227909 0.23747697273241045 0.10031199144657774 0.04552936932047162 0.25884663340314384 0.02022853575536569 0.2625473857512816 0.2997276749974066 0.17879706044401691 0.2727830485606948 0.1810540064196529 0.00797019164568811 0.1481008054468936 0.002999656719804045 0.1627561172975214 0.013603116684824982 0.08980510877475877 0.06718879030827453 0.09498735605280184 0.19516313373142166 0.3084264125381444 0.08628367751447154 0.025540611890708203 0.09708036434373712 0.05016365594758629 0.004335261625453501 0.07760909082450289 0.022917885382469923 0.019167596805987768 0.07188022482717765 0.034950898738101734 0.05852066878521616 0.0521407630791278 0.037935268401099884 0.12947174811822032 0.020171005361246577 0.029235709016075192 0.038429579557703986 0.11763126221332605 0.23735968070491476 0.13545874610628486 0.05328214143325689 0.08358922456076426 0.04142992791247516 0.058682816340551704 0.029831817905737138 0.018393197079719092 0.12323113212217846 0.13799835755444023 0.06308181957768659 0.035432479736321576 0.05831280242504193 0.022697841617432435 0.3595463885692461 0.09102422382790806 0.16535334863351492 0.20655401621943342 0.07962498616387367 0.18852899992285382 0.07049741492965152 0.024250671441671257 0.15702010131358568 0.04655863974900349 0.09437057383628382 0.15125002028474333 0.002321806051291409 0.013626212243581294 0.33180574526739026 0.19009328675842618 0.018301797911035422 0.07132033491245439 0.2649559698264603 0.666142708232638 0.10501610958349704 0.21320407030738156 0.03693889170092449 0.11980898981861654 0.13010201339815908 0.0294637523596701 0.20143222932742982 0.20616778363065102 0.17455773423052334 0.11727196159670926 0.07615508621739248 0.19647307906686406 0.22894958618125927 0.1360968438507972 0.1432446770421748 0.06679520355412692 0.09537251146806949 0.054070319963990095 0.10130568243996893 0.30553696325217466 0.06559710530516691 0.3181905377951953 0.018376891218848217 0.09508160275587646 0.1199618277423981 0.10069399597378621 0.07218726836398401 0.3394376898127991 0.002412335869698952 0.2501845532484424 0.09529144570309481 0.11983349471545521 0.06815582224931645 0.053967338446231486 0.17326381865077906 0.1440027289533724 0.07701201936187538 0.11166837060845736 0.12104947200544612 0.15881797207035678 0.04519835795513592 0.10147274210568549 0.04780665280035797 0.09116579839782525 0.2263109739782199 0.42256959487650436 0.12527198325404296 0.12987529058250563 0.1595156012138626 0.12033991586841798 0.03222729915657346 0.11152235265714909 0.13073424643734066 0.08007011066107181 0.21077837187971735 0.13524098517369795 0.09492736015108602 0.11805255770156597 0.17489842497519553 0.1890642310422043 0.02692830842721859 0.08036223256005898 0.35119064415387147 0.045447420418545915 0.10967150220426715 0.13165545234667317 0.04794898490188456 0.009680447737735309 0.23517134731285583 0.04296898199085456 0.13824018004430308 0.011611816829492054 0.0283464835256234 0.060871834299603224 0.12004201176500179 0.07161239870938793 0.027901937665366916 0.12344505203094464 0.1034187579839111 0.0767036667367529 0.004494463220939269 0.15727549070341584 0.14204759495823122 0.058207583420905346 0.10519938115978418 0.1037300366986863 0.0748497857635381 0.07544225593284112 0.09404661600590052 0.09593209223225793 0.05401563635328103 0.05254047751159547 0.3190321029340957 0.29527106118084095 0.1473908733470129 0.011510737249396379 0.06909850980590033 0.31031543221319663 0.018719513334343255 0.08617981351938543 0.07410607063050366 0.048484948566752804 0.022359721291176044 0.20179421376041806 0.3390353740927291 0.09969228474520357 0.1397199245283385 0.09723524272962833 0.11060810052119036 0.00908923633210998 0.007206296184972733 0.007668039608431707 0.017075925844353593 0.340865100972516 0.28578411405267473 0.3806733370691982 0.2841572670910343 0.0866162383646649 0.050509982192757354 0.24643914143278373 0.17585877639045056 0.16777838230316386 0.15806238584981017 0.06970228019316338 0.0717795276228267 0.06183666747407787 0.09242011113556038 0.33752573479512993 0.11972526464685423 0.02686735275747984 0.12792828426017236 0.03048031297996385 0.013350239407356164 0.1184126382147716 0.1707331539696258 0.04980436014116909 0.024025019812053388 0.014373269377180416 0.14109005569783037 0.08716019890896196 0.023362056447383026 0.12450395178016484 0.07743366904581027 0.0019975074073018293 0.026105116907710835 0.001936203237799811 0.1431909540676119 0.059914113712929526 0.055461467337680544 0.029225940951678093 0.07614498116124584 0.012716193301850327 0.0068771719370704825 0.07595499430623766 0.06292228961154328 0.18994639530658322 0.08082280260956164 0.01649524800526841 0.1895502174126107 0.044138109299581195 0.3264839066368279 0.018144337504145354 0.00019009246280800443 0.2852616191264881 0.18669055803755855 0.151770557858719 0.10205914833490878 0.03794603327201312 0.16261116629157238 0.0846025477776738 0.05599661697442515 0.06311540034281003 0.10040153978946956 0.08851324293331855 0.45039774014355655 0.233182448821841 0.06740534480229832 0.07441556131321486 0.37141871174081215 NaN 0.17339305350287545 0.24778499625131684 0.11015700168425327 0.12206966927445327 0.02370911031210062 0.02533620959533442 0.07241842330884159 0.10050217306004917 0.05380342143268769 0.02794557079458286 0.05867833307719583 0.0980143271090633 0.2577897650861667 0.11695027877260245 0.04395907986845315 0.039751548233352405 0.15294657295251415 0.08672978860779323 0.008625300901965036 0.1172702532006174 0.056333981948855104 0.4470086762236763 0.057300715902376134 0.05423334931441906 0.15743185954998914 0.04894653686656603 0.04351419349441421 0.35886163606698046 0.05006476536912325 0.14604567345081126 0.14244757619037696 0.26344783479772466 0.1703530504425986 0.13148012594298916 0.1074568886081445 0.047915800710448236 0.10985941265655777 0.09241154070579179 0.08467251296995378 0.10194885840217652 0.045935371670039166 0.23633856766297925 0.22768355000453547 0.11910669340788184 0.1514685952274641 0.034726350315244923 0.14091796421834502 0.12196723791301665 0.026130588969864366 0.11130675307426599
0.12845608178683202 0.16018704786344123 0.07562543896797533 0.014314691490519818 0.008990657648272336 0.06655817290677364 0.14731753107362172 0.256635034790304 0.08577536044840797 0.2875478296544403 0.03673642656884644 0.422903577503676 0.07606208355452526 0.1634981921573483 0.36256402139117 0.005855178272819648 0.09208304710282884 0.2921382959917504 0.06683362052226363 0.08789302950540556 0.10572837860014664 0.27123027004739264 0.26122711426513456 0.11483281933237163 0.009965038061704703 0.30576027640469117 0.07625467087921041 0.16868393952727834 0.07305632058131416 0.4506088806383049 0.03213354626064153 0.31639994691800327 0.013291301690736917 0.26436202520407487 0.0370166165756714 0.12119936587142208 0.11980681693890585 0.14284935689010753 0.06623969890530829 0.09195993542885414 0.025676471179903036 0.016819505896935368 0.14601127089583255 0.11503441024227488 0.06485696822642455 0.04525164685527282 0.21403109170972467 0.00558516992363919 0.07403251442279145 0.14594379234799731 0.21215174155097966 0.1548697424976829 0.1354098262511742 0.14034281136834806 0.04647728240863443 0.07530388697045158 0.030498300686116205 0.11401728682785768 0.11953117793158055 0.23241216139901255 0.02675628183662641 0.058672583330271026 0.19842145393092203 0.005344473135676638 0.08469747683911524 0.08393802495134538 0.3501259149805498 0.37939605200366605 0.5703239582006998 0.2925319183060433 0.5150248489978626 0.4744317604551395 0.1465169220473625 0.18358434512905683 0.5293042271421334 0.42077571367366545 0.0044365964429146304 0.2578604106926974 0.10687043816537506 0.05704441145442629 0.1403654184183854 0.21722554988892806 0.11310313214285046 0.17434464509837533 0.2732294345109004 0.05303579169064868 0.020824048736064055 0.06171559197918249 0.09703145555250481 0.03263754781314798 0.0801093607778898 0.1190726796726108 0.014390670185741349 0.21431272041757035 0.09314357145028146 0.08847396227660426 0.16993440786740294 0.23155046003438048 0.0987641250231986 0.06427202888996343 0.006227559442589332 0.04567839139481227 0.1418156686286343 0.0923622660054226 0.1894193696791523 0.05534177864070782 0.11718735610274908 0.1019353102355063 0.006217779793861072 0.03808358572553847 0.09208130595818725 0.019490778596223522 0.03688866087009118 0.07960063523082214 0.07009478973765887 0.2104216524069357 0.02811491241721763 0.07908962866744994 0.04124775468823092 0.18526175154740232 0.0025605810087361573 0.015564089432239137 0.16362946848693788 0.08520422838124166 0.21282237950756316 0.09992696024038228 0.04177051779185267 0.20511570796999215 0.4427356076024864 0.0961561926243958 0.3339540053092843 0.48311250872169653 0.055153711731283514 0.04275057210776351 0.0693504468433372 0.10984850107738914 0.003992700559504071 0.2714934664316601 0.26148908423279654 0.06288435094805485 0.17107938648708215 0.11679738959008358 0.2537928114617276 0.2525790905695375 0.1126252490606521 0.02247514440602101 0.18518549712824775 0.3455731778019421 0.09443634832165931 0.6563032477236582 0.30941351914380183 0.013780672917516466 0.017752507266220373 0.0986109946351456 0.006380184637308164 0.20203855415020053 0.3398881612492165 0.13177980623982613 0.18964165745683695 0.12893080327475367 0.13426867233526033 0.24598266850092596 0.09239038140460233 0.15338484911292016 0.14661855955033007 0.10094495823703035 0.25579143912534846 0.023466265168263053 0.0959760756396147 0.0245719545552449 0.07447578406643374 0.0357483756281448 0.09767723563190539 0.1572800840582853 0.03329976261967722 0.3115431577080061 0.02519552069916053 0.09272516228794055 0.10264320617436815 0.16127929594649934 0.10649181390458783 0.07767688065398402 0.06048736620281387 0.022980394820629652 0.031190296472687392 0.04015961477981424 0.12196040725889962 0.14768958166459953 0.13728047276090116 0.16447802737686704 0.06587785105892201 0.48594940115702173 0.005241151642252867 0.204386486436765 0.3434722215418406 0.025074161344414633 0.10227225506339219 0.3211707240758828 0.10865526918753718 0.18115556703840416 0.10066112922477619 0.20668583749599664 0.20752474618512248 0.12066464519353198 0.28915642929641694 0.5000959384974818 0.007344253521940886 0.2418527162240479 0.02292383407408837 0.5024265202964115 0.025060905262149588 0.25305746075228336 0.14585530318167672 0.24589267914653437 0.50009062420313 0.06149343781952724 0.11097670598149433 0.17180372688590323 0.037739130362893177 0.10067439255473419 0.043308443320732214 0.017556965416050934 0.0462268217559462 0.06054447832993877 0.1494240415543294 0.12363446892978469 0.30027433272166504 0.04810812300996123 0.014745681584134388 0.05750349996378824 0.09089512621609973 0.06420811893024686 0.09838165793061045 0.0987238839942439 0.004950378230596556 0.010329877943858009 0.06487761509558773 0.0069058831734972945 0.14400719670171644 0.097708584242899 0.0504610975444723 0.2672916988937927 0.07592790285064767 0.07065666838204966 0.006469056265618192 0.01932615010078113 0.5297258355241663 0.46263601862317555 0.4958925081581902 0.45432621281544533 0.49278132986621476 0.4375404934053469 0.21776371283002707 0.39393912713541634 0.5479149653387478 0.5226772771049346 0.1557533659895712 0.24170429218057277 0.04502789109704165 0.16899263139554335 0.10680825467673302 0.15394016592826157 0.057862255939063155 0.16345995790775267 0.1892258337440879 0.0011937855828975633 0.37589152473857174 0.18560381292895828 0.014667935241628117 0.06904224680039833 0.056623811987097004 0.08523453548375762 0.048656141102210594 0.17100555323016634 0.008455193893206729 0.07297123711929294 0.006435817986638449 0.2256840375703787 0.10274996634890882 0.014342169320158938 0.04099117542942959 0.01828029950420606 0.15065305075605648 0.07206592206738806 0.18698095987355373 0.0848362293841049 0.081974518230616 0.02202043555767147 0.035103473353914484 0.02497231059018033 0.02289180966280396 0.0008872392141626351 0.00914773003508518 0.12035769915796975 0.038493594475908416 0.20393161371325283 0.03263273374525612 0.09601210519320792 0.06524077323003018 0.07987174189202134 0.11795553652129025 0.011382424674461003 0.08720260808252923 0.13343735646804192 0.36707232090347724 0.0020676258194721555 0.04763559205859125 0.38847581769150674 0.577260721044175 0.6094543243104141 0.2662956762192925 0.5114799536156633 0.0885039480749228 0.15802138816404043 0.16708448727533176 0.10735671836024259 0.1449451540497829 0.16699327109085868 0.31521940338193394 0.21088701114427308 0.1139739173054259 0.07135093315841533 0.30253438911281294 0.2910074119465394 0.1337373711464995 0.24345210087742045 0.18365410978159574 0.2656918612782029 0.17339305350287545 NaN 0.6195366809607659 0.10052608745769528 0.15759889370232477 0.05287901864896687 0.0455238729097116 0.10401370953102856 0.15287779369907814 0.10919983449005538 0.18938632118772833 0.12981327492762126 0.41658616408963084 0.013058530948756013 0.23015776385446604 0.1586580851360279 0.016303757685934943 0.11538099969760762 0.21640583904684094 0.0681961371860457 0.047171265074517583 0.15866942250696717 0.12823077058551893 0.18052180643665017 0.04436905355977584 0.005190343876444345 0.14079374167219202 0.40848803698000613 0.27825285756605567 0.0644600326160648 0.018426594260396546 0.11615648618788321 0.048893130630804756 0.05008325949301179 0.0784433274703054 0.008262806805321078 0.03854618262329685 0.02288408326365307 0.21066855066024748 0.0929288305106313 0.06657533067638122 0.07843589349111534 0.13885898692267332 0.03107007068157639 0.010732609888920552 0.06789534852158934 0.0360510008297961 0.2734439579337356 0.053632542239329326 0.037598090031952976 0.024556851425219274
0.17998906806682044 0.027453157843596816 0.014410623313173016 0.10057440944423583 0.11466567314368446 0.06765620395529948 0.008001650327865555 0.15437916207471467 0.1548763034433223 0.12543765180272903 0.09740423935613113 0.10433380935926094 0.09308923920647323 0.09846381411033847 0.044699975954553876 0.01706818948000515 0.01849676463346781 0.12459250356658559 0.11184858674900224 0.05866503454132865 0.0869652288568731 0.06792202923816329 0.10672170663068455 0.05213513533708109 0.21733287546837068 0.028939574453243692 0.08790124657883905 0.08499449167765248 0.14151916011577542 0.5451878896060001 0.21098163427766575 0.2855756124697129 0.3632028759918133 0.4047535710797008 0.2593775457397716 0.1282302635640419 0.028098054922329335 0.04384812144722331 0.16416239924346954 0.04788544625211749 0.002430292555557903 0.16092817395828207 0.15373614229388766 0.16557472127563694 0.0677176493285497 0.10756539324666774 0.151407160767643 0.036871707436757405 0.052560073658102203 0.08322786408419863 0.1220453393847433 0.1255797563748954 0.13028856190580745 0.06031682043388978 0.03721441510016277 0.03602500701198978 0.016941492432628852 0.0990111872031987 0.09322962344932254 0.1732700961503903 0.04322881203289962 0.07686139700508086 0.1449694282750418 0.008027584354547925 0.09795472565775373 0.29036992376404513 0.37451374334100934 0.46964501119993174 0.1911662433948863 0.09224882794087562 0.28716997713586556 0.19015693990772478 0.33520305697150415 0.06422762900095197 0.11379497206832427 0.33200237926340825 0.17131042169956298 0.3036438154205416 0.03160845665572752 0.06575235218289907 0.09925044271324668 0.21244131086999885 0.02723998125697952 0.14769520488585403 0.21005020471167202 0.19410000705158714 0.0012278955235256288 0.05597244749946891 0.2681451169563106 0.019685911181206297 0.10695276078508735 0.03059997490239763 0.03370989901090269 0.0029268918542373176 0.07005534005209639 0.043893062863804434 0.04428023377132403 0.16215425316100174 0.030698803246180264 0.0585128094517255 0.12927675807947975 0.10135007039565798 0.011882639388728009 0.05238516950182318 0.013010150090821309 0.09450092772736648 0.05692357719650779 0.16147073922841887 0.1528275465728474 0.023199761278014375 0.21353406863084617 0.15120528092421628 0.025560818602254565 0.03917860508768126 0.06226050042577248 0.1148494215997428 0.041017630202990756 0.04372225925306978 0.037406589235890915 0.06095020158412774 0.018901199885564747 0.00020158298991192355 0.016102875813929902 0.04997127671234514 0.015655148568123424 0.062159715790632813 0.03128712853969725 0.04205663202790137 0.10131432230710506 0.14683677539851414 0.033280875558106646 0.40506517639297246 0.1408374422417297 0.027773881966680437 0.03759175207948327 0.025304402877651976 0.051081104192326456 0.06391744161715565 0.07225218981620019 0.0016401942684283065 0.13824700004239487 0.04762577269359269 0.04941520401521261 0.12404110119624649 0.1795451196171223 0.007217617281207445 0.03677040819931904 0.273057904839757 0.03752298946072021 0.6670751530212613 0.6710956415364616 0.026452588892835003 0.010216247551246112 0.043839843209937564 0.06595601490451744 0.11575665337792375 0.21472806394509222 0.003047335203732418 0.04555850123136712 0.043235770021127426 0.09835689525362984 0.3077390847922817 0.043608908045020336 0.04126698860185829 0.1459648354435719 0.04426991136765969 0.18666771775716012 0.008341201548958472 0.18533456682726543 0.15003187488948563 0.040527335092748105 0.005914605579469061 0.08530284989094297 0.07190586557149219 0.0459608950709964 0.23844109844817474 0.1623925237468957 0.0953402102951068 0.21931557617494743 0.14663850968856035 0.15178591130077088 0.07268721666546384 0.0408035052351012 0.09734062537043126 0.1117311281313792 0.1379417419196361 0.08666208401776497 0.1319792839701381 0.1569764612877641 0.1144324706406172 0.1091373800403177 0.13790752967004133 0.01586291370132057 0.027141696598718353 0.028500416100789235 0.038691413582530865 0.0014781887366612974 0.0873106482583021 0.10149008617228374 0.005076215646806163 0.001434019826082719 0.018303274703370315 0.1360067589783735 0.0504730968718796 0.04997563958582604 0.035070331709613385 0.12737238813098484 0.1738415569235088 0.26253607334892715 0.568354908428005 0.3380687201213475 0.09879995780760818 0.3355234072607405 0.32306961585329325 0.44311342738381165 0.12294737841135664 0.04177976782133026 0.061056550460204015 0.03888260232503797 0.005434157700869192 0.025778167838401523 0.13721693661067913 0.14513105820945688 0.056240173628542216 0.1309551137977662 0.10000785231431641 0.22382394190476382 0.018368756433248944 0.03768315464915852 0.005175861623941213 0.13185324217060668 0.11748037443527556 0.1583147236911321 0.04134596659686799 0.008210430980382707 0.03929690293433106 0.014248274549565643 0.014072351180377562 0.04261637598694609 0.0657827426857151 0.015631163267906804 0.037923691193576914 0.18105880592724127 0.08078543092464385 0.011846562686929536 0.07538595684190362 0.38457246439072235 0.5275884615535766 0.03162305835560966 0.06663580490214271 0.31603814413261355 0.39850451110286766 0.290250418266636 0.06525066164005208 0.14640016904796313 0.1543980927794674 0.3043030095206761 0.17070784812743595 0.040628905096546354 0.1813637083846683 0.09315292346707005 0.08813369897921473 0.08651288591177872 0.05184870890996426 0.0795427813032183 0.08763044937073629 0.2966687390109667 0.0077475267803723945 0.07834687142724386 0.08556051659041675 0.10809281789222407 0.00847489456872073 0.024029484046283318 0.03188923829674998 0.0751777134207734 0.04319233745664183 0.1734096942017903 0.18690660508450907 0.0040153570903579535 0.016185147532778082 0.06739287841312783 0.10232232601898664 0.07141711828041243 0.069278069159868 0.11703344670649722 0.06200782088475992 0.0017298398657818845 0.03284882524076802 0.14891468592221582 0.009676949743970943 0.1557251278445579 0.010031796922244396 0.07531214744972 0.06374824817648332 0.012491031776366953 0.15137046880724758 0.0742121640236459 0.09485167168911471 0.035857653041597444 0.0115136954843647 0.08330795496843356 0.0018818134649886396 0.05584589933731486 0.012308169288412614 0.17602220213467523 0.0526341986463236 0.010160647682729958 0.12403345842146339 0.21425332306089553 0.33025847043670437 0.06412217092338146 0.335173106861855 0.34562062631977974 0.1245760700053355 0.07670318443056515 0.07116711095605047 0.05288345359534439 0.11879507476882784 0.10301714167131816 0.04473057259528789 0.10304388390582246 0.030425930416270112 0.06098163522977364 0.04943543574666348 0.20122986581257876 0.01998664421804958 0.06614942167397438 0.19330860405759276 0.24778499625131684 0.6195366809607659 NaN 0.0576851653837867 0.10659043746659691 0.0608620291874815 0.0232341299807622 0.00030160007101294033 0.1615645308817476 0.013459624892551841 0.18289880045187573 0.032900154591193234 0.2926192688704765 0.15713195486494336 0.009588646813105117 0.1004150225888033 0.05366742408264903 0.06353461854131139 0.1839751190958882 0.060150752818498125 0.035651699419082215 0.3540503649118178 0.004554299123615705 0.016874624796160167 0.016728524493825933 0.08576226722303741 0.11001059196207955 0.20301055760535958 0.2243037763425732 0.10205225682617437 0.11075981221075365 0.21555117931581655 0.17987519346218084 0.008997759321172109 0.051712763921472255 0.01466002332984126 0.006115550335971325 0.03935261107515955 0.10428401630205078 0.03453274932593788 0.0630314531033694 0.0028888287769652907 0.19925999813245493 0.08340441978124331 0.05548333189424884 0.07823961206323059 0.0048441550688586845 0.1290888236233645 0.07012961339334496 0.04070194257408931 0.027492492299456255
0.023366655459198523 0.07127554166118513 0.19396881785879552 0.008762483911103802 0.000388840072801158 0.06528594542593141 0.12564845028617946 0.17431534816089797 0.00755502233023683 0.024034870373881585 0.15555134808526963 0.15309437457306668 0.06821376224107883 0.1331137784960095 0.14900876539423205 0.16510278174133214 0.1641896401579546 0.1648442125010007 0.09855521069885922 0.08111572929969894 0.05688491414115178 0.15787451868843544 0.09897145777428167 0.10395701730413834 0.03661108148310354 0.08841084790440826 0.10513591046066341 0.026916731997607832 0.11254088707221278 0.031321840861830506 0.0403886247647689 0.005519672365297278 0.0799957132933774 0.03190879840456045 0.09746316796747244 0.05764696721990945 0.05268359704909868 0.1323236428236439 0.0015260370007545631 0.0719817486002372 0.02625456472731178 0.1133924469686536 0.012364247802120575 0.05329226111881144 0.0592569527433794 0.10856983907793376 0.10158803588435716 0.15939229541660865 0.12682397645894725 0.10832692885997236 0.12952250277659924 0.15761674239542417 0.0456483479676134 0.06306827879564744 0.06628929043387272 0.11241250076436946 0.046815002122417126 0.010171653073290269 0.08616614424135263 0.0783723921689572 0.014532460789684227 0.034182700026935776 0.06140156212892459 0.009297185363391497 0.03339275654172992 0.02334466029764544 0.06835348304227898 0.062311649569748696 0.14702653084734935 0.11443156462757692 0.09624785626863325 0.12286644261580941 0.06674197283069568 0.08215143698209533 0.1796143022428336 0.10697894403926199 0.0006386723790632626 0.026400223662203088 0.08444597040687399 0.08280861846106195 0.12463875154899458 0.0045168545310665395 0.0577476544987849 0.012950491309273442 0.004385543934749828 0.04015052593936191 0.022230389737919333 0.06078882734451391 0.010428688578155825 0.03878040473331345 0.06405027475579635 0.07331758725641163 0.017932590000113723 0.04816035745968446 0.09485547262932822 0.050976757507854485 0.09966677003593008 0.029829207193807588 0.039431633080851326 0.03304039357728703 0.009373955717094871 0.05197649218479468 0.041536855068583525 0.08423922291504249 0.03698427050492683 0.045246629303533084 0.04845608701117746 0.00586251315040793 0.025347473625808893 0.01740331643749796 0.013526828933626736 0.056700788604416026 0.034194805774948656 0.017300198697396803 0.01305819431865972 0.13078770228248 0.08673986948151427 0.0731985076501947 0.03225543473088873 0.066225639270116 0.009884512082591152 0.08695888809937279 0.09346637186214203 0.08352729655497211 0.0796622699622662 0.007919685880035943 0.004414957604598508 0.1260818989556371 0.10534474171763862 0.0006623763459020426 0.1281772378814468 0.06071763401758722 0.016781175880808526 0.03152448304923925 0.028177433529945846 0.08519383505701372 0.0631688557769633 0.2432442642612502 0.14145234679019147 0.009168764321501393 0.09132647707510876 0.0391127199346934 0.12073796217407422 0.04039956955566288 0.007869386066211861 0.0530498492827086 0.016544847633058055 0.09949788665120189 0.0708232810742224 0.08101423945960143 0.05490878597968617 0.13331215103489574 0.04754669006071896 0.06324324831341838 0.037803380820286024 0.0672713029254089 0.1742218835121489 0.14561145825711885 0.08417322954606393 0.11294253254386553 0.11705434578784807 0.04971927227841808 0.02768789680957278 0.09284035519171324 0.00033866311879259366 0.03714765110772007 0.07542922440793584 0.010025486336606331 0.04531291793576468 0.02009814550669002 0.045691703424217384 0.028140193338278337 0.03695435514613858 0.1113277346509939 0.0661704154437516 0.06784884594994134 0.03628853452797109 0.04928933546018556 0.026750569923695053 0.03533708056787331 0.029657742066693735 0.06290898059214865 0.19713501722586962 0.003674530249771041 0.022730274174758033 0.10258562300893409 0.15085025617998335 0.1368364077740069 0.09022707166272438 0.05738203769714857 0.11743629603282381 0.1402687905608776 0.042686114548043066 0.1520998259033045 0.2026726127829885 0.13331540167130637 0.16973816346389578 0.2198192846419251 0.025550252832409408 0.209427488122278 0.08504686187167568 0.12324903918368692 0.1184568968653675 0.03907378805958758 0.08608931164982778 0.09341079013336959 0.08385029095547467 0.08377810444356135 0.08888019496547889 0.017969002103115334 0.09300463704391349 0.017198116554009085 0.043984301071436895 0.06169371769066536 0.01882926509285204 0.0014609773681865483 0.027558902944291874 0.08987596933168239 0.03016128619591904 0.1011241961423684 0.009765432802570799 0.07635522084980706 0.04069530565791035 0.0101635113285394 0.1263897421087911 0.033409602215048934 0.16845417510362462 0.1350025947828572 0.11034638145664669 0.06525817837624977 0.12583853543645981 0.09090105370000731 0.03754799333972386 0.04511022068966212 0.04439988035387046 0.11904409775343708 0.02658499356981602 0.00229121149534558 0.05034210258927341 0.006581457702776047 0.02573018882113329 0.03346404663175501 0.08730797195187863 0.016925747573249716 0.029112710228373116 0.028808278421946453 0.060675451736497125 0.016931820738591903 0.12415607964636678 0.08582598508099187 0.10976815656298276 0.05562939618471824 0.0013475275359832479 0.023260977737275767 0.17627677095294222 0.12674862144526358 0.009803773650374534 0.02855499568478831 0.017473081358833728 0.027603460565763363 0.03389398681296095 0.020695218056252896 0.015694180160041614 0.05821371812065259 0.06781478110761943 0.04640109754712233 0.05212442938973799 0.05617732136753255 0.01597567258099319 0.02134632255388365 0.019258007439638656 0.09221232601177282 0.005310050351234509 0.05224699055325358 0.07554705758528828 0.01326079737977381 0.05860560567399458 0.03588335762351648 0.05815450598918865 0.07167634468829424 0.05341420838493568 0.04133928864066693 0.03432458457395736 0.08317769576921412 0.07348563508502753 0.014883358734136386 0.032925368230424544 0.008596123194356358 0.0002234395031736744 0.01719149833551234 0.024047467191308916 0.0342971742393191 0.0395265687934072 0.034664921206368625 0.04306374523175887 0.14693802756395216 0.05177275966577643 0.026973140421800053 0.012204660624319892 0.0021472507495827334 0.059163233445030904 0.018047828018929523 0.06293167248963673 0.004214961949936043 0.11764611841575988 0.006903226565976957 0.045556732029620406 0.0971666794826977 0.16340542150431694 0.034151221699951634 0.1268998238994199 0.11246705258368694 0.04513240012448973 0.0600528729276557 0.0878798169233422 0.07901077632412729 0.06871082377332699 0.19287531241893294 0.13018702231577794 0.10191422458338172 0.12087796618149534 0.005474354827046904 0.11710229819693208 0.0895818866676446 0.031123681475205427 0.03608170906925532 0.020087961885292785 0.08890112870213682 0.11015700168425327 0.10052608745769528 0.0576851653837867 NaN 0.0979071289347906 0.0031955298043443124 0.0597584716383825 0.054202279687402405 0.11662313998795734 0.14516359340626386 0.18095528084912965 0.05537904563033994 0.02160182743932756 0.05801785667017042 0.15180922928581542 0.05291886857230573 0.006869077172686756 0.0019932174571666026 0.05047124149949756 0.02492202062124506 0.0574032043965043 0.011427563899247992 0.01816954854354367 0.10245605846420049 0.059161279071458156 0.031146219192278717 0.06803222282106318 0.10375082460448466 0.014390677045471008 0.03126805773760289 0.0022252747994739755 0.0267229030400113 0.04276996120309364 0.07417042405088976 0.046254019766930256 0.006191353125140435 0.01308289327185811 0.06558953894814473 0.06547541774732478 0.1298034762303339 0.027956521230959635 0.003598517875309345 0.061158238334974024 0.04620485258717762 0.0798129119268979 0.039919322739738396 0.034377065287040987 0.0739954709703672 0.059409099052121835 0.006603425594689566 0.05312468560446764
0.11393759539976503 0.24017669078479617 0.27296572790065504 0.13546404490607689 0.15061346694860592 0.34102162262286106 0.3304015415223979 0.28877769129700376 0.27765019564273596 0.031280284848227126 0.17339194332763816 0.14823328914896555 0.12540208096042102 0.0030610068712315208 0.1556786493978407 0.09812824900986232 0.21498358210682372 0.2631313919343542 0.2822024220320162 0.3133316716283529 0.29952870597424547 0.31704555327563355 0.3172068641161033 0.06715620586749138 0.07543965821190028 0.06623982814386284 0.11548875597232648 0.29139064515129964 0.11373146516910497 0.22556018999248353 0.1000303676321625 0.10716165765717355 0.06444252814570604 0.10802511478650755 0.04098522373460361 0.19180756893488554 0.1149183191441891 0.013118025026002256 0.12664762165116572 0.1441675716008612 0.09663559096165787 0.046979080167907944 0.04489000637426333 0.036812822715387085 0.04590419560217165 0.04571722381960137 0.18479407555731653 0.29741639691871513 0.2078446547943178 0.0030589575168631553 0.2924225765499106 0.2144073998915584 0.2880831928988049 0.08618303310592493 0.08082885006545379 0.08129817917913278 0.09254863480670358 0.022348071395279917 0.07113768763039816 0.07107073107273026 0.02009912645771538 0.012567582160393408 0.02275269804564336 0.07183959773237979 0.0052822561954902186 0.1508683663363389 0.1843943261021122 0.21130587834577536 0.12519184240733097 0.055438391192440734 0.14786510678230422 0.10992168865882214 0.16172018588611317 0.05839697792160651 0.114618855545452 0.22025327328086147 0.25105273210541723 0.09093302604178677 0.18055070514274618 0.013159805644403017 0.2131233656907876 0.03570552961342511 0.09959233598822383 0.014091072518794727 0.0424121329438603 0.02596453146741696 0.05536508852191178 0.08171842819394011 0.1022308498296805 0.0828468072948804 0.14398728151524584 0.04487888607497713 0.04244803787140413 0.001098606799334925 0.118759278151438 0.1304680640032102 0.021136613391315305 0.05870835261613728 0.030070045115756207 0.15768428265546744 0.06274142297768766 0.09746910954010404 0.01288613230377236 0.02596746201575848 0.043693514174765025 0.06703770597622852 0.1115380698268506 0.017442176832915147 0.05329847004110897 0.1352622235489557 0.05138628366283767 0.041402426704661086 0.030644326339789713 0.004533059685951319 0.08360555130267763 0.14604290625712738 0.09120601559515626 0.04154721970596956 0.04507568633543322 0.01660396230583341 0.1978962245700286 0.01983515920019151 0.06729489255458217 0.020135579056340974 0.050329175036566046 0.06569195857660567 0.014779971158194537 0.05441799548589457 0.13326651354565003 0.04465667460983235 0.028973230892284166 0.14310485578109045 0.07310396500219656 0.013013820269195514 0.0021112927031743177 0.025912242979985418 0.16685848862945848 0.28566367726214986 0.2406733090512473 0.26965246808995574 0.2712851641138695 0.08826038712509088 0.02141552456121334 0.01751292496689895 0.07323094390915802 0.029707087376079206 0.06018224804405734 0.11807763872558914 0.020096945190544658 0.2485871842130671 0.16288067954071808 0.10557855647684582 0.3049051886578959 0.16782875460190058 0.002460023051415081 0.27432137954123675 0.29245386788638195 0.2708664770384504 0.30746603660674887 0.2386500093224143 0.009830341973381465 0.12179311606899183 0.17731888529318715 0.12511153611245232 0.012832119867882 0.08511275359785654 0.04164195466832061 0.08217323941575362 0.0015606529831609448 0.14291620985252007 0.08433847062612 0.14070680356709442 0.0024324072807282294 0.010037293824542421 0.122334304125941 0.034041772730598455 0.014153007176787436 0.0028973578731653934 0.05193480903310742 0.09648581528860117 0.08195905553134743 0.24893443355321646 0.27108479743753916 0.04744628285628438 0.07794777592609999 0.284089495602442 0.2633436248341133 0.2730570537572874 0.32453039153976887 0.1652857934938944 0.11331257548857586 0.15884434343052342 0.09439377864510072 0.019604686552564584 0.16505289345421792 0.1994631878450196 0.1846712865684022 0.3049365377540466 0.2209157491805252 0.2522637466702046 0.300303560912485 0.29284851930667344 0.2873564643420167 0.06649809015014554 0.03639505835818669 0.032720064092802766 0.11457492498195529 0.022886437153232665 0.05690773471235057 0.1794486239496636 0.1433526615458778 0.022241692759582623 0.04322020526979771 0.05526211290856312 0.10672813647839653 0.2015779257380127 0.05275743505967319 0.020089167529021453 0.10194928590596262 0.15095591507132544 0.018702317219770115 0.02934174391468811 0.0011239978995592618 0.004104582813398739 0.026998149406959597 0.036543127846756944 0.19223471951437532 0.1999435671384546 0.20002017366176195 0.0039407993157964775 0.29244331386397276 0.21692107815865547 0.3106537812818374 0.171220092129229 0.07520817385598264 0.11556863471762233 0.08053553245173192 0.004256587318565158 0.023998151407886668 0.002443375315187501 0.08301749989971048 0.04684605695799145 0.06685659752144615 0.058348423873437395 0.026253989006773507 0.007515754557496639 0.12308439447161246 0.10843941120599139 0.03484556370433695 0.0556451707013036 0.11396117085797466 0.15926139344452964 0.06874011951639662 0.025479888727586057 0.08150223112102953 0.0065347022322933225 0.09287463257392385 0.049319406302275035 0.03869689903995988 0.028486763193096943 0.11289810134640797 0.014500805708831567 0.07358588036735973 0.04018989375172479 0.047976878787779 0.033595872540134186 0.08932099893337123 0.03149692088836184 0.050656044778446534 0.1423323503242193 0.04632042020577564 0.10668138826401297 0.005935739117481703 0.04864722549624979 0.12073415922944215 0.09688398814833181 0.07422111561692646 0.035317270834837045 0.04454895389794922 0.14180253376421464 0.05778097131921901 0.08149743501786672 0.03658101887755626 0.010607673295683498 0.07732443070461076 0.042672824069409816 0.07253757575680521 0.0817393716364519 0.0359601600766689 0.04385550414234337 0.0464995668191679 0.007172358302174284 0.09738244706643305 0.009814415886356462 0.000611701609438873 0.14709456682123623 0.10358542712505597 0.07239795817245048 0.06571666586489586 0.025455553530919054 0.2950010716737578 0.03030837379434248 0.018363008591892112 0.15026777711719186 0.170714200140743 0.055614257246487865 0.07601971951530923 0.10923545468935773 0.2205434825766428 0.11461832961162965 0.014257498977835856 0.04860736978138153 0.08008430319519634 0.026883354995672754 0.06705522000113447 0.08634442792701207 0.020670023763519434 0.31630534984935904 0.19588323922146283 0.12812107353046268 0.1995434026490133 0.20208193799864685 0.06097904195599629 0.09126779307461476 0.0710880843176043 0.1429694195716882 0.0021471255909247984 0.13090070890219266 0.12206966927445327 0.15759889370232477 0.10659043746659691 0.0979071289347906 NaN 0.15425547063085682 0.01019621687497146 0.17209498115130964 0.2618753223106743 0.22898200562760473 0.2267691135069429 0.3247872023348549 0.04368326814332337 0.012458994148501466 0.27570887242157893 0.05766269862567944 0.07157540823999142 0.003387924264927868 0.017446273653833028 0.10338558859019177 0.0012671882469033123 0.1609960317314179 0.04837707295425132 0.034899535391858263 0.030813260975314984 0.027354097182985586 0.11536001779714403 0.03364560724588923 0.014834440769880023 0.029871895162725693 0.05898318364259973 0.09578830368647567 0.021798861928585565 0.01664811378383333 0.02035841460338203 0.028161692730606005 0.017093610051440906 0.002722981551272667 0.10122338276917081 0.044372035627604174 0.016735765346711763 0.08178801908191802 0.06443788316571751 0.01906604877848346 0.02177844956397166 0.14448223933131082 0.02001285755728572 0.07697440228041091 0.006579404126524352 0.006451490447283645 0.012177094353713504
0.09206424903433555 0.1342182755548216 0.15930261257533537 0.1368979752611182 0.16160950143473246 0.2579997536130547 0.24864963948243982 0.20647043347363322 0.21045769583342525 0.01896111640959542 0.14939213393945389 0.008568402432219175 0.14828998376082947 0.04898190317726597 0.04363444133667932 0.14379190873139946 0.24806458485676142 0.12126106955606296 0.26704483281317765 0.2219609721906751 0.1852954800018947 0.1278017797075558 0.1339910767770956 0.044692031917599837 0.0786490512908605 0.04912885791807053 0.03296025176041525 0.1300492139766478 0.07374094024369945 0.09823487645294404 0.03337455021454175 0.03068075903286596 0.10691786771625968 0.057379653491293606 0.02422768829291968 0.08996960229176618 0.07596825756660601 0.015043705927228285 0.09273592991007718 0.2050446235848038 0.1095981329829791 0.031566925485137405 0.03519387109110237 0.02047072860230616 0.1265968234915648 0.025413293914874853 0.13376199006139414 0.2718555360495295 0.08651463009053072 0.009089269471695485 0.18088098040352513 0.17624511512288626 0.2458982649161015 0.022246767224339322 0.08525859852231661 0.11373413446228058 0.029515260640321374 0.010827432091295547 0.01961855439079511 0.021573077161745148 0.05352518539200686 0.04261793363634174 0.0393118097024022 0.015082090123101908 0.015462485143507286 0.0859774680157026 0.1299178176526557 0.09943729686018073 0.0483101453014318 0.0015884769807082537 0.08125942878889227 0.0688065858766296 0.14229632033413167 0.05278679411544858 0.035773801249785686 0.11805097168999168 0.08838192841576845 0.017963512108075695 0.08851623835884831 0.07162538461325232 0.0915705940601562 0.0890669104266035 0.10832863975624595 0.012286128568004083 0.017549472648662256 0.04728786101412343 0.03757057789880476 0.014403225881767465 0.08062296461965288 0.05335203036786315 0.03162262825356734 0.04043691318890112 0.11316548264814506 0.010632499302676719 0.08859958805154051 0.11041305150569272 0.10920293501433875 0.05285160946496445 0.1534390087705221 0.17088927693042788 0.06145095846439505 0.0933496200015219 0.07431994931028942 0.11614467016292472 0.07355548125963217 0.08103527721158137 0.03200681273715584 0.026948928771826836 0.01239572412315957 0.04793466779152122 0.08240390203315806 0.010948328959747199 0.02635242631944248 0.08683605461117731 0.09525282496238299 0.05077043858307142 0.08323520665639099 0.04026737672316894 0.04085962241077742 0.01874276826176234 0.10098357115683722 0.02123881479081921 0.02462691374922726 0.10032374766816834 0.009010181236192922 0.05620349001263371 0.125156141599274 0.00293907067245199 0.0453941057013271 0.11312581267752797 0.04583697947085955 0.04284156121725009 0.12752510207265655 0.029966898999835418 0.0348794407911127 0.04191109041432683 0.051989413290237846 0.20261934114469746 0.07583766021176655 0.12473287114470057 0.155229945965081 0.026984114490711503 0.08250019630127968 0.0701668905170337 0.12535398309897844 0.055135410693649765 0.09306081491403163 0.07979467779324337 0.07181112137823886 0.1485133518732675 0.10611508137642425 0.08831965699813295 0.16429051704872744 0.1818387902181064 0.012303983884437524 0.1571857604586035 0.08208049826215584 0.3049228676617252 0.247599824624961 0.1939265884142806 0.014458743701292924 0.1149709636953738 0.19295182503379749 0.05254420946632183 0.05190572281182873 0.0572934245430283 0.06928399626374107 0.03985173336638871 0.09653663330193424 0.17678416133461478 0.049116395870397504 0.0740957039501975 0.05038804429419214 0.1123227753604486 0.08739275898803153 0.04534747065501553 0.10140477749393055 0.032256824218958514 0.01500234220737644 0.010724888731360724 0.08198109225499847 0.13980855952614138 0.1353364402645306 0.07650645506789919 0.09830153426850505 0.2380069468587985 0.21200497664326506 0.28851260710377447 0.26262849763592094 0.13741154504029646 0.12079563503095951 0.09800861736535339 0.13158915223262485 0.006731659312945187 0.09289353420782774 0.20270738037271885 0.20954668145094335 0.08138623192066774 0.27368449143857515 0.21924243961433784 0.20936702789848452 0.19378668290391468 0.15827878103707674 0.0003991612714496262 0.03464812464363493 0.0134600684641496 0.07123637295350205 0.05079834970335522 0.06742712130481204 0.09244712205841242 0.06412876701458382 0.00745908318363575 0.06753051248205845 0.09896562667947542 0.06672518446121589 0.0850901438497256 0.08241644326271858 0.015839144840705335 0.022533516656959005 0.19456184276834437 0.04102673365797097 0.02486758046142216 0.06936136709201379 0.009056748022243164 0.03613379955051908 0.037959138358887784 0.14521626153510198 0.23755952875649763 0.06106174004877022 0.033891707448079164 0.2450308859578621 0.14951121994853503 0.23815181679678432 0.16134915442213052 0.11707874992372021 0.1004662634760053 0.010551836436501212 0.004952770608172273 0.055886025095410144 0.06515541089469741 0.00593187669636984 0.03148172649680149 0.04757208081253144 0.0300427974721553 0.008248981656478414 0.011181344684200786 0.07177553982408048 0.04686464669216498 0.018410665111609544 0.025788884363613592 0.009817352477844992 0.04103410349825325 0.10052648105243822 0.003620539472356113 0.06269446496410379 0.00658908592821648 0.013583952677391521 0.024464286339999333 0.05764358431985787 0.05218683180557985 0.0505470272926989 0.036086428238192546 0.03969128622163922 0.03429100999045545 0.06181216852644699 0.01667390451562416 0.06327550464280764 0.0005433585664058784 0.029089673082578215 0.08406404084255358 0.07695652825180108 0.05931127818939392 0.011727738937798873 0.02460066646699637 2.562562434727543e-05 0.05140507243364668 0.03626416823125769 0.01600494636122287 0.1317777417198549 0.11884204228656825 0.07267242190691939 0.10332170955786578 0.059824538190000456 0.03222875890239553 0.13206137621781464 0.13100289596774534 0.02843436687367173 0.01436194245211209 0.031669199964881205 0.06645143821236298 0.04712419430765544 0.05589214684164515 0.07467160994442437 0.010110184766298966 0.027838982442410894 0.03058464323781258 0.0012616070077919386 0.03801333235909884 0.026845558556746887 0.009652753711922242 0.14804780801445358 0.011932717356759376 0.0054716436996624755 0.1012500314763374 0.09426048010438133 0.0625571246428776 0.15432332848980382 0.027040692333807313 0.04637403001244791 0.07796591069189823 0.03427144018049895 0.04861380985111047 0.0059346097879125195 0.03335845004872235 0.03497984195820728 0.026718295143381598 0.08165029494148125 0.12796037752601339 0.044570466369095015 0.008209761362316065 0.038816100155844815 0.08516815955942142 0.028392336683518475 0.043047267659241294 0.014643621725332026 0.12659943197148193 0.02017277649704219 0.13808289302258456 0.02370911031210062 0.05287901864896687 0.0608620291874815 0.0031955298043443124 0.15425547063085682 NaN 0.013335536338422656 0.08948929309227459 0.11639761688963828 0.2828981173091452 0.22281818106501697 0.2296012764069964 0.029830254280900408 0.048015117707912926 0.2610598674325616 0.030896264387776477 0.07481222547663287 0.02284853960568518 0.04605217804986359 0.11336699286932178 0.026009780139331414 0.1314865360232596 0.04435763379517089 0.07047855659726752 0.004386733994087453 0.05903619686915276 0.1594683158488258 0.04717118000137703 0.0024381500299768787 0.005800034401078274 0.0007566917081715262 0.0051388732312346455 0.0988735162480995 0.03396933105869561 0.015631848106504358 0.09133373311003207 0.026108467763995755 0.06116385024772378 0.08504953890592054 0.0172226535311344 0.06153651192298693 0.014442411906826151 0.10506503854774789 0.0431012644667613 0.012290533190559212 0.02845779541451561 0.07582179943321184 0.057285685491859 0.04918708805599711 0.07527707116767786 0.01098462585296667
0.06925773610482908 0.056138723038672074 0.011177993468882732 0.05661243001707968 0.04294411724180048 0.0027289779238117992 0.017614266370224785 0.052721602284243343 0.0991252193335846 0.07236202865245664 0.0360881090297547 0.03929693843698885 0.0018785602429129346 0.05169494461563354 0.036770852000897344 0.043318773632469214 0.0037743602807729514 0.03366425836571194 0.0035746601700123565 0.03809702878280678 0.0647955845021467 0.024016623858189277 0.028525174881676725 0.05569218145426383 0.03496079549816385 0.029175091638702844 0.03583140346709929 0.024892644377931043 0.05494659648383158 0.03262504740026354 0.13722983121707938 0.012134599922030026 0.018938634068837872 0.057139118455244595 0.07850965296233489 0.01496341867973987 0.03033951070181574 0.02175732411161199 0.06257201874024171 0.15198077751068423 0.06281666068232285 0.012735098985850554 0.022589187858974166 0.07017795713750716 0.02790626309107616 0.033420524738561774 0.032752221417442294 0.034140522731106626 0.010131455875389168 0.05405815345558548 0.10907056892636545 0.041973303237984975 0.04390364779797846 0.06999465427217734 0.05896103516573892 0.014267960018509485 0.024225287485283496 0.06021940252873069 0.00727083091997541 0.007649470549668034 0.02007754843014895 0.08526804230982714 0.10279759890203274 0.005771035953708623 0.021918563064419583 0.015383049616770984 0.005221283674697877 0.04687487622607567 0.017829713675456518 0.030471295312533914 0.005029004208616825 0.03170579872079341 0.09513339086816774 0.016693009445477455 0.043996826217578354 0.03208725516004443 0.03145922017935872 0.008559253587625689 0.008069942719647158 0.00471715134458147 0.04366046319976607 0.09043748115899021 0.09623875026103998 0.008358522069102942 0.01615986888329605 0.06784558299765474 0.011920652760659085 0.0026593920612443703 0.01756334469735789 0.015727380467153055 0.048183596534877374 0.025817214008336926 0.007745175612590197 0.017730157260223107 0.05213924673841492 0.01979850998054179 0.12452415648977663 0.02250530682673699 0.07316758051442307 0.0864914975319142 0.02242696468357028 0.05483755476407455 0.022882891827190784 0.05480213274450958 0.008805957878382746 0.058949935561869574 0.04782641840152645 0.028316756283829257 0.08065661261113223 0.008755116132626571 0.05422231239742467 0.0891386554968987 0.011246810965267483 0.00381099644238973 0.04429947407848436 0.0012258879185817833 0.015498870187991105 0.017760274387303362 0.018483264423810625 0.06781841787197201 0.005585297492916957 0.023038211660482887 0.007656964124945059 0.04660784069742005 0.007691512554943044 0.04313085827646695 0.04032114179503041 0.01084674424674909 0.02186149407933704 0.05327183862550011 0.02866131482931525 0.011056836389019466 0.07762737103175428 0.013087225465385453 0.001018701727049746 0.02164080806449902 0.05764324724693157 0.06373226921054104 0.023432559035120707 0.0068471008360224735 0.10618747897152177 0.011009147653278569 0.0 0.1174501225096191 0.07213726325496643 0.10590866885430608 0.0052154875584565245 0.0695048104776076 0.04921742975209242 0.01395712287938723 0.0694156775161622 0.017022248007251318 0.06522668989183009 0.03575068030139886 0.0478016656037442 0.025330840843356187 0.013016352272660106 0.0021275104311235583 0.017930740840912698 0.06743857158679736 0.0323576242271812 0.021129745094287854 0.039389975557422 0.035903704844072876 0.0048429901303308565 0.021786124050242783 0.01260975772901698 0.045731374129465166 0.014688931850670335 0.0396616970334487 0.029009964962182732 0.04138454609845205 0.03357029332139179 0.0009367348021017691 0.0780675441700849 0.024081442025822953 0.09245621005425937 0.0006730881588863844 0.010820869957056606 0.004332970023817093 0.07775658999591752 0.005288738218581801 0.01450615914962942 0.09857474835116653 0.04856435885967159 0.0014671206727029185 0.021357347674478912 0.09065141794062516 0.06816784717534294 0.05402489931597813 0.06314725795147404 0.02455426390211537 0.10315239222745703 0.02028443047283855 0.05512759916618071 0.04411886112952925 0.007929925994198889 0.025409717027573327 0.004384963575875336 0.008539030587398232 0.058492076932981626 0.005394325502784942 0.012668231094594844 0.08471291777928723 0.010555245624612433 0.04621692683396142 0.005530742807205039 0.06658508982401966 0.04112060105741447 0.01576644853535253 0.11365531692108904 0.07380870698968706 0.017325850831479212 0.035640084316393296 0.029457205912946795 0.010508808008014361 0.029963522698103488 0.03952190013673052 0.07460586940018353 0.08541493036181702 0.005891559158851592 0.033749741746765566 0.04091934389663888 0.06412527147804103 0.010914362880777817 0.007901200016291039 0.00044702939857959255 0.04458241548676786 0.006986717269759368 0.0924992546560878 0.07646362700301114 0.07844549934966562 0.02680667269685836 0.010310767986757419 0.0920604908064622 0.000634563251324585 0.011580803627884108 0.029697736957957733 0.04410786575818889 0.05481714919314906 0.016615993331437085 0.046745838424089865 0.059791241192607716 0.0225659448792423 0.002606904739688225 0.005849210642187008 0.08437568399212102 0.07906003358677288 0.07045446860532834 0.02690244602968453 0.003230905868044433 0.03401011187711201 0.030714855169158596 0.01995204259646345 0.041851400835833434 0.008691141699887151 0.021798513505956754 0.013183315644014041 0.01978759750755861 0.028568056458616504 0.029669716255974924 0.05014904247058603 0.031945840454338265 0.03189414921297138 0.07420324354230216 0.09437919187988557 0.02817499344387837 0.0309431191112456 0.041239863156808554 0.0009108542990144071 0.022808729756747463 0.024246815565240363 0.02724671555502306 0.03780741923469697 0.017452939087116533 0.056015759974248076 0.005707599072665058 0.0152137948044992 0.052586131210740086 0.0011248473701720193 0.05394071559808713 0.0039099526984874245 0.07556953221269548 0.004613112013256956 0.04238402565719457 0.06555954628881457 0.03221105303278698 0.036762847395663684 0.002656821970336337 0.0656901231341484 0.016144175273342724 0.023732835908937117 0.013884660628384712 0.028999516140755032 0.05874102539827346 0.05433261910162818 0.035794829835827054 0.03653981808235068 0.009124178910591304 0.015378213309608047 0.026759371979586947 0.01791105484151683 0.004564868053352017 0.0011524778394389461 0.02392749148282805 0.10199783811191634 0.2470127395770105 0.004006225373805137 0.017338772822692836 0.022236979297899553 0.06277956575399767 0.017996050206169865 0.015355199534397774 0.011295659624945185 0.01470661433831636 0.048015112727200264 0.061285426180201025 0.01669133633831762 0.01147626265848168 0.04609452734223675 0.06310679527401923 0.03380616282800734 0.011652374661262012 0.008656517642558235 0.03724022800964554 0.11907987652818901 0.00168121585623065 0.12841423421300144 0.02533620959533442 0.0455238729097116 0.0232341299807622 0.0597584716383825 0.01019621687497146 0.013335536338422656 NaN 0.03586046666422882 0.029217357652577203 0.02527228389259984 0.005365889307577087 0.012679051539610244 0.05235393499392406 0.04164467849947584 0.015686190983039812 0.013103706833189954 0.018646447766317287 0.03773034886850588 0.011428038698771353 0.062182711728480826 0.031184762006951125 0.017018288149358362 0.08409689608330213 0.01818787386170428 0.01159220532014002 0.0002443370566017441 0.08508193395650378 0.046654976278724586 0.01636932556722804 0.046009904842815426 0.04491254743380088 0.005900060097868984 0.1586783313003042 0.045460995292571825 0.07097492014263156 0.007885408410406787 0.009965096659859205 0.08142487487331494 0.03551000272368972 0.0693435803035255 0.0032617410698624894 0.06363564925403922 0.16408229191636467 0.018266695199326752 0.15596979634620564 0.11571070936264274 0.0280547942144331 0.0626785661709427 0.06482349629301147 0.05358769587156442 0.06195160824263883
0.18960646951657287 0.6674048069053274 0.1210758644637253 0.28371043973427085 0.4172338883798582 0.5002012239623934 0.38363125334541215 0.2876389628618885 0.2987840032883572 0.13210777439973348 0.2847374882392137 0.21128372956068497 0.1323688775678563 0.00862124672718315 0.1094880167333245 0.010002454217665872 0.11057183396490457 0.3612312619648425 0.23910591865118022 0.40574063442139946 0.44927276873884847 0.40389193889461633 0.549564782502133 0.05558200534666726 0.21823601454079924 0.08239372590649552 0.05654271934108613 0.3292219562798902 0.04037866756748306 0.20583461134352593 0.03254691696669849 0.08319155560690343 0.05520360355795012 0.06072229153996821 0.02015136501401546 0.13596349739277835 0.0041704533812191805 0.03684579867406217 0.18733368992945904 0.12127263705033511 0.15628333177762913 0.013521200557708475 0.07569064296100189 0.0765450374864839 0.14892738204513167 0.09400485956238985 0.20894492537607284 0.27840210390597897 0.03765539124277638 0.09465783415628053 0.37426568837994717 0.22049596856288362 0.330615892556682 0.10135712757013358 0.03227158587974796 0.16123877289418367 0.046995802215598015 0.04566340628319344 0.08263457522384007 0.026466894803396663 0.002326475015028291 0.10878473034294657 0.025240028623953265 0.04092961891582109 0.06960622893750198 0.15648331879721922 0.25811975552023486 0.1549572622879659 0.10395296306316644 0.0678584420459877 0.14797166871934894 0.09365424957390066 0.1404593978353432 0.1581244764356542 0.04395422029305939 0.17906075646937625 0.13913267159983894 0.030601599531763522 0.15506970815478105 0.01820805553714625 0.1846921788187745 0.0036725307208225993 0.27826527612602414 0.087478413276066 0.04669749780057592 0.14369086957332658 0.08806843162643674 0.013278062017374352 0.017343821583723953 0.08923186987204697 0.23403683009207243 0.037478485698553686 0.13083875152613325 0.005883899473248623 0.1403125690839835 0.0545538648318463 0.18113929176058452 0.04830493369795953 0.14440706730048805 0.12446959219097352 0.08346917489479784 0.11001830194990585 0.07669027713107526 0.029699048182411196 0.05960522022880412 0.15624637325279506 0.049078020780872755 0.1840460944671568 0.1585724522291403 0.05752833402339872 0.12060075279409753 0.07309710373136961 0.06862077080211168 0.20996848186288977 0.20868354301561232 0.16933218186059032 0.12761134177246625 0.05395519178271159 0.03775497024861028 0.10217291768352714 0.05733063077811116 0.031478689188509754 0.0831538407817241 0.046526845014080095 0.19721150418034397 0.06835827197108962 0.09038274926866377 0.12026827464469368 0.14791794101439273 0.08533059436175618 0.007933788052996769 0.19755137104837434 0.022206930707417662 0.07825163314748404 0.02543522807804236 0.1189864365756486 0.14585145091758386 0.2798858361686719 0.36460279253252686 0.45539693014471566 0.3116847607463958 0.010582151953162304 0.13959345651670396 0.15401902928267494 0.03637495369392717 0.05828993358273958 0.13297159969836367 0.08249823039794701 0.09291694680183925 0.19101218593840202 0.07805955097508449 0.05325078872743085 0.06971827637884713 0.1779220948939415 0.02872724675479713 0.6415122374599366 0.4409443227323171 0.2759206894041298 0.3951241476600173 0.08001064713948346 0.025451274597073914 0.141570443432899 0.11928243473935175 0.07895089104804022 0.1534403339621809 0.08224899412237534 0.02219368496892058 0.1377141201784018 0.07924853957514476 0.22357018763315026 0.05610023800041217 0.11228158292798902 0.01289355850241543 0.017028097533822617 0.18204966104199347 0.06601480929265542 0.05303488211518454 0.04077683660745934 0.08636215258113993 0.030527947747090698 0.23540082301416604 0.5689245632711859 0.10786584279803281 0.22401319674066114 0.3915160969921229 0.4987817188841436 0.32619147578898644 0.31691739717837186 0.36094693768909397 0.13815683253784744 0.1947680795810467 0.1744051724851126 0.10761219572069586 0.04594306861319381 0.15752794236829545 0.10075121777462179 0.11173737274174325 0.3044140783965716 0.27494712610463845 0.32697528563330946 0.6911235961240899 0.38510492373520233 0.6282051027051299 0.03267444036733648 0.0201264974021289 0.026404933329147662 0.07744643649062914 0.034851878560447656 0.005774771285980511 0.13225208094267488 0.0052385861600822755 0.025539457974493533 0.003806090986712074 0.04718100920002545 0.1401854623956354 0.20996322972746753 0.07194859487688227 0.10854211511017799 0.16219608948120812 0.16876982395052112 0.14858554668312587 0.0032612601914416236 0.053269526910666685 0.016470452017792275 0.17218400631911712 0.1567947890420565 0.20018209269458487 0.22039282613916922 0.09256306807195312 0.05043159734223681 0.29731246643335224 0.1824531307582043 0.3139101958574527 0.14778048093444848 0.1010746740781584 0.1481724492177797 0.09869480688459703 0.03891588259195793 0.01635097388351211 0.03532996573249936 0.01644576469434403 0.06490453187433645 0.026305460727029228 0.08306023858778676 0.0398513908180308 0.07045260583888231 0.1932805571656036 0.037513582725101 0.003568190979752124 0.04374845918275343 0.1189250286765085 0.09496688127983714 0.16719407877100675 0.09571421849938971 0.13088230515391733 0.028935993527784996 0.036409583998721136 0.03716052007244016 0.07092006196050038 0.017370716932837597 0.11775400082626884 0.0029468303763389423 0.12132456769736195 0.07437247794536646 0.08849627684309082 0.08280597353379032 0.09432076930171297 0.09691309745931698 0.05538843700713938 0.08600472495006173 0.012874229005508305 0.056018328157220444 0.01967919473960632 0.048925588931873654 0.10100782273068827 0.005865369910617968 0.06805481507240209 0.08205617698574068 0.10533205230197402 0.12209333464823875 0.07331777684397264 0.08506467954398358 0.04149785327172582 0.03270272923325595 0.0497631495792457 0.048965310999108634 0.02134859694586572 0.14295165333703988 0.05742730274612325 0.08003509635137036 0.07157716055847861 0.07282698395354778 0.10263899629187498 0.07641880479077584 0.07943012951884729 0.08717491477978076 0.056692829397802014 0.08359894042977516 0.014989777150134631 0.09090385583106178 0.07122205311058404 0.018452554931364433 0.07052114899832478 0.052513909780959336 0.22616202352070164 0.015469255920580112 0.021999536882385564 0.1411429779164322 0.17711661291660907 0.057146994341623104 0.09077658026323994 0.007557465447269029 0.04455825998210406 0.015318463788188264 0.11000294012082523 0.15260246527245838 0.196690203603572 0.18353853305546403 0.34485036927555474 0.17509072649836296 0.1884649480024918 0.04353399285682039 0.2422602693713769 0.06267956669453932 0.02910392255871132 0.01655092655554428 0.12312406286005498 0.17952931034503689 0.07241842330884159 0.10401370953102856 0.00030160007101294033 0.054202279687402405 0.17209498115130964 0.08948929309227459 0.03586046666422882 NaN 0.2831600953036143 0.21047837581852516 0.2209142034536507 0.04225226335089198 0.09503456229763105 0.07630695484711539 0.18631660176049358 0.11939768862112835 0.037083973167748065 0.005627038092158935 0.0249233576795624 0.09720151557771287 0.008042906695456297 0.0846724731179949 0.07454696736712686 0.036725794209891416 0.12356936092105124 0.014311848242133598 0.13354256278112395 0.006757786287997541 0.06333914630701183 0.0039478353255462655 0.024963844973677155 0.02516658575650599 0.1699422430702552 0.0010482883226057553 0.007516829049673157 0.02851253350697889 0.025704781335179117 0.15483194140755796 0.1325848066035081 0.11278845433100411 0.08697310874551854 0.08072544472489815 0.2454429497493462 0.013488564810705797 0.05265997506603572 0.09640441519494336 0.027839207123695614 0.15238970795244008 0.025905975784863935 0.05641143861413553 0.028483615550302824
0.05828106777492601 0.3357577178798758 0.15130103864411534 0.12336000834133438 0.14785129138598052 0.36550232704110847 0.3099225476092299 0.3457643068191225 0.2728791028974804 0.11386340622200586 0.28528699995650536 0.21529164276472493 0.07377319878901135 0.03631698443168885 0.05292714545669583 0.07116131016575301 0.2474013870834257 0.3319140582733246 0.2541002046925732 0.37928845893804886 0.4329459905168953 0.3525251189583128 0.3489198225460898 0.07492642884369209 0.09687231779114204 0.018572266606237973 0.06155994625925958 0.23946116198055792 0.03966663622056903 0.2545461905446102 0.0818199938417643 0.10049396957680055 0.12523474471471815 0.08012533210868197 0.045029487007358523 0.21722086134657323 0.059915684116069984 0.01935451771823733 0.14325648955611867 0.13013624699743054 0.12353594065389534 0.034094530885788864 0.036320692352993504 0.08178391777649464 0.002219893451589988 0.018194927863488718 0.305069132485449 0.33961073831430916 0.1994398727369554 0.19893957323663583 0.3334185683076609 0.3042263918649951 0.2996008587082801 0.19872872365465702 0.06561544326084974 0.14718427623474387 0.07039841262893172 0.08970148769141875 0.09131860516056865 0.1044732605807424 0.027057510934853323 0.020827515778717835 0.036772212915795986 0.05389234131427932 0.07864958103249792 0.19342130691925047 0.2478240591395063 0.2224228973445832 0.10204503183803909 0.08000210182171633 0.16262538383607636 0.07665835087536302 0.1977020039404283 0.09482487423838015 0.12948904186750537 0.1928993106713508 0.1985165846956973 0.03973394208102109 0.21920874352442973 0.04013113879296548 0.25806538027223436 0.07446353661191842 0.16044802092605076 0.14630993672080708 0.013731119961930797 0.015842397180085215 0.09922229077040713 0.028084829300354424 0.20634424356291228 0.046762096274098074 0.10983984658548215 0.010248845190161572 0.05415322383910665 0.012030048299325302 0.19227129243263286 0.20249146405205204 0.04319832886337821 0.11933830926096155 0.037452243215730416 0.11558790793191268 0.07847768130213312 0.08784044697717552 0.03646673694749995 0.012836016839465754 0.05066466991061975 0.04019706329078128 0.03288873701438387 0.026341747895268573 0.01097207328771381 0.09314535965620324 0.024689394129458777 0.028562477853787294 0.007788701539384242 0.05285178711147996 0.0976058532127395 0.3231872470161676 0.27240557037817736 0.00377329337415567 0.010387398314816694 0.016925621577768394 0.10914248345681747 0.004464694454749227 0.010580294065951979 0.06301933185721145 0.1625579215631092 0.046055840095093975 0.05457495764982144 0.02671107971964411 0.13273225978174671 0.06783142154997761 0.012146195670311846 0.13803620536975567 0.092274317816188 0.042313555737445836 0.0076513872269674 0.09672530564490925 0.307121117970575 0.38224692217888295 0.2601249992636438 0.32471283457657335 0.28569750670938443 0.013246757986047665 0.00889382332751126 0.035114576312489584 0.07314492808728353 0.05655691076004442 0.0737218224888811 0.05427807468451958 0.04945434081482361 0.2639156892494682 0.1992213958836053 0.17012905319194 0.13965293333610632 0.14319010250056488 0.04007434837888378 0.4085706173724358 0.42903603879478297 0.3237384478859747 0.32045338001711116 0.17909641966272155 0.005239685671806169 0.14934712366362915 0.1857788635460087 0.0860140264758336 0.08271904387053527 0.12545107308154566 0.07176972550114534 0.10940185384021621 0.02555423999250183 0.20777171301447736 0.11772840054469162 0.06556303391288336 0.05432868823415888 0.07122069197866805 0.12212148385815716 0.028954664151634363 0.04487856369890426 0.041780653049735515 0.02265953338431608 0.023797533264397385 0.05722813039996925 0.38265862192798816 0.09182332424525835 0.03110339003605176 0.10449258917816115 0.3276679977485821 0.3016260322055604 0.30841454481423863 0.3654412386232457 0.13661423570252687 0.2005826508152069 0.14396407095528482 0.0915806586926144 0.0060125955770106935 0.09582779877465765 0.1953290901785529 0.2467861186089538 0.3621649306497804 0.23249695398979345 0.33530429103372733 0.4245484641843958 0.36774838870708043 0.3373979778890954 0.07922056012167852 0.03754237962250311 0.03142266954137704 0.06831414930764428 0.011757758141717934 0.08195701978297446 0.19609727733377963 0.13305441926015432 0.02798525753550218 0.1265037095727916 0.08299220685375347 0.11222374043081892 0.2048969139078983 0.10902168367972219 0.006847506630978732 0.07126144645090947 0.22291561580140284 0.050427877862757105 0.013491963369322126 0.15488421553892529 0.0855340395234476 0.08484871844019397 0.15561951917746059 0.3200294866647335 0.20064800199027205 0.2546102293586577 0.21249297323197217 0.2974770816650712 0.21076242953378496 0.30544952367457484 0.2067645564397698 0.11463814467230744 0.20433986404600693 0.14130716638058727 8.246050743416076e-05 0.008482813755055277 0.051974949111809554 0.047587227558139995 0.023864139036561816 0.18702384985271167 0.05143820548127979 0.011729912825981695 0.09342121665678253 0.16366417081871307 0.1383222589904604 0.021440714608623696 0.06290639684811014 0.1372315299088468 0.1426023891478177 0.09158193045697971 0.052095208365856224 0.13404007378104357 0.05100733268908243 0.1322886597797823 0.07354455126496023 0.030699937826750585 0.020087408656473335 0.1675221144555897 0.08769089055722841 0.09316552353301694 0.13054201815909824 0.011089289399013694 0.052348461728253755 0.14249616443550067 0.03487265362098531 0.04065042566304624 0.13835687872650798 0.02722450408144509 0.051368129180850965 0.022051966699617752 0.025079371830628916 0.1329264285987602 0.17000255642422682 0.09095448324445589 0.022692643062238196 0.045334991145912676 0.11675533330547531 0.04327520639296544 0.13476979264669603 0.009488290969877302 0.022276888802617658 0.0655643873424407 0.06185087802666347 0.06634975510296949 0.09260012429049401 0.024038564622450496 0.045678530145440974 0.008866289205204167 0.06810695026578573 0.07587644695415588 0.03567578270471156 0.017968393337927484 0.3541458719405063 0.3248209305678035 0.06563284990828903 0.012360209616579479 0.061875121940298525 0.18177661205048848 0.07527232953011845 0.07251324944990384 0.12601386523221983 0.1863620920589776 0.011157120066385992 0.010586195348146844 0.11612874300145926 0.1560789278052862 0.07464212527749166 0.03033051009501142 0.039490588145660525 0.07024718711018979 0.030927476721208727 0.22115681635546408 0.21928507277156167 0.1388651489683639 0.4633369090288738 0.25375903086765567 0.1707617654401877 0.1775907733520467 0.08709260270271825 0.00248334957126395 0.07210519128268136 0.06494663866214685 0.16383758158015732 0.07345671574661478 0.02027241630084485 0.10050217306004917 0.15287779369907814 0.1615645308817476 0.11662313998795734 0.2618753223106743 0.11639761688963828 0.029217357652577203 0.2831600953036143 NaN 0.322846368835944 0.3104254016381161 0.11652810773501426 0.01927504214839632 0.05058932818961408 0.24629072348933342 0.1333245760328202 0.029599867691224212 0.0055338372076865015 0.10106798318497277 0.054451206387752936 0.00661629864857232 0.1973124835260132 0.07915579521935098 0.0395982789815652 0.04781068756634403 0.028126714605633 0.11309677839370263 0.06087731052555177 0.04782107429668505 0.01623558980704012 0.07110503484522487 0.05842572562654888 0.10564461402768363 0.04986656534742571 0.11018172825503228 0.029593975910104525 0.007415102915334329 0.02837324993198709 0.15661243857262122 0.12103249031986499 0.010255607210528732 0.047970789245522984 0.06752538931816991 0.08179537669231489 0.03893162908232834 0.07399166005837306 0.04146987378476588 0.09622964076368407 0.013080717404493205 0.04817822782796793 0.04958842486769217
0.20450641062700192 0.19601193667582847 0.2601282984067533 0.311520476182488 0.3812717939002248 0.5642400537150821 0.4815080842612088 0.3629581466743103 0.21947018117541367 0.04679185108752957 0.3005758069005958 0.10013412148844565 0.30327164689700853 0.04256814982225469 0.149420173103544 0.2133776181246504 0.5359747456100189 0.2895053007638237 0.4553965427347564 0.589294361321491 0.38160535874341245 0.3462200067061723 0.29230969677405294 0.100191598369452 0.14741475074130259 0.11424083044328245 0.039610178956452795 0.2188026163873231 0.017916089740584253 0.11506615948801922 0.02769853837455914 0.1450063899099722 0.03586627861000009 0.10971272136746403 0.06480279865654598 0.20336268491010165 0.016045966145203327 0.004170960041371884 0.04350780596184722 0.1463348955553458 0.13075011239323564 0.08393697130000388 0.02178930666704807 0.06918806663262203 0.19647889729792845 0.10447315411174829 0.22989081303157333 0.5132622126897051 0.2701760490755758 0.056506542087769215 0.35878846274838033 0.21756858127974157 0.2964008710634019 0.0850982603300992 0.08274262543114236 0.0754798700000356 0.1436648134275263 0.03426560458928636 0.015076933173299093 0.016980006437904305 0.044321141456203375 0.07783939783732866 0.0599868850693278 0.07768024674273655 0.02127260282981206 0.163824596467242 0.2606920580548557 0.0851920531140179 0.14041051852125241 0.11951458872205895 0.20822038258467607 0.15072153794868373 0.12755451092844045 0.1436540718104169 0.23064458248982617 0.26869847006915587 0.1427094808842308 0.021710309516984768 0.11905123329154599 0.09459443228798355 0.26106821885211173 0.0077985591527087225 0.12299317029986644 0.11354447294709383 0.034320980722510025 0.14355552932304874 0.22341590332843117 0.01764644181053565 0.05050950087368883 0.0664444342306574 0.1937588785237045 0.05090261014993207 0.08911951420080329 0.011700125658139182 0.2258001082754848 0.09561809418841086 0.017766345076145225 0.10537183288344432 0.06005229822922797 0.1689121767196339 0.034436268262235024 0.04556894541524441 0.02874021587587271 0.020231290559143696 0.05688449376237181 0.0930448948829138 0.04368011871711183 0.030562109985128056 0.005847525299053969 0.035412494754535076 0.02943772870989218 0.039951681375088026 0.028009061428822868 0.05533636642112011 0.08202823332883585 0.17896336251255987 0.10806673839101386 0.012485440983411101 0.0043407763309559 0.030757148013122012 0.16991381724450946 0.0016958665602629117 0.0726106346581158 0.04646850911018628 0.12151755854955763 0.04615402637853556 0.06843847178678449 0.0577032168825986 0.1454201338510326 0.16154854020596174 0.005795857686526257 0.11043351531746651 0.17465694520417197 0.036174875938098046 0.009485627103934028 0.05303634624709493 0.1932638052967653 0.48294213978126077 0.19350807865005026 0.23895317001728328 0.1947461248459966 0.04304267824937403 0.04635780609971367 0.03882592433369033 0.05131764400577221 0.07598218867367078 0.02757798077456314 0.09281947178887359 0.11809445793688969 0.24674019216879264 0.027020876757600117 0.255043253781926 0.1860836272537021 0.2512188382345159 0.012036151362031441 0.3362353758657895 0.2863984687691269 0.7351632296818901 0.4688375729097217 0.26889330099029274 0.00431384264639483 0.14412157855056137 0.31895275685528496 0.13089909023066162 0.04368142386818618 0.07885586329263854 0.07226535262614096 0.07690376476289566 0.08501030424763814 0.2062575712002256 0.19744252755405806 0.07611442800388915 0.030696871326850093 0.037590847476466065 0.06556556328403454 0.013265228887473873 0.04494333057659001 0.03478654776688869 0.059352260271701866 0.03587919749016217 0.1923166301716477 0.26756560995373474 0.22346536494411542 0.22122100599957165 0.28270550049406185 0.5659399787750765 0.43099018993434607 0.333157123538493 0.3821230918074255 0.2669754825667544 0.293323197842149 0.19267194992038447 0.3046686934300198 0.05063857594850029 0.16865914371019222 0.4143667252922754 0.5732546534616394 0.36130236290030243 0.4989481533267201 0.6384343245694356 0.44774311653166854 0.43617791401959716 0.2512426438833171 0.0029315287303983894 0.018492046146417754 0.03439891748603126 0.09732933666648015 0.002600217903966065 0.0001744056230786421 0.1252090254512807 0.040360820400960555 0.06437073256363082 0.07164354925520995 0.0808527155672181 0.13522694754044778 0.19567932290774434 0.09108935325913538 0.023745128109073668 0.055763141244244856 0.21624864437466776 0.04416673671509916 0.17621636127693985 0.1499328358823039 0.02280672116052284 0.134039693867767 0.0008728129228130686 0.24248848132384923 0.37033417053434164 0.2669476282094728 0.0628556984825167 0.36008415124488835 0.1936469639194326 0.30696411321258127 0.2193985220690583 0.11602676656633482 0.1586690243115952 0.031256847339502146 0.012357493016514237 0.07531985252815918 0.12214547673501575 0.030594348298188606 0.052590988699176035 0.10187636059886357 0.01739225105970369 0.00675537227828872 0.061970872852353275 0.18751470728245873 0.08572682613221876 0.06651904857679296 0.05313150588632252 0.10866196708323365 0.13242999088446852 0.07714025735898598 0.056063283528724216 0.1683518524321531 0.020360386195640148 0.052558039076991137 0.016392595002451254 0.006145405560253298 0.0711107340522844 0.186963138203556 0.013776779113402063 0.09929796531424225 0.08694538790269576 0.006411272266539923 0.08461590184794865 0.1327172064558427 0.0811801363433108 0.010919832366121493 0.1153139857214463 0.04429504965503811 0.013267450379479502 0.06770494160314562 0.04310474749541016 0.194582615431166 0.12513205826998403 0.050610656192997316 0.05667379401361732 0.06356750794006694 0.10734716321956923 0.03942868836799458 0.036096336418397774 0.020809743467001828 0.06886822727103943 0.02101932836007047 0.06991934857985484 0.1480083650832235 0.04198060290743233 0.013025375937711607 0.07911908392481368 0.0932789056541707 0.0847478168243265 0.04357800123727122 0.038684993824190224 0.0006360853236668596 0.13550604691953305 0.10875232480115482 0.0717465615150586 0.1145541167345009 0.061456707652030165 0.21343732917633362 0.05953710866415466 0.022516292158976825 0.12779644391450612 0.15684969772787605 0.0652377729750224 0.18405203530069292 0.08370494740141499 0.14469765514035443 0.09398946880875181 0.03204910243136825 0.07145713513536131 0.10654812046162408 0.07355923992133602 0.09551225874477719 0.15100502355602546 0.04473843512264299 0.475938961568713 0.12456492501754966 0.06135989944648937 0.06699060854995158 0.12614156917644695 0.12982388073990783 0.11737249872212029 0.024543402104226623 0.1604333948113521 0.053644765379275025 0.13487812078140207 0.05380342143268769 0.10919983449005538 0.013459624892551841 0.14516359340626386 0.22898200562760473 0.2828981173091452 0.02527228389259984 0.21047837581852516 0.322846368835944 NaN 0.508329637271606 0.2016071234652648 0.015670692260564344 0.027228306613882897 0.4429810700002679 0.12059569436456746 0.0463664495079355 0.08679776210988566 0.014969478007641448 0.03760092028922049 0.00043648815441831105 0.15116907401133559 0.1634482635547711 0.028372653697542223 0.06181480488635216 0.020786314036574507 0.06433921596338875 0.05323147687732748 0.046168362014676875 0.04750984119487527 0.02951016898232877 0.015534660121906036 0.02247602669031379 0.07084504123619406 0.13772861386939617 0.1095835782126562 0.014225911423869047 0.006524158575388032 0.12651009819308545 0.08787168195168667 0.11521512234432497 0.004535695306847306 0.04160212192276885 0.062224114201880856 0.051573067714691334 0.03760457382947849 0.04298398281949077 0.12478760988052577 0.06706708727969897 0.008271837191433632 0.04905371765693879
0.06932334581818576 0.22722765271588696 0.2836250032048882 0.23426121399277405 0.25693506644617636 0.37322336803803524 0.3213697267583577 0.25230024238826415 0.1376708184692096 0.05439522164356727 0.14509951666038887 0.05078320634934402 0.24646731790091617 0.06838606709302326 0.07570678727790095 0.1940774516873975 0.3226075264567327 0.26525758985771886 0.23998192701322013 0.4487195377451155 0.3310026266501926 0.34190143753360197 0.3160959234643929 0.08493659845955877 0.07456474317946356 0.012530186487254057 0.09923989723409288 0.2635892141621443 0.023709479462300818 0.21856358503943057 0.010573151224485657 0.15262488094359186 0.10409493312689258 0.17498542470175774 0.1064208672963016 0.15024476148309618 0.03025494233759247 0.008286087458293274 0.09971735551413202 0.13432150506664117 0.08927808196080789 0.01561479831319063 0.032505580715409974 0.03568280134583734 0.11768599695707121 0.09515897216864407 0.2064956220899336 0.31742413084667936 0.2496770480336868 0.005222711495915585 0.2746592936108955 0.15845272454314618 0.23186709881176293 0.04464735331372865 0.07742191249718974 0.012167332884352526 0.09241858749442612 0.07488851357828429 0.09561301051100375 0.09008473038472807 0.04382207720608489 0.03150990885997215 0.03857241905811403 0.05484234248671539 0.012670458762638375 0.19425177591233397 0.2854914785506367 0.14203381795856293 0.0859330264678766 0.03282960132426475 0.1540045601748856 0.09220610297591059 0.15778860129497627 0.08058998816349819 0.09960038425300498 0.3295004594285735 0.22330454186093585 0.06393725999158992 0.09258328467787971 0.08241665678405885 0.2109507739892812 0.02423863303373374 0.16424764861373956 0.046816359764810606 0.012445628313347563 0.09241080847320045 0.1352006169094228 0.03358463217815957 0.14696043573802237 0.005430201178346675 0.17099004894552505 0.00047480314929353596 0.09862030835492307 0.02725514399971033 0.15189389997299055 0.04392736330728404 0.04380002823252211 0.112772147548765 0.021309302308504453 0.1336516349927643 0.054417835116376476 0.1191022655023901 0.03063381761838842 0.034867203390501096 0.024671977098684492 0.03663427608312774 0.0446585920015683 0.006704956470051545 0.04859193232963108 0.12310443449122194 0.05476843609703742 0.014777324762012435 0.04065850626282165 0.021502996748886078 0.05568338381841887 0.07770638743402423 0.019979152889332105 0.014008707692669516 0.015211989788757775 0.021454840664453752 0.1690478068227462 0.022671002761138922 0.01396435242020513 0.05304313181980341 0.0760419522076243 0.00261232093997637 0.06286557853897329 0.0763528960576884 0.08941384877018764 0.24040125410073843 0.0416762607669013 0.1963019201936321 0.188006511539203 0.00042870339390836806 0.057411243400241764 0.026475903847437587 0.20969480204363897 0.3392222885879955 0.2613349583127156 0.2369938967971427 0.28202664559225643 0.06682647217763467 0.038498085238938565 0.09248396665695587 0.11616422629001104 0.006494240454733961 0.002556171410585718 0.13791752093514836 0.142066912128837 0.3472602794830333 0.1692332524419463 0.2672569668448303 0.14736014080987012 0.055402517833942184 0.015059309128717144 0.3518335600886707 0.3488171824580621 0.4212688465722287 0.46793498609241135 0.15400941601612936 0.07043138089678526 0.18966595280972973 0.1064404615511032 0.12536585670915476 0.07447042334231334 0.07905068789837758 0.09510652402324536 0.07221248471855392 0.007341669824434163 0.2534259080471804 0.2329244403594666 0.11098720750585159 0.0027099583241869565 0.05312874123448584 0.1156668064606711 0.0669662240094807 0.1831585402659865 0.03165977997348732 0.03149643137305594 0.0035237352054754705 0.0623543295500288 0.3171612700294614 0.2953183165875469 0.19901753756306553 0.23602892171358375 0.35073900976004213 0.3003561660989147 0.26236695617364875 0.26486980233543206 0.1635187968880252 0.1616372840449318 0.1471614592544348 0.2667689086848097 0.052816749427025494 0.16613755447776055 0.2778378862150634 0.35666759222495587 0.3429214814218 0.2934872266706359 0.5796879121856077 0.37496778446566936 0.3340336593944307 0.38692327606642996 0.05446017567711595 0.03831064298864472 0.015508723781885907 0.10101975624729082 0.006820165308195081 0.0430968599515367 0.1727690815241897 0.07201958261777001 0.04334342754828246 0.16132496916388397 0.1193938849559529 0.15846866480422067 0.17721484622398032 0.0464992312898007 0.05921725990076577 0.1236038406773655 0.21191806395642865 0.013042981821468552 0.10245212356973055 0.007019991412837856 0.023065165369779518 0.10895798416222709 0.013782887516966366 0.25447747937192317 0.2812133643948908 0.19363501016776044 0.035612441009123384 0.2895055198203082 0.17837205713602264 0.2507123039868731 0.15102668288994417 0.06898650313339211 0.08292806609362076 0.017936772873787463 0.0370389881040207 0.0011389520214167498 0.01270686953868356 0.01839936189424245 0.09416248148842524 0.07014221240943207 0.013210357706921382 0.007856001669621254 0.039250745823128375 0.21038719032245648 0.148851582512329 0.05945768138620606 0.027135222137519364 0.11014617757657359 0.180054715700813 0.11483205551909219 0.031170713240438512 0.12283969300026171 0.03921614720163646 0.14921120368070412 0.019392822333739682 0.019424123868174825 0.005964182484373211 0.11985425922964008 0.029087884691533467 0.07277286753958849 0.03004422237357376 0.005218744456316318 0.019955207384742026 0.13367220427352994 0.025815439734970212 0.03514115666775069 0.15287863810989852 0.04518510258705173 0.04112185518325444 0.04445849692397171 0.038405214304513186 0.14021083821623792 0.02792097899477273 0.07912039471616043 0.015351948034267256 0.010112084636728838 0.10309317652638142 0.07688092446996514 0.0700384313943082 0.03655202567812961 0.046768862209496484 0.08160515777038775 0.043034096173960035 0.15632431289068946 0.03280592105127032 0.07723917771593755 0.0703958507942502 0.019383270249954843 0.06543714550426755 0.0769186139994779 0.05573802427558302 0.005761600080918878 0.09617114878616805 0.058424626301836764 0.08199634836720057 0.046259195125517925 0.05231687191481148 0.17608891445900413 0.06678239989175233 0.035930473134023345 0.1199565502327654 0.09083800127282603 0.025153269115797527 0.05222165221144226 0.04955141566239056 0.14678435315509192 0.17281780595989535 0.00972677708287348 0.06074596103018456 0.14180984297337995 0.10139774689225246 0.10226642012690998 0.16232320272052533 0.037537618713290234 0.34132971735560874 0.12684216491749192 0.18610478774587336 0.2418646487599348 0.04990042694324882 0.028313474961090303 0.08047058367010362 0.025304591118643093 0.06333941075510033 0.052683825112749605 0.0955507274704795 0.02794557079458286 0.18938632118772833 0.18289880045187573 0.18095528084912965 0.2267691135069429 0.22281818106501697 0.005365889307577087 0.2209142034536507 0.3104254016381161 0.508329637271606 NaN 0.11947432194012156 0.06549282169492991 0.037875493552813194 0.3040721804525343 0.02617212827635437 0.06361899338085071 0.018587616633351983 0.028907186479637796 0.021620706110334204 0.07047359095665355 0.15771773190259306 0.1585639571860708 0.008363125084641224 0.0576318011917995 0.07201213770366172 0.10717980501473282 0.03427565107079958 0.09504637954623155 0.013818087020551774 0.07987806874982822 0.07080376921482104 0.06422601929680866 0.054992463686987327 0.16213523658899198 0.08352957180576635 0.03756163587389445 0.005783704157667973 0.13177134836041876 0.052182878411889254 0.07115314760315124 0.030490541888227966 0.025976888881138978 0.023200331175633464 0.06837882162041856 0.05183133607803683 0.0013713272650584855 0.12592834295086713 0.010852592508950524 0.046225956780505485 0.022186365052362232
0.15011709510234875 0.046829325114150076 0.18062078642281135 0.13602727821845084 0.11916186000165689 0.1833483300875515 0.23074808343179004 0.10331499281189231 0.08284917581927564 0.03474104160835447 0.14287980701221567 0.10822228288413786 0.14801919007819492 0.022244147718807283 0.05820806778859698 0.12118969413966807 0.19150227050183888 0.11843732531952714 0.19725928321301167 0.19922156928671494 0.08029091998648738 0.15362902220722982 0.08980908070789062 0.02642594939422718 0.06616677587057676 0.0787679162685914 0.033099341710114444 0.1438414358143609 0.07638495686530306 0.1166281899902735 0.04314977793466511 0.11392604903605986 0.0028897465749359312 0.036298788979188965 0.0017430529474426685 0.08472052070216823 0.014688182892229167 0.023446868293928922 0.007647941503652477 0.04572009155475762 0.06038956422052134 0.023551817324766265 0.020948573370463516 0.029156827674470177 0.0037310903486876446 0.007401458809172095 0.08710073457185465 0.21710238873465565 0.09595718746496198 0.00799977822630691 0.08013048779729776 0.08799189580845838 0.049729487917666196 0.008760358375006045 0.05748324590180634 0.0425688386567865 0.04264230796372652 0.03266629409184144 0.01171092353095842 0.011532577460820327 0.025214803606751098 0.015678751025379457 0.01838346630910335 0.0073028003457790225 0.026060834452101604 0.0377736994175976 0.1065313833296167 0.13727616857515296 0.16712249542646176 0.09474267786111491 0.11492307956635134 0.1505027109475371 0.08415575097417366 0.08305921489974478 0.15148358324457503 0.12927199500308642 0.10309823927842666 0.09713577800607154 0.10648531179996676 0.037056091087069004 0.13008992290408694 0.008582655116609689 0.03145812872401017 0.006461530762122541 0.0030081593216353484 0.07620933719302311 0.06883869897975964 0.025157040023002376 0.02768377410243023 0.03246047938467374 0.05336828428199457 0.03675434217424258 0.03910993889209911 0.027153017930747626 0.07896824844102927 0.13647388702028815 0.028806964862447017 0.03690555263766031 0.028498970990503216 0.04215994619985256 0.06041346423522238 0.025445664378341504 0.006391389280171414 0.04393146129292094 0.027047060223067097 0.023092188851271303 0.1206963678115665 0.05941477894553868 0.034123785713020736 0.02444499538531756 0.026816983086726844 0.03565083866846013 0.07101576865576958 0.04544692293745681 0.03052751319619748 0.03739034552045014 0.01146671218887754 0.006864796297867546 0.04793095357140435 0.06898398723901346 0.13940708905280982 0.016831743628503044 0.025457932523787287 0.030452426355328042 0.07525436473583035 0.06508499029233807 0.07155705698183948 0.028498162039799702 0.061088875241793544 0.003266347808166554 0.0947231516749455 0.09799155232055119 0.04884360883887739 0.025043301710945175 0.03443956500952021 0.017358860076450454 0.009498988627399242 0.1349139126226947 0.15337128587865237 0.029633441077539992 0.1546294240052044 0.09427306662579844 0.017966053950917816 0.030778098130823 0.004706391856810565 0.057180843092876806 0.009429066750889174 0.09232493080867947 0.031122305227614586 0.14575406712275554 0.06776827042093593 0.052496566864494054 0.16611142931827594 0.18678461649203096 0.013943099826727359 0.042301784310240856 0.10944962374103838 0.18101592691671917 0.1863111575359221 0.16353518245987733 0.05306776522460342 0.0475430677886532 0.12349434268396733 0.09134245216528616 0.019351625937623334 0.0103124064123543 0.03248857378672798 0.023027276608985722 0.030780963257616485 0.07899820419376179 0.0594321323753809 0.006840778250735 0.014508102406821807 0.009590605688629773 0.06256106365463768 0.07023536514664146 0.020536749232274876 0.05242128312299956 0.0422425922037888 0.004862863260033977 0.10215786693008941 0.04232325736782587 0.18168517816724586 0.09703452245556328 0.07551884713125011 0.20740329145642175 0.2223606845483837 0.10464850753403405 0.08082605850592209 0.13445508624101396 0.101728270224994 0.14522124310040324 0.11763805569555641 0.012304896344256229 0.053127436371757396 0.1950930220476124 0.16303366842543177 0.19344479675042384 0.15618309436102296 0.2053750036062505 0.13104364105664096 0.16238320787485783 0.062334266981912065 0.007630626143486582 0.05339665443981265 0.0756315705381138 0.0705903422273634 0.01458834636925645 0.008227070290576257 0.07629310422746334 0.010582790629107166 0.05304922416942117 0.05771569284237179 0.024199684401432796 0.044994340567274006 0.07486675674124817 0.09644566654092854 0.043069678269967646 0.02219772684510686 0.032156361547956674 0.0022177450405401885 0.01068538870828571 0.05546599877066945 0.08010968119173281 0.040539916257049356 0.0013152964296324534 0.14774797307083967 0.15948250096864494 0.07483954102186029 0.04127008816421423 0.03493948344483792 0.045823404783457054 0.0942043751562261 0.04900645193959801 0.029562779504432552 0.037948548544636654 0.024315014333276166 0.003384884442655764 0.0021827630913743468 0.041396096654146966 0.0021334375498890047 0.031709993171003155 0.008382084951277824 0.032718568182808626 0.032914033027002756 0.005325054840135245 0.0985580416058329 0.055718226260922724 0.10884575368035089 0.08703403925604644 0.06524737080474438 0.08379200727776372 0.008590253980211387 0.027502561153891217 0.08783888621864687 0.022509194974645607 0.012816121952461896 0.06794480534465006 0.029924531022615407 0.05336819484769175 0.005696686422382234 0.023926698344678112 0.050251214206983606 0.048935825222040825 0.029779448933917672 0.08123125150373836 0.022331047125784563 0.014089919689433381 0.021788440159805265 0.04116611271058138 0.02831199329217542 0.038752527168767245 0.02624761511099534 0.07562801805583728 0.09635847674008756 0.0516963670618561 0.012400857429041273 0.00296830584223827 0.0571235543102154 0.01637627770244973 0.04467650755784147 0.014000606339533397 0.05663730807881364 0.012062042486157564 0.0089693159564068 0.06653307031706074 0.08885500795959715 0.02801122705200995 0.03203242106473055 0.04654799348285378 0.05105904603452433 0.030614912989125758 0.021974841133891084 0.034975658131422185 0.003492959662201131 0.07516314925107233 0.04609858268025612 0.061184691491036315 0.0005490302378913987 0.011707695221610285 0.13852531916729743 0.035071536144853005 0.006999435557221355 0.036060057471418175 0.06339754340567996 0.08469178090747209 0.07889332948706007 0.06267061262907145 0.13299465261559187 0.12802345739534168 0.028246181704571376 0.08127320335863056 0.01230389649706062 0.03396480744230131 0.05397021302896258 0.02418769265847509 0.03368364377293084 0.20345407818808414 0.09971601056733737 0.03751836322453976 0.12187566279392018 0.14916640372863646 0.00701300293690158 0.09466267001801956 0.011663627447420236 0.012492145174836787 0.02651071236763917 0.05067883051907881 0.05867833307719583 0.12981327492762126 0.032900154591193234 0.05537904563033994 0.3247872023348549 0.2296012764069964 0.012679051539610244 0.04225226335089198 0.11652810773501426 0.2016071234652648 0.11947432194012156 NaN 0.04327466815135662 0.03012040814656443 0.2364341776542801 0.0817819803554171 0.04937718387079327 0.013800487210329317 0.04311686146311299 0.0637012632225353 0.04262782783021402 0.09826755183793835 0.033074975533892374 0.0061344728618532044 0.011183945263964844 0.04298943033556686 0.02780834518483381 0.014203366153726206 0.006669943348937158 0.0003690802377410999 0.04007839159497157 0.022305579931053202 0.04608675664241663 0.01351055715537812 0.06870209174543146 0.08288096180334072 0.014126044856455295 0.09282737487960678 0.08182907277989454 0.005356560456348888 0.03476100668751435 0.0018142050695462049 0.06216204994795881 0.028309210326857057 0.0022441806133703334 0.004901789399226258 0.04565051098228258 0.07251053079483331 0.010993360844582845 0.08253133507816862 0.03555526853692745
0.07203186547306022 0.09958663733723527 0.05061542213674024 0.09177837361660429 0.1286329508223734 0.07113024003080305 0.09857711687406913 0.11872340757614191 0.0769859153697127 0.054768024647836595 0.003985828359545761 0.24909185098218903 0.07338530792718403 0.13973871684684966 0.05602635509269345 0.03928273405090971 0.0437823473494582 0.10474474623021147 0.0015769671885731888 0.11795767815234356 0.04778710748966609 0.09987577847401954 0.12088173538279823 0.0508614089846804 0.010601141601230027 0.16751756627829512 0.0012503279133893454 0.09700537621611335 0.04324878632039316 0.2800674145417532 0.03114750362690746 0.22974603712685632 0.10561791518283274 0.20089629426716538 0.11022338406129827 0.07551600247106609 0.06627597249436731 0.025843065453153003 0.04530772440118866 0.02693441956840046 0.0571462316504941 0.011389336715654152 0.09903576169412247 0.018743266296683856 0.09546038905235385 0.08295142770950668 0.09003479756514124 0.03080868637611667 0.027526704266326057 0.025596760073647876 0.04598902206735995 0.05252609447791299 0.07557441181784884 0.04336462279093022 0.03365575604726733 0.012172750957679813 0.015858052351703386 0.05840515419928795 0.007810354807861747 0.10887547803089358 0.07342005691285691 0.10549305264984707 0.18571037689446943 0.006235853455640293 0.069770475569486 0.16172169101568554 0.21494329597103107 0.1131541315709546 0.19256531487406803 0.10010267109413695 0.21780049613228733 0.20388287726164261 0.11863225019243122 0.08100424755488302 0.29965688046176236 0.21408488412726603 0.03365372516116415 0.16136850372305497 0.06477714680340868 0.08586382629683446 0.06855991964532604 0.07338250783463966 0.0800209557951599 0.07526929439022079 0.07477069357280199 0.06742194688067236 0.014445108094346012 0.02596039880653043 0.03330190454635738 0.06100008305016327 0.04983383822315411 0.024584300683241155 0.06509753021504325 0.06130513983561021 0.0922849190772876 0.09875696720973921 0.06400931989152016 0.12803612452421712 0.11873160084720391 0.1262191356851702 0.02402386175422646 0.03217480020157999 0.07083415699572335 0.0012505515878155416 0.11500520931073528 0.04868714033111464 0.067789414386908 0.05049915319909915 0.034889085102663656 0.029063470873419144 0.13512632079202822 0.043210314905851956 0.016418849785579323 0.013764157989077177 0.019748905566974267 0.015337425401581149 0.04495028347496755 0.04191258869613422 0.002924260938259225 0.015139089021488777 0.029154926743816003 0.012483950474250917 0.1448075243338951 0.06263119507646821 0.04914735346291856 0.05858218577731439 0.002196154036007157 0.0884296654373444 0.19742569706596588 0.0980055015306113 0.15326103419468287 0.18237687809179334 0.012367964597509001 0.00012309857459869377 0.01730312751437581 0.03294354564569995 0.0010602451972291827 0.06610187851730821 0.1613391541711775 0.015933808238625467 0.05776015976029754 0.041226262204275714 0.1691433935633378 0.13439638205362237 0.05666763663731355 0.12836187754285813 0.03967361240749974 0.21475921877177997 0.014620063315885461 0.3115541987697408 0.1405615412646823 0.02475551918001276 0.04364555009722815 0.051971105284677216 0.006612754514961137 0.0933618233187897 0.12350315023595111 0.0974479434463844 0.0583509021178657 0.018586310400853904 0.07667615561394055 0.07384582737873996 0.0050258941251603104 0.09757053759535582 0.06475456731686238 0.06756513841164416 0.14250372687938592 0.007100535266572014 0.019036724326685264 0.005909639073587539 0.06103111377388794 0.026838094597975905 0.03936118037216821 0.002709443912798694 0.058918928847998674 0.103976452853071 0.04371297067933355 0.043325860483316575 0.0443960316363384 0.06653277904665572 0.10723434971478525 0.10141496692475001 0.05655464335118713 0.13814672577939177 0.11743260334833892 0.05838451058727854 0.059720533246972365 0.05798451357357669 0.09839842292322862 0.05703340121031673 0.0437920160822241 0.2522062562368737 0.11638037160909813 0.04939294073174811 0.04454932151280037 0.0019098127520062033 0.05533671504273209 0.12355853793003328 0.02261614053852677 0.08747065771436033 0.07842085840362688 0.0903233472506821 0.13870266782296892 0.058042563275664136 0.16149198316222216 0.27177227612672644 0.11627942223917717 0.15098161826950085 0.008663446531420278 0.3364376223816602 0.04392904227194617 0.1839850749168032 0.07678749686340382 0.24484833458964878 0.42899874427239115 0.0750812164824051 0.07548359813214237 0.09367855101028746 0.021498957493806276 0.007517331554426913 0.0025628875356014523 0.05314062224194111 0.004903764997893605 0.04303327030921821 0.12118355169501888 0.10005594114447261 0.09984951474322261 0.01645399538576878 0.0022047993339452707 0.08148362810296005 0.03364616586532313 0.021138945468350236 0.06934056684986883 0.08327403338438227 0.02770177828139963 0.04986612576995321 0.07297156374341134 0.03392011421741507 0.03426869881870419 0.016272181984234503 0.03941620910168355 0.13518001982357417 0.022451160036048256 0.06896099219814457 0.007677781495627623 0.049644436725026844 0.28256751324929347 0.1777400748859316 0.19368220525873422 0.17742635448117855 0.19949953215334396 0.1688010428882318 0.10274065221005421 0.1518936295740901 0.25005397968234505 0.2194836222253538 0.07640626111709956 0.13274929154530496 0.08338052490625564 0.1336060127744257 0.06760580675497538 0.053878724849592545 0.05567811844134016 0.053517718322632184 0.0734944420084803 0.13360563350141527 0.18122203394762698 0.0760568329540984 0.12202853037216706 0.03137127366323521 0.007614964922800094 0.031642917485201885 0.03699532128831358 0.17225883920072663 0.025772249995026624 0.10790900960817378 0.03604012496054798 0.06773639016639872 0.10348342516249809 0.004846776813069308 0.07300948208086024 0.010589338049750147 0.11433643610140914 0.0015051291493177663 0.08829748335185841 0.039061036212510225 0.04002543164116529 0.04349844292364767 0.04744123520823406 0.013892710663529812 0.026109564956656423 0.029228207762705648 0.01858373375325957 0.08514229545032911 0.009307762640425954 0.09126484426597029 0.03333154196002021 0.03462016517404498 0.03060176855263486 0.09812451196299411 0.049241340809658134 0.005401796952012075 0.035732824802995056 0.09251482674975227 0.09939795600041217 0.0018371572423937733 0.0801966471235375 0.16480966521355297 0.2792514380341439 0.3477282520362887 0.13209132108056904 0.23555499326869067 0.08890020823739415 0.07947418001454244 0.038382891041573476 0.08005921235545103 0.06792729738597243 0.05345311121184898 0.15916873465585513 0.043693365612974565 0.015664191221443538 0.054924996250542216 0.155448951226674 0.10496696625763488 0.0485466151064743 0.158760337634943 0.12447828372825845 0.12170553906122508 0.0980143271090633 0.41658616408963084 0.2926192688704765 0.02160182743932756 0.04368326814332337 0.029830254280900408 0.05235393499392406 0.09503456229763105 0.01927504214839632 0.015670692260564344 0.06549282169492991 0.04327466815135662 NaN 0.0006313244755005914 0.07236394448058595 0.0674889236061582 0.0075024426576155425 0.0616716354543726 0.11565831005999033 0.032991134995003515 0.015469684032437113 0.09151383886521006 0.08326924261076349 0.028766655375434436 0.009198179329181657 0.04433558099815121 0.029224924552214874 0.23262038283206515 0.16302291375196518 0.05354256798105061 0.03644862261165161 0.013087376726327407 0.19104146092937677 0.09451333659418178 0.11038454253818225 0.02888004507028511 0.06683664232837896 0.09340844936078767 0.12418375999934907 0.03412122927052182 0.06707317029649056 0.0061174542258239555 0.22133872393238893 0.11531913845922773 0.08700868737120197 0.00443858024702204 0.06805662116911772 0.07461936701289502 0.030459376117613724 0.1054288306959421 0.04255234824173719
0.08213957069445463 0.08129507770132155 0.047657449674479976 0.09569702870754425 0.043654434174938826 0.019209874890068413 0.028236745696016856 0.01243058284245248 0.01736331486707395 0.13417732455025275 0.09083114599658587 0.15162659213492716 0.08977436524239576 0.19913652693058848 0.22459422439981339 0.04341078544800341 0.004844951171206853 0.1421160677548113 0.033483726827828714 0.0022183343712622434 0.029429743360547 0.10080578061329466 0.06438871450552136 0.15151610916533118 0.013528356170336167 0.03384423623304826 0.19829643286355342 0.05105520559472293 0.17511203279044338 0.0036663144016160394 0.19397731184980455 0.09494276715792091 0.183850889935188 0.0782295833279788 0.200421331828532 0.0884235758458418 0.10088963463156299 0.20989129487512964 0.05330838930910253 0.021952811801950526 0.03908800001732855 0.07933149269473967 0.028816092645568486 0.15106335357346548 0.06569442105246756 0.07392223306879069 0.04515869521764802 0.01961505496408957 0.07249722840005876 0.01066690720370873 0.03094682208284967 0.04104102007299126 0.0464594995466482 0.05791723605908351 0.009161135351733673 0.08575342126803548 0.10695315235858503 0.09664151587690174 0.058037769525408685 0.1327400214590611 0.12682038278194208 0.16501759054399706 0.06018255333319388 0.13759021505695027 0.006242659893132077 0.023227425068575978 0.10490154845749645 0.0694090548115588 0.08515651901528302 0.12977515167888035 0.01230740139425839 0.10291536898585153 0.10317811445979438 0.011514225492788405 0.1445526448006494 0.10343565870070659 0.037034272374460636 0.036068101760539754 0.05350551493230819 0.0009133282985314874 0.00627633661363525 0.015047703894332942 0.11885050006609829 0.18846888842126738 0.09990169447951502 0.10568996877052264 0.1634793220420468 0.023924866447003333 0.04860452399642491 0.006560427987027073 0.018988161938780026 0.010206534355546307 0.01447516970565437 0.013186122765151069 0.024193688331376195 0.06019123300663949 0.21311475424702223 0.10522955485395374 0.0587683683605931 0.06090083665064307 0.0032815928688905197 0.07781706911152128 0.0879234076270976 0.11735655234784372 0.05093204313057219 0.05129953911842198 0.05164877795433488 0.019856709581810912 0.04889127932698458 0.04094276035466902 0.0007764195055334609 0.007488984334068485 0.04015754542825441 0.0186106186557432 0.08207430578535704 0.07034126779629965 0.0440855313083429 0.010117609671342396 0.017212143397743653 0.055059330558909804 0.08023341678063277 0.030887572011615034 0.09508781397174502 0.07736560306642846 0.13252413013859266 0.04804836151298157 0.027814241709215377 0.028363674480529122 0.026870203737658572 0.11441020575670942 0.21396045467961833 0.08145680943585056 0.09453174406204212 0.043716616204503136 0.06866469213535811 0.08691806460694247 0.03296186747594035 0.07326039238043147 0.09394238433052615 0.00043295760850645874 0.008238848155889518 0.08243379239989594 0.1642805063986496 0.12451750767640532 0.18296419105006956 0.0724996572849821 0.057808305587202805 0.1631421497771364 0.27511438473604305 0.06113092169136514 0.15926494419151557 0.07762524848797586 0.05821029404569052 0.03896115360290717 0.019056820703838285 0.07594469266618757 0.05576618059120096 0.013297961328279748 0.008625450789128263 0.0473951148436904 0.16008999248242622 0.2048824338956867 0.07291201853988856 0.009605860088926029 0.022751792070529173 0.08218685947537638 0.07016536586337332 0.04396610958106797 0.1572584254733982 0.11937196948154462 0.12833101688340878 0.033658479349245714 0.05970276538480437 0.1266883473435641 0.007203263537115354 0.049467080624929195 0.09024939958232671 0.07399667872509434 0.12671535394154376 0.0892671829268671 0.0923651982554458 0.006474944910104537 0.0958372324504317 0.11413396855861693 0.06233536841478612 0.005897794199000036 0.0657061491050566 0.048795658624290424 0.04177283781649789 0.10725215516236412 0.0033868907236768524 0.12759938795625375 0.12961757423394152 0.19877367454808859 0.2815159707891944 0.1008986958394808 0.008532820811829888 0.10301706967437275 0.007222987405854291 0.017014633440921318 0.011024743880841341 0.04421675001836584 0.046894742465899475 0.18856622612730978 0.05997240971097687 0.1045055881030166 0.17587047835646005 0.15251606707098161 0.23917722209077305 0.03019626199397674 0.22026924581027169 0.08038445973414994 0.13400569858629077 0.1095122073467929 0.1185399136018471 0.0393402441999678 0.06531849321080424 0.2756399043082678 0.026398667721244534 0.014248716736309003 0.06897587373114407 0.10334535069213316 0.09801097289289387 0.1568164839763317 0.1594610299950552 0.11826888060533386 0.03578500727086706 0.06584841009202598 0.052046162662799204 0.04791660646100802 0.0180329957329023 0.061937352947675946 0.06130632670071533 0.007921235771363817 0.010173618091715315 0.08333978532963457 0.037238686174179275 0.04898871964495566 0.09851266243205364 0.06473689768696168 0.08411619077783991 0.0727477319954652 0.08897230981534954 0.14583871772133106 0.012461131209033104 0.049486730319183214 0.034583831936593964 0.09115430428626917 0.07554332321563093 0.13098202786602414 0.10445442883462548 0.0186801870636449 0.05900254730695959 0.03270093413206054 0.1870825640428243 0.10179854277678432 0.0005044143636371298 0.10695448470435408 0.053639017221454255 0.007751373665626435 0.05501889888940913 0.045644770759260725 0.14686077337555473 0.259494838959747 0.11015262424662953 0.1590233409780913 0.03535498066189226 0.055602006724457656 0.0921185233143208 0.06153054046560964 0.002136532624433788 0.11889342526990773 0.02998365459041144 0.08349006737429387 0.04221578591378228 0.03174314961478645 0.17118690125226982 0.024810684317535144 0.10662091601267652 0.011874524541952688 0.08646737360469112 0.10352277341793488 0.12330406306929133 0.17993775181202937 0.1631079239146546 0.03347986071102952 0.009995817983278817 0.05780964276211324 0.02314010951574894 0.06768064631423851 0.0433381423210261 0.011993239967665782 0.11086059764206492 0.05150971786306184 0.01570656251384221 0.014823503026721462 0.12047042743965618 0.05442347080683657 0.022927834066692663 0.05908087933778231 0.09011669687100012 0.020748465428572876 0.05263630773161758 0.08733653220824601 0.1491459494600137 0.0018630809609625073 0.0528550992109298 0.11723604019389397 0.08559584919322019 0.005967659787857786 0.12562160939856118 0.13177089143322 0.11194745844532743 0.015698302530669797 0.04053667226849981 0.009570993260880883 0.13926023449820282 0.015773952071074866 0.12919042664559527 0.028660604150431472 0.016885846818565073 0.12754422145805347 0.24787488411722905 0.17089573944354625 0.18834144238891537 0.1559718942325702 0.025544429886754247 0.16437199309537498 0.2577897650861667 0.013058530948756013 0.15713195486494336 0.05801785667017042 0.012458994148501466 0.048015117707912926 0.04164467849947584 0.07630695484711539 0.05058932818961408 0.027228306613882897 0.037875493552813194 0.03012040814656443 0.0006313244755005914 NaN 0.01172771390770405 0.030189537439794172 0.007656042821901121 0.020425689613737454 0.10664263155577693 0.05025756384037112 0.03676622244615241 0.10470142502023815 0.05400335874036599 0.08514085491659859 0.057310546177984624 0.07682903258351215 0.002595496901237336 0.08140211225394423 0.10745174743908234 0.020851960881780172 0.13571772806179483 0.10410996242384064 0.09684319809080015 0.15321721048442583 0.14313785165483647 0.16889900499459895 0.03423915817861497 0.1024136422728047 0.04141680029308736 0.01322032219381786 0.062093612178373024 0.09553388642499161 0.0721226486544749 0.17876644513871265 0.13602546506657356 0.09917177332555602 0.07750363559259797 0.05948747497822879 0.08626685368454741 0.011325578644665431 0.06765515828423507
0.17261756810874174 0.14356893873370435 0.211658376391115 0.2328177377345308 0.2371447075469922 0.4450821116785812 0.4628886814463611 0.29545289213226383 0.13640672819797664 0.0007030119570102982 0.3051282594668056 0.2699173193373635 0.15895820895190146 0.03658137490391753 0.14718076956881343 0.10878490827299697 0.3380540758056946 0.33380054298862477 0.2937825334533265 0.43700422328788924 0.2910181042816148 0.4152514728290198 0.23592404728084843 0.07345511802958588 0.1305105938096377 0.14482203052180567 0.01034951967008383 0.24878095242769022 0.0116273545346529 0.18969431946797977 0.041259457971451516 0.13156578107802971 0.002281348176076265 0.07867330014845389 0.01129330719491618 0.1811112627050025 0.009112113980208891 0.023431648831581695 0.030782645161638696 0.15415976092107253 0.15130366392760192 0.07321706188340894 0.009452628400069473 0.09046177938177505 0.13233321789273106 0.09121208640571216 0.24634356359950424 0.3484396758425941 0.15961878371052693 0.11877075546863405 0.26596728519787916 0.2020703724188236 0.2117147691296666 0.09072446933494689 0.05234212415083142 0.11281785099741296 0.11176919131160927 0.02112207217543226 0.055833179140693835 0.09302728068710936 0.022189284157563997 0.04538936528462212 0.061222323487221966 0.012714919076262005 0.0013865766315388152 0.11041271914872215 0.2666437592860723 0.22127949128482008 0.28436899508079727 0.18211177907647982 0.2586624050853688 0.21564860908933894 0.16309973177771853 0.13530001105455805 0.3062217368656193 0.2808387691176828 0.1705457233918197 0.0032214968603947926 0.11936728785821697 0.10540334657503087 0.2624029022119707 0.04387993092432215 0.09740287038098434 0.06424372257129964 0.06523204155927377 0.15679993163662617 0.15707797007636537 0.01661016349508123 0.023907789654676364 0.005674858321866792 0.13727179088183894 0.018189205742262887 0.04192952051799702 0.12398098292575586 0.1846590051956077 0.1507931975361863 0.009268662878753704 0.07609256507173928 0.005159039772050006 0.01093113960985013 0.007243880921696472 0.04141497615498332 0.024170752287445845 0.01178435774501622 0.13341021443052412 0.004598716194901101 0.023599473443353253 0.046896062067618885 0.05596093838252483 0.061956830575506175 0.048164884795215634 0.09216617694481369 0.01917968854371223 0.005096263780530186 0.06540822708904998 0.16708079238228496 0.1251230881889298 0.019332786117467228 0.018354640426087677 0.0597159054138209 0.16984474192218335 0.0270733521973106 0.05000540109669991 0.0411351178789771 0.17645422680118833 0.048042457989086566 0.03205296652889915 0.1353764687651373 0.25423671816948124 0.07885344511044626 0.08202637334109324 0.20557712328478273 0.07483112170270956 0.030652967682008796 0.0323339373658314 0.09112661256833819 0.16829878007246096 0.42848861809217786 0.2639691728685493 0.10687614330529464 0.23297945340839638 0.02946743116118976 0.042840192706975005 0.011651257484494719 0.04306918550511765 0.04302297459445219 0.021779605559358827 0.12319314524843168 0.028293352777496485 0.2788926184561895 0.06167290591779667 0.12707521253637535 0.14968541183472137 0.23027482465749077 0.04152391885824573 0.24269694749233428 0.25783878166262 0.4431056349897868 0.34444048488027185 0.2733084951480524 0.018346717734816314 0.1488377691207543 0.2933111583492894 0.18584700273542906 0.044385283067768413 0.03917744956195785 0.13714831805890385 0.06940717212263323 0.045963228790041895 0.17871402560216915 0.11744105508047109 0.05234352380030226 0.014744668620254524 0.05971956910808259 0.11206477021325698 0.1487332266825217 0.03644160330072252 0.017810381092241243 0.03782539032194097 0.018341520385554564 0.15432438533923135 0.193669741937797 0.12744383407736123 0.14316400966294873 0.17868790253856023 0.43088003978921857 0.47229162894854476 0.2337862037005215 0.24255321622441023 0.18038285301280632 0.22855595053881167 0.29197762708330355 0.12886115721524752 0.059689046111941625 0.20193599422337244 0.21315237898521308 0.3023089064979389 0.46409234379993236 0.2780787914436951 0.4341181994242253 0.3238810269830351 0.4868673853877684 0.1926046619779913 0.05128519970359939 0.1303825668277563 0.15109606616209117 0.03188227911970981 0.06303709606949093 0.01190355540604504 0.13404994383040952 0.0592642426500899 0.04416458892748229 0.01618697963713623 0.03808979782505226 0.12456252179677492 0.17712763385753694 0.07751610190671988 0.0546590926881042 0.1085692361607984 0.17764565222927345 0.02967500695941167 0.07101404461299876 0.10638706535345814 0.021727890877792606 0.07638030657313555 0.007959584887509617 0.28600559649239066 0.2555559629119087 0.1902156658183241 0.07156778326556915 0.18029606369436643 0.11354963428372768 0.22529421045954348 0.14358628739217527 0.06882727091808759 0.12169008029806117 0.0751525447168092 0.022731924383501006 0.06067889989177489 0.08580921036000012 0.02279567466570844 0.038217364163673925 0.06602483876867203 0.022252942695101953 0.03558326913155295 0.02968682933171368 0.21527501438147978 0.10234258125070768 0.16735529164251547 0.0922315571441667 0.16926606698257188 0.09909178831069826 0.11659899096864876 0.04566826023147874 0.26041209170780594 0.10413458937524447 0.012956364368778615 0.00986384621008528 0.00020720488125657613 0.030961320904842764 0.11959107781840958 0.044787297147942655 0.04986882402637967 0.06580903167345162 0.03916931523621088 0.06642880320218211 0.14407808094244456 0.09217518760918239 0.0074697159646311215 0.068153139833335 0.031102884153986706 0.05620562676010857 0.0483156061178328 0.021840599188303812 0.20161351390131288 0.11321091157324632 0.003439955080068831 0.017949793097495538 0.030577563470490732 0.09580600658733719 0.015228433374584197 0.03818715832814568 0.004086619076828064 0.07480641193860896 0.010700315942214053 0.019619442504655624 0.06751147357142331 0.010468269074114014 0.062375261469942336 0.09373826258696122 0.06587341114956696 0.07533438345243565 0.042896686923750905 0.07581111574592944 0.021580640257156117 0.22690907696439624 0.1031386338763867 0.1221125490821152 0.0824134280503968 0.05275614477776939 0.23582951494892407 0.07032039931470001 0.0729147359908069 0.12463990290844763 0.2263257595040312 0.1122029153994632 0.12028108759781223 0.1656024780177695 0.22342023362660526 0.16106622370284368 0.05192240806955664 0.08850141779521925 0.0051588632531923495 0.011328084798025887 0.13061088128491313 0.17753526337379244 0.02670966594868338 0.4227024644825439 0.18248104393432885 0.10604480718230293 0.11602898575864568 0.10277054090953086 0.03935236301850537 0.11594166233288164 0.03915213706765787 0.035588559818080324 0.006308496456427646 0.08667919540251719 0.11695027877260245 0.23015776385446604 0.009588646813105117 0.15180922928581542 0.27570887242157893 0.2610598674325616 0.015686190983039812 0.18631660176049358 0.24629072348933342 0.4429810700002679 0.3040721804525343 0.2364341776542801 0.07236394448058595 0.01172771390770405 NaN 0.15501961946792248 0.0012892787484753327 0.07151460325676355 0.056517806090091445 0.06485817467305414 0.03344969431605018 0.10466555536401063 0.08124067399595758 0.04744397237143452 0.009256290751253074 0.03712269670840876 0.09806522911831114 0.10084386264379526 0.07264022339659618 0.013263849719528304 0.004204926086638662 0.00879547243572192 0.0655459050602896 0.05402205558413111 0.1508235421535308 0.05406527228877756 0.016327017201395372 0.05198401826617847 0.08103314961378312 0.1734992470423617 0.09802494671929042 0.004921659582522686 0.03484169315500645 0.004186014225756248 0.0002452131843281673 0.06255459535603392 0.07660097185066454 0.14319220691895868 0.02642777540551639 0.00913331629183749 0.02248506816710323
0.003799246211373325 0.09109383318648144 0.06463305507138706 0.09128824650489435 0.08110509918680597 0.10263344141852668 0.11582085654101715 0.09879403927580907 0.08736834631910417 0.02667201871577385 0.11367394934758769 0.16084758534223434 0.03064296611218197 0.013720202356961224 0.09173859513240629 0.040815253713601354 0.10599109473320921 0.07491996246013975 0.014446615947817616 0.10392599554401738 0.11340990837389313 0.13047080961750604 0.11560418254098691 0.021834401718439242 0.005576455698767673 0.03966201801602554 0.07198131882988248 0.01551916039722766 0.07079007202608473 0.07690705989557232 0.036222949147474634 0.06848254796998537 0.07652720675792303 0.133148601724828 0.023552239530606554 0.026381303057545366 3.718638783341667e-05 0.03575887141919884 0.059093767559621695 0.03473140986062375 0.044458270440636195 0.03680393156297272 0.020725311683765377 0.020004276803744336 0.0381870719139264 0.03503938551117028 0.14037612508265906 0.08769703546550386 0.005588144434248203 0.07199301233132473 0.14058847970739494 0.11958162143578768 0.048619195522654556 0.0705216228435268 0.03899540429274985 0.04213339054662113 0.06479264145431078 0.005684060418863977 0.005703868873961507 0.06722282073437222 0.07298107874101688 0.019887989247580264 0.09890599838375412 0.1375536924525635 0.018249331544257653 0.06426340435426302 0.06127360595779629 0.07271821944828083 0.17590622199334668 0.1303208946163433 0.1715253294707315 0.14219980968111515 0.08950966620123207 0.03019590641820585 0.13573100637497923 0.10596276936348245 0.02218943079970379 0.052715182317250385 0.016933732440303446 0.03412086539600137 0.08808311893796993 0.013471789618075339 0.007982049344433768 0.04376336689702149 0.10663199314944967 0.026863430044098437 0.10346078503952615 0.010808700717460845 0.0179460726415272 0.02514212423618533 0.00596359004238121 0.08378326243217157 0.041001808371868495 0.060624436071687694 0.039441889870788394 0.0029199170220260075 0.017797639010535073 0.047132248739379184 0.027847158147388442 0.01899388419258879 0.008392758502410941 0.03440220993250302 0.03938439157519965 0.026813439091686698 0.06262956061578537 0.027694296229224608 0.05052837263777051 0.019790154349188897 0.013426963453497618 0.1157718799218677 0.0027971613026876846 0.011517234882238646 0.011587309011084094 0.02810743550919801 0.08631830637856742 0.05501869542547169 0.07917585137521965 0.0026594054741920343 0.0006770411785705837 0.05829989476524608 0.006267054077096413 0.02723829521890832 0.05910966317345214 0.048512614569963725 0.09027493400752523 0.030187718566041813 0.01120964872977824 0.0655976446818668 0.09800753362076892 0.03689978800587878 0.08551795967000952 0.14479948606427206 0.0015926637460147617 0.011942679398301133 0.04622248538167211 0.03186405943346677 0.024456419295555688 0.1233373375039434 0.06592451074105647 0.022633435770153882 0.05964047929394805 0.09359812079545837 0.10481284294070799 0.04485618708847751 0.001984453366507041 0.000785804176970383 0.029301639898722604 0.0902213319198198 0.06837071488511588 0.13106601946643243 0.040074330712257696 0.014638046528155478 0.008956973588056104 0.11700219779670529 0.025554583801423805 0.1338339433773481 0.13406396550717362 0.06252296099069489 0.10642465189022483 0.04778032348073265 0.06933023250601998 0.05005223625347438 0.05590081053722455 0.15095798194234908 0.10207130156643557 0.050451650078177146 0.06542866505773026 0.02845099834255449 0.00380436116282449 0.06360335606880575 0.037729766916358105 0.04702122262592373 0.01597945828103954 0.0253445414565823 0.015279858758083508 0.09111409521648887 0.03808253546326567 0.021593365902816648 0.023747761801746613 0.0467740371976175 0.01186051575629231 0.06017584865324696 0.04187965468794126 0.08154109808491707 0.06877873797482484 0.08613873942945083 0.12437777567002857 0.07753791385584857 0.08694877787384593 0.014960966737449906 0.004155737178091935 0.10148964425947513 0.0721237873499039 0.010952753824448195 0.08227493693062907 0.018095332988594 0.05205321478470253 0.13919385088614644 0.013548200371418287 0.14207783883605576 0.11732408573856015 0.12534939915957355 0.07455739199206987 0.010626563821056478 0.04581221441359149 0.14569989042669804 0.04292544532849607 0.06358503346288558 0.06682973299368417 0.10525277814155529 0.00962620081048597 0.03500569357570752 0.046246963083449666 0.06607058142962156 0.08740231896676909 0.0412603725068014 0.06412707085218107 0.06952886053474956 0.034168343152784185 0.06489675321451711 0.06522628874427534 0.010470850402380842 0.030964745039283415 0.02138867248981348 0.013200744805693117 0.058976095642927905 0.1273474516117612 0.07648401852281367 0.0033190488053822633 0.033162818759768904 0.04388210082135665 0.0733489332152885 0.06360367479161987 0.06595511270496487 0.01597276528270277 0.02590179784210947 0.04138091268223454 0.003419578777808172 0.01860416571593375 0.01987296407122955 0.13960753669839573 0.1306844209354867 0.03750658565168879 0.09607720293346476 0.04958415189269704 0.10339476098042066 0.09260509649455843 0.07982578872308213 0.1487011240421189 0.10838449975192962 0.20408133283007843 0.1829564124307255 0.0022538477325753452 0.0814363199422114 0.16590822978531777 0.12348331003280495 0.02572351974081371 0.06045896359425706 0.045837946189385935 0.05495121445420643 0.08794732203828863 0.042039226078040025 0.026177483302829728 0.006982244658489119 0.058416499385222684 0.041757468942504865 0.17101450432189091 0.05157014391636118 0.01899004721430539 0.01598681894076105 0.03131175357846545 0.002390250692687971 0.036736013851097295 0.0982318254267673 0.04336766419013941 0.012515865110827229 0.057702707724239743 0.044203445994667474 0.023365258994840394 0.07200390325191086 0.0078892897031601 0.05076814507400643 0.024709598694190666 0.01725163704567831 0.0007653198487547405 0.026267520885820607 0.03521621635039381 0.0058420184037782435 0.0021409167525509956 0.042118063723410655 0.07414150285070148 0.062039136325951955 0.011319047453519734 0.0013897915372379226 0.06618559734755138 0.1315203773167738 0.035373135553477354 0.03994602496747144 0.12461447941134192 0.08237961488141458 0.04325049967001681 0.04810645107941472 0.06453426803300524 0.017124956787348457 0.13104716237923125 0.04289362959013415 0.008402570798387951 0.165283568475471 0.11710988372563495 0.07977823296635939 0.1674574111871946 0.12352061753648755 0.0074044983865873045 0.07379928377086814 0.07594378885358898 0.005369029227385945 0.07342488537598583 0.1652307456690539 0.09598725907783612 0.012402063136768957 0.023748167433595403 0.015627427890582954 0.10417782311235459 0.11189317043122915 0.018404846320233356 0.0857423523584863 0.01998426561153313 0.04201421135713696 0.04395907986845315 0.1586580851360279 0.1004150225888033 0.05291886857230573 0.05766269862567944 0.030896264387776477 0.013103706833189954 0.11939768862112835 0.1333245760328202 0.12059569436456746 0.02617212827635437 0.0817819803554171 0.0674889236061582 0.030189537439794172 0.15501961946792248 NaN 0.08824128980980112 0.14259508533829005 0.0058961398419844985 0.06835397931317684 0.04284990666593473 0.0927066345613164 0.00991810717564649 0.02965960904171114 0.004248337194169352 0.014920517078597846 0.02960938600771773 0.09383119960162045 0.12643425118685434 0.026093297929285064 0.04321394632117905 0.050945136534910625 0.01942014925866559 0.01341149381495801 0.06535253070969316 0.03693433840745763 0.04744104048624091 0.016242719394340303 0.08374801589035005 0.06272938777320167 0.1239144050533711 0.03440904216268173 0.04959288020265553 0.025027207959485025 0.0036502863311188233 0.03682915040929035 0.022023133603591788 0.06514541270146561 0.0513404071375715 0.0358656042185211 0.061197176886910294
0.03304751823110107 0.05061539048826951 0.07680432207291764 0.004287791431204022 0.008749301504261616 0.04273635272065986 0.061305874590908804 0.1104287371050165 0.1399303393005993 0.014569293486180104 0.08957247876734512 0.016119785478699748 0.0659351231409238 0.005736805430918377 0.024594461331959548 0.023121882637342158 0.04582419725338412 0.04006039508208034 0.041231859566305845 0.06881315584743884 0.0718177540817953 0.0876926582973138 0.05382548753541489 0.07861156135216707 0.020324568152548954 0.046496442383766726 0.008363174623273014 0.03844505745382408 0.048072111261693536 0.07486461307230606 0.003623898418714663 0.0057638794810789176 0.012821350925025973 0.01087109457289683 0.04080532574637418 0.04587920684836355 0.05991098130625751 0.05302783593952593 0.08399647245105042 0.07493492422559249 0.02799407663980416 0.0019034235998437055 0.06776397730629027 0.05229353278653203 0.082092394442818 0.05516075188462179 0.005847296298218102 0.10073447810426063 0.00821814707401431 0.0070226322859341305 0.10971698306323187 0.06176950746888341 0.12353636679423481 0.037751526895203676 0.012041068762248919 0.05552660088822226 0.0007541504327663418 0.008896013425377285 0.04210830643974833 0.008533709052005144 0.057105388320295214 0.03558377962361715 0.04172068223866698 0.10719947462131686 0.035287371442531086 0.044610900230579315 0.1198611359315957 0.021654010823636466 0.03801994156431928 0.025413065499676153 0.04906495526893383 0.07100608969511117 0.08446948005976888 0.029335248848657552 0.0372770868160113 0.03455227013507939 0.10315791881603958 0.054600826691919686 0.056296285695890465 0.09372132064418465 0.02837293479151665 0.03433801714278513 0.11707841798995085 0.000528142523500592 0.01436660292048106 0.05967687523736808 0.011899133887205551 0.057770702980030036 0.04690954445002231 0.07183764967891328 0.06316095762476717 0.015666462699980524 0.01625614144089748 0.06460359097485402 0.12236184155657177 0.0013030265404353238 0.10994074301553643 0.01818573067338462 0.04488929123781409 0.039826423642436035 0.08219304038096877 0.030076151195804274 0.01630120719882121 0.030683879199530813 0.043092425360035685 0.033622081362362534 0.029098480405217883 0.025180156096185933 0.0320185320800705 0.010143922670243095 0.06865455311547153 0.03294031526345534 0.03264894107217508 0.001974554444831799 0.02512983672432891 0.04207022513378527 0.08657560943378212 0.005217995385006716 0.029848984751061684 0.03406035411043477 0.038853772831192165 0.016290347362378138 0.008172084900056687 0.036353014396287506 0.040956242578390444 0.05005710771437522 0.05249697305330279 0.021838851318006065 0.004161560313717402 0.031005723166913295 0.026988856205070213 0.016453626278493616 0.12018106340793505 0.004648597905710485 0.04393357859569634 0.00931830421473375 0.08397554547480796 0.08179371180562736 0.06599156203350585 0.06421305058898956 0.01189829668418779 0.03653299385977867 0.028581713391766184 0.1376912878048394 0.14824349144301624 0.03696051784932114 0.0914142474070236 0.026750970970853154 0.0452719734915789 0.05748486098024568 0.07534509885029862 0.0058255087079048555 0.0755918789378884 0.002411884589525156 0.02588787119194417 0.06262063279967085 0.060853682818879276 0.06194474601705551 0.05726644258784417 0.05789216879227416 0.0012006407361327075 0.026646047144494766 0.021662902398794637 0.028663610349494124 0.0587063007789138 0.00022788992993433743 0.007220707912439338 0.0006886607467357157 0.029968089666892433 0.052232578399328905 0.01368954477201248 0.006301981509749534 0.022548082922102614 0.03173275166122695 0.013514477435140167 0.015263056941008216 0.05769287519592477 0.012784931918631455 0.09784599631929868 0.054197659832793794 0.020497171874836483 0.07389209282857165 0.03841024736477433 0.001895692172207636 0.02983518714852323 0.028806816540590953 0.06273688300094783 0.13420071282942064 0.13718917363738595 0.05632004237131728 0.044480143898165035 0.0314469296638642 0.000991961589458305 0.050442497569021215 0.01098527932714019 0.10897957527721579 0.024437304845133498 0.03843052643616918 0.06355355895937619 0.024567322352482546 0.05050659302768288 0.04877368676010611 0.06834178727502545 0.0038622113516777966 0.026986023131764538 0.0425822631458126 0.03624174181157982 0.0013977066580005439 0.0662072104568418 0.05004956665704202 0.05851364578665173 0.06329792238525078 0.025207893688537094 0.04186260892631693 0.04019374251025198 0.11926128167094179 0.03909441830923566 0.00037253023602143133 0.03945900910899896 0.04112932840666632 0.0034289686302651397 0.06708355653527508 0.026762544419903226 0.07242821844183168 0.02398245414202458 0.0645534311507045 0.005340990207146838 0.017665414303428526 0.0033452008001525497 0.020078740490630992 0.10317092771303207 0.07385245069864713 0.19419945192256594 0.01934591458958014 0.039930278415659 0.04579057613181148 0.04275228212349569 0.026867178583661104 0.009096370779338838 0.05988967084986557 0.11640253486977148 0.07301423706021677 0.026172274121043337 0.12584893276022036 0.1235389442324214 0.0357520879925019 0.09640593876847406 0.001397391685283152 0.05677424449955049 0.03256128866466489 0.004230035252063537 0.05585551146259904 0.03497210505841981 0.04881553910872169 0.008910598677901803 0.02486189343403838 0.10351942964091254 0.027518463342724904 0.06892215783287038 0.026420826207740684 0.016107631178192586 0.012217814532294358 0.07708133548493261 0.040561529997997864 0.008293675306092048 0.028391571572053933 0.0159791203243078 0.13017296104046736 0.055275812834719204 0.07559778594709121 0.09671261765203087 0.0015117941947090782 0.03375656468912277 0.05222809313548232 0.015317143657908202 0.034685963729017985 0.030809185411350786 0.08011674956798198 0.054576789079756195 0.046292731887218545 0.039436371113441664 0.03817973209386172 0.0011605342651087557 0.00866924771074932 0.11613016491216643 0.02236420300320497 0.025012205424990424 0.010577955864125077 0.08540281352118832 0.0014553019436461645 0.0009763622124702027 0.08048527602583966 0.08529997306294568 0.0009053825413055392 0.010171992189871118 0.03778676357142627 0.03609400389789582 0.0301896846489347 0.051834506047292145 0.002380412554906623 0.07827297483440929 0.0008667338592529965 0.021210907969898198 0.045434212817443476 0.0381131541947284 0.03621774792116048 0.02644924412377916 0.017415286469449807 0.00987709632573948 0.06944459824152333 0.06708458816048779 0.009087106677460847 0.11007522162290298 0.07302434286696124 0.024420314568147652 0.02061687933590465 0.011802179856384846 0.04956331528353362 0.05588270003950693 0.012116730612376286 0.09269563176174067 0.008730206202809744 0.05299532127205743 0.10279423174867335 0.11023182032837726 0.041431272728861754 0.05796914058929965 0.019975841983326054 0.039751548233352405 0.016303757685934943 0.05366742408264903 0.006869077172686756 0.07157540823999142 0.07481222547663287 0.018646447766317287 0.037083973167748065 0.029599867691224212 0.0463664495079355 0.06361899338085071 0.04937718387079327 0.0075024426576155425 0.007656042821901121 0.0012892787484753327 0.08824128980980112 NaN 0.059273742227592005 0.028196918193564992 0.002351176114626696 0.04560320379959557 0.05712005394644429 0.05107828840886824 0.05042018259873417 0.008974079786514834 0.023590089334339644 0.01884306373690542 0.02340349263737201 0.017917345240199185 0.04978732934620448 0.0019288365782843618 0.05564260438332891 0.012939655921709271 0.012258396804590095 0.05124606393652555 0.0674516035314417 0.004583124089377728 0.01077147278145851 0.019630581428382515 0.07393924271424271 0.023759191730731082 0.06262787344180118 0.01816481898114566 0.005593755565322697 0.04034922112142297 0.09360075159336553 0.005177369631279337 0.034546459773425915 0.00022809386023417988 0.031603225144655814 0.042469795777025296
0.11584129489054615 0.0226946460293767 0.016102578212524154 0.1292532751786241 0.10664158987255393 0.01631626182435232 0.0452360930397105 0.01134019917362152 0.09855410187411498 0.0025679498952290024 0.07631427595118426 0.08750356093892488 0.08202470881709355 0.0016751475100738893 0.06635767083981255 0.03946565070973916 0.0014159759050183186 0.0005033367086361687 0.003600271150324913 0.04886979540403934 0.02326823219199031 0.023963226403925463 0.05133807892033438 0.029194833245172785 0.07336083266303116 0.12848149806016246 0.004680345129281037 0.06217839284529891 0.04473139642626959 0.0063230209414272005 0.02877381825142797 0.06454829098311692 0.0769733923688819 0.056705438798786166 0.09783322425678528 0.022552962874692623 0.06853832306898021 0.017332390752327936 0.016719997552096917 0.00936912402025916 0.011792834515491778 0.030104728585045242 0.011276712609223003 0.03139686021924811 0.008317566863363183 0.018035650104012455 0.04361267306655315 0.012454867154541268 0.022223608787216784 0.016959175955530294 0.01316211294490157 0.03774476692771192 0.06883665918111405 0.020005558816035555 0.022554084840973834 0.006865632704884146 0.05021037295050402 0.023365667534047962 0.026185071156599543 0.013146492485641745 0.11267064094444418 0.07391385557098186 0.05514018653695794 0.16571087263279977 0.06467769949622702 0.02324131819192461 0.03509501819034246 0.03571635023532073 0.15207291466185283 0.07447379895697548 0.13249580159844773 0.09257474370997383 0.04265062649549256 0.08380208246736591 0.14579892482850046 0.020840307964589144 0.06481626122906306 0.06349890787829866 0.011655175400005685 0.028110579802809305 0.04177345383099226 0.0281863693313175 0.033450980589444 0.03554140445327405 0.025684571589432433 0.12087711443000307 0.1847774937154675 0.029255196054703832 0.06182845981127653 0.019657148265358967 0.053682629592338924 0.025306189370510778 0.061057502350788696 0.13109747417388742 0.026848857442884122 0.016173103967299436 0.038174470322845426 0.0181570969050504 0.04528594730700346 0.062023004832446896 0.10422492722113695 0.03381581352081287 0.022521039428413322 0.013648817798183681 0.10327841095148813 1.1470684553130145e-06 0.0011445331402553023 0.010556865327980178 0.025463311193135774 0.08594397775891825 0.05429714731965799 0.07247577515924597 0.020070978238021696 0.00424065439122044 0.026155480174412982 0.044671580216818274 0.007743333540180888 0.06250595551694779 0.013203698327062016 0.0547799804813674 0.031495073458389165 0.01960321998379897 0.05909086398701159 0.024808639825152818 0.03789242038062608 0.03091360250508841 0.008859309516088156 0.06582974051685545 0.04437625797973636 0.09850375219449636 0.052651985955020075 0.05530194127672445 0.0028171944027274385 0.07027777854248884 0.007788699881711663 0.0807838617226238 0.021513132908300925 0.027041016936412164 0.042115007154528955 0.045548758271446464 0.008949070938036752 0.030256519315912514 0.015256455999236465 0.018524958780645775 0.030170277555007632 0.056726423115121064 0.11305383495154711 0.041156040130193174 0.09474608388567562 0.08702639230669276 0.051112110305892966 0.0012052477446874363 0.039408941306821266 0.029668633617831636 0.008793701378919208 0.034680891138770736 0.004356430778002248 0.04797573506488773 0.02320717640898486 0.001915244904638039 0.028636465369151824 0.026834116081335423 0.026798912986405254 0.043115331051708686 0.01588248417608624 0.12718850322339492 0.012030584158659013 0.05079635923307881 0.07670183384988527 0.03764211368574997 0.04263999336755466 0.03334944821356239 0.09815247429172551 0.015090242302050584 0.058856645168193104 0.045542501800222374 0.010680167033951112 0.04244646529640332 0.11705662050505487 0.05444308409081339 0.10903725501286385 0.011377052928656073 0.04580156289329434 0.13507024714707938 0.12419961854742768 0.10894300077895687 0.08412152416528472 0.04085948490131005 0.054956855409678214 0.015214434879042841 0.023600886712043495 0.020432500482390616 0.11306449177892984 0.0382985896187324 0.11499249747320385 0.011998561374520437 0.042602806835995 0.05254407223761963 0.07045729942043034 0.09003719246186889 0.02993579367123254 0.03076600538617 0.04664808022941116 0.08987620384382626 0.08662405977175434 0.12410158868199955 0.053658009004715644 0.005065515389298647 0.0146282515176725 0.056936686174756036 0.02132879752161699 0.0678859528053801 0.08017598302540782 0.11996281520971247 0.000749687771601922 0.00459117758999982 0.04392343553071226 0.037543712927825004 0.051536825287404796 0.007715404060995928 0.03616848001730678 0.0882689475746386 0.02357425975335975 0.05977016679993544 0.041410796502273466 0.005282126174570126 0.031024811200295828 0.01226747721445508 0.03420378301418438 0.04286302249521068 0.07187407105028255 0.0713763081876349 0.015029023247167766 0.010220379859741684 0.05190709598469081 0.02231690620873381 0.030221188732826983 0.0032862106548376705 0.03840397967878994 0.058117353502448676 0.13512448488280876 0.08501511618422086 0.08879083942907026 0.10528437252486754 0.03252590119848585 0.02778025006367459 0.06088227816147998 0.06138791164416329 0.16948453207166056 0.12405532531549969 0.07644462302513516 0.07978735434378663 0.015534392152144028 0.10151094547318802 0.07765358172053868 0.09470294154475957 0.024150289566194968 0.02657492676452724 0.09560547365291258 0.00599748766323347 0.08151226388850911 0.04216954839091704 0.02695219324876134 0.061339687322832376 0.04520034007766257 0.1293997137824989 0.10108716121359264 0.1029644786043695 0.019123916610702608 0.11148024125437131 0.07528464429814093 0.0776990484619926 0.10955052168983953 0.11493960051910422 0.0188666365928925 0.04954586592362515 0.07004098150406662 0.0011856532832193723 0.052638765317981596 0.07713514734499008 0.006939415365335757 0.02882701510323921 0.03281746384165019 0.06444374225440921 0.0034365035475325077 0.0490724230366703 0.07058602983296636 0.08243036674542967 0.072555518257984 0.041607264409124385 0.0930229098459477 0.11597916862958038 0.08196237652388001 0.0442255471725689 0.003549212975525209 0.06927054712336815 0.00305088245714277 0.02125424208748275 0.023516204777080447 0.027384079976764834 0.02003552720789587 0.0991563153163847 0.012545825192583472 0.013358678681874417 0.03166715662508247 0.023715249334671264 0.11812091168430663 0.05243097893926572 0.07633267746542689 0.10032855557640429 0.0855294405246507 0.09584317386231747 0.008787843369852931 0.07520569162753972 0.04926194578958323 0.04879938493397801 0.03171711019038271 0.06569083738812148 0.03277593308991803 0.03628058130697092 0.05041404471710601 0.01928998908299903 0.08089540989978637 0.004260463694654145 0.018921826191163765 0.09452285987033301 0.027933940000604916 0.06199204805294149 0.15294657295251415 0.11538099969760762 0.06353461854131139 0.0019932174571666026 0.003387924264927868 0.02284853960568518 0.03773034886850588 0.005627038092158935 0.0055338372076865015 0.08679776210988566 0.018587616633351983 0.013800487210329317 0.0616716354543726 0.020425689613737454 0.07151460325676355 0.14259508533829005 0.059273742227592005 NaN 0.008597180104658264 0.019650358642679115 0.11273231370870096 0.03964032049312063 0.04632118322205258 0.06487224875184373 0.016786879973639403 0.04465588878863869 0.048266331117189636 0.12818662777909345 0.10570043632140512 0.050615734506421914 0.054790002432194486 0.11582045363727894 0.08214567987321564 0.17516228297882225 0.128139680201881 0.08616451331197252 0.015001204225929496 0.13529329285846672 0.014661112022861347 0.030293523325788916 0.12320179668315101 0.008648529034682695 0.049027296651768686 0.09425961261680268 0.07106427420069304 0.07320554767087273 0.009715370786283355 0.02914157787770844 0.038880634361209594 0.09740157781735787 0.08342252824240642
0.1663053960785472 0.03903345330360888 0.05658864908089736 0.09793459612476495 0.05710826673323691 0.029483097780731302 0.054035866004116924 0.12745510269458918 0.04469502375607892 0.1597315902515355 0.1804110182124025 0.24035932988959022 0.11808137759673548 0.06417079658388929 0.16195609209535583 0.05573765667464723 0.11709016422650431 0.1458089265497428 0.030499650289900267 0.05831426096162608 0.04206285634607279 0.1637807829680511 0.1032512929713285 0.11279028439862478 0.1614647323030738 0.07133740966771332 0.16045798337835207 0.031578305816024756 0.09811319237911278 0.141727488751224 0.08452703234148827 0.0234229293695636 0.01106563850128091 0.13789543995621137 0.022469520052321692 0.021177111359484024 0.1292112432464378 0.18630673629842162 0.03176835600664408 0.08234524114661024 0.15931392395291272 0.008699737045290146 0.13098845078259388 0.13022511471405415 0.10572079742288143 0.004764085473912098 0.10391780389662764 0.025349248272897244 0.050012846338008156 0.07644181946538978 0.15775418630415214 0.10357074919113812 0.046837942269232886 0.12487951123075441 0.04182373352789535 0.05956411407110213 0.11283395172608769 0.07586231693738021 0.18409739833298713 0.23449888893830356 0.07014682640517955 0.167010020852096 0.19199264249697418 0.039917672176105014 0.04611784676643114 0.09470272284523111 0.14010674792569208 0.1693824465485156 0.06414945827875894 0.09102144096499562 0.13290773856657623 0.16725572548529022 0.13439175563537303 0.02535832576055919 0.17624730474508016 0.15497387705783855 0.07370177431722262 0.14286724543048976 0.05513095804485766 0.0945739671659179 0.13842144381081306 0.13466456713723476 0.015153466081397686 0.1415213346472959 0.13682722134787156 0.14428580556619064 0.09491368414048851 0.04487943197189983 0.058088132270374036 0.036850449207615814 0.04563273297297175 0.032599048632444345 0.006872528418662785 0.03124637702524987 0.020948959043922973 0.008051900104367621 0.07999310110204438 0.05143247701013041 0.19558235605985858 0.11992047827293419 0.0016269726965525797 0.10850255084742699 0.19097790776135454 0.13326585124591103 0.16160566498113624 0.12343783048450949 0.08253563473578555 0.14009657853342958 0.06178765674321221 0.038183640608927996 0.11372621991864068 0.05452461057361246 0.1272241794191077 0.0814929298728242 0.00011817270907522389 0.18387265224878563 0.05403501410792109 0.02437883943491202 0.0302951064439635 0.027388301010926666 0.10200603313353375 0.025668028216485148 0.11419177346528546 0.1239470303869444 0.1714262951948997 0.03685313119505194 0.027341146859165825 0.02396602236061176 0.09874757435589447 0.015120035077680175 0.1277049784347562 0.20232577027072055 0.08709906729781158 0.012739481336180322 0.12342589853869937 0.028037436396829436 0.056819994616253644 0.1716397378993763 0.09599977790643288 0.02659953246018816 0.02553010883413391 0.09785164280582523 0.17000036926119286 0.08930833209032008 0.008733382946038006 0.020786316076904246 0.16891971645420567 0.33193048290886784 0.1498972842323019 0.21815705695926105 0.08470425445566329 0.018317886968958356 0.074151322293947 0.0029369821677601173 0.028708842694443612 0.14421437407429127 0.17442876430142498 0.0627850951917124 0.03555499804589201 0.0012436421988154603 0.04895372585387633 0.03355527241091165 0.04825226463704792 0.039145032334770194 0.05706540063087941 0.006040072473510456 0.2059420103704499 0.04892976268795582 0.2097707935356429 0.031835327876996666 0.030617127266232374 0.028631265092647067 0.18357401628344316 0.1927385428449268 0.07804745765958686 0.13733473493111467 0.026593604367734856 0.11691200746210573 0.20706761476168484 0.18337292762049998 0.14981146088562944 0.011699584464325924 0.10717752711212725 0.10727740576660713 0.08910207575531957 0.01517699359199329 0.05104537125948493 0.03987849894870634 0.05284345396913392 0.13321357437215167 0.02615799483725076 0.17502542080155084 0.0251860226469846 0.07120956213243025 0.17000678016293508 0.01472815312571138 0.11383117634460214 0.1555949427954065 0.02137163026195085 0.08442813209205674 0.07473349049378232 0.10006781717897895 0.05670535430770806 0.21374011933745807 0.04153384547425832 0.17343463695885608 0.05914683258494337 0.24073433953075923 0.04247529754215397 0.11945371604633902 0.0071738942388833975 0.0033673876423372835 0.07373107731855316 0.13575282167877073 0.11040959271508459 0.042414111468784745 0.08453338087485361 0.16742862187282573 0.021832216318540838 0.10439426326738434 0.13925221281113037 0.06865506527785571 0.09696943530067464 0.037279336065582626 0.0795884730867814 0.011708319728158575 0.17251692640025976 0.01976125425481134 0.1214028013856945 0.04786438197193419 0.06955586657014777 0.027085084473299936 0.005804903642206114 0.13285084833326455 0.010301479685711665 0.02938949409964841 0.030710949757129975 0.014530482697979926 0.12051289821424253 0.12280803936259918 0.06673252564020447 0.022089341129679172 0.1986742087911977 0.009204136720780739 0.0027439624665666603 0.005873775398840723 0.15424997875329657 0.1542941712976506 0.018905677156607188 0.04898824419602416 0.16820688817768767 0.18578177322044157 0.08790712362272142 0.04232364450861625 0.16457663496077554 0.11285945796480966 0.1186367504028301 0.11005188578079222 0.024568614781735637 0.002906175394912581 0.041895512150374514 0.02851962700191062 0.006205204497167356 0.1866268094659649 0.11970130350211083 0.05646270186924075 0.12069300732945314 0.009437474547956255 0.01207127116756409 0.0003814938066607106 0.04769509569021119 0.1109853557771796 0.021998967312891107 0.012127122178815522 0.028974630911539654 0.00845522208994877 0.01634691380902066 0.15833881787164675 0.19885064320189186 0.07080445545666647 0.042985709256713425 0.10468914862747192 0.16128840516785067 0.1387608436752658 0.23720245855672709 0.18411491289791657 0.13622670816794588 0.08859323700057897 0.1492620038760856 0.10444167303274328 0.12823430628663549 0.023441493007126755 0.10494192882985143 0.12875906052683259 0.022582230082367653 0.12757834772487803 0.07030841605105852 0.06264993013314195 0.09529529725323832 0.09143633415035833 0.0449905323625407 0.03005580907038681 0.08356919526823929 0.19502750766695653 0.10723506196951259 0.06288627301249447 0.020697970463696185 0.11006354931643483 0.12682431467230418 0.07034461939458489 0.020477071209443108 0.10714487198854715 0.0979872927775483 0.057267671697082065 0.042841193751941016 0.07270260154434298 0.11070379090660787 0.14082311508191084 0.08421113721186885 0.05298823008099816 0.04407505148947413 0.05411270542349852 0.17253191290323042 0.09474576091619731 0.03943649468013136 0.04748858075024453 0.23496379956044935 0.2135274339485904 0.08672978860779323 0.21640583904684094 0.1839751190958882 0.05047124149949756 0.017446273653833028 0.04605217804986359 0.011428038698771353 0.0249233576795624 0.10106798318497277 0.014969478007641448 0.028907186479637796 0.04311686146311299 0.11565831005999033 0.10664263155577693 0.056517806090091445 0.0058961398419844985 0.028196918193564992 0.008597180104658264 NaN 0.09065418362198129 0.11098541481910686 0.044975753213385976 0.013393939580289053 0.06312451635447602 0.09659422850140711 0.1877989599165625 0.04367806904566757 0.07574219341908821 0.08595256542581602 0.14184704475540852 0.10752489893038182 0.22735038492369314 0.05026501272310719 0.05351610344541362 0.029186542782087994 0.05356425796352169 0.056568847425325905 0.07799293483989413 0.13734753468580577 0.09043499949837538 0.026047755966797235 0.055026275288151696 0.10356024356906575 0.05587485465089515 0.027441720229349133 0.055568584254901916 0.06129705885802972 0.12679591115859293 0.059353880855586384 0.0064086780665241795 0.08678969669009551
0.07014542716288147 0.11550617312231322 0.08128756181828192 0.07281018356340531 0.06786656922139127 0.10862442515420684 0.1410292588133123 0.12148322308367765 0.1796385663298108 0.026830009193662917 0.010575929293664237 0.013860156656046868 0.04210413901728738 0.018353869704872197 0.027670182559410932 0.05879355454199769 0.06963882797169348 0.12376720107980618 0.06693819216364374 0.07835145722415103 0.10421109428528823 0.09622595733608116 0.13186130907835206 0.029441702964227132 0.05866814612424895 0.030681041973093598 0.08608279611416869 0.09183046425837364 0.03021898645402345 0.0701801724734929 0.07716235695381254 0.08179253119381738 0.03592647919742659 0.02659663460384064 0.015324062990568581 0.10258862376288913 0.13943770611226272 0.022591700563851253 0.09474845553632649 0.07246691470850633 0.15046650804465944 0.07174986501182826 0.049462374520980526 0.04537861108241116 0.054300586220484275 0.033920388597871026 0.061305054551842306 0.06908047570267042 0.02833863983283783 0.04108513654878826 0.1154392014565972 0.14211251480974116 0.16644294357749922 0.010470516324697756 0.09722149947807793 0.0005600187705764827 0.07137612640147635 0.01621605055591221 0.07454968239300176 0.08818715095102747 0.015250636837000196 0.024649764014845792 0.02146374722942418 0.08063526393254346 0.0014120026164614397 0.02765624287542454 0.07838876713314817 0.05918353636924049 0.02137498826679663 0.039304835378241004 0.010174773900404239 0.030953315046377897 0.03120306255879317 0.03915435374346218 0.03718768800436829 0.030881486704185217 0.03570368107121162 0.02110469946218331 0.028436814283177524 0.016790395673107122 0.09743918981437857 0.005351013475702044 0.06049419864460565 0.03652112501877371 0.056458370138499234 0.05103188313430067 0.017692525560251558 0.08404222711156992 0.06008607963482583 0.03731129509638857 0.03811961457155088 0.023022902221339236 0.014857335865752478 0.00983253219093676 0.0001149634899860436 0.038109468433788804 0.03630419240659604 0.033259768067408824 0.17854617194830993 0.10911245787249237 0.0688151762609526 0.13221161808298001 0.01833827132474731 0.1255919423752955 0.06184235976669019 0.08451484150876688 0.09311743163432304 0.07607932343213553 0.046668688569284106 0.11861892697390951 0.013223650196689255 0.017262757868376735 0.0459162360232406 0.07820111617391004 0.02312791776016239 0.010304869873235126 0.0013537699129733826 0.06284802988253749 0.009486095845364658 0.022751346442340323 0.054958433883834486 0.01721814502540508 0.01998666123526669 0.0386460883248152 0.05200343529362006 0.03953236809548317 0.04790676334606187 0.006728941765939308 0.03224198992103362 0.007929806343313075 0.017822611477560278 0.0778959246308175 0.028226433442263124 0.04261671210477085 0.012097179117827211 0.021918282065366074 0.007577058595922535 0.07320560458445415 0.08178476001602047 0.043367410828251164 0.076448319484736 0.03190770258688419 0.005998103321759791 0.07257661597766514 0.030639850106446757 0.00980628553825854 0.09866877065687481 0.007799121665833633 0.03611049087746123 0.06116793569096192 0.07009660865329548 0.010112630062731921 0.0972601747661785 0.08979443767003929 0.027792825500658452 0.12043721162560485 0.11135183624104009 0.030185390426896597 0.1288542089752503 0.08839444684739294 0.0755475237048415 0.04724500550517772 0.050265672150053314 0.056493529281644736 0.05592920251072971 0.038170964502938026 0.026286002697086704 0.041642839934451906 0.0021135373981075595 0.06462296554418538 0.015675997090055762 0.04951497621800762 0.08001707714482112 0.10228111382554071 0.09480137461312782 0.011041619021194328 0.03204551757651428 0.027842751749124064 0.028528668858389374 0.009316265143985633 0.06394919582897078 0.12794285387295531 0.09617053585747867 0.02637250898404045 0.045052613317210936 0.10027437584401386 0.1540438828474698 0.16051286946814208 0.20231694249849894 0.09300904717452038 0.023413738570048886 0.011775910924955259 0.005204050388437625 0.02296368794770915 0.009512130982089478 0.0422608434791061 0.009460539311180047 0.10895346054512654 0.01706590281558109 0.08701747266888245 0.05212489945515001 0.05817400692877529 0.14953496740590688 0.029689682876287985 0.06958548234899424 0.001531947089779952 0.0251281372632484 0.0706870322888266 0.034783484416912695 0.07087671420270562 0.04625204570187155 0.04083347632570652 0.018866212495171814 0.017023432598995216 0.05434131013682738 0.1037520994781666 0.11426026140298141 0.006743412997804083 0.08382455089404779 0.11420632898916205 0.05770115726123387 0.08405882086687803 0.003289635254358781 0.035888692373603044 0.026183131376186348 0.039210642135895354 0.0011047468775409255 0.05889583141717816 0.0007665765453238393 0.0012210272009254052 0.09505156162365146 0.10635158472573314 0.1852972660015659 0.02247042128609326 0.026491685721027582 0.06152000920622017 0.029998149978001484 0.04768254802980457 0.014914683229433212 0.05991422630860707 0.09230230439912526 0.05261522396929079 0.0056434062800403695 0.026752960427960236 0.015182179099657207 0.052883766391919475 0.08254499750617603 0.024271647032092985 0.005319911453264216 0.01599555534700828 0.03811060668296795 0.045601582450292104 0.08744031148193511 0.0005101820375373812 0.017280272148928546 0.006284144792549001 0.03014647939625019 0.05596275384430043 0.06843055168776124 0.01752767144646664 0.03957387470524481 0.0005139870918313383 0.08238487465355239 0.06551809159188834 0.034395846685851945 0.044236444324503625 0.036983661410037186 0.01007431672915013 0.0006786899955879757 0.07141581056790289 0.03399670465348597 0.03437060334396892 0.010305680733820492 0.005372391003403322 0.002626387123516151 0.04687292427661585 0.012146367299569633 0.045074105297786535 0.1404192949161981 0.09996518368219573 0.04737225926162134 0.20204591155603696 0.003198226426276745 0.0959678940552532 0.13678002453990562 0.09574665393248138 0.09384942561826133 0.1024697284007129 0.008044765557277086 0.07643283064938078 0.03565321034241887 0.028879397969323175 0.031220085132783425 0.04474218928179173 0.19562973573362663 0.0035240873430083305 0.015186496631097085 0.02028741102787965 0.04779270065234201 0.0037296202452177228 0.05659435355322698 0.012738366525211046 0.05683650311024176 0.11315831005589896 0.05596487858257436 0.07307515248029582 0.007371830634790624 0.00439127660544496 0.026330582584382475 0.07586522341686229 0.00025861645171051424 0.040082792842557884 0.0008945424125176124 0.05458438757887444 0.014402977890926948 0.0043613450894587945 0.032820043475750064 0.034906549526752706 0.05303397191110484 0.03558955642187231 0.02715130717634464 0.10213389255797595 0.0289018882009999 0.02658665198260609 0.03516147212819317 0.04170661623908209 0.08314526286216825 0.05924751224103748 0.008625300901965036 0.0681961371860457 0.060150752818498125 0.02492202062124506 0.10338558859019177 0.11336699286932178 0.062182711728480826 0.09720151557771287 0.054451206387752936 0.03760092028922049 0.021620706110334204 0.0637012632225353 0.032991134995003515 0.05025756384037112 0.06485817467305414 0.06835397931317684 0.002351176114626696 0.019650358642679115 0.09065418362198129 NaN 0.0067722368662736995 0.04814472261538613 0.06915085604541307 0.030044433043301764 0.03534050215838886 0.0954471145256226 0.1286467578074689 0.008937389611827468 0.07512552930692448 0.05617803794161171 0.040834774725733346 0.01246877455128701 0.029121428931793956 0.02143386416966031 0.04912750060333995 0.03965378027191583 0.037030076139700406 0.05973054675793272 0.03754429821151086 0.030509350272121736 0.058164018628499355 0.022188046726797236 0.011927395540908171 0.048844432286581994 0.021550775650583227 0.025679672532894708 0.013722193353151566 0.07676295220593957 0.023049408908963637 0.09528795252399573 0.0035693379817569432
0.2229196557340763 0.009437587609451847 0.050081423953965865 0.1819808822754324 0.14154824115168665 0.1177413905315793 0.07716623986443688 0.01731728927460916 0.05251430963220787 0.1834966636516541 0.015343980266862758 0.04739723590828078 0.1066959998152926 0.06086543230208248 0.14788775487601852 0.0184887698235815 0.025331246770447576 0.04619641567596936 0.0831636217713358 0.004915293119062195 0.033541111391959796 0.021491830166688288 0.02506004418241816 0.14830904920228238 0.09925664862604829 0.020907058835728257 0.1146197605465994 0.06756934048919032 0.1339682838195646 0.04185966406205016 0.06445921807840152 0.015277035836049795 0.049934816152878904 0.049852807639260664 0.04627587514491144 0.01726158915761749 0.13886638125533232 0.11563752652704894 0.0498619638172611 0.029746678256301735 0.07251478095797811 0.0835880115991932 0.07794937184045002 0.10793623181414552 0.04513339996715587 0.08805708326206904 0.015378224133729626 0.07643009607919503 0.02076178792625507 0.029338753340701608 0.003949933687240168 0.01168095417949612 0.0832123470783479 0.019880339188497978 0.019881984909864224 0.021010259336415885 0.042650098786947026 0.05144586928940639 0.09087554238817405 0.18715707271971235 0.03648932978183602 0.1688466176422282 0.1562349992031661 0.025133920662075468 0.034194261734205963 0.050093066648483814 0.05892810623044468 0.07322634120096864 0.002975887140793435 0.03640360263141611 0.0387029718553293 0.11464883383268594 0.06581882194757337 0.15507810302336544 0.002091271560868356 0.019224026702316693 0.030295141228404314 0.10220029927413497 0.0840005452757533 0.013623870820083733 0.032584325888211446 0.025427910808860105 0.06121114481523597 0.07020366284979333 0.06939538217608052 0.15912995209899705 0.022192467179219397 0.04605380374359133 0.042718611946900104 0.01367317571681174 0.04078097013317322 0.022496599149880895 0.0920782817103654 0.06483827603492254 0.06172956608461858 0.015449660642949482 0.10026850267127263 0.04094868117491557 0.12790764198649665 0.05163450691935939 0.06306911756552644 0.03880976658623166 0.11384857280885766 0.16881066992425825 0.08759688242180533 0.03488061545049041 0.03599369445984573 0.12426415035928798 0.06535306020477756 0.017863304271307476 0.156044188422891 0.051003310300647454 0.039319759959808256 0.05205944860377224 0.018717097392224387 0.046817375138047096 0.07138403923193411 0.057727308773104925 0.017214948782454935 0.025544211214587848 0.09233316587449375 0.02128923244719751 0.05727331531092925 0.0702555197546287 0.08827092333821923 0.03450416017865488 0.05038070788283897 0.04487013691020902 0.02113903129339409 0.021958962305230357 0.07227867150870215 0.12500298416785585 0.005047721850826254 0.024124856724740695 0.058625840460938605 0.0027249383375409814 0.026495265912341335 0.056349341926369166 0.018810640909928778 0.06410842974387716 0.04392855781411342 0.10562401409666629 0.10666386046033455 0.11794116985172891 0.09267787643076578 0.03306749716878092 0.11143076949501318 0.1664724347603394 0.11631908534762445 0.014542326521863613 0.045084807619483636 0.04013125169857239 0.08064476229407805 0.11382161151870943 0.02221040246772505 0.03821029084852048 0.0297598294248783 0.006611389498208263 0.026991981071635328 0.027570426426776786 0.03050781078798904 0.009899090633798747 0.0316072576013934 0.03607062804529724 0.013370018057715588 0.0694905615257377 0.09798857908258908 0.03444869835638932 0.1912872300546463 0.15860721447257445 0.06844194105744797 0.03341975176500462 0.1526997929713874 0.11581611876810309 0.029848571496229166 0.012369650692355108 0.03503026375841436 0.0060657344760399615 0.1890419283954409 0.15212434484077642 0.21229573903545054 0.05609281337912401 0.1065465585350964 0.16285799863335815 0.15083735017320452 0.13189311204335066 0.06631849527339975 0.03487021988568154 0.010340893255873305 0.12353278282277522 0.06800585296823894 0.005437460322387403 0.11776500878273219 0.08903095252458824 0.15394698842069568 0.03355398434781269 0.05845304373487808 0.04120121716045051 0.09830038467843884 0.027969856142309405 0.04232986977356426 0.04420575612028004 0.0102741860936584 0.17752997166153864 0.017383875330592352 0.06606818766400356 0.08379527372603837 0.14510560207088719 0.06679502555840865 0.06169796026799008 0.03656516611394871 0.019537804446247264 0.029638264197478933 0.02012170548248075 0.025908676876367824 0.05827948811682788 0.09850225033658816 0.10937736341239225 0.0007215160333225827 0.005429192874023348 0.11393736642416848 0.052802896515142965 0.15057592091530048 0.11283242136326777 0.053543581856155174 0.04856558466244913 0.03317238485056607 0.08164738966561293 0.003976051982557261 0.01544523791600275 0.009914238762544695 0.026141833685330976 0.07726724766250964 0.0008356962548617342 0.01974688440176875 0.02853936195443542 0.007940092568603981 0.04120890594447806 0.1231843895701773 0.12469838367691553 0.08385659450394721 0.06163579357805182 0.16240351399108655 0.014593915660812268 0.07034322320793997 0.0321441721975812 0.05308806005031902 0.08237348911980778 0.018012911631949312 0.04772670863101666 0.10894832853305626 0.0964135164026768 0.03471037470541927 0.0388195487809988 0.009215286274041353 0.028729490062621717 0.03703137873462469 0.08042320317485174 0.10815502412488244 0.06290232564833774 0.058275962491403696 0.06698179813960786 0.04678227480124241 0.14901062453510885 0.07472369672637365 0.10918912429808027 0.011977873993747013 0.05810310374850238 0.07968283325084659 0.018865979370598085 0.04073943225495487 0.15242205926337898 0.01361189951699352 0.05303833653466043 0.017901228314855265 0.04990925004264471 0.07559633909626136 0.11747152606022768 0.07395642641703451 0.06037042518192969 0.00034137281641422187 0.11489296832357467 0.07337541082163089 0.12681616031494558 0.12701692259188643 0.018143167188706007 0.06282947375306121 0.2019620783711229 0.10765365687652195 0.0808689441766652 0.2489073085721637 0.043804715090842834 0.09263031838093591 0.08721046290114284 0.05544332727135515 0.01271933543595188 0.05050991867473226 0.0058328327896211354 0.044692918963435094 0.007373706427333393 0.09324435943841325 0.05405407585204196 0.0008983035493941998 0.12048402456216224 0.058162997920553225 0.057114706074981335 0.029065029216524884 0.040077784238294216 0.007487567424134537 0.046370221103874704 0.03613692973161178 0.048084310582278286 0.018671609174840578 0.05048203174054058 0.003997791693492979 0.004845509480790866 0.07126500344721955 0.06071426546466232 0.015313389588689594 0.03502442169374205 0.055075352200988706 0.10037405081420957 0.09129158778861451 0.06403082660593445 0.08242129432229336 0.11042370557702368 0.15102220737750688 0.13703136763187587 0.1172702532006174 0.047171265074517583 0.035651699419082215 0.0574032043965043 0.0012671882469033123 0.026009780139331414 0.031184762006951125 0.008042906695456297 0.00661629864857232 0.00043648815441831105 0.07047359095665355 0.04262782783021402 0.015469684032437113 0.03676622244615241 0.03344969431605018 0.04284990666593473 0.04560320379959557 0.11273231370870096 0.11098541481910686 0.0067722368662736995 NaN 0.015212985149808633 0.07648998173353518 0.01143009739412707 0.07466050571322466 0.1232300695145364 0.012286100188599639 0.07560136306564398 0.03168036070591354 0.07495299840378737 0.11512651141059842 0.1279148322342419 0.022995824444544604 0.12899463926733798 0.0201074700087478 0.03426618463295134 0.009932857927286412 0.09965407100200933 0.026454218886101992 0.019773144951776452 0.12765694126143726 0.0009930128510779017 0.06677445961008767 0.12367256110672092 0.028837575406264665 0.03215795099292658 0.009126804379051603 0.07620856095051456 0.007701302435919281 0.05336193459166053 0.054917777693344105
0.05598358319731296 0.18468795241962785 0.13526202162151732 0.14141652828410314 0.13445501070213553 0.23086241851826014 0.21614674520851423 0.2210012133536823 0.20554477723980935 0.13805551841282448 0.15854948734768104 0.10990879006318867 0.09019174391363342 0.14903174900431343 0.0789869938389561 0.11323505373037548 0.11686241174525895 0.1392315220211425 0.1349079007803346 0.21177617854762795 0.20882026516425278 0.14467313495576353 0.2198686997789949 0.024700320943339873 0.0787605392826728 0.030012842950326843 0.15140420124118606 0.20004781739356498 0.1896054759739044 0.3185669209005291 0.24794718367509277 0.10565508518800155 0.24090391355700003 0.229214757525559 0.16886864796032178 0.16441329309623934 0.10256787423899984 0.0026653230655544974 0.1572314839199866 0.1206486440210614 0.036866239034774255 0.11726778522440841 0.017202395369265964 0.014477038584153192 0.06086329264466511 0.06456690585511743 0.2348602318695028 0.21253558176533638 0.18928351900217633 0.09132980662406523 0.21462159290369195 0.19896317192179425 0.18981222810471052 0.13479189501908845 0.01924275680783674 0.09014712756666167 0.03452778774671796 0.00098942368658219 0.0066565359871965215 0.08288367676430204 0.10514295484857643 0.055823417874773996 0.045849352342307026 0.07512974692287325 0.14800140818226093 0.2799095835848078 0.20460567197986504 0.369740781058553 0.1400117858844882 0.04620260624737503 0.14404014120706118 0.045691790125826026 0.26850580020176984 0.037767722267821296 0.00036882079532998705 0.15770908787591817 0.14089197181085855 0.13778918676932084 0.15447490944557396 0.08931525336213995 0.18756742433427534 0.054691859689578785 0.0386598053043568 0.0061371554128516375 0.037147696115954844 0.04061704206239741 0.14365785166528774 0.06202000918972858 0.15527437666419316 0.017730379825745633 0.08046797979144954 0.06997270828736371 0.05605798587710123 0.055063843614963894 0.12921596451031878 0.2036370624481881 0.09788711628930216 0.1465811928383005 0.021815522808768337 0.11641554861072526 0.09323114287766454 0.16344053549495585 0.0670243436869821 0.10435367105454153 0.026200829147911733 0.01603193905782446 0.021281884792643004 0.03509690998332739 0.05596953633287764 0.09247467063837479 0.05236241892870208 0.0334036342475265 0.0662229597128894 0.030670035021472804 0.11134056773716541 0.14750356743960022 0.12750492043107733 0.010263693292324478 0.030857380087281536 0.05236633791772686 0.1010605454815451 0.010834481139574106 0.06538611220459467 0.012064176774994176 0.015164646948312635 0.08764794084731924 0.03611876369394458 0.015791205308932993 0.02879646235477255 0.0612897588086877 0.05256889262232839 0.1697067412804663 0.08290734150090723 0.026593668960776758 0.01202140686668736 0.033038123452958444 0.1251831490873967 0.14016401636090142 0.07532338509766195 0.19432959315976614 0.22531633065671874 0.05152622911340881 0.07525568624321159 0.010508550392716887 0.20402867033793842 0.06978555939904035 0.06493024616945016 0.12140171755281956 0.015136300985194478 0.3572918044849966 0.35922803544280535 0.029090532430876583 0.09114947693059475 0.10902657044372192 0.00578037314510656 0.2048564642777959 0.19413535297712697 0.19968861587577985 0.18568217448577604 0.15816368930316863 0.11602165815024891 0.15653719341006128 0.07700431251932294 0.09959679994959587 0.1502156181930832 0.017145268604749003 0.04976456934005283 0.10249269470171539 0.04206103199733434 0.24263745542921114 0.06532094260751743 0.031885456861043375 0.05459575624407646 0.05852916824780853 0.1102135246272242 0.11771766553128893 0.012554559186726844 0.041560414619896346 0.039782504084296524 0.014977590675101038 0.07861863470119139 0.22789599659738585 0.14572971713350022 0.09980609627834942 0.09195113772352036 0.15889815157159706 0.18153481550229664 0.19480860581203302 0.20288600395484307 0.17925645084515343 0.12487831871193719 0.13495370390154784 0.1656845208509154 0.08047292296402002 0.03918237363196305 0.131654628190102 0.12132431497994894 0.18161231232272718 0.17095593562999165 0.14880532932129778 0.19681381950751564 0.13720191886186045 0.22917424130350816 0.06940383040724556 0.1054073530814068 0.07632100884541819 0.16337771006815013 0.007384761627315618 0.24445449786157838 0.2841693772254179 0.2805720999531388 0.015842386059136526 0.23375444617677624 0.18210181662302186 0.19866413405634817 0.17510143804846884 0.051208813632165257 0.03363154639887275 0.063729621668591 0.09114747504315306 0.02998023082486147 0.15134031630460326 0.03429521773804047 0.09586346563944621 0.07779251518409691 0.15250378242842333 0.21614077936679643 0.1595112208531413 0.11625785515927615 0.08319497974483722 0.20385942444811114 0.20955999894620164 0.18204732342714422 0.15374105595475399 0.008606732040780206 0.13571862592567796 0.04625301777478122 0.06865108830542853 0.08153852437138669 0.027482329639353955 0.06112487052694247 0.04637621226968825 0.06599360627117823 0.0036510602037737555 0.0039008488900804964 0.1733964952566286 0.15664905881708607 0.32960584095030165 0.08044985599698133 0.09281658720217262 0.1523909419169528 0.31831305830201856 0.21059627573792133 0.11467360088910135 0.03262261121798603 0.08569913866153409 0.17255385357216385 0.017148690477829256 0.016871878625865668 0.004851462219160019 0.1932044727273619 0.06694232232599485 0.1446457517313106 0.10911559779937545 0.054892228053649295 0.02631811574253007 0.25186121990102783 0.020071357526323077 0.15334710919692054 0.1291327622715089 0.03245602440699724 0.11890423711973638 0.010346322659522903 0.004209765381346882 0.10431525423303084 0.12765877956415905 0.20269114433826257 0.06430522062076474 0.05653997896618163 0.13935439468121105 0.06825391364024372 0.1163277736308451 0.014490618461943907 0.07694006111356377 0.17065876145367512 0.08955894070634424 0.14454986339288972 0.05492420027138921 0.04129001232370841 0.006455454809119228 0.01618045255198203 0.03349300875048148 0.08371166521046763 0.10431849123481002 0.03259716939939766 0.17476202161348442 0.13931860573143284 0.08508276076260234 0.05257348582636585 0.08216105781872331 0.14163811096004025 0.07235620532515245 0.020295908109406083 0.09347682442204196 0.12417287368495963 0.001748758066740067 0.05074265684774175 0.05500037596416602 0.08267079298869211 0.010951516260126665 0.04775642389964338 0.07716653700100104 0.193989827960414 0.01169105495326549 0.08264471536237168 0.11580696432249152 0.10633536066930944 0.23911818252873762 0.1831245325612665 0.1138407219128842 0.12339384494806495 0.08527284732276065 0.07265978416436307 0.013986701327804642 0.2212372562562754 0.17039568433608968 0.060384393729088784 0.08384172467382968 0.056333981948855104 0.15866942250696717 0.3540503649118178 0.011427563899247992 0.1609960317314179 0.1314865360232596 0.017018288149358362 0.0846724731179949 0.1973124835260132 0.15116907401133559 0.15771773190259306 0.09826755183793835 0.09151383886521006 0.10470142502023815 0.10466555536401063 0.0927066345613164 0.05712005394644429 0.03964032049312063 0.044975753213385976 0.04814472261538613 0.015212985149808633 NaN 0.06797434167725042 0.03805649114276439 0.08776505191308905 0.07955615922377705 0.07890202573670078 0.005763731337181368 0.007286221827877422 0.052785766391811186 0.060367331708220846 0.030209367009487426 0.1022577286671921 0.11734175799803968 0.13244353472154274 0.09330548193140058 0.008798553138657395 0.03848492721470772 0.09531271881575323 0.07564843930879718 0.084745663753787 0.015512574983577394 0.10096992941272838 0.13297644242502446 0.08835939679036826 0.06441349889601793 0.008783195207106104 0.10486866293564136 0.030170585473430923 0.0027435453882198495 0.09276619594616686
0.15326461977451825 0.01195363824344971 0.09745733390731832 0.20937146170543738 0.18464858994417507 0.07681846737816035 0.002998774859328898 0.05116985508034383 0.030800267308205825 0.07014449704536217 0.09065459527060253 0.0714640327266433 0.17641264923971614 0.03723054607837916 0.004486789875632087 0.048538953288468585 0.06861307252820446 9.288384691191993e-05 0.08382583158408706 0.16348164253055678 0.009175803789603433 0.013250641604166032 0.008040313447278957 0.03641074541587398 0.21112175545628326 0.15384037531546663 0.020884849999182397 0.07047847787730935 0.050547406458470515 0.13796678107007598 0.20979292691188506 0.10398926373904312 0.11496908749997796 0.0883801115623118 0.03332711537112153 0.09772664221378095 0.03923005429349066 0.10561511563541266 0.003571342982778673 0.03989062691274547 0.09796669747564886 0.0655715619792483 0.001964540877153773 0.11528139566759507 0.0513237766173504 0.04957257918999777 0.0005632953804549299 0.011677123033723619 0.01359266888423623 0.013859517591500958 0.018490069676944925 0.011189206257880294 0.04899911491652142 0.002094548228569063 0.020960894598143792 0.04598449469969254 0.00906818391080416 0.04070107255419239 0.019482122655795145 0.04758109577837196 0.03770532484904022 0.06744876805031454 0.09774299274781159 0.01357542524212971 0.048966010736560144 0.06119772589722408 0.24209055916549785 0.22559406689376985 0.10675389250380096 0.038158477667705464 0.01480555450197966 0.025568194376112584 0.028856144967608483 0.1328240261517754 0.14499911137295013 0.14276822681175783 0.16544314314193806 0.12207070446741775 0.0424448298760011 0.033556639834413385 0.1250573815320799 0.07683127291282564 0.15714346237711177 0.19652742453021915 0.08710127960430414 0.20366285368274317 0.02945836992142848 0.055537775266900034 0.08500001918975096 0.07180794929832204 0.23161755088243832 0.03611288127223803 0.0277168307434881 0.003204964559274599 0.05791190472845359 0.08047973911530872 0.09671572905897088 0.004990119035922113 0.004659538940626566 0.029344755052480225 0.04230965802673786 0.04599760576379884 0.10658682808454795 0.01489232772367004 0.0029986135216107587 0.025941510466517423 0.01594431478775782 0.002715684165653508 0.05964127771486666 0.043385073784638385 0.009736884459167629 0.07012605334941958 0.022036004688378956 0.0222750774098995 0.09463854208819714 0.018916057755287125 0.05374594240855682 0.05816292496483773 0.0017895958548445289 0.10327855738271886 0.012711958556295094 0.10434888060598899 0.010036159016159984 0.021607330705992408 0.02009279019963231 0.07573507412783746 0.021265757740441253 0.0024195542744209764 0.07213872129136217 0.2487175461360253 0.03912038447007325 0.09071932756591201 0.12458951841295308 0.004965622184614721 0.10795479796914854 0.07405581836865764 0.16743138413509592 0.026829851400245717 0.07939587699950434 0.0106693956999111 0.062231736930470856 0.002982184376992484 0.027397812464397243 0.0892888669699537 0.05482477308116798 0.056379401803460405 0.025940963676697064 0.12470148335754658 0.3184993914077914 0.034029654972981126 0.07164636124513686 0.017702080708714 0.050827460848758325 0.00567315206241972 0.02901907544318499 0.0051874723534202655 0.038004544256206446 0.12652411217173498 0.09796071127346478 0.005999004983352861 0.025708419608495816 0.03843647776718523 0.007825889503381414 0.011056788502518629 0.045820465044216954 0.021190380671995957 0.047428391507597194 0.013387170513250559 0.10579054784091083 0.03131792793949447 0.3857312206591764 0.06566054931032336 0.08813156150316127 0.02745711940813751 0.0318670206715527 0.10142123164057747 0.10915312118248566 0.008957561273362733 0.058641420466214275 0.03431721526970981 0.20436238858535602 0.07275499137460235 0.05810072600963804 0.23486583262054644 0.27073857754381625 0.20195657820419918 0.13808806539199997 0.05033199947769545 0.08152443218941134 0.02964215967659591 0.045934694167574244 0.1327000366175856 0.23999574918096472 0.07511896955205954 0.061193429868818885 0.09060579193248007 0.15630449453502626 0.060930709541699116 0.11507854145583495 0.22136081655170683 0.06515126658227727 0.04640242102368627 0.06725166446206256 0.12336918247216626 0.1737417799283468 0.1874108131541443 0.04402250037743964 0.07947846494320558 0.010559702644888595 0.019408396124145327 0.14354481563190957 0.19152065045743366 0.0691553670210742 0.012047287575613142 0.10678488129104056 0.0867622213767667 0.053553664382940444 0.13127193389433847 0.032574793725876794 0.006158844095540749 0.018192090596676286 0.0017529512422394236 0.04839627005529021 0.050901490106696805 0.05867317515950436 0.032588525660193796 0.010710689098191013 0.05136710176796432 0.05949016065610608 0.09503794775531677 0.05291500959850915 0.0024708345906779066 0.10180938991416158 0.019938190442271075 0.0370680450335326 0.020201756607040856 0.03845222599375633 0.06491763911099518 0.015182233870938349 0.007661128991882267 0.02656963372997275 0.11471136557564682 0.08201624834846136 0.007394708581207758 0.09480475183697638 0.05695528242257401 0.3625598545371312 0.07726408962977574 0.057640640732456186 0.049264337682204416 0.004537351758488978 0.05720541224776639 0.04531738399931512 0.25094107423979534 0.2045065901691619 0.2488077478845222 0.19973855568886276 0.11541136306321387 0.06753009378020176 0.015945532009738715 0.09803468687306606 0.20359600148338383 0.13751828142392733 0.14328619299591686 0.2647559093960192 0.17760853597247525 0.04145907115187824 0.0009381019381965944 0.2134644047626528 0.024260473223777963 0.20579684610611382 0.046052883358846206 0.05093682162192998 0.09245637967304621 0.1710790546548146 0.05318626152203322 0.20137843771480007 0.01061109101204435 0.029066557522816613 0.013120728753626871 0.02024339000516417 0.07306907139777674 0.04087545276455305 0.010693336885195593 0.023042237540585306 0.0027537784140835853 0.04319683254026355 0.051871478203103755 0.059560487836286286 0.0007563049201264354 0.11450321427840492 0.023179395060599496 0.006908868094200411 0.02213278403095418 0.02238948090463794 0.07130082902236086 0.14221163583710433 0.04812120370323393 0.03931250601439656 0.03106906843678163 0.10464156280549074 0.02113869159467723 0.026822964155308063 0.07575886636630619 0.0414278763633071 0.04987518933028835 0.05138118981077029 0.0619790005935425 0.058419757897397 0.2937566775944671 0.025848085694874106 0.010268307862302616 0.3166266414928964 0.07683566328441928 0.03559372305063507 0.017117702678528586 0.13562532671208638 0.06679932380378602 0.0031227780724931023 0.09599067154126917 0.031177175761768903 0.024410998547417725 0.04184722909176809 0.146052125620024 0.005894958191494367 0.055817622940298434 0.09183616073570108 0.3096630129115031 0.4470086762236763 0.12823077058551893 0.004554299123615705 0.01816954854354367 0.04837707295425132 0.04435763379517089 0.08409689608330213 0.07454696736712686 0.07915579521935098 0.1634482635547711 0.1585639571860708 0.033074975533892374 0.08326924261076349 0.05400335874036599 0.08124067399595758 0.00991810717564649 0.05107828840886824 0.04632118322205258 0.013393939580289053 0.06915085604541307 0.07648998173353518 0.06797434167725042 NaN 0.015156600749149849 0.0026197940279322767 0.07293048631406181 0.01839139035173757 0.015838692518408207 0.1746989151347814 0.00574632320039837 0.04528532669566468 0.0048972807550844814 0.2519297287969237 0.14498578402361983 0.049231592264721416 0.09563724233372096 0.006839289081764425 0.13642331432297003 0.03662840879229546 0.007671998844322456 0.06137189832074126 0.11228761992429277 0.2946878450333842 0.19910943356137678 0.06383790293323056 0.12268798280435717 0.05837262239001527 0.036764321507378184 0.06868663897083675 0.021704871403479355 0.13472218449005352
0.04390370812028308 0.09940485962474474 0.029011748327905748 0.0499312108290853 0.06414855544811175 0.11414125977742313 0.038891076817236615 0.07226295445951336 0.19622481924024046 0.07874893305833863 0.01722155955542249 0.11812918621940913 0.06981603587735105 0.06465858978222745 0.037913562565326325 0.021975826359774565 0.00268057687840739 0.01260194894572258 0.09247089220849636 0.04690129678726272 0.06435013555644119 0.03924042222738558 0.0372915721146868 0.05601432900989087 0.027356275128302965 0.18665434596526959 0.06693457424497128 0.023314223270632182 0.11440053046038626 0.06597179517528831 0.05971601667064161 0.013641488782143144 0.05430599428061844 0.016825851490418646 0.064465684435287 0.08781196960692313 0.15586095498210173 0.115686293109136 0.05537650953873319 0.09396752266682114 0.04593845045380039 0.08395212820884691 0.0787479280118924 0.04626610886915965 0.01859162276213022 0.01828581348444439 0.0578021094137882 0.1330418811637255 0.0009136131533653118 0.04049004676323163 0.10379081498200554 0.06761103845185173 0.16005521584155394 0.025984825196953252 0.040398254822444565 0.021026117813093752 0.014800472315214815 0.033753741417613885 0.06251010744967753 0.02094740811337258 0.008661043138274094 0.0729167006004724 0.12116455005033619 0.0362506982478037 0.12166618564709278 0.06437487036577771 0.014560125668366918 0.04758015998764194 0.19394373884502478 0.10276476914984738 0.12184678547581444 0.1700394408922144 0.10550417244100754 0.08129700574402465 0.15348475513773582 0.05697103276159775 0.0834712847849291 0.05912518275268496 0.09716573102943765 0.007779382349271281 0.01217858740851363 0.006224283490327646 0.17748440865729934 0.031151949798829175 0.0587548549045898 0.07117693825970686 0.09433998871170943 0.054372500550172835 0.035791084238515715 0.027189853062629034 0.09003718309882602 0.008932278948143699 0.021561824944574474 0.14741617829033618 0.019839079237210573 0.07180901195833361 0.18920742333572557 0.07604574036003636 0.16731408492052727 0.15026002620841775 0.12058663176847775 0.13494219849385317 0.05873644005001478 0.12247583969355308 0.10149628783273577 0.09990014608062482 0.045120174883158955 0.038217928175320943 0.009198430511414134 0.012399451498650717 0.007627758914305534 0.11282200868181315 0.000201082327446345 0.10561940446876898 0.06098076435495568 0.060304113296102954 0.0062190861966063705 0.00817282242225688 0.010036943691419258 0.04192002637942318 0.021891860689590155 0.05356651149341286 0.05743248355710284 0.055330368868707125 0.0918052889457778 0.007093727846995873 0.02231646982796535 0.09321895240786272 0.10500110410861047 0.1161605333368913 0.16821963374157672 0.07796922237202439 0.15130342374418324 0.027068722071747337 0.0024275690316823435 0.06520532029727592 0.04478392857275384 0.04436258595588321 0.020248154927901687 0.11062972759526819 0.033125063748394724 0.044549521330373376 0.010711455289479943 0.14719010643786656 0.1363007611534469 0.03929192829530463 0.15549917931250815 0.016455419886411485 0.10497896458905878 0.048876590479582274 0.051964811761104714 0.026273014295826302 0.05031786056481939 0.016465089943863212 0.014817184537875608 0.07388244029186843 0.00239934921438903 0.042763017045011696 0.060166073405438496 0.0965814815292997 0.06181398778279082 0.10624411534592103 0.008198769257243894 0.045010093191271194 0.02668572195231757 0.02610724037562535 0.08724690256244823 0.09462867124810737 0.046246492906060345 0.10140820801951397 0.03899781655266095 0.16254261504611145 0.05515870437109359 0.147456736570461 0.10379000479568953 0.044053280092447425 0.028398120431687164 0.04127659471469937 0.03589532971779482 0.047333529808277215 0.0433239274459152 0.1604385352864449 0.05304516007324602 0.011482237317225433 0.026904354509131086 0.04326997085859967 0.0005218925656144667 0.16571488278481433 0.20639572080786256 0.0834398429131836 0.049081658277150685 0.1580022403671287 0.023491415152747278 0.12088924979601173 0.007645627127144613 0.059679089070404666 0.048059434053295436 0.048459921671280284 0.061162861137675155 0.027194278656197512 0.07763258272028062 0.022500504310340026 0.06932893913193879 0.06382781167669561 0.09646044579424529 0.19792258635915203 0.0314755147525463 0.13941232804022974 0.11743001926559575 0.03799957111441337 0.04257102651007011 0.016525976496432542 0.03495483520617653 0.03710003762208688 0.026605882614475697 0.1344429353075219 0.12730632639840012 0.0244684564640051 0.1329950455951628 0.09131747273862402 0.061682529143913645 0.08543276906842369 0.024257015637980845 0.0006213990244692661 0.07323905640062386 0.030972105134289156 0.03673781589833527 0.09223034691929216 0.0025727376989529015 0.042001646369018125 0.15218880980103164 0.1186442353536862 0.18565136277929764 0.0416153958171735 0.08368365090832615 0.039335535302480545 0.024698681229702847 0.045636461410158355 0.053778752888560453 0.05013110131341887 0.0545544621984141 0.08416663920533575 0.032803195034835565 0.0494855983455805 0.031813330873365686 0.0008224201613215622 0.03765564958354524 0.07049960894922236 0.21137102197722754 0.23547958216977813 0.040755470559419804 0.06842325152562903 0.05144688070349845 0.03729111493140926 0.15249750213970528 0.20188288281400352 0.056828132163110646 0.10089092794497871 0.02341870426503157 0.044540951808294565 0.04640296535405381 0.015165904399442683 0.14005069933251943 0.09884180244243229 0.05601926902616926 0.02431147759195938 0.026502999319873564 0.09173318390656882 0.033801554684073 0.1215569589609331 0.01628652351089749 0.03447359213867362 0.004233227647733053 0.06314657571105854 0.02484886080857001 0.03090319726157568 0.09197931176308326 0.022182496261737513 0.15812651484319126 0.07165891023274236 0.16201034280697285 0.09238761684990905 0.02005984312168022 0.1226584508308888 0.23510620593508114 0.05461884161675064 0.046041020446535276 0.07853769255787185 0.02665905202752427 0.008422090446392414 0.008493009834120093 0.027398856020005895 0.120035188674742 0.00997255159296087 0.003034930282916227 0.03749260343557452 0.03664662864843997 0.09551901815754633 0.010535732021881898 0.05626499706258532 0.04384173350171257 0.036657328452359625 0.028952461394653163 0.14923838011215204 0.06615684538371189 0.011620574513979109 0.010442988704239917 0.18572307647962805 0.14251401500310562 0.11402501845612807 0.1798635962997948 0.09964353970939324 0.10497427552078033 0.061875204115662594 0.09703530264974237 0.024048076007024206 0.06640877477453304 0.03620279937819191 0.06165725515564269 0.029345944943278326 0.03733146335009767 0.0029835112085555586 0.035862030285455884 0.14138074783049628 0.11499966269804365 0.07576130095533112 0.12209923643922667 0.028782171262594906 0.057300715902376134 0.18052180643665017 0.016874624796160167 0.10245605846420049 0.034899535391858263 0.07047855659726752 0.01818787386170428 0.036725794209891416 0.0395982789815652 0.028372653697542223 0.008363125084641224 0.0061344728618532044 0.028766655375434436 0.08514085491659859 0.04744397237143452 0.02965960904171114 0.05042018259873417 0.06487224875184373 0.06312451635447602 0.030044433043301764 0.01143009739412707 0.03805649114276439 0.015156600749149849 NaN 0.03965878921810018 0.1466022946484294 0.025380795768289107 0.14084699474451431 0.04402853373409214 0.053205452342061685 0.04092851278151052 0.020187673575529023 0.041814201891852885 0.02543655939436541 0.018746004993584225 0.011783344524499358 0.018937629038701987 0.008785912628418397 0.04394678777798293 0.03772131663749889 0.012616699493782286 0.056666020702025754 0.10443730173043142 0.045220838030294634 0.037798874844131775 0.10071827464691717 0.024999207635273617 0.0268376211689086 0.11245739173892379 0.0545237572408679 0.05293463541299384
0.2278606070740735 0.07511019564918504 0.18843893687893765 0.19905515713652192 0.19000232489493624 0.13460862403720142 0.09277128070453709 0.0740861447909856 0.11483245367829917 0.2178147685009116 0.019057737133407915 0.1116473948108806 0.14280046771117852 0.13441378275986815 0.14420396373646743 0.08731942858119464 0.05468278373221251 0.01188502480781387 0.1341451612021154 0.10517703870269353 0.09356620282288444 0.004066409047255225 0.04303720254665481 0.14517437971335165 0.1422683630444777 0.00010386241351737666 0.08379064041727728 0.09445880055660989 0.06908880475842018 0.07335939652595141 0.08075264286371057 0.04364871433060094 0.04717475819328951 0.03204270195088805 0.09236744592602486 0.10135369057422923 0.18476388344991163 0.17452742747259292 0.09001903867873272 0.007993811244220795 0.13352267628594516 0.01160279225139386 0.15385639958932107 0.18721595996537252 0.005432004722194329 0.009733881666744723 0.06062226226839507 0.1468321037599349 0.04070300797106752 0.08964724020698428 0.11633144253806732 0.09857685647682206 0.15008106418896647 0.03969510986645699 0.05664549094993298 0.04805737123080524 0.08429313934244032 0.03421058319605298 0.1698966196940637 0.15904334871170045 0.0922751046962512 0.16444052578498117 0.07091729771257937 0.03296107387891884 0.003666368367232825 0.09966076761481744 0.0625916873395794 0.02443365780151349 0.001802671680743476 0.0011717287175710706 0.025919097912962766 0.03997013340058336 0.030109768339763157 0.03941036176923626 0.0570028215746797 0.026502291453264968 0.12031003612645991 0.09414536665196938 0.05717411272491138 0.03121032766713368 0.020586116156392727 0.08603437698202977 0.14687066021603432 0.12124711456310329 0.08487490405134215 0.13530935449130504 0.10097049795407355 0.026235057891699085 0.022310683684892408 0.06482770530999671 0.0163643997808209 0.029125893635282243 0.06943794870193051 0.008354534795926273 0.057962104594713806 0.014962490087452431 0.10867343046288759 0.021067286169364475 0.11510462762050638 0.12674207012869548 0.015580860592377715 0.180603252127859 0.13531968826669555 0.17271837684942948 0.12561332029236982 0.11828426377606333 0.08986808406662569 0.15661615331807932 0.06237891198548675 0.011152926750081603 0.09399102029764277 0.020696303301774792 0.09978532825738443 0.07048255963231449 0.001773577100626763 0.04261726754687132 0.058525997288808626 0.024665074619300977 0.00765695321443706 0.0009295823653096275 0.08964419321762361 0.0033803500061707174 0.027595203120245087 0.12789718613850543 0.07326451412840167 0.038925004156074035 0.0536956160894259 0.022125732985404357 0.02467044979607986 0.07590297572513996 0.0820405758473799 0.0436728777015974 0.04554946021708912 0.03102639211268339 0.11504817582199083 0.02762144567948839 0.010223719452056359 0.04510163466046275 0.022186730566981498 0.14353228078342972 0.07993379969665236 0.06365891554501091 0.08492994290651616 0.13187550216107302 0.09023959732157182 0.017541474730600533 0.0967304131225717 0.1392469716216964 0.1709934348319655 0.03599828398280529 0.05480298458188035 0.025559297877824964 0.07438180374398223 0.04097516873784286 0.049913428837362765 0.08040932857663262 0.003090798661825375 0.05573632936799435 0.07430571462398154 0.0611195585236037 0.06488417457988058 0.08250930312320894 0.04276609553763739 0.0014124509906657235 0.022800481677328534 0.01854110047873933 0.07082163176961791 0.07406433896133713 0.1409816568565216 0.10799754129912302 0.0889324853656046 0.022298192377598315 0.10335969925282847 0.20092697992707045 0.137560685000889 0.03210692998245241 0.08966370422968058 0.05763668285362808 0.1810827162251548 0.15901714243067366 0.24352777883396362 0.18205143121355505 0.19418055160111744 0.20307092107840433 0.1951903371784364 0.17483361904750971 0.07279019941744862 0.14417241875022452 0.1536344880797149 0.16669461026085905 0.1304116459628044 0.04291136500886911 0.16517822312106595 0.10994241361608428 0.11784415877359018 0.08546677541229661 0.02695163856652202 0.018187568017680983 0.14259418949245517 0.032749510239949174 0.15667198964369722 0.06756131836315049 0.11887971042174553 0.2603010580276661 0.004019447354955695 0.07841904089247893 0.14857480714643126 0.14096568556351186 0.062070797820255603 0.026179153671817588 0.009925911535100466 0.027438511690850556 0.055971378356640226 0.00652726717026178 0.04954720700205942 0.11331368865618553 0.1778331807517637 0.0956709072521643 0.05525776645758752 0.026923335895414922 0.1380673553333474 0.012084461005743322 0.06345380781933962 0.10199551909021129 0.041523907506373026 0.040481484907606224 0.010766404902038071 0.180995481769428 0.07059608107490258 0.005102005488705983 0.09240235508547359 0.09794489638180845 0.20021056474116555 0.071216233033229 0.03283444291732653 0.020985917201143504 0.07199632540219647 0.026513883596574816 0.1865853905284333 0.13698502788687503 0.03172395962021214 0.07094429629230478 0.06975385946149165 0.08097760447285245 0.009754029962798 0.026580269523552164 0.02707332188948097 0.013719904495853575 0.018508340652679263 0.05381364148797305 0.0641340628449028 0.029670105529910826 0.0032094809312280302 0.019386575631767617 0.07599194873830246 0.07481859469411177 0.0790376531896637 0.06274760635239925 0.040694763900871185 0.0196679436796585 0.016885381396028673 0.01104449682216545 0.0761196075667196 0.1487856690716783 0.10626840901731603 0.14487696391983865 0.0375143236081223 0.028141913039095082 0.07695785298407636 0.026557840837534274 0.05790666849265395 0.048920312763005624 0.011342169603034481 0.0604157859646182 0.04680805105308031 0.014371849989005247 0.06832483506530194 0.07724249144199737 0.18788557644155351 0.09516907252601879 0.11810893104133825 0.15243451322867005 0.2817433640543416 0.21053437575065384 0.17710071692096963 0.028708669028889626 0.2015730747857435 0.0790672878869597 0.08231710151131637 0.009214397833005362 0.1335276047134763 0.027300371061463043 0.09779231432780275 0.03065888967626371 0.08738135328275694 0.05258723611893267 0.007049266523731916 0.09199270266910554 0.038913426589812464 0.02204375065190161 0.09931274945532963 0.01539212411334618 0.03877828006625823 0.24841099157861518 0.021871677715488154 0.00601989529825769 0.01199368497389974 0.014257426868666915 0.015581582135981204 0.003286670520826926 0.016608008893849103 0.10157584562673083 0.0524948081730024 0.024588580640846142 0.006481488717045286 0.01965190097407458 0.0021975712850133954 0.015588880320458503 0.04028566644338357 0.043398913851744325 0.10090316210132386 0.11611262884655704 0.10562995520867692 0.07950427447147194 0.00011680871707962464 0.07893238938999843 0.10634298828211985 0.03505621042559561 0.05423334931441906 0.04436905355977584 0.016728524493825933 0.059161279071458156 0.030813260975314984 0.004386733994087453 0.01159220532014002 0.12356936092105124 0.04781068756634403 0.06181480488635216 0.0576318011917995 0.011183945263964844 0.009198179329181657 0.057310546177984624 0.009256290751253074 0.004248337194169352 0.008974079786514834 0.016786879973639403 0.09659422850140711 0.03534050215838886 0.07466050571322466 0.08776505191308905 0.0026197940279322767 0.03965878921810018 NaN 0.1892989661288423 0.07974579059498203 0.0038715909865197954 0.0056992669126234114 0.07666497115849694 0.1634588249093745 0.16037500011510258 0.05099121212132256 0.19341550407330294 0.09805744699740171 0.15140242387440347 0.010349948217774423 0.09200983078206026 0.03932750447350027 0.01607271656494621 0.015557746464583942 0.09558618463411273 0.010857688150892941 0.10626238578130441 0.054504502990467885 0.03337989724394956 0.03999044283459914 0.06356622552023466 0.12016869443344101 0.06021998036683858 0.09525496711139281
0.2970834495830455 0.022940086462572326 0.2033640745394105 0.2570839572355486 0.1740723165094208 0.06393179406580461 0.01716383440287074 0.030587643113679983 0.06045557576656306 0.2192443905213051 0.14844005618731285 0.1707779773536302 0.23640307694496385 0.19859972778946816 0.15778484849218288 0.06590726927463196 0.005367979578035042 0.13307812803568822 0.14193335965582007 0.04790077382451182 0.022003086206794528 0.17454493243275118 0.026096255567106916 0.26957498500082083 0.07870953923175525 0.08428488387545477 0.21318133731926026 0.07655324231297427 0.13769251108083247 0.06951451640008711 0.058828720565389896 0.13412045210694462 0.08957518946480435 0.051366049878177084 0.08162239829174821 0.060516836677505514 0.2051347064051863 0.23722367736673533 0.0619982870815125 0.0044304987890189055 0.17257608703652483 0.09196202512043937 0.1556761505405502 0.1263464093382173 0.08924128343789864 0.03645100507245878 0.05719675063074046 0.10076800121526719 0.018301880050534337 0.1491932705550888 0.06106085795818588 0.01065832551836473 0.10855775211416642 0.08989778599641508 0.043766126405482955 0.09029917097704783 0.06154854177393709 0.0518313459980146 0.13536492827911237 0.22056754896627997 0.11058727448633794 0.16202995382281105 0.06208289177512176 0.010204169110270668 0.042862380494103645 0.10229683584975853 0.06801588516054861 0.020644541926537946 0.06812679139131067 0.09600333130520997 0.02559935026860179 0.09648514060932233 0.010703267586346644 0.02430645584249411 0.09201669228952156 0.014346345308457145 0.12557541606197767 0.05678458554611157 0.04430862644838577 0.09380196159926418 0.10771487839571749 0.0644051875916042 0.05284422017084502 0.14142123452515953 0.15915680608488433 0.13160837341551956 0.10387029090331223 0.05017360341888481 0.014863397354452402 0.007031569152832325 0.004782037259734613 0.061318782328905856 0.04299436555453517 0.043412833780709 0.0045516654524601205 0.030716953960129207 0.08463742340440283 0.025120245031858418 0.24706522585320653 0.1741656922331077 0.046110237623280544 0.1884505592518036 0.1972640115454571 0.2699247666456243 0.28345152465674417 0.04123201017331606 0.08284645956436211 0.059163080406806595 0.03995468451876276 0.08235144777937524 0.0629300941936531 0.006735962266549133 0.07665644580463338 0.11925041547200041 0.03127240424941495 0.1299652384840223 0.12853490085169164 0.020866007393019925 0.044188877812223824 0.028974821252407173 0.1697979356377391 0.05659890897176042 0.1674180459826496 0.23761499291596955 0.1361635982290906 0.0074066223579378 0.004076769190238868 0.03372773185005442 0.09530618778261601 0.09763021049071147 0.17311730140685458 0.0795274676799431 0.027302789108970726 0.051565245894340486 0.08993390582312928 0.04937975451434731 0.004363872212603192 0.18091406000476734 0.06339815100278505 0.12419471018765019 0.02614255086841531 0.10278182810193506 0.1428172574359264 0.04773819509518656 0.017754909579798736 0.03171322939130153 0.21292855777073577 0.1712606498379822 0.15218873674545652 0.04030319847483891 0.07015530160494891 0.11719554874897603 0.12982747505711167 0.06253466831451371 0.0028392641231257025 0.06436596766316036 0.10325013039624097 0.015519753564894809 0.04353783130483996 0.023162894997862532 0.09812740016522875 0.11124638588130575 0.04417717459536651 0.04574535720703678 0.018070588277860854 0.1023413435728412 0.11606841226804351 0.08573752923983416 0.1326224387516747 0.10611463029434422 0.16455921423853279 0.09338370221763932 0.22612606964646603 0.3290818188731044 0.16228497584343538 0.054273978506660256 0.09042056017791782 0.052876005268577136 0.20117920043123758 0.16786318057852545 0.28367477982247946 0.1029855958391979 0.21065494086539313 0.255827487521311 0.19479984371567338 0.12662516684031355 0.026238925613303748 0.10245618929186262 0.05414223204650405 0.20923868534509338 0.08406490052087581 0.07276357818742517 0.20501940228003504 0.17138302348695394 0.1727200388938715 0.11172809233527498 0.02883546329690915 0.1147233003245766 0.1337215251692908 0.019018989412400215 0.000814169345354 0.06214102868148607 0.024569062933221638 0.4016218395103034 0.043576110710713184 0.13794364234154818 0.1944579706384813 0.25921470486963655 0.18598567485959658 0.08669990554584182 0.13620723968737894 0.06470372335525434 0.0805688984771933 0.025441847255658297 0.024851982529376506 0.1877155595901539 0.18784715403348223 0.17916644496959133 0.04058465857669639 0.007208287910025596 0.09603703585809922 0.07406903037555564 0.08673906059656938 0.08288475008372594 0.12398417026629309 0.0746858533443089 0.10608444063958544 0.11746069248271139 0.015144166676750438 0.0016545144997411121 0.04951923452389703 0.08949440650955465 0.14915955383785393 0.04822248816382578 0.013557789087475096 0.12152669861830247 0.09537884502124114 0.03474909862411191 0.23938900964166288 0.1628571767757329 0.026356005241722155 0.03898022302208063 0.04704569234817095 0.03688305451170575 0.04721243374336666 0.06513075854260333 0.023824484602117096 0.036715495088702386 0.08903475025803208 0.11272991769485859 0.07033419855187847 0.035208921642289975 0.03130447586683633 0.031127438142067997 0.12427746541995906 0.0957130597773417 0.05444042350899667 0.0754849645458216 0.00812092829779506 0.05864688507860469 0.032904382287643925 0.02051296728616667 0.08196843489656343 0.20947556622905764 0.12396439929173252 0.12527965389684292 0.04837433965601444 0.01775681564950464 0.07154276153450702 0.06426442202850369 0.034420859240422576 0.08410206259635579 0.01874927300861249 0.01063509704733199 0.06723130550584026 0.05378481183898865 0.14702724515103316 0.021144658669789526 0.22316282208059035 0.10863910071420536 0.08953391694063027 0.19111390500683584 0.2193052048655124 0.34378000258751185 0.30107598183312695 0.04583941923722072 0.20516196117420754 0.15565688433601968 0.008696462528324856 0.02215891471164687 0.1441494391269244 0.01794187061585159 0.1005936941718408 0.0720033575904175 0.027064160238860893 0.027669461735031434 0.0028245394354351958 0.08118826700478235 0.061451623079658124 0.054606835080522456 0.22108987518541542 0.07391425082948122 0.00457302339754643 0.31378270060714847 0.09397356009309704 0.04698133386595444 0.04235237943072762 0.09348973643712533 0.09580957683562286 0.05278736430925663 0.06656155636614379 0.037727743012032085 0.08083128491331656 0.045290312095552704 0.08369577089401387 0.04838405888106431 0.11055886510107976 0.06717424758278472 0.050474949325720254 0.0064051129775245476 0.028776252159026176 0.12461424614216701 0.18531760521335536 0.054031897846532964 0.009365541018319743 0.10543251372816641 0.21334334942829283 0.15466328559605852 0.15743185954998914 0.005190343876444345 0.08576226722303741 0.031146219192278717 0.027354097182985586 0.05903619686915276 0.0002443370566017441 0.014311848242133598 0.028126714605633 0.020786314036574507 0.07201213770366172 0.04298943033556686 0.04433558099815121 0.07682903258351215 0.03712269670840876 0.014920517078597846 0.023590089334339644 0.04465588878863869 0.1877989599165625 0.0954471145256226 0.1232300695145364 0.07955615922377705 0.07293048631406181 0.1466022946484294 0.1892989661288423 NaN 0.07166894108275487 0.064765925265721 0.05619612776050216 0.09812414337820835 0.07981497574349206 0.18019823579844646 0.14593186546316284 0.21911436676147436 0.12651816562494425 0.08620142411124135 0.03216890634282654 0.14648401438225117 0.13386650383925844 0.07345605504700636 0.09070082621661074 0.0972649019858694 0.11162881748080662 0.21887294920230638 0.11814560253534935 0.08536865872627705 0.08804204676956265 0.11047260789268677 0.12188595362358448 0.06828998585054992 0.14129981012764736
0.16142918029878378 0.2114452238927629 0.22817311651513963 0.08141795868606524 0.08650846870663458 0.05695785098997087 0.14747420585915305 0.2964542779147309 0.23544064056020034 0.10133570294994604 0.13586840487472543 0.16965762124126232 0.05087119333928425 0.05659566191849195 0.17599034785295595 0.06604440812675628 0.008157919293785388 0.22079683672914202 0.020535519351768027 0.03058587507839774 0.13862531742614279 0.20352655241682907 0.23466662390456308 0.109264863735939 0.030528803737690333 0.05555162259250843 0.024875390839198215 0.0633573031755415 0.036537055348219875 0.1249265768872355 0.10511650249047282 0.01190315399944298 0.027411087575004194 0.13710408837539226 0.013010017240548863 0.14741448929618614 0.1505428133609687 0.060927560156720066 0.1419999056797626 0.20648290884299084 0.2080654432708848 0.07008112740061621 0.04965932418386346 0.043811941970916306 0.06551989653615108 0.11418469839838516 0.23245924030228954 0.06658913460075366 0.09940816211883889 0.017510669003506344 0.3359730768020556 0.24443805676727173 0.2518732164321875 0.1556891388961122 0.2506615728331803 0.09672782563007902 0.09485772662780971 0.045970179450909275 0.027812666472486047 0.011947861491461655 0.031398683637693 0.10796740470743588 0.015639663451610403 0.0346190578707307 0.008008448336095595 0.10076020402533319 0.1310439691101789 0.18914202099035285 0.11607190676190743 0.1542099549229932 0.14906215899853367 0.01658883550095416 0.155607846498702 0.058265114079541214 0.1186675516459332 0.13901730415898148 0.09296545384033086 0.029776968358176475 0.11785586372236007 0.04937618218260407 0.15927100851436737 0.03755786835381689 0.11073438527010197 0.06115026894903277 0.11891031682369102 0.09033353138984095 0.10020835608525047 0.06595344323324527 0.10924470460880067 0.11790450778215415 0.07475847866219763 0.013436497567207719 0.06035935030999536 0.10741449160524474 0.07343528127390048 0.04101757188963437 0.048471770961110806 0.06616836681255123 0.1560614748023697 0.22305968634425713 0.1768517923706732 0.03515388379545632 0.009793541086764147 0.06883278624595351 0.06065338043294946 0.18532670184318753 0.13431160508473133 0.007803578525822236 0.06545322369124727 0.13645997197226842 0.07116377955804179 0.012340620432988147 0.10002586271059462 0.09680474081445774 0.1906023990921966 0.15021080866098097 0.05412252427767181 0.03835704745285176 0.03305132760893355 0.07840576088341486 0.04569401526646235 0.08069730182446581 0.03183076586187424 0.11842960779371547 0.2175649518572402 0.002484742057323984 0.06108350035560396 0.06692737870784526 0.13723708757443806 0.06801845418670664 0.05754460058294351 0.1704502677594484 0.07564017807333202 0.03285020974078694 0.04668407403001525 0.020035351354679133 0.11223368043249647 0.18445023310582018 0.17089691131885587 0.11990728157680555 0.16015111565456874 0.04982319195901024 0.09516776037584777 0.031434225380281865 0.09683733016384635 0.014729537828501824 0.04769226340507439 0.10005430714918769 0.0016860413625878485 0.2160242653048223 0.15461998455023257 0.06425802917690364 0.07189669720170634 0.1556209760756687 0.007972163342703936 0.18152286984645474 0.22163903593749865 0.0722590188221802 0.16047474542438764 0.12358955059469892 0.05455705781200182 0.15929111643713392 0.04741595087112228 0.006813452314101985 0.06403433970300886 0.02597075303878537 0.006789741171149874 0.15035507384084765 0.05168231727303889 0.08275937304342926 0.028457263646336658 0.007355585120053099 0.026571377170975588 0.05561345942419439 0.25185486732563295 0.13571505518280638 0.08847410356454703 0.08971720709140919 0.04916026903680599 0.018688193183551156 0.17807791380023688 0.12498305721759342 0.17103871640164534 0.12101123869427705 0.09044113676373165 0.006999469843524166 0.03815987449658441 0.31475636665149215 0.24893479708138552 0.025798761587904798 0.09971508369501393 0.10679337010618 0.04594691550903185 0.11346934449762977 0.25132881218692354 0.010074398694826688 0.004014232503880304 0.16841365555033327 0.008919452459247008 0.034449656879053075 0.06304521352908758 0.14479838868908884 0.21971015805882033 0.11622557436325487 0.08585378132023623 0.016016023139841313 0.0002385700207044433 0.06658932581305889 0.005810134432431969 0.0731347829944848 0.053878399574358735 0.06831108540411043 0.05271881085910118 0.07192990977800613 0.10385692654184349 0.14023483065323736 0.09260878366543751 0.13338213654150233 0.14009299500239752 0.2432999473200818 0.06485303201825678 0.0008320175974815672 0.07082602775298492 0.003340547994659527 0.06667969253078122 0.04788808713206545 0.19314132260577344 0.03272169597930618 0.010440122611556985 0.07719944816263141 0.27622781480629555 0.20597427420904904 0.21871522259204365 0.16026648954617667 0.20483352806759317 0.1685239356786754 0.04773166771530945 0.006377438506336879 0.02369709461046301 0.018363565705862377 0.03183468727579401 0.07788098375183684 0.002220960331456692 0.019898264750750315 0.023690679869549165 0.04231151896986882 0.04980788945489717 0.13749338680396544 0.01703302395941417 0.06165783867758769 0.11717568502971595 0.19571668038666998 0.15018477310773562 0.021017556347409965 0.17769281160401484 0.06087225917901174 0.045387592319772206 0.052651615330117335 0.008272673361372678 0.03426319773785367 0.08830550804524169 0.010766980430258059 0.09418013085598798 0.022447511869381924 0.0813025098539586 0.18690327208445698 0.08092215235857439 0.01473426752668183 0.10029914606985142 0.13523004233821995 0.02390063591497662 0.052087192760615054 0.011575748044778829 0.06085654497244863 0.0017325426220746163 0.018424390980183405 0.005798164051664386 0.07123151454890388 0.13873772659414185 0.16821902482195902 0.11430931773044992 0.08006423042651536 0.03778653654989093 0.07626548904016488 0.03809676885564384 0.0770455139943987 0.06639256035202695 0.05081451607066102 0.036655182289839675 0.04925072392135391 0.019964125491644235 0.07307175996334903 0.0899737340681805 0.023378341605160446 0.07424477151511312 0.09310965895763947 0.013728687047885461 0.02443031539602745 0.09030319871769345 0.06627035545555902 0.057590968678697264 0.013717264748795708 0.08346262991687749 0.3062355923070996 0.3277561393745975 0.03568904090021858 0.024500602441535815 0.1281518753642704 0.18227199384053921 0.07344968420502185 0.017502506672879708 0.05336494437784368 0.014449626717266757 0.00579440370218616 0.0633701164277615 0.1044580529338396 0.03576762663036444 0.09439250799523723 0.28565521237509983 0.0832722116145704 0.1634360703464996 0.04855792540734019 0.15377035579726875 0.015877180891984193 0.03310947564513363 0.004022658597683631 0.13905367395314244 0.16933846746543468 0.04894653686656603 0.14079374167219202 0.11001059196207955 0.06803222282106318 0.11536001779714403 0.1594683158488258 0.08508193395650378 0.13354256278112395 0.11309677839370263 0.06433921596338875 0.10717980501473282 0.02780834518483381 0.029224924552214874 0.002595496901237336 0.09806522911831114 0.02960938600771773 0.01884306373690542 0.048266331117189636 0.04367806904566757 0.1286467578074689 0.012286100188599639 0.07890202573670078 0.01839139035173757 0.025380795768289107 0.07974579059498203 0.07166894108275487 NaN 0.06701960136709322 0.013639184674400992 0.002220222800934985 0.01463833118199837 0.012419621596999839 0.2125943013793834 0.10899908964771013 0.001976349552807183 0.01653448503975229 0.09585315358968484 0.13719082915697214 0.13150830309479364 0.13097295398065398 0.01252760250917765 0.0814936118083937 0.1989393912861488 0.10329480040632101 0.1084666207303492 0.1714890357644549 0.05207484132062812 0.15380957725627423 0.05388589470548694 0.04717048739900104 0.011637154075531925
0.09394777459973089 0.005679672152163076 0.012775429183958598 0.06193957783137749 0.05535786238692594 0.040296543866720595 0.06087789809374451 0.06150586390839139 0.02387731467979631 0.19009340040817949 0.014570380806434045 0.29394108170967653 0.05659068009593183 0.12728581731920433 0.1688597090244408 0.009497946368040319 0.03574615861272072 0.13748784435689917 0.06524026454660481 0.07846354199977204 0.05391265060403258 0.07498900300939365 0.06675888200297704 0.09248542920813047 0.0592807820014854 0.21397840932021778 0.17010970245385135 0.005792039505165537 0.16935429374748617 0.1531407261739936 0.021450162941135165 0.11077813256672318 0.02852968151506874 0.10203048599497447 0.02392996176469264 0.026520562659594602 0.06620944532985329 0.12635621287611432 0.02661965232670389 0.01980128115594813 0.004444185437983307 0.02440000923198752 0.03966475328067971 0.13499979418323915 0.04531122907057962 0.010643312692195811 0.05964815846557974 0.0705809049370727 0.006605344888525373 0.12462563620323057 0.02596969724757463 0.021082719973411754 0.017310979258052247 0.1029539152928364 0.051467848283347786 0.04362474943539316 0.020313261376837602 0.09320381353543906 0.100076016675295 0.10412540437104063 0.0016775238430869707 0.06865360791290426 0.1256873037824607 0.031227035465300226 0.05807298042078701 0.03762363103502478 0.033149671012464126 0.11044758763822672 0.32173763675750555 0.157586533145043 0.20444592104840498 0.2468070940118746 0.03049153056753111 0.07512690827671799 0.40130258065442737 0.16888315229592787 0.14277343539131532 0.12966162826027566 0.13940360925209996 0.04629712475457525 0.0009503932694381862 0.056603069589420296 0.15064684170876722 0.18344075321866407 0.1686252040411298 0.05216673078157487 0.051166329288166536 0.06125082488829115 0.05486645138292459 0.016683516872603235 0.1560321113555275 0.03374268469213394 0.031169692148914886 0.18792663442890317 0.11548056341926995 0.06439780383435846 0.17183285447511917 0.06166694822354114 0.11573119713232514 0.08447377324678847 0.03758702586296013 0.08760176559918796 0.11223578180292154 0.058583310049492764 0.16743826535094983 0.036364146134305 0.049729038908945415 0.04949017825406476 0.00578591701299428 0.011288217514428673 0.04083902535179803 0.054284386280845136 0.041682713055644714 0.05222289816548509 0.0360343815627876 0.0869024133649747 0.020900671824762417 0.058773149372137734 0.008583089811121939 0.16080946253120088 0.04099319874003413 0.036101870669549514 0.12099897814649356 0.03861192668729508 0.1890726075675641 0.018877903867807903 0.01277787084220957 0.13736552948477557 0.25499601042656295 0.01494255393340531 0.24288994939099695 0.2596635115854643 0.09615963418345122 0.034222821426722755 0.03766673584393134 0.09940640278830173 0.0315595033001683 0.09714371894746363 0.13053000033719664 0.09791929533659068 0.021979721157403837 0.060628582703154694 0.12547801986757845 0.1762713754530918 0.11817804584816462 0.006118103508557188 0.11798592178483612 0.19324871557322357 0.14697999085200472 0.2257991131689869 0.04909524070703842 0.02183277520132607 0.010512804044801625 0.09001465150859082 0.014491169406541155 0.0450292369844399 0.1572500823666873 0.049894102197242864 0.004958052468774701 0.04583451492105863 0.11424176287657066 0.0490745362786274 0.06092048389690273 0.13855870452493665 0.08538101988798841 0.0556686462313711 0.132259320269047 0.074499166958604 0.09120173241683656 0.07548362334874742 0.07669004006981937 0.01669373072059428 0.1182580939513779 0.1336764863523052 0.0187230383177046 0.24039537914813702 0.02343987208929329 0.04365364404983257 0.0542487152482318 0.08362287103858582 0.08764609761369982 0.011425719915500213 0.05958586867127751 0.04533856622344253 0.03878846154446164 0.05955189383943185 0.04553245140594561 0.020726077450611516 0.010313492605863896 0.1531516313924535 0.10996579004844573 0.2622709800081259 0.050748054905091884 0.14915693588155338 0.178498494029157 0.06523629793292735 0.01638748223822894 0.18222762823310149 0.10672742877342765 0.06101970689972612 0.05319972568837276 0.0506725640175965 0.035262689160447565 0.08170253072996174 0.2323985235029649 0.3311311851084768 0.07879090399037601 0.2261578467770121 0.15869919440955485 0.21389078272621473 0.027140618569882206 0.10625058116834882 0.09785716943586283 0.13359398227000369 0.2640981148272932 0.021240664179248976 0.07131988427020555 0.16629246642311526 0.011410444750317049 0.029211494869467267 0.07085771709580109 0.014983701702352505 0.001347527247654882 0.05257875620746465 0.09379043802711685 0.07800763223404227 0.08658251450747585 0.09634137357022508 0.02546623621698385 0.01011262271919069 0.011522873734111021 0.036375476552794474 0.03476466785938365 0.03347362429405225 0.010726960911048503 0.0027502076895788543 0.023612672836234392 0.03470667206382234 0.11615113783671835 0.07394690474219066 0.008652588671232433 0.12568878673701517 0.05118223829480497 0.11201830431979806 0.04660513225263254 0.06721351062485403 0.19425695206477295 0.18304267249820058 0.33444964994606385 0.3291982922102962 0.23302951635610444 0.25141883680020083 0.008611025200850045 0.194849355117362 0.37283750506274793 0.3394743868821533 0.057030222675975045 0.15061310864681832 0.07247274036912398 0.0980060040721409 0.04235018395333961 0.08384120930892519 0.14635715713580894 0.255708109937544 0.1485304868151222 0.02973957227930399 0.1751109705463874 0.15730702411615102 0.10762086012577865 0.07866457886689317 0.022184419109237012 0.05294063314898778 0.061663702291170304 0.1473206339715793 0.04956020684229761 0.010021408166360088 0.09691480311865436 0.10834626353990369 0.07046691764510236 0.03749157839223674 0.02636936368982526 0.017874319797177088 0.07358339069017909 0.07163257826296149 0.1715644149111281 0.10266233041015527 0.04446368781882664 0.05874063807907145 0.002581326990809984 0.060269884581637706 0.0063868842242315975 0.006724453489102675 0.0644173405795093 0.036273275263419974 0.016095694852806455 0.10386422201363829 0.0574843577972936 0.03969374161775967 0.03553144676437957 0.09210887686254184 0.015374482059459406 0.09699382855125002 0.06988841911977592 0.10074847277505539 0.261712360173405 0.026838926937899927 0.01887768100360429 0.3722849338412811 0.31769904599985704 0.30783795664993496 0.19332130292261676 0.3636468453250992 0.07082720946202486 0.03138866861345145 0.10443787160480472 0.03507666247741619 0.11206634586459559 0.051280855391700575 0.16638160594632326 0.07750158005687341 0.021703842853919117 0.022305563956506975 0.17181867920779564 0.14543958393026948 0.13093810139682477 0.17520445090241737 0.05981275924603346 0.16250238354643998 0.04351419349441421 0.40848803698000613 0.20301055760535958 0.10375082460448466 0.03364560724588923 0.04717118000137703 0.046654976278724586 0.006757786287997541 0.06087731052555177 0.05323147687732748 0.03427565107079958 0.014203366153726206 0.23262038283206515 0.08140211225394423 0.10084386264379526 0.09383119960162045 0.02340349263737201 0.12818662777909345 0.07574219341908821 0.008937389611827468 0.07560136306564398 0.005763731337181368 0.015838692518408207 0.14084699474451431 0.0038715909865197954 0.064765925265721 0.06701960136709322 NaN 0.1056619791336617 0.01028378346524753 0.021680640824608043 0.035064117713350045 0.02905324134430892 0.028436160992349958 0.057180792196192376 0.006701784057979715 0.0586932813983017 0.001053558360453185 0.1487196130373003 0.07215328865619798 0.06877269159767745 0.03772746620929257 0.053502693291434936 0.06824135496214605 0.005786135774301284 0.03398310883876511 0.033534275343399624 0.1319715086749562 0.058121100071995044 0.0013729065655496014 0.009737440526997845
0.03518821077095393 0.039957230038229895 0.056680390545384395 0.04338785009887365 0.01541752884412108 0.048544809459403454 0.02502921214388524 0.005275143848054635 0.07682919072198822 0.08070473491262165 0.07636387874208508 0.09498603780454613 0.02652580587835204 0.03610190375831357 0.02637317044168644 0.05297893951250537 0.07491656070268311 0.031053739601317788 0.0707957140595144 0.001030110024316812 0.012095428821476142 0.06980402393262093 0.061293989950768506 0.03627508155428366 0.01719841623668717 0.1268133345259601 0.082519761666607 0.020693375583458882 0.07546334402937856 0.08393286154680013 0.05847126516054621 0.1592379636717579 0.010684060705512782 0.12046678946672254 0.1685490276559202 0.005166610599751808 0.08085347848433025 0.021630915259406 0.08993279699215136 0.0236530967451152 0.009375272171828907 0.06295261487921978 0.0878045213056152 0.009092548516531873 0.08986270495339645 0.055333302250419325 0.02127559033609259 0.08082602580312469 0.011998782891738146 0.05619608669029449 0.024213355734448046 0.060040979566405646 0.05251842201024188 0.00874304536945695 0.013470894430977046 0.035954720328354145 0.008878427584041225 0.01652637564185385 0.07204059050962477 0.10791665470594071 0.07096416819781311 0.07418913296968464 0.09660697529121158 0.17690572855644296 0.03398048921166431 0.06137381663628178 0.2747747534377817 0.06687278802356822 0.06726420236511262 0.11229744621200081 0.17248620494028574 0.1312858058577135 0.09825401192971792 0.05713341866685653 0.06673278534581929 0.09043189533524737 0.028990467861438274 0.04898047153929527 0.05878112634869219 0.012494016928668356 0.09344042791135107 0.021470115575369136 0.0926966520996441 0.07472941544013068 0.006404867066498746 0.033836860769973595 0.13651751676500135 0.042466837625805574 0.007564221627327287 0.011135033533600333 0.14859396694424376 0.08824252219742941 0.0587906793162611 0.10847973486484326 0.08188324287637314 0.11257669788610963 0.052213672113432356 0.06966892514783035 0.0023824877720121703 0.13677753085648253 0.044182847898127535 0.04097963908278289 0.05205934227249633 0.037237022966101666 0.04010969726646215 0.008273262489437246 0.04217070085754574 0.010756220544912756 0.014242791420130263 0.06028881109564202 0.015582342799903191 0.02249973284286824 0.011181067019737022 0.06599883369228658 0.05794922918426143 0.005499673007667241 0.032472516768876844 0.0221861337186943 0.028008760358817525 0.09357020377955448 0.04189452249625439 0.052411374402586045 0.021373785993333266 0.023642916254366465 0.01194927637569773 0.03869039566219109 0.03923226117592077 0.027777016768552647 0.08384281587152602 0.13326846938339182 0.06320302431422643 0.09476231402097304 0.11327209439699296 0.05407751193715298 0.023426460026560385 0.0021142903711410285 0.05352964802048865 0.0630063848486518 0.052204254518732715 0.02477402830017177 0.018178481902629877 0.11271962330696819 0.15599579209401948 0.06493521453258493 0.022047581400677443 0.08018894012809909 0.12231014347347298 0.021885268366279603 0.20142173289623785 0.1790622981534605 0.09529264932875037 0.022132449222910255 0.08187083349309013 0.045034613431218735 0.06279418283555994 0.04856475512007828 0.06536541562286949 0.05775686249134865 0.08721292159283708 0.03610478308702487 0.019350006051514355 0.10396756706148888 0.06473941436196101 0.0845073147777132 0.03352889008593103 0.04079483086643565 0.04742699112588574 0.008765555578599286 0.04355600226954212 0.012794029632378984 0.09054887287850936 0.03548279395172253 0.0067022645199858975 0.06121993292383916 0.055308949198659224 0.08132234509347218 0.22002249377191943 0.12630315097351663 0.026245724857783766 0.04026721502162069 0.005927557278874242 0.06981947995741099 0.04068779695871161 0.09799021816230974 0.10156417402304606 0.0013107739592734824 0.029592756807499003 0.009562875108803298 0.022393465649204965 0.11338803945335212 0.09330666629396968 0.07802601688504707 0.08603043166536996 0.011321359316618134 0.03407432699978035 0.07732010542557002 0.03152649801003822 0.08006135602064751 0.0458872446489098 0.093993591464924 0.02380388047902301 0.03352049163376164 0.1016517665767438 0.03997204589490264 0.11302610027311533 0.15665089785250785 0.015232841845400504 0.006822101850058181 0.018477076067445513 0.13551038362068765 0.044999397193718385 0.1819572670617573 0.10453463013366174 0.1651140981306133 0.18945117637164616 0.010800125092772804 0.01018005459945546 0.004083072355133252 0.023658594264746632 0.03580853160858459 0.01012476649368479 0.020768555803572005 0.02058296708729882 0.0258556664436544 0.031519464574632686 0.05889796195532152 0.06918436369502838 0.008202555907736773 0.08009555786509516 0.009279344020147864 0.06851843269984621 0.018129029050617872 0.005072777263066271 0.0009455351425422236 0.049964004167503843 0.009128714089517273 0.02557913620257996 0.025965039978704637 0.04647150456377126 0.04833232997311527 0.11091262939474317 0.22452748694323196 0.08411319001495635 0.15682515936605695 0.031529721376719416 0.022404096994189344 0.2772977111248028 0.11278814887574282 0.1864151359039661 0.16241337237375655 0.1887133605470936 0.1884352503167902 0.15360920601132685 0.20241647309136485 0.12021960813693516 0.2741889374939192 0.09609447303026315 0.04593491313990089 0.003605480010058653 0.08509841011935582 0.04008562360941357 0.04883826415806368 0.1427252821443985 0.038997197017353796 0.07931566316716428 0.12306422795344181 0.15927838397079175 0.039453661907323016 0.06583928960346545 0.10903993895954953 0.11750329192518326 0.06958224808197899 0.1191652872607481 0.11596527560046128 0.011121863556432831 0.0635516271625604 0.07252842462828285 0.16364744214406726 0.057626966003815366 0.055389223069198294 0.03556358118964723 1.0545029239659576e-05 0.03700062933274925 0.04789991643591465 0.02956722191146617 0.015058575991339616 0.003965843505827384 0.027262980566593303 0.01775668809516023 0.020403234583708532 0.026131179553762155 0.04476578757460535 0.012857816171112294 0.008007457367965999 0.008213037047824846 0.015021451793977892 0.020758982044654806 0.0666192864025617 0.00846750447080575 0.0022288490485956876 0.0022740071287437862 0.04031393473018953 0.04416534109523673 0.012842048334557911 0.07343449931382591 0.020265455022627832 0.025356522332823046 0.030120246253040973 0.11285862318897472 0.2678060623249833 0.035566169817117514 0.225364044973004 0.1449359389240977 0.2494452740697514 0.0022802368067300497 0.042934430090238035 0.0786574016930673 0.027603240525466446 0.08172187314171182 0.08977521116191953 0.04319481005636277 0.05660591815851906 0.08444935525122589 0.06400496399833688 0.046066483561304904 0.17266655304896117 0.07020229282822212 0.030703935723107742 0.35886163606698046 0.27825285756605567 0.2243037763425732 0.014390677045471008 0.014834440769880023 0.0024381500299768787 0.01636932556722804 0.06333914630701183 0.04782107429668505 0.046168362014676875 0.09504637954623155 0.006669943348937158 0.16302291375196518 0.10745174743908234 0.07264022339659618 0.12643425118685434 0.017917345240199185 0.10570043632140512 0.08595256542581602 0.07512552930692448 0.03168036070591354 0.007286221827877422 0.1746989151347814 0.04402853373409214 0.0056992669126234114 0.05619612776050216 0.013639184674400992 0.1056619791336617 NaN 0.007622322604373822 0.01450324469179808 0.00013978440998723066 0.129280314107438 0.06739429108186128 0.09163756223872202 0.0497868120601144 0.023411176207322946 0.03779850813696643 0.054588158179810234 0.03079511317636586 0.05770494238797418 0.023424038461562866 0.17231949540549157 0.08339792682605304 0.07247843335146371 0.1046264460602381 0.011652961633697986 0.06461440154722023 0.022671596220484723 0.07314883090136465 0.11205262758888329
0.09653430674323021 0.04060191968607741 0.011097468726609633 0.0979670381827886 0.09727534817331907 0.0876909827080438 0.06035257342984799 0.042414006353065026 0.051905177408441645 0.12271198568786618 0.012626745760978322 0.05440495256109943 0.09978469387998955 0.09549102723819594 0.06622623913232208 0.09470041790120834 0.0025746667791836874 0.014816885029418709 0.10692220019135286 0.08064772963697052 0.017053811796506446 0.030628702821200348 0.003360462073462519 0.11256994784570269 0.059961424221609355 0.019806287832657476 0.046011085085308844 0.016688578925350476 0.0006791855103514937 0.017159475750134927 0.08985541185920566 0.02011330725552098 0.098031865656893 0.025383688260520374 0.0014845087997147806 0.009302736900386079 0.09241719166357566 0.05330131628446675 0.05495464407913047 0.038544260190839445 0.046387505646074856 0.0158400655190205 0.05681037410158197 0.06636381684620261 0.04220329963675608 0.0166814821565195 0.03793438540261079 0.05563892257446161 0.06528528449806871 0.030686468337473908 0.019575150928504672 0.009069377763924824 0.011422180132837892 0.012036383028083356 0.015727826017652748 0.03407912332637754 0.06695746831805159 0.02791949568946049 0.11647070514473389 0.07270701914295372 0.07060875245041898 0.10349909133084384 0.0680253015866224 0.08014982312325533 0.0036019479033874333 0.055612925719331005 0.06958668897766047 0.02907408402783249 0.0007354907805641754 0.06097054064578861 0.07202128541597076 0.07700700316493941 0.05488907477531899 0.010792351394252924 0.0208266618655754 0.02200594459418919 0.0006396390336402704 0.03167391854706808 0.03529678094589689 0.025311655347035895 0.024440264398167343 0.07539762998582472 0.007371435547959317 0.09244076431972074 0.06520813648029793 0.0861075172342645 0.1166085255284613 0.013870084733105201 0.014696440665080513 0.09092191059451112 0.019722318865317997 0.047982604988705164 0.033610530442079525 0.029241795306249804 0.003946151886409655 0.04189296279328485 0.014184127231301878 0.024749284750532823 0.03272521923090041 0.0009420862747234722 0.020366067620560157 0.06917147454979461 0.08753179303111218 0.09093021287147045 0.07267967512661822 0.041066077817438616 0.0461683904768489 0.03908033091688416 0.0200392262539506 0.031241181901631773 0.07019086448584057 0.02378777065396561 0.012996641786257635 0.08121797919264938 0.03093224979569897 0.08528159920639643 0.022989882021198428 0.008027732464731185 0.04392620486936885 0.018552585975713024 0.07484122454109338 0.04226934734651125 0.05279688235637012 0.018341967494250523 0.0163508163070803 0.005044386831541754 0.012047136596180842 0.026574556446445293 0.0014132503303953814 0.033996283029366435 0.05650935094775764 0.05782298413007135 0.030758596645578076 0.043465288278706056 0.050381712980381105 0.016197742951325513 0.019469422215204087 0.048862882108303696 0.005822348873724589 0.05266669390092627 0.05424904717589735 0.01359429841844475 0.061006384427495425 0.012362844580097473 0.03726409564496449 0.009572926101238631 0.07051012085081336 0.1012981705947892 0.021358382586300254 0.06923168535232424 0.0465747662749553 0.07814464629789629 0.028275344153351204 0.048970928647946374 0.002210499851230927 0.025131412078118042 0.0013558369353203965 0.0712827597379829 0.09550868461081873 0.03706406103786005 0.030075272015179528 0.02616648558742472 0.07636765994290871 0.029488130973381762 0.018041813919337343 0.016688707713118315 0.09193166646174979 0.06210820948412273 0.0005576332724356843 0.020159983585114366 0.05594673360407236 0.07439438602317319 0.08141206914532946 0.10792969177049715 0.005105600938647993 0.025682858060382358 0.006366581000724971 0.10975804861315983 0.11242971817140299 0.13370873244158582 0.0868739665007198 0.06150582781777507 0.06858535506916316 0.09219545042906836 0.09126150957865774 0.09466565456127041 0.10222147833608969 0.03139028472709025 0.008249759666564369 0.07973940874073532 0.028195857295942643 0.0033319843566109795 0.09248023510596928 0.05354140483779137 0.06558767978625712 0.08616859131621679 0.0435657270613727 0.04631733293274984 0.09732274301825047 0.05268752092241685 0.04163034666404414 0.007384574732576684 0.05281967309968087 0.11690460903566992 0.0191840258162824 0.07219292762396673 0.020002892742960784 0.12345990721446917 0.024699241896478142 0.04453762968792522 0.009345425965405472 0.044075789197079655 0.017777124612079646 0.07357925773928985 0.055179244146506726 0.052082142975896174 0.09461678046887277 0.14663958201279778 0.05132132613574491 0.0021676668825263397 0.0829186833348724 0.07049960436149126 0.11621667453761955 0.09404714948968722 0.02764771285165419 0.04923412092304532 0.03612205520338782 0.11070390996208304 0.019202323073566757 0.0018714294439932226 0.050765185397222315 0.07327007863782584 0.010733461165156959 0.020835142508290765 0.04971114567513921 0.02088924258724607 0.11614926008616656 0.04086439048130062 0.05798148569879104 0.10587870185213673 0.11852404939057805 0.0682273544437365 0.06451914926260244 0.08410639765617388 0.04846258093663444 0.03324625446655096 0.10222517027032127 0.01678885605879984 0.011437869806361368 0.024525757904931694 0.035290351706896414 0.0005140551064163272 0.05435383560204382 0.07117770834260809 0.037909598066460416 0.08323417324202859 0.040824161523550916 0.03148237437871243 0.006645364804089563 0.060305932415532254 0.00031607101883482635 0.021227586860333773 0.001145680309797735 0.06902311128390705 0.020882431930319325 0.055386524983642604 0.03230709854008772 0.049088850194873745 0.005794823716774947 0.02474397077653706 0.07001664351279707 0.062091645877752503 0.024606521547081643 0.02647339919255115 0.038485848901707545 0.07215066787125612 0.03196564556467783 0.03173240634406543 0.07688884752241706 0.117278589776025 0.043946224402569734 0.09359950206168029 0.08905902754634178 0.13175425736633503 0.1217952932319553 0.11021608561670324 0.17375623921897432 0.060788195258648134 0.08267045272939426 0.06339089354235951 0.07521757077554425 0.03753125650162564 0.013928435879778997 0.018692674006389413 0.03794273218960677 0.007221221859058131 0.0024122414716246693 0.008901098140636342 0.01290846218395317 0.003400602179830558 0.017186188638647248 0.006645990656934346 0.01934495968167287 0.06394750402768497 0.02509113330808258 0.04819289211957542 0.049277580126018745 0.003996314792902592 0.012805376705587639 0.03544894611856471 0.057679176409043194 0.050954142662588436 0.00702471828305004 0.05533398831995121 0.0692757678108799 0.027115467809856592 0.057771384412353285 0.025080120735162813 0.04259936816795347 0.020628332030258583 0.07906200195237593 0.025347541463022545 0.09968233364929581 0.016527160321416535 0.018451947251287792 0.03655795740291327 0.10142418107974341 0.09058942165936959 0.05006476536912325 0.0644600326160648 0.10205225682617437 0.03126805773760289 0.029871895162725693 0.005800034401078274 0.046009904842815426 0.0039478353255462655 0.01623558980704012 0.04750984119487527 0.013818087020551774 0.0003690802377410999 0.05354256798105061 0.020851960881780172 0.013263849719528304 0.026093297929285064 0.04978732934620448 0.050615734506421914 0.14184704475540852 0.05617803794161171 0.07495299840378737 0.052785766391811186 0.00574632320039837 0.053205452342061685 0.07666497115849694 0.09812414337820835 0.002220222800934985 0.01028378346524753 0.007622322604373822 NaN 0.08669256299601003 0.15494046978797085 0.003487615154505201 0.10925407730752452 0.12541601274640546 0.029542264905672806 0.044560497975992985 0.05506529959695887 0.019386789303780422 0.01767179569744292 0.0478264573604694 0.025637675901420447 0.026349750360697536 0.07098719705369223 0.0017209012503106621 0.0652990482746093 0.03704801821691143 0.03165808589765525 0.01631924458988001 0.023480574771739447 0.08037889820437552
0.22897407192086372 0.01647015334366187 0.04568903398302997 0.17480004750085365 0.12820075426038888 0.04714529363500971 0.052110145969733956 0.0378406022921713 0.011963422258607718 0.18481490759868932 0.014498469689322124 0.1091771424730414 0.13117833780178711 0.15049359657264616 0.20951014668318052 0.15167786621537369 0.024316608229173958 0.11856848536219076 0.10385671694211582 0.03623978493521769 0.03868222729583235 0.11304672792716268 0.03837258430702049 0.2032443478464157 0.14645698493162634 0.06169064446292337 0.09702699697263618 0.031102485335762636 0.09622206707193054 0.02763457132325089 0.08828755133426844 0.11237000735129585 0.04207891497809979 0.03698979193960631 0.09977525459735684 0.011276041688054074 0.07782821635342997 0.19183499120015082 0.06720897636926337 0.014861258611007495 0.08376614643594227 0.01618006971555027 0.21790505862867296 0.17110221283834692 0.0009965532027558595 0.07714465375445007 0.07508132419649564 0.06533421448996976 0.018388190817632634 0.11096224422522886 0.0360967123190128 0.08872081737073965 0.042506458582007314 0.023396309819014534 0.024898378394755536 0.011555236112874553 0.04824678238456011 0.06715626320298873 0.1785454754200379 0.2199677410028698 0.2439379754734866 0.3124417452227491 0.14396594060038276 0.20676263259745364 0.00879313040825888 0.10264770288800393 0.053392325972772124 0.057910666821926075 0.11378402924355446 0.07488845991783172 0.008180497973285688 0.0260828933049227 0.05276368093088409 0.152492615897984 0.03188319429019279 0.14590132460714636 0.18784587319560014 0.0822768346127571 0.09213957374254111 0.02354552741053679 0.08290049890196022 0.018465624848408153 0.05696783165988275 0.08631271222731916 0.11078258734195912 0.2678302313712373 0.10612185793242339 0.03298831348320856 0.19042295157643244 0.04577405767665871 0.06090742139416521 0.007588343403095533 0.01210992290030334 0.12940802362880108 0.017157365399572664 0.01417839122775217 0.08579924741381263 0.08163584882153552 0.15136857333946618 0.04358651083907507 0.029648011292278974 0.08616529762841495 0.08120294497243942 0.10262896220270817 0.06588955457116005 0.1001405716502201 0.014178812964471382 0.1997412781307718 0.1366814936976457 0.008598315023871057 0.21073195119185004 0.06078517724341858 0.08810490490519093 0.1019800357289168 0.02661618657228139 0.11049498180587357 0.06625559651266723 0.04728635771906667 0.0026962343724323034 0.031090301165823984 0.08816412419667308 0.0773951919170901 0.04669682199066073 0.13351806282134623 0.12053727819022939 0.0052040495429498705 0.0247074693966008 0.07912402799329825 0.02598912331860187 0.0015699445086560153 0.08544591232220254 0.0849785173792889 0.08074640675277822 0.036374965129437185 0.05653594152125701 0.02655028077491354 0.18996398848510052 0.09445105548841616 0.08322927639405446 0.0015142932976488985 0.044228097801200184 0.09021006734215624 0.08963545689406513 0.15961748980127874 0.03419123839551067 0.05902108997930747 0.045791732334916395 0.11553984831386802 0.13913813298525934 0.1108646992242744 0.07657569607021036 0.0008874846372247129 0.03602295828631579 0.022652906312018908 0.045677238256294245 0.027894622767831685 0.08710336299307865 0.012322986777960966 0.0056404825472680465 0.008609319035014665 0.1252767373305881 0.06242588845467562 0.0048466074101348134 0.06197566164537024 0.024570633455523645 0.023671624201042213 0.06981872412053583 0.05985453815151076 0.2722288137437823 0.031846449003397524 0.10131551052990473 0.027163812837358064 0.11915947093977954 0.22502180348006037 0.006774298053906562 0.05910881033400551 0.061495835365691094 0.04816556999723552 0.37462542210910915 0.30455814147235544 0.22298884161472313 0.08995554534769759 0.14603655741308183 0.16934779735604827 0.10767714729198465 0.0848519858986746 0.01825038633169142 0.02022339077939375 0.022875396452936122 0.1428933492162469 0.015751560473782386 0.03341568895062828 0.09692713972095474 0.07391714829046038 0.21985363702150462 0.010504410433432053 0.020096285911622526 0.11296204079045977 0.08085070623002248 0.0008852719815367479 0.05487201541949737 0.06727744960825051 0.022878490464874675 0.23429546370385743 0.1004313196238195 0.06234992133136367 0.08328241892915504 0.11951593349904001 0.039803350744087626 0.047205220644155235 0.03796004950501493 0.13919590870038898 0.029735014496101674 0.041955558365142157 0.004157343793378467 0.009331585019149451 0.10097374108775917 0.1652685561146363 0.05431912636911781 0.02659801243031856 0.1561720488042723 0.02840759410503475 0.1486367234145481 0.17091601732657505 0.01319039356285968 0.03657669323544423 0.10923142664078253 0.1400445626951467 0.005639778127847497 0.08388118879407815 0.004806280628203338 0.01755939264109438 0.054245791465124565 0.016296499757607847 0.0008471525867834548 0.009913413778017013 0.040115088665609304 0.03569111431446137 0.2448389259959975 0.18565990844448327 0.175595695734958 0.30185764027298545 0.19706952921752527 0.22656954842165475 0.06461845237741377 0.05972433253608601 0.053993389395705985 0.0324733796289975 0.19952199968503276 0.049864327901306044 0.037825913817034096 0.010974539964835953 0.015045392116322978 0.11663636939406782 0.0467722340797265 0.06526903043262039 0.19771382454443312 0.012371228496539129 0.10830131917574168 0.04083013146814652 0.010049404595836732 0.12291542637003572 0.012742398329800723 0.1785369877814883 0.14687507904011873 0.3165107695579319 0.04107191741990662 0.03522857828955688 0.022699365310851975 0.12056561335468682 0.05211464404298934 0.13771827710328902 0.02488840590450647 0.11420299548805267 0.020020975599021953 0.011684244347444885 0.03465460511908796 0.01529331637827104 0.18467483198641452 0.03925385300440849 0.07559667861569809 0.10884587761957311 0.13942257914701583 0.19094418159995563 0.10938489073666785 0.016383820321469886 0.04530211980140281 0.17460857533966048 0.11602767704665981 0.03749825398950643 0.26742230389754496 0.07058811134338366 0.07392285348423194 0.0450105701412341 0.04289616794919926 0.17685632340967997 0.09668063531566014 0.05550014938800784 0.0022841587343605313 0.010058650409434558 0.06012668940361418 0.03171313648505303 0.07646178855464754 0.14225591775226176 0.1068317916771828 0.04413225531803356 0.02521360187250895 0.025903644654608853 0.03017569939450712 0.04971473272457443 0.043055348267370085 0.06950000894188975 0.15811911959103853 0.06489209153268773 0.020342257094595043 0.10489120821396355 0.15207596867710577 0.07478600841534669 0.0035825289966293374 0.03951809205884824 0.021326776322071216 0.10580584590837108 0.09108834955108981 0.052203181421161156 0.02811341876641796 0.030978053095853823 0.07611739756598485 0.05509680897275271 0.14604567345081126 0.018426594260396546 0.11075981221075365 0.0022252747994739755 0.05898318364259973 0.0007566917081715262 0.04491254743380088 0.024963844973677155 0.07110503484522487 0.02951016898232877 0.07987806874982822 0.04007839159497157 0.03644862261165161 0.13571772806179483 0.004204926086638662 0.04321394632117905 0.0019288365782843618 0.054790002432194486 0.10752489893038182 0.040834774725733346 0.11512651141059842 0.060367331708220846 0.04528532669566468 0.04092851278151052 0.1634588249093745 0.07981497574349206 0.01463833118199837 0.021680640824608043 0.01450324469179808 0.08669256299601003 NaN 0.324001488071083 0.11056100941141765 0.10239791774792492 0.02501391738781389 0.12242290010843657 0.008456520170322342 0.05165985383851733 0.049153323774091526 0.09269420368775255 0.06321545013047788 0.02321808575151316 0.12470362840505285 0.05853305307987161 0.0886714715890071 0.0688470266196952 0.01987898727780466 0.07255220703769383 0.0476896586408355 0.01250069302191206 0.06001723780130503
0.2743967812732478 0.007908971683267953 0.10061862896719206 0.2189876026791832 0.17458008813788833 0.0316792146097644 0.003207518628817761 0.11332666458076791 0.07699887281099088 0.18151983321003817 0.024154952935899567 0.10782275219614006 0.170651022397775 0.1598932748028006 0.2697139075825075 0.01923780365594311 0.09182845722187469 0.1266096101105409 0.07752262459999944 0.016126176567527756 0.056807617328048426 0.13493186910568353 0.10295452313205981 0.24854966384828617 0.21005239632950776 0.07402905729431944 0.13532422732664892 0.02285863725758406 0.006921184744497654 0.15910833815307684 0.05238642727501768 0.0954025991113296 0.02052755653148823 0.06535908701141374 0.07018623778714844 0.026136997516456546 0.11495269117305668 0.24095454874626385 0.04733569557291652 0.012090075993934966 0.10003226125724235 0.045925606112929236 0.17952891457607054 0.26824286762627975 0.04067941789466109 0.0747423004170947 0.07551012840465078 0.018220292435628463 0.05996754892336983 0.07905453932536029 0.16412549327682474 0.12919784311798663 0.033123279849102065 0.08158586624239067 0.05718821758135524 0.07819086259942769 0.09406831603759651 2.4713440271143743e-05 0.2136794631126681 0.2919219702871404 0.20066959371934887 0.26797151153498583 0.17183334907799422 0.2542273213609739 0.004294232720280628 0.11100112424432824 0.08457940409630094 0.16513461439048135 0.05968162106124782 0.06256623736216486 0.044637738715342476 0.020862016296572344 0.1675078023963263 0.09005374442848574 0.027208750682286405 0.2287983137775527 0.17738670628035574 0.09328632708077494 0.09993091223862581 0.03339165813163791 0.12981529088838825 0.09798803923410829 0.010195571955524767 0.2224888336253981 0.1778523769558334 0.29277389524448283 0.2567515074511552 0.02991762107415291 0.18190516053425307 0.05836824588156849 0.07484337256604358 0.03122082976307663 0.09517067864815014 0.0762152309938512 0.0270599951054222 0.03672579815506289 0.12631101866799216 0.009075741032040945 0.11087498653278906 0.0253563851243087 0.060026005578281416 0.08982936740902625 0.04859512041307342 0.14551966982128356 0.06478662948668529 0.07368742746548528 0.06440221068025496 0.14083088113996187 0.152055572811446 0.02719782464414826 0.19107451901182743 0.08875219002260788 0.0465787944478796 0.08877030595319685 0.06907133268927147 0.09868164076093532 0.08848393327959934 0.02666147105558191 0.0072792678516497315 0.02265305950344319 0.10225986178277376 0.043443559238754204 0.05738458234359592 0.14725823669361426 0.06601765656893295 0.004384783336761191 0.029684457837986372 0.011139136983046971 0.03587369947052669 0.03434430153599543 0.05903359367898164 0.1205705586390151 0.12712448170432958 0.031338059530506925 0.05576548306690453 0.012734302831200181 0.106841679184272 0.09315423265859456 0.06548641029842972 0.01858047650859416 0.02814630508026349 0.07159657120055256 0.12288406817659785 0.11857582580090333 0.052640611786099516 0.0009894060833390906 0.05758165727913475 0.2507561571730885 0.1670643152489172 0.20518590798005282 0.14759787966674862 0.0840593773200423 0.006500785408983079 0.003912885566898708 0.01035673253861743 0.0653955968666383 0.19853716084000025 0.04115086564076372 0.0036144080268751587 0.015663919425498128 0.06680976574768263 0.03085223286922953 0.024788172889484334 0.008433077043482486 0.013056758518411496 0.09802935035324442 0.16237322051382871 0.044637559777276674 0.25534744356860134 0.03729756816221749 0.018011737477810628 0.033847928528610495 0.22530758084328736 0.28371593385109783 0.03609740235076435 0.08900789947042946 0.03499434256693893 0.08268403118683752 0.3764295461243032 0.30813198567998856 0.2731260427257059 0.04477742466727265 0.16917938278532102 0.2669877629346915 0.20861845378319746 0.10297868543204124 0.0009786499726602475 0.04580877769154262 0.11115601431691986 0.19465371150996025 0.01306187210455724 0.06100865011049945 0.13515503680042332 0.19352388336862195 0.2888750385192064 0.007316125636938387 0.04757793379335338 0.09588940264985638 0.07669118015859248 0.02447365122968201 0.04780028740496096 0.061314071470470646 0.031366946517045344 0.287251515932055 0.04776486044132865 0.03909453017685518 0.09666204824567279 0.23001266972284143 0.007157462660632381 0.0944321035321568 0.009075107106520965 0.1423811171146147 0.0649692351644043 0.03774921446502612 0.060974363232682856 0.03808850169628091 0.1480809655889787 0.20656276655396275 0.056730278214591034 0.015091988533477842 0.16093594065137004 0.031168026841548693 0.15303735374153613 0.16450888357839835 0.013422983252467092 0.0511049536178789 0.11464344906441618 0.05836353747569853 0.0392203567262804 0.012282485823125498 0.13608395381833013 0.07457144152593416 0.03194181870828563 0.053657321003337206 0.0010994693418707728 0.002380607894029055 0.0022584573401949197 0.006266580335928169 0.22911047085185215 0.16985021407416276 0.2543350900620998 0.2486502843985306 0.1874124975668905 0.24010675217860986 0.08187512110153292 0.032300034512878564 0.10905983162753546 0.10168130726239 0.11055416937950764 0.07872405198956803 0.054751758050162316 0.05018356183070611 0.07395366188582189 0.06547996044165924 0.09620619688544822 0.026288645699036196 0.21689801231751724 0.010179949012316903 0.07090243894424973 0.052997101677395485 0.01957573763670787 0.01766745218056595 0.01835900172513969 0.22544332121334423 0.15648669409292637 0.3234666401258106 0.029757676138714773 0.08349429912769592 0.05940903159622307 0.12134848001684424 0.029839909835027465 0.13145182154864335 0.034452395442855485 0.1406576613689391 0.0004841983262657098 0.03659026948388727 0.01139041429817259 0.046997590509507546 0.18215605831923035 0.05208733765523032 0.07591695709586911 0.09155419110233419 0.135525387351063 0.2069701058841905 0.0966739194618672 0.031600517670976984 0.11608730434553681 0.17873327182893725 0.13512390549577943 0.05931490117952185 0.25639771604339723 0.08662337426346547 0.05248795582629681 0.08594672016369839 0.045531844000429075 0.11582512336454058 0.0646837876533081 0.050409213634342295 0.0974673741069081 0.011337723639742133 0.1283082017772871 0.025521635275286492 0.026588606287282237 0.11432543485476772 0.09339021548805895 0.04872174771082793 0.05994314322663538 0.041047252189122 0.04027899131776388 0.03277500052358111 0.032050235439308364 0.0645339915161088 0.19602392724645942 0.034230661095040124 0.031743282734736505 0.0914784618732489 0.061682926148426465 0.1184795583431279 0.02410413910116964 0.027927189075486896 0.0004904676243183784 0.08482518002031475 0.1995550830135374 0.10722124090076002 0.04617887459881453 0.014939656585254348 0.1021950574362331 0.15882040558109442 0.14244757619037696 0.11615648618788321 0.21555117931581655 0.0267229030400113 0.09578830368647567 0.0051388732312346455 0.005900060097868984 0.02516658575650599 0.05842572562654888 0.015534660121906036 0.07080376921482104 0.022305579931053202 0.013087376726327407 0.10410996242384064 0.00879547243572192 0.050945136534910625 0.05564260438332891 0.11582045363727894 0.22735038492369314 0.01246877455128701 0.1279148322342419 0.030209367009487426 0.0048972807550844814 0.020187673575529023 0.16037500011510258 0.18019823579844646 0.012419621596999839 0.035064117713350045 0.00013978440998723066 0.15494046978797085 0.324001488071083 NaN 0.023792735915186356 0.19466189795423458 0.11027420091406799 0.08156410199433445 0.08095134670639144 0.07756560339931351 0.06772226936255227 0.055507714820943514 0.10960650125609739 0.09942842755070337 0.004098497134325731 0.1502894388807683 0.11304423193931919 0.08863746254574995 0.10279405817286802 0.07000952586451159 0.03830982195083673 0.03991359403379269 0.05083872236571472
0.27846237883707725 0.2829743545278976 0.03158625097372802 0.2106255559510795 0.11136265117525364 0.12934410997651172 0.2273640960527014 0.08920574184661832 0.19979862359133999 0.2198923143293215 0.1515887936214945 0.028846000879788107 0.17527538311576962 0.27995939760759747 0.36460567106545194 0.10844851309428165 0.019217780030692917 0.220746581514398 0.08040971442228545 0.056847532086792524 0.10440947819426095 0.1186476758386314 0.3273242542137425 0.22647349522698002 0.06367871972000914 0.012092937029547017 0.018322778991184473 0.02131178840583658 0.039439243491917596 0.11616699905438156 0.17079964693531985 0.15045118108798505 0.19060705374508538 0.1307403214707571 0.22492615482984646 0.054998201978475804 0.0703765094516081 0.12173891463580477 0.01971264392624081 0.20518761775277944 0.03183780921547762 0.08736982821878507 0.029287468220459266 0.18503911342981738 0.14041112522648794 0.03856073469467822 0.014048733991302579 0.03555792260626874 0.012294525264575713 0.14547571815408755 0.26833633492330883 0.12810761708684887 0.14179369935779385 0.08860835411986669 0.13481665508933646 0.0979777817059745 0.005229900307525191 0.024257544942107006 0.08388979784033798 0.04238191921056924 0.031956808389906784 0.24467221471589584 0.29587810057553227 0.024663625889454692 0.018224672386346882 0.11581952811365114 0.3017640849098597 0.08359094296259652 0.2088960977027495 0.15136449972500166 0.018793431615646682 0.07985921040648983 0.08192251802717464 0.10762357482138135 0.040027274344829236 0.029630095365744895 0.28278657671393714 0.09281374339022583 0.000838985622264975 0.034401065405226985 0.055014962569896235 0.19086245508727012 0.06194105153252986 0.29460749858179675 0.2527239762765771 0.22171506448946196 0.03396181921233353 0.038270103383442354 0.0073269920600278135 0.22522936438807992 0.05553481699282473 0.09418549290594656 0.07604682622377266 0.09235645388911967 0.007630741488382308 0.019795129931248157 0.002513491176945143 0.010642323533959924 0.2329073950263938 0.3091009227561589 0.08823043127127668 0.04138639098095012 0.16030868168475204 0.011360044912946655 0.011651460707703192 0.28974193243102614 0.017287849107417253 0.11208989640836643 0.21662723763195665 0.07632929139181142 0.22210498961288838 0.10576724219511786 0.013910422466665589 0.1560081963201464 0.2444061608668616 0.08623504362263139 0.015160135143663262 0.0545000775726149 0.018053880826064246 0.2039780060623282 0.00940649924629925 0.07410413109795991 0.06891104131552545 0.08595398084104373 0.16061244355550136 0.053851826866341546 0.061571862417514445 0.1531143502146179 0.0518071679676988 0.1520028518586518 0.06731005561420461 0.12869394559836567 0.16823929816126232 0.052414708313638717 0.17550091143092544 0.07168022502064021 0.2660981788387761 0.11336913946903057 0.030400106712348097 0.08865127011041665 0.21891734384956862 0.05739325112674434 0.026119333757868582 0.0015734787123986276 0.09115132583912003 0.112670996776174 0.041153570403606406 0.14542393229093895 0.20964297506844004 0.0970517515774631 0.15774412601989146 0.03030964752529584 0.14150621502396118 0.1973556613983003 0.06108935439887307 0.2099486184249341 0.12859599045707698 0.06308128934870265 0.19783922882767274 0.09790928843383027 0.18061431660312255 0.04770120530540631 0.14366232017513192 0.1090965221541471 0.06452540774185528 0.009772564629310608 0.05241251311680461 0.11549626095763066 0.07684181936198971 0.07727544662351209 0.3897127107048136 0.02608434237564164 0.08830759387086896 0.019317785960344072 0.1731739305079544 0.13591122476318823 0.012124197223384906 0.011619877169037188 0.04897881418098165 0.009438320288473809 0.3259750063384139 0.056584312481915894 0.007810460457972734 0.34395157108027524 0.23042060091648014 0.02851156397711148 0.05289164313982436 0.18783733272156194 0.14864195896711468 0.03957009084384857 0.014459421109132672 0.06916013581087112 0.3739365439398503 0.3586681454162279 0.3761446349974504 0.09769322973032439 0.01939075482969738 0.03477153745089512 0.0694199000275579 0.08620127477232355 0.10736458166443469 0.05992019838115285 0.15552253383520626 0.26709617344990416 0.07282682959658685 0.04444708037930186 0.13393518966421675 0.016513612902813418 0.101507424840595 0.17551112594892757 0.011873569902513391 0.12784677746152048 0.2093260807737637 0.09600165399754121 0.14078737814837 0.14351179562863783 0.03072949619053728 0.22447638810003379 0.001571454909522154 0.17015872066080448 0.06972085220082287 0.01706545177252054 0.12650748716536353 0.15886013033608457 0.17697810231210506 0.279565593331299 0.03540905872010373 0.009252763303509309 0.09142106076765212 0.308407866642281 0.21511717973134684 0.0896607940863541 0.051982688666158836 0.03469701948571432 0.17438890510528468 0.027147360812577043 0.06413563221607628 0.09488402331898758 0.11262315930188584 0.09450270258867309 0.10296739947104071 0.013395009972534328 0.15076574741350762 0.09506088601276637 0.056396249307557524 0.1579519682724763 0.20061779212605121 0.0399907265860434 0.0894532622578792 0.1470216566574107 0.017938884155559786 0.09737467090315537 0.03372834577505 0.13499601086592125 0.05501015663109404 0.04871783578378075 0.18032661614460438 0.03991141483253293 0.05966743296810081 0.08868503419239081 0.07194538554182478 0.2405345180847682 0.09721501174819921 0.2657509873686155 0.24191412744066415 0.3315717172797734 0.09527267282489316 0.025969723184026773 0.317958011448394 0.028383514347836546 0.03152504293032357 0.08166416922783608 0.007683023528371416 0.12492218241559835 0.15779662667089317 0.08452367819503044 0.16631950857136224 0.01095966118220458 0.20733118985117796 0.062050041164500774 0.11504597695280092 0.02362094619276095 0.03643205203677858 0.09172706641747935 0.07704833005051952 0.11281902441075023 0.08211682680024043 0.04540142671670585 0.11617274650479137 0.050545115306491 0.04412355746785014 0.04329442950982765 0.09270999305398951 0.10143514586723461 0.015484516287966446 0.2360682512683924 0.2812303613372771 0.010651974053135758 0.06286214524244872 0.061102503297362894 0.11973590851672815 0.00783675406758206 0.033057578728023805 0.00011399161055094827 0.19532835380771926 0.04914629748014593 0.0974459772711955 0.11681278224577128 0.0874671199206077 0.14758427102628682 0.026986756554359975 0.05922536569787577 0.29474659439477424 0.09890480622031782 0.06803774987849602 0.1093599659120949 0.3226091272770779 0.13297108204934016 0.21182435666669447 0.017314513381356048 0.12852343774282077 0.05505562344858138 0.2583676481466998 0.23004383663648367 0.15388388530604774 0.03290737562227329 0.09153450582967704 0.40160680183433156 0.26344783479772466 0.048893130630804756 0.17987519346218084 0.04276996120309364 0.021798861928585565 0.0988735162480995 0.1586783313003042 0.1699422430702552 0.10564461402768363 0.02247602669031379 0.06422601929680866 0.04608675664241663 0.19104146092937677 0.09684319809080015 0.0655459050602896 0.01942014925866559 0.012939655921709271 0.08214567987321564 0.05026501272310719 0.029121428931793956 0.022995824444544604 0.1022577286671921 0.2519297287969237 0.041814201891852885 0.05099121212132256 0.14593186546316284 0.2125943013793834 0.02905324134430892 0.129280314107438 0.003487615154505201 0.11056100941141765 0.023792735915186356 NaN 0.4410685845359467 0.3539836702796295 0.18524669264738297 0.049486482050840656 0.4593629044575591 0.10280622408214568 0.0361376804836525 0.1742609968977349 0.2706301563030492 0.9336801255854413 0.4779937365530351 0.36478180984219766 0.3382975217718368 0.07412039929621696 0.14309434838425347 0.0579327962433924 0.09945504897475205 0.2865841213960318
0.440892169878281 0.06142724653994693 0.05335406931157882 0.4219796033133503 0.3419120921258407 0.11656977644336353 0.01730397999920026 0.0289337571974729 0.04852153071724205 0.34472759868306896 0.06986101880950348 0.06124474363105314 0.313595641627466 0.24512993757963095 0.29853694311753987 0.013960552977975542 0.06285428049650196 0.1467774019338424 0.13553855664758982 0.13706250276341103 0.004479109313657417 0.13558015529942677 0.11801700264327947 0.3090637026755375 0.033891910990438055 0.02364954923415883 0.14776922797285055 0.11132418758225555 0.06682330827545606 0.012712047053307795 0.01807166810376164 0.13135188486171212 0.12558001119236326 0.036513552083946896 0.11643142541326042 0.060076013819844835 0.060095421911366784 0.28168988911843507 0.01828666181661691 0.091199189870818 0.13608260690455848 0.06808384706438626 0.1041852422540169 0.29322025329447754 0.10408267583069497 0.022182740497973693 0.00010961640307764013 0.07021998504375816 0.049203658971786766 0.003278707008144351 0.10119675631452167 0.005819543244026859 0.019245262825493922 0.07308035097550296 0.09117787710180732 0.0715705281182358 0.13379453957872323 0.0050642009404109085 0.10650723235150851 0.19572755641142034 0.0907422569143253 0.026867160244699675 0.09779660574317527 0.08220924406016814 0.03926544558874843 0.12169525901178588 0.06550239681966702 0.1166202854167329 0.07086345340240498 0.15149565143452162 0.03144542019821846 0.0529631748003654 0.005240307466841676 0.009482980799740703 0.012529231266863238 0.10701037993597712 0.10541683377755572 0.10256541943558685 0.030213700369801675 0.040956840011051 0.05711347119555359 0.16886291635073308 0.040997668040809516 0.26512775234081515 0.25223298147536044 0.2814366823584073 0.15151068688545624 0.011532492385180313 0.06685920525788086 0.03721726415651252 0.02916441655526193 0.08872973819715431 0.04060668795886853 0.007177656393788204 0.0121307211257713 0.07679971375780027 0.03745712763683475 0.012879659973741403 0.02569135240199 0.018979928738694515 0.003101620484444807 0.13151128910224077 0.17523450207558489 0.16878765791130745 0.06879687955136368 0.04538716754863088 0.033562155496652174 0.04500586859926855 0.05561395267914279 0.012826989542451041 0.026201435366295146 0.02035148258805133 0.06992876239313774 0.0028673128328468994 0.05681498793024642 0.10347052563848318 0.07236173878056001 0.03337018635019837 0.020487205104473723 0.13495109909161668 0.19847867564129057 0.0787413161328735 0.0380620126303272 0.12393422232334145 0.16490765689117118 0.025044545433755994 0.12226623271815054 0.05888414289410307 0.03189147989056245 0.08851115049426651 0.09337082067251003 0.10086912716762342 0.020940256427129714 0.062365486922991716 0.09771935171188936 0.004699265496193041 0.07353650256565114 0.13761933757255088 0.007630433828612034 0.07279299102035373 0.03096575971880927 0.052656768988394324 0.15752243000432942 0.0783816831329106 0.006875289563469781 0.08138728181045023 0.14217581694900994 0.25166872069538454 0.18507978914913667 0.02526193974411791 0.0007080480946396234 0.1183770809589362 0.017098282283895587 0.03246158585384012 0.009052856146815384 0.07943526036864385 0.07738607755731938 0.030638569938720765 0.00493809762698021 0.028214519429367164 0.0933331217249661 0.06527595359290342 0.01729737240494752 0.05939131485237495 0.006714629525620359 0.07603812018949811 0.10458373037569278 0.000121811495539398 0.11281944913974122 0.05347602178100675 0.2455088030156382 0.07507692132926536 0.2004954585603294 0.2263570016148699 0.03608371558068056 0.10585116202629746 0.01660420936284486 0.13906883006108786 0.24988560716571342 0.20612776547426548 0.4698427407268028 0.10271850069011824 0.1830587757550967 0.4726524904802984 0.3630937515661222 0.20301143981826492 0.12255545168705492 0.0464954621976192 0.012861788606069033 0.22502663504534 0.07134672824556303 0.011651335242310455 0.382067931731734 0.3029193278774902 0.34152021272186806 0.13412077467253725 0.030457796813309086 0.07197932595072257 0.17276216319761045 0.12845445629641017 0.06013194473730829 0.04277892830488011 0.007102632690733047 0.34582554057185255 0.015372510211600849 0.016365095761348432 0.2167991167206141 0.16093451162465872 0.11559520372994576 0.08534322264800369 0.07730335889574691 0.13629380870516236 0.12411922857142953 0.019608109924409662 0.04410235073249514 0.19098394255232654 0.1595584816468794 0.3041995615821026 0.016198729321822376 0.03551932673814269 0.08757644947010121 0.02587170591740357 0.17613963686369097 0.23650464072234934 0.1769187067518058 0.1872310504546924 0.0927979372829685 0.21056190407861655 0.16139250454105075 0.18436830654375935 0.07588619484374536 0.02667652556620226 0.05085806400066254 0.006199307409496039 0.10982992163406403 0.029174671716218285 0.10858185088364755 0.06369063149002771 0.25584450299361794 0.18449548145754438 0.15667092104475963 0.12359762223457527 0.0021417954112343553 0.15362640886405896 0.009107667631430106 0.08642554486347112 0.051952123573784086 0.0010344563622330441 0.02498450362238301 0.09417569242833251 0.0408915252102456 0.06167080357718476 0.03142447393143924 0.023374809015946837 0.089198446765159 0.07299581485672406 0.014862954100671353 0.0877415582654276 0.001762930269720131 0.0639940019179597 0.0642717516700267 0.1604731711285871 0.1047772603626176 0.3209490086139579 0.21832607879396682 0.3408970493802333 0.07342036218377082 0.06153956312698044 0.22776691873014437 0.054939418387207346 0.02102693708205477 0.1631339695910088 0.02945635041775723 0.08159269709398716 0.0893804909565719 0.11745347666474297 0.12877128783569797 0.0013790340340727252 0.043012687487069 0.004365203321319372 0.004932518866751584 0.07832607965372627 0.13374702603606678 0.20456791113057304 0.1969822155823132 0.0017993697892759101 0.2013292665417688 0.15638736696542355 0.05476178996208136 0.06796622904814353 0.151369243729194 0.006952031045448326 0.018033216420363183 0.01969463948597418 0.07607383157009875 0.05275921005208478 0.1571315853963156 0.04359975930383349 0.0040994176149586215 0.03087946526742148 0.1730323984280542 0.011653399598201495 0.04691821128904843 0.10243234732973265 0.17586342474777394 0.012320116694832026 0.030843245877015067 0.0754356163927555 0.02942337335548546 0.05152706554450441 0.05917692384683328 0.09860298364142561 0.06978005886855768 0.008780240561781203 0.03961495904222673 0.05201013775813104 0.19719130078122146 0.010080868376079443 0.07107026859817954 0.11943554290087774 0.08178628613657529 0.10493404849386523 0.2809478113462271 0.12606347971255588 0.03516288054278616 0.05067646461867518 0.07587034896199199 0.3089040285394575 0.1703530504425986 0.05008325949301179 0.008997759321172109 0.07417042405088976 0.01664811378383333 0.03396933105869561 0.045460995292571825 0.0010482883226057553 0.04986656534742571 0.07084504123619406 0.054992463686987327 0.01351055715537812 0.09451333659418178 0.15321721048442583 0.05402205558413111 0.01341149381495801 0.012258396804590095 0.17516228297882225 0.05351610344541362 0.02143386416966031 0.12899463926733798 0.11734175799803968 0.14498578402361983 0.02543655939436541 0.19341550407330294 0.21911436676147436 0.10899908964771013 0.028436160992349958 0.06739429108186128 0.10925407730752452 0.10239791774792492 0.19466189795423458 0.4410685845359467 NaN 0.2599046293367656 0.23837915156210546 0.07230300925129672 0.34318950342253135 0.11725331018724011 0.06739386010916333 0.12266464153210536 0.13599566949089048 0.40055818773254903 0.36186490198399074 0.23655309056267496 0.20671677767349986 0.11325365554414214 0.10539915445568976 0.09792596485381745 0.04326759553043427 0.22459282393106483
0.17673867493151463 0.014633032378814545 0.043869124772590626 0.2425079746520587 0.198326873838234 0.10176384924777832 0.06747529360178006 0.016925193350512648 0.09499920933537935 0.1761230208978805 0.06819430722258975 0.12231579515520545 0.19388010991399046 0.1737042136340464 0.2056818321956085 0.04844819841879509 0.08922736700691788 0.003177747122276895 0.0531535451012138 0.15238134829223163 0.021923914764920026 0.035336336741005274 0.004574145725630042 0.057431975920679786 0.04028414114687232 0.07009652604392191 0.06753099144987064 0.09415250450385373 0.010818360686187044 0.07786468381291559 0.0021313560021227816 0.11180064890230686 0.1445147403312388 0.13828733763562023 0.13247883237012506 0.06502972490486156 0.05055447949388953 0.04733264369312404 0.007863294277312024 0.06954453546734905 0.0074592581907631525 0.015693037845214468 0.005336467433269641 0.10080319002253794 0.018166787837705624 0.0034894205093629256 0.04547728886413631 0.13425090912090462 0.10928754241855233 0.04523225719842245 0.06327277275395483 0.011053401613850813 0.053162873248075365 0.016421466139400515 0.038679607341791176 0.01426628080669768 0.052885366492759045 0.005691330123526565 0.0014970431239257468 0.0037215492673007573 0.06813184105241854 0.03307377341326531 0.08579622255777229 0.12966733357449212 0.06254162851045525 0.0984786049134632 0.16185752662371466 0.07169289626232767 0.03879396792928912 0.04152657277605959 0.09919469575082869 0.11435540546328994 0.08115598768150786 0.03896102540849052 0.1382977840738773 0.007405494629850897 0.04116946088772604 0.08725513341866153 0.042574463412099514 0.05714841938390805 0.09553278749122311 0.12246420211315824 0.059331779164799536 0.1661839560918942 0.08860921611788942 0.20850353314516457 0.20274065453557216 0.008631165962953706 0.029371432854581207 0.050999401311371304 0.015314131745675249 0.056399123582973346 0.015009555598482388 0.028332165825151332 0.05570637416041359 0.02679217880736986 0.052096276075189414 0.07024274861149307 0.07231593713204212 0.10844783148831824 0.0465860267082993 0.05781513461081943 0.05542572679810318 0.033723663228993186 0.07005842880578944 0.018265436322497528 0.01711626289613267 0.0318576030238232 0.013766284992469277 0.08569348555892732 0.04005612290377902 0.012081332718847008 0.025395577597836033 0.007263565181549878 0.09604257660077437 0.0027249486437044357 0.02117282240226248 0.05267752256035876 0.030693091552636463 0.011904375259107128 0.06631160198846475 0.012357170699790353 6.263087655253574e-05 0.003458468837329963 0.0027952661228541034 0.019442383404216564 0.04839169592823221 0.06798998966265746 0.06605596618810271 0.09060596781292045 0.012086490876904481 0.0708182535936681 0.03843401235049536 0.02784827291448145 0.07133586265275896 0.03441598414113216 0.06597837617713972 0.02636820172367037 0.07523022920936522 0.03607464854453644 0.04677271497054899 0.05608377530844488 0.005868110636602185 0.03506823672972648 0.06914393346993127 0.05390402016757261 0.00444351953459244 0.04879674217150222 0.11377871726999346 0.0979664437863552 0.056295729898172275 0.11575138567076182 0.04420574353646845 0.003112855436430999 0.03525657839968628 0.0333438886096582 0.06248178133025305 0.10137553282813924 0.055707865402328686 0.0327931256380677 0.0323731597253842 0.12106422943547968 0.011641379594643939 0.08921791777892746 0.01385186998184708 0.02404324023931141 0.038785447700258845 0.043744998230154084 0.09186034800339643 0.07629665352912726 0.16661869021113887 0.007010072816629856 0.04955094756957355 0.01711588788870421 0.06307279969554004 0.03864849620177147 0.04590896407471145 0.06022750392473993 0.11357967175995509 0.11577621022572611 0.21231984068689344 0.09347912428346061 0.12574844383044953 0.30106317577266456 0.25192299968421233 0.15340296119694238 0.08265625248493792 0.011958871598168308 0.057722650259287835 0.08898016833569114 0.08338561163714758 0.14331534729952655 0.28747082902283183 0.15051676304763456 0.1780571935503632 0.13000641172121735 0.10521833590267404 0.10255162877403992 0.159337978199155 0.1930532840726717 0.07189963444765912 0.027875236364649184 0.09774689190208304 0.13567708626271932 0.09071735439132535 0.11148770777938798 0.05410594227216861 0.015722497602599802 0.06061434368521758 0.09066705969402707 0.0015630509699278315 0.16116541917616087 0.16801414543168408 0.05284398231381113 0.12020437435566318 0.08119577228999501 0.04897606926547806 0.15497734483840114 0.01269462069939053 0.01119396535788687 0.0507748425408816 0.01733740393671842 0.14275816416735546 0.07215607401360649 0.0542454604942876 0.1111455649940101 0.03907450223662361 0.08321196202919304 0.08282836184534563 0.12691982599187535 0.047877934741014275 0.017185945301114815 0.004531119176862582 0.050224462404094956 0.053889325359007985 0.08981341854518719 0.024886884324354767 0.05757022622769347 0.13050551339559738 0.045631480948361884 0.18966841094416467 0.12915790996759471 0.01061735181835871 0.214264278982742 0.07213970798977756 0.11887592081440153 0.08690805844955786 0.028089562561898037 0.05037342942411182 0.033018174044459246 0.04582886395740854 0.024384933758507983 0.04189693625234695 0.03311441811501782 0.04198668098726858 0.020287006720453537 0.024276746566005536 0.07129700261450232 0.013089524645338161 0.034209329497754064 0.05933364418889125 0.0696931879029045 0.07567939172884519 0.16646618107291067 0.11312210336739435 0.27324685893359163 0.11291630157268714 0.12230392331618606 0.06091292336199258 0.07224407360021551 0.07536845637089018 0.0723573902930733 0.028215409568120114 0.12637904871212025 0.11437678512984557 0.0463798108667165 0.1020908422112545 0.00032434790577831916 0.0168362463599318 0.01776239388654374 0.06033563035681023 0.030869990019601844 0.02590081423161458 0.06307388094401595 0.013446653986956906 0.031414433856207964 0.10602128911540902 0.027239860337794346 0.03147984897137759 0.10226653458114598 0.05802490123718573 0.06881119627146395 0.03163088811518946 0.09593505571710415 0.04262391691129128 0.1566138687440936 0.10805852980843235 0.028899984625514477 0.03328692209142294 0.03469710566059261 0.13312953206600373 0.06414342018321571 0.0249815845868576 0.057087550033874127 0.019068713834275133 0.006793459806261271 0.010660792604306637 0.033815814472048185 0.0996423704168708 0.08675419755280744 0.04831731465795608 0.03868964025248714 0.06142717762259679 0.08777014203232199 0.013258625266310558 0.14995278243004376 0.10661685440697555 0.11836228118020259 0.08635092434366971 0.14264626419838156 0.02580181096601301 0.008927840145807216 0.12177942260419979 0.10272727858362828 0.058918586991177975 0.03255497632048215 0.06641531225866142 0.1599412912695079 0.13148012594298916 0.0784433274703054 0.051712763921472255 0.046254019766930256 0.02035841460338203 0.015631848106504358 0.07097492014263156 0.007516829049673157 0.11018172825503228 0.13772861386939617 0.16213523658899198 0.06870209174543146 0.11038454253818225 0.14313785165483647 0.1508235421535308 0.06535253070969316 0.05124606393652555 0.128139680201881 0.029186542782087994 0.04912750060333995 0.0201074700087478 0.13244353472154274 0.049231592264721416 0.018746004993584225 0.09805744699740171 0.12651816562494425 0.001976349552807183 0.057180792196192376 0.09163756223872202 0.12541601274640546 0.02501391738781389 0.11027420091406799 0.3539836702796295 0.2599046293367656 NaN 0.27475932871199965 0.0532182002378509 0.14231196740176094 0.01460540305359474 0.08135790907018695 0.14577606087420733 0.15061248103888714 0.3294638193418656 0.2305873816529671 0.3373197522818495 0.27506177425605155 0.06281180661345274 0.015710297246977978 0.014451705963843414 0.06936036469002659 0.13842345219815694
0.18504783716578815 4.275010437067454e-05 0.061855382922381665 0.18432667622120535 0.14980567462942554 0.06289263255077106 0.0429657401343857 0.005397043613648393 0.07082383695686761 0.19198165345312534 0.0003046160594439636 0.02926305383720622 0.13409795383539702 0.10540955326605525 0.14781134877286317 0.030089400819213845 0.08625768082588807 0.06441630502511102 0.10569192320053895 0.09696084264281174 0.002986820088881876 0.028686856941986395 0.02620833486865213 0.13652969301477447 0.09265591056275628 0.009734679598214325 0.06934016433843954 0.058415003181760655 0.003377761154116576 0.013857823858034244 0.008002020588335646 0.03081227903896715 0.03139635945660333 0.05878132074520209 0.05519233507528732 0.007251101296358356 0.08166614989672451 0.11172853153132645 0.06863091291729131 0.059957804283042204 0.0810174183969042 0.048527378550362106 0.08616976695681171 0.16086697337200948 0.11704881988068848 0.013371145485021595 0.04578072956040117 0.04890534864200244 0.029744978351582296 0.036080392417998375 0.08173897964063315 0.06144357975988742 0.026784650698573404 0.04493034965673721 0.0502798864654437 0.016505652314242156 0.04320154846698986 0.009023414941109056 0.047586733220442386 0.07006316905000008 0.05588147022618225 0.05248845000382982 0.05056082725969066 0.0877284471440723 0.02380562781982958 6.958892815651426e-05 0.05349182007799536 0.05754119475428238 0.025228442583425322 0.10903229763513007 0.0074792101279006805 0.02980310627132276 0.03603867657283172 0.037349604139899795 0.027213561201607187 0.08666133985467808 0.0016491981340476978 0.08861912101848282 0.04713994124040691 0.010754895755581086 0.03293845453861504 0.13949559175906237 0.06005905074414818 0.22713734705226482 0.15210409335623015 0.22892389957387507 0.13739163496076026 0.041111405513191514 0.07107205540388993 0.0722788070842703 0.03360304768257972 0.04028825785662352 0.04583107486998321 0.0604857264615282 0.020783220339641598 0.08587443700074876 0.03392124545840574 0.023642017555049334 0.04735040781010864 0.00894046055320981 0.05498464228606223 0.058687531513023694 0.08661011834125264 0.04183490056871506 0.03688944114561341 0.018836150312082175 0.09636822422523651 0.1019597343415959 0.0095726996981306 0.11179744026587274 0.10728424876748893 0.015569089844928274 0.04401302499466366 0.04607421264056998 0.03371243697481773 0.07393769881259277 0.0826389840129117 0.050808775351610595 0.025246174280379098 0.04538234895409779 0.0033980290336602915 0.014403338377265673 0.024134709883349197 0.06116930361043476 0.017699599016455833 0.021035203416448395 0.017307705299113185 0.01101699114733904 0.03458571808893519 0.015999669152924244 0.0613895062964525 0.04908666057471718 0.006932663479509376 0.021696076535813544 0.05810144388122623 0.06874723086230757 0.006064570815476162 0.04612240134787941 0.02648792398576363 0.04364047675620552 0.014490697670112431 0.03065614758918566 0.12299611793693829 0.04329748424202052 0.026754092017315146 0.026459830983836533 0.08943442433990051 0.17004947180209054 0.1022257630687775 0.02652531367677745 0.016737956113650265 0.06981450263036496 0.018465667186686126 0.006841980867752352 0.01654494840871961 0.010559463352000682 0.011016642634924046 0.051544943919289404 0.0460075298240971 0.017910887790229164 0.02317995758597152 0.07273031912298342 0.034721021486687646 0.01754221468570886 0.028183183357707246 0.05670181337068843 0.024890489371659833 0.08079291785832285 0.1040366366997025 0.10891369184757212 0.10404105457179214 0.014181154036338274 0.08388121412348319 0.08132572918373453 0.006799013615022884 0.026020309569780097 0.00252759244551918 0.019830714362036667 0.08802660954758798 0.07487539175493903 0.20246277901871512 0.056515079676597565 0.07455864327081928 0.22375872688011325 0.1770420301878298 0.139026361050508 0.1005944854039037 0.017439609208037585 0.048738193826118 0.07230802267366342 0.029489059011324807 0.027611007332074538 0.17439925497130104 0.1068249012431501 0.17561416857304527 0.10105576616268647 0.1325826437331027 0.013818652015221112 0.14215340036339622 0.13727125181553465 0.07745263551902647 0.027402169365748852 0.0070427671671971625 0.17529439164703894 0.011597251958650953 0.032508976992045725 0.09937830229455367 0.10607532618834051 0.01619152704925392 0.022579216608562377 0.012141287222282714 0.03478651820923877 0.055487465974188875 0.024874859684357254 0.01092543254425927 0.031082530143365577 0.09186244295763626 0.18543879781431924 0.01995864518641902 0.04416711575670079 0.07845397111691645 0.051405577227803 0.17259368409114223 0.07133493901708222 0.08262427115176435 0.09336304174640728 0.031188747683683505 0.06094198075992633 0.06251812054180575 0.04587658690021337 0.03796920227625825 0.04234180016355797 0.03931722512365901 0.08088804481557538 0.036247619740684946 0.016353843087077147 0.006900495928302124 0.04203152152700673 0.10544357740625626 0.05640103441862663 0.09483570965256193 0.10363247750758982 0.033292932566552 0.1386409671065764 0.05313784352812355 0.07833694396265597 0.0008549574380612996 0.002730422506784443 0.017133387525958756 0.060049507894161 0.04449533908763401 0.005338091125387212 0.016361635204517444 0.02771768729689269 0.05379675456211382 0.04080188261802023 0.0008274429300896689 0.06139539081233937 0.049022962407001915 0.021985514975537083 0.015567218764110302 0.059128186149122734 0.030856388474835246 0.16289655915105664 0.1813980810993314 0.17532477338186606 0.055607694295770366 0.09243999176542594 0.10886552619675646 0.06555687410221538 0.06937513676857587 0.08054556946257099 0.014044570978044648 0.13908347230080165 0.0944103636213114 0.05058250175861225 0.06497397725053924 0.02840410028911769 0.06983966585625828 0.02204077993864743 0.046157828963902844 0.08193032833355647 0.09843150857674239 0.07393434119030567 0.07048491473620265 0.03746676699828162 0.060451865379993044 0.04232899118923708 0.059283801555551144 0.038760848797737564 0.0813519119459806 0.05735470361290229 0.0020303572449024143 0.006091346729659848 0.0057798609244856195 0.005314481290974451 0.055605625700832474 0.019629467043593425 0.00047796219963403447 0.06614834204078766 0.05381824908353581 0.03903956859667877 0.05099358255365418 0.10803258313876077 0.08984147457053583 0.02906951202380555 0.05146368522902859 0.008832342102689142 0.08723560035321848 0.009873255973212829 0.056098647778537056 0.006423558813848519 0.025057782556584775 0.07904309650821421 0.0047425231684555735 0.016087488758288367 0.09287847352434123 0.0014537679089822002 0.008239913498057702 0.13555320106307722 0.04176501696366637 0.05675542870123412 0.20442254017833733 0.012867788523248812 0.01855257596276836 0.05014897852325589 0.03493240016193901 0.16673968445985357 0.1074568886081445 0.008262806805321078 0.01466002332984126 0.006191353125140435 0.028161692730606005 0.09133373311003207 0.007885408410406787 0.02851253350697889 0.029593975910104525 0.1095835782126562 0.08352957180576635 0.08288096180334072 0.02888004507028511 0.16889900499459895 0.05406527228877756 0.03693433840745763 0.0674516035314417 0.08616451331197252 0.05356425796352169 0.03965378027191583 0.03426618463295134 0.09330548193140058 0.09563724233372096 0.011783344524499358 0.15140242387440347 0.08620142411124135 0.01653448503975229 0.006701784057979715 0.0497868120601144 0.029542264905672806 0.12242290010843657 0.08156410199433445 0.18524669264738297 0.23837915156210546 0.27475932871199965 NaN 0.05946053967678333 0.09697596527443048 0.06937117547890896 0.03014675778016714 0.13981029732717332 0.08786911885437815 0.18506362460291648 0.17897690604560593 0.1829302374144668 0.304508907513951 0.07372334505831653 0.05565044709228485 0.10015662560570059 0.09099717667732245 0.16184428290204536
0.08937405900083868 0.031167358220971927 0.002958849317092498 0.06851969147855004 0.07103075923281399 0.017011586716452587 0.013377870808356689 0.05105048814396622 0.060448867020470066 0.01655955458902225 0.016348994002378246 0.0068154831885567126 0.05830391842595664 0.046875059608285106 0.04258477415729238 0.015653079582188936 0.028327474811923513 0.04008799154470516 0.03670019674656097 0.019927774274234127 0.0914046544003657 0.09125818922207098 0.02481953686184778 0.04911533230252776 0.029190817973238584 0.0020667871484356445 0.05556596685736548 0.0005459012822961071 0.03451135637245572 0.059050363862044895 0.05484063985328495 0.017642192919221648 0.021336312472014434 0.019698547842655206 0.008599947745712249 0.008177055663902203 0.0038613524566219254 0.06747882742025316 0.003345519613905859 0.05458730413266673 0.010358073875342865 0.009364618387757833 0.08433735472509332 0.05271910615297055 0.050595199539303345 0.041698070489830964 0.007996769204542556 0.03317846313971147 0.009044050041339163 0.02412196920831187 0.04250059721698869 0.016996994324796948 0.03158601328479628 0.023700897224517986 0.011725662280066223 0.03897176060584372 0.03847744350408895 0.045533583808852834 0.058206302243300846 0.09088517464554433 0.02616606611489062 0.03544518341937376 0.008973335499283506 0.05277178772378298 0.040735292622010665 0.08823135616862669 0.01419610702635682 0.013539204594425086 0.027699202390667026 0.003786993971120027 0.06418816996156333 0.04820819176871566 0.03552563961464786 0.004055162438196905 0.005936501576667076 0.07394852159041913 0.0323952037540197 0.0023383577121515622 0.07857198189077857 0.01819469305002684 0.07025781942127664 0.036756485072502065 0.014324837850495167 0.07185255044298038 0.05644892155029823 0.06310112290799902 0.02273780172360979 0.07532004898852841 0.027654793686542327 0.006464049493482636 0.0016066003407169684 0.017958288494544866 0.024793217358163297 0.01978265459068614 0.04280086535097207 0.02182929420870474 0.004852068241148043 0.015665317805966524 0.09132042141451982 0.01917365231040139 0.003191436813219229 0.0289358130809088 0.04944129085724108 0.01839292265051155 0.05167131245178494 0.0020367467214636244 0.00023492001105728007 0.08955366683099444 0.0028975357410685053 0.022512274714810467 0.0004306771661678259 0.008929012826907052 0.011749497592589775 0.011893031418165431 0.009951462723773384 0.01111786467396366 0.004166303538967769 0.004717295216830132 0.013289429591025151 0.01467805287979085 0.009384639290110302 0.006336688133001623 0.016950451480437074 0.026069545510422603 0.031593708697380644 0.04519306873663099 0.05145408505325929 0.05674361910357085 0.007047905279561345 0.023639282171383752 0.032761003665144964 0.007347362924890267 0.03174871119171531 0.03030568554536867 0.00673259095317273 0.010930276416802566 0.03183055687117025 0.0010611067877003822 0.0045971328094210695 0.04053655166035795 0.028846400675929754 0.042113777213613174 0.013775529026911109 0.01755865747815972 0.019762981409720607 0.047153610504191854 0.0008320429283119013 0.08492457874550093 0.01982839128285307 0.02981796628862047 0.02978801005932452 0.05204517504462151 0.0034129520821761 0.055662893857137935 0.05437566597218397 0.060057785290507995 0.07638709106246648 0.0014166202338340888 0.0070787913675724725 0.006652057282154204 0.08621495190658303 0.008372093658996585 0.028617527722166306 0.024591864509560735 0.018433498745971805 0.08596103530385443 0.024064955631810117 0.0584212287033059 0.0261730101095006 0.025604827806054834 0.015266144419563475 0.01436064296208761 0.07577064495701955 0.012290923465142252 0.0600954726931235 0.01914601691229364 0.0581803308300587 0.004727884116075266 0.08169438889648407 0.05050906306201692 0.09252844800485593 0.03849511650641878 0.04791358856795804 0.10320324734823495 0.08186383731735813 0.024357946399193718 0.01323253070496146 0.012534307970519668 0.04414348648888715 0.015830137117734056 0.020013127061346767 0.04208931207239476 0.0697643053504181 0.005800388494700649 0.054550282419666606 0.01111712323009234 0.041704897678530056 0.01117830587828782 0.026051554341385213 0.011196549734723601 0.0029827350793307185 0.02973148511743565 0.035485587891158285 0.043574949819922534 0.03992061943488827 0.058774358442549426 0.0020787030838466817 0.026572074428421702 0.011303549328043415 0.039078416158717315 0.006858906746384482 0.1181058371033872 0.051754831680148675 0.017558941054392246 0.016618161442566656 0.03385934733049067 0.0363492327481846 0.10453479348229952 0.012367206005066106 0.03593549815796125 0.011802392725996855 0.0011114137444937348 0.07143748259904961 0.046117706476287344 0.00976643066559286 0.018197007754894207 0.007278743767861985 0.002509139605480294 0.011375933412925152 0.02285615814181979 0.06495401584014926 0.07480982199164919 0.0016934731986466666 0.05700555066273593 0.003941384955873028 0.019883540169165267 0.010802833956475598 0.012360858861940787 0.03458270954023892 0.0420717422005364 0.08316159920980204 0.06943436756191532 0.0006405017216098352 0.06117155955261674 0.04455265845138025 0.01903336697606836 0.042543380680118245 0.008591492468277747 0.048887572262261376 0.04944642989497433 0.006546565276679624 0.02362151011012913 0.004244780050348977 0.03074812118576375 0.010159505003188327 0.03058376020311314 0.03663528138696116 0.019836245152811294 0.0038388528780268173 0.039357841830563796 0.021339201417540143 5.562169205113039e-05 0.004101060535685412 0.11436313405144952 0.04428996529196487 0.10351918621487201 0.005119926726499997 0.028334150348465235 0.08975675845574507 0.0507423198073696 0.008590004663490846 0.07048936585595073 0.015452354546380234 0.06995447125221266 0.048091187363776475 0.050796456515766836 0.04927224957674045 0.046793636996654245 0.03142200492127173 0.009779096124210813 0.018281415538781265 0.027402816247852145 0.021802611697165512 0.030736551449408667 0.0040932742635144724 0.01765447539281707 0.011037660063164827 0.028532288228706276 0.014217378989392246 0.04851230645682969 0.027415454074923747 0.012470666335745138 0.010849933280242922 0.06019498051719292 0.005878475187621165 0.0360081935131886 0.02216816543281556 0.01658212046035897 0.05303936995976932 0.07879614914107602 0.05613481511054068 0.07868157462547949 0.029454640532091576 0.0009896089350152181 0.07710514251139257 0.015070554148453243 0.018424733353975944 0.0023154248572663655 0.00017935951249505258 0.020025697318548384 0.018217972984480968 0.041892311472216795 0.05039799582498496 0.018913932153102688 0.02335786685755771 0.0041060032752357365 0.023766899133330934 0.032732189748647215 0.05095281938728715 0.04533650715598159 0.016532209869563764 0.02680672380558319 0.0006187008838023287 0.03716350150952819 0.04613631303461288 0.0535415313234198 0.026943716833711856 0.0326325608538369 0.047915800710448236 0.03854618262329685 0.006115550335971325 0.01308289327185811 0.017093610051440906 0.026108467763995755 0.009965096659859205 0.025704781335179117 0.007415102915334329 0.014225911423869047 0.03756163587389445 0.014126044856455295 0.06683664232837896 0.03423915817861497 0.016327017201395372 0.04744104048624091 0.004583124089377728 0.015001204225929496 0.056568847425325905 0.037030076139700406 0.009932857927286412 0.008798553138657395 0.006839289081764425 0.018937629038701987 0.010349948217774423 0.03216890634282654 0.09585315358968484 0.0586932813983017 0.023411176207322946 0.044560497975992985 0.008456520170322342 0.08095134670639144 0.049486482050840656 0.07230300925129672 0.0532182002378509 0.05946053967678333 NaN 0.03545470372274865 0.017067814485164992 0.0159679091721711 0.005657879737409399 0.018044348463418628 0.06066456077066787 0.038650155429738375 0.014297255558613844 0.09267899405226482 0.06095086897567433 0.08553378738354397 0.0033717815901942055 0.045270327838779593 0.036152356408754666
0.3213455822771852 0.16761910955589823 0.009643083117258748 0.2576133826141188 0.15739980786476954 0.007244659863016752 0.04641902286242469 0.11629098089311717 0.13454098963624658 0.1512464128275802 0.09251398435716492 0.027867306480963853 0.14542783114188176 0.17719978538142117 0.24515508937639818 0.005689485072180193 0.05035011959258702 0.15089713255391238 0.040973630581099464 0.054495924461896 0.05865632156821719 0.1323947222586616 0.18033696162411877 0.2503652860977389 0.01914764804683883 0.035081541587385814 0.06270646608762406 0.025991850747991384 0.01542208343560355 0.020023033734408783 0.04995475747911902 0.11876287735434972 0.07740080507225727 0.02954543063673189 0.08814576278471711 0.09276852586873674 0.019749680470191714 0.14260418884898676 0.01482955670167641 0.1592795635549008 0.033446224328746985 0.05391038010696555 0.05145842948211701 0.12114864546010112 0.1736635852337187 0.04034676575559853 0.07811608321034216 0.009551349504956366 0.05754849992144687 0.02927363623466871 0.20156297761072794 0.07925487759966247 0.09745089527899367 0.07827739469908397 0.12385933703969138 0.14117734557153455 0.020114285497584726 0.048463073709647655 0.061818249734683084 0.06739588692467896 0.010063298899967573 0.1015671846641054 0.11628351884803526 0.05117451031854257 0.012045772498622724 0.06485088164914911 0.030446436807533683 0.10612011044708657 0.04908194392104778 0.10343486640143648 0.04042752333522618 0.013099496457525376 0.0780721507847894 0.046959922867457475 0.007733833842616986 0.011797472221160375 0.13863657953583736 0.007890854164018617 0.006515457650508544 0.07729874131250847 0.010021541832245838 0.07580388823626849 0.028068568306422292 0.08604941489846467 0.15355305622503596 0.15357640291203092 0.047062823429570085 0.05002254773196366 0.012837587061476865 0.11583965358319236 0.0391628798640665 0.006942965291279281 0.042855797398165495 0.0025204016739873505 0.025422745327094213 0.012714884700931555 0.03947277413901944 0.033085641586273175 0.07956471731563611 0.13811720391586016 0.06085240843599685 0.03909706189838585 0.1417928817798174 0.08565228910047806 0.017883323850832713 0.1257618841100179 0.07064555210962657 0.009864607116795484 0.09094123802540051 0.012230303703951903 0.059084216985814446 0.015546224379495491 0.030172128436193792 0.078722218382529 0.17139606890468018 0.13551405650565332 0.07914869117864572 0.04586234974308492 0.031826632395749475 0.0892251560358795 0.06864280947585406 0.02963328759754356 0.03879200519015613 0.049655762034764746 0.132386561361198 0.060592290156367155 0.047362422976894074 0.04787408256416938 0.0025106423001276636 0.054047277727237115 0.008486056167412015 0.05331360053903268 0.005725388466758826 0.046280993771122714 0.057288992121752244 0.000504869438244308 0.05886974828429587 0.12413348444615481 0.06270956924422187 0.0024700656584498667 0.0775196862311884 0.026585724490142307 0.09461716694822583 0.03979493836413574 0.007955352790330593 0.029960207796733234 0.00325396551794239 0.1520984211686998 0.07651581444520206 0.005017817753171073 0.006997310727953002 0.038335997989282666 0.02382204833052452 0.030503780132476788 0.02402480457677773 0.14713158492144132 0.1282853405764148 0.026417926122484878 0.06480269233508364 0.06854461498600246 0.09459896357381199 0.01970663860783555 0.07599073672601209 0.07399186851012184 0.0452350525692284 0.0575237199184446 0.055825561798975194 0.04161979384309767 0.025198388470936688 0.041766164711446424 0.17085028415485723 0.013765845865925658 0.169604165627596 0.09885546188759196 0.08504024025166029 0.08470207328583505 0.11191250613630052 0.04592942111132123 0.11724949313391086 0.14018738557251872 0.292407344427422 0.002823637449285485 0.09957396613290002 0.2919547045946246 0.190471985531617 0.09972150194173406 0.0962245443711951 0.14491094032225962 0.11682441910376112 0.10122475741263834 0.015004282874750505 0.010764320619768139 0.28236591663922356 0.24876214195954324 0.27555459564166657 0.10184446351461277 0.014007302175477005 0.045109368123511774 0.07445520054197907 0.026476209644080918 0.06996748093709716 0.027561663494141086 0.16228084246833438 0.24346241078827194 0.0927636453813955 0.03269344091392118 0.1438368984432521 0.09945646500134463 0.0842583200208752 0.07856545435799432 0.022150469317830365 0.09215407816523205 0.04625493816218573 0.007004782744314143 0.04679158518271202 0.09060393288934561 0.08627655050154966 0.23101940215691716 0.01602639750732705 0.13272978861847065 0.005102495300114013 0.01254311616056527 0.1049766997308143 0.11369403661967983 0.10484253630774043 0.163753766643048 0.05501800138195764 0.07756054249548235 0.05431556155863524 0.11677434056867811 0.16614161033203426 0.061230179463405095 0.012628628902172576 0.08039818600372112 0.1485435768335008 0.05047577769103436 0.06966083751154836 0.05573153905065787 0.11920498143999152 0.10576250302115223 0.1489941794347303 0.017158015350086545 0.02134713929080723 0.042860652113588416 0.0023512071542766406 0.06443572527457521 0.05314194823940349 0.0284079169798752 0.027533656605766878 0.05152765200231492 0.008074736942160935 0.0543103171078281 0.051998342793297084 0.01570418527230558 0.03601648685679657 0.022289159293942026 0.0850146985246392 0.004351700099887764 0.0239395749142486 0.035649266058228185 0.025224728500364738 0.14911250709704466 0.020322201097299285 0.1678402573048702 0.11725040090126837 0.23196352031215028 0.03251317731489877 0.06288447798793062 0.2100279014398577 0.05154910299349701 0.019958433278165082 0.11750860927114043 0.030663178304197507 0.109370087518029 0.12553131939756507 0.07980828944843804 0.04329928356587019 0.046846990244357435 0.04922920908114722 0.09692653357188803 0.041349956472738446 0.015818756858111863 0.11847260661750952 0.1409097971015803 0.13624226118283642 0.018702576193590278 0.13812345120796082 0.024604535898902092 0.0234620079110681 0.0807641781220035 0.027176439450059313 0.046895028172992945 0.031189029718431256 0.013166098319896498 0.0003676659653730869 0.042898083150854464 0.11122287284075275 0.011472160643428278 0.021558961388005476 0.004756404728451067 0.12380430084344678 0.013815763161309154 0.007066265674365485 0.043885707683741955 0.1534050335813614 0.02368833192677837 0.01943986707398594 0.0403997230576023 0.03977568395290231 0.11708107645789276 0.012378408996740723 0.004801384316523153 0.10826900436219401 0.006284470810954563 0.051674499118958675 0.019768430083285826 0.178403750726439 0.021999731924168393 0.14591719583681287 0.03858397665001243 0.0912340942473121 0.04614328268699639 0.22426911574245145 0.06017825005677284 0.012570259423479167 0.050489188659501576 0.05098298957124784 0.26340477605364354 0.10985941265655777 0.02288408326365307 0.03935261107515955 0.06558953894814473 0.002722981551272667 0.06116385024772378 0.08142487487331494 0.15483194140755796 0.02837324993198709 0.006524158575388032 0.005783704157667973 0.09282737487960678 0.09340844936078767 0.1024136422728047 0.05198401826617847 0.016242719394340303 0.01077147278145851 0.13529329285846672 0.07799293483989413 0.05973054675793272 0.09965407100200933 0.03848492721470772 0.13642331432297003 0.008785912628418397 0.09200983078206026 0.14648401438225117 0.13719082915697214 0.001053558360453185 0.03779850813696643 0.05506529959695887 0.05165985383851733 0.07756560339931351 0.4593629044575591 0.34318950342253135 0.14231196740176094 0.09697596527443048 0.03545470372274865 NaN 0.030261050174138434 0.06675469368336993 0.10125034555316324 0.17804794854946943 0.4511544602133263 0.2811615336936036 0.1224058059631557 0.12810485215757414 0.054225045973556776 0.07869818064510001 0.05242892666843035 0.05795114915644224 0.2076105311158782
0.20493312388822016 0.1798564897416965 0.05523947385111346 0.08770668371377686 0.022259639068510573 0.11359448831084851 0.19109667382130544 0.2777681897020029 0.17353435217566476 0.21946425600194022 0.16800901372785956 0.3058604118490674 0.0792622495964803 0.12949290820608797 0.20237581062581844 0.0005688965905697947 0.1250962597178026 0.2676230920194691 0.016422686711550866 0.09494975083991147 0.16524982798305676 0.2561271373309719 0.23501981806498265 0.23779927092160014 0.04119397877315664 0.15498124235332963 0.12389873462585672 0.08152385683863281 0.13430277153550366 0.07708974607290947 0.05542948545629807 0.05018639981679143 0.013795619025633888 0.18634980088575623 0.06321396209876685 0.03519436123027125 0.05981282349131886 0.10406850686130703 0.11932901070427908 0.2559304396590863 0.06841058640280658 0.05820487501385557 0.07867266932496672 0.13267470032438305 0.08047007764649916 0.010873147166937215 0.23405334914760687 0.07942692852742551 0.07669949035277085 0.12648849772170911 0.28399442037109407 0.24793268090987527 0.14673839295715846 0.251543628493216 0.0863295822820519 0.15034558632420222 0.008122184275237625 0.050323399635757105 0.07191227950059464 0.1863059145093891 0.03367115351792675 0.00947453625896852 0.08670239231703207 0.044032116947803075 0.06717004459862216 0.14830010824047737 0.11965600617149894 0.17292669871233363 0.22502960177504122 0.2283069901315036 0.19738773693003878 0.17763671081333354 0.10687046707655126 0.1155790801568435 0.2712088196731153 0.1990777391684391 0.03312099125769782 0.015518305691978507 0.1227109707251591 0.09574504878489314 0.18819824541930436 0.09215938270632955 0.024101051625435348 0.12196330574936302 0.17470423379525643 0.1213708242459107 0.047361081460728406 0.004186076408154447 0.09881727126984255 0.07565548265780976 0.03156905535689391 0.0798605443438833 0.0035460464792370036 0.06422620184803113 0.0769671734733591 0.07181493532600842 0.025454604120569026 0.06009473329312439 0.0850394591016895 0.006614899409357042 0.017951595747689047 0.06505629813571916 0.10795166792398585 0.024524173067249085 0.14628155828476672 0.11404911316113014 0.026182566254537874 0.021585488379137145 0.0830993616667497 0.05201330318088599 0.016074764570805023 0.05502452116467065 0.05753383948247481 0.02814426791359751 0.10218020783519276 0.20969255826199856 0.11346606695965301 0.10798552832464062 0.004115738732994217 0.17814386902590132 0.03367646599657235 0.054229747374474314 0.1513718918233139 0.07126773158093358 0.23792281367364568 0.08528814128251987 0.04601404457270064 0.12961342913026722 0.2676607226154515 0.05209295175164436 0.20375993933735118 0.25243098278766285 0.07704048285869074 0.014531738469932073 0.08118258633613186 0.06172778156215819 0.054963471221042934 0.2668895748521971 0.19429562513081694 0.06742666855738232 0.13794129735238067 0.034862445146653 0.14345667581125604 0.07253569011557198 0.02643407941190997 0.007459234766601142 0.10170249845800008 0.2220592638068453 0.09742983986423825 0.24300382670695322 0.05964261992035828 0.06452779868008221 0.01086490629367011 0.09851552099364773 0.029873393546739745 0.25053716576418095 0.28342988263183627 0.1498591620581834 0.16348685619940695 0.07299475553376367 0.07022858149686452 0.10614090843573892 0.13687235955055327 0.047625631356230956 0.08386366911607374 0.08047347940326445 0.1284799234693579 0.06502805871695673 0.05870401605362243 0.02304891737044237 0.08176203954570571 0.0748926082095333 0.09843701139790752 0.17615141140099705 0.07510511635583764 0.1322578918971551 0.04647762123754382 0.051759068495363554 0.12528398945655675 0.1399145061811717 0.197007251386232 0.08933736710845291 0.0038556839687946508 0.10572731694433823 0.06623027348539441 0.04016709057839023 0.12144270730537442 0.20526045268403414 0.17318753737055803 0.10318037935115552 0.03448805730125075 0.23647818306720203 0.028735600385374597 0.12198684277803275 0.24379966623574478 0.03296392996094904 0.11620762695302761 0.313158451778931 0.0033752420593319813 0.11187929179036535 0.17260159801479427 0.23003148527481992 0.19989487295576536 0.19937669143649203 0.034697040790848545 0.19085064978326663 0.0659079918702601 0.23158333204557494 0.06847517808323011 0.09995084906019079 0.004182131283346993 0.005351980486749473 0.074536530902269 0.09517445551171538 0.1555595094068081 0.016687830705649206 0.03658803603152605 0.22416988210725763 0.13820413029719064 0.2601644418462991 0.0028900523071949515 0.01074438631383134 0.001492740191601874 0.016104934812130017 0.09929815459920832 0.07737681358224509 0.2446920354599071 0.009381118910091205 0.10032410964205585 0.0038731544482372587 0.2140913363215058 0.14035865654566015 0.08275982719514097 0.2052671444384675 0.12040249973502305 0.11302955825147926 0.06975878976718453 0.0006814273134537227 0.15831545857614426 0.0754775905321247 0.008378622467085164 0.052809267182299266 0.1277455330543514 0.06558677652164116 0.003756669380283055 0.06073336271742997 0.1295961437597274 0.14780002935942013 0.1544091694458802 0.13702635131971608 0.22124419121923716 0.2331716023464159 0.06978185149349869 0.0867455202651167 0.2644305290762279 0.15784615140317937 0.10156005812684742 0.02194956715721231 0.02647383378370072 0.03431745519316193 0.05489601676096285 0.013976905990564096 0.0612151162480894 0.10807626223201759 0.18405351165805772 0.10321542896083939 0.1459000114139812 0.022921783879824 0.10721744496524849 0.08310270529313729 0.05849446125180318 0.06785721449675566 0.05804659201720301 0.031933705904249474 0.08792439344424934 0.06466835005338456 0.05030789867717317 0.10440193974882564 0.10562906197781925 0.07189644785336996 0.030144388709389854 0.03567287988708793 0.05991974998839618 0.1233832357998497 0.1653845197233921 0.01047712113715765 0.09190165287232588 0.011795850234517893 0.05142903046522593 0.05349147671012032 0.0022040276927686488 0.02684473305907455 0.0950937338800697 0.09277456039040238 0.009657299381087442 0.20736652775703068 0.04792391090794934 0.3755217530002292 0.2004126668296938 0.5581624345781319 0.00585105629169844 0.03924292529452753 0.14381387650668073 0.07450104512420609 0.28480009393535705 0.020783869379177092 0.03784538745408172 0.21234698006896752 0.24386944348207998 0.08502328218192114 0.12952882919930767 0.12602145388708869 0.059955509477437906 0.04635503872891249 0.16742683450181792 0.17457023930356425 0.07794288038759992 0.21364767523131153 0.26885315468962734 0.06319173081023595 0.12094854432326316 0.005595858087468737 0.16317430845986833 0.08201033228064851 0.046900757292207294 0.04262523609378144 0.10223514087667208 0.20429702372045233 0.09241154070579179 0.21066855066024748 0.10428401630205078 0.06547541774732478 0.10122338276917081 0.08504953890592054 0.03551000272368972 0.1325848066035081 0.15661243857262122 0.12651009819308545 0.13177134836041876 0.08182907277989454 0.12418375999934907 0.04141680029308736 0.08103314961378312 0.08374801589035005 0.019630581428382515 0.014661112022861347 0.13734753468580577 0.03754429821151086 0.026454218886101992 0.09531271881575323 0.03662840879229546 0.04394678777798293 0.03932750447350027 0.13386650383925844 0.13150830309479364 0.1487196130373003 0.054588158179810234 0.019386789303780422 0.049153323774091526 0.06772226936255227 0.10280622408214568 0.11725331018724011 0.01460540305359474 0.06937117547890896 0.017067814485164992 0.030261050174138434 NaN 0.11240103013922546 0.03207260776651593 0.04658703682814615 0.04811098230015718 0.10422019794211959 0.015947814646034474 0.11472756657020586 0.0220545269625366 0.2854638334245969 0.09042878228249322 0.028732229963998435 0.040063774929366226
0.12228244338007098 0.102236023158334 0.027394015734954376 0.04651509128466429 0.007812926135992642 0.0607333040061797 0.11133253826367662 0.17501508476817998 0.044920382518602725 0.02927201864743789 0.1485874199405862 0.2545247327304167 0.06348704385852882 0.00739375642217928 0.07568896714784769 0.0466971402198954 0.11314958855120805 0.17168925966756537 0.010720217503493388 0.09182820402790509 0.08484274096060082 0.18199566177502427 0.10757775255966595 0.13096141599130914 0.04857993664634272 0.1036398487122785 0.09164532888191433 0.0774591800964559 0.05856360868420972 0.038278864980751365 0.06813191188584442 0.004746654637798722 0.0442957472284655 0.07775681063979623 0.042407804392960685 0.07824595054471183 0.08428660852403291 0.08510746734070801 0.054269072902970034 0.0952547813332383 0.0839977608099204 0.012611554451849626 0.027850243617278923 0.07032287582097813 0.0582648740745242 0.011369250527956811 0.1543837695616925 0.02945765655500193 0.010518176296885517 0.09551331917964169 0.18034510813261787 0.09388176151812203 0.051612443115479904 0.1429261901028028 0.10185776812212326 0.13177061207079957 0.009123744925075164 0.01877068127689659 0.04365279132406454 0.08255816261288308 0.06034120724671831 0.06478305407430539 0.042047381962559485 0.01626068479720487 0.01816165912502874 0.06767342227793392 0.07310652501185537 0.08863079606855669 0.077969782721878 0.07979207162278572 0.05765586556667062 0.06838263144610832 0.10416126562999369 0.0461951667970299 0.20285521973482057 0.12717173831539313 0.016794584357752496 0.024465801147538532 0.13319961850226938 0.10108557114626968 0.15121557689015933 0.09386693548514109 0.0405310285930378 0.027098735610498772 0.09799736713454597 0.06485339082427316 0.048802469411523226 0.0038509366966462707 0.06481544556003918 0.01528598387854146 0.003848553266332938 0.005394820918544503 0.00860501278730892 0.01484292547759983 0.005470474860847723 0.05578286244460952 0.04242942094292536 0.04626560891580673 0.06885192460296365 0.020739739503594996 0.08997834689966276 0.10147647031428508 0.09053221019323057 0.02628854549248107 0.1534073482150565 0.04578455701876359 0.09584950367351114 0.028208849988296533 0.02849071795266628 0.09891789487310103 0.0021603975199068343 0.08949212221913078 0.028834597917341612 0.03786188673229242 0.04650692116885627 0.13536495332407833 0.06599268991114804 0.009293573979237248 0.02706299584403745 0.01312290425448844 0.08626960735308943 0.057587333247210284 0.03839047755624406 0.05720630309134093 0.20903293718179453 0.005431380156177138 0.044829909924805726 0.051470111453792086 0.1632026208733358 0.05103272047732968 0.09172933178570616 0.06795434977008848 0.0835191909152514 0.061537698622825654 0.0027741280558980326 0.0672089405274285 0.13733096719630217 0.1786522660265409 0.16034216211606986 0.038162622401310096 0.07762632697676203 0.06570167146394754 0.03803122688059566 0.01596743377188656 0.06369571031092107 0.03023316895838025 0.014883204175066148 0.0846555997053847 0.01913268454801757 0.13366763489799094 0.059296641019583846 0.013730701158710173 0.09321288410067718 0.04257918049802307 0.022601181240345606 0.13640335275151103 0.14774954831456558 0.11235276924330671 0.09039927736826242 0.033337422812197925 0.014608129272506489 0.040063018389634934 0.09297034098556334 0.0696080711272796 0.05028648799206008 0.0818794135043151 0.0574912266572439 0.018833189373526786 0.052064167300055926 0.043849072385193026 0.0007508170880952381 0.0463545789363658 0.07212700581153335 0.0650436356954294 0.12434315695654485 0.1145441843028706 0.06871050357350436 0.00029338029314332075 0.059879302565794115 0.04268076439357598 0.10772511304981201 0.03487379142141386 0.01388333835077368 0.06993968465300149 0.02983043915662991 0.022791114550147568 0.08570834162347367 0.11151537423699588 0.07056657884467415 0.0284802679145272 0.09173198512895157 0.1653880520434421 0.025016180730873912 0.08051637942544697 0.15654394118886253 0.05487560453048736 0.06933073301766296 0.1985663479647592 0.01580272464296491 0.09419443697504144 0.098031158822332 0.11966826220676634 0.07723556252226596 0.12993407204623073 0.03314509274900404 0.09905738843230812 0.08692805860876804 0.10164739830569194 0.04808313074085395 0.06563505996553656 0.015639752224830595 0.06176816461253452 0.028728492035063644 0.040161557071227 0.07468648866922233 0.028715935841012886 0.05595101361815088 0.06589276153650803 0.04171722092127506 0.1735617534826805 0.0011001465536056806 0.029610358118140015 0.025160490446725938 0.008845339458625971 0.06620103347271915 0.016361780539302345 0.1379221549647488 0.047290039232426535 0.02184029718442062 0.06784953076293425 0.07672397958946367 0.04676615118858861 0.04726204816796048 0.15905257601497372 0.054438322239007415 0.1510560208543635 0.09153043192025376 0.04990409528804592 0.056952993254388413 0.04313959617758582 0.034918035395622445 0.001777083191130182 0.10303203277219779 0.0044196291780437226 0.05054717201579582 0.084456410248049 0.10864439630613366 0.04241749173258331 0.0802076300028591 0.007778530883751419 0.11890416520240085 0.0845269084084014 0.045533982567205325 0.03528641841716417 0.20881360463274973 0.021546376047393814 0.02420851821135495 0.02573968649113408 0.04310426357303062 0.01435050112264108 0.08682908041684777 0.1546265563387987 0.03012096706873106 0.017181928298930928 0.0654132352918126 0.039449412474164926 0.1098285425156338 0.06141054232270949 0.03238693496644899 0.07587057494533396 0.0775275538989807 0.09067447947597855 0.0008603025054536254 0.026802236919975186 0.11830050508965878 0.03171104133480715 0.024216833335285484 0.06674852204562971 0.05706313101479065 0.0540983453633896 0.04609801314604126 0.03788481711502335 0.09569451649096977 0.07292528346313916 0.06739977461066116 0.024699416878870683 0.01053454525030153 0.045926453964564795 0.037240449446973696 0.018404990725837154 0.013310683354465214 0.09185887963117499 0.08824434474661944 0.019110785254895936 0.047156672100296844 0.19965150759054182 0.08752070461832356 0.05241852375817046 0.046687247186364515 0.07721637431704495 0.006824805787800251 0.054271202297831216 0.08753203831705622 0.03435858701924861 0.18524928806218288 0.000703038377306271 0.055130784760503856 0.16129548306286454 0.1626103618418692 0.05277607335529352 0.12420608217087896 0.02064570280384649 0.07255388631520504 0.0008631449906212185 0.17090013030870943 0.2276904394300775 0.029190612352078187 0.1681650649815836 0.16302126055990163 0.08230184228403156 0.07082112626183239 0.054911900457314866 0.06174097483906464 0.028627880984511217 0.03607981325316247 0.024450873707924918 0.017984914408404575 0.04826194591226408 0.08467251296995378 0.0929288305106313 0.03453274932593788 0.1298034762303339 0.044372035627604174 0.0172226535311344 0.0693435803035255 0.11278845433100411 0.12103249031986499 0.08787168195168667 0.052182878411889254 0.005356560456348888 0.03412122927052182 0.01322032219381786 0.1734992470423617 0.06272938777320167 0.07393924271424271 0.030293523325788916 0.09043499949837538 0.030509350272121736 0.019773144951776452 0.07564843930879718 0.007671998844322456 0.03772131663749889 0.01607271656494621 0.07345605504700636 0.13097295398065398 0.07215328865619798 0.03079511317636586 0.01767179569744292 0.09269420368775255 0.055507714820943514 0.0361376804836525 0.06739386010916333 0.08135790907018695 0.03014675778016714 0.0159679091721711 0.06675469368336993 0.11240103013922546 NaN 0.018286006833849035 0.02320061038806183 0.017371836926891683 0.010309571577624637 0.0011491392742428777 0.08080317285764586 0.01711824574196897 0.08634769245548295 0.12393487159865078 0.04600406542111377 0.022584579599857543
0.10761438239732957 0.01650415542645789 0.02920432698657621 0.16480278868656936 0.13871345419785408 0.09808242936321056 0.11401179827417178 0.05591160944937416 0.00940278105455408 0.08528649710437551 0.0691289740352641 0.08043790039849341 0.09935138664178413 0.039389224826434574 0.05908713159294009 0.009084012080292948 0.09189538745779388 0.03938395472084272 0.061126449033905766 0.07932981777309872 0.052326240789261416 0.08900415897747156 0.01215373009879808 0.054479845125503176 0.06728752026799245 0.16545126549502998 0.005872417361249828 0.1125469714502129 0.03235761707067435 0.04717281146039315 0.013893978202587247 0.09760188302766482 0.06910715463500429 0.09612810207793714 0.08758499122139178 0.02143726152307556 0.04304960018024267 0.057614376799556374 0.06971199351496461 0.07394833457011762 0.11196116608878538 0.05806531254116166 0.019564408508405545 0.06891080045682306 0.04662786159603966 0.036826206557597836 0.10148419972031006 0.08846090611959818 0.03344551352503155 0.046067737845488746 0.003071381778024622 0.04549898827140294 0.0487458860217002 0.05036800685833599 0.02775816305446398 0.05402535918074855 0.0652707125554368 0.04468357545577213 0.011537650297591184 0.037221872664821964 0.060830435911715296 0.07476260970652653 0.037524438587091216 0.08038789436816664 0.02801271147533286 0.10226550549992121 0.11280117397715944 0.008134527899859922 0.06854176457900744 0.04407491549781955 0.06340532366584445 0.0015888954430122782 0.09917321100742195 0.044233675564337493 0.10453678365846847 0.04470250707983535 0.02825584239731857 0.06516648658038826 0.01008346509960588 0.06929668559017306 0.05417142832404884 0.06693213094557912 0.08272022446771733 0.0676463504667632 0.045589061717911245 0.13514408126435962 0.11943043458656827 0.027931433034434437 0.018000393675254123 0.06208938978277757 0.07956161087545288 0.051803598434998384 0.016722508426648408 0.08620188343363037 0.012191583392370961 0.027639462636200988 0.05868158575495381 0.0771459526820788 0.04104009594106343 0.026775622900931773 0.0019494042630098197 0.017205689351074645 0.0025089029478173232 0.03381786734148093 0.02819136732164595 0.05286580005006793 0.005173278395693822 0.0546724719506626 0.03751298983131595 0.06817886317090101 0.048645097766985584 0.014628018603550683 0.0035761232876062653 0.011904247557103667 0.02057924710753283 0.019825906568118522 0.012511879509323611 0.026551976829372576 0.01881138421258567 0.05658143455475369 0.016277259433762573 0.004765880087081912 0.003250313837933565 0.007116968207115005 0.0018256192165112723 0.024117964238262145 0.006176803233998333 0.09270762191414406 0.07565201124939705 0.10753390529368077 0.045736221741513775 0.007803986384489911 0.08495680985212133 0.0027202668495709876 0.059547862988656525 0.03208452137390632 0.11305578613456936 0.022181554790405622 0.1071041731529437 0.026119460753373965 0.06652319065731305 0.059148873502942706 0.02553645719998714 0.04505298167359912 0.05728790920124494 0.06825478582412972 0.014004794746270132 0.013070367388926111 0.07415401689411893 0.14623305745194062 0.0643996474587688 0.0022440813852610767 0.0037799632493492577 0.009077510962650116 0.05926012838294759 0.08073491118769423 0.09246570085048025 0.11932027995395919 0.07058956130970899 0.005685904099814145 0.0009165866368847791 0.15202971876445912 0.008087751461379427 0.10007111881404268 0.012432003173672712 0.0058520726945925855 0.03799368364411917 0.008366565021428287 0.08199714330286914 0.1267439806070213 0.11404637429899621 0.02028951609126516 0.08886464181030718 0.05046594299298473 0.002865455381498396 0.014697978801401576 0.028849939819565684 0.01675168904570046 0.08150673032755844 0.09478034153716443 0.12363518270215364 0.12809577684330037 0.07814897283178171 0.17526674417986365 0.18108129397627257 0.1128387008300507 0.12667783059114313 0.0650879349853864 0.030583262128159604 0.019616212556976424 0.06902971225847228 0.09368763569628828 0.1870547280445517 0.037048775642581855 0.04620780062072693 0.042753396037644435 0.043277738133956155 0.10701970625000727 0.059220624004638234 0.1485707360370444 0.06460692260597972 0.04548507134889464 0.11251121984958014 0.10985156299390554 0.1007277837681588 0.029891505429622538 0.031109421675304505 0.03434583123621754 0.009381497688499957 0.02221246561446589 0.017586412393063477 0.09603109949960284 0.06000706231582438 0.06212759885858655 0.10083507376303202 0.06160741233419116 0.06467521849060676 0.021891237009415702 0.03889918048955067 0.0696435258278453 0.08466880418254011 0.00421778781140797 0.06529705183684624 0.012847993085931856 0.019385458184764864 0.012877762120075381 0.07064910794832358 0.015308195954482457 0.02828046439028032 0.1004876981291109 0.011567955766171938 0.08185055710747072 0.038796202173274896 0.031910849135982064 0.026771379747050957 0.010464957774533271 0.046766654630500344 0.029355307433812303 0.10531368011256957 0.07364102642971121 0.13777182051929474 0.10906416860800737 1.0306021302323962e-05 0.05019560687175949 0.025322797778095235 0.08957385589929416 0.09299794679126794 0.06679885216026936 0.05167488321382517 0.0007821209876443545 0.09774174337502688 0.04821965904973025 0.10569582452821871 0.03792950495249698 0.1049711030649774 0.06465891458201929 0.03597870196102584 0.04215489971180584 0.023228822974064322 0.023742988355428814 0.07262767734928673 0.07257549687622515 0.09114227746953248 0.07419442983144757 0.11114009447265531 0.06844735976919061 0.08976279530961384 0.03956350529820938 0.1034618323611651 0.03491817821168812 0.0667989853366444 0.13791472213826 0.08469177736081829 0.09761900242863328 0.05184033971850764 0.09875333804948425 0.051698462981911046 0.06351512703967924 0.03245136203354828 0.02926386941187211 0.014497161171238702 0.041322892273530754 0.034237796206213186 0.015909098327426072 0.014610883921443364 0.022528572758465697 0.055667446349864216 0.09228315359670768 0.009727871626905754 0.04460053239599816 0.1298811008634369 0.042882231955168854 0.03839270403999843 0.06301551032377423 0.05701699853942222 0.10100012793272588 0.055984477851348816 0.07380775501737462 0.08468006294666496 0.01848161155542115 0.03326986377184006 0.01967228251388114 0.08741198821301084 0.06021413004883629 0.04002627550106317 0.0014450954445911657 0.050430111437527514 0.06161917950258627 0.06776671707764402 0.08076718480927866 0.025037970981913616 0.09601751203301913 0.06708475661727108 0.05387738963873044 0.01266590953124202 0.018811617657536524 0.04542107935577566 0.07083727028498865 0.0717692469674576 0.1296055336572466 0.013098997610290097 0.009429625560495428 0.028627853146067167 0.08773081089731545 0.03797998338629204 0.024693613344953652 0.01531961367376097 0.07637589173654673 0.10194885840217652 0.06657533067638122 0.0630314531033694 0.027956521230959635 0.016735765346711763 0.06153651192298693 0.0032617410698624894 0.08697310874551854 0.010255607210528732 0.11521512234432497 0.07115314760315124 0.03476100668751435 0.06707317029649056 0.062093612178373024 0.09802494671929042 0.1239144050533711 0.023759191730731082 0.12320179668315101 0.026047755966797235 0.058164018628499355 0.12765694126143726 0.084745663753787 0.06137189832074126 0.012616699493782286 0.015557746464583942 0.09070082621661074 0.01252760250917765 0.06877269159767745 0.05770494238797418 0.0478264573604694 0.06321545013047788 0.10960650125609739 0.1742609968977349 0.12266464153210536 0.14577606087420733 0.13981029732717332 0.005657879737409399 0.10125034555316324 0.03207260776651593 0.018286006833849035 NaN 0.009811302078814437 0.1222671342276058 0.1376182538745063 0.08182039639523511 0.1616598128643969 0.052595574382404385 0.03579847316555895 0.0004482273230746638 0.12398984092379088 0.04509915697533195
0.17753931240538662 0.11229168940796261 0.0017745229903840167 0.13559534166599177 0.10009542690880861 0.006572552450431563 0.08791370377158336 0.08374141770394788 0.08434470320018436 0.15076737169564597 0.05955418258874721 0.07068268350796737 0.10490254373795524 0.1604427197435148 0.1495216029683236 0.05436972738429524 0.011569962643241553 0.12347479559955121 0.05012407284187813 0.006397553282913266 0.03321495921521539 0.09902787373453058 0.17582313955549767 0.18522686960302664 0.01213741736799197 0.044308736992090425 0.0769737230014181 0.02907905932573038 0.03486263858740091 0.02587313146671043 0.010210141250190988 0.06072168258468714 0.05698259458082797 0.01149816368444378 0.004297473988660734 0.03128522338138268 0.08487651217437105 0.14754170418274762 0.007471491067046679 0.0696325329056213 0.02812224954697686 0.0011760239718734019 0.04093755501838037 0.11843686723005212 0.0797442260057741 0.04778877810840696 0.08301462251854153 0.05152282465278117 0.06181427613128627 0.01684397853030853 0.11160976797676998 0.09141239145281317 0.0556104262496123 0.07344932285439906 0.05808261231411804 0.13087877438801923 0.004165901701523934 0.028600272191958376 0.04403137784155201 0.11805506547239572 0.034192427185521186 0.10658352507706902 0.1217791240416981 0.02918310850898975 0.018647455092248535 0.09298858107970533 0.03460447127963321 0.09535978006387212 0.10914498613181774 0.148909620561877 0.13659035287110588 0.012627922967861844 0.10626740058679442 0.06914221540649698 0.031426836061152 0.07741542972685815 0.055254460828143316 0.015129297140401746 0.025323744201761658 0.031961685223714224 0.03681433433087065 0.1000616507749261 0.06053226750229938 0.1194284178614958 0.11832550719501744 0.0946864126746547 0.043901813195841466 0.06526564307528479 0.022722388761126602 0.043414812524092614 0.01351454113823711 0.04704489048303452 0.024334119039727743 0.024068558440090457 0.02675720690937285 0.008004856927541769 0.00476717699297629 0.03657049590768836 0.00863953877389103 0.027879310790364407 0.02158140345141389 0.06808496453143918 0.147069212406325 0.05935124150163246 0.041383910892165754 0.04725617986446072 0.07008990344944534 0.02488902402985356 0.018746152330718534 0.015068502838728638 0.02739708980023561 0.03628344951070906 0.03837982438645789 0.02616323970459301 0.07094709603229125 0.1050169071914381 0.06959141030518122 0.01758408746864619 0.03602670443951372 0.10366227123417997 0.048883587842738496 0.06521375683654562 0.04526565819102126 0.015699583410401986 0.06432903465510319 0.005158120155534712 0.0006883186310692258 0.10932530888000859 0.04885171627183155 0.012494856012248458 0.0298137063301771 0.10220831048983652 0.0043351082918178276 0.001313131532165554 0.05492301672636658 0.048529946536616804 0.03497260427005061 0.07554401453977282 0.02038874445191067 0.028347011057435784 0.025671002372039134 0.09353112233013725 0.10849931562189509 0.0015198898246827446 0.0026833689113989665 0.015759521929133765 0.04146751864596642 0.12001063007768221 0.05382829459661965 0.006798632858950379 0.03113941720162337 0.0875986266213539 0.02675560750552496 0.07599115783796519 0.005741401026276939 0.08793901995963069 0.09268355685700204 0.003698593454796241 0.03928653070551436 0.09223705851678496 0.06561349845141251 0.024171934841847258 0.06069053824874454 0.0011413248538010062 0.04769621206886933 0.003206232395136538 0.04982603603581014 0.004314341012974063 0.01701375950987773 7.361127925828227e-05 0.12185779073484374 0.028759942259720197 0.11653093556883984 0.12031972564187225 0.02878059369580631 0.06570936602573214 0.004236488054711754 0.0074556886649617005 0.07660570326073007 0.08018351451623132 0.19863765815535397 0.03703248107562666 0.042342666646397416 0.19424177511000695 0.13214487483398363 0.06448328418630855 0.023090166419581684 0.030374374941770088 0.05694519469332237 0.07251036120632234 0.01569965800940816 0.02910451545812031 0.21030330304852995 0.16668215191070151 0.17254990027707717 0.05097994544985734 0.03012940328827653 0.10094765160107322 0.08449095018974136 0.00010866053978094429 0.057936557328406114 0.053904099316232766 0.04235603382690066 0.15020945186322118 0.028595621484225238 0.037654377178754875 0.15339600227652808 0.09153091864119134 0.04850503862850563 0.04515931167055504 0.013595621307673215 0.009827330140220634 0.07960588409505923 0.014112745663235761 0.028307860094153137 0.04021587694756012 0.0478557694726242 0.13527695903433276 0.04434999028327007 0.1470050664278221 0.021320928853391072 0.01769779321845978 0.0667827181088473 0.058578926721421475 0.09461824164089867 0.0660467600461403 0.07713477696270953 0.029676159577835894 0.08262196169946452 0.08756979099583106 0.040054663961698815 0.021841138987875836 0.03058873432338767 0.043177683310350136 0.020129721333596605 0.006628169119539937 0.03589286962281167 0.045580535362612896 0.0801748614982668 0.08493105303787558 0.04426995788784375 0.0767021477119259 0.08780663025633911 0.02212354662771475 0.11694646394009958 0.059976122085185025 0.0031138384230079185 0.05077891089351031 0.026296457092875793 0.10922799951426307 0.03142810084780579 0.08068682631932605 0.03642087444897942 0.10799966109082351 0.07552001152481663 0.06770197045650718 0.05870062681811248 0.0030858918952524263 0.07684467624932025 0.05924014862904172 0.008007806624414509 0.1298054735684379 0.0063448454907451025 0.1284391195425775 0.0797358078273317 0.14515752829807851 0.048658845381361025 0.016007058555825 0.07821338551520957 0.02557500379206266 0.01525943510994851 0.12141492826833641 0.06020797921387893 0.01055833397546891 0.04852668031409176 0.016628321495721948 0.018125491496448615 0.05628038953052044 0.04967063237441623 0.03546293338441335 0.03197688346991766 0.033129865620701276 0.046696948764914425 0.10094215661805062 0.09946646588923569 0.011922621354215995 0.13019660294217578 0.013600632048786566 0.00717730357153887 0.04975106736274419 0.048577972129498125 0.05466780957104743 0.022379958490651223 0.028412211248518088 0.013610837884745753 0.001919996933158058 0.07742688645086408 0.029216712659498437 0.055437890557744056 0.03969438597580383 0.08214316466132551 0.020391026284689074 0.050047344462303106 0.03288992938058133 0.0953890339975167 0.04217995260899571 0.002944376112014235 0.03140189665651745 0.044663172018330866 0.0037856100245170733 0.009972974875484378 0.010255375699889909 0.05172049904447697 0.01335192252296955 0.040948349653011494 0.044635529780947265 0.1105344247791774 0.04918526950654839 0.10906760393098756 0.007197756347084409 0.04456639991438108 0.03893753884100734 0.15532493812420958 0.05234613415546663 0.010018534380568662 0.10251203937605183 0.07754859895577873 0.16064443348629048 0.045935371670039166 0.07843589349111534 0.0028888287769652907 0.003598517875309345 0.08178801908191802 0.014442411906826151 0.06363564925403922 0.08072544472489815 0.047970789245522984 0.004535695306847306 0.030490541888227966 0.0018142050695462049 0.0061174542258239555 0.09553388642499161 0.004921659582522686 0.03440904216268173 0.06262787344180118 0.008648529034682695 0.055026275288151696 0.022188046726797236 0.0009930128510779017 0.015512574983577394 0.11228761992429277 0.056666020702025754 0.09558618463411273 0.0972649019858694 0.0814936118083937 0.03772746620929257 0.023424038461562866 0.025637675901420447 0.02321808575151316 0.09942842755070337 0.2706301563030492 0.13599566949089048 0.15061248103888714 0.08786911885437815 0.018044348463418628 0.17804794854946943 0.04658703682814615 0.02320061038806183 0.009811302078814437 NaN 0.25903358977407065 0.22298421656894316 0.13684820682090745 0.13430505047001645 0.014481442782067942 0.07294326953684814 0.04960051152768072 0.04023830878177252 0.148152470550355
0.16688691699235528 0.31336862291523426 0.042528432963840214 0.14919960479304478 0.03623612273333622 0.2091436380764661 0.2651381112451468 0.07721926566625888 0.19632189248040668 0.10554900141572637 0.19601908513826846 0.12995820304511227 0.13595749703199697 0.19414009257008832 0.23855979127682952 0.09636055910878463 0.013020867873440568 0.230422712969959 0.14647144119238026 0.004502122585879784 0.18551578938366695 0.13249397520313544 0.34429538919439345 0.1957406653090733 0.12336046285057782 0.047451119075422724 0.07345555454013679 0.08453634508615625 0.09538277304041631 0.06932750591982005 0.21798585539622203 0.12328820749478278 0.11806318044028268 0.10245403834864533 0.11702538540238262 0.07535404805336565 0.1004981326345963 0.04486687431232711 0.02252120352937852 0.16758940418014462 0.04300228524541873 0.12071475485886171 0.0627008072522167 0.12104324478295089 0.14191911004744184 0.07318309447615938 0.024838474013938676 0.11954379273203246 0.051511125991220506 0.22551125811492614 0.2728191586062018 0.13433199135629417 0.16254975835138244 0.04435234524496382 0.08525233417397585 0.05947509258074605 0.03846663808544268 0.058400530796265136 0.12131461565570213 0.0921319080994126 0.09675558941313435 0.3187634536614933 0.3461530277925124 0.03370287937097049 0.0058795694877299565 0.0577836305117012 0.21968697179718738 0.11239076676367539 0.16712112727371894 0.15658747931798386 0.024270549846713316 0.13155125958365063 0.021072239363793637 0.1550223322804875 0.11675305741898523 0.061431745761473235 0.19257206072394992 0.026585857862242965 0.07228380824307283 0.016530566848443763 0.11223266277175271 0.14788071196233207 0.046380080128045655 0.21864198357440606 0.1999135514676195 0.13234758484422926 0.0038559283427128804 0.050569413203574116 0.033788336023486465 0.21807130448649922 0.00015064692768688678 0.04243866826970932 0.10336236388362996 0.07622878986502603 0.07832419622842689 0.024150049285970802 0.06377678803929572 0.031312715837677446 0.2752204771643331 0.31311837300074175 0.09456413067280704 0.00035368269411947497 0.11879247388871239 0.03051433175395394 0.05780220984993279 0.2751614909785641 0.01580349431104902 0.15812398837872793 0.20159778774699805 0.03467389825901174 0.2518627765160539 0.09504001979732792 0.012101853271567558 0.19288524446449173 0.22471380720681353 0.01021542349108902 0.003651326468593348 0.01314384979163849 0.0015101035505608016 0.14015082466353368 0.04592479396991687 0.042278096634362494 0.03160013480622677 0.0582351961606927 0.10604235883633913 0.03411261404897028 0.032142614325913886 0.12347712786258602 0.02206761269167757 0.04233347182476104 0.012804066903286618 0.10036907752525615 0.08429480591506777 0.04304602124714237 0.12075451136055028 0.07932767136916047 0.19274827993770016 0.10822892576620473 0.06889914933283313 0.18899470671089766 0.26606789574582534 0.040621232356244874 0.017670346504865684 0.08865407511596245 0.0033586151951754063 0.10311470243513089 0.0667397239318225 0.07674187755855226 0.054769394484310056 0.03615543317714101 0.06353789486283266 0.03091305247244111 0.15199299816750036 0.2049325514931619 0.026518209583243513 0.24266039069843115 0.13912510555145902 0.10432645866676835 0.22042225383719735 0.10928343954022746 0.06429500286879414 0.008094335860518324 0.11273972031097898 0.12786640475845648 0.04265630276851807 0.03286757509472705 0.08272786806201239 0.12200064684557614 0.15554440347725806 0.010481799069951463 0.3116872964930373 0.07356050152517937 0.04535079490688104 0.06196512628786529 0.16582834217084824 0.11635604646591945 0.0699464254439555 0.018214001850017023 0.03210136661492802 0.048179923849927614 0.21748710321610415 0.13865020330005684 0.0427300388448829 0.2739783807003087 0.14109336749137133 0.07636858980333756 0.013183129529535086 0.1789374148982049 0.18452649382839523 0.04410872840093617 0.059088900394502326 0.1468540492116911 0.33922861911586144 0.2842109950179217 0.27668353726614414 0.08269554078975107 0.045824822311185974 0.035051431557578276 0.03530112520012085 0.05421193143252713 0.20779779181513794 0.09164408453742559 0.19082094634197883 0.22161436738869156 0.16529236781095286 0.19341499530328768 0.08254367715644431 0.08847692161950026 0.06611937004537291 0.19854994226894807 0.02249457724607366 0.15245582497520724 0.16828874658348908 0.10848878796694811 0.16867417531201995 0.09632116103390889 0.0030093581966487647 0.17016930978901262 0.0013001867661678404 0.12545875198572196 0.06588527662978215 0.06182192327255784 0.1009860661172668 0.18435493426102778 0.17800934852965264 0.2929317844996364 0.06986589333078216 0.04145492495503749 0.13268454611591077 0.3525785165520978 0.21663617867025292 0.10155351774028158 0.09894561083922182 0.022267600228256905 0.1524782971124899 0.04686491124715249 0.04498251508276046 0.10689577320115026 0.05511213700693343 0.04144561429037064 0.09474715753930917 0.0011267273253184136 0.17397467527814292 0.12347948984544149 0.041633092105855626 0.18687197415331416 0.26124446236919924 0.012914015305860156 0.022707823579954895 0.0451302796109173 0.12110481478051369 0.0376410867822806 0.025483815475560084 0.0719679896222852 0.05070740760752303 0.06945978098696803 0.2039833289410123 0.024547156201243592 0.036628566157172644 0.08322491637298594 0.02033291114387467 0.22991873388851342 0.060493437043426884 0.14834270581580014 0.1731390528319701 0.29883842951202816 0.1255661831790118 0.03114004311688146 0.28553197963645216 0.033666343644163446 0.07700326517617381 0.04618297535296328 0.004429688634162992 0.13422347207728852 0.09705965801035953 0.1204787209054293 0.12484005341437882 0.09431065360888943 0.2543195675701985 0.08614142218243258 0.13539867310396372 0.028343234972671237 0.023036528735295932 0.025773111704404897 0.01296738934276425 0.11756113781820655 0.022440079233411365 0.07662390869146765 0.12171120961488152 0.017275904780386122 0.07621855797995565 0.06931244014049573 0.13567890613622388 0.13212800571021563 0.020003137876716277 0.2820630924478096 0.30244252911855474 0.024559275653563542 0.07496694252750113 0.026745665598201802 0.06176831414036977 0.03388256723364332 0.033958535339224015 0.07730418958225227 0.13616372004820446 0.06851289010557833 0.09613740878354049 0.08138721307567318 0.01815896005755411 0.19391720460887746 0.011976378353107373 0.09378410179060755 0.33218213083527703 0.07832277682452571 0.07117811999463727 0.1126927106287694 0.3370492419314832 0.12972022011356152 0.18777500448190965 0.028910633154384118 0.15492207709726563 0.10883389111651157 0.21478574056496494 0.1566995695256612 0.10233556685124003 0.09053310800164384 0.11933014862566688 0.38270857574943234 0.23633856766297925 0.13885898692267332 0.19925999813245493 0.061158238334974024 0.06443788316571751 0.10506503854774789 0.16408229191636467 0.2454429497493462 0.06752538931816991 0.04160212192276885 0.025976888881138978 0.06216204994795881 0.22133872393238893 0.0721226486544749 0.03484169315500645 0.04959288020265553 0.01816481898114566 0.049027296651768686 0.10356024356906575 0.011927395540908171 0.06677445961008767 0.10096992941272838 0.2946878450333842 0.10443730173043142 0.010857688150892941 0.11162881748080662 0.1989393912861488 0.053502693291434936 0.17231949540549157 0.026349750360697536 0.12470362840505285 0.004098497134325731 0.9336801255854413 0.40055818773254903 0.3294638193418656 0.18506362460291648 0.06066456077066787 0.4511544602133263 0.04811098230015718 0.017371836926891683 0.1222671342276058 0.25903358977407065 NaN 0.43621427607415086 0.35374145402234514 0.31474943910907016 0.057981890219011456 0.0613117940466299 0.01194388693008265 0.08966426473521945 0.2550155715346488
0.3759515467424833 0.036780908116224025 0.042588276262346056 0.3504533258514142 0.26321636870021203 0.0743820417249321 0.051834304859585525 0.014670878905521418 0.016327390338244815 0.3279487114593388 0.07611719941368199 0.06619421714048274 0.27417923716813236 0.28456179910696605 0.3157318639124766 0.021325745301585132 0.050811612349249975 0.1353249768863079 0.12290487659477631 0.11185061897124308 0.026063745238227614 0.10516080505835897 0.12706686292211078 0.28297888125674237 0.0380026541540636 0.0035631970975902255 0.1779105823393309 0.10495027488088414 0.08540195772485869 0.0416316908099381 0.008469716041424406 0.13758879757758505 0.21165615163049545 0.04217608696003345 0.19015353736119367 0.11797290100761187 0.1148468806298612 0.2535672493697534 0.07644655358116069 0.009381815397268605 0.08451048355923255 0.020627114538296375 0.06403766673166884 0.23762567288982683 0.0881580728508558 0.004198285196829193 0.014124750215611478 0.09935759717021732 0.041247733759892095 0.01663146753567132 0.12040263096447132 0.04331697364916676 0.03235308022974046 0.04364529119095541 0.031774089285382584 0.13006741835577462 0.07095728358258137 0.07776242227747938 0.06672493471901948 0.1742523284048406 0.05555284168886943 0.039336751019532636 0.11477604574720886 0.09024743479748053 0.01765665419771777 0.09352624886222963 0.19296868688432162 0.06675608284442454 0.1521325398773036 0.1387382029462214 0.06459384585202706 0.012030766221133839 0.08144059147963155 0.010948944738823078 0.08107170303899507 0.10108946083379682 0.145814751452224 0.0871884618841356 0.003056305621274236 0.019856064740843518 0.0398519797703454 0.0970363304593749 0.118655846604769 0.2806527552392222 0.20434834093857296 0.23234353609646924 0.12553797230674554 0.025263713764690526 0.0016703651696168714 0.1014440062152106 0.011661895532632468 0.03778329089988186 0.033095881708235506 0.10449028871218648 0.09362751099225314 0.06454741544477675 0.1259373136580715 0.006560844799475155 0.037975838080594494 0.08641487198228509 0.030100355158938573 0.11026177738956407 0.13891849244637489 0.08533936775049103 0.06521650333504644 0.12499014895172107 0.043130271407169775 0.02039292750299507 0.06615738337106912 0.004132552103624499 0.0983943272445175 0.006598576705131665 0.03983975121099752 0.005732981296670518 0.09606425986547888 0.12335076200226762 0.03239483528591954 0.03674058549455576 0.013354732688490979 0.18860342225990123 0.07106579212801803 0.10531940753756953 0.05033329407371686 0.07836144199800384 0.16822302978404466 0.029004675476296347 0.026840433329292243 0.08581482401149008 0.05819083787897653 0.15050895239252338 0.12664395442452794 0.12975349079903636 0.09638709298556349 0.007163715796666258 0.1238768784603941 0.04934994335644254 0.10316840869972949 0.10744178496623143 0.0165955824320129 0.0936181724967222 0.011770447110425408 0.020453192744439238 0.110109860475305 0.09495805182219964 0.1055945428668681 0.04716175773805883 0.07362325738603702 0.15472232085546028 0.2482434492104672 0.06394879928734173 0.11569575506950561 0.07848824885255759 0.007205462902486315 0.08075269380703075 0.006856701822059087 0.044297743812309165 0.0895244915097645 0.02100543457339503 0.0014439952370817416 0.012182702908840524 0.18040385919717497 0.06949391242508772 0.06295752634912999 0.11031260455094544 0.026139565015702113 0.032657503906331424 0.054538495906855215 0.03659690672637861 0.04926488541167879 0.13559537843735564 0.2210199436825582 0.015464704619496231 0.16179353514191983 0.17560333038538375 0.0021450118882284375 0.10803773125607453 0.003976114677331803 0.06936086726583604 0.2027975484902448 0.12074435623966914 0.3711131472028823 0.08589171924695385 0.09958472964628796 0.3683791888678956 0.303513504709174 0.16335568364122355 0.1015962880281381 0.014840615294162357 0.009764149809643477 0.19360765413731665 0.07873216691418496 0.017624789545065134 0.3515358712903553 0.2500092556492722 0.32703080804306184 0.18234481192992413 0.03555002837206646 0.05233440413178613 0.1946780800938597 0.06402963625301879 0.0508389934508736 0.021621368707172583 0.0013100970073218633 0.31830102091195495 0.01398404138292008 0.036593089861425745 0.22617465479952012 0.1599924591170476 0.1943343573850669 0.14099518296962263 0.07995658926002161 0.1541482594370045 0.13451556237590365 0.05070560748807542 0.08929982723133859 0.13030038721297693 0.09506040008006711 0.2762260458528088 0.029963972482281376 0.07080687936174201 0.09636749645494254 0.006465710999878995 0.10355216237500064 0.20541100985949118 0.11933671944697509 0.17240050933149215 0.03396498351471656 0.17009913701280902 0.08526481211694596 0.1410124060078047 0.03763386303430406 0.002045906912182297 0.07247103122702982 0.002819764956479159 0.08136593469860487 0.06743615266123872 0.07910805905132591 0.05873210699335556 0.17900357271014972 0.12531648826889996 0.10768792712529622 0.028841352137436042 0.057527372946056136 0.10479799297909916 0.06749752858948675 0.0783459442335782 0.133582900454883 0.00328962931952826 0.11471354990013702 0.16887599501469175 0.02324852183946868 0.0490416908615204 0.02196004752548181 0.062025576474883035 0.12250794520962352 0.10915501049745205 0.044874514030312694 0.1015931816983629 0.05870209227151246 0.008718087669281109 0.14836826945318005 0.1803825345611315 0.14511558333081775 0.3057634734965907 0.3018603683084557 0.31873864081396863 0.09715663364881484 0.014413655954223888 0.23198611804138725 0.06704571500299482 0.0024786803600677534 0.14924967708195938 0.04062669864923534 0.018294960738634545 0.14186369963820322 0.049562207137893804 0.1825987975265845 0.00876697784949145 0.03598723114212376 0.026835820176184508 0.041397810381420055 0.10186798728803402 0.11288056775322576 0.18834454955431204 0.22771373729842592 0.0224919675991567 0.1211035379421544 0.11845936287995698 0.041815731469479915 0.08377112449465769 0.07350710013253021 0.06317026340349477 0.02474468712930689 6.625755554087998e-05 0.00765514537791036 0.05815964470131733 0.1850626682637067 0.05173067791406193 0.002975665566088977 0.08025666071998047 0.17927732560600393 0.00186687639275375 0.015425218350842202 0.13375966749885068 0.1676008759858851 0.08916869779239035 0.00747262497361091 0.11079941145251847 0.08525782304024901 0.06109384959337831 0.02192567821307003 0.05661512148504075 0.1539671824653261 0.04161444286152893 0.050105055816085 0.015276294476674192 0.18876310810469735 0.0560649789941687 0.1436643047355658 0.04715584491826499 0.06080184534494289 0.042061023352039796 0.2256758666285268 0.19308463490584793 0.14638502357637292 0.10161169801739424 0.004045898676366873 0.24828083295836612 0.22768355000453547 0.03107007068157639 0.08340441978124331 0.04620485258717762 0.01906604877848346 0.0431012644667613 0.018266695199326752 0.013488564810705797 0.08179537669231489 0.062224114201880856 0.023200331175633464 0.028309210326857057 0.11531913845922773 0.17876644513871265 0.004186014225756248 0.025027207959485025 0.005593755565322697 0.09425961261680268 0.05587485465089515 0.048844432286581994 0.12367256110672092 0.13297644242502446 0.19910943356137678 0.045220838030294634 0.10626238578130441 0.21887294920230638 0.10329480040632101 0.06824135496214605 0.08339792682605304 0.07098719705369223 0.05853305307987161 0.1502894388807683 0.4779937365530351 0.36186490198399074 0.2305873816529671 0.17897690604560593 0.038650155429738375 0.2811615336936036 0.10422019794211959 0.010309571577624637 0.1376182538745063 0.22298421656894316 0.43621427607415086 NaN 0.2237611198530315 0.11141054424470061 0.04919249345196143 0.12575075546782688 0.09635956860200559 0.13417175555573946 0.21110926565990196
0.1415555297902938 0.06464910240184868 0.0020674898572173935 0.14745617696211813 0.12029895245916178 0.02898026536563927 0.04484974357364771 0.06718887400786838 0.15293977202185707 0.1590503921649251 0.0004193923622517458 0.028223246048615754 0.154193428621674 0.19394548643157924 0.18447851511040939 0.022669005990043328 0.04079105902464392 0.14245939515007763 0.0032455866196312868 0.022298200396756482 0.036519807604870225 0.0908693720650559 0.10161637526360899 0.1409039293250362 0.03228858155576327 0.014701521765887952 0.11416020380757218 0.03130164856474992 0.027294050817046382 0.04561100950754274 0.008139411245249766 0.1320251909593278 0.11977290068712623 0.1284788498576679 0.09476220552294452 0.023235207821229426 0.08003328589050321 0.11464948101762489 0.017394580696778628 0.118691499259964 0.01258760780999144 0.06729340419536012 0.01730339628498356 0.13427134149289602 0.055834384891050304 0.0024313735701453594 0.1058000582516703 0.04825193496343567 0.0463529632238714 0.026420312539551204 0.16709278986564874 0.0568633444090981 0.10462550781657665 0.06084115546241851 0.07682766485031313 0.04812835989875949 0.01705570571208435 0.0020598414520932155 0.008191122535569409 0.041045140158335026 0.04073070510704199 0.005123283398900297 0.06768138309965807 0.09718039871694553 0.0011728233809536316 0.05474820472341764 0.0616620626486088 0.011481546117738273 0.06356649904428846 0.10174857693902048 0.010427618076448873 0.032450681257339395 0.007343451489610349 0.02596019088216366 0.025666623439633753 0.14053776240751892 0.013727998156732165 0.0418367991762938 0.026168152424362316 0.0015829373253608873 0.015157301211292672 0.09113869651724452 0.01703135263246446 0.1879073521075984 0.11042269762881857 0.19404818809447963 0.12440041300412782 0.05084128990813023 0.05784585703373231 0.08372242378711861 0.03508918292218897 0.045501873497471854 0.01926392490898964 0.041862484106625054 0.016016556527419613 0.013855408393361862 0.035523740267205756 0.040401133269799605 0.06383045408304 0.12035763875437075 0.059222998228932136 0.00490138492142196 0.12305929945529016 0.09194577390060305 0.014616018988610634 0.12142176904449561 0.033468332678640265 0.0300067560250193 0.06350612750174724 0.02462943259958138 0.03037149145569788 0.030061074239500694 0.011126832420892154 0.05184591507948391 0.12591405574295017 0.07196511951962112 0.05058386544866067 0.03717092789095658 0.026396276086230516 0.046941400083074694 0.021534647418570016 0.04964713562685206 0.005433708909711179 0.012723745387390923 0.06939636598942041 0.00486032739841627 0.003085417423996024 0.0340424153339116 0.03762292169237681 0.05416734133009915 0.09069136154786711 0.10202741178252166 0.005110003745704153 0.012055355182496329 0.05579822497989767 0.008940211126437728 0.029138789593517032 0.10318573479639082 0.02185181724123534 0.009330388703429126 0.027575896940018677 0.05065145108729312 0.04308926104138427 0.009173600744273189 0.03494706889566103 0.02427277530543555 0.00895530717522238 0.11890651163182588 0.10183742604726563 0.019657101787143787 0.0324658598199341 0.11091497523985838 0.07989321514081511 0.06582592780619154 0.013658446671550055 0.06673647421652851 0.06011938138259565 0.017658238240288136 0.03188964158677405 0.0672778847325307 0.09642656901484949 0.06545442932370324 0.06193511678798124 0.03351843248865569 0.04180130352944714 0.08112231937268657 0.04656837057885049 0.06129943823528344 0.06222588221691315 0.09886817830509916 0.13222821129275356 0.001101666578605251 0.09841779082334959 0.037134715403438254 0.06668866647106286 0.008329854057778335 0.0025416084924375394 0.036317068424228785 0.10546386296622108 0.1403078541228 0.18000034525093186 0.03177779340659933 0.04129173346279781 0.2457288002824807 0.18592085750338985 0.05731559424757018 0.04282498136990924 0.08052347905437425 0.1133011710290331 0.06271171949356684 0.0370563026684912 0.03456802203087352 0.2057546147010621 0.12874973358138078 0.24220641543316349 0.11528569290922122 0.05755186557092793 0.06761823591091012 0.09256182761437746 0.06481441293288091 5.696024595263966e-05 0.06841710566600478 0.0052921660056124845 0.15872877339881467 0.029084275744272678 0.06381392515127125 0.05635180889649253 0.00535640597573097 0.1033361448769483 0.05517839892833396 0.04741090161287805 0.0748896111202642 0.15928574495019152 0.08939440401576024 0.09548312245161564 0.04296332161504409 0.019397895603583085 0.13657955398404212 0.01358394861298009 0.04793087200755482 0.019190855139503513 0.06816938835167835 0.03719114134951132 0.16120636307269223 0.10395213277951285 0.10353486923430057 0.004627969343379092 0.03301696591569522 0.08709967244131028 0.13731137019863274 0.092195629096095 0.0644878793624609 0.057255395521993574 0.019043656302624393 0.09545667678636702 0.00748104523847211 0.01005720248264414 0.07671476519861277 0.061843526039298914 0.000684400683186129 0.1376782646297534 0.05748774687539174 0.0449728125858687 0.1734411005785477 0.0624501947846602 0.11865212578853698 0.038700360392632804 0.014811628477529013 0.020267583167730762 0.03526033338518433 0.050141738018051614 0.0016557205342011589 0.01923171377542966 0.1260056962859548 0.07009194202134228 0.042893019280673565 0.03603849379880026 0.015378584176863174 0.008605455813548286 0.029988620671830165 0.027015123126737494 0.11491439682643104 0.10562115638871857 0.164992508637904 0.1160607807421238 0.24894200876547543 0.056875874222655894 0.041325050915326324 0.09509457548399779 0.09136902862417781 0.013985834535256706 0.16294732267865594 0.032859838249522225 0.1056183740034152 0.08920738646295578 0.05706700765112067 0.09069795512272447 0.055726802507994055 0.08896213173134972 0.042746056231666246 0.025210344305345463 0.03064895385932777 0.037418457787184424 0.07435615456935887 0.03451429774013784 0.09032604002074003 0.0015254588443946112 0.06521175545690812 0.0404810231599563 0.005980837844613835 0.048651467888849526 0.03142970677247774 0.013501582598078737 0.015538874557574403 0.05301536763912289 0.058187142859920875 0.10912017059851882 0.0050769650839164295 0.0008696120319356843 0.030071771391896467 0.019402340273852008 0.009679238579008704 0.009113283966747918 0.04087530999703278 0.09143754713280174 0.0015461799991077438 0.028913314141600113 0.042366183264581005 0.059066999414264534 0.04444341622973817 0.02849641295425557 0.056720922167305225 0.058980692670026466 8.982622632277603e-05 0.03434085437110851 0.05596637443623065 0.12104879408843008 0.01984475187631013 0.07712424212800503 0.11194405854697366 0.0009901979505936515 0.07010176394932804 0.18493554796264988 0.09561568240044079 0.05094275199673279 0.0047568515071994555 0.07378116503199764 0.1796200500194496 0.11910669340788184 0.010732609888920552 0.05548333189424884 0.0798129119268979 0.02177844956397166 0.012290533190559212 0.15596979634620564 0.05265997506603572 0.03893162908232834 0.051573067714691334 0.06837882162041856 0.0022441806133703334 0.08700868737120197 0.13602546506657356 0.0002452131843281673 0.0036502863311188233 0.04034922112142297 0.07106427420069304 0.027441720229349133 0.021550775650583227 0.028837575406264665 0.08835939679036826 0.06383790293323056 0.037798874844131775 0.054504502990467885 0.11814560253534935 0.1084666207303492 0.005786135774301284 0.07247843335146371 0.0017209012503106621 0.0886714715890071 0.11304423193931919 0.36478180984219766 0.23655309056267496 0.3373197522818495 0.1829302374144668 0.014297255558613844 0.1224058059631557 0.015947814646034474 0.0011491392742428777 0.08182039639523511 0.13684820682090745 0.35374145402234514 0.2237611198530315 NaN 0.27292137944677247 0.015499835971360877 0.013547335282257803 0.07785249232047248 0.07485051640262083 0.1486665909453483
0.11954489667637086 0.207100288871357 0.0854277639010778 0.0732845286068341 0.026474474105218856 0.1384460424988938 0.18510719600825767 0.1785825896450478 0.29324535687451087 0.1775872497580326 0.07845190816486382 0.03355966061646301 0.07019852788812234 0.10146664427731387 0.22428810170875957 0.0856958496953408 0.015080055548970281 0.17543549281144863 0.04936082031833363 0.07551665427930895 0.16741463509316698 0.14000958176990713 0.23503627034924063 0.17742354322125303 0.08199020590643571 0.047043275556532003 0.011797490079466804 0.031617633420424424 0.09136046989497339 0.11792851252085726 0.0627532974301463 0.006898160135158756 0.01154683132939379 0.006292030685454359 0.05742571991449084 0.12369060147665319 0.04802287269819571 0.08159901055230374 0.02935643006972817 0.16749126862630467 0.018402553975221808 0.06967558282111809 0.054182980775658036 0.2105669051968873 0.12027802495019614 0.06334701741366906 0.1448807362362139 0.08414384089060306 0.020993896631081484 0.03165560020786053 0.2761355811775082 0.18151625691261536 0.208214690058823 0.12834540614696996 0.046745244825106634 0.0713565976988965 0.052615946772401695 0.00017694812648227316 0.04055479013571633 0.04723449939822332 0.024430466331384598 0.009499464140306049 0.07161449145234702 0.11594174179204363 0.0031169689922607444 0.11681160481225314 0.029219316391481315 0.14064158417795633 0.07487710623490514 0.12724390258301527 0.019929218226920287 0.016628727429141208 0.0895258780873163 0.006257493967004021 0.05695835476627559 0.1722796178951568 0.07711912955354297 0.13445396321658581 0.07542414055939999 0.016311263303006487 0.09262980432401054 0.20185266666358684 0.06477707193151389 0.20810776738968198 0.13999280508377296 0.2616152761587536 0.0753487459655272 0.04545870860073709 0.15702901608933004 0.17464023605841744 0.018133980500848697 0.03247451888684192 0.007082672331027037 0.04581988183819336 0.07711666874451392 0.04217369500952129 0.042151273430153846 0.0032447082742799956 0.04527066428911052 0.12819674787672908 0.07710528850395522 0.029113125496149753 0.11825393126730335 0.03617391163120111 0.017737796631236626 0.07898226840857517 0.028060585573281133 0.03798287701454397 0.06467446541328663 0.017357331290229417 0.023072648797433568 0.01566175094302039 0.015102214188358679 0.0062085211662112425 0.16652257392686673 0.16083132932748412 0.0920169341261653 0.023032366228605574 0.01260910005509638 0.05401642997361937 0.005281210460520482 0.0036208563941832798 0.020236862107417434 0.006208301392729048 0.1130728800091114 0.05613936203575568 0.0032065319470201926 0.05648779210667837 0.11623727173187219 0.015175032119833806 0.051184408634239904 0.15603545431732993 0.03406142113910144 0.026232435202819128 0.05005002038566032 0.008864762021554149 0.015503186466785149 0.18932549643777835 0.11579991717510882 0.11791342049874431 0.15548501804203071 0.018336829378294763 0.07986063801316255 0.06967580972476684 0.0920264584603465 0.03235622269293609 0.018782298436640008 0.19500904058572466 0.06259430353102632 0.11844480057376254 0.10844294623049391 0.0010196147097841707 0.12945845145589036 0.1131708545725973 0.038931425294960166 0.21493859932094295 0.19527650990623602 0.10301285302946095 0.1312113010553496 0.05944934154400337 0.03089825955283024 0.021247816027063333 0.11053471395861862 0.049741836048626566 0.008865994651201074 0.09714339820483944 0.00577731568786213 0.10958506101318131 0.08421622527371185 0.0075010550238085675 0.14055015680369876 0.01626416408293806 0.09833161009739863 0.052078415999756315 0.13070954764105147 0.12909210119060066 0.03400659752466745 0.009510994223317798 0.09460886432283151 0.06871016810536978 0.14373572363348275 0.12145882032546562 0.09719795977520301 0.16320890962044932 0.12403466350724925 0.032358227956340295 0.07370853617568003 0.2355002240800349 0.2595115679704636 0.010329469240139203 0.05856055953288789 0.029260270728564935 0.1309647713172093 0.10515907604835079 0.23052969171100943 0.05301676504626754 0.007177270019023159 0.11685634485771745 0.00716478112673525 0.0009461887445060633 0.09484899280186859 0.1507004117296768 0.15720176697824575 0.15513554262325432 0.06440320557249703 0.06156592935781795 0.047040412840963455 0.07006337121810817 0.010877364554602335 0.07944382882674779 0.04851943979299969 0.027365813350850896 0.05885576779178243 0.050792652752262836 0.02259481497361757 0.013142519210939965 0.03640728619048175 0.17644708318403501 0.0995298080970066 0.11636140346919505 0.08809888401487695 0.04860965185225835 0.08242888569961752 0.10563023873761077 0.13051040665331534 0.09329905291894479 0.123180043830574 0.04734885142987773 0.03141452704353893 0.07900118244487382 0.2951719959575669 0.14997028301187973 0.19806399303162453 0.14355684620544198 0.10890413185456002 0.031166800501304992 0.007645985055839531 0.07822135232114413 0.03253960777432518 0.00032660954880027145 0.10323427379083726 0.09913315002683723 0.002402655745906436 0.19197943364798728 0.05422741339481 0.05977425146056549 0.05073794019374832 0.0648042046294173 0.030291719242632627 0.029124037705087136 0.1654296415936917 0.1200742781820532 0.020039698557573666 0.003534530961005026 0.08761240582697236 0.02268236822767522 0.05313478161466026 0.030934145106568497 0.035639165550894185 0.008565235776455857 0.027699632467542975 0.09996268811753593 0.0018177559157906212 0.16997337177710128 0.20733068913337876 0.2371959090595936 0.028074840326615197 0.0026742994067837146 0.12256981015260426 0.20181917746956143 0.0756849668360985 0.08298682934442884 0.019385893294265696 0.1208106427172782 0.013040907890561936 0.009182225133198088 0.020649743516959834 0.01956764116072461 0.04991241129465415 0.10132881643284644 0.07220538837689909 0.09415558633867738 0.05876385148259683 0.06001535669351714 0.03385923006446638 0.03229710684277959 0.05937445399439449 0.02064422968553149 0.05359251598611334 0.02255645030208482 0.05004818700249262 0.032181101789185144 0.09847720264965011 0.014986573229312667 0.050586625366269775 0.02413449237137358 0.006826814808614687 0.07234485983517185 0.03329186329832723 0.07226066379899596 0.005445935639787649 0.05714767959878957 0.008094377373621939 0.04265153846416118 0.15599172783675105 0.029122599201421604 0.007695568867432616 0.10772046553942063 0.12705664498557037 0.02802002278069616 0.09234152493881372 0.07390813163014782 0.014604074168550469 0.008512216415787437 0.004699049871893158 0.019411465849570948 0.1546557282125728 0.12541565290558768 0.14191118724345247 0.055886371765304914 0.06679195743232483 0.05379010163742122 0.2034939394836972 0.056298886963245164 0.05868091036274996 0.026182484453265154 0.09116201784387767 0.2887176671805381 0.1514685952274641 0.06789534852158934 0.07823961206323059 0.039919322739738396 0.14448223933131082 0.02845779541451561 0.11571070936264274 0.09640441519494336 0.07399166005837306 0.03760457382947849 0.05183133607803683 0.004901789399226258 0.00443858024702204 0.09917177332555602 0.06255459535603392 0.03682915040929035 0.09360075159336553 0.07320554767087273 0.055568584254901916 0.025679672532894708 0.03215795099292658 0.06441349889601793 0.12268798280435717 0.10071827464691717 0.03337989724394956 0.08536865872627705 0.1714890357644549 0.03398310883876511 0.1046264460602381 0.0652990482746093 0.0688470266196952 0.08863746254574995 0.3382975217718368 0.20671677767349986 0.27506177425605155 0.304508907513951 0.09267899405226482 0.12810485215757414 0.11472756657020586 0.08080317285764586 0.1616598128643969 0.13430505047001645 0.31474943910907016 0.11141054424470061 0.27292137944677247 NaN 0.03620530904822247 0.15533820889705346 0.02844376914223078 0.08210903523154792 0.1365724220487069
0.11536561798912474 0.028008992527678998 0.10002541426361139 0.07104579405805811 0.07162347459169231 0.04181130120489347 0.01900268778628544 0.004777976737860482 0.01123466433991815 0.0645476331850313 0.021803451798402672 0.02037913848679125 0.07681359587945079 0.03207244648744981 0.04465853684530616 0.04752800771297547 0.033474694156786916 0.007789079787675663 0.04749848526772722 0.04488904714566007 0.061786606409992714 0.02214226971705265 0.010867971778760234 0.05502217783817601 0.1094258234073691 0.02538616612977014 0.06451135738136624 0.07691817158917352 0.006683543384059079 0.019610172185756426 0.048779474141280886 0.012943453295425473 0.04189608483638006 0.0004917136805345616 0.02251354769755257 0.007668161626402641 0.027231551269050375 0.011526811778010177 0.03697650049886507 0.039721358808331754 0.06459861740347876 0.01949451317350373 0.050670943178748123 0.10263379398199543 0.07070478681153643 0.011041953410423376 0.027722834857280526 0.004979678772495896 0.03703910618541743 0.02054406146570425 0.02519638648861725 0.0051967057117495025 0.047663668805332855 0.039395995708697625 0.03946682477025309 0.06721604067651547 0.07296147851815629 0.021440141040151822 0.038173534781591086 0.0756054370209764 0.03434112081511039 0.04687823375625712 0.015019079597850976 0.0052765608038095844 0.0529113287341714 0.019678824506078853 0.04050235678382246 0.011083848300211807 0.04123813883006906 0.014331184530408063 0.036199496110513533 0.014334868394099273 0.0001973673485832373 0.05169466443420565 0.04125248020546245 0.03595964054358787 0.016294352194344705 0.04744252342758934 0.022183447689591206 0.064649919520592 0.03191087161986108 0.024445923950865093 0.013197032709086145 0.08956844274260062 0.019158719866414806 0.12295227758384256 0.0002692299904598632 0.0004192055684423131 0.08442521792075862 0.01546301333108963 0.05593793837864459 0.003227909940882392 0.03608213737341923 0.015256707100057224 0.012049562974796407 0.010722376350574511 0.024802944042191077 0.06217217040571787 0.06007663708882347 0.04799354466107894 0.02755037060396142 0.0022554991353607354 0.02760067576496589 0.10020097196791217 0.05527124979176479 0.006635995530785513 0.012407192811292994 0.02572809832723713 0.018317559585092843 0.022547751903152342 0.007953444404576921 0.045844028500687924 0.023623330697236752 0.017614493537072357 0.003914888938962842 0.0474885138111772 0.02121363052931216 0.01007089154637549 0.023349974150173806 0.030633745167707754 0.07726352744917017 0.006036103612191876 0.03552864042793021 0.012085747116288955 0.00822414679269023 0.007226518926430387 0.05863060296423142 0.026646985521612127 0.010926794167044606 0.031086202650314625 0.02823468230133747 0.018677696604259338 0.0032613848773380867 0.011326796083183478 0.03096519317843304 0.03973990563809237 0.03332626313632514 0.017215081398505964 0.0029530585163375245 0.06427401074150955 0.058472905421845425 0.05110753167605508 0.008884881779887038 0.044596300016805465 0.02971077092153536 0.031048188578391204 0.04761345365395231 0.08261543342981634 0.10748502829057183 0.026123427957896482 4.833382197694565e-05 0.09091951109978307 0.016901402133246573 0.005183407964643011 0.02939865539714968 0.021939238864598982 0.0035504182297650083 0.04590672256560948 0.042472473889896924 0.03272874904930139 0.06564153158429148 0.07794260708299733 0.07443434221303258 0.05093421319420052 0.004907931138156107 0.035684311259499744 0.02340424556645652 0.009217927477435545 0.047120722197638985 0.016338844849407445 0.06601480271737677 0.009170694965357952 0.07109215661118551 0.061298765323850715 0.008097994262920932 0.06466139419790365 0.015395337489079671 0.019542488972544743 0.12201080958421912 0.08821045854443833 0.12262986027551272 0.026114883289762077 0.05521935026208593 0.1040840797564961 0.08798052810189684 0.0695387268477304 0.019750224066297777 0.030749470226439833 0.02648608131441239 0.07119800600576255 0.015605248547172301 0.003168569078258195 0.07198120778717809 0.03975161647945136 0.04415565877774404 0.05608805370229722 0.05203635792118658 0.00021633067220947137 0.030412827465841962 0.04776027970585992 0.05404875888854515 0.04636849607834861 0.001684009592753621 0.08378670756060179 0.04705273326197877 0.00338987538740077 0.09495358566438199 0.06408632931539865 0.02348314815480204 0.030371291517745026 0.0038171827474649095 0.0701736138777251 0.028277358246986788 0.030273643340270783 0.008863910810618391 0.06726851527300995 0.06058054830422335 0.061710089589313004 0.03744997966433689 0.023642783697877433 0.08970876993793175 0.0014886428424053975 0.0656191476777115 0.06735282770551411 0.001897191998335823 0.011238201660421995 0.03507985738226854 0.015927471361041078 0.003170172877372182 0.03166181987954553 0.009508820374501037 0.0038012670393229547 0.06918909382862592 0.024366976856512082 0.03376537209987898 0.007950027584317211 0.0575179394646311 0.051894931186607755 0.1630706022601179 0.05148917711849901 0.06535287378269902 0.06865267707933854 0.003857252736736015 0.05591705038332457 0.04704408040359071 0.01826467459477057 0.030213586117986944 0.045909816218852845 0.02860404884466129 0.032370840906967666 0.047449653430661015 0.010116656176909615 0.0006808455530493369 0.0019471702247685777 0.001398780599965358 0.0802083261117719 0.007925260896976677 0.043068649569176234 0.008660813001547875 0.06253699794632693 0.10379804187759217 0.02258650613172606 0.0183363979758395 0.09514304086503489 0.07558816941961091 0.1113106841140427 0.032875337949639406 0.012243418623068218 0.023811756788110573 0.05133185312428932 0.002494971497000504 0.07103070126441417 0.017654562030296136 0.01931913964550101 0.027575382131475173 0.03156851830531928 0.009865239193393138 0.027103003395256727 0.029498071193116197 0.024937445908004008 0.0028635809742427534 0.057450806291859835 0.053639509187247816 0.047986342954623805 0.06456024552830038 0.04864812706690494 0.058187388662062085 0.02249331579430138 0.06155669868338153 0.030095870201031587 0.015147452582139623 0.0034795190290392674 0.004757919434982298 0.06516729375429589 0.0061926633406344245 0.014721803942387146 0.056148916462104646 0.04847368446367165 0.0006034166256417862 0.03401111620685076 0.026840241516157815 0.06511918242005373 0.0343277673691972 0.028927866859163723 0.002067311673816636 0.017153648822999846 0.032992821723282266 0.0010231372143984633 0.03426760993782662 0.049630223407070476 0.015088458505126679 0.054635411004081855 0.08082120899521883 0.018875803813001808 0.008089325852738116 0.019233231326941377 0.031643693584532284 0.031312153496727835 0.020617363971982522 0.04204278932518693 0.040920720602473294 0.060685000325093816 0.01626651089433861 0.050922325891843326 0.06458936456027937 0.014141396232848307 0.008260797252207346 0.06641437092144482 0.034726350315244923 0.0360510008297961 0.0048441550688586845 0.034377065287040987 0.02001285755728572 0.07582179943321184 0.0280547942144331 0.027839207123695614 0.04146987378476588 0.04298398281949077 0.0013713272650584855 0.04565051098228258 0.06805662116911772 0.07750363559259797 0.07660097185066454 0.022023133603591788 0.005177369631279337 0.009715370786283355 0.06129705885802972 0.013722193353151566 0.009126804379051603 0.008783195207106104 0.05837262239001527 0.024999207635273617 0.03999044283459914 0.08804204676956265 0.05207484132062812 0.033534275343399624 0.011652961633697986 0.03704801821691143 0.01987898727780466 0.10279405817286802 0.07412039929621696 0.11325365554414214 0.06281180661345274 0.07372334505831653 0.06095086897567433 0.054225045973556776 0.0220545269625366 0.01711824574196897 0.052595574382404385 0.014481442782067942 0.057981890219011456 0.04919249345196143 0.015499835971360877 0.03620530904822247 NaN 0.022362578493375394 0.018070623174539814 0.03201708856359411 0.03779208593755151
0.20437401212099163 0.20212641127339312 0.0034129356917074285 0.07900761020344131 0.0068168450633168025 0.11745034210509787 0.1200664574784251 0.26247157722043607 0.2164139304779371 0.17358747957063772 0.17123796295200377 0.27365343748046533 0.06223537141763764 0.09808962658902401 0.263486290380614 0.03321204737826962 0.09219162205879415 0.2534362304370088 0.0023199845446619616 0.07260529253224891 0.15751694034935246 0.24071289162048384 0.21509906599899598 0.17926492027241123 0.05453222069853763 0.18542782639037816 0.10588086591786972 0.011699875689475812 0.06904399351859236 0.13275377872553001 0.07334700437145363 0.002714597856408275 0.015337170069387044 0.1462798772014435 0.0766912209445718 0.09733440259624317 0.01656367433360262 0.16407122060984636 0.10164027025547218 0.20499719385326384 0.09793546136911263 0.04577395594151085 0.08644657105284832 0.1734470290461962 0.10348607185978405 0.023172853644671587 0.24831952210409122 0.09289149376966005 0.08531590866645514 0.04927254213735359 0.28682480579555003 0.25239961641495223 0.15928838645148594 0.22144793348718636 0.11751452979545918 0.12486362898507482 0.005145258085077325 0.0934875298449473 0.10551310415760377 0.1264132698802442 0.037977323256140325 0.0532184151844905 0.074122308328353 0.0365205394368908 0.04885819709902788 0.11771911226129653 0.10785844590020889 0.19030119732866746 0.22608565237256448 0.18971432252401452 0.19112615950134243 0.18797448349940993 0.0900813234405404 0.08014690795645026 0.21395926574024948 0.20584693259766568 0.02579416868815824 0.11210373576908411 0.055687872095014114 0.07544126422345536 0.17799113634172925 0.09506031903368808 0.02811330810371234 0.15535077231448197 0.23298302284516748 0.18345843472147794 0.00170705791061711 0.010602358532635095 0.12370804216455 0.03886495934795448 0.004252829804852494 0.08211396553655087 0.06101528066733866 0.007735688579993161 0.011009174872256227 0.014853203355618292 0.02824551242490688 0.0645007255831008 0.03895096194034068 0.016855725403100673 0.031178279229439946 0.028645688085204186 0.1131688841151887 0.03564055462018842 0.062478420689285045 0.11976120833276038 0.049379884132258745 0.09380280289693028 0.1033531160273012 0.04966362828568245 0.08768330792566259 0.06871201968022365 0.04566369807284045 0.00410479835717442 0.10379962706323718 0.23015671855969205 0.11941768696647731 0.26057998904363583 0.07030521342072292 0.5873203512564401 0.03251167235146637 0.04731965368966353 0.11232121503564473 0.02092695894011141 0.2364596657880019 0.007057356624571211 0.07619318570087842 0.10836278186243778 0.22179792436752652 0.001201065385312435 0.16075363836137524 0.27396941737580244 0.070041568068867 0.04169299342734099 0.12920451437769134 0.10783817551881318 0.04403073528689211 0.23240344618070685 0.13712957644898374 0.03670158271885453 0.10314417785683579 0.06860498500029757 0.1700844844517543 0.0709255146352837 0.002706999153394972 0.04517511524365428 0.050584378589413344 0.29798776299083063 0.19094975943009312 0.2435404083260677 0.07554529107659476 0.053815510465443875 0.021825224254850218 0.058637942978664925 0.05690351549584398 0.2385815081995606 0.22106419886040923 0.16089369142660873 0.14793144368948954 0.06780485158782651 0.05834377788358984 0.07932430401793367 0.15203448593658758 0.11213565091948381 0.11334377902400904 0.11375979499147541 0.1052373486670793 0.11708559452120633 0.0665789162994941 0.005688562351349993 0.163426992565023 0.061902358133250804 0.09247903455970038 0.1548057751249491 0.06901012071115115 0.19386679145893673 0.012869999525347363 0.01759720231689094 0.1734807280260697 0.09416430352743452 0.2062370801553847 0.13585020225549768 0.03648318343493819 0.12172127141424935 0.045360280984799196 0.010238461829114897 0.05037265296762919 0.19440088113064857 0.17990159767996813 0.08652578302918817 0.08383137705681856 0.24072354504255844 0.04649904861058155 0.16913542719148214 0.28777883799625154 0.031887987370819396 0.1407599149828576 0.24011882113682456 0.03232615144609157 0.08403785130287825 0.10667537692128082 0.14951561102198271 0.17052100993038438 0.25281739344035414 0.07065850434319473 0.19276619489488542 0.0942172054726532 0.17518570241058745 0.07127455522430835 0.13243284511271355 0.038883850163122353 0.01135109183565953 0.08209122386022552 0.12847761886493808 0.17876701294239997 0.05421045555335003 0.049260252717261074 0.22251576811556442 0.1616255315319438 0.16834526171781197 0.01559359714060571 0.04493007404155166 0.06153249366059362 0.08343272086456065 0.11860339246583486 0.09704316912883168 0.17789880141655556 0.00937493839273288 0.10762496757541175 0.06282229498292828 0.21001288734122195 0.17124391435450861 0.0723726467092369 0.16948391903743076 0.15391037032980723 0.1002436408001388 0.0404703559153225 0.014268504184915702 0.10849509119116398 0.10039066465219541 0.04000323271145466 0.057105499350983295 0.08859074661344098 0.036901515095455424 0.02267016541822069 0.06070699226855584 0.13786501617720212 0.18032029274365138 0.1718276821292211 0.16332952157925762 0.2155883274290733 0.25818879925546584 0.0836547528124706 0.09819295467675686 0.32044511045560997 0.18347636349371832 0.07738526862344944 0.09126579726578748 0.06343400367383319 0.03235993732334276 0.04384256218888808 0.05337215116842682 0.044195802958812286 0.15324198356774027 0.18861975437660505 0.10534308469659989 0.15324151959857213 0.014617074458350613 0.12375057564421105 0.02433688024966419 0.03653292050437914 0.1715026110717666 0.00537445791483803 0.03677227933118119 0.018818930178161844 0.001260237512133179 0.07358023707191501 0.09043881785383372 0.07082018639615331 0.08000877914026135 0.013989220658905677 0.01673812997951838 0.10345622041945979 0.15512210989826797 0.1295738853003437 0.028809389704467624 0.051577843278742985 0.010396900281461455 0.04129982431666657 0.022986897251803452 0.10328636904066572 0.0010099076871698221 0.02312723479187409 0.05652025239603134 0.04079547032402926 0.10991903910102108 0.03172461610082045 0.14021696093874153 0.018402601343263984 0.1522861076744852 0.04410355032100109 0.04638009480912602 0.09737221043234359 0.0750718917467369 0.28247486258684895 0.03702220565092283 0.06355719889103559 0.15353321461158656 0.21808232208265607 0.15120456599598509 0.10012484109500863 0.13263508867399698 0.09447561966702933 0.07260953147536084 0.15634356645971284 0.09726070329481182 0.12342233388481794 0.1313188717332315 0.21562431426410716 0.0008263279279990594 0.11373800239387008 0.034434553833006316 0.17338735349945514 0.16706988489156765 0.05152863583723165 0.05607796238445907 0.10473821967475432 0.25768287038029747 0.14091796421834502 0.2734439579337356 0.1290888236233645 0.0739954709703672 0.07697440228041091 0.057285685491859 0.0626785661709427 0.15238970795244008 0.09622964076368407 0.12478760988052577 0.12592834295086713 0.07251053079483331 0.07461936701289502 0.05948747497822879 0.14319220691895868 0.06514541270146561 0.034546459773425915 0.02914157787770844 0.12679591115859293 0.07676295220593957 0.07620856095051456 0.10486866293564136 0.036764321507378184 0.0268376211689086 0.06356622552023466 0.11047260789268677 0.15380957725627423 0.1319715086749562 0.06461440154722023 0.03165808589765525 0.07255220703769383 0.07000952586451159 0.14309434838425347 0.10539915445568976 0.015710297246977978 0.05565044709228485 0.08553378738354397 0.07869818064510001 0.2854638334245969 0.08634769245548295 0.03579847316555895 0.07294326953684814 0.0613117940466299 0.12575075546782688 0.013547335282257803 0.15533820889705346 0.022362578493375394 NaN 0.15999498940906587 0.06370396998855633 0.08895199718361828
0.19043154856428138 0.025510407165467246 0.12238173259978621 0.13503976853488187 0.1307007442806645 0.0794899537679277 0.011862285665834828 0.0505059004096632 0.04155332702815033 0.12001361548808553 0.03936582375735061 0.1829610172753899 0.10197223152361144 0.14952975921198935 0.14951841049740056 0.010682517839884382 0.006879246036470553 0.07927973552632402 0.06998135229803348 0.07257246835347311 0.08567391995966646 0.07715874638841899 0.008093055714676368 0.13249144066364268 0.06947113839791776 0.033955557455107956 0.1480659977416333 0.0763946492427913 0.050576781079005054 0.03211978657932483 0.07423783870854424 0.0681502446924447 0.05442226600331856 0.01951032187706247 0.08334331813296424 0.06277793738727422 0.08457940814400768 0.16098485799657955 0.08648077161169584 0.031041390953585147 0.028142895795460983 0.010444214803135234 0.012344643435140086 0.14294606107457494 0.011787161602263254 0.004041024284862084 0.04981002313210354 0.012549349191932903 0.03703751168318824 0.09672510576619107 0.05197096722204237 0.0537609478487399 0.0415688290557953 0.09627026433333848 0.060543271604310674 0.08283989432824913 0.02260463829818414 0.018426753210251966 0.09780504711538078 0.09596865982823492 0.0880084244445259 0.06455298430763716 0.04590867206334474 0.005596691823973933 0.07620037596631142 0.01715965221508891 0.03781672879631444 0.038425015936360635 0.08827860998442785 0.14473480309183648 0.025378280861490077 0.05461694068572443 0.03838113488245379 0.005640930068706125 0.15718481933936948 0.06854025453424396 0.07672986498748867 0.019784457328377022 0.0403474819082124 0.03705120232501214 0.06801790942580777 0.0152441500391395 0.09738746382119541 0.09694208824391108 0.12535038533121243 0.14302458626642053 0.03564888903674029 0.01256089523181409 0.03121419371353901 0.019257132276425427 0.04475387682690167 0.00458665404651676 0.06596120722183944 0.04627181206637935 0.0488600535054424 0.0026540276578574315 0.08807888205455058 0.033402877452230265 0.11446743367903353 0.10694915950064177 0.09045103428264281 0.11798809520598753 0.033963786467541196 0.1091045842562342 0.13458293008125152 0.03582256815862881 0.004272274029564416 0.08997003269843154 0.09704734926404864 0.014832188581737918 0.02834766045619774 0.0476484185611729 0.0368895692387728 0.01158352862954511 0.00634110059857951 0.09360539135358521 0.03792695857805915 0.00433991551015983 0.024194351025155738 0.09446529743423943 0.064382656761491 0.06309093695731714 0.05920016727553623 0.07942217182645062 0.10142118878004168 0.004666736318715439 0.015166988638593936 0.0597856615039721 0.16482371454388492 0.06374892474037262 0.10930813770613337 0.08783050458483693 0.009013413693942759 0.07474660040214591 0.04452281428639065 0.07765372901521155 0.01794438387498828 0.05669245303826282 0.013794161905468474 0.10694118063767229 0.061128303688126356 0.08946970988109514 0.10558569653321935 0.07331550281085301 0.02757056770314553 0.027584055617490937 0.06667422174569482 0.134231382960684 0.16333426688863825 0.03017475414690083 0.052379190644304525 0.06504795742785938 0.10272667529624675 0.040309673566710016 0.057713385657370705 0.03535011764478794 0.07485428910675483 0.00702958495333267 0.08665715902427616 0.06327401740891865 0.08598464046380264 0.06923346839497876 0.05296986136112965 0.05428449260861226 0.04211547916609081 0.05924727314916242 0.046158483625490514 0.013958018022359615 0.15108038490199774 0.08401567784633235 0.09789807842048431 0.0650809935254615 0.04937322843779855 0.11490598291835649 0.02480929824480705 0.08627381704745722 0.029315960211202308 0.02405817443375773 0.09518827767940219 0.08574944944220025 0.2022837831086662 0.0019449993878293253 0.05467122740721448 0.1383540058195339 0.12965341710061987 0.1280393691853433 0.008698979310957485 0.02445340230450765 0.08128011096607933 0.09532382871753728 0.1044299558345486 0.09971804431487384 0.12924488780999238 0.10951683671182252 0.17550061621127194 0.1031705148509613 0.02755799176247638 0.06533103338897321 0.0875707538398544 0.02154929780888873 0.06694967717535463 0.011973517802488957 0.015351409510157107 0.1734960347257757 0.09334553238815968 0.09802912905345043 0.10805404707190008 0.12062395884992301 0.12144387006586603 0.03020252968554053 0.09202853288800009 0.028481041921052896 0.010928265521824182 0.006621565479888651 0.017815125819944874 0.050147913095987914 0.09226556874981152 0.06862632796444149 0.006729180930867823 0.06887210695468994 0.012641585076756667 0.015050503495438308 0.09876538320227955 0.09186338893736215 0.07343864606967573 0.035960470599033824 0.038716228652162774 0.07672923729698293 0.0051928411590504405 0.0453289640746626 0.013783869330198303 0.03511101516375944 0.09073779415449038 0.011035931209629457 0.002096137967643768 0.04480504557505826 0.022252347691119896 0.016334335039621645 0.11329007018436324 0.08042357883889573 0.028437377285734058 0.011859575940531582 0.03150434631190214 0.02863362748972816 0.022150791372269295 0.03992962510632854 0.006943962433202581 0.02956343988549997 0.10577361189815418 0.11171891132118683 0.08333628701035191 0.09003179447760493 0.019404755191738152 0.02618073658245541 0.15685513784316407 0.061614406514247065 0.0032733691423280933 0.04318736324316379 0.003209757321814402 0.0004962058220315462 0.013453589368739038 0.03519568266249808 0.05158908875783307 0.13126589553985554 0.14512110177312995 0.0783980069407112 0.030340736462231874 0.04576222250676974 0.05998575676614091 0.031234327760143395 0.018845714438608017 0.05086275856923102 0.030496072560918262 0.006006761734268312 0.020824825713954883 0.007105171182936682 0.11345262357450511 0.05398745303347038 0.09585521736094335 0.015318634465583753 0.05730388679144754 0.08314269570517178 0.08684701934717745 0.09338576498088898 0.1396706011872764 0.007653898175799232 0.10122507149543196 0.06611063285917125 0.02056995819821919 0.056873540675456656 0.03594794286042723 0.037428355823039945 0.05920025031177957 0.07726518741182964 0.022467196616945045 0.06115880592806938 0.01719230423584714 0.03707262542375596 0.0072761249800079334 0.026467694515387934 0.06485537248294289 0.015702298427252064 0.011604731177559264 0.07659156009497695 0.10961412537623223 0.03260140820653359 0.041878221830434506 0.08182731771556406 0.10831744573359012 0.02864349666717147 0.0933111218458154 0.07693994521316028 0.043066857830713595 0.053341059734253224 0.0444018364737411 0.08156940414515555 0.03955035754607042 0.00545957753786333 0.11678027714039155 0.0467836140094625 0.01255648701205913 0.08745927557174706 0.1589613910863947 0.04307399415597975 0.008432234823706353 0.12302481220021819 0.034911706562870216 0.07915939816503137 0.12196723791301665 0.053632542239329326 0.07012961339334496 0.059409099052121835 0.006579404126524352 0.04918708805599711 0.06482349629301147 0.025905975784863935 0.013080717404493205 0.06706708727969897 0.010852592508950524 0.010993360844582845 0.030459376117613724 0.08626685368454741 0.02642777540551639 0.0513404071375715 0.00022809386023417988 0.038880634361209594 0.059353880855586384 0.023049408908963637 0.007701302435919281 0.030170585473430923 0.06868663897083675 0.11245739173892379 0.12016869443344101 0.12188595362358448 0.05388589470548694 0.058121100071995044 0.022671596220484723 0.01631924458988001 0.0476896586408355 0.03830982195083673 0.0579327962433924 0.09792596485381745 0.014451705963843414 0.10015662560570059 0.0033717815901942055 0.05242892666843035 0.09042878228249322 0.12393487159865078 0.0004482273230746638 0.04960051152768072 0.01194388693008265 0.09635956860200559 0.07785249232047248 0.02844376914223078 0.018070623174539814 0.15999498940906587 NaN 0.03068119898126718 0.0363428423632825
0.12286425334703838 0.017934042676902188 0.007084277659864898 0.08988666900855827 0.09745458629704018 0.009314750581624584 0.009515231700978144 0.06773933389418921 0.047496329938217514 0.02197268918949704 0.06792231986173429 0.03842815908718044 0.06699707307291834 0.115888824425596 0.02888819272370212 0.01961654351053125 0.014093570484132617 0.040989299072339246 0.035157789893634585 0.022171476557580404 0.020375187264268475 0.05738074361892621 0.03074652468791833 0.03437712641119084 0.061662819237441505 0.06605416175785815 0.039936540468979875 0.04105357025564943 0.023228614601801104 0.029643399438432836 0.012503095176138007 0.048605941545449796 0.09325230753462167 0.008865170234998146 0.056045117391275004 0.05432539425830279 0.029126152130925516 0.049915964998469654 0.019475182319052643 0.05375907837790059 0.02588300545054301 0.031514397145217664 0.0012526556646152685 0.07945946433091883 0.03094638819357836 0.015198724047625766 0.05977068158570923 0.04851337405403743 0.07578243112231926 0.0787190071456164 0.11528148916753499 0.06104433373916023 0.04070201337951777 0.09544333650209902 0.01111926082173913 0.04397142772185838 0.02793780057141809 0.042135662906046784 0.08064304631178848 0.054512596624781424 0.007579039436052033 0.00232626833031177 0.016539329180737413 0.003973712658416939 0.03334936120041743 0.026822845156440716 0.03540599210470249 0.010502169083573522 0.03976414619115176 5.5347490913357806e-05 0.02331087116772869 0.05792732792856409 0.023338517202309395 0.007974936669090896 0.005951623998024493 0.006174686773389473 0.000956787165268072 0.0070429286483035146 0.04566891595065105 0.02969167755563933 0.02619071740578522 0.013196097865633964 0.038141421061538554 0.0009290845635007004 0.04031615458947153 0.11648835243255784 0.04974425258841733 0.029384691996135873 0.041495369193985235 0.04429801302800573 0.01503399658097803 0.02732975878619457 0.03342214565110718 0.003655476373860328 0.0394088270397063 0.0170926254237114 0.012612082200983808 0.021488278449358824 0.0016347871068789139 0.09624640582270218 0.07386859926707035 0.060120463473060055 0.006906105892221958 0.07435529931738279 0.052410621736871645 0.033268284617276905 0.00953930281232239 0.019394618565868178 0.009108233649350643 0.0038489991418194135 0.028432321472153754 0.020249950604287578 0.048466425979549664 0.037839900517968435 0.06599216638829185 0.10450999497475211 0.0768036478700768 0.04587094873589186 0.02250981131099254 0.0036915699704509783 0.0044391486256989045 0.08056569408209664 0.014023718756456832 0.08280831794894139 0.011826622004103867 0.01886491193138156 0.04985990876619221 0.012922541527537525 0.049682810106934344 0.04920489271816517 0.03855201150641947 0.0017191301595897016 0.032883987588135995 0.028363471636843378 0.0045996094020945505 0.0006801771586828911 0.0162871787745306 0.056915523308679675 0.012448491683955893 0.04963462680573048 0.06103277594630575 0.0030548771578665103 0.015402319728140714 0.01498448021562704 0.03217737647799601 0.045655037982871426 0.0008185725538976841 0.012769439925566247 0.0282645556568213 0.04516851456417464 0.03351267343211119 0.0072208226938855445 0.045227807978453605 0.036125490873730896 0.012923191188561438 0.04896821687604984 0.02830635092558407 0.038796113374923384 0.03656795275555786 0.05303838074948465 0.011824066676553375 0.05310195283985486 0.009436342611121926 0.17856956234159713 0.028060633290069435 0.07954325696990652 0.011180761472512115 0.0005870197020288175 0.02163202869480179 0.02269384060798919 0.06241295282845207 0.0399458032203636 0.09404536232659792 0.07994678375899895 0.01408494787148067 0.035446056714004914 0.04331024680991969 0.01423960199054655 0.04761407269305782 0.07120231455680757 0.11701192448944805 0.0296454067532795 0.014255855822404134 0.09518933082545204 0.10144241777747931 0.05932386412059293 0.03534527205753043 0.052621680193860175 0.048428964786241056 0.0039001884488008847 0.003897074596162027 0.021083712838479325 0.09407029920300329 0.04550781742245675 0.03386945720004231 0.044098104478797584 0.03248940183016353 0.024529832596818263 0.0667106898250826 0.023667484707607076 0.00028012652473947004 0.04107830137023462 0.02025208480481987 0.0636220081211989 0.028379083519455534 0.024835582452594044 0.06484168556483395 0.036408203781394685 0.011601370107775774 0.0603230716037726 0.0014075062524010178 0.06785465074801006 0.0252853587682678 0.012506153590206577 0.043030095328809866 0.020324304732692665 0.030096536212532124 0.030628484324070043 0.019802683955868244 0.09826105656377852 0.004867386587265391 0.015350071901945463 0.04921669878813994 0.02106020541590438 0.02352060941782965 0.010571444815004114 0.023231342381732082 0.057441636391397155 0.058195466850349986 0.009926903742366992 0.12078453208380727 0.08743447306413533 0.042172414721158895 0.0760510431870305 0.10831016854863751 0.02654164672098278 0.013538028747395936 0.022667581496316463 0.007508703336003689 0.013962316105757879 0.04088735008737535 0.05297424253991367 0.013834174560074628 0.029052385590160896 0.01145068556845996 0.012038437805683993 0.027010290100023104 0.012443226921907047 0.08171871218472553 0.005205135987571362 0.009012156012934416 0.013264322091966792 0.00853522185629742 0.011397226859490267 0.020104091943370754 0.018438291976765244 0.036747804892427204 0.07160811840894518 0.031357027844336395 0.07601629037103554 0.014191078687109742 0.07072720461336224 0.09772919865800739 0.039931452624788207 0.044920223139485196 0.054249326740772735 0.02095628784458755 0.043246117942206695 0.057213144899820254 0.030503438405242115 0.04442952126070035 0.06405938833909015 0.08105739218892156 0.12864720005300886 0.031663075894716175 0.02165041500536695 0.048046441921287326 0.01222863102455574 0.015794718176186603 0.013995799134203495 0.005041688342095084 0.06983850203941205 0.002901760854131682 0.04387715421442417 0.029316014940983067 0.0065406714522179025 0.08062428677891063 0.032204815049371276 0.02562608886167517 0.07922241904885699 0.020426328174231966 0.012489222552356944 0.022613169891907304 0.054121376016707995 0.00786449826038593 0.05045732487625865 0.029105748197674624 0.004856742545207453 0.039415297862204275 0.02504785257838343 0.0783290546093965 0.009920785726858134 0.06054018064329224 0.01443877627363245 0.00613561014874036 0.011009462785260172 0.027957499371305154 0.036031225387354725 0.034791917861947345 0.06880496125444174 0.04170455231490895 0.0654849164483449 0.012781802685439428 0.036622296663313764 0.005804366111000066 0.037726984494375414 0.07469264931976098 0.01523555253013095 0.018630167579058294 0.011729884213155623 0.01017136461139957 0.007062066595647868 0.0067984498569831076 0.041196194546335316 0.026803352400945463 0.0477789554480407 0.04289296560022249 0.016081093555056058 0.026130588969864366 0.037598090031952976 0.04070194257408931 0.006603425594689566 0.006451490447283645 0.07527707116767786 0.05358769587156442 0.05641143861413553 0.04817822782796793 0.008271837191433632 0.046225956780505485 0.08253133507816862 0.1054288306959421 0.011325578644665431 0.00913331629183749 0.0358656042185211 0.031603225144655814 0.09740157781735787 0.0064086780665241795 0.09528795252399573 0.05336193459166053 0.0027435453882198495 0.021704871403479355 0.0545237572408679 0.06021998036683858 0.06828998585054992 0.04717048739900104 0.0013729065655496014 0.07314883090136465 0.023480574771739447 0.01250069302191206 0.03991359403379269 0.09945504897475205 0.04326759553043427 0.06936036469002659 0.09099717667732245 0.045270327838779593 0.05795114915644224 0.028732229963998435 0.04600406542111377 0.12398984092379088 0.04023830878177252 0.08966426473521945 0.13417175555573946 0.07485051640262083 0.08210903523154792 0.03201708856359411 0.06370396998855633 0.03068119898126718 NaN 0.09816983294743628
0.24684392401494878 0.05035898146273764 0.07334444256700887 0.20680208176156356 0.15740478426557256 0.046447653267851594 0.01671427068955067 0.006395550342541531 0.010350573483211636 0.14825705268737074 0.06345887710478149 0.058263136438206097 0.1314320525784216 0.15278273414189245 0.16221025838670014 0.014031562593192175 0.025891812150774737 0.0964372350585448 0.059011851806684786 0.0800450546436455 0.06081490187170178 0.05977406750331492 0.06785859648588288 0.15044487221897107 0.035563109520087025 0.0003013928580665804 0.11587434328236468 0.08043321155003381 0.004327132411585171 0.03821430854513502 0.013985004684640664 0.03968656640347229 0.11795519523064486 0.06148841838036477 0.08772324245612716 0.02518127283064094 0.06308055895087884 0.16471648608522513 0.06776487855961844 0.013304625652223713 0.028766190525786953 0.07885920747928162 0.10401448352416669 0.10678367413426472 0.11584108023485216 0.0006960006240860722 0.0037364575772249322 0.08626919607791182 0.04335273308149521 0.030606380163964508 0.03994917941332639 0.04872769464947385 0.048199744141612155 0.020149943612239526 0.031058999147311885 0.024218256780546142 0.05650101051235363 0.06095909823176571 0.03941691574895617 0.06360667097459659 0.05251395648591847 0.018874456004304794 0.052111397370476285 0.04122680513480274 0.0361553801286882 0.060930447001633546 0.07845264599355639 0.06416000156111205 0.07731193233860106 0.06933168627360209 0.03774657810975064 0.07207247057817551 0.027676510733804522 0.0004486595101648085 0.020385217259187124 0.06110886598643217 0.0879051182175283 0.056109276801548987 0.0009293890771365737 0.05421814225369135 0.0032474820439555236 0.057419704333494824 0.05436937435697869 0.15916662831112321 0.1266905408905172 0.1856616588945952 0.059082852418513666 0.006386695803333806 0.004154346569562395 0.07212293165472008 0.012393047858194799 0.03306578569943432 0.009255260011000573 0.02583532446616934 0.03642812426898049 0.07060047274012751 0.04472224254996754 0.003310054979527507 0.03309478539598596 0.007352564974663502 0.02635729062911056 0.08558037452852717 0.11136532465980091 0.05244555409724604 0.04998856604484149 0.022162006229475426 0.05667077899918049 0.043090361749025106 0.04081348253339197 0.006716399336652711 0.027074168519961018 0.005250027498897431 0.06631411769547386 0.035597076593099644 0.0679631578780883 0.04461646007330224 0.018728462371298625 0.038458650973868504 0.012957992762232137 0.03867831497582326 0.07506502962079312 0.01761723359324509 0.02930403869220472 0.03712713736079824 0.14533160318695162 0.06929119813526546 0.0021447391295389847 0.039165547296150745 0.06568408714188595 0.05878714844817605 0.05922702100284367 0.07588975462127627 0.03731974809419564 0.024820412644894017 0.013237884956041094 0.0373515714132134 0.09037889073485773 0.0029532637985628927 0.015525516181062545 0.06033383757026674 0.02588830293156291 0.021255490347489202 0.07398322800395207 0.058885185391801535 0.07246319961645423 0.03470460544163555 0.05716303737734 0.10864644027494398 0.1351773148690043 0.036061602690515976 0.05704638824772555 0.07986425549686911 0.022320568193762026 0.033109964704572614 0.020259284340416253 0.005892347264750495 0.009794150600983544 0.04379665903350872 0.02196033517294524 0.017754971388427465 0.11740929499583694 0.08152371636937054 0.048751351026167324 0.02101269171595877 0.025544436191384197 0.07861455453491421 0.08149952984846583 0.024433099530096425 0.0441716897873601 0.09473296848629997 0.1363787392986859 0.03574851236233884 0.09634122093051252 0.09157757035340801 0.018365800528735952 0.018350297877714913 0.07121654955188338 0.008270125051177767 0.13695404617418455 0.07408867810621221 0.2447813082831709 0.06283527959776412 0.063796346617642 0.21957368125178398 0.16164121926180222 0.14011709685674575 0.07507394098086931 0.006317145124472695 0.011627863200447706 0.09837711484523379 0.056384463811545146 0.009381059445967458 0.18718704648434648 0.1588173770231978 0.20194053412249305 0.049402375736844924 0.046059985802115594 0.03690110871661544 0.12380702744345443 0.07790078358606675 0.07668288890675373 0.01400990796782677 0.03007103843080311 0.19503817675258162 0.00558411829461639 0.045637574480364734 0.1380080943695546 0.1110240682871148 0.09725586693945559 0.06844115627528964 0.02955961550514152 0.012145184589132642 0.0030596243114922902 0.05414930206351554 0.005691366549490805 0.145945674375874 0.16067262488959674 0.14389028251361305 0.018805536477786596 0.003949920463411669 0.03895361476183555 0.06395762701412248 0.09649407538535228 0.11364453005504527 0.06802476750632475 0.13935089559769 0.02638368636678431 0.12264695111437812 0.06574178748427953 0.09104233045240322 0.01795340426686719 0.011827815663404314 0.07272211779499597 0.038641711642944596 0.06269041430189547 0.004524112219479615 0.0559053190731224 0.025954541937545674 0.0850984147984873 0.13496387593790715 0.06251679620863168 0.02463708706735085 0.048034477868817406 0.009645033314576576 0.0133212387824813 0.11336025351220154 0.03765911544865969 0.07039068055189934 0.025372474278131652 0.06882636457117877 0.045427691800555364 0.03335176500396837 0.032000494382416984 0.045238487056745394 0.06720401512859703 0.05224281048932916 0.09962781881913428 0.0063367651510281685 0.013755557434171749 0.015667882303027885 0.004825958471450428 0.11832303458767746 0.07687416933698349 0.17441012914465234 0.11830126234021726 0.15552623125891274 0.03618554001303165 0.02289066022254362 0.11601842436904604 0.0006940868650166445 0.005052204232521125 0.054492328134757316 0.0006954137192352384 0.00278132762145844 0.0767094588692537 0.11148161504016313 0.1202173258401203 0.05781547078359058 0.08069279268778093 0.0450692990781277 0.05294433870857249 0.12165092520556642 0.09092351670764613 0.1058131523363424 0.07745865203456309 0.01804360860739952 0.08539760178791732 0.03840141868213255 0.01626751863936793 0.056471332214326604 0.055138544853175604 0.014678216460312303 0.0858130911832657 0.004751164783595163 0.021189877355558526 0.018591671158745233 0.07282293322108285 0.004530106146894536 0.021742017013103944 0.060732270044616975 0.10055408632664237 0.0015820434009223244 0.014849193282579425 0.11284080280429616 0.09661353525740378 0.015648036743996445 0.009508217346392395 0.05280582442063221 0.01651122981291698 0.014854585604405382 0.03620462436615618 0.010282784677266914 0.055447740673863315 0.004426045484222988 0.03796979513357712 0.03480378193842222 0.12274881289523785 0.042900531098594846 0.05374684019069373 0.05070733979106097 0.04096737324925305 0.09674579028954486 0.14681928548156448 0.11236153437035934 0.08436656542724486 0.051734477288600894 0.0203080834839208 0.1604253741357287 0.11130675307426599 0.024556851425219274 0.027492492299456255 0.05312468560446764 0.012177094353713504 0.01098462585296667 0.06195160824263883 0.028483615550302824 0.04958842486769217 0.04905371765693879 0.022186365052362232 0.03555526853692745 0.04255234824173719 0.06765515828423507 0.02248506816710323 0.061197176886910294 0.042469795777025296 0.08342252824240642 0.08678969669009551 0.0035693379817569432 0.054917777693344105 0.09276619594616686 0.13472218449005352 0.05293463541299384 0.09525496711139281 0.14129981012764736 0.011637154075531925 0.009737440526997845 0.11205262758888329 0.08037889820437552 0.06001723780130503 0.05083872236571472 0.2865841213960318 0.22459282393106483 0.13842345219815694 0.16184428290204536 0.036152356408754666 0.2076105311158782 0.040063774929366226 0.022584579599857543 0.04509915697533195 0.148152470550355 0.2550155715346488 0.21110926565990196 0.1486665909453483 0.1365724220487069 0.03779208593755151 0.08895199718361828 0.0363428423632825 0.09816983294743628 NaN
