data	data	298560	344336	928584	1.04563e+06	165156	224212	500408	319500	112568	38656	199916	272492	232536	182432	167784	138832	141060	199436	798032	659668	53964	65800	324312	465512	20564	193008	47932	38332	586716	379852	240824	462988	111448	423088	132520	204856	239484	309512	59600	126028	27412	54624	208016	357460	187496	475740	210256	246424	288260	462656	472024	289428	99800	86244	205800	230152	181024	216916	129312	52808	214288	62352	117204	73640	147668	56712	276916	480828	72816	170788	198100	415216	353156	408912	35296	43292	188532	182828	57020	50032	189524	131888	54820	54884	302644	161632	20756	17592	187268	218744	335008	265996	206948	198852	11416	22352	185168	113512	302364	297324	156108	80212	219532	191448	99932	104200	11308	5068	7580	14376	124640	136196	139848	95076	75940	18080	
data	data	Precentral_L	Precentral_R	Frontal_Sup_L	Frontal_Sup_R	Frontal_Sup_Orb_L	Frontal_Sup_Orb_R	Frontal_Mid_L	Frontal_Mid_R	Frontal_Mid_Orb_L	Frontal_Mid_Orb_R	Frontal_Inf_Oper_L	Frontal_Inf_Oper_R	Frontal_Inf_Tri_L	Frontal_Inf_Tri_R	Frontal_Inf_Orb_L	Frontal_Inf_Orb_R	Rolandic_Oper_L	Rolandic_Oper_R	Supp_Motor_Area_L	Supp_Motor_Area_R	Olfactory_L	Olfactory_R	Frontal_Sup_Medial_L	Frontal_Sup_Medial_R	Frontal_Med_Orb_L	Frontal_Med_Orb_R	Rectus_L	Rectus_R	Insula_L	Insula_R	Cingulum_Ant_L	Cingulum_Ant_R	Cingulum_Mid_L	Cingulum_Mid_R	Cingulum_Post_L	Cingulum_Post_R	Hippocampus_L	Hippocampus_R	ParaHippocampal_L	ParaHippocampal_R	Amygdala_L	Amygdala_R	Calcarine_L	Calcarine_R	Cuneus_L	Cuneus_R	Lingual_L	Lingual_R	Occipital_Sup_L	Occipital_Sup_R	Occipital_Mid_L	Occipital_Mid_R	Occipital_Inf_L	Occipital_Inf_R	Fusiform_L	Fusiform_R	Postcentral_L	Postcentral_R	Parietal_Sup_L	Parietal_Sup_R	Parietal_Inf_L	Parietal_Inf_R	SupraMarginal_L	SupraMarginal_R	Angular_L	Angular_R	Precuneus_L	Precuneus_R	Paracentral_Lobule_L	Paracentral_Lobule_R	Caudate_L	Caudate_R	Putamen_L	Putamen_R	Pallidum_L	Pallidum_R	Thalamus_L	Thalamus_R	Heschl_L	Heschl_R	Temporal_Sup_L	Temporal_Sup_R	Temporal_Pole_Sup_L	Temporal_Pole_Sup_R	Temporal_Mid_L	Temporal_Mid_R	Temporal_Pole_Mid_L	Temporal_Pole_Mid_R	Temporal_Inf_L	Temporal_Inf_R	Cerebelum_Crus1_L	Cerebelum_Crus1_R	Cerebelum_Crus2_L	Cerebelum_Crus2_R	Cerebelum_3_L	Cerebelum_3_R	Cerebelum_4_5_L	Cerebelum_4_5_R	Cerebelum_6_L	Cerebelum_6_R	Cerebelum_7b_L	Cerebelum_7b_R	Cerebelum_8_L	Cerebelum_8_R	Cerebelum_9_L	Cerebelum_9_R	Cerebelum_10_L	Cerebelum_10_R	Vermis_1_2	Vermis_3	Vermis_4_5	Vermis_6	Vermis_7	Vermis_8	Vermis_9	Vermis_10	
298560	Precentral_L	0	0	9230	1814	0	0	28448	0	0	0	7270	0	564	0	0	0	6394	0	6076	438	0	0	0	0	0	0	0	0	12408	0	0	0	1442	0	2158	0	4192	0	328	0	0	0	174	0	606	0	320	0	1154	0	3210	0	0	0	656	0	27122	0	756	0	5228	0	1374	0	2792	0	900	0	6712	0	196	0	4940	0	0	0	908	124	3206	0	2434	0	0	0	4824	0	0	0	882	0	0	0	0	0	0	0	0	0	0	0	0	0	0	0	0	0	0	0	0	0	0	0	0	0	0	0	
344336	Precentral_R	0	0	150	11150	0	0	0	17288	0	0	0	6354	0	0	0	0	0	3700	154	6792	0	0	0	0	0	0	0	0	0	3296	0	0	0	2610	0	1906	0	3956	0	246	0	0	0	3756	0	13106	0	178	0	11122	0	7378	0	1310	0	618	0	21810	0	170	0	2040	0	3664	0	1540	286	15318	0	12424	0	0	0	2098	0	0	0	1504	0	1602	0	2832	0	0	0	4040	0	0	0	7770	0	0	0	0	0	0	0	0	0	0	0	0	0	0	0	0	0	0	0	0	0	0	0	0	0	0	
928584	Frontal_Sup_L	9230	150	0	21084	12914	1796	65342	1456	2094	0	13312	1702	8788	486	4762	1072	7258	1366	114184	19818	0	0	34976	5768	752	1610	0	0	24634	1968	9924	3564	4532	3222	2054	160	6884	1898	516	540	0	0	224	0	0	0	436	266	0	0	0	0	0	0	142	0	714	0	0	0	0	0	0	0	0	0	548	0	946	0	7654	8344	24688	7452	4798	348	12928	308	446	218	1974	544	1024	0	116	0	0	0	358	0	0	0	0	0	0	0	0	0	0	0	0	0	0	0	0	0	0	0	0	0	0	0	0	0	0	0	
1.04563e+06	Frontal_Sup_R	1814	11150	21084	0	0	14570	2920	39302	0	0	744	17396	604	6874	0	4204	198	13534	25256	67496	0	0	10784	50926	0	13704	0	0	1810	17560	5674	38364	1946	21022	3302	9236	794	11260	0	1614	0	0	132	906	0	2116	170	702	0	1680	0	616	0	442	0	386	0	1676	0	0	0	546	0	356	0	0	198	3348	0	372	3124	27692	886	18254	0	2244	5128	25800	0	1518	0	4114	0	632	0	1906	0	0	0	2730	0	0	0	0	0	0	0	0	0	0	0	0	0	0	0	0	0	0	0	0	0	0	0	0	0	0	
165156	Frontal_Sup_Orb_L	0	0	12914	0	0	0	3572	0	15372	0	0	0	2646	0	13668	0	0	0	590	0	1794	0	7798	0	1922	0	5456	0	7954	0	3076	0	0	0	0	0	0	0	0	0	0	0	0	0	0	0	0	0	0	0	0	0	0	0	0	0	0	0	0	0	0	0	0	0	0	0	0	0	0	0	0	0	5526	0	0	0	0	0	0	0	0	0	290	0	0	0	0	0	0	0	0	0	0	0	0	0	0	0	0	0	0	0	0	0	0	0	0	0	0	0	0	0	0	0	0	0	
224212	Frontal_Sup_Orb_R	0	0	1796	14570	0	0	336	488	0	3850	468	210	344	810	0	4130	0	0	2684	3074	382	1532	928	15038	0	18174	0	7190	1104	1766	746	14066	0	1420	0	0	0	118	0	0	0	0	0	0	0	0	0	0	0	0	0	0	0	0	0	0	0	0	0	0	0	0	0	0	0	0	0	0	0	0	1392	10760	862	3682	0	186	0	0	0	0	0	0	0	0	0	0	0	0	0	0	0	0	0	0	0	0	0	0	0	0	0	0	0	0	0	0	0	0	0	0	0	0	0	0	0	0	
500408	Frontal_Mid_L	28448	0	65342	2920	3572	336	0	158	2712	0	10636	254	23638	378	6338	324	3362	0	18398	1184	0	0	16130	1500	144	314	0	0	23094	630	3746	550	1196	768	1332	0	5532	0	580	0	0	0	0	0	0	0	248	0	0	0	0	0	0	0	310	0	4030	0	0	0	1184	0	748	0	0	0	296	0	122	0	1188	652	12326	220	294	0	984	142	1554	0	1128	0	0	0	772	0	0	0	490	0	0	0	0	0	0	0	0	0	0	0	0	0	0	0	0	0	0	0	0	0	0	0	0	0	0	0	
319500	Frontal_Mid_R	0	17288	1456	39302	0	488	158	0	0	1520	0	10280	0	15050	0	5412	0	6872	1420	2404	0	0	860	6050	0	0	0	0	0	6638	312	1046	116	2896	0	0	0	5504	0	754	0	0	0	208	0	874	0	166	0	876	0	768	0	274	0	394	0	2064	0	0	0	1128	0	1726	0	150	228	1716	0	234	0	246	192	9342	0	1714	0	5366	0	454	0	2010	0	402	0	1288	0	0	0	2104	0	0	0	0	0	0	0	0	0	0	0	0	0	0	0	0	0	0	0	0	0	0	0	0	0	0	
112568	Frontal_Mid_Orb_L	0	0	2094	0	15372	0	2712	0	0	0	0	0	1402	0	16840	0	0	0	0	0	886	0	228	0	328	0	3616	0	6942	0	750	0	0	0	0	0	132	0	0	0	158	0	0	0	0	0	0	0	0	0	0	0	0	0	0	0	0	0	0	0	0	0	0	0	0	0	0	0	0	0	0	0	4632	0	0	0	0	0	0	0	0	0	192	0	0	0	0	0	0	0	0	0	0	0	0	0	0	0	0	0	0	0	0	0	0	0	0	0	0	0	0	0	0	0	0	0	
38656	Frontal_Mid_Orb_R	0	0	0	0	0	3850	0	1520	0	0	0	0	0	340	0	8164	0	0	0	0	0	118	0	252	0	0	0	242	0	592	0	174	0	0	0	0	0	0	0	0	0	0	0	0	0	0	0	0	0	0	0	0	0	0	0	0	0	0	0	0	0	0	0	0	0	0	0	0	0	0	0	1890	0	2186	0	0	0	0	0	0	0	0	0	0	0	0	0	0	0	0	0	0	0	0	0	0	0	0	0	0	0	0	0	0	0	0	0	0	0	0	0	0	0	0	0	0	
199916	Frontal_Inf_Oper_L	7270	0	13312	744	0	468	10636	0	0	0	0	0	8882	0	0	142	9944	0	11798	132	0	0	0	422	0	404	0	0	19828	0	0	528	424	0	926	0	942	0	264	0	0	0	0	0	0	0	0	0	0	0	0	0	0	0	0	0	2164	0	0	0	238	0	268	0	0	0	0	0	276	0	1656	1296	1584	318	258	0	0	0	934	0	2480	0	1420	0	0	0	0	0	0	0	0	0	0	0	0	0	0	0	0	0	0	0	0	0	0	0	0	0	0	0	0	0	0	0	0	0	
272492	Frontal_Inf_Oper_R	0	6354	1702	17396	0	210	254	10280	0	0	0	0	762	10862	0	198	0	14522	1664	13604	0	0	0	1678	0	136	0	0	1468	24584	238	1166	0	378	0	0	0	1824	0	288	0	0	0	0	0	0	0	0	0	0	0	0	0	0	0	0	0	4096	0	0	0	0	0	0	0	0	0	0	0	0	144	2140	648	9454	0	1842	0	1438	0	1968	0	3606	0	1342	0	0	0	0	0	0	0	0	0	0	0	0	0	0	0	0	0	0	0	0	0	0	0	0	0	0	0	0	0	0	0	0	
232536	Frontal_Inf_Tri_L	564	0	8788	604	2646	344	23638	0	1402	0	8882	762	0	426	12546	150	618	0	4000	164	0	0	1690	274	120	244	0	0	30400	776	4444	566	0	0	0	0	692	0	0	0	0	0	0	0	0	0	0	0	0	0	0	0	0	0	0	0	0	0	0	0	0	0	0	0	0	0	0	0	0	0	3934	3206	3678	0	0	0	0	0	0	0	278	0	432	0	0	0	0	0	0	0	0	0	0	0	0	0	0	0	0	0	0	0	0	0	0	0	0	0	0	0	0	0	0	0	0	0	
182432	Frontal_Inf_Tri_R	0	0	486	6874	0	810	378	15050	0	340	0	10862	426	0	0	9166	0	1780	434	2140	0	0	1426	4660	0	704	0	0	548	19008	136	2758	0	4608	0	0	0	1018	0	0	0	0	0	0	0	0	0	0	0	0	0	0	0	0	0	118	0	0	0	0	0	0	0	0	0	0	0	0	0	0	0	1162	0	5378	0	300	0	300	0	0	0	0	0	346	0	0	0	0	0	0	0	0	0	0	0	0	0	0	0	0	0	0	0	0	0	0	0	0	0	0	0	0	0	0	0	0	
167784	Frontal_Inf_Orb_L	0	0	4762	0	13668	0	6338	0	16840	0	0	0	12546	0	0	0	0	0	300	0	1940	0	314	0	0	0	2436	0	14302	0	508	0	0	0	0	0	196	0	156	0	274	0	0	0	0	0	0	0	0	0	0	0	0	0	0	0	0	0	0	0	0	0	0	0	0	0	0	0	0	0	302	0	7942	0	0	0	0	0	0	0	0	0	1068	0	0	0	0	0	0	0	0	0	0	0	0	0	0	0	0	0	0	0	0	0	0	0	0	0	0	0	0	0	0	0	0	0	
138832	Frontal_Inf_Orb_R	0	0	1072	4204	0	4130	324	5412	0	8164	142	198	150	9166	0	0	0	0	984	1740	0	406	814	3094	0	498	0	482	338	9488	152	2100	0	2792	0	0	0	184	0	0	0	158	0	0	0	0	0	0	0	0	0	0	0	0	0	0	0	0	0	0	0	0	0	0	0	0	0	0	0	0	266	6056	0	6700	0	202	0	0	0	0	0	0	0	0	0	0	0	0	0	0	0	0	0	0	0	0	0	0	0	0	0	0	0	0	0	0	0	0	0	0	0	0	0	0	0	0	
141060	Rolandic_Oper_L	6394	0	7258	198	0	0	3362	0	0	0	9944	0	618	0	0	0	0	0	6554	0	0	0	0	0	0	0	0	0	14506	0	0	122	0	0	0	0	956	0	120	0	0	0	0	0	0	0	0	0	156	0	224	0	0	0	138	0	4668	0	0	0	120	0	1068	0	116	0	0	0	176	0	254	202	736	0	0	0	0	0	3098	0	7178	0	1482	0	724	0	0	0	158	0	0	0	0	0	0	0	0	0	0	0	0	0	0	0	0	0	0	0	0	0	0	0	0	0	0	0	
199436	Rolandic_Oper_R	0	3700	1366	13534	0	0	0	6872	0	0	0	14522	0	1780	0	0	0	0	1354	6926	0	0	0	810	0	0	0	0	0	12312	0	134	0	118	0	150	0	2126	0	0	0	0	0	0	0	0	0	0	0	0	0	0	0	0	0	0	0	5376	0	0	0	456	0	3084	0	0	0	0	0	0	0	1602	0	4508	0	1550	0	1494	0	4934	0	8954	0	1546	0	310	0	0	0	200	0	0	0	0	0	0	0	0	0	0	0	0	0	0	0	0	0	0	0	0	0	0	0	0	0	0	
798032	Supp_Motor_Area_L	6076	154	114184	25256	590	2684	18398	1420	0	0	11798	1664	4000	434	300	984	6554	1354	0	29910	0	0	6380	3990	0	2414	0	0	16436	1886	5888	6730	13978	11040	6634	2436	6940	3666	360	752	0	0	500	0	204	0	684	1096	218	0	446	0	0	0	134	0	420	0	0	0	124	0	0	0	0	0	1666	312	3136	0	8238	8282	18398	7678	4674	324	20760	1702	334	216	2130	528	926	0	226	0	0	0	370	0	0	0	0	0	0	0	0	0	0	0	0	0	0	0	0	0	0	0	0	0	0	0	0	0	0	0	
659668	Supp_Motor_Area_R	438	6792	19818	67496	0	3074	1184	2404	0	0	132	13604	164	2140	0	1740	0	6926	29910	0	0	0	1958	11900	0	2660	0	0	416	11882	4064	14152	5048	42890	140	10206	0	2596	0	602	0	0	0	2386	0	6206	0	680	0	5202	0	3916	0	310	0	172	0	318	0	0	0	0	0	0	0	0	0	8606	1056	7500	254	10082	232	11066	0	924	134	2394	0	312	0	1202	0	616	0	614	0	0	0	1200	0	0	0	0	0	0	0	0	0	0	0	0	0	0	0	0	0	0	0	0	116	0	0	0	0	0	
53964	Olfactory_L	0	0	0	0	1794	382	0	0	886	0	0	0	0	0	1940	0	0	0	0	0	0	3006	0	0	0	0	2126	396	2424	0	2402	1634	0	0	0	0	160	0	412	0	458	0	0	0	0	0	0	0	0	0	0	0	0	0	182	0	0	0	0	0	0	0	0	0	0	0	0	0	0	0	3954	2414	1996	168	0	0	0	0	0	0	0	0	248	0	0	0	0	0	0	0	0	0	0	0	0	0	0	0	0	0	0	0	0	0	0	0	0	0	0	0	0	0	0	0	0	0	
65800	Olfactory_R	0	0	0	0	0	1532	0	0	0	118	0	0	0	0	0	406	0	0	0	0	3006	0	0	0	0	212	652	1908	0	2076	3006	2418	0	0	0	0	0	0	0	424	0	712	0	0	0	0	0	0	0	0	0	0	0	0	0	0	0	0	0	0	0	0	0	0	0	0	0	0	0	0	6126	5710	3364	324	0	0	0	0	0	0	0	0	0	906	0	0	0	0	0	0	0	0	0	0	0	0	0	0	0	0	0	0	0	0	0	0	0	0	0	0	0	0	0	0	0	0	
324312	Frontal_Sup_Medial_L	0	0	34976	10784	7798	928	16130	860	228	0	0	0	1690	1426	314	814	0	0	6380	1958	0	0	0	23072	1446	2324	348	0	2942	1558	16368	13028	3060	12122	0	0	0	0	0	0	0	0	0	0	0	0	0	0	0	0	0	0	0	0	0	0	0	0	0	0	0	0	0	0	0	0	0	0	0	0	156	392	758	296	0	0	0	0	0	0	0	0	0	0	0	0	0	0	0	0	0	0	0	0	0	0	0	0	0	0	0	0	0	0	0	0	0	0	0	0	0	0	0	0	0	0	
465512	Frontal_Sup_Medial_R	0	0	5768	50926	0	15038	1500	6050	0	252	422	1678	274	4660	0	3094	0	810	3990	11900	0	0	23072	0	160	16994	0	0	980	6518	4350	36508	330	19592	0	0	0	748	0	0	0	0	0	0	0	0	0	0	0	0	0	0	0	0	0	0	0	0	0	0	0	0	0	0	0	0	0	0	0	0	752	10284	428	5484	0	194	0	0	0	0	0	0	0	0	0	0	0	0	0	0	0	0	0	0	0	0	0	0	0	0	0	0	0	0	0	0	0	0	0	0	0	0	0	0	0	0	
20564	Frontal_Med_Orb_L	0	0	752	0	1922	0	144	0	328	0	0	0	120	0	0	0	0	0	0	0	0	0	1446	160	0	290	1948	0	252	0	2374	170	0	0	0	0	0	0	0	0	0	0	0	0	0	0	0	0	0	0	0	0	0	0	0	0	0	0	0	0	0	0	0	0	0	0	0	0	0	0	376	0	0	0	0	0	0	0	0	0	0	0	0	0	0	0	0	0	0	0	0	0	0	0	0	0	0	0	0	0	0	0	0	0	0	0	0	0	0	0	0	0	0	0	0	0	
193008	Frontal_Med_Orb_R	0	0	1610	13704	0	18174	314	0	0	0	404	136	244	704	0	498	0	0	2414	2660	0	212	2324	16994	290	0	0	4750	920	1030	1050	13974	0	1860	0	0	0	0	0	0	0	0	0	0	0	0	0	0	0	0	0	0	0	0	0	0	0	0	0	0	0	0	0	0	0	0	0	0	0	0	688	8968	396	2052	0	134	0	0	0	0	0	0	0	0	0	0	0	0	0	0	0	0	0	0	0	0	0	0	0	0	0	0	0	0	0	0	0	0	0	0	0	0	0	0	0	0	
47932	Rectus_L	0	0	0	0	5456	0	0	0	3616	0	0	0	0	0	2436	0	0	0	0	0	2126	652	348	0	1948	0	0	0	1416	0	2712	512	0	0	0	0	0	0	0	0	0	0	0	0	0	0	0	0	0	0	0	0	0	0	0	0	0	0	0	0	0	0	0	0	0	0	0	0	0	0	1210	624	740	0	0	0	0	0	0	0	0	0	170	0	0	0	0	0	0	0	0	0	0	0	0	0	0	0	0	0	0	0	0	0	0	0	0	0	0	0	0	0	0	0	0	0	
38332	Rectus_R	0	0	0	0	0	7190	0	0	0	242	0	0	0	0	0	482	0	0	0	0	396	1908	0	0	0	4750	0	0	0	642	230	586	0	0	0	0	0	0	0	0	0	152	0	0	0	0	0	0	0	0	0	0	0	0	0	0	0	0	0	0	0	0	0	0	0	0	0	0	0	0	590	1234	462	128	0	0	0	0	0	0	0	0	0	174	0	0	0	0	0	0	0	0	0	0	0	0	0	0	0	0	0	0	0	0	0	0	0	0	0	0	0	0	0	0	0	0	
586716	Insula_L	12408	0	24634	1810	7954	1104	23094	0	6942	0	19828	1468	30400	548	14302	338	14506	0	16436	416	2424	0	2942	980	252	920	1416	0	0	1496	9170	1414	482	0	878	0	14880	0	1906	0	966	0	0	0	206	0	474	0	0	0	436	0	0	0	1844	0	5192	0	0	0	2648	0	1646	0	248	0	740	0	218	0	5622	5450	29676	494	0	0	340	0	5536	0	6456	0	2244	0	3140	0	0	0	4434	0	0	0	0	0	0	0	0	0	0	0	0	0	0	0	0	0	0	0	0	0	0	0	0	0	0	0	
379852	Insula_R	0	3296	1968	17560	0	1766	630	6638	0	592	0	24584	776	19008	0	9488	0	12312	1886	11882	0	2076	1558	6518	0	1030	0	642	1496	0	420	4120	0	5680	0	0	0	7224	0	1166	0	864	0	0	0	0	0	0	0	0	0	0	0	304	0	3474	0	1492	0	0	0	394	0	0	0	0	0	0	0	0	178	2526	658	20244	0	1496	0	346	0	1970	0	3494	0	2294	0	1980	0	0	0	3896	0	0	0	0	0	0	0	0	0	0	0	0	0	0	0	0	0	0	0	0	0	0	0	0	0	0	
240824	Cingulum_Ant_L	0	0	9924	5674	3076	746	3746	312	750	0	0	238	4444	136	508	152	0	0	5888	4064	2402	3006	16368	4350	2374	1050	2712	230	9170	420	0	13344	4244	5382	196	0	0	0	0	0	0	0	0	0	0	0	0	0	0	0	0	0	0	0	0	0	0	0	0	0	0	0	0	0	0	0	0	0	0	0	5288	3480	5998	740	0	0	0	0	0	0	0	0	0	0	0	0	0	0	0	0	0	0	0	0	0	0	0	0	0	0	0	0	0	0	0	0	0	0	0	0	0	0	0	0	0	0	
462988	Cingulum_Ant_R	0	0	3564	38364	0	14066	550	1046	0	174	528	1166	566	2758	0	2100	122	134	6730	14152	1634	2418	13028	36508	170	13974	512	586	1414	4120	13344	0	1678	25770	0	0	0	384	0	0	0	0	0	0	0	0	0	0	0	0	0	0	0	0	0	0	0	0	0	0	0	0	0	0	0	0	0	0	0	0	4142	17110	1218	7164	0	300	0	0	0	0	0	0	0	0	0	0	0	0	0	0	0	0	0	0	0	0	0	0	0	0	0	0	0	0	0	0	0	0	0	0	0	0	0	0	0	0	
111448	Cingulum_Mid_L	1442	0	4532	1946	0	0	1196	116	0	0	424	0	0	0	0	0	0	0	13978	5048	0	0	3060	330	0	0	0	0	482	0	4244	1678	0	7182	2348	416	0	200	0	0	0	0	0	0	326	0	0	0	314	0	184	0	0	0	0	0	0	0	0	0	0	0	0	0	0	0	758	346	3646	0	0	342	494	692	0	0	0	0	0	0	0	0	0	0	0	0	0	0	0	0	0	0	0	0	0	0	0	0	0	0	0	0	0	0	0	0	0	0	0	0	0	0	0	0	0	0	
423088	Cingulum_Mid_R	0	2610	3222	21022	0	1420	768	2896	0	0	0	378	0	4608	0	2792	0	118	11040	42890	0	0	12122	19592	0	1860	0	0	0	5680	5382	25770	7182	0	370	11576	0	614	0	282	0	0	0	1946	0	3454	0	768	0	1898	0	1836	0	0	0	0	0	422	0	0	0	0	0	0	0	500	502	8720	972	3052	0	648	0	1394	0	0	0	0	0	0	0	0	0	0	0	448	0	0	0	666	0	0	0	0	0	0	0	0	0	0	0	0	0	0	0	0	0	0	0	0	124	0	0	0	0	0	
132520	Cingulum_Post_L	2158	0	2054	3302	0	0	1332	0	0	0	926	0	0	0	0	0	0	0	6634	140	0	0	0	0	0	0	0	0	878	0	196	0	2348	370	0	5802	6158	2352	362	252	0	0	3478	0	220	0	3426	444	0	0	0	0	0	0	0	0	180	0	0	0	0	0	0	0	0	0	6688	468	566	0	2292	298	914	0	0	0	8608	3414	0	0	0	0	0	0	0	0	0	0	0	0	0	0	0	0	0	0	0	0	0	0	0	0	0	0	0	0	0	0	0	0	0	0	0	0	0	0	
204856	Cingulum_Post_R	0	1906	160	9236	0	0	0	0	0	0	0	0	0	0	0	0	0	150	2436	10206	0	0	0	0	0	0	0	0	0	0	0	0	416	11576	5802	0	376	8148	0	2366	0	0	0	1590	154	682	0	6464	0	236	0	232	0	576	0	224	0	120	0	0	0	0	0	0	0	0	508	14026	700	1378	2122	1782	0	336	0	0	7940	7182	0	0	0	0	0	0	0	948	0	0	0	1738	0	0	0	0	0	0	0	0	0	0	0	0	0	0	0	0	0	0	0	0	712	0	0	0	0	0	
239484	Hippocampus_L	4192	0	6884	794	0	0	5532	0	132	0	942	0	692	0	196	0	956	0	6940	0	160	0	0	0	0	0	0	0	14880	0	0	0	0	0	6158	376	0	388	9764	0	5824	0	2930	0	0	0	4814	184	0	0	0	0	0	0	6332	0	898	0	0	0	280	0	0	0	0	0	5570	0	0	0	0	156	12402	132	760	0	3500	372	2436	0	2042	0	368	0	3720	0	132	0	7096	0	0	0	0	0	220	0	588	0	0	0	0	0	0	0	0	0	0	0	0	0	0	0	0	0	0	0	
309512	Hippocampus_R	0	3956	1898	11260	0	118	0	5504	0	0	0	1824	0	1018	0	184	0	2126	3666	2596	0	0	0	748	0	0	0	0	0	7224	0	384	200	614	2352	8148	388	0	0	19222	0	7930	0	860	0	0	0	4472	0	0	0	0	0	512	0	16572	0	598	0	0	0	0	0	176	0	0	0	6154	0	238	866	1884	0	20686	0	198	2600	5884	0	882	0	1080	0	540	0	904	0	0	0	7670	0	0	0	0	0	0	0	0	0	0	0	0	0	0	0	0	0	0	0	0	620	0	0	0	0	0	
59600	ParaHippocampal_L	328	0	516	0	0	0	580	0	0	0	264	0	0	0	156	0	120	0	360	0	412	0	0	0	0	0	0	0	1906	0	0	0	0	0	362	0	9764	0	0	0	1554	0	262	0	0	0	2970	322	0	0	322	0	722	0	3452	0	0	0	0	0	0	0	0	0	0	0	546	0	0	0	0	0	1954	0	0	0	142	0	0	0	178	0	166	0	326	0	0	0	224	0	0	0	0	0	536	0	708	0	136	0	0	0	0	0	0	0	0	0	0	512	0	0	0	0	0	0	
126028	ParaHippocampal_R	0	246	540	1614	0	0	0	754	0	0	0	288	0	0	0	0	0	0	752	602	0	424	0	0	0	0	0	0	0	1166	0	0	0	282	252	2366	0	19222	0	0	0	7592	0	224	0	0	0	3048	0	0	0	0	0	132	0	9766	0	0	0	0	0	0	0	0	0	0	0	2316	0	132	216	610	0	4700	0	0	306	506	0	318	0	350	0	1322	0	274	0	292	0	1632	0	0	0	0	0	0	0	196	0	0	0	0	0	0	0	0	0	0	0	0	574	0	0	0	0	0	
27412	Amygdala_L	0	0	0	0	0	0	0	0	158	0	0	0	0	0	274	0	0	0	0	0	458	0	0	0	0	0	0	0	966	0	0	0	0	0	0	0	5824	0	1554	0	0	0	0	0	0	0	0	0	0	0	0	0	0	0	2756	0	0	0	0	0	0	0	0	0	0	0	0	0	0	0	0	0	0	0	0	0	0	0	0	0	0	0	224	0	0	0	0	0	1492	0	0	0	0	0	0	0	0	0	0	0	0	0	0	0	0	0	0	0	0	0	0	0	0	0	0	0	
54624	Amygdala_R	0	0	0	0	0	0	0	0	0	0	0	0	0	0	0	158	0	0	0	0	0	712	0	0	0	0	0	152	0	864	0	0	0	0	0	0	0	7930	0	7592	0	0	0	0	0	0	0	0	0	0	0	0	0	0	0	6084	0	0	0	0	0	0	0	0	0	0	0	0	0	0	0	0	0	1008	0	0	0	0	0	0	0	0	0	2406	0	0	0	178	0	228	0	0	0	0	0	0	0	0	0	0	0	0	0	0	0	0	0	0	0	0	0	0	0	0	0	0	
208016	Calcarine_L	174	0	224	132	0	0	0	0	0	0	0	0	0	0	0	0	0	0	500	0	0	0	0	0	0	0	0	0	0	0	0	0	0	0	3478	0	2930	0	262	0	0	0	0	7966	11522	5604	16368	3460	8274	2284	17328	820	2892	134	1328	136	0	0	234	0	172	0	0	0	150	0	14020	382	278	0	0	0	134	0	0	0	634	0	0	0	0	0	0	0	2188	0	0	0	0	0	0	0	0	0	0	0	0	0	0	0	0	0	0	0	0	0	0	0	0	0	0	0	0	0	0	0	
357460	Calcarine_R	0	3756	0	906	0	0	0	208	0	0	0	0	0	0	0	0	0	0	0	2386	0	0	0	0	0	0	0	0	0	0	0	0	0	1946	0	1590	0	860	0	224	0	0	7966	0	7540	36370	1358	23234	0	30130	0	15740	0	7374	0	5192	0	1068	0	0	0	0	0	0	0	122	658	19748	0	2982	0	0	0	0	0	0	0	134	0	0	0	0	0	0	0	3112	0	0	0	3842	0	0	0	0	0	0	0	0	0	162	0	0	0	0	0	0	0	0	0	0	122	0	0	0	0	0	
187496	Cuneus_L	606	0	0	0	0	0	0	0	0	0	0	0	0	0	0	0	0	0	204	0	0	0	0	0	0	0	0	0	206	0	0	0	326	0	220	154	0	0	0	0	0	0	11522	7540	0	9062	1422	1044	22708	2720	15234	344	190	0	864	0	0	0	1854	0	0	0	0	0	0	0	13118	792	1370	0	0	0	0	0	0	0	0	0	0	0	0	0	0	0	2062	0	0	0	186	0	0	0	0	0	0	0	0	0	0	0	0	0	0	0	0	0	0	0	0	0	0	0	0	0	0	0	
475740	Cuneus_R	0	13106	0	2116	0	0	0	874	0	0	0	0	0	0	0	0	0	0	0	6206	0	0	0	0	0	0	0	0	0	0	0	0	0	3454	0	682	0	0	0	0	0	0	5604	36370	9062	0	584	7056	0	56358	0	20536	0	1154	0	500	0	8278	0	2460	0	118	0	222	0	148	2244	41520	0	12642	0	0	0	0	0	0	0	0	0	0	0	868	0	0	0	2294	0	0	0	3414	0	0	0	0	0	0	0	0	0	0	0	0	0	0	0	0	0	0	0	0	0	0	0	0	0	0	
210256	Lingual_L	320	0	436	170	0	0	248	0	0	0	0	0	0	0	0	0	0	0	684	0	0	0	0	0	0	0	0	0	474	0	0	0	0	0	3426	0	4814	0	2970	0	0	0	16368	1358	1422	584	0	1864	1258	434	17150	0	13586	230	8220	368	0	0	0	0	0	0	0	0	0	0	7620	0	128	0	0	0	652	0	0	0	840	0	0	0	0	0	0	0	182	0	0	0	0	0	2662	658	0	0	0	0	3884	726	5874	1752	0	0	0	0	0	132	0	0	0	0	1450	1810	374	0	0	0	
246424	Lingual_R	0	178	266	702	0	0	0	166	0	0	0	0	0	0	0	0	0	0	1096	680	0	0	0	0	0	0	0	0	0	0	0	0	0	768	444	6464	184	4472	322	3048	0	0	3460	23234	1044	7056	1864	0	0	8942	0	4912	0	4934	314	9654	0	0	0	0	0	0	0	0	0	0	0	10726	0	206	0	0	178	0	0	0	1418	266	0	0	0	0	0	0	0	276	0	0	0	1018	972	1676	0	0	0	0	2030	2464	3042	5336	0	0	0	0	500	476	0	0	0	138	2888	4220	350	156	358	314	
288260	Occipital_Sup_L	1154	0	0	0	0	0	0	0	0	0	0	0	0	0	0	0	156	0	218	0	0	0	0	0	0	0	0	0	0	0	0	0	314	0	0	0	0	0	0	0	0	0	8274	0	22708	0	1258	0	0	0	46598	0	430	0	0	0	1048	0	16282	0	5802	0	1846	0	4910	0	22788	0	1702	0	0	0	0	0	0	0	0	0	0	0	1674	0	0	0	5832	0	0	0	1136	0	0	0	0	0	0	0	0	0	0	0	0	0	0	0	0	0	0	0	0	0	0	0	0	0	0	0	
462656	Occipital_Sup_R	0	11122	0	1680	0	0	0	876	0	0	0	0	0	0	0	0	0	0	0	5202	0	0	0	0	0	0	0	0	0	0	0	0	0	1898	0	236	0	0	0	0	0	0	2284	30130	2720	56358	434	8942	0	0	0	30840	0	1922	0	544	0	10632	0	5154	0	1914	0	218	0	1114	1066	37254	0	10930	0	0	0	0	0	0	0	0	0	0	0	1214	0	0	0	2914	0	0	0	3730	0	0	0	0	0	0	0	0	0	0	0	0	0	0	0	0	0	0	0	0	0	0	0	0	0	0	
472024	Occipital_Mid_L	3210	0	0	0	0	0	0	0	0	0	0	0	0	0	0	0	224	0	446	0	0	0	0	0	0	0	0	0	436	0	0	0	184	0	0	0	0	0	322	0	0	0	17328	0	15234	0	17150	0	46598	0	0	0	18580	0	3328	0	1412	0	15866	0	16086	0	6170	0	20580	0	20458	0	2858	0	0	0	0	0	0	0	0	0	144	0	2554	0	0	0	22218	0	0	0	4626	0	0	0	0	0	0	0	0	0	0	0	0	0	0	0	0	0	0	0	0	0	0	0	0	0	0	0	
289428	Occipital_Mid_R	0	7378	0	616	0	0	0	768	0	0	0	0	0	0	0	0	0	0	0	3916	0	0	0	0	0	0	0	0	0	0	0	0	0	1836	0	232	0	0	0	0	0	0	820	15740	344	20536	0	4912	0	30840	0	0	0	4384	0	1026	0	2170	0	424	0	1678	0	1438	0	10388	560	13116	0	6308	0	0	0	0	0	0	0	0	0	0	0	612	0	0	0	10996	0	0	0	3676	0	0	0	0	0	0	0	0	0	0	0	0	0	0	0	0	0	0	0	0	0	0	0	0	0	0	
99800	Occipital_Inf_L	0	0	0	0	0	0	0	0	0	0	0	0	0	0	0	0	0	0	0	0	0	0	0	0	0	0	0	0	0	0	0	0	0	0	0	0	0	0	722	0	0	0	2892	0	190	0	13586	0	430	0	18580	0	0	0	9198	0	0	0	0	0	130	0	0	0	144	0	386	0	0	0	0	0	0	0	0	0	0	0	0	0	0	0	0	0	1174	0	0	0	1974	0	0	0	0	0	0	0	196	0	298	0	0	0	0	0	0	0	0	0	0	0	0	0	0	0	0	0	
86244	Occipital_Inf_R	0	1310	0	442	0	0	0	274	0	0	0	0	0	0	0	0	0	0	0	310	0	0	0	0	0	0	0	0	0	304	0	0	0	0	0	576	0	512	0	132	0	0	134	7374	0	1154	230	4934	0	1922	0	4384	0	0	0	7594	0	168	0	0	0	0	0	0	0	0	0	1492	0	398	0	0	0	0	0	0	0	0	0	0	0	228	0	0	0	1554	0	0	0	6060	0	342	0	0	0	0	0	0	360	538	0	0	0	0	0	0	0	0	0	0	0	396	0	0	0	0	
205800	Fusiform_L	656	0	142	0	0	0	310	0	0	0	0	0	0	0	0	0	138	0	134	0	182	0	0	0	0	0	0	0	1844	0	0	0	0	0	0	0	6332	0	3452	0	2756	0	1328	0	864	0	8220	314	0	0	3328	0	9198	0	0	0	0	0	0	0	0	0	0	0	0	0	1002	0	0	0	0	0	282	0	0	0	0	0	1260	0	1976	0	1202	0	3942	0	892	0	9514	0	15236	0	0	0	0	0	7998	0	18876	458	0	0	0	0	0	0	0	0	0	0	312	620	132	0	0	0	
230152	Fusiform_R	0	618	0	386	0	0	0	394	0	0	0	0	0	118	0	0	0	0	0	172	0	0	0	0	0	0	0	0	0	3474	0	0	0	0	0	224	0	16572	0	9766	0	6084	136	5192	0	500	368	9654	0	544	0	1026	0	7594	0	0	0	0	0	0	0	0	0	0	0	0	0	634	0	0	0	0	0	5556	0	0	0	0	0	358	0	542	0	4426	0	1484	0	1672	0	11496	264	5380	0	0	0	226	222	4772	882	10302	0	0	0	0	0	202	0	0	0	0	1656	1382	306	266	226	0	
181024	Postcentral_L	27122	0	714	0	0	0	4030	0	0	0	2164	0	0	0	0	0	4668	0	420	0	0	0	0	0	0	0	0	0	5192	0	0	0	0	0	180	0	898	0	0	0	0	0	0	0	0	0	0	0	1048	0	1412	0	0	0	0	0	0	0	5022	0	18444	0	7222	0	2496	0	1120	0	1990	0	0	0	984	0	0	0	0	0	2082	0	2834	0	0	0	326	0	0	0	144	0	0	0	0	0	0	0	0	0	0	0	0	0	0	0	0	0	0	0	0	0	0	0	0	0	0	0	
216916	Postcentral_R	0	21810	0	1676	0	0	0	2064	0	0	0	4096	0	0	0	0	0	5376	0	318	0	0	0	0	0	0	0	0	0	1492	0	0	0	422	0	120	0	598	0	0	0	0	0	1068	0	8278	0	0	0	10632	0	2170	0	168	0	0	0	0	0	4322	0	5526	0	10290	0	364	0	11508	0	7618	0	0	0	1422	0	0	0	268	0	770	0	1952	0	0	0	990	0	0	0	3140	0	0	0	0	0	0	0	0	0	0	0	0	0	0	0	0	0	0	0	0	0	0	0	0	0	0	
129312	Parietal_Sup_L	756	0	0	0	0	0	0	0	0	0	0	0	0	0	0	0	0	0	0	0	0	0	0	0	0	0	0	0	0	0	0	0	0	0	0	0	0	0	0	0	0	0	234	0	1854	0	0	0	16282	0	15866	0	0	0	0	0	5022	0	0	0	8552	0	0	0	3268	0	11226	0	1186	0	0	0	0	0	0	0	0	0	0	0	0	0	0	0	278	0	0	0	132	0	0	0	0	0	0	0	0	0	0	0	0	0	0	0	0	0	0	0	0	0	0	0	0	0	0	0	
52808	Parietal_Sup_R	0	170	0	0	0	0	0	0	0	0	0	0	0	0	0	0	0	0	0	0	0	0	0	0	0	0	0	0	0	0	0	0	0	0	0	0	0	0	0	0	0	0	0	0	0	2460	0	0	0	5154	0	424	0	0	0	0	0	4322	0	0	0	3550	0	164	0	1376	188	7508	0	418	0	0	0	0	0	0	0	0	0	0	0	396	0	0	0	0	0	0	0	274	0	0	0	0	0	0	0	0	0	0	0	0	0	0	0	0	0	0	0	0	0	0	0	0	0	0	
214288	Parietal_Inf_L	5228	0	0	0	0	0	1184	0	0	0	238	0	0	0	0	0	120	0	124	0	0	0	0	0	0	0	0	0	2648	0	0	0	0	0	0	0	280	0	0	0	0	0	172	0	0	0	0	0	5802	0	16086	0	130	0	0	0	18444	0	8552	0	0	0	14582	0	18758	0	2548	0	1912	0	0	0	336	0	0	0	0	0	628	0	1050	0	0	0	7914	0	0	0	408	0	0	0	0	0	0	0	0	0	0	0	0	0	0	0	0	0	0	0	0	0	0	0	0	0	0	0	
62352	Parietal_Inf_R	0	2040	0	546	0	0	0	1128	0	0	0	0	0	0	0	0	0	456	0	0	0	0	0	0	0	0	0	0	0	394	0	0	0	0	0	0	0	0	0	0	0	0	0	0	0	118	0	0	0	1914	0	1678	0	0	0	0	0	5526	0	3550	0	0	0	7234	0	4382	0	276	0	0	0	0	0	0	0	0	0	0	0	130	0	854	0	0	0	158	0	0	0	792	0	0	0	0	0	0	0	0	0	0	0	0	0	0	0	0	0	0	0	0	0	0	0	0	0	0	
117204	SupraMarginal_L	1374	0	0	0	0	0	748	0	0	0	268	0	0	0	0	0	1068	0	0	0	0	0	0	0	0	0	0	0	1646	0	0	0	0	0	0	0	0	0	0	0	0	0	0	0	0	0	0	0	1846	0	6170	0	0	0	0	0	7222	0	0	0	14582	0	0	0	7016	0	1008	0	298	0	0	0	226	0	0	0	0	0	0	0	5580	0	0	0	9064	0	0	0	486	0	0	0	0	0	0	0	0	0	0	0	0	0	0	0	0	0	0	0	0	0	0	0	0	0	0	0	
73640	SupraMarginal_R	0	3664	0	356	0	0	0	1726	0	0	0	0	0	0	0	0	0	3084	0	0	0	0	0	0	0	0	0	0	0	0	0	0	0	0	0	0	0	176	0	0	0	0	0	0	0	222	0	0	0	218	0	1438	0	0	0	0	0	10290	0	164	0	7234	0	0	0	2706	0	200	0	210	0	0	0	0	0	0	0	0	0	0	0	3574	0	0	0	394	0	0	0	1164	0	0	0	0	0	0	0	0	0	0	0	0	0	0	0	0	0	0	0	0	0	0	0	0	0	0	
147668	Angular_L	2792	0	0	0	0	0	0	0	0	0	0	0	0	0	0	0	116	0	0	0	0	0	0	0	0	0	0	0	248	0	0	0	0	0	0	0	0	0	0	0	0	0	150	0	0	0	0	0	4910	0	20580	0	144	0	0	0	2496	0	3268	0	18758	0	7016	0	0	0	2472	0	1676	0	0	0	0	0	0	0	0	0	0	0	1526	0	0	0	7342	0	0	0	340	0	0	0	0	0	0	0	0	0	0	0	0	0	0	0	0	0	0	0	0	0	0	0	0	0	0	0	
56712	Angular_R	0	1540	0	0	0	0	0	150	0	0	0	0	0	0	0	0	0	0	0	0	0	0	0	0	0	0	0	0	0	0	0	0	0	500	0	0	0	0	0	0	0	0	0	122	0	148	0	0	0	1114	0	10388	0	0	0	0	0	364	0	1376	0	4382	0	2706	0	0	0	0	0	0	0	0	0	0	0	0	0	0	0	0	0	1020	0	0	0	3958	0	0	0	588	0	0	0	0	0	0	0	0	0	0	0	0	0	0	0	0	0	0	0	0	0	0	0	0	0	0	
276916	Precuneus_L	900	286	548	198	0	0	296	228	0	0	0	0	0	0	0	0	0	0	1666	0	0	0	0	0	0	0	0	0	740	0	0	0	758	502	6688	508	5570	0	546	0	0	0	14020	658	13118	2244	7620	0	22788	1066	20458	560	386	0	1002	0	1120	0	11226	188	2548	0	1008	0	2472	0	0	5276	2668	0	0	0	554	0	0	0	1318	0	0	0	788	0	0	0	5522	0	0	0	416	0	0	0	0	0	0	0	0	0	0	0	0	0	0	0	0	0	0	0	0	0	0	0	0	0	0	0	
480828	Precuneus_R	0	15318	0	3348	0	0	0	1716	0	0	0	0	0	0	0	0	0	0	312	8606	0	0	0	0	0	0	0	0	0	0	0	0	346	8720	468	14026	0	6154	0	2316	0	0	382	19748	792	41520	0	10726	0	37254	0	13116	0	1492	0	634	0	11508	0	7508	0	276	0	200	0	0	5276	0	252	15290	0	0	0	0	0	0	436	1064	0	0	0	802	0	0	0	3976	0	0	0	5764	0	0	0	0	0	0	0	210	0	0	0	0	0	0	0	0	0	0	0	0	858	0	0	0	0	0	
72816	Paracentral_Lobule_L	6712	0	946	0	0	0	122	0	0	0	276	0	0	0	0	0	176	0	3136	1056	0	0	0	0	0	0	0	0	218	0	0	0	3646	972	566	700	0	0	0	0	0	0	278	0	1370	0	128	0	1702	0	2858	0	0	0	0	0	1990	0	1186	0	1912	0	298	0	1676	0	2668	252	0	132	0	0	0	0	0	0	0	0	0	0	800	0	0	0	632	0	0	0	0	0	0	0	0	0	0	0	0	0	0	0	0	0	0	0	0	0	0	0	0	0	0	0	0	0	0	0	
170788	Paracentral_Lobule_R	0	12424	0	372	0	0	0	234	0	0	0	0	0	0	0	0	0	0	0	7500	0	0	0	0	0	0	0	0	0	0	0	0	0	3052	0	1378	0	238	0	132	0	0	0	2982	0	12642	0	206	0	10930	0	6308	0	398	0	0	0	7618	0	418	0	0	0	210	0	0	0	15290	132	0	0	0	0	0	0	0	0	0	0	0	0	704	0	0	0	636	0	0	0	1590	0	0	0	0	0	0	0	0	0	0	0	0	0	0	0	0	0	0	0	0	0	0	0	0	0	0	
198100	Caudate_L	196	0	7654	3124	0	1392	1188	0	0	0	1656	144	3934	0	302	266	254	0	8238	254	3954	6126	156	752	376	688	1210	590	5622	178	5288	4142	0	0	2292	2122	0	866	0	216	0	0	0	0	0	0	0	0	0	0	0	0	0	0	0	0	0	0	0	0	0	0	0	0	0	0	0	0	0	0	0	12070	9680	2648	524	0	9000	1728	0	0	0	0	220	0	0	0	0	0	0	0	0	0	0	0	0	0	0	0	0	0	0	0	0	0	0	0	0	0	0	0	0	0	0	0	0	0	
415216	Caudate_R	0	0	8344	27692	0	10760	652	246	0	1890	1296	2140	3206	1162	0	6056	202	1602	8282	10082	2414	5710	392	10284	0	8968	624	1234	5450	2526	3480	17110	342	648	298	1782	156	1884	0	610	0	0	0	0	0	0	0	0	0	0	0	0	0	0	0	0	0	0	0	0	0	0	0	0	0	0	0	0	0	0	12070	0	3822	25024	0	2448	1476	14488	0	0	0	624	0	132	0	0	0	0	0	0	0	0	0	0	0	0	0	0	0	0	0	0	0	0	0	0	0	0	0	0	0	0	0	0	0	0	
353156	Putamen_L	4940	0	24688	886	5526	862	12326	192	4632	0	1584	648	3678	0	7942	0	736	0	18398	232	1996	3364	758	428	0	396	740	462	29676	658	5998	1218	494	0	914	0	12402	0	1954	0	0	0	134	0	0	0	652	178	0	0	0	0	0	0	282	0	984	0	0	0	336	0	226	0	0	0	554	0	0	0	9680	3822	0	216	4782	0	3960	246	148	0	924	0	0	0	196	0	0	0	530	0	0	0	0	0	0	0	0	0	0	0	0	0	0	0	0	0	0	0	0	0	0	0	0	0	0	0	
408912	Putamen_R	0	2098	7452	18254	0	3682	220	9342	0	2186	318	9454	0	5378	0	6700	0	4508	7678	11066	168	324	296	5484	0	2052	0	128	494	20244	740	7164	692	1394	0	336	132	20686	0	4700	0	1008	0	0	0	0	0	0	0	0	0	0	0	0	0	5556	0	1422	0	0	0	0	0	0	0	0	0	0	0	0	2648	25024	216	0	0	6520	0	4498	0	374	0	816	0	150	0	0	0	0	0	2854	0	0	0	0	0	0	0	0	0	0	0	0	0	0	0	0	0	0	0	0	0	0	0	0	0	0	
35296	Pallidum_L	0	0	4798	0	0	0	294	0	0	0	258	0	0	0	0	0	0	0	4674	0	0	0	0	0	0	0	0	0	0	0	0	0	0	0	0	0	760	0	0	0	0	0	0	0	0	0	0	0	0	0	0	0	0	0	0	0	0	0	0	0	0	0	0	0	0	0	0	0	0	0	524	0	4782	0	0	0	1558	0	0	0	0	0	0	0	0	0	0	0	0	0	0	0	0	0	0	0	0	0	0	0	0	0	0	0	0	0	0	0	0	0	0	0	0	0	0	0	
43292	Pallidum_R	0	0	348	2244	0	186	0	1714	0	0	0	1842	0	300	0	202	0	1550	324	924	0	0	0	194	0	134	0	0	0	1496	0	300	0	0	0	0	0	198	0	0	0	0	0	0	0	0	0	0	0	0	0	0	0	0	0	0	0	0	0	0	0	0	0	0	0	0	0	0	0	0	0	2448	0	6520	0	0	0	0	0	174	0	548	0	0	0	0	0	0	0	0	0	0	0	0	0	0	0	0	0	0	0	0	0	0	0	0	0	0	0	0	0	0	0	0	0	0	
188532	Thalamus_L	908	0	12928	5128	0	0	984	0	0	0	0	0	0	0	0	0	0	0	20760	134	0	0	0	0	0	0	0	0	340	0	0	0	0	0	8608	7940	3500	2600	142	306	0	0	634	0	0	0	840	1418	0	0	0	0	0	0	0	0	0	0	0	0	0	0	0	0	0	0	1318	436	0	0	9000	1476	3960	0	1558	0	0	9348	0	0	0	0	0	0	0	0	0	0	0	0	0	0	0	0	0	0	0	0	0	0	0	0	0	0	0	0	0	0	0	0	0	0	0	0	0	0	
182828	Thalamus_R	124	1504	308	25800	0	0	142	5366	0	0	0	1438	0	300	0	0	0	1494	1702	2394	0	0	0	0	0	0	0	0	0	346	0	0	0	0	3414	7182	372	5884	0	506	0	0	0	134	0	0	0	266	0	0	0	0	0	0	0	0	0	268	0	0	0	0	0	0	0	0	0	1064	0	0	1728	14488	246	4498	0	0	9348	0	0	246	0	576	0	0	0	130	0	0	0	146	0	0	0	0	0	0	0	0	0	0	0	0	0	0	0	0	0	0	0	0	0	0	0	0	0	0	
57020	Heschl_L	3206	0	446	0	0	0	1554	0	0	0	934	0	0	0	0	0	3098	0	334	0	0	0	0	0	0	0	0	0	5536	0	0	0	0	0	0	0	2436	0	0	0	0	0	0	0	0	0	0	0	0	0	144	0	0	0	1260	0	2082	0	0	0	628	0	0	0	0	0	0	0	0	0	0	0	148	0	0	0	0	0	0	0	2690	0	0	0	2500	0	0	0	1514	0	0	0	0	0	0	0	0	0	0	0	0	0	0	0	0	0	0	0	0	0	0	0	0	0	0	0	
50032	Heschl_R	0	1602	218	1518	0	0	0	454	0	0	0	1968	0	0	0	0	0	4934	216	312	0	0	0	0	0	0	0	0	0	1970	0	0	0	0	0	0	0	882	0	318	0	0	0	0	0	0	0	0	0	0	0	0	0	0	0	358	0	770	0	0	0	130	0	0	0	0	0	0	0	0	0	0	0	374	0	174	0	246	0	0	0	6406	0	0	0	1758	0	0	0	408	0	0	0	0	0	0	0	0	0	0	0	0	0	0	0	0	0	0	0	0	0	0	0	0	0	0	
189524	Temporal_Sup_L	2434	0	1974	0	0	0	1128	0	0	0	2480	0	278	0	0	0	7178	0	2130	0	0	0	0	0	0	0	0	0	6456	0	0	0	0	0	0	0	2042	0	178	0	0	0	0	0	0	0	0	0	1674	0	2554	0	0	0	1976	0	2834	0	0	0	1050	0	5580	0	1526	0	788	0	800	0	0	0	924	0	0	0	0	0	2690	0	0	0	3642	0	26660	0	470	0	15316	0	0	0	0	0	0	0	0	0	0	0	0	0	0	0	0	0	0	0	0	0	0	0	0	0	0	0	
131888	Temporal_Sup_R	0	2832	544	4114	0	0	0	2010	0	0	0	3606	0	0	0	0	0	8954	528	1202	0	0	0	0	0	0	0	0	0	3494	0	0	0	0	0	0	0	1080	0	350	0	0	0	0	0	868	0	0	0	1214	0	612	0	228	0	542	0	1952	0	396	0	854	0	3574	0	1020	0	802	0	704	0	624	0	816	0	548	0	576	0	6406	0	0	0	1572	0	9950	0	254	0	3718	0	0	0	0	0	0	0	0	0	0	0	0	0	0	0	0	0	0	0	0	0	0	0	0	0	0	
54820	Temporal_Pole_Sup_L	0	0	1024	0	290	0	0	0	192	0	1420	0	432	0	1068	0	1482	0	926	0	248	0	0	0	0	0	170	0	2244	0	0	0	0	0	0	0	368	0	166	0	224	0	0	0	0	0	0	0	0	0	0	0	0	0	1202	0	0	0	0	0	0	0	0	0	0	0	0	0	0	0	220	0	0	0	0	0	0	0	0	0	3642	0	0	0	4832	0	3706	0	3554	0	0	0	0	0	0	0	0	0	0	0	0	0	0	0	0	0	0	0	0	0	0	0	0	0	0	0	
54884	Temporal_Pole_Sup_R	0	0	0	632	0	0	0	402	0	0	0	1342	0	346	0	0	0	1546	0	616	0	906	0	0	0	0	0	174	0	2294	0	0	0	0	0	0	0	540	0	1322	0	2406	0	0	0	0	0	0	0	0	0	0	0	0	0	4426	0	0	0	0	0	0	0	0	0	0	0	0	0	0	0	132	0	150	0	0	0	0	0	0	0	1572	0	0	0	2306	0	3058	0	3272	0	0	0	0	0	0	0	0	0	0	0	0	0	0	0	0	0	0	0	0	0	0	0	0	0	0	
302644	Temporal_Mid_L	4824	0	116	0	0	0	772	0	0	0	0	0	0	0	0	0	724	0	226	0	0	0	0	0	0	0	0	0	3140	0	0	0	0	0	0	0	3720	0	326	0	0	0	2188	0	2062	0	182	0	5832	0	22218	0	1174	0	3942	0	326	0	278	0	7914	0	9064	0	7342	0	5522	0	632	0	0	0	196	0	0	0	0	0	2500	0	26660	0	4832	0	0	0	2860	0	31750	0	0	0	0	0	0	0	0	0	0	0	0	0	0	0	0	0	0	0	0	0	0	0	0	0	0	0	
161632	Temporal_Mid_R	0	4040	0	1906	0	0	0	1288	0	0	0	0	0	0	0	0	0	310	0	614	0	0	0	0	0	0	0	0	0	1980	0	0	0	448	0	948	0	904	0	274	0	0	0	3112	0	2294	0	276	0	2914	0	10996	0	1554	0	1484	0	990	0	0	0	158	0	394	0	3958	0	3976	0	636	0	0	0	0	0	0	0	130	0	1758	0	9950	0	2306	0	0	0	1276	0	19942	0	0	0	0	0	0	0	0	0	0	0	0	0	0	0	0	0	0	0	0	0	0	0	0	0	0	
20756	Temporal_Pole_Mid_L	0	0	0	0	0	0	0	0	0	0	0	0	0	0	0	0	0	0	0	0	0	0	0	0	0	0	0	0	0	0	0	0	0	0	0	0	132	0	0	0	0	0	0	0	0	0	0	0	0	0	0	0	0	0	892	0	0	0	0	0	0	0	0	0	0	0	0	0	0	0	0	0	0	0	0	0	0	0	0	0	470	0	3706	0	2860	0	0	0	2318	0	0	0	0	0	0	0	0	0	0	0	0	0	0	0	0	0	0	0	0	0	0	0	0	0	0	0	
17592	Temporal_Pole_Mid_R	0	0	0	0	0	0	0	0	0	0	0	0	0	0	0	0	0	0	0	0	0	0	0	0	0	0	0	0	0	0	0	0	0	0	0	0	0	0	0	292	0	178	0	0	0	0	0	0	0	0	0	0	0	0	0	1672	0	0	0	0	0	0	0	0	0	0	0	0	0	0	0	0	0	0	0	0	0	0	0	0	0	254	0	3058	0	1276	0	0	0	2066	0	0	0	0	0	0	0	0	0	0	0	0	0	0	0	0	0	0	0	0	0	0	0	0	0	0	
187268	Temporal_Inf_L	882	0	358	0	0	0	490	0	0	0	0	0	0	0	0	0	158	0	370	0	0	0	0	0	0	0	0	0	4434	0	0	0	0	0	0	0	7096	0	224	0	1492	0	0	0	186	0	0	0	1136	0	4626	0	1974	0	9514	0	144	0	132	0	408	0	486	0	340	0	416	0	0	0	0	0	530	0	0	0	0	0	1514	0	15316	0	3554	0	31750	0	2318	0	0	0	2728	0	0	0	0	0	0	0	1058	0	0	0	0	0	0	0	0	0	0	0	0	0	0	0	0	0	
218744	Temporal_Inf_R	0	7770	0	2730	0	0	0	2104	0	0	0	0	0	0	0	0	0	200	0	1200	0	0	0	0	0	0	0	0	0	3896	0	0	0	666	0	1738	0	7670	0	1632	0	228	0	3842	0	3414	0	1018	0	3730	0	3676	0	6060	0	11496	0	3140	0	274	0	792	0	1164	0	588	0	5764	0	1590	0	0	0	2854	0	0	0	146	0	408	0	3718	0	3272	0	19942	0	2066	0	0	0	412	0	0	0	0	0	0	0	172	0	0	0	0	0	0	0	0	0	0	0	0	0	0	0	0	
335008	Cerebelum_Crus1_L	0	0	0	0	0	0	0	0	0	0	0	0	0	0	0	0	0	0	0	0	0	0	0	0	0	0	0	0	0	0	0	0	0	0	0	0	0	0	0	0	0	0	0	0	0	0	2662	972	0	0	0	0	0	0	15236	264	0	0	0	0	0	0	0	0	0	0	0	0	0	0	0	0	0	0	0	0	0	0	0	0	0	0	0	0	0	0	0	0	2728	0	0	2924	25298	1584	754	0	14106	0	49252	3844	12442	126	19774	898	4024	596	192	0	0	0	410	3538	4146	1012	722	0	
265996	Cerebelum_Crus1_R	0	0	0	0	0	0	0	0	0	0	0	0	0	0	0	0	0	0	0	0	0	0	0	0	0	0	0	0	0	0	0	0	0	0	0	0	0	0	0	0	0	0	0	0	0	0	658	1676	0	0	0	0	0	342	0	5380	0	0	0	0	0	0	0	0	0	0	0	0	0	0	0	0	0	0	0	0	0	0	0	0	0	0	0	0	0	0	0	0	0	412	2924	0	638	24818	0	906	154	6752	4072	39078	284	2632	546	20150	510	2054	0	0	0	122	1454	5408	6438	3170	2420	0	
206948	Cerebelum_Crus2_L	0	0	0	0	0	0	0	0	0	0	0	0	0	0	0	0	0	0	0	0	0	0	0	0	0	0	0	0	0	0	0	0	0	0	0	0	0	0	0	0	0	0	0	0	0	0	0	0	0	0	0	0	0	0	0	0	0	0	0	0	0	0	0	0	0	0	0	0	0	0	0	0	0	0	0	0	0	0	0	0	0	0	0	0	0	0	0	0	0	0	25298	638	0	3876	0	0	180	0	2924	608	29024	2202	27242	1634	2312	400	0	0	0	0	0	224	5366	1426	120	0	
198852	Cerebelum_Crus2_R	0	0	0	0	0	0	0	0	0	0	0	0	0	0	0	0	0	0	0	0	0	0	0	0	0	0	0	0	0	0	0	0	0	0	0	0	0	0	0	0	0	0	0	0	0	0	0	0	0	0	0	0	0	0	0	0	0	0	0	0	0	0	0	0	0	0	0	0	0	0	0	0	0	0	0	0	0	0	0	0	0	0	0	0	0	0	0	0	0	0	1584	24818	3876	0	0	0	0	0	928	5648	1962	13006	3652	25204	1222	2494	0	0	0	0	0	1208	8974	3332	1518	0	
11416	Cerebelum_3_L	0	0	0	0	0	0	0	0	0	0	0	0	0	0	0	0	0	0	0	0	0	0	0	0	0	0	0	0	0	0	0	0	0	0	0	0	220	0	536	0	0	0	0	0	0	0	0	0	0	0	0	0	0	0	0	0	0	0	0	0	0	0	0	0	0	0	0	0	0	0	0	0	0	0	0	0	0	0	0	0	0	0	0	0	0	0	0	0	0	0	754	0	0	0	0	0	2282	0	970	0	0	0	0	0	170	0	146	0	300	330	0	0	0	0	0	0	
22352	Cerebelum_3_R	0	0	0	0	0	0	0	0	0	0	0	0	0	0	0	0	0	0	0	0	0	0	0	0	0	0	0	0	0	0	0	0	0	0	0	0	0	0	0	0	0	0	0	0	0	0	0	0	0	0	0	0	0	0	0	226	0	0	0	0	0	0	0	0	0	0	0	0	0	0	0	0	0	0	0	0	0	0	0	0	0	0	0	0	0	0	0	0	0	0	0	906	0	0	0	0	124	3394	0	3420	0	0	0	0	0	352	0	118	220	1492	688	118	0	0	118	0	
185168	Cerebelum_4_5_L	0	0	0	0	0	0	0	0	0	0	0	0	0	0	0	0	0	0	0	0	0	0	0	0	0	0	0	0	0	0	0	0	0	0	0	0	588	0	708	0	0	0	0	0	0	0	3884	2030	0	0	0	0	196	0	7998	222	0	0	0	0	0	0	0	0	0	0	0	0	0	0	0	0	0	0	0	0	0	0	0	0	0	0	0	0	0	0	0	0	0	0	14106	154	180	0	2282	124	0	3810	23602	4062	898	0	574	0	4034	2954	664	170	0	0	9472	4786	464	960	2150	1512	
113512	Cerebelum_4_5_R	0	0	0	0	0	0	0	0	0	0	0	0	0	0	0	0	0	0	0	0	0	0	0	0	0	0	0	0	0	0	0	0	0	0	0	0	0	0	0	196	0	0	0	0	0	0	726	2464	0	0	0	0	0	0	0	4772	0	0	0	0	0	0	0	0	0	0	0	210	0	0	0	0	0	0	0	0	0	0	0	0	0	0	0	0	0	0	0	0	0	0	0	6752	0	0	0	3394	3810	0	342	19664	0	0	0	0	714	1080	0	0	0	412	9756	922	0	184	452	906	
302364	Cerebelum_6_L	0	0	0	0	0	0	0	0	0	0	0	0	0	0	0	0	0	0	0	0	0	0	0	0	0	0	0	0	0	0	0	0	0	0	0	0	0	0	136	0	0	0	0	0	0	0	5874	3042	0	0	0	0	298	360	18876	882	0	0	0	0	0	0	0	0	0	0	0	0	0	0	0	0	0	0	0	0	0	0	0	0	0	0	0	0	0	0	0	0	1058	0	49252	4072	2924	928	970	0	23602	342	0	7860	4008	0	4004	120	3868	1014	392	0	0	0	2678	9620	2902	920	1034	146	
297324	Cerebelum_6_R	0	0	0	0	0	0	0	0	0	0	0	0	0	0	0	0	0	0	0	0	0	0	0	0	0	0	0	0	0	0	0	0	0	0	0	0	0	0	0	0	0	0	0	162	0	0	1752	5336	0	0	0	0	0	538	458	10302	0	0	0	0	0	0	0	0	0	0	0	0	0	0	0	0	0	0	0	0	0	0	0	0	0	0	0	0	0	0	0	0	0	172	3844	39078	608	5648	0	3420	4062	19664	7860	0	268	428	360	4716	1228	3944	0	258	0	648	10026	10922	5560	3670	3476	254	
156108	Cerebelum_7b_L	0	0	0	0	0	0	0	0	0	0	0	0	0	0	0	0	0	0	0	0	0	0	0	0	0	0	0	0	0	0	0	0	0	0	0	0	0	0	0	0	0	0	0	0	0	0	0	0	0	0	0	0	0	0	0	0	0	0	0	0	0	0	0	0	0	0	0	0	0	0	0	0	0	0	0	0	0	0	0	0	0	0	0	0	0	0	0	0	0	0	12442	284	29024	1962	0	0	898	0	4008	268	0	1692	21490	966	850	0	0	0	0	0	0	138	2878	1154	0	0	
80212	Cerebelum_7b_R	0	0	0	0	0	0	0	0	0	0	0	0	0	0	0	0	0	0	0	0	0	0	0	0	0	0	0	0	0	0	0	0	0	0	0	0	0	0	0	0	0	0	0	0	0	0	0	0	0	0	0	0	0	0	0	0	0	0	0	0	0	0	0	0	0	0	0	0	0	0	0	0	0	0	0	0	0	0	0	0	0	0	0	0	0	0	0	0	0	0	126	2632	2202	13006	0	0	0	0	0	428	1692	0	2114	13348	138	408	0	0	0	0	0	0	2282	1730	0	0	
219532	Cerebelum_8_L	0	0	0	0	0	0	0	0	0	0	0	0	0	0	0	0	0	0	0	0	0	0	0	0	0	0	0	0	0	0	0	0	0	0	0	0	0	0	0	0	0	0	0	0	0	0	0	0	0	0	0	0	0	0	0	0	0	0	0	0	0	0	0	0	0	0	0	0	0	0	0	0	0	0	0	0	0	0	0	0	0	0	0	0	0	0	0	0	0	0	19774	546	27242	3652	0	0	574	0	4004	360	21490	2114	0	4230	11672	1808	902	0	0	0	0	276	5478	4622	1022	0	
191448	Cerebelum_8_R	0	0	0	0	0	0	0	0	0	0	0	0	0	0	0	0	0	0	0	0	0	0	0	0	0	0	0	0	0	0	0	0	0	0	0	0	0	0	0	0	0	0	0	0	0	0	0	0	0	0	0	0	0	0	0	0	0	0	0	0	0	0	0	0	0	0	0	0	0	0	0	0	0	0	0	0	0	0	0	0	0	0	0	0	0	0	0	0	0	0	898	20150	1634	25204	0	0	0	0	120	4716	966	13348	4230	0	1496	9704	0	128	0	0	0	160	6254	4910	1806	0	
99932	Cerebelum_9_L	0	0	0	0	0	0	0	0	0	0	0	0	0	0	0	0	0	0	0	0	0	0	0	0	0	0	0	0	0	0	0	0	0	0	0	0	0	0	0	0	0	0	0	0	0	0	0	500	0	0	0	0	0	0	0	0	0	0	0	0	0	0	0	0	0	0	0	0	0	0	0	0	0	0	0	0	0	0	0	0	0	0	0	0	0	0	0	0	0	0	4024	510	2312	1222	170	0	4034	714	3868	1228	850	138	11672	1496	0	2062	2666	0	0	0	2628	2972	2236	2048	2098	518	
104200	Cerebelum_9_R	0	0	0	0	0	0	0	0	0	0	0	0	0	0	0	0	0	0	0	0	0	0	0	0	0	0	0	0	0	0	0	0	0	0	0	0	0	0	0	0	0	0	0	0	0	0	132	476	0	0	0	0	0	0	0	202	0	0	0	0	0	0	0	0	0	0	0	0	0	0	0	0	0	0	0	0	0	0	0	0	0	0	0	0	0	0	0	0	0	0	596	2054	400	2494	0	352	2954	1080	1014	3944	0	408	1808	9704	2062	0	0	1096	0	0	3490	3712	3204	4374	5308	1236	
11308	Cerebelum_10_L	0	0	0	0	0	0	0	0	0	0	0	0	0	0	0	0	0	0	0	0	0	0	0	0	0	0	0	0	0	0	0	0	0	0	0	0	0	0	0	0	0	0	0	0	0	0	0	0	0	0	0	0	0	0	0	0	0	0	0	0	0	0	0	0	0	0	0	0	0	0	0	0	0	0	0	0	0	0	0	0	0	0	0	0	0	0	0	0	0	0	192	0	0	0	146	0	664	0	392	0	0	0	902	0	2666	0	0	0	0	0	246	446	0	0	0	0	
5068	Cerebelum_10_R	0	0	0	0	0	0	0	0	0	0	0	0	0	0	0	0	0	0	0	0	0	0	0	0	0	0	0	0	0	0	0	0	0	0	0	0	0	0	0	0	0	0	0	0	0	0	0	0	0	0	0	0	0	0	0	0	0	0	0	0	0	0	0	0	0	0	0	0	0	0	0	0	0	0	0	0	0	0	0	0	0	0	0	0	0	0	0	0	0	0	0	0	0	0	0	118	170	0	0	258	0	0	0	128	0	1096	0	0	0	0	186	316	0	0	262	0	
7580	Vermis_1_2	0	0	0	0	0	0	0	0	0	0	0	0	0	0	0	0	0	0	0	0	0	0	0	0	0	0	0	0	0	0	0	0	0	0	0	0	0	0	0	0	0	0	0	0	0	0	0	0	0	0	0	0	0	0	0	0	0	0	0	0	0	0	0	0	0	0	0	0	0	0	0	0	0	0	0	0	0	0	0	0	0	0	0	0	0	0	0	0	0	0	0	0	0	0	300	220	0	0	0	0	0	0	0	0	0	0	0	0	0	3270	0	0	0	0	0	0	
14376	Vermis_3	0	0	0	0	0	0	0	0	0	0	0	0	0	0	0	0	0	0	0	0	0	0	0	0	0	0	0	0	0	0	0	0	0	0	0	0	0	0	512	0	0	0	0	0	0	0	0	138	0	0	0	0	0	0	0	0	0	0	0	0	0	0	0	0	0	0	0	0	0	0	0	0	0	0	0	0	0	0	0	0	0	0	0	0	0	0	0	0	0	0	0	122	0	0	330	1492	0	412	0	648	0	0	0	0	0	0	0	0	3270	0	264	0	0	0	0	0	
124640	Vermis_4_5	0	0	0	0	0	0	0	0	0	0	0	0	0	0	0	0	0	0	0	116	0	0	0	0	0	0	0	0	0	0	0	0	0	124	0	712	0	620	0	574	0	0	0	122	0	0	1450	2888	0	0	0	0	0	0	312	1656	0	0	0	0	0	0	0	0	0	0	0	858	0	0	0	0	0	0	0	0	0	0	0	0	0	0	0	0	0	0	0	0	0	0	410	1454	0	0	0	688	9472	9756	2678	10026	0	0	0	0	2628	3490	246	186	0	264	0	5576	506	1052	2424	2032	
136196	Vermis_6	0	0	0	0	0	0	0	0	0	0	0	0	0	0	0	0	0	0	0	0	0	0	0	0	0	0	0	0	0	0	0	0	0	0	0	0	0	0	0	0	0	0	0	0	0	0	1810	4220	0	0	0	0	0	396	620	1382	0	0	0	0	0	0	0	0	0	0	0	0	0	0	0	0	0	0	0	0	0	0	0	0	0	0	0	0	0	0	0	0	0	0	3538	5408	224	1208	0	118	4786	922	9620	10922	138	0	276	160	2972	3712	446	316	0	0	5576	0	2944	1538	3262	1584	
139848	Vermis_7	0	0	0	0	0	0	0	0	0	0	0	0	0	0	0	0	0	0	0	0	0	0	0	0	0	0	0	0	0	0	0	0	0	0	0	0	0	0	0	0	0	0	0	0	0	0	374	350	0	0	0	0	0	0	132	306	0	0	0	0	0	0	0	0	0	0	0	0	0	0	0	0	0	0	0	0	0	0	0	0	0	0	0	0	0	0	0	0	0	0	4146	6438	5366	8974	0	0	464	0	2902	5560	2878	2282	5478	6254	2236	3204	0	0	0	0	506	2944	0	5744	3386	0	
95076	Vermis_8	0	0	0	0	0	0	0	0	0	0	0	0	0	0	0	0	0	0	0	0	0	0	0	0	0	0	0	0	0	0	0	0	0	0	0	0	0	0	0	0	0	0	0	0	0	0	0	156	0	0	0	0	0	0	0	266	0	0	0	0	0	0	0	0	0	0	0	0	0	0	0	0	0	0	0	0	0	0	0	0	0	0	0	0	0	0	0	0	0	0	1012	3170	1426	3332	0	0	960	184	920	3670	1154	1730	4622	4910	2048	4374	0	0	0	0	1052	1538	5744	0	5270	0	
75940	Vermis_9	0	0	0	0	0	0	0	0	0	0	0	0	0	0	0	0	0	0	0	0	0	0	0	0	0	0	0	0	0	0	0	0	0	0	0	0	0	0	0	0	0	0	0	0	0	0	0	358	0	0	0	0	0	0	0	226	0	0	0	0	0	0	0	0	0	0	0	0	0	0	0	0	0	0	0	0	0	0	0	0	0	0	0	0	0	0	0	0	0	0	722	2420	120	1518	0	118	2150	452	1034	3476	0	0	1022	1806	2098	5308	0	262	0	0	2424	3262	3386	5270	0	538	
18080	Vermis_10	0	0	0	0	0	0	0	0	0	0	0	0	0	0	0	0	0	0	0	0	0	0	0	0	0	0	0	0	0	0	0	0	0	0	0	0	0	0	0	0	0	0	0	0	0	0	0	314	0	0	0	0	0	0	0	0	0	0	0	0	0	0	0	0	0	0	0	0	0	0	0	0	0	0	0	0	0	0	0	0	0	0	0	0	0	0	0	0	0	0	0	0	0	0	0	0	1512	906	146	254	0	0	0	0	518	1236	0	0	0	0	2032	1584	0	0	538	0	
