data	data	375692	360552	1.33951e+06	852112	192496	113520	611020	250612	112892	44376	224812	210628	345896	182820	249012	130588	163276	105872	819164	660412	106732	125524	505132	569268	55688	99888	84504	98528	751560	319048	432092	637988	229212	526980	171976	169080	392568	422568	137264	310152	51836	61352	262908	326004	175300	267096	295492	417504	237024	275032	448884	208152	140048	109132	429828	621416	276836	148200	138556	73884	187864	64264	89880	93000	122392	84576	314840	331640	161260	114264	376388	483508	445264	423604	69472	72844	202916	217740	78096	31408	180152	110028	114404	61620	303676	159596	37332	30024	237124	142556	478460	411512	301240	253508	79892	57908	308788	317388	574996	446276	248576	151392	314136	283960	172420	145156	41232	11036	33728	75072	322928	378504	226540	163600	121872	62464	
data	data	Precentral_L	Precentral_R	Frontal_Sup_L	Frontal_Sup_R	Frontal_Sup_Orb_L	Frontal_Sup_Orb_R	Frontal_Mid_L	Frontal_Mid_R	Frontal_Mid_Orb_L	Frontal_Mid_Orb_R	Frontal_Inf_Oper_L	Frontal_Inf_Oper_R	Frontal_Inf_Tri_L	Frontal_Inf_Tri_R	Frontal_Inf_Orb_L	Frontal_Inf_Orb_R	Rolandic_Oper_L	Rolandic_Oper_R	Supp_Motor_Area_L	Supp_Motor_Area_R	Olfactory_L	Olfactory_R	Frontal_Sup_Medial_L	Frontal_Sup_Medial_R	Frontal_Med_Orb_L	Frontal_Med_Orb_R	Rectus_L	Rectus_R	Insula_L	Insula_R	Cingulum_Ant_L	Cingulum_Ant_R	Cingulum_Mid_L	Cingulum_Mid_R	Cingulum_Post_L	Cingulum_Post_R	Hippocampus_L	Hippocampus_R	ParaHippocampal_L	ParaHippocampal_R	Amygdala_L	Amygdala_R	Calcarine_L	Calcarine_R	Cuneus_L	Cuneus_R	Lingual_L	Lingual_R	Occipital_Sup_L	Occipital_Sup_R	Occipital_Mid_L	Occipital_Mid_R	Occipital_Inf_L	Occipital_Inf_R	Fusiform_L	Fusiform_R	Postcentral_L	Postcentral_R	Parietal_Sup_L	Parietal_Sup_R	Parietal_Inf_L	Parietal_Inf_R	SupraMarginal_L	SupraMarginal_R	Angular_L	Angular_R	Precuneus_L	Precuneus_R	Paracentral_Lobule_L	Paracentral_Lobule_R	Caudate_L	Caudate_R	Putamen_L	Putamen_R	Pallidum_L	Pallidum_R	Thalamus_L	Thalamus_R	Heschl_L	Heschl_R	Temporal_Sup_L	Temporal_Sup_R	Temporal_Pole_Sup_L	Temporal_Pole_Sup_R	Temporal_Mid_L	Temporal_Mid_R	Temporal_Pole_Mid_L	Temporal_Pole_Mid_R	Temporal_Inf_L	Temporal_Inf_R	Cerebelum_Crus1_L	Cerebelum_Crus1_R	Cerebelum_Crus2_L	Cerebelum_Crus2_R	Cerebelum_3_L	Cerebelum_3_R	Cerebelum_4_5_L	Cerebelum_4_5_R	Cerebelum_6_L	Cerebelum_6_R	Cerebelum_7b_L	Cerebelum_7b_R	Cerebelum_8_L	Cerebelum_8_R	Cerebelum_9_L	Cerebelum_9_R	Cerebelum_10_L	Cerebelum_10_R	Vermis_1_2	Vermis_3	Vermis_4_5	Vermis_6	Vermis_7	Vermis_8	Vermis_9	Vermis_10	
375692	Precentral_L	0	2790	23278	438	0	0	23184	114	0	0	7876	0	1496	0	0	0	7776	0	6436	876	0	0	0	0	0	0	0	0	12792	0	0	0	0	108	3330	290	11546	96	1120	0	0	0	1778	0	176	0	438	0	250	0	3700	0	1728	0	3156	0	29296	0	648	0	2288	0	1520	0	662	0	2554	0	8220	1122	1004	678	5292	0	982	0	4920	654	3562	0	3944	0	0	0	3490	0	0	0	2238	0	0	0	0	0	0	0	0	0	0	0	0	0	0	0	0	0	0	0	0	0	0	0	0	0	0	0	
360552	Precentral_R	2790	0	5676	10564	0	0	1076	6848	0	0	0	5712	0	248	0	0	0	2248	4810	6502	0	0	0	330	0	0	0	0	328	3274	0	300	276	1352	1082	7484	798	14932	0	4502	0	0	0	864	0	670	0	1446	0	480	0	464	0	1016	0	5992	0	13840	0	138	0	1600	0	2950	0	0	0	3790	9202	9836	1102	12784	598	3560	592	266	3100	20910	0	332	0	1384	0	0	0	616	0	0	0	1612	0	0	0	0	0	0	0	0	0	0	0	0	0	0	0	0	0	0	0	0	0	0	0	0	0	0	
1.33951e+06	Frontal_Sup_L	23278	5676	0	19796	11384	262	82798	4504	4464	0	16748	3052	26016	3866	13060	550	8134	180	93314	22064	1382	204	55038	14678	1960	678	922	118	54312	1804	29088	14362	7906	11960	2808	1144	13426	1290	2450	348	734	0	568	0	0	0	334	0	0	0	452	0	218	0	2892	232	8510	158	478	0	682	0	0	0	0	0	1212	172	1592	0	17198	6704	35136	4560	6152	1446	12240	2998	2716	0	2834	0	1926	0	904	0	0	0	1684	0	0	0	0	0	0	0	0	0	0	0	0	0	0	0	0	0	0	0	0	0	0	0	0	0	0	0	
852112	Frontal_Sup_R	438	10564	19796	0	0	1926	1954	36134	0	2068	664	9958	1640	8808	0	7834	0	4838	26274	58982	0	348	9912	48052	0	2620	0	556	2928	12844	6864	44050	6256	29298	568	1574	488	2700	0	1016	0	0	0	0	0	0	0	0	0	0	0	0	0	0	0	466	0	610	0	0	0	0	0	0	0	0	0	718	1676	0	4196	24874	1142	18490	94	3726	1348	6162	0	602	0	0	0	0	0	0	0	0	0	0	0	0	0	0	0	0	0	0	0	0	0	0	0	0	0	0	0	0	0	0	0	0	0	0	0	0	
192496	Frontal_Sup_Orb_L	0	0	11384	0	0	750	2368	0	11662	0	0	0	2058	0	14656	0	0	0	216	0	3908	1668	9008	282	4382	310	7960	834	6214	0	5402	642	0	0	0	0	0	0	98	0	502	0	0	0	0	0	0	0	0	0	0	0	0	0	0	0	0	0	0	0	0	0	0	0	0	0	0	0	0	0	3874	314	7080	0	0	0	0	0	0	0	0	0	676	0	0	0	0	0	0	0	0	0	0	0	0	0	0	0	0	0	0	0	0	0	0	0	0	0	0	0	0	0	0	0	0	0	
113520	Frontal_Sup_Orb_R	0	0	262	1926	750	0	0	936	250	4812	0	0	0	0	392	3148	0	0	0	0	2140	4178	378	2162	308	7302	1536	12190	150	448	1138	2946	0	0	0	0	0	0	0	0	184	0	0	0	0	0	0	0	0	0	0	0	0	0	0	0	0	0	0	0	0	0	0	0	0	0	0	0	0	0	2080	3706	1174	2264	0	0	0	0	0	0	0	0	0	0	0	0	0	0	0	0	0	0	0	0	0	0	0	0	0	0	0	0	0	0	0	0	0	0	0	0	0	0	0	0	0	0	
611020	Frontal_Mid_L	23184	1076	82798	1954	2368	0	0	348	4014	0	11716	232	36816	502	10932	140	3444	0	8380	510	0	0	12998	2148	0	0	0	0	34252	170	5018	1884	2572	2100	4004	1276	11144	988	1402	0	0	0	718	0	0	0	388	0	0	0	168	0	178	0	1786	0	3948	0	0	0	180	0	0	0	0	0	1748	214	104	0	2598	480	10226	182	1592	0	5668	1364	1800	0	1354	0	712	0	532	0	0	0	1200	0	0	0	0	0	0	0	0	0	0	0	0	0	0	0	0	0	0	0	0	0	0	0	0	0	0	0	
250612	Frontal_Mid_R	114	6848	4504	36134	0	936	348	0	0	3706	786	7682	966	13060	0	7568	0	510	4550	2820	0	0	500	5824	0	0	0	0	1046	4138	740	3944	106	1862	0	0	0	482	0	248	0	0	0	0	0	0	0	0	0	0	0	0	0	0	0	112	0	522	0	0	0	106	0	120	0	0	0	0	0	0	2148	6048	212	4880	0	1416	0	320	0	0	0	0	0	0	0	0	0	0	0	0	0	0	0	0	0	0	0	0	0	0	0	0	0	0	0	0	0	0	0	0	0	0	0	0	0	0	
112892	Frontal_Mid_Orb_L	0	0	4464	0	11662	250	4014	0	0	0	0	0	5292	0	16892	0	0	0	306	0	918	578	1034	0	160	0	1864	292	4610	0	436	174	0	0	0	0	0	0	0	0	0	0	0	0	0	0	0	0	0	0	0	0	0	0	0	0	0	0	0	0	0	0	0	0	0	0	0	0	0	0	1270	128	1484	0	0	0	0	0	0	0	0	0	618	0	0	0	0	0	0	0	0	0	0	0	0	0	0	0	0	0	0	0	0	0	0	0	0	0	0	0	0	0	0	0	0	0	
44376	Frontal_Mid_Orb_R	0	0	0	2068	0	4812	0	3706	0	0	0	0	0	550	0	7148	0	0	0	0	192	662	0	0	0	0	0	1308	0	610	96	98	0	0	0	0	0	0	0	0	0	0	0	0	0	0	0	0	0	0	0	0	0	0	0	0	0	0	0	0	0	0	0	0	0	0	0	0	0	0	198	198	122	420	0	0	0	0	0	0	0	0	0	0	0	0	0	0	0	0	0	0	0	0	0	0	0	0	0	0	0	0	0	0	0	0	0	0	0	0	0	0	0	0	0	0	
224812	Frontal_Inf_Oper_L	7876	0	16748	664	0	0	11716	786	0	0	0	428	17992	1614	406	126	8256	0	13684	210	0	0	222	172	0	0	0	0	16072	508	152	212	0	0	486	0	1200	0	0	0	0	0	190	0	0	0	94	0	0	0	0	0	0	0	196	0	1930	0	0	0	0	0	0	0	0	0	386	0	0	0	2638	536	1296	224	0	106	418	118	892	0	2296	0	1214	0	142	0	0	0	200	0	0	0	0	0	0	0	0	0	0	0	0	0	0	0	0	0	0	0	0	0	0	0	0	0	0	0	
210628	Frontal_Inf_Oper_R	0	5712	3052	9958	0	0	232	7682	0	0	428	0	498	11302	0	296	0	3408	3702	5146	0	0	0	644	0	0	0	0	300	17522	1086	922	0	194	0	96	0	5016	0	3388	0	0	0	0	0	0	0	192	0	0	0	0	0	0	0	2414	0	1044	0	0	0	0	0	228	0	0	0	0	0	0	2092	2786	0	12334	0	2172	0	1028	0	108	0	0	0	226	0	0	0	0	0	0	0	0	0	0	0	0	0	0	0	106	0	0	0	0	0	0	0	0	0	0	0	0	0	0	0	0	
345896	Frontal_Inf_Tri_L	1496	0	26016	1640	2058	0	36816	966	5292	0	17992	498	0	1784	18578	282	952	0	8878	504	0	0	3018	548	0	0	0	0	31996	582	4284	1032	168	132	0	0	162	0	0	0	0	0	0	0	0	0	0	0	0	0	0	0	0	0	122	0	136	0	0	0	0	0	0	0	0	0	0	0	0	0	3396	582	886	272	0	118	0	0	0	0	232	0	1530	0	0	0	0	0	0	0	0	0	0	0	0	0	0	0	0	0	0	0	0	0	0	0	0	0	0	0	0	0	0	0	0	0	
182820	Frontal_Inf_Tri_R	0	248	3866	8808	0	0	502	13060	0	550	1614	11302	1784	0	0	6416	0	158	3490	3466	0	0	324	1956	0	0	0	0	1918	11126	1074	1950	0	1044	0	0	0	1018	0	832	0	0	0	0	0	0	0	0	0	0	0	0	0	0	0	434	0	0	0	0	0	0	0	0	0	0	0	0	0	0	3414	5086	404	4374	0	1062	0	130	0	0	0	0	0	0	0	0	0	0	0	0	0	0	0	0	0	0	0	0	0	0	0	0	0	0	0	0	0	0	0	0	0	0	0	0	0	0	
249012	Frontal_Inf_Orb_L	0	0	13060	0	14656	392	10932	0	16892	0	406	0	18578	0	0	0	0	0	1404	0	3080	1008	4000	150	164	0	2830	450	20740	0	1396	376	132	0	0	0	158	0	218	0	412	0	0	0	0	0	0	0	0	0	0	0	0	0	266	0	0	0	0	0	0	0	0	0	0	0	0	0	0	0	3170	288	4528	0	0	0	0	0	0	0	0	0	4520	0	0	0	158	0	142	0	0	0	0	0	0	0	0	0	0	0	0	0	0	0	0	0	0	0	0	0	0	0	0	0	0	0	
130588	Frontal_Inf_Orb_R	0	0	550	7834	0	3148	140	7568	0	7148	126	296	282	6416	0	0	0	0	984	2152	0	1848	706	2662	0	0	0	1882	502	9198	182	1090	162	2604	0	0	0	306	0	248	0	386	0	0	0	0	0	0	0	0	0	0	0	0	0	0	0	0	0	0	0	0	0	0	0	0	0	0	0	0	550	1508	100	4328	0	0	0	0	0	0	0	126	0	262	0	0	0	0	0	0	0	0	0	0	0	0	0	0	0	0	0	0	0	0	0	0	0	0	0	0	0	0	0	0	0	0	
163276	Rolandic_Oper_L	7776	0	8134	0	0	0	3444	0	0	0	8256	0	952	0	0	0	0	0	4976	0	0	0	0	94	0	0	0	0	16316	0	0	96	0	0	534	0	1178	0	0	0	0	0	536	0	0	0	244	0	0	0	434	0	314	0	980	0	7352	0	0	0	180	0	1220	0	0	0	550	0	100	0	1298	112	242	0	0	0	370	0	3868	0	8534	0	1324	0	1442	0	0	0	782	0	0	0	0	0	0	0	0	0	0	0	0	0	0	0	0	0	0	0	0	0	0	0	0	0	0	0	
105872	Rolandic_Oper_R	0	2248	180	4838	0	0	0	510	0	0	0	3408	0	158	0	0	0	0	224	3746	0	0	0	0	0	0	0	0	0	9050	0	0	0	0	0	0	0	2192	0	1622	0	0	0	0	0	0	0	400	0	0	0	0	0	142	0	1578	0	3266	0	0	0	326	0	2862	0	0	0	232	0	0	112	220	0	4042	0	386	0	1122	0	3450	0	5084	0	476	0	542	0	0	0	520	0	0	0	0	0	0	0	0	0	0	0	0	0	0	0	0	0	0	0	0	0	0	0	0	0	0	
819164	Supp_Motor_Area_L	6436	4810	93314	26274	216	0	8380	4550	306	0	13684	3702	8878	3490	1404	984	4976	224	0	43820	0	0	11672	12866	0	224	0	0	23484	2778	11918	16820	12762	23654	898	174	4614	586	584	366	0	0	0	0	0	0	0	0	0	0	0	0	0	0	1242	162	200	118	0	0	0	0	0	0	0	0	260	0	6372	596	9304	7580	14264	5126	578	1240	8122	1470	0	0	2482	0	632	0	146	0	0	0	840	0	0	0	0	0	0	0	0	0	0	0	0	0	0	0	0	0	0	0	0	0	0	0	0	0	0	0	
660412	Supp_Motor_Area_R	876	6502	22064	58982	0	0	510	2820	0	0	210	5146	504	3466	0	2152	0	3746	43820	0	0	0	5090	21898	0	452	0	0	780	7196	5406	25174	12278	43304	422	3426	0	700	0	610	0	0	0	0	0	110	0	0	0	0	0	0	0	0	0	206	0	746	0	0	0	0	0	0	0	0	0	496	9940	9720	1518	15052	424	9068	0	1558	352	3042	0	440	0	0	0	0	0	0	0	0	0	0	0	0	0	0	0	0	0	0	0	0	0	0	0	0	0	0	0	0	0	0	0	0	0	0	0	0	
106732	Olfactory_L	0	0	1382	0	3908	2140	0	0	918	192	0	0	0	0	3080	0	0	0	0	0	0	6282	1170	0	1144	542	4026	2654	2902	0	3714	1992	0	0	0	0	0	0	360	0	994	0	0	0	0	0	0	0	0	0	0	0	0	0	0	0	0	0	0	0	0	0	0	0	0	0	0	0	0	0	8442	2278	4030	660	0	0	0	0	0	0	0	0	556	0	0	0	0	0	0	0	0	0	0	0	0	0	0	0	0	0	0	0	0	0	0	0	0	0	0	0	0	0	0	0	0	0	
125524	Olfactory_R	0	0	204	348	1668	4178	0	0	578	662	0	0	0	0	1008	1848	0	0	0	0	6282	0	218	0	286	1558	2406	5976	290	2230	2936	3664	0	0	0	0	0	0	0	160	352	558	0	0	0	0	0	0	0	0	0	0	0	0	0	0	0	0	0	0	0	0	0	0	0	0	0	0	0	0	9248	7256	5728	2164	298	492	0	0	0	0	0	0	166	0	0	0	0	0	0	0	0	0	0	0	0	0	0	0	0	0	0	0	0	0	0	0	0	0	0	0	0	0	0	0	0	0	
505132	Frontal_Sup_Medial_L	0	0	55038	9912	9008	378	12998	500	1034	0	222	0	3018	324	4000	706	0	0	11672	5090	1170	218	0	29622	4246	1302	1316	132	10570	0	32454	18838	7388	18236	0	0	234	0	192	0	622	0	0	0	0	0	0	0	0	0	0	0	0	0	0	0	0	0	0	0	0	0	0	0	0	0	0	0	0	0	2002	956	8040	450	0	0	0	0	0	0	0	0	678	0	0	0	0	0	0	0	0	0	0	0	0	0	0	0	0	0	0	0	0	0	0	0	0	0	0	0	0	0	0	0	0	0	
569268	Frontal_Sup_Medial_R	0	330	14678	48052	282	2162	2148	5824	0	0	172	644	548	1956	150	2662	94	0	12866	21898	0	0	29622	0	1014	7264	100	352	876	862	13306	47220	5154	34436	0	0	0	0	0	0	0	0	0	0	0	0	0	0	0	0	0	0	0	0	0	0	0	0	0	0	0	0	0	0	0	0	0	0	0	0	2216	17488	964	7606	0	0	298	1390	0	0	0	0	0	0	0	0	0	0	0	0	0	0	0	0	0	0	0	0	0	0	0	0	0	0	0	0	0	0	0	0	0	0	0	0	0	0	
55688	Frontal_Med_Orb_L	0	0	1960	0	4382	308	0	0	160	0	0	0	0	0	164	0	0	0	0	0	1144	286	4246	1014	0	1788	2646	188	0	0	6354	674	0	0	0	0	0	0	0	0	0	0	0	0	0	0	0	0	0	0	0	0	0	0	0	0	0	0	0	0	0	0	0	0	0	0	0	0	0	0	1252	166	1112	0	0	0	0	0	0	0	0	0	0	0	0	0	0	0	0	0	0	0	0	0	0	0	0	0	0	0	0	0	0	0	0	0	0	0	0	0	0	0	0	0	0	0	
99888	Frontal_Med_Orb_R	0	0	678	2620	310	7302	0	0	0	0	0	0	0	0	0	0	0	0	224	452	542	1558	1302	7264	1788	0	1292	6822	0	0	2792	8744	0	328	0	0	0	0	0	0	0	0	0	0	0	0	0	0	0	0	0	0	0	0	0	0	0	0	0	0	0	0	0	0	0	0	0	0	0	0	426	3182	324	1994	0	0	0	0	0	0	0	0	0	0	0	0	0	0	0	0	0	0	0	0	0	0	0	0	0	0	0	0	0	0	0	0	0	0	0	0	0	0	0	0	0	0	
84504	Rectus_L	0	0	922	0	7960	1536	0	0	1864	0	0	0	0	0	2830	0	0	0	0	0	4026	2406	1316	100	2646	1292	0	2410	590	0	3802	1124	0	0	0	0	0	0	0	0	202	0	0	0	0	0	0	0	0	0	0	0	0	0	0	0	0	0	0	0	0	0	0	0	0	0	0	0	0	0	4610	406	2104	0	0	0	0	0	0	0	0	0	106	0	0	0	0	0	0	0	0	0	0	0	0	0	0	0	0	0	0	0	0	0	0	0	0	0	0	0	0	0	0	0	0	0	
98528	Rectus_R	0	0	118	556	834	12190	0	0	292	1308	0	0	0	0	450	1882	0	0	0	0	2654	5976	132	352	188	6822	2410	0	150	886	1190	3114	0	0	0	0	0	0	0	0	186	0	0	0	0	0	0	0	0	0	0	0	0	0	0	0	0	0	0	0	0	0	0	0	0	0	0	0	0	0	2438	2652	1410	1074	0	0	0	0	0	0	0	0	0	0	0	0	0	0	0	0	0	0	0	0	0	0	0	0	0	0	0	0	0	0	0	0	0	0	0	0	0	0	0	0	0	0	
751560	Insula_L	12792	328	54312	2928	6214	150	34252	1046	4610	0	16072	300	31996	1918	20740	502	16316	0	23484	780	2902	290	10570	876	0	0	590	150	0	630	5632	1542	260	274	3646	270	20440	0	1980	0	3708	0	1940	0	0	0	768	0	0	0	1102	0	592	0	6932	0	5788	0	0	0	0	0	154	0	0	0	3030	0	252	0	8298	1544	22894	246	372	0	5032	438	9444	0	9284	0	6088	0	3280	0	306	0	5262	0	122	0	0	0	0	0	0	0	112	0	0	0	0	0	0	0	0	0	0	0	0	0	0	0	0	0	
319048	Insula_R	0	3274	1804	12844	0	448	170	4138	0	610	508	17522	582	11126	0	9198	0	9050	2778	7196	0	2230	0	862	0	0	0	886	630	0	1092	1610	0	240	0	146	0	10336	0	7700	0	2574	0	496	0	248	0	818	0	156	0	0	0	386	0	6270	0	1420	0	0	0	0	0	642	0	0	0	674	0	108	2552	4036	202	20684	0	400	160	1226	0	2418	0	3366	0	1102	0	788	0	0	0	1614	0	0	0	0	0	0	0	0	0	204	0	0	0	0	0	0	0	0	0	0	0	0	0	0	0	0	
432092	Cingulum_Ant_L	0	0	29088	6864	5402	1138	5018	740	436	96	152	1086	4284	1074	1396	182	0	0	11918	5406	3714	2936	32454	13306	6354	2792	3802	1190	5632	1092	0	26462	9850	8412	0	0	0	0	0	0	0	0	0	0	0	0	0	0	0	0	0	0	0	0	0	0	0	0	0	0	0	0	0	0	0	0	0	0	0	0	10370	3000	9098	1302	0	0	0	0	0	0	0	0	0	0	0	0	0	0	0	0	0	0	0	0	0	0	0	0	0	0	0	0	0	0	0	0	0	0	0	0	0	0	0	0	0	0	
637988	Cingulum_Ant_R	0	300	14362	44050	642	2946	1884	3944	174	98	212	922	1032	1950	376	1090	96	0	16820	25174	1992	3664	18838	47220	674	8744	1124	3114	1542	1610	26462	0	8276	31974	0	0	0	0	0	0	0	0	0	0	0	0	0	0	0	0	0	0	0	0	0	0	0	0	0	0	0	0	0	0	0	0	0	0	0	0	5104	26418	2344	11710	0	204	314	1594	0	0	0	0	0	0	0	0	0	0	0	0	0	0	0	0	0	0	0	0	0	0	0	0	0	0	0	0	0	0	0	0	0	0	0	0	0	0	
229212	Cingulum_Mid_L	0	276	7906	6256	0	0	2572	106	0	0	0	0	168	0	132	162	0	0	12762	12278	0	0	7388	5154	0	0	0	0	260	0	9850	8276	0	17460	4446	1032	0	0	0	0	0	0	134	0	1170	0	0	126	1210	0	1608	0	118	0	0	0	132	0	802	0	0	0	0	0	0	0	4690	676	4318	418	272	1568	174	432	0	0	0	274	0	0	0	0	0	0	0	0	0	0	0	0	0	0	0	0	0	0	0	0	0	0	0	0	0	0	0	0	0	0	0	0	0	0	0	0	0	0	
526980	Cingulum_Mid_R	108	1352	11960	29298	0	0	2100	1862	0	0	0	194	132	1044	0	2604	0	0	23654	43304	0	0	18236	34436	0	328	0	0	274	240	8412	31974	17460	0	1152	6060	0	242	0	0	0	0	0	1410	0	526	0	878	0	0	0	0	0	0	0	122	0	1992	0	0	0	0	0	0	0	0	106	4870	4382	7466	450	2838	274	1186	0	0	122	442	0	0	0	0	0	0	0	0	0	0	0	0	0	0	0	0	0	0	0	0	0	0	0	0	0	0	0	0	0	0	0	0	0	0	0	0	0	0	
171976	Cingulum_Post_L	3330	1082	2808	568	0	0	4004	0	0	0	486	0	0	0	0	0	534	0	898	422	0	0	0	0	0	0	0	0	3646	0	0	0	4446	1152	0	3644	10274	1478	1566	172	0	0	6978	0	1548	0	2810	206	124	0	590	0	148	0	1612	0	476	0	0	0	0	0	0	0	0	0	11982	636	5308	198	580	168	592	0	414	0	4930	2008	1004	0	812	0	0	0	1550	0	0	0	804	0	0	0	0	0	0	0	0	0	0	0	0	0	0	0	0	0	0	0	0	0	0	0	0	0	0	0	
169080	Cingulum_Post_R	290	7484	1144	1574	0	0	1276	0	0	0	0	96	0	0	0	0	0	0	174	3426	0	0	0	0	0	0	0	0	270	146	0	0	1032	6060	3644	0	946	10126	0	2066	0	0	0	1144	0	708	0	4130	0	238	0	0	0	646	0	2808	0	1300	0	0	0	0	0	0	0	0	296	11562	560	4650	1382	368	904	134	906	0	5772	6498	0	0	0	98	0	0	0	0	0	0	0	114	0	0	0	0	0	0	0	198	0	98	0	0	0	0	0	0	0	0	0	0	272	0	0	0	0	0	
392568	Hippocampus_L	11546	798	13426	488	0	0	11144	0	0	0	1200	0	162	0	158	0	1178	0	4614	0	0	0	234	0	0	0	0	0	20440	0	0	0	0	0	10274	946	0	850	17884	0	7822	0	5118	0	182	0	5780	0	0	0	436	0	916	0	21854	0	1310	0	0	0	0	0	0	0	0	0	9194	96	150	0	974	138	13864	0	1576	0	7292	984	2904	0	3884	0	1400	0	3064	0	508	0	9488	0	706	0	0	0	0	0	512	0	790	0	0	0	0	0	0	0	0	0	0	0	0	0	0	0	0	0	
422568	Hippocampus_R	96	14932	1290	2700	0	0	988	482	0	0	0	5016	0	1018	0	306	0	2192	586	700	0	0	0	0	0	0	0	0	0	10336	0	0	0	242	1478	10126	850	0	0	41512	0	9708	0	2598	0	300	0	8872	0	268	0	372	0	3386	0	39186	0	522	0	0	0	0	0	124	0	0	0	10038	0	838	392	866	270	16798	272	2786	2464	7858	0	994	0	540	0	1482	0	1386	0	124	0	2148	0	260	0	0	0	0	0	558	0	800	0	0	0	0	0	0	0	0	0	0	224	0	0	0	0	0	
137264	ParaHippocampal_L	1120	0	2450	0	98	0	1402	0	0	0	0	0	0	0	218	0	0	0	584	0	360	0	192	0	0	0	0	0	1980	0	0	0	0	0	1566	0	17884	0	0	0	2684	0	1284	0	0	0	5724	0	0	0	200	0	628	0	13880	0	0	0	0	0	0	0	0	0	0	0	3162	0	0	0	0	0	4426	0	140	0	686	0	0	0	712	0	1130	0	996	0	876	0	1426	0	688	0	0	0	0	0	1084	0	1052	0	0	0	0	0	0	0	0	0	0	0	0	0	0	0	0	0	
310152	ParaHippocampal_R	0	4502	348	1016	0	0	0	248	0	0	0	3388	0	832	0	248	0	1622	366	610	0	160	0	0	0	0	0	0	0	7700	0	0	0	0	172	2066	0	41512	0	0	0	7032	0	1890	0	0	0	8036	0	96	0	282	0	1848	0	32408	0	280	0	0	0	0	0	98	0	0	0	4544	0	136	104	290	0	12940	0	2536	228	2094	0	748	0	332	0	2862	0	1284	0	2062	0	1718	0	1192	0	0	0	144	0	2704	0	2278	0	0	0	120	0	0	0	0	0	0	0	0	0	0	0	0	
51836	Amygdala_L	0	0	734	0	502	184	0	0	0	0	0	0	0	0	412	0	0	0	0	0	994	352	622	0	0	0	202	186	3708	0	0	0	0	0	0	0	7822	0	2684	0	0	0	0	0	0	0	0	0	0	0	0	0	0	0	2256	0	0	0	0	0	0	0	0	0	0	0	0	0	0	0	642	188	1514	0	0	0	0	0	0	0	0	0	1424	0	0	0	458	0	1034	0	0	0	0	0	0	0	0	0	0	0	0	0	0	0	0	0	0	0	0	0	0	0	0	0	0	0	
61352	Amygdala_R	0	0	0	0	0	0	0	0	0	0	0	0	0	0	0	386	0	0	0	0	0	558	0	0	0	0	0	0	0	2574	0	0	0	0	0	0	0	9708	0	7032	0	0	0	0	0	0	0	0	0	0	0	0	0	0	0	4474	0	0	0	0	0	0	0	0	0	0	0	0	0	0	0	112	0	1932	0	352	0	0	0	0	0	102	0	2944	0	0	0	396	0	106	0	0	0	0	0	0	0	0	0	0	0	0	0	0	0	0	0	0	0	0	0	0	0	0	0	0	
262908	Calcarine_L	1778	0	568	0	0	0	718	0	0	0	190	0	0	0	0	0	536	0	0	0	0	0	0	0	0	0	0	0	1940	0	0	0	134	0	6978	0	5118	0	1284	0	0	0	0	10532	15412	4540	15170	3318	13000	2164	16346	442	3222	0	2494	840	848	0	538	0	222	0	214	0	0	0	17068	676	438	0	0	0	0	0	0	0	0	0	876	0	454	0	0	0	1558	0	0	0	1506	0	0	0	0	0	0	0	0	0	0	0	0	0	0	0	0	0	0	0	0	0	332	0	0	0	0	0	
326004	Calcarine_R	0	864	0	0	0	0	0	0	0	0	0	0	0	0	0	0	0	0	0	0	0	0	0	0	0	0	0	0	0	496	0	0	0	1410	0	1144	0	2598	0	1890	0	0	10532	0	3930	25868	2518	28656	146	24844	156	12356	128	3410	0	12756	0	1472	0	350	0	0	0	0	0	0	798	22146	0	1342	0	0	0	0	0	0	0	0	0	0	0	0	0	0	0	836	0	0	0	832	0	0	0	0	0	0	0	360	0	0	0	0	0	0	0	0	0	0	0	0	1038	126	0	0	0	0	
175300	Cuneus_L	176	0	0	0	0	0	0	0	0	0	0	0	0	0	0	0	0	0	0	0	0	0	0	0	0	0	0	0	0	0	0	0	1170	0	1548	0	182	0	0	0	0	0	15412	3930	0	5582	1202	704	19962	2306	12412	446	496	0	192	378	436	0	3752	0	278	0	0	0	0	0	15254	670	442	0	0	0	0	0	0	0	0	0	0	0	0	0	0	0	410	0	0	0	310	0	0	0	0	0	0	0	0	0	0	0	0	0	0	0	0	0	0	0	0	0	0	0	0	0	0	0	
267096	Cuneus_R	0	670	0	0	0	0	0	0	0	0	0	0	0	0	0	0	0	0	0	110	0	0	0	0	0	0	0	0	0	248	0	0	0	526	0	708	0	300	0	0	0	0	4540	25868	5582	0	738	5710	104	35128	0	12572	0	412	0	3328	0	1454	0	5836	0	0	0	0	0	710	2124	23826	0	598	0	0	0	0	0	0	0	0	0	0	0	0	0	0	0	1494	0	0	0	722	0	0	0	0	0	0	0	0	0	0	0	0	0	0	0	0	0	0	0	0	240	0	0	0	0	0	
295492	Lingual_L	438	0	334	0	0	0	388	0	0	0	94	0	0	0	0	0	244	0	0	0	0	0	0	0	0	0	0	0	768	0	0	0	0	0	2810	0	5780	0	5724	0	0	0	15170	2518	1202	738	0	3864	4088	538	16162	0	8964	230	21540	1994	162	0	320	0	96	0	0	0	0	0	5612	0	0	0	0	0	0	0	0	0	494	0	360	0	250	0	0	0	484	0	0	0	912	0	9022	1280	746	0	0	0	9320	874	14904	1700	0	0	0	0	0	0	0	0	0	0	4152	3470	0	0	0	0	
417504	Lingual_R	0	1446	0	0	0	0	0	0	0	0	0	192	0	0	0	0	0	400	0	0	0	0	0	0	0	0	0	0	0	818	0	0	126	878	206	4130	0	8872	0	8036	0	0	3318	28656	704	5710	3864	0	0	8698	0	5980	0	7076	1438	37506	0	930	0	0	0	0	0	0	0	0	0	12938	0	800	0	642	0	454	0	0	0	1524	0	216	0	0	0	0	0	0	0	0	0	502	3124	8584	170	0	296	156	2326	12236	6388	9838	0	0	0	0	248	0	0	0	0	0	11768	7558	0	0	0	0	
237024	Occipital_Sup_L	250	0	0	0	0	0	0	0	0	0	0	0	0	0	0	0	0	0	0	0	0	0	0	0	0	0	0	0	0	0	0	0	1210	0	124	0	0	0	0	0	0	0	13000	146	19962	104	4088	0	0	0	36036	0	1262	0	480	0	2604	0	11364	0	4852	0	0	0	1266	0	18606	0	578	0	0	0	0	0	0	0	0	0	0	0	0	0	0	0	1798	0	0	0	782	0	0	0	0	0	0	0	0	0	0	0	0	0	0	0	0	0	0	0	0	0	0	0	0	0	0	0	
275032	Occipital_Sup_R	0	480	0	0	0	0	0	0	0	0	0	0	0	0	0	0	0	0	0	0	0	0	0	0	0	0	0	0	0	156	0	0	0	0	0	238	0	268	0	96	0	0	2164	24844	2306	35128	538	8698	0	0	0	23614	0	590	0	5488	0	1580	0	6352	0	148	0	0	0	4320	1072	15096	0	348	0	0	0	0	0	0	0	0	0	0	0	0	0	0	0	1852	0	0	0	2006	0	0	0	0	0	0	0	0	0	0	0	0	0	0	0	0	0	0	0	0	134	0	0	0	0	0	
448884	Occipital_Mid_L	3700	0	452	0	0	0	168	0	0	0	0	0	0	0	0	0	434	0	0	0	0	0	0	0	0	0	0	0	1102	0	0	0	1608	0	590	0	436	0	200	0	0	0	16346	156	12412	0	16162	0	36036	0	0	0	22086	0	8286	0	8808	0	13474	0	12270	0	452	0	15218	0	17130	0	4168	0	0	0	0	0	0	0	0	0	738	0	866	0	0	0	24932	0	0	0	5536	0	158	0	0	0	0	0	118	0	400	0	0	0	0	0	0	0	0	0	0	0	0	0	0	0	0	0	
208152	Occipital_Mid_R	0	464	0	0	0	0	0	0	0	0	0	0	0	0	0	0	0	0	0	0	0	0	0	0	0	0	0	0	0	0	0	0	0	0	0	0	0	372	0	282	0	0	442	12356	446	12572	0	5980	0	23614	0	0	0	5278	0	6984	0	250	0	1086	0	318	0	224	0	10846	192	7450	0	0	0	0	0	0	0	0	0	0	0	0	0	668	0	0	0	10572	0	0	0	3298	0	0	0	0	0	0	0	124	0	0	0	0	0	0	0	0	0	0	0	0	158	100	0	0	0	0	
140048	Occipital_Inf_L	1728	0	218	0	0	0	178	0	0	0	0	0	0	0	0	0	314	0	0	0	0	0	0	0	0	0	0	0	592	0	0	0	118	0	148	0	916	0	628	0	0	0	3222	128	496	0	8964	0	1262	0	22086	0	0	0	12198	0	1356	0	0	0	236	0	158	0	168	0	1146	0	538	0	0	0	0	0	0	0	0	0	344	0	250	0	0	0	2286	0	0	0	7654	0	362	0	0	0	0	0	574	0	1412	0	0	0	0	0	0	0	0	0	0	0	176	168	0	0	0	0	
109132	Occipital_Inf_R	0	1016	0	0	0	0	0	0	0	0	0	0	0	0	0	0	0	142	0	0	0	0	0	0	0	0	0	0	0	386	0	0	0	0	0	646	0	3386	0	1848	0	0	0	3410	0	412	230	7076	0	590	0	5278	0	0	130	13028	0	98	0	0	0	0	0	0	0	0	0	1810	0	162	0	0	0	0	0	0	0	0	0	0	0	0	0	0	0	2838	0	0	0	4252	308	200	0	0	0	0	278	1744	736	1186	0	0	0	0	0	0	0	0	0	0	1680	1696	0	0	0	0	
429828	Fusiform_L	3156	0	2892	0	0	0	1786	0	0	0	196	0	122	0	266	0	980	0	1242	0	0	0	0	0	0	0	0	0	6932	0	0	0	0	0	1612	0	21854	0	13880	0	2256	0	2494	0	192	0	21540	1438	480	0	8286	0	12198	130	0	1110	994	0	0	0	0	0	0	0	0	0	3150	0	600	0	0	0	3990	0	174	0	716	0	2078	0	3760	0	3946	0	5600	0	2782	0	18912	0	19562	462	920	0	0	0	11484	584	23626	786	264	0	286	0	0	0	0	0	0	0	3082	2114	0	0	0	0	
621416	Fusiform_R	0	5992	232	466	0	0	0	112	0	0	0	2414	0	434	0	0	0	1578	162	206	0	0	0	0	0	0	0	0	0	6270	0	0	0	122	0	2808	0	39186	0	32408	0	4474	840	12756	378	3328	1994	37506	0	5488	0	6984	0	13028	1110	0	0	870	0	108	0	0	0	142	0	292	0	7524	0	656	0	206	0	6900	0	1252	162	1764	0	932	0	1430	0	5920	0	3522	0	3902	0	11982	2416	18174	130	470	246	582	1464	15180	5474	22280	0	0	0	322	290	0	0	0	0	0	8222	7520	98	0	0	0	
276836	Postcentral_L	29296	0	8510	0	0	0	3948	0	0	0	1930	0	136	0	0	0	7352	0	200	0	0	0	0	0	0	0	0	0	5788	0	0	0	132	0	476	0	1310	0	0	0	0	0	848	0	436	0	162	0	2604	0	8808	0	1356	0	994	0	0	0	8106	0	19430	0	10368	0	4152	0	4406	0	6808	0	174	0	250	0	96	0	188	0	2942	0	3066	0	0	0	3024	0	0	0	1122	0	0	0	0	0	0	0	0	0	0	0	0	0	0	0	0	0	0	0	0	0	0	0	0	0	0	0	
148200	Postcentral_R	0	13840	158	610	0	0	0	522	0	0	0	1044	0	0	0	0	0	3266	118	746	0	0	0	0	0	0	0	0	0	1420	0	0	0	1992	0	1300	0	522	0	280	0	0	0	1472	0	1454	0	930	0	1580	0	250	0	98	0	870	0	0	0	4228	0	6198	0	13222	0	586	0	8758	0	5594	0	0	0	124	0	0	0	0	0	382	0	1418	0	0	0	494	0	0	0	624	0	0	0	0	0	0	0	0	0	0	0	0	0	0	0	0	0	0	0	0	0	0	0	0	0	0	
138556	Parietal_Sup_L	648	0	478	0	0	0	0	0	0	0	0	0	0	0	0	0	0	0	0	0	0	0	0	0	0	0	0	0	0	0	0	0	802	0	0	0	0	0	0	0	0	0	538	0	3752	0	320	0	11364	0	13474	0	0	0	0	0	8106	0	0	0	11704	0	216	0	3530	0	12856	0	364	0	0	0	0	0	0	0	0	0	0	0	0	0	0	0	790	0	0	0	336	0	0	0	0	0	0	0	0	0	0	0	0	0	0	0	0	0	0	0	0	0	0	0	0	0	0	0	
73884	Parietal_Sup_R	0	138	0	0	0	0	0	0	0	0	0	0	0	0	0	0	0	0	0	0	0	0	0	0	0	0	0	0	0	0	0	0	0	0	0	0	0	0	0	0	0	0	0	350	0	5836	0	0	0	6352	0	1086	0	0	0	108	0	4228	0	0	0	3116	0	1428	0	4262	350	8740	0	630	0	0	0	0	0	0	0	0	0	0	0	0	0	0	0	130	0	0	0	188	0	0	0	0	0	0	0	0	0	0	0	0	0	0	0	0	0	0	0	0	0	0	0	0	0	0	
187864	Parietal_Inf_L	2288	0	682	0	0	0	180	0	0	0	0	0	0	0	0	0	180	0	0	0	0	0	0	0	0	0	0	0	0	0	0	0	0	0	0	0	0	0	0	0	0	0	222	0	278	0	96	0	4852	0	12270	0	236	0	0	0	19430	0	11704	0	0	0	14372	0	15152	0	2904	0	468	0	0	0	0	0	0	0	0	0	0	0	1124	0	0	0	6376	0	0	0	1118	0	0	0	0	0	0	0	0	0	0	0	0	0	0	0	0	0	0	0	0	0	0	0	0	0	0	0	
64264	Parietal_Inf_R	0	1600	0	0	0	0	0	106	0	0	0	0	0	0	0	0	0	326	0	0	0	0	0	0	0	0	0	0	0	0	0	0	0	0	0	0	0	0	0	0	0	0	0	0	0	0	0	0	0	148	0	318	0	0	0	0	0	6198	0	3116	0	0	0	9984	0	8116	0	254	0	0	0	0	0	0	0	0	0	0	0	0	0	1074	0	0	0	544	0	0	0	348	0	0	0	0	0	0	0	0	0	0	0	0	0	0	0	0	0	0	0	0	0	0	0	0	0	0	
89880	SupraMarginal_L	1520	0	0	0	0	0	0	0	0	0	0	0	0	0	0	0	1220	0	0	0	0	0	0	0	0	0	0	0	154	0	0	0	0	0	0	0	0	0	0	0	0	0	214	0	0	0	0	0	0	0	452	0	158	0	0	0	10368	0	216	0	14372	0	0	0	4458	0	156	0	308	0	0	0	0	0	0	0	0	0	0	0	5228	0	0	0	5708	0	0	0	408	0	0	0	0	0	0	0	0	0	0	0	0	0	0	0	0	0	0	0	0	0	0	0	0	0	0	0	
93000	SupraMarginal_R	0	2950	0	0	0	0	0	120	0	0	0	228	0	0	0	0	0	2862	0	0	0	0	0	0	0	0	0	0	0	642	0	0	0	0	0	0	0	124	0	98	0	0	0	0	0	0	0	0	0	0	0	224	0	0	0	142	0	13222	0	1428	0	9984	0	0	0	3538	0	628	0	0	0	0	0	0	0	0	0	0	0	164	0	7334	0	0	0	2300	0	0	0	512	0	0	0	0	0	0	0	0	0	0	0	0	0	0	0	0	0	0	0	0	0	0	0	0	0	0	
122392	Angular_L	662	0	0	0	0	0	0	0	0	0	0	0	0	0	0	0	0	0	0	0	0	0	0	0	0	0	0	0	0	0	0	0	0	0	0	0	0	0	0	0	0	0	0	0	0	0	0	0	1266	0	15218	0	168	0	0	0	4152	0	3530	0	15152	0	4458	0	0	0	1030	0	786	0	0	0	0	0	0	0	0	0	0	0	1634	0	0	0	11698	0	0	0	1442	0	0	0	0	0	0	0	0	0	0	0	0	0	0	0	0	0	0	0	0	0	0	0	0	0	0	0	
84576	Angular_R	0	0	0	0	0	0	0	0	0	0	0	0	0	0	0	0	0	0	0	0	0	0	0	0	0	0	0	0	0	0	0	0	0	0	0	0	0	0	0	0	0	0	0	0	0	710	0	0	0	4320	0	10846	0	0	0	292	0	586	0	4262	0	8116	0	3538	0	0	0	190	0	0	0	0	0	0	0	0	0	0	0	0	0	3266	0	0	0	5104	0	0	0	1058	0	0	0	0	0	0	0	0	0	0	0	0	0	0	0	0	0	0	0	0	0	0	0	0	0	0	
314840	Precuneus_L	2554	0	1212	0	0	0	1748	0	0	0	386	0	0	0	0	0	550	0	260	0	0	0	0	0	0	0	0	0	3030	0	0	0	4690	106	11982	296	9194	0	3162	0	0	0	17068	798	15254	2124	5612	0	18606	1072	17130	192	1146	0	3150	0	4406	0	12856	350	2904	0	156	0	1030	0	0	3878	2956	0	0	0	142	0	0	0	688	0	1008	0	786	0	0	0	3034	0	0	0	1484	0	214	0	0	0	0	0	0	0	206	0	0	0	0	0	0	0	0	0	0	0	0	0	0	0	0	0	
331640	Precuneus_R	0	3790	172	718	0	0	214	0	0	0	0	0	0	0	0	0	0	232	0	496	0	0	0	0	0	0	0	0	0	674	0	0	676	4870	636	11562	96	10038	0	4544	0	0	676	22146	670	23826	0	12938	0	15096	0	7450	0	1810	0	7524	0	8758	0	8740	0	254	0	628	0	190	3878	0	298	5210	0	0	0	112	0	0	732	1592	0	0	0	630	0	0	0	1780	0	0	0	1218	0	0	0	0	0	0	0	380	0	100	0	0	0	0	0	0	0	0	0	0	466	0	0	0	0	0	
161260	Paracentral_Lobule_L	8220	9202	1592	1676	0	0	104	0	0	0	0	0	0	0	0	0	100	0	6372	9940	0	0	0	0	0	0	0	0	252	0	0	0	4318	4382	5308	560	150	0	0	0	0	0	438	0	442	0	0	0	578	0	4168	0	538	0	600	0	6808	0	364	0	468	0	308	0	786	0	2956	298	0	6244	0	480	0	0	0	0	0	464	0	0	178	0	0	0	1888	0	0	0	448	0	0	0	0	0	0	0	0	0	0	0	0	0	0	0	0	0	0	0	0	0	0	0	0	0	0	0	
114264	Paracentral_Lobule_R	1122	9836	0	0	0	0	0	0	0	0	0	0	0	0	0	0	0	0	596	9720	0	0	0	0	0	0	0	0	0	108	0	0	418	7466	198	4650	0	838	0	136	0	0	0	1342	0	598	0	800	0	348	0	0	0	162	0	656	0	5594	0	630	0	0	0	0	0	0	0	5210	6244	0	0	0	0	0	0	0	0	0	0	0	0	112	0	0	0	164	0	0	0	184	0	0	0	0	0	0	0	0	0	0	0	0	0	0	0	0	0	0	0	0	0	0	0	0	0	0	
376388	Caudate_L	1004	1102	17198	4196	3874	2080	2598	2148	1270	198	2638	2092	3396	3414	3170	550	1298	112	9304	1518	8442	9248	2002	2216	1252	426	4610	2438	8298	2552	10370	5104	272	450	580	1382	974	392	0	104	642	0	0	0	0	0	0	0	0	0	0	0	0	0	0	0	174	0	0	0	0	0	0	0	0	0	0	0	0	0	0	13534	22888	5098	5016	1690	12324	2176	0	0	104	0	276	0	0	0	0	0	0	0	0	0	0	0	0	0	0	0	0	0	0	0	0	0	0	0	0	0	0	0	0	0	0	0	0	0	
483508	Caudate_R	678	12784	6704	24874	314	3706	480	6048	128	198	536	2786	582	5086	288	1508	112	220	7580	15052	2278	7256	956	17488	166	3182	406	2652	1544	4036	3000	26418	1568	2838	168	368	138	866	0	290	188	112	0	0	0	0	0	642	0	0	0	0	0	0	0	206	0	0	0	0	0	0	0	0	0	0	0	0	480	0	13534	0	6696	26248	548	4266	2018	21438	0	0	0	0	96	0	0	0	0	0	0	0	0	0	0	0	0	0	0	0	0	0	0	0	0	0	0	0	0	0	0	0	0	0	0	0	0	0	
445264	Putamen_L	5292	598	35136	1142	7080	1174	10226	212	1484	122	1296	0	886	404	4528	100	242	0	14264	424	4030	5728	8040	964	1112	324	2104	1410	22894	202	9098	2344	174	274	592	904	13864	270	4426	0	1514	0	0	0	0	0	0	0	0	0	0	0	0	0	3990	0	250	0	0	0	0	0	0	0	0	0	142	0	0	0	22888	6696	0	2666	10354	270	4704	848	106	0	1322	0	1222	0	360	0	0	0	1936	0	0	0	0	0	0	0	0	0	0	0	0	0	0	0	0	0	0	0	0	0	0	0	0	0	0	0	
423604	Putamen_R	0	3560	4560	18490	0	2264	182	4880	0	420	224	12334	272	4374	0	4328	0	4042	5126	9068	660	2164	450	7606	0	1994	0	1074	246	20684	1302	11710	432	1186	0	134	0	16798	0	12940	0	1932	0	0	0	0	0	454	0	0	0	0	0	0	0	6900	0	124	0	0	0	0	0	0	0	0	0	112	0	0	5098	26248	2666	0	0	8552	230	3780	0	248	0	550	0	426	0	156	0	0	0	144	0	0	0	0	0	0	0	144	0	534	0	0	0	0	0	0	0	0	0	0	0	0	0	0	0	0	
69472	Pallidum_L	982	592	6152	94	0	0	1592	0	0	0	0	0	0	0	0	0	0	0	578	0	0	298	0	0	0	0	0	0	372	0	0	0	0	0	414	906	1576	272	140	0	0	0	0	0	0	0	0	0	0	0	0	0	0	0	174	0	96	0	0	0	0	0	0	0	0	0	0	0	0	0	5016	548	10354	0	0	0	3590	814	0	0	0	0	0	0	0	0	0	0	176	0	0	0	0	0	0	0	0	0	0	0	0	0	0	0	0	0	0	0	0	0	0	0	0	0	0	0	
72844	Pallidum_R	0	266	1446	3726	0	0	0	1416	0	0	106	2172	118	1062	0	0	0	386	1240	1558	0	492	0	0	0	0	0	0	0	400	0	204	0	0	0	0	0	2786	0	2536	0	352	0	0	0	0	0	0	0	0	0	0	0	0	0	1252	0	0	0	0	0	0	0	0	0	0	0	0	0	0	1690	4266	270	8552	0	0	0	0	0	126	0	0	0	0	0	0	0	0	0	0	0	0	0	0	0	0	0	0	0	0	0	0	0	0	0	0	0	0	0	0	0	0	0	0	0	0	
202916	Thalamus_L	4920	3100	12240	1348	0	0	5668	0	0	0	418	0	0	0	0	0	370	0	8122	352	0	0	0	298	0	0	0	0	5032	160	0	314	0	122	4930	5772	7292	2464	686	228	0	0	0	0	0	0	494	0	0	0	0	0	0	0	716	162	188	0	0	0	0	0	0	0	0	0	688	732	0	0	12324	2018	4704	230	3590	0	0	10346	114	0	456	0	0	0	446	0	0	0	414	0	0	0	0	0	0	0	0	0	0	0	0	0	0	0	0	0	0	0	0	0	0	0	0	0	0	0	
217740	Thalamus_R	654	20910	2998	6162	0	0	1364	320	0	0	118	1028	0	130	0	0	0	1122	1470	3042	0	0	0	1390	0	0	0	0	438	1226	0	1594	274	442	2008	6498	984	7858	0	2094	0	0	0	0	0	0	0	1524	0	0	0	0	0	0	0	1764	0	0	0	0	0	0	0	0	0	0	0	1592	464	0	2176	21438	848	3780	814	0	10346	0	0	0	0	0	0	0	0	0	0	0	0	0	0	0	0	0	0	0	0	0	0	0	0	0	0	0	0	0	0	0	0	0	0	0	0	0	0	0	
78096	Heschl_L	3562	0	2716	0	0	0	1800	0	0	0	892	0	0	0	0	0	3868	0	0	0	0	0	0	0	0	0	0	0	9444	0	0	0	0	0	1004	0	2904	0	0	0	0	0	876	0	0	0	360	0	0	0	738	0	344	0	2078	0	2942	0	0	0	0	0	0	0	0	0	1008	0	0	0	0	0	106	0	0	0	114	0	0	0	2258	0	0	0	1130	0	0	0	904	0	0	0	0	0	0	0	0	0	0	0	0	0	0	0	0	0	0	0	0	0	0	0	0	0	0	0	
31408	Heschl_R	0	332	0	602	0	0	0	0	0	0	0	108	0	0	0	0	0	3450	0	440	0	0	0	0	0	0	0	0	0	2418	0	0	0	0	0	0	0	994	0	748	0	0	0	0	0	0	0	216	0	0	0	0	0	0	0	932	0	382	0	0	0	0	0	164	0	0	0	0	0	0	0	0	0	248	0	126	0	0	0	0	0	3200	0	0	0	720	0	0	0	624	0	0	0	0	0	0	0	0	0	0	0	0	0	0	0	0	0	0	0	0	0	0	0	0	0	0	
180152	Temporal_Sup_L	3944	0	2834	0	0	0	1354	0	0	0	2296	0	232	0	0	0	8534	0	2482	0	0	0	0	0	0	0	0	0	9284	0	0	0	0	0	812	0	3884	0	712	0	0	0	454	0	0	0	250	0	0	0	866	0	250	0	3760	0	3066	0	0	0	1124	0	5228	0	1634	0	786	0	178	0	104	0	1322	0	0	0	456	0	2258	0	0	0	5564	0	20540	0	0	0	5664	0	204	0	0	0	0	0	0	0	0	0	0	0	0	0	0	0	0	0	0	0	0	0	0	0	0	0	
110028	Temporal_Sup_R	0	1384	0	0	0	0	0	0	0	0	0	0	0	0	0	126	0	5084	0	0	0	0	0	0	0	0	0	0	0	3366	0	0	0	0	0	98	0	540	0	332	0	102	0	0	0	0	0	0	0	0	0	668	0	0	0	1430	0	1418	0	0	0	1074	0	7334	0	3266	0	630	0	112	0	0	0	550	0	0	0	0	0	3200	0	0	0	3692	0	16226	0	258	0	4124	0	0	0	0	0	0	0	0	0	0	0	0	0	0	0	0	0	0	0	0	0	0	0	0	0	0	
114404	Temporal_Pole_Sup_L	0	0	1926	0	676	0	712	0	618	0	1214	0	1530	0	4520	0	1324	0	632	0	556	166	678	0	0	0	106	0	6088	0	0	0	0	0	0	0	1400	0	1130	0	1424	0	0	0	0	0	0	0	0	0	0	0	0	0	3946	0	0	0	0	0	0	0	0	0	0	0	0	0	0	0	276	96	1222	0	0	0	0	0	0	0	5564	0	0	0	11140	0	4930	0	5328	0	0	0	0	0	0	0	0	0	0	0	0	0	0	0	0	0	0	0	0	0	0	0	0	0	0	0	
61620	Temporal_Pole_Sup_R	0	0	0	0	0	0	0	0	0	0	0	226	0	0	0	262	0	476	0	0	0	0	0	0	0	0	0	0	0	1102	0	0	0	0	0	0	0	1482	0	2862	0	2944	0	0	0	0	0	0	0	0	0	0	0	0	0	5920	0	0	0	0	0	0	0	0	0	0	0	0	0	0	0	0	0	426	0	0	0	0	0	0	0	3692	0	0	0	3370	0	4512	0	3536	0	0	0	0	0	0	0	0	0	0	0	0	0	0	0	0	0	0	0	0	0	0	0	0	0	0	
303676	Temporal_Mid_L	3490	0	904	0	0	0	532	0	0	0	142	0	0	0	0	0	1442	0	146	0	0	0	0	0	0	0	0	0	3280	0	0	0	0	0	1550	0	3064	0	996	0	0	0	1558	0	410	0	484	0	1798	0	24932	0	2286	0	5600	0	3024	0	790	0	6376	0	5708	0	11698	0	3034	0	1888	0	0	0	360	0	0	0	446	0	1130	0	20540	0	11140	0	0	0	4244	0	28500	0	250	0	0	0	0	0	0	0	96	0	0	0	0	0	0	0	0	0	0	0	0	0	0	0	0	0	
159596	Temporal_Mid_R	0	616	0	0	0	0	0	0	0	0	0	0	0	0	0	0	0	542	0	0	0	0	0	0	0	0	0	0	0	788	0	0	0	0	0	0	0	1386	0	1284	0	0	0	836	0	1494	0	0	0	1852	0	10572	0	2838	0	3522	0	494	0	130	0	544	0	2300	0	5104	0	1780	0	164	0	0	0	156	0	0	0	0	0	720	0	16226	0	3370	0	0	0	1472	0	21608	0	0	0	0	0	0	0	0	0	0	0	0	0	0	0	0	0	0	0	0	0	0	0	0	0	0	
37332	Temporal_Pole_Mid_L	0	0	0	0	0	0	0	0	0	0	0	0	0	0	158	0	0	0	0	0	0	0	0	0	0	0	0	0	306	0	0	0	0	0	0	0	508	0	876	0	458	0	0	0	0	0	0	0	0	0	0	0	0	0	2782	0	0	0	0	0	0	0	0	0	0	0	0	0	0	0	0	0	0	0	0	0	0	0	0	0	0	0	4930	0	4244	0	0	0	4404	0	0	0	0	0	0	0	0	0	0	0	0	0	0	0	0	0	0	0	0	0	0	0	0	0	0	0	
30024	Temporal_Pole_Mid_R	0	0	0	0	0	0	0	0	0	0	0	0	0	0	0	0	0	0	0	0	0	0	0	0	0	0	0	0	0	0	0	0	0	0	0	0	0	124	0	2062	0	396	0	0	0	0	0	0	0	0	0	0	0	0	0	3902	0	0	0	0	0	0	0	0	0	0	0	0	0	0	0	0	0	0	0	0	0	0	0	0	0	258	0	4512	0	1472	0	0	0	2286	0	0	0	0	0	0	0	0	0	0	0	0	0	0	0	0	0	0	0	0	0	0	0	0	0	0	
237124	Temporal_Inf_L	2238	0	1684	0	0	0	1200	0	0	0	200	0	0	0	142	0	782	0	840	0	0	0	0	0	0	0	0	0	5262	0	0	0	0	0	804	0	9488	0	1426	0	1034	0	1506	0	310	0	912	0	782	0	5536	0	7654	0	18912	0	1122	0	336	0	1118	0	408	0	1442	0	1484	0	448	0	0	0	1936	0	176	0	414	0	904	0	5664	0	5328	0	28500	0	4404	0	0	0	2162	0	204	0	0	0	234	0	1322	0	112	0	132	0	0	0	0	0	0	0	0	0	0	0	0	0	
142556	Temporal_Inf_R	0	1612	0	0	0	0	0	0	0	0	0	0	0	0	0	0	0	520	0	0	0	0	0	0	0	0	0	0	0	1614	0	0	0	0	0	114	0	2148	0	1718	0	106	0	832	0	722	0	502	0	2006	0	3298	0	4252	0	11982	0	624	0	188	0	348	0	512	0	1058	0	1218	0	184	0	0	0	144	0	0	0	0	0	624	0	4124	0	3536	0	21608	0	2286	0	0	0	2180	0	392	0	0	0	0	0	826	0	0	0	0	0	0	0	0	0	0	0	0	0	0	0	0	
478460	Cerebelum_Crus1_L	0	0	0	0	0	0	0	0	0	0	0	0	0	0	0	0	0	0	0	0	0	0	0	0	0	0	0	0	122	0	0	0	0	0	0	0	706	0	688	0	0	0	0	0	0	0	9022	3124	0	0	158	0	362	308	19562	2416	0	0	0	0	0	0	0	0	0	0	214	0	0	0	0	0	0	0	0	0	0	0	0	0	204	0	0	0	250	0	0	0	2162	0	0	5464	33086	3182	2890	232	23784	3436	58392	7198	13730	1428	13714	3724	1810	140	126	0	202	360	9230	9858	5228	2358	212	148	
411512	Cerebelum_Crus1_R	0	0	0	0	0	0	0	0	0	0	0	0	0	0	0	0	0	0	0	0	0	0	0	0	0	0	0	0	0	0	0	0	0	0	0	0	0	260	0	1192	0	0	0	0	0	0	1280	8584	0	0	0	0	0	200	462	18174	0	0	0	0	0	0	0	0	0	0	0	0	0	0	0	0	0	0	0	0	0	0	0	0	0	0	0	0	0	0	0	0	0	2180	5464	0	1514	28012	688	1152	3684	21376	8490	52996	738	2572	824	12450	742	284	0	0	112	624	13946	12476	4210	408	330	332	
301240	Cerebelum_Crus2_L	0	0	0	0	0	0	0	0	0	0	0	0	0	0	0	0	0	0	0	0	0	0	0	0	0	0	0	0	0	0	0	0	0	0	0	0	0	0	0	0	0	0	0	0	0	0	746	170	0	0	0	0	0	0	920	130	0	0	0	0	0	0	0	0	0	0	0	0	0	0	0	0	0	0	0	0	0	0	0	0	0	0	0	0	0	0	0	0	204	0	33086	1514	0	5816	348	322	1830	990	11832	1912	33354	2490	31906	3750	2618	434	170	0	0	266	1148	3970	6676	3304	620	94	
253508	Cerebelum_Crus2_R	0	0	0	0	0	0	0	0	0	0	0	0	0	0	0	0	0	0	0	0	0	0	0	0	0	0	0	0	0	0	0	0	0	0	0	0	0	0	0	0	0	0	0	0	0	0	0	0	0	0	0	0	0	0	0	470	0	0	0	0	0	0	0	0	0	0	0	0	0	0	0	0	0	0	0	0	0	0	0	0	0	0	0	0	0	0	0	0	0	392	3182	28012	5816	0	132	298	206	1124	1382	7830	3176	19908	2826	27700	234	3696	0	898	0	166	630	5134	10030	3080	262	170	
79892	Cerebelum_3_L	0	0	0	0	0	0	0	0	0	0	0	0	0	0	0	0	0	0	0	0	0	0	0	0	0	0	0	0	0	0	0	0	0	0	0	0	0	0	0	0	0	0	0	0	0	0	0	296	0	0	0	0	0	0	0	246	0	0	0	0	0	0	0	0	0	0	0	0	0	0	0	0	0	0	0	0	0	0	0	0	0	0	0	0	0	0	0	0	0	0	2890	688	348	132	0	302	8964	1000	5464	1142	122	106	520	224	4034	986	480	0	1140	1890	2476	2372	674	1080	1428	942	
57908	Cerebelum_3_R	0	0	0	0	0	0	0	0	0	0	0	0	0	0	0	0	0	0	0	0	0	0	0	0	0	0	0	0	0	0	0	0	0	0	0	0	0	0	0	144	0	0	0	0	0	0	0	156	0	0	0	0	0	0	0	582	0	0	0	0	0	0	0	0	0	0	0	0	0	0	0	0	0	0	0	0	0	0	0	0	0	0	0	0	0	0	0	0	0	0	232	1152	322	298	302	0	556	3636	1680	3042	316	150	854	688	1210	1952	372	0	346	1856	1086	2422	1418	1534	2342	306	
308788	Cerebelum_4_5_L	0	0	0	0	0	0	0	0	0	0	0	0	0	0	0	0	0	0	0	0	0	0	0	0	0	0	0	0	0	0	0	0	0	0	0	0	512	0	1084	0	0	0	0	0	0	0	9320	2326	0	0	118	0	574	278	11484	1464	0	0	0	0	0	0	0	0	0	0	0	0	0	0	0	0	0	0	0	0	0	0	0	0	0	0	0	0	0	0	0	0	234	0	23784	3684	1830	206	8964	556	0	5826	36112	4660	754	128	1324	286	6346	1828	680	0	974	1672	15714	5346	856	1468	1784	2218	
317388	Cerebelum_4_5_R	0	0	0	0	0	0	0	0	0	0	0	0	0	0	0	0	0	0	0	0	0	0	0	0	0	0	0	0	0	0	0	0	0	0	0	198	0	558	0	2704	0	0	0	360	0	0	874	12236	0	0	0	124	0	1744	584	15180	0	0	0	0	0	0	0	0	0	0	0	380	0	0	0	0	0	144	0	0	0	0	0	0	0	0	0	0	0	0	0	0	0	0	3436	21376	990	1124	1000	3636	5826	0	7720	31532	960	158	1962	2056	1962	1466	344	102	0	2002	22522	6620	3414	1276	1544	580	
574996	Cerebelum_6_L	0	0	0	0	0	0	0	0	0	0	0	0	0	0	0	0	0	0	0	0	0	0	0	0	0	0	0	0	112	0	0	0	0	0	0	0	790	0	1052	0	0	0	0	0	0	0	14904	6388	0	0	400	0	1412	736	23626	5474	0	0	0	0	0	0	0	0	0	0	206	0	0	0	0	0	0	0	0	0	0	0	0	0	0	0	0	0	96	0	0	0	1322	0	58392	8490	11832	1382	5464	1680	36112	7720	0	12872	6476	620	8972	4326	5962	3026	1036	162	584	1896	15938	21746	7092	3668	3568	1964	
446276	Cerebelum_6_R	0	0	0	0	0	0	0	0	0	0	0	106	0	0	0	0	0	0	0	0	0	0	0	0	0	0	0	0	0	204	0	0	0	0	0	98	0	800	0	2278	0	0	0	0	0	0	1700	9838	0	0	0	0	0	1186	786	22280	0	0	0	0	0	0	0	0	0	0	0	100	0	0	0	0	0	534	0	0	0	0	0	0	0	0	0	0	0	0	0	0	0	826	7198	52996	1912	7830	1142	3042	4660	31532	12872	0	1300	1078	1788	6178	1398	524	252	94	188	1136	17756	19326	5700	1090	796	614	
248576	Cerebelum_7b_L	0	0	0	0	0	0	0	0	0	0	0	0	0	0	0	0	0	0	0	0	0	0	0	0	0	0	0	0	0	0	0	0	0	0	0	0	0	0	0	0	0	0	0	0	0	0	0	0	0	0	0	0	0	0	264	0	0	0	0	0	0	0	0	0	0	0	0	0	0	0	0	0	0	0	0	0	0	0	0	0	0	0	0	0	0	0	0	0	112	0	13730	738	33354	3176	122	316	754	960	6476	1300	0	1460	34894	4594	4308	670	354	0	0	280	720	3948	6634	4296	714	114	
151392	Cerebelum_7b_R	0	0	0	0	0	0	0	0	0	0	0	0	0	0	0	0	0	0	0	0	0	0	0	0	0	0	0	0	0	0	0	0	0	0	0	0	0	0	0	0	0	0	0	0	0	0	0	0	0	0	0	0	0	0	0	0	0	0	0	0	0	0	0	0	0	0	0	0	0	0	0	0	0	0	0	0	0	0	0	0	0	0	0	0	0	0	0	0	0	0	1428	2572	2490	19908	106	150	128	158	620	1078	1460	0	1546	24644	390	5626	146	878	104	234	182	2922	5632	2438	538	318	
314136	Cerebelum_8_L	0	0	0	0	0	0	0	0	0	0	0	0	0	0	0	0	0	0	0	0	0	0	0	0	0	0	0	0	0	0	0	0	0	0	0	0	0	0	0	0	0	0	0	0	0	0	0	0	0	0	0	0	0	0	286	0	0	0	0	0	0	0	0	0	0	0	0	0	0	0	0	0	0	0	0	0	0	0	0	0	0	0	0	0	0	0	0	0	132	0	13714	824	31906	2826	520	854	1324	1962	8972	1788	34894	1546	0	6764	13902	2754	2364	142	458	1188	1368	5808	8130	8674	3508	460	
283960	Cerebelum_8_R	0	0	0	0	0	0	0	0	0	0	0	0	0	0	0	0	0	0	0	0	0	0	0	0	0	0	0	0	0	0	0	0	0	0	0	0	0	0	0	120	0	0	0	0	0	0	0	0	0	0	0	0	0	0	0	322	0	0	0	0	0	0	0	0	0	0	0	0	0	0	0	0	0	0	0	0	0	0	0	0	0	0	0	0	0	0	0	0	0	0	3724	12450	3750	27700	224	688	286	2056	4326	6178	4594	24644	6764	0	1396	10356	332	1396	124	550	782	8230	11690	7298	1604	396	
172420	Cerebelum_9_L	0	0	0	0	0	0	0	0	0	0	0	0	0	0	0	0	0	0	0	0	0	0	0	0	0	0	0	0	0	0	0	0	0	0	0	0	0	0	0	0	0	0	0	0	0	0	0	248	0	0	0	0	0	0	0	290	0	0	0	0	0	0	0	0	0	0	0	0	0	0	0	0	0	0	0	0	0	0	0	0	0	0	0	0	0	0	0	0	0	0	1810	742	2618	234	4034	1210	6346	1962	5962	1398	4308	390	13902	1396	0	5300	4666	0	884	2076	2450	5798	2916	5258	6850	3162	
145156	Cerebelum_9_R	0	0	0	0	0	0	0	0	0	0	0	0	0	0	0	0	0	0	0	0	0	0	0	0	0	0	0	0	0	0	0	0	0	0	0	0	0	0	0	0	0	0	0	0	0	0	0	0	0	0	0	0	0	0	0	0	0	0	0	0	0	0	0	0	0	0	0	0	0	0	0	0	0	0	0	0	0	0	0	0	0	0	0	0	0	0	0	0	0	0	140	284	434	3696	986	1952	1828	1466	3026	524	670	5626	2754	10356	5300	0	1356	1498	1148	2586	1728	5400	2414	5262	8834	3310	
41232	Cerebelum_10_L	0	0	0	0	0	0	0	0	0	0	0	0	0	0	0	0	0	0	0	0	0	0	0	0	0	0	0	0	0	0	0	0	0	0	0	0	0	0	0	0	0	0	0	0	0	0	0	0	0	0	0	0	0	0	0	0	0	0	0	0	0	0	0	0	0	0	0	0	0	0	0	0	0	0	0	0	0	0	0	0	0	0	0	0	0	0	0	0	0	0	126	0	170	0	480	372	680	344	1036	252	354	146	2364	332	4666	1356	0	0	376	750	452	1264	940	1814	1772	570	
11036	Cerebelum_10_R	0	0	0	0	0	0	0	0	0	0	0	0	0	0	0	0	0	0	0	0	0	0	0	0	0	0	0	0	0	0	0	0	0	0	0	0	0	0	0	0	0	0	0	0	0	0	0	0	0	0	0	0	0	0	0	0	0	0	0	0	0	0	0	0	0	0	0	0	0	0	0	0	0	0	0	0	0	0	0	0	0	0	0	0	0	0	0	0	0	0	0	0	0	898	0	0	0	102	162	94	0	878	142	1396	0	1498	0	0	0	0	0	172	176	0	0	0	
33728	Vermis_1_2	0	0	0	0	0	0	0	0	0	0	0	0	0	0	0	0	0	0	0	0	0	0	0	0	0	0	0	0	0	0	0	0	0	0	0	0	0	0	0	0	0	0	0	0	0	0	0	0	0	0	0	0	0	0	0	0	0	0	0	0	0	0	0	0	0	0	0	0	0	0	0	0	0	0	0	0	0	0	0	0	0	0	0	0	0	0	0	0	0	0	202	112	0	0	1140	346	974	0	584	188	0	104	458	124	884	1148	376	0	0	4506	1358	958	378	976	1212	836	
75072	Vermis_3	0	0	0	0	0	0	0	0	0	0	0	0	0	0	0	0	0	0	0	0	0	0	0	0	0	0	0	0	0	0	0	0	0	0	0	0	0	0	0	0	0	0	0	0	0	0	0	0	0	0	0	0	0	0	0	0	0	0	0	0	0	0	0	0	0	0	0	0	0	0	0	0	0	0	0	0	0	0	0	0	0	0	0	0	0	0	0	0	0	0	360	624	266	166	1890	1856	1672	2002	1896	1136	280	234	1188	550	2076	2586	750	0	4506	0	2356	2858	1566	2204	3230	1284	
322928	Vermis_4_5	0	0	0	0	0	0	0	0	0	0	0	0	0	0	0	0	0	0	0	0	0	0	0	0	0	0	0	0	0	0	0	0	0	0	0	272	0	224	0	0	0	0	332	1038	0	240	4152	11768	0	134	0	158	176	1680	3082	8222	0	0	0	0	0	0	0	0	0	0	0	466	0	0	0	0	0	0	0	0	0	0	0	0	0	0	0	0	0	0	0	0	0	0	9230	13946	1148	630	2476	1086	15714	22522	15938	17756	720	182	1368	782	2450	1728	452	0	1358	2356	0	9972	2550	1340	1444	2372	
