data	data	420148	500752	1.28519e+06	1.01818e+06	231284	172456	527116	246504	96064	33948	394872	344080	403708	194776	249452	102920	304336	160740	1.11939e+06	887548	132924	131700	569856	470532	67668	132740	80972	94536	909152	473344	444516	512108	231224	641860	205916	249616	411644	510648	212024	321156	55704	68640	380776	389172	221680	453448	363544	385992	260480	398800	506804	373292	156700	199008	554240	660204	296276	259572	174320	139620	251304	191948	123076	166108	215296	242140	380352	595668	334240	249408	452208	448232	493364	426680	84452	63860	232120	306100	204148	39944	345972	166840	132228	81492	379556	290256	41100	48508	311972	280068	549752	486192	295044	331640	104524	115364	375492	265284	587036	529128	235816	210528	372556	354792	262408	168264	32024	24964	49440	103752	249064	307584	274436	172916	159860	34236	
data	data	Precentral_L	Precentral_R	Frontal_Sup_L	Frontal_Sup_R	Frontal_Sup_Orb_L	Frontal_Sup_Orb_R	Frontal_Mid_L	Frontal_Mid_R	Frontal_Mid_Orb_L	Frontal_Mid_Orb_R	Frontal_Inf_Oper_L	Frontal_Inf_Oper_R	Frontal_Inf_Tri_L	Frontal_Inf_Tri_R	Frontal_Inf_Orb_L	Frontal_Inf_Orb_R	Rolandic_Oper_L	Rolandic_Oper_R	Supp_Motor_Area_L	Supp_Motor_Area_R	Olfactory_L	Olfactory_R	Frontal_Sup_Medial_L	Frontal_Sup_Medial_R	Frontal_Med_Orb_L	Frontal_Med_Orb_R	Rectus_L	Rectus_R	Insula_L	Insula_R	Cingulum_Ant_L	Cingulum_Ant_R	Cingulum_Mid_L	Cingulum_Mid_R	Cingulum_Post_L	Cingulum_Post_R	Hippocampus_L	Hippocampus_R	ParaHippocampal_L	ParaHippocampal_R	Amygdala_L	Amygdala_R	Calcarine_L	Calcarine_R	Cuneus_L	Cuneus_R	Lingual_L	Lingual_R	Occipital_Sup_L	Occipital_Sup_R	Occipital_Mid_L	Occipital_Mid_R	Occipital_Inf_L	Occipital_Inf_R	Fusiform_L	Fusiform_R	Postcentral_L	Postcentral_R	Parietal_Sup_L	Parietal_Sup_R	Parietal_Inf_L	Parietal_Inf_R	SupraMarginal_L	SupraMarginal_R	Angular_L	Angular_R	Precuneus_L	Precuneus_R	Paracentral_Lobule_L	Paracentral_Lobule_R	Caudate_L	Caudate_R	Putamen_L	Putamen_R	Pallidum_L	Pallidum_R	Thalamus_L	Thalamus_R	Heschl_L	Heschl_R	Temporal_Sup_L	Temporal_Sup_R	Temporal_Pole_Sup_L	Temporal_Pole_Sup_R	Temporal_Mid_L	Temporal_Mid_R	Temporal_Pole_Mid_L	Temporal_Pole_Mid_R	Temporal_Inf_L	Temporal_Inf_R	Cerebelum_Crus1_L	Cerebelum_Crus1_R	Cerebelum_Crus2_L	Cerebelum_Crus2_R	Cerebelum_3_L	Cerebelum_3_R	Cerebelum_4_5_L	Cerebelum_4_5_R	Cerebelum_6_L	Cerebelum_6_R	Cerebelum_7b_L	Cerebelum_7b_R	Cerebelum_8_L	Cerebelum_8_R	Cerebelum_9_L	Cerebelum_9_R	Cerebelum_10_L	Cerebelum_10_R	Vermis_1_2	Vermis_3	Vermis_4_5	Vermis_6	Vermis_7	Vermis_8	Vermis_9	Vermis_10	
420148	Precentral_L	0	5574	14744	7310	0	0	12658	0	0	0	10556	358	1670	276	0	0	9140	0	10080	3622	0	0	168	110	0	0	0	0	10066	286	0	0	112	240	4474	3058	7906	3608	1988	1068	0	0	428	0	480	0	1428	0	114	0	1892	0	1386	0	1762	958	32188	382	568	0	3288	0	1756	0	1238	0	1768	212	9168	324	3762	2330	2088	314	116	140	14494	6642	3822	0	4724	0	0	0	1428	0	0	0	1802	0	0	0	0	0	0	0	0	0	0	0	0	0	0	0	0	0	0	0	0	0	0	0	0	0	0	0	
500752	Precentral_R	5574	0	9026	37844	0	0	1628	4320	0	0	160	16764	0	1280	0	0	234	2898	12122	8668	0	110	504	478	0	0	0	0	1210	3050	556	0	394	3478	2612	4448	2888	9924	1238	2592	0	0	146	1492	0	2328	356	1184	0	460	0	1870	0	3698	212	6316	2238	23922	0	772	0	4274	0	5962	0	714	246	6474	1342	8214	2042	8530	2472	1964	408	0	3576	15134	498	544	166	1822	0	0	0	2846	0	0	0	3906	0	132	0	0	0	0	0	0	0	116	0	0	0	0	0	0	0	0	0	0	0	0	0	0	0	0	
1.28519e+06	Frontal_Sup_L	14744	9026	0	20870	14922	608	71434	2778	4052	0	24596	2274	33356	680	12628	0	15876	1112	109950	18916	322	160	55050	9256	1620	418	370	150	57810	1906	22144	8988	9796	4794	732	680	6224	842	1182	304	376	0	0	0	0	0	410	0	0	0	0	0	0	120	2618	318	5002	2630	0	0	184	162	0	826	192	188	228	262	5214	302	18028	6344	26404	2840	3534	644	5170	1938	7316	0	4422	252	2534	0	616	592	0	0	1130	606	156	0	0	0	0	0	214	0	252	0	0	0	0	0	0	0	0	0	0	0	0	0	0	0	0	0	
1.01818e+06	Frontal_Sup_R	7310	37844	20870	0	378	7780	3802	30120	0	228	2144	5462	1344	3134	186	2326	726	3128	32574	71868	0	252	16194	43732	230	2960	138	294	3742	8090	8924	35072	4624	26458	1490	2378	2238	8860	910	2856	0	174	0	348	0	0	274	414	0	0	0	460	0	1376	160	3308	2598	2704	0	0	122	0	0	260	0	0	208	622	3344	156	4342	28578	2846	23732	356	4962	4230	18440	422	356	188	782	150	122	0	940	0	0	0	1450	0	0	0	0	0	0	0	0	0	0	0	0	0	0	0	0	0	0	0	0	0	0	0	0	0	0	
231284	Frontal_Sup_Orb_L	0	0	14922	378	0	284	3730	0	10416	0	628	218	4500	0	13310	0	0	0	3806	172	2850	734	7512	352	4622	404	7216	510	14296	284	2674	738	144	0	0	0	134	0	0	0	242	0	0	0	0	0	0	0	0	0	0	0	0	0	0	0	0	0	0	0	0	0	0	0	0	0	0	0	0	0	4178	356	12134	196	2186	0	204	0	574	0	0	0	738	0	0	0	0	0	0	0	0	0	0	0	0	0	0	0	0	0	0	0	0	0	0	0	0	0	0	0	0	0	0	0	0	0	
172456	Frontal_Sup_Orb_R	0	0	608	7780	284	0	228	3792	0	6218	572	146	136	644	0	8994	110	0	464	1612	1344	3442	598	6084	902	7772	288	6402	874	3922	1210	4610	0	322	0	0	0	0	0	0	0	0	0	0	0	0	0	0	0	0	0	0	0	0	0	0	0	0	0	0	0	0	0	0	0	0	0	0	0	0	2146	4752	1224	7884	418	282	0	164	0	0	0	0	0	0	0	0	0	0	0	0	0	0	0	0	0	0	0	0	0	0	0	0	0	0	0	0	0	0	0	0	0	0	0	0	0	0	
527116	Frontal_Mid_L	12658	1628	71434	3802	3730	228	0	508	5262	0	15142	610	33884	378	11342	0	6264	0	11324	1798	0	0	18852	1462	198	0	0	0	19894	240	3506	1112	2790	720	480	474	2456	776	848	262	0	0	0	0	0	0	306	0	0	0	230	0	0	0	252	286	3084	324	0	0	390	0	0	0	812	0	138	218	1262	272	2226	1078	4862	690	946	208	4004	1036	3506	0	1868	0	294	0	292	432	0	0	0	480	0	0	0	0	0	0	0	0	0	0	0	0	0	0	0	0	0	0	0	0	0	0	0	0	0	0	
246504	Frontal_Mid_R	0	4320	2778	30120	0	3792	508	0	0	2082	150	9412	190	12974	0	5372	0	1120	6098	9606	0	0	2358	7598	0	0	0	0	400	3974	750	1446	522	6392	140	192	112	900	0	446	0	0	0	0	0	0	0	0	0	0	0	0	0	0	0	254	0	248	0	0	0	182	0	198	0	0	0	0	0	0	2144	684	724	3496	0	560	0	1010	0	0	0	0	0	0	0	0	0	0	0	0	0	0	0	0	0	0	0	0	0	0	0	0	0	0	0	0	0	0	0	0	0	0	0	0	0	0	
96064	Frontal_Mid_Orb_L	0	0	4052	0	10416	0	5262	0	0	0	0	0	2212	0	12958	0	0	0	144	0	474	328	788	0	784	0	2046	172	3174	0	494	316	0	0	0	0	0	0	0	0	0	0	0	0	0	0	0	0	0	0	0	0	0	0	0	0	0	0	0	0	0	0	0	0	0	0	0	0	0	0	766	0	3102	0	544	0	0	0	0	0	0	0	0	0	0	0	0	0	0	0	0	0	0	0	0	0	0	0	0	0	0	0	0	0	0	0	0	0	0	0	0	0	0	0	0	0	
33948	Frontal_Mid_Orb_R	0	0	0	228	0	6218	0	2082	0	0	0	0	0	634	0	6230	0	0	0	0	0	172	0	0	0	0	0	312	0	760	0	0	0	152	0	0	0	0	0	0	0	0	0	0	0	0	0	0	0	0	0	0	0	0	0	0	0	0	0	0	0	0	0	0	0	0	0	0	0	0	0	0	0	186	0	0	0	0	0	0	0	0	0	0	0	0	0	0	0	0	0	0	0	0	0	0	0	0	0	0	0	0	0	0	0	0	0	0	0	0	0	0	0	0	0	0	
394872	Frontal_Inf_Oper_L	10556	160	24596	2144	628	572	15142	150	0	0	0	5012	15406	1958	552	0	12900	1558	15082	2202	0	0	5758	1604	0	176	0	0	29944	5770	2250	1982	1156	1610	352	260	1800	636	0	196	0	0	0	0	0	0	0	0	0	0	260	0	0	0	496	0	7034	0	134	0	340	0	0	0	842	0	150	0	544	0	6044	2170	1888	1722	262	344	636	294	2552	0	5312	0	3310	0	274	0	0	0	204	0	116	0	0	0	0	0	222	0	174	0	0	0	0	0	0	0	0	0	0	0	0	0	0	0	0	0	
344080	Frontal_Inf_Oper_R	358	16764	2274	5462	218	146	610	9412	0	0	5012	0	4830	13028	344	618	914	7884	4956	9778	0	0	1214	1324	0	0	0	0	6862	22406	1652	3664	110	8316	480	906	464	2886	186	974	0	0	0	0	0	0	0	0	0	0	0	0	0	138	0	1080	0	5388	0	260	0	1038	0	1712	0	0	0	1986	258	3758	3934	2096	1274	7796	0	478	418	2308	410	402	224	1088	656	250	0	300	0	0	0	574	0	0	0	0	0	0	0	0	0	162	0	0	0	0	0	0	0	0	0	0	0	0	0	0	0	0	
403708	Frontal_Inf_Tri_L	1670	0	33356	1344	4500	136	33884	190	2212	0	15406	4830	0	1872	18706	0	1528	788	5390	1662	0	0	13426	1452	550	0	204	0	32468	5324	5592	1074	1736	1198	0	0	0	270	0	0	0	0	0	0	0	0	0	0	0	0	0	0	0	0	0	0	528	0	0	0	0	0	0	0	232	0	0	0	148	0	2836	1000	2972	948	192	0	0	0	234	0	594	0	1402	0	0	0	0	0	0	0	0	0	0	0	0	0	0	0	0	0	0	0	0	0	0	0	0	0	0	0	0	0	0	0	0	0	
194776	Frontal_Inf_Tri_R	276	1280	680	3134	0	644	378	12974	0	634	1958	13028	1872	0	190	6666	220	1208	3702	5168	0	0	536	1860	0	0	0	0	2794	13212	932	6168	180	6128	306	372	290	848	0	256	0	0	0	0	0	0	0	0	0	0	0	0	0	0	0	262	0	0	0	0	0	0	0	0	0	0	0	0	0	0	1362	1250	334	3480	0	730	262	948	198	0	0	144	216	178	0	0	0	0	0	130	0	0	0	0	0	0	0	0	0	0	0	0	0	0	0	0	0	0	0	0	0	0	0	0	0	0	
249452	Frontal_Inf_Orb_L	0	0	12628	186	13310	0	11342	0	12958	0	552	344	18706	190	0	0	0	0	1394	0	3456	578	4778	438	648	154	2630	374	18628	384	2592	562	418	0	0	0	528	0	594	0	476	0	0	0	0	0	0	0	0	0	0	0	0	0	254	0	0	0	0	0	0	0	0	0	0	0	0	0	0	0	2532	114	8136	0	1276	0	0	0	146	0	0	0	2476	0	254	0	356	0	334	0	0	0	0	0	0	0	0	0	0	0	0	0	0	0	0	0	0	0	0	0	0	0	0	0	0	0	
102920	Frontal_Inf_Orb_R	0	0	0	2326	0	8994	0	5372	0	6230	0	618	0	6666	0	0	0	0	466	744	0	2118	128	582	0	0	0	1352	184	9298	0	1820	0	858	0	0	0	282	0	138	0	114	0	0	0	0	0	0	0	0	0	0	0	0	0	0	0	0	0	0	0	0	0	0	0	0	0	0	0	0	0	410	0	2446	0	0	0	0	0	0	0	0	0	314	0	0	0	0	0	0	0	0	0	0	0	0	0	0	0	0	0	0	0	0	0	0	0	0	0	0	0	0	0	0	0	0	
304336	Rolandic_Oper_L	9140	234	15876	726	0	110	6264	0	0	0	12900	914	1528	220	0	0	0	356	10452	430	0	0	1680	332	0	0	0	0	25910	1188	534	676	278	282	626	396	1534	442	0	0	0	0	0	0	0	0	0	0	0	0	0	0	0	0	246	0	12378	0	0	0	718	0	4112	0	0	0	258	0	198	0	258	130	196	524	0	0	396	256	12836	0	17956	0	3620	0	3224	0	0	0	1834	0	0	0	0	0	0	0	0	0	0	0	0	0	0	0	0	0	0	0	0	0	0	0	0	0	0	0	
160740	Rolandic_Oper_R	0	2898	1112	3128	0	0	0	1120	0	0	1558	7884	788	1208	0	0	356	0	1572	4106	0	0	1570	1430	0	0	0	0	1566	15708	1694	326	0	1112	0	250	0	758	0	132	0	0	0	0	0	0	0	0	0	0	0	0	0	0	0	298	0	5276	0	0	0	0	0	2890	0	150	0	234	166	512	2132	248	1530	1852	0	0	0	160	122	4546	0	7812	114	336	0	1182	0	0	0	534	0	0	0	0	0	0	0	0	0	0	0	0	0	0	0	0	0	0	0	0	0	0	0	0	0	0	
1.11939e+06	Supp_Motor_Area_L	10080	12122	109950	32574	3806	464	11324	6098	144	0	15082	4956	5390	3702	1394	466	10452	1572	0	66780	218	0	14106	9738	248	362	212	0	32442	3684	12268	9710	16586	35880	3130	2476	5862	1010	1076	448	378	0	0	0	662	0	330	128	0	0	0	186	0	150	2570	494	4252	3150	0	154	182	480	0	1212	188	376	1618	650	20040	3114	16934	7594	22530	3322	3134	980	2840	2440	4640	134	3176	590	2166	0	442	596	0	0	1086	374	142	0	0	0	0	0	212	0	238	0	0	0	0	0	0	0	0	0	0	0	0	0	0	0	0	0	
887548	Supp_Motor_Area_R	3622	8668	18916	71868	172	1612	1798	9606	0	0	2202	9778	1662	5168	0	744	430	4106	66780	0	0	0	2792	13112	0	1554	0	280	3012	9152	5108	16424	8126	56126	2122	5470	542	3644	0	1180	0	124	0	0	112	354	0	198	0	436	0	3206	0	1384	0	2144	286	2910	0	344	0	828	0	970	0	860	404	2708	17904	14388	3606	18706	1482	18220	0	3916	1072	4522	232	504	110	1542	168	0	0	3174	0	0	0	1184	0	0	0	0	0	0	0	0	0	0	0	0	0	0	0	0	0	0	0	0	0	0	0	0	0	0	
132924	Olfactory_L	0	0	322	0	2850	1344	0	0	474	0	0	0	0	0	3456	0	0	0	218	0	0	6788	0	286	1152	2254	4030	3620	4022	0	3162	2862	0	0	0	0	1596	0	1530	0	2276	0	0	0	0	0	0	0	0	0	0	0	0	0	508	0	0	0	0	0	0	0	0	0	0	0	0	0	0	0	9680	2312	6954	682	1548	0	0	0	0	0	0	0	2536	0	0	0	0	0	0	0	0	0	0	0	0	0	0	0	0	0	0	0	0	0	0	0	0	0	0	0	0	0	0	0	0	0	
131700	Olfactory_R	0	110	160	252	734	3442	0	0	328	172	0	0	0	0	578	2118	0	0	0	0	6788	0	0	490	196	4722	1298	6404	272	2418	2960	5480	0	0	0	0	0	382	0	340	0	508	0	0	0	0	0	0	0	0	0	0	0	0	0	0	0	0	0	0	0	0	0	0	0	0	0	0	0	0	8452	7230	5192	2302	1758	138	0	462	0	0	0	0	0	164	0	0	0	0	0	0	0	0	0	0	0	0	0	0	0	0	0	0	0	0	0	0	0	0	0	0	0	0	0	0	0	0	
569856	Frontal_Sup_Medial_L	168	504	55050	16194	7512	598	18852	2358	788	0	5758	1214	13426	536	4778	128	1680	1570	14106	2792	0	0	0	31622	2968	548	714	0	15284	1254	32226	14650	8442	9208	0	0	158	0	0	0	0	0	0	0	0	0	0	0	0	0	0	0	0	0	0	0	126	0	0	0	0	0	0	0	0	0	0	0	0	0	6516	1562	7542	1060	306	0	300	348	262	476	426	544	374	0	0	0	0	0	0	0	0	0	0	0	0	0	0	0	0	0	0	0	0	0	0	0	0	0	0	0	0	0	0	0	0	0	
470532	Frontal_Sup_Medial_R	110	478	9256	43732	352	6084	1462	7598	0	0	1604	1324	1452	1860	438	582	332	1430	9738	13112	286	490	31622	0	742	6648	168	844	3236	2094	15462	28714	1298	14552	0	0	0	138	0	0	0	0	0	0	0	0	0	0	0	0	0	0	0	0	0	0	0	0	0	0	0	0	0	0	0	0	0	0	0	0	6264	10056	4600	4810	0	158	310	670	146	470	0	544	0	0	0	0	0	0	0	0	0	0	0	0	0	0	0	0	0	0	0	0	0	0	0	0	0	0	0	0	0	0	0	0	0	0	
67668	Frontal_Med_Orb_L	0	0	1620	230	4622	902	198	0	784	0	0	0	550	0	648	0	0	0	248	0	1152	196	2968	742	0	1928	3588	516	1020	0	5718	686	0	0	0	0	0	0	0	0	0	0	0	0	0	0	0	0	0	0	0	0	0	0	0	0	0	0	0	0	0	0	0	0	0	0	0	0	0	0	2324	160	2452	114	468	0	0	0	0	0	0	0	0	0	0	0	0	0	0	0	0	0	0	0	0	0	0	0	0	0	0	0	0	0	0	0	0	0	0	0	0	0	0	0	0	0	
132740	Frontal_Med_Orb_R	0	0	418	2960	404	7772	0	0	0	0	176	0	0	0	154	0	0	0	362	1554	2254	4722	548	6648	1928	0	928	6632	308	144	3018	9850	0	124	0	0	0	0	0	0	0	0	0	0	0	0	0	0	0	0	0	0	0	0	0	0	0	0	0	0	0	0	0	0	0	0	0	0	0	0	2256	7292	1374	4030	304	210	0	0	0	0	0	0	0	0	0	0	0	0	0	0	0	0	0	0	0	0	0	0	0	0	0	0	0	0	0	0	0	0	0	0	0	0	0	0	0	0	
80972	Rectus_L	0	0	370	138	7216	288	0	0	2046	0	0	0	204	0	2630	0	0	0	212	0	4030	1298	714	168	3588	928	0	1154	1530	0	2900	988	0	0	0	0	0	0	0	0	288	0	0	0	0	0	0	0	0	0	0	0	0	0	0	0	0	0	0	0	0	0	0	0	0	0	0	0	0	0	4758	278	3538	0	806	0	0	0	0	0	0	0	416	0	0	0	0	0	0	0	0	0	0	0	0	0	0	0	0	0	0	0	0	0	0	0	0	0	0	0	0	0	0	0	0	0	
94536	Rectus_R	0	0	150	294	510	6402	0	0	172	312	0	0	0	0	374	1352	0	0	0	280	3620	6404	0	844	516	6632	1154	0	220	1122	780	3492	0	0	0	0	0	0	0	0	0	0	0	0	0	0	0	0	0	0	0	0	0	0	0	0	0	0	0	0	0	0	0	0	0	0	0	0	0	0	3920	3320	2904	1484	1010	0	0	0	0	0	0	0	0	0	0	0	0	0	0	0	0	0	0	0	0	0	0	0	0	0	0	0	0	0	0	0	0	0	0	0	0	0	0	0	0	0	
909152	Insula_L	10066	1210	57810	3742	14296	874	19894	400	3174	0	29944	6862	32468	2794	18628	184	25910	1566	32442	3012	4022	272	15284	3236	1020	308	1530	220	0	7862	8532	2968	2282	1998	2618	1868	15468	2074	1948	372	2066	0	0	0	0	0	922	0	0	0	276	0	1316	0	6596	248	5336	0	0	0	0	0	264	0	0	0	1046	0	1120	0	9794	2826	23496	2136	1652	256	4814	1532	16878	0	12744	0	10168	0	2966	0	290	0	4068	0	608	0	0	0	0	0	950	0	882	0	0	0	168	0	0	0	0	0	0	0	0	0	0	0	0	0	
473344	Insula_R	286	3050	1906	8090	284	3922	240	3974	0	760	5770	22406	5324	13212	384	9298	1188	15708	3684	9152	0	2418	1254	2094	0	144	0	1122	7862	0	1690	6034	132	5206	696	1282	676	14366	264	4464	0	1392	0	0	0	0	114	280	0	0	0	0	0	280	0	10722	0	836	0	0	0	0	0	332	0	0	0	594	236	622	3222	4174	888	24008	0	420	760	2904	516	2198	246	6712	732	2116	0	1754	0	0	0	5070	0	1840	0	242	0	238	0	1152	0	3276	0	0	0	454	0	0	0	0	0	0	0	0	0	0	0	0	
444516	Cingulum_Ant_L	0	556	22144	8924	2674	1210	3506	750	494	0	2250	1652	5592	932	2592	0	534	1694	12268	5108	3162	2960	32226	15462	5718	3018	2900	780	8532	1690	0	21914	10256	7630	0	0	180	0	0	0	0	0	0	0	0	0	0	0	0	0	0	0	0	0	0	0	0	0	0	0	0	0	0	0	0	0	0	0	0	0	11922	4306	10916	2468	822	168	274	366	276	500	202	580	150	0	0	0	0	0	0	0	0	0	0	0	0	0	0	0	0	0	0	0	0	0	0	0	0	0	0	0	0	0	0	0	0	0	
512108	Cingulum_Ant_R	0	0	8988	35072	738	4610	1112	1446	316	0	1982	3664	1074	6168	562	1820	676	326	9710	16424	2862	5480	14650	28714	686	9850	988	3492	2968	6034	21914	0	3470	22234	0	0	0	400	0	154	0	0	0	0	0	0	0	0	0	0	0	0	0	0	0	110	0	0	0	0	0	0	0	0	0	0	0	0	0	0	4896	19062	1926	9446	384	492	128	638	248	0	0	0	140	0	0	0	0	0	0	0	0	0	0	0	0	0	0	0	0	0	0	0	0	0	0	0	0	0	0	0	0	0	0	0	0	0	
231224	Cingulum_Mid_L	112	394	9796	4624	144	0	2790	522	0	0	1156	110	1736	180	418	0	278	0	16586	8126	0	0	8442	1298	0	0	0	0	2282	132	10256	3470	0	15232	4542	1910	0	0	0	0	0	0	1150	0	1764	216	1050	452	492	0	798	0	0	0	0	0	266	0	646	0	184	0	0	0	0	0	6860	2064	4604	0	174	242	114	0	0	0	0	0	0	0	0	0	0	0	0	0	0	0	0	0	0	0	0	0	0	0	0	0	0	0	0	0	0	0	0	0	0	0	0	0	0	0	0	0	0	0	
641860	Cingulum_Mid_R	240	3478	4794	26458	0	322	720	6392	0	152	1610	8316	1198	6128	0	858	282	1112	35880	56126	0	0	9208	14552	0	124	0	0	1998	5206	7630	22234	15232	0	2818	8610	0	974	0	192	0	0	334	906	278	1940	260	2528	0	474	0	3458	0	1448	0	1582	0	6204	0	514	0	1722	0	1936	0	1458	1758	12756	7890	20618	832	1138	126	754	0	112	0	190	128	276	0	1536	140	0	0	3506	0	0	0	1284	0	0	0	0	0	0	0	0	0	0	0	0	0	0	0	0	0	0	0	0	0	0	0	0	0	0	
205916	Cingulum_Post_L	4474	2612	732	1490	0	0	480	140	0	0	352	480	0	306	0	0	626	0	3130	2122	0	0	0	0	0	0	0	0	2618	696	0	0	4542	2818	0	11814	9050	6622	4468	1184	0	0	2688	158	2024	0	2226	856	668	0	298	0	224	0	1232	818	508	0	152	0	0	0	0	0	0	0	10682	3190	4460	552	346	0	0	0	0	0	2814	5570	2064	0	414	0	0	0	258	0	0	0	0	0	0	0	0	0	0	0	0	0	0	0	0	0	0	0	0	0	0	0	0	0	0	0	0	0	0	0	
249616	Cingulum_Post_R	3058	4448	680	2378	0	0	474	192	0	0	260	906	0	372	0	0	396	250	2476	5470	0	0	0	0	0	0	0	0	1868	1282	0	0	1910	8610	11814	0	6774	11102	2990	3028	0	0	426	1504	112	1218	960	4310	0	190	0	1714	0	1382	198	3284	256	598	0	136	0	786	0	1428	0	418	3496	12040	756	3560	0	0	0	156	0	0	3216	6358	1436	0	306	640	0	0	152	1742	0	0	0	996	0	0	0	0	0	0	0	0	0	0	0	0	0	0	0	0	0	0	0	0	296	0	0	0	0	0	
411644	Hippocampus_L	7906	2888	6224	2238	134	0	2456	112	0	0	1800	464	0	290	528	0	1534	0	5862	542	1596	0	158	0	0	0	0	0	15468	676	180	0	0	0	9050	6774	0	6250	26382	1336	8946	0	1158	0	0	0	8776	250	0	0	228	0	426	0	17358	844	988	0	0	0	0	0	114	0	154	0	6412	1256	122	0	688	228	10932	0	800	0	11260	6092	4612	0	5076	0	2662	0	1342	0	368	0	5304	0	1154	0	0	0	902	0	3130	0	2634	0	0	0	300	0	200	0	0	0	122	136	0	0	0	0	0	0	
510648	Hippocampus_R	3608	9924	842	8860	0	0	776	900	0	0	636	2886	270	848	0	282	442	758	1010	3644	0	382	0	138	0	0	0	0	2074	14366	0	400	0	974	6622	11102	6250	0	2790	38664	0	10160	346	4176	0	1210	830	6836	0	200	0	514	0	772	218	38420	462	494	0	514	0	0	0	0	0	0	1020	9094	624	1434	506	462	0	15062	0	1734	3046	10338	1216	178	270	354	0	3126	134	308	0	190	0	4232	0	3900	0	408	0	294	0	4510	0	6716	0	0	0	616	0	154	0	0	0	0	264	0	182	180	172	0	
212024	ParaHippocampal_L	1988	1238	1182	910	0	0	848	0	0	0	0	186	0	0	594	0	0	0	1076	0	1530	0	0	0	0	0	0	0	1948	264	0	0	0	0	4468	2990	26382	2790	0	820	4634	0	1180	0	0	0	8214	186	0	0	114	0	132	0	11780	444	0	0	0	0	0	0	0	0	0	0	4472	1026	0	0	0	0	4480	0	118	0	3324	2534	166	0	250	0	2400	0	174	0	1540	0	768	0	606	0	0	0	2222	0	3328	0	1360	0	0	0	286	0	344	0	0	0	346	370	0	0	0	0	0	0	
321156	ParaHippocampal_R	1068	2592	304	2856	0	0	262	446	0	0	196	974	0	256	0	138	0	132	448	1180	0	340	0	0	0	0	0	0	372	4464	0	154	0	192	1184	3028	1336	38664	820	0	0	8244	0	2476	0	118	192	7406	0	0	0	190	0	516	0	30380	200	132	0	0	0	0	0	0	0	0	536	5926	434	246	242	208	0	6304	0	1186	626	4614	140	0	0	0	0	4078	0	136	0	1910	0	1294	0	3806	0	266	0	358	0	6952	118	6062	0	0	0	450	238	478	0	0	0	180	282	352	662	642	592	0	
55704	Amygdala_L	0	0	376	0	242	0	0	0	0	0	0	0	0	0	476	0	0	0	378	0	2276	0	0	0	0	0	288	0	2066	0	0	0	0	0	0	0	8946	0	4634	0	0	0	0	0	0	0	0	0	0	0	0	0	0	0	2404	0	0	0	0	0	0	0	0	0	0	0	0	0	0	0	434	0	2386	0	0	0	130	0	0	0	0	0	1886	0	0	0	334	0	0	0	0	0	0	0	158	0	170	0	0	0	0	0	120	0	148	0	0	0	0	0	0	0	0	0	0	0	
68640	Amygdala_R	0	0	0	174	0	0	0	0	0	0	0	0	0	0	0	114	0	0	0	124	0	508	0	0	0	0	0	0	0	1392	0	0	0	0	0	0	0	10160	0	8244	0	0	0	0	0	0	0	0	0	0	0	0	0	0	0	5766	0	0	0	0	0	0	0	0	0	0	0	0	0	0	0	288	0	2574	0	0	0	0	0	0	0	0	0	3562	0	0	0	308	0	0	0	118	0	0	0	0	0	668	0	320	0	0	0	0	0	0	0	0	0	0	0	0	0	0	0	0	
380776	Calcarine_L	428	146	0	0	0	0	0	0	0	0	0	0	0	0	0	0	0	0	0	0	0	0	0	0	0	0	0	0	0	0	0	0	1150	334	2688	426	1158	346	1180	0	0	0	0	19918	19810	16512	21116	5904	14914	9514	22952	2406	5786	984	9758	1284	0	160	1038	368	110	0	0	0	812	0	18560	5484	1234	244	0	0	0	0	0	0	0	0	0	0	0	0	0	0	1574	0	0	0	282	0	662	0	0	0	0	0	342	0	496	0	0	0	0	0	0	0	0	0	0	0	308	0	0	0	0	0	
389172	Calcarine_R	0	1492	0	348	0	0	0	0	0	0	0	0	0	0	0	0	0	0	0	0	0	0	0	0	0	0	0	0	0	0	0	0	0	906	158	1504	0	4176	0	2476	0	0	19918	0	6134	32922	2128	27020	1438	24784	534	14960	0	6868	0	9156	0	1850	0	1856	0	142	0	0	0	366	3428	25682	0	2362	0	0	0	0	0	0	0	0	0	0	0	0	0	0	0	790	0	0	0	558	0	0	0	0	0	0	0	258	0	0	0	0	0	0	0	0	0	0	0	0	372	0	0	0	0	0	
221680	Cuneus_L	480	0	0	0	0	0	0	0	0	0	0	0	0	0	0	0	0	0	662	112	0	0	0	0	0	0	0	0	0	0	0	0	1764	278	2024	112	0	0	0	0	0	0	19810	6134	0	10124	4018	524	19938	4046	9946	424	646	0	1058	112	332	0	3602	0	696	0	0	0	356	0	17850	3574	1828	0	0	0	0	0	0	0	0	0	0	0	0	0	0	0	390	0	0	0	0	0	0	0	0	0	0	0	0	0	0	0	0	0	0	0	0	0	0	0	0	0	0	0	0	0	0	0	
453448	Cuneus_R	0	2328	0	0	0	0	0	0	0	0	0	0	0	0	0	0	0	0	0	354	0	0	0	0	0	0	0	0	0	0	0	0	216	1940	0	1218	0	1210	0	118	0	0	16512	32922	10124	0	696	7780	2048	40516	418	16388	0	1490	0	2038	0	6502	0	7828	0	2654	0	844	0	7652	8276	41468	112	6506	0	0	0	0	0	0	0	0	0	0	0	156	0	0	0	4458	0	0	0	1952	0	0	0	0	0	0	0	0	0	0	0	0	0	0	0	0	0	0	0	0	0	0	0	0	0	0	
363544	Lingual_L	1428	356	410	274	0	0	306	0	0	0	0	0	0	0	0	0	0	0	330	0	0	0	0	0	0	0	0	0	922	114	0	0	1050	260	2226	960	8776	830	8214	192	0	0	21116	2128	4018	696	0	4102	4188	998	14168	614	8426	468	27490	1378	0	0	310	0	0	0	0	0	892	0	11594	752	1266	0	0	0	248	0	0	0	3710	772	768	0	240	0	0	0	1844	0	0	0	702	0	8180	896	532	274	130	0	8048	402	14418	1720	318	0	642	0	388	0	0	0	0	0	2350	3530	408	0	0	0	
385992	Lingual_R	0	1184	0	414	0	0	0	0	0	0	0	0	0	0	0	0	0	0	128	198	0	0	0	0	0	0	0	0	0	280	0	0	452	2528	856	4310	250	6836	186	7406	0	0	5904	27020	524	7780	4102	0	176	8484	434	7966	186	9180	1430	25656	0	608	0	182	0	0	0	0	0	0	1060	19756	114	1774	0	0	0	0	0	0	170	548	0	0	0	0	0	0	0	638	0	0	0	848	1404	7216	200	242	0	326	1948	5038	5086	10286	0	0	130	304	126	0	0	0	0	0	4238	6506	378	0	0	0	
260480	Occipital_Sup_L	114	0	0	0	0	0	0	0	0	0	0	0	0	0	0	0	0	0	0	0	0	0	0	0	0	0	0	0	0	0	0	0	492	0	668	0	0	0	0	0	0	0	14914	1438	19938	2048	4188	176	0	766	33990	0	2930	0	2016	0	2602	0	16608	0	6506	0	0	0	1330	0	13904	1348	3034	0	0	0	0	0	0	0	0	0	0	0	0	0	0	0	1078	0	0	0	152	0	0	0	0	0	0	0	0	0	0	0	0	0	0	0	0	0	0	0	0	0	0	0	0	0	0	0	
398800	Occipital_Sup_R	0	460	0	0	0	0	0	0	0	0	0	0	0	0	0	0	0	0	0	436	0	0	0	0	0	0	0	0	0	0	0	0	0	474	0	190	0	200	0	0	0	0	9514	24784	4046	40516	998	8484	766	0	276	32126	0	2620	0	1152	0	1528	0	10572	0	7616	0	1074	0	17954	3440	21752	0	806	0	0	0	0	0	0	0	0	0	0	0	158	0	0	0	5416	0	0	0	2042	0	0	0	0	0	0	0	0	0	0	0	0	0	0	0	0	0	0	0	0	0	0	0	0	0	0	
506804	Occipital_Mid_L	1892	0	0	0	0	0	230	0	0	0	260	0	0	0	0	0	0	0	0	0	0	0	0	0	0	0	0	0	276	0	0	0	798	0	298	0	228	0	114	0	0	0	22952	534	9946	418	14168	434	33990	276	0	0	18632	0	11446	200	4022	0	16408	0	18026	0	876	0	29652	0	11694	506	17460	0	422	0	0	0	0	0	110	0	0	0	622	0	0	0	29412	0	0	0	5620	0	188	0	0	0	0	0	0	0	874	156	0	0	0	0	0	0	0	0	0	0	0	262	0	0	0	0	
373292	Occipital_Mid_R	0	1870	0	460	0	0	0	0	0	0	0	0	0	0	0	0	0	0	186	3206	0	0	0	0	0	0	0	0	0	0	0	0	0	3458	0	1714	0	514	0	190	0	0	2406	14960	424	16388	614	7966	0	32126	0	0	0	18198	0	5712	0	658	0	4602	0	6868	0	824	0	19516	1846	15896	230	3748	0	0	0	0	0	0	0	0	0	0	0	1120	0	0	0	16762	0	0	0	4184	0	0	0	0	0	0	0	0	0	0	0	0	0	0	0	0	0	0	0	0	0	0	0	0	0	0	
156700	Occipital_Inf_L	1386	0	0	0	0	0	0	0	0	0	0	0	0	0	0	0	0	0	0	0	0	0	0	0	0	0	0	0	1316	0	0	0	0	0	224	0	426	0	132	0	0	0	5786	0	646	0	8426	186	2930	0	18632	0	0	0	16680	0	0	0	312	0	0	0	0	0	928	0	1344	0	1866	0	0	0	0	0	0	0	342	0	1034	0	694	0	0	0	6264	0	0	0	5846	0	1012	0	0	0	0	0	128	0	1274	176	0	0	0	0	0	0	0	0	0	0	0	360	0	0	0	0	
199008	Occipital_Inf_R	0	3698	120	1376	0	0	0	0	0	0	0	138	0	0	0	0	0	0	150	1384	0	0	0	0	0	0	0	0	0	280	0	0	0	1448	0	1382	0	772	0	516	0	0	984	6868	0	1490	468	9180	0	2620	0	18198	0	0	0	16574	0	220	0	126	0	538	0	708	0	1586	0	3440	0	1446	0	0	0	0	0	0	0	0	0	0	0	1158	0	0	0	8602	0	0	0	10650	0	710	0	0	0	0	0	196	288	1366	0	0	0	0	0	0	0	0	0	0	212	612	0	0	0	0	
554240	Fusiform_L	1762	212	2618	160	0	0	252	0	0	0	496	0	0	0	254	0	246	0	2570	0	508	0	0	0	0	0	0	0	6596	0	0	0	0	0	1232	198	17358	218	11780	0	2404	0	9758	0	1058	0	27490	1430	2016	0	11446	0	16680	0	0	728	0	0	356	0	0	0	0	0	960	0	5044	0	1632	0	0	0	3006	0	0	0	1390	220	1830	0	12438	0	2774	0	9110	0	2320	0	26462	0	25678	970	1030	256	792	0	14358	178	37102	1638	548	0	1300	0	420	0	224	0	0	0	1836	3364	414	0	0	0	
660204	Fusiform_R	958	6316	318	3308	0	0	286	254	0	0	0	1080	0	262	0	0	0	298	494	2144	0	0	0	0	0	0	0	0	248	10722	0	110	0	1582	818	3284	844	38420	444	30380	0	5766	1284	9156	112	2038	1378	25656	0	1152	200	5712	0	16574	728	0	198	638	0	564	0	340	0	694	0	404	446	8466	482	2116	206	174	0	4794	0	260	416	3728	0	0	0	3090	0	7640	0	2858	0	6108	0	21960	988	24232	210	1634	0	1350	780	13462	3390	31970	0	606	172	2432	356	700	0	150	0	150	2146	4914	1066	782	704	0	
296276	Postcentral_L	32188	2238	5002	2598	0	0	3084	0	0	0	7034	0	528	0	0	0	12378	0	4252	286	0	0	126	0	0	0	0	0	5336	0	0	0	266	0	508	256	988	462	0	200	0	0	0	0	332	0	0	0	2602	0	4022	0	0	0	0	198	0	0	9406	0	20618	0	8626	0	1460	0	3494	0	6096	122	518	276	210	150	0	0	356	468	4316	0	6408	0	0	0	480	0	0	0	250	0	0	0	0	0	0	0	0	0	0	0	0	0	0	0	0	0	0	0	0	0	0	0	0	0	0	0	
259572	Postcentral_R	382	23922	2630	2704	0	0	324	248	0	0	0	5388	0	0	0	0	0	5276	3150	2910	0	0	0	0	0	0	0	0	0	836	0	0	0	6204	0	598	0	494	0	132	0	0	160	1850	0	6502	0	608	0	1528	0	658	0	220	0	638	0	0	0	8204	0	8992	0	10466	0	1566	0	13248	386	14180	292	146	0	0	0	0	0	0	0	1002	0	1656	0	0	0	1224	0	0	0	1062	0	0	0	0	0	0	0	0	0	0	0	0	0	0	0	0	0	0	0	0	0	0	0	0	0	0	
174320	Parietal_Sup_L	568	0	0	0	0	0	0	0	0	0	134	0	0	0	0	0	0	0	0	0	0	0	0	0	0	0	0	0	0	0	0	0	646	0	152	0	0	0	0	0	0	0	1038	0	3602	0	310	0	16608	0	16408	0	312	0	356	0	9406	0	0	0	14288	0	0	0	1828	0	16092	766	3644	0	0	0	0	0	0	0	0	0	0	0	0	0	0	0	846	0	0	0	156	0	0	0	0	0	0	0	0	0	0	0	0	0	0	0	0	0	0	0	0	0	0	0	0	0	0	0	
139620	Parietal_Sup_R	0	772	0	0	0	0	0	0	0	0	0	260	0	0	0	0	0	0	154	344	0	0	0	0	0	0	0	0	0	0	0	0	0	514	0	136	0	514	0	0	0	0	368	1856	0	7828	0	182	0	10572	0	4602	0	126	0	564	0	8204	0	0	0	8952	0	2690	0	5110	1142	11404	0	2416	0	0	0	0	0	0	0	0	0	0	0	0	0	0	0	848	0	0	0	252	0	0	0	0	0	0	0	0	0	0	0	0	0	0	0	0	0	0	0	0	0	0	0	0	0	0	
251304	Parietal_Inf_L	3288	0	184	122	0	0	390	0	0	0	340	0	0	0	0	0	718	0	182	0	0	0	0	0	0	0	0	0	0	0	0	0	184	0	0	0	0	0	0	0	0	0	110	0	696	0	0	0	6506	0	18026	0	0	0	0	0	20618	0	14288	0	0	0	18684	0	20304	0	3268	0	5886	0	136	0	0	0	0	0	0	0	0	0	2636	0	0	0	5656	0	0	0	3430	0	0	0	0	0	0	0	0	0	0	0	0	0	0	0	0	0	0	0	0	0	0	0	0	0	0	0	
191948	Parietal_Inf_R	0	4274	162	0	0	0	0	182	0	0	0	1038	0	0	0	0	0	0	480	828	0	0	0	0	0	0	0	0	0	0	0	0	0	1722	0	786	0	0	0	0	0	0	0	142	0	2654	0	0	0	7616	0	6868	0	538	0	340	0	8992	0	8952	0	0	0	16248	0	19350	0	6454	166	2004	0	0	0	0	0	0	0	0	0	0	0	400	0	0	0	4482	0	0	0	1296	0	0	0	0	0	0	0	0	0	0	0	0	0	0	0	0	0	0	0	0	0	0	0	0	0	0	
123076	SupraMarginal_L	1756	0	0	0	0	0	0	0	0	0	0	0	0	0	0	0	4112	0	0	0	0	0	0	0	0	0	0	0	264	0	0	0	0	0	0	0	114	0	0	0	0	0	0	0	0	0	0	0	0	0	876	0	0	0	0	0	8626	0	0	0	18684	0	0	0	7522	0	0	0	806	0	0	0	0	0	0	0	0	0	496	0	7722	0	0	0	7418	0	0	0	3142	0	0	0	0	0	0	0	0	0	0	0	0	0	0	0	0	0	0	0	0	0	0	0	0	0	0	0	
166108	SupraMarginal_R	0	5962	826	260	0	0	0	198	0	0	0	1712	0	0	0	0	0	2890	1212	970	0	0	0	0	0	0	0	0	0	332	0	0	0	1936	0	1428	0	0	0	0	0	0	0	0	0	844	0	0	0	1074	0	824	0	708	0	694	0	10466	0	2690	0	16248	0	0	0	8180	0	2472	240	2152	0	0	0	0	0	0	0	0	0	128	0	7602	0	0	0	6524	0	0	0	4482	0	0	0	0	0	0	0	0	0	0	0	0	0	0	0	0	0	0	0	0	0	0	0	0	0	0	
215296	Angular_L	1238	0	192	0	0	0	812	0	0	0	842	0	232	0	0	0	0	0	188	0	0	0	0	0	0	0	0	0	0	0	0	0	0	0	0	0	154	0	0	0	0	0	812	0	356	0	892	0	1330	0	29652	0	928	0	960	0	1460	0	1828	0	20304	0	7522	0	0	0	1008	0	12148	0	148	0	136	0	118	0	0	0	0	0	1708	0	0	0	18762	0	0	0	3918	0	0	0	0	0	0	0	0	0	0	0	0	0	0	0	0	0	0	0	0	0	0	0	0	0	0	0	
242140	Angular_R	0	714	188	0	0	0	0	0	0	0	0	0	0	0	0	0	0	150	376	860	0	0	0	0	0	0	0	0	0	0	0	0	0	1458	0	418	0	0	0	0	0	0	0	366	0	7652	0	0	0	17954	0	19516	0	1586	0	404	0	1566	0	5110	0	19350	0	8180	0	0	188	10524	158	1752	0	0	0	0	0	0	0	0	0	0	0	5592	0	0	0	13944	0	0	0	3064	0	0	0	0	0	0	0	0	0	0	0	0	0	0	0	0	0	0	0	0	0	0	0	0	0	0	
380352	Precuneus_L	1768	246	228	208	0	0	138	0	0	0	150	0	0	0	0	0	258	0	1618	404	0	0	0	0	0	0	0	0	1046	0	0	0	6860	1758	10682	3496	6412	1020	4472	536	0	0	18560	3428	17850	8276	11594	1060	13904	3440	11694	1846	1344	0	5044	446	3494	0	16092	1142	3268	0	0	0	1008	188	0	15646	4804	132	0	0	0	0	0	0	980	702	894	0	156	0	0	0	1596	0	0	0	170	0	0	0	0	0	0	0	118	0	0	0	0	0	0	0	0	0	0	0	0	0	0	0	0	0	0	0	
595668	Precuneus_R	212	6474	262	622	0	0	218	0	0	0	0	1986	0	0	0	0	0	234	650	2708	0	0	0	0	0	0	0	0	0	594	0	0	2064	12756	3190	12040	1256	9094	1026	5926	0	0	5484	25682	3574	41468	752	19756	1348	21752	506	15896	0	3440	0	8466	0	13248	766	11404	0	6454	0	2472	0	10524	15646	0	508	15316	0	0	0	0	0	0	254	1162	118	134	0	420	0	0	0	5872	0	0	0	2908	0	0	0	0	0	0	0	706	0	0	0	0	0	0	0	0	0	0	0	0	486	0	0	0	0	0	
334240	Paracentral_Lobule_L	9168	1342	5214	3344	0	0	1262	0	0	0	544	258	148	0	0	0	198	166	20040	17904	0	0	0	0	0	0	0	0	1120	236	0	0	4604	7890	4460	756	122	624	0	434	0	0	1234	0	1828	112	1266	114	3034	0	17460	230	1866	0	1632	482	6096	386	3644	0	5886	166	806	240	12148	158	4804	508	0	2832	1054	624	0	466	0	0	1592	360	0	0	776	244	0	0	12368	246	0	0	2510	0	114	0	0	0	0	0	0	0	0	0	0	0	0	0	0	0	0	0	0	0	0	0	0	0	0	0	
249408	Paracentral_Lobule_R	324	8214	302	156	0	0	272	0	0	0	0	3758	0	0	0	0	0	512	3114	14388	0	0	0	0	0	0	0	0	0	622	0	0	0	20618	552	3560	0	1434	0	246	0	0	244	2362	0	6506	0	1774	0	806	0	3748	0	1446	0	2116	122	14180	0	2416	0	2004	0	2152	0	1752	132	15316	2832	0	0	200	0	0	0	0	0	0	0	286	0	1386	0	0	0	3522	0	0	0	1330	0	0	0	0	0	0	0	0	0	0	0	0	0	0	0	0	0	0	0	0	0	0	0	0	0	0	
452208	Caudate_L	3762	2042	18028	4342	4178	2146	2226	2144	766	0	6044	3934	2836	1362	2532	0	258	2132	16934	3606	9680	8452	6516	6264	2324	2256	4758	3920	9794	3222	11922	4896	174	832	346	0	688	506	0	242	434	0	0	0	0	0	0	0	0	0	422	0	0	0	0	206	518	292	0	0	136	0	0	0	148	0	0	0	1054	0	0	10980	29996	3926	5854	198	11316	2300	258	524	120	604	570	0	184	0	0	0	0	0	0	0	0	0	0	0	0	0	0	0	0	0	0	0	0	0	0	0	0	0	0	0	0	0	0	0	
448232	Caudate_R	2330	8530	6344	28578	356	4752	1078	684	0	0	2170	2096	1000	1250	114	410	130	248	7594	18706	2312	7230	1562	10056	160	7292	278	3320	2826	4174	4306	19062	242	1138	0	0	228	462	0	208	0	288	0	0	0	0	0	0	0	0	0	0	0	0	0	174	276	146	0	0	0	0	0	0	0	0	0	0	624	200	10980	0	5112	23656	946	4422	3532	22378	156	0	0	0	0	0	0	0	0	0	0	0	0	0	0	0	0	0	0	0	0	0	0	0	0	0	0	0	0	0	0	0	0	0	0	0	0	0	
493364	Putamen_L	2088	2472	26404	2846	12134	1224	4862	724	3102	0	1888	1274	2972	334	8136	0	196	1530	22530	1482	6954	5192	7542	4600	2452	1374	3538	2904	23496	888	10916	1926	114	126	0	0	10932	0	4480	0	2386	0	0	0	0	0	248	0	0	0	0	0	0	0	3006	0	210	0	0	0	0	0	0	0	136	0	0	0	0	0	29996	5112	0	2704	10586	0	1820	294	352	500	1078	578	2638	0	122	0	0	0	832	0	0	0	0	0	0	0	264	0	188	0	0	0	0	0	0	0	0	0	0	0	0	0	0	0	0	0	
426680	Putamen_R	314	1964	2840	23732	196	7884	690	3496	0	186	1722	7796	948	3480	0	2446	524	1852	3322	18220	682	2302	1060	4810	114	4030	0	1484	2136	24008	2468	9446	0	754	0	156	0	15062	0	6304	0	2574	0	0	0	0	0	0	0	0	0	0	0	0	0	4794	150	0	0	0	0	0	0	0	0	0	0	0	466	0	3926	23656	2704	0	314	8504	404	3706	142	0	0	204	116	1252	0	0	0	0	0	496	0	946	0	0	0	0	0	864	0	1694	0	0	0	0	0	0	0	0	0	0	0	0	0	0	0	0	
84452	Pallidum_L	116	408	3534	356	2186	418	946	0	544	0	262	0	192	0	1276	0	0	0	3134	0	1548	1758	306	0	468	304	806	1010	1652	0	822	384	0	0	0	0	800	0	118	0	0	0	0	0	0	0	0	0	0	0	0	0	0	0	0	0	0	0	0	0	0	0	0	0	118	0	0	0	0	0	5854	946	10586	314	0	0	1060	0	0	0	0	0	0	0	0	0	0	0	0	0	0	0	0	0	0	0	0	0	0	0	0	0	0	0	0	0	0	0	0	0	0	0	0	0	0	0	
63860	Pallidum_R	140	0	644	4962	0	282	208	560	0	0	344	478	0	730	0	0	0	0	980	3916	0	138	0	158	0	210	0	0	256	420	168	492	0	112	0	0	0	1734	0	1186	0	0	0	0	0	0	0	0	0	0	0	0	0	0	0	260	0	0	0	0	0	0	0	0	0	0	0	0	0	0	198	4422	0	8504	0	0	0	428	0	0	0	0	0	0	0	0	0	0	0	0	0	0	0	0	0	0	0	0	0	0	0	0	0	0	0	0	0	0	0	0	0	0	0	0	0	0	
232120	Thalamus_L	14494	3576	5170	4230	204	0	4004	0	0	0	636	418	0	262	0	0	396	0	2840	1072	0	0	300	310	0	0	0	0	4814	760	274	128	0	0	2814	3216	11260	3046	3324	626	130	0	0	0	0	0	3710	170	0	0	110	0	342	0	1390	416	356	0	0	0	0	0	0	0	0	0	980	254	1592	0	11316	3532	1820	404	1060	0	0	13432	3052	0	1256	0	0	0	818	0	0	0	1746	0	0	0	0	0	0	0	0	0	0	0	0	0	0	0	0	0	0	0	0	0	0	0	0	0	0	0	
306100	Thalamus_R	6642	15134	1938	18440	0	164	1036	1010	0	0	294	2308	0	948	0	0	256	160	2440	4522	0	462	348	670	0	0	0	0	1532	2904	366	638	0	190	5570	6358	6092	10338	2534	4614	0	0	0	0	0	0	772	548	0	0	0	0	0	0	220	3728	468	0	0	0	0	0	0	0	0	0	702	1162	360	0	2300	22378	294	3706	0	428	13432	0	1104	170	308	438	0	0	178	0	0	0	0	520	0	506	0	0	0	0	0	582	0	838	0	0	0	0	0	0	0	0	0	0	0	0	0	0	0	0	
204148	Heschl_L	3822	498	7316	422	574	0	3506	0	0	0	2552	410	234	198	146	0	12836	122	4640	232	0	0	262	146	0	0	0	0	16878	516	276	248	0	128	2064	1436	4612	1216	166	140	0	0	0	0	0	0	768	0	0	0	0	0	1034	0	1830	0	4316	0	0	0	0	0	496	0	0	0	894	118	0	0	258	156	352	142	0	0	3052	1104	0	0	12206	0	840	0	5716	0	0	0	3070	0	126	0	0	0	0	0	0	0	0	0	0	0	0	0	0	0	0	0	0	0	0	0	0	0	0	0	
39944	Heschl_R	0	544	0	356	0	0	0	0	0	0	0	402	0	0	0	0	0	4546	134	504	0	0	476	470	0	0	0	0	0	2198	500	0	0	276	0	0	0	178	0	0	0	0	0	0	0	0	0	0	0	0	0	0	0	0	0	0	0	1002	0	0	0	0	0	128	0	0	0	134	0	286	524	0	500	0	0	0	0	170	0	0	0	4950	0	0	0	1364	0	0	0	330	0	0	0	0	0	0	0	0	0	0	0	0	0	0	0	0	0	0	0	0	0	0	0	0	0	0	
345972	Temporal_Sup_L	4724	166	4422	188	0	0	1868	0	0	0	5312	224	594	0	0	0	17956	0	3176	110	0	0	426	0	0	0	0	0	12744	246	202	0	0	0	414	306	5076	270	250	0	0	0	0	0	0	0	240	0	0	0	622	0	694	0	12438	0	6408	0	0	0	2636	0	7722	0	1708	0	156	0	776	0	120	0	1078	0	0	0	1256	308	12206	0	0	0	5046	0	30506	0	286	0	18512	0	4078	0	0	0	0	0	1878	0	5476	0	0	0	162	0	0	0	0	0	0	0	0	0	0	0	0	0	
166840	Temporal_Sup_R	0	1822	252	782	0	0	0	0	0	0	0	1088	0	144	0	0	0	7812	590	1542	0	0	544	544	0	0	0	0	0	6712	580	0	0	1536	0	640	0	354	0	0	0	0	0	0	0	156	0	0	0	158	0	1120	0	1158	0	3090	0	1656	0	0	0	400	0	7602	0	5592	0	420	244	1386	604	0	578	204	0	0	0	438	0	4950	0	0	0	1578	0	17652	0	402	0	8714	0	134	0	0	0	0	0	0	0	242	0	0	0	0	0	0	0	0	0	0	0	0	0	0	0	0	
132228	Temporal_Pole_Sup_L	0	0	2534	150	738	0	294	0	0	0	3310	656	1402	216	2476	0	3620	114	2166	168	2536	0	374	0	0	0	416	0	10168	732	150	140	0	140	0	0	2662	0	2400	0	1886	0	0	0	0	0	0	0	0	0	0	0	0	0	2774	0	0	0	0	0	0	0	0	0	0	0	0	0	0	0	570	0	2638	116	0	0	0	0	840	0	5046	0	0	0	4980	0	5554	0	4148	0	0	0	0	0	0	0	0	0	0	0	0	0	0	0	0	0	0	0	0	0	0	0	0	0	0	0	
81492	Temporal_Pole_Sup_R	0	0	0	122	0	0	0	0	0	0	0	250	0	178	0	314	0	336	0	0	0	164	0	0	0	0	0	0	0	2116	0	0	0	0	0	0	0	3126	0	4078	0	3562	0	0	0	0	0	0	0	0	0	0	0	0	0	7640	0	0	0	0	0	0	0	0	0	0	0	0	0	0	0	0	0	1252	0	0	0	0	0	0	0	1578	0	0	0	3012	0	8462	0	4036	0	0	0	0	0	0	0	334	0	186	0	0	0	0	0	0	0	0	0	0	0	0	0	0	0	0	
379556	Temporal_Mid_L	1428	0	616	0	0	0	292	0	0	0	274	0	0	0	254	0	3224	0	442	0	0	0	0	0	0	0	0	0	2966	0	0	0	0	0	258	152	1342	134	174	0	0	0	1574	0	390	0	1844	0	1078	0	29412	0	6264	0	9110	0	480	0	846	0	5656	0	7418	0	18762	0	1596	0	12368	0	184	0	122	0	0	0	818	178	5716	0	30506	0	4980	0	0	0	4566	0	29318	0	2282	0	0	0	0	0	238	0	2516	0	0	0	0	0	0	0	0	0	0	0	0	0	0	0	0	0	
290256	Temporal_Mid_R	0	2846	592	940	0	0	432	0	0	0	0	300	0	0	0	0	0	1182	596	3174	0	0	0	0	0	0	0	0	0	1754	0	0	0	3506	0	1742	0	308	0	136	0	0	0	790	0	4458	0	638	0	5416	0	16762	0	8602	0	2858	0	1224	0	848	0	4482	0	6524	0	13944	0	5872	246	3522	0	0	0	0	0	0	0	0	0	1364	0	17652	0	3012	0	0	0	2276	0	26532	0	196	0	134	0	0	0	0	0	0	0	132	0	136	0	0	0	0	0	0	0	0	0	0	0	0	
41100	Temporal_Pole_Mid_L	0	0	0	0	0	0	0	0	0	0	0	0	0	0	356	0	0	0	0	0	0	0	0	0	0	0	0	0	290	0	0	0	0	0	0	0	368	0	1540	0	334	0	0	0	0	0	0	0	0	0	0	0	0	0	2320	0	0	0	0	0	0	0	0	0	0	0	0	0	0	0	0	0	0	0	0	0	0	0	0	0	286	0	5554	0	4566	0	0	0	4936	0	0	0	0	0	0	0	0	0	0	0	0	0	0	0	0	0	0	0	0	0	0	0	0	0	0	0	
48508	Temporal_Pole_Mid_R	0	0	0	0	0	0	0	0	0	0	0	0	0	0	0	0	0	0	0	0	0	0	0	0	0	0	0	0	0	0	0	0	0	0	0	0	0	190	0	1910	0	308	0	0	0	0	0	0	0	0	0	0	0	0	0	6108	0	0	0	0	0	0	0	0	0	0	0	0	0	0	0	0	0	0	0	0	0	0	0	0	0	402	0	8462	0	2276	0	0	0	4598	0	0	0	0	0	0	0	0	0	0	0	0	0	0	0	0	0	0	0	0	0	0	0	0	0	0	
311972	Temporal_Inf_L	1802	0	1130	0	0	0	0	0	0	0	204	0	0	0	334	0	1834	0	1086	0	0	0	0	0	0	0	0	0	4068	0	0	0	0	0	0	0	5304	0	768	0	0	0	282	0	0	0	702	0	152	0	5620	0	5846	0	26462	0	250	0	156	0	3430	0	3142	0	3918	0	170	0	2510	0	0	0	832	0	0	0	1746	0	3070	0	18512	0	4148	0	29318	0	4936	0	0	0	9842	0	632	0	180	0	2748	0	9732	0	374	0	458	0	0	0	288	0	0	0	0	0	0	0	0	0	
280068	Temporal_Inf_R	0	3906	606	1450	0	0	480	0	0	0	0	574	0	130	0	0	0	534	374	1184	0	0	0	0	0	0	0	0	0	5070	0	0	0	1284	0	996	0	4232	0	1294	0	0	0	558	0	1952	0	848	0	2042	0	4184	0	10650	0	21960	0	1062	0	252	0	1296	0	4482	0	3064	0	2908	0	1330	0	0	0	496	0	0	0	520	0	330	0	8714	0	4036	0	26532	0	4598	0	0	0	7092	0	1524	0	352	0	622	0	3676	0	1018	0	1692	0	130	0	0	0	0	0	0	0	0	0	0	
549752	Cerebelum_Crus1_L	0	0	156	0	0	0	0	0	0	0	116	0	0	0	0	0	0	0	142	0	0	0	0	0	0	0	0	0	608	0	0	0	0	0	0	0	1154	0	606	0	0	0	662	0	0	0	8180	1404	0	0	188	0	1012	0	25678	988	0	0	0	0	0	0	0	0	0	0	0	0	114	0	0	0	0	0	0	0	0	0	126	0	4078	0	0	0	2282	0	0	0	9842	0	0	3280	32636	3902	3570	960	22378	1726	61324	4968	13790	2702	20240	2414	9290	282	1830	0	592	1144	6728	8686	10028	2092	2128	850	
486192	Cerebelum_Crus1_R	0	132	0	0	0	0	0	0	0	0	0	0	0	0	0	0	0	0	0	0	0	0	0	0	0	0	0	0	0	1840	0	0	0	0	0	0	0	3900	0	3806	0	118	0	0	0	0	896	7216	0	0	0	0	0	710	970	24232	0	0	0	0	0	0	0	0	0	0	0	0	0	0	0	0	0	946	0	0	0	506	0	0	0	134	0	0	0	196	0	0	0	7092	3280	0	1274	28002	634	3846	4300	19172	7246	57916	632	7692	1588	21426	1322	2276	0	138	410	1742	8572	10108	6466	1294	1066	0	
295044	Cerebelum_Crus2_L	0	0	0	0	0	0	0	0	0	0	0	0	0	0	0	0	0	0	0	0	0	0	0	0	0	0	0	0	0	0	0	0	0	0	0	0	0	0	0	0	0	0	0	0	0	0	532	200	0	0	0	0	0	0	1030	210	0	0	0	0	0	0	0	0	0	0	0	0	0	0	0	0	0	0	0	0	0	0	0	0	0	0	0	0	0	0	0	0	632	0	32636	1274	0	5960	562	174	2240	258	6790	1230	32952	3526	29936	2256	7928	482	1698	184	0	130	544	1886	8210	2248	1588	226	
331640	Cerebelum_Crus2_R	0	0	0	0	0	0	0	0	0	0	0	0	0	0	0	0	0	0	0	0	0	0	0	0	0	0	0	0	0	242	0	0	0	0	0	0	0	408	0	266	0	0	0	0	0	0	274	242	0	0	0	0	0	0	256	1634	0	0	0	0	0	0	0	0	0	0	0	0	0	0	0	0	0	0	0	0	0	0	0	0	0	0	0	0	0	134	0	0	0	1524	3902	28002	5960	0	352	864	706	1088	1294	7222	2948	32330	2784	41760	1444	8276	0	252	208	598	794	2216	11284	3694	2374	488	
104524	Cerebelum_3_L	0	0	0	0	0	0	0	0	0	0	0	0	0	0	0	0	0	0	0	0	0	0	0	0	0	0	0	0	0	0	0	0	0	0	0	0	902	0	2222	0	158	0	0	0	0	0	130	0	0	0	0	0	0	0	792	0	0	0	0	0	0	0	0	0	0	0	0	0	0	0	0	0	0	0	0	0	0	0	0	0	0	0	0	0	0	0	0	0	180	0	3570	634	562	352	0	962	11080	944	4956	1646	408	154	3330	586	4838	332	212	0	1486	2690	2532	3042	2396	600	566	0	
115364	Cerebelum_3_R	0	0	0	0	0	0	0	0	0	0	0	0	0	0	0	0	0	0	0	0	0	0	0	0	0	0	0	0	0	238	0	0	0	0	0	0	0	294	0	358	0	0	0	0	0	0	0	326	0	0	0	0	0	0	0	1350	0	0	0	0	0	0	0	0	0	0	0	0	0	0	0	0	0	0	0	0	0	0	0	0	0	0	0	0	0	0	0	0	0	352	960	3846	174	864	962	0	2732	6912	1924	8766	120	0	774	2010	1602	1724	0	140	1784	5410	4328	2926	2112	2416	1900	378	
375492	Cerebelum_4_5_L	0	0	214	0	0	0	0	0	0	0	222	0	0	0	0	0	0	0	212	0	0	0	0	0	0	0	0	0	950	0	0	0	0	0	0	0	3130	0	3328	0	170	0	342	0	0	0	8048	1948	0	0	0	0	128	0	14358	780	0	0	0	0	0	0	0	0	0	0	118	0	0	0	0	0	264	0	0	0	0	0	0	0	1878	0	0	0	238	0	0	0	2748	0	22378	4300	2240	706	11080	2732	0	4248	36536	7252	1196	202	6770	1338	7282	970	810	0	1888	4138	16296	8972	3164	1352	1692	1128	
265284	Cerebelum_4_5_R	0	0	0	0	0	0	0	0	0	0	0	0	0	0	0	0	0	0	0	0	0	0	0	0	0	0	0	0	0	1152	0	0	0	0	0	0	0	4510	0	6952	0	668	0	258	0	0	402	5038	0	0	0	0	0	196	178	13462	0	0	0	0	0	0	0	0	0	0	0	706	0	0	0	0	0	864	0	0	0	582	0	0	0	0	0	334	0	0	0	0	0	622	1726	19172	258	1088	944	6912	4248	0	3298	31416	120	0	1002	2240	1294	966	0	200	140	2116	10766	2822	2116	2220	1534	120	
587036	Cerebelum_6_L	0	0	252	0	0	0	0	0	0	0	174	0	0	0	0	0	0	0	238	0	0	0	0	0	0	0	0	0	882	0	0	0	0	0	0	0	2634	0	1360	118	0	0	496	0	0	0	14418	5086	0	0	874	0	1274	288	37102	3390	0	0	0	0	0	0	0	0	0	0	0	0	0	0	0	0	188	0	0	0	0	0	0	0	5476	0	0	0	2516	0	0	0	9732	0	61324	7246	6790	1294	4956	1924	36536	3298	0	12356	4408	276	11084	1370	8822	836	1606	0	784	1914	12336	18836	5282	1364	1936	442	
529128	Cerebelum_6_R	0	116	0	0	0	0	0	0	0	0	0	162	0	0	0	0	0	0	0	0	0	0	0	0	0	0	0	0	0	3276	0	0	0	0	0	0	0	6716	0	6062	0	320	0	0	0	0	1720	10286	0	0	156	0	176	1366	1638	31970	0	0	0	0	0	0	0	0	0	0	0	0	0	0	0	0	0	1694	0	0	0	838	0	0	0	242	0	186	0	0	0	0	0	3676	4968	57916	1230	7222	1646	8766	7252	31416	12356	0	598	496	2190	8254	3214	1190	290	230	660	3398	13868	16662	5406	2640	1828	268	
235816	Cerebelum_7b_L	0	0	0	0	0	0	0	0	0	0	0	0	0	0	0	0	0	0	0	0	0	0	0	0	0	0	0	0	0	0	0	0	0	0	0	0	0	0	0	0	0	0	0	0	0	0	318	0	0	0	0	0	0	0	548	0	0	0	0	0	0	0	0	0	0	0	0	0	0	0	0	0	0	0	0	0	0	0	0	0	0	0	0	0	0	0	0	0	374	0	13790	632	32952	2948	408	120	1196	120	4408	598	0	2562	32124	2792	7182	772	1182	288	0	114	160	1174	6426	3020	1700	0	
210528	Cerebelum_7b_R	0	0	0	0	0	0	0	0	0	0	0	0	0	0	0	0	0	0	0	0	0	0	0	0	0	0	0	0	0	0	0	0	0	0	0	0	0	0	0	0	0	0	0	0	0	0	0	0	0	0	0	0	0	0	0	606	0	0	0	0	0	0	0	0	0	0	0	0	0	0	0	0	0	0	0	0	0	0	0	0	0	0	0	0	0	132	0	0	0	1018	2702	7692	3526	32330	154	0	202	0	276	496	2562	0	2298	31904	660	7198	0	142	0	118	146	540	5594	3354	1236	378	
372556	Cerebelum_8_L	0	0	0	0	0	0	0	0	0	0	0	0	0	0	0	0	0	0	0	0	0	0	0	0	0	0	0	0	168	0	0	0	0	0	0	0	300	0	286	0	120	0	0	0	0	0	642	130	0	0	0	0	0	0	1300	172	0	0	0	0	0	0	0	0	0	0	0	0	0	0	0	0	0	0	0	0	0	0	0	0	162	0	0	0	0	0	0	0	458	0	20240	1588	29936	2784	3330	774	6770	1002	11084	2190	32124	2298	0	5432	26532	2064	3072	574	680	1088	3044	4948	9094	7156	4610	126	
354792	Cerebelum_8_R	0	0	0	0	0	0	0	0	0	0	0	0	0	0	0	0	0	0	0	0	0	0	0	0	0	0	0	0	0	454	0	0	0	0	0	0	0	616	0	450	0	0	0	0	0	0	0	304	0	0	0	0	0	0	0	2432	0	0	0	0	0	0	0	0	0	0	0	0	0	0	0	0	0	0	0	0	0	0	0	0	0	0	0	0	0	136	0	0	0	1692	2414	21426	2256	41760	586	2010	1338	2240	1370	8254	2792	31904	5432	0	3044	17336	112	774	426	1480	1586	2544	7370	7850	4506	502	
