data	data	513732	303460	966708	695868	215772	141332	485860	317664	115696	48968	263084	293916	307088	173028	248360	107856	243596	168712	772244	531584	106936	131876	422684	425908	82016	129884	86884	125460	625608	373572	436752	550948	275432	458320	182400	192796	225104	353720	139704	259404	61532	62248	317808	351368	193972	365844	358580	324924	215180	412012	472980	262332	197392	227396	361272	609312	301004	281432	96768	151400	245340	124740	155196	127904	170828	126084	491120	583620	200892	238944	308864	401800	376404	398828	64908	25300	132576	138904	67564	54232	282160	169432	124056	43656	332632	296384	32480	37340	269416	345604	506796	443576	477124	475152	29624	65616	283184	238380	430412	407728	239368	169436	300224	333184	152900	181660	28044	16672	14372	59368	197120	198460	281868	142228	115204	27856	
data	data	Precentral_L	Precentral_R	Frontal_Sup_L	Frontal_Sup_R	Frontal_Sup_Orb_L	Frontal_Sup_Orb_R	Frontal_Mid_L	Frontal_Mid_R	Frontal_Mid_Orb_L	Frontal_Mid_Orb_R	Frontal_Inf_Oper_L	Frontal_Inf_Oper_R	Frontal_Inf_Tri_L	Frontal_Inf_Tri_R	Frontal_Inf_Orb_L	Frontal_Inf_Orb_R	Rolandic_Oper_L	Rolandic_Oper_R	Supp_Motor_Area_L	Supp_Motor_Area_R	Olfactory_L	Olfactory_R	Frontal_Sup_Medial_L	Frontal_Sup_Medial_R	Frontal_Med_Orb_L	Frontal_Med_Orb_R	Rectus_L	Rectus_R	Insula_L	Insula_R	Cingulum_Ant_L	Cingulum_Ant_R	Cingulum_Mid_L	Cingulum_Mid_R	Cingulum_Post_L	Cingulum_Post_R	Hippocampus_L	Hippocampus_R	ParaHippocampal_L	ParaHippocampal_R	Amygdala_L	Amygdala_R	Calcarine_L	Calcarine_R	Cuneus_L	Cuneus_R	Lingual_L	Lingual_R	Occipital_Sup_L	Occipital_Sup_R	Occipital_Mid_L	Occipital_Mid_R	Occipital_Inf_L	Occipital_Inf_R	Fusiform_L	Fusiform_R	Postcentral_L	Postcentral_R	Parietal_Sup_L	Parietal_Sup_R	Parietal_Inf_L	Parietal_Inf_R	SupraMarginal_L	SupraMarginal_R	Angular_L	Angular_R	Precuneus_L	Precuneus_R	Paracentral_Lobule_L	Paracentral_Lobule_R	Caudate_L	Caudate_R	Putamen_L	Putamen_R	Pallidum_L	Pallidum_R	Thalamus_L	Thalamus_R	Heschl_L	Heschl_R	Temporal_Sup_L	Temporal_Sup_R	Temporal_Pole_Sup_L	Temporal_Pole_Sup_R	Temporal_Mid_L	Temporal_Mid_R	Temporal_Pole_Mid_L	Temporal_Pole_Mid_R	Temporal_Inf_L	Temporal_Inf_R	Cerebelum_Crus1_L	Cerebelum_Crus1_R	Cerebelum_Crus2_L	Cerebelum_Crus2_R	Cerebelum_3_L	Cerebelum_3_R	Cerebelum_4_5_L	Cerebelum_4_5_R	Cerebelum_6_L	Cerebelum_6_R	Cerebelum_7b_L	Cerebelum_7b_R	Cerebelum_8_L	Cerebelum_8_R	Cerebelum_9_L	Cerebelum_9_R	Cerebelum_10_L	Cerebelum_10_R	Vermis_1_2	Vermis_3	Vermis_4_5	Vermis_6	Vermis_7	Vermis_8	Vermis_9	Vermis_10	
513732	Precentral_L	0	2186	31332	830	118	0	26032	456	0	0	11006	174	1554	0	330	0	8754	114	22414	2880	0	0	1168	216	0	0	0	0	12118	94	3838	982	582	464	4790	3234	6346	2264	1138	650	94	0	148	0	108	0	136	0	0	0	854	0	184	0	930	298	31264	586	210	0	8482	0	5482	0	416	0	1122	196	6954	1548	10118	1722	12058	262	4046	0	13994	2722	3106	0	2000	0	482	0	476	0	0	0	804	0	0	0	0	0	0	0	0	0	0	0	0	0	0	0	0	0	0	0	0	0	0	0	0	0	0	0	
303460	Precentral_R	2186	0	3812	6606	204	0	258	11196	0	0	604	11796	176	892	0	102	130	3006	4600	4330	198	588	0	384	0	0	0	0	626	4432	226	1388	972	692	842	1716	292	6086	0	1168	0	92	0	0	0	400	0	168	0	952	0	0	0	1240	0	2416	170	21290	0	1246	0	2556	0	2734	0	664	1074	2452	706	4298	804	8866	282	5932	0	636	1394	16654	0	394	0	658	0	0	0	1306	0	0	0	2484	0	110	0	0	0	0	0	104	0	140	0	0	0	0	0	0	0	0	0	0	0	0	0	0	0	0	
966708	Frontal_Sup_L	31332	3812	0	7370	16598	0	70816	1138	4186	0	12774	714	21886	168	8966	0	5944	304	87938	9712	372	252	44624	7340	2994	370	2080	0	32582	370	24830	6852	4022	4874	0	88	2180	0	1192	0	224	0	0	0	0	0	0	0	0	0	0	0	0	0	308	0	3144	596	0	0	2280	0	750	0	238	0	0	0	1396	574	12470	3082	23258	992	5356	0	3664	298	110	0	2720	0	2528	0	126	0	0	0	560	0	0	0	0	0	0	0	0	0	0	0	0	0	0	0	0	0	0	0	0	0	0	0	0	0	0	0	
695868	Frontal_Sup_R	830	6606	7370	0	362	8836	786	42430	190	2288	932	15580	844	8652	400	3034	0	2878	14270	45230	0	324	14178	44162	196	3080	288	1992	1166	11352	7364	42018	2018	15162	0	0	0	678	0	122	0	0	0	0	0	0	0	0	0	0	0	0	0	0	0	128	146	1752	0	168	0	210	0	208	0	0	0	0	2006	128	626	19784	350	13286	0	818	0	2706	0	0	0	0	0	0	0	0	0	0	0	0	0	0	0	0	0	0	0	0	0	0	0	0	0	0	0	0	0	0	0	0	0	0	0	0	0	0	
215772	Frontal_Sup_Orb_L	118	204	16598	362	0	0	2288	0	14914	0	130	0	3218	0	14066	0	0	0	1240	154	4452	322	6228	282	6032	662	7610	256	9874	0	6046	378	208	0	0	0	0	0	118	0	1858	0	0	0	0	0	0	0	0	0	0	0	0	0	0	0	0	0	0	0	0	0	0	0	0	0	0	0	0	0	3044	998	5202	0	0	0	0	0	0	0	0	0	1024	0	0	0	0	0	0	0	0	0	0	0	0	0	0	0	0	0	0	0	0	0	0	0	0	0	0	0	0	0	0	0	0	0	
141332	Frontal_Sup_Orb_R	0	0	0	8836	0	0	0	3046	0	5082	0	0	0	0	0	3660	0	0	0	0	614	2544	962	6274	624	8964	1440	10248	0	718	1724	4644	0	0	0	0	0	0	0	102	0	0	0	0	0	0	0	0	0	0	0	0	0	0	0	0	0	0	0	0	0	0	0	0	0	0	0	0	0	0	642	5700	554	4288	0	0	0	0	0	0	0	0	0	0	0	0	0	0	0	0	0	0	0	0	0	0	0	0	0	0	0	0	0	0	0	0	0	0	0	0	0	0	0	0	0	0	
485860	Frontal_Mid_L	26032	258	70816	786	2288	0	0	0	5888	0	14178	0	28990	0	9076	0	3824	0	23686	428	108	0	11778	1026	0	0	0	0	16806	0	5424	1272	1370	362	108	130	618	116	386	0	100	0	0	0	0	0	0	0	0	0	0	0	0	0	0	0	3834	0	0	0	2212	0	772	0	0	0	0	0	0	0	3084	512	2450	0	0	0	1670	112	292	0	936	0	1108	0	0	0	0	0	94	0	0	0	0	0	0	0	0	0	0	0	0	0	0	0	0	0	0	0	0	0	0	0	0	0	0	0	
317664	Frontal_Mid_R	456	11196	1138	42430	0	3046	0	0	0	2914	240	17916	122	15404	0	5006	0	2838	2716	5222	0	122	1472	5836	0	270	0	464	220	10752	958	6368	212	1910	158	304	124	1132	0	128	0	0	0	0	0	0	0	0	0	0	0	0	0	0	0	114	0	1868	0	320	0	410	0	394	0	0	0	0	116	0	136	3556	0	9264	0	278	322	980	0	0	0	0	0	0	0	0	0	0	0	0	0	0	0	0	0	0	0	0	0	0	0	0	0	0	0	0	0	0	0	0	0	0	0	0	0	0	
115696	Frontal_Mid_Orb_L	0	0	4186	190	14914	0	5888	0	0	0	0	0	2380	0	15476	0	0	0	470	0	674	0	676	0	1264	108	2304	0	5070	0	730	0	0	0	0	0	0	0	0	0	386	0	0	0	0	0	0	0	0	0	0	0	0	0	0	0	0	0	0	0	0	0	0	0	0	0	0	0	0	0	130	0	1118	0	0	0	0	0	0	0	0	0	1786	0	0	0	98	0	0	0	0	0	0	0	0	0	0	0	0	0	0	0	0	0	0	0	0	0	0	0	0	0	0	0	0	0	
48968	Frontal_Mid_Orb_R	0	0	0	2288	0	5082	0	2914	0	0	0	0	0	690	0	6936	0	0	0	0	0	370	0	594	0	604	0	1060	0	1068	108	536	0	0	0	0	0	0	0	0	0	0	0	0	0	0	0	0	0	0	0	0	0	0	0	0	0	0	0	0	0	0	0	0	0	0	0	0	0	0	0	828	0	1406	0	0	0	0	0	0	0	0	0	0	0	0	0	0	0	0	0	0	0	0	0	0	0	0	0	0	0	0	0	0	0	0	0	0	0	0	0	0	0	0	0	0	
263084	Frontal_Inf_Oper_L	11006	604	12774	932	130	0	14178	240	0	0	0	214	16258	0	2014	0	14330	0	10622	494	0	0	526	146	0	0	0	0	20618	0	1104	636	870	264	0	0	340	0	210	0	0	0	0	0	0	0	0	0	0	0	0	0	0	0	0	0	5168	0	0	0	3068	0	1082	0	0	0	0	0	0	0	1016	298	1760	0	312	0	116	0	706	0	4592	0	3984	0	612	0	0	0	318	0	0	0	0	0	0	0	0	0	0	0	0	0	0	0	0	0	0	0	0	0	0	0	0	0	0	0	
293916	Frontal_Inf_Oper_R	174	11796	714	15580	0	0	0	17916	0	0	214	0	0	14874	0	898	0	9748	2036	4418	0	0	1092	2174	0	98	0	0	112	23432	662	5000	320	1620	0	106	0	2530	0	1546	0	0	0	0	0	0	0	0	0	204	0	0	0	606	0	2044	0	6730	0	726	0	1104	0	588	0	244	240	486	0	372	224	2128	0	10088	0	748	0	628	0	224	0	404	0	158	0	264	0	0	0	1114	0	144	0	106	0	0	0	126	0	198	0	0	0	0	0	0	0	0	0	0	0	0	0	0	0	0	
307088	Frontal_Inf_Tri_L	1554	176	21886	844	3218	0	28990	122	2380	0	16258	0	0	0	18402	0	944	0	8560	710	152	0	2200	268	0	0	0	0	33204	0	2706	1100	1398	518	0	0	0	0	0	0	146	0	0	0	0	0	0	0	0	0	0	0	0	0	0	0	136	0	0	0	90	0	0	0	0	0	0	0	0	0	1444	686	3700	0	0	0	0	0	0	0	294	0	1458	0	0	0	0	0	0	0	0	0	0	0	0	0	0	0	0	0	0	0	0	0	0	0	0	0	0	0	0	0	0	0	0	0	
173028	Frontal_Inf_Tri_R	0	892	168	8652	0	0	0	15404	0	690	0	14874	0	0	0	6746	0	1076	1738	2954	0	0	1396	2372	0	96	0	0	0	17932	616	2330	352	2878	0	0	0	216	0	98	0	0	0	0	0	0	0	0	0	0	0	0	0	0	0	0	0	208	0	0	0	0	0	0	0	0	0	0	0	0	0	724	0	3924	0	178	0	0	0	0	0	0	0	0	0	0	0	0	0	0	0	0	0	0	0	0	0	0	0	0	0	0	0	0	0	0	0	0	0	0	0	0	0	0	0	0	
248360	Frontal_Inf_Orb_L	330	0	8966	400	14066	0	9076	0	15476	0	2014	0	18402	0	0	0	0	0	2578	218	4998	376	616	0	0	0	1378	0	25034	0	976	286	416	0	0	0	486	0	348	0	1968	0	0	0	0	0	0	0	0	0	0	0	0	0	202	0	0	0	0	0	0	0	0	0	0	0	0	0	0	0	1878	448	7062	0	0	0	0	0	0	0	0	0	5442	0	222	0	310	0	208	0	0	0	0	0	0	0	0	0	0	0	0	0	0	0	0	0	0	0	0	0	0	0	0	0	0	0	
107856	Frontal_Inf_Orb_R	0	102	0	3034	0	3660	0	5006	0	6936	0	898	0	6746	0	0	0	116	476	646	0	2296	336	750	0	94	0	2560	0	11792	146	400	102	806	0	0	0	0	0	246	0	194	0	0	0	0	0	0	0	0	0	0	0	0	0	0	0	0	0	0	0	0	0	0	0	0	0	0	0	0	0	1592	0	4636	0	0	0	0	0	0	0	0	0	358	0	0	0	0	0	0	0	0	0	0	0	0	0	0	0	0	0	0	0	0	0	0	0	0	0	0	0	0	0	0	0	0	
243596	Rolandic_Oper_L	8754	130	5944	0	0	0	3824	0	0	0	14330	0	944	0	0	0	0	0	5120	0	0	0	0	0	0	0	0	0	17612	0	284	254	316	0	218	210	836	202	356	158	0	0	0	0	0	0	134	0	0	0	3124	0	288	0	712	100	12262	0	3272	0	4428	0	2910	0	2888	0	3338	0	180	0	818	110	1382	0	694	0	314	178	4434	0	12780	0	3590	0	2778	0	0	0	1592	0	0	0	0	0	0	0	0	0	0	0	0	0	0	0	0	0	0	0	0	0	0	0	0	0	0	0	
168712	Rolandic_Oper_R	114	3006	304	2878	0	0	0	2838	0	0	0	9748	0	1076	0	116	0	0	584	862	0	0	270	422	0	0	0	0	0	16208	0	172	188	392	0	112	0	3144	0	1212	0	0	0	0	0	0	0	0	0	162	0	0	0	468	0	1702	0	5306	0	328	0	826	0	4526	0	388	208	428	0	436	204	2508	0	10598	0	566	0	0	0	4688	0	5804	0	382	0	224	0	0	0	958	0	0	0	0	0	0	0	0	0	0	0	0	0	0	0	0	0	0	0	0	0	0	0	0	0	0	
772244	Supp_Motor_Area_L	22414	4600	87938	14270	1240	0	23686	2716	470	0	10622	2036	8560	1738	2578	476	5120	584	0	31256	148	182	14248	7872	0	0	0	0	19264	1940	11756	5874	9910	17480	966	414	1848	96	1084	0	164	0	0	0	0	0	0	0	0	0	144	0	0	0	312	0	2544	1104	0	0	1740	0	598	0	190	0	102	232	17056	2700	11978	2276	18618	1228	5062	0	1204	272	104	0	2590	0	1762	0	200	0	0	0	556	0	0	0	0	0	0	0	0	0	0	0	0	0	0	0	0	0	0	0	0	0	0	0	0	0	0	0	
531584	Supp_Motor_Area_R	2880	4330	9712	45230	154	0	428	5222	0	0	494	4418	710	2954	218	646	0	862	31256	0	0	0	6534	9850	0	126	0	0	864	3558	4468	15752	6204	33454	626	2534	0	840	0	186	0	0	0	638	0	664	0	218	0	788	0	104	0	2072	0	1844	90	3644	0	0	0	0	0	0	0	0	728	3190	13268	22160	2270	8886	696	1538	204	576	1572	2382	0	248	0	284	0	0	0	1088	0	0	0	2130	0	0	0	0	0	0	0	0	0	0	0	0	0	0	0	0	0	0	0	0	0	0	0	0	0	0	
106936	Olfactory_L	0	198	372	0	4452	614	108	0	674	0	0	0	152	0	4998	0	0	0	148	0	0	5476	0	0	610	182	1600	908	5090	348	2574	906	0	0	0	0	878	0	1010	0	3090	0	0	0	0	0	0	0	0	0	0	0	0	0	360	0	0	0	0	0	0	0	0	0	0	0	0	0	0	0	7632	3886	5534	374	206	0	0	236	0	0	106	0	746	0	0	0	0	0	0	0	0	0	0	0	0	0	0	0	0	0	0	0	0	0	0	0	0	0	0	0	0	0	0	0	0	0	
131876	Olfactory_R	0	588	252	324	322	2544	0	122	0	370	0	0	0	0	376	2296	0	0	182	0	5476	0	0	116	578	1870	590	5928	322	3566	3494	2844	0	0	0	0	0	504	0	578	198	430	0	0	0	0	0	0	0	0	0	0	0	0	0	224	0	0	0	0	0	0	0	0	0	0	0	0	0	0	8932	11452	6874	2108	1132	238	0	662	0	0	0	0	0	446	0	0	0	0	0	0	0	0	0	0	0	0	0	0	0	0	0	0	0	0	0	0	0	0	0	0	0	0	0	0	0	0	
422684	Frontal_Sup_Medial_L	1168	0	44624	14178	6228	962	11778	1472	676	0	526	1092	2200	1396	616	336	0	270	14248	6534	0	0	0	28144	4502	1238	1938	202	2570	1436	27558	15960	3726	10928	0	0	0	0	0	0	0	0	0	0	0	0	0	0	0	0	0	0	0	0	0	0	0	0	0	0	0	0	0	0	0	0	0	0	0	0	1218	482	2350	786	0	0	0	0	0	0	0	0	0	0	0	0	0	0	0	0	0	0	0	0	0	0	0	0	0	0	0	0	0	0	0	0	0	0	0	0	0	0	0	0	0	0	
425908	Frontal_Sup_Medial_R	216	384	7340	44162	282	6274	1026	5836	0	594	146	2174	268	2372	0	750	0	422	7872	9850	0	116	28144	0	800	7490	790	2418	314	2770	11642	35972	1142	13658	0	0	0	0	0	0	0	0	0	0	0	0	0	0	0	0	0	0	0	0	0	0	0	244	0	0	0	0	0	0	0	0	0	0	0	0	536	9344	334	7048	0	0	0	224	0	0	0	0	0	0	0	0	0	0	0	0	0	0	0	0	0	0	0	0	0	0	0	0	0	0	0	0	0	0	0	0	0	0	0	0	0	0	
82016	Frontal_Med_Orb_L	0	0	2994	196	6032	624	0	0	1264	0	0	0	0	0	0	0	0	0	0	0	610	578	4502	800	0	4264	6000	1484	0	0	6830	2714	0	0	0	0	0	0	0	0	0	0	0	0	0	0	0	0	0	0	0	0	0	0	0	0	0	0	0	0	0	0	0	0	0	0	0	0	0	0	526	912	348	330	0	0	0	0	0	0	0	0	0	0	0	0	0	0	0	0	0	0	0	0	0	0	0	0	0	0	0	0	0	0	0	0	0	0	0	0	0	0	0	0	0	0	
129884	Frontal_Med_Orb_R	0	0	370	3080	662	8964	0	270	108	604	0	98	0	96	0	94	0	0	0	126	182	1870	1238	7490	4264	0	3852	11510	0	342	3966	9556	0	0	0	0	0	0	0	0	0	0	0	0	0	0	0	0	0	0	0	0	0	0	0	0	0	0	0	0	0	0	0	0	0	0	0	0	0	0	274	4138	0	1788	0	0	0	0	0	0	0	0	0	0	0	0	0	0	0	0	0	0	0	0	0	0	0	0	0	0	0	0	0	0	0	0	0	0	0	0	0	0	0	0	0	0	
86884	Rectus_L	0	0	2080	288	7610	1440	0	0	2304	0	0	0	0	0	1378	0	0	0	0	0	1600	590	1938	790	6000	3852	0	3008	340	0	3850	2000	0	0	0	0	0	0	0	0	186	0	0	0	0	0	0	0	0	0	0	0	0	0	0	0	0	0	0	0	0	0	0	0	0	0	0	0	0	0	1546	866	1566	210	0	0	0	0	0	0	0	0	0	0	0	0	0	0	0	0	0	0	0	0	0	0	0	0	0	0	0	0	0	0	0	0	0	0	0	0	0	0	0	0	0	0	
125460	Rectus_R	0	0	0	1992	256	10248	0	464	0	1060	0	0	0	0	0	2560	0	0	0	0	908	5928	202	2418	1484	11510	3008	0	0	2736	1608	5824	0	0	0	0	0	0	0	0	0	94	0	0	0	0	0	0	0	0	0	0	0	0	0	0	0	0	0	0	0	0	0	0	0	0	0	0	0	0	846	5918	698	2872	0	0	0	0	0	0	0	0	0	96	0	0	0	0	0	0	0	0	0	0	0	0	0	0	0	0	0	0	0	0	0	0	0	0	0	0	0	0	0	0	0	0	
625608	Insula_L	12118	626	32582	1166	9874	0	16806	220	5070	0	20618	112	33204	0	25034	0	17612	0	19264	864	5090	322	2570	314	0	0	340	0	0	0	4106	1716	1526	520	1072	692	10686	606	3026	414	4666	0	0	0	0	0	0	0	0	0	456	0	460	0	4322	260	6752	100	152	0	2112	0	552	0	284	0	876	0	406	0	3334	1398	20106	0	122	0	968	398	7940	0	12380	0	7312	0	3038	0	100	0	6140	0	0	0	0	0	0	0	0	0	0	0	0	0	0	0	0	0	0	0	0	0	0	0	0	0	0	0	
373572	Insula_R	94	4432	370	11352	0	718	0	10752	0	1068	0	23432	0	17932	0	11792	0	16208	1940	3558	348	3566	1436	2770	0	342	0	2736	0	0	960	2646	450	3446	0	136	0	6390	0	2808	0	878	0	0	0	0	0	0	0	0	0	0	0	1018	0	4720	0	3116	0	0	0	184	0	324	0	0	122	244	0	232	386	4074	110	25546	0	340	0	374	0	2114	0	4850	0	906	0	1776	0	98	0	3144	0	120	0	94	0	0	0	168	0	166	0	0	0	0	0	0	0	0	0	0	0	0	0	0	0	0	
436752	Cingulum_Ant_L	3838	226	24830	7364	6046	1724	5424	958	730	108	1104	662	2706	616	976	146	284	0	11756	4468	2574	3494	27558	11642	6830	3966	3850	1608	4106	960	0	29650	7014	7824	0	0	0	0	0	0	0	0	0	0	0	0	0	0	0	0	0	0	0	0	0	0	238	174	0	0	364	0	194	0	0	0	0	0	112	0	11954	6318	11696	2018	0	0	94	172	0	0	0	0	0	0	0	0	0	0	0	0	0	0	0	0	0	0	0	0	0	0	0	0	0	0	0	0	0	0	0	0	0	0	0	0	0	0	
550948	Cingulum_Ant_R	982	1388	6852	42018	378	4644	1272	6368	0	536	636	5000	1100	2330	286	400	254	172	5874	15752	906	2844	15960	35972	2714	9556	2000	5824	1716	2646	29650	0	4086	24216	0	0	0	92	0	0	0	0	0	0	0	0	0	0	0	0	0	0	0	0	0	0	174	1136	0	88	234	148	142	112	0	0	0	0	176	0	3008	21356	2080	11350	0	302	0	744	0	0	0	0	0	0	0	0	0	0	0	0	0	0	0	0	0	0	0	0	0	0	0	0	0	0	0	0	0	0	0	0	0	0	0	0	0	0	
275432	Cingulum_Mid_L	582	972	4022	2018	208	0	1370	212	0	0	870	320	1398	352	416	102	316	188	9910	6204	0	0	3726	1142	0	0	0	0	1526	450	7014	4086	0	13202	4894	1466	0	0	0	0	0	0	2254	1254	694	3034	438	384	228	7208	1566	690	106	556	0	524	802	2722	360	402	308	288	0	264	256	480	17004	14130	4334	2718	0	0	182	0	0	0	0	0	0	408	264	888	0	0	212	3904	0	0	0	1888	0	0	0	0	0	0	0	0	0	0	0	0	0	0	0	0	0	0	0	0	0	0	0	0	0	0	
458320	Cingulum_Mid_R	464	692	4874	15162	0	0	362	1910	0	0	264	1620	518	2878	0	806	0	392	17480	33454	0	0	10928	13658	0	0	0	0	520	3446	7824	24216	13202	0	3222	5598	0	206	0	0	0	0	256	2758	130	5088	0	740	204	4070	130	2428	0	750	0	1216	0	3870	0	224	0	256	0	126	0	354	2574	16586	7860	10174	338	752	386	1048	0	0	0	0	0	210	0	392	0	0	0	1526	0	0	0	1018	0	0	0	0	0	0	0	0	0	0	0	0	0	0	0	0	0	0	0	0	0	0	0	0	0	0	
182400	Cingulum_Post_L	4790	842	0	0	0	0	108	158	0	0	0	0	0	0	0	0	218	0	966	626	0	0	0	0	0	0	0	0	1072	0	0	0	4894	3222	0	9442	5152	3232	1908	964	0	0	4042	188	1698	1824	2360	214	1160	1036	1602	402	1246	212	2796	776	1378	558	0	0	514	0	140	0	164	0	12214	3830	5962	916	216	0	0	0	0	0	3048	1576	488	0	314	0	0	0	868	192	0	0	1492	180	0	0	0	0	0	0	0	0	0	0	0	0	0	0	0	0	0	0	0	0	0	0	0	0	0	0	
192796	Cingulum_Post_R	3234	1716	88	0	0	0	130	304	0	0	0	106	0	0	0	0	210	112	414	2534	0	0	0	0	0	0	0	0	692	136	0	0	1466	5598	9442	0	3774	6676	986	1992	0	0	224	762	0	1874	682	2502	0	1350	0	632	132	3468	520	4676	302	2926	0	0	0	0	0	0	0	0	1802	13082	1396	5262	328	0	158	0	0	0	5680	3496	200	88	216	148	0	0	238	492	0	0	272	2496	0	0	0	0	0	0	0	864	0	0	0	0	0	0	0	0	0	0	0	0	520	0	0	0	0	0	
225104	Hippocampus_L	6346	292	2180	0	0	0	618	124	0	0	340	0	0	0	486	0	836	0	1848	0	878	0	0	0	0	0	0	0	10686	0	0	0	0	0	5152	3774	0	3142	15184	1164	7338	0	1766	0	0	0	3546	0	0	0	0	0	586	0	11712	806	944	0	0	0	166	0	142	0	0	0	3634	526	126	0	140	0	5588	0	330	0	3294	1052	1536	0	3596	0	1274	0	1848	0	0	0	8810	0	132	0	0	0	0	0	464	0	146	0	0	0	0	0	0	0	0	0	0	0	0	0	0	0	0	0	
353720	Hippocampus_R	2264	6086	0	678	0	0	116	1132	0	0	0	2530	0	216	0	0	202	3144	96	840	0	504	0	0	0	0	0	0	606	6390	0	92	0	206	3232	6676	3142	0	948	31824	0	8314	0	154	0	0	580	2878	0	0	0	0	120	5394	460	32062	272	2088	0	0	0	146	0	682	0	0	264	3102	0	842	0	0	152	12730	0	592	3906	5050	162	748	178	1858	0	498	178	2388	0	0	224	10692	0	1600	0	1200	0	342	0	3390	0	1946	0	0	0	352	0	0	0	0	0	0	392	0	0	0	0	0	
139704	ParaHippocampal_L	1138	0	1192	0	118	0	386	0	0	0	210	0	0	0	348	0	356	0	1084	0	1010	0	0	0	0	0	0	0	3026	0	0	0	0	0	1908	986	15184	948	0	332	3436	0	1130	0	88	0	7696	158	0	0	482	0	1976	0	11176	304	92	0	0	0	0	0	288	0	0	0	1786	300	224	0	0	0	3476	0	240	0	462	94	0	0	766	0	1730	0	204	0	566	0	3598	0	312	0	96	0	0	0	618	0	328	0	0	0	0	0	0	0	0	0	0	0	0	0	0	0	0	0	
259404	ParaHippocampal_R	650	1168	0	122	0	102	0	128	0	0	0	1546	0	98	0	246	158	1212	0	186	0	578	0	0	0	0	0	0	414	2808	0	0	0	0	964	1992	1164	31824	332	0	0	8420	0	298	0	0	268	3880	0	122	0	0	0	5228	252	29306	202	856	0	0	0	0	0	0	0	0	116	970	0	208	0	0	0	7708	0	552	1348	1550	108	192	124	538	0	1778	118	868	0	1752	148	6676	0	1792	0	1332	0	434	0	4120	0	2208	0	0	0	356	0	0	0	0	0	0	182	0	0	0	0	0	
61532	Amygdala_L	94	0	224	0	1858	0	100	0	386	0	0	0	146	0	1968	0	0	0	164	0	3090	198	0	0	0	0	186	0	4666	0	0	0	0	0	0	0	7338	0	3436	0	0	0	0	0	0	0	0	0	0	0	0	0	0	0	3004	0	0	0	0	0	0	0	0	0	0	0	0	0	0	0	302	108	1690	0	0	0	0	0	0	0	104	0	1090	0	0	0	0	0	506	0	0	0	0	0	0	0	108	0	0	0	0	0	0	0	0	0	0	0	0	0	0	0	0	0	0	0	
62248	Amygdala_R	0	92	0	0	0	0	0	0	0	0	0	0	0	0	0	194	0	0	0	0	0	430	0	0	0	0	0	94	0	878	0	0	0	0	0	0	0	8314	0	8420	0	0	0	0	0	0	0	0	0	0	0	0	0	0	0	6606	0	256	0	0	0	0	0	0	0	0	0	0	0	0	0	122	0	1772	0	0	0	102	0	0	0	0	0	2378	0	0	0	262	0	534	0	0	0	0	0	108	0	562	0	0	0	0	0	0	0	0	0	0	0	0	0	0	0	0	0	0	
317808	Calcarine_L	148	0	0	0	0	0	0	0	0	0	0	0	0	0	0	0	0	0	0	0	0	0	0	0	0	0	0	0	0	0	0	0	2254	256	4042	224	1766	0	1130	0	0	0	0	11304	19118	8294	18054	6528	15070	2988	23356	826	7578	320	1996	450	336	184	214	0	0	0	92	0	396	132	19512	3152	966	184	0	0	0	0	0	0	0	0	0	0	342	114	0	0	4108	574	0	0	1586	242	194	0	0	0	0	0	232	0	0	120	0	0	0	0	0	0	0	0	0	0	428	94	0	0	0	0	
351368	Calcarine_R	0	0	0	0	0	0	0	0	0	0	0	0	0	0	0	0	0	0	0	638	0	0	0	0	0	0	0	0	0	0	0	0	1254	2758	188	762	0	154	0	298	0	0	11304	0	6386	27960	4640	23072	372	24272	354	18430	196	9980	0	9804	0	252	0	828	0	0	0	0	0	0	3370	18244	358	988	0	0	0	0	0	0	0	0	0	0	0	0	0	0	0	2620	0	0	0	2364	194	226	0	0	0	0	136	480	300	664	0	0	0	0	0	0	0	0	0	0	1134	612	92	0	0	0	
193972	Cuneus_L	108	0	0	0	0	0	0	0	0	0	0	0	0	0	0	0	0	0	0	0	0	0	0	0	0	0	0	0	0	0	0	0	694	130	1698	0	0	0	88	0	0	0	19118	6386	0	9082	2760	656	20430	848	10638	0	584	96	526	0	314	0	1882	0	104	0	0	0	200	0	14466	2918	1414	0	0	0	0	0	0	0	0	0	0	0	140	0	0	0	850	0	0	0	486	0	0	0	0	0	0	0	0	0	0	0	0	0	0	0	0	0	0	0	0	0	370	0	0	0	0	0	
365844	Cuneus_R	0	400	0	0	0	0	0	0	0	0	0	0	0	0	0	0	0	0	0	664	0	0	0	0	0	0	0	0	0	0	0	0	3034	5088	1824	1874	0	0	0	0	0	0	8294	27960	9082	0	1112	6168	670	36420	208	13796	0	3370	0	5678	0	1546	0	5774	0	426	0	354	0	1190	9524	31434	164	2492	0	0	0	0	0	0	0	0	0	0	0	224	0	0	0	1452	0	0	0	878	156	0	0	0	0	0	132	166	192	268	0	0	0	0	0	0	0	0	0	0	636	272	0	0	0	0	
358580	Lingual_L	136	0	0	0	0	0	0	0	0	0	0	0	0	0	0	0	134	0	0	0	0	0	0	0	0	0	0	0	0	0	0	0	438	0	2360	682	3546	580	7696	268	0	0	18054	4640	2760	1112	0	8646	5538	898	20988	584	16276	226	16024	1448	90	0	0	0	0	0	322	0	0	0	5538	750	350	0	0	0	130	0	0	0	274	0	0	0	360	0	0	0	538	110	0	0	1532	92	7360	3114	3700	2092	344	318	7384	910	11840	3768	0	0	0	544	0	378	0	0	0	238	3304	5168	4432	550	572	154	
324924	Lingual_R	0	168	0	0	0	0	0	0	0	0	0	0	0	0	0	0	0	0	0	218	0	0	0	0	0	0	0	0	0	0	0	0	384	740	214	2502	0	2878	158	3880	0	0	6528	23072	656	6168	8646	0	542	11400	910	9266	402	7448	416	21020	0	166	0	494	0	0	0	0	0	0	928	9322	0	522	0	0	0	0	0	0	0	520	0	0	0	0	0	0	0	260	0	0	0	776	2910	2302	1274	268	170	188	1030	6878	4606	7062	0	0	102	0	88	0	0	0	0	0	5726	6740	2020	0	238	256	
215180	Occipital_Sup_L	0	0	0	0	0	0	0	0	0	0	0	0	0	0	0	0	0	0	0	0	0	0	0	0	0	0	0	0	0	0	0	0	228	204	1160	0	0	0	0	0	0	0	15070	372	20430	670	5538	542	0	0	34854	0	1446	0	282	0	294	0	5370	0	1112	0	0	0	1164	0	14078	1356	630	0	0	0	0	0	0	0	0	0	0	0	304	0	0	0	2256	0	0	0	230	0	0	0	0	0	0	0	0	0	0	0	0	0	0	0	0	0	0	0	0	0	0	0	0	0	0	0	
412012	Occipital_Sup_R	0	952	0	0	0	0	0	0	0	0	0	204	0	0	0	0	0	162	0	788	0	0	0	0	0	0	0	0	0	0	0	0	7208	4070	1036	1350	0	0	0	122	0	0	2988	24272	848	36420	898	11400	0	0	0	27742	0	4762	0	9236	0	3140	0	10812	0	1854	0	478	0	4178	10576	28150	94	4316	0	0	0	0	0	0	0	0	0	154	0	654	0	0	0	3826	0	0	0	1384	204	0	0	0	0	0	160	222	268	376	0	0	0	0	0	0	0	0	0	0	336	366	0	0	0	0	
472980	Occipital_Mid_L	854	0	0	0	0	0	0	0	0	0	0	0	0	0	0	0	3124	0	144	0	0	0	0	0	0	0	0	0	456	0	0	0	1566	130	1602	0	0	0	482	0	0	0	23356	354	10638	208	20988	910	34854	0	0	0	26438	0	7170	0	5006	0	8908	0	8516	0	1568	0	19632	0	19556	646	3940	0	0	0	0	0	0	0	0	0	142	0	4466	0	0	0	24756	0	0	0	4532	0	336	0	0	0	0	0	646	0	566	0	0	0	0	0	0	0	0	0	0	0	0	0	0	0	0	0	
262332	Occipital_Mid_R	0	0	0	0	0	0	0	0	0	0	0	0	0	0	0	0	0	0	0	104	0	0	0	0	0	0	0	0	0	0	0	0	690	2428	402	632	0	0	0	0	0	0	826	18430	0	13796	584	9266	0	27742	0	0	0	8082	0	6802	0	218	0	3614	0	1042	0	276	0	9508	1368	8874	0	820	0	0	0	0	0	0	0	0	0	0	0	1098	0	0	0	11848	0	0	0	1324	146	0	0	0	0	0	108	140	198	280	0	0	0	0	0	0	0	0	0	0	246	274	0	0	0	0	
197392	Occipital_Inf_L	184	0	0	0	0	0	0	0	0	0	0	0	0	0	0	0	288	0	0	0	0	0	0	0	0	0	0	0	460	0	0	0	106	0	1246	132	586	120	1976	0	0	0	7578	196	584	0	16276	402	1446	0	26438	0	0	0	15516	0	388	0	0	0	104	0	282	0	430	0	2906	0	824	0	0	0	0	0	0	0	0	0	414	0	580	0	0	0	7090	0	0	0	8492	0	884	0	0	0	0	0	1346	0	1422	0	0	0	0	0	0	0	0	0	0	0	0	0	0	0	0	0	
227396	Occipital_Inf_R	0	1240	0	0	0	0	0	0	0	0	0	606	0	0	0	0	0	468	0	2072	0	0	0	0	0	0	0	0	0	1018	0	0	556	750	212	3468	0	5394	0	5228	0	0	320	9980	96	3370	226	7448	0	4762	0	8082	0	0	0	24216	0	1678	0	504	0	0	0	0	0	0	866	6342	0	2638	0	0	0	1384	0	0	0	0	0	106	0	248	0	0	0	3058	0	0	0	15456	0	252	0	0	0	0	0	662	0	588	0	0	0	0	0	0	0	0	0	0	274	130	0	0	0	0	
361272	Fusiform_L	930	0	308	0	0	0	0	0	0	0	0	0	0	0	202	0	712	0	312	0	360	0	0	0	0	0	0	0	4322	0	0	0	0	0	2796	520	11712	460	11176	252	3004	0	1996	0	526	0	16024	416	282	0	7170	0	15516	0	0	262	356	0	0	0	212	0	1350	0	0	0	2804	102	688	0	0	0	1290	0	0	0	224	0	2262	0	3952	0	2666	0	2456	0	1508	0	16902	0	17520	0	3120	0	0	0	16840	236	22978	210	602	0	532	0	304	0	0	0	0	0	1520	634	110	0	0	0	
609312	Fusiform_R	298	2416	0	128	0	0	0	114	0	0	0	2044	0	0	0	0	100	1702	0	1844	0	224	0	0	0	0	0	0	260	4720	0	0	524	1216	776	4676	806	32062	304	29306	0	6606	450	9804	0	5678	1448	21020	0	9236	0	6802	0	24216	262	0	130	2656	0	1248	0	210	0	328	0	228	1220	8888	0	3134	0	0	0	8806	0	324	698	736	0	314	88	3084	0	5100	0	5540	0	3724	122	31192	1048	13494	542	4228	0	172	408	10802	1114	17524	0	0	0	898	0	0	0	0	0	106	3654	2352	798	112	308	284	
301004	Postcentral_L	31264	170	3144	146	0	0	3834	0	0	0	5168	0	136	0	0	0	12262	0	2544	90	0	0	0	0	0	0	0	0	6752	0	238	174	802	0	1378	302	944	272	92	202	0	0	336	0	314	0	90	0	294	0	5006	0	388	0	356	130	0	172	4230	0	26822	0	13386	0	4242	0	5560	0	4270	0	4186	450	974	0	584	0	870	166	3134	0	2746	0	110	0	1186	0	0	0	586	0	0	0	0	0	0	0	0	0	0	0	0	0	0	0	0	0	0	0	0	0	0	0	0	0	0	0	
281432	Postcentral_R	586	21290	596	1752	0	0	0	1868	0	0	0	6730	0	208	0	0	0	5306	1104	3644	0	0	0	244	0	0	0	0	100	3116	174	1136	2722	3870	558	2926	0	2088	0	856	0	256	184	252	0	1546	0	166	0	3140	0	218	0	1678	0	2656	172	0	0	7512	0	10036	0	13042	0	1442	3338	10086	1486	9374	146	954	0	3326	0	0	134	768	0	488	0	1782	0	188	0	2140	0	0	0	3238	0	0	0	0	0	0	0	0	0	94	0	0	0	0	0	0	0	0	0	0	0	0	0	0	0	0	
96768	Parietal_Sup_L	210	0	0	0	0	0	0	0	0	0	0	0	0	0	0	0	3272	0	0	0	0	0	0	0	0	0	0	0	152	0	0	0	360	0	0	0	0	0	0	0	0	0	214	0	1882	0	0	0	5370	0	8908	0	0	0	0	0	4230	0	0	0	7670	0	126	0	4444	0	8168	570	356	0	0	0	0	0	0	0	0	0	0	0	1540	0	0	0	762	0	0	0	150	0	0	0	0	0	0	0	0	0	0	0	0	0	0	0	0	0	0	0	0	0	0	0	0	0	0	0	
151400	Parietal_Sup_R	0	1246	0	168	0	0	0	320	0	0	0	726	0	0	0	0	0	328	0	0	0	0	0	0	0	0	0	0	0	0	0	88	402	224	0	0	0	0	0	0	0	0	0	828	0	5774	0	494	0	10812	0	3614	0	504	0	1248	0	7512	0	0	0	10152	0	4000	0	5352	1428	11740	0	1850	0	0	0	0	0	0	0	0	0	276	0	1400	0	0	0	2886	0	0	0	2328	0	0	0	0	0	0	0	0	0	0	0	0	0	0	0	0	0	0	0	0	0	0	0	0	0	0	
245340	Parietal_Inf_L	8482	0	2280	0	0	0	2212	0	0	0	3068	0	90	0	0	0	4428	0	1740	0	0	0	0	0	0	0	0	0	2112	0	364	234	308	0	514	0	166	0	0	0	0	0	0	0	104	0	0	0	1112	0	8516	0	104	0	212	0	26822	0	7670	0	0	0	19278	0	15968	0	3616	0	478	0	1668	156	122	0	154	0	502	0	208	0	4110	0	0	0	4926	0	0	0	946	0	0	0	0	0	0	0	0	0	0	0	0	0	0	0	0	0	0	0	0	0	0	0	0	0	0	0	
124740	Parietal_Inf_R	0	2556	0	210	0	0	0	410	0	0	0	1104	0	0	0	0	0	826	0	0	0	0	0	0	0	0	0	0	0	184	0	148	288	256	0	0	0	146	0	0	0	0	0	0	0	426	0	0	0	1854	0	1042	0	0	0	210	0	10036	0	10152	0	0	0	14002	0	11460	340	1324	0	860	96	162	0	144	0	172	0	0	0	174	0	1310	0	0	0	1004	0	0	0	1474	0	0	0	0	0	0	0	0	0	0	0	0	0	0	0	0	0	0	0	0	0	0	0	0	0	0	
155196	SupraMarginal_L	5482	0	750	0	0	0	772	0	0	0	1082	0	0	0	0	0	2910	0	598	0	0	0	0	0	0	0	0	0	552	0	194	142	0	0	140	0	142	0	288	0	0	0	92	0	0	0	322	0	0	0	1568	0	282	0	1350	0	13386	0	126	0	19278	0	0	0	6206	0	724	0	0	0	684	0	0	0	0	0	142	0	294	0	10862	0	0	0	8116	0	0	0	1114	0	0	0	0	0	0	0	0	0	0	0	0	0	0	0	0	0	0	0	0	0	0	0	0	0	0	0	
127904	SupraMarginal_R	0	2734	0	208	0	0	0	394	0	0	0	588	0	0	0	0	0	4526	0	0	0	0	0	0	0	0	0	0	0	324	0	112	264	126	0	0	0	682	0	0	0	0	0	0	0	354	0	0	0	478	0	276	0	0	0	328	0	13042	0	4000	0	14002	0	0	0	6756	420	1788	0	892	0	0	0	92	0	0	0	0	0	394	0	5602	0	0	0	1972	0	0	0	3598	0	0	0	0	0	0	0	0	0	0	0	0	0	0	0	0	0	0	0	0	0	0	0	0	0	0	
170828	Angular_L	416	0	238	0	0	0	0	0	0	0	0	0	0	0	0	0	2888	0	190	0	0	0	0	0	0	0	0	0	284	0	0	0	256	0	164	0	0	0	0	0	0	0	396	0	200	0	0	0	1164	0	19632	0	430	0	0	0	4242	0	4444	0	15968	0	6206	0	0	0	3812	0	494	0	0	0	0	0	0	0	0	0	0	0	6982	0	0	0	15120	0	0	0	1888	0	0	0	0	0	0	0	0	0	0	0	0	0	0	0	0	0	0	0	0	0	0	0	0	0	0	0	
126084	Angular_R	0	664	0	0	0	0	0	0	0	0	0	244	0	0	0	0	0	388	0	0	0	0	0	0	0	0	0	0	0	0	0	0	480	354	0	0	0	0	0	0	0	0	132	0	0	1190	0	0	0	4178	0	9508	0	0	0	228	0	1442	0	5352	0	11460	0	6756	0	0	610	1968	0	452	0	0	0	0	0	0	0	0	0	190	0	7550	0	0	0	8184	0	0	0	1712	0	0	0	0	0	0	0	0	0	0	0	0	0	0	0	0	0	0	0	0	0	0	0	0	0	0	
491120	Precuneus_L	1122	1074	0	0	0	0	0	0	0	0	0	240	0	0	0	0	3338	208	102	728	0	0	0	0	0	0	0	0	876	122	0	0	17004	2574	12214	1802	3634	264	1786	116	0	0	19512	3370	14466	9524	5538	928	14078	10576	19556	1368	2906	866	2804	1220	5560	3338	8168	1428	3616	340	724	420	3812	610	0	27956	6904	4080	0	0	0	0	0	0	0	0	264	648	3298	1482	0	0	5988	6298	0	0	3160	3234	0	0	0	0	0	0	136	0	0	0	0	0	0	0	0	0	0	0	0	0	180	0	0	0	0	0	
583620	Precuneus_R	196	2452	0	0	0	0	0	0	0	0	0	486	0	0	0	0	0	428	232	3190	0	0	0	0	0	0	0	0	0	244	0	0	14130	16586	3830	13082	526	3102	300	970	0	0	3152	18244	2918	31434	750	9322	1356	28150	646	8874	0	6342	102	8888	0	10086	570	11740	0	1324	0	1788	0	1968	27956	0	1264	14638	0	0	0	0	0	0	380	354	0	1410	0	3994	0	0	88	17500	0	0	0	13576	114	0	0	0	0	0	106	1302	128	184	0	0	0	0	0	0	0	0	0	0	1246	162	0	0	0	0	
200892	Paracentral_Lobule_L	6954	706	1396	2006	0	0	0	116	0	0	0	0	0	0	0	0	180	0	17056	13268	0	0	0	0	0	0	0	0	406	0	112	176	4334	7860	5962	1396	126	0	224	0	0	0	966	358	1414	164	350	0	630	94	3940	0	824	0	688	0	4270	1486	356	0	478	0	0	0	494	0	6904	1264	0	7274	1600	462	1188	132	786	0	200	136	130	0	166	0	0	0	1144	0	0	0	270	0	0	0	0	0	0	0	0	0	0	0	0	0	0	0	0	0	0	0	0	0	0	0	0	0	0	0	
238944	Paracentral_Lobule_R	1548	4298	574	128	0	0	0	0	0	0	0	372	0	0	0	0	0	436	2700	22160	0	0	0	0	0	0	0	0	0	232	0	0	2718	10174	916	5262	0	842	0	208	0	0	184	988	0	2492	0	522	0	4316	0	820	0	2638	0	3134	0	9374	0	1850	0	860	0	892	0	452	4080	14638	7274	0	1492	248	96	94	150	0	1536	360	0	416	0	1178	0	0	0	2802	0	0	0	4018	0	0	0	0	0	0	0	0	0	0	0	0	0	0	0	0	0	0	0	0	0	0	0	0	0	0	
308864	Caudate_L	10118	804	12470	626	3044	642	3084	136	130	0	1016	224	1444	0	1878	0	818	204	11978	2270	7632	8932	1218	536	526	274	1546	846	3334	386	11954	3008	0	338	216	328	140	0	0	0	302	0	0	0	0	0	0	0	0	0	0	0	0	0	0	0	4186	146	0	0	1668	96	684	0	0	0	0	0	1600	1492	0	13490	22650	1458	3434	930	8818	1178	0	0	0	0	200	0	0	0	0	0	0	0	0	0	0	0	0	0	0	0	0	0	0	0	0	0	0	0	0	0	0	0	0	0	0	0	0	0	
401800	Caudate_R	1722	8866	3082	19784	998	5700	512	3556	0	828	298	2128	686	724	448	1592	110	2508	2276	8886	3886	11452	482	9344	912	4138	866	5918	1398	4074	6318	21356	0	752	0	0	0	0	0	0	108	122	0	0	0	0	0	0	0	0	0	0	0	0	0	0	450	954	0	0	156	162	0	0	0	0	0	0	462	248	13490	0	7860	21658	1316	2618	244	14610	0	534	0	184	0	124	0	0	0	0	0	0	0	0	0	0	0	0	0	0	0	0	0	0	0	0	0	0	0	0	0	0	0	0	0	0	0	0	
376404	Putamen_L	12058	282	23258	350	5202	554	2450	0	1118	0	1760	0	3700	0	7062	0	1382	0	18618	696	5534	6874	2350	334	348	0	1566	698	20106	110	11696	2080	182	386	0	158	5588	152	3476	0	1690	0	0	0	0	0	130	0	0	0	0	0	0	0	1290	0	974	0	0	0	122	0	0	0	0	0	0	0	1188	96	22650	7860	0	790	6706	392	1306	392	158	0	1184	0	690	0	0	0	0	0	456	0	0	0	0	0	0	0	0	0	0	0	0	0	0	0	0	0	0	0	0	0	0	0	0	0	0	0	
398828	Putamen_R	262	5932	992	13286	0	4288	0	9264	0	1406	0	10088	0	3924	0	4636	0	10598	1228	1538	374	2108	786	7048	330	1788	210	2872	0	25546	2018	11350	0	1048	0	0	0	12730	0	7708	0	1772	0	0	0	0	0	0	0	0	0	0	0	1384	0	8806	0	3326	0	0	0	144	0	92	0	0	0	0	132	94	1458	21658	790	0	0	2296	0	1362	0	1106	0	1646	0	728	0	2498	0	0	0	4392	0	548	0	454	0	0	0	536	0	714	0	0	0	120	0	0	0	0	0	0	0	0	0	0	0	0	
64908	Pallidum_L	4046	0	5356	0	0	0	0	0	0	0	312	0	0	0	0	0	694	0	5062	204	206	1132	0	0	0	0	0	0	122	0	0	0	0	0	0	0	330	0	240	0	0	0	0	0	0	0	0	0	0	0	0	0	0	0	0	0	584	0	0	0	154	0	0	0	0	0	0	0	786	150	3434	1316	6706	0	0	94	1406	120	0	0	0	0	0	0	0	0	0	0	0	0	0	0	0	0	0	0	0	0	0	0	0	0	0	0	0	0	0	0	0	0	0	0	0	0	0	0	
25300	Pallidum_R	0	636	0	818	0	0	0	278	0	0	0	748	0	178	0	0	0	566	0	576	0	238	0	0	0	0	0	0	0	340	0	302	0	0	0	0	0	592	0	552	0	0	0	0	0	0	0	0	0	0	0	0	0	0	0	324	0	0	0	0	0	172	0	0	0	0	0	0	0	0	930	2618	392	2296	94	0	0	0	0	0	0	0	0	0	0	0	0	0	0	0	0	0	0	0	0	0	0	0	0	0	0	0	0	0	0	0	0	0	0	0	0	0	0	0	0	0	
132576	Thalamus_L	13994	1394	3664	0	0	0	1670	322	0	0	116	0	0	0	0	0	314	0	1204	1572	0	0	0	0	0	0	0	0	968	0	94	0	0	0	3048	5680	3294	3906	462	1348	0	0	0	0	0	0	274	0	0	0	0	0	0	0	224	698	870	134	0	0	502	0	142	0	0	0	0	380	200	1536	8818	244	1306	0	1406	0	0	5802	128	0	184	0	0	0	202	0	0	0	188	0	0	0	0	0	0	0	0	0	0	0	0	0	0	0	0	0	0	0	0	0	0	0	0	0	0	0	
138904	Thalamus_R	2722	16654	298	2706	0	0	112	980	0	0	0	628	0	0	0	0	178	0	272	2382	236	662	0	224	0	0	0	0	398	374	172	744	0	0	1576	3496	1052	5050	94	1550	0	102	0	0	0	0	0	520	0	0	0	0	0	0	0	736	166	768	0	0	0	0	0	0	0	0	0	354	136	360	1178	14610	392	1362	120	0	5802	0	0	0	0	0	0	0	94	0	0	0	0	0	0	0	0	0	0	0	0	192	0	0	0	0	0	0	0	0	0	0	0	0	0	0	0	0	0	0	
67564	Heschl_L	3106	0	110	0	0	0	292	0	0	0	706	0	0	0	0	0	4434	0	104	0	0	0	0	0	0	0	0	0	7940	0	0	0	0	0	488	200	1536	162	0	108	0	0	0	0	0	0	0	0	0	0	142	0	414	0	2262	0	3134	0	0	0	208	0	294	0	0	0	264	0	130	0	0	0	158	0	0	0	128	0	0	0	2684	0	0	0	1424	0	0	0	3354	0	0	0	0	0	0	0	0	0	0	0	0	0	0	0	0	0	0	0	0	0	0	0	0	0	0	0	
54232	Heschl_R	0	394	0	0	0	0	0	0	0	0	0	224	0	0	0	0	0	4688	0	248	0	0	0	0	0	0	0	0	0	2114	0	0	408	210	0	88	0	748	0	192	0	0	0	0	0	0	0	0	0	154	0	0	0	106	0	314	0	488	0	276	0	174	0	394	0	190	648	1410	0	416	0	534	0	1106	0	0	0	0	0	0	0	5842	0	148	0	3638	0	0	0	1964	0	0	0	0	0	0	0	0	0	0	0	0	0	0	0	0	0	0	0	0	0	0	0	0	0	0	
282160	Temporal_Sup_L	2000	0	2720	0	0	0	936	0	0	0	4592	0	294	0	0	0	12780	0	2590	0	106	0	0	0	0	0	0	0	12380	0	0	0	264	0	314	216	3596	178	766	124	104	0	342	0	140	0	360	0	304	0	4466	0	580	0	3952	88	2746	0	1540	0	4110	0	10862	0	6982	0	3298	0	166	0	0	0	1184	0	0	0	184	0	2684	0	0	0	5464	0	30954	0	0	0	16714	0	0	0	0	0	0	0	0	0	0	0	0	0	0	0	0	0	0	0	0	0	0	0	0	0	0	0	
169432	Temporal_Sup_R	0	658	0	0	0	0	0	0	0	0	0	404	0	0	0	0	0	5804	0	284	0	0	0	0	0	0	0	0	0	4850	0	0	888	392	0	148	0	1858	0	538	0	0	114	0	0	224	0	0	0	654	0	1098	0	248	0	3084	0	1782	0	1400	0	1310	0	5602	0	7550	1482	3994	0	1178	0	184	0	1646	0	0	0	0	0	5842	0	0	0	2094	0	20166	0	1788	0	7452	0	0	0	0	0	0	0	0	0	0	0	0	0	0	0	0	0	0	0	0	0	0	0	0	0	0	
124056	Temporal_Pole_Sup_L	482	0	2528	0	1024	0	1108	0	1786	0	3984	0	1458	0	5442	0	3590	0	1762	0	746	0	0	0	0	0	0	0	7312	0	0	0	0	0	0	0	1274	0	1730	0	1090	0	0	0	0	0	0	0	0	0	0	0	0	0	2666	0	110	0	0	0	0	0	0	0	0	0	0	0	0	0	200	0	690	0	0	0	0	0	0	0	5464	0	0	0	6800	0	5126	0	5656	0	0	0	0	0	0	0	0	0	0	0	0	0	0	0	0	0	0	0	0	0	0	0	0	0	0	0	
43656	Temporal_Pole_Sup_R	0	0	0	0	0	0	0	0	0	0	0	158	0	0	0	358	0	382	0	0	0	446	0	0	0	0	0	96	0	906	0	0	0	0	0	0	0	498	0	1778	0	2378	0	0	0	0	0	0	0	0	0	0	0	0	0	5100	0	188	0	0	0	0	0	0	0	0	0	0	0	0	0	124	0	728	0	0	0	0	0	148	0	2094	0	0	0	1240	0	3236	0	1970	0	0	0	0	0	0	0	0	0	0	0	0	0	0	0	0	0	0	0	0	0	0	0	0	0	0	
332632	Temporal_Mid_L	476	0	126	0	0	0	0	0	0	0	612	0	0	0	222	0	2778	0	200	0	0	0	0	0	0	0	0	0	3038	0	0	0	212	0	868	238	1848	178	204	118	0	0	4108	0	850	0	538	0	2256	0	24756	0	7090	0	2456	0	1186	0	762	0	4926	0	8116	0	15120	0	5988	88	1144	0	0	0	0	0	0	0	202	94	1424	0	30954	0	6800	0	0	0	4402	0	31938	0	0	0	0	0	0	0	0	0	0	0	0	0	0	0	0	0	0	0	0	0	0	0	0	0	0	0	
296384	Temporal_Mid_R	0	1306	0	0	0	0	0	0	0	0	0	264	0	0	0	0	0	224	0	1088	0	0	0	0	0	0	0	0	0	1776	0	0	3904	1526	192	492	0	2388	0	868	0	0	574	2620	0	1452	110	260	0	3826	0	11848	0	3058	0	5540	0	2140	0	2886	0	1004	0	1972	0	8184	6298	17500	0	2802	0	0	0	2498	0	0	0	0	0	3638	0	20166	0	1240	0	0	0	4362	0	30186	0	0	0	0	0	0	0	0	0	0	0	0	0	0	0	0	0	0	0	0	0	0	0	0	0	0	
32480	Temporal_Pole_Mid_L	0	0	0	0	0	0	0	0	98	0	0	0	0	0	310	0	0	0	0	0	0	0	0	0	0	0	0	0	100	0	0	0	0	0	0	0	0	0	566	0	0	0	0	0	0	0	0	0	0	0	0	0	0	0	1508	0	0	0	0	0	0	0	0	0	0	0	0	0	0	0	0	0	0	0	0	0	0	0	0	0	0	0	5126	0	4402	0	0	0	4130	0	0	0	0	0	0	0	0	0	0	0	0	0	0	0	0	0	0	0	0	0	0	0	0	0	0	0	
37340	Temporal_Pole_Mid_R	0	0	0	0	0	0	0	0	0	0	0	0	0	0	0	0	0	0	0	0	0	0	0	0	0	0	0	0	0	98	0	0	0	0	0	0	0	0	0	1752	0	262	0	0	0	0	0	0	0	0	0	0	0	0	0	3724	0	0	0	0	0	0	0	0	0	0	0	0	0	0	0	0	0	0	0	0	0	0	0	0	0	1788	0	3236	0	4362	0	0	0	3448	0	0	0	0	0	0	0	0	0	0	0	0	0	0	0	0	0	0	0	0	0	0	0	0	0	0	
269416	Temporal_Inf_L	804	0	560	0	0	0	94	0	0	0	318	0	0	0	208	0	1592	0	556	0	0	0	0	0	0	0	0	0	6140	0	0	0	0	0	1492	272	8810	224	3598	148	506	0	1586	0	486	0	1532	0	230	0	4532	0	8492	0	16902	122	586	0	150	0	946	0	1114	0	1888	0	3160	0	270	0	0	0	456	0	0	0	188	0	3354	0	16714	0	5656	0	31938	0	4130	0	0	0	3150	0	554	0	0	0	440	0	690	0	120	0	0	0	0	0	0	0	0	0	0	0	0	0	0	0	
345604	Temporal_Inf_R	0	2484	0	0	0	0	0	0	0	0	0	1114	0	0	0	0	0	958	0	2130	0	0	0	0	0	0	0	0	0	3144	0	0	1888	1018	180	2496	0	10692	0	6676	0	534	242	2364	0	878	92	776	0	1384	0	1324	0	15456	0	31192	0	3238	0	2328	0	1474	0	3598	0	1712	3234	13576	0	4018	0	0	0	4392	0	0	0	0	0	1964	0	7452	0	1970	0	30186	0	3448	0	0	0	1358	0	488	0	0	0	324	0	918	0	0	0	102	0	0	0	0	0	0	0	0	0	0	0	0	
506796	Cerebelum_Crus1_L	0	0	0	0	0	0	0	0	0	0	0	0	0	0	0	0	0	0	0	0	0	0	0	0	0	0	0	0	0	0	0	0	0	0	0	0	132	0	312	0	0	0	194	194	0	156	7360	2910	0	204	336	146	884	0	17520	1048	0	0	0	0	0	0	0	0	0	0	0	114	0	0	0	0	0	0	0	0	0	0	0	0	0	0	0	0	0	0	0	0	3150	0	0	6694	43672	8238	1664	518	29938	918	52656	5804	14046	1834	12098	4500	3798	1446	596	106	508	1194	5626	9038	10526	1580	1468	272	
443576	Cerebelum_Crus1_R	0	110	0	0	0	0	0	0	0	0	0	144	0	0	0	0	0	0	0	0	0	0	0	0	0	0	0	0	0	120	0	0	0	0	0	0	0	1600	0	1792	0	0	0	226	0	0	3114	2302	0	0	0	0	0	252	0	13494	0	0	0	0	0	0	0	0	0	0	0	0	0	0	0	0	0	548	0	0	0	0	0	0	0	0	0	0	0	0	0	0	0	1358	6694	0	7884	50824	0	3028	620	19636	5030	45704	248	4306	584	13902	430	4776	104	302	142	1624	6648	7114	10078	3140	3406	504	
477124	Cerebelum_Crus2_L	0	0	0	0	0	0	0	0	0	0	0	0	0	0	0	0	0	0	0	0	0	0	0	0	0	0	0	0	0	0	0	0	0	0	0	0	0	0	96	0	0	0	0	0	0	0	3700	1274	0	0	0	0	0	0	3120	542	0	0	0	0	0	0	0	0	0	0	0	0	0	0	0	0	0	0	0	0	0	0	0	0	0	0	0	0	0	0	0	0	554	0	43672	7884	0	18694	296	452	3850	578	14380	4884	34672	7066	33556	12244	8792	3438	740	244	0	480	668	5960	16980	6266	3214	266	
475152	Cerebelum_Crus2_R	0	0	0	0	0	0	0	0	0	0	0	106	0	0	0	0	0	0	0	0	0	0	0	0	0	0	0	0	0	94	0	0	0	0	0	0	0	1200	0	1332	0	0	0	0	0	0	2092	268	0	0	0	0	0	0	0	4228	0	0	0	0	0	0	0	0	0	0	0	0	0	0	0	0	0	454	0	0	0	0	0	0	0	0	0	0	0	0	0	0	0	488	8238	50824	18694	0	98	2084	750	7450	4000	20694	5566	21840	9054	33666	2836	10482	396	878	112	884	1982	3174	14006	5156	4128	322	
29624	Cerebelum_3_L	0	0	0	0	0	0	0	0	0	0	0	0	0	0	0	0	0	0	0	0	0	0	0	0	0	0	0	0	0	0	0	0	0	0	0	0	0	0	0	0	0	0	0	0	0	0	344	170	0	0	0	0	0	0	0	0	0	0	0	0	0	0	0	0	0	0	0	0	0	0	0	0	0	0	0	0	0	0	0	0	0	0	0	0	0	0	0	0	0	0	1664	0	296	98	0	182	5920	0	1946	0	88	0	208	128	628	112	156	0	412	1542	626	170	122	0	0	0	
65616	Cerebelum_3_R	0	0	0	0	0	0	0	0	0	0	0	0	0	0	0	0	0	0	0	0	0	0	0	0	0	0	0	0	0	0	0	0	0	0	0	0	0	342	0	434	0	108	0	0	0	0	318	188	0	0	0	0	0	0	0	172	0	0	0	0	0	0	0	0	0	0	0	0	0	0	0	0	0	0	0	0	0	0	0	0	0	0	0	0	0	0	0	0	0	0	518	3028	452	2084	182	0	916	6194	414	5406	0	0	172	784	268	1358	0	0	350	4664	1638	260	878	836	844	0	
283184	Cerebelum_4_5_L	0	0	0	0	0	0	0	0	0	0	0	0	0	0	0	0	0	0	0	0	0	0	0	0	0	0	0	0	0	0	0	0	0	0	0	0	464	0	618	0	108	0	232	136	0	132	7384	1030	0	160	646	108	1346	0	16840	408	0	0	0	0	0	0	0	0	0	0	136	106	0	0	0	0	0	0	0	0	0	0	0	0	0	0	0	0	0	0	0	0	440	0	29938	620	3850	750	5920	916	0	1226	40676	1310	882	264	1268	506	3794	450	348	0	798	2614	11126	2216	616	340	336	534	
238380	Cerebelum_4_5_R	0	104	0	0	0	0	0	0	0	0	0	126	0	0	0	0	0	0	0	0	0	0	0	0	0	0	0	0	0	168	0	0	0	0	0	864	0	3390	0	4120	0	562	0	480	0	166	910	6878	0	222	0	140	0	662	236	10802	0	0	0	0	0	0	0	0	0	0	0	1302	0	0	0	0	0	536	0	0	0	192	0	0	0	0	0	0	0	0	0	0	0	324	918	19636	578	7450	0	6194	1226	0	1370	28042	0	0	0	1008	0	520	0	0	0	2404	12260	2758	710	384	984	564	
430412	Cerebelum_6_L	0	0	0	0	0	0	0	0	0	0	0	0	0	0	0	0	0	0	0	0	0	0	0	0	0	0	0	0	0	0	0	0	0	0	0	0	146	0	328	0	0	0	0	300	0	192	11840	4606	0	268	566	198	1422	0	22978	1114	0	0	0	0	0	0	0	0	0	0	0	128	0	0	0	0	0	0	0	0	0	0	0	0	0	0	0	0	0	0	0	0	690	0	52656	5030	14380	4000	1946	414	40676	1370	0	5900	3130	400	3222	1438	3514	824	674	0	504	1118	8938	10628	7386	952	934	396	
407728	Cerebelum_6_R	0	140	0	0	0	0	0	0	0	0	0	198	0	0	0	0	0	0	0	0	0	0	0	0	0	0	0	0	0	166	0	0	0	0	0	0	0	1946	0	2208	0	0	120	664	0	268	3768	7062	0	376	0	280	0	588	210	17524	0	94	0	0	0	0	0	0	0	0	0	184	0	0	0	0	0	714	0	0	0	0	0	0	0	0	0	0	0	0	0	0	0	918	5804	45704	4884	20694	0	5406	1310	28042	5900	0	164	708	360	5886	544	2966	222	552	170	2564	10580	9838	7838	2410	3080	810	
239368	Cerebelum_7b_L	0	0	0	0	0	0	0	0	0	0	0	0	0	0	0	0	0	0	0	0	0	0	0	0	0	0	0	0	0	0	0	0	0	0	0	0	0	0	0	0	0	0	0	0	0	0	0	0	0	0	0	0	0	0	602	0	0	0	0	0	0	0	0	0	0	0	0	0	0	0	0	0	0	0	0	0	0	0	0	0	0	0	0	0	0	0	0	0	120	0	14046	248	34672	5566	88	0	882	0	3130	164	0	4760	34920	3982	7580	670	662	0	0	0	0	296	3770	3030	398	98	
169436	Cerebelum_7b_R	0	0	0	0	0	0	0	0	0	0	0	0	0	0	0	0	0	0	0	0	0	0	0	0	0	0	0	0	0	0	0	0	0	0	0	0	0	0	0	0	0	0	0	0	0	0	0	0	0	0	0	0	0	0	0	0	0	0	0	0	0	0	0	0	0	0	0	0	0	0	0	0	0	0	0	0	0	0	0	0	0	0	0	0	0	0	0	0	0	0	1834	4306	7066	21840	0	0	264	0	400	708	4760	0	6276	24188	1110	6110	150	276	0	0	0	102	3258	1866	204	0	
300224	Cerebelum_8_L	0	0	0	0	0	0	0	0	0	0	0	0	0	0	0	0	0	0	0	0	0	0	0	0	0	0	0	0	0	0	0	0	0	0	0	0	0	0	0	0	0	0	0	0	0	0	0	102	0	0	0	0	0	0	532	0	0	0	0	0	0	0	0	0	0	0	0	0	0	0	0	0	0	0	0	0	0	0	0	0	0	0	0	0	0	0	0	0	0	0	12098	584	33556	9054	208	172	1268	0	3222	360	34920	6276	0	7654	18618	2108	2568	120	0	200	208	526	7586	6090	1946	136	
333184	Cerebelum_8_R	0	0	0	0	0	0	0	0	0	0	0	0	0	0	0	0	0	0	0	0	0	0	0	0	0	0	0	0	0	0	0	0	0	0	0	0	0	352	0	356	0	0	0	0	0	0	544	0	0	0	0	0	0	0	0	898	0	0	0	0	0	0	0	0	0	0	0	0	0	0	0	0	0	120	0	0	0	0	0	0	0	0	0	0	0	0	0	0	0	102	4500	13902	12244	33666	128	784	506	1008	1438	5886	3982	24188	7654	0	2974	24374	382	2026	88	710	746	1560	10992	5944	4324	214	
152900	Cerebelum_9_L	0	0	0	0	0	0	0	0	0	0	0	0	0	0	0	0	0	0	0	0	0	0	0	0	0	0	0	0	0	0	0	0	0	0	0	0	0	0	0	0	0	0	0	0	0	0	0	88	0	0	0	0	0	0	304	0	0	0	0	0	0	0	0	0	0	0	0	0	0	0	0	0	0	0	0	0	0	0	0	0	0	0	0	0	0	0	0	0	0	0	3798	430	8792	2836	628	268	3794	0	3514	544	7580	1110	18618	2974	0	2318	4732	100	0	308	994	1824	4626	3414	2228	628	
181660	Cerebelum_9_R	0	0	0	0	0	0	0	0	0	0	0	0	0	0	0	0	0	0	0	0	0	0	0	0	0	0	0	0	0	0	0	0	0	0	0	0	0	0	0	0	0	0	0	0	0	0	378	0	0	0	0	0	0	0	0	0	0	0	0	0	0	0	0	0	0	0	0	0	0	0	0	0	0	0	0	0	0	0	0	0	0	0	0	0	0	0	0	0	0	0	1446	4776	3438	10482	112	1358	450	520	824	2966	670	6110	2108	24374	2318	0	310	2300	200	1256	1104	2468	6240	6680	6874	1068	
28044	Cerebelum_10_L	0	0	0	0	0	0	0	0	0	0	0	0	0	0	0	0	0	0	0	0	0	0	0	0	0	0	0	0	0	0	0	0	0	0	0	0	0	0	0	0	0	0	0	0	0	0	0	0	0	0	0	0	0	0	0	0	0	0	0	0	0	0	0	0	0	0	0	0	0	0	0	0	0	0	0	0	0	0	0	0	0	0	0	0	0	0	0	0	0	0	596	104	740	396	156	0	348	0	674	222	662	150	2568	382	4732	310	0	0	0	0	0	458	722	366	308	128	
16672	Cerebelum_10_R	0	0	0	0	0	0	0	0	0	0	0	0	0	0	0	0	0	0	0	0	0	0	0	0	0	0	0	0	0	0	0	0	0	0	0	0	0	0	0	0	0	0	0	0	0	0	0	0	0	0	0	0	0	0	0	0	0	0	0	0	0	0	0	0	0	0	0	0	0	0	0	0	0	0	0	0	0	0	0	0	0	0	0	0	0	0	0	0	0	0	106	302	244	878	0	0	0	0	0	552	0	276	120	2026	100	2300	0	0	0	0	0	130	398	446	458	0	
