data	data	513472	370748	689688	707968	146632	78728	359216	327240	84112	25056	264724	175068	264052	176228	240568	79280	240452	148708	632528	537240	84944	100212	362124	317048	45320	104332	95072	128164	619984	319888	350876	606852	137396	461316	138948	174396	216680	254740	66172	158732	30436	39192	371120	387352	246104	476660	227432	331492	299156	471944	669684	284496	173996	71188	315988	303012	291912	299332	280500	241820	279660	163788	130432	109884	179984	120340	387772	473304	347444	213940	305676	315140	257868	232436	38480	16496	156000	167796	75376	36292	203848	90780	140320	62256	250148	201456	16272	5196	186980	121288	450956	517084	270776	301516	39112	88668	288168	296236	444740	520436	182736	83108	250700	342432	89432	190280	32760	67496	29396	119904	304828	235416	262052	186476	125172	66092	
data	data	Precentral_L	Precentral_R	Frontal_Sup_L	Frontal_Sup_R	Frontal_Sup_Orb_L	Frontal_Sup_Orb_R	Frontal_Mid_L	Frontal_Mid_R	Frontal_Mid_Orb_L	Frontal_Mid_Orb_R	Frontal_Inf_Oper_L	Frontal_Inf_Oper_R	Frontal_Inf_Tri_L	Frontal_Inf_Tri_R	Frontal_Inf_Orb_L	Frontal_Inf_Orb_R	Rolandic_Oper_L	Rolandic_Oper_R	Supp_Motor_Area_L	Supp_Motor_Area_R	Olfactory_L	Olfactory_R	Frontal_Sup_Medial_L	Frontal_Sup_Medial_R	Frontal_Med_Orb_L	Frontal_Med_Orb_R	Rectus_L	Rectus_R	Insula_L	Insula_R	Cingulum_Ant_L	Cingulum_Ant_R	Cingulum_Mid_L	Cingulum_Mid_R	Cingulum_Post_L	Cingulum_Post_R	Hippocampus_L	Hippocampus_R	ParaHippocampal_L	ParaHippocampal_R	Amygdala_L	Amygdala_R	Calcarine_L	Calcarine_R	Cuneus_L	Cuneus_R	Lingual_L	Lingual_R	Occipital_Sup_L	Occipital_Sup_R	Occipital_Mid_L	Occipital_Mid_R	Occipital_Inf_L	Occipital_Inf_R	Fusiform_L	Fusiform_R	Postcentral_L	Postcentral_R	Parietal_Sup_L	Parietal_Sup_R	Parietal_Inf_L	Parietal_Inf_R	SupraMarginal_L	SupraMarginal_R	Angular_L	Angular_R	Precuneus_L	Precuneus_R	Paracentral_Lobule_L	Paracentral_Lobule_R	Caudate_L	Caudate_R	Putamen_L	Putamen_R	Pallidum_L	Pallidum_R	Thalamus_L	Thalamus_R	Heschl_L	Heschl_R	Temporal_Sup_L	Temporal_Sup_R	Temporal_Pole_Sup_L	Temporal_Pole_Sup_R	Temporal_Mid_L	Temporal_Mid_R	Temporal_Pole_Mid_L	Temporal_Pole_Mid_R	Temporal_Inf_L	Temporal_Inf_R	Cerebelum_Crus1_L	Cerebelum_Crus1_R	Cerebelum_Crus2_L	Cerebelum_Crus2_R	Cerebelum_3_L	Cerebelum_3_R	Cerebelum_4_5_L	Cerebelum_4_5_R	Cerebelum_6_L	Cerebelum_6_R	Cerebelum_7b_L	Cerebelum_7b_R	Cerebelum_8_L	Cerebelum_8_R	Cerebelum_9_L	Cerebelum_9_R	Cerebelum_10_L	Cerebelum_10_R	Vermis_1_2	Vermis_3	Vermis_4_5	Vermis_6	Vermis_7	Vermis_8	Vermis_9	Vermis_10	
513472	Precentral_L	0	3350	15476	862	0	0	14510	330	0	0	9700	194	1002	94	0	0	7260	1076	12076	6852	70	0	122	0	0	0	0	0	8882	348	670	226	72	5270	5784	4460	10194	2786	388	516	0	0	576	0	0	72	124	674	310	0	3224	0	114	0	800	0	27584	6218	3434	0	7774	0	3048	132	916	0	2768	292	31988	11140	6528	832	6988	440	1466	0	17692	1546	3058	0	2316	126	782	0	486	0	0	0	250	0	0	0	0	0	0	0	0	468	0	0	0	0	0	0	0	0	0	0	0	0	0	0	0	0	0	0	
370748	Precentral_R	3350	0	1296	20194	0	0	76	17134	0	0	0	6966	0	472	0	0	138	2760	6310	6284	0	0	0	0	0	0	0	0	256	4688	202	158	0	764	2058	6160	768	6340	0	680	0	0	0	1132	0	2392	0	246	0	1796	0	716	0	0	0	1110	374	22348	0	1710	0	2028	0	3556	0	110	92	4584	4720	6386	1286	11548	614	4532	124	312	3474	20774	90	652	126	344	122	162	0	538	0	0	0	126	0	0	0	0	0	0	0	108	0	88	0	0	0	0	0	0	0	0	0	0	0	0	0	0	0	0	
689688	Frontal_Sup_L	15476	1296	0	4032	10576	120	62386	1104	5282	0	12800	374	17284	458	16302	0	10626	394	45276	7558	448	0	32328	4000	1572	216	548	66	33164	374	12906	6740	3326	4384	0	0	2134	0	170	0	114	0	0	0	0	0	0	0	0	0	102	0	0	0	214	0	3846	178	126	0	320	0	118	0	96	0	78	0	6000	78	3186	1302	8154	404	300	0	520	154	444	0	2600	0	2606	0	0	0	0	0	184	0	0	0	0	0	0	0	0	0	0	0	0	0	0	0	0	0	0	0	0	0	0	0	0	0	0	0	
707968	Frontal_Sup_R	862	20194	4032	0	0	8580	466	41182	0	3106	714	5856	530	10980	0	6992	236	7188	16530	43004	0	1018	9318	33052	712	6962	186	3824	1082	11952	3858	32670	2102	15442	126	172	126	2306	0	846	0	0	0	0	0	152	0	0	0	64	0	0	0	0	0	350	384	616	0	268	0	318	0	374	0	0	0	308	1006	0	1390	19356	1334	9366	210	2692	158	16296	0	296	94	206	152	2388	0	0	0	0	0	0	0	0	0	0	0	0	0	0	0	0	0	0	0	0	0	0	0	0	0	0	0	0	0	0	0	0	
146632	Frontal_Sup_Orb_L	0	0	10576	0	0	0	868	0	12688	0	0	0	492	0	16010	0	0	0	244	78	3448	658	3312	0	2748	0	7040	912	2720	0	6122	1570	0	0	0	0	0	0	334	0	478	0	0	0	0	0	0	0	0	0	0	0	0	0	0	0	0	0	0	0	0	0	0	0	0	0	0	0	0	0	876	516	1034	192	0	0	0	0	0	0	0	0	400	0	0	0	0	0	0	0	0	0	0	0	0	0	0	0	0	0	0	0	0	0	0	0	0	0	0	0	0	0	0	0	0	0	
78728	Frontal_Sup_Orb_R	0	0	120	8580	0	0	0	1294	0	2370	0	0	0	86	0	924	0	0	0	0	0	516	436	3748	226	9348	140	7502	0	402	258	2830	0	0	0	0	0	0	0	0	0	0	0	0	0	0	0	0	0	0	0	0	0	0	0	0	0	0	0	0	0	0	0	0	0	0	0	0	0	0	78	506	0	0	0	0	0	0	0	0	0	0	0	0	0	0	0	0	0	0	0	0	0	0	0	0	0	0	0	0	0	0	0	0	0	0	0	0	0	0	0	0	0	0	0	0	
359216	Frontal_Mid_L	14510	76	62386	466	868	0	0	88	1088	0	5660	74	27268	82	11194	0	852	0	6508	356	0	0	10198	628	0	0	0	0	19700	0	3990	1386	1496	974	268	184	1332	188	0	0	0	0	0	0	0	0	0	190	0	0	314	0	0	0	0	0	554	0	352	0	854	0	0	0	68	0	174	0	698	0	286	92	2142	0	502	0	626	0	664	0	98	0	174	0	0	0	0	0	0	0	0	0	0	0	0	0	0	0	0	0	0	0	0	0	0	0	0	0	0	0	0	0	0	0	0	0	
327240	Frontal_Mid_R	330	17134	1104	41182	0	1294	88	0	0	3046	190	9526	78	17902	0	9784	164	2946	2732	7234	0	910	530	6608	0	214	118	1004	306	9464	674	9476	248	2872	300	384	260	1918	0	414	0	0	0	0	0	0	0	0	0	0	0	0	0	0	0	242	0	2062	0	206	0	326	0	472	0	0	0	70	66	0	712	1502	128	4232	0	0	338	1052	88	334	92	110	100	1054	0	0	0	0	0	0	0	0	0	0	0	0	0	0	0	0	0	0	0	0	0	0	0	0	0	0	0	0	0	0	0	0	
84112	Frontal_Mid_Orb_L	0	0	5282	0	12688	0	1088	0	0	0	0	0	1816	0	16618	0	0	0	0	0	0	0	294	0	252	0	1310	0	1342	0	614	0	0	0	0	0	0	0	0	0	0	0	0	0	0	0	0	0	0	0	0	0	0	0	0	0	0	0	0	0	0	0	0	0	0	0	0	0	0	0	0	0	226	0	0	0	0	0	0	0	0	0	526	0	0	0	0	0	0	0	0	0	0	0	0	0	0	0	0	0	0	0	0	0	0	0	0	0	0	0	0	0	0	0	0	0	
25056	Frontal_Mid_Orb_R	0	0	0	3106	0	2370	0	3046	0	0	0	0	0	0	0	3786	0	0	0	0	0	0	0	0	0	90	0	130	0	0	0	0	0	0	0	0	0	0	0	0	0	0	0	0	0	0	0	0	0	0	0	0	0	0	0	0	0	0	0	0	0	0	0	0	0	0	0	0	0	0	0	0	0	0	0	0	0	0	0	0	0	0	0	0	0	0	0	0	0	0	0	0	0	0	0	0	0	0	0	0	0	0	0	0	0	0	0	0	0	0	0	0	0	0	0	0	
264724	Frontal_Inf_Oper_L	9700	0	12800	714	0	0	5660	190	0	0	0	2526	11360	590	314	0	15044	410	8578	1796	0	0	1504	170	0	0	0	0	25342	304	5464	3552	64	112	0	0	214	0	0	0	0	0	0	0	0	0	0	0	0	0	0	0	0	0	0	0	1422	0	0	0	172	0	100	0	138	0	0	0	232	0	7062	2482	1428	0	0	0	0	0	114	0	4990	0	7736	0	0	0	0	0	78	0	0	0	0	0	0	0	0	0	0	0	0	0	0	0	0	0	0	0	0	0	0	0	0	0	0	0	
175068	Frontal_Inf_Oper_R	194	6966	374	5856	0	0	74	9526	0	0	2526	0	1302	9288	0	152	600	6250	2326	4392	0	0	0	232	0	102	0	0	2540	12662	1140	3870	0	338	0	0	0	490	0	230	0	0	0	0	0	0	0	0	0	0	0	0	0	0	0	160	0	1506	0	172	0	412	0	588	0	0	0	0	140	0	3156	2858	142	4992	0	0	0	0	0	330	168	82	448	950	0	0	0	0	0	0	0	0	0	0	0	0	0	0	0	0	0	0	0	0	0	0	0	0	0	0	0	0	0	0	0	0	
264052	Frontal_Inf_Tri_L	1002	0	17284	530	492	0	27268	78	1816	0	11360	1302	0	270	17628	0	298	0	2000	298	0	0	8222	616	0	0	0	0	31578	114	4200	1224	528	170	0	0	0	0	0	0	0	0	0	0	0	0	0	0	0	0	0	0	0	0	0	0	0	0	0	0	0	0	0	0	0	0	0	0	0	0	1746	252	1128	0	0	0	0	0	0	0	0	0	622	0	0	0	0	0	0	0	0	0	0	0	0	0	0	0	0	0	0	0	0	0	0	0	0	0	0	0	0	0	0	0	0	0	
176228	Frontal_Inf_Tri_R	94	472	458	10980	0	86	82	17902	0	0	590	9288	270	0	0	3434	92	1490	2726	5266	0	0	760	2214	0	124	0	0	586	11888	1824	11618	64	2004	0	0	0	0	0	0	0	0	0	0	0	0	0	0	0	0	0	0	0	0	0	0	0	88	0	0	0	0	0	0	0	0	0	0	0	0	550	878	240	1388	0	0	0	0	0	0	0	70	0	588	0	0	0	0	0	0	0	0	0	0	0	0	0	0	0	0	0	0	0	0	0	0	0	0	0	0	0	0	0	0	0	0	
240568	Frontal_Inf_Orb_L	0	0	16302	0	16010	0	11194	0	16618	0	314	0	17628	0	0	0	0	0	938	76	2336	0	4530	0	230	0	2382	0	20718	0	3528	348	226	0	0	0	0	0	460	0	562	0	0	0	0	0	0	0	0	0	0	0	0	0	0	0	0	0	0	0	0	0	0	0	0	0	0	0	0	0	1086	96	2170	0	0	0	0	0	0	0	0	0	2532	0	0	0	0	0	0	0	0	0	0	0	0	0	0	0	0	0	0	0	0	0	0	0	0	0	0	0	0	0	0	0	0	0	
79280	Frontal_Inf_Orb_R	0	0	0	6992	0	924	0	9784	0	3786	0	152	0	3434	0	0	0	0	316	282	66	1238	358	870	0	0	304	1624	0	4846	80	1690	0	1048	0	0	0	0	0	0	0	0	0	0	0	0	0	0	0	0	0	0	0	0	0	0	0	0	0	0	0	0	0	0	0	0	0	0	0	0	322	1032	0	492	0	0	0	0	0	0	0	0	0	0	0	0	0	0	0	0	0	0	0	0	0	0	0	0	0	0	0	0	0	0	0	0	0	0	0	0	0	0	0	0	0	0	
240452	Rolandic_Oper_L	7260	138	10626	236	0	0	852	164	0	0	15044	600	298	92	0	0	0	444	8506	1352	128	0	284	0	0	0	0	0	20434	290	1136	2562	0	158	0	0	772	0	0	0	0	0	688	0	0	0	0	0	186	0	1912	0	260	0	474	0	7128	0	434	0	316	0	2406	0	260	0	876	0	884	0	5766	2594	1302	0	0	0	152	0	3676	0	11568	0	6698	0	846	0	0	0	424	0	0	0	0	0	0	0	0	0	0	0	0	0	0	0	0	0	0	0	0	0	0	0	0	0	0	0	
148708	Rolandic_Oper_R	1076	2760	394	7188	0	0	0	2946	0	0	410	6250	0	1490	0	0	444	0	2064	5492	0	0	0	0	0	0	0	0	410	17666	264	798	0	0	0	0	0	348	0	156	0	0	0	0	0	346	0	0	0	336	0	84	0	0	0	112	0	3512	0	392	0	294	0	2030	0	0	0	298	1118	104	806	1352	100	3236	0	0	0	102	0	1512	140	2194	140	5926	0	64	0	0	0	0	0	0	0	0	0	0	0	0	0	0	0	0	0	0	0	0	0	0	0	0	0	0	0	0	0	0	
632528	Supp_Motor_Area_L	12076	6310	45276	16530	244	0	6508	2732	0	0	8578	2326	2000	2726	938	316	8506	2064	0	46788	110	0	4510	3710	0	0	0	0	14322	1314	7094	10608	8624	26072	166	272	2512	80	124	0	0	0	0	0	0	128	0	0	0	110	0	70	0	0	338	0	2424	1832	0	152	162	242	70	416	0	0	72	92	22724	3652	10658	2258	13970	794	4038	0	2182	426	196	0	2754	156	2370	244	0	0	0	0	298	0	0	0	0	0	0	0	0	0	0	0	0	0	0	0	0	0	0	0	0	0	0	0	0	0	0	0	
537240	Supp_Motor_Area_R	6852	6284	7558	43004	78	0	356	7234	0	0	1796	4392	298	5266	76	282	1352	5492	46788	0	0	0	1166	5032	0	0	0	0	1446	6086	3852	16598	3884	39766	400	1590	0	606	0	262	0	0	0	0	0	0	0	0	0	0	0	0	0	0	0	0	214	1874	0	0	0	0	0	0	0	0	64	0	11966	14460	2568	8662	1450	3094	170	804	0	2136	0	0	326	0	434	2602	0	0	0	0	0	0	0	0	0	0	0	0	0	0	0	0	0	0	0	0	0	0	0	0	0	0	0	0	0	0	0	0	
84944	Olfactory_L	70	0	448	0	3448	0	0	0	0	0	0	0	0	0	2336	66	128	0	110	0	0	3930	366	0	1006	750	5858	3156	3312	66	3268	3148	0	0	0	0	360	0	1264	0	1194	0	0	0	0	0	0	0	0	0	0	0	0	0	0	0	0	0	0	0	0	0	0	0	0	0	0	0	0	0	5206	1116	1044	186	0	0	0	0	0	0	92	0	544	0	0	0	0	0	0	0	0	0	0	0	0	0	0	0	0	0	0	0	0	0	0	0	0	0	0	0	0	0	0	0	0	0	
100212	Olfactory_R	0	0	0	1018	658	516	0	910	0	0	0	0	0	0	0	1238	0	0	0	0	3930	0	0	820	570	1254	4676	7272	0	2414	2906	5318	0	0	0	0	0	0	92	0	142	194	0	0	0	0	0	0	0	0	0	0	0	0	0	0	0	0	0	0	0	0	0	0	0	0	0	0	0	0	6408	5614	2994	1162	0	0	0	0	0	0	0	0	0	0	0	0	0	0	0	0	0	0	0	0	0	0	0	0	0	0	0	0	0	0	0	0	0	0	0	0	0	0	0	0	0	0	
362124	Frontal_Sup_Medial_L	122	0	32328	9318	3312	436	10198	530	294	0	1504	0	8222	760	4530	358	284	0	4510	1166	366	0	0	23404	2312	992	582	222	13820	396	19798	19206	5612	13438	0	0	0	0	76	0	134	0	0	0	0	0	0	0	0	0	0	0	0	0	0	0	0	0	0	0	0	0	0	0	0	0	0	0	0	0	160	66	1608	0	0	0	0	0	0	0	150	0	848	0	0	0	0	0	0	0	0	0	0	0	0	0	0	0	0	0	0	0	0	0	0	0	0	0	0	0	0	0	0	0	0	0	
317048	Frontal_Sup_Medial_R	0	0	4000	33052	0	3748	628	6608	0	0	170	232	616	2214	0	870	0	0	3710	5032	0	820	23404	0	1566	7530	158	2006	952	2560	5174	31422	1846	18082	0	0	0	0	0	0	0	0	0	0	0	0	0	0	0	0	0	0	0	0	0	0	0	0	0	0	0	0	0	0	0	0	0	0	0	0	170	898	0	1056	0	0	0	0	0	0	0	0	0	0	0	0	0	0	0	0	0	0	0	0	0	0	0	0	0	0	0	0	0	0	0	0	0	0	0	0	0	0	0	0	0	0	
45320	Frontal_Med_Orb_L	0	0	1572	712	2748	226	0	0	252	0	0	0	0	0	230	0	0	0	0	0	1006	570	2312	1566	0	2232	1852	538	0	0	4446	1118	0	0	0	0	0	0	0	0	0	0	0	0	0	0	0	0	0	0	0	0	0	0	0	0	0	0	0	0	0	0	0	0	0	0	0	0	0	0	888	292	100	0	0	0	0	0	0	0	0	0	0	0	0	0	0	0	0	0	0	0	0	0	0	0	0	0	0	0	0	0	0	0	0	0	0	0	0	0	0	0	0	0	0	0	
104332	Frontal_Med_Orb_R	0	0	216	6962	0	9348	0	214	0	90	0	102	0	124	0	0	0	0	0	0	750	1254	992	7530	2232	0	898	8834	68	190	2662	7786	0	0	0	0	0	0	0	0	0	0	0	0	0	0	0	0	0	0	0	0	0	0	0	0	0	0	0	0	0	0	0	0	0	0	0	0	0	0	350	1024	0	540	0	0	0	0	0	0	0	0	0	0	0	0	0	0	0	0	0	0	0	0	0	0	0	0	0	0	0	0	0	0	0	0	0	0	0	0	0	0	0	0	0	0	
95072	Rectus_L	0	0	548	186	7040	140	0	118	1310	0	0	0	0	0	2382	304	0	0	0	0	5858	4676	582	158	1852	898	0	3902	470	298	3870	3450	0	0	0	0	0	0	200	0	244	0	0	0	0	0	0	0	0	0	0	0	0	0	0	0	0	0	0	0	0	0	0	0	0	0	0	0	0	0	5192	2354	1114	390	0	0	0	0	0	0	0	0	0	0	0	0	0	0	0	0	0	0	0	0	0	0	0	0	0	0	0	0	0	0	0	0	0	0	0	0	0	0	0	0	0	0	
128164	Rectus_R	0	0	66	3824	912	7502	0	1004	0	130	0	0	0	0	0	1624	0	0	0	0	3156	7272	222	2006	538	8834	3902	0	0	1738	3524	9184	0	0	0	0	0	0	0	0	0	0	0	0	0	0	0	0	0	0	0	0	0	0	0	0	0	0	0	0	0	0	0	0	0	0	0	0	0	0	2940	4316	1010	378	0	0	0	0	0	0	0	0	0	0	0	0	0	0	0	0	0	0	0	0	0	0	0	0	0	0	0	0	0	0	0	0	0	0	0	0	0	0	0	0	0	0	
619984	Insula_L	8882	256	33164	1082	2720	0	19700	306	1342	0	25342	2540	31578	586	20718	0	20434	410	14322	1446	3312	0	13820	952	0	68	470	0	0	478	10002	4274	754	386	682	360	14274	364	2094	132	2714	0	118	0	0	0	0	144	0	0	370	0	0	0	2144	0	3124	0	188	0	162	0	1162	0	0	0	294	0	2800	0	7706	2716	17130	112	0	0	1844	88	4952	0	9980	0	12782	0	374	0	0	0	1716	0	0	0	0	0	0	0	0	122	0	0	0	0	0	0	0	0	0	0	0	0	0	0	0	0	0	0	
319888	Insula_R	348	4688	374	11952	0	402	0	9464	0	0	304	12662	114	11888	0	4846	290	17666	1314	6086	66	2414	396	2560	0	190	298	1738	478	0	2248	12506	0	448	80	112	72	4418	0	2244	0	1574	0	0	0	0	0	0	0	0	0	0	0	0	0	2094	0	1486	0	186	0	380	0	500	0	0	0	84	222	0	1348	4664	448	19282	0	0	100	234	0	3374	140	2368	168	7100	0	688	0	0	0	188	0	204	0	0	0	0	0	200	0	246	0	0	0	0	0	0	0	0	0	0	0	0	0	0	0	0	
350876	Cingulum_Ant_L	670	202	12906	3858	6122	258	3990	674	614	0	5464	1140	4200	1824	3528	80	1136	264	7094	3852	3268	2906	19798	5174	4446	2662	3870	3524	10002	2248	0	26068	4664	5194	0	0	0	0	136	0	218	0	0	0	0	0	0	0	0	0	0	0	0	0	0	0	0	0	0	0	0	0	0	0	0	0	0	0	0	0	7170	4968	7698	1874	0	0	0	0	0	0	626	0	1048	0	0	0	0	0	0	0	0	0	0	0	0	0	0	0	0	0	0	0	0	0	0	0	0	0	0	0	0	0	0	0	0	0	
606852	Cingulum_Ant_R	226	158	6740	32670	1570	2830	1386	9476	0	0	3552	3870	1224	11618	348	1690	2562	798	10608	16598	3148	5318	19206	31422	1118	7786	3450	9184	4274	12506	26068	0	4886	27614	0	0	0	88	78	0	96	0	0	0	0	0	0	0	0	0	0	0	0	0	0	0	0	0	0	0	0	0	0	0	0	0	0	0	0	0	5742	16720	2314	11660	0	0	0	0	0	0	1460	0	1258	106	0	0	0	0	0	0	0	0	0	0	0	0	0	0	0	0	0	0	0	0	0	0	0	0	0	0	0	0	0	0	0	0	
137396	Cingulum_Mid_L	72	0	3326	2102	0	0	1496	248	0	0	64	0	528	64	226	0	0	0	8624	3884	0	0	5612	1846	0	0	0	0	754	0	4664	4886	0	13574	4642	354	0	0	0	0	0	0	92	0	724	142	0	0	398	0	356	0	0	0	0	0	172	344	310	0	0	0	0	0	0	0	3108	1640	3076	1254	116	0	0	0	0	0	0	0	0	0	0	0	0	0	0	0	0	0	0	0	0	0	0	0	0	0	0	0	0	0	0	0	0	0	0	0	0	0	0	0	0	0	0	0	0	0	
461316	Cingulum_Mid_R	5270	764	4384	15442	0	0	974	2872	0	0	112	338	170	2004	0	1048	158	0	26072	39766	0	0	13438	18082	0	0	0	0	386	448	5194	27614	13574	0	2824	8434	0	0	0	0	0	0	0	866	128	1370	0	158	0	0	0	0	0	0	0	0	0	4030	0	102	0	0	0	0	0	0	2060	8496	9686	13436	226	438	86	0	0	0	0	0	0	0	108	0	100	0	0	0	0	0	0	0	0	0	0	0	0	0	0	0	0	0	0	0	0	0	0	0	0	0	0	0	0	0	0	0	0	0	
138948	Cingulum_Post_L	5784	2058	0	126	0	0	268	300	0	0	0	0	0	0	0	0	0	0	166	400	0	0	0	0	0	0	0	0	682	80	0	0	4642	2824	0	9130	5870	3308	1872	764	0	0	2646	86	692	190	738	764	170	0	238	0	0	0	0	0	1640	1370	76	0	0	0	0	0	0	0	7484	2008	6340	1744	0	0	0	110	0	0	2320	930	896	0	0	0	0	0	64	0	0	0	0	0	0	0	0	0	0	0	0	694	0	0	0	0	0	0	0	0	0	0	0	0	0	0	0	0	0	0	
174396	Cingulum_Post_R	4460	6160	0	172	0	0	184	384	0	0	0	0	0	0	0	0	0	0	272	1590	0	0	0	0	0	0	0	0	360	112	0	0	354	8434	9130	0	2792	6784	110	1502	0	0	0	1090	0	1346	0	3064	0	124	0	74	0	0	0	336	0	4200	0	72	0	0	0	94	0	0	2558	12026	2938	4528	90	0	0	130	0	0	5218	3950	404	0	0	0	0	0	0	0	0	0	0	0	0	0	0	0	0	0	0	1376	0	0	0	0	0	0	0	0	0	0	0	0	780	0	0	0	0	0	
216680	Hippocampus_L	10194	768	2134	126	0	0	1332	260	0	0	214	0	0	0	0	0	772	0	2512	0	360	0	0	0	0	0	0	0	14274	72	0	0	0	0	5870	2792	0	2720	10106	728	4202	0	2574	0	0	0	2962	1286	0	0	664	0	92	0	6290	0	1888	0	148	0	96	0	602	0	0	0	3436	0	2448	0	132	0	6794	104	642	0	5818	548	3276	0	2234	0	1018	0	640	0	0	0	4390	0	0	0	0	0	0	0	66	668	0	0	0	0	0	0	0	0	0	0	0	88	0	0	0	0	0	0	
254740	Hippocampus_R	2786	6340	0	2306	0	0	188	1918	0	0	0	490	0	0	0	0	0	348	80	606	0	0	0	0	0	0	0	0	364	4418	0	88	0	0	3308	6784	2720	0	120	22936	0	7386	0	1114	0	0	0	6614	0	0	0	0	0	0	0	18276	0	254	0	0	0	0	0	0	0	0	0	4154	68	0	90	126	0	8756	0	566	3762	5438	404	122	0	744	0	278	0	1114	0	0	0	1412	0	1808	0	0	0	102	0	5380	0	2318	0	0	0	276	0	0	0	0	0	0	1008	0	0	0	0	0	
66172	ParaHippocampal_L	388	0	170	0	334	0	0	0	0	0	0	0	0	0	460	0	0	0	124	0	1264	92	76	0	0	0	200	0	2094	0	136	78	0	0	1872	110	10106	120	0	0	2524	0	1824	0	0	0	2572	154	0	0	84	0	0	0	2842	0	86	0	0	0	0	0	0	0	0	0	2272	0	114	0	116	106	504	0	0	0	348	0	0	0	214	0	412	0	0	0	0	0	590	0	82	0	0	0	158	0	358	0	102	0	0	0	0	0	0	0	0	0	0	0	0	0	0	0	0	0	
158732	ParaHippocampal_R	516	680	0	846	0	0	0	414	0	0	0	230	0	0	0	0	0	156	0	262	0	0	0	0	0	0	0	0	132	2244	0	0	0	0	764	1502	728	22936	0	0	0	5102	0	628	0	0	0	6044	0	0	0	0	0	0	0	14420	0	66	0	0	0	0	0	0	0	0	0	1720	0	0	0	0	0	4516	0	446	376	1502	158	0	0	278	0	716	0	408	0	168	0	858	0	1502	0	0	0	244	0	6208	0	1806	0	0	0	298	0	0	0	0	0	0	492	0	0	0	0	0	
30436	Amygdala_L	0	0	114	0	478	0	0	0	0	0	0	0	0	0	562	0	0	0	0	0	1194	142	134	0	0	0	244	0	2714	0	218	96	0	0	0	0	4202	0	2524	0	0	0	0	0	0	0	0	0	0	0	0	0	0	0	1514	0	0	0	0	0	0	0	0	0	0	0	0	0	0	0	176	168	444	0	0	0	0	0	0	0	0	0	154	0	0	0	0	0	140	0	0	0	0	0	0	0	0	0	0	0	0	0	0	0	0	0	0	0	0	0	0	0	0	0	0	0	
39192	Amygdala_R	0	0	0	0	0	0	0	0	0	0	0	0	0	0	0	0	0	0	0	0	0	194	0	0	0	0	0	0	0	1574	0	0	0	0	0	0	0	7386	0	5102	0	0	0	0	0	0	0	0	0	0	0	0	0	0	0	3038	0	0	0	0	0	0	0	0	0	0	0	0	0	0	0	0	0	1532	0	0	0	0	0	0	0	0	0	770	0	0	0	0	0	0	0	0	0	0	0	0	0	0	0	0	0	0	0	0	0	0	0	0	0	0	0	0	0	0	0	0	
371120	Calcarine_L	576	0	0	0	0	0	0	0	0	0	0	0	0	0	0	0	688	0	0	0	0	0	0	0	0	0	0	0	118	0	0	0	92	0	2646	0	2574	0	1824	0	0	0	0	12628	20206	6644	16774	6218	15960	3774	39462	1224	12604	0	5592	82	1170	0	1522	68	650	0	942	0	372	0	19952	1004	510	0	0	0	0	0	0	0	0	0	628	0	670	0	0	0	5716	0	0	0	1252	0	340	0	0	0	0	0	176	70	406	84	0	0	0	0	0	0	0	0	0	0	156	186	0	0	0	0	
387352	Calcarine_R	0	1132	0	0	0	0	0	0	0	0	0	0	0	0	0	0	0	0	0	0	0	0	0	0	0	0	0	0	0	0	0	0	0	866	86	1090	0	1114	0	628	0	0	12628	0	5592	36272	1686	28662	318	32962	410	17724	0	6132	0	7672	0	3126	76	1938	0	82	0	356	0	228	948	22260	0	1374	0	0	0	0	0	0	0	0	0	80	0	396	0	0	0	3796	0	0	0	2046	0	86	0	0	0	0	0	634	156	328	0	0	0	0	0	0	0	0	0	0	544	248	0	0	0	0	
246104	Cuneus_L	0	0	0	0	0	0	0	0	0	0	0	0	0	0	0	0	0	0	0	0	0	0	0	0	0	0	0	0	0	0	0	0	724	128	692	0	0	0	0	0	0	0	20206	5592	0	9614	1796	296	27498	1732	22276	918	2178	68	480	82	244	0	3832	250	276	0	108	0	282	0	15300	3282	848	104	0	0	0	0	0	0	0	0	234	0	0	0	0	0	2956	122	0	0	934	0	0	0	0	0	0	0	0	0	0	0	0	0	0	0	0	0	0	0	0	0	0	0	0	0	0	0	
476660	Cuneus_R	72	2392	0	152	0	0	0	0	0	0	0	0	0	0	0	0	0	346	128	0	0	0	0	0	0	0	0	0	0	0	0	0	142	1370	190	1346	0	0	0	0	0	0	6644	36272	9614	0	188	7252	750	51290	436	18612	0	1280	0	2500	120	10484	628	14442	0	3372	0	1792	0	886	6918	43994	0	3662	0	0	0	0	0	0	0	0	0	374	0	1490	0	0	0	5336	0	0	0	3234	0	0	0	0	0	0	0	110	0	156	0	0	0	0	0	0	0	0	0	0	250	106	0	0	0	0	
227432	Lingual_L	124	0	0	0	0	0	0	0	0	0	0	0	0	0	0	0	0	0	0	0	0	0	0	0	0	0	0	0	0	0	0	0	0	0	738	0	2962	0	2572	0	0	0	16774	1686	1796	188	0	3458	2220	282	15154	0	7356	0	14510	314	88	0	172	0	112	0	78	0	0	0	3476	0	0	0	0	0	0	0	0	0	148	0	0	0	70	0	0	0	160	0	0	0	314	0	7664	854	540	134	0	0	7666	682	13402	1150	0	0	0	126	0	0	0	0	0	238	2710	3116	586	96	0	0	
331492	Lingual_R	674	246	0	0	0	0	190	0	0	0	0	0	0	0	0	0	0	0	0	0	0	0	0	0	0	0	0	0	144	0	0	0	0	158	764	3064	1286	6614	154	6044	0	0	6218	28662	296	7252	3458	0	0	13020	146	6466	82	5298	1160	16480	0	544	0	544	0	0	0	0	0	0	80	9974	0	294	0	0	490	0	0	0	372	690	146	70	0	98	0	0	0	194	0	0	0	776	2570	3526	562	470	0	0	528	8272	5122	6446	0	118	0	128	0	64	0	0	0	0	6030	8148	1614	0	0	0	
299156	Occipital_Sup_L	310	0	0	0	0	0	0	0	0	0	0	0	0	0	0	0	186	0	0	0	0	0	0	0	0	0	0	0	0	0	0	0	398	0	170	0	0	0	0	0	0	0	15960	318	27498	750	2220	0	0	400	48504	304	5132	0	1868	0	2042	0	18582	0	3460	0	186	0	258	0	15938	1056	336	0	0	0	0	0	0	0	0	0	488	0	126	0	0	0	2006	0	0	0	862	0	220	0	0	0	0	0	0	0	0	0	0	0	0	0	0	0	0	0	0	0	0	0	0	0	0	0	
471944	Occipital_Sup_R	0	1796	0	64	0	0	0	0	0	0	0	0	0	0	0	0	0	336	110	0	0	0	0	0	0	0	0	0	0	0	0	0	0	0	0	124	0	0	0	0	0	0	3774	32962	1732	51290	282	13020	400	0	228	34944	0	2526	0	4418	94	7702	528	21574	0	6474	0	1502	0	6048	1918	29058	0	2204	0	0	0	0	0	0	0	0	0	252	0	1090	0	0	0	6030	0	0	0	2776	0	0	0	0	0	0	0	148	0	248	0	0	0	0	0	0	0	0	0	0	180	140	0	0	0	0	
669684	Occipital_Mid_L	3224	0	102	0	0	0	314	0	0	0	0	0	0	0	0	0	1912	0	0	0	0	0	0	0	0	0	0	0	370	0	0	0	356	0	238	0	664	0	84	0	0	0	39462	410	22276	436	15154	146	48504	228	0	198	28438	0	11974	0	14060	0	34512	0	21786	0	3760	0	21770	0	31406	302	1010	0	0	0	0	0	0	0	0	0	2706	0	1354	0	0	0	20856	0	0	0	4872	0	932	0	0	0	0	0	108	0	700	0	0	0	0	0	0	0	0	0	0	0	0	218	0	0	0	0	
284496	Occipital_Mid_R	0	716	0	0	0	0	0	0	0	0	0	0	0	0	0	0	0	84	70	0	0	0	0	0	0	0	0	0	0	0	0	0	0	0	0	74	0	0	0	0	0	0	1224	17724	918	18612	0	6466	304	34944	198	0	0	6122	0	4216	82	1482	430	7990	0	1224	0	296	0	12098	1338	11336	0	170	0	0	0	0	0	0	0	0	0	118	0	670	0	0	0	11154	0	0	0	2002	0	100	0	0	0	0	0	0	0	86	0	0	0	0	0	0	0	0	0	0	0	0	0	0	0	0	
173996	Occipital_Inf_L	114	0	0	0	0	0	0	0	0	0	0	0	0	0	0	0	260	0	0	0	0	0	0	0	0	0	0	0	0	0	0	0	0	0	0	0	92	0	0	0	0	0	12604	0	2178	0	7356	82	5132	0	28438	0	0	0	11124	0	1060	0	1930	0	1192	0	610	0	292	0	1936	0	138	0	0	0	0	0	0	0	0	0	502	0	260	0	0	0	4896	0	0	0	4132	0	1194	0	78	0	0	0	106	0	898	0	0	0	0	0	0	0	0	0	0	0	0	394	0	0	0	0	
71188	Occipital_Inf_R	0	0	0	0	0	0	0	0	0	0	0	0	0	0	0	0	0	0	0	0	0	0	0	0	0	0	0	0	0	0	0	0	0	0	0	0	0	0	0	0	0	0	0	6132	68	1280	0	5298	0	2526	0	6122	0	0	0	9166	0	180	0	232	0	0	0	0	0	0	0	508	0	0	0	0	0	0	0	0	0	0	0	0	0	0	0	0	0	460	0	0	0	2936	0	228	0	0	0	0	0	0	0	200	0	0	0	0	0	0	0	0	0	0	130	128	0	0	0	0	
315988	Fusiform_L	800	0	214	0	0	0	0	0	0	0	0	0	0	0	0	0	474	0	338	0	0	0	0	0	0	0	0	0	2144	0	0	0	0	0	0	0	6290	0	2842	0	1514	0	5592	0	480	0	14510	1160	1868	0	11974	0	11124	0	0	162	1326	0	802	0	1334	0	834	0	1512	0	1290	0	508	0	0	0	368	0	0	0	0	0	2504	0	3810	0	1748	0	5308	0	698	0	15138	0	18082	438	2402	0	402	0	9152	344	22024	564	236	0	1246	0	132	0	162	0	0	0	1626	2290	228	0	0	0	
303012	Fusiform_R	0	1110	0	350	0	0	0	242	0	0	0	160	0	0	0	0	0	112	0	0	0	0	0	0	0	0	0	0	0	2094	0	0	0	0	0	336	0	18276	0	14420	0	3038	82	7672	82	2500	314	16480	0	4418	0	4216	0	9166	162	0	0	1028	0	366	0	0	0	0	0	0	0	1826	0	102	0	0	0	2572	0	116	0	384	0	276	0	822	0	2028	0	3948	0	530	0	8794	778	9450	72	314	0	210	706	9452	1248	13560	0	0	0	464	0	0	0	0	0	0	5036	1704	410	80	0	0	
291912	Postcentral_L	27584	374	3846	384	0	0	554	0	0	0	1422	0	0	0	0	0	7128	0	2424	214	0	0	0	0	0	0	0	0	3124	0	0	0	172	0	1640	0	1888	0	86	0	0	0	1170	0	244	120	88	0	2042	94	14060	82	1060	0	1326	0	0	112	14398	0	20556	0	14090	0	2440	0	8856	118	5192	192	436	0	156	0	0	0	86	0	2238	0	3522	0	0	0	2102	0	0	0	336	0	0	0	0	0	0	0	0	0	0	0	0	0	0	0	0	0	0	0	0	0	0	0	0	0	0	0	
299332	Postcentral_R	6218	22348	178	616	0	0	0	2062	0	0	0	1506	0	88	0	0	0	3512	1832	1874	0	0	0	0	0	0	0	0	0	1486	0	0	344	4030	1370	4200	0	254	0	66	0	0	0	3126	0	10484	0	544	0	7702	0	1482	0	180	0	1028	112	0	0	10284	0	6160	0	10080	0	130	270	16344	7058	18178	106	92	0	810	0	0	0	0	0	558	0	984	0	0	0	1214	0	0	0	756	0	0	0	0	0	0	0	0	0	0	0	0	0	0	0	0	0	0	0	0	0	0	0	0	0	0	
280500	Parietal_Sup_L	3434	0	126	0	0	0	352	0	0	0	0	0	0	0	0	0	434	0	0	0	0	0	0	0	0	0	0	0	188	0	0	0	310	0	76	0	148	0	0	0	0	0	1522	76	3832	628	172	0	18582	528	34512	430	1930	0	802	0	14398	0	0	0	17656	0	1878	0	5788	0	28260	1642	186	0	0	0	0	0	0	0	0	0	238	0	306	0	0	0	1164	0	0	0	564	0	88	0	0	0	0	0	0	0	0	0	0	0	0	0	0	0	0	0	0	0	0	0	0	0	0	0	
241820	Parietal_Sup_R	0	1710	0	268	0	0	0	206	0	0	0	172	0	0	0	0	0	392	152	0	0	0	0	0	0	0	0	0	0	186	0	0	0	102	0	72	0	0	0	0	0	0	68	1938	250	14442	0	544	0	21574	0	7990	0	232	0	366	0	10284	0	0	0	18336	0	5394	0	8232	186	16382	0	2306	0	0	0	162	0	0	0	0	0	318	0	908	0	0	0	5066	0	0	0	2672	0	0	0	0	0	0	0	0	0	0	0	0	0	0	0	0	0	0	0	0	0	0	0	0	0	0	
279660	Parietal_Inf_L	7774	0	320	0	0	0	854	0	0	0	172	0	0	0	0	0	316	0	162	0	0	0	0	0	0	0	0	0	162	0	0	0	0	0	0	0	96	0	0	0	0	0	650	0	276	0	112	0	3460	0	21786	0	1192	0	1334	0	20556	0	17656	0	0	0	15368	0	29590	0	3062	0	156	86	0	0	0	0	0	0	0	0	208	0	1478	0	0	0	9052	0	0	0	3878	0	74	0	0	0	0	0	0	0	0	0	0	0	0	0	0	0	0	0	0	0	0	0	0	0	0	0	
163788	Parietal_Inf_R	0	2028	0	318	0	0	0	326	0	0	0	412	0	0	0	0	0	294	242	0	0	0	0	0	0	0	0	0	0	380	0	0	0	0	0	0	0	0	0	0	0	0	0	82	0	3372	0	0	0	6474	0	1224	0	0	0	0	0	6160	0	18336	0	0	0	13212	0	12274	0	3804	70	474	0	0	0	220	0	0	0	0	0	602	0	1548	0	0	0	8046	0	0	0	1996	0	0	0	0	0	0	0	0	0	0	0	0	0	0	0	0	0	0	0	0	0	0	0	0	0	0	
130432	SupraMarginal_L	3048	0	118	0	0	0	0	0	0	0	100	0	0	0	0	0	2406	0	70	0	0	0	0	0	0	0	0	0	1162	0	0	0	0	0	0	0	602	0	0	0	0	0	942	0	108	0	78	0	186	0	3760	0	610	0	834	0	14090	0	1878	0	15368	0	0	0	5302	0	1408	0	0	0	0	0	0	0	0	0	0	0	258	0	8458	0	0	0	3234	0	0	0	1196	0	0	0	0	0	0	0	0	0	0	0	0	0	0	0	0	0	0	0	0	0	0	0	0	0	0	0	
109884	SupraMarginal_R	132	3556	0	374	0	0	0	472	0	0	0	588	0	0	0	0	0	2030	416	0	0	0	0	0	0	0	0	0	0	500	0	0	0	0	0	94	0	0	0	0	0	0	0	356	0	1792	0	0	0	1502	0	296	0	0	0	0	0	10080	0	5394	0	13212	0	0	0	4094	96	2180	222	198	0	0	0	358	0	0	0	0	0	1008	0	4638	0	0	0	1256	0	0	0	98	0	0	0	0	0	0	0	0	0	0	0	0	0	0	0	0	0	0	0	0	0	0	0	0	0	0	
179984	Angular_L	916	0	96	0	0	0	68	0	0	0	138	0	0	0	0	0	260	0	0	0	0	0	0	0	0	0	0	0	0	0	0	0	0	0	0	0	0	0	0	0	0	0	372	0	282	0	0	0	258	0	21770	0	292	0	1512	0	2440	0	5788	0	29590	0	5302	0	0	0	1734	0	0	0	0	0	0	0	0	0	0	0	148	0	2178	0	0	0	12216	0	0	0	4632	0	0	0	0	0	0	0	0	0	0	0	0	0	0	0	0	0	0	0	0	0	0	0	0	0	0	0	
120340	Angular_R	0	110	0	0	0	0	0	0	0	0	0	0	0	0	0	0	0	0	0	0	0	0	0	0	0	0	0	0	0	0	0	0	0	0	0	0	0	0	0	0	0	0	0	228	0	886	0	0	0	6048	0	12098	0	0	0	0	0	130	0	8232	0	12274	0	4094	0	0	0	594	0	0	0	0	0	0	0	0	0	0	0	300	0	2810	0	0	0	9980	0	0	0	2386	0	0	0	0	0	0	0	0	0	0	0	0	0	0	0	0	0	0	0	0	0	0	0	0	0	0	
387772	Precuneus_L	2768	92	78	0	0	0	174	0	0	0	0	0	0	0	0	0	876	0	72	64	0	0	0	0	0	0	0	0	294	0	0	0	3108	2060	7484	2558	3436	0	2272	0	0	0	19952	948	15300	6918	3476	80	15938	1918	31406	1338	1936	0	1290	0	8856	270	28260	186	3062	0	1408	96	1734	0	0	12792	3398	472	0	0	0	0	0	0	0	0	618	0	814	0	0	0	4580	162	0	0	1278	64	0	0	0	0	0	0	0	0	0	0	0	0	0	0	0	0	0	0	0	0	0	0	0	0	0	0	
473304	Precuneus_R	292	4584	0	308	0	0	0	70	0	0	0	0	0	0	0	0	0	298	92	0	0	0	0	0	0	0	0	0	0	84	0	0	1640	8496	2008	12026	0	4154	0	1720	0	0	1004	22260	3282	43994	0	9974	1056	29058	302	11336	0	508	0	1826	118	16344	1642	16382	0	3804	0	2180	0	594	12792	0	206	6408	0	0	0	0	0	0	172	340	0	368	0	1598	0	0	0	6832	0	0	0	3702	0	0	0	0	0	0	0	1482	0	64	0	0	0	0	0	0	0	0	0	0	1252	0	0	0	0	0	
347444	Paracentral_Lobule_L	31988	4720	6000	1006	0	0	698	66	0	0	232	140	0	0	0	0	884	1118	22724	11966	0	0	0	0	0	0	0	0	2800	222	0	0	3076	9686	6340	2938	2448	68	114	0	0	0	510	0	848	0	0	0	336	0	1010	0	138	0	508	0	5192	7058	186	0	156	70	0	222	0	0	3398	206	0	13376	7924	474	6682	174	4340	0	10098	256	174	0	504	118	206	0	166	0	0	0	158	0	0	0	0	0	0	0	0	0	0	0	0	0	0	0	0	0	0	0	0	0	0	0	0	0	0	0	
213940	Paracentral_Lobule_R	11140	6386	78	0	0	0	0	0	0	0	0	0	0	0	0	0	0	104	3652	14460	0	0	0	0	0	0	0	0	0	0	0	0	1254	13436	1744	4528	0	0	0	0	0	0	0	1374	104	3662	0	294	0	2204	0	170	0	0	0	102	192	18178	0	2306	86	474	0	198	0	0	472	6408	13376	0	0	0	0	0	0	0	64	0	0	0	0	112	0	0	0	142	0	0	0	200	0	0	0	0	0	0	0	0	0	0	0	0	0	0	0	0	0	0	0	0	70	0	0	0	0	0	
305676	Caudate_L	6528	1286	3186	1390	876	78	286	712	0	0	7062	3156	1746	550	1086	322	5766	806	10658	2568	5206	6408	160	170	888	350	5192	2940	7706	1348	7170	5742	116	226	0	90	132	90	116	0	176	0	0	0	0	0	0	0	0	0	0	0	0	0	0	0	436	106	0	0	0	0	0	0	0	0	0	0	7924	0	0	12670	18488	3556	1764	0	8722	536	0	0	2824	0	3410	114	0	0	0	0	0	0	0	0	0	0	0	0	0	0	0	0	0	0	0	0	0	0	0	0	0	0	0	0	0	0	0	0	
315140	Caudate_R	832	11548	1302	19356	516	506	92	1502	0	0	2482	2858	252	878	96	1032	2594	1352	2258	8662	1116	5614	66	898	292	1024	2354	4316	2716	4664	4968	16720	0	438	0	0	0	126	106	0	168	0	0	0	0	0	0	0	0	0	0	0	0	0	0	0	0	92	0	0	0	0	0	0	0	0	0	0	474	0	12670	0	6142	13500	0	1426	848	15566	0	178	1386	78	1322	184	0	0	0	0	0	0	0	0	0	0	0	0	0	0	0	0	0	0	0	0	0	0	0	0	0	0	0	0	0	0	0	0	
257868	Putamen_L	6988	614	8154	1334	1034	0	2142	128	226	0	1428	142	1128	240	2170	0	1302	100	13970	1450	1044	2994	1608	0	100	0	1114	1010	17130	448	7698	2314	0	86	0	0	6794	0	504	0	444	0	0	0	0	0	0	490	0	0	0	0	0	0	368	0	156	0	0	0	0	0	0	0	0	0	0	0	6682	0	18488	6142	0	2788	3832	0	1250	146	0	0	816	0	1580	0	0	0	0	0	358	0	0	0	0	0	0	0	0	0	0	0	0	0	0	0	0	0	0	0	0	0	0	0	0	0	0	0	
232436	Putamen_R	440	4532	404	9366	192	0	0	4232	0	0	0	4992	0	1388	0	492	0	3236	794	3094	186	1162	0	1056	0	540	390	378	112	19282	1874	11660	0	0	110	130	104	8756	0	4516	0	1532	0	0	0	0	0	0	0	0	0	0	0	0	0	2572	0	810	0	162	0	220	0	358	0	0	0	0	174	0	3556	13500	2788	0	0	1386	198	1332	0	1852	0	320	0	778	0	104	0	0	0	0	0	300	0	0	0	0	0	412	0	372	0	0	0	74	0	0	0	0	0	0	0	0	0	0	0	0	
38480	Pallidum_L	1466	124	300	210	0	0	502	0	0	0	0	0	0	0	0	0	0	0	4038	170	0	0	0	0	0	0	0	0	0	0	0	0	0	0	0	0	642	0	0	0	0	0	0	0	0	0	0	0	0	0	0	0	0	0	0	0	0	0	0	0	0	0	0	0	0	0	0	0	4340	0	1764	0	3832	0	0	0	1852	0	0	0	0	0	0	0	0	0	0	0	0	0	0	0	0	0	0	0	0	0	0	0	0	0	0	0	0	0	0	0	0	0	0	0	0	0	0	0	
16496	Pallidum_R	0	312	0	2692	0	0	0	0	0	0	0	0	0	0	0	0	0	0	0	804	0	0	0	0	0	0	0	0	0	0	0	0	0	0	0	0	0	566	0	446	0	0	0	0	0	0	0	0	0	0	0	0	0	0	0	116	0	0	0	0	0	0	0	0	0	0	0	0	0	0	0	1426	0	1386	0	0	0	500	0	0	0	0	0	0	0	0	0	0	0	0	0	0	0	0	0	0	0	0	0	0	0	0	0	0	0	0	0	0	0	0	0	0	0	0	0	0	
156000	Thalamus_L	17692	3474	520	158	0	0	626	338	0	0	0	0	0	0	0	0	152	0	2182	0	0	0	0	0	0	0	0	0	1844	100	0	0	0	0	2320	5218	5818	3762	348	376	0	0	0	0	0	0	148	372	0	0	0	0	0	0	0	0	86	0	0	0	0	0	0	0	0	0	0	172	10098	64	8722	848	1250	198	1852	0	0	8322	470	0	124	0	0	0	0	0	0	0	0	0	0	0	0	0	0	0	0	346	0	0	0	0	0	0	0	0	0	0	0	0	0	0	0	0	0	0	
167796	Thalamus_R	1546	20774	154	16296	0	0	0	1052	0	0	0	0	0	0	0	0	0	102	426	2136	0	0	0	0	0	0	0	0	88	234	0	0	0	0	930	3950	548	5438	0	1502	0	0	0	0	0	0	0	690	0	0	0	0	0	0	0	384	0	0	0	0	0	0	0	0	0	0	0	340	256	0	536	15566	146	1332	0	500	8322	0	66	0	0	0	0	0	0	0	0	0	0	0	0	0	0	0	0	0	0	584	0	0	0	0	0	0	0	0	0	0	0	0	0	0	0	0	0	0	
75376	Heschl_L	3058	90	444	0	0	0	664	88	0	0	114	0	0	0	0	0	3676	0	196	0	0	0	0	0	0	0	0	0	4952	0	0	0	0	0	896	404	3276	404	0	158	0	0	628	0	234	0	0	146	488	0	2706	0	502	0	2504	0	2238	0	238	0	208	0	258	0	148	0	618	0	174	0	0	0	0	0	0	0	470	66	0	0	3536	0	0	0	2310	0	0	0	1652	0	0	0	0	0	0	0	0	144	0	0	0	0	0	0	0	0	0	0	0	0	0	0	0	0	0	0	
36292	Heschl_R	0	652	0	296	0	0	0	334	0	0	0	330	0	0	0	0	0	1512	0	0	0	0	0	0	0	0	0	0	0	3374	0	0	0	0	0	0	0	122	0	0	0	0	0	80	0	374	0	70	0	252	0	118	0	0	0	276	0	558	0	318	0	602	0	1008	0	300	0	368	0	0	0	178	0	1852	0	0	0	0	0	0	0	4048	0	0	0	904	0	0	0	220	0	0	0	0	0	0	0	0	0	0	0	0	0	0	0	0	0	0	0	0	0	0	0	0	0	0	
203848	Temporal_Sup_L	2316	126	2600	94	0	0	98	92	0	0	4990	168	0	0	0	0	11568	140	2754	326	92	0	150	0	0	0	0	0	9980	140	626	1460	0	108	0	0	2234	0	214	0	0	0	670	0	0	0	70	0	126	0	1354	0	260	0	3810	0	3522	0	306	0	1478	0	8458	0	2178	0	814	0	504	0	2824	1386	816	0	0	0	124	0	3536	0	0	0	7214	0	14836	0	0	0	7362	0	0	0	0	0	0	0	0	0	0	0	0	0	0	0	0	0	0	0	0	0	0	0	0	0	0	0	
90780	Temporal_Sup_R	126	344	0	206	0	0	0	110	0	0	0	82	0	70	0	0	0	2194	156	0	0	0	0	0	0	0	0	0	0	2368	0	0	0	0	0	0	0	744	0	278	0	0	0	396	0	1490	0	98	0	1090	0	670	0	0	0	822	0	984	0	908	0	1548	0	4638	0	2810	0	1598	118	112	0	78	0	320	0	0	0	0	0	4048	0	0	0	2148	0	11686	0	120	0	2868	0	0	0	0	0	0	0	84	0	78	0	0	0	0	0	0	0	0	0	0	0	0	0	0	0	0	
140320	Temporal_Pole_Sup_L	782	122	2606	152	400	0	174	100	526	0	7736	448	622	0	2532	0	6698	140	2370	434	544	0	848	0	0	0	0	0	12782	168	1048	1258	0	100	0	0	1018	0	412	0	154	0	0	0	0	0	0	0	0	0	0	0	0	0	1748	0	0	0	0	0	0	0	0	0	0	0	0	0	206	0	3410	1322	1580	0	0	0	0	0	0	0	7214	0	0	0	4278	0	2620	0	3608	0	0	0	0	0	0	0	0	0	0	0	0	0	0	0	0	0	0	0	0	0	0	0	0	0	0	0	
62256	Temporal_Pole_Sup_R	0	162	0	2388	0	0	0	1054	0	0	0	950	0	588	0	0	0	5926	244	2602	0	0	0	0	0	0	0	0	0	7100	0	106	0	0	0	0	0	278	0	716	0	770	0	0	0	0	0	0	0	0	0	0	0	0	0	2028	0	0	0	0	0	0	0	0	0	0	0	0	0	0	114	184	0	778	0	0	0	0	0	0	0	2148	0	0	0	1610	0	1034	0	348	0	0	0	0	0	0	0	0	0	0	0	0	0	0	0	0	0	0	0	0	0	0	0	0	0	0	
250148	Temporal_Mid_L	486	0	0	0	0	0	0	0	0	0	0	0	0	0	0	0	846	0	0	0	0	0	0	0	0	0	0	0	374	0	0	0	0	0	64	0	640	0	0	0	0	0	5716	0	2956	0	160	0	2006	0	20856	0	4896	0	5308	0	2102	0	1164	0	9052	0	3234	0	12216	0	4580	0	166	0	0	0	0	0	0	0	0	0	2310	0	14836	0	4278	0	0	0	2418	0	24298	0	112	0	0	0	0	0	0	0	0	0	0	0	0	0	0	0	0	0	0	0	0	0	0	0	0	0	
201456	Temporal_Mid_R	0	538	0	0	0	0	0	0	0	0	0	0	0	0	0	0	0	64	0	0	0	0	0	0	0	0	0	0	0	688	0	0	0	0	0	0	0	1114	0	408	0	0	0	3796	122	5336	0	194	0	6030	0	11154	0	460	0	3948	0	1214	0	5066	0	8046	0	1256	0	9980	162	6832	0	142	0	0	0	104	0	0	0	0	0	904	0	11686	0	1610	0	0	0	342	0	19230	0	112	0	0	0	0	0	0	0	190	0	0	0	0	0	0	0	0	0	0	0	0	0	0	0	0	
16272	Temporal_Pole_Mid_L	0	0	0	0	0	0	0	0	0	0	0	0	0	0	0	0	0	0	0	0	0	0	0	0	0	0	0	0	0	0	0	0	0	0	0	0	0	0	0	0	0	0	0	0	0	0	0	0	0	0	0	0	0	0	698	0	0	0	0	0	0	0	0	0	0	0	0	0	0	0	0	0	0	0	0	0	0	0	0	0	0	0	2620	0	2418	0	0	0	2400	0	0	0	0	0	0	0	0	0	0	0	0	0	0	0	0	0	0	0	0	0	0	0	0	0	0	0	
5196	Temporal_Pole_Mid_R	0	0	0	0	0	0	0	0	0	0	0	0	0	0	0	0	0	0	0	0	0	0	0	0	0	0	0	0	0	0	0	0	0	0	0	0	0	0	0	168	0	0	0	0	0	0	0	0	0	0	0	0	0	0	0	530	0	0	0	0	0	0	0	0	0	0	0	0	0	0	0	0	0	0	0	0	0	0	0	0	0	120	0	1034	0	342	0	0	0	404	0	0	0	0	0	0	0	0	0	0	0	0	0	0	0	0	0	0	0	0	0	0	0	0	0	0	
186980	Temporal_Inf_L	250	0	184	0	0	0	0	0	0	0	78	0	0	0	0	0	424	0	298	0	0	0	0	0	0	0	0	0	1716	0	0	0	0	0	0	0	4390	0	590	0	140	0	1252	0	934	0	314	0	862	0	4872	0	4132	0	15138	0	336	0	564	0	3878	0	1196	0	4632	0	1278	0	158	0	0	0	358	0	0	0	0	0	1652	0	7362	0	3608	0	24298	0	2400	0	0	0	3188	0	358	0	72	0	578	0	1714	0	76	0	210	0	0	0	0	0	0	0	0	0	0	0	0	0	
121288	Temporal_Inf_R	0	126	0	0	0	0	0	0	0	0	0	0	0	0	0	0	0	0	0	0	0	0	0	0	0	0	0	0	0	188	0	0	0	0	0	0	0	1412	0	858	0	0	0	2046	0	3234	0	776	0	2776	0	2002	0	2936	0	8794	0	756	0	2672	0	1996	0	98	0	2386	64	3702	0	200	0	0	0	0	0	0	0	0	0	220	0	2868	0	348	0	19230	0	404	0	0	0	394	0	0	0	0	0	0	0	158	0	0	0	0	0	0	0	0	0	0	0	0	0	0	0	0	
450956	Cerebelum_Crus1_L	0	0	0	0	0	0	0	0	0	0	0	0	0	0	0	0	0	0	0	0	0	0	0	0	0	0	0	0	0	0	0	0	0	0	0	0	0	0	82	0	0	0	340	0	0	0	7664	2570	220	0	932	0	1194	0	18082	778	0	0	88	0	74	0	0	0	0	0	0	0	0	0	0	0	0	0	0	0	0	0	0	0	0	0	0	0	112	0	0	0	3188	0	0	3434	30518	1318	2230	408	29866	1746	63060	4472	10092	626	16938	838	3004	416	2378	66	96	670	5832	6458	3702	1126	518	342	
517084	Cerebelum_Crus1_R	0	0	0	0	0	0	0	0	0	0	0	0	0	0	0	0	0	0	0	0	0	0	0	0	0	0	0	0	0	204	0	0	0	0	0	0	0	1808	0	1502	0	0	0	86	0	0	854	3526	0	0	0	100	0	228	438	9450	0	0	0	0	0	0	0	0	0	0	0	0	0	0	0	0	0	300	0	0	0	0	0	0	0	0	0	0	0	112	0	0	0	394	3434	0	2512	31864	84	4270	3088	26708	4348	63866	1122	2362	576	27518	70	7052	0	4702	736	4552	15186	11760	14708	5638	2526	858	
270776	Cerebelum_Crus2_L	0	0	0	0	0	0	0	0	0	0	0	0	0	0	0	0	0	0	0	0	0	0	0	0	0	0	0	0	0	0	0	0	0	0	0	0	0	0	0	0	0	0	0	0	0	0	540	562	0	0	0	0	78	0	2402	72	0	0	0	0	0	0	0	0	0	0	0	0	0	0	0	0	0	0	0	0	0	0	0	0	0	0	0	0	0	0	0	0	358	0	30518	2512	0	5010	226	0	3270	180	10834	2032	29330	2302	30496	810	3218	0	1684	0	0	0	582	1576	5432	1144	108	112	
301516	Cerebelum_Crus2_R	0	0	0	0	0	0	0	0	0	0	0	0	0	0	0	0	0	0	0	0	0	0	0	0	0	0	0	0	0	0	0	0	0	0	0	0	0	0	0	0	0	0	0	0	0	0	134	470	0	0	0	0	0	0	0	314	0	0	0	0	0	0	0	0	0	0	0	0	0	0	0	0	0	0	0	0	0	0	0	0	0	0	0	0	0	0	0	0	0	0	1318	31864	5010	0	0	980	832	2626	1022	14662	1228	12090	930	32050	116	5944	0	2836	526	1564	2912	4082	16166	7908	2526	648	
39112	Cerebelum_3_L	0	0	0	0	0	0	0	0	0	0	0	0	0	0	0	0	0	0	0	0	0	0	0	0	0	0	0	0	0	0	0	0	0	0	0	0	0	0	158	0	0	0	0	0	0	0	0	0	0	0	0	0	0	0	402	0	0	0	0	0	0	0	0	0	0	0	0	0	0	0	0	0	0	0	0	0	0	0	0	0	0	0	0	0	0	0	0	0	72	0	2230	84	226	0	0	0	8162	96	2832	126	108	0	242	0	480	108	0	0	392	1632	1614	174	94	102	124	98	
88668	Cerebelum_3_R	0	0	0	0	0	0	0	0	0	0	0	0	0	0	0	0	0	0	0	0	0	0	0	0	0	0	0	0	0	0	0	0	0	0	0	0	0	102	0	244	0	0	0	0	0	0	0	0	0	0	0	0	0	0	0	210	0	0	0	0	0	0	0	0	0	0	0	0	0	0	0	0	0	0	0	0	0	0	0	0	0	0	0	0	0	0	0	0	0	0	408	4270	0	980	0	0	1208	5726	486	7500	0	0	82	1806	126	2348	0	360	712	8880	3446	530	1256	1600	1704	350	
288168	Cerebelum_4_5_L	0	0	0	0	0	0	0	0	0	0	0	0	0	0	0	0	0	0	0	0	0	0	0	0	0	0	0	0	0	0	0	0	0	0	0	0	66	0	358	0	0	0	176	0	0	0	7666	528	0	0	108	0	106	0	9152	706	0	0	0	0	0	0	0	0	0	0	0	0	0	0	0	0	0	0	0	0	0	0	0	0	0	0	0	0	0	0	0	0	578	0	29866	3088	3270	832	8162	1208	0	2660	37044	4164	916	0	2668	1116	2348	1218	596	180	474	3002	14558	2694	1132	1072	1018	1354	
296236	Cerebelum_4_5_R	468	108	0	0	0	0	0	0	0	0	0	0	0	0	0	0	0	0	0	0	0	0	0	0	0	0	0	0	122	200	0	0	0	0	694	1376	668	5380	0	6208	0	0	70	634	0	110	682	8272	0	148	0	0	0	0	344	9452	0	0	0	0	0	0	0	0	0	0	0	1482	0	0	0	0	0	412	0	0	346	584	144	0	0	84	0	0	0	0	0	0	0	0	1746	26708	180	2626	96	5726	2660	0	2418	37498	0	82	0	3528	0	550	0	594	96	3798	18128	1310	1218	836	230	102	
444740	Cerebelum_6_L	0	0	0	0	0	0	0	0	0	0	0	0	0	0	0	0	0	0	0	0	0	0	0	0	0	0	0	0	0	0	0	0	0	0	0	0	0	0	102	0	0	0	406	156	0	0	13402	5122	0	0	700	0	898	0	22024	1248	0	0	0	0	0	0	0	0	0	0	0	0	0	0	0	0	0	0	0	0	0	0	0	0	0	0	0	0	0	0	0	0	1714	0	63060	4348	10834	1022	2832	486	37044	2418	0	6016	4492	264	8756	1012	2932	788	2664	160	140	850	9238	11420	3244	1060	814	704	
520436	Cerebelum_6_R	0	88	0	0	0	0	0	0	0	0	0	0	0	0	0	0	0	0	0	0	0	0	0	0	0	0	0	0	0	246	0	0	0	0	0	0	0	2318	0	1806	0	0	84	328	0	156	1150	6446	0	248	0	86	0	200	564	13560	0	0	0	0	0	0	0	0	0	0	0	64	0	0	0	0	0	372	0	0	0	0	0	0	0	78	0	0	0	190	0	0	0	158	4472	63866	2032	14662	126	7500	4164	37498	6016	0	1120	550	568	14320	82	4346	0	2420	882	7172	22598	13786	14034	5520	3364	978	
182736	Cerebelum_7b_L	0	0	0	0	0	0	0	0	0	0	0	0	0	0	0	0	0	0	0	0	0	0	0	0	0	0	0	0	0	0	0	0	0	0	0	0	0	0	0	0	0	0	0	0	0	0	0	0	0	0	0	0	0	0	236	0	0	0	0	0	0	0	0	0	0	0	0	0	0	0	0	0	0	0	0	0	0	0	0	0	0	0	0	0	0	0	0	0	76	0	10092	1122	29330	1228	108	0	916	0	4492	1120	0	1164	30514	1092	2706	0	1072	0	0	0	110	220	3312	2458	0	0	
83108	Cerebelum_7b_R	0	0	0	0	0	0	0	0	0	0	0	0	0	0	0	0	0	0	0	0	0	0	0	0	0	0	0	0	0	0	0	0	0	0	0	0	0	0	0	0	0	0	0	0	0	0	0	118	0	0	0	0	0	0	0	0	0	0	0	0	0	0	0	0	0	0	0	0	0	0	0	0	0	0	0	0	0	0	0	0	0	0	0	0	0	0	0	0	0	0	626	2362	2302	12090	0	0	0	82	264	550	1164	0	1028	13298	0	370	0	0	0	90	188	426	3862	2572	162	0	
250700	Cerebelum_8_L	0	0	0	0	0	0	0	0	0	0	0	0	0	0	0	0	0	0	0	0	0	0	0	0	0	0	0	0	0	0	0	0	0	0	0	0	0	0	0	0	0	0	0	0	0	0	0	0	0	0	0	0	0	0	1246	0	0	0	0	0	0	0	0	0	0	0	0	0	0	0	0	0	0	0	0	0	0	0	0	0	0	0	0	0	0	0	0	0	210	0	16938	576	30496	930	242	82	2668	0	8756	568	30514	1028	0	1896	14206	704	3542	0	0	90	398	578	2810	5282	1222	368	
342432	Cerebelum_8_R	0	0	0	0	0	0	0	0	0	0	0	0	0	0	0	0	0	0	0	0	0	0	0	0	0	0	0	0	0	0	0	0	0	0	0	0	0	276	0	298	0	0	0	0	0	0	126	128	0	0	0	0	0	0	0	464	0	0	0	0	0	0	0	0	0	0	0	0	0	0	0	0	0	74	0	0	0	0	0	0	0	0	0	0	0	0	0	0	0	0	838	27518	810	32050	0	1806	1116	3528	1012	14320	1092	13298	1896	0	314	20904	0	7550	636	2418	3410	4874	11312	11890	5674	1584	
89432	Cerebelum_9_L	0	0	0	0	0	0	0	0	0	0	0	0	0	0	0	0	0	0	0	0	0	0	0	0	0	0	0	0	0	0	0	0	0	0	0	0	0	0	0	0	0	0	0	0	0	0	0	0	0	0	0	0	0	0	132	0	0	0	0	0	0	0	0	0	0	0	0	0	0	0	0	0	0	0	0	0	0	0	0	0	0	0	0	0	0	0	0	0	0	0	3004	70	3218	116	480	126	2348	0	2932	82	2706	0	14206	314	0	1764	3734	0	0	136	1054	712	1160	2482	2416	1524	
190280	Cerebelum_9_R	0	0	0	0	0	0	0	0	0	0	0	0	0	0	0	0	0	0	0	0	0	0	0	0	0	0	0	0	0	0	0	0	0	0	0	0	0	0	0	0	0	0	0	0	0	0	0	64	0	0	0	0	0	0	0	0	0	0	0	0	0	0	0	0	0	0	0	0	0	0	0	0	0	0	0	0	0	0	0	0	0	0	0	0	0	0	0	0	0	0	416	7052	0	5944	108	2348	1218	550	788	4346	0	370	704	20904	1764	0	126	7016	644	3168	3718	5458	6750	7322	8984	5378	
32760	Cerebelum_10_L	0	0	0	0	0	0	0	0	0	0	0	0	0	0	0	0	0	0	0	0	0	0	0	0	0	0	0	0	0	0	0	0	0	0	0	0	0	0	0	0	0	0	0	0	0	0	0	0	0	0	0	0	0	0	162	0	0	0	0	0	0	0	0	0	0	0	0	0	0	0	0	0	0	0	0	0	0	0	0	0	0	0	0	0	0	0	0	0	0	0	2378	0	1684	0	0	0	596	0	2664	0	1072	0	3542	0	3734	126	0	0	0	0	0	0	0	192	136	94	
67496	Cerebelum_10_R	0	0	0	0	0	0	0	0	0	0	0	0	0	0	0	0	0	0	0	0	0	0	0	0	0	0	0	0	0	0	0	0	0	0	0	0	0	0	0	0	0	0	0	0	0	0	0	0	0	0	0	0	0	0	0	0	0	0	0	0	0	0	0	0	0	0	0	0	0	0	0	0	0	0	0	0	0	0	0	0	0	0	0	0	0	0	0	0	0	0	66	4702	0	2836	0	360	180	594	160	2420	0	0	0	7550	0	7016	0	0	0	402	502	1362	2244	1386	1534	434	
29396	Vermis_1_2	0	0	0	0	0	0	0	0	0	0	0	0	0	0	0	0	0	0	0	0	0	0	0	0	0	0	0	0	0	0	0	0	0	0	0	0	0	0	0	0	0	0	0	0	0	0	0	0	0	0	0	0	0	0	0	0	0	0	0	0	0	0	0	0	0	0	0	0	0	0	0	0	0	0	0	0	0	0	0	0	0	0	0	0	0	0	0	0	0	0	96	736	0	526	392	712	474	96	140	882	0	0	0	636	0	644	0	0	0	5284	1380	636	580	594	692	198	
119904	Vermis_3	0	0	0	0	0	0	0	0	0	0	0	0	0	0	0	0	0	0	0	0	0	0	0	0	0	0	0	0	0	0	0	0	0	0	0	0	88	0	0	0	0	0	0	0	0	0	238	0	0	0	0	0	0	0	0	0	0	0	0	0	0	0	0	0	0	0	0	0	0	0	0	0	0	0	0	0	0	0	0	0	0	0	0	0	0	0	0	0	0	0	670	4552	0	1564	1632	8880	3002	3798	850	7172	0	90	90	2418	136	3168	0	402	5284	0	6826	1474	2054	2368	2624	572	
304828	Vermis_4_5	0	0	0	0	0	0	0	0	0	0	0	0	0	0	0	0	0	0	0	0	0	0	0	0	0	0	0	0	0	0	0	0	0	0	0	780	0	1008	0	492	0	0	156	544	0	250	2710	6030	0	180	0	0	0	130	1626	5036	0	0	0	0	0	0	0	0	0	0	0	1252	0	70	0	0	0	0	0	0	0	0	0	0	0	0	0	0	0	0	0	0	0	0	5832	15186	582	2912	1614	3446	14558	18128	9238	22598	110	188	398	3410	1054	3718	0	502	1380	6826	0	8360	3378	2886	2618	3228	
