data	data	401176	221960	871776	940328	165596	60884	470996	176172	107016	13740	216368	167440	204472	153732	221292	69764	199784	131228	662648	958588	59484	75192	505724	392176	52588	119304	43116	63100	539144	327736	351836	707392	218156	639192	159200	194584	230236	304832	71988	177496	30180	46284	276448	307468	239356	293928	261956	283144	240772	273344	431296	228284	124644	66452	290204	355136	213664	168380	166532	125432	261612	115772	115600	121780	167272	117832	266320	407492	295040	198728	237564	320792	347296	281564	61864	31912	131308	221176	74772	42992	197332	164308	96448	85244	303796	352704	47088	43328	257920	252296	486380	484720	315464	278280	42088	105932	294368	253104	406044	481028	217832	149648	250792	270336	96412	173908	15192	6928	43688	85732	290420	268676	316292	149424	128036	57464	
data	data	Precentral_L	Precentral_R	Frontal_Sup_L	Frontal_Sup_R	Frontal_Sup_Orb_L	Frontal_Sup_Orb_R	Frontal_Mid_L	Frontal_Mid_R	Frontal_Mid_Orb_L	Frontal_Mid_Orb_R	Frontal_Inf_Oper_L	Frontal_Inf_Oper_R	Frontal_Inf_Tri_L	Frontal_Inf_Tri_R	Frontal_Inf_Orb_L	Frontal_Inf_Orb_R	Rolandic_Oper_L	Rolandic_Oper_R	Supp_Motor_Area_L	Supp_Motor_Area_R	Olfactory_L	Olfactory_R	Frontal_Sup_Medial_L	Frontal_Sup_Medial_R	Frontal_Med_Orb_L	Frontal_Med_Orb_R	Rectus_L	Rectus_R	Insula_L	Insula_R	Cingulum_Ant_L	Cingulum_Ant_R	Cingulum_Mid_L	Cingulum_Mid_R	Cingulum_Post_L	Cingulum_Post_R	Hippocampus_L	Hippocampus_R	ParaHippocampal_L	ParaHippocampal_R	Amygdala_L	Amygdala_R	Calcarine_L	Calcarine_R	Cuneus_L	Cuneus_R	Lingual_L	Lingual_R	Occipital_Sup_L	Occipital_Sup_R	Occipital_Mid_L	Occipital_Mid_R	Occipital_Inf_L	Occipital_Inf_R	Fusiform_L	Fusiform_R	Postcentral_L	Postcentral_R	Parietal_Sup_L	Parietal_Sup_R	Parietal_Inf_L	Parietal_Inf_R	SupraMarginal_L	SupraMarginal_R	Angular_L	Angular_R	Precuneus_L	Precuneus_R	Paracentral_Lobule_L	Paracentral_Lobule_R	Caudate_L	Caudate_R	Putamen_L	Putamen_R	Pallidum_L	Pallidum_R	Thalamus_L	Thalamus_R	Heschl_L	Heschl_R	Temporal_Sup_L	Temporal_Sup_R	Temporal_Pole_Sup_L	Temporal_Pole_Sup_R	Temporal_Mid_L	Temporal_Mid_R	Temporal_Pole_Mid_L	Temporal_Pole_Mid_R	Temporal_Inf_L	Temporal_Inf_R	Cerebelum_Crus1_L	Cerebelum_Crus1_R	Cerebelum_Crus2_L	Cerebelum_Crus2_R	Cerebelum_3_L	Cerebelum_3_R	Cerebelum_4_5_L	Cerebelum_4_5_R	Cerebelum_6_L	Cerebelum_6_R	Cerebelum_7b_L	Cerebelum_7b_R	Cerebelum_8_L	Cerebelum_8_R	Cerebelum_9_L	Cerebelum_9_R	Cerebelum_10_L	Cerebelum_10_R	Vermis_1_2	Vermis_3	Vermis_4_5	Vermis_6	Vermis_7	Vermis_8	Vermis_9	Vermis_10	
401176	Precentral_L	0	4266	9666	4218	0	0	17198	0	0	0	13302	0	4064	0	0	0	11080	0	4078	12306	0	0	1686	0	0	0	0	0	9900	0	1298	0	234	7310	2226	3078	7592	2622	340	398	0	0	0	0	0	0	98	154	0	0	254	0	0	0	222	0	19654	126	0	0	1444	0	766	0	0	0	242	196	25492	4546	1020	0	6840	146	4110	0	10090	2052	2768	0	2772	0	190	0	170	0	0	0	374	0	0	0	0	0	0	0	0	0	0	0	0	0	0	0	0	0	0	0	0	0	0	0	0	0	0	0	
221960	Precentral_R	4266	0	662	15084	0	0	128	3912	0	0	0	3134	0	260	0	0	142	666	876	12578	0	0	0	0	0	0	0	0	148	686	98	570	480	8376	734	2698	288	3840	0	122	0	0	0	298	0	0	0	0	0	134	0	850	0	0	0	0	144	7502	0	108	0	998	0	1234	0	0	0	528	8242	12126	804	2110	216	736	0	0	1836	8124	0	0	0	130	0	0	0	3280	0	0	0	1832	0	0	0	0	0	0	0	0	0	0	0	0	0	0	0	0	0	0	0	0	0	0	0	0	0	0	
871776	Frontal_Sup_L	9666	662	0	11918	11684	0	70656	178	5832	0	8512	1794	10194	1240	10964	0	4164	140	84034	18972	0	0	55274	5504	3068	0	1446	0	33906	914	17976	5550	9938	6522	352	202	706	230	0	0	0	0	0	0	0	0	0	0	0	0	210	0	0	0	0	0	936	0	0	0	208	0	0	0	0	0	0	0	696	0	13374	1016	19676	1524	2212	142	470	586	856	0	508	0	1276	0	0	0	0	0	0	0	0	0	0	0	0	0	0	0	0	0	0	0	0	0	0	0	0	0	0	0	0	0	0	0	0	0	
940328	Frontal_Sup_R	4218	15084	11918	0	480	2838	1816	34274	348	920	536	5278	254	12362	1450	6176	2092	5038	15580	94452	0	216	9152	37544	0	5906	0	1698	3662	15130	6558	55654	3472	24108	516	1150	646	3292	0	500	0	0	0	0	0	0	0	0	0	0	0	634	0	0	0	174	1598	508	0	0	0	0	0	0	0	0	0	200	3768	0	4468	23596	3886	13114	98	3422	1998	24750	310	546	932	0	116	0	0	1138	0	0	0	590	0	0	0	0	0	0	0	0	0	0	0	0	0	0	0	0	0	0	0	0	0	0	0	0	0	0	
165596	Frontal_Sup_Orb_L	0	0	11684	480	0	0	1764	0	15400	0	1234	0	112	0	13492	0	230	0	1100	480	952	0	7088	0	4792	0	4258	0	7386	0	1786	0	0	0	0	0	172	0	0	0	114	0	0	0	0	0	0	0	0	0	0	0	0	0	0	0	0	0	0	0	0	0	0	0	0	0	0	0	0	0	286	0	9748	0	0	0	0	0	0	0	0	0	240	0	0	0	0	0	0	0	0	0	0	0	0	0	0	0	0	0	0	0	0	0	0	0	0	0	0	0	0	0	0	0	0	0	
60884	Frontal_Sup_Orb_R	0	0	0	2838	0	0	0	730	0	1258	0	0	0	0	0	3026	0	0	0	0	304	1236	296	2188	136	7028	128	6832	0	994	190	1488	0	0	0	0	0	0	0	0	0	166	0	0	0	0	0	0	0	0	0	0	0	0	0	0	0	0	0	0	0	0	0	0	0	0	0	0	0	0	258	686	0	660	0	0	0	0	0	0	0	0	0	0	0	0	0	0	0	0	0	0	0	0	0	0	0	0	0	0	0	0	0	0	0	0	0	0	0	0	0	0	0	0	0	0	
470996	Frontal_Mid_L	17198	128	70656	1816	1764	0	0	0	3530	0	12460	206	22564	212	8184	0	2000	0	17354	3030	0	0	25022	2494	0	0	0	0	18844	136	8018	2658	4312	2626	0	0	420	0	0	0	0	0	0	0	0	0	0	0	0	0	248	0	0	0	0	0	800	0	0	0	348	0	170	0	0	0	124	0	676	0	3120	438	2092	196	974	0	0	0	104	0	0	0	576	0	0	0	0	0	0	0	0	0	0	0	0	0	0	0	0	0	0	0	0	0	0	0	0	0	0	0	0	0	0	0	0	0	
176172	Frontal_Mid_R	0	3912	178	34274	0	730	0	0	0	1056	0	4966	0	10264	0	3790	0	134	2430	5976	0	0	194	3712	0	0	0	0	0	2404	330	9044	0	2470	0	0	0	226	0	0	0	0	0	0	0	0	0	0	0	0	0	0	0	0	0	0	0	0	0	0	0	0	0	0	0	0	0	0	0	0	380	766	0	508	0	0	0	342	0	0	0	0	0	0	0	0	0	0	0	0	0	0	0	0	0	0	0	0	0	0	0	0	0	0	0	0	0	0	0	0	0	0	0	0	0	0	
107016	Frontal_Mid_Orb_L	0	0	5832	348	15400	0	3530	0	0	0	556	0	146	0	17064	0	174	0	680	348	0	0	994	0	184	0	744	0	3582	0	184	0	0	0	0	0	166	0	0	0	0	0	0	0	0	0	0	0	0	0	0	0	0	0	0	0	0	0	0	0	0	0	0	0	0	0	0	0	0	0	0	0	3408	0	0	0	0	0	0	0	0	0	168	0	0	0	0	0	0	0	0	0	0	0	0	0	0	0	0	0	0	0	0	0	0	0	0	0	0	0	0	0	0	0	0	0	
13740	Frontal_Mid_Orb_R	0	0	0	920	0	1258	0	1056	0	0	0	0	0	0	0	3392	0	0	0	0	0	0	0	0	0	0	0	0	0	0	0	138	0	106	0	0	0	0	0	0	0	0	0	0	0	0	0	0	0	0	0	0	0	0	0	0	0	0	0	0	0	0	0	0	0	0	0	0	0	0	0	0	0	0	0	0	0	0	0	0	0	0	0	0	0	0	0	0	0	0	0	0	0	0	0	0	0	0	0	0	0	0	0	0	0	0	0	0	0	0	0	0	0	0	0	0	
216368	Frontal_Inf_Oper_L	13302	0	8512	536	1234	0	12460	0	556	0	0	198	15050	206	2772	0	10350	0	2326	552	0	0	4020	136	0	0	0	0	17042	0	4530	366	574	108	0	0	442	0	0	0	0	0	0	0	0	0	0	0	0	0	0	0	0	0	134	0	3626	0	0	0	0	0	0	0	0	0	0	0	110	0	0	0	2406	0	456	0	140	0	114	0	1912	0	3858	0	0	0	0	0	156	0	0	0	0	0	0	0	0	0	0	0	0	0	0	0	0	0	0	0	0	0	0	0	0	0	0	0	
167440	Frontal_Inf_Oper_R	0	3134	1794	5278	0	0	206	4966	0	0	198	0	0	12578	0	160	0	2482	3410	5180	0	0	380	2152	0	1412	0	0	0	8346	1932	14012	0	1424	0	0	0	404	0	170	0	0	0	0	0	0	0	0	0	0	0	0	0	0	0	114	0	746	0	0	0	0	0	0	0	0	0	0	0	0	2590	6442	434	3194	0	0	0	378	0	0	0	0	0	204	0	0	0	0	0	0	0	0	0	0	0	0	0	0	0	0	0	0	0	0	0	0	0	0	0	0	0	0	0	0	0	0	
204472	Frontal_Inf_Tri_L	4064	0	10194	254	112	0	22564	0	146	0	15050	0	0	98	11828	0	1808	0	1760	0	0	0	6682	864	0	0	0	0	18822	0	3092	506	1842	276	0	0	0	0	0	0	0	0	0	0	0	0	0	0	0	0	0	0	0	0	0	0	1120	0	0	0	0	0	0	0	0	0	0	0	0	0	0	0	410	0	0	0	0	0	0	0	216	0	528	0	0	0	0	0	0	0	0	0	0	0	0	0	0	0	0	0	0	0	0	0	0	0	0	0	0	0	0	0	0	0	0	0	
153732	Frontal_Inf_Tri_R	0	260	1240	12362	0	0	212	10264	0	0	206	12578	98	0	0	1552	0	0	2196	3230	0	0	510	4086	0	178	0	0	0	8204	1346	13520	0	1858	0	0	0	0	0	0	0	0	0	0	0	0	0	0	0	0	0	0	0	0	0	0	0	0	0	0	0	0	0	0	0	0	0	0	0	0	1126	1374	240	226	0	0	0	0	0	0	0	0	0	0	0	0	0	0	0	0	0	0	0	0	0	0	0	0	0	0	0	0	0	0	0	0	0	0	0	0	0	0	0	0	0	0	
221292	Frontal_Inf_Orb_L	0	0	10964	1450	13492	0	8184	0	17064	0	2772	0	11828	0	0	0	476	0	2380	1322	1672	0	4762	618	0	0	120	0	19604	0	1084	374	1606	234	0	0	276	0	176	0	288	0	0	0	0	0	0	0	0	0	0	0	0	0	0	0	0	0	0	0	0	0	0	0	0	0	0	0	0	0	192	0	7788	0	0	0	0	0	0	0	144	0	1776	0	0	0	0	0	0	0	0	0	0	0	0	0	0	0	0	0	0	0	0	0	0	0	0	0	0	0	0	0	0	0	0	0	
69764	Frontal_Inf_Orb_R	0	0	0	6176	0	3026	0	3790	0	3392	0	160	0	1552	0	0	0	504	0	508	162	1102	0	574	0	564	0	1158	0	5044	0	698	0	452	0	0	0	288	0	138	0	274	0	0	0	0	0	0	0	0	0	0	0	0	0	292	0	0	0	0	0	0	0	0	0	0	0	0	0	0	150	278	0	2518	0	0	0	0	0	0	0	700	0	1146	0	236	0	0	0	0	0	0	0	0	0	0	0	0	0	0	0	0	0	0	0	0	0	0	0	0	0	0	0	0	0	0	
199784	Rolandic_Oper_L	11080	142	4164	2092	230	0	2000	0	174	0	10350	0	1808	0	476	0	0	0	3206	2026	0	0	370	0	0	0	0	0	17680	0	1656	122	110	0	0	0	994	0	392	0	0	0	0	0	0	0	106	0	0	0	592	0	0	0	410	0	12154	0	0	0	640	0	2680	0	338	0	0	0	368	0	300	0	3160	0	1400	0	504	0	3270	0	9674	0	3210	0	858	0	0	0	1156	0	0	0	0	0	0	0	0	0	0	0	0	0	0	0	0	0	0	0	0	0	0	0	0	0	0	0	
131228	Rolandic_Oper_R	0	666	140	5038	0	0	0	134	0	0	0	2482	0	0	0	504	0	0	236	4402	0	0	0	190	0	134	0	0	0	16308	126	754	0	0	0	0	0	3270	0	502	0	0	0	0	0	0	0	0	0	0	0	0	0	0	0	370	0	2402	0	0	0	0	0	2944	0	102	0	0	0	0	1284	1602	0	5720	0	178	0	1532	0	5138	0	3982	0	314	0	2854	0	0	0	2306	0	0	0	0	0	0	0	0	0	0	0	0	0	0	0	0	0	0	0	0	0	0	0	0	0	0	
662648	Supp_Motor_Area_L	4078	876	84034	15580	1100	0	17354	2430	680	0	2326	3410	1760	2196	2380	0	3206	236	0	46176	0	0	10614	2794	0	0	0	0	18436	1000	9968	14846	10842	26880	846	1346	590	276	0	96	0	0	0	0	0	0	0	0	0	0	0	0	0	0	0	0	762	0	0	0	0	0	0	0	0	0	232	234	8772	506	13116	1344	12980	1736	1926	144	594	602	846	0	412	0	762	0	0	0	0	0	0	0	0	0	0	0	0	0	0	0	0	0	0	0	0	0	0	0	0	0	0	0	0	0	0	0	0	0	
958588	Supp_Motor_Area_R	12306	12578	18972	94452	480	0	3030	5976	348	0	552	5180	0	3230	1322	508	2026	4402	46176	0	0	0	3860	10548	0	818	0	0	3662	5330	5932	39362	7468	69706	1184	3886	324	1212	0	458	0	0	0	138	0	0	0	0	0	306	0	154	0	0	0	160	1626	928	0	0	0	234	0	248	0	0	0	1466	28466	16274	5248	23554	4892	12286	818	3780	554	8404	380	552	940	118	116	0	0	1476	0	0	0	888	0	0	0	0	0	0	0	0	0	0	0	0	0	0	0	0	0	0	0	0	0	0	0	0	0	0	
59484	Olfactory_L	0	0	0	0	952	304	0	0	0	0	0	0	0	0	1672	162	0	0	0	0	0	4380	0	0	120	0	1598	780	2218	0	2084	1500	0	0	0	0	0	0	516	0	192	0	0	0	0	0	0	0	0	0	0	0	0	0	0	0	0	0	0	0	0	0	0	0	0	0	0	0	0	0	5546	3386	3250	258	0	0	0	0	0	0	0	0	824	0	0	0	0	0	0	0	0	0	0	0	0	0	0	0	0	0	0	0	0	0	0	0	0	0	0	0	0	0	0	0	0	0	
75192	Olfactory_R	0	0	0	216	0	1236	0	0	0	0	0	0	0	0	0	1102	0	0	0	0	4380	0	0	292	0	914	1322	2736	0	1394	2032	2116	0	0	0	0	0	260	0	134	0	866	0	0	0	0	0	0	0	0	0	0	0	0	0	0	0	0	0	0	0	0	0	0	0	0	0	0	0	0	6464	5872	4344	1916	0	0	0	0	0	0	0	0	0	0	0	0	0	0	0	0	0	0	0	0	0	0	0	0	0	0	0	0	0	0	0	0	0	0	0	0	0	0	0	0	0	0	
505724	Frontal_Sup_Medial_L	1686	0	55274	9152	7088	296	25022	194	994	0	4020	380	6682	510	4762	0	370	0	10614	3860	0	0	0	23374	5710	784	2018	182	13518	976	23908	17258	9984	12918	0	0	0	0	0	0	0	0	0	0	0	0	0	0	0	0	0	0	0	0	0	0	0	0	0	0	0	0	0	0	0	0	0	0	0	0	1582	828	8216	334	0	0	0	0	0	0	0	0	368	0	0	0	0	0	0	0	0	0	0	0	0	0	0	0	0	0	0	0	0	0	0	0	0	0	0	0	0	0	0	0	0	0	
392176	Frontal_Sup_Medial_R	0	0	5504	37544	0	2188	2494	3712	0	0	136	2152	864	4086	618	574	0	190	2794	10548	0	292	23374	0	168	10342	0	1804	1168	8126	7000	37328	4286	21062	0	0	0	174	0	0	0	0	0	0	0	0	0	0	0	0	0	0	0	0	0	0	0	0	0	0	0	0	0	0	0	0	0	0	0	0	0	3098	0	4310	0	0	0	152	0	0	0	0	0	0	0	0	0	0	0	0	0	0	0	0	0	0	0	0	0	0	0	0	0	0	0	0	0	0	0	0	0	0	0	0	0	0	
52588	Frontal_Med_Orb_L	0	0	3068	0	4792	136	0	0	184	0	0	0	0	0	0	0	0	0	0	0	120	0	5710	168	0	1016	2876	124	0	0	4662	918	0	0	0	0	0	0	0	0	0	0	0	0	0	0	0	0	0	0	0	0	0	0	0	0	0	0	0	0	0	0	0	0	0	0	0	0	0	0	176	0	2344	0	0	0	0	0	0	0	0	0	0	0	0	0	0	0	0	0	0	0	0	0	0	0	0	0	0	0	0	0	0	0	0	0	0	0	0	0	0	0	0	0	0	0	
119304	Frontal_Med_Orb_R	0	0	0	5906	0	7028	0	0	0	0	0	1412	0	178	0	564	0	134	0	818	0	914	784	10342	1016	0	0	7258	0	3264	1022	9740	0	0	0	0	0	156	0	0	0	172	0	0	0	0	0	0	0	0	0	0	0	0	0	0	0	0	0	0	0	0	0	0	0	0	0	0	0	0	0	3138	0	5680	0	0	0	126	0	0	0	0	0	0	0	0	0	0	0	0	0	0	0	0	0	0	0	0	0	0	0	0	0	0	0	0	0	0	0	0	0	0	0	0	0	0	
43116	Rectus_L	0	0	1446	0	4258	128	0	0	744	0	0	0	0	0	120	0	0	0	0	0	1598	1322	2018	0	2876	0	0	426	0	0	1682	538	0	0	0	0	0	0	0	0	0	0	0	0	0	0	0	0	0	0	0	0	0	0	0	0	0	0	0	0	0	0	0	0	0	0	0	0	0	0	1468	792	2032	110	0	0	0	0	0	0	0	0	0	0	0	0	0	0	0	0	0	0	0	0	0	0	0	0	0	0	0	0	0	0	0	0	0	0	0	0	0	0	0	0	0	0	
63100	Rectus_R	0	0	0	1698	0	6832	0	0	0	0	0	0	0	0	0	1158	0	0	0	0	780	2736	182	1804	124	7258	426	0	0	1028	424	2960	0	0	0	0	0	0	0	0	0	396	0	0	0	0	0	0	0	0	0	0	0	0	0	0	0	0	0	0	0	0	0	0	0	0	0	0	0	0	640	1606	292	1106	0	0	0	0	0	0	0	0	0	100	0	0	0	0	0	0	0	0	0	0	0	0	0	0	0	0	0	0	0	0	0	0	0	0	0	0	0	0	0	0	0	0	
539144	Insula_L	9900	148	33906	3662	7386	0	18844	0	3582	0	17042	0	18822	0	19604	0	17680	0	18436	3662	2218	0	13518	1168	0	0	0	0	0	0	3840	640	2778	542	896	786	10744	762	838	252	848	0	194	0	0	0	232	0	0	0	196	0	0	0	3502	0	5378	0	0	0	2294	0	652	0	0	0	184	0	1328	0	1112	0	19096	0	470	0	1518	238	5832	0	5422	0	5016	0	1100	0	0	0	3304	0	0	0	0	0	0	0	0	0	0	0	0	0	0	0	0	0	0	0	0	0	0	0	0	0	0	0	
327736	Insula_R	0	686	914	15130	0	994	136	2404	0	0	0	8346	0	8204	0	5044	0	16308	1000	5330	0	1394	976	8126	0	3264	0	1028	0	0	890	14528	116	1446	148	192	0	6012	0	1454	0	452	0	0	0	0	0	0	0	0	0	0	0	0	0	2118	0	1172	0	0	0	0	0	962	0	0	0	0	0	0	1720	6202	138	23320	0	172	0	3650	0	2988	0	7946	0	1810	0	5066	0	0	0	2082	0	0	0	0	0	0	0	0	0	0	0	0	0	0	0	0	0	0	0	0	0	0	0	0	0	0	
351836	Cingulum_Ant_L	1298	98	17976	6558	1786	190	8018	330	184	0	4530	1932	3092	1346	1084	0	1656	126	9968	5932	2084	2032	23908	7000	4662	1022	1682	424	3840	890	0	25584	6570	7248	244	0	0	0	0	0	0	0	0	0	0	0	0	0	0	0	0	0	0	0	0	0	0	0	0	0	0	0	0	0	0	0	0	0	0	0	6392	4082	10050	1408	0	0	0	0	0	0	154	0	538	0	0	0	0	0	0	0	0	0	0	0	0	0	0	0	0	0	0	0	0	0	0	0	0	0	0	0	0	0	0	0	0	0	
707392	Cingulum_Ant_R	0	570	5550	55654	0	1488	2658	9044	0	138	366	14012	506	13520	374	698	122	754	14846	39362	1500	2116	17258	37328	918	9740	538	2960	640	14528	25584	0	4506	35602	0	0	0	382	0	158	0	0	0	0	0	0	0	0	0	0	0	0	0	0	0	0	0	0	0	0	0	0	0	0	0	0	0	0	0	0	3552	22694	2608	11202	0	0	0	220	0	0	0	0	0	0	0	0	0	0	0	0	0	0	0	0	0	0	0	0	0	0	0	0	0	0	0	0	0	0	0	0	0	0	0	0	0	0	
218156	Cingulum_Mid_L	234	480	9938	3472	0	0	4312	0	0	0	574	0	1842	0	1606	0	110	0	10842	7468	0	0	9984	4286	0	0	0	0	2778	116	6570	4506	0	16380	6882	1030	0	0	0	0	0	0	278	0	890	0	0	0	692	0	754	0	0	0	0	0	1426	0	192	0	230	0	0	0	0	0	5190	788	3960	678	228	0	362	0	0	0	0	0	0	0	0	0	0	0	0	0	0	0	0	0	0	0	0	0	0	0	0	0	0	0	0	0	0	0	0	0	0	0	0	0	0	0	0	0	0	0	
639192	Cingulum_Mid_R	7310	8376	6522	24108	0	0	2626	2470	0	106	108	1424	276	1858	234	452	0	0	26880	69706	0	0	12918	21062	0	0	0	0	542	1446	7248	35602	16380	0	3120	9450	0	176	0	110	0	0	0	1294	0	864	0	644	0	442	0	374	0	0	0	0	0	728	0	0	0	142	0	158	0	0	746	8228	23326	16886	356	1230	0	674	0	0	198	644	0	0	0	0	0	0	0	1668	0	0	0	388	0	0	0	0	0	0	0	0	0	0	0	0	0	0	0	0	0	0	0	0	96	0	0	0	0	0	
159200	Cingulum_Post_L	2226	734	352	516	0	0	0	0	0	0	0	0	0	0	0	0	0	0	846	1184	0	0	0	0	0	0	0	0	896	148	244	0	6882	3120	0	10892	6940	5608	1008	1386	0	0	4844	212	3050	0	2024	488	1088	0	1052	0	164	0	158	266	1482	0	236	0	0	0	0	0	0	0	9148	1020	4886	576	0	0	114	0	0	0	788	2160	1216	216	158	154	0	0	490	0	0	0	478	150	0	0	0	0	0	0	0	0	0	0	0	0	0	0	0	0	0	0	0	0	0	0	0	0	0	0	
194584	Cingulum_Post_R	3078	2698	202	1150	0	0	0	0	0	0	0	0	0	0	0	0	0	0	1346	3886	0	0	0	0	0	0	0	0	786	192	0	0	1030	9450	10892	0	5796	10612	310	3378	0	0	0	3226	316	650	190	4668	0	0	0	132	0	0	108	748	96	724	0	0	0	0	0	134	0	0	996	10812	2808	4494	0	0	116	188	0	0	3508	4818	1028	260	0	172	0	0	0	872	0	0	344	458	0	0	0	0	0	0	0	0	0	0	0	0	0	0	0	0	0	0	0	0	620	0	0	0	0	0	
230236	Hippocampus_L	7592	288	706	646	172	0	420	0	166	0	442	0	0	0	276	0	994	0	590	324	0	0	0	0	0	0	0	0	10744	0	0	0	0	0	6940	5796	0	5906	7968	1970	5732	0	2476	0	0	0	4570	774	0	0	110	0	210	0	12136	392	976	0	0	0	448	0	226	0	0	0	2884	910	2956	0	122	0	3668	160	166	0	4090	3172	4316	0	1430	0	1828	0	912	0	674	0	7594	120	0	0	0	0	0	0	126	0	0	0	0	0	0	0	0	0	0	0	0	0	0	0	0	0	0	0	
304832	Hippocampus_R	2622	3840	230	3292	0	0	0	226	0	0	0	404	0	0	0	288	0	3270	276	1212	0	260	0	174	0	156	0	0	762	6012	0	382	0	176	5608	10612	5906	0	418	23214	0	6898	0	2140	0	0	322	5346	0	0	0	0	0	116	164	20106	0	1028	0	0	0	0	0	886	0	0	0	5060	0	282	162	502	0	10726	0	1344	3842	8692	976	904	0	2104	0	1562	0	2384	0	682	322	5606	0	0	0	0	0	0	0	300	0	0	0	0	0	0	0	0	0	0	0	0	620	0	0	0	0	0	
71988	ParaHippocampal_L	340	0	0	0	0	0	0	0	0	0	0	0	0	0	176	0	392	0	0	0	516	0	0	0	0	0	0	0	838	0	0	0	0	0	1008	310	7968	418	0	338	1526	0	1028	0	268	0	4148	254	0	0	234	0	1050	0	5872	130	250	0	0	0	0	0	0	0	0	0	1408	106	162	0	0	0	520	0	0	0	486	118	564	0	442	0	922	0	1196	0	644	0	1116	0	208	0	0	0	112	0	354	0	372	0	0	0	0	0	0	0	0	0	0	200	0	0	0	0	0	0	
177496	ParaHippocampal_R	398	122	0	500	0	0	0	0	0	0	0	170	0	0	0	138	0	502	96	458	0	134	0	0	0	0	0	0	252	1454	0	158	0	110	1386	3378	1970	23214	338	0	0	5674	0	1686	0	0	272	7306	0	0	0	0	0	142	136	16756	0	120	0	0	0	0	0	0	0	0	0	4078	0	206	96	214	0	4766	0	768	810	2866	340	0	0	0	0	2096	0	262	0	2502	140	1134	0	0	0	0	0	0	0	1058	0	142	0	0	0	0	0	0	0	0	0	0	400	0	0	0	0	0	
30180	Amygdala_L	0	0	0	0	114	0	0	0	0	0	0	0	0	0	288	0	0	0	0	0	192	0	0	0	0	0	0	0	848	0	0	0	0	0	0	0	5732	0	1526	0	0	0	0	0	0	0	0	0	0	0	0	0	0	0	2848	0	0	0	0	0	0	0	0	0	0	0	0	0	0	0	0	0	400	0	0	0	0	0	0	0	0	0	782	0	508	0	586	0	1266	0	0	0	0	0	0	0	0	0	0	0	0	0	0	0	0	0	0	0	0	0	0	0	0	0	0	0	
46284	Amygdala_R	0	0	0	0	0	166	0	0	0	0	0	0	0	0	0	274	0	0	0	0	0	866	0	0	0	172	0	396	0	452	0	0	0	0	0	0	0	6898	0	5674	0	0	0	0	0	0	0	0	0	0	0	0	0	0	0	3682	0	0	0	0	0	0	0	0	0	0	0	0	0	0	0	0	0	1184	0	0	0	0	0	0	0	0	0	1722	0	0	0	1534	0	122	0	0	0	0	0	0	0	0	0	0	0	0	0	0	0	0	0	0	0	0	0	0	0	0	0	0	
276448	Calcarine_L	0	0	0	0	0	0	0	0	0	0	0	0	0	0	0	0	0	0	0	0	0	0	0	0	0	0	0	0	194	0	0	0	278	0	4844	0	2476	0	1028	0	0	0	0	10176	18552	7584	16448	2892	13040	3842	29586	764	6920	0	840	0	138	0	368	0	352	0	0	0	430	0	12416	620	0	0	0	0	0	0	0	0	0	0	346	0	188	0	0	0	3026	0	0	0	876	0	0	0	0	0	0	0	0	0	0	0	0	0	0	0	0	0	0	0	0	0	0	0	0	0	0	0	
307468	Calcarine_R	0	298	0	0	0	0	0	0	0	0	0	0	0	0	0	0	0	0	0	138	0	0	0	0	0	0	0	0	0	0	0	0	0	1294	212	3226	0	2140	0	1686	0	0	10176	0	6110	25698	2166	19258	564	20428	302	16254	0	4556	0	2842	0	2106	0	274	0	0	0	0	0	188	978	21044	0	3304	0	0	0	0	0	0	0	0	0	0	0	0	0	0	0	5896	0	0	0	2378	0	0	0	0	0	0	0	0	0	0	0	0	0	0	0	0	0	0	0	0	218	0	0	0	0	0	
239356	Cuneus_L	0	0	0	0	0	0	0	0	0	0	0	0	0	0	0	0	0	0	0	0	0	0	0	0	0	0	0	0	0	0	0	0	890	0	3050	316	0	0	268	0	0	0	18552	6110	0	8756	1454	176	22820	2834	16808	482	562	0	0	0	356	0	5780	152	1344	0	0	0	120	0	21552	5916	0	132	0	0	0	0	0	0	0	0	0	0	0	0	0	0	948	0	0	0	300	0	0	0	0	0	0	0	0	0	0	0	0	0	0	0	0	0	0	0	0	0	0	0	0	0	0	0	
293928	Cuneus_R	0	0	0	0	0	0	0	0	0	0	0	0	0	0	0	0	0	0	0	0	0	0	0	0	0	0	0	0	0	0	0	0	0	864	0	650	0	0	0	0	0	0	7584	25698	8756	0	284	2076	470	34330	398	14018	0	1056	0	500	0	2296	176	7342	0	200	0	0	0	676	4672	28784	0	1564	0	0	0	0	0	0	0	0	0	0	0	110	0	0	0	3208	0	0	0	1252	0	0	0	0	0	0	0	0	0	0	0	0	0	0	0	0	0	0	0	0	0	0	0	0	0	0	
261956	Lingual_L	98	0	0	0	0	0	0	0	0	0	0	0	0	0	0	0	106	0	0	0	0	0	0	0	0	0	0	0	232	0	0	0	0	0	2024	190	4570	322	4148	272	0	0	16448	2166	1454	284	0	3086	3324	892	15100	242	12182	186	15476	400	0	0	0	0	180	0	0	0	228	0	4286	0	0	0	0	0	0	0	0	0	524	102	318	0	0	0	0	0	1086	0	0	0	708	0	8148	376	774	0	376	100	10454	172	12324	1152	0	0	0	0	0	206	0	0	0	154	2144	2306	1268	0	202	188	
283144	Lingual_R	154	0	0	0	0	0	0	0	0	0	0	0	0	0	0	0	0	0	0	0	0	0	0	0	0	0	0	0	0	0	0	0	0	644	488	4668	774	5346	254	7306	0	0	2892	19258	176	2076	3086	0	154	4868	0	5716	0	4942	696	16558	0	434	0	0	0	0	0	0	0	0	154	9298	0	960	0	0	0	0	0	0	428	916	0	0	0	0	0	0	0	1440	0	0	0	910	4322	2792	566	0	246	954	1882	5626	4714	9076	0	0	0	0	128	318	0	0	0	190	5352	6366	3688	134	322	300	
240772	Occipital_Sup_L	0	0	0	0	0	0	0	0	0	0	0	0	0	0	0	0	0	0	0	0	0	0	0	0	0	0	0	0	0	0	0	0	692	0	1088	0	0	0	0	0	0	0	13040	564	22820	470	3324	154	0	142	34628	0	416	0	0	0	686	0	14788	0	8210	0	0	0	3110	0	14582	834	0	0	0	0	0	0	0	0	0	0	0	0	0	0	0	0	838	0	0	0	0	0	0	0	0	0	0	0	0	0	0	0	0	0	0	0	0	0	0	0	0	0	0	0	0	0	0	0	
273344	Occipital_Sup_R	0	134	0	0	0	0	0	0	0	0	0	0	0	0	0	0	0	0	0	306	0	0	0	0	0	0	0	0	0	0	0	0	0	442	0	0	0	0	0	0	0	0	3842	20428	2834	34330	892	4868	142	0	112	25040	0	1224	0	1052	0	2294	0	7020	0	810	0	0	0	3454	1312	16470	0	886	0	0	0	0	0	0	0	0	0	0	0	690	0	0	0	6344	0	0	0	1746	0	0	0	0	0	0	0	0	0	0	0	0	0	0	0	0	0	0	0	0	0	0	0	0	0	0	
431296	Occipital_Mid_L	254	0	210	0	0	0	248	0	0	0	0	0	0	0	0	0	592	0	0	0	0	0	0	0	0	0	0	0	196	0	0	0	754	0	1052	0	110	0	234	0	0	0	29586	302	16808	398	15100	0	34628	112	0	0	18504	0	3622	0	3062	0	16604	0	19970	0	194	0	19782	0	9634	0	0	0	0	0	0	0	0	0	0	0	162	0	1488	0	0	0	17306	0	0	0	4462	0	116	0	0	0	0	0	0	0	158	0	0	0	0	0	0	0	0	0	0	0	0	0	0	0	0	0	
228284	Occipital_Mid_R	0	850	0	634	0	0	0	0	0	0	0	0	0	0	0	0	0	0	0	154	0	0	0	0	0	0	0	0	0	0	0	0	0	374	0	132	0	0	0	0	0	0	764	16254	482	14018	242	5716	0	25040	0	0	0	6100	0	2442	0	1058	0	2562	0	2276	0	148	0	7604	664	9972	0	998	0	0	0	0	0	0	0	0	0	0	0	1210	0	0	0	11384	0	0	0	3064	0	0	0	0	0	0	0	0	0	0	0	0	0	0	0	0	0	0	0	0	0	0	0	0	0	0	
124644	Occipital_Inf_L	0	0	0	0	0	0	0	0	0	0	0	0	0	0	0	0	0	0	0	0	0	0	0	0	0	0	0	0	0	0	0	0	0	0	164	0	210	0	1050	0	0	0	6920	0	562	0	12182	0	416	0	18504	0	0	0	10252	0	0	0	0	0	152	0	0	0	372	0	542	0	0	0	0	0	0	0	0	0	0	0	0	0	154	0	0	0	2566	0	0	0	6378	0	760	0	0	0	0	0	296	0	742	0	0	0	0	0	0	0	0	0	0	0	0	100	0	0	0	0	
66452	Occipital_Inf_R	0	0	0	0	0	0	0	0	0	0	0	0	0	0	0	0	0	0	0	0	0	0	0	0	0	0	0	0	0	0	0	0	0	0	0	0	0	116	0	142	0	0	0	4556	0	1056	186	4942	0	1224	0	6100	0	0	0	6446	0	0	0	0	0	0	0	0	0	0	0	266	0	0	0	0	0	0	0	0	0	0	0	0	0	0	0	0	0	1356	0	0	0	4282	364	446	0	0	0	0	0	0	216	524	0	0	0	0	0	0	0	0	0	0	0	508	496	0	0	0	
290204	Fusiform_L	222	0	0	0	0	0	0	0	0	0	134	0	0	0	0	0	410	0	0	0	0	0	0	0	0	0	0	0	3502	0	0	0	0	0	158	108	12136	164	5872	136	2848	0	840	0	0	0	15476	696	0	0	3622	0	10252	0	0	240	114	0	0	0	114	0	0	0	190	0	280	0	152	0	0	0	938	0	0	0	256	0	238	0	1716	0	2166	0	4254	0	3596	0	15474	0	20080	246	940	0	0	100	8984	0	21944	912	322	0	238	0	0	386	0	0	0	0	1176	1656	1034	0	392	388	
355136	Fusiform_R	0	0	0	174	0	0	0	0	0	0	0	114	0	0	0	292	0	370	0	160	0	0	0	0	0	0	0	0	0	2118	0	0	0	0	266	748	392	20106	130	16756	0	3682	0	2842	0	500	400	16558	0	1052	0	2442	0	6446	240	0	0	0	0	0	0	0	0	0	0	0	0	766	0	0	0	0	0	3364	0	820	322	1770	0	184	0	3008	0	10144	0	4376	0	4714	0	17052	2346	13202	294	96	0	96	1270	7842	2276	16442	0	0	0	0	98	304	0	0	0	0	4184	4134	1986	128	298	264	
213664	Postcentral_L	19654	144	936	1598	0	0	800	0	0	0	3626	0	1120	0	0	0	12154	0	762	1626	0	0	0	0	0	0	0	0	5378	0	0	0	1426	0	1482	96	976	0	250	0	0	0	138	0	356	0	0	0	686	0	3062	0	0	0	114	0	0	0	5428	0	18276	0	7746	0	0	0	2998	0	1932	0	192	0	2010	0	1596	0	238	0	2300	0	5674	0	0	0	1620	0	0	0	438	0	0	0	0	0	0	0	0	0	0	0	0	0	0	0	0	0	0	0	0	0	0	0	0	0	0	0	
168380	Postcentral_R	126	7502	0	508	0	0	0	0	0	0	0	746	0	0	0	0	0	2402	0	928	0	0	0	0	0	0	0	0	0	1172	0	0	0	728	0	724	0	1028	0	120	0	0	0	2106	0	2296	0	434	0	2294	0	1058	0	0	0	0	0	0	0	10640	0	9160	0	12384	0	432	220	10608	216	6842	252	0	0	138	0	0	0	116	0	0	0	1094	0	0	0	4610	0	0	0	2950	0	0	0	0	0	0	0	0	0	0	0	0	0	0	0	0	0	0	0	0	356	0	0	0	0	0	
166532	Parietal_Sup_L	0	0	0	0	0	0	0	0	0	0	0	0	0	0	0	0	0	0	0	0	0	0	0	0	0	0	0	0	0	0	0	0	192	0	236	0	0	0	0	0	0	0	368	0	5780	176	0	0	14788	0	16604	0	0	0	0	0	5428	0	0	158	17994	0	0	0	3890	0	14156	1438	146	0	0	0	0	0	0	0	0	0	0	0	206	0	0	0	1466	0	0	0	240	0	0	0	0	0	0	0	0	0	0	0	0	0	0	0	0	0	0	0	0	0	0	0	0	0	0	0	
125432	Parietal_Sup_R	0	108	0	0	0	0	0	0	0	0	0	0	0	0	0	0	0	0	0	0	0	0	0	0	0	0	0	0	0	0	0	0	0	0	0	0	0	0	0	0	0	0	0	274	152	7342	0	0	0	7020	0	2562	0	0	0	0	0	10640	158	0	0	7546	0	1224	0	3552	784	13748	0	544	0	0	0	0	0	0	0	0	0	0	0	652	0	0	0	3852	0	0	0	2558	0	0	0	0	0	0	0	0	0	0	0	0	0	0	0	0	0	0	0	0	0	0	0	0	0	0	
261612	Parietal_Inf_L	1444	0	208	0	0	0	348	0	0	0	0	0	0	0	0	0	640	0	0	0	0	0	0	0	0	0	0	0	2294	0	0	0	230	0	0	0	448	0	0	0	0	0	352	0	1344	0	180	0	8210	0	19970	0	152	0	114	0	18276	0	17994	0	0	0	15906	0	22524	0	2774	0	372	0	0	0	0	0	0	0	0	0	278	0	3158	0	0	0	10792	0	0	0	2798	0	0	0	0	0	0	0	0	0	0	0	0	0	0	0	0	0	0	0	0	0	0	0	0	0	0	0	
115772	Parietal_Inf_R	0	998	0	0	0	0	0	0	0	0	0	0	0	0	0	0	0	0	0	234	0	0	0	0	0	0	0	0	0	0	0	0	0	142	0	0	0	0	0	0	0	0	0	0	0	200	0	0	0	810	0	2276	0	0	0	0	0	9160	0	7546	0	0	0	14590	0	12972	0	1396	0	806	0	0	0	0	0	0	0	0	0	112	0	1808	0	0	0	2994	0	0	0	1842	0	0	0	0	0	0	0	0	0	0	0	0	0	0	0	0	0	0	0	0	0	0	0	0	0	0	
115600	SupraMarginal_L	766	0	0	0	0	0	170	0	0	0	0	0	0	0	0	0	2680	0	0	0	0	0	0	0	0	0	0	0	652	0	0	0	0	0	0	0	226	0	0	0	0	0	0	0	0	0	0	0	0	0	194	0	0	0	0	0	7746	0	0	0	15906	0	0	0	8128	0	0	0	0	0	0	0	0	0	0	0	0	0	318	0	9876	0	0	0	8648	0	0	0	2490	0	0	0	0	0	0	0	0	0	0	0	0	0	0	0	0	0	0	0	0	0	0	0	0	0	0	0	
121780	SupraMarginal_R	0	1234	0	0	0	0	0	0	0	0	0	0	0	0	0	0	0	2944	0	248	0	0	0	0	0	0	0	0	0	962	0	0	0	158	0	134	0	886	0	0	0	0	0	0	0	0	0	0	0	0	0	148	0	0	0	0	0	12384	0	1224	0	14590	0	0	0	8658	0	626	0	900	0	0	0	0	0	0	0	0	0	232	0	5920	0	0	0	6830	0	0	0	2812	0	0	0	0	0	0	0	0	0	0	0	0	0	0	0	0	0	0	0	0	0	0	0	0	0	0	
167272	Angular_L	0	0	0	0	0	0	0	0	0	0	0	0	0	0	0	0	338	0	0	0	0	0	0	0	0	0	0	0	0	0	0	0	0	0	0	0	0	0	0	0	0	0	430	0	120	0	228	0	3110	0	19782	0	372	0	190	0	0	0	3890	0	22524	0	8128	0	0	0	226	0	0	0	0	0	0	0	0	0	0	0	0	0	3432	0	0	0	17760	0	0	0	3106	0	0	0	0	0	0	0	0	0	0	0	0	0	0	0	0	0	0	0	0	0	0	0	0	0	0	0	
117832	Angular_R	0	0	0	0	0	0	0	0	0	0	0	0	0	0	0	0	0	102	0	0	0	0	0	0	0	0	0	0	0	0	0	0	0	0	0	0	0	0	0	0	0	0	0	188	0	676	0	0	0	3454	0	7604	0	0	0	0	0	432	0	3552	0	12972	0	8658	0	0	0	2126	0	0	0	0	0	0	0	0	0	0	0	198	0	6024	0	0	0	10420	0	0	0	2510	0	0	0	0	0	0	0	0	0	0	0	0	0	0	0	0	0	0	0	0	0	0	0	0	0	0	
266320	Precuneus_L	242	0	0	0	0	0	124	0	0	0	0	0	0	0	0	0	0	0	232	0	0	0	0	0	0	0	0	0	184	0	0	0	5190	746	9148	996	2884	0	1408	0	0	0	12416	978	21552	4672	4286	154	14582	1312	9634	664	542	0	280	0	2998	220	14156	784	2774	0	0	0	226	0	0	13754	2660	290	0	0	0	0	0	0	0	0	336	0	116	122	0	0	1132	698	0	0	216	356	0	0	0	0	0	0	96	0	0	0	0	0	0	0	0	0	0	0	0	0	0	0	0	0	0	0	
407492	Precuneus_R	196	528	0	200	0	0	0	0	0	0	0	0	0	0	0	0	0	0	234	1466	0	0	0	0	0	0	0	0	0	0	0	0	788	8228	1020	10812	910	5060	106	4078	0	0	620	21044	5916	28784	0	9298	834	16470	0	9972	0	266	0	766	0	10608	1438	13748	0	1396	0	626	0	2126	13754	0	404	9418	0	124	0	0	0	0	372	810	0	0	0	1086	0	0	0	13534	0	0	0	5062	0	0	0	0	0	0	0	270	0	0	0	0	0	0	0	0	0	0	0	0	1374	0	0	0	0	0	
295040	Paracentral_Lobule_L	25492	8242	696	3768	0	0	676	0	0	0	110	0	0	0	0	0	368	0	8772	28466	0	0	0	0	0	0	0	0	1328	0	0	0	3960	23326	4886	2808	2956	0	162	0	0	0	0	0	0	0	0	0	0	0	0	0	0	0	152	0	1932	216	146	0	372	0	0	0	0	0	2660	404	0	10500	814	0	700	0	1768	0	11094	228	166	0	126	0	0	0	0	0	0	0	226	0	0	0	0	0	0	0	0	0	0	0	0	0	0	0	0	0	0	0	0	0	0	0	0	0	0	0	
198728	Paracentral_Lobule_R	4546	12126	0	0	0	0	0	0	0	0	0	0	0	0	0	0	0	0	506	16274	0	0	0	0	0	0	0	0	0	0	0	0	678	16886	576	4494	0	282	0	206	0	0	0	3304	132	1564	0	960	0	886	0	998	0	0	0	0	0	6842	0	544	0	806	0	900	0	0	290	9418	10500	0	0	0	0	0	0	0	0	0	0	0	0	0	0	0	0	3752	0	0	0	1444	0	0	0	0	0	0	0	0	0	0	0	0	0	0	0	0	0	0	0	0	450	0	0	0	0	0	
237564	Caudate_L	1020	804	13374	4468	286	258	3120	380	0	0	0	2590	0	1126	192	150	300	1284	13116	5248	5546	6464	1582	0	176	0	1468	640	1112	1720	6392	3552	228	356	0	0	122	162	0	96	0	0	0	0	0	0	0	0	0	0	0	0	0	0	0	0	192	252	0	0	0	0	0	0	0	0	0	0	814	0	0	9678	16342	3422	3286	214	6178	942	0	0	130	0	0	0	0	0	0	0	0	0	0	0	0	0	0	0	0	0	0	0	0	0	0	0	0	0	0	0	0	0	0	0	0	0	0	0	
320792	Caudate_R	0	2110	1016	23596	0	686	438	766	0	0	0	6442	0	1374	0	278	0	1602	1344	23554	3386	5872	828	3098	0	3138	792	1606	0	6202	4082	22694	0	1230	0	0	0	502	0	214	0	0	0	0	0	0	0	0	0	0	0	0	0	0	0	0	0	0	0	0	0	0	0	0	0	0	0	124	0	0	9678	0	4684	12228	150	1950	860	13376	0	0	0	0	0	120	0	242	0	0	0	134	0	0	0	0	0	0	0	0	0	0	0	0	0	0	0	0	0	0	0	0	0	0	0	0	0	0	
347296	Putamen_L	6840	216	19676	3886	9748	0	2092	0	3408	0	2406	434	410	240	7788	0	3160	0	12980	4892	3250	4344	8216	0	2344	0	2032	292	19096	138	10050	2608	362	0	114	116	3668	0	520	0	400	0	0	0	0	0	0	0	0	0	0	0	0	0	938	0	2010	0	0	0	0	0	0	0	0	0	0	0	700	0	16342	4684	0	1168	8610	0	1332	0	304	0	726	0	714	0	0	0	0	0	394	0	0	0	0	0	0	0	0	0	0	0	0	0	0	0	0	0	0	0	0	0	0	0	0	0	0	0	
281564	Putamen_R	146	736	1524	13114	0	660	196	508	0	0	0	3194	0	226	0	2518	0	5720	1736	12286	258	1916	334	4310	0	5680	110	1106	0	23320	1408	11202	0	674	0	188	160	10726	0	4766	0	1184	0	0	0	0	0	0	0	0	0	0	0	0	0	3364	0	138	0	0	0	0	0	0	0	0	0	0	0	0	3422	12228	1168	0	0	2738	192	6200	0	208	0	312	0	202	0	232	0	0	0	472	0	0	0	0	0	0	0	0	0	0	0	0	0	0	0	0	0	0	0	0	0	0	0	0	0	0	
61864	Pallidum_L	4110	0	2212	98	0	0	974	0	0	0	456	0	0	0	0	0	1400	0	1926	818	0	0	0	0	0	0	0	0	470	0	0	0	0	0	0	0	166	0	0	0	0	0	0	0	0	0	0	0	0	0	0	0	0	0	0	0	1596	0	0	0	0	0	0	0	0	0	0	0	1768	0	3286	150	8610	0	0	0	2296	0	198	0	398	0	0	0	0	0	0	0	0	0	0	0	0	0	0	0	0	0	0	0	0	0	0	0	0	0	0	0	0	0	0	0	0	0	0	0	
31912	Pallidum_R	0	0	142	3422	0	0	0	0	0	0	0	0	0	0	0	0	0	178	144	3780	0	0	0	0	0	0	0	0	0	172	0	0	0	0	0	0	0	1344	0	768	0	0	0	0	0	0	0	0	0	0	0	0	0	0	0	820	0	0	0	0	0	0	0	0	0	0	0	0	0	0	214	1950	0	2738	0	0	0	284	0	0	0	0	0	0	0	0	0	0	0	0	0	0	0	0	0	0	0	0	0	0	0	0	0	0	0	0	0	0	0	0	0	0	0	0	0	0	
131308	Thalamus_L	10090	1836	470	1998	0	0	0	0	0	0	140	0	0	0	0	0	504	0	594	554	0	0	0	0	0	0	0	0	1518	0	0	0	0	198	788	3508	4090	3842	486	810	0	0	0	0	0	0	524	428	0	0	0	0	0	0	256	322	238	0	0	0	0	0	0	0	0	0	0	372	11094	0	6178	860	1332	192	2296	0	0	9642	136	0	224	0	0	0	0	0	0	0	0	134	0	0	0	0	0	0	0	0	0	0	0	0	0	0	0	0	0	0	0	0	0	0	0	0	0	0	
221176	Thalamus_R	2052	8124	586	24750	0	0	0	342	0	0	0	378	0	0	0	0	0	1532	602	8404	0	0	0	152	0	126	0	0	238	3650	0	220	0	644	2160	4818	3172	8692	118	2866	0	0	0	0	0	0	102	916	0	0	0	0	0	0	0	1770	0	116	0	0	0	0	0	0	0	0	0	810	228	0	942	13376	0	6200	0	284	9642	0	260	370	0	160	0	0	0	378	0	0	162	1130	0	0	0	0	0	0	0	116	0	0	0	0	0	0	0	0	0	0	0	0	0	0	0	0	0	0	
74772	Heschl_L	2768	0	856	310	0	0	104	0	0	0	114	0	0	0	0	0	3270	0	846	380	0	0	0	0	0	0	0	0	5832	0	0	0	0	0	1216	1028	4316	976	564	340	0	0	346	0	0	0	318	0	0	0	162	0	0	0	238	0	2300	0	0	0	278	0	318	0	0	0	336	0	166	0	0	0	304	0	198	0	136	260	0	0	3914	0	0	0	1916	0	0	0	3276	0	0	0	0	0	0	0	0	0	0	0	0	0	0	0	0	0	0	0	0	0	0	0	0	0	0	0	
42992	Heschl_R	0	0	0	546	0	0	0	0	0	0	0	0	0	0	0	0	0	5138	0	552	0	0	0	0	0	0	0	0	0	2988	0	0	0	0	216	260	0	904	0	0	0	0	0	0	0	0	0	0	0	0	0	0	0	0	0	184	0	0	0	0	0	112	0	232	0	198	0	0	0	0	0	0	0	208	0	0	0	370	0	0	0	6068	0	0	0	2104	0	0	0	1416	0	0	0	0	0	0	0	0	0	0	0	0	0	0	0	0	0	0	0	0	0	0	0	0	0	0	
197332	Temporal_Sup_L	2772	0	508	932	0	0	0	0	0	0	1912	0	216	0	144	0	9674	0	412	940	0	0	0	0	0	0	0	0	5422	0	154	0	0	0	158	0	1430	0	442	0	0	0	188	0	0	0	0	0	0	0	1488	0	154	0	1716	0	5674	0	206	0	3158	0	9876	0	3432	0	116	0	126	0	130	0	726	0	398	0	224	0	3914	0	0	0	3142	0	24104	0	0	0	14664	0	114	0	0	0	0	0	0	0	0	0	0	0	0	0	0	0	0	0	0	0	0	0	0	0	0	0	
164308	Temporal_Sup_R	0	130	0	0	0	0	0	0	0	0	0	0	0	0	0	700	0	3982	0	118	0	0	0	0	0	0	0	0	0	7946	0	0	0	0	154	172	0	2104	0	0	0	0	0	0	0	110	0	0	0	690	0	1210	0	0	0	3008	0	1094	0	652	0	1808	0	5920	0	6024	122	1086	0	0	0	0	0	312	0	0	0	160	0	6068	0	0	0	6366	0	24760	0	556	0	6902	0	0	0	0	0	0	0	0	0	0	0	0	0	0	0	0	0	0	0	0	0	0	0	0	0	0	
96448	Temporal_Pole_Sup_L	190	0	1276	116	240	0	576	0	168	0	3858	0	528	0	1776	0	3210	0	762	116	824	0	368	0	0	0	0	0	5016	0	538	0	0	0	0	0	1828	0	922	0	782	0	0	0	0	0	0	0	0	0	0	0	0	0	2166	0	0	0	0	0	0	0	0	0	0	0	0	0	0	0	0	0	714	0	0	0	0	0	0	0	3142	0	0	0	7790	0	4892	0	6426	0	0	0	0	0	0	0	0	0	0	0	0	0	0	0	0	0	0	0	0	0	0	0	0	0	0	0	
85244	Temporal_Pole_Sup_R	0	0	0	0	0	0	0	0	0	0	0	204	0	0	0	1146	0	314	0	0	0	0	0	0	0	0	0	100	0	1810	0	0	0	0	0	0	0	1562	0	2096	0	1722	0	0	0	0	0	0	0	0	0	0	0	0	0	10144	0	0	0	0	0	0	0	0	0	0	0	0	0	0	0	120	0	202	0	0	0	0	0	0	0	6366	0	0	0	5458	0	6778	0	4600	0	0	0	0	0	0	0	0	0	0	0	0	0	0	0	0	0	0	0	0	0	0	0	0	0	0	
303796	Temporal_Mid_L	170	0	0	0	0	0	0	0	0	0	0	0	0	0	0	0	858	0	0	0	0	0	0	0	0	0	0	0	1100	0	0	0	0	0	490	0	912	0	1196	0	508	0	3026	0	948	0	1086	0	838	0	17306	0	2566	0	4254	0	1620	0	1466	0	10792	0	8648	0	17760	0	1132	0	0	0	0	0	0	0	0	0	0	0	1916	0	24104	0	7790	0	0	0	5832	0	35580	0	0	0	0	0	0	0	0	0	0	0	0	0	0	0	0	0	0	0	0	0	0	0	0	0	0	0	
352704	Temporal_Mid_R	0	3280	0	1138	0	0	0	0	0	0	0	0	0	0	0	236	0	2854	0	1476	0	0	0	0	0	0	0	0	0	5066	0	0	0	1668	0	872	0	2384	0	262	0	0	0	5896	0	3208	0	1440	0	6344	0	11384	0	1356	0	4376	0	4610	0	3852	0	2994	0	6830	0	10420	698	13534	0	3752	0	242	0	232	0	0	0	378	0	2104	0	24760	0	5458	0	0	0	2230	0	41018	0	0	0	0	0	0	0	0	0	0	0	0	0	0	0	0	0	0	0	0	0	0	0	0	0	0	
47088	Temporal_Pole_Mid_L	0	0	0	0	0	0	0	0	0	0	0	0	0	0	0	0	0	0	0	0	0	0	0	0	0	0	0	0	0	0	0	0	0	0	0	0	674	0	644	0	586	0	0	0	0	0	0	0	0	0	0	0	0	0	3596	0	0	0	0	0	0	0	0	0	0	0	0	0	0	0	0	0	0	0	0	0	0	0	0	0	0	0	4892	0	5832	0	0	0	7320	0	0	0	0	0	0	0	0	0	0	0	0	0	0	0	0	0	0	0	0	0	0	0	0	0	0	0	
43328	Temporal_Pole_Mid_R	0	0	0	0	0	0	0	0	0	0	0	0	0	0	0	0	0	0	0	0	0	0	0	0	0	0	0	0	0	0	0	0	0	0	0	0	0	682	0	2502	0	1534	0	0	0	0	0	0	0	0	0	0	0	0	0	4714	0	0	0	0	0	0	0	0	0	0	0	0	0	0	0	0	0	0	0	0	0	0	0	0	0	556	0	6778	0	2230	0	0	0	2668	0	0	0	0	0	0	0	0	0	0	0	0	0	0	0	0	0	0	0	0	0	0	0	0	0	0	
257920	Temporal_Inf_L	374	0	0	0	0	0	0	0	0	0	156	0	0	0	0	0	1156	0	0	0	0	0	0	0	0	0	0	0	3304	0	0	0	0	0	478	344	7594	322	1116	140	1266	0	876	0	300	0	708	0	0	0	4462	0	6378	0	15474	0	438	0	240	0	2798	0	2490	0	3106	0	216	0	226	0	0	0	394	0	0	0	0	162	3276	0	14664	0	6426	0	35580	0	7320	0	0	0	4478	0	302	0	0	0	474	0	1922	0	0	0	0	0	0	0	0	0	0	0	0	0	0	0	0	0	
252296	Temporal_Inf_R	0	1832	0	590	0	0	0	0	0	0	0	0	0	0	0	0	0	2306	0	888	0	0	0	0	0	0	0	0	0	2082	0	0	0	388	150	458	120	5606	0	1134	0	122	0	2378	0	1252	0	910	0	1746	0	3064	0	4282	0	17052	0	2950	0	2558	0	1842	0	2812	0	2510	356	5062	0	1444	0	134	0	472	0	0	134	1130	0	1416	0	6902	0	4600	0	41018	0	2668	0	0	0	1524	0	0	0	0	0	0	0	256	0	0	0	0	0	0	0	0	0	0	0	0	0	0	0	0	
486380	Cerebelum_Crus1_L	0	0	0	0	0	0	0	0	0	0	0	0	0	0	0	0	0	0	0	0	0	0	0	0	0	0	0	0	0	0	0	0	0	0	0	0	0	0	208	0	0	0	0	0	0	0	8148	4322	0	0	116	0	760	364	20080	2346	0	0	0	0	0	0	0	0	0	0	0	0	0	0	0	0	0	0	0	0	0	0	0	0	114	0	0	0	0	0	0	0	4478	0	0	5326	34692	1736	788	680	24296	764	56368	10238	11308	422	14768	1124	3480	1406	624	0	248	330	5914	12580	11620	956	1504	1082	
484720	Cerebelum_Crus1_R	0	0	0	0	0	0	0	0	0	0	0	0	0	0	0	0	0	0	0	0	0	0	0	0	0	0	0	0	0	0	0	0	0	0	0	0	0	0	0	0	0	0	0	0	0	0	376	2792	0	0	0	0	0	446	246	13202	0	0	0	0	0	0	0	0	0	0	0	0	0	0	0	0	0	0	0	0	0	0	0	0	0	0	0	0	0	0	0	0	0	1524	5326	0	2524	29110	520	5486	3246	26782	4846	56638	190	8928	342	19520	470	4720	0	166	816	2460	14700	11974	14722	4790	4518	980	
315464	Cerebelum_Crus2_L	0	0	0	0	0	0	0	0	0	0	0	0	0	0	0	0	0	0	0	0	0	0	0	0	0	0	0	0	0	0	0	0	0	0	0	0	0	0	0	0	0	0	0	0	0	0	774	566	0	0	0	0	0	0	940	294	0	0	0	0	0	0	0	0	0	0	0	0	0	0	0	0	0	0	0	0	0	0	0	0	0	0	0	0	0	0	0	0	302	0	34692	2524	0	10884	108	0	2284	100	5814	1536	35554	5358	29766	5346	3552	216	522	0	0	0	386	1232	11988	2994	0	0	
278280	Cerebelum_Crus2_R	0	0	0	0	0	0	0	0	0	0	0	0	0	0	0	0	0	0	0	0	0	0	0	0	0	0	0	0	0	0	0	0	0	0	0	0	0	0	0	0	0	0	0	0	0	0	0	0	0	0	0	0	0	0	0	96	0	0	0	0	0	0	0	0	0	0	0	0	0	0	0	0	0	0	0	0	0	0	0	0	0	0	0	0	0	0	0	0	0	0	1736	29110	10884	0	0	682	114	1384	174	4610	5876	21492	5630	31850	900	3122	116	136	0	402	838	662	13462	4394	1322	148	
42088	Cerebelum_3_L	0	0	0	0	0	0	0	0	0	0	0	0	0	0	0	0	0	0	0	0	0	0	0	0	0	0	0	0	0	0	0	0	0	0	0	0	0	0	112	0	0	0	0	0	0	0	376	246	0	0	0	0	0	0	0	0	0	0	0	0	0	0	0	0	0	0	0	0	0	0	0	0	0	0	0	0	0	0	0	0	0	0	0	0	0	0	0	0	0	0	788	520	108	0	0	418	7782	284	1042	588	0	0	0	0	398	304	212	0	1830	2798	2372	274	194	162	236	0	
105932	Cerebelum_3_R	0	0	0	0	0	0	0	0	0	0	0	0	0	0	0	0	0	0	0	0	0	0	0	0	0	0	0	0	0	0	0	0	0	0	0	0	0	0	0	0	0	0	0	0	0	0	100	954	0	0	0	0	0	0	100	96	0	0	0	0	0	0	0	0	0	0	0	0	0	0	0	0	0	0	0	0	0	0	0	0	0	0	0	0	0	0	0	0	0	0	680	5486	0	682	418	0	1764	7502	962	8030	0	0	178	710	286	3016	0	0	1460	5698	4598	2472	2402	2262	2448	662	
294368	Cerebelum_4_5_L	0	0	0	0	0	0	0	0	0	0	0	0	0	0	0	0	0	0	0	0	0	0	0	0	0	0	0	0	0	0	0	0	0	0	0	0	126	0	354	0	0	0	0	0	0	0	10454	1882	0	0	0	0	296	0	8984	1270	0	0	0	0	0	0	0	0	0	0	96	0	0	0	0	0	0	0	0	0	0	0	0	0	0	0	0	0	0	0	0	0	474	0	24296	3246	2284	114	7782	1764	0	3344	32964	5658	874	0	1244	164	3850	2262	766	0	2252	3128	15642	5668	1116	714	2130	1986	
253104	Cerebelum_4_5_R	0	0	0	0	0	0	0	0	0	0	0	0	0	0	0	0	0	0	0	0	0	0	0	0	0	0	0	0	0	0	0	0	0	0	0	0	0	300	0	1058	0	0	0	0	0	0	172	5626	0	0	0	0	0	0	0	7842	0	0	0	0	0	0	0	0	0	0	0	270	0	0	0	0	0	0	0	0	0	116	0	0	0	0	0	0	0	0	0	0	0	0	764	26782	100	1384	284	7502	3344	0	1134	34730	0	0	124	1572	404	2574	0	146	0	2204	17692	2620	2642	2372	2278	516	
406044	Cerebelum_6_L	0	0	0	0	0	0	0	0	0	0	0	0	0	0	0	0	0	0	0	0	0	0	0	0	0	0	0	0	0	0	0	0	0	0	0	0	0	0	372	0	0	0	0	0	0	0	12324	4714	0	0	158	0	742	216	21944	2276	0	0	0	0	0	0	0	0	0	0	0	0	0	0	0	0	0	0	0	0	0	0	0	0	0	0	0	0	0	0	0	0	1922	0	56368	4846	5814	174	1042	962	32964	1134	0	10092	2064	0	1800	102	2894	1710	522	0	264	368	8724	14582	7996	590	1836	1506	
481028	Cerebelum_6_R	0	0	0	0	0	0	0	0	0	0	0	0	0	0	0	0	0	0	0	0	0	0	0	0	0	0	0	0	0	0	0	0	0	0	0	0	0	0	0	142	0	0	0	0	0	0	1152	9076	0	0	0	0	0	524	912	16442	0	0	0	0	0	0	0	0	0	0	0	0	0	0	0	0	0	0	0	0	0	0	0	0	0	0	0	0	0	0	0	0	0	256	10238	56638	1536	4610	588	8030	5658	34730	10092	0	0	212	346	5536	838	4702	0	250	832	2972	20130	18806	14966	4514	4360	1426	
217832	Cerebelum_7b_L	0	0	0	0	0	0	0	0	0	0	0	0	0	0	0	0	0	0	0	0	0	0	0	0	0	0	0	0	0	0	0	0	0	0	0	0	0	0	0	0	0	0	0	0	0	0	0	0	0	0	0	0	0	0	322	0	0	0	0	0	0	0	0	0	0	0	0	0	0	0	0	0	0	0	0	0	0	0	0	0	0	0	0	0	0	0	0	0	0	0	11308	190	35554	5876	0	0	874	0	2064	0	0	2416	30616	4546	3610	392	524	0	0	0	146	0	7116	3362	0	0	
149648	Cerebelum_7b_R	0	0	0	0	0	0	0	0	0	0	0	0	0	0	0	0	0	0	0	0	0	0	0	0	0	0	0	0	0	0	0	0	0	0	0	0	0	0	0	0	0	0	0	0	0	0	0	0	0	0	0	0	0	0	0	0	0	0	0	0	0	0	0	0	0	0	0	0	0	0	0	0	0	0	0	0	0	0	0	0	0	0	0	0	0	0	0	0	0	0	422	8928	5358	21492	0	0	0	0	0	212	2416	0	1816	22044	170	5332	0	0	0	0	0	0	4966	1560	108	0	
250792	Cerebelum_8_L	0	0	0	0	0	0	0	0	0	0	0	0	0	0	0	0	0	0	0	0	0	0	0	0	0	0	0	0	0	0	0	0	0	0	0	0	0	0	0	0	0	0	0	0	0	0	0	0	0	0	0	0	0	0	238	0	0	0	0	0	0	0	0	0	0	0	0	0	0	0	0	0	0	0	0	0	0	0	0	0	0	0	0	0	0	0	0	0	0	0	14768	342	29766	5630	0	178	1244	124	1800	346	30616	1816	0	6914	12638	1666	1306	0	0	108	350	168	7758	6096	1524	0	
270336	Cerebelum_8_R	0	0	0	0	0	0	0	0	0	0	0	0	0	0	0	0	0	0	0	0	0	0	0	0	0	0	0	0	0	0	0	0	0	0	0	0	0	0	0	0	0	0	0	0	0	0	0	0	0	0	0	0	0	0	0	0	0	0	0	0	0	0	0	0	0	0	0	0	0	0	0	0	0	0	0	0	0	0	0	0	0	0	0	0	0	0	0	0	0	0	1124	19520	5346	31850	0	710	164	1572	102	5536	4546	22044	6914	0	1510	15374	116	782	152	354	1066	144	7910	6530	1674	128	
96412	Cerebelum_9_L	0	0	0	0	0	0	0	0	0	0	0	0	0	0	0	0	0	0	0	0	0	0	0	0	0	0	0	0	0	0	0	0	0	0	0	0	0	0	0	0	0	0	0	0	0	0	0	128	0	0	0	0	0	0	0	98	0	0	0	0	0	0	0	0	0	0	0	0	0	0	0	0	0	0	0	0	0	0	0	0	0	0	0	0	0	0	0	0	0	0	3480	470	3552	900	398	286	3850	404	2894	838	3610	170	12638	1510	0	1176	2258	0	196	184	1594	1088	2234	1994	1764	492	
173908	Cerebelum_9_R	0	0	0	0	0	0	0	0	0	0	0	0	0	0	0	0	0	0	0	0	0	0	0	0	0	0	0	0	0	0	0	0	0	0	0	0	0	0	0	0	0	0	0	0	0	0	206	318	0	0	0	0	0	0	386	304	0	0	0	0	0	0	0	0	0	0	0	0	0	0	0	0	0	0	0	0	0	0	0	0	0	0	0	0	0	0	0	0	0	0	1406	4720	216	3122	304	3016	2262	2574	1710	4702	392	5332	1666	15374	1176	0	0	1476	1050	2372	4586	5964	4614	5880	8268	3558	
15192	Cerebelum_10_L	0	0	0	0	0	0	0	0	0	0	0	0	0	0	0	0	0	0	0	0	0	0	0	0	0	0	0	0	0	0	0	0	0	0	0	0	0	0	0	0	0	0	0	0	0	0	0	0	0	0	0	0	0	0	0	0	0	0	0	0	0	0	0	0	0	0	0	0	0	0	0	0	0	0	0	0	0	0	0	0	0	0	0	0	0	0	0	0	0	0	624	0	522	116	212	0	766	0	522	0	524	0	1306	116	2258	0	0	0	124	112	134	0	160	100	0	0	
6928	Cerebelum_10_R	0	0	0	0	0	0	0	0	0	0	0	0	0	0	0	0	0	0	0	0	0	0	0	0	0	0	0	0	0	0	0	0	0	0	0	0	0	0	0	0	0	0	0	0	0	0	0	0	0	0	0	0	0	0	0	0	0	0	0	0	0	0	0	0	0	0	0	0	0	0	0	0	0	0	0	0	0	0	0	0	0	0	0	0	0	0	0	0	0	0	0	166	0	136	0	0	0	146	0	250	0	0	0	782	0	1476	0	0	0	0	0	0	182	158	168	0	
43688	Vermis_1_2	0	0	0	0	0	0	0	0	0	0	0	0	0	0	0	0	0	0	0	0	0	0	0	0	0	0	0	0	0	0	0	0	0	0	0	0	0	0	0	0	0	0	0	0	0	0	0	0	0	0	0	0	0	0	0	0	0	0	0	0	0	0	0	0	0	0	0	0	0	0	0	0	0	0	0	0	0	0	0	0	0	0	0	0	0	0	0	0	0	0	248	816	0	0	1830	1460	2252	0	264	832	0	0	0	152	196	1050	124	0	0	6690	2792	780	670	644	804	240	
85732	Vermis_3	0	0	0	0	0	0	0	0	0	0	0	0	0	0	0	0	0	0	0	0	0	0	0	0	0	0	0	0	0	0	0	0	0	0	0	0	0	0	200	0	0	0	0	0	0	0	154	190	0	0	0	0	0	0	0	0	0	0	0	0	0	0	0	0	0	0	0	0	0	0	0	0	0	0	0	0	0	0	0	0	0	0	0	0	0	0	0	0	0	0	330	2460	0	402	2798	5698	3128	2204	368	2972	0	0	108	354	184	2372	112	0	6690	0	4304	1832	1702	1664	2042	598	
290420	Vermis_4_5	0	0	0	0	0	0	0	0	0	0	0	0	0	0	0	0	0	0	0	0	0	0	0	0	0	0	0	0	0	0	0	0	0	96	0	620	0	620	0	400	0	0	0	218	0	0	2144	5352	0	0	0	0	0	0	1176	4184	0	356	0	0	0	0	0	0	0	0	0	1374	0	450	0	0	0	0	0	0	0	0	0	0	0	0	0	0	0	0	0	0	0	0	5914	14700	386	838	2372	4598	15642	17692	8724	20130	146	0	350	1066	1594	4586	134	0	2792	4304	0	9488	2450	1976	4186	4152	
268676	Vermis_6	0	0	0	0	0	0	0	0	0	0	0	0	0	0	0	0	0	0	0	0	0	0	0	0	0	0	0	0	0	0	0	0	0	0	0	0	0	0	0	0	0	0	0	0	0	0	2306	6366	0	0	0	0	100	508	1656	4134	0	0	0	0	0	0	0	0	0	0	0	0	0	0	0	0	0	0	0	0	0	0	0	0	0	0	0	0	0	0	0	0	0	0	12580	11974	1232	662	274	2472	5668	2620	14582	18806	0	0	168	144	1088	5964	0	0	780	1832	9488	0	13582	4066	6486	4800	
316292	Vermis_7	0	0	0	0	0	0	0	0	0	0	0	0	0	0	0	0	0	0	0	0	0	0	0	0	0	0	0	0	0	0	0	0	0	0	0	0	0	0	0	0	0	0	0	0	0	0	1268	3688	0	0	0	0	0	496	1034	1986	0	0	0	0	0	0	0	0	0	0	0	0	0	0	0	0	0	0	0	0	0	0	0	0	0	0	0	0	0	0	0	0	0	0	11620	14722	11988	13462	194	2402	1116	2642	7996	14966	7116	4966	7758	7910	2234	4614	160	182	670	1702	2450	13582	0	9394	5096	732	
