data	data	505836	311784	823220	680956	161040	91044	425440	200132	95468	37000	232480	206588	270760	147252	161344	74740	232264	131624	738716	761424	71344	66508	327800	401312	28904	77244	38984	64176	556380	300088	306200	457620	226708	443820	226676	216536	231120	358312	94976	227284	21820	61212	268216	334048	218612	268144	262020	360428	170860	249456	450380	308248	216596	90356	323300	396300	252584	228844	109832	79640	153672	109508	113144	109044	93668	116860	330308	462488	299312	113696	234756	302584	216892	316616	36204	35328	198396	217948	115184	45576	188080	130320	108740	57828	362372	276788	37612	35716	281616	235320	407804	346716	268548	266308	45240	47364	208144	192872	388720	332492	209632	135596	260120	280892	96032	137156	12828	13856	27884	66112	199900	212208	228436	112492	87928	24208	
data	data	Precentral_L	Precentral_R	Frontal_Sup_L	Frontal_Sup_R	Frontal_Sup_Orb_L	Frontal_Sup_Orb_R	Frontal_Mid_L	Frontal_Mid_R	Frontal_Mid_Orb_L	Frontal_Mid_Orb_R	Frontal_Inf_Oper_L	Frontal_Inf_Oper_R	Frontal_Inf_Tri_L	Frontal_Inf_Tri_R	Frontal_Inf_Orb_L	Frontal_Inf_Orb_R	Rolandic_Oper_L	Rolandic_Oper_R	Supp_Motor_Area_L	Supp_Motor_Area_R	Olfactory_L	Olfactory_R	Frontal_Sup_Medial_L	Frontal_Sup_Medial_R	Frontal_Med_Orb_L	Frontal_Med_Orb_R	Rectus_L	Rectus_R	Insula_L	Insula_R	Cingulum_Ant_L	Cingulum_Ant_R	Cingulum_Mid_L	Cingulum_Mid_R	Cingulum_Post_L	Cingulum_Post_R	Hippocampus_L	Hippocampus_R	ParaHippocampal_L	ParaHippocampal_R	Amygdala_L	Amygdala_R	Calcarine_L	Calcarine_R	Cuneus_L	Cuneus_R	Lingual_L	Lingual_R	Occipital_Sup_L	Occipital_Sup_R	Occipital_Mid_L	Occipital_Mid_R	Occipital_Inf_L	Occipital_Inf_R	Fusiform_L	Fusiform_R	Postcentral_L	Postcentral_R	Parietal_Sup_L	Parietal_Sup_R	Parietal_Inf_L	Parietal_Inf_R	SupraMarginal_L	SupraMarginal_R	Angular_L	Angular_R	Precuneus_L	Precuneus_R	Paracentral_Lobule_L	Paracentral_Lobule_R	Caudate_L	Caudate_R	Putamen_L	Putamen_R	Pallidum_L	Pallidum_R	Thalamus_L	Thalamus_R	Heschl_L	Heschl_R	Temporal_Sup_L	Temporal_Sup_R	Temporal_Pole_Sup_L	Temporal_Pole_Sup_R	Temporal_Mid_L	Temporal_Mid_R	Temporal_Pole_Mid_L	Temporal_Pole_Mid_R	Temporal_Inf_L	Temporal_Inf_R	Cerebelum_Crus1_L	Cerebelum_Crus1_R	Cerebelum_Crus2_L	Cerebelum_Crus2_R	Cerebelum_3_L	Cerebelum_3_R	Cerebelum_4_5_L	Cerebelum_4_5_R	Cerebelum_6_L	Cerebelum_6_R	Cerebelum_7b_L	Cerebelum_7b_R	Cerebelum_8_L	Cerebelum_8_R	Cerebelum_9_L	Cerebelum_9_R	Cerebelum_10_L	Cerebelum_10_R	Vermis_1_2	Vermis_3	Vermis_4_5	Vermis_6	Vermis_7	Vermis_8	Vermis_9	Vermis_10	
505836	Precentral_L	0	6308	30500	5736	0	0	18964	1382	0	0	9792	280	368	78	0	0	11376	0	23090	4830	0	0	0	124	0	0	0	0	17848	262	1438	490	6982	216	8438	1952	2106	126	266	0	0	0	988	0	452	0	490	0	76	0	4088	0	1342	0	460	0	20608	96	134	0	124	0	496	0	0	0	2906	366	31170	0	6618	3214	2694	332	206	132	10518	2308	2552	0	2816	0	116	0	3660	0	0	0	1004	0	0	0	0	0	0	0	0	0	0	0	0	0	0	0	0	0	0	0	0	0	0	0	0	0	0	0	
311784	Precentral_R	6308	0	3528	22112	0	0	928	5892	0	0	0	3018	0	0	0	0	228	1200	4670	11760	0	0	0	0	0	0	0	0	594	1004	0	100	3204	9582	1430	7978	378	7350	0	1482	0	0	0	2400	0	1222	0	1662	0	630	0	1718	0	596	0	3374	1076	14816	0	0	0	596	0	1158	0	156	222	6928	2664	4132	322	2786	660	4022	174	708	350	3498	0	178	0	442	0	0	0	2014	0	0	0	4642	0	0	0	0	0	0	0	0	0	0	0	0	0	0	0	0	0	0	0	0	0	0	0	0	0	0	
823220	Frontal_Sup_L	30500	3528	0	7098	10478	0	57400	3906	998	0	12932	4096	19224	206	3556	0	4316	0	70764	9806	0	0	41278	3860	902	0	0	0	23892	726	17420	5208	8288	3572	3550	1752	2848	264	520	72	0	0	94	0	0	0	182	0	0	0	234	0	76	0	254	76	1366	0	0	0	0	0	0	0	0	0	206	0	17998	0	4948	2412	8716	1014	1588	434	14074	2350	458	0	924	0	330	0	556	0	0	0	360	0	0	0	0	0	0	0	0	0	0	0	0	0	0	0	0	0	0	0	0	0	0	0	0	0	0	0	
680956	Frontal_Sup_R	5736	22112	7098	0	0	3248	2144	22064	0	86	170	9586	158	7662	0	1466	72	3914	17000	54898	0	0	11100	42920	0	3426	0	0	678	8196	4482	35750	1844	20128	1534	2582	446	4592	0	1296	0	0	0	588	0	228	0	912	0	98	0	112	0	0	0	500	240	646	0	0	0	144	0	152	0	0	0	1338	3376	0	1622	11622	886	10652	356	2974	544	5892	0	98	0	378	0	144	0	200	0	0	0	388	0	0	0	0	0	0	0	0	0	0	0	0	0	0	0	0	0	0	0	0	0	0	0	0	0	0	
161040	Frontal_Sup_Orb_L	0	0	10478	0	0	0	1928	0	13938	0	310	0	5786	0	13764	0	0	0	356	0	1176	0	6080	160	2900	0	3152	0	10334	0	4346	0	0	0	0	0	0	0	0	0	0	0	0	0	0	0	0	0	0	0	0	0	0	0	0	0	0	0	0	0	0	0	0	0	0	0	0	0	0	0	0	0	4874	0	0	0	0	0	0	0	0	0	938	0	0	0	0	0	0	0	0	0	0	0	0	0	0	0	0	0	0	0	0	0	0	0	0	0	0	0	0	0	0	0	0	0	
91044	Frontal_Sup_Orb_R	0	0	0	3248	0	0	0	1678	0	6008	0	376	0	636	0	4256	0	0	102	152	384	2480	0	3400	0	5144	324	7230	0	2138	170	1746	0	0	0	0	0	84	0	132	0	490	0	0	0	0	0	0	0	0	0	0	0	0	0	0	0	0	0	0	0	0	0	0	0	0	0	0	0	0	408	2344	0	2438	0	0	0	0	0	0	0	0	0	154	0	0	0	0	0	0	0	0	0	0	0	0	0	0	0	0	0	0	0	0	0	0	0	0	0	0	0	0	0	0	0	0	
425440	Frontal_Mid_L	18964	928	57400	2144	1928	0	0	2270	2662	0	16740	1556	29320	86	5508	0	5716	0	6614	1200	0	0	14812	1162	0	0	0	0	17632	122	4980	1468	1298	546	1300	0	108	80	0	0	0	0	0	0	0	0	0	0	0	0	102	0	0	0	0	0	1494	0	0	0	0	0	0	0	0	0	114	0	1780	0	7640	3040	712	596	0	396	0	0	0	0	218	0	0	0	84	0	0	0	0	0	0	0	0	0	0	0	0	0	0	0	0	0	0	0	0	0	0	0	0	0	0	0	0	0	0	0	
200132	Frontal_Mid_R	1382	5892	3906	22064	0	1678	2270	0	0	932	104	10024	0	15242	0	2606	94	92	3256	4440	0	0	508	3490	0	0	0	0	352	4876	790	6616	0	1384	0	0	262	476	0	250	0	0	0	0	0	0	0	176	0	0	0	0	0	0	0	0	232	286	0	0	0	0	0	0	0	0	0	90	0	0	1488	848	452	2540	76	104	0	788	0	0	0	0	0	0	0	0	0	0	0	0	0	0	0	0	0	0	0	0	0	0	0	0	0	0	0	0	0	0	0	0	0	0	0	0	0	0	
95468	Frontal_Mid_Orb_L	0	0	998	0	13938	0	2662	0	0	0	0	0	3440	0	16728	0	0	0	0	0	496	0	186	0	218	0	1910	0	4044	0	162	0	0	0	0	0	0	0	0	0	0	0	0	0	0	0	0	0	0	0	0	0	0	0	0	0	0	0	0	0	0	0	0	0	0	0	0	0	0	0	0	0	2392	0	0	0	0	0	0	0	0	0	560	0	0	0	0	0	0	0	0	0	0	0	0	0	0	0	0	0	0	0	0	0	0	0	0	0	0	0	0	0	0	0	0	0	
37000	Frontal_Mid_Orb_R	0	0	0	86	0	6008	0	932	0	0	0	0	0	320	0	5774	0	0	0	0	0	898	0	0	0	294	0	1572	0	1130	0	0	0	0	0	0	0	0	0	0	0	166	0	0	0	0	0	0	0	0	0	0	0	0	0	0	0	0	0	0	0	0	0	0	0	0	0	0	0	0	0	280	0	1040	0	0	0	0	0	0	0	0	0	0	0	0	0	0	0	0	0	0	0	0	0	0	0	0	0	0	0	0	0	0	0	0	0	0	0	0	0	0	0	0	0	0	
232480	Frontal_Inf_Oper_L	9792	0	12932	170	310	0	16740	104	0	0	0	122	16568	0	1036	0	10568	0	4430	172	114	0	3172	164	0	0	0	0	20474	0	2262	106	144	74	0	0	220	0	0	0	0	0	0	0	0	0	0	0	0	0	0	0	0	0	0	0	3862	0	0	0	0	0	0	0	0	0	0	0	786	0	3534	296	1738	222	0	0	0	142	632	0	2670	0	2586	0	98	0	0	0	0	0	0	0	0	0	0	0	0	0	0	0	0	0	0	0	0	0	0	0	0	0	0	0	0	0	0	0	
206588	Frontal_Inf_Oper_R	280	3018	4096	9586	0	376	1556	10024	0	0	122	0	0	12974	0	492	0	7248	7152	9424	0	0	134	2046	0	0	0	0	498	16888	1036	4942	0	552	0	0	0	362	0	166	0	0	0	0	0	0	0	0	0	0	0	0	0	0	0	100	0	1772	0	0	0	0	0	0	0	0	0	0	74	0	514	1362	124	4892	0	370	0	458	0	190	0	262	0	204	0	0	0	0	0	0	0	0	0	0	0	0	0	0	0	0	0	0	0	0	0	0	0	0	0	0	0	0	0	0	0	0	
270760	Frontal_Inf_Tri_L	368	0	19224	158	5786	0	29320	0	3440	0	16568	0	0	0	14426	0	512	0	1610	146	0	0	5386	134	314	0	0	0	24004	0	6376	0	174	78	0	0	0	0	0	0	0	0	0	0	0	0	0	0	0	0	0	0	0	0	0	0	0	0	0	0	0	0	0	0	0	0	0	0	76	0	3598	0	3036	134	0	0	0	82	0	0	122	0	308	0	0	0	0	0	0	0	0	0	0	0	0	0	0	0	0	0	0	0	0	0	0	0	0	0	0	0	0	0	0	0	0	0	
147252	Frontal_Inf_Tri_R	78	0	206	7662	0	636	86	15242	0	320	0	12974	0	0	0	2512	0	102	934	3896	0	0	106	3700	0	0	0	0	76	13544	1230	4264	0	424	0	0	0	102	0	0	0	0	0	0	0	0	0	0	0	0	0	0	0	0	0	0	0	0	0	0	0	0	0	0	0	0	0	0	0	0	230	1292	114	3610	0	102	0	184	0	0	0	0	0	0	0	0	0	0	0	0	0	0	0	0	0	0	0	0	0	0	0	0	0	0	0	0	0	0	0	0	0	0	0	0	0	0	
161344	Frontal_Inf_Orb_L	0	0	3556	0	13764	0	5508	0	16728	0	1036	0	14426	0	0	0	0	0	114	0	3044	0	234	0	0	0	1122	0	15574	0	278	0	0	0	0	0	0	0	292	0	96	0	0	0	0	0	0	0	0	0	0	0	0	0	0	0	0	0	0	0	0	0	0	0	0	0	0	0	0	0	686	0	2110	0	0	0	0	0	0	0	0	0	2104	0	0	0	0	0	0	0	0	0	0	0	0	0	0	0	0	0	0	0	0	0	0	0	0	0	0	0	0	0	0	0	0	0	
74740	Frontal_Inf_Orb_R	0	0	0	1466	0	4256	0	2606	0	5774	0	492	0	2512	0	0	0	250	458	1338	0	1844	0	1058	0	0	0	1694	0	7140	0	126	0	208	0	0	0	134	0	202	0	568	0	0	0	0	0	0	0	0	0	0	0	0	0	166	0	0	0	0	0	0	0	0	0	0	0	0	0	0	0	358	0	3032	0	110	0	0	0	0	0	278	0	1116	0	184	0	0	0	0	0	0	0	0	0	0	0	0	0	0	0	0	0	0	0	0	0	0	0	0	0	0	0	0	0	0	
232264	Rolandic_Oper_L	11376	228	4316	72	0	0	5716	94	0	0	10568	0	512	0	0	0	0	0	4304	0	0	0	0	0	0	0	0	0	24446	0	266	0	86	0	248	0	1246	0	86	0	0	0	400	0	0	0	194	0	0	0	1584	0	662	0	548	0	16204	0	212	0	2326	0	4534	0	306	0	600	0	744	0	412	0	1710	0	594	0	0	0	5828	0	8236	0	2772	0	2192	0	0	0	2510	0	0	0	0	0	0	0	0	0	0	0	0	0	0	0	0	0	0	0	0	0	0	0	0	0	0	0	
131624	Rolandic_Oper_R	0	1200	0	3914	0	0	0	92	0	0	0	7248	0	102	0	250	0	0	2804	5388	0	0	0	0	0	0	0	0	0	13116	0	0	0	0	0	80	0	2250	0	408	0	0	0	0	0	0	0	328	0	0	0	0	0	0	0	362	0	3894	0	114	0	402	0	3426	0	142	0	188	0	0	0	140	0	5068	0	0	0	1042	0	5182	0	6252	0	1222	0	564	0	0	0	634	0	0	0	0	0	0	0	0	0	0	0	0	0	0	0	0	0	0	0	0	0	0	0	0	0	0	
738716	Supp_Motor_Area_L	23090	4670	70764	17000	356	102	6614	3256	0	0	4430	7152	1610	934	114	458	4304	2804	0	47082	0	0	7098	6546	118	0	0	0	15570	5162	9094	11842	10488	21586	2048	1542	2664	728	504	266	0	0	0	0	0	0	0	0	0	0	94	0	0	0	122	132	1344	98	0	0	0	0	0	0	0	0	0	0	18334	0	8656	6956	11962	5198	4268	372	17030	2336	344	0	1102	82	314	122	314	0	0	0	182	0	0	0	0	0	0	0	0	0	0	0	0	0	0	0	0	0	0	0	0	0	0	0	0	0	0	0	
761424	Supp_Motor_Area_R	4830	11760	9806	54898	0	152	1200	4440	0	0	172	9424	146	3896	0	1338	0	5388	47082	0	0	0	1522	21670	0	0	0	0	436	8424	1764	21672	7030	50138	2224	8968	232	4070	0	1978	0	0	0	1332	292	594	0	1710	0	390	0	1252	0	0	0	602	0	1600	0	0	0	140	0	186	0	0	468	7762	5642	10458	1684	24838	426	12472	196	1928	2508	17734	0	142	0	428	0	234	0	742	0	0	0	292	0	0	0	0	0	0	0	0	0	0	0	0	0	0	0	0	0	0	0	0	0	0	0	0	0	0	
71344	Olfactory_L	0	0	0	0	1176	384	0	0	496	0	114	0	0	0	3044	0	0	0	0	0	0	4170	0	0	374	310	3132	2076	3484	0	3256	2774	0	0	0	0	182	0	1240	0	488	0	0	0	0	0	0	0	0	0	0	0	0	0	178	0	0	0	0	0	0	0	0	0	0	0	0	0	0	0	5538	1520	190	0	0	0	0	0	0	0	0	0	1546	0	0	0	0	0	0	0	0	0	0	0	0	0	0	0	0	0	0	0	0	0	0	0	0	0	0	0	0	0	0	0	0	0	
66508	Olfactory_R	0	0	0	0	0	2480	0	0	0	898	0	0	0	0	0	1844	0	0	0	0	4170	0	0	0	0	688	1754	4000	0	2906	2070	2158	0	0	0	0	0	192	0	326	0	1786	0	0	0	0	0	0	0	0	0	0	0	0	0	0	0	0	0	0	0	0	0	0	0	0	0	0	0	0	4676	2548	0	316	0	0	0	0	0	0	0	0	0	442	0	0	0	0	0	0	0	0	0	0	0	0	0	0	0	0	0	0	0	0	0	0	0	0	0	0	0	0	0	0	0	0	
327800	Frontal_Sup_Medial_L	0	0	41278	11100	6080	0	14812	508	186	0	3172	134	5386	106	234	0	0	0	7098	1522	0	0	0	23062	2292	1716	0	0	2318	0	18744	12274	4748	6510	0	0	0	0	0	0	0	0	0	0	0	0	0	0	0	0	0	0	0	0	0	0	0	0	0	0	0	0	0	0	0	0	0	0	0	0	162	0	458	0	0	0	0	0	0	0	0	0	0	0	0	0	0	0	0	0	0	0	0	0	0	0	0	0	0	0	0	0	0	0	0	0	0	0	0	0	0	0	0	0	0	0	
401312	Frontal_Sup_Medial_R	124	0	3860	42920	160	3400	1162	3490	0	0	164	2046	134	3700	0	1058	0	0	6546	21670	0	0	23062	0	88	8720	0	116	158	2454	5508	36322	310	17412	0	0	0	146	0	0	0	0	0	0	0	0	0	0	0	0	0	0	0	0	0	0	0	0	0	0	0	0	0	0	0	0	0	0	0	0	270	7902	0	7614	0	140	0	0	0	0	0	0	0	0	0	0	0	0	0	0	0	0	0	0	0	0	0	0	0	0	0	0	0	0	0	0	0	0	0	0	0	0	0	0	0	0	
28904	Frontal_Med_Orb_L	0	0	902	0	2900	0	0	0	218	0	0	0	314	0	0	0	0	0	118	0	374	0	2292	88	0	528	848	170	710	0	4294	152	0	0	0	0	0	0	0	0	0	0	0	0	0	0	0	0	0	0	0	0	0	0	0	0	0	0	0	0	0	0	0	0	0	0	0	0	0	0	0	0	544	0	0	0	0	0	0	0	0	0	0	0	0	0	0	0	0	0	0	0	0	0	0	0	0	0	0	0	0	0	0	0	0	0	0	0	0	0	0	0	0	0	0	0	
77244	Frontal_Med_Orb_R	0	0	0	3426	0	5144	0	0	0	294	0	0	0	0	0	0	0	0	0	0	310	688	1716	8720	528	0	332	3954	0	0	1322	4810	0	0	0	0	0	0	0	0	0	0	0	0	0	0	0	0	0	0	0	0	0	0	0	0	0	0	0	0	0	0	0	0	0	0	0	0	0	0	308	4496	0	2574	0	0	0	0	0	0	0	0	0	0	0	0	0	0	0	0	0	0	0	0	0	0	0	0	0	0	0	0	0	0	0	0	0	0	0	0	0	0	0	0	0	0	
38984	Rectus_L	0	0	0	0	3152	324	0	0	1910	0	0	0	0	0	1122	0	0	0	0	0	3132	1754	0	0	848	332	0	1390	396	0	1784	1068	0	0	0	0	0	0	0	0	0	0	0	0	0	0	0	0	0	0	0	0	0	0	0	0	0	0	0	0	0	0	0	0	0	0	0	0	0	0	1720	440	120	0	0	0	0	0	0	0	0	0	0	0	0	0	0	0	0	0	0	0	0	0	0	0	0	0	0	0	0	0	0	0	0	0	0	0	0	0	0	0	0	0	0	0	
64176	Rectus_R	0	0	0	0	0	7230	0	0	0	1572	0	0	0	0	0	1694	0	0	0	0	2076	4000	0	116	170	3954	1390	0	0	1334	1482	3084	0	0	0	0	0	0	0	0	0	208	0	0	0	0	0	0	0	0	0	0	0	0	0	0	0	0	0	0	0	0	0	0	0	0	0	0	0	0	1834	1402	0	542	0	0	0	0	0	0	0	0	0	0	0	0	0	0	0	0	0	0	0	0	0	0	0	0	0	0	0	0	0	0	0	0	0	0	0	0	0	0	0	0	0	0	
556380	Insula_L	17848	594	23892	678	10334	0	17632	352	4044	0	20474	498	24004	76	15574	0	24446	0	15570	436	3484	0	2318	158	710	0	396	0	0	376	6976	282	96	0	448	0	7780	86	2220	0	920	0	438	0	0	0	294	0	0	0	902	0	464	0	4012	0	8548	0	0	0	268	0	1246	0	0	0	656	0	5118	0	8394	532	16140	446	748	0	166	250	5702	0	8172	0	7410	0	2404	0	0	0	2968	0	86	0	0	0	0	0	0	0	124	0	0	0	0	0	0	0	0	0	0	0	0	0	0	0	0	0	
300088	Insula_R	262	1004	726	8196	0	2138	122	4876	0	1130	0	16888	0	13544	0	7140	0	13116	5162	8424	0	2906	0	2454	0	0	0	1334	376	0	538	1940	0	204	0	220	0	7530	0	2566	0	2448	0	110	0	0	0	686	0	0	0	0	0	0	0	2876	0	946	0	0	0	342	0	402	0	0	0	622	88	0	324	1734	112	24846	0	148	0	1600	0	1726	0	3896	0	2318	0	642	0	132	0	1250	0	0	0	0	0	0	0	0	0	0	0	0	0	0	0	0	0	0	0	0	0	0	0	0	0	0	
306200	Cingulum_Ant_L	1438	0	17420	4482	4346	170	4980	790	162	0	2262	1036	6376	1230	278	0	266	0	9094	1764	3256	2070	18744	5508	4294	1322	1784	1482	6976	538	0	17416	8062	3452	0	0	0	168	0	0	0	0	0	0	0	0	0	0	0	0	0	0	0	0	0	0	0	0	0	0	0	0	0	0	0	0	0	0	222	0	10434	2842	6814	1092	0	0	0	440	0	0	90	0	0	0	0	0	0	0	0	0	0	0	0	0	0	0	0	0	0	0	0	0	0	0	0	0	0	0	0	0	0	0	0	0	0	0	
457620	Cingulum_Ant_R	490	100	5208	35750	0	1746	1468	6616	0	0	106	4942	0	4264	0	126	0	0	11842	21672	2774	2158	12274	36322	152	4810	1068	3084	282	1940	17416	0	1050	23100	0	0	0	362	0	0	0	0	0	0	0	0	0	0	0	0	0	0	0	0	0	0	0	0	0	0	0	0	0	0	0	0	0	0	0	0	4182	13638	258	8518	90	374	0	628	0	0	0	0	0	0	0	0	0	0	0	0	0	0	0	0	0	0	0	0	0	0	0	0	0	0	0	0	0	0	0	0	0	0	0	0	0	0	
226708	Cingulum_Mid_L	6982	3204	8288	1844	0	0	1298	0	0	0	144	0	174	0	0	0	86	0	10488	7030	0	0	4748	310	0	0	0	0	96	0	8062	1050	0	15864	13082	2310	340	160	96	112	0	0	770	118	1522	146	106	188	190	0	838	0	168	0	0	0	714	218	930	0	0	0	0	0	0	0	5672	1722	9686	1416	170	0	0	0	0	0	1978	606	118	0	0	0	0	0	220	0	0	0	90	0	0	0	0	0	0	0	0	0	0	0	0	0	0	0	0	0	0	0	0	0	0	0	0	0	0	0	
443820	Cingulum_Mid_R	216	9582	3572	20128	0	0	546	1384	0	0	74	552	78	424	0	208	0	0	21586	50138	0	0	6510	17412	0	0	0	0	0	204	3452	23100	15864	0	2188	8380	0	918	0	822	0	0	0	1972	306	1818	0	1334	0	712	0	1250	0	160	0	180	0	1280	0	0	0	0	0	116	0	0	1060	11440	1646	9234	122	574	0	138	0	0	0	0	0	0	0	0	0	0	0	996	0	0	0	234	0	0	0	0	0	0	0	0	0	0	0	0	0	0	0	0	0	0	0	0	0	0	0	0	0	0	
226676	Cingulum_Post_L	8438	1430	3550	1534	0	0	1300	0	0	0	0	0	0	0	0	0	248	0	2048	2224	0	0	0	0	0	0	0	0	448	0	0	0	13082	2188	0	6140	6798	1252	2356	0	0	0	5718	144	2754	320	5134	132	424	0	1426	0	478	0	700	0	898	74	80	0	0	0	76	0	72	0	16338	2730	5722	230	724	1000	196	0	0	0	6666	3900	1236	0	478	0	0	0	1304	0	0	0	442	0	0	0	0	0	0	0	490	0	0	0	0	0	0	0	0	0	0	0	0	0	416	0	0	0	0	0	
216536	Cingulum_Post_R	1952	7978	1752	2582	0	0	0	0	0	0	0	0	0	0	0	0	0	80	1542	8968	0	0	0	0	0	0	0	0	0	220	0	0	2310	8380	6140	0	1292	8806	326	4628	0	0	0	458	148	320	308	7588	0	354	0	368	0	114	90	1260	0	1104	0	0	0	0	0	0	0	0	886	13894	1784	2554	458	2120	100	232	0	0	5948	7966	0	84	0	138	0	0	0	604	0	0	0	1454	0	0	0	0	0	0	0	482	0	0	0	0	0	0	0	0	0	0	0	0	496	0	0	0	0	0	
231120	Hippocampus_L	2106	378	2848	446	0	0	108	262	0	0	220	0	0	0	0	0	1246	0	2664	232	182	0	0	0	0	0	0	0	7780	0	0	0	340	0	6798	1292	0	926	13050	0	3848	0	2720	0	260	0	5350	150	0	0	1750	0	1694	0	13202	0	1270	0	0	0	426	0	214	0	0	0	6468	98	1468	0	954	122	7960	324	250	0	2402	1294	5062	0	2224	0	1724	0	4088	0	0	0	7980	0	230	0	0	0	0	102	304	0	404	0	0	0	0	0	0	0	0	0	0	210	130	0	0	0	0	0	
358312	Hippocampus_R	126	7350	264	4592	0	84	80	476	0	0	0	362	0	102	0	134	0	2250	728	4070	0	192	0	146	0	0	0	0	86	7530	168	362	160	918	1252	8806	926	0	248	29864	0	8888	0	1114	120	0	242	12378	0	166	0	282	0	666	0	27622	0	2810	0	0	0	86	0	118	0	0	266	9674	0	1356	448	474	0	10852	0	752	1172	6072	0	1984	0	2758	0	1192	0	2930	0	90	0	11250	0	0	0	0	0	0	0	1420	0	158	0	0	0	0	0	0	0	0	0	0	540	0	0	0	0	0	
94976	ParaHippocampal_L	266	0	520	0	0	0	0	0	0	0	0	0	0	0	292	0	86	0	504	0	1240	0	0	0	0	0	0	0	2220	0	0	0	96	0	2356	326	13050	248	0	0	1166	0	1092	0	82	0	4476	182	0	0	386	0	1316	0	6656	0	84	0	0	0	0	0	0	0	0	0	2890	0	208	0	86	0	1424	0	92	0	806	346	214	0	160	0	1724	0	130	0	724	0	1350	0	0	0	0	0	102	100	216	0	0	0	0	0	0	0	0	0	0	0	0	178	94	0	0	0	0	0	
227284	ParaHippocampal_R	0	1482	72	1296	0	132	0	250	0	0	0	166	0	0	0	202	0	408	266	1978	0	326	0	0	0	0	0	0	0	2566	0	0	112	822	0	4628	0	29864	0	0	0	7014	0	820	112	0	0	13460	0	102	0	218	0	268	0	18166	0	1562	0	0	0	0	0	0	0	0	214	6458	0	1246	0	228	0	5846	0	736	0	2062	0	126	0	240	0	3280	0	1080	0	1198	0	2586	0	0	0	0	0	94	0	1530	0	0	0	0	0	0	0	0	0	0	0	0	426	0	0	0	0	0	
21820	Amygdala_L	0	0	0	0	0	0	0	0	0	0	0	0	0	0	96	0	0	0	0	0	488	0	0	0	0	0	0	0	920	0	0	0	0	0	0	0	3848	0	1166	0	0	0	0	0	0	0	0	0	0	0	0	0	0	0	2292	0	0	0	0	0	0	0	0	0	0	0	0	0	0	0	0	0	0	0	0	0	0	0	0	0	0	0	1176	0	0	0	98	0	826	0	0	0	0	0	0	0	0	0	0	0	0	0	0	0	0	0	0	0	0	0	0	0	0	0	0	0	
61212	Amygdala_R	0	0	0	0	0	490	0	0	0	166	0	0	0	0	0	568	0	0	0	0	0	1786	0	0	0	0	0	208	0	2448	0	0	0	0	0	0	0	8888	0	7014	0	0	0	0	0	0	0	0	0	0	0	0	0	0	0	4028	0	0	0	0	0	0	0	0	0	0	0	0	0	0	0	74	0	1768	0	0	0	0	0	0	0	0	0	2808	0	0	0	244	0	116	0	0	0	0	0	0	0	0	0	0	0	0	0	0	0	0	0	0	0	0	0	0	0	0	0	0	
268216	Calcarine_L	988	0	94	0	0	0	0	0	0	0	0	0	0	0	0	0	400	0	0	0	0	0	0	0	0	0	0	0	438	0	0	0	770	0	5718	0	2720	0	1092	0	0	0	0	7752	16736	4516	14436	3292	13626	1336	22266	920	4624	0	1630	138	690	0	346	0	96	0	126	0	0	0	18952	1078	2152	0	0	0	0	0	0	0	356	0	686	0	86	0	0	0	3740	0	0	0	1058	0	0	0	0	0	0	0	656	0	0	0	0	0	0	0	0	0	0	0	0	0	594	0	0	0	0	0	
334048	Calcarine_R	0	2400	0	588	0	0	0	0	0	0	0	0	0	0	0	0	0	0	0	1332	0	0	0	0	0	0	0	0	0	110	0	0	118	1972	144	458	0	1114	0	820	0	0	7752	0	10256	26386	1792	19118	74	19162	0	23596	0	4644	0	4224	0	4226	0	0	0	0	0	0	0	0	1706	22470	0	1054	0	0	0	0	0	0	0	0	0	292	0	354	0	0	0	7490	0	0	0	2920	0	0	0	0	0	0	0	0	0	192	0	0	0	0	0	0	0	0	0	0	260	0	0	0	0	0	
218612	Cuneus_L	452	0	0	0	0	0	0	0	0	0	0	0	0	0	0	0	0	0	0	292	0	0	0	0	0	0	0	0	0	0	0	0	1522	306	2754	148	260	120	82	112	0	0	16736	10256	0	12402	4194	1046	15602	4046	7774	1630	660	0	86	0	224	166	732	0	0	0	0	0	0	0	18542	3912	3682	354	0	0	0	0	0	0	0	0	252	0	0	0	0	0	674	90	0	0	122	0	0	0	0	0	0	0	76	0	0	0	0	0	0	0	0	0	0	0	0	0	0	0	0	0	0	0	
268144	Cuneus_R	0	1222	0	228	0	0	0	0	0	0	0	0	0	0	0	0	0	0	0	594	0	0	0	0	0	0	0	0	0	0	0	0	146	1818	320	320	0	0	0	0	0	0	4516	26386	12402	0	386	2952	208	30208	0	14460	0	764	0	472	0	2748	0	870	0	0	0	0	0	332	3586	23814	0	542	0	0	0	0	0	0	0	0	0	0	0	0	0	0	0	4608	0	0	0	170	0	0	0	0	0	0	0	0	0	0	0	0	0	0	0	0	0	0	0	0	0	0	0	0	0	0	
262020	Lingual_L	490	0	182	0	0	0	0	0	0	0	0	0	0	0	0	0	194	0	0	0	0	0	0	0	0	0	0	0	294	0	0	0	106	0	5134	308	5350	242	4476	0	0	0	14436	1792	4194	386	0	3106	5160	202	18758	168	12888	0	16416	528	280	0	0	0	0	0	0	0	0	0	9324	94	268	0	0	0	74	0	0	0	746	318	218	0	84	0	0	0	692	0	0	0	1688	0	2256	162	0	0	180	0	7306	568	6612	638	0	0	0	0	440	166	0	0	0	122	2020	1382	196	0	200	166	
360428	Lingual_R	0	1662	0	912	0	0	0	176	0	0	0	0	0	0	0	0	0	328	0	1710	0	0	0	0	0	0	0	0	0	686	0	0	188	1334	132	7588	150	12378	182	13460	0	0	3292	19118	1046	2952	3106	0	0	5462	0	5256	0	5026	296	18908	0	1484	0	0	0	0	0	0	0	0	356	13290	0	1776	0	0	0	926	0	0	0	1982	0	178	0	188	0	0	0	2220	0	0	0	3452	3044	2998	370	206	138	808	1392	6502	4962	8934	94	0	398	148	156	724	0	110	136	738	7544	6538	1832	458	784	0	
170860	Occipital_Sup_L	76	0	0	0	0	0	0	0	0	0	0	0	0	0	0	0	0	0	0	0	0	0	0	0	0	0	0	0	0	0	0	0	190	0	424	0	0	0	0	0	0	0	13626	74	15602	208	5160	0	0	0	28052	0	1086	0	0	0	236	0	7234	0	2576	0	0	0	838	0	8154	250	366	0	0	0	0	0	0	0	0	0	0	0	0	0	0	0	1046	0	0	0	232	0	0	0	0	0	0	0	0	0	0	0	0	0	0	0	0	0	0	0	0	0	0	0	0	0	0	0	
249456	Occipital_Sup_R	0	630	0	98	0	0	0	0	0	0	0	0	0	0	0	0	0	0	0	390	0	0	0	0	0	0	0	0	0	0	0	0	0	712	0	354	0	166	0	102	0	0	1336	19162	4046	30208	202	5462	0	0	0	25448	0	1428	0	1184	0	828	0	2966	0	150	0	0	0	3114	1518	19054	0	482	0	0	0	0	0	0	0	0	0	0	0	0	0	0	0	5212	0	0	0	398	0	0	0	0	0	0	0	0	0	78	0	0	0	0	0	0	0	0	0	0	0	0	0	0	0	0	
450380	Occipital_Mid_L	4088	0	234	0	0	0	102	0	0	0	0	0	0	0	0	0	1584	0	94	0	0	0	0	0	0	0	0	0	902	0	0	0	838	0	1426	0	1750	0	386	0	0	0	22266	0	7774	0	18758	0	28052	0	0	0	28208	0	6298	0	5750	0	12280	0	12164	0	3610	0	13302	0	10754	0	1982	0	82	0	246	0	0	0	0	0	5042	0	758	0	0	0	31106	0	0	0	4676	0	168	0	0	0	0	0	230	0	120	0	0	0	0	0	0	0	0	0	0	0	160	0	0	0	0	0	
308248	Occipital_Mid_R	0	1718	0	112	0	0	0	0	0	0	0	0	0	0	0	0	0	0	0	1252	0	0	0	0	0	0	0	0	0	0	0	0	0	1250	0	368	0	282	0	218	0	0	920	23596	1630	14460	168	5256	0	25448	0	0	0	6928	0	3162	0	3460	0	942	0	5252	0	600	0	16262	396	14202	0	1376	0	0	0	0	0	0	0	0	0	0	0	1090	0	0	0	20686	0	0	0	3090	0	0	0	0	0	0	0	0	0	0	0	0	0	0	0	0	0	0	0	0	0	0	0	0	0	0	
216596	Occipital_Inf_L	1342	0	76	0	0	0	0	0	0	0	0	0	0	0	0	0	662	0	0	0	0	0	0	0	0	0	0	0	464	0	0	0	168	0	478	0	1694	0	1316	0	0	0	4624	0	660	0	12888	0	1086	0	28208	0	0	0	18890	0	1394	0	444	0	718	0	534	0	1396	0	2262	0	328	0	0	0	212	0	0	0	0	0	1948	0	782	0	0	0	11022	0	0	0	11570	0	1482	0	0	0	0	0	538	0	1020	0	0	0	0	0	0	0	0	0	0	0	92	0	0	0	0	0	
90356	Occipital_Inf_R	0	596	0	0	0	0	0	0	0	0	0	0	0	0	0	0	0	0	0	0	0	0	0	0	0	0	0	0	0	0	0	0	0	160	0	114	0	666	0	268	0	0	0	4644	0	764	0	5026	0	1428	0	6928	0	0	0	10892	0	278	0	0	0	0	0	0	0	0	0	1598	0	0	0	0	0	0	0	0	0	0	0	92	0	132	0	0	0	4160	0	0	0	5538	188	186	0	0	0	0	0	200	224	510	0	0	0	0	0	0	0	0	0	0	268	318	0	0	0	0	
323300	Fusiform_L	460	0	254	0	0	0	0	0	0	0	0	0	0	0	0	0	548	0	122	0	178	0	0	0	0	0	0	0	4012	0	0	0	0	0	700	90	13202	0	6656	0	2292	0	1630	0	86	0	16416	296	0	0	6298	0	18890	0	0	0	342	0	0	0	92	0	0	0	0	0	1834	0	184	0	0	0	938	0	0	0	144	100	2704	0	2942	0	2350	0	3650	0	1618	0	25380	0	13584	0	180	0	648	0	9988	0	21672	282	0	0	0	0	0	0	0	0	0	0	432	456	0	0	0	0	
396300	Fusiform_R	0	3374	76	500	0	0	0	0	0	0	0	100	0	0	0	166	0	362	132	602	0	0	0	0	0	0	0	0	0	2876	0	0	0	180	0	1260	0	27622	0	18166	0	4028	138	4224	0	472	528	18908	0	1184	0	3162	0	10892	0	0	0	556	0	0	0	0	0	0	0	0	0	2472	0	0	0	134	0	3550	0	594	0	420	0	1184	0	3566	0	5696	0	9348	0	3244	0	26872	1812	4368	80	0	168	344	962	8650	2528	12486	0	0	0	0	154	156	0	0	0	1228	4640	3534	296	0	156	0	
252584	Postcentral_L	20608	1076	1366	240	0	0	1494	232	0	0	3862	0	0	0	0	0	16204	0	1344	0	0	0	0	0	0	0	0	0	8548	0	0	0	714	0	898	0	1270	0	84	0	0	0	690	0	224	0	280	0	236	0	5750	0	1394	0	342	0	0	0	6078	0	16648	0	10682	0	1338	0	4428	0	2976	0	1174	0	2036	0	524	0	432	0	3186	0	3948	0	0	0	4160	0	0	0	1826	0	0	0	0	0	0	0	0	0	0	0	0	0	0	0	0	0	0	0	0	0	0	0	0	0	0	0	
228844	Postcentral_R	96	14816	0	646	0	0	0	286	0	0	0	1772	0	0	0	0	0	3894	98	1600	0	0	0	0	0	0	0	0	0	946	0	0	218	1280	74	1104	0	2810	0	1562	0	0	0	4226	166	2748	0	1484	0	828	0	3460	0	278	0	556	0	0	0	8490	0	10086	0	15522	0	2766	548	11200	148	5442	0	826	0	3956	0	548	0	2086	0	1158	0	2252	0	0	0	2830	0	0	0	1616	0	0	0	0	0	0	0	0	0	0	0	0	0	0	0	0	0	0	0	0	0	0	0	0	0	0	
109832	Parietal_Sup_L	134	0	0	0	0	0	0	0	0	0	0	0	0	0	0	0	212	0	0	0	0	0	0	0	0	0	0	0	0	0	0	0	930	0	80	0	0	0	0	0	0	0	346	0	732	0	0	0	7234	0	12280	0	444	0	0	0	6078	0	0	0	9006	0	1300	0	1748	0	8926	0	1472	0	0	0	0	0	0	0	0	0	86	0	164	0	0	0	2944	0	0	0	800	0	0	0	0	0	0	0	0	0	0	0	0	0	0	0	0	0	0	0	0	0	0	0	0	0	0	0	
79640	Parietal_Sup_R	0	0	0	0	0	0	0	0	0	0	0	0	0	0	0	0	0	114	0	0	0	0	0	0	0	0	0	0	0	0	0	0	0	0	0	0	0	0	0	0	0	0	0	0	0	870	0	0	0	2966	0	942	0	0	0	0	0	8490	0	0	0	8128	0	2824	0	3742	1932	8606	0	588	0	0	0	0	0	0	0	98	0	86	0	108	0	0	0	196	0	0	0	130	0	0	0	0	0	0	0	0	0	0	0	0	0	0	0	0	0	0	0	0	0	0	0	0	0	0	
153672	Parietal_Inf_L	124	0	0	0	0	0	0	0	0	0	0	0	0	0	0	0	2326	0	0	0	0	0	0	0	0	0	0	0	268	0	0	0	0	0	0	0	426	0	0	0	0	0	96	0	0	0	0	0	2576	0	12164	0	718	0	92	0	16648	0	9006	0	0	0	14636	0	8656	0	272	0	144	0	0	0	652	0	0	0	0	0	488	0	846	0	0	0	5346	0	0	0	1352	0	0	0	0	0	0	0	0	0	0	0	0	0	0	0	0	0	0	0	0	0	0	0	0	0	0	0	
109508	Parietal_Inf_R	0	596	0	144	0	0	0	0	0	0	0	0	0	0	0	0	0	402	0	140	0	0	0	0	0	0	0	0	0	342	0	0	0	0	0	0	0	86	0	0	0	0	0	0	0	0	0	0	0	150	0	5252	0	0	0	0	0	10086	0	8128	0	0	0	14180	0	12636	0	694	0	0	0	0	0	506	0	0	0	134	0	150	0	262	0	0	0	678	0	0	0	188	0	0	0	0	0	0	0	0	0	0	0	0	0	0	0	0	0	0	0	0	0	0	0	0	0	0	
113144	SupraMarginal_L	496	0	0	0	0	0	0	0	0	0	0	0	0	0	0	0	4534	0	0	0	0	0	0	0	0	0	0	0	1246	0	0	0	0	0	76	0	214	0	0	0	0	0	126	0	0	0	0	0	0	0	3610	0	534	0	0	0	10682	0	1300	0	14636	0	0	0	5762	0	186	0	0	0	0	0	128	0	72	0	0	0	720	0	5938	0	0	0	5516	0	0	0	796	0	0	0	0	0	0	0	0	0	0	0	0	0	0	0	0	0	0	0	0	0	0	0	0	0	0	0	
109044	SupraMarginal_R	0	1158	0	152	0	0	0	0	0	0	0	0	0	0	0	0	0	3426	0	186	0	0	0	0	0	0	0	0	0	402	0	0	0	116	0	0	0	118	0	0	0	0	0	0	0	0	0	0	0	0	0	600	0	0	0	0	0	15522	0	2824	0	14180	0	0	0	6478	124	710	0	98	0	0	0	556	0	0	0	146	0	290	0	5286	0	0	0	1856	0	0	0	294	0	0	0	0	0	0	0	0	0	0	0	0	0	0	0	0	0	0	0	0	0	0	0	0	0	0	
93668	Angular_L	0	0	0	0	0	0	0	0	0	0	0	0	0	0	0	0	306	0	0	0	0	0	0	0	0	0	0	0	0	0	0	0	0	0	72	0	0	0	0	0	0	0	0	0	0	0	0	0	838	0	13302	0	1396	0	0	0	1338	0	1748	0	8656	0	5762	0	0	0	176	0	78	0	0	0	0	0	0	0	0	0	108	0	1564	0	0	0	10830	0	0	0	660	0	0	0	0	0	0	0	0	0	0	0	0	0	0	0	0	0	0	0	0	0	0	0	0	0	0	0	
116860	Angular_R	0	156	0	0	0	0	0	0	0	0	0	0	0	0	0	0	0	142	0	0	0	0	0	0	0	0	0	0	0	0	0	0	0	0	0	0	0	0	0	0	0	0	0	0	0	332	0	0	0	3114	0	16262	0	0	0	0	0	2766	0	3742	0	12636	0	6478	0	0	0	960	0	400	0	0	0	0	0	0	0	0	0	0	0	4376	0	0	0	6874	0	0	0	192	0	0	0	0	0	0	0	0	0	0	0	0	0	0	0	0	0	0	0	0	0	0	0	0	0	0	
330308	Precuneus_L	2906	222	206	0	0	0	114	0	0	0	0	0	0	0	0	0	600	0	0	468	0	0	0	0	0	0	0	0	656	0	0	0	5672	1060	16338	886	6468	266	2890	214	0	0	18952	1706	18542	3586	9324	356	8154	1518	10754	396	2262	0	1834	0	4428	548	8926	1932	272	0	186	124	176	0	0	12940	9162	724	206	0	96	0	0	0	518	0	1638	0	526	0	0	0	3358	442	0	0	1098	376	0	0	0	0	0	0	622	0	0	0	0	0	0	0	0	0	0	0	0	0	506	0	0	0	0	0	
462488	Precuneus_R	366	6928	0	1338	0	0	0	90	0	0	0	0	0	0	0	0	0	188	0	7762	0	0	0	0	0	0	0	0	0	622	0	0	1722	11440	2730	13894	98	9674	0	6458	0	0	1078	22470	3912	23814	94	13290	250	19054	0	14202	0	1598	0	2472	0	11200	0	8606	0	694	0	710	0	960	12940	0	794	10664	0	0	0	82	0	0	162	1398	0	454	0	692	0	0	0	10234	0	0	0	4402	0	0	0	0	0	0	0	636	0	0	0	0	0	0	0	0	0	0	0	0	1072	0	0	0	0	0	
299312	Paracentral_Lobule_L	31170	2664	17998	3376	0	0	1780	0	0	0	786	74	76	0	0	0	744	0	18334	5642	0	0	0	0	0	0	0	0	5118	88	222	0	9686	1646	5722	1784	1468	0	208	0	0	0	2152	0	3682	0	268	0	366	0	1982	0	328	0	184	0	2976	148	1472	0	144	0	0	0	78	0	9162	794	0	1582	646	1128	1302	0	92	0	8404	2142	424	0	262	0	0	0	856	0	0	0	422	0	0	0	0	0	0	0	0	0	0	0	0	0	0	0	0	0	0	0	0	0	74	0	0	0	0	0	
113696	Paracentral_Lobule_R	0	4132	0	0	0	0	0	0	0	0	0	0	0	0	0	0	0	0	0	10458	0	0	0	0	0	0	0	0	0	0	0	0	1416	9234	230	2554	0	1356	0	1246	0	0	0	1054	354	542	0	1776	0	482	0	1376	0	0	0	0	0	5442	0	588	0	0	0	98	0	400	724	10664	1582	0	0	0	0	0	0	0	0	0	0	0	0	0	0	0	0	1008	0	0	0	132	0	0	0	0	0	0	0	0	0	0	0	0	0	0	0	0	0	0	0	0	0	0	0	0	0	0	
234756	Caudate_L	6618	322	4948	1622	0	408	7640	1488	0	0	3534	514	3598	230	686	0	412	0	8656	1684	5538	4676	162	270	0	308	1720	1834	8394	324	10434	4182	170	122	724	458	954	448	86	0	0	0	0	0	0	0	0	0	0	0	82	0	0	0	0	0	1174	0	0	0	0	0	0	0	0	0	206	0	646	0	0	9482	10892	906	1320	284	6538	2200	0	0	0	0	100	0	236	0	0	0	148	0	0	0	0	0	0	0	0	0	0	0	0	0	0	0	0	0	0	0	0	0	0	0	0	0	0	0	
302584	Caudate_R	3214	2786	2412	11622	0	2344	3040	848	0	280	296	1362	0	1292	0	358	0	140	6956	24838	1520	2548	0	7902	0	4496	440	1402	532	1734	2842	13638	0	574	1000	2120	122	474	0	228	0	74	0	0	0	0	0	0	0	0	0	0	0	0	0	134	0	826	0	0	0	0	0	0	0	0	0	0	1128	0	9482	0	122	14090	0	2736	2528	16812	0	0	0	0	0	0	0	0	0	0	0	0	0	0	0	0	0	0	0	0	0	0	0	0	0	0	0	0	0	0	0	0	0	0	0	0	0	0	
216892	Putamen_L	2694	660	8716	886	4874	0	712	452	2392	0	1738	124	3036	114	2110	0	1710	0	11962	426	190	0	458	0	544	0	120	0	16140	112	6814	258	0	0	196	100	7960	0	1424	0	0	0	0	0	0	0	74	0	0	0	246	0	212	0	938	0	2036	0	0	0	652	0	128	0	0	0	96	0	1302	0	10892	122	0	112	6256	0	2298	172	556	0	1240	0	1050	0	1606	0	0	0	1302	0	88	0	0	0	0	0	0	0	146	0	0	0	0	0	0	0	0	0	0	0	0	0	0	0	0	0	
316616	Putamen_R	332	4022	1014	10652	0	2438	596	2540	0	1040	222	4892	134	3610	0	3032	0	5068	5198	12472	0	316	0	7614	0	2574	0	542	446	24846	1092	8518	0	138	0	232	324	10852	0	5846	0	1768	0	0	0	0	0	926	0	0	0	0	0	0	0	3550	0	3956	0	0	0	506	0	556	0	0	0	82	0	0	906	14090	112	0	0	3640	0	5982	0	158	0	530	0	656	0	0	0	0	0	192	0	0	0	0	0	0	0	96	0	0	0	0	0	0	0	0	0	0	0	0	0	0	0	0	0	0	
36204	Pallidum_L	206	174	1588	356	0	0	0	76	0	0	0	0	0	0	0	0	594	0	4268	196	0	0	0	0	0	0	0	0	748	0	0	90	0	0	0	0	250	0	92	0	0	0	0	0	0	0	0	0	0	0	0	0	0	0	0	0	524	0	0	0	0	0	72	0	0	0	0	0	92	0	1320	0	6256	0	0	0	964	110	126	0	0	0	0	0	0	0	0	0	0	0	0	0	0	0	0	0	0	0	0	0	0	0	0	0	0	0	0	0	0	0	0	0	0	0	0	0	
35328	Pallidum_R	132	708	434	2974	0	0	396	104	0	0	0	370	0	102	0	110	0	0	372	1928	0	0	0	140	0	0	0	0	0	148	0	374	0	0	0	0	0	752	0	736	0	0	0	0	0	0	0	0	0	0	0	0	0	0	0	594	0	548	0	0	0	0	0	0	0	0	0	0	0	0	284	2736	0	3640	0	0	0	82	0	0	0	0	0	0	0	0	0	0	0	0	0	0	0	0	0	0	0	0	0	0	0	0	0	0	0	0	0	0	0	0	0	0	0	0	0	0	
198396	Thalamus_L	10518	350	14074	544	0	0	0	0	0	0	0	0	0	0	0	0	0	0	17030	2508	0	0	0	0	0	0	0	0	166	0	0	0	1978	0	6666	5948	2402	1172	806	0	0	0	356	0	0	0	746	0	0	0	0	0	0	0	144	0	432	0	0	0	0	0	0	0	0	0	518	162	8404	0	6538	2528	2298	0	964	0	0	11946	0	0	0	0	0	0	0	0	0	0	0	0	0	0	0	0	0	0	0	0	0	0	0	0	0	0	0	0	0	0	0	0	0	0	0	0	0	0	
217948	Thalamus_R	2308	3498	2350	5892	0	0	0	788	0	0	142	458	82	184	0	0	0	1042	2336	17734	0	0	0	0	0	0	0	0	250	1600	440	628	606	0	3900	7966	1294	6072	346	2062	0	0	0	0	0	0	318	1982	0	0	0	0	0	0	100	420	0	2086	0	98	0	134	0	146	0	0	0	1398	2142	0	2200	16812	172	5982	110	82	11946	0	0	74	0	136	0	0	0	108	0	0	0	206	0	0	0	0	0	0	0	84	0	0	0	0	0	0	0	0	0	0	0	0	260	0	0	0	0	0	
115184	Heschl_L	2552	0	458	0	0	0	0	0	0	0	632	0	0	0	0	0	5828	0	344	0	0	0	0	0	0	0	0	0	5702	0	0	0	118	0	1236	0	5062	0	214	0	0	0	686	0	252	0	218	0	0	0	5042	0	1948	0	2704	0	3186	0	86	0	488	0	720	0	108	0	1638	0	424	0	0	0	556	0	126	0	0	0	0	0	4822	0	0	0	7480	0	0	0	4464	0	212	0	0	0	0	0	0	0	286	0	0	0	0	0	0	0	0	0	0	0	0	0	0	0	0	0	
45576	Heschl_R	0	178	0	98	0	0	0	0	0	0	0	190	0	0	0	0	0	5182	0	142	0	0	0	0	0	0	0	0	0	1726	0	0	0	0	0	84	0	1984	0	126	0	0	0	292	0	0	0	178	0	0	0	0	0	92	0	1184	0	1158	0	86	0	150	0	290	0	0	0	454	0	0	0	0	0	158	0	0	0	74	0	0	0	6464	0	318	0	430	0	0	0	1750	0	0	0	0	0	0	0	0	0	0	0	0	0	0	0	0	0	0	0	0	0	0	0	0	0	0	
188080	Temporal_Sup_L	2816	0	924	0	0	0	218	0	0	0	2670	0	122	0	0	0	8236	0	1102	0	0	0	0	0	0	0	0	0	8172	0	90	0	0	0	478	0	2224	0	160	0	0	0	86	0	0	0	84	0	0	0	758	0	782	0	2942	0	3948	0	164	0	846	0	5938	0	1564	0	526	0	262	0	0	0	1240	0	0	0	0	0	4822	0	0	0	5778	0	23280	0	0	0	13594	0	86	0	0	0	0	0	0	0	128	0	0	0	0	0	0	0	0	0	0	0	0	0	0	0	0	0	
130320	Temporal_Sup_R	0	442	0	378	0	0	0	0	0	0	0	262	0	0	0	278	0	6252	82	428	0	0	0	0	0	0	0	0	0	3896	0	0	0	0	0	138	0	2758	0	240	0	0	0	354	0	0	0	188	0	0	0	1090	0	132	0	3566	0	2252	0	108	0	262	0	5286	0	4376	0	692	0	0	0	0	0	530	0	0	0	136	0	6464	0	0	0	1510	0	14620	0	1384	0	7056	0	0	0	0	0	0	0	0	0	0	0	0	0	0	0	0	0	0	0	0	0	0	0	0	0	0	
108740	Temporal_Pole_Sup_L	116	0	330	0	938	0	0	0	560	0	2586	0	308	0	2104	0	2772	0	314	0	1546	0	0	0	0	0	0	0	7410	0	0	0	0	0	0	0	1724	0	1724	0	1176	0	0	0	0	0	0	0	0	0	0	0	0	0	2350	0	0	0	0	0	0	0	0	0	0	0	0	0	0	0	100	0	1050	0	0	0	0	0	0	0	5778	0	0	0	9084	0	5522	0	6878	0	0	0	0	0	0	0	0	0	0	0	0	0	0	0	0	0	0	0	0	0	0	0	0	0	0	0	
57828	Temporal_Pole_Sup_R	0	0	0	144	0	154	0	0	0	0	0	204	0	0	0	1116	0	1222	122	234	0	442	0	0	0	0	0	0	0	2318	0	0	0	0	0	0	0	1192	0	3280	0	2808	0	0	0	0	0	0	0	0	0	0	0	0	0	5696	0	0	0	0	0	0	0	0	0	0	0	0	0	0	0	0	0	656	0	0	0	0	0	318	0	1510	0	0	0	1200	0	4778	0	1520	0	0	0	0	0	0	0	0	0	0	0	0	0	0	0	0	0	0	0	0	0	0	0	0	0	0	
362372	Temporal_Mid_L	3660	0	556	0	0	0	84	0	0	0	98	0	0	0	0	0	2192	0	314	0	0	0	0	0	0	0	0	0	2404	0	0	0	220	0	1304	0	4088	0	130	0	0	0	3740	0	674	0	692	0	1046	0	31106	0	11022	0	3650	0	4160	0	2944	0	5346	0	5516	0	10830	0	3358	0	856	0	236	0	1606	0	0	0	0	0	7480	0	23280	0	9084	0	0	0	5594	0	33428	0	248	0	0	0	0	0	0	0	240	0	0	0	0	0	0	0	0	0	0	0	0	0	0	0	0	0	
276788	Temporal_Mid_R	0	2014	0	200	0	0	0	0	0	0	0	0	0	0	0	184	0	564	0	742	0	0	0	0	0	0	0	0	0	642	0	0	0	996	0	604	0	2930	0	1080	0	0	0	7490	90	4608	0	2220	0	5212	0	20686	0	4160	0	9348	0	2830	0	196	0	678	0	1856	0	6874	442	10234	0	1008	0	0	0	0	0	0	0	108	0	430	0	14620	0	1200	0	0	0	3488	0	30660	0	0	0	0	0	0	0	0	0	0	0	0	0	0	0	0	0	0	0	0	0	0	0	0	0	0	
37612	Temporal_Pole_Mid_L	0	0	0	0	0	0	0	0	0	0	0	0	0	0	0	0	0	0	0	0	0	0	0	0	0	0	0	0	0	0	0	0	0	0	0	0	0	0	724	0	98	0	0	0	0	0	0	0	0	0	0	0	0	0	1618	0	0	0	0	0	0	0	0	0	0	0	0	0	0	0	0	0	0	0	0	0	0	0	0	0	0	0	5522	0	5594	0	0	0	5250	0	0	0	0	0	0	0	0	0	0	0	0	0	0	0	0	0	0	0	0	0	0	0	0	0	0	0	
35716	Temporal_Pole_Mid_R	0	0	0	0	0	0	0	0	0	0	0	0	0	0	0	0	0	0	0	0	0	0	0	0	0	0	0	0	0	132	0	0	0	0	0	0	0	90	0	1198	0	244	0	0	0	0	0	0	0	0	0	0	0	0	0	3244	0	0	0	0	0	0	0	0	0	0	0	0	0	0	0	0	0	0	0	0	0	0	0	0	0	1384	0	4778	0	3488	0	0	0	3300	0	0	0	0	0	0	0	0	0	0	0	0	0	0	0	0	0	0	0	0	0	0	0	0	0	0	
281616	Temporal_Inf_L	1004	0	360	0	0	0	0	0	0	0	0	0	0	0	0	0	2510	0	182	0	0	0	0	0	0	0	0	0	2968	0	0	0	90	0	442	0	7980	0	1350	0	826	0	1058	0	122	0	1688	0	232	0	4676	0	11570	0	25380	0	1826	0	800	0	1352	0	796	0	660	0	1098	0	422	0	148	0	1302	0	0	0	0	0	4464	0	13594	0	6878	0	33428	0	5250	0	0	0	3260	0	0	0	0	0	312	0	2780	0	0	0	0	0	0	0	0	0	0	0	0	0	0	0	0	0	
235320	Temporal_Inf_R	0	4642	0	388	0	0	0	0	0	0	0	0	0	0	0	0	0	634	0	292	0	0	0	0	0	0	0	0	0	1250	0	0	0	234	0	1454	0	11250	0	2586	0	116	0	2920	0	170	0	3452	0	398	0	3090	0	5538	0	26872	0	1616	0	130	0	188	0	294	0	192	376	4402	0	132	0	0	0	192	0	0	0	206	0	1750	0	7056	0	1520	0	30660	0	3300	0	0	0	272	0	0	0	0	0	0	0	0	0	0	0	0	0	0	0	0	0	0	88	0	0	0	0	0	
407804	Cerebelum_Crus1_L	0	0	0	0	0	0	0	0	0	0	0	0	0	0	0	0	0	0	0	0	0	0	0	0	0	0	0	0	86	0	0	0	0	0	0	0	230	0	0	0	0	0	0	0	0	0	2256	3044	0	0	168	0	1482	188	13584	1812	0	0	0	0	0	0	0	0	0	0	0	0	0	0	0	0	88	0	0	0	0	0	212	0	86	0	0	0	248	0	0	0	3260	0	0	5964	28676	5378	1172	0	13324	798	49398	7606	9380	1978	14010	5494	1998	1748	116	204	106	138	2994	11494	11024	1910	1942	306	
346716	Cerebelum_Crus1_R	0	0	0	0	0	0	0	0	0	0	0	0	0	0	0	0	0	0	0	0	0	0	0	0	0	0	0	0	0	0	0	0	0	0	0	0	0	0	0	0	0	0	0	0	0	0	162	2998	0	0	0	0	0	186	0	4368	0	0	0	0	0	0	0	0	0	0	0	0	0	0	0	0	0	0	0	0	0	0	0	0	0	0	0	0	0	0	0	0	0	272	5964	0	3332	27218	84	1916	462	13300	4730	43038	1294	6208	1176	26294	98	4934	0	270	0	1852	4868	6088	9788	1408	1050	0	
268548	Cerebelum_Crus2_L	0	0	0	0	0	0	0	0	0	0	0	0	0	0	0	0	0	0	0	0	0	0	0	0	0	0	0	0	0	0	0	0	0	0	0	0	0	0	0	0	0	0	0	0	0	0	0	370	0	0	0	0	0	0	180	80	0	0	0	0	0	0	0	0	0	0	0	0	0	0	0	0	0	0	0	0	0	0	0	0	0	0	0	0	0	0	0	0	0	0	28676	3332	0	11950	378	0	1170	92	6042	876	24642	5484	21936	5728	4390	396	136	0	0	0	316	2142	11750	3814	394	0	
266308	Cerebelum_Crus2_R	0	0	0	0	0	0	0	0	0	0	0	0	0	0	0	0	0	0	0	0	0	0	0	0	0	0	0	0	0	0	0	0	0	0	0	0	0	0	0	0	0	0	0	0	0	0	0	206	0	0	0	0	0	0	0	0	0	0	0	0	0	0	0	0	0	0	0	0	0	0	0	0	0	0	0	0	0	0	0	0	0	0	0	0	0	0	0	0	0	0	5378	27218	11950	0	0	0	0	0	1070	2684	6050	20204	4402	30404	0	5600	0	0	0	0	148	484	13406	3526	424	0	
45240	Cerebelum_3_L	0	0	0	0	0	0	0	0	0	0	0	0	0	0	0	0	0	0	0	0	0	0	0	0	0	0	0	0	0	0	0	0	0	0	0	0	0	0	102	0	0	0	0	0	0	0	180	138	0	0	0	0	0	0	648	168	0	0	0	0	0	0	0	0	0	0	0	0	0	0	0	0	0	0	0	0	0	0	0	0	0	0	0	0	0	0	0	0	0	0	1172	84	378	0	0	262	7956	454	2630	306	394	0	510	0	1738	90	176	0	1082	1580	2350	222	0	0	0	0	
47364	Cerebelum_3_R	0	0	0	0	0	0	0	0	0	0	0	0	0	0	0	0	0	0	0	0	0	0	0	0	0	0	0	0	0	0	0	0	0	0	0	0	102	0	100	94	0	0	0	0	0	0	0	808	0	0	0	0	0	0	0	344	0	0	0	0	0	0	0	0	0	0	0	0	0	0	0	0	0	0	0	0	0	0	0	0	0	0	0	0	0	0	0	0	0	0	0	1916	0	0	262	0	434	6412	0	5290	0	0	0	0	76	576	0	0	644	3930	2102	198	0	0	394	0	
208144	Cerebelum_4_5_L	0	0	0	0	0	0	0	0	0	0	0	0	0	0	0	0	0	0	0	0	0	0	0	0	0	0	0	0	0	0	0	0	0	0	490	0	304	0	216	0	0	0	656	0	76	0	7306	1392	0	0	230	0	538	0	9988	962	0	0	0	0	0	0	0	0	0	0	622	0	0	0	0	0	0	0	0	0	0	0	0	0	0	0	0	0	0	0	0	0	312	0	13324	462	1170	0	7956	434	0	2588	28292	1826	564	0	1326	118	3444	1172	374	366	840	1382	9690	2818	388	338	1336	772	
192872	Cerebelum_4_5_R	0	0	0	0	0	0	0	0	0	0	0	0	0	0	0	0	0	0	0	0	0	0	0	0	0	0	0	0	0	0	0	0	0	0	0	482	0	1420	0	1530	0	0	0	0	0	0	568	6502	0	0	0	0	0	200	0	8650	0	0	0	0	0	0	0	0	0	0	0	636	0	0	0	0	0	96	0	0	0	84	0	0	0	0	0	0	0	0	0	0	0	0	798	13300	92	0	454	6412	2588	0	2094	24076	140	0	512	164	426	1522	0	106	440	4634	13238	2392	612	618	1168	482	
388720	Cerebelum_6_L	0	0	0	0	0	0	0	0	0	0	0	0	0	0	0	0	0	0	0	0	0	0	0	0	0	0	0	0	124	0	0	0	0	0	0	0	404	0	0	0	0	0	0	0	0	0	6612	4962	0	0	120	0	1020	224	21672	2528	0	0	0	0	0	0	0	0	0	0	0	0	0	0	0	0	146	0	0	0	0	0	286	0	128	0	0	0	240	0	0	0	2780	0	49398	4730	6042	1070	2630	0	28292	2094	0	9330	3574	158	6612	1418	2048	2296	176	320	156	312	6564	14592	6304	1864	2636	498	
332492	Cerebelum_6_R	0	0	0	0	0	0	0	0	0	0	0	0	0	0	0	0	0	0	0	0	0	0	0	0	0	0	0	0	0	0	0	0	0	0	0	0	0	158	0	0	0	0	0	192	0	0	638	8934	0	78	0	0	0	510	282	12486	0	0	0	0	0	0	0	0	0	0	0	0	0	0	0	0	0	0	0	0	0	0	0	0	0	0	0	0	0	0	0	0	0	0	7606	43038	876	2684	306	5290	1826	24076	9330	0	72	900	264	6618	286	2440	0	670	142	3452	10914	13188	5860	1142	1916	72	
209632	Cerebelum_7b_L	0	0	0	0	0	0	0	0	0	0	0	0	0	0	0	0	0	0	0	0	0	0	0	0	0	0	0	0	0	0	0	0	0	0	0	0	0	0	0	0	0	0	0	0	0	0	0	94	0	0	0	0	0	0	0	0	0	0	0	0	0	0	0	0	0	0	0	0	0	0	0	0	0	0	0	0	0	0	0	0	0	0	0	0	0	0	0	0	0	0	9380	1294	24642	6050	394	0	564	140	3574	72	0	2966	27542	5358	5952	642	402	0	0	0	194	1528	7548	5672	722	86	
135596	Cerebelum_7b_R	0	0	0	0	0	0	0	0	0	0	0	0	0	0	0	0	0	0	0	0	0	0	0	0	0	0	0	0	0	0	0	0	0	0	0	0	0	0	0	0	0	0	0	0	0	0	0	0	0	0	0	0	0	0	0	0	0	0	0	0	0	0	0	0	0	0	0	0	0	0	0	0	0	0	0	0	0	0	0	0	0	0	0	0	0	0	0	0	0	0	1978	6208	5484	20204	0	0	0	0	158	900	2966	0	2358	17198	0	3022	0	0	0	0	0	0	5452	1742	128	0	
260120	Cerebelum_8_L	0	0	0	0	0	0	0	0	0	0	0	0	0	0	0	0	0	0	0	0	0	0	0	0	0	0	0	0	0	0	0	0	0	0	0	0	0	0	0	0	0	0	0	0	0	0	0	398	0	0	0	0	0	0	0	0	0	0	0	0	0	0	0	0	0	0	0	0	0	0	0	0	0	0	0	0	0	0	0	0	0	0	0	0	0	0	0	0	0	0	14010	1176	21936	4402	510	0	1326	512	6612	264	27542	2358	0	6770	15282	2074	1348	0	0	0	810	3506	7774	8112	2952	386	
280892	Cerebelum_8_R	0	0	0	0	0	0	0	0	0	0	0	0	0	0	0	0	0	0	0	0	0	0	0	0	0	0	0	0	0	0	0	0	0	0	0	0	0	0	0	0	0	0	0	0	0	0	0	148	0	0	0	0	0	0	0	0	0	0	0	0	0	0	0	0	0	0	0	0	0	0	0	0	0	0	0	0	0	0	0	0	0	0	0	0	0	0	0	0	0	0	5494	26294	5728	30404	0	0	118	164	1418	6618	5358	17198	6770	0	220	13580	0	332	0	82	302	2134	10620	5620	1704	140	
96032	Cerebelum_9_L	0	0	0	0	0	0	0	0	0	0	0	0	0	0	0	0	0	0	0	0	0	0	0	0	0	0	0	0	0	0	0	0	0	0	0	0	0	0	0	0	0	0	0	0	0	0	440	156	0	0	0	0	0	0	0	154	0	0	0	0	0	0	0	0	0	0	0	0	0	0	0	0	0	0	0	0	0	0	0	0	0	0	0	0	0	0	0	0	0	0	1998	98	4390	0	1738	76	3444	426	2048	286	5952	0	15282	220	0	694	3034	86	0	140	2096	1736	682	754	1544	542	
137156	Cerebelum_9_R	0	0	0	0	0	0	0	0	0	0	0	0	0	0	0	0	0	0	0	0	0	0	0	0	0	0	0	0	0	0	0	0	0	0	0	0	0	0	0	0	0	0	0	0	0	0	166	724	0	0	0	0	0	0	0	156	0	0	0	0	0	0	0	0	0	0	0	0	0	0	0	0	0	0	0	0	0	0	0	0	0	0	0	0	0	0	0	0	0	0	1748	4934	396	5600	90	576	1172	1522	2296	2440	642	3022	2074	13580	694	0	170	1616	1424	1824	3280	5060	1850	2894	6526	2102	
12828	Cerebelum_10_L	0	0	0	0	0	0	0	0	0	0	0	0	0	0	0	0	0	0	0	0	0	0	0	0	0	0	0	0	0	0	0	0	0	0	0	0	0	0	0	0	0	0	0	0	0	0	0	0	0	0	0	0	0	0	0	0	0	0	0	0	0	0	0	0	0	0	0	0	0	0	0	0	0	0	0	0	0	0	0	0	0	0	0	0	0	0	0	0	0	0	116	0	136	0	176	0	374	0	176	0	402	0	1348	0	3034	170	0	0	0	0	172	226	0	0	84	0	
13856	Cerebelum_10_R	0	0	0	0	0	0	0	0	0	0	0	0	0	0	0	0	0	0	0	0	0	0	0	0	0	0	0	0	0	0	0	0	0	0	0	0	0	0	0	0	0	0	0	0	0	0	0	110	0	0	0	0	0	0	0	0	0	0	0	0	0	0	0	0	0	0	0	0	0	0	0	0	0	0	0	0	0	0	0	0	0	0	0	0	0	0	0	0	0	0	204	270	0	0	0	0	366	106	320	670	0	0	0	332	86	1616	0	0	76	82	468	796	160	158	734	374	
27884	Vermis_1_2	0	0	0	0	0	0	0	0	0	0	0	0	0	0	0	0	0	0	0	0	0	0	0	0	0	0	0	0	0	0	0	0	0	0	0	0	0	0	0	0	0	0	0	0	0	0	0	136	0	0	0	0	0	0	0	0	0	0	0	0	0	0	0	0	0	0	0	0	0	0	0	0	0	0	0	0	0	0	0	0	0	0	0	0	0	0	0	0	0	0	106	0	0	0	1082	644	840	440	156	142	0	0	0	0	0	1424	0	76	0	5586	2200	346	88	76	326	274	
66112	Vermis_3	0	0	0	0	0	0	0	0	0	0	0	0	0	0	0	0	0	0	0	0	0	0	0	0	0	0	0	0	0	0	0	0	0	0	0	0	210	0	178	0	0	0	0	0	0	0	122	738	0	0	0	0	0	0	0	1228	0	0	0	0	0	0	0	0	0	0	0	0	0	0	0	0	0	0	0	0	0	0	0	0	0	0	0	0	0	0	0	0	0	0	138	1852	0	0	1580	3930	1382	4634	312	3452	0	0	0	82	140	1824	0	82	5586	0	3976	500	112	100	624	274	
199900	Vermis_4_5	0	0	0	0	0	0	0	0	0	0	0	0	0	0	0	0	0	0	0	0	0	0	0	0	0	0	0	0	0	0	0	0	0	0	416	496	130	540	94	426	0	0	594	260	0	0	2020	7544	0	0	160	0	92	268	432	4640	0	0	0	0	0	0	0	0	0	0	506	1072	74	0	0	0	0	0	0	0	0	260	0	0	0	0	0	0	0	0	0	0	0	88	2994	4868	316	148	2350	2102	9690	13238	6564	10914	194	0	810	302	2096	3280	172	468	2200	3976	0	6456	1482	850	2496	1872	
212208	Vermis_6	0	0	0	0	0	0	0	0	0	0	0	0	0	0	0	0	0	0	0	0	0	0	0	0	0	0	0	0	0	0	0	0	0	0	0	0	0	0	0	0	0	0	0	0	0	0	1382	6538	0	0	0	0	0	318	456	3534	0	0	0	0	0	0	0	0	0	0	0	0	0	0	0	0	0	0	0	0	0	0	0	0	0	0	0	0	0	0	0	0	0	0	11494	6088	2142	484	222	198	2818	2392	14592	13188	1528	0	3506	2134	1736	5060	226	796	346	500	6456	0	7114	3502	5698	1656	
228436	Vermis_7	0	0	0	0	0	0	0	0	0	0	0	0	0	0	0	0	0	0	0	0	0	0	0	0	0	0	0	0	0	0	0	0	0	0	0	0	0	0	0	0	0	0	0	0	0	0	196	1832	0	0	0	0	0	0	0	296	0	0	0	0	0	0	0	0	0	0	0	0	0	0	0	0	0	0	0	0	0	0	0	0	0	0	0	0	0	0	0	0	0	0	11024	9788	11750	13406	0	0	388	612	6304	5860	7548	5452	7774	10620	682	1850	0	160	88	112	1482	7114	0	7330	2362	188	
