data	data	565428	185816	925792	815256	111652	91920	503160	268780	109332	30076	288440	147228	176528	95288	191600	110164	256516	164916	660800	851356	43472	76104	285064	327780	47472	85912	53264	86644	442032	352260	298012	528216	175052	545764	130216	143340	240892	297592	87340	169692	28032	72040	243912	317864	164420	280748	327424	348372	200156	254420	517476	343664	102052	92348	406324	437016	337624	163312	158172	85308	243780	81544	94284	89272	177736	123256	293100	324336	157612	239112	261076	353060	305952	242284	52296	15944	149528	182964	113936	16552	200436	101624	59996	62396	301968	231608	17188	19664	228552	226840	525640	448464	285012	296540	64172	82352	330588	305772	499392	465636	195940	192452	271128	315416	147248	149648	24524	21088	34444	94040	325184	255200	206832	95436	103592	20704	
data	data	Precentral_L	Precentral_R	Frontal_Sup_L	Frontal_Sup_R	Frontal_Sup_Orb_L	Frontal_Sup_Orb_R	Frontal_Mid_L	Frontal_Mid_R	Frontal_Mid_Orb_L	Frontal_Mid_Orb_R	Frontal_Inf_Oper_L	Frontal_Inf_Oper_R	Frontal_Inf_Tri_L	Frontal_Inf_Tri_R	Frontal_Inf_Orb_L	Frontal_Inf_Orb_R	Rolandic_Oper_L	Rolandic_Oper_R	Supp_Motor_Area_L	Supp_Motor_Area_R	Olfactory_L	Olfactory_R	Frontal_Sup_Medial_L	Frontal_Sup_Medial_R	Frontal_Med_Orb_L	Frontal_Med_Orb_R	Rectus_L	Rectus_R	Insula_L	Insula_R	Cingulum_Ant_L	Cingulum_Ant_R	Cingulum_Mid_L	Cingulum_Mid_R	Cingulum_Post_L	Cingulum_Post_R	Hippocampus_L	Hippocampus_R	ParaHippocampal_L	ParaHippocampal_R	Amygdala_L	Amygdala_R	Calcarine_L	Calcarine_R	Cuneus_L	Cuneus_R	Lingual_L	Lingual_R	Occipital_Sup_L	Occipital_Sup_R	Occipital_Mid_L	Occipital_Mid_R	Occipital_Inf_L	Occipital_Inf_R	Fusiform_L	Fusiform_R	Postcentral_L	Postcentral_R	Parietal_Sup_L	Parietal_Sup_R	Parietal_Inf_L	Parietal_Inf_R	SupraMarginal_L	SupraMarginal_R	Angular_L	Angular_R	Precuneus_L	Precuneus_R	Paracentral_Lobule_L	Paracentral_Lobule_R	Caudate_L	Caudate_R	Putamen_L	Putamen_R	Pallidum_L	Pallidum_R	Thalamus_L	Thalamus_R	Heschl_L	Heschl_R	Temporal_Sup_L	Temporal_Sup_R	Temporal_Pole_Sup_L	Temporal_Pole_Sup_R	Temporal_Mid_L	Temporal_Mid_R	Temporal_Pole_Mid_L	Temporal_Pole_Mid_R	Temporal_Inf_L	Temporal_Inf_R	Cerebelum_Crus1_L	Cerebelum_Crus1_R	Cerebelum_Crus2_L	Cerebelum_Crus2_R	Cerebelum_3_L	Cerebelum_3_R	Cerebelum_4_5_L	Cerebelum_4_5_R	Cerebelum_6_L	Cerebelum_6_R	Cerebelum_7b_L	Cerebelum_7b_R	Cerebelum_8_L	Cerebelum_8_R	Cerebelum_9_L	Cerebelum_9_R	Cerebelum_10_L	Cerebelum_10_R	Vermis_1_2	Vermis_3	Vermis_4_5	Vermis_6	Vermis_7	Vermis_8	Vermis_9	Vermis_10	
565428	Precentral_L	0	190	32718	3784	0	0	22800	92	0	0	20654	132	1124	0	0	0	17492	0	27222	11196	0	0	330	0	0	0	0	0	11276	134	1710	2770	606	3914	1470	838	4596	324	772	198	0	0	0	0	0	0	120	0	0	0	2982	0	130	0	908	138	34082	136	1978	0	4936	0	100	0	1710	0	1564	0	11142	3180	9512	4462	9726	0	3514	0	8702	738	6672	0	7856	0	0	0	1106	0	0	0	978	0	0	0	0	0	0	0	0	0	0	0	0	0	0	0	0	0	0	0	0	0	0	0	0	0	0	0	
185816	Precentral_R	190	0	806	3222	0	0	0	11406	0	0	0	4994	0	186	0	0	0	6444	866	2826	0	0	0	0	0	0	0	0	0	4918	0	390	0	1914	234	356	170	6304	0	1350	0	0	0	138	0	94	0	0	0	132	0	246	0	0	0	2398	94	12586	0	556	0	896	0	1986	0	366	0	1622	192	4242	370	2796	374	4970	0	136	328	8424	0	318	0	806	0	0	0	1520	0	0	0	742	0	0	0	0	0	0	0	0	0	0	0	0	0	0	0	0	0	0	0	0	0	0	0	0	0	0	
925792	Frontal_Sup_L	32718	806	0	15534	6766	0	68366	1992	8520	0	19948	98	11236	0	15310	0	17218	0	87764	20832	0	0	38646	362	1276	0	750	0	30764	116	17328	2018	2612	4054	0	0	2548	96	232	0	0	0	0	0	0	0	0	0	0	0	0	0	0	0	112	0	7356	348	96	0	428	0	0	0	0	0	0	0	130	278	7332	912	22976	170	3678	0	3214	224	1592	0	4620	0	1520	0	0	0	0	0	0	0	0	0	0	0	0	0	0	0	0	0	0	0	0	0	0	0	0	0	0	0	0	0	0	0	0	0	
815256	Frontal_Sup_R	3784	3222	15534	0	0	5016	5100	35380	0	1222	1062	5998	268	10040	186	10082	222	5452	16640	71550	0	1600	7578	41436	160	4004	0	2186	2608	19880	6430	38280	3246	24502	308	0	512	1382	0	300	0	0	0	0	0	0	0	0	0	0	214	0	0	0	114	166	1270	110	364	0	562	0	0	0	0	0	106	0	162	444	9004	22460	1666	14288	124	294	320	9044	838	0	0	0	220	110	302	0	0	0	276	0	0	0	0	0	0	0	0	0	0	0	0	0	0	0	0	0	0	0	0	0	0	0	0	0	0	0	
111652	Frontal_Sup_Orb_L	0	0	6766	0	0	0	3520	0	10704	0	0	0	242	0	11036	0	0	0	0	0	822	130	3828	0	5448	0	5468	98	1594	0	5040	100	0	0	0	0	0	0	0	0	116	0	0	0	0	0	0	0	0	0	0	0	0	0	0	0	0	0	0	0	0	0	0	0	0	0	0	0	0	0	144	0	770	0	0	0	0	0	0	0	0	0	0	0	0	0	0	0	0	0	0	0	0	0	0	0	0	0	0	0	0	0	0	0	0	0	0	0	0	0	0	0	0	0	0	0	
91920	Frontal_Sup_Orb_R	0	0	0	5016	0	0	0	1676	0	5486	0	0	0	204	0	4644	0	0	0	0	0	2440	102	4114	374	8988	0	8488	0	3112	660	274	0	0	0	0	0	0	0	0	0	0	0	0	0	0	0	0	0	0	0	0	0	0	0	0	0	0	0	0	0	0	0	0	0	0	0	0	0	0	0	224	0	158	0	0	0	0	0	0	0	0	0	0	0	0	0	0	0	0	0	0	0	0	0	0	0	0	0	0	0	0	0	0	0	0	0	0	0	0	0	0	0	0	0	0	
503160	Frontal_Mid_L	22800	0	68366	5100	3520	0	0	0	10006	0	11426	160	25154	0	13856	0	4200	108	15936	5306	0	0	18480	110	0	0	138	0	14774	166	9392	3278	1640	1046	0	0	620	0	120	0	0	0	0	0	0	0	0	0	0	0	0	0	0	0	0	0	356	0	0	0	0	0	0	0	0	0	0	0	0	88	5800	3840	2500	0	0	0	1570	88	322	0	1078	0	236	0	0	0	0	0	0	0	0	0	0	0	0	0	0	0	0	0	0	0	0	0	0	0	0	0	0	0	0	0	0	0	0	0	
268780	Frontal_Mid_R	92	11406	1992	35380	0	1676	0	0	0	2828	0	9032	0	10082	0	6430	0	12460	2018	3918	0	0	182	4752	0	0	0	204	0	13030	142	5680	0	1568	0	0	0	626	0	96	0	0	0	0	0	0	0	0	0	0	0	0	0	0	0	204	0	1406	0	0	0	0	0	100	0	0	0	0	0	0	536	1090	358	5872	0	0	0	438	0	388	0	144	0	260	0	0	0	0	0	0	0	0	0	0	0	0	0	0	0	0	0	0	0	0	0	0	0	0	0	0	0	0	0	0	0	0	
109332	Frontal_Mid_Orb_L	0	0	8520	0	10704	0	10006	0	0	0	0	0	2572	0	17452	0	0	0	138	0	186	0	988	0	368	0	974	0	1248	0	1128	0	178	92	0	0	0	0	0	0	0	0	0	0	0	0	0	0	0	0	0	0	0	0	0	0	0	0	0	0	0	0	0	0	0	0	0	0	0	0	0	0	0	0	0	0	0	0	0	0	0	0	112	0	0	0	0	0	0	0	0	0	0	0	0	0	0	0	0	0	0	0	0	0	0	0	0	0	0	0	0	0	0	0	0	0	
30076	Frontal_Mid_Orb_R	0	0	0	1222	0	5486	0	2828	0	0	0	0	0	584	0	2982	0	0	0	0	0	0	0	142	0	196	0	1172	0	318	0	108	0	0	0	0	0	0	0	0	0	0	0	0	0	0	0	0	0	0	0	0	0	0	0	0	0	0	0	0	0	0	0	0	0	0	0	0	0	0	0	0	0	0	0	0	0	0	0	0	0	0	0	0	0	0	0	0	0	0	0	0	0	0	0	0	0	0	0	0	0	0	0	0	0	0	0	0	0	0	0	0	0	0	0	0	
288440	Frontal_Inf_Oper_L	20654	0	19948	1062	0	0	11426	0	0	0	0	108	7258	0	500	0	15144	0	14278	1084	0	0	290	0	0	0	0	0	17442	102	1170	460	0	148	212	174	1270	0	138	0	0	0	0	0	0	0	0	0	0	0	922	0	0	0	164	0	10814	0	1308	0	2414	0	0	0	692	0	442	0	0	0	924	306	3432	0	0	0	1554	158	2802	0	2158	0	2520	0	334	0	0	0	408	0	0	0	0	0	0	0	0	0	0	0	0	0	0	0	0	0	0	0	0	0	0	0	0	0	0	0	
147228	Frontal_Inf_Oper_R	132	4994	98	5998	0	0	160	9032	0	0	108	0	0	5640	0	640	0	8592	0	2422	0	0	168	762	0	0	0	0	160	17456	392	6686	0	672	0	0	0	194	0	0	0	0	0	0	0	0	0	0	0	0	0	0	0	0	0	0	0	1478	0	0	0	0	0	0	0	0	0	0	0	0	538	3466	0	3172	0	0	0	106	0	124	0	174	0	250	0	0	0	0	0	0	0	0	0	0	0	0	0	0	0	0	0	0	0	0	0	0	0	0	0	0	0	0	0	0	0	0	
176528	Frontal_Inf_Tri_L	1124	0	11236	268	242	0	25154	0	2572	0	7258	0	0	0	14696	0	150	0	2874	272	0	0	2294	0	0	0	0	0	17166	0	1058	0	628	146	0	0	0	0	0	0	0	0	0	0	0	0	0	0	0	0	0	0	0	0	0	0	0	0	0	0	0	0	0	0	0	0	0	0	0	0	0	0	1126	0	0	0	0	0	0	0	0	0	0	0	0	0	0	0	0	0	0	0	0	0	0	0	0	0	0	0	0	0	0	0	0	0	0	0	0	0	0	0	0	0	0	0	
95288	Frontal_Inf_Tri_R	0	186	0	10040	0	204	0	10082	0	584	0	5640	0	0	0	2688	0	762	0	1114	0	0	438	2924	0	0	0	0	0	5478	212	5466	0	1348	0	0	0	0	0	0	0	0	0	0	0	0	0	0	0	0	0	0	0	0	0	0	0	0	0	0	0	0	0	0	0	0	0	0	0	0	0	258	0	120	0	0	0	0	0	0	0	0	0	100	0	0	0	0	0	0	0	0	0	0	0	0	0	0	0	0	0	0	0	0	0	0	0	0	0	0	0	0	0	0	0	0	
191600	Frontal_Inf_Orb_L	0	0	15310	186	11036	0	13856	0	17452	0	500	0	14696	0	0	0	0	0	632	184	726	0	2716	0	1002	0	1084	0	9670	0	3998	160	556	204	0	0	0	0	0	0	0	0	0	0	0	0	0	0	0	0	0	0	0	0	0	0	0	0	0	0	0	0	0	0	0	0	0	0	0	0	114	0	1050	0	0	0	0	0	0	0	0	0	668	0	0	0	0	0	0	0	0	0	0	0	0	0	0	0	0	0	0	0	0	0	0	0	0	0	0	0	0	0	0	0	0	0	
110164	Frontal_Inf_Orb_R	0	0	0	10082	0	4644	0	6430	0	2982	0	640	0	2688	0	0	0	696	0	140	0	1396	230	5314	0	2120	0	1536	0	9364	0	1912	0	562	0	0	0	722	0	228	0	0	0	0	0	0	0	0	0	0	0	0	0	0	0	92	0	0	0	0	0	0	0	0	0	0	0	0	0	0	0	166	0	1060	0	0	0	0	0	0	0	868	0	1210	0	0	0	0	0	0	0	0	0	0	0	0	0	0	0	0	0	0	0	0	0	0	0	0	0	0	0	0	0	0	0	0	
256516	Rolandic_Oper_L	17492	0	17218	222	0	0	4200	0	0	0	15144	0	150	0	0	0	0	0	10988	276	0	0	0	0	0	0	0	0	15226	0	0	100	500	0	0	0	852	0	0	0	0	0	0	0	0	0	0	0	0	0	2442	0	0	0	124	0	12580	0	978	0	1044	0	1006	0	1072	0	1498	0	0	0	314	118	1344	0	146	0	764	0	6914	0	12276	0	1734	0	1132	0	0	0	404	0	0	0	0	0	0	0	0	0	0	0	0	0	0	0	0	0	0	0	0	0	0	0	0	0	0	0	
164916	Rolandic_Oper_R	0	6444	0	5452	0	0	108	12460	0	0	0	8592	0	762	0	696	0	0	104	2516	0	0	102	490	0	0	0	0	0	19186	620	2926	120	880	0	0	0	1438	0	0	0	0	0	0	0	0	0	0	0	0	0	0	0	0	0	1462	0	3292	0	170	0	118	0	4000	0	0	0	112	0	108	236	400	0	2390	0	0	0	126	0	2016	0	3766	0	616	0	556	0	0	0	194	0	0	0	0	0	0	0	0	0	0	0	0	0	0	0	0	0	0	0	0	0	0	0	0	0	0	
660800	Supp_Motor_Area_L	27222	866	87764	16640	0	0	15936	2018	138	0	14278	0	2874	0	632	0	10988	104	0	35702	0	0	5544	1648	0	0	0	0	18592	132	6528	6172	7980	15626	194	0	1078	92	0	0	0	0	0	0	0	0	0	0	0	0	0	0	0	0	88	0	6838	892	0	0	340	0	0	0	0	0	0	0	6238	706	6674	590	17832	208	3290	0	2630	214	1516	0	2300	0	1296	0	0	0	0	0	0	0	0	0	0	0	0	0	0	0	0	0	0	0	0	0	0	0	0	0	0	0	0	0	0	0	0	0	
851356	Supp_Motor_Area_R	11196	2826	20832	71550	0	0	5306	3918	0	0	1084	2422	272	1114	184	140	276	2516	35702	0	0	0	2766	10304	0	0	0	0	2142	5578	6294	28616	7808	63400	2700	4496	1396	806	0	132	0	0	0	464	0	1618	0	112	0	1394	168	1142	0	0	88	760	1132	1978	104	442	168	292	0	406	0	0	366	4554	16632	30222	6672	28812	3592	8260	1934	2722	1506	10748	526	228	0	640	216	0	230	976	0	0	192	606	0	0	0	0	0	0	0	0	0	0	0	0	0	0	0	0	0	0	0	0	0	0	0	0	0	0	
43472	Olfactory_L	0	0	0	0	822	0	0	0	186	0	0	0	0	0	726	0	0	0	0	0	0	3462	0	0	104	0	3050	1488	1028	0	1692	1408	0	0	0	0	0	0	294	0	310	0	0	0	0	0	0	0	0	0	0	0	0	0	0	0	0	0	0	0	0	0	0	0	0	0	0	0	0	0	4282	1306	1362	0	0	0	0	0	0	0	0	0	216	0	0	0	0	0	0	0	0	0	0	0	0	0	0	0	0	0	0	0	0	0	0	0	0	0	0	0	0	0	0	0	0	0	
76104	Olfactory_R	0	0	0	1600	130	2440	0	0	0	0	0	0	0	0	0	1396	0	0	0	0	3462	0	0	1642	0	1452	2442	5196	0	2746	1636	2104	0	0	0	0	0	600	0	210	0	428	0	0	0	0	0	0	0	0	0	0	0	0	0	0	0	0	0	0	0	0	0	0	0	0	0	0	0	0	4780	2884	2256	526	0	0	0	122	0	0	0	0	0	0	0	0	0	0	0	0	0	0	0	0	0	0	0	0	0	0	0	0	0	0	0	0	0	0	0	0	0	0	0	0	0	0	
285064	Frontal_Sup_Medial_L	330	0	38646	7578	3828	102	18480	182	988	0	290	168	2294	438	2716	230	0	102	5544	2766	0	0	0	13236	4272	366	950	0	2226	530	17206	7514	1754	6768	0	0	0	0	0	0	0	0	0	0	0	0	0	0	0	0	0	0	0	0	0	0	0	0	0	0	0	0	0	0	0	0	0	0	0	0	320	106	2496	106	0	0	0	0	0	0	0	0	0	0	0	0	0	0	0	0	0	0	0	0	0	0	0	0	0	0	0	0	0	0	0	0	0	0	0	0	0	0	0	0	0	0	
327780	Frontal_Sup_Medial_R	0	0	362	41436	0	4114	110	4752	0	142	0	762	0	2924	0	5314	0	490	1648	10304	0	1642	13236	0	542	6684	0	2806	0	9242	5292	27058	408	16956	0	0	0	752	0	192	0	0	0	0	0	0	0	0	0	0	0	0	0	0	0	0	0	0	0	0	0	0	0	0	0	0	0	0	0	0	0	1820	0	4902	0	0	0	0	0	0	0	0	0	0	0	0	0	0	0	0	0	0	0	0	0	0	0	0	0	0	0	0	0	0	0	0	0	0	0	0	0	0	0	0	0	0	
47472	Frontal_Med_Orb_L	0	0	1276	160	5448	374	0	0	368	0	0	0	0	0	1002	0	0	0	0	0	104	0	4272	542	0	1434	1368	194	428	0	5836	180	0	0	0	0	0	0	0	0	0	0	0	0	0	0	0	0	0	0	0	0	0	0	0	0	0	0	0	0	0	0	0	0	0	0	0	0	0	0	130	0	528	0	0	0	0	0	0	0	0	0	92	0	0	0	0	0	0	0	0	0	0	0	0	0	0	0	0	0	0	0	0	0	0	0	0	0	0	0	0	0	0	0	0	0	
85912	Frontal_Med_Orb_R	0	0	0	4004	0	8988	0	0	0	196	0	0	0	0	0	2120	0	0	0	0	0	1452	366	6684	1434	0	158	8598	0	2022	1616	3016	0	0	0	0	0	0	0	0	0	0	0	0	0	0	0	0	0	0	0	0	0	0	0	0	0	0	0	0	0	0	0	0	0	0	0	0	0	0	0	1256	0	1046	0	0	0	0	0	0	0	0	0	0	0	0	0	0	0	0	0	0	0	0	0	0	0	0	0	0	0	0	0	0	0	0	0	0	0	0	0	0	0	0	0	0	
53264	Rectus_L	0	0	750	0	5468	0	138	0	974	0	0	0	0	0	1084	0	0	0	0	0	3050	2442	950	0	1368	158	0	1406	0	0	3628	1166	0	0	0	0	0	0	0	0	0	0	0	0	0	0	0	0	0	0	0	0	0	0	0	0	0	0	0	0	0	0	0	0	0	0	0	0	0	0	2350	542	1158	0	0	0	0	0	0	0	0	0	0	0	0	0	0	0	0	0	0	0	0	0	0	0	0	0	0	0	0	0	0	0	0	0	0	0	0	0	0	0	0	0	0	0	
86644	Rectus_R	0	0	0	2186	98	8488	0	204	0	1172	0	0	0	0	0	1536	0	0	0	0	1488	5196	0	2806	194	8598	1406	0	0	1606	1154	3500	0	0	0	0	0	0	0	0	0	0	0	0	0	0	0	0	0	0	0	0	0	0	0	0	0	0	0	0	0	0	0	0	0	0	0	0	0	0	1412	1438	560	280	0	0	0	0	0	0	0	0	0	0	0	0	0	0	0	0	0	0	0	0	0	0	0	0	0	0	0	0	0	0	0	0	0	0	0	0	0	0	0	0	0	0	
442032	Insula_L	11276	0	30764	2608	1594	0	14774	0	1248	0	17442	160	17166	0	9670	0	15226	0	18592	2142	1028	0	2226	0	428	0	0	0	0	158	2590	956	246	310	258	224	7482	126	514	98	514	0	246	0	118	0	112	0	0	0	1584	0	320	0	3160	0	4854	0	132	0	198	0	0	0	94	0	408	0	0	0	4454	2324	17430	0	0	0	2916	218	6496	0	5282	0	2786	0	2798	0	90	0	5176	0	0	0	0	0	0	0	0	0	0	0	0	0	0	0	0	0	0	0	0	0	0	0	0	0	0	0	
352260	Insula_R	134	4918	116	19880	0	3112	166	13030	0	318	102	17456	0	5478	0	9364	0	19186	132	5578	0	2746	530	9242	0	2022	0	1606	158	0	744	12312	224	2104	0	0	0	5020	0	1018	0	734	0	0	0	0	0	0	0	0	0	122	0	0	0	2438	0	796	0	170	0	0	0	186	0	0	0	0	0	96	562	4958	0	19616	0	0	0	1292	0	986	0	3354	0	1562	0	1308	0	0	0	1254	0	0	0	0	0	0	0	0	0	0	0	0	0	0	0	0	0	0	0	0	0	0	0	0	0	0	
298012	Cingulum_Ant_L	1710	0	17328	6430	5040	660	9392	142	1128	0	1170	392	1058	212	3998	0	0	620	6528	6294	1692	1636	17206	5292	5836	1616	3628	1154	2590	744	0	15218	4310	5964	466	0	0	0	0	0	0	0	0	0	0	0	0	0	0	0	0	0	0	0	0	0	0	112	0	0	0	0	0	0	0	0	0	0	0	0	6632	1518	10124	664	0	0	134	230	0	0	0	0	138	0	0	0	0	0	0	0	0	0	0	0	0	0	0	0	0	0	0	0	0	0	0	0	0	0	0	0	0	0	0	0	0	0	
528216	Cingulum_Ant_R	2770	390	2018	38280	100	274	3278	5680	0	108	460	6686	0	5466	160	1912	100	2926	6172	28616	1408	2104	7514	27058	180	3016	1166	3500	956	12312	15218	0	3812	32900	0	0	236	448	0	0	0	0	0	0	0	0	0	0	0	0	0	0	0	0	0	108	234	192	0	0	0	0	0	0	0	0	0	0	0	0	7188	26868	2002	9024	0	0	208	512	264	0	0	0	152	132	0	0	0	0	0	0	0	0	0	0	0	0	0	0	0	0	0	0	0	0	0	0	0	0	0	0	0	0	0	0	0	0	
175052	Cingulum_Mid_L	606	0	2612	3246	0	0	1640	0	178	0	0	0	628	0	556	0	500	120	7980	7808	0	0	1754	408	0	0	0	0	246	224	4310	3812	0	11838	2834	206	0	0	0	0	0	0	386	0	234	158	166	0	2064	0	6572	0	166	0	196	0	1632	0	1102	0	1264	0	262	0	1250	0	5468	660	4198	746	0	0	304	0	200	0	0	0	148	0	380	0	0	0	6332	0	0	0	2132	0	0	0	0	0	0	0	0	0	0	0	0	0	0	0	0	0	0	0	0	0	0	0	0	0	0	0	
545764	Cingulum_Mid_R	3914	1914	4054	24502	0	0	1046	1568	92	0	148	672	146	1348	204	562	0	880	15626	63400	0	0	6768	16956	0	0	0	0	310	2104	5964	32900	11838	0	2770	6294	94	348	0	0	0	0	0	1144	0	2972	0	94	0	2538	0	1758	0	0	0	544	558	3670	0	398	0	374	0	290	0	114	754	10888	12566	23136	238	1058	280	374	0	0	0	0	0	0	0	252	0	0	0	1532	0	0	0	928	0	0	0	0	0	0	0	0	0	0	0	0	0	0	0	0	0	0	0	0	0	0	0	0	0	0	
130216	Cingulum_Post_L	1470	234	0	308	0	0	0	0	0	0	212	0	0	0	0	0	0	0	194	2700	0	0	0	0	0	0	0	0	258	0	466	0	2834	2770	0	6992	7220	3024	3042	1774	0	0	2650	0	740	350	1260	304	1144	0	1278	0	0	0	2914	588	1314	0	0	0	0	0	0	0	0	0	5442	786	2910	2334	336	92	0	0	0	0	2206	2492	370	0	270	0	0	0	954	0	0	0	344	0	0	0	0	0	0	0	0	110	0	0	0	0	0	0	0	0	0	0	0	0	422	0	0	0	0	0	
143340	Cingulum_Post_R	838	356	0	0	0	0	0	0	0	0	174	0	0	0	0	0	0	0	0	4496	0	0	0	0	0	0	0	0	224	0	0	0	206	6294	6992	0	3830	4948	1744	2386	0	0	0	2934	0	4796	0	1172	0	1458	0	1288	0	92	744	2802	254	486	0	0	0	0	0	0	0	0	448	10124	484	3400	126	0	0	0	0	0	2298	2672	372	0	206	0	0	0	136	534	0	0	300	828	0	0	0	0	0	0	0	196	0	0	0	0	0	0	0	0	0	0	0	0	1032	0	0	0	0	0	
240892	Hippocampus_L	4596	170	2548	512	0	0	620	0	0	0	1270	0	0	0	0	0	852	0	1078	1396	0	0	0	0	0	0	0	0	7482	0	0	236	0	94	7220	3830	0	2952	12190	1630	5258	0	3232	0	266	0	3602	274	0	0	342	0	0	0	12894	282	856	0	0	0	0	0	0	0	0	0	4072	230	268	348	1204	578	7756	0	642	0	9044	3100	1514	0	2204	0	772	0	2382	0	198	0	9826	0	0	0	0	0	0	0	0	106	148	0	0	0	0	0	0	0	0	0	0	0	372	0	0	0	0	0	
297592	Hippocampus_R	324	6304	96	1382	0	0	0	626	0	0	0	194	0	0	0	722	0	1438	92	806	0	600	0	752	0	0	0	0	126	5020	0	448	0	348	3024	4948	2952	0	1586	22024	0	11028	0	532	0	322	0	2900	0	0	0	136	0	346	678	28234	90	556	0	0	0	0	0	940	0	0	0	2716	108	472	378	1486	332	11432	0	468	2284	8262	146	394	164	1400	0	2364	0	3402	0	476	96	10698	0	0	0	0	0	0	0	1514	0	0	0	0	0	0	0	0	0	0	0	0	630	0	0	0	0	0	
87340	ParaHippocampal_L	772	0	232	0	0	0	120	0	0	0	138	0	0	0	0	0	0	0	0	0	294	0	0	0	0	0	0	0	514	0	0	0	0	0	3042	1744	12190	1586	0	850	1910	0	808	0	0	0	3384	240	0	0	0	0	0	0	7558	0	92	0	0	0	0	0	0	0	0	0	1466	92	0	0	216	150	940	0	0	0	2302	1258	0	0	0	0	198	0	0	0	0	0	234	0	170	0	0	0	0	0	560	88	342	0	0	0	0	0	0	0	0	0	0	0	180	0	0	0	0	0	
169692	ParaHippocampal_R	198	1350	0	300	0	0	0	96	0	0	0	0	0	0	0	228	0	0	0	132	0	210	0	192	0	0	0	0	98	1018	0	0	0	0	1774	2386	1630	22024	850	0	0	6266	0	912	0	0	0	4532	0	0	0	88	0	166	286	18708	0	0	0	0	0	0	0	0	0	0	0	2284	0	0	0	356	0	2572	0	248	1346	3842	136	0	106	0	0	1534	0	832	0	396	0	3990	0	0	0	0	0	310	0	2768	0	196	0	0	0	0	0	0	0	0	0	0	486	0	0	0	0	0	
28032	Amygdala_L	0	0	0	0	116	0	0	0	0	0	0	0	0	0	0	0	0	0	0	0	310	0	0	0	0	0	0	0	514	0	0	0	0	0	0	0	5258	0	1910	0	0	0	0	0	0	0	0	0	0	0	0	0	0	0	3232	0	0	0	0	0	0	0	0	0	0	0	0	0	0	0	0	0	276	0	0	0	0	0	0	0	0	0	432	0	136	0	176	0	1656	0	0	0	0	0	0	0	0	0	0	0	0	0	0	0	0	0	0	0	0	0	0	0	0	0	0	0	
72040	Amygdala_R	0	0	0	0	0	0	0	0	0	0	0	0	0	0	0	0	0	0	0	0	0	428	0	0	0	0	0	0	0	734	0	0	0	0	0	0	0	11028	0	6266	0	0	0	0	0	0	0	0	0	0	0	0	0	0	0	8788	0	0	0	0	0	0	0	0	0	0	0	0	0	0	0	126	0	524	0	0	0	472	0	0	0	0	0	2680	0	108	0	502	0	3918	0	0	0	0	0	0	0	446	0	0	0	0	0	0	0	0	0	0	0	0	0	0	0	0	0	0	
243912	Calcarine_L	0	0	0	0	0	0	0	0	0	0	0	0	0	0	0	0	0	0	0	0	0	0	0	0	0	0	0	0	246	0	0	0	386	0	2650	0	3232	0	808	0	0	0	0	7590	18944	6436	15452	1626	13306	2478	18918	180	3154	0	4618	170	306	0	1090	0	256	0	0	0	276	0	13102	532	164	0	126	120	0	0	0	0	0	0	352	0	130	0	0	0	2956	0	0	0	1014	0	204	0	0	0	0	0	0	0	418	0	0	0	0	0	0	0	0	0	0	0	350	208	158	0	0	0	
317864	Calcarine_R	0	138	0	0	0	0	0	0	0	0	0	0	0	0	0	0	0	0	0	464	0	0	0	0	0	0	0	0	0	0	0	0	0	1144	0	2934	0	532	0	912	0	0	7590	0	4114	27248	1856	25344	0	21860	0	19464	0	5906	0	6990	0	1262	0	670	0	0	0	0	0	88	1032	17464	0	1408	0	0	0	0	0	0	0	0	0	0	0	0	0	0	0	2064	0	0	0	2838	1080	0	1078	0	0	0	0	0	0	1292	0	0	0	0	0	0	0	0	0	0	0	1276	884	0	0	0	
164420	Cuneus_L	0	0	0	0	0	0	0	0	0	0	0	0	0	0	0	0	0	0	0	0	0	0	0	0	0	0	0	0	118	0	0	0	234	0	740	0	266	0	0	0	0	0	18944	4114	0	7432	2600	738	18302	1070	9172	100	128	0	336	0	182	0	1742	0	144	0	0	0	0	0	11624	2056	0	0	0	0	0	0	0	0	0	0	186	0	0	0	0	0	1072	0	0	0	460	0	100	0	0	0	0	0	0	0	144	0	0	0	0	0	0	0	0	0	0	0	0	110	96	0	0	0	
280748	Cuneus_R	0	94	0	0	0	0	0	0	0	0	0	0	0	0	0	0	0	0	0	1618	0	0	0	0	0	0	0	0	0	0	0	0	158	2972	350	4796	0	322	0	0	0	0	6436	27248	7432	0	980	4348	816	27106	598	10924	0	1230	0	1346	0	418	272	2550	0	0	0	0	0	0	7504	25774	0	1922	0	0	0	0	0	0	0	0	0	0	0	0	0	0	268	1324	0	0	0	1568	0	0	0	0	0	0	0	0	0	0	0	0	0	0	0	0	0	0	0	0	0	0	0	0	0	0	
327424	Lingual_L	120	0	0	0	0	0	0	0	0	0	0	0	0	0	0	0	0	0	0	0	0	0	0	0	0	0	0	0	112	0	0	0	166	0	1260	0	3602	0	3384	0	0	0	15452	1856	2600	980	0	3534	5000	172	14468	0	6270	144	25242	1224	100	0	478	0	144	0	0	0	190	0	5866	0	0	0	0	0	90	0	0	0	408	0	120	0	0	0	0	0	820	0	0	0	198	92	7608	2848	952	598	590	400	14854	3348	19874	3374	0	0	122	0	1232	218	0	0	0	686	5920	4566	2280	0	150	0	
348372	Lingual_R	0	0	0	0	0	0	0	0	0	0	0	0	0	0	0	0	0	0	0	112	0	0	0	0	0	0	0	0	0	0	0	0	0	94	304	1172	274	2900	240	4532	0	0	1626	25344	738	4348	3534	0	0	7106	0	10600	0	5992	1800	19532	0	0	0	0	0	0	0	0	0	0	112	5552	0	0	0	0	0	0	0	0	0	280	0	0	0	0	0	0	0	896	0	0	0	2688	5400	4198	1576	314	110	1478	2294	9428	7168	11686	0	0	0	90	406	1456	0	128	224	720	11454	12336	2204	108	1238	394	
200156	Occipital_Sup_L	0	0	0	0	0	0	0	0	0	0	0	0	0	0	0	0	0	0	0	0	0	0	0	0	0	0	0	0	0	0	0	0	2064	0	1144	0	0	0	0	0	0	0	13306	0	18302	816	5000	0	0	314	29266	140	1200	0	696	0	0	0	8496	0	964	0	0	0	0	0	13586	1358	0	0	0	0	0	0	0	0	0	0	0	0	0	0	0	0	2962	0	0	0	0	0	102	0	0	0	0	0	0	0	178	0	0	0	0	0	0	0	0	0	0	0	0	96	88	0	0	0	
254420	Occipital_Sup_R	0	132	0	0	0	0	0	0	0	0	0	0	0	0	0	0	0	0	0	1394	0	0	0	0	0	0	0	0	0	0	0	0	0	2538	0	1458	0	0	0	0	0	0	2478	21860	1070	27106	172	7106	314	0	318	26200	0	2616	0	1214	0	2166	0	5270	0	1314	0	598	0	2234	2810	10710	98	1874	0	0	0	0	0	0	0	0	0	0	0	0	0	0	196	1858	0	0	0	1162	170	0	166	0	0	0	0	0	0	226	0	0	0	0	0	0	0	0	0	0	0	220	162	0	0	0	
517476	Occipital_Mid_L	2982	0	0	214	0	0	0	0	0	0	922	0	0	0	0	0	2442	0	0	168	0	0	0	0	0	0	0	0	1584	0	0	0	6572	0	1278	0	342	0	0	0	0	0	18918	0	9172	598	14468	0	29266	318	0	154	19232	0	16862	0	7768	0	15724	0	21858	0	4360	0	24160	0	18476	926	660	0	388	358	0	0	0	0	0	0	1760	0	3762	0	0	0	26234	0	0	0	6222	0	0	0	0	0	0	0	214	0	278	0	0	0	0	0	0	0	0	0	0	0	98	0	0	0	0	0	
343664	Occipital_Mid_R	0	246	0	0	0	0	0	0	0	0	0	0	0	0	0	0	0	0	0	1142	0	0	0	0	0	0	0	0	0	122	0	0	0	1758	0	1288	0	136	0	88	0	0	180	19464	100	10924	0	10600	140	26200	154	0	0	9154	0	4818	0	1866	0	2798	0	7680	0	3780	0	21362	1588	8478	0	1712	0	0	0	0	0	0	0	0	0	0	0	862	0	0	108	23046	0	0	0	6778	1036	0	1034	0	0	0	0	0	0	1176	0	0	0	0	0	0	0	0	0	0	0	1168	846	0	0	0	
102052	Occipital_Inf_L	130	0	0	0	0	0	0	0	0	0	0	0	0	0	0	0	0	0	0	0	0	0	0	0	0	0	0	0	320	0	0	0	166	0	0	0	0	0	0	0	0	0	3154	0	128	0	6270	0	1200	0	19232	0	0	0	11776	0	116	0	0	0	0	0	0	0	0	0	390	0	0	0	104	102	0	0	0	0	0	0	292	0	126	0	0	0	2740	0	0	0	3180	0	248	0	0	0	0	0	484	0	642	0	0	0	0	0	0	0	0	0	0	0	92	134	0	0	0	0	
92348	Occipital_Inf_R	0	0	0	0	0	0	0	0	0	0	0	0	0	0	0	0	0	0	0	0	0	0	0	0	0	0	0	0	0	0	0	0	0	0	0	92	0	346	0	166	0	0	0	5906	0	1230	144	5992	0	2616	0	9154	0	0	0	7588	0	0	0	0	0	0	0	0	0	0	142	838	0	0	0	0	0	0	0	0	0	0	0	0	0	0	0	0	0	2072	0	0	0	5512	464	148	400	0	0	0	176	440	204	948	0	0	0	0	0	0	0	0	0	0	434	788	374	0	0	0	
406324	Fusiform_L	908	0	112	114	0	0	0	0	0	0	164	0	0	0	0	0	124	0	88	88	0	0	0	0	0	0	0	0	3160	0	0	0	196	0	2914	744	12894	678	7558	286	3232	0	4618	0	336	0	25242	1800	696	0	16862	0	11776	0	0	216	770	0	130	0	0	0	0	0	0	0	2808	90	858	0	264	246	1176	0	0	0	1204	418	564	0	1300	0	1158	0	3530	0	518	0	13792	0	19144	674	464	108	1120	340	16430	2326	28624	996	234	0	320	0	1244	136	0	0	0	490	4594	1896	248	0	142	0	
437016	Fusiform_R	138	2398	0	166	0	0	0	204	0	0	0	0	0	0	0	92	0	1462	0	760	0	0	0	0	0	0	0	0	0	2438	0	108	0	544	588	2802	282	28234	0	18708	0	8788	170	6990	0	1346	1224	19532	0	1214	0	4818	0	7588	216	0	0	514	0	0	0	0	0	786	0	0	0	3938	116	754	140	604	150	4376	0	122	216	2172	0	422	0	1234	0	3434	0	3474	0	1178	0	20482	2184	14060	1406	506	0	438	906	9944	1890	19854	0	138	0	362	144	120	0	0	0	0	4496	5348	1790	0	0	0	
337624	Postcentral_L	34082	94	7356	1270	0	0	356	0	0	0	10814	0	0	0	0	0	12580	0	6838	1132	0	0	0	0	0	0	0	0	4854	0	0	234	1632	558	1314	254	856	90	92	0	0	0	306	0	182	0	100	0	0	0	7768	0	116	0	770	0	0	0	8716	0	22180	0	8962	0	4634	0	4490	0	4218	546	2318	778	1608	0	0	0	1058	138	6146	0	6286	0	0	0	2184	0	0	0	902	0	0	0	0	0	0	0	0	0	0	0	0	0	0	0	0	0	0	0	0	0	0	0	0	0	0	0	
163312	Postcentral_R	136	12586	348	110	0	0	0	1406	0	0	0	1478	0	0	0	0	0	3292	892	1978	0	0	0	0	0	0	0	0	0	796	112	192	0	3670	0	486	0	556	0	0	0	0	0	1262	0	418	0	0	0	2166	0	1866	0	0	0	514	0	0	0	9652	0	4594	0	10064	0	1966	0	8032	0	7730	174	628	168	752	0	0	0	136	0	0	0	744	0	0	0	2002	0	0	0	750	0	0	0	0	0	0	0	0	0	0	0	0	0	0	0	0	0	0	0	0	0	0	0	0	0	0	
158172	Parietal_Sup_L	1978	0	96	364	0	0	0	0	0	0	1308	0	0	0	0	0	978	0	0	104	0	0	0	0	0	0	0	0	132	0	0	0	1102	0	0	0	0	0	0	0	0	0	1090	0	1742	272	478	0	8496	0	15724	0	0	0	130	0	8716	0	0	0	13022	0	730	0	7064	0	11774	438	320	0	530	200	0	0	0	0	0	0	466	0	888	0	0	0	944	0	0	0	0	0	0	0	0	0	0	0	0	0	0	0	0	0	0	0	0	0	0	0	0	0	0	0	0	0	0	0	
85308	Parietal_Sup_R	0	556	0	0	0	0	0	0	0	0	0	0	0	0	0	0	0	170	0	442	0	0	0	0	0	0	0	0	0	170	0	0	0	398	0	0	0	0	0	0	0	0	0	670	0	2550	0	0	0	5270	0	2798	0	0	0	0	0	9652	0	0	0	5458	0	976	0	4362	104	6450	0	1184	0	0	0	0	0	0	0	0	0	0	0	716	0	0	0	608	0	0	0	120	0	0	0	0	0	0	0	0	0	0	0	0	0	0	0	0	0	0	0	0	0	0	0	0	0	0	
243780	Parietal_Inf_L	4936	0	428	562	0	0	0	0	0	0	2414	0	0	0	0	0	1044	0	340	168	0	0	0	0	0	0	0	0	198	0	0	0	1264	0	0	0	0	0	0	0	0	0	256	0	144	0	144	0	964	0	21858	0	0	0	0	0	22180	0	13022	0	0	0	12766	0	25386	0	2088	0	206	0	786	226	0	0	0	0	0	0	304	0	2190	0	0	0	6050	0	0	0	1966	0	0	0	0	0	0	0	0	0	0	0	0	0	0	0	0	0	0	0	0	0	0	0	0	0	0	0	
81544	Parietal_Inf_R	0	896	0	0	0	0	0	0	0	0	0	0	0	0	0	0	0	118	0	292	0	0	0	0	0	0	0	0	0	0	0	0	0	374	0	0	0	0	0	0	0	0	0	0	0	0	0	0	0	1314	0	7680	0	0	0	0	0	4594	0	5458	0	0	0	6164	0	12228	0	130	0	428	0	0	0	0	0	0	0	0	0	0	0	150	0	0	0	946	0	0	0	0	0	0	0	0	0	0	0	0	0	0	0	0	0	0	0	0	0	0	0	0	0	0	0	0	0	0	
94284	SupraMarginal_L	100	0	0	0	0	0	0	0	0	0	0	0	0	0	0	0	1006	0	0	0	0	0	0	0	0	0	0	0	0	0	0	0	262	0	0	0	0	0	0	0	0	0	0	0	0	0	0	0	0	0	4360	0	0	0	0	0	8962	0	730	0	12766	0	0	0	4742	0	2270	0	0	0	0	0	0	0	0	0	0	0	0	0	6408	0	0	0	4416	0	0	0	1120	0	0	0	0	0	0	0	0	0	0	0	0	0	0	0	0	0	0	0	0	0	0	0	0	0	0	0	
89272	SupraMarginal_R	0	1986	0	0	0	0	0	100	0	0	0	0	0	0	0	0	0	4000	0	406	0	0	0	0	0	0	0	0	0	186	0	0	0	290	0	0	0	940	0	0	0	0	0	0	0	0	0	0	0	598	0	3780	0	0	0	786	0	10064	0	976	0	6164	0	0	0	5324	0	184	0	378	0	0	0	0	0	0	0	0	0	344	0	5656	0	0	0	2306	0	0	0	168	0	0	0	0	0	0	0	0	0	0	0	0	0	0	0	0	0	0	0	0	0	0	0	0	0	0	
177736	Angular_L	1710	0	0	0	0	0	0	0	0	0	692	0	0	0	0	0	1072	0	0	0	0	0	0	0	0	0	0	0	94	0	0	0	1250	0	0	0	0	0	0	0	0	0	276	0	0	0	190	0	0	0	24160	0	0	0	0	0	4634	0	7064	0	25386	0	4742	0	0	0	2036	0	0	0	0	0	0	0	0	0	0	0	606	0	2742	0	0	0	9164	0	0	0	3050	0	0	0	0	0	0	0	0	0	0	0	0	0	0	0	0	0	0	0	0	0	0	0	0	0	0	0	
123256	Angular_R	0	366	0	0	0	0	0	0	0	0	0	0	0	0	0	0	0	0	0	0	0	0	0	0	0	0	0	0	0	0	0	0	0	114	0	0	0	0	0	0	0	0	0	88	0	0	0	0	0	2234	0	21362	0	0	0	0	0	1966	0	4362	0	12228	0	5324	0	0	0	106	0	170	0	0	0	0	0	0	0	0	0	0	0	3402	0	0	0	9716	0	0	0	190	0	0	0	0	0	0	0	0	0	0	0	0	0	0	0	0	0	0	0	0	0	0	0	0	0	0	
293100	Precuneus_L	1564	0	0	106	0	0	0	0	0	0	442	0	0	0	0	0	1498	0	0	366	0	0	0	0	0	0	0	0	408	0	0	0	5468	754	5442	448	4072	0	1466	0	0	0	13102	1032	11624	7504	5866	112	13586	2810	18476	1588	390	142	2808	0	4490	0	11774	104	2088	0	2270	0	2036	0	0	11864	1848	134	182	146	0	0	0	0	138	0	954	0	2170	0	0	0	4184	162	0	0	700	0	0	0	0	0	0	0	0	0	0	0	0	0	0	0	0	0	0	0	0	0	232	0	0	0	0	0	
324336	Precuneus_R	0	1622	0	0	0	0	0	0	0	0	0	0	0	0	0	0	0	112	0	4554	0	0	0	0	0	0	0	0	0	0	0	0	660	10888	786	10124	230	2716	92	2284	0	0	532	17464	2056	25774	0	5552	1358	10710	926	8478	0	838	90	3938	0	8032	438	6450	0	130	0	184	0	106	11864	0	184	12052	0	0	0	0	0	0	0	178	0	0	0	668	0	0	432	4158	0	0	0	3738	0	0	0	0	0	0	0	320	0	0	0	0	0	0	0	0	0	0	0	0	1450	0	0	0	0	0	
157612	Paracentral_Lobule_L	11142	192	130	162	0	0	0	0	0	0	0	0	0	0	0	0	0	0	6238	16632	0	0	0	0	0	0	0	0	0	0	0	0	4198	12566	2910	484	268	108	0	0	0	0	164	0	0	0	0	0	0	98	660	0	0	0	858	116	4218	0	320	0	206	0	0	0	0	0	1848	184	0	10206	232	0	760	0	844	0	2100	0	0	0	102	0	0	0	558	0	0	0	302	0	0	0	0	0	0	0	0	0	0	0	0	0	0	0	0	0	0	0	0	0	0	0	0	0	0	0	
239112	Paracentral_Lobule_R	3180	4242	278	444	0	0	88	0	0	0	0	0	0	0	0	0	0	108	706	30222	0	0	0	0	0	0	0	0	0	96	0	0	746	23136	2334	3400	348	472	0	0	0	0	0	1408	0	1922	0	0	0	1874	0	1712	0	0	0	754	546	7730	0	1184	0	428	0	378	0	170	134	12052	10206	0	336	1664	538	0	276	0	848	1608	0	144	0	694	0	0	0	2094	0	0	0	1056	0	0	0	0	0	0	0	0	0	0	0	0	0	0	0	0	0	0	0	0	0	0	0	0	0	0	
261076	Caudate_L	9512	370	7332	9004	144	0	5800	536	0	0	924	538	0	0	114	0	314	236	6674	6672	4282	4780	320	0	130	0	2350	1412	4454	562	6632	7188	0	238	336	126	1204	378	216	0	0	0	126	0	0	0	0	0	0	0	388	0	104	0	264	140	2318	174	530	0	786	0	0	0	0	0	182	0	232	336	0	14042	15224	518	2822	90	5706	482	1598	0	152	0	420	0	570	0	0	0	556	0	0	0	0	0	0	0	0	0	0	0	0	0	0	0	0	0	0	0	0	0	0	0	0	0	0	0	
353060	Caudate_R	4462	2796	912	22460	0	224	3840	1090	0	0	306	3466	0	258	0	166	118	400	590	28812	1306	2884	106	1820	0	1256	542	1438	2324	4958	1518	26868	0	1058	92	0	578	1486	150	356	0	126	120	0	0	0	0	0	0	0	358	0	102	0	246	604	778	628	200	0	226	0	0	0	0	0	146	0	0	1664	14042	0	3206	12450	88	1756	1208	16916	1480	0	0	0	128	0	542	124	0	0	538	214	0	0	0	0	0	0	0	0	0	0	0	0	0	0	0	0	0	0	0	0	0	0	0	0	0	0	
305952	Putamen_L	9726	374	22976	1666	770	0	2500	358	0	0	3432	0	1126	0	1050	0	1344	0	17832	3592	1362	2256	2496	0	528	0	1158	560	17430	0	10124	2002	304	280	0	0	7756	332	940	0	276	0	0	0	0	0	90	0	0	0	0	0	0	0	1176	150	1608	168	0	0	0	0	0	0	0	0	0	0	760	538	15224	3206	0	290	6760	0	5758	260	308	0	1056	0	256	0	0	0	0	0	818	0	0	0	0	0	0	0	0	0	0	0	0	0	0	0	0	0	0	0	0	0	0	0	0	0	0	0	
242284	Putamen_R	0	4970	170	14288	0	158	0	5872	0	0	0	3172	0	120	0	1060	0	2390	208	8260	0	526	106	4902	0	1046	0	280	0	19616	664	9024	0	374	0	0	0	11432	0	2572	0	524	0	0	0	0	0	0	0	0	0	0	0	0	0	4376	0	752	0	0	0	0	0	0	0	0	0	0	0	0	518	12450	290	0	0	1982	0	5094	0	112	0	598	0	88	0	808	0	0	0	2340	0	0	0	0	0	0	0	0	0	0	0	0	0	0	0	0	0	0	0	0	0	0	0	0	0	0	
52296	Pallidum_L	3514	0	3678	124	0	0	0	0	0	0	0	0	0	0	0	0	146	0	3290	1934	0	0	0	0	0	0	0	0	0	0	0	0	200	0	0	0	642	0	0	0	0	0	0	0	0	0	0	0	0	0	0	0	0	0	0	0	0	0	0	0	0	0	0	0	0	0	0	0	844	276	2822	88	6760	0	0	0	1830	0	0	0	0	0	0	0	0	0	0	0	0	0	0	0	0	0	0	0	0	0	0	0	0	0	0	0	0	0	0	0	0	0	0	0	0	0	0	0	
15944	Pallidum_R	0	136	0	294	0	0	0	0	0	0	0	0	0	0	0	0	0	0	0	2722	0	0	0	0	0	0	0	0	0	0	0	0	0	0	0	0	0	468	0	248	0	0	0	0	0	0	0	0	0	0	0	0	0	0	0	122	0	0	0	0	0	0	0	0	0	0	0	0	0	0	90	1756	0	1982	0	0	0	154	0	0	0	0	0	0	0	0	0	0	0	0	0	0	0	0	0	0	0	0	0	0	0	0	0	0	0	0	0	0	0	0	0	0	0	0	0	0	
149528	Thalamus_L	8702	328	3214	320	0	0	1570	0	0	0	1554	0	0	0	0	0	764	0	2630	1506	0	0	0	0	0	0	0	0	2916	0	134	208	0	0	2206	2298	9044	2284	2302	1346	0	0	0	0	0	0	408	0	0	0	0	0	0	0	1204	216	1058	0	0	0	0	0	0	0	0	0	138	0	2100	848	5706	1208	5758	0	1830	0	0	6714	1420	0	558	0	0	0	582	0	0	0	1690	0	0	0	0	0	0	0	0	0	0	0	0	0	0	0	0	0	0	0	0	0	0	0	0	0	0	0	
182964	Thalamus_R	738	8424	224	9044	0	0	88	438	0	0	158	106	0	0	0	0	0	126	214	10748	0	122	0	0	0	0	0	0	218	1292	230	512	0	0	2492	2672	3100	8262	1258	3842	0	472	0	0	0	0	0	280	0	0	0	0	0	0	418	2172	138	136	0	0	0	0	0	0	0	0	0	178	0	1608	482	16916	260	5094	0	154	6714	0	286	0	226	174	0	0	162	142	0	0	362	694	0	0	0	0	0	0	0	106	0	0	0	0	0	0	0	0	0	0	0	0	0	0	0	0	0	0	
113936	Heschl_L	6672	0	1592	838	0	0	322	0	0	0	2802	0	0	0	0	0	6914	0	1516	526	0	0	0	0	0	0	0	0	6496	0	0	264	148	0	370	372	1514	146	0	136	0	0	352	0	186	0	120	0	0	0	1760	0	292	0	564	0	6146	0	466	0	304	0	0	0	606	0	954	0	0	0	1598	1480	308	0	0	0	1420	286	0	0	5962	0	0	0	2030	0	0	0	1506	0	0	0	0	0	0	0	0	0	0	0	0	0	0	0	0	0	0	0	0	0	0	0	0	0	0	0	
16552	Heschl_R	0	318	0	0	0	0	0	388	0	0	0	124	0	0	0	0	0	2016	0	228	0	0	0	0	0	0	0	0	0	986	0	0	0	0	0	0	0	394	0	0	0	0	0	0	0	0	0	0	0	0	0	0	0	0	0	422	0	0	0	0	0	0	0	344	0	0	0	0	0	144	0	0	0	112	0	0	0	0	0	0	0	2474	0	0	0	234	0	0	0	92	0	0	0	0	0	0	0	0	0	0	0	0	0	0	0	0	0	0	0	0	0	0	0	0	0	0	
200436	Temporal_Sup_L	7856	0	4620	0	0	0	1078	0	0	0	2158	0	0	0	0	0	12276	0	2300	0	0	0	0	0	0	0	0	0	5282	0	0	0	380	0	270	206	2204	164	0	106	0	0	130	0	0	0	0	0	0	0	3762	0	126	0	1300	0	6286	0	888	0	2190	0	6408	0	2742	0	2170	0	102	0	152	0	1056	0	0	0	558	226	5962	0	0	0	3862	0	18172	0	0	0	5226	0	0	0	0	0	0	0	0	0	0	0	0	0	0	0	0	0	0	0	0	0	0	0	0	0	0	0	
101624	Temporal_Sup_R	0	806	0	0	0	0	0	144	0	0	0	174	0	0	0	868	0	3766	0	640	0	0	0	0	0	0	0	0	0	3354	0	0	0	252	0	0	0	1400	0	0	0	0	0	0	0	0	0	0	0	0	0	862	0	0	0	1234	0	744	0	716	0	150	0	5656	0	3402	0	668	0	694	0	0	0	598	0	0	0	174	0	2474	0	0	0	3524	0	16760	0	148	0	1604	0	0	0	0	0	0	0	0	0	0	0	0	0	0	0	0	0	0	0	0	0	0	0	0	0	0	
59996	Temporal_Pole_Sup_L	0	0	1520	220	0	0	236	0	112	0	2520	0	0	0	668	0	1734	0	1296	216	216	0	0	0	92	0	0	0	2786	0	138	152	0	0	0	0	772	0	198	0	432	0	0	0	0	0	0	0	0	0	0	0	0	0	1158	0	0	0	0	0	0	0	0	0	0	0	0	0	0	0	420	128	256	0	0	0	0	0	0	0	3862	0	0	0	6562	0	1662	0	2642	0	0	0	0	0	0	0	0	0	0	0	0	0	0	0	0	0	0	0	0	0	0	0	0	0	0	0	
62396	Temporal_Pole_Sup_R	0	0	0	110	0	0	0	260	0	0	0	250	0	100	0	1210	0	616	0	0	0	0	0	0	0	0	0	0	0	1562	0	132	0	0	0	0	0	2364	0	1534	0	2680	0	0	0	0	0	0	0	0	0	0	0	0	0	3434	0	0	0	0	0	0	0	0	0	0	0	0	0	0	0	0	0	88	0	0	0	0	0	0	0	3524	0	0	0	3522	0	3438	0	6058	0	0	0	0	0	0	0	316	0	0	0	0	0	0	0	0	0	0	0	0	0	0	0	0	0	0	
301968	Temporal_Mid_L	1106	0	0	302	0	0	0	0	0	0	334	0	0	0	0	0	1132	0	0	230	0	0	0	0	0	0	0	0	2798	0	0	0	6332	0	954	136	2382	0	0	0	136	0	2956	0	1072	268	820	0	2962	196	26234	108	2740	0	3530	0	2184	0	944	0	6050	0	4416	0	9164	0	4184	432	558	0	570	542	0	0	0	0	582	162	2030	0	18172	0	6562	0	0	0	3200	0	34504	0	0	0	0	0	0	0	0	0	0	0	0	0	0	0	0	0	0	0	0	0	0	0	0	0	0	0	
231608	Temporal_Mid_R	0	1520	0	0	0	0	0	0	0	0	0	0	0	0	0	0	0	556	0	976	0	0	0	0	0	0	0	0	0	1308	0	0	0	1532	0	534	0	3402	0	832	0	108	0	2064	0	1324	0	896	0	1858	0	23046	0	2072	0	3474	0	2002	0	608	0	946	0	2306	0	9716	162	4158	0	2094	0	124	0	808	0	0	0	142	0	234	0	16760	0	3522	0	0	0	1284	0	25436	0	0	0	0	0	0	0	0	0	0	0	0	0	0	0	0	0	0	0	0	0	0	0	0	0	0	
17188	Temporal_Pole_Mid_L	0	0	0	0	0	0	0	0	0	0	0	0	0	0	0	0	0	0	0	0	0	0	0	0	0	0	0	0	90	0	0	0	0	0	0	0	198	0	0	0	176	0	0	0	0	0	0	0	0	0	0	0	0	0	518	0	0	0	0	0	0	0	0	0	0	0	0	0	0	0	0	0	0	0	0	0	0	0	0	0	0	0	1662	0	3200	0	0	0	2750	0	0	0	0	0	0	0	0	0	0	0	0	0	0	0	0	0	0	0	0	0	0	0	0	0	0	0	
19664	Temporal_Pole_Mid_R	0	0	0	0	0	0	0	0	0	0	0	0	0	0	0	0	0	0	0	0	0	0	0	0	0	0	0	0	0	0	0	0	0	0	0	0	0	476	0	396	0	502	0	0	0	0	0	0	0	0	0	0	0	0	0	1178	0	0	0	0	0	0	0	0	0	0	0	0	0	0	0	0	0	0	0	0	0	0	0	0	0	148	0	3438	0	1284	0	0	0	2410	0	0	0	0	0	0	0	0	0	0	0	0	0	0	0	0	0	0	0	0	0	0	0	0	0	0	
228552	Temporal_Inf_L	978	0	0	276	0	0	0	0	0	0	408	0	0	0	0	0	404	0	0	192	0	0	0	0	0	0	0	0	5176	0	0	0	2132	0	344	300	9826	96	234	0	1656	0	1014	0	460	0	198	0	0	0	6222	0	3180	0	13792	0	902	0	0	0	1966	0	1120	0	3050	0	700	0	302	0	556	538	818	0	0	0	1690	362	1506	0	5226	0	2642	0	34504	0	2750	0	0	0	4574	0	466	0	196	0	880	0	1982	0	260	0	282	0	0	0	0	0	0	0	116	0	0	0	0	0	
226840	Temporal_Inf_R	0	742	0	0	0	0	0	0	0	0	0	0	0	0	0	0	0	194	0	606	0	0	0	0	0	0	0	0	0	1254	0	0	0	928	0	828	0	10698	0	3990	0	3918	0	2838	0	1568	92	2688	0	1162	0	6778	0	5512	0	20482	0	750	0	120	0	0	0	168	0	190	0	3738	0	1056	0	214	0	2340	0	0	0	694	0	92	0	1604	0	6058	0	25436	0	2410	0	0	0	1692	0	118	0	0	180	916	138	512	0	0	0	126	0	0	0	0	0	0	412	178	0	0	0	0	
525640	Cerebelum_Crus1_L	0	0	0	0	0	0	0	0	0	0	0	0	0	0	0	0	0	0	0	0	0	0	0	0	0	0	0	0	0	0	0	0	0	0	0	0	0	0	170	0	0	0	204	1080	100	0	7608	5400	102	170	0	1036	248	464	19144	2184	0	0	0	0	0	0	0	0	0	0	0	0	0	0	0	0	0	0	0	0	0	0	0	0	0	0	0	0	0	0	0	0	4574	0	0	6302	34668	4160	2120	866	21172	3864	55132	8922	13882	460	21376	1054	5686	1132	990	136	714	1908	8652	11682	10532	2416	2388	122	
448464	Cerebelum_Crus1_R	0	0	0	0	0	0	0	0	0	0	0	0	0	0	0	0	0	0	0	0	0	0	0	0	0	0	0	0	0	0	0	0	0	0	0	0	0	0	0	0	0	0	0	0	0	0	2848	4198	0	0	0	0	0	148	674	14060	0	0	0	0	0	0	0	0	0	0	0	0	0	0	0	0	0	0	0	0	0	0	0	0	0	0	0	0	0	0	0	0	0	1692	6302	0	2918	33442	0	2266	2472	18354	5448	50982	508	13686	986	24824	152	3598	0	744	0	572	9106	7690	12730	2216	1616	0	
285012	Cerebelum_Crus2_L	0	0	0	0	0	0	0	0	0	0	0	0	0	0	0	0	0	0	0	0	0	0	0	0	0	0	0	0	0	0	0	0	0	0	0	0	0	0	0	0	0	0	0	1078	0	0	952	1576	0	166	0	1034	0	400	464	1406	0	0	0	0	0	0	0	0	0	0	0	0	0	0	0	0	0	0	0	0	0	0	0	0	0	0	0	0	0	0	0	0	466	0	34668	2918	0	7946	102	0	546	178	2966	2562	30162	2898	26556	3812	2200	208	374	0	0	0	274	2602	10664	2252	1076	0	
296540	Cerebelum_Crus2_R	0	0	0	0	0	0	0	0	0	0	0	0	0	0	0	0	0	0	0	0	0	0	0	0	0	0	0	0	0	0	0	0	0	0	0	0	0	0	0	0	0	0	0	0	0	0	598	314	0	0	0	0	0	0	108	506	0	0	0	0	0	0	0	0	0	0	0	0	0	0	0	0	0	0	0	0	0	0	0	0	0	0	0	0	0	0	0	0	0	118	4160	33442	7946	0	0	568	188	1598	1212	7420	3226	30158	2460	35428	124	2792	0	584	0	212	680	1412	11070	1492	454	0	
64172	Cerebelum_3_L	0	0	0	0	0	0	0	0	0	0	0	0	0	0	0	0	0	0	0	0	0	0	0	0	0	0	0	0	0	0	0	0	0	0	0	0	0	0	0	0	0	0	0	0	0	0	590	110	0	0	0	0	0	0	1120	0	0	0	0	0	0	0	0	0	0	0	0	0	0	0	0	0	0	0	0	0	0	0	0	0	0	0	0	0	0	0	0	0	196	0	2120	0	102	0	0	112	10806	290	4162	188	234	0	822	0	2346	116	268	0	1302	3908	2908	274	0	0	112	0	
82352	Cerebelum_3_R	0	0	0	0	0	0	0	0	0	0	0	0	0	0	0	0	0	0	0	0	0	0	0	0	0	0	0	0	0	0	0	0	0	0	0	0	0	0	0	310	0	0	0	0	0	0	400	1478	0	0	0	0	0	0	340	438	0	0	0	0	0	0	0	0	0	0	0	0	0	0	0	0	0	0	0	0	0	0	0	0	0	0	0	0	0	0	0	0	0	0	866	2266	0	568	112	0	1900	8258	1348	5700	0	484	0	1166	346	2546	0	160	1470	5152	3246	1088	0	216	920	398	
330588	Cerebelum_4_5_L	0	0	0	0	0	0	0	0	0	0	0	0	0	0	0	0	0	0	0	0	0	0	0	0	0	0	0	0	0	0	0	0	0	0	0	0	0	0	560	0	0	0	0	0	0	0	14854	2294	0	0	214	0	484	176	16430	906	0	0	0	0	0	0	0	0	0	0	0	0	0	0	0	0	0	0	0	0	0	0	0	0	0	0	0	0	0	0	0	0	880	180	21172	2472	546	188	10806	1900	0	7502	38644	4624	1042	0	1786	230	5032	1704	714	108	1510	5542	16638	3148	156	122	1576	1154	
305772	Cerebelum_4_5_R	0	0	0	0	0	0	0	0	0	0	0	0	0	0	0	0	0	0	0	0	0	0	0	0	0	0	0	0	0	0	0	0	0	0	110	196	106	1514	88	2768	0	446	0	0	0	0	3348	9428	0	0	0	0	0	440	2326	9944	0	0	0	0	0	0	0	0	0	0	0	320	0	0	0	0	0	0	0	0	0	106	0	0	0	0	0	316	0	0	0	0	0	916	3864	18354	178	1598	290	8258	7502	0	6722	31982	0	808	172	2332	774	3136	0	386	274	2860	22688	4902	702	340	1600	792	
499392	Cerebelum_6_L	0	0	0	0	0	0	0	0	0	0	0	0	0	0	0	0	0	0	0	0	0	0	0	0	0	0	0	0	0	0	0	0	0	0	0	0	148	0	342	0	0	0	418	0	144	0	19874	7168	178	0	278	0	642	204	28624	1890	0	0	0	0	0	0	0	0	0	0	0	0	0	0	0	0	0	0	0	0	0	0	0	0	0	0	0	0	0	0	0	0	1982	138	55132	5448	2966	1212	4162	1348	38644	6722	0	10246	2880	0	4468	252	7128	2140	1560	374	874	2808	15072	16348	4642	848	2224	168	
465636	Cerebelum_6_R	0	0	0	0	0	0	0	0	0	0	0	0	0	0	0	0	0	0	0	0	0	0	0	0	0	0	0	0	0	0	0	0	0	0	0	0	0	0	0	196	0	0	0	1292	0	0	3374	11686	0	226	0	1176	0	948	996	19854	0	0	0	0	0	0	0	0	0	0	0	0	0	0	0	0	0	0	0	0	0	0	0	0	0	0	0	0	0	0	0	0	0	512	8922	50982	2562	7420	188	5700	4624	31982	10246	0	236	2948	852	9554	1164	5166	212	756	232	1510	16632	15460	9792	2358	3060	0	
195940	Cerebelum_7b_L	0	0	0	0	0	0	0	0	0	0	0	0	0	0	0	0	0	0	0	0	0	0	0	0	0	0	0	0	0	0	0	0	0	0	0	0	0	0	0	0	0	0	0	0	0	0	0	0	0	0	0	0	0	0	234	0	0	0	0	0	0	0	0	0	0	0	0	0	0	0	0	0	0	0	0	0	0	0	0	0	0	0	0	0	0	0	0	0	260	0	13882	508	30162	3226	234	0	1042	0	2880	236	0	1744	30512	3374	2618	0	402	0	0	0	158	170	3130	3040	158	0	
192452	Cerebelum_7b_R	0	0	0	0	0	0	0	0	0	0	0	0	0	0	0	0	0	0	0	0	0	0	0	0	0	0	0	0	0	0	0	0	0	0	0	0	0	0	0	0	0	0	0	0	0	0	0	0	0	0	0	0	0	0	0	138	0	0	0	0	0	0	0	0	0	0	0	0	0	0	0	0	0	0	0	0	0	0	0	0	0	0	0	0	0	0	0	0	0	0	460	13686	2898	30158	0	484	0	808	0	2948	1744	0	1178	33382	134	2500	0	132	94	210	224	0	3226	1618	204	0	
271128	Cerebelum_8_L	0	0	0	0	0	0	0	0	0	0	0	0	0	0	0	0	0	0	0	0	0	0	0	0	0	0	0	0	0	0	0	0	0	0	0	0	0	0	0	0	0	0	0	0	0	0	122	0	0	0	0	0	0	0	320	0	0	0	0	0	0	0	0	0	0	0	0	0	0	0	0	0	0	0	0	0	0	0	0	0	0	0	0	0	0	0	0	0	282	0	21376	986	26556	2460	822	0	1786	172	4468	852	30512	1178	0	5498	20170	1142	2600	0	0	130	458	618	3940	6730	2386	0	
315416	Cerebelum_8_R	0	0	0	0	0	0	0	0	0	0	0	0	0	0	0	0	0	0	0	0	0	0	0	0	0	0	0	0	0	0	0	0	0	0	0	0	0	0	0	0	0	0	0	0	0	0	0	90	0	0	0	0	0	0	0	362	0	0	0	0	0	0	0	0	0	0	0	0	0	0	0	0	0	0	0	0	0	0	0	0	0	0	0	0	0	0	0	0	0	126	1054	24824	3812	35428	0	1166	230	2332	252	9554	3374	33382	5498	0	1090	15722	0	1506	262	540	924	286	6416	6938	2442	98	
147248	Cerebelum_9_L	0	0	0	0	0	0	0	0	0	0	0	0	0	0	0	0	0	0	0	0	0	0	0	0	0	0	0	0	0	0	0	0	0	0	0	0	0	0	0	0	0	0	0	0	0	0	1232	406	0	0	0	0	0	0	1244	144	0	0	0	0	0	0	0	0	0	0	0	0	0	0	0	0	0	0	0	0	0	0	0	0	0	0	0	0	0	0	0	0	0	0	5686	152	2200	124	2346	346	5032	774	7128	1164	2618	134	20170	1090	0	2718	4266	204	96	1042	2546	2676	1002	2414	4240	430	
149648	Cerebelum_9_R	0	0	0	0	0	0	0	0	0	0	0	0	0	0	0	0	0	0	0	0	0	0	0	0	0	0	0	0	0	0	0	0	0	0	0	0	0	0	0	0	0	0	0	0	0	0	218	1456	0	0	0	0	0	0	136	120	0	0	0	0	0	0	0	0	0	0	0	0	0	0	0	0	0	0	0	0	0	0	0	0	0	0	0	0	0	0	0	0	0	0	1132	3598	208	2792	116	2546	1704	3136	2140	5166	0	2500	1142	15722	2718	0	204	3244	1110	2636	4086	4424	1064	2860	7100	1546	
24524	Cerebelum_10_L	0	0	0	0	0	0	0	0	0	0	0	0	0	0	0	0	0	0	0	0	0	0	0	0	0	0	0	0	0	0	0	0	0	0	0	0	0	0	0	0	0	0	0	0	0	0	0	0	0	0	0	0	0	0	0	0	0	0	0	0	0	0	0	0	0	0	0	0	0	0	0	0	0	0	0	0	0	0	0	0	0	0	0	0	0	0	0	0	0	0	990	0	374	0	268	0	714	0	1560	212	402	0	2600	0	4266	204	0	0	0	0	120	354	0	0	198	0	
21088	Cerebelum_10_R	0	0	0	0	0	0	0	0	0	0	0	0	0	0	0	0	0	0	0	0	0	0	0	0	0	0	0	0	0	0	0	0	0	0	0	0	0	0	0	0	0	0	0	0	0	0	0	128	0	0	0	0	0	0	0	0	0	0	0	0	0	0	0	0	0	0	0	0	0	0	0	0	0	0	0	0	0	0	0	0	0	0	0	0	0	0	0	0	0	0	136	744	0	584	0	160	108	386	374	756	0	132	0	1506	204	3244	0	0	0	122	340	578	96	262	684	0	
34444	Vermis_1_2	0	0	0	0	0	0	0	0	0	0	0	0	0	0	0	0	0	0	0	0	0	0	0	0	0	0	0	0	0	0	0	0	0	0	0	0	0	0	0	0	0	0	0	0	0	0	0	224	0	0	0	0	0	0	0	0	0	0	0	0	0	0	0	0	0	0	0	0	0	0	0	0	0	0	0	0	0	0	0	0	0	0	0	0	0	0	0	0	0	0	714	0	0	0	1302	1470	1510	274	874	232	0	94	0	262	96	1110	0	0	0	6256	2256	284	0	0	264	0	
94040	Vermis_3	0	0	0	0	0	0	0	0	0	0	0	0	0	0	0	0	0	0	0	0	0	0	0	0	0	0	0	0	0	0	0	0	0	0	0	0	0	0	0	0	0	0	0	0	0	0	686	720	0	0	0	0	0	0	490	0	0	0	0	0	0	0	0	0	0	0	0	0	0	0	0	0	0	0	0	0	0	0	0	0	0	0	0	0	0	0	0	0	0	0	1908	572	0	212	3908	5152	5542	2860	2808	1510	0	210	130	540	1042	2636	0	122	6256	0	6852	1196	0	170	1070	428	
325184	Vermis_4_5	0	0	0	0	0	0	0	0	0	0	0	0	0	0	0	0	0	0	0	0	0	0	0	0	0	0	0	0	0	0	0	0	0	0	422	1032	372	630	180	486	0	0	350	0	0	0	5920	11454	0	0	98	0	92	434	4594	4496	0	0	0	0	0	0	0	0	0	0	232	1450	0	0	0	0	0	0	0	0	0	0	0	0	0	0	0	0	0	0	0	0	116	412	8652	9106	274	680	2908	3246	16638	22688	15072	16632	158	224	458	924	2546	4086	120	340	2256	6852	0	10076	696	246	2800	2144	
255200	Vermis_6	0	0	0	0	0	0	0	0	0	0	0	0	0	0	0	0	0	0	0	0	0	0	0	0	0	0	0	0	0	0	0	0	0	0	0	0	0	0	0	0	0	0	208	1276	110	0	4566	12336	96	220	0	1168	134	788	1896	5348	0	0	0	0	0	0	0	0	0	0	0	0	0	0	0	0	0	0	0	0	0	0	0	0	0	0	0	0	0	0	0	0	0	178	11682	7690	2602	1412	274	1088	3148	4902	16348	15460	170	0	618	286	2676	4424	354	578	284	1196	10076	0	7196	946	4260	1606	
