data	data	428220	211996	993488	703672	178952	75172	501248	174152	63132	17036	253440	217328	344544	145372	200688	77292	245880	149296	819032	650188	63608	99724	297448	283552	44840	99296	50212	117756	616924	460728	248768	535848	125688	448892	91012	123748	228636	198108	47764	78572	35080	50224	171696	234736	169692	175952	142756	175656	179900	169528	448092	248740	123784	47328	255572	272876	318620	226332	202736	106644	198944	130396	99372	101876	103236	66056	222068	307984	182960	170004	213004	469624	347792	263292	42612	17940	104040	71948	97688	24220	196780	86908	49912	49824	303644	206408	25680	18552	227760	141320	368800	316428	307260	235376	11164	28968	225312	125380	389740	331144	223580	108568	293104	241800	102372	101656	22744	10776	10408	14724	187140	209412	154636	72548	54048	29376	
data	data	Precentral_L	Precentral_R	Frontal_Sup_L	Frontal_Sup_R	Frontal_Sup_Orb_L	Frontal_Sup_Orb_R	Frontal_Mid_L	Frontal_Mid_R	Frontal_Mid_Orb_L	Frontal_Mid_Orb_R	Frontal_Inf_Oper_L	Frontal_Inf_Oper_R	Frontal_Inf_Tri_L	Frontal_Inf_Tri_R	Frontal_Inf_Orb_L	Frontal_Inf_Orb_R	Rolandic_Oper_L	Rolandic_Oper_R	Supp_Motor_Area_L	Supp_Motor_Area_R	Olfactory_L	Olfactory_R	Frontal_Sup_Medial_L	Frontal_Sup_Medial_R	Frontal_Med_Orb_L	Frontal_Med_Orb_R	Rectus_L	Rectus_R	Insula_L	Insula_R	Cingulum_Ant_L	Cingulum_Ant_R	Cingulum_Mid_L	Cingulum_Mid_R	Cingulum_Post_L	Cingulum_Post_R	Hippocampus_L	Hippocampus_R	ParaHippocampal_L	ParaHippocampal_R	Amygdala_L	Amygdala_R	Calcarine_L	Calcarine_R	Cuneus_L	Cuneus_R	Lingual_L	Lingual_R	Occipital_Sup_L	Occipital_Sup_R	Occipital_Mid_L	Occipital_Mid_R	Occipital_Inf_L	Occipital_Inf_R	Fusiform_L	Fusiform_R	Postcentral_L	Postcentral_R	Parietal_Sup_L	Parietal_Sup_R	Parietal_Inf_L	Parietal_Inf_R	SupraMarginal_L	SupraMarginal_R	Angular_L	Angular_R	Precuneus_L	Precuneus_R	Paracentral_Lobule_L	Paracentral_Lobule_R	Caudate_L	Caudate_R	Putamen_L	Putamen_R	Pallidum_L	Pallidum_R	Thalamus_L	Thalamus_R	Heschl_L	Heschl_R	Temporal_Sup_L	Temporal_Sup_R	Temporal_Pole_Sup_L	Temporal_Pole_Sup_R	Temporal_Mid_L	Temporal_Mid_R	Temporal_Pole_Mid_L	Temporal_Pole_Mid_R	Temporal_Inf_L	Temporal_Inf_R	Cerebelum_Crus1_L	Cerebelum_Crus1_R	Cerebelum_Crus2_L	Cerebelum_Crus2_R	Cerebelum_3_L	Cerebelum_3_R	Cerebelum_4_5_L	Cerebelum_4_5_R	Cerebelum_6_L	Cerebelum_6_R	Cerebelum_7b_L	Cerebelum_7b_R	Cerebelum_8_L	Cerebelum_8_R	Cerebelum_9_L	Cerebelum_9_R	Cerebelum_10_L	Cerebelum_10_R	Vermis_1_2	Vermis_3	Vermis_4_5	Vermis_6	Vermis_7	Vermis_8	Vermis_9	Vermis_10	
428220	Precentral_L	0	0	19286	282	0	0	28386	0	0	0	18016	0	5074	0	0	0	15416	0	16202	2856	0	0	0	0	0	0	0	0	11454	0	0	0	866	364	1420	0	2198	0	0	0	0	0	0	0	0	0	0	0	0	0	4082	0	474	0	0	0	36806	0	1742	0	3774	0	2910	0	356	0	248	0	12836	0	5958	764	5986	0	2706	0	1594	1520	3512	0	3502	0	0	0	2342	0	0	0	1178	0	0	0	0	0	0	0	0	0	0	0	0	0	0	0	0	0	0	0	0	0	0	0	0	0	0	0	
211996	Precentral_R	0	0	0	4546	0	0	250	5848	0	0	0	3968	0	0	0	0	0	4072	736	9066	0	0	0	0	0	0	0	0	0	3050	0	530	368	4688	880	3966	0	4612	0	0	0	0	0	214	0	0	0	128	0	246	0	1288	0	364	0	1656	0	15030	0	654	0	1986	0	5036	0	158	0	1612	828	19422	472	3208	0	1474	0	0	0	1174	0	1022	0	2406	0	0	0	878	0	0	0	162	0	0	0	0	0	0	0	0	0	0	0	0	0	0	0	0	0	0	0	0	0	0	0	0	0	0	
993488	Frontal_Sup_L	19286	0	0	11192	17248	0	60548	0	2372	0	16768	1130	21682	0	12444	0	10780	0	120084	26328	0	0	34876	246	3720	0	148	0	34902	1406	15464	6858	3082	9256	128	0	3044	0	248	0	122	0	0	0	0	0	0	0	0	0	0	0	0	0	180	0	3098	0	0	0	806	0	396	0	0	0	0	0	8674	0	5594	4124	27052	0	3634	0	2286	0	3680	0	2776	0	302	0	414	0	0	0	366	0	0	0	0	0	0	0	0	0	0	0	0	0	0	0	0	0	0	0	0	0	0	0	0	0	0	0	
703672	Frontal_Sup_R	282	4546	11192	0	0	4120	1266	29466	0	138	0	8966	714	7980	0	2486	254	12700	11822	59632	0	218	12364	34766	0	4546	0	2696	992	25614	4106	34302	1578	24478	0	0	0	1508	0	0	0	0	0	0	0	0	0	0	0	0	0	0	0	0	0	212	0	3024	0	644	0	1252	0	1088	0	0	0	0	200	0	244	20844	0	11366	0	2720	0	4752	208	1170	0	862	0	386	0	132	0	0	0	0	0	0	0	0	0	0	0	0	0	0	0	0	0	0	0	0	0	0	0	0	0	0	0	0	0	0	
178952	Frontal_Sup_Orb_L	0	0	17248	0	0	0	2560	0	7608	0	0	0	900	0	15952	0	0	0	236	0	784	0	2888	0	6422	0	4682	0	13164	0	5114	0	0	0	0	0	0	0	0	0	0	0	0	0	0	0	0	0	0	0	0	0	0	0	0	0	0	0	0	0	0	0	0	0	0	0	0	0	0	0	1086	0	10538	0	0	0	0	0	0	0	0	0	294	0	0	0	0	0	0	0	0	0	0	0	0	0	0	0	0	0	0	0	0	0	0	0	0	0	0	0	0	0	0	0	0	0	
75172	Frontal_Sup_Orb_R	0	0	0	4120	0	0	0	248	0	1730	0	0	0	0	0	2074	0	0	0	432	0	944	0	3858	0	7300	0	9864	0	1176	244	2626	0	196	0	0	0	0	0	0	0	0	0	0	0	0	0	0	0	0	0	0	0	0	0	0	0	0	0	0	0	0	0	0	0	0	0	0	0	0	0	2016	0	758	0	0	0	0	0	0	0	0	0	0	0	0	0	0	0	0	0	0	0	0	0	0	0	0	0	0	0	0	0	0	0	0	0	0	0	0	0	0	0	0	0	0	
501248	Frontal_Mid_L	28386	250	60548	1266	2560	0	0	0	3858	0	15540	1456	35418	0	11260	0	7492	0	24480	1368	0	0	11856	0	0	0	0	0	20718	1488	2866	598	304	860	0	0	182	0	0	0	0	0	0	0	0	0	0	0	0	0	0	0	0	0	0	0	3672	0	0	0	0	0	0	0	0	0	0	0	146	0	6598	2664	1132	0	0	0	156	1514	918	0	946	0	124	0	0	0	0	0	0	0	0	0	0	0	0	0	0	0	0	0	0	0	0	0	0	0	0	0	0	0	0	0	0	0	0	0	
174152	Frontal_Mid_R	0	5848	0	29466	0	248	0	0	0	728	0	6636	0	13766	0	2278	0	5562	244	2380	0	0	944	2402	0	0	0	0	0	7544	140	1562	0	1780	0	0	0	0	0	0	0	0	0	0	0	0	0	0	0	0	0	0	0	0	0	0	0	1274	0	0	0	0	0	0	0	0	0	0	0	0	0	1188	0	1616	0	0	0	0	0	1122	0	348	0	0	0	0	0	0	0	0	0	0	0	0	0	0	0	0	0	0	0	0	0	0	0	0	0	0	0	0	0	0	0	0	0	0	
63132	Frontal_Mid_Orb_L	0	0	2372	0	7608	0	3858	0	0	0	0	0	1222	0	13614	0	0	0	0	0	0	0	0	0	0	0	328	0	1932	0	0	0	0	0	0	0	0	0	0	0	0	0	0	0	0	0	0	0	0	0	0	0	0	0	0	0	0	0	0	0	0	0	0	0	0	0	0	0	0	0	0	0	632	0	0	0	0	0	0	0	0	0	0	0	0	0	0	0	0	0	0	0	0	0	0	0	0	0	0	0	0	0	0	0	0	0	0	0	0	0	0	0	0	0	0	0	
17036	Frontal_Mid_Orb_R	0	0	0	138	0	1730	0	728	0	0	0	0	0	530	0	4518	0	0	0	0	0	0	0	0	0	0	0	358	0	338	0	178	0	0	0	0	0	0	0	0	0	0	0	0	0	0	0	0	0	0	0	0	0	0	0	0	0	0	0	0	0	0	0	0	0	0	0	0	0	0	0	0	0	0	0	0	0	0	0	0	0	0	0	0	0	0	0	0	0	0	0	0	0	0	0	0	0	0	0	0	0	0	0	0	0	0	0	0	0	0	0	0	0	0	0	0	
253440	Frontal_Inf_Oper_L	18016	0	16768	0	0	0	15540	0	0	0	0	0	16566	0	266	0	14138	0	14350	0	0	0	200	0	0	0	0	0	12874	0	542	0	0	0	0	0	552	0	132	0	0	0	0	0	0	0	0	0	0	0	0	0	0	0	0	0	4314	0	0	0	0	0	0	0	0	0	0	0	0	0	3376	210	2382	0	0	0	0	0	2120	0	2818	0	618	0	340	0	0	0	598	0	0	0	0	0	0	0	0	0	0	0	0	0	0	0	0	0	0	0	0	0	0	0	0	0	0	0	
217328	Frontal_Inf_Oper_R	0	3968	1130	8966	0	0	1456	6636	0	0	0	0	3906	12344	0	760	0	4802	752	5610	0	0	0	350	0	144	0	148	4922	26536	480	3314	0	604	0	0	0	126	0	0	0	0	0	0	0	0	0	0	0	0	0	0	0	0	0	0	0	708	0	0	0	0	0	0	0	0	0	0	0	0	2064	16112	0	2216	0	0	0	0	0	408	0	0	0	202	0	0	0	0	0	0	0	0	0	0	0	0	0	0	0	0	0	0	0	0	0	0	0	0	0	0	0	0	0	0	0	0	
344544	Frontal_Inf_Tri_L	5074	0	21682	714	900	0	35418	0	1222	0	16566	3906	0	834	14844	0	866	198	10600	746	0	0	1318	0	0	0	0	0	33194	4074	2362	704	0	318	0	0	226	0	0	0	0	0	0	0	0	0	0	0	0	0	0	0	0	0	0	0	0	0	0	0	0	0	0	0	0	0	0	0	0	0	7524	5126	2596	0	0	0	0	0	180	0	424	0	146	0	128	0	0	0	382	0	0	0	0	0	0	0	0	0	0	0	0	0	0	0	0	0	0	0	0	0	0	0	0	0	0	0	
145372	Frontal_Inf_Tri_R	0	0	0	7980	0	0	0	13766	0	530	0	12344	834	0	0	4644	0	0	134	3334	0	0	0	942	0	0	0	0	1222	17260	358	2930	0	1108	0	0	0	0	0	0	0	0	0	0	0	0	0	0	0	0	0	0	0	0	0	0	0	0	0	0	0	0	0	0	0	0	0	0	0	0	0	4940	0	360	0	0	0	0	0	0	0	0	0	0	0	0	0	0	0	0	0	0	0	0	0	0	0	0	0	0	0	0	0	0	0	0	0	0	0	0	0	0	0	0	0	0	
200688	Frontal_Inf_Orb_L	0	0	12444	0	15952	0	11260	0	13614	0	266	0	14844	0	0	0	0	0	926	0	852	0	604	0	256	0	918	0	21046	0	624	0	0	0	0	0	0	0	0	0	0	0	0	0	0	0	0	0	0	0	0	0	0	0	0	0	0	0	0	0	0	0	0	0	0	0	0	0	0	0	348	0	5808	0	0	0	0	0	0	0	0	0	582	0	0	0	0	0	0	0	0	0	0	0	0	0	0	0	0	0	0	0	0	0	0	0	0	0	0	0	0	0	0	0	0	0	
77292	Frontal_Inf_Orb_R	0	0	0	2486	0	2074	0	2278	0	4518	0	760	0	4644	0	0	0	0	188	1084	0	244	432	2322	0	644	0	1010	0	8110	0	3712	0	890	0	0	0	0	0	0	0	0	0	0	0	0	0	0	0	0	0	0	0	0	0	0	0	0	0	0	0	0	0	0	0	0	0	0	0	0	0	1968	0	1282	0	0	0	0	0	0	0	0	0	0	0	0	0	0	0	0	0	0	0	0	0	0	0	0	0	0	0	0	0	0	0	0	0	0	0	0	0	0	0	0	0	0	
245880	Rolandic_Oper_L	15416	0	10780	254	0	0	7492	0	0	0	14138	0	866	0	0	0	0	0	10498	732	0	0	0	0	0	0	0	0	20252	0	0	0	0	0	0	0	1980	0	334	0	0	0	0	0	0	0	0	0	0	0	410	0	0	0	194	0	11064	0	1040	0	446	0	2492	0	0	0	0	0	526	0	490	138	3374	0	0	0	0	0	6158	0	10606	0	182	0	2220	0	0	0	858	0	0	0	0	0	0	0	0	0	0	0	0	0	0	0	0	0	0	0	0	0	0	0	0	0	0	0	
149296	Rolandic_Oper_R	0	4072	0	12700	0	0	0	5562	0	0	0	4802	198	0	0	0	0	0	0	5928	0	0	0	0	0	0	0	0	418	18048	0	0	0	0	0	0	0	888	0	0	0	0	0	0	0	0	0	0	0	0	0	0	0	0	0	400	0	3484	0	0	0	0	0	2786	0	0	0	0	0	514	0	1530	0	4326	0	286	0	138	0	3624	0	4206	0	584	0	154	0	0	0	0	0	0	0	0	0	0	0	0	0	0	0	0	0	0	0	0	0	0	0	0	0	0	0	0	0	0	
819032	Supp_Motor_Area_L	16202	736	120084	11822	236	0	24480	244	0	0	14350	752	10600	134	926	188	10498	0	0	37516	0	0	11282	2278	0	0	0	0	16280	1040	6858	6620	8826	14904	836	0	3740	0	270	0	278	0	0	0	0	0	0	0	0	0	0	0	0	0	206	0	2436	0	0	0	888	0	382	0	0	0	0	0	19694	0	7104	3434	20430	0	5254	0	20038	236	3690	0	2760	0	136	0	456	0	0	0	392	0	0	0	0	0	0	0	0	0	0	0	0	0	0	0	0	0	0	0	0	0	0	0	0	0	0	0	
650188	Supp_Motor_Area_R	2856	9066	26328	59632	0	432	1368	2380	0	0	0	5610	746	3334	0	1084	732	5928	37516	0	0	0	4510	10438	0	618	0	494	672	12298	1504	17326	3788	44418	1302	4820	170	1040	0	0	0	0	0	248	0	148	0	0	0	234	0	648	0	0	0	580	1144	3052	0	462	0	734	0	506	0	0	0	2466	4214	16912	554	20160	184	6542	0	1196	0	2922	442	346	0	536	0	140	0	314	0	0	0	0	0	0	0	0	0	0	0	0	0	0	0	0	0	0	0	0	0	0	0	0	0	0	0	0	0	0	
63608	Olfactory_L	0	0	0	0	784	0	0	0	0	0	0	0	0	0	852	0	0	0	0	0	0	5596	0	0	168	406	2332	1822	1436	0	3054	2974	0	0	0	0	0	0	126	0	276	0	0	0	0	0	0	0	0	0	0	0	0	0	0	0	0	0	0	0	0	0	0	0	0	0	0	0	0	0	5786	3202	2286	574	0	0	0	0	0	0	0	0	130	0	0	0	0	0	0	0	0	0	0	0	0	0	0	0	0	0	0	0	0	0	0	0	0	0	0	0	0	0	0	0	0	0	
99724	Olfactory_R	0	0	0	218	0	944	0	0	0	0	0	0	0	0	0	244	0	0	0	0	5596	0	0	502	0	2196	2018	5576	0	1236	3776	7358	0	0	0	0	0	0	0	154	0	204	0	0	0	0	0	0	0	0	0	0	0	0	0	0	0	0	0	0	0	0	0	0	0	0	0	0	0	0	7238	8014	2830	1630	0	0	0	0	0	0	0	0	0	128	0	0	0	0	0	0	0	0	0	0	0	0	0	0	0	0	0	0	0	0	0	0	0	0	0	0	0	0	0	0	0	0	
297448	Frontal_Sup_Medial_L	0	0	34876	12364	2888	0	11856	944	0	0	200	0	1318	0	604	432	0	0	11282	4510	0	0	0	17842	1668	128	152	0	1788	330	14116	13098	2422	13262	0	0	0	0	0	0	0	0	0	0	0	0	0	0	0	0	0	0	0	0	0	0	0	0	0	0	0	0	0	0	0	0	0	0	0	0	134	876	1144	490	0	0	0	0	0	0	0	0	0	0	0	0	0	0	0	0	0	0	0	0	0	0	0	0	0	0	0	0	0	0	0	0	0	0	0	0	0	0	0	0	0	0	
283552	Frontal_Sup_Medial_R	0	0	246	34766	0	3858	0	2402	0	0	0	350	0	942	0	2322	0	0	2278	10438	0	502	17842	0	0	5956	0	3676	0	3592	4212	24418	1148	17480	0	0	0	0	0	0	0	0	0	0	0	0	0	0	0	0	0	0	0	0	0	0	0	0	0	0	0	0	0	0	0	0	0	0	0	0	156	3476	0	1716	0	0	0	0	0	0	0	0	0	0	0	0	0	0	0	0	0	0	0	0	0	0	0	0	0	0	0	0	0	0	0	0	0	0	0	0	0	0	0	0	0	0	
44840	Frontal_Med_Orb_L	0	0	3720	0	6422	0	0	0	0	0	0	0	0	0	256	0	0	0	0	0	168	0	1668	0	0	294	1674	0	1498	0	3518	0	0	0	0	0	0	0	0	0	0	0	0	0	0	0	0	0	0	0	0	0	0	0	0	0	0	0	0	0	0	0	0	0	0	0	0	0	0	0	476	0	2726	0	0	0	0	0	0	0	0	0	0	0	0	0	0	0	0	0	0	0	0	0	0	0	0	0	0	0	0	0	0	0	0	0	0	0	0	0	0	0	0	0	0	0	
99296	Frontal_Med_Orb_R	0	0	0	4546	0	7300	0	0	0	0	0	144	0	0	0	644	0	0	0	618	406	2196	128	5956	294	0	184	10046	0	1550	1184	8884	0	286	0	0	0	0	0	0	0	0	0	0	0	0	0	0	0	0	0	0	0	0	0	0	0	0	0	0	0	0	0	0	0	0	0	0	0	0	420	2892	0	1970	0	0	0	0	0	0	0	0	0	0	0	0	0	0	0	0	0	0	0	0	0	0	0	0	0	0	0	0	0	0	0	0	0	0	0	0	0	0	0	0	0	0	
50212	Rectus_L	0	0	148	0	4682	0	0	0	328	0	0	0	0	0	918	0	0	0	0	0	2332	2018	152	0	1674	184	0	822	400	0	3632	1520	0	0	0	0	0	0	0	0	0	0	0	0	0	0	0	0	0	0	0	0	0	0	0	0	0	0	0	0	0	0	0	0	0	0	0	0	0	0	3192	1194	1596	314	0	0	0	0	0	0	0	0	0	0	0	0	0	0	0	0	0	0	0	0	0	0	0	0	0	0	0	0	0	0	0	0	0	0	0	0	0	0	0	0	0	0	
117756	Rectus_R	0	0	0	2696	0	9864	0	0	0	358	0	148	0	0	0	1010	0	0	0	494	1822	5576	0	3676	0	10046	822	0	0	1500	906	10250	0	208	0	0	0	0	0	0	0	0	0	0	0	0	0	0	0	0	0	0	0	0	0	0	0	0	0	0	0	0	0	0	0	0	0	0	0	0	1748	5286	314	2154	0	0	0	0	0	0	0	0	0	0	0	0	0	0	0	0	0	0	0	0	0	0	0	0	0	0	0	0	0	0	0	0	0	0	0	0	0	0	0	0	0	0	
616924	Insula_L	11454	0	34902	992	13164	0	20718	0	1932	0	12874	4922	33194	1222	21046	0	20252	418	16280	672	1436	0	1788	0	1498	0	400	0	0	5162	4322	744	0	168	0	0	10130	0	1290	0	1122	0	0	0	0	0	0	0	0	0	1626	0	760	0	2360	0	5902	0	1462	0	610	0	498	0	0	0	0	0	862	0	6484	5164	27638	0	0	0	294	0	9248	0	10032	0	1726	0	5832	0	0	0	5862	0	0	0	0	0	0	0	0	0	0	0	0	0	0	0	0	0	0	0	0	0	0	0	0	0	0	0	
460728	Insula_R	0	3050	1406	25614	0	1176	1488	7544	0	338	0	26536	4074	17260	0	8110	0	18048	1040	12298	0	1236	330	3592	0	1550	0	1500	5162	0	768	13606	0	1884	0	0	0	3704	0	334	0	0	0	0	0	0	0	324	0	168	0	340	0	560	0	2760	0	1190	0	334	0	430	0	784	0	0	0	160	0	716	2084	23880	0	18896	0	0	0	0	0	1710	0	6360	0	1414	0	4298	0	0	0	2308	0	0	0	0	0	0	0	0	0	0	0	0	0	0	0	0	0	0	0	0	0	0	0	0	0	0	
248768	Cingulum_Ant_L	0	0	15464	4106	5114	244	2866	140	0	0	542	480	2362	358	624	0	0	0	6858	1504	3054	3776	14116	4212	3518	1184	3632	906	4322	768	0	16638	3392	1990	0	0	0	0	0	0	0	0	0	0	0	0	0	0	0	0	0	0	0	0	0	0	0	0	0	0	0	0	0	0	0	0	0	0	406	0	5688	5906	8004	2210	0	0	0	0	0	0	0	0	0	0	0	0	0	0	0	0	0	0	0	0	0	0	0	0	0	0	0	0	0	0	0	0	0	0	0	0	0	0	0	0	0	0	
535848	Cingulum_Ant_R	0	530	6858	34302	0	2626	598	1562	0	178	0	3314	704	2930	0	3712	0	0	6620	17326	2974	7358	13098	24418	0	8884	1520	10250	744	13606	16638	0	3002	26760	0	0	0	416	0	0	0	0	0	0	0	0	0	0	0	0	0	0	0	0	0	126	0	334	0	0	0	0	0	0	0	0	0	0	0	0	3904	32968	1634	17902	0	128	0	0	0	0	0	0	0	0	0	0	0	0	0	0	0	0	0	0	0	0	0	0	0	0	0	0	0	0	0	0	0	0	0	0	0	0	0	0	0	0	
125688	Cingulum_Mid_L	866	368	3082	1578	0	0	304	0	0	0	0	0	0	0	0	0	0	0	8826	3788	0	0	2422	1148	0	0	0	0	0	0	3392	3002	0	8286	4182	1312	0	0	0	0	0	0	292	0	948	0	0	0	1118	0	2436	0	0	0	0	0	400	0	810	0	0	0	0	0	0	0	4178	390	8334	1142	0	0	0	0	0	0	240	0	0	0	0	0	0	0	0	0	0	0	0	0	0	0	0	0	0	0	0	0	0	0	0	0	0	0	0	0	0	0	0	0	0	0	0	0	0	0	
448892	Cingulum_Mid_R	364	4688	9256	24478	0	196	860	1780	0	0	0	604	318	1108	0	890	0	0	14904	44418	0	0	13262	17480	0	286	0	208	168	1884	1990	26760	8286	0	1622	6786	0	502	0	0	0	0	0	1454	0	2084	0	180	0	1832	0	2296	0	0	0	0	0	4144	0	178	0	232	0	158	0	0	528	9390	1982	13562	236	746	0	248	0	0	0	0	0	0	0	0	0	0	0	1754	0	0	0	0	0	0	0	0	0	0	0	0	0	0	0	0	0	0	0	0	0	0	0	0	344	0	0	0	0	0	
91012	Cingulum_Post_L	1420	880	128	0	0	0	0	0	0	0	0	0	0	0	0	0	0	0	836	1302	0	0	0	0	0	0	0	0	0	0	0	0	4182	1622	0	7216	5990	2568	802	0	0	0	2166	174	138	0	160	0	0	0	1156	0	0	0	0	0	376	404	300	0	0	0	164	0	0	0	4908	1270	2144	1606	0	0	148	0	0	0	3160	286	0	0	0	0	0	0	0	0	0	0	0	0	0	0	0	0	0	0	0	0	0	0	0	0	0	0	0	0	0	0	0	0	0	0	0	0	0	0	
123748	Cingulum_Post_R	0	3966	0	0	0	0	0	0	0	0	0	0	0	0	0	0	0	0	0	4820	0	0	0	0	0	0	0	0	0	0	0	0	1312	6786	7216	0	2812	5764	140	0	0	0	0	428	0	0	0	2350	0	0	0	0	0	0	0	948	0	5104	0	0	0	0	0	0	0	0	394	8100	278	6710	0	0	0	0	0	0	3512	898	0	0	0	0	0	0	0	0	0	0	0	0	0	0	0	0	0	0	0	0	0	0	0	0	0	0	0	0	0	0	0	0	336	0	0	0	0	0	
228636	Hippocampus_L	2198	0	3044	0	0	0	182	0	0	0	552	0	226	0	0	0	1980	0	3740	170	0	0	0	0	0	0	0	0	10130	0	0	0	0	0	5990	2812	0	2002	6648	0	7368	0	2464	0	0	0	1286	190	0	0	2368	0	2232	0	12756	0	2416	0	252	0	228	0	0	0	224	0	4104	130	2320	0	0	0	8174	0	810	0	4346	0	1212	0	2422	0	168	0	4786	0	0	0	13992	0	0	0	0	0	0	0	0	0	396	0	0	0	0	0	0	0	0	0	0	0	0	0	0	0	0	0	
198108	Hippocampus_R	0	4612	0	1508	0	0	0	0	0	0	0	126	0	0	0	0	0	888	0	1040	0	0	0	0	0	0	0	0	0	3704	0	416	0	502	2568	5764	2002	0	0	10194	0	7974	0	416	0	0	0	764	0	0	0	0	0	182	0	18644	0	824	0	0	0	126	0	388	0	0	0	2764	0	882	0	1950	0	13280	0	292	1702	4288	0	0	0	436	0	158	0	1916	0	0	0	8322	0	0	0	0	0	0	0	204	0	0	0	0	0	0	0	0	0	0	0	0	218	0	0	0	0	0	
47764	ParaHippocampal_L	0	0	248	0	0	0	0	0	0	0	132	0	0	0	0	0	334	0	270	0	126	0	0	0	0	0	0	0	1290	0	0	0	0	0	802	140	6648	0	0	0	2356	0	642	0	0	0	968	0	0	0	238	0	432	0	3668	0	134	0	0	0	0	0	0	0	0	0	1036	0	122	0	0	0	1008	0	0	0	176	0	0	0	252	0	908	0	0	0	1004	0	704	0	0	0	0	0	122	0	122	0	0	0	0	0	0	0	0	0	0	0	0	0	0	0	0	0	0	0	
78572	ParaHippocampal_R	0	0	0	0	0	0	0	0	0	0	0	0	0	0	0	0	0	0	0	0	0	154	0	0	0	0	0	0	0	334	0	0	0	0	0	0	0	10194	0	0	0	6540	0	218	0	0	0	918	0	0	0	0	0	0	0	13390	0	0	0	0	0	0	0	0	0	0	0	252	0	0	0	148	0	1850	0	0	0	324	0	0	0	0	0	2234	0	0	0	1198	0	1024	0	0	0	0	0	0	0	508	0	0	0	0	0	0	0	0	0	0	0	0	0	0	0	0	0	0	
35080	Amygdala_L	0	0	122	0	0	0	0	0	0	0	0	0	0	0	0	0	0	0	278	0	276	0	0	0	0	0	0	0	1122	0	0	0	0	0	0	0	7368	0	2356	0	0	0	0	0	0	0	0	0	0	0	0	0	0	0	4118	0	0	0	0	0	0	0	0	0	0	0	0	0	0	0	0	0	568	0	0	0	160	0	0	0	124	0	0	0	0	0	126	0	922	0	0	0	0	0	0	0	0	0	0	0	0	0	0	0	0	0	0	0	0	0	0	0	0	0	0	0	
50224	Amygdala_R	0	0	0	0	0	0	0	0	0	0	0	0	0	0	0	0	0	0	0	0	0	204	0	0	0	0	0	0	0	0	0	0	0	0	0	0	0	7974	0	6540	0	0	0	0	0	0	0	0	0	0	0	0	0	0	0	7154	0	0	0	0	0	0	0	0	0	0	0	0	0	0	0	142	0	978	0	0	0	152	0	0	0	0	0	1774	0	0	0	194	0	0	0	0	0	0	0	0	0	0	0	0	0	0	0	0	0	0	0	0	0	0	0	0	0	0	0	0	
171696	Calcarine_L	0	0	0	0	0	0	0	0	0	0	0	0	0	0	0	0	0	0	0	0	0	0	0	0	0	0	0	0	0	0	0	0	292	0	2166	0	2464	0	642	0	0	0	0	7236	13330	4836	5998	2642	8594	1744	16652	174	2678	0	550	0	0	0	172	0	0	0	0	0	0	0	13276	666	280	0	0	0	0	0	0	0	0	0	0	0	0	0	0	0	1224	0	0	0	232	0	0	0	0	0	0	0	0	0	0	0	0	0	0	0	0	0	0	0	0	0	0	0	0	0	0	0	
234736	Calcarine_R	0	214	0	0	0	0	0	0	0	0	0	0	0	0	0	0	0	0	0	248	0	0	0	0	0	0	0	0	0	0	0	0	0	1454	174	428	0	416	0	218	0	0	7236	0	4122	19238	1546	14370	0	14750	0	16620	0	2634	0	4462	0	3162	0	260	0	484	0	0	0	0	232	16884	0	388	0	0	0	0	0	0	0	0	0	0	0	0	0	0	0	4666	0	0	0	2992	0	0	0	0	0	0	0	0	0	0	0	0	0	0	0	0	0	0	0	0	0	170	0	0	0	0	
169692	Cuneus_L	0	0	0	0	0	0	0	0	0	0	0	0	0	0	0	0	0	0	0	0	0	0	0	0	0	0	0	0	0	0	0	0	948	0	138	0	0	0	0	0	0	0	13330	4122	0	6680	1374	182	23036	1958	16326	0	932	0	182	0	354	0	996	0	204	0	0	0	0	0	10686	1472	616	0	0	0	0	0	0	0	0	0	0	0	0	0	0	0	968	0	0	0	342	0	0	0	0	0	0	0	0	0	0	0	0	0	0	0	0	0	0	0	0	0	0	0	0	0	0	0	
175952	Cuneus_R	0	0	0	0	0	0	0	0	0	0	0	0	0	0	0	0	0	0	0	148	0	0	0	0	0	0	0	0	0	0	0	0	0	2084	0	0	0	0	0	0	0	0	4836	19238	6680	0	498	3174	0	22876	0	5946	0	148	0	438	0	812	0	2300	0	154	0	0	0	168	1916	15722	0	208	0	0	0	0	0	0	0	0	0	0	0	0	0	0	0	440	0	0	0	190	0	0	0	0	0	0	0	0	0	0	0	0	0	0	0	0	0	0	0	0	0	0	0	0	0	0	
142756	Lingual_L	0	0	0	0	0	0	0	0	0	0	0	0	0	0	0	0	0	0	0	0	0	0	0	0	0	0	0	0	0	0	0	0	0	0	160	0	1286	0	968	0	0	0	5998	1546	1374	498	0	1734	1744	232	16576	0	8500	0	9616	266	0	0	0	0	0	0	0	0	0	0	2616	0	0	0	0	0	0	0	0	0	0	0	0	0	0	0	0	0	0	0	0	0	560	0	922	344	0	0	512	0	5376	792	4282	1308	170	0	156	0	0	0	0	0	0	0	2700	1142	0	0	0	0	
175656	Lingual_R	0	128	0	0	0	0	0	0	0	0	0	0	0	0	0	0	0	0	0	0	0	0	0	0	0	0	0	0	0	324	0	0	0	180	0	2350	190	764	0	918	0	0	2642	14370	182	3174	1734	0	0	4598	0	3244	0	3678	0	10134	0	1570	0	0	0	0	0	0	0	0	0	5578	0	176	0	0	0	0	0	0	0	158	0	0	0	0	0	0	0	392	0	0	0	1260	2428	2176	1272	0	0	0	1006	1492	3826	7246	0	0	752	0	742	0	126	0	0	0	1940	6098	980	0	0	0	
179900	Occipital_Sup_L	0	0	0	0	0	0	0	0	0	0	0	0	0	0	0	0	0	0	0	0	0	0	0	0	0	0	0	0	0	0	0	0	1118	0	0	0	0	0	0	0	0	0	8594	0	23036	0	1744	0	0	0	28680	0	788	0	246	0	0	0	10016	0	3214	0	0	0	374	0	10944	1006	0	0	0	0	0	0	0	0	0	0	0	0	0	0	0	0	190	0	0	0	0	0	0	0	0	0	0	0	0	0	0	0	0	0	0	0	0	0	0	0	0	0	0	0	0	0	0	0	
169528	Occipital_Sup_R	0	246	0	0	0	0	0	0	0	0	0	0	0	0	0	0	0	0	0	234	0	0	0	0	0	0	0	0	0	168	0	0	0	1832	0	0	0	0	0	0	0	0	1744	14750	1958	22876	232	4598	0	0	0	14600	0	168	0	942	0	1260	0	2096	0	1444	0	126	0	3852	0	9028	0	312	0	0	0	0	0	0	0	0	0	0	0	224	0	0	0	1700	0	0	0	374	0	0	0	0	0	0	0	0	0	0	0	0	0	0	0	0	0	0	0	0	0	0	0	0	0	0	
448092	Occipital_Mid_L	4082	0	0	0	0	0	0	0	0	0	0	0	0	0	0	0	410	0	0	0	0	0	0	0	0	0	0	0	1626	0	0	0	2436	0	1156	0	2368	0	238	0	0	0	16652	0	16326	0	16576	0	28680	0	0	0	20990	0	7056	0	8876	0	19120	0	16782	0	502	0	10660	0	17070	576	1854	0	0	0	0	0	0	0	0	0	1222	0	688	0	0	0	21174	0	0	0	6644	0	0	0	0	0	0	0	0	0	282	0	0	0	0	0	0	0	0	0	0	0	0	0	0	0	0	0	
248740	Occipital_Mid_R	0	1288	0	0	0	0	0	0	0	0	0	0	0	0	0	0	0	0	0	648	0	0	0	0	0	0	0	0	0	340	0	0	0	2296	0	0	0	0	0	0	0	0	174	16620	0	5946	0	3244	0	14600	0	0	0	3456	0	2120	0	6140	0	4156	0	3994	0	808	0	11508	0	18338	0	1994	0	0	0	0	0	0	0	0	0	0	0	560	0	0	0	22372	0	0	0	3768	0	0	0	0	0	0	0	0	0	0	0	0	0	0	0	0	0	0	0	0	0	0	0	0	0	0	
123784	Occipital_Inf_L	474	0	0	0	0	0	0	0	0	0	0	0	0	0	0	0	0	0	0	0	0	0	0	0	0	0	0	0	760	0	0	0	0	0	0	0	2232	0	432	0	0	0	2678	0	932	0	8500	0	788	0	20990	0	0	0	11438	0	592	0	168	0	0	0	0	0	0	0	1008	0	196	0	0	0	0	0	0	0	0	0	496	0	300	0	0	0	2838	0	0	0	6230	0	0	0	0	0	0	0	0	0	840	0	0	0	0	0	0	0	0	0	0	0	0	0	0	0	0	0	
47328	Occipital_Inf_R	0	364	0	0	0	0	0	0	0	0	0	0	0	0	0	0	0	0	0	0	0	0	0	0	0	0	0	0	0	560	0	0	0	0	0	0	0	182	0	0	0	0	0	2634	0	148	0	3678	0	168	0	3456	0	0	0	6988	0	300	0	0	0	0	0	0	0	0	0	594	0	258	0	0	0	0	0	0	0	0	0	0	0	0	0	0	0	1098	0	0	0	2836	0	0	0	0	0	0	0	0	0	200	0	0	0	0	0	0	0	0	0	0	0	200	0	0	0	0	
255572	Fusiform_L	0	0	180	0	0	0	0	0	0	0	0	0	0	0	0	0	194	0	206	0	0	0	0	0	0	0	0	0	2360	0	0	0	0	0	0	0	12756	0	3668	0	4118	0	550	0	182	0	9616	0	246	0	7056	0	11438	0	0	0	0	0	0	0	0	0	0	0	0	0	0	0	0	0	0	0	668	0	0	0	156	0	0	0	1444	0	1448	0	1716	0	1174	0	14030	0	13200	216	412	0	0	0	11732	584	22398	854	472	0	588	0	0	224	0	0	0	0	2026	1286	0	134	212	242	
272876	Fusiform_R	0	1656	0	212	0	0	0	0	0	0	0	0	0	0	0	0	0	400	0	580	0	0	0	0	0	0	0	0	0	2760	0	126	0	0	0	948	0	18644	0	13390	0	7154	0	4462	0	438	266	10134	0	942	0	2120	0	6988	0	0	0	666	0	0	0	0	0	0	0	0	0	2864	0	1106	0	446	0	5930	0	0	0	272	0	0	0	206	0	6282	0	3414	0	1786	0	15770	600	3826	486	0	0	584	1064	3908	1118	8796	0	0	154	0	0	192	0	0	0	0	2416	2442	564	0	142	184	
318620	Postcentral_L	36806	0	3098	0	0	0	3672	0	0	0	4314	0	0	0	0	0	11064	0	2436	1144	0	0	0	0	0	0	0	0	5902	0	0	0	400	0	376	0	2416	0	134	0	0	0	0	0	354	0	0	0	0	0	8876	0	592	0	0	0	0	0	17434	0	17560	0	8272	0	2618	0	5248	0	4934	0	1410	0	3186	0	0	0	826	0	3656	0	5402	0	0	0	4744	0	0	0	2436	0	0	0	0	0	0	0	0	0	0	0	0	0	0	0	0	0	0	0	0	0	0	0	0	0	0	0	
226332	Postcentral_R	0	15030	0	3024	0	0	0	1274	0	0	0	708	0	0	0	0	0	3484	0	3052	0	0	0	0	0	0	0	0	0	1190	0	334	0	4144	404	5104	0	824	0	0	0	0	0	3162	0	812	0	1570	0	1260	0	6140	0	300	0	666	0	0	0	9476	0	13824	0	7546	0	1194	0	14536	0	5746	0	1600	0	1020	0	0	0	182	0	174	0	626	0	0	0	4154	0	0	0	174	0	0	0	0	0	0	0	0	0	0	0	0	0	0	0	0	0	0	0	0	432	0	0	0	0	0	
202736	Parietal_Sup_L	1742	0	0	0	0	0	0	0	0	0	0	0	0	0	0	0	1040	0	0	0	0	0	0	0	0	0	0	0	1462	0	0	0	810	0	300	0	252	0	0	0	0	0	172	0	996	0	0	0	10016	0	19120	0	168	0	0	0	17434	0	0	0	20004	0	726	0	2700	0	18098	464	594	0	0	0	0	0	0	0	0	0	688	0	1960	0	0	0	2008	0	0	0	614	0	0	0	0	0	0	0	0	0	0	0	0	0	0	0	0	0	0	0	0	0	0	0	0	0	0	0	
106644	Parietal_Sup_R	0	654	0	644	0	0	0	0	0	0	0	0	0	0	0	0	0	0	0	462	0	0	0	0	0	0	0	0	0	334	0	0	0	178	0	0	0	0	0	0	0	0	0	260	0	2300	0	0	0	2096	0	4156	0	0	0	0	0	9476	0	0	0	12760	0	3678	0	2132	168	10156	0	316	0	0	0	464	0	0	0	180	0	0	0	0	0	0	0	2908	0	0	0	0	0	0	0	0	0	0	0	0	0	0	0	0	0	0	0	0	0	0	0	0	0	0	0	0	0	0	
198944	Parietal_Inf_L	3774	0	806	0	0	0	0	0	0	0	0	0	0	0	0	0	446	0	888	0	0	0	0	0	0	0	0	0	610	0	0	0	0	0	0	0	228	0	0	0	0	0	0	0	204	0	0	0	3214	0	16782	0	0	0	0	0	17560	0	20004	0	0	0	9276	0	12966	0	2008	0	936	0	308	0	0	0	0	0	0	0	254	0	1270	0	0	0	6636	0	0	0	1302	0	0	0	0	0	0	0	0	0	0	0	0	0	0	0	0	0	0	0	0	0	0	0	0	0	0	0	
130396	Parietal_Inf_R	0	1986	0	1252	0	0	0	0	0	0	0	0	0	0	0	0	0	0	0	734	0	0	0	0	0	0	0	0	0	430	0	0	0	232	0	0	0	126	0	0	0	0	0	484	0	154	0	0	0	1444	0	3994	0	0	0	0	0	13824	0	12760	0	0	0	12932	0	6658	0	4158	0	574	0	0	0	578	0	0	0	216	0	0	0	124	0	0	0	2538	0	0	0	0	0	0	0	0	0	0	0	0	0	0	0	0	0	0	0	0	0	0	0	0	0	0	0	0	0	0	
99372	SupraMarginal_L	2910	0	396	0	0	0	0	0	0	0	0	0	0	0	0	0	2492	0	382	0	0	0	0	0	0	0	0	0	498	0	0	0	0	0	164	0	0	0	0	0	0	0	0	0	0	0	0	0	0	0	502	0	0	0	0	0	8272	0	726	0	9276	0	0	0	6836	0	0	0	346	0	0	0	0	0	0	0	0	0	206	0	5698	0	0	0	9112	0	0	0	1870	0	0	0	0	0	0	0	0	0	0	0	0	0	0	0	0	0	0	0	0	0	0	0	0	0	0	0	
101876	SupraMarginal_R	0	5036	0	1088	0	0	0	0	0	0	0	0	0	0	0	0	0	2786	0	506	0	0	0	0	0	0	0	0	0	784	0	0	0	158	0	0	0	388	0	0	0	0	0	0	0	0	0	0	0	126	0	808	0	0	0	0	0	7546	0	3678	0	12932	0	0	0	2290	0	146	0	3356	0	0	0	436	0	0	0	198	0	0	0	6522	0	0	0	1700	0	0	0	454	0	0	0	0	0	0	0	0	0	0	0	0	0	0	0	0	0	0	0	0	0	0	0	0	0	0	
103236	Angular_L	356	0	0	0	0	0	0	0	0	0	0	0	0	0	0	0	0	0	0	0	0	0	0	0	0	0	0	0	0	0	0	0	0	0	0	0	224	0	0	0	0	0	0	0	0	0	0	0	374	0	10660	0	0	0	0	0	2618	0	2700	0	12966	0	6836	0	0	0	646	0	0	0	0	0	0	0	0	0	0	0	0	0	906	0	0	0	12036	0	0	0	1296	0	0	0	0	0	0	0	0	0	0	0	0	0	0	0	0	0	0	0	0	0	0	0	0	0	0	0	
66056	Angular_R	0	158	0	0	0	0	0	0	0	0	0	0	0	0	0	0	0	0	0	0	0	0	0	0	0	0	0	0	0	0	0	0	0	0	0	0	0	0	0	0	0	0	0	0	0	168	0	0	0	3852	0	11508	0	0	0	0	0	1194	0	2132	0	6658	0	2290	0	0	0	544	0	0	0	0	0	0	0	0	0	0	0	0	0	1406	0	0	0	3118	0	0	0	0	0	0	0	0	0	0	0	0	0	0	0	0	0	0	0	0	0	0	0	0	0	0	0	0	0	0	
222068	Precuneus_L	248	0	0	0	0	0	0	0	0	0	0	0	0	0	0	0	0	0	0	0	0	0	0	0	0	0	0	0	0	0	0	0	4178	528	4908	394	4104	0	1036	0	0	0	13276	232	10686	1916	2616	0	10944	0	17070	0	1008	0	0	0	5248	0	18098	168	2008	0	0	0	646	0	0	6568	2986	0	0	0	0	0	0	0	184	0	0	0	0	0	0	0	1486	0	0	0	498	0	0	0	0	0	0	0	0	0	0	0	0	0	0	0	0	0	0	0	0	0	0	0	0	0	0	0	
307984	Precuneus_R	0	1612	0	0	0	0	0	0	0	0	0	0	0	0	0	0	0	0	0	2466	0	0	0	0	0	0	0	0	0	160	0	0	390	9390	1270	8100	130	2764	0	252	0	0	666	16884	1472	15722	0	5578	1006	9028	576	18338	0	594	0	2864	0	14536	464	10156	0	4158	0	146	0	544	6568	0	0	5058	0	0	0	0	0	0	0	0	0	0	0	0	0	0	0	10376	0	0	0	1226	0	0	0	0	0	0	0	0	0	0	0	0	0	0	0	0	0	0	0	0	1498	0	0	0	0	0	
182960	Paracentral_Lobule_L	12836	828	8674	200	0	0	146	0	0	0	0	0	0	0	0	0	526	0	19694	4214	0	0	0	0	0	0	0	0	862	0	406	0	8334	1982	2144	278	2320	0	122	0	0	0	280	0	616	0	0	0	0	0	1854	0	196	0	0	0	4934	0	594	0	936	0	346	0	0	0	2986	0	0	624	438	0	3764	0	2006	0	5946	544	490	0	344	0	0	0	572	0	0	0	444	0	0	0	0	0	0	0	0	0	0	0	0	0	0	0	0	0	0	0	0	0	0	0	0	0	0	0	
170004	Paracentral_Lobule_R	0	19422	0	0	0	0	0	0	0	0	0	0	0	0	0	0	0	514	0	16912	0	0	0	0	0	0	0	0	0	716	0	0	1142	13562	1606	6710	0	882	0	0	0	0	0	388	0	208	0	176	0	312	0	1994	0	258	0	1106	0	5746	0	316	0	574	0	3356	0	0	0	5058	624	0	0	0	0	0	0	0	0	0	0	0	0	2006	0	0	0	1112	0	0	0	0	0	0	0	0	0	0	0	0	0	0	0	0	0	0	0	0	0	0	0	0	302	0	0	0	0	0	
213004	Caudate_L	5958	472	5594	244	1086	0	6598	0	0	0	3376	2064	7524	0	348	0	490	0	7104	554	5786	7238	134	156	476	420	3192	1748	6484	2084	5688	3904	0	236	0	0	0	0	0	0	0	0	0	0	0	0	0	0	0	0	0	0	0	0	0	0	1410	0	0	0	308	0	0	0	0	0	0	0	438	0	0	10460	11488	1154	0	0	2076	0	0	0	210	0	0	0	0	0	0	0	0	0	0	0	0	0	0	0	0	0	0	0	0	0	0	0	0	0	0	0	0	0	0	0	0	0	0	0	
469624	Caudate_R	764	3208	4124	20844	0	2016	2664	1188	0	0	210	16112	5126	4940	0	1968	138	1530	3434	20160	3202	8014	876	3476	0	2892	1194	5286	5164	23880	5906	32968	0	746	0	0	0	1950	0	148	0	142	0	0	0	0	0	0	0	0	0	0	0	0	0	446	0	1600	0	0	0	0	0	0	0	0	0	0	0	0	10460	0	3138	19628	0	1902	0	13242	126	0	0	0	0	0	0	0	0	0	0	0	0	0	0	0	0	0	0	0	0	0	0	0	0	0	0	0	0	0	0	0	0	0	0	0	0	0	
347792	Putamen_L	5986	0	27052	0	10538	0	1132	0	632	0	2382	0	2596	0	5808	0	3374	0	20430	184	2286	2830	1144	0	2726	0	1596	314	27638	0	8004	1634	0	0	148	0	8174	0	1008	0	568	0	0	0	0	0	0	0	0	0	0	0	0	0	668	0	3186	0	0	0	0	0	0	0	0	0	0	0	3764	0	11488	3138	0	690	5492	0	2256	0	484	0	2018	0	620	0	512	0	0	0	1396	0	0	0	0	0	0	0	0	0	0	0	0	0	0	0	0	0	0	0	0	0	0	0	0	0	0	0	
263292	Putamen_R	0	1474	0	11366	0	758	0	1616	0	0	0	2216	0	360	0	1282	0	4326	0	6542	574	1630	490	1716	0	1970	314	2154	0	18896	2210	17902	0	248	0	0	0	13280	0	1850	0	978	0	0	0	0	0	0	0	0	0	0	0	0	0	5930	0	1020	0	464	0	578	0	436	0	0	0	0	0	0	1154	19628	690	0	0	2446	0	1612	0	174	0	296	0	0	0	260	0	0	0	2806	0	0	0	0	0	0	0	0	0	0	0	0	0	0	0	0	0	0	0	0	0	0	0	0	0	0	
42612	Pallidum_L	2706	0	3634	0	0	0	0	0	0	0	0	0	0	0	0	0	0	0	5254	0	0	0	0	0	0	0	0	0	0	0	0	0	0	0	0	0	810	0	0	0	0	0	0	0	0	0	0	0	0	0	0	0	0	0	0	0	0	0	0	0	0	0	0	0	0	0	0	0	2006	0	0	0	5492	0	0	0	1404	0	0	0	0	0	0	0	0	0	0	0	0	0	0	0	0	0	0	0	0	0	0	0	0	0	0	0	0	0	0	0	0	0	0	0	0	0	0	0	
17940	Pallidum_R	0	0	0	2720	0	0	0	0	0	0	0	0	0	0	0	0	0	286	0	1196	0	0	0	0	0	0	0	0	0	0	0	128	0	0	0	0	0	292	0	0	0	0	0	0	0	0	0	0	0	0	0	0	0	0	0	0	0	0	0	0	0	0	0	0	0	0	0	0	0	0	0	1902	0	2446	0	0	0	0	0	0	0	0	0	0	0	0	0	0	0	0	0	0	0	0	0	0	0	0	0	0	0	0	0	0	0	0	0	0	0	0	0	0	0	0	0	0	
104040	Thalamus_L	1594	0	2286	0	0	0	156	0	0	0	0	0	0	0	0	0	0	0	20038	0	0	0	0	0	0	0	0	0	294	0	0	0	240	0	3160	3512	4346	1702	176	0	160	0	0	0	0	0	0	0	0	0	0	0	0	0	156	0	826	0	0	0	0	0	0	0	0	0	184	0	5946	0	2076	0	2256	0	1404	0	0	1166	0	0	0	0	0	0	0	0	0	0	196	0	0	0	0	0	0	0	0	0	0	0	0	0	0	0	0	0	0	0	0	146	0	0	0	0	0	0	
71948	Thalamus_R	1520	1174	0	4752	0	0	1514	0	0	0	0	0	0	0	0	0	0	138	236	2922	0	0	0	0	0	0	0	0	0	0	0	0	0	0	286	898	0	4288	0	324	0	152	0	0	0	0	0	158	0	0	0	0	0	0	0	272	0	182	0	180	0	216	0	198	0	0	0	0	544	0	0	13242	0	1612	0	0	1166	0	0	0	0	0	0	0	0	0	0	0	0	0	0	0	0	0	0	0	0	0	0	0	0	0	0	0	0	0	0	0	0	0	0	0	0	0	0	0	
97688	Heschl_L	3512	0	3680	208	0	0	918	0	0	0	2120	0	180	0	0	0	6158	0	3690	442	0	0	0	0	0	0	0	0	9248	0	0	0	0	0	0	0	1212	0	0	0	0	0	0	0	0	0	0	0	0	0	1222	0	496	0	0	0	3656	0	688	0	254	0	206	0	0	0	0	0	490	0	0	126	484	0	0	0	0	0	0	0	3818	0	0	0	4540	0	0	0	1496	0	0	0	0	0	0	0	0	0	0	0	0	0	0	0	0	0	0	0	0	0	0	0	0	0	0	0	
24220	Heschl_R	0	1022	0	1170	0	0	0	1122	0	0	0	408	0	0	0	0	0	3624	0	346	0	0	0	0	0	0	0	0	0	1710	0	0	0	0	0	0	0	0	0	0	0	0	0	0	0	0	0	0	0	0	0	0	0	0	0	0	0	174	0	0	0	0	0	0	0	0	0	0	0	0	0	0	0	174	0	0	0	0	0	0	0	2360	0	0	0	0	0	0	0	0	0	0	0	0	0	0	0	0	0	0	0	0	0	0	0	0	0	0	0	0	0	0	0	0	0	0	
196780	Temporal_Sup_L	3502	0	2776	0	0	0	946	0	0	0	2818	0	424	0	0	0	10606	0	2760	0	0	0	0	0	0	0	0	0	10032	0	0	0	0	0	0	0	2422	0	252	0	124	0	0	0	0	0	0	0	0	0	688	0	300	0	1444	0	5402	0	1960	0	1270	0	5698	0	906	0	0	0	344	0	210	0	2018	0	0	0	0	0	3818	0	0	0	3468	0	24752	0	0	0	9450	0	0	0	0	0	0	0	0	0	0	0	0	0	0	0	0	0	0	0	0	0	0	0	0	0	0	0	
86908	Temporal_Sup_R	0	2406	0	862	0	0	0	348	0	0	0	0	0	0	0	0	0	4206	0	536	0	0	0	0	0	0	0	0	0	6360	0	0	0	0	0	0	0	436	0	0	0	0	0	0	0	0	0	0	0	224	0	560	0	0	0	206	0	626	0	0	0	124	0	6522	0	1406	0	0	0	2006	0	0	0	296	0	0	0	0	0	2360	0	0	0	3332	0	9164	0	148	0	1326	0	0	0	0	0	0	0	0	0	0	0	0	0	0	0	0	0	0	0	0	0	0	0	0	0	0	
49912	Temporal_Pole_Sup_L	0	0	302	0	294	0	124	0	0	0	618	0	146	0	582	0	182	0	136	0	130	0	0	0	0	0	0	0	1726	0	0	0	0	0	0	0	168	0	908	0	0	0	0	0	0	0	0	0	0	0	0	0	0	0	1448	0	0	0	0	0	0	0	0	0	0	0	0	0	0	0	0	0	620	0	0	0	0	0	0	0	3468	0	0	0	6662	0	4018	0	3424	0	0	0	0	0	0	0	0	0	0	0	0	0	0	0	0	0	0	0	0	0	0	0	0	0	0	0	
49824	Temporal_Pole_Sup_R	0	0	0	386	0	0	0	0	0	0	0	202	0	0	0	0	0	584	0	140	0	128	0	0	0	0	0	0	0	1414	0	0	0	0	0	0	0	158	0	2234	0	1774	0	0	0	0	0	0	0	0	0	0	0	0	0	6282	0	0	0	0	0	0	0	0	0	0	0	0	0	0	0	0	0	0	0	0	0	0	0	0	0	3332	0	0	0	2312	0	3818	0	2148	0	0	0	0	0	0	0	0	0	0	0	0	0	0	0	0	0	0	0	0	0	0	0	0	0	0	
303644	Temporal_Mid_L	2342	0	414	0	0	0	0	0	0	0	340	0	128	0	0	0	2220	0	456	0	0	0	0	0	0	0	0	0	5832	0	0	0	0	0	0	0	4786	0	0	0	0	0	1224	0	968	0	0	0	190	0	21174	0	2838	0	1716	0	4744	0	2008	0	6636	0	9112	0	12036	0	1486	0	572	0	0	0	512	0	0	0	0	0	4540	0	24752	0	6662	0	0	0	3438	0	30696	0	0	0	0	0	0	0	0	0	0	0	0	0	0	0	0	0	0	0	0	0	0	0	0	0	0	0	
206408	Temporal_Mid_R	0	878	0	132	0	0	0	0	0	0	0	0	0	0	0	0	0	154	0	314	0	0	0	0	0	0	0	0	0	4298	0	0	0	1754	0	0	0	1916	0	0	0	0	0	4666	0	440	0	392	0	1700	0	22372	0	1098	0	3414	0	4154	0	2908	0	2538	0	1700	0	3118	0	10376	0	1112	0	0	0	260	0	0	0	0	0	0	0	9164	0	2312	0	0	0	970	0	21064	0	0	0	0	0	0	0	0	0	0	0	0	0	0	0	0	0	0	0	0	0	0	0	0	0	0	
25680	Temporal_Pole_Mid_L	0	0	0	0	0	0	0	0	0	0	0	0	0	0	0	0	0	0	0	0	0	0	0	0	0	0	0	0	0	0	0	0	0	0	0	0	0	0	1004	0	126	0	0	0	0	0	0	0	0	0	0	0	0	0	1174	0	0	0	0	0	0	0	0	0	0	0	0	0	0	0	0	0	0	0	0	0	0	0	0	0	0	0	4018	0	3438	0	0	0	3080	0	0	0	0	0	0	0	0	0	0	0	0	0	0	0	0	0	0	0	0	0	0	0	0	0	0	0	
18552	Temporal_Pole_Mid_R	0	0	0	0	0	0	0	0	0	0	0	0	0	0	0	0	0	0	0	0	0	0	0	0	0	0	0	0	0	0	0	0	0	0	0	0	0	0	0	1198	0	194	0	0	0	0	0	0	0	0	0	0	0	0	0	1786	0	0	0	0	0	0	0	0	0	0	0	0	0	0	0	0	0	0	0	0	0	0	0	0	0	148	0	3818	0	970	0	0	0	1162	0	0	0	0	0	0	0	0	0	0	0	0	0	0	0	0	0	0	0	0	0	0	0	0	0	0	
227760	Temporal_Inf_L	1178	0	366	0	0	0	0	0	0	0	598	0	382	0	0	0	858	0	392	0	0	0	0	0	0	0	0	0	5862	0	0	0	0	0	0	0	13992	0	704	0	922	0	232	0	342	0	560	0	0	0	6644	0	6230	0	14030	0	2436	0	614	0	1302	0	1870	0	1296	0	498	0	444	0	0	0	1396	0	0	0	196	0	1496	0	9450	0	3424	0	30696	0	3080	0	0	0	1268	0	124	0	0	0	0	0	822	0	0	0	176	0	0	0	0	0	0	0	0	0	0	0	0	0	
141320	Temporal_Inf_R	0	162	0	0	0	0	0	0	0	0	0	0	0	0	0	0	0	0	0	0	0	0	0	0	0	0	0	0	0	2308	0	0	0	0	0	0	0	8322	0	1024	0	0	0	2992	0	190	0	1260	0	374	0	3768	0	2836	0	15770	0	174	0	0	0	0	0	454	0	0	0	1226	0	0	0	0	0	2806	0	0	0	0	0	0	0	1326	0	2148	0	21064	0	1162	0	0	0	1138	0	0	0	0	0	0	0	156	0	0	0	0	0	0	0	0	0	0	0	0	0	0	0	0	
368800	Cerebelum_Crus1_L	0	0	0	0	0	0	0	0	0	0	0	0	0	0	0	0	0	0	0	0	0	0	0	0	0	0	0	0	0	0	0	0	0	0	0	0	0	0	0	0	0	0	0	0	0	0	922	2428	0	0	0	0	0	0	13200	600	0	0	0	0	0	0	0	0	0	0	0	0	0	0	0	0	0	0	0	0	0	0	0	0	0	0	0	0	0	0	0	0	1268	0	0	1468	30668	1988	0	0	10206	940	47776	4370	18364	288	26980	2588	5528	414	206	0	0	0	2218	5832	3890	1936	322	0	
316428	Cerebelum_Crus1_R	0	0	0	0	0	0	0	0	0	0	0	0	0	0	0	0	0	0	0	0	0	0	0	0	0	0	0	0	0	0	0	0	0	0	0	0	0	0	0	0	0	0	0	0	0	0	344	2176	0	0	0	0	0	0	216	3826	0	0	0	0	0	0	0	0	0	0	0	0	0	0	0	0	0	0	0	0	0	0	0	0	0	0	0	0	0	0	0	0	0	1138	1468	0	6692	32178	0	1742	1184	5130	2096	35472	236	10004	394	26268	140	5370	0	0	0	0	2370	9094	9212	560	738	166	
307260	Cerebelum_Crus2_L	0	0	0	0	0	0	0	0	0	0	0	0	0	0	0	0	0	0	0	0	0	0	0	0	0	0	0	0	0	0	0	0	0	0	0	0	0	0	0	0	0	0	0	0	0	0	0	1272	0	0	0	0	0	0	412	486	0	0	0	0	0	0	0	0	0	0	0	0	0	0	0	0	0	0	0	0	0	0	0	0	0	0	0	0	0	0	0	0	124	0	30668	6692	0	6486	0	0	272	0	7090	6962	30268	812	33404	3442	5372	414	0	0	0	0	0	6414	10194	2690	156	0	
235376	Cerebelum_Crus2_R	0	0	0	0	0	0	0	0	0	0	0	0	0	0	0	0	0	0	0	0	0	0	0	0	0	0	0	0	0	0	0	0	0	0	0	0	0	0	0	0	0	0	0	0	0	0	0	0	0	0	0	0	0	0	0	0	0	0	0	0	0	0	0	0	0	0	0	0	0	0	0	0	0	0	0	0	0	0	0	0	0	0	0	0	0	0	0	0	0	0	1988	32178	6486	0	0	0	0	0	862	8294	2364	17152	2446	28012	0	5180	0	0	0	0	132	2102	8370	1774	348	0	
11164	Cerebelum_3_L	0	0	0	0	0	0	0	0	0	0	0	0	0	0	0	0	0	0	0	0	0	0	0	0	0	0	0	0	0	0	0	0	0	0	0	0	0	0	122	0	0	0	0	0	0	0	512	0	0	0	0	0	0	0	0	0	0	0	0	0	0	0	0	0	0	0	0	0	0	0	0	0	0	0	0	0	0	0	0	0	0	0	0	0	0	0	0	0	0	0	0	0	0	0	0	0	3238	0	122	0	0	0	0	0	0	0	0	0	588	488	512	0	0	0	0	0	
28968	Cerebelum_3_R	0	0	0	0	0	0	0	0	0	0	0	0	0	0	0	0	0	0	0	0	0	0	0	0	0	0	0	0	0	0	0	0	0	0	0	0	0	0	0	0	0	0	0	0	0	0	0	0	0	0	0	0	0	0	0	584	0	0	0	0	0	0	0	0	0	0	0	0	0	0	0	0	0	0	0	0	0	0	0	0	0	0	0	0	0	0	0	0	0	0	0	1742	0	0	0	0	242	4874	138	4476	0	0	0	0	0	444	0	0	266	1052	666	0	0	0	0	0	
225312	Cerebelum_4_5_L	0	0	0	0	0	0	0	0	0	0	0	0	0	0	0	0	0	0	0	0	0	0	0	0	0	0	0	0	0	0	0	0	0	0	0	0	0	0	122	0	0	0	0	0	0	0	5376	1006	0	0	0	0	0	0	11732	1064	0	0	0	0	0	0	0	0	0	0	0	0	0	0	0	0	0	0	0	0	0	0	0	0	0	0	0	0	0	0	0	0	0	0	10206	1184	272	0	3238	242	0	5772	27190	5262	2854	0	2228	282	3168	1328	2090	296	522	708	17462	4634	0	620	1512	2286	
125380	Cerebelum_4_5_R	0	0	0	0	0	0	0	0	0	0	0	0	0	0	0	0	0	0	0	0	0	0	0	0	0	0	0	0	0	0	0	0	0	0	0	0	0	204	0	508	0	0	0	0	0	0	792	1492	0	0	0	0	0	0	584	3908	0	0	0	0	0	0	0	0	0	0	0	0	0	0	0	0	0	0	0	0	0	0	0	0	0	0	0	0	0	0	0	0	0	0	940	5130	0	0	0	4874	5772	0	4240	17662	904	0	744	142	492	524	676	198	250	542	10132	1212	0	0	244	524	
389740	Cerebelum_6_L	0	0	0	0	0	0	0	0	0	0	0	0	0	0	0	0	0	0	0	0	0	0	0	0	0	0	0	0	0	0	0	0	0	0	0	0	396	0	0	0	0	0	0	0	0	0	4282	3826	0	0	282	0	840	0	22398	1118	0	0	0	0	0	0	0	0	0	0	0	0	0	0	0	0	0	0	0	0	0	0	0	0	0	0	0	0	0	0	0	0	822	0	47776	2096	7090	862	122	138	27190	4240	0	8252	10130	0	13494	1272	4182	1294	1928	154	0	0	10938	11426	3128	1924	1990	1280	
331144	Cerebelum_6_R	0	0	0	0	0	0	0	0	0	0	0	0	0	0	0	0	0	0	0	0	0	0	0	0	0	0	0	0	0	0	0	0	0	0	0	0	0	0	0	0	0	0	0	0	0	0	1308	7246	0	0	0	0	0	200	854	8796	0	0	0	0	0	0	0	0	0	0	0	0	0	0	0	0	0	0	0	0	0	0	0	0	0	0	0	0	0	0	0	0	0	156	4370	35472	6962	8294	0	4476	5262	17662	8252	0	576	900	1458	8318	1222	1950	248	584	226	326	10410	17146	10120	1088	1188	502	
223580	Cerebelum_7b_L	0	0	0	0	0	0	0	0	0	0	0	0	0	0	0	0	0	0	0	0	0	0	0	0	0	0	0	0	0	0	0	0	0	0	0	0	0	0	0	0	0	0	0	0	0	0	170	0	0	0	0	0	0	0	472	0	0	0	0	0	0	0	0	0	0	0	0	0	0	0	0	0	0	0	0	0	0	0	0	0	0	0	0	0	0	0	0	0	0	0	18364	236	30268	2364	0	0	2854	904	10130	576	0	508	30924	2210	2506	256	460	0	0	0	2060	544	3032	2652	0	300	
108568	Cerebelum_7b_R	0	0	0	0	0	0	0	0	0	0	0	0	0	0	0	0	0	0	0	0	0	0	0	0	0	0	0	0	0	0	0	0	0	0	0	0	0	0	0	0	0	0	0	0	0	0	0	0	0	0	0	0	0	0	0	0	0	0	0	0	0	0	0	0	0	0	0	0	0	0	0	0	0	0	0	0	0	0	0	0	0	0	0	0	0	0	0	0	0	0	288	10004	812	17152	0	0	0	0	0	900	508	0	916	17034	170	3578	0	0	0	0	0	298	1558	1066	0	0	
293104	Cerebelum_8_L	0	0	0	0	0	0	0	0	0	0	0	0	0	0	0	0	0	0	0	0	0	0	0	0	0	0	0	0	0	0	0	0	0	0	0	0	0	0	0	0	0	0	0	0	0	0	156	752	0	0	0	0	0	0	588	154	0	0	0	0	0	0	0	0	0	0	0	0	0	0	0	0	0	0	0	0	0	0	0	0	0	0	0	0	0	0	0	0	176	0	26980	394	33404	2446	0	0	2228	744	13494	1458	30924	916	0	4190	11916	642	710	0	0	0	1704	2126	4076	4996	1124	254	
241800	Cerebelum_8_R	0	0	0	0	0	0	0	0	0	0	0	0	0	0	0	0	0	0	0	0	0	0	0	0	0	0	0	0	0	0	0	0	0	0	0	0	0	0	0	0	0	0	0	0	0	0	0	0	0	0	0	0	0	0	0	0	0	0	0	0	0	0	0	0	0	0	0	0	0	0	0	0	0	0	0	0	0	0	0	0	0	0	0	0	0	0	0	0	0	0	2588	26268	3442	28012	0	0	282	142	1272	8318	2210	17034	4190	0	860	12474	0	526	0	0	494	1924	6020	3662	1182	0	
102372	Cerebelum_9_L	0	0	0	0	0	0	0	0	0	0	0	0	0	0	0	0	0	0	0	0	0	0	0	0	0	0	0	0	0	0	0	0	0	0	0	0	0	0	0	0	0	0	0	0	0	0	0	742	0	0	0	0	0	0	0	0	0	0	0	0	0	0	0	0	0	0	0	0	0	0	0	0	0	0	0	0	0	0	0	0	0	0	0	0	0	0	0	0	0	0	5528	140	5372	0	0	0	3168	492	4182	1222	2506	170	11916	860	0	948	2936	0	0	0	2154	3080	1036	1920	2150	664	
101656	Cerebelum_9_R	0	0	0	0	0	0	0	0	0	0	0	0	0	0	0	0	0	0	0	0	0	0	0	0	0	0	0	0	0	0	0	0	0	0	0	0	0	0	0	0	0	0	0	0	0	0	0	0	0	0	0	0	0	0	224	192	0	0	0	0	0	0	0	0	0	0	0	0	0	0	0	0	0	0	0	0	0	0	0	0	0	0	0	0	0	0	0	0	0	0	414	5370	414	5180	0	444	1328	524	1294	1950	256	3578	642	12474	948	0	0	1568	0	352	2728	2894	1252	1698	3258	1846	
22744	Cerebelum_10_L	0	0	0	0	0	0	0	0	0	0	0	0	0	0	0	0	0	0	0	0	0	0	0	0	0	0	0	0	0	0	0	0	0	0	0	0	0	0	0	0	0	0	0	0	0	0	0	126	0	0	0	0	0	0	0	0	0	0	0	0	0	0	0	0	0	0	0	0	0	0	0	0	0	0	0	0	0	0	0	0	0	0	0	0	0	0	0	0	0	0	206	0	0	0	0	0	2090	676	1928	248	460	0	710	0	2936	0	0	0	0	0	1412	184	0	0	0	396	
10776	Cerebelum_10_R	0	0	0	0	0	0	0	0	0	0	0	0	0	0	0	0	0	0	0	0	0	0	0	0	0	0	0	0	0	0	0	0	0	0	0	0	0	0	0	0	0	0	0	0	0	0	0	0	0	0	0	0	0	0	0	0	0	0	0	0	0	0	0	0	0	0	0	0	0	0	0	0	0	0	0	0	0	0	0	0	0	0	0	0	0	0	0	0	0	0	0	0	0	0	0	0	296	198	154	584	0	0	0	526	0	1568	0	0	0	0	732	614	0	0	484	232	
10408	Vermis_1_2	0	0	0	0	0	0	0	0	0	0	0	0	0	0	0	0	0	0	0	0	0	0	0	0	0	0	0	0	0	0	0	0	0	0	0	0	0	0	0	0	0	0	0	0	0	0	0	0	0	0	0	0	0	0	0	0	0	0	0	0	0	0	0	0	0	0	0	0	0	0	0	0	0	0	0	0	0	0	0	0	0	0	0	0	0	0	0	0	0	0	0	0	0	0	588	266	522	250	0	226	0	0	0	0	0	0	0	0	0	2480	872	0	0	0	0	0	
14724	Vermis_3	0	0	0	0	0	0	0	0	0	0	0	0	0	0	0	0	0	0	0	0	0	0	0	0	0	0	0	0	0	0	0	0	0	0	0	0	0	0	0	0	0	0	0	0	0	0	0	0	0	0	0	0	0	0	0	0	0	0	0	0	0	0	0	0	0	0	0	0	0	0	0	0	0	0	0	0	146	0	0	0	0	0	0	0	0	0	0	0	0	0	0	0	0	0	488	1052	708	542	0	326	0	0	0	0	0	352	0	0	2480	0	1268	0	0	0	0	0	
187140	Vermis_4_5	0	0	0	0	0	0	0	0	0	0	0	0	0	0	0	0	0	0	0	0	0	0	0	0	0	0	0	0	0	0	0	0	0	344	0	336	0	218	0	0	0	0	0	0	0	0	2700	1940	0	0	0	0	0	0	2026	2416	0	432	0	0	0	0	0	0	0	0	0	1498	0	302	0	0	0	0	0	0	0	0	0	0	0	0	0	0	0	0	0	0	0	0	2218	2370	0	132	512	666	17462	10132	10938	10410	2060	0	1704	494	2154	2728	1412	732	872	1268	0	6712	0	416	2298	3668	
209412	Vermis_6	0	0	0	0	0	0	0	0	0	0	0	0	0	0	0	0	0	0	0	0	0	0	0	0	0	0	0	0	0	0	0	0	0	0	0	0	0	0	0	0	0	0	0	170	0	0	1142	6098	0	0	0	0	0	200	1286	2442	0	0	0	0	0	0	0	0	0	0	0	0	0	0	0	0	0	0	0	0	0	0	0	0	0	0	0	0	0	0	0	0	0	0	5832	9094	6414	2102	0	0	4634	1212	11426	17146	544	298	2126	1924	3080	2894	184	614	0	0	6712	0	9052	2524	4270	1286	
154636	Vermis_7	0	0	0	0	0	0	0	0	0	0	0	0	0	0	0	0	0	0	0	0	0	0	0	0	0	0	0	0	0	0	0	0	0	0	0	0	0	0	0	0	0	0	0	0	0	0	0	980	0	0	0	0	0	0	0	564	0	0	0	0	0	0	0	0	0	0	0	0	0	0	0	0	0	0	0	0	0	0	0	0	0	0	0	0	0	0	0	0	0	0	3890	9212	10194	8370	0	0	0	0	3128	10120	3032	1558	4076	6020	1036	1252	0	0	0	0	0	9052	0	3450	1384	0	
72548	Vermis_8	0	0	0	0	0	0	0	0	0	0	0	0	0	0	0	0	0	0	0	0	0	0	0	0	0	0	0	0	0	0	0	0	0	0	0	0	0	0	0	0	0	0	0	0	0	0	0	0	0	0	0	0	0	0	134	0	0	0	0	0	0	0	0	0	0	0	0	0	0	0	0	0	0	0	0	0	0	0	0	0	0	0	0	0	0	0	0	0	0	0	1936	560	2690	1774	0	0	620	0	1924	1088	2652	1066	4996	3662	1920	1698	0	0	0	0	416	2524	3450	0	3164	0	
54048	Vermis_9	0	0	0	0	0	0	0	0	0	0	0	0	0	0	0	0	0	0	0	0	0	0	0	0	0	0	0	0	0	0	0	0	0	0	0	0	0	0	0	0	0	0	0	0	0	0	0	0	0	0	0	0	0	0	212	142	0	0	0	0	0	0	0	0	0	0	0	0	0	0	0	0	0	0	0	0	0	0	0	0	0	0	0	0	0	0	0	0	0	0	322	738	156	348	0	0	1512	244	1990	1188	0	0	1124	1182	2150	3258	0	484	0	0	2298	4270	1384	3164	0	858	
29376	Vermis_10	0	0	0	0	0	0	0	0	0	0	0	0	0	0	0	0	0	0	0	0	0	0	0	0	0	0	0	0	0	0	0	0	0	0	0	0	0	0	0	0	0	0	0	0	0	0	0	0	0	0	0	0	0	0	242	184	0	0	0	0	0	0	0	0	0	0	0	0	0	0	0	0	0	0	0	0	0	0	0	0	0	0	0	0	0	0	0	0	0	0	0	166	0	0	0	0	2286	524	1280	502	300	0	254	0	664	1846	396	232	0	0	3668	1286	0	0	858	0	
