data	data	710496	258056	1.47138e+06	1.05425e+06	173312	82216	649964	303156	155264	29476	228576	327048	544260	259880	463392	194456	272340	105520	1.08767e+06	766388	81864	65840	526140	398240	38360	74840	55780	74740	899796	524732	385456	501532	231108	622788	93384	134524	285136	219448	79404	123560	47656	48480	221468	371796	215212	304920	172980	261200	161380	308676	397628	231588	176544	88164	254308	315012	284972	256860	116696	137580	247448	105580	104544	73188	172076	120780	184560	356456	434676	191292	413816	612908	448656	355400	46616	39524	223844	138036	147296	17996	266464	69596	118696	44400	278360	144920	26592	9516	253796	122040	308908	296824	180404	143936	19260	43112	184920	221724	334000	333380	141912	64032	179084	145064	51552	44976	10296	6872	13120	36356	188656	192308	109600	60552	39408	21384	
data	data	Precentral_L	Precentral_R	Frontal_Sup_L	Frontal_Sup_R	Frontal_Sup_Orb_L	Frontal_Sup_Orb_R	Frontal_Mid_L	Frontal_Mid_R	Frontal_Mid_Orb_L	Frontal_Mid_Orb_R	Frontal_Inf_Oper_L	Frontal_Inf_Oper_R	Frontal_Inf_Tri_L	Frontal_Inf_Tri_R	Frontal_Inf_Orb_L	Frontal_Inf_Orb_R	Rolandic_Oper_L	Rolandic_Oper_R	Supp_Motor_Area_L	Supp_Motor_Area_R	Olfactory_L	Olfactory_R	Frontal_Sup_Medial_L	Frontal_Sup_Medial_R	Frontal_Med_Orb_L	Frontal_Med_Orb_R	Rectus_L	Rectus_R	Insula_L	Insula_R	Cingulum_Ant_L	Cingulum_Ant_R	Cingulum_Mid_L	Cingulum_Mid_R	Cingulum_Post_L	Cingulum_Post_R	Hippocampus_L	Hippocampus_R	ParaHippocampal_L	ParaHippocampal_R	Amygdala_L	Amygdala_R	Calcarine_L	Calcarine_R	Cuneus_L	Cuneus_R	Lingual_L	Lingual_R	Occipital_Sup_L	Occipital_Sup_R	Occipital_Mid_L	Occipital_Mid_R	Occipital_Inf_L	Occipital_Inf_R	Fusiform_L	Fusiform_R	Postcentral_L	Postcentral_R	Parietal_Sup_L	Parietal_Sup_R	Parietal_Inf_L	Parietal_Inf_R	SupraMarginal_L	SupraMarginal_R	Angular_L	Angular_R	Precuneus_L	Precuneus_R	Paracentral_Lobule_L	Paracentral_Lobule_R	Caudate_L	Caudate_R	Putamen_L	Putamen_R	Pallidum_L	Pallidum_R	Thalamus_L	Thalamus_R	Heschl_L	Heschl_R	Temporal_Sup_L	Temporal_Sup_R	Temporal_Pole_Sup_L	Temporal_Pole_Sup_R	Temporal_Mid_L	Temporal_Mid_R	Temporal_Pole_Mid_L	Temporal_Pole_Mid_R	Temporal_Inf_L	Temporal_Inf_R	Cerebelum_Crus1_L	Cerebelum_Crus1_R	Cerebelum_Crus2_L	Cerebelum_Crus2_R	Cerebelum_3_L	Cerebelum_3_R	Cerebelum_4_5_L	Cerebelum_4_5_R	Cerebelum_6_L	Cerebelum_6_R	Cerebelum_7b_L	Cerebelum_7b_R	Cerebelum_8_L	Cerebelum_8_R	Cerebelum_9_L	Cerebelum_9_R	Cerebelum_10_L	Cerebelum_10_R	Vermis_1_2	Vermis_3	Vermis_4_5	Vermis_6	Vermis_7	Vermis_8	Vermis_9	Vermis_10	
710496	Precentral_L	0	1718	61502	4836	0	0	20356	0	0	0	12016	0	4436	0	414	0	10936	514	50986	8686	0	0	380	0	0	0	0	0	13496	200	0	116	1000	4042	426	228	14958	340	366	0	0	0	0	0	0	0	0	146	0	264	1964	0	458	0	0	0	29814	418	314	0	7662	0	2082	0	1674	0	136	720	45984	300	7182	1010	7890	416	1328	252	23134	822	5276	0	2058	0	184	0	1132	0	0	0	676	0	0	0	0	0	0	0	0	0	0	0	0	0	0	0	0	0	0	0	0	0	0	0	0	0	0	0	
258056	Precentral_R	1718	0	2078	14758	0	0	226	7924	182	0	0	4288	1228	0	964	0	0	1760	4102	5238	0	0	0	0	0	0	0	0	1270	4680	0	0	152	1018	844	4264	138	4348	0	206	0	0	0	180	0	192	0	376	0	608	0	872	0	0	0	302	350	28530	0	2150	0	2664	0	2562	0	688	0	4022	822	7196	2382	2040	2486	2054	0	378	252	4070	0	368	0	626	136	0	0	786	0	0	0	550	0	0	0	0	0	0	0	0	0	0	0	0	0	0	0	0	0	0	0	0	0	0	0	0	0	0	
1.47138e+06	Frontal_Sup_L	61502	2078	0	19306	10308	224	91780	1392	9248	0	16230	1150	26938	602	19512	1526	15374	804	107840	22416	630	264	48704	8814	1702	548	1564	122	52290	1558	22138	9122	6286	12658	216	264	12560	696	396	160	0	0	0	0	0	0	0	130	0	226	446	0	224	0	512	0	8118	546	0	0	734	0	148	0	216	0	0	642	38346	286	14280	6870	29730	1546	3250	332	21134	1076	6960	0	7356	0	1262	0	834	0	0	0	1566	0	0	0	0	0	0	0	0	0	0	0	0	0	0	0	0	0	0	0	0	0	0	0	0	0	0	0	
1.05425e+06	Frontal_Sup_R	4836	14758	19306	0	188	2040	1622	42746	250	132	540	21576	2824	11960	2096	6766	0	5610	23834	70264	0	166	19866	37746	0	2468	0	710	3224	32918	12690	35934	6292	24158	280	244	642	6874	0	1156	0	0	0	0	0	0	0	0	0	0	0	0	0	0	0	990	490	2992	0	400	0	500	0	0	0	224	140	0	4988	0	7946	42308	1686	25310	356	3276	1540	14098	0	390	0	398	586	1160	0	0	0	0	0	630	0	0	0	0	0	0	0	0	0	0	0	0	0	0	0	0	0	0	0	0	0	0	0	0	0	0	
173312	Frontal_Sup_Orb_L	0	0	10308	188	0	0	6632	0	13560	0	180	0	4504	0	14434	0	0	0	902	0	3852	864	1860	0	4568	276	6416	302	5916	0	4418	312	0	0	0	0	0	0	0	0	1294	0	0	0	0	0	0	0	0	0	0	0	0	0	0	0	0	0	0	0	0	0	0	0	0	0	0	0	0	0	1902	280	2820	0	0	0	0	0	0	0	0	0	868	0	0	0	0	0	0	0	0	0	0	0	0	0	0	0	0	0	0	0	0	0	0	0	0	0	0	0	0	0	0	0	0	0	
82216	Frontal_Sup_Orb_R	0	0	224	2040	0	0	0	954	0	4966	0	0	0	0	0	5344	0	0	0	118	0	924	320	1294	242	8170	0	8540	0	272	518	2864	0	0	0	0	0	0	0	0	0	0	0	0	0	0	0	0	0	0	0	0	0	0	0	0	0	0	0	0	0	0	0	0	0	0	0	0	0	0	0	3330	0	988	0	0	0	0	0	0	0	0	0	0	0	0	0	0	0	0	0	0	0	0	0	0	0	0	0	0	0	0	0	0	0	0	0	0	0	0	0	0	0	0	0	0	
649964	Frontal_Mid_L	20356	226	91780	1622	6632	0	0	182	11840	0	14856	772	43644	642	22260	1026	8912	0	6138	1082	186	0	15772	1680	0	0	344	0	29354	938	5626	2322	1516	2938	0	0	1904	0	0	0	0	0	0	0	0	0	0	0	0	0	150	0	0	0	0	0	5460	0	0	0	690	0	0	0	152	0	0	0	122	0	3776	1958	9210	168	240	0	146	0	6232	0	1530	0	194	0	210	0	0	0	194	0	0	0	0	0	0	0	0	0	0	0	0	0	0	0	0	0	0	0	0	0	0	0	0	0	0	0	
303156	Frontal_Mid_R	0	7924	1392	42746	0	954	182	0	146	1006	216	10628	1694	14504	1326	5380	0	1612	2596	3108	0	0	3790	6964	0	0	0	0	1802	9932	1072	4604	1804	5684	0	0	0	534	0	0	0	0	0	0	0	0	0	0	0	0	0	0	0	0	0	0	0	778	0	0	0	126	0	0	0	108	0	0	0	0	2754	6992	1530	5992	0	736	0	164	0	0	0	114	284	400	0	0	0	0	0	0	0	0	0	0	0	0	0	0	0	0	0	0	0	0	0	0	0	0	0	0	0	0	0	0	0	0	
155264	Frontal_Mid_Orb_L	0	182	9248	250	13560	0	11840	146	0	0	248	0	7954	0	19168	0	0	0	1334	142	186	0	466	0	802	0	1192	0	5438	0	684	122	0	0	0	0	0	0	0	0	0	0	0	0	0	0	0	0	0	0	0	0	0	0	0	0	0	0	0	0	0	0	0	0	0	0	0	0	0	0	1500	264	2504	114	0	0	0	0	0	0	0	0	288	0	0	0	0	0	0	0	0	0	0	0	0	0	0	0	0	0	0	0	0	0	0	0	0	0	0	0	0	0	0	0	0	0	
29476	Frontal_Mid_Orb_R	0	0	0	132	0	4966	0	1006	0	0	0	0	0	198	0	6076	0	0	0	0	0	180	0	0	0	0	0	1360	0	0	0	0	0	0	0	0	0	0	0	0	0	0	0	0	0	0	0	0	0	0	0	0	0	0	0	0	0	0	0	0	0	0	0	0	0	0	0	0	0	0	0	500	0	320	0	0	0	0	0	0	0	0	0	0	0	0	0	0	0	0	0	0	0	0	0	0	0	0	0	0	0	0	0	0	0	0	0	0	0	0	0	0	0	0	0	0	
228576	Frontal_Inf_Oper_L	12016	0	16230	540	180	0	14856	216	248	0	0	0	15228	0	878	298	9482	0	7530	0	0	0	1006	0	0	0	0	0	19012	110	0	0	136	0	0	0	0	0	0	0	0	0	0	0	0	0	0	0	0	0	0	0	0	0	0	0	3524	0	0	0	1240	0	632	0	1078	0	0	0	0	0	1378	1034	880	0	0	0	0	0	1972	0	2592	0	1562	0	170	0	260	0	0	0	0	0	0	0	0	0	0	0	0	0	0	0	0	0	0	0	0	0	0	0	0	0	0	0	0	0	
327048	Frontal_Inf_Oper_R	0	4288	1150	21576	0	0	772	10628	0	0	0	0	1376	17754	970	574	0	5200	4394	12400	0	0	1898	4148	0	0	0	150	1472	36294	294	816	984	6902	0	0	0	1062	0	490	0	0	0	0	0	0	0	0	0	0	0	0	0	0	0	554	0	1578	0	0	0	0	0	0	0	0	0	0	0	0	3134	11180	298	8926	0	490	0	138	0	0	0	110	206	862	0	0	0	0	0	456	0	0	0	0	0	0	0	0	0	0	0	0	0	0	0	0	0	0	0	0	0	0	0	0	0	0	
544260	Frontal_Inf_Tri_L	4436	1228	26938	2824	4504	0	43644	1694	7954	0	15228	1376	0	860	46934	2250	2514	202	8164	828	0	0	3986	582	126	0	154	0	46894	1704	3304	1160	418	228	0	0	0	336	0	0	0	0	0	0	0	0	0	0	0	0	0	0	0	0	0	0	1036	0	0	0	230	0	172	0	174	0	0	0	234	0	15174	5738	12586	1078	0	0	0	252	918	0	722	0	3346	0	0	0	0	0	0	0	0	0	0	0	0	0	0	0	0	0	0	0	0	0	0	0	0	0	0	0	0	0	0	0	0	0	
259880	Frontal_Inf_Tri_R	0	0	602	11960	0	0	642	14504	0	198	0	17754	860	0	558	6926	0	358	1942	3780	0	0	2218	3872	0	0	0	0	1274	27100	1044	6620	494	3586	0	0	0	498	0	288	0	0	0	0	0	0	0	0	0	0	0	0	0	0	0	344	0	0	0	0	0	0	0	0	0	0	0	0	0	0	2338	15332	154	4224	0	0	0	0	0	0	0	0	0	180	0	0	0	0	0	290	0	0	0	0	0	0	0	0	0	0	0	0	0	0	0	0	0	0	0	0	0	0	0	0	0	0	
463392	Frontal_Inf_Orb_L	414	964	19512	2096	14434	0	22260	1326	19168	0	878	970	46934	558	0	1364	0	154	6278	680	3532	0	2176	324	120	0	1684	0	39508	1188	2626	924	204	152	0	0	0	328	188	0	1352	0	0	0	0	0	0	0	0	0	0	0	0	0	0	0	0	0	0	0	0	0	0	0	0	0	0	0	160	0	12104	4042	15176	968	0	0	0	224	0	0	0	0	6726	0	0	0	0	0	0	0	0	0	0	0	0	0	0	0	0	0	0	0	0	0	0	0	0	0	0	0	0	0	0	0	0	0	
194456	Frontal_Inf_Orb_R	0	0	1526	6766	0	5344	1026	5380	0	6076	298	574	2250	6926	1364	0	0	0	1236	2826	0	550	836	550	0	0	0	2240	2196	10066	442	1898	304	496	0	0	0	0	0	0	0	0	0	0	0	0	0	0	0	0	0	0	0	0	0	0	0	0	0	0	0	0	0	0	0	0	0	0	0	0	4676	21998	708	7132	0	0	0	0	0	0	0	0	346	1198	0	0	0	0	0	0	0	0	0	0	0	0	0	0	0	0	0	0	0	0	0	0	0	0	0	0	0	0	0	0	0	0	
272340	Rolandic_Oper_L	10936	0	15374	0	0	0	8912	0	0	0	9482	0	2514	0	0	0	0	0	7600	0	0	0	144	0	0	0	0	0	27240	0	0	0	0	0	0	0	184	0	0	0	0	0	0	0	0	0	0	0	0	0	3760	0	954	0	0	0	12008	0	142	0	1922	0	2474	0	1808	0	142	0	0	0	304	134	686	0	0	0	0	0	10462	0	11258	0	2100	0	3540	0	688	0	1402	0	0	0	0	0	0	0	0	0	0	0	0	0	0	0	0	0	0	0	0	0	0	0	0	0	0	0	
105520	Rolandic_Oper_R	514	1760	804	5610	0	0	0	1612	0	0	0	5200	202	358	154	0	0	0	962	5824	0	0	0	0	0	0	0	0	178	11362	0	0	0	196	0	0	0	688	0	128	0	0	0	0	0	0	0	0	0	0	0	114	0	0	0	0	0	3256	0	0	0	150	0	1480	0	0	0	0	274	0	476	2864	216	3468	0	644	0	200	0	2104	0	1662	0	164	0	136	0	0	0	0	0	0	0	0	0	0	0	0	0	0	0	0	0	0	0	0	0	0	0	0	0	0	0	0	0	0	
1.08767e+06	Supp_Motor_Area_L	50986	4102	107840	23834	902	0	6138	2596	1334	0	7530	4394	8164	1942	6278	1236	7600	962	0	47730	0	0	12780	5988	0	0	0	0	29868	4876	2348	5080	16560	25948	610	236	13624	1120	1018	198	0	0	0	0	0	0	0	148	0	248	994	0	386	0	486	0	3726	832	118	0	722	0	108	0	334	0	166	704	41610	296	12260	7974	26526	2252	5710	654	21528	1872	1430	0	5220	0	1154	0	998	0	0	0	1558	0	0	0	0	0	0	0	0	0	0	0	0	0	0	0	0	0	0	0	0	0	0	0	0	0	0	0	
766388	Supp_Motor_Area_R	8686	5238	22416	70264	0	118	1082	3108	142	0	0	12400	828	3780	680	2826	0	5824	47730	0	0	0	6878	7898	0	0	0	120	1912	15574	2228	6112	10442	41784	944	5188	690	3044	0	852	128	0	0	168	0	234	0	0	0	222	0	0	0	0	0	774	152	4454	108	652	120	530	0	182	0	170	250	754	11940	7980	6882	26096	1764	13106	430	2892	1736	10360	0	648	322	252	172	432	0	0	0	0	0	496	0	0	0	0	0	0	0	0	0	0	0	0	0	0	0	0	0	0	0	0	0	0	0	0	0	0	
81864	Olfactory_L	0	0	630	0	3852	0	186	0	186	0	0	0	0	0	3532	0	0	0	0	0	0	5056	0	0	468	0	3766	1652	3520	0	2500	1436	0	0	0	0	108	0	874	0	1918	0	0	0	0	0	0	0	0	0	0	0	0	0	0	0	0	0	0	0	0	0	0	0	0	0	0	0	0	0	6436	1014	2236	0	0	0	0	0	0	0	0	0	1562	0	0	0	0	0	0	0	0	0	0	0	0	0	0	0	0	0	0	0	0	0	0	0	0	0	0	0	0	0	0	0	0	0	
65840	Olfactory_R	0	0	264	166	864	924	0	0	0	180	0	0	0	0	0	550	0	0	0	0	5056	0	0	0	190	1096	1620	3710	0	1290	2460	2362	0	0	0	0	0	108	0	298	0	876	0	0	0	0	0	0	0	0	0	0	0	0	0	0	0	0	0	0	0	0	0	0	0	0	0	0	0	0	6038	2598	1870	242	0	0	0	0	0	0	0	0	0	158	0	0	0	0	0	0	0	0	0	0	0	0	0	0	0	0	0	0	0	0	0	0	0	0	0	0	0	0	0	0	0	0	
526140	Frontal_Sup_Medial_L	380	0	48704	19866	1860	320	15772	3790	466	0	1006	1898	3986	2218	2176	836	144	0	12780	6878	0	0	0	31546	1782	1070	164	0	3218	2892	33378	25172	11984	25286	0	0	0	0	0	0	0	0	0	0	0	0	0	0	0	0	0	0	0	0	0	0	0	0	0	0	0	0	0	0	0	0	0	0	0	0	432	2466	186	258	0	0	0	0	156	0	0	0	0	0	0	0	0	0	0	0	0	0	0	0	0	0	0	0	0	0	0	0	0	0	0	0	0	0	0	0	0	0	0	0	0	0	
398240	Frontal_Sup_Medial_R	0	0	8814	37746	0	1294	1680	6964	0	0	0	4148	582	3872	324	550	0	0	5988	7898	0	0	31546	0	132	3712	0	0	498	5910	14680	32564	2966	22762	0	0	0	0	0	0	0	0	0	0	0	0	0	0	0	0	0	0	0	0	0	0	0	0	0	0	0	0	0	0	0	0	0	0	0	0	170	3720	0	600	0	0	0	0	0	0	0	0	0	0	0	0	0	0	0	0	0	0	0	0	0	0	0	0	0	0	0	0	0	0	0	0	0	0	0	0	0	0	0	0	0	0	
38360	Frontal_Med_Orb_L	0	0	1702	0	4568	242	0	0	802	0	0	0	126	0	120	0	0	0	0	0	468	190	1782	132	0	1318	1888	158	0	0	4472	294	0	0	0	0	0	0	0	0	0	0	0	0	0	0	0	0	0	0	0	0	0	0	0	0	0	0	0	0	0	0	0	0	0	0	0	0	0	0	810	0	108	0	0	0	0	0	0	0	0	0	0	0	0	0	0	0	0	0	0	0	0	0	0	0	0	0	0	0	0	0	0	0	0	0	0	0	0	0	0	0	0	0	0	0	
74840	Frontal_Med_Orb_R	0	0	548	2468	276	8170	0	0	0	0	0	0	0	0	0	0	0	0	0	0	0	1096	1070	3712	1318	0	0	6748	0	0	2732	6408	0	0	0	0	0	0	0	0	0	0	0	0	0	0	0	0	0	0	0	0	0	0	0	0	0	0	0	0	0	0	0	0	0	0	0	0	0	0	0	2874	0	0	0	0	0	0	0	0	0	0	0	0	0	0	0	0	0	0	0	0	0	0	0	0	0	0	0	0	0	0	0	0	0	0	0	0	0	0	0	0	0	0	0	0	
55780	Rectus_L	0	0	1564	0	6416	0	344	0	1192	0	0	0	154	0	1684	0	0	0	0	0	3766	1620	164	0	1888	0	0	502	498	0	3062	640	0	0	0	0	0	0	0	0	0	0	0	0	0	0	0	0	0	0	0	0	0	0	0	0	0	0	0	0	0	0	0	0	0	0	0	0	0	0	2700	250	1302	0	0	0	0	0	0	0	0	0	144	0	0	0	0	0	0	0	0	0	0	0	0	0	0	0	0	0	0	0	0	0	0	0	0	0	0	0	0	0	0	0	0	0	
74740	Rectus_R	0	0	122	710	302	8540	0	0	0	1360	0	150	0	0	0	2240	0	0	0	120	1652	3710	0	0	158	6748	502	0	0	512	572	2294	0	0	0	0	0	0	0	0	0	0	0	0	0	0	0	0	0	0	0	0	0	0	0	0	0	0	0	0	0	0	0	0	0	0	0	0	0	0	1628	3472	652	1926	0	0	0	0	0	0	0	0	0	0	0	0	0	0	0	0	0	0	0	0	0	0	0	0	0	0	0	0	0	0	0	0	0	0	0	0	0	0	0	0	0	0	
899796	Insula_L	13496	1270	52290	3224	5916	0	29354	1802	5438	0	19012	1472	46894	1274	39508	2196	27240	178	29868	1912	3520	0	3218	498	0	0	498	0	0	2122	3064	1222	496	768	0	0	10414	532	1112	126	4458	0	0	0	0	0	0	0	0	0	3954	0	1026	0	3712	0	6868	0	210	0	980	0	446	0	986	0	0	0	366	0	17350	6486	31848	1232	0	0	208	404	15316	0	20488	0	9748	0	5614	0	126	0	8138	0	0	0	0	0	0	0	0	0	0	0	0	0	0	0	0	0	0	0	0	0	0	0	0	0	0	0	
524732	Insula_R	200	4680	1558	32918	0	272	938	9932	0	0	110	36294	1704	27100	1188	10066	0	11362	4876	15574	0	1290	2892	5910	0	0	0	512	2122	0	1008	6164	886	7406	0	0	0	4610	0	2442	0	1808	0	0	0	0	0	0	0	0	0	0	0	0	0	2590	0	1882	0	368	0	410	0	148	0	0	0	0	0	0	4042	24356	460	25042	0	808	0	290	0	432	0	1600	204	2686	0	0	0	0	0	1226	0	0	0	0	0	0	0	0	0	0	0	0	0	0	0	0	0	0	0	0	0	0	0	0	0	0	
385456	Cingulum_Ant_L	0	0	22138	12690	4418	518	5626	1072	684	0	0	294	3304	1044	2626	442	0	0	2348	2228	2500	2460	33378	14680	4472	2732	3062	572	3064	1008	0	32064	10010	12792	0	0	0	0	0	0	0	0	0	0	0	0	0	0	0	0	0	0	0	0	0	0	0	0	0	0	0	0	0	0	0	0	0	0	0	0	5642	3036	1348	360	0	0	0	0	0	0	0	0	116	0	0	0	0	0	0	0	0	0	0	0	0	0	0	0	0	0	0	0	0	0	0	0	0	0	0	0	0	0	0	0	0	0	
501532	Cingulum_Ant_R	116	0	9122	35934	312	2864	2322	4604	122	0	0	816	1160	6620	924	1898	0	0	5080	6112	1436	2362	25172	32564	294	6408	640	2294	1222	6164	32064	0	5918	29388	0	0	0	0	0	0	0	0	0	0	0	0	0	0	0	0	0	0	0	0	0	0	0	0	0	0	0	0	0	0	0	0	0	0	0	0	3116	18276	316	4986	0	140	0	0	0	0	0	0	0	0	0	0	0	0	0	0	0	0	0	0	0	0	0	0	0	0	0	0	0	0	0	0	0	0	0	0	0	0	0	0	0	0	
231108	Cingulum_Mid_L	1000	152	6286	6292	0	0	1516	1804	0	0	136	984	418	494	204	304	0	0	16560	10442	0	0	11984	2966	0	0	0	0	496	886	10010	5918	0	21408	2824	702	0	0	0	0	0	0	144	296	536	256	0	0	252	0	822	0	0	0	0	0	188	0	706	0	126	0	0	0	0	0	2938	588	3578	182	122	906	0	128	0	0	0	0	0	0	0	0	0	0	0	0	0	0	0	0	0	0	0	0	0	0	0	0	0	0	0	0	0	0	0	0	0	0	0	0	0	0	0	0	0	0	
622788	Cingulum_Mid_R	4042	1018	12658	24158	0	0	2938	5684	0	0	0	6902	228	3586	152	496	0	196	25948	41784	0	0	25286	22762	0	0	0	0	768	7406	12792	29388	21408	0	1826	7014	184	0	0	0	0	0	0	4514	0	4774	0	572	0	3874	0	1188	0	610	0	356	0	1276	0	594	0	122	0	0	0	0	830	12374	5520	8128	1718	3334	216	250	114	0	356	1844	0	0	0	0	0	0	0	206	0	0	0	0	0	0	0	0	0	0	0	0	0	0	0	0	0	0	0	0	0	0	0	0	0	0	0	0	0	0	
93384	Cingulum_Post_L	426	844	216	280	0	0	0	0	0	0	0	0	0	0	0	0	0	0	610	944	0	0	0	0	0	0	0	0	0	0	0	0	2824	1826	0	6222	3166	2496	872	1146	0	0	1222	134	614	0	648	0	170	0	1126	0	0	0	140	436	1508	1032	340	0	328	0	0	0	376	0	7180	2728	4106	1316	0	0	0	0	0	0	692	610	0	0	0	0	0	0	114	0	0	0	0	0	0	0	0	0	0	0	0	0	0	0	0	0	0	0	0	0	0	0	0	0	0	0	0	0	0	0	
134524	Cingulum_Post_R	228	4264	264	244	0	0	0	0	0	0	0	0	0	0	0	0	0	0	236	5188	0	0	0	0	0	0	0	0	0	0	0	0	702	7014	6222	0	2672	3746	382	1798	0	0	0	534	0	688	0	1648	0	632	0	252	0	0	0	722	0	5346	0	138	0	0	0	0	0	0	648	11538	432	8694	0	156	136	0	0	0	1150	1350	0	0	0	0	0	0	0	0	0	0	0	0	0	0	0	0	0	0	0	0	0	0	0	0	0	0	0	0	0	0	0	0	238	0	0	0	0	0	
285136	Hippocampus_L	14958	138	12560	642	0	0	1904	0	0	0	0	0	0	0	0	0	184	0	13624	690	108	0	0	0	0	0	0	0	10414	0	0	0	0	184	3166	2672	0	2270	9306	1146	5666	0	744	0	0	0	1620	0	0	0	0	0	618	0	8572	566	1178	0	0	0	154	0	0	0	0	0	1472	710	5470	0	814	408	17410	0	1338	0	4214	926	3144	0	3538	0	600	0	366	0	0	0	8756	0	188	0	0	0	0	0	130	0	0	0	0	0	0	0	0	0	0	0	0	0	0	0	0	0	0	0	
219448	Hippocampus_R	340	4348	696	6874	0	0	0	534	0	0	0	1062	336	498	328	0	0	688	1120	3044	0	108	0	0	0	0	0	0	532	4610	0	0	0	0	2496	3746	2270	0	320	17548	0	8146	0	0	0	0	0	1486	0	0	0	0	0	0	0	19278	0	1082	0	0	0	0	0	0	0	0	0	2080	240	108	556	512	688	11002	0	590	1492	3154	0	640	0	780	0	1060	0	124	0	0	0	5208	0	0	0	0	0	0	0	0	0	0	0	0	0	0	0	0	0	0	0	0	0	0	0	0	0	0	
79404	ParaHippocampal_L	366	0	396	0	0	0	0	0	0	0	0	0	0	0	188	0	0	0	1018	0	874	0	0	0	0	0	0	0	1112	0	0	0	0	0	872	382	9306	320	0	0	2254	0	464	0	0	0	3892	0	0	0	1048	0	2648	0	5658	0	0	0	0	0	0	0	0	0	0	0	1282	320	0	0	478	0	1424	0	242	0	0	0	0	0	0	0	864	0	236	0	0	0	1128	0	856	0	194	0	276	0	774	0	674	0	0	0	156	0	0	0	0	0	0	0	0	0	0	0	0	0	
123560	ParaHippocampal_R	0	206	160	1156	0	0	0	0	0	0	0	490	0	288	0	0	0	128	198	852	0	298	0	0	0	0	0	0	126	2442	0	0	0	0	1146	1798	1146	17548	0	0	0	4692	0	118	0	0	0	1642	0	0	0	0	0	0	0	14000	0	0	0	0	0	0	0	0	0	0	0	972	0	0	0	0	210	4636	0	366	824	426	0	0	0	0	0	1130	0	0	0	206	0	4302	0	0	0	0	0	0	0	274	0	0	0	0	0	0	0	0	0	0	0	0	0	0	0	0	0	0	
47656	Amygdala_L	0	0	0	0	1294	0	0	0	0	0	0	0	0	0	1352	0	0	0	0	128	1918	0	0	0	0	0	0	0	4458	0	0	0	0	0	0	0	5666	0	2254	0	0	0	0	0	0	0	0	0	0	0	0	0	0	0	2314	0	0	0	0	0	0	0	0	0	0	0	0	0	0	0	176	118	858	0	0	0	0	172	0	0	690	0	1096	0	0	0	0	0	1334	0	0	0	0	0	0	0	0	0	0	0	0	0	0	0	0	0	0	0	0	0	0	0	0	0	0	0	
48480	Amygdala_R	0	0	0	0	0	0	0	0	0	0	0	0	0	0	0	0	0	0	0	0	0	876	0	0	0	0	0	0	0	1808	0	0	0	0	0	0	0	8146	0	4692	0	0	0	0	0	0	0	0	0	0	0	0	0	0	0	5334	0	0	0	0	0	0	0	0	0	0	0	0	0	0	0	0	0	1054	0	0	0	226	0	0	0	0	0	1910	0	0	0	0	0	194	0	0	0	0	0	0	0	0	0	0	0	0	0	0	0	0	0	0	0	0	0	0	0	0	0	0	
221468	Calcarine_L	0	0	0	0	0	0	0	0	0	0	0	0	0	0	0	0	0	0	0	0	0	0	0	0	0	0	0	0	0	0	0	0	144	0	1222	0	744	0	464	0	0	0	0	12660	22004	6392	14512	6924	15896	2846	13410	1606	1688	118	122	0	0	0	288	0	192	0	0	0	248	0	8854	0	166	0	0	0	0	0	0	0	0	0	0	0	0	0	0	0	234	0	0	0	0	0	0	0	0	0	0	0	0	0	0	0	0	0	0	0	0	0	0	0	0	0	0	0	0	0	0	0	
371796	Calcarine_R	0	180	0	0	0	0	0	0	0	0	0	0	0	0	0	0	0	0	0	168	0	0	0	0	0	0	0	0	0	0	0	0	296	4514	134	534	0	0	0	118	0	0	12660	0	12030	39900	906	21476	198	27166	0	14818	0	5702	0	4440	0	3334	0	2282	0	0	0	0	0	0	2814	23960	122	5884	0	0	0	0	0	0	0	0	0	0	0	0	0	0	0	1156	0	0	0	544	0	0	0	0	0	0	0	0	0	208	0	0	0	0	0	0	0	0	0	0	354	0	0	0	0	0	
215212	Cuneus_L	0	0	0	0	0	0	0	0	0	0	0	0	0	0	0	0	0	0	0	0	0	0	0	0	0	0	0	0	0	0	0	0	536	0	614	0	0	0	0	0	0	0	22004	12030	0	9928	4320	1916	21940	1350	15636	0	650	0	0	0	0	0	872	0	0	0	0	0	0	0	13984	498	396	0	0	0	0	0	0	0	0	0	0	0	0	0	0	0	932	0	0	0	0	0	0	0	0	0	0	0	0	0	0	0	0	0	0	0	0	0	0	0	0	0	0	0	0	0	0	0	
304920	Cuneus_R	0	192	0	0	0	0	0	0	0	0	0	0	0	0	0	0	0	0	0	234	0	0	0	0	0	0	0	0	0	0	0	0	256	4774	0	688	0	0	0	0	0	0	6392	39900	9928	0	192	7312	134	31982	0	9456	0	1334	0	634	0	2104	0	4548	0	0	0	0	0	126	3628	21690	136	5426	0	0	0	0	0	0	0	0	0	0	0	0	0	0	0	992	0	0	0	162	0	0	0	0	0	0	0	0	0	0	0	0	0	0	0	0	0	0	0	0	240	0	0	0	0	0	
172980	Lingual_L	0	0	0	0	0	0	0	0	0	0	0	0	0	0	0	0	0	0	0	0	0	0	0	0	0	0	0	0	0	0	0	0	0	0	648	0	1620	0	3892	0	0	0	14512	906	4320	192	0	1136	4692	0	14878	0	10528	0	11090	124	0	0	0	0	0	0	0	0	0	0	3074	0	0	0	0	0	0	0	0	0	0	0	0	0	0	0	0	0	330	0	0	0	408	0	3402	0	0	0	0	0	3592	368	5002	0	0	0	0	0	0	0	0	0	0	0	1006	770	0	0	0	0	
261200	Lingual_R	146	376	130	0	0	0	0	0	0	0	0	0	0	0	0	0	0	0	148	0	0	0	0	0	0	0	0	0	0	0	0	0	0	572	0	1648	0	1486	0	1642	0	0	6924	21476	1916	7312	1136	0	0	7388	0	4696	200	5456	998	17220	0	432	0	292	0	0	0	0	0	0	424	8382	148	772	0	0	0	0	0	0	0	158	0	0	0	0	0	0	0	186	0	0	0	202	1558	1526	298	0	0	336	1694	7898	3798	5682	174	0	442	0	0	108	0	0	0	0	8214	6504	394	0	108	0	
161380	Occipital_Sup_L	0	0	0	0	0	0	0	0	0	0	0	0	0	0	0	0	0	0	0	0	0	0	0	0	0	0	0	0	0	0	0	0	252	0	170	0	0	0	0	0	0	0	15896	198	21940	134	4692	0	0	0	27440	0	580	0	0	0	0	0	3930	0	136	0	0	0	0	0	4892	0	0	0	0	0	0	0	0	0	0	0	0	0	0	0	0	0	286	0	0	0	144	0	0	0	0	0	0	0	0	0	0	0	0	0	0	0	0	0	0	0	0	0	0	0	0	0	0	0	
308676	Occipital_Sup_R	264	608	226	0	0	0	0	0	0	0	0	0	0	0	0	0	0	0	248	222	0	0	0	0	0	0	0	0	0	0	0	0	0	3874	0	632	0	0	0	0	0	0	2846	27166	1350	31982	0	7388	0	0	0	24402	0	2558	0	1424	0	3500	0	8282	0	554	0	0	0	4212	674	20378	292	5126	0	0	0	0	0	0	0	0	0	0	0	748	0	0	0	4022	0	0	0	1094	0	0	0	0	0	0	0	0	0	0	0	0	0	0	0	0	0	0	0	0	266	0	0	0	0	0	
397628	Occipital_Mid_L	1964	0	446	0	0	0	150	0	0	0	0	0	0	0	0	0	3760	0	994	0	0	0	0	0	0	0	0	0	3954	0	0	0	822	0	1126	0	0	0	1048	0	0	0	13410	0	15636	0	14878	0	27440	0	0	0	21084	0	5114	0	4362	0	12106	0	9562	0	742	0	9802	0	10242	0	2410	0	114	0	0	0	0	0	0	0	2868	0	2662	0	0	0	23456	0	0	0	6990	0	1672	0	0	0	0	0	0	0	0	0	0	0	0	0	0	0	0	0	0	0	0	0	0	0	0	0	
231588	Occipital_Mid_R	0	872	0	0	0	0	0	0	0	0	0	0	0	0	0	0	0	114	0	0	0	0	0	0	0	0	0	0	0	0	0	0	0	1188	0	252	0	0	0	0	0	0	1606	14818	0	9456	0	4696	0	24402	0	0	0	5858	0	1498	0	2466	0	4166	0	1230	0	182	0	11358	248	10588	0	2052	0	0	0	0	0	0	0	0	0	0	0	2026	0	0	0	13626	0	0	0	2984	0	0	0	0	0	0	0	0	0	0	0	0	0	0	0	0	0	0	0	0	108	0	0	0	0	0	
176544	Occipital_Inf_L	458	0	224	0	0	0	0	0	0	0	0	0	0	0	0	0	954	0	386	0	0	0	0	0	0	0	0	0	1026	0	0	0	0	0	0	0	618	0	2648	0	0	0	1688	0	650	0	10528	200	580	0	21084	0	0	0	12096	114	306	0	0	0	2706	0	582	0	3820	0	878	0	0	0	0	0	250	0	0	0	0	0	544	0	2180	0	0	0	8026	0	0	0	10946	0	1992	0	0	0	0	0	182	194	1476	0	0	0	0	0	0	0	0	0	0	0	286	526	124	0	0	0	
88164	Occipital_Inf_R	0	0	0	0	0	0	0	0	0	0	0	0	0	0	0	0	0	0	0	0	0	0	0	0	0	0	0	0	0	0	0	0	0	610	0	0	0	0	0	0	0	0	118	5702	0	1334	0	5456	0	2558	0	5858	0	0	0	7634	0	0	0	0	0	0	0	0	0	0	0	782	0	0	0	0	0	0	0	0	0	0	0	0	0	0	0	0	0	2816	0	0	0	2842	0	192	0	0	0	166	386	1868	366	2766	0	0	0	0	0	0	0	0	0	0	1830	798	0	0	0	0	
254308	Fusiform_L	0	0	512	0	0	0	0	0	0	0	0	0	0	0	0	0	0	0	486	0	0	0	0	0	0	0	0	0	3712	0	0	0	0	0	140	0	8572	0	5658	0	2314	0	122	0	0	0	11090	998	0	0	5114	0	12096	0	0	646	0	0	0	0	0	0	0	0	0	0	410	0	0	0	0	0	1812	0	0	0	0	0	0	0	2296	0	1470	0	1968	0	738	0	10796	0	16466	0	1140	0	0	0	10462	1118	21854	196	490	0	726	0	0	0	0	0	0	0	1894	1564	294	0	0	0	
315012	Fusiform_R	0	302	0	990	0	0	0	0	0	0	0	554	0	344	0	0	0	0	0	774	0	0	0	0	0	0	0	0	0	2590	0	0	0	356	436	722	566	19278	0	14000	0	5334	0	4440	0	634	124	17220	0	1424	0	1498	114	7634	646	0	0	304	0	114	0	0	0	0	0	0	0	1498	0	0	0	0	0	4670	0	0	362	0	0	0	0	282	0	2438	0	424	0	1320	0	11520	872	7088	182	0	0	532	1680	10954	2582	14192	192	0	486	0	0	132	0	0	0	332	8872	5770	478	120	130	0	
284972	Postcentral_L	29814	350	8118	490	0	0	5460	0	0	0	3524	0	1036	0	0	0	12008	0	3726	152	0	0	0	0	0	0	0	0	6868	0	0	0	188	0	1508	0	1178	0	0	0	0	0	0	0	0	0	0	0	0	0	4362	0	306	0	0	0	0	0	6862	0	24162	0	9404	0	3792	0	3296	0	5822	0	806	142	306	0	0	0	396	0	3806	0	3300	0	0	0	1130	0	0	0	174	0	0	0	0	0	0	0	0	0	0	0	0	0	0	0	0	0	0	0	0	0	0	0	0	0	0	0	
256860	Postcentral_R	418	28530	546	2992	0	0	0	778	0	0	0	1578	0	0	0	0	0	3256	832	4454	0	0	0	0	0	0	0	0	0	1882	0	0	0	1276	1032	5346	0	1082	0	0	0	0	0	3334	0	2104	0	432	0	3500	0	2466	0	0	0	304	0	0	0	9318	0	8146	0	10340	0	2526	0	12384	264	12868	130	810	508	588	0	162	114	2078	0	494	0	430	0	0	0	676	0	0	0	452	0	0	0	0	0	0	0	0	0	0	0	0	0	0	0	0	0	0	0	0	0	0	0	0	0	0	
116696	Parietal_Sup_L	314	0	0	0	0	0	0	0	0	0	0	0	0	0	0	0	142	0	118	108	0	0	0	0	0	0	0	0	210	0	0	0	706	0	340	0	0	0	0	0	0	0	288	0	872	0	0	0	3930	0	12106	0	0	0	0	0	6862	0	0	0	14834	0	0	0	6018	0	8822	0	1924	0	0	0	0	0	0	0	0	0	0	0	110	0	0	0	644	0	0	0	0	0	0	0	0	0	0	0	0	0	0	0	0	0	0	0	0	0	0	0	0	0	0	0	0	0	0	0	
137580	Parietal_Sup_R	0	2150	0	400	0	0	0	0	0	0	0	0	0	0	0	0	0	0	0	652	0	0	0	0	0	0	0	0	0	368	0	0	0	594	0	138	0	0	0	0	0	0	0	2282	0	4548	0	292	0	8282	0	4166	0	0	0	114	0	9318	0	0	0	12772	0	730	0	8006	0	8334	0	3996	0	0	0	0	0	0	0	0	0	0	0	348	0	0	0	1066	0	0	0	234	0	0	0	0	0	0	0	0	0	0	0	0	0	0	0	0	0	0	0	0	0	0	0	0	0	0	
247448	Parietal_Inf_L	7662	0	734	0	0	0	690	0	0	0	1240	0	230	0	0	0	1922	0	722	120	0	0	0	0	0	0	0	0	980	0	0	0	126	0	328	0	154	0	0	0	0	0	192	0	0	0	0	0	136	0	9562	0	2706	0	0	0	24162	0	14834	0	0	0	15504	0	28124	0	1156	0	1874	0	304	0	0	0	0	0	0	0	794	0	2306	0	0	0	4056	0	0	0	3106	0	0	0	0	0	0	0	0	0	0	0	0	0	0	0	0	0	0	0	0	0	0	0	0	0	0	0	
105580	Parietal_Inf_R	0	2664	0	500	0	0	0	126	0	0	0	0	0	0	0	0	0	150	0	530	0	0	0	0	0	0	0	0	0	410	0	0	0	122	0	0	0	0	0	0	0	0	0	0	0	0	0	0	0	554	0	1230	0	0	0	0	0	8146	0	12772	0	0	0	7774	0	12738	0	906	0	1152	0	0	0	108	0	0	0	0	0	0	0	830	0	0	0	1752	0	0	0	326	0	0	0	0	0	0	0	0	0	0	0	0	0	0	0	0	0	0	0	0	0	0	0	0	0	0	
104544	SupraMarginal_L	2082	0	148	0	0	0	0	0	0	0	632	0	172	0	0	0	2474	0	108	0	0	0	0	0	0	0	0	0	446	0	0	0	0	0	0	0	0	0	0	0	0	0	0	0	0	0	0	0	0	0	742	0	582	0	0	0	9404	0	0	0	15504	0	0	0	9244	0	0	0	0	0	0	0	0	0	0	0	0	0	428	0	4944	0	0	0	4170	0	0	0	1192	0	0	0	0	0	0	0	0	0	0	0	0	0	0	0	0	0	0	0	0	0	0	0	0	0	0	0	
73188	SupraMarginal_R	0	2562	0	0	0	0	0	0	0	0	0	0	0	0	0	0	0	1480	0	182	0	0	0	0	0	0	0	0	0	148	0	0	0	0	0	0	0	0	0	0	0	0	0	0	0	0	0	0	0	0	0	182	0	0	0	0	0	10340	0	730	0	7774	0	0	0	4120	0	0	0	0	0	0	0	0	0	0	0	0	0	738	0	4618	0	0	0	3720	0	0	0	0	0	0	0	0	0	0	0	0	0	0	0	0	0	0	0	0	0	0	0	0	0	0	0	0	0	0	
172076	Angular_L	1674	0	216	0	0	0	152	0	0	0	1078	0	174	0	0	0	1808	0	334	0	0	0	0	0	0	0	0	0	986	0	0	0	0	0	376	0	0	0	0	0	0	0	248	0	0	0	0	0	0	0	9802	0	3820	0	0	0	3792	0	6018	0	28124	0	9244	0	0	0	582	0	1182	0	152	0	0	0	0	0	0	0	366	0	2428	0	0	0	8726	0	0	0	4756	0	0	0	0	0	0	0	0	0	0	0	0	0	0	0	0	0	0	0	0	0	0	0	0	0	0	0	
120780	Angular_R	0	688	0	224	0	0	0	108	0	0	0	0	0	0	0	0	0	0	0	170	0	0	0	0	0	0	0	0	0	0	0	0	0	0	0	0	0	0	0	0	0	0	0	0	0	126	0	0	0	4212	0	11358	0	0	0	0	0	2526	0	8006	0	12738	0	4120	0	0	0	0	0	208	0	0	0	0	0	0	0	0	0	0	0	4844	0	0	0	9940	0	0	0	1122	0	0	0	0	0	0	0	0	0	0	0	0	0	0	0	0	0	0	0	0	0	0	0	0	0	0	
184560	Precuneus_L	136	0	0	140	0	0	0	0	0	0	0	0	0	0	0	0	142	0	166	250	0	0	0	0	0	0	0	0	0	0	0	0	2938	830	7180	648	1472	0	1282	0	0	0	8854	2814	13984	3628	3074	424	4892	674	10242	248	878	0	410	0	3296	0	8822	0	1156	0	0	0	582	0	0	5994	4364	798	0	0	0	0	0	0	0	0	0	0	128	0	0	0	1586	108	0	0	0	0	0	0	0	0	0	0	0	0	0	0	0	0	0	0	0	0	0	0	0	0	140	0	0	0	0	0	
356456	Precuneus_R	720	4022	642	0	0	0	0	0	0	0	0	0	0	0	0	0	0	0	704	754	0	0	0	0	0	0	0	0	0	0	0	0	588	12374	2728	11538	710	2080	320	972	0	0	0	23960	498	21690	0	8382	0	20378	0	10588	0	782	0	1498	0	12384	0	8334	0	906	0	0	0	0	5994	0	930	20272	0	0	0	0	0	0	250	0	0	0	0	0	0	0	0	1122	0	0	0	424	0	0	0	0	0	0	0	0	0	0	0	0	0	0	0	0	0	0	0	0	1684	0	0	0	0	0	
434676	Paracentral_Lobule_L	45984	822	38346	4988	0	0	122	0	0	0	0	0	234	0	160	0	0	274	41610	11940	0	0	0	0	0	0	0	0	366	0	0	0	3578	5520	4106	432	5470	240	0	0	0	0	166	122	396	136	0	148	0	292	2410	0	0	0	0	0	5822	264	1924	0	1874	0	0	0	1182	0	4364	930	0	814	6438	354	2398	0	836	0	21014	602	112	0	0	0	120	0	428	0	0	0	0	0	0	0	0	0	0	0	0	0	0	0	0	0	0	0	0	0	0	0	0	0	0	0	0	0	0	0	
191292	Paracentral_Lobule_R	300	7196	286	0	0	0	0	0	0	0	0	0	0	0	0	0	0	0	296	7980	0	0	0	0	0	0	0	0	0	0	0	0	182	8128	1316	8694	0	108	0	0	0	0	0	5884	0	5426	0	772	0	5126	0	2052	0	0	0	0	0	12868	0	3996	0	1152	0	0	0	208	798	20272	814	0	0	0	0	0	0	0	0	0	0	0	0	0	0	0	0	810	0	0	0	786	0	0	0	0	0	0	0	0	0	0	0	0	0	0	0	0	0	0	0	0	196	0	0	0	0	0	
413816	Caudate_L	7182	2382	14280	7946	1902	0	3776	2754	1500	0	1378	3134	15174	2338	12104	4676	304	476	12260	6882	6436	6038	432	170	810	0	2700	1628	17350	4042	5642	3116	122	1718	0	0	814	556	478	0	176	0	0	0	0	0	0	0	0	0	114	0	0	0	0	0	806	130	0	0	304	0	0	0	152	0	0	0	6438	0	0	14506	16662	2296	1058	154	7728	444	0	0	326	0	2858	256	0	0	0	0	0	0	0	0	0	0	0	0	0	0	0	0	0	0	0	0	0	0	0	0	0	0	0	0	0	0	0	0	
612908	Caudate_R	1010	2040	6870	42308	280	3330	1958	6992	264	500	1034	11180	5738	15332	4042	21998	134	2864	7974	26096	1014	2598	2466	3720	0	2874	250	3472	6486	24356	3036	18276	906	3334	0	156	408	512	0	0	118	0	0	0	0	0	0	0	0	0	0	0	0	0	0	0	142	810	0	0	0	0	0	0	0	0	0	0	354	0	14506	0	2626	28246	136	2304	0	19130	0	0	0	206	958	1110	0	0	0	0	0	0	0	0	0	0	0	0	0	0	0	0	0	0	0	0	0	0	0	0	0	0	0	0	0	0	0	0	
448656	Putamen_L	7890	2486	29730	1686	2820	0	9210	1530	2504	0	880	298	12586	154	15176	708	686	216	26526	1764	2236	1870	186	0	108	0	1302	652	31848	460	1348	316	0	216	0	136	17410	688	1424	210	858	0	0	0	0	0	0	0	0	0	0	0	250	0	1812	0	306	508	0	0	0	0	0	0	0	0	0	0	2398	0	16662	2626	0	1118	6656	118	756	570	132	0	5932	0	1946	0	788	0	0	0	3632	0	0	0	0	0	0	0	0	0	0	0	0	0	0	0	0	0	0	0	0	0	0	0	0	0	0	0	
355400	Putamen_R	416	2054	1546	25310	0	988	168	5992	114	320	0	8926	1078	4224	968	7132	0	3468	2252	13106	0	242	258	600	0	0	0	1926	1232	25042	360	4986	128	250	0	0	0	11002	0	4636	0	1054	0	0	0	0	0	0	0	0	0	0	0	0	0	4670	0	588	0	0	0	108	0	0	0	0	0	0	0	0	2296	28246	1118	0	0	4768	0	1512	0	0	0	688	136	1430	0	0	0	0	0	2362	0	0	0	0	0	0	0	0	0	0	0	0	0	0	0	0	0	0	0	0	0	0	0	0	0	0	
46616	Pallidum_L	1328	0	3250	356	0	0	240	0	0	0	0	0	0	0	0	0	0	0	5710	430	0	0	0	0	0	0	0	0	0	0	0	0	0	114	0	0	1338	0	242	0	0	0	0	0	0	0	0	0	0	0	0	0	0	0	0	0	0	0	0	0	0	0	0	0	0	0	0	0	836	0	1058	136	6656	0	0	0	1614	0	0	0	0	0	0	0	0	0	0	0	0	0	0	0	0	0	0	0	0	0	0	0	0	0	0	0	0	0	0	0	0	0	0	0	0	0	0	0	
39524	Pallidum_R	252	378	332	3276	0	0	0	736	0	0	0	490	0	0	0	0	0	644	654	2892	0	0	0	0	0	0	0	0	0	808	0	140	0	0	0	0	0	590	0	366	0	0	0	0	0	0	0	0	0	0	0	0	0	0	0	0	0	162	0	0	0	0	0	0	0	0	0	0	0	0	154	2304	118	4768	0	0	0	564	0	0	0	134	0	0	0	0	0	0	0	0	0	0	0	0	0	0	0	0	0	0	0	0	0	0	0	0	0	0	0	0	0	0	0	0	0	0	
223844	Thalamus_L	23134	252	21134	1540	0	0	146	0	0	0	0	0	0	0	0	0	0	0	21528	1736	0	0	0	0	0	0	0	0	208	0	0	0	0	356	692	1150	4214	1492	0	824	0	0	0	0	0	0	0	0	0	0	0	0	0	0	0	362	396	114	0	0	0	0	0	0	0	0	0	250	21014	0	7728	0	756	0	1614	0	0	1282	0	0	0	0	0	0	0	0	0	0	0	0	0	0	0	0	0	0	0	0	0	0	0	0	0	0	0	0	0	0	0	0	0	0	0	0	0	0	
138036	Thalamus_R	822	4070	1076	14098	0	0	0	164	0	0	0	138	252	0	224	0	0	200	1872	10360	0	0	0	0	0	0	0	0	404	290	0	0	0	1844	610	1350	926	3154	0	426	172	226	0	0	0	0	0	158	0	0	0	0	0	0	0	0	0	2078	0	0	0	0	0	0	0	0	0	0	602	0	444	19130	570	1512	0	564	1282	0	0	0	0	0	0	0	0	0	0	0	0	0	0	0	0	0	0	0	0	0	0	0	0	0	0	0	0	0	0	0	0	0	0	0	0	0	0	0	
147296	Heschl_L	5276	0	6960	0	0	0	6232	0	0	0	1972	0	918	0	0	0	10462	0	1430	0	0	0	156	0	0	0	0	0	15316	0	0	0	0	0	0	0	3144	0	0	0	0	0	0	0	0	0	0	0	0	0	2868	0	544	0	0	0	3806	0	0	0	794	0	428	0	366	0	0	0	112	0	0	0	132	0	0	0	0	0	0	0	4898	0	0	0	5390	0	0	0	2444	0	0	0	0	0	0	0	0	0	0	0	0	0	0	0	0	0	0	0	0	0	0	0	0	0	0	0	
17996	Heschl_R	0	368	0	390	0	0	0	0	0	0	0	0	0	0	0	0	0	2104	0	648	0	0	0	0	0	0	0	0	0	432	0	0	0	0	0	0	0	640	0	0	0	0	0	0	0	0	0	0	0	0	0	0	0	0	0	0	0	494	0	0	0	0	0	738	0	0	0	0	0	0	0	0	0	0	0	0	0	0	0	0	0	2584	0	0	0	382	0	0	0	218	0	0	0	0	0	0	0	0	0	0	0	0	0	0	0	0	0	0	0	0	0	0	0	0	0	0	
266464	Temporal_Sup_L	2058	0	7356	0	0	0	1530	0	0	0	2592	0	722	0	0	0	11258	0	5220	322	0	0	0	0	0	0	0	0	20488	0	0	0	0	0	0	0	3538	0	0	0	690	0	0	0	0	0	0	0	0	0	2662	0	2180	0	2296	0	3300	0	110	0	2306	0	4944	0	2428	0	128	0	0	0	326	0	5932	0	0	0	0	0	4898	0	0	0	5552	0	22088	0	2270	0	16038	0	0	0	0	0	0	0	0	0	0	0	0	0	0	0	0	0	0	0	0	0	0	0	0	0	0	0	
69596	Temporal_Sup_R	0	626	0	398	0	0	0	114	0	0	0	110	0	0	0	0	0	1662	0	252	0	0	0	0	0	0	0	0	0	1600	0	0	0	0	0	0	0	780	0	0	0	0	0	0	0	0	0	0	0	748	0	2026	0	0	0	282	0	430	0	348	0	830	0	4618	0	4844	0	0	0	0	0	206	0	688	0	134	0	0	0	2584	0	0	0	2110	0	7930	0	566	0	912	0	0	0	0	0	0	0	0	0	0	0	0	0	0	0	0	0	0	0	0	0	0	0	0	0	0	
118696	Temporal_Pole_Sup_L	184	136	1262	586	868	0	194	284	288	0	1562	206	3346	0	6726	346	2100	0	1154	172	1562	0	0	0	0	0	144	0	9748	204	116	0	0	0	0	0	600	0	864	0	1096	0	0	0	0	0	0	0	0	0	0	0	0	0	1470	0	0	0	0	0	0	0	0	0	0	0	0	0	120	0	2858	958	1946	136	0	0	0	0	0	0	5552	0	0	0	5000	0	4948	0	2612	0	0	0	0	0	0	0	0	0	0	0	0	0	0	0	0	0	0	0	0	0	0	0	0	0	0	0	
44400	Temporal_Pole_Sup_R	0	0	0	1160	0	0	0	400	0	0	0	862	0	180	0	1198	0	164	0	432	0	158	0	0	0	0	0	0	0	2686	0	0	0	0	0	0	0	1060	0	1130	0	1910	0	0	0	0	0	0	0	0	0	0	0	0	0	2438	0	0	0	0	0	0	0	0	0	0	0	0	0	0	256	1110	0	1430	0	0	0	0	0	0	0	2110	0	0	0	694	0	1640	0	1182	0	0	0	0	0	0	0	0	0	0	0	0	0	0	0	0	0	0	0	0	0	0	0	0	0	0	
278360	Temporal_Mid_L	1132	0	834	0	0	0	210	0	0	0	170	0	0	0	0	0	3540	0	998	0	0	0	0	0	0	0	0	0	5614	0	0	0	0	0	114	0	366	0	236	0	0	0	234	0	932	0	330	0	286	0	23456	0	8026	0	1968	0	1130	0	644	0	4056	0	4170	0	8726	0	1586	0	428	0	0	0	788	0	0	0	0	0	5390	0	22088	0	5000	0	0	0	2672	0	34056	0	0	0	0	0	0	0	0	0	0	0	0	0	0	0	0	0	0	0	0	0	0	0	0	0	0	0	
144920	Temporal_Mid_R	0	786	0	0	0	0	0	0	0	0	0	0	0	0	0	0	0	136	0	0	0	0	0	0	0	0	0	0	0	0	0	0	0	206	0	0	0	124	0	0	0	0	0	1156	0	992	0	186	0	4022	0	13626	0	2816	0	424	0	676	0	1066	0	1752	0	3720	0	9940	108	1122	0	810	0	0	0	0	0	0	0	0	0	382	0	7930	0	694	0	0	0	382	0	19404	0	0	0	0	0	0	0	0	0	0	0	0	0	0	0	0	0	0	0	0	0	0	0	0	0	0	
26592	Temporal_Pole_Mid_L	0	0	0	0	0	0	0	0	0	0	260	0	0	0	0	0	688	0	0	0	0	0	0	0	0	0	0	0	126	0	0	0	0	0	0	0	0	0	0	0	0	0	0	0	0	0	0	0	0	0	0	0	0	0	738	0	0	0	0	0	0	0	0	0	0	0	0	0	0	0	0	0	0	0	0	0	0	0	0	0	2270	0	4948	0	2672	0	0	0	1594	0	0	0	0	0	0	0	0	0	0	0	0	0	0	0	0	0	0	0	0	0	0	0	0	0	0	0	
9516	Temporal_Pole_Mid_R	0	0	0	0	0	0	0	0	0	0	0	0	0	0	0	0	0	0	0	0	0	0	0	0	0	0	0	0	0	0	0	0	0	0	0	0	0	0	0	206	0	0	0	0	0	0	0	0	0	0	0	0	0	0	0	1320	0	0	0	0	0	0	0	0	0	0	0	0	0	0	0	0	0	0	0	0	0	0	0	0	0	566	0	1640	0	382	0	0	0	644	0	0	0	0	0	0	0	0	0	0	0	0	0	0	0	0	0	0	0	0	0	0	0	0	0	0	
253796	Temporal_Inf_L	676	0	1566	0	0	0	194	0	0	0	0	0	0	0	0	0	1402	0	1558	0	0	0	0	0	0	0	0	0	8138	0	0	0	0	0	0	0	8756	0	1128	0	1334	0	0	0	0	0	408	0	144	0	6990	0	10946	0	10796	0	174	0	0	0	3106	0	1192	0	4756	0	0	0	0	0	0	0	3632	0	0	0	0	0	2444	0	16038	0	2612	0	34056	0	1594	0	0	0	2844	0	0	0	0	0	0	0	414	0	0	0	0	0	0	0	0	0	0	0	0	0	0	0	0	0	
122040	Temporal_Inf_R	0	550	0	630	0	0	0	0	0	0	0	456	0	290	0	0	0	0	0	496	0	0	0	0	0	0	0	0	0	1226	0	0	0	0	0	0	0	5208	0	4302	0	194	0	544	0	162	0	202	0	1094	0	2984	0	2842	0	11520	0	452	0	234	0	326	0	0	0	1122	0	424	0	786	0	0	0	2362	0	0	0	0	0	218	0	912	0	1182	0	19404	0	644	0	0	0	254	0	0	0	0	0	0	0	0	0	0	0	0	0	0	0	0	0	0	0	0	0	0	0	0	
308908	Cerebelum_Crus1_L	0	0	0	0	0	0	0	0	0	0	0	0	0	0	0	0	0	0	0	0	0	0	0	0	0	0	0	0	0	0	0	0	0	0	0	0	188	0	856	0	0	0	0	0	0	0	3402	1558	0	0	1672	0	1992	0	16466	872	0	0	0	0	0	0	0	0	0	0	0	0	0	0	0	0	0	0	0	0	0	0	0	0	0	0	0	0	0	0	0	0	2844	0	0	2020	21522	1080	320	0	15886	1654	44152	2692	7890	588	10894	412	806	206	0	0	260	588	3150	5404	4216	502	192	170	
296824	Cerebelum_Crus1_R	0	0	0	0	0	0	0	0	0	0	0	0	0	0	0	0	0	0	0	0	0	0	0	0	0	0	0	0	0	0	0	0	0	0	0	0	0	0	0	0	0	0	0	0	0	0	0	1526	0	0	0	0	0	192	0	7088	0	0	0	0	0	0	0	0	0	0	0	0	0	0	0	0	0	0	0	0	0	0	0	0	0	0	0	0	0	0	0	0	0	254	2020	0	652	19910	0	2608	332	16014	2944	45642	818	4790	1648	16852	0	774	0	138	0	1388	3618	10768	6148	1634	654	0	
180404	Cerebelum_Crus2_L	0	0	0	0	0	0	0	0	0	0	0	0	0	0	0	0	0	0	0	0	0	0	0	0	0	0	0	0	0	0	0	0	0	0	0	0	0	0	194	0	0	0	0	0	0	0	0	298	0	0	0	0	0	0	1140	182	0	0	0	0	0	0	0	0	0	0	0	0	0	0	0	0	0	0	0	0	0	0	0	0	0	0	0	0	0	0	0	0	0	0	21522	652	0	4082	0	0	2236	348	6860	442	21906	1680	19906	1150	504	0	0	0	0	0	568	1236	3738	1446	112	0	
143936	Cerebelum_Crus2_R	0	0	0	0	0	0	0	0	0	0	0	0	0	0	0	0	0	0	0	0	0	0	0	0	0	0	0	0	0	0	0	0	0	0	0	0	0	0	0	0	0	0	0	0	0	0	0	0	0	0	0	0	0	0	0	0	0	0	0	0	0	0	0	0	0	0	0	0	0	0	0	0	0	0	0	0	0	0	0	0	0	0	0	0	0	0	0	0	0	0	1080	19910	4082	0	0	118	0	878	178	4518	1832	10108	1340	18832	0	504	0	0	0	0	0	1136	5346	1960	146	0	
19260	Cerebelum_3_L	0	0	0	0	0	0	0	0	0	0	0	0	0	0	0	0	0	0	0	0	0	0	0	0	0	0	0	0	0	0	0	0	0	0	0	0	0	0	276	0	0	0	0	0	0	0	0	0	0	0	0	0	0	0	0	0	0	0	0	0	0	0	0	0	0	0	0	0	0	0	0	0	0	0	0	0	0	0	0	0	0	0	0	0	0	0	0	0	0	0	320	0	0	0	0	0	3548	148	1034	0	0	0	0	0	1710	144	0	0	654	758	534	348	0	0	0	156	
43112	Cerebelum_3_R	0	0	0	0	0	0	0	0	0	0	0	0	0	0	0	0	0	0	0	0	0	0	0	0	0	0	0	0	0	0	0	0	0	0	0	0	0	0	0	0	0	0	0	0	0	0	0	336	0	0	0	0	0	166	0	532	0	0	0	0	0	0	0	0	0	0	0	0	0	0	0	0	0	0	0	0	0	0	0	0	0	0	0	0	0	0	0	0	0	0	0	2608	0	118	0	0	152	4964	108	5422	0	0	0	754	0	674	0	0	660	3088	1382	226	0	122	244	0	
184920	Cerebelum_4_5_L	0	0	0	0	0	0	0	0	0	0	0	0	0	0	0	0	0	0	0	0	0	0	0	0	0	0	0	0	0	0	0	0	0	0	0	0	130	0	774	0	0	0	0	0	0	0	3592	1694	0	0	0	0	182	386	10462	1680	0	0	0	0	0	0	0	0	0	0	0	0	0	0	0	0	0	0	0	0	0	0	0	0	0	0	0	0	0	0	0	0	0	0	15886	332	2236	0	3548	152	0	3450	28636	1594	512	0	1092	0	3152	550	0	0	394	978	8068	1872	0	204	228	676	
221724	Cerebelum_4_5_R	0	0	0	0	0	0	0	0	0	0	0	0	0	0	0	0	0	0	0	0	0	0	0	0	0	0	0	0	0	0	0	0	0	0	0	0	0	0	0	274	0	0	0	0	0	0	368	7898	0	0	0	0	194	1868	1118	10954	0	0	0	0	0	0	0	0	0	0	0	0	0	0	0	0	0	0	0	0	0	0	0	0	0	0	0	0	0	0	0	0	0	0	1654	16014	348	878	148	4964	3450	0	4330	28574	146	282	394	2462	264	414	0	204	0	2220	15092	5454	344	190	250	112	
334000	Cerebelum_6_L	0	0	0	0	0	0	0	0	0	0	0	0	0	0	0	0	0	0	0	0	0	0	0	0	0	0	0	0	0	0	0	0	0	0	0	0	0	0	674	0	0	0	0	0	0	0	5002	3798	0	0	0	0	1476	366	21854	2582	0	0	0	0	0	0	0	0	0	0	0	0	0	0	0	0	0	0	0	0	0	0	0	0	0	0	0	0	0	0	0	0	414	0	44152	2944	6860	178	1034	108	28636	4330	0	4740	4504	0	7562	144	2358	482	0	0	288	658	7816	9254	3034	616	652	484	
333380	Cerebelum_6_R	0	0	0	0	0	0	0	0	0	0	0	0	0	0	0	0	0	0	0	0	0	0	0	0	0	0	0	0	0	0	0	0	0	0	0	0	0	0	0	0	0	0	0	208	0	0	0	5682	0	0	0	0	0	2766	196	14192	0	0	0	0	0	0	0	0	0	0	0	0	0	0	0	0	0	0	0	0	0	0	0	0	0	0	0	0	0	0	0	0	0	0	2692	45642	442	4518	0	5422	1594	28574	4740	0	688	594	1834	7036	204	1304	0	650	224	2336	10920	15292	5420	1828	1474	218	
141912	Cerebelum_7b_L	0	0	0	0	0	0	0	0	0	0	0	0	0	0	0	0	0	0	0	0	0	0	0	0	0	0	0	0	0	0	0	0	0	0	0	0	0	0	0	0	0	0	0	0	0	0	0	174	0	0	0	0	0	0	490	192	0	0	0	0	0	0	0	0	0	0	0	0	0	0	0	0	0	0	0	0	0	0	0	0	0	0	0	0	0	0	0	0	0	0	7890	818	21906	1832	0	0	512	146	4504	688	0	786	21912	1258	392	0	0	0	0	0	258	1194	3544	2312	148	0	
64032	Cerebelum_7b_R	0	0	0	0	0	0	0	0	0	0	0	0	0	0	0	0	0	0	0	0	0	0	0	0	0	0	0	0	0	0	0	0	0	0	0	0	0	0	0	0	0	0	0	0	0	0	0	0	0	0	0	0	0	0	0	0	0	0	0	0	0	0	0	0	0	0	0	0	0	0	0	0	0	0	0	0	0	0	0	0	0	0	0	0	0	0	0	0	0	0	588	4790	1680	10108	0	0	0	282	0	594	786	0	344	9274	0	130	0	0	0	0	0	260	2308	872	0	0	
179084	Cerebelum_8_L	0	0	0	0	0	0	0	0	0	0	0	0	0	0	0	0	0	0	0	0	0	0	0	0	0	0	0	0	0	0	0	0	0	0	0	0	0	0	156	0	0	0	0	0	0	0	0	442	0	0	0	0	0	0	726	486	0	0	0	0	0	0	0	0	0	0	0	0	0	0	0	0	0	0	0	0	0	0	0	0	0	0	0	0	0	0	0	0	0	0	10894	1648	19906	1340	0	0	1092	394	7562	1834	21912	344	0	1354	5248	168	884	0	0	0	760	2688	4522	3766	1188	228	
145064	Cerebelum_8_R	0	0	0	0	0	0	0	0	0	0	0	0	0	0	0	0	0	0	0	0	0	0	0	0	0	0	0	0	0	0	0	0	0	0	0	0	0	0	0	0	0	0	0	0	0	0	0	0	0	0	0	0	0	0	0	0	0	0	0	0	0	0	0	0	0	0	0	0	0	0	0	0	0	0	0	0	0	0	0	0	0	0	0	0	0	0	0	0	0	0	412	16852	1150	18832	0	754	0	2462	144	7036	1258	9274	1354	0	0	3626	0	1224	0	178	158	360	3290	3356	812	0	
51552	Cerebelum_9_L	0	0	0	0	0	0	0	0	0	0	0	0	0	0	0	0	0	0	0	0	0	0	0	0	0	0	0	0	0	0	0	0	0	0	0	0	0	0	0	0	0	0	0	0	0	0	0	0	0	0	0	0	0	0	0	0	0	0	0	0	0	0	0	0	0	0	0	0	0	0	0	0	0	0	0	0	0	0	0	0	0	0	0	0	0	0	0	0	0	0	806	0	504	0	1710	0	3152	264	2358	204	392	0	5248	0	0	614	4264	0	0	366	1614	1212	0	886	1282	900	
44976	Cerebelum_9_R	0	0	0	0	0	0	0	0	0	0	0	0	0	0	0	0	0	0	0	0	0	0	0	0	0	0	0	0	0	0	0	0	0	0	0	0	0	0	0	0	0	0	0	0	0	0	0	108	0	0	0	0	0	0	0	132	0	0	0	0	0	0	0	0	0	0	0	0	0	0	0	0	0	0	0	0	0	0	0	0	0	0	0	0	0	0	0	0	0	0	206	774	0	504	144	674	550	414	482	1304	0	130	168	3626	614	0	0	1220	394	364	1062	2662	624	1680	2682	1970	
10296	Cerebelum_10_L	0	0	0	0	0	0	0	0	0	0	0	0	0	0	0	0	0	0	0	0	0	0	0	0	0	0	0	0	0	0	0	0	0	0	0	0	0	0	0	0	0	0	0	0	0	0	0	0	0	0	0	0	0	0	0	0	0	0	0	0	0	0	0	0	0	0	0	0	0	0	0	0	0	0	0	0	0	0	0	0	0	0	0	0	0	0	0	0	0	0	0	0	0	0	0	0	0	0	0	0	0	0	884	0	4264	0	0	0	0	0	0	0	0	0	0	0	
6872	Cerebelum_10_R	0	0	0	0	0	0	0	0	0	0	0	0	0	0	0	0	0	0	0	0	0	0	0	0	0	0	0	0	0	0	0	0	0	0	0	0	0	0	0	0	0	0	0	0	0	0	0	0	0	0	0	0	0	0	0	0	0	0	0	0	0	0	0	0	0	0	0	0	0	0	0	0	0	0	0	0	0	0	0	0	0	0	0	0	0	0	0	0	0	0	0	138	0	0	0	0	0	204	0	650	0	0	0	1224	0	1220	0	0	0	0	0	0	0	0	0	0	
13120	Vermis_1_2	0	0	0	0	0	0	0	0	0	0	0	0	0	0	0	0	0	0	0	0	0	0	0	0	0	0	0	0	0	0	0	0	0	0	0	0	0	0	0	0	0	0	0	0	0	0	0	0	0	0	0	0	0	0	0	0	0	0	0	0	0	0	0	0	0	0	0	0	0	0	0	0	0	0	0	0	0	0	0	0	0	0	0	0	0	0	0	0	0	0	260	0	0	0	654	660	394	0	288	224	0	0	0	0	0	394	0	0	0	2980	304	202	0	0	200	0	
36356	Vermis_3	0	0	0	0	0	0	0	0	0	0	0	0	0	0	0	0	0	0	0	0	0	0	0	0	0	0	0	0	0	0	0	0	0	0	0	0	0	0	0	0	0	0	0	0	0	0	0	0	0	0	0	0	0	0	0	332	0	0	0	0	0	0	0	0	0	0	0	0	0	0	0	0	0	0	0	0	0	0	0	0	0	0	0	0	0	0	0	0	0	0	588	1388	0	0	758	3088	978	2220	658	2336	0	0	0	178	366	364	0	0	2980	0	1716	108	0	0	120	0	
188656	Vermis_4_5	0	0	0	0	0	0	0	0	0	0	0	0	0	0	0	0	0	0	0	0	0	0	0	0	0	0	0	0	0	0	0	0	0	0	0	238	0	0	0	0	0	0	0	354	0	240	1006	8214	0	266	0	108	286	1830	1894	8872	0	0	0	0	0	0	0	0	0	0	140	1684	0	196	0	0	0	0	0	0	0	0	0	0	0	0	0	0	0	0	0	0	0	0	3150	3618	568	0	534	1382	8068	15092	7816	10920	258	0	760	158	1614	1062	0	0	304	1716	0	8590	524	178	940	1748	
192308	Vermis_6	0	0	0	0	0	0	0	0	0	0	0	0	0	0	0	0	0	0	0	0	0	0	0	0	0	0	0	0	0	0	0	0	0	0	0	0	0	0	0	0	0	0	0	0	0	0	770	6504	0	0	0	0	526	798	1564	5770	0	0	0	0	0	0	0	0	0	0	0	0	0	0	0	0	0	0	0	0	0	0	0	0	0	0	0	0	0	0	0	0	0	0	5404	10768	1236	1136	348	226	1872	5454	9254	15292	1194	260	2688	360	1212	2662	0	0	202	108	8590	0	5734	1468	2658	2096	
109600	Vermis_7	0	0	0	0	0	0	0	0	0	0	0	0	0	0	0	0	0	0	0	0	0	0	0	0	0	0	0	0	0	0	0	0	0	0	0	0	0	0	0	0	0	0	0	0	0	0	0	394	0	0	0	0	124	0	294	478	0	0	0	0	0	0	0	0	0	0	0	0	0	0	0	0	0	0	0	0	0	0	0	0	0	0	0	0	0	0	0	0	0	0	4216	6148	3738	5346	0	0	0	344	3034	5420	3544	2308	4522	3290	0	624	0	0	0	0	524	5734	0	3738	980	0	
60552	Vermis_8	0	0	0	0	0	0	0	0	0	0	0	0	0	0	0	0	0	0	0	0	0	0	0	0	0	0	0	0	0	0	0	0	0	0	0	0	0	0	0	0	0	0	0	0	0	0	0	0	0	0	0	0	0	0	0	120	0	0	0	0	0	0	0	0	0	0	0	0	0	0	0	0	0	0	0	0	0	0	0	0	0	0	0	0	0	0	0	0	0	0	502	1634	1446	1960	0	122	204	190	616	1828	2312	872	3766	3356	886	1680	0	0	0	0	178	1468	3738	0	2984	414	
