data	data	573204	205776	938776	980464	153660	92772	533916	282764	120720	48256	204636	223688	309424	198328	287488	124208	192544	163348	832144	840008	121344	119496	319952	251292	51660	107608	64412	103264	711348	444016	294032	433664	158856	575652	104764	115196	215864	276240	83764	186792	21920	44592	172868	369192	171440	267104	251352	315272	182592	265876	397736	236864	165288	163356	319860	424592	264468	139616	113224	53480	171224	90272	119128	102960	168756	111540	250456	302440	231400	66584	277480	444416	364400	377316	50380	26188	81228	149088	102784	26880	212492	105532	131816	79848	231500	193080	17256	12996	206848	159696	467092	318644	340500	291952	28148	36120	236748	174332	419968	376396	237628	136920	268868	237596	104532	130736	25596	12168	12904	33140	138364	214480	270520	108700	95904	18428	
data	data	Precentral_L	Precentral_R	Frontal_Sup_L	Frontal_Sup_R	Frontal_Sup_Orb_L	Frontal_Sup_Orb_R	Frontal_Mid_L	Frontal_Mid_R	Frontal_Mid_Orb_L	Frontal_Mid_Orb_R	Frontal_Inf_Oper_L	Frontal_Inf_Oper_R	Frontal_Inf_Tri_L	Frontal_Inf_Tri_R	Frontal_Inf_Orb_L	Frontal_Inf_Orb_R	Rolandic_Oper_L	Rolandic_Oper_R	Supp_Motor_Area_L	Supp_Motor_Area_R	Olfactory_L	Olfactory_R	Frontal_Sup_Medial_L	Frontal_Sup_Medial_R	Frontal_Med_Orb_L	Frontal_Med_Orb_R	Rectus_L	Rectus_R	Insula_L	Insula_R	Cingulum_Ant_L	Cingulum_Ant_R	Cingulum_Mid_L	Cingulum_Mid_R	Cingulum_Post_L	Cingulum_Post_R	Hippocampus_L	Hippocampus_R	ParaHippocampal_L	ParaHippocampal_R	Amygdala_L	Amygdala_R	Calcarine_L	Calcarine_R	Cuneus_L	Cuneus_R	Lingual_L	Lingual_R	Occipital_Sup_L	Occipital_Sup_R	Occipital_Mid_L	Occipital_Mid_R	Occipital_Inf_L	Occipital_Inf_R	Fusiform_L	Fusiform_R	Postcentral_L	Postcentral_R	Parietal_Sup_L	Parietal_Sup_R	Parietal_Inf_L	Parietal_Inf_R	SupraMarginal_L	SupraMarginal_R	Angular_L	Angular_R	Precuneus_L	Precuneus_R	Paracentral_Lobule_L	Paracentral_Lobule_R	Caudate_L	Caudate_R	Putamen_L	Putamen_R	Pallidum_L	Pallidum_R	Thalamus_L	Thalamus_R	Heschl_L	Heschl_R	Temporal_Sup_L	Temporal_Sup_R	Temporal_Pole_Sup_L	Temporal_Pole_Sup_R	Temporal_Mid_L	Temporal_Mid_R	Temporal_Pole_Mid_L	Temporal_Pole_Mid_R	Temporal_Inf_L	Temporal_Inf_R	Cerebelum_Crus1_L	Cerebelum_Crus1_R	Cerebelum_Crus2_L	Cerebelum_Crus2_R	Cerebelum_3_L	Cerebelum_3_R	Cerebelum_4_5_L	Cerebelum_4_5_R	Cerebelum_6_L	Cerebelum_6_R	Cerebelum_7b_L	Cerebelum_7b_R	Cerebelum_8_L	Cerebelum_8_R	Cerebelum_9_L	Cerebelum_9_R	Cerebelum_10_L	Cerebelum_10_R	Vermis_1_2	Vermis_3	Vermis_4_5	Vermis_6	Vermis_7	Vermis_8	Vermis_9	Vermis_10	
573204	Precentral_L	0	1658	29758	8548	402	0	16564	1432	342	0	10912	194	2070	160	2328	0	10878	196	33528	13218	0	0	110	0	0	0	0	0	25418	334	710	448	906	7750	2568	442	10856	534	308	0	0	0	240	0	850	0	0	100	664	0	958	0	466	0	1028	0	26134	0	124	0	1320	0	1616	0	658	0	3470	0	18710	112	4014	2002	15450	274	3474	0	2882	1556	8096	0	5274	0	1964	102	1170	0	0	0	1322	0	0	0	0	0	0	0	0	0	0	0	0	0	0	0	0	0	0	0	0	0	0	0	0	0	0	0	
205776	Precentral_R	1658	0	2142	9978	0	0	604	15506	0	0	0	5852	0	230	0	110	0	4070	1750	1306	0	0	0	0	0	0	0	0	0	6720	0	0	0	422	136	586	0	4858	0	878	0	0	0	0	0	0	0	88	0	0	0	0	0	0	0	982	0	19144	0	0	0	1110	0	3000	0	328	0	396	710	1470	800	4066	514	3436	352	96	590	6208	0	0	0	572	0	1452	0	498	0	0	0	270	0	0	0	0	0	0	0	0	0	0	0	0	0	0	0	0	0	0	0	0	0	0	0	0	0	0	
938776	Frontal_Sup_L	29758	2142	0	12422	7394	0	79922	1988	4878	0	4248	270	22342	274	15368	142	1832	228	76742	18226	0	0	41820	1940	4396	256	116	0	38756	504	19160	5252	8372	12060	232	212	2986	294	0	0	0	0	0	0	0	0	0	0	0	0	0	0	0	0	406	0	386	0	0	0	0	0	0	0	0	0	90	0	11242	0	6756	1380	22780	378	4278	0	684	832	532	0	2182	0	1924	116	276	0	0	0	614	0	0	0	0	0	0	0	0	0	0	0	0	0	0	0	0	0	0	0	0	0	0	0	0	0	0	0	
980464	Frontal_Sup_R	8548	9978	12422	0	0	3300	3918	35328	0	2778	116	10234	234	11214	618	5252	0	5174	33234	87624	0	0	12776	35412	0	3896	0	0	1270	18576	4188	38244	3528	38274	120	142	340	5580	0	2082	0	0	0	0	0	0	0	0	0	0	0	0	0	0	0	2036	0	270	0	0	0	94	0	0	0	0	0	0	4586	0	6388	39910	784	21288	238	2460	806	15558	0	0	0	0	0	1414	0	0	0	0	0	0	0	0	0	0	0	0	0	0	0	0	0	0	0	0	0	0	0	0	0	0	0	0	0	0	0	0	
153660	Frontal_Sup_Orb_L	402	0	7394	0	0	132	1842	0	15476	0	214	0	770	0	10790	0	0	0	558	0	3402	1906	2264	134	2254	544	5290	1452	5756	0	3254	908	0	0	0	0	116	0	120	0	454	0	0	0	0	0	0	0	0	0	0	0	0	0	0	0	0	0	0	0	0	0	0	0	0	0	0	0	0	0	2902	334	7510	0	0	0	0	0	0	0	0	0	652	0	0	0	0	0	0	0	0	0	0	0	0	0	0	0	0	0	0	0	0	0	0	0	0	0	0	0	0	0	0	0	0	0	
92772	Frontal_Sup_Orb_R	0	0	0	3300	132	0	0	652	0	3398	0	0	0	362	0	2622	0	0	92	258	262	814	98	4080	264	10834	272	6116	0	938	390	2924	0	0	0	0	0	0	0	0	0	0	0	0	0	0	0	0	0	0	0	0	0	0	0	0	0	0	0	0	0	0	0	0	0	0	0	0	0	0	488	5670	88	2332	0	0	0	0	0	0	0	0	0	0	0	0	0	0	0	0	0	0	0	0	0	0	0	0	0	0	0	0	0	0	0	0	0	0	0	0	0	0	0	0	0	0	
533916	Frontal_Mid_L	16564	604	79922	3918	1842	0	0	340	3214	0	12640	240	38770	290	6836	0	904	0	24576	7862	0	0	15458	0	604	0	0	0	18036	0	6036	1010	3872	7676	126	120	1872	152	0	0	0	0	0	0	0	0	0	0	0	0	0	0	0	0	122	0	422	0	0	0	0	0	92	0	0	0	232	0	420	0	1580	338	5026	0	1002	0	2682	380	306	0	368	0	144	0	142	0	0	0	218	0	0	0	0	0	0	0	0	0	0	0	0	0	0	0	0	0	0	0	0	0	0	0	0	0	0	0	
282764	Frontal_Mid_R	1432	15506	1988	35328	0	652	340	0	0	894	472	8412	560	14324	156	1680	0	4218	3824	6824	0	0	746	3108	0	162	0	0	224	7482	176	5672	398	5218	0	0	0	2070	0	1228	0	0	0	0	0	0	0	0	0	0	0	0	0	0	0	1292	0	590	0	0	0	0	0	0	0	0	0	0	446	0	2052	3842	602	6296	362	0	142	928	0	0	0	0	0	1736	0	0	0	0	0	0	0	0	0	0	0	0	0	0	0	0	0	0	0	0	0	0	0	0	0	0	0	0	0	0	0	0	
120720	Frontal_Mid_Orb_L	342	0	4878	0	15476	0	3214	0	0	0	314	0	1480	0	16216	0	0	0	438	0	172	110	380	0	568	90	2228	102	6340	0	864	92	0	0	0	0	0	0	0	0	0	0	0	0	0	0	0	0	0	0	0	0	0	0	0	0	0	0	0	0	0	0	0	0	0	0	0	0	0	0	484	0	6320	0	0	0	0	0	0	0	0	0	252	0	0	0	0	0	0	0	0	0	0	0	0	0	0	0	0	0	0	0	0	0	0	0	0	0	0	0	0	0	0	0	0	0	
48256	Frontal_Mid_Orb_R	0	0	0	2778	0	3398	0	894	0	0	0	0	0	224	0	7268	0	0	710	2534	0	0	0	0	0	210	0	284	0	546	0	174	0	366	0	0	0	0	0	0	0	0	0	0	0	0	0	0	0	0	0	0	0	0	0	0	0	0	0	0	0	0	0	0	0	0	0	0	0	0	124	3618	0	1000	0	0	0	0	0	0	0	0	0	0	0	0	0	0	0	0	0	0	0	0	0	0	0	0	0	0	0	0	0	0	0	0	0	0	0	0	0	0	0	0	0	0	
204636	Frontal_Inf_Oper_L	10912	0	4248	116	214	0	12640	472	314	0	0	726	17102	852	1726	0	8536	0	3192	712	0	0	298	0	0	0	0	0	18970	0	422	330	416	722	0	0	712	0	0	0	0	0	0	0	0	0	0	0	0	0	0	0	0	0	0	0	4244	0	0	0	0	0	0	0	0	0	0	0	162	0	1944	114	1556	0	0	0	136	130	1440	0	2782	0	6086	0	92	0	0	0	0	0	0	0	0	0	0	0	0	0	0	0	0	0	0	0	0	0	0	0	0	0	0	0	0	0	0	0	
223688	Frontal_Inf_Oper_R	194	5852	270	10234	0	0	240	8412	0	0	726	0	744	11022	0	206	0	9810	820	9140	0	0	0	0	0	0	0	0	196	21022	0	288	0	788	0	0	0	1048	0	870	0	0	0	0	0	0	0	0	0	0	0	0	0	0	0	924	0	2004	0	0	0	0	0	0	0	0	0	0	0	0	1044	9896	0	10068	0	0	0	506	0	286	0	366	0	4868	0	0	0	0	0	0	0	0	0	0	0	0	0	0	0	0	0	0	0	0	0	0	0	0	0	0	0	0	0	0	0	0	
309424	Frontal_Inf_Tri_L	2070	0	22342	234	770	0	38770	560	1480	0	17102	744	0	872	18508	0	608	0	5998	590	0	0	1348	104	422	0	0	0	29900	0	2884	844	734	586	0	0	108	0	0	0	0	0	0	0	0	0	0	0	0	0	0	0	0	0	0	0	0	0	0	0	0	0	0	0	0	0	0	0	92	0	2666	0	3020	0	0	0	0	0	0	0	144	0	1212	0	0	0	0	0	0	0	0	0	0	0	0	0	0	0	0	0	0	0	0	0	0	0	0	0	0	0	0	0	0	0	0	0	
198328	Frontal_Inf_Tri_R	160	230	274	11214	0	362	290	14324	0	224	852	11022	872	0	144	5776	0	180	1674	7122	0	0	214	920	0	336	0	0	210	16394	376	2322	0	1960	0	0	0	472	0	360	0	0	0	0	0	0	0	0	0	0	0	0	0	0	0	442	0	0	0	0	0	0	0	0	0	0	0	0	0	0	2502	10798	0	6486	0	0	0	652	0	0	0	0	0	0	0	0	0	0	0	0	0	0	0	0	0	0	0	0	0	0	0	0	0	0	0	0	0	0	0	0	0	0	0	0	0	0	
287488	Frontal_Inf_Orb_L	2328	0	15368	618	10790	0	6836	156	16216	0	1726	0	18508	144	0	0	0	0	6202	1326	3496	1154	692	0	396	0	1892	750	30500	0	1538	646	130	1264	0	0	286	0	896	0	276	0	0	0	0	0	0	0	0	0	0	0	0	0	114	0	96	0	0	0	0	0	0	0	0	0	0	0	238	0	4412	304	11032	0	0	0	0	0	116	0	308	0	2772	0	0	0	0	0	218	0	0	0	0	0	0	0	0	0	0	0	0	0	0	0	0	0	0	0	0	0	0	0	0	0	0	0	
124208	Frontal_Inf_Orb_R	0	110	142	5252	0	2622	0	1680	0	7268	0	206	0	5776	0	0	0	0	1124	3862	300	2870	228	908	0	420	0	1772	0	10738	520	1498	0	786	0	0	0	0	0	270	0	358	0	0	0	0	0	0	0	0	0	0	0	0	0	0	0	0	0	0	0	0	0	0	0	0	0	0	0	0	570	7052	0	4882	0	0	0	0	0	0	0	0	0	890	0	0	0	0	0	0	0	0	0	0	0	0	0	0	0	0	0	0	0	0	0	0	0	0	0	0	0	0	0	0	0	0	
192544	Rolandic_Oper_L	10878	0	1832	0	0	0	904	0	0	0	8536	0	608	0	0	0	0	0	1328	0	0	0	0	0	0	0	0	0	18538	0	0	0	92	0	102	96	2258	96	0	0	0	0	134	0	272	0	142	0	1620	0	3260	0	1132	0	688	0	11344	0	622	0	860	0	2824	0	730	0	1078	0	286	0	0	0	942	0	0	0	286	138	5554	0	11156	0	4450	0	1772	0	0	0	1714	0	0	0	0	0	0	0	0	0	0	0	0	0	0	0	0	0	0	0	0	0	0	0	0	0	0	0	
163348	Rolandic_Oper_R	196	4070	228	5174	0	0	0	4218	0	0	0	9810	0	180	0	0	0	0	288	4210	0	0	0	0	0	0	0	0	0	22010	0	0	96	176	0	338	0	760	0	286	0	0	0	110	0	0	0	0	0	0	0	0	0	0	0	324	0	2958	0	590	0	898	0	4206	0	548	0	532	0	0	0	2968	0	4562	0	188	0	396	0	1850	0	3750	0	5080	0	470	0	0	0	204	0	0	0	0	0	0	0	0	0	0	0	0	0	0	0	0	0	0	0	0	0	0	0	0	0	0	
832144	Supp_Motor_Area_L	33528	1750	76742	33234	558	92	24576	3824	438	710	3192	820	5998	1674	6202	1124	1328	288	0	59058	0	0	6536	1660	188	0	0	0	18904	1138	6776	10422	10572	44664	0	88	1050	130	0	0	0	0	0	0	0	0	0	0	0	0	0	0	0	0	126	0	132	0	0	0	0	0	0	0	0	0	94	0	19578	306	9716	4194	12904	1542	2508	0	2964	794	348	0	1404	0	1674	158	118	0	0	0	248	0	0	0	0	0	0	0	0	0	0	0	0	0	0	0	0	0	0	0	0	0	0	0	0	0	0	0	
840008	Supp_Motor_Area_R	13218	1306	18226	87624	0	258	7862	6824	0	2534	712	9140	590	7122	1326	3862	0	4210	59058	0	0	0	538	6910	0	92	0	0	1520	14216	1632	14442	4798	64534	158	2702	440	1814	0	1570	0	0	0	0	0	0	0	0	0	0	0	0	0	0	0	1594	0	774	0	0	0	0	0	0	0	0	0	904	6838	8528	8520	27846	760	18764	174	2450	1122	1352	0	0	0	0	0	1140	0	0	0	0	0	0	0	0	0	0	0	0	0	0	0	0	0	0	0	0	0	0	0	0	0	0	0	0	0	0	0	0	
121344	Olfactory_L	0	0	0	0	3402	262	0	0	172	0	0	0	0	0	3496	300	0	0	0	0	0	8814	0	0	156	1116	4054	5376	3800	0	3168	3924	0	0	0	0	920	0	1186	0	1148	0	0	0	0	0	0	0	0	0	0	0	0	0	318	0	0	0	0	0	0	0	0	0	0	0	0	0	0	0	10420	2134	3624	0	0	0	0	0	0	0	718	0	1746	0	0	0	0	0	418	0	0	0	0	0	0	0	0	0	0	0	0	0	0	0	0	0	0	0	0	0	0	0	0	0	0	0	
119496	Olfactory_R	0	0	0	0	1906	814	0	0	110	0	0	0	0	0	1154	2870	0	0	0	0	8814	0	0	0	0	2024	3360	8308	0	3476	2442	4770	0	0	0	0	0	0	0	482	0	834	0	0	0	0	0	0	0	0	0	0	0	0	0	0	0	0	0	0	0	0	0	0	0	0	0	0	0	0	10052	3620	3568	260	0	0	0	0	0	0	0	0	0	884	0	0	0	0	0	0	0	0	0	0	0	0	0	0	0	0	0	0	0	0	0	0	0	0	0	0	0	0	0	0	0	0	
319952	Frontal_Sup_Medial_L	110	0	41820	12776	2264	98	15458	746	380	0	298	0	1348	214	692	228	0	0	6536	538	0	0	0	17060	5206	562	120	0	3506	236	22450	13272	6280	6874	0	0	0	0	0	0	0	0	0	0	0	0	0	0	0	0	0	0	0	0	0	0	0	0	0	0	0	0	0	0	0	0	0	0	0	0	142	150	522	90	0	0	0	0	0	0	0	0	0	0	0	0	0	0	0	0	0	0	0	0	0	0	0	0	0	0	0	0	0	0	0	0	0	0	0	0	0	0	0	0	0	0	
251292	Frontal_Sup_Medial_R	0	0	1940	35412	134	4080	0	3108	0	0	0	0	104	920	0	908	0	0	1660	6910	0	0	17060	0	100	6188	0	592	442	1360	5444	23904	354	11138	0	0	0	0	0	0	0	0	0	0	0	0	0	0	0	0	0	0	0	0	0	0	0	0	0	0	0	0	0	0	0	0	0	0	0	0	352	2874	160	502	0	0	0	0	0	0	0	0	0	0	0	0	0	0	0	0	0	0	0	0	0	0	0	0	0	0	0	0	0	0	0	0	0	0	0	0	0	0	0	0	0	0	
51660	Frontal_Med_Orb_L	0	0	4396	0	2254	264	604	0	568	0	0	0	422	0	396	0	0	0	188	0	156	0	5206	100	0	1226	802	152	524	0	7230	492	0	0	0	0	0	0	0	0	0	0	0	0	0	0	0	0	0	0	0	0	0	0	0	0	0	0	0	0	0	0	0	0	0	0	0	0	0	0	178	0	672	0	0	0	0	0	0	0	0	0	0	0	0	0	0	0	0	0	0	0	0	0	0	0	0	0	0	0	0	0	0	0	0	0	0	0	0	0	0	0	0	0	0	0	
107608	Frontal_Med_Orb_R	0	0	256	3896	544	10834	0	162	90	210	0	0	0	336	0	420	0	0	0	92	1116	2024	562	6188	1226	0	884	6968	0	454	1512	7424	0	0	0	0	0	0	0	0	0	0	0	0	0	0	0	0	0	0	0	0	0	0	0	0	0	0	0	0	0	0	0	0	0	0	0	0	0	0	1402	5278	452	1474	0	0	0	0	0	0	0	0	0	0	0	0	0	0	0	0	0	0	0	0	0	0	0	0	0	0	0	0	0	0	0	0	0	0	0	0	0	0	0	0	0	0	
64412	Rectus_L	0	0	116	0	5290	272	0	0	2228	0	0	0	0	0	1892	0	0	0	0	0	4054	3360	120	0	802	884	0	2792	134	0	2656	1754	0	0	0	0	0	0	0	0	0	0	0	0	0	0	0	0	0	0	0	0	0	0	0	0	0	0	0	0	0	0	0	0	0	0	0	0	0	0	4780	436	636	0	0	0	0	0	0	0	0	0	0	0	0	0	0	0	0	0	0	0	0	0	0	0	0	0	0	0	0	0	0	0	0	0	0	0	0	0	0	0	0	0	0	0	
103264	Rectus_R	0	0	0	0	1452	6116	0	0	102	284	0	0	0	0	750	1772	0	0	0	0	5376	8308	0	592	152	6968	2792	0	0	1468	880	4202	0	0	0	0	0	0	0	0	0	0	0	0	0	0	0	0	0	0	0	0	0	0	0	0	0	0	0	0	0	0	0	0	0	0	0	0	0	0	5920	1486	2490	162	0	0	0	0	0	0	0	0	0	360	0	0	0	0	0	0	0	0	0	0	0	0	0	0	0	0	0	0	0	0	0	0	0	0	0	0	0	0	0	0	0	0	
711348	Insula_L	25418	0	38756	1270	5756	0	18036	224	6340	0	18970	196	29900	210	30500	0	18538	0	18904	1520	3800	0	3506	442	524	0	134	0	0	0	5702	1536	1076	1128	596	598	13286	586	1888	0	2350	0	152	0	200	0	0	0	608	0	1516	0	598	0	4028	0	8870	0	214	0	632	0	968	0	416	0	1172	0	2806	0	2694	372	24046	0	280	0	1310	740	12554	0	14330	0	15944	0	3002	0	146	0	6386	0	0	0	0	0	0	0	0	0	0	0	0	0	0	0	0	0	0	0	0	0	0	0	0	0	0	0	
444016	Insula_R	334	6720	504	18576	0	938	0	7482	0	546	0	21022	0	16394	0	10738	0	22010	1138	14216	0	3476	236	1360	0	454	0	1468	0	0	444	2364	122	996	0	272	0	8668	0	3480	0	2980	0	214	0	0	0	238	0	0	0	120	0	98	0	5398	0	3016	0	278	0	442	0	444	0	0	0	740	100	0	530	15616	0	29032	0	114	0	1014	0	2292	0	3740	0	6570	0	2082	0	0	0	2886	0	0	0	0	0	0	0	0	0	106	0	0	0	0	0	0	0	0	0	0	0	0	0	0	0	0	
294032	Cingulum_Ant_L	710	0	19160	4188	3254	390	6036	176	864	0	422	0	2884	376	1538	520	0	0	6776	1632	3168	2442	22450	5444	7230	1512	2656	880	5702	444	0	19266	10006	3690	0	0	0	0	0	0	0	0	0	0	0	0	0	0	0	0	0	0	0	0	0	0	0	0	0	0	0	0	0	0	0	0	0	0	0	0	6106	1534	5340	220	0	0	0	0	0	0	0	0	0	0	0	0	0	0	0	0	0	0	0	0	0	0	0	0	0	0	0	0	0	0	0	0	0	0	0	0	0	0	0	0	0	0	
433664	Cingulum_Ant_R	448	0	5252	38244	908	2924	1010	5672	92	174	330	288	844	2322	646	1498	0	0	10422	14442	3924	4770	13272	23904	492	7424	1754	4202	1536	2364	19266	0	3674	28424	0	0	0	0	0	0	0	0	0	0	0	0	0	0	0	0	0	0	0	0	0	0	0	0	0	0	0	0	0	0	0	0	0	0	0	0	5888	6732	2094	1596	0	0	0	0	0	0	0	0	0	0	0	0	0	0	0	0	0	0	0	0	0	0	0	0	0	0	0	0	0	0	0	0	0	0	0	0	0	0	0	0	0	0	
158856	Cingulum_Mid_L	906	0	8372	3528	0	0	3872	398	0	0	416	0	734	0	130	0	92	96	10572	4798	0	0	6280	354	0	0	0	0	1076	122	10006	3674	0	10330	2606	700	0	0	0	0	0	0	0	0	0	0	0	0	0	0	0	0	0	0	0	0	958	0	0	0	0	0	0	0	0	0	1948	438	6024	464	252	142	140	0	0	0	0	0	0	0	0	0	0	0	0	0	0	0	0	0	0	0	0	0	0	0	0	0	0	0	0	0	0	0	0	0	0	0	0	0	0	0	0	0	0	0	
575652	Cingulum_Mid_R	7750	422	12060	38274	0	0	7676	5218	0	366	722	788	586	1960	1264	786	0	176	44664	64534	0	0	6874	11138	0	0	0	0	1128	996	3690	28424	10330	0	210	5960	108	110	0	0	0	0	0	928	0	912	0	0	0	838	0	700	0	0	0	0	0	500	94	0	0	0	0	0	0	0	338	7590	1718	7982	4890	2226	254	1102	0	0	0	0	0	132	0	404	0	0	0	640	0	0	0	364	0	0	0	0	0	0	0	0	0	0	0	0	0	0	0	0	0	0	0	0	0	0	0	0	0	0	
104764	Cingulum_Post_L	2568	136	232	120	0	0	126	0	0	0	0	0	0	0	0	0	102	0	0	158	0	0	0	0	0	0	0	0	596	0	0	0	2606	210	0	6508	5240	3218	2778	1216	0	0	2220	0	442	118	1650	370	0	0	0	0	0	0	222	0	2986	186	0	0	0	0	0	0	0	0	6470	1640	5530	0	114	0	516	0	0	0	1220	2698	0	0	0	0	0	0	0	0	0	0	0	0	0	0	0	0	0	0	0	186	0	0	0	0	0	0	0	0	0	0	0	0	0	0	0	0	0	0	
115196	Cingulum_Post_R	442	586	212	142	0	0	120	0	0	0	0	0	0	0	0	0	96	338	88	2702	0	0	0	0	0	0	0	0	598	272	0	0	700	5960	6508	0	3748	4790	1358	1758	0	0	204	1324	0	504	420	2330	0	0	0	0	0	404	96	316	0	1044	0	0	0	0	0	136	0	0	1178	9118	124	3514	108	0	516	0	0	0	1382	3080	0	0	0	96	0	0	0	148	0	0	0	134	0	0	0	0	0	0	0	410	0	0	0	0	0	0	0	0	0	0	0	0	594	0	0	0	0	0	
215864	Hippocampus_L	10856	0	2986	340	116	0	1872	0	0	0	712	0	108	0	286	0	2258	0	1050	440	920	0	0	0	0	0	0	0	13286	0	0	0	0	108	5240	3748	0	3156	8504	1258	2860	0	1218	0	0	0	2166	1016	0	0	182	0	430	0	9044	0	1438	0	0	0	104	0	0	0	0	0	2272	350	1020	0	822	0	7326	0	138	0	3738	2852	2900	0	2170	0	1468	0	656	0	102	0	6230	0	0	0	0	0	0	0	0	186	0	0	0	0	0	0	0	0	0	0	0	0	0	0	0	0	0	0	
276240	Hippocampus_R	534	4858	294	5580	0	0	152	2070	0	0	0	1048	0	472	0	0	96	760	130	1814	0	0	0	0	0	0	0	0	586	8668	0	0	0	110	3218	4790	3156	0	1156	23144	0	6960	0	410	0	0	312	3300	0	0	0	0	0	224	0	26782	0	780	0	0	0	0	0	0	0	0	138	2910	0	0	124	342	552	14904	0	950	1028	5036	0	324	0	1100	0	130	0	556	0	0	0	4190	0	248	0	0	0	0	0	1780	304	1206	0	0	0	0	0	0	0	0	0	0	590	304	0	0	0	0	
83764	ParaHippocampal_L	308	0	0	0	120	0	0	0	0	0	0	0	0	0	896	0	0	0	0	0	1186	0	0	0	0	0	0	0	1888	0	0	0	0	0	2778	1358	8504	1156	0	846	808	0	1042	0	0	0	3896	818	0	0	502	0	1170	0	5490	0	0	0	0	0	0	0	0	0	0	0	1924	218	0	0	0	0	834	0	0	0	184	704	0	0	616	0	1164	0	90	0	250	0	1028	0	412	0	0	0	0	0	810	124	668	0	0	0	0	0	0	0	0	0	0	90	0	0	0	0	0	0	
186792	ParaHippocampal_R	0	878	0	2082	0	0	0	1228	0	0	0	870	0	360	0	270	0	286	0	1570	0	482	0	0	0	0	0	0	0	3480	0	0	0	0	1216	1758	1258	23144	846	0	0	4640	0	376	0	0	246	3564	0	0	0	0	0	0	0	20564	0	308	0	0	0	0	0	0	0	0	0	2468	0	0	0	208	0	10450	0	948	0	1762	0	0	0	188	0	590	0	164	0	0	0	1000	0	578	0	0	0	0	0	2750	248	1950	0	0	0	0	0	0	0	0	0	0	384	282	0	0	0	0	
21920	Amygdala_L	0	0	0	0	454	0	0	0	0	0	0	0	0	0	276	0	0	0	0	0	1148	0	0	0	0	0	0	0	2350	0	0	0	0	0	0	0	2860	0	808	0	0	0	0	0	0	0	0	0	0	0	0	0	0	0	1046	0	0	0	0	0	0	0	0	0	0	0	0	0	0	0	0	0	152	0	0	0	0	0	0	0	810	0	524	0	0	0	180	0	352	0	0	0	0	0	0	0	0	0	0	0	0	0	0	0	0	0	0	0	0	0	0	0	0	0	0	0	
44592	Amygdala_R	0	0	0	0	0	0	0	0	0	0	0	0	0	0	0	358	0	0	0	0	0	834	0	0	0	0	0	0	0	2980	0	0	0	0	0	0	0	6960	0	4640	0	0	0	0	0	0	0	0	0	0	0	0	0	0	0	4252	0	0	0	0	0	0	0	0	0	0	0	0	0	0	0	0	0	1058	0	0	0	0	0	0	0	0	0	1214	0	0	0	0	0	0	0	0	0	0	0	0	0	0	0	0	0	0	0	0	0	0	0	0	0	0	0	0	0	0	0	0	
172868	Calcarine_L	240	0	0	0	0	0	0	0	0	0	0	0	0	0	0	0	134	0	0	0	0	0	0	0	0	0	0	0	152	0	0	0	0	0	2220	204	1218	0	1042	0	0	0	0	6760	11828	3118	14644	2400	8794	1104	13488	0	3916	0	2572	200	752	0	390	0	0	0	0	0	0	0	9030	806	138	0	0	0	0	0	0	0	0	0	0	0	118	0	0	0	866	0	0	0	202	0	0	0	0	0	0	0	0	0	98	0	0	0	0	0	0	0	0	0	0	0	0	0	0	0	0	0	
369192	Calcarine_R	0	0	0	0	0	0	0	0	0	0	0	0	0	0	0	0	0	110	0	0	0	0	0	0	0	0	0	0	0	214	0	0	0	928	0	1324	0	410	0	376	0	0	6760	0	6986	34568	2908	26944	1014	27176	166	15636	0	16282	0	8470	0	306	0	180	0	0	0	240	0	594	516	19416	0	630	0	0	0	0	0	0	0	0	0	104	0	328	0	0	0	5756	0	0	0	5346	0	0	0	0	0	0	0	0	146	422	0	0	0	0	0	0	0	0	0	0	190	150	0	0	0	0	
171440	Cuneus_L	850	0	0	0	0	0	0	0	0	0	0	0	0	0	0	0	272	0	0	0	0	0	0	0	0	0	0	0	200	0	0	0	0	0	442	0	0	0	0	0	0	0	11828	6986	0	10658	1304	348	21232	2152	10226	420	770	200	302	0	1604	0	1870	0	0	0	0	0	0	0	9106	1952	518	0	0	0	0	0	0	0	0	0	0	0	144	0	0	0	2088	0	0	0	248	0	0	0	0	0	0	0	0	0	0	0	0	0	0	0	0	0	0	0	0	0	0	0	0	0	0	0	
267104	Cuneus_R	0	0	0	0	0	0	0	0	0	0	0	0	0	0	0	0	0	0	0	0	0	0	0	0	0	0	0	0	0	0	0	0	0	912	118	504	0	0	0	0	0	0	3118	34568	10658	0	248	4590	1304	32858	154	13894	0	2638	0	1272	0	292	0	1340	0	0	0	0	0	258	4416	18370	0	546	0	0	0	0	0	0	0	0	0	0	0	116	0	0	0	922	0	0	0	456	0	0	0	0	0	0	0	0	0	0	0	0	0	0	0	0	0	0	0	0	0	0	0	0	0	0	
251352	Lingual_L	0	0	0	0	0	0	0	0	0	0	0	0	0	0	0	0	142	0	0	0	0	0	0	0	0	0	0	0	0	0	0	0	0	0	1650	420	2166	312	3896	246	0	0	14644	2908	1304	248	0	4032	2014	180	16200	0	8014	146	16472	846	180	0	94	0	0	0	0	0	388	0	3452	420	0	0	0	0	0	0	0	0	0	138	0	0	0	0	0	0	920	0	0	0	462	0	8740	908	744	0	310	0	8932	426	14142	2738	340	0	256	0	0	112	0	0	0	152	1274	3586	916	106	100	0	
315272	Lingual_R	100	88	0	0	0	0	0	0	0	0	0	0	0	0	0	0	0	0	0	0	0	0	0	0	0	0	0	0	0	238	0	0	0	0	370	2330	1016	3300	818	3564	0	0	2400	26944	348	4590	4032	0	0	4898	0	1862	94	13548	714	22912	0	144	0	0	0	0	0	0	0	0	0	12440	0	0	0	0	154	0	0	0	0	736	0	110	0	0	0	0	0	2344	0	0	0	3578	3526	2162	642	0	190	212	1122	4756	6838	11466	0	0	130	0	0	0	0	0	0	130	2138	8184	2468	0	0	0	
182592	Occipital_Sup_L	664	0	0	0	0	0	0	0	0	0	0	0	0	0	0	0	1620	0	0	0	0	0	0	0	0	0	0	0	608	0	0	0	0	0	0	0	0	0	0	0	0	0	8794	1014	21232	1304	2014	0	0	198	24532	0	2400	0	1512	0	1612	0	6738	0	1594	0	240	0	600	0	9242	404	308	0	0	0	0	0	0	0	0	0	274	0	1038	0	0	0	2736	0	0	0	618	0	0	0	0	0	0	0	0	0	0	0	0	0	0	0	0	0	0	0	0	0	0	0	0	0	0	0	
265876	Occipital_Sup_R	0	0	0	0	0	0	0	0	0	0	0	0	0	0	0	0	0	0	0	0	0	0	0	0	0	0	0	0	0	0	0	0	0	838	0	0	0	0	0	0	0	0	1104	27176	2152	32858	180	4898	198	0	0	29714	0	3926	0	1388	0	330	0	6344	0	554	0	0	0	2904	1848	12774	0	186	0	0	0	0	0	0	0	0	0	0	0	232	0	0	0	2648	0	0	0	538	0	0	0	0	0	0	0	0	0	148	0	0	0	0	0	0	0	0	0	0	0	0	0	0	0	0	
397736	Occipital_Mid_L	958	0	0	0	0	0	0	0	0	0	0	0	0	0	0	0	3260	0	0	0	0	0	0	0	0	0	0	0	1516	0	0	0	0	0	0	0	182	0	502	0	0	0	13488	166	10226	154	16200	0	24532	0	0	0	24514	0	9666	0	5070	0	11484	0	13306	0	1134	0	22332	0	10300	128	920	0	0	0	160	0	0	0	0	0	924	0	1566	0	0	0	22032	0	0	0	3700	0	100	0	0	0	0	0	0	0	196	0	0	0	0	0	0	0	0	0	0	0	0	152	0	0	0	0	
236864	Occipital_Mid_R	0	0	0	0	0	0	0	0	0	0	0	0	0	0	0	0	0	0	0	0	0	0	0	0	0	0	0	0	0	120	0	0	0	700	0	0	0	0	0	0	0	0	0	15636	420	13894	0	1862	0	29714	0	0	0	9390	0	606	0	0	0	1564	0	4700	0	238	0	16360	436	6480	0	146	0	0	0	0	0	0	0	0	0	0	0	634	0	0	0	12042	0	0	0	3308	0	0	0	0	0	0	0	0	0	182	0	0	0	0	0	0	0	0	0	0	0	0	0	0	0	0	
165288	Occipital_Inf_L	466	0	0	0	0	0	0	0	0	0	0	0	0	0	0	0	1132	0	0	0	0	0	0	0	0	0	0	0	598	0	0	0	0	0	0	0	430	0	1170	0	0	0	3916	0	770	0	8014	94	2400	0	24514	0	0	0	14460	0	1250	0	458	0	446	0	608	0	3078	0	3154	0	370	0	0	0	0	0	0	0	0	0	522	0	406	0	0	0	7176	0	0	0	5350	0	696	0	118	0	0	0	0	0	850	102	0	0	0	0	0	0	0	0	0	0	0	96	0	0	0	0	
163356	Occipital_Inf_R	0	0	0	0	0	0	0	0	0	0	0	0	0	0	0	0	0	0	0	0	0	0	0	0	0	0	0	0	0	98	0	0	0	0	0	404	0	224	0	0	0	0	0	16282	200	2638	146	13548	0	3926	0	9390	0	0	0	9976	0	0	0	0	0	0	0	0	0	0	0	3902	0	0	0	0	0	0	0	0	0	0	0	0	0	0	0	0	0	4988	0	0	0	9284	376	506	0	0	0	0	0	88	1320	2144	0	0	0	0	0	0	0	0	0	0	134	1628	476	0	0	0	
319860	Fusiform_L	1028	0	406	0	0	0	122	0	0	0	0	0	0	0	114	0	688	0	126	0	318	0	0	0	0	0	0	0	4028	0	0	0	0	0	222	96	9044	0	5490	0	1046	0	2572	0	302	0	16472	714	1512	0	9666	0	14460	0	0	260	832	0	380	0	176	0	188	0	872	0	1794	0	282	0	0	0	1500	0	0	0	160	0	1568	0	1616	0	798	0	2272	0	540	0	13178	0	19734	286	3442	0	350	0	11204	106	24882	954	1132	0	684	0	0	0	0	0	0	0	792	1122	400	0	0	0	
424592	Fusiform_R	0	982	0	2036	0	0	0	1292	0	0	0	924	0	442	0	0	0	324	0	1594	0	0	0	0	0	0	0	0	0	5398	0	0	0	0	0	316	0	26782	0	20564	0	4252	200	8470	0	1272	846	22912	0	1388	0	606	0	9976	260	0	0	438	0	0	0	0	0	0	0	0	0	4344	0	0	0	198	0	11366	0	834	0	276	0	114	0	1822	0	3686	0	2264	0	1536	0	11612	1968	10266	480	684	0	530	612	10360	4958	22892	0	0	0	472	0	0	0	0	0	0	1388	6322	2038	0	0	0	
264468	Postcentral_L	26134	0	386	0	0	0	422	0	0	0	4244	0	0	0	96	0	11344	0	132	0	0	0	0	0	0	0	0	0	8870	0	0	0	958	0	2986	0	1438	0	0	0	0	0	752	0	1604	0	180	0	1612	0	5070	0	1250	0	832	0	0	0	6718	0	18550	0	8674	0	1594	0	7188	0	7202	0	166	102	926	0	444	0	98	0	3842	0	6050	0	344	0	1142	0	0	0	884	0	0	0	0	0	0	0	0	0	0	0	0	0	0	0	0	0	0	0	0	0	0	0	0	0	0	0	
139616	Postcentral_R	0	19144	0	270	0	0	0	590	0	0	0	2004	0	0	0	0	0	2958	0	774	0	0	0	0	0	0	0	0	0	3016	0	0	0	500	186	1044	0	780	0	308	0	0	0	306	0	292	0	144	0	330	0	0	0	0	0	438	0	0	0	3618	0	7250	0	12436	0	876	158	4528	0	4114	0	0	0	1264	0	0	0	0	0	112	0	1290	0	0	0	844	0	0	0	234	0	0	0	0	0	0	0	0	0	0	0	0	0	0	0	0	0	0	0	0	0	0	0	0	0	0	
113224	Parietal_Sup_L	124	0	0	0	0	0	0	0	0	0	0	0	0	0	0	0	622	0	0	0	0	0	0	0	0	0	0	0	214	0	0	0	0	94	0	0	0	0	0	0	0	0	390	0	1870	0	94	0	6738	0	11484	0	458	0	380	0	6718	0	0	0	12758	0	184	0	1808	0	11080	218	184	0	0	0	136	0	0	0	0	0	0	0	424	0	0	0	354	0	0	0	280	0	0	0	0	0	0	0	0	0	0	0	0	0	0	0	0	0	0	0	0	0	0	0	0	0	0	0	
53480	Parietal_Sup_R	0	0	0	0	0	0	0	0	0	0	0	0	0	0	0	0	0	590	0	0	0	0	0	0	0	0	0	0	0	278	0	0	0	0	0	0	0	0	0	0	0	0	0	180	0	1340	0	0	0	6344	0	1564	0	0	0	0	0	3618	0	0	0	3416	0	464	0	2218	872	5742	0	0	0	0	0	0	0	0	0	0	0	0	0	114	0	0	0	0	0	0	0	0	0	0	0	0	0	0	0	0	0	0	0	0	0	0	0	0	0	0	0	0	0	0	0	0	0	0	
171224	Parietal_Inf_L	1320	0	0	0	0	0	0	0	0	0	0	0	0	0	0	0	860	0	0	0	0	0	0	0	0	0	0	0	632	0	0	0	0	0	0	0	104	0	0	0	0	0	0	0	0	0	0	0	1594	0	13306	0	446	0	176	0	18550	0	12758	0	0	0	11458	0	17660	0	3494	0	500	0	0	0	132	0	0	0	0	0	170	0	1438	0	0	0	486	0	0	0	528	0	0	0	0	0	0	0	0	0	0	0	0	0	0	0	0	0	0	0	0	0	0	0	0	0	0	0	
90272	Parietal_Inf_R	0	1110	0	94	0	0	0	0	0	0	0	0	0	0	0	0	0	898	0	0	0	0	0	0	0	0	0	0	0	442	0	0	0	0	0	0	0	0	0	0	0	0	0	0	0	0	0	0	0	554	0	4700	0	0	0	0	0	7250	0	3416	0	0	0	12192	0	13140	0	170	0	0	0	0	0	0	0	0	0	0	0	0	0	654	0	0	0	516	0	0	0	0	0	0	0	0	0	0	0	0	0	0	0	0	0	0	0	0	0	0	0	0	0	0	0	0	0	0	
119128	SupraMarginal_L	1616	0	0	0	0	0	92	0	0	0	0	0	0	0	0	0	2824	0	0	0	0	0	0	0	0	0	0	0	968	0	0	0	0	0	0	0	0	0	0	0	0	0	0	0	0	0	0	0	240	0	1134	0	608	0	188	0	8674	0	184	0	11458	0	0	0	11888	0	2492	0	186	0	0	0	128	0	0	0	0	0	296	0	9424	0	0	0	4162	0	0	0	3002	0	0	0	0	0	0	0	0	0	0	0	0	0	0	0	0	0	0	0	0	0	0	0	0	0	0	0	
102960	SupraMarginal_R	0	3000	0	0	0	0	0	0	0	0	0	0	0	0	0	0	0	4206	0	0	0	0	0	0	0	0	0	0	0	444	0	0	0	0	0	136	0	0	0	0	0	0	0	240	0	0	0	0	0	0	0	238	0	0	0	0	0	12436	0	464	0	12192	0	0	0	7116	0	554	0	0	0	0	0	0	0	0	0	0	0	140	0	7180	0	0	0	2922	0	0	0	212	0	0	0	0	0	0	0	0	0	0	0	0	0	0	0	0	0	0	0	0	0	0	0	0	0	0	
168756	Angular_L	658	0	0	0	0	0	0	0	0	0	0	0	0	0	0	0	730	0	0	0	0	0	0	0	0	0	0	0	416	0	0	0	0	0	0	0	0	0	0	0	0	0	0	0	0	0	388	0	600	0	22332	0	3078	0	872	0	1594	0	1808	0	17660	0	11888	0	0	0	3740	0	0	0	0	0	0	0	0	0	0	0	148	0	4006	0	0	0	10330	0	0	0	4130	0	0	0	0	0	0	0	0	0	0	0	0	0	0	0	0	0	0	0	0	0	0	0	0	0	0	0	
111540	Angular_R	0	328	0	0	0	0	0	0	0	0	0	0	0	0	0	0	0	548	0	0	0	0	0	0	0	0	0	0	0	0	0	0	0	0	0	0	0	0	0	0	0	0	0	594	0	258	0	0	0	2904	0	16360	0	0	0	0	0	876	0	2218	0	13140	0	7116	0	0	0	934	0	0	0	0	0	0	0	0	0	0	0	0	0	4450	0	0	0	5926	0	0	0	118	0	0	0	0	0	0	0	0	0	0	0	0	0	0	0	0	0	0	0	0	0	0	0	0	0	0	
250456	Precuneus_L	3470	0	90	0	0	0	232	0	0	0	0	0	0	0	0	0	1078	0	94	0	0	0	0	0	0	0	0	0	1172	0	0	0	1948	338	6470	1178	2272	138	1924	0	0	0	9030	516	9106	4416	3452	0	9242	1848	10300	436	3154	0	1794	0	7188	158	11080	872	3494	0	2492	0	3740	0	0	8030	3008	214	0	0	444	0	0	0	0	0	610	0	1330	0	0	0	5592	0	0	0	3278	0	0	0	0	0	0	0	0	0	0	0	0	0	0	0	0	0	0	0	0	0	0	0	0	0	0	0	
302440	Precuneus_R	0	396	0	0	0	0	0	0	0	0	0	0	0	0	0	0	0	532	0	904	0	0	0	0	0	0	0	0	0	740	0	0	438	7590	1640	9118	350	2910	218	2468	0	0	806	19416	1952	18370	420	12440	404	12774	128	6480	0	3902	0	4344	0	4528	218	5742	0	170	0	554	0	934	8030	0	212	4228	0	0	0	0	0	0	0	454	0	590	0	2156	0	0	0	8164	0	0	0	4560	0	0	0	0	0	0	0	996	0	0	0	0	0	0	0	0	0	0	0	0	944	0	0	0	0	0	
231400	Paracentral_Lobule_L	18710	710	11242	4586	0	0	420	446	0	0	162	0	92	0	238	0	286	0	19578	6838	0	0	0	0	0	0	0	0	2806	100	0	0	6024	1718	5530	124	1020	0	0	0	0	0	138	0	518	0	0	0	308	0	920	0	370	0	282	0	7202	0	184	0	500	0	186	0	0	0	3008	212	0	466	2236	1462	5488	0	2698	0	5326	1102	0	0	1196	0	592	0	358	0	0	0	318	0	0	0	0	0	0	0	0	0	0	0	0	0	0	0	0	0	0	0	0	0	0	0	0	0	0	0	
66584	Paracentral_Lobule_R	112	1470	0	0	0	0	0	0	0	0	0	0	0	0	0	0	0	0	306	8528	0	0	0	0	0	0	0	0	0	0	0	0	464	7982	0	3514	0	0	0	0	0	0	0	630	0	546	0	0	0	186	0	146	0	0	0	0	0	4114	0	0	0	0	0	0	0	0	214	4228	466	0	0	156	0	0	0	0	0	136	0	0	0	0	0	0	0	94	0	0	0	0	0	0	0	0	0	0	0	0	0	0	0	0	0	0	0	0	0	0	0	0	0	0	0	0	0	0	
277480	Caudate_L	4014	800	6756	6388	2902	488	1580	2052	484	124	1944	1044	2666	2502	4412	570	0	0	9716	8520	10420	10052	142	352	178	1402	4780	5920	2694	530	6106	5888	252	4890	114	108	822	124	0	0	0	0	0	0	0	0	0	0	0	0	0	0	0	0	0	0	166	0	0	0	0	0	0	0	0	0	0	0	2236	0	0	5166	10156	332	1706	0	6808	434	0	0	0	0	0	0	0	0	0	0	0	0	0	0	0	0	0	0	0	0	0	0	0	0	0	0	0	0	0	0	0	0	0	0	0	0	0	0	
444416	Caudate_R	2002	4066	1380	39910	334	5670	338	3842	0	3618	114	9896	0	10798	304	7052	0	2968	4194	27846	2134	3620	150	2874	0	5278	436	1486	372	15616	1534	6732	142	2226	0	0	0	342	0	208	0	0	0	0	0	0	0	0	0	0	0	0	0	0	0	198	102	0	0	0	0	0	0	0	0	0	0	0	1462	156	5166	0	1156	24736	0	1452	140	18496	0	0	0	0	0	1662	0	0	0	0	0	0	0	0	0	0	0	0	0	0	0	0	0	0	0	0	0	0	0	0	0	0	0	0	0	0	0	0	
364400	Putamen_L	15450	514	22780	784	7510	88	5026	602	6320	0	1556	0	3020	0	11032	0	942	0	12904	760	3624	3568	522	160	672	452	636	2490	24046	0	5340	2094	140	254	516	516	7326	552	834	0	152	0	0	0	0	0	0	154	0	0	160	0	0	0	1500	0	926	0	136	0	132	0	128	0	0	0	444	0	5488	0	10156	1156	0	0	6236	0	2240	530	802	0	1576	0	5050	0	420	0	0	0	1784	0	0	0	0	0	0	0	0	0	0	0	0	0	0	0	0	0	0	0	0	0	0	0	0	0	0	0	
377316	Putamen_R	274	3436	378	21288	0	2332	0	6296	0	1000	0	10068	0	6486	0	4882	0	4562	1542	18764	0	260	90	502	0	1474	0	162	0	29032	220	1596	0	1102	0	0	0	14904	0	10450	0	1058	0	0	0	0	0	0	0	0	0	0	0	0	0	11366	0	1264	0	0	0	0	0	0	0	0	0	0	0	0	332	24736	0	0	0	2810	0	1442	0	0	0	1108	0	1382	0	0	0	0	0	652	0	226	0	0	0	0	0	330	0	852	0	0	0	0	0	0	0	0	0	0	0	0	0	0	0	0	
50380	Pallidum_L	3474	352	4278	238	0	0	1002	362	0	0	0	0	0	0	0	0	0	0	2508	174	0	0	0	0	0	0	0	0	280	0	0	0	0	0	0	0	138	0	0	0	0	0	0	0	0	0	0	0	0	0	0	0	0	0	0	0	444	0	0	0	0	0	0	0	0	0	0	0	2698	0	1706	0	6236	0	0	0	1300	0	0	0	0	0	0	0	0	0	0	0	0	0	0	0	0	0	0	0	0	0	0	0	0	0	0	0	0	0	0	0	0	0	0	0	0	0	0	0	
26188	Pallidum_R	0	96	0	2460	0	0	0	0	0	0	0	0	0	0	0	0	0	188	0	2450	0	0	0	0	0	0	0	0	0	114	0	0	0	0	0	0	0	950	0	948	0	0	0	0	0	0	0	0	0	0	0	0	0	0	0	834	0	0	0	0	0	0	0	0	0	0	0	0	0	0	0	1452	0	2810	0	0	0	0	0	0	0	0	0	0	0	0	0	0	0	0	0	196	0	0	0	0	0	206	0	390	0	0	0	0	0	0	0	0	0	0	0	0	0	0	0	0	
81228	Thalamus_L	2882	590	684	806	0	0	2682	142	0	0	136	0	0	0	0	0	286	0	2964	1122	0	0	0	0	0	0	0	0	1310	0	0	0	0	0	1220	1382	3738	1028	184	0	0	0	0	0	0	0	0	0	0	0	0	0	0	0	160	0	98	0	0	0	0	0	0	0	0	0	0	0	5326	0	6808	140	2240	0	1300	0	0	2896	0	0	112	0	120	0	0	0	0	0	258	0	0	0	0	0	0	0	0	0	0	0	0	0	0	0	0	0	0	0	0	0	0	0	0	0	0	0	
149088	Thalamus_R	1556	6208	832	15558	0	0	380	928	0	0	130	506	0	652	0	0	138	396	794	1352	0	0	0	0	0	0	0	0	740	1014	0	0	0	0	2698	3080	2852	5036	704	1762	0	0	0	0	0	0	138	736	0	0	0	0	0	0	0	276	0	0	0	0	0	0	0	0	0	0	0	454	1102	136	434	18496	530	1442	0	0	2896	0	0	0	0	0	0	0	0	0	0	0	0	0	0	0	0	0	0	0	0	588	0	0	0	0	0	0	0	0	0	0	0	0	0	0	0	0	0	0	
102784	Heschl_L	8096	0	532	0	0	0	306	0	0	0	1440	0	0	0	116	0	5554	0	348	0	0	0	0	0	0	0	0	0	12554	0	0	0	0	0	0	0	2900	0	0	0	0	0	0	0	0	0	0	0	274	0	924	0	522	0	1568	0	3842	0	0	0	170	0	296	0	148	0	610	0	0	0	0	0	802	0	0	0	0	0	0	0	4850	0	238	0	2592	0	0	0	2710	0	0	0	0	0	0	0	0	0	0	0	0	0	0	0	0	0	0	0	0	0	0	0	0	0	0	0	
26880	Heschl_R	0	0	0	0	0	0	0	0	0	0	0	286	0	0	0	0	0	1850	0	0	0	0	0	0	0	0	0	0	0	2292	0	0	0	132	0	0	0	324	0	0	0	0	0	104	0	0	0	110	0	0	0	0	0	0	0	114	0	112	0	0	0	0	0	140	0	0	0	590	0	0	0	0	0	0	0	0	0	0	0	0	0	3474	0	116	0	2900	0	0	0	896	0	0	0	0	0	0	0	0	0	0	0	0	0	0	0	0	0	0	0	0	0	0	0	0	0	0	
212492	Temporal_Sup_L	5274	0	2182	0	0	0	368	0	0	0	2782	0	144	0	308	0	11156	0	1404	0	718	0	0	0	0	0	0	0	14330	0	0	0	0	0	0	0	2170	0	616	0	810	0	118	0	144	0	0	0	1038	0	1566	0	406	0	1616	0	6050	0	424	0	1438	0	9424	0	4006	0	1330	0	1196	0	0	0	1576	0	0	0	112	0	4850	0	0	0	8214	0	11642	0	0	0	8834	0	0	0	0	0	0	0	0	0	0	0	0	0	0	0	0	0	0	0	0	0	0	0	0	0	0	0	
105532	Temporal_Sup_R	0	572	0	0	0	0	0	0	0	0	0	366	0	0	0	0	0	3750	0	0	0	0	0	0	0	0	0	0	0	3740	0	0	0	404	0	96	0	1100	0	188	0	0	0	328	0	116	0	0	0	232	0	634	0	0	0	1822	0	1290	0	114	0	654	0	7180	0	4450	0	2156	0	0	0	0	0	1108	0	0	0	0	0	3474	0	0	0	1838	0	14090	0	170	0	2894	0	0	0	0	0	0	0	0	0	0	0	0	0	0	0	0	0	0	0	0	0	0	0	0	0	0	
131816	Temporal_Pole_Sup_L	1964	0	1924	0	652	0	144	0	252	0	6086	0	1212	0	2772	0	4450	0	1674	0	1746	0	0	0	0	0	0	0	15944	0	0	0	0	0	0	0	1468	0	1164	0	524	0	0	0	0	0	0	0	0	0	0	0	0	0	798	0	344	0	0	0	0	0	0	0	0	0	0	0	592	0	0	0	5050	0	0	0	120	0	238	0	8214	0	0	0	3808	0	2424	0	2344	0	0	0	0	0	0	0	0	0	0	0	0	0	0	0	0	0	0	0	0	0	0	0	0	0	0	0	
79848	Temporal_Pole_Sup_R	102	1452	116	1414	0	0	0	1736	0	0	0	4868	0	0	0	890	0	5080	158	1140	0	884	0	0	0	0	0	360	0	6570	0	0	0	0	0	0	0	130	0	590	0	1214	0	0	0	0	0	0	0	0	0	0	0	0	0	3686	0	0	0	0	0	0	0	0	0	0	0	0	0	0	0	1662	0	1382	0	0	0	0	0	116	0	1838	0	0	0	1068	0	2606	0	862	0	0	0	0	0	0	0	0	0	0	0	0	0	0	0	0	0	0	0	0	0	0	0	0	0	0	
231500	Temporal_Mid_L	1170	0	276	0	0	0	142	0	0	0	92	0	0	0	0	0	1772	0	118	0	0	0	0	0	0	0	0	0	3002	0	0	0	0	0	0	0	656	0	90	0	0	0	866	0	2088	0	920	0	2736	0	22032	0	7176	0	2272	0	1142	0	354	0	486	0	4162	0	10330	0	5592	0	358	0	0	0	420	0	0	0	0	0	2592	0	11642	0	3808	0	0	0	2860	0	26596	0	0	0	0	0	0	0	0	0	0	0	0	0	0	0	0	0	0	0	0	0	0	0	0	0	0	0	
193080	Temporal_Mid_R	0	498	0	0	0	0	0	0	0	0	0	0	0	0	0	0	0	470	0	0	0	0	0	0	0	0	0	0	0	2082	0	0	0	640	0	148	0	556	0	164	0	0	0	5756	0	922	0	2344	0	2648	0	12042	0	4988	0	2264	0	844	0	0	0	516	0	2922	0	5926	0	8164	0	94	0	0	0	0	0	0	0	0	0	2900	0	14090	0	1068	0	0	0	702	0	23792	0	0	0	0	0	0	0	0	0	0	0	0	0	0	0	0	0	0	0	0	0	0	0	0	0	0	
17256	Temporal_Pole_Mid_L	0	0	0	0	0	0	0	0	0	0	0	0	0	0	0	0	0	0	0	0	0	0	0	0	0	0	0	0	146	0	0	0	0	0	0	0	102	0	250	0	180	0	0	0	0	0	0	0	0	0	0	0	0	0	540	0	0	0	0	0	0	0	0	0	0	0	0	0	0	0	0	0	0	0	0	0	0	0	0	0	0	0	2424	0	2860	0	0	0	2126	0	0	0	0	0	0	0	0	0	0	0	0	0	0	0	0	0	0	0	0	0	0	0	0	0	0	0	
12996	Temporal_Pole_Mid_R	0	0	0	0	0	0	0	0	0	0	0	0	0	0	0	0	0	0	0	0	0	0	0	0	0	0	0	0	0	0	0	0	0	0	0	0	0	0	0	0	0	0	0	0	0	0	0	0	0	0	0	0	0	0	0	1536	0	0	0	0	0	0	0	0	0	0	0	0	0	0	0	0	0	0	0	0	0	0	0	0	0	170	0	2606	0	702	0	0	0	1484	0	0	0	0	0	0	0	0	0	0	0	0	0	0	0	0	0	0	0	0	0	0	0	0	0	0	
206848	Temporal_Inf_L	1322	0	614	0	0	0	218	0	0	0	0	0	0	0	218	0	1714	0	248	0	418	0	0	0	0	0	0	0	6386	0	0	0	0	0	0	0	6230	0	1028	0	352	0	202	0	248	0	462	0	618	0	3700	0	5350	0	13178	0	884	0	280	0	528	0	3002	0	4130	0	3278	0	318	0	0	0	1784	0	0	0	258	0	2710	0	8834	0	2344	0	26596	0	2126	0	0	0	2116	0	634	0	0	0	96	0	542	0	302	0	156	0	0	0	0	0	0	0	0	0	0	0	0	0	
159696	Temporal_Inf_R	0	270	0	0	0	0	0	0	0	0	0	0	0	0	0	0	0	204	0	0	0	0	0	0	0	0	0	0	0	2886	0	0	0	364	0	134	0	4190	0	1000	0	0	0	5346	0	456	0	3578	0	538	0	3308	0	9284	0	11612	0	234	0	0	0	0	0	212	0	118	0	4560	0	0	0	0	0	652	0	0	0	0	0	896	0	2894	0	862	0	23792	0	1484	0	0	0	378	0	0	0	0	0	0	184	228	0	0	0	0	0	0	0	0	0	0	0	184	0	0	0	0	
467092	Cerebelum_Crus1_L	0	0	0	0	0	0	0	0	0	0	0	0	0	0	0	0	0	0	0	0	0	0	0	0	0	0	0	0	0	0	0	0	0	0	0	0	0	0	412	0	0	0	0	0	0	0	8740	3526	0	0	100	0	696	376	19734	1968	0	0	0	0	0	0	0	0	0	0	0	0	0	0	0	0	0	0	0	0	0	0	0	0	0	0	0	0	0	0	0	0	2116	0	0	9100	38494	6780	172	0	19322	592	51202	9076	14438	1898	14762	2430	922	396	438	0	0	168	3102	6226	15254	534	572	0	
318644	Cerebelum_Crus1_R	0	0	0	0	0	0	0	0	0	0	0	0	0	0	0	0	0	0	0	0	0	0	0	0	0	0	0	0	0	0	0	0	0	0	0	0	0	248	0	578	0	0	0	0	0	0	908	2162	0	0	0	0	0	506	286	10266	0	0	0	0	0	0	0	0	0	0	0	0	0	0	0	0	0	226	0	196	0	0	0	0	0	0	0	0	0	0	0	0	0	378	9100	0	6390	29798	0	1140	318	10480	2518	38332	1050	4706	1938	18010	392	628	88	92	0	314	1496	3606	11766	814	592	0	
340500	Cerebelum_Crus2_L	0	0	0	0	0	0	0	0	0	0	0	0	0	0	0	0	0	0	0	0	0	0	0	0	0	0	0	0	0	0	0	0	0	0	0	0	0	0	0	0	0	0	0	0	0	0	744	642	0	0	0	0	118	0	3442	480	0	0	0	0	0	0	0	0	0	0	0	0	0	0	0	0	0	0	0	0	0	0	0	0	0	0	0	0	0	0	0	0	634	0	38494	6390	0	15090	0	0	1010	0	7714	3684	30432	6622	24460	6980	642	676	252	92	0	0	252	1128	17990	2028	254	0	
291952	Cerebelum_Crus2_R	0	0	0	0	0	0	0	0	0	0	0	0	0	0	0	0	0	0	0	0	0	0	0	0	0	0	0	0	0	0	0	0	0	0	0	0	0	0	0	0	0	0	0	0	0	0	0	0	0	0	0	0	0	0	0	684	0	0	0	0	0	0	0	0	0	0	0	0	0	0	0	0	0	0	0	0	0	0	0	0	0	0	0	0	0	0	0	0	0	0	6780	29798	15090	0	0	94	0	634	106	6056	10582	19156	9374	28850	494	928	112	94	0	0	0	162	15112	1564	306	0	
28148	Cerebelum_3_L	0	0	0	0	0	0	0	0	0	0	0	0	0	0	0	0	0	0	0	0	0	0	0	0	0	0	0	0	0	0	0	0	0	0	0	0	0	0	0	0	0	0	0	0	0	0	310	190	0	0	0	0	0	0	350	0	0	0	0	0	0	0	0	0	0	0	0	0	0	0	0	0	0	0	0	0	0	0	0	0	0	0	0	0	0	0	0	0	0	0	172	0	0	0	0	264	5510	204	1150	158	0	0	0	0	774	554	0	0	752	1128	1038	740	0	234	546	0	
36120	Cerebelum_3_R	0	0	0	0	0	0	0	0	0	0	0	0	0	0	0	0	0	0	0	0	0	0	0	0	0	0	0	0	0	0	0	0	0	0	0	0	0	0	0	0	0	0	0	0	0	0	0	212	0	0	0	0	0	0	0	530	0	0	0	0	0	0	0	0	0	0	0	0	0	0	0	0	0	0	0	0	0	0	0	0	0	0	0	0	0	0	0	0	0	0	0	1140	0	94	264	0	576	5018	0	3436	0	0	0	128	0	206	0	0	368	3300	2138	502	0	0	148	0	
236748	Cerebelum_4_5_L	0	0	0	0	0	0	0	0	0	0	0	0	0	0	0	0	0	0	0	0	0	0	0	0	0	0	0	0	0	0	0	0	0	0	0	0	0	0	810	0	0	0	0	0	0	0	8932	1122	0	0	0	0	0	0	11204	612	0	0	0	0	0	0	0	0	0	0	0	0	0	0	0	0	0	0	0	0	0	0	0	0	0	0	0	0	0	0	0	0	96	0	19322	318	1010	0	5510	576	0	2284	33058	2494	1688	0	1130	0	3396	2012	450	0	706	1790	11602	4506	316	724	1946	760	
174332	Cerebelum_4_5_R	0	0	0	0	0	0	0	0	0	0	0	0	0	0	0	0	0	0	0	0	0	0	0	0	0	0	0	0	0	0	0	0	0	0	186	410	186	1780	124	2750	0	0	0	0	0	0	426	4756	0	0	0	0	0	88	106	10360	0	0	0	0	0	0	0	0	0	0	0	996	0	0	0	0	0	330	0	206	0	588	0	0	0	0	0	0	0	0	0	0	0	0	592	10480	0	634	204	5018	2284	0	1906	25580	0	186	0	612	224	792	0	190	0	1848	9434	2768	132	164	406	420	
419968	Cerebelum_6_L	0	0	0	0	0	0	0	0	0	0	0	0	0	0	0	0	0	0	0	0	0	0	0	0	0	0	0	0	0	0	0	0	0	0	0	0	0	304	668	248	0	0	98	146	0	0	14142	6838	0	0	196	0	850	1320	24882	4958	0	0	0	0	0	0	0	0	0	0	0	0	0	0	0	0	0	0	0	0	0	0	0	0	0	0	0	0	0	0	0	0	542	184	51202	2518	7714	106	1150	0	33058	1906	0	11622	5236	0	4122	144	2256	2578	688	138	134	276	7696	14722	2820	1746	2636	140	
376396	Cerebelum_6_R	0	0	0	0	0	0	0	0	0	0	0	0	0	0	0	0	0	0	0	0	0	0	0	0	0	0	0	0	0	106	0	0	0	0	0	0	0	1206	0	1950	0	0	0	422	0	0	2738	11466	0	148	0	182	102	2144	954	22892	0	0	0	0	0	0	0	0	0	0	0	0	0	0	0	0	0	852	0	390	0	0	0	0	0	0	0	0	0	0	0	0	0	228	9076	38332	3684	6056	158	3436	2494	25580	11622	0	188	2068	436	4514	708	982	132	358	0	998	5904	14604	9292	840	956	0	
237628	Cerebelum_7b_L	0	0	0	0	0	0	0	0	0	0	0	0	0	0	0	0	0	0	0	0	0	0	0	0	0	0	0	0	0	0	0	0	0	0	0	0	0	0	0	0	0	0	0	0	0	0	340	0	0	0	0	0	0	0	1132	0	0	0	0	0	0	0	0	0	0	0	0	0	0	0	0	0	0	0	0	0	0	0	0	0	0	0	0	0	0	0	0	0	302	0	14438	1050	30432	10582	0	0	1688	0	5236	188	0	6550	25694	5900	676	754	550	0	0	0	0	0	10168	2960	174	0	
136920	Cerebelum_7b_R	0	0	0	0	0	0	0	0	0	0	0	0	0	0	0	0	0	0	0	0	0	0	0	0	0	0	0	0	0	0	0	0	0	0	0	0	0	0	0	0	0	0	0	0	0	0	0	0	0	0	0	0	0	0	0	0	0	0	0	0	0	0	0	0	0	0	0	0	0	0	0	0	0	0	0	0	0	0	0	0	0	0	0	0	0	0	0	0	0	0	1898	4706	6622	19156	0	0	0	186	0	2068	6550	0	4546	14644	116	402	0	0	0	0	0	0	5590	1976	0	0	
268868	Cerebelum_8_L	0	0	0	0	0	0	0	0	0	0	0	0	0	0	0	0	0	0	0	0	0	0	0	0	0	0	0	0	0	0	0	0	0	0	0	0	0	0	0	0	0	0	0	0	0	0	256	130	0	0	0	0	0	0	684	0	0	0	0	0	0	0	0	0	0	0	0	0	0	0	0	0	0	0	0	0	0	0	0	0	0	0	0	0	0	0	0	0	156	0	14762	1938	24460	9374	0	0	1130	0	4122	436	25694	4546	0	8304	11572	4074	1640	182	0	0	0	536	11188	6648	2602	0	
237596	Cerebelum_8_R	0	0	0	0	0	0	0	0	0	0	0	0	0	0	0	0	0	0	0	0	0	0	0	0	0	0	0	0	0	0	0	0	0	0	0	0	0	0	0	0	0	0	0	0	0	0	0	0	0	0	0	0	0	0	0	472	0	0	0	0	0	0	0	0	0	0	0	0	0	0	0	0	0	0	0	0	0	0	0	0	0	0	0	0	0	0	0	0	0	0	2430	18010	6980	28850	0	128	0	612	144	4514	5900	14644	8304	0	1188	9844	276	794	0	0	208	166	8922	5044	1368	0	
104532	Cerebelum_9_L	0	0	0	0	0	0	0	0	0	0	0	0	0	0	0	0	0	0	0	0	0	0	0	0	0	0	0	0	0	0	0	0	0	0	0	0	0	0	0	0	0	0	0	0	0	0	0	0	0	0	0	0	0	0	0	0	0	0	0	0	0	0	0	0	0	0	0	0	0	0	0	0	0	0	0	0	0	0	0	0	0	0	0	0	0	0	0	0	0	0	922	392	642	494	774	0	3396	224	2256	708	676	116	11572	1188	0	5658	3558	290	0	0	2100	4032	2160	4454	5758	896	
130736	Cerebelum_9_R	0	0	0	0	0	0	0	0	0	0	0	0	0	0	0	0	0	0	0	0	0	0	0	0	0	0	0	0	0	0	0	0	0	0	0	0	0	0	0	0	0	0	0	0	0	0	112	0	0	0	0	0	0	0	0	0	0	0	0	0	0	0	0	0	0	0	0	0	0	0	0	0	0	0	0	0	0	0	0	0	0	0	0	0	0	0	0	0	0	0	396	628	676	928	554	206	2012	792	2578	982	754	402	4074	9844	5658	0	974	2164	0	126	2670	6702	3428	7770	9296	1642	
25596	Cerebelum_10_L	0	0	0	0	0	0	0	0	0	0	0	0	0	0	0	0	0	0	0	0	0	0	0	0	0	0	0	0	0	0	0	0	0	0	0	0	0	0	0	0	0	0	0	0	0	0	0	0	0	0	0	0	0	0	0	0	0	0	0	0	0	0	0	0	0	0	0	0	0	0	0	0	0	0	0	0	0	0	0	0	0	0	0	0	0	0	0	0	0	0	438	88	252	112	0	0	450	0	688	132	550	0	1640	276	3558	974	0	152	0	0	0	744	722	1002	1020	0	
12168	Cerebelum_10_R	0	0	0	0	0	0	0	0	0	0	0	0	0	0	0	0	0	0	0	0	0	0	0	0	0	0	0	0	0	0	0	0	0	0	0	0	0	0	0	0	0	0	0	0	0	0	0	0	0	0	0	0	0	0	0	0	0	0	0	0	0	0	0	0	0	0	0	0	0	0	0	0	0	0	0	0	0	0	0	0	0	0	0	0	0	0	0	0	0	0	0	92	92	94	0	0	0	190	138	358	0	0	182	794	290	2164	152	0	0	0	0	372	258	496	412	0	
12904	Vermis_1_2	0	0	0	0	0	0	0	0	0	0	0	0	0	0	0	0	0	0	0	0	0	0	0	0	0	0	0	0	0	0	0	0	0	0	0	0	0	0	0	0	0	0	0	0	0	0	0	0	0	0	0	0	0	0	0	0	0	0	0	0	0	0	0	0	0	0	0	0	0	0	0	0	0	0	0	0	0	0	0	0	0	0	0	0	0	0	0	0	0	0	0	0	0	0	752	368	706	0	134	0	0	0	0	0	0	0	0	0	0	3484	1008	0	0	0	0	0	
33140	Vermis_3	0	0	0	0	0	0	0	0	0	0	0	0	0	0	0	0	0	0	0	0	0	0	0	0	0	0	0	0	0	0	0	0	0	0	0	0	0	0	90	0	0	0	0	0	0	0	152	130	0	0	0	0	0	0	0	0	0	0	0	0	0	0	0	0	0	0	0	0	0	0	0	0	0	0	0	0	0	0	0	0	0	0	0	0	0	0	0	0	0	0	168	314	0	0	1128	3300	1790	1848	276	998	0	0	0	0	0	126	0	0	3484	0	2452	218	0	0	96	0	
138364	Vermis_4_5	0	0	0	0	0	0	0	0	0	0	0	0	0	0	0	0	0	0	0	0	0	0	0	0	0	0	0	0	0	0	0	0	0	0	0	594	0	590	0	384	0	0	0	190	0	0	1274	2138	0	0	0	0	0	134	792	1388	0	0	0	0	0	0	0	0	0	0	0	944	0	0	0	0	0	0	0	0	0	0	0	0	0	0	0	0	0	0	0	0	0	0	3102	1496	252	0	1038	2138	11602	9434	7696	5904	0	0	0	208	2100	2670	0	0	1008	2452	0	5806	0	164	1796	1888	
214480	Vermis_6	0	0	0	0	0	0	0	0	0	0	0	0	0	0	0	0	0	0	0	0	0	0	0	0	0	0	0	0	0	0	0	0	0	0	0	0	0	304	0	282	0	0	0	150	0	0	3586	8184	0	0	152	0	96	1628	1122	6322	0	0	0	0	0	0	0	0	0	0	0	0	0	0	0	0	0	0	0	0	0	0	0	0	0	0	0	0	0	0	0	0	0	184	6226	3606	1128	162	740	502	4506	2768	14722	14604	0	0	536	166	4032	6702	744	372	0	218	5806	0	5844	3406	6320	2120	
270520	Vermis_7	0	0	0	0	0	0	0	0	0	0	0	0	0	0	0	0	0	0	0	0	0	0	0	0	0	0	0	0	0	0	0	0	0	0	0	0	0	0	0	0	0	0	0	0	0	0	916	2468	0	0	0	0	0	476	400	2038	0	0	0	0	0	0	0	0	0	0	0	0	0	0	0	0	0	0	0	0	0	0	0	0	0	0	0	0	0	0	0	0	0	0	15254	11766	17990	15112	0	0	316	132	2820	9292	10168	5590	11188	8922	2160	3428	722	258	0	0	0	5844	0	5042	2958	0	
108700	Vermis_8	0	0	0	0	0	0	0	0	0	0	0	0	0	0	0	0	0	0	0	0	0	0	0	0	0	0	0	0	0	0	0	0	0	0	0	0	0	0	0	0	0	0	0	0	0	0	106	0	0	0	0	0	0	0	0	0	0	0	0	0	0	0	0	0	0	0	0	0	0	0	0	0	0	0	0	0	0	0	0	0	0	0	0	0	0	0	0	0	0	0	534	814	2028	1564	234	0	724	164	1746	840	2960	1976	6648	5044	4454	7770	1002	496	0	0	164	3406	5042	0	6488	146	
