data	data	369596	168988	891252	773772	260760	226420	471256	298284	121240	47468	225600	157784	238940	201032	172812	91272	149372	76300	795392	861864	83128	98520	296464	343916	30872	75764	51908	43100	514320	302728	236772	442984	107256	654056	91048	94960	246968	275964	89804	145292	40932	50940	231324	228356	118776	196716	316000	225840	92512	240280	362964	238336	113792	69956	470256	409304	301312	111360	100184	140516	187464	155060	88960	92828	124448	127760	267044	309216	253808	172492	372112	568544	442280	362112	58328	35816	205132	263916	71600	14664	209744	86264	83540	37796	234668	222080	17964	10004	189704	158876	490108	483760	374504	331828	37788	42116	310736	254984	534064	502744	309676	206536	341084	341484	133548	108724	16768	2460	15836	48708	239576	184976	192600	109048	70236	12944	
data	data	Precentral_L	Precentral_R	Frontal_Sup_L	Frontal_Sup_R	Frontal_Sup_Orb_L	Frontal_Sup_Orb_R	Frontal_Mid_L	Frontal_Mid_R	Frontal_Mid_Orb_L	Frontal_Mid_Orb_R	Frontal_Inf_Oper_L	Frontal_Inf_Oper_R	Frontal_Inf_Tri_L	Frontal_Inf_Tri_R	Frontal_Inf_Orb_L	Frontal_Inf_Orb_R	Rolandic_Oper_L	Rolandic_Oper_R	Supp_Motor_Area_L	Supp_Motor_Area_R	Olfactory_L	Olfactory_R	Frontal_Sup_Medial_L	Frontal_Sup_Medial_R	Frontal_Med_Orb_L	Frontal_Med_Orb_R	Rectus_L	Rectus_R	Insula_L	Insula_R	Cingulum_Ant_L	Cingulum_Ant_R	Cingulum_Mid_L	Cingulum_Mid_R	Cingulum_Post_L	Cingulum_Post_R	Hippocampus_L	Hippocampus_R	ParaHippocampal_L	ParaHippocampal_R	Amygdala_L	Amygdala_R	Calcarine_L	Calcarine_R	Cuneus_L	Cuneus_R	Lingual_L	Lingual_R	Occipital_Sup_L	Occipital_Sup_R	Occipital_Mid_L	Occipital_Mid_R	Occipital_Inf_L	Occipital_Inf_R	Fusiform_L	Fusiform_R	Postcentral_L	Postcentral_R	Parietal_Sup_L	Parietal_Sup_R	Parietal_Inf_L	Parietal_Inf_R	SupraMarginal_L	SupraMarginal_R	Angular_L	Angular_R	Precuneus_L	Precuneus_R	Paracentral_Lobule_L	Paracentral_Lobule_R	Caudate_L	Caudate_R	Putamen_L	Putamen_R	Pallidum_L	Pallidum_R	Thalamus_L	Thalamus_R	Heschl_L	Heschl_R	Temporal_Sup_L	Temporal_Sup_R	Temporal_Pole_Sup_L	Temporal_Pole_Sup_R	Temporal_Mid_L	Temporal_Mid_R	Temporal_Pole_Mid_L	Temporal_Pole_Mid_R	Temporal_Inf_L	Temporal_Inf_R	Cerebelum_Crus1_L	Cerebelum_Crus1_R	Cerebelum_Crus2_L	Cerebelum_Crus2_R	Cerebelum_3_L	Cerebelum_3_R	Cerebelum_4_5_L	Cerebelum_4_5_R	Cerebelum_6_L	Cerebelum_6_R	Cerebelum_7b_L	Cerebelum_7b_R	Cerebelum_8_L	Cerebelum_8_R	Cerebelum_9_L	Cerebelum_9_R	Cerebelum_10_L	Cerebelum_10_R	Vermis_1_2	Vermis_3	Vermis_4_5	Vermis_6	Vermis_7	Vermis_8	Vermis_9	Vermis_10	
369596	Precentral_L	0	436	11650	5626	0	0	17078	0	0	0	10856	182	2370	0	0	0	4212	0	8514	10386	0	0	0	0	0	0	0	0	11472	0	0	0	714	4424	370	186	4152	670	904	0	0	0	0	0	0	0	0	0	0	0	358	0	118	0	1478	0	25490	160	0	0	7868	0	1300	0	0	0	0	0	17868	1804	4492	816	4290	0	1182	0	16916	666	4340	0	914	0	0	0	428	0	0	0	108	0	0	0	0	0	0	0	0	0	0	0	0	0	0	0	0	0	0	0	0	0	0	0	0	0	0	0	
168988	Precentral_R	436	0	146	2788	0	0	0	9186	0	0	110	5158	0	1054	0	0	0	364	252	5120	0	0	0	0	0	0	0	0	124	1694	0	242	0	2518	0	0	108	6310	0	1076	0	0	0	0	0	0	0	0	0	194	0	128	0	0	0	780	200	11858	0	442	0	146	0	1378	0	0	0	422	392	6854	2228	3854	210	4528	0	1336	332	11614	0	0	0	224	0	0	0	150	0	0	0	538	0	0	0	0	0	0	0	0	0	0	0	0	0	0	0	0	0	0	0	0	0	0	0	0	0	0	
891252	Frontal_Sup_L	11650	146	0	12192	14876	272	67754	430	2520	0	14694	2028	14936	1920	4150	0	5960	0	90962	20406	0	0	39436	5166	820	0	0	0	26774	1982	15582	2394	5044	8078	0	0	2962	100	582	0	0	0	0	0	0	0	0	0	0	0	0	0	0	0	350	0	404	0	0	0	0	0	0	0	0	0	0	0	614	0	13812	2160	30496	460	8792	134	9946	880	212	0	2134	0	1054	0	0	0	0	0	362	0	0	0	0	0	0	0	0	0	0	0	0	0	0	0	0	0	0	0	0	0	0	0	0	0	0	0	
773772	Frontal_Sup_R	5626	2788	12192	0	394	14692	1454	27692	0	1130	106	4068	174	5438	0	1966	174	1002	21488	79932	0	0	9150	36462	0	704	0	0	1412	7274	4344	34250	1584	25966	0	0	930	2752	0	352	0	0	0	0	0	0	0	0	0	0	0	0	0	0	0	114	2782	170	0	0	0	0	0	0	0	0	0	0	484	0	4118	39760	2354	16878	338	2532	676	11184	0	0	0	0	0	0	0	0	0	0	0	0	0	0	0	0	0	0	0	0	0	0	0	0	0	0	0	0	0	0	0	0	0	0	0	0	0	0	
260760	Frontal_Sup_Orb_L	0	0	14876	394	0	314	4074	0	17336	0	458	140	8222	0	16998	0	0	0	6270	742	2208	1448	2768	0	4324	0	5664	342	11900	98	3956	0	172	202	0	0	0	0	0	0	0	0	0	0	0	0	0	0	0	0	0	0	0	0	0	0	0	0	0	0	0	0	0	0	0	0	0	0	0	0	6048	1900	18924	172	0	0	0	0	0	0	0	0	430	0	0	0	0	0	0	0	0	0	0	0	0	0	0	0	0	0	0	0	0	0	0	0	0	0	0	0	0	0	0	0	0	0	
226420	Frontal_Sup_Orb_R	0	0	272	14692	314	0	144	5620	148	7350	0	0	0	3888	276	7426	0	0	1412	3898	662	1714	1120	9580	0	7412	688	5456	160	3456	1182	10072	0	1976	0	0	0	0	0	0	0	0	0	0	0	0	0	0	0	0	0	0	0	0	0	0	0	0	0	0	0	0	0	0	0	0	0	0	0	0	1204	13200	480	9408	0	0	0	0	0	0	0	0	0	0	0	0	0	0	0	0	0	0	0	0	0	0	0	0	0	0	0	0	0	0	0	0	0	0	0	0	0	0	0	0	0	0	
471256	Frontal_Mid_L	17078	0	67754	1454	4074	144	0	172	2840	0	11526	2406	25862	2332	4114	0	2986	0	17868	1584	0	0	16402	690	0	0	0	0	14984	2372	5724	668	3014	816	0	0	3012	128	510	0	0	0	0	0	0	0	0	0	0	0	0	0	0	0	184	0	2854	0	0	0	1608	0	0	0	0	0	0	0	0	0	6858	1482	5766	510	322	106	2828	452	640	0	850	0	526	0	0	0	0	0	128	0	0	0	0	0	0	0	0	0	0	0	0	0	0	0	0	0	0	0	0	0	0	0	0	0	0	0	
298284	Frontal_Mid_R	0	9186	430	27692	0	5620	172	0	0	3838	0	10920	0	18640	0	4236	0	2376	3532	8046	0	0	936	4158	0	0	0	0	150	11104	384	3330	0	6046	0	0	98	1802	0	216	0	0	0	0	0	0	0	0	0	0	0	0	0	0	0	0	0	906	0	0	0	0	0	242	0	0	0	0	0	0	950	8008	160	12658	0	1760	0	1546	0	0	0	0	0	0	0	0	0	0	0	0	0	0	0	0	0	0	0	0	0	0	0	0	0	0	0	0	0	0	0	0	0	0	0	0	0	0	
121240	Frontal_Mid_Orb_L	0	0	2520	0	17336	148	2840	0	0	0	266	0	4916	0	13420	0	0	0	680	148	794	618	98	0	710	0	2858	164	2732	0	366	0	0	0	0	0	0	0	0	0	0	0	0	0	0	0	0	0	0	0	0	0	0	0	0	0	0	0	0	0	0	0	0	0	0	0	0	0	0	0	1752	566	7330	0	0	0	0	0	0	0	0	0	358	0	0	0	0	0	0	0	0	0	0	0	0	0	0	0	0	0	0	0	0	0	0	0	0	0	0	0	0	0	0	0	0	0	
47468	Frontal_Mid_Orb_R	0	0	0	1130	0	7350	0	3838	0	0	0	0	0	3272	0	5762	0	0	0	126	0	0	0	0	0	0	0	0	0	1666	0	0	0	260	0	0	0	0	0	0	0	0	0	0	0	0	0	0	0	0	0	0	0	0	0	0	0	0	0	0	0	0	0	0	0	0	0	0	0	0	0	206	0	124	0	0	0	0	0	0	0	0	0	0	0	0	0	0	0	0	0	0	0	0	0	0	0	0	0	0	0	0	0	0	0	0	0	0	0	0	0	0	0	0	0	0	
225600	Frontal_Inf_Oper_L	10856	110	14694	106	458	0	11526	0	266	0	0	170	12766	0	2764	0	9614	0	12316	798	0	0	0	0	0	0	0	0	17296	0	0	0	0	158	0	0	1530	0	174	0	0	0	0	0	0	0	0	0	0	0	0	0	0	0	0	0	1698	0	0	0	592	0	0	0	0	0	0	0	0	0	1818	118	2768	0	164	0	500	0	1912	0	3298	0	4330	0	0	0	0	0	0	0	0	0	0	0	0	0	0	0	0	0	0	0	0	0	0	0	0	0	0	0	0	0	0	0	0	0	
157784	Frontal_Inf_Oper_R	182	5158	2028	4068	140	0	2406	10920	0	0	170	0	0	12042	0	298	0	4696	862	2738	0	0	0	264	0	0	0	0	266	16410	94	516	120	2124	0	0	0	860	0	0	0	0	0	0	0	0	0	0	0	0	0	0	0	0	0	0	0	1036	0	0	0	0	0	256	0	0	0	0	0	0	3426	1060	132	5528	0	156	0	936	0	0	0	0	0	0	0	0	0	0	0	0	0	0	0	0	0	0	0	0	0	0	0	0	0	0	0	0	0	0	0	0	0	0	0	0	0	0	
238940	Frontal_Inf_Tri_L	2370	0	14936	174	8222	0	25862	0	4916	0	12766	0	0	0	12558	0	1340	0	5512	490	0	0	446	0	0	0	0	0	17120	0	754	0	398	216	0	0	1396	0	180	0	0	0	0	0	0	0	0	0	0	0	0	0	0	0	0	0	164	0	0	0	198	0	0	0	0	0	0	0	0	0	1162	404	3388	134	136	0	524	0	468	0	250	0	2986	0	0	0	0	0	0	0	0	0	0	0	0	0	0	0	0	0	0	0	0	0	0	0	0	0	0	0	0	0	0	0	0	0	
201032	Frontal_Inf_Tri_R	0	1054	1920	5438	0	3888	2332	18640	0	3272	0	12042	0	0	0	6562	0	246	1014	2112	0	0	160	1558	0	0	0	0	132	18884	158	4398	154	4082	0	0	0	1500	0	0	0	0	0	0	0	0	0	0	0	0	0	0	0	0	0	0	0	402	0	0	0	0	0	0	0	0	0	0	0	0	2900	1934	0	4166	0	518	0	1050	0	0	0	0	0	0	0	0	0	0	0	0	0	0	0	0	0	0	0	0	0	0	0	0	0	0	0	0	0	0	0	0	0	0	0	0	0	0	
172812	Frontal_Inf_Orb_L	0	0	4150	0	16998	276	4114	0	13420	0	2764	0	12558	0	0	0	734	0	994	206	1954	1326	96	0	0	0	2118	320	8048	0	422	0	138	0	0	0	0	0	0	0	0	0	0	0	0	0	0	0	0	0	0	0	0	0	0	0	0	0	0	0	0	0	0	0	0	0	0	0	0	0	2418	1138	9264	0	0	0	0	0	0	0	0	0	2950	0	0	0	0	0	0	0	0	0	0	0	0	0	0	0	0	0	0	0	0	0	0	0	0	0	0	0	0	0	0	0	0	0	
91272	Frontal_Inf_Orb_R	0	0	0	1966	0	7426	0	4236	0	5762	0	298	0	6562	0	0	0	0	110	394	0	1800	0	0	0	0	0	874	0	9908	0	820	0	676	0	0	0	0	0	0	0	298	0	0	0	0	0	0	0	0	0	0	0	0	0	0	0	0	0	0	0	0	0	0	0	0	0	0	0	0	0	974	0	3414	0	118	0	0	0	0	0	0	0	0	0	0	0	0	0	0	0	0	0	0	0	0	0	0	0	0	0	0	0	0	0	0	0	0	0	0	0	0	0	0	0	0	
149372	Rolandic_Oper_L	4212	0	5960	174	0	0	2986	0	0	0	9614	0	1340	0	734	0	0	0	4842	224	0	0	0	0	0	0	0	0	17804	0	0	0	0	0	0	0	802	0	144	0	0	0	0	0	0	0	0	0	0	0	430	0	0	0	380	0	5636	0	296	0	734	0	1410	0	260	0	0	0	308	0	0	0	872	0	0	0	398	0	4864	0	7264	0	1988	0	860	0	0	0	150	0	0	0	0	0	0	0	0	0	0	0	0	0	0	0	0	0	0	0	0	0	0	0	0	0	0	0	
76300	Rolandic_Oper_R	0	364	0	1002	0	0	0	2376	0	0	0	4696	0	246	0	0	0	0	0	1054	0	0	0	0	0	0	0	0	0	11974	0	0	0	482	0	0	0	236	0	0	0	0	0	0	0	322	0	0	0	556	0	0	0	0	0	208	0	1630	0	0	0	0	0	1128	0	0	0	532	0	224	0	174	0	3270	0	0	0	670	0	2042	0	3764	0	872	0	114	0	0	0	214	0	0	0	0	0	0	0	0	0	0	0	0	0	0	0	0	0	0	0	0	0	0	0	0	0	0	
795392	Supp_Motor_Area_L	8514	252	90962	21488	6270	1412	17868	3532	680	0	12316	862	5512	1014	994	110	4842	0	0	51792	0	0	5838	7012	266	0	0	0	20532	888	6076	6984	12018	33054	0	0	1222	152	162	0	0	0	0	0	0	0	0	0	0	0	0	0	0	0	302	0	200	0	0	0	0	0	0	0	0	0	0	0	8118	894	13670	7766	27186	696	6888	0	4858	1402	196	0	1978	0	600	0	0	0	0	0	318	0	0	0	0	0	0	0	0	0	0	0	0	0	0	0	0	0	0	0	0	0	0	0	0	0	0	0	
861864	Supp_Motor_Area_R	10386	5120	20406	79932	742	3898	1584	8046	148	126	798	2738	490	2112	206	394	224	1054	51792	0	0	0	1294	11492	0	0	0	0	2666	5486	1688	15264	4304	66738	548	496	970	3464	0	336	0	0	214	216	312	626	0	0	0	1180	444	434	0	0	624	1140	4304	1956	144	2316	156	1168	0	668	0	108	344	1554	10638	18160	9240	35154	3294	11056	318	1330	2478	13822	0	156	0	264	0	0	104	994	0	0	0	1074	0	0	0	0	0	0	0	0	0	0	0	0	0	0	0	0	0	0	0	0	0	0	0	0	0	0	
83128	Olfactory_L	0	0	0	0	2208	662	0	0	794	0	0	0	0	0	1954	0	0	0	0	0	0	6924	0	0	156	0	2250	842	1694	0	2610	1090	0	0	0	0	126	0	280	0	400	0	0	0	0	0	0	0	0	0	0	0	0	0	0	0	0	0	0	0	0	0	0	0	0	0	0	0	0	0	7720	5484	4784	1402	0	0	0	0	0	0	0	0	184	0	0	0	0	0	0	0	0	0	0	0	0	0	0	0	0	0	0	0	0	0	0	0	0	0	0	0	0	0	0	0	0	0	
98520	Olfactory_R	0	0	0	0	1448	1714	0	0	618	0	0	0	0	0	1326	1800	0	0	0	0	6924	0	0	0	0	1610	1780	3090	208	2086	2538	3008	0	0	0	0	0	0	0	98	0	484	0	0	0	0	0	0	0	0	0	0	0	0	0	0	0	0	0	0	0	0	0	0	0	0	0	0	0	0	6950	6718	4296	2564	0	0	0	0	0	0	0	0	0	0	0	0	0	0	0	0	0	0	0	0	0	0	0	0	0	0	0	0	0	0	0	0	0	0	0	0	0	0	0	0	0	0	
296464	Frontal_Sup_Medial_L	0	0	39436	9150	2768	1120	16402	936	98	0	0	0	446	160	96	0	0	0	5838	1294	0	0	0	21796	1474	1314	0	0	464	0	19326	11228	2468	7498	0	0	0	0	0	0	0	0	0	0	0	0	0	0	0	0	0	0	0	0	0	0	212	0	0	0	92	0	0	0	0	0	0	0	0	0	1108	324	3184	0	0	0	0	0	0	0	0	0	0	0	0	0	0	0	0	0	0	0	0	0	0	0	0	0	0	0	0	0	0	0	0	0	0	0	0	0	0	0	0	0	0	0	
343916	Frontal_Sup_Medial_R	0	0	5166	36462	0	9580	690	4158	0	0	0	264	0	1558	0	0	0	0	7012	11492	0	0	21796	0	356	4934	0	0	0	964	6252	30622	498	18150	0	0	0	172	0	0	0	0	0	0	0	0	0	0	0	0	0	0	0	0	0	0	0	0	0	0	0	0	0	0	0	0	0	0	0	0	92	7486	216	3922	0	0	0	116	0	0	0	0	0	0	0	0	0	0	0	0	0	0	0	0	0	0	0	0	0	0	0	0	0	0	0	0	0	0	0	0	0	0	0	0	0	0	
30872	Frontal_Med_Orb_L	0	0	820	0	4324	0	0	0	710	0	0	0	0	0	0	0	0	0	266	0	156	0	1474	356	0	762	1894	0	0	0	2428	432	0	0	0	0	0	0	0	0	0	0	0	0	0	0	0	0	0	0	0	0	0	0	0	0	0	0	0	0	0	0	0	0	0	0	0	0	0	0	464	228	1016	106	0	0	0	0	0	0	0	0	0	0	0	0	0	0	0	0	0	0	0	0	0	0	0	0	0	0	0	0	0	0	0	0	0	0	0	0	0	0	0	0	0	0	
75764	Frontal_Med_Orb_R	0	0	0	704	0	7412	0	0	0	0	0	0	0	0	0	0	0	0	0	0	0	1610	1314	4934	762	0	234	4070	0	0	1506	5910	0	0	0	0	0	0	0	0	0	0	0	0	0	0	0	0	0	0	0	0	0	0	0	0	0	0	0	0	0	0	0	0	0	0	0	0	0	0	0	5234	106	4086	0	0	0	0	0	0	0	0	0	0	0	0	0	0	0	0	0	0	0	0	0	0	0	0	0	0	0	0	0	0	0	0	0	0	0	0	0	0	0	0	0	0	
51908	Rectus_L	0	0	0	0	5664	688	0	0	2858	0	0	0	0	0	2118	0	0	0	0	0	2250	1780	0	0	1894	234	0	794	272	0	998	0	0	0	0	0	0	0	0	0	0	0	0	0	0	0	0	0	0	0	0	0	0	0	0	0	0	0	0	0	0	0	0	0	0	0	0	0	0	0	3304	1256	1844	0	0	0	0	0	0	0	0	0	0	0	0	0	0	0	0	0	0	0	0	0	0	0	0	0	0	0	0	0	0	0	0	0	0	0	0	0	0	0	0	0	0	0	
43100	Rectus_R	0	0	0	0	342	5456	0	0	164	0	0	0	0	0	320	874	0	0	0	0	842	3090	0	0	0	4070	794	0	154	870	296	692	0	0	0	0	0	0	0	0	0	104	0	0	0	0	0	0	0	0	0	0	0	0	0	0	0	0	0	0	0	0	0	0	0	0	0	0	0	0	794	1090	458	1140	0	0	0	0	0	0	0	0	0	0	0	0	0	0	0	0	0	0	0	0	0	0	0	0	0	0	0	0	0	0	0	0	0	0	0	0	0	0	0	0	0	0	
514320	Insula_L	11472	124	26774	1412	11900	160	14984	150	2732	0	17296	266	17120	132	8048	0	17804	0	20532	2666	1694	208	464	0	0	0	272	154	0	232	1022	0	260	886	0	0	15276	314	874	0	2066	0	0	0	0	0	0	0	0	0	956	0	350	0	4004	0	7198	0	0	0	1694	0	810	0	0	0	0	0	610	112	5062	1708	22406	784	154	114	2696	208	9590	0	9296	0	6076	0	1616	0	0	0	4422	0	0	0	0	0	0	0	0	0	0	0	0	0	0	0	0	0	0	0	0	0	0	0	0	0	0	0	
302728	Insula_R	0	1694	1982	7274	98	3456	2372	11104	0	1666	0	16410	0	18884	0	9908	0	11974	888	5486	0	2086	0	964	0	0	0	870	232	0	144	4132	128	4836	0	0	0	5024	0	1782	0	1006	0	0	0	466	0	0	0	584	0	0	0	0	0	892	0	1054	0	104	0	96	0	150	0	0	0	878	0	522	3120	2526	108	19258	0	492	0	1738	0	812	0	2310	0	710	0	420	0	0	0	724	0	0	0	0	0	0	0	0	0	0	0	0	0	0	0	0	0	0	0	0	0	0	0	0	0	0	
236772	Cingulum_Ant_L	0	0	15582	4344	3956	1182	5724	384	366	0	0	94	754	158	422	0	0	0	6076	1688	2610	2538	19326	6252	2428	1506	998	296	1022	144	0	12602	3504	4524	0	0	0	134	0	0	0	0	0	0	0	0	0	0	0	0	0	0	0	0	0	0	118	0	0	0	0	0	0	0	0	0	0	0	0	0	6136	3146	8464	1908	0	0	0	0	0	0	0	0	0	0	0	0	0	0	0	0	0	0	0	0	0	0	0	0	0	0	0	0	0	0	0	0	0	0	0	0	0	0	0	0	0	0	
442984	Cingulum_Ant_R	0	242	2394	34250	0	10072	668	3330	0	0	0	516	0	4398	0	820	0	0	6984	15264	1090	3008	11228	30622	432	5910	0	692	0	4132	12602	0	1852	32500	0	0	0	934	0	184	0	0	0	0	0	0	0	0	0	0	0	0	0	0	0	0	0	0	0	0	0	0	0	0	0	0	0	0	0	0	2076	22182	1092	11794	0	118	0	106	0	0	0	0	0	0	0	0	0	0	0	0	0	0	0	0	0	0	0	0	0	0	0	0	0	0	0	0	0	0	0	0	0	0	0	0	0	0	
107256	Cingulum_Mid_L	714	0	5044	1584	172	0	3014	0	0	0	0	120	398	154	138	0	0	0	12018	4304	0	0	2468	498	0	0	0	0	260	128	3504	1852	0	8504	684	100	0	0	0	0	0	0	0	126	0	0	0	0	0	0	232	0	112	0	0	0	370	92	204	0	0	0	0	0	0	0	1778	620	3706	476	112	142	0	0	0	0	0	0	0	0	0	0	0	0	0	0	0	0	0	0	0	0	0	0	0	0	0	0	0	0	0	0	0	0	0	0	0	0	0	0	0	0	0	0	0	0	
654056	Cingulum_Mid_R	4424	2518	8078	25966	202	1976	816	6046	0	260	158	2124	216	4082	0	676	0	482	33054	66738	0	0	7498	18150	0	0	0	0	886	4836	4524	32500	8504	0	630	1266	0	2196	0	196	0	0	224	2204	330	2984	0	184	0	3548	594	960	0	0	740	418	1528	3358	166	4688	178	1692	0	494	94	120	1438	10678	9968	15886	3534	10726	402	5010	0	132	932	3168	0	0	0	140	0	0	128	954	0	0	0	426	0	0	0	0	0	0	0	0	0	0	0	0	0	0	0	0	0	0	0	0	0	0	0	0	0	0	
91048	Cingulum_Post_L	370	0	0	0	0	0	0	0	0	0	0	0	0	0	0	0	0	0	0	548	0	0	0	0	0	0	0	0	0	0	0	0	684	630	0	10582	3112	2644	1824	0	0	0	2416	210	716	0	1134	0	0	230	790	202	746	150	4000	752	814	0	0	0	0	0	0	0	0	0	4108	814	1790	194	0	0	0	0	0	0	120	1898	0	0	0	0	0	0	0	1968	0	0	198	1760	0	0	0	0	0	0	120	0	0	0	0	0	0	0	0	0	0	0	0	0	0	0	0	0	0	0	
94960	Cingulum_Post_R	186	0	0	0	0	0	0	0	0	0	0	0	0	0	0	0	0	0	0	496	0	0	0	0	0	0	0	0	0	0	0	0	100	1266	10582	0	2118	3814	1046	318	0	0	340	2284	0	536	0	1340	0	486	268	260	152	546	1586	1316	0	0	0	124	0	0	0	0	0	0	672	7234	294	216	0	0	0	0	0	0	158	2280	0	0	0	0	0	0	0	3308	0	0	0	3172	0	0	0	0	0	0	0	260	0	0	0	0	0	0	0	0	0	0	0	0	722	0	0	0	0	0	
246968	Hippocampus_L	4152	108	2962	930	0	0	3012	98	0	0	1530	0	1396	0	0	0	802	0	1222	970	126	0	0	0	0	0	0	0	15276	0	0	0	0	0	3112	2118	0	2616	12010	0	8164	0	1636	0	0	0	1490	0	0	0	546	0	198	0	13576	0	562	0	0	0	0	0	110	0	0	0	2488	0	384	0	156	0	11422	0	768	0	6120	2842	2146	0	4006	0	2384	0	444	0	132	0	9852	0	288	0	96	0	92	0	422	0	468	0	92	0	0	0	0	0	0	0	0	160	0	0	0	0	0	0	
275964	Hippocampus_R	670	6310	100	2752	0	0	128	1802	0	0	0	860	0	1500	0	0	0	236	152	3464	0	0	0	172	0	0	0	0	314	5024	134	934	0	2196	2644	3814	2616	0	1388	22968	0	9230	384	330	0	0	0	1686	0	0	264	0	98	858	1198	20092	430	1176	0	0	0	0	0	0	0	0	592	2234	1354	1056	440	174	0	12328	0	526	498	11590	0	174	0	1104	0	544	0	568	0	0	0	5742	0	326	0	0	0	0	0	1822	0	506	0	0	0	0	0	0	0	0	0	0	480	0	0	0	0	0	
89804	ParaHippocampal_L	904	0	582	0	0	0	510	0	0	0	174	0	180	0	0	0	144	0	162	0	280	0	0	0	0	0	0	0	874	0	0	0	0	0	1824	1046	12010	1388	0	0	1440	0	1846	0	0	0	2884	98	0	0	654	0	256	0	4014	0	0	0	0	0	0	0	0	0	0	0	2684	0	148	0	0	0	3942	0	298	0	1632	1320	0	0	182	0	154	0	0	0	0	0	230	0	800	0	0	0	218	0	832	0	1012	0	0	0	0	0	0	0	0	0	0	180	0	0	0	0	0	0	
145292	ParaHippocampal_R	0	1076	0	352	0	0	0	216	0	0	0	0	0	0	0	0	0	0	0	336	0	98	0	0	0	0	0	0	0	1782	0	184	0	196	0	318	0	22968	0	0	0	5518	0	450	0	0	0	2278	0	0	0	0	0	514	0	18252	0	0	0	0	0	0	0	0	0	0	0	1424	0	0	0	0	0	3322	0	182	0	1496	0	0	0	236	0	1326	0	190	0	624	0	3502	0	960	0	0	0	128	0	2896	0	1430	0	0	0	188	0	96	0	0	0	0	108	0	0	0	0	0	
40932	Amygdala_L	0	0	0	0	0	0	0	0	0	0	0	0	0	0	0	0	0	0	0	0	400	0	0	0	0	0	0	0	2066	0	0	0	0	0	0	0	8164	0	1440	0	0	0	0	0	0	0	0	0	0	0	0	0	0	0	4000	0	0	0	0	0	0	0	0	0	0	0	0	0	0	0	0	0	260	0	0	0	0	0	0	0	0	0	1542	0	0	0	106	0	2488	0	0	0	0	0	0	0	0	0	0	0	0	0	0	0	0	0	0	0	0	0	0	0	0	0	0	0	
50940	Amygdala_R	0	0	0	0	0	0	0	0	0	0	0	0	0	0	0	298	0	0	0	0	0	484	0	0	0	0	0	104	0	1006	0	0	0	0	0	0	0	9230	0	5518	0	0	0	0	0	0	0	0	0	0	0	0	0	0	0	5690	0	0	0	0	0	0	0	0	0	0	0	0	0	0	0	0	0	502	0	0	0	0	0	0	0	0	0	1880	0	0	0	0	0	600	0	0	0	0	0	0	0	158	0	0	0	0	0	0	0	0	0	0	0	0	0	0	0	0	0	0	
231324	Calcarine_L	0	0	0	0	0	0	0	0	0	0	0	0	0	0	0	0	0	0	0	214	0	0	0	0	0	0	0	0	0	0	0	0	0	224	2416	340	1636	384	1846	0	0	0	0	2720	10334	1508	15172	2214	6582	892	25082	728	5442	0	7598	550	632	0	268	0	0	0	0	0	0	0	22570	104	660	226	0	0	0	0	0	0	0	364	0	0	0	0	0	0	1266	0	0	0	0	0	156	146	0	0	0	0	600	470	564	458	0	0	0	0	0	0	0	0	0	0	1168	128	0	0	0	0	
228356	Calcarine_R	0	0	0	0	0	0	0	0	0	0	0	0	0	0	0	0	0	0	0	216	0	0	0	0	0	0	0	0	0	0	0	0	126	2204	210	2284	0	330	0	450	0	0	2720	0	2500	14250	424	12482	0	13360	0	19228	0	3788	172	2434	0	138	0	122	0	0	0	0	0	0	496	25398	132	1514	0	0	0	0	0	0	0	0	0	0	0	0	0	0	0	6518	0	0	0	2490	0	0	0	0	0	0	0	0	0	192	0	0	0	0	0	0	0	0	0	0	0	0	0	0	0	0	
118776	Cuneus_L	0	0	0	0	0	0	0	0	0	0	0	0	0	0	0	0	0	0	0	312	0	0	0	0	0	0	0	0	0	0	0	0	0	330	716	0	0	0	0	0	0	0	10334	2500	0	4164	1316	0	12248	1550	8744	570	646	0	990	0	1122	0	916	0	116	0	0	0	0	0	10550	356	1234	330	0	0	0	0	0	0	0	0	0	0	0	0	0	0	344	0	0	0	0	0	0	0	0	0	0	0	0	0	0	0	0	0	0	0	0	0	0	0	0	0	0	0	0	0	0	0	
196716	Cuneus_R	0	0	0	0	0	0	0	0	0	0	0	0	0	0	0	0	0	322	0	626	0	0	0	0	0	0	0	0	0	466	0	0	0	2984	0	536	0	0	0	0	0	0	1508	14250	4164	0	124	1718	0	27724	0	8906	0	132	0	0	0	720	0	2924	0	1796	0	556	0	472	562	21934	308	1314	0	0	0	0	0	0	0	0	0	0	0	160	0	0	0	4058	0	0	0	94	0	0	0	0	0	0	0	0	0	0	0	0	0	0	0	0	0	0	0	0	0	0	0	0	0	0	
316000	Lingual_L	0	0	0	0	0	0	0	0	0	0	0	0	0	0	0	0	0	0	0	0	0	0	0	0	0	0	0	0	0	0	0	0	0	0	1134	0	1490	0	2884	0	0	0	15172	424	1316	124	0	2492	2342	152	13198	254	5064	170	23444	1974	0	0	0	0	0	0	0	0	0	0	8682	0	0	0	0	0	0	0	0	0	202	0	0	0	0	0	0	0	206	0	0	0	0	0	17282	1762	2528	484	138	0	13862	1170	26868	2946	164	0	378	288	0	104	0	0	0	0	4764	2726	1720	0	92	0	
225840	Lingual_R	0	0	0	0	0	0	0	0	0	0	0	0	0	0	0	0	0	0	0	0	0	0	0	0	0	0	0	0	0	0	0	0	0	184	0	1340	0	1686	98	2278	0	0	2214	12482	0	1718	2492	0	0	5480	0	7252	0	5324	530	19224	0	0	0	0	0	0	0	0	0	0	0	5886	0	96	0	0	0	0	0	0	0	370	0	0	0	0	0	0	0	876	0	0	0	708	690	4846	214	542	0	496	1430	6262	2658	11520	0	0	96	190	134	0	0	0	0	92	4756	5978	2778	0	0	0	
92512	Occipital_Sup_L	0	0	0	0	0	0	0	0	0	0	0	0	0	0	0	0	0	0	0	0	0	0	0	0	0	0	0	0	0	0	0	0	0	0	0	0	0	0	0	0	0	0	6582	0	12248	0	2342	0	0	0	12252	0	248	0	422	0	206	0	2730	0	194	0	0	0	96	0	8486	0	178	0	0	0	0	0	0	0	0	0	0	0	0	0	0	0	272	0	0	0	0	0	0	0	0	0	0	0	0	0	0	0	0	0	0	0	0	0	0	0	0	0	0	0	0	0	0	0	
240280	Occipital_Sup_R	0	194	0	0	0	0	0	0	0	0	0	0	0	0	0	0	0	556	0	1180	0	0	0	0	0	0	0	0	0	584	0	0	0	3548	230	486	0	0	0	0	0	0	892	13360	1550	27724	152	5480	0	0	0	18164	0	1702	116	432	0	1278	0	6796	0	4538	0	1278	0	3304	324	20224	472	1200	0	0	0	0	0	0	0	0	0	136	0	314	0	0	0	3436	0	0	0	134	0	0	0	0	0	0	0	0	0	242	0	0	0	0	0	0	0	0	0	0	0	114	0	0	0	0	
362964	Occipital_Mid_L	358	0	0	0	0	0	0	0	0	0	0	0	0	0	0	0	430	0	0	444	0	0	0	0	0	0	0	0	956	0	0	0	232	594	790	268	546	264	654	0	0	0	25082	0	8744	0	13198	0	12252	0	0	0	19214	0	9384	0	7928	136	7428	0	5542	0	194	0	11836	0	22238	0	7878	586	0	0	0	0	0	0	0	252	262	0	580	0	0	0	18936	0	0	0	2600	0	538	0	328	0	0	0	0	0	810	0	0	0	0	0	0	0	0	0	0	0	0	0	0	0	0	0	
238336	Occipital_Mid_R	0	128	0	0	0	0	0	0	0	0	0	0	0	0	0	0	0	0	0	434	0	0	0	0	0	0	0	0	0	0	0	0	0	960	202	260	0	0	0	0	0	0	728	19228	570	8906	254	7252	0	18164	0	0	0	5456	104	1210	0	388	0	1610	0	7934	0	1500	0	11608	0	11460	0	658	0	0	0	0	0	0	0	0	0	0	0	114	0	0	0	17540	0	0	0	2114	0	0	0	0	0	0	0	0	0	256	0	0	0	0	0	0	0	0	0	0	0	130	0	0	0	0	
113792	Occipital_Inf_L	118	0	0	0	0	0	0	0	0	0	0	0	0	0	0	0	0	0	0	0	0	0	0	0	0	0	0	0	350	0	0	0	112	0	746	152	198	98	256	0	0	0	5442	0	646	0	5064	0	248	0	19214	0	0	0	9136	0	496	0	0	0	128	0	0	0	104	0	4720	0	574	0	0	0	0	0	0	0	0	0	336	0	0	0	0	0	3948	0	0	0	2704	0	702	0	388	0	0	0	0	0	1016	0	0	0	0	0	0	0	0	0	0	0	0	0	0	0	0	0	
69956	Occipital_Inf_R	0	0	0	0	0	0	0	0	0	0	0	0	0	0	0	0	0	0	0	0	0	0	0	0	0	0	0	0	0	0	0	0	0	0	150	546	0	858	0	514	0	0	0	3788	0	132	170	5324	0	1702	0	5456	0	0	132	6076	0	0	0	0	0	0	0	0	0	0	0	1088	0	0	0	0	0	0	0	0	0	0	0	0	0	0	0	0	0	692	0	0	0	2638	0	262	0	0	0	0	0	370	120	2258	0	0	0	0	0	0	0	0	0	0	126	1486	1090	0	0	0	
470256	Fusiform_L	1478	0	350	0	0	0	184	0	0	0	0	0	0	0	0	0	380	0	302	624	0	0	0	0	0	0	0	0	4004	0	0	0	0	740	4000	1586	13576	1198	4014	0	4000	0	7598	172	990	0	23444	530	422	116	9384	104	9136	132	0	2120	1648	194	128	0	862	0	132	0	582	0	7774	222	2308	732	0	0	680	0	0	0	250	390	586	0	6426	0	1452	0	5136	760	1670	0	20052	1414	28526	810	2736	258	0	0	13458	194	36878	968	1370	0	1598	114	96	0	0	0	0	0	2292	1182	666	0	0	0	
409304	Fusiform_R	0	780	0	114	0	0	0	0	0	0	0	0	0	0	0	0	0	208	0	1140	0	0	0	0	0	0	0	0	0	892	0	0	0	418	752	1316	0	20092	0	18252	0	5690	550	2434	0	0	1974	19224	0	432	0	1210	0	6076	2120	0	0	750	0	240	0	280	0	0	0	0	0	2834	182	1090	124	0	0	882	0	170	0	524	0	0	0	1156	0	3446	0	2378	0	1106	0	19284	624	19490	236	772	344	184	3490	12878	3740	26952	0	574	126	1262	644	292	0	0	0	144	7332	5476	1972	0	0	0	
301312	Postcentral_L	25490	200	404	2782	0	0	2854	0	0	0	1698	0	164	0	0	0	5636	0	200	4304	0	0	212	0	0	0	0	0	7198	0	118	0	370	1528	814	0	562	430	0	0	0	0	632	0	1122	0	0	0	206	0	7928	0	496	0	1648	0	0	334	9578	0	24440	0	5056	0	4022	0	4398	0	23128	1424	452	610	422	0	0	0	694	534	3490	0	2732	0	0	0	2124	0	0	0	222	0	0	0	0	0	0	0	0	0	0	0	0	0	0	0	0	0	0	0	0	0	0	0	0	0	0	0	
111360	Postcentral_R	160	11858	0	170	0	0	0	906	0	0	0	1036	0	402	0	0	0	1630	0	1956	0	0	0	0	0	0	0	0	0	1054	0	0	92	3358	0	0	0	1176	0	0	0	0	0	138	0	720	0	0	0	1278	136	388	0	0	194	750	334	0	0	5858	0	2220	0	5532	0	114	230	2100	672	8344	616	142	0	228	0	148	0	298	0	146	0	248	0	0	0	290	0	0	0	758	0	0	0	0	0	0	0	0	0	0	0	0	0	0	0	0	0	0	0	0	0	0	0	0	0	0	
100184	Parietal_Sup_L	0	0	0	0	0	0	0	0	0	0	0	0	0	0	0	0	296	0	0	144	0	0	0	0	0	0	0	0	0	0	0	0	204	166	0	0	0	0	0	0	0	0	268	0	916	0	0	0	2730	0	7428	0	0	0	128	0	9578	0	0	0	10620	0	0	0	2614	0	12174	0	1870	218	0	0	0	0	0	0	0	0	0	0	452	0	0	0	286	0	0	0	0	0	0	0	0	0	0	0	0	0	0	0	0	0	0	0	0	0	0	0	0	0	0	0	0	0	0	0	
140516	Parietal_Sup_R	0	442	0	0	0	0	0	0	0	0	0	0	0	0	0	0	0	0	0	2316	0	0	0	0	0	0	0	0	0	104	0	0	0	4688	0	124	0	0	0	0	0	0	0	122	0	2924	0	0	0	6796	0	1610	0	0	0	240	0	5858	0	0	0	17042	0	2244	0	6354	784	8274	202	3488	0	0	0	0	0	0	0	0	0	0	0	472	0	0	0	4170	0	0	0	2004	0	0	0	0	0	0	0	0	0	0	0	0	0	0	0	0	0	0	0	0	0	0	0	0	0	0	
187464	Parietal_Inf_L	7868	0	0	0	0	0	1608	0	0	0	592	0	198	0	0	0	734	0	0	156	0	0	92	0	0	0	0	0	1694	0	0	0	0	178	0	0	0	0	0	0	0	0	0	0	116	0	0	0	194	0	5542	0	128	0	862	0	24440	0	10620	0	0	0	11962	0	14792	0	2190	0	2598	224	140	0	0	0	0	0	0	0	188	0	3516	0	0	0	2642	0	0	0	458	0	0	0	0	0	0	0	0	0	0	0	0	0	0	0	0	0	0	0	0	0	0	0	0	0	0	0	
155060	Parietal_Inf_R	0	146	0	0	0	0	0	0	0	0	0	0	0	0	0	0	0	0	0	1168	0	0	0	0	0	0	0	0	0	96	0	0	0	1692	0	0	0	0	0	0	0	0	0	0	0	1796	0	0	0	4538	0	7934	0	0	0	280	0	2220	0	17042	0	0	0	7790	0	18772	0	2212	134	734	0	0	0	0	0	0	0	0	0	0	0	948	0	0	0	7492	0	0	0	2536	0	0	0	0	0	0	0	0	0	0	0	0	0	0	0	0	0	0	0	0	0	0	0	0	0	0	
88960	SupraMarginal_L	1300	0	0	0	0	0	0	0	0	0	0	0	0	0	0	0	1410	0	0	0	0	0	0	0	0	0	0	0	810	0	0	0	0	0	0	0	110	0	0	0	0	0	0	0	0	0	0	0	0	0	194	0	0	0	132	0	5056	0	0	0	11962	0	0	0	7004	0	0	0	694	0	0	0	0	0	0	0	0	0	476	0	7438	0	0	0	6378	0	0	0	1516	0	0	0	0	0	0	0	0	0	0	0	0	0	0	0	0	0	0	0	0	0	0	0	0	0	0	0	
92828	SupraMarginal_R	0	1378	0	0	0	0	0	242	0	0	0	256	0	0	0	0	0	1128	0	668	0	0	0	0	0	0	0	0	0	150	0	0	0	494	0	0	0	0	0	0	0	0	0	0	0	556	0	0	0	1278	0	1500	0	0	0	0	0	5532	0	2244	0	7790	0	0	0	7468	0	762	100	558	0	0	0	0	0	0	0	0	0	632	0	7400	0	0	0	5526	0	0	0	752	0	0	0	0	0	0	0	0	0	0	0	0	0	0	0	0	0	0	0	0	0	0	0	0	0	0	
124448	Angular_L	0	0	0	0	0	0	0	0	0	0	0	0	0	0	0	0	260	0	0	0	0	0	0	0	0	0	0	0	0	0	0	0	0	94	0	0	0	0	0	0	0	0	0	0	0	0	0	0	96	0	11836	0	104	0	582	0	4022	0	2614	0	14792	0	7004	0	0	0	736	0	3926	92	0	0	0	0	0	0	0	0	0	0	5304	0	0	0	9068	0	0	0	1694	0	0	0	0	0	0	0	0	0	0	0	0	0	0	0	0	0	0	0	0	0	0	0	0	0	0	0	
127760	Angular_R	0	0	0	0	0	0	0	0	0	0	0	0	0	0	0	0	0	0	0	108	0	0	0	0	0	0	0	0	0	0	0	0	0	120	0	0	0	0	0	0	0	0	0	0	0	472	0	0	0	3304	0	11608	0	0	0	0	0	114	0	6354	0	18772	0	7468	0	0	0	696	0	0	0	0	0	0	0	0	0	0	0	0	0	5234	0	0	0	8858	0	0	0	772	0	0	0	0	0	0	0	0	0	0	0	0	0	0	0	0	0	0	0	0	0	0	0	0	0	0	
267044	Precuneus_L	0	0	0	0	0	0	0	0	0	0	0	0	0	0	0	0	0	0	0	344	0	0	0	0	0	0	0	0	0	0	0	0	1778	1438	4108	672	2488	592	2684	0	0	0	22570	496	10550	562	8682	0	8486	324	22238	0	4720	0	7774	0	4398	230	12174	784	2190	0	0	0	736	0	0	4534	3422	1992	0	0	0	0	0	0	0	496	0	0	0	0	0	0	1554	0	0	0	142	0	0	0	0	0	0	0	228	0	136	0	0	0	0	0	0	0	0	0	0	0	0	0	0	0	0	0	
309216	Precuneus_R	0	422	0	0	0	0	0	0	0	0	0	0	0	0	0	0	0	532	0	1554	0	0	0	0	0	0	0	0	0	878	0	0	620	10678	814	7234	0	2234	0	1424	0	0	104	25398	356	21934	0	5886	0	20224	0	11460	0	1088	222	2834	0	2100	0	8274	0	2212	0	762	0	696	4534	0	792	5364	134	118	0	0	0	128	0	610	0	0	0	302	0	0	0	8594	0	0	0	2474	0	0	0	0	0	0	0	782	0	0	0	0	0	0	0	0	0	0	0	0	836	0	0	0	0	0	
253808	Paracentral_Lobule_L	17868	392	614	484	0	0	0	0	0	0	0	0	0	0	0	0	308	0	8118	10638	0	0	0	0	0	0	0	0	610	0	0	0	3706	9968	1790	294	384	1354	148	0	0	0	660	132	1234	308	0	0	178	472	7878	0	574	0	2308	182	23128	672	1870	202	2598	134	694	100	3926	0	3422	792	0	6134	3804	880	0	0	0	0	4358	856	210	0	448	0	0	0	1598	118	0	0	184	174	0	0	0	0	0	0	0	0	0	0	0	0	0	0	0	0	0	0	0	0	0	0	0	0	0	0	
172492	Paracentral_Lobule_R	1804	6854	0	0	0	0	0	0	0	0	0	0	0	0	0	0	0	224	894	18160	0	0	0	0	0	0	0	0	112	522	0	0	476	15886	194	216	0	1056	0	0	0	0	226	1514	330	1314	0	96	0	1200	586	658	0	0	732	1090	1424	8344	218	3488	224	734	0	558	92	0	1992	5364	6134	0	564	94	0	0	0	108	0	112	0	160	0	276	0	0	116	962	0	0	0	1138	0	0	0	0	0	0	0	0	0	0	0	0	0	0	0	0	0	0	0	0	0	0	0	0	0	0	
372112	Caudate_L	4492	2228	13812	4118	6048	1204	6858	950	1752	0	1818	3426	1162	2900	2418	0	0	0	13670	9240	7720	6950	1108	92	464	0	3304	794	5062	3120	6136	2076	112	3534	0	0	156	440	0	0	0	0	0	0	0	0	0	0	0	0	0	0	0	0	0	124	452	616	0	0	140	0	0	0	0	0	0	134	3804	564	0	19858	18192	2564	574	202	14096	7478	0	0	0	0	0	0	0	0	0	0	0	94	0	0	0	0	0	0	0	0	0	0	0	0	0	0	0	0	0	0	0	0	0	0	0	0	0	0	
568544	Caudate_R	816	3854	2160	39760	1900	13200	1482	8008	566	206	118	1060	404	1934	1138	974	0	174	7766	35154	5484	6718	324	7486	228	5234	1256	1090	1708	2526	3146	22182	142	10726	0	0	0	174	0	0	0	0	0	0	0	0	0	0	0	0	0	0	0	0	0	0	610	142	0	0	0	0	0	0	0	0	0	118	880	94	19858	0	5098	25440	130	2340	12850	27500	0	0	0	114	0	0	0	0	0	0	0	0	0	0	0	0	0	0	0	0	0	0	0	0	0	0	0	0	0	0	0	0	0	0	0	0	0	0	
442280	Putamen_L	4290	210	30496	2354	18924	480	5766	160	7330	0	2768	132	3388	0	9264	0	872	0	27186	3294	4784	4296	3184	216	1016	106	1844	458	22406	108	8464	1092	0	402	0	0	11422	0	3942	0	260	0	0	0	0	0	0	0	0	0	0	0	0	0	680	0	422	0	0	0	0	0	0	0	0	0	0	0	0	0	18192	5098	0	1410	7470	0	3024	566	216	0	636	0	1648	0	0	0	0	0	734	0	0	0	0	0	0	0	130	0	0	0	0	0	0	0	0	0	0	0	0	0	0	0	0	0	0	0	
362112	Putamen_R	0	4528	460	16878	172	9408	510	12658	0	124	0	5528	134	4166	0	3414	0	3270	696	11056	1402	2564	0	3922	106	4086	0	1140	784	19258	1908	11794	0	5010	0	0	0	12328	0	3322	0	502	0	0	0	0	0	0	0	0	0	0	0	0	0	882	0	228	0	0	0	0	0	0	0	0	0	0	0	0	2564	25440	1410	0	0	4176	0	4476	0	0	0	468	0	134	0	0	0	0	0	150	0	0	0	0	0	0	0	0	0	0	0	0	0	0	0	0	0	0	0	0	0	0	0	0	0	0	
58328	Pallidum_L	1182	0	8792	338	0	0	322	0	0	0	164	0	136	0	0	0	0	0	6888	318	0	0	0	0	0	0	0	0	154	0	0	0	0	0	0	0	768	0	298	0	0	0	0	0	0	0	0	0	0	0	0	0	0	0	0	0	0	0	0	0	0	0	0	0	0	0	0	0	0	0	574	130	7470	0	0	0	1494	136	0	0	0	0	0	0	0	0	0	0	0	0	0	0	0	0	0	0	0	0	0	0	0	0	0	0	0	0	0	0	0	0	0	0	0	0	0	0	
35816	Pallidum_R	0	1336	134	2532	0	0	106	1760	0	0	0	156	0	518	0	118	0	0	0	1330	0	0	0	0	0	0	0	0	114	492	0	118	0	132	0	0	0	526	0	182	0	0	0	0	0	0	0	0	0	0	0	0	0	0	0	170	0	148	0	0	0	0	0	0	0	0	0	128	0	108	202	2340	0	4176	0	0	0	942	0	0	0	140	0	0	0	0	0	0	0	0	0	0	0	0	0	0	0	0	0	0	0	0	0	0	0	0	0	0	0	0	0	0	0	0	0	0	
205132	Thalamus_L	16916	332	9946	676	0	0	2828	0	0	0	500	0	524	0	0	0	398	0	4858	2478	0	0	0	0	0	0	0	0	2696	0	0	0	0	932	120	158	6120	498	1632	0	0	0	0	0	0	0	202	0	0	0	0	0	0	0	250	0	694	0	0	0	0	0	0	0	0	0	0	0	4358	0	14096	12850	3024	0	1494	0	0	13548	176	0	262	0	0	0	0	0	0	0	0	0	0	0	0	0	0	0	0	0	0	0	0	0	0	0	0	0	0	0	0	0	0	0	0	0	0	0	
263916	Thalamus_R	666	11614	880	11184	0	0	452	1546	0	0	0	936	0	1050	0	0	0	670	1402	13822	0	0	0	116	0	0	0	0	208	1738	0	106	0	3168	1898	2280	2842	11590	1320	1496	0	0	364	0	0	0	0	370	0	0	252	0	0	0	390	524	534	298	0	0	0	0	0	0	0	0	496	610	856	112	7478	27500	566	4476	136	942	13548	0	0	96	0	656	0	0	0	260	0	0	0	258	0	0	0	0	0	0	0	120	0	0	0	0	0	0	0	0	0	0	0	0	132	0	0	0	0	0	
71600	Heschl_L	4340	0	212	0	0	0	640	0	0	0	1912	0	468	0	0	0	4864	0	196	0	0	0	0	0	0	0	0	0	9590	0	0	0	0	0	0	0	2146	0	0	0	0	0	0	0	0	0	0	0	0	0	262	0	336	0	586	0	3490	0	0	0	188	0	476	0	0	0	0	0	210	0	0	0	216	0	0	0	176	0	0	0	2996	0	0	0	1964	0	0	0	532	0	0	0	0	0	0	0	0	0	0	0	0	0	0	0	0	0	0	0	0	0	0	0	0	0	0	0	
14664	Heschl_R	0	0	0	0	0	0	0	0	0	0	0	0	0	0	0	0	0	2042	0	156	0	0	0	0	0	0	0	0	0	812	0	0	0	0	0	0	0	174	0	0	0	0	0	0	0	0	0	0	0	136	0	0	0	0	0	0	0	146	0	0	0	0	0	632	0	0	0	0	0	160	0	0	0	0	0	0	0	96	0	0	0	2164	0	630	0	184	0	0	0	0	0	0	0	0	0	0	0	0	0	0	0	0	0	0	0	0	0	0	0	0	0	0	0	0	0	0	
209744	Temporal_Sup_L	914	0	2134	0	0	0	850	0	0	0	3298	0	250	0	0	0	7264	0	1978	0	0	0	0	0	0	0	0	0	9296	0	0	0	0	0	0	0	4006	0	182	0	0	0	0	0	0	0	0	0	0	0	580	0	0	0	6426	0	2732	0	452	0	3516	0	7438	0	5304	0	0	0	448	0	0	0	636	0	0	0	262	0	2996	0	0	0	4148	0	26938	0	0	0	12106	0	124	0	0	0	0	0	0	0	594	0	0	0	0	0	0	0	0	0	0	0	0	0	0	0	0	0	
86264	Temporal_Sup_R	0	224	0	0	0	0	0	0	0	0	0	0	0	0	0	0	0	3764	0	264	0	0	0	0	0	0	0	0	0	2310	0	0	0	140	0	0	0	1104	0	236	0	0	0	0	0	160	0	0	0	314	0	114	0	0	0	1156	0	248	0	472	0	948	0	7400	0	5234	0	302	0	276	0	114	0	468	0	140	0	656	0	2164	0	0	0	4144	0	8756	0	236	0	1788	0	0	0	0	0	0	0	0	0	0	0	0	0	0	0	0	0	0	0	0	0	0	0	0	0	0	
83540	Temporal_Pole_Sup_L	0	0	1054	0	430	0	526	0	358	0	4330	0	2986	0	2950	0	1988	0	600	0	184	0	0	0	0	0	0	0	6076	0	0	0	0	0	0	0	2384	0	154	0	1542	0	0	0	0	0	0	0	0	0	0	0	0	0	1452	0	0	0	0	0	0	0	0	0	0	0	0	0	0	0	0	0	1648	0	0	0	0	0	0	0	4148	0	0	0	4070	0	1894	0	2996	0	0	0	0	0	0	0	0	0	0	0	0	0	0	0	0	0	0	0	0	0	0	0	0	0	0	0	
37796	Temporal_Pole_Sup_R	0	0	0	0	0	0	0	0	0	0	0	0	0	0	0	0	0	872	0	0	0	0	0	0	0	0	0	0	0	710	0	0	0	0	0	0	0	544	0	1326	0	1880	0	0	0	0	0	0	0	0	0	0	0	0	0	3446	0	0	0	0	0	0	0	0	0	0	0	0	0	0	0	0	0	134	0	0	0	0	0	630	0	4144	0	0	0	2510	0	1696	0	1006	0	0	0	0	0	0	0	0	0	0	0	0	0	0	0	0	0	0	0	0	0	0	0	0	0	0	
234668	Temporal_Mid_L	428	0	0	0	0	0	0	0	0	0	0	0	0	0	0	0	860	0	0	104	0	0	0	0	0	0	0	0	1616	0	0	0	0	128	0	0	444	0	0	0	0	0	1266	0	344	0	206	0	272	0	18936	0	3948	0	5136	0	2124	0	286	0	2642	0	6378	0	9068	0	1554	0	1598	116	0	0	0	0	0	0	0	0	1964	0	26938	0	4070	0	0	0	2412	0	23914	0	122	0	0	0	0	0	0	0	460	0	0	0	0	0	0	0	0	0	0	0	0	0	0	0	0	0	
222080	Temporal_Mid_R	0	150	0	0	0	0	0	0	0	0	0	0	0	0	0	0	0	114	0	994	0	0	0	0	0	0	0	0	0	420	0	0	0	954	1968	3308	0	568	0	190	0	0	0	6518	0	4058	0	876	0	3436	0	17540	0	692	760	2378	0	290	0	4170	0	7492	0	5526	0	8858	0	8594	118	962	0	0	0	0	0	0	0	260	0	184	0	8756	0	2510	0	0	0	1000	0	17396	0	0	0	0	0	0	0	0	0	0	0	0	0	0	0	0	0	0	0	0	0	0	0	0	0	0	
17964	Temporal_Pole_Mid_L	0	0	0	0	0	0	0	0	0	0	0	0	0	0	0	0	0	0	0	0	0	0	0	0	0	0	0	0	0	0	0	0	0	0	0	0	132	0	0	0	106	0	0	0	0	0	0	0	0	0	0	0	0	0	1670	0	0	0	0	0	0	0	0	0	0	0	0	0	0	0	0	0	0	0	0	0	0	0	0	0	0	0	1894	0	2412	0	0	0	2768	0	0	0	0	0	0	0	0	0	0	0	0	0	0	0	0	0	0	0	0	0	0	0	0	0	0	0	
10004	Temporal_Pole_Mid_R	0	0	0	0	0	0	0	0	0	0	0	0	0	0	0	0	0	0	0	0	0	0	0	0	0	0	0	0	0	0	0	0	0	0	0	0	0	0	0	624	0	0	0	0	0	0	0	0	0	0	0	0	0	0	0	1106	0	0	0	0	0	0	0	0	0	0	0	0	0	0	0	0	0	0	0	0	0	0	0	0	0	236	0	1696	0	1000	0	0	0	340	0	0	0	0	0	0	0	0	0	0	0	0	0	0	0	0	0	0	0	0	0	0	0	0	0	0	
189704	Temporal_Inf_L	108	0	362	0	0	0	128	0	0	0	0	0	0	0	0	0	150	0	318	0	0	0	0	0	0	0	0	0	4422	0	0	0	0	0	198	0	9852	0	230	0	2488	0	0	0	0	0	0	0	0	0	2600	0	2704	0	20052	0	222	0	0	0	458	0	1516	0	1694	0	142	0	184	0	0	0	734	0	0	0	0	0	532	0	12106	0	2996	0	23914	0	2768	0	0	0	2292	0	178	0	0	0	0	0	1368	0	136	0	0	0	0	0	0	0	0	0	0	0	0	0	0	0	
158876	Temporal_Inf_R	0	538	0	0	0	0	0	0	0	0	0	0	0	0	0	0	0	214	0	1074	0	0	0	0	0	0	0	0	0	724	0	0	0	426	1760	3172	0	5742	0	3502	0	600	0	2490	0	94	0	708	0	134	0	2114	0	2638	1414	19284	0	758	0	2004	0	2536	0	752	0	772	0	2474	174	1138	94	0	0	150	0	0	0	258	0	0	0	1788	0	1006	0	17396	0	340	0	0	0	608	0	0	0	0	0	562	0	0	0	0	0	0	0	0	0	0	0	0	0	0	0	0	0	0	
490108	Cerebelum_Crus1_L	0	0	0	0	0	0	0	0	0	0	0	0	0	0	0	0	0	0	0	0	0	0	0	0	0	0	0	0	0	0	0	0	0	0	0	0	288	0	800	0	0	0	156	0	0	0	17282	690	0	0	538	0	702	0	28526	624	0	0	0	0	0	0	0	0	0	0	0	0	0	0	0	0	0	0	0	0	0	0	0	0	124	0	0	0	122	0	0	0	2292	0	0	2032	41560	2406	640	144	27026	304	69578	2612	14830	348	17280	1102	1528	426	308	0	0	410	2310	2856	4276	488	446	0	
483760	Cerebelum_Crus1_R	0	0	0	0	0	0	0	0	0	0	0	0	0	0	0	0	0	0	0	0	0	0	0	0	0	0	0	0	0	0	0	0	0	0	0	0	0	326	0	960	0	0	146	0	0	0	1762	4846	0	0	0	0	0	262	810	19490	0	0	0	0	0	0	0	0	0	0	0	0	0	0	0	0	0	0	0	0	0	0	0	0	0	0	0	0	0	0	0	0	0	608	2032	0	1034	39218	762	2520	4328	23414	4950	60832	214	14898	354	28664	994	1952	0	0	170	1760	12366	5258	6396	338	216	0	
374504	Cerebelum_Crus2_L	0	0	0	0	0	0	0	0	0	0	0	0	0	0	0	0	0	0	0	0	0	0	0	0	0	0	0	0	0	0	0	0	0	0	0	0	96	0	0	0	0	0	0	0	0	0	2528	214	0	0	328	0	388	0	2736	236	0	0	0	0	0	0	0	0	0	0	0	0	0	0	0	0	0	0	0	0	0	0	0	0	0	0	0	0	0	0	0	0	178	0	41560	1034	0	8584	0	0	2928	0	11742	1054	46340	4326	40094	2010	6932	216	872	0	0	0	244	982	8892	2092	646	0	
331828	Cerebelum_Crus2_R	0	0	0	0	0	0	0	0	0	0	0	0	0	0	0	0	0	0	0	0	0	0	0	0	0	0	0	0	0	0	0	0	0	0	0	0	0	0	0	0	0	0	0	0	0	0	484	542	0	0	0	0	0	0	258	772	0	0	0	0	0	0	0	0	0	0	0	0	0	0	0	0	0	0	0	0	0	0	0	0	0	0	0	0	0	0	0	0	0	0	2406	39218	8584	0	138	126	508	3088	1880	10180	8398	24534	5248	30786	556	1850	0	0	0	522	2196	2628	15932	4376	704	0	
37788	Cerebelum_3_L	0	0	0	0	0	0	0	0	0	0	0	0	0	0	0	0	0	0	0	0	0	0	0	0	0	0	0	0	0	0	0	0	0	0	0	0	92	0	218	0	0	0	0	0	0	0	138	0	0	0	0	0	0	0	0	344	0	0	0	0	0	0	0	0	0	0	0	0	0	0	0	0	0	0	0	0	0	0	0	0	0	0	0	0	0	0	0	0	0	0	640	762	0	138	0	298	5268	422	1872	1066	0	0	0	346	1098	308	0	0	656	1602	2546	796	0	0	284	0	
42116	Cerebelum_3_R	0	0	0	0	0	0	0	0	0	0	0	0	0	0	0	0	0	0	0	0	0	0	0	0	0	0	0	0	0	0	0	0	0	0	0	0	0	0	0	128	0	0	0	0	0	0	0	496	0	0	0	0	0	0	0	184	0	0	0	0	0	0	0	0	0	0	0	0	0	0	0	0	0	0	0	0	0	0	0	0	0	0	0	0	0	0	0	0	0	0	144	2520	0	126	298	0	352	5394	270	5624	0	104	0	768	0	150	0	0	1032	2130	1210	128	0	0	0	0	
310736	Cerebelum_4_5_L	0	0	0	0	0	0	0	0	0	0	0	0	0	0	0	0	0	0	0	0	0	0	0	0	0	0	0	0	0	0	0	0	0	0	120	0	422	0	832	0	0	0	600	0	0	0	13862	1430	0	0	0	0	0	0	13458	3490	0	0	0	0	0	0	0	0	0	0	228	0	0	0	0	0	130	0	0	0	0	0	0	0	0	0	0	0	0	0	0	0	0	0	27026	4328	2928	508	5268	352	0	1314	41706	5784	1332	0	2976	1144	3718	962	456	0	318	1976	12664	3930	172	280	1154	500	
254984	Cerebelum_4_5_R	0	0	0	0	0	0	0	0	0	0	0	0	0	0	0	0	0	0	0	0	0	0	0	0	0	0	0	0	0	0	0	0	0	0	0	260	0	1822	0	2896	0	158	470	0	0	0	1170	6262	0	0	0	0	0	370	194	12878	0	0	0	0	0	0	0	0	0	0	0	782	0	0	0	0	0	0	0	0	0	120	0	0	0	0	0	0	0	0	0	0	0	562	304	23414	0	3088	422	5394	1314	0	1078	36990	0	1278	0	6246	212	898	0	98	330	3100	13584	944	762	0	92	0	
534064	Cerebelum_6_L	0	0	0	0	0	0	0	0	0	0	0	0	0	0	0	0	0	0	0	0	0	0	0	0	0	0	0	0	0	0	0	0	0	0	0	0	468	0	1012	0	0	0	564	0	0	0	26868	2658	0	0	810	0	1016	120	36878	3740	0	0	0	0	0	0	0	0	0	0	136	0	0	0	0	0	0	0	0	0	0	0	0	0	594	0	0	0	460	0	0	0	1368	0	69578	4950	11742	1880	1872	270	41706	1078	0	8918	5220	172	8326	1698	4420	1870	288	0	150	1218	8190	9982	4264	726	1712	110	
502744	Cerebelum_6_R	0	0	0	0	0	0	0	0	0	0	0	0	0	0	0	0	0	0	0	0	0	0	0	0	0	0	0	0	0	0	0	0	0	0	0	0	0	506	0	1430	0	0	458	192	0	0	2946	11520	0	242	0	256	0	2258	968	26952	0	0	0	0	0	0	0	0	0	0	0	0	0	0	0	0	0	0	0	0	0	0	0	0	0	0	0	0	0	0	0	0	0	0	2612	60832	1054	10180	1066	5624	5784	36990	8918	0	328	3552	710	14696	2574	3668	0	98	528	3326	18180	13254	7324	774	1476	96	
309676	Cerebelum_7b_L	0	0	0	0	0	0	0	0	0	0	0	0	0	0	0	0	0	0	0	0	0	0	0	0	0	0	0	0	0	0	0	0	0	0	0	0	92	0	0	0	0	0	0	0	0	0	164	0	0	0	0	0	0	0	1370	0	0	0	0	0	0	0	0	0	0	0	0	0	0	0	0	0	0	0	0	0	0	0	0	0	0	0	0	0	0	0	0	0	136	0	14830	214	46340	8398	0	0	1332	0	5220	328	0	6152	41712	4802	7042	226	934	0	0	0	0	532	8052	6172	790	0	
206536	Cerebelum_7b_R	0	0	0	0	0	0	0	0	0	0	0	0	0	0	0	0	0	0	0	0	0	0	0	0	0	0	0	0	0	0	0	0	0	0	0	0	0	0	0	0	0	0	0	0	0	0	0	0	0	0	0	0	0	0	0	574	0	0	0	0	0	0	0	0	0	0	0	0	0	0	0	0	0	0	0	0	0	0	0	0	0	0	0	0	0	0	0	0	0	0	348	14898	4326	24534	0	104	0	1278	172	3552	6152	0	5268	26904	178	3562	0	0	0	0	234	124	5690	4924	446	0	
341084	Cerebelum_8_L	0	0	0	0	0	0	0	0	0	0	0	0	0	0	0	0	0	0	0	0	0	0	0	0	0	0	0	0	0	0	0	0	0	0	0	0	0	0	0	0	0	0	0	0	0	0	378	96	0	0	0	0	0	0	1598	126	0	0	0	0	0	0	0	0	0	0	0	0	0	0	0	0	0	0	0	0	0	0	0	0	0	0	0	0	0	0	0	0	0	0	17280	354	40094	5248	0	0	2976	0	8326	710	41712	5268	0	7590	17360	992	2050	0	0	0	148	1088	4670	9936	2542	0	
341484	Cerebelum_8_R	0	0	0	0	0	0	0	0	0	0	0	0	0	0	0	0	0	0	0	0	0	0	0	0	0	0	0	0	0	0	0	0	0	0	0	0	0	0	0	188	0	0	0	0	0	0	288	190	0	0	0	0	0	0	114	1262	0	0	0	0	0	0	0	0	0	0	0	0	0	0	0	0	0	0	0	0	0	0	0	0	0	0	0	0	0	0	0	0	0	0	1102	28664	2010	30786	346	768	1144	6246	1698	14696	4802	26904	7590	0	1028	16134	0	198	128	838	3636	2240	6638	8654	2450	0	
133548	Cerebelum_9_L	0	0	0	0	0	0	0	0	0	0	0	0	0	0	0	0	0	0	0	0	0	0	0	0	0	0	0	0	0	0	0	0	0	0	0	0	0	0	0	0	0	0	0	0	0	0	0	134	0	0	0	0	0	0	96	644	0	0	0	0	0	0	0	0	0	0	0	0	0	0	0	0	0	0	0	0	0	0	0	0	0	0	0	0	0	0	0	0	0	0	1528	994	6932	556	1098	0	3718	212	4420	2574	7042	178	17360	1028	0	2276	3476	0	0	0	2720	4270	818	1700	2720	280	
108724	Cerebelum_9_R	0	0	0	0	0	0	0	0	0	0	0	0	0	0	0	0	0	0	0	0	0	0	0	0	0	0	0	0	0	0	0	0	0	0	0	0	0	0	0	96	0	0	0	0	0	0	104	0	0	0	0	0	0	0	0	292	0	0	0	0	0	0	0	0	0	0	0	0	0	0	0	0	0	0	0	0	0	0	0	0	0	0	0	0	0	0	0	0	0	0	426	1952	216	1850	308	150	962	898	1870	3668	226	3562	992	16134	2276	0	0	836	0	0	1858	4718	1366	2992	5488	1122	
16768	Cerebelum_10_L	0	0	0	0	0	0	0	0	0	0	0	0	0	0	0	0	0	0	0	0	0	0	0	0	0	0	0	0	0	0	0	0	0	0	0	0	0	0	0	0	0	0	0	0	0	0	0	0	0	0	0	0	0	0	0	0	0	0	0	0	0	0	0	0	0	0	0	0	0	0	0	0	0	0	0	0	0	0	0	0	0	0	0	0	0	0	0	0	0	0	308	0	872	0	0	0	456	0	288	0	934	0	2050	0	3476	0	0	0	0	0	0	0	0	0	0	0	
2460	Cerebelum_10_R	0	0	0	0	0	0	0	0	0	0	0	0	0	0	0	0	0	0	0	0	0	0	0	0	0	0	0	0	0	0	0	0	0	0	0	0	0	0	0	0	0	0	0	0	0	0	0	0	0	0	0	0	0	0	0	0	0	0	0	0	0	0	0	0	0	0	0	0	0	0	0	0	0	0	0	0	0	0	0	0	0	0	0	0	0	0	0	0	0	0	0	0	0	0	0	0	0	98	0	98	0	0	0	198	0	836	0	0	0	0	0	0	0	0	0	0	
15836	Vermis_1_2	0	0	0	0	0	0	0	0	0	0	0	0	0	0	0	0	0	0	0	0	0	0	0	0	0	0	0	0	0	0	0	0	0	0	0	0	0	0	0	0	0	0	0	0	0	0	0	0	0	0	0	0	0	0	0	0	0	0	0	0	0	0	0	0	0	0	0	0	0	0	0	0	0	0	0	0	0	0	0	0	0	0	0	0	0	0	0	0	0	0	0	170	0	0	656	1032	318	330	150	528	0	0	0	128	0	0	0	0	0	3230	1156	220	0	0	0	0	
48708	Vermis_3	0	0	0	0	0	0	0	0	0	0	0	0	0	0	0	0	0	0	0	0	0	0	0	0	0	0	0	0	0	0	0	0	0	0	0	0	160	0	180	0	0	0	0	0	0	0	0	92	0	0	0	0	0	0	0	144	0	0	0	0	0	0	0	0	0	0	0	0	0	0	0	0	0	0	0	0	0	0	0	0	0	0	0	0	0	0	0	0	0	0	410	1760	0	522	1602	2130	1976	3100	1218	3326	0	0	0	838	0	0	0	0	3230	0	3474	192	0	0	0	0	
239576	Vermis_4_5	0	0	0	0	0	0	0	0	0	0	0	0	0	0	0	0	0	0	0	0	0	0	0	0	0	0	0	0	0	0	0	0	0	0	0	722	0	480	0	108	0	0	1168	0	0	0	4764	4756	0	0	0	0	0	126	2292	7332	0	0	0	0	0	0	0	0	0	0	0	836	0	0	0	0	0	0	0	0	0	132	0	0	0	0	0	0	0	0	0	0	0	0	2310	12366	244	2196	2546	1210	12664	13584	8190	18180	0	234	148	3636	2720	1858	0	0	1156	3474	0	6290	228	228	1798	1812	
184976	Vermis_6	0	0	0	0	0	0	0	0	0	0	0	0	0	0	0	0	0	0	0	0	0	0	0	0	0	0	0	0	0	0	0	0	0	0	0	0	0	0	0	0	0	0	128	0	0	0	2726	5978	0	114	0	130	0	1486	1182	5476	0	0	0	0	0	0	0	0	0	0	0	0	0	0	0	0	0	0	0	0	0	0	0	0	0	0	0	0	0	0	0	0	0	0	2856	5258	982	2628	796	128	3930	944	9982	13254	532	124	1088	2240	4270	4718	0	0	220	192	6290	0	6876	1950	4534	1476	
192600	Vermis_7	0	0	0	0	0	0	0	0	0	0	0	0	0	0	0	0	0	0	0	0	0	0	0	0	0	0	0	0	0	0	0	0	0	0	0	0	0	0	0	0	0	0	0	0	0	0	1720	2778	0	0	0	0	0	1090	666	1972	0	0	0	0	0	0	0	0	0	0	0	0	0	0	0	0	0	0	0	0	0	0	0	0	0	0	0	0	0	0	0	0	0	0	4276	6396	8892	15932	0	0	172	762	4264	7324	8052	5690	4670	6638	818	1366	0	0	0	0	228	6876	0	3986	1732	0	
109048	Vermis_8	0	0	0	0	0	0	0	0	0	0	0	0	0	0	0	0	0	0	0	0	0	0	0	0	0	0	0	0	0	0	0	0	0	0	0	0	0	0	0	0	0	0	0	0	0	0	0	0	0	0	0	0	0	0	0	0	0	0	0	0	0	0	0	0	0	0	0	0	0	0	0	0	0	0	0	0	0	0	0	0	0	0	0	0	0	0	0	0	0	0	488	338	2092	4376	0	0	280	0	726	774	6172	4924	9936	8654	1700	2992	0	0	0	0	228	1950	3986	0	4814	94	
