data	data	598204	289352	790496	727536	158220	81300	359076	145084	70976	39516	169344	132792	156224	107652	105596	102824	180248	118948	762928	824372	80736	73972	233240	292804	10328	117036	68904	62468	449104	276428	221220	448456	141276	505940	148716	180144	226504	212848	91288	149780	41360	56756	305556	277112	212728	232840	341548	364128	274016	267580	485644	238740	165344	129516	384280	409008	211812	283712	99404	118080	182940	127636	101820	85120	143836	131232	290224	356668	334492	375820	197796	256076	317788	199296	78120	32920	131612	122648	62068	11816	152640	88344	76984	48092	319424	294520	29080	19124	304104	198660	550016	595484	442048	422836	32956	59908	377848	348596	574156	531396	271444	257044	406532	431720	224724	216624	35272	28448	28264	60220	404896	292040	205304	247004	187648	63644	
data	data	Precentral_L	Precentral_R	Frontal_Sup_L	Frontal_Sup_R	Frontal_Sup_Orb_L	Frontal_Sup_Orb_R	Frontal_Mid_L	Frontal_Mid_R	Frontal_Mid_Orb_L	Frontal_Mid_Orb_R	Frontal_Inf_Oper_L	Frontal_Inf_Oper_R	Frontal_Inf_Tri_L	Frontal_Inf_Tri_R	Frontal_Inf_Orb_L	Frontal_Inf_Orb_R	Rolandic_Oper_L	Rolandic_Oper_R	Supp_Motor_Area_L	Supp_Motor_Area_R	Olfactory_L	Olfactory_R	Frontal_Sup_Medial_L	Frontal_Sup_Medial_R	Frontal_Med_Orb_L	Frontal_Med_Orb_R	Rectus_L	Rectus_R	Insula_L	Insula_R	Cingulum_Ant_L	Cingulum_Ant_R	Cingulum_Mid_L	Cingulum_Mid_R	Cingulum_Post_L	Cingulum_Post_R	Hippocampus_L	Hippocampus_R	ParaHippocampal_L	ParaHippocampal_R	Amygdala_L	Amygdala_R	Calcarine_L	Calcarine_R	Cuneus_L	Cuneus_R	Lingual_L	Lingual_R	Occipital_Sup_L	Occipital_Sup_R	Occipital_Mid_L	Occipital_Mid_R	Occipital_Inf_L	Occipital_Inf_R	Fusiform_L	Fusiform_R	Postcentral_L	Postcentral_R	Parietal_Sup_L	Parietal_Sup_R	Parietal_Inf_L	Parietal_Inf_R	SupraMarginal_L	SupraMarginal_R	Angular_L	Angular_R	Precuneus_L	Precuneus_R	Paracentral_Lobule_L	Paracentral_Lobule_R	Caudate_L	Caudate_R	Putamen_L	Putamen_R	Pallidum_L	Pallidum_R	Thalamus_L	Thalamus_R	Heschl_L	Heschl_R	Temporal_Sup_L	Temporal_Sup_R	Temporal_Pole_Sup_L	Temporal_Pole_Sup_R	Temporal_Mid_L	Temporal_Mid_R	Temporal_Pole_Mid_L	Temporal_Pole_Mid_R	Temporal_Inf_L	Temporal_Inf_R	Cerebelum_Crus1_L	Cerebelum_Crus1_R	Cerebelum_Crus2_L	Cerebelum_Crus2_R	Cerebelum_3_L	Cerebelum_3_R	Cerebelum_4_5_L	Cerebelum_4_5_R	Cerebelum_6_L	Cerebelum_6_R	Cerebelum_7b_L	Cerebelum_7b_R	Cerebelum_8_L	Cerebelum_8_R	Cerebelum_9_L	Cerebelum_9_R	Cerebelum_10_L	Cerebelum_10_R	Vermis_1_2	Vermis_3	Vermis_4_5	Vermis_6	Vermis_7	Vermis_8	Vermis_9	Vermis_10	
598204	Precentral_L	0	2486	31696	3546	108	0	18100	0	202	0	12518	0	720	0	0	0	15482	0	19602	13134	0	0	0	0	0	0	0	0	16866	0	176	0	314	8602	2428	2312	9890	636	1932	0	280	0	188	0	138	0	210	0	92	0	516	0	310	0	1136	0	20128	2894	908	0	5046	0	2200	0	506	0	448	252	37696	7714	5528	220	12056	0	6540	0	24690	296	3450	0	2288	0	154	0	898	0	0	0	1570	0	0	0	0	0	0	0	0	0	0	0	0	0	0	0	0	0	0	0	0	0	0	0	0	0	0	0	
289352	Precentral_R	2486	0	1198	10572	0	0	1010	12462	0	0	0	6114	0	264	0	0	0	1034	3850	7584	0	0	0	0	0	0	0	0	0	2626	174	142	0	1528	302	1064	112	5702	0	1868	0	142	0	1496	0	198	0	1022	0	296	0	1726	0	3640	0	2228	132	19274	0	280	0	698	0	1008	0	346	0	1800	3810	13174	2074	6996	252	4920	0	716	162	12104	0	0	0	244	0	0	0	2504	0	0	0	3024	0	0	0	0	0	0	0	318	0	0	0	0	0	0	0	0	0	0	0	0	0	0	0	0	0	0	
790496	Frontal_Sup_L	31696	1198	0	8420	9882	0	56018	534	3662	0	15218	0	15394	0	4676	0	12856	0	72854	9680	242	0	31714	952	568	0	484	0	32386	0	12316	808	3884	904	0	0	2628	0	402	0	86	0	0	0	0	0	0	0	0	0	0	0	0	0	160	0	4412	0	0	0	652	0	192	0	0	0	0	0	7992	226	7780	0	30020	0	6718	0	3612	90	690	0	1914	0	1018	0	0	0	0	0	310	0	0	0	0	0	0	0	0	0	0	0	0	0	0	0	0	0	0	0	0	0	0	0	0	0	0	0	
727536	Frontal_Sup_R	3546	10572	8420	0	0	3770	874	13662	88	2286	140	9024	102	5932	0	6120	0	5404	28756	81168	0	0	7080	36226	0	4148	0	0	392	15508	3912	33960	1608	19488	0	0	322	678	0	452	0	172	0	0	0	0	0	0	0	0	0	0	0	0	0	142	84	194	0	0	0	0	0	0	0	0	0	0	3764	0	4884	27618	1038	7306	374	2604	188	11482	0	0	0	0	0	280	0	0	0	0	0	0	0	0	0	0	0	0	0	0	0	0	0	0	0	0	0	0	0	0	0	0	0	0	0	0	0	0	
158220	Frontal_Sup_Orb_L	108	0	9882	0	0	0	1584	0	9432	0	120	0	2344	0	12756	0	0	0	1466	0	4932	2562	1616	0	1496	386	7002	1420	7318	0	2928	1434	0	0	0	0	0	0	0	0	0	0	0	0	0	0	0	0	0	0	0	0	0	0	0	0	0	0	0	0	0	0	0	0	0	0	0	0	0	0	2972	634	6718	0	0	0	0	0	0	0	0	0	0	0	0	0	0	0	0	0	0	0	0	0	0	0	0	0	0	0	0	0	0	0	0	0	0	0	0	0	0	0	0	0	0	0	
81300	Frontal_Sup_Orb_R	0	0	0	3770	0	0	0	410	0	4898	0	0	0	594	0	7974	0	0	0	158	0	2002	156	2924	0	9324	0	4814	0	722	0	2056	0	150	0	0	0	0	0	0	0	84	0	0	0	0	0	0	0	0	0	0	0	0	0	0	0	0	0	0	0	0	0	0	0	0	0	0	0	0	0	488	0	126	0	0	0	0	0	0	0	0	0	0	0	0	0	0	0	0	0	0	0	0	0	0	0	0	0	0	0	0	0	0	0	0	0	0	0	0	0	0	0	0	0	0	
359076	Frontal_Mid_L	18100	1010	56018	874	1584	0	0	196	1378	0	11008	0	16620	0	1666	0	3652	0	15398	634	0	0	13132	354	0	0	0	0	14474	0	5414	438	2932	506	0	0	1264	0	0	0	0	0	0	0	0	0	0	0	0	0	0	0	0	0	0	0	532	0	0	0	620	0	226	0	0	0	0	0	94	0	1496	0	6104	0	1726	0	1378	0	414	0	194	0	102	0	0	0	0	0	0	0	0	0	0	0	0	0	0	0	0	0	0	0	0	0	0	0	0	0	0	0	0	0	0	0	0	0	
145084	Frontal_Mid_R	0	12462	534	13662	0	410	196	0	0	1312	0	3424	0	5848	0	2398	0	346	5844	4996	0	0	180	1628	0	0	0	0	0	2312	602	2916	156	4242	0	0	158	264	0	172	0	0	0	0	0	0	0	0	0	0	0	0	0	0	0	0	0	114	0	0	0	0	0	0	0	0	0	0	0	0	902	3100	230	800	0	90	0	3244	0	0	0	0	0	0	0	0	0	0	0	0	0	0	0	0	0	0	0	0	0	0	0	0	0	0	0	0	0	0	0	0	0	0	0	0	0	0	
70976	Frontal_Mid_Orb_L	202	0	3662	88	9432	0	1378	0	0	0	94	0	2112	0	9708	0	0	0	1138	130	588	0	0	0	0	0	1406	0	3526	0	0	0	0	0	0	0	84	0	0	0	0	0	0	0	0	0	0	0	0	0	0	0	0	0	0	0	0	0	0	0	0	0	0	0	0	0	0	0	0	0	372	0	1472	0	96	0	0	0	0	0	0	0	0	0	0	0	0	0	0	0	0	0	0	0	0	0	0	0	0	0	0	0	0	0	0	0	0	0	0	0	0	0	0	0	0	0	
39516	Frontal_Mid_Orb_R	0	0	0	2286	0	4898	0	1312	0	0	0	0	0	512	0	7804	0	0	0	0	0	0	0	1096	0	1850	0	0	0	0	0	0	0	0	0	0	0	0	0	0	0	0	0	0	0	0	0	0	0	0	0	0	0	0	0	0	0	0	0	0	0	0	0	0	0	0	0	0	0	0	0	0	0	0	0	0	0	0	0	0	0	0	0	0	0	0	0	0	0	0	0	0	0	0	0	0	0	0	0	0	0	0	0	0	0	0	0	0	0	0	0	0	0	0	0	0	
169344	Frontal_Inf_Oper_L	12518	0	15218	140	120	0	11008	0	94	0	0	0	9392	0	0	0	10354	0	5630	158	0	0	112	0	0	0	0	0	13790	0	474	0	138	0	0	0	458	0	0	0	0	0	0	0	0	0	0	0	0	0	0	0	0	0	0	0	996	0	0	0	316	0	136	0	0	0	0	0	0	0	474	0	946	0	84	0	0	0	228	0	694	0	1194	0	0	0	0	0	0	0	0	0	0	0	0	0	0	0	0	0	0	0	0	0	0	0	0	0	0	0	0	0	0	0	0	0	
132792	Frontal_Inf_Oper_R	0	6114	0	9024	0	0	0	3424	0	0	0	0	0	3908	0	0	0	6694	2020	8666	0	0	0	414	0	116	0	0	0	13056	0	830	0	1232	0	0	0	442	0	114	0	0	0	0	0	0	0	0	0	0	0	0	0	0	0	114	0	2166	0	92	0	218	0	132	0	0	0	112	0	106	0	1024	0	5256	0	558	0	170	0	0	0	0	0	394	0	0	0	0	0	0	0	0	0	0	0	0	0	0	0	0	0	0	0	0	0	0	0	0	0	0	0	0	0	0	0	0	
156224	Frontal_Inf_Tri_L	720	0	15394	102	2344	0	16620	0	2112	0	9392	0	0	0	4532	0	0	0	3942	0	0	0	1450	0	0	0	0	0	17746	0	2604	0	140	0	0	0	0	0	0	0	0	0	0	0	0	0	0	0	0	0	0	0	0	0	0	0	0	0	0	0	0	0	0	0	0	0	0	0	0	0	364	0	650	0	0	0	0	0	0	0	0	0	0	0	0	0	0	0	0	0	0	0	0	0	0	0	0	0	0	0	0	0	0	0	0	0	0	0	0	0	0	0	0	0	0	0	
107652	Frontal_Inf_Tri_R	0	264	0	5932	0	594	0	5848	0	512	0	3908	0	0	0	6162	0	90	2862	4262	0	0	240	2870	0	652	0	0	0	9062	82	4530	176	3754	0	0	0	0	0	0	0	0	0	0	0	0	0	0	0	0	0	0	0	0	0	0	0	0	0	0	0	0	0	0	0	0	0	0	0	0	100	1074	0	852	0	0	0	0	0	0	0	0	0	0	0	0	0	0	0	0	0	0	0	0	0	0	0	0	0	0	0	0	0	0	0	0	0	0	0	0	0	0	0	0	0	0	
105596	Frontal_Inf_Orb_L	0	0	4676	0	12756	0	1666	0	9708	0	0	0	4532	0	0	0	0	0	926	0	2248	0	212	0	106	0	2434	0	8304	0	234	0	156	0	0	0	628	0	0	0	558	0	0	0	0	0	0	0	0	0	0	0	0	0	0	0	0	0	0	0	0	0	0	0	0	0	0	0	0	0	308	0	2712	0	0	0	0	0	0	0	0	0	634	0	0	0	0	0	0	0	0	0	0	0	0	0	0	0	0	0	0	0	0	0	0	0	0	0	0	0	0	0	0	0	0	0	
102824	Frontal_Inf_Orb_R	0	0	0	6120	0	7974	0	2398	0	7804	0	0	0	6162	0	0	0	0	234	676	0	244	320	3324	0	5452	0	226	0	4626	0	3434	206	1388	0	0	0	0	0	0	0	0	0	0	0	0	0	0	0	0	0	0	0	0	0	0	0	0	0	0	0	0	0	0	0	0	0	0	0	0	0	124	0	96	0	0	0	0	0	0	0	186	0	418	0	0	0	0	0	0	0	0	0	0	0	0	0	0	0	0	0	0	0	0	0	0	0	0	0	0	0	0	0	0	0	0	
180248	Rolandic_Oper_L	15482	0	12856	0	0	0	3652	0	0	0	10354	0	0	0	0	0	0	0	6404	0	0	0	0	0	0	0	0	0	14988	0	0	0	0	0	0	0	256	0	0	0	0	0	286	0	82	0	0	0	0	0	1012	0	566	0	0	0	6476	0	0	0	560	0	2424	0	136	0	318	0	0	0	0	0	618	0	86	0	0	0	2804	0	6870	0	970	0	1516	0	0	0	1408	0	0	0	0	0	0	0	0	0	0	0	0	0	0	0	0	0	0	0	0	0	0	0	0	0	0	0	
118948	Rolandic_Oper_R	0	1034	0	5404	0	0	0	346	0	0	0	6694	0	90	0	0	0	0	936	5172	0	0	0	90	0	0	0	0	0	12598	0	108	0	458	0	0	0	3062	0	1144	0	0	0	0	0	0	0	84	0	0	0	0	0	288	0	882	0	2338	0	458	0	1266	0	1748	0	294	0	334	0	350	0	502	0	7916	0	2130	0	508	0	1204	0	944	0	398	0	258	0	0	0	436	0	0	0	0	0	0	0	0	0	0	0	0	0	0	0	0	0	0	0	0	0	0	0	0	0	0	
762928	Supp_Motor_Area_L	19602	3850	72854	28756	1466	0	15398	5844	1138	0	5630	2020	3942	2862	926	234	6404	936	0	58720	172	0	7460	6762	0	116	272	0	16670	2314	8282	8354	10656	28716	526	178	1544	0	356	0	0	0	0	0	0	0	0	0	0	0	0	0	0	0	142	0	5314	348	0	0	162	0	118	0	0	0	0	0	8688	1596	10410	312	24000	430	4006	0	312	170	450	0	1272	0	470	0	0	0	0	0	304	0	0	0	0	0	0	0	0	0	0	0	0	0	0	0	0	0	0	0	0	0	0	0	0	0	0	0	
824372	Supp_Motor_Area_R	13134	7584	9680	81168	0	158	634	4996	130	0	158	8666	0	4262	0	676	0	5172	58720	0	0	0	2716	15358	0	724	0	0	300	11460	5818	27126	6126	58412	156	1960	276	780	0	142	0	0	0	284	0	0	0	0	0	0	0	296	0	250	0	0	0	6102	0	0	0	0	0	0	0	0	0	482	19010	21796	6262	19584	868	5518	382	1254	284	2410	0	0	0	0	0	286	0	320	0	0	0	306	0	0	0	0	0	0	0	0	0	0	0	0	0	0	0	0	0	0	0	0	0	0	0	0	0	0	
80736	Olfactory_L	0	0	242	0	4932	0	0	0	588	0	0	0	0	0	2248	0	0	0	172	0	0	5158	0	0	0	856	6446	2102	1716	0	3190	2492	0	0	0	0	776	0	250	0	1074	0	0	0	0	0	0	0	0	0	0	0	0	0	234	0	0	0	0	0	0	0	0	0	0	0	0	0	0	0	6078	930	362	0	0	0	0	0	0	0	0	0	522	0	0	0	0	0	0	0	0	0	0	0	0	0	0	0	0	0	0	0	0	0	0	0	0	0	0	0	0	0	0	0	0	0	
73972	Olfactory_R	0	0	0	0	2562	2002	0	0	0	0	0	0	0	0	0	244	0	0	0	0	5158	0	0	0	0	2252	3910	4950	0	2094	2794	3880	0	0	0	0	0	0	0	0	0	624	0	0	0	0	0	0	0	0	0	0	0	0	0	0	0	0	0	0	0	0	0	0	0	0	0	0	0	0	5070	1332	0	0	0	0	0	114	0	0	0	0	0	0	0	0	0	0	0	0	0	0	0	0	0	0	0	0	0	0	0	0	0	0	0	0	0	0	0	0	0	0	0	0	0	0	
233240	Frontal_Sup_Medial_L	0	0	31714	7080	1616	156	13132	180	0	0	112	0	1450	240	212	320	0	0	7460	2716	0	0	0	10226	1226	488	0	0	2486	186	10776	8822	4482	7618	0	0	0	0	0	0	0	0	0	0	0	0	0	0	0	0	0	0	0	0	0	0	0	0	0	0	0	0	0	0	0	0	0	0	0	0	388	296	3238	0	0	0	0	0	0	0	0	0	0	0	0	0	0	0	0	0	0	0	0	0	0	0	0	0	0	0	0	0	0	0	0	0	0	0	0	0	0	0	0	0	0	0	
292804	Frontal_Sup_Medial_R	0	0	952	36226	0	2924	354	1628	0	1096	0	414	0	2870	0	3324	0	90	6762	15358	0	0	10226	0	0	6528	0	96	144	3328	2560	28170	722	16058	0	0	0	0	0	0	0	0	0	0	0	0	0	0	0	0	0	0	0	0	0	0	0	0	0	0	0	0	0	0	0	0	0	0	0	0	0	4346	116	2022	0	0	0	88	0	0	0	0	0	0	0	0	0	0	0	0	0	0	0	0	0	0	0	0	0	0	0	0	0	0	0	0	0	0	0	0	0	0	0	0	0	0	
10328	Frontal_Med_Orb_L	0	0	568	0	1496	0	0	0	0	0	0	0	0	0	106	0	0	0	0	0	0	0	1226	0	0	116	544	0	0	0	892	0	0	0	0	0	0	0	0	0	0	0	0	0	0	0	0	0	0	0	0	0	0	0	0	0	0	0	0	0	0	0	0	0	0	0	0	0	0	0	0	0	216	0	0	0	0	0	0	0	0	0	0	0	0	0	0	0	0	0	0	0	0	0	0	0	0	0	0	0	0	0	0	0	0	0	0	0	0	0	0	0	0	0	0	0	
117036	Frontal_Med_Orb_R	0	0	0	4148	386	9324	0	0	0	1850	0	116	0	652	0	5452	0	0	116	724	856	2252	488	6528	116	0	626	5878	0	1334	1136	8608	0	398	0	0	0	0	0	0	0	0	0	0	0	0	0	0	0	0	0	0	0	0	0	0	0	0	0	0	0	0	0	0	0	0	0	0	0	0	350	4230	0	2950	0	0	0	0	0	0	0	0	0	0	0	0	0	0	0	0	0	0	0	0	0	0	0	0	0	0	0	0	0	0	0	0	0	0	0	0	0	0	0	0	0	0	
68904	Rectus_L	0	0	484	0	7002	0	0	0	1406	0	0	0	0	0	2434	0	0	0	272	0	6446	3910	0	0	544	626	0	1752	804	0	1984	1596	0	0	0	0	0	0	0	0	0	0	0	0	0	0	0	0	0	0	0	0	0	0	0	0	0	0	0	0	0	0	0	0	0	0	0	0	0	0	4034	728	430	0	0	0	0	0	0	0	0	0	0	0	0	0	0	0	0	0	0	0	0	0	0	0	0	0	0	0	0	0	0	0	0	0	0	0	0	0	0	0	0	0	0	0	
62468	Rectus_R	0	0	0	0	1420	4814	0	0	0	0	0	0	0	0	0	226	0	0	0	0	2102	4950	0	96	0	5878	1752	0	0	450	1710	4546	0	0	0	0	0	0	0	0	0	104	0	0	0	0	0	0	0	0	0	0	0	0	0	0	0	0	0	0	0	0	0	0	0	0	0	0	0	0	1496	1498	0	192	0	0	0	0	0	0	0	0	0	0	0	0	0	0	0	0	0	0	0	0	0	0	0	0	0	0	0	0	0	0	0	0	0	0	0	0	0	0	0	0	0	0	
449104	Insula_L	16866	0	32386	392	7318	0	14474	0	3526	0	13790	0	17746	0	8304	0	14988	0	16670	300	1716	0	2486	144	0	0	804	0	0	0	3458	356	1128	384	0	0	9836	0	1638	0	1592	0	102	0	0	0	0	0	0	0	256	0	140	0	1928	0	3112	0	0	0	2202	0	1928	0	420	0	230	0	84	0	1098	0	19524	0	198	0	482	0	7388	0	5140	0	2340	0	2696	0	0	0	4682	0	300	0	0	0	0	0	0	0	0	0	0	0	0	0	0	0	0	0	0	0	0	0	0	0	0	0	
276428	Insula_R	0	2626	0	15508	0	722	0	2312	0	0	0	13056	0	9062	0	4626	0	12598	2314	11460	0	2094	186	3328	0	1334	0	450	0	0	106	5316	134	2022	0	0	0	3770	0	700	0	948	0	0	0	0	0	0	0	0	0	0	0	154	0	4106	0	928	0	0	0	0	0	96	0	0	0	140	0	140	274	2752	0	14758	0	708	0	450	0	1060	0	7194	0	852	0	3890	0	0	0	5122	0	270	0	0	0	0	0	88	0	310	0	0	0	250	0	0	0	0	0	0	0	0	0	0	0	0	
221220	Cingulum_Ant_L	176	174	12316	3912	2928	0	5414	602	0	0	474	0	2604	82	234	0	0	0	8282	5818	3190	2794	10776	2560	892	1136	1984	1710	3458	106	0	14598	5426	4186	184	0	0	0	0	0	0	0	0	0	0	0	0	0	0	0	0	0	0	0	0	0	82	0	0	0	132	0	0	0	0	0	0	0	0	0	4906	1966	6834	674	0	0	0	0	0	0	0	0	0	0	0	0	0	0	0	0	0	0	0	0	0	0	0	0	0	0	0	0	0	0	0	0	0	0	0	0	0	0	0	0	0	0	
448456	Cingulum_Ant_R	0	142	808	33960	1434	2056	438	2916	0	0	0	830	0	4530	0	3434	0	108	8354	27126	2492	3880	8822	28170	0	8608	1596	4546	356	5316	14598	0	3662	28064	0	0	0	0	0	0	0	0	0	0	0	0	0	0	0	0	0	0	0	0	0	0	0	0	0	0	0	0	0	0	0	0	0	0	0	0	2078	16554	412	8620	0	172	0	146	0	0	0	0	0	0	0	0	0	0	0	0	0	0	0	0	0	0	0	0	0	0	0	0	0	0	0	0	0	0	0	0	0	0	0	0	0	0	
141276	Cingulum_Mid_L	314	0	3884	1608	0	0	2932	156	0	0	138	0	140	176	156	206	0	0	10656	6126	0	0	4482	722	0	0	0	0	1128	134	5426	3662	0	13150	4032	1482	0	0	0	0	0	0	144	0	430	0	0	0	550	0	462	0	106	0	0	0	498	452	0	0	0	0	0	0	0	0	2252	518	2284	790	122	190	1130	0	0	0	0	0	0	0	0	0	0	0	0	0	0	0	0	0	0	0	0	0	0	0	0	0	0	0	0	0	0	0	0	0	0	0	0	0	0	0	0	0	0	0	
505940	Cingulum_Mid_R	8602	1528	904	19488	0	150	506	4242	0	0	0	1232	0	3754	0	1388	0	458	28716	58412	0	0	7618	16058	0	398	0	0	384	2022	4186	28064	13150	0	1138	7822	0	142	0	0	0	0	0	208	94	398	0	0	0	0	0	108	0	0	0	0	110	4514	0	0	0	0	0	0	0	0	846	4054	12678	16312	830	1050	320	754	0	0	110	98	0	0	0	0	0	0	0	124	0	0	0	0	0	0	0	0	0	0	0	0	0	0	0	0	0	0	0	0	0	0	0	0	0	0	0	0	0	0	
148716	Cingulum_Post_L	2428	302	0	0	0	0	0	0	0	0	0	0	0	0	0	0	0	0	526	156	0	0	0	0	0	0	0	0	0	0	184	0	4032	1138	0	13894	5722	2626	1868	366	0	0	2894	140	1340	0	1266	120	852	0	1488	0	934	0	520	0	4354	2708	268	0	114	0	0	0	182	0	7048	3458	7912	2886	0	0	0	0	0	0	1540	0	0	0	0	0	0	0	216	0	0	0	628	0	0	0	0	0	0	0	0	0	0	0	0	0	0	0	0	0	0	0	0	0	248	0	0	0	0	0	
180144	Cingulum_Post_R	2312	1064	0	0	0	0	0	0	0	0	0	0	0	0	0	0	0	0	178	1960	0	0	0	0	0	0	0	0	0	0	0	0	1482	7822	13894	0	4656	4196	1042	578	0	0	0	1256	0	780	152	3174	0	562	0	684	0	452	108	146	714	6972	0	402	0	180	0	90	0	276	1530	13566	3208	10460	0	0	0	0	0	0	2146	660	0	0	0	0	0	0	0	1266	0	0	108	758	0	0	0	0	0	0	0	170	0	0	0	0	0	0	0	0	0	0	0	0	1068	0	0	0	0	0	
226504	Hippocampus_L	9890	112	2628	322	0	0	1264	158	84	0	458	0	0	0	628	0	256	0	1544	276	776	0	0	0	0	0	0	0	9836	0	0	0	0	0	5722	4656	0	2116	13804	372	7756	0	1562	0	0	0	2232	322	0	0	114	0	98	0	9668	0	740	0	0	0	392	0	174	0	0	0	1818	1092	900	0	998	0	10206	0	1384	0	4188	624	1470	0	854	0	1586	0	654	0	148	0	8288	0	412	0	0	0	0	0	218	0	452	0	0	0	0	0	0	0	0	0	0	0	0	0	0	0	0	0	
212848	Hippocampus_R	636	5702	0	678	0	0	0	264	0	0	0	442	0	0	0	0	0	3062	0	780	0	0	0	0	0	0	0	0	0	3770	0	0	0	142	2626	4196	2116	0	214	18060	0	7198	0	152	0	0	0	3032	0	0	0	0	0	558	0	19016	204	1224	0	0	0	138	0	1466	0	174	150	2710	502	844	0	90	0	7324	0	320	1050	6218	0	86	0	908	0	906	0	210	0	318	0	3290	0	838	0	108	0	0	0	2744	0	1158	0	0	0	800	0	0	0	0	0	0	0	0	0	0	0	0	
91288	ParaHippocampal_L	1932	0	402	0	0	0	0	0	0	0	0	0	0	0	0	0	0	0	356	0	250	0	0	0	0	0	0	0	1638	0	0	0	0	0	1868	1042	13804	214	0	112	1950	0	768	0	0	0	3650	282	0	0	0	0	128	0	7866	0	152	0	0	0	84	0	0	0	0	0	804	400	0	0	0	0	1652	0	0	0	594	0	0	0	0	0	130	0	0	0	0	0	2378	0	594	0	184	0	394	0	742	0	856	0	0	0	124	0	0	0	0	0	114	180	0	0	0	0	0	0	
149780	ParaHippocampal_R	0	1868	0	452	0	0	0	172	0	0	0	114	0	0	0	0	0	1144	0	142	0	0	0	0	0	0	0	0	0	700	0	0	0	0	366	578	372	18060	112	0	0	4438	0	196	0	0	0	6200	0	0	0	0	0	1652	0	17344	0	346	0	0	0	0	0	0	0	0	108	2556	0	320	0	112	0	2434	0	142	98	2506	0	0	0	158	0	892	0	152	0	310	0	404	0	1146	0	144	0	198	0	6484	0	1434	0	0	0	934	0	0	0	0	0	0	102	0	0	0	0	0	
41360	Amygdala_L	280	0	86	0	0	0	0	0	0	0	0	0	0	0	558	0	0	0	0	0	1074	0	0	0	0	0	0	0	1592	0	0	0	0	0	0	0	7756	0	1950	0	0	0	0	0	0	0	0	0	0	0	0	0	0	0	2624	0	0	0	0	0	0	0	0	0	0	0	0	0	0	0	0	0	96	0	0	0	630	0	0	0	0	0	1236	0	466	0	132	0	2200	0	0	0	0	0	0	0	0	0	0	0	0	0	0	0	0	0	0	0	0	0	0	0	0	0	0	0	
56756	Amygdala_R	0	142	0	172	0	84	0	0	0	0	0	0	0	0	0	0	0	0	0	0	0	624	0	0	0	0	0	104	0	948	0	0	0	0	0	0	0	7198	0	4438	0	0	0	0	0	0	0	0	0	0	0	0	0	0	0	7610	0	0	0	0	0	0	0	0	0	0	0	0	0	0	0	136	0	524	0	0	0	1020	0	0	0	0	0	2312	0	0	0	834	0	2232	0	0	0	0	0	0	0	0	0	0	0	0	0	0	0	0	0	0	0	0	0	0	0	0	0	0	
305556	Calcarine_L	188	0	0	0	0	0	0	0	0	0	0	0	0	0	0	0	286	0	0	0	0	0	0	0	0	0	0	0	102	0	0	0	144	0	2894	0	1562	0	768	0	0	0	0	8142	15476	5680	13060	2486	12950	3038	30458	420	13562	176	3914	534	1604	0	520	0	1332	0	244	0	1848	0	21690	600	620	0	0	0	0	0	0	0	0	0	0	0	152	0	0	0	3408	266	0	0	3278	106	0	0	0	0	0	0	310	0	326	0	0	0	0	0	0	0	0	0	0	0	476	158	0	0	0	0	
277112	Calcarine_R	0	1496	0	0	0	0	0	0	0	0	0	0	0	0	0	0	0	0	0	284	0	0	0	0	0	0	0	0	0	0	0	0	0	208	140	1256	0	152	0	196	0	0	8142	0	4450	20688	2062	14298	562	17398	546	15018	0	7722	0	4844	0	2660	0	454	0	454	0	94	0	1070	372	16868	0	3140	0	0	0	0	0	0	0	0	0	0	0	0	0	0	0	10710	0	0	0	2726	0	0	0	0	0	0	0	274	0	0	0	0	0	0	0	0	0	0	0	0	162	110	0	0	0	0	
212728	Cuneus_L	138	0	0	0	0	0	0	0	0	0	0	0	0	0	0	0	82	0	0	0	0	0	0	0	0	0	0	0	0	0	0	0	430	94	1340	0	0	0	0	0	0	0	15476	4450	0	6652	618	0	27760	3076	22574	452	1856	130	114	0	710	0	1056	0	876	0	182	0	1332	0	13364	854	464	0	0	0	0	0	0	0	0	0	0	0	0	0	0	0	1660	242	0	0	382	0	0	0	0	0	0	0	0	0	0	0	0	0	0	0	0	0	0	0	0	0	0	0	0	0	0	0	
232840	Cuneus_R	0	198	0	0	0	0	0	0	0	0	0	0	0	0	0	0	0	0	0	0	0	0	0	0	0	0	0	0	0	0	0	0	0	398	0	780	0	0	0	0	0	0	5680	20688	6652	0	786	2480	784	31634	740	11054	0	970	0	480	0	1230	0	5102	0	88	0	0	0	422	1658	14562	0	1618	0	0	0	0	0	0	0	0	0	0	0	0	0	0	0	8196	0	0	0	220	0	0	0	0	0	0	0	0	0	0	0	0	0	0	0	0	0	0	0	0	0	0	0	0	0	0	
341548	Lingual_L	210	0	0	0	0	0	0	0	0	0	0	0	0	0	0	0	0	0	0	0	0	0	0	0	0	0	0	0	0	0	0	0	0	0	1266	152	2232	0	3650	0	0	0	13060	2062	618	786	0	5716	2574	736	9642	94	6380	0	23548	860	0	0	0	0	0	0	0	0	0	0	2848	88	0	0	0	0	0	0	0	0	0	0	0	0	0	0	0	0	218	0	0	0	950	0	13154	722	2750	338	680	198	24684	2092	27060	2290	156	0	502	0	1786	414	98	0	0	264	11590	3076	0	132	370	728	
364128	Lingual_R	0	1022	0	0	0	0	0	0	0	0	0	0	0	0	0	0	0	84	0	0	0	0	0	0	0	0	0	0	0	0	0	0	0	0	120	3174	322	3032	282	6200	0	0	2486	14298	0	2480	5716	0	0	3976	762	4428	418	5724	3020	18804	0	1010	0	194	0	0	0	0	0	218	226	10748	0	1172	0	0	0	0	0	0	0	452	0	0	0	0	0	0	0	1656	0	0	0	1164	6534	7256	3652	888	286	592	6140	10098	11136	12332	0	84	208	226	1226	666	108	0	0	136	11382	11916	2286	130	710	884	
274016	Occipital_Sup_L	92	0	0	0	0	0	0	0	0	0	0	0	0	0	0	0	0	0	0	0	0	0	0	0	0	0	0	0	0	0	0	0	550	0	852	0	0	0	0	0	0	0	12950	562	27760	784	2574	0	0	0	51134	0	2434	0	136	0	906	0	7114	0	1852	0	136	0	1824	0	15682	420	516	0	0	0	0	0	0	0	0	0	0	0	0	0	0	0	7904	0	0	0	826	0	0	0	0	0	0	0	0	0	0	0	0	0	0	0	0	0	0	0	0	0	0	0	0	0	0	0	
267580	Occipital_Sup_R	0	296	0	0	0	0	0	0	0	0	0	0	0	0	0	0	0	0	0	0	0	0	0	0	0	0	0	0	0	0	0	0	0	0	0	562	0	0	0	0	0	0	3038	17398	3076	31634	736	3976	0	0	0	19850	0	1060	0	1586	0	1548	0	9762	0	2824	0	636	0	5520	566	12044	0	2584	0	0	0	0	0	0	0	0	0	0	0	90	0	0	0	14668	0	0	0	246	0	0	0	0	0	0	0	0	0	0	0	0	0	0	0	0	0	0	0	0	0	90	0	0	0	0	
485644	Occipital_Mid_L	516	0	0	0	0	0	0	0	0	0	0	0	0	0	0	0	1012	0	0	0	0	0	0	0	0	0	0	0	256	0	0	0	462	0	1488	0	114	0	0	0	0	0	30458	546	22574	740	9642	762	51134	0	0	0	28010	0	7338	0	1922	0	6322	0	10970	0	624	0	17418	0	18350	192	768	0	0	0	0	0	0	0	0	0	354	0	540	0	0	0	21570	0	0	0	5966	0	0	0	0	0	0	0	788	0	934	0	0	0	0	0	0	0	0	0	0	0	828	224	0	0	0	0	
238740	Occipital_Mid_R	0	1726	0	0	0	0	0	0	0	0	0	0	0	0	0	0	0	0	0	296	0	0	0	0	0	0	0	0	0	0	0	0	0	108	0	684	0	0	0	0	0	0	420	15018	452	11054	94	4428	0	19850	0	0	0	6004	0	3024	0	2830	0	1758	0	4094	0	0	0	9410	270	5408	0	3474	0	0	0	0	0	0	0	0	0	0	0	108	0	0	0	28148	0	0	0	610	0	0	0	0	0	0	0	0	0	0	0	0	0	0	0	0	0	0	0	0	0	102	0	0	0	0	
165344	Occipital_Inf_L	310	0	0	0	0	0	0	0	0	0	0	0	0	0	0	0	566	0	0	0	0	0	0	0	0	0	0	0	140	0	0	0	106	0	934	0	98	0	128	0	0	0	13562	0	1856	0	6380	418	2434	0	28010	0	0	0	8892	0	430	0	0	0	126	0	0	0	200	0	6214	0	198	0	0	0	0	0	0	0	150	0	208	0	196	0	0	0	2218	0	0	0	5906	0	158	0	0	0	0	0	552	0	1410	0	0	0	0	0	0	0	0	0	0	0	570	302	0	0	0	0	
129516	Occipital_Inf_R	0	3640	0	0	0	0	0	0	0	0	0	0	0	0	0	0	0	288	0	250	0	0	0	0	0	0	0	0	0	154	0	0	0	0	0	452	0	558	0	1652	0	0	176	7722	130	970	0	5724	0	1060	0	6004	0	0	0	10662	0	3580	0	160	0	360	0	390	0	670	0	3838	0	4110	0	0	0	0	0	0	0	264	0	0	0	0	0	0	0	5378	0	0	0	6078	0	0	0	0	0	0	0	358	0	130	0	0	0	0	0	0	0	0	0	0	0	0	0	0	0	0	
384280	Fusiform_L	1136	0	160	0	0	0	0	0	0	0	0	0	0	0	0	0	0	0	142	0	234	0	0	0	0	0	0	0	1928	0	0	0	0	0	520	108	9668	0	7866	0	2624	0	3914	0	114	0	23548	3020	136	0	7338	0	8892	0	0	234	332	0	0	0	110	0	0	0	0	0	2222	0	174	0	0	0	582	0	0	0	104	0	392	0	146	0	1310	0	2044	0	436	0	13114	0	26180	304	5780	0	124	100	16390	1036	35056	1112	2350	0	3918	0	576	96	112	0	0	150	4648	1660	0	0	0	0	
409008	Fusiform_R	0	2228	0	142	0	0	0	0	0	0	0	114	0	0	0	0	0	882	0	0	0	0	0	0	0	0	0	0	0	4106	0	0	0	0	0	146	0	19016	0	17344	0	7610	534	4844	0	480	860	18804	0	1586	0	3024	0	10662	234	0	0	1606	0	82	0	172	0	604	0	314	0	2480	0	1748	0	0	0	2954	0	0	0	1570	0	0	0	3086	0	5772	0	1888	0	2570	0	15926	738	18372	354	1186	0	880	1116	14858	1234	22330	0	260	0	2578	144	568	0	0	0	0	4098	1576	214	146	254	210	
211812	Postcentral_L	20128	132	4412	84	0	0	532	0	0	0	996	0	0	0	0	0	6476	0	5314	0	0	0	0	0	0	0	0	0	3112	0	82	0	498	110	4354	714	740	204	152	0	0	0	1604	0	710	0	0	0	906	0	1922	0	430	0	332	0	0	404	6156	0	14694	0	7514	0	1720	0	6132	0	8000	412	324	0	1042	0	0	0	128	0	1260	0	1654	0	0	0	1304	0	0	0	1218	0	0	0	0	0	0	0	0	0	0	0	0	0	0	0	0	0	0	0	0	0	0	0	0	0	0	0	
283712	Postcentral_R	2894	19274	0	194	0	0	0	114	0	0	0	2166	0	0	0	0	0	2338	348	6102	0	0	0	0	0	0	0	0	0	928	0	0	452	4514	2708	6972	0	1224	0	346	0	0	0	2660	0	1230	0	1010	0	1548	0	2830	0	3580	0	1606	404	0	0	5970	0	6808	0	5228	0	2606	264	8278	7312	28808	88	250	0	2740	0	282	0	182	0	0	0	178	0	0	0	4572	0	0	0	2848	0	0	0	0	0	0	0	0	0	0	0	0	0	0	0	0	0	0	0	0	0	0	0	0	0	0	
99404	Parietal_Sup_L	908	0	0	0	0	0	0	0	0	0	0	0	0	0	0	0	0	0	0	0	0	0	0	0	0	0	0	0	0	0	0	0	0	0	268	0	0	0	0	0	0	0	520	0	1056	0	0	0	7114	0	6322	0	0	0	0	0	6156	0	0	0	9904	0	118	0	2278	0	12840	112	1222	0	0	0	0	0	0	0	0	0	0	0	0	0	0	0	610	0	0	0	274	0	0	0	0	0	0	0	0	0	0	0	0	0	0	0	0	0	0	0	0	0	0	0	0	0	0	0	
118080	Parietal_Sup_R	0	280	0	0	0	0	0	0	0	0	0	92	0	0	0	0	0	458	0	0	0	0	0	0	0	0	0	0	0	0	0	0	0	0	0	402	0	0	0	0	0	0	0	454	0	5102	0	194	0	9762	0	1758	0	160	0	82	0	5970	0	0	0	6882	0	3196	0	3426	94	12630	0	4928	0	0	0	0	0	0	0	0	0	0	0	106	0	0	0	2376	0	0	0	688	0	0	0	0	0	0	0	0	0	0	0	0	0	0	0	0	0	0	0	0	0	0	0	0	0	0	
182940	Parietal_Inf_L	5046	0	652	0	0	0	620	0	0	0	316	0	0	0	0	0	560	0	162	0	0	0	0	0	0	0	0	0	2202	0	132	0	0	0	114	0	392	0	84	0	0	0	1332	0	876	0	0	0	1852	0	10970	0	126	0	110	0	14694	0	9904	0	0	0	15008	0	16246	0	4256	0	412	0	118	0	736	0	0	0	108	0	284	0	406	0	0	0	2382	0	0	0	1284	0	86	0	0	0	0	0	0	0	0	0	0	0	0	0	0	0	0	0	0	0	0	0	0	0	0	0	
127636	Parietal_Inf_R	0	698	0	0	0	0	0	0	0	0	0	218	0	0	0	0	0	1266	0	0	0	0	0	0	0	0	0	0	0	0	0	0	0	0	0	180	0	138	0	0	0	0	0	454	0	88	0	0	0	2824	0	4094	0	360	0	172	0	6808	0	6882	0	0	0	10316	0	17246	0	3322	0	2182	0	0	0	0	0	0	0	0	0	0	0	1178	0	0	0	3692	0	0	0	1700	0	0	0	0	0	0	0	0	0	0	0	0	0	0	0	0	0	0	0	0	0	0	0	0	0	0	
101820	SupraMarginal_L	2200	0	192	0	0	0	226	0	0	0	136	0	0	0	0	0	2424	0	118	0	0	0	0	0	0	0	0	0	1928	0	0	0	0	0	0	0	174	0	0	0	0	0	244	0	182	0	0	0	136	0	624	0	0	0	0	0	7514	0	118	0	15008	0	0	0	5094	0	508	0	92	0	0	0	328	0	0	0	0	0	336	0	4786	0	0	0	5992	0	0	0	2428	0	122	0	0	0	0	0	0	0	0	0	0	0	0	0	0	0	0	0	0	0	0	0	0	0	0	0	
85120	SupraMarginal_R	0	1008	0	0	0	0	0	0	0	0	0	132	0	0	0	0	0	1748	0	0	0	0	0	0	0	0	0	0	0	96	0	0	0	0	0	90	0	1466	0	0	0	0	0	94	0	0	0	0	0	636	0	0	0	390	0	604	0	5228	0	3196	0	10316	0	0	0	5936	0	2026	0	1700	0	0	0	0	0	0	0	0	0	340	0	3934	0	0	0	2220	0	0	0	1400	0	0	0	0	0	0	0	0	0	0	0	0	0	0	0	0	0	0	0	0	0	0	0	0	0	0	
143836	Angular_L	506	0	0	0	0	0	0	0	0	0	0	0	0	0	0	0	136	0	0	0	0	0	0	0	0	0	0	0	420	0	0	0	0	0	182	0	0	0	0	0	0	0	1848	0	1332	0	0	0	1824	0	17418	0	200	0	0	0	1720	0	2278	0	16246	0	5094	0	0	0	2746	0	284	0	0	0	82	0	0	0	0	0	0	0	1714	0	0	0	14836	0	0	0	3052	0	0	0	0	0	0	0	0	0	0	0	0	0	0	0	0	0	0	0	0	0	0	0	0	0	0	0	
131232	Angular_R	0	346	0	0	0	0	0	0	0	0	0	0	0	0	0	0	0	294	0	0	0	0	0	0	0	0	0	0	0	0	0	0	0	0	0	276	0	174	0	0	0	0	0	1070	0	422	0	218	0	5520	0	9410	0	670	0	314	0	2606	0	3426	0	17246	0	5936	0	0	0	3860	0	2446	0	0	0	0	0	0	0	0	0	0	0	2378	0	0	0	7582	0	0	0	1422	0	0	0	0	0	0	0	0	0	0	0	0	0	0	0	0	0	0	0	0	0	0	0	0	0	0	
290224	Precuneus_L	448	0	0	0	0	0	0	0	0	0	0	0	0	0	0	0	318	0	0	0	0	0	0	0	0	0	0	0	230	0	0	0	2252	846	7048	1530	1818	150	804	108	0	0	21690	372	13364	1658	2848	226	15682	566	18350	270	6214	0	2222	0	6132	264	12840	94	4256	0	508	0	2746	0	0	5402	5568	304	0	0	0	0	0	0	0	0	0	0	192	0	0	0	3862	338	0	0	2968	90	0	0	0	0	0	0	206	0	164	0	0	0	0	0	0	0	0	0	0	0	164	0	0	0	0	0	
356668	Precuneus_R	252	1800	0	0	0	0	0	0	0	0	0	112	0	0	0	0	0	334	0	482	0	0	0	0	0	0	0	0	0	140	0	0	518	4054	3458	13566	1092	2710	400	2556	0	0	600	16868	854	14562	88	10748	420	12044	192	5408	0	3838	0	2480	0	8278	112	12630	0	3322	0	2026	0	3860	5402	0	316	20756	0	0	0	98	0	0	92	184	0	168	0	1350	0	0	0	10550	0	0	0	6712	0	0	0	0	0	0	0	1444	0	0	0	0	0	0	0	0	0	0	0	0	1458	0	0	0	0	0	
334492	Paracentral_Lobule_L	37696	3810	7992	3764	0	0	94	0	0	0	0	0	0	0	0	0	0	0	8688	19010	0	0	0	0	0	0	0	0	84	0	0	0	2284	12678	7912	3208	900	502	0	0	0	0	620	0	464	0	0	0	516	0	768	0	198	0	174	0	8000	7312	1222	0	412	0	92	0	284	0	5568	316	0	15654	4118	192	682	0	2920	0	8180	128	0	0	0	0	0	0	494	0	0	0	310	0	0	0	0	0	0	0	0	0	0	0	0	0	0	0	0	0	0	0	0	0	0	0	0	0	0	0	
375820	Paracentral_Lobule_R	7714	13174	226	0	0	0	0	0	0	0	0	106	0	0	0	0	0	350	1596	21796	0	0	0	0	0	0	0	0	0	140	0	0	790	16312	2886	10460	0	844	0	320	0	0	0	3140	0	1618	0	1172	0	2584	0	3474	0	4110	0	1748	412	28808	0	4928	0	2182	0	1700	0	2446	304	20756	15654	0	1108	778	0	90	0	0	246	342	0	164	0	1284	0	0	0	6836	0	0	0	5312	0	0	0	0	0	0	0	0	0	0	0	0	0	0	0	0	0	0	0	0	0	0	0	0	0	0	
197796	Caudate_L	5528	2074	7780	4884	2972	0	1496	902	372	0	474	0	364	100	308	0	0	0	10410	6262	6078	5070	388	0	0	350	4034	1496	1098	274	4906	2078	122	830	0	0	998	0	0	0	0	0	0	0	0	0	0	0	0	0	0	0	0	0	0	0	324	88	0	0	118	0	0	0	0	0	0	0	4118	1108	0	2162	9850	0	2284	88	6606	380	124	0	0	0	0	0	0	0	0	0	0	0	0	0	0	0	0	0	0	0	0	0	0	0	0	0	0	0	0	0	0	0	0	0	0	0	0	0	
256076	Caudate_R	220	6996	0	27618	634	488	0	3100	0	0	0	1024	0	1074	0	124	0	502	312	19584	930	1332	296	4346	0	4230	728	1498	0	2752	1966	16554	190	1050	0	0	0	90	0	112	0	136	0	0	0	0	0	0	0	0	0	0	0	0	0	0	0	250	0	0	0	0	0	0	0	0	0	0	192	778	2162	0	142	11224	0	2858	206	12340	0	0	0	0	0	0	0	0	0	0	0	0	0	0	0	0	0	0	0	0	0	0	0	0	0	0	0	0	0	0	0	0	0	0	0	0	0	0	
317788	Putamen_L	12056	252	30020	1038	6718	0	6104	230	1472	0	946	0	650	0	2712	0	618	0	24000	868	362	0	3238	116	216	0	430	0	19524	0	6834	412	1130	320	0	0	10206	0	1652	0	96	0	0	0	0	0	0	0	0	0	0	0	0	0	582	0	1042	0	0	0	736	0	328	0	82	0	0	0	682	0	9850	142	0	0	8810	0	2972	0	274	0	596	0	94	0	0	0	0	0	484	0	0	0	0	0	0	0	0	0	0	0	0	0	0	0	0	0	0	0	0	0	0	0	0	0	0	0	
199296	Putamen_R	0	4920	0	7306	0	126	0	800	0	0	0	5256	0	852	0	96	0	7916	430	5518	0	0	0	2022	0	2950	0	192	0	14758	674	8620	0	754	0	0	0	7324	0	2434	0	524	0	0	0	0	0	0	0	0	0	0	0	0	0	2954	0	2740	0	0	0	0	0	0	0	0	0	98	0	90	0	11224	0	0	0	4448	0	582	0	118	0	1296	0	94	0	172	0	0	0	1238	0	260	0	0	0	0	0	314	0	292	0	0	0	256	0	0	0	0	0	0	0	0	0	0	0	0	
78120	Pallidum_L	6540	0	6718	374	0	0	1726	0	96	0	84	0	0	0	0	0	86	0	4006	382	0	0	0	0	0	0	0	0	198	0	0	0	0	0	0	0	1384	0	0	0	0	0	0	0	0	0	0	0	0	0	0	0	0	0	0	0	0	0	0	0	0	0	0	0	0	0	0	0	2920	0	2284	0	8810	0	0	0	3452	0	0	0	0	0	0	0	0	0	0	0	0	0	0	0	0	0	0	0	0	0	0	0	0	0	0	0	0	0	0	0	0	0	0	0	0	0	0	0	
32920	Pallidum_R	0	716	0	2604	0	0	0	90	0	0	0	558	0	0	0	0	0	2130	0	1254	0	0	0	0	0	0	0	0	0	708	0	172	0	0	0	0	0	320	0	142	0	0	0	0	0	0	0	0	0	0	0	0	0	0	0	0	0	282	0	0	0	0	0	0	0	0	0	0	0	0	88	2858	0	4448	0	0	0	0	0	90	0	0	0	0	0	0	0	0	0	0	0	0	0	0	0	0	0	0	0	0	0	0	0	0	0	0	0	0	0	0	0	0	0	0	0	0	
131612	Thalamus_L	24690	162	3612	188	0	0	1378	0	0	0	0	0	0	0	0	0	0	0	312	284	0	0	0	0	0	0	0	0	482	0	0	0	0	110	1540	2146	4188	1050	594	98	630	0	0	0	0	0	0	0	0	0	0	0	150	0	104	0	128	0	0	0	108	0	0	0	0	0	0	92	8180	246	6606	206	2972	0	3452	0	0	1790	0	0	0	0	0	0	0	0	0	0	308	0	0	0	0	0	0	0	0	0	0	0	0	0	0	0	0	0	0	0	0	0	0	0	0	0	0	0	
122648	Thalamus_R	296	12104	90	11482	0	0	0	3244	0	0	0	170	0	0	0	0	0	508	170	2410	0	114	0	88	0	0	0	0	0	450	0	146	0	98	0	660	624	6218	0	2506	0	1020	0	0	0	0	0	452	0	0	0	0	0	264	0	1570	0	182	0	0	0	0	0	0	0	0	0	184	128	342	380	12340	0	582	0	0	1790	0	0	0	0	0	0	0	0	0	0	0	0	376	0	0	0	0	0	0	0	336	0	0	0	0	0	0	0	0	0	0	0	0	0	0	0	0	0	0	
62068	Heschl_L	3450	0	690	0	0	0	414	0	0	0	228	0	0	0	0	0	2804	0	450	0	0	0	0	0	0	0	0	0	7388	0	0	0	0	0	0	0	1470	0	0	0	0	0	0	0	0	0	0	0	0	0	354	0	208	0	392	0	1260	0	0	0	284	0	336	0	0	0	0	0	0	0	124	0	274	0	0	0	0	0	0	0	2754	0	0	0	3084	0	0	0	5070	0	0	0	0	0	0	0	0	0	0	0	0	0	0	0	0	0	0	0	0	0	0	0	0	0	0	0	
11816	Heschl_R	0	0	0	0	0	0	0	0	0	0	0	0	0	0	0	0	0	1204	0	0	0	0	0	0	0	0	0	0	0	1060	0	0	0	0	0	0	0	86	0	0	0	0	0	0	0	0	0	0	0	0	0	0	0	0	0	0	0	0	0	0	0	0	0	340	0	0	0	168	0	164	0	0	0	118	0	90	0	0	0	0	0	2154	0	0	0	524	0	0	0	0	0	0	0	0	0	0	0	0	0	0	0	0	0	0	0	0	0	0	0	0	0	0	0	0	0	0	
152640	Temporal_Sup_L	2288	0	1914	0	0	0	194	0	0	0	694	0	0	0	0	0	6870	0	1272	0	0	0	0	0	0	0	0	0	5140	0	0	0	0	0	0	0	854	0	0	0	0	0	152	0	0	0	0	0	0	0	540	0	196	0	146	0	1654	0	0	0	406	0	4786	0	1714	0	192	0	0	0	0	0	596	0	0	0	0	0	2754	0	0	0	2596	0	24874	0	0	0	16342	0	146	0	0	0	0	0	0	0	0	0	0	0	0	0	0	0	0	0	0	0	0	0	0	0	0	0	
88344	Temporal_Sup_R	0	244	0	0	0	0	0	0	0	0	0	0	0	0	0	186	0	944	0	0	0	0	0	0	0	0	0	0	0	7194	0	0	0	0	0	0	0	908	0	158	0	0	0	0	0	0	0	0	0	90	0	108	0	0	0	3086	0	178	0	106	0	1178	0	3934	0	2378	0	1350	0	1284	0	0	0	1296	0	0	0	0	0	2154	0	0	0	1268	0	9794	0	198	0	6136	0	0	0	0	0	0	0	0	0	0	0	0	0	0	0	0	0	0	0	0	0	0	0	0	0	0	
76984	Temporal_Pole_Sup_L	154	0	1018	0	0	0	102	0	0	0	1194	0	0	0	634	0	970	0	470	0	522	0	0	0	0	0	0	0	2340	0	0	0	0	0	0	0	1586	0	130	0	1236	0	0	0	0	0	0	0	0	0	0	0	0	0	1310	0	0	0	0	0	0	0	0	0	0	0	0	0	0	0	0	0	94	0	0	0	0	0	0	0	2596	0	0	0	9880	0	4800	0	9456	0	0	0	0	0	0	0	0	0	0	0	0	0	0	0	0	0	0	0	0	0	0	0	0	0	0	0	
48092	Temporal_Pole_Sup_R	0	0	0	280	0	0	0	0	0	0	0	394	0	0	0	418	0	398	0	286	0	0	0	0	0	0	0	0	0	852	0	0	0	0	0	0	0	906	0	892	0	2312	0	0	0	0	0	0	0	0	0	0	0	0	0	5772	0	0	0	0	0	0	0	0	0	0	0	0	0	0	0	0	0	94	0	0	0	0	0	0	0	1268	0	0	0	600	0	3224	0	6350	0	0	0	0	0	0	0	0	0	0	0	0	0	0	0	0	0	0	0	0	0	0	0	0	0	0	
319424	Temporal_Mid_L	898	0	0	0	0	0	0	0	0	0	0	0	0	0	0	0	1516	0	0	0	0	0	0	0	0	0	0	0	2696	0	0	0	0	0	216	0	654	0	0	0	466	0	3408	0	1660	0	218	0	7904	0	21570	0	2218	0	2044	0	1304	0	610	0	2382	0	5992	0	14836	0	3862	0	494	0	0	0	0	0	0	0	0	0	3084	0	24874	0	9880	0	0	0	4604	0	42322	0	0	0	0	0	0	0	0	0	0	0	0	0	0	0	0	0	0	0	0	0	0	0	0	0	0	0	
294520	Temporal_Mid_R	0	2504	0	0	0	0	0	0	0	0	0	0	0	0	0	0	0	258	0	320	0	0	0	0	0	0	0	0	0	3890	0	0	0	124	0	1266	0	210	0	152	0	0	266	10710	242	8196	0	1656	0	14668	0	28148	0	5378	0	1888	0	4572	0	2376	0	3692	0	2220	0	7582	338	10550	0	6836	0	0	0	172	0	0	0	0	0	524	0	9794	0	600	0	0	0	694	0	17434	0	0	0	0	0	0	0	0	0	0	0	0	0	0	0	0	0	0	0	0	0	0	0	0	0	0	
29080	Temporal_Pole_Mid_L	0	0	0	0	0	0	0	0	0	0	0	0	0	0	0	0	0	0	0	0	0	0	0	0	0	0	0	0	0	0	0	0	0	0	0	0	148	0	0	0	132	0	0	0	0	0	0	0	0	0	0	0	0	0	436	0	0	0	0	0	0	0	0	0	0	0	0	0	0	0	0	0	0	0	0	0	0	0	0	0	0	0	4800	0	4604	0	0	0	4420	0	0	0	0	0	0	0	0	0	0	0	0	0	0	0	0	0	0	0	0	0	0	0	0	0	0	0	
19124	Temporal_Pole_Mid_R	0	0	0	0	0	0	0	0	0	0	0	0	0	0	0	0	0	0	0	0	0	0	0	0	0	0	0	0	0	0	0	0	0	0	0	0	0	318	0	310	0	834	0	0	0	0	0	0	0	0	0	0	0	0	0	2570	0	0	0	0	0	0	0	0	0	0	0	0	0	0	0	0	0	0	0	0	0	0	0	0	0	198	0	3224	0	694	0	0	0	1414	0	0	0	0	0	0	0	0	0	0	0	0	0	0	0	0	0	0	0	0	0	0	0	0	0	0	
304104	Temporal_Inf_L	1570	0	310	0	0	0	0	0	0	0	0	0	0	0	0	0	1408	0	304	0	0	0	0	0	0	0	0	0	4682	0	0	0	0	0	628	108	8288	0	2378	0	2200	0	3278	0	382	0	950	0	826	0	5966	0	5906	0	13114	0	1218	0	274	0	1284	0	2428	0	3052	0	2968	0	310	0	0	0	484	0	0	0	308	0	5070	0	16342	0	9456	0	42322	0	4420	0	0	0	5174	0	1766	0	0	0	284	0	990	0	706	0	898	0	0	0	0	0	0	0	0	0	0	0	0	0	
198660	Temporal_Inf_R	0	3024	0	0	0	0	0	0	0	0	0	0	0	0	0	0	0	436	0	306	0	0	0	0	0	0	0	0	0	5122	0	0	0	0	0	758	0	3290	0	404	0	2232	106	2726	0	220	0	1164	0	246	0	610	0	6078	0	15926	0	2848	0	688	0	1700	0	1400	0	1422	90	6712	0	5312	0	0	0	1238	0	0	0	376	0	0	0	6136	0	6350	0	17434	0	1414	0	0	0	2406	0	304	0	0	0	90	0	274	0	128	0	360	0	0	0	0	0	0	0	0	0	0	0	0	
550016	Cerebelum_Crus1_L	0	0	0	0	0	0	0	0	0	0	0	0	0	0	0	0	0	0	0	0	0	0	0	0	0	0	0	0	300	0	0	0	0	0	0	0	412	0	594	0	0	0	0	0	0	0	13154	6534	0	0	0	0	158	0	26180	738	0	0	0	0	86	0	122	0	0	0	0	0	0	0	0	0	0	0	0	0	0	0	0	0	146	0	0	0	0	0	0	0	5174	0	0	2876	48296	2834	284	0	21182	1942	69064	4078	16486	1338	24246	1070	3974	104	1128	0	212	316	5874	8960	5702	1200	244	0	
595484	Cerebelum_Crus1_R	0	0	0	0	0	0	0	0	0	0	0	0	0	0	0	0	0	0	0	0	0	0	0	0	0	0	0	0	0	270	0	0	0	0	0	0	0	838	0	1146	0	0	0	0	0	0	722	7256	0	0	0	0	0	0	304	18372	0	0	0	0	0	0	0	0	0	0	0	0	0	0	0	0	0	260	0	0	0	0	0	0	0	0	0	0	0	0	0	0	0	2406	2876	0	3944	41428	534	1724	4720	28926	5258	69260	182	10160	1204	28712	2898	7152	200	1058	428	1258	20538	12786	10268	4312	4268	2074	
442048	Cerebelum_Crus2_L	0	0	0	0	0	0	0	0	0	0	0	0	0	0	0	0	0	0	0	0	0	0	0	0	0	0	0	0	0	0	0	0	0	0	0	0	0	0	184	0	0	0	0	0	0	0	2750	3652	0	0	0	0	0	0	5780	354	0	0	0	0	0	0	0	0	0	0	0	0	0	0	0	0	0	0	0	0	0	0	0	0	0	0	0	0	0	0	0	0	1766	0	48296	3944	0	10772	0	0	3114	396	16930	2574	42442	6096	42384	2768	3632	0	990	0	0	0	1318	5256	12486	3014	126	0	
422836	Cerebelum_Crus2_R	0	0	0	0	0	0	0	0	0	0	0	0	0	0	0	0	0	0	0	0	0	0	0	0	0	0	0	0	0	0	0	0	0	0	0	0	0	108	0	144	0	0	0	0	0	0	338	888	0	0	0	0	0	0	0	1186	0	0	0	0	0	0	0	0	0	0	0	0	0	0	0	0	0	0	0	0	0	0	0	0	0	0	0	0	0	0	0	0	0	304	2834	41428	10772	0	140	694	1762	4270	1582	14084	2628	29432	5970	40806	2668	6508	102	904	310	648	5662	3768	14258	10374	6034	812	
32956	Cerebelum_3_L	0	0	0	0	0	0	0	0	0	0	0	0	0	0	0	0	0	0	0	0	0	0	0	0	0	0	0	0	0	0	0	0	0	0	0	0	0	0	394	0	0	0	0	0	0	0	680	286	0	0	0	0	0	0	124	0	0	0	0	0	0	0	0	0	0	0	0	0	0	0	0	0	0	0	0	0	0	0	0	0	0	0	0	0	0	0	0	0	0	0	284	534	0	140	0	0	6308	0	1328	532	0	0	0	0	876	0	0	0	742	2002	1702	546	0	0	0	0	
59908	Cerebelum_3_R	0	0	0	0	0	0	0	0	0	0	0	0	0	0	0	0	0	0	0	0	0	0	0	0	0	0	0	0	0	0	0	0	0	0	0	0	0	0	0	198	0	0	0	0	0	0	198	592	0	0	0	0	0	0	100	880	0	0	0	0	0	0	0	0	0	0	0	0	0	0	0	0	0	0	0	0	0	0	0	0	0	0	0	0	0	0	0	0	0	0	0	1724	0	694	0	0	946	5678	306	4374	0	0	0	438	214	1612	0	224	1608	4696	2340	752	422	838	844	276	
377848	Cerebelum_4_5_L	0	0	0	0	0	0	0	0	0	0	0	0	0	0	0	0	0	0	0	0	0	0	0	0	0	0	0	0	0	0	0	0	0	0	0	0	218	0	742	0	0	0	310	0	0	0	24684	6140	0	0	788	0	552	0	16390	1116	0	0	0	0	0	0	0	0	0	0	206	0	0	0	0	0	0	0	0	0	0	0	0	0	0	0	0	0	0	0	0	0	284	0	21182	4720	3114	1762	6308	946	0	5598	39928	7290	418	238	1336	772	6656	1320	428	164	702	2234	22952	4744	586	1254	1568	1274	
348596	Cerebelum_4_5_R	0	318	0	0	0	0	0	0	0	0	0	0	0	0	0	0	0	0	0	0	0	0	0	0	0	0	0	0	0	88	0	0	0	0	0	170	0	2744	0	6484	0	0	0	274	0	0	2092	10098	0	0	0	0	0	358	1036	14858	0	0	0	0	0	0	0	0	0	0	0	1444	0	0	0	0	0	314	0	0	0	336	0	0	0	0	0	0	0	0	0	0	0	90	1942	28926	396	4270	0	5678	5598	0	2970	43104	0	318	188	3146	624	2960	0	240	146	1760	22362	3646	356	914	1750	2300	
574156	Cerebelum_6_L	0	0	0	0	0	0	0	0	0	0	0	0	0	0	0	0	0	0	0	0	0	0	0	0	0	0	0	0	0	0	0	0	0	0	0	0	452	0	856	0	0	0	326	0	0	0	27060	11136	0	0	934	0	1410	0	35056	1234	0	0	0	0	0	0	0	0	0	0	164	0	0	0	0	0	0	0	0	0	0	0	0	0	0	0	0	0	0	0	0	0	990	0	69064	5258	16930	1582	1328	306	39928	2970	0	7342	5226	138	8286	428	8788	824	1490	112	306	724	14626	16224	3338	882	968	392	
531396	Cerebelum_6_R	0	0	0	0	0	0	0	0	0	0	0	0	0	0	0	0	0	0	0	0	0	0	0	0	0	0	0	0	0	310	0	0	0	0	0	0	0	1158	0	1434	0	0	0	0	0	0	2290	12332	0	0	0	0	0	130	1112	22330	0	0	0	0	0	0	0	0	0	0	0	0	0	0	0	0	0	292	0	0	0	0	0	0	0	0	0	0	0	0	0	0	0	274	4078	69260	2574	14084	532	4374	7290	43104	7342	0	0	1068	314	9306	2448	3890	186	604	266	1250	25830	14654	5714	1460	2064	2344	
271444	Cerebelum_7b_L	0	0	0	0	0	0	0	0	0	0	0	0	0	0	0	0	0	0	0	0	0	0	0	0	0	0	0	0	0	0	0	0	0	0	0	0	0	0	0	0	0	0	0	0	0	0	156	0	0	0	0	0	0	0	2350	0	0	0	0	0	0	0	0	0	0	0	0	0	0	0	0	0	0	0	0	0	0	0	0	0	0	0	0	0	0	0	0	0	706	0	16486	182	42442	2628	0	0	418	0	5226	0	0	2692	44938	3398	4964	0	820	0	0	0	160	124	3270	4594	168	0	
257044	Cerebelum_7b_R	0	0	0	0	0	0	0	0	0	0	0	0	0	0	0	0	0	0	0	0	0	0	0	0	0	0	0	0	0	0	0	0	0	0	0	0	0	0	0	0	0	0	0	0	0	0	0	84	0	0	0	0	0	0	0	260	0	0	0	0	0	0	0	0	0	0	0	0	0	0	0	0	0	0	0	0	0	0	0	0	0	0	0	0	0	0	0	0	0	128	1338	10160	6096	29432	0	0	238	318	138	1068	2692	0	6756	37274	2770	6702	0	638	0	0	554	488	5994	10560	4618	216	
406532	Cerebelum_8_L	0	0	0	0	0	0	0	0	0	0	0	0	0	0	0	0	0	0	0	0	0	0	0	0	0	0	0	0	0	0	0	0	0	0	0	0	0	0	124	0	0	0	0	0	0	0	502	208	0	0	0	0	0	0	3918	0	0	0	0	0	0	0	0	0	0	0	0	0	0	0	0	0	0	0	0	0	0	0	0	0	0	0	0	0	0	0	0	0	898	0	24246	1204	42384	5970	0	0	1336	188	8286	314	44938	6756	0	10504	21356	1474	3624	112	0	0	582	670	4772	14632	4268	0	
431720	Cerebelum_8_R	0	0	0	0	0	0	0	0	0	0	0	0	0	0	0	0	0	0	0	0	0	0	0	0	0	0	0	0	0	250	0	0	0	0	0	0	0	800	0	934	0	0	0	0	0	0	0	226	0	0	0	0	0	0	0	2578	0	0	0	0	0	0	0	0	0	0	0	0	0	0	0	0	0	256	0	0	0	0	0	0	0	0	0	0	0	0	0	0	0	360	1070	28712	2768	40806	0	438	772	3146	428	9306	3398	37274	10504	0	5644	26172	136	1320	164	308	2056	1632	6296	17672	9992	442	
224724	Cerebelum_9_L	0	0	0	0	0	0	0	0	0	0	0	0	0	0	0	0	0	0	0	0	0	0	0	0	0	0	0	0	0	0	0	0	0	0	0	0	0	0	0	0	0	0	0	0	0	0	1786	1226	0	0	0	0	0	0	576	144	0	0	0	0	0	0	0	0	0	0	0	0	0	0	0	0	0	0	0	0	0	0	0	0	0	0	0	0	0	0	0	0	0	0	3974	2898	3632	2668	876	214	6656	624	8788	2448	4964	2770	21356	5644	0	5124	6022	452	132	310	3700	6786	2392	8120	7258	822	
216624	Cerebelum_9_R	0	0	0	0	0	0	0	0	0	0	0	0	0	0	0	0	0	0	0	0	0	0	0	0	0	0	0	0	0	0	0	0	0	0	0	0	0	0	0	0	0	0	0	0	0	0	414	666	0	0	0	0	0	0	96	568	0	0	0	0	0	0	0	0	0	0	0	0	0	0	0	0	0	0	0	0	0	0	0	0	0	0	0	0	0	0	0	0	0	0	104	7152	0	6508	0	1612	1320	2960	824	3890	0	6702	1474	26172	5124	0	168	2820	914	1450	4316	6350	2252	8646	12644	3166	
35272	Cerebelum_10_L	0	0	0	0	0	0	0	0	0	0	0	0	0	0	0	0	0	0	0	0	0	0	0	0	0	0	0	0	0	0	0	0	0	0	0	0	0	0	0	0	0	0	0	0	0	0	98	108	0	0	0	0	0	0	112	0	0	0	0	0	0	0	0	0	0	0	0	0	0	0	0	0	0	0	0	0	0	0	0	0	0	0	0	0	0	0	0	0	0	0	1128	200	990	102	0	0	428	0	1490	186	820	0	3624	136	6022	168	0	0	140	196	226	602	356	278	226	0	
28448	Cerebelum_10_R	0	0	0	0	0	0	0	0	0	0	0	0	0	0	0	0	0	0	0	0	0	0	0	0	0	0	0	0	0	0	0	0	0	0	0	0	0	0	0	0	0	0	0	0	0	0	0	0	0	0	0	0	0	0	0	0	0	0	0	0	0	0	0	0	0	0	0	0	0	0	0	0	0	0	0	0	0	0	0	0	0	0	0	0	0	0	0	0	0	0	0	1058	0	904	0	224	164	240	112	604	0	638	112	1320	452	2820	0	0	108	188	408	1228	300	1416	1588	340	
28264	Vermis_1_2	0	0	0	0	0	0	0	0	0	0	0	0	0	0	0	0	0	0	0	0	0	0	0	0	0	0	0	0	0	0	0	0	0	0	0	0	0	0	114	0	0	0	0	0	0	0	0	0	0	0	0	0	0	0	0	0	0	0	0	0	0	0	0	0	0	0	0	0	0	0	0	0	0	0	0	0	0	0	0	0	0	0	0	0	0	0	0	0	0	0	212	428	0	310	742	1608	702	146	306	266	0	0	0	164	132	914	140	108	0	4812	948	352	320	574	622	212	
60220	Vermis_3	0	0	0	0	0	0	0	0	0	0	0	0	0	0	0	0	0	0	0	0	0	0	0	0	0	0	0	0	0	0	0	0	0	0	0	0	0	0	180	0	0	0	0	0	0	0	264	136	0	0	0	0	0	0	150	0	0	0	0	0	0	0	0	0	0	0	0	0	0	0	0	0	0	0	0	0	0	0	0	0	0	0	0	0	0	0	0	0	0	0	316	1258	0	648	2002	4696	2234	1760	724	1250	0	0	0	308	310	1450	196	188	4812	0	3890	818	484	884	874	278	
404896	Vermis_4_5	0	0	0	0	0	0	0	0	0	0	0	0	0	0	0	0	0	0	0	0	0	0	0	0	0	0	0	0	0	0	0	0	0	0	248	1068	0	0	0	102	0	0	476	162	0	0	11590	11382	0	0	828	0	570	0	4648	4098	0	0	0	0	0	0	0	0	0	0	164	1458	0	0	0	0	0	0	0	0	0	0	0	0	0	0	0	0	0	0	0	0	0	0	5874	20538	1318	5662	1702	2340	22952	22362	14626	25830	160	554	582	2056	3700	4316	226	408	948	3890	0	12406	1022	2704	4464	5014	
292040	Vermis_6	0	0	0	0	0	0	0	0	0	0	0	0	0	0	0	0	0	0	0	0	0	0	0	0	0	0	0	0	0	0	0	0	0	0	0	0	0	0	0	0	0	0	158	110	0	0	3076	11916	0	90	224	102	302	0	1660	1576	0	0	0	0	0	0	0	0	0	0	0	0	0	0	0	0	0	0	0	0	0	0	0	0	0	0	0	0	0	0	0	0	0	0	8960	12786	5256	3768	546	752	4744	3646	16224	14654	124	488	670	1632	6786	6350	602	1228	352	818	12406	0	7188	4590	6854	5382	
205304	Vermis_7	0	0	0	0	0	0	0	0	0	0	0	0	0	0	0	0	0	0	0	0	0	0	0	0	0	0	0	0	0	0	0	0	0	0	0	0	0	0	0	0	0	0	0	0	0	0	0	2286	0	0	0	0	0	0	0	214	0	0	0	0	0	0	0	0	0	0	0	0	0	0	0	0	0	0	0	0	0	0	0	0	0	0	0	0	0	0	0	0	0	0	5702	10268	12486	14258	0	422	586	356	3338	5714	3270	5994	4772	6296	2392	2252	356	300	320	484	1022	7188	0	8594	3506	276	
247004	Vermis_8	0	0	0	0	0	0	0	0	0	0	0	0	0	0	0	0	0	0	0	0	0	0	0	0	0	0	0	0	0	0	0	0	0	0	0	0	0	0	0	0	0	0	0	0	0	0	132	130	0	0	0	0	0	0	0	146	0	0	0	0	0	0	0	0	0	0	0	0	0	0	0	0	0	0	0	0	0	0	0	0	0	0	0	0	0	0	0	0	0	0	1200	4312	3014	10374	0	838	1254	914	882	1460	4594	10560	14632	17672	8120	8646	278	1416	574	884	2704	4590	8594	0	14372	1210	
