data	data	459196	162048	1.01562e+06	944400	153092	122656	601668	284836	77724	34220	319096	194240	300416	165416	173564	168424	235872	134148	634640	688716	84348	77136	536284	531344	40124	75480	46796	46508	673696	342540	440576	623436	179040	642952	99744	142152	320608	290764	73608	109200	34380	63408	163612	275324	120968	357164	235892	278820	132304	348544	337496	225116	134972	70904	402828	327136	302140	140456	121204	61308	156028	85672	68072	70740	87400	101176	271872	381156	150956	69536	382340	547236	380284	407820	53848	50952	153452	172096	81740	22224	191020	95840	96120	46096	206148	182912	37976	16176	307772	113968	398824	409392	334436	278372	22256	66576	291520	236500	389964	383656	244040	150064	269092	285660	129732	141140	15952	8852	28404	67564	274520	169556	162340	173708	100328	22992	
data	data	Precentral_L	Precentral_R	Frontal_Sup_L	Frontal_Sup_R	Frontal_Sup_Orb_L	Frontal_Sup_Orb_R	Frontal_Mid_L	Frontal_Mid_R	Frontal_Mid_Orb_L	Frontal_Mid_Orb_R	Frontal_Inf_Oper_L	Frontal_Inf_Oper_R	Frontal_Inf_Tri_L	Frontal_Inf_Tri_R	Frontal_Inf_Orb_L	Frontal_Inf_Orb_R	Rolandic_Oper_L	Rolandic_Oper_R	Supp_Motor_Area_L	Supp_Motor_Area_R	Olfactory_L	Olfactory_R	Frontal_Sup_Medial_L	Frontal_Sup_Medial_R	Frontal_Med_Orb_L	Frontal_Med_Orb_R	Rectus_L	Rectus_R	Insula_L	Insula_R	Cingulum_Ant_L	Cingulum_Ant_R	Cingulum_Mid_L	Cingulum_Mid_R	Cingulum_Post_L	Cingulum_Post_R	Hippocampus_L	Hippocampus_R	ParaHippocampal_L	ParaHippocampal_R	Amygdala_L	Amygdala_R	Calcarine_L	Calcarine_R	Cuneus_L	Cuneus_R	Lingual_L	Lingual_R	Occipital_Sup_L	Occipital_Sup_R	Occipital_Mid_L	Occipital_Mid_R	Occipital_Inf_L	Occipital_Inf_R	Fusiform_L	Fusiform_R	Postcentral_L	Postcentral_R	Parietal_Sup_L	Parietal_Sup_R	Parietal_Inf_L	Parietal_Inf_R	SupraMarginal_L	SupraMarginal_R	Angular_L	Angular_R	Precuneus_L	Precuneus_R	Paracentral_Lobule_L	Paracentral_Lobule_R	Caudate_L	Caudate_R	Putamen_L	Putamen_R	Pallidum_L	Pallidum_R	Thalamus_L	Thalamus_R	Heschl_L	Heschl_R	Temporal_Sup_L	Temporal_Sup_R	Temporal_Pole_Sup_L	Temporal_Pole_Sup_R	Temporal_Mid_L	Temporal_Mid_R	Temporal_Pole_Mid_L	Temporal_Pole_Mid_R	Temporal_Inf_L	Temporal_Inf_R	Cerebelum_Crus1_L	Cerebelum_Crus1_R	Cerebelum_Crus2_L	Cerebelum_Crus2_R	Cerebelum_3_L	Cerebelum_3_R	Cerebelum_4_5_L	Cerebelum_4_5_R	Cerebelum_6_L	Cerebelum_6_R	Cerebelum_7b_L	Cerebelum_7b_R	Cerebelum_8_L	Cerebelum_8_R	Cerebelum_9_L	Cerebelum_9_R	Cerebelum_10_L	Cerebelum_10_R	Vermis_1_2	Vermis_3	Vermis_4_5	Vermis_6	Vermis_7	Vermis_8	Vermis_9	Vermis_10	
459196	Precentral_L	0	1260	15706	3166	0	0	15822	1896	0	0	13058	368	1764	0	0	0	9574	146	9210	4822	0	0	508	264	0	0	0	0	13392	596	458	730	678	2770	1356	756	15878	2044	1038	0	0	0	0	0	128	0	0	0	272	0	1672	0	298	0	4238	0	34272	512	720	0	1734	98	542	400	0	0	712	0	12148	1460	8376	1868	5980	1014	2252	148	22276	2856	2770	0	2498	0	0	0	280	0	0	0	2814	0	0	0	0	0	0	0	0	0	0	0	0	0	0	0	0	0	0	0	0	0	0	0	0	0	0	0	
162048	Precentral_R	1260	0	748	13220	0	0	792	5290	0	0	226	6166	0	0	0	0	172	1996	2220	2420	0	0	0	0	0	0	0	0	324	1742	0	0	0	524	0	946	446	4958	0	340	0	0	0	92	0	950	0	0	0	872	0	606	0	0	142	652	112	14190	0	104	0	1102	0	1830	0	100	0	1968	186	1402	2038	978	848	3022	0	402	248	4198	0	188	0	202	0	0	0	802	0	0	0	0	0	0	0	0	0	0	0	0	0	0	0	0	0	0	0	0	0	0	0	0	0	0	0	0	0	0	
1.01562e+06	Frontal_Sup_L	15706	748	0	16374	11646	0	87998	2328	2596	0	15756	3910	18896	754	7652	304	7746	2144	63018	14994	476	0	64796	13010	2866	0	716	0	33134	3596	32854	11290	3580	11136	0	0	4888	0	566	0	94	0	0	0	0	0	0	0	0	0	0	0	0	0	1232	0	1754	408	0	0	0	148	0	432	0	0	0	0	1488	0	8152	4548	13622	714	2004	0	11978	152	0	0	3098	266	1476	424	0	0	0	0	344	0	0	0	0	0	0	0	0	0	0	0	0	0	0	0	0	0	0	0	0	0	0	0	0	0	0	0	
944400	Frontal_Sup_R	3166	13220	16374	0	0	4578	5876	35024	0	466	810	11890	210	9632	0	7440	484	7130	14984	54460	0	0	10868	48162	0	2158	0	172	944	16872	7972	50066	5312	42912	182	312	526	6886	0	538	0	200	0	0	0	550	0	408	0	546	0	444	0	0	92	380	0	1292	0	0	0	344	0	642	0	0	0	706	936	202	5764	34644	510	12840	0	3074	1280	24524	0	118	236	1176	0	616	0	944	0	0	0	106	0	0	0	0	0	0	0	0	0	0	0	0	0	0	0	0	0	0	0	0	0	0	0	0	0	0	
153092	Frontal_Sup_Orb_L	0	0	11646	0	0	0	1638	0	9014	0	158	0	670	0	12824	0	0	0	178	0	2704	0	5746	104	4524	0	6350	0	7636	0	2644	0	0	0	0	0	0	0	362	0	1236	0	0	0	0	0	0	0	0	0	0	0	0	0	0	0	0	0	0	0	0	0	0	0	0	0	0	0	0	0	316	0	7840	0	0	0	0	0	0	0	0	0	956	0	0	0	0	0	0	0	0	0	0	0	0	0	0	0	0	0	0	0	0	0	0	0	0	0	0	0	0	0	0	0	0	0	
122656	Frontal_Sup_Orb_R	0	0	0	4578	0	0	0	2280	0	3688	238	90	0	398	0	8012	144	0	168	734	0	1338	0	5718	0	7768	0	7742	240	1280	560	5010	0	352	0	0	0	108	0	142	0	0	0	0	0	0	0	0	0	0	0	0	0	0	0	0	0	0	0	0	0	0	0	0	0	0	0	0	0	0	698	6206	0	3698	0	0	0	0	0	0	138	0	0	0	0	0	0	0	0	0	0	0	0	0	0	0	0	0	0	0	0	0	0	0	0	0	0	0	0	0	0	0	0	0	0	0	
601668	Frontal_Mid_L	15822	792	87998	5876	1638	0	0	2074	3684	0	11778	452	35678	0	7444	118	3942	0	9780	1198	0	0	31004	6458	120	0	0	0	20086	268	14494	6108	1060	5272	0	0	1568	0	104	0	0	0	0	0	0	0	0	0	0	0	0	0	0	0	230	0	188	412	0	0	0	98	0	368	0	0	0	0	0	0	10038	3868	4690	826	522	0	2814	94	0	0	1756	0	114	0	0	0	0	0	0	0	0	0	0	0	0	0	0	0	0	0	0	0	0	0	0	0	0	0	0	0	0	0	0	0	0	0	
284836	Frontal_Mid_R	1896	5290	2328	35024	0	2280	2074	0	0	1614	542	6388	0	19120	0	7488	522	624	2672	4846	0	0	1492	8436	0	0	0	0	1248	5678	798	7184	320	8152	0	0	644	714	0	104	0	0	0	0	0	0	0	0	0	0	0	0	0	0	560	0	0	282	0	0	0	102	0	332	0	0	0	0	0	0	4390	3532	804	2776	0	972	0	1058	0	0	0	132	0	0	0	0	0	0	0	0	0	0	0	0	0	0	0	0	0	0	0	0	0	0	0	0	0	0	0	0	0	0	0	0	0	0	
77724	Frontal_Mid_Orb_L	0	0	2596	0	9014	0	3684	0	0	0	0	0	3246	0	14026	0	0	0	0	0	108	0	154	0	236	0	1638	0	2226	0	0	0	0	0	0	0	0	0	0	0	0	0	0	0	0	0	0	0	0	0	0	0	0	0	0	0	0	0	0	0	0	0	0	0	0	0	0	0	0	0	0	0	1934	0	0	0	0	0	0	0	0	0	0	0	0	0	0	0	0	0	0	0	0	0	0	0	0	0	0	0	0	0	0	0	0	0	0	0	0	0	0	0	0	0	0	0	
34220	Frontal_Mid_Orb_R	0	0	0	466	0	3688	0	1614	0	0	0	0	0	174	0	7092	0	0	0	0	0	0	0	280	0	92	0	0	0	144	0	0	0	0	0	0	0	0	0	0	0	0	0	0	0	0	0	0	0	0	0	0	0	0	0	0	0	0	0	0	0	0	0	0	0	0	0	0	0	0	0	852	0	2708	0	0	0	0	0	0	0	0	0	0	0	0	0	0	0	0	0	0	0	0	0	0	0	0	0	0	0	0	0	0	0	0	0	0	0	0	0	0	0	0	0	0	
319096	Frontal_Inf_Oper_L	13058	226	15756	810	158	238	11778	542	0	0	0	140	18694	0	590	252	11440	0	8846	3238	0	0	2878	514	0	0	0	0	26876	0	4944	952	108	108	0	0	1554	0	422	0	0	0	0	0	0	0	0	0	0	0	0	0	0	0	894	0	7734	0	0	0	0	0	0	0	0	0	0	0	0	0	8834	5232	2494	2294	160	0	0	0	208	0	4564	0	2486	0	88	0	0	0	438	0	0	0	0	0	0	0	0	0	0	0	0	0	0	0	0	0	0	0	0	0	0	0	0	0	0	0	
194240	Frontal_Inf_Oper_R	368	6166	3910	11890	0	90	452	6388	0	0	140	0	0	9060	0	1084	132	7332	3862	8852	0	0	0	1118	0	0	0	0	350	15650	248	1852	0	1710	0	0	170	1298	0	124	0	0	0	0	0	0	0	0	0	0	0	0	0	0	164	0	0	1700	0	0	0	0	0	0	0	0	0	0	0	0	1140	4874	342	3788	0	324	0	438	0	384	0	1002	0	718	0	0	0	0	0	0	0	0	0	0	0	0	0	0	0	0	0	0	0	0	0	0	0	0	0	0	0	0	0	0	0	0	
300416	Frontal_Inf_Tri_L	1764	0	18896	210	670	0	35678	0	3246	0	18694	0	0	0	12540	0	476	0	4956	2236	0	0	4286	484	0	0	0	0	25682	0	5470	578	370	408	0	0	0	0	0	0	0	0	0	0	0	0	0	0	0	0	0	0	0	0	0	0	404	0	0	0	0	0	0	0	0	0	0	0	0	0	5130	2624	2296	1884	0	0	0	0	0	0	258	0	968	0	0	0	0	0	0	0	0	0	0	0	0	0	0	0	0	0	0	0	0	0	0	0	0	0	0	0	0	0	0	0	0	0	
165416	Frontal_Inf_Tri_R	0	0	754	9632	0	398	0	19120	0	174	0	9060	0	0	0	5052	0	476	996	5680	0	0	808	3002	0	0	0	0	0	15354	142	2554	122	5720	0	0	0	150	0	0	0	0	0	0	0	0	0	0	0	0	0	0	0	0	0	0	0	0	0	0	0	0	0	0	0	0	0	0	0	0	134	858	0	2522	0	0	0	0	0	0	0	0	0	0	0	0	0	0	0	0	0	0	0	0	0	0	0	0	0	0	0	0	0	0	0	0	0	0	0	0	0	0	0	0	0	0	
173564	Frontal_Inf_Orb_L	0	0	7652	0	12824	0	7444	0	14026	0	590	0	12540	0	0	0	0	0	682	0	2980	0	534	0	0	0	2102	0	15798	0	208	0	0	0	0	0	268	0	200	0	1164	0	0	0	0	0	0	0	0	0	0	0	0	0	162	0	0	0	0	0	0	0	0	0	0	0	0	0	0	0	210	0	5304	0	0	0	0	0	0	0	0	0	2094	0	0	0	0	0	0	0	0	0	0	0	0	0	0	0	0	0	0	0	0	0	0	0	0	0	0	0	0	0	0	0	0	0	
168424	Frontal_Inf_Orb_R	0	0	304	7440	0	8012	118	7488	0	7092	252	1084	0	5052	0	0	152	114	432	3652	0	700	824	4884	0	274	0	588	264	7928	244	5046	888	3706	0	0	0	394	0	236	0	354	0	0	0	0	0	0	0	0	0	0	0	0	0	102	0	0	0	0	0	0	0	0	0	0	0	0	0	0	1000	5964	140	8664	0	152	0	0	0	0	138	0	0	530	0	0	0	0	0	0	0	0	0	0	0	0	0	0	0	0	0	0	0	0	0	0	0	0	0	0	0	0	0	0	0	0	
235872	Rolandic_Oper_L	9574	172	7746	484	0	144	3942	522	0	0	11440	132	476	0	0	152	0	0	9348	288	0	0	410	266	0	0	0	0	25432	0	936	488	0	0	0	100	2368	348	0	0	0	0	0	0	0	0	0	0	0	0	376	0	886	0	2726	0	10606	0	0	0	204	0	1886	0	0	0	0	0	0	0	1974	1026	760	132	126	0	446	358	3962	0	13018	0	946	0	962	0	0	0	2774	0	0	0	0	0	0	0	0	0	0	0	0	0	0	0	0	0	0	0	0	0	0	0	0	0	0	0	
134148	Rolandic_Oper_R	146	1996	2144	7130	0	0	0	624	0	0	0	7332	0	476	0	114	0	0	3110	7042	0	0	0	176	0	0	0	0	0	12990	0	508	0	320	0	0	0	2068	0	248	0	0	0	0	0	88	0	0	0	90	0	0	0	0	0	388	0	3910	0	0	0	252	0	3188	0	0	0	130	0	0	198	1756	100	3020	0	502	0	416	0	2076	0	3594	0	712	0	230	0	0	0	0	0	0	0	0	0	0	0	0	0	0	0	0	0	0	0	0	0	0	0	0	0	0	0	0	0	0	
634640	Supp_Motor_Area_L	9210	2220	63018	14984	178	168	9780	2672	0	0	8846	3862	4956	996	682	432	9348	3110	0	31486	0	0	10938	1854	0	0	0	0	22018	3726	10232	4236	10676	14182	256	246	5734	222	914	0	0	0	0	0	0	0	0	0	0	0	158	0	0	0	2214	0	5662	1338	0	0	524	208	410	658	0	0	0	0	5332	586	8964	4268	21250	628	4730	874	984	236	1038	0	3696	360	928	424	0	0	0	0	668	0	0	0	0	0	0	0	0	0	0	0	0	0	0	0	0	0	0	0	0	0	0	0	0	0	0	0	
688716	Supp_Motor_Area_R	4822	2420	14994	54460	0	734	1198	4846	0	0	3238	8852	2236	5680	0	3652	288	7042	31486	0	0	0	2640	10000	0	0	0	0	3458	12992	1920	13702	10952	47046	436	3094	558	2842	0	232	0	340	0	0	0	560	0	0	0	508	0	336	0	0	0	1094	96	1014	0	0	0	0	0	0	0	0	402	682	12826	9834	5674	25742	1514	15540	370	5046	1546	3308	0	0	174	818	152	620	0	342	0	0	0	0	0	0	0	0	0	0	0	0	0	0	0	0	0	0	0	0	0	0	0	0	0	0	0	0	0	0	
84348	Olfactory_L	0	0	476	0	2704	0	0	0	108	0	0	0	0	0	2980	0	0	0	0	0	0	4382	0	0	218	0	1638	0	3864	0	3754	1246	0	0	0	0	294	0	958	0	1686	0	0	0	0	0	0	0	0	0	0	0	0	0	142	0	0	0	0	0	0	0	0	0	0	0	0	0	0	0	7010	3426	5486	526	0	0	0	0	0	0	0	0	1276	0	0	0	0	0	0	0	0	0	0	0	0	0	0	0	0	0	0	0	0	0	0	0	0	0	0	0	0	0	0	0	0	0	
77136	Olfactory_R	0	0	0	0	0	1338	0	0	0	0	0	0	0	0	0	700	0	0	0	0	4382	0	0	0	0	512	0	1772	0	1670	2696	2602	0	0	0	0	0	166	148	486	0	1070	0	0	0	0	0	0	0	0	0	0	0	0	0	88	0	0	0	0	0	0	0	0	0	0	0	0	0	0	6024	6648	4972	2320	428	290	0	0	0	0	0	0	0	256	0	0	0	0	0	0	0	0	0	0	0	0	0	0	0	0	0	0	0	0	0	0	0	0	0	0	0	0	0	0	0	0	
536284	Frontal_Sup_Medial_L	508	0	64796	10868	5746	0	31004	1492	154	0	2878	0	4286	808	534	824	410	0	10938	2640	0	0	0	31536	4386	124	1212	0	4328	340	34472	19858	6152	22234	0	0	98	0	0	0	0	0	0	0	0	0	0	0	0	0	0	0	0	0	0	0	0	0	0	0	0	0	0	0	0	0	0	0	0	0	1986	568	2540	308	0	0	0	0	0	0	114	0	0	0	0	0	0	0	0	0	0	0	0	0	0	0	0	0	0	0	0	0	0	0	0	0	0	0	0	0	0	0	0	0	0	0	
531344	Frontal_Sup_Medial_R	264	0	13010	48162	104	5718	6458	8436	0	280	514	1118	484	3002	0	4884	266	176	1854	10000	0	0	31536	0	166	5322	0	638	524	2174	10340	46080	2744	36028	0	0	0	436	0	166	0	224	0	0	0	0	0	0	0	0	0	0	0	0	0	124	0	0	0	0	0	0	0	0	0	0	0	0	0	0	2384	13448	334	7382	0	178	0	518	0	0	196	0	0	0	0	0	0	0	0	0	0	0	0	0	0	0	0	0	0	0	0	0	0	0	0	0	0	0	0	0	0	0	0	0	0	0	
40124	Frontal_Med_Orb_L	0	0	2866	0	4524	0	120	0	236	0	0	0	0	0	0	0	0	0	0	0	218	0	4386	166	0	474	2828	162	0	0	3412	100	0	0	0	0	0	0	0	0	0	0	0	0	0	0	0	0	0	0	0	0	0	0	0	0	0	0	0	0	0	0	0	0	0	0	0	0	0	0	322	0	248	0	0	0	0	0	0	0	0	0	0	0	0	0	0	0	0	0	0	0	0	0	0	0	0	0	0	0	0	0	0	0	0	0	0	0	0	0	0	0	0	0	0	0	
75480	Frontal_Med_Orb_R	0	0	0	2158	0	7768	0	0	0	92	0	0	0	0	0	274	0	0	0	0	0	512	124	5322	474	0	0	5782	0	104	1424	4956	0	92	0	0	0	0	0	0	0	0	0	0	0	0	0	0	0	0	0	0	0	0	0	0	0	0	0	0	0	0	0	0	0	0	0	0	0	0	0	5880	0	2778	0	0	0	0	0	0	0	0	0	0	0	0	0	0	0	0	0	0	0	0	0	0	0	0	0	0	0	0	0	0	0	0	0	0	0	0	0	0	0	0	0	0	
46796	Rectus_L	0	0	716	0	6350	0	0	0	1638	0	0	0	0	0	2102	0	0	0	0	0	1638	0	1212	0	2828	0	0	0	930	0	3268	0	0	0	0	0	0	0	0	0	204	0	0	0	0	0	0	0	0	0	0	0	0	0	0	0	0	0	0	0	0	0	0	0	0	0	0	0	0	0	1156	0	1356	0	0	0	0	0	0	0	0	0	0	0	0	0	0	0	0	0	0	0	0	0	0	0	0	0	0	0	0	0	0	0	0	0	0	0	0	0	0	0	0	0	0	0	
46508	Rectus_R	0	0	0	172	0	7742	0	0	0	0	0	0	0	0	0	588	0	0	0	0	0	1772	0	638	162	5782	0	0	0	648	344	1562	0	0	0	0	0	0	0	0	0	0	0	0	0	0	0	0	0	0	0	0	0	0	0	0	0	0	0	0	0	0	0	0	0	0	0	0	0	0	0	2076	0	1768	0	0	0	0	0	0	0	0	0	0	0	0	0	0	0	0	0	0	0	0	0	0	0	0	0	0	0	0	0	0	0	0	0	0	0	0	0	0	0	0	0	0	
673696	Insula_L	13392	324	33134	944	7636	240	20086	1248	2226	0	26876	350	25682	0	15798	264	25432	0	22018	3458	3864	0	4328	524	0	0	930	0	0	230	6154	972	152	136	210	250	19254	678	1934	0	2974	0	0	0	0	0	0	0	0	0	312	0	614	0	9366	0	10138	0	0	0	92	0	228	0	0	0	0	0	0	0	11830	5948	21584	2404	194	0	1248	754	5408	0	12124	0	6140	0	1068	0	172	0	5526	0	0	0	0	0	0	0	0	0	0	0	0	0	0	0	0	0	0	0	0	0	0	0	0	0	0	0	
342540	Insula_R	596	1742	3596	16872	0	1280	268	5678	0	144	0	15650	0	15354	0	7928	0	12990	3726	12992	0	1670	340	2174	0	104	0	648	230	0	258	3376	260	3480	0	136	120	10744	0	2204	0	3694	0	0	0	116	0	0	0	110	0	102	0	0	92	2238	0	376	0	0	0	0	0	784	0	0	0	192	0	0	802	7836	278	18930	0	422	438	2298	0	1968	0	3296	0	1606	0	492	0	0	0	640	0	0	0	0	0	0	0	0	0	0	0	0	0	0	0	0	0	0	0	0	0	0	0	0	0	0	
440576	Cingulum_Ant_L	458	0	32854	7972	2644	560	14494	798	0	0	4944	248	5470	142	208	244	936	0	10232	1920	3754	2696	34472	10340	3412	1424	3268	344	6154	258	0	22372	5396	9270	0	0	200	0	0	0	0	0	0	0	0	0	0	0	0	0	0	0	0	0	162	0	92	0	0	0	0	0	0	0	0	0	0	0	0	0	12734	5906	10212	3170	0	148	0	136	0	0	244	0	0	0	0	0	0	0	0	0	0	0	0	0	0	0	0	0	0	0	0	0	0	0	0	0	0	0	0	0	0	0	0	0	0	0	
623436	Cingulum_Ant_R	730	0	11290	50066	0	5010	6108	7184	0	0	952	1852	578	2554	0	5046	488	508	4236	13702	1246	2602	19858	46080	100	4956	0	1562	972	3376	22372	0	4002	40242	0	0	0	654	0	180	0	286	0	0	0	0	0	0	0	0	0	0	0	0	0	146	0	0	0	0	0	0	0	0	0	0	0	0	0	0	6632	26804	2264	15044	0	422	132	1214	0	0	268	0	0	0	0	0	0	0	0	0	0	0	0	0	0	0	0	0	0	0	0	0	0	0	0	0	0	0	0	0	0	0	0	0	0	0	
179040	Cingulum_Mid_L	678	0	3580	5312	0	0	1060	320	0	0	108	0	370	122	0	888	0	0	10676	10952	0	0	6152	2744	0	0	0	0	152	260	5396	4002	0	17034	3286	1010	0	0	0	0	0	0	0	0	168	0	0	0	1280	0	1912	0	144	0	116	0	476	0	298	0	128	0	0	0	0	0	3712	138	4806	528	262	342	0	232	0	306	0	0	0	0	0	0	0	0	410	0	0	0	160	0	0	0	0	0	0	0	0	0	0	0	0	0	0	0	0	0	0	0	0	0	0	0	0	0	0	0	
642952	Cingulum_Mid_R	2770	524	11136	42912	0	352	5272	8152	0	0	108	1710	408	5720	0	3706	0	320	14182	47046	0	0	22234	36028	0	92	0	0	136	3480	9270	40242	17034	0	530	8374	370	524	0	0	0	0	0	800	0	2118	0	106	0	1548	0	490	0	0	0	266	0	1360	0	0	0	0	0	0	0	88	1172	4472	8868	8448	320	2928	228	2822	214	1500	722	126	0	0	0	92	0	0	0	156	0	0	0	0	0	0	0	0	0	0	0	0	0	0	0	0	0	0	0	0	0	0	0	0	0	0	0	0	0	0	
99744	Cingulum_Post_L	1356	0	0	182	0	0	0	0	0	0	0	0	0	0	0	0	0	0	256	436	0	0	0	0	0	0	0	0	210	0	0	0	3286	530	0	5436	4134	2118	160	0	0	0	3982	202	1506	618	1610	0	594	592	562	170	272	0	2496	184	1298	0	854	0	756	0	0	0	0	0	6726	1856	2624	206	0	0	0	0	0	0	994	1324	314	0	0	0	0	0	170	0	0	0	1858	0	0	0	0	0	0	0	0	0	0	0	0	0	0	0	0	0	0	0	0	0	0	0	0	0	0	0	
142152	Cingulum_Post_R	756	946	0	312	0	0	0	0	0	0	0	0	0	0	0	0	100	0	246	3094	0	0	0	0	0	0	0	0	250	136	0	0	1010	8374	5436	0	1908	5502	0	462	0	0	0	4324	0	3452	0	2144	0	2760	0	1228	0	346	0	1652	202	2222	0	0	0	0	0	0	0	0	1992	13506	362	2390	0	0	0	0	0	0	1292	1936	268	0	0	0	0	0	0	1132	0	0	152	944	0	0	0	0	0	0	0	0	0	0	0	0	0	0	0	0	0	0	0	0	240	0	0	0	0	0	
320608	Hippocampus_L	15878	446	4888	526	0	0	1568	644	0	0	1554	170	0	0	268	0	2368	0	5734	558	294	0	98	0	0	0	0	0	19254	120	200	0	0	370	4134	1908	0	2624	8460	246	4286	0	2726	0	168	0	2260	0	0	0	216	0	154	0	16306	0	6514	0	0	0	0	0	334	0	0	0	3568	172	736	0	2134	356	13900	0	954	0	9012	2194	5050	0	3498	0	1392	0	1678	0	334	0	9964	0	0	0	0	0	0	0	88	0	0	0	0	0	0	0	0	0	0	0	0	0	0	0	0	0	0	0	
290764	Hippocampus_R	2044	4958	0	6886	0	108	0	714	0	0	0	1298	0	150	0	394	348	2068	222	2842	0	166	0	436	0	0	0	0	678	10744	0	654	0	524	2118	5502	2624	0	224	16326	0	9468	0	588	0	1020	0	2048	0	968	0	738	0	370	0	19556	430	954	0	0	0	292	0	930	0	0	0	4614	0	378	118	1090	0	18224	0	1424	3078	8158	384	1042	0	1210	0	1002	122	1020	0	0	206	2690	0	0	0	0	0	0	0	756	0	210	0	0	0	0	0	0	0	0	0	0	266	0	0	0	0	0	
73608	ParaHippocampal_L	1038	0	566	0	362	0	104	0	0	0	422	0	0	0	200	0	0	0	914	0	958	148	0	0	0	0	0	0	1934	0	0	0	0	0	160	0	8460	224	0	310	1058	0	190	0	0	0	1780	364	0	0	112	0	0	0	7176	0	648	0	0	0	0	0	0	0	0	0	562	0	0	0	216	0	2310	0	0	0	584	0	0	0	134	0	2192	0	0	0	1808	0	992	0	156	0	0	0	108	0	420	0	194	0	0	0	0	0	0	0	0	0	0	0	0	0	0	0	0	0	
109200	ParaHippocampal_R	0	340	0	538	0	142	0	104	0	0	0	124	0	0	0	236	0	248	0	232	0	486	0	166	0	0	0	0	0	2204	0	180	0	0	0	462	246	16326	310	0	0	4296	0	640	0	128	0	1648	0	94	0	0	0	198	0	12008	0	0	0	0	0	0	0	0	0	0	0	1290	0	0	0	208	0	4944	0	382	116	982	0	368	0	314	0	1380	0	94	0	804	0	638	0	0	0	0	0	0	126	1284	0	314	0	0	0	0	0	0	0	0	0	0	0	0	0	0	0	0	
34380	Amygdala_L	0	0	94	0	1236	0	0	0	0	0	0	0	0	0	1164	0	0	0	0	0	1686	0	0	0	0	0	204	0	2974	0	0	0	0	0	0	0	4286	0	1058	0	0	0	0	0	0	0	0	0	0	0	0	0	0	0	2098	0	0	0	0	0	0	0	0	0	0	0	0	0	0	0	0	0	286	0	0	0	0	0	0	0	0	0	1326	0	0	0	210	0	568	0	0	0	0	0	0	0	0	0	0	0	0	0	0	0	0	0	0	0	0	0	0	0	0	0	0	0	
63408	Amygdala_R	0	0	0	200	0	0	0	0	0	0	0	0	0	0	0	354	0	0	0	340	0	1070	0	224	0	0	0	0	0	3694	0	286	0	0	0	0	0	9468	0	4296	0	0	0	0	0	0	0	0	0	0	0	0	0	0	0	4460	0	0	0	0	0	0	0	0	0	0	0	0	0	0	0	458	0	4316	0	0	0	136	0	0	0	0	0	1890	0	0	0	0	0	512	0	0	0	0	0	0	0	0	0	0	0	0	0	0	0	0	0	0	0	0	0	0	0	0	0	0	
163612	Calcarine_L	0	0	0	0	0	0	0	0	0	0	0	0	0	0	0	0	0	0	0	0	0	0	0	0	0	0	0	0	0	0	0	0	0	0	3982	0	2726	0	190	0	0	0	0	7370	8068	4588	13336	3710	4616	1764	11414	130	1950	0	3208	94	126	0	0	0	0	0	0	0	0	0	8812	288	0	0	0	0	0	0	0	0	0	0	134	0	0	0	0	0	642	0	0	0	2588	0	170	0	98	0	0	0	440	92	376	148	0	0	0	0	0	0	0	0	0	0	504	152	90	0	0	0	
275324	Calcarine_R	0	92	0	0	0	0	0	0	0	0	0	0	0	0	0	0	0	0	0	0	0	0	0	0	0	0	0	0	0	0	0	0	0	800	202	4324	0	588	0	640	0	0	7370	0	3120	22852	2238	21742	0	22282	0	13480	0	5042	0	8172	0	516	0	110	0	0	0	0	0	212	680	18362	0	214	0	0	0	0	0	0	0	0	0	0	0	0	0	0	0	2260	0	0	0	1350	144	0	0	94	0	0	0	0	146	174	0	0	0	0	0	0	0	0	0	0	0	302	154	0	0	0	
120968	Cuneus_L	128	0	0	0	0	0	0	0	0	0	0	0	0	0	0	0	0	0	0	0	0	0	0	0	0	0	0	0	0	0	0	0	168	0	1506	0	168	0	0	0	0	0	8068	3120	0	5228	1524	326	16104	1070	7334	104	664	0	934	0	302	0	1704	0	144	0	0	0	0	0	9410	586	394	0	0	0	0	0	0	0	0	0	0	0	0	0	0	0	620	0	0	0	878	0	0	0	0	0	0	0	0	0	0	0	0	0	0	0	0	0	0	0	0	0	0	0	0	0	0	0	
357164	Cuneus_R	0	950	0	550	0	0	0	0	0	0	0	0	0	0	0	0	0	88	0	560	0	0	0	0	0	0	0	0	0	116	0	0	0	2118	618	3452	0	1020	0	128	0	0	4588	22852	5228	0	936	4076	0	47038	0	16110	0	796	0	1348	0	954	0	1938	0	472	0	312	0	1834	8858	39996	0	312	0	0	0	0	0	0	0	0	0	0	0	972	0	0	0	8224	0	0	0	2046	0	0	0	0	0	0	0	0	0	0	0	0	0	0	0	0	0	0	0	0	0	92	0	0	0	0	
235892	Lingual_L	0	0	0	0	0	0	0	0	0	0	0	0	0	0	0	0	0	0	0	0	0	0	0	0	0	0	0	0	0	0	0	0	0	0	1610	0	2260	0	1780	0	0	0	13336	2238	1524	936	0	3452	3586	522	15494	0	8174	0	15152	666	0	0	0	0	0	0	0	0	0	0	5154	0	0	0	0	0	0	0	0	0	240	0	116	0	0	0	0	0	540	0	0	0	1518	0	5724	690	1168	0	0	0	7932	898	13076	1490	0	0	0	0	182	196	0	0	0	0	4562	2798	466	90	230	146	
278820	Lingual_R	0	0	0	408	0	0	0	0	0	0	0	0	0	0	0	0	0	0	0	0	0	0	0	0	0	0	0	0	0	0	0	0	0	106	0	2144	0	2048	364	1648	0	0	3710	21742	326	4076	3452	0	0	5978	0	4818	0	3864	1232	16528	0	212	0	0	0	0	0	0	0	0	114	8114	0	0	0	114	0	0	0	0	0	550	0	0	0	0	0	0	0	120	0	0	0	294	3862	4072	1402	1122	0	190	4266	4590	6608	10028	0	210	0	180	526	0	0	0	0	0	7010	9608	3358	416	0	0	
132304	Occipital_Sup_L	272	0	0	0	0	0	0	0	0	0	0	0	0	0	0	0	0	0	0	0	0	0	0	0	0	0	0	0	0	0	0	0	1280	0	594	0	0	0	0	0	0	0	4616	0	16104	0	3586	0	0	0	19564	0	766	0	536	0	324	0	5134	0	170	0	0	0	92	0	10798	0	418	0	0	0	0	0	0	0	0	0	0	0	0	0	0	0	1498	0	0	0	238	0	0	0	0	0	0	0	0	0	162	0	0	0	0	0	0	0	0	0	0	0	0	0	0	0	0	0	
348544	Occipital_Sup_R	0	872	0	546	0	0	0	0	0	0	0	0	0	0	0	0	0	90	0	508	0	0	0	0	0	0	0	0	0	110	0	0	0	1548	592	2760	0	968	0	94	0	0	1764	22282	1070	47038	522	5978	0	0	0	24446	0	1594	0	2886	0	808	0	3020	0	856	0	362	0	3708	5690	32172	0	244	0	0	0	0	0	0	0	0	0	0	0	1024	0	0	0	8570	0	0	0	2062	0	0	0	0	0	0	0	0	0	0	0	0	0	0	0	0	0	0	0	0	0	88	0	0	0	0	
337496	Occipital_Mid_L	1672	0	0	0	0	0	0	0	0	0	0	0	0	0	0	0	376	0	158	0	0	0	0	0	0	0	0	0	312	0	0	0	1912	0	562	0	216	0	112	0	0	0	11414	0	7334	0	15494	0	19564	0	0	0	18558	0	7810	0	5522	0	10252	0	10814	0	0	0	14514	0	10068	0	1714	0	0	0	0	0	0	0	0	0	218	0	178	0	0	0	20196	0	0	0	8562	0	294	0	132	0	0	0	0	0	790	0	0	0	0	0	0	0	0	0	0	0	0	0	0	0	0	0	
225116	Occipital_Mid_R	0	606	0	444	0	0	0	0	0	0	0	0	0	0	0	0	0	0	0	336	0	0	0	0	0	0	0	0	0	102	0	0	0	490	170	1228	0	738	0	0	0	0	130	13480	104	16110	0	4818	0	24446	0	0	0	4972	0	4968	0	194	0	836	0	3056	0	170	0	12756	428	11560	0	0	0	0	0	0	0	0	0	0	0	0	0	402	0	0	0	9202	0	0	0	812	0	0	0	0	0	0	0	0	0	0	0	0	0	0	0	0	0	0	0	0	0	0	0	0	0	0	
134972	Occipital_Inf_L	298	0	0	0	0	0	0	0	0	0	0	0	0	0	0	0	886	0	0	0	0	0	0	0	0	0	0	0	614	0	0	0	144	0	272	0	154	0	0	0	0	0	1950	0	664	0	8174	0	766	0	18558	0	0	0	12650	0	134	0	0	0	0	0	0	0	310	0	2332	0	380	0	0	0	0	0	0	0	0	0	164	0	648	0	0	0	2974	0	0	0	12360	0	454	0	0	0	0	0	264	0	1886	0	0	0	0	0	0	0	0	0	0	0	244	206	0	0	0	0	
70904	Occipital_Inf_R	0	0	0	0	0	0	0	0	0	0	0	0	0	0	0	0	0	0	0	0	0	0	0	0	0	0	0	0	0	0	0	0	0	0	0	346	0	370	0	198	0	0	0	5042	0	796	0	3864	0	1594	0	4972	0	0	0	9228	0	0	0	0	0	0	0	0	0	302	0	1448	0	0	0	0	0	0	0	0	0	0	0	0	0	0	0	0	0	918	0	0	0	6024	0	0	0	0	0	0	0	0	0	194	0	0	0	0	0	0	0	0	0	0	0	156	0	0	0	0	
402828	Fusiform_L	4238	142	1232	92	0	0	230	560	0	0	894	164	0	0	162	0	2726	0	2214	0	142	0	0	0	0	0	0	0	9366	92	162	0	116	0	2496	0	16306	0	7176	0	2098	0	3208	0	934	0	15152	1232	536	0	7810	0	12650	0	0	340	2278	0	0	0	178	0	440	0	342	0	4870	0	2084	0	1282	266	4692	0	0	0	180	0	3814	0	3858	0	1940	0	2708	0	1994	0	26020	0	13092	294	510	0	0	0	11240	756	20144	598	242	0	218	0	120	0	0	0	0	0	3894	890	0	0	0	0	
327136	Fusiform_R	0	652	0	380	0	0	0	0	0	0	0	0	0	0	0	102	0	388	0	1094	0	88	0	124	0	0	0	0	0	2238	0	146	0	266	184	1652	0	19556	0	12008	0	4460	94	8172	0	1348	666	16528	0	2886	0	4968	0	9228	340	0	0	0	0	0	0	0	0	0	0	106	0	3516	0	232	0	170	0	3040	0	0	0	354	0	388	0	702	0	3588	0	1970	0	2006	0	12370	866	9448	364	454	0	254	1472	7210	1870	13876	0	290	0	698	180	154	0	0	0	110	4916	3964	1190	140	102	0	
302140	Postcentral_L	34272	112	1754	0	0	0	188	0	0	0	7734	0	404	0	0	0	10606	0	5662	96	0	0	0	0	0	0	0	0	10138	0	92	0	476	0	1298	202	6514	430	648	0	0	0	126	0	302	0	0	0	324	0	5522	0	134	0	2278	0	0	0	10290	0	20370	0	7890	0	1144	0	6122	0	2738	0	1000	0	3372	0	430	0	690	358	2660	0	2964	0	0	0	132	0	0	0	1598	0	0	0	0	0	0	0	0	0	0	0	0	0	0	0	0	0	0	0	0	0	0	0	0	0	0	0	
140456	Postcentral_R	512	14190	408	1292	0	0	412	282	0	0	0	1700	0	0	0	0	0	3910	1338	1014	0	0	0	0	0	0	0	0	0	376	0	0	0	1360	0	2222	0	954	0	0	0	0	0	516	0	954	0	212	0	808	0	194	0	0	0	0	0	0	0	5458	0	10688	0	8686	0	1376	158	5086	0	2688	792	0	188	1238	0	0	0	110	0	0	0	390	0	0	0	716	0	0	0	0	0	0	0	0	0	0	0	0	0	0	0	0	0	0	0	0	0	0	0	0	0	0	0	0	0	0	
121204	Parietal_Sup_L	720	0	0	0	0	0	0	0	0	0	0	0	0	0	0	0	0	0	0	0	0	0	0	0	0	0	0	0	0	0	0	0	298	0	854	0	0	0	0	0	0	0	0	0	1704	0	0	0	5134	0	10252	0	0	0	0	0	10290	0	0	0	14216	0	0	0	1874	0	14492	0	768	0	0	0	0	0	0	0	0	0	0	0	0	0	0	0	0	0	0	0	0	0	0	0	0	0	0	0	0	0	0	0	0	0	0	0	0	0	0	0	0	0	0	0	0	0	0	0	
61308	Parietal_Sup_R	0	104	0	0	0	0	0	0	0	0	0	0	0	0	0	0	0	0	0	0	0	0	0	0	0	0	0	0	0	0	0	0	0	0	0	0	0	0	0	0	0	0	0	110	0	1938	0	0	0	3020	0	836	0	0	0	0	0	5458	0	0	0	5834	0	1028	0	3416	830	7926	0	154	0	0	0	0	0	0	0	0	0	0	0	0	0	0	0	0	0	0	0	0	0	0	0	0	0	0	0	0	0	0	0	0	0	0	0	0	0	0	0	0	0	0	0	0	0	0	
156028	Parietal_Inf_L	1734	0	0	0	0	0	0	0	0	0	0	0	0	0	0	0	204	0	524	0	0	0	0	0	0	0	0	0	92	0	0	0	128	0	756	0	0	0	0	0	0	0	0	0	144	0	0	0	170	0	10814	0	0	0	178	0	20370	0	14216	0	0	0	10492	0	13154	0	3802	0	296	0	0	0	0	0	0	0	0	0	134	0	452	0	0	0	0	0	0	0	354	0	0	0	0	0	0	0	0	0	0	0	0	0	0	0	0	0	0	0	0	0	0	0	0	0	0	0	
85672	Parietal_Inf_R	98	1102	148	344	0	0	98	102	0	0	0	0	0	0	0	0	0	252	208	0	0	0	0	0	0	0	0	0	0	0	0	0	0	0	0	0	0	292	0	0	0	0	0	0	0	472	0	0	0	856	0	3056	0	0	0	0	0	10688	0	5834	0	0	0	6768	0	10478	192	1064	0	0	170	0	0	338	0	0	0	0	0	0	0	118	0	0	0	158	0	0	0	0	0	0	0	0	0	0	0	0	0	0	0	0	0	0	0	0	0	0	0	0	0	0	0	0	0	0	
68072	SupraMarginal_L	542	0	0	0	0	0	0	0	0	0	0	0	0	0	0	0	1886	0	410	0	0	0	0	0	0	0	0	0	228	0	0	0	0	0	0	0	334	0	0	0	0	0	0	0	0	0	0	0	0	0	0	0	0	0	440	0	7890	0	0	0	10492	0	0	0	5236	0	0	0	0	0	0	0	0	0	0	0	0	0	642	0	2956	0	0	0	1836	0	0	0	1144	0	0	0	0	0	0	0	0	0	0	0	0	0	0	0	0	0	0	0	0	0	0	0	0	0	0	0	
70740	SupraMarginal_R	400	1830	432	642	0	0	368	332	0	0	0	0	0	0	0	0	0	3188	658	0	0	0	0	0	0	0	0	0	0	784	0	0	0	0	0	0	0	930	0	0	0	0	0	0	0	312	0	0	0	362	0	170	0	0	0	0	0	8686	0	1028	0	6768	0	0	0	2004	116	468	0	0	636	108	0	846	0	0	0	0	0	0	0	3068	0	0	0	1234	0	0	0	0	0	0	0	0	0	0	0	0	0	0	0	0	0	0	0	0	0	0	0	0	0	0	0	0	0	0	
87400	Angular_L	0	0	0	0	0	0	0	0	0	0	0	0	0	0	0	0	0	0	0	0	0	0	0	0	0	0	0	0	0	0	0	0	0	0	0	0	0	0	0	0	0	0	0	0	0	0	0	0	92	0	14514	0	310	0	342	0	1144	0	1874	0	13154	0	5236	0	0	0	164	0	176	0	0	0	0	0	0	0	0	0	292	0	1038	0	0	0	4740	0	0	0	624	0	0	0	0	0	0	0	0	0	0	0	0	0	0	0	0	0	0	0	0	0	0	0	0	0	0	0	
101176	Angular_R	0	100	0	0	0	0	0	0	0	0	0	0	0	0	0	0	0	0	0	0	0	0	0	0	0	0	0	0	0	0	0	0	0	88	0	0	0	0	0	0	0	0	0	212	0	1834	0	0	0	3708	0	12756	0	302	0	106	0	1376	0	3416	0	10478	0	2004	0	0	364	2346	0	0	0	0	0	0	0	0	0	0	0	0	0	4326	0	0	0	6924	0	0	0	248	0	0	0	0	0	0	0	0	0	0	0	0	0	0	0	0	0	0	0	0	0	0	0	0	0	0	
271872	Precuneus_L	712	0	0	0	0	0	0	0	0	0	0	0	0	0	0	0	0	0	0	402	0	0	0	0	0	0	0	0	0	0	0	0	3712	1172	6726	1992	3568	0	562	0	0	0	8812	680	9410	8858	5154	114	10798	5690	10068	428	2332	0	4870	0	6122	158	14492	830	3802	192	0	116	164	364	0	11382	3072	0	0	0	0	0	0	0	0	0	160	0	0	600	0	0	988	3156	0	0	3956	322	0	0	0	0	0	0	0	0	0	0	0	0	0	0	0	0	0	0	0	0	0	0	0	0	0	0	
381156	Precuneus_R	0	1968	0	706	0	0	0	0	0	0	0	0	0	0	0	0	0	130	0	682	0	0	0	0	0	0	0	0	0	192	0	0	138	4472	1856	13506	172	4614	0	1290	0	0	288	18362	586	39996	0	8114	0	32172	0	11560	0	1448	0	3516	0	5086	0	7926	0	1064	0	468	0	2346	11382	0	0	1588	0	0	0	0	0	0	178	452	0	116	0	1198	0	0	0	9534	0	0	0	3130	0	0	0	0	0	0	0	0	0	0	0	0	0	0	0	0	0	0	0	0	342	0	0	0	0	0	
150956	Paracentral_Lobule_L	12148	186	1488	936	0	0	0	0	0	0	0	0	0	0	0	0	0	0	5332	12826	0	0	0	0	0	0	0	0	0	0	0	0	4806	8868	2624	362	736	0	0	0	0	0	0	0	394	0	0	0	418	0	1714	0	380	0	2084	0	2738	0	768	0	296	0	0	0	176	0	3072	0	0	3808	180	434	338	0	484	0	780	0	306	0	340	0	0	0	4178	0	0	0	2278	0	0	0	0	0	0	0	0	0	0	0	0	0	0	0	0	0	0	0	0	0	0	0	0	0	0	0	
69536	Paracentral_Lobule_R	1460	1402	0	202	0	0	0	0	0	0	0	0	0	0	0	0	0	0	586	9834	0	0	0	0	0	0	0	0	0	0	0	0	528	8448	206	2390	0	378	0	0	0	0	0	214	0	312	0	0	0	244	0	0	0	0	0	232	0	2688	0	154	0	0	0	0	0	0	0	1588	3808	0	0	0	0	0	0	94	0	0	0	0	0	0	0	0	0	0	0	0	0	0	0	0	0	0	0	0	0	0	0	0	0	0	0	0	0	0	0	0	0	0	0	0	0	0	0	0	
382340	Caudate_L	8376	2038	8152	5764	316	698	10038	4390	0	0	8834	1140	5130	134	210	1000	1974	198	8964	5674	7010	6024	1986	2384	322	0	1156	0	11830	802	12734	6632	262	320	0	0	2134	118	216	0	0	0	0	0	0	0	0	0	0	0	0	0	0	0	1282	0	1000	792	0	0	0	170	0	636	0	0	0	0	180	0	0	20854	23922	4660	2832	598	5204	690	0	0	938	0	452	0	0	0	0	0	0	0	0	0	0	0	0	0	0	0	0	0	0	0	0	0	0	0	0	0	0	0	0	0	0	0	0	0	
547236	Caudate_R	1868	978	4548	34644	0	6206	3868	3532	0	852	5232	4874	2624	858	0	5964	1026	1756	4268	25742	3426	6648	568	13448	0	5880	0	2076	5948	7836	5906	26804	342	2928	0	0	356	1090	0	208	0	458	0	0	0	0	0	114	0	0	0	0	0	0	266	170	0	0	0	0	0	0	0	108	0	0	0	0	434	0	20854	0	7414	29824	570	3264	310	15986	0	0	606	138	254	544	0	0	0	0	0	0	0	0	0	0	0	0	0	0	0	0	0	0	0	0	0	0	0	0	0	0	0	0	0	0	0	0	
380284	Putamen_L	5980	848	13622	510	7840	0	4690	804	1934	0	2494	342	2296	0	5304	140	760	100	21250	1514	5486	4972	2540	334	248	0	1356	0	21584	278	10212	2264	0	228	0	0	13900	0	2310	0	286	0	0	0	0	0	0	0	0	0	0	0	0	0	4692	0	3372	188	0	0	0	0	0	0	0	0	0	0	338	0	23922	7414	0	1464	7942	352	1652	140	0	0	968	0	288	0	0	0	0	0	984	0	0	0	0	0	0	0	0	0	0	0	0	0	0	0	0	0	0	0	0	0	0	0	0	0	0	0	
407820	Putamen_R	1014	3022	714	12840	0	3698	826	2776	0	2708	2294	3788	1884	2522	0	8664	132	3020	628	15540	526	2320	308	7382	0	2778	0	1768	2404	18930	3170	15044	232	2822	0	0	0	18224	0	4944	0	4316	0	0	0	0	0	0	0	0	0	0	0	0	0	3040	0	1238	0	0	0	338	0	846	0	0	0	0	0	0	4660	29824	1464	0	0	4496	418	4920	0	0	0	324	0	534	0	188	0	0	0	176	0	0	0	0	0	0	0	206	0	0	0	0	0	0	0	0	0	0	0	0	0	0	0	0	0	0	
53848	Pallidum_L	2252	0	2004	0	0	0	522	0	0	0	160	0	0	0	0	0	126	0	4730	370	0	428	0	0	0	0	0	0	194	0	0	0	0	214	0	0	954	0	0	0	0	0	0	0	0	0	0	0	0	0	0	0	0	0	0	0	430	0	0	0	0	0	0	0	0	0	0	0	484	0	2832	570	7942	0	0	106	2606	0	0	0	0	0	0	0	0	0	0	0	0	0	0	0	0	0	0	0	0	0	0	0	0	0	0	0	0	0	0	0	0	0	0	0	0	0	0	0	
50952	Pallidum_R	148	402	0	3074	0	0	0	972	0	0	0	324	0	0	0	152	0	502	874	5046	0	290	0	178	0	0	0	0	0	422	148	422	306	1500	0	0	0	1424	0	382	0	0	0	0	0	0	0	0	0	0	0	0	0	0	0	0	0	0	0	0	0	0	0	0	0	0	0	0	0	94	598	3264	352	4496	106	0	0	0	0	0	0	0	0	0	0	0	0	0	0	0	0	0	0	0	0	0	0	0	0	0	0	0	0	0	0	0	0	0	0	0	0	0	0	0	0	0	
153452	Thalamus_L	22276	248	11978	1280	0	0	2814	0	0	0	0	0	0	0	0	0	446	0	984	1546	0	0	0	0	0	0	0	0	1248	438	0	132	0	722	994	1292	9012	3078	584	116	0	0	0	0	0	0	240	0	0	0	0	0	0	0	180	0	690	0	0	0	0	0	0	0	0	0	0	178	780	0	5204	310	1652	418	2606	0	0	4456	332	0	118	0	0	0	152	0	0	0	222	0	0	0	0	0	0	0	0	0	0	0	0	0	0	0	0	0	0	0	0	0	0	0	0	0	0	0	
172096	Thalamus_R	2856	4198	152	24524	0	0	94	1058	0	0	0	438	0	0	0	0	358	416	236	3308	0	0	0	518	0	0	0	0	754	2298	136	1214	0	126	1324	1936	2194	8158	0	982	0	136	0	0	0	0	0	550	0	0	0	0	0	0	0	354	358	110	0	0	0	0	0	0	0	0	0	452	0	0	690	15986	140	4920	0	0	4456	0	316	0	0	0	0	0	114	0	0	0	188	0	0	0	0	0	0	0	0	0	0	0	0	0	0	0	0	0	0	0	0	0	0	0	0	0	0	0	
81740	Heschl_L	2770	0	0	0	0	0	0	0	0	0	208	0	0	0	0	0	3962	0	1038	0	0	0	0	0	0	0	0	0	5408	0	0	0	0	0	314	268	5050	384	0	0	0	0	134	0	0	0	116	0	0	0	218	0	164	0	3814	0	2660	0	0	0	134	0	642	0	292	0	160	0	306	0	0	0	0	0	0	0	332	316	0	0	4140	0	0	0	2970	0	0	0	5070	0	0	0	0	0	0	0	0	0	0	0	0	0	0	0	0	0	0	0	0	0	0	0	0	0	0	0	
22224	Heschl_R	0	188	0	118	0	0	0	0	0	0	0	384	0	0	0	0	0	2076	0	0	0	0	0	0	0	0	0	0	0	1968	0	0	0	0	0	0	0	1042	0	368	0	0	0	0	0	0	0	0	0	0	0	0	0	0	0	388	0	0	0	0	0	0	0	0	0	0	0	116	0	0	0	0	0	0	0	0	0	0	0	0	0	3126	0	0	0	968	0	0	0	370	0	0	0	0	0	0	0	0	0	0	0	0	0	0	0	0	0	0	0	0	0	0	0	0	0	0	
191020	Temporal_Sup_L	2498	0	3098	236	0	138	1756	0	0	0	4564	0	258	0	0	138	13018	0	3696	174	0	0	114	196	0	0	0	0	12124	0	244	268	0	0	0	0	3498	0	134	0	0	0	0	0	0	0	0	0	0	0	178	0	648	0	3858	0	2964	0	0	0	452	0	2956	0	1038	0	0	0	340	0	938	606	968	0	0	0	118	0	4140	0	0	0	3788	0	16500	0	0	0	9866	0	0	0	0	0	0	0	0	0	0	0	0	0	0	0	0	0	0	0	0	0	0	0	0	0	0	0	
95840	Temporal_Sup_R	0	202	266	1176	0	0	0	132	0	0	0	1002	0	0	0	0	0	3594	360	818	0	0	0	0	0	0	0	0	0	3296	0	0	0	92	0	0	0	1210	0	314	0	0	0	0	0	972	0	0	0	1024	0	402	0	0	0	702	0	390	0	0	0	118	0	3068	0	4326	600	1198	0	0	0	138	0	324	0	0	0	0	0	3126	0	0	0	1398	0	15388	0	140	0	2144	0	0	0	0	0	0	0	0	0	0	0	0	0	0	0	0	0	0	0	0	0	0	0	0	0	0	
96120	Temporal_Pole_Sup_L	0	0	1476	0	956	0	114	0	0	0	2486	0	968	0	2094	0	946	0	928	152	1276	0	0	0	0	0	0	0	6140	0	0	0	0	0	0	0	1392	0	2192	0	1326	0	0	0	0	0	0	0	0	0	0	0	0	0	1940	0	0	0	0	0	0	0	0	0	0	0	0	0	0	0	452	254	288	0	0	0	0	0	0	0	3788	0	0	0	7660	0	5852	0	5380	0	0	0	0	0	0	0	0	0	0	0	0	0	0	0	0	0	0	0	0	0	0	0	0	0	0	0	
46096	Temporal_Pole_Sup_R	0	0	424	616	0	0	0	0	0	0	0	718	0	0	0	530	0	712	424	620	0	256	0	0	0	0	0	0	0	1606	0	0	0	0	0	0	0	1002	0	1380	0	1890	0	0	0	0	0	0	0	0	0	0	0	0	0	3588	0	0	0	0	0	0	0	0	0	0	0	0	0	0	0	544	0	534	0	0	0	0	0	0	0	1398	0	0	0	786	0	3040	0	2980	0	0	0	0	0	0	0	0	0	0	0	0	0	0	0	0	0	0	0	0	0	0	0	0	0	0	
206148	Temporal_Mid_L	280	0	0	0	0	0	0	0	0	0	88	0	0	0	0	0	962	0	0	0	0	0	0	0	0	0	0	0	1068	0	0	0	410	0	170	0	1678	122	0	0	0	0	642	0	620	0	540	0	1498	0	20196	0	2974	0	2708	0	132	0	0	0	0	0	1836	0	4740	0	988	0	4178	0	0	0	0	0	0	0	152	114	2970	0	16500	0	7660	0	0	0	3612	0	26236	0	0	0	0	0	0	0	0	0	0	0	0	0	0	0	0	0	0	0	0	0	0	0	0	0	0	0	
182912	Temporal_Mid_R	0	802	0	944	0	0	0	0	0	0	0	0	0	0	0	0	0	230	0	342	0	0	0	0	0	0	0	0	0	492	0	0	0	156	0	1132	0	1020	0	94	0	0	0	2260	0	8224	0	120	0	8570	0	9202	0	918	0	1970	0	716	0	0	0	158	0	1234	0	6924	3156	9534	0	0	0	0	0	188	0	0	0	0	0	968	0	15388	0	786	0	0	0	632	0	15296	0	0	0	0	0	0	0	0	0	0	0	0	0	0	0	0	0	0	0	0	0	0	0	0	0	0	
37976	Temporal_Pole_Mid_L	0	0	0	0	0	0	0	0	0	0	0	0	0	0	0	0	0	0	0	0	0	0	0	0	0	0	0	0	172	0	0	0	0	0	0	0	334	0	1808	0	210	0	0	0	0	0	0	0	0	0	0	0	0	0	1994	0	0	0	0	0	0	0	0	0	0	0	0	0	0	0	0	0	0	0	0	0	0	0	0	0	0	0	5852	0	3612	0	0	0	5006	0	0	0	0	0	0	0	0	0	0	0	0	0	0	0	0	0	0	0	0	0	0	0	0	0	0	0	
16176	Temporal_Pole_Mid_R	0	0	0	0	0	0	0	0	0	0	0	0	0	0	0	0	0	0	0	0	0	0	0	0	0	0	0	0	0	0	0	0	0	0	0	0	0	0	0	804	0	0	0	0	0	0	0	0	0	0	0	0	0	0	0	2006	0	0	0	0	0	0	0	0	0	0	0	0	0	0	0	0	0	0	0	0	0	0	0	0	0	140	0	3040	0	632	0	0	0	1466	0	0	0	0	0	0	0	0	0	0	0	0	0	0	0	0	0	0	0	0	0	0	0	0	0	0	
307772	Temporal_Inf_L	2814	0	344	0	0	0	0	0	0	0	438	0	0	0	0	0	2774	0	668	0	0	0	0	0	0	0	0	0	5526	0	0	0	160	0	1858	152	9964	206	992	0	568	0	2588	0	878	0	1518	0	238	0	8562	0	12360	0	26020	0	1598	0	0	0	354	0	1144	0	624	0	3956	0	2278	0	0	0	984	0	0	0	222	188	5070	0	9866	0	5380	0	26236	0	5006	0	0	0	4044	0	1194	0	274	0	1852	0	2578	0	780	0	1236	0	394	0	0	0	0	0	0	0	0	0	0	0	
113968	Temporal_Inf_R	0	0	0	106	0	0	0	0	0	0	0	0	0	0	0	0	0	0	0	0	0	0	0	0	0	0	0	0	0	640	0	0	0	0	0	944	0	2690	0	638	0	512	0	1350	0	2046	0	294	0	2062	0	812	0	6024	0	12370	0	0	0	0	0	0	0	0	0	248	322	3130	0	0	0	0	0	176	0	0	0	0	0	370	0	2144	0	2980	0	15296	0	1466	0	0	0	364	0	0	0	0	0	0	0	0	0	0	0	0	0	0	0	0	0	0	0	0	0	0	0	0	
398824	Cerebelum_Crus1_L	0	0	0	0	0	0	0	0	0	0	0	0	0	0	0	0	0	0	0	0	0	0	0	0	0	0	0	0	0	0	0	0	0	0	0	0	0	0	156	0	0	0	170	144	0	0	5724	3862	0	0	294	0	454	0	13092	866	0	0	0	0	0	0	0	0	0	0	0	0	0	0	0	0	0	0	0	0	0	0	0	0	0	0	0	0	0	0	0	0	4044	0	0	936	36782	1076	686	348	23598	1832	52316	2132	12064	304	16156	230	5570	292	702	0	150	572	6674	4474	2252	828	504	128	
409392	Cerebelum_Crus1_R	0	0	0	0	0	0	0	0	0	0	0	0	0	0	0	0	0	0	0	0	0	0	0	0	0	0	0	0	0	0	0	0	0	0	0	0	0	0	0	0	0	0	0	0	0	0	690	4072	0	0	0	0	0	0	294	9448	0	0	0	0	0	0	0	0	0	0	0	0	0	0	0	0	0	0	0	0	0	0	0	0	0	0	0	0	0	0	0	0	0	364	936	0	1318	27474	0	4502	1628	23090	1776	55086	0	6670	160	20572	268	6464	0	492	1082	3422	11778	7088	8198	4440	3384	0	
334436	Cerebelum_Crus2_L	0	0	0	0	0	0	0	0	0	0	0	0	0	0	0	0	0	0	0	0	0	0	0	0	0	0	0	0	0	0	0	0	0	0	0	0	0	0	0	0	0	0	98	0	0	0	1168	1402	0	0	132	0	0	0	510	364	0	0	0	0	0	0	0	0	0	0	0	0	0	0	0	0	0	0	0	0	0	0	0	0	0	0	0	0	0	0	0	0	1194	0	36782	1318	0	7368	128	210	3130	508	9132	1040	40028	3066	33986	2242	7486	440	254	0	96	366	1638	1620	5782	5030	700	0	
278372	Cerebelum_Crus2_R	0	0	0	0	0	0	0	0	0	0	0	0	0	0	0	0	0	0	0	0	0	0	0	0	0	0	0	0	0	0	0	0	0	0	0	0	0	0	0	0	0	0	0	94	0	0	0	1122	0	0	0	0	0	0	0	454	0	0	0	0	0	0	0	0	0	0	0	0	0	0	0	0	0	0	0	0	0	0	0	0	0	0	0	0	0	0	0	0	0	0	1076	27474	7368	0	0	488	90	878	406	5122	4964	23442	2120	33212	164	6360	0	110	156	436	654	1496	10044	8146	3310	0	
22256	Cerebelum_3_L	0	0	0	0	0	0	0	0	0	0	0	0	0	0	0	0	0	0	0	0	0	0	0	0	0	0	0	0	0	0	0	0	0	0	0	0	0	0	108	0	0	0	0	0	0	0	0	0	0	0	0	0	0	0	0	0	0	0	0	0	0	0	0	0	0	0	0	0	0	0	0	0	0	0	0	0	0	0	0	0	0	0	0	0	0	0	0	0	274	0	686	0	128	0	0	0	5060	98	1178	0	0	0	0	0	424	0	0	0	596	1304	1272	0	0	0	0	0	
66576	Cerebelum_3_R	0	0	0	0	0	0	0	0	0	0	0	0	0	0	0	0	0	0	0	0	0	0	0	0	0	0	0	0	0	0	0	0	0	0	0	0	0	0	0	0	0	0	0	0	0	0	0	190	0	0	0	0	0	0	0	254	0	0	0	0	0	0	0	0	0	0	0	0	0	0	0	0	0	0	0	0	0	0	0	0	0	0	0	0	0	0	0	0	0	0	348	4502	210	488	0	0	890	7194	534	6670	0	0	0	738	180	570	0	0	1754	4552	2040	590	518	604	462	0	
291520	Cerebelum_4_5_L	0	0	0	0	0	0	0	0	0	0	0	0	0	0	0	0	0	0	0	0	0	0	0	0	0	0	0	0	0	0	0	0	0	0	0	0	88	0	420	126	0	0	440	0	0	0	7932	4266	0	0	0	0	264	0	11240	1472	0	0	0	0	0	0	0	0	0	0	0	0	0	0	0	0	0	0	0	0	0	0	0	0	0	0	0	0	0	0	0	0	1852	0	23598	1628	3130	90	5060	890	0	4350	37394	3064	832	0	990	0	4654	1304	304	0	634	1800	21320	3726	0	296	1100	1496	
236500	Cerebelum_4_5_R	0	0	0	0	0	0	0	0	0	0	0	0	0	0	0	0	0	0	0	0	0	0	0	0	0	0	0	0	0	0	0	0	0	0	0	0	0	756	0	1284	0	0	92	0	0	0	898	4590	0	0	0	0	0	0	756	7210	0	0	0	0	0	0	0	0	0	0	0	0	0	0	0	0	0	206	0	0	0	0	0	0	0	0	0	0	0	0	0	0	0	0	1832	23090	508	878	98	7194	4350	0	3010	32726	0	94	0	1032	106	438	0	0	912	5570	18834	478	476	494	338	0	
389964	Cerebelum_6_L	0	0	0	0	0	0	0	0	0	0	0	0	0	0	0	0	0	0	0	0	0	0	0	0	0	0	0	0	0	0	0	0	0	0	0	0	0	0	194	0	0	0	376	146	0	0	13076	6608	162	0	790	0	1886	0	20144	1870	0	0	0	0	0	0	0	0	0	0	0	0	0	0	0	0	0	0	0	0	0	0	0	0	0	0	0	0	0	0	0	0	2578	0	52316	1776	9132	406	1178	534	37394	3010	0	4154	2924	0	3256	0	4144	536	768	0	320	894	13870	7876	1354	422	546	342	
383656	Cerebelum_6_R	0	0	0	0	0	0	0	0	0	0	0	0	0	0	0	0	0	0	0	0	0	0	0	0	0	0	0	0	0	0	0	0	0	0	0	0	0	210	0	314	0	0	148	174	0	0	1490	10028	0	0	0	0	0	194	598	13876	0	0	0	0	0	0	0	0	0	0	0	0	0	0	0	0	0	0	0	0	0	0	0	0	0	0	0	0	0	0	0	0	0	0	2132	55086	1040	5122	0	6670	3064	32726	4154	0	0	1084	90	5374	444	1892	0	432	1240	4562	16688	11658	6620	2790	1928	0	
244040	Cerebelum_7b_L	0	0	0	0	0	0	0	0	0	0	0	0	0	0	0	0	0	0	0	0	0	0	0	0	0	0	0	0	0	0	0	0	0	0	0	0	0	0	0	0	0	0	0	0	0	0	0	0	0	0	0	0	0	0	242	0	0	0	0	0	0	0	0	0	0	0	0	0	0	0	0	0	0	0	0	0	0	0	0	0	0	0	0	0	0	0	0	0	780	0	12064	0	40028	4964	0	0	832	0	2924	0	0	3078	36748	3256	6308	470	356	0	0	0	144	0	3280	6546	0	0	
150064	Cerebelum_7b_R	0	0	0	0	0	0	0	0	0	0	0	0	0	0	0	0	0	0	0	0	0	0	0	0	0	0	0	0	0	0	0	0	0	0	0	0	0	0	0	0	0	0	0	0	0	0	0	210	0	0	0	0	0	0	0	290	0	0	0	0	0	0	0	0	0	0	0	0	0	0	0	0	0	0	0	0	0	0	0	0	0	0	0	0	0	0	0	0	0	0	304	6670	3066	23442	0	0	0	94	0	1084	3078	0	2230	27096	94	1550	0	0	0	0	0	234	1490	3934	166	0	
269092	Cerebelum_8_L	0	0	0	0	0	0	0	0	0	0	0	0	0	0	0	0	0	0	0	0	0	0	0	0	0	0	0	0	0	0	0	0	0	0	0	0	0	0	0	0	0	0	0	0	0	0	0	0	0	0	0	0	0	0	218	0	0	0	0	0	0	0	0	0	0	0	0	0	0	0	0	0	0	0	0	0	0	0	0	0	0	0	0	0	0	0	0	0	1236	0	16156	160	33986	2120	0	0	990	0	3256	90	36748	2230	0	4700	18562	1004	2264	0	0	0	184	180	1096	8018	1348	0	
285660	Cerebelum_8_R	0	0	0	0	0	0	0	0	0	0	0	0	0	0	0	0	0	0	0	0	0	0	0	0	0	0	0	0	0	0	0	0	0	0	0	0	0	0	0	0	0	0	0	0	0	0	0	180	0	0	0	0	0	0	0	698	0	0	0	0	0	0	0	0	0	0	0	0	0	0	0	0	0	0	0	0	0	0	0	0	0	0	0	0	0	0	0	0	0	0	230	20572	2242	33212	0	738	0	1032	0	5374	3256	27096	4700	0	600	17700	0	506	176	562	568	260	6168	12206	4754	0	
129732	Cerebelum_9_L	0	0	0	0	0	0	0	0	0	0	0	0	0	0	0	0	0	0	0	0	0	0	0	0	0	0	0	0	0	0	0	0	0	0	0	0	0	0	0	0	0	0	0	0	0	0	182	526	0	0	0	0	0	0	120	180	0	0	0	0	0	0	0	0	0	0	0	0	0	0	0	0	0	0	0	0	0	0	0	0	0	0	0	0	0	0	0	0	394	0	5570	268	7486	164	424	180	4654	106	4144	444	6308	94	18562	600	0	1464	2948	0	100	0	2332	2266	712	2086	2150	402	
141140	Cerebelum_9_R	0	0	0	0	0	0	0	0	0	0	0	0	0	0	0	0	0	0	0	0	0	0	0	0	0	0	0	0	0	0	0	0	0	0	0	0	0	0	0	0	0	0	0	0	0	0	196	0	0	0	0	0	0	0	0	154	0	0	0	0	0	0	0	0	0	0	0	0	0	0	0	0	0	0	0	0	0	0	0	0	0	0	0	0	0	0	0	0	0	0	292	6464	440	6360	0	570	1304	438	536	1892	470	1550	1004	17700	1464	0	0	2118	376	228	2096	3838	4582	7046	7236	2216	
15952	Cerebelum_10_L	0	0	0	0	0	0	0	0	0	0	0	0	0	0	0	0	0	0	0	0	0	0	0	0	0	0	0	0	0	0	0	0	0	0	0	0	0	0	0	0	0	0	0	0	0	0	0	0	0	0	0	0	0	0	0	0	0	0	0	0	0	0	0	0	0	0	0	0	0	0	0	0	0	0	0	0	0	0	0	0	0	0	0	0	0	0	0	0	0	0	702	0	254	0	0	0	304	0	768	0	356	0	2264	0	2948	0	0	0	0	0	212	168	0	0	0	0	
8852	Cerebelum_10_R	0	0	0	0	0	0	0	0	0	0	0	0	0	0	0	0	0	0	0	0	0	0	0	0	0	0	0	0	0	0	0	0	0	0	0	0	0	0	0	0	0	0	0	0	0	0	0	0	0	0	0	0	0	0	0	0	0	0	0	0	0	0	0	0	0	0	0	0	0	0	0	0	0	0	0	0	0	0	0	0	0	0	0	0	0	0	0	0	0	0	0	492	0	110	0	0	0	0	0	432	0	0	0	506	0	2118	0	0	0	0	0	0	236	268	264	0	
28404	Vermis_1_2	0	0	0	0	0	0	0	0	0	0	0	0	0	0	0	0	0	0	0	0	0	0	0	0	0	0	0	0	0	0	0	0	0	0	0	0	0	0	0	0	0	0	0	0	0	0	0	0	0	0	0	0	0	0	0	0	0	0	0	0	0	0	0	0	0	0	0	0	0	0	0	0	0	0	0	0	0	0	0	0	0	0	0	0	0	0	0	0	0	0	150	1082	96	156	596	1754	634	912	320	1240	0	0	0	176	100	376	0	0	0	4428	1252	334	132	206	258	0	
67564	Vermis_3	0	0	0	0	0	0	0	0	0	0	0	0	0	0	0	0	0	0	0	0	0	0	0	0	0	0	0	0	0	0	0	0	0	0	0	0	0	0	0	0	0	0	0	0	0	0	0	0	0	0	0	0	0	0	0	110	0	0	0	0	0	0	0	0	0	0	0	0	0	0	0	0	0	0	0	0	0	0	0	0	0	0	0	0	0	0	0	0	0	0	572	3422	366	436	1304	4552	1800	5570	894	4562	0	0	0	562	0	228	0	0	4428	0	3674	334	382	414	172	0	
274520	Vermis_4_5	0	0	0	0	0	0	0	0	0	0	0	0	0	0	0	0	0	0	0	0	0	0	0	0	0	0	0	0	0	0	0	0	0	0	0	240	0	266	0	0	0	0	504	0	0	0	4562	7010	0	0	0	0	244	0	3894	4916	0	0	0	0	0	0	0	0	0	0	0	342	0	0	0	0	0	0	0	0	0	0	0	0	0	0	0	0	0	0	0	0	0	0	6674	11778	1638	654	1272	2040	21320	18834	13870	16688	144	0	184	568	2332	2096	212	0	1252	3674	0	5508	222	524	1458	2340	
169556	Vermis_6	0	0	0	0	0	0	0	0	0	0	0	0	0	0	0	0	0	0	0	0	0	0	0	0	0	0	0	0	0	0	0	0	0	0	0	0	0	0	0	0	0	0	152	302	0	92	2798	9608	0	88	0	0	206	156	890	3964	0	0	0	0	0	0	0	0	0	0	0	0	0	0	0	0	0	0	0	0	0	0	0	0	0	0	0	0	0	0	0	0	0	0	4474	7088	1620	1496	0	590	3726	478	7876	11658	0	234	180	260	2266	3838	168	0	334	334	5508	0	6014	2534	3372	2474	
162340	Vermis_7	0	0	0	0	0	0	0	0	0	0	0	0	0	0	0	0	0	0	0	0	0	0	0	0	0	0	0	0	0	0	0	0	0	0	0	0	0	0	0	0	0	0	90	154	0	0	466	3358	0	0	0	0	0	0	0	1190	0	0	0	0	0	0	0	0	0	0	0	0	0	0	0	0	0	0	0	0	0	0	0	0	0	0	0	0	0	0	0	0	0	0	2252	8198	5782	10044	0	518	0	476	1354	6620	3280	1490	1096	6168	712	4582	0	236	132	382	222	6014	0	10066	6288	0	
