data	data	492052	203792	1.31416e+06	993600	212520	85028	526000	231960	146772	20580	298848	302104	218456	198124	214792	93648	147652	104204	1.10208e+06	1.10081e+06	141324	115356	454668	594412	39612	83368	93492	87932	727788	467656	433544	582328	211644	678908	151844	187620	241884	303404	76400	150540	33812	45616	170116	327712	128020	316464	149412	201472	126596	353068	333064	194528	82052	44484	208552	306828	222000	119788	140340	82460	243352	98700	125220	91976	105328	113668	286496	442504	130720	118772	384700	631700	432808	457680	54964	45056	114772	167300	112216	9480	208820	69100	78660	33356	314364	184284	27104	11948	258824	164796	364872	380180	223876	213208	51652	58880	328600	223492	405128	412064	169812	78416	213032	192480	137268	82196	7284	13052	31456	65148	269976	158420	135876	68736	57816	35800	
data	data	Precentral_L	Precentral_R	Frontal_Sup_L	Frontal_Sup_R	Frontal_Sup_Orb_L	Frontal_Sup_Orb_R	Frontal_Mid_L	Frontal_Mid_R	Frontal_Mid_Orb_L	Frontal_Mid_Orb_R	Frontal_Inf_Oper_L	Frontal_Inf_Oper_R	Frontal_Inf_Tri_L	Frontal_Inf_Tri_R	Frontal_Inf_Orb_L	Frontal_Inf_Orb_R	Rolandic_Oper_L	Rolandic_Oper_R	Supp_Motor_Area_L	Supp_Motor_Area_R	Olfactory_L	Olfactory_R	Frontal_Sup_Medial_L	Frontal_Sup_Medial_R	Frontal_Med_Orb_L	Frontal_Med_Orb_R	Rectus_L	Rectus_R	Insula_L	Insula_R	Cingulum_Ant_L	Cingulum_Ant_R	Cingulum_Mid_L	Cingulum_Mid_R	Cingulum_Post_L	Cingulum_Post_R	Hippocampus_L	Hippocampus_R	ParaHippocampal_L	ParaHippocampal_R	Amygdala_L	Amygdala_R	Calcarine_L	Calcarine_R	Cuneus_L	Cuneus_R	Lingual_L	Lingual_R	Occipital_Sup_L	Occipital_Sup_R	Occipital_Mid_L	Occipital_Mid_R	Occipital_Inf_L	Occipital_Inf_R	Fusiform_L	Fusiform_R	Postcentral_L	Postcentral_R	Parietal_Sup_L	Parietal_Sup_R	Parietal_Inf_L	Parietal_Inf_R	SupraMarginal_L	SupraMarginal_R	Angular_L	Angular_R	Precuneus_L	Precuneus_R	Paracentral_Lobule_L	Paracentral_Lobule_R	Caudate_L	Caudate_R	Putamen_L	Putamen_R	Pallidum_L	Pallidum_R	Thalamus_L	Thalamus_R	Heschl_L	Heschl_R	Temporal_Sup_L	Temporal_Sup_R	Temporal_Pole_Sup_L	Temporal_Pole_Sup_R	Temporal_Mid_L	Temporal_Mid_R	Temporal_Pole_Mid_L	Temporal_Pole_Mid_R	Temporal_Inf_L	Temporal_Inf_R	Cerebelum_Crus1_L	Cerebelum_Crus1_R	Cerebelum_Crus2_L	Cerebelum_Crus2_R	Cerebelum_3_L	Cerebelum_3_R	Cerebelum_4_5_L	Cerebelum_4_5_R	Cerebelum_6_L	Cerebelum_6_R	Cerebelum_7b_L	Cerebelum_7b_R	Cerebelum_8_L	Cerebelum_8_R	Cerebelum_9_L	Cerebelum_9_R	Cerebelum_10_L	Cerebelum_10_R	Vermis_1_2	Vermis_3	Vermis_4_5	Vermis_6	Vermis_7	Vermis_8	Vermis_9	Vermis_10	
492052	Precentral_L	0	216	34150	402	0	0	26904	0	0	0	25344	0	1682	0	0	0	9182	0	28690	4450	0	0	980	896	0	0	0	0	23592	0	292	1104	1016	2530	1676	248	7676	212	716	0	0	0	910	0	242	0	344	0	0	0	2124	0	0	0	566	0	25946	0	1658	0	4254	0	988	0	0	0	2290	0	5178	0	1770	136	4268	0	830	0	2404	298	6444	0	3156	0	0	0	5400	0	0	0	4862	0	0	0	0	0	0	0	0	0	0	0	0	0	0	0	0	0	0	0	0	0	0	0	0	0	0	0	
203792	Precentral_R	216	0	304	19198	0	0	0	7754	0	0	0	3950	0	0	0	0	0	1106	1092	12774	0	0	0	144	0	0	0	0	0	3688	0	186	402	4034	350	3696	0	2908	0	352	0	0	0	430	0	590	0	0	0	1426	0	296	0	0	0	0	0	16260	0	124	0	660	0	1892	0	0	214	2168	0	1126	136	3442	0	4030	0	740	754	3102	0	0	0	264	0	0	0	948	0	0	0	1140	0	0	0	0	0	0	0	0	0	0	0	0	0	0	0	0	0	0	0	0	0	0	0	0	0	0	
1.31416e+06	Frontal_Sup_L	34150	304	0	12394	18242	0	76630	204	8882	0	20128	1134	16150	884	12122	208	6900	0	115452	39852	1680	126	46756	14286	1426	0	4400	156	50904	1744	23150	8698	6392	15852	2554	254	11998	308	2206	0	0	0	1484	0	0	0	694	0	0	0	304	0	0	0	934	0	562	0	190	0	144	0	0	0	0	0	1798	0	1598	0	20734	8234	36038	4448	6628	0	3898	394	4730	0	5272	0	1068	0	336	0	0	0	936	0	0	0	0	0	0	0	132	0	0	0	0	0	0	0	0	0	0	0	0	0	0	0	0	0	0	0	
993600	Frontal_Sup_R	402	19198	12394	0	224	4674	624	31292	0	840	270	16060	0	9870	400	5762	0	5768	19028	76870	182	816	8204	52746	0	6424	0	3626	4286	27190	6122	36948	1100	19976	320	4044	264	12566	0	1662	0	0	0	274	0	358	0	130	0	418	0	278	0	0	280	0	0	2140	0	120	0	626	0	472	0	140	0	3132	0	468	3502	41552	4804	32296	0	3908	840	8766	284	0	518	0	0	0	0	594	0	0	248	500	0	0	0	0	0	0	0	0	0	0	0	0	0	0	0	0	0	0	0	0	0	0	0	0	0	0	
212520	Frontal_Sup_Orb_L	0	0	18242	224	0	0	3856	0	15848	0	0	0	1184	0	14906	0	0	0	542	286	5804	240	3104	170	3154	170	11626	0	9546	0	5778	156	0	0	0	0	366	0	0	0	170	0	0	0	0	0	0	0	0	0	0	0	0	0	0	0	0	0	0	0	0	0	0	0	0	0	0	0	0	0	3602	314	5864	134	0	0	0	0	0	0	0	0	974	0	0	0	0	0	0	0	0	0	0	0	0	0	0	0	0	0	0	0	0	0	0	0	0	0	0	0	0	0	0	0	0	0	
85028	Frontal_Sup_Orb_R	0	0	0	4674	0	0	0	436	0	2834	0	0	0	0	0	3956	0	0	0	304	1030	3122	162	3376	0	4334	0	7052	156	632	1050	3020	0	0	0	0	0	0	0	0	0	0	0	0	0	0	0	0	0	0	0	0	0	0	0	0	0	0	0	0	0	0	0	0	0	0	0	0	0	0	966	3170	802	1320	0	0	0	0	0	0	0	0	118	0	0	0	0	0	0	0	0	0	0	0	0	0	0	0	0	0	0	0	0	0	0	0	0	0	0	0	0	0	0	0	0	0	
526000	Frontal_Mid_L	26904	0	76630	624	3856	0	0	0	7616	0	14950	286	34402	306	11694	0	1948	0	8428	2018	178	0	15658	3152	0	0	0	0	31850	376	5394	1118	1448	2390	0	0	1614	0	0	0	0	0	0	0	0	0	0	0	0	0	0	0	0	0	0	0	764	0	0	0	0	0	0	0	0	0	0	0	0	0	1196	208	1854	142	0	0	0	0	4550	0	422	0	564	0	186	0	0	0	274	0	0	0	0	0	0	0	0	0	0	0	0	0	0	0	0	0	0	0	0	0	0	0	0	0	0	0	
231960	Frontal_Mid_R	0	7754	204	31292	0	436	0	0	0	1900	0	10672	0	14828	0	3618	0	890	760	4556	0	0	0	4106	0	0	0	0	0	10544	0	376	0	1314	0	0	0	4318	0	1172	0	0	0	0	0	0	0	0	0	0	0	0	0	0	0	0	0	400	0	0	0	262	0	240	0	0	0	0	0	0	146	4174	0	9220	0	2652	0	146	0	0	0	0	0	0	0	0	0	0	0	0	0	0	0	0	0	0	0	0	0	0	0	0	0	0	0	0	0	0	0	0	0	0	0	0	0	0	
146772	Frontal_Mid_Orb_L	0	0	8882	0	15848	0	7616	0	0	0	0	0	3812	0	19048	0	0	0	0	0	2210	0	250	0	398	0	3424	0	6900	0	892	0	0	0	0	0	0	0	0	0	0	0	0	0	0	0	0	0	0	0	0	0	0	0	0	0	0	0	0	0	0	0	0	0	0	0	0	0	0	0	1222	0	1846	0	0	0	0	0	0	0	0	0	1038	0	0	0	0	0	0	0	0	0	0	0	0	0	0	0	0	0	0	0	0	0	0	0	0	0	0	0	0	0	0	0	0	0	
20580	Frontal_Mid_Orb_R	0	0	0	840	0	2834	0	1900	0	0	0	0	0	936	0	3780	0	0	0	0	0	0	0	0	0	0	0	0	0	0	0	0	0	0	0	0	0	0	0	0	0	0	0	0	0	0	0	0	0	0	0	0	0	0	0	0	0	0	0	0	0	0	0	0	0	0	0	0	0	0	0	0	0	0	0	0	0	0	0	0	0	0	0	0	0	0	0	0	0	0	0	0	0	0	0	0	0	0	0	0	0	0	0	0	0	0	0	0	0	0	0	0	0	0	0	0	
298848	Frontal_Inf_Oper_L	25344	0	20128	270	0	0	14950	0	0	0	0	0	9942	0	344	0	8980	0	17224	6560	0	0	2372	1296	0	0	0	0	23242	0	3152	1314	1090	2554	0	0	330	0	0	0	0	0	0	0	0	0	0	0	0	0	0	0	0	0	0	0	2300	0	0	0	0	0	0	0	0	0	0	0	0	0	1204	170	1216	0	0	0	0	0	1250	0	3578	0	448	0	0	0	0	0	166	0	0	0	0	0	0	0	0	0	0	0	0	0	0	0	0	0	0	0	0	0	0	0	0	0	0	0	
302104	Frontal_Inf_Oper_R	0	3950	1134	16060	0	0	286	10672	0	0	0	0	0	18822	0	678	0	6112	2116	12636	0	0	1500	4386	0	0	0	0	0	33452	816	4214	178	8220	0	0	0	3818	0	1266	0	0	0	0	0	0	0	0	0	0	0	0	0	0	0	640	0	1026	0	0	0	0	0	0	0	0	0	0	0	0	1094	5908	188	10520	0	402	0	0	0	0	0	318	0	146	0	0	0	0	0	0	0	152	0	0	0	0	0	176	0	166	0	0	0	0	0	0	0	0	0	0	0	0	0	0	0	0	
218456	Frontal_Inf_Tri_L	1682	0	16150	0	1184	0	34402	0	3812	0	9942	0	0	0	10418	0	124	0	1206	280	0	0	3166	466	0	0	130	0	20734	0	3926	160	118	260	0	0	0	0	0	0	0	0	0	0	0	0	0	0	0	0	0	0	0	0	0	0	0	0	0	0	0	0	0	0	0	0	0	0	0	0	402	0	278	0	0	0	0	0	0	0	0	0	388	0	0	0	0	0	0	0	0	0	0	0	0	0	0	0	0	0	0	0	0	0	0	0	0	0	0	0	0	0	0	0	0	0	
198124	Frontal_Inf_Tri_R	0	0	884	9870	0	0	306	14828	0	936	0	18822	0	0	0	6476	0	0	1218	2926	0	0	1480	3886	0	0	0	0	0	24072	510	3286	0	3752	0	0	0	574	0	228	0	0	0	0	0	0	0	0	0	0	0	0	0	0	0	0	0	0	0	0	0	0	0	0	0	0	0	0	0	0	728	2388	162	1730	0	0	0	0	0	0	0	0	0	0	0	0	0	0	0	0	0	0	0	0	0	0	0	0	0	0	0	0	0	0	0	0	0	0	0	0	0	0	0	0	0	0	
214792	Frontal_Inf_Orb_L	0	0	12122	400	14906	0	11694	0	19048	0	344	0	10418	0	0	0	0	0	996	584	4304	248	450	186	616	0	3460	0	15096	0	1872	190	0	0	0	0	0	0	0	0	120	0	0	0	0	0	0	0	0	0	0	0	0	0	0	0	0	0	0	0	0	0	0	0	0	0	0	0	0	0	2718	372	3774	156	0	0	0	0	0	0	0	0	3322	0	0	0	0	0	0	0	0	0	0	0	0	0	0	0	0	0	0	0	0	0	0	0	0	0	0	0	0	0	0	0	0	0	
93648	Frontal_Inf_Orb_R	0	0	208	5762	0	3956	0	3618	0	3780	0	678	0	6476	0	0	0	0	834	1776	240	1300	120	618	0	0	0	1154	0	8456	170	790	0	1374	0	0	0	0	0	0	0	0	0	0	0	0	0	0	0	0	0	0	0	0	0	0	0	0	0	0	0	0	0	0	0	0	0	0	0	0	604	3534	244	1132	0	0	0	0	0	0	0	0	0	0	0	0	0	0	0	0	0	0	0	0	0	0	0	0	0	0	0	0	0	0	0	0	0	0	0	0	0	0	0	0	0	0	
147652	Rolandic_Oper_L	9182	0	6900	0	0	0	1948	0	0	0	8980	0	124	0	0	0	0	0	6432	2158	0	0	0	0	0	0	0	0	15066	0	178	0	0	0	0	0	286	0	316	0	0	0	0	0	0	0	0	0	0	0	122	0	0	0	406	0	5846	0	0	0	176	0	1726	0	0	0	0	0	0	0	324	0	214	0	0	0	0	0	2596	0	7626	0	356	0	1436	0	0	0	1428	0	0	0	0	0	0	0	0	0	0	0	0	0	0	0	0	0	0	0	0	0	0	0	0	0	0	0	
104204	Rolandic_Oper_R	0	1106	0	5768	0	0	0	890	0	0	0	6112	0	0	0	0	0	0	148	5172	0	0	0	0	0	0	0	0	0	13436	0	0	0	962	0	0	0	3694	0	784	0	0	0	0	0	124	0	0	0	462	0	0	0	0	0	578	0	2546	0	0	0	0	0	1544	0	0	0	300	0	0	0	1032	0	4020	0	0	0	0	0	1036	0	1952	0	0	0	0	0	0	0	0	0	130	0	0	0	0	0	162	0	144	0	0	0	0	0	0	0	0	0	0	0	0	0	0	0	0	
1.10208e+06	Supp_Motor_Area_L	28690	1092	115452	19028	542	0	8428	760	0	0	17224	2116	1206	1218	996	834	6432	148	0	76972	0	172	10610	14334	0	0	0	280	29222	3278	9314	12490	15248	35792	7974	1018	11990	468	2828	0	0	0	2056	0	214	0	842	0	0	0	288	0	0	0	940	0	484	0	186	0	132	0	0	0	0	0	2698	0	12118	0	20362	13804	33194	5700	7214	132	4878	772	2028	0	5200	0	358	0	302	0	0	0	836	0	0	0	0	0	0	0	146	0	0	0	0	0	0	0	0	0	0	0	0	0	0	0	0	0	0	0	
1.10081e+06	Supp_Motor_Area_R	4450	12774	39852	76870	286	304	2018	4556	0	0	6560	12636	280	2926	584	1776	2158	5172	76972	0	0	356	5320	21488	0	214	0	720	9728	18998	5894	20810	8776	61260	276	9314	286	5860	0	1006	0	0	0	2090	0	1944	0	1622	0	2376	0	440	0	0	386	0	0	776	0	142	0	272	0	230	0	260	704	9048	502	7268	7802	42012	6146	27498	0	2942	304	8874	326	0	2130	398	344	0	0	1330	0	0	350	1408	0	0	0	0	0	0	0	0	0	0	0	0	0	0	0	0	0	0	0	0	0	0	0	0	0	0	
141324	Olfactory_L	0	0	1680	182	5804	1030	178	0	2210	0	0	0	0	0	4304	240	0	0	0	0	0	6994	300	168	1308	368	5246	1366	4974	0	6490	2522	0	0	0	0	466	0	188	0	1112	0	0	0	0	0	0	0	0	0	0	0	0	0	0	0	0	0	0	0	0	0	0	0	0	0	0	0	0	0	12124	3894	5316	120	0	0	0	0	0	0	0	0	2078	0	0	0	0	0	0	0	0	0	0	0	0	0	0	0	0	0	0	0	0	0	0	0	0	0	0	0	0	0	0	0	0	0	
115356	Olfactory_R	0	0	126	816	240	3122	0	0	0	0	0	0	0	0	248	1300	0	0	172	356	6994	0	0	478	0	1700	286	5462	1048	2664	4118	5820	0	208	0	0	0	0	0	118	456	646	0	0	0	0	0	0	0	0	0	0	0	0	0	0	0	0	0	0	0	0	0	0	0	0	0	0	0	0	8188	7046	4842	574	0	0	0	0	0	0	0	0	650	0	0	0	0	0	0	0	0	0	0	0	0	0	0	0	0	0	0	0	0	0	0	0	0	0	0	0	0	0	0	0	0	0	
454668	Frontal_Sup_Medial_L	980	0	46756	8204	3104	162	15658	0	250	0	2372	1500	3166	1480	450	120	0	0	10610	5320	300	0	0	34424	1264	268	918	0	4148	2002	31534	19388	9766	16410	410	0	0	0	0	0	0	0	0	0	0	0	0	0	0	0	0	0	0	0	0	0	0	0	0	0	0	0	0	0	0	0	0	0	0	0	2864	1068	2012	426	0	0	0	0	0	0	0	0	0	0	0	0	0	0	0	0	0	0	0	0	0	0	0	0	0	0	0	0	0	0	0	0	0	0	0	0	0	0	0	0	0	0	
594412	Frontal_Sup_Medial_R	896	144	14286	52746	170	3376	3152	4106	0	0	1296	4386	466	3886	186	618	0	0	14334	21488	168	478	34424	0	366	7578	0	2816	2452	6612	12826	44330	3598	27304	0	0	0	202	0	0	0	0	0	0	0	0	0	0	0	0	0	0	0	0	140	0	0	0	0	0	0	0	0	0	0	0	0	0	0	0	1216	18068	1808	6636	0	0	0	162	118	0	246	0	0	0	0	0	0	0	122	0	0	0	0	0	0	0	0	0	0	0	0	0	0	0	0	0	0	0	0	0	0	0	0	0	0	0	
39612	Frontal_Med_Orb_L	0	0	1426	0	3154	0	0	0	398	0	0	0	0	0	616	0	0	0	0	0	1308	0	1264	366	0	1484	4204	0	238	0	3944	0	0	0	0	0	0	0	0	0	0	0	0	0	0	0	0	0	0	0	0	0	0	0	0	0	0	0	0	0	0	0	0	0	0	0	0	0	0	0	1262	0	142	0	0	0	0	0	0	0	0	0	0	0	0	0	0	0	0	0	0	0	0	0	0	0	0	0	0	0	0	0	0	0	0	0	0	0	0	0	0	0	0	0	0	0	
83368	Frontal_Med_Orb_R	0	0	0	6424	170	4334	0	0	0	0	0	0	0	0	0	0	0	0	0	214	368	1700	268	7578	1484	0	382	4970	0	0	1932	6424	0	0	0	0	0	0	0	0	0	0	0	0	0	0	0	0	0	0	0	0	0	0	0	0	0	0	0	0	0	0	0	0	0	0	0	0	0	0	294	3488	136	1518	0	0	0	0	0	0	0	0	0	0	0	0	0	0	0	0	0	0	0	0	0	0	0	0	0	0	0	0	0	0	0	0	0	0	0	0	0	0	0	0	0	0	
93492	Rectus_L	0	0	4400	0	11626	0	0	0	3424	0	0	0	130	0	3460	0	0	0	0	0	5246	286	918	0	4204	382	0	0	1202	0	6604	132	0	0	0	0	0	0	0	0	0	0	0	0	0	0	0	0	0	0	0	0	0	0	0	0	0	0	0	0	0	0	0	0	0	0	0	0	0	0	3830	0	710	0	0	0	0	0	0	0	0	0	192	0	0	0	0	0	0	0	0	0	0	0	0	0	0	0	0	0	0	0	0	0	0	0	0	0	0	0	0	0	0	0	0	0	
87932	Rectus_R	0	0	156	3626	0	7052	0	0	0	0	0	0	0	0	0	1154	0	0	280	720	1366	5462	0	2816	0	4970	0	0	178	1240	1314	4758	0	334	0	0	0	0	0	0	0	0	0	0	0	0	0	0	0	0	0	0	0	0	0	0	0	0	0	0	0	0	0	0	0	0	0	0	0	0	1324	3904	1072	2100	0	0	0	0	0	0	0	0	140	0	0	0	0	0	0	0	0	0	0	0	0	0	0	0	0	0	0	0	0	0	0	0	0	0	0	0	0	0	0	0	0	0	
727788	Insula_L	23592	0	50904	4286	9546	156	31850	0	6900	0	23242	0	20734	0	15096	0	15066	0	29222	9728	4974	1048	4148	2452	238	0	1202	178	0	136	7408	2378	618	986	290	0	12274	0	1576	0	1700	0	294	0	0	0	236	0	0	0	452	0	0	0	2968	0	3708	0	0	0	162	0	452	0	0	0	310	0	0	0	4554	4182	20482	2004	0	0	420	0	16280	0	12658	0	5716	0	2144	0	0	0	4944	0	0	0	0	0	0	0	0	0	0	0	0	0	0	0	0	0	0	0	0	0	0	0	0	0	0	0	
467656	Insula_R	0	3688	1744	27190	0	632	376	10544	0	0	0	33452	0	24072	0	8456	0	13436	3278	18998	0	2664	2002	6612	0	0	0	1240	136	0	1046	5500	246	9930	0	0	0	9008	0	2160	0	1038	0	0	0	0	0	0	0	214	0	0	0	0	0	2288	0	1274	0	0	0	0	0	0	0	0	0	0	0	0	1656	9952	352	21246	0	138	0	320	0	998	0	3516	0	596	0	770	0	0	0	2212	0	256	0	0	0	0	0	304	0	288	0	0	0	0	0	0	0	0	0	0	0	0	0	0	0	0	
433544	Cingulum_Ant_L	292	0	23150	6122	5778	1050	5394	0	892	0	3152	816	3926	510	1872	170	178	0	9314	5894	6490	4118	31534	12826	3944	1932	6604	1314	7408	1046	0	24900	5472	4712	272	0	0	138	0	0	0	0	0	0	0	0	0	0	0	0	0	0	0	0	0	0	0	0	0	0	0	0	0	0	0	0	0	0	0	0	16106	5964	11340	1448	0	0	0	0	0	0	126	0	568	0	0	0	0	0	0	0	0	0	0	0	0	0	0	0	0	0	0	0	0	0	0	0	0	0	0	0	0	0	0	0	0	0	
582328	Cingulum_Ant_R	1104	186	8698	36948	156	3020	1118	376	0	0	1314	4214	160	3286	190	790	0	0	12490	20810	2522	5820	19388	44330	0	6424	132	4758	2378	5500	24900	0	3670	26136	0	0	0	0	0	0	0	0	0	0	0	0	0	0	0	0	0	0	0	0	190	0	0	0	0	0	0	0	0	0	0	0	0	0	0	0	4992	28392	4562	10928	0	178	0	186	132	0	300	0	324	0	0	0	0	0	162	0	0	0	0	0	0	0	0	0	0	0	0	0	0	0	0	0	0	0	0	0	0	0	0	0	0	0	
211644	Cingulum_Mid_L	1016	402	6392	1100	0	0	1448	0	0	0	1090	178	118	0	0	0	0	0	15248	8776	0	0	9766	3598	0	0	0	0	618	246	5472	3670	0	13780	7292	1736	0	0	0	0	0	0	710	378	566	1520	130	0	0	862	324	202	0	0	0	0	300	278	148	0	0	200	0	0	0	212	5826	3918	5866	938	798	316	116	148	0	0	0	0	0	0	0	0	0	0	120	0	0	0	0	0	0	0	0	0	0	0	0	0	0	0	0	0	0	0	0	0	0	0	0	0	0	0	0	0	0	0	
678908	Cingulum_Mid_R	2530	4034	15852	19976	0	0	2390	1314	0	0	2554	8220	260	3752	0	1374	0	962	35792	61260	0	208	16410	27304	0	0	0	334	986	9930	4712	26136	13780	0	856	10372	0	674	0	0	0	0	0	4348	0	6426	0	1532	0	5462	0	680	0	0	0	0	0	480	0	0	0	138	0	0	0	150	1650	17530	1046	9694	3170	9018	0	3760	0	0	0	402	0	0	0	0	0	0	0	1064	0	0	0	932	0	0	0	0	0	0	0	0	0	0	0	0	0	0	0	0	0	0	0	0	0	0	0	0	0	0	
151844	Cingulum_Post_L	1676	350	2554	320	0	0	0	0	0	0	0	0	0	0	0	0	0	0	7974	276	0	0	410	0	0	0	0	0	290	0	272	0	7292	856	0	4006	5384	516	426	0	0	0	4944	0	566	150	2312	0	0	0	0	0	0	0	0	0	0	0	0	0	0	0	0	0	0	0	8310	552	4856	0	5956	1818	1216	0	0	0	8400	3222	328	0	0	0	0	0	206	0	0	0	176	0	0	0	0	0	0	0	308	0	0	0	0	0	0	0	0	0	0	0	0	0	0	0	0	0	0	0	
187620	Cingulum_Post_R	248	3696	254	4044	0	0	0	0	0	0	0	0	0	0	0	0	0	0	1018	9314	0	0	0	0	0	0	0	0	0	0	0	0	1736	10372	4006	0	316	6950	0	162	0	0	0	3946	0	1014	0	5164	0	1080	0	328	0	0	0	0	0	0	0	0	0	0	0	0	0	0	226	17102	322	2624	862	3370	0	0	0	0	3970	9832	0	0	0	0	0	0	0	844	0	0	0	752	0	0	0	0	0	0	0	0	0	0	0	0	0	0	0	0	0	0	0	0	258	0	0	0	0	0	
241884	Hippocampus_L	7676	0	11998	264	366	0	1614	0	0	0	330	0	0	0	0	0	286	0	11990	286	466	0	0	0	0	0	0	0	12274	0	0	0	0	0	5384	316	0	200	9030	0	6042	0	4294	0	0	0	3030	0	0	0	0	0	0	0	6070	0	366	0	0	0	0	0	0	0	0	0	5690	0	0	0	1478	284	12264	148	548	0	1994	494	4762	0	2680	0	726	0	408	0	0	0	6524	0	118	0	0	0	0	0	424	0	118	0	0	0	0	0	0	0	0	0	0	0	0	0	0	0	0	0	
303404	Hippocampus_R	212	2908	308	12566	0	0	0	4318	0	0	0	3818	0	574	0	0	0	3694	468	5860	0	0	0	202	0	0	0	0	0	9008	138	0	0	674	516	6950	200	0	0	22166	0	7358	0	1592	0	204	0	3718	0	254	0	282	0	332	0	18520	0	442	0	0	0	0	0	0	0	0	0	7224	0	384	162	624	0	20554	0	874	546	5946	0	406	0	496	0	494	0	488	0	0	0	2712	0	842	0	172	0	0	0	1068	0	894	0	0	0	0	0	0	0	0	120	134	280	0	0	0	0	0	
76400	ParaHippocampal_L	716	0	2206	0	0	0	0	0	0	0	0	0	0	0	0	0	316	0	2828	0	188	0	0	0	0	0	0	0	1576	0	0	0	0	0	426	0	9030	0	0	0	1230	0	822	0	0	0	2422	0	0	0	272	0	0	0	3802	0	190	0	0	0	0	0	0	0	0	0	1034	0	220	0	214	0	3036	0	600	0	428	0	364	0	228	0	346	0	188	0	140	0	202	0	1286	0	0	0	396	0	2036	0	1328	0	0	0	0	0	0	0	0	0	0	130	0	0	0	0	0	0	
150540	ParaHippocampal_R	0	352	0	1662	0	0	0	1172	0	0	0	1266	0	228	0	0	0	784	0	1006	0	118	0	0	0	0	0	0	0	2160	0	0	0	0	0	162	0	22166	0	0	0	6226	0	470	0	0	0	3778	0	0	0	126	0	524	0	17380	0	0	0	0	0	0	0	0	0	0	0	386	0	0	0	0	0	6348	0	186	0	194	0	0	0	0	0	2042	0	0	0	462	0	760	0	1132	0	176	0	0	0	2608	0	1396	0	0	0	0	0	0	0	0	0	0	0	0	0	0	0	0	
33812	Amygdala_L	0	0	0	0	170	0	0	0	0	0	0	0	0	0	120	0	0	0	0	0	1112	456	0	0	0	0	0	0	1700	0	0	0	0	0	0	0	6042	0	1230	0	0	0	0	0	0	0	0	0	0	0	0	0	0	0	2484	0	0	0	0	0	0	0	0	0	0	0	0	0	0	0	616	330	534	0	0	0	0	0	0	0	0	0	956	0	0	0	0	0	1156	0	0	0	0	0	0	0	0	0	0	0	0	0	0	0	0	0	0	0	0	0	0	0	0	0	0	0	
45616	Amygdala_R	0	0	0	0	0	0	0	0	0	0	0	0	0	0	0	0	0	0	0	0	0	646	0	0	0	0	0	0	0	1038	0	0	0	0	0	0	0	7358	0	6226	0	0	0	0	0	0	0	0	0	0	0	0	0	0	0	5030	0	0	0	0	0	0	0	0	0	0	0	0	0	0	0	154	0	340	0	0	0	148	0	0	0	0	0	1724	0	0	0	0	0	0	0	0	0	0	0	0	0	144	0	0	0	0	0	0	0	0	0	0	0	0	0	0	0	0	0	0	
170116	Calcarine_L	910	0	1484	0	0	0	0	0	0	0	0	0	0	0	0	0	0	0	2056	0	0	0	0	0	0	0	0	0	294	0	0	0	710	0	4944	0	4294	0	822	0	0	0	0	5934	8774	3624	7964	1420	5644	1868	8852	116	1572	0	290	0	0	0	186	0	0	0	0	0	0	0	16808	160	1002	0	0	0	1058	0	0	0	0	0	298	0	0	0	0	0	1820	0	0	0	800	0	0	0	0	0	0	0	984	0	0	0	0	0	0	0	0	0	0	0	0	0	370	0	0	0	0	0	
327712	Calcarine_R	0	430	0	274	0	0	0	0	0	0	0	0	0	0	0	0	0	0	0	2090	0	0	0	0	0	0	0	0	0	0	0	0	378	4348	0	3946	0	1592	0	470	0	0	5934	0	1704	28980	740	20612	0	28164	0	15304	0	2878	0	7296	0	1536	0	0	0	0	0	0	0	320	906	20532	278	4000	0	0	0	0	0	0	0	144	0	0	0	0	0	0	0	6932	0	0	0	3486	0	130	0	0	0	0	0	0	0	240	0	0	0	0	0	0	0	0	0	0	212	0	0	0	0	0	
128020	Cuneus_L	242	0	0	0	0	0	0	0	0	0	0	0	0	0	0	0	0	0	214	0	0	0	0	0	0	0	0	0	0	0	0	0	566	0	566	0	0	0	0	0	0	0	8774	1704	0	3084	706	0	15098	846	13010	0	1360	0	0	0	834	0	2562	0	324	0	0	0	194	0	9010	0	1876	0	0	0	0	0	0	0	0	0	0	0	0	0	0	0	2432	0	0	0	608	0	0	0	0	0	0	0	0	0	0	0	0	0	0	0	0	0	0	0	0	0	0	0	0	0	0	0	
316464	Cuneus_R	0	590	0	358	0	0	0	0	0	0	0	0	0	0	0	0	0	124	0	1944	0	0	0	0	0	0	0	0	0	0	0	0	1520	6426	150	1014	0	204	0	0	0	0	3624	28980	3084	0	118	1540	0	39356	0	10648	0	220	0	136	0	2122	0	2844	0	510	0	138	0	684	5210	31538	238	5008	0	0	0	0	0	0	0	130	0	0	0	0	0	0	0	5670	0	0	0	4104	0	0	0	0	0	0	0	0	0	0	0	0	0	0	0	0	0	0	0	0	0	0	0	0	0	0	
149412	Lingual_L	344	0	694	0	0	0	0	0	0	0	0	0	0	0	0	0	0	0	842	0	0	0	0	0	0	0	0	0	236	0	0	0	130	0	2312	0	3030	0	2422	0	0	0	7964	740	706	118	0	1200	2304	0	7626	0	3538	0	12560	0	0	0	0	0	0	0	0	0	0	0	5430	0	124	0	0	0	542	0	0	0	176	0	190	0	0	0	0	0	356	0	0	0	606	0	3880	0	526	0	0	0	5630	398	6718	300	0	0	0	0	0	0	0	0	0	0	2044	1020	0	0	0	0	
201472	Lingual_R	0	0	0	130	0	0	0	0	0	0	0	0	0	0	0	0	0	0	0	1622	0	0	0	0	0	0	0	0	0	0	0	0	0	1532	0	5164	0	3718	0	3778	0	0	1420	20612	0	1540	1200	0	0	2294	0	1820	0	2740	474	12312	0	0	0	0	0	0	0	0	0	0	118	9394	0	1080	0	0	0	282	0	0	0	520	0	0	0	0	0	0	0	284	0	0	0	182	1044	1384	0	0	996	158	2524	2984	3392	5310	0	0	0	0	1312	0	0	0	0	176	3816	4536	888	0	0	0	
126596	Occipital_Sup_L	0	0	0	0	0	0	0	0	0	0	0	0	0	0	0	0	0	0	0	0	0	0	0	0	0	0	0	0	0	0	0	0	0	0	0	0	0	0	0	0	0	0	5644	0	15098	0	2304	0	0	0	24846	0	1976	0	148	0	0	0	5430	0	184	0	0	0	0	0	7024	0	274	0	0	0	0	0	0	0	0	0	0	0	0	0	0	0	370	0	0	0	0	0	0	0	0	0	0	0	0	0	0	0	0	0	0	0	0	0	0	0	0	0	0	0	0	0	0	0	
353068	Occipital_Sup_R	0	1426	0	418	0	0	0	0	0	0	0	0	0	0	0	0	0	462	0	2376	0	0	0	0	0	0	0	0	0	214	0	0	862	5462	0	1080	0	254	0	0	0	0	1868	28164	846	39356	0	2294	0	0	0	23106	0	826	0	518	0	2458	0	7424	0	1596	0	740	0	4968	2452	28346	0	3904	0	0	0	0	0	0	0	0	0	0	0	474	0	0	0	9194	0	0	0	5446	0	0	0	0	0	0	0	0	0	0	0	0	0	0	0	0	0	0	0	0	0	0	0	0	0	0	
333064	Occipital_Mid_L	2124	0	304	0	0	0	0	0	0	0	0	0	0	0	0	0	122	0	288	0	0	0	0	0	0	0	0	0	452	0	0	0	324	0	0	0	0	0	272	0	0	0	8852	0	13010	0	7626	0	24846	0	0	0	19790	0	2396	0	6038	0	17136	0	13538	0	340	0	12920	0	13802	0	4040	0	0	0	0	0	0	0	0	0	0	0	280	0	0	0	15664	0	0	0	2368	0	0	0	0	0	0	0	0	0	0	0	0	0	0	0	0	0	0	0	0	0	0	0	0	0	0	0	
194528	Occipital_Mid_R	0	296	0	278	0	0	0	0	0	0	0	0	0	0	0	0	0	0	0	440	0	0	0	0	0	0	0	0	0	0	0	0	202	680	0	328	0	282	0	126	0	0	116	15304	0	10648	0	1820	0	23106	0	0	0	3708	0	2080	0	268	0	4310	0	2622	0	120	0	11672	490	5686	0	158	0	0	0	0	0	0	0	138	0	0	0	0	0	0	0	10392	0	0	0	1994	0	0	0	0	0	0	0	0	0	0	0	0	0	0	0	0	0	0	0	0	0	0	0	0	0	0	
82052	Occipital_Inf_L	0	0	0	0	0	0	0	0	0	0	0	0	0	0	0	0	0	0	0	0	0	0	0	0	0	0	0	0	0	0	0	0	0	0	0	0	0	0	0	0	0	0	1572	0	1360	0	3538	0	1976	0	19790	0	0	0	3574	0	0	0	252	0	0	0	0	0	658	0	1358	0	284	0	0	0	0	0	0	0	0	0	0	0	0	0	0	0	4444	0	0	0	2220	0	0	0	0	0	0	0	0	0	0	0	0	0	0	0	0	0	0	0	0	0	0	0	0	0	0	0	
44484	Occipital_Inf_R	0	0	0	0	0	0	0	0	0	0	0	0	0	0	0	0	0	0	0	0	0	0	0	0	0	0	0	0	0	0	0	0	0	0	0	0	0	332	0	524	0	0	0	2878	0	220	0	2740	0	826	0	3708	0	0	0	4736	0	0	0	0	0	0	0	0	0	116	0	264	0	0	0	0	0	0	0	0	0	0	0	0	0	0	0	0	0	2080	0	0	0	3422	0	134	0	0	0	0	0	0	0	136	0	0	0	0	0	0	0	0	0	0	0	126	0	0	0	0	
208552	Fusiform_L	566	0	934	280	0	0	0	0	0	0	0	0	0	0	0	0	406	0	940	386	0	0	0	140	0	0	0	0	2968	0	0	190	0	0	0	0	6070	0	3802	0	2484	0	290	0	0	0	12560	474	148	0	2396	0	3574	0	0	0	128	0	0	0	0	0	0	0	0	0	168	0	0	0	0	378	1056	258	0	0	0	0	1768	0	1136	0	650	0	860	0	916	0	7288	0	14872	0	1494	0	0	0	9626	0	18930	354	602	0	902	0	0	0	0	0	0	0	1892	2236	154	0	0	0	
306828	Fusiform_R	0	0	0	0	0	0	0	0	0	0	0	640	0	0	0	0	0	578	0	0	0	0	0	0	0	0	0	0	0	2288	0	0	0	0	0	0	0	18520	0	17380	0	5030	0	7296	0	136	0	12312	0	518	0	2080	0	4736	0	0	0	0	0	0	0	0	0	0	0	0	0	380	0	0	0	0	0	2186	0	0	0	0	0	0	0	1764	0	4340	0	808	0	1148	0	6508	572	12792	0	512	358	874	2686	13360	1612	19766	0	0	0	338	576	0	0	0	0	360	8428	2100	432	0	0	0	
222000	Postcentral_L	25946	0	562	0	0	0	764	0	0	0	2300	0	0	0	0	0	5846	0	484	0	0	0	0	0	0	0	0	0	3708	0	0	0	300	0	0	0	366	0	190	0	0	0	0	0	834	0	0	0	0	0	6038	0	0	0	128	0	0	0	8978	0	20964	0	6772	0	216	0	5194	0	8266	0	298	0	284	0	0	0	210	0	1424	0	4186	0	0	0	3684	0	0	0	3058	0	0	0	0	0	0	0	0	0	0	0	0	0	0	0	0	0	0	0	0	0	0	0	0	0	0	0	
119788	Postcentral_R	0	16260	0	2140	0	0	0	400	0	0	0	1026	0	0	0	0	0	2546	0	776	0	0	0	0	0	0	0	0	0	1274	0	0	278	480	0	0	0	442	0	0	0	0	0	1536	0	2122	0	0	0	2458	0	268	0	0	0	0	0	0	0	2610	0	3064	0	7532	0	276	474	6258	0	4460	0	0	0	228	0	0	0	0	0	0	0	1078	0	0	0	536	0	0	0	1372	0	0	0	0	0	0	0	0	0	0	0	0	0	0	0	0	0	0	0	0	0	0	0	0	0	0	
140340	Parietal_Sup_L	1658	0	190	0	0	0	0	0	0	0	0	0	0	0	0	0	0	0	186	0	0	0	0	0	0	0	0	0	0	0	0	0	148	0	0	0	0	0	0	0	0	0	186	0	2562	0	0	0	5430	0	17136	0	252	0	0	0	8978	0	0	0	13870	0	128	0	2010	0	14648	0	2600	0	0	0	0	0	0	0	0	0	0	0	0	0	0	0	188	0	0	0	0	0	0	0	0	0	0	0	0	0	0	0	0	0	0	0	0	0	0	0	0	0	0	0	0	0	0	0	
82460	Parietal_Sup_R	0	124	0	120	0	0	0	0	0	0	0	0	0	0	0	0	0	0	0	142	0	0	0	0	0	0	0	0	0	0	0	0	0	0	0	0	0	0	0	0	0	0	0	0	0	2844	0	0	0	7424	0	4310	0	0	0	0	0	2610	0	0	0	5250	0	702	0	8982	192	8044	0	486	0	0	0	0	0	0	0	0	0	0	0	0	0	0	0	0	0	0	0	0	0	0	0	0	0	0	0	0	0	0	0	0	0	0	0	0	0	0	0	0	0	0	0	0	0	0	
243352	Parietal_Inf_L	4254	0	144	0	0	0	0	0	0	0	0	0	0	0	0	0	176	0	132	0	0	0	0	0	0	0	0	0	162	0	0	0	0	0	0	0	0	0	0	0	0	0	0	0	324	0	0	0	184	0	13538	0	0	0	0	0	20964	0	13870	0	0	0	22950	0	16034	0	5174	0	4606	0	0	0	0	0	0	0	0	0	0	0	2304	0	0	0	11284	0	0	0	5576	0	0	0	0	0	0	0	0	0	0	0	0	0	0	0	0	0	0	0	0	0	0	0	0	0	0	0	
98700	Parietal_Inf_R	0	660	0	626	0	0	0	262	0	0	0	0	0	0	0	0	0	0	0	272	0	0	0	0	0	0	0	0	0	0	0	0	200	138	0	0	0	0	0	0	0	0	0	0	0	510	0	0	0	1596	0	2622	0	0	0	0	0	3064	0	5250	0	0	0	11636	0	14030	340	2542	0	310	0	0	0	0	0	0	0	0	0	0	0	426	0	0	0	2012	0	0	0	2854	0	0	0	0	0	0	0	0	0	0	0	0	0	0	0	0	0	0	0	0	0	0	0	0	0	0	
125220	SupraMarginal_L	988	0	0	0	0	0	0	0	0	0	0	0	0	0	0	0	1726	0	0	0	0	0	0	0	0	0	0	0	452	0	0	0	0	0	0	0	0	0	0	0	0	0	0	0	0	0	0	0	0	0	340	0	0	0	0	0	6772	0	128	0	22950	0	0	0	8268	0	0	0	0	0	0	0	0	0	0	0	0	0	0	0	5352	0	0	0	11832	0	0	0	3802	0	0	0	0	0	0	0	0	0	0	0	0	0	0	0	0	0	0	0	0	0	0	0	0	0	0	0	
91976	SupraMarginal_R	0	1892	0	472	0	0	0	240	0	0	0	0	0	0	0	0	0	1544	0	230	0	0	0	0	0	0	0	0	0	0	0	0	0	0	0	0	0	0	0	0	0	0	0	0	0	138	0	0	0	740	0	120	0	0	0	0	0	7532	0	702	0	11636	0	0	0	6836	0	530	0	0	0	0	0	0	0	0	0	0	0	0	0	2678	0	0	0	4256	0	0	0	6442	0	0	0	0	0	0	0	0	0	0	0	0	0	0	0	0	0	0	0	0	0	0	0	0	0	0	
105328	Angular_L	0	0	0	0	0	0	0	0	0	0	0	0	0	0	0	0	0	0	0	0	0	0	0	0	0	0	0	0	0	0	0	0	0	0	0	0	0	0	0	0	0	0	0	0	194	0	0	0	0	0	12920	0	658	0	0	0	216	0	2010	0	16034	0	8268	0	0	0	364	0	450	0	0	0	0	0	0	0	0	0	0	0	1254	0	0	0	8282	0	0	0	2014	0	0	0	0	0	0	0	0	0	0	0	0	0	0	0	0	0	0	0	0	0	0	0	0	0	0	0	
113668	Angular_R	0	0	0	140	0	0	0	0	0	0	0	0	0	0	0	0	0	0	0	260	0	0	0	0	0	0	0	0	0	0	0	0	212	150	0	0	0	0	0	0	0	0	0	320	0	684	0	0	0	4968	0	11672	0	116	0	0	0	276	0	8982	0	14030	0	6836	0	0	376	2702	0	298	0	0	0	0	0	0	0	0	0	0	0	1460	0	0	0	2968	0	0	0	384	0	0	0	0	0	0	0	0	0	0	0	0	0	0	0	0	0	0	0	0	0	0	0	0	0	0	
286496	Precuneus_L	2290	214	1798	0	0	0	0	0	0	0	0	0	0	0	0	0	0	0	2698	704	0	0	0	0	0	0	0	0	310	0	0	0	5826	1650	8310	226	5690	0	1034	0	0	0	16808	906	9010	5210	5430	118	7024	2452	13802	490	1358	0	168	0	5194	474	14648	192	5174	340	0	0	364	376	0	9434	5654	1190	0	0	912	0	0	0	608	0	324	0	0	0	0	0	2042	470	0	0	894	164	0	0	0	0	0	0	894	0	0	0	0	0	0	0	0	0	0	0	0	0	374	0	0	0	0	0	
442504	Precuneus_R	0	2168	0	3132	0	0	0	0	0	0	0	0	0	0	0	0	0	300	0	9048	0	0	0	0	0	0	0	0	0	0	0	0	3918	17530	552	17102	0	7224	0	386	0	0	160	20532	0	31538	0	9394	0	28346	0	5686	0	264	0	380	0	6258	0	8044	0	2542	0	530	0	2702	9434	0	964	14076	0	230	0	0	0	0	0	2974	0	128	0	360	0	0	0	8888	0	0	0	6000	0	0	0	0	0	0	0	0	0	0	0	0	0	0	0	0	0	0	0	0	462	0	0	0	0	0	
130720	Paracentral_Lobule_L	5178	0	1598	0	0	0	0	0	0	0	0	0	0	0	0	0	0	0	12118	502	0	0	0	0	0	0	0	0	0	0	0	0	5866	1046	4856	322	0	0	220	0	0	0	1002	278	1876	238	124	0	274	0	4040	0	284	0	0	0	8266	0	2600	0	4606	0	0	0	450	0	5654	964	0	952	0	0	0	0	0	0	0	0	0	0	0	0	0	0	1408	0	0	0	638	0	0	0	0	0	0	0	0	0	0	0	0	0	0	0	0	0	0	0	0	0	0	0	0	0	0	0	
118772	Paracentral_Lobule_R	0	1126	0	468	0	0	0	0	0	0	0	0	0	0	0	0	0	0	0	7268	0	0	0	0	0	0	0	0	0	0	0	0	938	9694	0	2624	0	384	0	0	0	0	0	4000	0	5008	0	1080	0	3904	0	158	0	0	0	0	0	4460	0	486	0	310	0	0	0	298	1190	14076	952	0	0	0	0	0	0	0	0	304	0	0	0	0	0	0	0	320	0	0	0	338	0	0	0	0	0	0	0	0	0	0	0	0	0	0	0	0	0	0	0	0	0	0	0	0	0	0	
384700	Caudate_L	1770	136	20734	3502	3602	966	1196	146	1222	0	1204	1094	402	728	2718	604	324	0	20362	7802	12124	8188	2864	1216	1262	294	3830	1324	4554	1656	16106	4992	798	3170	5956	862	1478	162	214	0	616	0	0	0	0	0	0	0	0	0	0	0	0	0	0	0	298	0	0	0	0	0	0	0	0	0	0	0	0	0	0	12176	18210	1570	3300	144	13602	1806	0	0	302	0	764	0	0	0	0	0	0	0	0	0	0	0	0	0	0	0	0	0	0	0	0	0	0	0	0	0	0	0	0	0	0	0	0	0	
631700	Caudate_R	136	3442	8234	41552	314	3170	208	4174	0	0	170	5908	0	2388	372	3534	0	1032	13804	42012	3894	7046	1068	18068	0	3488	0	3904	4182	9952	5964	28392	316	9018	1818	3370	284	624	0	0	330	154	0	0	0	0	0	0	0	0	0	0	0	0	378	0	0	0	0	0	0	0	0	0	0	0	0	230	0	0	12176	0	8672	30612	186	4460	2258	22774	220	0	574	0	644	0	0	0	0	0	344	0	0	0	0	0	0	0	0	0	0	0	0	0	0	0	0	0	0	0	0	0	0	0	0	0	0	0	
432808	Putamen_L	4268	0	36038	4804	5864	802	1854	0	1846	0	1216	188	278	162	3774	244	214	0	33194	6146	5316	4842	2012	1808	142	136	710	1072	20482	352	11340	4562	116	0	1216	0	12264	0	3036	0	534	0	1058	0	0	0	542	0	0	0	0	0	0	0	1056	0	284	0	0	0	0	0	0	0	0	0	912	0	0	0	18210	8672	0	2870	6598	0	906	0	222	0	1880	0	1710	0	0	0	0	0	652	0	0	0	0	0	0	0	0	0	0	0	0	0	0	0	0	0	0	0	0	0	0	0	0	0	0	0	
457680	Putamen_R	0	4030	4448	32296	134	1320	142	9220	0	0	0	10520	0	1730	156	1132	0	4020	5700	27498	120	574	426	6636	0	1518	0	2100	2004	21246	1448	10928	148	3760	0	0	148	20554	0	6348	0	340	0	0	0	0	0	282	0	0	0	0	0	0	258	2186	0	228	0	0	0	0	0	0	0	0	0	0	0	0	1570	30612	2870	0	0	5772	0	1350	0	0	340	996	0	0	0	0	0	0	254	142	0	400	0	0	0	0	0	498	0	438	0	0	0	0	0	0	0	0	0	0	0	0	0	0	0	0	
54964	Pallidum_L	830	0	6628	0	0	0	0	0	0	0	0	0	0	0	0	0	0	0	7214	0	0	0	0	0	0	0	0	0	0	0	0	0	0	0	0	0	548	0	600	0	0	0	0	0	0	0	0	0	0	0	0	0	0	0	0	0	0	0	0	0	0	0	0	0	0	0	0	0	0	0	3300	186	6598	0	0	0	1578	0	0	0	0	0	0	0	0	0	0	0	0	0	0	0	0	0	0	0	0	0	0	0	0	0	0	0	0	0	0	0	0	0	0	0	0	0	0	0	
45056	Pallidum_R	0	740	0	3908	0	0	0	2652	0	0	0	402	0	0	0	0	0	0	132	2942	0	0	0	0	0	0	0	0	0	138	0	178	0	0	0	0	0	874	0	186	0	0	0	0	0	0	0	0	0	0	0	0	0	0	0	0	0	0	0	0	0	0	0	0	0	0	0	0	0	0	144	4460	0	5772	0	0	0	0	0	0	0	0	0	0	0	0	0	0	0	0	0	0	0	0	0	0	0	0	0	0	0	0	0	0	0	0	0	0	0	0	0	0	0	0	0	0	
114772	Thalamus_L	2404	754	3898	840	0	0	0	0	0	0	0	0	0	0	0	0	0	0	4878	304	0	0	0	0	0	0	0	0	420	0	0	0	0	0	8400	3970	1994	546	428	0	0	0	0	0	0	0	176	0	0	0	0	0	0	0	0	0	210	0	0	0	0	0	0	0	0	0	608	0	0	0	13602	2258	906	0	1578	0	0	9080	0	0	0	0	0	0	0	0	0	0	0	0	0	0	0	0	0	0	0	0	0	0	0	0	0	0	0	0	0	0	0	132	0	0	0	0	0	0	
167300	Thalamus_R	298	3102	394	8766	0	0	0	146	0	0	0	0	0	0	0	0	0	0	772	8874	0	0	0	162	0	0	0	0	0	320	0	186	0	402	3222	9832	494	5946	0	194	0	148	0	144	0	130	0	520	0	0	0	138	0	0	0	0	0	0	0	0	0	0	0	0	0	0	0	2974	0	304	1806	22774	0	1350	0	0	9080	0	0	0	0	0	0	0	0	356	0	0	0	338	0	0	0	0	0	0	0	0	0	0	0	0	0	0	0	0	0	0	236	242	0	0	0	0	0	0	
112216	Heschl_L	6444	0	4730	284	0	0	4550	0	0	0	1250	0	0	0	0	0	2596	0	2028	326	0	0	0	118	0	0	0	0	16280	0	0	132	0	0	328	0	4762	0	364	0	0	0	298	0	0	0	190	0	0	0	0	0	0	0	1768	0	1424	0	0	0	0	0	0	0	0	0	324	0	0	0	0	220	222	0	0	0	0	0	0	0	2152	0	0	0	1538	0	0	0	3780	0	0	0	0	0	0	0	0	0	0	0	0	0	0	0	0	0	0	0	0	0	0	0	0	0	0	0	
9480	Heschl_R	0	0	0	0	0	0	0	0	0	0	0	0	0	0	0	0	0	1036	0	0	0	0	0	0	0	0	0	0	0	998	0	0	0	0	0	0	0	406	0	0	0	0	0	0	0	0	0	0	0	0	0	0	0	0	0	0	0	0	0	0	0	0	0	0	0	0	0	128	0	0	0	0	0	0	0	0	0	0	0	0	0	1440	0	0	0	480	0	0	0	252	0	0	0	0	0	0	0	0	0	0	0	0	0	0	0	0	0	0	0	0	0	0	0	0	0	0	
208820	Temporal_Sup_L	3156	0	5272	518	0	0	422	0	0	0	3578	0	0	0	0	0	7626	0	5200	2130	0	0	0	246	0	0	0	0	12658	0	126	300	0	0	0	0	2680	0	228	0	0	0	0	0	0	0	0	0	0	0	280	0	0	0	1136	0	4186	0	0	0	2304	0	5352	0	1254	0	0	0	0	0	302	574	1880	340	0	0	0	0	2152	0	0	0	2120	0	22064	0	426	0	15900	0	0	0	0	0	0	0	0	0	0	0	0	0	0	0	0	0	0	0	0	0	0	0	0	0	0	0	
69100	Temporal_Sup_R	0	264	0	0	0	0	0	0	0	0	0	318	0	0	0	0	0	1952	0	398	0	0	0	0	0	0	0	0	0	3516	0	0	0	0	0	0	0	496	0	0	0	0	0	0	0	0	0	0	0	474	0	0	0	0	0	1764	0	1078	0	0	0	426	0	2678	0	1460	0	360	0	0	0	0	0	996	0	0	0	0	0	1440	0	0	0	1402	0	8458	0	162	0	6908	0	0	0	0	0	0	0	0	0	0	0	0	0	0	0	0	0	0	0	0	0	0	0	0	0	0	
78660	Temporal_Pole_Sup_L	0	0	1068	0	974	118	564	0	1038	0	448	0	388	0	3322	0	356	0	358	344	2078	650	0	0	0	0	192	140	5716	0	568	324	0	0	0	0	726	0	346	0	956	0	0	0	0	0	0	0	0	0	0	0	0	0	650	0	0	0	0	0	0	0	0	0	0	0	0	0	0	0	764	644	1710	0	0	0	0	0	0	0	2120	0	0	0	5226	0	4182	0	3360	0	0	0	0	0	0	0	0	0	0	0	0	0	0	0	0	0	0	0	0	0	0	0	0	0	0	0	
33356	Temporal_Pole_Sup_R	0	0	0	0	0	0	0	0	0	0	0	146	0	0	0	0	0	0	0	0	0	0	0	0	0	0	0	0	0	596	0	0	0	0	0	0	0	494	0	2042	0	1724	0	0	0	0	0	0	0	0	0	0	0	0	0	4340	0	0	0	0	0	0	0	0	0	0	0	0	0	0	0	0	0	0	0	0	0	0	0	0	0	1402	0	0	0	2134	0	2420	0	1380	0	0	0	0	0	0	0	0	0	0	0	0	0	0	0	0	0	0	0	0	0	0	0	0	0	0	
314364	Temporal_Mid_L	5400	0	336	0	0	0	186	0	0	0	0	0	0	0	0	0	1436	0	302	0	0	0	0	0	0	0	0	0	2144	0	0	0	120	0	206	0	408	0	188	0	0	0	1820	0	2432	0	356	0	370	0	15664	0	4444	0	860	0	3684	0	188	0	11284	0	11832	0	8282	0	2042	0	1408	0	0	0	0	0	0	0	0	0	1538	0	22064	0	5226	0	0	0	4220	0	48742	0	0	0	0	0	0	0	0	0	0	0	0	0	0	0	0	0	0	0	0	0	0	0	0	0	0	0	
184284	Temporal_Mid_R	0	948	0	594	0	0	0	0	0	0	0	0	0	0	0	0	0	0	0	1330	0	0	0	0	0	0	0	0	0	770	0	0	0	1064	0	844	0	488	0	0	0	0	0	6932	0	5670	0	284	0	9194	0	10392	0	2080	0	808	0	536	0	0	0	2012	0	4256	0	2968	470	8888	0	320	0	0	0	0	0	0	0	356	0	480	0	8458	0	2134	0	0	0	844	0	19022	0	0	0	0	0	0	0	0	0	0	0	0	0	0	0	0	0	0	0	0	0	0	0	0	0	0	
27104	Temporal_Pole_Mid_L	0	0	0	0	0	0	0	0	0	0	0	0	0	0	0	0	0	0	0	0	0	0	0	0	0	0	0	0	0	0	0	0	0	0	0	0	0	0	140	0	0	0	0	0	0	0	0	0	0	0	0	0	0	0	916	0	0	0	0	0	0	0	0	0	0	0	0	0	0	0	0	0	0	0	0	0	0	0	0	0	426	0	4182	0	4220	0	0	0	3668	0	0	0	0	0	0	0	0	0	0	0	0	0	0	0	0	0	0	0	0	0	0	0	0	0	0	0	
11948	Temporal_Pole_Mid_R	0	0	0	0	0	0	0	0	0	0	0	0	0	0	0	0	0	0	0	0	0	0	0	0	0	0	0	0	0	0	0	0	0	0	0	0	0	0	0	462	0	0	0	0	0	0	0	0	0	0	0	0	0	0	0	1148	0	0	0	0	0	0	0	0	0	0	0	0	0	0	0	0	0	0	0	0	0	0	0	0	0	162	0	2420	0	844	0	0	0	938	0	0	0	0	0	0	0	0	0	0	0	0	0	0	0	0	0	0	0	0	0	0	0	0	0	0	
258824	Temporal_Inf_L	4862	0	936	248	0	0	274	0	0	0	166	0	0	0	0	0	1428	0	836	350	0	0	0	122	0	0	0	0	4944	0	0	162	0	0	176	0	6524	0	202	0	1156	0	800	0	608	0	606	0	0	0	2368	0	2220	0	7288	0	3058	0	0	0	5576	0	3802	0	2014	0	894	0	638	0	0	344	652	254	0	0	0	0	3780	0	15900	0	3360	0	48742	0	3668	0	0	0	292	0	0	0	0	0	0	0	162	0	0	0	0	0	0	0	0	0	0	0	0	0	0	0	0	0	
164796	Temporal_Inf_R	0	1140	0	500	0	0	0	0	0	0	0	0	0	0	0	0	0	0	0	1408	0	0	0	0	0	0	0	0	0	2212	0	0	0	932	0	752	0	2712	0	760	0	0	0	3486	0	4104	0	182	0	5446	0	1994	0	3422	0	6508	0	1372	0	0	0	2854	0	6442	0	384	164	6000	0	338	0	0	0	142	0	0	0	338	0	252	0	6908	0	1380	0	19022	0	938	0	0	0	306	0	0	0	0	0	0	0	0	0	0	0	0	0	0	0	0	0	0	0	0	0	0	0	0	
364872	Cerebelum_Crus1_L	0	0	0	0	0	0	0	0	0	0	0	0	0	0	0	0	0	0	0	0	0	0	0	0	0	0	0	0	0	0	0	0	0	0	0	0	118	0	1286	0	0	0	0	0	0	0	3880	1044	0	0	0	0	0	0	14872	572	0	0	0	0	0	0	0	0	0	0	0	0	0	0	0	0	0	0	0	0	0	0	0	0	0	0	0	0	0	0	0	0	292	0	0	2126	20714	1258	1286	338	29064	1376	55826	2624	6398	0	13458	0	4840	632	438	0	206	676	8958	4064	3464	536	694	1396	
380180	Cerebelum_Crus1_R	0	0	0	0	0	0	0	0	0	0	0	152	0	0	0	0	0	130	0	0	0	0	0	0	0	0	0	0	0	256	0	0	0	0	0	0	0	842	0	1132	0	0	0	130	0	0	0	1384	0	0	0	0	0	134	0	12792	0	0	0	0	0	0	0	0	0	0	0	0	0	0	0	0	0	400	0	0	0	0	0	0	0	0	0	0	0	0	0	0	0	306	2126	0	510	23870	528	2702	4958	21204	4528	53656	260	2320	440	22016	1560	1726	0	1104	150	1122	11014	7578	6074	1548	1320	118	
223876	Cerebelum_Crus2_L	0	0	0	0	0	0	0	0	0	0	0	0	0	0	0	0	0	0	0	0	0	0	0	0	0	0	0	0	0	0	0	0	0	0	0	0	0	0	0	0	0	0	0	0	0	0	526	0	0	0	0	0	0	0	1494	0	0	0	0	0	0	0	0	0	0	0	0	0	0	0	0	0	0	0	0	0	0	0	0	0	0	0	0	0	0	0	0	0	0	0	20714	510	0	6654	0	0	576	0	3798	122	27988	3060	29046	1020	7638	0	0	0	0	0	0	230	7678	884	0	0	
213208	Cerebelum_Crus2_R	0	0	0	0	0	0	0	0	0	0	0	0	0	0	0	0	0	0	0	0	0	0	0	0	0	0	0	0	0	0	0	0	0	0	0	0	0	172	0	176	0	0	0	0	0	0	0	0	0	0	0	0	0	0	0	512	0	0	0	0	0	0	0	0	0	0	0	0	0	0	0	0	0	0	0	0	0	0	0	0	0	0	0	0	0	0	0	0	0	0	1258	23870	6654	0	0	0	0	630	496	5450	4592	13806	3700	26226	530	2150	0	340	0	0	0	878	11002	2748	1414	0	
51652	Cerebelum_3_L	0	0	0	0	0	0	0	0	0	0	0	0	0	0	0	0	0	0	0	0	0	0	0	0	0	0	0	0	0	0	0	0	0	0	0	0	0	0	396	0	0	0	0	0	0	0	0	996	0	0	0	0	0	0	0	358	0	0	0	0	0	0	0	0	0	0	0	0	0	0	0	0	0	0	0	0	0	0	0	0	0	0	0	0	0	0	0	0	0	0	1286	528	0	0	0	512	7348	286	3766	1780	0	0	0	0	1332	0	0	0	1344	2368	2320	1206	0	0	0	0	
58880	Cerebelum_3_R	0	0	0	0	0	0	0	0	0	0	0	0	0	0	0	0	0	0	0	0	0	0	0	0	0	0	0	0	0	0	0	0	0	0	0	0	0	0	0	0	0	0	0	0	0	0	0	158	0	0	0	0	0	0	0	874	0	0	0	0	0	0	0	0	0	0	0	0	0	0	0	0	0	0	0	0	0	0	0	0	0	0	0	0	0	0	0	0	0	0	338	2702	0	0	512	0	1378	5178	1052	6902	0	0	0	140	216	604	0	0	1222	4218	2124	738	116	288	390	290	
328600	Cerebelum_4_5_L	0	0	132	0	0	0	0	0	0	0	0	0	0	0	0	0	0	0	146	0	0	0	0	0	0	0	0	0	0	0	0	0	0	0	308	0	424	0	2036	0	0	0	984	0	0	0	5630	2524	0	0	0	0	0	0	9626	2686	0	0	0	0	0	0	0	0	0	0	894	0	0	0	0	0	0	0	0	0	0	0	0	0	0	0	0	0	0	0	0	0	0	0	29064	4958	576	0	7348	1378	0	5532	40734	8558	638	0	434	0	4468	1264	0	0	758	2888	22804	4706	122	0	578	2102	
223492	Cerebelum_4_5_R	0	0	0	0	0	0	0	0	0	0	0	176	0	0	0	0	0	162	0	0	0	0	0	0	0	0	0	0	0	304	0	0	0	0	0	0	0	1068	0	2608	0	144	0	0	0	0	398	2984	0	0	0	0	0	0	0	13360	0	0	0	0	0	0	0	0	0	0	0	0	0	0	0	0	0	498	0	0	0	0	0	0	0	0	0	0	0	0	0	0	0	0	1376	21204	0	630	286	5178	5532	0	2584	32212	0	0	0	1578	314	250	0	0	462	1392	16198	406	0	142	0	300	
405128	Cerebelum_6_L	0	0	0	0	0	0	0	0	0	0	0	0	0	0	0	0	0	0	0	0	0	0	0	0	0	0	0	0	0	0	0	0	0	0	0	0	118	0	1328	0	0	0	0	0	0	0	6718	3392	0	0	0	0	0	0	18930	1612	0	0	0	0	0	0	0	0	0	0	0	0	0	0	0	0	0	0	0	0	0	0	0	0	0	0	0	0	0	0	0	0	162	0	55826	4528	3798	496	3766	1052	40734	2584	0	7758	3304	0	3304	0	6446	1276	522	0	590	1912	17180	10562	1384	456	1230	1596	
412064	Cerebelum_6_R	0	0	0	0	0	0	0	0	0	0	0	166	0	0	0	0	0	144	0	0	0	0	0	0	0	0	0	0	0	288	0	0	0	0	0	0	0	894	0	1396	0	0	0	240	0	0	300	5310	0	0	0	0	0	136	354	19766	0	0	0	0	0	0	0	0	0	0	0	0	0	0	0	0	0	438	0	0	0	0	0	0	0	0	0	0	0	0	0	0	0	0	2624	53656	122	5450	1780	6902	8558	32212	7758	0	0	0	170	8244	2662	1488	0	1576	494	3236	18912	11914	4856	2056	1680	250	
169812	Cerebelum_7b_L	0	0	0	0	0	0	0	0	0	0	0	0	0	0	0	0	0	0	0	0	0	0	0	0	0	0	0	0	0	0	0	0	0	0	0	0	0	0	0	0	0	0	0	0	0	0	0	0	0	0	0	0	0	0	602	0	0	0	0	0	0	0	0	0	0	0	0	0	0	0	0	0	0	0	0	0	0	0	0	0	0	0	0	0	0	0	0	0	0	0	6398	260	27988	4592	0	0	638	0	3304	0	0	2384	25058	1326	5460	0	144	0	0	0	0	0	4866	1886	0	0	
78416	Cerebelum_7b_R	0	0	0	0	0	0	0	0	0	0	0	0	0	0	0	0	0	0	0	0	0	0	0	0	0	0	0	0	0	0	0	0	0	0	0	0	0	0	0	0	0	0	0	0	0	0	0	0	0	0	0	0	0	0	0	0	0	0	0	0	0	0	0	0	0	0	0	0	0	0	0	0	0	0	0	0	0	0	0	0	0	0	0	0	0	0	0	0	0	0	0	2320	3060	13806	0	0	0	0	0	0	2384	0	1756	11466	0	934	0	0	0	0	0	0	2508	974	0	0	
213032	Cerebelum_8_L	0	0	0	0	0	0	0	0	0	0	0	0	0	0	0	0	0	0	0	0	0	0	0	0	0	0	0	0	0	0	0	0	0	0	0	0	0	0	0	0	0	0	0	0	0	0	0	0	0	0	0	0	0	0	902	0	0	0	0	0	0	0	0	0	0	0	0	0	0	0	0	0	0	0	0	0	0	0	0	0	0	0	0	0	0	0	0	0	0	0	13458	440	29046	3700	0	0	434	0	3304	170	25058	1756	0	1960	16500	158	684	0	0	0	0	284	4670	3404	442	146	
192480	Cerebelum_8_R	0	0	0	0	0	0	0	0	0	0	0	0	0	0	0	0	0	0	0	0	0	0	0	0	0	0	0	0	0	0	0	0	0	0	0	0	0	0	0	0	0	0	0	0	0	0	0	0	0	0	0	0	0	0	0	338	0	0	0	0	0	0	0	0	0	0	0	0	0	0	0	0	0	0	0	0	0	0	0	0	0	0	0	0	0	0	0	0	0	0	0	22016	1020	26226	0	140	0	1578	0	8244	1326	11466	1960	0	492	12684	0	482	0	0	0	0	3748	2780	1552	188	
137268	Cerebelum_9_L	0	0	0	0	0	0	0	0	0	0	0	0	0	0	0	0	0	0	0	0	0	0	0	0	0	0	0	0	0	0	0	0	0	0	0	0	0	0	0	0	0	0	0	0	0	0	0	1312	0	0	0	0	0	0	0	576	0	0	0	0	0	0	0	0	0	0	0	0	0	0	0	0	0	0	0	0	0	0	0	0	0	0	0	0	0	0	0	0	0	0	4840	1560	7638	530	1332	216	4468	314	6446	2662	5460	0	16500	492	0	814	1854	0	302	268	3080	3628	1272	1052	1326	692	
82196	Cerebelum_9_R	0	0	0	0	0	0	0	0	0	0	0	0	0	0	0	0	0	0	0	0	0	0	0	0	0	0	0	0	0	0	0	0	0	0	0	0	0	0	0	0	0	0	0	0	0	0	0	0	0	0	0	0	0	0	0	0	0	0	0	0	0	0	0	0	0	0	0	0	0	0	0	0	0	0	0	0	0	0	0	0	0	0	0	0	0	0	0	0	0	0	632	1726	0	2150	0	604	1264	250	1276	1488	0	934	158	12684	814	0	0	1094	526	752	1308	3078	1538	2410	4352	2060	
7284	Cerebelum_10_L	0	0	0	0	0	0	0	0	0	0	0	0	0	0	0	0	0	0	0	0	0	0	0	0	0	0	0	0	0	0	0	0	0	0	0	0	0	0	0	0	0	0	0	0	0	0	0	0	0	0	0	0	0	0	0	0	0	0	0	0	0	0	0	0	0	0	0	0	0	0	0	0	0	0	0	0	0	0	0	0	0	0	0	0	0	0	0	0	0	0	438	0	0	0	0	0	0	0	522	0	144	0	684	0	1854	0	0	0	0	0	0	0	0	0	0	0	
13052	Cerebelum_10_R	0	0	0	0	0	0	0	0	0	0	0	0	0	0	0	0	0	0	0	0	0	0	0	0	0	0	0	0	0	0	0	0	0	0	0	0	0	0	0	0	0	0	0	0	0	0	0	0	0	0	0	0	0	0	0	0	0	0	0	0	0	0	0	0	0	0	0	0	0	0	0	0	0	0	0	0	0	0	0	0	0	0	0	0	0	0	0	0	0	0	0	1104	0	340	0	0	0	0	0	1576	0	0	0	482	0	1094	0	0	0	0	0	280	706	526	418	0	
31456	Vermis_1_2	0	0	0	0	0	0	0	0	0	0	0	0	0	0	0	0	0	0	0	0	0	0	0	0	0	0	0	0	0	0	0	0	0	0	0	0	0	120	0	0	0	0	0	0	0	0	0	0	0	0	0	0	0	0	0	0	0	0	0	0	0	0	0	0	0	0	0	0	0	0	0	0	0	0	0	0	0	236	0	0	0	0	0	0	0	0	0	0	0	0	206	150	0	0	1344	1222	758	462	590	494	0	0	0	0	302	526	0	0	0	6764	860	770	0	138	374	412	
65148	Vermis_3	0	0	0	0	0	0	0	0	0	0	0	0	0	0	0	0	0	0	0	0	0	0	0	0	0	0	0	0	0	0	0	0	0	0	0	0	0	134	130	0	0	0	0	0	0	0	0	176	0	0	0	0	0	0	0	360	0	0	0	0	0	0	0	0	0	0	0	0	0	0	0	0	0	0	0	0	132	242	0	0	0	0	0	0	0	0	0	0	0	0	676	1122	0	0	2368	4218	2888	1392	1912	3236	0	0	0	0	268	752	0	0	6764	0	3428	1172	0	200	456	548	
269976	Vermis_4_5	0	0	0	0	0	0	0	0	0	0	0	0	0	0	0	0	0	0	0	0	0	0	0	0	0	0	0	0	0	0	0	0	0	0	0	258	0	280	0	0	0	0	370	212	0	0	2044	3816	0	0	0	0	0	0	1892	8428	0	0	0	0	0	0	0	0	0	0	374	462	0	0	0	0	0	0	0	0	0	0	0	0	0	0	0	0	0	0	0	0	0	0	8958	11014	0	0	2320	2124	22804	16198	17180	18912	0	0	0	0	3080	1308	0	0	860	3428	0	5526	154	144	500	2342	
158420	Vermis_6	0	0	0	0	0	0	0	0	0	0	0	0	0	0	0	0	0	0	0	0	0	0	0	0	0	0	0	0	0	0	0	0	0	0	0	0	0	0	0	0	0	0	0	0	0	0	1020	4536	0	0	0	0	0	126	2236	2100	0	0	0	0	0	0	0	0	0	0	0	0	0	0	0	0	0	0	0	0	0	0	0	0	0	0	0	0	0	0	0	0	0	0	4064	7578	230	878	1206	738	4706	406	10562	11914	0	0	284	0	3628	3078	0	280	770	1172	5526	0	3664	2254	3264	2990	
135876	Vermis_7	0	0	0	0	0	0	0	0	0	0	0	0	0	0	0	0	0	0	0	0	0	0	0	0	0	0	0	0	0	0	0	0	0	0	0	0	0	0	0	0	0	0	0	0	0	0	0	888	0	0	0	0	0	0	154	432	0	0	0	0	0	0	0	0	0	0	0	0	0	0	0	0	0	0	0	0	0	0	0	0	0	0	0	0	0	0	0	0	0	0	3464	6074	7678	11002	0	116	122	0	1384	4856	4866	2508	4670	3748	1272	1538	0	706	0	0	154	3664	0	5000	3146	496	
68736	Vermis_8	0	0	0	0	0	0	0	0	0	0	0	0	0	0	0	0	0	0	0	0	0	0	0	0	0	0	0	0	0	0	0	0	0	0	0	0	0	0	0	0	0	0	0	0	0	0	0	0	0	0	0	0	0	0	0	0	0	0	0	0	0	0	0	0	0	0	0	0	0	0	0	0	0	0	0	0	0	0	0	0	0	0	0	0	0	0	0	0	0	0	536	1548	884	2748	0	288	0	142	456	2056	1886	974	3404	2780	1052	2410	0	526	138	200	144	2254	5000	0	4370	572	
57816	Vermis_9	0	0	0	0	0	0	0	0	0	0	0	0	0	0	0	0	0	0	0	0	0	0	0	0	0	0	0	0	0	0	0	0	0	0	0	0	0	0	0	0	0	0	0	0	0	0	0	0	0	0	0	0	0	0	0	0	0	0	0	0	0	0	0	0	0	0	0	0	0	0	0	0	0	0	0	0	0	0	0	0	0	0	0	0	0	0	0	0	0	0	694	1320	0	1414	0	390	578	0	1230	1680	0	0	442	1552	1326	4352	0	418	374	456	500	3264	3146	4370	0	1402	
