data	data	383468	226924	939552	802976	185540	148772	555020	263648	137684	63040	262068	210224	338384	135496	255416	112984	170156	125516	589936	657556	63544	99516	366872	390460	51120	114324	50208	67904	612664	313004	321284	526744	167708	419360	159052	169956	328532	308968	138260	156168	56412	48160	228396	329308	172352	243804	269168	332020	181956	273808	511452	284308	169764	112520	397448	359380	290488	241572	184572	96624	240724	101100	107932	125292	149704	131168	322368	293788	126548	269524	375076	341168	270924	264484	30388	14296	166904	187380	53480	29916	220980	112196	143284	40524	274136	180516	43776	19976	239252	183088	485116	495232	333168	244128	47900	92148	305604	301620	486592	461232	265272	137920	315736	321052	132632	175464	13420	32276	46528	146480	361108	340172	263688	198172	131792	95408	
data	data	Precentral_L	Precentral_R	Frontal_Sup_L	Frontal_Sup_R	Frontal_Sup_Orb_L	Frontal_Sup_Orb_R	Frontal_Mid_L	Frontal_Mid_R	Frontal_Mid_Orb_L	Frontal_Mid_Orb_R	Frontal_Inf_Oper_L	Frontal_Inf_Oper_R	Frontal_Inf_Tri_L	Frontal_Inf_Tri_R	Frontal_Inf_Orb_L	Frontal_Inf_Orb_R	Rolandic_Oper_L	Rolandic_Oper_R	Supp_Motor_Area_L	Supp_Motor_Area_R	Olfactory_L	Olfactory_R	Frontal_Sup_Medial_L	Frontal_Sup_Medial_R	Frontal_Med_Orb_L	Frontal_Med_Orb_R	Rectus_L	Rectus_R	Insula_L	Insula_R	Cingulum_Ant_L	Cingulum_Ant_R	Cingulum_Mid_L	Cingulum_Mid_R	Cingulum_Post_L	Cingulum_Post_R	Hippocampus_L	Hippocampus_R	ParaHippocampal_L	ParaHippocampal_R	Amygdala_L	Amygdala_R	Calcarine_L	Calcarine_R	Cuneus_L	Cuneus_R	Lingual_L	Lingual_R	Occipital_Sup_L	Occipital_Sup_R	Occipital_Mid_L	Occipital_Mid_R	Occipital_Inf_L	Occipital_Inf_R	Fusiform_L	Fusiform_R	Postcentral_L	Postcentral_R	Parietal_Sup_L	Parietal_Sup_R	Parietal_Inf_L	Parietal_Inf_R	SupraMarginal_L	SupraMarginal_R	Angular_L	Angular_R	Precuneus_L	Precuneus_R	Paracentral_Lobule_L	Paracentral_Lobule_R	Caudate_L	Caudate_R	Putamen_L	Putamen_R	Pallidum_L	Pallidum_R	Thalamus_L	Thalamus_R	Heschl_L	Heschl_R	Temporal_Sup_L	Temporal_Sup_R	Temporal_Pole_Sup_L	Temporal_Pole_Sup_R	Temporal_Mid_L	Temporal_Mid_R	Temporal_Pole_Mid_L	Temporal_Pole_Mid_R	Temporal_Inf_L	Temporal_Inf_R	Cerebelum_Crus1_L	Cerebelum_Crus1_R	Cerebelum_Crus2_L	Cerebelum_Crus2_R	Cerebelum_3_L	Cerebelum_3_R	Cerebelum_4_5_L	Cerebelum_4_5_R	Cerebelum_6_L	Cerebelum_6_R	Cerebelum_7b_L	Cerebelum_7b_R	Cerebelum_8_L	Cerebelum_8_R	Cerebelum_9_L	Cerebelum_9_R	Cerebelum_10_L	Cerebelum_10_R	Vermis_1_2	Vermis_3	Vermis_4_5	Vermis_6	Vermis_7	Vermis_8	Vermis_9	Vermis_10	
383468	Precentral_L	0	3720	20154	1344	0	0	16316	620	0	0	8254	124	1442	0	0	0	5198	0	8398	8096	0	0	0	114	0	0	0	0	6726	116	0	240	1276	5624	2612	1476	4446	1776	340	362	0	0	0	0	276	0	206	0	0	0	3048	0	1164	0	1052	154	32674	130	4096	0	7968	0	946	0	1926	0	2536	0	15278	6820	1606	386	2574	116	306	0	1700	2162	2228	0	2214	0	0	0	710	0	0	0	684	0	0	0	0	0	0	0	0	0	0	0	0	0	0	0	0	0	0	0	0	0	0	0	0	0	0	0	
226924	Precentral_R	3720	0	2812	9736	0	0	668	4374	0	0	0	9720	982	0	1222	0	0	3320	2640	9220	0	0	0	0	0	0	0	0	230	3628	142	0	0	1076	140	438	236	2628	0	184	0	0	0	826	0	524	0	254	0	468	0	182	0	118	0	562	544	21468	0	344	0	506	0	2034	0	0	122	2996	1992	11810	1990	1998	334	2222	202	344	818	1730	0	440	0	476	116	0	0	236	0	0	0	690	0	0	0	0	0	0	0	0	0	0	0	0	0	0	0	0	0	0	0	0	0	0	0	0	0	0	
939552	Frontal_Sup_L	20154	2812	0	10166	10912	266	94536	3182	5422	0	15642	1738	23132	492	7726	0	10626	158	67592	9022	0	0	43550	4030	948	154	0	0	31698	1704	15456	5144	2784	2500	1618	1690	5064	3470	1226	250	0	0	0	0	0	0	658	130	0	0	196	0	0	0	430	140	7220	1144	234	0	442	0	0	142	0	0	186	154	1300	1224	11314	2004	13202	688	2136	0	7302	4514	514	0	7222	200	1410	0	212	104	0	0	144	346	0	0	0	0	0	0	0	0	0	0	0	0	0	0	0	0	0	0	0	0	0	0	0	0	0	0	
802976	Frontal_Sup_R	1344	9736	10166	0	0	8644	3108	41582	0	3822	2698	14764	2020	14806	2506	6148	346	2478	14826	68240	0	144	12976	44224	0	2368	0	306	4218	15432	8252	40782	2154	21422	320	740	712	3514	0	286	0	0	0	0	0	0	0	0	0	0	0	0	0	0	0	108	308	2394	0	0	0	106	0	348	0	0	0	178	336	196	6526	12378	360	5212	0	474	1360	5266	0	0	0	532	220	0	0	0	0	0	0	102	0	0	0	0	0	0	0	0	0	0	0	0	0	0	0	0	0	0	0	0	0	0	0	0	0	0	
185540	Frontal_Sup_Orb_L	0	0	10912	0	0	0	3218	0	17078	0	328	0	2256	0	9446	0	0	0	1578	0	1308	288	4476	100	5706	600	5188	0	7150	0	6174	538	166	0	0	0	98	0	238	0	386	0	0	0	0	0	0	0	0	0	0	0	0	0	0	0	0	0	0	0	0	0	0	0	0	0	0	0	0	0	4744	306	9674	108	0	0	0	0	0	0	0	0	706	0	0	0	0	0	0	0	0	0	0	0	0	0	0	0	0	0	0	0	0	0	0	0	0	0	0	0	0	0	0	0	0	0	
148772	Frontal_Sup_Orb_R	0	0	266	8644	0	0	102	2070	0	2976	660	0	114	1300	184	2862	0	0	172	732	0	618	784	9738	474	10478	318	9112	920	1456	1234	8132	0	128	0	0	0	0	0	0	0	0	0	0	0	0	0	0	0	0	0	0	0	0	0	0	0	0	0	0	0	0	0	0	0	0	0	0	0	0	836	4400	0	5570	0	0	0	106	0	0	0	0	0	0	0	0	0	0	0	0	0	0	0	0	0	0	0	0	0	0	0	0	0	0	0	0	0	0	0	0	0	0	0	0	0	0	
555020	Frontal_Mid_L	16316	668	94536	3108	3218	102	0	1868	2990	0	12948	0	37750	0	6456	170	1248	0	13888	1792	0	0	21264	1132	0	0	0	0	18436	0	6320	1360	2130	1708	1566	1346	3230	990	616	216	0	0	0	0	0	0	636	0	0	0	0	0	0	0	0	0	2304	0	164	0	322	0	0	0	0	0	334	102	0	826	2702	674	1776	0	324	0	5136	2598	300	0	982	0	958	0	0	0	0	0	0	0	0	0	0	0	0	0	0	0	0	0	0	0	0	0	0	0	0	0	0	0	0	0	0	0	0	0	
263648	Frontal_Mid_R	620	4374	3182	41582	0	2070	1868	0	0	1550	900	10586	2226	14530	3212	3030	194	946	2758	8620	0	0	434	4564	0	0	0	0	1866	6232	1544	3658	0	1310	0	0	0	124	0	0	0	0	0	0	0	0	0	0	0	0	0	0	0	0	0	0	0	854	0	0	0	0	0	418	0	0	0	0	0	0	6138	474	0	1168	0	0	148	0	0	240	0	134	270	0	0	0	0	0	0	0	0	0	0	0	0	0	0	0	0	0	0	0	0	0	0	0	0	0	0	0	0	0	0	0	0	0	
137684	Frontal_Mid_Orb_L	0	0	5422	0	17078	0	2990	0	0	0	410	0	3570	0	14438	0	0	0	1794	0	146	138	506	0	1226	0	2946	0	7172	0	1386	118	100	0	0	0	96	0	0	0	0	0	0	0	0	0	0	0	0	0	0	0	0	0	0	0	0	0	0	0	0	0	0	0	0	0	0	0	0	0	1672	160	6934	0	0	0	0	0	0	0	0	0	540	0	0	0	0	0	0	0	0	0	0	0	0	0	0	0	0	0	0	0	0	0	0	0	0	0	0	0	0	0	0	0	0	0	
63040	Frontal_Mid_Orb_R	0	0	0	3822	0	2976	0	1550	0	0	0	0	0	734	0	10188	0	0	744	1738	0	0	728	3768	0	214	0	496	0	1108	0	556	0	1556	0	0	0	0	0	0	0	0	0	0	0	0	0	0	0	0	0	0	0	0	0	0	0	0	0	0	0	0	0	0	0	0	0	0	0	0	0	162	0	1180	0	0	0	0	0	0	0	0	0	0	0	0	0	0	0	0	0	0	0	0	0	0	0	0	0	0	0	0	0	0	0	0	0	0	0	0	0	0	0	0	0	0	
262068	Frontal_Inf_Oper_L	8254	0	15642	2698	328	660	12948	900	410	0	0	0	16948	0	394	420	8564	0	8480	510	0	194	514	1844	0	130	0	0	21618	0	1356	4090	0	232	0	0	1026	0	0	0	0	0	0	0	0	0	182	0	0	0	0	0	0	0	0	0	2516	0	0	0	0	0	0	0	0	0	0	0	0	0	6412	3198	782	242	0	0	554	0	452	0	5352	0	2234	0	950	0	0	0	0	0	0	0	0	0	0	0	0	0	0	0	0	0	0	0	0	0	0	0	0	0	0	0	0	0	0	0	
210224	Frontal_Inf_Oper_R	124	9720	1738	14764	0	0	0	10586	0	0	0	0	570	5638	700	128	0	5828	2254	11846	0	0	0	324	0	0	0	0	0	24134	100	896	0	0	0	0	120	716	0	0	0	0	0	0	0	0	0	0	0	0	0	0	0	0	0	130	0	3024	0	0	0	0	0	96	0	0	0	172	0	0	1106	1592	0	6844	0	0	104	752	0	496	0	494	0	116	0	0	0	0	0	0	0	0	0	0	0	0	0	0	0	0	0	0	0	0	0	0	0	0	0	0	0	0	0	0	0	0	
338384	Frontal_Inf_Tri_L	1442	982	23132	2020	2256	114	37750	2226	3570	0	16948	570	0	0	20872	558	254	0	3634	586	0	154	2724	562	0	0	0	0	23224	358	2360	2244	542	248	0	0	220	586	0	0	0	0	0	0	0	0	0	0	0	0	0	0	0	0	0	0	100	540	0	0	0	0	0	328	0	0	0	0	0	0	9636	1884	1008	280	0	0	216	628	0	0	150	0	4286	0	0	0	0	0	0	0	0	0	0	0	0	0	0	0	0	0	0	0	0	0	0	0	0	0	0	0	0	0	0	0	0	0	
135496	Frontal_Inf_Tri_R	0	0	492	14806	0	1300	0	14530	0	734	0	5638	0	0	132	6080	0	0	548	6252	0	0	108	2462	0	0	0	0	0	8162	126	3326	0	1282	0	0	0	246	0	0	0	0	0	0	0	0	0	0	0	0	0	0	0	0	0	0	0	0	0	0	0	0	0	0	0	0	0	0	0	0	222	148	0	806	0	0	0	348	0	0	0	0	0	0	0	0	0	0	0	0	0	0	0	0	0	0	0	0	0	0	0	0	0	0	0	0	0	0	0	0	0	0	0	0	0	0	
255416	Frontal_Inf_Orb_L	0	1222	7726	2506	9446	184	6456	3212	14438	0	394	700	20872	132	0	316	0	0	2886	274	1896	322	1030	572	0	0	816	0	16738	446	598	1506	400	0	0	0	424	774	304	0	502	0	0	0	0	0	0	0	0	0	0	0	0	0	0	0	0	640	0	0	0	0	0	390	0	0	0	0	0	0	11114	880	7358	330	0	0	244	828	0	0	0	0	8832	0	0	0	0	0	0	0	0	0	0	0	0	0	0	0	0	0	0	0	0	0	0	0	0	0	0	0	0	0	0	0	0	0	
112984	Frontal_Inf_Orb_R	0	0	0	6148	0	2862	170	3030	0	10188	420	128	558	6080	316	0	0	0	1012	2784	0	482	854	4754	0	0	0	832	992	6664	0	1992	0	2566	0	0	0	144	0	0	0	0	0	0	0	0	0	0	0	0	0	0	0	0	0	0	0	0	0	0	0	0	0	0	0	0	0	0	0	0	0	146	0	3118	0	0	0	0	0	0	0	0	118	134	0	0	0	0	0	0	0	0	0	0	0	0	0	0	0	0	0	0	0	0	0	0	0	0	0	0	0	0	0	0	0	0	
170156	Rolandic_Oper_L	5198	0	10626	346	0	0	1248	194	0	0	8564	0	254	0	0	0	0	0	7350	0	0	0	0	174	0	0	0	0	15376	0	0	226	0	0	0	0	1340	0	206	0	0	0	0	0	0	0	338	0	0	0	1696	0	1092	0	1060	0	4734	0	456	0	120	0	1050	0	142	0	334	0	0	0	494	0	314	0	0	0	386	0	2150	0	13900	0	2036	0	2226	0	0	0	1448	0	0	0	0	0	0	0	0	0	0	0	0	0	0	0	0	0	0	0	0	0	0	0	0	0	0	0	
125516	Rolandic_Oper_R	0	3320	158	2478	0	0	0	946	0	0	0	5828	0	0	0	0	0	0	258	2576	0	0	0	0	0	0	0	0	0	13600	0	264	0	0	0	0	120	2224	0	356	0	0	0	0	0	0	0	0	0	0	0	0	0	0	0	658	0	3130	0	0	0	0	0	1190	0	0	0	0	0	0	222	4056	0	10188	0	1180	148	1356	0	3900	0	3504	0	220	0	0	0	0	0	878	0	0	0	0	0	0	0	0	0	0	0	0	0	0	0	0	0	0	0	0	0	0	0	0	0	0	
589936	Supp_Motor_Area_L	8398	2640	67592	14826	1578	172	13888	2758	1794	744	8480	2254	3634	548	2886	1012	7350	258	0	35446	0	124	4396	2352	0	0	0	0	17782	2300	4446	3846	8874	15108	1434	406	3178	3348	546	128	0	0	0	0	0	0	0	96	0	0	0	0	0	0	344	104	826	1056	0	0	0	0	0	112	0	0	430	0	3060	2250	7922	1858	10050	1278	2414	104	9016	2014	196	0	5774	208	688	0	162	98	0	0	98	284	0	0	0	0	0	0	0	0	0	0	0	0	0	0	0	0	0	0	0	0	0	0	0	0	0	0	
657556	Supp_Motor_Area_R	8096	9220	9022	68240	0	732	1792	8620	0	1738	510	11846	586	6252	274	2784	0	2576	35446	0	0	172	2060	8368	0	480	0	302	840	12292	3678	16280	5644	45184	900	4150	568	1540	0	230	0	0	0	0	0	158	0	0	0	0	0	0	0	0	0	108	430	2672	0	0	0	0	0	0	0	0	0	532	9588	18076	1376	13324	538	3292	236	472	1482	5434	0	0	0	536	0	102	0	0	0	0	0	0	0	0	0	0	0	0	0	0	0	0	0	0	0	0	0	0	0	0	0	0	0	0	0	0	0	0	
63544	Olfactory_L	0	0	0	0	1308	0	0	0	146	0	0	0	0	0	1896	0	0	0	0	0	0	4486	0	0	330	128	1804	336	2172	0	2400	1154	0	0	0	0	134	0	736	0	888	0	0	0	0	0	0	0	0	0	0	0	0	0	0	0	0	0	0	0	0	0	0	0	0	0	0	0	0	0	5826	3590	2038	938	0	0	0	0	0	0	0	0	1462	0	0	0	0	0	0	0	0	0	0	0	0	0	0	0	0	0	0	0	0	0	0	0	0	0	0	0	0	0	0	0	0	0	
99516	Olfactory_R	0	0	0	144	288	618	0	0	138	0	194	0	154	0	322	482	0	0	124	172	4486	0	0	0	178	1624	1248	2364	210	1624	3022	4730	0	0	0	0	0	0	0	106	0	836	0	0	0	0	0	0	0	0	0	0	0	0	0	0	0	0	0	0	0	0	0	0	0	0	0	0	0	0	8194	10956	3060	4112	0	140	0	0	0	0	0	0	0	232	0	0	0	0	0	0	0	0	0	0	0	0	0	0	0	0	0	0	0	0	0	0	0	0	0	0	0	0	0	0	0	0	
366872	Frontal_Sup_Medial_L	0	0	43550	12976	4476	784	21264	434	506	728	514	0	2724	108	1030	854	0	0	4396	2060	0	0	0	24974	2638	1494	98	0	2994	0	17980	17784	4390	11414	0	0	0	0	0	0	0	0	0	0	0	0	0	0	0	0	0	0	0	0	0	0	0	0	0	0	0	0	0	0	0	0	0	0	0	0	2054	0	1064	0	0	0	0	0	0	0	0	0	148	0	0	0	0	0	0	0	0	0	0	0	0	0	0	0	0	0	0	0	0	0	0	0	0	0	0	0	0	0	0	0	0	0	
390460	Frontal_Sup_Medial_R	114	0	4030	44224	100	9738	1132	4564	0	3768	1844	324	562	2462	572	4754	174	0	2352	8368	0	0	24974	0	484	7672	0	1244	2486	1726	7710	36866	334	15132	0	0	0	0	0	0	0	0	0	0	0	0	0	0	0	0	0	0	0	0	0	0	0	0	0	0	0	0	0	0	0	0	0	0	0	0	2120	2394	0	2828	0	0	0	178	0	0	0	0	0	0	0	0	0	0	0	0	0	0	0	0	0	0	0	0	0	0	0	0	0	0	0	0	0	0	0	0	0	0	0	0	0	0	
51120	Frontal_Med_Orb_L	0	0	948	0	5706	474	0	0	1226	0	0	0	0	0	0	0	0	0	0	0	330	178	2638	484	0	3424	1962	564	0	0	4884	1174	0	0	0	0	0	0	0	0	0	0	0	0	0	0	0	0	0	0	0	0	0	0	0	0	0	0	0	0	0	0	0	0	0	0	0	0	0	0	812	278	372	106	0	0	0	0	0	0	0	0	0	0	0	0	0	0	0	0	0	0	0	0	0	0	0	0	0	0	0	0	0	0	0	0	0	0	0	0	0	0	0	0	0	0	
114324	Frontal_Med_Orb_R	0	0	154	2368	600	10478	0	0	0	214	130	0	0	0	0	0	0	0	0	480	128	1624	1494	7672	3424	0	846	6496	148	0	4080	9196	0	0	0	0	0	0	0	0	0	0	0	0	0	0	0	0	0	0	0	0	0	0	0	0	0	0	0	0	0	0	0	0	0	0	0	0	0	0	344	4726	0	2560	0	0	0	0	0	0	0	0	0	0	0	0	0	0	0	0	0	0	0	0	0	0	0	0	0	0	0	0	0	0	0	0	0	0	0	0	0	0	0	0	0	0	
50208	Rectus_L	0	0	0	0	5188	318	0	0	2946	0	0	0	0	0	816	0	0	0	0	0	1804	1248	98	0	1962	846	0	952	292	0	2168	698	0	0	0	0	0	0	0	0	106	0	0	0	0	0	0	0	0	0	0	0	0	0	0	0	0	0	0	0	0	0	0	0	0	0	0	0	0	0	2854	1028	1430	172	0	0	0	0	0	0	0	0	178	0	0	0	0	0	0	0	0	0	0	0	0	0	0	0	0	0	0	0	0	0	0	0	0	0	0	0	0	0	0	0	0	0	
67904	Rectus_R	0	0	0	306	0	9112	0	0	0	496	0	0	0	0	0	832	0	0	0	302	336	2364	0	1244	564	6496	952	0	0	552	496	3234	0	0	0	0	0	0	0	0	0	0	0	0	0	0	0	0	0	0	0	0	0	0	0	0	0	0	0	0	0	0	0	0	0	0	0	0	0	0	364	3722	0	2580	0	0	0	0	0	0	0	0	0	0	0	0	0	0	0	0	0	0	0	0	0	0	0	0	0	0	0	0	0	0	0	0	0	0	0	0	0	0	0	0	0	0	
612664	Insula_L	6726	230	31698	4218	7150	920	18436	1866	7172	0	21618	0	23224	0	16738	992	15376	0	17782	840	2172	210	2994	2486	0	148	292	0	0	0	3466	5328	734	356	364	0	15528	0	3728	0	3522	0	0	0	0	0	990	0	0	0	1590	0	1620	0	5052	0	6486	0	328	0	174	0	1574	0	0	0	466	0	0	134	9930	3630	17718	276	0	0	3990	296	5364	0	13586	0	10480	0	1946	0	0	0	3600	0	296	0	0	0	0	0	128	0	364	0	0	0	0	0	0	0	0	0	0	0	0	0	0	0	0	0	
313004	Insula_R	116	3628	1704	15432	0	1456	0	6232	0	1108	0	24134	358	8162	446	6664	0	13600	2300	12292	0	1624	0	1726	0	0	0	552	0	0	96	2056	0	268	136	264	174	7068	0	1300	0	1290	0	0	0	0	0	164	0	0	0	0	0	0	0	3770	0	1318	0	0	0	0	0	622	0	0	0	150	0	0	758	2398	0	19618	0	208	224	1704	0	1652	0	4410	0	866	0	898	0	0	0	3556	0	0	0	0	0	0	0	0	0	0	0	0	0	0	0	0	0	0	0	0	0	0	0	0	0	0	
321284	Cingulum_Ant_L	0	142	15456	8252	6174	1234	6320	1544	1386	0	1356	100	2360	126	598	0	0	0	4446	3678	2400	3022	17980	7710	4884	4080	2168	496	3466	96	0	22832	5610	4842	0	0	114	236	0	0	0	0	0	0	0	0	0	0	0	0	0	0	0	0	0	0	0	0	0	0	0	0	0	0	0	0	0	0	0	0	13478	4778	6492	2434	0	0	0	352	0	0	0	0	0	0	0	0	0	0	0	0	0	0	0	0	0	0	0	0	0	0	0	0	0	0	0	0	0	0	0	0	0	0	0	0	0	0	
526744	Cingulum_Ant_R	240	0	5144	40782	538	8132	1360	3658	118	556	4090	896	2244	3326	1506	1992	226	264	3846	16280	1154	4730	17784	36866	1174	9196	698	3234	5328	2056	22832	0	2576	20428	0	0	0	144	0	0	0	0	0	0	0	0	0	0	0	0	0	0	0	0	0	0	0	0	0	0	0	0	0	0	0	0	0	0	0	0	8162	19402	1848	9924	0	0	0	482	0	0	0	0	156	0	0	0	0	0	0	0	0	0	0	0	0	0	0	0	0	0	0	0	0	0	0	0	0	0	0	0	0	0	0	0	0	0	
167708	Cingulum_Mid_L	1276	0	2784	2154	166	0	2130	0	100	0	0	0	542	0	400	0	0	0	8874	5644	0	0	4390	334	0	0	0	0	734	0	5610	2576	0	11656	6314	1282	190	0	126	0	0	0	348	0	976	136	108	0	950	0	3470	0	266	0	214	0	1266	168	432	0	164	0	0	0	0	0	8758	788	2716	1272	668	0	428	0	0	0	0	0	0	0	238	0	0	0	2824	0	0	0	382	0	0	0	0	0	0	0	0	0	0	0	0	0	0	0	0	0	0	0	0	0	0	0	0	0	0	0	
419360	Cingulum_Mid_R	5624	1076	2500	21422	0	128	1708	1310	0	1556	232	0	248	1282	0	2566	0	0	15108	45184	0	0	11414	15132	0	0	0	0	356	268	4842	20428	11656	0	1122	8680	0	436	0	110	0	0	0	222	0	856	0	234	0	0	0	0	0	0	0	96	0	3482	0	0	0	0	0	0	0	0	782	4732	8480	15866	166	180	0	196	0	0	0	0	0	0	0	0	0	0	0	0	0	0	0	0	0	0	0	0	0	0	0	0	0	0	0	0	0	0	0	0	0	0	0	0	0	0	0	0	0	0	
159052	Cingulum_Post_L	2612	140	1618	320	0	0	1566	0	0	0	0	0	0	0	0	0	0	0	1434	900	0	0	0	0	0	0	0	0	364	136	0	0	6314	1122	0	6658	9748	3622	3152	822	0	0	4858	0	1324	0	2832	148	428	0	478	0	408	0	382	184	1592	98	0	0	0	0	0	0	0	0	10888	994	4794	938	116	0	0	140	0	0	3824	3806	508	0	0	0	0	0	96	0	0	0	162	0	0	0	0	0	0	0	0	0	0	0	0	0	0	0	0	0	0	0	0	0	0	0	0	0	0	0	
169956	Cingulum_Post_R	1476	438	1690	740	0	0	1346	0	0	0	0	0	0	0	0	0	0	0	406	4150	0	0	0	0	0	0	0	0	0	264	0	0	1282	8680	6658	0	2654	11068	100	2650	0	0	0	1308	0	850	0	2736	0	104	0	214	0	120	0	852	1148	3266	0	0	0	0	0	0	0	0	870	9982	560	7084	338	650	0	154	0	0	4422	6228	0	0	0	0	0	0	0	0	0	0	0	296	0	0	0	0	0	0	0	0	0	0	0	0	0	0	0	0	0	0	0	0	194	0	0	0	0	0	
328532	Hippocampus_L	4446	236	5064	712	98	0	3230	0	96	0	1026	120	220	0	424	0	1340	120	3178	568	134	0	0	0	0	0	0	0	15528	174	114	0	190	0	9748	2654	0	3312	19118	1272	8780	674	4730	0	548	0	6616	970	120	0	964	0	418	0	12356	570	3522	0	450	0	534	0	1030	0	228	0	7402	0	102	110	1316	0	7362	394	1164	0	5996	4692	3118	0	2962	0	1614	0	1850	0	116	0	9358	102	146	0	0	0	0	0	154	0	144	0	0	0	0	0	0	0	0	0	112	420	0	0	0	0	0	0	
308968	Hippocampus_R	1776	2628	3470	3514	0	0	990	124	0	0	0	716	586	246	774	144	0	2224	3348	1540	0	0	0	0	0	0	0	0	0	7068	236	144	0	436	3622	11068	3312	0	136	22048	0	8712	0	1798	0	422	104	6522	0	106	0	192	0	138	0	20604	1162	2288	0	0	0	0	0	842	0	0	510	8470	0	344	2180	192	220	8762	0	118	3048	6438	0	824	0	1134	0	2016	0	480	0	0	0	5288	0	340	0	0	0	0	0	196	0	412	0	0	0	0	0	0	0	0	0	0	472	0	0	0	0	0	
138260	ParaHippocampal_L	340	0	1226	0	238	0	616	0	0	0	0	0	0	0	304	0	206	0	546	0	736	0	0	0	0	0	0	0	3728	0	0	0	126	0	3152	100	19118	136	0	0	5212	0	2936	0	412	0	6434	214	0	0	604	0	762	0	8872	0	520	0	176	0	0	0	212	0	0	0	3532	0	0	0	694	0	2154	0	174	0	716	224	450	0	310	0	1336	0	130	0	474	0	1638	0	0	0	0	0	0	0	150	0	0	0	0	0	0	0	0	0	0	0	0	222	0	0	0	0	0	0	
156168	ParaHippocampal_R	362	184	250	286	0	0	216	0	0	0	0	0	0	0	0	0	0	356	128	230	0	106	0	0	0	0	0	0	0	1300	0	0	0	110	822	2650	1272	22048	0	0	0	6722	0	732	0	152	0	7868	0	0	0	0	0	0	0	15168	230	114	0	0	0	0	0	0	0	0	156	3056	0	128	200	160	0	2728	0	106	1014	2484	0	0	0	0	0	1832	0	0	0	606	0	1572	0	270	0	0	0	0	0	1570	0	378	0	0	0	0	0	0	0	0	0	0	518	0	0	0	0	0	
56412	Amygdala_L	0	0	0	0	386	0	0	0	0	0	0	0	0	0	502	0	0	0	0	0	888	0	0	0	0	0	106	0	3522	0	0	0	0	0	0	0	8780	0	5212	0	0	0	0	0	0	0	0	0	0	0	0	0	0	0	4436	0	0	0	0	0	0	0	0	0	0	0	0	0	0	0	0	0	604	0	0	0	0	0	0	0	126	0	1700	0	0	0	132	0	1812	0	0	0	0	0	0	0	0	0	0	0	0	0	0	0	0	0	0	0	0	0	0	0	0	0	0	0	
48160	Amygdala_R	0	0	0	0	0	0	0	0	0	0	0	0	0	0	0	0	0	0	0	0	0	836	0	0	0	0	0	0	0	1290	0	0	0	0	0	0	674	8712	0	6722	0	0	0	0	0	0	0	0	0	0	0	0	0	0	0	3918	0	0	0	0	0	0	0	0	0	0	0	0	0	0	0	0	0	366	0	0	0	0	0	0	0	0	0	1454	0	0	0	0	0	108	0	0	0	0	0	0	0	0	0	0	0	0	0	0	0	0	0	0	0	0	0	0	0	0	0	0	
228396	Calcarine_L	0	0	0	0	0	0	0	0	0	0	0	0	0	0	0	0	0	0	0	0	0	0	0	0	0	0	0	0	0	0	0	0	348	0	4858	0	4730	0	2936	0	0	0	0	8816	15888	6222	15010	1910	10598	1932	17700	786	4974	0	2278	0	180	0	0	0	150	0	0	0	130	0	12964	102	0	0	0	0	0	0	0	0	0	0	0	0	0	0	0	0	922	0	0	0	100	0	288	0	0	0	0	0	0	0	210	0	0	0	0	0	0	0	0	0	0	0	166	0	0	0	0	0	
329308	Calcarine_R	0	826	0	0	0	0	0	0	0	0	0	0	0	0	0	0	0	0	0	0	0	0	0	0	0	0	0	0	0	0	0	0	0	222	0	1308	0	1798	0	732	0	0	8816	0	3084	24930	2106	22314	0	27098	0	23744	0	11514	0	6132	0	2112	0	1072	0	134	0	856	0	308	598	15492	0	2906	0	0	0	0	0	0	0	0	0	0	0	662	0	0	0	3252	0	0	0	2432	0	0	0	0	0	0	0	0	0	0	0	0	0	0	0	0	0	0	0	0	206	0	0	0	0	0	
172352	Cuneus_L	276	0	0	0	0	0	0	0	0	0	0	0	0	0	0	0	0	0	0	0	0	0	0	0	0	0	0	0	0	0	0	0	976	0	1324	0	548	0	412	0	0	0	15888	3084	0	4674	2418	244	24824	764	14070	148	1830	0	1234	0	836	0	840	0	0	0	0	0	0	0	10272	418	274	0	0	0	0	0	0	0	0	0	0	0	0	0	0	0	598	0	0	0	224	0	0	0	0	0	0	0	0	0	0	0	0	0	0	0	0	0	0	0	0	0	0	0	0	0	0	0	
243804	Cuneus_R	0	524	0	0	0	0	0	0	0	0	0	0	0	0	0	0	0	0	0	158	0	0	0	0	0	0	0	0	0	0	0	0	136	856	0	850	0	422	0	152	0	0	6222	24930	4674	0	236	2546	174	24624	0	12208	0	1134	0	208	0	2826	278	5396	0	108	0	222	0	178	4000	21610	0	5444	0	0	0	0	0	0	0	0	0	0	0	0	0	0	0	750	0	0	0	926	0	0	0	0	0	0	0	0	0	0	0	0	0	0	0	0	0	0	0	0	110	0	0	0	0	0	
269168	Lingual_L	206	0	658	0	0	0	636	0	0	0	182	0	0	0	0	0	338	0	0	0	0	0	0	0	0	0	0	0	990	0	0	0	108	0	2832	0	6616	104	6434	0	0	0	15010	2106	2418	236	0	1912	6398	190	17566	212	11954	0	15190	328	210	0	0	0	0	0	0	0	0	0	5808	0	0	0	118	0	220	0	0	0	1612	198	252	0	0	0	0	0	134	0	0	0	348	0	6310	1122	138	0	370	0	6314	1516	10428	1422	0	0	0	0	0	0	0	0	0	178	3834	1186	242	0	0	0	
332020	Lingual_R	0	254	130	0	0	0	0	0	0	0	0	0	0	0	0	0	0	0	96	0	0	0	0	0	0	0	0	0	0	164	0	0	0	234	148	2736	970	6522	214	7868	0	0	1910	22314	244	2546	1912	0	0	6408	0	7348	0	10218	1238	24826	0	462	0	0	0	0	0	498	0	0	218	6864	0	568	0	0	0	0	0	0	300	684	0	0	0	408	0	0	0	820	0	0	0	2246	2672	4848	238	0	0	240	2328	9960	4608	8784	0	0	260	116	0	170	0	0	0	322	10744	8010	788	302	0	252	
181956	Occipital_Sup_L	0	0	0	0	0	0	0	0	0	0	0	0	0	0	0	0	0	0	0	0	0	0	0	0	0	0	0	0	0	0	0	0	950	0	428	0	120	0	0	0	0	0	10598	0	24824	174	6398	0	0	0	26766	0	1476	0	212	0	268	0	7212	0	544	0	0	0	128	0	10548	332	0	0	0	0	0	0	0	0	0	0	0	0	0	0	0	0	0	0	0	0	0	0	0	0	0	0	0	0	0	0	0	0	0	0	0	0	0	0	0	0	0	0	0	0	0	0	0	0	
273808	Occipital_Sup_R	0	468	0	0	0	0	0	0	0	0	0	0	0	0	0	0	0	0	0	0	0	0	0	0	0	0	0	0	0	0	0	0	0	0	0	104	0	106	0	0	0	0	1932	27098	764	24624	190	6408	0	0	0	29814	0	5112	0	2798	0	3398	0	6524	0	934	0	902	0	3078	1024	11304	0	5326	0	0	0	0	0	0	0	0	0	0	0	350	0	0	0	2348	0	0	0	2298	0	0	0	0	0	0	0	0	0	0	0	0	0	0	0	0	0	0	0	0	0	0	0	0	0	0	
511452	Occipital_Mid_L	3048	0	196	0	0	0	0	0	0	0	0	0	0	0	0	0	1696	0	0	0	0	0	0	0	0	0	0	0	1590	0	0	0	3470	0	478	0	964	0	604	0	0	0	17700	0	14070	0	17566	0	26766	0	0	0	23940	0	8560	0	8308	0	17506	0	24158	0	6210	0	20342	0	20838	100	460	0	0	0	850	0	132	0	258	0	586	0	1866	0	0	0	26974	0	0	0	4882	0	860	0	0	0	0	0	0	0	748	0	0	0	0	0	0	0	0	0	0	0	0	0	0	0	0	0	
284308	Occipital_Mid_R	0	182	0	0	0	0	0	0	0	0	0	0	0	0	0	0	0	0	0	0	0	0	0	0	0	0	0	0	0	0	0	0	0	0	0	214	0	192	0	0	0	0	786	23744	148	12208	212	7348	0	29814	0	0	0	7758	0	2986	0	2336	0	5468	0	5514	0	1406	0	18994	324	6298	0	2566	0	0	0	0	0	0	0	0	0	0	0	828	0	0	0	10064	0	0	0	2764	0	0	0	0	0	0	0	0	0	0	0	0	0	0	0	0	0	0	0	0	0	0	0	0	0	0	
169764	Occipital_Inf_L	1164	0	0	0	0	0	0	0	0	0	0	0	0	0	0	0	1092	0	0	0	0	0	0	0	0	0	0	0	1620	0	0	0	266	0	408	0	418	0	762	0	0	0	4974	0	1830	0	11954	0	1476	0	23940	0	0	0	15342	0	1780	0	298	0	406	0	726	0	444	0	2896	0	776	0	0	0	0	0	0	0	0	0	1730	0	914	0	0	0	2710	0	0	0	4306	0	1248	0	0	0	0	0	0	0	1208	0	0	0	0	0	0	0	0	0	0	0	0	194	0	0	0	0	
112520	Occipital_Inf_R	0	118	0	0	0	0	0	0	0	0	0	0	0	0	0	0	0	0	0	0	0	0	0	0	0	0	0	0	0	0	0	0	0	0	0	120	0	138	0	0	0	0	0	11514	0	1134	0	10218	0	5112	0	7758	0	0	0	7476	0	274	0	216	0	98	0	502	0	220	0	1334	0	486	0	0	0	0	0	0	0	0	0	0	0	344	0	0	0	2028	0	0	0	5260	0	124	0	0	0	0	0	338	0	714	0	0	0	0	0	0	0	0	0	0	302	432	0	0	0	0	
397448	Fusiform_L	1052	0	430	0	0	0	0	0	0	0	0	0	0	0	0	0	1060	0	344	0	0	0	0	0	0	0	0	0	5052	0	0	0	214	0	382	0	12356	0	8872	0	4436	0	2278	0	1234	0	15190	1238	212	0	8560	0	15342	0	0	320	2246	0	380	0	364	0	1336	0	292	0	3108	0	612	0	416	0	1010	0	0	0	258	0	1830	0	4462	0	4186	0	5420	0	3274	0	17800	0	23858	354	1438	0	166	0	10596	802	29356	426	620	0	830	0	108	0	0	0	0	0	2992	1458	0	0	0	154	
359380	Fusiform_R	154	562	140	108	0	0	0	0	0	0	0	130	0	0	0	0	0	658	104	108	0	0	0	0	0	0	0	0	0	3770	0	0	0	96	184	852	570	20604	0	15168	0	3918	0	6132	0	208	328	24826	0	2798	0	2986	0	7476	320	0	126	794	0	0	0	0	0	754	0	0	0	1582	0	810	114	0	0	1692	0	0	112	732	0	288	0	1404	0	6198	0	1552	0	2144	0	16890	942	10854	132	508	0	238	910	10348	1516	14612	0	100	0	574	0	234	0	0	0	296	5530	4134	778	320	130	142	
290488	Postcentral_L	32674	544	7220	308	0	0	2304	0	0	0	2516	0	100	0	0	0	4734	0	826	430	0	0	0	0	0	0	0	0	6486	0	0	0	1266	0	1592	1148	3522	1162	520	230	0	0	180	0	836	0	210	0	268	0	8308	0	1780	0	2246	126	0	0	11624	0	21432	0	8620	0	3366	0	6400	0	1776	318	130	0	488	0	130	0	958	1204	2252	0	1774	0	0	0	1196	0	0	0	2040	0	0	0	0	0	0	0	0	0	0	0	0	0	0	0	0	0	0	0	0	0	0	0	0	0	0	0	
241572	Postcentral_R	130	21468	1144	2394	0	0	0	854	0	0	0	3024	540	0	640	0	0	3130	1056	2672	0	0	0	0	0	0	0	0	0	1318	0	0	168	3482	98	3266	0	2288	0	114	0	0	0	2112	0	2826	0	462	0	3398	0	2336	0	274	0	794	0	0	0	7524	0	8330	0	13246	0	2496	432	9936	0	12844	1196	782	0	932	0	302	0	138	0	294	0	584	0	0	0	526	0	0	0	1236	0	0	0	0	0	0	0	0	0	0	0	0	0	0	0	0	0	0	0	0	0	0	0	0	0	0	
184572	Parietal_Sup_L	4096	0	234	0	0	0	164	0	0	0	0	0	0	0	0	0	456	0	0	0	0	0	0	0	0	0	0	0	328	0	0	0	432	0	0	0	450	0	176	0	0	0	0	0	840	278	0	0	7212	0	17506	0	298	0	380	0	11624	0	0	0	19642	0	2016	0	8112	0	15306	514	168	0	0	0	644	0	120	0	166	0	0	0	540	0	0	0	478	0	0	0	106	0	0	0	0	0	0	0	0	0	0	0	0	0	0	0	0	0	0	0	0	0	0	0	0	0	0	0	
96624	Parietal_Sup_R	0	344	0	0	0	0	0	0	0	0	0	0	0	0	0	0	0	0	0	0	0	0	0	0	0	0	0	0	0	0	0	0	0	0	0	0	0	0	0	0	0	0	0	1072	0	5396	0	0	0	6524	0	5468	0	216	0	0	0	7524	0	0	0	4732	0	838	0	3760	292	8548	0	3046	0	0	0	0	0	0	0	0	0	0	0	0	0	0	0	178	0	0	0	374	0	0	0	0	0	0	0	0	0	0	0	0	0	0	0	0	0	0	0	0	0	0	0	0	0	0	
240724	Parietal_Inf_L	7968	0	442	0	0	0	322	0	0	0	0	0	0	0	0	0	120	0	0	0	0	0	0	0	0	0	0	0	174	0	0	0	164	0	0	0	534	0	0	0	0	0	150	0	0	0	0	0	544	0	24158	0	406	0	364	0	21432	0	19642	0	0	0	10884	0	24464	0	4548	0	136	0	0	0	322	0	0	0	0	0	0	0	270	0	0	0	2956	0	0	0	362	0	0	0	0	0	0	0	0	0	0	0	0	0	0	0	0	0	0	0	0	0	0	0	0	0	0	0	
101100	Parietal_Inf_R	0	506	0	106	0	0	0	0	0	0	0	0	0	0	0	0	0	0	0	0	0	0	0	0	0	0	0	0	0	0	0	0	0	0	0	0	0	0	0	0	0	0	0	134	0	108	0	0	0	934	0	5514	0	98	0	0	0	8330	0	4732	0	0	0	9516	0	15628	140	914	0	936	96	0	0	0	0	0	0	0	0	0	0	0	0	0	0	2284	0	0	0	574	0	0	0	0	0	0	0	0	0	0	0	0	0	0	0	0	0	0	0	0	0	0	0	0	0	0	
107932	SupraMarginal_L	946	0	0	0	0	0	0	0	0	0	0	0	0	0	0	0	1050	0	0	0	0	0	0	0	0	0	0	0	1574	0	0	0	0	0	0	0	1030	0	212	0	0	0	0	0	0	0	0	0	0	0	6210	0	726	0	1336	0	8620	0	2016	0	10884	0	0	0	4748	0	324	0	0	0	0	0	0	0	0	0	0	0	210	0	5314	0	0	0	6996	0	0	0	1770	0	0	0	0	0	0	0	0	0	0	0	0	0	0	0	0	0	0	0	0	0	0	0	0	0	0	0	
125292	SupraMarginal_R	0	2034	142	348	0	0	0	418	0	0	0	96	328	0	390	0	0	1190	112	0	0	0	0	0	0	0	0	0	0	622	0	0	0	0	0	0	0	842	0	0	0	0	0	856	0	222	0	498	0	902	0	1406	0	502	0	754	0	13246	0	838	0	9516	0	0	0	6396	174	1280	0	1166	592	0	0	0	0	0	0	0	0	324	0	5436	0	0	0	9672	0	0	0	2344	0	0	0	0	0	0	0	0	0	0	0	0	0	0	0	0	0	0	0	0	0	0	0	0	0	0	
149704	Angular_L	1926	0	0	0	0	0	0	0	0	0	0	0	0	0	0	0	142	0	0	0	0	0	0	0	0	0	0	0	0	0	0	0	0	0	0	0	228	0	0	0	0	0	130	0	0	0	0	0	128	0	20342	0	444	0	292	0	3366	0	8112	0	24464	0	4748	0	0	0	2922	0	0	0	0	0	138	0	0	0	0	0	0	0	742	0	0	0	6360	0	0	0	368	0	0	0	0	0	0	0	0	0	0	0	0	0	0	0	0	0	0	0	0	0	0	0	0	0	0	0	
131168	Angular_R	0	0	0	0	0	0	0	0	0	0	0	0	0	0	0	0	0	0	0	0	0	0	0	0	0	0	0	0	0	0	0	0	0	0	0	0	0	0	0	0	0	0	0	308	0	178	0	0	0	3078	0	18994	0	220	0	0	0	2496	0	3760	0	15628	0	6396	0	0	146	688	0	774	0	0	0	0	0	0	0	0	0	0	0	1816	0	0	0	9534	0	0	0	1568	0	0	0	0	0	0	0	0	0	0	0	0	0	0	0	0	0	0	0	0	0	0	0	0	0	0	
322368	Precuneus_L	2536	122	186	0	0	0	334	0	0	0	0	0	0	0	0	0	334	0	430	0	0	0	0	0	0	0	0	0	466	0	0	0	8758	782	10888	870	7402	510	3532	156	0	0	12964	598	10272	4000	5808	218	10548	1024	20838	324	2896	0	3108	0	6400	432	15306	292	4548	140	324	174	2922	146	0	7514	2860	2074	0	0	258	0	0	0	210	126	440	0	466	0	0	0	5578	0	0	0	924	146	0	0	0	0	0	0	0	0	0	0	0	0	0	0	0	0	0	0	0	0	0	0	0	0	0	0	
293788	Precuneus_R	0	2996	154	178	0	0	102	0	0	0	0	172	0	0	0	0	0	0	0	532	0	0	0	0	0	0	0	0	0	150	0	0	788	4732	994	9982	0	8470	0	3056	0	0	102	15492	418	21610	0	6864	332	11304	100	6298	0	1334	0	1582	0	9936	514	8548	0	914	0	1280	0	688	7514	0	276	14416	0	0	0	162	0	0	310	898	0	0	0	0	0	0	0	1228	0	0	0	1590	0	0	0	0	0	0	0	194	0	0	0	0	0	0	0	0	0	0	0	0	684	0	0	0	0	0	
126548	Paracentral_Lobule_L	15278	1992	1300	336	0	0	0	0	0	0	0	0	0	0	0	0	0	0	3060	9588	0	0	0	0	0	0	0	0	0	0	0	0	2716	8480	4794	560	102	0	0	0	0	0	0	0	274	0	0	0	0	0	460	0	776	0	612	0	1776	0	168	0	136	0	0	0	0	0	2860	276	0	7014	0	0	0	0	0	0	0	0	0	0	146	0	0	0	290	0	0	0	280	0	0	0	0	0	0	0	0	0	0	0	0	0	0	0	0	0	0	0	0	0	0	0	0	0	0	0	
269524	Paracentral_Lobule_R	6820	11810	1224	196	0	0	826	0	0	0	0	0	0	0	0	0	0	0	2250	18076	0	0	0	0	0	0	0	0	134	0	0	0	1272	15866	938	7084	110	344	0	128	0	0	0	2906	0	5444	0	568	0	5326	0	2566	0	486	0	810	318	12844	0	3046	0	936	0	1166	0	774	2074	14416	7014	0	234	1218	164	0	114	0	516	1590	0	114	0	232	0	0	0	1110	0	0	0	1698	0	0	0	0	0	0	0	0	0	0	0	0	0	0	0	0	0	0	0	0	0	0	0	0	0	0	
375076	Caudate_L	1606	1990	11314	6526	4744	836	2702	6138	1672	0	6412	1106	9636	222	11114	0	494	222	7922	1376	5826	8194	2054	2120	812	344	2854	364	9930	758	13478	8162	668	166	116	338	1316	2180	694	200	0	0	0	0	0	0	118	0	0	0	0	0	0	0	416	114	130	1196	0	0	0	96	0	592	0	0	0	0	0	234	0	16592	13920	4192	1410	360	6542	3060	0	110	464	148	1024	0	0	0	0	0	0	214	0	0	0	0	0	0	0	0	0	0	0	0	0	0	0	0	0	0	0	0	0	0	0	0	0	0	
341168	Caudate_R	386	1998	2004	12378	306	4400	674	474	160	162	3198	1592	1884	148	880	146	0	4056	1858	13324	3590	10956	0	2394	278	4726	1028	3722	3630	2398	4778	19402	0	180	0	650	0	192	0	160	0	0	0	0	0	0	0	0	0	0	0	0	0	0	0	0	0	782	0	0	0	0	0	0	0	0	0	0	0	1218	16592	0	3984	17150	0	1694	3372	16836	0	142	0	586	116	0	0	0	0	0	0	0	0	0	0	0	0	0	0	0	0	0	0	0	0	0	0	0	0	0	0	0	0	0	0	0	0	0	
270924	Putamen_L	2574	334	13202	360	9674	0	1776	0	6934	0	782	0	1008	0	7358	0	314	0	10050	538	2038	3060	1064	0	372	0	1430	0	17718	0	6492	1848	428	0	0	0	7362	220	2154	0	604	0	0	0	0	0	220	0	0	0	850	0	0	0	1010	0	488	0	644	0	322	0	0	0	138	0	258	0	0	164	13920	3984	0	1952	4616	0	2874	206	0	0	1444	0	2364	0	0	0	0	0	314	0	0	0	0	0	0	0	0	0	0	0	0	0	0	0	0	0	0	0	0	0	0	0	0	0	0	0	
264484	Putamen_R	116	2222	688	5212	108	5570	0	1168	0	1180	242	6844	280	806	330	3118	0	10188	1278	3292	938	4112	0	2828	106	2560	172	2580	276	19618	2434	9924	0	196	140	154	394	8762	0	2728	0	366	0	0	0	0	0	0	0	0	0	0	0	0	0	1692	0	932	0	0	0	0	0	0	0	0	0	162	0	0	4192	17150	1952	0	0	1646	132	1416	0	1016	0	714	0	144	0	0	0	0	0	164	0	0	0	0	0	0	0	0	0	0	0	0	0	0	0	0	0	0	0	0	0	0	0	0	0	0	
30388	Pallidum_L	306	202	2136	0	0	0	324	0	0	0	0	0	0	0	0	0	0	0	2414	236	0	0	0	0	0	0	0	0	0	0	0	0	0	0	0	0	1164	0	174	0	0	0	0	0	0	0	0	0	0	0	132	0	0	0	0	0	130	0	120	0	0	0	0	0	0	0	0	0	0	114	1410	0	4616	0	0	0	1716	0	0	0	0	0	0	0	0	0	0	0	0	0	0	0	0	0	0	0	0	0	0	0	0	0	0	0	0	0	0	0	0	0	0	0	0	0	0	0	
14296	Pallidum_R	0	344	0	474	0	0	0	0	0	0	0	0	0	0	0	0	0	1180	104	472	0	140	0	0	0	0	0	0	0	208	0	0	0	0	0	0	0	118	0	106	0	0	0	0	0	0	0	0	0	0	0	0	0	0	0	0	0	302	0	0	0	0	0	0	0	0	0	0	0	0	360	1694	0	1646	0	0	0	0	0	0	0	0	0	0	0	0	0	0	0	0	0	0	0	0	0	0	0	0	0	0	0	0	0	0	0	0	0	0	0	0	0	0	0	0	0	0	
166904	Thalamus_L	1700	818	7302	1360	0	0	5136	148	0	0	554	104	216	0	244	0	386	148	9016	1482	0	0	0	0	0	0	0	0	3990	224	0	0	0	0	3824	4422	5996	3048	716	1014	0	0	0	0	0	0	1612	300	0	0	258	0	0	0	258	112	958	0	166	0	0	0	0	0	0	0	210	310	0	516	6542	3372	2874	132	1716	0	0	11406	158	0	424	102	0	0	0	0	0	0	178	0	0	0	0	0	0	0	0	0	0	0	0	0	0	0	0	0	0	0	0	0	0	0	0	0	0	0	
187380	Thalamus_R	2162	1730	4514	5266	0	106	2598	0	0	0	0	752	628	348	828	0	0	1356	2014	5434	0	0	0	178	0	0	0	0	296	1704	352	482	0	0	3806	6228	4692	6438	224	2484	0	0	0	0	0	0	198	684	0	0	0	0	0	0	0	732	1204	138	0	0	0	0	0	0	0	0	126	898	0	1590	3060	16836	206	1416	0	0	11406	0	0	0	0	292	0	0	0	0	0	0	0	182	0	0	0	0	0	0	0	0	0	0	0	0	0	0	0	0	0	0	0	102	0	0	0	0	0	0	
53480	Heschl_L	2228	0	514	0	0	0	300	0	0	0	452	0	0	0	0	0	2150	0	196	0	0	0	0	0	0	0	0	0	5364	0	0	0	0	0	508	0	3118	0	450	0	0	0	0	0	0	0	252	0	0	0	586	0	1730	0	1830	0	2252	0	0	0	0	0	210	0	0	0	440	0	0	0	0	0	0	0	0	0	158	0	0	0	1576	0	0	0	866	0	0	0	1560	0	0	0	0	0	0	0	0	0	0	0	0	0	0	0	0	0	0	0	0	0	0	0	0	0	0	0	
29916	Heschl_R	0	440	0	0	0	0	0	240	0	0	0	496	0	0	0	0	0	3900	0	0	0	0	0	0	0	0	0	0	0	1652	0	0	0	0	0	0	0	824	0	0	0	0	0	0	0	0	0	0	0	0	0	0	0	0	0	288	0	294	0	0	0	0	0	324	0	0	0	0	0	114	110	142	0	1016	0	0	0	0	0	0	0	3114	0	0	0	384	0	0	0	1620	0	0	0	0	0	0	0	0	0	0	0	0	0	0	0	0	0	0	0	0	0	0	0	0	0	0	
220980	Temporal_Sup_L	2214	0	7222	0	0	0	982	0	0	0	5352	0	150	0	0	0	13900	0	5774	0	0	0	0	0	0	0	0	0	13586	0	0	0	238	0	0	0	2962	0	310	0	126	0	0	0	0	0	0	0	0	0	1866	0	914	0	4462	0	1774	0	540	0	270	0	5314	0	742	0	466	0	146	0	464	0	1444	0	0	0	424	0	1576	0	0	0	3970	0	18802	0	170	0	13106	0	478	0	0	0	0	0	138	0	608	0	0	0	0	0	0	0	0	0	0	0	0	0	0	0	0	0	
112196	Temporal_Sup_R	0	476	200	532	0	0	0	134	0	0	0	494	0	0	0	0	0	3504	208	536	0	0	0	0	0	0	0	0	0	4410	0	0	0	0	0	0	0	1134	0	0	0	0	0	662	0	0	0	408	0	350	0	828	0	344	0	1404	0	584	0	0	0	0	0	5436	0	1816	0	0	0	232	148	586	0	714	0	0	102	292	0	3114	0	0	0	886	0	18502	0	680	0	7382	0	0	0	0	0	0	0	0	0	0	0	0	0	0	0	0	0	0	0	0	0	0	0	0	0	0	
143284	Temporal_Pole_Sup_L	0	116	1410	220	706	0	958	270	540	0	2234	0	4286	0	8832	118	2036	0	688	0	1462	0	148	0	0	0	178	0	10480	0	0	156	0	0	0	0	1614	0	1336	0	1700	0	0	0	0	0	0	0	0	0	0	0	0	0	4186	0	0	0	0	0	0	0	0	0	0	0	0	0	0	0	1024	116	2364	0	0	0	0	0	0	0	3970	0	0	0	7772	0	5474	0	7248	0	0	0	0	0	0	0	0	0	0	0	0	0	0	0	0	0	0	0	0	0	0	0	0	0	0	0	
40524	Temporal_Pole_Sup_R	0	0	0	0	0	0	0	0	0	0	0	116	0	0	0	134	0	220	0	102	0	232	0	0	0	0	0	0	0	866	0	0	0	0	0	0	0	2016	0	1832	0	1454	0	0	0	0	0	0	0	0	0	0	0	0	0	6198	0	0	0	0	0	0	0	0	0	0	0	0	0	0	0	0	0	144	0	0	0	0	0	0	0	886	0	0	0	1242	0	2114	0	2706	0	0	0	0	0	0	0	0	0	0	0	0	0	0	0	0	0	0	0	0	0	0	0	0	0	0	
274136	Temporal_Mid_L	710	0	212	0	0	0	0	0	0	0	950	0	0	0	0	0	2226	0	162	0	0	0	0	0	0	0	0	0	1946	0	0	0	2824	0	96	0	1850	0	130	0	0	0	922	0	598	0	134	0	0	0	26974	0	2710	0	5420	0	1196	0	478	0	2956	0	6996	0	6360	0	5578	0	290	0	0	0	0	0	0	0	0	0	866	0	18802	0	7772	0	0	0	6442	0	31468	0	0	0	0	0	0	0	0	0	0	0	0	0	0	0	0	0	0	0	0	0	0	0	0	0	0	0	
180516	Temporal_Mid_R	0	236	104	0	0	0	0	0	0	0	0	0	0	0	0	0	0	0	98	0	0	0	0	0	0	0	0	0	0	898	0	0	0	0	0	0	0	480	0	0	0	0	0	3252	0	750	0	820	0	2348	0	10064	0	2028	0	1552	0	526	0	178	0	2284	0	9672	0	9534	0	1228	0	1110	0	0	0	0	0	0	0	0	0	384	0	18502	0	1242	0	0	0	2482	0	20486	0	0	0	0	0	0	0	0	0	0	0	0	0	0	0	0	0	0	0	0	0	0	0	0	0	0	
43776	Temporal_Pole_Mid_L	0	0	0	0	0	0	0	0	0	0	0	0	0	0	0	0	0	0	0	0	0	0	0	0	0	0	0	0	0	0	0	0	0	0	0	0	116	0	474	0	132	0	0	0	0	0	0	0	0	0	0	0	0	0	3274	0	0	0	0	0	0	0	0	0	0	0	0	0	0	0	0	0	0	0	0	0	0	0	0	0	170	0	5474	0	6442	0	0	0	5806	0	0	0	0	0	0	0	0	0	0	0	0	0	0	0	0	0	0	0	0	0	0	0	0	0	0	0	
19976	Temporal_Pole_Mid_R	0	0	0	0	0	0	0	0	0	0	0	0	0	0	0	0	0	0	0	0	0	0	0	0	0	0	0	0	0	0	0	0	0	0	0	0	0	0	0	606	0	0	0	0	0	0	0	0	0	0	0	0	0	0	0	2144	0	0	0	0	0	0	0	0	0	0	0	0	0	0	0	0	0	0	0	0	0	0	0	0	0	680	0	2114	0	2482	0	0	0	1962	0	0	0	0	0	0	0	0	0	0	0	0	0	0	0	0	0	0	0	0	0	0	0	0	0	0	
239252	Temporal_Inf_L	684	0	144	0	0	0	0	0	0	0	0	0	0	0	0	0	1448	0	98	0	0	0	0	0	0	0	0	0	3600	0	0	0	382	0	162	0	9358	0	1638	0	1812	0	100	0	224	0	348	0	0	0	4882	0	4306	0	17800	0	2040	0	106	0	362	0	1770	0	368	0	924	0	280	0	0	0	314	0	0	0	178	0	1560	0	13106	0	7248	0	31468	0	5806	0	0	0	3476	0	404	0	0	0	394	0	2196	0	352	0	288	0	0	0	0	0	0	0	0	0	0	0	0	0	
183088	Temporal_Inf_R	0	690	346	102	0	0	0	0	0	0	0	0	0	0	0	0	0	878	284	0	0	0	0	0	0	0	0	0	0	3556	0	0	0	0	0	296	102	5288	0	1572	0	108	0	2432	0	926	0	2246	0	2298	0	2764	0	5260	0	16890	0	1236	0	374	0	574	0	2344	0	1568	146	1590	0	1698	214	0	0	164	0	0	0	182	0	1620	0	7382	0	2706	0	20486	0	1962	0	0	0	668	0	0	0	0	0	182	0	410	0	0	0	0	0	0	0	0	0	0	0	0	0	0	0	0	
485116	Cerebelum_Crus1_L	0	0	0	0	0	0	0	0	0	0	0	0	0	0	0	0	0	0	0	0	0	0	0	0	0	0	0	0	296	0	0	0	0	0	0	0	146	0	0	0	0	0	288	0	0	0	6310	2672	0	0	860	0	1248	0	23858	942	0	0	0	0	0	0	0	0	0	0	0	0	0	0	0	0	0	0	0	0	0	0	0	0	478	0	0	0	0	0	0	0	3476	0	0	4038	28456	1562	3440	498	25970	3554	62308	4284	14238	282	14852	1794	3004	1092	288	0	1112	2874	10260	8788	4446	2284	1338	1222	
495232	Cerebelum_Crus1_R	0	0	0	0	0	0	0	0	0	0	0	0	0	0	0	0	0	0	0	0	0	0	0	0	0	0	0	0	0	0	0	0	0	0	0	0	0	340	0	270	0	0	0	0	0	0	1122	4848	0	0	0	0	0	124	354	10854	0	0	0	0	0	0	0	0	0	0	0	0	0	0	0	0	0	0	0	0	0	0	0	0	0	0	0	0	0	0	0	0	0	668	4038	0	4588	26906	234	6130	3710	26220	5362	57482	702	8998	1016	18136	148	2036	0	234	580	6376	16638	17208	14870	3846	2154	1424	
333168	Cerebelum_Crus2_L	0	0	0	0	0	0	0	0	0	0	0	0	0	0	0	0	0	0	0	0	0	0	0	0	0	0	0	0	0	0	0	0	0	0	0	0	0	0	0	0	0	0	0	0	0	0	138	238	0	0	0	0	0	0	1438	132	0	0	0	0	0	0	0	0	0	0	0	0	0	0	0	0	0	0	0	0	0	0	0	0	0	0	0	0	0	0	0	0	404	0	28456	4588	0	5766	264	304	2670	812	8484	2890	39218	1372	34238	3260	7310	1264	332	0	0	534	1496	5276	8498	4584	1802	816	
244128	Cerebelum_Crus2_R	0	0	0	0	0	0	0	0	0	0	0	0	0	0	0	0	0	0	0	0	0	0	0	0	0	0	0	0	0	0	0	0	0	0	0	0	0	0	0	0	0	0	0	0	0	0	0	0	0	0	0	0	0	0	0	508	0	0	0	0	0	0	0	0	0	0	0	0	0	0	0	0	0	0	0	0	0	0	0	0	0	0	0	0	0	0	0	0	0	0	1562	26906	5766	0	0	1200	658	1262	644	4774	1204	21714	936	27290	176	3156	0	358	186	1840	1302	3276	9988	5266	1726	366	
47900	Cerebelum_3_L	0	0	0	0	0	0	0	0	0	0	0	0	0	0	0	0	0	0	0	0	0	0	0	0	0	0	0	0	0	0	0	0	0	0	0	0	0	0	0	0	0	0	0	0	0	0	370	0	0	0	0	0	0	0	166	0	0	0	0	0	0	0	0	0	0	0	0	0	0	0	0	0	0	0	0	0	0	0	0	0	0	0	0	0	0	0	0	0	0	0	3440	234	264	0	0	0	6414	122	4272	286	254	0	472	110	714	196	0	0	1590	2110	1604	478	200	158	146	350	
92148	Cerebelum_3_R	0	0	0	0	0	0	0	0	0	0	0	0	0	0	0	0	0	0	0	0	0	0	0	0	0	0	0	0	0	0	0	0	0	0	0	0	0	0	0	0	0	0	0	0	0	0	0	240	0	0	0	0	0	0	0	238	0	0	0	0	0	0	0	0	0	0	0	0	0	0	0	0	0	0	0	0	0	0	0	0	0	0	0	0	0	0	0	0	0	0	498	6130	304	1200	0	0	440	5202	624	8292	0	148	120	2474	0	1094	0	0	898	6590	1798	2570	3224	2248	1200	542	
305604	Cerebelum_4_5_L	0	0	0	0	0	0	0	0	0	0	0	0	0	0	0	0	0	0	0	0	0	0	0	0	0	0	0	0	128	0	0	0	0	0	0	0	154	0	150	0	0	0	0	0	0	0	6314	2328	0	0	0	0	0	0	10596	910	0	0	0	0	0	0	0	0	0	0	0	0	0	0	0	0	0	0	0	0	0	0	0	0	138	0	0	0	0	0	0	0	394	0	25970	3710	2670	658	6414	440	0	4840	35088	4476	2054	190	3334	708	3872	770	336	0	1978	4716	17996	5136	1696	992	782	2864	
301620	Cerebelum_4_5_R	0	0	0	0	0	0	0	0	0	0	0	0	0	0	0	0	0	0	0	0	0	0	0	0	0	0	0	0	0	0	0	0	0	0	0	0	0	196	0	1570	0	0	0	0	0	0	1516	9960	0	0	0	0	0	338	802	10348	0	0	0	0	0	0	0	0	0	0	0	194	0	0	0	0	0	0	0	0	0	0	0	0	0	0	0	0	0	0	0	0	0	182	3554	26220	812	1262	122	5202	4840	0	4628	34852	226	502	494	3304	0	926	0	0	176	4354	21872	5248	4410	1244	600	856	
486592	Cerebelum_6_L	0	0	0	0	0	0	0	0	0	0	0	0	0	0	0	0	0	0	0	0	0	0	0	0	0	0	0	0	364	0	0	0	0	0	0	0	144	0	0	0	0	0	210	0	0	0	10428	4608	0	0	748	0	1208	0	29356	1516	0	0	0	0	0	0	0	0	0	0	0	0	0	0	0	0	0	0	0	0	0	0	0	0	608	0	0	0	0	0	0	0	2196	0	62308	5362	8484	644	4272	624	35088	4628	0	5872	6200	0	9194	888	5300	1202	448	0	1382	3212	15218	12674	3220	1476	1636	2578	
461232	Cerebelum_6_R	0	0	0	0	0	0	0	0	0	0	0	0	0	0	0	0	0	0	0	0	0	0	0	0	0	0	0	0	0	0	0	0	0	0	0	0	0	412	0	378	0	0	0	0	0	0	1422	8784	0	0	0	0	0	714	426	14612	0	0	0	0	0	0	0	0	0	0	0	0	0	0	0	0	0	0	0	0	0	0	0	0	0	0	0	0	0	0	0	0	0	410	4284	57482	2890	4774	286	8292	4476	34852	5872	0	578	1780	878	6028	144	2370	0	0	882	7796	22192	19576	10890	2910	2196	2030	
265272	Cerebelum_7b_L	0	0	0	0	0	0	0	0	0	0	0	0	0	0	0	0	0	0	0	0	0	0	0	0	0	0	0	0	0	0	0	0	0	0	0	0	0	0	0	0	0	0	0	0	0	0	0	0	0	0	0	0	0	0	620	0	0	0	0	0	0	0	0	0	0	0	0	0	0	0	0	0	0	0	0	0	0	0	0	0	0	0	0	0	0	0	0	0	352	0	14238	702	39218	1204	254	0	2054	226	6200	578	0	492	40392	2702	9432	706	596	0	0	0	624	1988	3290	4858	1258	652	
137920	Cerebelum_7b_R	0	0	0	0	0	0	0	0	0	0	0	0	0	0	0	0	0	0	0	0	0	0	0	0	0	0	0	0	0	0	0	0	0	0	0	0	0	0	0	0	0	0	0	0	0	0	0	0	0	0	0	0	0	0	0	100	0	0	0	0	0	0	0	0	0	0	0	0	0	0	0	0	0	0	0	0	0	0	0	0	0	0	0	0	0	0	0	0	0	0	282	8998	1372	21714	0	148	190	502	0	1780	492	0	656	21606	196	4552	0	250	0	236	436	540	1976	2134	682	118	
315736	Cerebelum_8_L	0	0	0	0	0	0	0	0	0	0	0	0	0	0	0	0	0	0	0	0	0	0	0	0	0	0	0	0	0	0	0	0	0	0	0	0	0	0	0	0	0	0	0	0	0	0	0	260	0	0	0	0	0	0	830	0	0	0	0	0	0	0	0	0	0	0	0	0	0	0	0	0	0	0	0	0	0	0	0	0	0	0	0	0	0	0	0	0	288	0	14852	1016	34238	936	472	120	3334	494	9194	878	40392	656	0	4616	19012	2086	1694	0	128	146	1490	3606	3558	7872	3896	1804	
321052	Cerebelum_8_R	0	0	0	0	0	0	0	0	0	0	0	0	0	0	0	0	0	0	0	0	0	0	0	0	0	0	0	0	0	0	0	0	0	0	0	0	0	0	0	0	0	0	0	0	0	0	0	116	0	0	0	0	0	0	0	574	0	0	0	0	0	0	0	0	0	0	0	0	0	0	0	0	0	0	0	0	0	0	0	0	0	0	0	0	0	0	0	0	0	0	1794	18136	3260	27290	110	2474	708	3304	888	6028	2702	21606	4616	0	886	21822	0	6416	272	2784	1886	5032	9746	11614	5160	1302	
132632	Cerebelum_9_L	0	0	0	0	0	0	0	0	0	0	0	0	0	0	0	0	0	0	0	0	0	0	0	0	0	0	0	0	0	0	0	0	0	0	0	0	0	0	0	0	0	0	0	0	0	0	0	0	0	0	0	0	0	0	108	0	0	0	0	0	0	0	0	0	0	0	0	0	0	0	0	0	0	0	0	0	0	0	0	0	0	0	0	0	0	0	0	0	0	0	3004	148	7310	176	714	0	3872	0	5300	144	9432	196	19012	886	0	2724	2788	206	0	0	1512	1702	828	1574	2736	1944	
175464	Cerebelum_9_R	0	0	0	0	0	0	0	0	0	0	0	0	0	0	0	0	0	0	0	0	0	0	0	0	0	0	0	0	0	0	0	0	0	0	0	0	0	0	0	0	0	0	0	0	0	0	0	170	0	0	0	0	0	0	0	234	0	0	0	0	0	0	0	0	0	0	0	0	0	0	0	0	0	0	0	0	0	0	0	0	0	0	0	0	0	0	0	0	0	0	1092	2036	1264	3156	196	1094	770	926	1202	2370	706	4552	2086	21822	2724	0	124	7236	1244	1214	1640	6308	4580	6452	7840	4694	
13420	Cerebelum_10_L	0	0	0	0	0	0	0	0	0	0	0	0	0	0	0	0	0	0	0	0	0	0	0	0	0	0	0	0	0	0	0	0	0	0	0	0	0	0	0	0	0	0	0	0	0	0	0	0	0	0	0	0	0	0	0	0	0	0	0	0	0	0	0	0	0	0	0	0	0	0	0	0	0	0	0	0	0	0	0	0	0	0	0	0	0	0	0	0	0	0	288	0	332	0	0	0	336	0	448	0	596	0	1694	0	2788	124	0	0	0	0	104	0	0	0	0	0	
32276	Cerebelum_10_R	0	0	0	0	0	0	0	0	0	0	0	0	0	0	0	0	0	0	0	0	0	0	0	0	0	0	0	0	0	0	0	0	0	0	0	0	0	0	0	0	0	0	0	0	0	0	0	0	0	0	0	0	0	0	0	0	0	0	0	0	0	0	0	0	0	0	0	0	0	0	0	0	0	0	0	0	0	0	0	0	0	0	0	0	0	0	0	0	0	0	0	234	0	358	0	0	0	0	0	0	0	250	0	6416	206	7236	0	0	0	0	0	240	218	422	462	96	
46528	Vermis_1_2	0	0	0	0	0	0	0	0	0	0	0	0	0	0	0	0	0	0	0	0	0	0	0	0	0	0	0	0	0	0	0	0	0	0	0	0	112	0	0	0	0	0	0	0	0	0	0	0	0	0	0	0	0	0	0	0	0	0	0	0	0	0	0	0	0	0	0	0	0	0	0	0	0	0	0	0	0	0	0	0	0	0	0	0	0	0	0	0	0	0	1112	580	0	186	1590	898	1978	176	1382	882	0	0	128	272	0	1244	0	0	0	4702	2274	1436	1024	1040	1230	1018	
146480	Vermis_3	0	0	0	0	0	0	0	0	0	0	0	0	0	0	0	0	0	0	0	0	0	0	0	0	0	0	0	0	0	0	0	0	0	0	0	0	420	0	222	0	0	0	0	0	0	0	178	322	0	0	0	0	0	0	0	296	0	0	0	0	0	0	0	0	0	0	0	0	0	0	0	0	0	0	0	0	0	102	0	0	0	0	0	0	0	0	0	0	0	0	2874	6376	534	1840	2110	6590	4716	4354	3212	7796	0	236	146	2784	0	1214	0	0	4702	0	7352	4056	4878	3430	1552	948	
361108	Vermis_4_5	0	0	0	0	0	0	0	0	0	0	0	0	0	0	0	0	0	0	0	0	0	0	0	0	0	0	0	0	0	0	0	0	0	0	0	194	0	472	0	518	0	0	166	206	0	110	3834	10744	0	0	0	0	0	302	2992	5530	0	0	0	0	0	0	0	0	0	0	0	684	0	0	0	0	0	0	0	0	0	0	0	0	0	0	0	0	0	0	0	0	0	0	10260	16638	1496	1302	1604	1798	17996	21872	15218	22192	624	436	1490	1886	1512	1640	104	0	2274	7352	0	14116	5106	2284	998	4604	
