data	data	500452	138756	1.12928e+06	867016	341428	111052	527712	233704	111264	20712	234784	135908	284172	129304	304344	81364	185200	83748	729872	919432	59752	59000	352952	376340	24892	93564	32496	48720	621916	244088	377812	454292	179632	583480	145624	168324	266668	363208	37576	225072	26656	47724	199640	309320	143860	280744	129636	252928	175216	339748	421412	284760	67044	53268	328256	464248	240116	122844	141432	92256	170148	99348	70100	113904	139120	106572	228896	321904	299568	163852	283556	447956	452940	388216	80500	31264	187636	189824	89704	23328	142100	80676	89692	37868	256556	177620	16208	9864	218100	118392	384560	339368	340196	248004	27412	56604	185976	144084	366284	315940	289152	125656	286252	230564	94260	85548	34828	5676	11132	36276	133536	151828	176564	89944	72424	22144	
data	data	Precentral_L	Precentral_R	Frontal_Sup_L	Frontal_Sup_R	Frontal_Sup_Orb_L	Frontal_Sup_Orb_R	Frontal_Mid_L	Frontal_Mid_R	Frontal_Mid_Orb_L	Frontal_Mid_Orb_R	Frontal_Inf_Oper_L	Frontal_Inf_Oper_R	Frontal_Inf_Tri_L	Frontal_Inf_Tri_R	Frontal_Inf_Orb_L	Frontal_Inf_Orb_R	Rolandic_Oper_L	Rolandic_Oper_R	Supp_Motor_Area_L	Supp_Motor_Area_R	Olfactory_L	Olfactory_R	Frontal_Sup_Medial_L	Frontal_Sup_Medial_R	Frontal_Med_Orb_L	Frontal_Med_Orb_R	Rectus_L	Rectus_R	Insula_L	Insula_R	Cingulum_Ant_L	Cingulum_Ant_R	Cingulum_Mid_L	Cingulum_Mid_R	Cingulum_Post_L	Cingulum_Post_R	Hippocampus_L	Hippocampus_R	ParaHippocampal_L	ParaHippocampal_R	Amygdala_L	Amygdala_R	Calcarine_L	Calcarine_R	Cuneus_L	Cuneus_R	Lingual_L	Lingual_R	Occipital_Sup_L	Occipital_Sup_R	Occipital_Mid_L	Occipital_Mid_R	Occipital_Inf_L	Occipital_Inf_R	Fusiform_L	Fusiform_R	Postcentral_L	Postcentral_R	Parietal_Sup_L	Parietal_Sup_R	Parietal_Inf_L	Parietal_Inf_R	SupraMarginal_L	SupraMarginal_R	Angular_L	Angular_R	Precuneus_L	Precuneus_R	Paracentral_Lobule_L	Paracentral_Lobule_R	Caudate_L	Caudate_R	Putamen_L	Putamen_R	Pallidum_L	Pallidum_R	Thalamus_L	Thalamus_R	Heschl_L	Heschl_R	Temporal_Sup_L	Temporal_Sup_R	Temporal_Pole_Sup_L	Temporal_Pole_Sup_R	Temporal_Mid_L	Temporal_Mid_R	Temporal_Pole_Mid_L	Temporal_Pole_Mid_R	Temporal_Inf_L	Temporal_Inf_R	Cerebelum_Crus1_L	Cerebelum_Crus1_R	Cerebelum_Crus2_L	Cerebelum_Crus2_R	Cerebelum_3_L	Cerebelum_3_R	Cerebelum_4_5_L	Cerebelum_4_5_R	Cerebelum_6_L	Cerebelum_6_R	Cerebelum_7b_L	Cerebelum_7b_R	Cerebelum_8_L	Cerebelum_8_R	Cerebelum_9_L	Cerebelum_9_R	Cerebelum_10_L	Cerebelum_10_R	Vermis_1_2	Vermis_3	Vermis_4_5	Vermis_6	Vermis_7	Vermis_8	Vermis_9	Vermis_10	
500452	Precentral_L	0	100	25192	4862	1626	0	16742	0	466	0	10502	0	1816	0	1102	0	5770	0	21984	15734	0	0	134	0	0	0	0	0	9212	0	1848	124	1052	9024	776	296	12830	624	360	198	0	0	334	0	0	0	0	0	0	0	714	0	0	0	1006	120	18764	0	178	0	572	0	376	0	0	0	388	0	24640	1084	3170	1966	7926	164	5662	0	32934	2744	2190	0	854	0	210	0	976	0	0	0	880	0	0	0	0	0	0	0	0	0	0	0	0	0	0	0	0	0	0	0	0	0	0	0	0	0	0	0	
138756	Precentral_R	100	0	206	5784	0	0	0	7928	0	0	0	6738	0	248	0	0	0	1364	968	1472	0	0	0	0	0	0	0	0	0	1046	0	126	208	874	708	1228	0	1560	0	890	0	134	0	380	0	1700	0	164	0	1898	0	1264	0	0	262	1764	108	12068	0	932	0	1302	0	1460	0	570	0	2816	792	4194	0	576	0	1442	0	0	0	1902	0	176	0	226	0	0	0	1260	0	0	0	540	0	0	0	0	0	0	0	0	0	0	0	0	0	0	0	0	0	0	0	0	0	0	0	0	0	0	
1.12928e+06	Frontal_Sup_L	25192	206	0	20430	32182	0	83688	0	7034	0	14984	0	25102	0	22816	0	7658	0	76960	28488	0	0	44404	5534	672	0	0	0	43348	0	23624	4210	7804	10528	104	124	4912	98	0	0	0	0	0	0	0	0	0	0	0	0	0	0	0	0	826	0	1694	0	0	0	0	0	0	0	0	0	0	0	9648	278	11064	4392	26318	516	6444	442	6626	2014	310	0	1624	0	2120	0	0	0	0	0	220	0	0	0	0	0	0	0	0	0	0	0	0	0	0	0	0	0	0	0	0	0	0	0	0	0	0	0	
867016	Frontal_Sup_R	4862	5784	20430	0	1438	5466	1644	21766	252	256	138	5128	0	3156	976	2122	0	1870	23138	88054	0	0	12004	46862	0	3866	0	716	1496	6434	8132	36780	1928	28392	0	0	266	6214	0	1580	0	224	0	0	0	240	0	0	0	310	0	222	0	0	0	1134	0	2438	0	242	0	200	0	106	0	0	0	488	2348	0	9526	30636	2884	16946	326	1054	708	21894	0	150	0	108	0	174	0	0	0	0	0	0	0	0	0	0	0	0	0	0	0	0	0	0	0	0	0	0	0	0	0	0	0	0	0	0	0	0	
341428	Frontal_Sup_Orb_L	1626	0	32182	1438	0	0	13586	0	15998	0	4736	0	5706	0	24664	0	1262	0	5410	1524	1090	0	4718	256	2184	0	4214	0	22262	0	4014	182	0	448	0	0	1254	0	0	0	0	0	0	0	0	0	0	0	0	0	0	0	0	0	162	0	0	0	0	0	0	0	0	0	0	0	0	0	0	0	680	102	18772	0	526	0	604	0	0	0	294	0	820	0	0	0	0	0	0	0	0	0	0	0	0	0	0	0	0	0	0	0	0	0	0	0	0	0	0	0	0	0	0	0	0	0	
111052	Frontal_Sup_Orb_R	0	0	0	5466	0	0	0	2644	0	4166	0	0	0	288	0	4452	0	0	0	2454	0	570	98	4722	0	7326	0	7798	0	892	0	3434	0	510	0	0	0	0	0	0	0	0	0	0	0	0	0	0	0	0	0	0	0	0	0	0	0	0	0	0	0	0	0	0	0	0	0	0	0	0	270	6072	0	4256	0	108	0	0	0	0	0	0	0	0	0	0	0	0	0	0	0	0	0	0	0	0	0	0	0	0	0	0	0	0	0	0	0	0	0	0	0	0	0	0	0	0	
527712	Frontal_Mid_L	16742	0	83688	1644	13586	0	0	0	3938	0	11250	0	32254	0	16810	0	802	0	8706	2550	0	0	15094	370	0	0	0	0	20982	0	7434	480	5366	548	102	304	2920	450	166	0	0	0	0	0	0	0	0	0	0	0	0	0	0	0	282	0	374	0	0	0	0	0	0	0	0	0	0	0	160	0	136	308	10016	0	798	0	3180	1070	400	0	272	0	674	0	0	0	0	0	0	0	0	0	0	0	0	0	0	0	0	0	0	0	0	0	0	0	0	0	0	0	0	0	0	0	0	0	
233704	Frontal_Mid_R	0	7928	0	21766	0	2644	0	0	0	958	0	10652	0	18704	0	3818	0	2192	376	3664	0	0	260	2762	0	354	0	92	0	9992	0	1014	0	1360	0	0	0	5672	0	2150	0	0	0	0	0	438	0	0	0	354	0	128	0	0	0	2036	0	1710	0	438	0	654	0	604	0	368	0	730	0	0	0	916	0	11314	0	164	0	334	0	0	0	0	0	216	0	90	0	0	0	0	0	0	0	0	0	0	0	0	0	0	0	0	0	0	0	0	0	0	0	0	0	0	0	0	0	0	
111264	Frontal_Mid_Orb_L	466	0	7034	252	15998	0	3938	0	0	0	180	0	1442	0	14790	0	0	0	1148	324	92	0	108	0	686	0	2634	0	2808	0	114	0	0	0	0	0	358	0	0	0	0	0	0	0	0	0	0	0	0	0	0	0	0	0	0	0	0	0	0	0	0	0	0	0	0	0	0	0	0	0	116	0	2712	0	248	0	184	0	0	0	0	0	0	0	0	0	0	0	0	0	0	0	0	0	0	0	0	0	0	0	0	0	0	0	0	0	0	0	0	0	0	0	0	0	0	0	
20712	Frontal_Mid_Orb_R	0	0	0	256	0	4166	0	958	0	0	0	0	0	460	0	2978	0	0	0	450	0	0	0	0	0	0	0	0	0	236	0	0	0	388	0	0	0	0	0	0	0	0	0	0	0	0	0	0	0	0	0	0	0	0	0	0	0	0	0	0	0	0	0	0	0	0	0	0	0	0	0	0	0	464	0	0	0	0	0	0	0	0	0	0	0	0	0	0	0	0	0	0	0	0	0	0	0	0	0	0	0	0	0	0	0	0	0	0	0	0	0	0	0	0	0	0	
234784	Frontal_Inf_Oper_L	10502	0	14984	138	4736	0	11250	0	180	0	0	0	19608	0	1428	0	10016	0	5122	190	0	0	1224	0	0	0	0	0	19324	0	4260	124	0	0	0	0	556	0	0	0	0	0	0	0	0	0	0	0	0	0	0	0	0	0	0	0	4804	0	0	0	0	0	0	0	0	0	0	0	0	0	246	0	1842	0	100	0	250	0	108	0	2246	0	4154	0	0	0	0	0	0	0	0	0	0	0	0	0	0	0	0	0	0	0	0	0	0	0	0	0	0	0	0	0	0	0	0	0	
135908	Frontal_Inf_Oper_R	0	6738	0	5128	0	0	0	10652	0	0	0	0	0	7926	0	632	0	5646	0	1616	0	0	0	598	0	0	0	0	0	12016	0	764	0	514	0	0	0	1070	0	358	0	0	0	176	0	978	0	0	0	980	0	556	0	0	0	456	0	1130	0	944	0	734	0	596	0	472	0	1706	0	0	0	350	0	3378	0	250	0	288	0	148	0	202	0	750	0	202	0	0	0	0	0	0	0	0	0	0	0	0	0	0	0	0	0	0	0	0	0	0	0	0	0	0	0	0	0	0	
284172	Frontal_Inf_Tri_L	1816	0	25102	0	5706	0	32254	0	1442	0	19608	0	0	0	16984	0	2066	0	2860	0	0	0	2216	0	0	0	0	0	24812	0	3250	0	654	0	0	0	110	0	0	0	0	0	0	0	0	0	0	0	0	0	0	0	0	0	0	0	474	0	0	0	0	0	0	0	0	0	0	0	0	0	0	0	1058	0	0	0	0	0	0	0	428	0	1246	0	0	0	0	0	0	0	0	0	0	0	0	0	0	0	0	0	0	0	0	0	0	0	0	0	0	0	0	0	0	0	0	0	
129304	Frontal_Inf_Tri_R	0	248	0	3156	0	288	0	18704	0	460	0	7926	0	0	0	4852	0	1408	0	1300	0	0	172	652	0	0	0	0	0	12510	0	508	0	1232	0	0	0	2374	0	1122	0	0	0	0	0	0	0	0	0	0	0	0	0	0	0	1142	0	0	0	0	0	0	0	0	0	0	0	0	0	0	0	140	0	6260	0	0	0	0	0	0	0	0	0	198	0	0	0	0	0	0	0	0	0	0	0	0	0	0	0	0	0	0	0	0	0	0	0	0	0	0	0	0	0	0	0	0	
304344	Frontal_Inf_Orb_L	1102	0	22816	976	24664	0	16810	0	14790	0	1428	0	16984	0	0	0	434	0	2100	1126	846	0	1138	0	0	0	798	0	27786	0	474	0	530	220	0	0	1160	0	0	0	164	0	0	0	0	0	0	0	0	0	0	0	0	0	180	0	0	0	0	0	0	0	0	0	0	0	0	0	0	0	0	0	13966	0	324	0	354	0	0	0	138	0	864	0	0	0	0	0	0	0	0	0	0	0	0	0	0	0	0	0	0	0	0	0	0	0	0	0	0	0	0	0	0	0	0	0	
81364	Frontal_Inf_Orb_R	0	0	0	2122	0	4452	0	3818	0	2978	0	632	0	4852	0	0	0	144	0	3058	0	834	90	148	0	0	0	1472	0	7124	0	160	0	2920	0	0	0	262	0	114	0	552	0	0	0	0	0	0	0	0	0	0	0	0	0	98	0	0	0	0	0	0	0	0	0	0	0	0	0	0	0	658	0	3270	0	0	0	0	0	0	0	252	0	490	0	182	0	0	0	0	0	0	0	0	0	0	0	0	0	0	0	0	0	0	0	0	0	0	0	0	0	0	0	0	0	0	
185200	Rolandic_Oper_L	5770	0	7658	0	1262	0	802	0	0	0	10016	0	2066	0	434	0	0	0	5588	0	0	0	0	0	0	0	0	0	20810	0	530	0	182	0	0	0	666	0	0	0	0	0	0	0	0	0	0	0	0	0	3116	0	0	0	550	0	9056	0	1958	0	532	0	1078	0	132	0	1156	0	0	0	276	0	712	0	0	0	244	0	3460	0	7082	0	4784	0	2110	0	0	0	570	0	0	0	0	0	0	0	0	0	0	0	0	0	0	0	0	0	0	0	0	0	0	0	0	0	0	0	
83748	Rolandic_Oper_R	0	1364	0	1870	0	0	0	2192	0	0	0	5646	0	1408	0	144	0	0	0	580	0	0	0	0	0	0	0	0	0	12222	0	126	0	174	0	0	0	1650	0	408	0	0	0	0	0	246	0	0	0	310	0	204	0	0	0	934	0	2892	0	0	0	0	0	1130	0	0	0	286	0	0	0	98	0	3344	0	104	0	0	0	2148	0	1150	0	674	0	450	0	0	0	120	0	0	0	0	0	0	0	0	0	0	0	0	0	0	0	0	0	0	0	0	0	0	0	0	0	0	
729872	Supp_Motor_Area_L	21984	968	76960	23138	5410	0	8706	376	1148	0	5122	0	2860	0	2100	0	5588	0	0	51006	0	0	6820	1804	140	0	0	0	14382	94	9202	3352	7594	25284	594	316	4902	420	0	120	0	0	0	0	0	0	0	0	0	0	0	0	0	0	1942	120	1682	0	0	0	0	0	0	0	0	0	346	92	17544	3534	16914	6396	19626	642	5978	360	4252	1922	228	0	1232	0	842	0	96	0	0	0	626	0	0	0	0	0	0	0	0	0	172	0	0	0	0	0	0	0	0	0	0	0	0	0	0	0	0	0	
919432	Supp_Motor_Area_R	15734	1472	28488	88054	1524	2454	2550	3664	324	450	190	1616	0	1300	1126	3058	0	580	51006	0	0	0	2314	11970	0	1726	0	370	1800	3508	5588	20272	7060	67928	1234	1828	352	4258	0	1498	0	110	0	0	0	0	0	132	0	0	0	0	0	0	0	1330	230	1970	0	0	0	236	0	176	0	0	130	638	21914	15628	9454	30382	3596	8870	508	422	2532	26026	0	0	0	0	0	136	0	0	0	0	0	0	0	0	0	0	0	0	0	0	0	0	0	0	0	0	0	0	0	0	0	0	0	0	0	0	0	0	
59752	Olfactory_L	0	0	0	0	1090	0	0	0	92	0	0	0	0	0	846	0	0	0	0	0	0	4758	0	0	166	0	1140	0	1356	0	3290	1358	0	0	0	0	312	0	0	0	290	0	0	0	0	0	0	0	0	0	0	0	0	0	0	0	0	0	0	0	0	0	0	0	0	0	0	0	0	0	6422	3388	4374	994	0	0	0	0	0	0	0	0	0	0	0	0	0	0	0	0	0	0	0	0	0	0	0	0	0	0	0	0	0	0	0	0	0	0	0	0	0	0	0	0	0	0	
59000	Olfactory_R	0	0	0	0	0	570	0	0	0	0	0	0	0	0	0	834	0	0	0	0	4758	0	0	0	0	514	486	1210	0	1446	2000	1854	0	0	0	0	0	180	0	0	0	824	0	0	0	0	0	0	0	0	0	0	0	0	0	0	0	0	0	0	0	0	0	0	0	0	0	0	0	0	5738	4590	3034	1112	256	94	0	0	0	0	0	0	0	0	0	0	0	0	0	0	0	0	0	0	0	0	0	0	0	0	0	0	0	0	0	0	0	0	0	0	0	0	0	0	0	0	
352952	Frontal_Sup_Medial_L	134	0	44404	12004	4718	98	15094	260	108	0	1224	0	2216	172	1138	90	0	0	6820	2314	0	0	0	24646	888	572	96	0	1488	256	21752	12630	8736	10750	0	198	0	0	0	0	0	0	0	0	0	0	0	0	0	0	0	0	0	0	0	0	0	0	0	0	0	0	0	0	0	0	0	0	0	0	610	258	2584	218	0	0	0	0	0	0	0	0	0	0	0	0	0	0	0	0	0	0	0	0	0	0	0	0	0	0	0	0	0	0	0	0	0	0	0	0	0	0	0	0	0	0	
376340	Frontal_Sup_Medial_R	0	0	5534	46862	256	4722	370	2762	0	0	0	598	0	652	0	148	0	0	1804	11970	0	0	24646	0	122	5636	0	960	0	696	5150	33170	1066	16560	0	0	0	618	0	336	0	0	0	0	0	0	0	0	0	0	0	0	0	0	0	258	0	0	0	0	0	0	0	0	0	0	0	0	0	0	480	13754	0	8260	0	648	0	132	0	0	0	0	0	0	0	0	0	0	0	0	0	0	0	0	0	0	0	0	0	0	0	0	0	0	0	0	0	0	0	0	0	0	0	0	0	0	
24892	Frontal_Med_Orb_L	0	0	672	0	2184	0	0	0	686	0	0	0	0	0	0	0	0	0	140	0	166	0	888	122	0	232	1906	0	0	0	3102	0	0	0	0	0	0	0	0	0	0	0	0	0	0	0	0	0	0	0	0	0	0	0	0	0	0	0	0	0	0	0	0	0	0	0	0	0	0	0	690	0	1658	0	0	0	0	0	0	0	0	0	0	0	0	0	0	0	0	0	0	0	0	0	0	0	0	0	0	0	0	0	0	0	0	0	0	0	0	0	0	0	0	0	0	0	
93564	Frontal_Med_Orb_R	0	0	0	3866	0	7326	0	354	0	0	0	0	0	0	0	0	0	0	0	1726	0	514	572	5636	232	0	0	6008	0	0	1306	6266	0	316	0	0	0	0	0	0	0	0	0	0	0	0	0	0	0	0	0	0	0	0	0	0	0	0	0	0	0	0	0	0	0	0	0	0	0	0	0	7326	0	5334	0	0	0	0	0	0	0	0	0	0	0	0	0	0	0	0	0	0	0	0	0	0	0	0	0	0	0	0	0	0	0	0	0	0	0	0	0	0	0	0	0	0	
32496	Rectus_L	0	0	0	0	4214	0	0	0	2634	0	0	0	0	0	798	0	0	0	0	0	1140	486	96	0	1906	0	0	0	424	0	2002	0	0	0	0	0	0	0	0	0	0	0	0	0	0	0	0	0	0	0	0	0	0	0	0	0	0	0	0	0	0	0	0	0	0	0	0	0	0	0	1510	0	1038	0	0	0	0	0	0	0	0	0	0	0	0	0	0	0	0	0	0	0	0	0	0	0	0	0	0	0	0	0	0	0	0	0	0	0	0	0	0	0	0	0	0	0	
48720	Rectus_R	0	0	0	716	0	7798	0	92	0	0	0	0	0	0	0	1472	0	0	0	370	0	1210	0	960	0	6008	0	0	0	418	420	1952	0	0	0	0	0	0	0	0	0	0	0	0	0	0	0	0	0	0	0	0	0	0	0	0	0	0	0	0	0	0	0	0	0	0	0	0	0	0	0	2414	0	530	0	0	0	0	0	0	0	0	0	0	0	0	0	0	0	0	0	0	0	0	0	0	0	0	0	0	0	0	0	0	0	0	0	0	0	0	0	0	0	0	0	0	
621916	Insula_L	9212	0	43348	1496	22262	0	20982	0	2808	0	19324	0	24812	0	27786	0	20810	0	14382	1800	1356	0	1488	0	0	0	424	0	0	0	3024	0	416	322	194	292	16724	418	238	100	1634	0	248	0	0	0	0	0	0	0	1294	0	0	0	6778	0	6956	0	430	0	252	0	226	0	0	0	328	0	102	0	612	100	22102	0	474	0	2554	212	8366	0	7038	0	6716	0	4580	0	124	0	4862	0	0	0	0	0	0	0	0	0	952	0	0	0	0	0	0	0	0	0	0	0	0	0	0	0	0	0	
244088	Insula_R	0	1046	0	6434	0	892	0	9992	0	236	0	12016	0	12510	0	7124	0	12222	94	3508	0	1446	256	696	0	0	0	418	0	0	0	374	0	2090	0	0	0	9560	0	2626	0	2326	0	0	0	0	0	0	0	0	0	110	0	0	0	4770	0	758	0	0	0	0	0	206	0	138	0	0	0	0	0	310	0	17208	0	116	0	752	0	3160	0	4936	0	1458	0	1736	0	0	0	520	0	0	0	0	0	0	0	0	0	0	0	0	0	0	0	0	0	0	0	0	0	0	0	0	0	0	
377812	Cingulum_Ant_L	1848	0	23624	8132	4014	0	7434	0	114	0	4260	0	3250	0	474	0	530	0	9202	5588	3290	2000	21752	5150	3102	1306	2002	420	3024	0	0	21674	8166	5204	226	0	480	0	0	0	0	0	0	0	0	0	0	0	0	0	0	0	0	0	0	0	90	0	0	0	0	0	0	0	0	0	90	0	260	0	14240	7810	16018	3004	118	306	244	0	0	0	326	0	134	0	0	0	0	0	0	0	0	0	0	0	0	0	0	0	0	0	0	0	0	0	0	0	0	0	0	0	0	0	0	0	0	0	
454292	Cingulum_Ant_R	124	126	4210	36780	182	3434	480	1014	0	0	124	764	0	508	0	160	0	126	3352	20272	1358	1854	12630	33170	0	6266	0	1952	0	374	21674	0	3162	28070	0	288	0	746	0	310	0	0	0	0	0	0	0	0	0	0	0	0	0	0	0	224	0	0	0	0	0	0	0	0	0	0	0	0	0	90	3384	24342	2440	11958	0	954	90	154	0	0	0	0	0	0	0	0	0	0	0	0	0	0	0	0	0	0	0	0	0	0	0	0	0	0	0	0	0	0	0	0	0	0	0	0	0	0	
179632	Cingulum_Mid_L	1052	208	7804	1928	0	0	5366	0	0	0	0	0	654	0	530	0	182	0	7594	7060	0	0	8736	1066	0	0	0	0	416	0	8166	3162	0	11880	3836	796	0	258	0	0	0	0	200	158	536	0	0	0	1040	0	2070	0	172	0	242	0	218	0	542	0	276	0	0	0	340	0	3322	558	6776	1770	0	166	0	0	0	0	110	90	0	0	0	0	0	0	404	0	0	0	132	0	0	0	0	0	0	0	0	0	0	0	0	0	0	0	0	0	0	0	0	0	0	0	0	0	0	0	
583480	Cingulum_Mid_R	9024	874	10528	28392	448	510	548	1360	0	388	0	514	0	1232	220	2920	0	174	25284	67928	0	0	10750	16560	0	316	0	0	322	2090	5204	28070	11880	0	1662	5534	0	494	0	210	0	0	0	1054	0	602	0	354	0	238	0	100	0	0	0	470	154	272	0	0	0	0	0	0	0	0	274	4200	16890	13912	2588	9574	1552	3258	0	148	624	1948	0	0	0	0	0	0	0	92	0	0	0	0	0	0	0	0	0	0	0	0	0	0	0	0	0	0	0	0	0	0	0	0	0	0	0	0	0	0	
145624	Cingulum_Post_L	776	708	104	0	0	0	102	0	0	0	0	0	0	0	0	0	0	0	594	1234	0	0	0	0	0	0	0	0	194	0	226	0	3836	1662	0	11136	3894	6840	688	4532	0	0	5372	0	1340	0	872	100	784	0	998	0	0	0	3924	4190	1018	0	0	0	0	0	0	0	0	0	8528	1286	4478	1510	0	0	0	0	0	0	0	318	192	0	0	0	0	0	504	322	0	0	456	94	0	0	0	0	0	0	0	0	0	0	0	0	0	0	0	0	0	0	0	0	0	0	0	0	0	0	
168324	Cingulum_Post_R	296	1228	124	0	0	0	304	0	0	0	0	0	0	0	0	0	0	0	316	1828	0	0	198	0	0	0	0	0	292	0	0	288	796	5534	11136	0	3354	8712	532	6152	0	0	1598	4156	226	406	0	4432	0	320	0	726	0	108	2478	7532	0	444	0	0	0	0	0	0	0	0	1842	10660	108	2358	0	108	0	0	0	0	360	618	332	0	0	0	0	0	0	1700	0	0	0	1152	0	0	0	0	0	0	0	142	0	0	0	0	0	0	0	0	0	0	0	0	1266	0	0	0	0	0	
266668	Hippocampus_L	12830	0	4912	266	1254	0	2920	0	358	0	556	0	110	0	1160	0	666	0	4902	352	312	0	0	0	0	0	0	0	16724	0	480	0	0	0	3894	3354	0	3522	5624	1212	5780	0	1768	0	0	0	1736	0	0	0	98	0	0	0	12370	584	1296	0	0	0	0	0	90	0	0	0	1888	100	1498	0	102	0	9112	0	1514	0	7456	928	3160	0	3138	0	2292	0	2374	0	308	0	8964	0	0	0	0	0	0	0	152	0	1218	0	0	0	0	0	0	0	0	0	0	0	0	0	0	0	0	0	
363208	Hippocampus_R	624	1560	98	6214	0	0	450	5672	0	0	0	1070	0	2374	0	262	0	1650	420	4258	0	180	0	618	0	0	0	0	418	9560	0	746	258	494	6840	8712	3522	0	708	29992	0	7720	1418	136	160	0	0	1300	0	0	0	90	0	0	1794	34066	198	574	0	0	0	0	0	0	0	0	862	2252	732	1208	0	1120	0	25432	0	1400	996	5326	400	350	0	976	0	1636	0	618	0	90	0	3112	0	0	0	0	0	0	0	310	0	0	0	0	0	0	0	0	0	0	0	0	628	0	0	0	0	0	
37576	ParaHippocampal_L	360	0	0	0	0	0	166	0	0	0	0	0	0	0	0	0	0	0	0	0	0	0	0	0	0	0	0	0	238	0	0	0	0	0	688	532	5624	708	0	168	680	0	522	0	0	0	2106	0	0	0	474	0	264	0	3704	0	0	0	0	0	0	0	0	0	0	0	544	0	0	0	0	0	348	0	0	0	382	134	0	0	0	0	102	0	186	0	0	0	200	0	0	0	0	0	90	0	428	0	140	0	0	0	0	0	0	0	0	0	0	0	0	0	0	0	0	0	
225072	ParaHippocampal_R	198	890	0	1580	0	0	0	2150	0	0	0	358	0	1122	0	114	0	408	120	1498	0	0	0	336	0	0	0	0	100	2626	0	310	0	210	4532	6152	1212	29992	168	0	0	3434	1356	344	166	0	0	1308	0	0	0	168	0	0	1930	28842	172	102	0	0	0	0	0	0	0	0	690	2324	474	826	0	126	0	10692	0	742	220	824	0	0	0	338	0	1352	0	192	0	556	0	714	0	0	0	0	0	0	0	426	0	0	0	0	0	0	0	0	0	0	0	0	142	0	0	0	0	0	
26656	Amygdala_L	0	0	0	0	0	0	0	0	0	0	0	0	0	0	164	0	0	0	0	0	290	0	0	0	0	0	0	0	1634	0	0	0	0	0	0	0	5780	0	680	0	0	0	0	0	0	0	0	0	0	0	0	0	0	0	2352	0	0	0	0	0	0	0	0	0	0	0	0	0	0	0	0	0	356	0	0	0	0	0	0	0	0	0	828	0	0	0	146	0	1098	0	0	0	0	0	0	0	0	0	0	0	0	0	0	0	0	0	0	0	0	0	0	0	0	0	0	0	
47724	Amygdala_R	0	134	0	224	0	0	0	0	0	0	0	0	0	0	0	552	0	0	0	110	0	824	0	0	0	0	0	0	0	2326	0	0	0	0	0	0	0	7720	0	3434	0	0	0	0	0	0	0	0	0	0	0	0	0	0	0	5226	0	0	0	0	0	0	0	0	0	0	0	0	0	0	0	0	0	636	0	0	0	118	0	0	0	0	0	1582	0	0	0	130	0	846	0	0	0	0	0	0	0	0	0	0	0	0	0	0	0	0	0	0	0	0	0	0	0	0	0	0	
199640	Calcarine_L	334	0	0	0	0	0	0	0	0	0	0	0	0	0	0	0	0	0	0	0	0	0	0	0	0	0	0	0	248	0	0	0	200	0	5372	1598	1768	1418	522	1356	0	0	0	10328	9138	4868	7988	5866	6490	2972	8268	1434	626	562	8308	2094	352	0	302	0	0	0	0	0	0	0	12850	1024	608	0	0	0	0	0	0	0	0	0	0	0	0	0	0	0	1610	104	0	0	1212	0	0	0	0	0	0	0	0	0	0	0	0	0	0	0	0	0	0	0	0	0	0	0	0	0	0	0	
309320	Calcarine_R	0	380	0	0	0	0	0	0	0	0	0	176	0	0	0	0	0	0	0	0	0	0	0	0	0	0	0	0	0	0	0	0	158	1054	0	4156	0	136	0	344	0	0	10328	0	2246	24688	258	25418	0	25186	0	15472	0	4102	0	11060	0	222	0	366	0	300	0	502	0	330	864	19880	0	2342	0	0	0	0	0	0	0	0	0	0	0	0	0	0	0	2706	0	0	0	1708	0	0	0	0	0	0	0	0	0	142	0	0	0	0	0	0	0	0	0	0	0	136	0	0	0	0	
143860	Cuneus_L	0	0	0	0	0	0	0	0	0	0	0	0	0	0	0	0	0	0	0	0	0	0	0	0	0	0	0	0	0	0	0	0	536	0	1340	226	0	160	0	166	0	0	9138	2246	0	3858	796	162	20670	1138	11112	184	424	0	1260	238	126	0	3714	0	0	0	0	0	0	0	11496	618	1232	0	0	0	0	0	0	0	0	0	0	0	0	0	0	0	838	0	0	0	252	0	0	0	0	0	0	0	0	0	0	0	0	0	0	0	0	0	0	0	0	0	0	0	0	0	0	0	
280744	Cuneus_R	0	1700	0	240	0	0	0	438	0	0	0	978	0	0	0	0	0	246	0	0	0	0	0	0	0	0	0	0	0	0	0	0	0	602	0	406	0	0	0	0	0	0	4868	24688	3858	0	0	7350	0	37538	0	17430	0	594	0	2240	0	1842	0	3146	0	476	0	2108	0	308	2580	22780	0	2808	0	0	0	0	0	0	0	0	0	0	0	222	0	0	0	764	0	0	0	162	0	0	0	0	0	0	0	0	0	0	0	0	0	0	0	0	0	0	0	0	0	0	0	0	0	0	
129636	Lingual_L	0	0	0	0	0	0	0	0	0	0	0	0	0	0	0	0	0	0	0	0	0	0	0	0	0	0	0	0	0	0	0	0	0	0	872	0	1736	0	2106	0	0	0	7988	258	796	0	0	758	3696	0	11882	0	3452	0	12640	200	0	0	0	0	0	0	0	0	0	0	2018	0	0	0	0	0	0	0	0	0	0	0	0	0	0	0	0	0	152	0	0	0	0	0	3216	0	558	0	0	0	3498	0	6298	230	0	0	0	0	0	0	0	0	0	0	712	1230	522	0	0	0	
252928	Lingual_R	0	164	0	0	0	0	0	0	0	0	0	0	0	0	0	0	0	0	0	132	0	0	0	0	0	0	0	0	0	0	0	0	0	354	100	4432	0	1300	0	1308	0	0	5866	25418	162	7350	758	0	0	10390	0	9206	0	4280	312	15530	0	112	0	0	0	132	0	178	0	238	210	7734	0	236	0	0	0	0	0	0	0	242	0	0	0	0	0	0	0	1516	0	0	0	542	1570	3820	374	354	0	136	302	3060	1958	7826	0	0	0	0	0	0	0	0	0	286	3166	4210	1200	0	0	0	
175216	Occipital_Sup_L	0	0	0	0	0	0	0	0	0	0	0	0	0	0	0	0	0	0	0	0	0	0	0	0	0	0	0	0	0	0	0	0	1040	0	784	0	0	0	0	0	0	0	6490	0	20670	0	3696	0	0	0	25458	0	1212	0	1228	0	386	0	9352	0	1806	0	0	0	1392	0	11266	0	1008	0	0	0	0	0	0	0	0	0	0	0	0	0	0	0	1820	0	0	0	0	0	0	0	0	0	0	0	0	0	0	0	0	0	0	0	0	0	0	0	0	0	0	0	0	0	0	0	
339748	Occipital_Sup_R	0	1898	0	310	0	0	0	354	0	0	0	980	0	0	0	0	0	310	0	0	0	0	0	0	0	0	0	0	0	0	0	0	0	238	0	320	0	0	0	0	0	0	2972	25186	1138	37538	0	10390	0	0	0	32552	0	1166	0	4490	0	3008	0	7348	0	2506	0	3356	0	4104	1494	22274	0	3410	0	0	0	0	0	0	0	0	0	0	0	376	0	0	0	1748	0	0	0	408	0	0	0	0	0	0	0	0	0	0	0	0	0	0	0	0	0	0	0	0	0	0	0	0	0	0	
421412	Occipital_Mid_L	714	0	0	0	0	0	0	0	0	0	0	0	0	0	0	0	3116	0	0	0	0	0	0	0	0	0	0	0	1294	0	0	0	2070	0	998	0	98	0	474	0	0	0	8268	0	11112	0	11882	0	25458	0	0	0	13836	0	7078	0	10184	0	18098	0	16860	0	1118	0	22700	0	13454	0	2884	0	0	0	0	0	0	0	0	0	1076	0	824	0	0	0	26608	0	0	0	10502	0	0	0	0	0	0	0	0	0	0	0	0	0	0	0	0	0	0	0	0	0	0	0	0	0	0	0	
284760	Occipital_Mid_R	0	1264	0	222	0	0	0	128	0	0	0	556	0	0	0	0	0	204	0	0	0	0	0	0	0	0	0	0	0	110	0	0	0	100	0	726	0	90	0	168	0	0	1434	15472	184	17430	0	9206	0	32552	0	0	0	3932	0	8196	0	2226	0	4746	0	2252	0	3154	0	11612	366	12084	0	2554	0	0	0	0	0	0	0	0	0	0	0	1158	0	0	0	8468	0	0	0	1570	0	0	0	0	0	0	0	0	0	114	0	0	0	0	0	0	0	0	0	0	0	102	0	0	0	0	
67044	Occipital_Inf_L	0	0	0	0	0	0	0	0	0	0	0	0	0	0	0	0	0	0	0	0	0	0	0	0	0	0	0	0	0	0	0	0	172	0	0	0	0	0	264	0	0	0	626	0	424	0	3452	0	1212	0	13836	0	0	0	7498	0	0	0	0	0	0	0	0	0	164	0	294	0	168	0	0	0	0	0	0	0	0	0	0	0	0	0	0	0	3540	0	0	0	1872	0	0	0	0	0	0	0	0	0	0	0	0	0	0	0	0	0	0	0	0	0	0	0	0	0	0	0	
53268	Occipital_Inf_R	0	0	0	0	0	0	0	0	0	0	0	0	0	0	0	0	0	0	0	0	0	0	0	0	0	0	0	0	0	0	0	0	0	0	0	108	0	0	0	0	0	0	562	4102	0	594	0	4280	0	1166	0	3932	0	0	0	8168	0	0	0	0	0	0	0	0	0	0	0	754	0	0	0	0	0	0	0	0	0	0	0	0	0	0	0	0	0	838	0	0	0	1862	0	0	0	0	0	0	0	0	0	150	0	0	0	0	0	0	0	0	0	0	0	118	0	0	0	0	
328256	Fusiform_L	1006	262	826	0	162	0	282	0	0	0	0	0	0	0	180	0	550	0	1942	0	0	0	0	0	0	0	0	0	6778	0	0	0	242	0	3924	2478	12370	1794	3704	1930	2352	0	8308	0	1260	0	12640	312	1228	0	7078	0	7498	0	0	2316	828	0	0	0	0	0	0	0	0	0	3436	226	756	240	0	0	2592	0	0	0	228	0	1524	0	2188	0	1502	0	4268	270	766	0	13732	0	16456	0	918	0	0	0	7154	0	22262	208	444	0	454	0	0	0	0	0	0	0	1232	764	258	0	0	0	
464248	Fusiform_R	120	1764	0	1134	0	0	0	2036	0	0	0	456	0	1142	0	98	0	934	120	1330	0	0	0	258	0	0	0	0	0	4770	0	224	0	470	4190	7532	584	34066	0	28842	0	5226	2094	11060	238	2240	200	15530	0	4490	0	8196	0	8168	2316	0	174	368	0	0	0	0	0	218	0	754	784	7784	470	1260	0	122	0	11038	0	724	0	328	0	144	0	1612	0	2516	0	5138	0	1208	0	12616	1036	8492	316	208	0	0	0	5214	1072	13312	0	0	0	0	0	0	0	0	0	0	2056	2564	768	0	0	0	
240116	Postcentral_L	18764	108	1694	0	0	0	374	0	0	0	4804	0	474	0	0	0	9056	0	1682	230	0	0	0	0	0	0	0	0	6956	0	90	0	218	154	1018	0	1296	198	0	172	0	0	352	0	126	0	0	0	386	0	10184	0	0	0	828	174	0	0	8596	0	20618	0	8164	0	4386	0	3930	0	6970	216	0	0	520	0	272	0	262	0	1598	0	980	0	0	0	2374	0	0	0	1834	0	0	0	0	0	0	0	0	0	0	0	0	0	0	0	0	0	0	0	0	0	0	0	0	0	0	0	
122844	Postcentral_R	0	12068	0	2438	0	0	0	1710	0	0	0	1130	0	0	0	0	0	2892	0	1970	0	0	0	0	0	0	0	0	0	758	0	0	0	272	0	444	0	574	0	102	0	0	0	222	0	1842	0	112	0	3008	0	2226	0	0	0	368	0	0	0	3362	0	7094	0	9314	0	242	0	3418	0	2362	0	0	0	748	0	0	0	0	0	130	0	452	0	0	0	1616	0	0	0	548	0	0	0	0	0	0	0	0	0	0	0	0	0	0	0	0	0	0	0	0	0	0	0	0	0	0	
141432	Parietal_Sup_L	178	0	0	0	0	0	0	0	0	0	0	0	0	0	0	0	1958	0	0	0	0	0	0	0	0	0	0	0	430	0	0	0	542	0	0	0	0	0	0	0	0	0	302	0	3714	0	0	0	9352	0	18098	0	0	0	0	0	8596	0	0	0	10244	0	396	0	4780	0	11612	0	186	0	0	0	0	0	0	0	0	0	0	0	204	0	0	0	124	0	0	0	0	0	0	0	0	0	0	0	0	0	0	0	0	0	0	0	0	0	0	0	0	0	0	0	0	0	0	0	
92256	Parietal_Sup_R	0	932	0	242	0	0	0	438	0	0	0	944	0	0	0	0	0	0	0	0	0	0	0	0	0	0	0	0	0	0	0	0	0	0	0	0	0	0	0	0	0	0	0	366	0	3146	0	0	0	7348	0	4746	0	0	0	0	0	3362	0	0	0	4318	0	2452	0	5762	116	8992	0	2598	0	0	0	0	0	0	0	0	0	0	0	0	0	0	0	366	0	0	0	0	0	0	0	0	0	0	0	0	0	0	0	0	0	0	0	0	0	0	0	0	0	0	0	0	0	0	
170148	Parietal_Inf_L	572	0	0	0	0	0	0	0	0	0	0	0	0	0	0	0	532	0	0	0	0	0	0	0	0	0	0	0	252	0	0	0	276	0	0	0	0	0	0	0	0	0	0	0	0	0	0	0	1806	0	16860	0	0	0	0	0	20618	0	10244	0	0	0	10808	0	18658	0	3008	0	332	0	0	0	0	0	0	0	0	0	178	0	114	0	0	0	0	0	0	0	816	0	0	0	0	0	0	0	0	0	0	0	0	0	0	0	0	0	0	0	0	0	0	0	0	0	0	0	
99348	Parietal_Inf_R	0	1302	0	200	0	0	0	654	0	0	0	734	0	0	0	0	0	0	0	236	0	0	0	0	0	0	0	0	0	0	0	0	0	0	0	0	0	0	0	0	0	0	0	300	0	476	0	132	0	2506	0	2252	0	0	0	0	0	7094	0	4318	0	0	0	13212	0	10402	0	1878	0	226	0	0	0	0	0	0	0	0	0	0	0	194	0	0	0	2688	0	0	0	870	0	0	0	0	0	0	0	0	0	0	0	0	0	0	0	0	0	0	0	0	0	0	0	0	0	0	
70100	SupraMarginal_L	376	0	0	0	0	0	0	0	0	0	0	0	0	0	0	0	1078	0	0	0	0	0	0	0	0	0	0	0	226	0	0	0	0	0	0	0	90	0	0	0	0	0	0	0	0	0	0	0	0	0	1118	0	0	0	0	0	8164	0	396	0	10808	0	0	0	3024	0	216	0	0	0	0	0	0	0	0	0	0	0	1862	0	3894	0	0	0	984	0	0	0	2814	0	0	0	0	0	0	0	0	0	0	0	0	0	0	0	0	0	0	0	0	0	0	0	0	0	0	0	
113904	SupraMarginal_R	0	1460	0	106	0	0	0	604	0	0	0	596	0	0	0	0	0	1130	0	176	0	0	0	0	0	0	0	0	0	206	0	0	0	0	0	0	0	0	0	0	0	0	0	502	0	2108	0	178	0	3356	0	3154	0	0	0	218	0	9314	0	2452	0	13212	0	0	0	4760	0	2598	0	154	0	0	0	0	0	0	0	0	0	0	0	2808	0	0	0	6042	0	0	0	1818	0	0	0	0	0	0	0	0	0	0	0	0	0	0	0	0	0	0	0	0	0	0	0	0	0	0	
139120	Angular_L	0	0	0	0	0	0	0	0	0	0	0	0	0	0	0	0	132	0	0	0	0	0	0	0	0	0	0	0	0	0	0	0	340	0	0	0	0	0	0	0	0	0	0	0	0	0	0	0	1392	0	22700	0	164	0	0	0	4386	0	4780	0	18658	0	3024	0	0	0	1920	0	154	0	0	0	0	0	0	0	0	0	1178	0	1580	0	0	0	7818	0	0	0	1334	0	0	0	0	0	0	0	0	0	0	0	0	0	0	0	0	0	0	0	0	0	0	0	0	0	0	0	
106572	Angular_R	0	570	0	0	0	0	0	368	0	0	0	472	0	0	0	0	0	0	0	0	0	0	0	0	0	0	0	0	0	138	0	0	0	0	0	0	0	0	0	0	0	0	0	330	0	308	0	238	0	4104	0	11612	0	0	0	754	0	242	0	5762	0	10402	0	4760	0	0	0	1432	0	0	0	0	0	0	0	0	0	0	0	0	0	3218	0	0	0	7184	0	0	0	1392	0	0	0	0	0	0	0	0	0	0	0	0	0	0	0	0	0	0	0	0	0	0	0	0	0	0	
228896	Precuneus_L	388	0	0	0	0	0	0	0	0	0	0	0	0	0	0	0	1156	0	346	130	0	0	0	0	0	0	0	0	328	0	90	0	3322	274	8528	1842	1888	862	544	690	0	0	12850	864	11496	2580	2018	210	11266	1494	13454	366	294	0	3436	784	3930	0	11612	116	3008	0	216	0	1920	0	0	5434	3692	728	0	0	0	0	0	0	0	0	110	0	0	0	0	0	1296	0	0	0	702	0	0	0	0	0	0	0	184	0	0	0	0	0	0	0	0	0	0	0	0	0	0	0	0	0	0	0	
321904	Precuneus_R	0	2816	0	488	0	0	0	730	0	0	0	1706	0	0	0	0	0	286	92	638	0	0	0	0	0	0	0	0	0	0	0	0	558	4200	1286	10660	100	2252	0	2324	0	0	1024	19880	618	22780	0	7734	0	22274	0	12084	0	754	226	7784	0	3418	0	8992	0	1878	0	2598	0	1432	5434	0	0	7918	0	0	0	0	0	0	0	124	0	0	0	184	0	0	0	2380	0	0	0	1890	0	0	0	0	0	0	0	202	0	0	0	0	0	0	0	0	0	0	0	0	1208	0	0	0	0	0	
299568	Paracentral_Lobule_L	24640	792	9648	2348	0	0	160	0	0	0	0	0	0	0	0	0	0	0	17544	21914	0	0	0	0	0	0	0	0	102	0	260	0	6776	16890	4478	108	1498	732	0	474	0	0	608	0	1232	0	0	0	1008	0	2884	0	168	0	756	470	6970	0	186	0	332	0	0	0	154	0	3692	0	0	7098	1604	2198	692	148	340	0	7466	1966	0	0	0	0	0	0	1016	0	0	0	432	0	0	0	0	0	0	0	0	0	0	0	0	0	0	0	0	0	0	0	0	0	0	0	0	0	0	0	
163852	Paracentral_Lobule_R	1084	4194	278	0	0	0	0	0	0	0	0	0	0	0	0	0	0	0	3534	15628	0	0	0	0	0	0	0	0	0	0	0	90	1770	13912	1510	2358	0	1208	0	826	0	0	0	2342	0	2808	0	236	0	3410	0	2554	0	0	240	1260	216	2362	0	2598	0	226	0	154	0	0	728	7918	7098	0	162	384	0	0	0	0	124	104	0	0	0	90	0	0	0	330	0	0	0	190	0	0	0	0	0	0	0	0	0	0	0	0	0	0	0	0	0	0	0	0	0	0	0	0	0	0	
283556	Caudate_L	3170	0	11064	9526	680	270	136	0	116	0	246	0	0	0	0	0	276	0	16914	9454	6422	5738	610	480	690	0	1510	0	612	0	14240	3384	0	2588	0	0	102	0	0	0	0	0	0	0	0	0	0	0	0	0	0	0	0	0	0	0	0	0	0	0	0	0	0	0	0	0	0	0	1604	162	0	16750	23192	2106	2976	880	4976	552	0	0	206	0	146	0	0	0	0	0	0	0	0	0	0	0	0	0	0	0	0	0	0	0	0	0	0	0	0	0	0	0	0	0	0	0	0	0	
447956	Caudate_R	1966	576	4392	30636	102	6072	308	916	0	0	0	350	0	140	0	658	0	98	6396	30382	3388	4590	258	13754	0	7326	0	2414	100	310	7810	24342	166	9574	0	108	0	1120	0	126	0	0	0	0	0	0	0	0	0	0	0	0	0	0	0	122	0	0	0	0	0	0	0	0	0	0	0	0	2198	384	16750	0	7954	20644	856	3022	780	12890	0	0	0	0	0	0	0	0	0	0	0	0	0	0	0	0	0	0	0	0	0	0	0	0	0	0	0	0	0	0	0	0	0	0	0	0	0	0	
452940	Putamen_L	7926	0	26318	2884	18772	0	10016	0	2712	0	1842	0	1058	0	13966	0	712	0	19626	3596	4374	3034	2584	0	1658	0	1038	0	22102	0	16018	2440	0	1552	0	0	9112	0	348	0	356	0	0	0	0	0	0	0	0	0	0	0	0	0	2592	0	520	0	0	0	0	0	0	0	0	0	0	0	692	0	23192	7954	0	1674	8578	320	4168	0	0	0	604	0	602	0	0	0	0	0	1412	0	0	0	0	0	0	0	0	0	118	0	0	0	0	0	0	0	0	0	0	0	0	0	0	0	0	0	
388216	Putamen_R	164	1442	516	16946	0	4256	0	11314	0	464	0	3378	0	6260	0	3270	0	3344	642	8870	994	1112	218	8260	0	5334	0	530	0	17208	3004	11958	0	3258	0	0	0	25432	0	10692	0	636	0	0	0	0	0	0	0	0	0	0	0	0	0	11038	0	748	0	0	0	0	0	0	0	0	0	0	148	0	2106	20644	1674	0	166	3374	0	3894	0	670	0	0	0	0	0	0	0	0	0	144	0	0	0	0	0	0	0	0	0	0	0	0	0	0	0	0	0	0	0	0	0	0	0	0	0	0	
80500	Pallidum_L	5662	0	6444	326	526	0	798	0	248	0	100	0	0	0	324	0	0	0	5978	508	0	256	0	0	0	0	0	0	474	0	118	0	0	0	0	0	1514	0	0	0	0	0	0	0	0	0	0	0	0	0	0	0	0	0	0	0	272	0	0	0	0	0	0	0	0	0	0	0	340	0	2976	856	8578	166	0	0	3614	172	0	0	0	0	0	0	0	0	0	0	0	0	0	0	0	0	0	0	0	0	0	0	0	0	0	0	0	0	0	0	0	0	0	0	0	0	0	0	
31264	Pallidum_R	0	0	442	1054	0	108	0	164	0	0	0	250	0	0	0	0	0	104	360	422	0	94	0	648	0	0	0	0	0	116	306	954	0	148	0	0	0	1400	0	742	0	0	0	0	0	0	0	0	0	0	0	0	0	0	0	724	0	0	0	0	0	0	0	0	0	0	0	0	0	0	880	3022	320	3374	0	0	0	0	0	0	0	0	0	0	0	0	0	0	0	0	0	0	0	0	0	0	0	0	0	0	0	0	0	0	0	0	0	0	0	0	0	0	0	0	0	0	
187636	Thalamus_L	32934	0	6626	708	604	0	3180	0	184	0	250	0	0	0	354	0	244	0	4252	2532	0	0	0	0	0	0	0	0	2554	0	244	90	110	624	0	360	7456	996	382	220	0	0	0	0	0	0	0	0	0	0	0	0	0	0	228	0	262	0	0	0	0	0	0	0	0	0	0	0	7466	124	4976	780	4168	0	3614	0	0	4638	1294	0	610	0	0	0	264	0	0	0	490	0	0	0	0	0	0	0	0	0	0	0	0	0	0	0	0	0	0	0	0	0	0	0	0	0	0	0	
189824	Thalamus_R	2744	1902	2014	21894	0	0	1070	334	0	0	0	288	0	0	0	0	0	0	1922	26026	0	0	0	132	0	0	0	0	212	752	0	154	90	1948	318	618	928	5326	134	824	0	118	0	0	0	0	0	242	0	0	0	0	0	0	0	328	0	0	0	0	0	0	0	0	0	0	0	124	1966	104	552	12890	0	3894	172	0	4638	0	126	0	0	0	0	0	0	0	0	0	0	0	0	0	0	0	0	0	0	0	0	0	0	0	0	0	0	0	0	0	0	0	128	0	0	0	0	0	
89704	Heschl_L	2190	0	310	0	0	0	400	0	0	0	108	0	0	0	0	0	3460	0	228	0	0	0	0	0	0	0	0	0	8366	0	0	0	0	0	192	332	3160	400	0	0	0	0	0	0	0	0	0	0	0	0	1076	0	0	0	1524	0	1598	0	0	0	178	0	1862	0	1178	0	110	0	0	0	0	0	0	0	0	0	1294	126	0	0	6652	0	0	0	7316	0	0	0	2792	0	0	0	0	0	0	0	0	0	0	0	0	0	0	0	0	0	0	0	0	0	0	0	0	0	0	0	
23328	Heschl_R	0	176	0	150	0	0	0	0	0	0	0	148	0	0	0	0	0	2148	0	0	0	0	0	0	0	0	0	0	0	3160	0	0	0	0	0	0	0	350	0	0	0	0	0	0	0	0	0	0	0	0	0	0	0	0	0	144	0	130	0	0	0	0	0	0	0	0	0	0	0	0	0	0	0	670	0	0	0	0	0	0	0	3662	0	0	0	808	0	0	0	118	0	0	0	0	0	0	0	0	0	0	0	0	0	0	0	0	0	0	0	0	0	0	0	0	0	0	
142100	Temporal_Sup_L	854	0	1624	0	294	0	272	0	0	0	2246	0	428	0	138	0	7082	0	1232	0	0	0	0	0	0	0	0	0	7038	0	326	0	0	0	0	0	3138	0	0	0	0	0	0	0	0	0	0	0	0	0	824	0	0	0	2188	0	980	0	204	0	114	0	3894	0	1580	0	0	0	0	0	206	0	604	0	0	0	610	0	6652	0	0	0	5918	0	16012	0	216	0	6112	0	0	0	0	0	0	0	0	0	264	0	0	0	0	0	0	0	0	0	0	0	0	0	0	0	0	0	
80676	Temporal_Sup_R	0	226	0	108	0	0	0	0	0	0	0	202	0	0	0	252	0	1150	0	0	0	0	0	0	0	0	0	0	0	4936	0	0	0	0	0	0	0	976	0	338	0	0	0	0	0	222	0	0	0	376	0	1158	0	0	0	1612	0	452	0	0	0	194	0	2808	0	3218	0	184	0	90	0	0	0	0	0	0	0	0	0	3662	0	0	0	2986	0	13012	0	238	0	1938	0	0	0	0	0	0	0	0	0	0	0	0	0	0	0	0	0	0	0	0	0	0	0	0	0	0	
89692	Temporal_Pole_Sup_L	210	0	2120	0	820	0	674	0	0	0	4154	0	1246	0	864	0	4784	0	842	0	0	0	0	0	0	0	0	0	6716	0	134	0	0	0	0	0	2292	0	102	0	828	0	0	0	0	0	0	0	0	0	0	0	0	0	1502	0	0	0	0	0	0	0	0	0	0	0	0	0	0	0	146	0	602	0	0	0	0	0	0	0	5918	0	0	0	4402	0	2418	0	3852	0	0	0	0	0	0	0	0	0	220	0	0	0	0	0	0	0	0	0	0	0	0	0	0	0	0	0	
37868	Temporal_Pole_Sup_R	0	0	0	174	0	0	0	216	0	0	0	750	0	198	0	490	0	674	0	136	0	0	0	0	0	0	0	0	0	1458	0	0	0	0	0	0	0	1636	0	1352	0	1582	0	0	0	0	0	0	0	0	0	0	0	0	0	2516	0	0	0	0	0	0	0	0	0	0	0	0	0	0	0	0	0	0	0	0	0	0	0	0	0	2986	0	0	0	2378	0	2038	0	350	0	0	0	0	0	0	0	0	0	0	0	0	0	0	0	0	0	0	0	0	0	0	0	0	0	0	
256556	Temporal_Mid_L	976	0	0	0	0	0	0	0	0	0	0	0	0	0	0	0	2110	0	96	0	0	0	0	0	0	0	0	0	4580	0	0	0	404	0	504	0	2374	0	186	0	0	0	1610	0	838	0	152	0	1820	0	26608	0	3540	0	4268	0	2374	0	124	0	0	0	984	0	7818	0	1296	0	1016	0	0	0	0	0	0	0	264	0	7316	0	16012	0	4402	0	0	0	1738	0	34638	0	0	0	0	0	0	0	0	0	230	0	0	0	0	0	0	0	0	0	0	0	0	0	0	0	0	0	
177620	Temporal_Mid_R	0	1260	0	0	0	0	0	90	0	0	0	202	0	0	0	182	0	450	0	0	0	0	0	0	0	0	0	0	0	1736	0	0	0	92	322	1700	0	618	0	192	0	0	104	2706	0	764	0	1516	0	1748	0	8468	0	838	270	5138	0	1616	0	366	0	2688	0	6042	0	7184	0	2380	0	330	0	0	0	0	0	0	0	0	0	808	0	13012	0	2378	0	0	0	436	0	23174	0	0	0	0	0	0	0	0	0	0	0	0	0	0	0	0	0	0	0	0	0	0	0	0	0	0	
16208	Temporal_Pole_Mid_L	0	0	0	0	0	0	0	0	0	0	0	0	0	0	0	0	0	0	0	0	0	0	0	0	0	0	0	0	124	0	0	0	0	0	0	0	308	0	0	0	146	0	0	0	0	0	0	0	0	0	0	0	0	0	766	0	0	0	0	0	0	0	0	0	0	0	0	0	0	0	0	0	0	0	0	0	0	0	0	0	216	0	2418	0	1738	0	0	0	2388	0	0	0	0	0	0	0	0	0	0	0	0	0	0	0	0	0	0	0	0	0	0	0	0	0	0	0	
9864	Temporal_Pole_Mid_R	0	0	0	0	0	0	0	0	0	0	0	0	0	0	0	0	0	0	0	0	0	0	0	0	0	0	0	0	0	0	0	0	0	0	0	0	0	90	0	556	0	130	0	0	0	0	0	0	0	0	0	0	0	0	0	1208	0	0	0	0	0	0	0	0	0	0	0	0	0	0	0	0	0	0	0	0	0	0	0	0	0	238	0	2038	0	436	0	0	0	236	0	0	0	0	0	0	0	0	0	0	0	0	0	0	0	0	0	0	0	0	0	0	0	0	0	0	
218100	Temporal_Inf_L	880	0	220	0	0	0	0	0	0	0	0	0	0	0	0	0	570	0	626	0	0	0	0	0	0	0	0	0	4862	0	0	0	132	0	456	0	8964	0	200	0	1098	0	1212	0	252	0	0	0	0	0	10502	0	1872	0	13732	0	1834	0	0	0	816	0	2814	0	1334	0	702	0	432	0	0	0	1412	0	0	0	490	0	2792	0	6112	0	3852	0	34638	0	2388	0	0	0	1862	0	450	0	0	0	114	0	1098	0	214	0	118	0	0	0	0	0	0	0	0	0	0	0	0	0	
118392	Temporal_Inf_R	0	540	0	0	0	0	0	0	0	0	0	0	0	0	0	0	0	120	0	0	0	0	0	0	0	0	0	0	0	520	0	0	0	0	94	1152	0	3112	0	714	0	846	0	1708	0	162	0	542	0	408	0	1570	0	1862	0	12616	0	548	0	0	0	870	0	1818	0	1392	0	1890	0	190	0	0	0	144	0	0	0	0	0	118	0	1938	0	350	0	23174	0	236	0	0	0	562	0	0	0	0	0	0	0	0	0	0	0	0	0	0	0	0	0	0	0	0	0	0	0	0	
384560	Cerebelum_Crus1_L	0	0	0	0	0	0	0	0	0	0	0	0	0	0	0	0	0	0	0	0	0	0	0	0	0	0	0	0	0	0	0	0	0	0	0	0	0	0	0	0	0	0	0	0	0	0	3216	1570	0	0	0	0	0	0	16456	1036	0	0	0	0	0	0	0	0	0	0	0	0	0	0	0	0	0	0	0	0	0	0	0	0	0	0	0	0	0	0	0	0	1862	0	0	2180	32308	1140	1696	174	19204	360	55240	3240	14460	126	17986	1126	2068	234	696	0	0	160	3506	5648	4860	926	700	102	
339368	Cerebelum_Crus1_R	0	0	0	0	0	0	0	0	0	0	0	0	0	0	0	0	0	0	0	0	0	0	0	0	0	0	0	0	0	0	0	0	0	0	0	0	0	0	0	0	0	0	0	0	0	0	0	3820	0	0	0	0	0	0	0	8492	0	0	0	0	0	0	0	0	0	0	0	0	0	0	0	0	0	0	0	0	0	0	0	0	0	0	0	0	0	0	0	0	0	562	2180	0	3048	31620	0	2952	144	13116	2106	47138	1076	7046	300	16750	140	1534	0	132	0	1026	3834	7912	9844	2502	2410	0	
340196	Cerebelum_Crus2_L	0	0	0	0	0	0	0	0	0	0	0	0	0	0	0	0	0	0	0	0	0	0	0	0	0	0	0	0	0	0	0	0	0	0	0	0	0	0	0	0	0	0	0	0	0	0	558	374	0	0	0	0	0	0	918	316	0	0	0	0	0	0	0	0	0	0	0	0	0	0	0	0	0	0	0	0	0	0	0	0	0	0	0	0	0	0	0	0	450	0	32308	3048	0	8706	476	116	1438	246	7710	1762	46272	4520	35100	5454	4750	248	1766	0	0	0	376	1464	8856	2422	444	0	
248004	Cerebelum_Crus2_R	0	0	0	0	0	0	0	0	0	0	0	0	0	0	0	0	0	0	0	0	0	0	0	0	0	0	0	0	0	0	0	0	0	0	0	0	0	0	0	0	0	0	0	0	0	0	0	354	0	0	0	0	0	0	0	208	0	0	0	0	0	0	0	0	0	0	0	0	0	0	0	0	0	0	0	0	0	0	0	0	0	0	0	0	0	0	0	0	0	0	1140	31620	8706	0	0	818	0	1858	694	8216	6012	18590	1384	27222	0	896	0	104	0	342	432	1948	9648	2246	1564	0	
27412	Cerebelum_3_L	0	0	0	0	0	0	0	0	0	0	0	0	0	0	0	0	0	0	0	0	0	0	0	0	0	0	0	0	0	0	0	0	0	0	0	0	0	0	90	0	0	0	0	0	0	0	0	0	0	0	0	0	0	0	0	0	0	0	0	0	0	0	0	0	0	0	0	0	0	0	0	0	0	0	0	0	0	0	0	0	0	0	0	0	0	0	0	0	0	0	1696	0	476	0	0	0	5082	0	2972	0	134	0	260	0	338	152	0	0	658	1240	608	0	0	0	0	0	
56604	Cerebelum_3_R	0	0	0	0	0	0	0	0	0	0	0	0	0	0	0	0	0	0	0	0	0	0	0	0	0	0	0	0	0	0	0	0	0	0	0	0	0	0	0	0	0	0	0	0	0	0	0	136	0	0	0	0	0	0	0	0	0	0	0	0	0	0	0	0	0	0	0	0	0	0	0	0	0	0	0	0	0	0	0	0	0	0	0	0	0	0	0	0	0	0	174	2952	116	818	0	0	294	6590	610	5950	106	102	0	656	242	864	104	0	336	2878	2052	1202	524	390	1088	118	
185976	Cerebelum_4_5_L	0	0	0	0	0	0	0	0	0	0	0	0	0	0	0	0	0	0	0	0	0	0	0	0	0	0	0	0	0	0	0	0	0	0	0	0	152	0	428	0	0	0	0	0	0	0	3498	302	0	0	0	0	0	0	7154	0	0	0	0	0	0	0	0	0	0	0	184	0	0	0	0	0	0	0	0	0	0	0	0	0	0	0	0	0	0	0	0	0	114	0	19204	144	1438	0	5082	294	0	524	31334	286	3024	0	3660	0	2684	472	1436	0	170	494	8552	1110	0	0	440	808	
144084	Cerebelum_4_5_R	0	0	0	0	0	0	0	0	0	0	0	0	0	0	0	0	0	0	0	0	0	0	0	0	0	0	0	0	0	0	0	0	0	0	0	142	0	310	0	426	0	0	0	0	0	0	0	3060	0	0	0	0	0	0	0	5214	0	0	0	0	0	0	0	0	0	0	0	202	0	0	0	0	0	0	0	0	0	0	0	0	0	0	0	0	0	0	0	0	0	0	360	13116	246	1858	0	6590	524	0	624	23636	164	260	0	1726	102	420	0	0	168	1860	7890	1440	716	234	538	216	
366284	Cerebelum_6_L	0	0	0	0	0	0	0	0	0	0	0	0	0	0	0	0	0	0	172	0	0	0	0	0	0	0	0	0	952	0	0	0	0	0	0	0	1218	0	140	0	0	0	0	0	0	0	6298	1958	0	0	0	0	0	0	22262	1072	0	0	0	0	0	0	0	0	0	0	0	0	0	0	0	0	118	0	0	0	0	0	0	0	264	0	220	0	230	0	0	0	1098	0	55240	2106	7710	694	2972	610	31334	624	0	3232	6606	0	7628	454	3262	1206	1524	0	130	438	6736	8134	3784	602	1428	686	
315940	Cerebelum_6_R	0	0	0	0	0	0	0	0	0	0	0	0	0	0	0	0	0	0	0	0	0	0	0	0	0	0	0	0	0	0	0	0	0	0	0	0	0	0	0	0	0	0	0	142	0	0	230	7826	0	0	0	114	0	150	208	13312	0	0	0	0	0	0	0	0	0	0	0	0	0	0	0	0	0	0	0	0	0	0	0	0	0	0	0	0	0	0	0	0	0	0	3240	47138	1762	8216	0	5950	286	23636	3232	0	438	452	272	4740	176	1914	0	166	102	1392	7268	10818	9116	2844	2830	0	
289152	Cerebelum_7b_L	0	0	0	0	0	0	0	0	0	0	0	0	0	0	0	0	0	0	0	0	0	0	0	0	0	0	0	0	0	0	0	0	0	0	0	0	0	0	0	0	0	0	0	0	0	0	0	0	0	0	0	0	0	0	444	0	0	0	0	0	0	0	0	0	0	0	0	0	0	0	0	0	0	0	0	0	0	0	0	0	0	0	0	0	0	0	0	0	214	0	14460	1076	46272	6012	134	106	3024	164	6606	438	0	4536	39020	4596	4994	412	2020	0	0	0	582	230	5166	3606	464	0	
125656	Cerebelum_7b_R	0	0	0	0	0	0	0	0	0	0	0	0	0	0	0	0	0	0	0	0	0	0	0	0	0	0	0	0	0	0	0	0	0	0	0	0	0	0	0	0	0	0	0	0	0	0	0	0	0	0	0	0	0	0	0	0	0	0	0	0	0	0	0	0	0	0	0	0	0	0	0	0	0	0	0	0	0	0	0	0	0	0	0	0	0	0	0	0	0	0	126	7046	4520	18590	0	102	0	260	0	452	4536	0	1920	19892	0	0	0	0	0	0	0	0	3322	2062	0	0	
286252	Cerebelum_8_L	0	0	0	0	0	0	0	0	0	0	0	0	0	0	0	0	0	0	0	0	0	0	0	0	0	0	0	0	0	0	0	0	0	0	0	0	0	0	0	0	0	0	0	0	0	0	0	0	0	0	0	0	0	0	454	0	0	0	0	0	0	0	0	0	0	0	0	0	0	0	0	0	0	0	0	0	0	0	0	0	0	0	0	0	0	0	0	0	118	0	17986	300	35100	1384	260	0	3660	0	7628	272	39020	1920	0	3786	15506	1172	3346	0	0	0	982	250	2818	5770	1394	0	
230564	Cerebelum_8_R	0	0	0	0	0	0	0	0	0	0	0	0	0	0	0	0	0	0	0	0	0	0	0	0	0	0	0	0	0	0	0	0	0	0	0	0	0	0	0	0	0	0	0	0	0	0	0	0	0	0	0	0	0	0	0	0	0	0	0	0	0	0	0	0	0	0	0	0	0	0	0	0	0	0	0	0	0	0	0	0	0	0	0	0	0	0	0	0	0	0	1126	16750	5454	27222	0	656	0	1726	454	4740	4596	19892	3786	0	782	12118	282	788	0	132	448	690	7696	5154	790	0	
94260	Cerebelum_9_L	0	0	0	0	0	0	0	0	0	0	0	0	0	0	0	0	0	0	0	0	0	0	0	0	0	0	0	0	0	0	0	0	0	0	0	0	0	0	0	0	0	0	0	0	0	0	0	0	0	0	0	0	0	0	0	0	0	0	0	0	0	0	0	0	0	0	0	0	0	0	0	0	0	0	0	0	0	0	0	0	0	0	0	0	0	0	0	0	0	0	2068	140	4750	0	338	242	2684	102	3262	176	4994	0	15506	782	0	1618	5346	0	0	132	870	1174	502	734	1090	620	
85548	Cerebelum_9_R	0	0	0	0	0	0	0	0	0	0	0	0	0	0	0	0	0	0	0	0	0	0	0	0	0	0	0	0	0	0	0	0	0	0	0	0	0	0	0	0	0	0	0	0	0	0	0	0	0	0	0	0	0	0	0	0	0	0	0	0	0	0	0	0	0	0	0	0	0	0	0	0	0	0	0	0	0	0	0	0	0	0	0	0	0	0	0	0	0	0	234	1534	248	896	152	864	472	420	1206	1914	412	0	1172	12118	1618	0	452	1184	128	522	1160	3524	2022	3396	5560	1566	
34828	Cerebelum_10_L	0	0	0	0	0	0	0	0	0	0	0	0	0	0	0	0	0	0	0	0	0	0	0	0	0	0	0	0	0	0	0	0	0	0	0	0	0	0	0	0	0	0	0	0	0	0	0	0	0	0	0	0	0	0	0	0	0	0	0	0	0	0	0	0	0	0	0	0	0	0	0	0	0	0	0	0	0	0	0	0	0	0	0	0	0	0	0	0	0	0	696	0	1766	0	0	104	1436	0	1524	0	2020	0	3346	282	5346	452	0	0	0	0	0	198	0	98	146	0	
5676	Cerebelum_10_R	0	0	0	0	0	0	0	0	0	0	0	0	0	0	0	0	0	0	0	0	0	0	0	0	0	0	0	0	0	0	0	0	0	0	0	0	0	0	0	0	0	0	0	0	0	0	0	0	0	0	0	0	0	0	0	0	0	0	0	0	0	0	0	0	0	0	0	0	0	0	0	0	0	0	0	0	0	0	0	0	0	0	0	0	0	0	0	0	0	0	0	132	0	104	0	0	0	0	0	166	0	0	0	788	0	1184	0	0	0	0	0	0	132	164	168	0	
11132	Vermis_1_2	0	0	0	0	0	0	0	0	0	0	0	0	0	0	0	0	0	0	0	0	0	0	0	0	0	0	0	0	0	0	0	0	0	0	0	0	0	0	0	0	0	0	0	0	0	0	0	0	0	0	0	0	0	0	0	0	0	0	0	0	0	0	0	0	0	0	0	0	0	0	0	0	0	0	0	0	0	0	0	0	0	0	0	0	0	0	0	0	0	0	0	0	0	0	658	336	170	168	130	102	0	0	0	0	0	128	0	0	0	2986	566	184	0	0	138	0	
36276	Vermis_3	0	0	0	0	0	0	0	0	0	0	0	0	0	0	0	0	0	0	0	0	0	0	0	0	0	0	0	0	0	0	0	0	0	0	0	0	0	0	0	0	0	0	0	0	0	0	0	286	0	0	0	0	0	0	0	0	0	0	0	0	0	0	0	0	0	0	0	0	0	0	0	0	0	0	0	0	0	0	0	0	0	0	0	0	0	0	0	0	0	0	160	1026	0	342	1240	2878	494	1860	438	1392	0	0	0	132	132	522	0	0	2986	0	2214	796	280	194	646	120	
133536	Vermis_4_5	0	0	0	0	0	0	0	0	0	0	0	0	0	0	0	0	0	0	0	0	0	0	0	0	0	0	0	0	0	0	0	0	0	0	0	1266	0	628	0	142	0	0	0	0	0	0	712	3166	0	0	0	0	0	0	1232	2056	0	0	0	0	0	0	0	0	0	0	0	1208	0	0	0	0	0	0	0	0	0	128	0	0	0	0	0	0	0	0	0	0	0	0	3506	3834	376	432	608	2052	8552	7890	6736	7268	582	0	982	448	870	1160	0	0	566	2214	0	4422	282	0	1276	2174	
151828	Vermis_6	0	0	0	0	0	0	0	0	0	0	0	0	0	0	0	0	0	0	0	0	0	0	0	0	0	0	0	0	0	0	0	0	0	0	0	0	0	0	0	0	0	0	0	136	0	0	1230	4210	0	0	0	102	0	118	764	2564	0	0	0	0	0	0	0	0	0	0	0	0	0	0	0	0	0	0	0	0	0	0	0	0	0	0	0	0	0	0	0	0	0	0	5648	7912	1464	1948	0	1202	1110	1440	8134	10818	230	0	250	690	1174	3524	198	0	184	796	4422	0	7272	1532	4044	2798	
176564	Vermis_7	0	0	0	0	0	0	0	0	0	0	0	0	0	0	0	0	0	0	0	0	0	0	0	0	0	0	0	0	0	0	0	0	0	0	0	0	0	0	0	0	0	0	0	0	0	0	522	1200	0	0	0	0	0	0	258	768	0	0	0	0	0	0	0	0	0	0	0	0	0	0	0	0	0	0	0	0	0	0	0	0	0	0	0	0	0	0	0	0	0	0	4860	9844	8856	9648	0	524	0	716	3784	9116	5166	3322	2818	7696	502	2022	0	132	0	280	282	7272	0	5398	3168	128	
89944	Vermis_8	0	0	0	0	0	0	0	0	0	0	0	0	0	0	0	0	0	0	0	0	0	0	0	0	0	0	0	0	0	0	0	0	0	0	0	0	0	0	0	0	0	0	0	0	0	0	0	0	0	0	0	0	0	0	0	0	0	0	0	0	0	0	0	0	0	0	0	0	0	0	0	0	0	0	0	0	0	0	0	0	0	0	0	0	0	0	0	0	0	0	926	2502	2422	2246	0	390	0	234	602	2844	3606	2062	5770	5154	734	3396	98	164	0	194	0	1532	5398	0	4424	274	
72424	Vermis_9	0	0	0	0	0	0	0	0	0	0	0	0	0	0	0	0	0	0	0	0	0	0	0	0	0	0	0	0	0	0	0	0	0	0	0	0	0	0	0	0	0	0	0	0	0	0	0	0	0	0	0	0	0	0	0	0	0	0	0	0	0	0	0	0	0	0	0	0	0	0	0	0	0	0	0	0	0	0	0	0	0	0	0	0	0	0	0	0	0	0	700	2410	444	1564	0	1088	440	538	1428	2830	464	0	1394	790	1090	5560	146	168	138	646	1276	4044	3168	4424	0	1462	
