data	data	462800	305188	833160	861756	107856	106764	579280	309008	69652	22328	188944	231420	227860	122972	124960	77380	169856	149000	715496	943440	44220	52648	351556	375652	23040	92976	12020	55356	548248	294092	272940	459520	111808	514376	108232	175088	249740	334496	102676	150324	26716	36828	140416	273936	126692	293320	249344	261996	128508	273708	367196	265300	119064	84636	321896	341896	260880	174256	108428	64496	201204	66008	122368	122784	110008	92804	194976	409512	120692	110272	334788	261564	276264	330836	47116	11044	184428	256412	90104	23616	132916	149588	74436	39232	298596	182132	24940	15280	253968	233180	368940	373508	250980	241452	22808	30396	251424	146864	387500	343952	176448	99004	231036	268848	70496	114776	11924	8480	24216	60048	214036	171228	120436	84988	62820	14892	
data	data	Precentral_L	Precentral_R	Frontal_Sup_L	Frontal_Sup_R	Frontal_Sup_Orb_L	Frontal_Sup_Orb_R	Frontal_Mid_L	Frontal_Mid_R	Frontal_Mid_Orb_L	Frontal_Mid_Orb_R	Frontal_Inf_Oper_L	Frontal_Inf_Oper_R	Frontal_Inf_Tri_L	Frontal_Inf_Tri_R	Frontal_Inf_Orb_L	Frontal_Inf_Orb_R	Rolandic_Oper_L	Rolandic_Oper_R	Supp_Motor_Area_L	Supp_Motor_Area_R	Olfactory_L	Olfactory_R	Frontal_Sup_Medial_L	Frontal_Sup_Medial_R	Frontal_Med_Orb_L	Frontal_Med_Orb_R	Rectus_L	Rectus_R	Insula_L	Insula_R	Cingulum_Ant_L	Cingulum_Ant_R	Cingulum_Mid_L	Cingulum_Mid_R	Cingulum_Post_L	Cingulum_Post_R	Hippocampus_L	Hippocampus_R	ParaHippocampal_L	ParaHippocampal_R	Amygdala_L	Amygdala_R	Calcarine_L	Calcarine_R	Cuneus_L	Cuneus_R	Lingual_L	Lingual_R	Occipital_Sup_L	Occipital_Sup_R	Occipital_Mid_L	Occipital_Mid_R	Occipital_Inf_L	Occipital_Inf_R	Fusiform_L	Fusiform_R	Postcentral_L	Postcentral_R	Parietal_Sup_L	Parietal_Sup_R	Parietal_Inf_L	Parietal_Inf_R	SupraMarginal_L	SupraMarginal_R	Angular_L	Angular_R	Precuneus_L	Precuneus_R	Paracentral_Lobule_L	Paracentral_Lobule_R	Caudate_L	Caudate_R	Putamen_L	Putamen_R	Pallidum_L	Pallidum_R	Thalamus_L	Thalamus_R	Heschl_L	Heschl_R	Temporal_Sup_L	Temporal_Sup_R	Temporal_Pole_Sup_L	Temporal_Pole_Sup_R	Temporal_Mid_L	Temporal_Mid_R	Temporal_Pole_Mid_L	Temporal_Pole_Mid_R	Temporal_Inf_L	Temporal_Inf_R	Cerebelum_Crus1_L	Cerebelum_Crus1_R	Cerebelum_Crus2_L	Cerebelum_Crus2_R	Cerebelum_3_L	Cerebelum_3_R	Cerebelum_4_5_L	Cerebelum_4_5_R	Cerebelum_6_L	Cerebelum_6_R	Cerebelum_7b_L	Cerebelum_7b_R	Cerebelum_8_L	Cerebelum_8_R	Cerebelum_9_L	Cerebelum_9_R	Cerebelum_10_L	Cerebelum_10_R	Vermis_1_2	Vermis_3	Vermis_4_5	Vermis_6	Vermis_7	Vermis_8	Vermis_9	Vermis_10	
462800	Precentral_L	0	6942	10788	8182	0	0	33004	1094	0	0	12896	0	3510	98	0	0	10318	0	9424	12744	0	0	1310	138	0	0	0	0	21178	0	2988	616	624	3382	2562	778	4790	0	1834	0	0	0	162	0	122	0	368	0	114	0	2966	0	400	0	1056	0	30096	0	420	0	3152	0	304	0	0	0	340	0	9284	0	14418	1366	3238	0	0	0	4062	1686	3454	0	882	0	280	0	2610	0	0	0	1192	228	0	0	0	0	0	0	0	0	0	0	0	0	0	0	0	0	0	0	0	0	0	0	0	0	0	0	
305188	Precentral_R	6942	0	142	13522	0	0	2238	9640	0	0	0	12280	0	104	0	0	0	2350	286	15410	0	0	0	280	0	0	0	0	174	2578	0	508	540	3040	1494	3664	1014	6412	808	548	0	0	0	476	0	508	236	382	0	0	0	120	0	234	0	1310	518	18604	0	148	0	130	0	1784	0	0	0	1938	5732	4328	1458	1708	0	9386	0	112	4550	5750	204	240	0	2062	0	0	0	2380	0	0	0	4322	0	0	0	0	0	0	0	0	0	0	0	0	0	0	0	0	0	0	0	0	0	0	0	0	0	0	
833160	Frontal_Sup_L	10788	142	0	11762	5910	0	58818	904	2980	0	2064	234	12340	136	5384	0	2082	0	89198	18702	0	0	44162	4330	1016	0	0	0	29130	264	20282	8080	874	9888	0	0	5310	0	1108	0	102	0	0	0	94	0	122	0	0	0	308	0	0	0	222	0	3740	0	622	0	764	0	226	0	0	0	0	0	714	0	16238	0	22216	0	7368	0	16754	0	600	0	188	0	314	0	0	0	0	0	100	0	0	0	0	0	0	0	0	0	0	0	0	0	0	0	0	0	0	0	0	0	0	0	0	0	0	0	
861756	Frontal_Sup_R	8182	13522	11762	0	0	8624	10104	42252	0	1230	108	9780	94	8912	0	7530	0	4924	22212	75186	0	154	11916	42610	0	3804	0	758	604	13694	2480	33932	426	24936	110	1544	1914	2958	1356	436	0	0	0	0	0	0	316	0	0	0	0	0	0	208	0	392	106	238	0	0	0	0	0	0	0	0	0	344	352	0	17808	14102	864	13618	0	1200	4046	6510	216	0	0	1192	0	732	0	0	0	0	0	580	0	0	0	0	0	0	0	0	0	0	0	0	0	0	0	0	0	0	0	0	0	0	0	0	0	0	
107856	Frontal_Sup_Orb_L	0	0	5910	0	0	0	1372	0	10110	0	0	0	2804	0	11586	0	0	0	0	0	1500	0	2536	0	1508	0	920	0	8220	0	2412	0	0	0	0	0	0	0	120	0	152	0	0	0	0	0	0	0	0	0	0	0	0	0	0	0	0	0	0	0	0	0	0	0	0	0	0	0	0	0	126	0	4040	0	0	0	0	0	0	0	0	0	612	0	0	0	0	0	0	0	0	0	0	0	0	0	0	0	0	0	0	0	0	0	0	0	0	0	0	0	0	0	0	0	0	0	
106764	Frontal_Sup_Orb_R	0	0	0	8624	0	0	0	3078	0	4836	0	0	0	1302	0	5618	0	0	194	870	0	782	816	6336	436	6160	0	4760	0	2076	162	3124	0	168	0	0	0	0	0	0	0	0	0	0	0	0	0	0	0	0	0	0	0	0	0	0	0	0	0	0	0	0	0	0	0	0	0	0	0	0	0	1550	0	2490	0	0	0	0	0	0	0	0	0	0	0	0	0	0	0	0	0	0	0	0	0	0	0	0	0	0	0	0	0	0	0	0	0	0	0	0	0	0	0	0	0	0	
579280	Frontal_Mid_L	33004	2238	58818	10104	1372	0	0	1396	2466	0	16788	0	36852	138	5900	0	5448	0	13918	10524	0	0	12930	888	0	98	0	0	30432	0	8706	2582	92	4296	0	0	2036	0	856	0	0	0	0	0	0	0	194	0	0	0	0	0	0	0	258	0	1572	0	0	0	0	0	0	0	0	0	0	0	0	0	13014	270	3464	0	0	0	4982	906	1936	0	440	0	392	0	90	0	0	0	240	0	0	0	0	0	0	0	0	0	0	0	0	0	0	0	0	0	0	0	0	0	0	0	0	0	0	0	
309008	Frontal_Mid_R	1094	9640	904	42252	0	3078	1396	0	0	1222	0	12540	0	16828	0	5458	0	4312	2076	5322	0	0	376	3700	0	466	0	0	100	8158	198	3644	0	1378	0	626	0	4804	0	624	0	0	0	0	0	0	0	0	0	0	0	0	0	212	0	760	0	1420	0	0	0	0	0	0	0	0	0	374	0	0	2952	3080	180	7382	0	716	0	3634	0	130	0	1344	0	152	0	728	0	0	0	1244	0	0	0	0	0	0	0	0	0	0	0	0	0	0	0	0	0	0	0	0	0	0	0	0	0	0	
69652	Frontal_Mid_Orb_L	0	0	2980	0	10110	0	2466	0	0	0	0	0	3124	0	13040	0	0	0	0	0	94	0	182	0	134	0	0	0	1608	0	136	0	0	0	0	0	0	0	0	0	0	0	0	0	0	0	0	0	0	0	0	0	0	0	0	0	0	0	0	0	0	0	0	0	0	0	0	0	0	0	0	0	410	0	0	0	0	0	0	0	0	0	542	0	0	0	0	0	0	0	0	0	0	0	0	0	0	0	0	0	0	0	0	0	0	0	0	0	0	0	0	0	0	0	0	0	
22328	Frontal_Mid_Orb_R	0	0	0	1230	0	4836	0	1222	0	0	0	0	0	0	0	3876	0	0	0	0	0	0	0	0	0	0	0	0	0	0	0	0	0	0	0	0	0	0	0	0	0	0	0	0	0	0	0	0	0	0	0	0	0	0	0	0	0	0	0	0	0	0	0	0	0	0	0	0	0	0	0	0	0	0	0	0	0	0	0	0	0	0	0	0	0	0	0	0	0	0	0	0	0	0	0	0	0	0	0	0	0	0	0	0	0	0	0	0	0	0	0	0	0	0	0	0	
188944	Frontal_Inf_Oper_L	12896	0	2064	108	0	0	16788	0	0	0	0	0	14274	0	0	0	8972	0	470	108	0	0	620	0	0	0	0	0	21586	0	1214	0	0	0	0	0	1044	0	100	0	0	0	0	0	0	0	0	0	0	0	204	0	0	0	210	0	3346	0	0	0	0	0	0	0	0	0	0	0	0	0	570	0	2224	0	0	0	776	0	1598	0	1952	0	2940	0	212	0	0	0	196	0	0	0	0	0	0	0	0	0	0	0	0	0	0	0	0	0	0	0	0	0	0	0	0	0	0	0	
231420	Frontal_Inf_Oper_R	0	12280	234	9780	0	0	0	12540	0	0	0	0	0	3102	0	0	0	9126	218	6796	0	0	0	178	0	204	0	112	0	17840	0	618	0	0	0	586	0	6200	0	1208	0	0	0	116	0	148	0	146	0	0	0	0	0	412	0	1788	0	3138	0	0	0	0	0	0	0	0	0	542	0	0	348	238	0	11852	0	146	0	4508	0	312	0	3708	0	1062	0	2326	0	0	0	3898	0	0	0	0	0	0	0	0	0	0	0	0	0	0	0	0	0	0	0	0	0	0	0	0	0	0	
227860	Frontal_Inf_Tri_L	3510	0	12340	94	2804	0	36852	0	3124	0	14274	0	0	0	12170	0	1866	0	484	0	0	0	1046	0	0	0	0	0	19232	0	1666	132	0	0	0	0	328	0	0	0	0	0	0	0	0	0	0	0	0	0	0	0	0	0	130	0	518	0	0	0	0	0	0	0	0	0	0	0	0	0	126	0	208	0	0	0	326	0	396	0	698	0	1496	0	0	0	0	0	110	0	0	0	0	0	0	0	0	0	0	0	0	0	0	0	0	0	0	0	0	0	0	0	0	0	0	0	
122972	Frontal_Inf_Tri_R	98	104	136	8912	0	1302	138	16828	0	0	0	3102	0	0	0	896	0	0	882	2182	0	0	100	2482	0	1042	0	894	0	8156	118	4806	0	426	0	262	0	1588	0	230	0	0	0	0	0	0	0	0	0	0	0	0	0	0	0	250	0	0	0	0	0	0	0	0	0	0	0	104	0	0	1598	424	370	2952	0	0	0	922	0	0	0	0	0	0	0	0	0	0	0	182	0	0	0	0	0	0	0	0	0	0	0	0	0	0	0	0	0	0	0	0	0	0	0	0	0	0	
124960	Frontal_Inf_Orb_L	0	0	5384	0	11586	0	5900	0	13040	0	0	0	12170	0	0	0	0	0	0	0	974	0	650	0	0	0	0	0	7694	0	590	0	0	0	0	0	0	0	0	0	0	0	0	0	0	0	0	0	0	0	0	0	0	0	0	0	0	0	0	0	0	0	0	0	0	0	0	0	0	0	0	0	2594	0	0	0	0	0	0	0	0	0	1898	0	0	0	0	0	0	0	0	0	0	0	0	0	0	0	0	0	0	0	0	0	0	0	0	0	0	0	0	0	0	0	0	0	
77380	Frontal_Inf_Orb_R	0	0	0	7530	0	5618	0	5458	0	3876	0	0	0	896	0	0	0	0	0	1004	0	1580	666	1552	0	0	0	1906	0	3376	0	1264	0	1466	0	0	0	0	0	94	0	0	0	0	0	0	0	0	0	0	0	0	0	0	0	0	0	0	0	0	0	0	0	0	0	0	0	0	0	0	0	214	0	2100	0	0	0	0	0	0	0	0	0	90	0	0	0	0	0	0	0	0	0	0	0	0	0	0	0	0	0	0	0	0	0	0	0	0	0	0	0	0	0	0	0	0	
169856	Rolandic_Oper_L	10318	0	2082	0	0	0	5448	0	0	0	8972	0	1866	0	0	0	0	0	1496	0	0	0	108	0	0	0	0	0	18316	0	126	0	0	0	152	0	808	0	0	0	0	0	0	0	102	0	0	0	0	0	1844	0	206	0	264	0	10254	0	484	0	430	0	2552	0	174	0	138	0	0	0	188	0	896	0	0	0	376	0	4072	0	6172	0	2400	0	3030	0	0	0	1654	0	0	0	0	0	0	0	0	0	0	0	0	0	0	0	0	0	0	0	0	0	0	0	0	0	0	0	
149000	Rolandic_Oper_R	0	2350	0	4924	0	0	0	4312	0	0	0	9126	0	0	0	0	0	0	0	3342	0	0	0	0	0	0	0	0	0	10564	0	188	0	166	0	124	0	1320	0	134	0	0	0	672	0	954	0	260	0	1140	0	2290	0	214	0	482	0	3830	0	122	0	252	0	6738	0	338	0	1660	0	200	154	0	0	586	0	0	0	1094	0	1730	0	8236	0	916	0	3800	0	0	0	2282	0	0	0	0	0	0	0	0	0	0	0	0	0	0	0	0	0	0	0	0	0	0	0	0	0	0	
715496	Supp_Motor_Area_L	9424	286	89198	22212	0	194	13918	2076	0	0	470	218	484	882	0	0	1496	0	0	56472	0	0	8856	5400	0	272	0	0	8234	346	13264	14010	8070	24478	1114	0	4344	284	526	0	106	0	0	0	94	0	0	0	0	0	294	0	0	0	164	0	3382	0	604	0	754	0	226	0	0	0	0	0	7538	0	18294	1384	17402	486	6474	0	13240	288	382	0	108	0	0	0	0	0	0	0	0	0	0	0	0	0	0	0	0	0	0	0	0	0	0	0	0	0	0	0	0	0	0	0	0	0	0	0	
943440	Supp_Motor_Area_R	12744	15410	18702	75186	0	870	10524	5322	0	0	108	6796	0	2182	0	1004	0	3342	56472	0	0	0	1530	14972	0	1314	0	302	508	7716	2434	19694	8500	45934	3700	13580	3438	8348	2108	1198	0	0	0	530	0	340	460	582	0	0	0	178	0	314	0	1176	206	1144	0	0	0	0	0	0	0	0	92	4214	13308	9778	15778	29922	710	8766	0	548	3722	32324	328	0	0	766	0	480	0	520	0	0	0	1294	0	0	0	0	0	0	0	0	0	0	0	0	0	0	0	0	0	0	0	0	302	0	0	0	0	0	
44220	Olfactory_L	0	0	0	0	1500	0	0	0	94	0	0	0	0	0	974	0	0	0	0	0	0	3146	0	0	0	258	602	242	2444	0	1362	1408	0	0	0	0	170	0	344	0	376	0	0	0	0	0	0	0	0	0	0	0	0	0	0	0	0	0	0	0	0	0	0	0	0	0	0	0	0	0	3226	2402	2728	714	0	0	0	0	0	0	0	0	120	0	0	0	0	0	0	0	0	0	0	0	0	0	0	0	0	0	0	0	0	0	0	0	0	0	0	0	0	0	0	0	0	0	
52648	Olfactory_R	0	0	0	154	0	782	0	0	0	0	0	0	0	0	0	1580	0	0	0	0	3146	0	0	0	0	572	462	2658	0	2158	1300	1758	0	0	0	0	0	0	0	208	0	138	0	0	0	0	0	0	0	0	0	0	0	0	0	0	0	0	0	0	0	0	0	0	0	0	0	0	0	0	3952	3852	1872	1642	0	0	0	0	0	0	0	0	0	90	0	0	0	0	0	0	0	0	0	0	0	0	0	0	0	0	0	0	0	0	0	0	0	0	0	0	0	0	0	0	0	0	
351556	Frontal_Sup_Medial_L	1310	0	44162	11916	2536	816	12930	376	182	0	620	0	1046	100	650	666	108	0	8856	1530	0	0	0	23178	3680	910	210	0	9578	180	17474	15030	2558	10040	0	0	0	0	0	0	0	0	0	0	0	0	0	0	0	0	0	0	0	0	0	0	0	0	0	0	0	0	0	0	0	0	0	0	0	0	546	0	4590	0	0	0	0	0	0	0	0	0	0	0	0	0	0	0	0	0	0	0	0	0	0	0	0	0	0	0	0	0	0	0	0	0	0	0	0	0	0	0	0	0	0	0	
375652	Frontal_Sup_Medial_R	138	280	4330	42610	0	6336	888	3700	0	0	0	178	0	2482	0	1552	0	0	5400	14972	0	0	23178	0	490	6608	0	588	190	2728	3112	33760	728	22100	0	0	0	200	0	0	0	0	0	0	0	0	0	0	0	0	0	0	0	0	0	0	0	138	0	0	0	0	0	0	0	0	0	0	0	0	410	5942	0	4630	0	0	0	158	0	0	0	0	0	0	0	0	0	0	0	0	0	0	0	0	0	0	0	0	0	0	0	0	0	0	0	0	0	0	0	0	0	0	0	0	0	0	
23040	Frontal_Med_Orb_L	0	0	1016	0	1508	436	0	0	134	0	0	0	0	0	0	0	0	0	0	0	0	0	3680	490	0	928	360	0	214	0	2330	0	0	0	0	0	0	0	0	0	0	0	0	0	0	0	0	0	0	0	0	0	0	0	0	0	0	0	0	0	0	0	0	0	0	0	0	0	0	0	0	0	424	0	0	0	0	0	0	0	0	0	0	0	0	0	0	0	0	0	0	0	0	0	0	0	0	0	0	0	0	0	0	0	0	0	0	0	0	0	0	0	0	0	0	0	
92976	Frontal_Med_Orb_R	0	0	0	3804	0	6160	98	466	0	0	0	204	0	1042	0	0	0	0	272	1314	258	572	910	6608	928	0	100	5120	0	972	1254	7152	0	0	0	0	0	0	0	0	0	0	0	0	0	0	0	0	0	0	0	0	0	0	0	0	0	0	0	0	0	0	0	0	0	0	0	0	0	0	390	4450	158	4256	0	0	0	0	0	0	0	0	0	0	0	0	0	0	0	0	0	0	0	0	0	0	0	0	0	0	0	0	0	0	0	0	0	0	0	0	0	0	0	0	0	0	
12020	Rectus_L	0	0	0	0	920	0	0	0	0	0	0	0	0	0	0	0	0	0	0	0	602	462	210	0	360	100	0	0	0	0	1580	502	0	0	0	0	0	0	0	0	0	0	0	0	0	0	0	0	0	0	0	0	0	0	0	0	0	0	0	0	0	0	0	0	0	0	0	0	0	0	566	182	526	0	0	0	0	0	0	0	0	0	0	0	0	0	0	0	0	0	0	0	0	0	0	0	0	0	0	0	0	0	0	0	0	0	0	0	0	0	0	0	0	0	0	0	
55356	Rectus_R	0	0	0	758	0	4760	0	0	0	0	0	112	0	894	0	1906	0	0	0	302	242	2658	0	588	0	5120	0	0	0	2366	598	2672	0	0	0	0	0	0	0	0	0	0	0	0	0	0	0	0	0	0	0	0	0	0	0	0	0	0	0	0	0	0	0	0	0	0	0	0	0	0	212	1718	154	2618	0	0	0	0	0	0	0	0	0	0	0	0	0	0	0	0	0	0	0	0	0	0	0	0	0	0	0	0	0	0	0	0	0	0	0	0	0	0	0	0	0	0	
548248	Insula_L	21178	174	29130	604	8220	0	30432	100	1608	0	21586	0	19232	0	7694	0	18316	0	8234	508	2444	0	9578	190	214	0	0	0	0	0	11914	1162	0	0	424	106	11802	0	1724	0	452	0	0	0	0	0	94	0	0	0	1884	0	406	0	3028	0	6080	0	216	0	180	0	932	0	0	0	226	0	140	0	2024	0	21578	0	0	0	3572	108	8774	0	5700	0	4806	0	2542	0	0	0	4808	0	0	0	0	0	0	0	0	0	0	0	0	0	0	0	0	0	0	0	0	0	0	0	0	0	0	0	
294092	Insula_R	0	2578	264	13694	0	2076	0	8158	0	0	0	17840	0	8156	0	3376	0	10564	346	7716	0	2158	180	2728	0	972	0	2366	0	0	0	5064	0	922	0	1078	0	9818	0	3852	0	100	0	0	0	0	0	0	0	0	0	0	0	478	0	4318	0	1866	0	0	0	0	0	796	0	0	0	838	0	162	1296	710	200	17968	0	96	0	1532	0	1548	0	3416	0	1066	0	1498	0	0	0	5252	0	0	0	0	0	0	0	0	0	0	0	0	0	0	0	0	0	0	0	0	0	0	0	0	0	0	
272940	Cingulum_Ant_L	2988	0	20282	2480	2412	162	8706	198	136	0	1214	0	1666	118	590	0	126	0	13264	2434	1362	1300	17474	3112	2330	1254	1580	598	11914	0	0	11606	3620	3652	108	0	0	0	0	0	0	0	0	0	0	0	0	0	0	0	0	0	0	0	0	0	0	0	0	0	0	0	0	0	0	0	0	0	0	0	6678	1970	10492	644	0	0	0	0	0	0	0	0	0	0	0	0	0	0	0	0	0	0	0	0	0	0	0	0	0	0	0	0	0	0	0	0	0	0	0	0	0	0	0	0	0	0	
459520	Cingulum_Ant_R	616	508	8080	33932	0	3124	2582	3644	0	0	0	618	132	4806	0	1264	0	188	14010	19694	1408	1758	15030	33760	0	7152	502	2672	1162	5064	11606	0	2662	28158	0	100	0	0	0	0	0	0	0	0	0	0	0	0	0	0	0	0	0	0	0	0	0	372	0	0	0	0	0	0	0	0	0	0	0	0	4294	13172	974	6716	0	0	0	0	0	0	0	0	0	0	0	0	0	0	0	0	0	0	0	0	0	0	0	0	0	0	0	0	0	0	0	0	0	0	0	0	0	0	0	0	0	0	
111808	Cingulum_Mid_L	624	540	874	426	0	0	92	0	0	0	0	0	0	0	0	0	0	0	8070	8500	0	0	2558	728	0	0	0	0	0	0	3620	2662	0	11210	3074	848	0	0	0	0	0	0	250	0	324	0	116	0	436	0	368	0	0	0	0	98	918	118	0	0	0	0	0	0	0	0	2400	630	5098	1088	0	0	0	0	0	0	0	0	0	0	0	0	0	0	234	0	0	0	0	0	0	0	0	0	0	0	0	0	0	0	0	0	0	0	0	0	0	0	0	0	0	0	0	0	0	0	
514376	Cingulum_Mid_R	3382	3040	9888	24936	0	168	4296	1378	0	0	0	0	0	426	0	1466	0	166	24478	45934	0	0	10040	22100	0	0	0	0	0	922	3652	28158	11210	0	1184	11100	0	370	0	0	0	0	0	990	0	1092	0	492	0	1714	0	578	0	0	0	0	0	7340	0	1246	0	98	0	342	0	96	446	14896	2978	11306	3944	260	0	346	0	0	0	0	0	0	0	282	0	0	0	162	0	0	0	286	0	0	0	0	0	0	0	0	0	0	0	0	0	0	0	0	0	0	0	0	0	0	0	0	0	0	
108232	Cingulum_Post_L	2562	1494	0	110	0	0	0	0	0	0	0	0	0	0	0	0	152	0	1114	3700	0	0	0	0	0	0	0	0	424	0	108	0	3074	1184	0	3632	5912	264	2442	0	0	0	2886	0	264	0	3284	0	120	0	1426	0	0	0	180	0	1504	0	340	0	178	0	0	0	0	0	6318	474	4782	0	0	808	0	0	0	0	1128	2594	216	0	0	0	0	0	1318	0	0	0	124	0	0	0	0	0	0	0	0	0	0	0	0	0	0	0	0	0	0	0	0	0	0	0	0	0	0	0	
175088	Cingulum_Post_R	778	3664	0	1544	0	0	0	626	0	0	0	586	0	262	0	0	0	124	0	13580	0	0	0	0	0	0	0	0	106	1078	0	100	848	11100	3632	0	2086	7926	992	1390	0	0	0	1304	0	376	310	2296	0	104	0	196	0	0	0	344	0	1474	0	0	0	0	0	100	0	0	418	13074	0	6992	0	378	0	1902	0	0	744	5790	208	0	0	112	0	0	0	96	0	0	0	202	0	0	0	0	0	0	0	0	0	0	0	0	0	0	0	0	0	0	0	0	702	0	0	0	0	0	
249740	Hippocampus_L	4790	1014	5310	1914	0	0	2036	0	0	0	1044	0	328	0	0	0	808	0	4344	3438	170	0	0	0	0	0	0	0	11802	0	0	0	0	0	5912	2086	0	314	16080	0	5544	0	2168	0	0	0	6966	114	0	0	568	0	892	0	9690	0	1242	0	0	0	0	0	156	0	0	0	3406	108	0	0	1604	714	7652	0	186	0	5942	2918	1934	0	1720	0	494	0	1510	0	98	0	7854	0	0	0	0	0	0	0	0	0	0	0	0	0	0	0	0	0	0	0	0	0	0	0	0	0	0	0	
334496	Hippocampus_R	0	6412	0	2958	0	0	0	4804	0	0	0	6200	0	1588	0	0	0	1320	284	8348	0	0	0	200	0	0	0	0	0	9818	0	0	0	370	264	7926	314	0	248	22160	0	6594	0	976	0	154	96	3644	0	0	0	0	0	2052	0	22082	0	1360	0	0	0	0	0	294	0	0	0	7672	0	442	174	136	0	17954	0	282	0	9478	0	412	0	1582	0	0	0	3120	0	0	0	14228	0	0	0	0	0	0	90	204	0	0	0	0	0	0	0	0	0	0	0	0	1008	0	0	0	0	0	
102676	ParaHippocampal_L	1834	808	1108	1356	120	0	856	0	0	0	100	0	0	0	0	0	0	0	526	2108	344	0	0	0	0	0	0	0	1724	0	0	0	0	0	2442	992	16080	248	0	0	762	0	712	0	0	0	5792	142	0	0	268	0	328	0	2524	0	544	0	0	0	0	0	0	0	0	0	990	106	0	0	820	418	1614	0	0	0	2484	1814	682	0	186	0	102	0	184	0	0	0	220	0	0	0	0	0	0	0	0	0	0	0	0	0	0	0	0	0	0	0	0	0	0	0	0	0	0	0	
150324	ParaHippocampal_R	0	548	0	436	0	0	0	624	0	0	0	1208	0	230	0	94	0	134	0	1198	0	208	0	0	0	0	0	0	0	3852	0	0	0	0	0	1390	0	22160	0	0	0	5110	0	212	0	0	0	2342	0	0	0	0	0	2128	0	15062	0	136	0	0	0	0	0	0	0	0	0	1650	0	144	0	0	0	5800	0	232	0	1172	0	0	0	214	0	1964	0	468	0	442	0	5156	0	0	0	0	0	0	0	712	0	0	0	0	0	0	0	0	0	0	0	0	136	0	0	0	0	0	
26716	Amygdala_L	0	0	102	0	152	0	0	0	0	0	0	0	0	0	0	0	0	0	106	0	376	0	0	0	0	0	0	0	452	0	0	0	0	0	0	0	5544	0	762	0	0	0	0	0	0	0	0	0	0	0	0	0	0	0	2556	0	0	0	0	0	0	0	0	0	0	0	0	0	0	0	0	0	690	0	0	0	96	0	0	0	0	0	270	0	326	0	140	0	1786	0	0	0	0	0	0	0	0	0	0	0	0	0	0	0	0	0	0	0	0	0	0	0	0	0	0	0	
36828	Amygdala_R	0	0	0	0	0	0	0	0	0	0	0	0	0	0	0	0	0	0	0	0	0	138	0	0	0	0	0	0	0	100	0	0	0	0	0	0	0	6594	0	5110	0	0	0	0	0	0	0	0	0	0	0	0	0	0	0	4400	0	0	0	0	0	0	0	0	0	0	0	0	0	0	0	0	0	620	0	0	0	0	0	0	0	0	0	1452	0	0	0	0	0	0	0	0	0	0	0	0	0	0	0	0	0	0	0	0	0	0	0	0	0	0	0	0	0	0	0	0	
140416	Calcarine_L	162	0	0	0	0	0	0	0	0	0	0	0	0	0	0	0	0	0	0	0	0	0	0	0	0	0	0	0	0	0	0	0	250	0	2886	0	2168	0	712	0	0	0	0	2038	8974	604	13740	784	5920	0	15382	0	3918	0	2614	0	568	0	134	0	110	0	0	0	0	0	7358	132	0	0	0	0	0	0	0	0	0	0	0	0	0	0	0	0	1208	0	0	0	142	0	130	0	0	0	0	0	0	0	154	0	0	0	0	0	0	0	0	0	0	0	120	0	0	0	0	0	
273936	Calcarine_R	0	476	0	0	0	0	0	0	0	0	0	116	0	0	0	0	0	672	0	530	0	0	0	0	0	0	0	0	0	0	0	0	0	990	0	1304	0	976	0	212	0	0	2038	0	2276	25916	990	29918	0	19782	0	14486	0	3796	0	4176	0	560	0	262	0	0	0	764	0	0	764	19504	0	760	0	0	0	106	0	0	0	102	0	0	0	670	0	0	0	2298	0	0	0	2416	0	0	0	0	0	0	0	108	0	0	0	0	0	0	0	0	0	0	0	0	0	0	0	0	0	0	
126692	Cuneus_L	122	0	94	0	0	0	0	0	0	0	0	0	0	0	0	0	102	0	94	0	0	0	0	0	0	0	0	0	0	0	0	0	324	0	264	0	0	0	0	0	0	0	8974	2276	0	4984	1146	402	15922	478	9000	0	734	0	266	0	1116	0	2972	0	850	0	244	0	0	0	11388	696	0	0	0	0	0	0	0	0	0	0	0	0	0	0	0	0	736	0	0	0	162	0	0	0	0	0	0	0	0	0	0	0	0	0	0	0	0	0	0	0	0	0	0	0	0	0	0	0	
293320	Cuneus_R	0	508	0	0	0	0	0	0	0	0	0	148	0	0	0	0	0	954	0	340	0	0	0	0	0	0	0	0	0	0	0	0	0	1092	0	376	0	154	0	0	0	0	604	25916	4984	0	0	7748	210	37690	0	16918	0	224	0	1774	0	760	0	2580	0	96	0	1110	0	110	4828	33050	0	654	0	0	0	98	0	0	0	0	0	0	0	1042	0	0	0	1310	0	0	0	1382	0	0	0	0	0	0	0	0	0	0	0	0	0	0	0	0	0	0	0	0	0	0	0	0	0	0	
249344	Lingual_L	368	236	122	316	0	0	194	0	0	0	0	0	0	0	0	0	0	0	0	460	0	0	0	0	0	0	0	0	94	0	0	0	116	0	3284	310	6966	96	5792	0	0	0	13740	990	1146	0	0	1604	1302	0	17188	0	9096	162	12696	382	178	0	0	0	0	0	0	0	0	0	3544	154	0	0	138	0	0	0	0	0	678	532	0	0	0	0	0	0	300	0	0	0	118	0	6004	392	1250	112	380	0	9992	1382	9466	942	0	0	0	140	560	1030	0	0	0	144	5056	3208	226	138	1026	922	
261996	Lingual_R	0	382	0	0	0	0	0	0	0	0	0	146	0	0	0	0	0	260	0	582	0	0	0	0	0	0	0	0	0	0	0	0	0	492	0	2296	114	3644	142	2342	0	0	784	29918	402	7748	1604	0	0	7636	0	6978	0	8066	342	14870	0	398	0	0	0	0	0	256	0	0	0	10020	0	658	0	0	0	166	0	0	0	410	0	0	0	254	0	0	0	2256	0	0	0	3644	754	4432	0	0	0	604	944	2074	1778	7300	0	0	0	0	0	0	0	0	0	0	2150	3558	594	0	0	0	
128508	Occipital_Sup_L	114	0	0	0	0	0	0	0	0	0	0	0	0	0	0	0	0	0	0	0	0	0	0	0	0	0	0	0	0	0	0	0	436	0	120	0	0	0	0	0	0	0	5920	0	15922	210	1302	0	0	0	19310	0	268	0	0	0	552	0	5994	0	382	0	114	0	266	0	12074	862	90	0	0	0	0	0	0	0	0	0	0	0	0	0	0	0	186	0	0	0	132	0	0	0	0	0	0	0	0	0	0	0	0	0	0	0	0	0	0	0	0	0	0	0	0	0	0	0	
273708	Occipital_Sup_R	0	0	0	0	0	0	0	0	0	0	0	0	0	0	0	0	0	1140	0	0	0	0	0	0	0	0	0	0	0	0	0	0	0	1714	0	104	0	0	0	0	0	0	0	19782	478	37690	0	7636	0	0	0	27970	0	1014	0	646	0	1536	0	4590	0	730	0	1196	0	1854	2390	23554	0	304	0	0	0	0	0	0	0	0	0	0	0	1130	0	0	0	1396	0	0	0	0	0	0	0	0	0	0	0	0	0	0	0	0	0	0	0	0	0	0	0	0	0	0	0	0	0	0	
367196	Occipital_Mid_L	2966	0	308	0	0	0	0	0	0	0	204	0	0	0	0	0	1844	0	294	0	0	0	0	0	0	0	0	0	1884	0	0	0	368	0	1426	0	568	0	268	0	0	0	15382	0	9000	0	17188	0	19310	0	0	0	18968	0	10326	0	8424	0	10704	0	13222	0	1538	0	12092	0	9366	0	818	0	0	0	0	0	0	0	0	0	1474	0	778	0	0	0	18886	0	0	0	4926	0	476	0	120	0	0	0	0	0	280	0	0	0	0	0	0	0	0	0	0	0	98	92	0	0	0	0	
265300	Occipital_Mid_R	0	120	0	0	0	0	0	0	0	0	0	0	0	0	0	0	0	2290	0	178	0	0	0	0	0	0	0	0	0	0	0	0	0	578	0	196	0	0	0	0	0	0	0	14486	0	16918	0	6978	0	27970	0	0	0	3572	0	452	0	334	0	1402	0	5974	0	3046	0	16592	1678	14942	0	350	0	0	0	0	0	0	0	0	0	0	0	2716	0	0	0	11740	0	0	0	138	0	0	0	0	0	0	0	0	0	0	0	0	0	0	0	0	0	0	0	0	0	0	0	0	0	0	
119064	Occipital_Inf_L	400	0	0	0	0	0	0	0	0	0	0	0	0	0	0	0	206	0	0	0	0	0	0	0	0	0	0	0	406	0	0	0	0	0	0	0	892	0	328	0	0	0	3918	0	734	0	9096	0	268	0	18968	0	0	0	12040	0	264	0	0	0	0	0	0	0	0	0	1246	0	0	0	0	0	0	0	0	0	104	0	552	0	164	0	0	0	2288	0	0	0	4610	0	1504	0	518	0	0	0	144	0	620	0	0	0	0	0	0	0	0	0	0	0	148	114	0	0	0	0	
84636	Occipital_Inf_R	0	234	0	208	0	0	0	212	0	0	0	412	0	0	0	0	0	214	0	314	0	0	0	0	0	0	0	0	0	478	0	0	0	0	0	0	0	2052	0	2128	0	0	0	3796	0	224	162	8066	0	1014	0	3572	0	0	0	10044	0	0	0	0	0	0	0	0	0	0	0	278	0	0	0	0	0	488	0	0	0	148	0	0	0	0	0	0	0	616	0	0	0	4880	0	746	0	0	0	0	0	112	0	1674	0	0	0	0	0	0	0	0	0	0	0	246	0	0	0	0	
321896	Fusiform_L	1056	0	222	0	0	0	258	0	0	0	210	0	130	0	0	0	264	0	164	0	0	0	0	0	0	0	0	0	3028	0	0	0	0	0	180	0	9690	0	2524	0	2556	0	2614	0	266	0	12696	342	0	0	10326	0	12040	0	0	0	754	0	0	0	0	0	0	0	0	0	826	0	0	0	0	0	596	0	0	0	458	0	1480	0	1758	0	2654	0	6460	0	1792	0	18810	0	22406	0	3178	0	0	0	10030	192	25494	188	176	0	352	0	0	0	0	0	0	0	2628	1978	172	0	0	0	
341896	Fusiform_R	0	1310	0	392	0	0	0	760	0	0	0	1788	0	250	0	0	0	482	0	1176	0	0	0	0	0	0	0	0	0	4318	0	0	98	0	0	344	0	22082	0	15062	0	4400	0	4176	0	1774	382	14870	0	646	0	452	0	10044	0	0	0	228	0	0	0	0	0	0	0	0	0	2736	0	244	0	0	0	5244	0	184	0	826	0	148	0	1066	0	5068	0	5306	0	2160	0	20994	588	11842	0	0	0	168	194	4708	1170	16504	0	0	114	0	0	0	0	0	0	198	1650	4534	268	0	0	0	
260880	Postcentral_L	30096	518	3740	106	0	0	1572	0	0	0	3346	0	518	0	0	0	10254	0	3382	206	0	0	0	0	0	0	0	0	6080	0	0	0	918	0	1504	0	1242	0	544	0	0	0	568	0	1116	0	178	0	552	0	8424	0	264	0	754	0	0	0	8652	0	18092	0	9642	0	570	0	3100	0	3732	0	2076	0	186	0	0	0	1174	0	1758	0	1594	0	0	0	3068	0	0	0	914	0	0	0	0	0	0	0	0	0	0	0	0	0	0	0	0	0	0	0	0	0	0	0	0	0	0	0	
174256	Postcentral_R	0	18604	0	238	0	0	0	1420	0	0	0	3138	0	0	0	0	0	3830	0	1144	0	0	0	138	0	0	0	0	0	1866	0	372	118	7340	0	1474	0	1360	0	136	0	0	0	560	0	760	0	398	0	1536	0	334	0	0	0	228	0	0	0	5398	0	1282	0	10822	0	384	292	11854	0	6666	0	532	0	1550	0	0	0	1060	0	348	0	844	0	0	0	408	0	0	0	694	0	0	0	0	0	0	0	0	0	0	0	0	0	0	0	0	0	0	0	0	0	0	0	0	0	0	
108428	Parietal_Sup_L	420	0	622	0	0	0	0	0	0	0	0	0	0	0	0	0	484	0	604	0	0	0	0	0	0	0	0	0	216	0	0	0	0	0	340	0	0	0	0	0	0	0	134	0	2972	0	0	0	5994	0	10704	0	0	0	0	0	8652	0	0	0	9428	0	770	0	2560	0	8144	160	504	0	182	0	0	0	0	0	0	0	0	0	516	0	0	0	480	0	0	0	328	0	0	0	0	0	0	0	0	0	0	0	0	0	0	0	0	0	0	0	0	0	0	0	0	0	0	0	
64496	Parietal_Sup_R	0	148	0	0	0	0	0	0	0	0	0	0	0	0	0	0	0	122	0	0	0	0	0	0	0	0	0	0	0	0	0	0	0	1246	0	0	0	0	0	0	0	0	0	262	0	2580	0	0	0	4590	0	1402	0	0	0	0	0	5398	0	0	0	3336	0	776	0	2580	0	9032	0	594	0	0	0	0	0	0	0	0	0	0	0	182	0	0	0	0	0	0	0	0	0	0	0	0	0	0	0	0	0	0	0	0	0	0	0	0	0	0	0	0	0	0	0	0	0	0	
201204	Parietal_Inf_L	3152	0	764	0	0	0	0	0	0	0	0	0	0	0	0	0	430	0	754	0	0	0	0	0	0	0	0	0	180	0	0	0	0	0	178	0	0	0	0	0	0	0	110	0	850	0	0	0	382	0	13222	0	0	0	0	0	18092	0	9428	0	0	0	14642	0	22080	0	648	0	0	0	0	0	0	0	0	0	0	0	220	0	456	0	0	0	9610	0	0	0	5404	0	0	0	0	0	0	0	0	0	0	0	0	0	0	0	0	0	0	0	0	0	0	0	0	0	0	0	
66008	Parietal_Inf_R	0	130	0	0	0	0	0	0	0	0	0	0	0	0	0	0	0	252	0	0	0	0	0	0	0	0	0	0	0	0	0	0	0	98	0	0	0	0	0	0	0	0	0	0	0	96	0	0	0	730	0	5974	0	0	0	0	0	1282	0	3336	0	0	0	5716	0	13244	0	418	0	0	0	0	0	0	0	0	0	0	0	0	0	352	0	0	0	1286	0	0	0	90	0	0	0	0	0	0	0	0	0	0	0	0	0	0	0	0	0	0	0	0	0	0	0	0	0	0	
122368	SupraMarginal_L	304	0	226	0	0	0	0	0	0	0	0	0	0	0	0	0	2552	0	226	0	0	0	0	0	0	0	0	0	932	0	0	0	0	0	0	0	156	0	0	0	0	0	0	0	244	0	0	0	114	0	1538	0	0	0	0	0	9642	0	770	0	14642	0	0	0	4988	0	0	0	0	0	0	0	0	0	0	0	0	0	456	0	5050	0	0	0	12736	0	0	0	6608	0	0	0	0	0	0	0	0	0	0	0	0	0	0	0	0	0	0	0	0	0	0	0	0	0	0	0	
122784	SupraMarginal_R	0	1784	0	0	0	0	0	0	0	0	0	0	0	0	0	0	0	6738	0	0	0	0	0	0	0	0	0	0	0	796	0	0	0	342	0	100	0	294	0	0	0	0	0	764	0	1110	0	256	0	1196	0	3046	0	0	0	0	0	10822	0	776	0	5716	0	0	0	4664	0	2242	0	318	0	0	0	100	0	0	0	122	0	190	0	11212	0	0	0	5182	0	0	0	3622	0	0	0	0	0	0	0	0	0	0	0	0	0	0	0	0	0	0	0	0	0	0	0	0	0	0	
110008	Angular_L	0	0	0	0	0	0	0	0	0	0	0	0	0	0	0	0	174	0	0	0	0	0	0	0	0	0	0	0	0	0	0	0	0	0	0	0	0	0	0	0	0	0	0	0	0	0	0	0	266	0	12092	0	0	0	0	0	570	0	2560	0	22080	0	4988	0	0	0	0	0	0	0	0	0	0	0	0	0	0	0	178	0	542	0	0	0	8316	0	0	0	3238	0	0	0	0	0	0	0	0	0	0	0	0	0	0	0	0	0	0	0	0	0	0	0	0	0	0	0	
92804	Angular_R	0	0	0	0	0	0	0	0	0	0	0	0	0	0	0	0	0	338	0	0	0	0	0	0	0	0	0	0	0	0	0	0	0	96	0	0	0	0	0	0	0	0	0	0	0	110	0	0	0	1854	0	16592	0	0	0	0	0	384	0	2580	0	13244	0	4664	0	0	0	556	0	0	0	0	0	0	0	0	0	0	0	0	0	1806	0	0	0	4178	0	0	0	0	0	0	0	0	0	0	0	0	0	0	0	0	0	0	0	0	0	0	0	0	0	0	0	0	0	0	
194976	Precuneus_L	340	0	0	0	0	0	0	0	0	0	0	0	0	0	0	0	138	0	0	92	0	0	0	0	0	0	0	0	226	0	0	0	2400	446	6318	418	3406	0	990	0	0	0	7358	764	11388	4828	3544	0	12074	2390	9366	1678	1246	0	826	0	3100	292	8144	0	648	0	0	0	0	0	0	7374	3062	342	0	0	0	0	0	0	0	0	0	0	0	0	0	0	3526	0	0	0	668	0	96	0	0	0	0	0	0	0	0	0	0	0	0	0	0	0	0	0	0	0	0	0	0	0	0	0	
409512	Precuneus_R	0	1938	0	344	0	0	0	374	0	0	0	542	0	104	0	0	0	1660	0	4214	0	0	0	0	0	0	0	0	0	838	0	0	630	14896	474	13074	108	7672	106	1650	0	0	132	19504	696	33050	154	10020	862	23554	0	14942	0	278	0	2736	0	11854	160	9032	0	418	0	2242	0	556	7374	0	186	7284	0	0	0	1100	0	0	0	1932	0	0	0	1856	0	0	0	2060	0	0	0	2984	0	0	0	0	0	0	0	154	0	0	0	0	0	0	0	0	0	0	0	0	1012	0	0	0	0	0	
120692	Paracentral_Lobule_L	9284	5732	714	352	0	0	0	0	0	0	0	0	0	0	0	0	0	0	7538	13308	0	0	0	0	0	0	0	0	140	0	0	0	5098	2978	4782	0	0	0	0	0	0	0	0	0	0	0	0	0	90	0	818	0	0	0	0	0	3732	0	504	0	0	0	0	0	0	0	3062	186	0	1010	300	264	0	0	0	0	0	0	0	0	0	0	0	0	270	0	0	0	0	184	0	0	0	0	0	0	0	0	0	0	0	0	0	0	0	0	0	0	0	0	0	0	0	0	0	0	
110272	Paracentral_Lobule_R	0	4328	0	0	0	0	0	0	0	0	0	0	0	0	0	0	0	200	0	9778	0	0	0	0	0	0	0	0	0	162	0	0	1088	11306	0	6992	0	442	0	144	0	0	0	760	0	654	0	658	0	304	0	350	0	0	0	244	0	6666	0	594	0	0	0	318	0	0	342	7284	1010	0	0	0	0	0	0	0	0	0	0	0	0	236	0	0	0	626	0	0	0	650	0	0	0	0	0	0	0	0	0	0	0	0	0	0	0	0	0	0	0	0	0	0	0	0	0	0	
334788	Caudate_L	14418	1458	16238	17808	126	0	13014	2952	0	0	570	348	126	1598	0	0	188	154	18294	15778	3226	3952	546	410	0	390	566	212	2024	1296	6678	4294	0	3944	0	0	1604	174	820	0	0	0	0	0	0	0	138	0	0	0	0	0	0	0	0	0	2076	0	182	0	0	0	0	0	0	0	0	0	300	0	0	4588	11218	1774	2172	0	10772	812	0	0	0	0	156	0	0	0	0	0	0	0	0	0	0	0	0	0	0	0	0	0	0	0	0	0	0	0	0	0	0	0	0	0	0	0	0	0	
261564	Caudate_R	1366	1708	0	14102	0	1550	270	3080	0	0	0	238	0	424	0	214	0	0	1384	29922	2402	3852	0	5942	0	4450	182	1718	0	710	1970	13172	0	260	808	378	714	136	418	0	0	0	0	0	0	0	0	0	0	0	0	0	0	0	0	0	0	532	0	0	0	0	0	0	0	0	0	0	264	0	4588	0	2216	10040	0	624	1008	20140	0	0	0	0	0	0	0	0	0	0	0	0	0	0	0	0	0	0	0	0	0	0	0	0	0	0	0	0	0	0	0	0	0	0	0	0	0	0	
276264	Putamen_L	3238	0	22216	864	4040	0	3464	180	410	0	2224	0	208	370	2594	0	896	0	17402	710	2728	1872	4590	0	424	158	526	154	21578	200	10492	974	0	0	0	0	7652	0	1614	0	690	0	0	0	0	0	0	0	0	0	0	0	0	0	596	0	186	0	0	0	0	0	0	0	0	0	0	0	0	0	11218	2216	0	740	5740	0	2902	0	0	0	454	0	1130	0	0	0	0	0	482	0	0	0	0	0	0	0	0	0	0	0	0	0	0	0	0	0	0	0	0	0	0	0	0	0	0	0	
330836	Putamen_R	0	9386	0	13618	0	2490	0	7382	0	0	0	11852	0	2952	0	2100	0	586	486	8766	714	1642	0	4630	0	4256	0	2618	0	17968	644	6716	0	346	0	1902	0	17954	0	5800	0	620	0	106	0	98	0	166	0	0	0	0	0	488	0	5244	0	1550	0	0	0	0	0	100	0	0	0	1100	0	0	1774	10040	740	0	0	1382	0	9632	0	130	0	1650	0	0	0	1686	0	0	0	3970	0	0	0	0	0	0	0	0	0	0	0	0	0	0	0	0	0	0	0	0	134	0	0	0	0	0	
47116	Pallidum_L	0	0	7368	0	0	0	0	0	0	0	0	0	0	0	0	0	0	0	6474	0	0	0	0	0	0	0	0	0	0	0	0	0	0	0	0	0	186	0	0	0	0	0	0	0	0	0	0	0	0	0	0	0	0	0	0	0	0	0	0	0	0	0	0	0	0	0	0	0	0	0	2172	0	5740	0	0	0	1618	0	0	0	0	0	0	0	0	0	0	0	0	0	0	0	0	0	0	0	0	0	0	0	0	0	0	0	0	0	0	0	0	0	0	0	0	0	0	0	
11044	Pallidum_R	0	112	0	1200	0	0	0	716	0	0	0	146	0	0	0	0	0	0	0	548	0	0	0	0	0	0	0	0	0	96	0	0	0	0	0	0	0	282	0	232	0	0	0	0	0	0	0	0	0	0	0	0	0	0	0	184	0	0	0	0	0	0	0	0	0	0	0	0	0	0	0	624	0	1382	0	0	0	0	0	0	0	0	0	0	0	0	0	0	0	0	0	0	0	0	0	0	0	0	0	0	0	0	0	0	0	0	0	0	0	0	0	0	0	0	0	0	
184428	Thalamus_L	4062	4550	16754	4046	0	0	4982	0	0	0	776	0	326	0	0	0	376	0	13240	3722	0	0	0	0	0	0	0	0	3572	0	0	0	0	0	1128	744	5942	0	2484	0	96	0	0	0	0	0	678	0	0	0	0	0	104	0	458	0	1174	0	0	0	0	0	0	0	0	0	0	0	0	0	10772	1008	2902	0	1618	0	0	5820	324	0	118	0	0	0	110	0	0	0	328	0	0	0	0	0	0	0	0	0	0	0	0	0	0	0	0	0	0	0	0	0	0	0	0	0	0	0	
256412	Thalamus_R	1686	5750	0	6510	0	0	906	3634	0	0	0	4508	0	922	0	0	0	1094	288	32324	0	0	0	158	0	0	0	0	108	1532	0	0	0	0	2594	5790	2918	9478	1814	1172	0	0	0	102	0	0	532	410	0	0	0	0	0	148	0	826	0	1060	0	0	0	0	0	122	0	0	0	1932	0	0	812	20140	0	9632	0	0	5820	0	212	310	0	604	0	0	0	660	0	0	0	1272	0	0	0	0	0	0	0	0	0	0	0	0	0	0	0	0	0	0	0	0	426	0	0	0	0	0	
90104	Heschl_L	3454	204	600	216	0	0	1936	0	0	0	1598	0	396	0	0	0	4072	0	382	328	0	0	0	0	0	0	0	0	8774	0	0	0	0	0	216	208	1934	0	682	0	0	0	0	0	0	0	0	0	0	0	1474	0	552	0	1480	0	1758	0	0	0	220	0	456	0	178	0	0	0	0	0	0	0	0	0	0	0	324	212	0	0	5058	0	0	0	4612	0	0	0	3728	0	0	0	0	0	0	0	0	0	0	0	0	0	0	0	0	0	0	0	0	0	0	0	0	0	0	0	
23616	Heschl_R	0	240	0	0	0	0	0	130	0	0	0	312	0	0	0	0	0	1730	0	0	0	0	0	0	0	0	0	0	0	1548	0	0	0	0	0	0	0	412	0	0	0	0	0	0	0	0	0	0	0	0	0	0	0	0	0	148	0	348	0	0	0	0	0	190	0	0	0	0	0	0	0	0	0	130	0	0	0	310	0	0	0	4348	0	0	0	1160	0	0	0	802	0	0	0	0	0	0	0	0	0	0	0	0	0	0	0	0	0	0	0	0	0	0	0	0	0	0	
132916	Temporal_Sup_L	882	0	188	0	0	0	440	0	0	0	1952	0	698	0	0	0	6172	0	108	0	0	0	0	0	0	0	0	0	5700	0	0	0	0	0	0	0	1720	0	186	0	0	0	0	0	0	0	0	0	0	0	778	0	164	0	1758	0	1594	0	516	0	456	0	5050	0	542	0	0	0	0	0	0	0	454	0	0	0	118	0	5058	0	0	0	3632	0	18474	0	322	0	9496	0	0	0	0	0	0	0	0	0	0	0	0	0	0	0	0	0	0	0	0	0	0	0	0	0	0	0	
149588	Temporal_Sup_R	0	2062	0	1192	0	0	0	1344	0	0	0	3708	0	0	0	0	0	8236	0	766	0	0	0	0	0	0	0	0	0	3416	0	0	0	282	0	112	0	1582	0	214	0	0	0	670	0	1042	0	254	0	1130	0	2716	0	0	0	1066	0	844	0	182	0	352	0	11212	0	1806	0	1856	0	236	0	0	0	1650	0	0	0	604	0	4348	0	0	0	2088	0	13348	0	144	0	6332	0	0	0	0	0	0	0	0	0	0	0	0	0	0	0	0	0	0	0	0	0	0	0	0	0	0	
74436	Temporal_Pole_Sup_L	280	0	314	0	612	0	392	0	542	0	2940	0	1496	0	1898	0	2400	0	0	0	120	0	0	0	0	0	0	0	4806	0	0	0	0	0	0	0	494	0	102	0	270	0	0	0	0	0	0	0	0	0	0	0	0	0	2654	0	0	0	0	0	0	0	0	0	0	0	0	0	0	0	156	0	1130	0	0	0	0	0	0	0	3632	0	0	0	4988	0	3644	0	4348	0	0	0	0	0	0	0	0	0	0	0	0	0	0	0	0	0	0	0	0	0	0	0	0	0	0	0	
39232	Temporal_Pole_Sup_R	0	0	0	732	0	0	0	152	0	0	0	1062	0	0	0	90	0	916	0	480	0	90	0	0	0	0	0	0	0	1066	0	0	0	0	0	0	0	0	0	1964	0	1452	0	0	0	0	0	0	0	0	0	0	0	0	0	5068	0	0	0	0	0	0	0	0	0	0	0	0	0	0	0	0	0	0	0	0	0	0	0	0	0	2088	0	0	0	598	0	2626	0	1232	0	0	0	0	0	0	0	0	0	0	0	0	0	0	0	0	0	0	0	0	0	0	0	0	0	0	
298596	Temporal_Mid_L	2610	0	0	0	0	0	90	0	0	0	212	0	0	0	0	0	3030	0	0	0	0	0	0	0	0	0	0	0	2542	0	0	0	234	0	1318	0	1510	0	184	0	326	0	1208	0	736	0	300	0	186	0	18886	0	2288	0	6460	0	3068	0	480	0	9610	0	12736	0	8316	0	3526	0	270	0	0	0	0	0	0	0	110	0	4612	0	18474	0	4988	0	0	0	3320	0	37322	0	346	0	0	0	0	0	0	0	0	0	0	0	0	0	0	0	0	0	0	0	0	0	0	0	0	0	
182132	Temporal_Mid_R	0	2380	0	0	0	0	0	728	0	0	0	2326	0	0	0	0	0	3800	0	520	0	0	0	0	0	0	0	0	0	1498	0	0	0	162	0	96	0	3120	0	468	0	0	0	2298	0	1310	0	2256	0	1396	0	11740	0	616	0	5306	0	408	0	0	0	1286	0	5182	0	4178	0	2060	0	626	0	0	0	1686	0	0	0	660	0	1160	0	13348	0	598	0	0	0	1138	0	18716	0	0	0	0	0	0	0	0	0	0	0	0	0	0	0	0	0	0	0	0	0	0	0	0	0	0	
24940	Temporal_Pole_Mid_L	0	0	0	0	0	0	0	0	0	0	0	0	0	0	0	0	0	0	0	0	0	0	0	0	0	0	0	0	0	0	0	0	0	0	0	0	98	0	0	0	140	0	0	0	0	0	0	0	0	0	0	0	0	0	1792	0	0	0	0	0	0	0	0	0	0	0	0	0	0	0	0	0	0	0	0	0	0	0	0	0	322	0	3644	0	3320	0	0	0	3154	0	0	0	0	0	0	0	0	0	0	0	0	0	0	0	0	0	0	0	0	0	0	0	0	0	0	0	
15280	Temporal_Pole_Mid_R	0	0	0	0	0	0	0	0	0	0	0	0	0	0	0	0	0	0	0	0	0	0	0	0	0	0	0	0	0	0	0	0	0	0	0	0	0	0	0	442	0	0	0	0	0	0	0	0	0	0	0	0	0	0	0	2160	0	0	0	0	0	0	0	0	0	0	0	0	0	0	0	0	0	0	0	0	0	0	0	0	0	144	0	2626	0	1138	0	0	0	1130	0	0	0	0	0	0	0	0	0	0	0	0	0	0	0	0	0	0	0	0	0	0	0	0	0	0	
253968	Temporal_Inf_L	1192	0	100	0	0	0	240	0	0	0	196	0	110	0	0	0	1654	0	0	0	0	0	0	0	0	0	0	0	4808	0	0	0	0	0	124	0	7854	0	220	0	1786	0	142	0	162	0	118	0	132	0	4926	0	4610	0	18810	0	914	0	328	0	5404	0	6608	0	3238	0	668	0	0	0	0	0	482	0	0	0	328	0	3728	0	9496	0	4348	0	37322	0	3154	0	0	0	3040	0	394	0	0	0	0	0	348	0	0	0	0	0	0	0	0	0	0	0	0	0	0	0	0	0	
233180	Temporal_Inf_R	228	4322	0	580	0	0	0	1244	0	0	0	3898	0	182	0	0	0	2282	0	1294	0	0	0	0	0	0	0	0	0	5252	0	0	0	286	0	202	0	14228	0	5156	0	0	0	2416	0	1382	0	3644	0	0	0	138	0	4880	0	20994	0	694	0	0	0	90	0	3622	0	0	0	2984	184	650	0	0	0	3970	0	0	0	1272	0	802	0	6332	0	1232	0	18716	0	1130	0	0	0	1930	0	0	0	0	0	0	0	188	0	0	0	186	0	0	0	0	0	0	0	0	0	0	0	0	
368940	Cerebelum_Crus1_L	0	0	0	0	0	0	0	0	0	0	0	0	0	0	0	0	0	0	0	0	0	0	0	0	0	0	0	0	0	0	0	0	0	0	0	0	0	0	0	0	0	0	130	0	0	0	6004	754	0	0	476	0	1504	0	22406	588	0	0	0	0	0	0	0	0	0	0	96	0	0	0	0	0	0	0	0	0	0	0	0	0	0	0	0	0	346	0	0	0	3040	0	0	1656	32298	378	0	0	16640	694	52334	2928	8670	0	13568	332	484	332	0	0	0	102	5502	8530	3462	694	522	0	
373508	Cerebelum_Crus1_R	0	0	0	0	0	0	0	0	0	0	0	0	0	0	0	0	0	0	0	0	0	0	0	0	0	0	0	0	0	0	0	0	0	0	0	0	0	0	0	0	0	0	0	0	0	0	392	4432	0	0	0	0	0	746	0	11842	0	0	0	0	0	0	0	0	0	0	0	0	0	0	0	0	0	0	0	0	0	0	0	0	0	0	0	0	0	0	0	0	0	1930	1656	0	956	29506	0	1996	870	15622	2254	56162	564	2964	1130	27342	152	6874	0	442	0	1156	3594	6300	5126	1472	1274	0	
250980	Cerebelum_Crus2_L	0	0	0	0	0	0	0	0	0	0	0	0	0	0	0	0	0	0	0	0	0	0	0	0	0	0	0	0	0	0	0	0	0	0	0	0	0	0	0	0	0	0	0	0	0	0	1250	0	0	0	120	0	518	0	3178	0	0	0	0	0	0	0	0	0	0	0	0	0	0	0	0	0	0	0	0	0	0	0	0	0	0	0	0	0	0	0	0	0	394	0	32298	956	0	5802	0	0	538	0	6456	588	28854	1824	26476	4380	640	236	0	0	0	0	0	466	7782	2400	334	0	
241452	Cerebelum_Crus2_R	0	0	0	0	0	0	0	0	0	0	0	0	0	0	0	0	0	0	0	0	0	0	0	0	0	0	0	0	0	0	0	0	0	0	0	0	0	0	0	0	0	0	0	0	0	0	112	0	0	0	0	0	0	0	0	0	0	0	0	0	0	0	0	0	0	0	0	0	0	0	0	0	0	0	0	0	0	0	0	0	0	0	0	0	0	0	0	0	0	0	378	29506	5802	0	0	0	136	0	0	3820	4308	17650	4702	38074	212	5284	0	0	0	0	166	246	6498	3002	830	0	
22808	Cerebelum_3_L	0	0	0	0	0	0	0	0	0	0	0	0	0	0	0	0	0	0	0	0	0	0	0	0	0	0	0	0	0	0	0	0	0	0	0	0	0	0	0	0	0	0	0	0	0	0	380	0	0	0	0	0	0	0	0	0	0	0	0	0	0	0	0	0	0	0	0	0	0	0	0	0	0	0	0	0	0	0	0	0	0	0	0	0	0	0	0	0	0	0	0	0	0	0	0	0	5554	0	1058	0	0	0	0	0	406	0	0	0	1080	1938	894	94	0	0	0	0	
30396	Cerebelum_3_R	0	0	0	0	0	0	0	0	0	0	0	0	0	0	0	0	0	0	0	0	0	0	0	0	0	0	0	0	0	0	0	0	0	0	0	0	0	0	0	0	0	0	0	0	0	0	0	604	0	0	0	0	0	0	0	168	0	0	0	0	0	0	0	0	0	0	0	0	0	0	0	0	0	0	0	0	0	0	0	0	0	0	0	0	0	0	0	0	0	0	0	1996	0	0	0	0	124	3270	120	4244	0	0	0	196	0	246	0	0	118	3380	732	0	0	0	0	0	
251424	Cerebelum_4_5_L	0	0	0	0	0	0	0	0	0	0	0	0	0	0	0	0	0	0	0	0	0	0	0	0	0	0	0	0	0	0	0	0	0	0	0	0	0	90	0	0	0	0	0	0	0	0	9992	944	0	0	0	0	144	0	10030	194	0	0	0	0	0	0	0	0	0	0	0	0	0	0	0	0	0	0	0	0	0	0	0	0	0	0	0	0	0	0	0	0	0	0	16640	870	538	136	5554	124	0	2318	38050	2770	164	0	888	212	3360	1624	160	0	1024	2662	20164	3788	0	312	1574	1386	
146864	Cerebelum_4_5_R	0	0	0	0	0	0	0	0	0	0	0	0	0	0	0	0	0	0	0	0	0	0	0	0	0	0	0	0	0	0	0	0	0	0	0	0	0	204	0	712	0	0	0	108	0	0	1382	2074	0	0	0	0	0	112	192	4708	0	0	0	0	0	0	0	0	0	0	0	154	0	0	0	0	0	0	0	0	0	0	0	0	0	0	0	0	0	0	0	0	0	0	694	15622	0	0	0	3270	2318	0	2014	27028	0	0	0	124	0	218	0	456	0	1972	9158	804	0	0	0	108	
387500	Cerebelum_6_L	0	0	0	0	0	0	0	0	0	0	0	0	0	0	0	0	0	0	0	0	0	0	0	0	0	0	0	0	0	0	0	0	0	0	0	0	0	0	0	0	0	0	154	0	0	0	9466	1778	0	0	280	0	620	0	25494	1170	0	0	0	0	0	0	0	0	0	0	0	0	0	0	0	0	0	0	0	0	0	0	0	0	0	0	0	0	0	0	0	0	348	0	52334	2254	6456	0	1058	120	38050	2014	0	5132	2010	0	3318	320	1730	1266	290	0	672	2028	17558	13614	1936	938	1162	180	
343952	Cerebelum_6_R	0	0	0	0	0	0	0	0	0	0	0	0	0	0	0	0	0	0	0	0	0	0	0	0	0	0	0	0	0	0	0	0	0	0	0	0	0	0	0	0	0	0	0	0	0	0	942	7300	0	0	0	0	0	1674	188	16504	0	0	0	0	0	0	0	0	0	0	0	0	0	0	0	0	0	0	0	0	0	0	0	0	0	0	0	0	0	0	0	0	0	188	2928	56162	588	3820	0	4244	2770	27028	5132	0	376	600	842	4768	134	2502	0	870	220	3524	11190	10402	3728	1672	1680	0	
176448	Cerebelum_7b_L	0	0	0	0	0	0	0	0	0	0	0	0	0	0	0	0	0	0	0	0	0	0	0	0	0	0	0	0	0	0	0	0	0	0	0	0	0	0	0	0	0	0	0	0	0	0	0	0	0	0	0	0	0	0	176	0	0	0	0	0	0	0	0	0	0	0	0	0	0	0	0	0	0	0	0	0	0	0	0	0	0	0	0	0	0	0	0	0	0	0	8670	564	28854	4308	0	0	164	0	2010	376	0	1654	26488	4516	1452	222	210	0	0	0	0	418	4994	2970	178	0	
99004	Cerebelum_7b_R	0	0	0	0	0	0	0	0	0	0	0	0	0	0	0	0	0	0	0	0	0	0	0	0	0	0	0	0	0	0	0	0	0	0	0	0	0	0	0	0	0	0	0	0	0	0	0	0	0	0	0	0	0	0	0	0	0	0	0	0	0	0	0	0	0	0	0	0	0	0	0	0	0	0	0	0	0	0	0	0	0	0	0	0	0	0	0	0	0	0	0	2964	1824	17650	0	0	0	0	0	600	1654	0	1348	18582	0	2492	0	0	0	0	0	0	1252	1136	0	0	
231036	Cerebelum_8_L	0	0	0	0	0	0	0	0	0	0	0	0	0	0	0	0	0	0	0	0	0	0	0	0	0	0	0	0	0	0	0	0	0	0	0	0	0	0	0	0	0	0	0	0	0	0	0	0	0	0	0	0	0	0	352	114	0	0	0	0	0	0	0	0	0	0	0	0	0	0	0	0	0	0	0	0	0	0	0	0	0	0	0	0	0	0	0	0	0	0	13568	1130	26476	4702	0	0	888	0	3318	842	26488	1348	0	6054	13238	714	1554	0	0	0	216	1056	6360	5804	1296	0	
268848	Cerebelum_8_R	0	0	0	0	0	0	0	0	0	0	0	0	0	0	0	0	0	0	0	0	0	0	0	0	0	0	0	0	0	0	0	0	0	0	0	0	0	0	0	0	0	0	0	0	0	0	140	0	0	0	0	0	0	0	0	0	0	0	0	0	0	0	0	0	0	0	0	0	0	0	0	0	0	0	0	0	0	0	0	0	0	0	0	0	0	0	0	0	0	186	332	27342	4380	38074	0	196	212	124	320	4768	4516	18582	6054	0	366	14780	0	292	92	144	206	620	5600	5306	1792	0	
70496	Cerebelum_9_L	0	0	0	0	0	0	0	0	0	0	0	0	0	0	0	0	0	0	0	0	0	0	0	0	0	0	0	0	0	0	0	0	0	0	0	0	0	0	0	0	0	0	0	0	0	0	560	0	0	0	0	0	0	0	0	0	0	0	0	0	0	0	0	0	0	0	0	0	0	0	0	0	0	0	0	0	0	0	0	0	0	0	0	0	0	0	0	0	0	0	484	152	640	212	406	0	3360	0	1730	134	1452	0	13238	366	0	1044	2662	0	0	0	2300	2342	706	1512	1694	254	
114776	Cerebelum_9_R	0	0	0	0	0	0	0	0	0	0	0	0	0	0	0	0	0	0	0	0	0	0	0	0	0	0	0	0	0	0	0	0	0	0	0	0	0	0	0	0	0	0	0	0	0	0	1030	0	0	0	0	0	0	0	0	0	0	0	0	0	0	0	0	0	0	0	0	0	0	0	0	0	0	0	0	0	0	0	0	0	0	0	0	0	0	0	0	0	0	0	332	6874	236	5284	0	246	1624	218	1266	2502	222	2492	714	14780	1044	0	224	1286	610	910	2022	3768	1500	2904	4214	1086	
11924	Cerebelum_10_L	0	0	0	0	0	0	0	0	0	0	0	0	0	0	0	0	0	0	0	0	0	0	0	0	0	0	0	0	0	0	0	0	0	0	0	0	0	0	0	0	0	0	0	0	0	0	0	0	0	0	0	0	0	0	0	0	0	0	0	0	0	0	0	0	0	0	0	0	0	0	0	0	0	0	0	0	0	0	0	0	0	0	0	0	0	0	0	0	0	0	0	0	0	0	0	0	160	0	290	0	210	0	1554	0	2662	224	0	0	0	0	0	304	94	222	242	0	
8480	Cerebelum_10_R	0	0	0	0	0	0	0	0	0	0	0	0	0	0	0	0	0	0	0	0	0	0	0	0	0	0	0	0	0	0	0	0	0	0	0	0	0	0	0	0	0	0	0	0	0	0	0	0	0	0	0	0	0	0	0	0	0	0	0	0	0	0	0	0	0	0	0	0	0	0	0	0	0	0	0	0	0	0	0	0	0	0	0	0	0	0	0	0	0	0	0	442	0	0	0	0	0	456	0	870	0	0	0	292	0	1286	0	0	0	0	0	202	204	246	242	0	
24216	Vermis_1_2	0	0	0	0	0	0	0	0	0	0	0	0	0	0	0	0	0	0	0	0	0	0	0	0	0	0	0	0	0	0	0	0	0	0	0	0	0	0	0	0	0	0	0	0	0	0	0	0	0	0	0	0	0	0	0	0	0	0	0	0	0	0	0	0	0	0	0	0	0	0	0	0	0	0	0	0	0	0	0	0	0	0	0	0	0	0	0	0	0	0	0	0	0	0	1080	118	1024	0	672	220	0	0	0	92	0	610	0	0	0	5882	1750	270	0	144	246	0	
60048	Vermis_3	0	0	0	0	0	0	0	0	0	0	0	0	0	0	0	0	0	0	0	0	0	0	0	0	0	0	0	0	0	0	0	0	0	0	0	0	0	0	0	0	0	0	0	0	0	0	144	0	0	0	0	0	0	0	0	198	0	0	0	0	0	0	0	0	0	0	0	0	0	0	0	0	0	0	0	0	0	0	0	0	0	0	0	0	0	0	0	0	0	0	102	1156	0	0	1938	3380	2662	1972	2028	3524	0	0	0	144	0	910	0	0	5882	0	5050	444	0	166	324	0	
214036	Vermis_4_5	0	0	0	0	0	0	0	0	0	0	0	0	0	0	0	0	0	0	0	302	0	0	0	0	0	0	0	0	0	0	0	0	0	0	0	702	0	1008	0	136	0	0	120	0	0	0	5056	2150	0	0	98	0	148	0	2628	1650	0	0	0	0	0	0	0	0	0	0	0	1012	0	0	0	0	0	134	0	0	0	426	0	0	0	0	0	0	0	0	0	0	0	0	5502	3594	0	166	894	732	20164	9158	17558	11190	0	0	216	206	2300	2022	0	0	1750	5050	0	7362	0	322	1724	1538	
171228	Vermis_6	0	0	0	0	0	0	0	0	0	0	0	0	0	0	0	0	0	0	0	0	0	0	0	0	0	0	0	0	0	0	0	0	0	0	0	0	0	0	0	0	0	0	0	0	0	0	3208	3558	0	0	92	0	114	246	1978	4534	0	0	0	0	0	0	0	0	0	0	0	0	0	0	0	0	0	0	0	0	0	0	0	0	0	0	0	0	0	0	0	0	0	0	8530	6300	466	246	94	0	3788	804	13614	10402	418	0	1056	620	2342	3768	304	202	270	444	7362	0	3142	2362	4058	1292	
120436	Vermis_7	0	0	0	0	0	0	0	0	0	0	0	0	0	0	0	0	0	0	0	0	0	0	0	0	0	0	0	0	0	0	0	0	0	0	0	0	0	0	0	0	0	0	0	0	0	0	226	594	0	0	0	0	0	0	172	268	0	0	0	0	0	0	0	0	0	0	0	0	0	0	0	0	0	0	0	0	0	0	0	0	0	0	0	0	0	0	0	0	0	0	3462	5126	7782	6498	0	0	0	0	1936	3728	4994	1252	6360	5600	706	1500	94	204	0	0	0	3142	0	4514	2060	0	
84988	Vermis_8	0	0	0	0	0	0	0	0	0	0	0	0	0	0	0	0	0	0	0	0	0	0	0	0	0	0	0	0	0	0	0	0	0	0	0	0	0	0	0	0	0	0	0	0	0	0	138	0	0	0	0	0	0	0	0	0	0	0	0	0	0	0	0	0	0	0	0	0	0	0	0	0	0	0	0	0	0	0	0	0	0	0	0	0	0	0	0	0	0	0	694	1472	2400	3002	0	0	312	0	938	1672	2970	1136	5804	5306	1512	2904	222	246	144	166	322	2362	4514	0	4258	0	
62820	Vermis_9	0	0	0	0	0	0	0	0	0	0	0	0	0	0	0	0	0	0	0	0	0	0	0	0	0	0	0	0	0	0	0	0	0	0	0	0	0	0	0	0	0	0	0	0	0	0	1026	0	0	0	0	0	0	0	0	0	0	0	0	0	0	0	0	0	0	0	0	0	0	0	0	0	0	0	0	0	0	0	0	0	0	0	0	0	0	0	0	0	0	0	522	1274	334	830	0	0	1574	0	1162	1680	178	0	1296	1792	1694	4214	242	242	246	324	1724	4058	2060	4258	0	680	
14892	Vermis_10	0	0	0	0	0	0	0	0	0	0	0	0	0	0	0	0	0	0	0	0	0	0	0	0	0	0	0	0	0	0	0	0	0	0	0	0	0	0	0	0	0	0	0	0	0	0	922	0	0	0	0	0	0	0	0	0	0	0	0	0	0	0	0	0	0	0	0	0	0	0	0	0	0	0	0	0	0	0	0	0	0	0	0	0	0	0	0	0	0	0	0	0	0	0	0	0	1386	108	180	0	0	0	0	0	254	1086	0	0	0	0	1538	1292	0	0	680	0	
