data	data	500580	311172	657120	614196	132336	130000	483896	199744	110868	26556	305740	292876	290480	128128	134376	69824	315680	298912	603388	731172	82716	83096	351468	260500	27688	93124	57788	63780	705364	464560	308820	438620	202964	527100	110292	140940	268084	264228	126388	213836	47004	61424	289864	445476	226912	362900	278268	308500	198332	325520	482120	257264	195896	101760	474720	384444	322476	270132	118836	129048	175632	119448	75748	96952	102008	124104	262652	444092	232244	274100	374748	418680	358572	368084	57876	23612	114032	163336	106072	68964	273356	166140	153472	117112	319024	241032	16344	20612	307480	210700	501260	496180	335760	313848	46520	77440	369820	224252	527144	441528	282780	173440	379608	318252	243832	163044	24412	11732	72240	129260	302592	211568	290928	158044	109052	38908	
data	data	Precentral_L	Precentral_R	Frontal_Sup_L	Frontal_Sup_R	Frontal_Sup_Orb_L	Frontal_Sup_Orb_R	Frontal_Mid_L	Frontal_Mid_R	Frontal_Mid_Orb_L	Frontal_Mid_Orb_R	Frontal_Inf_Oper_L	Frontal_Inf_Oper_R	Frontal_Inf_Tri_L	Frontal_Inf_Tri_R	Frontal_Inf_Orb_L	Frontal_Inf_Orb_R	Rolandic_Oper_L	Rolandic_Oper_R	Supp_Motor_Area_L	Supp_Motor_Area_R	Olfactory_L	Olfactory_R	Frontal_Sup_Medial_L	Frontal_Sup_Medial_R	Frontal_Med_Orb_L	Frontal_Med_Orb_R	Rectus_L	Rectus_R	Insula_L	Insula_R	Cingulum_Ant_L	Cingulum_Ant_R	Cingulum_Mid_L	Cingulum_Mid_R	Cingulum_Post_L	Cingulum_Post_R	Hippocampus_L	Hippocampus_R	ParaHippocampal_L	ParaHippocampal_R	Amygdala_L	Amygdala_R	Calcarine_L	Calcarine_R	Cuneus_L	Cuneus_R	Lingual_L	Lingual_R	Occipital_Sup_L	Occipital_Sup_R	Occipital_Mid_L	Occipital_Mid_R	Occipital_Inf_L	Occipital_Inf_R	Fusiform_L	Fusiform_R	Postcentral_L	Postcentral_R	Parietal_Sup_L	Parietal_Sup_R	Parietal_Inf_L	Parietal_Inf_R	SupraMarginal_L	SupraMarginal_R	Angular_L	Angular_R	Precuneus_L	Precuneus_R	Paracentral_Lobule_L	Paracentral_Lobule_R	Caudate_L	Caudate_R	Putamen_L	Putamen_R	Pallidum_L	Pallidum_R	Thalamus_L	Thalamus_R	Heschl_L	Heschl_R	Temporal_Sup_L	Temporal_Sup_R	Temporal_Pole_Sup_L	Temporal_Pole_Sup_R	Temporal_Mid_L	Temporal_Mid_R	Temporal_Pole_Mid_L	Temporal_Pole_Mid_R	Temporal_Inf_L	Temporal_Inf_R	Cerebelum_Crus1_L	Cerebelum_Crus1_R	Cerebelum_Crus2_L	Cerebelum_Crus2_R	Cerebelum_3_L	Cerebelum_3_R	Cerebelum_4_5_L	Cerebelum_4_5_R	Cerebelum_6_L	Cerebelum_6_R	Cerebelum_7b_L	Cerebelum_7b_R	Cerebelum_8_L	Cerebelum_8_R	Cerebelum_9_L	Cerebelum_9_R	Cerebelum_10_L	Cerebelum_10_R	Vermis_1_2	Vermis_3	Vermis_4_5	Vermis_6	Vermis_7	Vermis_8	Vermis_9	Vermis_10	
500580	Precentral_L	0	3332	17092	5440	0	0	12576	122	0	0	14712	2284	2010	72	0	0	15254	688	20132	12580	0	0	0	0	0	0	0	0	10754	2218	0	152	342	4724	334	0	7102	98	250	0	0	0	0	0	0	0	0	0	0	0	350	0	166	0	1554	0	28862	1740	0	0	858	0	892	0	0	0	0	0	23764	5648	5978	278	10742	390	4588	174	17944	448	4638	0	4478	0	796	614	1328	0	0	0	1792	0	0	0	0	0	0	0	0	0	0	0	0	0	0	0	0	0	0	0	0	0	0	0	0	0	0	0	
311172	Precentral_R	3332	0	1022	12182	0	0	444	9180	0	0	222	7080	286	820	0	140	754	7858	2304	11366	0	0	0	0	0	0	0	0	2524	4248	526	680	156	1782	428	2278	296	3208	0	342	0	0	0	1190	0	448	0	230	0	978	0	294	0	0	182	404	80	21508	0	200	0	376	0	1654	0	212	90	1922	5850	10640	2204	10070	1356	2248	0	556	1090	14538	0	874	370	896	118	200	0	642	0	0	74	422	0	0	0	0	0	0	0	70	0	0	0	0	0	0	0	0	0	0	0	0	142	0	0	0	0	0	
657120	Frontal_Sup_L	17092	1022	0	4328	6622	198	62204	286	1916	0	15672	1984	14458	236	818	84	6758	1880	57902	6316	0	0	33908	3840	240	298	252	0	19770	1630	15260	5880	6248	3570	0	0	776	66	0	0	0	0	0	0	0	0	0	0	0	0	0	0	0	0	70	0	2998	0	0	0	0	0	0	0	0	0	0	0	3400	144	4832	622	11858	370	4442	224	690	0	638	128	3152	150	1878	704	222	0	0	0	524	0	0	0	0	0	0	0	0	0	0	0	0	0	0	0	0	0	0	0	0	0	0	0	0	0	0	0	
614196	Frontal_Sup_R	5440	12182	4328	0	0	3696	1708	24012	0	68	190	7002	332	2796	0	1144	1316	7224	11950	57072	0	0	10672	31140	0	2128	0	0	2856	10098	5308	22448	2540	15638	64	0	264	1678	0	174	0	0	0	180	0	0	0	0	0	266	0	66	0	0	86	284	1448	2354	0	112	0	236	0	900	0	122	0	356	2394	1268	2772	18486	2140	13322	322	824	776	6056	192	1402	336	2196	86	1538	0	596	0	0	68	446	0	0	0	0	0	0	0	0	0	0	0	0	0	0	0	0	0	0	0	0	0	0	0	0	0	0	
132336	Frontal_Sup_Orb_L	0	0	6622	0	0	0	464	0	13324	0	0	0	192	0	9110	0	0	0	0	0	1896	84	5204	386	3832	292	8882	0	3664	0	4782	246	0	0	0	0	0	0	272	0	712	0	0	0	0	0	0	0	0	0	0	0	0	0	0	0	0	0	0	0	0	0	0	0	0	0	0	0	0	0	562	0	5052	0	0	0	0	0	0	0	0	0	590	0	0	0	0	0	0	0	0	0	0	0	0	0	0	0	0	0	0	0	0	0	0	0	0	0	0	0	0	0	0	0	0	0	
130000	Frontal_Sup_Orb_R	0	0	198	3696	0	0	120	650	0	5292	0	0	0	90	0	6730	0	0	0	0	84	3054	720	4788	90	9950	0	9302	0	1740	822	4488	0	0	0	0	0	0	0	0	0	0	0	0	0	0	0	0	0	0	0	0	0	0	0	0	0	0	0	0	0	0	0	0	0	0	0	0	0	0	124	5010	0	8052	0	0	0	0	0	0	0	0	0	0	0	0	0	0	0	0	0	0	0	0	0	0	0	0	0	0	0	0	0	0	0	0	0	0	0	0	0	0	0	0	0	0	
483896	Frontal_Mid_L	12576	444	62204	1708	464	120	0	396	1246	0	10518	2134	31152	194	1712	0	530	622	17038	1000	0	0	22528	2322	0	146	0	0	20870	2106	8994	4314	6040	2376	0	0	502	0	0	0	0	0	0	0	0	0	0	0	0	0	0	0	0	0	0	0	826	0	0	0	0	0	0	0	0	0	0	0	372	192	8132	416	12882	584	1430	112	272	0	402	0	434	0	822	602	0	0	0	0	214	0	0	0	0	0	0	0	0	0	0	0	0	0	0	0	0	0	0	0	0	0	0	0	0	0	0	0	
199744	Frontal_Mid_R	122	9180	286	24012	0	650	396	0	0	392	392	7606	212	6016	0	1280	1306	2196	902	2340	0	0	726	2540	0	0	0	0	3802	8496	1396	4528	134	1452	0	0	454	696	0	0	0	0	0	0	0	0	0	0	0	0	0	0	0	0	280	0	0	366	0	0	0	0	0	98	0	0	0	0	70	70	3066	3814	1500	5038	0	68	420	758	0	484	836	488	268	564	0	0	0	0	172	0	0	0	0	0	0	0	0	0	0	0	0	0	0	0	0	0	0	0	0	0	0	0	0	0	0	0	
110868	Frontal_Mid_Orb_L	0	0	1916	0	13324	0	1246	0	0	0	224	0	1826	0	15414	0	0	0	0	0	248	0	142	0	1072	0	4656	0	8164	0	458	0	0	0	0	0	0	0	0	0	0	0	0	0	0	0	0	0	0	0	0	0	0	0	0	0	0	0	0	0	0	0	0	0	0	0	0	0	0	0	238	0	5224	0	0	0	0	0	0	0	0	0	1282	0	0	0	0	0	0	0	0	0	0	0	0	0	0	0	0	0	0	0	0	0	0	0	0	0	0	0	0	0	0	0	0	0	
26556	Frontal_Mid_Orb_R	0	0	0	68	0	5292	0	392	0	0	0	0	0	98	0	5600	0	0	0	0	0	128	0	0	0	0	0	398	0	294	0	0	0	0	0	0	0	0	0	0	0	0	0	0	0	0	0	0	0	0	0	0	0	0	0	0	0	0	0	0	0	0	0	0	0	0	0	0	0	0	0	128	0	880	0	0	0	0	0	0	0	0	0	0	0	0	0	0	0	0	0	0	0	0	0	0	0	0	0	0	0	0	0	0	0	0	0	0	0	0	0	0	0	0	0	0	
305740	Frontal_Inf_Oper_L	14712	222	15672	190	0	0	10518	392	224	0	0	2564	16556	0	236	0	13008	994	13444	334	0	0	838	0	0	0	0	0	29554	2402	324	300	354	112	0	0	676	0	0	0	0	0	0	0	0	0	0	0	0	0	0	0	0	0	70	0	3654	0	0	0	0	0	0	0	0	0	0	0	0	0	6104	320	1990	362	0	0	0	0	842	0	6390	0	8282	802	108	0	0	0	320	0	0	0	0	0	0	0	0	0	0	0	0	0	0	0	0	0	0	0	0	0	0	0	0	0	0	0	
292876	Frontal_Inf_Oper_R	2284	7080	1984	7002	0	0	2134	7606	0	0	2564	0	2330	8216	84	188	492	14682	3684	6588	0	0	232	434	0	0	0	0	4704	33816	500	1726	184	4144	0	0	200	1016	0	524	0	0	0	0	0	0	0	0	0	0	0	0	0	0	0	392	666	626	0	0	0	0	0	0	0	0	0	0	0	0	8510	4756	536	5884	356	94	0	154	314	458	156	694	750	7536	0	0	0	0	0	0	0	0	0	0	0	0	0	158	0	0	0	0	0	0	0	0	0	0	0	0	0	0	0	0	0	0	
290480	Frontal_Inf_Tri_L	2010	286	14458	332	192	0	31152	212	1826	0	16556	2330	0	386	6012	0	872	710	9126	370	0	0	2668	0	0	0	0	0	34890	2166	936	186	512	84	0	0	0	0	0	0	0	0	0	0	0	0	0	0	0	0	0	0	0	0	0	0	222	0	0	0	0	0	0	0	0	0	0	0	0	0	6578	302	6306	102	0	0	0	0	0	72	496	68	2186	636	0	0	0	0	0	0	0	0	0	0	0	0	0	0	0	0	0	0	0	0	0	0	0	0	0	0	0	0	0	0	0	0	
128128	Frontal_Inf_Tri_R	72	820	236	2796	0	90	194	6016	0	98	0	8216	386	0	0	3290	0	1902	430	2760	0	0	236	64	0	0	0	0	618	15378	342	2614	282	2614	0	0	0	324	0	166	0	0	0	0	0	0	0	0	0	0	0	0	0	0	0	108	0	0	0	0	0	0	0	0	0	0	0	0	0	0	2478	6710	116	3938	0	0	0	0	0	0	0	102	0	602	0	0	0	0	0	0	0	0	0	0	0	0	0	66	0	0	0	0	0	0	0	0	0	0	0	0	0	0	0	0	0	0	
134376	Frontal_Inf_Orb_L	0	0	818	0	9110	0	1712	0	15414	0	236	84	6012	0	0	0	0	0	0	0	3102	0	0	0	160	0	1714	0	15218	80	0	0	0	0	0	0	274	0	344	0	998	0	0	0	0	0	0	0	0	0	0	0	0	0	106	0	0	0	0	0	0	0	0	0	0	0	0	0	0	0	884	0	6480	0	0	0	0	0	0	0	0	0	4442	0	0	0	0	0	0	0	0	0	0	0	0	0	0	0	0	0	0	0	0	0	0	0	0	0	0	0	0	0	0	0	0	0	
69824	Frontal_Inf_Orb_R	0	140	84	1144	0	6730	0	1280	0	5600	0	188	0	3290	0	0	0	440	140	702	0	1384	0	0	0	0	0	1408	0	6212	0	232	0	348	0	0	0	134	0	102	0	144	0	0	0	0	0	0	0	0	0	0	0	0	0	0	0	0	0	0	0	0	0	0	0	0	0	0	0	0	136	2064	0	2918	0	0	0	0	0	0	0	0	0	92	0	0	0	0	0	0	0	0	0	0	0	0	0	0	0	0	0	0	0	0	0	0	0	0	0	0	0	0	0	0	0	0	
315680	Rolandic_Oper_L	15254	754	6758	1316	0	0	530	1306	0	0	13008	492	872	0	0	0	0	334	13924	1598	0	0	0	0	0	0	0	0	26356	466	140	166	188	0	0	0	3876	0	634	0	0	0	176	0	146	0	460	0	0	0	2804	0	2036	0	2528	0	13696	0	772	0	1162	0	2020	0	518	0	404	0	80	122	3020	134	2324	88	274	0	488	0	8958	0	15600	0	4646	146	3346	0	0	0	3064	0	0	0	0	0	0	0	356	0	430	0	0	0	0	0	0	0	0	0	0	0	70	0	0	0	0	0	
298912	Rolandic_Oper_R	688	7858	1880	7224	0	0	622	2196	0	0	994	14682	710	1902	0	440	334	0	2424	6044	0	0	98	210	0	0	0	0	2088	21992	650	1086	168	502	0	0	104	3674	0	1524	0	0	0	0	0	0	0	0	0	70	0	0	0	0	0	1056	244	6426	0	0	0	92	0	4278	0	0	0	106	0	64	3088	7930	372	14054	146	2660	0	1758	72	9904	168	9008	320	7232	0	0	0	0	0	126	0	0	0	0	0	0	0	188	0	0	0	0	0	0	0	0	0	0	0	0	0	0	0	0	0	0	
603388	Supp_Motor_Area_L	20132	2304	57902	11950	0	0	17038	902	0	0	13444	3684	9126	430	0	140	13924	2424	0	28720	0	0	8984	1278	0	0	0	0	21502	3444	6014	5308	8578	17918	174	0	1368	0	0	0	0	0	0	0	0	0	0	0	0	0	0	0	0	0	352	0	6390	0	0	0	0	0	0	0	0	0	0	0	6904	1402	5396	2616	8096	1510	1334	106	326	0	1354	154	5090	188	1800	1024	418	0	0	0	546	0	0	0	0	0	0	0	0	0	0	0	0	0	0	0	0	0	0	0	0	0	0	0	0	0	0	0	
731172	Supp_Motor_Area_R	12580	11366	6316	57072	0	0	1000	2340	0	0	334	6588	370	2760	0	702	1598	6044	28720	0	0	0	1730	4120	0	0	0	0	3032	9872	4038	7766	5900	49392	1822	1488	312	686	0	176	0	80	0	1910	0	1334	0	302	0	1946	0	1070	0	248	88	374	2090	6538	0	1082	0	1434	0	1142	0	750	220	5240	17478	32214	2994	26092	2196	6556	374	784	1290	13646	292	974	416	2212	156	1420	68	1572	0	0	66	814	0	0	0	0	0	0	0	0	0	0	0	0	0	0	0	0	0	0	0	0	0	0	0	0	0	0	
82716	Olfactory_L	0	0	0	0	1896	84	0	0	248	0	0	0	0	0	3102	0	0	0	0	0	0	4892	0	0	120	296	2322	1058	3338	0	2718	2038	0	0	0	0	554	0	1286	0	1730	0	0	0	0	0	0	0	0	0	0	0	0	0	330	0	0	0	0	0	0	0	0	0	0	0	0	0	0	0	6816	2912	2596	568	0	0	0	0	0	0	0	0	2454	0	0	0	0	0	0	0	0	0	0	0	0	0	0	0	0	0	0	0	0	0	0	0	0	0	0	0	0	0	0	0	0	0	
83096	Olfactory_R	0	0	0	0	84	3054	0	0	0	128	0	0	0	0	0	1384	0	0	0	0	4892	0	0	0	80	752	1206	5238	0	1572	2688	2844	0	0	0	0	0	120	0	188	0	548	0	0	0	0	0	0	0	0	0	0	0	0	0	0	0	0	0	0	0	0	0	0	0	0	0	0	0	0	6828	6058	2612	1272	0	0	0	0	0	0	0	0	0	0	0	0	0	0	0	0	0	0	0	0	0	0	0	0	0	0	0	0	0	0	0	0	0	0	0	0	0	0	0	0	0	0	
351468	Frontal_Sup_Medial_L	0	0	33908	10672	5204	720	22528	726	142	0	838	232	2668	236	0	0	0	98	8984	1730	0	0	0	19318	1832	1934	318	0	1362	600	19978	20178	8172	10074	0	0	0	0	0	0	0	0	0	0	0	0	0	0	0	0	0	0	0	0	0	0	0	0	0	0	0	0	0	0	0	0	0	0	0	0	254	830	798	1166	0	0	0	0	0	0	0	0	170	64	0	0	0	0	0	0	0	0	0	0	0	0	0	0	0	0	0	0	0	0	0	0	0	0	0	0	0	0	0	0	0	0	
260500	Frontal_Sup_Medial_R	0	0	3840	31140	386	4788	2322	2540	0	0	0	434	0	64	0	0	0	210	1278	4120	0	0	19318	0	750	6650	0	0	0	696	6984	23818	900	9306	0	0	0	0	0	0	0	0	0	0	0	0	0	0	0	0	0	0	0	0	0	0	0	0	0	0	0	0	0	0	0	0	0	0	0	0	108	4722	70	5676	0	0	0	0	0	0	0	0	0	130	0	0	0	0	0	0	0	0	0	0	0	0	0	0	0	0	0	0	0	0	0	0	0	0	0	0	0	0	0	0	0	0	
27688	Frontal_Med_Orb_L	0	0	240	0	3832	90	0	0	1072	0	0	0	0	0	160	0	0	0	0	0	120	80	1832	750	0	854	2128	92	94	0	2058	140	0	0	0	0	0	0	0	0	0	0	0	0	0	0	0	0	0	0	0	0	0	0	0	0	0	0	0	0	0	0	0	0	0	0	0	0	0	0	134	0	168	0	0	0	0	0	0	0	0	0	0	0	0	0	0	0	0	0	0	0	0	0	0	0	0	0	0	0	0	0	0	0	0	0	0	0	0	0	0	0	0	0	0	0	
93124	Frontal_Med_Orb_R	0	0	298	2128	292	9950	146	0	0	0	0	0	0	0	0	0	0	0	0	0	296	752	1934	6650	854	0	116	5056	0	0	2070	6082	0	0	0	0	0	0	0	0	0	0	0	0	0	0	0	0	0	0	0	0	0	0	0	0	0	0	0	0	0	0	0	0	0	0	0	0	0	0	316	4444	118	5060	0	0	0	0	0	0	0	0	0	0	0	0	0	0	0	0	0	0	0	0	0	0	0	0	0	0	0	0	0	0	0	0	0	0	0	0	0	0	0	0	0	0	
57788	Rectus_L	0	0	252	0	8882	0	0	0	4656	0	0	0	0	0	1714	0	0	0	0	0	2322	1206	318	0	2128	116	0	458	176	0	2718	682	0	0	0	0	0	0	0	0	162	0	0	0	0	0	0	0	0	0	0	0	0	0	0	0	0	0	0	0	0	0	0	0	0	0	0	0	0	0	1994	392	620	0	0	0	0	0	0	0	0	0	98	0	0	0	0	0	0	0	0	0	0	0	0	0	0	0	0	0	0	0	0	0	0	0	0	0	0	0	0	0	0	0	0	0	
63780	Rectus_R	0	0	0	0	0	9302	0	0	0	398	0	0	0	0	0	1408	0	0	0	0	1058	5238	0	0	92	5056	458	0	0	624	672	2174	0	0	0	0	0	0	0	0	0	0	0	0	0	0	0	0	0	0	0	0	0	0	0	0	0	0	0	0	0	0	0	0	0	0	0	0	0	0	1016	2858	318	1218	0	0	0	0	0	0	0	0	0	0	0	0	0	0	0	0	0	0	0	0	0	0	0	0	0	0	0	0	0	0	0	0	0	0	0	0	0	0	0	0	0	0	
705364	Insula_L	10754	2524	19770	2856	3664	0	20870	3802	8164	0	29554	4704	34890	618	15218	0	26356	2088	21502	3032	3338	0	1362	0	94	0	176	0	0	4468	1304	528	610	182	296	0	13964	86	1934	0	2940	0	0	0	0	0	74	0	0	0	640	0	458	0	6288	0	6014	0	0	0	300	0	342	0	0	0	0	0	290	166	23712	930	24448	566	96	0	924	72	7344	312	12750	416	14820	1306	2868	0	0	0	5898	0	0	0	0	0	0	0	0	0	0	0	0	0	0	0	0	0	0	0	0	0	0	0	0	0	0	0	
464560	Insula_R	2218	4248	1630	10098	0	1740	2106	8496	0	294	2402	33816	2166	15378	80	6212	466	21992	3444	9872	0	1572	600	696	0	0	0	624	4468	0	504	4302	542	6772	0	0	216	6204	0	2310	0	1122	0	206	0	0	0	0	0	0	0	0	0	0	0	2350	640	4316	0	0	0	0	0	952	0	0	0	208	0	250	9122	13174	614	23320	350	200	0	572	308	3534	134	4298	710	8122	0	1196	0	0	0	832	0	0	0	0	0	0	0	282	0	0	0	0	0	0	0	0	0	0	0	0	0	0	0	0	0	0	
308820	Cingulum_Ant_L	0	526	15260	5308	4782	822	8994	1396	458	0	324	500	936	342	0	0	140	650	6014	4038	2718	2688	19978	6984	2058	2070	2718	672	1304	504	0	27662	7734	8590	70	0	0	0	0	0	0	0	0	0	0	0	0	0	0	0	0	0	0	0	0	0	0	0	0	0	0	0	0	0	0	0	0	0	0	0	8856	3044	4532	1312	0	0	0	0	0	96	120	96	114	0	0	0	0	0	0	0	0	0	0	0	0	0	0	0	0	0	0	0	0	0	0	0	0	0	0	0	0	0	0	0	0	0	
438620	Cingulum_Ant_R	152	680	5880	22448	246	4488	4314	4528	0	0	300	1726	186	2614	0	232	166	1086	5308	7766	2038	2844	20178	23818	140	6082	682	2174	528	4302	27662	0	9288	24014	0	0	0	0	0	0	0	0	0	0	0	0	0	0	0	0	0	0	0	0	0	0	0	0	0	0	0	0	0	0	0	0	0	0	0	0	4988	14486	1660	11568	0	0	0	0	0	108	132	110	158	230	0	0	0	0	0	0	0	0	0	0	0	0	0	0	0	0	0	0	0	0	0	0	0	0	0	0	0	0	0	0	0	0	
202964	Cingulum_Mid_L	342	156	6248	2540	0	0	6040	134	0	0	354	184	512	282	0	0	188	168	8578	5900	0	0	8172	900	0	0	0	0	610	542	7734	9288	0	19964	2846	1130	0	0	0	0	0	0	182	532	142	836	0	0	334	634	1098	312	0	102	0	0	532	256	158	150	0	154	74	0	0	0	3690	2166	2924	1050	132	372	936	694	0	0	0	0	0	0	418	0	0	0	250	382	0	0	88	72	0	0	0	0	0	0	0	0	0	0	0	0	0	0	0	0	0	0	0	0	0	0	0	0	0	0	
527100	Cingulum_Mid_R	4724	1782	3570	15638	0	0	2376	1452	0	0	112	4144	84	2614	0	348	0	502	17918	49392	0	0	10074	9306	0	0	0	0	182	6772	8590	24014	19964	0	1928	5322	0	0	0	0	0	0	0	3110	0	3702	0	700	0	3242	0	1676	0	438	0	188	184	4960	0	1658	0	1484	0	354	0	722	1216	11686	11014	16898	336	2764	198	2794	0	0	0	180	0	0	0	318	0	620	0	1850	0	0	0	450	0	0	0	0	0	0	0	0	0	0	0	0	0	0	0	0	0	0	0	0	0	0	0	0	0	0	
110292	Cingulum_Post_L	334	428	0	64	0	0	0	0	0	0	0	0	0	0	0	0	0	0	174	1822	0	0	0	0	0	0	0	0	296	0	70	0	2846	1928	0	9602	3786	1964	1430	1644	0	0	2306	170	838	458	1672	396	620	82	482	0	106	0	248	0	1548	2490	0	0	0	0	0	0	0	0	6390	3670	2842	2858	0	0	0	0	0	0	226	224	118	0	84	0	0	0	280	78	0	0	238	0	0	0	0	0	0	0	108	0	0	0	0	0	0	0	0	0	0	0	0	0	226	0	0	0	0	0	
140940	Cingulum_Post_R	0	2278	0	0	0	0	0	0	0	0	0	0	0	0	0	0	0	0	0	1488	0	0	0	0	0	0	0	0	0	0	0	0	1130	5322	9602	0	3304	2744	1302	2178	0	0	86	2198	518	968	524	4108	218	420	0	112	0	142	68	982	0	4592	0	84	0	68	0	0	0	94	2902	14026	254	4696	0	0	0	70	0	0	380	856	0	0	0	92	0	0	0	336	0	0	0	708	0	0	0	0	0	0	0	82	0	0	0	0	0	0	0	0	0	0	0	0	1538	0	0	0	0	0	
268084	Hippocampus_L	7102	296	776	264	0	0	502	454	0	0	676	200	0	0	274	0	3876	104	1368	312	554	0	0	0	0	0	0	0	13964	216	0	0	0	0	3786	3304	0	2814	13138	2328	6476	0	368	0	0	0	2082	372	0	0	102	0	356	0	19008	0	3260	0	0	0	0	0	0	0	0	0	1458	1446	600	64	2192	0	6606	0	432	0	4274	934	4374	0	4784	0	2158	0	3544	0	74	0	11732	0	82	0	0	0	0	0	518	0	250	0	0	0	0	0	0	0	0	0	0	0	188	0	0	0	0	0	
264228	Hippocampus_R	98	3208	66	1678	0	0	0	696	0	0	0	1016	0	324	0	134	0	3674	0	686	0	120	0	0	0	0	0	0	86	6204	0	0	0	0	1964	2744	2814	0	1520	28922	0	10890	0	356	0	0	458	2560	0	0	0	86	0	74	102	18828	0	928	0	0	0	0	0	330	0	0	238	2062	0	148	94	140	104	11234	0	594	1248	5518	0	1434	0	2326	0	942	0	2846	0	180	0	9180	0	154	0	0	0	0	68	2154	0	666	0	0	0	0	0	0	0	0	0	0	218	0	0	0	0	0	
126388	ParaHippocampal_L	250	0	0	0	272	0	0	0	0	0	0	0	0	0	344	0	634	0	0	0	1286	0	0	0	0	0	0	0	1934	0	0	0	0	0	1430	1302	13138	1520	0	1346	3262	0	514	0	138	0	5820	338	0	0	958	0	2124	0	10466	0	792	0	194	0	498	0	246	0	248	0	2020	954	78	0	386	0	552	0	0	0	1130	604	126	0	374	0	1384	0	1476	0	170	0	2218	0	392	0	0	0	84	0	1366	0	826	0	0	0	0	0	0	0	0	0	0	0	0	0	0	0	0	0	
213836	ParaHippocampal_R	0	342	0	174	0	0	0	0	0	0	0	524	0	166	0	102	0	1524	0	176	0	188	0	0	0	0	0	0	0	2310	0	0	0	0	1644	2178	2328	28922	1346	0	0	7260	0	864	0	0	412	4698	0	0	0	0	0	166	80	19052	0	116	0	0	0	0	0	0	0	0	210	2426	0	0	0	72	0	6564	0	558	932	3586	0	430	0	1256	0	1946	0	1462	0	984	0	5932	0	406	0	0	0	578	0	3502	0	1032	0	0	0	0	0	0	0	0	0	168	302	0	0	0	0	0	
47004	Amygdala_L	0	0	0	0	712	0	0	0	0	0	0	0	0	0	998	0	0	0	0	0	1730	0	0	0	0	0	162	0	2940	0	0	0	0	0	0	0	6476	0	3262	0	0	0	0	0	0	0	0	0	0	0	0	0	0	0	3584	0	0	0	0	0	0	0	0	0	0	0	0	0	0	0	196	0	296	0	0	0	0	0	0	0	100	0	2328	0	0	0	140	0	578	0	0	0	0	0	0	0	0	0	0	0	0	0	0	0	0	0	0	0	0	0	0	0	0	0	0	0	
61424	Amygdala_R	0	0	0	0	0	0	0	0	0	0	0	0	0	0	0	144	0	0	0	80	0	548	0	0	0	0	0	0	0	1122	0	0	0	0	0	0	0	10890	0	7260	0	0	0	0	0	0	0	0	0	0	0	0	0	0	0	4278	0	0	0	0	0	0	0	0	0	0	0	0	0	0	0	82	0	1840	0	0	0	86	0	0	0	0	0	1438	0	766	0	228	0	1950	0	0	0	0	0	0	0	0	0	0	0	0	0	0	0	0	0	0	0	0	0	0	0	0	0	0	
289864	Calcarine_L	0	0	0	0	0	0	0	0	0	0	0	0	0	0	0	0	176	0	0	0	0	0	0	0	0	0	0	0	0	0	0	0	182	0	2306	86	368	0	514	0	0	0	0	10536	19524	6174	15618	3864	15910	1950	33560	732	5420	144	2676	654	624	0	206	140	376	0	0	0	1054	0	13316	1724	130	0	0	0	0	0	0	0	0	0	0	0	664	0	0	0	4260	0	0	0	1454	0	0	0	0	0	0	0	204	0	308	0	0	0	0	0	0	0	0	0	0	0	0	78	0	0	0	0	
445476	Calcarine_R	0	1190	0	180	0	0	0	0	0	0	0	0	0	0	0	0	0	0	0	1910	0	0	0	0	0	0	0	0	0	206	0	0	532	3110	170	2198	0	356	0	864	0	0	10536	0	7984	37358	1804	26086	1738	21950	1510	16216	0	9104	0	15878	0	3476	0	1536	0	290	0	160	0	1448	1976	33676	114	1678	0	0	0	0	0	0	0	0	0	0	0	652	0	0	0	9334	0	0	0	5296	166	0	70	0	0	0	0	286	100	126	0	0	0	0	0	0	0	0	0	0	1120	278	76	0	0	0	
226912	Cuneus_L	0	0	0	0	0	0	0	0	0	0	0	0	0	0	0	0	146	0	0	0	0	0	0	0	0	0	0	0	0	0	0	0	142	0	838	518	0	0	138	0	0	0	19524	7984	0	8950	1278	1358	22010	2792	17120	714	654	92	396	550	840	0	1178	216	1070	0	0	0	1180	0	14168	4312	252	0	0	0	0	0	0	0	0	0	0	0	982	0	0	0	2634	0	0	0	1420	0	0	0	0	0	0	0	0	0	0	0	0	0	0	0	0	0	0	0	0	0	0	0	0	0	0	0	
362900	Cuneus_R	0	448	0	0	0	0	0	0	0	0	0	0	0	0	0	0	0	0	0	1334	0	0	0	0	0	0	0	0	0	0	0	0	836	3702	458	968	0	0	0	0	0	0	6174	37358	8950	0	468	7392	1094	35026	1024	15496	0	3774	0	4738	0	896	132	6176	0	256	0	0	0	1230	5286	28882	0	532	0	0	0	0	0	0	0	0	0	0	0	102	0	0	0	6914	0	0	0	1518	100	0	0	0	0	0	0	0	0	0	0	0	0	0	0	0	0	0	0	0	84	102	0	0	0	0	
278268	Lingual_L	0	0	0	0	0	0	0	0	0	0	0	0	0	0	0	0	460	0	0	0	0	0	0	0	0	0	0	0	74	0	0	0	0	0	1672	524	2082	458	5820	412	0	0	15618	1804	1278	468	0	2632	2930	110	15974	0	12142	68	22408	414	356	0	208	0	332	0	0	0	132	0	4580	724	0	0	0	0	0	0	0	0	194	76	88	0	76	0	0	0	322	0	0	0	538	0	7992	236	2162	0	408	0	12398	178	15190	546	0	0	0	0	204	0	0	0	0	134	3354	910	372	0	0	76	
308500	Lingual_R	0	230	0	0	0	0	0	0	0	0	0	0	0	0	0	0	0	0	0	302	0	0	0	0	0	0	0	0	0	0	0	0	0	700	396	4108	372	2560	338	4698	0	0	3864	26086	1358	7392	2632	0	690	6394	620	5224	66	5714	362	24228	0	470	0	202	0	0	0	0	0	0	860	12724	0	536	0	0	0	74	0	0	0	314	0	0	0	96	0	0	0	974	0	0	0	2502	3136	2358	1174	0	74	152	1642	5740	3448	5744	0	0	0	0	0	0	0	0	0	160	7348	4930	1258	0	0	0	
198332	Occipital_Sup_L	0	0	0	0	0	0	0	0	0	0	0	0	0	0	0	0	0	0	0	0	0	0	0	0	0	0	0	0	0	0	0	0	334	0	620	218	0	0	0	0	0	0	15910	1738	22010	1094	2930	690	0	490	31054	76	796	0	102	104	222	0	5220	0	1530	0	0	0	340	0	11598	1276	74	0	0	0	0	0	0	0	0	0	0	0	238	0	0	0	404	0	0	0	98	0	0	0	0	0	0	0	0	0	0	0	0	0	0	0	0	0	0	0	0	0	0	0	0	0	0	0	
325520	Occipital_Sup_R	0	978	0	266	0	0	0	0	0	0	0	0	0	0	0	0	0	70	0	1946	0	0	0	0	0	0	0	0	0	0	0	0	634	3242	82	420	0	0	0	0	0	0	1950	21950	2792	35026	110	6394	490	0	476	26682	0	2730	0	3196	0	4136	0	8960	0	4718	0	384	0	7482	624	16510	96	1200	0	0	0	0	0	0	0	0	0	0	0	638	0	0	0	6864	0	0	0	1544	88	0	0	0	0	0	0	0	0	0	0	0	0	0	0	0	0	0	0	0	0	82	0	0	0	0	
482120	Occipital_Mid_L	350	0	0	0	0	0	0	0	0	0	0	0	0	0	0	0	2804	0	0	0	0	0	0	0	0	0	0	0	640	0	0	0	1098	0	482	0	102	0	958	0	0	0	33560	1510	17120	1024	15974	620	31054	476	0	72	21922	0	14094	86	6028	0	11002	0	14922	0	330	0	18874	0	10610	528	294	0	0	0	0	0	0	0	0	0	596	0	1140	0	0	0	21092	0	0	0	8240	0	270	0	138	0	0	0	1012	0	1806	0	0	0	0	0	0	0	0	0	0	0	232	0	0	0	0	0	
257264	Occipital_Mid_R	0	294	0	66	0	0	0	0	0	0	0	0	0	0	0	0	0	0	0	1070	0	0	0	0	0	0	0	0	0	0	0	0	312	1676	0	112	0	86	0	0	0	0	732	16216	714	15496	0	5224	76	26682	72	0	0	6494	0	2608	0	860	0	2724	0	5042	0	188	0	16212	438	7126	64	576	0	0	0	0	0	0	0	0	0	0	0	440	0	0	0	15030	0	0	0	1934	0	0	0	0	0	0	0	0	0	68	0	0	0	0	0	0	0	0	0	0	0	0	0	0	0	0	
195896	Occipital_Inf_L	166	0	0	0	0	0	0	0	0	0	0	0	0	0	0	0	2036	0	0	0	0	0	0	0	0	0	0	0	458	0	0	0	0	0	106	0	356	0	2124	0	0	0	5420	0	654	0	12142	66	796	0	21922	0	0	0	20476	0	1522	0	820	0	1314	0	0	0	608	0	1558	0	76	0	0	0	0	0	0	0	0	0	648	0	554	0	0	0	4310	0	0	0	6210	0	2346	70	198	0	0	0	3814	88	5874	102	0	0	0	0	74	0	0	0	0	0	972	68	0	0	0	0	
101760	Occipital_Inf_R	0	0	0	0	0	0	0	0	0	0	0	0	0	0	0	0	0	0	0	248	0	0	0	0	0	0	0	0	0	0	0	0	102	438	0	142	0	74	0	166	0	0	144	9104	92	3774	68	5714	0	2730	0	6494	0	0	0	9572	0	110	0	130	0	82	0	0	0	268	156	3000	0	90	0	0	0	0	0	0	0	0	0	0	0	68	0	0	0	2922	0	0	0	4566	106	0	0	0	0	0	0	0	106	182	0	0	0	0	0	0	0	0	0	0	100	132	0	0	0	0	
474720	Fusiform_L	1554	182	70	86	0	0	0	280	0	0	70	0	0	0	106	0	2528	0	352	88	330	0	0	0	0	0	0	0	6288	0	0	0	0	0	248	68	19008	102	10466	80	3584	0	2676	0	396	0	22408	362	102	0	14094	0	20476	0	0	0	2734	0	738	0	1154	0	232	0	384	0	1762	0	84	0	1438	0	3382	0	0	0	790	68	2088	0	6078	0	2048	0	9286	0	1408	0	18754	0	20538	192	1012	0	330	0	19448	260	31808	378	190	0	516	0	628	0	0	0	0	126	2986	342	174	0	0	0	
384444	Fusiform_R	0	404	0	284	0	0	0	0	0	0	0	392	0	108	0	0	0	1056	0	374	0	0	0	0	0	0	0	0	0	2350	0	0	0	188	0	982	0	18828	0	19052	0	4278	654	15878	550	4738	414	24228	104	3196	86	2608	0	9572	0	0	0	430	0	170	0	0	0	0	0	144	150	6246	0	404	0	0	0	4644	0	174	0	138	0	550	0	2486	0	3822	0	3888	0	2106	0	20336	1096	5976	178	108	0	92	344	8854	1132	10826	0	72	0	128	0	0	0	0	0	0	5140	1828	436	0	0	0	
322476	Postcentral_L	28862	80	2998	1448	0	0	826	0	0	0	3654	666	222	0	0	0	13696	244	6390	2090	0	0	0	0	0	0	0	0	6014	640	0	0	532	184	1548	0	3260	0	792	0	0	0	624	0	840	0	356	0	222	0	6028	0	1522	0	2734	0	0	388	8162	0	21082	0	10212	0	1752	0	3392	0	3656	666	1336	0	4116	0	822	0	726	0	3860	0	5150	0	162	200	4362	0	0	0	4184	0	0	0	0	0	0	0	244	0	294	0	0	0	0	0	0	0	0	0	0	0	0	0	0	0	0	0	
270132	Postcentral_R	1740	21508	0	2354	0	0	0	366	0	0	0	626	0	0	0	0	0	6426	0	6538	0	0	0	0	0	0	0	0	0	4316	0	0	256	4960	2490	4592	0	928	0	116	0	0	0	3476	0	896	0	470	0	4136	0	860	0	110	0	430	388	0	0	10422	0	8016	0	10760	0	1636	326	7784	2982	15404	88	1370	0	1692	0	810	0	556	0	1306	0	1638	0	0	0	1256	0	0	0	858	0	0	0	0	0	0	0	0	0	0	0	0	0	0	0	0	0	0	0	0	180	0	0	0	0	0	
118836	Parietal_Sup_L	0	0	0	0	0	0	0	0	0	0	0	0	0	0	0	0	772	0	0	0	0	0	0	0	0	0	0	0	0	0	0	0	158	0	0	0	0	0	194	0	0	0	206	0	1178	132	208	0	5220	0	11002	0	820	0	738	0	8162	0	0	0	14064	0	126	0	2576	0	12354	252	266	0	0	0	0	0	0	0	0	0	0	0	232	0	0	0	276	0	0	0	234	0	0	0	0	0	0	0	116	0	132	0	0	0	0	0	0	0	0	0	0	0	0	0	0	0	0	0	
129048	Parietal_Sup_R	0	200	0	112	0	0	0	0	0	0	0	0	0	0	0	0	0	0	0	1082	0	0	0	0	0	0	0	0	0	0	0	0	150	1658	0	84	0	0	0	0	0	0	140	1536	216	6176	0	202	0	8960	0	2724	0	130	0	170	0	10422	0	0	0	10504	0	1326	0	4812	1538	9898	0	1090	0	0	0	0	0	0	0	0	0	0	0	660	0	0	0	630	0	0	0	104	0	0	0	0	0	0	0	0	0	0	0	0	0	0	0	0	0	0	0	0	0	0	0	0	0	0	
175632	Parietal_Inf_L	858	0	0	0	0	0	0	0	0	0	0	0	0	0	0	0	1162	0	0	0	0	0	0	0	0	0	0	0	300	0	0	0	0	0	0	0	0	0	498	0	0	0	376	0	1070	0	332	0	1530	0	14922	0	1314	0	1154	0	21082	0	14064	0	0	0	12350	0	11340	0	1464	0	96	0	0	0	0	0	0	0	0	0	0	0	444	0	0	0	2098	0	0	0	908	0	0	0	0	0	0	0	216	0	238	0	0	0	0	0	0	0	0	0	0	0	0	0	0	0	0	0	
119448	Parietal_Inf_R	0	376	0	236	0	0	0	0	0	0	0	0	0	0	0	0	0	92	0	1434	0	0	0	0	0	0	0	0	0	0	0	0	154	1484	0	68	0	0	0	0	0	0	0	290	0	256	0	0	0	4718	0	5042	0	82	0	0	0	8016	0	10504	0	0	0	10222	0	11182	410	2304	114	1098	0	0	0	0	0	0	0	0	0	0	0	912	0	0	0	546	0	0	0	184	0	0	0	0	0	0	0	0	0	0	0	0	0	0	0	0	0	0	0	0	0	0	0	0	0	0	
75748	SupraMarginal_L	892	0	0	0	0	0	0	0	0	0	0	0	0	0	0	0	2020	0	0	0	0	0	0	0	0	0	0	0	342	0	0	0	74	0	0	0	0	0	246	0	0	0	0	0	0	0	0	0	0	0	330	0	0	0	232	0	10212	0	126	0	12350	0	0	0	1646	0	274	0	0	0	0	0	0	0	0	0	0	0	0	0	3778	0	0	0	4680	0	0	0	672	0	0	0	0	0	0	0	0	0	0	0	0	0	0	0	0	0	0	0	0	0	0	0	0	0	0	0	
96952	SupraMarginal_R	0	1654	0	900	0	0	0	98	0	0	0	0	0	0	0	0	0	4278	0	1142	0	0	0	0	0	0	0	0	0	952	0	0	0	354	0	0	0	330	0	0	0	0	0	160	0	0	0	0	0	384	0	188	0	0	0	0	0	10760	0	1326	0	10222	0	0	0	5352	0	432	0	496	0	104	0	606	0	0	0	234	0	918	0	6820	0	0	0	660	0	0	0	106	0	0	0	0	0	0	0	0	0	0	0	0	0	0	0	0	0	0	0	0	0	0	0	0	0	0	
102008	Angular_L	0	0	0	0	0	0	0	0	0	0	0	0	0	0	0	0	518	0	0	0	0	0	0	0	0	0	0	0	0	0	0	0	0	0	0	0	0	0	248	0	0	0	1054	0	1180	0	132	0	340	0	18874	0	608	0	384	0	1752	0	2576	0	11340	0	1646	0	0	0	554	0	0	0	0	0	0	0	0	0	0	0	0	0	404	0	0	0	7586	0	0	0	1586	0	0	0	0	0	0	0	102	0	120	0	0	0	0	0	0	0	0	0	0	0	0	0	0	0	0	0	
124104	Angular_R	0	212	0	122	0	0	0	0	0	0	0	0	0	0	0	0	0	0	0	750	0	0	0	0	0	0	0	0	0	0	0	0	0	722	0	94	0	0	0	0	0	0	0	1448	0	1230	0	0	0	7482	0	16212	0	268	0	144	0	1636	0	4812	0	11182	0	5352	0	0	0	1604	88	608	0	0	0	0	0	0	0	0	0	0	0	3920	0	0	0	3726	0	0	0	440	0	0	0	0	0	0	0	0	0	0	0	0	0	0	0	0	0	0	0	0	0	0	0	0	0	0	
262652	Precuneus_L	0	90	0	0	0	0	0	0	0	0	0	0	0	0	0	0	404	0	0	220	0	0	0	0	0	0	0	0	0	0	0	0	3690	1216	6390	2902	1458	238	2020	210	0	0	13316	1976	14168	5286	4580	860	11598	624	10610	438	1558	156	1762	150	3392	326	12354	1538	1464	410	274	0	554	0	0	16258	1626	246	0	0	0	0	0	0	0	0	0	0	1936	0	0	0	2462	378	0	0	1462	0	0	0	0	0	0	0	368	0	218	0	0	0	0	0	0	0	0	0	0	0	140	0	0	0	0	0	
444092	Precuneus_R	0	1922	0	356	0	0	0	0	0	0	0	0	0	0	0	0	0	106	0	5240	0	0	0	0	0	0	0	0	0	208	0	0	2166	11686	3670	14026	1446	2062	954	2426	0	0	1724	33676	4312	28882	724	12724	1276	16510	528	7126	0	3000	0	6246	0	7784	252	9898	0	2304	0	432	0	1604	16258	0	580	4452	0	0	0	0	0	0	0	70	0	0	0	1170	0	0	0	7064	0	0	0	3810	0	0	0	0	0	0	0	942	0	0	0	0	0	0	0	0	0	0	0	0	2430	0	0	0	0	0	
232244	Paracentral_Lobule_L	23764	5850	3400	2394	0	0	372	70	0	0	0	0	0	0	0	0	80	0	6904	17478	0	0	0	0	0	0	0	0	290	0	0	0	2924	11014	2842	254	600	0	78	0	0	0	130	114	252	0	0	0	74	96	294	64	76	0	84	0	3656	2982	266	0	96	114	0	0	0	88	1626	580	0	13072	2202	0	1112	0	2214	0	8378	68	0	0	0	0	0	0	100	0	0	0	70	0	0	0	0	0	0	0	0	0	0	0	0	0	0	0	0	0	0	0	0	0	0	0	0	0	0	0	
274100	Paracentral_Lobule_R	5648	10640	144	1268	0	0	192	70	0	0	0	0	0	0	0	0	122	64	1402	32214	0	0	0	0	0	0	0	0	166	250	0	0	1050	16898	2858	4696	64	148	0	0	0	0	0	1678	0	532	0	536	0	1200	0	576	0	90	0	404	666	15404	0	1090	0	1098	0	496	0	608	246	4452	13072	0	272	6372	94	0	0	0	734	7218	96	0	0	534	0	0	0	844	0	0	0	664	0	0	0	0	0	0	0	0	0	0	0	0	0	0	0	0	0	0	0	0	180	0	0	0	0	0	
374748	Caudate_L	5978	2204	4832	2772	562	124	8132	3066	238	0	6104	8510	6578	2478	884	136	3020	3088	5396	2994	6816	6828	254	108	134	316	1994	1016	23712	9122	8856	4988	132	336	0	0	2192	94	386	0	196	0	0	0	0	0	0	0	0	0	0	0	0	0	1438	0	1336	88	0	0	0	0	0	0	0	0	0	0	2202	272	0	8016	21198	2176	1346	0	4440	144	548	658	2414	670	3088	1836	76	0	0	0	852	0	0	0	0	0	0	0	0	0	0	0	0	0	0	0	0	0	0	0	0	0	0	0	0	0	0	0	
418680	Caudate_R	278	10070	622	18486	0	5010	416	3814	0	128	320	4756	302	6710	0	2064	134	7930	2616	26092	2912	6058	830	4722	0	4444	392	2858	930	13174	3044	14486	372	2764	0	0	0	140	0	72	0	82	0	0	0	0	0	0	0	0	0	0	0	0	0	0	0	1370	0	0	0	0	0	104	0	0	0	0	0	6372	8016	0	2200	21868	0	1658	90	17484	0	780	90	814	110	1356	0	0	0	0	0	0	0	0	0	0	0	0	0	0	0	0	0	0	0	0	0	0	0	0	0	0	0	0	0	0	0	0	
358572	Putamen_L	10742	1356	11858	2140	5052	0	12882	1500	5224	0	1990	536	6306	116	6480	0	2324	372	8096	2196	2596	2612	798	70	168	118	620	318	24448	614	4532	1660	936	198	0	0	6606	104	552	0	296	0	0	0	0	0	0	0	0	0	0	0	0	0	3382	0	4116	0	0	0	0	0	0	0	0	0	0	0	1112	94	21198	2200	0	796	8092	0	4034	96	1550	0	1924	88	2124	194	128	0	0	0	1742	0	0	0	0	0	0	0	0	0	0	0	0	0	0	0	0	0	0	0	0	0	0	0	0	0	0	0	
368084	Putamen_R	390	2248	370	13322	0	8052	584	5038	0	880	362	5884	102	3938	0	2918	88	14054	1510	6556	568	1272	1166	5676	0	5060	0	1218	566	23320	1312	11568	694	2794	0	70	0	11234	0	6564	0	1840	0	0	0	0	0	74	0	0	0	0	0	0	0	4644	0	1692	0	0	0	0	0	606	0	0	0	0	0	0	2176	21868	796	0	0	1738	0	2518	0	1724	0	1144	110	1662	0	140	0	0	0	498	0	78	0	0	0	0	0	1126	0	230	0	0	0	0	0	0	0	0	0	0	0	0	0	0	0	0	
57876	Pallidum_L	4588	0	4442	322	0	0	1430	0	0	0	0	356	0	0	0	0	274	146	1334	374	0	0	0	0	0	0	0	0	96	350	0	0	0	0	0	0	432	0	0	0	0	0	0	0	0	0	0	0	0	0	0	0	0	0	0	0	822	0	0	0	0	0	0	0	0	0	0	0	2214	0	1346	0	8092	0	0	0	1976	0	204	0	0	0	0	140	0	0	0	0	0	0	0	0	0	0	0	0	0	0	0	0	0	0	0	0	0	0	0	0	0	0	0	0	0	0	0	0	
23612	Pallidum_R	174	556	224	824	0	0	112	68	0	0	0	94	0	0	0	0	0	2660	106	784	0	0	0	0	0	0	0	0	0	200	0	0	0	0	0	0	0	594	0	558	0	0	0	0	0	0	0	0	0	0	0	0	0	0	0	174	0	810	0	0	0	0	0	0	0	0	0	0	0	0	0	1658	0	1738	0	0	0	0	0	352	0	120	0	0	0	0	0	0	0	0	0	0	0	0	0	0	0	0	0	0	0	0	0	0	0	0	0	0	0	0	0	0	0	0	0	0	
114032	Thalamus_L	17944	1090	690	776	0	0	272	420	0	0	0	0	0	0	0	0	488	0	326	1290	0	0	0	0	0	0	0	0	924	0	0	0	0	0	226	380	4274	1248	1130	932	0	0	0	0	0	0	194	0	0	0	0	0	0	0	790	0	726	0	0	0	0	0	0	0	0	0	0	0	8378	734	4440	90	4034	0	1976	0	0	2146	344	0	170	92	0	0	168	0	0	0	324	0	0	0	0	0	0	0	0	0	0	0	0	0	0	0	0	0	0	0	0	0	0	0	0	0	0	0	
163336	Thalamus_R	448	14538	0	6056	0	0	0	758	0	0	0	154	0	0	0	0	0	1758	0	13646	0	0	0	0	0	0	0	0	72	572	0	0	0	180	224	856	934	5518	604	3586	0	86	0	0	0	0	76	314	0	0	0	0	0	0	68	138	0	556	0	0	0	0	0	234	0	0	0	70	68	7218	144	17484	96	2518	0	0	2146	0	0	326	0	150	0	0	0	0	0	0	0	72	0	0	0	0	0	0	0	0	0	0	0	0	0	0	0	0	0	0	0	0	0	0	0	0	0	0	
106072	Heschl_L	4638	0	638	192	0	0	402	0	0	0	842	314	0	0	0	0	8958	72	1354	292	0	0	0	0	0	0	0	0	7344	308	0	0	0	0	118	0	4374	0	126	0	0	0	0	0	0	0	88	0	0	0	596	0	648	0	2088	0	3860	0	0	0	0	0	0	0	0	0	0	0	0	96	548	0	1550	0	204	0	344	0	0	0	5516	0	76	88	3336	0	0	0	3954	0	0	0	0	0	0	0	0	0	72	0	0	0	0	0	0	0	0	0	0	0	0	0	0	0	0	0	
68964	Heschl_R	0	874	128	1402	0	0	0	484	0	0	0	458	72	0	0	0	0	9904	154	974	0	0	0	0	0	0	0	0	312	3534	96	108	0	0	0	0	0	1434	0	430	0	0	0	0	0	0	0	0	0	0	0	0	0	0	0	550	0	1306	0	0	0	0	0	918	0	0	0	0	0	0	658	780	0	1724	0	352	0	326	0	0	0	7076	0	0	0	148	0	0	0	280	0	0	0	0	0	0	0	0	0	0	0	0	0	0	0	0	0	0	0	0	0	0	0	0	0	0	
273356	Temporal_Sup_L	4478	370	3152	336	0	0	434	836	0	0	6390	156	496	0	0	0	15600	168	5090	416	0	0	0	0	0	0	0	0	12750	134	120	132	418	0	84	0	4784	0	374	0	100	0	664	0	982	0	76	0	238	0	1140	0	554	0	6078	0	5150	0	232	0	444	0	3778	0	404	0	1936	0	0	0	2414	90	1924	0	0	0	170	0	5516	0	0	0	6224	0	26032	0	128	0	15600	0	0	0	0	0	0	0	0	0	86	0	0	0	0	0	0	0	0	0	0	0	0	0	0	0	0	0	
166140	Temporal_Sup_R	0	896	150	2196	0	0	0	488	0	0	0	694	68	102	0	0	0	9008	188	2212	0	0	0	0	0	0	0	0	416	4298	96	110	0	318	0	92	0	2326	0	1256	0	0	0	652	0	102	0	96	0	638	0	440	0	68	0	2486	0	1638	0	660	0	912	0	6820	0	3920	0	1170	0	534	670	814	88	1144	0	120	92	150	0	7076	0	0	0	2852	0	17450	0	266	0	7298	0	0	0	0	0	0	0	0	0	0	0	0	0	0	0	0	0	0	0	0	0	0	0	0	0	0	
153472	Temporal_Pole_Sup_L	796	118	1878	86	590	0	822	268	1282	0	8282	750	2186	0	4442	0	4646	320	1800	156	2454	0	170	0	0	0	98	0	14820	710	114	158	0	0	0	0	2158	0	1384	0	2328	0	0	0	0	0	0	0	0	0	0	0	0	0	2048	0	162	0	0	0	0	0	0	0	0	0	0	0	0	0	3088	110	2124	110	0	0	0	0	76	0	6224	0	0	212	3568	0	1990	0	4208	0	0	0	0	0	0	0	0	0	0	0	0	0	0	0	0	0	0	0	0	0	0	0	0	0	0	0	
117112	Temporal_Pole_Sup_R	614	200	704	1538	0	0	602	564	0	0	802	7536	636	602	0	92	146	7232	1024	1420	0	0	64	130	0	0	0	0	1306	8122	0	230	0	620	0	0	0	942	0	1946	0	1438	0	0	0	0	0	0	0	0	0	0	0	0	0	3822	200	0	0	0	0	0	0	0	0	0	0	0	0	0	1836	1356	194	1662	140	0	0	0	88	0	0	2852	212	0	0	2078	0	3518	0	2088	0	0	0	0	0	0	0	0	0	0	0	0	0	0	0	0	0	0	0	0	0	0	0	0	0	0	
319024	Temporal_Mid_L	1328	0	222	0	0	0	0	0	0	0	108	0	0	0	0	0	3346	0	418	68	0	0	0	0	0	0	0	0	2868	0	0	0	250	0	280	0	3544	0	1476	0	0	0	4260	0	2634	0	322	0	404	0	21092	0	4310	0	9286	0	4362	0	276	0	2098	0	4680	0	7586	0	2462	0	100	0	76	0	128	0	0	0	168	0	3336	0	26032	0	3568	0	0	0	1948	0	44998	0	416	0	0	0	0	0	408	0	544	0	0	0	0	0	0	0	0	0	0	0	110	0	0	0	0	0	
241032	Temporal_Mid_R	0	642	0	596	0	0	0	0	0	0	0	0	0	0	0	0	0	0	0	1572	0	0	0	0	0	0	0	0	0	1196	0	0	382	1850	78	336	0	2846	0	1462	0	766	0	9334	0	6914	0	974	0	6864	0	15030	0	2922	0	3888	0	1256	0	630	0	546	0	660	0	3726	378	7064	0	844	0	0	0	140	0	0	0	0	0	148	0	17450	0	2078	0	0	0	1222	0	26722	0	0	0	0	0	0	0	0	0	0	0	0	0	0	0	0	0	0	0	0	0	0	0	0	0	0	
16344	Temporal_Pole_Mid_L	0	0	0	0	0	0	0	0	0	0	0	0	0	0	0	0	0	0	0	0	0	0	0	0	0	0	0	0	0	0	0	0	0	0	0	0	74	0	170	0	140	0	0	0	0	0	0	0	0	0	0	0	0	0	1408	0	0	0	0	0	0	0	0	0	0	0	0	0	0	0	0	0	0	0	0	0	0	0	0	0	128	0	1990	0	1948	0	0	0	2314	0	0	0	0	0	0	0	0	0	0	0	0	0	0	0	0	0	0	0	0	0	0	0	0	0	0	0	
20612	Temporal_Pole_Mid_R	0	0	0	0	0	0	0	0	0	0	0	0	0	0	0	0	0	0	0	0	0	0	0	0	0	0	0	0	0	0	0	0	0	0	0	0	0	180	0	984	0	228	0	0	0	0	0	0	0	0	0	0	0	0	0	2106	0	0	0	0	0	0	0	0	0	0	0	0	0	0	0	0	0	0	0	0	0	0	0	0	0	266	0	3518	0	1222	0	0	0	1802	0	0	0	0	0	0	0	0	0	0	0	0	0	0	0	0	0	0	0	0	0	0	0	0	0	0	
307480	Temporal_Inf_L	1792	74	524	68	0	0	214	172	0	0	320	0	0	0	0	0	3064	0	546	66	0	0	0	0	0	0	0	0	5898	0	0	0	88	0	238	0	11732	0	2218	0	578	0	1454	0	1420	0	538	0	98	0	8240	0	6210	0	18754	0	4184	0	234	0	908	0	672	0	1586	0	1462	0	70	0	852	0	1742	0	0	0	324	0	3954	0	15600	0	4208	0	44998	0	2314	0	0	0	3458	0	330	0	0	0	540	0	1568	0	138	0	198	0	0	0	0	0	0	0	94	0	0	0	0	0	
210700	Temporal_Inf_R	0	422	0	446	0	0	0	0	0	0	0	0	0	0	0	0	0	126	0	814	0	0	0	0	0	0	0	0	0	832	0	0	72	450	0	708	0	9180	0	5932	0	1950	0	5296	0	1518	0	2502	0	1544	0	1934	0	4566	0	20336	0	858	0	104	0	184	0	106	0	440	0	3810	0	664	0	0	0	498	0	0	0	72	0	280	0	7298	0	2088	0	26722	0	1802	0	0	0	964	0	0	0	0	0	494	0	218	0	0	0	0	0	0	0	0	0	0	120	0	0	0	0	0	
501260	Cerebelum_Crus1_L	0	0	0	0	0	0	0	0	0	0	0	0	0	0	0	0	0	0	0	0	0	0	0	0	0	0	0	0	0	0	0	0	0	0	0	0	82	0	392	0	0	0	0	166	0	100	7992	3136	0	88	270	0	2346	106	20538	1096	0	0	0	0	0	0	0	0	0	0	0	0	0	0	0	0	0	0	0	0	0	0	0	0	0	0	0	0	416	0	0	0	3458	0	0	7270	29098	3250	1026	570	26320	618	62804	6642	11754	264	20158	722	6196	762	530	0	1988	2748	7626	7886	9322	1226	1106	558	
496180	Cerebelum_Crus1_R	0	0	0	0	0	0	0	0	0	0	0	0	0	0	0	0	0	0	0	0	0	0	0	0	0	0	0	0	0	0	0	0	0	0	0	0	0	154	0	406	0	0	0	0	0	0	236	2358	0	0	0	0	70	0	192	5976	0	0	0	0	0	0	0	0	0	0	0	0	0	0	0	0	0	78	0	0	0	0	0	0	0	0	0	0	0	0	0	0	0	964	7270	0	5576	31310	626	4904	3676	23026	5502	59886	2800	10628	2658	26716	2046	6822	246	674	1216	5272	13408	8150	12910	1164	930	240	
335760	Cerebelum_Crus2_L	0	0	0	0	0	0	0	0	0	0	0	0	0	0	0	0	0	0	0	0	0	0	0	0	0	0	0	0	0	0	0	0	0	0	0	0	0	0	0	0	0	0	0	70	0	0	2162	1174	0	0	138	0	198	0	1012	178	0	0	0	0	0	0	0	0	0	0	0	0	0	0	0	0	0	0	0	0	0	0	0	0	0	0	0	0	0	0	0	0	330	0	29098	5576	0	8260	168	0	1026	0	8020	2416	35206	3794	35942	2948	10638	446	758	0	104	126	486	3348	11884	1750	404	220	
313848	Cerebelum_Crus2_R	0	0	0	0	0	0	0	0	0	0	0	0	0	0	0	0	0	0	0	0	0	0	0	0	0	0	0	0	0	0	0	0	0	0	0	0	0	0	0	0	0	0	0	0	0	0	0	0	0	0	0	0	0	0	0	108	0	0	0	0	0	0	0	0	0	0	0	0	0	0	0	0	0	0	0	0	0	0	0	0	0	0	0	0	0	0	0	0	0	0	3250	31310	8260	0	254	578	502	412	654	6336	6754	26588	6614	35128	3624	5926	600	98	94	562	302	820	14790	2860	500	0	
46520	Cerebelum_3_L	0	0	0	0	0	0	0	0	0	0	0	0	0	0	0	0	0	0	0	0	0	0	0	0	0	0	0	0	0	0	0	0	0	0	0	0	0	0	84	0	0	0	0	0	0	0	408	74	0	0	0	0	0	0	330	0	0	0	0	0	0	0	0	0	0	0	0	0	0	0	0	0	0	0	0	0	0	0	0	0	0	0	0	0	0	0	0	0	0	0	1026	626	168	254	0	394	5848	152	2184	686	180	0	526	204	1292	324	0	0	1562	2554	1354	914	854	628	530	104	
77440	Cerebelum_3_R	0	0	0	0	0	0	0	0	0	0	0	0	0	0	0	0	0	0	0	0	0	0	0	0	0	0	0	0	0	0	0	0	0	0	0	0	0	0	0	578	0	0	0	0	0	0	0	152	0	0	0	0	0	0	0	92	0	0	0	0	0	0	0	0	0	0	0	0	0	0	0	0	0	0	0	0	0	0	0	0	0	0	0	0	0	0	0	0	0	0	570	4904	0	578	394	0	1292	5310	948	7766	188	150	520	1092	530	580	0	0	1744	7508	1424	516	792	684	408	0	
369820	Cerebelum_4_5_L	0	0	0	0	0	0	0	0	0	0	0	0	0	0	0	0	356	0	0	0	0	0	0	0	0	0	0	0	0	0	0	0	0	0	108	0	518	68	1366	0	0	0	204	0	0	0	12398	1642	0	0	1012	0	3814	0	19448	344	244	0	116	0	216	0	0	0	102	0	368	0	0	0	0	0	0	0	0	0	0	0	0	0	0	0	0	0	408	0	0	0	540	0	26320	3676	1026	502	5848	1292	0	1702	42138	5668	938	90	1960	918	4824	1612	0	0	4444	6146	18174	5636	2064	2308	2652	1700	
224252	Cerebelum_4_5_R	0	70	0	0	0	0	0	0	0	0	0	158	0	66	0	0	0	188	0	0	0	0	0	0	0	0	0	0	0	282	0	0	0	0	0	82	0	2154	0	3502	0	0	0	286	0	0	178	5740	0	0	0	0	88	0	260	8854	0	0	0	0	0	0	0	0	0	0	0	942	0	0	0	0	0	1126	0	0	0	0	0	0	0	0	0	0	0	0	0	0	0	494	618	23026	0	412	152	5310	1702	0	1046	33308	0	182	0	1426	160	562	0	0	122	3910	15278	442	0	0	0	0	
527144	Cerebelum_6_L	0	0	0	0	0	0	0	0	0	0	0	0	0	0	0	0	430	0	0	0	0	0	0	0	0	0	0	0	0	0	0	0	0	0	0	0	250	0	826	0	0	0	308	100	0	0	15190	3448	0	0	1806	0	5874	106	31808	1132	294	0	132	0	238	0	0	0	120	0	218	0	0	0	0	0	0	0	0	0	0	0	72	0	86	0	0	0	544	0	0	0	1568	0	62804	5502	8020	654	2184	948	42138	1046	0	7882	5344	124	6962	828	7212	1432	234	98	2866	3758	13098	13218	5998	3020	2876	776	
441528	Cerebelum_6_R	0	0	0	0	0	0	0	0	0	0	0	0	0	0	0	0	0	0	0	0	0	0	0	0	0	0	0	0	0	0	0	0	0	0	0	0	0	666	0	1032	0	0	0	126	0	0	546	5744	0	0	0	68	102	182	378	10826	0	0	0	0	0	0	0	0	0	0	0	0	0	0	0	0	0	230	0	0	0	0	0	0	0	0	0	0	0	0	0	0	0	218	6642	59886	2416	6336	686	7766	5668	33308	7882	0	1880	2432	1850	8356	2194	2690	88	548	1448	6652	20578	11240	7834	1142	904	220	
282780	Cerebelum_7b_L	0	0	0	0	0	0	0	0	0	0	0	0	0	0	0	0	0	0	0	0	0	0	0	0	0	0	0	0	0	0	0	0	0	0	0	0	0	0	0	0	0	0	0	0	0	0	0	0	0	0	0	0	0	0	190	0	0	0	0	0	0	0	0	0	0	0	0	0	0	0	0	0	0	0	0	0	0	0	0	0	0	0	0	0	0	0	0	0	138	0	11754	2800	35206	6754	180	188	938	0	5344	1880	0	4628	36182	3782	10916	940	860	0	476	468	528	2432	8776	4378	1312	340	
173440	Cerebelum_7b_R	0	0	0	0	0	0	0	0	0	0	0	0	0	0	0	0	0	0	0	0	0	0	0	0	0	0	0	0	0	0	0	0	0	0	0	0	0	0	0	0	0	0	0	0	0	0	0	0	0	0	0	0	0	0	0	72	0	0	0	0	0	0	0	0	0	0	0	0	0	0	0	0	0	0	0	0	0	0	0	0	0	0	0	0	0	0	0	0	0	0	264	10628	3794	26588	0	150	90	182	124	2432	4628	0	2544	24102	356	3352	0	0	0	118	136	94	4680	2288	98	0	
379608	Cerebelum_8_L	0	0	0	0	0	0	0	0	0	0	0	0	0	0	0	0	0	0	0	0	0	0	0	0	0	0	0	0	0	0	0	0	0	0	0	0	0	0	0	0	0	0	0	0	0	0	0	0	0	0	0	0	0	0	516	0	0	0	0	0	0	0	0	0	0	0	0	0	0	0	0	0	0	0	0	0	0	0	0	0	0	0	0	0	0	0	0	0	198	0	20158	2658	35942	6614	526	520	1960	0	6962	1850	36182	2544	0	8050	28570	4274	3258	122	1000	1140	876	1992	10864	9312	3352	364	
318252	Cerebelum_8_R	0	0	0	0	0	0	0	0	0	0	0	0	0	0	0	0	0	0	0	0	0	0	0	0	0	0	0	0	0	0	0	0	0	0	0	0	0	0	0	0	0	0	0	0	0	0	0	0	0	0	0	0	0	0	0	128	0	0	0	0	0	0	0	0	0	0	0	0	0	0	0	0	0	0	0	0	0	0	0	0	0	0	0	0	0	0	0	0	0	0	722	26716	2948	35128	204	1092	918	1426	828	8356	3782	24102	8050	0	5302	17472	374	834	410	1036	1128	804	9700	6122	1544	0	
243832	Cerebelum_9_L	0	0	0	0	0	0	0	0	0	0	0	0	0	0	0	0	0	0	0	0	0	0	0	0	0	0	0	0	0	0	0	0	0	0	0	0	0	0	0	0	0	0	0	0	0	0	204	0	0	0	0	0	74	0	628	0	0	0	0	0	0	0	0	0	0	0	0	0	0	0	0	0	0	0	0	0	0	0	0	0	0	0	0	0	0	0	0	0	0	0	6196	2046	10638	3624	1292	530	4824	160	7212	2194	10916	356	28570	5302	0	4126	3768	140	908	1182	2316	5098	7788	6702	3880	1242	
163044	Cerebelum_9_R	0	0	0	0	0	0	0	0	0	0	0	0	0	0	0	0	0	0	0	0	0	0	0	0	0	0	0	0	0	0	0	0	0	0	0	0	0	0	0	0	0	0	0	0	0	0	0	0	0	0	0	0	0	0	0	0	0	0	0	0	0	0	0	0	0	0	0	0	0	0	0	0	0	0	0	0	0	0	0	0	0	0	0	0	0	0	0	0	0	0	762	6822	446	5926	324	580	1612	562	1432	2690	940	3352	4274	17472	4126	0	400	2070	1092	1376	1664	2798	5852	6254	6384	2312	
24412	Cerebelum_10_L	0	0	0	0	0	0	0	0	0	0	0	0	0	0	0	0	0	0	0	0	0	0	0	0	0	0	0	0	0	0	0	0	0	0	0	0	0	0	0	0	0	0	0	0	0	0	0	0	0	0	0	0	0	0	0	0	0	0	0	0	0	0	0	0	0	0	0	0	0	0	0	0	0	0	0	0	0	0	0	0	0	0	0	0	0	0	0	0	0	0	530	246	758	600	0	0	0	0	234	88	860	0	3258	374	3768	400	0	0	0	0	0	76	826	0	188	0	
11732	Cerebelum_10_R	0	0	0	0	0	0	0	0	0	0	0	0	0	0	0	0	0	0	0	0	0	0	0	0	0	0	0	0	0	0	0	0	0	0	0	0	0	0	0	0	0	0	0	0	0	0	0	0	0	0	0	0	0	0	0	0	0	0	0	0	0	0	0	0	0	0	0	0	0	0	0	0	0	0	0	0	0	0	0	0	0	0	0	0	0	0	0	0	0	0	0	674	0	98	0	0	0	0	98	548	0	0	122	834	140	2070	0	0	0	0	0	138	404	360	380	0	
72240	Vermis_1_2	0	0	0	0	0	0	0	0	0	0	0	0	0	0	0	0	0	0	0	0	0	0	0	0	0	0	0	0	0	0	0	0	0	0	0	0	0	0	0	0	0	0	0	0	0	0	0	0	0	0	0	0	0	0	0	0	0	0	0	0	0	0	0	0	0	0	0	0	0	0	0	0	0	0	0	0	0	0	0	0	0	0	0	0	0	0	0	0	0	0	1988	1216	104	94	1562	1744	4444	122	2866	1448	476	0	1000	410	908	1092	0	0	0	6812	3118	1282	1728	1838	1626	242	
129260	Vermis_3	0	0	0	0	0	0	0	0	0	0	0	0	0	0	0	0	0	0	0	0	0	0	0	0	0	0	0	0	0	0	0	0	0	0	0	0	0	0	0	168	0	0	0	0	0	0	134	160	0	0	0	0	0	0	126	0	0	0	0	0	0	0	0	0	0	0	0	0	0	0	0	0	0	0	0	0	0	0	0	0	0	0	0	0	0	0	0	0	0	0	2748	5272	126	562	2554	7508	6146	3910	3758	6652	468	118	1140	1036	1182	1376	0	0	6812	0	5724	1400	1888	1904	1554	204	
