data	data	439152	224696	928948	993764	191872	116016	545888	149688	58084	22480	318848	306640	258520	102044	126516	107044	298692	156596	597168	643868	100204	99872	258760	367636	23508	80924	60064	107720	890196	422136	250156	500048	101896	470284	199196	251308	265828	311716	89972	199024	34448	68812	336392	385188	196884	320068	331604	415228	222640	284768	696704	271344	181028	155052	392344	612604	266244	252572	176844	85212	187040	94888	137252	150864	127648	142476	243032	435844	207904	138028	517384	532088	452520	362064	34060	24076	102204	127976	86448	25632	242548	100400	151780	85104	308928	212216	30664	22084	300884	145552	430908	477372	457412	441644	32032	62696	288508	231748	402224	454008	298188	216636	344568	386356	146264	209580	27704	27848	32716	88904	234664	265164	281976	270592	193576	38668	
data	data	Precentral_L	Precentral_R	Frontal_Sup_L	Frontal_Sup_R	Frontal_Sup_Orb_L	Frontal_Sup_Orb_R	Frontal_Mid_L	Frontal_Mid_R	Frontal_Mid_Orb_L	Frontal_Mid_Orb_R	Frontal_Inf_Oper_L	Frontal_Inf_Oper_R	Frontal_Inf_Tri_L	Frontal_Inf_Tri_R	Frontal_Inf_Orb_L	Frontal_Inf_Orb_R	Rolandic_Oper_L	Rolandic_Oper_R	Supp_Motor_Area_L	Supp_Motor_Area_R	Olfactory_L	Olfactory_R	Frontal_Sup_Medial_L	Frontal_Sup_Medial_R	Frontal_Med_Orb_L	Frontal_Med_Orb_R	Rectus_L	Rectus_R	Insula_L	Insula_R	Cingulum_Ant_L	Cingulum_Ant_R	Cingulum_Mid_L	Cingulum_Mid_R	Cingulum_Post_L	Cingulum_Post_R	Hippocampus_L	Hippocampus_R	ParaHippocampal_L	ParaHippocampal_R	Amygdala_L	Amygdala_R	Calcarine_L	Calcarine_R	Cuneus_L	Cuneus_R	Lingual_L	Lingual_R	Occipital_Sup_L	Occipital_Sup_R	Occipital_Mid_L	Occipital_Mid_R	Occipital_Inf_L	Occipital_Inf_R	Fusiform_L	Fusiform_R	Postcentral_L	Postcentral_R	Parietal_Sup_L	Parietal_Sup_R	Parietal_Inf_L	Parietal_Inf_R	SupraMarginal_L	SupraMarginal_R	Angular_L	Angular_R	Precuneus_L	Precuneus_R	Paracentral_Lobule_L	Paracentral_Lobule_R	Caudate_L	Caudate_R	Putamen_L	Putamen_R	Pallidum_L	Pallidum_R	Thalamus_L	Thalamus_R	Heschl_L	Heschl_R	Temporal_Sup_L	Temporal_Sup_R	Temporal_Pole_Sup_L	Temporal_Pole_Sup_R	Temporal_Mid_L	Temporal_Mid_R	Temporal_Pole_Mid_L	Temporal_Pole_Mid_R	Temporal_Inf_L	Temporal_Inf_R	Cerebelum_Crus1_L	Cerebelum_Crus1_R	Cerebelum_Crus2_L	Cerebelum_Crus2_R	Cerebelum_3_L	Cerebelum_3_R	Cerebelum_4_5_L	Cerebelum_4_5_R	Cerebelum_6_L	Cerebelum_6_R	Cerebelum_7b_L	Cerebelum_7b_R	Cerebelum_8_L	Cerebelum_8_R	Cerebelum_9_L	Cerebelum_9_R	Cerebelum_10_L	Cerebelum_10_R	Vermis_1_2	Vermis_3	Vermis_4_5	Vermis_6	Vermis_7	Vermis_8	Vermis_9	Vermis_10	
439152	Precentral_L	0	4450	29762	11984	0	0	20316	208	0	0	8922	454	356	0	0	0	7574	232	6768	16534	0	0	0	0	0	0	0	0	7256	540	0	0	344	8718	1648	2190	3528	2320	296	904	0	0	954	0	430	160	218	1394	244	0	5362	530	712	510	1530	2510	27492	476	1236	0	2422	82	2454	226	262	0	610	604	10144	1812	1576	582	4244	82	1040	0	6546	286	2362	0	1566	74	236	0	1764	180	0	0	1192	0	0	0	0	0	0	82	0	86	0	0	0	0	0	0	0	0	0	0	0	0	0	0	0	0	0	0	
224696	Precentral_R	4450	0	3420	10644	0	0	1226	8638	0	0	80	2532	0	82	0	0	2586	1772	3484	4916	0	0	0	0	0	0	0	0	3454	2370	0	0	222	1004	838	2382	1008	2620	0	726	0	0	344	620	164	330	0	1024	0	180	1722	558	330	390	458	2280	3866	14200	284	0	104	428	988	2894	0	194	234	1118	2782	3810	4828	702	890	3068	0	938	108	918	0	76	400	364	0	0	384	512	0	0	1070	334	0	0	0	0	0	0	0	0	0	0	0	0	0	0	0	0	0	0	0	0	0	0	0	0	0	0	
928948	Frontal_Sup_L	29762	3420	0	19348	9158	0	59704	194	1374	0	14346	4392	11292	216	4006	0	11556	2838	65938	28468	0	0	33602	2218	216	0	0	0	36880	4868	16064	3626	4514	12036	1158	1482	3476	828	154	238	0	0	256	0	340	120	76	404	182	0	1334	234	82	152	614	960	4164	678	220	0	282	0	340	244	0	0	458	542	7946	1894	11664	4436	17790	3122	2386	206	7116	0	804	92	2726	240	2960	490	474	130	0	0	944	0	0	0	0	0	0	0	0	0	0	0	0	0	0	0	0	0	0	0	0	0	0	0	0	0	0	0	
993764	Frontal_Sup_R	11984	10644	19348	0	370	5726	8610	18666	0	158	3018	14340	2924	5730	230	3600	2472	7718	22326	54996	0	0	9252	39500	250	2578	0	186	11246	15936	5612	46656	818	27800	380	298	570	6136	0	1574	0	0	302	436	122	126	0	1148	0	98	1314	1976	108	984	222	3642	2146	682	292	0	160	0	0	502	0	0	202	444	2472	116	11466	46740	7844	18404	0	1254	578	23926	124	316	1296	584	1090	974	352	1596	0	0	544	648	0	0	0	0	0	0	0	0	0	0	0	0	0	0	0	0	0	0	0	0	0	0	0	0	0	0	
191872	Frontal_Sup_Orb_L	0	0	9158	370	0	0	3966	0	12232	0	592	330	2716	0	18284	0	76	154	868	204	4448	924	2700	106	2690	0	4712	556	15420	296	4786	1060	0	72	0	0	0	0	216	0	450	0	0	0	0	0	0	0	0	0	0	0	0	0	0	0	0	0	0	0	0	0	0	0	0	0	0	0	0	0	610	268	6390	0	0	0	0	0	0	0	0	0	1282	0	0	0	0	0	0	0	0	0	0	0	0	0	0	0	0	0	0	0	0	0	0	0	0	0	0	0	0	0	0	0	0	0	
116016	Frontal_Sup_Orb_R	0	0	0	5726	0	0	0	592	0	4398	0	0	0	124	0	5662	0	0	0	126	138	2358	0	4534	0	6658	78	8710	0	2498	106	3946	0	74	0	0	0	0	0	0	0	68	0	0	0	0	0	0	0	0	0	0	0	0	0	0	0	0	0	0	0	0	0	0	0	0	0	0	0	0	144	6056	0	5844	0	0	0	0	0	0	0	0	0	168	0	0	0	0	0	0	0	0	0	0	0	0	0	0	0	0	0	0	0	0	0	0	0	0	0	0	0	0	0	0	0	0	
545888	Frontal_Mid_L	20316	1226	59704	8610	3966	0	0	380	1442	0	15398	6810	26142	282	2804	0	2898	3536	8236	2620	0	0	9440	2952	0	0	0	0	31524	5676	4074	3272	304	504	0	68	2352	194	218	100	0	0	0	0	0	0	164	0	0	0	606	0	102	0	964	84	3696	370	144	0	476	0	694	120	0	0	0	0	0	0	10440	5570	16446	1340	200	0	1304	0	1342	0	798	0	1314	664	458	0	0	0	600	0	0	0	0	0	0	0	0	0	0	0	0	0	0	0	0	0	0	0	0	0	0	0	0	0	0	0	
149688	Frontal_Mid_R	208	8638	194	18666	0	592	380	0	0	352	0	8852	0	10268	0	1610	954	818	790	676	0	0	140	546	0	0	0	0	1810	2944	104	1106	0	930	0	0	602	1018	0	326	0	0	0	0	0	0	0	0	0	0	0	0	0	0	0	342	924	230	0	0	0	0	0	80	0	0	0	0	0	0	2422	1346	326	4676	0	936	0	296	0	0	0	82	0	78	0	0	0	0	582	0	0	0	0	0	0	0	0	0	0	0	0	0	0	0	0	0	0	0	0	0	0	0	0	0	0	0	
58084	Frontal_Mid_Orb_L	0	0	1374	0	12232	0	1442	0	0	0	0	0	1000	0	8396	0	0	0	0	0	0	0	0	0	216	0	726	0	2096	0	606	0	0	0	0	0	0	0	0	0	0	0	0	0	0	0	0	0	0	0	0	0	0	0	0	0	0	0	0	0	0	0	0	0	0	0	0	0	0	0	0	0	954	0	0	0	0	0	0	0	0	0	0	0	0	0	0	0	0	0	0	0	0	0	0	0	0	0	0	0	0	0	0	0	0	0	0	0	0	0	0	0	0	0	0	0	
22480	Frontal_Mid_Orb_R	0	0	0	158	0	4398	0	352	0	0	0	0	0	338	0	5050	0	0	0	0	0	0	0	0	0	0	0	404	0	0	0	0	0	0	0	0	0	0	0	0	0	0	0	0	0	0	0	0	0	0	0	0	0	0	0	0	0	0	0	0	0	0	0	0	0	0	0	0	0	0	0	186	0	354	0	0	0	0	0	0	0	0	0	0	0	0	0	0	0	0	0	0	0	0	0	0	0	0	0	0	0	0	0	0	0	0	0	0	0	0	0	0	0	0	0	0	
318848	Frontal_Inf_Oper_L	8922	80	14346	3018	592	0	15398	0	0	0	0	3636	14880	226	386	80	15022	1602	5764	754	0	0	2188	1400	0	0	0	0	30680	2596	2128	1896	0	312	0	0	146	0	0	0	0	0	0	0	0	0	0	0	0	0	0	0	0	0	0	0	4738	0	0	0	0	0	490	0	0	0	0	0	0	0	6872	2954	3150	458	0	0	466	0	428	0	5374	0	7934	372	0	0	0	0	136	0	0	0	0	0	0	0	0	0	0	0	0	0	0	0	0	0	0	0	0	0	0	0	0	0	0	0	
306640	Frontal_Inf_Oper_R	454	2532	4392	14340	330	0	6810	8852	0	0	3636	0	3062	11526	326	84	1854	9182	2104	2576	0	0	760	254	0	0	0	0	11658	23040	890	400	90	582	0	0	1030	498	0	314	0	0	0	0	0	0	0	0	0	0	0	0	0	0	398	304	282	664	0	0	0	0	86	0	0	0	0	0	0	0	12710	6920	8078	4792	0	880	128	172	322	218	1188	108	1456	2064	0	0	0	0	974	0	0	0	0	0	0	0	0	0	0	0	0	0	0	0	0	0	0	0	0	0	0	0	0	0	0	0	
258520	Frontal_Inf_Tri_L	356	0	11292	2924	2716	0	26142	0	1000	0	14880	3062	0	110	4128	0	1032	1398	1676	266	0	0	2814	1616	0	0	0	0	29048	2096	3540	2080	0	204	0	0	0	0	0	0	0	0	0	0	0	0	0	0	0	0	0	0	0	0	0	0	0	0	0	0	0	0	0	0	0	0	0	0	0	0	5240	2216	8578	104	0	0	0	0	0	0	164	0	388	190	0	0	0	0	0	0	0	0	0	0	0	0	0	0	0	0	0	0	0	0	0	0	0	0	0	0	0	0	0	0	0	0	
102044	Frontal_Inf_Tri_R	0	82	216	5730	0	124	282	10268	0	338	226	11526	110	0	0	2784	0	508	648	1776	0	0	0	248	0	0	0	0	456	9120	210	302	0	770	0	0	0	0	0	0	0	0	0	0	0	0	0	0	0	0	0	0	0	0	0	0	0	0	0	0	0	0	0	0	0	0	0	0	0	0	1080	2246	400	1572	0	0	0	0	0	0	0	0	0	0	0	0	0	0	0	0	0	0	0	0	0	0	0	0	0	0	0	0	0	0	0	0	0	0	0	0	0	0	0	0	0	0	
126516	Frontal_Inf_Orb_L	0	0	4006	230	18284	0	2804	0	8396	0	386	326	4128	0	0	0	0	102	160	0	3448	0	690	124	0	0	894	0	11464	188	340	132	0	0	0	0	0	0	156	0	360	0	0	0	0	0	0	0	0	0	0	0	0	0	0	0	0	0	0	0	0	0	0	0	0	0	0	0	0	0	526	230	4184	0	0	0	0	0	0	0	0	0	1700	0	0	0	0	0	0	0	0	0	0	0	0	0	0	0	0	0	0	0	0	0	0	0	0	0	0	0	0	0	0	0	0	0	
107044	Frontal_Inf_Orb_R	0	0	0	3600	0	5662	0	1610	0	5050	80	84	0	2784	0	0	86	0	134	634	86	3108	0	318	0	0	0	3854	150	10918	0	274	0	374	0	0	0	1158	0	278	0	1284	0	0	0	0	0	0	0	0	0	0	0	0	0	302	0	0	0	0	0	0	0	0	0	0	0	0	0	0	324	1480	82	4380	0	0	0	0	0	0	76	2382	72	2668	0	144	0	86	0	0	0	0	0	0	0	0	0	0	0	0	0	0	0	0	0	0	0	0	0	0	0	0	0	0	0	0	
298692	Rolandic_Oper_L	7574	2586	11556	2472	76	0	2898	954	0	0	15022	1854	1032	0	0	86	0	1180	8780	1410	0	0	0	880	0	0	0	0	27328	1648	0	942	0	674	0	0	220	0	0	0	0	0	80	0	0	0	484	0	0	0	2436	0	318	0	2456	0	10984	372	1100	0	308	0	3936	0	134	0	0	0	246	0	7916	1818	790	672	0	0	620	0	3438	0	11692	0	7556	250	1662	0	0	0	906	0	0	0	0	0	0	0	0	0	0	0	0	0	0	0	0	0	0	0	0	0	0	0	0	0	0	0	
156596	Rolandic_Oper_R	232	1772	2838	7718	154	0	3536	818	0	0	1602	9182	1398	508	102	0	1180	0	1230	1358	0	0	326	0	0	0	0	0	4810	12404	422	86	0	0	0	0	96	706	0	0	0	0	0	84	0	0	0	0	0	80	0	258	0	0	0	170	164	3386	0	0	0	0	0	2136	0	202	0	108	0	0	4976	658	3578	2028	0	84	0	0	0	1392	660	2216	672	2676	0	108	0	0	76	108	0	0	0	0	0	0	0	0	0	0	0	0	0	0	0	0	0	0	0	0	0	0	0	0	0	0	
597168	Supp_Motor_Area_L	6768	3484	65938	22326	868	0	8236	790	0	0	5764	2104	1676	648	160	134	8780	1230	0	41484	0	0	7676	2322	66	0	0	0	15032	2728	10744	4590	7714	21116	916	446	1266	320	0	116	80	0	86	0	376	94	0	208	222	0	524	0	0	0	180	426	2546	822	0	0	0	0	0	320	0	0	650	382	9362	1374	8216	4062	12742	1130	3782	116	1322	0	456	0	2140	0	992	186	66	0	0	0	280	0	0	0	0	0	0	0	0	0	0	0	0	0	0	0	0	0	0	0	0	0	0	0	0	0	0	0	
643868	Supp_Motor_Area_R	16534	4916	28468	54996	204	126	2620	676	0	0	754	2576	266	1776	0	634	1410	1358	41484	0	0	0	1156	7184	0	0	0	0	3136	5168	2718	15312	3690	50852	1866	4382	238	540	0	256	0	0	222	440	454	832	90	122	154	184	912	0	158	0	400	398	416	754	106	0	0	0	0	0	0	0	518	4844	15244	13336	2292	13938	1780	5678	70	488	0	1114	184	80	366	214	254	0	192	0	0	0	228	176	0	0	0	0	0	0	0	0	0	0	0	0	0	0	0	0	0	0	0	0	0	0	0	0	0	0	
100204	Olfactory_L	0	0	0	0	4448	138	0	0	0	0	0	0	0	0	3448	86	0	0	0	0	0	7842	0	0	0	182	5118	3628	4784	126	2942	3068	0	0	0	0	0	0	410	0	934	0	0	0	0	0	0	0	0	0	0	0	0	0	0	0	0	0	0	0	0	0	0	0	0	0	0	0	0	0	6972	2974	1504	200	0	0	0	0	0	0	0	0	1298	0	0	0	0	0	0	0	0	0	0	0	0	0	0	0	0	0	0	0	0	0	0	0	0	0	0	0	0	0	0	0	0	0	
99872	Olfactory_R	0	0	0	0	924	2358	0	0	0	0	0	0	0	0	0	3108	0	0	0	0	7842	0	0	0	0	226	4242	7242	0	4178	2320	2678	0	0	0	0	0	200	0	96	0	1482	0	0	0	0	0	0	0	0	0	0	0	0	0	0	0	0	0	0	0	0	0	0	0	0	0	0	0	0	7210	3886	1300	262	0	0	0	78	0	0	0	0	0	304	0	0	0	0	0	0	0	0	0	0	0	0	0	0	0	0	0	0	0	0	0	0	0	0	0	0	0	0	0	0	0	0	
258760	Frontal_Sup_Medial_L	0	0	33602	9252	2700	0	9440	140	0	0	2188	760	2814	0	690	0	0	326	7676	1156	0	0	0	13728	528	166	0	0	6292	548	12516	9768	1684	6762	0	0	0	0	0	0	0	0	0	0	0	0	0	0	0	0	0	0	0	0	0	0	0	0	0	0	0	0	0	0	0	0	0	0	0	0	1554	1448	3120	406	0	0	0	0	0	0	0	0	0	116	0	0	0	0	0	0	0	0	0	0	0	0	0	0	0	0	0	0	0	0	0	0	0	0	0	0	0	0	0	0	0	0	
367636	Frontal_Sup_Medial_R	0	0	2218	39500	106	4534	2952	546	0	0	1400	254	1616	248	124	318	880	0	2322	7184	0	0	13728	0	610	6124	0	840	4748	1042	2288	34306	68	12500	0	0	0	0	0	0	0	0	0	0	0	0	0	0	0	0	0	0	0	0	0	0	0	0	0	0	0	0	0	0	0	0	0	0	0	0	5394	21500	4184	8404	0	0	0	2614	0	0	662	0	604	0	0	0	0	0	0	0	0	0	0	0	0	0	0	0	0	0	0	0	0	0	0	0	0	0	0	0	0	0	0	0	0	0	
23508	Frontal_Med_Orb_L	0	0	216	250	2690	0	0	0	216	0	0	0	0	0	0	0	0	0	66	0	0	0	528	610	0	938	1538	80	280	0	2798	702	0	0	0	0	0	0	0	0	0	0	0	0	0	0	0	0	0	0	0	0	0	0	0	0	0	0	0	0	0	0	0	0	0	0	0	0	0	0	98	104	640	0	0	0	0	0	0	0	0	0	0	0	0	0	0	0	0	0	0	0	0	0	0	0	0	0	0	0	0	0	0	0	0	0	0	0	0	0	0	0	0	0	0	0	
80924	Frontal_Med_Orb_R	0	0	0	2578	0	6658	0	0	0	0	0	0	0	0	0	0	0	0	0	0	182	226	166	6124	938	0	178	7336	0	0	670	6154	0	0	0	0	0	0	0	0	0	0	0	0	0	0	0	0	0	0	0	0	0	0	0	0	0	0	0	0	0	0	0	0	0	0	0	0	0	0	0	4900	0	4352	0	0	0	0	0	0	0	0	0	0	0	0	0	0	0	0	0	0	0	0	0	0	0	0	0	0	0	0	0	0	0	0	0	0	0	0	0	0	0	0	0	0	
60064	Rectus_L	0	0	0	0	4712	78	0	0	726	0	0	0	0	0	894	0	0	0	0	0	5118	4242	0	0	1538	178	0	2364	878	108	3336	1848	0	0	0	0	0	0	0	0	0	0	0	0	0	0	0	0	0	0	0	0	0	0	0	0	0	0	0	0	0	0	0	0	0	0	0	0	0	0	2834	734	322	0	0	0	0	0	0	0	0	0	122	0	0	0	0	0	0	0	0	0	0	0	0	0	0	0	0	0	0	0	0	0	0	0	0	0	0	0	0	0	0	0	0	0	
107720	Rectus_R	0	0	0	186	556	8710	0	0	0	404	0	0	0	0	0	3854	0	0	0	0	3628	7242	0	840	80	7336	2364	0	0	4386	752	3656	0	0	0	0	0	0	0	0	0	320	0	0	0	0	0	0	0	0	0	0	0	0	0	0	0	0	0	0	0	0	0	0	0	0	0	0	0	0	2988	3372	740	2232	0	0	0	0	0	0	0	0	0	214	0	0	0	0	0	0	0	0	0	0	0	0	0	0	0	0	0	0	0	0	0	0	0	0	0	0	0	0	0	0	0	0	
890196	Insula_L	7256	3454	36880	11246	15420	0	31524	1810	2096	0	30680	11658	29048	456	11464	150	27328	4810	15032	3136	4784	0	6292	4748	280	0	878	0	0	7612	6696	5408	136	848	140	152	13390	0	1460	0	1878	0	142	0	0	0	960	0	0	0	2752	0	714	0	10028	0	4354	290	888	0	404	0	3180	0	236	0	0	0	148	0	30080	8482	34818	1362	0	0	1538	0	6052	0	12630	94	12960	1214	2876	0	196	0	10458	0	0	0	0	0	0	0	0	0	92	0	0	0	0	0	0	0	0	0	0	0	0	0	0	0	0	0	
422136	Insula_R	540	2370	4868	15936	296	2498	5676	2944	0	0	2596	23040	2096	9120	188	10918	1648	12404	2728	5168	126	4178	548	1042	0	0	108	4386	7612	0	790	1482	0	926	0	0	236	8366	0	2772	0	4204	0	104	0	0	0	214	0	0	0	298	0	574	100	3912	272	1584	0	0	0	0	76	90	0	72	0	154	0	0	8936	7276	5416	24024	0	0	142	236	328	3122	910	5522	990	2300	0	1142	0	132	122	1210	0	0	0	0	0	0	0	0	0	0	0	0	0	0	0	0	0	0	0	0	0	0	0	0	0	0	
250156	Cingulum_Ant_L	0	0	16064	5612	4786	106	4074	104	606	0	2128	890	3540	210	340	0	0	422	10744	2718	2942	2320	12516	2288	2798	670	3336	752	6696	790	0	14754	3558	4340	0	0	150	0	0	0	0	0	0	0	0	0	0	0	0	0	0	0	0	0	0	0	0	0	0	0	0	0	0	0	0	0	0	0	0	0	5478	2354	5546	1180	0	0	0	0	0	0	0	0	0	120	0	0	0	0	146	0	0	0	0	0	0	0	0	0	0	0	0	0	0	0	0	0	0	0	0	0	0	0	0	0	0	0	
500048	Cingulum_Ant_R	0	0	3626	46656	1060	3946	3272	1106	0	0	1896	400	2080	302	132	274	942	86	4590	15312	3068	2678	9768	34306	702	6154	1848	3656	5408	1482	14754	0	1206	25320	0	0	82	138	0	0	0	0	0	0	0	0	0	0	0	0	0	0	0	0	0	0	0	0	0	0	0	0	0	0	0	0	0	0	0	0	8190	25106	4932	11522	0	0	0	2618	0	0	692	0	634	0	0	0	0	0	80	0	0	0	0	0	0	0	0	0	0	0	0	0	0	0	0	0	0	0	0	0	0	0	0	0	0	0	
101896	Cingulum_Mid_L	344	222	4514	818	0	0	304	0	0	0	0	90	0	0	0	0	0	0	7714	3690	0	0	1684	68	0	0	0	0	136	0	3558	1206	0	8668	3154	1308	0	0	0	0	0	0	66	0	1290	148	0	0	1446	0	906	0	0	0	0	0	0	0	0	0	0	0	0	0	0	0	4640	858	3486	416	102	0	112	0	0	0	0	0	0	0	0	0	0	0	0	0	0	0	0	0	0	0	0	0	0	0	0	0	0	0	0	0	0	0	0	0	0	0	0	0	0	0	0	0	0	0	
470284	Cingulum_Mid_R	8718	1004	12036	27800	72	74	504	930	0	0	312	582	204	770	0	374	674	0	21116	50852	0	0	6762	12500	0	0	0	0	848	926	4340	25320	8668	0	1758	6164	0	96	0	0	0	0	88	774	356	1206	0	120	144	232	122	0	0	0	86	134	112	348	0	0	0	0	0	0	0	0	1744	8270	11582	8804	634	4186	522	1990	70	0	0	0	126	0	0	0	0	0	0	0	0	0	0	0	0	0	0	0	0	0	0	0	0	0	0	0	0	0	0	0	0	0	0	0	88	0	0	0	0	0	
199196	Cingulum_Post_L	1648	838	1158	380	0	0	0	0	0	0	0	0	0	0	0	0	0	0	916	1866	0	0	0	0	0	0	0	0	140	0	0	0	3154	1758	0	21778	3682	1344	1752	858	0	0	2708	1834	994	818	658	4124	380	354	7230	788	2734	778	1976	7264	70	658	104	0	0	0	0	68	0	0	5356	8524	4812	1328	0	0	0	0	0	0	0	0	0	0	0	0	0	0	1320	620	0	0	86	72	0	0	0	0	0	192	198	544	0	0	0	0	0	0	0	0	0	0	0	176	1558	0	0	0	0	0	
251308	Cingulum_Post_R	2190	2382	1482	298	0	0	68	0	0	0	0	0	0	0	0	0	0	0	446	4382	0	0	0	0	0	0	0	0	152	0	0	0	1308	6164	21778	0	4792	2328	2666	1496	0	0	1388	5114	102	2312	382	6280	0	596	6046	1162	1968	932	2166	9442	0	1910	0	0	0	0	0	88	0	0	2772	16656	3624	4910	0	0	0	0	0	0	110	0	0	0	0	0	0	0	1174	704	0	0	0	80	0	0	0	0	0	212	0	636	0	0	0	0	0	0	0	0	0	0	0	192	2764	0	0	0	0	0	
265828	Hippocampus_L	3528	1008	3476	570	0	0	2352	602	0	0	146	1030	0	0	0	0	220	96	1266	238	0	0	0	0	0	0	0	0	13390	236	150	82	0	0	3682	4792	0	2600	12602	1906	6020	0	368	0	0	0	1772	1682	0	0	304	0	80	0	19486	1258	374	0	0	0	0	0	0	0	0	0	812	2502	0	0	4664	212	10070	98	230	0	3942	100	1712	0	1646	0	1554	0	1044	0	194	0	16098	0	0	0	0	0	0	294	470	370	320	0	0	0	0	0	0	0	0	0	0	254	1012	0	0	0	0	0	
311716	Hippocampus_R	2320	2620	828	6136	0	0	194	1018	0	0	0	498	0	0	0	1158	0	706	320	540	0	200	0	0	0	0	0	0	0	8366	0	138	0	96	1344	2328	2600	0	1628	26806	0	10738	0	284	0	0	192	8520	0	0	352	1892	0	2898	672	33566	136	146	0	0	0	0	0	0	0	0	0	864	360	0	0	390	0	14756	0	858	1006	5032	0	614	0	1964	0	926	128	1724	0	0	80	4788	0	70	0	0	0	646	80	1904	0	176	0	0	0	0	0	0	0	0	0	252	0	0	0	0	0	0	
89972	ParaHippocampal_L	296	0	154	0	216	0	218	0	0	0	0	0	0	0	156	0	0	0	0	0	410	0	0	0	0	0	0	0	1460	0	0	0	0	0	1752	2666	12602	1628	0	1248	1818	0	514	0	0	0	2824	1406	0	0	276	0	82	0	6156	846	0	0	0	0	0	0	0	0	0	0	818	1562	0	0	0	0	976	0	0	0	1376	0	366	0	0	0	318	0	0	0	98	0	614	0	0	0	0	0	318	216	802	238	0	0	0	0	0	0	0	0	0	0	0	290	266	0	0	0	0	0	
199024	ParaHippocampal_R	904	726	238	1574	0	0	100	326	0	0	0	314	0	0	0	278	0	0	116	256	0	96	0	0	0	0	0	0	0	2772	0	0	0	0	858	1496	1906	26806	1248	0	0	6046	0	70	0	0	182	4894	0	0	0	382	0	948	368	24604	0	0	0	0	0	0	0	0	0	0	0	766	0	0	0	150	0	7034	0	700	674	2028	0	0	0	588	0	1312	0	208	0	1058	0	1374	0	74	0	0	0	1262	0	3420	0	268	0	0	0	0	0	0	0	0	0	872	216	0	0	0	0	0	
34448	Amygdala_L	0	0	0	0	450	0	0	0	0	0	0	0	0	0	360	0	0	0	80	0	934	0	0	0	0	0	0	0	1878	0	0	0	0	0	0	0	6020	0	1818	0	0	0	0	0	0	0	0	0	0	0	0	0	0	0	3092	0	0	0	0	0	0	0	0	0	0	0	0	0	0	0	230	0	316	0	0	0	318	0	0	0	0	0	396	0	0	0	0	0	1332	0	0	0	0	0	0	0	0	0	0	0	0	0	0	0	0	0	0	0	0	0	0	0	0	0	0	0	
68812	Amygdala_R	0	0	0	0	0	68	0	0	0	0	0	0	0	0	0	1284	0	0	0	0	0	1482	0	0	0	0	0	320	0	4204	0	0	0	0	0	0	0	10738	0	6046	0	0	0	0	0	0	0	0	0	0	0	0	0	0	0	6126	0	0	0	0	0	0	0	0	0	0	0	0	0	0	0	66	0	2322	0	0	0	0	0	0	0	0	0	1454	0	0	0	106	0	190	0	0	0	0	0	0	0	0	0	0	0	0	0	0	0	0	0	0	0	0	0	0	0	0	0	0	
336392	Calcarine_L	954	344	256	302	0	0	0	0	0	0	0	0	0	0	0	0	80	0	86	222	0	0	0	0	0	0	0	0	142	0	0	0	66	88	2708	1388	368	0	514	0	0	0	0	8666	18700	8150	20544	3384	16520	3956	35582	640	10250	188	4930	948	1636	80	328	0	806	0	0	0	234	0	17070	1166	906	78	0	0	0	0	0	0	0	0	174	0	144	0	0	0	2554	78	0	0	240	0	0	68	0	0	0	0	746	0	0	88	0	0	0	0	0	212	0	0	0	0	568	442	0	226	242	134	
385188	Calcarine_R	0	620	0	436	0	0	0	0	0	0	0	0	0	0	0	0	0	84	0	440	0	0	0	0	0	0	0	0	0	104	0	0	0	774	1834	5114	0	284	0	70	0	0	8666	0	4626	30862	1958	28776	0	23544	1202	15264	310	9196	118	15188	0	4758	0	256	0	94	0	1380	0	136	272	25374	98	1630	0	0	0	0	0	0	0	0	0	0	0	238	0	0	364	4646	0	0	0	1950	0	0	0	0	0	0	0	682	0	0	0	0	0	0	0	0	0	0	0	0	764	482	0	0	0	0	
196884	Cuneus_L	430	164	340	122	0	0	0	0	0	0	0	0	0	0	0	0	0	0	376	454	0	0	0	0	0	0	0	0	0	0	0	0	1290	356	994	102	0	0	0	0	0	0	18700	4626	0	7204	2960	142	22668	2016	13182	106	976	0	304	0	1238	0	2262	0	196	0	0	0	0	0	12954	1306	2872	102	0	0	0	0	0	0	0	0	0	0	0	0	0	0	0	0	0	0	0	0	0	0	0	0	0	0	0	0	0	0	0	0	0	0	0	0	0	0	0	0	0	0	0	0	0	0	
320068	Cuneus_R	160	330	120	126	0	0	0	0	0	0	0	0	0	0	0	0	0	0	94	832	0	0	0	0	0	0	0	0	0	0	0	0	148	1206	818	2312	0	0	0	0	0	0	8150	30862	7204	0	1260	8670	114	35874	434	12062	172	1740	0	3554	0	7778	0	3696	0	122	0	880	0	966	1876	22438	300	3524	0	0	0	0	0	0	0	0	0	0	0	226	0	0	96	1150	0	0	0	422	0	0	0	0	0	0	0	0	0	0	0	0	0	0	0	0	0	0	0	0	218	100	0	0	0	0	
331604	Lingual_L	218	0	76	0	0	0	164	0	0	0	0	0	0	0	0	0	484	0	0	90	0	0	0	0	0	0	0	0	960	0	0	0	0	0	658	382	1772	192	2824	182	0	0	20544	1958	2960	1260	0	2554	5492	704	18480	76	8162	0	16874	498	0	0	94	0	0	0	188	0	0	0	5982	292	0	0	0	0	0	0	0	0	292	0	170	0	166	0	0	0	126	0	0	0	0	0	3402	1014	624	368	1780	220	20832	252	13262	2114	446	0	468	244	3124	1804	1670	100	240	804	6410	6298	586	1770	1968	1128	
415228	Lingual_R	1394	1024	404	1148	0	0	0	0	0	0	0	0	0	0	0	0	0	0	208	122	0	0	0	0	0	0	0	0	0	214	0	0	0	120	4124	6280	1682	8520	1406	4894	0	0	3384	28776	142	8670	2554	0	0	7592	2284	7576	466	12522	278	39286	98	894	0	0	0	0	0	1482	0	542	394	14234	388	210	0	80	0	74	0	0	0	174	0	0	0	486	0	0	828	2292	0	0	94	206	778	4616	1048	568	0	1412	982	9020	1618	8544	0	0	0	0	0	0	0	0	0	926	5034	4332	1190	0	0	0	
222640	Occipital_Sup_L	244	0	182	0	0	0	0	0	0	0	0	0	0	0	0	0	0	0	222	154	0	0	0	0	0	0	0	0	0	0	0	0	1446	144	380	0	0	0	0	0	0	0	16520	0	22668	114	5492	0	0	0	35110	0	1792	0	312	0	2008	0	9432	0	1478	0	0	0	0	0	12450	126	974	0	0	0	0	0	0	0	0	0	0	0	0	0	0	0	72	0	0	0	0	0	0	0	0	0	0	0	0	0	0	0	0	0	0	0	0	0	0	0	0	0	0	0	0	0	0	0	
284768	Occipital_Sup_R	0	180	0	98	0	0	0	0	0	0	0	0	0	0	0	0	0	80	0	184	0	0	0	0	0	0	0	0	0	0	0	0	0	232	354	596	0	0	0	0	0	0	3956	23544	2016	35874	704	7592	0	0	220	20944	106	2348	0	3084	0	7266	0	6052	0	1224	0	888	0	5922	194	13852	0	1532	0	0	0	0	0	0	0	0	0	0	0	388	0	0	0	2058	0	0	0	824	0	0	0	0	0	0	0	0	0	0	0	0	0	0	0	0	0	0	0	0	72	0	0	0	0	0	
696704	Occipital_Mid_L	5362	1722	1334	1314	0	0	606	0	0	0	0	0	0	0	0	0	2436	0	524	912	0	0	0	0	0	0	0	0	2752	0	0	0	906	122	7230	6046	304	352	276	0	0	0	35582	1202	13182	434	18480	2284	35110	220	0	536	32194	522	11802	3880	9252	224	23944	0	19744	0	6564	0	20642	0	18788	2932	3192	636	70	0	0	0	0	0	0	0	1814	0	6090	0	0	0	32994	294	0	0	13022	0	0	0	0	0	0	0	0	284	94	0	0	0	0	0	0	0	0	0	0	0	146	0	0	0	0	0	
271344	Occipital_Mid_R	530	558	234	1976	0	0	0	0	0	0	0	0	0	0	0	0	0	258	0	0	0	0	0	0	0	0	0	0	0	298	0	0	0	0	788	1162	0	1892	0	382	0	0	640	15264	106	12062	76	7576	0	20944	536	0	244	11506	0	9228	0	3460	0	1794	0	2126	0	1832	0	11282	0	7362	128	70	0	0	0	0	0	0	0	0	0	110	0	1112	0	0	96	16320	0	0	0	3624	0	0	0	0	0	0	0	0	0	0	0	0	0	0	0	0	0	0	0	0	96	0	0	0	0	0	
181028	Occipital_Inf_L	712	330	82	108	0	0	102	0	0	0	0	0	0	0	0	0	318	0	0	158	0	0	0	0	0	0	0	0	714	0	0	0	0	0	2734	1968	80	0	82	0	0	0	10250	310	976	172	8162	466	1792	106	32194	244	0	176	10232	884	290	0	202	0	196	0	396	0	94	0	2660	828	90	174	0	0	0	0	0	0	0	0	994	0	504	0	0	0	3438	66	0	0	4176	0	418	72	106	0	0	0	574	0	1312	116	0	0	0	0	0	0	0	0	0	0	206	250	0	0	0	0	
155052	Occipital_Inf_R	510	390	152	984	0	0	0	0	0	0	0	0	0	0	0	0	0	0	0	0	0	0	0	0	0	0	0	0	0	574	0	0	0	0	778	932	0	2898	0	948	0	0	188	9196	0	1740	0	12522	0	2348	522	11506	176	0	0	18100	0	168	0	0	0	0	0	0	0	78	0	3060	144	0	0	0	0	260	0	0	0	0	0	188	0	442	0	0	140	3430	0	0	0	3966	104	0	104	0	0	0	0	232	134	394	0	0	0	0	0	0	0	0	0	0	0	218	0	0	0	0	
392344	Fusiform_L	1530	458	614	222	0	0	964	0	0	0	0	398	0	0	0	0	2456	0	180	400	0	0	0	0	0	0	0	0	10028	100	0	0	0	86	1976	2166	19486	672	6156	368	3092	0	4930	118	304	0	16874	278	312	0	11802	0	10232	0	0	658	408	0	158	0	76	0	566	0	0	0	2264	1024	0	78	1764	168	3246	0	0	0	942	0	3212	0	1660	0	1844	0	2546	0	2126	0	16012	0	18464	172	1428	0	200	0	11290	0	25882	372	516	0	776	0	336	0	0	0	0	94	856	832	0	0	0	0	
612604	Fusiform_R	2510	2280	960	3642	0	0	84	342	0	0	0	304	0	0	0	302	0	170	426	398	0	0	0	0	0	0	0	0	0	3912	0	0	0	134	7264	9442	1258	33566	846	24604	0	6126	948	15188	0	3554	498	39286	0	3084	3880	9228	884	18100	658	0	162	428	0	0	0	100	0	1556	0	854	230	11186	646	72	0	300	0	7284	0	600	308	358	0	596	0	2186	0	5580	1204	8882	0	1862	256	14064	564	13360	858	1370	0	790	124	10022	904	17584	0	430	0	1090	0	198	0	0	0	542	2202	2440	1032	102	98	0	
266244	Postcentral_L	27492	3866	4164	2146	0	0	3696	924	0	0	4738	282	0	0	0	0	10984	164	2546	416	0	0	0	0	0	0	0	0	4354	272	0	0	0	112	70	0	374	136	0	0	0	0	1636	0	1238	0	0	98	2008	0	9252	0	290	0	408	162	0	360	8700	0	15956	0	8458	0	2690	0	3012	0	4194	0	2244	282	620	68	0	0	890	0	1086	0	1956	0	94	0	614	0	0	0	70	0	0	0	0	0	0	0	0	0	0	0	0	0	0	0	0	0	0	0	0	0	0	0	0	0	0	0	
252572	Postcentral_R	476	14200	678	682	0	0	370	230	0	0	0	664	0	0	0	0	372	3386	822	754	0	0	0	0	0	0	0	0	290	1584	0	0	0	348	658	1910	0	146	0	0	0	0	80	4758	0	7778	0	894	0	7266	224	3460	0	168	0	428	360	0	0	9548	0	9112	0	19732	0	6032	0	15482	384	4906	588	1394	0	204	0	0	0	1166	0	0	0	1306	0	0	80	2336	0	0	0	1030	0	0	0	0	0	0	0	0	0	0	0	0	0	0	0	0	0	0	0	0	0	0	0	0	0	0	
176844	Parietal_Sup_L	1236	284	220	292	0	0	144	0	0	0	0	0	0	0	0	0	1100	0	0	106	0	0	0	0	0	0	0	0	888	0	0	0	0	0	104	0	0	0	0	0	0	0	328	0	2262	0	94	0	9432	0	23944	0	202	0	158	0	8700	0	0	0	12632	0	2896	0	5652	0	10554	142	1768	0	0	0	0	0	0	0	0	0	122	0	2020	0	0	0	1946	0	0	0	1196	0	0	0	0	0	0	0	0	0	0	0	0	0	0	0	0	0	0	0	0	0	0	0	0	0	0	0	
85212	Parietal_Sup_R	0	0	0	0	0	0	0	0	0	0	0	0	0	0	0	0	0	0	0	0	0	0	0	0	0	0	0	0	0	0	0	0	0	0	0	0	0	0	0	0	0	0	0	256	0	3696	0	0	0	6052	0	1794	0	0	0	0	0	9548	0	0	0	6884	0	1552	0	5174	0	7078	0	572	0	0	0	0	0	0	0	0	0	0	0	0	0	0	0	0	0	0	0	0	0	0	0	0	0	0	0	0	0	0	0	0	0	0	0	0	0	0	0	0	0	0	0	0	0	0	
187040	Parietal_Inf_L	2422	104	282	160	0	0	476	0	0	0	0	0	0	0	0	0	308	0	0	0	0	0	0	0	0	0	0	0	404	0	0	0	0	0	0	0	0	0	0	0	0	0	806	0	196	0	0	0	1478	0	19744	0	196	0	76	0	15956	0	12632	0	0	0	13714	0	17082	0	1172	0	784	0	0	0	0	0	0	0	0	0	152	0	1122	0	0	0	3174	0	0	0	1080	0	0	0	0	0	0	0	0	0	0	0	0	0	0	0	0	0	0	0	0	0	0	0	0	0	0	0	
94888	Parietal_Inf_R	82	428	0	0	0	0	0	0	0	0	0	0	0	0	0	0	0	0	0	0	0	0	0	0	0	0	0	0	0	0	0	0	0	0	0	0	0	0	0	0	0	0	0	94	0	122	0	0	0	1224	0	2126	0	0	0	100	0	9112	0	6884	0	0	0	10992	0	14034	0	1528	0	0	0	0	0	0	0	0	0	0	0	0	0	100	0	0	0	618	0	0	0	0	0	0	0	0	0	0	0	0	0	0	0	0	0	0	0	0	0	0	0	0	0	0	0	0	0	0	
137252	SupraMarginal_L	2454	988	340	0	0	0	694	0	0	0	490	86	0	0	0	0	3936	0	0	0	0	0	0	0	0	0	0	0	3180	76	0	0	0	0	0	0	0	0	0	0	0	0	0	0	0	0	188	0	0	0	6564	0	396	0	566	0	8458	0	2896	0	13714	0	0	0	5530	0	0	0	0	0	0	192	0	0	0	0	0	0	620	0	7192	0	0	0	6928	0	0	0	3138	0	0	0	0	0	0	0	0	0	0	0	0	0	0	0	0	0	0	0	0	0	0	0	0	0	0	0	
150864	SupraMarginal_R	226	2894	244	502	0	0	120	80	0	0	0	0	0	0	0	0	0	2136	320	0	0	0	0	0	0	0	0	0	0	90	0	0	0	0	68	88	0	0	0	0	0	0	0	1380	0	880	0	1482	0	888	0	1832	0	0	0	1556	0	19732	0	1552	0	10992	0	0	0	11672	0	4242	0	0	0	1288	0	0	0	0	0	1100	0	0	0	4628	0	0	0	5310	0	0	0	130	0	0	0	0	0	0	0	0	0	0	0	0	0	0	0	0	0	0	0	0	0	0	0	0	0	0	
127648	Angular_L	262	0	0	0	0	0	0	0	0	0	0	0	0	0	0	0	134	0	0	0	0	0	0	0	0	0	0	0	236	0	0	0	0	0	0	0	0	0	0	0	0	0	234	0	0	0	0	0	0	0	20642	0	94	0	0	0	2690	0	5652	0	17082	0	5530	0	0	0	962	0	888	0	0	0	0	0	0	0	0	0	162	0	1646	0	0	0	6622	0	0	0	988	0	0	0	0	0	0	0	0	0	0	0	0	0	0	0	0	0	0	0	0	0	0	0	0	0	0	0	
142476	Angular_R	0	194	0	0	0	0	0	0	0	0	0	0	0	0	0	0	0	202	0	0	0	0	0	0	0	0	0	0	0	72	0	0	0	0	0	0	0	0	0	0	0	0	0	136	0	966	0	542	0	5922	0	11282	0	78	0	854	0	6032	0	5174	0	14034	0	11672	0	0	0	3664	0	0	0	0	0	0	0	0	0	0	0	0	0	2920	0	0	0	7246	0	0	0	248	0	0	0	0	0	0	0	0	0	0	0	0	0	0	0	0	0	0	0	0	0	0	0	0	0	0	
243032	Precuneus_L	610	234	458	202	0	0	0	0	0	0	0	0	0	0	0	0	0	0	650	518	0	0	0	0	0	0	0	0	0	0	0	0	4640	1744	5356	2772	812	0	818	0	0	0	17070	272	12954	1876	5982	394	12450	194	18788	0	2660	0	2264	230	3012	0	10554	0	1172	0	0	0	962	0	0	4600	5254	134	0	0	0	0	0	0	0	0	0	0	0	0	0	0	480	0	0	0	0	0	0	0	0	0	0	0	920	0	0	0	0	0	0	0	0	0	0	0	0	0	480	0	0	0	0	0	
435844	Precuneus_R	604	1118	542	444	0	0	0	0	0	0	0	0	0	0	0	0	0	108	382	4844	0	0	0	0	0	0	0	0	0	154	0	0	858	8270	8524	16656	2502	864	1562	766	0	0	1166	25374	1306	22438	292	14234	126	13852	2932	7362	828	3060	1024	11186	0	15482	142	7078	0	1528	0	4242	0	3664	4600	0	2032	11048	0	0	0	0	0	0	0	126	0	0	0	536	0	0	710	6380	0	0	0	1816	0	0	0	0	0	244	0	1468	0	0	0	0	0	0	0	0	0	0	0	230	3124	94	0	0	0	0	
207904	Paracentral_Lobule_L	10144	2782	7946	2472	0	0	0	0	0	0	0	0	0	0	0	0	246	0	9362	15244	0	0	0	0	0	0	0	0	148	0	0	0	3486	11582	4812	3624	0	360	0	0	0	0	906	98	2872	300	0	388	974	0	3192	128	90	144	0	646	4194	384	1768	0	784	0	0	0	888	0	5254	2032	0	6160	0	0	0	0	0	0	0	0	0	0	194	0	0	0	348	0	0	0	0	0	0	0	0	0	0	0	0	0	0	0	0	0	0	0	0	0	0	0	0	0	0	0	0	0	0	0	
138028	Paracentral_Lobule_R	1812	3810	1894	116	0	0	0	0	0	0	0	0	0	0	0	0	0	0	1374	13336	0	0	0	0	0	0	0	0	0	0	0	0	416	8804	1328	4910	0	0	0	0	0	0	78	1630	102	3524	0	210	0	1532	636	70	174	0	78	72	0	4906	0	572	0	0	0	0	0	0	134	11048	6160	0	0	0	0	0	0	0	0	0	0	0	0	0	0	0	162	0	0	0	0	0	0	0	0	0	0	0	0	0	0	0	0	0	0	0	0	0	0	0	0	0	126	0	0	0	0	0	
517384	Caudate_L	1576	4828	11664	11466	610	144	10440	2422	0	0	6872	12710	5240	1080	526	324	7916	4976	8216	2292	6972	7210	1554	5394	98	0	2834	2988	30080	8936	5478	8190	102	634	0	0	4664	0	0	0	230	0	0	0	0	0	0	0	0	0	70	0	0	0	1764	0	2244	588	0	0	0	0	0	0	0	0	0	0	0	0	0	17458	26282	2164	2554	0	13892	120	178	0	4054	114	3446	1216	66	0	0	0	3816	0	0	0	0	0	0	0	0	0	0	0	0	0	0	0	0	0	0	0	0	0	0	0	0	0	0	0	
532088	Caudate_R	582	702	4436	46740	268	6056	5570	1346	0	186	2954	6920	2216	2246	230	1480	1818	658	4062	13938	2974	3886	1448	21500	104	4900	734	3372	8482	7276	2354	25106	0	4186	0	0	212	390	0	150	0	66	0	0	0	0	0	80	0	0	0	0	0	0	168	300	282	1394	0	0	0	0	192	1288	0	0	0	0	0	0	17458	0	8620	21882	0	2076	502	18792	184	0	1356	104	1148	314	0	0	0	0	152	204	0	0	0	0	0	0	0	0	0	0	0	0	0	0	0	0	0	0	0	0	0	0	0	0	0	0	
452520	Putamen_L	4244	890	17790	7844	6390	0	16446	326	954	0	3150	8078	8578	400	4184	82	790	3578	12742	1780	1504	1300	3120	4184	640	0	322	740	34818	5416	5546	4932	112	522	0	0	10070	0	976	0	316	0	0	0	0	0	0	0	0	0	0	0	0	0	3246	0	620	0	0	0	0	0	0	0	0	0	0	0	0	0	26282	8620	0	762	4878	0	1642	0	430	0	944	0	1774	968	0	0	0	0	3330	0	0	0	0	0	0	0	0	0	0	0	0	0	0	0	0	0	0	0	0	0	0	0	0	0	0	0	
362064	Putamen_R	82	3068	3122	18404	0	5844	1340	4676	0	354	458	4792	104	1572	0	4380	672	2028	1130	5678	200	262	406	8404	0	4352	0	2232	1362	24024	1180	11522	0	1990	0	0	98	14756	0	7034	0	2322	0	0	0	0	0	74	0	0	0	0	0	260	0	7284	68	204	0	0	0	0	0	0	0	0	0	0	0	0	2164	21882	762	0	0	2774	0	598	0	436	286	1906	210	108	0	1288	0	0	78	2690	0	0	0	0	0	0	0	112	0	0	0	0	0	0	0	0	0	0	0	0	0	0	0	0	0	0	
34060	Pallidum_L	1040	0	2386	0	0	0	200	0	0	0	0	0	0	0	0	0	0	0	3782	70	0	0	0	0	0	0	0	0	0	0	0	0	0	70	0	0	230	0	0	0	0	0	0	0	0	0	0	0	0	0	0	0	0	0	0	0	0	0	0	0	0	0	0	0	0	0	0	0	0	0	2554	0	4878	0	0	0	1820	0	0	0	0	0	0	0	0	0	0	0	0	0	0	0	0	0	0	0	0	0	0	0	0	0	0	0	0	0	0	0	0	0	0	0	0	0	0	0	
24076	Pallidum_R	0	938	206	1254	0	0	0	936	0	0	0	880	0	0	0	0	0	84	116	488	0	0	0	0	0	0	0	0	0	0	0	0	0	0	0	0	0	858	0	700	0	0	0	0	0	0	0	0	0	0	0	0	0	0	0	600	0	0	0	0	0	0	0	0	0	0	0	0	0	0	0	2076	0	2774	0	0	0	0	0	0	0	0	0	0	0	0	0	0	0	128	0	0	0	0	0	0	0	0	0	0	0	0	0	0	0	0	0	0	0	0	0	0	0	0	0	0	
102204	Thalamus_L	6546	108	7116	578	0	0	1304	0	0	0	466	128	0	0	0	0	620	0	1322	0	0	0	0	0	0	0	0	0	1538	142	0	0	0	0	0	110	3942	1006	1376	674	318	0	0	0	0	0	292	0	0	0	0	0	0	0	942	308	890	0	0	0	0	0	0	0	0	0	0	0	0	0	13892	502	1642	0	1820	0	0	1854	294	0	548	0	426	0	0	0	0	0	216	0	0	0	0	0	0	90	0	92	0	0	0	0	0	0	0	0	0	0	0	0	0	0	0	0	0	0	
127976	Thalamus_R	286	918	0	23926	0	0	0	296	0	0	0	172	0	0	0	0	0	0	0	1114	0	78	0	2614	0	0	0	0	0	236	0	2618	0	0	0	0	100	5032	0	2028	0	0	0	0	0	0	0	174	0	0	0	0	0	0	0	358	0	1166	0	0	0	0	0	1100	0	0	0	126	0	0	120	18792	0	598	0	0	1854	0	0	0	0	0	0	0	0	0	0	0	0	0	0	0	0	0	0	144	0	138	0	0	0	0	0	0	0	0	0	0	0	0	0	0	0	0	0	0	
86448	Heschl_L	2362	0	804	124	0	0	1342	0	0	0	428	322	0	0	0	0	3438	0	456	184	0	0	0	0	0	0	0	0	6052	328	0	0	0	126	0	0	1712	0	366	0	0	0	174	0	0	0	170	0	0	0	1814	0	994	0	3212	0	1086	0	122	0	152	0	620	0	162	0	0	0	0	0	178	184	430	0	0	0	294	0	0	0	5400	0	0	0	7004	0	0	0	3184	0	0	0	0	0	0	0	0	0	0	0	0	0	0	0	0	0	0	0	0	0	0	0	0	0	0	0	
25632	Heschl_R	0	76	92	316	0	0	0	0	0	0	0	218	0	0	0	0	0	1392	0	80	0	0	0	0	0	0	0	0	0	3122	0	0	0	0	0	0	0	614	0	0	0	0	0	0	0	0	0	0	0	0	0	110	0	188	0	596	0	0	0	0	0	0	0	0	0	0	0	0	0	0	0	0	0	436	0	0	0	0	0	0	0	4632	0	126	0	420	0	0	0	398	0	0	0	0	0	0	0	0	0	0	0	0	0	0	0	0	0	0	0	0	0	0	0	0	0	0	
242548	Temporal_Sup_L	1566	400	2726	1296	0	0	798	0	0	0	5374	1188	164	0	0	76	11692	660	2140	366	0	0	0	662	0	0	0	0	12630	910	0	692	0	0	0	0	1646	0	0	0	0	0	144	0	0	0	166	0	0	0	6090	0	504	0	1660	0	1956	0	2020	0	1122	0	7192	0	1646	0	0	0	194	0	4054	1356	944	286	0	0	548	0	5400	0	0	0	6468	186	23872	0	0	0	10480	0	0	0	0	0	0	0	0	0	0	0	0	0	0	0	0	0	0	0	0	0	0	0	0	0	0	0	
100400	Temporal_Sup_R	74	364	240	584	0	0	0	82	0	0	0	108	0	0	0	2382	0	2216	0	214	0	0	0	0	0	0	0	0	94	5522	0	0	0	0	0	0	0	1964	0	588	0	0	0	238	0	226	0	486	0	388	0	1112	0	442	0	2186	0	1306	0	0	0	100	0	4628	0	2920	0	536	0	0	114	104	0	1906	0	0	0	0	0	4632	0	0	0	4012	0	8522	0	358	0	1552	0	0	0	0	0	0	0	0	0	0	0	0	0	0	0	0	0	0	0	0	0	0	0	0	0	0	
151780	Temporal_Pole_Sup_L	236	0	2960	1090	1282	0	1314	0	0	0	7934	1456	388	0	1700	72	7556	672	992	254	1298	0	0	604	0	0	122	0	12960	990	0	634	0	0	0	0	1554	0	318	0	396	0	0	0	0	0	0	0	0	0	0	0	0	0	1844	0	94	0	0	0	0	0	0	0	0	0	0	0	0	0	3446	1148	1774	210	0	0	426	0	0	0	6468	0	0	192	4720	0	4188	0	4598	0	0	0	0	0	0	0	0	0	0	0	0	0	0	0	0	0	0	0	0	0	0	0	0	0	0	0	
85104	Temporal_Pole_Sup_R	0	0	490	974	0	168	664	78	0	0	372	2064	190	0	0	2668	250	2676	186	0	0	304	116	0	0	0	0	214	1214	2300	120	0	0	0	0	0	0	926	0	1312	0	1454	0	0	0	0	0	0	0	0	0	0	0	0	0	5580	0	0	0	0	0	0	0	0	0	0	0	0	0	0	1216	314	968	108	0	0	0	0	0	126	186	4012	192	0	0	2614	0	3560	0	4936	0	0	0	0	0	0	0	0	0	0	0	0	0	0	0	0	0	0	0	0	0	0	0	0	0	0	
308928	Temporal_Mid_L	1764	384	474	352	0	0	458	0	0	0	0	0	0	0	0	0	1662	0	66	192	0	0	0	0	0	0	0	0	2876	0	0	0	0	0	1320	1174	1044	128	0	0	0	0	2554	364	0	96	126	828	72	0	32994	96	3438	140	2546	1204	614	80	1946	0	3174	0	6928	0	6622	0	480	710	348	162	66	0	0	0	0	0	0	0	7004	0	23872	0	4720	0	0	88	4070	0	37054	0	0	0	0	0	0	0	0	174	0	0	0	0	0	0	0	0	0	0	0	0	0	0	0	0	0	0	
212216	Temporal_Mid_R	180	512	130	1596	0	0	0	0	0	0	0	0	0	0	0	144	0	108	0	0	0	0	0	0	0	0	0	0	0	1142	0	0	0	0	620	704	0	1724	0	208	0	0	78	4646	0	1150	0	2292	0	2058	294	16320	66	3430	0	8882	0	2336	0	0	0	618	0	5310	0	7246	0	6380	0	0	0	0	0	1288	0	0	0	0	0	420	0	8522	0	2614	88	0	0	1800	0	23202	0	0	0	0	0	0	0	0	0	0	0	0	0	0	0	0	0	0	0	0	0	0	0	0	0	0	
30664	Temporal_Pole_Mid_L	0	0	0	0	0	0	0	0	0	0	0	0	0	0	0	0	0	0	0	0	0	0	0	0	0	0	0	0	196	0	0	0	0	0	0	0	194	0	98	0	0	0	0	0	0	0	0	0	0	0	0	0	0	0	2126	0	0	0	0	0	0	0	0	0	0	0	0	0	0	0	0	0	0	0	0	0	0	0	0	0	0	0	4188	0	4070	0	0	0	4460	0	0	0	0	0	0	0	0	0	0	0	0	0	0	0	0	0	0	0	0	0	0	0	0	0	0	0	
22084	Temporal_Pole_Mid_R	0	0	0	0	0	0	0	0	0	0	0	0	0	0	0	86	0	0	0	0	0	0	0	0	0	0	0	0	0	132	0	0	0	0	0	0	0	0	0	1058	0	106	0	0	0	0	0	0	0	0	0	0	0	0	0	1862	0	0	0	0	0	0	0	0	0	0	0	0	0	0	0	0	0	0	0	0	0	0	0	0	0	358	0	3560	0	1800	0	0	0	2080	0	0	0	0	0	0	0	0	0	0	0	0	0	0	0	0	0	0	0	0	0	0	0	0	0	0	
300884	Temporal_Inf_L	1192	1070	944	544	0	0	600	582	0	0	136	974	0	0	0	0	906	76	280	228	0	0	0	0	0	0	0	0	10458	122	146	80	0	0	86	0	16098	80	614	0	1332	0	240	0	0	0	0	94	0	0	13022	0	4176	0	16012	256	70	0	1196	0	1080	0	3138	0	988	0	0	0	0	0	3816	152	3330	78	0	0	216	0	3184	0	10480	0	4598	0	37054	0	4460	0	0	0	2582	0	812	0	0	0	0	0	1266	0	520	0	826	0	248	0	0	0	0	0	0	0	0	0	0	0	
145552	Temporal_Inf_R	0	334	0	648	0	0	0	0	0	0	0	0	0	0	0	0	0	108	0	176	0	0	0	0	0	0	0	0	0	1210	0	0	0	0	72	80	0	4788	0	1374	0	190	0	1950	0	422	0	206	0	824	0	3624	0	3966	0	14064	0	1030	0	0	0	0	0	130	0	248	0	1816	0	0	0	204	0	2690	0	128	0	0	0	398	0	1552	0	4936	0	23202	0	2080	0	0	0	326	0	0	0	0	0	0	0	0	0	0	0	0	0	0	0	0	0	0	0	0	0	0	0	0	
430908	Cerebelum_Crus1_L	0	0	0	0	0	0	0	0	0	0	0	0	0	0	0	0	0	0	0	0	0	0	0	0	0	0	0	0	0	0	0	0	0	0	0	0	0	0	0	0	0	0	0	0	0	0	3402	778	0	0	0	0	418	104	18464	564	0	0	0	0	0	0	0	0	0	0	0	0	0	0	0	0	0	0	0	0	0	0	0	0	0	0	0	0	0	0	0	0	2582	0	0	1304	37190	1740	852	358	12422	138	53594	2880	17220	564	24288	1462	8556	2676	1028	210	358	698	1560	6576	5320	4124	3498	526	
477372	Cerebelum_Crus1_R	0	0	0	0	0	0	0	0	0	0	0	0	0	0	0	0	0	0	0	0	0	0	0	0	0	0	0	0	0	0	0	0	0	0	0	0	0	70	0	74	0	0	68	0	0	0	1014	4616	0	0	0	0	72	0	172	13360	0	0	0	0	0	0	0	0	0	0	0	0	0	0	0	0	0	0	0	0	0	0	0	0	0	0	0	0	0	0	0	0	0	326	1304	0	3742	39248	0	1904	2888	20566	1900	61310	146	8660	180	27990	198	6400	0	1032	298	2332	9156	10370	11762	4032	3280	216	
457412	Cerebelum_Crus2_L	0	0	0	0	0	0	0	0	0	0	0	0	0	0	0	0	0	0	0	0	0	0	0	0	0	0	0	0	0	0	0	0	0	0	0	0	0	0	0	0	0	0	0	0	0	0	624	1048	0	0	0	0	106	104	1428	858	0	0	0	0	0	0	0	0	0	0	0	0	0	0	0	0	0	0	0	0	0	0	0	0	0	0	0	0	0	0	0	0	812	0	37190	3742	0	15102	0	216	378	200	9202	3938	41614	10202	40594	8050	9932	3164	394	154	80	264	382	5990	15734	11650	5010	544	
441644	Cerebelum_Crus2_R	0	0	0	0	0	0	0	0	0	0	0	0	0	0	0	0	0	0	0	0	0	0	0	0	0	0	0	0	0	0	0	0	0	0	0	0	0	0	0	0	0	0	0	0	0	0	368	568	0	0	0	0	0	0	0	1370	0	0	0	0	0	0	0	0	0	0	0	0	0	0	0	0	0	0	0	0	0	0	0	0	0	0	0	0	0	0	0	0	0	0	1740	39248	15102	0	0	486	2064	7518	838	19908	5332	32736	2744	42836	338	8198	0	906	70	1010	5570	3964	18372	6234	3138	164	
32032	Cerebelum_3_L	0	0	0	0	0	0	0	0	0	0	0	0	0	0	0	0	0	0	0	0	0	0	0	0	0	0	0	0	0	0	0	0	0	0	0	0	0	0	318	0	0	0	0	0	0	0	1780	0	0	0	0	0	0	0	200	0	0	0	0	0	0	0	0	0	0	0	0	0	0	0	0	0	0	0	0	0	0	0	0	0	0	0	0	0	0	0	0	0	0	0	852	0	0	0	0	0	6572	0	1966	0	0	0	0	0	206	76	72	0	1294	1242	476	216	182	216	210	138	
62696	Cerebelum_3_R	82	0	0	0	0	0	0	0	0	0	0	0	0	0	0	0	0	0	0	0	0	0	0	0	0	0	0	0	0	0	0	0	0	0	192	212	294	646	216	1262	0	0	0	0	0	0	220	1412	0	0	0	0	0	0	0	790	0	0	0	0	0	0	0	0	0	0	0	244	0	0	0	0	0	0	0	0	90	144	0	0	0	0	0	0	0	0	0	0	0	0	358	1904	216	486	0	0	230	4842	380	4076	0	0	0	270	0	576	0	0	1182	5510	1220	864	1164	1256	1010	0	
288508	Cerebelum_4_5_L	0	0	0	0	0	0	0	0	0	0	0	0	0	0	0	0	0	0	0	0	0	0	0	0	0	0	0	0	0	0	0	0	0	0	198	0	470	80	802	0	0	0	746	0	0	0	20832	982	0	0	0	0	574	0	11290	124	0	0	0	0	0	0	0	0	0	0	920	0	0	0	0	0	0	0	0	0	0	0	0	0	0	0	0	0	0	0	0	0	0	0	12422	2888	378	2064	6572	230	0	1040	30476	4092	514	0	708	662	4730	2654	2146	138	1546	3010	13126	8600	1150	2766	3198	2126	
231748	Cerebelum_4_5_R	86	0	0	0	0	0	0	0	0	0	0	0	0	0	0	0	0	0	0	0	0	0	0	0	0	0	0	0	0	0	0	0	0	0	544	636	370	1904	238	3420	0	0	0	682	0	0	252	9020	0	0	284	0	0	232	0	10022	0	0	0	0	0	0	0	0	0	0	0	1468	0	0	0	0	0	112	0	0	92	138	0	0	0	0	0	0	174	0	0	0	0	0	138	20566	200	7518	0	4842	1040	0	178	29122	0	178	0	5808	0	840	0	96	332	2936	8858	928	1386	708	526	0	
402224	Cerebelum_6_L	0	0	0	0	0	0	0	0	0	0	0	0	0	0	0	0	0	0	0	0	0	0	0	0	0	0	0	0	92	0	0	0	0	0	0	0	320	0	0	0	0	0	0	0	0	0	13262	1618	0	0	94	0	1312	134	25882	904	0	0	0	0	0	0	0	0	0	0	0	0	0	0	0	0	0	0	0	0	0	0	0	0	0	0	0	0	0	0	0	0	1266	0	53594	1900	9202	838	1966	380	30476	178	0	4232	6238	0	8404	358	6006	2578	2462	432	852	1490	4880	10024	2814	3114	3092	718	
454008	Cerebelum_6_R	0	0	0	0	0	0	0	0	0	0	0	0	0	0	0	0	0	0	0	0	0	0	0	0	0	0	0	0	0	0	0	0	0	0	0	0	0	176	0	268	0	0	88	0	0	0	2114	8544	0	0	0	0	116	394	372	17584	0	0	0	0	0	0	0	0	0	0	0	0	0	0	0	0	0	0	0	0	0	0	0	0	0	0	0	0	0	0	0	0	0	0	2880	61310	3938	19908	0	4076	4092	29122	4232	0	132	1548	168	15498	196	4040	0	710	516	3158	12424	15102	8810	2968	2324	196	
298188	Cerebelum_7b_L	0	0	0	0	0	0	0	0	0	0	0	0	0	0	0	0	0	0	0	0	0	0	0	0	0	0	0	0	0	0	0	0	0	0	0	0	0	0	0	0	0	0	0	0	0	0	446	0	0	0	0	0	0	0	516	0	0	0	0	0	0	0	0	0	0	0	0	0	0	0	0	0	0	0	0	0	0	0	0	0	0	0	0	0	0	0	0	0	520	0	17220	146	41614	5332	0	0	514	0	6238	132	0	5790	39088	6710	5708	1092	682	0	0	0	0	174	4706	9956	2336	174	
216636	Cerebelum_7b_R	0	0	0	0	0	0	0	0	0	0	0	0	0	0	0	0	0	0	0	0	0	0	0	0	0	0	0	0	0	0	0	0	0	0	0	0	0	0	0	0	0	0	0	0	0	0	0	0	0	0	0	0	0	0	0	430	0	0	0	0	0	0	0	0	0	0	0	0	0	0	0	0	0	0	0	0	0	0	0	0	0	0	0	0	0	0	0	0	0	0	564	8660	10202	32736	0	0	0	178	0	1548	5790	0	3690	30234	0	4546	0	0	0	0	80	304	5286	3782	288	0	
344568	Cerebelum_8_L	0	0	0	0	0	0	0	0	0	0	0	0	0	0	0	0	0	0	0	0	0	0	0	0	0	0	0	0	0	0	0	0	0	0	0	0	0	0	0	0	0	0	0	0	0	0	468	0	0	0	0	0	0	0	776	0	0	0	0	0	0	0	0	0	0	0	0	0	0	0	0	0	0	0	0	0	0	0	0	0	0	0	0	0	0	0	0	0	826	0	24288	180	40594	2744	0	0	708	0	8404	168	39088	3690	0	7104	18054	2256	824	0	0	0	158	604	3870	12650	4486	344	
386356	Cerebelum_8_R	0	0	0	0	0	0	0	0	0	0	0	0	0	0	0	0	0	0	0	0	0	0	0	0	0	0	0	0	0	0	0	0	0	0	0	0	0	0	0	0	0	0	0	0	0	0	244	0	0	0	0	0	0	0	0	1090	0	0	0	0	0	0	0	0	0	0	0	0	0	0	0	0	0	0	0	0	0	0	0	0	0	0	0	0	0	0	0	0	0	0	1462	27990	8050	42836	0	270	662	5808	358	15498	6710	30234	7104	0	238	16944	0	830	0	308	1284	1700	9262	10096	3950	250	
146264	Cerebelum_9_L	0	0	0	0	0	0	0	0	0	0	0	0	0	0	0	0	0	0	0	0	0	0	0	0	0	0	0	0	0	0	0	0	0	0	0	0	0	0	0	0	0	0	0	0	0	0	3124	0	0	0	0	0	0	0	336	0	0	0	0	0	0	0	0	0	0	0	0	0	0	0	0	0	0	0	0	0	0	0	0	0	0	0	0	0	0	0	0	0	248	0	8556	198	9932	338	206	0	4730	0	6006	196	5708	0	18054	238	0	1708	3874	158	0	116	1130	1746	724	2328	2878	600	
209580	Cerebelum_9_R	0	0	0	0	0	0	0	0	0	0	0	0	0	0	0	0	0	0	0	0	0	0	0	0	0	0	0	0	0	0	0	0	0	0	0	0	0	0	0	0	0	0	212	0	0	0	1804	0	0	0	0	0	0	0	0	198	0	0	0	0	0	0	0	0	0	0	0	0	0	0	0	0	0	0	0	0	0	0	0	0	0	0	0	0	0	0	0	0	0	0	2676	6400	3164	8198	76	576	2654	840	2578	4040	1092	4546	2256	16944	1708	0	102	1876	408	872	2834	6756	7438	10692	11564	2286	
27704	Cerebelum_10_L	0	0	0	0	0	0	0	0	0	0	0	0	0	0	0	0	0	0	0	0	0	0	0	0	0	0	0	0	0	0	0	0	0	0	0	0	0	0	0	0	0	0	0	0	0	0	1670	0	0	0	0	0	0	0	0	0	0	0	0	0	0	0	0	0	0	0	0	0	0	0	0	0	0	0	0	0	0	0	0	0	0	0	0	0	0	0	0	0	0	0	1028	0	394	0	72	0	2146	0	2462	0	682	0	824	0	3874	102	0	0	0	0	148	196	0	106	148	0	
27848	Cerebelum_10_R	0	0	0	0	0	0	0	0	0	0	0	0	0	0	0	0	0	0	0	0	0	0	0	0	0	0	0	0	0	0	0	0	0	0	0	0	0	0	0	0	0	0	0	0	0	0	100	0	0	0	0	0	0	0	0	0	0	0	0	0	0	0	0	0	0	0	0	0	0	0	0	0	0	0	0	0	0	0	0	0	0	0	0	0	0	0	0	0	0	0	210	1032	154	906	0	0	138	96	432	710	0	0	0	830	158	1876	0	0	0	0	136	1198	1958	1956	2034	0	
32716	Vermis_1_2	0	0	0	0	0	0	0	0	0	0	0	0	0	0	0	0	0	0	0	0	0	0	0	0	0	0	0	0	0	0	0	0	0	0	0	0	0	0	0	0	0	0	0	0	0	0	240	0	0	0	0	0	0	0	0	0	0	0	0	0	0	0	0	0	0	0	0	0	0	0	0	0	0	0	0	0	0	0	0	0	0	0	0	0	0	0	0	0	0	0	358	298	80	70	1294	1182	1546	332	852	516	0	0	0	0	0	408	0	0	0	4992	1284	782	572	750	736	66	
88904	Vermis_3	0	0	0	0	0	0	0	0	0	0	0	0	0	0	0	0	0	0	0	0	0	0	0	0	0	0	0	0	0	0	0	0	0	0	176	192	254	252	290	872	0	0	0	0	0	0	804	926	0	0	0	0	0	0	94	542	0	0	0	0	0	0	0	0	0	0	0	230	0	0	0	0	0	0	0	0	0	0	0	0	0	0	0	0	0	0	0	0	0	0	698	2332	264	1010	1242	5510	3010	2936	1490	3158	0	0	0	308	116	872	0	0	4992	0	4108	1998	1902	2166	1708	0	
