data	data	644360	298388	1.54162e+06	1.13442e+06	164524	126368	749088	258712	92008	25712	439836	407220	380780	259164	137948	74020	340680	94916	1.26926e+06	1.27358e+06	39916	49120	581204	713168	45592	82988	35444	50812	795980	480944	420856	845224	394360	802004	198956	226568	313036	345444	104468	140240	47648	49604	154336	233432	141180	181968	274528	261424	155212	206108	383284	174824	105952	55040	349424	388256	260356	252404	117000	117136	201264	156096	166224	146196	177012	136044	278584	329012	185836	225816	385872	535148	331188	398340	66280	53316	236960	251568	94068	17528	290468	121200	174608	62296	304568	212784	17668	21304	274720	284332	478500	409252	363352	324424	40668	45108	312404	192128	508512	420796	312880	148488	294432	377712	127344	113548	26916	2584	46572	71420	229876	267956	273920	189348	108372	42288	
data	data	Precentral_L	Precentral_R	Frontal_Sup_L	Frontal_Sup_R	Frontal_Sup_Orb_L	Frontal_Sup_Orb_R	Frontal_Mid_L	Frontal_Mid_R	Frontal_Mid_Orb_L	Frontal_Mid_Orb_R	Frontal_Inf_Oper_L	Frontal_Inf_Oper_R	Frontal_Inf_Tri_L	Frontal_Inf_Tri_R	Frontal_Inf_Orb_L	Frontal_Inf_Orb_R	Rolandic_Oper_L	Rolandic_Oper_R	Supp_Motor_Area_L	Supp_Motor_Area_R	Olfactory_L	Olfactory_R	Frontal_Sup_Medial_L	Frontal_Sup_Medial_R	Frontal_Med_Orb_L	Frontal_Med_Orb_R	Rectus_L	Rectus_R	Insula_L	Insula_R	Cingulum_Ant_L	Cingulum_Ant_R	Cingulum_Mid_L	Cingulum_Mid_R	Cingulum_Post_L	Cingulum_Post_R	Hippocampus_L	Hippocampus_R	ParaHippocampal_L	ParaHippocampal_R	Amygdala_L	Amygdala_R	Calcarine_L	Calcarine_R	Cuneus_L	Cuneus_R	Lingual_L	Lingual_R	Occipital_Sup_L	Occipital_Sup_R	Occipital_Mid_L	Occipital_Mid_R	Occipital_Inf_L	Occipital_Inf_R	Fusiform_L	Fusiform_R	Postcentral_L	Postcentral_R	Parietal_Sup_L	Parietal_Sup_R	Parietal_Inf_L	Parietal_Inf_R	SupraMarginal_L	SupraMarginal_R	Angular_L	Angular_R	Precuneus_L	Precuneus_R	Paracentral_Lobule_L	Paracentral_Lobule_R	Caudate_L	Caudate_R	Putamen_L	Putamen_R	Pallidum_L	Pallidum_R	Thalamus_L	Thalamus_R	Heschl_L	Heschl_R	Temporal_Sup_L	Temporal_Sup_R	Temporal_Pole_Sup_L	Temporal_Pole_Sup_R	Temporal_Mid_L	Temporal_Mid_R	Temporal_Pole_Mid_L	Temporal_Pole_Mid_R	Temporal_Inf_L	Temporal_Inf_R	Cerebelum_Crus1_L	Cerebelum_Crus1_R	Cerebelum_Crus2_L	Cerebelum_Crus2_R	Cerebelum_3_L	Cerebelum_3_R	Cerebelum_4_5_L	Cerebelum_4_5_R	Cerebelum_6_L	Cerebelum_6_R	Cerebelum_7b_L	Cerebelum_7b_R	Cerebelum_8_L	Cerebelum_8_R	Cerebelum_9_L	Cerebelum_9_R	Cerebelum_10_L	Cerebelum_10_R	Vermis_1_2	Vermis_3	Vermis_4_5	Vermis_6	Vermis_7	Vermis_8	Vermis_9	Vermis_10	
644360	Precentral_L	0	2926	33194	5942	0	238	22648	124	0	0	18146	390	6096	0	0	0	11870	164	23068	10200	0	0	154	4260	0	0	0	0	11878	982	176	5118	478	2278	5584	5914	13466	3958	796	210	0	0	1862	0	652	0	892	400	126	0	850	0	0	0	738	166	32240	268	914	0	1976	0	3478	0	688	0	3640	1652	12058	2338	11500	5784	7866	2410	2536	180	11986	4186	7420	0	7688	0	1688	0	1260	148	0	0	2136	0	0	0	0	0	0	0	0	0	0	0	0	0	0	0	0	0	0	0	0	0	196	0	0	0	0	0	
298388	Precentral_R	2926	0	1078	10108	0	0	168	6226	0	0	0	6008	0	242	0	0	0	632	4554	16590	0	0	0	0	0	0	0	0	424	1922	286	606	1256	2826	2580	4804	1394	11456	0	982	0	0	0	678	0	0	0	976	0	0	0	300	0	306	0	1816	0	20076	0	1396	0	2784	0	1512	0	0	0	1714	1002	9202	566	3996	462	2876	0	266	3926	13592	0	352	0	886	0	0	0	792	0	0	0	2650	0	0	0	0	0	0	0	0	0	0	0	0	0	0	0	0	0	0	0	0	0	0	0	0	0	0	
1.54162e+06	Frontal_Sup_L	33194	1078	0	30230	13596	0	96172	5484	8556	0	32606	4176	36720	2096	10690	242	17166	448	116548	41418	216	0	62224	20816	1788	0	232	0	50242	4254	22290	21826	21308	28102	322	0	1514	1250	286	392	0	0	0	0	0	0	0	0	0	0	0	0	0	0	958	152	7712	430	0	0	0	0	716	0	0	0	126	0	5638	0	14510	7244	18806	3766	3790	1272	478	1320	850	0	8428	0	6152	0	258	0	0	0	722	0	0	0	0	0	0	0	0	0	0	0	0	0	0	0	0	0	0	0	0	0	0	0	0	0	0	0	
1.13442e+06	Frontal_Sup_R	5942	10108	30230	0	170	7436	14360	32170	0	472	4398	31338	2720	15668	118	3898	1648	3832	40298	87446	0	0	14354	53384	148	1872	0	666	5160	27062	7864	47868	11088	36826	772	272	156	2768	0	664	0	0	0	0	0	0	0	0	0	0	0	0	0	0	0	316	636	1634	0	0	0	0	0	0	0	0	0	0	658	0	7622	24584	670	17824	378	2252	450	5536	0	0	284	0	246	750	0	0	0	0	0	192	0	0	0	0	0	0	0	0	0	0	0	0	0	0	0	0	0	0	0	0	0	0	0	0	0	0	
164524	Frontal_Sup_Orb_L	0	0	13596	170	0	0	3432	0	11226	0	418	0	3102	0	9760	0	0	0	1454	0	1270	0	3050	578	3450	0	3876	0	10848	0	3786	362	144	0	0	0	0	0	0	0	148	0	0	0	0	0	0	0	0	0	0	0	0	0	0	0	0	0	0	0	0	0	0	0	0	0	0	0	0	0	2036	336	8684	142	0	0	0	0	0	0	0	0	394	0	0	0	0	0	0	0	0	0	0	0	0	0	0	0	0	0	0	0	0	0	0	0	0	0	0	0	0	0	0	0	0	0	
126368	Frontal_Sup_Orb_R	238	0	0	7436	0	0	166	1696	0	6046	0	0	0	358	0	7008	0	0	0	878	0	690	172	4424	226	8570	0	8392	0	1586	414	2722	0	0	0	0	0	0	0	0	0	0	0	0	0	0	0	0	0	0	0	0	0	0	0	0	0	0	0	0	0	0	0	0	0	0	0	0	0	0	302	4010	0	7850	0	0	0	0	0	0	0	0	0	0	0	0	0	0	0	0	0	0	0	0	0	0	0	0	0	0	0	0	0	0	0	0	0	0	0	0	0	0	0	0	0	0	
749088	Frontal_Mid_L	22648	168	96172	14360	3432	166	0	1886	6792	0	14194	1952	36644	860	8392	246	2982	0	27112	12296	0	0	25570	15314	0	0	0	0	15216	2690	3478	12298	7074	13854	142	176	470	218	0	0	0	0	0	0	0	0	0	0	0	0	0	0	0	0	0	0	1494	0	0	0	0	0	220	0	0	0	0	0	0	0	7392	6100	2654	2246	978	0	872	224	294	0	2496	0	2144	0	126	0	0	0	502	0	0	0	0	0	0	0	0	0	0	0	0	0	0	0	0	0	0	0	0	0	0	0	0	0	0	0	
258712	Frontal_Mid_R	124	6226	5484	32170	0	1696	1886	0	0	1242	0	16262	236	14088	0	3842	0	172	6992	9816	0	0	1642	3858	0	0	0	0	144	7168	1000	2812	1610	6118	0	0	0	1070	0	182	0	0	0	0	0	0	0	0	0	0	0	150	0	0	0	376	0	260	0	0	0	0	0	0	0	0	0	0	0	0	218	0	0	700	0	0	0	0	0	0	0	0	0	896	0	382	0	0	0	534	0	0	0	0	0	0	0	0	0	0	0	0	0	0	0	0	0	0	0	0	0	0	0	0	0	0	
92008	Frontal_Mid_Orb_L	0	0	8556	0	11226	0	6792	0	0	0	0	0	3240	0	11360	0	0	0	0	0	0	0	188	0	0	0	348	0	2974	0	0	0	0	0	0	0	0	0	0	0	0	0	0	0	0	0	0	0	0	0	0	0	0	0	0	0	0	0	0	0	0	0	0	0	0	0	0	0	0	0	0	0	1320	0	0	0	0	0	0	0	0	0	0	0	0	0	0	0	0	0	0	0	0	0	0	0	0	0	0	0	0	0	0	0	0	0	0	0	0	0	0	0	0	0	0	0	
25712	Frontal_Mid_Orb_R	0	0	0	472	0	6046	0	1242	0	0	0	0	0	162	0	4408	0	0	0	0	0	0	0	0	0	360	0	166	0	0	0	0	0	0	0	0	0	0	0	0	0	0	0	0	0	0	0	0	0	0	0	0	0	0	0	0	0	0	0	0	0	0	0	0	0	0	0	0	0	0	0	0	0	0	0	0	0	0	0	0	0	0	0	0	0	0	0	0	0	0	0	0	0	0	0	0	0	0	0	0	0	0	0	0	0	0	0	0	0	0	0	0	0	0	0	0	
439836	Frontal_Inf_Oper_L	18146	0	32606	4398	418	0	14194	0	0	0	0	638	20636	370	406	0	17520	0	25074	5198	0	0	1592	2364	0	0	0	0	28582	586	2278	4372	2776	3924	0	0	602	0	0	0	0	0	0	0	0	0	0	0	0	0	0	0	0	0	424	0	4836	0	0	0	0	0	194	0	0	0	0	0	0	0	1302	2376	2162	316	216	150	0	0	308	0	10332	0	9904	0	322	0	0	0	396	0	0	0	0	0	0	0	0	0	0	0	0	0	0	0	0	0	0	0	0	0	0	0	0	0	0	0	
407220	Frontal_Inf_Oper_R	390	6008	4176	31338	0	0	1952	16262	0	0	638	0	266	26684	0	1264	360	1206	11900	23930	0	0	1460	6026	0	0	0	0	698	38884	912	6520	658	8112	0	0	0	2118	0	402	0	0	0	0	0	0	0	0	0	0	0	168	0	0	0	580	0	1240	0	0	0	0	0	0	0	0	0	0	0	0	614	1114	0	3978	0	366	0	216	0	0	0	0	0	1942	0	438	0	0	0	790	0	0	0	0	0	0	0	0	0	0	0	0	0	0	0	0	0	0	0	0	0	0	0	0	0	0	
380780	Frontal_Inf_Tri_L	6096	0	36720	2720	3102	0	36644	236	3240	0	20636	266	0	262	7768	0	2092	0	11718	3210	0	0	9196	2940	0	0	0	0	24634	350	4148	3076	1820	2944	0	0	0	0	0	0	0	0	0	0	0	0	0	0	0	0	0	0	0	0	0	0	468	0	0	0	0	0	0	0	0	0	0	0	0	0	828	1474	696	0	0	0	0	0	0	0	1334	0	1772	0	0	0	0	0	0	0	0	0	0	0	0	0	0	0	0	0	0	0	0	0	0	0	0	0	0	0	0	0	0	0	0	0	
259164	Frontal_Inf_Tri_R	0	242	2096	15668	0	358	860	14088	0	162	370	26684	262	0	0	5564	170	0	5830	11058	0	0	884	5212	0	0	0	0	372	26706	332	4536	310	4270	0	0	0	0	0	0	0	0	0	0	0	0	0	0	0	0	0	0	0	0	0	0	0	0	0	0	0	0	0	0	0	0	0	0	0	0	0	840	0	2440	0	0	0	0	0	0	0	0	0	268	0	0	0	0	0	0	0	0	0	0	0	0	0	0	0	0	0	0	0	0	0	0	0	0	0	0	0	0	0	0	0	0	
137948	Frontal_Inf_Orb_L	0	0	10690	118	9760	0	8392	0	11360	0	406	0	7768	0	0	0	0	0	232	0	1670	0	458	120	0	0	410	0	11174	0	0	0	0	146	0	0	554	0	260	0	568	0	0	0	0	0	0	0	0	0	0	0	0	0	240	0	0	0	0	0	0	0	0	0	0	0	0	0	0	0	294	0	3058	0	0	0	0	0	0	0	0	0	1296	0	0	0	0	0	0	0	0	0	0	0	0	0	0	0	0	0	0	0	0	0	0	0	0	0	0	0	0	0	0	0	0	0	
74020	Frontal_Inf_Orb_R	0	0	242	3898	0	7008	246	3842	0	4408	0	1264	0	5564	0	0	0	0	494	882	0	362	168	490	0	0	0	486	0	4910	0	330	0	274	0	0	0	0	0	0	0	0	0	0	0	0	0	0	0	0	0	0	0	0	0	0	0	0	0	0	0	0	0	0	0	0	0	0	0	0	0	206	0	1514	0	0	0	0	0	0	0	0	0	422	0	0	0	0	0	0	0	0	0	0	0	0	0	0	0	0	0	0	0	0	0	0	0	0	0	0	0	0	0	0	0	0	
340680	Rolandic_Oper_L	11870	0	17166	1648	0	0	2982	0	0	0	17520	360	2092	170	0	0	0	0	14828	2018	0	0	338	724	0	0	0	0	31228	306	488	1676	1186	1366	262	134	916	192	0	0	0	0	174	0	0	0	138	0	0	0	736	0	258	0	480	0	10418	0	0	0	136	0	2796	0	0	0	946	0	894	0	1050	814	1118	446	262	0	358	0	4920	0	22060	0	9038	0	2070	0	0	0	1758	0	0	0	0	0	0	0	0	0	0	0	0	0	0	0	0	0	0	0	0	0	0	0	0	0	0	0	
94916	Rolandic_Oper_R	164	632	448	3832	0	0	0	172	0	0	0	1206	0	0	0	0	0	0	1414	3334	0	0	0	0	0	0	0	0	118	11314	0	0	0	0	0	0	0	1450	0	478	0	0	0	0	0	0	0	0	0	0	0	0	0	0	0	312	0	5468	0	304	0	776	0	2748	0	0	0	156	0	0	222	404	0	5684	0	624	0	906	0	1104	0	2628	0	1146	0	0	0	0	0	414	0	0	0	0	0	0	0	0	0	0	0	0	0	0	0	0	0	0	0	0	0	0	0	0	0	0	
1.26926e+06	Supp_Motor_Area_L	23068	4554	116548	40298	1454	0	27112	6992	0	0	25074	11900	11718	5830	232	494	14828	1414	0	82918	0	0	15188	18672	488	0	0	0	29878	10804	14398	25294	19060	43454	858	0	1420	1338	278	308	0	0	0	0	0	0	0	0	0	0	0	0	0	0	1034	148	6566	922	0	0	0	0	346	0	0	0	0	0	9110	1222	10906	9464	12956	5876	3062	3044	390	1264	264	0	7094	0	4644	132	136	0	0	0	180	0	0	0	0	0	0	0	0	0	0	0	0	0	0	0	0	0	0	0	0	0	0	0	0	0	0	0	
1.27358e+06	Supp_Motor_Area_R	10200	16590	41418	87446	0	878	12296	9816	0	0	5198	23930	3210	11058	0	882	2018	3334	82918	0	0	0	8816	30494	0	254	0	0	6178	22070	8968	35370	13912	65574	2920	5154	554	3402	0	634	0	0	0	1316	0	134	0	680	0	0	0	1156	0	348	0	1892	578	3900	0	0	0	154	0	472	0	0	0	1674	6498	31580	3332	25282	1286	13732	468	3374	4538	10536	0	0	412	648	334	578	0	2906	0	0	0	3490	0	0	0	0	0	0	0	0	0	0	0	0	0	0	0	0	0	0	0	0	0	0	0	0	0	0	
39916	Olfactory_L	0	0	216	0	1270	0	0	0	0	0	0	0	0	0	1670	0	0	0	0	0	0	2362	0	0	236	0	764	0	2378	0	1384	666	0	0	0	0	866	0	488	0	920	0	0	0	0	0	0	0	0	0	0	0	0	0	418	0	0	0	0	0	0	0	0	0	0	0	0	0	0	0	3070	1114	1542	0	0	0	0	0	0	0	0	0	594	0	0	0	0	0	0	0	0	0	0	0	0	0	0	0	0	0	0	0	0	0	0	0	0	0	0	0	0	0	0	0	0	0	
49120	Olfactory_R	0	0	0	0	0	690	0	0	0	0	0	0	0	0	0	362	0	0	0	0	2362	0	0	0	0	192	470	866	0	1938	1814	1674	0	0	0	0	0	166	0	282	0	456	0	0	0	0	0	0	0	0	0	0	0	0	0	0	0	0	0	0	0	0	0	0	0	0	0	0	0	0	5108	3996	3134	722	0	0	0	0	0	0	0	0	0	328	0	0	0	0	0	0	0	0	0	0	0	0	0	0	0	0	0	0	0	0	0	0	0	0	0	0	0	0	0	0	0	0	
581204	Frontal_Sup_Medial_L	154	0	62224	14354	3050	172	25570	1642	188	0	1592	1460	9196	884	458	168	338	0	15188	8816	0	0	0	27430	3596	176	924	0	7540	1898	29990	23372	15138	21596	0	0	0	272	0	178	0	0	0	0	0	0	0	0	0	0	0	0	0	0	0	0	0	0	0	0	0	0	0	0	0	0	0	0	0	0	5420	2634	3700	1002	0	148	0	134	0	0	0	0	0	0	0	0	0	0	0	0	0	0	0	0	0	0	0	0	0	0	0	0	0	0	0	0	0	0	0	0	0	0	0	0	0	0	
713168	Frontal_Sup_Medial_R	4260	0	20816	53384	578	4424	15314	3858	0	0	2364	6026	2940	5212	120	490	724	0	18672	30494	0	0	27430	0	740	4488	0	912	3616	7124	12770	51562	5734	33992	0	0	0	176	0	0	0	0	0	0	0	0	0	0	0	0	0	0	0	0	0	0	266	0	0	0	0	0	0	0	0	0	0	0	0	0	6124	19408	542	10920	182	0	0	0	146	0	168	0	144	0	164	0	0	0	300	0	0	0	0	0	0	0	0	0	0	0	0	0	0	0	0	0	0	0	0	0	0	0	0	0	0	0	
45592	Frontal_Med_Orb_L	0	0	1788	148	3450	226	0	0	0	0	0	0	0	0	0	0	0	0	488	0	236	0	3596	740	0	1162	1966	238	802	0	5032	712	0	0	0	0	0	0	0	0	0	0	0	0	0	0	0	0	0	0	0	0	0	0	0	0	0	0	0	0	0	0	0	0	0	0	0	0	0	0	660	566	600	386	0	0	0	0	0	0	0	0	0	0	0	0	0	0	0	0	0	0	0	0	0	0	0	0	0	0	0	0	0	0	0	0	0	0	0	0	0	0	0	0	0	0	
82988	Frontal_Med_Orb_R	0	0	0	1872	0	8570	0	0	0	360	0	0	0	0	0	0	0	0	0	254	0	192	176	4488	1162	0	300	8300	0	0	884	5126	0	0	0	0	0	0	0	0	0	0	0	0	0	0	0	0	0	0	0	0	0	0	0	0	0	0	0	0	0	0	0	0	0	0	0	0	0	0	0	5210	0	4600	0	0	0	0	0	0	0	0	0	0	0	0	0	0	0	0	0	0	0	0	0	0	0	0	0	0	0	0	0	0	0	0	0	0	0	0	0	0	0	0	0	0	
35444	Rectus_L	0	0	232	0	3876	0	0	0	348	0	0	0	0	0	410	0	0	0	0	0	764	470	924	0	1966	300	0	154	324	0	2820	306	0	0	0	0	0	0	0	0	0	0	0	0	0	0	0	0	0	0	0	0	0	0	0	0	0	0	0	0	0	0	0	0	0	0	0	0	0	0	2510	248	2070	0	0	0	0	0	0	0	0	0	0	0	0	0	0	0	0	0	0	0	0	0	0	0	0	0	0	0	0	0	0	0	0	0	0	0	0	0	0	0	0	0	0	0	
50812	Rectus_R	0	0	0	666	0	8392	0	0	0	166	0	0	0	0	0	486	0	0	0	0	0	866	0	912	238	8300	154	0	0	644	140	2004	0	0	0	0	0	0	0	0	0	0	0	0	0	0	0	0	0	0	0	0	0	0	0	0	0	0	0	0	0	0	0	0	0	0	0	0	0	0	0	1564	0	874	0	0	0	0	0	0	0	0	0	0	0	0	0	0	0	0	0	0	0	0	0	0	0	0	0	0	0	0	0	0	0	0	0	0	0	0	0	0	0	0	0	0	
795980	Insula_L	11878	424	50242	5160	10848	0	15216	144	2974	0	28582	698	24634	372	11174	0	31228	118	29878	6178	2378	0	7540	3616	802	0	324	0	0	1196	7102	7386	4032	4532	1630	1062	13482	1110	1894	0	2512	0	426	0	150	0	308	0	0	0	656	0	580	0	7336	0	5730	0	0	0	204	0	1446	0	0	0	1400	168	500	0	7198	5454	15670	2832	160	190	2616	850	10522	0	20200	0	11932	0	3566	0	0	0	7550	0	0	0	0	0	0	0	0	0	0	0	0	0	0	0	0	0	0	0	0	0	0	0	0	0	0	0	
480944	Insula_R	982	1922	4254	27062	0	1586	2690	7168	0	0	586	38884	350	26706	0	4910	306	11314	10804	22070	0	1938	1898	7124	0	0	0	644	1196	0	526	5924	416	6254	130	386	176	5480	0	1630	0	418	0	212	0	0	0	216	0	0	0	0	0	0	0	3854	0	2478	0	0	0	0	0	0	0	0	0	438	0	206	1344	1328	124	18094	0	218	426	1460	0	928	0	3946	0	3064	0	818	0	0	242	5342	0	0	0	0	0	0	0	0	0	0	0	0	0	0	0	0	0	0	0	0	0	0	0	0	0	0	
420856	Cingulum_Ant_L	176	286	22290	7864	3786	414	3478	1000	0	0	2278	912	4148	332	0	0	488	0	14398	8968	1384	1814	29990	12770	5032	884	2820	140	7102	526	0	25834	15654	12474	1016	0	0	454	0	248	0	0	0	0	0	0	0	0	0	0	0	0	0	0	0	0	0	0	0	0	0	0	0	0	0	0	0	0	0	0	9326	4670	5446	1430	0	288	0	308	0	0	0	0	0	0	0	0	0	0	0	0	0	0	0	0	0	0	0	0	0	0	0	0	0	0	0	0	0	0	0	0	0	0	0	0	0	0	
845224	Cingulum_Ant_R	5118	606	21826	47868	362	2722	12298	2812	0	0	4372	6520	3076	4536	0	330	1676	0	25294	35370	666	1674	23372	51562	712	5126	306	2004	7386	5924	25834	0	12840	41436	178	0	258	496	0	164	0	0	0	0	0	0	0	0	0	0	0	0	0	0	0	0	496	0	0	0	0	0	208	0	0	0	0	0	0	0	10150	36036	2184	14420	436	488	214	720	412	0	530	0	312	0	482	0	0	0	800	0	0	0	0	0	0	0	0	0	0	0	0	0	0	0	0	0	0	0	0	0	0	0	0	0	0	0	
394360	Cingulum_Mid_L	478	1256	21308	11088	144	0	7074	1610	0	0	2776	658	1820	310	0	0	1186	0	19060	13912	0	0	15138	5734	0	0	0	0	4032	416	15654	12840	0	24280	6680	852	296	516	0	118	0	0	650	0	1670	292	264	0	1958	0	2720	0	0	0	0	0	280	0	1144	0	310	0	0	0	1022	0	5160	1196	4222	1686	388	1426	772	838	428	310	228	266	0	0	0	0	146	0	568	0	0	0	0	0	0	0	0	0	0	0	0	0	0	0	0	0	0	0	0	0	0	0	0	0	0	0	0	0	0	0	
802004	Cingulum_Mid_R	2278	2826	28102	36826	0	0	13854	6118	0	0	3924	8112	2944	4270	146	274	1366	0	43454	65574	0	0	21596	33992	0	0	0	0	4532	6254	12474	41436	24280	0	1248	3166	142	604	0	194	0	0	0	1388	0	1348	0	692	0	252	0	284	0	0	0	140	0	388	0	0	0	0	0	0	0	0	274	7126	1994	7556	744	3380	340	1768	0	298	2384	344	0	0	164	0	152	0	0	0	0	0	0	0	0	0	0	0	0	0	0	0	0	0	0	0	0	0	0	0	0	0	0	0	0	0	0	0	0	0	
198956	Cingulum_Post_L	5584	2580	322	772	0	0	142	0	0	0	0	0	0	0	0	0	262	0	858	2920	0	0	0	0	0	0	0	0	1630	130	1016	178	6680	1248	0	12146	8610	6570	1652	378	0	0	938	0	3128	0	704	516	646	0	1988	0	0	0	180	290	222	0	1716	0	0	0	0	0	0	0	7932	1894	7288	1206	532	276	1306	162	632	168	7296	4346	698	0	0	0	0	0	314	296	0	0	624	210	0	0	0	0	0	0	0	0	0	0	0	0	0	0	0	0	0	0	0	0	292	0	0	0	0	0	
226568	Cingulum_Post_R	5914	4804	0	272	0	0	176	0	0	0	0	0	0	0	0	0	134	0	0	5154	0	0	0	0	0	0	0	0	1062	386	0	0	852	3166	12146	0	5498	10318	352	700	0	0	0	3234	0	430	0	4866	0	210	0	1636	0	298	0	1398	142	1756	0	0	0	292	0	436	0	136	906	12216	396	5304	372	230	534	0	0	0	12052	9032	226	0	0	740	0	0	0	2722	0	0	156	2204	0	0	0	0	0	0	0	0	0	0	0	0	0	0	0	0	0	0	0	0	426	0	0	0	0	0	
313036	Hippocampus_L	13466	1394	1514	156	0	0	470	0	0	0	602	0	0	0	554	0	916	0	1420	554	866	0	0	0	0	0	0	0	13482	176	0	258	296	142	8610	5498	0	4006	15150	0	8428	0	1554	0	0	0	3062	306	0	0	0	0	0	0	19838	0	1104	0	0	0	0	0	254	0	0	0	5558	980	318	216	1098	308	8630	370	1096	0	9766	2684	4698	0	1868	0	1488	0	1860	166	0	0	10942	0	0	0	0	0	0	0	124	0	0	0	0	0	0	0	0	0	0	0	0	0	272	0	0	0	0	0	
345444	Hippocampus_R	3958	11456	1250	2768	0	0	218	1070	0	0	0	2118	0	0	0	0	192	1450	1338	3402	0	166	272	176	0	0	0	0	1110	5480	454	496	516	604	6570	10318	4006	0	238	20716	0	6860	0	1378	0	0	0	3038	0	0	0	0	0	0	0	21492	178	1924	0	0	0	558	0	424	0	354	0	6142	0	1112	840	772	728	11532	0	1418	7244	9370	0	568	0	2352	0	1358	0	1030	0	0	0	11576	0	0	0	0	0	0	0	132	0	0	0	0	0	0	0	0	0	0	0	0	0	0	0	0	0	0	
104468	ParaHippocampal_L	796	0	286	0	0	0	0	0	0	0	0	0	0	0	260	0	0	0	278	0	488	0	0	0	0	0	0	0	1894	0	0	0	0	0	1652	352	15150	238	0	0	2524	0	678	0	0	0	3756	0	0	0	840	0	316	0	11616	0	0	0	0	0	0	0	0	0	0	0	2194	0	0	0	0	0	1878	0	0	0	1090	130	156	0	126	0	582	0	0	0	0	0	2334	0	382	0	0	0	210	0	1082	0	946	0	0	0	0	0	0	0	0	0	0	0	0	0	0	0	0	0	
140240	ParaHippocampal_R	210	982	392	664	0	0	0	182	0	0	0	402	0	0	0	0	0	478	308	634	0	282	178	0	0	0	0	0	0	1630	248	164	118	194	378	700	0	20716	0	0	0	5688	0	1184	0	0	0	2746	0	0	0	0	0	0	0	12032	0	608	0	0	0	160	0	140	0	130	0	2268	0	0	342	0	0	7486	0	906	492	1490	0	0	0	584	0	1158	0	262	0	194	0	3236	0	0	0	0	0	0	0	154	0	0	0	0	0	0	0	0	0	0	0	0	0	0	0	0	0	0	
47648	Amygdala_L	0	0	0	0	148	0	0	0	0	0	0	0	0	0	568	0	0	0	0	0	920	0	0	0	0	0	0	0	2512	0	0	0	0	0	0	0	8428	0	2524	0	0	0	0	0	0	0	0	0	0	0	0	0	0	0	5274	0	0	0	0	0	0	0	0	0	0	0	0	0	0	0	0	0	490	0	0	0	0	0	0	0	0	0	914	0	0	0	0	0	2046	0	0	0	0	0	0	0	0	0	0	0	0	0	0	0	0	0	0	0	0	0	0	0	0	0	0	0	
49604	Amygdala_R	0	0	0	0	0	0	0	0	0	0	0	0	0	0	0	0	0	0	0	0	0	456	0	0	0	0	0	0	0	418	0	0	0	0	0	0	0	6860	0	5688	0	0	0	0	0	0	0	0	0	0	0	0	0	0	0	6514	0	0	0	0	0	0	0	0	0	0	0	0	0	0	0	0	0	1538	0	0	0	0	0	0	0	0	0	1776	0	0	0	126	0	1426	0	0	0	0	0	0	0	0	0	0	0	0	0	0	0	0	0	0	0	0	0	0	0	0	0	0	
154336	Calcarine_L	1862	0	0	0	0	0	0	0	0	0	0	0	0	0	0	0	174	0	0	0	0	0	0	0	0	0	0	0	426	0	0	0	650	0	938	0	1554	0	678	0	0	0	0	2482	12298	2370	8342	578	6154	1006	12300	0	3646	0	514	0	470	0	1120	0	972	0	434	0	450	0	12374	662	908	0	0	0	0	0	0	0	0	0	432	0	138	0	0	0	2408	0	0	0	828	0	0	0	0	0	0	0	0	0	0	0	0	0	0	0	0	0	0	0	0	0	0	0	0	0	0	0	
233432	Calcarine_R	0	678	0	0	0	0	0	0	0	0	0	0	0	0	0	0	0	0	0	1316	0	0	0	0	0	0	0	0	0	212	0	0	0	1388	0	3234	0	1378	0	1184	0	0	2482	0	190	11424	560	21100	0	14608	0	9650	0	3528	0	6286	0	3210	0	220	0	990	0	1190	0	1110	224	18058	0	2262	0	0	0	0	0	0	0	146	0	0	0	930	0	0	0	5270	0	0	0	3888	0	0	0	0	0	0	0	0	0	0	0	0	0	0	0	0	0	0	0	0	0	0	0	0	0	0	
141180	Cuneus_L	652	0	0	0	0	0	0	0	0	0	0	0	0	0	0	0	0	0	0	0	0	0	0	0	0	0	0	0	150	0	0	0	1670	0	3128	0	0	0	0	0	0	0	12298	190	0	1738	2096	0	11456	184	11036	0	444	0	182	0	332	0	4780	0	708	0	390	0	300	0	12086	704	4418	0	0	0	0	0	0	0	0	0	0	0	0	0	0	0	1216	0	0	0	432	0	0	0	0	0	0	0	0	0	0	0	0	0	0	0	0	0	0	0	0	0	0	0	0	0	0	0	
181968	Cuneus_R	0	0	0	0	0	0	0	0	0	0	0	0	0	0	0	0	0	0	0	134	0	0	0	0	0	0	0	0	0	0	0	0	292	1348	0	430	0	0	0	0	0	0	2370	11424	1738	0	0	1568	0	22250	0	8088	0	440	0	634	0	4424	0	4960	0	630	0	840	0	1598	708	19072	0	3298	0	0	0	0	0	0	0	0	0	0	0	0	0	0	0	2664	0	0	0	2074	0	0	0	0	0	0	0	0	0	0	0	0	0	0	0	0	0	0	0	0	0	0	0	0	0	0	
274528	Lingual_L	892	0	0	0	0	0	0	0	0	0	0	0	0	0	0	0	138	0	0	0	0	0	0	0	0	0	0	0	308	0	0	0	264	0	704	0	3062	0	3756	0	0	0	8342	560	2096	0	0	1680	982	210	14858	0	7894	174	15830	690	136	0	376	0	282	0	164	0	162	0	6156	0	292	0	0	0	252	0	0	0	1382	124	250	0	0	0	0	0	2028	0	0	0	2800	0	6934	1918	864	428	290	0	14588	1176	19094	3758	332	0	236	538	808	0	0	0	162	288	3488	4142	1078	298	0	0	
261424	Lingual_R	400	976	0	0	0	0	0	0	0	0	0	0	0	0	0	0	0	0	0	680	0	0	0	0	0	0	0	0	0	216	0	0	0	692	516	4866	306	3038	0	2746	0	0	578	21100	0	1568	1680	0	0	6514	0	4986	0	4648	460	16734	0	2526	0	0	0	272	0	492	0	148	0	13494	0	1042	0	120	0	0	0	0	660	694	0	0	0	826	0	0	0	2866	0	0	0	3376	2300	3614	740	162	0	206	984	2120	3946	7914	536	0	662	0	0	0	0	0	0	0	1720	5830	758	0	0	0	
155212	Occipital_Sup_L	126	0	0	0	0	0	0	0	0	0	0	0	0	0	0	0	0	0	0	0	0	0	0	0	0	0	0	0	0	0	0	0	1958	0	646	0	0	0	0	0	0	0	6154	0	11456	0	982	0	0	0	23818	0	142	0	0	0	0	0	4574	0	2386	0	748	0	6568	0	11006	0	828	0	0	0	0	0	0	0	0	0	0	0	0	0	0	0	6096	0	0	0	118	0	0	0	0	0	0	0	0	0	0	0	0	0	0	0	0	0	0	0	0	0	0	0	0	0	0	0	
206108	Occipital_Sup_R	0	0	0	0	0	0	0	0	0	0	0	0	0	0	0	0	0	0	0	0	0	0	0	0	0	0	0	0	0	0	0	0	0	252	0	210	0	0	0	0	0	0	1006	14608	184	22250	210	6514	0	0	0	18450	0	1538	0	1602	0	3446	0	4976	0	852	0	848	0	5552	0	11274	0	2408	0	0	0	0	0	0	0	0	0	0	0	332	0	0	0	3164	0	0	0	3378	0	0	0	0	0	0	0	0	0	0	0	0	0	0	0	0	0	0	0	0	0	0	0	0	0	0	
383284	Occipital_Mid_L	850	0	0	0	0	0	0	0	0	0	0	0	0	0	0	0	736	0	0	0	0	0	0	0	0	0	0	0	656	0	0	0	2720	0	1988	0	0	0	840	0	0	0	12300	0	11036	0	14858	0	23818	0	0	0	19722	0	4804	0	1482	0	11096	0	12294	0	3292	0	17844	0	20896	0	6636	0	0	0	0	0	0	0	0	0	0	0	456	0	0	0	20098	0	0	0	2432	0	242	0	0	0	0	0	0	0	546	0	0	0	0	0	0	0	0	0	0	0	0	0	0	0	0	0	
174824	Occipital_Mid_R	0	300	0	0	0	0	0	150	0	0	0	168	0	0	0	0	0	0	0	1156	0	0	0	0	0	0	0	0	0	0	0	0	0	284	0	1636	0	0	0	0	0	0	0	9650	0	8088	0	4986	0	18450	0	0	0	2436	0	1228	0	1882	0	1872	0	754	0	406	0	10422	0	6734	0	2854	0	0	0	0	0	0	0	0	0	0	0	762	0	0	0	11366	0	0	0	1828	0	0	0	0	0	0	0	0	0	0	0	0	0	0	0	0	0	0	0	0	0	0	0	0	0	0	
105952	Occipital_Inf_L	0	0	0	0	0	0	0	0	0	0	0	0	0	0	0	0	258	0	0	0	0	0	0	0	0	0	0	0	580	0	0	0	0	0	0	0	0	0	316	0	0	0	3646	0	444	0	7894	0	142	0	19722	0	0	0	7180	0	268	0	140	0	168	0	124	0	556	0	1248	0	720	0	0	0	0	136	0	0	0	0	152	0	0	0	0	0	3256	0	0	0	4978	0	278	0	0	0	0	0	164	0	606	0	0	0	0	0	0	0	0	0	0	0	0	0	0	0	0	0	
55040	Occipital_Inf_R	0	306	0	0	0	0	0	0	0	0	0	0	0	0	0	0	0	0	0	348	0	0	0	0	0	0	0	0	0	0	0	0	0	0	0	298	0	0	0	0	0	0	0	3528	0	440	174	4648	0	1538	0	2436	0	0	0	6012	0	454	0	0	0	0	0	118	0	0	0	1208	0	406	0	0	0	0	0	0	0	0	0	0	0	166	0	0	0	918	0	0	0	2932	124	0	0	0	0	0	0	0	304	590	0	0	0	0	0	0	0	0	0	0	0	572	0	0	0	0	
349424	Fusiform_L	738	0	958	0	0	0	0	0	0	0	424	0	0	0	240	0	480	0	1034	0	418	0	0	0	0	0	0	0	7336	0	0	0	0	0	180	0	19838	0	11616	0	5274	0	514	0	182	0	15830	460	0	0	4804	0	7180	0	0	0	362	0	0	0	0	0	0	0	0	0	394	0	0	0	348	120	3760	118	0	0	736	0	312	0	1904	0	2970	0	1520	0	662	0	19670	0	18632	134	1602	0	156	0	13384	0	27284	502	248	0	256	0	222	0	0	0	0	0	652	1130	128	0	0	0	
388256	Fusiform_R	166	1816	152	316	0	0	0	376	0	0	0	580	0	0	0	0	0	312	148	1892	0	0	0	0	0	0	0	0	0	3854	0	0	0	140	290	1398	0	21492	0	12032	0	6514	0	6286	0	634	690	16734	0	1602	0	1228	0	6012	0	0	0	778	0	0	0	692	0	718	0	602	0	5228	0	1872	180	0	0	2002	0	256	326	720	0	480	0	2992	0	3452	0	3192	0	1456	0	19272	1168	18182	388	1838	0	474	290	7178	1868	25256	330	142	350	2634	0	124	0	0	0	192	876	3458	498	0	0	0	
260356	Postcentral_L	32240	0	7712	636	0	0	1494	0	0	0	4836	0	468	0	0	0	10418	0	6566	578	0	0	0	266	0	0	0	0	5730	0	0	496	280	0	222	142	1104	178	0	0	0	0	470	0	332	0	136	0	0	0	1482	0	268	0	362	0	0	0	3986	0	13860	0	11372	0	952	0	2988	0	4130	0	1010	592	1226	466	258	0	312	158	2558	0	7658	0	334	0	962	0	0	0	940	0	0	0	0	0	0	0	0	0	0	0	0	0	0	0	0	0	0	0	0	0	0	0	0	0	0	0	
252404	Postcentral_R	268	20076	430	1634	0	0	0	260	0	0	0	1240	0	0	0	0	0	5468	922	3900	0	0	0	0	0	0	0	0	0	2478	0	0	0	388	0	1756	0	1924	0	608	0	0	0	3210	0	4424	0	2526	0	3446	0	1882	0	454	0	778	0	0	0	9676	0	12770	0	11522	0	566	0	12738	0	8212	232	324	180	2752	0	340	0	1180	0	374	0	3050	0	0	0	1886	0	0	0	2328	0	0	0	0	0	0	0	0	0	0	0	0	0	0	0	0	0	0	0	0	0	0	0	0	0	0	
117000	Parietal_Sup_L	914	0	0	0	0	0	0	0	0	0	0	0	0	0	0	0	0	0	0	0	0	0	0	0	0	0	0	0	0	0	0	0	1144	0	1716	0	0	0	0	0	0	0	1120	0	4780	0	376	0	4574	0	11096	0	140	0	0	0	3986	0	0	0	7724	0	392	0	3346	0	13282	0	3500	0	0	0	0	0	0	0	0	0	0	0	0	0	0	0	410	0	0	0	0	0	0	0	0	0	0	0	0	0	0	0	0	0	0	0	0	0	0	0	0	0	0	0	0	0	0	0	
117136	Parietal_Sup_R	0	1396	0	0	0	0	0	0	0	0	0	0	0	0	0	0	0	304	0	0	0	0	0	0	0	0	0	0	0	0	0	0	0	0	0	0	0	0	0	0	0	0	0	220	0	4960	0	0	0	4976	0	1872	0	0	0	0	0	9676	0	0	0	12414	0	4538	0	6050	0	7952	0	1608	0	0	0	0	0	0	0	0	0	0	0	660	0	0	0	586	0	0	0	1356	0	0	0	0	0	0	0	0	0	0	0	0	0	0	0	0	0	0	0	0	0	0	0	0	0	0	
201264	Parietal_Inf_L	1976	0	0	0	0	0	0	0	0	0	0	0	0	0	0	0	136	0	0	0	0	0	0	0	0	0	0	0	204	0	0	0	310	0	0	0	0	0	0	0	0	0	972	0	708	0	282	0	2386	0	12294	0	168	0	0	0	13860	0	7724	0	0	0	21378	0	19628	0	5182	0	678	0	0	0	0	0	0	0	0	0	0	0	1186	0	0	0	8372	0	0	0	3188	0	0	0	0	0	0	0	0	0	0	0	0	0	0	0	0	0	0	0	0	0	0	0	0	0	0	0	
156096	Parietal_Inf_R	0	2784	0	0	0	0	0	0	0	0	0	0	0	0	0	0	0	776	0	154	0	0	0	0	0	0	0	0	0	0	0	0	0	0	0	292	0	558	0	160	0	0	0	990	0	630	0	272	0	852	0	754	0	0	0	692	0	12770	0	12414	0	0	0	19912	0	12396	0	1612	0	398	0	0	0	0	0	0	0	0	0	0	0	3190	0	0	0	3050	0	0	0	3392	0	0	0	0	0	0	0	0	0	0	0	0	0	0	0	0	0	0	0	0	0	0	0	0	0	0	
166224	SupraMarginal_L	3478	0	716	0	0	0	220	0	0	0	194	0	0	0	0	0	2796	0	346	0	0	0	0	0	0	0	0	0	1446	0	0	208	0	0	0	0	254	0	0	0	0	0	434	0	390	0	164	0	748	0	3292	0	124	0	0	0	11372	0	392	0	21378	0	0	0	8712	0	3068	0	538	0	0	208	0	196	0	0	0	0	280	0	7778	0	0	0	9714	0	0	0	4666	0	0	0	0	0	0	0	0	0	0	0	0	0	0	0	0	0	0	0	0	0	0	0	0	0	0	0	
146196	SupraMarginal_R	0	1512	0	0	0	0	0	0	0	0	0	0	0	0	0	0	0	2748	0	472	0	0	0	0	0	0	0	0	0	0	0	0	0	0	0	436	0	424	0	140	0	0	0	1190	0	840	0	492	0	848	0	406	0	118	0	718	0	11522	0	4538	0	19912	0	0	0	8226	0	2028	0	1014	0	0	0	0	0	0	0	0	0	0	0	5466	0	0	0	4850	0	0	0	5198	0	0	0	0	0	0	0	0	0	0	0	0	0	0	0	0	0	0	0	0	0	0	0	0	0	0	
177012	Angular_L	688	0	0	0	0	0	0	0	0	0	0	0	0	0	0	0	0	0	0	0	0	0	0	0	0	0	0	0	0	0	0	0	1022	0	0	0	0	0	0	0	0	0	450	0	300	0	162	0	6568	0	17844	0	556	0	0	0	952	0	3346	0	19628	0	8712	0	0	0	5308	0	610	0	0	0	0	0	0	0	0	0	0	0	946	0	0	0	17686	0	0	0	3728	0	0	0	0	0	0	0	0	0	0	0	0	0	0	0	0	0	0	0	0	0	0	0	0	0	0	0	
136044	Angular_R	0	0	0	0	0	0	0	0	0	0	0	0	0	0	0	0	0	0	0	0	0	0	0	0	0	0	0	0	0	0	0	0	0	0	0	136	0	354	0	130	0	0	0	1110	0	1598	0	148	0	5552	0	10422	0	0	0	602	0	566	0	6050	0	12396	0	8226	0	0	0	1236	0	242	0	0	0	0	0	0	0	0	0	0	0	4210	0	0	0	10074	0	0	0	4970	0	0	0	0	0	0	0	0	0	0	0	0	0	0	0	0	0	0	0	0	0	0	0	0	0	0	
278584	Precuneus_L	3640	0	126	0	0	0	0	0	0	0	0	0	0	0	0	0	946	0	0	0	0	0	0	0	0	0	0	0	1400	0	0	0	5160	274	7932	906	5558	0	2194	0	0	0	12374	224	12086	708	6156	0	11006	0	20896	0	1248	0	394	0	2988	0	13282	0	5182	0	3068	0	5308	0	0	2378	6166	0	0	0	0	0	0	0	544	0	954	0	806	0	0	0	3966	0	0	0	1422	0	0	0	0	0	0	0	0	0	0	0	0	0	0	0	0	0	0	0	0	0	0	0	0	0	0	0	
329012	Precuneus_R	1652	1714	0	0	0	0	0	0	0	0	0	0	0	0	0	0	0	156	0	1674	0	0	0	0	0	0	0	0	168	438	0	0	1196	7126	1894	12216	980	6142	0	2268	0	0	662	18058	704	19072	0	13494	0	11274	0	6734	0	1208	0	5228	0	12738	0	7952	0	1612	0	2028	0	1236	2378	0	0	8474	0	0	0	0	0	0	2214	1574	0	0	0	818	0	0	0	3836	0	0	0	5252	0	0	0	0	0	0	0	0	0	0	0	0	0	0	0	0	0	0	0	0	336	0	0	0	0	0	
185836	Paracentral_Lobule_L	12058	1002	5638	658	0	0	0	0	0	0	0	0	0	0	0	0	894	0	9110	6498	0	0	0	0	0	0	0	0	500	0	0	0	4222	1994	7288	396	318	0	0	0	0	0	908	0	4418	0	292	0	828	0	6636	0	720	0	0	0	4130	0	3500	0	678	0	538	0	610	0	6166	0	0	2024	1956	0	2868	0	2156	0	622	0	148	0	532	0	0	0	2136	0	0	0	476	0	0	0	0	0	0	0	0	0	0	0	0	0	0	0	0	0	0	0	0	0	0	0	0	0	0	0	
225816	Paracentral_Lobule_R	2338	9202	0	0	0	0	0	0	0	0	0	0	0	0	0	0	0	0	1222	31580	0	0	0	0	0	0	0	0	0	206	0	0	1686	7556	1206	5304	216	1112	0	0	0	0	0	2262	0	3298	0	1042	0	2408	0	2854	0	406	0	1872	0	8212	0	1608	0	398	0	1014	0	242	0	8474	2024	0	120	1978	0	0	0	0	1236	3484	0	0	0	716	0	0	0	3572	0	0	0	4060	0	0	0	0	0	0	0	0	0	0	0	0	0	0	0	0	0	0	0	0	0	0	0	0	0	0	
385872	Caudate_L	11500	566	14510	7622	2036	302	7392	218	0	0	1302	614	828	0	294	0	1050	222	10906	3332	3070	5108	5420	6124	660	0	2510	0	7198	1344	9326	10150	388	744	532	372	1098	840	0	342	0	0	0	0	0	0	0	0	0	0	0	0	0	0	348	180	1010	232	0	0	0	0	0	0	0	0	0	0	1956	120	0	20874	23510	4850	4126	700	12518	3252	0	0	734	0	438	0	0	0	0	0	168	0	0	0	0	0	0	0	0	0	0	0	0	0	0	0	0	0	0	0	0	0	0	0	0	0	0	0	
535148	Caudate_R	5784	3996	7244	24584	336	4010	6100	0	0	0	2376	1114	1474	840	0	206	814	404	9464	25282	1114	3996	2634	19408	566	5210	248	1564	5454	1328	4670	36036	1426	3380	276	230	308	772	0	0	0	0	0	0	0	0	0	120	0	0	0	0	0	0	120	0	592	324	0	0	0	0	208	0	0	0	0	0	0	1978	20874	0	5222	23082	788	3602	2864	22736	414	0	462	0	242	0	484	0	0	0	814	0	0	0	0	0	0	0	0	0	0	0	0	0	0	0	0	0	0	0	0	0	0	0	0	0	0	0	
331188	Putamen_L	7866	462	18806	670	8684	0	2654	0	1320	0	2162	0	696	0	3058	0	1118	0	12956	1286	1542	3134	3700	542	600	0	2070	0	15670	124	5446	2184	772	340	1306	534	8630	728	1878	0	490	0	0	0	0	0	252	0	0	0	0	0	0	0	3760	0	1226	180	0	0	0	0	0	0	0	0	0	0	2868	0	23510	5222	0	1368	8300	214	3382	606	448	0	1570	0	722	0	0	0	0	0	538	0	0	0	0	0	0	0	0	0	0	0	0	0	0	0	0	0	0	0	0	0	0	0	0	0	0	0	
398340	Putamen_R	2410	2876	3766	17824	142	7850	2246	700	0	0	316	3978	0	2440	0	1514	446	5684	5876	13732	0	722	1002	10920	386	4600	0	874	2832	18094	1430	14420	838	1768	162	0	370	11532	0	7486	0	1538	0	0	0	0	0	0	0	0	0	0	136	0	118	2002	466	2752	0	0	0	0	196	0	0	0	0	0	0	0	4850	23082	1368	0	460	5402	556	3102	422	0	282	430	0	820	556	0	0	0	1030	366	0	0	0	0	0	0	0	0	0	0	0	0	0	0	0	0	0	0	0	0	0	0	0	0	0	0	
66280	Pallidum_L	2536	0	3790	378	0	0	978	0	0	0	216	0	0	0	0	0	262	0	3062	468	0	0	0	182	0	0	0	0	160	0	0	436	428	0	632	0	1096	0	0	0	0	0	0	0	0	0	0	0	0	0	0	0	0	0	0	0	258	0	0	0	0	0	0	0	0	0	0	0	2156	0	4126	788	8300	460	0	0	2074	0	0	0	218	0	136	0	0	0	0	0	0	0	0	0	0	0	0	0	0	0	0	0	0	0	0	0	0	0	0	0	0	0	0	0	0	0	0	0	
53316	Pallidum_R	180	266	1272	2252	0	0	0	0	0	0	150	366	0	0	0	0	0	624	3044	3374	0	0	148	0	0	0	0	0	190	218	288	488	310	298	168	0	0	1418	0	906	0	0	0	0	0	0	0	0	0	0	0	0	0	0	0	256	0	340	0	0	0	0	0	0	0	0	0	0	0	0	700	3602	214	5402	0	0	0	184	0	0	0	0	0	0	0	0	0	0	0	0	0	0	0	0	0	0	0	0	0	0	0	0	0	0	0	0	0	0	0	0	0	0	0	0	0	0	
236960	Thalamus_L	11986	3926	478	450	0	0	872	0	0	0	0	0	0	0	0	0	358	0	390	4538	0	0	0	0	0	0	0	0	2616	426	0	214	228	2384	7296	12052	9766	7244	1090	492	0	0	0	0	0	0	1382	660	0	0	0	0	0	0	736	326	312	0	0	0	0	0	0	0	0	0	544	2214	622	1236	12518	2864	3382	556	2074	0	0	18560	906	0	322	0	0	0	306	214	0	0	1558	154	0	0	0	0	0	0	0	0	0	0	0	0	0	0	0	0	0	0	0	0	228	0	0	0	0	0	
251568	Thalamus_R	4186	13592	1320	5536	0	0	224	0	0	0	0	216	0	0	0	0	0	906	1264	10536	0	0	134	0	0	0	0	0	850	1460	308	720	266	344	4346	9032	2684	9370	130	1490	0	0	0	146	0	0	124	694	0	0	0	0	0	0	0	720	158	1180	0	0	0	0	0	0	0	0	0	1574	0	3484	3252	22736	606	3102	0	184	18560	0	0	0	0	0	0	0	0	150	0	0	0	200	0	0	0	0	0	0	0	0	0	0	0	0	0	0	0	0	0	0	0	0	0	0	0	0	0	0	
94068	Heschl_L	7420	0	850	0	0	0	294	0	0	0	308	0	0	0	0	0	4920	0	264	0	0	0	0	146	0	0	0	0	10522	0	0	412	0	0	698	226	4698	0	156	0	0	0	432	0	0	0	250	0	0	0	0	0	152	0	312	0	2558	0	0	0	0	0	280	0	0	0	954	0	148	0	0	414	448	422	0	0	906	0	0	0	3408	0	0	0	3068	0	0	0	2368	0	0	0	0	0	0	0	0	0	0	0	0	0	0	0	0	0	0	0	0	0	0	0	0	0	0	0	
17528	Heschl_R	0	352	0	0	0	0	0	0	0	0	0	0	0	0	0	0	0	1104	0	0	0	0	0	0	0	0	0	0	0	928	0	0	0	0	0	0	0	568	0	0	0	0	0	0	0	0	0	0	0	0	0	0	0	0	0	480	0	374	0	0	0	0	0	0	0	0	0	0	0	0	0	0	0	0	0	0	0	0	0	0	0	3084	0	502	0	376	0	0	0	996	0	0	0	0	0	0	0	0	0	0	0	0	0	0	0	0	0	0	0	0	0	0	0	0	0	0	
290468	Temporal_Sup_L	7688	0	8428	284	0	0	2496	0	0	0	10332	0	1334	0	0	0	22060	0	7094	412	0	0	0	168	0	0	0	0	20200	0	0	530	0	164	0	0	1868	0	126	0	0	0	138	0	0	0	0	0	0	0	456	0	0	0	1904	0	7658	0	0	0	1186	0	7778	0	946	0	806	0	532	0	734	462	1570	282	218	0	322	0	3408	0	0	0	11674	0	14780	0	152	0	7044	0	0	0	0	0	0	0	0	0	0	0	0	0	0	0	0	0	0	0	0	0	0	0	0	0	0	0	
121200	Temporal_Sup_R	0	886	0	0	0	0	0	0	0	0	0	0	0	0	0	0	0	2628	0	648	0	0	0	0	0	0	0	0	0	3946	0	0	0	0	0	740	0	2352	0	584	0	0	0	930	0	0	0	826	0	332	0	762	0	166	0	2992	0	3050	0	660	0	3190	0	5466	0	4210	0	818	0	716	0	0	0	430	0	0	0	0	0	3084	0	0	0	1936	0	10740	0	226	0	8282	0	0	0	0	0	0	0	0	0	0	0	0	0	0	0	0	0	0	0	0	0	0	0	0	0	0	
174608	Temporal_Pole_Sup_L	1688	0	6152	246	394	0	2144	0	0	0	9904	0	1772	0	1296	0	9038	0	4644	334	594	0	0	144	0	0	0	0	11932	0	0	312	146	152	0	0	1488	0	582	0	914	0	0	0	0	0	0	0	0	0	0	0	0	0	2970	0	334	0	0	0	0	0	0	0	0	0	0	0	0	0	438	242	722	0	136	0	0	0	0	0	11674	0	0	0	7548	0	2768	0	6596	0	0	0	0	0	0	0	0	0	0	0	0	0	0	0	0	0	0	0	0	0	0	0	0	0	0	0	
62296	Temporal_Pole_Sup_R	0	0	0	750	0	0	0	896	0	0	0	1942	0	268	0	422	0	1146	132	578	0	328	0	0	0	0	0	0	0	3064	0	0	0	0	0	0	0	1358	0	1158	0	1776	0	0	0	0	0	0	0	0	0	0	0	0	0	3452	0	0	0	0	0	0	0	0	0	0	0	0	0	0	0	0	0	820	0	0	0	0	0	502	0	1936	0	0	0	2548	0	4476	0	3596	0	0	0	0	0	0	0	0	0	0	0	0	0	0	0	0	0	0	0	0	0	0	0	0	0	0	
304568	Temporal_Mid_L	1260	0	258	0	0	0	126	0	0	0	322	0	0	0	0	0	2070	0	136	0	0	0	0	164	0	0	0	0	3566	0	0	482	568	0	314	0	1860	0	0	0	0	0	2408	0	1216	0	2028	0	6096	0	20098	0	3256	0	1520	0	962	0	410	0	8372	0	9714	0	17686	0	3966	0	2136	0	0	484	0	556	0	0	306	0	3068	0	14780	0	7548	0	0	0	2832	0	31716	0	0	0	0	0	0	0	0	0	0	0	0	0	0	0	0	0	0	0	0	0	0	0	0	0	0	0	
212784	Temporal_Mid_R	148	792	0	0	0	0	0	382	0	0	0	438	0	0	0	0	0	0	0	2906	0	0	0	0	0	0	0	0	0	818	0	0	0	0	296	2722	166	1030	0	262	0	0	0	5270	0	2664	0	2866	0	3164	0	11366	0	918	0	3192	0	1886	0	586	0	3050	0	4850	0	10074	0	3836	0	3572	0	0	0	0	0	0	214	150	0	376	0	10740	0	2548	0	0	0	2020	0	23090	0	0	0	0	0	0	0	0	0	0	0	0	0	0	0	0	0	0	0	0	0	0	0	0	0	0	
17668	Temporal_Pole_Mid_L	0	0	0	0	0	0	0	0	0	0	0	0	0	0	0	0	0	0	0	0	0	0	0	0	0	0	0	0	0	0	0	0	0	0	0	0	0	0	0	0	0	0	0	0	0	0	0	0	0	0	0	0	0	0	662	0	0	0	0	0	0	0	0	0	0	0	0	0	0	0	0	0	0	0	0	0	0	0	0	0	152	0	2768	0	2832	0	0	0	2420	0	0	0	0	0	0	0	0	0	0	0	0	0	0	0	0	0	0	0	0	0	0	0	0	0	0	0	
21304	Temporal_Pole_Mid_R	0	0	0	0	0	0	0	0	0	0	0	0	0	0	0	0	0	0	0	0	0	0	0	0	0	0	0	0	0	0	0	0	0	0	0	0	0	0	0	194	0	126	0	0	0	0	0	0	0	0	0	0	0	0	0	1456	0	0	0	0	0	0	0	0	0	0	0	0	0	0	0	0	0	0	0	0	0	0	0	0	0	226	0	4476	0	2020	0	0	0	2154	0	0	0	0	0	0	0	0	0	0	0	0	0	0	0	0	0	0	0	0	0	0	0	0	0	0	
274720	Temporal_Inf_L	2136	0	722	0	0	0	502	0	0	0	396	0	0	0	0	0	1758	0	180	0	0	0	0	300	0	0	0	0	7550	242	0	800	0	0	624	156	10942	0	2334	0	2046	0	828	0	432	0	2800	0	118	0	2432	0	4978	0	19670	0	940	0	0	0	3188	0	4666	0	3728	0	1422	0	476	0	168	814	538	1030	0	0	1558	0	2368	0	7044	0	6596	0	31716	0	2420	0	0	0	4024	0	742	0	0	0	0	0	1356	0	358	0	262	0	0	0	0	0	0	0	0	0	0	0	0	0	
284332	Temporal_Inf_R	0	2650	0	192	0	0	0	534	0	0	0	790	0	0	0	0	0	414	0	3490	0	0	0	0	0	0	0	0	0	5342	0	0	0	0	210	2204	0	11576	0	3236	0	1426	0	3888	0	2074	0	3376	0	3378	0	1828	0	2932	0	19272	0	2328	0	1356	0	3392	0	5198	0	4970	0	5252	0	4060	0	0	0	366	0	0	154	200	0	996	0	8282	0	3596	0	23090	0	2154	0	0	0	4534	0	564	0	0	0	0	0	282	0	0	0	2580	0	0	0	0	0	0	0	0	0	0	0	0	
478500	Cerebelum_Crus1_L	0	0	0	0	0	0	0	0	0	0	0	0	0	0	0	0	0	0	0	0	0	0	0	0	0	0	0	0	0	0	0	0	0	0	0	0	0	0	382	0	0	0	0	0	0	0	6934	2300	0	0	242	0	278	124	18632	1168	0	0	0	0	0	0	0	0	0	0	0	0	0	0	0	0	0	0	0	0	0	0	0	0	0	0	0	0	0	0	0	0	4024	0	0	3574	38862	3860	270	696	13916	1466	53228	5832	23620	1258	20268	4682	3704	1452	1170	0	518	880	2366	9962	8428	2786	2042	326	
409252	Cerebelum_Crus1_R	0	0	0	0	0	0	0	0	0	0	0	0	0	0	0	0	0	0	0	0	0	0	0	0	0	0	0	0	0	0	0	0	0	0	0	0	0	0	0	0	0	0	0	0	0	0	1918	3614	0	0	0	0	0	0	134	18182	0	0	0	0	0	0	0	0	0	0	0	0	0	0	0	0	0	0	0	0	0	0	0	0	0	0	0	0	0	0	0	0	0	4534	3574	0	2190	28438	0	742	3742	13314	5862	48136	1136	4034	944	29928	210	1648	0	0	530	1406	8518	8534	10300	2064	820	174	
363352	Cerebelum_Crus2_L	0	0	0	0	0	0	0	0	0	0	0	0	0	0	0	0	0	0	0	0	0	0	0	0	0	0	0	0	0	0	0	0	0	0	0	0	0	0	0	0	0	0	0	0	0	0	864	740	0	0	0	0	0	0	1602	388	0	0	0	0	0	0	0	0	0	0	0	0	0	0	0	0	0	0	0	0	0	0	0	0	0	0	0	0	0	0	0	0	742	0	38862	2190	0	8806	0	662	2558	1080	12666	2248	38128	7038	24496	8360	3698	1310	726	0	366	694	1184	3814	11534	5110	1810	0	
324424	Cerebelum_Crus2_R	0	0	0	0	0	0	0	0	0	0	0	0	0	0	0	0	0	0	0	0	0	0	0	0	0	0	0	0	0	0	0	0	0	0	0	0	0	0	0	0	0	0	0	0	0	0	428	162	0	0	0	0	0	0	0	1838	0	0	0	0	0	0	0	0	0	0	0	0	0	0	0	0	0	0	0	0	0	0	0	0	0	0	0	0	0	0	0	0	0	564	3860	28438	8806	0	0	710	1604	3970	1690	10456	6644	23176	4370	36176	294	2704	120	0	336	1050	3262	2172	13576	4456	1216	134	
40668	Cerebelum_3_L	0	0	0	0	0	0	0	0	0	0	0	0	0	0	0	0	0	0	0	0	0	0	0	0	0	0	0	0	0	0	0	0	0	0	0	0	0	0	210	0	0	0	0	0	0	0	290	0	0	0	0	0	0	0	156	0	0	0	0	0	0	0	0	0	0	0	0	0	0	0	0	0	0	0	0	0	0	0	0	0	0	0	0	0	0	0	0	0	0	0	270	0	0	0	0	0	6568	0	2758	390	0	0	0	0	1840	414	0	0	774	1122	1526	2054	0	616	684	662	
45108	Cerebelum_3_R	0	0	0	0	0	0	0	0	0	0	0	0	0	0	0	0	0	0	0	0	0	0	0	0	0	0	0	0	0	0	0	0	0	0	0	0	0	0	0	0	0	0	0	0	0	0	0	206	0	0	0	0	0	0	0	474	0	0	0	0	0	0	0	0	0	0	0	0	0	0	0	0	0	0	0	0	0	0	0	0	0	0	0	0	0	0	0	0	0	0	696	742	662	710	0	0	332	3252	184	1794	706	0	560	1220	0	938	0	0	874	3688	982	296	1712	1352	1174	0	
312404	Cerebelum_4_5_L	0	0	0	0	0	0	0	0	0	0	0	0	0	0	0	0	0	0	0	0	0	0	0	0	0	0	0	0	0	0	0	0	0	0	0	0	124	0	1082	0	0	0	0	0	0	0	14588	984	0	0	0	0	164	0	13384	290	0	0	0	0	0	0	0	0	0	0	0	0	0	0	0	0	0	0	0	0	0	0	0	0	0	0	0	0	0	0	0	0	0	0	13916	3742	2558	1604	6568	332	0	4702	36450	7306	1422	0	1208	2162	5994	884	348	0	1260	1794	16420	9174	2376	2176	1374	1816	
192128	Cerebelum_4_5_R	0	0	0	0	0	0	0	0	0	0	0	0	0	0	0	0	0	0	0	0	0	0	0	0	0	0	0	0	0	0	0	0	0	0	0	0	0	132	0	154	0	0	0	0	0	0	1176	2120	0	0	0	0	0	0	0	7178	0	0	0	0	0	0	0	0	0	0	0	0	0	0	0	0	0	0	0	0	0	0	0	0	0	0	0	0	0	0	0	0	0	0	1466	13314	1080	3970	0	3252	4702	0	2412	22594	1026	0	704	5330	210	948	0	0	148	2622	12376	2006	4898	1398	848	0	
508512	Cerebelum_6_L	0	0	0	0	0	0	0	0	0	0	0	0	0	0	0	0	0	0	0	0	0	0	0	0	0	0	0	0	0	0	0	0	0	0	0	0	0	0	946	0	0	0	0	0	0	0	19094	3946	0	0	546	0	606	304	27284	1868	0	0	0	0	0	0	0	0	0	0	0	0	0	0	0	0	0	0	0	0	0	0	0	0	0	0	0	0	0	0	0	0	1356	0	53228	5862	12666	1690	2758	184	36450	2412	0	12038	7828	0	7316	1466	5682	1640	718	0	1132	1150	10652	21478	4220	3046	2530	2160	
420796	Cerebelum_6_R	0	0	0	0	0	0	0	0	0	0	0	0	0	0	0	0	0	0	0	0	0	0	0	0	0	0	0	0	0	0	0	0	0	0	0	0	0	0	0	0	0	0	0	0	0	0	3758	7914	0	0	0	0	0	590	502	25256	0	0	0	0	0	0	0	0	0	0	0	0	0	0	0	0	0	0	0	0	0	0	0	0	0	0	0	0	0	0	0	0	0	282	5832	48136	2248	10456	390	1794	7306	22594	12038	0	1258	958	1400	11824	1088	1194	138	0	810	2006	14394	15630	7242	2060	1082	218	
312880	Cerebelum_7b_L	0	0	0	0	0	0	0	0	0	0	0	0	0	0	0	0	0	0	0	0	0	0	0	0	0	0	0	0	0	0	0	0	0	0	0	0	0	0	0	0	0	0	0	0	0	0	332	536	0	0	0	0	0	0	248	330	0	0	0	0	0	0	0	0	0	0	0	0	0	0	0	0	0	0	0	0	0	0	0	0	0	0	0	0	0	0	0	0	358	0	23620	1136	38128	6644	0	706	1422	1026	7828	1258	0	5672	30296	8830	3600	1508	790	0	382	744	938	1960	8754	7570	1824	0	
148488	Cerebelum_7b_R	0	0	0	0	0	0	0	0	0	0	0	0	0	0	0	0	0	0	0	0	0	0	0	0	0	0	0	0	0	0	0	0	0	0	0	0	0	0	0	0	0	0	0	0	0	0	0	0	0	0	0	0	0	0	0	142	0	0	0	0	0	0	0	0	0	0	0	0	0	0	0	0	0	0	0	0	0	0	0	0	0	0	0	0	0	0	0	0	0	0	1258	4034	7038	23176	0	0	0	0	0	958	5672	0	3334	18530	0	260	0	0	0	0	0	0	5896	3792	154	0	
294432	Cerebelum_8_L	0	0	0	0	0	0	0	0	0	0	0	0	0	0	0	0	0	0	0	0	0	0	0	0	0	0	0	0	0	0	0	0	0	0	0	0	0	0	0	0	0	0	0	0	0	0	236	662	0	0	0	0	0	0	256	350	0	0	0	0	0	0	0	0	0	0	0	0	0	0	0	0	0	0	0	0	0	0	0	0	0	0	0	0	0	0	0	0	262	0	20268	944	24496	4370	0	560	1208	704	7316	1400	30296	3334	0	8090	13420	2502	3532	0	406	614	714	2192	7100	9384	2478	122	
377712	Cerebelum_8_R	0	0	0	0	0	0	0	0	0	0	0	0	0	0	0	0	0	0	0	0	0	0	0	0	0	0	0	0	0	0	0	0	0	0	0	0	0	0	0	0	0	0	0	0	0	0	538	0	0	0	0	0	0	0	0	2634	0	0	0	0	0	0	0	0	0	0	0	0	0	0	0	0	0	0	0	0	0	0	0	0	0	0	0	0	0	0	0	0	0	2580	4682	29928	8360	36176	0	1220	2162	5330	1466	11824	8830	18530	8090	0	596	12374	170	384	392	1468	4464	1690	13128	9398	2442	0	
127344	Cerebelum_9_L	0	0	0	0	0	0	0	0	0	0	0	0	0	0	0	0	0	0	0	0	0	0	0	0	0	0	0	0	0	0	0	0	0	0	0	0	0	0	0	0	0	0	0	0	0	0	808	0	0	0	0	0	0	0	222	0	0	0	0	0	0	0	0	0	0	0	0	0	0	0	0	0	0	0	0	0	0	0	0	0	0	0	0	0	0	0	0	0	0	0	3704	210	3698	294	1840	0	5994	210	5682	1088	3600	0	13420	596	0	1530	4836	0	482	434	3114	4962	1194	2266	2114	1374	
113548	Cerebelum_9_R	0	0	0	0	0	0	0	0	0	0	0	0	0	0	0	0	0	0	0	0	0	0	0	0	0	0	0	0	0	0	0	0	0	0	0	0	0	0	0	0	0	0	0	0	0	0	0	0	0	0	0	0	0	0	0	124	0	0	0	0	0	0	0	0	0	0	0	0	0	0	0	0	0	0	0	0	0	0	0	0	0	0	0	0	0	0	0	0	0	0	1452	1648	1310	2704	414	938	884	948	1640	1194	1508	260	2502	12374	1530	0	0	908	1306	1126	1210	2502	4090	6530	5888	1784	
26916	Cerebelum_10_L	0	0	0	0	0	0	0	0	0	0	0	0	0	0	0	0	0	0	0	0	0	0	0	0	0	0	0	0	0	0	0	0	0	0	0	0	0	0	0	0	0	0	0	0	0	0	0	0	0	0	0	0	0	0	0	0	0	0	0	0	0	0	0	0	0	0	0	0	0	0	0	0	0	0	0	0	0	0	0	0	0	0	0	0	0	0	0	0	0	0	1170	0	726	120	0	0	348	0	718	138	790	0	3532	170	4836	0	0	0	0	0	0	344	242	180	144	0	
2584	Cerebelum_10_R	0	0	0	0	0	0	0	0	0	0	0	0	0	0	0	0	0	0	0	0	0	0	0	0	0	0	0	0	0	0	0	0	0	0	0	0	0	0	0	0	0	0	0	0	0	0	0	0	0	0	0	0	0	0	0	0	0	0	0	0	0	0	0	0	0	0	0	0	0	0	0	0	0	0	0	0	0	0	0	0	0	0	0	0	0	0	0	0	0	0	0	0	0	0	0	0	0	0	0	0	0	0	0	384	0	908	0	0	0	0	0	0	0	0	0	0	
46572	Vermis_1_2	0	0	0	0	0	0	0	0	0	0	0	0	0	0	0	0	0	0	0	0	0	0	0	0	0	0	0	0	0	0	0	0	0	0	0	0	0	0	0	0	0	0	0	0	0	0	162	0	0	0	0	0	0	0	0	0	0	0	0	0	0	0	0	0	0	0	0	0	0	0	0	0	0	0	0	0	0	0	0	0	0	0	0	0	0	0	0	0	0	0	518	530	366	336	774	874	1260	148	1132	810	382	0	406	392	482	1306	0	0	0	4662	1406	1282	1436	1924	1956	742	
71420	Vermis_3	0	0	0	0	0	0	0	0	0	0	0	0	0	0	0	0	0	0	0	0	0	0	0	0	0	0	0	0	0	0	0	0	0	0	0	0	0	0	0	0	0	0	0	0	0	0	288	0	0	0	0	0	0	0	0	192	0	0	0	0	0	0	0	0	0	0	0	0	0	0	0	0	0	0	0	0	0	0	0	0	0	0	0	0	0	0	0	0	0	0	880	1406	694	1050	1122	3688	1794	2622	1150	2006	744	0	614	1468	434	1126	0	0	4662	0	2366	1256	2240	1700	1682	526	
229876	Vermis_4_5	196	0	0	0	0	0	0	0	0	0	0	0	0	0	0	0	0	0	0	0	0	0	0	0	0	0	0	0	0	0	0	0	0	0	292	426	272	0	0	0	0	0	0	0	0	0	3488	1720	0	0	0	0	0	0	652	876	0	0	0	0	0	0	0	0	0	0	0	336	0	0	0	0	0	0	0	0	228	0	0	0	0	0	0	0	0	0	0	0	0	0	2366	8518	1184	3262	1526	982	16420	12376	10652	14394	938	0	714	4464	3114	1210	0	0	1406	2366	0	9478	4612	2750	1858	1862	
