data	data	398708	236172	714016	700432	182296	124956	467964	146092	117092	18032	175260	120516	237364	192436	153168	97516	146320	124532	401252	524324	51004	70440	233476	305992	27944	88188	47500	43060	444412	389804	168412	417876	130584	420132	189572	176608	176996	269872	73292	159372	23260	41060	241888	298768	226532	241796	331160	263392	195176	237956	515808	248288	171956	58732	308112	336784	217924	251612	106008	46456	236108	79412	173876	116168	156436	135824	312588	422468	130868	243956	223896	368324	269028	223004	49424	21828	84052	144008	74556	26548	137332	134540	73596	58412	336732	278024	43088	30924	222644	224464	505508	531528	411576	360580	39684	43180	339028	260452	565120	473128	277908	177820	297912	335232	136504	169672	29136	25736	18476	57952	300224	295020	264624	224432	146984	16604	
data	data	Precentral_L	Precentral_R	Frontal_Sup_L	Frontal_Sup_R	Frontal_Sup_Orb_L	Frontal_Sup_Orb_R	Frontal_Mid_L	Frontal_Mid_R	Frontal_Mid_Orb_L	Frontal_Mid_Orb_R	Frontal_Inf_Oper_L	Frontal_Inf_Oper_R	Frontal_Inf_Tri_L	Frontal_Inf_Tri_R	Frontal_Inf_Orb_L	Frontal_Inf_Orb_R	Rolandic_Oper_L	Rolandic_Oper_R	Supp_Motor_Area_L	Supp_Motor_Area_R	Olfactory_L	Olfactory_R	Frontal_Sup_Medial_L	Frontal_Sup_Medial_R	Frontal_Med_Orb_L	Frontal_Med_Orb_R	Rectus_L	Rectus_R	Insula_L	Insula_R	Cingulum_Ant_L	Cingulum_Ant_R	Cingulum_Mid_L	Cingulum_Mid_R	Cingulum_Post_L	Cingulum_Post_R	Hippocampus_L	Hippocampus_R	ParaHippocampal_L	ParaHippocampal_R	Amygdala_L	Amygdala_R	Calcarine_L	Calcarine_R	Cuneus_L	Cuneus_R	Lingual_L	Lingual_R	Occipital_Sup_L	Occipital_Sup_R	Occipital_Mid_L	Occipital_Mid_R	Occipital_Inf_L	Occipital_Inf_R	Fusiform_L	Fusiform_R	Postcentral_L	Postcentral_R	Parietal_Sup_L	Parietal_Sup_R	Parietal_Inf_L	Parietal_Inf_R	SupraMarginal_L	SupraMarginal_R	Angular_L	Angular_R	Precuneus_L	Precuneus_R	Paracentral_Lobule_L	Paracentral_Lobule_R	Caudate_L	Caudate_R	Putamen_L	Putamen_R	Pallidum_L	Pallidum_R	Thalamus_L	Thalamus_R	Heschl_L	Heschl_R	Temporal_Sup_L	Temporal_Sup_R	Temporal_Pole_Sup_L	Temporal_Pole_Sup_R	Temporal_Mid_L	Temporal_Mid_R	Temporal_Pole_Mid_L	Temporal_Pole_Mid_R	Temporal_Inf_L	Temporal_Inf_R	Cerebelum_Crus1_L	Cerebelum_Crus1_R	Cerebelum_Crus2_L	Cerebelum_Crus2_R	Cerebelum_3_L	Cerebelum_3_R	Cerebelum_4_5_L	Cerebelum_4_5_R	Cerebelum_6_L	Cerebelum_6_R	Cerebelum_7b_L	Cerebelum_7b_R	Cerebelum_8_L	Cerebelum_8_R	Cerebelum_9_L	Cerebelum_9_R	Cerebelum_10_L	Cerebelum_10_R	Vermis_1_2	Vermis_3	Vermis_4_5	Vermis_6	Vermis_7	Vermis_8	Vermis_9	Vermis_10	
398708	Precentral_L	0	7216	7904	7740	0	0	23396	290	0	0	10642	102	1214	0	0	0	6462	0	8692	14450	0	0	0	0	0	0	0	0	7288	68	126	256	4102	8810	8256	1600	2214	0	300	0	0	0	1440	200	1250	280	576	0	0	82	2888	98	236	0	78	0	20802	126	0	0	1730	0	2716	0	562	0	2754	514	15958	6446	1180	918	4168	552	1074	0	2490	0	2642	0	2436	0	0	0	2856	0	0	0	1174	0	0	0	0	0	0	0	0	0	0	0	0	0	0	0	0	0	0	0	0	0	0	0	0	0	0	0	
236172	Precentral_R	7216	0	1354	17360	0	0	3984	4206	0	0	380	6466	78	280	0	0	466	3224	384	4834	0	0	0	0	0	0	0	0	582	2374	0	184	0	1526	716	2516	338	2514	0	1032	0	0	0	610	0	256	0	200	0	144	428	288	0	0	0	172	3352	15050	0	0	916	172	1384	2782	78	170	0	3254	214	7284	3442	2498	764	1246	746	240	2024	5896	68	0	148	198	0	0	310	528	0	0	160	1050	0	0	0	0	0	0	0	0	0	0	0	0	0	0	0	0	0	0	0	0	0	0	0	0	0	0	
714016	Frontal_Sup_L	7904	1354	0	19780	17340	0	63290	3106	5822	0	4506	1664	13934	618	8460	0	1432	560	60334	21624	0	0	30684	432	2516	114	0	0	18272	1338	10436	3350	4180	6350	332	0	1930	0	210	0	66	0	0	0	0	0	0	0	0	0	0	0	0	0	64	0	214	0	0	0	0	0	0	0	0	0	0	0	1026	0	8370	4368	14890	930	5144	106	7596	1270	82	0	440	0	302	0	0	0	0	0	268	0	0	0	0	0	0	0	0	0	0	0	0	0	0	0	0	0	0	0	0	0	0	0	0	0	0	0	
700432	Frontal_Sup_R	7740	17360	19780	0	0	6410	9900	22040	0	284	560	5182	736	4774	0	4544	630	1146	17996	50148	0	0	6796	36468	0	1344	0	0	2140	10160	2538	29706	326	17288	248	84	476	1242	0	718	0	0	0	0	0	0	0	120	0	0	370	0	0	0	0	0	876	146	0	0	102	0	270	0	0	0	0	0	0	100	10570	27126	2494	6094	936	2810	2360	16188	72	0	172	0	0	86	300	0	0	0	150	110	0	0	0	0	0	0	0	0	0	0	0	0	0	0	0	0	0	0	0	0	0	0	0	0	0	0	
182296	Frontal_Sup_Orb_L	0	0	17340	0	0	0	5878	0	16808	0	0	0	7392	0	10508	0	0	0	898	0	302	162	5252	0	3546	156	3924	0	7984	0	2506	0	0	0	0	0	0	0	0	0	0	0	0	0	0	0	0	0	0	0	0	0	0	0	0	0	0	0	0	0	0	0	0	0	0	0	0	0	0	0	1996	130	6366	0	0	0	0	0	0	0	0	0	0	0	0	0	0	0	0	0	0	0	0	0	0	0	0	0	0	0	0	0	0	0	0	0	0	0	0	0	0	0	0	0	0	0	
124956	Frontal_Sup_Orb_R	0	0	0	6410	0	0	0	2508	0	4050	0	64	0	3718	0	6196	0	0	0	112	70	128	790	9582	0	6260	0	3060	0	5886	358	7468	0	0	0	0	0	0	0	0	0	0	0	0	0	0	0	0	0	0	0	0	0	0	0	0	0	0	0	0	0	0	0	0	0	0	0	0	0	0	70	3424	0	2324	0	0	0	0	0	0	0	0	0	0	0	0	0	0	0	0	0	0	0	0	0	0	0	0	0	0	0	0	0	0	0	0	0	0	0	0	0	0	0	0	0	0	
467964	Frontal_Mid_L	23396	3984	63290	9900	5878	0	0	422	3982	0	11288	396	22214	538	7538	0	5264	0	8060	6908	0	0	12138	110	482	0	0	0	14554	420	1678	908	892	1120	582	112	810	0	122	0	0	0	0	0	0	0	0	0	0	0	384	0	0	0	0	0	270	0	0	0	0	0	306	0	0	0	104	0	66	150	6668	3536	6170	1950	452	0	4606	234	216	0	1122	0	148	0	348	0	0	0	266	0	0	0	0	0	0	0	0	0	0	0	0	0	0	0	0	0	0	0	0	0	0	0	0	0	0	0	
146092	Frontal_Mid_R	290	4206	3106	22040	0	2508	422	0	0	1442	368	3306	314	12080	0	1342	0	190	2220	1060	0	0	784	4868	0	70	0	0	144	2500	834	4370	0	562	0	0	0	342	0	152	0	0	0	0	0	0	0	0	0	0	0	0	0	0	0	0	72	0	0	0	0	0	0	0	0	0	0	0	0	0	246	672	278	482	0	120	0	1656	0	0	0	0	0	0	0	0	0	0	0	0	0	0	0	0	0	0	0	0	0	0	0	0	0	0	0	0	0	0	0	0	0	0	0	0	0	0	
117092	Frontal_Mid_Orb_L	0	0	5822	0	16808	0	3982	0	0	0	0	0	5810	0	12512	0	0	0	212	0	0	0	426	0	264	0	2168	0	4866	0	434	0	0	0	0	0	0	0	0	0	0	0	0	0	0	0	0	0	0	0	0	0	0	0	0	0	0	0	0	0	0	0	0	0	0	0	0	0	0	0	1076	0	4166	0	0	0	0	0	0	0	0	0	0	0	0	0	0	0	0	0	0	0	0	0	0	0	0	0	0	0	0	0	0	0	0	0	0	0	0	0	0	0	0	0	0	0	
18032	Frontal_Mid_Orb_R	0	0	0	284	0	4050	0	1442	0	0	0	0	0	98	0	2900	0	0	0	0	0	0	0	0	0	0	0	0	0	242	0	0	0	0	0	0	0	0	0	0	0	0	0	0	0	0	0	0	0	0	0	0	0	0	0	0	0	0	0	0	0	0	0	0	0	0	0	0	0	0	0	0	0	0	0	0	0	0	0	0	0	0	0	0	0	0	0	0	0	0	0	0	0	0	0	0	0	0	0	0	0	0	0	0	0	0	0	0	0	0	0	0	0	0	0	0	
175260	Frontal_Inf_Oper_L	10642	380	4506	560	0	0	11288	368	0	0	0	740	7612	3630	204	0	8176	0	410	228	0	0	0	0	0	0	0	0	16160	3374	110	368	0	0	0	0	702	82	108	0	0	0	0	0	104	0	0	0	0	0	924	0	0	0	0	0	1266	0	0	0	114	0	120	0	0	0	150	0	170	0	1914	1456	1988	1694	792	0	114	176	2080	0	2560	0	1398	0	778	0	0	0	184	0	0	0	0	0	0	0	0	0	0	0	0	0	0	0	0	0	0	0	0	0	0	0	0	0	0	0	
120516	Frontal_Inf_Oper_R	102	6466	1664	5182	0	64	396	3306	0	0	740	0	866	3160	0	268	0	3172	1022	1402	0	0	0	246	0	0	0	0	1410	12952	204	1406	0	0	0	76	128	1258	0	406	0	0	0	0	0	0	0	0	0	0	0	0	0	0	0	66	0	940	0	0	0	0	0	0	0	0	0	0	0	0	808	3524	294	5008	214	242	0	3138	0	0	0	0	0	128	0	0	0	0	0	0	0	0	0	0	0	0	0	0	0	0	0	0	0	0	0	0	0	0	0	0	0	0	0	0	0	0	
237364	Frontal_Inf_Tri_L	1214	78	13934	736	7392	0	22214	314	5810	0	7612	866	0	2878	18282	0	140	0	614	314	0	0	590	0	0	0	128	0	23270	2976	1022	214	0	0	0	0	72	92	0	0	0	0	0	0	0	0	0	0	0	0	0	0	0	0	0	0	0	0	0	0	0	0	0	0	0	0	0	0	0	0	1742	2264	2768	652	66	0	0	228	0	0	66	0	134	0	0	0	0	0	0	0	0	0	0	0	0	0	0	0	0	0	0	0	0	0	0	0	0	0	0	0	0	0	0	0	0	0	
192436	Frontal_Inf_Tri_R	0	280	618	4774	0	3718	538	12080	0	98	3630	3160	2878	0	0	5796	788	76	238	590	0	0	764	6486	0	1554	0	352	4012	21990	970	11594	0	756	0	0	120	0	0	0	0	0	0	0	0	0	0	0	0	0	0	0	0	0	0	0	0	0	0	0	0	0	0	0	0	0	0	0	0	0	448	4868	598	1662	0	0	0	0	0	0	272	0	510	0	0	0	0	0	0	0	0	0	0	0	0	0	0	0	0	0	0	0	0	0	0	0	0	0	0	0	0	0	0	0	0	0	
153168	Frontal_Inf_Orb_L	0	0	8460	0	10508	0	7538	0	12512	0	204	0	18282	0	0	0	0	0	320	0	646	0	176	0	0	0	140	0	11612	0	384	0	0	0	0	0	0	0	66	0	0	0	0	0	0	0	0	0	0	0	0	0	0	0	0	0	0	0	0	0	0	0	0	0	0	0	0	0	0	0	220	0	5302	0	0	0	0	0	0	0	0	0	214	0	0	0	0	0	0	0	0	0	0	0	0	0	0	0	0	0	0	0	0	0	0	0	0	0	0	0	0	0	0	0	0	0	
97516	Frontal_Inf_Orb_R	0	0	0	4544	0	6196	0	1342	0	2900	0	268	0	5796	0	0	0	228	106	272	0	284	502	4378	0	938	0	608	0	10432	150	5276	120	1010	0	0	0	0	0	0	0	0	0	0	0	0	0	0	0	0	0	0	0	0	0	0	0	0	0	0	0	0	0	0	0	0	0	0	0	0	0	1020	0	1592	0	0	0	0	0	0	0	66	0	730	0	0	0	0	0	0	0	0	0	0	0	0	0	0	0	0	0	0	0	0	0	0	0	0	0	0	0	0	0	0	0	0	
146320	Rolandic_Oper_L	6462	466	1432	630	0	0	5264	0	0	0	8176	0	140	788	0	0	0	0	0	136	0	0	0	0	0	0	0	0	15004	784	0	0	0	0	108	0	1356	0	148	0	0	0	188	0	1074	0	0	0	0	0	4122	0	318	0	0	0	4038	0	0	0	604	0	1326	0	338	0	1288	0	544	0	292	198	560	210	154	0	186	0	4936	0	5264	0	760	0	4030	0	0	0	1836	0	0	0	0	0	0	0	0	0	0	0	0	0	0	0	0	0	0	0	0	0	0	0	0	0	0	0	
124532	Rolandic_Oper_R	0	3224	560	1146	0	0	0	190	0	0	0	3172	0	76	0	228	0	0	530	198	0	0	0	0	0	0	0	0	96	13040	0	184	0	0	0	132	0	3854	0	1326	0	0	0	204	0	92	0	0	0	134	0	318	0	0	0	238	0	6076	0	0	0	134	0	2574	0	300	0	574	0	472	66	366	0	4488	0	102	0	2094	0	2154	0	2600	0	554	0	5722	0	0	0	5048	0	0	0	0	0	0	0	0	0	0	0	0	0	0	0	0	0	0	0	0	0	0	0	0	0	0	
401252	Supp_Motor_Area_L	8692	384	60334	17996	898	0	8060	2220	212	0	410	1022	614	238	320	106	0	530	0	30934	0	0	5496	2200	128	0	0	0	1592	1074	5764	3736	10602	16318	1268	158	466	0	0	0	0	0	0	0	0	0	0	0	0	0	0	0	0	0	0	0	172	0	0	0	0	0	78	0	0	0	0	0	5612	840	3170	2668	2786	650	1114	90	854	722	0	0	0	0	0	0	0	0	0	0	98	0	0	0	0	0	0	0	0	0	0	0	0	0	0	0	0	0	0	0	0	0	0	0	0	0	0	0	
524324	Supp_Motor_Area_R	14450	4834	21624	50148	0	112	6908	1060	0	0	228	1402	314	590	0	272	136	198	30934	0	0	0	518	7996	0	96	0	0	796	1952	1808	13548	3010	38418	1602	4786	176	568	0	390	0	0	0	1238	0	152	0	132	0	0	0	302	0	0	0	126	1402	4794	0	0	0	0	0	604	0	92	0	3786	1292	15066	4186	12826	1238	1908	350	1254	324	1864	0	0	0	0	0	0	0	170	0	0	0	182	0	0	0	0	0	0	0	0	0	0	0	0	0	0	0	0	0	0	0	0	0	0	0	0	0	0	
51004	Olfactory_L	0	0	0	0	302	70	0	0	0	0	0	0	0	0	646	0	0	0	0	0	0	4298	0	0	376	484	2196	834	1780	0	2000	1096	0	0	0	0	0	0	630	0	586	0	0	0	0	0	0	0	0	0	0	0	0	0	0	0	0	0	0	0	0	0	0	0	0	0	0	0	0	0	4910	2880	1960	234	0	0	0	0	0	0	0	0	220	0	0	0	0	0	0	0	0	0	0	0	0	0	0	0	0	0	0	0	0	0	0	0	0	0	0	0	0	0	0	0	0	0	
70440	Olfactory_R	0	0	0	0	162	128	0	0	0	0	0	0	0	0	0	284	0	0	0	0	4298	0	0	0	380	1190	2198	2078	0	1638	2366	2510	0	0	0	0	0	0	0	146	0	358	0	0	0	0	0	0	0	0	0	0	0	0	0	0	0	0	0	0	0	0	0	0	0	0	0	0	0	0	6728	6400	2270	1676	68	138	0	0	0	0	0	0	0	204	0	0	0	0	0	0	0	0	0	0	0	0	0	0	0	0	0	0	0	0	0	0	0	0	0	0	0	0	0	0	0	0	
233476	Frontal_Sup_Medial_L	0	0	30684	6796	5252	790	12138	784	426	0	0	0	590	764	176	502	0	0	5496	518	0	0	0	15102	2538	1534	0	0	894	622	10478	11886	2684	5586	0	0	0	0	0	0	0	0	0	0	0	0	0	0	0	0	0	0	0	0	0	0	0	0	0	0	0	0	0	0	0	0	0	0	0	0	0	424	0	74	0	0	0	0	0	0	0	0	0	0	0	0	0	0	0	0	0	0	0	0	0	0	0	0	0	0	0	0	0	0	0	0	0	0	0	0	0	0	0	0	0	0	
305992	Frontal_Sup_Medial_R	0	0	432	36468	0	9582	110	4868	0	0	0	246	0	6486	0	4378	0	0	2200	7996	0	0	15102	0	128	5820	0	796	0	9004	3136	25568	192	13234	0	0	0	344	0	218	0	0	0	0	0	0	0	0	0	0	0	0	0	0	0	0	0	0	0	0	0	0	0	0	0	0	0	0	0	0	0	3848	0	2030	0	0	0	810	0	0	0	0	0	0	0	0	0	0	0	0	0	0	0	0	0	0	0	0	0	0	0	0	0	0	0	0	0	0	0	0	0	0	0	0	0	0	
27944	Frontal_Med_Orb_L	0	0	2516	0	3546	0	482	0	264	0	0	0	0	0	0	0	0	0	128	0	376	380	2538	128	0	390	786	114	0	0	1250	78	0	0	0	0	0	0	0	0	0	0	0	0	0	0	0	0	0	0	0	0	0	0	0	0	0	0	0	0	0	0	0	0	0	0	0	0	0	0	574	274	148	0	0	0	0	0	0	0	0	0	0	0	0	0	0	0	0	0	0	0	0	0	0	0	0	0	0	0	0	0	0	0	0	0	0	0	0	0	0	0	0	0	0	0	
88188	Frontal_Med_Orb_R	0	0	114	1344	156	6260	0	70	0	0	0	0	0	1554	0	938	0	0	0	96	484	1190	1534	5820	390	0	154	4138	0	2314	1138	5688	0	0	0	0	0	0	0	0	0	0	0	0	0	0	0	0	0	0	0	0	0	0	0	0	0	0	0	0	0	0	0	0	0	0	0	0	0	0	496	6192	208	3816	0	0	0	0	0	0	0	0	0	0	0	0	0	0	0	0	0	0	0	0	0	0	0	0	0	0	0	0	0	0	0	0	0	0	0	0	0	0	0	0	0	0	
47500	Rectus_L	0	0	0	0	3924	0	0	0	2168	0	0	0	128	0	140	0	0	0	0	0	2196	2198	0	0	786	154	0	320	144	0	2356	506	0	0	0	0	0	0	0	0	0	0	0	0	0	0	0	0	0	0	0	0	0	0	0	0	0	0	0	0	0	0	0	0	0	0	0	0	0	0	4554	1624	2478	74	0	0	0	0	0	0	0	0	0	0	0	0	0	0	0	0	0	0	0	0	0	0	0	0	0	0	0	0	0	0	0	0	0	0	0	0	0	0	0	0	0	0	
43060	Rectus_R	0	0	0	0	0	3060	0	0	0	0	0	0	0	352	0	608	0	0	0	0	834	2078	0	796	114	4138	320	0	0	910	374	1498	0	0	0	0	0	0	0	0	0	0	0	0	0	0	0	0	0	0	0	0	0	0	0	0	0	0	0	0	0	0	0	0	0	0	0	0	0	0	912	3342	338	1856	0	0	0	0	0	0	0	0	0	0	0	0	0	0	0	0	0	0	0	0	0	0	0	0	0	0	0	0	0	0	0	0	0	0	0	0	0	0	0	0	0	0	
444412	Insula_L	7288	582	18272	2140	7984	0	14554	144	4866	0	16160	1410	23270	4012	11612	0	15004	96	1592	796	1780	0	894	0	0	0	144	0	0	4580	2256	288	0	0	232	0	9614	172	1388	72	1246	0	336	0	914	0	134	0	0	0	4822	0	338	0	1976	0	4776	0	0	0	918	0	846	0	290	0	1308	0	894	0	4732	3584	19302	1620	156	0	404	406	7252	0	4686	0	1448	0	4890	0	0	0	3726	0	0	0	0	0	0	0	0	0	0	0	0	0	0	0	0	0	0	0	0	0	0	0	0	0	0	0	
389804	Insula_R	68	2374	1338	10160	0	5886	420	2500	0	242	3374	12952	2976	21990	0	10432	784	13040	1074	1952	0	1638	622	9004	0	2314	0	910	4580	0	1216	13582	0	1046	0	0	120	7904	0	1402	0	398	0	64	0	0	0	0	0	0	0	0	0	0	0	3404	0	1694	0	0	0	0	0	580	0	0	0	160	0	106	648	8976	572	16470	0	0	0	1836	0	3268	260	6404	442	1670	0	5538	0	130	0	6382	0	0	0	0	0	0	0	0	0	0	0	0	0	0	0	0	0	0	0	0	0	0	0	0	0	0	
168412	Cingulum_Ant_L	126	0	10436	2538	2506	358	1678	834	434	0	110	204	1022	970	384	150	0	0	5764	1808	2000	2366	10478	3136	1250	1138	2356	374	2256	1216	0	11510	2914	1582	0	0	0	0	0	0	0	0	0	0	0	0	0	0	0	0	0	0	0	0	0	0	0	0	0	0	0	0	0	0	0	0	0	0	0	0	4048	4152	2968	1140	0	0	0	0	0	0	0	0	0	0	0	0	0	0	0	0	0	0	0	0	0	0	0	0	0	0	0	0	0	0	0	0	0	0	0	0	0	0	0	0	0	0	
417876	Cingulum_Ant_R	256	184	3350	29706	0	7468	908	4370	0	0	368	1406	214	11594	0	5276	0	184	3736	13548	1096	2510	11886	25568	78	5688	506	1498	288	13582	11510	0	2712	20012	0	0	0	218	0	70	0	0	0	0	0	0	0	0	0	0	0	0	0	0	0	0	0	0	0	0	0	0	0	0	0	0	0	0	0	0	2180	19292	594	6316	0	0	0	766	0	0	0	0	0	0	0	0	0	0	0	0	0	0	0	0	0	0	0	0	0	0	0	0	0	0	0	0	0	0	0	0	0	0	0	0	0	0	
130584	Cingulum_Mid_L	4102	0	4180	326	0	0	892	0	0	0	0	0	0	0	0	120	0	0	10602	3010	0	0	2684	192	0	0	0	0	0	0	2914	2712	0	9712	2088	578	0	0	0	0	0	0	668	0	1454	360	290	0	2600	112	3082	118	204	0	0	0	102	66	526	0	200	0	0	0	0	0	4942	846	5036	180	0	0	0	0	0	0	0	0	0	0	0	0	0	0	394	0	0	0	0	0	0	0	0	0	0	0	0	0	0	0	0	0	0	0	0	0	0	0	0	0	0	0	0	0	0	0	
420132	Cingulum_Mid_R	8810	1526	6350	17288	0	0	1120	562	0	0	0	0	0	756	0	1010	0	0	16318	38418	0	0	5586	13234	0	0	0	0	0	1046	1582	20012	9712	0	2566	7168	0	188	0	110	0	0	0	3694	120	5384	0	88	0	2408	0	2612	0	0	0	146	0	7486	0	0	0	0	0	268	0	108	1660	13744	1524	16402	68	320	0	0	0	0	0	0	0	0	0	0	0	0	0	578	0	0	0	94	0	0	0	0	0	0	0	0	0	0	0	0	0	0	0	0	0	0	0	0	0	0	0	0	0	0	
189572	Cingulum_Post_L	8256	716	332	248	0	0	582	0	0	0	0	0	0	0	0	0	108	0	1268	1602	0	0	0	0	0	0	0	0	232	0	0	0	2088	2566	0	10668	6980	3160	3142	980	0	0	9302	416	2326	366	5504	540	956	96	1332	92	108	0	404	68	998	258	190	0	240	0	258	0	80	0	12884	3388	7282	1526	0	0	0	0	0	0	1152	530	0	0	0	0	0	0	942	0	0	0	230	0	0	0	0	0	0	0	0	172	0	0	0	0	0	0	0	0	0	0	0	0	218	0	0	0	0	0	
176608	Cingulum_Post_R	1600	2516	0	84	0	0	112	0	0	0	0	76	0	0	0	0	0	132	158	4786	0	0	0	0	0	0	0	0	0	0	0	0	578	7168	10668	0	5796	6968	1476	2910	0	0	338	3490	150	502	252	2664	0	72	0	98	0	0	156	370	0	4150	0	0	0	0	68	512	0	0	2284	15026	100	6226	0	0	0	0	0	0	1958	1900	0	0	0	0	0	0	0	148	0	0	0	1252	0	0	0	0	0	0	0	558	0	0	0	0	0	0	0	0	0	0	0	0	1002	0	0	0	0	0	
176996	Hippocampus_L	2214	338	1930	476	0	0	810	0	0	0	702	128	72	120	0	0	1356	0	466	176	0	0	0	0	0	0	0	0	9614	120	0	0	0	0	6980	5796	0	3524	9646	996	4038	0	772	0	118	0	1224	616	0	0	706	0	162	0	4764	0	3120	0	0	0	74	0	146	0	0	0	2740	908	0	0	700	350	8650	142	140	0	2090	922	1948	0	1466	0	0	0	1514	0	0	0	5338	0	0	0	0	0	0	0	0	174	0	0	0	0	0	0	0	0	0	0	0	0	212	0	0	0	0	0	
269872	Hippocampus_R	0	2514	0	1242	0	0	0	342	0	0	82	1258	92	0	0	0	0	3854	0	568	0	0	0	344	0	0	0	0	172	7904	0	218	0	188	3160	6968	3524	0	238	23456	0	7572	0	754	0	0	0	3516	0	0	0	206	0	918	0	20614	0	1438	0	0	0	0	0	396	0	82	276	4482	0	600	0	342	0	8994	0	372	1540	7018	0	464	0	2814	0	542	0	4044	0	0	0	9652	0	0	0	0	0	0	0	1350	0	82	0	0	0	0	0	0	0	0	0	0	744	0	0	0	0	0	
73292	ParaHippocampal_L	300	0	210	0	0	0	122	0	0	0	108	0	0	0	66	0	148	0	0	0	630	0	0	0	0	0	0	0	1388	0	0	0	0	0	3142	1476	9646	238	0	158	1732	0	1222	0	0	0	3518	190	0	0	180	0	120	0	4928	0	254	0	0	0	0	0	0	0	0	0	2964	180	0	0	0	0	1228	0	0	0	0	74	90	0	100	0	392	0	68	0	200	0	1250	0	0	0	0	0	0	0	260	0	64	0	0	0	0	0	0	0	0	0	0	0	0	0	0	0	0	0	
159372	ParaHippocampal_R	0	1032	0	718	0	0	0	152	0	0	0	406	0	0	0	0	0	1326	0	390	0	146	0	218	0	0	0	0	72	1402	0	70	0	110	980	2910	996	23456	158	0	0	3786	0	740	0	0	0	4408	0	0	0	284	0	730	0	15710	0	928	0	0	0	0	0	242	0	108	0	2694	0	366	0	110	0	3274	0	278	526	3036	0	0	0	154	0	1270	0	616	0	178	0	2288	0	114	0	0	0	178	0	2486	0	196	0	0	0	0	0	0	0	0	0	0	444	0	0	0	0	0	
23260	Amygdala_L	0	0	66	0	0	0	0	0	0	0	0	0	0	0	0	0	0	0	0	0	586	0	0	0	0	0	0	0	1246	0	0	0	0	0	0	0	4038	0	1732	0	0	0	0	0	0	0	0	0	0	0	0	0	0	0	2354	0	0	0	0	0	0	0	0	0	0	0	0	0	0	0	0	0	484	0	0	0	102	0	0	0	0	0	108	0	0	0	0	0	914	0	0	0	0	0	0	0	0	0	0	0	0	0	0	0	0	0	0	0	0	0	0	0	0	0	0	0	
41060	Amygdala_R	0	0	0	0	0	0	0	0	0	0	0	0	0	0	0	0	0	0	0	0	0	358	0	0	0	0	0	0	0	398	0	0	0	0	0	0	0	7572	0	3786	0	0	0	0	0	0	0	0	0	0	0	0	0	0	0	5398	0	0	0	0	0	0	0	0	0	0	0	0	0	0	0	0	0	790	0	0	0	116	0	0	0	0	0	2030	0	0	0	0	0	82	0	0	0	0	0	0	0	0	0	0	0	0	0	0	0	0	0	0	0	0	0	0	0	0	0	0	
241888	Calcarine_L	1440	0	0	0	0	0	0	0	0	0	0	0	0	0	0	0	188	0	0	0	0	0	0	0	0	0	0	0	336	0	0	0	668	0	9302	338	772	0	1222	0	0	0	0	5562	16842	2788	16310	2206	11592	1448	20734	258	2206	0	938	92	1198	0	300	0	256	0	156	0	100	0	16990	1806	1950	0	0	0	0	0	0	0	0	0	78	0	0	0	0	0	2512	0	0	0	356	0	0	0	0	0	0	0	0	0	0	0	0	0	0	0	0	0	0	0	0	0	0	0	0	0	0	0	
298768	Calcarine_R	200	610	0	0	0	0	0	0	0	0	0	0	0	0	0	0	0	204	0	1238	0	0	0	0	0	0	0	0	0	64	0	0	0	3694	416	3490	0	754	0	740	0	0	5562	0	6004	18572	1456	19568	372	15942	268	10282	0	1654	0	7954	0	6146	0	126	0	0	0	450	0	424	3974	25250	0	6534	0	0	0	0	0	0	0	0	0	0	0	106	0	0	0	3444	0	0	0	2426	0	138	0	0	0	0	0	290	158	380	0	0	0	0	0	0	0	0	0	0	172	322	0	0	0	0	
226532	Cuneus_L	1250	0	0	0	0	0	0	0	0	0	104	0	0	0	0	0	1074	0	0	0	0	0	0	0	0	0	0	0	914	0	0	0	1454	120	2326	150	118	0	0	0	0	0	16842	6004	0	8656	2104	764	20998	3922	10972	622	472	0	382	250	1838	0	1792	0	916	0	798	0	136	0	19772	3386	2570	0	0	0	230	0	0	0	104	0	344	0	252	0	0	0	1212	0	0	0	418	0	0	0	0	0	0	0	0	0	0	0	0	0	0	0	0	0	0	0	0	0	0	0	0	0	0	0	
241796	Cuneus_R	280	256	0	0	0	0	0	0	0	0	0	0	0	0	0	0	0	92	0	152	0	0	0	0	0	0	0	0	0	0	0	0	360	5384	366	502	0	0	0	0	0	0	2788	18572	8656	0	324	3804	156	27420	0	9216	0	0	0	1562	0	4050	0	2122	0	86	0	206	0	362	6122	22612	0	3656	0	0	0	0	0	0	0	0	0	0	0	86	0	0	0	1436	0	0	0	86	0	0	0	0	0	0	0	0	64	0	0	0	0	0	0	0	0	0	0	0	0	120	0	0	0	0	
331160	Lingual_L	576	0	0	0	0	0	0	0	0	0	0	0	0	0	0	0	0	0	0	0	0	0	0	0	0	0	0	0	134	0	0	0	290	0	5504	252	1224	0	3518	0	0	0	16310	1456	2104	324	0	3360	4016	386	24168	108	10360	248	16416	632	422	0	284	0	200	0	130	0	0	0	7906	354	598	0	0	0	0	0	0	0	0	106	0	0	0	0	0	0	1258	0	0	0	1708	0	2976	4368	488	424	170	76	9520	2156	12332	4456	0	0	136	88	506	1852	198	92	0	98	6656	7924	3416	1066	1542	688	
263392	Lingual_R	0	200	0	120	0	0	0	0	0	0	0	0	0	0	0	0	0	0	0	132	0	0	0	0	0	0	0	0	0	0	0	0	0	88	540	2664	616	3516	190	4408	0	0	2206	19568	764	3804	3360	0	132	6834	164	3352	568	3036	978	19738	0	392	0	0	0	0	0	0	0	0	474	6680	0	344	0	0	0	74	0	0	0	346	0	0	0	0	0	0	0	302	0	0	0	550	1798	3612	494	114	0	64	3014	9058	5806	7226	0	0	88	0	0	122	80	0	0	0	8510	5106	224	116	124	0	
195176	Occipital_Sup_L	0	0	0	0	0	0	0	0	0	0	0	0	0	0	0	0	0	0	0	0	0	0	0	0	0	0	0	0	0	0	0	0	2600	0	956	0	0	0	0	0	0	0	11592	372	20998	156	4016	132	0	86	29934	0	846	0	142	0	960	0	7864	0	3900	0	84	0	600	0	10450	234	718	0	0	0	0	0	0	0	0	0	0	0	0	0	0	0	948	0	0	0	0	0	0	0	0	0	0	0	0	0	0	0	0	0	0	0	0	0	0	0	0	0	0	0	0	0	0	0	
237956	Occipital_Sup_R	82	144	0	0	0	0	0	0	0	0	0	0	0	0	0	0	0	134	0	0	0	0	0	0	0	0	0	0	0	0	0	0	112	2408	96	72	0	0	0	0	0	0	1448	15942	3922	27420	386	6834	86	0	64	20702	0	864	0	3154	0	3240	0	4230	0	1488	0	312	0	4970	2566	13382	0	2556	0	0	0	0	0	0	0	0	0	0	0	0	0	0	0	1724	0	0	0	0	0	108	0	0	0	0	0	0	72	266	0	0	0	0	0	0	0	0	0	0	0	194	0	0	0	0	
515808	Occipital_Mid_L	2888	428	0	370	0	0	384	0	0	0	924	0	0	0	0	0	4122	0	0	0	0	0	0	0	0	0	0	0	4822	0	0	0	3082	0	1332	0	706	0	180	0	0	0	20734	268	10972	0	24168	164	29934	64	0	0	22366	0	9654	0	5014	0	8626	0	18612	0	9292	0	26446	0	9580	0	2678	0	0	0	0	0	0	0	0	0	2558	0	1464	0	0	0	30060	0	0	0	3778	0	432	0	0	0	0	0	488	0	928	0	0	0	0	0	0	0	0	0	0	0	264	122	0	0	0	0	
248288	Occipital_Mid_R	98	288	0	0	0	0	0	0	0	0	0	0	0	0	0	0	0	318	0	302	0	0	0	0	0	0	0	0	0	0	0	0	118	2612	92	98	0	206	0	284	0	0	258	10282	622	9216	108	3352	0	20702	0	0	0	2498	0	3260	0	2628	0	1152	0	8188	0	4064	0	22564	426	9174	0	3174	0	0	0	0	0	0	0	0	0	0	0	514	0	0	0	15774	0	0	0	1530	0	68	0	0	0	0	0	0	0	174	0	0	0	0	0	0	0	0	0	0	0	0	0	0	0	0	
171956	Occipital_Inf_L	236	0	0	0	0	0	0	0	0	0	0	0	0	0	0	0	318	0	0	0	0	0	0	0	0	0	0	0	338	0	0	0	204	0	108	0	162	0	120	0	0	0	2206	0	472	0	10360	568	846	0	22366	0	0	146	13606	260	64	0	0	0	714	0	1442	0	2256	0	930	0	98	0	0	0	0	0	0	0	0	0	144	0	250	0	0	0	7896	0	0	0	4418	0	2760	302	0	0	0	0	2958	208	5600	492	0	0	0	0	0	222	0	0	0	0	1448	958	74	204	224	0	
58732	Occipital_Inf_R	0	0	0	0	0	0	0	0	0	0	0	0	0	0	0	0	0	0	0	0	0	0	0	0	0	0	0	0	0	0	0	0	0	0	0	0	0	918	0	730	0	0	0	1654	0	0	248	3036	0	864	0	2498	146	0	160	6054	0	0	0	0	0	0	0	0	0	0	0	0	0	0	0	0	0	0	0	0	0	76	0	0	0	116	0	0	0	1718	0	0	0	6158	306	0	68	0	0	0	258	720	736	1300	0	0	0	0	0	0	0	0	0	0	798	734	70	0	0	0	
308112	Fusiform_L	78	0	64	0	0	0	0	0	0	0	0	0	0	0	0	0	0	0	0	0	0	0	0	0	0	0	0	0	1976	0	0	0	0	0	404	156	4764	0	4928	0	2354	0	938	0	382	0	16416	978	142	0	9654	0	13606	160	0	300	0	0	0	0	0	0	0	0	0	0	1182	0	0	0	0	0	1256	0	0	0	0	0	0	0	252	0	2264	0	1768	0	1196	0	14770	0	19404	1394	458	76	0	0	14316	452	28208	1498	0	0	0	0	0	632	0	0	0	0	3078	2310	998	604	640	0	
336784	Fusiform_R	0	172	0	0	0	0	0	0	0	0	0	66	0	0	0	0	0	238	0	126	0	0	0	0	0	0	0	0	0	3404	0	0	0	146	68	370	0	20614	0	15710	0	5398	92	7954	250	1562	632	19738	0	3154	0	3260	260	6054	300	0	0	638	0	0	0	0	0	268	0	122	124	3386	0	540	0	0	0	1312	0	0	0	444	0	0	0	2952	0	6122	0	3126	0	1494	0	13730	850	9444	272	116	0	162	936	9900	2226	12566	0	0	0	228	0	0	0	0	0	0	5522	2164	180	0	0	0	
217924	Postcentral_L	20802	3352	214	876	0	0	270	72	0	0	1266	0	0	0	0	0	4038	0	172	1402	0	0	0	0	0	0	0	0	4776	0	0	0	102	0	998	0	3120	0	254	0	0	0	1198	0	1838	0	422	0	960	0	5014	0	64	0	0	0	0	0	6928	0	20180	0	8374	0	2460	0	5182	0	3184	0	392	234	3770	0	456	0	2356	0	1944	0	1200	0	0	0	630	0	0	0	462	0	0	0	0	0	0	0	0	0	0	0	0	0	0	0	0	0	0	0	0	0	0	0	0	0	0	0	
251612	Postcentral_R	126	15050	0	146	0	0	0	0	0	0	0	940	0	0	0	0	0	6076	0	4794	0	0	0	0	0	0	0	0	0	1694	0	0	66	7486	258	4150	0	1438	0	928	0	0	0	6146	0	4050	0	392	0	3240	0	2628	0	0	0	638	0	0	0	3606	0	2802	0	8320	0	510	0	21532	0	18732	0	0	0	1164	0	0	0	1548	0	128	0	548	0	0	0	4140	0	0	0	2530	0	0	0	0	0	0	0	0	0	0	0	0	0	0	0	0	0	0	0	0	0	0	0	0	0	0	
106008	Parietal_Sup_L	0	0	0	0	0	0	0	0	0	0	0	0	0	0	0	0	0	0	0	0	0	0	0	0	0	0	0	0	0	0	0	0	526	0	190	0	0	0	0	0	0	0	300	0	1792	0	284	0	7864	0	8626	0	0	0	0	0	6928	0	0	0	11610	0	66	0	1568	0	11428	352	1386	0	0	0	0	0	0	0	0	0	0	0	0	0	0	0	84	0	0	0	0	0	0	0	0	0	0	0	0	0	0	0	0	0	0	0	0	0	0	0	0	0	0	0	0	0	0	0	
46456	Parietal_Sup_R	0	0	0	0	0	0	0	0	0	0	0	0	0	0	0	0	0	0	0	0	0	0	0	0	0	0	0	0	0	0	0	0	0	0	0	0	0	0	0	0	0	0	0	126	0	2122	0	0	0	4230	0	1152	0	0	0	0	0	3606	0	0	0	2324	0	1244	0	3060	294	4948	0	122	0	0	0	0	0	0	0	0	0	0	0	0	0	0	0	0	0	0	0	0	0	0	0	0	0	0	0	0	0	0	0	0	0	0	0	0	0	0	0	0	0	0	0	0	0	0	
236108	Parietal_Inf_L	1730	916	0	102	0	0	0	0	0	0	114	0	0	0	0	0	604	0	0	0	0	0	0	0	0	0	0	0	918	0	0	0	200	0	240	0	74	0	0	0	0	0	256	0	916	0	200	0	3900	0	18612	0	714	0	0	0	20180	0	11610	0	0	0	22006	0	18840	0	2974	0	1726	0	0	0	0	0	0	0	0	0	312	0	450	0	0	0	8614	0	0	0	1846	0	0	0	0	0	0	0	0	0	0	0	0	0	0	0	0	0	0	0	0	0	0	0	0	0	0	0	
79412	Parietal_Inf_R	0	172	0	0	0	0	0	0	0	0	0	0	0	0	0	0	0	134	0	0	0	0	0	0	0	0	0	0	0	0	0	0	0	0	0	0	0	0	0	0	0	0	0	0	0	86	0	0	0	1488	0	8188	0	0	0	0	0	2802	0	2324	0	0	0	8684	0	14714	0	382	0	302	0	0	0	0	0	0	0	0	0	0	0	0	0	0	0	430	0	0	0	0	0	0	0	0	0	0	0	0	0	0	0	0	0	0	0	0	0	0	0	0	0	0	0	0	0	0	
173876	SupraMarginal_L	2716	1384	0	270	0	0	306	0	0	0	120	0	0	0	0	0	1326	0	78	0	0	0	0	0	0	0	0	0	846	0	0	0	0	0	258	68	146	0	0	0	0	0	156	0	798	0	130	0	84	0	9292	0	1442	0	0	0	8374	0	66	0	22006	0	0	0	10340	0	946	0	1754	0	0	0	72	0	0	0	350	0	416	0	5236	0	0	0	13328	0	0	0	4630	0	0	0	0	0	0	0	0	0	0	0	0	0	0	0	0	0	0	0	0	0	0	0	0	0	0	0	
116168	SupraMarginal_R	0	2782	0	0	0	0	0	0	0	0	0	0	0	0	0	0	0	2574	0	604	0	0	0	0	0	0	0	0	0	580	0	0	0	268	0	512	0	396	0	242	0	0	0	450	0	206	0	0	0	312	0	4064	0	0	0	268	0	8320	0	1244	0	8684	0	0	0	6984	0	2046	0	1948	0	0	0	84	0	0	0	74	0	746	0	6690	0	0	0	7052	0	0	0	954	0	0	0	0	0	0	0	0	0	0	0	0	0	0	0	0	0	0	0	0	0	0	0	0	0	0	
156436	Angular_L	562	78	0	0	0	0	0	0	0	0	0	0	0	0	0	0	338	0	0	0	0	0	0	0	0	0	0	0	290	0	0	0	0	0	80	0	0	0	0	0	0	0	100	0	136	0	0	0	600	0	26446	0	2256	0	0	0	2460	0	1568	0	18840	0	10340	0	0	0	310	0	546	0	0	0	0	0	0	0	0	0	66	0	1218	0	0	0	10744	0	0	0	1240	0	0	0	0	0	0	0	0	0	0	0	0	0	0	0	0	0	0	0	0	0	0	0	0	0	0	0	
135824	Angular_R	0	170	0	0	0	0	0	0	0	0	0	0	0	0	0	0	0	300	0	92	0	0	0	0	0	0	0	0	0	0	0	0	0	108	0	0	0	82	0	108	0	0	0	424	0	362	0	0	0	4970	0	22564	0	0	0	122	0	510	0	3060	0	14714	0	6984	0	0	0	506	0	286	0	0	0	0	0	0	0	0	0	0	0	2712	0	0	0	9430	0	0	0	408	0	0	0	0	0	0	0	0	0	0	0	0	0	0	0	0	0	0	0	0	0	0	0	0	0	0	
312588	Precuneus_L	2754	0	0	0	0	0	104	0	0	0	150	0	0	0	0	0	1288	0	0	0	0	0	0	0	0	0	0	0	1308	0	0	0	4942	1660	12884	2284	2740	276	2964	0	0	0	16990	3974	19772	6122	7906	474	10450	2566	9580	426	930	0	1182	124	5182	0	11428	294	2974	0	946	0	310	0	0	10212	5462	156	0	0	250	0	0	0	118	0	450	0	294	0	0	0	3328	0	0	0	958	0	0	0	0	0	0	0	0	0	0	0	0	0	0	0	0	0	0	0	0	0	82	0	0	0	0	0	
422468	Precuneus_R	514	3254	0	0	0	0	0	0	0	0	0	0	0	0	0	0	0	574	0	3786	0	0	0	0	0	0	0	0	0	160	0	0	846	13744	3388	15026	908	4482	180	2694	0	0	1806	25250	3386	22612	354	6680	234	13382	0	9174	0	0	0	3386	0	21532	352	4948	0	382	0	2046	0	506	10212	0	82	23360	0	0	0	0	0	0	0	0	0	0	0	272	0	0	0	5216	0	0	0	4688	0	0	0	0	0	0	0	882	0	0	0	0	0	0	0	0	0	0	0	0	936	0	0	0	0	0	
130868	Paracentral_Lobule_L	15958	214	1026	0	0	0	66	0	0	0	170	0	0	0	0	0	544	0	5612	1292	0	0	0	0	0	0	0	0	894	0	0	0	5036	1524	7282	100	0	0	0	0	0	0	1950	0	2570	0	598	0	718	0	2678	0	98	0	0	0	3184	0	1386	0	1726	0	1754	0	546	0	5462	82	0	954	0	0	0	0	0	0	0	0	152	0	516	0	0	0	978	0	0	0	364	0	0	0	0	0	0	0	0	0	0	0	0	0	0	0	0	0	0	0	0	0	0	0	0	0	0	0	
243956	Paracentral_Lobule_R	6446	7284	0	100	0	0	150	0	0	0	0	0	0	0	0	0	0	472	840	15066	0	0	0	0	0	0	0	0	0	106	0	0	180	16402	1526	6226	0	600	0	366	0	0	0	6534	0	3656	0	344	0	2556	0	3174	0	0	0	540	0	18732	0	122	0	302	0	1948	0	286	156	23360	954	0	0	0	0	0	0	0	0	0	0	0	0	190	0	0	0	2244	0	0	0	1116	0	0	0	0	0	0	0	0	0	0	0	0	0	0	0	0	0	0	0	0	0	0	0	0	0	0	
223896	Caudate_L	1180	3442	8370	10570	1996	70	6668	246	1076	0	1914	808	1742	448	220	0	292	66	3170	4186	4910	6728	0	0	574	496	4554	912	4732	648	4048	2180	0	68	0	0	700	0	0	0	0	0	0	0	0	0	0	0	0	0	0	0	0	0	0	0	392	0	0	0	0	0	0	0	0	0	0	0	0	0	0	12110	12992	2682	1968	130	3948	580	0	0	0	0	132	0	0	0	0	0	0	0	0	0	0	0	0	0	0	0	0	0	0	0	0	0	0	0	0	0	0	0	0	0	0	0	0	0	
368324	Caudate_R	918	2498	4368	27126	130	3424	3536	672	0	0	1456	3524	2264	4868	0	1020	198	366	2668	12826	2880	6400	424	3848	274	6192	1624	3342	3584	8976	4152	19292	0	320	0	0	350	342	0	110	0	0	0	0	0	0	0	0	0	0	0	0	0	0	0	0	234	0	0	0	0	0	0	0	0	0	0	0	0	0	12110	0	4458	18468	378	2314	200	11962	0	0	66	0	0	0	0	0	0	0	0	0	0	0	0	0	0	0	0	0	0	0	0	0	0	0	0	0	0	0	0	0	0	0	0	0	0	0	
269028	Putamen_L	4168	764	14890	2494	6366	0	6170	278	4166	0	1988	294	2768	598	5302	0	560	0	2786	1238	1960	2270	0	0	148	208	2478	338	19302	572	2968	594	0	0	0	0	8650	0	1228	0	484	0	0	0	230	0	0	0	0	0	0	0	0	0	1256	0	3770	0	0	0	0	0	72	0	0	0	250	0	0	0	12992	4458	0	1464	8548	0	2510	318	268	0	870	0	0	0	0	0	0	0	1478	0	0	0	0	0	0	0	0	0	0	0	0	0	0	0	0	0	0	0	0	0	0	0	0	0	0	0	
223004	Putamen_R	552	1246	930	6094	0	2324	1950	482	0	0	1694	5008	652	1662	0	1592	210	4488	650	1908	234	1676	74	2030	0	3816	74	1856	1620	16470	1140	6316	0	0	0	0	142	8994	0	3274	0	790	0	0	0	0	0	74	0	0	0	0	0	0	0	1312	0	1164	0	0	0	0	0	84	0	0	0	0	0	0	2682	18468	1464	0	180	2504	0	2744	0	0	68	114	96	382	0	0	0	0	0	76	0	0	0	0	0	0	0	142	0	0	0	0	0	0	0	0	0	0	0	0	0	0	0	0	0	0	
49424	Pallidum_L	1074	746	5144	936	0	0	452	0	0	0	792	214	66	0	0	0	154	0	1114	350	0	68	0	0	0	0	0	0	156	0	0	0	0	0	0	0	140	0	0	0	0	0	0	0	0	0	0	0	0	0	0	0	0	0	0	0	456	0	0	0	0	0	0	0	0	0	0	0	0	0	1968	378	8548	180	0	0	1602	0	86	0	88	0	0	0	0	0	0	0	0	0	0	0	0	0	0	0	0	0	0	0	0	0	0	0	0	0	0	0	0	0	0	0	0	0	0	0	
21828	Pallidum_R	0	240	106	2810	0	0	0	120	0	0	0	242	0	0	0	0	0	102	90	1254	0	138	0	0	0	0	0	0	0	0	0	0	0	0	0	0	0	372	0	278	0	0	0	0	0	0	0	0	0	0	0	0	0	0	0	0	0	0	0	0	0	0	0	0	0	0	0	0	0	0	130	2314	0	2504	0	0	0	214	0	0	0	0	0	0	0	0	0	0	0	0	0	0	0	0	0	0	0	0	0	0	0	0	0	0	0	0	0	0	0	0	0	0	0	0	0	0	
84052	Thalamus_L	2490	2024	7596	2360	0	0	4606	0	0	0	114	0	0	0	0	0	186	0	854	324	0	0	0	0	0	0	0	0	404	0	0	0	0	0	1152	1958	2090	1540	0	526	102	0	0	0	104	0	0	0	0	0	0	0	0	0	0	0	2356	0	0	0	0	0	350	0	0	0	118	0	0	0	3948	200	2510	0	1602	0	0	2512	0	0	0	0	0	0	0	0	0	0	0	0	0	0	0	0	0	0	0	0	0	0	0	0	0	0	0	0	0	0	0	0	0	0	0	0	0	0	
144008	Thalamus_R	0	5896	1270	16188	0	0	234	1656	0	0	176	3138	228	0	0	0	0	2094	722	1864	0	0	0	810	0	0	0	0	406	1836	0	766	0	0	530	1900	922	7018	74	3036	0	116	0	0	0	0	106	346	0	0	0	0	0	76	0	444	0	1548	0	0	0	0	0	74	0	0	0	0	0	0	580	11962	318	2744	0	214	2512	0	0	0	0	0	0	0	0	0	0	0	0	200	0	0	0	0	0	0	0	0	0	0	0	0	0	0	0	0	0	0	0	0	0	0	0	0	0	0	
74556	Heschl_L	2642	68	82	72	0	0	216	0	0	0	2080	0	0	0	0	0	4936	0	0	0	0	0	0	0	0	0	0	0	7252	0	0	0	0	0	0	0	1948	0	90	0	0	0	78	0	344	0	0	0	0	0	2558	0	144	0	0	0	1944	0	0	0	312	0	416	0	66	0	450	0	152	0	0	0	268	0	86	0	0	0	0	0	3614	0	66	0	4128	0	0	0	3266	0	0	0	0	0	0	0	0	0	0	0	0	0	0	0	0	0	0	0	0	0	0	0	0	0	0	0	
26548	Heschl_R	0	0	0	0	0	0	0	0	0	0	0	0	0	0	0	0	0	2154	0	0	0	0	0	0	0	0	0	0	0	3268	0	0	0	0	0	0	0	464	0	0	0	0	0	0	0	0	0	0	0	0	0	0	0	0	0	0	0	128	0	0	0	0	0	746	0	0	0	0	0	0	0	0	0	0	0	0	0	0	0	0	0	2844	0	270	0	1862	0	0	0	1538	0	0	0	0	0	0	0	0	0	0	0	0	0	0	0	0	0	0	0	0	0	0	0	0	0	0	
137332	Temporal_Sup_L	2436	148	440	172	0	0	1122	0	0	0	2560	0	66	272	0	0	5264	0	0	0	0	0	0	0	0	0	0	0	4686	260	0	0	0	0	0	0	1466	0	100	0	0	0	0	0	252	0	0	0	0	0	1464	0	250	0	252	0	1200	0	0	0	450	0	5236	0	1218	0	294	0	516	0	0	66	870	68	88	0	0	0	3614	0	0	0	4306	0	19546	0	534	0	9450	0	0	0	0	0	0	0	0	0	0	0	0	0	0	0	0	0	0	0	0	0	0	0	0	0	0	0	
134540	Temporal_Sup_R	0	198	0	0	0	0	0	0	0	0	0	0	0	0	0	66	0	2600	0	0	0	0	0	0	0	0	0	0	0	6404	0	0	0	0	0	0	0	2814	0	154	0	0	0	106	0	86	0	0	0	0	0	514	0	116	0	2952	0	548	0	0	0	0	0	6690	0	2712	0	272	0	190	0	0	0	114	0	0	0	0	0	2844	0	0	0	3250	0	23822	0	2724	0	8094	0	0	0	0	0	0	0	0	0	0	0	0	0	0	0	0	0	0	0	0	0	0	0	0	0	0	
73596	Temporal_Pole_Sup_L	0	0	302	0	0	0	148	0	0	0	1398	0	134	510	214	0	760	0	0	0	220	0	0	0	0	0	0	0	1448	442	0	0	0	0	0	0	0	0	392	0	108	0	0	0	0	0	0	0	0	0	0	0	0	0	2264	0	0	0	0	0	0	0	0	0	0	0	0	0	0	0	132	0	0	96	0	0	0	0	66	0	4306	0	0	0	7622	0	7456	0	8780	0	0	0	0	0	0	0	0	0	0	0	0	0	0	0	0	0	0	0	0	0	0	0	0	0	0	0	
58412	Temporal_Pole_Sup_R	0	0	0	86	0	0	0	0	0	0	0	128	0	0	0	730	0	554	0	0	0	204	0	0	0	0	0	0	0	1670	0	0	0	0	0	0	0	542	0	1270	0	2030	0	0	0	0	0	0	0	0	0	0	0	0	0	6122	0	0	0	0	0	0	0	0	0	0	0	0	0	0	0	0	0	382	0	0	0	0	0	270	0	3250	0	0	0	2118	0	4664	0	5186	0	0	0	0	0	0	0	0	0	0	0	0	0	0	0	0	0	0	0	0	0	0	0	0	0	0	
336732	Temporal_Mid_L	2856	310	0	300	0	0	348	0	0	0	778	0	0	0	0	0	4030	0	0	0	0	0	0	0	0	0	0	0	4890	0	0	0	394	0	942	0	1514	0	68	0	0	0	2512	0	1212	0	1258	0	948	0	30060	0	7896	0	1768	0	630	0	84	0	8614	0	13328	0	10744	0	3328	0	978	0	0	0	0	0	0	0	0	0	4128	0	19546	0	7622	0	0	0	6910	0	30274	0	0	0	0	0	0	0	0	0	96	0	0	0	0	0	0	0	0	0	0	0	0	0	0	0	0	0	
278024	Temporal_Mid_R	0	528	0	0	0	0	0	0	0	0	0	0	0	0	0	0	0	5722	0	170	0	0	0	0	0	0	0	0	0	5538	0	0	0	578	0	148	0	4044	0	616	0	0	0	3444	0	1436	0	302	0	1724	0	15774	0	1718	0	3126	0	4140	0	0	0	430	0	7052	0	9430	0	5216	0	2244	0	0	0	0	0	0	0	0	0	1862	0	23822	0	2118	0	0	0	3844	0	33986	0	0	0	0	0	0	0	0	0	0	0	0	0	0	0	0	0	0	0	0	0	0	0	0	0	0	
43088	Temporal_Pole_Mid_L	0	0	0	0	0	0	0	0	0	0	0	0	0	0	0	0	0	0	0	0	0	0	0	0	0	0	0	0	0	0	0	0	0	0	0	0	0	0	200	0	0	0	0	0	0	0	0	0	0	0	0	0	0	0	1196	0	0	0	0	0	0	0	0	0	0	0	0	0	0	0	0	0	0	0	0	0	0	0	0	0	534	0	7456	0	6910	0	0	0	5248	0	0	0	0	0	0	0	0	0	0	0	0	0	0	0	0	0	0	0	0	0	0	0	0	0	0	0	
30924	Temporal_Pole_Mid_R	0	0	0	0	0	0	0	0	0	0	0	0	0	0	0	0	0	0	0	0	0	0	0	0	0	0	0	0	0	130	0	0	0	0	0	0	0	0	0	178	0	0	0	0	0	0	0	0	0	0	0	0	0	0	0	1494	0	0	0	0	0	0	0	0	0	0	0	0	0	0	0	0	0	0	0	0	0	0	0	0	0	2724	0	4664	0	3844	0	0	0	2428	0	0	0	0	0	0	0	0	0	0	0	0	0	0	0	0	0	0	0	0	0	0	0	0	0	0	
222644	Temporal_Inf_L	1174	160	268	150	0	0	266	0	0	0	184	0	0	0	0	0	1836	0	98	0	0	0	0	0	0	0	0	0	3726	0	0	0	0	0	230	0	5338	0	1250	0	914	0	356	0	418	0	1708	0	0	0	3778	0	4418	0	14770	0	462	0	0	0	1846	0	4630	0	1240	0	958	0	364	0	0	0	1478	0	0	0	0	0	3266	0	9450	0	8780	0	30274	0	5248	0	0	0	1758	0	0	0	0	0	216	0	310	0	0	0	0	0	0	0	0	0	0	0	0	0	0	0	0	0	
224464	Temporal_Inf_R	0	1050	0	110	0	0	0	0	0	0	0	0	0	0	0	0	0	5048	0	182	0	0	0	0	0	0	0	0	0	6382	0	0	0	94	0	1252	0	9652	0	2288	0	82	0	2426	0	86	0	550	0	0	0	1530	0	6158	0	13730	0	2530	0	0	0	0	0	954	0	408	0	4688	0	1116	0	0	0	76	0	0	0	200	0	1538	0	8094	0	5186	0	33986	0	2428	0	0	0	308	0	0	0	0	0	0	0	100	0	0	0	0	0	0	0	0	0	0	0	0	0	0	0	0	
505508	Cerebelum_Crus1_L	0	0	0	0	0	0	0	0	0	0	0	0	0	0	0	0	0	0	0	0	0	0	0	0	0	0	0	0	0	0	0	0	0	0	0	0	0	0	0	0	0	0	0	0	0	0	2976	1798	0	0	432	0	2760	306	19404	850	0	0	0	0	0	0	0	0	0	0	0	0	0	0	0	0	0	0	0	0	0	0	0	0	0	0	0	0	0	0	0	0	1758	0	0	9572	38150	6086	1576	0	21102	1188	63830	8336	12910	1046	17590	3994	1938	1612	1172	392	172	506	3602	8888	13124	3116	2568	0	
531528	Cerebelum_Crus1_R	0	0	0	0	0	0	0	0	0	0	0	0	0	0	0	0	0	0	0	0	0	0	0	0	0	0	0	0	0	0	0	0	0	0	0	0	0	0	0	114	0	0	0	138	0	0	4368	3612	0	108	0	68	302	0	1394	9444	0	0	0	0	0	0	0	0	0	0	0	0	0	0	0	0	0	0	0	0	0	0	0	0	0	0	0	0	0	0	0	0	0	308	9572	0	4648	35452	164	2382	3254	23792	12940	63744	762	4338	894	29380	670	2078	420	1940	202	1828	12044	16158	13198	3462	2310	276	
411576	Cerebelum_Crus2_L	0	0	0	0	0	0	0	0	0	0	0	0	0	0	0	0	0	0	0	0	0	0	0	0	0	0	0	0	0	0	0	0	0	0	0	0	0	0	0	0	0	0	0	0	0	0	488	494	0	0	0	0	0	68	458	272	0	0	0	0	0	0	0	0	0	0	0	0	0	0	0	0	0	0	0	0	0	0	0	0	0	0	0	0	0	0	0	0	0	0	38150	4648	0	16868	154	0	2016	722	8734	2686	40390	6452	35468	5880	7182	1068	258	304	140	286	1502	2314	19316	7616	1854	0	
360580	Cerebelum_Crus2_R	0	0	0	0	0	0	0	0	0	0	0	0	0	0	0	0	0	0	0	0	0	0	0	0	0	0	0	0	0	0	0	0	0	0	0	0	0	0	0	0	0	0	0	0	0	0	424	114	0	0	0	0	0	0	76	116	0	0	0	0	0	0	0	0	0	0	0	0	0	0	0	0	0	0	0	0	0	0	0	0	0	0	0	0	0	0	0	0	0	0	6086	35452	16868	0	0	580	502	2578	1966	9514	4864	24590	1270	40908	236	4116	0	830	112	430	1580	1780	17368	6542	1388	0	
39684	Cerebelum_3_L	0	0	0	0	0	0	0	0	0	0	0	0	0	0	0	0	0	0	0	0	0	0	0	0	0	0	0	0	0	0	0	0	0	0	0	0	0	0	0	0	0	0	0	0	0	0	170	0	0	0	0	0	0	0	0	0	0	0	0	0	0	0	0	0	0	0	0	0	0	0	0	0	0	0	0	0	0	0	0	0	0	0	0	0	0	0	0	0	0	0	1576	164	154	0	0	0	7166	132	3704	196	108	0	324	0	516	236	92	0	992	2760	734	344	0	238	236	0	
43180	Cerebelum_3_R	0	0	0	0	0	0	0	0	0	0	0	0	0	0	0	0	0	0	0	0	0	0	0	0	0	0	0	0	0	0	0	0	0	0	0	0	0	0	0	178	0	0	0	0	0	0	76	64	0	0	0	0	0	0	0	162	0	0	0	0	0	0	0	0	0	0	0	0	0	0	0	0	0	0	0	0	0	0	0	0	0	0	0	0	0	0	0	0	0	0	0	2382	0	580	0	0	84	5610	114	4756	0	0	0	1308	0	314	0	0	400	4270	746	142	220	96	88	0	
339028	Cerebelum_4_5_L	0	0	0	0	0	0	0	0	0	0	0	0	0	0	0	0	0	0	0	0	0	0	0	0	0	0	0	0	0	0	0	0	0	0	0	0	0	0	260	0	0	0	0	0	0	0	9520	3014	0	0	488	0	2958	258	14316	936	0	0	0	0	0	0	0	0	0	0	0	0	0	0	0	0	0	0	0	0	0	0	0	0	0	0	0	0	0	0	0	0	216	0	21102	3254	2016	502	7166	84	0	3714	41898	4292	400	0	1396	334	4522	4826	1538	242	752	2398	18888	8316	116	3794	4700	1298	
260452	Cerebelum_4_5_R	0	0	0	0	0	0	0	0	0	0	0	0	0	0	0	0	0	0	0	0	0	0	0	0	0	0	0	0	0	0	0	0	0	0	172	558	174	1350	0	2486	0	0	0	290	0	0	2156	9058	0	0	0	0	208	720	452	9900	0	0	0	0	0	0	0	0	0	0	0	882	0	0	0	0	0	142	0	0	0	0	0	0	0	0	0	0	0	0	0	0	0	0	1188	23792	722	2578	132	5610	3714	0	3676	32154	0	64	0	5024	0	190	0	148	0	3186	15828	1818	1328	258	204	64	
565120	Cerebelum_6_L	0	0	0	0	0	0	0	0	0	0	0	0	0	0	0	0	0	0	0	0	0	0	0	0	0	0	0	0	0	0	0	0	0	0	0	0	0	0	64	0	0	0	0	158	0	64	12332	5806	0	72	928	0	5600	736	28208	2226	0	0	0	0	0	0	0	0	0	0	0	0	0	0	0	0	0	0	0	0	0	0	0	0	0	0	0	0	96	0	0	0	310	0	63830	12940	8734	1966	3704	114	41898	3676	0	13814	4722	0	6616	478	3626	4146	2056	358	362	1208	13378	20894	7506	4608	4906	420	
473128	Cerebelum_6_R	0	0	0	0	0	0	0	0	0	0	0	0	0	0	0	0	0	0	0	0	0	0	0	0	0	0	0	0	0	0	0	0	0	0	0	0	0	82	0	196	0	0	0	380	0	0	4456	7226	0	266	0	174	492	1300	1498	12566	0	0	0	0	0	0	0	0	0	0	0	0	0	0	0	0	0	0	0	0	0	0	0	0	0	0	0	0	0	0	0	0	0	100	8336	63744	2686	9514	196	4756	4292	32154	13814	0	370	656	514	11840	538	1610	440	2096	238	2828	16086	17360	9040	2524	1922	274	
277908	Cerebelum_7b_L	0	0	0	0	0	0	0	0	0	0	0	0	0	0	0	0	0	0	0	0	0	0	0	0	0	0	0	0	0	0	0	0	0	0	0	0	0	0	0	0	0	0	0	0	0	0	0	0	0	0	0	0	0	0	0	0	0	0	0	0	0	0	0	0	0	0	0	0	0	0	0	0	0	0	0	0	0	0	0	0	0	0	0	0	0	0	0	0	0	0	12910	762	40390	4864	108	0	400	0	4722	370	0	5500	40448	3786	8230	502	372	0	0	0	104	446	6070	8108	862	0	
177820	Cerebelum_7b_R	0	0	0	0	0	0	0	0	0	0	0	0	0	0	0	0	0	0	0	0	0	0	0	0	0	0	0	0	0	0	0	0	0	0	0	0	0	0	0	0	0	0	0	0	0	0	0	0	0	0	0	0	0	0	0	0	0	0	0	0	0	0	0	0	0	0	0	0	0	0	0	0	0	0	0	0	0	0	0	0	0	0	0	0	0	0	0	0	0	0	1046	4338	6452	24590	0	0	0	64	0	656	5500	0	3524	25478	176	4600	0	0	0	0	0	0	4892	7514	80	0	
297912	Cerebelum_8_L	0	0	0	0	0	0	0	0	0	0	0	0	0	0	0	0	0	0	0	0	0	0	0	0	0	0	0	0	0	0	0	0	0	0	0	0	0	0	0	0	0	0	0	0	0	0	136	88	0	0	0	0	0	0	0	0	0	0	0	0	0	0	0	0	0	0	0	0	0	0	0	0	0	0	0	0	0	0	0	0	0	0	0	0	0	0	0	0	0	0	17590	894	35468	1270	324	0	1396	0	6616	514	40448	3524	0	3688	16614	1962	1436	0	0	74	572	966	3368	8946	3062	0	
335232	Cerebelum_8_R	0	0	0	0	0	0	0	0	0	0	0	0	0	0	0	0	0	0	0	0	0	0	0	0	0	0	0	0	0	0	0	0	0	0	0	0	0	0	0	0	0	0	0	0	0	0	88	0	0	0	0	0	0	0	0	228	0	0	0	0	0	0	0	0	0	0	0	0	0	0	0	0	0	0	0	0	0	0	0	0	0	0	0	0	0	0	0	0	0	0	3994	29380	5880	40908	0	1308	334	5024	478	11840	3786	25478	3688	0	800	14644	0	1340	0	408	962	472	6864	7688	1948	76	
136504	Cerebelum_9_L	0	0	0	0	0	0	0	0	0	0	0	0	0	0	0	0	0	0	0	0	0	0	0	0	0	0	0	0	0	0	0	0	0	0	0	0	0	0	0	0	0	0	0	0	0	0	506	0	0	0	0	0	0	0	0	0	0	0	0	0	0	0	0	0	0	0	0	0	0	0	0	0	0	0	0	0	0	0	0	0	0	0	0	0	0	0	0	0	0	0	1938	670	7182	236	516	0	4522	0	3626	538	8230	176	16614	800	0	3338	3386	184	300	558	3016	3024	622	3718	4306	246	
169672	Cerebelum_9_R	0	0	0	0	0	0	0	0	0	0	0	0	0	0	0	0	0	0	0	0	0	0	0	0	0	0	0	0	0	0	0	0	0	0	0	0	0	0	0	0	0	0	0	0	0	0	1852	122	0	0	0	0	222	0	632	0	0	0	0	0	0	0	0	0	0	0	0	0	0	0	0	0	0	0	0	0	0	0	0	0	0	0	0	0	0	0	0	0	0	0	1612	2078	1068	4116	236	314	4826	190	4146	1610	502	4600	1962	14644	3338	0	360	1720	152	470	5018	7382	2208	8206	10182	1068	
29136	Cerebelum_10_L	0	0	0	0	0	0	0	0	0	0	0	0	0	0	0	0	0	0	0	0	0	0	0	0	0	0	0	0	0	0	0	0	0	0	0	0	0	0	0	0	0	0	0	0	0	0	198	80	0	0	0	0	0	0	0	0	0	0	0	0	0	0	0	0	0	0	0	0	0	0	0	0	0	0	0	0	0	0	0	0	0	0	0	0	0	0	0	0	0	0	1172	420	258	0	92	0	1538	0	2056	440	372	0	1436	0	3386	360	0	0	0	0	964	942	0	402	452	0	
25736	Cerebelum_10_R	0	0	0	0	0	0	0	0	0	0	0	0	0	0	0	0	0	0	0	0	0	0	0	0	0	0	0	0	0	0	0	0	0	0	0	0	0	0	0	0	0	0	0	0	0	0	92	0	0	0	0	0	0	0	0	0	0	0	0	0	0	0	0	0	0	0	0	0	0	0	0	0	0	0	0	0	0	0	0	0	0	0	0	0	0	0	0	0	0	0	392	1940	304	830	0	0	242	148	358	2096	0	0	0	1340	184	1720	0	0	0	0	238	742	602	856	784	0	
18476	Vermis_1_2	0	0	0	0	0	0	0	0	0	0	0	0	0	0	0	0	0	0	0	0	0	0	0	0	0	0	0	0	0	0	0	0	0	0	0	0	0	0	0	0	0	0	0	0	0	0	0	0	0	0	0	0	0	0	0	0	0	0	0	0	0	0	0	0	0	0	0	0	0	0	0	0	0	0	0	0	0	0	0	0	0	0	0	0	0	0	0	0	0	0	172	202	140	112	992	400	752	0	362	238	0	0	0	0	300	152	0	0	0	4304	888	84	0	72	68	0	
57952	Vermis_3	0	0	0	0	0	0	0	0	0	0	0	0	0	0	0	0	0	0	0	0	0	0	0	0	0	0	0	0	0	0	0	0	0	0	0	0	0	0	0	0	0	0	0	0	0	0	98	0	0	0	0	0	0	0	0	0	0	0	0	0	0	0	0	0	0	0	0	0	0	0	0	0	0	0	0	0	0	0	0	0	0	0	0	0	0	0	0	0	0	0	506	1828	286	430	2760	4270	2398	3186	1208	2828	0	0	74	408	558	470	0	0	4304	0	2458	268	218	218	202	0	
300224	Vermis_4_5	0	0	0	0	0	0	0	0	0	0	0	0	0	0	0	0	0	0	0	0	0	0	0	0	0	0	0	0	0	0	0	0	0	0	218	1002	212	744	0	444	0	0	0	172	0	0	6656	8510	0	0	264	0	1448	798	3078	5522	0	0	0	0	0	0	0	0	0	0	82	936	0	0	0	0	0	0	0	0	0	0	0	0	0	0	0	0	0	0	0	0	0	0	3602	12044	1502	1580	734	746	18888	15828	13378	16086	104	0	572	962	3016	5018	964	238	888	2458	0	10702	302	3910	4872	1632	
295020	Vermis_6	0	0	0	0	0	0	0	0	0	0	0	0	0	0	0	0	0	0	0	0	0	0	0	0	0	0	0	0	0	0	0	0	0	0	0	0	0	0	0	0	0	0	0	322	0	120	7924	5106	0	194	122	0	958	734	2310	2164	0	0	0	0	0	0	0	0	0	0	0	0	0	0	0	0	0	0	0	0	0	0	0	0	0	0	0	0	0	0	0	0	0	0	8888	16158	2314	1780	344	142	8316	1818	20894	17360	446	0	966	472	3024	7382	942	742	84	268	10702	0	7428	7380	8244	1462	
264624	Vermis_7	0	0	0	0	0	0	0	0	0	0	0	0	0	0	0	0	0	0	0	0	0	0	0	0	0	0	0	0	0	0	0	0	0	0	0	0	0	0	0	0	0	0	0	0	0	0	3416	224	0	0	0	0	74	70	998	180	0	0	0	0	0	0	0	0	0	0	0	0	0	0	0	0	0	0	0	0	0	0	0	0	0	0	0	0	0	0	0	0	0	0	13124	13198	19316	17368	0	220	116	1328	7506	9040	6070	4892	3368	6864	622	2208	0	602	0	218	302	7428	0	9612	3948	0	
224432	Vermis_8	0	0	0	0	0	0	0	0	0	0	0	0	0	0	0	0	0	0	0	0	0	0	0	0	0	0	0	0	0	0	0	0	0	0	0	0	0	0	0	0	0	0	0	0	0	0	1066	116	0	0	0	0	204	0	604	0	0	0	0	0	0	0	0	0	0	0	0	0	0	0	0	0	0	0	0	0	0	0	0	0	0	0	0	0	0	0	0	0	0	0	3116	3462	7616	6542	238	96	3794	258	4608	2524	8108	7514	8946	7688	3718	8206	402	856	72	218	3910	7380	9612	0	11160	182	
