data	data	566256	397784	1.02227e+06	806788	197872	77264	444908	379380	80184	14612	329064	166908	268096	176292	149168	60752	326980	73456	847568	614788	72008	54576	321652	247704	44160	67788	42740	60856	747244	379112	180216	408032	140628	436784	164024	236436	334096	436388	155696	344452	34376	56856	305748	401464	198764	365972	342692	335148	200060	365604	579744	317196	195096	234712	442412	577176	386548	218048	198660	124988	259804	144068	119308	101388	230032	129716	405456	477652	304856	150536	274692	275996	328516	203908	37360	33468	175024	236816	158452	38596	297204	155680	75468	45348	346676	292520	3732	10572	311432	277268	442684	468696	277568	333440	51252	121868	367356	326088	431016	499072	236568	128928	292668	229952	118388	114472	19464	4720	54156	147100	319104	244020	199560	126604	80932	51516	
data	data	Precentral_L	Precentral_R	Frontal_Sup_L	Frontal_Sup_R	Frontal_Sup_Orb_L	Frontal_Sup_Orb_R	Frontal_Mid_L	Frontal_Mid_R	Frontal_Mid_Orb_L	Frontal_Mid_Orb_R	Frontal_Inf_Oper_L	Frontal_Inf_Oper_R	Frontal_Inf_Tri_L	Frontal_Inf_Tri_R	Frontal_Inf_Orb_L	Frontal_Inf_Orb_R	Rolandic_Oper_L	Rolandic_Oper_R	Supp_Motor_Area_L	Supp_Motor_Area_R	Olfactory_L	Olfactory_R	Frontal_Sup_Medial_L	Frontal_Sup_Medial_R	Frontal_Med_Orb_L	Frontal_Med_Orb_R	Rectus_L	Rectus_R	Insula_L	Insula_R	Cingulum_Ant_L	Cingulum_Ant_R	Cingulum_Mid_L	Cingulum_Mid_R	Cingulum_Post_L	Cingulum_Post_R	Hippocampus_L	Hippocampus_R	ParaHippocampal_L	ParaHippocampal_R	Amygdala_L	Amygdala_R	Calcarine_L	Calcarine_R	Cuneus_L	Cuneus_R	Lingual_L	Lingual_R	Occipital_Sup_L	Occipital_Sup_R	Occipital_Mid_L	Occipital_Mid_R	Occipital_Inf_L	Occipital_Inf_R	Fusiform_L	Fusiform_R	Postcentral_L	Postcentral_R	Parietal_Sup_L	Parietal_Sup_R	Parietal_Inf_L	Parietal_Inf_R	SupraMarginal_L	SupraMarginal_R	Angular_L	Angular_R	Precuneus_L	Precuneus_R	Paracentral_Lobule_L	Paracentral_Lobule_R	Caudate_L	Caudate_R	Putamen_L	Putamen_R	Pallidum_L	Pallidum_R	Thalamus_L	Thalamus_R	Heschl_L	Heschl_R	Temporal_Sup_L	Temporal_Sup_R	Temporal_Pole_Sup_L	Temporal_Pole_Sup_R	Temporal_Mid_L	Temporal_Mid_R	Temporal_Pole_Mid_L	Temporal_Pole_Mid_R	Temporal_Inf_L	Temporal_Inf_R	Cerebelum_Crus1_L	Cerebelum_Crus1_R	Cerebelum_Crus2_L	Cerebelum_Crus2_R	Cerebelum_3_L	Cerebelum_3_R	Cerebelum_4_5_L	Cerebelum_4_5_R	Cerebelum_6_L	Cerebelum_6_R	Cerebelum_7b_L	Cerebelum_7b_R	Cerebelum_8_L	Cerebelum_8_R	Cerebelum_9_L	Cerebelum_9_R	Cerebelum_10_L	Cerebelum_10_R	Vermis_1_2	Vermis_3	Vermis_4_5	Vermis_6	Vermis_7	Vermis_8	Vermis_9	Vermis_10	
566256	Precentral_L	0	11096	15220	11026	0	0	18116	346	0	0	21132	0	2558	0	0	0	15456	0	10846	13602	0	0	184	0	0	0	0	0	15926	0	146	470	320	5588	3032	3478	9064	1858	1566	820	0	0	206	0	0	0	1436	0	0	0	2960	0	1208	0	5236	716	29446	0	1610	0	3838	0	1260	0	1162	0	1158	336	22478	4408	5184	2106	5760	0	392	0	11048	4174	5646	0	5800	0	152	0	1904	0	0	0	1654	0	0	0	0	0	0	0	0	0	0	0	0	0	0	0	0	0	0	0	0	0	0	0	0	0	0	0	
397784	Precentral_R	11096	0	2652	29370	474	0	492	20136	0	0	238	7506	0	422	0	0	0	1784	2268	6988	0	0	468	0	0	0	0	0	726	6170	140	288	0	626	1602	2414	1640	11146	0	3478	0	0	0	1198	0	698	0	118	0	522	136	454	0	910	0	5028	208	20834	0	0	0	534	0	1084	0	0	202	1558	8284	4564	2324	8462	0	1878	0	134	4318	15980	0	916	0	1728	0	0	0	1534	0	0	0	3162	0	0	0	0	0	0	0	0	0	0	0	0	0	0	0	0	0	0	0	0	0	0	0	0	0	0	
1.02227e+06	Frontal_Sup_L	15220	2652	0	27006	12152	0	57802	14000	2844	0	16784	2308	22286	594	5402	0	12068	0	115392	25936	0	0	41896	1906	2604	0	0	0	39974	766	10214	2148	1662	4910	222	426	3384	188	198	130	0	0	0	0	0	0	0	0	0	0	0	0	0	0	2194	0	3066	284	0	0	0	0	0	0	0	0	0	0	2764	0	17248	3506	23734	774	3530	876	2354	1056	590	0	2640	0	1628	0	0	0	0	0	1818	0	0	0	0	0	0	0	0	0	0	0	0	0	0	0	0	0	0	0	0	0	0	0	0	0	0	0	
806788	Frontal_Sup_R	11026	29370	27006	0	192	3682	1612	40836	0	296	1194	5312	0	5638	0	2834	376	1436	33530	41450	0	0	9124	27578	0	1500	0	0	1214	12132	1378	25516	1000	16776	750	1134	1526	7252	0	2578	0	0	0	776	0	568	0	122	0	396	0	254	0	664	0	2512	0	352	0	0	0	0	0	0	0	0	0	778	6026	654	4176	28288	360	8568	0	3006	3114	24194	0	122	0	768	0	0	0	870	0	0	0	1578	0	0	0	0	0	0	0	0	0	0	0	0	0	0	0	0	0	0	0	0	0	0	0	0	0	0	
197872	Frontal_Sup_Orb_L	0	474	12152	192	0	0	2020	218	13682	0	430	0	6494	0	16532	0	0	0	4404	0	974	0	4990	0	3864	0	2454	0	15204	0	3492	202	0	0	0	0	142	0	0	0	0	0	0	0	0	0	0	0	0	0	0	0	0	0	0	0	0	264	0	0	0	0	0	0	0	0	0	0	0	0	1358	1296	7474	0	0	0	0	0	0	0	146	0	478	0	0	0	0	0	0	0	0	0	0	0	0	0	0	0	0	0	0	0	0	0	0	0	0	0	0	0	0	0	0	0	0	0	
77264	Frontal_Sup_Orb_R	0	0	0	3682	0	0	0	560	0	2140	0	0	0	632	0	3620	0	0	0	138	0	558	194	3334	0	7656	0	6820	0	2436	0	1300	0	0	0	0	0	0	0	0	0	0	0	0	0	0	0	0	0	0	0	0	0	0	0	0	0	0	0	0	0	0	0	0	0	0	0	0	0	0	0	1658	0	3904	0	0	0	0	0	0	0	0	0	0	0	0	0	0	0	0	0	0	0	0	0	0	0	0	0	0	0	0	0	0	0	0	0	0	0	0	0	0	0	0	0	0	
444908	Frontal_Mid_L	18116	492	57802	1612	2020	0	0	0	2680	0	20046	0	31336	0	5362	0	8972	0	12376	412	0	0	15046	246	0	0	0	0	22724	0	2078	700	658	0	0	0	2600	0	178	0	0	0	0	0	0	0	0	0	0	0	0	0	0	0	1858	0	1986	0	0	0	0	0	0	0	0	0	0	0	920	0	1934	1042	4112	0	220	0	1754	176	296	0	948	0	124	0	0	0	0	0	1512	0	0	0	0	0	0	0	116	0	0	0	0	0	0	0	0	0	0	0	0	0	0	0	0	0	0	0	
379380	Frontal_Mid_R	346	20136	14000	40836	218	560	0	0	0	404	0	12358	0	11278	0	2070	0	1662	14800	5960	0	0	1796	4572	0	326	0	0	322	11836	206	8646	186	4464	140	260	634	3250	0	1844	0	0	0	710	0	540	0	0	0	398	0	260	0	624	0	2036	0	318	0	0	0	0	0	0	0	0	0	664	0	0	2170	5192	0	4838	0	1134	0	3844	0	214	0	832	0	170	0	920	0	0	0	1716	0	0	0	0	0	0	0	0	0	0	0	0	0	0	0	0	0	0	0	0	0	0	0	0	0	0	
80184	Frontal_Mid_Orb_L	0	0	2844	0	13682	0	2680	0	0	0	0	0	3090	0	14022	0	0	0	0	0	182	0	0	0	0	0	1228	0	1772	0	0	0	0	0	0	0	0	0	0	0	0	0	0	0	0	0	0	0	0	0	0	0	0	0	0	0	0	0	0	0	0	0	0	0	0	0	0	0	0	0	0	0	592	0	0	0	0	0	0	0	0	0	0	0	0	0	0	0	0	0	0	0	0	0	0	0	0	0	0	0	0	0	0	0	0	0	0	0	0	0	0	0	0	0	0	0	
14612	Frontal_Mid_Orb_R	0	0	0	296	0	2140	0	404	0	0	0	0	0	0	0	3852	0	0	0	0	0	0	0	136	0	0	0	0	0	128	0	350	0	0	0	0	0	0	0	0	0	0	0	0	0	0	0	0	0	0	0	0	0	0	0	0	0	0	0	0	0	0	0	0	0	0	0	0	0	0	0	0	0	0	0	0	0	0	0	0	0	0	0	0	0	0	0	0	0	0	0	0	0	0	0	0	0	0	0	0	0	0	0	0	0	0	0	0	0	0	0	0	0	0	0	0	
329064	Frontal_Inf_Oper_L	21132	238	16784	1194	430	0	20046	0	0	0	0	0	11374	0	482	0	19538	0	10172	416	0	0	810	0	0	0	0	0	33010	0	158	0	0	0	0	136	2042	146	0	0	0	0	0	0	0	0	144	0	0	0	0	0	0	0	676	0	5002	0	180	0	320	0	0	0	0	0	0	0	236	0	1618	0	6970	0	1054	0	3924	284	1374	0	3180	0	1162	0	0	0	0	0	300	0	0	0	0	0	0	0	0	0	0	0	0	0	0	0	0	0	0	0	0	0	0	0	0	0	0	0	
166908	Frontal_Inf_Oper_R	0	7506	2308	5312	0	0	0	12358	0	0	0	0	0	10758	0	490	0	3722	2534	1854	0	0	174	452	0	0	0	0	126	15842	150	6156	0	1452	0	0	0	552	0	280	0	0	0	0	0	0	0	0	0	0	0	0	0	0	0	0	0	2112	0	0	0	0	0	0	0	0	0	0	0	0	934	1552	0	4326	0	366	0	186	0	922	0	820	0	210	0	0	0	0	0	0	0	0	0	0	0	0	0	0	0	0	0	0	0	0	0	0	0	0	0	0	0	0	0	0	0	0	
268096	Frontal_Inf_Tri_L	2558	0	22286	0	6494	0	31336	0	3090	0	11374	0	0	0	10048	0	938	0	9300	0	0	0	3810	0	650	0	0	0	26886	0	960	0	188	0	0	0	654	0	0	0	0	0	0	0	0	0	0	0	0	0	0	0	0	0	496	0	0	0	0	0	0	0	0	0	0	0	0	0	0	0	264	0	1212	0	0	0	0	0	0	0	358	0	734	0	0	0	0	0	412	0	0	0	0	0	0	0	0	0	0	0	0	0	0	0	0	0	0	0	0	0	0	0	0	0	0	0	
176292	Frontal_Inf_Tri_R	0	422	594	5638	0	632	0	11278	0	0	0	10758	0	0	0	3644	0	0	1164	2952	0	0	306	3540	0	0	0	0	0	19352	248	17682	0	2414	0	0	0	124	0	0	0	0	0	0	0	0	0	0	0	0	0	0	0	0	0	0	0	0	0	0	0	0	0	0	0	0	0	0	0	0	164	4630	0	2604	0	0	0	0	0	0	0	0	0	0	0	0	0	0	0	0	0	0	0	0	0	0	0	0	0	0	0	0	0	0	0	0	0	0	0	0	0	0	0	0	0	0	
149168	Frontal_Inf_Orb_L	0	0	5402	0	16532	0	5362	0	14022	0	482	0	10048	0	0	0	186	0	1026	0	1672	0	354	0	0	0	854	0	11184	0	0	0	0	0	0	0	900	0	444	0	608	0	0	0	0	0	0	0	0	0	0	0	0	0	318	0	0	0	0	0	0	0	0	0	0	0	0	0	0	0	254	0	2724	0	0	0	0	0	0	0	0	0	1976	0	0	0	0	0	236	0	0	0	0	0	0	0	0	0	0	0	0	0	0	0	0	0	0	0	0	0	0	0	0	0	0	0	
60752	Frontal_Inf_Orb_R	0	0	0	2834	0	3620	0	2070	0	3852	0	490	0	3644	0	0	0	0	0	708	0	274	0	1362	0	0	0	224	0	6222	0	2440	0	336	0	0	0	136	0	0	0	0	0	0	0	0	0	0	0	0	0	0	0	0	0	0	0	0	0	0	0	0	0	0	0	0	0	0	0	0	0	1194	0	970	0	0	0	0	0	0	0	0	0	0	0	0	0	0	0	0	0	0	0	0	0	0	0	0	0	0	0	0	0	0	0	0	0	0	0	0	0	0	0	0	0	0	
326980	Rolandic_Oper_L	15456	0	12068	376	0	0	8972	0	0	0	19538	0	938	0	186	0	0	0	8200	166	0	0	254	0	0	0	0	0	28998	0	0	0	0	0	0	0	1194	0	0	0	0	0	292	0	0	0	1118	0	0	0	972	0	352	0	5238	0	17530	0	302	0	744	0	4316	0	368	0	1106	0	926	0	526	0	2742	0	234	0	1288	170	7298	0	14934	0	618	0	2196	0	0	0	3874	0	0	0	0	0	0	0	0	0	0	0	0	0	0	0	0	0	0	0	0	0	0	0	0	0	0	0	
73456	Rolandic_Oper_R	0	1784	0	1436	0	0	0	1662	0	0	0	3722	0	0	0	0	0	0	0	0	0	0	0	0	0	0	0	0	0	8286	0	0	0	0	0	0	0	296	0	0	0	0	0	0	0	0	0	0	0	0	0	0	0	0	0	0	0	3658	0	0	0	0	0	3876	0	0	0	0	0	0	0	152	0	2314	0	426	0	146	0	3038	0	5606	0	326	0	0	0	0	0	0	0	0	0	0	0	0	0	0	0	0	0	0	0	0	0	0	0	0	0	0	0	0	0	0	0	0	
847568	Supp_Motor_Area_L	10846	2268	115392	33530	4404	0	12376	14800	0	0	10172	2534	9300	1164	1026	0	8200	0	0	46608	0	0	10030	3458	970	0	0	0	23652	1128	6700	5338	6392	15616	1820	890	1368	196	116	142	0	0	872	0	1296	162	206	0	144	0	4514	0	1250	0	724	0	1970	0	0	0	0	0	0	0	498	0	1280	440	11008	310	14724	1714	19446	834	3272	776	1060	774	370	0	1586	0	1296	0	2100	0	0	0	722	0	0	0	0	0	0	0	0	0	0	0	0	0	0	0	0	0	0	0	0	0	0	0	0	0	0	0	
614788	Supp_Motor_Area_R	13602	6988	25936	41450	0	138	412	5960	0	0	416	1854	0	2952	0	708	166	0	46608	0	0	0	1576	5924	0	162	0	0	532	3178	1102	10906	2978	41390	3382	9682	0	278	0	246	0	0	788	752	770	2876	0	0	164	1168	948	140	312	0	0	264	210	788	134	138	192	0	0	0	286	0	1480	7666	24136	18864	2320	9186	256	2452	0	682	0	1320	0	0	0	0	0	0	238	164	0	0	0	174	0	0	0	0	0	0	0	0	0	0	0	0	0	0	0	0	0	0	0	0	0	0	0	0	0	0	
72008	Olfactory_L	0	0	0	0	974	0	0	0	182	0	0	0	0	0	1672	0	0	0	0	0	0	5190	0	0	652	544	4060	2866	2252	0	3936	3974	0	0	0	0	616	0	1172	0	812	0	0	0	0	0	0	0	0	0	0	0	0	0	256	0	0	0	0	0	0	0	0	0	0	0	0	0	0	0	5576	0	0	0	0	0	0	0	0	0	210	0	1060	0	0	0	0	0	0	0	0	0	0	0	0	0	0	0	0	0	0	0	0	0	0	0	0	0	0	0	0	0	0	0	0	0	
54576	Olfactory_R	0	0	0	0	0	558	0	0	0	0	0	0	0	0	0	274	0	0	0	0	5190	0	0	0	216	690	2954	3622	0	2364	2372	2804	0	0	0	0	0	164	0	172	0	832	0	0	0	0	0	0	0	0	0	0	0	0	0	208	0	0	0	0	0	0	0	0	0	0	0	0	0	0	4642	0	0	0	0	0	0	0	0	0	0	0	0	226	0	0	0	0	0	0	0	0	0	0	0	0	0	0	0	0	0	0	0	0	0	0	0	0	0	0	0	0	0	0	0	0	
321652	Frontal_Sup_Medial_L	184	468	41896	9124	4990	194	15046	1796	0	0	810	174	3810	306	354	0	254	0	10030	1576	0	0	0	17478	3358	728	0	0	8416	252	10002	8368	1744	8236	0	0	1126	0	0	0	0	0	0	0	0	0	0	0	0	0	0	0	0	0	760	0	0	266	0	0	0	0	0	0	0	0	0	0	0	0	2338	1748	4090	0	0	0	0	0	0	0	128	0	156	0	0	0	0	0	620	0	0	0	0	0	0	0	0	0	0	0	0	0	0	0	0	0	0	0	0	0	0	0	0	0	0	0	
247704	Frontal_Sup_Medial_R	0	0	1906	27578	0	3334	246	4572	0	136	0	452	0	3540	0	1362	0	0	3458	5924	0	0	17478	0	0	4228	0	0	0	3500	1542	24074	682	15368	0	0	0	262	0	150	0	0	0	0	0	0	0	0	0	0	0	0	0	0	0	0	0	0	0	0	0	0	0	0	0	0	0	0	0	0	122	988	0	2820	0	130	0	0	0	0	0	0	0	0	0	0	0	0	0	0	0	0	0	0	0	0	0	0	0	0	0	0	0	0	0	0	0	0	0	0	0	0	0	0	0	0	
44160	Frontal_Med_Orb_L	0	0	2604	0	3864	0	0	0	0	0	0	0	650	0	0	0	0	0	970	0	652	216	3358	0	0	360	668	292	1406	0	4014	444	0	0	0	0	0	0	0	0	0	0	0	0	0	0	0	0	0	0	0	0	0	0	0	0	0	0	0	0	0	0	0	0	0	0	0	0	0	0	434	0	2148	0	0	0	0	0	0	0	0	0	0	0	0	0	0	0	0	0	0	0	0	0	0	0	0	0	0	0	0	0	0	0	0	0	0	0	0	0	0	0	0	0	0	0	
67788	Frontal_Med_Orb_R	0	0	0	1500	0	7656	0	326	0	0	0	0	0	0	0	0	0	0	0	162	544	690	728	4228	360	0	416	5864	0	138	620	3826	0	0	0	0	0	0	0	0	0	0	0	0	0	0	0	0	0	0	0	0	0	0	0	0	0	0	0	0	0	0	0	0	0	0	0	0	0	0	290	2870	0	3676	0	0	0	0	0	0	0	0	0	0	0	0	0	0	0	0	0	0	0	0	0	0	0	0	0	0	0	0	0	0	0	0	0	0	0	0	0	0	0	0	0	0	
42740	Rectus_L	0	0	0	0	2454	0	0	0	1228	0	0	0	0	0	854	0	0	0	0	0	4060	2954	0	0	668	416	0	1856	0	0	2274	1850	0	0	0	0	0	0	0	0	0	0	0	0	0	0	0	0	0	0	0	0	0	0	0	0	0	0	0	0	0	0	0	0	0	0	0	0	0	0	2756	0	0	0	0	0	0	0	0	0	0	0	0	0	0	0	0	0	0	0	0	0	0	0	0	0	0	0	0	0	0	0	0	0	0	0	0	0	0	0	0	0	0	0	0	0	
60856	Rectus_R	0	0	0	0	0	6820	0	0	0	0	0	0	0	0	0	224	0	0	0	0	2866	3622	0	0	292	5864	1856	0	0	518	1678	3382	0	0	0	0	0	0	0	0	0	0	0	0	0	0	0	0	0	0	0	0	0	0	0	0	0	0	0	0	0	0	0	0	0	0	0	0	0	0	2102	628	0	576	0	0	0	0	0	0	0	0	0	0	0	0	0	0	0	0	0	0	0	0	0	0	0	0	0	0	0	0	0	0	0	0	0	0	0	0	0	0	0	0	0	0	
747244	Insula_L	15926	726	39974	1214	15204	0	22724	322	1772	0	33010	126	26886	0	11184	0	28998	0	23652	532	2252	0	8416	0	1406	0	0	0	0	172	2936	166	232	0	224	338	14010	336	1458	230	1222	0	1318	0	180	0	1400	0	0	0	2808	0	668	0	15590	200	8292	308	390	0	1022	0	648	0	260	0	658	0	310	0	5496	2068	24454	0	604	0	4686	468	13818	0	10306	0	7778	0	4070	0	0	0	9832	0	0	0	0	0	0	0	342	0	0	0	0	0	0	0	0	0	0	0	0	0	0	0	0	0	0	0	
379112	Insula_R	0	6170	766	12132	0	2436	0	11836	0	128	0	15842	0	19352	0	6222	0	8286	1128	3178	0	2364	252	3500	0	138	0	518	172	0	236	13326	0	1850	0	410	0	11552	0	6048	0	2094	0	814	0	124	0	162	0	0	0	0	0	292	0	11328	0	4300	0	0	0	0	0	558	0	0	0	952	0	0	218	4558	0	18122	0	204	0	330	0	2278	0	6136	0	910	0	1244	0	0	0	5356	0	356	0	222	0	0	0	604	0	552	0	0	0	0	0	0	0	0	0	0	0	0	0	0	0	0	
180216	Cingulum_Ant_L	146	140	10214	1378	3492	0	2078	206	0	0	158	150	960	248	0	0	0	0	6700	1102	3936	2372	10002	1542	4014	620	2274	1678	2936	236	0	8644	5908	1414	2250	0	250	0	0	0	0	0	194	0	208	0	0	0	0	0	1178	0	508	0	126	0	216	128	0	0	0	0	0	0	0	0	644	0	0	0	4930	932	5476	0	0	0	0	0	0	0	0	0	0	0	520	0	0	0	0	0	0	0	0	0	0	0	0	0	0	0	0	0	0	0	0	0	0	0	0	0	0	0	0	0	0	0	
408032	Cingulum_Ant_R	470	288	2148	25516	202	1300	700	8646	0	350	0	6156	0	17682	0	2440	0	0	5338	10906	3974	2804	8368	24074	444	3826	1850	3382	166	13326	8644	0	1542	20064	0	242	0	1420	0	872	0	0	0	0	0	0	0	0	0	0	0	0	0	0	0	344	0	0	0	0	0	0	0	0	0	0	0	0	0	0	4174	13296	0	8524	0	364	0	174	0	0	0	0	0	0	0	0	0	0	0	0	0	0	0	0	0	0	0	0	0	0	0	0	0	0	0	0	0	0	0	0	0	0	0	0	0	0	
140628	Cingulum_Mid_L	320	0	1662	1000	0	0	658	186	0	0	0	0	188	0	0	0	0	0	6392	2978	0	0	1744	682	0	0	0	0	232	0	5908	1542	0	5404	5696	634	0	0	0	0	0	0	858	0	1866	0	214	0	2048	0	8006	0	1292	0	274	0	994	0	1578	0	756	0	0	0	1644	0	9896	468	2050	0	0	0	0	0	0	0	0	0	0	0	260	0	0	0	2344	0	0	0	540	0	0	0	0	0	0	0	0	0	0	0	0	0	0	0	0	0	0	0	0	0	0	0	0	0	0	0	
436784	Cingulum_Mid_R	5588	626	4910	16776	0	0	0	4464	0	0	0	1452	0	2414	0	336	0	0	15616	41390	0	0	8236	15368	0	0	0	0	0	1850	1414	20064	5404	0	2578	11996	0	264	0	218	0	0	0	1618	164	5656	0	176	284	3688	0	422	0	624	0	362	0	1472	266	468	0	0	0	0	0	0	2352	15490	12702	9808	0	332	0	478	0	0	0	0	0	0	0	0	0	0	0	516	0	0	0	550	0	0	0	0	0	0	0	0	0	0	0	0	0	0	0	0	0	0	0	0	0	0	0	0	0	0	
164024	Cingulum_Post_L	3032	1602	222	750	0	0	0	140	0	0	0	0	0	0	0	0	0	0	1820	3382	0	0	0	0	0	0	0	0	224	0	2250	0	5696	2578	0	13978	6192	4078	3282	1922	0	0	2922	328	824	648	1534	462	0	0	286	0	0	0	470	1506	172	0	0	0	0	0	0	0	0	0	7132	3376	4162	2332	0	0	0	0	0	0	788	2674	506	0	0	0	0	0	0	0	0	0	0	0	0	0	0	0	0	0	0	0	0	0	0	0	0	0	0	0	0	0	0	0	742	0	0	0	0	0	
236436	Cingulum_Post_R	3478	2414	426	1134	0	0	0	260	0	0	136	0	0	0	0	0	0	0	890	9682	0	0	0	0	0	0	0	0	338	410	0	242	634	11996	13978	0	4388	7158	1522	4080	0	0	156	4578	136	2988	0	2576	202	178	0	0	0	216	164	4060	128	974	184	0	0	338	0	0	0	0	2454	16540	3968	4928	190	358	0	0	0	0	2580	4528	602	0	0	144	0	0	0	130	0	0	0	848	0	0	0	0	0	0	0	0	0	0	0	0	0	0	0	0	0	0	0	0	904	0	0	0	0	0	
334096	Hippocampus_L	9064	1640	3384	1526	142	0	2600	634	0	0	2042	0	654	0	900	0	1194	0	1368	0	616	0	1126	0	0	0	0	0	14010	0	250	0	0	0	6192	4388	0	4254	18708	1790	5544	0	1858	0	0	0	3864	642	0	0	138	0	0	0	20796	1388	178	0	0	0	0	0	0	0	0	0	4052	1016	0	0	646	0	10636	0	562	0	5182	4114	3278	0	3146	0	2494	0	380	0	0	0	13958	0	370	0	0	0	124	0	2440	0	788	0	0	0	278	120	808	0	0	0	0	252	1144	150	220	0	0	0	
436388	Hippocampus_R	1858	11146	188	7252	0	0	0	3250	0	0	146	552	0	124	0	136	0	296	196	278	0	164	0	262	0	0	0	0	336	11552	0	1420	0	264	4078	7158	4254	0	1142	42260	0	8740	0	4690	0	532	0	4674	0	324	0	176	0	1420	140	43250	0	2142	0	0	0	0	0	0	0	0	0	7592	0	138	0	0	0	9578	0	1096	2428	7666	546	742	0	2606	0	1572	0	500	0	0	0	9026	0	1334	0	704	0	116	0	4836	0	2376	0	0	0	150	0	0	0	0	0	0	788	0	0	0	0	0	
155696	ParaHippocampal_L	1566	0	198	0	0	0	178	0	0	0	0	0	0	0	444	0	0	0	116	0	1172	0	0	0	0	0	0	0	1458	0	0	0	0	0	3282	1522	18708	1142	0	438	2622	0	2120	0	0	0	6730	568	0	0	566	0	346	0	8110	354	0	0	0	0	0	0	0	0	0	0	4516	864	0	0	0	0	1668	0	0	0	1644	500	136	0	178	0	1244	0	0	0	0	0	1518	0	1308	0	204	0	894	0	4468	0	1858	0	140	0	534	322	1586	0	0	0	202	374	1232	304	514	0	0	0	
344452	ParaHippocampal_R	820	3478	130	2578	0	0	0	1844	0	0	0	280	0	0	0	0	0	0	142	246	0	172	0	150	0	0	0	0	230	6048	0	872	0	218	1922	4080	1790	42260	438	0	0	6802	0	4636	0	464	0	6892	0	296	0	142	0	1322	0	36352	0	972	0	0	0	0	0	0	0	0	0	6062	0	120	0	0	0	5372	0	1064	1046	4244	334	570	0	1216	0	1946	0	360	0	228	0	5560	0	2560	0	1686	0	1220	0	8178	0	3546	0	0	0	640	0	0	0	0	0	368	330	0	0	0	0	0	
34376	Amygdala_L	0	0	0	0	0	0	0	0	0	0	0	0	0	0	608	0	0	0	0	0	812	0	0	0	0	0	0	0	1222	0	0	0	0	0	0	0	5544	0	2622	0	0	0	0	0	0	0	0	0	0	0	0	0	0	0	3636	0	0	0	0	0	0	0	0	0	0	0	0	0	0	0	0	0	0	0	0	0	0	0	0	0	0	0	1464	0	0	0	0	0	1280	0	0	0	0	0	0	0	0	0	0	0	0	0	0	0	0	0	0	0	0	0	0	0	0	0	0	0	
56856	Amygdala_R	0	0	0	0	0	0	0	0	0	0	0	0	0	0	0	0	0	0	0	0	0	832	0	0	0	0	0	0	0	2094	0	0	0	0	0	0	0	8740	0	6802	0	0	0	0	0	0	0	0	0	0	0	0	0	0	0	4732	0	0	0	0	0	0	0	0	0	0	0	0	0	0	0	0	0	948	0	0	0	0	0	0	0	0	0	2350	0	0	0	0	0	0	0	302	0	190	0	0	0	980	0	458	0	0	0	0	0	0	0	0	0	0	0	0	0	0	0	0	
305748	Calcarine_L	206	0	0	0	0	0	0	0	0	0	0	0	0	0	0	0	292	0	872	788	0	0	0	0	0	0	0	0	1318	0	194	0	858	0	2922	156	1858	0	2120	0	0	0	0	8424	16320	4028	21222	4368	11318	2246	24284	2080	8938	1252	2532	364	182	0	0	0	0	0	0	0	494	0	22248	482	1278	740	440	0	578	0	0	0	0	0	1164	0	124	0	0	0	3870	810	0	0	1084	182	0	0	0	0	0	0	0	0	0	0	0	0	0	0	0	0	0	0	0	0	238	0	0	0	0	0	
401464	Calcarine_R	0	1198	0	776	0	0	0	710	0	0	0	0	0	0	0	0	0	0	0	752	0	0	0	0	0	0	0	0	0	814	0	0	0	1618	328	4578	0	4690	0	4636	0	0	8424	0	4590	27090	2852	18106	308	18852	0	17454	0	17596	0	10348	0	2464	0	508	0	1112	0	0	0	0	534	29526	376	1078	0	0	0	0	0	0	0	0	0	0	0	0	0	0	0	9088	0	0	0	10194	0	0	0	0	0	0	0	0	0	0	0	0	0	0	0	0	0	0	0	0	132	0	0	0	0	0	
198764	Cuneus_L	0	0	0	0	0	0	0	0	0	0	0	0	0	0	0	0	0	0	1296	770	0	0	0	0	0	0	0	0	180	0	208	0	1866	164	824	136	0	0	0	0	0	0	16320	4590	0	7422	2908	186	22046	1410	12662	1064	1256	622	374	0	126	0	3148	0	272	0	0	0	304	0	13248	2028	1268	668	0	0	0	0	0	0	0	0	124	0	0	0	0	0	836	558	0	0	150	348	0	0	0	0	0	0	0	0	0	0	0	0	0	0	0	0	0	0	0	0	0	0	0	0	0	0	
365972	Cuneus_R	0	698	0	568	0	0	0	540	0	0	0	0	0	0	0	0	0	0	162	2876	0	0	0	0	0	0	0	0	0	124	0	0	0	5656	648	2988	0	532	0	464	0	0	4028	27090	7422	0	308	3608	448	39304	0	19960	0	11858	0	2108	0	602	276	3534	0	612	0	0	0	322	4022	25074	1400	2080	0	0	0	0	0	0	0	0	0	0	0	0	0	0	0	8274	0	0	0	5400	0	0	0	0	0	0	0	0	0	0	0	0	0	0	0	0	0	0	0	0	0	0	0	0	0	0	
342692	Lingual_L	1436	0	0	0	0	0	0	0	0	0	144	0	0	0	0	0	1118	0	206	0	0	0	0	0	0	0	0	0	1400	0	0	0	214	0	1534	0	3864	0	6730	0	0	0	21222	2852	2908	308	0	4602	7298	454	18188	472	8564	294	19004	1238	1020	0	140	0	250	0	126	0	234	0	10768	0	684	0	186	0	218	0	0	0	222	0	814	0	614	0	0	0	858	164	0	0	472	0	8544	1230	836	326	440	0	14156	1622	12562	1558	224	0	0	120	0	116	0	0	0	156	5288	2576	484	0	0	288	
335148	Lingual_R	0	118	0	122	0	0	0	0	0	0	0	0	0	0	0	0	0	0	0	0	0	0	0	0	0	0	0	0	0	162	0	0	0	176	462	2576	642	4674	568	6892	0	0	4368	18106	186	3608	4602	0	0	4916	0	4100	0	5548	536	20778	0	332	0	0	0	0	0	0	0	0	378	9628	0	0	0	0	0	284	0	0	0	210	0	0	0	0	0	0	0	1310	0	0	0	1024	1332	15034	164	1016	138	1718	2382	12226	3096	16216	0	0	0	0	0	0	0	0	0	690	9900	6890	466	0	0	0	
200060	Occipital_Sup_L	0	0	0	0	0	0	0	0	0	0	0	0	0	0	0	0	0	0	144	164	0	0	0	0	0	0	0	0	0	0	0	0	2048	284	0	202	0	0	0	0	0	0	11318	308	22046	448	7298	0	0	0	27644	0	3596	0	594	0	0	0	7032	0	1536	0	0	0	1184	0	10662	1676	0	0	0	0	0	0	0	0	0	0	0	0	0	0	0	0	1846	0	0	0	0	0	0	0	0	0	0	0	0	0	0	0	0	0	0	0	0	0	0	0	0	0	0	0	0	0	0	0	
365604	Occipital_Sup_R	0	522	0	396	0	0	0	398	0	0	0	0	0	0	0	0	0	0	0	1168	0	0	0	0	0	0	0	0	0	0	0	0	0	3688	0	178	0	324	0	296	0	0	2246	18852	1410	39304	454	4916	0	0	0	30118	0	12156	0	2488	0	5810	0	15028	0	4190	0	0	0	6066	608	17224	898	1092	0	0	0	0	0	0	0	0	0	0	0	186	0	0	0	8632	0	0	0	4154	0	0	0	0	0	0	0	0	0	0	0	0	0	0	0	0	0	0	0	0	0	0	0	0	0	0	
579744	Occipital_Mid_L	2960	136	0	0	0	0	0	0	0	0	0	0	0	0	0	0	972	0	4514	948	0	0	0	0	0	0	0	0	2808	0	1178	0	8006	0	286	0	138	0	566	0	0	0	24284	0	12662	0	18188	0	27644	0	0	0	31226	0	6286	0	8468	0	14140	0	17326	0	1942	0	29330	0	20798	0	4380	872	1152	0	1400	0	0	0	0	0	2236	0	2658	0	0	0	32462	0	0	0	9074	0	0	0	0	0	0	0	292	0	540	0	0	0	0	0	0	0	0	0	0	0	0	0	0	0	0	0	
317196	Occipital_Mid_R	0	454	0	254	0	0	0	260	0	0	0	0	0	0	0	0	0	0	0	140	0	0	0	0	0	0	0	0	0	0	0	0	0	422	0	0	0	176	0	142	0	0	2080	17454	1064	19960	472	4100	0	30118	0	0	0	15758	0	2454	0	774	0	4402	0	9198	0	0	0	17166	0	5980	0	164	0	0	0	0	0	0	0	0	0	0	0	738	0	0	0	19536	0	0	0	5332	0	0	0	0	0	0	0	0	0	0	0	0	0	0	0	0	0	0	0	0	0	0	0	0	0	0	
195096	Occipital_Inf_L	1208	0	0	0	0	0	0	0	0	0	0	0	0	0	0	0	352	0	1250	312	0	0	0	0	0	0	0	0	668	0	508	0	1292	0	0	0	0	0	346	0	0	0	8938	0	1256	0	8564	0	3596	0	31226	0	0	0	7430	0	1864	0	118	0	470	0	218	0	392	0	2488	0	504	292	124	0	170	0	0	0	0	0	1012	0	238	0	0	0	11994	0	0	0	8006	0	466	0	0	0	0	0	592	0	1268	0	0	0	0	0	0	0	0	0	0	0	206	180	0	0	0	0	
234712	Occipital_Inf_R	0	910	0	664	0	0	0	624	0	0	0	0	0	0	0	0	0	0	0	0	0	0	0	0	0	0	0	0	0	292	0	0	0	624	0	216	0	1420	0	1322	0	0	1252	17596	622	11858	294	5548	0	12156	0	15758	0	0	0	10228	0	724	0	484	0	130	0	0	0	0	0	7704	0	0	0	0	0	0	0	0	0	0	0	0	0	0	0	0	0	9980	0	0	0	16522	0	0	0	0	0	0	0	0	0	170	0	0	0	0	0	0	0	0	0	0	0	258	0	0	0	0	
442412	Fusiform_L	5236	0	2194	0	0	0	1858	0	0	0	676	0	496	0	318	0	5238	0	724	0	256	0	760	0	0	0	0	0	15590	0	126	0	274	0	470	164	20796	140	8110	0	3636	0	2532	0	374	0	19004	536	594	0	6286	0	7430	0	0	248	3172	0	166	0	752	0	870	0	294	0	2122	0	1264	0	880	0	6844	0	0	0	762	0	7944	0	5412	0	996	0	1150	0	0	0	19602	0	20146	182	1724	0	130	0	11096	186	24870	280	350	0	554	252	872	126	0	0	128	200	1852	1296	400	130	136	0	
577176	Fusiform_R	716	5028	0	2512	0	0	0	2036	0	0	0	0	0	0	0	0	0	0	0	264	0	208	0	0	0	0	0	0	200	11328	0	344	0	362	1506	4060	1388	43250	354	36352	0	4732	364	10348	0	2108	1238	20778	0	2488	0	2454	0	10228	248	0	0	3428	0	0	0	128	0	0	0	0	0	8286	0	310	0	0	0	2756	0	362	888	3122	270	1090	0	4264	0	4718	0	4790	0	974	0	22198	498	19064	0	2430	0	444	932	14370	1268	20898	0	0	0	592	0	0	0	0	0	0	2776	2838	0	0	0	0	
386548	Postcentral_L	29446	208	3066	0	0	0	1986	0	0	0	5002	0	0	0	0	0	17530	0	1970	210	0	0	0	0	0	0	0	0	8292	0	216	0	994	0	172	128	178	0	0	0	0	0	182	0	126	0	1020	0	0	0	8468	0	1864	0	3172	0	0	0	14456	0	28844	0	11606	0	8182	0	9826	0	8972	186	1602	0	1006	0	0	0	466	0	5426	0	12122	0	342	0	4178	0	0	0	1830	0	0	0	0	0	0	0	0	0	0	0	0	0	0	0	0	0	0	0	0	0	0	0	0	0	0	0	
218048	Postcentral_R	0	20834	284	352	264	0	0	318	0	0	0	2112	0	0	0	0	0	3658	0	788	0	0	266	0	0	0	0	0	308	4300	128	0	0	1472	0	974	0	2142	0	972	0	0	0	2464	0	602	0	332	0	5810	0	774	0	724	0	3428	0	0	0	7738	0	7602	0	12980	0	952	0	9524	0	3412	506	792	0	646	0	0	0	228	0	1012	0	5260	0	0	0	2276	0	0	0	2790	0	0	0	0	0	0	0	0	0	0	0	0	0	0	0	0	0	0	0	0	0	0	0	0	0	0	
198660	Parietal_Sup_L	1610	0	0	0	0	0	0	0	0	0	180	0	0	0	0	0	302	0	0	134	0	0	0	0	0	0	0	0	390	0	0	0	1578	266	0	184	0	0	0	0	0	0	0	0	3148	276	140	0	7032	0	14140	0	118	0	166	0	14456	0	0	0	19734	0	1506	0	9916	0	18894	1704	862	0	0	0	0	0	0	0	0	0	0	0	810	0	0	0	1386	0	0	0	398	0	0	0	0	0	0	0	0	0	0	0	0	0	0	0	0	0	0	0	0	0	0	0	0	0	0	0	
124988	Parietal_Sup_R	0	0	0	0	0	0	0	0	0	0	0	0	0	0	0	0	0	0	0	138	0	0	0	0	0	0	0	0	0	0	0	0	0	468	0	0	0	0	0	0	0	0	0	508	0	3534	0	0	0	15028	0	4402	0	484	0	0	0	7738	0	0	0	7912	0	446	0	8362	1426	11440	0	294	0	0	0	0	0	0	0	0	0	0	0	0	0	0	0	314	0	0	0	0	0	0	0	0	0	0	0	0	0	0	0	0	0	0	0	0	0	0	0	0	0	0	0	0	0	0	
259804	Parietal_Inf_L	3838	0	0	0	0	0	0	0	0	0	320	0	0	0	0	0	744	0	0	192	0	0	0	0	0	0	0	0	1022	0	0	0	756	0	0	0	0	0	0	0	0	0	0	0	272	0	250	0	1536	0	17326	0	470	0	752	0	28844	0	19734	0	0	0	13590	0	24454	0	4888	0	2126	188	250	0	288	0	0	0	0	0	414	0	3156	0	0	0	4142	0	0	0	350	0	0	0	0	0	0	0	0	0	0	0	0	0	0	0	0	0	0	0	0	0	0	0	0	0	0	0	
144068	Parietal_Inf_R	0	534	0	0	0	0	0	0	0	0	0	0	0	0	0	0	0	0	0	0	0	0	0	0	0	0	0	0	0	0	0	0	0	0	0	338	0	0	0	0	0	0	0	1112	0	612	0	0	0	4190	0	9198	0	130	0	128	0	7602	0	7912	0	0	0	10664	0	15198	0	1612	0	142	0	0	0	0	0	0	0	0	0	148	0	2694	0	0	0	8980	0	0	0	840	0	0	0	0	0	0	0	0	0	0	0	0	0	0	0	0	0	0	0	0	0	0	0	0	0	0	
119308	SupraMarginal_L	1260	0	0	0	0	0	0	0	0	0	0	0	0	0	0	0	4316	0	0	0	0	0	0	0	0	0	0	0	648	0	0	0	0	0	0	0	0	0	0	0	0	0	0	0	0	0	126	0	0	0	1942	0	218	0	870	0	11606	0	1506	0	13590	0	0	0	6964	0	622	0	404	0	0	0	0	0	0	0	0	0	486	0	9572	0	0	0	5146	0	0	0	378	0	0	0	0	0	0	0	0	0	0	0	0	0	0	0	0	0	0	0	0	0	0	0	0	0	0	0	
101388	SupraMarginal_R	0	1084	0	0	0	0	0	0	0	0	0	0	0	0	0	0	0	3876	0	0	0	0	0	0	0	0	0	0	0	558	0	0	0	0	0	0	0	0	0	0	0	0	0	0	0	0	0	0	0	0	0	0	0	0	0	0	0	12980	0	446	0	10664	0	0	0	5492	0	0	0	0	0	0	0	0	0	0	0	0	0	258	0	10482	0	0	0	4854	0	0	0	0	0	0	0	0	0	0	0	0	0	0	0	0	0	0	0	0	0	0	0	0	0	0	0	0	0	0	
230032	Angular_L	1162	0	0	0	0	0	0	0	0	0	0	0	0	0	0	0	368	0	498	286	0	0	0	0	0	0	0	0	260	0	0	0	1644	0	0	0	0	0	0	0	0	0	494	0	304	0	234	0	1184	0	29330	0	392	0	294	0	8182	0	9916	0	24454	0	6964	0	0	0	7058	0	3726	264	0	0	0	0	0	0	0	0	0	0	4696	0	0	0	11858	0	0	0	1448	0	0	0	0	0	0	0	0	0	0	0	0	0	0	0	0	0	0	0	0	0	0	0	0	0	0	0	
129716	Angular_R	0	0	0	0	0	0	0	0	0	0	0	0	0	0	0	0	0	0	0	0	0	0	0	0	0	0	0	0	0	0	0	0	0	0	0	0	0	0	0	0	0	0	0	0	0	322	0	0	0	6066	0	17166	0	0	0	0	0	952	0	8362	0	15198	0	5492	0	0	0	126	0	0	0	0	0	0	0	0	0	0	0	0	0	4404	0	0	0	6770	0	0	0	0	0	0	0	0	0	0	0	0	0	0	0	0	0	0	0	0	0	0	0	0	0	0	0	0	0	0	
405456	Precuneus_L	1158	202	0	0	0	0	0	0	0	0	0	0	0	0	0	0	1106	0	1280	1480	0	0	0	0	0	0	0	0	658	0	644	0	9896	2352	7132	2454	4052	0	4516	0	0	0	22248	534	13248	4022	10768	378	10662	608	20798	0	2488	0	2122	0	9826	0	18894	1426	4888	0	622	0	7058	0	0	12622	9628	554	220	0	260	0	0	0	0	0	456	0	2064	0	0	0	5654	0	0	0	2408	0	0	0	0	0	0	0	694	0	0	0	0	0	0	0	0	0	0	0	0	0	648	0	0	0	0	0	
477652	Precuneus_R	336	1558	0	778	0	0	0	664	0	0	0	0	0	0	0	0	0	0	440	7666	0	0	0	0	0	0	0	0	0	952	0	0	468	15490	3376	16540	1016	7592	864	6062	0	0	482	29526	2028	25074	0	9628	1676	17224	0	5980	0	7704	0	8286	0	9524	1704	11440	0	1612	0	0	0	126	12622	0	2838	7802	0	0	0	0	0	0	274	212	0	0	0	216	0	0	0	7526	0	0	0	8798	0	200	0	0	0	0	0	840	0	264	0	0	0	0	0	0	0	0	0	0	1418	0	0	0	0	0	
304856	Paracentral_Lobule_L	22478	8284	2764	6026	0	0	920	0	0	0	236	0	0	0	0	0	926	0	11008	24136	0	0	0	0	0	0	0	0	310	0	0	0	2050	12702	4162	3968	0	0	0	0	0	0	1278	376	1268	1400	684	0	0	898	4380	0	504	0	1264	0	8972	0	862	0	2126	0	404	0	3726	0	9628	2838	0	8310	120	0	0	0	0	0	0	0	0	0	1004	0	0	0	1410	0	0	0	1006	0	0	0	0	0	0	0	0	0	0	0	0	0	0	0	0	0	0	0	0	0	0	0	0	0	0	0	
150536	Paracentral_Lobule_R	4408	4564	0	654	0	0	0	0	0	0	0	0	0	0	0	0	0	0	310	18864	0	0	0	0	0	0	0	0	0	0	0	0	0	9808	2332	4928	0	138	0	120	0	0	740	1078	668	2080	0	0	0	1092	872	164	292	0	0	310	186	3412	0	294	188	142	0	0	264	0	554	7802	8310	0	0	0	0	0	0	0	0	0	0	0	0	0	0	0	226	194	0	0	0	274	0	0	0	0	0	0	0	0	0	0	0	0	0	0	0	0	0	0	0	0	0	0	0	0	0	0	
274692	Caudate_L	5184	2324	17248	4176	1358	0	1934	2170	0	0	1618	934	264	164	254	0	526	0	14724	2320	5576	4642	2338	122	434	290	2756	2102	5496	218	4930	4174	0	0	0	190	646	0	0	0	0	0	440	0	0	0	186	0	0	0	1152	0	124	0	880	0	1602	506	0	0	250	0	0	0	0	0	220	0	120	0	0	7222	8418	312	2630	372	18132	2526	1752	0	0	0	0	0	1138	0	0	0	252	0	0	0	0	0	0	0	0	0	0	0	0	0	0	0	0	0	0	0	0	0	0	0	0	0	0	0	
275996	Caudate_R	2106	8462	3506	28288	1296	1658	1042	5192	0	0	0	1552	0	4630	0	1194	0	152	1714	9186	0	0	1748	988	0	2870	0	628	2068	4558	932	13296	0	332	0	358	0	0	0	0	0	0	0	0	0	0	0	0	0	0	0	0	0	0	0	0	0	792	0	0	0	0	0	0	0	0	0	0	0	0	7222	0	380	6758	0	1814	2354	20922	0	0	0	0	0	0	0	0	0	0	0	0	0	0	0	0	0	0	0	0	0	0	0	0	0	0	0	0	0	0	0	0	0	0	0	0	0	0	
328516	Putamen_L	5760	0	23734	360	7474	0	4112	0	592	0	6970	0	1212	0	2724	0	2742	0	19446	256	0	0	4090	0	2148	0	0	0	24454	0	5476	0	0	0	0	0	10636	0	1668	0	0	0	578	0	0	0	218	0	0	0	1400	0	170	0	6844	0	1006	0	0	0	288	0	0	0	0	0	260	0	0	0	8418	380	0	0	4532	0	1962	0	2538	0	2178	0	3264	0	1412	0	0	0	4692	0	0	0	0	0	0	0	264	0	0	0	0	0	0	0	0	0	0	0	0	0	0	0	0	0	0	0	
203908	Putamen_R	0	1878	774	8568	0	3904	0	4838	0	0	0	4326	0	2604	0	970	0	2314	834	2452	0	0	0	2820	0	3676	0	576	0	18122	0	8524	0	478	0	0	0	9578	0	5372	0	948	0	0	0	0	0	284	0	0	0	0	0	0	0	2756	0	646	0	0	0	0	0	0	0	0	0	0	0	0	312	6758	0	0	0	3762	0	1486	0	0	0	554	0	190	0	0	0	0	0	0	0	328	0	162	0	0	0	726	0	434	0	0	0	0	0	0	0	0	0	0	0	0	0	0	0	0	
37360	Pallidum_L	392	0	3530	0	0	0	220	0	0	0	1054	0	0	0	0	0	234	0	3272	0	0	0	0	0	0	0	0	0	604	0	0	0	0	0	0	0	562	0	0	0	0	0	0	0	0	0	0	0	0	0	0	0	0	0	0	0	0	0	0	0	0	0	0	0	0	0	0	0	0	0	2630	0	4532	0	0	0	1650	0	0	0	0	0	0	0	0	0	0	0	0	0	0	0	0	0	0	0	0	0	0	0	0	0	0	0	0	0	0	0	0	0	0	0	0	0	0	0	
33468	Pallidum_R	0	134	876	3006	0	0	0	1134	0	0	0	366	0	0	0	0	0	426	776	682	0	0	0	130	0	0	0	0	0	204	0	364	0	0	0	0	0	1096	0	1064	0	0	0	0	0	0	0	0	0	0	0	0	0	0	0	362	0	0	0	0	0	0	0	0	0	0	0	0	0	0	372	1814	0	3762	0	0	0	166	0	0	0	0	0	0	0	0	0	0	0	0	0	0	0	0	0	0	0	0	0	0	0	0	0	0	0	0	0	0	0	0	0	0	0	0	0	0	
175024	Thalamus_L	11048	4318	2354	3114	0	0	1754	0	0	0	3924	0	0	0	0	0	1288	0	1060	0	0	0	0	0	0	0	0	0	4686	0	0	0	0	0	788	2580	5182	2428	1644	1046	0	0	0	0	0	0	222	0	0	0	0	0	0	0	762	888	466	0	0	0	0	0	0	0	0	0	0	274	0	0	18132	2354	1962	0	1650	0	0	12076	784	0	0	0	0	0	0	0	0	0	728	0	0	0	0	0	0	0	0	0	0	0	0	0	0	0	0	0	0	0	0	0	0	0	0	0	0	0	
236816	Thalamus_R	4174	15980	1056	24194	0	0	176	3844	0	0	284	186	0	0	0	0	170	146	774	1320	0	0	0	0	0	0	0	0	468	330	0	174	0	0	2674	4528	4114	7666	500	4244	0	0	0	0	0	0	0	210	0	0	0	0	0	0	0	3122	0	228	0	0	0	0	0	0	0	0	0	212	0	0	2526	20922	0	1486	0	166	12076	0	458	0	0	0	0	0	0	0	0	0	0	0	0	0	0	0	0	0	0	0	0	0	0	0	0	0	0	0	0	0	0	0	0	0	0	0	0	0	
158452	Heschl_L	5646	0	590	0	0	0	296	0	0	0	1374	0	0	0	0	0	7298	0	370	0	0	0	0	0	0	0	0	0	13818	0	0	0	0	0	506	602	3278	546	136	334	0	0	1164	0	124	0	814	0	0	0	2236	0	1012	0	7944	270	5426	0	0	0	414	0	486	0	0	0	456	0	0	0	1752	0	2538	0	0	0	784	458	0	0	7234	0	334	0	4728	0	0	0	6258	0	0	0	0	0	0	0	0	0	0	0	0	0	0	0	0	0	0	0	0	0	0	0	0	0	0	0	
38596	Heschl_R	0	916	0	122	0	0	0	214	0	0	0	922	0	0	0	0	0	3038	0	0	0	0	0	0	0	0	0	0	0	2278	0	0	0	0	0	0	0	742	0	570	0	0	0	0	0	0	0	0	0	0	0	0	0	0	0	1090	0	1012	0	0	0	148	0	258	0	0	0	0	0	0	0	0	0	0	0	0	0	0	0	0	0	6364	0	0	0	1000	0	0	0	624	0	0	0	0	0	0	0	0	0	0	0	0	0	0	0	0	0	0	0	0	0	0	0	0	0	0	
297204	Temporal_Sup_L	5800	0	2640	0	146	0	948	0	0	0	3180	0	358	0	0	0	14934	0	1586	0	210	0	128	0	0	0	0	0	10306	0	0	0	260	0	0	0	3146	0	178	0	0	0	124	0	0	0	614	0	0	0	2658	0	238	0	5412	0	12122	0	810	0	3156	0	9572	0	4696	0	2064	0	1004	0	0	0	2178	0	0	0	0	0	7234	0	0	0	4574	0	28294	0	0	0	20032	0	0	0	0	0	0	0	0	0	0	0	0	0	0	0	0	0	0	0	0	0	0	0	0	0	0	0	
155680	Temporal_Sup_R	0	1728	0	768	0	0	0	832	0	0	0	820	0	0	0	0	0	5606	0	0	0	0	0	0	0	0	0	0	0	6136	0	0	0	0	0	144	0	2606	0	1216	0	0	0	0	0	0	0	0	0	186	0	738	0	0	0	4264	0	5260	0	0	0	2694	0	10482	0	4404	0	216	0	0	0	0	0	554	0	0	0	0	0	6364	0	0	0	1970	0	17174	0	228	0	3450	0	0	0	0	0	0	0	0	0	0	0	0	0	0	0	0	0	0	0	0	0	0	0	0	0	0	
75468	Temporal_Pole_Sup_L	152	0	1628	0	478	0	124	0	0	0	1162	0	734	0	1976	0	618	0	1296	0	1060	0	156	0	0	0	0	0	7778	0	0	0	0	0	0	0	2494	0	1244	0	1464	0	0	0	0	0	0	0	0	0	0	0	0	0	996	0	342	0	0	0	0	0	0	0	0	0	0	0	0	0	0	0	3264	0	0	0	0	0	334	0	4574	0	0	0	3484	0	238	0	2138	0	0	0	0	0	0	0	0	0	0	0	0	0	0	0	0	0	0	0	0	0	0	0	0	0	0	0	
45348	Temporal_Pole_Sup_R	0	0	0	0	0	0	0	170	0	0	0	210	0	0	0	0	0	326	0	0	0	226	0	0	0	0	0	0	0	910	0	0	0	0	0	0	0	1572	0	1946	0	2350	0	0	0	0	0	0	0	0	0	0	0	0	0	4718	0	0	0	0	0	0	0	0	0	0	0	0	0	0	0	0	0	190	0	0	0	0	0	0	0	1970	0	0	0	2562	0	1968	0	3440	0	0	0	0	0	0	0	116	0	0	0	0	0	0	0	0	0	0	0	0	0	0	0	0	0	0	
346676	Temporal_Mid_L	1904	0	0	0	0	0	0	0	0	0	0	0	0	0	0	0	2196	0	2100	238	0	0	0	0	0	0	0	0	4070	0	520	0	2344	0	0	0	380	0	0	0	0	0	3870	0	836	0	858	0	1846	0	32462	0	11994	0	1150	0	4178	0	1386	0	4142	0	5146	0	11858	0	5654	0	1410	226	1138	0	1412	0	0	0	0	0	4728	0	28294	0	3484	0	0	0	790	0	32724	0	0	0	0	0	0	0	0	0	0	0	0	0	0	0	0	0	0	0	0	0	0	0	0	0	0	0	
292520	Temporal_Mid_R	0	1534	0	870	0	0	0	920	0	0	0	0	0	0	0	0	0	0	0	164	0	0	0	0	0	0	0	0	0	1244	0	0	0	516	0	130	0	500	0	360	0	0	810	9088	558	8274	164	1310	0	8632	0	19536	0	9980	0	4790	0	2276	0	314	0	8980	0	4854	0	6770	0	7526	0	194	0	0	0	0	0	0	0	0	0	1000	0	17174	0	2562	0	0	0	1012	0	24218	0	0	0	0	0	0	0	0	0	0	0	0	0	0	0	0	0	0	0	0	0	0	0	0	0	0	
3732	Temporal_Pole_Mid_L	0	0	0	0	0	0	0	0	0	0	0	0	0	0	0	0	0	0	0	0	0	0	0	0	0	0	0	0	0	0	0	0	0	0	0	0	0	0	0	0	0	0	0	0	0	0	0	0	0	0	0	0	0	0	0	0	0	0	0	0	0	0	0	0	0	0	0	0	0	0	0	0	0	0	0	0	0	0	0	0	0	0	238	0	790	0	0	0	838	0	0	0	0	0	0	0	0	0	0	0	0	0	0	0	0	0	0	0	0	0	0	0	0	0	0	0	
10572	Temporal_Pole_Mid_R	0	0	0	0	0	0	0	0	0	0	0	0	0	0	0	0	0	0	0	0	0	0	0	0	0	0	0	0	0	0	0	0	0	0	0	0	0	0	0	228	0	0	0	0	0	0	0	0	0	0	0	0	0	0	0	974	0	0	0	0	0	0	0	0	0	0	0	0	0	0	0	0	0	0	0	0	0	0	0	0	0	228	0	1968	0	1012	0	0	0	876	0	0	0	0	0	0	0	0	0	0	0	0	0	0	0	0	0	0	0	0	0	0	0	0	0	0	
311432	Temporal_Inf_L	1654	0	1818	0	0	0	1512	0	0	0	300	0	412	0	236	0	3874	0	722	0	0	0	620	0	0	0	0	0	9832	0	0	0	540	0	0	0	13958	0	1518	0	1280	0	1084	0	150	0	472	0	0	0	9074	0	8006	0	19602	0	1830	0	398	0	350	0	378	0	1448	0	2408	0	1006	0	252	0	4692	0	0	0	728	0	6258	0	20032	0	2138	0	32724	0	838	0	0	0	2058	0	566	0	0	0	200	0	748	0	0	0	0	0	0	0	0	0	0	0	0	0	0	0	0	0	
277268	Temporal_Inf_R	0	3162	0	1578	0	0	0	1716	0	0	0	0	0	0	0	0	0	0	0	174	0	0	0	0	0	0	0	0	0	5356	0	0	0	550	0	848	0	9026	0	5560	0	0	182	10194	348	5400	0	1024	0	4154	0	5332	0	16522	0	22198	0	2790	0	0	0	840	0	0	0	0	0	8798	0	274	0	0	0	0	0	0	0	0	0	624	0	3450	0	3440	0	24218	0	876	0	0	0	0	0	0	0	0	0	0	0	0	0	0	0	0	0	0	0	0	0	0	0	0	0	0	0	0	
442684	Cerebelum_Crus1_L	0	0	0	0	0	0	0	0	0	0	0	0	0	0	0	0	0	0	0	0	0	0	0	0	0	0	0	0	0	0	0	0	0	0	0	0	370	0	1308	0	0	0	0	0	0	0	8544	1332	0	0	0	0	466	0	20146	498	0	0	0	0	0	0	0	0	0	0	0	0	0	0	0	0	0	0	0	0	0	0	0	0	0	0	0	0	0	0	0	0	2058	0	0	2584	33936	3318	900	1150	27254	1056	51390	4050	12882	1542	10122	3902	332	352	0	0	1082	2750	9568	8712	8114	1026	302	296	
468696	Cerebelum_Crus1_R	0	0	0	0	0	0	0	0	0	0	0	0	0	0	0	0	0	0	0	0	0	0	0	0	0	0	0	0	0	356	0	0	0	0	0	0	0	1334	0	2560	0	302	0	0	0	0	1230	15034	0	0	0	0	0	0	182	19064	0	0	0	0	0	0	0	0	0	0	0	200	0	0	0	0	0	328	0	0	0	0	0	0	0	0	0	0	0	0	0	0	0	0	2584	0	1232	38148	0	7152	2378	33988	3010	67930	822	3296	154	5296	0	0	0	0	0	2904	12192	9378	3106	188	0	0	
277568	Cerebelum_Crus2_L	0	0	0	0	0	0	0	0	0	0	0	0	0	0	0	0	0	0	0	0	0	0	0	0	0	0	0	0	0	0	0	0	0	0	0	0	0	0	204	0	0	0	0	0	0	0	836	164	0	0	0	0	0	0	1724	0	0	0	0	0	0	0	0	0	0	0	0	0	0	0	0	0	0	0	0	0	0	0	0	0	0	0	0	0	0	0	0	0	566	0	33936	1232	0	4642	302	520	4670	0	7434	1186	31830	2984	25774	2980	5314	0	1230	0	268	834	1166	1932	5610	1446	0	0	
333440	Cerebelum_Crus2_R	0	0	0	0	0	0	0	0	0	0	0	0	0	0	0	0	0	0	0	0	0	0	0	0	0	0	0	0	0	222	0	0	0	0	0	0	0	704	0	1686	0	190	0	0	0	0	326	1016	0	0	0	0	0	0	0	2430	0	0	0	0	0	0	0	0	0	0	0	0	0	0	0	0	0	162	0	0	0	0	0	0	0	0	0	0	0	0	0	0	0	0	3318	38148	4642	0	174	6252	1652	11358	1488	25622	3356	18524	1742	22166	0	2588	0	0	0	2842	3646	4120	6402	1716	228	0	
51252	Cerebelum_3_L	0	0	0	0	0	0	0	0	0	0	0	0	0	0	0	0	0	0	0	0	0	0	0	0	0	0	0	0	0	0	0	0	0	0	0	0	124	0	894	0	0	0	0	0	0	0	440	138	0	0	0	0	0	0	130	0	0	0	0	0	0	0	0	0	0	0	0	0	0	0	0	0	0	0	0	0	0	0	0	0	0	0	0	0	0	0	0	0	0	0	900	0	302	174	0	138	7076	0	1488	256	242	0	2076	382	2230	310	0	0	1422	2514	1412	918	924	500	390	246	
121868	Cerebelum_3_R	0	0	0	0	0	0	0	0	0	0	0	0	0	0	0	0	0	0	0	0	0	0	0	0	0	0	0	0	0	0	0	0	0	0	0	0	0	116	0	1220	0	0	0	0	0	0	0	1718	0	0	0	0	0	0	0	444	0	0	0	0	0	0	0	0	0	0	0	0	0	0	0	0	0	0	0	0	0	0	0	0	0	0	0	0	0	0	0	0	0	0	1150	7152	520	6252	138	0	1080	7512	1016	9010	444	1048	532	2836	0	1256	0	0	634	8292	2430	1522	1412	1686	1184	330	
367356	Cerebelum_4_5_L	0	0	0	0	0	0	116	0	0	0	0	0	0	0	0	0	0	0	0	0	0	0	0	0	0	0	0	0	342	0	0	0	0	0	0	0	2440	0	4468	0	0	0	0	0	0	0	14156	2382	0	0	292	0	592	0	11096	932	0	0	0	0	0	0	0	0	0	0	694	0	0	0	0	0	264	0	0	0	0	0	0	0	0	0	0	0	0	0	0	0	200	0	27254	2378	4670	1652	7076	1080	0	2670	36232	4704	1996	0	5460	2308	4370	1108	0	0	2320	4902	17548	9020	4830	1842	1190	1094	
326088	Cerebelum_4_5_R	0	0	0	0	0	0	0	0	0	0	0	0	0	0	0	0	0	0	0	0	0	0	0	0	0	0	0	0	0	604	0	0	0	0	0	0	0	4836	0	8178	0	980	0	0	0	0	1622	12226	0	0	0	0	0	0	186	14370	0	0	0	0	0	0	0	0	0	0	0	840	0	0	0	0	0	726	0	0	0	0	0	0	0	0	0	116	0	0	0	0	0	0	1056	33988	0	11358	0	7512	2670	0	1818	39186	0	402	0	1558	0	294	0	204	0	2216	13418	2152	210	138	180	0	
431016	Cerebelum_6_L	0	0	0	0	0	0	0	0	0	0	0	0	0	0	0	0	0	0	0	0	0	0	0	0	0	0	0	0	0	0	0	0	0	0	0	0	788	0	1858	0	0	0	0	0	0	0	12562	3096	0	0	540	0	1268	0	24870	1268	0	0	0	0	0	0	0	0	0	0	0	0	0	0	0	0	0	0	0	0	0	0	0	0	0	0	0	0	0	0	0	0	748	0	51390	3010	7434	1488	1488	1016	36232	1818	0	5466	2666	0	6060	1786	3120	1056	130	0	1982	4078	14482	13294	5746	2112	1234	1422	
499072	Cerebelum_6_R	0	0	0	0	0	0	0	0	0	0	0	0	0	0	0	0	0	0	0	0	0	0	0	0	0	0	0	0	0	552	0	0	0	0	0	0	0	2376	0	3546	0	458	0	0	0	0	1558	16216	0	0	0	0	0	170	280	20898	0	0	0	0	0	0	0	0	0	0	0	264	0	0	0	0	0	434	0	0	0	0	0	0	0	0	0	0	0	0	0	0	0	0	4050	67930	1186	25622	256	9010	4704	39186	5466	0	916	1914	1144	3682	0	134	0	138	292	4622	16074	12208	3676	458	116	0	
236568	Cerebelum_7b_L	0	0	0	0	0	0	0	0	0	0	0	0	0	0	0	0	0	0	0	0	0	0	0	0	0	0	0	0	0	0	0	0	0	0	0	0	0	0	140	0	0	0	0	0	0	0	224	0	0	0	0	0	0	0	350	0	0	0	0	0	0	0	0	0	0	0	0	0	0	0	0	0	0	0	0	0	0	0	0	0	0	0	0	0	0	0	0	0	0	0	12882	822	31830	3356	242	444	1996	0	2666	916	0	2648	31896	3892	8776	458	1886	0	164	604	946	1232	5690	3310	914	0	
128928	Cerebelum_7b_R	0	0	0	0	0	0	0	0	0	0	0	0	0	0	0	0	0	0	0	0	0	0	0	0	0	0	0	0	0	0	0	0	0	0	0	0	0	0	0	0	0	0	0	0	0	0	0	0	0	0	0	0	0	0	0	0	0	0	0	0	0	0	0	0	0	0	0	0	0	0	0	0	0	0	0	0	0	0	0	0	0	0	0	0	0	0	0	0	0	0	1542	3296	2984	18524	0	1048	0	402	0	1914	2648	0	1422	19374	0	4938	0	0	0	838	420	312	3114	1688	0	0	
292668	Cerebelum_8_L	0	0	0	0	0	0	0	0	0	0	0	0	0	0	0	0	0	0	0	0	0	0	0	0	0	0	0	0	0	0	0	0	0	0	0	0	278	0	534	0	0	0	0	0	0	0	0	0	0	0	0	0	0	0	554	0	0	0	0	0	0	0	0	0	0	0	0	0	0	0	0	0	0	0	0	0	0	0	0	0	0	0	0	0	0	0	0	0	0	0	10122	154	25774	1742	2076	532	5460	0	6060	1144	31896	1422	0	4416	18648	2082	2516	0	1464	2400	3828	3782	7212	7396	3796	1046	
229952	Cerebelum_8_R	0	0	0	0	0	0	0	0	0	0	0	0	0	0	0	0	0	0	0	0	0	0	0	0	0	0	0	0	0	0	0	0	0	0	0	0	120	150	322	640	0	0	0	0	0	0	120	0	0	0	0	0	0	0	252	592	0	0	0	0	0	0	0	0	0	0	0	0	0	0	0	0	0	0	0	0	0	0	0	0	0	0	0	0	0	0	0	0	0	0	3902	5296	2980	22166	382	2836	2308	1558	1786	3682	3892	19374	4416	0	366	14604	0	776	0	2034	2586	1252	8008	5906	1896	774	
118388	Cerebelum_9_L	0	0	0	0	0	0	0	0	0	0	0	0	0	0	0	0	0	0	0	0	0	0	0	0	0	0	0	0	0	0	0	0	0	0	0	0	808	0	1586	0	0	0	0	0	0	0	0	0	0	0	0	0	0	0	872	0	0	0	0	0	0	0	0	0	0	0	0	0	0	0	0	0	0	0	0	0	0	0	0	0	0	0	0	0	0	0	0	0	0	0	332	0	5314	0	2230	0	4370	0	3120	0	8776	0	18648	366	0	1022	3970	0	456	622	604	742	872	1846	2048	590	
114472	Cerebelum_9_R	0	0	0	0	0	0	0	0	0	0	0	0	0	0	0	0	0	0	0	0	0	0	0	0	0	0	0	0	0	0	0	0	0	0	0	0	0	0	0	0	0	0	0	0	0	0	116	0	0	0	0	0	0	0	126	0	0	0	0	0	0	0	0	0	0	0	0	0	0	0	0	0	0	0	0	0	0	0	0	0	0	0	0	0	0	0	0	0	0	0	352	0	0	2588	310	1256	1108	294	1056	134	458	4938	2082	14604	1022	0	0	1242	854	1846	936	2666	2990	5822	6642	3794	
19464	Cerebelum_10_L	0	0	0	0	0	0	0	0	0	0	0	0	0	0	0	0	0	0	0	0	0	0	0	0	0	0	0	0	0	0	0	0	0	0	0	0	0	0	0	0	0	0	0	0	0	0	0	0	0	0	0	0	0	0	0	0	0	0	0	0	0	0	0	0	0	0	0	0	0	0	0	0	0	0	0	0	0	0	0	0	0	0	0	0	0	0	0	0	0	0	0	0	1230	0	0	0	0	0	130	0	1886	0	2516	0	3970	0	0	0	0	0	0	0	0	0	0	0	
4720	Cerebelum_10_R	0	0	0	0	0	0	0	0	0	0	0	0	0	0	0	0	0	0	0	0	0	0	0	0	0	0	0	0	0	0	0	0	0	0	0	0	0	0	0	0	0	0	0	0	0	0	0	0	0	0	0	0	0	0	0	0	0	0	0	0	0	0	0	0	0	0	0	0	0	0	0	0	0	0	0	0	0	0	0	0	0	0	0	0	0	0	0	0	0	0	0	0	0	0	0	0	0	204	0	138	0	0	0	776	0	1242	0	0	0	0	0	0	0	0	0	0	
54156	Vermis_1_2	0	0	0	0	0	0	0	0	0	0	0	0	0	0	0	0	0	0	0	0	0	0	0	0	0	0	0	0	0	0	0	0	0	0	0	0	0	0	202	0	0	0	0	0	0	0	0	0	0	0	0	0	0	0	128	0	0	0	0	0	0	0	0	0	0	0	0	0	0	0	0	0	0	0	0	0	0	0	0	0	0	0	0	0	0	0	0	0	0	0	1082	0	268	0	1422	634	2320	0	1982	292	164	0	1464	0	456	854	0	0	0	7818	2644	2092	956	870	882	548	
147100	Vermis_3	0	0	0	0	0	0	0	0	0	0	0	0	0	0	0	0	0	0	0	0	0	0	0	0	0	0	0	0	0	0	0	0	0	0	0	0	252	0	374	368	0	0	0	0	0	0	156	690	0	0	0	0	0	0	200	0	0	0	0	0	0	0	0	0	0	0	0	0	0	0	0	0	0	0	0	0	0	0	0	0	0	0	0	0	0	0	0	0	0	0	2750	2904	834	2842	2514	8292	4902	2216	4078	4622	604	838	2400	2034	622	1846	0	0	7818	0	6778	4456	2674	2600	2074	812	
319104	Vermis_4_5	0	0	0	0	0	0	0	0	0	0	0	0	0	0	0	0	0	0	0	0	0	0	0	0	0	0	0	0	0	0	0	0	0	0	742	904	1144	788	1232	330	0	0	238	132	0	0	5288	9900	0	0	0	0	206	0	1852	2776	0	0	0	0	0	0	0	0	0	0	648	1418	0	0	0	0	0	0	0	0	0	0	0	0	0	0	0	0	0	0	0	0	0	0	9568	12192	1166	3646	1412	2430	17548	13418	14482	16074	946	420	3828	2586	604	936	0	0	2644	6778	0	12054	4888	2130	1056	1148	
244020	Vermis_6	0	0	0	0	0	0	0	0	0	0	0	0	0	0	0	0	0	0	0	0	0	0	0	0	0	0	0	0	0	0	0	0	0	0	0	0	150	0	304	0	0	0	0	0	0	0	2576	6890	0	0	0	0	180	258	1296	2838	0	0	0	0	0	0	0	0	0	0	0	0	0	0	0	0	0	0	0	0	0	0	0	0	0	0	0	0	0	0	0	0	0	0	8712	9378	1932	4120	918	1522	9020	2152	13294	12208	1232	312	3782	1252	742	2666	0	0	2092	4456	12054	0	8016	2386	1916	3356	
