data	data	525660	304720	850852	580688	78432	62808	479668	259220	59980	30968	205500	181920	286936	136892	182080	115132	222900	108812	809624	748532	48440	43276	335616	300668	9936	114040	28824	41060	582268	255112	243580	357416	151596	538316	110340	158088	251160	249728	58616	110580	24984	48624	210624	373076	206904	277924	261200	314812	205316	253712	597100	226376	194144	118300	323604	362180	274692	226572	202764	113052	246748	119256	151916	97024	192380	137288	397184	399212	407952	313000	203316	437116	290932	281820	55340	21760	157124	205468	69936	14496	256220	73372	65276	29988	353828	230652	15592	17344	343428	181260	462696	416872	283452	262328	23312	70640	266292	244412	426312	376676	204836	139060	266360	254032	52804	102328	8468	5620	45472	68980	232152	221084	177092	117888	89976	27876	
data	data	Precentral_L	Precentral_R	Frontal_Sup_L	Frontal_Sup_R	Frontal_Sup_Orb_L	Frontal_Sup_Orb_R	Frontal_Mid_L	Frontal_Mid_R	Frontal_Mid_Orb_L	Frontal_Mid_Orb_R	Frontal_Inf_Oper_L	Frontal_Inf_Oper_R	Frontal_Inf_Tri_L	Frontal_Inf_Tri_R	Frontal_Inf_Orb_L	Frontal_Inf_Orb_R	Rolandic_Oper_L	Rolandic_Oper_R	Supp_Motor_Area_L	Supp_Motor_Area_R	Olfactory_L	Olfactory_R	Frontal_Sup_Medial_L	Frontal_Sup_Medial_R	Frontal_Med_Orb_L	Frontal_Med_Orb_R	Rectus_L	Rectus_R	Insula_L	Insula_R	Cingulum_Ant_L	Cingulum_Ant_R	Cingulum_Mid_L	Cingulum_Mid_R	Cingulum_Post_L	Cingulum_Post_R	Hippocampus_L	Hippocampus_R	ParaHippocampal_L	ParaHippocampal_R	Amygdala_L	Amygdala_R	Calcarine_L	Calcarine_R	Cuneus_L	Cuneus_R	Lingual_L	Lingual_R	Occipital_Sup_L	Occipital_Sup_R	Occipital_Mid_L	Occipital_Mid_R	Occipital_Inf_L	Occipital_Inf_R	Fusiform_L	Fusiform_R	Postcentral_L	Postcentral_R	Parietal_Sup_L	Parietal_Sup_R	Parietal_Inf_L	Parietal_Inf_R	SupraMarginal_L	SupraMarginal_R	Angular_L	Angular_R	Precuneus_L	Precuneus_R	Paracentral_Lobule_L	Paracentral_Lobule_R	Caudate_L	Caudate_R	Putamen_L	Putamen_R	Pallidum_L	Pallidum_R	Thalamus_L	Thalamus_R	Heschl_L	Heschl_R	Temporal_Sup_L	Temporal_Sup_R	Temporal_Pole_Sup_L	Temporal_Pole_Sup_R	Temporal_Mid_L	Temporal_Mid_R	Temporal_Pole_Mid_L	Temporal_Pole_Mid_R	Temporal_Inf_L	Temporal_Inf_R	Cerebelum_Crus1_L	Cerebelum_Crus1_R	Cerebelum_Crus2_L	Cerebelum_Crus2_R	Cerebelum_3_L	Cerebelum_3_R	Cerebelum_4_5_L	Cerebelum_4_5_R	Cerebelum_6_L	Cerebelum_6_R	Cerebelum_7b_L	Cerebelum_7b_R	Cerebelum_8_L	Cerebelum_8_R	Cerebelum_9_L	Cerebelum_9_R	Cerebelum_10_L	Cerebelum_10_R	Vermis_1_2	Vermis_3	Vermis_4_5	Vermis_6	Vermis_7	Vermis_8	Vermis_9	Vermis_10	
525660	Precentral_L	0	2540	29032	88	0	0	14536	0	0	0	4254	0	200	0	0	0	10862	0	41012	8432	0	0	0	0	0	0	0	0	15312	0	0	0	80	4118	632	1500	9526	1114	134	284	0	0	0	0	0	0	0	0	0	0	768	0	0	0	0	238	18582	114	1968	0	3226	0	1306	0	910	0	1584	0	38430	3168	4044	434	9646	164	5538	0	17600	2396	3724	0	4746	0	0	0	286	0	0	0	302	0	0	0	0	0	0	0	0	0	0	0	0	0	0	0	0	0	0	0	0	0	0	0	0	0	0	0	
304720	Precentral_R	2540	0	794	8756	0	0	0	3484	0	0	0	7898	0	0	0	198	0	1986	3992	20926	0	0	0	0	0	0	0	0	130	2578	106	0	564	4308	186	1440	120	4412	0	546	0	0	0	1098	0	172	0	770	0	410	0	1046	0	0	0	848	0	12300	0	472	0	846	0	1600	0	226	0	852	4984	18210	296	6024	372	1320	154	214	1352	29498	0	0	0	348	0	0	0	2676	0	0	0	1308	0	0	0	0	0	0	0	0	0	0	0	0	0	0	0	0	0	0	0	0	0	0	0	0	0	0	
850852	Frontal_Sup_L	29032	794	0	3558	4154	0	67208	756	4618	0	18276	0	18666	0	10132	204	13784	102	77028	15014	104	0	39084	1626	164	98	554	0	33030	862	12384	1726	4894	3126	414	186	2194	370	442	0	0	0	0	0	0	0	0	0	0	0	0	0	0	0	0	0	4382	0	0	0	0	0	0	0	0	0	0	0	9456	948	6352	3760	18914	776	3606	180	1406	244	1796	0	7670	0	1252	0	0	0	0	0	100	0	0	0	0	0	0	0	0	0	0	0	0	0	0	0	0	0	0	0	0	0	0	0	0	0	0	0	
580688	Frontal_Sup_R	88	8756	3558	0	0	2156	136	37462	0	554	1096	11086	1024	13342	0	3712	0	1840	5784	41450	0	0	12658	33432	0	5838	0	660	268	7462	6658	33632	786	17068	0	0	0	1460	0	328	0	0	0	0	0	0	0	0	0	0	0	0	0	0	0	200	0	106	0	0	0	0	0	0	0	0	0	0	150	234	140	19140	0	12652	0	774	0	4654	0	0	0	0	0	0	0	0	0	0	0	0	0	0	0	0	0	0	0	0	0	0	0	0	0	0	0	0	0	0	0	0	0	0	0	0	0	0	
78432	Frontal_Sup_Orb_L	0	0	4154	0	0	0	816	0	6588	0	0	0	448	0	6496	0	0	0	0	0	2092	0	2988	0	724	0	4476	0	3158	0	2938	0	0	0	0	0	0	0	104	0	134	0	0	0	0	0	0	0	0	0	0	0	0	0	0	0	0	0	0	0	0	0	0	0	0	0	0	0	0	0	602	0	2984	0	0	0	0	0	0	0	0	0	514	0	0	0	0	0	0	0	0	0	0	0	0	0	0	0	0	0	0	0	0	0	0	0	0	0	0	0	0	0	0	0	0	0	
62808	Frontal_Sup_Orb_R	0	0	0	2156	0	0	0	492	0	2566	0	0	0	108	0	952	0	0	0	0	0	688	90	2594	184	7160	0	6048	0	304	82	880	0	0	0	0	0	0	0	0	0	0	0	0	0	0	0	0	0	0	0	0	0	0	0	0	0	0	0	0	0	0	0	0	0	0	0	0	0	0	0	3964	0	3136	0	0	0	0	0	0	0	0	0	0	0	0	0	0	0	0	0	0	0	0	0	0	0	0	0	0	0	0	0	0	0	0	0	0	0	0	0	0	0	0	0	0	
479668	Frontal_Mid_L	14536	0	67208	136	816	0	0	0	5044	0	5136	98	30406	0	14768	0	4570	114	16286	356	0	0	16480	322	0	0	0	0	21202	228	5418	172	3632	206	260	294	2146	504	462	106	0	0	0	0	0	0	0	0	0	0	0	0	0	0	0	80	228	0	0	0	0	0	0	0	0	0	0	0	0	116	7538	1864	12138	308	318	0	1194	228	544	0	3036	0	1336	0	0	0	0	0	0	0	0	0	0	0	0	0	0	0	0	0	0	0	0	0	0	0	0	0	0	0	0	0	0	0	0	0	
259220	Frontal_Mid_R	0	3484	756	37462	0	492	0	0	0	2854	250	14168	272	13906	0	9516	0	610	2124	7496	0	0	1270	5730	0	294	0	338	0	7392	580	2948	120	3688	0	0	0	924	0	198	0	0	0	0	0	0	0	0	0	0	0	0	0	0	0	104	0	94	0	0	0	0	0	0	0	0	0	0	128	0	0	6366	0	5328	0	384	0	334	0	0	0	0	0	0	0	0	0	0	0	0	0	0	0	0	0	0	0	0	0	0	0	0	0	0	0	0	0	0	0	0	0	0	0	0	0	0	
59980	Frontal_Mid_Orb_L	0	0	4618	0	6588	0	5044	0	0	0	0	0	2556	0	7476	0	0	0	0	0	94	0	132	0	0	0	674	0	1204	0	290	0	0	0	0	0	0	0	0	0	0	0	0	0	0	0	0	0	0	0	0	0	0	0	0	0	0	0	0	0	0	0	0	0	0	0	0	0	0	0	82	0	1114	0	0	0	0	0	0	0	0	0	118	0	0	0	0	0	0	0	0	0	0	0	0	0	0	0	0	0	0	0	0	0	0	0	0	0	0	0	0	0	0	0	0	0	
30968	Frontal_Mid_Orb_R	0	0	0	554	0	2566	0	2854	0	0	0	206	0	348	0	4388	0	0	0	0	0	0	0	110	0	0	0	716	0	634	0	0	0	0	0	0	0	152	0	0	0	0	0	0	0	0	0	0	0	0	0	0	0	0	0	0	0	0	0	0	0	0	0	0	0	0	0	0	0	0	0	1378	0	1578	0	0	0	0	0	0	0	0	0	0	0	0	0	0	0	0	0	0	0	0	0	0	0	0	0	0	0	0	0	0	0	0	0	0	0	0	0	0	0	0	0	0	
205500	Frontal_Inf_Oper_L	4254	0	18276	1096	0	0	5136	250	0	0	0	0	16334	0	414	0	9056	0	14012	1694	0	0	802	0	0	0	0	0	19222	284	870	194	448	106	0	0	92	0	0	0	0	0	0	0	0	0	0	0	0	0	0	0	0	0	0	0	334	0	0	0	0	0	0	0	0	0	0	0	0	0	1370	960	860	392	0	0	0	0	228	0	4954	0	1112	0	0	0	0	0	0	0	0	0	0	0	0	0	0	0	0	0	0	0	0	0	0	0	0	0	0	0	0	0	0	0	0	0	
181920	Frontal_Inf_Oper_R	0	7898	0	11086	0	0	98	14168	0	206	0	0	220	16980	0	1966	0	3784	630	4778	0	0	0	352	0	0	0	0	0	14722	286	700	0	370	0	0	0	498	0	0	0	0	0	0	0	0	0	0	0	298	0	210	0	0	0	128	0	1306	0	176	0	120	0	0	0	0	0	328	0	0	0	3794	0	3318	0	140	0	972	0	0	0	210	0	616	0	370	0	0	0	232	0	0	0	0	0	0	0	0	0	0	0	0	0	0	0	0	0	0	0	0	0	0	0	0	0	0	
286936	Frontal_Inf_Tri_L	200	0	18666	1024	448	0	30406	272	2556	0	16334	220	0	0	15664	0	1796	128	9066	1752	0	0	2366	0	0	0	0	0	23888	506	2336	196	1752	190	0	0	0	86	0	0	0	0	0	0	0	0	0	0	0	0	0	0	0	0	0	0	0	0	0	0	0	0	0	0	0	0	0	0	0	102	5134	2660	2778	240	0	0	0	0	0	0	1342	0	1360	0	0	0	0	0	0	0	0	0	0	0	0	0	0	0	0	0	0	0	0	0	0	0	0	0	0	0	0	0	0	0	0	0	
136892	Frontal_Inf_Tri_R	0	0	0	13342	0	108	0	13906	0	348	0	16980	0	0	0	2568	0	130	1172	7530	0	0	0	922	0	0	0	0	0	5824	212	704	0	1902	0	0	0	0	0	0	0	0	0	0	0	0	0	0	0	0	0	0	0	0	0	0	0	0	0	0	0	0	0	0	0	0	0	0	0	0	0	1152	0	1646	0	0	0	0	0	0	0	0	0	0	0	0	0	0	0	0	0	0	0	0	0	0	0	0	0	0	0	0	0	0	0	0	0	0	0	0	0	0	0	0	0	0	
182080	Frontal_Inf_Orb_L	0	0	10132	0	6496	0	14768	0	7476	0	414	0	15664	0	0	0	0	0	1008	154	2324	0	906	0	0	0	924	0	17674	0	770	0	752	0	0	0	0	0	266	0	522	0	0	0	0	0	0	0	0	0	0	0	0	0	0	0	0	0	0	0	0	0	0	0	0	0	0	0	0	0	1800	400	4772	0	0	0	0	0	0	0	0	0	3818	0	0	0	0	0	0	0	0	0	0	0	0	0	0	0	0	0	0	0	0	0	0	0	0	0	0	0	0	0	0	0	0	0	
115132	Frontal_Inf_Orb_R	0	198	204	3712	0	952	0	9516	0	4388	0	1966	0	2568	0	0	0	84	536	752	0	796	0	312	0	0	0	720	0	13906	96	288	0	0	0	0	0	532	0	80	0	214	0	0	0	0	0	0	0	0	0	0	0	0	0	0	0	0	0	0	0	0	0	0	0	0	0	0	0	0	0	9244	0	6088	0	92	0	182	0	0	0	0	0	140	0	0	0	0	0	0	0	0	0	0	0	0	0	0	0	0	0	0	0	0	0	0	0	0	0	0	0	0	0	0	0	0	
222900	Rolandic_Oper_L	10862	0	13784	0	0	0	4570	0	0	0	9056	0	1796	0	0	0	0	0	13068	0	0	0	0	0	0	0	0	0	20730	0	0	0	0	0	0	0	836	0	0	0	0	0	0	0	0	0	0	0	0	0	1038	0	226	0	272	0	5904	0	570	0	338	0	1954	0	236	0	508	0	782	0	674	166	170	154	0	0	0	0	2320	0	17288	0	950	0	1784	0	0	0	1414	0	0	0	0	0	0	0	0	0	0	0	0	0	0	0	0	0	0	0	0	0	0	0	0	0	0	0	
108812	Rolandic_Oper_R	0	1986	102	1840	0	0	114	610	0	0	0	3784	128	130	0	84	0	0	744	7022	0	0	0	0	0	0	0	0	582	13048	0	0	0	94	0	0	0	1084	0	78	0	0	0	0	0	0	0	0	0	88	0	84	0	0	0	624	0	2948	0	136	0	152	0	5048	0	264	0	236	1022	140	0	568	0	2730	0	118	0	808	494	2536	0	3084	0	414	0	752	0	0	0	730	0	0	0	0	0	0	0	0	0	0	0	0	0	0	0	0	0	0	0	0	0	0	0	0	0	0	
809624	Supp_Motor_Area_L	41012	3992	77028	5784	0	0	16286	2124	0	0	14012	630	9066	1172	1008	536	13068	744	0	40602	0	0	6394	2224	0	0	0	0	28644	2342	4184	2470	9786	21158	532	660	2074	972	0	166	0	0	0	314	0	118	0	120	0	0	0	0	0	0	0	396	5332	282	0	126	0	272	0	0	0	220	0	1144	28120	6196	6450	7044	13688	2786	5642	792	5008	784	1902	0	7208	348	466	88	0	662	0	0	140	494	0	0	0	0	0	0	0	0	0	0	0	0	0	0	0	0	0	0	0	0	0	0	0	0	0	0	
748532	Supp_Motor_Area_R	8432	20926	15014	41450	0	0	356	7496	0	0	1694	4778	1752	7530	154	752	0	7022	40602	0	0	0	2570	9268	0	914	0	0	1276	6908	2902	14294	8648	51262	358	732	122	3502	0	578	0	0	0	286	0	0	0	184	0	0	0	0	0	0	0	1510	0	2532	0	0	0	0	0	86	0	0	0	398	23984	31308	2368	19660	1020	11242	212	2128	1858	12724	0	260	0	338	0	0	0	446	0	0	0	430	0	0	0	0	0	0	0	0	0	0	0	0	0	0	0	0	0	0	0	0	0	0	0	0	0	0	
48440	Olfactory_L	0	0	104	0	2092	0	0	0	94	0	0	0	0	0	2324	0	0	0	0	0	0	2566	0	0	0	0	1234	0	2740	0	2012	664	0	0	0	0	370	0	798	0	736	0	0	0	0	0	0	0	0	0	0	0	0	0	0	0	0	0	0	0	0	0	0	0	0	0	0	0	0	0	4308	1510	1958	0	0	0	0	0	0	0	0	0	710	0	0	0	0	0	0	0	0	0	0	0	0	0	0	0	0	0	0	0	0	0	0	0	0	0	0	0	0	0	0	0	0	0	
43276	Olfactory_R	0	0	0	0	0	688	0	0	0	0	0	0	0	0	0	796	0	0	0	0	2566	0	0	0	0	212	250	1216	0	1756	1752	1710	0	0	0	0	0	374	0	88	0	938	0	0	0	0	0	0	0	0	0	0	0	0	0	0	0	0	0	0	0	0	0	0	0	0	0	0	0	0	4134	3344	1616	116	0	0	0	0	0	0	0	0	0	82	0	0	0	0	0	0	0	0	0	0	0	0	0	0	0	0	0	0	0	0	0	0	0	0	0	0	0	0	0	0	0	0	
335616	Frontal_Sup_Medial_L	0	0	39084	12658	2988	90	16480	1270	132	0	802	0	2366	0	906	0	0	0	6394	2570	0	0	0	19720	950	1906	746	0	2878	120	21012	13394	4336	10408	0	0	0	0	0	0	0	0	0	0	0	0	0	0	0	0	0	0	0	0	0	0	0	0	0	0	0	0	0	0	0	0	0	0	0	0	1832	1824	2032	726	0	0	0	0	0	0	0	0	184	0	0	0	0	0	0	0	0	0	0	0	0	0	0	0	0	0	0	0	0	0	0	0	0	0	0	0	0	0	0	0	0	0	
300668	Frontal_Sup_Medial_R	0	0	1626	33432	0	2594	322	5730	0	110	0	352	0	922	0	312	0	0	2224	9268	0	0	19720	0	306	10514	0	590	0	590	4864	23566	456	12442	0	0	0	0	0	0	0	0	0	0	0	0	0	0	0	0	0	0	0	0	0	0	0	0	0	0	0	0	0	0	0	0	0	0	0	0	0	13860	0	6534	0	0	0	0	0	0	0	0	0	0	0	0	0	0	0	0	0	0	0	0	0	0	0	0	0	0	0	0	0	0	0	0	0	0	0	0	0	0	0	0	0	0	
9936	Frontal_Med_Orb_L	0	0	164	0	724	184	0	0	0	0	0	0	0	0	0	0	0	0	0	0	0	0	950	306	0	626	536	118	0	0	1206	154	0	0	0	0	0	0	0	0	0	0	0	0	0	0	0	0	0	0	0	0	0	0	0	0	0	0	0	0	0	0	0	0	0	0	0	0	0	0	0	0	0	0	0	0	0	0	0	0	0	0	0	0	0	0	0	0	0	0	0	0	0	0	0	0	0	0	0	0	0	0	0	0	0	0	0	0	0	0	0	0	0	0	0	0	
114040	Frontal_Med_Orb_R	0	0	98	5838	0	7160	0	294	0	0	0	0	0	0	0	0	0	0	0	914	0	212	1906	10514	626	0	0	5494	0	108	1338	10284	0	274	0	0	0	0	0	0	0	0	0	0	0	0	0	0	0	0	0	0	0	0	0	0	0	0	0	0	0	0	0	0	0	0	0	0	0	0	0	9690	0	2270	0	0	0	0	0	0	0	0	0	0	0	0	0	0	0	0	0	0	0	0	0	0	0	0	0	0	0	0	0	0	0	0	0	0	0	0	0	0	0	0	0	0	
28824	Rectus_L	0	0	554	0	4476	0	0	0	674	0	0	0	0	0	924	0	0	0	0	0	1234	250	746	0	536	0	0	0	158	0	2722	210	0	0	0	0	0	0	0	0	0	0	0	0	0	0	0	0	0	0	0	0	0	0	0	0	0	0	0	0	0	0	0	0	0	0	0	0	0	0	1072	90	766	0	0	0	0	0	0	0	0	0	0	0	0	0	0	0	0	0	0	0	0	0	0	0	0	0	0	0	0	0	0	0	0	0	0	0	0	0	0	0	0	0	0	0	
41060	Rectus_R	0	0	0	660	0	6048	0	338	0	716	0	0	0	0	0	720	0	0	0	0	0	1216	0	590	118	5494	0	0	0	492	286	2046	0	0	0	0	0	0	0	0	0	0	0	0	0	0	0	0	0	0	0	0	0	0	0	0	0	0	0	0	0	0	0	0	0	0	0	0	0	0	0	1410	0	396	0	0	0	0	0	0	0	0	0	0	0	0	0	0	0	0	0	0	0	0	0	0	0	0	0	0	0	0	0	0	0	0	0	0	0	0	0	0	0	0	0	0	
582268	Insula_L	15312	130	33030	268	3158	0	21202	0	1204	0	19222	0	23888	0	17674	0	20730	582	28644	1276	2740	0	2878	0	0	0	158	0	0	1112	2830	0	2546	184	560	640	12382	770	1228	114	2512	0	0	0	0	0	0	0	0	0	412	0	410	0	964	80	3126	0	0	0	94	0	264	0	0	0	108	0	1632	302	11544	2046	19942	598	0	128	1258	372	8326	0	13784	0	4982	0	1368	0	0	0	2420	0	0	0	0	0	0	0	0	0	0	0	0	0	0	0	0	0	0	0	0	0	0	0	0	0	0	0	
255112	Insula_R	0	2578	862	7462	0	304	228	7392	0	634	284	14722	506	5824	0	13906	0	13048	2342	6908	0	1756	120	590	0	108	0	492	1112	0	484	1408	142	240	0	0	0	4066	0	666	0	2360	0	0	0	0	0	0	0	214	0	162	0	0	0	1274	0	484	0	124	0	144	0	602	0	206	0	328	692	82	248	10084	0	15866	0	154	0	1474	918	1190	0	1132	0	706	0	422	0	0	0	506	0	0	0	0	0	0	0	0	0	0	0	0	0	0	0	0	0	0	0	0	0	0	0	0	0	0	
243580	Cingulum_Ant_L	0	106	12384	6658	2938	82	5418	580	290	0	870	286	2336	212	770	96	0	0	4184	2902	2012	1752	21012	4864	1206	1338	2722	286	2830	484	0	16178	4062	4492	132	0	0	102	0	0	0	0	0	0	0	0	0	0	0	0	0	0	0	0	0	0	0	0	0	0	0	0	0	0	0	0	0	0	0	0	7076	4482	4812	1722	0	0	0	0	0	0	0	0	114	0	0	0	0	0	0	0	0	0	0	0	0	0	0	0	0	0	0	0	0	0	0	0	0	0	0	0	0	0	0	0	0	0	
357416	Cingulum_Ant_R	0	0	1726	33632	0	880	172	2948	0	0	194	700	196	704	0	288	0	0	2470	14294	664	1710	13394	23566	154	10284	210	2046	0	1408	16178	0	896	17666	0	0	0	0	0	0	0	0	0	0	0	0	0	0	0	0	0	0	0	0	0	0	0	0	0	0	0	0	0	0	0	0	0	0	0	0	1950	19882	774	9366	0	0	0	356	0	0	0	0	0	0	0	0	0	0	0	0	0	0	0	0	0	0	0	0	0	0	0	0	0	0	0	0	0	0	0	0	0	0	0	0	0	0	
151596	Cingulum_Mid_L	80	564	4894	786	0	0	3632	120	0	0	448	0	1752	0	752	0	0	0	9786	8648	0	0	4336	456	0	0	0	0	2546	142	4062	896	0	11438	3266	710	0	0	0	0	0	0	542	0	414	0	0	0	284	0	652	0	0	0	0	0	136	360	0	0	0	0	0	0	0	0	3372	826	5508	2062	834	352	620	0	0	0	0	0	0	0	0	0	182	0	184	0	0	0	156	0	0	0	0	0	0	0	0	0	0	0	0	0	0	0	0	0	0	0	0	0	0	0	0	0	0	0	
538316	Cingulum_Mid_R	4118	4308	3126	17068	0	0	206	3688	0	0	106	370	190	1902	0	0	0	94	21158	51262	0	0	10408	12442	0	274	0	0	184	240	4492	17666	11438	0	1902	7652	0	1300	0	164	0	0	0	2238	0	2784	0	564	0	1890	0	818	0	138	0	2112	0	6178	0	838	0	1374	0	106	0	1962	376	17992	17492	24958	1356	1520	0	184	0	0	1282	1146	0	0	0	1146	0	0	0	3126	0	0	0	1820	0	0	0	0	0	0	0	0	0	0	0	0	0	0	0	0	0	0	0	0	0	0	0	0	0	0	
110340	Cingulum_Post_L	632	186	414	0	0	0	260	0	0	0	0	0	0	0	0	0	0	0	532	358	0	0	0	0	0	0	0	0	560	0	132	0	3266	1902	0	8930	5474	3968	1694	442	0	0	2098	188	734	0	1068	0	0	0	228	0	1036	0	434	544	96	848	0	0	0	0	0	0	0	0	5546	1918	4618	1556	0	0	808	0	0	0	2678	1022	0	0	0	0	0	0	456	0	0	0	544	0	0	0	0	0	0	0	0	0	0	0	0	0	0	0	0	0	0	0	0	0	0	0	0	0	0	0	
158088	Cingulum_Post_R	1500	1440	186	0	0	0	294	0	0	0	0	0	0	0	0	0	0	0	660	732	0	0	0	0	0	0	0	0	640	0	0	0	710	7652	8930	0	3508	6774	250	1030	0	0	0	2430	0	1452	0	1832	0	154	0	164	0	238	0	5116	0	3926	0	80	0	132	0	0	0	0	488	12806	2066	4452	0	0	960	0	0	0	3896	2434	0	0	0	0	0	0	0	780	0	0	0	838	0	0	0	0	0	0	0	0	0	0	0	0	0	0	0	0	0	0	0	0	494	0	0	0	0	0	
251160	Hippocampus_L	9526	120	2194	0	0	0	2146	0	0	0	92	0	0	0	0	0	836	0	2074	122	370	0	0	0	0	0	0	0	12382	0	0	0	0	0	5474	3508	0	3096	8574	330	4336	0	2788	0	1394	0	1558	216	0	0	912	0	122	0	10976	192	694	0	0	0	166	0	236	0	132	0	4000	674	1552	122	152	82	8716	0	426	0	4070	1072	4358	0	4678	0	922	0	6970	0	0	0	13220	0	0	0	0	0	0	0	0	0	0	0	0	0	0	0	0	0	0	0	0	0	0	0	0	0	0	0	
249728	Hippocampus_R	1114	4412	370	1460	0	0	504	924	0	152	0	498	86	0	0	532	0	1084	972	3502	0	374	0	0	0	0	0	0	770	4066	102	0	0	1300	3968	6774	3096	0	234	17450	0	8976	0	92	0	0	0	934	0	0	0	0	0	0	0	26030	0	540	0	0	0	0	0	780	0	186	0	2160	1358	1720	100	1064	1152	10102	0	356	3672	6366	0	278	0	1112	0	432	0	240	0	0	0	2936	0	0	0	0	0	0	0	348	0	0	0	0	0	0	0	0	0	0	0	0	186	0	0	0	0	0	
58616	ParaHippocampal_L	134	0	442	0	104	0	462	0	0	0	0	0	0	0	266	0	0	0	0	0	798	0	0	0	0	0	0	0	1228	0	0	0	0	0	1694	250	8574	234	0	0	1924	0	1058	0	0	0	2796	122	0	0	102	0	318	0	2804	0	0	0	0	0	0	0	0	0	0	0	1468	202	0	0	0	0	2146	0	110	0	512	192	0	0	122	0	320	0	0	0	80	0	586	0	0	0	0	0	94	0	0	0	0	0	0	0	0	0	0	0	0	0	0	166	0	0	0	0	0	0	
110580	ParaHippocampal_R	284	546	0	328	0	0	106	198	0	0	0	0	0	0	0	80	0	78	166	578	0	88	0	0	0	0	0	0	114	666	0	0	0	164	442	1030	330	17450	0	0	0	4670	0	290	0	0	0	3508	0	0	0	0	0	0	0	15476	0	0	0	0	0	0	0	0	0	0	0	716	392	250	0	160	252	2070	0	94	694	1432	0	0	0	284	0	318	0	0	0	110	0	972	0	0	0	0	0	0	0	954	0	0	0	0	0	0	0	0	0	0	0	0	0	0	0	0	0	0	
24984	Amygdala_L	0	0	0	0	134	0	0	0	0	0	0	0	0	0	522	0	0	0	0	0	736	0	0	0	0	0	0	0	2512	0	0	0	0	0	0	0	4336	0	1924	0	0	0	0	0	0	0	0	0	0	0	0	0	0	0	1374	0	0	0	0	0	0	0	0	0	0	0	0	0	0	0	0	0	0	0	0	0	0	0	0	0	140	0	394	0	0	0	0	0	420	0	0	0	0	0	0	0	0	0	0	0	0	0	0	0	0	0	0	0	0	0	0	0	0	0	0	0	
48624	Amygdala_R	0	0	0	0	0	0	0	0	0	0	0	0	0	0	0	214	0	0	0	0	0	938	0	0	0	0	0	0	0	2360	0	0	0	0	0	0	0	8976	0	4670	0	0	0	0	0	0	0	0	0	0	0	0	0	0	0	4958	0	0	0	0	0	0	0	0	0	0	0	0	0	0	0	0	0	940	0	0	0	0	0	0	0	0	0	1160	0	0	0	96	0	0	0	0	0	0	0	0	0	0	0	0	0	0	0	0	0	0	0	0	0	0	0	0	0	0	0	0	
210624	Calcarine_L	0	0	0	0	0	0	0	0	0	0	0	0	0	0	0	0	0	0	0	0	0	0	0	0	0	0	0	0	0	0	0	0	542	0	2098	0	2788	0	1058	0	0	0	0	4292	14270	3450	10698	1488	9350	162	18214	102	3152	78	1784	0	142	0	2182	0	120	0	0	0	0	0	18278	630	700	0	0	0	0	0	0	0	0	0	0	0	0	0	0	0	5846	0	0	0	3510	0	378	0	0	0	0	0	0	0	0	0	0	0	0	0	0	0	0	0	0	0	0	0	0	0	0	0	
373076	Calcarine_R	0	1098	0	0	0	0	0	0	0	0	0	0	0	0	0	0	0	0	314	286	0	0	0	0	0	0	0	0	0	0	0	0	0	2238	188	2430	0	92	0	290	0	0	4292	0	3554	26114	778	31028	228	16372	0	15828	0	13284	0	7810	0	6886	0	3108	0	2152	0	148	0	1480	5580	25662	312	2946	0	0	0	0	0	0	0	0	0	0	0	84	0	0	0	6874	0	0	0	3242	0	538	0	0	0	0	0	0	0	716	0	0	0	0	0	0	0	0	0	0	586	0	0	0	0	0	
206904	Cuneus_L	0	0	0	0	0	0	0	0	0	0	0	0	0	0	0	0	0	0	0	0	0	0	0	0	0	0	0	0	0	0	0	0	414	0	734	0	1394	0	0	0	0	0	14270	3554	0	4456	2132	290	21160	778	18802	0	2566	84	1358	0	474	0	914	0	164	0	80	0	140	0	19754	500	1084	0	0	0	0	0	0	0	0	0	0	0	118	0	0	0	4598	0	0	0	3510	0	124	0	0	0	0	0	0	0	0	0	0	0	0	0	0	0	0	0	0	0	0	0	0	0	0	0	
277924	Cuneus_R	0	172	0	0	0	0	0	0	0	0	0	0	0	0	0	0	0	0	118	0	0	0	0	0	0	0	0	0	0	0	0	0	0	2784	0	1452	0	0	0	0	0	0	3450	26114	4456	0	152	6484	254	31276	0	7540	0	1760	0	1760	0	1570	0	6594	0	1352	0	0	0	916	9810	28044	112	366	0	0	0	0	0	0	0	0	0	0	0	0	0	0	0	1680	0	0	0	300	0	154	0	0	0	0	0	0	0	162	0	0	0	0	0	0	0	0	0	0	130	0	0	0	0	0	
261200	Lingual_L	0	0	0	0	0	0	0	0	0	0	0	0	0	0	0	0	0	0	0	0	0	0	0	0	0	0	0	0	0	0	0	0	0	0	1068	0	1558	0	2796	0	0	0	10698	778	2132	152	0	4258	3552	200	24768	180	18298	242	17526	1448	0	0	0	0	0	0	0	0	0	0	3096	0	0	0	0	0	0	0	0	0	0	0	0	0	0	0	0	0	266	0	0	0	300	0	6592	964	132	0	96	284	8528	2980	5942	2260	0	0	0	0	180	404	0	0	202	408	4846	2658	0	0	414	394	
314812	Lingual_R	0	770	0	0	0	0	0	0	0	0	0	0	0	0	0	0	0	0	120	184	0	0	0	0	0	0	0	0	0	0	0	0	0	564	0	1832	216	934	122	3508	0	0	1488	31028	290	6484	4258	0	0	5556	0	7940	0	12564	652	20140	0	2234	0	266	0	464	0	98	0	874	2052	8872	126	1090	0	0	0	0	0	0	0	108	0	0	0	0	0	0	0	2966	0	0	0	1064	1980	2320	0	102	0	0	2494	7564	4478	5666	0	0	0	0	0	0	0	0	0	0	8388	5262	288	0	0	0	
205316	Occipital_Sup_L	0	0	0	0	0	0	0	0	0	0	0	0	0	0	0	0	0	0	0	0	0	0	0	0	0	0	0	0	0	0	0	0	284	0	0	0	0	0	0	0	0	0	9350	228	21160	254	3552	0	0	0	38228	0	4098	0	750	0	370	0	4988	0	288	0	0	0	170	0	13804	316	620	0	0	0	0	0	0	0	0	0	0	0	0	0	0	0	2460	0	0	0	1608	0	130	0	0	0	0	0	0	0	0	0	0	0	0	0	0	0	0	0	0	0	0	0	0	0	0	0	
253712	Occipital_Sup_R	0	410	0	0	0	0	0	0	0	0	0	298	0	0	0	0	0	88	0	0	0	0	0	0	0	0	0	0	0	214	0	0	0	1890	0	154	0	0	0	0	0	0	162	16372	778	31276	200	5556	0	0	0	23924	0	1860	0	1736	0	2812	0	4998	0	1164	0	0	0	6048	4832	14620	0	240	0	0	0	0	0	0	0	0	0	0	0	130	0	0	0	4462	0	0	0	2194	0	144	0	0	0	0	0	0	0	182	0	0	0	0	0	0	0	0	0	0	112	0	0	0	0	0	
597100	Occipital_Mid_L	768	0	0	0	0	0	0	0	0	0	0	0	0	0	0	0	1038	0	0	0	0	0	0	0	0	0	0	0	412	0	0	0	652	0	228	0	912	0	102	0	0	0	18214	0	18802	0	24768	0	38228	0	0	0	28644	0	12446	0	12252	0	18788	0	16156	0	1564	0	17940	0	28120	110	2752	0	0	0	0	0	0	0	0	0	420	0	1976	0	0	0	30902	0	0	0	17324	0	4902	0	130	0	0	0	0	0	0	0	0	0	0	0	0	0	0	0	0	0	0	0	0	0	0	0	
226376	Occipital_Mid_R	0	1046	0	0	0	0	0	0	0	0	0	210	0	0	0	0	0	84	0	0	0	0	0	0	0	0	0	0	0	162	0	0	0	818	0	164	0	0	0	0	0	0	102	15828	0	7540	180	7940	0	23924	0	0	0	7928	0	3048	0	2872	0	1204	0	1200	0	78	0	12228	690	4814	0	686	0	0	0	0	0	0	0	0	0	0	0	302	0	0	0	17012	0	0	0	2438	0	160	0	0	0	0	0	0	0	280	0	0	0	0	0	0	0	0	0	0	250	0	0	0	0	0	
194144	Occipital_Inf_L	0	0	0	0	0	0	0	0	0	0	0	0	0	0	0	0	226	0	0	0	0	0	0	0	0	0	0	0	410	0	0	0	0	0	1036	0	122	0	318	0	0	0	3152	0	2566	0	18298	0	4098	0	28644	0	0	0	17514	0	664	0	0	0	146	0	162	0	154	0	2520	0	494	0	0	0	0	0	0	0	0	0	308	0	390	0	0	0	2512	0	0	0	7572	0	5674	0	92	0	0	0	0	0	0	0	0	0	0	0	0	0	0	0	0	0	0	0	0	0	0	0	
118300	Occipital_Inf_R	0	0	0	0	0	0	0	0	0	0	0	0	0	0	0	0	0	0	0	0	0	0	0	0	0	0	0	0	0	0	0	0	0	138	0	238	0	0	0	0	0	0	78	13284	84	1760	242	12564	0	1860	0	7928	0	0	0	11310	0	450	0	0	0	96	0	0	0	90	576	1754	0	186	0	0	0	0	0	0	0	0	0	0	0	0	0	0	0	2336	0	0	0	3284	0	356	0	0	0	0	0	0	0	244	0	0	0	0	0	0	0	0	0	0	292	0	0	0	0	0	
323604	Fusiform_L	0	0	0	0	0	0	0	0	0	0	0	0	0	0	0	0	272	0	0	0	0	0	0	0	0	0	0	0	964	0	0	0	0	0	434	0	10976	0	2804	0	1374	0	1784	0	1358	0	17526	652	750	0	12446	0	17514	0	0	138	262	0	0	0	88	0	188	0	96	0	2356	0	274	0	0	0	230	0	0	0	0	0	1004	0	3358	0	398	0	4136	0	480	0	14696	0	19654	394	1864	0	0	544	9916	906	21072	558	334	0	1870	0	184	718	0	0	340	422	2230	2730	182	194	926	206	
362180	Fusiform_R	238	848	0	200	0	0	80	104	0	0	0	128	0	0	0	0	0	624	396	1510	0	0	0	0	0	0	0	0	80	1274	0	0	0	2112	544	5116	192	26030	0	15476	0	4958	0	7810	0	1760	1448	20140	0	1736	0	3048	0	11310	138	0	0	1576	0	0	0	246	0	576	0	326	532	4030	354	3014	0	0	188	1682	0	0	592	1496	0	128	0	770	0	2732	0	1934	0	1660	0	10990	796	7950	0	266	0	0	1720	8600	1840	11810	0	188	0	160	0	0	0	0	0	0	4990	2364	280	0	0	0	
274692	Postcentral_L	18582	0	4382	0	0	0	228	0	0	0	334	0	0	0	0	0	5904	0	5332	0	0	0	0	0	0	0	0	0	3126	0	0	0	136	0	96	0	694	0	0	0	0	0	142	0	474	0	0	0	370	0	12252	0	664	0	262	0	0	0	17524	0	24732	0	14236	0	6984	0	8476	0	2290	0	0	0	0	0	0	0	0	0	1074	0	2434	0	0	0	3830	0	0	0	2788	0	0	0	0	0	0	0	0	0	0	0	0	0	0	0	0	0	0	0	0	0	0	0	0	0	0	0	
226572	Postcentral_R	114	12300	0	106	0	0	0	94	0	0	0	1306	0	0	0	0	0	2948	282	2532	0	0	0	0	0	0	0	0	0	484	0	0	360	6178	848	3926	0	540	0	0	0	0	0	6886	0	1570	0	2234	0	2812	0	2872	0	450	0	1576	0	0	0	8078	0	9162	0	9786	0	1238	90	13002	1326	12960	240	0	0	0	0	0	154	78	0	344	0	366	0	0	0	4202	0	0	0	1842	0	0	0	0	0	0	0	0	0	0	0	0	0	0	0	0	0	0	0	0	0	0	0	0	0	0	
202764	Parietal_Sup_L	1968	0	0	0	0	0	0	0	0	0	0	0	0	0	0	0	570	0	0	0	0	0	0	0	0	0	0	0	0	0	0	0	0	0	0	0	0	0	0	0	0	0	2182	0	914	0	0	0	4988	0	18788	0	0	0	0	0	17524	0	0	0	20070	0	1948	0	10866	0	20290	82	308	0	0	0	0	0	0	0	0	0	0	0	332	0	0	0	392	0	0	0	160	0	0	0	0	0	0	0	0	0	0	0	0	0	0	0	0	0	0	0	0	0	0	0	0	0	0	0	
113052	Parietal_Sup_R	0	472	0	0	0	0	0	0	0	0	0	176	0	0	0	0	0	136	126	0	0	0	0	0	0	0	0	0	0	124	0	0	0	838	0	80	0	0	0	0	0	0	0	3108	0	6594	0	266	0	4998	0	1204	0	0	0	0	0	8078	0	0	0	9882	0	518	0	4604	642	13224	0	730	0	0	0	0	0	0	0	0	0	0	0	78	0	0	0	380	0	0	0	268	0	0	0	0	0	0	0	0	0	0	0	0	0	0	0	0	0	0	0	0	0	0	0	0	0	0	
246748	Parietal_Inf_L	3226	0	0	0	0	0	0	0	0	0	0	0	0	0	0	0	338	0	0	0	0	0	0	0	0	0	0	0	94	0	0	0	0	0	0	0	166	0	0	0	0	0	120	0	164	0	0	0	288	0	16156	0	146	0	88	0	24732	0	20070	0	0	0	16912	0	24602	0	6750	0	668	0	0	0	0	0	0	0	0	0	0	0	522	0	0	0	3866	0	0	0	4466	0	0	0	0	0	0	0	0	0	0	0	0	0	0	0	0	0	0	0	0	0	0	0	0	0	0	0	
119256	Parietal_Inf_R	0	846	0	0	0	0	0	0	0	0	0	120	0	0	0	0	0	152	272	0	0	0	0	0	0	0	0	0	0	144	0	0	0	1374	0	132	0	0	0	0	0	0	0	2152	0	1352	0	464	0	1164	0	1200	0	96	0	246	0	9162	0	9882	0	0	0	7438	0	12068	0	6084	0	86	0	0	0	0	0	0	0	0	0	0	0	324	0	0	0	2510	0	0	0	2360	0	0	0	0	0	0	0	0	0	0	0	0	0	0	0	0	0	0	0	0	0	0	0	0	0	0	
151916	SupraMarginal_L	1306	0	0	0	0	0	0	0	0	0	0	0	0	0	0	0	1954	0	0	0	0	0	0	0	0	0	0	0	264	0	0	0	0	0	0	0	236	0	0	0	0	0	0	0	80	0	0	0	0	0	1564	0	162	0	188	0	14236	0	1948	0	16912	0	0	0	8912	0	854	0	546	0	0	0	0	0	0	0	0	0	0	0	8110	0	0	0	8502	0	0	0	10184	0	0	0	0	0	0	0	0	0	0	0	0	0	0	0	0	0	0	0	0	0	0	0	0	0	0	0	
97024	SupraMarginal_R	0	1600	0	0	0	0	0	0	0	0	0	0	0	0	0	0	0	5048	0	86	0	0	0	0	0	0	0	0	0	602	0	0	0	106	0	0	0	780	0	0	0	0	0	148	0	0	0	98	0	0	0	78	0	0	0	576	0	9786	0	518	0	7438	0	0	0	5900	0	280	0	80	0	0	0	82	0	0	0	114	0	378	0	6990	0	0	0	2832	0	0	0	4992	0	0	0	0	0	0	0	0	0	0	0	0	0	0	0	0	0	0	0	0	0	0	0	0	0	0	
192380	Angular_L	910	0	0	0	0	0	0	0	0	0	0	0	0	0	0	0	236	0	0	0	0	0	0	0	0	0	0	0	0	0	0	0	0	0	0	0	132	0	0	0	0	0	0	0	140	0	0	0	170	0	17940	0	154	0	96	0	6984	0	10866	0	24602	0	8912	0	0	0	3710	0	198	0	0	0	0	0	0	0	0	0	0	0	4162	0	0	0	11234	0	0	0	5744	0	0	0	0	0	0	0	0	0	0	0	0	0	0	0	0	0	0	0	0	0	0	0	0	0	0	0	
137288	Angular_R	0	226	0	0	0	0	0	0	0	0	0	0	0	0	0	0	0	264	220	0	0	0	0	0	0	0	0	0	0	206	0	0	0	1962	0	0	0	186	0	0	0	0	0	1480	0	916	0	874	0	6048	0	12228	0	90	0	326	0	1238	0	4604	0	12068	0	5900	0	0	0	4188	0	0	0	0	0	0	0	0	0	0	0	0	0	2524	0	0	0	10002	0	0	0	3094	0	0	0	0	0	0	0	0	0	0	0	0	0	0	0	0	0	0	0	0	0	0	0	0	0	0	
397184	Precuneus_L	1584	0	0	0	0	0	0	0	0	0	0	0	0	0	0	0	508	0	0	0	0	0	0	0	0	0	0	0	108	0	0	0	3372	376	5546	488	4000	0	1468	0	0	0	18278	5580	19754	9810	3096	2052	13804	4832	28120	690	2520	576	2356	532	8476	90	20290	642	6750	0	854	0	3710	0	0	8968	3172	128	0	0	0	0	0	0	0	0	130	0	442	0	0	0	8976	0	0	0	6160	0	80	92	0	0	0	0	0	0	0	96	0	0	0	0	0	0	0	0	0	0	86	0	0	0	0	0	
399212	Precuneus_R	0	852	0	0	0	0	0	0	0	0	0	328	0	0	0	0	0	236	1144	398	0	0	0	0	0	0	0	0	0	328	0	0	826	17992	1918	12806	674	2160	202	716	0	0	630	25662	500	28044	0	8872	316	14620	110	4814	0	1754	0	4030	0	13002	82	13224	0	6084	0	280	0	4188	8968	0	1256	5344	0	0	0	0	0	0	636	652	0	0	0	1218	0	0	0	8122	0	0	0	5664	0	0	0	0	0	0	0	0	0	0	0	0	0	0	0	0	0	0	0	0	954	0	0	0	0	0	
407952	Paracentral_Lobule_L	38430	4984	9456	150	0	0	0	128	0	0	0	0	0	0	0	0	782	1022	28120	23984	0	0	0	0	0	0	0	0	1632	692	0	0	5508	17492	4618	2066	1552	1358	0	392	0	0	700	312	1084	112	0	126	620	0	2752	0	494	0	274	354	2290	1326	308	0	668	0	546	0	198	0	3172	1256	0	11052	1616	2240	3946	1866	3820	104	15352	2470	472	0	120	0	0	0	998	0	0	0	962	0	0	0	0	0	0	0	0	0	0	0	0	0	0	0	0	0	0	0	0	0	0	0	0	0	0	0	
313000	Paracentral_Lobule_R	3168	18210	948	234	0	0	116	0	0	0	0	0	102	0	0	0	0	140	6196	31308	0	0	0	0	0	0	0	0	302	82	0	0	2062	24958	1556	4452	122	1720	0	250	0	0	0	2946	0	366	0	1090	0	240	0	686	0	186	0	3014	0	12960	0	730	0	86	0	80	0	0	128	5344	11052	0	1154	2984	382	0	158	0	1636	7722	0	0	0	654	0	0	0	4470	0	0	0	2506	0	0	0	0	0	0	0	0	0	0	0	0	0	0	0	0	0	0	0	0	0	0	0	0	0	0	
203316	Caudate_L	4044	296	6352	140	602	0	7538	0	82	0	1370	0	5134	0	1800	0	674	0	6450	2368	4308	4134	1832	0	0	0	1072	0	11544	248	7076	1950	834	1356	0	0	152	100	0	0	0	0	0	0	0	0	0	0	0	0	0	0	0	0	0	0	0	240	0	0	0	0	0	0	0	0	0	0	1616	1154	0	7812	13692	348	552	0	3638	564	112	0	266	0	208	0	0	0	0	0	0	0	0	0	0	0	0	0	0	0	0	0	0	0	0	0	0	0	0	0	0	0	0	0	0	0	0	0	
437116	Caudate_R	434	6024	3760	19140	0	3964	1864	6366	0	1378	960	3794	2660	1152	400	9244	166	568	7044	19660	1510	3344	1824	13860	0	9690	90	1410	2046	10084	4482	19882	352	1520	0	0	82	1064	0	160	0	0	0	0	0	0	0	0	0	0	0	0	0	0	0	0	0	0	0	0	0	0	0	0	0	0	0	0	2240	2984	7812	0	1866	27472	0	2654	636	12606	0	0	102	0	0	208	0	0	0	0	0	0	0	0	0	0	0	0	0	0	0	0	0	0	0	0	0	0	0	0	0	0	0	0	0	0	0	0	
290932	Putamen_L	9646	372	18914	0	2984	0	12138	0	1114	0	860	0	2778	0	4772	0	170	0	13688	1020	1958	1616	2032	0	0	0	766	0	19942	0	4812	774	620	0	808	960	8716	1152	2146	252	0	0	0	0	0	0	0	0	0	0	0	0	0	0	230	188	0	0	0	0	0	0	0	0	0	0	0	0	3946	382	13692	1866	0	192	5708	110	1906	664	144	0	844	0	488	0	0	0	0	0	96	0	0	0	0	0	0	0	0	0	0	0	0	0	0	0	0	0	0	0	0	0	0	0	0	0	0	0	
281820	Putamen_R	164	1320	776	12652	0	3136	308	5328	0	1578	392	3318	240	1646	0	6088	154	2730	2786	11242	0	116	726	6534	0	2270	0	396	598	15866	1722	9366	0	184	0	0	0	10102	0	2070	0	940	0	0	0	0	0	0	0	0	0	0	0	0	0	1682	0	0	0	0	0	0	0	82	0	0	0	0	1866	0	348	27472	192	0	0	2458	0	1270	0	82	80	296	0	144	0	0	0	0	0	190	0	0	0	0	0	0	0	0	0	0	0	0	0	0	0	0	0	0	0	0	0	0	0	0	0	0	
55340	Pallidum_L	5538	154	3606	0	0	0	318	0	0	0	0	0	0	0	0	0	0	0	5642	212	0	0	0	0	0	0	0	0	0	0	0	0	0	0	0	0	426	0	110	0	0	0	0	0	0	0	0	0	0	0	0	0	0	0	0	0	0	0	0	0	0	0	0	0	0	0	0	0	3820	158	552	0	5708	0	0	0	1426	0	0	0	0	0	0	0	0	0	0	0	0	0	0	0	0	0	0	0	0	0	0	0	0	0	0	0	0	0	0	0	0	0	0	0	0	0	0	0	
21760	Pallidum_R	0	214	180	774	0	0	0	384	0	0	0	140	0	0	0	92	0	118	792	2128	0	0	0	0	0	0	0	0	128	154	0	0	0	0	0	0	0	356	0	94	0	0	0	0	0	0	0	0	0	0	0	0	0	0	0	0	0	0	0	0	0	0	0	0	0	0	0	0	104	0	0	2654	110	2458	0	0	0	0	0	0	0	0	0	0	0	0	0	0	0	0	0	0	0	0	0	0	0	0	0	0	0	0	0	0	0	0	0	0	0	0	0	0	0	0	0	0	
157124	Thalamus_L	17600	1352	1406	0	0	0	1194	0	0	0	0	0	0	0	0	0	0	0	5008	1858	0	0	0	0	0	0	0	0	1258	0	0	0	0	1282	2678	3896	4070	3672	512	694	0	0	0	0	0	0	0	0	0	0	0	0	0	0	0	592	0	154	0	0	0	0	0	0	0	0	0	636	15352	1636	3638	636	1906	0	1426	0	0	6106	0	0	0	0	0	0	0	0	0	0	0	0	0	0	0	0	0	0	0	0	0	0	0	0	0	0	0	0	0	0	0	0	0	0	0	0	0	0	
205468	Thalamus_R	2396	29498	244	4654	0	0	228	334	0	0	0	972	0	0	0	182	0	808	784	12724	0	0	0	0	0	0	0	0	372	1474	0	356	0	1146	1022	2434	1072	6366	192	1432	0	0	0	0	0	0	0	108	0	0	0	0	0	0	0	1496	0	78	0	0	0	0	0	114	0	0	0	652	2470	7722	564	12606	664	1270	0	0	6106	0	0	0	0	0	0	194	0	0	0	0	0	0	0	0	0	0	0	0	0	0	0	0	0	0	0	0	0	0	0	0	0	0	0	0	0	0	0	0	
69936	Heschl_L	3724	0	1796	0	0	0	544	0	0	0	228	0	0	0	0	0	2320	494	1902	0	0	0	0	0	0	0	0	0	8326	918	0	0	0	0	0	0	4358	0	0	0	0	0	0	0	0	0	0	0	0	0	420	0	308	0	1004	0	1074	0	0	0	0	0	0	0	0	0	130	0	472	0	112	0	144	0	0	0	0	0	0	0	2906	0	0	0	2312	0	0	0	1476	0	0	0	0	0	0	0	0	0	0	0	0	0	0	0	0	0	0	0	0	0	0	0	0	0	0	0	
14496	Heschl_R	0	0	0	0	0	0	0	0	0	0	0	0	0	0	0	0	0	2536	0	260	0	0	0	0	0	0	0	0	0	1190	0	0	0	0	0	0	0	278	0	0	0	0	0	0	0	0	0	0	0	0	0	0	0	0	0	128	0	344	0	0	0	0	0	378	0	0	0	0	0	0	0	0	0	82	0	0	0	0	0	0	0	1632	0	0	0	322	0	0	0	98	0	0	0	0	0	0	0	0	0	0	0	0	0	0	0	0	0	0	0	0	0	0	0	0	0	0	
256220	Temporal_Sup_L	4746	0	7670	0	0	0	3036	0	0	0	4954	0	1342	0	0	0	17288	0	7208	0	0	0	0	0	0	0	0	0	13784	0	0	0	0	0	0	0	4678	0	122	0	140	0	0	0	118	0	0	0	0	0	1976	0	390	0	3358	0	2434	0	332	0	522	0	8110	0	4162	0	442	0	120	0	266	102	844	80	0	0	0	0	2906	0	0	0	2912	0	19670	0	0	0	14398	0	0	0	0	0	0	0	0	0	0	0	0	0	0	0	0	0	0	0	0	0	0	0	0	0	0	0	
73372	Temporal_Sup_R	0	348	0	0	0	0	0	0	0	0	0	210	0	0	0	0	0	3084	348	338	0	0	0	0	0	0	0	0	0	1132	0	0	0	1146	0	0	0	1112	0	284	0	0	0	84	0	0	0	0	0	130	0	302	0	0	0	770	0	366	0	78	0	324	0	6990	0	2524	0	1218	0	654	0	0	0	296	0	0	0	0	0	1632	0	0	0	366	0	9096	0	106	0	3748	0	0	0	0	0	0	0	0	0	0	0	0	0	0	0	0	0	0	0	0	0	0	0	0	0	0	
65276	Temporal_Pole_Sup_L	0	0	1252	0	514	0	1336	0	118	0	1112	0	1360	0	3818	0	950	0	466	0	710	0	184	0	0	0	0	0	4982	0	114	0	182	0	0	0	922	0	320	0	394	0	0	0	0	0	0	0	0	0	0	0	0	0	398	0	0	0	0	0	0	0	0	0	0	0	0	0	0	0	208	0	488	0	0	0	0	0	0	0	2912	0	0	0	3948	0	2878	0	3072	0	0	0	0	0	0	0	0	0	0	0	0	0	0	0	0	0	0	0	0	0	0	0	0	0	0	0	
29988	Temporal_Pole_Sup_R	0	0	0	0	0	0	0	0	0	0	0	616	0	0	0	140	0	414	88	0	0	82	0	0	0	0	0	0	0	706	0	0	0	0	0	0	0	432	0	318	0	1160	0	0	0	0	0	0	0	0	0	0	0	0	0	2732	0	0	0	0	0	0	0	0	0	0	0	0	0	0	0	208	0	144	0	0	0	194	0	0	0	366	0	0	0	958	0	2982	0	3454	0	0	0	0	0	0	0	0	0	0	0	0	0	0	0	0	0	0	0	0	0	0	0	0	0	0	
353828	Temporal_Mid_L	286	0	0	0	0	0	0	0	0	0	0	0	0	0	0	0	1784	0	0	0	0	0	0	0	0	0	0	0	1368	0	0	0	184	0	456	0	6970	0	0	0	0	0	5846	0	4598	0	266	0	2460	0	30902	0	2512	0	4136	0	3830	0	392	0	3866	0	8502	0	11234	0	8976	0	998	0	0	0	0	0	0	0	0	0	2312	0	19670	0	3948	0	0	0	2028	0	49082	0	308	0	0	0	0	0	0	0	0	0	0	0	0	0	0	0	0	0	0	0	0	0	0	0	0	0	
230652	Temporal_Mid_R	0	2676	0	0	0	0	0	0	0	0	0	370	0	0	0	0	0	752	662	446	0	0	0	0	0	0	0	0	0	422	0	0	0	3126	0	780	0	240	0	0	0	0	0	6874	0	1680	0	2966	0	4462	0	17012	0	2336	0	1934	0	4202	0	380	0	2510	0	2832	0	10002	0	8122	0	4470	0	0	0	0	0	0	0	0	0	322	0	9096	0	958	0	0	0	388	0	25306	0	0	0	0	0	0	0	0	0	0	0	0	0	0	0	0	0	0	0	0	0	0	0	0	0	0	
15592	Temporal_Pole_Mid_L	0	0	0	0	0	0	0	0	0	0	0	0	0	0	0	0	0	0	0	0	0	0	0	0	0	0	0	0	0	0	0	0	0	0	0	0	0	0	80	0	0	0	0	0	0	0	0	0	0	0	0	0	0	0	480	0	0	0	0	0	0	0	0	0	0	0	0	0	0	0	0	0	0	0	0	0	0	0	0	0	0	0	2878	0	2028	0	0	0	2330	0	0	0	0	0	0	0	0	0	0	0	0	0	0	0	0	0	0	0	0	0	0	0	0	0	0	0	
17344	Temporal_Pole_Mid_R	0	0	0	0	0	0	0	0	0	0	0	0	0	0	0	0	0	0	0	0	0	0	0	0	0	0	0	0	0	0	0	0	0	0	0	0	0	0	0	110	0	96	0	0	0	0	0	0	0	0	0	0	0	0	0	1660	0	0	0	0	0	0	0	0	0	0	0	0	0	0	0	0	0	0	0	0	0	0	0	0	0	106	0	2982	0	388	0	0	0	3330	0	0	0	0	0	0	0	0	0	0	0	0	0	0	0	0	0	0	0	0	0	0	0	0	0	0	
343428	Temporal_Inf_L	302	0	100	0	0	0	0	0	0	0	0	0	0	0	0	0	1414	0	140	0	0	0	0	0	0	0	0	0	2420	0	0	0	156	0	544	0	13220	0	586	0	420	0	3510	0	3510	0	300	0	1608	0	17324	0	7572	0	14696	0	2788	0	160	0	4466	0	10184	0	5744	0	6160	0	962	0	0	0	96	0	0	0	0	0	1476	0	14398	0	3072	0	49082	0	2330	0	0	0	2052	0	144	0	0	0	0	0	778	0	0	0	0	0	0	0	0	0	0	0	0	0	0	0	0	0	
181260	Temporal_Inf_R	0	1308	0	0	0	0	0	0	0	0	0	232	0	0	0	0	0	730	494	430	0	0	0	0	0	0	0	0	0	506	0	0	0	1820	0	838	0	2936	0	972	0	0	0	3242	0	300	0	1064	0	2194	0	2438	0	3284	0	10990	0	1842	0	268	0	2360	0	4992	0	3094	0	5664	0	2506	0	0	0	190	0	0	0	0	0	98	0	3748	0	3454	0	25306	0	3330	0	0	0	0	0	0	0	0	0	0	0	0	0	0	0	0	0	0	0	0	0	0	0	0	0	0	0	0	
462696	Cerebelum_Crus1_L	0	0	0	0	0	0	0	0	0	0	0	0	0	0	0	0	0	0	0	0	0	0	0	0	0	0	0	0	0	0	0	0	0	0	0	0	0	0	0	0	0	0	378	0	124	0	6592	1980	130	0	4902	0	5674	0	19654	796	0	0	0	0	0	0	0	0	0	0	80	0	0	0	0	0	0	0	0	0	0	0	0	0	0	0	0	0	308	0	0	0	2052	0	0	6452	27870	5644	650	642	17194	2056	55304	4934	11500	208	17712	3762	2076	1254	0	0	742	852	4056	9492	9786	3302	2612	578	
416872	Cerebelum_Crus1_R	0	0	0	0	0	0	0	0	0	0	0	0	0	0	0	0	0	0	0	0	0	0	0	0	0	0	0	0	0	0	0	0	0	0	0	0	0	0	0	0	0	0	0	538	0	154	964	2320	0	144	0	160	0	356	394	7950	0	0	0	0	0	0	0	0	0	0	92	0	0	0	0	0	0	0	0	0	0	0	0	0	0	0	0	0	0	0	0	0	0	0	6452	0	4582	33620	140	3714	3508	20302	4790	53962	778	11398	596	15666	172	942	0	80	246	1640	7942	10192	12032	1594	892	124	
283452	Cerebelum_Crus2_L	0	0	0	0	0	0	0	0	0	0	0	0	0	0	0	0	0	0	0	0	0	0	0	0	0	0	0	0	0	0	0	0	0	0	0	0	0	0	0	0	0	0	0	0	0	0	132	0	0	0	130	0	92	0	1864	0	0	0	0	0	0	0	0	0	0	0	0	0	0	0	0	0	0	0	0	0	0	0	0	0	0	0	0	0	0	0	0	0	144	0	27870	4582	0	7682	106	0	1192	0	7914	1218	30852	2004	31948	6068	1870	402	110	0	0	0	0	1416	9172	4668	290	0	
262328	Cerebelum_Crus2_R	0	0	0	0	0	0	0	0	0	0	0	0	0	0	0	0	0	0	0	0	0	0	0	0	0	0	0	0	0	0	0	0	0	0	0	0	0	0	0	0	0	0	0	0	0	0	0	102	0	0	0	0	0	0	0	266	0	0	0	0	0	0	0	0	0	0	0	0	0	0	0	0	0	0	0	0	0	0	0	0	0	0	0	0	0	0	0	0	0	0	5644	33620	7682	0	134	1268	746	2726	1372	10304	2368	20970	1710	25694	0	722	0	164	0	606	1198	1416	10020	2208	224	0	
23312	Cerebelum_3_L	0	0	0	0	0	0	0	0	0	0	0	0	0	0	0	0	0	0	0	0	0	0	0	0	0	0	0	0	0	0	0	0	0	0	0	0	0	0	94	0	0	0	0	0	0	0	96	0	0	0	0	0	0	0	0	0	0	0	0	0	0	0	0	0	0	0	0	0	0	0	0	0	0	0	0	0	0	0	0	0	0	0	0	0	0	0	0	0	0	0	650	140	106	134	0	106	3962	0	1150	142	0	0	112	0	306	0	0	0	1820	2148	690	0	0	0	0	0	
70640	Cerebelum_3_R	0	0	0	0	0	0	0	0	0	0	0	0	0	0	0	0	0	0	0	0	0	0	0	0	0	0	0	0	0	0	0	0	0	0	0	0	0	0	0	0	0	0	0	0	0	0	284	0	0	0	0	0	0	0	544	0	0	0	0	0	0	0	0	0	0	0	0	0	0	0	0	0	0	0	0	0	0	0	0	0	0	0	0	0	0	0	0	0	0	0	642	3714	0	1268	106	0	1262	5346	1710	5786	0	388	0	736	0	2130	0	0	1666	3148	1534	1988	244	548	2018	258	
266292	Cerebelum_4_5_L	0	0	0	0	0	0	0	0	0	0	0	0	0	0	0	0	0	0	0	0	0	0	0	0	0	0	0	0	0	0	0	0	0	0	0	0	0	0	0	0	0	0	0	0	0	0	8528	2494	0	0	0	0	0	0	9916	1720	0	0	0	0	0	0	0	0	0	0	0	0	0	0	0	0	0	0	0	0	0	0	0	0	0	0	0	0	0	0	0	0	0	0	17194	3508	1192	746	3962	1262	0	6510	31918	5048	610	0	1806	0	2528	2430	306	0	2316	3898	15478	4826	84	142	2448	2276	
244412	Cerebelum_4_5_R	0	0	0	0	0	0	0	0	0	0	0	0	0	0	0	0	0	0	0	0	0	0	0	0	0	0	0	0	0	0	0	0	0	0	0	0	0	348	0	954	0	0	0	0	0	0	2980	7564	0	0	0	0	0	0	906	8600	0	0	0	0	0	0	0	0	0	0	0	0	0	0	0	0	0	0	0	0	0	0	0	0	0	0	0	0	0	0	0	0	0	0	2056	20302	0	2726	0	5346	6510	0	5294	28482	0	1624	230	2484	192	1326	0	260	0	1632	16062	4568	592	480	562	126	
426312	Cerebelum_6_L	0	0	0	0	0	0	0	0	0	0	0	0	0	0	0	0	0	0	0	0	0	0	0	0	0	0	0	0	0	0	0	0	0	0	0	0	0	0	0	0	0	0	0	0	0	0	5942	4478	0	0	0	0	0	0	21072	1840	0	0	0	0	0	0	0	0	0	0	0	0	0	0	0	0	0	0	0	0	0	0	0	0	0	0	0	0	0	0	0	0	778	0	55304	4790	7914	1372	1150	1710	31918	5294	0	7176	4280	0	9186	580	2964	2810	178	0	1960	2764	11720	14356	3580	2168	4708	1164	
376676	Cerebelum_6_R	0	0	0	0	0	0	0	0	0	0	0	0	0	0	0	0	0	0	0	0	0	0	0	0	0	0	0	0	0	0	0	0	0	0	0	0	0	0	0	0	0	0	0	716	0	162	2260	5666	0	182	0	280	0	244	558	11810	0	0	0	0	0	0	0	0	0	0	96	0	0	0	0	0	0	0	0	0	0	0	0	0	0	0	0	0	0	0	0	0	0	0	4934	53962	1218	10304	142	5786	5048	28482	7176	0	300	3890	284	5616	154	1060	0	116	270	1900	12392	13488	7050	1570	1094	128	
204836	Cerebelum_7b_L	0	0	0	0	0	0	0	0	0	0	0	0	0	0	0	0	0	0	0	0	0	0	0	0	0	0	0	0	0	0	0	0	0	0	0	0	0	0	0	0	0	0	0	0	0	0	0	0	0	0	0	0	0	0	334	0	0	0	0	0	0	0	0	0	0	0	0	0	0	0	0	0	0	0	0	0	0	0	0	0	0	0	0	0	0	0	0	0	0	0	11500	778	30852	2368	0	0	610	0	4280	300	0	596	32894	5120	1952	488	180	0	0	0	0	542	4226	5052	346	0	
139060	Cerebelum_7b_R	0	0	0	0	0	0	0	0	0	0	0	0	0	0	0	0	0	0	0	0	0	0	0	0	0	0	0	0	0	0	0	0	0	0	0	0	0	0	0	0	0	0	0	0	0	0	0	0	0	0	0	0	0	0	0	188	0	0	0	0	0	0	0	0	0	0	0	0	0	0	0	0	0	0	0	0	0	0	0	0	0	0	0	0	0	0	0	0	0	0	208	11398	2004	20970	0	388	0	1624	0	3890	596	0	596	23446	0	800	0	0	0	0	0	0	1994	1428	0	0	
266360	Cerebelum_8_L	0	0	0	0	0	0	0	0	0	0	0	0	0	0	0	0	0	0	0	0	0	0	0	0	0	0	0	0	0	0	0	0	0	0	0	0	0	0	0	0	0	0	0	0	0	0	0	0	0	0	0	0	0	0	1870	0	0	0	0	0	0	0	0	0	0	0	0	0	0	0	0	0	0	0	0	0	0	0	0	0	0	0	0	0	0	0	0	0	0	0	17712	596	31948	1710	112	0	1806	230	9186	284	32894	596	0	6554	8898	1906	1112	0	0	0	0	676	3960	8866	2264	0	
254032	Cerebelum_8_R	0	0	0	0	0	0	0	0	0	0	0	0	0	0	0	0	0	0	0	0	0	0	0	0	0	0	0	0	0	0	0	0	0	0	0	0	0	0	0	0	0	0	0	0	0	0	0	0	0	0	0	0	0	0	0	160	0	0	0	0	0	0	0	0	0	0	0	0	0	0	0	0	0	0	0	0	0	0	0	0	0	0	0	0	0	0	0	0	0	0	3762	15666	6068	25694	0	736	0	2484	580	5616	5120	23446	6554	0	90	10614	0	752	0	0	134	966	8318	8706	1550	0	
52804	Cerebelum_9_L	0	0	0	0	0	0	0	0	0	0	0	0	0	0	0	0	0	0	0	0	0	0	0	0	0	0	0	0	0	0	0	0	0	0	0	0	0	0	0	0	0	0	0	0	0	0	180	0	0	0	0	0	0	0	184	0	0	0	0	0	0	0	0	0	0	0	0	0	0	0	0	0	0	0	0	0	0	0	0	0	0	0	0	0	0	0	0	0	0	0	2076	172	1870	0	306	0	2528	192	2964	154	1952	0	8898	90	0	350	2348	0	0	0	422	376	106	176	668	390	
102328	Cerebelum_9_R	0	0	0	0	0	0	0	0	0	0	0	0	0	0	0	0	0	0	0	0	0	0	0	0	0	0	0	0	0	0	0	0	0	0	0	0	0	0	0	0	0	0	0	0	0	0	404	0	0	0	0	0	0	0	718	0	0	0	0	0	0	0	0	0	0	0	0	0	0	0	0	0	0	0	0	0	0	0	0	0	0	0	0	0	0	0	0	0	0	0	1254	942	402	722	0	2130	2430	1326	2810	1060	488	800	1906	10614	350	0	0	1438	1628	1536	2044	4226	1382	3086	5622	1846	
8468	Cerebelum_10_L	0	0	0	0	0	0	0	0	0	0	0	0	0	0	0	0	0	0	0	0	0	0	0	0	0	0	0	0	0	0	0	0	0	0	0	0	0	0	0	0	0	0	0	0	0	0	0	0	0	0	0	0	0	0	0	0	0	0	0	0	0	0	0	0	0	0	0	0	0	0	0	0	0	0	0	0	0	0	0	0	0	0	0	0	0	0	0	0	0	0	0	0	110	0	0	0	306	0	178	0	180	0	1112	0	2348	0	0	0	0	0	0	0	0	0	0	0	
5620	Cerebelum_10_R	0	0	0	0	0	0	0	0	0	0	0	0	0	0	0	0	0	0	0	0	0	0	0	0	0	0	0	0	0	0	0	0	0	0	0	0	0	0	0	0	0	0	0	0	0	0	0	0	0	0	0	0	0	0	0	0	0	0	0	0	0	0	0	0	0	0	0	0	0	0	0	0	0	0	0	0	0	0	0	0	0	0	0	0	0	0	0	0	0	0	0	80	0	164	0	0	0	260	0	116	0	0	0	752	0	1438	0	0	0	0	0	0	0	0	0	0	
45472	Vermis_1_2	0	0	0	0	0	0	0	0	0	0	0	0	0	0	0	0	0	0	0	0	0	0	0	0	0	0	0	0	0	0	0	0	0	0	0	0	0	0	0	0	0	0	0	0	0	0	202	0	0	0	0	0	0	0	340	0	0	0	0	0	0	0	0	0	0	0	0	0	0	0	0	0	0	0	0	0	0	0	0	0	0	0	0	0	0	0	0	0	0	0	742	246	0	0	1820	1666	2316	0	1960	270	0	0	0	0	0	1628	0	0	0	5982	1794	1388	112	404	1470	396	
68980	Vermis_3	0	0	0	0	0	0	0	0	0	0	0	0	0	0	0	0	0	0	0	0	0	0	0	0	0	0	0	0	0	0	0	0	0	0	0	0	0	0	166	0	0	0	0	0	0	0	408	0	0	0	0	0	0	0	422	0	0	0	0	0	0	0	0	0	0	0	0	0	0	0	0	0	0	0	0	0	0	0	0	0	0	0	0	0	0	0	0	0	0	0	852	1640	0	606	2148	3148	3898	1632	2764	1900	0	0	0	0	0	1536	0	0	5982	0	4020	1304	86	292	1384	302	
232152	Vermis_4_5	0	0	0	0	0	0	0	0	0	0	0	0	0	0	0	0	0	0	0	0	0	0	0	0	0	0	0	0	0	0	0	0	0	0	0	494	0	186	0	0	0	0	0	586	0	130	4846	8388	0	112	0	250	0	292	2230	4990	0	0	0	0	0	0	0	0	0	0	86	954	0	0	0	0	0	0	0	0	0	0	0	0	0	0	0	0	0	0	0	0	0	0	4056	7942	0	1198	690	1534	15478	16062	11720	12392	0	0	0	134	422	2044	0	0	1794	4020	0	8868	474	0	1796	1908	
221084	Vermis_6	0	0	0	0	0	0	0	0	0	0	0	0	0	0	0	0	0	0	0	0	0	0	0	0	0	0	0	0	0	0	0	0	0	0	0	0	0	0	0	0	0	0	0	0	0	0	2658	5262	0	0	0	0	0	0	2730	2364	0	0	0	0	0	0	0	0	0	0	0	0	0	0	0	0	0	0	0	0	0	0	0	0	0	0	0	0	0	0	0	0	0	0	9492	10192	1416	1416	0	1988	4826	4568	14356	13488	542	0	676	966	376	4226	0	0	1388	1304	8868	0	6336	3024	5814	2266	
177092	Vermis_7	0	0	0	0	0	0	0	0	0	0	0	0	0	0	0	0	0	0	0	0	0	0	0	0	0	0	0	0	0	0	0	0	0	0	0	0	0	0	0	0	0	0	0	0	0	0	0	288	0	0	0	0	0	0	182	280	0	0	0	0	0	0	0	0	0	0	0	0	0	0	0	0	0	0	0	0	0	0	0	0	0	0	0	0	0	0	0	0	0	0	9786	12032	9172	10020	0	244	84	592	3580	7050	4226	1994	3960	8318	106	1382	0	0	112	86	474	6336	0	6484	1758	0	
117888	Vermis_8	0	0	0	0	0	0	0	0	0	0	0	0	0	0	0	0	0	0	0	0	0	0	0	0	0	0	0	0	0	0	0	0	0	0	0	0	0	0	0	0	0	0	0	0	0	0	0	0	0	0	0	0	0	0	194	0	0	0	0	0	0	0	0	0	0	0	0	0	0	0	0	0	0	0	0	0	0	0	0	0	0	0	0	0	0	0	0	0	0	0	3302	1594	4668	2208	0	548	142	480	2168	1570	5052	1428	8866	8706	176	3086	0	0	404	292	0	3024	6484	0	4552	0	
89976	Vermis_9	0	0	0	0	0	0	0	0	0	0	0	0	0	0	0	0	0	0	0	0	0	0	0	0	0	0	0	0	0	0	0	0	0	0	0	0	0	0	0	0	0	0	0	0	0	0	414	0	0	0	0	0	0	0	926	0	0	0	0	0	0	0	0	0	0	0	0	0	0	0	0	0	0	0	0	0	0	0	0	0	0	0	0	0	0	0	0	0	0	0	2612	892	290	224	0	2018	2448	562	4708	1094	346	0	2264	1550	668	5622	0	0	1470	1384	1796	5814	1758	4552	0	1576	
