data	data	573336	323608	1.31231e+06	979364	201164	171072	558348	320368	111876	57220	389204	439460	360804	212544	171952	104712	249536	308964	822708	830544	114868	120540	477624	437704	53880	152680	85016	110824	677380	490504	445236	666832	169780	624804	199324	257216	337724	296556	128836	164784	63504	65928	164004	371472	152676	341920	316784	283960	211684	353156	377140	277096	130000	181744	389300	393388	340756	178344	207384	94472	264212	96232	122420	142076	122596	92504	213588	370500	272524	201744	429612	544152	436344	227784	98232	37608	275616	251544	86216	36112	290924	124068	132740	81604	250212	254996	38776	20752	236308	237296	499312	393348	359688	255236	76556	95296	329644	259556	448420	423932	277152	149676	371216	244616	154952	131088	19256	9392	23320	105072	248060	225832	159360	138556	115332	58896	
data	data	Precentral_L	Precentral_R	Frontal_Sup_L	Frontal_Sup_R	Frontal_Sup_Orb_L	Frontal_Sup_Orb_R	Frontal_Mid_L	Frontal_Mid_R	Frontal_Mid_Orb_L	Frontal_Mid_Orb_R	Frontal_Inf_Oper_L	Frontal_Inf_Oper_R	Frontal_Inf_Tri_L	Frontal_Inf_Tri_R	Frontal_Inf_Orb_L	Frontal_Inf_Orb_R	Rolandic_Oper_L	Rolandic_Oper_R	Supp_Motor_Area_L	Supp_Motor_Area_R	Olfactory_L	Olfactory_R	Frontal_Sup_Medial_L	Frontal_Sup_Medial_R	Frontal_Med_Orb_L	Frontal_Med_Orb_R	Rectus_L	Rectus_R	Insula_L	Insula_R	Cingulum_Ant_L	Cingulum_Ant_R	Cingulum_Mid_L	Cingulum_Mid_R	Cingulum_Post_L	Cingulum_Post_R	Hippocampus_L	Hippocampus_R	ParaHippocampal_L	ParaHippocampal_R	Amygdala_L	Amygdala_R	Calcarine_L	Calcarine_R	Cuneus_L	Cuneus_R	Lingual_L	Lingual_R	Occipital_Sup_L	Occipital_Sup_R	Occipital_Mid_L	Occipital_Mid_R	Occipital_Inf_L	Occipital_Inf_R	Fusiform_L	Fusiform_R	Postcentral_L	Postcentral_R	Parietal_Sup_L	Parietal_Sup_R	Parietal_Inf_L	Parietal_Inf_R	SupraMarginal_L	SupraMarginal_R	Angular_L	Angular_R	Precuneus_L	Precuneus_R	Paracentral_Lobule_L	Paracentral_Lobule_R	Caudate_L	Caudate_R	Putamen_L	Putamen_R	Pallidum_L	Pallidum_R	Thalamus_L	Thalamus_R	Heschl_L	Heschl_R	Temporal_Sup_L	Temporal_Sup_R	Temporal_Pole_Sup_L	Temporal_Pole_Sup_R	Temporal_Mid_L	Temporal_Mid_R	Temporal_Pole_Mid_L	Temporal_Pole_Mid_R	Temporal_Inf_L	Temporal_Inf_R	Cerebelum_Crus1_L	Cerebelum_Crus1_R	Cerebelum_Crus2_L	Cerebelum_Crus2_R	Cerebelum_3_L	Cerebelum_3_R	Cerebelum_4_5_L	Cerebelum_4_5_R	Cerebelum_6_L	Cerebelum_6_R	Cerebelum_7b_L	Cerebelum_7b_R	Cerebelum_8_L	Cerebelum_8_R	Cerebelum_9_L	Cerebelum_9_R	Cerebelum_10_L	Cerebelum_10_R	Vermis_1_2	Vermis_3	Vermis_4_5	Vermis_6	Vermis_7	Vermis_8	Vermis_9	Vermis_10	
573336	Precentral_L	0	10236	24366	4264	0	0	18998	448	0	0	15836	1406	2860	0	0	0	9936	1354	9988	12884	0	0	1110	118	0	0	0	0	9642	1560	1486	762	766	13826	4228	6150	3418	2374	758	294	0	0	266	962	1164	0	0	534	378	0	4884	0	1604	574	3376	706	30652	630	726	0	4164	0	2548	198	794	0	902	1148	13502	2622	10116	4950	3530	176	1200	250	16928	4608	1902	0	5024	132	106	0	3292	434	0	0	1086	1532	0	0	0	0	0	0	0	0	0	0	0	0	0	0	0	0	0	0	0	0	0	0	0	0	0	0	
323608	Precentral_R	10236	0	2026	5978	0	0	112	9564	0	0	0	7548	0	1222	0	0	0	2832	1190	11196	0	0	0	264	0	0	0	0	0	1050	516	736	0	14852	4264	6300	302	2010	0	0	0	0	0	3400	0	1654	0	268	0	1642	0	1250	0	6624	0	5416	674	17154	0	442	0	1320	0	4694	0	338	0	5442	4216	8084	230	396	708	460	644	140	440	448	0	110	0	980	0	0	0	2284	0	0	0	10148	0	0	0	0	0	0	0	0	0	0	0	0	0	0	0	0	0	0	0	0	0	0	0	0	0	0	
1.31231e+06	Frontal_Sup_L	24366	2026	0	29306	14018	0	81122	612	5578	0	14432	5574	28442	558	7838	0	9974	5568	99882	30672	786	0	49348	10314	756	164	218	0	39264	3666	19294	14498	6496	12636	1682	1844	9400	1338	1158	130	2234	0	0	0	0	0	0	0	0	0	0	0	0	0	812	114	5928	228	154	0	160	0	0	0	0	0	102	136	4564	402	18374	7622	34130	704	12752	394	19624	2230	2030	0	6476	0	3094	0	108	132	0	0	692	0	0	0	0	0	0	0	0	0	0	0	0	0	0	0	0	0	0	0	0	0	0	0	0	0	0	0	
979364	Frontal_Sup_R	4264	5978	29306	0	0	3696	3634	45170	0	690	1758	16368	1216	10580	0	2376	298	11284	28212	71030	0	120	16436	44552	0	2318	0	0	2178	18806	7534	35744	4328	17518	828	1374	2696	2800	606	624	120	382	0	0	0	0	0	0	0	166	0	146	0	114	412	906	874	1356	0	0	0	130	0	310	0	0	0	102	894	142	2100	33262	3108	10926	1134	1414	3804	28466	316	444	256	996	0	926	0	1044	0	0	404	584	0	0	0	0	0	0	0	0	0	0	0	0	0	0	0	0	0	0	0	122	0	0	0	0	0	0	
201164	Frontal_Sup_Orb_L	0	0	14018	0	0	0	4396	0	14250	0	686	0	6494	0	15236	0	0	0	1224	0	2102	166	4384	0	3774	0	6504	0	10336	0	5182	590	0	0	0	0	0	0	0	0	294	0	0	0	0	0	0	0	0	0	0	0	0	0	0	0	0	0	0	0	0	0	0	0	0	0	0	0	0	0	2124	346	7126	0	0	0	0	0	0	0	0	0	1350	0	0	0	0	0	0	0	0	0	0	0	0	0	0	0	0	0	0	0	0	0	0	0	0	0	0	0	0	0	0	0	0	0	
171072	Frontal_Sup_Orb_R	0	0	0	3696	0	0	0	2488	0	9306	0	928	0	1502	0	6378	0	252	100	100	2758	4282	604	4646	726	12132	1126	10430	0	2908	690	5506	0	136	0	0	0	0	0	0	0	0	0	0	0	0	0	0	0	0	0	0	0	0	0	0	0	0	0	0	0	0	0	0	0	0	0	0	0	0	2836	7100	1358	3370	0	0	0	0	0	0	0	0	0	178	0	0	0	0	0	0	0	0	0	0	0	0	0	0	0	0	0	0	0	0	0	0	0	0	0	0	0	0	0	0	0	0	
558348	Frontal_Mid_L	18998	112	81122	3634	4396	0	0	918	7292	0	17086	3154	33152	118	5496	0	3856	2740	13506	3414	0	0	20180	1940	0	0	0	0	18230	1908	8158	3884	3324	2640	232	224	768	108	232	0	0	0	0	0	0	0	0	0	0	0	0	0	0	0	0	0	3394	0	0	0	0	0	0	0	0	0	0	0	0	0	1372	3288	1886	0	0	0	2926	320	446	0	2646	0	2074	0	0	0	0	0	0	0	0	0	0	0	0	0	0	0	0	0	0	0	0	0	0	0	0	0	0	0	0	0	0	0	0	0	
320368	Frontal_Mid_R	448	9564	612	45170	0	2488	918	0	0	2832	224	17162	0	19068	0	8874	0	9960	544	1096	0	0	500	5590	0	188	0	0	270	9970	772	6422	0	582	0	0	0	470	0	0	0	0	0	0	0	0	0	0	0	140	0	100	0	116	0	272	146	2070	0	0	0	156	0	386	0	0	0	0	0	0	286	5130	0	3964	0	1150	0	0	0	530	0	672	0	522	0	574	0	0	0	246	0	0	0	0	0	0	0	0	0	0	0	0	0	0	0	0	0	0	0	0	0	0	0	0	0	0	
111876	Frontal_Mid_Orb_L	0	0	5578	0	14250	0	7292	0	0	0	114	0	5532	0	14412	0	0	0	174	0	220	0	428	0	228	0	2342	0	2440	0	644	0	0	0	0	0	0	0	0	0	0	0	0	0	0	0	0	0	0	0	0	0	0	0	0	0	0	0	0	0	0	0	0	0	0	0	0	0	0	0	404	0	1614	0	0	0	0	0	0	0	0	0	266	0	0	0	0	0	0	0	0	0	0	0	0	0	0	0	0	0	0	0	0	0	0	0	0	0	0	0	0	0	0	0	0	0	
57220	Frontal_Mid_Orb_R	0	0	0	690	0	9306	0	2832	0	0	0	240	0	1278	0	7178	0	0	0	0	362	528	0	548	0	852	0	1194	0	1274	0	428	0	0	0	0	0	0	0	0	0	0	0	0	0	0	0	0	0	0	0	0	0	0	0	0	0	0	0	0	0	0	0	0	0	0	0	0	0	0	412	462	262	764	0	0	0	0	0	0	0	0	0	0	0	0	0	0	0	0	0	0	0	0	0	0	0	0	0	0	0	0	0	0	0	0	0	0	0	0	0	0	0	0	0	0	
389204	Frontal_Inf_Oper_L	15836	0	14432	1758	686	0	17086	224	114	0	0	4014	24662	0	578	0	10500	3974	7018	1620	0	0	5682	1148	0	364	0	0	24106	3652	9720	3862	106	452	0	0	562	0	156	0	0	0	0	0	0	0	0	0	0	0	0	0	0	0	308	0	6454	0	0	0	122	0	100	0	0	0	0	0	0	0	11548	6110	2226	0	0	0	1774	328	394	0	8306	0	3966	0	354	0	0	0	300	0	0	0	0	0	0	0	0	0	0	0	0	0	0	0	0	0	0	0	0	0	0	0	0	0	0	0	
439460	Frontal_Inf_Oper_R	1406	7548	5574	16368	0	928	3154	17162	0	240	4014	0	1110	17808	0	1608	518	24322	6250	7746	0	0	3044	10764	0	1386	0	0	2000	34960	4140	17002	244	2972	0	0	0	1852	0	670	0	0	0	0	0	0	0	0	0	160	0	0	0	0	0	838	182	1370	0	0	0	170	0	198	0	0	0	0	0	0	2290	7978	860	5334	0	0	880	140	0	0	354	1334	0	1606	0	1042	0	0	0	204	0	0	0	0	0	0	0	0	0	0	0	0	0	0	0	0	0	0	0	0	0	0	0	0	0	0	
360804	Frontal_Inf_Tri_L	2860	0	28442	1216	6494	0	33152	0	5532	0	24662	1110	0	0	13390	0	656	1038	4794	1604	0	0	4948	1130	0	140	0	0	28144	206	8580	2728	306	728	0	0	0	0	0	0	0	0	0	0	0	0	0	0	0	0	0	0	0	0	0	0	1010	0	0	0	0	0	0	0	0	0	0	0	0	0	968	484	740	0	0	0	0	0	0	0	704	0	4636	0	0	0	0	0	0	0	0	0	0	0	0	0	0	0	0	0	0	0	0	0	0	0	0	0	0	0	0	0	0	0	0	0	
212544	Frontal_Inf_Tri_R	0	1222	558	10580	0	1502	118	19068	0	1278	0	17808	0	0	0	7102	0	780	466	880	0	0	2554	7432	0	694	0	0	0	13070	2494	14358	0	1066	0	0	0	0	0	0	0	0	0	0	0	0	0	0	0	0	0	0	0	0	0	0	0	170	0	0	0	0	0	0	0	0	0	0	0	0	0	2130	0	520	0	0	0	0	0	0	0	152	0	146	0	124	0	0	0	0	0	0	0	0	0	0	0	0	0	0	0	0	0	0	0	0	0	0	0	0	0	0	0	0	0	0	
171952	Frontal_Inf_Orb_L	0	0	7838	0	15236	0	5496	0	14412	0	578	0	13390	0	0	0	0	0	594	152	2066	0	296	0	152	0	2234	0	13172	0	418	166	0	110	0	0	0	0	0	0	186	0	0	0	0	0	0	0	0	0	0	0	0	0	0	0	0	0	0	0	0	0	0	0	0	0	0	0	0	0	1174	100	5150	0	0	0	0	0	0	0	0	0	3056	0	0	0	0	0	0	0	0	0	0	0	0	0	0	0	0	0	0	0	0	0	0	0	0	0	0	0	0	0	0	0	0	0	
104712	Frontal_Inf_Orb_R	0	0	0	2376	0	6378	0	8874	0	7178	0	1608	0	7102	0	0	0	0	0	0	410	1582	290	1194	0	262	0	2126	0	7048	104	1380	0	340	0	0	0	0	0	0	0	0	0	0	0	0	0	0	0	0	0	0	0	0	0	0	0	0	0	0	0	0	0	0	0	0	0	0	0	0	458	1718	192	1418	0	0	0	0	0	0	0	0	0	318	0	0	0	0	0	0	0	0	0	0	0	0	0	0	0	0	0	0	0	0	0	0	0	0	0	0	0	0	0	0	0	0	
249536	Rolandic_Oper_L	9936	0	9974	298	0	0	3856	0	0	0	10500	518	656	0	0	0	0	654	6874	154	0	0	0	0	0	0	0	0	24146	676	276	0	0	0	0	0	1156	0	346	0	0	0	0	0	0	0	0	0	0	0	276	0	178	0	2206	0	8946	0	242	0	258	0	1610	0	0	0	380	0	544	0	5806	2882	614	0	0	0	886	0	6280	0	19050	0	2148	0	1130	0	0	0	1312	0	0	0	0	0	0	0	0	0	0	0	0	0	0	0	0	0	0	0	0	0	0	0	0	0	0	0	
308964	Rolandic_Oper_R	1354	2832	5568	11284	0	252	2740	9960	0	0	3974	24322	1038	780	0	0	654	0	5958	5976	0	0	1302	4210	0	202	0	0	1876	28966	1972	3386	198	1148	0	0	0	1538	0	374	0	0	0	0	0	190	0	0	0	176	0	0	0	0	0	510	200	2066	0	0	0	0	0	1768	0	0	0	196	0	0	2420	5052	928	5188	0	264	734	104	0	3530	494	4386	120	2262	0	1904	0	0	0	126	0	0	0	0	0	0	0	0	0	0	0	0	0	0	0	0	0	0	0	0	0	0	0	0	0	0	
822708	Supp_Motor_Area_L	9988	1190	99882	28212	1224	100	13506	544	174	0	7018	6250	4794	466	594	0	6874	5958	0	50340	602	0	11266	5724	154	198	0	0	18162	3572	8474	11440	10650	24034	636	428	4550	518	676	0	2216	0	0	0	142	0	0	0	0	0	0	0	0	0	678	0	3710	230	128	0	102	0	0	0	0	0	324	230	9814	748	11414	6220	20402	600	4066	0	3844	646	842	0	4814	134	888	128	0	168	0	0	668	0	0	0	0	0	0	0	0	0	0	0	0	0	0	0	0	0	0	0	0	0	0	0	0	0	0	0	
830544	Supp_Motor_Area_R	12884	11196	30672	71030	0	100	3414	1096	0	0	1620	7746	1604	880	152	0	154	5976	50340	0	0	0	5982	9160	0	574	0	0	1604	3338	4764	13934	7088	52718	3682	6816	2492	1514	558	312	120	250	0	3076	0	670	0	858	0	618	0	614	0	5482	410	1498	864	468	0	0	0	0	0	190	0	0	0	3282	8996	16612	1560	18576	3746	796	2166	392	1624	21754	266	110	160	602	0	518	0	1694	0	0	390	3510	0	0	0	0	0	0	0	0	0	0	0	0	0	0	0	0	0	0	0	0	0	0	0	0	0	0	
114868	Olfactory_L	0	0	786	0	2102	2758	0	0	220	362	0	0	0	0	2066	410	0	0	602	0	0	6882	120	0	1232	2492	4446	4142	3220	206	3090	2294	0	0	0	0	592	0	518	0	1210	0	0	0	0	0	0	0	0	0	0	0	0	0	152	0	0	0	0	0	0	0	0	0	0	0	0	0	0	0	8300	3610	4360	0	112	0	0	0	0	0	0	0	1150	0	0	0	0	0	0	0	0	0	0	0	0	0	0	0	0	0	0	0	0	0	0	0	0	0	0	0	0	0	0	0	0	0	
120540	Olfactory_R	0	0	0	120	166	4282	0	0	0	528	0	0	0	0	0	1582	0	0	0	0	6882	0	0	428	762	4796	2968	7436	100	1820	2692	4118	0	0	0	0	0	0	0	274	0	538	0	0	0	0	0	0	0	0	0	0	0	0	0	0	0	0	0	0	0	0	0	0	0	0	0	0	0	0	8166	7758	3824	638	242	0	0	0	0	0	0	0	0	150	0	0	0	0	0	0	0	0	0	0	0	0	0	0	0	0	0	0	0	0	0	0	0	0	0	0	0	0	0	0	0	0	
477624	Frontal_Sup_Medial_L	1110	0	49348	16436	4384	604	20180	500	428	0	5682	3044	4948	2554	296	290	0	1302	11266	5982	120	0	0	29588	2358	1382	262	0	3960	1906	24032	20314	6706	15980	366	114	0	0	0	0	0	0	0	0	0	0	0	0	0	0	0	0	0	0	0	0	0	0	0	0	0	0	0	0	0	0	166	0	0	0	784	290	1614	0	0	0	164	0	0	0	0	0	352	0	0	0	0	0	0	0	0	0	0	0	0	0	0	0	0	0	0	0	0	0	0	0	0	0	0	0	0	0	0	0	0	0	
437704	Frontal_Sup_Medial_R	118	264	10314	44552	0	4646	1940	5590	0	548	1148	10764	1130	7432	0	1194	0	4210	5724	9160	0	428	29588	0	154	7038	0	476	276	12260	5432	27780	1282	15566	0	0	0	0	0	0	0	0	0	0	0	0	0	0	0	0	0	0	0	0	0	0	0	0	0	0	0	0	0	0	0	0	0	0	0	0	0	5114	0	3922	0	0	0	0	0	0	0	250	0	344	0	208	0	0	0	0	0	0	0	0	0	0	0	0	0	0	0	0	0	0	0	0	0	0	0	0	0	0	0	0	0	0	
53880	Frontal_Med_Orb_L	0	0	756	0	3774	726	0	0	228	0	0	0	0	0	152	0	0	0	154	0	1232	762	2358	154	0	1556	3078	806	364	0	6126	1302	0	0	0	0	0	0	0	0	0	0	0	0	0	0	0	0	0	0	0	0	0	0	0	0	0	0	0	0	0	0	0	0	0	0	0	0	0	0	944	688	1654	126	0	0	0	0	0	0	0	0	0	0	0	0	0	0	0	0	0	0	0	0	0	0	0	0	0	0	0	0	0	0	0	0	0	0	0	0	0	0	0	0	0	0	
152680	Frontal_Med_Orb_R	0	0	164	2318	0	12132	0	188	0	852	364	1386	140	694	0	262	0	202	198	574	2492	4796	1382	7038	1556	0	1428	8886	0	1960	2108	9848	0	420	0	0	0	0	0	0	0	0	0	0	0	0	0	0	0	0	0	0	0	0	0	0	0	0	0	0	0	0	0	0	0	0	0	0	0	0	2222	8592	1040	3098	0	0	0	0	0	0	0	0	0	0	0	0	0	0	0	0	0	0	0	0	0	0	0	0	0	0	0	0	0	0	0	0	0	0	0	0	0	0	0	0	0	0	
85016	Rectus_L	0	0	218	0	6504	1126	0	0	2342	0	0	0	0	0	2234	0	0	0	0	0	4446	2968	262	0	3078	1428	0	2186	820	0	4330	1800	0	0	0	0	0	0	0	0	0	0	0	0	0	0	0	0	0	0	0	0	0	0	0	0	0	0	0	0	0	0	0	0	0	0	0	0	0	0	4090	1524	2888	128	0	0	0	0	0	0	0	0	136	0	0	0	0	0	0	0	0	0	0	0	0	0	0	0	0	0	0	0	0	0	0	0	0	0	0	0	0	0	0	0	0	0	
110824	Rectus_R	0	0	0	0	0	10430	0	0	0	1194	0	0	0	0	0	2126	0	0	0	0	4142	7436	0	476	806	8886	2186	0	0	1116	1108	3538	0	0	0	0	0	0	0	0	0	0	0	0	0	0	0	0	0	0	0	0	0	0	0	0	0	0	0	0	0	0	0	0	0	0	0	0	0	0	3818	5058	1738	1084	100	0	0	0	0	0	0	0	0	170	0	0	0	0	0	0	0	0	0	0	0	0	0	0	0	0	0	0	0	0	0	0	0	0	0	0	0	0	0	0	0	0	
677380	Insula_L	9642	0	39264	2178	10336	0	18230	270	2440	0	24106	2000	28144	0	13172	0	24146	1876	18162	1604	3220	100	3960	276	364	0	820	0	0	2028	8452	1828	124	230	826	860	11864	544	2506	0	3440	0	0	0	0	0	0	0	0	0	120	0	114	0	4860	0	4582	0	102	0	138	0	968	0	0	0	140	0	184	0	8666	3706	19814	0	0	0	9504	1114	7814	0	21452	0	9760	0	2698	0	142	0	5800	0	0	0	0	0	0	0	0	0	0	0	0	0	0	0	0	0	0	0	0	0	0	0	0	0	0	0	
490504	Insula_R	1560	1050	3666	18806	0	2908	1908	9970	0	1274	3652	34960	206	13070	0	7048	676	28966	3572	3338	206	1820	1906	12260	0	1960	0	1116	2028	0	1612	16290	136	2078	0	0	148	5544	0	1664	0	1310	0	0	0	0	0	0	0	0	0	0	0	0	0	2614	244	498	0	0	0	0	0	782	0	0	0	0	0	0	2748	9948	990	18244	0	298	960	720	0	4178	506	7594	0	3164	0	3100	0	0	0	1956	0	0	0	0	0	0	0	0	0	0	0	0	0	0	0	0	0	0	0	0	0	0	0	0	0	0	
445236	Cingulum_Ant_L	1486	516	19294	7534	5182	690	8158	772	644	0	9720	4140	8580	2494	418	104	276	1972	8474	4764	3090	2692	24032	5432	6126	2108	4330	1108	8452	1612	0	36092	4992	8050	232	0	0	0	0	0	0	0	0	0	0	0	0	0	0	0	0	0	0	0	0	0	0	0	0	0	0	0	0	0	0	0	0	0	0	0	10224	5816	10500	978	0	0	218	0	0	0	416	142	494	148	0	116	0	0	0	0	0	0	0	0	0	0	0	0	0	0	0	0	0	0	0	0	0	0	0	0	0	0	0	0	0	0	
666832	Cingulum_Ant_R	762	736	14498	35744	590	5506	3884	6422	0	428	3862	17002	2728	14358	166	1380	0	3386	11440	13934	2294	4118	20314	27780	1302	9848	1800	3538	1828	16290	36092	0	6600	24726	0	0	0	0	0	0	0	0	0	0	0	0	0	0	0	0	0	0	0	0	0	0	0	0	0	0	0	0	0	0	0	0	0	0	0	0	4784	21774	3666	8784	0	0	202	0	0	0	0	212	0	458	0	180	0	0	0	0	0	0	0	0	0	0	0	0	0	0	0	0	0	0	0	0	0	0	0	0	0	0	0	0	0	0	
169780	Cingulum_Mid_L	766	0	6496	4328	0	0	3324	0	0	0	106	244	306	0	0	0	0	198	10650	7088	0	0	6706	1282	0	0	0	0	124	136	4992	6600	0	15882	3600	244	0	0	0	0	0	0	590	0	1140	350	284	0	0	0	0	0	0	0	0	0	114	0	100	0	0	0	0	0	0	0	2998	638	5604	0	0	0	0	0	0	0	0	0	0	0	0	0	0	0	0	0	0	0	0	0	0	0	0	0	0	0	0	0	0	0	0	0	0	0	0	0	0	0	0	0	0	0	0	0	0	0	
624804	Cingulum_Mid_R	13826	14852	12636	17518	0	136	2640	582	0	0	452	2972	728	1066	110	340	0	1148	24034	52718	0	0	15980	15566	0	420	0	0	230	2078	8050	24726	15882	0	4508	10742	0	0	0	0	0	0	0	5962	0	1630	0	1690	0	682	0	678	0	6034	0	1298	0	740	0	0	0	0	0	138	0	0	628	11098	11032	17748	646	690	1262	0	1142	0	0	290	0	0	0	0	0	0	0	1302	0	0	0	3772	0	0	0	0	0	0	0	0	0	0	0	0	0	0	0	0	0	0	0	0	0	0	0	0	0	0	
199324	Cingulum_Post_L	4228	4264	1682	828	0	0	232	0	0	0	0	0	0	0	0	0	0	0	636	3682	0	0	366	0	0	0	0	0	826	0	232	0	3600	4508	0	19524	10684	6488	2556	2068	0	0	1854	404	196	0	1740	4088	0	0	0	0	0	0	1912	1684	106	0	0	0	0	0	0	0	0	0	4430	4378	3716	662	0	366	0	0	0	650	1672	1076	1434	0	238	0	0	0	0	0	0	0	320	272	0	0	0	0	0	0	0	264	0	0	0	0	0	0	0	0	0	0	0	0	1796	0	0	0	0	0	
257216	Cingulum_Post_R	6150	6300	1844	1374	0	0	224	0	0	0	0	0	0	0	0	0	0	0	428	6816	0	0	114	0	0	0	0	0	860	0	0	0	244	10742	19524	0	10956	9922	2360	2954	0	0	134	1672	0	272	318	6276	0	0	0	0	0	0	522	3766	0	152	0	0	0	0	0	102	0	0	1700	11968	2906	2374	0	454	0	0	0	792	4968	4162	1510	0	258	0	0	0	0	292	0	0	346	610	0	0	0	0	0	0	0	394	0	0	0	0	0	0	0	0	0	0	0	0	1848	0	0	0	0	0	
337724	Hippocampus_L	3418	302	9400	2696	0	0	768	0	0	0	562	0	0	0	0	0	1156	0	4550	2492	592	0	0	0	0	0	0	0	11864	148	0	0	0	0	10684	10956	0	7070	17388	2540	8746	0	854	232	0	0	2882	4018	0	0	0	0	0	0	13580	1880	290	0	0	0	0	0	0	0	0	0	1970	3162	0	0	632	502	10468	108	2788	704	5576	3514	2408	0	3252	0	1374	0	688	164	290	0	7088	290	356	0	0	0	142	0	632	434	384	0	112	0	250	0	284	0	0	0	232	508	1372	110	0	0	0	0	
296556	Hippocampus_R	2374	2010	1338	2800	0	0	108	470	0	0	0	1852	0	0	0	0	0	1538	518	1514	0	0	0	0	0	0	0	0	544	5544	0	0	0	0	6488	9922	7070	0	1476	19920	0	9866	0	802	0	0	238	4238	0	0	0	0	0	260	182	24404	0	608	0	0	0	0	0	368	0	0	0	3420	0	0	0	1352	0	9064	0	1856	5108	6524	1116	106	176	816	0	754	0	1356	0	0	214	3816	0	574	0	254	184	0	208	3178	0	1204	0	0	0	116	0	0	0	0	0	430	0	0	0	0	0	0	
128836	ParaHippocampal_L	758	0	1158	606	0	0	232	0	0	0	156	0	0	0	0	0	346	0	676	558	518	0	0	0	0	0	0	0	2506	0	0	0	0	0	2556	2360	17388	1476	0	1068	2474	0	100	0	0	0	2446	1524	0	0	0	0	0	0	8284	656	0	0	0	0	0	0	0	0	0	0	682	1158	0	0	0	0	1896	0	102	0	1690	820	0	0	446	0	698	0	0	0	434	0	1302	0	1036	0	108	0	128	0	1732	266	1180	0	248	0	292	0	308	0	0	0	300	644	696	296	110	0	0	0	
164784	ParaHippocampal_R	294	0	130	624	0	0	0	0	0	0	0	670	0	0	0	0	0	374	0	312	0	274	0	0	0	0	0	0	0	1664	0	0	0	0	2068	2954	2540	19920	1068	0	0	6926	0	0	0	0	310	4814	0	0	0	0	0	0	0	16862	0	0	0	0	0	0	0	0	0	0	0	1088	0	0	0	214	0	2750	0	622	1350	2628	124	0	0	110	0	1476	0	0	0	106	0	0	0	1146	0	550	152	126	292	5098	0	2214	0	0	0	258	0	0	0	0	0	284	0	0	0	0	0	0	
63504	Amygdala_L	0	0	2234	120	294	0	0	0	0	0	0	0	0	0	186	0	0	0	2216	120	1210	0	0	0	0	0	0	0	3440	0	0	0	0	0	0	0	8746	0	2474	0	0	0	0	0	0	0	0	0	0	0	0	0	0	0	4320	0	0	0	0	0	0	0	0	0	0	0	0	0	0	0	372	0	2910	0	0	0	0	120	0	0	0	0	696	0	170	0	212	0	1912	0	0	0	0	0	0	0	0	0	0	0	0	0	0	0	0	0	0	0	0	0	0	0	0	0	0	0	
65928	Amygdala_R	0	0	0	382	0	0	0	0	0	0	0	0	0	0	0	0	0	0	0	250	0	538	0	0	0	0	0	0	0	1310	0	0	0	0	0	0	0	9866	0	6926	0	0	0	0	0	0	0	0	0	0	0	0	0	0	0	7228	0	0	0	0	0	0	0	0	0	0	0	0	0	0	0	474	0	2248	0	0	0	492	0	0	0	0	0	1750	0	0	0	0	0	526	0	0	0	0	0	0	0	728	0	246	0	0	0	0	0	0	0	0	0	0	0	0	0	0	0	0	
164004	Calcarine_L	266	0	0	0	0	0	0	0	0	0	0	0	0	0	0	0	0	0	0	0	0	0	0	0	0	0	0	0	0	0	0	0	590	0	1854	134	854	0	100	0	0	0	0	5334	11678	4030	10872	2066	7550	1202	8692	480	3890	0	3038	0	2158	0	400	0	0	0	0	0	0	0	11758	130	3368	0	0	0	0	0	0	0	0	0	328	0	0	0	0	0	168	0	0	0	1062	0	0	0	0	0	0	0	0	0	0	0	0	0	0	0	0	0	0	0	0	0	0	0	0	0	0	0	
371472	Calcarine_R	962	3400	0	0	0	0	0	0	0	0	0	0	0	0	0	0	0	0	0	3076	0	0	0	0	0	0	0	0	0	0	0	0	0	5962	404	1672	232	802	0	0	0	0	5334	0	1606	31834	2284	17450	0	25742	0	15210	0	12618	0	10928	0	4958	0	618	0	0	0	144	0	202	348	21992	108	7176	0	0	0	0	0	0	0	0	0	0	0	174	0	0	0	3906	0	0	0	6338	0	0	0	0	0	0	0	0	0	0	0	0	0	0	0	0	0	0	0	0	256	0	0	0	0	0	
152676	Cuneus_L	1164	0	0	0	0	0	0	0	0	0	0	0	0	0	0	0	0	0	142	0	0	0	0	0	0	0	0	0	0	0	0	0	1140	0	196	0	0	0	0	0	0	0	11678	1606	0	2686	2066	162	21426	694	11922	512	3284	0	440	124	1718	0	2178	0	138	0	148	0	0	0	9836	172	2906	0	0	0	0	0	0	0	0	0	0	0	0	0	0	0	0	0	0	0	0	0	0	0	0	0	0	0	0	0	0	0	0	0	0	0	0	0	0	0	0	0	0	0	0	0	0	0	
341920	Cuneus_R	0	1654	0	0	0	0	0	0	0	0	0	0	0	0	0	0	0	190	0	670	0	0	0	0	0	0	0	0	0	0	0	0	350	1630	0	272	0	0	0	0	0	0	4030	31834	2686	0	208	2942	0	44088	0	25030	0	5286	0	2430	0	4570	0	3464	0	256	0	1726	0	228	1618	21078	0	4108	0	0	0	0	0	0	0	0	0	0	0	624	0	0	0	8034	0	0	0	1954	0	0	0	0	0	0	0	0	0	0	0	0	0	0	0	0	0	0	0	0	0	0	0	0	0	0	
316784	Lingual_L	0	0	0	0	0	0	0	0	0	0	0	0	0	0	0	0	0	0	0	0	0	0	0	0	0	0	0	0	0	0	0	0	284	0	1740	318	2882	238	2446	310	0	0	10872	2284	2066	208	0	5498	2966	346	7108	302	4486	100	17948	1730	414	0	104	0	0	0	0	0	0	0	6170	252	1112	0	0	0	0	0	0	0	424	0	0	0	0	0	0	0	0	0	0	0	230	0	17016	3310	1504	536	912	132	11776	1972	22030	5380	350	0	1014	0	462	0	0	0	186	652	4660	10472	2720	144	178	148	
283960	Lingual_R	534	268	0	0	0	0	0	0	0	0	0	0	0	0	0	0	0	0	0	858	0	0	0	0	0	0	0	0	0	0	0	0	0	1690	4088	6276	4018	4238	1524	4814	0	0	2066	17450	162	2942	5498	0	0	3276	0	2476	0	3780	2190	16894	0	104	0	0	0	0	0	0	0	0	1042	10312	0	1112	0	0	0	0	0	0	588	914	0	0	0	0	0	0	0	132	0	0	0	518	2140	6658	156	476	0	428	1710	5226	4500	10166	0	0	134	0	0	0	0	0	0	112	4846	5080	584	0	0	0	
211684	Occipital_Sup_L	378	0	0	0	0	0	0	0	0	0	0	0	0	0	0	0	0	0	0	0	0	0	0	0	0	0	0	0	0	0	0	0	0	0	0	0	0	0	0	0	0	0	7550	0	21426	0	2966	0	0	0	27944	0	5866	0	460	0	2626	0	13680	0	7732	0	312	0	1752	0	8434	0	2400	0	0	0	0	0	0	0	0	0	0	0	0	0	0	0	2170	0	0	0	146	0	0	0	0	0	0	0	0	0	0	0	0	0	0	0	0	0	0	0	0	0	0	0	0	0	0	0	
353156	Occipital_Sup_R	0	1642	0	166	0	0	0	140	0	0	0	160	0	0	0	0	0	176	0	618	0	0	0	0	0	0	0	0	0	0	0	0	0	682	0	0	0	0	0	0	0	0	1202	25742	694	44088	346	3276	0	0	0	34948	0	4920	0	2348	0	5294	0	7412	0	1498	0	2712	0	6430	272	15668	0	3008	0	0	0	0	0	0	0	0	0	0	0	826	0	0	0	9676	0	0	0	2634	0	0	0	0	0	0	0	0	0	0	0	0	0	0	0	0	0	0	0	0	0	0	0	0	0	0	
377140	Occipital_Mid_L	4884	0	0	0	0	0	0	0	0	0	0	0	0	0	0	0	276	0	0	0	0	0	0	0	0	0	0	0	120	0	0	0	0	0	0	0	0	0	0	0	0	0	8692	0	11922	0	7108	0	27944	0	0	0	23230	0	2988	0	4218	0	18860	0	21548	0	1164	0	18100	0	7088	0	5750	0	0	0	0	0	0	0	0	0	312	0	368	0	0	0	18192	0	0	0	5806	0	0	0	0	0	0	0	0	0	0	0	0	0	0	0	0	0	0	0	0	0	0	0	0	0	0	0	
277096	Occipital_Mid_R	0	1250	0	146	0	0	0	100	0	0	0	0	0	0	0	0	0	0	0	614	0	0	0	0	0	0	0	0	0	0	0	0	0	678	0	0	0	0	0	0	0	0	480	15210	512	25030	302	2476	0	34948	0	0	0	6508	0	2866	0	2906	0	1516	0	2006	0	1702	0	11312	142	9390	0	2180	0	0	0	0	0	0	0	0	0	0	0	734	0	0	0	13406	0	0	0	2134	0	0	0	0	0	0	0	0	0	0	0	0	0	0	0	0	0	0	0	0	0	0	0	0	0	0	
130000	Occipital_Inf_L	1604	0	0	0	0	0	0	0	0	0	0	0	0	0	0	0	178	0	0	0	0	0	0	0	0	0	0	0	114	0	0	0	0	0	0	0	0	0	0	0	0	0	3890	0	3284	0	4486	0	5866	0	23230	0	0	0	4942	0	940	0	1322	0	622	0	272	0	118	0	1850	0	2282	0	0	0	0	0	0	0	0	0	768	0	180	0	0	0	2608	0	0	0	6304	0	0	0	0	0	0	0	0	0	140	0	0	0	0	0	0	0	0	0	0	0	0	0	0	0	0	0	
181744	Occipital_Inf_R	574	6624	0	114	0	0	0	116	0	0	0	0	0	0	0	0	0	0	0	5482	0	0	0	0	0	0	0	0	0	0	0	0	0	6034	0	0	0	260	0	0	0	0	0	12618	0	5286	100	3780	0	4920	0	6508	0	0	0	8514	0	670	0	266	0	164	0	370	0	110	0	5718	0	5472	0	0	0	0	0	0	0	0	0	0	0	450	0	0	0	4072	0	0	0	12186	0	186	0	0	0	0	0	0	0	278	0	0	0	0	0	0	0	0	0	0	0	0	0	0	0	0	
389300	Fusiform_L	3376	0	812	412	0	0	0	0	0	0	308	0	0	0	0	0	2206	0	678	410	152	0	0	0	0	0	0	0	4860	0	0	0	0	0	1912	522	13580	182	8284	0	4320	0	3038	0	440	0	17948	2190	460	0	2988	0	4942	0	0	450	872	0	420	0	0	0	270	0	0	0	2346	178	1412	0	130	0	552	0	0	0	666	416	2366	0	4472	0	2204	0	1780	0	2038	0	12614	0	24892	1900	3702	140	584	110	8872	872	26508	2896	1566	0	2912	0	492	0	0	0	0	300	2342	7928	1328	0	100	0	
393388	Fusiform_R	706	5416	114	906	0	0	0	272	0	0	0	838	0	0	0	0	0	510	0	1498	0	0	0	0	0	0	0	0	0	2614	0	0	0	1298	1684	3766	1880	24404	656	16862	0	7228	0	10928	124	2430	1730	16894	0	2348	0	2866	0	8514	450	0	0	312	0	0	0	0	0	146	0	0	0	5832	0	1090	0	250	0	1796	0	478	1086	2694	110	152	0	628	0	5858	0	996	0	2806	0	9974	624	12710	102	1112	0	126	1194	8544	1580	15010	0	0	120	392	0	0	0	0	0	144	2118	1638	136	0	0	0	
340756	Postcentral_L	30652	674	5928	874	0	0	3394	146	0	0	6454	182	1010	0	0	0	8946	200	3710	864	0	0	0	0	0	0	0	0	4582	244	0	0	114	0	106	0	290	0	0	0	0	0	2158	0	1718	0	414	0	2626	0	4218	0	940	0	872	0	0	156	13936	0	23328	0	13592	0	2758	0	8856	0	13852	0	4964	578	134	0	0	0	994	210	1306	0	3138	0	0	0	822	0	0	0	438	0	0	0	0	0	0	0	0	0	0	0	0	0	0	0	0	0	0	0	0	0	0	0	0	0	0	0	
178344	Postcentral_R	630	17154	228	1356	0	0	0	2070	0	0	0	1370	0	170	0	0	0	2066	230	468	0	0	0	0	0	0	0	0	0	498	0	0	0	740	0	152	0	608	0	0	0	0	0	4958	0	4570	0	104	0	5294	0	2906	0	670	0	312	156	0	0	4522	0	4978	0	10722	0	1446	0	10070	0	6112	0	0	0	0	0	0	0	132	0	420	0	662	0	0	0	2478	0	0	0	920	0	0	0	0	0	0	0	0	0	0	0	0	0	0	0	0	0	0	0	0	0	0	0	0	0	0	
207384	Parietal_Sup_L	726	0	154	0	0	0	0	0	0	0	0	0	0	0	0	0	242	0	128	0	0	0	0	0	0	0	0	0	102	0	0	0	100	0	0	0	0	0	0	0	0	0	400	0	2178	0	104	0	13680	0	18860	0	1322	0	420	0	13936	0	0	0	19760	0	2508	0	4856	0	8890	0	8102	0	106	0	0	0	0	0	0	0	0	0	494	0	0	0	5640	0	0	0	984	0	0	0	0	0	0	0	0	0	0	0	0	0	0	0	0	0	0	0	0	0	0	0	0	0	0	0	
94472	Parietal_Sup_R	0	442	0	0	0	0	0	0	0	0	0	0	0	0	0	0	0	0	0	0	0	0	0	0	0	0	0	0	0	0	0	0	0	0	0	0	0	0	0	0	0	0	0	618	0	3464	0	0	0	7412	0	1516	0	266	0	0	0	4522	0	0	0	9286	0	6152	0	5298	538	4300	0	642	0	0	0	0	0	0	0	0	0	0	0	0	0	0	0	1946	0	0	0	834	0	0	0	0	0	0	0	0	0	0	0	0	0	0	0	0	0	0	0	0	0	0	0	0	0	0	
264212	Parietal_Inf_L	4164	0	160	0	0	0	0	0	0	0	122	0	0	0	0	0	258	0	102	0	0	0	0	0	0	0	0	0	138	0	0	0	0	0	0	0	0	0	0	0	0	0	0	0	138	0	0	0	7732	0	21548	0	622	0	0	0	23328	0	19760	0	0	0	17490	0	19178	0	2864	0	3886	0	714	0	168	0	102	0	160	0	0	0	1084	0	0	0	7540	0	0	0	848	0	0	0	0	0	0	0	0	0	0	0	0	0	0	0	0	0	0	0	0	0	0	0	0	0	0	0	
96232	Parietal_Inf_R	0	1320	0	130	0	0	0	156	0	0	0	170	0	0	0	0	0	0	0	0	0	0	0	0	0	0	0	0	0	0	0	0	0	0	0	0	0	0	0	0	0	0	0	0	0	256	0	0	0	1498	0	2006	0	164	0	0	0	4978	0	9286	0	0	0	13222	0	8230	0	112	0	0	0	0	0	0	0	0	0	0	0	0	0	236	0	0	0	4382	0	0	0	1970	0	0	0	0	0	0	0	0	0	0	0	0	0	0	0	0	0	0	0	0	0	0	0	0	0	0	
122420	SupraMarginal_L	2548	0	0	0	0	0	0	0	0	0	100	0	0	0	0	0	1610	0	0	0	0	0	0	0	0	0	0	0	968	0	0	0	0	0	0	0	0	0	0	0	0	0	0	0	148	0	0	0	312	0	1164	0	272	0	270	0	13592	0	2508	0	17490	0	0	0	5608	0	2190	0	3474	0	580	0	158	0	102	0	160	0	142	0	3316	0	0	0	4194	0	0	0	304	0	0	0	0	0	0	0	0	0	0	0	0	0	0	0	0	0	0	0	0	0	0	0	0	0	0	0	
142076	SupraMarginal_R	198	4694	0	310	0	0	0	386	0	0	0	198	0	0	0	0	0	1768	0	190	0	0	0	0	0	0	0	0	0	782	0	0	0	138	0	102	0	368	0	0	0	0	0	144	0	1726	0	0	0	2712	0	1702	0	370	0	146	0	10722	0	6152	0	13222	0	0	0	4984	0	1470	0	128	0	0	0	0	0	0	0	0	0	296	0	6200	0	0	0	8038	0	0	0	3892	0	0	0	0	0	0	0	0	0	0	0	0	0	0	0	0	0	0	0	0	0	0	0	0	0	0	
122596	Angular_L	794	0	0	0	0	0	0	0	0	0	0	0	0	0	0	0	0	0	0	0	0	0	0	0	0	0	0	0	0	0	0	0	0	0	0	0	0	0	0	0	0	0	0	0	0	0	0	0	1752	0	18100	0	118	0	0	0	2758	0	4856	0	19178	0	5608	0	0	0	324	0	808	0	0	0	0	0	0	0	0	0	0	0	596	0	0	0	6406	0	0	0	0	0	0	0	0	0	0	0	0	0	0	0	0	0	0	0	0	0	0	0	0	0	0	0	0	0	0	0	
92504	Angular_R	0	338	0	0	0	0	0	0	0	0	0	0	0	0	0	0	0	0	0	0	0	0	0	0	0	0	0	0	0	0	0	0	0	0	0	0	0	0	0	0	0	0	0	202	0	228	0	0	0	6430	0	11312	0	110	0	0	0	1446	0	5298	0	8230	0	4984	0	0	0	0	0	0	0	0	0	0	0	0	0	0	0	0	0	2512	0	0	0	4940	0	0	0	222	0	0	0	0	0	0	0	0	0	0	0	0	0	0	0	0	0	0	0	0	0	0	0	0	0	0	
213588	Precuneus_L	902	0	102	0	0	0	0	0	0	0	0	0	0	0	0	0	380	0	324	0	0	0	166	0	0	0	0	0	140	0	0	0	2998	628	4430	1700	1970	0	682	0	0	0	11758	348	9836	1618	6170	1042	8434	272	7088	142	1850	0	2346	0	8856	0	8890	538	2864	0	2190	0	324	0	0	4264	11630	170	0	0	0	0	0	0	0	0	0	0	286	0	0	0	444	0	0	0	428	0	0	0	0	0	0	0	0	0	0	0	0	0	0	0	0	0	0	0	0	0	584	0	0	0	0	0	
370500	Precuneus_R	1148	5442	136	102	0	0	0	0	0	0	0	0	0	0	0	0	0	196	230	3282	0	0	0	0	0	0	0	0	0	0	0	0	638	11098	4378	11968	3162	3420	1158	1088	0	0	130	21992	172	21078	252	10312	0	15668	0	9390	0	5718	178	5832	0	10070	0	4300	0	112	0	1470	0	0	4264	0	142	12582	0	0	0	0	0	0	228	138	0	0	0	634	0	0	0	5554	0	0	0	5622	0	0	0	0	0	0	0	148	0	0	0	0	0	0	0	0	0	0	0	0	1818	0	0	0	0	0	
272524	Paracentral_Lobule_L	13502	4216	4564	894	0	0	0	0	0	0	0	0	0	0	0	0	544	0	9814	8996	0	0	0	0	0	0	0	0	184	0	0	0	5604	11032	3716	2906	0	0	0	0	0	0	3368	108	2906	0	1112	0	2400	0	5750	0	2282	0	1412	0	13852	0	8102	0	3886	0	3474	0	808	0	11630	142	0	2200	684	0	336	0	172	0	2508	296	104	0	584	0	0	0	1316	0	0	0	858	0	0	0	0	0	0	0	0	0	0	0	0	0	0	0	0	0	0	0	0	0	0	0	0	0	0	0	
201744	Paracentral_Lobule_R	2622	8084	402	142	0	0	0	0	0	0	0	0	0	0	0	0	0	0	748	16612	0	0	0	0	0	0	0	0	0	0	0	0	0	17748	662	2374	0	0	0	0	0	0	0	7176	0	4108	0	1112	0	3008	0	2180	0	5472	0	1090	0	6112	0	642	0	0	0	128	0	0	170	12582	2200	0	0	0	100	0	0	0	0	0	0	0	0	0	0	0	0	2048	0	0	0	3236	0	0	0	0	0	0	0	0	0	0	0	0	0	0	0	0	0	0	0	0	114	0	0	0	0	0	
429612	Caudate_L	10116	230	18374	2100	2124	2836	1372	286	404	412	11548	2290	968	0	1174	458	5806	2420	11414	1560	8300	8166	784	0	944	2222	4090	3818	8666	2748	10224	4784	0	646	0	0	632	0	0	0	372	0	0	0	0	0	0	0	0	0	0	0	0	0	130	0	4964	0	106	0	714	0	580	0	0	0	0	0	684	0	0	25216	24686	2092	4184	1146	11364	1118	328	0	3724	106	1132	140	0	104	0	0	0	0	0	0	0	0	0	0	0	0	0	0	0	0	0	0	0	0	0	0	0	0	0	0	0	0	0	0	
544152	Caudate_R	4950	396	7622	33262	346	7100	3288	5130	0	462	6110	7978	484	2130	100	1718	2882	5052	6220	18576	3610	7758	290	5114	688	8592	1524	5058	3706	9948	5816	21774	0	690	366	454	502	1352	0	214	0	474	0	0	0	0	0	0	0	0	0	0	0	0	0	250	578	0	0	0	0	0	0	0	0	0	0	0	0	0	25216	0	7494	17564	596	3272	5102	16866	122	106	2022	172	294	534	0	152	0	0	0	0	0	0	0	0	0	0	0	0	0	0	0	0	0	0	0	0	0	0	0	0	0	0	0	0	0	0	
436344	Putamen_L	3530	708	34130	3108	7126	1358	1886	0	1614	262	2226	860	740	0	5150	192	614	928	20402	3746	4360	3824	1614	0	1654	1040	2888	1738	19814	990	10500	3666	0	1262	0	0	10468	0	1896	0	2910	0	0	0	0	0	0	0	0	0	0	0	0	0	552	0	134	0	0	0	168	0	158	0	0	0	0	0	336	100	24686	7494	0	440	13956	298	4722	1686	0	0	2896	0	3022	0	0	0	0	0	320	0	0	0	0	0	0	0	0	0	0	0	0	0	0	0	0	0	0	0	0	0	0	0	0	0	0	0	
227784	Putamen_R	176	460	704	10926	0	3370	0	3964	0	764	0	5334	0	520	0	1418	0	5188	600	796	0	638	0	3922	126	3098	128	1084	0	18244	978	8784	0	0	0	0	108	9064	0	2750	0	2248	0	0	0	0	0	0	0	0	0	0	0	0	0	1796	0	0	0	0	0	0	0	0	0	0	0	0	0	0	2092	17564	440	0	0	3022	112	1090	0	848	0	362	0	508	0	0	0	0	0	132	0	0	0	0	0	0	0	250	0	140	0	0	0	0	0	0	0	0	0	144	0	0	0	0	0	0	
98232	Pallidum_L	1200	644	12752	1134	0	0	0	0	0	0	0	0	0	0	0	0	0	0	4066	2166	112	242	0	0	0	0	0	100	0	0	0	0	0	1142	0	0	2788	0	102	0	0	0	0	0	0	0	0	0	0	0	0	0	0	0	0	0	0	0	0	0	102	0	102	0	0	0	0	0	172	0	4184	596	13956	0	0	224	3068	264	0	0	0	0	0	0	0	0	0	0	0	0	0	0	0	0	0	0	0	0	0	0	0	0	0	0	0	0	0	0	0	0	0	0	0	0	0	0	
37608	Pallidum_R	250	140	394	1414	0	0	0	1150	0	0	0	0	0	0	0	0	0	264	0	392	0	0	0	0	0	0	0	0	0	298	0	0	0	0	650	792	704	1856	0	622	0	0	0	0	0	0	0	0	0	0	0	0	0	0	0	478	0	0	0	0	0	0	0	0	0	0	0	0	0	0	1146	3272	298	3022	224	0	488	572	140	0	0	0	0	0	0	0	0	0	0	0	0	0	0	0	0	0	0	238	0	0	0	0	0	0	0	0	0	0	0	0	0	0	0	0	0	0	
275616	Thalamus_L	16928	440	19624	3804	0	0	2926	0	0	0	1774	880	0	0	0	0	886	734	3844	1624	0	0	164	0	0	0	0	0	9504	960	218	202	0	0	1672	4968	5576	5108	1690	1350	0	0	0	0	0	0	424	588	0	0	0	0	0	0	666	1086	994	0	0	0	160	0	160	0	0	0	0	228	2508	0	11364	5102	4722	112	3068	488	0	15262	1824	0	964	0	0	0	0	390	0	0	1074	830	0	0	0	0	212	0	146	114	0	0	0	0	0	0	0	0	0	0	104	342	0	0	0	0	0	0	
251544	Thalamus_R	4608	448	2230	28466	0	0	320	0	0	0	328	140	0	0	0	0	0	104	646	21754	0	0	0	0	0	0	0	0	1114	720	0	0	0	290	1076	4162	3514	6524	820	2628	120	492	0	0	0	0	0	914	0	0	0	0	0	0	416	2694	210	132	0	0	0	0	0	0	0	0	0	138	296	0	1118	16866	1686	1090	264	572	15262	0	286	0	0	108	0	0	0	884	0	0	406	1492	0	0	0	0	0	0	0	262	0	0	0	0	0	0	0	0	0	0	0	172	0	0	0	0	0	0	
86216	Heschl_L	1902	0	2030	316	0	0	446	0	0	0	394	0	0	0	0	0	6280	0	842	266	0	0	0	0	0	0	0	0	7814	0	0	0	0	0	1434	1510	2408	1116	0	124	0	0	328	0	0	0	0	0	0	0	312	0	768	0	2366	110	1306	0	0	0	0	0	142	0	0	0	0	0	104	0	328	122	0	0	0	140	1824	286	0	0	4438	0	0	0	610	0	0	0	2894	148	0	0	0	0	0	0	0	0	0	0	0	0	0	0	0	0	0	0	0	0	0	0	0	0	0	0	
36112	Heschl_R	0	110	0	444	0	0	0	530	0	0	0	0	0	0	0	0	0	3530	0	110	0	0	0	0	0	0	0	0	0	4178	0	0	0	0	0	0	0	106	0	0	0	0	0	0	0	0	0	0	0	0	0	0	0	0	0	152	0	420	0	0	0	0	0	296	0	0	0	0	0	0	0	106	0	848	0	0	0	0	0	0	0	5392	0	388	0	902	0	0	0	544	0	0	0	0	0	0	0	0	0	0	0	0	0	0	0	0	0	0	0	0	0	0	0	0	0	0	
290924	Temporal_Sup_L	5024	0	6476	256	0	0	2646	0	0	0	8306	354	704	0	0	0	19050	494	4814	160	0	0	0	0	0	0	0	0	21452	506	416	0	0	0	238	258	3252	176	446	0	0	0	0	0	0	0	0	0	0	0	368	0	180	0	4472	0	3138	0	494	0	1084	0	3316	0	596	0	286	0	584	0	3724	2022	2896	0	0	0	964	0	4438	0	0	0	5302	0	20422	0	0	0	16148	0	0	0	0	0	0	0	0	0	0	0	0	0	0	0	0	0	0	0	0	0	0	0	0	0	0	0	
124068	Temporal_Sup_R	132	980	0	996	0	0	0	672	0	0	0	1334	0	152	0	0	0	4386	134	602	0	0	0	250	0	0	0	0	0	7594	142	212	0	0	0	0	0	816	0	110	0	0	0	174	0	624	0	0	0	826	0	734	0	450	0	628	0	662	0	0	0	236	0	6200	0	2512	0	634	0	0	106	172	0	362	0	0	0	108	0	5392	0	0	0	6412	0	12126	0	0	0	5164	0	0	0	0	0	0	0	0	0	0	0	0	0	0	0	0	0	0	0	0	0	0	0	0	0	0	
132740	Temporal_Pole_Sup_L	106	0	3094	0	1350	0	2074	0	266	0	3966	0	4636	0	3056	0	2148	120	888	0	1150	0	352	0	0	0	136	0	9760	0	494	0	0	0	0	0	1374	0	698	0	696	0	0	0	0	0	0	0	0	0	0	0	0	0	2204	0	0	0	0	0	0	0	0	0	0	0	0	0	0	0	1132	294	3022	0	0	0	0	0	0	0	5302	0	0	0	6984	0	5702	0	5366	0	0	0	0	0	0	0	0	0	0	0	0	0	0	0	0	0	0	0	0	0	0	0	0	0	0	0	
81604	Temporal_Pole_Sup_R	0	0	0	926	0	178	0	522	0	0	0	1606	0	146	0	318	0	2262	128	518	0	150	0	344	0	0	0	170	0	3164	148	458	0	0	0	0	0	754	0	1476	0	1750	0	0	0	0	0	0	0	0	0	0	0	0	0	5858	0	0	0	0	0	0	0	0	0	0	0	0	0	0	140	534	0	508	0	0	0	0	0	388	0	6412	0	0	0	4238	0	3818	0	3888	0	0	0	0	0	0	0	0	0	0	0	0	0	0	0	0	0	0	0	0	0	0	0	0	0	0	
250212	Temporal_Mid_L	3292	0	108	0	0	0	0	0	0	0	354	0	0	0	0	0	1130	0	0	0	0	0	0	0	0	0	0	0	2698	0	0	0	0	0	0	0	688	0	0	0	170	0	168	0	0	0	0	0	2170	0	18192	0	2608	0	1780	0	822	0	5640	0	7540	0	4194	0	6406	0	444	0	1316	0	0	0	0	0	0	0	0	0	610	0	20422	0	6984	0	0	0	5466	0	31904	0	0	0	0	0	0	0	0	0	0	0	0	0	0	0	0	0	0	0	0	0	0	0	0	0	0	0	
254996	Temporal_Mid_R	434	2284	132	1044	0	0	0	574	0	0	0	1042	0	124	0	0	0	1904	168	1694	0	0	0	208	0	0	0	0	0	3100	116	180	0	1302	0	292	164	1356	0	0	0	0	0	3906	0	8034	0	132	0	9676	0	13406	0	4072	0	996	0	2478	0	1946	0	4382	0	8038	0	4940	0	5554	0	2048	104	152	0	0	0	0	390	884	0	902	0	12126	0	4238	0	0	0	1524	0	21452	0	0	0	0	0	0	0	0	0	0	0	0	0	0	0	0	0	0	0	0	0	0	0	0	0	0	
38776	Temporal_Pole_Mid_L	0	0	0	0	0	0	0	0	0	0	0	0	0	0	0	0	0	0	0	0	0	0	0	0	0	0	0	0	142	0	0	0	0	0	0	0	290	0	434	0	212	0	0	0	0	0	0	0	0	0	0	0	0	0	2038	0	0	0	0	0	0	0	0	0	0	0	0	0	0	0	0	0	0	0	0	0	0	0	0	0	0	0	5702	0	5466	0	0	0	5104	0	0	0	0	0	0	0	0	0	0	0	0	0	0	0	0	0	0	0	0	0	0	0	0	0	0	0	
20752	Temporal_Pole_Mid_R	0	0	0	0	0	0	0	0	0	0	0	0	0	0	0	0	0	0	0	0	0	0	0	0	0	0	0	0	0	0	0	0	0	0	0	0	0	0	0	106	0	0	0	0	0	0	0	0	0	0	0	0	0	0	0	2806	0	0	0	0	0	0	0	0	0	0	0	0	0	0	0	0	0	0	0	0	0	0	0	0	0	0	0	3818	0	1524	0	0	0	2122	0	0	0	0	0	0	0	0	0	0	0	0	0	0	0	0	0	0	0	0	0	0	0	0	0	0	
236308	Temporal_Inf_L	1086	0	692	404	0	0	0	0	0	0	300	0	0	0	0	0	1312	0	668	390	0	0	0	0	0	0	0	0	5800	0	0	0	0	0	320	346	7088	214	1302	0	1912	0	1062	0	0	0	230	0	146	0	5806	0	6304	0	12614	0	438	0	984	0	848	0	304	0	0	0	428	0	858	0	0	0	320	0	0	0	1074	406	2894	0	16148	0	5366	0	31904	0	5104	0	0	0	1336	0	614	0	0	0	202	0	430	0	316	0	184	0	0	0	0	0	0	0	0	0	0	0	0	0	
237296	Temporal_Inf_R	1532	10148	0	584	0	0	0	246	0	0	0	204	0	0	0	0	0	126	0	3510	0	0	0	0	0	0	0	0	0	1956	0	0	0	3772	272	610	290	3816	0	0	0	526	0	6338	0	1954	0	518	0	2634	0	2134	0	12186	0	9974	0	920	0	834	0	1970	0	3892	0	222	0	5622	0	3236	0	0	0	132	0	0	830	1492	148	544	0	5164	0	3888	0	21452	0	2122	0	0	0	2550	0	184	0	0	0	0	0	116	0	0	0	0	0	0	0	0	0	0	0	0	0	0	0	0	
499312	Cerebelum_Crus1_L	0	0	0	0	0	0	0	0	0	0	0	0	0	0	0	0	0	0	0	0	0	0	0	0	0	0	0	0	0	0	0	0	0	0	0	0	356	0	1036	0	0	0	0	0	0	0	17016	2140	0	0	0	0	0	0	24892	624	0	0	0	0	0	0	0	0	0	0	0	0	0	0	0	0	0	0	0	0	0	0	0	0	0	0	0	0	0	0	0	0	1336	0	0	3184	33526	484	5620	562	28046	3256	55682	5100	12452	102	17548	426	3746	336	636	0	178	1574	10316	11892	5486	842	838	424	
393348	Cerebelum_Crus1_R	0	0	0	0	0	0	0	0	0	0	0	0	0	0	0	0	0	0	0	0	0	0	0	0	0	0	0	0	0	0	0	0	0	0	0	0	0	574	0	1146	0	0	0	0	0	0	3310	6658	0	0	0	0	0	186	1900	12710	0	0	0	0	0	0	0	0	0	0	0	0	0	0	0	0	0	0	0	0	0	0	0	0	0	0	0	0	0	0	0	0	0	2550	3184	0	636	23064	588	6544	4254	23228	5984	56784	358	1774	772	9300	212	1616	0	0	208	3388	9286	7016	4998	2112	1780	554	
359688	Cerebelum_Crus2_L	0	0	0	0	0	0	0	0	0	0	0	0	0	0	0	0	0	0	0	0	0	0	0	0	0	0	0	0	0	0	0	0	0	0	0	0	0	0	108	0	0	0	0	0	0	0	1504	156	0	0	0	0	0	0	3702	102	0	0	0	0	0	0	0	0	0	0	0	0	0	0	0	0	0	0	0	0	0	0	0	0	0	0	0	0	0	0	0	0	614	0	33526	636	0	5104	1592	0	4088	538	7082	572	47752	2504	45302	1256	13366	272	990	0	0	286	1438	870	3694	2662	128	0	
255236	Cerebelum_Crus2_R	0	0	0	0	0	0	0	0	0	0	0	0	0	0	0	0	0	0	0	0	0	0	0	0	0	0	0	0	0	0	0	0	0	0	0	0	0	254	0	550	0	0	0	0	0	0	536	476	0	0	0	0	0	0	140	1112	0	0	0	0	0	0	0	0	0	0	0	0	0	0	0	0	0	0	0	0	0	0	0	0	0	0	0	0	0	0	0	0	0	184	484	23064	5104	0	0	1754	330	2300	408	8022	2026	25552	2856	33540	372	4412	0	0	0	1580	162	1124	5970	3468	1484	354	
76556	Cerebelum_3_L	0	0	0	0	0	0	0	0	0	0	0	0	0	0	0	0	0	0	0	0	0	0	0	0	0	0	0	0	0	0	0	0	0	0	0	0	142	184	128	152	0	0	0	0	0	0	912	0	0	0	0	0	0	0	584	0	0	0	0	0	0	0	0	0	0	0	0	0	0	0	0	0	0	0	0	0	212	0	0	0	0	0	0	0	0	0	0	0	0	0	5620	588	1592	0	0	202	6794	412	2738	768	926	0	3806	100	3420	0	0	0	612	3322	1536	1506	1330	320	372	0	
95296	Cerebelum_3_R	0	0	0	0	0	0	0	0	0	0	0	0	0	0	0	0	0	0	0	0	0	0	0	0	0	0	0	0	0	0	0	0	0	0	0	0	0	0	0	126	0	0	0	0	0	0	132	428	0	0	0	0	0	0	110	126	0	0	0	0	0	0	0	0	0	0	0	0	0	0	0	0	0	0	0	0	0	0	0	0	0	0	0	0	0	0	0	0	0	0	562	6544	0	1754	202	0	1392	7052	558	8088	0	248	446	2460	172	1700	0	0	622	7572	1416	520	1208	1866	1908	436	
329644	Cerebelum_4_5_L	0	0	0	0	0	0	0	0	0	0	0	0	0	0	0	0	0	0	0	0	0	0	0	0	0	0	0	0	0	0	0	0	0	0	0	0	632	208	1732	292	0	0	0	0	0	0	11776	1710	0	0	0	0	0	0	8872	1194	0	0	0	0	0	0	0	0	0	0	0	0	0	0	0	0	0	0	0	0	146	0	0	0	0	0	0	0	0	0	0	0	202	0	28046	4254	4088	330	6794	1392	0	5568	33088	6094	3404	0	6230	568	3200	900	120	0	730	3396	16236	6712	2868	1158	1320	1562	
259556	Cerebelum_4_5_R	0	0	0	0	0	0	0	0	0	0	0	0	0	0	0	0	0	0	0	0	0	0	0	0	0	0	0	0	0	0	0	0	0	0	264	394	434	3178	266	5098	0	728	0	0	0	0	1972	5226	0	0	0	0	0	0	872	8544	0	0	0	0	0	0	0	0	0	0	0	148	0	0	0	0	0	250	0	238	114	262	0	0	0	0	0	0	0	0	0	0	0	0	3256	23228	538	2300	412	7052	5568	0	4074	31474	572	166	842	1716	0	680	0	0	144	3146	12796	1074	844	820	748	340	
448420	Cerebelum_6_L	0	0	0	0	0	0	0	0	0	0	0	0	0	0	0	0	0	0	0	0	0	0	0	0	0	0	0	0	0	0	0	0	0	0	0	0	384	0	1180	0	0	0	0	0	0	0	22030	4500	0	0	0	0	140	0	26508	1580	0	0	0	0	0	0	0	0	0	0	0	0	0	0	0	0	0	0	0	0	0	0	0	0	0	0	0	0	0	0	0	0	430	0	55682	5984	7082	408	2738	558	33088	4074	0	9432	4510	0	6134	128	1460	376	318	0	120	640	12758	16178	3698	586	712	794	
423932	Cerebelum_6_R	0	0	0	0	0	0	0	0	0	0	0	0	0	0	0	0	0	0	0	0	0	0	0	0	0	0	0	0	0	0	0	0	0	0	0	0	0	1204	0	2214	0	246	0	0	0	0	5380	10166	0	0	0	0	0	278	2896	15010	0	0	0	0	0	0	0	0	0	0	0	0	0	0	0	0	0	140	0	0	0	0	0	0	0	0	0	0	0	0	0	0	0	116	5100	56784	572	8022	768	8088	6094	31474	9432	0	544	752	1112	5512	320	1500	0	0	266	4010	13598	11328	4134	2204	2030	672	
277152	Cerebelum_7b_L	0	0	0	0	0	0	0	0	0	0	0	0	0	0	0	0	0	0	0	0	0	0	0	0	0	0	0	0	0	0	0	0	0	0	0	0	112	0	248	0	0	0	0	0	0	0	350	0	0	0	0	0	0	0	1566	0	0	0	0	0	0	0	0	0	0	0	0	0	0	0	0	0	0	0	0	0	0	0	0	0	0	0	0	0	0	0	0	0	316	0	12452	358	47752	2026	926	0	3404	572	4510	544	0	1386	40170	874	12546	168	1372	0	0	238	1510	714	2204	2108	150	0	
149676	Cerebelum_7b_R	0	0	0	0	0	0	0	0	0	0	0	0	0	0	0	0	0	0	0	0	0	0	0	0	0	0	0	0	0	0	0	0	0	0	0	0	0	0	0	0	0	0	0	0	0	0	0	0	0	0	0	0	0	0	0	0	0	0	0	0	0	0	0	0	0	0	0	0	0	0	0	0	0	0	0	0	0	0	0	0	0	0	0	0	0	0	0	0	0	0	102	1774	2504	25552	0	248	0	166	0	752	1386	0	1928	27500	146	6796	0	102	0	240	0	0	2390	2616	532	104	
371216	Cerebelum_8_L	0	0	0	0	0	0	0	0	0	0	0	0	0	0	0	0	0	0	0	0	0	0	0	0	0	0	0	0	0	0	0	0	0	0	0	0	250	0	292	0	0	0	0	0	0	0	1014	134	0	0	0	0	0	0	2912	120	0	0	0	0	0	0	0	0	0	0	0	0	0	0	0	0	0	0	0	0	0	0	0	0	0	0	0	0	0	0	0	0	184	0	17548	772	45302	2856	3806	446	6230	842	6134	1112	40170	1928	0	3638	23348	2086	2460	158	0	780	2102	1954	4794	6886	3814	1536	
244616	Cerebelum_8_R	0	0	0	0	0	0	0	0	0	0	0	0	0	0	0	0	0	0	0	0	0	0	0	0	0	0	0	0	0	0	0	0	0	0	0	0	0	116	0	258	0	0	0	0	0	0	0	0	0	0	0	0	0	0	0	392	0	0	0	0	0	0	0	0	0	0	0	0	0	0	0	0	0	0	0	0	0	0	0	0	0	0	0	0	0	0	0	0	0	0	426	9300	1256	33540	100	2460	568	1716	128	5512	874	27500	3638	0	1116	15614	158	744	120	2342	308	338	3496	5728	3650	910	
154952	Cerebelum_9_L	0	0	0	0	0	0	0	0	0	0	0	0	0	0	0	0	0	0	0	0	0	0	0	0	0	0	0	0	0	0	0	0	0	0	0	0	284	0	308	0	0	0	0	0	0	0	462	0	0	0	0	0	0	0	492	0	0	0	0	0	0	0	0	0	0	0	0	0	0	0	0	0	0	0	0	0	0	0	0	0	0	0	0	0	0	0	0	0	0	0	3746	212	13366	372	3420	172	3200	0	1460	320	12546	146	23348	1116	0	1054	3340	0	0	472	116	1184	1266	2044	2386	644	
131088	Cerebelum_9_R	0	0	0	0	0	0	0	0	0	0	0	0	0	0	0	0	0	0	0	0	0	0	0	0	0	0	0	0	0	0	0	0	0	0	0	0	0	0	0	0	0	0	0	0	0	0	0	0	0	0	0	0	0	0	0	0	0	0	0	0	0	0	0	0	0	0	0	0	0	0	0	0	0	0	0	0	0	0	0	0	0	0	0	0	0	0	0	0	0	0	336	1616	272	4412	0	1700	900	680	376	1500	168	6796	2086	15614	1054	0	234	2350	444	1656	1148	1416	3142	6572	7814	3258	
19256	Cerebelum_10_L	0	0	0	0	0	0	0	0	0	0	0	0	0	0	0	0	0	0	0	0	0	0	0	0	0	0	0	0	0	0	0	0	0	0	0	0	0	0	0	0	0	0	0	0	0	0	0	0	0	0	0	0	0	0	0	0	0	0	0	0	0	0	0	0	0	0	0	0	0	0	0	0	0	0	0	0	0	0	0	0	0	0	0	0	0	0	0	0	0	0	636	0	990	0	0	0	120	0	318	0	1372	0	2460	158	3340	234	0	0	0	0	0	0	0	0	0	0	
9392	Cerebelum_10_R	0	0	0	0	0	0	0	0	0	0	0	0	0	0	0	0	0	0	0	0	0	0	0	0	0	0	0	0	0	0	0	0	0	0	0	0	0	0	0	0	0	0	0	0	0	0	0	0	0	0	0	0	0	0	0	0	0	0	0	0	0	0	0	0	0	0	0	0	0	0	0	0	0	0	0	0	0	0	0	0	0	0	0	0	0	0	0	0	0	0	0	0	0	0	0	0	0	0	0	0	0	102	158	744	0	2350	0	0	0	0	0	0	118	454	586	184	
23320	Vermis_1_2	0	0	0	0	0	0	0	0	0	0	0	0	0	0	0	0	0	0	0	0	0	0	0	0	0	0	0	0	0	0	0	0	0	0	0	0	232	0	300	0	0	0	0	0	0	0	186	0	0	0	0	0	0	0	0	0	0	0	0	0	0	0	0	0	0	0	0	0	0	0	0	0	0	0	0	0	104	0	0	0	0	0	0	0	0	0	0	0	0	0	178	208	0	0	612	622	730	144	120	266	0	0	0	120	0	444	0	0	0	4872	704	340	310	458	528	182	
105072	Vermis_3	0	0	0	122	0	0	0	0	0	0	0	0	0	0	0	0	0	0	0	0	0	0	0	0	0	0	0	0	0	0	0	0	0	0	0	0	508	430	644	284	0	0	0	0	0	0	652	112	0	0	0	0	0	0	300	144	0	0	0	0	0	0	0	0	0	0	0	0	0	0	0	0	0	144	0	0	342	172	0	0	0	0	0	0	0	0	0	0	0	0	1574	3388	286	1580	3322	7572	3396	3146	640	4010	238	240	780	2342	472	1656	0	0	4872	0	2144	1078	1608	1874	2000	464	
