data	data	423304	252112	1.09722e+06	1.01647e+06	186056	218604	735552	357936	113940	39356	266608	228436	294936	136696	224176	102932	194788	127236	737876	788264	162952	178012	506468	546164	91020	128072	120592	154984	623868	361424	442648	524288	180688	658136	185488	196948	363200	384628	172024	222212	98996	78876	210100	270284	197724	297316	329888	242152	179784	341912	418944	278120	118464	105084	395540	455360	288532	203696	114876	105952	190988	110180	97908	105716	151288	82856	309420	390796	125948	104760	434496	385656	521480	343216	69996	37236	137328	232180	113272	33596	222084	101756	108576	63632	293500	208488	39620	26396	303036	180552	438728	331696	227640	193832	63968	129724	404264	266512	478212	392192	169728	103508	298428	318740	186216	149376	20656	11256	52776	93884	274044	191024	221764	175416	116332	33512	
data	data	Precentral_L	Precentral_R	Frontal_Sup_L	Frontal_Sup_R	Frontal_Sup_Orb_L	Frontal_Sup_Orb_R	Frontal_Mid_L	Frontal_Mid_R	Frontal_Mid_Orb_L	Frontal_Mid_Orb_R	Frontal_Inf_Oper_L	Frontal_Inf_Oper_R	Frontal_Inf_Tri_L	Frontal_Inf_Tri_R	Frontal_Inf_Orb_L	Frontal_Inf_Orb_R	Rolandic_Oper_L	Rolandic_Oper_R	Supp_Motor_Area_L	Supp_Motor_Area_R	Olfactory_L	Olfactory_R	Frontal_Sup_Medial_L	Frontal_Sup_Medial_R	Frontal_Med_Orb_L	Frontal_Med_Orb_R	Rectus_L	Rectus_R	Insula_L	Insula_R	Cingulum_Ant_L	Cingulum_Ant_R	Cingulum_Mid_L	Cingulum_Mid_R	Cingulum_Post_L	Cingulum_Post_R	Hippocampus_L	Hippocampus_R	ParaHippocampal_L	ParaHippocampal_R	Amygdala_L	Amygdala_R	Calcarine_L	Calcarine_R	Cuneus_L	Cuneus_R	Lingual_L	Lingual_R	Occipital_Sup_L	Occipital_Sup_R	Occipital_Mid_L	Occipital_Mid_R	Occipital_Inf_L	Occipital_Inf_R	Fusiform_L	Fusiform_R	Postcentral_L	Postcentral_R	Parietal_Sup_L	Parietal_Sup_R	Parietal_Inf_L	Parietal_Inf_R	SupraMarginal_L	SupraMarginal_R	Angular_L	Angular_R	Precuneus_L	Precuneus_R	Paracentral_Lobule_L	Paracentral_Lobule_R	Caudate_L	Caudate_R	Putamen_L	Putamen_R	Pallidum_L	Pallidum_R	Thalamus_L	Thalamus_R	Heschl_L	Heschl_R	Temporal_Sup_L	Temporal_Sup_R	Temporal_Pole_Sup_L	Temporal_Pole_Sup_R	Temporal_Mid_L	Temporal_Mid_R	Temporal_Pole_Mid_L	Temporal_Pole_Mid_R	Temporal_Inf_L	Temporal_Inf_R	Cerebelum_Crus1_L	Cerebelum_Crus1_R	Cerebelum_Crus2_L	Cerebelum_Crus2_R	Cerebelum_3_L	Cerebelum_3_R	Cerebelum_4_5_L	Cerebelum_4_5_R	Cerebelum_6_L	Cerebelum_6_R	Cerebelum_7b_L	Cerebelum_7b_R	Cerebelum_8_L	Cerebelum_8_R	Cerebelum_9_L	Cerebelum_9_R	Cerebelum_10_L	Cerebelum_10_R	Vermis_1_2	Vermis_3	Vermis_4_5	Vermis_6	Vermis_7	Vermis_8	Vermis_9	Vermis_10	
423304	Precentral_L	0	1002	13930	3206	0	0	22504	2036	0	0	17970	228	2662	0	0	0	11114	0	7546	6356	0	0	280	162	0	0	0	0	14502	134	282	0	1408	1510	7202	1884	8194	1424	648	504	0	0	152	0	212	0	374	0	242	0	2594	0	0	0	676	0	32314	0	512	0	4842	0	914	0	830	0	1236	0	7608	0	5898	494	7832	342	2044	0	3844	1832	5476	0	3064	0	110	0	848	0	0	0	674	0	0	0	0	0	0	0	0	0	0	0	0	0	0	0	0	0	0	0	0	0	0	0	0	0	0	0	
252112	Precentral_R	1002	0	484	5626	0	0	272	13464	0	0	0	8510	0	0	0	0	0	3226	130	4508	0	0	0	0	0	0	0	0	106	4814	0	0	0	1170	1120	4396	1148	7870	432	1432	0	0	0	1652	0	1458	256	706	0	2240	0	2472	0	346	0	994	238	17718	0	812	0	1806	0	2110	0	368	206	4108	0	1392	204	4464	312	4176	0	678	2494	12008	0	700	0	636	0	0	0	1142	0	0	0	650	0	0	0	0	0	0	0	0	0	0	0	0	0	0	0	0	0	0	0	0	0	0	0	0	0	0	
1.09722e+06	Frontal_Sup_L	13930	484	0	28024	7948	0	100992	2872	4140	0	6192	706	20940	428	10048	0	2478	0	92532	33530	1432	174	53670	17748	1798	304	2258	0	26378	494	27968	7314	7738	12010	290	668	1444	142	266	0	762	0	0	0	0	0	0	0	0	0	0	0	0	0	292	0	1604	0	0	0	0	0	0	0	0	0	0	170	2986	0	14136	1010	29034	426	3818	0	1208	180	224	0	2876	0	1294	0	442	0	0	0	808	0	0	0	0	0	0	0	0	0	0	0	0	0	0	0	0	0	0	0	0	0	0	0	0	0	0	0	
1.01647e+06	Frontal_Sup_R	3206	5626	28024	0	132	12650	10172	43352	0	2406	3920	17708	1006	7074	0	2642	1258	8370	29610	74598	338	594	21772	53468	202	3258	0	1444	2046	13554	8978	39542	2924	40824	0	862	552	2116	110	1204	0	0	0	0	0	0	0	0	0	0	0	0	0	0	0	570	312	2220	0	0	0	0	0	0	0	0	0	138	2312	0	11670	17948	5844	15584	976	1186	430	802	0	234	664	570	0	1112	0	120	0	0	0	0	0	0	0	0	0	0	0	0	0	0	0	0	0	0	0	0	0	0	0	0	0	0	0	0	0	0	
186056	Frontal_Sup_Orb_L	0	0	7948	132	0	380	4444	0	16190	0	0	0	3300	0	12306	0	0	0	1044	0	4730	840	4284	868	6418	912	9538	282	5726	0	6076	248	0	0	0	0	0	0	0	0	1224	0	0	0	0	0	0	0	0	0	0	0	0	0	0	0	0	0	0	0	0	0	0	0	0	0	0	0	0	0	2746	394	2212	0	0	0	0	0	0	0	0	0	786	0	0	0	0	0	0	0	0	0	0	0	0	0	0	0	0	0	0	0	0	0	0	0	0	0	0	0	0	0	0	0	0	0	
218604	Frontal_Sup_Orb_R	0	0	0	12650	380	0	0	4978	0	4426	0	398	0	508	190	5794	0	0	382	2290	3328	8448	142	5950	802	8116	494	13998	372	2780	1442	7998	0	882	0	0	0	0	0	0	678	278	0	0	0	0	0	0	0	0	0	0	0	0	0	0	0	0	0	0	0	0	0	0	0	0	0	0	0	0	3476	10184	1958	5452	0	122	0	0	0	0	0	0	130	276	0	0	0	0	0	0	0	0	0	0	0	0	0	0	0	0	0	0	0	0	0	0	0	0	0	0	0	0	0	0	0	0	
735552	Frontal_Mid_L	22504	272	100992	10172	4444	0	0	916	5114	0	14622	292	30940	120	7532	0	3192	0	25194	5988	206	0	29508	9948	274	0	474	0	24684	138	11472	3996	4026	4674	518	962	2980	394	390	126	224	0	0	0	0	0	0	0	0	0	0	0	0	0	584	0	2390	0	0	0	0	0	170	0	0	0	0	128	0	0	6160	342	20392	110	1222	0	1024	524	1332	0	3462	0	1088	0	466	0	0	0	1094	0	0	0	0	0	0	0	0	0	0	0	0	0	0	0	0	0	0	0	0	0	0	0	0	0	0	0	
357936	Frontal_Mid_R	2036	13464	2872	43352	0	4978	916	0	0	2260	110	13500	0	13312	0	2816	174	4432	2808	6630	0	0	1146	5084	0	0	0	116	376	7336	176	2500	162	7478	238	616	1598	1810	326	534	0	0	0	0	0	0	110	118	0	0	0	0	0	0	0	178	318	1004	0	0	0	0	0	112	0	0	0	176	788	122	3290	5202	3036	6406	1300	938	3076	8586	0	186	0	260	0	606	0	0	0	0	0	0	0	0	0	0	0	0	0	0	0	0	0	0	0	0	0	0	0	0	0	0	0	0	0	0	0	0	
113940	Frontal_Mid_Orb_L	0	0	4140	0	16190	0	5114	0	0	0	194	0	4504	0	11936	0	0	0	428	0	456	0	1554	194	2038	172	4152	0	1860	0	1994	0	0	0	0	0	0	0	0	0	210	0	0	0	0	0	0	0	0	0	0	0	0	0	0	0	0	0	0	0	0	0	0	0	0	0	0	0	0	0	544	0	1118	0	0	0	0	0	0	0	0	0	172	0	0	0	0	0	0	0	0	0	0	0	0	0	0	0	0	0	0	0	0	0	0	0	0	0	0	0	0	0	0	0	0	0	
39356	Frontal_Mid_Orb_R	0	0	0	2406	0	4426	0	2260	0	0	0	0	0	128	0	4284	0	0	0	0	140	470	0	0	0	1454	0	1518	0	684	0	502	0	0	0	0	0	0	0	0	0	0	0	0	0	0	0	0	0	0	0	0	0	0	0	0	0	0	0	0	0	0	0	0	0	0	0	0	0	0	150	618	0	638	0	0	0	0	0	0	0	0	0	0	0	0	0	0	0	0	0	0	0	0	0	0	0	0	0	0	0	0	0	0	0	0	0	0	0	0	0	0	0	0	0	0	
266608	Frontal_Inf_Oper_L	17970	0	6192	3920	0	0	14622	110	194	0	0	706	17306	0	3794	0	10124	232	2472	3110	0	0	966	390	0	0	0	0	19984	216	910	124	0	0	402	432	2062	420	226	134	0	0	0	0	0	0	0	0	0	0	0	0	0	0	148	0	4098	0	0	0	0	0	326	0	0	0	0	0	0	0	6192	282	3720	0	104	0	1266	480	2962	0	3594	0	2964	0	0	0	0	0	150	0	0	0	0	0	0	0	0	0	0	0	0	0	0	0	0	0	0	0	0	0	0	0	0	0	0	0	
228436	Frontal_Inf_Oper_R	228	8510	706	17708	0	398	292	13500	0	0	706	0	0	13282	0	372	218	5384	782	11506	0	0	0	534	0	0	0	0	710	19308	0	476	0	2418	0	0	0	1108	0	686	0	0	0	0	0	0	0	0	0	0	0	0	0	0	0	114	114	1776	0	0	0	0	0	124	0	0	0	0	0	0	3732	2508	244	4184	102	0	0	750	0	296	0	154	0	1288	0	0	0	0	0	0	0	0	0	0	0	0	0	0	0	0	0	0	0	0	0	0	0	0	0	0	0	0	0	0	0	0	
294936	Frontal_Inf_Tri_L	2662	0	20940	1006	3300	0	30940	0	4504	0	17306	0	0	0	15424	0	888	0	7180	420	410	0	1780	464	206	0	446	0	24124	0	1674	176	0	116	194	210	1032	208	0	0	424	0	0	0	0	0	0	0	0	0	0	0	0	0	0	0	672	0	0	0	0	0	124	0	0	0	0	0	0	0	1514	102	5182	0	0	0	390	248	1072	0	112	0	2018	0	0	0	0	0	0	0	0	0	0	0	0	0	0	0	0	0	0	0	0	0	0	0	0	0	0	0	0	0	0	0	0	0	
136696	Frontal_Inf_Tri_R	0	0	428	7074	0	508	120	13312	0	128	0	13282	0	0	0	3140	176	138	1818	6726	0	0	0	1156	0	0	0	0	290	9586	0	502	0	6252	0	0	0	0	0	0	0	0	0	0	0	0	0	0	0	0	0	0	0	0	0	0	0	0	0	0	0	0	0	0	0	0	0	0	0	0	1918	812	162	820	0	0	0	0	0	0	0	0	0	0	0	0	0	0	0	0	0	0	0	0	0	0	0	0	0	0	0	0	0	0	0	0	0	0	0	0	0	0	0	0	0	0	
224176	Frontal_Inf_Orb_L	0	0	10048	0	12306	190	7532	0	11936	0	3794	0	15424	0	0	0	0	0	3258	0	4734	710	666	0	406	0	4362	210	17248	0	1162	178	0	0	0	0	140	0	120	0	1390	0	0	0	0	0	0	0	0	0	0	0	0	0	0	0	0	0	0	0	0	0	0	0	0	0	0	0	0	0	3210	400	8366	0	0	0	0	0	0	0	0	0	4298	0	0	0	0	0	0	0	0	0	0	0	0	0	0	0	0	0	0	0	0	0	0	0	0	0	0	0	0	0	0	0	0	0	
102932	Frontal_Inf_Orb_R	0	0	0	2642	0	5794	0	2816	0	4284	0	372	0	3140	0	0	0	0	272	776	1470	5074	0	106	0	548	114	5232	0	6020	584	1040	0	792	0	0	0	366	0	170	180	530	0	0	0	0	0	0	0	0	0	0	0	0	0	272	0	0	0	0	0	0	0	0	0	0	0	0	0	0	1550	3616	708	2086	0	0	0	0	0	0	0	0	0	752	0	0	0	0	0	160	0	0	0	0	0	0	0	0	0	0	0	0	0	0	0	0	0	0	0	0	0	0	0	0	0	0	
194788	Rolandic_Oper_L	11114	0	2478	1258	0	0	3192	174	0	0	10124	218	888	176	0	0	0	0	914	1218	0	0	0	0	0	0	0	0	16516	174	0	0	194	0	0	0	1396	0	310	0	0	0	0	0	0	0	184	0	0	0	2166	0	0	0	474	0	10800	0	920	0	1334	0	4038	0	252	0	664	0	0	0	3836	150	822	0	0	0	872	0	4946	0	9478	0	1812	0	2332	0	0	0	1970	0	0	0	0	0	0	0	0	0	0	0	0	0	0	0	0	0	0	0	0	0	0	0	0	0	0	0	
127236	Rolandic_Oper_R	0	3226	0	8370	0	0	0	4432	0	0	232	5384	0	138	0	0	0	0	0	3682	0	0	0	0	0	0	0	0	174	12352	0	0	0	0	0	0	0	1746	0	752	0	0	0	136	0	130	0	0	0	164	0	192	0	0	0	618	0	3254	0	0	0	118	0	2320	0	0	0	258	0	0	448	1776	0	4110	0	660	0	1808	0	2256	0	3036	0	1724	0	122	0	0	0	0	0	0	0	0	0	0	0	0	0	0	0	0	0	0	0	0	0	0	0	0	0	0	0	0	0	0	
737876	Supp_Motor_Area_L	7546	130	92532	29610	1044	382	25194	2808	428	0	2472	782	7180	1818	3258	272	914	0	0	59924	846	0	10554	11968	0	0	496	0	7378	1124	11388	9900	12392	31004	522	400	370	0	106	0	274	0	0	0	0	0	0	0	0	116	0	0	0	0	0	0	502	138	0	0	0	0	0	0	0	0	0	598	6668	724	9814	1082	10038	394	3034	0	282	0	0	0	262	0	270	0	0	0	0	0	0	0	0	0	0	0	0	0	0	0	0	0	0	0	0	0	0	0	0	0	0	0	0	0	0	0	0	0	
788264	Supp_Motor_Area_R	6356	4508	33530	74598	0	2290	5988	6630	0	0	3110	11506	420	6726	0	776	1218	3682	59924	0	0	0	1806	13174	0	196	0	0	1550	8154	3960	14424	5640	56542	1446	6074	0	1802	0	1006	0	0	0	352	0	796	0	124	0	1276	0	702	0	0	0	790	242	2068	0	150	0	196	0	112	0	178	248	5420	4902	9130	8762	8636	1578	5938	982	484	118	492	0	0	650	498	0	400	0	756	0	0	0	1116	0	0	0	0	0	0	0	0	0	0	0	0	0	0	0	0	0	0	0	0	0	0	0	0	0	0	
162952	Olfactory_L	0	0	1432	338	4730	3328	206	0	456	140	0	0	410	0	4734	1470	0	0	846	0	0	8738	158	126	1084	866	5396	3914	6508	178	3480	2302	0	0	0	0	644	0	376	0	3904	0	0	0	0	0	0	0	0	0	0	0	0	0	222	0	0	0	0	0	0	0	0	0	0	0	0	0	0	0	12262	5076	6146	766	0	0	0	0	0	0	0	0	1112	0	0	0	0	0	128	0	0	0	0	0	0	0	0	0	0	0	0	0	0	0	0	0	0	0	0	0	0	0	0	0	0	0	
178012	Olfactory_R	0	0	174	594	840	8448	0	0	0	470	0	0	0	0	710	5074	0	0	0	0	8738	0	0	414	486	4550	1556	10730	1020	3346	2844	5426	0	0	0	0	0	118	0	138	1500	586	0	0	0	0	0	0	0	0	0	0	0	0	0	0	0	0	0	0	0	0	0	0	0	0	0	0	0	0	10526	10874	6228	2664	148	264	0	0	0	0	0	0	246	294	0	0	0	0	0	0	0	0	0	0	0	0	0	0	0	0	0	0	0	0	0	0	0	0	0	0	0	0	0	0	0	0	
506468	Frontal_Sup_Medial_L	280	0	53670	21772	4284	142	29508	1146	1554	0	966	0	1780	0	666	0	0	0	10554	1806	158	0	0	38420	3958	1074	1050	0	1622	0	31808	16202	6354	14582	0	0	0	0	0	0	0	0	0	0	0	0	0	0	0	0	0	0	0	0	0	0	106	0	0	0	0	0	0	0	0	0	0	0	0	0	3428	246	5946	0	0	0	152	0	0	0	0	0	0	0	0	0	0	0	0	0	0	0	0	0	0	0	0	0	0	0	0	0	0	0	0	0	0	0	0	0	0	0	0	0	0	0	
546164	Frontal_Sup_Medial_R	162	0	17748	53468	868	5950	9948	5084	194	0	390	534	464	1156	0	106	0	0	11968	13174	126	414	38420	0	1276	7048	0	1402	296	530	13502	35778	2322	31400	0	0	0	0	0	0	0	0	0	0	0	0	0	0	0	0	0	0	0	0	0	0	0	0	0	0	0	0	0	0	0	0	0	0	0	0	1896	8776	3456	4954	0	170	102	0	0	0	0	0	0	0	0	0	0	0	0	0	0	0	0	0	0	0	0	0	0	0	0	0	0	0	0	0	0	0	0	0	0	0	0	0	0	0	
91020	Frontal_Med_Orb_L	0	0	1798	202	6418	802	274	0	2038	0	0	0	206	0	406	0	0	0	0	0	1084	486	3958	1276	0	2938	6776	808	392	0	10434	1292	0	0	0	0	0	0	0	0	256	0	0	0	0	0	0	0	0	0	0	0	0	0	0	0	0	0	0	0	0	0	0	0	0	0	0	0	0	0	2124	260	1282	0	0	0	0	0	0	0	0	0	0	0	0	0	0	0	0	0	0	0	0	0	0	0	0	0	0	0	0	0	0	0	0	0	0	0	0	0	0	0	0	0	0	0	
128072	Frontal_Med_Orb_R	0	0	304	3258	912	8116	0	0	172	1454	0	0	0	0	0	548	0	0	0	196	866	4550	1074	7048	2938	0	1076	9846	128	114	3092	9598	0	136	0	0	0	0	0	0	196	0	0	0	0	0	0	0	0	0	0	0	0	0	0	0	0	0	0	0	0	0	0	0	0	0	0	0	0	0	702	5226	434	2052	0	0	0	0	0	0	0	0	0	0	0	0	0	0	0	0	0	0	0	0	0	0	0	0	0	0	0	0	0	0	0	0	0	0	0	0	0	0	0	0	0	0	
120592	Rectus_L	0	0	2258	0	9538	494	474	0	4152	0	0	0	446	0	4362	114	0	0	496	0	5396	1556	1050	0	6776	1076	0	992	3186	0	6156	706	0	0	0	0	0	0	0	0	1560	0	0	0	0	0	0	0	0	0	0	0	0	0	0	0	0	0	0	0	0	0	0	0	0	0	0	0	0	0	5650	806	2420	102	0	0	0	0	0	0	0	0	530	0	0	0	0	0	0	0	0	0	0	0	0	0	0	0	0	0	0	0	0	0	0	0	0	0	0	0	0	0	0	0	0	0	
154984	Rectus_R	0	0	0	1444	282	13998	0	116	0	1518	0	0	0	0	210	5232	0	0	0	0	3914	10730	0	1402	808	9846	992	0	482	2234	1436	6346	0	0	0	0	0	0	0	0	834	348	0	0	0	0	0	0	0	0	0	0	0	0	0	0	0	0	0	0	0	0	0	0	0	0	0	0	0	0	3928	6542	2356	2046	0	0	0	0	0	0	0	0	154	294	0	0	0	0	0	0	0	0	0	0	0	0	0	0	0	0	0	0	0	0	0	0	0	0	0	0	0	0	0	0	0	0	
623868	Insula_L	14502	106	26378	2046	5726	372	24684	376	1860	0	19984	710	24124	290	17248	0	16516	174	7378	1550	6508	1020	1622	296	392	128	3186	482	0	460	2438	438	0	0	784	772	17224	688	3082	224	5544	0	144	0	0	0	672	0	0	0	1838	0	0	0	7040	0	9614	0	392	0	608	0	1002	0	770	0	740	0	162	0	8152	654	29112	222	0	0	1682	780	10106	0	9992	0	7482	0	2668	0	534	0	7634	0	0	0	0	0	0	0	622	0	0	0	0	0	0	0	0	0	0	0	0	0	0	0	0	0	0	0	
361424	Insula_R	134	4814	494	13554	0	2780	138	7336	0	684	216	19308	0	9586	0	6020	174	12352	1124	8154	178	3346	0	530	0	114	0	2234	460	0	420	714	0	2600	186	216	220	10254	0	5400	0	1944	0	276	0	276	0	0	0	372	0	414	0	410	0	5288	0	1782	0	0	0	246	0	304	0	0	0	634	0	180	1954	5682	432	25210	0	512	272	2766	0	3076	0	4274	0	3690	0	4080	0	118	0	2780	0	0	0	0	0	0	0	0	0	0	0	0	0	0	0	0	0	0	0	0	0	0	0	0	0	0	
442648	Cingulum_Ant_L	282	0	27968	8978	6076	1442	11472	176	1994	0	910	0	1674	0	1162	584	0	0	11388	3960	3480	2844	31808	13502	10434	3092	6156	1436	2438	420	0	23374	7678	8426	0	0	0	0	0	0	654	0	0	0	0	0	0	0	0	0	0	0	0	0	0	0	0	0	0	0	0	0	0	0	0	0	0	0	0	0	11062	4366	9684	1684	0	0	720	0	0	0	0	0	0	0	0	0	0	0	0	0	0	0	0	0	0	0	0	0	0	0	0	0	0	0	0	0	0	0	0	0	0	0	0	0	0	0	
524288	Cingulum_Ant_R	0	0	7314	39542	248	7998	3996	2500	0	502	124	476	176	502	178	1040	0	0	9900	14424	2302	5426	16202	35778	1292	9598	706	6346	438	714	23374	0	4396	35700	0	0	0	0	0	0	362	0	0	0	0	0	0	0	0	0	0	0	0	0	0	0	0	0	0	0	0	0	0	0	0	0	0	0	0	0	4026	16064	2402	7812	0	286	0	0	0	0	0	0	0	0	0	0	0	0	0	0	0	0	0	0	0	0	0	0	0	0	0	0	0	0	0	0	0	0	0	0	0	0	0	0	0	0	
180688	Cingulum_Mid_L	1408	0	7738	2924	0	0	4026	162	0	0	0	0	0	0	0	0	194	0	12392	5640	0	0	6354	2322	0	0	0	0	0	0	7678	4396	0	12964	1880	442	0	0	0	0	0	0	126	0	488	0	0	0	762	0	2466	0	0	0	0	0	440	0	354	0	416	0	0	0	450	0	4528	1176	6762	910	0	0	0	0	0	0	0	0	0	0	0	0	0	0	568	0	0	0	378	0	0	0	0	0	0	0	0	0	0	0	0	0	0	0	0	0	0	0	0	0	0	0	0	0	0	0	
658136	Cingulum_Mid_R	1510	1170	12010	40824	0	882	4674	7478	0	0	0	2418	116	6252	0	792	0	0	31004	56542	0	0	14582	31400	0	136	0	0	0	2600	8426	35700	12964	0	1860	5490	0	176	0	0	0	0	0	2388	0	4756	0	328	0	5198	0	1388	0	124	0	818	0	3024	0	304	0	166	0	0	0	154	880	13798	2018	10420	326	630	210	354	0	0	0	0	0	0	0	298	0	0	0	806	0	0	0	1674	0	0	0	0	0	0	0	0	0	0	0	0	0	0	0	0	0	0	0	0	0	0	0	0	0	0	
185488	Cingulum_Post_L	7202	1120	290	0	0	0	518	238	0	0	402	0	194	0	0	0	0	0	522	1446	0	0	0	0	0	0	0	0	784	186	0	0	1880	1860	0	12156	9878	6714	5224	1748	0	0	2110	0	848	398	4042	180	556	306	0	154	0	0	324	0	2750	0	486	0	810	0	0	0	0	0	8866	2160	6812	214	0	0	744	306	0	0	2052	5282	982	0	0	0	0	0	0	0	0	0	0	0	0	0	0	0	0	0	0	0	0	0	0	0	0	0	0	0	0	0	0	0	0	0	0	0	0	0	
196948	Cingulum_Post_R	1884	4396	668	862	0	0	962	616	0	0	432	0	210	0	0	0	0	0	400	6074	0	0	0	0	0	0	0	0	772	216	0	0	442	5490	12156	0	8020	10530	3054	2466	0	0	0	858	112	1658	1818	1230	0	1434	0	970	0	0	234	178	1182	378	0	0	0	0	0	0	0	0	2134	9268	368	2492	190	0	1008	358	158	0	3932	7664	976	0	0	0	0	0	0	0	0	0	0	0	0	0	0	0	0	0	0	0	0	0	0	0	0	0	0	0	0	0	0	0	224	0	0	0	0	0	
363200	Hippocampus_L	8194	1148	1444	552	0	0	2980	1598	0	0	2062	0	1032	0	140	0	1396	0	370	0	644	0	0	0	0	0	0	0	17224	220	0	0	0	0	9878	8020	0	7342	19696	1804	8616	0	1218	0	0	0	7818	248	0	0	184	0	106	0	15160	0	3486	0	0	0	0	0	106	0	0	0	4180	872	0	0	834	0	13392	572	1192	0	4808	6206	3914	0	3716	0	2168	0	2748	0	642	0	12360	0	0	0	0	0	0	0	1310	0	0	0	0	0	0	0	0	0	0	0	0	0	0	0	0	0	0	0	
384628	Hippocampus_R	1424	7870	142	2116	0	0	394	1810	0	0	420	1108	208	0	0	366	0	1746	0	1802	0	118	0	0	0	0	0	0	688	10254	0	0	0	176	6714	10530	7342	0	3030	27722	0	8830	0	1300	0	182	1660	2780	0	414	0	452	0	692	236	25050	956	786	0	290	0	520	0	1020	0	0	714	5408	0	224	0	552	874	14708	0	1642	3776	9440	736	222	0	2764	0	1042	0	8302	0	280	0	7952	0	0	0	0	0	0	0	1018	0	128	0	0	0	0	0	330	0	0	0	0	230	124	180	250	270	0	
172024	ParaHippocampal_L	648	432	266	110	0	0	390	326	0	0	226	0	0	0	120	0	310	0	106	0	376	0	0	0	0	0	0	0	3082	0	0	0	0	0	5224	3054	19696	3030	0	634	2512	0	1618	0	0	0	9522	224	0	0	212	0	154	0	9988	0	300	0	0	0	0	0	0	0	0	0	4396	324	0	0	0	0	2622	424	120	0	642	2010	0	0	1246	0	1196	0	478	0	956	0	4134	0	1010	0	0	0	0	0	2082	0	1418	0	0	0	176	0	218	0	0	0	0	0	0	0	0	0	0	0	
222212	ParaHippocampal_R	504	1432	0	1204	0	0	126	534	0	0	134	686	0	0	0	170	0	752	0	1006	0	138	0	0	0	0	0	0	224	5400	0	0	0	0	1748	2466	1804	27722	634	0	0	7622	0	804	0	204	300	3110	0	176	0	212	0	872	0	19162	340	264	0	0	0	0	0	0	0	0	0	2372	0	0	0	264	216	8896	0	886	944	2774	338	0	0	1792	0	1638	0	3720	0	1098	0	2448	0	0	0	0	0	0	0	1662	0	264	0	0	0	144	0	516	0	0	0	0	104	174	276	406	424	0	
98996	Amygdala_L	0	0	762	0	1224	678	224	0	210	0	0	0	424	0	1390	180	0	0	274	0	3904	1500	0	0	256	196	1560	834	5544	0	654	362	0	0	0	0	8616	0	2512	0	0	104	0	0	0	0	0	0	0	0	0	0	0	0	4508	0	0	0	0	0	0	0	0	0	0	0	0	0	0	0	2944	902	3674	194	0	0	0	0	0	0	0	0	1676	0	776	0	390	0	3026	0	0	0	0	0	0	0	0	0	0	0	0	0	0	0	0	0	0	0	0	0	0	0	0	0	0	0	
78876	Amygdala_R	0	0	0	0	0	278	0	0	0	0	0	0	0	0	0	530	0	0	0	0	0	586	0	0	0	0	0	348	0	1944	0	0	0	0	0	0	0	8830	0	7622	104	0	0	0	0	0	0	0	0	0	0	0	0	0	0	10156	0	0	0	0	0	0	0	0	0	0	0	0	0	0	0	328	140	1920	0	128	0	0	0	0	0	0	0	2364	0	298	0	646	0	3216	0	0	0	0	0	0	0	0	0	0	0	0	0	0	0	0	0	0	0	0	0	0	0	0	0	0	
210100	Calcarine_L	152	0	0	0	0	0	0	0	0	0	0	0	0	0	0	0	0	0	0	0	0	0	0	0	0	0	0	0	144	0	0	0	126	0	2110	0	1218	0	1618	0	0	0	0	5608	13272	3998	13480	2438	9120	1638	22018	430	2148	246	2038	396	1394	0	240	0	402	0	0	0	446	0	13870	976	1284	0	0	0	0	0	0	0	0	0	208	0	176	0	0	0	1114	0	0	0	284	0	0	196	0	0	0	0	130	698	0	708	0	0	0	0	0	0	0	0	0	0	726	0	0	0	0	0	
270284	Calcarine_R	0	1652	0	0	0	0	0	0	0	0	0	0	0	0	0	0	0	136	0	352	0	0	0	0	0	0	0	0	0	276	0	0	0	2388	0	858	0	1300	0	804	0	0	5608	0	7066	25526	798	16416	0	24902	214	15200	0	2774	0	2910	0	2820	0	134	0	0	0	0	0	0	720	18818	0	1192	0	0	0	160	0	0	0	0	0	0	0	0	0	0	0	772	0	0	0	452	0	0	0	0	0	0	0	0	0	446	0	0	0	0	0	0	0	0	0	0	448	0	0	0	0	0	
197724	Cuneus_L	212	0	0	0	0	0	0	0	0	0	0	0	0	0	0	0	0	0	0	0	0	0	0	0	0	0	0	0	0	0	0	0	488	0	848	112	0	0	0	0	0	0	13272	7066	0	8602	2622	1226	24944	2720	14546	364	326	0	0	0	1606	0	2104	0	352	0	0	0	194	0	11802	3220	1814	0	0	0	0	0	0	0	0	0	0	0	0	0	0	0	318	0	0	0	0	0	0	0	0	0	0	0	0	0	0	104	0	0	0	0	0	0	0	0	0	0	0	0	0	0	0	0	
297316	Cuneus_R	0	1458	0	0	0	0	0	0	0	0	0	0	0	0	0	0	0	130	0	796	0	0	0	0	0	0	0	0	0	276	0	0	0	4756	398	1658	0	182	0	204	0	0	3998	25526	8602	0	358	2934	606	35808	296	15002	0	1170	0	1760	0	2924	0	2644	0	0	0	0	0	0	7094	26652	0	1370	0	0	0	162	0	0	0	0	0	0	0	184	0	0	0	842	0	0	0	736	0	0	0	0	0	0	0	0	0	132	0	0	0	0	0	0	0	0	0	0	0	0	0	0	0	0	
329888	Lingual_L	374	256	0	0	0	0	0	110	0	0	0	0	0	0	0	0	184	0	0	0	0	0	0	0	0	0	0	0	672	0	0	0	0	0	4042	1818	7818	1660	9522	300	0	0	13480	798	2622	358	0	3708	2944	0	12974	0	7662	500	16630	1222	758	0	0	0	0	0	0	0	0	0	7862	216	476	0	0	0	422	104	0	0	490	1192	104	0	598	0	0	0	194	0	0	0	2256	0	4228	1962	392	0	766	510	16032	3658	13702	4340	0	0	458	478	440	202	0	0	328	510	7806	3548	512	288	246	212	
242152	Lingual_R	0	706	0	0	0	0	0	118	0	0	0	0	0	0	0	0	0	0	0	124	0	0	0	0	0	0	0	0	0	0	0	0	0	328	180	1230	248	2780	224	3110	0	0	2438	16416	1226	2934	3708	0	0	7146	0	6274	0	5732	192	12130	0	834	0	0	0	0	0	0	0	0	138	6380	0	430	0	0	0	0	0	0	152	598	0	0	0	0	0	0	0	166	0	0	0	0	984	3358	190	122	244	870	5052	8936	2032	9366	0	0	182	606	144	120	0	0	0	638	7648	3270	1048	202	122	0	
179784	Occipital_Sup_L	242	0	0	0	0	0	0	0	0	0	0	0	0	0	0	0	0	0	0	0	0	0	0	0	0	0	0	0	0	0	0	0	762	0	556	0	0	0	0	0	0	0	9120	0	24944	606	2944	0	0	0	25864	0	660	0	120	0	1042	0	5644	116	874	0	0	0	964	0	11016	2188	1220	0	0	0	0	0	0	0	0	0	0	0	0	0	0	0	1010	0	0	0	0	0	0	0	0	0	0	0	0	0	0	0	0	0	0	0	0	0	0	0	0	0	0	0	0	0	0	0	
341912	Occipital_Sup_R	0	2240	0	0	0	0	0	0	0	0	0	0	0	0	0	0	0	164	116	1276	0	0	0	0	0	0	0	0	0	372	0	0	0	5198	306	1434	0	414	0	176	0	0	1638	24902	2720	35808	0	7146	0	0	0	31204	0	3006	0	3768	0	4036	0	6516	0	1478	0	136	0	3140	3324	22468	0	2024	0	0	0	162	0	0	0	0	0	162	0	658	0	0	0	2536	0	0	0	2234	0	0	0	0	0	0	0	0	0	194	0	0	0	0	0	0	0	0	0	0	0	0	0	0	0	0	
418944	Occipital_Mid_L	2594	0	0	0	0	0	0	0	0	0	0	0	0	0	0	0	2166	0	0	0	0	0	0	0	0	0	0	0	1838	0	0	0	2466	0	0	0	184	0	212	0	0	0	22018	214	14546	296	12974	0	25864	0	0	0	20206	0	8924	0	3622	0	9800	0	9976	0	1290	0	23242	0	12436	516	2072	0	0	0	0	0	0	0	238	0	2508	0	2152	0	0	0	21196	0	0	0	5144	0	0	0	0	0	0	0	344	0	434	0	0	0	0	0	0	0	0	0	0	0	0	0	0	0	0	0	
278120	Occipital_Mid_R	0	2472	0	0	0	0	0	0	0	0	0	0	0	0	0	0	0	192	0	702	0	0	0	0	0	0	0	0	0	414	0	0	0	1388	154	970	0	452	0	212	0	0	430	15200	364	15002	0	6274	0	31204	0	0	0	7816	0	4168	0	2600	0	1540	0	3100	0	1732	0	9118	1814	13210	0	938	0	0	0	180	0	0	0	306	0	224	0	1322	0	0	0	12670	0	0	0	2462	0	0	0	0	0	0	0	164	0	266	0	0	0	0	0	0	0	0	0	0	0	0	0	0	0	0	
118464	Occipital_Inf_L	0	0	0	0	0	0	0	0	0	0	0	0	0	0	0	0	0	0	0	0	0	0	0	0	0	0	0	0	0	0	0	0	0	0	0	0	106	0	154	0	0	0	2148	0	326	0	7662	0	660	0	20206	0	0	0	12098	0	0	0	0	0	0	0	0	0	2316	0	502	0	0	0	0	0	0	0	0	0	0	0	216	0	222	0	0	0	1606	0	0	0	7026	0	1146	0	0	0	0	0	634	0	2052	0	0	0	0	0	0	0	0	0	0	0	152	0	0	0	0	0	
105084	Occipital_Inf_R	0	346	0	0	0	0	0	0	0	0	0	0	0	0	0	0	0	0	0	0	0	0	0	0	0	0	0	0	0	410	0	0	0	124	0	0	0	692	0	872	0	0	246	2774	0	1170	500	5732	0	3006	0	7816	0	0	0	13422	0	470	0	118	0	174	0	0	0	0	0	1418	0	0	0	0	0	146	0	0	0	114	0	0	0	178	0	0	0	2432	0	0	0	2488	0	238	0	0	0	0	648	1768	284	2990	0	0	0	0	0	0	0	0	0	0	1422	544	0	0	0	0	
395540	Fusiform_L	676	0	292	0	0	0	584	0	0	0	148	0	0	0	0	0	474	0	0	0	222	0	0	0	0	0	0	0	7040	0	0	0	0	0	324	234	15160	236	9988	0	4508	0	2038	0	0	0	16630	192	120	0	8924	0	12098	0	0	0	154	0	0	0	0	0	0	0	222	0	1360	0	0	0	0	0	1770	0	0	0	0	146	974	0	6752	0	2108	0	5814	0	3054	0	26170	0	21520	0	0	0	114	158	15758	474	28702	288	0	0	392	174	312	0	0	0	0	0	1028	148	164	126	0	0	
455360	Fusiform_R	0	994	0	570	0	0	0	178	0	0	0	114	0	0	0	272	0	618	0	790	0	0	0	0	0	0	0	0	0	5288	0	0	0	818	0	178	0	25050	0	19162	0	10156	396	2910	0	1760	1222	12130	0	3768	0	4168	0	13422	0	0	0	3818	0	1904	0	1870	0	560	0	386	0	3120	0	1742	0	112	0	5608	0	350	0	496	0	132	0	2842	0	3792	0	11850	0	2986	0	20692	158	13814	0	300	0	1254	1610	12000	678	22428	0	0	0	930	202	706	0	104	0	176	3066	1642	1136	626	626	0	
288532	Postcentral_L	32314	238	1604	312	0	0	2390	318	0	0	4098	114	672	0	0	0	10800	0	502	242	0	0	106	0	0	0	0	0	9614	0	0	0	440	0	2750	1182	3486	956	300	340	0	0	1394	0	1606	0	758	0	1042	0	3622	0	0	0	154	0	0	0	5806	0	18610	0	6738	0	1232	0	6798	0	6462	0	1848	0	1112	142	164	0	3916	1088	4920	0	2396	0	0	0	1272	0	0	0	408	0	0	0	0	0	0	0	0	0	0	0	0	0	0	0	0	0	0	0	0	0	0	0	0	0	0	0	
203696	Postcentral_R	0	17718	0	2220	0	0	0	1004	0	0	0	1776	0	0	0	0	0	3254	138	2068	0	0	0	0	0	0	0	0	0	1782	0	0	0	3024	0	378	0	786	0	264	0	0	0	2820	0	2924	0	834	0	4036	0	2600	0	470	0	3818	0	0	0	6758	0	7878	0	10922	0	484	194	7934	0	5964	0	2210	0	438	0	0	0	2810	0	618	0	770	0	0	0	690	0	0	0	2264	0	0	0	0	0	0	0	0	0	0	0	0	0	0	0	0	0	0	0	0	0	0	0	0	0	0	
114876	Parietal_Sup_L	512	0	0	0	0	0	0	0	0	0	0	0	0	0	0	0	920	0	0	0	0	0	0	0	0	0	0	0	392	0	0	0	354	0	486	0	0	0	0	0	0	0	240	0	2104	0	0	0	5644	0	9800	0	0	0	0	0	5806	0	0	372	10220	0	0	0	2492	0	14528	1578	382	0	0	0	0	0	0	0	0	0	428	0	436	0	0	0	442	0	0	0	302	0	0	0	0	0	0	0	0	0	0	0	0	0	0	0	0	0	0	0	0	0	0	0	0	0	0	0	
105952	Parietal_Sup_R	0	812	0	0	0	0	0	0	0	0	0	0	0	0	0	0	0	0	0	150	0	0	0	0	0	0	0	0	0	0	0	0	0	304	0	0	0	290	0	0	0	0	0	134	0	2644	0	0	116	6516	0	1540	0	118	0	1904	0	6758	372	0	0	10016	0	4570	0	4506	2106	8268	0	840	0	0	0	0	0	0	0	130	0	0	0	0	0	0	0	0	0	0	0	882	0	0	0	0	0	0	0	0	0	0	0	0	0	0	0	0	0	0	0	0	0	0	0	0	0	0	
190988	Parietal_Inf_L	4842	0	0	0	0	0	0	0	0	0	0	0	0	0	0	0	1334	0	0	0	0	0	0	0	0	0	0	0	608	0	0	0	416	0	810	0	0	0	0	0	0	0	402	0	352	0	0	0	874	0	9976	0	0	0	0	0	18610	0	10220	0	0	0	13056	0	17064	0	3300	0	902	0	112	0	0	0	0	0	1082	0	400	0	1192	0	0	0	7022	0	0	0	2920	0	0	0	0	0	0	0	0	0	0	0	0	0	0	0	0	0	0	0	0	0	0	0	0	0	0	0	
110180	Parietal_Inf_R	0	1806	0	0	0	0	0	0	0	0	0	0	0	0	0	0	0	118	0	196	0	0	0	0	0	0	0	0	0	246	0	0	0	166	0	0	0	520	0	0	0	0	0	0	0	0	0	0	0	1478	0	3100	0	174	0	1870	0	7878	0	10016	0	0	0	13004	0	10364	0	148	0	202	0	142	0	0	0	0	0	528	0	150	0	640	0	0	0	1616	0	0	0	728	0	0	0	0	0	0	0	0	0	0	0	0	0	0	0	0	0	0	0	0	0	0	0	0	0	0	
97908	SupraMarginal_L	914	0	0	0	0	0	170	0	0	0	326	0	124	0	0	0	4038	0	0	0	0	0	0	0	0	0	0	0	1002	0	0	0	0	0	0	0	106	0	0	0	0	0	0	0	0	0	0	0	0	0	1290	0	0	0	0	0	6738	0	0	0	13056	0	0	0	4614	0	140	0	0	0	118	0	0	0	0	0	490	0	812	0	3798	0	0	0	7946	0	0	0	3272	0	0	0	0	0	0	0	0	0	0	0	0	0	0	0	0	0	0	0	0	0	0	0	0	0	0	0	
105716	SupraMarginal_R	0	2110	0	0	0	0	0	112	0	0	0	124	0	0	0	0	0	2320	0	112	0	0	0	0	0	0	0	0	0	304	0	0	0	0	0	0	0	1020	0	0	0	0	0	0	0	0	0	0	0	136	0	1732	0	0	0	560	0	10922	0	4570	0	13004	0	0	0	3798	0	0	0	0	0	2178	0	0	0	0	0	3268	0	380	0	3622	0	0	0	2340	0	0	0	246	0	0	0	0	0	0	0	0	0	0	0	0	0	0	0	0	0	0	0	0	0	0	0	0	0	0	
151288	Angular_L	830	0	0	0	0	0	0	0	0	0	0	0	0	0	0	0	252	0	0	0	0	0	0	0	0	0	0	0	770	0	0	0	450	0	0	0	0	0	0	0	0	0	446	0	194	0	0	0	964	0	23242	0	2316	0	222	0	1232	0	2492	0	17064	0	4614	0	0	0	1962	0	368	0	0	0	0	0	0	0	128	0	198	0	766	0	0	0	15864	0	0	0	1270	0	0	0	0	0	0	0	0	0	0	0	0	0	0	0	0	0	0	0	0	0	0	0	0	0	0	0	
82856	Angular_R	0	368	0	0	0	0	0	0	0	0	0	0	0	0	0	0	0	0	0	178	0	0	0	0	0	0	0	0	0	0	0	0	0	154	0	0	0	0	0	0	0	0	0	0	0	0	0	0	0	3140	0	9118	0	0	0	386	0	484	0	4506	0	10364	0	3798	0	0	0	198	0	230	0	180	0	0	0	0	0	374	0	366	0	3098	0	0	0	4248	0	0	0	238	0	0	0	0	0	0	0	0	0	0	0	0	0	0	0	0	0	0	0	0	0	0	0	0	0	0	
309420	Precuneus_L	1236	206	0	0	0	0	0	0	0	0	0	0	0	0	0	0	664	0	0	248	0	0	0	0	0	0	0	0	740	0	0	0	4528	880	8866	2134	4180	714	4396	0	0	0	13870	720	11802	7094	7862	138	11016	3324	12436	1814	502	0	1360	0	6798	194	14528	2106	3300	0	140	0	1962	0	0	15968	5036	126	0	0	0	0	0	0	0	208	348	0	408	0	0	0	1454	146	0	0	1258	0	0	0	0	0	0	0	0	0	0	0	0	0	0	0	0	0	0	0	0	0	0	0	0	0	0	0	
390796	Precuneus_R	0	4108	170	138	0	0	128	176	0	0	0	0	0	0	0	0	0	258	598	5420	0	0	0	0	0	0	0	0	0	634	0	0	1176	13798	2160	9268	872	5408	324	2372	0	0	976	18818	3220	26652	216	6380	2188	22468	516	13210	0	1418	0	3120	0	7934	1578	8268	0	148	0	0	0	198	15968	0	226	7938	0	0	0	446	0	0	138	1044	0	142	0	478	0	0	0	2154	0	0	0	2142	0	0	0	0	0	0	0	0	0	0	0	0	0	0	0	0	0	0	0	0	406	0	0	0	0	0	
125948	Paracentral_Lobule_L	7608	0	2986	2312	0	0	0	788	0	0	0	0	0	0	0	0	0	0	6668	4902	0	0	0	0	0	0	0	0	162	0	0	0	6762	2018	6812	368	0	0	0	0	0	0	1284	0	1814	0	476	0	1220	0	2072	0	0	0	0	0	6462	0	382	0	902	0	0	0	368	0	5036	226	0	270	0	492	0	222	0	0	0	0	0	0	0	0	0	0	240	0	0	0	122	0	0	0	0	0	0	0	0	0	0	0	0	0	0	0	0	0	0	0	0	0	0	0	0	0	0	0	
104760	Paracentral_Lobule_R	0	1392	0	0	0	0	0	122	0	0	0	0	0	0	0	0	0	0	724	9130	0	0	0	0	0	0	0	0	0	180	0	0	910	10420	214	2492	0	224	0	0	0	0	0	1192	0	1370	0	430	0	2024	0	938	0	0	0	1742	0	5964	0	840	0	202	0	0	0	230	126	7938	270	0	0	0	0	236	0	0	0	0	0	0	0	322	0	0	0	682	0	0	0	2066	0	0	0	0	0	0	0	0	0	0	0	0	0	0	0	0	0	0	0	0	0	0	0	0	0	0	
434496	Caudate_L	5898	204	14136	11670	2746	3476	6160	3290	544	150	6192	3732	1514	1918	3210	1550	3836	448	9814	8762	12262	10526	3428	1896	2124	702	5650	3928	8152	1954	11062	4026	0	326	0	190	834	0	0	0	2944	0	0	0	0	0	0	0	0	0	0	0	0	0	0	0	1848	0	0	0	112	0	118	0	0	0	0	0	0	0	0	11142	27566	2520	4878	496	6502	306	108	0	1684	0	714	0	0	0	0	0	0	0	0	0	0	0	0	0	0	0	0	0	0	0	0	0	0	0	0	0	0	0	0	0	0	0	0	0	
385656	Caudate_R	494	4464	1010	17948	394	10184	342	5202	0	618	282	2508	102	812	400	3616	150	1776	1082	8636	5076	10874	246	8776	260	5226	806	6542	654	5682	4366	16064	0	630	0	0	0	552	0	264	902	328	0	0	0	0	0	0	0	0	0	0	0	0	0	112	0	2210	0	0	0	142	0	2178	0	180	0	0	492	0	11142	0	5280	18666	348	2980	1060	19900	0	140	0	282	158	290	0	0	0	0	0	0	0	0	0	0	0	0	0	0	0	0	0	0	0	0	0	0	0	0	0	0	0	0	0	0	0	0	
521480	Putamen_L	7832	312	29034	5844	2212	1958	20392	3036	1118	0	3720	244	5182	162	8366	708	822	0	10038	1578	6146	6228	5946	3456	1282	434	2420	2356	29112	432	9684	2402	0	210	744	1008	13392	874	2622	216	3674	140	0	0	0	0	422	0	0	0	0	0	0	0	1770	0	1112	0	0	0	0	0	0	0	0	0	0	0	0	0	27566	5280	0	1972	11006	514	5612	1310	260	0	3024	0	3100	0	598	0	116	0	1742	0	0	0	0	0	0	0	0	0	0	0	0	0	0	0	0	0	0	0	0	0	0	0	0	0	0	0	
343216	Putamen_R	342	4176	426	15584	0	5452	110	6406	0	638	0	4184	0	820	0	2086	0	4110	394	5938	766	2664	0	4954	0	2052	102	2046	222	25210	1684	7812	0	354	306	358	572	14708	424	8896	194	1920	0	160	0	162	104	0	0	162	0	180	0	146	0	5608	142	438	0	0	0	0	0	0	0	0	0	446	222	236	2520	18666	1972	0	330	5558	352	4300	0	0	0	678	0	1242	0	1146	0	0	0	928	0	0	0	0	0	0	0	0	0	0	0	0	0	0	0	0	0	0	0	0	0	0	0	0	0	0	
69996	Pallidum_L	2044	0	3818	976	0	0	1222	1300	0	0	104	102	0	0	0	0	0	0	3034	982	0	148	0	0	0	0	0	0	0	0	0	0	0	0	0	158	1192	0	120	0	0	0	0	0	0	0	0	0	0	0	0	0	0	0	0	0	164	0	0	0	0	0	0	0	0	0	0	0	0	0	4878	348	11006	330	0	344	2728	0	0	0	0	0	0	0	0	0	0	0	0	0	0	0	0	0	0	0	0	0	0	0	0	0	0	0	0	0	0	0	0	0	0	0	0	0	0	0	
37236	Pallidum_R	0	678	0	1186	0	122	0	938	0	0	0	0	0	0	0	0	0	660	0	484	0	264	0	170	0	0	0	0	0	512	0	286	0	0	0	0	0	1642	0	886	0	128	0	0	0	0	0	0	0	0	0	0	0	0	0	350	0	0	0	0	0	0	0	0	0	0	0	0	0	0	496	2980	514	5558	344	0	0	420	0	0	0	0	0	0	0	0	0	0	0	0	0	0	0	0	0	0	0	0	0	0	0	0	0	0	0	0	0	0	0	0	0	0	0	0	0	0	
137328	Thalamus_L	3844	2494	1208	430	0	0	1024	3076	0	0	1266	0	390	0	0	0	872	0	282	118	0	0	152	102	0	0	0	0	1682	272	720	0	0	0	2052	3932	4808	3776	642	944	0	0	0	0	0	0	490	152	0	0	238	0	0	0	0	0	3916	0	0	0	1082	0	490	0	128	0	0	138	0	0	6502	1060	5612	352	2728	0	0	10790	498	0	0	0	0	0	262	0	0	0	140	0	0	0	0	0	0	0	0	0	0	0	0	0	0	0	0	0	0	0	0	0	0	0	0	0	0	0	
232180	Thalamus_R	1832	12008	180	802	0	0	524	8586	0	0	480	750	248	0	0	0	0	1808	0	492	0	0	0	0	0	0	0	0	780	2766	0	0	0	0	5282	7664	6206	9440	2010	2774	0	0	0	0	0	0	1192	598	0	0	0	306	0	114	146	496	1088	2810	0	130	0	528	0	3268	0	374	208	1044	0	0	306	19900	1310	4300	0	420	10790	0	748	270	0	800	0	0	0	178	0	0	0	134	0	0	0	0	0	0	0	0	0	0	0	0	0	0	0	0	0	0	0	0	0	0	0	0	0	0	
113272	Heschl_L	5476	0	224	0	0	0	1332	0	0	0	2962	0	1072	0	0	0	4946	0	0	0	0	0	0	0	0	0	0	0	10106	0	0	0	0	0	982	976	3914	736	0	338	0	0	208	0	0	0	104	0	0	0	2508	0	216	0	974	0	4920	0	428	0	400	0	812	0	198	0	348	0	0	0	108	0	260	0	0	0	498	748	0	0	5410	0	0	0	3164	0	0	0	2268	0	0	0	0	0	0	0	0	0	0	0	0	0	0	0	0	0	0	0	0	0	0	0	0	0	0	0	
33596	Heschl_R	0	700	0	234	0	0	0	186	0	0	0	296	0	0	0	0	0	2256	0	0	0	0	0	0	0	0	0	0	0	3076	0	0	0	0	0	0	0	222	0	0	0	0	0	0	0	0	0	0	0	162	0	224	0	0	0	132	0	618	0	0	0	150	0	380	0	366	0	142	0	0	0	140	0	0	0	0	0	270	0	0	0	5180	0	302	0	1116	0	0	0	646	0	0	0	0	0	0	0	0	0	0	0	0	0	0	0	0	0	0	0	0	0	0	0	0	0	0	
222084	Temporal_Sup_L	3064	0	2876	664	0	0	3462	0	0	0	3594	0	112	0	0	0	9478	0	262	650	0	0	0	0	0	0	0	0	9992	0	0	0	0	0	0	0	3716	0	1246	0	0	0	176	0	0	0	598	0	0	0	2152	0	222	0	6752	0	2396	0	436	0	1192	0	3798	0	766	0	408	0	0	0	1684	0	3024	0	0	0	0	0	5410	0	0	0	5000	0	21458	0	542	0	15780	0	0	0	0	0	0	0	132	0	0	0	0	0	0	0	0	0	0	0	0	0	0	0	0	0	0	0	
101756	Temporal_Sup_R	0	636	0	570	0	0	0	260	0	0	0	154	0	0	0	0	0	3036	0	498	0	0	0	0	0	0	0	0	0	4274	0	0	0	298	0	0	0	2764	0	1792	0	0	0	0	0	184	0	0	0	658	0	1322	0	178	0	2842	0	770	0	0	0	640	0	3622	0	3098	0	478	0	322	0	282	0	678	0	0	0	800	0	5180	0	0	0	2162	0	11418	0	310	0	1652	0	0	0	0	0	0	0	0	0	0	0	0	0	0	0	0	0	0	0	0	0	0	0	0	0	0	
108576	Temporal_Pole_Sup_L	110	0	1294	0	786	130	1088	0	172	0	2964	0	2018	0	4298	0	1812	0	270	0	1112	246	0	0	0	0	530	154	7482	0	0	0	0	0	0	0	2168	0	1196	0	1676	0	0	0	0	0	0	0	0	0	0	0	0	0	2108	0	0	0	0	0	0	0	0	0	0	0	0	0	0	0	714	158	3100	0	0	0	0	0	0	0	5000	0	0	0	5188	0	4680	0	3834	0	0	0	0	0	0	0	0	0	0	0	0	0	0	0	0	0	0	0	0	0	0	0	0	0	0	0	
63632	Temporal_Pole_Sup_R	0	0	0	1112	0	276	0	606	0	0	0	1288	0	0	0	752	0	1724	0	400	0	294	0	0	0	0	0	294	0	3690	0	0	0	0	0	0	0	1042	0	1638	0	2364	0	0	0	0	0	0	0	0	0	0	0	0	0	3792	0	0	0	0	0	0	0	0	0	0	0	0	0	0	0	290	0	1242	0	0	0	0	0	302	0	2162	0	0	0	2500	0	4338	0	1710	0	0	0	0	0	0	0	0	0	0	0	0	0	0	0	0	0	0	0	0	0	0	0	0	0	0	
293500	Temporal_Mid_L	848	0	442	0	0	0	466	0	0	0	0	0	0	0	0	0	2332	0	0	0	0	0	0	0	0	0	0	0	2668	0	0	0	568	0	0	0	2748	0	478	0	776	0	1114	0	318	0	194	0	1010	0	21196	0	1606	0	5814	0	1272	0	442	0	7022	0	7946	0	15864	0	1454	0	240	0	0	0	598	0	0	0	262	0	3164	0	21458	0	5188	0	0	0	4456	0	34636	0	0	0	0	0	0	0	170	0	0	0	0	0	0	0	0	0	0	0	0	0	0	0	0	0	0	0	
208488	Temporal_Mid_R	0	1142	0	120	0	0	0	0	0	0	0	0	0	0	0	0	0	122	0	756	0	0	0	0	0	0	0	0	0	4080	0	0	0	806	0	0	0	8302	0	3720	0	298	0	772	0	842	0	166	0	2536	0	12670	0	2432	0	11850	0	690	0	0	0	1616	0	2340	0	4248	146	2154	0	682	0	0	0	1146	0	0	0	178	0	1116	0	11418	0	2500	0	0	0	1608	0	23788	0	0	0	0	0	0	0	0	0	0	0	0	0	0	0	0	0	0	0	0	0	0	0	0	0	0	
39620	Temporal_Pole_Mid_L	0	0	0	0	0	0	0	0	0	0	0	0	0	0	0	0	0	0	0	0	0	0	0	0	0	0	0	0	534	0	0	0	0	0	0	0	642	0	956	0	390	0	0	0	0	0	0	0	0	0	0	0	0	0	3054	0	0	0	0	0	0	0	0	0	0	0	0	0	0	0	0	0	116	0	0	0	0	0	0	0	542	0	4680	0	4456	0	0	0	4440	0	0	0	0	0	0	0	0	0	0	0	0	0	0	0	0	0	0	0	0	0	0	0	0	0	0	0	
26396	Temporal_Pole_Mid_R	0	0	0	0	0	0	0	0	0	0	0	0	0	0	0	0	0	0	0	0	0	0	0	0	0	0	0	0	0	118	0	0	0	0	0	0	0	280	0	1098	0	646	0	0	0	0	0	0	0	0	0	0	0	0	0	2986	0	0	0	0	0	0	0	0	0	0	0	0	0	0	0	0	0	0	0	0	0	0	0	0	0	310	0	4338	0	1608	0	0	0	1814	0	0	0	0	0	0	0	0	0	0	0	0	0	0	0	0	0	0	0	0	0	0	0	0	0	0	
303036	Temporal_Inf_L	674	0	808	0	0	0	1094	0	0	0	150	0	0	0	0	0	1970	0	0	0	128	0	0	0	0	0	0	0	7634	0	0	0	378	0	0	0	12360	0	4134	0	3026	0	284	0	0	0	2256	0	0	0	5144	0	7026	0	26170	0	408	0	302	0	2920	0	3272	0	1270	0	1258	0	122	0	0	0	1742	0	0	0	140	0	2268	0	15780	0	3834	0	34636	0	4440	0	0	0	3274	0	0	0	0	0	998	0	1618	0	0	0	0	0	0	0	0	0	0	0	0	0	0	0	0	0	
180552	Temporal_Inf_R	0	650	0	0	0	0	0	0	0	0	0	0	0	0	0	160	0	0	0	1116	0	0	0	0	0	0	0	0	0	2780	0	0	0	1674	0	0	0	7952	0	2448	0	3216	0	452	0	736	0	0	0	2234	0	2462	0	2488	0	20692	0	2264	0	882	0	728	0	246	0	238	0	2142	0	2066	0	0	0	928	0	0	0	134	0	646	0	1652	0	1710	0	23788	0	1814	0	0	0	1626	0	0	0	0	0	0	0	352	0	0	0	0	0	0	0	0	0	0	0	0	0	0	0	0	
438728	Cerebelum_Crus1_L	0	0	0	0	0	0	0	0	0	0	0	0	0	0	0	0	0	0	0	0	0	0	0	0	0	0	0	0	0	0	0	0	0	0	0	0	0	0	1010	0	0	0	0	0	0	0	4228	984	0	0	0	0	1146	0	21520	158	0	0	0	0	0	0	0	0	0	0	0	0	0	0	0	0	0	0	0	0	0	0	0	0	0	0	0	0	0	0	0	0	3274	0	0	1850	25130	842	1818	1526	26690	2388	59950	2796	11842	162	20778	1860	8584	360	958	0	812	1282	6526	4008	4456	1974	452	0	
331696	Cerebelum_Crus1_R	0	0	0	0	0	0	0	0	0	0	0	0	0	0	0	0	0	0	0	0	0	0	0	0	0	0	0	0	0	0	0	0	0	0	0	0	0	0	0	0	0	0	196	0	0	0	1962	3358	0	0	0	0	0	238	0	13814	0	0	0	0	0	0	0	0	0	0	0	0	0	0	0	0	0	0	0	0	0	0	0	0	0	0	0	0	0	0	0	0	0	1626	1850	0	2204	23262	208	4382	2852	11760	3996	44048	0	4482	580	16180	526	2884	0	0	476	1512	5190	8062	6926	1850	1102	322	
227640	Cerebelum_Crus2_L	0	0	0	0	0	0	0	0	0	0	0	0	0	0	0	0	0	0	0	0	0	0	0	0	0	0	0	0	0	0	0	0	0	0	0	0	0	0	0	0	0	0	0	0	0	0	392	190	0	0	0	0	0	0	0	0	0	0	0	0	0	0	0	0	0	0	0	0	0	0	0	0	0	0	0	0	0	0	0	0	0	0	0	0	0	0	0	0	0	0	25130	2204	0	2534	0	230	1724	356	3926	1312	31086	526	28422	1490	6320	156	570	0	0	106	566	1098	3826	1482	174	0	
193832	Cerebelum_Crus2_R	0	0	0	0	0	0	0	0	0	0	0	0	0	0	0	0	0	0	0	0	0	0	0	0	0	0	0	0	0	0	0	0	0	0	0	0	0	0	0	0	0	0	0	0	0	0	0	122	0	0	0	0	0	0	0	300	0	0	0	0	0	0	0	0	0	0	0	0	0	0	0	0	0	0	0	0	0	0	0	0	0	0	0	0	0	0	0	0	0	0	842	23262	2534	0	0	482	278	708	766	4506	616	19560	2160	25264	868	3288	0	0	0	160	444	1154	4618	4028	666	290	
63968	Cerebelum_3_L	0	0	0	0	0	0	0	0	0	0	0	0	0	0	0	0	0	0	0	0	0	0	0	0	0	0	0	0	0	0	0	0	0	0	0	0	0	0	0	0	0	0	0	0	0	0	766	244	0	0	0	0	0	0	114	0	0	0	0	0	0	0	0	0	0	0	0	0	0	0	0	0	0	0	0	0	0	0	0	0	0	0	0	0	0	0	0	0	0	0	1818	208	0	0	0	1302	6694	1000	2994	500	0	0	1302	1058	1262	312	174	0	2200	4316	2736	510	1076	1124	274	0	
129724	Cerebelum_3_R	0	0	0	0	0	0	0	0	0	0	0	0	0	0	0	0	0	0	0	0	0	0	0	0	0	0	0	0	0	0	0	0	0	0	0	0	0	0	0	0	0	0	0	0	0	0	510	870	0	0	0	0	0	0	158	1254	0	0	0	0	0	0	0	0	0	0	0	0	0	0	0	0	0	0	0	0	0	0	0	0	0	0	0	0	0	0	0	0	0	0	1526	4382	230	482	1302	0	3392	9866	2954	8638	0	0	1646	4120	556	1276	0	0	1704	5568	5096	2022	3688	2522	1100	0	
404264	Cerebelum_4_5_L	0	0	0	0	0	0	0	0	0	0	0	0	0	0	0	0	0	0	0	0	0	0	0	0	0	0	0	0	622	0	0	0	0	0	0	0	1310	0	2082	0	0	0	130	0	0	0	16032	5052	0	0	344	0	634	648	15758	1610	0	0	0	0	0	0	0	0	0	0	0	0	0	0	0	0	0	0	0	0	0	0	0	0	132	0	0	0	170	0	0	0	998	0	26690	2852	1724	278	6694	3392	0	8544	40988	7812	762	0	4944	3052	5012	1264	710	0	2614	4402	20440	6154	2822	2448	1872	1140	
266512	Cerebelum_4_5_R	0	0	0	0	0	0	0	0	0	0	0	0	0	0	0	0	0	0	0	0	0	0	0	0	0	0	0	0	0	0	0	0	0	0	0	0	0	1018	0	1662	0	0	698	0	0	0	3658	8936	0	0	0	164	0	1768	474	12000	0	0	0	0	0	0	0	0	0	0	0	0	0	0	0	0	0	0	0	0	0	0	0	0	0	0	0	0	0	0	0	0	0	0	2388	11760	356	708	1000	9866	8544	0	4564	25024	0	0	1610	4510	682	2400	0	140	630	2398	13736	2746	4018	3234	2076	488	
478212	Cerebelum_6_L	0	0	0	0	0	0	0	0	0	0	0	0	0	0	0	0	0	0	0	0	0	0	0	0	0	0	0	0	0	0	0	0	0	0	0	0	0	0	1418	0	0	0	0	0	0	0	13702	2032	0	0	434	0	2052	284	28702	678	0	0	0	0	0	0	0	0	0	0	0	0	0	0	0	0	0	0	0	0	0	0	0	0	0	0	0	0	0	0	0	0	1618	0	59950	3996	3926	766	2994	2954	40988	4564	0	7030	2806	0	8982	4072	6934	922	458	0	1272	2158	12242	9848	6306	3058	1702	258	
392192	Cerebelum_6_R	0	0	0	0	0	0	0	0	0	0	0	0	0	0	0	0	0	0	0	0	0	0	0	0	0	0	0	0	0	0	0	0	0	0	0	0	0	128	0	264	0	0	708	446	104	132	4340	9366	0	194	0	266	0	2990	288	22428	0	0	0	0	0	0	0	0	0	0	0	0	0	0	0	0	0	0	0	0	0	0	0	0	0	0	0	0	0	0	0	0	0	352	2796	44048	1312	4506	500	8638	7812	25024	7030	0	0	814	546	8828	1056	2328	0	0	1018	2712	12366	11466	6672	2164	2190	264	
169728	Cerebelum_7b_L	0	0	0	0	0	0	0	0	0	0	0	0	0	0	0	0	0	0	0	0	0	0	0	0	0	0	0	0	0	0	0	0	0	0	0	0	0	0	0	0	0	0	0	0	0	0	0	0	0	0	0	0	0	0	0	0	0	0	0	0	0	0	0	0	0	0	0	0	0	0	0	0	0	0	0	0	0	0	0	0	0	0	0	0	0	0	0	0	0	0	11842	0	31086	616	0	0	762	0	2806	0	0	344	28436	206	6142	0	594	0	0	0	276	0	794	960	0	0	
103508	Cerebelum_7b_R	0	0	0	0	0	0	0	0	0	0	0	0	0	0	0	0	0	0	0	0	0	0	0	0	0	0	0	0	0	0	0	0	0	0	0	0	0	0	0	0	0	0	0	0	0	0	0	0	0	0	0	0	0	0	0	0	0	0	0	0	0	0	0	0	0	0	0	0	0	0	0	0	0	0	0	0	0	0	0	0	0	0	0	0	0	0	0	0	0	0	162	4482	526	19560	0	0	0	0	0	814	344	0	844	19100	218	3470	0	0	0	0	0	0	686	1384	164	0	
298428	Cerebelum_8_L	0	0	0	0	0	0	0	0	0	0	0	0	0	0	0	0	0	0	0	0	0	0	0	0	0	0	0	0	0	0	0	0	0	0	0	0	0	0	176	0	0	0	0	0	0	0	458	182	0	0	0	0	0	0	392	0	0	0	0	0	0	0	0	0	0	0	0	0	0	0	0	0	0	0	0	0	0	0	0	0	0	0	0	0	0	0	0	0	0	0	20778	580	28422	2160	1302	1646	4944	1610	8982	546	28436	844	0	4092	23512	804	2016	0	502	788	2532	666	5762	5866	1216	0	
318740	Cerebelum_8_R	0	0	0	0	0	0	0	0	0	0	0	0	0	0	0	0	0	0	0	0	0	0	0	0	0	0	0	0	0	0	0	0	0	0	0	0	0	0	0	144	0	0	0	0	0	0	478	606	0	0	0	0	0	0	174	930	0	0	0	0	0	0	0	0	0	0	0	0	0	0	0	0	0	0	0	0	0	0	0	0	0	0	0	0	0	0	0	0	0	0	1860	16180	1490	25264	1058	4120	3052	4510	4072	8828	206	19100	4092	0	3964	19616	112	594	650	1658	4032	4712	11422	10194	5220	1032	
186216	Cerebelum_9_L	0	0	0	0	0	0	0	0	0	0	0	0	0	0	0	0	0	0	0	0	0	0	0	0	0	0	0	0	0	0	0	0	0	0	0	0	0	0	218	0	0	0	0	0	0	0	440	144	0	0	0	0	0	0	312	202	0	0	0	0	0	0	0	0	0	0	0	0	0	0	0	0	0	0	0	0	0	0	0	0	0	0	0	0	0	0	0	0	0	0	8584	526	6320	868	1262	556	5012	682	6934	1056	6142	218	23512	3964	0	2634	4598	180	558	870	1610	1810	4646	4704	3652	894	
149376	Cerebelum_9_R	0	0	0	0	0	0	0	0	0	0	0	0	0	0	0	0	0	0	0	0	0	0	0	0	0	0	0	0	0	0	0	0	0	0	0	0	0	330	0	516	0	0	0	0	0	0	202	120	0	0	0	0	0	0	0	706	0	0	0	0	0	0	0	0	0	0	0	0	0	0	0	0	0	0	0	0	0	0	0	0	0	0	0	0	0	0	0	0	0	0	360	2884	156	3288	312	1276	1264	2400	922	2328	0	3470	804	19616	2634	0	138	1974	1270	1350	1614	3264	4938	7096	7546	1910	
20656	Cerebelum_10_L	0	0	0	0	0	0	0	0	0	0	0	0	0	0	0	0	0	0	0	0	0	0	0	0	0	0	0	0	0	0	0	0	0	0	0	0	0	0	0	0	0	0	0	0	0	0	0	0	0	0	0	0	0	0	0	0	0	0	0	0	0	0	0	0	0	0	0	0	0	0	0	0	0	0	0	0	0	0	0	0	0	0	0	0	0	0	0	0	0	0	958	0	570	0	174	0	710	0	458	0	594	0	2016	112	4598	138	0	0	0	0	0	0	0	0	0	0	
11256	Cerebelum_10_R	0	0	0	0	0	0	0	0	0	0	0	0	0	0	0	0	0	0	0	0	0	0	0	0	0	0	0	0	0	0	0	0	0	0	0	0	0	0	0	0	0	0	0	0	0	0	0	0	0	0	0	0	0	0	0	104	0	0	0	0	0	0	0	0	0	0	0	0	0	0	0	0	0	0	0	0	0	0	0	0	0	0	0	0	0	0	0	0	0	0	0	0	0	0	0	0	0	140	0	0	0	0	0	594	180	1974	0	0	0	0	0	348	754	744	790	0	
52776	Vermis_1_2	0	0	0	0	0	0	0	0	0	0	0	0	0	0	0	0	0	0	0	0	0	0	0	0	0	0	0	0	0	0	0	0	0	0	0	0	0	0	0	0	0	0	0	0	0	0	328	0	0	0	0	0	0	0	0	0	0	0	0	0	0	0	0	0	0	0	0	0	0	0	0	0	0	0	0	0	0	0	0	0	0	0	0	0	0	0	0	0	0	0	812	476	0	0	2200	1704	2614	630	1272	1018	0	0	502	650	558	1270	0	0	0	6568	2808	788	662	822	706	0	
93884	Vermis_3	0	0	0	0	0	0	0	0	0	0	0	0	0	0	0	0	0	0	0	0	0	0	0	0	0	0	0	0	0	0	0	0	0	0	0	0	0	0	0	0	0	0	0	0	0	0	510	638	0	0	0	0	0	0	0	176	0	0	0	0	0	0	0	0	0	0	0	0	0	0	0	0	0	0	0	0	0	0	0	0	0	0	0	0	0	0	0	0	0	0	1282	1512	106	160	4316	5568	4402	2398	2158	2712	0	0	788	1658	870	1350	0	0	6568	0	4788	1244	1520	1244	974	0	
