data	data	361192	234308	856892	875232	164060	170168	367176	338924	70232	75856	199320	142388	224612	149144	172204	118316	204456	142840	693300	803200	53216	57480	280352	339688	37056	143960	45476	58008	588204	334940	307780	426744	152288	508556	147972	144196	219992	240392	129920	148896	32196	48224	323584	403488	304792	348556	243192	288412	305196	325744	491020	204048	171616	133720	339692	387092	290656	120324	115456	86496	250060	91628	142180	127688	166096	111928	319728	354916	116056	104516	272056	352376	327644	318284	56564	22136	140660	155416	68512	36424	200356	174412	118340	65892	376012	188720	40688	19548	305936	229264	442404	410668	251876	273612	33544	59084	228056	211452	400120	410744	190516	127596	245428	226344	91004	135264	25712	19080	11144	47644	178476	201068	240720	159912	107660	31764	
data	data	Precentral_L	Precentral_R	Frontal_Sup_L	Frontal_Sup_R	Frontal_Sup_Orb_L	Frontal_Sup_Orb_R	Frontal_Mid_L	Frontal_Mid_R	Frontal_Mid_Orb_L	Frontal_Mid_Orb_R	Frontal_Inf_Oper_L	Frontal_Inf_Oper_R	Frontal_Inf_Tri_L	Frontal_Inf_Tri_R	Frontal_Inf_Orb_L	Frontal_Inf_Orb_R	Rolandic_Oper_L	Rolandic_Oper_R	Supp_Motor_Area_L	Supp_Motor_Area_R	Olfactory_L	Olfactory_R	Frontal_Sup_Medial_L	Frontal_Sup_Medial_R	Frontal_Med_Orb_L	Frontal_Med_Orb_R	Rectus_L	Rectus_R	Insula_L	Insula_R	Cingulum_Ant_L	Cingulum_Ant_R	Cingulum_Mid_L	Cingulum_Mid_R	Cingulum_Post_L	Cingulum_Post_R	Hippocampus_L	Hippocampus_R	ParaHippocampal_L	ParaHippocampal_R	Amygdala_L	Amygdala_R	Calcarine_L	Calcarine_R	Cuneus_L	Cuneus_R	Lingual_L	Lingual_R	Occipital_Sup_L	Occipital_Sup_R	Occipital_Mid_L	Occipital_Mid_R	Occipital_Inf_L	Occipital_Inf_R	Fusiform_L	Fusiform_R	Postcentral_L	Postcentral_R	Parietal_Sup_L	Parietal_Sup_R	Parietal_Inf_L	Parietal_Inf_R	SupraMarginal_L	SupraMarginal_R	Angular_L	Angular_R	Precuneus_L	Precuneus_R	Paracentral_Lobule_L	Paracentral_Lobule_R	Caudate_L	Caudate_R	Putamen_L	Putamen_R	Pallidum_L	Pallidum_R	Thalamus_L	Thalamus_R	Heschl_L	Heschl_R	Temporal_Sup_L	Temporal_Sup_R	Temporal_Pole_Sup_L	Temporal_Pole_Sup_R	Temporal_Mid_L	Temporal_Mid_R	Temporal_Pole_Mid_L	Temporal_Pole_Mid_R	Temporal_Inf_L	Temporal_Inf_R	Cerebelum_Crus1_L	Cerebelum_Crus1_R	Cerebelum_Crus2_L	Cerebelum_Crus2_R	Cerebelum_3_L	Cerebelum_3_R	Cerebelum_4_5_L	Cerebelum_4_5_R	Cerebelum_6_L	Cerebelum_6_R	Cerebelum_7b_L	Cerebelum_7b_R	Cerebelum_8_L	Cerebelum_8_R	Cerebelum_9_L	Cerebelum_9_R	Cerebelum_10_L	Cerebelum_10_R	Vermis_1_2	Vermis_3	Vermis_4_5	Vermis_6	Vermis_7	Vermis_8	Vermis_9	Vermis_10	
361192	Precentral_L	0	2956	19690	4498	0	0	17386	1904	0	0	10592	0	1444	156	0	0	10956	0	4678	7846	0	0	0	0	0	0	0	0	13608	140	228	0	1020	1924	176	162	4300	0	182	0	0	0	0	0	0	0	0	0	0	0	1020	0	586	0	88	0	33826	0	166	0	2936	0	2126	0	148	0	480	0	11136	0	1588	0	3678	0	706	0	10420	1084	2822	0	1420	0	0	0	1212	0	0	0	1308	0	0	0	0	0	0	0	0	0	0	0	0	0	0	0	0	0	0	0	0	0	0	0	0	0	0	0	
234308	Precentral_R	2956	0	1280	16776	0	0	236	20990	0	0	0	3782	0	0	0	0	0	2734	332	2286	0	0	0	0	0	0	0	0	250	2944	0	80	0	1568	796	1004	1056	4334	620	116	0	0	0	1706	0	824	0	308	0	586	0	448	216	492	312	476	2204	16174	0	346	0	680	0	2038	0	0	0	2442	386	4218	932	2414	406	3236	74	130	1326	7406	0	1046	0	728	0	0	0	100	0	0	0	1004	0	0	0	0	0	0	0	0	0	178	0	0	0	0	0	0	0	0	0	0	0	178	0	0	0	0	
856892	Frontal_Sup_L	19690	1280	0	10554	11848	96	61396	1526	1622	106	7892	164	16760	148	7942	180	2016	0	67836	25938	0	0	35402	5310	498	410	918	0	26938	226	21274	9788	5930	15766	270	0	3502	0	714	0	0	0	0	0	0	0	0	0	0	0	108	0	0	0	262	0	528	0	0	0	0	0	0	0	0	0	110	0	4898	0	9272	364	23556	110	6516	0	15338	474	92	0	1120	0	1002	0	290	0	0	0	466	0	0	0	0	0	0	0	0	0	0	0	0	0	0	0	0	0	0	0	0	0	0	0	0	0	0	0	
875232	Frontal_Sup_R	4498	16776	10554	0	574	8342	924	47682	0	3126	2156	9532	624	9528	716	5580	1526	8704	24646	69170	0	0	6780	35882	0	3654	0	274	6330	16858	4298	27702	446	24756	642	984	1250	5306	606	588	0	0	0	232	0	0	0	204	0	0	86	0	198	272	294	698	1462	172	0	0	0	0	0	90	0	0	84	128	3344	156	7452	18826	5212	18248	76	1920	1420	8664	0	542	726	3706	822	1014	0	0	0	0	0	404	0	0	0	0	0	0	0	0	0	74	0	0	0	0	0	0	0	0	0	0	0	76	0	0	0	0	
164060	Frontal_Sup_Orb_L	0	0	11848	574	0	0	2986	184	10224	0	0	0	2784	0	12170	0	0	0	1916	954	1328	0	3146	860	3100	922	5724	0	5758	0	5760	1060	0	694	0	0	0	0	0	0	0	0	0	0	0	0	0	0	0	0	0	0	0	0	0	0	0	0	0	0	0	0	0	0	0	0	0	0	0	0	2520	0	6936	0	0	0	0	0	0	0	0	0	582	0	0	0	0	0	0	0	0	0	0	0	0	0	0	0	0	0	0	0	0	0	0	0	0	0	0	0	0	0	0	0	0	0	
170168	Frontal_Sup_Orb_R	0	0	96	8342	0	0	0	5328	0	5612	0	0	0	1530	0	2890	0	0	742	1824	100	1746	540	7432	172	11346	192	8012	0	976	1518	8112	0	484	0	0	0	0	0	0	0	0	0	0	0	0	0	0	0	0	0	0	0	0	0	0	0	0	0	0	0	0	0	0	0	0	0	0	0	0	150	10962	0	6978	0	0	0	0	0	0	0	0	0	0	0	0	0	0	0	0	0	0	0	0	0	0	0	0	0	0	0	0	0	0	0	0	0	0	0	0	0	0	0	0	0	0	
367176	Frontal_Mid_L	17386	236	61396	924	2986	0	0	200	2608	0	9096	0	19822	0	4278	0	6440	0	8874	934	0	0	9856	1582	94	0	0	0	14462	84	4774	928	574	656	0	0	1122	0	0	0	0	0	0	0	0	0	0	0	0	0	74	0	0	0	226	0	1732	0	120	0	190	0	88	0	0	0	0	0	100	0	912	0	2508	0	284	0	5474	308	254	0	1034	0	336	0	260	0	0	0	376	0	0	0	0	0	0	0	0	0	0	0	0	0	0	0	0	0	0	0	0	0	0	0	0	0	0	0	
338924	Frontal_Mid_R	1904	20990	1526	47682	184	5328	200	0	0	1896	656	7380	296	15386	318	2000	358	1956	3330	7658	0	0	472	3646	0	0	0	0	2574	3616	572	3146	0	2256	536	756	988	3754	598	0	0	0	0	214	0	0	0	168	0	0	0	0	202	254	302	244	1456	1596	0	120	0	132	0	302	0	0	0	82	0	108	3596	3472	1858	4074	0	948	1028	5150	0	676	192	456	344	0	0	0	0	0	0	360	0	0	0	0	0	0	0	0	0	82	0	0	0	0	0	0	0	0	0	0	0	84	0	0	0	0	
70232	Frontal_Mid_Orb_L	0	0	1622	0	10224	0	2608	0	0	0	0	0	3006	0	12636	0	0	0	140	0	74	0	94	0	448	0	1464	0	1244	0	296	0	0	0	0	0	0	0	0	0	0	0	0	0	0	0	0	0	0	0	0	0	0	0	0	0	0	0	0	0	0	0	0	0	0	0	0	0	0	0	70	0	1038	0	0	0	0	0	0	0	0	0	152	0	0	0	0	0	0	0	0	0	0	0	0	0	0	0	0	0	0	0	0	0	0	0	0	0	0	0	0	0	0	0	0	0	
75856	Frontal_Mid_Orb_R	0	0	106	3126	0	5612	0	1896	0	0	0	462	0	1356	0	9868	0	0	492	2868	0	250	0	0	0	438	0	1080	88	1320	0	72	0	1002	0	0	0	0	0	0	0	0	0	0	0	0	0	0	0	0	0	0	0	0	0	0	0	0	0	0	0	0	0	0	0	0	0	0	0	0	186	4690	0	3016	0	0	0	0	0	0	0	0	0	0	0	0	0	0	0	0	0	0	0	0	0	0	0	0	0	0	0	0	0	0	0	0	0	0	0	0	0	0	0	0	0	0	
199320	Frontal_Inf_Oper_L	10592	0	7892	2156	0	0	9096	656	0	0	0	120	13930	782	404	536	8502	0	3946	2170	0	0	496	126	0	0	0	0	15836	728	3034	1408	0	936	0	0	318	0	0	0	0	0	0	0	0	0	0	0	0	0	0	0	0	0	0	0	5068	0	0	0	0	0	0	0	0	0	0	0	0	0	3834	468	862	98	0	0	0	0	548	0	824	0	4294	0	0	0	0	0	0	0	0	0	0	0	0	0	0	0	0	0	0	0	0	0	0	0	0	0	0	0	0	0	0	0	0	0	
142388	Frontal_Inf_Oper_R	0	3782	164	9532	0	0	0	7380	0	462	120	0	0	7786	178	646	70	3874	1290	6372	0	0	0	92	0	0	0	0	808	15124	0	70	0	1512	0	0	0	260	0	0	0	0	0	0	0	0	0	0	0	0	0	0	0	0	0	0	0	1024	0	0	0	0	0	0	0	0	0	0	0	0	1080	1168	442	5574	0	266	0	0	0	114	226	818	76	668	0	76	0	0	0	140	0	0	0	0	0	0	0	0	0	0	0	0	0	0	0	0	0	0	0	0	0	0	0	0	0	0	
224612	Frontal_Inf_Tri_L	1444	0	16760	624	2784	0	19822	296	3006	0	13930	0	0	96	14446	0	686	0	4622	516	0	0	1602	98	0	0	0	0	20960	90	4138	882	0	368	0	0	0	0	0	0	0	0	0	0	0	0	0	0	0	0	0	0	0	0	0	0	148	0	0	0	0	0	0	0	0	0	0	0	0	0	2124	176	1122	72	0	0	0	0	0	0	0	0	1494	0	0	0	0	0	0	0	0	0	0	0	0	0	0	0	0	0	0	0	0	0	0	0	0	0	0	0	0	0	0	0	0	0	
149144	Frontal_Inf_Tri_R	156	0	148	9528	0	1530	0	15386	0	1356	782	7786	96	0	118	4272	710	396	1964	3784	0	0	142	1302	0	74	0	0	1412	12782	778	2734	0	1494	0	0	0	0	0	0	0	0	0	0	0	0	0	0	0	0	0	0	0	0	0	0	0	0	0	0	0	0	0	0	0	0	0	0	0	0	1130	1738	0	2430	0	164	0	0	0	0	0	0	262	118	0	0	0	0	0	0	0	0	0	0	0	0	0	0	0	0	0	0	0	0	0	0	0	0	0	0	0	0	0	0	0	0	
172204	Frontal_Inf_Orb_L	0	0	7942	716	12170	0	4278	318	12636	0	404	178	14446	118	0	0	74	0	3640	1200	1274	0	124	0	0	0	710	0	14842	70	306	0	0	874	0	0	0	0	288	0	0	0	0	0	0	0	0	0	0	0	0	0	0	0	0	0	0	0	0	0	0	0	0	0	0	0	0	0	0	0	1658	0	5460	0	0	0	0	0	0	0	0	0	2376	0	0	0	0	0	0	0	0	0	0	0	0	0	0	0	0	0	0	0	0	0	0	0	0	0	0	0	0	0	0	0	0	0	
118316	Frontal_Inf_Orb_R	0	0	180	5580	0	2890	0	2000	0	9868	536	646	0	4272	0	0	436	0	1226	4524	0	1254	0	278	0	0	0	972	958	8222	0	452	0	2114	0	0	0	90	0	76	0	0	0	0	0	0	0	0	0	0	0	0	0	0	0	0	0	0	0	0	0	0	0	0	0	0	0	0	0	0	792	6734	74	4722	0	0	0	0	0	0	0	0	262	0	0	0	0	0	0	0	0	0	0	0	0	0	0	0	0	0	0	0	0	0	0	0	0	0	0	0	0	0	0	0	0	0	
204456	Rolandic_Oper_L	10956	0	2016	1526	0	0	6440	358	0	0	8502	70	686	710	74	436	0	0	2298	1576	0	0	0	0	0	0	0	0	22392	678	0	350	0	620	0	0	638	0	74	0	0	0	0	0	0	0	0	0	0	0	1048	0	828	0	206	0	12924	0	0	0	276	0	2742	0	78	0	0	0	186	0	1682	274	724	0	0	0	292	0	4208	0	8708	0	2598	0	2318	0	0	0	2736	0	0	0	0	0	0	0	0	0	0	0	0	0	0	0	0	0	0	0	0	0	0	0	0	0	0	0	
142840	Rolandic_Oper_R	0	2734	0	8704	0	0	0	1956	0	0	0	3874	0	396	0	0	0	0	212	5538	0	0	0	0	0	0	0	0	152	16324	0	0	0	336	0	0	0	580	0	0	0	0	0	74	0	0	0	0	0	0	0	0	0	152	0	202	0	3644	0	194	0	228	0	3308	0	0	0	0	0	0	202	100	148	2548	0	0	0	76	0	4842	0	11334	0	1662	0	1290	0	0	0	610	0	0	0	0	0	0	0	0	0	0	0	0	0	0	0	0	0	0	0	0	0	0	0	0	0	0	
693300	Supp_Motor_Area_L	4678	332	67836	24646	1916	742	8874	3330	140	492	3946	1290	4622	1964	3640	1226	2298	212	0	53190	0	0	5566	6628	0	210	0	0	19898	1768	4878	10048	8246	31028	924	262	3648	0	664	0	0	0	526	0	2788	0	0	0	1822	0	1588	0	84	0	254	0	630	0	72	0	684	0	96	0	700	0	1402	112	7854	72	6728	3742	20208	3172	7094	0	4092	108	0	0	1228	82	1186	0	580	0	0	0	604	0	0	0	0	0	0	0	0	0	0	0	0	0	0	0	0	0	0	0	0	0	0	0	0	0	0	0	
803200	Supp_Motor_Area_R	7846	2286	25938	69170	954	1824	934	7658	0	2868	2170	6372	516	3784	1200	4524	1576	5538	53190	0	0	0	2620	13262	0	362	0	0	6912	11042	1652	14256	3664	47382	1080	2928	434	2100	0	580	0	0	0	178	80	0	0	70	0	0	0	0	0	0	0	524	924	516	0	0	0	86	0	126	0	0	96	564	5932	5606	8994	26796	5668	14768	636	876	830	17176	0	388	656	1838	884	660	0	0	0	0	0	106	0	0	0	0	0	0	0	0	0	0	0	0	0	0	0	0	0	0	0	0	0	0	0	0	0	0	
53216	Olfactory_L	0	0	0	0	1328	100	0	0	74	0	0	0	0	0	1274	0	0	0	0	0	0	3622	0	0	276	0	506	388	2634	0	2128	1100	0	0	0	0	98	0	648	0	348	0	0	0	0	0	0	0	0	0	0	0	0	0	0	0	0	0	0	0	0	0	0	0	0	0	0	0	0	0	5232	3202	2094	514	246	0	0	0	0	0	0	0	796	0	0	0	0	0	0	0	0	0	0	0	0	0	0	0	0	0	0	0	0	0	0	0	0	0	0	0	0	0	0	0	0	0	
57480	Olfactory_R	0	0	0	0	0	1746	0	0	0	250	0	0	0	0	0	1254	0	0	0	0	3622	0	0	0	0	1284	70	2924	0	1792	1370	2124	0	0	0	0	0	176	0	222	0	526	0	0	0	0	0	0	0	0	0	0	0	0	0	0	0	0	0	0	0	0	0	0	0	0	0	0	0	0	3866	4906	1400	958	250	0	0	0	0	0	0	0	0	0	0	0	0	0	0	0	0	0	0	0	0	0	0	0	0	0	0	0	0	0	0	0	0	0	0	0	0	0	0	0	0	0	
280352	Frontal_Sup_Medial_L	0	0	35402	6780	3146	540	9856	472	94	0	496	0	1602	142	124	0	0	0	5566	2620	0	0	0	15770	2232	2184	1298	0	1986	84	21492	12364	4896	7538	0	0	0	0	0	0	0	0	0	0	0	0	0	0	0	0	0	0	0	0	0	0	0	0	0	0	0	0	0	0	0	0	0	0	0	0	2024	242	1046	180	0	0	0	0	0	0	0	0	0	0	0	0	0	0	0	0	0	0	0	0	0	0	0	0	0	0	0	0	0	0	0	0	0	0	0	0	0	0	0	0	0	0	
339688	Frontal_Sup_Medial_R	0	0	5310	35882	860	7432	1582	3646	0	0	126	92	98	1302	0	278	0	0	6628	13262	0	0	15770	0	818	10796	596	904	248	752	8794	30904	140	13978	0	0	0	0	0	0	0	0	0	0	0	0	0	0	0	0	0	0	0	0	0	0	0	0	0	0	0	0	0	0	0	0	0	0	0	0	186	5986	82	3392	0	0	0	0	0	0	0	0	0	0	0	0	0	0	0	0	0	0	0	0	0	0	0	0	0	0	0	0	0	0	0	0	0	0	0	0	0	0	0	0	0	0	
37056	Frontal_Med_Orb_L	0	0	498	0	3100	172	94	0	448	0	0	0	0	0	0	0	0	0	0	0	276	0	2232	818	0	1824	2596	228	0	0	4238	1036	0	0	0	0	0	0	0	0	0	0	0	0	0	0	0	0	0	0	0	0	0	0	0	0	0	0	0	0	0	0	0	0	0	0	0	0	0	0	602	0	366	0	0	0	0	0	0	0	0	0	0	0	0	0	0	0	0	0	0	0	0	0	0	0	0	0	0	0	0	0	0	0	0	0	0	0	0	0	0	0	0	0	0	0	
143960	Frontal_Med_Orb_R	0	0	410	3654	922	11346	0	0	0	438	0	0	0	74	0	0	0	0	210	362	0	1284	2184	10796	1824	0	896	6794	0	70	5496	11728	0	0	0	0	0	0	0	0	0	0	0	0	0	0	0	0	0	0	0	0	0	0	0	0	0	0	0	0	0	0	0	0	0	0	0	0	0	0	0	8372	0	5120	0	0	0	0	0	0	0	0	0	0	0	0	0	0	0	0	0	0	0	0	0	0	0	0	0	0	0	0	0	0	0	0	0	0	0	0	0	0	0	0	0	0	
45476	Rectus_L	0	0	918	0	5724	192	0	0	1464	0	0	0	0	0	710	0	0	0	0	0	506	70	1298	596	2596	896	0	468	110	0	3956	814	0	0	0	0	0	0	0	0	0	0	0	0	0	0	0	0	0	0	0	0	0	0	0	0	0	0	0	0	0	0	0	0	0	0	0	0	0	0	1308	0	1112	0	0	0	0	0	0	0	0	0	0	0	0	0	0	0	0	0	0	0	0	0	0	0	0	0	0	0	0	0	0	0	0	0	0	0	0	0	0	0	0	0	0	0	
58008	Rectus_R	0	0	0	274	0	8012	0	0	0	1080	0	0	0	0	0	972	0	0	0	0	388	2924	0	904	228	6794	468	0	0	692	496	1722	0	0	0	0	0	0	0	0	0	0	0	0	0	0	0	0	0	0	0	0	0	0	0	0	0	0	0	0	0	0	0	0	0	0	0	0	0	0	342	2694	0	1014	0	0	0	0	0	0	0	0	0	0	0	0	0	0	0	0	0	0	0	0	0	0	0	0	0	0	0	0	0	0	0	0	0	0	0	0	0	0	0	0	0	0	
588204	Insula_L	13608	250	26938	6330	5758	0	14462	2574	1244	88	15836	808	20960	1412	14842	958	22392	152	19898	6912	2634	0	1986	248	0	0	110	0	0	1604	4018	1956	86	4198	0	0	9070	0	1698	0	1376	0	0	0	0	0	0	0	0	0	616	0	448	0	3116	0	12884	0	70	0	168	0	296	0	0	0	0	0	268	0	11572	838	21552	310	0	0	3232	506	5578	0	10164	72	8918	0	3576	0	0	0	5512	0	0	0	0	0	0	0	0	0	0	0	0	0	0	0	0	0	0	0	0	0	0	0	0	0	0	0	
334940	Insula_R	140	2944	226	16858	0	976	84	3616	0	1320	728	15124	90	12782	70	8222	678	16324	1768	11042	0	1792	84	752	0	70	0	692	1604	0	558	2318	0	1786	0	0	0	3832	0	320	0	464	0	130	0	0	0	116	0	0	0	0	0	470	0	1578	0	2170	0	214	0	230	0	480	0	0	0	0	0	0	1272	3184	442	24062	0	0	0	220	0	2818	224	12926	238	3586	0	2182	0	0	0	3664	0	0	0	0	0	0	0	0	0	0	0	0	0	0	0	0	0	0	0	0	0	0	0	0	0	0	
307780	Cingulum_Ant_L	228	0	21274	4298	5760	1518	4774	572	296	0	3034	0	4138	778	306	0	0	0	4878	1652	2128	1370	21492	8794	4238	5496	3956	496	4018	558	0	22710	6774	2274	0	0	0	0	0	0	0	0	0	0	0	0	0	0	0	0	0	0	0	0	0	0	0	0	0	0	0	0	0	0	0	0	0	0	0	0	8736	2624	3832	708	0	0	0	0	0	0	0	0	180	0	0	0	0	0	0	0	0	0	0	0	0	0	0	0	0	0	0	0	0	0	0	0	0	0	0	0	0	0	0	0	0	0	
426744	Cingulum_Ant_R	0	80	9788	27702	1060	8112	928	3146	0	72	1408	70	882	2734	0	452	350	0	10048	14256	1100	2124	12364	30904	1036	11728	814	1722	1956	2318	22710	0	1046	18414	0	0	0	0	0	0	0	0	0	0	0	0	0	0	0	0	0	0	0	0	0	0	0	0	0	0	0	0	0	0	0	0	0	0	0	0	4470	12328	1418	5294	0	82	0	0	0	0	70	0	386	0	0	0	0	0	0	0	0	0	0	0	0	0	0	0	0	0	0	0	0	0	0	0	0	0	0	0	0	0	0	0	0	0	
152288	Cingulum_Mid_L	1020	0	5930	446	0	0	574	0	0	0	0	0	0	0	0	0	0	0	8246	3664	0	0	4896	140	0	0	0	0	86	0	6774	1046	0	10496	3520	1188	72	0	0	0	0	0	706	128	1914	570	0	0	2032	86	3400	0	642	0	0	0	980	0	1308	74	748	0	126	0	486	0	7050	2258	3464	232	0	0	0	0	0	0	0	0	0	0	0	0	0	0	1436	0	0	0	406	0	0	0	0	0	0	0	0	0	0	0	0	0	0	0	0	0	0	0	0	0	0	0	0	0	0	0	
508556	Cingulum_Mid_R	1924	1568	15766	24756	694	484	656	2256	0	1002	936	1512	368	1494	874	2114	620	336	31028	47382	0	0	7538	13978	0	0	0	0	4198	1786	2274	18414	10496	0	1262	7112	0	322	0	0	0	0	460	2320	774	3606	0	112	284	1662	160	688	0	236	0	0	86	1814	272	0	0	74	0	0	0	0	2488	12216	2778	8258	4868	3680	2074	476	0	0	70	106	0	0	462	130	458	0	0	94	0	0	0	344	0	0	0	0	0	0	0	0	0	0	0	0	0	0	0	0	0	0	0	0	78	0	0	0	0	0	
147972	Cingulum_Post_L	176	796	270	642	0	0	0	536	0	0	0	0	0	0	0	0	0	0	924	1080	0	0	0	0	0	0	0	0	0	0	0	0	3520	1262	0	7968	4418	2944	2902	960	0	0	4456	272	6082	0	1026	142	2136	0	4460	0	1632	0	840	632	376	0	354	0	562	0	0	0	252	0	14280	1754	1338	788	0	0	0	410	0	0	162	1302	0	0	0	0	0	0	1564	0	0	0	194	0	0	0	0	0	0	0	236	0	0	0	0	0	0	0	0	0	0	0	0	0	338	0	0	0	0	0	
144196	Cingulum_Post_R	162	1004	0	984	0	0	0	756	0	0	0	0	0	0	0	0	0	0	262	2928	0	0	0	0	0	0	0	0	0	0	0	0	1188	7112	7968	0	3254	4730	1288	2012	0	0	1084	2606	1234	788	186	2692	0	228	0	254	598	224	724	1504	0	310	0	70	0	330	0	138	0	124	3074	13216	146	3206	0	0	126	450	0	0	426	1758	0	0	0	94	0	0	0	386	0	0	0	468	0	0	0	0	0	0	0	70	0	0	0	0	0	0	0	0	0	0	0	0	1936	0	0	0	0	0	
219992	Hippocampus_L	4300	1056	3502	1250	0	0	1122	988	0	0	318	0	0	0	0	0	638	0	3648	434	98	0	0	0	0	0	0	0	9070	0	0	0	72	0	4418	3254	0	2706	13730	1054	6268	0	1646	0	154	0	2318	172	0	0	754	0	2138	0	9242	658	2598	0	0	0	0	0	0	0	0	0	2654	394	0	0	238	0	6900	538	1228	0	5458	2742	2270	0	1612	0	444	0	644	0	150	0	6340	0	94	0	0	0	0	0	350	0	108	0	0	0	0	0	0	0	0	0	0	0	226	0	0	0	0	0	
240392	Hippocampus_R	0	4334	0	5306	0	0	0	3754	0	0	0	260	0	0	0	90	0	580	0	2100	0	176	0	0	0	0	0	0	0	3832	0	0	0	322	2944	4730	2706	0	1520	19340	0	7260	204	482	0	0	280	5042	0	0	0	0	578	332	722	21306	0	194	0	0	0	0	0	0	0	0	368	3488	0	264	0	216	0	8348	0	534	160	3784	0	730	0	2664	0	572	0	718	0	0	0	7214	0	0	0	0	0	172	150	1490	0	0	0	0	0	0	0	0	0	0	0	0	930	0	0	0	0	0	
129920	ParaHippocampal_L	182	620	714	606	0	0	0	598	0	0	0	0	0	0	288	0	74	0	664	0	648	0	0	0	0	0	0	0	1698	0	0	0	0	0	2902	1288	13730	1520	0	770	1438	0	1860	0	842	0	4204	358	0	0	704	0	3720	0	9926	458	156	0	0	0	0	0	0	0	0	0	3132	350	0	0	0	0	1584	218	416	0	746	1296	350	0	204	0	598	0	164	0	272	0	1776	0	1100	0	0	0	78	0	684	0	1592	0	0	0	0	0	0	0	0	0	0	0	326	106	0	0	0	0	
148896	ParaHippocampal_R	0	116	0	588	0	0	0	0	0	0	0	0	0	0	0	76	0	0	0	580	0	222	0	0	0	0	0	0	0	320	0	0	0	0	960	2012	1054	19340	770	0	0	7174	90	482	0	0	186	6334	0	0	0	0	212	782	260	16496	0	0	0	0	0	0	0	0	0	0	142	2600	0	0	0	0	0	2054	0	412	0	1668	0	0	0	86	0	2970	0	0	0	1422	0	1672	0	0	0	0	0	406	100	2212	0	0	0	0	0	0	0	0	0	0	0	0	650	0	0	0	0	0	
32196	Amygdala_L	0	0	0	0	0	0	0	0	0	0	0	0	0	0	0	0	0	0	0	0	348	0	0	0	0	0	0	0	1376	0	0	0	0	0	0	0	6268	0	1438	0	0	0	0	0	0	0	0	0	0	0	0	0	0	0	3012	0	0	0	0	0	0	0	0	0	0	0	0	0	0	0	0	0	404	0	0	0	0	0	0	0	246	0	640	0	172	0	306	0	1888	0	0	0	0	0	0	0	0	0	0	0	0	0	0	0	0	0	0	0	0	0	0	0	0	0	0	0	
48224	Amygdala_R	0	0	0	0	0	0	0	0	0	0	0	0	0	0	0	0	0	0	0	0	0	526	0	0	0	0	0	0	0	464	0	0	0	0	0	0	0	7260	0	7174	0	0	0	0	0	0	0	0	0	0	0	0	0	0	0	5304	0	0	0	0	0	0	0	0	0	0	0	0	0	0	0	0	0	826	0	0	0	0	0	0	0	0	0	2294	0	0	0	186	0	78	0	0	0	0	0	0	0	0	0	0	0	0	0	0	0	0	0	0	0	0	0	0	0	0	0	0	
323584	Calcarine_L	0	0	0	0	0	0	0	0	0	0	0	0	0	0	0	0	0	0	526	0	0	0	0	0	0	0	0	0	0	0	0	0	706	460	4456	1084	1646	204	1860	90	0	0	0	12406	21772	6914	13934	2434	19770	2784	35086	710	7270	470	2142	266	0	0	260	0	246	0	0	0	234	0	17374	2230	434	0	0	0	0	0	0	0	0	0	0	0	0	0	0	0	2106	0	0	0	92	274	220	0	0	0	0	0	320	0	298	104	0	0	0	0	0	0	0	0	0	0	358	150	102	0	0	0	
403488	Calcarine_R	0	1706	0	232	0	0	0	214	0	0	0	0	0	0	0	0	0	74	0	178	0	0	0	0	0	0	0	0	0	130	0	0	128	2320	272	2606	0	482	0	482	0	0	12406	0	10828	39608	1038	17956	2350	30624	1042	13748	100	11362	0	6126	0	1434	0	690	0	296	0	178	0	966	1998	20112	0	2528	0	0	0	0	0	0	0	0	0	0	0	78	0	0	0	3848	0	0	0	11834	0	150	0	0	0	0	0	70	0	822	0	0	0	0	0	0	0	0	0	0	354	198	176	0	0	0	
304792	Cuneus_L	0	0	0	0	0	0	0	0	0	0	0	0	0	0	0	0	0	0	2788	80	0	0	0	0	0	0	0	0	0	0	0	0	1914	774	6082	1234	154	0	842	0	0	0	21772	10828	0	12156	1702	1200	31176	4266	18604	114	1898	198	350	344	586	0	2714	0	678	0	0	0	288	0	23332	3732	556	0	0	0	0	0	0	0	0	0	0	0	0	0	0	0	1182	0	0	0	214	178	92	0	0	0	0	0	0	0	0	90	0	0	0	0	0	0	0	0	0	0	278	0	0	0	0	0	
348556	Cuneus_R	0	824	0	0	0	0	0	0	0	0	0	0	0	0	0	0	0	0	0	0	0	0	0	0	0	0	0	0	0	0	0	0	570	3606	0	788	0	0	0	0	0	0	6914	39608	12156	0	390	6376	2918	41196	1238	8600	94	2020	0	1918	0	894	140	4434	0	84	0	0	0	548	4684	25898	0	2348	0	0	0	0	0	0	0	0	0	0	0	0	0	0	0	1384	0	0	0	3864	0	0	0	0	0	0	0	0	0	590	0	0	0	0	0	0	0	0	0	0	114	80	0	0	0	0	
243192	Lingual_L	0	0	0	0	0	0	0	0	0	0	0	0	0	0	0	0	0	0	0	0	0	0	0	0	0	0	0	0	0	0	0	0	0	0	1026	186	2318	280	4204	186	0	0	13934	1038	1702	390	0	2724	5518	202	13310	0	7578	0	18998	1200	0	0	0	0	0	0	0	0	0	0	3622	110	0	0	0	0	0	0	0	0	78	146	0	0	0	0	0	0	262	0	0	0	0	0	8064	1364	456	76	120	0	7850	454	14264	2132	78	0	184	0	130	78	0	0	0	0	1996	3560	1530	0	110	138	
288412	Lingual_R	0	308	0	204	0	0	0	168	0	0	0	0	0	0	0	0	0	0	0	70	0	0	0	0	0	0	0	0	0	116	0	0	0	112	142	2692	172	5042	358	6334	0	0	2434	17956	1200	6376	2724	0	104	6508	228	2840	96	8532	684	26212	0	0	0	0	0	0	0	0	0	0	338	7234	0	178	0	0	0	128	0	0	0	484	0	0	0	0	0	0	0	352	0	0	0	1510	982	4650	304	560	0	544	688	4710	2648	10338	0	0	0	0	0	202	0	0	0	0	4110	8590	3850	0	0	194	
305196	Occipital_Sup_L	0	0	0	0	0	0	0	0	0	0	0	0	0	0	0	0	0	0	1822	0	0	0	0	0	0	0	0	0	0	0	0	0	2032	284	2136	0	0	0	0	0	0	0	19770	2350	31176	2918	5518	104	0	842	44174	0	2444	0	868	0	0	0	9766	0	5354	0	0	0	1694	0	16460	1384	282	0	0	0	0	0	0	0	0	0	0	0	0	0	0	0	660	0	0	0	0	0	250	0	0	0	0	0	0	0	218	0	0	0	0	0	0	0	0	0	0	0	0	92	0	0	0	0	
325744	Occipital_Sup_R	0	586	0	0	0	0	0	0	0	0	0	0	0	0	0	0	0	0	0	0	0	0	0	0	0	0	0	0	0	0	0	0	86	1662	0	228	0	0	0	0	0	0	2784	30624	4266	41196	202	6508	842	0	400	24648	86	3940	0	2214	0	830	0	8392	0	796	0	130	0	5086	1796	17044	0	1878	0	0	0	0	0	0	0	0	0	0	0	0	0	0	0	1854	0	0	0	3856	0	78	0	0	0	0	0	0	0	670	0	0	0	0	0	0	0	0	0	0	0	100	90	0	0	0	
491020	Occipital_Mid_L	1020	0	108	86	0	0	74	0	0	0	0	0	0	0	0	0	1048	0	1588	0	0	0	0	0	0	0	0	0	616	0	0	0	3400	160	4460	0	754	0	704	0	0	0	35086	1042	18604	1238	13310	228	44174	400	0	0	21626	0	3908	0	1238	0	8306	0	16090	0	1996	0	17716	0	14992	862	2590	0	0	0	0	0	0	0	0	0	1038	0	856	0	0	0	18748	0	0	0	5754	0	422	0	0	0	0	0	0	0	682	94	0	0	0	0	0	0	0	0	0	0	0	358	134	0	0	0	
204048	Occipital_Mid_R	0	448	0	0	0	0	0	0	0	0	0	0	0	0	0	0	0	0	0	0	0	0	0	0	0	0	0	0	0	0	0	0	0	688	0	254	0	0	0	0	0	0	710	13748	114	8600	0	2840	0	24648	0	0	0	6656	0	1192	0	660	0	3042	0	3202	0	360	0	10956	76	5092	0	1184	0	0	0	0	0	0	0	0	0	0	0	300	0	0	0	13548	0	0	0	3106	0	94	0	0	0	0	0	0	0	300	0	0	0	0	0	0	0	0	0	0	0	106	100	0	0	0	
171616	Occipital_Inf_L	586	216	0	198	0	0	0	202	0	0	0	0	0	0	0	0	828	0	84	0	0	0	0	0	0	0	0	0	448	0	0	0	642	0	1632	598	2138	578	3720	212	0	0	7270	100	1898	94	7578	96	2444	86	21626	0	0	0	10340	196	976	0	0	0	518	0	284	0	226	0	2988	218	784	0	0	0	0	86	0	0	114	450	724	0	664	0	0	0	4396	0	0	0	6882	0	812	0	0	0	0	0	246	0	1286	70	0	0	0	0	0	0	0	0	0	0	142	132	0	0	0	0	
133720	Occipital_Inf_R	0	492	0	272	0	0	0	254	0	0	0	0	0	0	0	0	0	152	0	0	0	0	0	0	0	0	0	0	0	470	0	0	0	236	0	224	0	332	0	782	0	0	470	11362	198	2020	0	8532	0	3940	0	6656	0	0	0	10466	0	180	0	0	0	166	0	160	0	80	0	1730	0	408	0	0	0	0	0	0	0	0	0	90	0	0	0	0	0	2144	0	0	0	11742	0	184	0	0	0	0	0	428	70	1454	0	0	0	0	0	0	0	0	0	0	146	782	238	0	0	0	
339692	Fusiform_L	88	312	262	294	0	0	226	302	0	0	0	0	0	0	0	0	206	0	254	0	0	0	0	0	0	0	0	0	3116	0	0	0	0	0	840	724	9242	722	9926	260	3012	0	2142	0	350	0	18998	684	868	0	3908	0	10340	0	0	622	176	0	0	0	0	0	0	0	0	0	1378	238	0	0	0	0	548	110	0	0	250	612	150	0	1574	0	1574	0	2986	0	1922	0	13548	0	23630	710	542	0	316	0	14076	240	31026	954	448	0	656	0	198	120	82	0	0	0	1632	1572	434	72	160	214	
387092	Fusiform_R	0	476	0	698	0	0	0	244	0	0	0	0	0	0	0	0	0	202	0	524	0	0	0	0	0	0	0	0	0	1578	0	0	0	0	632	1504	658	21306	458	16496	0	5304	266	6126	344	1918	1200	26212	0	2214	0	1192	196	10466	622	0	0	78	0	0	0	0	0	0	0	0	120	2446	0	0	0	102	0	2600	0	168	0	1148	0	240	0	1894	0	5276	0	1290	0	1720	0	16414	666	11994	252	1244	0	510	334	10140	1656	18426	0	0	0	168	0	182	0	0	0	376	3324	6662	2914	142	140	84	
290656	Postcentral_L	33826	2204	528	1462	0	0	1732	1456	0	0	5068	0	148	0	0	0	12924	0	630	924	0	0	0	0	0	0	0	0	12884	0	0	0	980	86	376	0	2598	0	156	0	0	0	0	0	586	0	0	0	0	0	1238	0	976	0	176	0	0	0	5600	0	20810	0	13450	0	1544	0	1458	0	3028	0	182	0	1484	0	0	0	920	362	3692	0	4030	0	0	0	4388	0	0	0	3422	0	0	0	0	0	0	0	0	0	0	0	0	0	0	0	0	0	0	0	0	0	0	0	0	0	0	0	
120324	Postcentral_R	0	16174	0	172	0	0	0	1596	0	0	0	1024	0	0	0	0	0	3644	0	516	0	0	0	0	0	0	0	0	0	2170	0	0	0	1814	0	310	0	194	0	0	0	0	0	1434	0	894	0	0	0	830	0	660	0	180	0	78	0	0	0	3060	0	3686	0	9888	0	618	0	2872	0	5038	0	0	0	364	0	0	0	76	0	1044	0	1290	0	0	0	100	0	0	0	436	0	0	0	0	0	0	0	0	0	0	0	0	0	0	0	0	0	0	0	0	0	0	0	0	0	0	
115456	Parietal_Sup_L	166	0	0	0	0	0	120	0	0	0	0	0	0	0	0	0	0	0	72	0	0	0	0	0	0	0	0	0	70	0	0	0	1308	272	354	0	0	0	0	0	0	0	260	0	2714	140	0	0	9766	0	8306	0	0	0	0	0	5600	0	0	0	13422	0	0	0	3082	0	10266	1026	482	0	0	0	0	0	0	0	0	0	0	0	0	0	0	0	302	0	0	0	0	0	0	0	0	0	0	0	0	0	0	0	0	0	0	0	0	0	0	0	0	0	0	0	0	0	0	0	
86496	Parietal_Sup_R	0	346	0	0	0	0	0	120	0	0	0	0	0	0	0	0	0	194	0	0	0	0	0	0	0	0	0	0	0	214	0	0	74	0	0	70	0	0	0	0	0	0	0	690	0	4434	0	0	0	8392	0	3042	0	0	0	0	0	3060	0	0	0	5168	0	2698	0	4122	1300	7974	0	1008	0	0	0	0	0	0	0	0	0	74	0	188	0	0	0	0	0	0	0	80	0	0	0	0	0	0	0	0	0	0	0	0	0	0	0	0	0	0	0	0	0	0	0	0	0	0	
250060	Parietal_Inf_L	2936	0	0	0	0	0	190	0	0	0	0	0	0	0	0	0	276	0	684	0	0	0	0	0	0	0	0	0	168	0	0	0	748	0	562	0	0	0	0	0	0	0	246	0	678	0	0	0	5354	0	16090	0	518	0	0	0	20810	0	13422	0	0	0	18692	0	24096	0	1170	0	860	0	0	0	0	0	0	0	0	0	0	0	686	0	0	0	13364	0	0	0	3480	0	0	0	0	0	0	0	0	0	0	0	0	0	0	0	0	0	0	0	0	0	0	0	0	0	0	0	
91628	Parietal_Inf_R	0	680	0	0	0	0	0	132	0	0	0	0	0	0	0	0	0	228	0	86	0	0	0	0	0	0	0	0	0	230	0	0	0	74	0	330	0	0	0	0	0	0	0	296	0	84	0	0	0	796	0	3202	0	166	0	0	0	3686	0	5168	0	0	0	12806	0	12406	0	456	0	396	0	0	0	0	0	0	0	0	0	112	0	686	0	0	0	2846	0	0	0	948	0	0	0	0	0	0	0	0	0	0	0	0	0	0	0	0	0	0	0	0	0	0	0	0	0	0	
142180	SupraMarginal_L	2126	0	0	0	0	0	88	0	0	0	0	0	0	0	0	0	2742	0	96	0	0	0	0	0	0	0	0	0	296	0	0	0	126	0	0	0	0	0	0	0	0	0	0	0	0	0	0	0	0	0	1996	0	284	0	0	0	13450	0	0	0	18692	0	0	0	9652	0	82	0	0	0	0	0	0	0	0	0	0	0	194	0	4534	0	0	0	12034	0	0	0	4698	0	0	0	0	0	0	0	0	0	0	0	0	0	0	0	0	0	0	0	0	0	0	0	0	0	0	0	
127688	SupraMarginal_R	0	2038	0	90	0	0	0	302	0	0	0	0	0	0	0	0	0	3308	0	126	0	0	0	0	0	0	0	0	0	480	0	0	0	0	0	138	0	0	0	0	0	0	0	178	0	0	0	0	0	130	0	360	0	160	0	0	0	9888	0	2698	0	12806	0	0	0	8128	0	602	0	522	0	0	0	0	0	0	0	0	0	262	0	10372	0	0	0	9508	0	0	0	1748	0	0	0	0	0	0	0	0	0	0	0	0	0	0	0	0	0	0	0	0	0	0	0	0	0	0	
166096	Angular_L	148	0	0	0	0	0	0	0	0	0	0	0	0	0	0	0	78	0	700	0	0	0	0	0	0	0	0	0	0	0	0	0	486	0	252	0	0	0	0	0	0	0	234	0	288	0	0	0	1694	0	17716	0	226	0	0	0	1544	0	3082	0	24096	0	9652	0	0	0	364	0	228	0	0	0	0	0	0	0	0	0	0	0	1414	0	0	0	18512	0	0	0	2334	0	0	0	0	0	0	0	0	0	0	0	0	0	0	0	0	0	0	0	0	0	0	0	0	0	0	0	
111928	Angular_R	0	0	0	0	0	0	0	0	0	0	0	0	0	0	0	0	0	0	0	0	0	0	0	0	0	0	0	0	0	0	0	0	0	0	0	124	0	0	0	0	0	0	0	966	0	548	0	0	0	5086	0	10956	0	80	0	0	0	618	0	4122	0	12406	0	8128	0	0	0	606	0	160	0	0	0	0	0	0	0	0	0	0	0	3428	0	0	0	7644	0	0	0	1092	0	0	0	0	0	0	0	0	0	0	0	0	0	0	0	0	0	0	0	0	0	0	0	0	0	0	
319728	Precuneus_L	480	0	110	84	0	0	0	0	0	0	0	0	0	0	0	0	0	0	1402	96	0	0	0	0	0	0	0	0	0	0	0	0	7050	2488	14280	3074	2654	368	3132	142	0	0	17374	1998	23332	4684	3622	338	16460	1796	14992	76	2988	0	1378	120	1458	0	10266	1300	1170	0	82	0	364	0	0	14754	2782	0	0	0	0	0	0	0	0	0	72	0	114	0	0	0	1862	0	0	0	256	0	0	0	0	0	0	0	258	0	0	0	0	0	0	0	0	0	0	0	0	0	608	0	0	0	0	0	
354916	Precuneus_R	0	2442	0	128	0	0	0	82	0	0	0	0	0	0	0	0	0	0	112	564	0	0	0	0	0	0	0	0	0	0	0	0	2258	12216	1754	13216	394	3488	350	2600	0	0	2230	20112	3732	25898	110	7234	1384	17044	862	5092	218	1730	238	2446	0	2872	1026	7974	0	456	0	602	0	606	14754	0	0	10878	0	120	0	0	0	0	0	186	0	0	0	302	0	0	0	3024	0	0	0	3798	0	0	0	0	0	0	0	492	0	0	0	0	0	0	0	0	0	0	0	0	2434	0	0	0	0	0	
116056	Paracentral_Lobule_L	11136	386	4898	3344	0	0	100	0	0	0	0	0	0	0	0	0	186	0	7854	5932	0	0	0	0	0	0	0	0	268	0	0	0	3464	2778	1338	146	0	0	0	0	0	0	434	0	556	0	0	0	282	0	2590	0	784	0	0	0	3028	0	482	0	860	0	0	0	228	0	2782	0	0	292	0	0	0	0	0	0	0	0	0	0	152	0	0	0	2986	0	0	0	742	0	0	0	0	0	0	0	0	0	0	0	0	0	0	0	0	0	0	0	0	0	0	0	0	0	0	0	
104516	Paracentral_Lobule_R	0	4218	0	156	0	0	0	108	0	0	0	0	0	0	0	0	0	0	72	5606	0	0	0	0	0	0	0	0	0	0	0	0	232	8258	788	3206	0	264	0	0	0	0	0	2528	0	2348	0	178	0	1878	0	1184	0	408	0	0	0	5038	0	1008	0	396	0	522	0	160	0	10878	292	0	0	112	0	0	0	0	0	102	0	0	0	180	0	0	0	1072	0	0	0	982	0	0	0	0	0	0	0	0	0	0	0	0	0	0	0	0	0	0	0	0	84	0	0	0	0	0	
272056	Caudate_L	1588	932	9272	7452	2520	150	912	3596	70	186	3834	1080	2124	1130	1658	792	1682	202	6728	8994	5232	3866	2024	186	602	0	1308	342	11572	1272	8736	4470	0	4868	0	0	238	0	0	0	0	0	0	0	0	0	0	0	0	0	0	0	0	0	0	0	182	0	0	0	0	0	0	0	0	0	0	0	0	0	0	6102	16170	868	1284	0	8872	0	0	0	818	90	2024	0	0	0	0	0	0	0	0	0	0	0	0	0	0	0	0	0	0	0	0	0	0	0	0	0	0	0	0	0	0	0	0	0	
352376	Caudate_R	0	2414	364	18826	0	10962	0	3472	0	4690	468	1168	176	1738	0	6734	274	100	3742	26796	3202	4906	242	5986	0	8372	0	2694	838	3184	2624	12328	0	3680	0	0	0	216	0	0	0	0	0	0	0	0	0	0	0	0	0	0	0	0	0	102	0	0	0	0	0	0	0	0	0	0	0	120	0	112	6102	0	1600	21468	268	2462	0	13432	0	0	0	108	218	0	0	0	0	0	0	0	0	0	0	0	0	0	0	0	0	0	0	0	0	0	0	0	0	0	0	0	0	0	0	0	0	0	
327644	Putamen_L	3678	406	23556	5212	6936	0	2508	1858	1038	0	862	442	1122	0	5460	74	724	148	20208	5668	2094	1400	1046	82	366	0	1112	0	21552	442	3832	1418	0	2074	0	126	6900	0	1584	0	404	0	0	0	0	0	0	0	0	0	0	0	0	0	548	0	1484	0	0	0	0	0	0	0	0	0	0	0	0	0	16170	1600	0	446	7758	0	4778	838	0	0	2584	74	1840	0	434	0	0	0	936	0	0	0	0	0	0	0	0	0	0	0	0	0	0	0	0	0	0	0	0	0	0	0	0	0	0	0	
318284	Putamen_R	0	3236	110	18248	0	6978	0	4074	0	3016	98	5574	72	2430	0	4722	0	2548	3172	14768	514	958	180	3392	0	5120	0	1014	310	24062	708	5294	0	476	410	450	538	8348	218	2054	0	826	0	0	0	0	0	128	0	0	0	0	86	0	110	2600	0	364	0	0	0	0	0	0	0	0	0	0	0	0	868	21468	446	0	0	3106	0	2880	0	86	0	1390	0	792	0	0	0	0	0	900	0	0	0	0	0	0	0	0	0	0	0	0	0	0	0	0	0	0	0	0	0	0	0	0	0	0	
56564	Pallidum_L	706	74	6516	76	0	0	284	0	0	0	0	0	0	0	0	0	0	0	7094	636	246	250	0	0	0	0	0	0	0	0	0	0	0	0	0	0	1228	0	416	0	0	0	0	0	0	0	0	0	0	0	0	0	0	0	0	0	0	0	0	0	0	0	0	0	0	0	0	0	0	0	1284	268	7758	0	0	0	1446	0	0	0	0	0	0	0	0	0	0	0	0	0	0	0	0	0	0	0	0	0	0	0	0	0	0	0	0	0	0	0	0	0	0	0	0	0	0	0	
22136	Pallidum_R	0	130	0	1920	0	0	0	948	0	0	0	266	0	164	0	0	0	0	0	876	0	0	0	0	0	0	0	0	0	0	0	82	0	0	0	0	0	534	0	412	0	0	0	0	0	0	0	0	0	0	0	0	0	0	0	168	0	0	0	0	0	0	0	0	0	0	0	0	0	0	0	2462	0	3106	0	0	0	0	0	0	0	0	0	0	0	0	0	0	0	0	0	0	0	0	0	0	0	0	0	0	0	0	0	0	0	0	0	0	0	0	0	0	0	0	0	0	
140660	Thalamus_L	10420	1326	15338	1420	0	0	5474	1028	0	0	0	0	0	0	0	0	292	0	4092	830	0	0	0	0	0	0	0	0	3232	0	0	0	0	70	162	426	5458	160	746	0	0	0	0	0	0	0	78	0	0	0	0	0	114	0	250	0	920	0	0	0	0	0	0	0	0	0	0	0	0	0	8872	0	4778	0	1446	0	0	2832	96	0	274	0	0	0	72	0	0	0	124	0	0	0	0	0	0	0	0	0	0	0	0	0	0	0	0	0	0	0	0	0	0	0	0	0	0	0	
155416	Thalamus_R	1084	7406	474	8664	0	0	308	5150	0	0	0	0	0	0	0	0	0	76	108	17176	0	0	0	0	0	0	0	0	506	220	0	0	0	106	1302	1758	2742	3784	1296	1668	0	0	0	0	0	0	146	484	0	0	0	0	450	0	612	1148	362	76	0	0	0	0	0	0	0	0	0	186	0	102	0	13432	838	2880	0	0	2832	0	0	0	0	0	0	0	0	0	0	0	0	170	0	0	0	0	0	0	0	162	0	0	0	0	0	0	0	0	0	0	0	0	0	0	0	0	0	0	
68512	Heschl_L	2822	0	92	0	0	0	254	0	0	0	548	0	0	0	0	0	4208	0	0	0	0	0	0	0	0	0	0	0	5578	0	0	0	0	0	0	0	2270	0	350	0	0	0	0	0	0	0	0	0	0	0	1038	0	724	0	150	0	3692	0	0	0	0	0	194	0	0	0	72	0	0	0	0	0	0	0	0	0	96	0	0	0	3306	0	0	0	4150	0	0	0	4712	0	0	0	0	0	0	0	0	0	0	0	0	0	0	0	0	0	0	0	0	0	0	0	0	0	0	0	
36424	Heschl_R	0	1046	0	542	0	0	0	676	0	0	0	114	0	0	0	0	0	4842	0	388	0	0	0	0	0	0	0	0	0	2818	0	0	0	0	0	0	0	730	0	0	0	0	0	0	0	0	0	0	0	0	0	0	0	90	0	240	0	1044	0	74	0	112	0	262	0	0	0	0	0	0	0	0	0	86	0	0	0	0	0	0	0	4148	0	342	0	170	0	0	0	488	0	0	0	0	0	0	0	0	0	0	0	0	0	0	0	0	0	0	0	0	0	0	0	0	0	0	
200356	Temporal_Sup_L	1420	0	1120	726	0	0	1034	192	0	0	824	226	0	0	0	0	8708	0	1228	656	0	0	0	0	0	0	0	0	10164	224	0	70	0	462	0	0	1612	0	204	0	246	0	0	0	0	0	0	0	0	0	856	0	664	0	1574	0	4030	0	0	0	686	0	4534	0	1414	0	114	0	152	0	818	0	2584	0	0	0	274	0	3306	0	0	0	5958	0	25178	0	684	0	18236	0	0	0	0	0	0	0	0	0	0	0	0	0	0	0	0	0	0	0	0	0	0	0	0	0	0	0	
174412	Temporal_Sup_R	0	728	0	3706	0	0	0	456	0	0	0	818	0	0	0	0	0	11334	82	1838	0	0	0	0	0	0	0	0	72	12926	0	0	0	130	0	94	0	2664	0	86	0	0	0	78	0	0	0	0	0	0	0	300	0	0	0	1894	0	1290	0	188	0	686	0	10372	0	3428	0	302	0	180	90	108	74	1390	0	0	0	0	0	4148	0	0	0	4292	0	17030	0	128	0	6294	0	0	0	0	0	0	0	0	0	0	0	0	0	0	0	0	0	0	0	0	0	0	0	0	0	0	
118340	Temporal_Pole_Sup_L	0	0	1002	822	582	0	336	344	152	0	4294	76	1494	262	2376	262	2598	0	1186	884	796	0	0	0	0	0	0	0	8918	238	180	386	0	458	0	0	444	0	598	0	640	0	0	0	0	0	0	0	0	0	0	0	0	0	1574	0	0	0	0	0	0	0	0	0	0	0	0	0	0	0	2024	218	1840	0	0	0	0	0	0	0	5958	0	0	0	7282	0	5038	0	5908	0	0	0	0	0	0	0	0	0	0	0	0	0	0	0	0	0	0	0	0	0	0	0	0	0	0	0	
65892	Temporal_Pole_Sup_R	0	0	0	1014	0	0	0	0	0	0	0	668	0	118	0	0	0	1662	0	660	0	0	0	0	0	0	0	0	0	3586	0	0	0	0	0	0	0	572	0	2970	0	2294	0	0	0	0	0	0	0	0	0	0	0	0	0	5276	0	0	0	0	0	0	0	0	0	0	0	0	0	0	0	0	0	792	0	0	0	0	0	342	0	4292	0	0	0	1096	0	2720	0	4884	0	0	0	0	0	0	0	0	0	0	0	0	0	0	0	0	0	0	0	0	0	0	0	0	0	0	
376012	Temporal_Mid_L	1212	0	290	0	0	0	260	0	0	0	0	0	0	0	0	0	2318	0	580	0	0	0	0	0	0	0	0	0	3576	0	0	0	1436	0	1564	0	644	0	164	0	172	0	2106	0	1182	0	262	0	660	0	18748	0	4396	0	2986	0	4388	0	302	0	13364	0	12034	0	18512	0	1862	0	2986	0	0	0	434	0	0	0	72	0	4150	0	25178	0	7282	0	0	0	5948	0	48938	0	0	0	0	0	0	0	0	0	0	0	0	0	0	0	0	0	0	0	0	0	0	0	0	0	0	0	
188720	Temporal_Mid_R	0	100	0	0	0	0	0	0	0	0	0	76	0	0	0	0	0	1290	0	0	0	0	0	0	0	0	0	0	0	2182	0	0	0	94	0	386	0	718	0	0	0	0	0	3848	0	1384	0	352	0	1854	0	13548	0	2144	0	1290	0	100	0	0	0	2846	0	9508	0	7644	0	3024	0	1072	0	0	0	0	0	0	0	0	0	170	0	17030	0	1096	0	0	0	1750	0	20854	0	0	0	0	0	0	0	0	0	0	0	0	0	0	0	0	0	0	0	0	0	0	0	0	0	0	
40688	Temporal_Pole_Mid_L	0	0	0	0	0	0	0	0	0	0	0	0	0	0	0	0	0	0	0	0	0	0	0	0	0	0	0	0	0	0	0	0	0	0	0	0	150	0	272	0	306	0	0	0	0	0	0	0	0	0	0	0	0	0	1922	0	0	0	0	0	0	0	0	0	0	0	0	0	0	0	0	0	0	0	0	0	0	0	0	0	684	0	5038	0	5948	0	0	0	6024	0	0	0	0	0	0	0	0	0	0	0	0	0	0	0	0	0	0	0	0	0	0	0	0	0	0	0	
19548	Temporal_Pole_Mid_R	0	0	0	0	0	0	0	0	0	0	0	0	0	0	0	0	0	0	0	0	0	0	0	0	0	0	0	0	0	0	0	0	0	0	0	0	0	0	0	1422	0	186	0	0	0	0	0	0	0	0	0	0	0	0	0	1720	0	0	0	0	0	0	0	0	0	0	0	0	0	0	0	0	0	0	0	0	0	0	0	0	0	128	0	2720	0	1750	0	0	0	1848	0	0	0	0	0	0	0	0	0	0	0	0	0	0	0	0	0	0	0	0	0	0	0	0	0	0	
305936	Temporal_Inf_L	1308	0	466	0	0	0	376	0	0	0	0	0	0	0	0	0	2736	0	604	0	0	0	0	0	0	0	0	0	5512	0	0	0	406	0	194	0	6340	0	1776	0	1888	0	92	0	214	0	0	0	0	0	5754	0	6882	0	13548	0	3422	0	0	0	3480	0	4698	0	2334	0	256	0	742	0	0	0	936	0	0	0	124	0	4712	0	18236	0	5908	0	48938	0	6024	0	0	0	2832	0	372	0	0	0	316	0	910	0	336	0	296	0	0	0	0	0	0	0	0	0	0	0	0	0	
229264	Temporal_Inf_R	0	1004	0	404	0	0	0	360	0	0	0	140	0	0	0	0	0	610	0	106	0	0	0	0	0	0	0	0	0	3664	0	0	0	344	0	468	0	7214	0	1672	0	78	274	11834	178	3864	0	1510	0	3856	0	3106	0	11742	0	16414	0	436	0	80	0	948	0	1748	0	1092	0	3798	0	982	0	0	0	900	0	0	0	170	0	488	0	6294	0	4884	0	20854	0	1848	0	0	0	488	0	0	0	0	0	152	0	448	0	0	0	0	0	0	0	0	0	0	0	180	0	0	0	0	
442404	Cerebelum_Crus1_L	0	0	0	0	0	0	0	0	0	0	0	0	0	0	0	0	0	0	0	0	0	0	0	0	0	0	0	0	0	0	0	0	0	0	0	0	94	0	1100	0	0	0	220	0	92	0	8064	982	250	0	422	0	812	0	23630	666	0	0	0	0	0	0	0	0	0	0	0	0	0	0	0	0	0	0	0	0	0	0	0	0	0	0	0	0	0	0	0	0	2832	0	0	3208	30110	3054	2144	122	20102	516	50936	3592	16258	704	21260	1822	4734	1102	1442	104	0	274	2610	5230	7868	2980	1520	346	
410668	Cerebelum_Crus1_R	0	0	0	0	0	0	0	0	0	0	0	0	0	0	0	0	0	0	0	0	0	0	0	0	0	0	0	0	0	0	0	0	0	0	0	0	0	0	0	0	0	0	0	150	0	0	1364	4650	0	78	0	94	0	184	710	11994	0	0	0	0	0	0	0	0	0	0	0	0	0	0	0	0	0	0	0	0	0	0	0	0	0	0	0	0	0	0	0	0	0	488	3208	0	3542	34446	0	3080	344	18756	3752	46446	140	9444	266	16652	210	4990	0	1086	90	1448	7072	9618	13120	4120	3508	284	
251876	Cerebelum_Crus2_L	0	0	0	0	0	0	0	0	0	0	0	0	0	0	0	0	0	0	0	0	0	0	0	0	0	0	0	0	0	0	0	0	0	0	0	0	0	0	0	0	0	0	0	0	0	0	456	304	0	0	0	0	0	0	542	252	0	0	0	0	0	0	0	0	0	0	0	0	0	0	0	0	0	0	0	0	0	0	0	0	0	0	0	0	0	0	0	0	372	0	30110	3542	0	8024	188	198	1262	558	4726	1826	25970	2608	20642	3618	1896	1058	492	142	0	0	268	1692	9558	4248	1272	114	
273612	Cerebelum_Crus2_R	0	0	0	0	0	0	0	0	0	0	0	0	0	0	0	0	0	0	0	0	0	0	0	0	0	0	0	0	0	0	0	0	0	0	0	0	0	0	0	0	0	0	0	0	0	0	76	560	0	0	0	0	0	0	0	1244	0	0	0	0	0	0	0	0	0	0	0	0	0	0	0	0	0	0	0	0	0	0	0	0	0	0	0	0	0	0	0	0	0	0	3054	34446	8024	0	0	822	118	2954	1034	10564	1324	20542	608	25176	172	4520	0	730	0	366	878	2444	9864	4416	2732	138	
33544	Cerebelum_3_L	0	0	0	0	0	0	0	0	0	0	0	0	0	0	0	0	0	0	0	0	0	0	0	0	0	0	0	0	0	0	0	0	0	0	0	0	0	0	78	0	0	0	0	0	0	0	120	0	0	0	0	0	0	0	316	0	0	0	0	0	0	0	0	0	0	0	0	0	0	0	0	0	0	0	0	0	0	0	0	0	0	0	0	0	0	0	0	0	0	0	2144	0	188	0	0	0	7270	0	3246	0	180	0	854	0	378	0	0	0	686	830	482	0	0	0	0	0	
59084	Cerebelum_3_R	0	0	0	0	0	0	0	0	0	0	0	0	0	0	0	0	0	0	0	0	0	0	0	0	0	0	0	0	0	0	0	0	0	0	0	0	0	172	0	406	0	0	0	0	0	0	0	544	0	0	0	0	0	0	0	510	0	0	0	0	0	0	0	0	0	0	0	0	0	0	0	0	0	0	0	0	0	0	0	0	0	0	0	0	0	0	0	0	0	0	122	3080	198	822	0	0	256	7334	166	6848	0	0	0	430	0	526	0	0	446	5378	1522	146	272	186	178	0	
228056	Cerebelum_4_5_L	0	0	0	0	0	0	0	0	0	0	0	0	0	0	0	0	0	0	0	0	0	0	0	0	0	0	0	0	0	0	0	0	0	0	236	0	350	150	684	100	0	0	320	0	0	0	7850	688	0	0	0	0	246	0	14076	334	0	0	0	0	0	0	0	0	0	0	258	0	0	0	0	0	0	0	0	0	0	0	0	0	0	0	0	0	0	0	0	0	316	0	20102	344	1262	118	7270	256	0	858	33660	712	1520	0	4794	102	3728	424	626	0	122	728	7612	1910	242	488	694	848	
211452	Cerebelum_4_5_R	0	0	0	0	0	0	0	0	0	0	0	0	0	0	0	0	0	0	0	0	0	0	0	0	0	0	0	0	0	0	0	0	0	0	0	70	0	1490	0	2212	0	0	0	70	0	0	454	4710	0	0	0	0	0	428	240	10140	0	0	0	0	0	0	0	0	0	0	0	492	0	0	0	0	0	0	0	0	0	162	0	0	0	0	0	0	0	0	0	0	0	152	516	18756	558	2954	0	7334	858	0	698	29470	0	138	112	1082	0	1766	0	0	0	3256	11568	1580	1664	1198	1158	440	
400120	Cerebelum_6_L	0	0	0	0	0	0	0	0	0	0	0	0	0	0	0	0	0	0	0	0	0	0	0	0	0	0	0	0	0	0	0	0	0	0	0	0	108	0	1592	0	0	0	298	0	0	0	14264	2648	218	0	682	0	1286	70	31026	1656	0	0	0	0	0	0	0	0	0	0	0	0	0	0	0	0	0	0	0	0	0	0	0	0	0	0	0	0	0	0	0	0	910	0	50936	3752	4726	1034	3246	166	33660	698	0	5376	3710	0	8256	352	4068	782	1438	0	0	422	6268	9118	4524	1234	1066	470	
410744	Cerebelum_6_R	0	178	0	74	0	0	0	82	0	0	0	0	0	0	0	0	0	0	0	0	0	0	0	0	0	0	0	0	0	0	0	0	0	0	0	0	0	0	0	0	0	0	104	822	90	590	2132	10338	0	670	94	300	70	1454	954	18426	0	0	0	0	0	0	0	0	0	0	0	0	0	0	0	0	0	0	0	0	0	0	0	0	0	0	0	0	0	0	0	0	0	448	3592	46446	1826	10564	0	6848	712	29470	5376	0	126	548	286	6400	232	4578	0	1220	124	2948	12076	14826	11704	4244	3694	706	
190516	Cerebelum_7b_L	0	0	0	0	0	0	0	0	0	0	0	0	0	0	0	0	0	0	0	0	0	0	0	0	0	0	0	0	0	0	0	0	0	0	0	0	0	0	0	0	0	0	0	0	0	0	78	0	0	0	0	0	0	0	448	0	0	0	0	0	0	0	0	0	0	0	0	0	0	0	0	0	0	0	0	0	0	0	0	0	0	0	0	0	0	0	0	0	336	0	16258	140	25970	1324	180	0	1520	0	3710	126	0	2128	27162	2106	1440	774	502	88	0	0	188	294	4188	5208	968	122	
127596	Cerebelum_7b_R	0	0	0	0	0	0	0	0	0	0	0	0	0	0	0	0	0	0	0	0	0	0	0	0	0	0	0	0	0	0	0	0	0	0	0	0	0	0	0	0	0	0	0	0	0	0	0	0	0	0	0	0	0	0	0	0	0	0	0	0	0	0	0	0	0	0	0	0	0	0	0	0	0	0	0	0	0	0	0	0	0	0	0	0	0	0	0	0	0	0	704	9444	2608	20542	0	0	0	138	0	548	2128	0	1968	18746	112	1738	0	0	0	0	0	0	1968	3054	100	0	
245428	Cerebelum_8_L	0	0	0	0	0	0	0	0	0	0	0	0	0	0	0	0	0	0	0	0	0	0	0	0	0	0	0	0	0	0	0	0	0	0	0	0	0	0	0	0	0	0	0	0	0	0	184	0	0	0	0	0	0	0	656	0	0	0	0	0	0	0	0	0	0	0	0	0	0	0	0	0	0	0	0	0	0	0	0	0	0	0	0	0	0	0	0	0	296	0	21260	266	20642	608	854	0	4794	112	8256	286	27162	1968	0	2164	14910	1250	3370	126	0	114	920	412	3688	6508	1770	138	
226344	Cerebelum_8_R	0	0	0	0	0	0	0	0	0	0	0	0	0	0	0	0	0	0	0	0	0	0	0	0	0	0	0	0	0	0	0	0	0	0	0	0	0	0	0	0	0	0	0	0	0	0	0	0	0	0	0	0	0	0	0	168	0	0	0	0	0	0	0	0	0	0	0	0	0	0	0	0	0	0	0	0	0	0	0	0	0	0	0	0	0	0	0	0	0	0	1822	16652	3618	25176	0	430	102	1082	352	6400	2106	18746	2164	0	402	14362	0	1000	0	318	572	762	7262	6696	2852	128	
91004	Cerebelum_9_L	0	0	0	0	0	0	0	0	0	0	0	0	0	0	0	0	0	0	0	0	0	0	0	0	0	0	0	0	0	0	0	0	0	0	0	0	0	0	0	0	0	0	0	0	0	0	130	0	0	0	0	0	0	0	198	0	0	0	0	0	0	0	0	0	0	0	0	0	0	0	0	0	0	0	0	0	0	0	0	0	0	0	0	0	0	0	0	0	0	0	4734	210	1896	172	378	0	3728	0	4068	232	1440	112	14910	402	0	632	4784	0	0	0	1082	1350	864	2036	1498	646	
135264	Cerebelum_9_R	0	0	0	0	0	0	0	0	0	0	0	0	0	0	0	0	0	0	0	0	0	0	0	0	0	0	0	0	0	0	0	0	0	0	0	0	0	0	0	0	0	0	0	0	0	0	78	202	0	0	0	0	0	0	120	182	0	0	0	0	0	0	0	0	0	0	0	0	0	0	0	0	0	0	0	0	0	0	0	0	0	0	0	0	0	0	0	0	0	0	1102	4990	1058	4520	0	526	424	1766	782	4578	774	1738	1250	14362	632	0	0	1730	0	410	1588	2778	5654	7034	7422	1932	
25712	Cerebelum_10_L	0	0	0	0	0	0	0	0	0	0	0	0	0	0	0	0	0	0	0	0	0	0	0	0	0	0	0	0	0	0	0	0	0	0	0	0	0	0	0	0	0	0	0	0	0	0	0	0	0	0	0	0	0	0	82	0	0	0	0	0	0	0	0	0	0	0	0	0	0	0	0	0	0	0	0	0	0	0	0	0	0	0	0	0	0	0	0	0	0	0	1442	0	492	0	0	0	626	0	1438	0	502	0	3370	0	4784	0	0	0	0	0	120	0	0	0	0	0	
19080	Cerebelum_10_R	0	0	0	0	0	0	0	0	0	0	0	0	0	0	0	0	0	0	0	0	0	0	0	0	0	0	0	0	0	0	0	0	0	0	0	0	0	0	0	0	0	0	0	0	0	0	0	0	0	0	0	0	0	0	0	0	0	0	0	0	0	0	0	0	0	0	0	0	0	0	0	0	0	0	0	0	0	0	0	0	0	0	0	0	0	0	0	0	0	0	104	1086	142	730	0	0	0	0	0	1220	88	0	126	1000	0	1730	0	0	0	0	0	160	1096	1062	996	0	
11144	Vermis_1_2	0	0	0	0	0	0	0	0	0	0	0	0	0	0	0	0	0	0	0	0	0	0	0	0	0	0	0	0	0	0	0	0	0	0	0	0	0	0	0	0	0	0	0	0	0	0	0	0	0	0	0	0	0	0	0	0	0	0	0	0	0	0	0	0	0	0	0	0	0	0	0	0	0	0	0	0	0	0	0	0	0	0	0	0	0	0	0	0	0	0	0	90	0	0	686	446	122	0	0	124	0	0	0	0	0	0	0	0	0	3552	552	0	0	0	0	0	
47644	Vermis_3	0	0	0	0	0	0	0	0	0	0	0	0	0	0	0	0	0	0	0	0	0	0	0	0	0	0	0	0	0	0	0	0	0	0	0	0	0	0	0	0	0	0	0	0	0	0	0	0	0	0	0	0	0	0	0	376	0	0	0	0	0	0	0	0	0	0	0	0	0	0	0	0	0	0	0	0	0	0	0	0	0	0	0	0	0	0	0	0	0	0	274	1448	0	366	830	5378	728	3256	422	2948	0	0	114	318	0	410	0	0	3552	0	2922	100	140	120	120	0	
178476	Vermis_4_5	0	0	0	0	0	0	0	0	0	0	0	0	0	0	0	0	0	0	0	0	0	0	0	0	0	0	0	0	0	0	0	0	0	78	338	1936	226	930	326	650	0	0	358	354	278	114	1996	4110	0	0	0	0	142	146	1632	3324	0	0	0	0	0	0	0	0	0	0	608	2434	0	84	0	0	0	0	0	0	0	0	0	0	0	0	0	0	0	0	0	0	0	0	2610	7072	268	878	482	1522	7612	11568	6268	12076	188	0	920	572	1082	1588	120	0	552	2922	0	5858	484	1080	1364	2088	
201068	Vermis_6	0	178	0	76	0	0	0	84	0	0	0	0	0	0	0	0	0	0	0	0	0	0	0	0	0	0	0	0	0	0	0	0	0	0	0	0	0	0	106	0	0	0	150	198	0	80	3560	8590	92	100	358	106	132	782	1572	6662	0	0	0	0	0	0	0	0	0	0	0	0	0	0	0	0	0	0	0	0	0	0	0	0	0	0	0	0	0	0	0	0	0	180	5230	9618	1692	2444	0	146	1910	1580	9118	14826	294	0	412	762	1350	2778	0	160	0	100	5858	0	9624	3390	3310	2926	
240720	Vermis_7	0	0	0	0	0	0	0	0	0	0	0	0	0	0	0	0	0	0	0	0	0	0	0	0	0	0	0	0	0	0	0	0	0	0	0	0	0	0	0	0	0	0	102	176	0	0	1530	3850	0	90	134	100	0	238	434	2914	0	0	0	0	0	0	0	0	0	0	0	0	0	0	0	0	0	0	0	0	0	0	0	0	0	0	0	0	0	0	0	0	0	0	7868	13120	9558	9864	0	272	242	1664	4524	11704	4188	1968	3688	7262	864	5654	0	1096	0	140	484	9624	0	9964	6492	552	
