data	data	755540	604284	899308	770744	147032	150460	539896	281928	84024	21360	332396	199652	203248	139812	119824	101440	288396	198596	659312	650740	74080	97840	313288	274268	22396	77108	16316	46284	801584	396724	292448	383304	150984	423476	159404	230696	433436	492040	200120	387980	47000	70016	280344	424132	223768	344104	420364	464712	221116	310568	525376	284836	143036	160172	629516	668508	288992	272892	135656	131604	194852	106584	132756	116268	133948	169880	392712	546944	234584	189756	340760	376484	376832	431304	63420	22908	256152	270868	169276	23408	318228	150496	112988	98308	483964	298560	29124	16472	422344	311004	635604	477268	601448	442896	98428	153096	539912	287884	606764	474672	442240	148340	580132	498596	238620	335244	30932	20856	79296	209244	415216	224272	415368	335748	299576	148340	
data	data	Precentral_L	Precentral_R	Frontal_Sup_L	Frontal_Sup_R	Frontal_Sup_Orb_L	Frontal_Sup_Orb_R	Frontal_Mid_L	Frontal_Mid_R	Frontal_Mid_Orb_L	Frontal_Mid_Orb_R	Frontal_Inf_Oper_L	Frontal_Inf_Oper_R	Frontal_Inf_Tri_L	Frontal_Inf_Tri_R	Frontal_Inf_Orb_L	Frontal_Inf_Orb_R	Rolandic_Oper_L	Rolandic_Oper_R	Supp_Motor_Area_L	Supp_Motor_Area_R	Olfactory_L	Olfactory_R	Frontal_Sup_Medial_L	Frontal_Sup_Medial_R	Frontal_Med_Orb_L	Frontal_Med_Orb_R	Rectus_L	Rectus_R	Insula_L	Insula_R	Cingulum_Ant_L	Cingulum_Ant_R	Cingulum_Mid_L	Cingulum_Mid_R	Cingulum_Post_L	Cingulum_Post_R	Hippocampus_L	Hippocampus_R	ParaHippocampal_L	ParaHippocampal_R	Amygdala_L	Amygdala_R	Calcarine_L	Calcarine_R	Cuneus_L	Cuneus_R	Lingual_L	Lingual_R	Occipital_Sup_L	Occipital_Sup_R	Occipital_Mid_L	Occipital_Mid_R	Occipital_Inf_L	Occipital_Inf_R	Fusiform_L	Fusiform_R	Postcentral_L	Postcentral_R	Parietal_Sup_L	Parietal_Sup_R	Parietal_Inf_L	Parietal_Inf_R	SupraMarginal_L	SupraMarginal_R	Angular_L	Angular_R	Precuneus_L	Precuneus_R	Paracentral_Lobule_L	Paracentral_Lobule_R	Caudate_L	Caudate_R	Putamen_L	Putamen_R	Pallidum_L	Pallidum_R	Thalamus_L	Thalamus_R	Heschl_L	Heschl_R	Temporal_Sup_L	Temporal_Sup_R	Temporal_Pole_Sup_L	Temporal_Pole_Sup_R	Temporal_Mid_L	Temporal_Mid_R	Temporal_Pole_Mid_L	Temporal_Pole_Mid_R	Temporal_Inf_L	Temporal_Inf_R	Cerebelum_Crus1_L	Cerebelum_Crus1_R	Cerebelum_Crus2_L	Cerebelum_Crus2_R	Cerebelum_3_L	Cerebelum_3_R	Cerebelum_4_5_L	Cerebelum_4_5_R	Cerebelum_6_L	Cerebelum_6_R	Cerebelum_7b_L	Cerebelum_7b_R	Cerebelum_8_L	Cerebelum_8_R	Cerebelum_9_L	Cerebelum_9_R	Cerebelum_10_L	Cerebelum_10_R	Vermis_1_2	Vermis_3	Vermis_4_5	Vermis_6	Vermis_7	Vermis_8	Vermis_9	Vermis_10	
755540	Precentral_L	0	14662	32086	8322	0	414	25838	1034	0	0	12576	540	1686	320	0	88	10878	566	14244	14940	0	0	374	494	0	108	0	0	20684	1076	394	958	2546	8240	9166	6798	10572	2648	3080	690	126	0	852	0	1208	0	1294	0	116	0	7936	0	2428	0	5340	708	35368	2140	0	0	5926	0	3370	0	2676	0	1740	318	21790	5476	3308	2536	3710	3374	1266	0	18476	7322	10288	0	4502	90	106	170	10790	82	0	0	6046	870	0	0	0	0	0	0	0	0	0	0	0	0	0	0	0	0	0	0	0	0	0	0	0	0	0	0	
604284	Precentral_R	14662	0	7154	15050	728	0	9104	7470	174	0	1400	7570	146	690	236	0	1558	4476	1776	5874	0	80	0	82	0	0	0	0	3082	7956	340	376	198	930	3512	6016	3762	12736	2102	6374	0	138	0	4924	0	2842	1018	3612	0	1368	0	1934	0	5748	296	10246	562	30616	0	902	0	2552	0	2968	0	1982	186	13734	6008	11338	1394	6680	2298	6494	392	80	2888	22548	428	710	838	3012	326	0	0	11642	0	0	180	13168	0	386	0	0	0	0	90	0	0	0	0	0	0	0	0	0	0	0	0	0	0	0	0	0	0	0	
899308	Frontal_Sup_L	32086	7154	0	12542	7474	432	66352	1524	2808	0	15430	664	16192	456	5052	100	13210	566	75888	19258	0	0	36932	3144	288	108	0	0	36172	1022	17734	3282	3718	5662	724	0	2454	448	452	276	0	0	0	0	88	0	200	0	0	0	598	0	84	0	1478	286	2220	270	0	0	200	0	0	0	152	0	132	0	4334	0	9318	2384	10572	2862	2724	0	4962	882	1770	0	8474	0	2248	156	890	0	0	0	2552	214	0	0	0	0	0	0	0	0	0	0	0	0	0	0	0	0	0	0	0	0	0	0	0	0	0	0	
770744	Frontal_Sup_R	8322	15050	12542	0	734	9802	5902	36678	0	1944	1340	10992	498	13174	84	7126	698	7676	21418	55464	0	0	13884	30470	0	1980	0	80	4362	14256	4144	26866	2154	19264	0	0	274	3468	0	2254	0	0	0	0	0	0	0	0	0	0	0	0	0	110	128	2222	270	806	0	0	0	0	0	0	0	86	0	0	2736	0	6008	11922	2944	14038	76	794	284	4034	108	284	310	1136	110	2474	0	134	0	0	128	1218	0	0	0	0	0	0	0	112	0	0	0	0	0	0	0	0	0	0	0	0	0	0	0	0	0	0	
147032	Frontal_Sup_Orb_L	0	728	7474	734	0	0	1600	274	13310	0	0	0	1832	0	14612	0	0	0	2778	424	774	0	2540	88	1026	0	2632	0	7922	0	2466	268	0	84	0	0	0	0	0	0	82	0	0	0	0	0	0	0	0	0	0	0	0	0	0	0	0	0	0	0	0	0	0	0	0	0	0	0	0	0	396	0	11270	0	0	0	0	0	0	0	0	0	202	0	0	0	0	0	0	0	0	0	0	0	0	0	0	0	0	0	0	0	0	0	0	0	0	0	0	0	0	0	0	0	0	0	
150460	Frontal_Sup_Orb_R	414	0	432	9802	0	0	244	3214	0	2372	0	230	0	808	0	4474	0	0	2064	2604	0	1174	1254	5244	124	7460	0	5814	148	2064	100	4120	0	1384	0	0	0	0	0	0	0	0	0	0	0	0	0	0	0	0	0	0	0	0	0	0	0	0	0	0	0	0	0	0	0	0	0	0	0	0	354	8982	76	10274	0	0	0	0	0	0	0	0	0	0	0	0	0	0	0	0	0	0	0	0	0	0	0	0	0	0	0	0	0	0	0	0	0	0	0	0	0	0	0	0	0	0	
539896	Frontal_Mid_L	25838	9104	66352	5902	1600	244	0	1276	1486	0	14534	634	25792	164	2418	0	5016	582	11574	3624	0	0	13214	850	0	0	0	0	20670	946	3778	842	952	568	0	106	2926	1124	444	462	132	0	0	0	0	0	224	0	0	0	788	0	422	0	1546	570	2678	492	0	0	988	0	1506	0	864	0	0	0	1008	0	3866	2916	2302	2380	1342	110	7794	2522	3490	0	2968	102	216	348	2410	106	0	0	2078	758	0	0	0	0	0	0	0	0	0	0	0	0	0	0	0	0	0	0	0	0	0	0	0	0	0	0	
281928	Frontal_Mid_R	1034	7470	1524	36678	274	3214	1276	0	0	1836	390	10848	0	18304	0	6646	164	3106	2426	8164	0	0	2154	5470	0	246	0	0	850	7148	288	3160	156	6260	0	0	0	286	0	128	0	0	0	0	0	0	0	0	0	0	0	0	0	0	0	220	88	1044	0	0	0	98	0	350	0	146	0	0	0	0	620	1168	632	3252	0	88	0	238	0	86	0	824	0	2096	0	256	0	0	0	258	0	0	0	0	0	0	0	0	0	0	0	0	0	0	0	0	0	0	0	0	0	0	0	0	0	0	
84024	Frontal_Mid_Orb_L	0	174	2808	0	13310	0	1486	0	0	0	0	0	1318	0	11644	0	0	0	1078	0	188	0	0	0	0	0	446	0	4010	0	0	0	0	0	0	0	0	0	0	0	0	0	0	0	0	0	0	0	0	0	0	0	0	0	0	0	0	0	0	0	0	0	0	0	0	0	0	0	0	0	0	0	5446	0	0	0	0	0	0	0	0	0	104	0	0	0	0	0	0	0	0	0	0	0	0	0	0	0	0	0	0	0	0	0	0	0	0	0	0	0	0	0	0	0	0	0	
21360	Frontal_Mid_Orb_R	0	0	0	1944	0	2372	0	1836	0	0	0	0	0	226	0	2782	0	0	90	180	0	144	0	0	0	0	0	124	0	682	0	0	0	178	0	0	0	0	0	0	0	0	0	0	0	0	0	0	0	0	0	0	0	0	0	0	0	0	0	0	0	0	0	0	0	0	0	0	0	0	0	0	0	122	0	0	0	0	0	0	0	0	0	0	0	0	0	0	0	0	0	0	0	0	0	0	0	0	0	0	0	0	0	0	0	0	0	0	0	0	0	0	0	0	0	0	
332396	Frontal_Inf_Oper_L	12576	1400	15430	1340	0	0	14534	390	0	0	0	128	14888	98	114	0	17556	0	11286	1440	0	0	392	0	0	0	0	0	30160	0	3394	660	0	128	0	0	1008	0	114	0	0	0	0	0	0	0	86	0	0	0	558	0	356	0	514	0	5854	0	0	0	508	0	1092	0	524	0	0	0	0	0	2398	372	1440	114	274	0	1202	102	4138	0	11294	0	5122	0	2174	0	0	0	1040	0	0	0	0	0	0	0	0	0	0	0	0	0	0	0	0	0	0	0	0	0	0	0	0	0	0	0	
199652	Frontal_Inf_Oper_R	540	7570	664	10992	0	230	634	10848	0	0	128	0	0	7922	0	400	0	12912	524	5128	0	0	140	426	0	78	0	0	218	19384	76	334	0	344	0	0	0	1038	0	470	0	0	0	0	0	0	0	0	0	0	0	0	0	0	0	716	0	4472	0	0	0	0	0	94	0	0	0	0	0	0	286	712	92	3724	0	300	0	120	0	342	0	1910	0	5586	0	0	0	0	0	472	0	0	0	0	0	0	0	0	0	0	0	0	0	0	0	0	0	0	0	0	0	0	0	0	0	0	
203248	Frontal_Inf_Tri_L	1686	146	16192	498	1832	0	25792	0	1318	0	14888	0	0	0	4056	0	1376	0	5956	378	0	0	1028	0	0	0	0	0	16350	0	2306	438	0	0	0	0	128	0	0	0	0	0	0	0	0	0	0	0	0	0	84	0	0	0	0	0	462	0	0	0	0	0	536	0	0	0	0	0	0	0	768	90	1348	0	0	0	174	0	524	0	978	0	1722	0	422	0	0	0	148	0	0	0	0	0	0	0	0	0	0	0	0	0	0	0	0	0	0	0	0	0	0	0	0	0	0	0	
139812	Frontal_Inf_Tri_R	320	690	456	13174	0	808	164	18304	0	226	98	7922	0	0	0	4350	0	78	1058	5038	0	0	172	920	0	186	0	0	140	7820	0	1272	0	2706	0	0	0	554	0	250	0	0	0	0	0	0	0	0	0	0	0	0	0	0	0	266	0	222	0	0	0	0	0	0	0	0	0	0	0	0	170	382	0	1774	0	144	0	78	0	0	0	0	0	0	0	0	0	0	0	164	0	0	0	0	0	0	0	0	0	0	0	0	0	0	0	0	0	0	0	0	0	0	0	0	0	0	
119824	Frontal_Inf_Orb_L	0	236	5052	84	14612	0	2418	0	11644	0	114	0	4056	0	0	0	0	0	1470	0	1556	0	0	0	0	0	106	0	9136	0	0	0	0	0	0	0	324	0	146	0	270	0	0	0	0	0	0	0	0	0	0	0	0	0	134	0	0	0	0	0	0	0	0	0	0	0	0	0	0	0	0	0	7572	0	0	0	0	0	0	0	0	0	982	0	0	0	0	0	0	0	0	0	0	0	0	0	0	0	0	0	0	0	0	0	0	0	0	0	0	0	0	0	0	0	0	0	
101440	Frontal_Inf_Orb_R	88	0	100	7126	0	4474	0	6646	0	2782	0	400	0	4350	0	0	0	0	1242	1858	0	1400	822	442	0	0	0	1186	0	7588	0	384	0	2160	0	0	0	152	0	116	0	326	0	0	0	0	0	0	0	0	0	0	0	0	0	0	0	0	0	0	0	0	0	0	0	0	0	0	0	0	0	1746	0	4902	0	0	0	0	0	0	0	0	0	430	0	0	0	0	0	0	0	0	0	0	0	0	0	0	0	0	0	0	0	0	0	0	0	0	0	0	0	0	0	0	0	0	
288396	Rolandic_Oper_L	10878	1558	13210	698	0	0	5016	164	0	0	17556	0	1376	0	0	0	0	0	8730	998	0	0	0	0	0	0	0	0	27568	116	290	0	0	122	0	0	164	246	0	220	0	0	0	0	0	0	0	0	0	0	682	0	620	0	930	230	12442	0	0	0	340	0	1720	0	170	0	0	0	0	0	1048	282	624	196	228	0	184	246	6800	0	18822	0	2868	0	4446	0	0	0	2306	104	0	0	0	0	0	0	0	0	0	0	0	0	0	0	0	0	0	0	0	0	0	0	0	0	0	0	
198596	Rolandic_Oper_R	566	4476	566	7676	0	0	582	3106	0	0	0	12912	0	78	0	0	0	0	270	4598	0	0	0	86	0	0	0	0	126	20604	276	310	0	80	0	0	0	3904	0	3442	0	0	0	266	0	202	0	176	0	0	0	0	0	408	0	3492	0	4618	0	0	0	132	0	2138	0	502	0	980	0	132	444	872	240	3942	0	480	0	92	0	1776	0	5034	0	6230	0	1038	0	0	0	2160	0	286	0	0	0	0	0	0	0	0	0	0	0	0	0	0	0	0	0	0	0	0	0	0	0	0	
659312	Supp_Motor_Area_L	14244	1776	75888	21418	2778	2064	11574	2426	1078	90	11286	524	5956	1058	1470	1242	8730	270	0	42874	0	0	9996	8022	0	328	0	0	21818	726	9040	9202	8200	17570	976	0	840	418	78	344	0	0	190	0	132	0	0	0	0	0	0	0	0	0	406	272	1236	0	0	0	0	0	0	0	0	0	180	0	6400	90	5726	1936	4986	2222	958	0	806	0	1296	0	5766	0	1914	0	112	0	0	0	724	0	0	0	0	0	0	0	0	0	0	0	0	0	0	0	0	0	0	0	0	0	0	0	0	0	0	0	
650740	Supp_Motor_Area_R	14940	5874	19258	55464	424	2604	3624	8164	0	180	1440	5128	378	5038	0	1858	998	4598	42874	0	0	0	5046	11312	0	480	0	0	4024	5942	4150	16184	6302	40614	890	2976	286	2734	0	2070	0	0	0	112	0	0	0	98	0	0	0	0	0	0	134	1516	104	340	0	0	0	0	0	0	0	0	0	940	12392	9918	5630	5970	2064	6224	0	190	188	692	84	116	542	522	128	980	0	0	0	0	132	390	0	0	0	0	0	0	0	110	0	0	0	0	0	0	0	0	0	0	0	0	0	0	0	0	0	0	
74080	Olfactory_L	0	0	0	0	774	0	0	0	188	0	0	0	0	0	1556	0	0	0	0	0	0	4660	0	0	218	0	570	82	2274	0	3160	2334	0	0	0	0	470	0	282	0	704	0	0	0	0	0	0	0	0	0	0	0	0	0	264	0	0	0	0	0	0	0	0	0	0	0	0	0	0	0	5920	4634	5020	2426	532	0	0	0	0	0	0	0	840	0	0	0	0	0	132	0	0	0	0	0	0	0	0	0	0	0	0	0	0	0	0	0	0	0	0	0	0	0	0	0	0	0	
97840	Olfactory_R	0	80	0	0	0	1174	0	0	0	144	0	0	0	0	0	1400	0	0	0	0	4660	0	0	0	0	978	134	2092	0	3468	2766	2922	0	0	0	0	0	482	0	374	0	2140	0	0	0	0	0	0	0	0	0	0	0	0	0	0	0	0	0	0	0	0	0	0	0	0	0	0	0	0	6376	7730	5696	3758	1796	184	0	294	0	0	0	0	0	272	0	0	0	0	0	0	0	0	0	0	0	0	0	0	0	0	0	0	0	0	0	0	0	0	0	0	0	0	0	0	0	0	
313288	Frontal_Sup_Medial_L	374	0	36932	13884	2540	1254	13214	2154	0	0	392	140	1028	172	0	822	0	0	9996	5046	0	0	0	20282	1164	536	0	0	1130	270	17826	11460	4808	8038	0	0	0	0	0	0	0	0	0	0	0	0	0	0	0	0	0	0	0	0	0	0	0	0	0	0	0	0	0	0	0	0	0	0	0	0	466	244	1124	1348	0	0	0	0	0	0	0	0	0	0	0	0	0	0	0	0	0	0	0	0	0	0	0	0	0	0	0	0	0	0	0	0	0	0	0	0	0	0	0	0	0	0	
274268	Frontal_Sup_Medial_R	494	82	3144	30470	88	5244	850	5470	0	0	0	426	0	920	0	442	0	86	8022	11312	0	0	20282	0	186	3632	0	276	184	664	2292	21082	800	9822	0	0	0	0	0	0	0	0	0	0	0	0	0	0	0	0	0	0	0	0	0	0	0	0	0	0	0	0	0	0	0	0	0	0	0	0	458	5496	344	4566	0	0	0	0	0	0	0	0	0	0	0	0	0	0	0	0	0	0	0	0	0	0	0	0	0	0	0	0	0	0	0	0	0	0	0	0	0	0	0	0	0	0	
22396	Frontal_Med_Orb_L	0	0	288	0	1026	124	0	0	0	0	0	0	0	0	0	0	0	0	0	0	218	0	1164	186	0	984	1056	0	0	0	3390	196	0	0	0	0	0	0	0	0	0	0	0	0	0	0	0	0	0	0	0	0	0	0	0	0	0	0	0	0	0	0	0	0	0	0	0	0	0	0	438	0	2128	0	0	0	0	0	0	0	0	0	0	0	0	0	0	0	0	0	0	0	0	0	0	0	0	0	0	0	0	0	0	0	0	0	0	0	0	0	0	0	0	0	0	0	
77108	Frontal_Med_Orb_R	108	0	108	1980	0	7460	0	246	0	0	0	78	0	186	0	0	0	0	328	480	0	978	536	3632	984	0	0	4340	0	372	730	3922	0	184	0	0	0	0	0	0	0	0	0	0	0	0	0	0	0	0	0	0	0	0	0	0	0	0	0	0	0	0	0	0	0	0	0	0	0	0	0	6430	192	5280	0	0	0	0	0	0	0	0	0	0	0	0	0	0	0	0	0	0	0	0	0	0	0	0	0	0	0	0	0	0	0	0	0	0	0	0	0	0	0	0	0	0	
16316	Rectus_L	0	0	0	0	2632	0	0	0	446	0	0	0	0	0	106	0	0	0	0	0	570	134	0	0	1056	0	0	0	0	0	1032	0	0	0	0	0	0	0	0	0	0	0	0	0	0	0	0	0	0	0	0	0	0	0	0	0	0	0	0	0	0	0	0	0	0	0	0	0	0	0	632	136	1334	80	0	0	0	0	0	0	0	0	0	0	0	0	0	0	0	0	0	0	0	0	0	0	0	0	0	0	0	0	0	0	0	0	0	0	0	0	0	0	0	0	0	0	
46284	Rectus_R	0	0	0	80	0	5814	0	0	0	124	0	0	0	0	0	1186	0	0	0	0	82	2092	0	276	0	4340	0	0	0	984	130	1300	0	0	0	0	0	0	0	0	0	0	0	0	0	0	0	0	0	0	0	0	0	0	0	0	0	0	0	0	0	0	0	0	0	0	0	0	0	0	80	3516	78	3060	0	0	0	0	0	0	0	0	0	0	0	0	0	0	0	0	0	0	0	0	0	0	0	0	0	0	0	0	0	0	0	0	0	0	0	0	0	0	0	0	0	0	
801584	Insula_L	20684	3082	36172	4362	7922	148	20670	850	4010	0	30160	218	16350	140	9136	0	27568	126	21818	4024	2274	0	1130	184	0	0	0	0	0	196	3904	898	0	732	176	190	20288	376	1756	208	3068	0	104	0	0	0	536	0	0	0	1680	0	1312	0	15276	182	11032	0	0	0	1802	0	1662	0	1326	0	0	0	76	0	10728	716	17870	606	386	0	6388	722	16432	0	22436	0	9642	0	13198	0	86	0	23280	0	494	0	0	0	0	0	0	0	0	0	0	0	0	0	0	0	0	0	0	0	0	0	0	0	0	0	
396724	Insula_R	1076	7956	1022	14256	0	2064	946	7148	0	682	0	19384	0	7820	0	7588	116	20604	726	5942	0	3468	270	664	0	372	0	984	196	0	142	920	0	756	0	108	0	12708	0	8414	0	3560	0	340	0	210	0	342	0	0	0	102	0	458	0	9860	0	4440	0	0	0	138	0	1008	0	450	0	998	0	164	268	2576	160	20162	0	344	0	534	0	2032	82	7964	0	6528	0	2532	0	0	0	6198	0	440	0	0	0	0	0	140	0	0	0	0	0	0	0	0	0	0	0	0	0	0	0	0	0	0	
292448	Cingulum_Ant_L	394	340	17734	4144	2466	100	3778	288	0	0	3394	76	2306	0	0	0	290	276	9040	4150	3160	2766	17826	2292	3390	730	1032	130	3904	142	0	14208	8110	3822	84	0	0	102	0	0	0	0	0	0	0	0	0	0	0	0	0	0	0	0	0	0	92	0	0	0	0	0	0	0	0	0	0	0	0	0	10246	7236	13894	4002	108	0	0	0	0	0	172	0	0	0	0	0	0	0	0	0	0	0	0	0	0	0	0	0	0	0	0	0	0	0	0	0	0	0	0	0	0	0	0	0	0	0	
383304	Cingulum_Ant_R	958	376	3282	26866	268	4120	842	3160	0	0	660	334	438	1272	0	384	0	310	9202	16184	2334	2922	11460	21082	196	3922	0	1300	898	920	14208	0	4286	21160	0	0	0	76	0	0	0	0	0	0	0	0	0	0	0	0	0	0	0	0	0	0	0	84	0	0	0	0	0	0	0	0	0	0	0	0	4730	17866	5726	9742	84	0	0	0	0	0	0	0	0	0	0	0	0	0	0	0	0	0	0	0	0	0	0	0	0	0	0	0	0	0	0	0	0	0	0	0	0	0	0	0	0	0	
150984	Cingulum_Mid_L	2546	198	3718	2154	0	0	952	156	0	0	0	0	0	0	0	0	0	0	8200	6302	0	0	4808	800	0	0	0	0	0	0	8110	4286	0	13798	2438	676	0	0	0	0	0	0	1104	82	2114	90	88	0	150	0	318	0	0	0	0	0	0	0	254	0	0	0	0	0	0	0	3498	1108	6754	658	132	0	0	0	0	0	0	0	0	0	0	0	0	0	0	0	0	0	0	0	0	0	0	0	0	0	0	0	0	0	0	0	0	0	0	0	0	0	0	0	0	0	0	0	0	0	
423476	Cingulum_Mid_R	8240	930	5662	19264	84	1384	568	6260	0	178	128	344	0	2706	0	2160	122	80	17570	40614	0	0	8038	9822	0	184	0	0	732	756	3822	21160	13798	0	1378	7354	0	0	0	0	0	0	0	1578	0	430	0	1114	0	0	0	0	0	152	0	592	0	1906	0	0	0	0	0	0	0	0	956	7988	9628	11152	442	446	0	1804	0	0	0	0	0	0	0	0	0	0	0	124	0	0	0	88	0	0	0	0	0	0	0	0	0	0	0	0	0	0	0	0	0	0	0	0	0	0	0	0	0	0	
159404	Cingulum_Post_L	9166	3512	724	0	0	0	0	0	0	0	0	0	0	0	0	0	0	0	976	890	0	0	0	0	0	0	0	0	176	0	84	0	2438	1378	0	10772	5750	3572	3372	820	0	0	2428	158	1586	82	2876	260	382	0	608	0	0	0	1486	430	606	1122	0	0	0	0	0	0	0	0	6624	1968	6606	1860	0	0	0	78	0	0	946	3980	278	0	0	0	0	0	486	0	0	0	730	406	0	0	0	0	0	0	0	0	0	0	0	0	0	0	0	0	0	0	0	0	86	0	0	0	0	0	
230696	Cingulum_Post_R	6798	6016	0	0	0	0	106	0	0	0	0	0	0	0	0	0	0	0	0	2976	0	0	0	0	0	0	0	0	190	108	0	0	676	7354	10772	0	4242	8768	2132	3556	0	0	100	2596	172	328	1252	5384	0	0	0	108	0	680	390	3990	0	4312	0	0	0	0	0	0	0	0	1516	14106	4658	8312	0	192	0	130	0	0	2646	6706	312	0	0	0	0	0	0	142	0	0	158	1898	0	0	0	0	0	0	0	318	0	0	0	0	0	0	0	0	0	0	0	0	1248	0	0	0	0	0	
433436	Hippocampus_L	10572	3762	2454	274	0	0	2926	0	0	0	1008	0	128	0	324	0	164	0	840	286	470	0	0	0	0	0	0	0	20288	0	0	0	0	0	5750	4242	0	3940	23632	988	8738	156	2408	0	0	0	11268	228	0	0	194	0	130	0	32566	414	314	0	0	0	0	0	0	0	0	0	4678	780	88	0	3304	0	8480	142	522	0	14848	5524	2312	0	4070	0	2072	0	4784	0	280	0	24242	0	926	0	176	0	78	0	294	0	284	0	106	0	174	0	0	0	0	0	0	90	0	0	0	0	0	0	
492040	Hippocampus_R	2648	12736	448	3468	0	0	1124	286	0	0	0	1038	0	554	0	152	246	3904	418	2734	0	482	0	0	0	0	0	0	376	12708	102	76	0	0	3572	8768	3940	0	2052	49124	0	8806	0	2260	0	188	1208	10210	0	0	0	0	0	576	414	41610	170	1682	0	0	0	90	0	724	0	0	350	9048	0	430	334	792	130	18834	0	658	1464	9334	320	290	0	1764	0	1596	0	1410	0	144	176	13726	0	1172	0	298	0	0	0	3064	0	532	0	0	0	338	0	0	0	0	0	0	922	0	0	0	0	0	
200120	ParaHippocampal_L	3080	2102	452	0	0	0	444	0	0	0	114	0	0	0	146	0	0	0	78	0	282	0	0	0	0	0	0	0	1756	0	0	0	0	0	3372	2132	23632	2052	0	670	2134	84	1472	0	0	0	11004	218	0	0	0	0	132	0	15494	294	0	0	0	0	0	0	0	0	0	0	2866	484	0	0	346	0	2200	76	0	0	7130	3126	150	0	372	0	722	0	246	0	408	0	5210	0	1196	0	514	0	518	0	1328	0	822	0	356	0	514	0	0	0	0	0	0	332	0	0	0	0	0	0	
387980	ParaHippocampal_R	690	6374	276	2254	0	0	462	128	0	0	0	470	0	250	0	116	220	3442	344	2070	0	374	0	0	0	0	0	0	208	8414	0	0	0	0	820	3556	988	49124	670	0	0	8946	0	1898	0	190	452	9898	0	0	0	0	0	782	170	38094	162	1286	0	0	0	84	0	652	0	0	188	6218	0	388	228	514	116	11080	0	636	210	4398	84	256	0	668	0	4038	0	574	0	1408	0	7546	84	1616	220	972	0	308	0	5268	0	1166	0	0	0	1178	0	0	0	0	0	0	432	88	244	0	0	0	
47000	Amygdala_L	126	0	0	0	82	0	132	0	0	0	0	0	0	0	270	0	0	0	0	0	704	0	0	0	0	0	0	0	3068	0	0	0	0	0	0	0	8738	0	2134	0	0	0	0	0	0	0	0	0	0	0	0	0	0	0	3788	0	0	0	0	0	0	0	0	0	0	0	0	0	0	0	330	0	554	0	0	0	522	100	0	0	0	0	1114	0	0	0	0	0	1838	0	0	0	0	0	0	0	0	0	0	0	0	0	0	0	0	0	0	0	0	0	0	0	0	0	0	0	
70016	Amygdala_R	0	138	0	0	0	0	0	0	0	0	0	0	0	0	0	326	0	0	0	0	0	2140	0	0	0	0	0	0	0	3560	0	0	0	0	0	0	156	8806	84	8946	0	0	0	0	0	0	0	0	0	0	0	0	0	0	0	5366	0	0	0	0	0	0	0	0	0	0	0	0	0	0	0	144	90	1288	0	0	0	360	0	0	0	0	0	3196	0	0	0	294	0	114	0	0	0	0	0	0	0	0	0	0	0	0	0	0	0	0	0	0	0	0	0	0	0	0	0	0	
280344	Calcarine_L	852	0	0	0	0	0	0	0	0	0	0	0	0	0	0	0	0	0	190	0	0	0	0	0	0	0	0	0	104	0	0	0	1104	0	2428	100	2408	0	1472	0	0	0	0	12276	15742	7100	15830	4352	11604	2162	24158	784	3262	76	4158	544	192	0	364	0	0	0	0	0	128	0	16158	2394	2250	0	0	0	0	0	0	0	126	0	0	0	0	0	0	0	5756	0	0	0	1474	0	0	0	0	0	0	0	124	0	296	0	0	0	0	0	0	0	0	0	0	0	204	0	0	0	0	0	
424132	Calcarine_R	0	4924	0	0	0	0	0	0	0	0	0	0	0	0	0	0	0	266	0	112	0	0	0	0	0	0	0	0	0	340	0	0	82	1578	158	2596	0	2260	0	1898	0	0	12276	0	4574	28460	2818	30998	616	16950	682	13750	0	10460	0	20080	0	3826	232	292	0	224	0	0	0	154	6478	30380	226	2556	0	0	0	0	0	0	0	0	0	0	0	128	0	0	0	5910	0	0	0	5382	0	122	0	0	0	0	0	108	0	0	0	0	0	0	0	0	0	0	0	0	170	0	0	0	0	0	
223768	Cuneus_L	1208	0	88	0	0	0	0	0	0	0	0	0	0	0	0	0	0	0	132	0	0	0	0	0	0	0	0	0	0	0	0	0	2114	0	1586	172	0	0	0	0	0	0	15742	4574	0	6076	1032	180	24422	2254	17756	828	310	0	170	104	0	0	3648	0	0	0	0	0	0	0	22984	2552	2802	0	0	0	0	0	0	0	0	0	0	0	0	0	0	0	1150	0	0	0	0	0	0	0	0	0	0	0	0	0	0	0	0	0	0	0	0	0	0	0	0	0	0	0	0	0	0	0	
344104	Cuneus_R	0	2842	0	0	0	0	0	0	0	0	0	0	0	0	0	0	0	202	0	0	0	0	0	0	0	0	0	0	0	210	0	0	90	430	82	328	0	188	0	190	0	0	7100	28460	6076	0	596	8618	702	33048	532	14232	0	2346	0	4480	0	1534	504	5208	0	462	0	0	0	884	12956	31800	0	958	0	0	0	0	0	0	0	0	0	0	0	148	0	0	0	5796	0	0	0	1050	0	0	0	0	0	0	0	0	0	0	0	0	0	0	0	0	0	0	0	0	0	0	0	0	0	0	
420364	Lingual_L	1294	1018	200	0	0	0	224	0	0	0	86	0	0	0	0	0	0	0	0	0	0	0	0	0	0	0	0	0	536	0	0	0	88	0	2876	1252	11268	1208	11004	452	0	0	15830	2818	1032	596	0	6814	1902	288	11618	82	5980	262	24682	1980	212	0	0	0	0	0	0	0	0	0	7982	778	312	0	0	0	536	0	0	0	4486	1708	0	0	122	0	0	0	608	0	0	0	1506	0	12472	4192	1844	1476	0	660	17520	2816	19386	6172	558	138	844	812	144	378	0	0	0	522	7968	5414	2084	452	450	240	
464712	Lingual_R	0	3612	0	0	0	0	0	0	0	0	0	0	0	0	0	0	0	176	0	98	0	0	0	0	0	0	0	0	0	342	0	0	0	1114	260	5384	228	10210	218	9898	0	0	4352	30998	180	8618	6814	0	0	5098	168	2400	0	8574	1718	34086	0	1882	0	0	0	0	0	0	0	0	942	23564	84	1492	0	0	0	232	0	0	0	2114	0	0	0	96	0	0	0	588	0	0	0	3392	3510	8374	714	1080	84	386	4788	7956	6134	11176	0	0	0	434	0	156	0	0	0	236	7756	7502	2840	152	146	0	
221116	Occipital_Sup_L	116	0	0	0	0	0	0	0	0	0	0	0	0	0	0	0	0	0	0	0	0	0	0	0	0	0	0	0	0	0	0	0	150	0	382	0	0	0	0	0	0	0	11604	616	24422	702	1902	0	0	596	34032	78	1038	0	228	0	0	0	10150	0	2064	0	0	0	1556	0	18132	788	230	0	0	0	0	0	0	0	0	0	0	0	0	0	0	0	1772	0	0	0	0	0	0	0	0	0	0	0	0	0	0	0	0	0	0	0	0	0	0	0	0	0	0	0	0	0	0	0	
310568	Occipital_Sup_R	0	1368	0	0	0	0	0	0	0	0	0	0	0	0	0	0	0	0	0	0	0	0	0	0	0	0	0	0	0	0	0	0	0	0	0	0	0	0	0	0	0	0	2162	16950	2254	33048	288	5098	596	0	480	28644	0	3496	0	2536	0	960	440	11730	0	1954	0	0	0	6480	8226	18556	0	788	0	0	0	0	0	0	0	0	0	0	0	0	0	0	0	6758	0	0	0	2472	0	0	0	0	0	0	0	0	0	0	0	0	0	0	0	0	0	0	0	0	0	0	0	0	0	0	
525376	Occipital_Mid_L	7936	0	598	0	0	0	788	0	0	0	558	0	84	0	0	0	682	0	0	0	0	0	0	0	0	0	0	0	1680	0	0	0	318	0	608	0	194	0	0	0	0	0	24158	682	17756	532	11618	168	34032	480	0	0	20040	0	13102	0	5676	0	19270	0	13098	0	972	0	15406	0	22386	586	3822	0	0	0	0	0	0	0	0	0	938	0	676	0	0	0	38336	0	0	0	4594	0	124	0	0	0	0	0	224	0	490	0	0	0	0	0	0	0	0	0	0	0	76	0	0	0	0	0	
284836	Occipital_Mid_R	0	1934	0	0	0	0	0	0	0	0	0	0	0	0	0	0	0	0	0	0	0	0	0	0	0	0	0	0	0	102	0	0	0	0	0	108	0	0	0	0	0	0	784	13750	828	14232	82	2400	78	28644	0	0	0	6842	0	2950	0	1170	0	9120	0	3614	0	1254	0	16990	3756	9356	0	772	0	0	0	0	0	0	0	0	0	0	0	2500	0	0	0	18378	0	0	0	2774	0	0	0	0	0	0	0	0	0	0	0	0	0	0	0	0	0	0	0	0	0	0	0	0	0	0	
143036	Occipital_Inf_L	2428	0	84	0	0	0	422	0	0	0	356	0	0	0	0	0	620	0	0	0	0	0	0	0	0	0	0	0	1312	0	0	0	0	0	0	0	130	0	132	0	0	0	3262	0	310	0	5980	0	1038	0	20040	0	0	0	11596	0	1364	0	0	0	452	0	306	0	1000	0	808	0	206	0	0	0	0	0	0	0	0	0	812	0	428	0	0	0	9556	0	0	0	7688	0	284	0	0	0	0	0	176	0	638	0	0	0	0	0	0	0	0	0	0	0	0	90	0	0	0	0	
160172	Occipital_Inf_R	0	5748	0	110	0	0	0	0	0	0	0	0	0	0	0	0	0	408	0	0	0	0	0	0	0	0	0	0	0	458	0	0	0	152	0	680	0	576	0	782	0	0	76	10460	0	2346	262	8574	0	3496	0	6842	0	0	0	12678	0	2176	0	792	0	370	0	278	0	124	478	7504	0	1316	0	0	0	0	0	0	0	0	0	0	0	200	0	0	0	3434	0	0	0	7432	0	310	0	0	0	0	378	326	198	534	0	0	0	0	0	0	0	0	0	0	460	128	0	0	0	0	
629516	Fusiform_L	5340	296	1478	128	0	0	1546	0	0	0	514	0	0	0	134	0	930	0	406	134	264	0	0	0	0	0	0	0	15276	0	0	0	0	0	1486	390	32566	414	15494	170	3788	0	4158	0	170	0	24682	1718	228	0	13102	0	11596	0	0	642	2558	0	0	0	414	0	396	0	1820	0	2924	0	1336	0	2568	0	5106	0	114	0	3344	480	2570	0	4234	0	3420	0	10812	0	1346	0	35904	0	28278	992	8212	278	336	110	11564	294	29898	1860	3506	0	5598	226	406	192	86	0	0	310	2136	2430	994	264	240	152	
668508	Fusiform_R	708	10246	286	2222	0	0	570	220	0	0	0	716	0	266	0	0	230	3492	272	1516	0	0	0	0	0	0	0	0	182	9860	0	0	0	592	430	3990	414	41610	294	38094	0	5366	544	20080	104	4480	1980	34086	0	2536	0	2950	0	12678	642	0	160	3988	0	0	0	140	76	756	0	108	600	17538	242	2358	196	376	134	9758	0	424	0	2730	0	320	0	1618	0	4336	0	3012	0	962	0	22090	756	17614	342	1972	0	298	2080	10100	1646	18142	0	0	0	1890	0	78	0	0	0	0	3114	1916	728	0	0	0	
288992	Postcentral_L	35368	562	2220	270	0	0	2678	88	0	0	5854	0	462	0	0	0	12442	0	1236	104	0	0	0	0	0	0	0	0	11032	0	92	0	0	0	606	0	314	170	0	162	0	0	192	0	0	0	212	0	0	0	5676	0	1364	0	2558	160	0	0	2962	0	19070	0	10986	0	1782	0	616	0	3754	0	94	128	0	0	0	0	80	130	5102	0	4758	0	0	0	8402	0	0	0	2810	0	0	0	0	0	0	0	0	0	0	0	0	0	0	0	0	0	0	0	0	0	0	0	0	0	0	0	
272892	Postcentral_R	2140	30616	270	806	0	0	492	1044	0	0	0	4472	0	222	0	0	0	4618	0	340	0	0	0	0	0	0	0	0	0	4440	0	84	0	1906	1122	4312	0	1682	0	1286	0	0	0	3826	0	1534	0	1882	0	960	0	1170	0	2176	0	3988	0	0	0	2958	0	6382	0	14762	0	1888	122	7096	1756	13940	0	252	0	460	0	0	0	572	0	356	0	1708	0	0	0	3646	0	0	0	5056	0	104	0	0	0	0	0	0	0	0	0	0	0	0	0	0	0	0	0	0	0	0	0	0	0	0	
135656	Parietal_Sup_L	0	0	0	0	0	0	0	0	0	0	0	0	0	0	0	0	0	0	0	0	0	0	0	0	0	0	0	0	0	0	0	0	254	0	0	0	0	0	0	0	0	0	364	232	3648	504	0	0	10150	440	19270	0	0	0	0	0	2962	0	0	0	12190	0	0	0	1840	0	12752	1150	306	0	0	0	0	0	0	0	0	0	0	0	0	0	0	0	1766	0	0	0	0	0	0	0	0	0	0	0	0	0	0	0	0	0	0	0	0	0	0	0	0	0	0	0	0	0	0	0	
131604	Parietal_Sup_R	0	902	0	0	0	0	0	0	0	0	0	0	0	0	0	0	0	0	0	0	0	0	0	0	0	0	0	0	0	0	0	0	0	0	0	0	0	0	0	0	0	0	0	292	0	5208	0	0	0	11730	0	9120	0	792	0	0	0	2958	0	0	0	7890	0	764	0	12616	618	6496	0	368	0	0	0	0	0	0	0	0	0	0	0	372	0	0	0	4222	0	0	0	1454	0	0	0	0	0	0	0	0	0	0	0	0	0	0	0	0	0	0	0	0	0	0	0	0	0	0	
194852	Parietal_Inf_L	5926	0	200	0	0	0	988	0	0	0	508	0	0	0	0	0	340	0	0	0	0	0	0	0	0	0	0	0	1802	0	0	0	0	0	0	0	0	0	0	0	0	0	0	0	0	0	0	0	2064	0	13098	0	452	0	414	0	19070	0	12190	0	0	0	14484	0	12200	0	454	0	680	0	0	0	0	0	0	0	0	0	1576	0	1948	0	0	0	8424	0	0	0	608	0	0	0	0	0	0	0	0	0	0	0	0	0	0	0	0	0	0	0	0	0	0	0	0	0	0	0	
106584	Parietal_Inf_R	0	2552	0	0	0	0	0	98	0	0	0	0	0	0	0	0	0	132	0	0	0	0	0	0	0	0	0	0	0	138	0	0	0	0	0	0	0	90	0	84	0	0	0	224	0	462	0	0	0	1954	0	3614	0	370	0	140	0	6382	0	7890	0	0	0	7606	0	12332	144	1174	0	324	0	0	0	0	0	0	0	0	0	0	0	1086	0	0	0	5286	0	0	0	1210	0	0	0	0	0	0	0	0	0	0	0	0	0	0	0	0	0	0	0	0	0	0	0	0	0	0	
132756	SupraMarginal_L	3370	0	0	0	0	0	1506	0	0	0	1092	0	536	0	0	0	1720	0	0	0	0	0	0	0	0	0	0	0	1662	0	0	0	0	0	0	0	0	0	0	0	0	0	0	0	0	0	0	0	0	0	972	0	306	0	396	76	10986	0	0	0	14484	0	0	0	6482	0	0	0	0	0	0	0	0	0	0	0	0	0	1636	0	8180	0	0	0	10552	0	0	0	2422	0	0	0	0	0	0	0	0	0	0	0	0	0	0	0	0	0	0	0	0	0	0	0	0	0	0	0	
116268	SupraMarginal_R	0	2968	0	0	0	0	0	350	0	0	0	94	0	0	0	0	0	2138	0	0	0	0	0	0	0	0	0	0	0	1008	0	0	0	0	0	0	0	724	0	652	0	0	0	0	0	0	0	0	0	0	0	1254	0	278	0	756	0	14762	0	764	0	7606	0	0	0	8302	0	480	0	0	0	0	0	0	0	0	0	0	0	298	0	7366	0	0	0	5878	0	0	0	2456	0	0	0	0	0	0	0	0	0	0	0	0	0	0	0	0	0	0	0	0	0	0	0	0	0	0	
133948	Angular_L	2676	0	152	0	0	0	864	0	0	0	524	0	0	0	0	0	170	0	0	0	0	0	0	0	0	0	0	0	1326	0	0	0	0	0	0	0	0	0	0	0	0	0	128	0	0	0	0	0	1556	0	15406	0	1000	0	1820	0	1782	0	1840	0	12200	0	6482	0	0	0	328	0	170	0	0	0	0	0	0	0	0	0	1384	0	2118	0	0	0	12818	0	0	0	2230	0	0	0	0	0	0	0	0	0	0	0	0	0	0	0	0	0	0	0	0	0	0	0	0	0	0	0	
169880	Angular_R	0	1982	0	86	0	0	0	146	0	0	0	0	0	0	0	0	0	502	0	0	0	0	0	0	0	0	0	0	0	450	0	0	0	0	0	0	0	0	0	0	0	0	0	154	0	884	0	0	0	6480	0	16990	0	124	0	108	0	1888	0	12616	0	12332	0	8302	0	0	282	886	0	236	0	0	0	0	0	0	0	96	0	0	0	7284	0	0	0	12128	0	0	0	984	0	0	0	0	0	0	0	0	0	0	0	0	0	0	0	0	0	0	0	0	0	0	0	0	0	0	
392712	Precuneus_L	1740	186	132	0	0	0	0	0	0	0	0	0	0	0	0	0	0	0	180	0	0	0	0	0	0	0	0	0	0	0	0	0	3498	956	6624	1516	4678	350	2866	188	0	0	16158	6478	22984	12956	7982	942	18132	8226	22386	3756	808	478	2924	600	616	122	12752	618	454	144	0	0	328	282	0	19960	4224	402	0	0	0	0	0	0	1068	246	0	0	0	0	0	0	4406	1014	0	0	1376	236	0	0	0	0	0	0	0	0	148	0	0	0	0	0	0	0	0	0	0	0	236	0	0	0	0	0	
546944	Precuneus_R	318	13734	0	0	0	0	0	0	0	0	0	0	0	0	0	0	0	980	0	940	0	0	0	0	0	0	0	0	0	998	0	0	1108	7988	1968	14106	780	9048	484	6218	0	0	2394	30380	2552	31800	778	23564	788	18556	586	9356	0	7504	0	17538	0	7096	1150	6496	0	1174	0	480	0	886	19960	0	1022	7428	0	0	0	96	0	0	406	1404	0	0	0	582	0	0	0	9624	0	0	0	8798	0	268	0	0	0	0	0	534	0	0	0	0	0	0	0	0	0	0	0	0	1602	0	0	0	0	0	
234584	Paracentral_Lobule_L	21790	6008	4334	2736	0	0	1008	0	0	0	0	0	0	0	0	0	0	0	6400	12392	0	0	0	0	0	0	0	0	76	0	0	0	6754	9628	6606	4658	88	0	0	0	0	0	2250	226	2802	0	312	84	230	0	3822	0	206	0	1336	242	3754	1756	306	0	680	0	0	0	170	0	4224	1022	0	7620	456	134	0	0	0	0	0	104	0	0	0	0	0	0	2878	0	0	0	120	80	0	0	0	0	0	0	0	0	0	0	0	0	0	0	0	0	0	0	0	0	0	0	0	0	0	0	
189756	Paracentral_Lobule_R	5476	11338	0	0	0	0	0	0	0	0	0	0	0	0	0	0	0	132	90	9918	0	0	0	0	0	0	0	0	0	164	0	0	658	11152	1860	8312	0	430	0	388	0	0	0	2556	0	958	0	1492	0	788	0	772	0	1316	0	2358	0	13940	0	368	0	324	0	0	0	236	402	7428	7620	0	430	138	0	0	0	0	0	168	0	0	0	98	0	0	0	1706	0	0	0	1862	0	0	0	0	0	0	0	0	0	0	0	0	0	0	0	0	0	0	0	0	0	0	0	0	0	0	
340760	Caudate_L	3308	1394	9318	6008	396	354	3866	620	0	0	2398	286	768	170	0	0	1048	444	5726	5630	5920	6376	466	458	438	0	632	80	10728	268	10246	4730	132	442	0	0	3304	334	346	228	330	0	0	0	0	0	0	0	0	0	0	0	0	0	2568	196	94	0	0	0	0	0	0	0	0	0	0	0	456	430	0	18164	24268	5796	6052	638	14988	6024	170	0	510	0	160	0	98	0	0	0	2374	0	202	0	0	0	0	0	0	0	0	0	0	0	0	0	0	0	0	0	0	0	0	0	0	0	0	0	
376484	Caudate_R	2536	6680	2384	11922	0	8982	2916	1168	0	0	372	712	90	382	0	1746	282	872	1936	5970	4634	7730	244	5496	0	6430	136	3516	716	2576	7236	17866	0	446	0	192	0	792	0	514	0	144	0	0	0	0	0	0	0	0	0	0	0	0	0	376	128	252	0	0	0	0	0	0	0	0	0	0	134	138	18164	0	11696	22254	3158	2096	1982	19426	0	0	192	174	0	156	0	108	0	0	0	190	0	0	0	0	0	0	0	0	0	0	0	0	0	0	0	0	0	0	0	0	0	0	0	0	0	0	
376832	Putamen_L	3710	2298	10572	2944	11270	76	2302	632	5446	0	1440	92	1348	0	7572	0	624	240	4986	2064	5020	5696	1124	344	2128	192	1334	78	17870	160	13894	5726	0	0	0	0	8480	130	2200	116	554	90	0	0	0	0	536	0	0	0	0	0	0	0	5106	134	0	0	0	0	0	0	0	0	0	0	0	0	0	0	24268	11696	0	4852	7102	614	3190	372	146	0	1270	0	1696	0	590	0	0	0	3812	0	280	0	0	0	0	0	0	0	0	0	0	0	0	0	0	0	0	0	0	0	0	0	0	0	0	0	
431304	Putamen_R	3374	6494	2862	14038	0	10274	2380	3252	0	122	114	3724	0	1774	0	4902	196	3942	2222	6224	2426	3758	1348	4566	0	5280	80	3060	606	20162	4002	9742	0	1804	78	130	142	18834	76	11080	0	1288	0	0	0	0	0	232	0	0	0	0	0	0	0	9758	0	460	0	0	0	0	0	0	0	0	0	96	0	0	5796	22254	4852	0	928	3054	0	2950	0	0	0	1150	0	1328	0	1582	0	0	0	5994	0	98	0	76	0	0	0	520	0	82	0	0	0	86	0	0	0	0	0	0	0	0	0	0	0	0	
63420	Pallidum_L	1266	392	2724	76	0	0	1342	0	0	0	274	0	0	0	0	0	228	0	958	0	532	1796	0	0	0	0	0	0	386	0	108	84	0	0	0	0	522	0	0	0	0	0	0	0	0	0	0	0	0	0	0	0	0	0	114	0	0	0	0	0	0	0	0	0	0	0	0	0	0	0	6052	3158	7102	928	0	454	2074	802	0	0	182	0	0	0	0	0	0	0	156	0	0	0	0	0	0	0	0	0	0	0	0	0	0	0	0	0	0	0	0	0	0	0	0	0	0	0	
22908	Pallidum_R	0	80	0	794	0	0	110	88	0	0	0	300	0	144	0	0	0	480	0	190	0	184	0	0	0	0	0	0	0	344	0	0	0	0	0	0	0	658	0	636	0	0	0	0	0	0	0	0	0	0	0	0	0	0	0	424	0	0	0	0	0	0	0	0	0	0	0	0	0	0	638	2096	614	3054	454	0	0	166	0	0	0	0	0	0	0	0	0	0	0	0	0	0	0	0	0	0	0	0	0	0	0	0	0	0	0	0	0	0	0	0	0	0	0	0	0	0	
256152	Thalamus_L	18476	2888	4962	284	0	0	7794	0	0	0	1202	0	174	0	0	0	184	0	806	188	0	0	0	0	0	0	0	0	6388	0	0	0	0	0	946	2646	14848	1464	7130	210	522	0	126	0	0	0	4486	0	0	0	0	0	0	0	3344	0	80	0	0	0	0	0	0	0	0	0	1068	406	0	0	14988	1982	3190	0	2074	0	0	19658	912	0	1550	0	0	0	1866	0	0	0	1234	0	0	0	0	0	0	0	0	0	0	0	0	0	0	0	0	0	0	0	0	0	0	0	0	0	0	0	
270868	Thalamus_R	7322	22548	882	4034	0	0	2522	238	0	0	102	120	0	78	0	0	246	92	0	692	0	294	0	0	0	0	0	0	722	534	0	0	0	0	3980	6706	5524	9334	3126	4398	100	360	0	0	0	0	1708	2114	0	0	0	0	0	0	480	2730	130	572	0	0	0	0	0	0	0	96	246	1404	104	168	6024	19426	372	2950	802	166	19658	0	424	0	168	316	0	0	0	244	0	0	214	514	0	0	0	0	0	0	102	348	0	0	0	0	0	0	0	0	0	0	0	0	0	0	0	0	0	0	
169276	Heschl_L	10288	428	1770	108	0	0	3490	0	0	0	4138	0	524	0	0	0	6800	0	1296	84	0	0	0	0	0	0	0	0	16432	0	0	0	0	0	278	312	2312	320	150	84	0	0	0	0	0	0	0	0	0	0	938	0	812	0	2570	0	5102	0	0	0	1576	0	1636	0	1384	0	0	0	0	0	170	0	146	0	0	0	912	424	0	0	6288	0	0	0	7742	0	0	0	6124	0	0	0	0	0	0	0	0	0	0	0	0	0	0	0	0	0	0	0	0	0	0	0	0	0	0	0	
23408	Heschl_R	0	710	0	284	0	0	0	86	0	0	0	342	0	0	0	0	0	1776	0	116	0	0	0	0	0	0	0	0	0	2032	0	0	0	0	0	0	0	290	0	256	0	0	0	0	0	0	0	0	0	0	0	0	0	0	0	320	0	356	0	0	0	0	0	298	0	0	0	0	0	0	0	0	0	0	0	0	0	0	0	0	0	3598	0	0	0	932	0	0	0	308	0	0	0	0	0	0	0	0	0	0	0	0	0	0	0	0	0	0	0	0	0	0	0	0	0	0	
318228	Temporal_Sup_L	4502	838	8474	310	0	0	2968	0	0	0	11294	0	978	0	0	0	18822	0	5766	542	0	0	0	0	0	0	0	0	22436	82	172	0	0	0	0	0	4070	0	372	0	0	0	0	0	0	0	122	0	0	0	676	0	428	0	4234	0	4758	0	0	0	1948	0	8180	0	2118	0	0	0	0	0	510	192	1270	0	182	0	1550	168	6288	0	0	0	4084	0	27896	0	0	0	12792	0	92	0	0	0	0	0	0	0	0	0	0	0	0	0	0	0	0	0	0	0	0	0	0	0	0	0	
150496	Temporal_Sup_R	90	3012	0	1136	0	0	102	824	0	0	0	1910	0	0	0	0	0	5034	0	522	0	0	0	0	0	0	0	0	0	7964	0	0	0	0	0	0	0	1764	0	668	0	0	0	128	0	148	0	96	0	0	0	2500	0	200	0	1618	0	1708	0	372	0	1086	0	7366	0	7284	0	582	0	98	0	174	0	1150	0	0	0	316	0	3598	0	0	0	2368	0	16974	0	106	0	4350	0	0	0	0	0	0	0	0	0	0	0	0	0	0	0	0	0	0	0	0	0	0	0	0	0	0	
112988	Temporal_Pole_Sup_L	106	326	2248	110	202	0	216	0	104	0	5122	0	1722	0	982	0	2868	0	1914	128	840	0	0	0	0	0	0	0	9642	0	0	0	0	0	0	0	2072	0	722	0	1114	0	0	0	0	0	0	0	0	0	0	0	0	0	3420	0	0	0	0	0	0	0	0	0	0	0	0	0	0	0	160	0	1696	0	0	0	0	0	0	0	4084	0	0	0	6290	0	4122	0	6284	0	0	0	0	0	0	0	0	0	0	0	0	0	0	0	0	0	0	0	0	0	0	0	0	0	0	0	
98308	Temporal_Pole_Sup_R	170	0	156	2474	0	0	348	2096	0	0	0	5586	0	0	0	430	0	6230	0	980	0	272	0	0	0	0	0	0	0	6528	0	0	0	0	0	0	0	1596	0	4038	0	3196	0	0	0	0	0	0	0	0	0	0	0	0	0	4336	0	0	0	0	0	0	0	0	0	0	0	0	0	0	0	156	0	1328	0	0	0	0	0	0	0	2368	0	0	0	1644	0	3546	0	1676	0	0	0	0	0	0	0	0	0	0	0	0	0	0	0	0	0	0	0	0	0	0	0	0	0	0	
483964	Temporal_Mid_L	10790	0	890	0	0	0	2410	0	0	0	2174	0	422	0	0	0	4446	0	112	0	0	0	0	0	0	0	0	0	13198	0	0	0	0	0	486	0	4784	0	246	0	0	0	5756	0	1150	0	608	0	1772	0	38336	0	9556	0	10812	0	8402	0	1766	0	8424	0	10552	0	12818	0	4406	0	2878	0	98	0	590	0	0	0	1866	0	7742	0	27896	0	6290	0	0	0	4096	0	36210	0	0	0	0	0	0	0	0	0	0	0	0	0	0	0	0	0	0	0	0	0	0	0	0	0	0	0	
298560	Temporal_Mid_R	82	11642	0	134	0	0	106	256	0	0	0	0	0	0	0	0	0	1038	0	0	0	0	0	0	0	0	0	0	0	2532	0	0	0	124	0	142	0	1410	0	574	0	0	0	5910	0	5796	0	588	0	6758	0	18378	0	3434	0	3012	0	3646	0	4222	0	5286	0	5878	0	12128	1014	9624	0	1706	0	108	0	1582	0	0	0	244	0	932	0	16974	0	1644	0	0	0	856	0	21520	0	0	0	0	0	0	0	0	0	0	0	0	0	0	0	0	0	0	0	0	0	0	0	0	0	0	
29124	Temporal_Pole_Mid_L	0	0	0	0	0	0	0	0	0	0	0	0	0	0	0	0	0	0	0	0	0	0	0	0	0	0	0	0	86	0	0	0	0	0	0	0	280	0	408	0	0	0	0	0	0	0	0	0	0	0	0	0	0	0	1346	0	0	0	0	0	0	0	0	0	0	0	0	0	0	0	0	0	0	0	0	0	0	0	0	0	0	0	4122	0	4096	0	0	0	4224	0	0	0	0	0	0	0	0	0	0	0	0	0	0	0	0	0	0	0	0	0	0	0	0	0	0	0	
16472	Temporal_Pole_Mid_R	0	0	0	0	0	0	0	0	0	0	0	0	0	0	0	0	0	0	0	0	0	0	0	0	0	0	0	0	0	0	0	0	0	0	0	0	0	144	0	1408	0	294	0	0	0	0	0	0	0	0	0	0	0	0	0	962	0	0	0	0	0	0	0	0	0	0	0	0	0	0	0	0	0	0	0	0	0	0	0	0	0	106	0	3546	0	856	0	0	0	920	0	0	0	0	0	0	0	0	0	0	0	0	0	0	0	0	0	0	0	0	0	0	0	0	0	0	
422344	Temporal_Inf_L	6046	180	2552	128	0	0	2078	0	0	0	1040	0	148	0	0	0	2306	0	724	132	132	0	0	0	0	0	0	0	23280	0	0	0	0	0	730	158	24242	176	5210	0	1838	0	1474	0	0	0	1506	0	0	0	4594	0	7688	0	35904	0	2810	0	0	0	608	0	2422	0	2230	0	1376	0	120	0	2374	0	3812	0	156	0	1234	214	6124	0	12792	0	6284	0	36210	0	4224	0	0	0	3596	0	878	0	0	0	142	0	314	0	486	0	500	0	0	0	0	0	0	0	0	0	0	0	0	0	
311004	Temporal_Inf_R	870	13168	214	1218	0	0	758	258	0	0	0	472	0	164	0	0	104	2160	0	390	0	0	0	0	0	0	0	0	0	6198	0	0	0	88	406	1898	0	13726	0	7546	0	114	0	5382	0	1050	0	3392	0	2472	0	2774	0	7432	0	22090	0	5056	0	1454	0	1210	0	2456	0	984	236	8798	80	1862	0	190	0	5994	0	0	0	514	0	308	0	4350	0	1676	0	21520	0	920	0	0	0	2906	0	468	0	0	0	0	0	176	0	0	0	0	0	0	0	0	0	0	0	0	0	0	0	0	
635604	Cerebelum_Crus1_L	0	0	0	0	0	0	0	0	0	0	0	0	0	0	0	0	0	0	0	0	0	0	0	0	0	0	0	0	494	0	0	0	0	0	0	0	926	0	1196	84	0	0	0	0	0	0	12472	3510	0	0	124	0	284	0	28278	756	0	0	0	0	0	0	0	0	0	0	0	0	0	0	202	0	280	0	0	0	0	0	0	0	92	0	0	0	0	0	0	0	3596	0	0	5444	42764	4372	1354	1654	30940	2156	67532	6462	18796	272	23392	3532	3728	3500	636	0	1362	3648	9712	10758	11796	4206	4460	3032	
477268	Cerebelum_Crus1_R	0	386	0	0	0	0	0	0	0	0	0	0	0	0	0	0	0	286	0	0	0	0	0	0	0	0	0	0	0	440	0	0	0	0	0	0	0	1172	0	1616	0	0	0	122	0	0	4192	8374	0	0	0	0	0	310	992	17614	0	104	0	0	0	0	0	0	0	0	0	268	0	0	0	0	0	98	0	0	0	0	0	0	0	0	0	0	0	0	0	0	0	2906	5444	0	1988	32078	338	5736	7684	19860	7466	58418	232	2042	758	15988	648	2232	0	1002	612	2916	12764	9892	8266	1162	1296	932	
601448	Cerebelum_Crus2_L	0	0	0	0	0	0	0	0	0	0	0	0	0	0	0	0	0	0	0	0	0	0	0	0	0	0	0	0	0	0	0	0	0	0	0	0	176	0	514	220	0	0	0	0	0	0	1844	714	0	0	0	0	0	0	8212	342	0	0	0	0	0	0	0	0	0	0	0	0	0	0	0	0	0	0	0	0	0	0	0	0	0	0	0	0	0	0	0	0	878	0	42764	1988	0	15274	1632	2826	9414	2182	17516	1764	52362	6304	48194	13388	7708	7784	786	236	1176	3854	5924	2980	20234	10798	7750	2986	
442896	Cerebelum_Crus2_R	0	0	0	0	0	0	0	0	0	0	0	0	0	0	0	0	0	0	0	0	0	0	0	0	0	0	0	0	0	0	0	0	0	0	0	0	0	298	0	972	0	0	0	0	0	0	1476	1080	0	0	0	0	0	0	278	1972	0	0	0	0	0	0	0	0	0	0	0	0	0	0	0	0	0	76	0	0	0	0	0	0	0	0	0	0	0	0	0	0	0	468	4372	32078	15274	0	1056	4244	5400	6090	3688	13940	4754	23468	2638	41670	992	8102	0	1818	942	4040	6652	2354	19048	6252	4978	978	
98428	Cerebelum_3_L	0	0	0	0	0	0	0	0	0	0	0	0	0	0	0	0	0	0	0	0	0	0	0	0	0	0	0	0	0	0	0	0	0	0	0	0	78	0	518	0	0	0	0	0	0	0	0	84	0	0	0	0	0	0	336	0	0	0	0	0	0	0	0	0	0	0	0	0	0	0	0	0	0	0	0	0	0	0	0	0	0	0	0	0	0	0	0	0	0	0	1354	338	1632	1056	0	1262	8600	214	1830	308	1030	0	4288	1438	4372	1708	198	0	2768	5022	3450	436	1892	1960	2148	894	
153096	Cerebelum_3_R	0	0	0	0	0	0	0	0	0	0	0	0	0	0	0	0	0	0	0	0	0	0	0	0	0	0	0	0	0	0	0	0	0	0	0	0	0	0	0	308	0	0	0	0	0	0	660	386	0	0	0	0	0	0	110	298	0	0	0	0	0	0	0	0	0	0	0	0	0	0	0	0	0	0	0	0	0	0	0	0	0	0	0	0	0	0	0	0	0	0	1654	5736	2826	4244	1262	0	4784	7394	1510	7270	1070	0	1846	5764	1140	3206	0	0	618	8122	5754	334	3630	3278	3116	228	
539912	Cerebelum_4_5_L	0	90	0	0	0	0	0	0	0	0	0	0	0	0	0	0	0	0	0	0	0	0	0	0	0	0	0	0	0	0	0	0	0	0	0	0	294	0	1328	0	0	0	124	0	0	0	17520	4788	0	0	224	0	176	378	11564	2080	0	0	0	0	0	0	0	0	0	0	0	0	0	0	0	0	0	0	0	0	0	102	0	0	0	0	0	0	0	0	0	0	142	0	30940	7684	9414	5400	8600	4784	0	8202	40074	10722	5054	0	12632	5828	8402	5486	420	0	3214	9454	25932	5630	7474	6404	6478	2918	
287884	Cerebelum_4_5_R	0	0	0	112	0	0	0	0	0	0	0	0	0	0	0	0	0	0	0	110	0	0	0	0	0	0	0	0	0	140	0	0	0	0	0	318	0	3064	0	5268	0	0	0	108	0	0	2816	7956	0	0	0	0	0	326	294	10100	0	0	0	0	0	0	0	0	0	0	0	534	0	0	0	0	0	520	0	0	0	348	0	0	0	0	0	0	0	0	0	0	0	0	2156	19860	2182	6090	214	7394	8202	0	2564	30750	450	78	486	6910	226	1670	0	168	76	1644	14818	622	2646	1338	1290	94	
606764	Cerebelum_6_L	0	0	0	0	0	0	0	0	0	0	0	0	0	0	0	0	0	0	0	0	0	0	0	0	0	0	0	0	0	0	0	0	0	0	0	0	284	0	822	0	0	0	296	0	0	0	19386	6134	0	0	490	0	638	198	29898	1646	0	0	0	0	0	0	0	0	0	0	148	0	0	0	0	0	0	0	0	0	0	0	0	0	0	0	0	0	0	0	0	0	314	0	67532	7466	17516	3688	1830	1510	40074	2564	0	10226	8914	176	13988	3268	4342	4194	502	0	1012	3346	11930	15526	9860	4716	5146	3802	
474672	Cerebelum_6_R	0	0	0	0	0	0	0	0	0	0	0	0	0	0	0	0	0	0	0	0	0	0	0	0	0	0	0	0	0	0	0	0	0	0	0	0	0	532	0	1166	0	0	0	0	0	0	6172	11176	0	0	0	0	0	534	1860	18142	0	0	0	0	0	0	0	0	0	0	0	0	0	0	0	0	0	82	0	0	0	0	0	0	0	0	0	0	0	0	0	0	0	176	6462	58418	1764	13940	308	7270	10722	30750	10226	0	336	414	730	9924	528	1330	0	1744	528	3378	18230	12698	4900	894	1186	816	
442240	Cerebelum_7b_L	0	0	0	0	0	0	0	0	0	0	0	0	0	0	0	0	0	0	0	0	0	0	0	0	0	0	0	0	0	0	0	0	0	0	0	0	106	0	356	0	0	0	0	0	0	0	558	0	0	0	0	0	0	0	3506	0	0	0	0	0	0	0	0	0	0	0	0	0	0	0	0	0	0	0	0	0	0	0	0	0	0	0	0	0	0	0	0	0	486	0	18796	232	52362	4754	1030	1070	5054	450	8914	336	0	2966	51398	10290	9644	7998	1096	0	626	1968	2698	1140	9338	13484	7358	3106	
148340	Cerebelum_7b_R	0	0	0	0	0	0	0	0	0	0	0	0	0	0	0	0	0	0	0	0	0	0	0	0	0	0	0	0	0	0	0	0	0	0	0	0	0	0	0	0	0	0	0	0	0	0	138	0	0	0	0	0	0	0	0	0	0	0	0	0	0	0	0	0	0	0	0	0	0	0	0	0	0	0	0	0	0	0	0	0	0	0	0	0	0	0	0	0	0	0	272	2042	6304	23468	0	0	0	78	176	414	2966	0	1298	25560	0	3908	0	124	0	0	0	0	5106	2316	0	0	
580132	Cerebelum_8_L	0	0	0	0	0	0	0	0	0	0	0	0	0	0	0	0	0	0	0	0	0	0	0	0	0	0	0	0	0	0	0	0	0	0	0	0	174	0	514	0	0	0	0	0	0	0	844	0	0	0	0	0	0	0	5598	0	0	0	0	0	0	0	0	0	0	0	0	0	0	0	0	0	0	0	0	0	0	0	0	0	0	0	0	0	0	0	0	0	500	0	23392	758	48194	2638	4288	1846	12632	486	13988	730	51398	1298	0	10562	33152	13180	4114	0	2344	4710	5174	1340	10556	17222	12568	5866	
498596	Cerebelum_8_R	0	0	0	0	0	0	0	0	0	0	0	0	0	0	0	0	0	0	0	0	0	0	0	0	0	0	0	0	0	0	0	0	0	0	0	0	0	338	0	1178	0	0	0	0	0	0	812	434	0	0	0	0	0	0	226	1890	0	0	0	0	0	0	0	0	0	0	0	0	0	0	0	0	0	86	0	0	0	0	0	0	0	0	0	0	0	0	0	0	0	0	3532	15988	13388	41670	1438	5764	5828	6910	3268	9924	10290	25560	10562	0	2486	28244	254	3018	968	5368	6600	760	15364	15094	9644	2412	
238620	Cerebelum_9_L	0	0	0	0	0	0	0	0	0	0	0	0	0	0	0	0	0	0	0	0	0	0	0	0	0	0	0	0	0	0	0	0	0	0	0	0	0	0	0	0	0	0	0	0	0	0	144	0	0	0	0	0	0	0	406	0	0	0	0	0	0	0	0	0	0	0	0	0	0	0	0	0	0	0	0	0	0	0	0	0	0	0	0	0	0	0	0	0	0	0	3728	648	7708	992	4372	1140	8402	226	4342	528	9644	0	33152	2486	0	6372	5682	0	2268	3830	3614	1070	3530	5600	6736	2690	
335244	Cerebelum_9_R	0	0	0	0	0	0	0	0	0	0	0	0	0	0	0	0	0	0	0	0	0	0	0	0	0	0	0	0	0	0	0	0	0	0	0	0	0	0	0	0	0	0	0	0	0	0	378	156	0	0	0	0	0	0	192	78	0	0	0	0	0	0	0	0	0	0	0	0	0	0	0	0	0	0	0	0	0	0	0	0	0	0	0	0	0	0	0	0	0	0	3500	2232	7784	8102	1708	3206	5486	1670	4194	1330	7998	3908	13180	28244	6372	0	426	1968	1826	4912	5328	2254	11328	16108	16654	7100	
30932	Cerebelum_10_L	0	0	0	0	0	0	0	0	0	0	0	0	0	0	0	0	0	0	0	0	0	0	0	0	0	0	0	0	0	0	0	0	0	0	0	0	0	0	0	0	0	0	0	0	0	0	0	0	0	0	0	0	0	0	86	0	0	0	0	0	0	0	0	0	0	0	0	0	0	0	0	0	0	0	0	0	0	0	0	0	0	0	0	0	0	0	0	0	0	0	636	0	786	0	198	0	420	0	502	0	1096	0	4114	254	5682	426	0	0	0	0	0	0	328	374	298	266	
20856	Cerebelum_10_R	0	0	0	0	0	0	0	0	0	0	0	0	0	0	0	0	0	0	0	0	0	0	0	0	0	0	0	0	0	0	0	0	0	0	0	0	0	0	0	0	0	0	0	0	0	0	0	0	0	0	0	0	0	0	0	0	0	0	0	0	0	0	0	0	0	0	0	0	0	0	0	0	0	0	0	0	0	0	0	0	0	0	0	0	0	0	0	0	0	0	0	1002	236	1818	0	0	0	168	0	1744	0	124	0	3018	0	1968	0	0	0	0	0	78	272	0	0	0	
79296	Vermis_1_2	0	0	0	0	0	0	0	0	0	0	0	0	0	0	0	0	0	0	0	0	0	0	0	0	0	0	0	0	0	0	0	0	0	0	0	0	0	0	0	0	0	0	0	0	0	0	0	0	0	0	0	0	0	0	0	0	0	0	0	0	0	0	0	0	0	0	0	0	0	0	0	0	0	0	0	0	0	0	0	0	0	0	0	0	0	0	0	0	0	0	1362	612	1176	942	2768	618	3214	76	1012	528	626	0	2344	968	2268	1826	0	0	0	7174	3548	472	2162	2094	2406	1452	
