data	data	606928	375488	1.11388e+06	942304	150440	86924	571164	393216	100936	51668	268596	222836	253636	178944	232260	102680	257056	121484	867240	942136	118936	119160	300348	290504	21448	65472	80304	70032	704372	378228	287696	464336	168496	493936	137884	190452	323124	393076	114900	275328	55924	66484	349576	325984	270092	414988	290600	372416	255004	421464	556868	291780	101180	203268	455064	624428	423192	285644	272528	93264	248516	112352	112532	112004	153268	135968	533672	516064	337372	255356	400476	413124	338248	328616	52880	19528	216252	158964	106796	25328	231272	80636	138700	48172	319816	219336	29288	32288	316504	228772	538888	492416	451352	395380	89080	129020	393120	331524	536632	497184	352776	189868	479884	418928	197920	141024	19088	13064	32112	154564	365544	241904	249268	255792	117800	33800	
data	data	Precentral_L	Precentral_R	Frontal_Sup_L	Frontal_Sup_R	Frontal_Sup_Orb_L	Frontal_Sup_Orb_R	Frontal_Mid_L	Frontal_Mid_R	Frontal_Mid_Orb_L	Frontal_Mid_Orb_R	Frontal_Inf_Oper_L	Frontal_Inf_Oper_R	Frontal_Inf_Tri_L	Frontal_Inf_Tri_R	Frontal_Inf_Orb_L	Frontal_Inf_Orb_R	Rolandic_Oper_L	Rolandic_Oper_R	Supp_Motor_Area_L	Supp_Motor_Area_R	Olfactory_L	Olfactory_R	Frontal_Sup_Medial_L	Frontal_Sup_Medial_R	Frontal_Med_Orb_L	Frontal_Med_Orb_R	Rectus_L	Rectus_R	Insula_L	Insula_R	Cingulum_Ant_L	Cingulum_Ant_R	Cingulum_Mid_L	Cingulum_Mid_R	Cingulum_Post_L	Cingulum_Post_R	Hippocampus_L	Hippocampus_R	ParaHippocampal_L	ParaHippocampal_R	Amygdala_L	Amygdala_R	Calcarine_L	Calcarine_R	Cuneus_L	Cuneus_R	Lingual_L	Lingual_R	Occipital_Sup_L	Occipital_Sup_R	Occipital_Mid_L	Occipital_Mid_R	Occipital_Inf_L	Occipital_Inf_R	Fusiform_L	Fusiform_R	Postcentral_L	Postcentral_R	Parietal_Sup_L	Parietal_Sup_R	Parietal_Inf_L	Parietal_Inf_R	SupraMarginal_L	SupraMarginal_R	Angular_L	Angular_R	Precuneus_L	Precuneus_R	Paracentral_Lobule_L	Paracentral_Lobule_R	Caudate_L	Caudate_R	Putamen_L	Putamen_R	Pallidum_L	Pallidum_R	Thalamus_L	Thalamus_R	Heschl_L	Heschl_R	Temporal_Sup_L	Temporal_Sup_R	Temporal_Pole_Sup_L	Temporal_Pole_Sup_R	Temporal_Mid_L	Temporal_Mid_R	Temporal_Pole_Mid_L	Temporal_Pole_Mid_R	Temporal_Inf_L	Temporal_Inf_R	Cerebelum_Crus1_L	Cerebelum_Crus1_R	Cerebelum_Crus2_L	Cerebelum_Crus2_R	Cerebelum_3_L	Cerebelum_3_R	Cerebelum_4_5_L	Cerebelum_4_5_R	Cerebelum_6_L	Cerebelum_6_R	Cerebelum_7b_L	Cerebelum_7b_R	Cerebelum_8_L	Cerebelum_8_R	Cerebelum_9_L	Cerebelum_9_R	Cerebelum_10_L	Cerebelum_10_R	Vermis_1_2	Vermis_3	Vermis_4_5	Vermis_6	Vermis_7	Vermis_8	Vermis_9	Vermis_10	
606928	Precentral_L	0	4958	24666	7888	0	0	29426	5188	0	0	8676	440	1116	354	0	220	11844	132	11564	23334	0	0	0	0	0	0	0	0	12828	490	260	956	720	9928	1930	3526	8016	3018	410	646	0	0	762	0	484	0	300	0	348	0	3982	0	538	116	2588	754	34982	5912	1108	0	1412	0	788	0	530	0	1840	490	16508	8460	9970	1506	7372	0	3702	0	13458	1736	3588	0	3252	0	126	0	1810	0	0	0	2382	0	126	0	0	0	0	0	0	0	0	0	0	0	0	0	0	0	0	0	0	0	0	0	0	0	0	0	
375488	Precentral_R	4958	0	7708	17424	0	0	2860	14860	0	0	1084	7736	650	1200	0	0	308	2860	6156	9054	0	0	0	0	0	0	0	0	942	6470	0	930	0	548	302	852	318	13120	0	4298	0	148	0	312	0	1760	0	922	0	1650	0	212	0	4414	0	9794	628	13640	0	0	0	234	0	3048	0	332	666	3814	2442	7596	6610	3130	180	3214	156	640	1210	8910	0	762	276	1426	268	0	0	1434	0	0	0	3278	0	0	0	0	0	0	0	0	0	0	0	0	0	0	0	0	0	0	0	0	0	0	0	0	0	0	
1.11388e+06	Frontal_Sup_L	24666	7708	0	23390	8174	0	83956	10280	3054	0	13522	1004	12780	536	8122	116	10304	0	110406	27890	258	0	34746	3912	284	0	268	0	33256	758	16014	5520	4622	5576	266	552	6852	2128	662	602	0	0	0	0	0	0	146	0	0	0	0	0	0	136	2192	504	2086	162	0	0	174	0	224	0	0	0	0	0	15914	520	17446	1422	20178	228	4796	0	14978	3354	460	0	4528	0	1642	0	650	0	0	0	3014	0	0	0	0	0	0	0	0	0	0	0	0	0	0	0	0	0	0	0	0	0	0	0	0	0	0	0	
942304	Frontal_Sup_R	7888	17424	23390	0	246	2766	4438	43416	0	1928	2898	12318	1722	11380	720	5438	1372	5094	29206	80864	0	0	8442	34742	240	1274	124	0	7376	18774	4722	31872	572	20952	208	436	966	8282	0	2432	0	152	0	0	0	128	0	156	0	128	0	0	0	506	336	3774	1578	536	0	0	0	0	0	284	0	0	0	154	3508	0	8194	19202	5098	17862	176	1094	1390	8556	0	118	1448	334	834	198	0	360	0	0	364	762	0	0	0	0	0	0	0	0	0	0	0	0	0	0	0	0	0	0	0	0	0	0	0	0	0	0	
150440	Frontal_Sup_Orb_L	0	0	8174	246	0	0	2282	158	14564	0	0	0	1412	0	12644	0	0	0	1844	204	2904	0	3388	0	1708	0	6148	0	6176	0	4202	326	0	0	0	0	0	0	180	0	142	0	0	0	0	0	0	0	0	0	0	0	0	0	0	0	0	0	0	0	0	0	0	0	0	0	0	0	0	0	574	232	6920	0	0	0	0	0	0	0	0	0	792	0	0	0	0	0	0	0	0	0	0	0	0	0	0	0	0	0	0	0	0	0	0	0	0	0	0	0	0	0	0	0	0	0	
86924	Frontal_Sup_Orb_R	0	0	0	2766	0	0	0	692	0	6028	0	0	0	0	0	4078	0	0	0	0	134	2014	170	2706	206	5850	0	7124	0	600	312	1562	0	0	0	0	0	0	0	0	0	236	0	0	0	0	0	0	0	0	0	0	0	0	0	0	0	0	0	0	0	0	0	0	0	0	0	0	0	0	0	5468	0	3516	0	0	0	0	0	0	0	0	0	0	0	0	0	0	0	0	0	0	0	0	0	0	0	0	0	0	0	0	0	0	0	0	0	0	0	0	0	0	0	0	0	0	
571164	Frontal_Mid_L	29426	2860	83956	4438	2282	0	0	4386	1532	0	11618	848	20066	706	7858	252	6004	0	25352	2574	0	0	16366	1748	0	0	0	0	11670	840	6646	2470	2544	896	142	384	2292	716	300	0	0	0	0	0	0	0	0	0	0	0	0	0	0	0	388	166	1590	0	0	0	0	0	0	0	0	0	0	0	1750	0	10792	1732	2380	124	918	0	11270	866	306	0	1372	0	184	0	118	0	0	0	454	0	0	0	0	0	0	0	0	0	0	0	0	0	0	0	0	0	0	0	0	0	0	0	0	0	0	0	
393216	Frontal_Mid_R	5188	14860	10280	43416	158	692	4386	0	0	2468	2910	12988	1306	17160	252	3604	1008	3050	9210	6442	0	0	354	2568	0	0	0	0	3472	10324	228	2614	0	1394	0	166	684	2862	0	1480	0	270	0	0	0	0	0	0	0	0	0	0	0	206	166	1514	340	468	0	0	0	0	0	128	0	0	0	0	182	0	4496	6474	722	7498	118	1210	598	4264	0	0	1198	0	812	0	0	0	0	0	208	212	0	0	0	0	0	0	0	0	0	0	0	0	0	0	0	0	0	0	0	0	0	0	0	0	0	0	
100936	Frontal_Mid_Orb_L	0	0	3054	0	14564	0	1532	0	0	0	234	0	1964	0	16612	0	0	0	586	0	428	0	0	0	0	0	1740	0	4480	0	432	0	0	0	0	0	0	0	0	0	0	0	0	0	0	0	0	0	0	0	0	0	0	0	0	0	0	0	0	0	0	0	0	0	0	0	0	0	0	0	130	0	4522	0	0	0	0	0	0	0	0	0	190	0	0	0	0	0	0	0	0	0	0	0	0	0	0	0	0	0	0	0	0	0	0	0	0	0	0	0	0	0	0	0	0	0	
51668	Frontal_Mid_Orb_R	0	0	0	1928	0	6028	0	2468	0	0	0	0	0	848	0	8738	0	0	0	764	0	300	0	192	0	440	0	958	0	400	0	338	0	708	0	0	0	0	0	0	0	0	0	0	0	0	0	0	0	0	0	0	0	0	0	0	0	0	0	0	0	0	0	0	0	0	0	0	0	0	0	814	0	910	0	0	0	0	0	0	0	0	0	0	0	0	0	0	0	0	0	0	0	0	0	0	0	0	0	0	0	0	0	0	0	0	0	0	0	0	0	0	0	0	0	0	
268596	Frontal_Inf_Oper_L	8676	1084	13522	2898	0	0	11618	2910	234	0	0	2978	10536	568	732	0	14350	1062	12506	710	0	0	0	1132	0	0	0	0	20972	1826	294	1750	0	0	0	0	180	0	0	0	0	0	0	0	0	0	0	0	0	0	0	0	0	0	0	0	1938	0	0	0	0	0	0	0	0	0	0	0	260	0	7426	3100	564	0	176	0	608	0	526	0	5438	0	3524	0	0	0	0	0	200	0	0	0	0	0	0	0	0	0	0	0	0	0	0	0	0	0	0	0	0	0	0	0	0	0	0	0	
222836	Frontal_Inf_Oper_R	440	7736	1004	12318	0	0	848	12988	0	0	2978	0	1740	11704	120	474	654	7012	858	11258	0	0	136	0	0	0	0	0	2354	21452	344	2902	0	678	0	0	0	526	0	222	0	0	0	0	0	0	0	0	0	0	0	0	0	122	0	324	0	1204	0	0	0	0	0	0	0	0	0	0	0	0	2176	2436	0	3606	0	0	0	142	0	130	206	0	0	326	0	0	0	0	0	0	0	0	0	0	0	0	0	0	0	0	0	0	0	0	0	0	0	0	0	0	0	0	0	0	0	0	
253636	Frontal_Inf_Tri_L	1116	650	12780	1722	1412	0	20066	1306	1964	0	10536	1740	0	246	20478	0	1320	400	7062	928	226	0	2198	994	0	0	0	0	24776	808	5612	1000	266	224	0	0	0	0	0	0	0	0	0	0	0	0	0	0	0	0	0	0	0	0	0	0	0	0	0	0	0	0	0	0	0	0	0	0	0	0	3102	1262	2198	0	0	0	0	0	0	0	130	0	296	0	0	0	0	0	0	0	0	0	0	0	0	0	0	0	0	0	0	0	0	0	0	0	0	0	0	0	0	0	0	0	0	0	
178944	Frontal_Inf_Tri_R	354	1200	536	11380	0	0	706	17160	0	848	568	11704	246	0	0	6304	0	0	452	4572	0	0	904	2512	0	0	0	0	230	16714	408	5250	0	3112	0	0	0	148	0	0	0	0	0	0	0	0	0	0	0	0	0	0	0	0	0	136	0	0	0	0	0	0	0	0	0	0	0	0	0	0	514	1666	0	1848	0	0	0	0	0	0	0	0	0	0	0	0	0	0	0	0	0	0	0	0	0	0	0	0	0	0	0	0	0	0	0	0	0	0	0	0	0	0	0	0	0	0	
232260	Frontal_Inf_Orb_L	0	0	8122	720	12644	0	7858	252	16612	0	732	120	20478	0	0	0	0	0	3436	660	2360	0	1004	0	0	0	1636	0	21926	0	3014	176	0	156	0	0	374	0	166	0	268	0	0	0	0	0	0	0	0	0	0	0	0	0	228	0	0	0	0	0	0	0	0	0	0	0	0	0	0	0	764	168	8962	0	0	0	0	0	0	0	0	0	2990	0	154	0	0	0	150	0	0	0	0	0	0	0	0	0	0	0	0	0	0	0	0	0	0	0	0	0	0	0	0	0	0	0	
102680	Frontal_Inf_Orb_R	220	0	116	5438	0	4078	252	3604	0	8738	0	474	0	6304	0	0	0	0	180	2094	278	1488	176	1420	0	292	0	2042	0	6168	0	1372	0	1564	0	0	0	0	0	0	0	0	0	0	0	0	0	0	0	0	0	0	0	0	0	0	0	0	0	0	0	0	0	0	0	0	0	0	0	0	350	1810	0	2748	0	0	0	0	0	0	0	0	0	134	0	0	0	0	0	0	0	0	0	0	0	0	0	0	0	0	0	0	0	0	0	0	0	0	0	0	0	0	0	0	0	0	
257056	Rolandic_Oper_L	11844	308	10304	1372	0	0	6004	1008	0	0	14350	654	1320	0	0	0	0	428	7204	716	0	0	0	0	0	0	0	0	24314	412	0	224	0	0	0	0	794	0	0	0	0	0	0	0	0	0	0	0	218	0	1162	0	0	0	722	0	10372	0	636	0	526	0	2222	0	0	0	586	0	1070	0	3710	1022	386	0	210	0	1958	0	5448	0	10910	0	3072	0	1534	0	0	0	1508	0	0	0	0	0	0	0	0	0	0	0	0	0	0	0	0	0	0	0	0	0	0	0	0	0	0	0	
121484	Rolandic_Oper_R	132	2860	0	5094	0	0	0	3050	0	0	1062	7012	400	0	0	0	428	0	0	3194	0	0	0	0	0	0	0	0	1118	14424	0	0	0	0	0	0	0	592	0	270	0	0	0	0	0	448	0	0	0	450	0	0	0	462	0	428	0	6916	0	0	0	210	0	4656	0	0	290	460	0	378	1132	516	0	1242	0	0	0	222	0	1394	0	1586	0	316	0	0	0	0	0	0	0	0	0	0	0	0	0	0	0	0	0	0	0	0	0	0	0	0	0	0	0	0	0	0	0	0	
867240	Supp_Motor_Area_L	11564	6156	110406	29206	1844	0	25352	9210	586	0	12506	858	7062	452	3436	180	7204	0	0	49636	0	0	8162	2814	0	0	0	0	20624	880	7144	7036	10594	22424	1890	342	3602	1388	432	506	0	0	0	0	376	0	0	0	0	0	0	0	0	116	886	390	1506	516	0	0	174	0	200	0	0	0	422	0	20692	3420	9206	1358	11174	520	3768	0	5480	2646	236	0	3444	0	1286	0	428	0	0	0	1880	0	0	0	0	0	0	0	0	0	0	0	0	0	0	0	0	0	0	0	0	0	0	0	0	0	0	0	
942136	Supp_Motor_Area_R	23334	9054	27890	80864	204	0	2574	6442	0	764	710	11258	928	4572	660	2094	716	3194	49636	0	0	0	2854	10788	0	0	122	0	4758	14422	4088	22920	5698	50174	1340	4562	400	2424	0	668	0	0	0	214	148	326	0	418	0	328	0	252	0	1362	296	2890	1358	7580	0	0	0	0	0	1252	0	0	410	2994	22908	27392	4380	20128	4648	12242	0	378	540	5012	0	0	782	232	398	134	0	408	0	0	246	764	0	0	0	0	0	0	0	0	0	0	0	0	0	0	0	0	0	0	0	0	536	0	0	0	0	0	
118936	Olfactory_L	0	0	258	0	2904	134	0	0	428	0	0	0	226	0	2360	278	0	0	0	0	0	8534	182	0	256	170	6242	1700	3508	458	3246	2546	0	0	0	0	550	0	672	0	930	138	0	0	0	0	0	0	0	0	0	0	0	0	310	0	0	0	0	0	0	0	0	0	0	0	0	0	0	0	9406	6666	4626	1412	0	0	0	0	0	0	0	0	1328	0	0	0	0	0	0	0	0	0	0	0	0	0	0	0	0	0	0	0	0	0	0	0	0	0	0	0	0	0	0	0	0	0	
119160	Olfactory_R	0	0	0	0	0	2014	0	0	0	300	0	0	0	0	0	1488	0	0	0	0	8534	0	0	0	0	1646	4326	5364	0	2526	2634	3778	0	0	0	0	0	0	0	132	0	1148	0	0	0	0	0	0	0	0	0	0	0	0	0	0	0	0	0	0	0	0	0	0	0	0	0	0	0	0	8888	10016	3978	2676	0	132	0	0	0	0	0	0	0	0	0	0	0	0	0	0	0	0	0	0	0	0	0	0	0	0	0	0	0	0	0	0	0	0	0	0	0	0	0	0	0	0	
300348	Frontal_Sup_Medial_L	0	0	34746	8442	3388	170	16366	354	0	0	0	136	2198	904	1004	176	0	0	8162	2854	182	0	0	17910	1358	476	772	0	2888	298	18572	13050	2972	7674	0	0	0	0	0	0	0	0	0	0	0	0	0	0	0	0	0	0	0	0	0	0	0	0	0	0	0	0	0	0	0	0	0	0	0	0	504	1340	2526	752	0	0	0	0	0	0	0	0	0	0	0	0	0	0	0	0	0	0	0	0	0	0	0	0	0	0	0	0	0	0	0	0	0	0	0	0	0	0	0	0	0	0	
290504	Frontal_Sup_Medial_R	0	0	3912	34742	0	2706	1748	2568	0	192	1132	0	994	2512	0	1420	0	0	2814	10788	0	0	17910	0	548	3320	0	0	1424	1186	5048	24024	546	13196	0	0	0	0	0	0	0	0	0	0	0	0	0	0	0	0	0	0	0	0	0	0	0	0	0	0	0	0	0	0	0	0	0	0	0	0	1402	6442	132	4546	0	0	0	0	0	0	0	0	0	0	0	0	0	0	0	0	0	0	0	0	0	0	0	0	0	0	0	0	0	0	0	0	0	0	0	0	0	0	0	0	0	0	
21448	Frontal_Med_Orb_L	0	0	284	240	1708	206	0	0	0	0	0	0	0	0	0	0	0	0	0	0	256	0	1358	548	0	584	1364	0	0	0	2718	444	0	0	0	0	0	0	0	0	0	0	0	0	0	0	0	0	0	0	0	0	0	0	0	0	0	0	0	0	0	0	0	0	0	0	0	0	0	0	168	266	358	222	0	0	0	0	0	0	0	0	0	0	0	0	0	0	0	0	0	0	0	0	0	0	0	0	0	0	0	0	0	0	0	0	0	0	0	0	0	0	0	0	0	0	
65472	Frontal_Med_Orb_R	0	0	0	1274	0	5850	0	0	0	440	0	0	0	0	0	292	0	0	0	0	170	1646	476	3320	584	0	120	4682	0	0	1230	5174	0	0	0	0	0	0	0	0	0	0	0	0	0	0	0	0	0	0	0	0	0	0	0	0	0	0	0	0	0	0	0	0	0	0	0	0	0	0	164	5084	0	2230	0	0	0	0	0	0	0	0	0	0	0	0	0	0	0	0	0	0	0	0	0	0	0	0	0	0	0	0	0	0	0	0	0	0	0	0	0	0	0	0	0	0	
80304	Rectus_L	0	0	268	124	6148	0	0	0	1740	0	0	0	0	0	1636	0	0	0	0	122	6242	4326	772	0	1364	120	0	880	730	0	3862	1498	0	0	0	0	0	0	0	0	0	0	0	0	0	0	0	0	0	0	0	0	0	0	0	0	0	0	0	0	0	0	0	0	0	0	0	0	0	0	4392	3386	1888	654	0	0	0	0	0	0	0	0	0	0	0	0	0	0	0	0	0	0	0	0	0	0	0	0	0	0	0	0	0	0	0	0	0	0	0	0	0	0	0	0	0	0	
70032	Rectus_R	0	0	0	0	0	7124	0	0	0	958	0	0	0	0	0	2042	0	0	0	0	1700	5364	0	0	0	4682	880	0	0	1494	960	2772	0	0	0	0	0	0	0	0	0	442	0	0	0	0	0	0	0	0	0	0	0	0	0	0	0	0	0	0	0	0	0	0	0	0	0	0	0	0	1136	3758	278	1426	0	0	0	0	0	0	0	0	0	0	0	0	0	0	0	0	0	0	0	0	0	0	0	0	0	0	0	0	0	0	0	0	0	0	0	0	0	0	0	0	0	0	
704372	Insula_L	12828	942	33256	7376	6176	0	11670	3472	4480	0	20972	2354	24776	230	21926	0	24314	1118	20624	4758	3508	0	2888	1424	0	0	730	0	0	1182	6724	1966	176	364	508	416	14924	368	1670	0	3436	0	232	0	0	0	134	0	390	0	1664	0	316	0	9274	0	7222	356	778	0	222	0	840	0	150	0	1158	0	3390	0	9766	3284	18780	0	238	0	4426	0	11388	0	11198	0	12218	0	3722	0	0	0	9032	0	452	0	0	0	0	0	0	0	0	0	0	0	0	0	0	0	0	0	0	0	0	0	0	0	0	0	
378228	Insula_R	490	6470	758	18774	0	600	840	10324	0	400	1826	21452	808	16714	0	6168	412	14424	880	14422	458	2526	298	1186	0	0	0	1494	1182	0	192	1974	0	1738	0	0	0	7984	0	5240	0	1902	0	210	0	416	0	506	0	426	0	112	0	1134	0	6796	0	4270	0	0	0	0	0	776	0	0	210	578	0	608	1680	1190	0	16906	0	0	0	780	0	2280	142	3094	0	1118	0	1332	0	0	0	2614	0	0	0	0	0	0	0	0	0	0	0	0	0	0	0	0	0	0	0	0	0	0	0	0	0	0	
287696	Cingulum_Ant_L	260	0	16014	4722	4202	312	6646	228	432	0	294	344	5612	408	3014	0	0	0	7144	4088	3246	2634	18572	5048	2718	1230	3862	960	6724	192	0	16378	4952	4062	0	0	0	0	0	0	0	0	0	0	0	0	0	0	0	0	0	0	0	0	0	0	0	0	0	0	0	0	0	0	0	0	0	0	120	0	5598	4954	6840	2038	0	0	0	0	0	0	0	0	0	0	0	0	0	0	0	0	0	0	0	0	0	0	0	0	0	0	0	0	0	0	0	0	0	0	0	0	0	0	0	0	0	0	
464336	Cingulum_Ant_R	956	930	5520	31872	326	1562	2470	2614	0	338	1750	2902	1000	5250	176	1372	224	0	7036	22920	2546	3778	13050	24024	444	5174	1498	2772	1966	1974	16378	0	4160	25338	210	138	0	0	0	0	0	0	0	0	0	0	0	0	0	0	0	0	0	0	0	0	0	0	0	0	0	0	0	0	0	0	0	0	0	0	5440	22834	1446	9780	0	0	0	0	0	0	0	0	0	0	0	0	0	0	0	0	0	0	0	0	0	0	0	0	0	0	0	0	0	0	0	0	0	0	0	0	0	0	0	0	0	0	
168496	Cingulum_Mid_L	720	0	4622	572	0	0	2544	0	0	0	0	0	266	0	0	0	0	0	10594	5698	0	0	2972	546	0	0	0	0	176	0	4952	4160	0	11908	3776	702	0	0	0	0	0	0	1918	192	2724	588	172	0	170	578	2022	202	0	122	0	162	1084	598	1826	0	874	0	0	0	0	0	7100	1736	5350	2162	0	330	0	130	0	0	0	0	0	0	0	0	0	0	0	0	0	0	0	0	0	0	0	0	0	0	0	0	0	0	0	0	0	0	0	0	0	0	0	0	0	0	0	0	0	0	
493936	Cingulum_Mid_R	9928	548	5576	20952	0	0	896	1394	0	708	0	678	224	3112	156	1564	0	0	22424	50174	0	0	7674	13196	0	0	0	0	364	1738	4062	25338	11908	0	2674	7920	0	0	0	0	0	0	0	1274	138	780	0	830	0	688	0	266	0	206	0	364	0	6390	0	0	0	0	0	0	0	0	1270	7084	11620	18834	0	1524	0	856	0	0	0	0	0	0	0	0	0	0	0	214	0	0	0	0	0	0	0	0	0	0	0	0	0	0	0	0	0	0	0	0	0	0	0	0	1422	0	0	0	0	0	
137884	Cingulum_Post_L	1930	302	266	208	0	0	142	0	0	0	0	0	0	0	0	0	0	0	1890	1340	0	0	0	0	0	0	0	0	508	0	0	210	3776	2674	0	13734	5548	4744	2116	964	0	0	1868	0	1980	0	1408	0	0	0	496	0	0	0	1438	2120	854	930	284	0	184	0	0	0	0	0	6554	2598	4128	1800	114	0	124	0	0	0	686	150	430	0	0	0	0	0	196	0	0	0	0	0	0	0	0	0	0	0	0	0	0	0	0	0	0	0	0	0	0	0	0	0	248	0	0	0	0	0	
190452	Cingulum_Post_R	3526	852	552	436	0	0	384	166	0	0	0	0	0	0	0	0	0	0	342	4562	0	0	0	0	0	0	0	0	416	0	0	138	702	7920	13734	0	4624	7040	1116	1642	0	0	138	1232	0	460	414	2686	0	390	0	144	0	1046	508	4334	350	3358	0	0	0	0	0	0	0	0	2214	10340	3338	6524	410	0	122	0	0	0	2386	994	428	0	0	0	0	0	0	0	0	0	0	344	0	0	0	0	0	0	0	166	0	0	0	0	0	0	0	0	0	0	0	0	4748	0	0	0	0	0	
323124	Hippocampus_L	8016	318	6852	966	0	0	2292	684	0	0	180	0	0	0	374	0	794	0	3602	400	550	0	0	0	0	0	0	0	14924	0	0	0	0	0	5548	4624	0	4832	14158	902	8736	0	1424	0	0	0	4988	0	0	0	118	0	0	0	22872	822	1136	0	0	0	0	0	0	0	0	0	2166	614	2890	0	636	172	6918	0	604	0	8314	928	2474	0	2662	0	2618	0	2618	0	0	0	14826	0	1174	0	0	0	0	0	880	0	956	0	0	0	0	0	0	0	0	0	0	0	0	0	0	0	0	0	
393076	Hippocampus_R	3018	13120	2128	8282	0	0	716	2862	0	0	0	526	0	148	0	0	0	592	1388	2424	0	0	0	0	0	0	0	0	368	7984	0	0	0	0	4744	7040	4832	0	1352	35782	0	7694	0	550	0	116	554	4084	0	0	0	126	0	854	462	36722	136	640	0	0	0	0	0	128	0	0	214	3578	240	634	1816	230	0	13098	0	190	3812	6576	378	836	0	994	0	1290	0	872	0	1076	0	7388	0	138	0	0	0	416	0	1372	0	300	0	0	0	0	0	0	0	0	0	294	1424	0	0	0	0	0	
114900	ParaHippocampal_L	410	0	662	0	180	0	300	0	0	0	0	0	0	0	166	0	0	0	432	0	672	0	0	0	0	0	0	0	1670	0	0	0	0	0	2116	1116	14158	1352	0	224	4182	0	712	0	0	0	4194	0	0	0	0	0	0	0	9572	196	0	0	0	0	0	0	0	0	0	0	1022	360	452	0	0	0	798	0	0	0	1310	0	0	0	0	0	866	0	0	0	114	0	984	0	1182	0	860	0	278	0	3518	0	2332	0	160	0	410	0	0	0	196	0	114	180	0	0	0	0	0	0	
275328	ParaHippocampal_R	646	4298	602	2432	0	0	0	1480	0	0	0	222	0	0	0	0	0	270	506	668	0	132	0	0	0	0	0	0	0	5240	0	0	0	0	964	1642	902	35782	224	0	0	7572	0	1030	0	0	0	7146	0	0	0	132	0	578	124	31090	0	288	0	0	0	0	0	0	0	0	0	2900	0	162	536	0	0	7106	0	136	902	2236	0	648	0	582	0	1436	0	540	0	1434	0	4580	0	328	0	244	0	2070	0	4688	0	490	0	0	0	0	0	0	0	0	0	1694	982	0	0	0	0	0	
55924	Amygdala_L	0	0	0	0	142	0	0	0	0	0	0	0	0	0	268	0	0	0	0	0	930	0	0	0	0	0	0	0	3436	0	0	0	0	0	0	0	8736	0	4182	0	0	0	0	0	0	0	0	0	0	0	0	0	0	0	4530	0	0	0	0	0	0	0	0	0	0	0	0	0	0	0	0	0	1238	0	0	0	0	0	0	0	0	0	2532	0	0	0	0	0	1968	0	0	0	0	0	0	0	0	0	0	0	0	0	0	0	0	0	0	0	0	0	0	0	0	0	0	0	
66484	Amygdala_R	0	148	0	152	0	236	0	270	0	0	0	0	0	0	0	0	0	0	0	0	138	1148	0	0	0	0	0	442	0	1902	0	0	0	0	0	0	0	7694	0	7572	0	0	0	0	0	0	0	0	0	0	0	0	0	0	0	6020	0	0	0	0	0	0	0	0	0	0	0	0	0	0	0	214	0	1014	0	0	0	406	0	0	0	0	0	1964	0	0	0	1686	0	2236	0	0	0	0	0	0	0	0	0	0	0	0	0	0	0	0	0	0	0	0	0	0	0	0	0	0	
349576	Calcarine_L	762	0	0	0	0	0	0	0	0	0	0	0	0	0	0	0	0	0	0	0	0	0	0	0	0	0	0	0	232	0	0	0	1918	0	1868	138	1424	0	712	0	0	0	0	9248	22238	7446	14710	1998	14268	4768	28040	2976	5302	470	8786	824	3478	0	5210	0	962	0	0	0	1370	0	24730	3306	2820	0	0	0	0	0	0	0	0	0	0	0	0	0	0	0	3434	252	0	0	164	0	0	132	0	0	0	0	224	0	0	154	0	0	0	0	0	0	0	0	0	0	220	204	0	0	0	0	
325984	Calcarine_R	0	312	0	0	0	0	0	0	0	0	0	0	0	0	0	0	0	0	0	214	0	0	0	0	0	0	0	0	0	210	0	0	192	1274	0	1232	0	550	0	1030	0	0	9248	0	6698	25938	1810	17744	0	23276	0	18326	0	7598	0	7794	0	2894	0	152	0	118	0	0	0	136	6016	21870	142	1540	0	0	0	0	0	0	0	0	0	0	0	0	0	0	0	2778	0	0	0	1576	0	0	0	0	0	140	0	616	0	0	0	0	0	0	0	0	0	0	0	296	1272	0	0	0	0	0	
270092	Cuneus_L	484	0	0	0	0	0	0	0	0	0	0	0	0	0	0	0	0	0	376	148	0	0	0	0	0	0	0	0	0	0	0	0	2724	138	1980	0	0	0	0	0	0	0	22238	6698	0	8946	2214	332	21400	4890	17584	2708	1414	134	742	0	2316	0	6322	122	1042	0	0	0	400	0	20832	5194	2174	126	0	0	0	0	0	0	0	0	0	0	0	0	0	0	950	294	0	0	124	0	0	0	0	0	0	0	0	0	0	0	0	0	0	0	0	0	0	0	0	0	0	0	0	0	0	0	
414988	Cuneus_R	0	1760	0	128	0	0	0	0	0	0	0	0	0	0	0	0	0	448	0	326	0	0	0	0	0	0	0	0	0	416	0	0	588	780	0	460	0	116	0	0	0	0	7446	25938	8946	0	594	4732	296	50642	158	19970	0	2604	0	3816	0	3186	0	4526	0	1604	0	622	0	1836	16128	38192	0	446	0	0	0	0	0	0	0	0	0	0	0	720	0	0	0	5882	0	0	0	3824	0	0	0	0	0	0	0	0	0	0	0	0	0	0	0	0	0	0	0	0	364	0	0	0	0	0	
290600	Lingual_L	300	0	146	0	0	0	0	0	0	0	0	0	0	0	0	0	0	0	0	0	0	0	0	0	0	0	0	0	134	0	0	0	172	0	1408	414	4988	554	4194	0	0	0	14710	1810	2214	594	0	2678	3784	536	7852	290	3628	118	15738	986	300	0	1034	0	0	0	0	0	164	0	7966	240	336	0	0	0	0	0	0	0	390	0	0	0	0	0	0	0	326	0	0	0	158	0	12388	3048	2244	224	550	0	12902	3328	17184	3794	232	0	240	0	0	0	0	0	0	0	6752	3772	480	0	0	0	
372416	Lingual_R	0	922	0	156	0	0	0	0	0	0	0	0	0	0	0	0	0	0	0	418	0	0	0	0	0	0	0	0	0	506	0	0	0	830	0	2686	0	4084	0	7146	0	0	1998	17744	332	4732	2678	0	0	7090	0	7498	0	9098	500	24696	0	1144	0	0	0	394	0	332	0	440	590	10990	0	808	0	0	0	0	0	0	0	190	0	0	0	0	0	0	0	1148	0	0	0	462	4382	10990	1334	1322	468	2778	1682	8202	5662	14566	428	0	468	444	134	0	0	0	0	1892	8560	10602	2682	0	0	0	
255004	Occipital_Sup_L	348	0	0	0	0	0	0	0	0	0	0	0	0	0	0	0	218	0	0	0	0	0	0	0	0	0	0	0	390	0	0	0	170	0	0	0	0	0	0	0	0	0	14268	0	21400	296	3784	0	0	0	34890	0	2058	0	472	0	3096	0	14078	180	2932	0	338	0	2450	0	20048	616	396	0	0	0	0	0	0	0	0	0	454	0	306	0	0	0	3518	0	0	0	796	0	0	0	0	0	0	0	0	0	0	0	0	0	0	0	0	0	0	0	0	0	0	0	0	0	0	0	
421464	Occipital_Sup_R	0	1650	0	128	0	0	0	0	0	0	0	0	0	0	0	0	0	450	0	328	0	0	0	0	0	0	0	0	0	426	0	0	578	688	0	390	0	0	0	0	0	0	4768	23276	4890	50642	536	7090	0	0	0	27148	0	3338	0	4056	0	2872	0	6258	0	3992	0	1000	0	5574	12610	33768	0	410	0	0	0	0	0	0	0	0	0	0	0	902	0	0	0	7960	0	0	0	4710	0	0	0	0	0	0	0	0	0	0	0	0	0	0	0	0	0	0	0	0	294	0	0	0	0	0	
556868	Occipital_Mid_L	3982	0	0	0	0	0	0	0	0	0	0	0	0	0	0	0	1162	0	0	0	0	0	0	0	0	0	0	0	1664	0	0	0	2022	0	496	0	118	0	0	0	0	0	28040	0	17584	158	7852	0	34890	0	0	0	17920	0	11192	0	23548	914	26614	126	19018	0	1210	0	20884	0	27506	392	1330	0	0	0	0	0	0	0	0	0	1112	0	1690	0	0	0	22046	0	0	0	4582	0	218	0	0	0	0	0	0	0	164	0	0	0	0	0	0	0	0	0	0	0	0	0	0	0	0	0	
291780	Occipital_Mid_R	0	212	0	0	0	0	0	0	0	0	0	0	0	0	0	0	0	0	0	252	0	0	0	0	0	0	0	0	0	112	0	0	202	266	0	144	0	126	0	132	0	0	2976	18326	2708	19970	290	7498	0	27148	0	0	0	5524	0	3380	0	1212	0	2088	0	4312	0	508	0	11470	4168	13798	0	574	0	0	0	0	0	0	0	0	0	0	0	580	0	0	0	14116	0	0	0	3666	0	0	0	0	0	0	0	0	0	0	0	0	0	0	0	0	0	0	0	0	132	0	0	0	0	0	
101180	Occipital_Inf_L	538	0	0	0	0	0	0	0	0	0	0	0	0	0	0	0	0	0	0	0	0	0	0	0	0	0	0	0	316	0	0	0	0	0	0	0	0	0	0	0	0	0	5302	0	1414	0	3628	0	2058	0	17920	0	0	0	7112	0	1604	234	380	0	198	0	0	0	282	0	1184	0	178	0	0	0	0	0	0	0	0	0	334	0	0	0	0	0	5072	0	0	0	2300	0	358	0	0	0	0	0	0	0	178	0	0	0	0	0	0	0	0	0	0	0	0	0	0	0	0	0	
203268	Occipital_Inf_R	116	4414	136	506	0	0	0	206	0	0	0	122	0	0	0	0	0	462	116	1362	0	0	0	0	0	0	0	0	0	1134	0	0	122	206	0	1046	0	854	0	578	0	0	470	7598	134	2604	118	9098	0	3338	0	5524	0	0	0	24744	0	4230	0	170	0	1056	0	1516	0	1056	666	6040	0	2024	0	0	0	254	0	0	0	0	0	216	0	526	0	0	0	5034	0	0	0	10394	0	816	0	0	0	0	0	0	0	1358	0	0	0	0	0	0	0	0	0	0	596	674	0	0	0	0	
455064	Fusiform_L	2588	0	2192	336	0	0	388	166	0	0	0	0	0	0	228	0	722	0	886	296	310	0	0	0	0	0	0	0	9274	0	0	0	0	0	1438	508	22872	462	9572	124	4530	0	8786	0	742	0	15738	500	472	0	11192	0	7112	0	0	214	3098	524	284	0	662	0	184	0	1054	0	3974	0	1178	0	0	0	2868	0	0	0	912	0	2930	0	1776	0	3108	0	6798	0	1110	0	17970	0	23810	770	3350	182	228	0	11762	730	27580	996	600	0	1136	210	142	0	214	0	0	122	3064	2086	286	186	0	0	
624428	Fusiform_R	754	9794	504	3774	0	0	166	1514	0	0	0	324	0	136	0	0	0	428	390	2890	0	0	0	0	0	0	0	0	0	6796	0	0	162	364	2120	4334	822	36722	196	31090	0	6020	824	7794	0	3816	986	24696	0	4056	0	3380	0	24744	214	0	0	4016	0	224	0	928	0	1262	0	938	992	9934	224	2726	420	0	0	9146	0	184	696	1250	0	952	0	2086	0	3362	0	5016	0	2724	0	17658	1154	20466	390	1186	0	832	576	8460	1612	23022	0	0	0	420	0	0	0	0	0	416	4238	3792	1102	0	0	0	
423192	Postcentral_L	34982	628	2086	1578	0	0	1590	340	0	0	1938	0	0	0	0	0	10372	0	1506	1358	0	0	0	0	0	0	0	0	7222	0	0	0	1084	0	854	350	1136	136	0	0	0	0	3478	0	2316	0	300	0	3096	0	23548	0	1604	0	3098	0	0	3708	23244	0	29402	0	10382	0	4228	0	12922	0	3208	0	332	0	1624	0	538	0	876	0	3598	0	3860	0	0	0	5240	0	0	0	3834	0	0	0	0	0	0	0	0	0	0	0	0	0	0	0	0	0	0	0	0	0	0	0	0	0	0	0	
285644	Postcentral_R	5912	13640	162	536	0	0	0	468	0	0	0	1204	0	0	0	0	0	6916	516	7580	0	0	0	0	0	0	0	0	356	4270	0	0	598	6390	930	3358	0	640	0	288	0	0	0	2894	0	3186	0	1144	0	2872	914	1212	234	4230	524	4016	3708	0	0	4974	0	2710	0	13076	0	810	1418	11200	3928	14528	0	0	0	382	0	0	0	128	208	488	0	1212	0	0	316	4270	0	0	324	3576	0	0	0	0	0	0	0	0	0	0	0	0	0	0	0	0	0	0	0	0	576	0	0	0	0	0	
272528	Parietal_Sup_L	1108	0	0	0	0	0	0	0	0	0	0	0	0	0	0	0	636	0	0	0	0	0	0	0	0	0	0	0	778	0	0	0	1826	0	284	0	0	0	0	0	0	0	5210	0	6322	0	1034	0	14078	0	26614	0	380	0	284	0	23244	0	0	0	18830	0	366	0	4708	0	27072	0	366	0	0	0	0	0	0	0	0	0	168	0	830	0	0	0	1154	0	0	0	972	0	0	0	0	0	0	0	0	0	0	0	0	0	0	0	0	0	0	0	0	0	0	0	0	0	0	0	
93264	Parietal_Sup_R	0	0	0	0	0	0	0	0	0	0	0	0	0	0	0	0	0	0	0	0	0	0	0	0	0	0	0	0	0	0	0	0	0	0	0	0	0	0	0	0	0	0	0	152	122	4526	0	0	180	6258	126	2088	0	170	0	224	0	4974	0	0	0	6082	0	718	0	6392	1768	9084	0	190	0	0	0	0	0	0	0	0	0	0	0	0	0	0	0	1764	0	0	0	1814	0	0	0	0	0	0	0	0	0	0	0	0	0	0	0	0	0	0	0	0	0	0	0	0	0	0	
248516	Parietal_Inf_L	1412	0	174	0	0	0	0	0	0	0	0	0	0	0	0	0	526	0	174	0	0	0	0	0	0	0	0	0	222	0	0	0	874	0	184	0	0	0	0	0	0	0	962	0	1042	0	0	0	2932	0	19018	0	198	0	662	0	29402	0	18830	0	0	0	12804	0	18316	0	6170	0	0	0	0	0	0	0	0	0	0	0	152	0	992	0	0	0	4914	0	0	0	4298	0	0	0	0	0	0	0	0	0	0	0	0	0	0	0	0	0	0	0	0	0	0	0	0	0	0	0	
112352	Parietal_Inf_R	0	234	0	0	0	0	0	0	0	0	0	0	0	0	0	0	0	210	0	0	0	0	0	0	0	0	0	0	0	0	0	0	0	0	0	0	0	0	0	0	0	0	0	118	0	1604	0	394	0	3992	0	4312	0	1056	0	928	0	2710	0	6082	0	0	0	8710	0	19004	810	1808	0	0	0	0	0	0	0	0	0	0	0	0	0	436	0	0	0	3166	0	0	0	602	0	0	0	0	0	0	0	0	0	0	0	0	0	0	0	0	0	0	0	0	0	0	0	0	0	0	
112532	SupraMarginal_L	788	0	224	0	0	0	0	0	0	0	0	0	0	0	0	0	2222	0	200	0	0	0	0	0	0	0	0	0	840	0	0	0	0	0	0	0	0	0	0	0	0	0	0	0	0	0	0	0	338	0	1210	0	0	0	184	0	10382	0	366	0	12804	0	0	0	5120	0	508	0	0	0	0	0	0	0	0	0	0	0	754	0	6132	0	0	0	7064	0	0	0	7130	0	0	0	0	0	0	0	0	0	0	0	0	0	0	0	0	0	0	0	0	0	0	0	0	0	0	0	
112004	SupraMarginal_R	0	3048	0	284	0	0	0	128	0	0	0	0	0	0	0	0	0	4656	0	1252	0	0	0	0	0	0	0	0	0	776	0	0	0	0	0	0	0	128	0	0	0	0	0	0	0	622	0	332	0	1000	0	508	0	1516	0	1262	0	13076	0	718	0	8710	0	0	0	7982	368	640	0	310	0	0	0	0	0	0	0	0	0	216	0	3874	0	0	0	3910	0	0	0	686	0	0	0	0	0	0	0	0	0	0	0	0	0	0	0	0	0	0	0	0	0	0	0	0	0	0	
153268	Angular_L	530	0	0	0	0	0	0	0	0	0	0	0	0	0	0	0	0	0	0	0	0	0	0	0	0	0	0	0	150	0	0	0	0	0	0	0	0	0	0	0	0	0	1370	0	400	0	164	0	2450	0	20884	0	282	0	1054	0	4228	0	4708	0	18316	0	5120	0	0	0	2290	0	0	0	0	0	0	0	0	0	0	0	0	0	728	0	0	0	9646	0	0	0	4314	0	0	0	0	0	0	0	0	0	0	0	0	0	0	0	0	0	0	0	0	0	0	0	0	0	0	0	
135968	Angular_R	0	332	0	0	0	0	0	0	0	0	0	0	0	0	0	0	0	0	0	0	0	0	0	0	0	0	0	0	0	0	0	0	0	0	0	0	0	0	0	0	0	0	0	136	0	1836	0	440	0	5574	0	11470	0	1056	0	938	0	810	0	6392	0	19004	0	7982	0	0	710	1522	0	0	0	0	0	0	0	0	0	0	0	0	0	1908	0	0	0	7618	0	0	0	256	0	0	0	0	0	0	0	0	0	0	0	0	0	0	0	0	0	0	0	0	0	0	0	0	0	0	
533672	Precuneus_L	1840	666	0	0	0	0	0	0	0	0	0	0	0	0	0	0	586	290	422	410	0	0	0	0	0	0	0	0	1158	210	0	0	7100	1270	6554	2214	2166	214	1022	0	0	0	24730	6016	20832	16128	7966	590	20048	12610	27506	4168	1184	666	3974	992	12922	1418	27072	1768	6170	810	508	368	2290	710	0	21466	6310	544	0	0	0	0	0	0	0	0	596	0	650	298	0	0	4092	1846	0	0	1012	1180	0	0	0	0	0	0	848	0	0	0	0	0	0	0	0	0	0	0	0	0	426	0	0	0	0	0	
516064	Precuneus_R	490	3814	0	154	0	0	0	0	0	0	0	0	0	0	0	0	0	460	0	2994	0	0	0	0	0	0	0	0	0	578	0	0	1736	7084	2598	10340	614	3578	360	2900	0	0	3306	21870	5194	38192	240	10990	616	33768	392	13798	0	6040	0	9934	0	11200	0	9084	0	1808	0	640	0	1522	21466	0	1464	8484	0	0	0	0	0	0	0	0	0	0	0	572	0	0	0	5748	0	0	0	3572	0	0	0	0	0	384	0	1936	0	0	0	0	0	0	0	0	0	0	0	924	7188	0	0	0	0	0	
337372	Paracentral_Lobule_L	16508	2442	15914	3508	0	0	1750	182	0	0	260	0	0	0	0	0	1070	0	20692	22908	0	0	0	0	0	0	0	0	3390	0	120	0	5350	11620	4128	3338	2890	240	452	0	0	0	2820	142	2174	0	336	0	396	0	1330	0	178	0	1178	224	3208	3928	366	0	0	0	0	0	0	0	6310	1464	0	12780	1328	296	2748	0	1084	0	6196	160	164	0	642	0	0	0	922	0	0	0	1386	0	0	0	0	0	0	0	0	0	0	0	0	0	0	0	0	0	0	0	0	0	164	0	0	0	0	0	
255356	Paracentral_Lobule_R	8460	7596	520	0	0	0	0	0	0	0	0	0	0	0	0	0	0	378	3420	27392	0	0	0	0	0	0	0	0	0	608	0	0	2162	18834	1800	6524	0	634	0	162	0	0	0	1540	126	446	0	808	0	410	0	574	0	2024	0	2726	0	14528	0	190	0	0	0	310	0	0	544	8484	12780	0	0	702	0	0	0	0	0	462	0	0	0	118	0	0	0	672	0	0	0	874	0	0	0	0	0	0	0	0	0	0	0	0	0	0	0	0	0	0	0	0	870	0	0	0	0	0	
400476	Caudate_L	9970	6610	17446	8194	574	0	10792	4496	130	0	7426	2176	3102	514	764	350	3710	1132	9206	4380	9406	8888	504	1402	168	164	4392	1136	9766	1680	5598	5440	0	0	114	410	636	1816	0	536	0	0	0	0	0	0	0	0	0	0	0	0	0	0	0	420	332	0	0	0	0	0	0	0	0	0	0	0	1328	0	0	17158	15196	3282	2252	300	9232	3684	0	0	1956	0	2070	0	0	0	0	0	0	0	0	0	0	0	0	0	0	0	0	0	0	0	0	0	0	0	0	0	0	0	0	0	0	0	0	0	
413124	Caudate_R	1506	3130	1422	19202	232	5468	1732	6474	0	814	3100	2436	1262	1666	168	1810	1022	516	1358	20128	6666	10016	1340	6442	266	5084	3386	3758	3284	1190	4954	22834	330	1524	0	0	172	230	0	0	0	214	0	0	0	0	0	0	0	0	0	0	0	0	0	0	0	0	0	0	0	0	0	0	0	0	0	0	296	702	17158	0	4922	19080	0	2350	806	15374	0	0	336	0	402	0	0	0	0	0	0	0	0	0	0	0	0	0	0	0	0	0	0	0	0	0	0	0	0	0	0	0	0	0	0	0	0	0	
338248	Putamen_L	7372	180	20178	5098	6920	0	2380	722	4522	0	564	0	2198	0	8962	0	386	0	11174	4648	4626	3978	2526	132	358	0	1888	278	18780	0	6840	1446	0	0	124	122	6918	0	798	0	1238	0	0	0	0	0	0	0	0	0	0	0	0	0	2868	0	1624	0	0	0	0	0	0	0	0	0	0	0	2748	0	15196	4922	0	1596	6074	0	2292	0	0	0	662	0	3758	0	138	0	0	0	1890	0	0	0	0	0	0	0	0	0	0	0	0	0	0	0	0	0	0	0	0	0	0	0	0	0	0	0	
328616	Putamen_R	0	3214	228	17862	0	3516	124	7498	0	910	0	3606	0	1848	0	2748	0	1242	520	12242	1412	2676	752	4546	222	2230	654	1426	0	16906	2038	9780	130	856	0	0	0	13098	0	7106	0	1014	0	0	0	0	0	0	0	0	0	0	0	254	0	9146	0	382	0	0	0	0	0	0	0	0	0	0	0	0	3282	19080	1596	0	0	2552	0	2804	0	184	0	736	0	766	0	522	0	132	0	2468	0	0	0	0	0	0	0	0	0	0	0	0	0	0	0	0	0	0	0	0	0	0	0	0	0	0	
52880	Pallidum_L	3702	156	4796	176	0	0	918	118	0	0	176	0	0	0	0	0	210	0	3768	0	0	0	0	0	0	0	0	0	238	0	0	0	0	0	0	0	604	0	0	0	0	0	0	0	0	0	0	0	0	0	0	0	0	0	0	0	538	0	0	0	0	0	0	0	0	0	0	0	1084	0	2252	0	6074	0	0	0	1630	0	0	0	0	0	0	0	0	0	0	0	0	0	0	0	0	0	0	0	0	0	0	0	0	0	0	0	0	0	0	0	0	0	0	0	0	0	0	0	
19528	Pallidum_R	0	640	0	1094	0	0	0	1210	0	0	0	0	0	0	0	0	0	0	0	378	0	132	0	0	0	0	0	0	0	0	0	0	0	0	0	0	0	190	0	136	0	0	0	0	0	0	0	0	0	0	0	0	0	0	0	184	0	0	0	0	0	0	0	0	0	0	0	0	0	0	300	2350	0	2552	0	0	0	598	0	0	0	0	0	0	0	0	0	0	0	0	0	0	0	0	0	0	0	0	0	0	0	0	0	0	0	0	0	0	0	0	0	0	0	0	0	0	
216252	Thalamus_L	13458	1210	14978	1390	0	0	11270	598	0	0	608	0	0	0	0	0	1958	0	5480	540	0	0	0	0	0	0	0	0	4426	0	0	0	0	0	686	2386	8314	3812	1310	902	0	0	0	0	0	0	390	0	0	0	0	0	0	0	912	696	876	0	0	0	0	0	0	0	0	0	0	0	6196	0	9232	806	2292	0	1630	0	0	7054	626	0	514	0	0	0	1350	0	0	0	2226	0	0	0	0	0	0	0	0	0	0	0	0	0	0	0	0	0	0	0	0	0	0	0	0	0	0	0	
158964	Thalamus_R	1736	8910	3354	8556	0	0	866	4264	0	0	0	142	0	0	0	0	0	222	2646	5012	0	0	0	0	0	0	0	0	0	780	0	0	0	0	150	994	928	6576	0	2236	0	406	0	0	0	0	0	190	0	0	0	0	0	0	0	1250	0	128	0	0	0	0	0	0	0	0	0	0	160	462	3684	15374	0	2804	0	598	7054	0	0	0	0	0	0	0	0	0	0	0	0	0	0	0	0	0	0	0	0	0	0	0	0	0	0	0	0	0	0	0	0	0	0	0	0	0	0	0	
106796	Heschl_L	3588	0	460	0	0	0	306	0	0	0	526	0	0	0	0	0	5448	0	236	0	0	0	0	0	0	0	0	0	11388	0	0	0	0	0	430	428	2474	378	0	0	0	0	0	0	0	0	0	0	454	0	1112	0	334	0	2930	0	3598	208	168	0	152	0	754	0	0	0	596	0	164	0	0	0	0	0	0	0	626	0	0	0	5496	0	0	0	4936	0	0	0	5806	0	402	0	0	0	0	0	0	0	0	0	0	0	0	0	0	0	0	0	0	0	0	0	0	0	0	0	
25328	Heschl_R	0	762	0	118	0	0	0	0	0	0	0	130	0	0	0	0	0	1394	0	0	0	0	0	0	0	0	0	0	0	2280	0	0	0	0	0	0	0	836	0	648	0	0	0	0	0	0	0	0	0	0	0	0	0	216	0	952	0	488	0	0	0	0	0	216	0	0	0	0	0	0	0	0	0	184	0	0	0	0	0	0	0	3186	0	0	0	580	0	0	0	674	0	0	0	0	0	0	0	0	0	0	0	0	0	0	0	0	0	0	0	0	0	0	0	0	0	0	
231272	Temporal_Sup_L	3252	276	4528	1448	0	0	1372	1198	0	0	5438	206	130	0	0	0	10910	0	3444	782	0	0	0	0	0	0	0	0	11198	142	0	0	0	0	0	0	2662	0	0	0	0	0	0	0	0	0	0	0	306	0	1690	0	0	0	1776	0	3860	0	830	0	992	0	6132	0	728	0	650	0	642	0	1956	336	662	0	0	0	514	0	5496	0	0	0	4754	0	21698	0	0	0	15628	0	0	0	0	0	0	0	0	0	0	0	0	0	0	0	0	0	0	0	0	0	0	0	0	0	0	0	
80636	Temporal_Sup_R	0	1426	0	334	0	0	0	0	0	0	0	0	0	0	0	0	0	1586	0	232	0	0	0	0	0	0	0	0	0	3094	0	0	0	0	0	0	0	994	0	582	0	0	0	0	0	720	0	0	0	902	0	580	0	526	0	2086	0	1212	0	0	0	436	0	3874	0	1908	298	572	0	118	0	0	0	736	0	0	0	0	0	3186	0	0	0	2126	0	8560	0	218	0	4012	0	0	0	0	0	0	0	0	0	0	0	0	0	0	0	0	0	0	0	0	0	0	0	0	0	0	
138700	Temporal_Pole_Sup_L	126	268	1642	834	792	0	184	812	190	0	3524	0	296	0	2990	0	3072	0	1286	398	1328	0	0	0	0	0	0	0	12218	0	0	0	0	0	0	0	2618	0	866	0	2532	0	0	0	0	0	0	0	0	0	0	0	0	0	3108	0	0	0	0	0	0	0	0	0	0	0	0	0	0	0	2070	402	3758	0	0	0	0	0	0	0	4754	0	0	0	7312	0	5282	0	6688	0	0	0	0	0	0	0	0	0	0	0	0	0	0	0	0	0	0	0	0	0	0	0	0	0	0	0	
48172	Temporal_Pole_Sup_R	0	0	0	198	0	0	0	0	0	0	0	326	0	0	0	134	0	316	0	134	0	0	0	0	0	0	0	0	0	1118	0	0	0	0	0	0	0	1290	0	1436	0	1964	0	0	0	0	0	0	0	0	0	0	0	0	0	3362	0	0	0	0	0	0	0	0	0	0	0	0	0	0	0	0	0	766	0	0	0	0	0	0	0	2126	0	0	0	1726	0	4650	0	4540	0	0	0	0	0	0	0	0	0	0	0	0	0	0	0	0	0	0	0	0	0	0	0	0	0	0	
319816	Temporal_Mid_L	1810	0	650	0	0	0	118	0	0	0	0	0	0	0	154	0	1534	0	428	0	0	0	0	0	0	0	0	0	3722	0	0	0	0	0	196	0	2618	0	0	0	0	0	3434	0	950	0	326	0	3518	0	22046	0	5072	0	6798	0	5240	316	1154	0	4914	0	7064	0	9646	0	4092	0	922	0	0	0	138	0	0	0	1350	0	4936	0	21698	0	7312	0	0	0	4228	0	33282	0	242	0	0	0	0	0	0	0	0	0	0	0	0	0	0	0	0	0	0	0	0	0	0	0	0	0	
219336	Temporal_Mid_R	0	1434	0	360	0	0	0	0	0	0	0	0	0	0	0	0	0	0	0	408	0	0	0	0	0	0	0	0	0	1332	0	0	0	214	0	0	0	872	0	540	0	0	252	2778	294	5882	0	1148	0	7960	0	14116	0	5034	0	5016	0	4270	0	1764	0	3166	0	3910	0	7618	1846	5748	0	672	0	0	0	522	0	0	0	0	0	580	0	8560	0	1726	0	0	0	1012	0	20634	0	0	0	0	0	0	0	0	0	0	0	0	0	0	0	0	0	0	0	0	0	0	0	0	0	0	
29288	Temporal_Pole_Mid_L	0	0	0	0	0	0	0	0	0	0	0	0	0	0	0	0	0	0	0	0	0	0	0	0	0	0	0	0	0	0	0	0	0	0	0	0	0	0	114	0	0	0	0	0	0	0	0	0	0	0	0	0	0	0	1110	0	0	0	0	0	0	0	0	0	0	0	0	0	0	0	0	0	0	0	0	0	0	0	0	0	0	0	5282	0	4228	0	0	0	3910	0	0	0	0	0	0	0	0	0	0	0	0	0	0	0	0	0	0	0	0	0	0	0	0	0	0	0	
32288	Temporal_Pole_Mid_R	0	0	0	0	0	0	0	0	0	0	0	0	0	0	0	0	0	0	0	0	0	0	0	0	0	0	0	0	0	0	0	0	0	0	0	0	0	1076	0	1434	0	1686	0	0	0	0	0	0	0	0	0	0	0	0	0	2724	0	0	0	0	0	0	0	0	0	0	0	0	0	0	0	0	0	132	0	0	0	0	0	0	0	218	0	4650	0	1012	0	0	0	3212	0	0	0	0	0	0	0	0	0	0	0	0	0	0	0	0	0	0	0	0	0	0	0	0	0	0	
316504	Temporal_Inf_L	2382	0	3014	364	0	0	454	208	0	0	200	0	0	0	150	0	1508	0	1880	246	0	0	0	0	0	0	0	0	9032	0	0	0	0	0	0	0	14826	0	984	0	1968	0	164	0	124	0	158	0	796	0	4582	0	2300	0	17970	0	3834	324	972	0	4298	0	7130	0	4314	0	1012	0	1386	0	0	0	1890	0	0	0	2226	0	5806	0	15628	0	6688	0	33282	0	3910	0	0	0	1468	0	146	0	0	0	0	0	628	0	0	0	0	0	0	0	0	0	0	0	0	0	0	0	0	0	
228772	Temporal_Inf_R	0	3278	0	762	0	0	0	212	0	0	0	0	0	0	0	0	0	0	0	764	0	0	0	0	0	0	0	0	0	2614	0	0	0	0	0	344	0	7388	0	4580	0	2236	0	1576	0	3824	0	462	0	4710	0	3666	0	10394	0	17658	0	3576	0	1814	0	602	0	686	0	256	1180	3572	0	874	0	0	0	2468	0	0	0	0	0	674	0	4012	0	4540	0	20634	0	3212	0	0	0	1078	0	228	0	0	0	0	0	278	0	0	0	0	0	0	0	0	0	0	234	0	0	0	0	0	
538888	Cerebelum_Crus1_L	126	0	0	0	0	0	0	0	0	0	0	0	0	0	0	0	0	0	0	0	0	0	0	0	0	0	0	0	452	0	0	0	0	0	0	0	1174	0	1182	0	0	0	0	0	0	0	12388	4382	0	0	218	0	358	0	23810	1154	0	0	0	0	0	0	0	0	0	0	0	0	0	0	0	0	0	0	0	0	0	0	402	0	0	0	0	0	242	0	0	0	1468	0	0	5818	39172	2852	3712	942	24896	4600	65044	8412	11400	256	14848	2244	2874	136	818	0	436	1576	11722	13236	4374	1978	546	196	
492416	Cerebelum_Crus1_R	0	0	0	0	0	0	0	0	0	0	0	0	0	0	0	0	0	0	0	0	0	0	0	0	0	0	0	0	0	0	0	0	0	0	0	0	0	138	0	328	0	0	132	0	0	0	3048	10990	0	0	0	0	0	816	770	20466	0	0	0	0	0	0	0	0	0	0	0	0	0	0	0	0	0	0	0	0	0	0	0	0	0	0	0	0	0	0	0	0	0	1078	5818	0	3216	30780	402	3416	6830	22786	8246	62078	902	3716	1506	13986	692	1564	0	454	0	2948	13614	12708	9854	2142	620	164	
451352	Cerebelum_Crus2_L	0	0	0	0	0	0	0	0	0	0	0	0	0	0	0	0	0	0	0	0	0	0	0	0	0	0	0	0	0	0	0	0	0	0	0	0	0	0	860	0	0	0	0	0	0	0	2244	1334	0	0	0	0	0	0	3350	390	0	0	0	0	0	0	0	0	0	0	0	0	0	0	0	0	0	0	0	0	0	0	0	0	0	0	0	0	0	0	0	0	146	0	39172	3216	0	9558	1968	824	5530	904	14736	2638	45606	5314	43494	6532	12568	668	1250	0	298	1276	1000	3948	9892	5404	1358	198	
395380	Cerebelum_Crus2_R	0	0	0	0	0	0	0	0	0	0	0	0	0	0	0	0	0	0	0	0	0	0	0	0	0	0	0	0	0	0	0	0	0	0	0	0	0	0	0	244	0	0	0	0	0	0	224	1322	0	0	0	0	0	0	182	1186	0	0	0	0	0	0	0	0	0	0	0	0	0	0	0	0	0	0	0	0	0	0	0	0	0	0	0	0	0	0	0	0	0	228	2852	30780	9558	0	1380	3656	2776	6608	2650	11504	7550	23608	10104	36834	1866	3974	0	706	276	3450	2964	3452	16236	9396	1898	226	
89080	Cerebelum_3_L	0	0	0	0	0	0	0	0	0	0	0	0	0	0	0	0	0	0	0	0	0	0	0	0	0	0	0	0	0	0	0	0	0	0	0	0	0	0	278	0	0	0	0	0	0	0	550	468	0	0	0	0	0	0	228	0	0	0	0	0	0	0	0	0	0	0	0	0	0	0	0	0	0	0	0	0	0	0	0	0	0	0	0	0	0	0	0	0	0	0	3712	402	1968	1380	0	1150	10054	518	3328	576	720	0	3102	1732	1972	240	0	0	2008	4544	1190	488	1382	1794	756	0	
129020	Cerebelum_3_R	0	0	0	0	0	0	0	0	0	0	0	0	0	0	0	0	0	0	0	0	0	0	0	0	0	0	0	0	0	0	0	0	0	0	0	0	0	416	0	2070	0	0	0	140	0	0	0	2778	0	0	0	0	0	0	0	832	0	0	0	0	0	0	0	0	0	0	0	384	0	0	0	0	0	0	0	0	0	0	0	0	0	0	0	0	0	0	0	0	0	0	942	3416	824	3656	1150	0	2308	7174	970	3890	1506	0	3694	4560	1334	1322	0	0	1080	8596	2420	0	2372	4454	2222	0	
393120	Cerebelum_4_5_L	0	0	0	0	0	0	0	0	0	0	0	0	0	0	0	0	0	0	0	0	0	0	0	0	0	0	0	0	0	0	0	0	0	0	0	0	880	0	3518	0	0	0	224	0	0	0	12902	1682	0	0	0	0	0	0	11762	576	0	0	0	0	0	0	0	0	0	0	848	0	0	0	0	0	0	0	0	0	0	0	0	0	0	0	0	0	0	0	0	0	0	0	24896	6830	5530	2776	10054	2308	0	9338	38114	9812	2660	0	5696	3258	2238	200	250	0	1208	4324	22454	4500	2452	3380	720	1170	
331524	Cerebelum_4_5_R	0	0	0	0	0	0	0	0	0	0	0	0	0	0	0	0	0	0	0	0	0	0	0	0	0	0	0	0	0	0	0	0	0	0	0	166	0	1372	0	4688	0	0	0	616	0	0	3328	8202	0	0	0	0	0	0	730	8460	0	0	0	0	0	0	0	0	0	0	0	1936	0	0	0	0	0	0	0	0	0	0	0	0	0	0	0	0	0	0	0	0	0	0	4600	22786	904	6608	518	7174	9338	0	6462	33768	1408	286	2704	5696	642	1074	0	0	0	5662	18452	1086	2222	3604	1270	0	
536632	Cerebelum_6_L	0	0	0	0	0	0	0	0	0	0	0	0	0	0	0	0	0	0	0	0	0	0	0	0	0	0	0	0	0	0	0	0	0	0	0	0	956	0	2332	0	0	0	0	0	0	0	17184	5662	0	0	164	0	178	0	27580	1612	0	0	0	0	0	0	0	0	0	0	0	0	0	0	0	0	0	0	0	0	0	0	0	0	0	0	0	0	0	0	0	0	628	0	65044	8246	14736	2650	3328	970	38114	6462	0	12450	5030	166	5598	1888	2642	200	334	0	334	1574	17444	17834	4494	1628	378	476	
497184	Cerebelum_6_R	0	0	0	0	0	0	0	0	0	0	0	0	0	0	0	0	0	0	0	0	0	0	0	0	0	0	0	0	0	0	0	0	0	0	0	0	0	300	0	490	0	0	154	0	0	0	3794	14566	0	0	0	0	0	1358	996	23022	0	0	0	0	0	0	0	0	0	0	0	0	0	0	0	0	0	0	0	0	0	0	0	0	0	0	0	0	0	0	0	0	0	278	8412	62078	2638	11504	576	3890	9812	33768	12450	0	922	378	1344	5688	1140	572	0	236	0	2770	18744	17006	7534	1648	360	164	
352776	Cerebelum_7b_L	0	0	0	0	0	0	0	0	0	0	0	0	0	0	0	0	0	0	0	0	0	0	0	0	0	0	0	0	0	0	0	0	0	0	0	0	0	0	160	0	0	0	0	0	0	0	232	428	0	0	0	0	0	0	600	0	0	0	0	0	0	0	0	0	0	0	0	0	0	0	0	0	0	0	0	0	0	0	0	0	0	0	0	0	0	0	0	0	0	0	11400	902	45606	7550	720	1506	2660	1408	5030	922	0	5598	46234	9088	12590	996	884	0	218	1474	1562	1246	6070	9594	1594	116	
189868	Cerebelum_7b_R	0	0	0	0	0	0	0	0	0	0	0	0	0	0	0	0	0	0	0	0	0	0	0	0	0	0	0	0	0	0	0	0	0	0	0	0	0	0	0	0	0	0	0	0	0	0	0	0	0	0	0	0	0	0	0	0	0	0	0	0	0	0	0	0	0	0	0	0	0	0	0	0	0	0	0	0	0	0	0	0	0	0	0	0	0	0	0	0	0	0	256	3716	5314	23608	0	0	0	286	166	378	5598	0	5568	30314	598	7930	0	564	0	0	0	188	4156	5768	526	0	
479884	Cerebelum_8_L	0	0	0	0	0	0	0	0	0	0	0	0	0	0	0	0	0	0	0	0	0	0	0	0	0	0	0	0	0	0	0	0	0	0	0	0	0	0	410	0	0	0	0	0	0	0	240	468	0	0	0	0	0	0	1136	0	0	0	0	0	0	0	0	0	0	0	0	0	0	0	0	0	0	0	0	0	0	0	0	0	0	0	0	0	0	0	0	0	0	0	14848	1506	43494	10104	3102	3694	5696	2704	5598	1344	46234	5568	0	15548	26504	4168	2402	190	874	4200	3084	1498	8924	18174	7190	1040	
418928	Cerebelum_8_R	0	0	0	0	0	0	0	0	0	0	0	0	0	0	0	0	0	0	0	0	0	0	0	0	0	0	0	0	0	0	0	0	0	0	0	0	0	0	0	0	0	0	0	0	0	0	0	444	0	0	0	0	0	0	210	420	0	0	0	0	0	0	0	0	0	0	0	0	0	0	0	0	0	0	0	0	0	0	0	0	0	0	0	0	0	0	0	0	0	0	2244	13986	6532	36834	1732	4560	3258	5696	1888	5688	9088	30314	15548	0	3904	20698	0	2182	868	5132	3544	898	9594	17586	6316	300	
197920	Cerebelum_9_L	0	0	0	0	0	0	0	0	0	0	0	0	0	0	0	0	0	0	0	0	0	0	0	0	0	0	0	0	0	0	0	0	0	0	0	0	0	0	0	0	0	0	0	0	0	0	0	134	0	0	0	0	0	0	142	0	0	0	0	0	0	0	0	0	0	0	0	0	0	0	0	0	0	0	0	0	0	0	0	0	0	0	0	0	0	0	0	0	0	0	2874	692	12568	1866	1972	1334	2238	642	2642	1140	12590	598	26504	3904	0	3652	3196	0	314	1838	1090	1540	3394	5166	5842	1088	
141024	Cerebelum_9_R	0	0	0	0	0	0	0	0	0	0	0	0	0	0	0	0	0	0	0	0	0	0	0	0	0	0	0	0	0	0	0	0	0	0	0	0	0	0	0	0	0	0	0	0	0	0	0	0	0	0	0	0	0	0	0	0	0	0	0	0	0	0	0	0	0	0	0	0	0	0	0	0	0	0	0	0	0	0	0	0	0	0	0	0	0	0	0	0	0	0	136	1564	668	3974	240	1322	200	1074	200	572	996	7930	4168	20698	3652	0	0	1880	494	1384	0	718	1304	5952	8648	2738	
19088	Cerebelum_10_L	0	0	0	0	0	0	0	0	0	0	0	0	0	0	0	0	0	0	0	0	0	0	0	0	0	0	0	0	0	0	0	0	0	0	0	0	0	0	196	0	0	0	0	0	0	0	0	0	0	0	0	0	0	0	214	0	0	0	0	0	0	0	0	0	0	0	0	0	0	0	0	0	0	0	0	0	0	0	0	0	0	0	0	0	0	0	0	0	0	0	818	0	1250	0	0	0	250	0	334	0	884	0	2402	0	3196	0	0	0	0	0	0	0	0	0	0	0	
13064	Cerebelum_10_R	0	0	0	0	0	0	0	0	0	0	0	0	0	0	0	0	0	0	0	0	0	0	0	0	0	0	0	0	0	0	0	0	0	0	0	0	0	0	0	0	0	0	0	0	0	0	0	0	0	0	0	0	0	0	0	0	0	0	0	0	0	0	0	0	0	0	0	0	0	0	0	0	0	0	0	0	0	0	0	0	0	0	0	0	0	0	0	0	0	0	0	454	0	706	0	0	0	0	0	236	0	564	190	2182	0	1880	0	0	0	0	0	0	0	166	154	0	
32112	Vermis_1_2	0	0	0	0	0	0	0	0	0	0	0	0	0	0	0	0	0	0	0	0	0	0	0	0	0	0	0	0	0	0	0	0	0	0	0	0	0	0	114	0	0	0	0	0	0	0	0	0	0	0	0	0	0	0	0	0	0	0	0	0	0	0	0	0	0	0	0	0	0	0	0	0	0	0	0	0	0	0	0	0	0	0	0	0	0	0	0	0	0	0	436	0	298	276	2008	1080	1208	0	334	0	218	0	874	868	314	494	0	0	0	5208	236	0	398	970	722	0	
154564	Vermis_3	0	0	0	0	0	0	0	0	0	0	0	0	0	0	0	0	0	0	0	0	0	0	0	0	0	0	0	0	0	0	0	0	0	0	0	0	0	294	180	1694	0	0	0	296	0	0	0	1892	0	0	0	0	0	0	122	416	0	0	0	0	0	0	0	0	0	0	0	924	0	0	0	0	0	0	0	0	0	0	0	0	0	0	0	0	0	0	0	0	0	0	1576	2948	1276	3450	4544	8596	4324	5662	1574	2770	1474	0	4200	5132	1838	1384	0	0	5208	0	4132	432	3048	4960	2654	282	
