data	data	591500	289832	777396	717824	231284	90820	554184	318836	100612	29936	291420	203172	302352	135788	225128	87584	235968	122704	676812	614752	131640	131248	430596	435756	40820	82700	87500	67972	767300	390548	419124	585972	133116	612008	164724	149136	296972	338792	104236	242240	41648	62972	264896	327448	156440	337340	209996	305120	159328	311592	451116	280492	143564	110152	368528	384408	461648	209804	163996	73496	242368	48384	126356	85800	172740	99140	334232	391996	188300	221384	385636	528692	296656	434804	37344	27884	151028	199228	157952	28500	235060	185452	119148	65736	358456	264928	44892	52792	297696	232184	470796	389084	288872	318232	42748	56864	328308	249884	402748	393760	255400	156104	330276	321836	143160	163896	9380	21444	34528	73240	267624	196580	233240	94568	95136	32564	
data	data	Precentral_L	Precentral_R	Frontal_Sup_L	Frontal_Sup_R	Frontal_Sup_Orb_L	Frontal_Sup_Orb_R	Frontal_Mid_L	Frontal_Mid_R	Frontal_Mid_Orb_L	Frontal_Mid_Orb_R	Frontal_Inf_Oper_L	Frontal_Inf_Oper_R	Frontal_Inf_Tri_L	Frontal_Inf_Tri_R	Frontal_Inf_Orb_L	Frontal_Inf_Orb_R	Rolandic_Oper_L	Rolandic_Oper_R	Supp_Motor_Area_L	Supp_Motor_Area_R	Olfactory_L	Olfactory_R	Frontal_Sup_Medial_L	Frontal_Sup_Medial_R	Frontal_Med_Orb_L	Frontal_Med_Orb_R	Rectus_L	Rectus_R	Insula_L	Insula_R	Cingulum_Ant_L	Cingulum_Ant_R	Cingulum_Mid_L	Cingulum_Mid_R	Cingulum_Post_L	Cingulum_Post_R	Hippocampus_L	Hippocampus_R	ParaHippocampal_L	ParaHippocampal_R	Amygdala_L	Amygdala_R	Calcarine_L	Calcarine_R	Cuneus_L	Cuneus_R	Lingual_L	Lingual_R	Occipital_Sup_L	Occipital_Sup_R	Occipital_Mid_L	Occipital_Mid_R	Occipital_Inf_L	Occipital_Inf_R	Fusiform_L	Fusiform_R	Postcentral_L	Postcentral_R	Parietal_Sup_L	Parietal_Sup_R	Parietal_Inf_L	Parietal_Inf_R	SupraMarginal_L	SupraMarginal_R	Angular_L	Angular_R	Precuneus_L	Precuneus_R	Paracentral_Lobule_L	Paracentral_Lobule_R	Caudate_L	Caudate_R	Putamen_L	Putamen_R	Pallidum_L	Pallidum_R	Thalamus_L	Thalamus_R	Heschl_L	Heschl_R	Temporal_Sup_L	Temporal_Sup_R	Temporal_Pole_Sup_L	Temporal_Pole_Sup_R	Temporal_Mid_L	Temporal_Mid_R	Temporal_Pole_Mid_L	Temporal_Pole_Mid_R	Temporal_Inf_L	Temporal_Inf_R	Cerebelum_Crus1_L	Cerebelum_Crus1_R	Cerebelum_Crus2_L	Cerebelum_Crus2_R	Cerebelum_3_L	Cerebelum_3_R	Cerebelum_4_5_L	Cerebelum_4_5_R	Cerebelum_6_L	Cerebelum_6_R	Cerebelum_7b_L	Cerebelum_7b_R	Cerebelum_8_L	Cerebelum_8_R	Cerebelum_9_L	Cerebelum_9_R	Cerebelum_10_L	Cerebelum_10_R	Vermis_1_2	Vermis_3	Vermis_4_5	Vermis_6	Vermis_7	Vermis_8	Vermis_9	Vermis_10	
591500	Precentral_L	0	5478	10688	3084	98	0	21820	2384	0	0	12586	178	2984	0	0	0	10660	176	6960	5618	0	0	132	0	0	0	0	0	20804	738	354	490	612	3152	9484	1594	9666	2324	3148	1028	0	0	1144	0	448	0	970	0	206	0	4356	0	1306	0	3958	198	41214	186	1594	0	4478	0	1396	0	868	0	3548	74	19678	678	7988	6254	6050	4032	456	0	12334	5020	10974	0	4822	572	184	0	7476	246	0	0	6224	110	0	0	0	0	0	0	94	0	0	0	0	0	0	0	0	0	0	0	0	374	0	0	0	0	0	0	
289832	Precentral_R	5478	0	830	15290	0	0	1202	17014	0	0	172	2534	0	102	0	0	128	4398	4192	4516	0	0	0	0	0	0	0	0	162	2764	0	0	0	2234	154	1710	0	5488	0	1898	0	0	84	1010	0	2580	0	354	0	1170	0	858	0	672	0	1728	1340	20892	0	370	0	670	0	3216	0	446	232	5018	2956	9530	748	3338	0	2120	0	972	414	9452	0	556	0	822	0	0	0	1338	0	0	0	1764	0	0	0	0	0	0	0	0	0	0	0	0	0	0	0	0	0	0	0	0	0	0	0	0	0	0	
777396	Frontal_Sup_L	10688	830	0	7940	13780	156	72852	4766	6804	0	12794	432	14906	218	10324	0	6036	0	56184	7132	0	0	46338	9238	1706	518	560	0	25272	1990	20740	9138	3190	6810	0	0	1944	198	236	0	0	0	124	0	0	0	0	0	0	0	232	0	0	0	184	0	1966	96	122	0	0	0	0	0	0	0	296	0	722	0	2822	6092	8932	4622	1568	0	1030	1080	166	82	2294	374	1752	0	136	102	0	0	184	0	0	0	0	0	0	0	0	0	0	0	0	0	0	0	0	0	0	0	0	0	0	0	0	0	0	0	
717824	Frontal_Sup_R	3084	15290	7940	0	946	5386	4134	39434	0	506	178	7754	338	5552	192	1944	0	1220	22648	46870	452	1288	13428	45872	366	4742	422	2210	458	5108	8588	34152	1506	27474	0	550	128	3728	0	2124	0	0	0	0	0	0	0	140	0	0	0	0	0	0	0	600	368	354	0	0	74	0	0	0	0	0	0	216	386	154	1642	13504	276	12850	0	936	430	10384	0	0	0	512	0	0	0	74	0	0	0	0	0	0	0	0	0	0	0	0	0	0	0	0	0	0	0	0	0	0	0	0	0	0	0	0	0	0	
231284	Frontal_Sup_Orb_L	98	0	13780	946	0	210	4522	0	13242	0	228	0	1706	0	12962	0	0	0	1926	124	4604	1590	9646	1766	3392	1250	6916	402	7324	0	11156	3250	164	320	0	0	118	0	266	0	308	0	0	0	0	0	0	0	0	0	0	0	0	0	92	0	0	0	0	0	0	0	0	0	0	0	0	0	0	0	3578	1232	7290	174	0	0	0	0	0	0	0	0	1060	0	0	0	0	0	0	0	0	0	0	0	0	0	0	0	0	0	0	0	0	0	0	0	0	0	0	0	0	0	0	0	0	0	
90820	Frontal_Sup_Orb_R	0	0	156	5386	210	0	0	2860	0	5784	0	0	0	224	80	4844	0	0	0	0	634	2636	476	2170	0	4858	498	5626	0	1306	892	1800	0	0	0	0	0	0	0	0	0	0	0	0	0	0	0	0	0	0	0	0	0	0	0	0	0	0	0	0	0	0	0	0	0	0	0	0	0	0	600	2476	0	1894	0	0	0	0	0	0	0	0	0	0	0	0	0	0	0	0	0	0	0	0	0	0	0	0	0	0	0	0	0	0	0	0	0	0	0	0	0	0	0	0	0	0	
554184	Frontal_Mid_L	21820	1202	72852	4134	4522	0	0	2044	5824	0	14604	614	27636	158	10936	0	3458	218	16392	3882	0	0	21846	3828	348	100	0	0	13794	1910	8826	3698	1446	4022	0	0	674	482	154	246	0	0	0	0	0	0	0	0	0	0	272	0	0	0	130	118	2646	0	78	0	92	0	426	0	0	0	228	0	120	0	4426	6358	2712	4622	476	0	172	128	158	0	840	658	354	0	0	310	0	0	0	98	0	0	0	0	0	0	0	0	0	0	0	0	0	0	0	0	0	0	0	0	0	0	0	0	0	0	
318836	Frontal_Mid_R	2384	17014	4766	39434	0	2860	2044	0	0	2588	256	9512	210	9830	0	3532	82	1362	7416	6732	0	0	1020	6468	0	0	0	0	324	4746	634	4860	502	3100	0	112	0	2290	0	1146	0	0	0	0	0	0	0	92	0	0	0	0	0	0	0	520	654	404	0	108	0	114	0	124	0	140	0	0	234	134	1754	5518	100	8172	0	618	142	4912	0	0	0	454	0	0	0	0	0	0	0	0	0	0	0	0	0	0	0	0	0	0	0	0	0	0	0	0	0	0	0	0	0	0	0	0	0	0	
100612	Frontal_Mid_Orb_L	0	0	6804	0	13242	0	5824	0	0	0	0	0	1840	0	12734	0	0	0	278	0	538	78	442	0	88	0	1118	0	3560	0	662	106	0	0	0	0	0	0	0	0	0	0	0	0	0	0	0	0	0	0	0	0	0	0	0	0	0	0	0	0	0	0	0	0	0	0	0	0	0	0	296	0	2256	0	0	0	0	0	0	0	0	0	440	0	0	0	0	0	0	0	0	0	0	0	0	0	0	0	0	0	0	0	0	0	0	0	0	0	0	0	0	0	0	0	0	0	
29936	Frontal_Mid_Orb_R	0	0	0	506	0	5784	0	2588	0	0	0	0	0	368	0	4724	0	0	0	0	0	0	0	0	0	328	0	236	0	180	0	0	0	0	0	0	0	0	0	0	0	0	0	0	0	0	0	0	0	0	0	0	0	0	0	0	0	0	0	0	0	0	0	0	0	0	0	0	0	0	0	82	0	172	0	0	0	0	0	0	0	0	0	0	0	0	0	0	0	0	0	0	0	0	0	0	0	0	0	0	0	0	0	0	0	0	0	0	0	0	0	0	0	0	0	0	
291420	Frontal_Inf_Oper_L	12586	172	12794	178	228	0	14604	256	0	0	0	2426	17290	662	0	0	11252	334	11046	616	0	0	1346	576	0	0	0	0	24520	3334	3564	1880	98	488	0	88	570	206	0	0	0	0	0	0	0	0	0	0	0	0	0	0	0	0	346	0	3266	0	0	0	0	0	0	0	0	0	0	0	80	0	3920	5504	1048	1980	0	0	136	84	96	0	5000	326	2708	0	0	0	0	0	102	0	0	0	0	0	0	0	0	0	0	0	0	0	0	0	0	0	0	0	0	0	0	0	0	0	0	0	
203172	Frontal_Inf_Oper_R	178	2534	432	7754	0	0	614	9512	0	0	2426	0	2188	15170	0	912	0	1636	1682	4860	0	0	372	1728	0	0	0	0	2208	18350	1758	5816	0	3164	0	114	0	1446	0	172	0	0	0	104	0	0	0	134	0	0	0	0	0	124	0	844	0	806	0	0	0	0	0	0	0	0	0	158	0	0	2076	5922	0	4706	0	278	0	74	0	0	0	598	0	354	0	76	0	0	0	306	0	0	0	0	0	0	0	0	0	0	0	0	0	0	0	0	0	0	0	0	0	0	0	0	0	0	
302352	Frontal_Inf_Tri_L	2984	0	14906	338	1706	0	27636	210	1840	0	17290	2188	0	720	17110	0	2224	150	5126	964	0	0	2996	410	0	0	0	0	27018	2532	6976	1076	524	1794	0	0	342	88	0	0	0	0	0	0	0	0	0	0	0	0	0	0	0	0	166	0	166	0	0	0	0	0	0	0	0	0	0	0	0	0	3208	2886	1510	718	0	0	0	0	0	0	1402	76	1814	0	0	0	0	0	82	0	0	0	0	0	0	0	0	0	0	0	0	0	0	0	0	0	0	0	0	0	0	0	0	0	0	0	
135788	Frontal_Inf_Tri_R	0	102	218	5552	0	224	158	9830	0	368	662	15170	720	0	0	3552	0	0	714	3478	0	0	248	1174	0	0	0	0	714	10354	1592	4506	0	2688	0	0	0	296	0	82	0	0	0	0	0	0	0	0	0	0	0	0	0	0	0	0	0	0	0	0	0	0	0	0	0	0	0	0	0	0	588	1880	0	2868	0	156	0	0	0	0	0	0	0	0	0	0	0	0	0	0	0	0	0	0	0	0	0	0	0	0	0	0	0	0	0	0	0	0	0	0	0	0	0	0	0	0	
225128	Frontal_Inf_Orb_L	0	0	10324	192	12962	80	10936	0	12734	0	0	0	17110	0	0	0	0	0	1554	546	4534	834	1128	264	82	0	3000	116	18636	0	1870	384	372	810	0	0	476	0	334	0	432	0	0	0	0	0	0	0	0	0	0	0	0	0	322	0	0	0	0	0	0	0	0	0	0	0	0	0	0	0	2282	588	4008	0	0	0	0	0	0	0	0	0	5438	0	128	0	0	0	88	0	0	0	0	0	0	0	0	0	0	0	0	0	0	0	0	0	0	0	0	0	0	0	0	0	0	0	
87584	Frontal_Inf_Orb_R	0	0	0	1944	0	4844	0	3532	0	4724	0	912	0	3552	0	0	0	0	0	110	148	3092	0	78	0	144	116	1666	0	11002	180	452	0	130	0	0	0	328	0	482	0	344	0	0	0	0	0	0	0	0	0	0	0	0	0	0	0	0	0	0	0	0	0	0	0	0	0	0	0	0	174	1904	0	3530	0	0	0	0	0	0	0	0	0	404	0	0	0	0	0	0	0	0	0	0	0	0	0	0	0	0	0	0	0	0	0	0	0	0	0	0	0	0	0	0	0	0	
235968	Rolandic_Oper_L	10660	128	6036	0	0	0	3458	82	0	0	11252	0	2224	0	0	0	0	0	7218	340	0	0	0	0	0	0	0	0	23454	0	188	178	0	76	0	0	650	0	104	0	0	0	0	0	0	0	0	0	74	0	2970	0	344	0	496	0	9284	0	532	0	2010	0	7350	0	2000	0	1762	0	146	0	974	464	376	368	0	0	0	0	2716	0	15298	0	2002	0	1934	0	0	0	836	0	0	0	0	0	0	0	0	0	0	0	0	0	0	0	0	0	0	0	0	0	0	0	0	0	0	0	
122704	Rolandic_Oper_R	176	4398	0	1220	0	0	218	1362	0	0	334	1636	150	0	0	0	0	0	274	1032	0	0	0	0	0	0	0	0	76	15058	0	136	0	254	120	356	0	2512	0	864	0	0	0	302	0	736	0	0	0	430	0	1446	0	168	0	1048	0	4310	0	108	0	324	0	1954	0	874	0	2572	0	284	96	1530	0	3620	0	0	132	744	0	3058	0	4426	0	710	0	1208	0	0	0	1096	0	0	0	0	0	0	0	0	0	0	0	0	0	0	0	0	0	0	0	0	0	0	0	0	0	0	
676812	Supp_Motor_Area_L	6960	4192	56184	22648	1926	0	16392	7416	278	0	11046	1682	5126	714	1554	0	7218	274	0	47416	0	0	6520	9638	96	0	272	0	17376	2648	6324	12826	6528	30074	1360	504	2548	486	294	200	0	0	0	0	0	0	0	0	0	0	0	0	0	0	204	0	1288	330	0	0	0	0	0	0	0	0	0	132	6634	210	6140	7398	10800	6510	3196	230	206	1038	210	110	2790	528	1312	0	0	134	0	0	204	82	0	0	0	0	0	0	0	0	0	0	0	0	0	0	0	0	0	0	0	0	0	0	0	0	0	0	
614752	Supp_Motor_Area_R	5618	4516	7132	46870	124	0	3882	6732	0	0	616	4860	964	3478	546	110	340	1032	47416	0	0	0	4576	16634	0	0	0	0	730	3722	3046	16652	4772	56204	150	6254	0	2202	0	900	0	0	0	964	0	564	0	578	0	148	0	1076	0	460	0	832	320	1728	0	0	0	0	0	0	0	0	0	4594	6258	14288	946	8966	106	7650	0	1112	78	2062	0	0	124	610	310	0	0	1898	0	0	0	1626	0	0	0	0	0	0	0	0	0	0	0	0	0	0	0	0	0	0	0	0	0	0	0	0	0	0	
131640	Olfactory_L	0	0	0	452	4604	634	0	0	538	0	0	0	0	0	4534	148	0	0	0	0	0	8554	0	0	804	698	7060	1400	4762	94	3202	1346	0	0	0	0	1224	0	1132	0	1470	134	0	0	0	0	0	0	0	0	0	0	0	0	830	0	0	0	0	0	0	0	0	0	0	0	0	0	0	0	11748	5210	2638	244	0	0	0	160	0	0	0	0	2036	0	0	0	0	0	164	0	0	0	0	0	0	0	0	0	0	0	0	0	0	0	0	0	0	0	0	0	0	0	0	0	0	0	
131248	Olfactory_R	0	0	0	1288	1590	2636	0	0	78	0	0	0	0	0	834	3092	0	0	0	0	8554	0	0	0	336	2190	3950	5500	436	4144	2532	2836	0	0	0	0	0	704	0	958	206	1486	0	0	0	0	0	0	0	0	0	0	0	0	0	86	0	0	0	0	0	0	0	0	0	0	0	0	0	0	9504	7918	2536	1426	0	0	0	234	0	0	0	0	232	338	0	0	0	0	0	0	0	0	0	0	0	0	0	0	0	0	0	0	0	0	0	0	0	0	0	0	0	0	0	0	0	0	
430596	Frontal_Sup_Medial_L	132	0	46338	13428	9646	476	21846	1020	442	0	1346	372	2996	248	1128	0	0	0	6520	4576	0	0	0	26216	2920	1988	318	102	2346	274	29464	20010	5630	13922	0	0	0	0	0	0	0	0	0	0	0	0	0	0	0	0	0	0	0	0	0	0	0	0	0	0	0	0	0	0	0	0	0	0	0	0	352	356	560	206	0	0	0	0	0	0	0	0	120	0	0	0	0	0	0	0	0	0	0	0	0	0	0	0	0	0	0	0	0	0	0	0	0	0	0	0	0	0	0	0	0	0	
435756	Frontal_Sup_Medial_R	0	0	9238	45872	1766	2170	3828	6468	0	0	576	1728	410	1174	264	78	0	0	9638	16634	0	0	26216	0	696	4656	0	452	378	1144	12038	38354	934	23894	0	0	0	0	0	0	0	0	0	0	0	0	0	0	0	0	0	0	0	0	0	0	0	0	0	0	0	0	0	0	0	0	0	0	0	0	210	5340	194	3528	0	0	0	0	0	0	0	0	0	0	0	0	0	0	0	0	0	0	0	0	0	0	0	0	0	0	0	0	0	0	0	0	0	0	0	0	0	0	0	0	0	0	
40820	Frontal_Med_Orb_L	0	0	1706	366	3392	0	348	0	88	0	0	0	0	0	82	0	0	0	96	0	804	336	2920	696	0	1768	2156	468	118	0	3638	510	0	0	0	0	0	0	0	0	0	0	0	0	0	0	0	0	0	0	0	0	0	0	0	0	0	0	0	0	0	0	0	0	0	0	0	0	0	0	780	0	138	0	0	0	0	0	0	0	0	0	0	0	0	0	0	0	0	0	0	0	0	0	0	0	0	0	0	0	0	0	0	0	0	0	0	0	0	0	0	0	0	0	0	0	
82700	Frontal_Med_Orb_R	0	0	518	4742	1250	4858	100	0	0	328	0	0	0	0	0	144	0	0	0	0	698	2190	1988	4656	1768	0	772	5968	0	0	2626	4560	0	0	0	0	0	0	0	0	0	0	0	0	0	0	0	0	0	0	0	0	0	0	0	0	0	0	0	0	0	0	0	0	0	0	0	0	0	0	540	2304	0	1340	0	0	0	0	0	0	0	0	0	0	0	0	0	0	0	0	0	0	0	0	0	0	0	0	0	0	0	0	0	0	0	0	0	0	0	0	0	0	0	0	0	0	
87500	Rectus_L	0	0	560	422	6916	498	0	0	1118	0	0	0	0	0	3000	116	0	0	272	0	7060	3950	318	0	2156	772	0	1374	1642	0	3048	598	0	0	0	0	0	0	138	0	326	0	0	0	0	0	0	0	0	0	0	0	0	0	0	0	0	0	0	0	0	0	0	0	0	0	0	0	0	0	5742	1980	1380	176	0	0	0	0	0	0	0	0	188	0	0	0	0	0	0	0	0	0	0	0	0	0	0	0	0	0	0	0	0	0	0	0	0	0	0	0	0	0	0	0	0	0	
67972	Rectus_R	0	0	0	2210	402	5626	0	0	0	236	0	0	0	0	116	1666	0	0	0	0	1400	5500	102	452	468	5968	1374	0	0	1446	760	1986	0	0	0	0	0	0	0	0	0	138	0	0	0	0	0	0	0	0	0	0	0	0	0	0	0	0	0	0	0	0	0	0	0	0	0	0	0	0	1262	1650	112	1112	0	0	0	0	0	0	0	0	0	0	0	0	0	0	0	0	0	0	0	0	0	0	0	0	0	0	0	0	0	0	0	0	0	0	0	0	0	0	0	0	0	0	
767300	Insula_L	20804	162	25272	458	7324	0	13794	324	3560	0	24520	2208	27018	714	18636	0	23454	76	17376	730	4762	436	2346	378	118	0	1642	0	0	2462	8842	1650	270	754	752	232	15896	168	2308	0	1862	0	806	0	212	0	178	0	252	0	10006	0	2188	0	9204	0	17894	0	1880	0	2362	0	2264	0	988	0	5012	0	1136	0	11312	4408	17090	1596	178	0	1980	454	15532	0	14706	0	8440	0	11528	0	294	0	10442	0	0	0	0	0	0	0	0	0	0	0	0	0	0	0	0	0	0	0	0	0	0	0	0	0	0	0	
390548	Insula_R	738	2764	1990	5108	0	1306	1910	4746	0	180	3334	18350	2532	10354	0	11002	0	15058	2648	3722	94	4144	274	1144	0	0	0	1446	2462	0	1462	5762	0	2386	0	172	0	7226	0	2486	0	1058	0	370	0	338	0	200	0	312	0	938	0	736	0	3636	0	1414	0	0	0	0	0	98	0	104	0	1846	0	426	3236	14658	176	26306	0	282	0	246	0	2526	0	11520	0	2622	0	3166	0	182	0	4078	0	0	0	0	0	0	0	0	0	0	0	0	0	0	0	0	0	0	0	0	0	0	0	0	0	0	
419124	Cingulum_Ant_L	354	0	20740	8588	11156	892	8826	634	662	0	3564	1758	6976	1592	1870	180	188	0	6324	3046	3202	2532	29464	12038	3638	2626	3048	760	8842	1462	0	29906	6458	7656	88	0	122	0	0	0	0	0	0	0	0	0	0	0	0	0	0	0	0	0	0	0	0	0	0	0	0	0	0	0	0	0	0	0	0	0	7152	5694	5128	1926	0	0	128	180	0	0	0	0	162	0	0	0	0	0	0	0	0	0	0	0	0	0	0	0	0	0	0	0	0	0	0	0	0	0	0	0	0	0	0	0	0	0	
585972	Cingulum_Ant_R	490	0	9138	34152	3250	1800	3698	4860	106	0	1880	5816	1076	4506	384	452	178	136	12826	16652	1346	2836	20010	38354	510	4560	598	1986	1650	5762	29906	0	5442	35392	0	0	178	82	0	0	0	0	0	0	0	0	0	0	0	0	0	0	0	0	0	0	0	0	0	0	0	0	0	0	0	0	0	0	0	0	4012	23688	1886	12268	0	0	412	622	0	0	0	86	0	0	0	0	0	0	0	0	0	0	0	0	0	0	0	0	0	0	0	0	0	0	0	0	0	0	0	0	0	0	0	0	0	0	
133116	Cingulum_Mid_L	612	0	3190	1506	164	0	1446	502	0	0	98	0	524	0	372	0	0	0	6528	4772	0	0	5630	934	0	0	0	0	270	0	6458	5442	0	12398	3184	1104	0	0	0	0	0	0	688	0	974	90	0	0	340	78	252	0	0	0	0	0	1112	0	644	0	202	0	0	0	0	0	2866	620	2900	658	0	0	0	0	0	0	0	0	0	0	0	0	0	0	0	0	0	0	0	0	0	0	0	0	0	0	0	0	0	0	0	0	0	0	0	0	0	0	0	0	0	0	0	0	0	0	
612008	Cingulum_Mid_R	3152	2234	6810	27474	320	0	4022	3100	0	0	488	3164	1794	2688	810	130	76	254	30074	56204	0	0	13922	23894	0	0	0	0	754	2386	7656	35392	12398	0	1234	8404	0	744	0	110	0	0	0	3122	0	2256	0	1968	0	416	0	1020	0	388	0	258	0	3972	0	108	0	0	0	0	0	0	630	13228	5050	15698	0	2544	0	2422	0	134	0	380	0	0	0	268	192	0	0	1338	0	0	0	924	0	0	0	0	0	0	0	0	0	0	0	0	0	0	0	0	0	0	0	0	0	0	0	0	0	0	
164724	Cingulum_Post_L	9484	154	0	0	0	0	0	0	0	0	0	0	0	0	0	0	0	120	1360	150	0	0	0	0	0	0	0	0	752	0	88	0	3184	1234	0	2436	4204	946	1012	204	0	0	7030	0	4172	0	2214	0	476	0	966	0	320	0	632	94	5530	0	374	0	390	0	0	0	180	0	14058	1364	11654	134	732	0	0	138	0	0	3332	1072	502	0	92	0	0	0	634	0	0	0	714	0	0	0	0	0	0	0	230	0	0	0	0	0	0	0	0	0	0	0	0	0	0	0	0	0	0	0	
149136	Cingulum_Post_R	1594	1710	0	550	0	0	0	112	0	0	88	114	0	0	0	0	0	356	504	6254	0	0	0	0	0	0	0	0	232	172	0	0	1104	8404	2436	0	282	6902	0	1838	0	0	0	822	0	440	0	3854	0	0	0	80	0	396	0	1408	0	910	0	0	0	0	0	0	0	0	220	9890	108	5694	1936	366	304	222	0	0	5830	7088	0	0	0	0	0	0	0	184	0	0	0	800	0	266	0	0	0	0	0	632	0	266	0	0	0	0	0	0	0	0	0	0	200	0	0	0	0	0	
296972	Hippocampus_L	9666	0	1944	128	118	0	674	0	0	0	570	0	342	0	476	0	650	0	2548	0	1224	0	0	0	0	0	0	0	15896	0	122	178	0	0	4204	282	0	98	12188	86	6504	0	2438	0	88	0	4094	0	186	0	780	0	732	0	21078	0	4322	0	0	0	594	0	202	0	0	0	5974	0	290	0	4998	1214	13594	620	850	0	6256	1178	1932	0	3912	0	1702	0	2140	0	210	0	10364	0	0	0	0	0	0	0	438	0	110	0	0	0	0	0	0	0	0	0	134	158	0	0	0	0	0	0	
338792	Hippocampus_R	2324	5488	198	3728	0	0	482	2290	0	0	206	1446	88	296	0	328	0	2512	486	2202	0	704	0	0	0	0	0	0	168	7226	0	82	0	744	946	6902	98	0	0	33320	0	8858	0	944	0	0	0	5874	0	76	0	78	0	1532	0	24734	210	1798	0	0	0	92	0	150	0	200	0	5250	598	724	1368	2696	196	13396	0	906	2076	8114	0	328	0	2268	0	1390	0	1278	0	564	0	5906	0	944	0	0	0	0	0	2714	0	1496	0	0	0	0	0	0	0	0	0	0	374	0	0	0	0	0	
104236	ParaHippocampal_L	3148	0	236	0	266	0	154	0	0	0	0	0	0	0	334	0	104	0	294	0	1132	0	0	0	0	0	138	0	2308	0	0	0	0	0	1012	0	12188	0	0	0	2186	0	1364	0	0	0	4398	0	104	0	592	0	0	0	9468	0	980	0	0	0	168	0	0	0	0	0	2210	0	118	0	394	0	1954	0	0	0	324	0	554	0	292	0	954	0	436	0	414	0	972	0	592	0	0	0	0	0	1218	0	776	0	0	0	0	0	0	0	0	0	150	186	0	0	0	0	0	0	
242240	ParaHippocampal_R	1028	1898	0	2124	0	0	246	1146	0	0	0	172	0	82	0	482	0	864	200	900	0	958	0	0	0	0	0	0	0	2486	0	0	0	110	204	1838	86	33320	0	0	0	9510	0	344	0	0	0	4702	0	0	0	0	0	1494	0	21964	0	394	0	0	0	0	0	0	0	122	0	2082	500	0	510	1614	164	5858	0	454	510	3832	0	0	0	258	0	3936	0	244	0	2734	0	1762	0	2230	0	0	0	0	0	4868	0	2678	0	0	0	0	0	0	0	0	0	0	212	0	0	0	0	0	
41648	Amygdala_L	0	0	0	0	308	0	0	0	0	0	0	0	0	0	432	0	0	0	0	0	1470	206	0	0	0	0	326	0	1862	0	0	0	0	0	0	0	6504	0	2186	0	0	0	0	0	0	0	0	0	0	0	0	0	0	0	4370	0	0	0	0	0	0	0	0	0	0	0	0	0	0	0	610	152	148	0	0	0	0	0	0	0	172	0	856	0	0	0	134	0	1088	0	0	0	0	0	0	0	0	0	0	0	0	0	0	0	0	0	0	0	0	0	0	0	0	0	0	0	
62972	Amygdala_R	0	0	0	0	0	0	0	0	0	0	0	0	0	0	0	344	0	0	0	0	134	1486	0	0	0	0	0	138	0	1058	0	0	0	0	0	0	0	8858	0	9510	0	0	0	0	0	0	0	0	0	0	0	0	0	0	0	4460	0	0	0	0	0	0	0	0	0	0	0	0	0	0	160	290	0	240	0	0	0	0	0	0	0	0	0	2970	0	0	0	1234	0	604	0	0	0	0	0	0	0	0	0	0	0	0	0	0	0	0	0	0	0	0	0	0	0	0	0	0	
264896	Calcarine_L	1144	84	124	0	0	0	0	0	0	0	0	0	0	0	0	0	0	0	0	0	0	0	0	0	0	0	0	0	806	0	0	0	688	0	7030	0	2438	0	1364	0	0	0	0	10174	12064	6632	13934	2680	9472	3716	20574	1810	4672	258	3374	134	4704	0	550	0	910	0	0	0	846	0	14920	578	3490	0	0	0	0	0	0	0	252	0	460	0	114	0	0	0	1416	188	0	0	408	80	0	0	0	0	0	0	360	0	0	0	0	0	0	0	0	0	0	0	0	0	0	0	0	0	0	0	
327448	Calcarine_R	0	1010	0	0	0	0	0	0	0	0	0	104	0	0	0	0	0	302	0	964	0	0	0	0	0	0	0	0	0	370	0	0	0	3122	0	822	0	944	0	344	0	0	10174	0	4892	25752	1172	20814	124	23532	0	17952	0	7078	0	7946	0	2886	0	0	0	0	0	0	0	0	560	16428	0	4362	0	0	0	0	0	0	0	0	0	0	0	74	0	0	0	7138	0	0	0	4432	0	0	0	0	0	0	0	272	0	0	0	0	0	0	0	0	0	0	0	0	78	76	0	0	0	0	
156440	Cuneus_L	448	0	0	0	0	0	0	0	0	0	0	0	0	0	0	0	0	0	0	0	0	0	0	0	0	0	0	0	212	0	0	0	974	0	4172	0	88	0	0	0	0	0	12064	4892	0	8074	692	288	14518	3690	6678	954	442	0	404	88	3210	0	1156	0	292	0	0	0	244	0	10256	954	2700	0	0	0	0	0	0	0	0	0	88	0	0	0	0	0	400	150	0	0	0	92	0	0	0	0	0	0	0	0	0	0	0	0	0	0	0	0	0	0	0	0	0	0	0	0	0	0	
337340	Cuneus_R	0	2580	0	0	0	0	0	0	0	0	0	0	0	0	0	0	0	736	0	564	0	0	0	0	0	0	0	0	0	338	0	0	90	2256	0	440	0	0	0	0	0	0	6632	25752	8074	0	206	3724	270	40304	0	20624	0	1482	0	1658	0	6230	0	3658	0	98	0	0	0	172	4690	26750	0	6654	0	0	0	0	0	0	0	0	0	0	0	1266	0	0	0	2420	0	0	0	1002	0	0	0	0	0	0	0	0	0	0	0	0	0	0	0	0	0	0	0	0	0	0	0	0	0	0	
209996	Lingual_L	970	0	0	0	0	0	0	0	0	0	0	0	0	0	0	0	0	0	0	0	0	0	0	0	0	0	0	0	178	0	0	0	0	0	2214	0	4094	0	4398	0	0	0	13934	1172	692	206	0	2652	1944	262	10370	232	5704	160	14826	196	296	0	140	0	0	0	0	0	0	0	4880	0	116	0	0	0	100	0	0	0	738	0	118	0	0	0	0	0	378	0	0	0	0	0	5466	416	754	172	0	0	8122	762	10354	654	188	0	274	0	0	0	0	0	0	0	2714	3174	978	0	0	0	
305120	Lingual_R	0	354	0	140	0	0	0	92	0	0	0	134	0	0	0	0	0	0	0	578	0	0	0	0	0	0	0	0	0	200	0	0	0	1968	0	3854	0	5874	0	4702	0	0	2680	20814	288	3724	2652	0	0	5646	0	3702	0	6720	596	15136	0	974	0	0	0	0	0	0	0	0	0	11812	0	2202	0	0	0	84	0	0	0	490	0	0	0	0	0	0	0	644	0	0	0	1936	3600	2420	444	210	106	88	4276	10372	5250	7780	0	0	104	152	962	166	0	0	0	0	8402	8050	1704	0	150	328	
159328	Occipital_Sup_L	206	0	0	0	0	0	0	0	0	0	0	0	0	0	0	0	74	0	0	0	0	0	0	0	0	0	0	0	252	0	0	0	340	0	476	0	186	0	104	0	0	0	9472	124	14518	270	1944	0	0	0	24664	0	1914	0	1166	0	1428	0	7386	0	1386	0	0	0	998	0	10252	148	352	0	0	0	0	0	0	0	0	0	160	0	76	0	0	0	1354	0	0	0	414	0	0	0	0	0	0	0	0	0	0	0	0	0	0	0	0	0	0	0	0	0	0	0	0	0	0	0	
311592	Occipital_Sup_R	0	1170	0	0	0	0	0	0	0	0	0	0	0	0	0	0	0	430	0	148	0	0	0	0	0	0	0	0	0	312	0	0	78	416	0	0	0	76	0	0	0	0	3716	23532	3690	40304	262	5646	0	0	0	31460	0	2560	0	2726	0	2160	0	4978	0	562	0	0	0	3732	3252	16352	0	2982	0	0	0	0	0	0	0	0	0	0	0	346	0	0	0	3438	0	0	0	1468	0	0	0	0	0	0	0	0	0	0	0	0	0	0	0	0	0	0	0	0	0	0	0	0	0	0	
451116	Occipital_Mid_L	4356	0	232	0	0	0	272	0	0	0	0	0	0	0	0	0	2970	0	0	0	0	0	0	0	0	0	0	0	10006	0	0	0	252	0	966	0	780	0	592	0	0	0	20574	0	6678	0	10370	0	24664	0	0	0	17458	0	7078	0	12310	0	14716	0	17440	0	982	0	18846	0	18586	0	1810	0	0	82	0	0	0	0	0	0	5268	0	1994	0	0	0	22004	0	0	0	4272	0	0	0	0	0	0	0	0	0	0	0	0	0	0	0	0	0	0	0	0	0	0	0	0	0	0	0	
280492	Occipital_Mid_R	0	858	0	0	0	0	0	0	0	0	0	0	0	0	0	0	0	1446	0	1076	0	0	0	0	0	0	0	0	0	938	0	0	0	1020	0	80	0	78	0	0	0	0	1810	17952	954	20624	232	3702	0	31460	0	0	0	3624	0	2390	0	1478	0	2216	0	1004	0	0	0	8122	1274	12810	0	2822	0	0	0	0	0	0	0	0	0	0	0	1188	0	0	0	15758	0	0	0	5330	0	0	0	0	0	0	0	0	0	0	0	0	0	0	0	0	0	0	0	0	0	0	0	0	0	0	
143564	Occipital_Inf_L	1306	0	0	0	0	0	0	0	0	0	0	0	0	0	0	0	344	0	0	0	0	0	0	0	0	0	0	0	2188	0	0	0	0	0	320	0	732	0	0	0	0	0	4672	0	442	0	5704	0	1914	0	17458	0	0	0	12144	0	2082	0	506	0	126	0	0	0	158	0	1390	0	212	0	0	0	0	0	0	0	0	0	2068	0	956	0	0	0	7754	0	0	0	7862	0	134	0	0	0	0	0	532	0	650	0	0	0	0	0	0	0	0	0	0	0	128	0	0	0	0	0	
110152	Occipital_Inf_R	0	672	0	0	0	0	0	0	0	0	0	124	0	0	0	0	0	168	0	460	0	0	0	0	0	0	0	0	0	736	0	0	0	388	0	396	0	1532	0	1494	0	0	258	7078	0	1482	160	6720	0	2560	0	3624	0	0	0	13206	0	414	0	0	0	0	0	0	0	0	0	1670	0	614	0	0	0	0	0	0	0	0	0	98	0	0	0	0	0	882	0	0	0	4328	168	242	0	0	0	0	312	924	138	1628	0	0	0	0	140	0	0	0	0	0	1062	1062	232	0	0	104	
368528	Fusiform_L	3958	0	184	0	92	0	130	0	0	0	346	0	166	0	322	0	496	0	204	0	830	0	0	0	0	0	0	0	9204	0	0	0	0	0	632	0	21078	0	9468	0	4370	0	3374	0	404	0	14826	596	1166	0	7078	0	12144	0	0	0	2540	0	368	0	126	0	0	0	164	0	2430	0	540	0	1086	220	2428	172	0	0	642	220	2566	0	2622	0	3592	0	5992	0	3266	0	18784	0	12814	0	198	0	0	0	11836	626	16598	162	0	0	0	0	0	0	86	0	0	0	2482	636	0	0	0	0	
384408	Fusiform_R	198	1728	0	600	0	0	118	520	0	0	0	844	0	0	0	0	0	1048	0	832	0	86	0	0	0	0	0	0	0	3636	0	0	0	258	94	1408	0	24734	0	21964	0	4460	134	7946	88	1658	196	15136	0	2726	0	2390	0	13206	0	0	0	966	0	0	0	0	0	0	0	0	0	2994	0	656	160	380	0	4348	0	486	112	770	0	394	0	2404	0	5726	0	3386	0	5652	0	20544	538	5940	0	0	0	0	1084	8004	556	11792	0	0	0	0	472	206	0	0	0	0	4176	3190	632	82	146	400	
461648	Postcentral_L	41214	1340	1966	368	0	0	2646	654	0	0	3266	0	166	0	0	0	9284	0	1288	320	0	0	0	0	0	0	0	0	17894	0	0	0	1112	0	5530	0	4322	210	980	0	0	0	4704	0	3210	0	296	0	1428	0	12310	0	2082	0	2540	0	0	0	12524	0	21316	0	8798	0	6066	0	15132	0	10148	0	632	1012	3242	478	488	0	138	994	11724	0	3864	0	0	0	8770	0	0	0	6368	0	0	0	0	0	0	0	0	0	0	0	0	0	0	0	0	0	0	0	0	0	0	0	0	0	0	0	
209804	Postcentral_R	186	20892	96	354	0	0	0	404	0	0	0	806	0	0	0	0	0	4310	330	1728	0	0	0	0	0	0	0	0	0	1414	0	0	0	3972	0	910	0	1798	0	394	0	0	0	2886	0	6230	0	974	0	2160	0	1478	0	414	0	966	0	0	0	3544	0	2068	0	9760	0	252	152	12508	0	16038	0	468	0	2336	0	130	0	180	0	216	0	1684	0	0	0	1440	0	0	0	1424	0	0	0	0	0	0	0	0	0	0	0	0	0	0	0	0	0	0	0	0	0	0	0	0	0	0	
163996	Parietal_Sup_L	1594	0	122	0	0	0	78	0	0	0	0	0	0	0	0	0	532	0	0	0	0	0	0	0	0	0	0	0	1880	0	0	0	644	0	374	0	0	0	0	0	0	0	550	0	1156	0	140	0	7386	0	14716	0	506	0	368	0	12524	0	0	0	16536	0	456	0	5798	0	15072	122	516	0	0	0	0	0	0	0	0	0	0	0	240	0	0	0	536	0	0	0	152	0	0	0	0	0	0	0	0	0	0	0	0	0	0	0	0	0	0	0	0	0	0	0	0	0	0	0	
73496	Parietal_Sup_R	0	370	0	0	0	0	0	108	0	0	0	0	0	0	0	0	0	108	0	0	0	0	0	0	0	0	0	0	0	0	0	0	0	108	0	0	0	0	0	0	0	0	0	0	0	3658	0	0	0	4978	0	2216	0	0	0	0	0	3544	0	0	0	4530	0	1924	0	5040	92	6950	0	1346	0	0	0	0	0	0	0	0	0	0	0	328	0	0	0	1314	0	0	0	134	0	0	0	0	0	0	0	0	0	0	0	0	0	0	0	0	0	0	0	0	0	0	0	0	0	0	
242368	Parietal_Inf_L	4478	0	0	74	0	0	92	0	0	0	0	0	0	0	0	0	2010	0	0	0	0	0	0	0	0	0	0	0	2362	0	0	0	202	0	390	0	594	0	168	0	0	0	910	0	292	0	0	0	1386	0	17440	0	126	0	126	0	21316	0	16536	0	0	0	13542	0	23990	0	3920	0	602	0	0	0	622	0	0	0	0	0	474	0	2914	0	0	0	4892	0	0	0	1726	0	0	0	0	0	0	0	0	0	0	0	0	0	0	0	0	0	0	0	0	0	0	0	0	0	0	0	
48384	Parietal_Inf_R	0	670	0	0	0	0	0	114	0	0	0	0	0	0	0	0	0	324	0	0	0	0	0	0	0	0	0	0	0	0	0	0	0	0	0	0	0	92	0	0	0	0	0	0	0	98	0	0	0	562	0	1004	0	0	0	0	0	2068	0	4530	0	0	0	4612	0	7232	0	398	0	120	0	0	0	0	0	0	0	0	0	0	0	490	0	0	0	1550	0	0	0	328	0	0	0	0	0	0	0	0	0	0	0	0	0	0	0	0	0	0	0	0	0	0	0	0	0	0	
126356	SupraMarginal_L	1396	0	0	0	0	0	426	0	0	0	0	0	0	0	0	0	7350	0	0	0	0	0	0	0	0	0	0	0	2264	0	0	0	0	0	0	0	202	0	0	0	0	0	0	0	0	0	0	0	0	0	982	0	0	0	0	0	8798	0	456	0	13542	0	0	0	8058	0	680	0	90	0	0	0	228	0	0	0	0	0	372	0	8590	0	0	0	8070	0	0	0	1674	0	0	0	0	0	0	0	0	0	0	0	0	0	0	0	0	0	0	0	0	0	0	0	0	0	0	0	
85800	SupraMarginal_R	0	3216	0	0	0	0	0	124	0	0	0	0	0	0	0	0	0	1954	0	0	0	0	0	0	0	0	0	0	0	98	0	0	0	0	0	0	0	150	0	0	0	0	0	0	0	0	0	0	0	0	0	0	0	0	0	0	0	9760	0	1924	0	4612	0	0	0	6992	0	0	0	116	0	0	0	0	0	0	0	0	0	0	0	8088	0	0	0	4792	0	0	0	1074	0	0	0	0	0	0	0	0	0	0	0	0	0	0	0	0	0	0	0	0	0	0	0	0	0	0	
172740	Angular_L	868	0	0	0	0	0	0	0	0	0	0	0	0	0	0	0	2000	0	0	0	0	0	0	0	0	0	0	0	988	0	0	0	0	0	180	0	0	0	0	0	0	0	846	0	244	0	0	0	998	0	18846	0	158	0	164	0	6066	0	5798	0	23990	0	8058	0	0	0	1598	0	392	0	0	0	0	0	0	0	0	0	620	0	3666	0	0	0	8738	0	0	0	2152	0	0	0	0	0	0	0	0	0	0	0	0	0	0	0	0	0	0	0	0	0	0	0	0	0	0	0	
99140	Angular_R	0	446	0	0	0	0	0	140	0	0	0	0	0	0	0	0	0	874	0	0	0	0	0	0	0	0	0	0	0	104	0	0	0	0	0	0	0	200	0	122	0	0	0	0	0	172	0	0	0	3732	0	8122	0	0	0	0	0	252	0	5040	0	7232	0	6992	0	0	0	756	0	74	0	0	0	112	0	0	0	0	0	104	0	6146	0	0	0	7442	0	0	0	1508	0	0	0	0	0	0	0	0	0	0	0	0	0	0	0	0	0	0	0	0	0	0	0	0	0	0	
334232	Precuneus_L	3548	232	296	0	0	0	228	0	0	0	0	0	0	0	0	0	1762	0	0	0	0	0	0	0	0	0	0	0	5012	0	0	0	2866	630	14058	220	5974	0	2210	0	0	0	14920	560	10256	4690	4880	0	10252	3252	18586	1274	1390	0	2430	0	15132	152	15072	92	3920	0	680	0	1598	0	0	6910	6514	368	90	82	0	0	0	0	364	88	1154	0	832	0	0	0	2752	0	0	0	1600	0	0	0	0	0	0	0	190	0	0	0	0	0	0	0	0	0	0	0	0	0	0	0	0	0	0	0	
391996	Precuneus_R	74	5018	0	216	0	0	0	0	0	0	0	158	0	0	0	0	0	2572	132	4594	0	0	0	0	0	0	0	0	0	1846	0	0	620	13228	1364	9890	0	5250	0	2082	0	0	578	16428	954	26750	0	11812	148	16352	0	12810	0	1670	0	2994	0	12508	122	6950	0	398	0	0	0	756	6910	0	0	17832	0	0	0	84	0	0	0	894	0	0	0	2846	0	0	0	3606	0	0	0	3362	0	284	0	0	0	0	0	1220	0	286	0	0	0	0	0	0	0	0	0	0	400	0	0	0	0	0	
188300	Paracentral_Lobule_L	19678	2956	722	386	0	0	120	234	0	0	80	0	0	0	0	0	146	0	6634	6258	0	0	0	0	0	0	0	0	1136	0	0	0	2900	5050	11654	108	290	598	118	500	0	0	3490	0	2700	0	116	0	352	0	1810	0	212	0	540	0	10148	0	516	0	602	0	90	0	392	0	6514	0	0	778	554	670	732	130	896	0	164	1532	336	0	92	0	0	0	944	0	0	0	272	0	0	0	0	0	0	0	0	0	0	0	0	0	0	0	0	0	0	0	0	0	0	0	0	0	0	0	
221384	Paracentral_Lobule_R	678	9530	0	154	0	0	0	134	0	0	0	0	0	0	0	0	0	284	210	14288	0	0	0	0	0	0	0	0	0	426	0	0	658	15698	134	5694	0	724	0	0	0	0	0	4362	0	6654	0	2202	0	2982	0	2822	0	614	0	656	0	16038	0	1346	0	120	0	116	0	74	368	17832	778	0	0	0	0	0	0	0	0	0	0	0	0	636	0	0	0	2524	0	0	0	1956	0	0	0	0	0	0	0	0	0	0	0	0	0	0	0	0	0	0	0	0	0	0	0	0	0	0	
385636	Caudate_L	7988	748	2822	1642	3578	600	4426	1754	296	0	3920	2076	3208	588	2282	174	974	96	6140	946	11748	9504	352	210	780	540	5742	1262	11312	3236	7152	4012	0	0	732	1936	4998	1368	394	510	610	160	0	0	0	0	0	0	0	0	0	0	0	0	1086	160	632	0	0	0	0	0	0	0	0	0	90	0	554	0	0	26326	20542	9240	3130	978	12510	4120	0	0	938	464	960	0	0	0	0	0	272	0	0	0	0	0	0	0	0	0	0	0	0	0	0	0	0	0	0	0	0	0	0	0	0	0	0	0	
528692	Caudate_R	6254	3338	6092	13504	1232	2476	6358	5518	0	82	5504	5922	2886	1880	588	1904	464	1530	7398	8966	5210	7918	356	5340	0	2304	1980	1650	4408	14658	5694	23688	0	2544	0	366	1214	2696	0	1614	152	290	0	0	0	0	0	0	0	0	82	0	0	0	220	380	1012	468	0	0	0	0	0	0	0	0	82	0	670	0	26326	0	7440	39276	168	2948	3710	14818	0	0	246	1844	294	122	0	76	0	0	0	106	0	0	0	0	0	0	0	80	0	0	0	0	0	0	0	0	0	0	0	0	0	0	0	0	0	0	
296656	Putamen_L	6050	0	8932	276	7290	0	2712	100	2256	0	1048	0	1510	0	4008	0	376	0	10800	106	2638	2536	560	194	138	0	1380	112	17090	176	5128	1886	0	0	0	304	13594	196	1954	164	148	0	0	0	0	0	100	0	0	0	0	0	0	0	2428	0	3242	0	0	0	622	0	228	0	0	0	0	0	732	0	20542	7440	0	2908	5392	170	4948	1494	92	0	2000	0	1034	0	246	0	0	0	864	0	0	0	0	0	0	0	0	0	0	0	0	0	0	0	0	0	0	0	92	92	0	0	0	0	0	0	
434804	Putamen_R	4032	2120	4622	12850	174	1894	4622	8172	0	172	1980	4706	718	2868	0	3530	368	3620	6510	7650	244	1426	206	3528	0	1340	176	1112	1596	26306	1926	12268	0	2422	138	222	620	13396	0	5858	0	240	0	0	0	0	0	84	0	0	0	0	0	0	172	4348	478	2336	0	0	0	0	0	0	0	112	0	84	130	0	9240	39276	2908	0	130	3062	1088	2498	0	212	188	4482	96	0	0	502	0	0	0	1580	0	170	0	0	0	0	0	244	0	350	0	0	0	0	0	0	0	0	0	0	0	0	0	0	0	0	
37344	Pallidum_L	456	0	1568	0	0	0	476	0	0	0	0	0	0	0	0	0	0	0	3196	0	0	0	0	0	0	0	0	0	178	0	0	0	0	0	0	0	850	0	0	0	0	0	0	0	0	0	0	0	0	0	0	0	0	0	0	0	488	0	0	0	0	0	0	0	0	0	0	0	896	0	3130	168	5392	130	0	0	1560	184	0	0	0	0	0	0	0	0	0	0	0	0	0	0	0	0	0	0	0	0	0	0	0	0	0	0	0	0	0	0	0	0	0	0	0	0	0	0	
27884	Pallidum_R	0	972	0	936	0	0	0	618	0	0	0	278	0	156	0	0	0	0	230	1112	0	0	0	0	0	0	0	0	0	282	0	0	0	134	0	0	0	906	0	454	0	0	0	0	0	0	0	0	0	0	0	0	0	0	0	486	0	130	0	0	0	0	0	0	0	0	0	0	0	0	978	2948	170	3062	0	0	0	0	0	0	0	0	0	0	0	0	0	0	0	90	0	0	0	0	0	0	0	0	0	0	0	0	0	0	0	0	0	0	0	0	0	0	0	0	0	0	
151028	Thalamus_L	12334	414	1030	430	0	0	172	142	0	0	136	0	0	0	0	0	0	132	206	78	0	0	0	0	0	0	0	0	1980	0	128	412	0	0	3332	5830	6256	2076	324	510	0	0	252	0	0	0	738	0	0	0	0	0	0	0	642	112	138	0	0	0	0	0	0	0	0	0	364	0	164	0	12510	3710	4948	1088	1560	0	0	12156	0	0	412	0	0	0	0	0	0	0	312	0	0	0	0	0	0	0	94	0	0	0	0	0	0	0	0	0	0	0	0	392	0	0	0	0	0	0	
199228	Thalamus_R	5020	9452	1080	10384	0	0	128	4912	0	0	84	74	0	0	0	0	0	744	1038	2062	160	234	0	0	0	0	0	0	454	246	180	622	0	380	1072	7088	1178	8114	0	3832	0	0	0	0	0	0	0	490	0	0	0	0	0	0	220	770	994	180	0	0	0	0	0	0	0	0	88	894	1532	0	4120	14818	1494	2498	184	0	12156	0	0	0	92	0	0	0	0	0	0	0	0	0	0	128	0	0	0	0	0	288	0	130	0	0	0	0	0	0	0	0	0	0	0	0	0	0	0	0	
157952	Heschl_L	10974	0	166	0	0	0	158	0	0	0	96	0	0	0	0	0	2716	0	210	0	0	0	0	0	0	0	0	0	15532	0	0	0	0	0	502	0	1932	0	554	0	0	0	460	0	88	0	118	0	160	0	5268	0	2068	0	2566	0	11724	0	0	0	474	0	372	0	620	0	1154	0	336	0	0	0	92	0	0	0	0	0	0	0	3710	0	0	0	9932	0	0	0	6994	0	0	0	0	0	0	0	0	0	0	0	0	0	0	0	0	0	0	0	0	0	0	0	0	0	0	0	
28500	Heschl_R	0	556	82	0	0	0	0	0	0	0	0	0	0	0	0	0	0	3058	110	0	0	0	0	0	0	0	0	0	0	2526	0	0	0	0	0	0	0	328	0	0	0	0	0	0	0	0	0	0	0	0	0	0	0	98	0	394	0	216	0	0	0	0	0	0	0	104	0	0	0	0	0	0	0	212	0	0	0	0	0	0	0	4178	0	186	0	1586	0	0	0	616	0	0	0	0	0	0	0	0	0	0	0	0	0	0	0	0	0	0	0	0	0	0	0	0	0	0	
235060	Temporal_Sup_L	4822	0	2294	0	0	0	840	0	0	0	5000	0	1402	0	0	0	15298	0	2790	124	0	0	0	0	0	0	0	0	14706	0	0	0	0	0	92	0	3912	0	292	0	172	0	114	0	0	0	0	0	76	0	1994	0	956	0	2622	0	3864	0	240	0	2914	0	8590	0	3666	0	832	0	92	0	938	246	2000	188	0	0	412	92	3710	0	0	0	2374	0	20144	0	126	0	9596	0	0	0	0	0	0	0	0	0	0	0	0	0	0	0	0	0	0	0	0	0	0	0	0	0	0	0	
185452	Temporal_Sup_R	572	822	374	512	0	0	658	454	0	0	326	598	76	0	0	0	0	4426	528	610	0	0	0	0	0	0	0	0	0	11520	0	86	0	268	0	0	0	2268	0	258	0	0	0	74	0	1266	0	0	0	346	0	1188	0	0	0	2404	0	1684	0	328	0	490	0	8088	0	6146	0	2846	0	636	464	1844	0	4482	0	0	0	0	0	4178	0	0	0	2302	0	23216	0	568	0	5820	0	0	0	0	0	0	0	0	0	0	0	0	0	0	0	0	0	0	0	0	0	0	0	0	0	0	
119148	Temporal_Pole_Sup_L	184	0	1752	0	1060	0	354	0	440	0	2708	0	1814	0	5438	0	2002	0	1312	310	2036	232	120	0	0	0	188	0	8440	0	162	0	0	192	0	0	1702	0	954	0	856	0	0	0	0	0	0	0	0	0	0	0	0	0	3592	0	0	0	0	0	0	0	0	0	0	0	0	0	0	0	960	294	1034	96	0	0	0	0	0	0	2374	0	0	0	6676	0	5530	0	6762	0	0	0	0	0	0	0	0	0	0	0	0	0	0	0	0	0	0	0	0	0	0	0	0	0	0	0	
65736	Temporal_Pole_Sup_R	0	0	0	0	0	0	0	0	0	0	0	354	0	0	0	404	0	710	0	0	0	338	0	0	0	0	0	0	0	2622	0	0	0	0	0	0	0	1390	0	3936	0	2970	0	0	0	0	0	0	0	0	0	0	0	0	0	5726	0	0	0	0	0	0	0	0	0	0	0	0	0	0	0	122	0	0	0	0	0	0	0	186	0	2302	0	0	0	2260	0	8082	0	1466	0	0	0	0	0	0	0	0	0	0	0	0	0	0	0	0	0	0	0	0	0	0	0	0	0	0	
358456	Temporal_Mid_L	7476	0	136	0	0	0	0	0	0	0	0	0	0	0	128	0	1934	0	0	0	0	0	0	0	0	0	0	0	11528	0	0	0	0	0	634	0	2140	0	436	0	0	0	1416	0	400	0	378	0	1354	0	22004	0	7754	0	5992	0	8770	0	536	0	4892	0	8070	0	8738	0	2752	0	944	0	0	0	246	0	0	0	0	0	9932	0	20144	0	6676	0	0	0	5630	0	38188	0	0	0	0	0	0	0	0	0	0	0	0	0	0	0	0	0	0	0	0	0	0	0	0	0	0	0	
264928	Temporal_Mid_R	246	1338	102	74	0	0	310	0	0	0	0	76	0	0	0	0	0	1208	134	1898	0	0	0	0	0	0	0	0	0	3166	0	0	0	1338	0	184	0	1278	0	244	0	0	188	7138	150	2420	0	644	0	3438	0	15758	0	882	0	3386	0	1440	0	1314	0	1550	0	4792	0	7442	0	3606	0	2524	0	76	0	502	0	0	0	0	0	1586	0	23216	0	2260	0	0	0	3000	0	33556	0	0	0	0	0	0	0	0	0	0	0	0	0	0	0	0	0	0	0	0	0	0	0	0	0	0	
44892	Temporal_Pole_Mid_L	0	0	0	0	0	0	0	0	0	0	0	0	0	0	0	0	0	0	0	0	0	0	0	0	0	0	0	0	294	0	0	0	0	0	0	0	210	0	414	0	134	0	0	0	0	0	0	0	0	0	0	0	0	0	3266	0	0	0	0	0	0	0	0	0	0	0	0	0	0	0	0	0	0	0	0	0	0	0	0	0	126	0	5530	0	5630	0	0	0	6842	0	0	0	0	0	0	0	0	0	0	0	0	0	0	0	0	0	0	0	0	0	0	0	0	0	0	0	
52792	Temporal_Pole_Mid_R	0	0	0	0	0	0	0	0	0	0	0	0	0	0	0	0	0	0	0	0	0	0	0	0	0	0	0	0	0	182	0	0	0	0	0	0	0	564	0	2734	0	1234	0	0	0	0	0	0	0	0	0	0	0	0	0	5652	0	0	0	0	0	0	0	0	0	0	0	0	0	0	0	0	0	0	0	0	0	0	0	0	0	568	0	8082	0	3000	0	0	0	4380	0	0	0	0	0	0	0	0	0	0	0	0	0	0	0	0	0	0	0	0	0	0	0	0	0	0	
297696	Temporal_Inf_L	6224	0	184	0	0	0	0	0	0	0	102	0	82	0	88	0	836	0	204	0	164	0	0	0	0	0	0	0	10442	0	0	0	0	0	714	0	10364	0	972	0	1088	0	408	0	0	0	0	0	414	0	4272	0	7862	0	18784	0	6368	0	152	0	1726	0	1674	0	2152	0	1600	0	272	0	272	0	864	0	0	0	312	0	6994	0	9596	0	6762	0	38188	0	6842	0	0	0	1390	0	0	0	0	0	0	0	480	0	0	0	0	0	0	0	0	0	0	0	0	0	0	0	0	0	
232184	Temporal_Inf_R	110	1764	0	0	0	0	98	0	0	0	0	306	0	0	0	0	0	1096	82	1626	0	0	0	0	0	0	0	0	0	4078	0	0	0	924	0	800	0	5906	0	1762	0	604	80	4432	92	1002	0	1936	0	1468	0	5330	0	4328	0	20544	0	1424	0	134	0	328	0	1074	0	1508	0	3362	0	1956	0	106	0	1580	0	90	0	0	0	616	0	5820	0	1466	0	33556	0	4380	0	0	0	324	0	0	0	0	0	0	0	0	0	0	0	0	0	0	0	0	0	0	0	0	0	0	0	0	
470796	Cerebelum_Crus1_L	0	0	0	0	0	0	0	0	0	0	0	0	0	0	0	0	0	0	0	0	0	0	0	0	0	0	0	0	0	0	0	0	0	0	0	0	0	0	592	0	0	0	0	0	0	0	5466	3600	0	0	0	0	134	168	12814	538	0	0	0	0	0	0	0	0	0	0	0	0	0	0	0	0	0	0	0	0	0	0	0	0	0	0	0	0	0	0	0	0	1390	0	0	2712	33044	4716	1724	250	28598	2162	51954	4194	19842	724	20956	3222	6200	1188	530	270	360	676	8220	7596	8846	1198	1388	126	
389084	Cerebelum_Crus1_R	0	0	0	0	0	0	0	0	0	0	0	0	0	0	0	0	0	0	0	0	0	0	0	0	0	0	0	0	0	0	0	0	0	0	0	266	0	944	0	2230	0	0	0	0	0	0	416	2420	0	0	0	0	0	242	0	5940	0	0	0	0	0	0	0	0	0	0	0	284	0	0	0	0	0	170	0	0	0	128	0	0	0	0	0	0	0	0	0	0	0	324	2712	0	522	24568	260	5434	2162	22184	2386	53124	104	5836	666	20038	672	6150	0	890	446	2290	8514	7150	10114	1600	2208	1148	
288872	Cerebelum_Crus2_L	0	0	0	0	0	0	0	0	0	0	0	0	0	0	0	0	0	0	0	0	0	0	0	0	0	0	0	0	0	0	0	0	0	0	0	0	0	0	0	0	0	0	0	0	0	0	754	444	0	0	0	0	0	0	198	0	0	0	0	0	0	0	0	0	0	0	0	0	0	0	0	0	0	0	0	0	0	0	0	0	0	0	0	0	0	0	0	0	0	0	33044	522	0	8102	86	0	742	118	6036	734	34780	2592	31188	3862	5564	654	216	100	76	132	508	2134	9106	1986	758	0	
318232	Cerebelum_Crus2_R	0	0	0	0	0	0	0	0	0	0	0	0	0	0	0	0	0	0	0	0	0	0	0	0	0	0	0	0	0	0	0	0	0	0	0	0	0	0	0	0	0	0	0	0	0	0	172	210	0	0	0	0	0	0	0	0	0	0	0	0	0	0	0	0	0	0	0	0	0	0	0	0	0	0	0	0	0	0	0	0	0	0	0	0	0	0	0	0	0	0	4716	24568	8102	0	168	330	888	164	2432	4152	4500	25926	5744	39622	852	11100	0	550	468	718	800	2080	15912	2718	2224	0	
42748	Cerebelum_3_L	0	0	0	0	0	0	0	0	0	0	0	0	0	0	0	0	0	0	0	0	0	0	0	0	0	0	0	0	0	0	0	0	0	0	0	0	0	0	0	0	0	0	0	0	0	0	0	106	0	0	0	0	0	0	0	0	0	0	0	0	0	0	0	0	0	0	0	0	0	0	0	0	0	0	0	0	0	0	0	0	0	0	0	0	0	0	0	0	0	0	1724	260	86	168	0	306	6648	212	2694	392	392	0	898	256	1098	190	106	0	888	2784	1368	298	296	108	96	0	
56864	Cerebelum_3_R	0	0	0	0	0	0	0	0	0	0	0	0	0	0	0	0	0	0	0	0	0	0	0	0	0	0	0	0	0	0	0	0	0	0	0	0	0	0	0	0	0	0	0	0	0	0	0	88	0	0	0	0	0	0	0	0	0	0	0	0	0	0	0	0	0	0	0	0	0	0	0	0	0	0	0	0	0	0	0	0	0	0	0	0	0	0	0	0	0	0	250	5434	0	330	306	0	1188	5274	704	5926	0	0	570	752	0	680	0	400	258	3206	1488	266	826	206	280	0	
328308	Cerebelum_4_5_L	94	0	0	0	0	0	0	0	0	0	0	0	0	0	0	0	0	0	0	0	0	0	0	0	0	0	0	0	0	0	0	0	0	0	230	0	438	0	1218	0	0	0	360	0	0	0	8122	4276	0	0	0	0	532	312	11836	1084	0	0	0	0	0	0	0	0	0	0	190	0	0	0	0	0	0	0	0	0	94	0	0	0	0	0	0	0	0	0	0	0	0	0	28598	2162	742	888	6648	1188	0	4896	39924	4230	2072	0	4394	1244	3746	844	434	172	1974	3622	19434	4466	1658	446	730	856	
249884	Cerebelum_4_5_R	0	0	0	0	0	0	0	0	0	0	0	0	0	0	0	0	0	0	0	0	0	0	0	0	0	0	0	0	0	0	0	0	0	0	0	632	0	2714	0	4868	0	0	0	272	0	0	762	10372	0	0	0	0	0	924	626	8004	0	0	0	0	0	0	0	0	0	0	0	1220	0	0	0	80	0	244	0	0	0	288	0	0	0	0	0	0	0	0	0	0	0	0	2162	22184	118	164	212	5274	4896	0	3578	28322	0	0	216	274	818	1110	0	110	82	1738	15838	3890	552	324	562	1512	
402748	Cerebelum_6_L	0	0	0	0	0	0	0	0	0	0	0	0	0	0	0	0	0	0	0	0	0	0	0	0	0	0	0	0	0	0	0	0	0	0	0	0	110	0	776	0	0	0	0	0	0	0	10354	5250	0	0	0	0	650	138	16598	556	0	0	0	0	0	0	0	0	0	0	0	0	0	0	0	0	0	0	0	0	0	0	0	0	0	0	0	0	0	0	0	0	480	0	51954	2386	6036	2432	2694	704	39924	3578	0	4204	4210	194	7068	2010	3410	890	672	238	1294	2110	14106	9256	5040	830	1090	132	
393760	Cerebelum_6_R	0	0	0	0	0	0	0	0	0	0	0	0	0	0	0	0	0	0	0	0	0	0	0	0	0	0	0	0	0	0	0	0	0	0	0	266	0	1496	0	2678	0	0	0	0	0	0	654	7780	0	0	0	0	0	1628	162	11792	0	0	0	0	0	0	0	0	0	0	0	286	0	0	0	0	0	350	0	0	0	130	0	0	0	0	0	0	0	0	0	0	0	0	4194	53124	734	4152	392	5926	4230	28322	4204	0	168	1134	920	6898	1566	4312	0	1344	568	2656	14704	13184	9514	2026	3170	2216	
255400	Cerebelum_7b_L	0	0	0	0	0	0	0	0	0	0	0	0	0	0	0	0	0	0	0	0	0	0	0	0	0	0	0	0	0	0	0	0	0	0	0	0	0	0	0	0	0	0	0	0	0	0	188	0	0	0	0	0	0	0	0	0	0	0	0	0	0	0	0	0	0	0	0	0	0	0	0	0	0	0	0	0	0	0	0	0	0	0	0	0	0	0	0	0	0	0	19842	104	34780	4500	392	0	2072	0	4210	168	0	1600	37742	3922	7964	700	396	86	0	162	758	496	4410	2576	632	0	
156104	Cerebelum_7b_R	0	0	0	0	0	0	0	0	0	0	0	0	0	0	0	0	0	0	0	0	0	0	0	0	0	0	0	0	0	0	0	0	0	0	0	0	0	0	0	0	0	0	0	0	0	0	0	0	0	0	0	0	0	0	0	0	0	0	0	0	0	0	0	0	0	0	0	0	0	0	0	0	0	0	0	0	0	0	0	0	0	0	0	0	0	0	0	0	0	0	724	5836	2592	25926	0	0	0	0	194	1134	1600	0	1894	25676	252	7302	0	0	0	0	0	106	2910	1418	488	0	
330276	Cerebelum_8_L	0	0	0	0	0	0	0	0	0	0	0	0	0	0	0	0	0	0	0	0	0	0	0	0	0	0	0	0	0	0	0	0	0	0	0	0	0	0	0	0	0	0	0	0	0	0	274	104	0	0	0	0	0	0	0	0	0	0	0	0	0	0	0	0	0	0	0	0	0	0	0	0	0	0	0	0	0	0	0	0	0	0	0	0	0	0	0	0	0	0	20956	666	31188	5744	898	570	4394	216	7068	920	37742	1894	0	8796	16638	3368	642	406	890	1478	2416	1396	6156	6520	3798	0	
321836	Cerebelum_8_R	0	0	0	0	0	0	0	0	0	0	0	0	0	0	0	0	0	0	0	0	0	0	0	0	0	0	0	0	0	0	0	0	0	0	0	0	0	0	0	0	0	0	0	0	0	0	0	152	0	0	0	0	0	0	0	0	0	0	0	0	0	0	0	0	0	0	0	0	0	0	0	0	0	0	0	0	0	0	0	0	0	0	0	0	0	0	0	0	0	0	3222	20038	3862	39622	256	752	1244	274	2010	6898	3922	25676	8796	0	1956	17682	0	730	534	1130	908	1416	10644	5768	3344	82	
143160	Cerebelum_9_L	0	0	0	0	0	0	0	0	0	0	0	0	0	0	0	0	0	0	0	0	0	0	0	0	0	0	0	0	0	0	0	0	0	0	0	0	0	0	0	0	0	0	0	0	0	0	0	962	0	0	0	0	0	140	0	472	0	0	0	0	0	0	0	0	0	0	0	0	0	0	0	0	0	0	0	0	0	0	0	0	0	0	0	0	0	0	0	0	0	0	6200	672	5564	852	1098	0	3746	818	3410	1566	7964	252	16638	1956	0	2912	1608	104	132	270	3010	2718	1634	2448	4032	402	
163896	Cerebelum_9_R	0	0	0	0	0	0	0	0	0	0	0	0	0	0	0	0	0	0	0	0	0	0	0	0	0	0	0	0	0	0	0	0	0	0	0	0	0	0	0	0	0	0	0	0	0	0	0	166	0	0	0	0	0	0	0	206	0	0	0	0	0	0	0	0	0	0	0	0	0	0	0	0	0	0	0	0	0	0	0	0	0	0	0	0	0	0	0	0	0	0	1188	6150	654	11100	190	680	844	1110	890	4312	700	7302	3368	17682	2912	0	0	1586	228	706	1556	2246	4462	3502	6432	1776	
9380	Cerebelum_10_L	0	0	0	0	0	0	0	0	0	0	0	0	0	0	0	0	0	0	0	0	0	0	0	0	0	0	0	0	0	0	0	0	0	0	0	0	0	0	0	0	0	0	0	0	0	0	0	0	0	0	0	0	0	0	86	0	0	0	0	0	0	0	0	0	0	0	0	0	0	0	0	0	0	0	0	0	0	0	0	0	0	0	0	0	0	0	0	0	0	0	530	0	216	0	106	0	434	0	672	0	396	0	642	0	1608	0	0	0	0	0	0	0	0	0	0	0	
21444	Cerebelum_10_R	0	0	0	0	0	0	0	0	0	0	0	0	0	0	0	0	0	0	0	0	0	0	0	0	0	0	0	0	0	0	0	0	0	0	0	0	0	0	0	0	0	0	0	0	0	0	0	0	0	0	0	0	0	0	0	0	0	0	0	0	0	0	0	0	0	0	0	0	0	0	0	0	0	0	0	0	0	0	0	0	0	0	0	0	0	0	0	0	0	0	270	890	100	550	0	400	172	110	238	1344	86	0	406	730	104	1586	0	0	0	278	128	260	1130	806	1134	0	
34528	Vermis_1_2	0	0	0	0	0	0	0	0	0	0	0	0	0	0	0	0	0	0	0	0	0	0	0	0	0	0	0	0	0	0	0	0	0	0	0	0	134	0	150	0	0	0	0	0	0	0	0	0	0	0	0	0	0	0	0	0	0	0	0	0	0	0	0	0	0	0	0	0	0	0	0	0	92	0	0	0	0	0	0	0	0	0	0	0	0	0	0	0	0	0	360	446	76	468	888	258	1974	82	1294	568	0	0	890	534	132	228	0	0	0	5832	1612	328	628	134	156	0	
73240	Vermis_3	374	0	0	0	0	0	0	0	0	0	0	0	0	0	0	0	0	0	0	0	0	0	0	0	0	0	0	0	0	0	0	0	0	0	0	0	158	0	186	0	0	0	0	0	0	0	0	0	0	0	0	0	0	0	0	0	0	0	0	0	0	0	0	0	0	0	0	0	0	0	0	0	92	0	0	0	392	0	0	0	0	0	0	0	0	0	0	0	0	0	676	2290	132	718	2784	3206	3622	1738	2110	2656	162	0	1478	1130	270	706	0	278	5832	0	3082	548	1314	306	380	0	
267624	Vermis_4_5	0	0	0	0	0	0	0	0	0	0	0	0	0	0	0	0	0	0	0	0	0	0	0	0	0	0	0	0	0	0	0	0	0	0	0	200	0	374	0	212	0	0	0	78	0	0	2714	8402	0	0	0	0	128	1062	2482	4176	0	0	0	0	0	0	0	0	0	0	0	400	0	0	0	0	0	0	0	0	0	0	0	0	0	0	0	0	0	0	0	0	0	0	8220	8514	508	800	1368	1488	19434	15838	14106	14704	758	0	2416	908	3010	1556	0	128	1612	3082	0	8612	1638	704	1418	2762	
