data	data	587640	235860	1.0171e+06	792540	129144	75916	420060	302228	102304	48272	289928	303168	303664	168616	312168	159108	251664	135480	611628	849424	92676	102540	345996	353144	42864	95388	44296	61724	896080	501728	351048	412808	214804	571180	178356	148000	340812	401180	97000	292756	24644	55620	178940	260496	108464	243284	316964	354820	163396	266952	342688	187064	154472	92752	555656	577080	379464	218332	143656	161736	227428	140236	79628	88796	108764	140292	208264	300660	327960	368872	610256	836944	565028	745160	67048	36028	197848	198640	117328	38000	233892	115276	111668	69304	259480	204140	25140	25428	426664	208720	497284	394968	242768	260796	36940	50632	295404	270764	471908	419964	204652	101248	315800	302284	86424	102724	20448	4940	12584	43892	278292	191916	175476	109668	71232	29324	
data	data	Precentral_L	Precentral_R	Frontal_Sup_L	Frontal_Sup_R	Frontal_Sup_Orb_L	Frontal_Sup_Orb_R	Frontal_Mid_L	Frontal_Mid_R	Frontal_Mid_Orb_L	Frontal_Mid_Orb_R	Frontal_Inf_Oper_L	Frontal_Inf_Oper_R	Frontal_Inf_Tri_L	Frontal_Inf_Tri_R	Frontal_Inf_Orb_L	Frontal_Inf_Orb_R	Rolandic_Oper_L	Rolandic_Oper_R	Supp_Motor_Area_L	Supp_Motor_Area_R	Olfactory_L	Olfactory_R	Frontal_Sup_Medial_L	Frontal_Sup_Medial_R	Frontal_Med_Orb_L	Frontal_Med_Orb_R	Rectus_L	Rectus_R	Insula_L	Insula_R	Cingulum_Ant_L	Cingulum_Ant_R	Cingulum_Mid_L	Cingulum_Mid_R	Cingulum_Post_L	Cingulum_Post_R	Hippocampus_L	Hippocampus_R	ParaHippocampal_L	ParaHippocampal_R	Amygdala_L	Amygdala_R	Calcarine_L	Calcarine_R	Cuneus_L	Cuneus_R	Lingual_L	Lingual_R	Occipital_Sup_L	Occipital_Sup_R	Occipital_Mid_L	Occipital_Mid_R	Occipital_Inf_L	Occipital_Inf_R	Fusiform_L	Fusiform_R	Postcentral_L	Postcentral_R	Parietal_Sup_L	Parietal_Sup_R	Parietal_Inf_L	Parietal_Inf_R	SupraMarginal_L	SupraMarginal_R	Angular_L	Angular_R	Precuneus_L	Precuneus_R	Paracentral_Lobule_L	Paracentral_Lobule_R	Caudate_L	Caudate_R	Putamen_L	Putamen_R	Pallidum_L	Pallidum_R	Thalamus_L	Thalamus_R	Heschl_L	Heschl_R	Temporal_Sup_L	Temporal_Sup_R	Temporal_Pole_Sup_L	Temporal_Pole_Sup_R	Temporal_Mid_L	Temporal_Mid_R	Temporal_Pole_Mid_L	Temporal_Pole_Mid_R	Temporal_Inf_L	Temporal_Inf_R	Cerebelum_Crus1_L	Cerebelum_Crus1_R	Cerebelum_Crus2_L	Cerebelum_Crus2_R	Cerebelum_3_L	Cerebelum_3_R	Cerebelum_4_5_L	Cerebelum_4_5_R	Cerebelum_6_L	Cerebelum_6_R	Cerebelum_7b_L	Cerebelum_7b_R	Cerebelum_8_L	Cerebelum_8_R	Cerebelum_9_L	Cerebelum_9_R	Cerebelum_10_L	Cerebelum_10_R	Vermis_1_2	Vermis_3	Vermis_4_5	Vermis_6	Vermis_7	Vermis_8	Vermis_9	Vermis_10	
587640	Precentral_L	0	1824	48744	3198	0	0	24458	884	0	0	10270	468	2242	148	312	438	9786	418	18340	3462	0	0	0	0	0	0	0	0	16906	2142	0	172	0	1058	226	154	10116	4140	130	3666	0	0	0	0	0	0	0	0	96	0	480	0	348	0	4924	3310	30710	624	1092	0	2626	0	448	0	202	0	114	0	23256	1196	2880	9956	10784	9210	2536	374	4100	702	5046	0	2550	614	0	0	2412	148	0	0	6774	800	940	0	0	0	0	0	0	0	866	0	0	0	0	0	0	0	0	0	0	0	0	0	0	0	0	0	
235860	Precentral_R	1824	0	1452	7224	0	0	78	6596	0	0	324	10090	164	960	340	380	0	2810	1458	6154	0	0	0	0	0	0	0	0	1118	7104	0	0	250	212	0	0	988	5478	0	1280	0	0	0	0	0	0	0	0	0	0	0	0	0	0	462	1158	274	12662	0	328	392	622	0	1344	0	116	0	236	2386	5978	6750	3550	2526	6674	2406	0	5718	4522	0	292	78	324	198	402	0	240	0	0	400	1152	228	0	0	0	0	0	0	0	228	0	0	0	0	0	0	0	0	0	0	0	0	0	0	0	0	0	
1.0171e+06	Frontal_Sup_L	48744	1452	0	9942	8518	176	76824	2372	2918	226	16812	2272	15000	676	8700	1036	9842	600	52502	13158	0	0	36290	10600	2410	222	532	0	38506	4102	18018	6476	6174	7112	0	0	4156	3366	80	3044	0	0	0	0	0	0	0	0	0	0	0	0	0	0	1532	2752	12866	456	220	0	1482	0	168	0	0	0	0	0	12868	0	13134	12340	16054	10780	1920	180	266	0	816	0	1878	622	812	0	418	134	0	0	3182	534	140	0	0	0	0	0	0	0	140	0	0	0	0	0	0	0	0	0	0	0	0	0	0	0	0	0	
792540	Frontal_Sup_R	3198	7224	9942	0	198	3350	1248	36046	384	740	1318	7620	1240	9190	3216	3676	180	6294	15240	63878	84	390	6632	31662	0	4906	0	1298	5926	13968	5520	31092	4758	24218	104	0	548	4644	0	2494	0	0	0	0	0	0	0	0	0	0	0	0	0	0	306	2648	904	1610	0	0	474	0	0	0	0	0	0	0	2832	194	9734	24528	4008	24176	442	1656	2484	4186	0	642	400	252	568	798	0	0	0	0	420	582	0	0	0	0	0	0	0	0	0	0	0	0	0	0	0	0	0	0	0	0	0	0	0	0	0	0	
129144	Frontal_Sup_Orb_L	0	0	8518	198	0	0	934	108	9632	0	0	0	848	0	6564	318	0	0	0	0	726	196	4104	768	4364	86	4884	0	2214	94	4780	788	0	0	0	0	0	0	0	0	0	0	0	0	0	0	0	0	0	0	0	0	0	0	0	0	0	0	0	0	0	0	0	0	0	0	0	0	0	0	4720	854	8430	232	0	0	0	0	0	0	0	0	212	0	0	0	0	0	0	0	0	0	0	0	0	0	0	0	0	0	0	0	0	0	0	0	0	0	0	0	0	0	0	0	0	0	
75916	Frontal_Sup_Orb_R	0	0	176	3350	0	0	0	82	0	3070	0	0	0	0	0	1938	0	0	0	0	336	1558	600	2252	216	7564	0	7018	0	552	236	588	0	0	0	0	0	0	0	0	0	0	0	0	0	0	0	0	0	0	0	0	0	0	0	0	0	0	0	0	0	0	0	0	0	0	0	0	0	0	380	3546	362	4134	0	0	0	0	0	0	0	0	0	0	0	0	0	0	0	0	0	0	0	0	0	0	0	0	0	0	0	0	0	0	0	0	0	0	0	0	0	0	0	0	0	0	
420060	Frontal_Mid_L	24458	78	76824	1248	934	0	0	394	1736	0	11830	242	29660	116	5214	238	1942	0	2878	1122	0	0	6480	1082	0	0	0	0	21044	246	3234	742	1526	536	0	0	1348	404	0	352	0	0	0	0	0	0	0	0	0	0	0	0	0	0	580	330	4378	0	130	0	560	0	0	0	0	0	0	0	352	0	1894	1392	1666	928	200	0	130	0	508	0	236	0	0	0	0	0	0	0	546	88	102	0	0	0	0	0	0	0	102	0	0	0	0	0	0	0	0	0	0	0	0	0	0	0	0	0	
302228	Frontal_Mid_R	884	6596	2372	36046	108	82	394	0	300	1194	876	12740	526	14640	2892	3596	78	3862	1984	4616	0	0	394	4488	0	0	0	0	3254	9360	550	5220	100	2478	0	0	80	124	0	0	0	0	0	0	0	0	0	0	0	0	0	0	0	0	0	104	600	734	0	0	666	0	0	0	0	0	0	0	344	0	8594	8384	2368	7422	0	82	0	182	0	380	114	130	438	602	0	0	0	0	136	0	0	0	0	0	0	0	0	0	0	0	0	0	0	0	0	0	0	0	0	0	0	0	0	0	0	0	
102304	Frontal_Mid_Orb_L	0	0	2918	384	9632	0	1736	300	0	0	0	104	2006	82	14918	634	0	0	0	156	0	0	352	0	192	0	856	0	3250	288	1730	360	0	0	0	0	0	0	0	0	0	0	0	0	0	0	0	0	0	0	0	0	0	0	0	0	0	0	0	0	0	0	0	0	0	0	0	0	0	0	4056	1726	4704	768	0	0	0	0	0	0	0	0	0	0	0	0	0	0	0	0	0	0	0	0	0	0	0	0	0	0	0	0	0	0	0	0	0	0	0	0	0	0	0	0	0	0	
48272	Frontal_Mid_Orb_R	0	0	226	740	0	3070	0	1194	0	0	240	182	130	624	0	8114	0	0	194	0	0	82	0	0	0	724	0	326	566	922	0	0	0	0	0	0	0	0	0	0	0	0	0	0	0	0	0	0	0	0	0	0	0	0	0	0	0	0	0	0	0	0	0	0	0	0	0	0	0	0	894	2046	638	2922	0	0	0	212	0	0	0	0	90	0	0	0	0	0	0	0	0	0	0	0	0	0	0	0	0	0	0	0	0	0	0	0	0	0	0	0	0	0	0	0	0	0	
289928	Frontal_Inf_Oper_L	10270	324	16812	1318	0	0	11830	876	0	240	0	1306	14778	526	384	568	14864	0	9368	3050	0	0	256	116	0	0	0	0	32250	1290	256	172	432	80	0	0	0	0	0	0	0	0	0	0	0	0	0	0	0	0	0	0	0	0	0	0	5720	0	0	0	276	0	0	0	0	0	0	0	0	0	3764	2280	2744	1696	0	0	0	0	378	0	2650	0	4090	0	0	0	0	0	0	0	0	0	0	0	0	0	0	0	0	0	0	0	0	0	0	0	0	0	0	0	0	0	0	0	0	0	
303168	Frontal_Inf_Oper_R	468	10090	2272	7620	0	0	242	12740	104	182	1306	0	294	9374	1786	1890	0	7460	2836	6318	0	0	88	422	0	0	0	0	2958	26626	262	1386	0	492	0	0	0	0	0	0	0	0	0	0	0	0	0	0	0	0	0	0	0	0	0	0	770	5508	0	0	556	0	0	334	0	0	0	0	124	0	5950	14802	1782	20618	0	0	0	0	0	308	234	252	860	2164	0	0	0	0	106	0	0	0	0	0	0	0	0	0	0	0	0	0	0	0	0	0	0	0	0	0	0	0	0	0	0	0	
303664	Frontal_Inf_Tri_L	2242	164	15000	1240	848	0	29660	526	2006	130	14778	294	0	202	20094	482	1668	0	2448	1076	0	0	3320	952	0	0	0	0	32258	286	6178	1030	2308	810	0	0	0	0	0	0	0	0	0	0	0	0	0	0	0	0	0	0	0	0	0	0	682	0	0	0	0	0	0	0	0	0	0	0	0	0	5014	1424	3380	852	0	0	0	0	0	0	184	0	296	0	0	0	0	0	0	0	0	0	0	0	0	0	0	0	0	0	0	0	0	0	0	0	0	0	0	0	0	0	0	0	0	0	
168616	Frontal_Inf_Tri_R	148	960	676	9190	0	0	116	14640	82	624	526	9374	202	0	858	3928	0	448	664	4154	0	0	266	962	0	0	0	0	1486	13894	0	860	0	1508	0	0	0	0	0	0	0	0	0	0	0	0	0	0	0	0	0	0	0	0	0	0	468	348	0	0	434	0	0	0	0	0	0	0	0	0	2936	8632	648	5006	0	0	0	0	0	0	0	0	270	0	0	0	0	0	0	0	0	0	0	0	0	0	0	0	0	0	0	0	0	0	0	0	0	0	0	0	0	0	0	0	0	0	
312168	Frontal_Inf_Orb_L	312	340	8700	3216	6564	0	5214	2892	14918	0	384	1786	20094	858	0	3132	0	0	902	2160	1300	0	3370	1014	0	0	542	0	25500	982	7422	1600	1082	1076	0	0	804	86	132	0	512	0	0	0	0	0	0	0	0	0	0	0	0	0	164	0	0	0	0	0	0	0	0	0	0	0	0	0	112	0	16754	7090	11130	1728	0	124	0	0	0	0	0	0	1948	0	0	0	0	0	140	0	0	0	0	0	0	0	0	0	0	0	0	0	0	0	0	0	0	0	0	0	0	0	0	0	0	0	
159108	Frontal_Inf_Orb_R	438	380	1036	3676	318	1938	238	3596	634	8114	568	1890	482	3928	3132	0	0	0	516	612	0	764	88	214	0	84	0	636	2674	8826	526	1124	0	0	0	0	0	96	0	0	0	308	0	0	0	0	0	0	0	0	0	0	0	0	0	0	140	90	0	0	134	0	0	0	0	0	0	0	0	0	6628	13324	2214	8688	0	0	0	950	0	0	0	0	240	190	0	0	0	0	120	0	0	0	0	0	0	0	0	0	0	0	0	0	0	0	0	0	0	0	0	0	0	0	0	0	0	0	
251664	Rolandic_Oper_L	9786	0	9842	180	0	0	1942	78	0	0	14864	0	1668	0	0	0	0	0	9072	1266	0	0	0	0	0	0	0	0	27362	0	0	0	80	170	634	222	364	0	0	0	0	0	0	0	0	0	0	0	0	0	634	0	128	0	88	0	13590	132	688	0	1842	0	3260	0	1522	0	822	0	278	158	408	136	594	104	0	0	0	0	5612	0	12468	0	1774	0	2810	0	0	0	1254	0	0	0	0	0	0	0	0	0	0	0	0	0	0	0	0	0	0	0	0	0	0	0	0	0	0	0	
135480	Rolandic_Oper_R	418	2810	600	6294	0	0	0	3862	0	0	0	7460	0	448	0	0	0	0	860	3638	0	0	0	0	0	0	0	0	112	14372	0	0	0	102	0	0	0	188	0	0	0	0	0	0	0	0	0	0	0	0	0	0	0	0	0	116	0	4550	0	0	96	412	0	2598	0	0	0	0	398	0	358	2242	98	7274	0	0	0	0	0	2856	0	2842	0	2226	0	390	0	0	0	120	0	0	0	0	0	0	0	0	0	0	0	0	0	0	0	0	0	0	0	0	0	0	0	0	0	0	
611628	Supp_Motor_Area_L	18340	1458	52502	15240	0	0	2878	1984	0	194	9368	2836	2448	664	902	516	9072	860	0	34402	0	0	4476	3648	0	0	0	0	22698	4284	2236	4412	14760	16666	136	134	1878	3044	0	2872	0	0	0	0	0	0	0	0	0	0	0	0	0	0	914	2658	6012	410	0	0	518	0	0	0	0	0	100	0	13910	2366	4316	10592	8612	10416	1896	196	370	0	258	0	2318	102	870	180	316	0	0	0	3096	480	0	0	0	0	0	0	0	0	0	0	0	0	0	0	0	0	0	0	0	0	0	0	0	0	0	0	
849424	Supp_Motor_Area_R	3462	6154	13158	63878	0	0	1122	4616	156	0	3050	6318	1076	4154	2160	612	1266	3638	34402	0	0	0	3322	8108	0	0	0	0	7198	12822	3446	13196	10822	50340	634	898	1076	7246	78	3062	0	0	0	192	0	112	0	126	0	140	0	0	0	506	840	3924	858	3526	0	262	308	1080	0	1940	0	428	196	678	12986	42098	7700	20134	3374	16076	262	1650	6606	14972	0	1196	488	1570	546	720	0	2170	0	0	880	4698	0	0	0	0	0	0	0	0	0	0	0	0	0	0	0	0	0	0	0	0	0	0	0	0	0	0	
92676	Olfactory_L	0	0	0	84	726	336	0	0	0	0	0	0	0	0	1300	0	0	0	0	0	0	7546	0	0	0	158	1350	714	2464	0	2888	1994	0	0	0	0	824	0	680	0	650	0	0	0	0	0	0	0	0	0	0	0	0	0	230	0	0	0	0	0	0	0	0	0	0	0	0	0	0	0	9022	6234	5780	1932	360	0	0	0	0	0	0	0	1066	0	0	0	0	0	0	0	0	0	0	0	0	0	0	0	0	0	0	0	0	0	0	0	0	0	0	0	0	0	0	0	0	0	
102540	Olfactory_R	0	0	0	390	196	1558	0	0	0	82	0	0	0	0	0	764	0	0	0	0	7546	0	0	316	0	1286	970	2694	0	1836	2036	2214	0	0	0	0	0	252	0	144	0	1102	0	0	0	0	0	0	0	0	0	0	0	0	0	0	0	0	0	0	0	0	0	0	0	0	0	0	0	0	8952	8322	6366	3316	706	112	0	0	0	0	0	0	0	110	0	0	0	0	0	0	0	0	0	0	0	0	0	0	0	0	0	0	0	0	0	0	0	0	0	0	0	0	0	0	0	0	
345996	Frontal_Sup_Medial_L	0	0	36290	6632	4104	600	6480	394	352	0	256	88	3320	266	3370	88	0	0	4476	3322	0	0	0	25796	3464	1670	580	0	5326	0	25550	14830	8796	12218	0	0	0	0	0	0	0	0	0	0	0	0	0	0	0	0	0	0	0	0	0	0	0	0	0	0	0	0	0	0	0	0	0	0	0	0	2648	738	1110	234	0	0	0	0	0	0	0	0	0	0	0	0	0	0	0	0	0	0	0	0	0	0	0	0	0	0	0	0	0	0	0	0	0	0	0	0	0	0	0	0	0	0	
353144	Frontal_Sup_Medial_R	0	0	10600	31662	768	2252	1082	4488	0	0	116	422	952	962	1014	214	0	0	3648	8108	0	316	25796	0	722	7080	0	1064	1518	342	10764	26708	3352	20038	0	0	0	0	0	0	0	0	0	0	0	0	0	0	0	0	0	0	0	0	0	0	0	0	0	0	0	0	0	0	0	0	0	0	0	0	1206	6350	586	4230	0	0	0	212	0	0	0	0	0	0	0	0	0	0	0	0	0	0	0	0	0	0	0	0	0	0	0	0	0	0	0	0	0	0	0	0	0	0	0	0	0	0	
42864	Frontal_Med_Orb_L	0	0	2410	0	4364	216	0	0	192	0	0	0	0	0	0	0	0	0	0	0	0	0	3464	722	0	1308	2344	416	0	0	4266	294	0	0	0	0	0	0	0	0	0	0	0	0	0	0	0	0	0	0	0	0	0	0	0	0	0	0	0	0	0	0	0	0	0	0	0	0	0	0	602	0	834	0	0	0	0	0	0	0	0	0	0	0	0	0	0	0	0	0	0	0	0	0	0	0	0	0	0	0	0	0	0	0	0	0	0	0	0	0	0	0	0	0	0	0	
95388	Frontal_Med_Orb_R	0	0	222	4906	86	7564	0	0	0	724	0	0	0	0	0	84	0	0	0	0	158	1286	1670	7080	1308	0	128	5884	0	0	2490	5176	0	0	0	0	0	0	0	0	0	0	0	0	0	0	0	0	0	0	0	0	0	0	0	0	0	0	0	0	0	0	0	0	0	0	0	0	0	0	182	4710	152	3884	0	0	0	0	0	0	0	0	0	0	0	0	0	0	0	0	0	0	0	0	0	0	0	0	0	0	0	0	0	0	0	0	0	0	0	0	0	0	0	0	0	0	
44296	Rectus_L	0	0	532	0	4884	0	0	0	856	0	0	0	0	0	542	0	0	0	0	0	1350	970	580	0	2344	128	0	160	202	0	2912	420	0	0	0	0	0	0	0	0	0	0	0	0	0	0	0	0	0	0	0	0	0	0	0	0	0	0	0	0	0	0	0	0	0	0	0	0	0	0	2704	564	2894	106	0	0	0	0	0	0	0	0	0	0	0	0	0	0	0	0	0	0	0	0	0	0	0	0	0	0	0	0	0	0	0	0	0	0	0	0	0	0	0	0	0	0	
61724	Rectus_R	0	0	0	1298	0	7018	0	0	0	326	0	0	0	0	0	636	0	0	0	0	714	2694	0	1064	416	5884	160	0	0	662	376	1730	0	0	0	0	0	0	0	0	0	0	0	0	0	0	0	0	0	0	0	0	0	0	0	0	0	0	0	0	0	0	0	0	0	0	0	0	0	0	712	3190	620	3362	0	0	0	0	0	0	0	0	0	0	0	0	0	0	0	0	0	0	0	0	0	0	0	0	0	0	0	0	0	0	0	0	0	0	0	0	0	0	0	0	0	0	
896080	Insula_L	16906	1118	38506	5926	2214	0	21044	3254	3250	566	32250	2958	32258	1486	25500	2674	27362	112	22698	7198	2464	0	5326	1518	0	0	202	0	0	3050	8802	1874	3612	1634	382	88	14248	408	1098	350	928	0	0	0	0	0	0	0	0	0	396	0	0	0	8300	320	9234	180	902	0	2910	0	1602	0	1264	0	368	0	1788	80	18896	9808	31636	5820	0	282	292	0	11860	0	16626	102	8284	0	7212	0	84	0	16530	0	0	0	0	0	0	0	0	0	0	0	0	0	0	0	0	0	0	0	0	0	0	0	0	0	0	0	
501728	Insula_R	2142	7104	4102	13968	94	552	246	9360	288	922	1290	26626	286	13894	982	8826	0	14372	4284	12822	0	1836	0	342	0	0	0	662	3050	0	124	1154	0	1216	0	0	134	3474	0	1324	0	1122	0	0	0	0	0	0	0	92	0	0	0	0	124	1542	920	6190	0	988	666	1308	0	1534	0	160	0	1234	412	2064	5732	24838	2962	45202	0	0	0	396	0	3188	292	6418	920	2744	0	2678	0	0	208	1454	0	0	0	0	0	0	0	0	0	0	0	0	0	0	0	0	0	0	0	0	0	0	0	0	0	0	
351048	Cingulum_Ant_L	0	0	18018	5520	4780	236	3234	550	1730	0	256	262	6178	0	7422	526	0	0	2236	3446	2888	2036	25550	10764	4266	2490	2912	376	8802	124	0	22508	6238	6316	0	0	0	0	0	0	0	0	0	0	0	0	0	0	0	0	0	0	0	0	0	0	0	0	0	0	0	0	0	0	0	0	0	0	0	0	13998	4240	5988	1634	0	0	0	0	0	0	0	0	0	0	0	0	0	0	0	0	0	0	0	0	0	0	0	0	0	0	0	0	0	0	0	0	0	0	0	0	0	0	0	0	0	0	
412808	Cingulum_Ant_R	172	0	6476	31092	788	588	742	5220	360	0	172	1386	1030	860	1600	1124	0	0	4412	13196	1994	2214	14830	26708	294	5176	420	1730	1874	1154	22508	0	5662	21210	0	0	0	0	0	0	0	0	0	0	0	0	0	0	0	0	0	0	0	0	0	0	0	0	0	0	0	0	0	0	0	0	0	0	0	0	4912	15706	2370	7648	0	0	0	568	0	0	84	0	124	0	0	0	0	0	0	0	0	0	0	0	0	0	0	0	0	0	0	0	0	0	0	0	0	0	0	0	0	0	0	0	0	0	
214804	Cingulum_Mid_L	0	250	6174	4758	0	0	1526	100	0	0	432	0	2308	0	1082	0	80	0	14760	10822	0	0	8796	3352	0	0	0	0	3612	0	6238	5662	0	16852	3626	634	0	0	0	0	0	0	252	0	318	0	0	0	472	0	1182	0	0	0	0	0	474	0	672	0	146	0	0	0	114	0	6428	460	2868	2274	214	134	84	0	0	0	0	78	0	0	86	0	0	0	0	0	0	0	82	0	0	0	0	0	0	0	0	0	0	0	0	0	0	0	0	0	0	0	0	0	0	0	0	0	0	0	
571180	Cingulum_Mid_R	1058	212	7112	24218	0	0	536	2478	0	0	80	492	810	1508	1076	0	170	102	16666	50340	0	0	12218	20038	0	0	0	0	1634	1216	6316	21210	16852	0	6428	8332	250	1182	0	0	0	0	0	1464	0	2172	0	90	196	2270	1246	374	400	856	1364	1118	1722	5768	130	872	82	732	0	1048	0	318	2306	9168	10700	26734	482	2200	182	858	0	0	794	248	88	300	370	996	0	0	522	1804	0	0	610	2120	126	0	0	0	0	0	0	0	0	0	0	0	0	0	0	0	0	0	0	0	226	0	0	0	0	0	
178356	Cingulum_Post_L	226	0	0	104	0	0	0	0	0	0	0	0	0	0	0	0	634	0	136	634	0	0	0	0	0	0	0	0	382	0	0	0	3626	6428	0	11622	3228	3022	1408	648	0	0	2294	206	258	296	1808	672	862	742	4016	96	1248	262	3042	1062	3316	2584	746	90	1114	0	410	0	834	0	9490	2446	2114	5928	0	0	0	0	0	0	1948	960	200	0	678	0	0	0	2086	140	0	0	2132	434	280	0	0	0	0	0	554	198	0	0	0	0	0	0	0	0	0	0	0	0	1534	0	0	0	0	0	
148000	Cingulum_Post_R	154	0	0	0	0	0	0	0	0	0	0	0	0	0	0	0	222	0	134	898	0	0	0	0	0	0	0	0	88	0	0	0	634	8332	11622	0	2546	4540	344	1012	0	0	0	1920	0	844	0	1622	192	1650	1152	282	342	780	2188	1722	1928	2180	104	418	0	0	0	0	0	0	2236	8340	922	4472	0	0	0	0	0	0	2438	1814	144	0	354	0	0	0	538	270	0	0	1238	1118	210	0	0	0	0	94	0	308	114	0	0	0	0	0	0	0	0	0	0	0	1540	0	0	0	0	0	
340812	Hippocampus_L	10116	988	4156	548	0	0	1348	80	0	0	0	0	0	0	804	0	364	0	1878	1076	824	0	0	0	0	0	0	0	14248	134	0	0	0	250	3228	2546	0	3236	11352	1264	4888	0	288	0	0	0	1888	792	0	0	0	0	0	0	24686	920	1370	0	150	0	318	0	0	0	100	0	1404	758	2764	182	2068	1656	16056	1012	1304	358	8512	3106	3168	0	1850	0	1006	0	728	0	0	0	23576	0	2712	0	0	0	0	284	644	472	2862	0	0	0	0	0	0	0	0	0	0	0	84	0	0	0	0	0	
401180	Hippocampus_R	4140	5478	3366	4644	0	0	404	124	0	0	0	0	0	0	86	96	0	188	3044	7246	0	252	0	0	0	0	0	0	408	3474	0	0	0	1182	3022	4540	3236	0	446	33154	0	9378	0	92	0	0	0	1930	0	0	0	0	124	184	1768	34992	670	1246	0	428	0	414	0	928	0	0	0	1920	3578	4204	620	6912	878	18844	132	1352	3318	7772	0	0	0	884	0	2778	0	1506	0	754	1470	10756	248	0	0	0	0	392	0	1208	236	0	0	0	0	0	0	0	0	0	0	0	144	0	0	0	0	0	
97000	ParaHippocampal_L	130	0	80	0	0	0	0	0	0	0	0	0	0	0	132	0	0	0	0	78	680	0	0	0	0	0	0	0	1098	0	0	0	0	0	1408	344	11352	446	0	486	960	0	190	0	0	0	5960	1004	0	0	122	0	86	0	9562	264	0	0	0	0	0	0	0	0	0	0	1634	230	154	0	0	0	540	0	0	0	1572	248	0	0	0	0	556	0	0	0	0	0	1782	0	366	0	0	0	292	404	3774	534	1314	0	0	0	162	0	264	0	100	0	0	192	0	0	0	0	0	0	
292756	ParaHippocampal_R	3666	1280	3044	2494	0	0	352	0	0	0	0	0	0	0	0	0	0	0	2872	3062	0	144	0	0	0	0	0	0	350	1324	0	0	0	0	648	1012	1264	33154	486	0	0	5494	0	0	0	0	0	5114	0	0	0	0	0	0	600	30380	496	186	0	84	0	94	0	178	0	0	0	1930	1610	636	478	5466	754	13702	116	1196	1032	2748	0	0	0	316	0	2906	0	506	0	1312	640	3946	0	168	0	88	0	1432	114	5094	98	922	0	0	0	214	0	0	0	0	0	310	866	0	0	0	0	0	
24644	Amygdala_L	0	0	0	0	0	0	0	0	0	0	0	0	0	0	512	0	0	0	0	0	650	0	0	0	0	0	0	0	928	0	0	0	0	0	0	0	4888	0	960	0	0	0	0	0	0	0	0	0	0	0	0	0	0	0	2522	0	0	0	0	0	0	0	0	0	0	0	0	0	0	0	0	0	160	0	0	0	0	0	0	0	0	0	466	0	0	0	0	0	1236	0	0	0	0	0	0	0	0	0	0	0	0	0	0	0	0	0	0	0	0	0	0	0	0	0	0	0	
55620	Amygdala_R	0	0	0	0	0	0	0	0	0	0	0	0	0	0	0	308	0	0	0	0	0	1102	0	0	0	0	0	0	0	1122	0	0	0	0	0	0	0	9378	0	5494	0	0	0	0	0	0	0	0	0	0	0	0	0	0	0	4854	0	0	0	0	0	0	0	0	0	0	0	0	0	0	0	0	0	640	0	0	0	0	0	0	0	0	0	3226	0	0	0	782	0	776	0	0	0	0	0	0	0	128	0	0	0	0	0	0	0	0	0	0	0	0	0	0	0	0	0	0	
178940	Calcarine_L	0	0	0	0	0	0	0	0	0	0	0	0	0	0	0	0	0	0	0	0	0	0	0	0	0	0	0	0	0	0	0	0	252	0	2294	0	288	0	190	0	0	0	0	8340	10626	3992	11566	5122	8668	2490	15596	752	4650	0	2272	140	98	0	410	0	242	0	0	0	128	0	8144	110	0	0	0	0	0	0	0	0	0	0	0	0	0	0	0	0	1132	0	0	0	402	0	314	0	0	0	0	0	532	0	0	0	0	0	0	0	0	0	0	0	0	0	720	0	0	0	0	0	
260496	Calcarine_R	0	0	0	0	0	0	0	0	0	0	0	0	0	0	0	0	0	0	0	192	0	0	0	0	0	0	0	0	0	0	0	0	0	1464	206	1920	0	92	0	0	0	0	8340	0	2256	24298	1900	18370	0	21714	0	12464	0	5006	0	6298	0	280	0	2254	0	106	0	0	0	500	596	15822	0	600	0	0	0	0	0	0	0	0	0	0	0	0	0	0	0	3504	0	0	0	1804	0	0	0	0	0	0	0	0	0	0	0	0	0	0	0	0	0	0	0	0	262	0	0	0	0	0	
108464	Cuneus_L	0	0	0	0	0	0	0	0	0	0	0	0	0	0	0	0	0	0	0	0	0	0	0	0	0	0	0	0	0	0	0	0	318	0	258	0	0	0	0	0	0	0	10626	2256	0	4654	738	132	14208	1084	9532	0	894	0	452	0	92	0	1430	114	416	0	0	0	132	0	5582	574	0	0	0	0	0	0	0	0	0	0	0	0	0	0	0	0	400	0	0	0	106	0	234	0	0	0	0	0	0	0	0	0	0	0	0	0	0	0	0	0	0	0	0	0	0	0	0	0	
243284	Cuneus_R	0	0	0	0	0	0	0	0	0	0	0	0	0	0	0	0	0	0	0	112	0	0	0	0	0	0	0	0	0	0	0	0	0	2172	296	844	0	0	0	0	0	0	3992	24298	4654	0	428	4592	122	29692	98	7630	0	2274	0	5070	0	1528	0	7616	0	488	0	116	0	538	2496	19660	0	1944	0	0	0	0	0	0	0	0	0	0	0	114	0	0	0	512	0	0	0	356	0	0	0	0	0	0	0	0	0	0	0	0	0	0	0	0	0	0	0	0	0	0	0	0	0	0	
316964	Lingual_L	0	0	0	0	0	0	0	0	0	0	0	0	0	0	0	0	0	0	0	0	0	0	0	0	0	0	0	0	0	0	0	0	0	0	1808	0	1888	0	5960	0	0	0	11566	1900	738	428	0	5250	3266	730	15514	278	7860	0	21022	1762	0	0	0	0	0	0	0	0	0	0	4670	0	0	0	0	0	0	0	0	0	134	0	0	0	0	0	0	0	258	0	0	0	286	0	13468	2548	1126	364	676	0	17148	1518	19582	2946	544	0	1182	158	200	0	0	0	0	92	5566	4904	1142	0	0	0	
354820	Lingual_R	0	0	0	0	0	0	0	0	0	0	0	0	0	0	0	0	0	0	0	126	0	0	0	0	0	0	0	0	0	0	0	0	0	90	672	1622	792	1930	1004	5114	0	0	5122	18370	132	4592	5250	0	0	7060	0	5002	0	2924	1324	20052	0	0	0	188	0	0	0	0	0	0	168	8900	0	114	0	0	0	0	0	0	496	662	0	0	0	0	0	0	0	556	0	0	88	510	3562	12004	772	1730	204	1934	3482	12732	7028	15194	552	88	664	1186	0	0	0	0	0	562	12198	8426	2140	0	0	92	
163396	Occipital_Sup_L	96	0	0	0	0	0	0	0	0	0	0	0	0	0	0	0	0	0	0	0	0	0	0	0	0	0	0	0	0	0	0	0	472	196	862	192	0	0	0	0	0	0	8668	0	14208	122	3266	0	0	0	28594	0	2062	0	184	0	480	0	9350	0	3568	0	0	0	1816	0	6306	0	142	176	0	0	0	0	0	0	0	0	0	0	108	0	0	0	206	0	0	0	624	0	0	0	0	0	0	0	0	0	0	0	0	0	0	0	0	0	0	0	0	0	0	0	0	0	0	0	
266952	Occipital_Sup_R	0	0	0	0	0	0	0	0	0	0	0	0	0	0	0	0	0	0	0	140	0	0	0	0	0	0	0	0	0	92	0	0	0	2270	742	1650	0	0	0	0	0	0	2490	21714	1084	29692	730	7060	0	0	192	18994	0	2378	186	5918	166	1810	0	9486	0	1902	0	336	0	5298	476	13438	104	2564	0	0	0	0	0	0	0	0	0	132	0	266	0	0	0	1542	0	0	0	624	0	0	0	0	0	0	0	0	0	0	0	0	0	0	0	0	0	0	0	0	0	0	0	0	0	0	
342688	Occipital_Mid_L	480	0	0	0	0	0	0	0	0	0	0	0	0	0	0	0	634	0	0	0	0	0	0	0	0	0	0	0	396	0	0	0	1182	1246	4016	1152	0	0	122	0	0	0	15596	0	9532	98	15514	0	28594	192	0	0	21048	0	7196	0	3354	708	9164	0	7284	0	126	0	11498	0	9608	194	1138	1202	0	0	0	0	0	0	0	0	264	0	624	0	0	0	13218	0	0	0	4548	0	848	0	0	0	0	0	182	0	0	0	0	0	0	0	0	0	0	0	0	0	386	0	0	0	0	0	
187064	Occipital_Mid_R	0	0	0	0	0	0	0	0	0	0	0	0	0	0	0	0	0	0	0	0	0	0	0	0	0	0	0	0	0	0	0	0	0	374	96	282	0	0	0	0	0	0	752	12464	0	7630	278	5002	0	18994	0	0	0	3594	0	3532	0	266	0	4642	0	5182	0	0	0	15838	0	3986	0	438	0	0	0	0	0	0	0	0	0	0	0	158	0	0	0	9468	0	0	0	556	0	0	0	0	0	0	0	0	0	0	0	0	0	0	0	0	0	0	0	0	0	0	0	0	0	0	
154472	Occipital_Inf_L	348	0	0	0	0	0	0	0	0	0	0	0	0	0	0	0	128	0	0	0	0	0	0	0	0	0	0	0	0	0	0	0	0	400	1248	342	0	124	86	0	0	0	4650	0	894	0	7860	0	2062	0	21048	0	0	0	11738	0	1582	252	994	0	1874	0	646	0	1408	0	2678	82	528	382	0	0	0	0	0	0	0	0	0	0	1088	0	0	0	5560	0	0	0	6576	0	2170	0	0	0	0	0	210	0	94	0	0	0	0	0	0	0	0	0	0	0	184	0	0	0	0	0	
92752	Occipital_Inf_R	0	0	0	0	0	0	0	0	0	0	0	0	0	0	0	0	0	0	0	506	0	0	0	0	0	0	0	0	0	0	0	0	0	856	262	780	0	184	0	0	0	0	0	5006	0	2274	0	2924	0	2378	0	3594	0	0	0	11658	0	314	0	1450	0	222	0	0	0	808	216	4208	182	918	0	0	0	0	0	0	0	0	0	0	0	88	0	0	0	2324	0	0	0	5224	0	0	0	0	0	0	0	0	0	0	0	0	0	0	0	0	0	0	0	0	0	0	0	0	0	0	
555656	Fusiform_L	4924	462	1532	306	0	0	580	0	0	0	0	0	0	0	164	0	88	0	914	840	230	0	0	0	0	0	0	0	8300	124	0	0	0	1364	3042	2188	24686	1768	9562	600	2522	0	2272	0	452	0	21022	1324	184	186	7196	0	11738	0	0	1122	2470	488	734	0	3748	0	94	0	2812	0	2160	476	1722	1332	826	1076	7952	664	298	160	3924	1474	3358	0	1796	0	2196	0	4512	0	1254	0	28720	122	30726	642	1574	182	638	0	15538	686	33796	772	1610	0	2504	78	842	0	186	0	0	0	2114	1326	432	122	0	0	
577080	Fusiform_R	3310	1158	2752	2648	0	0	330	104	0	0	0	0	0	0	0	0	0	116	2658	3924	0	0	0	0	0	0	0	0	320	1542	0	0	0	1118	1062	1722	920	34992	264	30380	0	4854	140	6298	0	5070	1762	20052	0	5918	0	3532	0	11658	1122	0	468	660	0	2158	0	536	0	576	0	1014	218	5806	1904	1946	450	5146	670	13246	90	752	778	1764	0	0	0	922	0	4088	0	3804	0	2346	524	15288	1362	19282	262	1728	0	1026	1168	11262	3246	22380	126	384	136	1864	0	86	0	0	0	156	5302	3164	726	0	0	0	
379464	Postcentral_L	30710	274	12866	904	0	0	4378	600	0	0	5720	770	682	468	0	140	13590	0	6012	858	0	0	0	0	0	0	0	0	9234	920	0	0	474	1722	3316	1928	1370	670	0	496	0	0	98	0	92	0	0	0	480	166	3354	0	1582	0	2470	468	0	1422	15720	0	29182	0	4656	0	1504	0	4986	188	5764	1706	2274	1524	446	1528	0	100	0	0	2360	0	5084	0	0	0	2064	0	0	0	1846	302	264	0	0	0	0	0	0	0	0	0	0	0	0	0	0	0	0	0	0	0	0	0	0	0	0	0	
218332	Postcentral_R	624	12662	456	1610	0	0	0	734	0	0	0	5508	0	348	0	90	132	4550	410	3526	0	0	0	0	0	0	0	0	180	6190	0	0	0	5768	2584	2180	0	1246	0	186	0	0	0	280	0	1528	0	0	0	1810	708	266	252	314	488	660	1422	0	0	4758	144	4352	0	9472	0	702	0	5506	1350	15360	352	494	192	4334	0	0	0	180	0	756	286	494	0	0	376	734	0	0	342	2270	0	0	0	0	0	0	0	0	0	0	0	0	0	0	0	0	0	0	0	0	0	0	0	0	0	0	
143656	Parietal_Sup_L	1092	0	220	0	0	0	130	0	0	0	0	0	0	0	0	0	688	0	0	0	0	0	0	0	0	0	0	0	902	0	0	0	672	130	746	104	150	0	0	0	0	0	410	0	1430	0	0	0	9350	0	9164	0	994	0	734	0	15720	0	0	0	16240	0	178	0	964	0	8286	0	1280	116	148	82	82	0	0	0	0	0	388	0	484	0	0	0	360	0	0	0	584	0	0	0	0	0	0	0	0	0	0	0	0	0	0	0	0	0	0	0	0	0	0	0	0	0	0	0	
161736	Parietal_Sup_R	0	328	0	0	0	0	0	0	0	0	0	0	0	0	0	0	0	0	0	262	0	0	0	0	0	0	0	0	0	988	0	0	0	872	90	418	0	428	0	84	0	0	0	2254	114	7616	0	188	0	9486	0	4642	0	1450	0	2158	0	4758	0	0	0	10846	0	320	0	7430	292	14828	0	1984	104	0	0	790	0	0	0	0	0	434	0	866	0	0	0	4156	0	0	0	2682	0	0	0	0	0	0	0	0	0	0	0	0	0	0	0	0	0	0	0	0	0	0	0	0	0	0	
227428	Parietal_Inf_L	2626	392	1482	474	0	0	560	666	0	0	276	556	0	434	0	134	1842	96	518	308	0	0	0	0	0	0	0	0	2910	666	0	0	146	82	1114	0	318	0	0	0	0	0	242	0	416	0	0	0	3568	0	7284	0	1874	0	3748	0	29182	144	16240	0	0	0	7386	0	11976	0	2382	0	748	0	2004	928	142	608	0	0	0	0	1006	0	1872	0	0	0	3134	0	0	0	2184	0	1046	0	0	0	0	0	0	0	0	0	0	0	0	0	0	0	0	0	0	0	0	0	0	0	0	0	
140236	Parietal_Inf_R	0	622	0	0	0	0	0	0	0	0	0	0	0	0	0	0	0	412	0	1080	0	0	0	0	0	0	0	0	0	1308	0	0	0	732	0	0	0	414	0	94	0	0	0	106	0	488	0	0	0	1902	0	5182	0	222	0	536	0	4352	0	10846	0	0	0	8476	0	15370	0	2206	0	1864	0	0	0	138	0	0	0	0	0	814	0	1834	0	0	0	6592	0	0	0	4528	0	0	0	0	0	0	0	0	0	0	0	0	0	0	0	0	0	0	0	0	0	0	0	0	0	0	
79628	SupraMarginal_L	448	0	168	0	0	0	0	0	0	0	0	0	0	0	0	0	3260	0	0	0	0	0	0	0	0	0	0	0	1602	0	0	0	0	0	410	0	0	0	0	0	0	0	0	0	0	0	0	0	0	0	126	0	646	0	94	0	4656	0	178	0	7386	0	0	0	3898	0	450	0	0	0	0	0	0	0	0	0	0	0	144	0	9154	0	0	0	4158	0	0	0	3036	0	0	0	0	0	0	0	0	0	0	0	0	0	0	0	0	0	0	0	0	0	0	0	0	0	0	0	
88796	SupraMarginal_R	0	1344	0	0	0	0	0	0	0	0	0	334	0	0	0	0	0	2598	0	1940	0	0	0	0	0	0	0	0	0	1534	0	0	0	1048	0	0	0	928	0	178	0	0	0	0	0	116	0	0	0	336	0	0	0	0	0	576	0	9472	0	320	0	8476	0	0	0	2020	0	552	0	1998	88	218	0	714	0	0	0	0	0	1658	0	4080	0	0	0	1296	0	0	0	2574	0	0	0	0	0	0	0	0	0	0	0	0	0	0	0	0	0	0	0	0	0	0	0	0	0	0	
108764	Angular_L	202	0	0	0	0	0	0	0	0	0	0	0	0	0	0	0	1522	0	0	0	0	0	0	0	0	0	0	0	1264	0	0	0	114	0	834	0	100	0	0	0	0	0	128	0	132	0	0	0	1816	0	11498	0	1408	0	2812	0	1504	0	964	0	11976	0	3898	0	0	0	1514	0	100	0	0	0	0	0	0	0	0	0	798	0	2366	0	0	0	6008	0	0	0	2314	0	1110	0	0	0	0	0	0	0	0	0	0	0	0	0	0	0	0	0	0	0	0	0	0	0	0	0	
140292	Angular_R	0	116	0	0	0	0	0	0	0	0	0	0	0	0	0	0	0	0	0	428	0	0	0	0	0	0	0	0	0	160	0	0	0	318	0	0	0	0	0	0	0	0	0	500	0	538	0	0	0	5298	0	15838	0	808	0	1014	0	702	0	7430	0	15370	0	2020	0	0	0	1246	0	736	0	0	0	0	0	0	0	0	0	130	0	3116	0	0	0	11384	0	0	0	2994	0	0	0	0	0	0	0	0	0	0	0	0	0	0	0	0	0	0	0	0	0	0	0	0	0	0	
208264	Precuneus_L	114	0	0	0	0	0	0	0	0	0	0	0	0	0	0	0	822	0	100	196	0	0	0	0	0	0	0	0	368	0	0	0	6428	2306	9490	2236	1404	0	1634	0	0	0	8144	596	5582	2496	4670	168	6306	476	9608	0	2678	216	2160	218	4986	0	8286	292	2382	0	450	0	1514	0	0	5816	3778	268	0	0	0	0	0	0	124	0	146	0	510	0	0	0	1872	0	0	0	1696	0	350	0	0	0	0	0	1408	0	0	0	0	0	0	0	0	0	0	0	0	0	1838	0	0	0	0	0	
300660	Precuneus_R	0	236	0	0	0	0	0	0	0	0	0	0	0	0	0	0	0	0	0	678	0	0	0	0	0	0	0	0	0	1234	0	0	460	9168	2446	8340	758	1920	230	1930	0	0	110	15822	574	19660	0	8900	0	13438	194	3986	82	4208	476	5806	188	5506	0	14828	0	2206	0	552	0	1246	5816	0	434	6036	116	0	0	650	0	0	1006	840	0	544	0	770	0	0	0	2118	0	0	210	1984	0	0	0	0	0	356	0	1356	0	0	0	0	0	0	0	0	0	0	0	168	2744	0	0	0	0	0	
327960	Paracentral_Lobule_L	23256	2386	12868	2832	0	0	352	344	0	0	0	124	0	0	112	0	278	398	13910	12986	0	0	0	0	0	0	0	0	1788	412	0	0	2868	10700	2114	922	2764	3578	154	1610	0	0	0	0	0	0	0	0	142	104	1138	0	528	182	1722	1904	5764	1350	1280	0	748	0	0	0	100	0	3778	434	0	11084	1946	3902	5928	2544	2228	234	12348	1218	842	0	970	0	0	0	994	126	0	0	2866	646	174	0	0	0	0	0	0	0	0	0	0	0	0	0	0	0	0	0	0	0	0	0	0	0	0	0	
368872	Paracentral_Lobule_R	1196	5978	0	194	0	0	0	0	0	0	0	0	0	0	0	0	158	0	2366	42098	0	0	0	0	0	0	0	0	80	2064	0	0	2274	26734	5928	4472	182	4204	0	636	0	0	0	600	0	1944	0	114	176	2564	1202	438	382	918	1332	1946	1706	15360	116	1984	0	1864	0	1998	0	736	268	6036	11084	0	830	5654	0	158	0	0	1420	13000	80	974	338	1668	0	0	510	2672	0	0	450	5218	132	0	0	0	0	0	0	0	0	0	0	0	0	0	0	0	0	0	0	0	0	0	0	0	0	0	
610256	Caudate_L	2880	6750	13134	9734	4720	380	1894	8594	4056	894	3764	5950	5014	2936	16754	6628	408	358	4316	7700	9022	8952	2648	1206	602	182	2704	712	18896	5732	13998	4912	214	482	0	0	2068	620	0	478	0	0	0	0	0	0	0	0	0	0	0	0	0	0	826	450	2274	352	148	104	2004	0	0	88	0	0	0	116	1946	830	0	35548	36824	13114	5056	1078	15192	4026	0	0	792	132	1936	0	130	0	0	0	1870	0	0	0	0	0	0	0	0	0	0	0	0	0	0	0	0	0	0	0	0	0	0	0	0	0	0	0	
836944	Caudate_R	9956	3550	12340	24528	854	3546	1392	8384	1726	2046	2280	14802	1424	8632	7090	13324	136	2242	10592	20134	6234	8322	738	6350	0	4710	564	3190	9808	24838	4240	15706	134	2200	0	0	1656	6912	0	5466	0	0	0	0	0	0	0	0	0	0	0	0	0	0	1076	5146	1524	494	82	0	928	0	0	218	0	0	0	0	3902	5654	35548	0	18428	56352	2480	3420	5242	20568	0	0	528	970	1370	1206	90	290	0	0	1478	732	350	0	0	0	0	0	0	0	350	0	0	0	0	0	0	0	0	0	0	0	0	0	0	0	0	0	
565028	Putamen_L	10784	2526	16054	4008	8430	362	1666	2368	4704	638	2744	1782	3380	648	11130	2214	594	98	8612	3374	5780	6366	1110	586	834	152	2894	620	31636	2962	5988	2370	84	182	0	0	16056	878	540	754	160	0	0	0	0	0	0	0	0	0	0	0	0	0	7952	670	446	192	82	0	142	0	0	0	0	0	0	0	5928	0	36824	18428	0	11350	7846	964	2462	264	1528	0	2568	174	2034	0	1620	0	0	0	12904	0	1034	0	0	0	0	0	0	0	1034	0	0	0	0	0	0	0	0	0	0	0	0	0	0	0	0	0	
745160	Putamen_R	9210	6674	10780	24176	232	4134	928	7422	768	2922	1696	20618	852	5006	1728	8688	104	7274	10416	16076	1932	3316	234	4230	0	3884	106	3362	5820	45202	1634	7648	0	858	0	0	1012	18844	0	13702	0	640	0	0	0	0	0	0	0	0	0	0	0	0	664	13246	1528	4334	0	790	608	138	0	714	0	0	0	650	2544	158	13114	56352	11350	0	362	3060	322	610	0	266	424	1330	1122	1792	78	568	0	0	1054	3172	0	0	0	0	0	0	0	102	0	0	0	0	0	0	0	0	0	0	0	0	0	0	0	0	0	0	
67048	Pallidum_L	2536	2406	1920	442	0	0	200	0	0	0	0	0	0	0	0	0	0	0	1896	262	360	706	0	0	0	0	0	0	0	0	0	0	0	0	0	0	1304	132	0	116	0	0	0	0	0	0	0	0	0	0	0	0	0	0	298	90	0	0	0	0	0	0	0	0	0	0	0	0	2228	0	5056	2480	7846	362	0	424	2040	0	0	0	0	0	0	0	0	0	0	0	212	0	104	0	0	0	0	0	0	0	104	0	0	0	0	0	0	0	0	0	0	0	0	0	0	0	0	0	
36028	Pallidum_R	374	0	180	1656	0	0	0	82	0	0	0	0	0	0	124	0	0	0	196	1650	0	112	0	0	0	0	0	0	282	0	0	0	0	0	0	0	358	1352	0	1196	0	0	0	0	0	0	0	0	0	0	0	0	0	0	160	752	100	0	0	0	0	0	0	0	0	0	0	0	234	0	1078	3420	964	3060	424	0	94	0	0	0	0	0	0	0	0	0	0	0	166	0	0	0	0	0	0	0	0	0	0	0	0	0	0	0	0	0	0	0	0	0	0	0	0	0	0	0	
197848	Thalamus_L	4100	5718	266	2484	0	0	130	0	0	0	0	0	0	0	0	0	0	0	370	6606	0	0	0	0	0	0	0	0	292	0	0	0	0	794	1948	2438	8512	3318	1572	1032	0	0	0	0	0	0	134	496	0	0	0	0	0	0	3924	778	0	0	0	0	0	0	0	0	0	0	124	1006	12348	1420	15192	5242	2462	322	2040	94	0	8444	138	0	0	0	0	0	0	0	0	0	3454	0	626	0	0	0	0	80	0	232	626	0	0	0	0	0	0	0	0	0	0	0	162	0	0	0	0	0	
198640	Thalamus_R	702	4522	0	4186	0	0	0	182	0	212	0	0	0	0	0	950	0	0	0	14972	0	0	0	212	0	0	0	0	0	396	0	568	78	248	960	1814	3106	7772	248	2748	0	0	0	0	0	0	0	662	0	0	0	0	0	0	1474	1764	0	180	0	0	0	0	0	0	0	0	0	840	1218	13000	4026	20568	264	610	0	0	8444	0	0	0	0	0	0	0	0	0	0	0	1368	0	262	0	0	0	0	138	0	364	262	0	0	0	0	0	0	0	0	0	0	0	0	0	0	0	0	0	
117328	Heschl_L	5046	0	816	0	0	0	508	0	0	0	378	0	0	0	0	0	5612	0	258	0	0	0	0	0	0	0	0	0	11860	0	0	0	0	88	200	144	3168	0	0	0	0	0	0	0	0	0	0	0	0	0	264	0	0	0	3358	0	2360	0	388	0	1006	0	144	0	798	0	146	0	842	80	0	0	1528	0	0	0	138	0	0	0	6954	0	0	0	6930	0	0	0	5650	0	0	0	0	0	0	0	0	0	0	0	0	0	0	0	0	0	0	0	0	0	0	0	0	0	0	0	
38000	Heschl_R	0	292	0	642	0	0	0	380	0	0	0	308	0	0	0	0	0	2856	0	1196	0	0	0	0	0	0	0	0	0	3188	0	0	0	300	0	0	0	0	0	0	0	0	0	0	0	0	0	0	0	132	0	0	0	0	0	0	0	756	0	434	0	814	0	1658	0	130	0	544	0	974	0	0	0	266	0	0	0	0	0	0	0	3050	0	0	0	896	0	0	0	184	0	0	0	0	0	0	0	0	0	0	0	0	0	0	0	0	0	0	0	0	0	0	0	0	0	0	
233892	Temporal_Sup_L	2550	78	1878	400	0	0	236	114	0	0	2650	234	184	0	0	0	12468	0	2318	488	0	0	0	0	0	0	0	0	16626	292	0	84	86	370	678	354	1850	0	0	0	0	0	0	0	0	0	0	0	108	0	624	0	1088	0	1796	0	5084	286	484	0	1872	0	9154	0	2366	0	510	0	970	338	792	528	2568	424	0	0	0	0	6954	0	0	0	3918	0	22700	0	78	0	10366	0	0	0	0	0	0	0	0	0	0	0	0	0	0	0	0	0	0	0	0	0	0	0	0	0	0	0	
115276	Temporal_Sup_R	614	324	622	252	0	0	0	130	0	0	0	252	0	0	0	0	0	2842	102	1570	0	0	0	0	0	0	0	0	102	6418	0	0	0	996	0	0	0	884	0	316	0	0	0	0	0	114	0	0	0	266	0	158	0	88	0	922	0	494	0	866	0	1834	0	4080	0	3116	0	770	0	1668	132	970	174	1330	0	0	0	0	0	3050	0	0	0	1440	0	17770	0	148	0	2824	0	0	0	0	0	0	0	0	0	0	0	0	0	0	0	0	0	0	0	0	0	0	0	0	0	0	
111668	Temporal_Pole_Sup_L	0	198	812	568	212	0	0	438	0	90	4090	860	296	270	1948	240	1774	0	870	546	1066	0	0	0	0	0	0	0	8284	920	0	124	0	0	0	0	1006	0	556	0	466	0	0	0	0	0	0	0	0	0	0	0	0	0	2196	0	0	0	0	0	0	0	0	0	0	0	0	0	0	0	1936	1370	2034	1122	0	0	0	0	0	0	3918	0	0	0	6784	0	4988	0	5852	0	0	0	0	0	0	0	0	0	0	0	0	0	0	0	0	0	0	0	0	0	0	0	0	0	0	0	
69304	Temporal_Pole_Sup_R	0	402	0	798	0	0	0	602	0	0	0	2164	0	0	0	190	0	2226	180	720	0	110	0	0	0	0	0	0	0	2744	0	0	0	0	0	0	0	2778	0	2906	0	3226	0	0	0	0	0	0	0	0	0	0	0	0	0	4088	0	0	0	0	0	0	0	0	0	0	0	0	0	0	0	1206	0	1792	0	0	0	0	0	0	0	1440	0	0	0	2288	0	3860	0	932	0	0	0	0	0	0	0	0	0	0	0	0	0	0	0	0	0	0	0	0	0	0	0	0	0	0	
259480	Temporal_Mid_L	2412	0	418	0	0	0	0	0	0	0	0	0	0	0	0	0	2810	0	316	0	0	0	0	0	0	0	0	0	7212	0	0	0	0	522	2086	538	728	0	0	0	0	0	1132	0	400	0	258	0	206	0	13218	0	5560	0	4512	0	2064	376	360	0	3134	0	4158	0	6008	0	1872	0	994	510	130	90	1620	78	0	0	0	0	6930	0	22700	0	6784	0	0	0	3568	0	25048	0	794	0	0	0	0	0	0	0	0	0	0	0	0	0	0	0	0	0	0	0	194	0	0	0	0	0	
204140	Temporal_Mid_R	148	240	134	0	0	0	0	0	0	0	0	0	0	0	0	0	0	390	0	2170	0	0	0	0	0	0	0	0	0	2678	0	0	0	1804	140	270	0	1506	0	506	0	0	0	3504	0	512	0	556	0	1542	0	9468	0	2324	0	3804	0	734	0	4156	0	6592	0	1296	0	11384	0	2118	126	2672	0	290	0	568	0	0	0	0	0	896	0	17770	0	2288	0	0	0	2250	0	17234	0	0	0	0	0	0	0	0	0	0	0	0	0	0	0	0	0	0	0	0	0	0	0	0	0	0	
25140	Temporal_Pole_Mid_L	0	0	0	0	0	0	0	0	0	0	0	0	0	0	0	0	0	0	0	0	0	0	0	0	0	0	0	0	84	0	0	0	0	0	0	0	0	0	0	0	0	0	0	0	0	0	0	0	0	0	0	0	0	0	1254	0	0	0	0	0	0	0	0	0	0	0	0	0	0	0	0	0	0	0	0	0	0	0	0	0	78	0	4988	0	3568	0	0	0	2598	0	0	0	0	0	0	0	0	0	0	0	0	0	0	0	0	0	0	0	0	0	0	0	0	0	0	0	
25428	Temporal_Pole_Mid_R	0	0	0	0	0	0	0	0	0	0	0	0	0	0	0	0	0	0	0	0	0	0	0	0	0	0	0	0	0	0	0	0	0	0	0	0	0	754	0	1312	0	782	0	0	0	0	0	0	0	0	0	0	0	0	0	2346	0	0	0	0	0	0	0	0	0	0	0	0	0	0	0	0	0	0	0	0	0	0	0	0	0	148	0	3860	0	2250	0	0	0	1262	0	0	0	0	0	0	0	0	0	0	0	0	0	0	0	0	0	0	0	0	0	0	0	0	0	0	
426664	Temporal_Inf_L	6774	400	3182	420	0	0	546	136	0	0	0	106	0	0	140	120	1254	0	3096	880	0	0	0	0	0	0	0	0	16530	208	0	0	82	610	2132	1238	23576	1470	1782	640	1236	0	402	0	106	0	286	88	624	0	4548	0	6576	0	28720	524	1846	342	584	0	2184	0	3036	0	2314	0	1696	210	2866	450	1870	1478	12904	1054	212	166	3454	1368	5650	0	10366	0	5852	0	25048	0	2598	0	0	0	8860	0	896	0	0	0	810	96	5652	0	334	0	510	0	0	0	0	0	0	0	106	88	0	0	0	0	
208720	Temporal_Inf_R	800	1152	534	582	0	0	88	0	0	0	0	0	0	0	0	0	0	120	480	4698	0	0	0	0	0	0	0	0	0	1454	0	0	0	2120	434	1118	0	10756	0	3946	0	776	0	1804	0	356	0	510	0	624	0	556	0	5224	122	15288	302	2270	0	2682	0	4528	0	2574	0	2994	0	1984	646	5218	0	732	0	3172	0	0	0	0	0	184	0	2824	0	932	0	17234	0	1262	0	0	0	1068	0	0	0	0	0	0	0	212	0	0	0	0	0	0	0	0	0	0	0	0	0	0	0	0	
497284	Cerebelum_Crus1_L	940	228	140	0	0	0	102	0	0	0	0	0	0	0	0	0	0	0	0	0	0	0	0	0	0	0	0	0	0	0	0	0	0	126	280	210	2712	248	366	0	0	0	314	0	234	0	13468	3562	0	0	848	0	2170	0	30726	1362	264	0	0	0	1046	0	0	0	1110	0	350	0	174	132	0	350	1034	0	104	0	626	262	0	0	0	0	0	0	794	0	0	0	8860	0	0	2280	33266	1746	468	326	16622	1904	51110	3170	16676	82	23164	1788	642	690	158	0	232	638	6302	7120	5166	1158	664	128	
394968	Cerebelum_Crus1_R	0	0	0	0	0	0	0	0	0	0	0	0	0	0	0	0	0	0	0	0	0	0	0	0	0	0	0	0	0	0	0	0	0	0	0	0	0	0	0	168	0	0	0	0	0	0	2548	12004	0	0	0	0	0	0	642	19282	0	0	0	0	0	0	0	0	0	0	0	0	0	0	0	0	0	0	0	0	0	0	0	0	0	0	0	0	0	0	0	0	0	1068	2280	0	1080	31416	0	708	2852	14826	6222	49986	328	4514	434	19004	0	720	0	0	0	376	11510	9076	5926	260	254	0	
242768	Cerebelum_Crus2_L	0	0	0	0	0	0	0	0	0	0	0	0	0	0	0	0	0	0	0	0	0	0	0	0	0	0	0	0	0	0	0	0	0	0	0	0	0	0	0	0	0	0	0	0	0	0	1126	772	0	0	0	0	0	0	1574	262	0	0	0	0	0	0	0	0	0	0	0	0	0	0	0	0	0	0	0	0	0	0	0	0	0	0	0	0	0	0	0	0	896	0	33266	1080	0	2006	88	90	1124	320	6680	1314	29680	692	27130	2272	320	418	96	0	0	128	464	2410	4590	2228	358	0	
260796	Cerebelum_Crus2_R	0	0	0	0	0	0	0	0	0	0	0	0	0	0	0	0	0	0	0	0	0	0	0	0	0	0	0	0	0	0	0	0	0	0	0	0	0	0	0	88	0	0	0	0	0	0	364	1730	0	0	0	0	0	0	182	1728	0	0	0	0	0	0	0	0	0	0	0	0	0	0	0	0	0	0	0	0	0	0	0	0	0	0	0	0	0	0	0	0	0	0	1746	31416	2006	0	78	308	1176	3426	1480	13792	522	17986	1472	31376	94	1498	0	176	86	336	2802	2346	9294	2192	698	0	
36940	Cerebelum_3_L	0	0	0	0	0	0	0	0	0	0	0	0	0	0	0	0	0	0	0	0	0	0	0	0	0	0	0	0	0	0	0	0	0	0	0	0	0	0	292	0	0	0	0	0	0	0	676	204	0	0	0	0	0	0	638	0	0	0	0	0	0	0	0	0	0	0	0	0	0	0	0	0	0	0	0	0	0	0	0	0	0	0	0	0	0	0	0	0	0	0	468	0	88	78	0	0	6584	248	1398	182	98	0	1612	152	1342	236	0	0	304	998	630	520	746	464	262	250	
50632	Cerebelum_3_R	0	0	0	0	0	0	0	0	0	0	0	0	0	0	0	0	0	0	0	0	0	0	0	0	0	0	0	0	0	0	0	0	0	0	0	94	284	392	404	1432	0	0	0	0	0	0	0	1934	0	0	0	0	0	0	0	1026	0	0	0	0	0	0	0	0	0	0	0	356	0	0	0	0	0	0	0	0	80	138	0	0	0	0	0	0	0	0	0	0	0	0	326	708	90	308	0	0	242	5920	96	2558	132	0	356	1070	0	1010	0	0	494	2498	1008	312	744	624	680	0	
295404	Cerebelum_4_5_L	0	0	0	0	0	0	0	0	0	0	0	0	0	0	0	0	0	0	0	0	0	0	0	0	0	0	0	0	0	0	0	0	0	0	554	0	644	0	3774	114	0	0	532	0	0	0	17148	3482	0	0	182	0	210	0	15538	1168	0	0	0	0	0	0	0	0	0	0	1408	0	0	0	0	0	0	0	0	0	0	0	0	0	0	0	0	0	0	0	0	0	810	0	16622	2852	1124	1176	6584	242	0	4018	31698	4064	1174	0	5026	1248	3336	512	816	0	458	1312	12310	3114	2214	838	662	738	
270764	Cerebelum_4_5_R	0	0	0	0	0	0	0	0	0	0	0	0	0	0	0	0	0	0	0	0	0	0	0	0	0	0	0	0	0	0	0	0	0	0	198	308	472	1208	534	5094	0	128	0	0	0	0	1518	12732	0	0	0	0	0	0	686	11262	0	0	0	0	0	0	0	0	0	0	0	1356	0	0	0	0	0	102	0	0	232	364	0	0	0	0	0	0	0	0	0	0	96	0	1904	14826	320	3426	248	5920	4018	0	4034	28346	324	584	768	5840	100	1452	0	90	0	2058	16872	2810	2970	970	1004	208	
471908	Cerebelum_6_L	866	228	140	0	0	0	102	0	0	0	0	0	0	0	0	0	0	0	0	0	0	0	0	0	0	0	0	0	0	0	0	0	0	0	0	114	2862	236	1314	98	0	0	0	0	0	0	19582	7028	0	0	0	0	94	0	33796	3246	0	0	0	0	0	0	0	0	0	0	0	0	0	0	0	350	1034	0	104	0	626	262	0	0	0	0	0	0	0	0	0	0	5652	0	51110	6222	6680	1480	1398	96	31698	4034	0	8252	5250	0	8454	1100	2484	212	926	0	194	584	11560	11826	3714	474	214	258	
419964	Cerebelum_6_R	0	0	0	0	0	0	0	0	0	0	0	0	0	0	0	0	0	0	0	0	0	0	0	0	0	0	0	0	0	0	0	0	0	0	0	0	0	0	0	922	0	0	0	0	0	0	2946	15194	0	0	0	0	0	0	772	22380	0	0	0	0	0	0	0	0	0	0	0	0	0	0	0	0	0	0	0	0	0	0	0	0	0	0	0	0	0	0	0	0	0	212	3170	49986	1314	13792	182	2558	4064	28346	8252	0	518	2158	764	12570	186	874	0	252	0	724	16724	13120	6924	474	368	236	
204652	Cerebelum_7b_L	0	0	0	0	0	0	0	0	0	0	0	0	0	0	0	0	0	0	0	0	0	0	0	0	0	0	0	0	0	0	0	0	0	0	0	0	0	0	0	0	0	0	0	0	0	0	544	552	0	0	0	0	0	0	1610	126	0	0	0	0	0	0	0	0	0	0	0	0	0	0	0	0	0	0	0	0	0	0	0	0	0	0	0	0	0	0	0	0	334	0	16676	328	29680	522	98	132	1174	324	5250	518	0	324	31744	2446	1054	540	344	0	0	158	432	972	3084	2832	528	0	
101248	Cerebelum_7b_R	0	0	0	0	0	0	0	0	0	0	0	0	0	0	0	0	0	0	0	0	0	0	0	0	0	0	0	0	0	0	0	0	0	0	0	0	0	0	0	0	0	0	0	0	0	0	0	88	0	0	0	0	0	0	0	384	0	0	0	0	0	0	0	0	0	0	0	0	0	0	0	0	0	0	0	0	0	0	0	0	0	0	0	0	0	0	0	0	0	0	82	4514	692	17986	0	0	0	584	0	2158	324	0	420	19314	0	2222	0	0	0	0	192	150	510	1004	0	0	
315800	Cerebelum_8_L	0	0	0	0	0	0	0	0	0	0	0	0	0	0	0	0	0	0	0	0	0	0	0	0	0	0	0	0	0	0	0	0	0	0	0	0	0	0	162	0	0	0	0	0	0	0	1182	664	0	0	0	0	0	0	2504	136	0	0	0	0	0	0	0	0	0	0	0	0	0	0	0	0	0	0	0	0	0	0	0	0	0	0	0	0	0	0	0	0	510	0	23164	434	27130	1472	1612	356	5026	768	8454	764	31744	420	0	4836	16692	3078	2866	0	172	544	1124	2446	6030	8292	4024	1294	
302284	Cerebelum_8_R	0	0	0	0	0	0	0	0	0	0	0	0	0	0	0	0	0	0	0	0	0	0	0	0	0	0	0	0	0	0	0	0	0	0	0	0	0	0	0	214	0	0	0	0	0	0	158	1186	0	0	0	0	0	0	78	1864	0	0	0	0	0	0	0	0	0	0	0	0	0	0	0	0	0	0	0	0	0	0	0	0	0	0	0	0	0	0	0	0	0	0	1788	19004	2272	31376	152	1070	1248	5840	1100	12570	2446	19314	4836	0	540	16226	0	842	224	1120	3872	2294	7912	7308	3960	328	
86424	Cerebelum_9_L	0	0	0	0	0	0	0	0	0	0	0	0	0	0	0	0	0	0	0	0	0	0	0	0	0	0	0	0	0	0	0	0	0	0	0	0	0	0	264	0	0	0	0	0	0	0	200	0	0	0	0	0	0	0	842	0	0	0	0	0	0	0	0	0	0	0	0	0	0	0	0	0	0	0	0	0	0	0	0	0	0	0	0	0	0	0	0	0	0	0	642	0	320	94	1342	0	3336	100	2484	186	1054	0	16692	540	0	1796	4652	0	0	0	230	716	1190	3038	2248	1246	
102724	Cerebelum_9_R	0	0	0	0	0	0	0	0	0	0	0	0	0	0	0	0	0	0	0	0	0	0	0	0	0	0	0	0	0	0	0	0	0	0	0	0	0	0	0	0	0	0	0	0	0	0	0	0	0	0	0	0	0	0	0	86	0	0	0	0	0	0	0	0	0	0	0	0	0	0	0	0	0	0	0	0	0	0	0	0	0	0	0	0	0	0	0	0	0	0	690	720	418	1498	236	1010	512	1452	212	874	540	2222	3078	16226	1796	0	0	1024	364	1044	846	862	2312	5242	6188	1910	
20448	Cerebelum_10_L	0	0	0	0	0	0	0	0	0	0	0	0	0	0	0	0	0	0	0	0	0	0	0	0	0	0	0	0	0	0	0	0	0	0	0	0	0	0	100	0	0	0	0	0	0	0	0	0	0	0	0	0	0	0	186	0	0	0	0	0	0	0	0	0	0	0	0	0	0	0	0	0	0	0	0	0	0	0	0	0	0	0	0	0	0	0	0	0	0	0	158	0	96	0	0	0	816	0	926	0	344	0	2866	0	4652	0	0	0	0	0	0	0	0	80	0	0	
4940	Cerebelum_10_R	0	0	0	0	0	0	0	0	0	0	0	0	0	0	0	0	0	0	0	0	0	0	0	0	0	0	0	0	0	0	0	0	0	0	0	0	0	0	0	0	0	0	0	0	0	0	0	0	0	0	0	0	0	0	0	0	0	0	0	0	0	0	0	0	0	0	0	0	0	0	0	0	0	0	0	0	0	0	0	0	0	0	0	0	0	0	0	0	0	0	0	0	0	176	0	0	0	90	0	252	0	0	0	842	0	1024	0	0	0	0	86	0	0	0	0	0	
12584	Vermis_1_2	0	0	0	0	0	0	0	0	0	0	0	0	0	0	0	0	0	0	0	0	0	0	0	0	0	0	0	0	0	0	0	0	0	0	0	0	0	0	0	0	0	0	0	0	0	0	0	0	0	0	0	0	0	0	0	0	0	0	0	0	0	0	0	0	0	0	0	0	0	0	0	0	0	0	0	0	0	0	0	0	0	0	0	0	0	0	0	0	0	0	232	0	0	86	304	494	458	0	194	0	0	0	172	224	0	364	0	0	0	2526	516	0	230	236	256	0	
