data	data	531436	338212	971164	909544	165384	182600	474572	284388	94856	28416	282332	208684	440268	261076	334424	103144	258104	84988	674068	774828	129684	142348	328572	470676	30576	138632	90520	105780	661868	291276	344836	606804	194252	592276	143932	160500	229528	302900	113000	158392	35672	69368	244208	351260	174364	328492	311344	329256	166744	345104	389860	256196	128268	93796	296652	373368	324060	280312	108108	169820	205992	143048	157704	182240	82984	128204	298504	373288	249632	216564	456852	460696	462184	435336	115220	56696	165352	233288	54220	27700	169536	117736	85876	36544	234868	232584	21144	21444	216008	232476	440396	446092	541744	357188	36856	81916	358540	218528	471768	450156	344972	170156	345260	303788	197848	133676	50200	12680	18700	80388	288620	168324	162380	144392	96748	20848	
data	data	Precentral_L	Precentral_R	Frontal_Sup_L	Frontal_Sup_R	Frontal_Sup_Orb_L	Frontal_Sup_Orb_R	Frontal_Mid_L	Frontal_Mid_R	Frontal_Mid_Orb_L	Frontal_Mid_Orb_R	Frontal_Inf_Oper_L	Frontal_Inf_Oper_R	Frontal_Inf_Tri_L	Frontal_Inf_Tri_R	Frontal_Inf_Orb_L	Frontal_Inf_Orb_R	Rolandic_Oper_L	Rolandic_Oper_R	Supp_Motor_Area_L	Supp_Motor_Area_R	Olfactory_L	Olfactory_R	Frontal_Sup_Medial_L	Frontal_Sup_Medial_R	Frontal_Med_Orb_L	Frontal_Med_Orb_R	Rectus_L	Rectus_R	Insula_L	Insula_R	Cingulum_Ant_L	Cingulum_Ant_R	Cingulum_Mid_L	Cingulum_Mid_R	Cingulum_Post_L	Cingulum_Post_R	Hippocampus_L	Hippocampus_R	ParaHippocampal_L	ParaHippocampal_R	Amygdala_L	Amygdala_R	Calcarine_L	Calcarine_R	Cuneus_L	Cuneus_R	Lingual_L	Lingual_R	Occipital_Sup_L	Occipital_Sup_R	Occipital_Mid_L	Occipital_Mid_R	Occipital_Inf_L	Occipital_Inf_R	Fusiform_L	Fusiform_R	Postcentral_L	Postcentral_R	Parietal_Sup_L	Parietal_Sup_R	Parietal_Inf_L	Parietal_Inf_R	SupraMarginal_L	SupraMarginal_R	Angular_L	Angular_R	Precuneus_L	Precuneus_R	Paracentral_Lobule_L	Paracentral_Lobule_R	Caudate_L	Caudate_R	Putamen_L	Putamen_R	Pallidum_L	Pallidum_R	Thalamus_L	Thalamus_R	Heschl_L	Heschl_R	Temporal_Sup_L	Temporal_Sup_R	Temporal_Pole_Sup_L	Temporal_Pole_Sup_R	Temporal_Mid_L	Temporal_Mid_R	Temporal_Pole_Mid_L	Temporal_Pole_Mid_R	Temporal_Inf_L	Temporal_Inf_R	Cerebelum_Crus1_L	Cerebelum_Crus1_R	Cerebelum_Crus2_L	Cerebelum_Crus2_R	Cerebelum_3_L	Cerebelum_3_R	Cerebelum_4_5_L	Cerebelum_4_5_R	Cerebelum_6_L	Cerebelum_6_R	Cerebelum_7b_L	Cerebelum_7b_R	Cerebelum_8_L	Cerebelum_8_R	Cerebelum_9_L	Cerebelum_9_R	Cerebelum_10_L	Cerebelum_10_R	Vermis_1_2	Vermis_3	Vermis_4_5	Vermis_6	Vermis_7	Vermis_8	Vermis_9	Vermis_10	
531436	Precentral_L	0	2436	39374	6412	0	0	21336	190	0	0	12992	294	5152	90	840	0	8148	0	27418	10560	0	0	686	174	0	0	0	0	13496	152	500	584	926	2992	114	130	6648	84	402	0	0	0	232	0	94	0	176	0	0	0	1492	0	596	0	404	0	27276	212	0	0	2710	0	1914	0	284	0	174	0	15382	124	6950	762	12124	228	6164	140	18828	554	1902	0	2020	0	0	0	1180	0	0	0	1666	0	0	0	0	0	0	0	0	0	0	0	0	0	0	0	0	0	0	0	0	0	0	0	0	0	0	0	
338212	Precentral_R	2436	0	1552	32872	0	0	366	8224	0	0	0	10960	0	1790	0	0	446	2130	3718	5728	0	0	0	0	0	0	0	0	564	4624	0	106	0	1370	1714	2212	1428	5808	864	102	0	0	250	1508	0	476	302	396	0	382	0	662	0	394	0	1368	198	20052	0	224	0	726	0	2238	0	368	428	4022	1494	10822	824	5712	1360	5290	1162	802	194	10832	0	710	0	2198	0	0	0	1870	0	0	0	2700	0	0	0	0	0	0	0	0	0	0	0	0	0	0	0	0	0	0	0	0	128	0	0	0	0	0	
971164	Frontal_Sup_L	39374	1552	0	9978	10594	110	74638	562	4492	0	16908	490	26024	360	10482	0	10730	0	74208	12456	810	592	37628	5598	596	156	1862	170	32290	336	15616	7634	4302	3314	0	0	2938	88	178	0	0	0	0	0	0	0	130	0	0	0	0	0	0	0	76	0	12074	136	0	0	160	0	2514	0	0	0	0	0	1420	0	13568	2262	28568	1152	6012	0	6116	138	1110	0	2376	0	454	0	110	0	0	0	140	0	0	0	0	0	0	0	0	0	0	0	0	0	0	0	0	0	0	0	0	0	0	0	0	0	0	0	
909544	Frontal_Sup_R	6412	32872	9978	0	0	10216	3210	42582	0	584	2096	5864	2536	21074	1590	4166	2552	912	12414	59278	0	222	8458	51864	0	5828	0	718	5486	9076	5834	35892	1570	30902	2088	2006	2092	6520	1268	258	0	0	236	0	0	0	402	182	0	0	0	94	0	126	0	1344	338	2800	0	0	0	0	94	422	0	0	498	236	3032	438	6892	14416	2102	14988	1016	1672	884	10948	106	250	88	936	0	0	0	242	0	0	0	1454	0	0	0	0	0	0	0	0	0	0	0	0	0	0	0	0	0	0	0	0	118	0	0	0	0	0	
165384	Frontal_Sup_Orb_L	0	0	10594	0	0	362	836	0	12058	0	0	0	84	0	9926	0	0	0	0	0	4688	2924	4674	292	4038	932	9158	1078	2540	0	5588	1240	0	0	0	0	0	0	0	0	132	0	0	0	0	0	0	0	0	0	0	0	0	0	0	0	0	0	0	0	0	0	0	0	0	0	0	0	0	0	4462	1260	5428	146	0	0	0	0	0	0	0	0	252	0	0	0	0	0	0	0	0	0	0	0	0	0	0	0	0	0	0	0	0	0	0	0	0	0	0	0	0	0	0	0	0	0	
182600	Frontal_Sup_Orb_R	0	0	110	10216	362	0	0	1594	0	3418	0	210	0	826	522	5522	0	0	340	1924	1496	3920	132	8736	0	11260	362	9920	290	1066	838	7634	0	80	0	0	0	0	0	0	0	364	0	0	0	0	0	0	0	0	0	0	0	0	0	0	0	0	0	0	0	0	0	0	0	0	0	0	0	0	2148	6946	1112	9792	80	80	0	0	0	0	0	0	0	0	0	0	0	0	0	0	0	0	0	0	0	0	0	0	0	0	0	0	0	0	0	0	0	0	0	0	0	0	0	0	0	0	
474572	Frontal_Mid_L	21336	366	74638	3210	836	0	0	136	2882	0	12114	0	39248	112	9596	0	2128	0	7054	2064	0	0	15688	2050	0	0	0	0	14612	0	7714	3828	2674	890	0	0	524	78	144	0	0	0	0	0	0	0	118	0	0	0	0	0	0	0	0	0	1264	0	0	0	0	0	0	0	0	0	0	0	88	0	1254	0	5068	146	1122	0	3432	0	108	0	534	0	230	0	0	0	0	0	0	0	0	0	0	0	0	0	0	0	0	0	0	0	0	0	0	0	0	0	0	0	0	0	0	0	0	0	
284388	Frontal_Mid_R	190	8224	562	42582	0	1594	136	0	0	1636	236	9340	112	25192	86	4090	344	222	2666	13082	0	0	252	8264	0	180	0	0	480	4552	132	2338	0	4746	0	0	0	750	0	0	0	0	0	0	0	0	0	0	0	0	0	0	0	0	0	154	0	316	0	0	0	0	0	0	0	0	0	0	0	216	1548	1574	388	4436	298	392	0	884	0	0	0	0	0	0	0	0	0	0	0	0	0	0	0	0	0	0	0	0	0	0	0	0	0	0	0	0	0	0	0	0	0	0	0	0	0	0	
94856	Frontal_Mid_Orb_L	0	0	4492	0	12058	0	2882	0	0	0	0	0	1586	0	12396	0	0	0	0	0	1156	786	810	112	364	158	3368	260	2166	0	968	386	0	0	0	0	0	0	0	0	0	0	0	0	0	0	0	0	0	0	0	0	0	0	0	0	0	0	0	0	0	0	0	0	0	0	0	0	0	0	1042	318	1742	0	0	0	0	0	0	0	0	0	378	0	0	0	0	0	0	0	0	0	0	0	0	0	0	0	0	0	0	0	0	0	0	0	0	0	0	0	0	0	0	0	0	0	
28416	Frontal_Mid_Orb_R	0	0	0	584	0	3418	0	1636	0	0	0	0	0	518	0	6506	0	0	0	0	0	0	0	124	0	0	0	292	0	630	0	0	0	0	0	0	0	0	0	0	0	0	0	0	0	0	0	0	0	0	0	0	0	0	0	0	0	0	0	0	0	0	0	0	0	0	0	0	0	0	0	0	0	500	0	0	0	0	0	0	0	0	0	0	0	0	0	0	0	0	0	0	0	0	0	0	0	0	0	0	0	0	0	0	0	0	0	0	0	0	0	0	0	0	0	0	
282332	Frontal_Inf_Oper_L	12992	0	16908	2096	0	0	12114	236	0	0	0	78	24198	276	7988	0	11130	0	6338	2544	0	0	3276	358	0	0	0	0	22000	0	364	1166	2794	1182	0	0	106	0	0	0	0	0	0	0	0	0	0	0	0	0	0	0	0	0	0	0	5084	0	0	0	0	0	134	0	0	0	0	0	0	0	1614	0	618	0	0	0	170	0	228	0	2466	0	2708	0	0	0	0	0	0	0	0	0	0	0	0	0	0	0	0	0	0	0	0	0	0	0	0	0	0	0	0	0	0	0	0	0	
208684	Frontal_Inf_Oper_R	294	10960	490	5864	0	210	0	9340	0	0	78	0	0	14584	0	136	82	2998	5164	13616	0	0	0	646	0	152	0	0	226	15538	178	678	0	524	96	146	0	2258	0	192	0	0	0	0	0	0	0	0	0	0	0	0	0	0	0	344	0	696	0	0	0	0	0	0	0	0	78	0	0	200	1652	2988	378	10214	0	246	178	2176	0	184	0	274	0	284	0	0	0	0	0	0	0	0	0	0	0	0	0	0	0	0	0	0	0	0	0	0	0	0	0	0	0	0	0	0	0	0	
440268	Frontal_Inf_Tri_L	5152	0	26024	2536	84	0	39248	112	1586	0	24198	0	0	90	35202	0	4080	0	9220	2700	0	0	3672	480	0	0	0	0	39516	0	3046	1478	4814	1698	0	0	504	0	0	0	0	0	0	0	0	0	0	0	0	0	0	0	0	0	0	0	1702	0	0	0	0	0	0	0	0	0	0	0	0	0	2202	0	5694	0	0	0	658	0	108	0	1612	0	2718	0	0	0	0	0	0	0	0	0	0	0	0	0	0	0	0	0	0	0	0	0	0	0	0	0	0	0	0	0	0	0	0	0	
261076	Frontal_Inf_Tri_R	90	1790	360	21074	0	826	112	25192	0	518	276	14584	90	0	84	6190	468	642	1922	13594	0	90	0	3318	0	312	0	126	642	15200	212	1870	0	5154	0	0	0	986	0	0	0	0	0	0	0	0	0	0	0	0	0	0	0	0	0	170	0	126	0	0	0	0	0	0	0	0	0	0	0	0	2566	2956	258	6476	0	0	0	2142	0	0	0	122	0	0	0	0	0	0	0	0	0	0	0	0	0	0	0	0	0	0	0	0	0	0	0	0	0	0	0	0	0	0	0	0	0	0	
334424	Frontal_Inf_Orb_L	840	0	10482	1590	9926	522	9596	86	12396	0	7988	0	35202	84	0	92	2018	0	3652	1356	4996	2322	850	228	96	230	3622	1060	27926	0	2482	1536	1748	766	0	0	1144	0	114	0	414	0	0	0	0	0	0	0	0	0	0	0	0	0	116	0	378	0	0	0	0	0	0	0	0	0	0	0	0	0	4502	928	10520	124	0	0	374	0	0	0	852	0	4054	0	0	0	0	0	0	0	0	0	0	0	0	0	0	0	0	0	0	0	0	0	0	0	0	0	0	0	0	0	0	0	0	0	
103144	Frontal_Inf_Orb_R	0	0	0	4166	0	5522	0	4090	0	6506	0	136	0	6190	92	0	88	0	0	380	532	2760	0	1524	0	740	0	2374	166	7802	0	538	0	0	0	0	0	388	0	412	0	284	0	0	0	0	0	0	0	0	0	0	0	0	0	0	0	0	0	0	0	0	0	0	0	0	0	0	0	0	310	1728	0	3840	0	0	0	0	0	0	0	364	0	640	0	0	0	0	0	0	0	0	0	0	0	0	0	0	0	0	0	0	0	0	0	0	0	0	0	0	0	0	0	0	0	0	
258104	Rolandic_Oper_L	8148	446	10730	2552	0	0	2128	344	0	0	11130	82	4080	468	2018	88	0	0	9512	2598	0	0	524	316	0	0	0	0	28218	0	182	1276	348	1714	784	114	960	0	0	0	0	0	78	0	0	0	0	0	0	0	1590	0	254	0	380	0	11668	252	0	0	146	0	3598	0	0	0	330	0	758	228	3562	106	536	102	196	0	426	82	2754	0	8118	0	1334	0	2206	0	0	0	1588	0	0	0	0	0	0	0	0	0	0	0	0	0	0	0	0	0	0	0	0	0	0	0	0	0	0	0	
84988	Rolandic_Oper_R	0	2130	0	912	0	0	0	222	0	0	0	2998	0	642	0	0	0	0	148	742	0	0	0	0	0	0	0	0	0	9256	0	0	0	0	0	0	0	916	0	0	0	0	0	0	0	0	0	0	0	0	0	0	0	0	0	0	0	4454	0	0	0	0	0	3698	0	0	0	0	0	0	214	1908	0	5612	0	800	0	1330	0	2032	0	3006	0	1370	0	104	0	0	0	0	0	0	0	0	0	0	0	0	0	0	0	0	0	0	0	0	0	0	0	0	0	0	0	0	0	0	
674068	Supp_Motor_Area_L	27418	3718	74208	12414	0	340	7054	2666	0	0	6338	5164	9220	1922	3652	0	9512	148	0	35992	0	0	4192	3706	0	168	0	0	21076	1932	6466	9046	5246	15312	0	0	2198	148	130	0	0	0	0	0	0	0	0	0	0	0	0	0	0	0	106	0	10882	120	0	0	156	0	2292	0	0	0	92	0	7152	240	13108	4106	17902	1432	3924	102	2186	390	1034	0	1894	0	434	0	0	0	0	0	96	0	0	0	0	0	0	0	0	0	0	0	0	0	0	0	0	0	0	0	0	0	0	0	0	0	0	0	
774828	Supp_Motor_Area_R	10560	5728	12456	59278	0	1924	2064	13082	0	0	2544	13616	2700	13594	1356	380	2598	742	35992	0	0	140	2786	17162	0	804	0	162	6400	9494	2780	20724	6788	62878	1878	2010	310	1076	0	152	0	0	0	0	0	0	0	0	0	0	0	0	0	0	0	168	252	3140	0	0	0	0	130	0	0	0	100	116	21394	11906	5692	13606	2296	3496	590	1130	1066	7700	170	0	176	128	0	0	0	0	0	0	0	0	0	0	0	0	0	0	0	0	0	0	0	0	0	0	0	0	0	0	0	0	0	0	0	0	0	0	
129684	Olfactory_L	0	0	810	0	4688	1496	0	0	1156	0	0	0	0	0	4996	532	0	0	0	0	0	7152	120	0	206	638	4448	3090	3376	0	4280	3562	0	0	0	0	1308	0	526	0	1092	0	0	0	0	0	0	0	0	0	0	0	0	0	156	0	0	0	0	0	0	0	0	0	0	0	0	0	0	0	9460	4316	4572	1356	0	0	80	0	0	0	80	0	1346	0	0	0	0	0	0	0	0	0	0	0	0	0	0	0	0	0	0	0	0	0	0	0	0	0	0	0	0	0	0	0	0	0	
142348	Olfactory_R	0	0	592	222	2924	3920	0	0	786	0	0	0	0	90	2322	2760	0	0	0	140	7152	0	78	214	108	1370	3286	6382	634	2138	2240	3950	0	0	0	0	0	294	0	378	0	994	0	0	0	0	0	0	0	0	0	0	0	0	0	0	0	0	0	0	0	0	0	0	0	0	0	0	76	0	10004	8900	5410	2528	544	138	0	112	0	0	0	0	160	328	0	0	0	0	0	0	0	0	0	0	0	0	0	0	0	0	0	0	0	0	0	0	0	0	0	0	0	0	0	0	0	0	
328572	Frontal_Sup_Medial_L	686	0	37628	8458	4674	132	15688	252	810	0	3276	0	3672	0	850	0	524	0	4192	2786	120	78	0	24208	2144	1482	644	0	2472	0	17518	16684	4170	8028	0	0	0	0	0	0	0	0	0	0	0	0	0	0	0	0	0	0	0	0	0	0	0	0	0	0	0	0	0	0	0	0	0	0	0	0	808	226	1370	352	0	0	196	0	0	0	82	0	76	0	0	0	0	0	0	0	0	0	0	0	0	0	0	0	0	0	0	0	0	0	0	0	0	0	0	0	0	0	0	0	0	0	
470676	Frontal_Sup_Medial_R	174	0	5598	51864	292	8736	2050	8264	112	124	358	646	480	3318	228	1524	316	0	3706	17162	0	214	24208	0	0	8642	0	1014	728	2412	7902	41016	1782	23806	0	0	0	502	0	78	0	0	0	0	0	0	0	0	0	0	0	0	0	0	0	160	0	0	0	0	0	0	0	0	0	0	0	0	0	0	1762	5154	244	10332	0	254	92	84	0	0	0	0	0	0	0	0	0	0	0	0	0	0	0	0	0	0	0	0	0	0	0	0	0	0	0	0	0	0	0	0	0	0	0	0	0	0	
30576	Frontal_Med_Orb_L	0	0	596	0	4038	0	0	0	364	0	0	0	0	0	96	0	0	0	0	0	206	108	2144	0	0	1060	2828	88	0	0	3194	214	0	0	0	0	0	0	0	0	0	0	0	0	0	0	0	0	0	0	0	0	0	0	0	0	0	0	0	0	0	0	0	0	0	0	0	0	0	0	266	0	86	0	0	0	0	0	0	0	0	0	0	0	0	0	0	0	0	0	0	0	0	0	0	0	0	0	0	0	0	0	0	0	0	0	0	0	0	0	0	0	0	0	0	0	
138632	Frontal_Med_Orb_R	0	0	156	5828	932	11260	0	180	158	0	0	152	0	312	230	740	0	0	168	804	638	1370	1482	8642	1060	0	366	5886	0	314	3570	10300	0	0	0	0	0	0	0	0	0	0	0	0	0	0	0	0	0	0	0	0	0	0	0	0	0	0	0	0	0	0	0	0	0	0	0	0	0	0	954	5652	504	7512	0	146	0	0	0	0	0	0	0	0	0	0	0	0	0	0	0	0	0	0	0	0	0	0	0	0	0	0	0	0	0	0	0	0	0	0	0	0	0	0	0	0	
90520	Rectus_L	0	0	1862	0	9158	362	0	0	3368	0	0	0	0	0	3622	0	0	0	0	0	4448	3286	644	0	2828	366	0	1118	404	0	4412	1580	0	0	0	0	0	0	0	0	0	0	0	0	0	0	0	0	0	0	0	0	0	0	0	0	0	0	0	0	0	0	0	0	0	0	0	0	0	0	4414	1490	1494	404	0	0	0	0	0	0	0	0	0	0	0	0	0	0	0	0	0	0	0	0	0	0	0	0	0	0	0	0	0	0	0	0	0	0	0	0	0	0	0	0	0	0	
105780	Rectus_R	0	0	170	718	1078	9920	0	0	260	292	0	0	0	126	1060	2374	0	0	0	162	3090	6382	0	1014	88	5886	1118	0	280	416	860	3766	0	0	0	0	0	0	0	0	0	458	0	0	0	0	0	0	0	0	0	0	0	0	0	0	0	0	0	0	0	0	0	0	0	0	0	0	0	0	3454	4924	1886	3002	106	0	0	0	0	0	0	0	0	0	0	0	0	0	0	0	0	0	0	0	0	0	0	0	0	0	0	0	0	0	0	0	0	0	0	0	0	0	0	0	0	0	
661868	Insula_L	13496	564	32290	5486	2540	290	14612	480	2166	0	22000	226	39516	642	27926	166	28218	0	21076	6400	3376	634	2472	728	0	0	404	280	0	84	1844	2390	3284	3094	790	114	9940	0	1032	0	1118	0	224	0	0	0	262	0	0	0	3070	0	736	0	2142	0	6686	278	0	0	94	0	2540	0	0	0	384	0	632	230	8670	920	18526	164	322	0	9192	160	4888	0	7884	0	7500	0	2722	0	0	0	3030	0	0	0	0	0	0	0	0	0	0	0	0	0	0	0	0	0	0	0	0	0	0	0	0	0	0	0	
291276	Insula_R	152	4624	336	9076	0	1066	0	4552	0	630	0	15538	0	15200	0	7802	0	9256	1932	9494	0	2138	0	2412	0	314	0	416	84	0	148	1106	0	2604	0	86	0	10476	0	2462	0	3072	0	0	0	0	0	0	0	0	0	0	0	0	0	2024	0	814	0	0	0	0	0	206	0	0	0	0	0	84	892	2546	340	23450	92	226	76	1114	0	2040	0	3700	0	1606	0	410	0	0	0	914	0	0	0	0	0	0	0	128	0	0	0	0	0	0	0	0	0	0	0	0	0	0	0	0	0	0	
344836	Cingulum_Ant_L	500	0	15616	5834	5588	838	7714	132	968	0	364	178	3046	212	2482	0	182	0	6466	2780	4280	2240	17518	7902	3194	3570	4412	860	1844	148	0	27700	6168	4164	0	0	0	90	78	0	0	0	0	0	0	0	0	0	0	0	0	0	0	0	232	0	0	0	0	0	0	0	0	0	0	0	0	0	0	0	12784	6202	10980	3968	78	0	406	134	0	0	80	0	258	0	0	0	0	0	228	0	0	0	0	0	0	0	0	0	0	0	0	0	0	0	0	0	0	0	0	0	0	0	0	0	0	0	
606804	Cingulum_Ant_R	584	106	7634	35892	1240	7634	3828	2338	386	0	1166	678	1478	1870	1536	538	1276	0	9046	20724	3562	3950	16684	41016	214	10300	1580	3766	2390	1106	27700	0	5344	27800	0	0	76	730	0	100	0	0	0	0	0	0	0	0	0	0	0	0	0	0	0	218	0	0	0	0	0	0	0	0	0	0	0	0	234	0	10450	24162	5826	14870	390	468	734	1778	0	0	0	0	0	0	0	0	0	0	0	0	0	0	0	0	0	0	0	0	0	0	0	0	0	0	0	0	0	0	0	0	0	0	0	0	0	0	
194252	Cingulum_Mid_L	926	0	4302	1570	0	0	2674	0	0	0	2794	0	4814	0	1748	0	348	0	5246	6788	0	0	4170	1782	0	0	0	0	3284	0	6168	5344	0	14864	3132	1168	0	0	0	0	0	0	1598	0	2754	0	0	0	2348	0	3926	0	244	0	0	0	590	0	444	0	100	0	0	0	90	0	8798	1214	2240	508	276	0	238	0	0	0	118	0	0	0	0	0	0	0	518	0	0	0	0	0	0	0	0	0	0	0	0	0	0	0	0	0	0	0	0	0	0	0	0	0	0	0	0	0	0	0	
592276	Cingulum_Mid_R	2992	1370	3314	30902	0	80	890	4746	0	0	1182	524	1698	5154	766	0	1714	0	15312	62878	0	0	8028	23806	0	0	0	0	3094	2604	4164	27800	14864	0	5396	10828	0	318	0	0	0	0	0	172	164	598	0	0	0	0	184	0	0	206	0	146	0	6760	0	0	0	0	0	0	0	0	1556	4608	16830	18324	2444	3848	204	974	0	286	110	3242	0	0	0	116	0	0	0	196	0	0	0	746	0	0	0	0	0	0	0	0	0	0	0	0	0	0	0	0	0	0	0	0	0	0	0	0	0	0	
143932	Cingulum_Post_L	114	1714	0	2088	0	0	0	0	0	0	0	96	0	0	0	0	784	0	0	1878	0	0	0	0	0	0	0	0	790	0	0	0	3132	5396	0	11780	4192	2828	2648	608	0	0	4590	170	2510	0	1720	714	0	0	872	0	398	0	244	156	0	2466	0	0	102	0	200	0	0	0	8368	1568	1042	3418	0	610	0	446	0	190	0	3820	0	0	0	0	0	0	0	0	0	0	314	0	0	0	0	0	0	0	0	0	0	0	0	0	0	0	0	0	0	0	0	0	0	0	0	0	0	0	
160500	Cingulum_Post_R	130	2212	0	2006	0	0	0	0	0	0	0	146	0	0	0	0	114	0	0	2010	0	0	0	0	0	0	0	0	114	86	0	0	1168	10828	11780	0	1990	4428	960	1262	0	0	364	3920	600	574	0	2940	0	0	104	0	0	0	0	260	0	3716	0	0	0	0	0	442	0	0	3468	9356	906	7278	0	698	0	674	0	322	0	3672	0	0	0	534	0	0	0	0	0	0	0	310	0	0	0	0	0	0	0	78	0	0	0	0	0	0	0	0	0	0	0	0	800	0	0	0	0	0	
229528	Hippocampus_L	6648	1428	2938	2092	0	0	524	0	0	0	106	0	504	0	1144	0	960	0	2198	310	1308	0	0	0	0	0	0	0	9940	0	0	76	0	0	4192	1990	0	1210	17792	142	6722	0	1378	0	0	0	5428	144	0	0	96	0	0	0	8354	0	1312	0	0	0	0	0	0	0	0	0	2492	0	172	0	440	572	7562	138	706	80	6534	4206	2950	0	1606	0	2216	0	770	0	0	0	5002	0	0	0	0	0	0	0	382	0	0	0	0	0	0	0	0	0	0	0	0	0	0	0	0	0	0	0	
302900	Hippocampus_R	84	5808	88	6520	0	0	78	750	0	0	0	2258	0	986	0	388	0	916	148	1076	0	294	0	502	0	0	0	0	0	10476	90	730	0	318	2828	4428	1210	0	580	24974	0	12458	264	792	0	0	0	7582	0	0	0	0	0	0	0	18942	0	482	0	0	0	0	0	0	0	0	1248	4234	0	280	0	1452	0	13110	0	2586	0	8138	0	540	0	994	0	1814	0	674	0	746	0	6272	0	0	0	0	0	88	0	1714	0	206	0	0	0	0	0	0	0	0	0	0	1304	0	0	0	0	0	
113000	ParaHippocampal_L	402	864	178	1268	0	0	144	0	0	0	0	0	0	0	114	0	0	0	130	0	526	0	0	0	0	0	0	0	1032	0	78	0	0	0	2648	960	17792	580	0	0	3134	0	1098	0	0	0	6196	80	0	0	0	0	0	0	6466	0	102	0	0	0	0	0	0	0	0	0	2084	0	0	0	0	282	988	0	0	0	2646	2532	238	0	298	0	352	0	140	0	0	0	1500	0	248	0	0	0	86	0	778	0	276	0	0	0	0	0	0	0	0	0	78	182	0	0	0	0	0	0	
158392	ParaHippocampal_R	0	102	0	258	0	0	0	0	0	0	0	192	0	0	0	412	0	0	0	152	0	378	0	78	0	0	0	0	0	2462	0	100	0	0	608	1262	142	24974	0	0	0	7426	0	610	0	92	0	8016	0	0	0	0	0	0	0	12324	0	0	0	0	0	0	0	0	0	0	478	3936	0	0	0	112	0	3188	0	710	0	3944	0	0	0	0	0	1078	0	132	0	324	0	1418	0	198	0	0	0	172	0	2584	0	556	0	0	0	0	0	0	0	0	0	0	778	0	0	0	0	0	
35672	Amygdala_L	0	0	0	0	132	0	0	0	0	0	0	0	0	0	414	0	0	0	0	0	1092	0	0	0	0	0	0	0	1118	0	0	0	0	0	0	0	6722	0	3134	0	0	0	0	0	0	0	0	0	0	0	0	0	0	0	2634	0	0	0	0	0	0	0	0	0	0	0	0	0	0	0	280	144	680	124	0	0	0	0	0	0	0	0	962	0	0	0	0	0	400	0	0	0	0	0	0	0	0	0	0	0	0	0	0	0	0	0	0	0	0	0	0	0	0	0	0	0	
69368	Amygdala_R	0	0	0	0	0	364	0	0	0	0	0	0	0	0	0	284	0	0	0	0	0	994	0	0	0	0	0	458	0	3072	0	0	0	0	0	0	0	12458	0	7426	0	0	0	0	0	0	0	0	0	0	0	0	0	0	0	3106	0	0	0	0	0	0	0	0	0	0	0	0	0	0	112	366	0	1326	0	0	0	76	0	0	0	0	0	2354	0	86	0	656	0	1334	0	0	0	0	0	0	0	212	0	0	0	0	0	0	0	0	0	0	0	0	0	0	0	0	0	0	
244208	Calcarine_L	232	250	0	236	0	0	0	0	0	0	0	0	0	0	0	0	78	0	0	0	0	0	0	0	0	0	0	0	224	0	0	0	1598	0	4590	364	1378	264	1098	0	0	0	0	8440	14216	4976	8534	4302	6066	3222	22666	1554	8572	294	1714	226	650	0	118	140	290	0	252	0	198	0	20204	628	408	0	0	0	0	98	0	0	0	396	0	0	0	0	0	0	1384	188	0	0	1934	122	0	0	0	0	0	0	0	0	0	0	0	0	0	0	0	0	0	0	0	0	0	0	0	0	0	0	
351260	Calcarine_R	0	1508	0	0	0	0	0	0	0	0	0	0	0	0	0	0	0	0	0	0	0	0	0	0	0	0	0	0	0	0	0	0	0	172	170	3920	0	792	0	610	0	0	8440	0	4524	28868	674	19992	106	26296	0	16738	0	5280	0	6302	0	4408	0	2860	0	280	0	682	0	236	838	24928	0	2304	0	0	0	0	0	0	0	0	0	0	0	508	0	0	0	8692	0	0	0	5082	0	0	0	0	0	0	0	76	80	0	0	0	0	0	0	0	0	0	0	0	164	100	0	0	0	0	
174364	Cuneus_L	94	0	0	0	0	0	0	0	0	0	0	0	0	0	0	0	0	0	0	0	0	0	0	0	0	0	0	0	0	0	0	0	2754	164	2510	600	0	0	0	0	0	0	14216	4524	0	8446	742	438	13872	2702	10970	250	1708	0	0	0	320	0	1326	696	0	0	0	0	134	0	17248	2630	274	0	0	0	0	0	0	0	0	0	0	0	0	0	0	0	238	0	0	0	326	0	0	0	0	0	0	0	0	0	0	0	0	0	0	0	0	0	0	0	0	0	0	0	0	0	0	0	
328492	Cuneus_R	0	476	0	0	0	0	0	0	0	0	0	0	0	0	0	0	0	0	0	0	0	0	0	0	0	0	0	0	0	0	0	0	0	598	0	574	0	0	0	92	0	0	4976	28868	8446	0	130	5280	156	39906	0	13324	0	1120	0	3260	0	4944	0	11708	0	344	0	510	0	664	2372	26950	0	2274	0	0	0	0	0	0	0	0	0	0	0	314	0	0	0	4802	0	0	0	2158	0	0	0	0	0	0	0	0	0	0	0	0	0	0	0	0	0	0	0	0	0	0	0	0	0	0	
311344	Lingual_L	176	302	130	402	0	0	118	0	0	0	0	0	0	0	0	0	0	0	0	0	0	0	0	0	0	0	0	0	262	0	0	0	0	0	1720	0	5428	0	6196	0	0	0	8534	674	742	130	0	3620	1922	192	7908	132	3578	258	16360	1392	0	0	0	0	0	0	0	0	0	0	6806	0	0	0	0	140	0	0	0	0	1388	1252	0	0	0	0	0	0	0	0	0	0	102	0	13886	2562	5792	464	416	206	17342	2394	20112	4446	236	0	336	0	1778	246	316	0	0	220	8816	3880	1162	292	454	452	
329256	Lingual_R	0	396	0	182	0	0	0	0	0	0	0	0	0	0	0	0	0	0	0	0	0	0	0	0	0	0	0	0	0	0	0	0	0	0	714	2940	144	7582	80	8016	0	0	4302	19992	438	5280	3620	0	0	8010	0	7160	0	4282	380	20878	0	344	0	0	0	0	0	100	0	0	668	11266	0	268	0	172	0	344	0	234	0	2786	0	0	0	0	0	0	0	1384	0	0	0	1676	2216	4572	1712	660	464	234	2770	5862	4324	10338	168	0	214	0	376	0	0	0	0	274	7900	6880	2026	0	0	0	
166744	Occipital_Sup_L	0	0	0	0	0	0	0	0	0	0	0	0	0	0	0	0	0	0	0	0	0	0	0	0	0	0	0	0	0	0	0	0	2348	0	0	0	0	0	0	0	0	0	6066	106	13872	156	1922	0	0	0	26126	0	470	0	604	0	1894	0	8986	0	4518	0	0	0	572	0	13598	0	1160	0	0	0	0	0	0	0	0	0	0	0	0	0	0	0	974	0	0	0	0	0	0	0	0	0	0	0	0	0	0	0	0	0	0	0	0	0	0	0	0	0	0	0	0	0	0	0	
345104	Occipital_Sup_R	0	382	0	0	0	0	0	0	0	0	0	0	0	0	0	0	0	0	0	0	0	0	0	0	0	0	0	0	0	0	0	0	0	0	0	0	0	0	0	0	0	0	3222	26296	2702	39906	192	8010	0	0	0	29260	0	2846	0	4694	0	5134	0	15696	0	1284	0	586	0	5478	814	17976	0	856	0	0	0	0	0	0	0	0	0	0	0	110	0	0	0	6002	0	0	0	1012	0	0	0	0	0	0	0	0	0	0	0	0	0	0	0	0	0	0	0	0	0	94	0	0	0	0	
389860	Occipital_Mid_L	1492	0	0	0	0	0	0	0	0	0	0	0	0	0	0	0	1590	0	0	0	0	0	0	0	0	0	0	0	3070	0	0	0	3926	184	872	104	96	0	0	0	0	0	22666	0	10970	0	7908	0	26126	0	0	0	22884	0	4900	0	5808	152	7828	0	11152	0	3818	0	12092	0	17180	0	3412	180	0	0	0	0	0	0	0	0	472	0	314	0	0	0	18380	0	0	0	7264	0	90	0	0	0	0	0	0	0	0	0	0	0	0	0	0	0	0	0	0	0	0	0	0	0	0	0	
256196	Occipital_Mid_R	0	662	0	94	0	0	0	0	0	0	0	0	0	0	0	0	0	0	0	0	0	0	0	0	0	0	0	0	0	0	0	0	0	0	0	0	0	0	0	0	0	0	1554	16738	250	13324	132	7160	0	29260	0	0	0	5924	0	5168	0	1216	0	3622	0	6270	0	3280	0	12144	220	4368	0	230	0	0	0	0	0	0	0	0	0	0	0	298	0	0	0	13204	0	0	0	2502	0	0	0	0	0	0	0	0	114	130	0	0	0	0	0	0	0	0	0	0	86	148	0	0	0	0	
128268	Occipital_Inf_L	596	0	0	0	0	0	0	0	0	0	0	0	0	0	0	0	254	0	0	0	0	0	0	0	0	0	0	0	736	0	0	0	244	0	398	0	0	0	0	0	0	0	8572	0	1708	0	3578	0	470	0	22884	0	0	0	5254	0	890	0	0	0	100	0	312	0	84	0	3410	0	766	0	0	0	0	0	0	0	0	0	138	0	150	0	0	0	4074	0	0	0	8836	0	680	0	0	0	0	0	0	0	0	0	0	0	0	0	0	0	0	0	0	0	0	0	0	0	0	0	
93796	Occipital_Inf_R	0	394	0	126	0	0	0	0	0	0	0	0	0	0	0	0	0	0	0	0	0	0	0	0	0	0	0	0	0	0	0	0	0	206	0	0	0	0	0	0	0	0	294	5280	0	1120	258	4282	0	2846	0	5924	0	0	0	8450	0	740	0	140	0	326	0	312	0	96	0	1360	0	496	0	0	0	0	0	0	0	0	0	0	0	112	0	0	0	1764	0	0	0	8130	174	226	112	0	0	0	238	298	486	1298	0	0	0	0	0	0	0	0	0	0	668	742	0	0	0	0	
296652	Fusiform_L	404	0	76	0	0	0	0	0	0	0	0	0	0	0	116	0	380	0	106	0	156	0	0	0	0	0	0	0	2142	0	232	0	0	0	244	0	8354	0	6466	0	2634	0	1714	0	0	0	16360	380	604	0	4900	0	5254	0	0	154	156	0	0	0	0	0	100	0	0	0	2232	0	136	0	234	0	876	0	0	0	316	0	698	0	2806	0	958	0	2256	0	390	0	12512	0	24634	102	10470	0	0	0	7428	0	24404	282	1858	0	2338	0	742	0	468	0	0	0	830	424	0	0	0	0	
373368	Fusiform_R	0	1368	0	1344	0	0	0	154	0	0	0	344	0	170	0	0	0	0	0	168	0	0	0	160	0	0	0	0	0	2024	0	218	0	146	156	260	0	18942	0	12324	0	3106	226	6302	0	3260	1392	20878	0	4694	0	5168	0	8450	154	0	0	760	0	648	0	118	0	112	0	0	136	4770	0	636	0	0	0	2456	0	226	0	2106	0	542	0	1012	0	2174	0	3286	0	1248	0	19636	806	12638	496	1284	82	156	1990	7624	2308	16080	114	658	148	1542	266	404	0	0	0	0	4870	3610	334	0	0	0	
324060	Postcentral_L	27276	198	12074	338	0	0	1264	0	0	0	5084	0	1702	0	378	0	11668	0	10882	252	0	0	0	0	0	0	0	0	6686	0	0	0	590	0	0	0	1312	0	102	0	0	0	650	0	320	0	0	0	1894	0	5808	0	890	0	156	0	0	0	7930	0	21944	0	12428	0	1838	0	4094	0	10248	0	114	0	1582	0	0	0	986	0	2292	0	4510	0	0	0	1654	0	0	0	2886	0	0	0	0	0	0	0	0	0	0	0	0	0	0	0	0	0	0	0	0	0	0	0	0	0	0	0	
280312	Postcentral_R	212	20052	136	2800	0	0	0	316	0	0	0	696	0	126	0	0	252	4454	120	3140	0	0	0	0	0	0	0	0	278	814	0	0	0	6760	2466	3716	0	482	0	0	0	0	0	4408	0	4944	0	344	0	5134	152	1216	0	740	0	760	0	0	0	9236	0	8096	0	15842	0	1026	0	9872	170	20424	0	458	0	230	0	84	0	154	0	1076	0	2832	0	0	0	2582	0	0	0	3556	0	0	0	0	0	0	0	0	0	0	0	0	0	0	0	0	0	0	0	0	0	0	0	0	0	0	
108108	Parietal_Sup_L	0	0	0	0	0	0	0	0	0	0	0	0	0	0	0	0	0	0	0	0	0	0	0	0	0	0	0	0	0	0	0	0	444	0	0	0	0	0	0	0	0	0	118	0	1326	0	0	0	8986	0	7828	0	0	0	0	0	7930	0	0	0	11358	0	0	0	298	0	11546	0	3942	0	0	0	0	0	0	0	0	0	0	0	0	0	0	0	278	0	0	0	0	0	0	0	0	0	0	0	0	0	0	0	0	0	0	0	0	0	0	0	0	0	0	0	0	0	0	0	
169820	Parietal_Sup_R	0	224	0	0	0	0	0	0	0	0	0	0	0	0	0	0	0	0	0	0	0	0	0	0	0	0	0	0	0	0	0	0	0	0	0	0	0	0	0	0	0	0	140	2860	696	11708	0	0	0	15696	0	3622	0	140	0	648	0	9236	0	0	0	10926	0	7046	0	5952	686	13798	0	516	0	0	0	0	0	0	0	0	0	0	0	88	0	0	0	392	0	0	0	536	0	0	0	0	0	0	0	0	0	0	0	0	0	0	0	0	0	0	0	0	0	0	0	0	0	0	
205992	Parietal_Inf_L	2710	0	160	0	0	0	0	0	0	0	0	0	0	0	0	0	146	0	156	0	0	0	0	0	0	0	0	0	94	0	0	0	100	0	102	0	0	0	0	0	0	0	290	0	0	0	0	0	4518	0	11152	0	100	0	0	0	21944	0	11358	0	0	0	21046	0	11938	0	2732	0	6518	0	0	0	0	0	0	0	0	0	0	0	1384	0	0	0	5008	0	0	0	1540	0	0	0	0	0	0	0	0	0	0	0	0	0	0	0	0	0	0	0	0	0	0	0	0	0	0	0	
143048	Parietal_Inf_R	0	726	0	0	0	0	0	0	0	0	0	0	0	0	0	0	0	0	0	0	0	0	0	0	0	0	0	0	0	0	0	0	0	0	0	0	0	0	0	0	0	0	0	280	0	344	0	0	0	1284	0	6270	0	326	0	118	0	8096	0	10926	0	0	0	19130	0	15118	0	1916	0	872	0	0	0	0	0	0	0	0	0	0	0	790	0	0	0	2898	0	0	0	2430	0	0	0	0	0	0	0	0	0	0	0	0	0	0	0	0	0	0	0	0	0	0	0	0	0	0	
157704	SupraMarginal_L	1914	0	2514	94	0	0	0	0	0	0	134	0	0	0	0	0	3598	0	2292	130	0	0	0	0	0	0	0	0	2540	0	0	0	0	0	200	0	0	0	0	0	0	0	252	0	0	0	0	0	0	0	3818	0	312	0	100	0	12428	0	0	0	21046	0	0	0	7572	0	282	0	990	0	0	0	0	0	0	0	0	0	214	0	5802	0	0	0	9632	0	0	0	2988	0	0	0	0	0	0	0	0	0	0	0	0	0	0	0	0	0	0	0	0	0	0	0	0	0	0	0	
182240	SupraMarginal_R	0	2238	0	422	0	0	0	0	0	0	0	0	0	0	0	0	0	3698	0	0	0	0	0	0	0	0	0	0	0	206	0	0	0	0	0	442	0	0	0	0	0	0	0	682	0	510	0	100	0	586	0	3280	0	312	0	112	0	15842	0	7046	0	19130	0	0	0	10252	0	2702	0	1718	0	0	0	0	0	0	0	0	0	448	0	10666	0	0	0	7250	0	0	0	3478	0	0	0	0	0	0	0	0	0	0	0	0	0	0	0	0	0	0	0	0	0	0	0	0	0	0	
82984	Angular_L	284	0	0	0	0	0	0	0	0	0	0	0	0	0	0	0	0	0	0	0	0	0	0	0	0	0	0	0	0	0	0	0	90	0	0	0	0	0	0	0	0	0	198	0	134	0	0	0	572	0	12092	0	84	0	0	0	1838	0	298	0	11938	0	7572	0	0	0	194	0	606	0	0	0	0	0	0	0	0	0	0	0	212	0	0	0	5380	0	0	0	0	0	0	0	0	0	0	0	0	0	0	0	0	0	0	0	0	0	0	0	0	0	0	0	0	0	0	0	
128204	Angular_R	0	368	0	0	0	0	0	0	0	0	0	0	0	0	0	0	0	0	0	0	0	0	0	0	0	0	0	0	0	0	0	0	0	0	0	0	0	0	0	0	0	0	0	236	0	664	0	0	0	5478	0	12144	0	96	0	0	0	1026	0	5952	0	15118	0	10252	0	0	0	1484	0	392	0	0	0	0	0	0	0	0	0	0	0	2270	0	0	0	5968	0	0	0	2654	0	0	0	0	0	0	0	0	0	0	0	0	0	0	0	0	0	0	0	0	0	0	0	0	0	0	
298504	Precuneus_L	174	428	0	498	0	0	0	0	0	0	0	78	0	0	0	0	330	0	92	100	0	0	0	0	0	0	0	0	384	0	0	0	8798	1556	8368	3468	2492	1248	2084	478	0	0	20204	838	17248	2372	6806	668	13598	814	17180	220	3410	0	2232	136	4094	0	11546	686	2732	0	282	0	194	0	0	6980	2594	268	0	100	0	310	0	106	0	1104	0	0	0	0	0	0	772	0	0	0	1182	0	0	0	0	0	0	0	0	0	0	0	0	0	0	0	0	0	0	0	0	0	0	0	0	0	0	0	
373288	Precuneus_R	0	4022	0	236	0	0	0	0	0	0	0	0	0	0	0	0	0	0	0	116	0	0	0	0	0	0	0	0	0	0	0	0	1214	4608	1568	9356	0	4234	0	3936	0	0	628	24928	2630	26950	0	11266	0	17976	0	4368	0	1360	0	4770	0	9872	0	13798	0	1916	0	2702	0	1484	6980	0	108	10142	0	180	0	228	0	150	0	1424	0	0	0	1178	0	0	0	4826	0	0	0	5244	0	0	0	0	0	0	0	926	0	0	0	0	0	0	0	0	0	0	0	0	1320	0	0	0	0	0	
249632	Paracentral_Lobule_L	15382	1494	1420	3032	0	0	88	0	0	0	0	0	0	0	0	0	758	0	7152	21394	0	76	0	0	0	0	0	0	632	0	0	234	2240	16830	1042	906	172	0	0	0	0	0	408	0	274	0	0	0	1160	0	3412	0	766	0	136	0	10248	170	3942	0	6518	0	990	0	606	0	2594	108	0	4918	374	4892	124	0	332	560	3658	4670	0	0	0	0	0	0	228	0	0	0	876	0	0	0	0	0	0	0	0	0	0	0	0	0	0	0	0	0	0	0	0	0	0	0	0	0	0	0	
216564	Paracentral_Lobule_R	124	10822	0	438	0	0	0	216	0	0	0	200	0	0	0	0	228	0	240	11906	0	0	0	0	0	0	0	0	230	84	0	0	508	18324	3418	7278	0	280	0	0	0	0	0	2304	0	2274	0	268	0	856	180	230	0	496	0	636	0	20424	0	516	0	872	0	1718	0	392	268	10142	4918	0	0	756	0	0	0	0	0	588	0	294	0	1296	0	0	0	1916	0	0	0	2642	0	0	0	0	0	0	0	0	0	0	0	0	0	0	0	0	0	0	0	0	0	0	0	0	0	0	
456852	Caudate_L	6950	824	13568	6892	4462	2148	1254	1548	1042	0	1614	1652	2202	2566	4502	310	3562	214	13108	5692	9460	10004	808	1762	266	954	4414	3454	8670	892	12784	10450	276	2444	0	0	440	0	0	0	280	112	0	0	0	0	0	0	0	0	0	0	0	0	234	0	114	0	0	0	0	0	0	0	0	0	0	0	374	0	0	20726	34012	10414	9990	1010	8538	418	0	0	148	0	636	0	0	0	0	0	232	0	0	0	0	0	0	0	0	0	0	0	0	0	0	0	0	0	0	0	0	0	0	0	0	0	0	0	
460696	Caudate_R	762	5712	2262	14416	1260	6946	0	1574	318	0	0	2988	0	2956	928	1728	106	1908	4106	13606	4316	8900	226	5154	0	5652	1490	4924	920	2546	6202	24162	0	3848	610	698	572	1452	282	112	144	366	0	0	0	0	140	172	0	0	0	0	0	0	0	0	0	458	0	0	0	0	0	0	0	0	100	180	4892	756	20726	0	10102	26676	3564	6170	1086	20410	0	102	0	204	160	186	0	0	0	0	0	0	0	0	0	0	0	0	0	0	0	0	0	0	0	0	0	0	0	0	0	0	112	0	0	0	0	0	
462184	Putamen_L	12124	1360	28568	2102	5428	1112	5068	388	1742	0	618	378	5694	258	10520	0	536	0	17902	2296	4572	5410	1370	244	86	504	1494	1886	18526	340	10980	5826	238	204	0	0	7562	0	988	0	680	0	0	0	0	0	0	0	0	0	0	0	0	0	876	0	1582	0	0	0	0	0	0	0	0	0	0	0	124	0	34012	10102	0	6050	13986	292	3978	0	0	0	606	0	1860	0	0	0	0	0	620	0	0	0	0	0	0	0	0	0	0	0	0	0	0	0	0	0	0	0	0	0	0	0	0	0	0	0	
435336	Putamen_R	228	5290	1152	14988	146	9792	146	4436	0	500	0	10214	0	6476	124	3840	102	5612	1432	3496	1356	2528	352	10332	0	7512	404	3002	164	23450	3968	14870	0	974	446	674	138	13110	0	3188	124	1326	98	0	0	0	0	344	0	0	0	0	0	0	0	2456	0	230	0	0	0	0	0	0	0	0	310	228	0	0	10414	26676	6050	0	2558	4764	456	4992	0	196	0	766	0	702	0	0	0	0	0	136	0	0	0	0	0	0	0	170	0	0	0	0	0	0	0	0	0	0	0	0	230	0	0	0	0	0	
115220	Pallidum_L	6164	1162	6012	1016	0	80	1122	298	0	0	0	0	0	0	0	0	196	0	3924	590	0	544	0	0	0	0	0	106	322	92	78	390	0	0	0	0	706	0	0	0	0	0	0	0	0	0	0	0	0	0	0	0	0	0	0	0	0	0	0	0	0	0	0	0	0	0	0	0	332	0	9990	3564	13986	2558	0	456	3922	0	0	0	0	0	0	0	0	0	0	0	0	0	0	0	0	0	0	0	0	0	0	0	0	0	0	0	0	0	0	0	0	0	0	0	0	0	0	0	
56696	Pallidum_R	140	802	0	1672	0	80	0	392	0	0	0	246	0	0	0	0	0	800	102	1130	0	138	0	254	0	146	0	0	0	226	0	468	0	286	190	322	80	2586	0	710	0	0	0	0	0	0	0	234	0	0	0	0	0	0	0	226	0	84	0	0	0	0	0	0	0	0	106	150	560	0	1010	6170	292	4764	456	0	182	3144	0	0	0	102	0	0	0	0	0	0	0	0	0	0	0	0	0	0	0	0	0	0	0	0	0	0	0	0	0	0	0	0	98	0	0	0	0	0	
165352	Thalamus_L	18828	194	6116	884	0	0	3432	0	0	0	170	178	658	0	374	0	426	0	2186	1066	80	0	196	92	0	0	0	0	9192	76	406	734	118	110	0	0	6534	0	2646	0	0	0	0	0	0	0	1388	0	0	0	0	0	0	0	316	0	986	0	0	0	0	0	0	0	0	0	0	0	3658	0	8538	1086	3978	456	3922	182	0	1034	1086	0	514	0	0	0	384	0	0	0	452	0	0	0	0	0	0	0	0	0	0	0	0	0	0	0	0	0	0	0	0	0	0	0	0	0	0	0	
233288	Thalamus_R	554	10832	138	10948	0	0	0	884	0	0	0	2176	0	2142	0	0	82	1330	390	7700	0	112	0	84	0	0	0	0	160	1114	134	1778	0	3242	3820	3672	4206	8138	2532	3944	0	76	396	0	0	0	1252	2786	0	0	0	0	0	0	0	2106	0	154	0	0	0	0	0	0	0	0	1104	1424	4670	588	418	20410	0	4992	0	3144	1034	0	234	0	124	106	0	0	0	0	0	0	0	88	0	0	0	0	0	0	0	480	0	0	0	0	0	0	0	0	0	0	0	0	946	0	0	0	0	0	
54220	Heschl_L	1902	0	1110	106	0	0	108	0	0	0	228	0	108	0	0	0	2754	0	1034	170	0	0	0	0	0	0	0	0	4888	0	0	0	0	0	0	0	2950	0	238	0	0	0	0	0	0	0	0	0	0	0	472	0	138	0	698	0	2292	0	0	0	0	0	214	0	0	0	0	0	0	0	0	0	0	0	0	0	1086	234	0	0	2472	0	0	0	2282	0	0	0	1626	0	0	0	0	0	0	0	0	0	0	0	0	0	0	0	0	0	0	0	0	0	0	0	0	0	0	0	
27700	Heschl_R	0	710	0	250	0	0	0	0	0	0	0	184	0	0	0	0	0	2032	0	0	0	0	0	0	0	0	0	0	0	2040	0	0	0	0	0	0	0	540	0	0	0	0	0	0	0	0	0	0	0	0	0	0	0	0	0	542	0	1076	0	0	0	0	0	448	0	0	0	0	0	294	0	102	0	196	0	0	0	0	0	0	0	3818	0	0	0	956	0	0	0	662	0	0	0	0	0	0	0	0	0	0	0	0	0	0	0	0	0	0	0	0	0	0	0	0	0	0	
169536	Temporal_Sup_L	2020	0	2376	88	0	0	534	0	0	0	2466	0	1612	0	852	0	8118	0	1894	176	80	0	82	0	0	0	0	0	7884	0	80	0	0	0	0	0	1606	0	298	0	0	0	0	0	0	0	0	0	0	0	314	0	150	0	2806	0	4510	0	0	0	1384	0	5802	0	212	0	0	0	0	0	148	0	606	0	0	0	514	124	2472	0	0	0	2590	0	20942	0	0	0	12028	0	0	0	0	0	0	0	0	0	0	0	0	0	0	0	0	0	0	0	0	0	0	0	0	0	0	0	
117736	Temporal_Sup_R	0	2198	0	936	0	0	0	0	0	0	0	274	0	122	0	364	0	3006	0	128	0	0	0	0	0	0	0	0	0	3700	0	0	0	116	0	534	0	994	0	0	0	0	0	508	0	314	0	0	0	110	0	298	0	112	0	1012	0	2832	0	88	0	790	0	10666	0	2270	0	1178	0	1296	0	204	0	766	0	102	0	106	0	3818	0	0	0	1346	0	14786	0	78	0	3816	0	0	0	0	0	0	0	0	0	0	0	0	0	0	0	0	0	0	0	0	0	0	0	0	0	0	
85876	Temporal_Pole_Sup_L	0	0	454	0	252	0	230	0	378	0	2708	0	2718	0	4054	0	1334	0	434	0	1346	160	76	0	0	0	0	0	7500	0	258	0	0	0	0	0	2216	0	352	0	962	0	0	0	0	0	0	0	0	0	0	0	0	0	958	0	0	0	0	0	0	0	0	0	0	0	0	0	0	0	636	160	1860	0	0	0	0	0	0	0	2590	0	0	0	4554	0	2920	0	3828	0	0	0	0	0	0	0	0	0	0	0	0	0	0	0	0	0	0	0	0	0	0	0	0	0	0	0	
36544	Temporal_Pole_Sup_R	0	0	0	0	0	0	0	0	0	0	0	284	0	0	0	640	0	1370	0	0	0	328	0	0	0	0	0	0	0	1606	0	0	0	0	0	0	0	1814	0	1078	0	2354	0	0	0	0	0	0	0	0	0	0	0	0	0	2174	0	0	0	0	0	0	0	0	0	0	0	0	0	0	0	186	0	702	0	0	0	0	0	0	0	1346	0	0	0	724	0	2100	0	1566	0	0	0	0	0	0	0	0	0	0	0	0	0	0	0	0	0	0	0	0	0	0	0	0	0	0	
234868	Temporal_Mid_L	1180	0	110	0	0	0	0	0	0	0	0	0	0	0	0	0	2206	0	0	0	0	0	0	0	0	0	0	0	2722	0	0	0	518	0	0	0	770	0	140	0	0	0	1384	0	238	0	0	0	974	0	18380	0	4074	0	2256	0	1654	0	278	0	5008	0	9632	0	5380	0	772	0	228	0	0	0	0	0	0	0	384	0	2282	0	20942	0	4554	0	0	0	3624	0	27744	0	0	0	0	0	0	0	0	0	0	0	0	0	0	0	0	0	0	0	0	0	0	0	0	0	0	0	
232584	Temporal_Mid_R	0	1870	0	242	0	0	0	0	0	0	0	0	0	0	0	0	0	104	0	0	0	0	0	0	0	0	0	0	0	410	0	0	0	196	0	0	0	674	0	132	0	86	188	8692	0	4802	0	1384	0	6002	0	13204	0	1764	0	3286	0	2582	0	392	0	2898	0	7250	0	5968	0	4826	0	1916	0	0	0	0	0	0	0	0	0	956	0	14786	0	724	0	0	0	2764	0	28194	0	0	0	0	0	0	0	0	0	0	0	0	0	0	0	0	0	0	0	0	0	0	0	0	0	0	
21144	Temporal_Pole_Mid_L	0	0	0	0	0	0	0	0	0	0	0	0	0	0	0	0	0	0	0	0	0	0	0	0	0	0	0	0	0	0	0	0	0	0	0	0	0	0	0	0	0	0	0	0	0	0	0	0	0	0	0	0	0	0	390	0	0	0	0	0	0	0	0	0	0	0	0	0	0	0	0	0	0	0	0	0	0	0	0	0	0	0	2920	0	3624	0	0	0	3638	0	0	0	0	0	0	0	0	0	0	0	0	0	0	0	0	0	0	0	0	0	0	0	0	0	0	0	
21444	Temporal_Pole_Mid_R	0	0	0	0	0	0	0	0	0	0	0	0	0	0	0	0	0	0	0	0	0	0	0	0	0	0	0	0	0	0	0	0	0	0	0	0	0	746	0	324	0	656	0	0	0	0	0	0	0	0	0	0	0	0	0	1248	0	0	0	0	0	0	0	0	0	0	0	0	0	0	0	0	0	0	0	0	0	0	0	0	0	78	0	2100	0	2764	0	0	0	2806	0	0	0	0	0	0	0	0	0	0	0	0	0	0	0	0	0	0	0	0	0	0	0	0	0	0	
216008	Temporal_Inf_L	1666	0	140	0	0	0	0	0	0	0	0	0	0	0	0	0	1588	0	96	0	0	0	0	0	0	0	0	0	3030	0	228	0	0	0	314	0	5002	0	1500	0	400	0	1934	0	326	0	102	0	0	0	7264	0	8836	0	12512	0	2886	0	0	0	1540	0	2988	0	0	0	1182	0	876	0	232	0	620	0	0	0	452	0	1626	0	12028	0	3828	0	27744	0	3638	0	0	0	2250	0	426	0	0	0	0	0	0	0	348	0	402	0	0	0	0	0	0	0	0	0	0	0	0	0	
232476	Temporal_Inf_R	0	2700	0	1454	0	0	0	0	0	0	0	0	0	0	0	0	0	0	0	0	0	0	0	0	0	0	0	0	0	914	0	0	0	746	0	310	0	6272	0	1418	0	1334	122	5082	0	2158	0	1676	0	1012	0	2502	0	8130	0	19636	0	3556	0	536	0	2430	0	3478	0	2654	0	5244	0	2642	0	0	0	136	0	0	0	88	0	662	0	3816	0	1566	0	28194	0	2806	0	0	0	1770	0	230	0	0	0	0	0	238	0	82	0	458	0	186	0	0	0	0	0	0	0	0	0	0	
440396	Cerebelum_Crus1_L	0	0	0	0	0	0	0	0	0	0	0	0	0	0	0	0	0	0	0	0	0	0	0	0	0	0	0	0	0	0	0	0	0	0	0	0	0	0	248	0	0	0	0	0	0	0	13886	2216	0	0	90	0	680	174	24634	806	0	0	0	0	0	0	0	0	0	0	0	0	0	0	0	0	0	0	0	0	0	0	0	0	0	0	0	0	0	0	0	0	2250	0	0	1616	45118	778	308	378	23838	714	55116	3098	12908	0	14208	0	4174	104	2262	0	154	608	3592	3718	2342	90	90	0	
446092	Cerebelum_Crus1_R	0	0	0	0	0	0	0	0	0	0	0	0	0	0	0	0	0	0	0	0	0	0	0	0	0	0	0	0	0	0	0	0	0	0	0	0	0	0	0	198	0	0	0	0	0	0	2562	4572	0	0	0	0	0	226	102	12638	0	0	0	0	0	0	0	0	0	0	0	0	0	0	0	0	0	0	0	0	0	0	0	0	0	0	0	0	0	0	0	0	0	1770	1616	0	2348	34082	908	4570	6516	19308	4626	51074	730	6124	1114	20982	2452	5926	138	1052	84	3338	14038	6686	6524	3954	2708	80	
541744	Cerebelum_Crus2_L	0	0	0	0	0	0	0	0	0	0	0	0	0	0	0	0	0	0	0	0	0	0	0	0	0	0	0	0	0	0	0	0	0	0	0	0	0	0	0	0	0	0	0	0	0	0	5792	1712	0	0	0	0	0	112	10470	496	0	0	0	0	0	0	0	0	0	0	0	0	0	0	0	0	0	0	0	0	0	0	0	0	0	0	0	0	0	0	0	0	426	0	45118	2348	0	9658	220	340	13946	676	29442	3166	50236	6240	43718	4792	13390	216	3676	0	154	538	2664	3286	10714	5516	1810	0	
357188	Cerebelum_Crus2_R	0	0	0	0	0	0	0	0	0	0	0	0	0	0	0	0	0	0	0	0	0	0	0	0	0	0	0	0	0	0	0	0	0	0	0	0	0	0	0	0	0	0	0	0	0	0	464	660	0	0	0	0	0	0	0	1284	0	0	0	0	0	0	0	0	0	0	0	0	0	0	0	0	0	0	0	0	0	0	0	0	0	0	0	0	0	0	0	0	0	230	778	34082	9658	0	690	3014	2378	3352	858	11068	5512	26856	2048	39242	562	8452	0	332	0	2226	3744	974	10332	5632	4166	0	
36856	Cerebelum_3_L	0	0	0	0	0	0	0	0	0	0	0	0	0	0	0	0	0	0	0	0	0	0	0	0	0	0	0	0	0	0	0	0	0	0	0	0	0	0	86	0	0	0	0	0	0	0	416	464	0	0	0	0	0	0	0	82	0	0	0	0	0	0	0	0	0	0	0	0	0	0	0	0	0	0	0	0	0	0	0	0	0	0	0	0	0	0	0	0	0	0	308	908	220	690	0	734	5168	308	1100	1042	82	0	0	0	504	0	0	0	1058	2998	1878	382	0	0	0	0	
81916	Cerebelum_3_R	0	0	0	0	0	0	0	0	0	0	0	0	0	0	0	0	0	0	0	0	0	0	0	0	0	0	0	0	0	0	0	0	0	0	0	0	0	88	0	172	0	0	0	0	0	0	206	234	0	0	0	0	0	0	0	156	0	0	0	0	0	0	0	0	0	0	0	0	0	0	0	0	0	0	0	0	0	0	0	0	0	0	0	0	0	0	0	0	0	0	378	4570	340	3014	734	0	1942	4294	814	7410	0	190	90	1430	446	1378	0	0	684	6350	2878	412	892	936	830	90	
358540	Cerebelum_4_5_L	0	0	0	0	0	0	0	0	0	0	0	0	0	0	0	0	0	0	0	0	0	0	0	0	0	0	0	0	0	0	0	0	0	0	0	0	382	0	778	0	0	0	0	0	0	0	17342	2770	0	0	0	0	0	238	7428	1990	0	0	0	0	0	0	0	0	0	0	0	0	0	0	0	0	0	0	0	0	0	0	0	0	0	0	0	0	0	0	0	0	0	0	23838	6516	13946	2378	5168	1942	0	7072	33512	9966	3102	0	3332	144	6114	832	1180	0	978	3232	18254	3918	122	424	838	1534	
218528	Cerebelum_4_5_R	0	0	0	0	0	0	0	0	0	0	0	0	0	0	0	0	0	0	0	0	0	0	0	0	0	0	0	0	0	128	0	0	0	0	0	78	0	1714	0	2584	0	212	0	76	0	0	2394	5862	0	0	0	0	0	298	0	7624	0	0	0	0	0	0	0	0	0	0	0	926	0	0	0	0	0	170	0	0	0	480	0	0	0	0	0	0	0	0	0	0	0	0	714	19308	676	3352	308	4294	7072	0	1514	28932	0	258	0	1038	374	158	0	0	0	1786	15692	376	456	178	90	142	
471768	Cerebelum_6_L	0	0	0	0	0	0	0	0	0	0	0	0	0	0	0	0	0	0	0	0	0	0	0	0	0	0	0	0	0	0	0	0	0	0	0	0	0	0	276	0	0	0	0	80	0	0	20112	4324	0	0	0	114	0	486	24404	2308	0	0	0	0	0	0	0	0	0	0	0	0	0	0	0	0	0	0	0	0	0	0	0	0	0	0	0	0	0	0	0	0	0	0	55116	4626	29442	858	1100	814	33512	1514	0	7792	6312	0	8040	92	7188	694	1534	0	262	1024	9732	10398	1550	698	844	638	
450156	Cerebelum_6_R	0	0	0	0	0	0	0	0	0	0	0	0	0	0	0	0	0	0	0	0	0	0	0	0	0	0	0	0	0	0	0	0	0	0	0	0	0	206	0	556	0	0	0	0	0	0	4446	10338	0	0	0	130	0	1298	282	16080	0	0	0	0	0	0	0	0	0	0	0	0	0	0	0	0	0	0	0	0	0	0	0	0	0	0	0	0	0	0	0	0	0	238	3098	51074	3166	11068	1042	7410	9966	28932	7792	0	958	1464	1458	5848	3108	3092	182	924	148	4562	21850	11578	6594	3524	2486	180	
344972	Cerebelum_7b_L	0	0	0	0	0	0	0	0	0	0	0	0	0	0	0	0	0	0	0	0	0	0	0	0	0	0	0	0	0	0	0	0	0	0	0	0	0	0	0	0	0	0	0	0	0	0	236	168	0	0	0	0	0	0	1858	114	0	0	0	0	0	0	0	0	0	0	0	0	0	0	0	0	0	0	0	0	0	0	0	0	0	0	0	0	0	0	0	0	348	0	12908	730	50236	5512	82	0	3102	0	6312	958	0	5210	45730	5624	14696	136	3876	0	0	0	400	1240	5538	6424	1048	0	
170156	Cerebelum_7b_R	0	0	0	0	0	0	0	0	0	0	0	0	0	0	0	0	0	0	0	0	0	0	0	0	0	0	0	0	0	0	0	0	0	0	0	0	0	0	0	0	0	0	0	0	0	0	0	0	0	0	0	0	0	0	0	658	0	0	0	0	0	0	0	0	0	0	0	0	0	0	0	0	0	0	0	0	0	0	0	0	0	0	0	0	0	0	0	0	0	82	0	6124	6240	26856	0	190	0	258	0	1464	5210	0	1070	26126	0	2554	0	0	0	156	0	0	3934	3688	468	0	
345260	Cerebelum_8_L	0	0	0	0	0	0	0	0	0	0	0	0	0	0	0	0	0	0	0	0	0	0	0	0	0	0	0	0	0	0	0	0	0	0	0	0	0	0	0	0	0	0	0	0	0	0	336	214	0	0	0	0	0	0	2338	148	0	0	0	0	0	0	0	0	0	0	0	0	0	0	0	0	0	0	0	0	0	0	0	0	0	0	0	0	0	0	0	0	402	0	14208	1114	43718	2048	0	90	3332	0	8040	1458	45730	1070	0	4792	24434	402	4876	0	0	92	410	2090	2294	6372	2510	112	
303788	Cerebelum_8_R	0	0	0	0	0	0	0	0	0	0	0	0	0	0	0	0	0	0	0	0	0	0	0	0	0	0	0	0	0	0	0	0	0	0	0	0	0	0	0	0	0	0	0	0	0	0	0	0	0	0	0	0	0	0	0	1542	0	0	0	0	0	0	0	0	0	0	0	0	0	0	0	0	0	0	0	0	0	0	0	0	0	0	0	0	0	0	0	0	0	458	0	20982	4792	39242	0	1430	144	1038	92	5848	5624	26126	4792	0	348	21808	0	344	0	1166	410	100	3476	8152	3980	0	
197848	Cerebelum_9_L	0	0	0	0	0	0	0	0	0	0	0	0	0	0	0	0	0	0	0	0	0	0	0	0	0	0	0	0	0	0	0	0	0	0	0	0	0	0	0	0	0	0	0	0	0	0	1778	376	0	0	0	0	0	0	742	266	0	0	0	0	0	0	0	0	0	0	0	0	0	0	0	0	0	0	0	0	0	0	0	0	0	0	0	0	0	0	0	0	0	0	4174	2452	13390	562	504	446	6114	374	7188	3108	14696	0	24434	348	0	634	6002	0	172	446	2772	3956	794	1308	1316	572	
133676	Cerebelum_9_R	0	0	0	0	0	0	0	0	0	0	0	0	0	0	0	0	0	0	0	0	0	0	0	0	0	0	0	0	0	0	0	0	0	0	0	0	0	0	0	0	0	0	0	0	0	0	246	0	0	0	0	0	0	0	0	404	0	0	0	0	0	0	0	0	0	0	0	0	0	0	0	0	0	0	0	0	0	0	0	0	0	0	0	0	0	0	0	0	0	186	104	5926	216	8452	0	1378	832	158	694	3092	136	2554	402	21808	634	0	0	1088	260	1240	1098	1848	3034	4000	5872	1176	
50200	Cerebelum_10_L	0	0	0	0	0	0	0	0	0	0	0	0	0	0	0	0	0	0	0	0	0	0	0	0	0	0	0	0	0	0	0	0	0	0	0	0	0	0	0	0	0	0	0	0	0	0	316	0	0	0	0	0	0	0	468	0	0	0	0	0	0	0	0	0	0	0	0	0	0	0	0	0	0	0	0	0	0	0	0	0	0	0	0	0	0	0	0	0	0	0	2262	138	3676	0	0	0	1180	0	1534	182	3876	0	4876	0	6002	0	0	0	0	0	326	264	0	0	0	0	
12680	Cerebelum_10_R	0	0	0	0	0	0	0	0	0	0	0	0	0	0	0	0	0	0	0	0	0	0	0	0	0	0	0	0	0	0	0	0	0	0	0	0	0	0	0	0	0	0	0	0	0	0	0	0	0	0	0	0	0	0	0	0	0	0	0	0	0	0	0	0	0	0	0	0	0	0	0	0	0	0	0	0	0	0	0	0	0	0	0	0	0	0	0	0	0	0	0	1052	0	332	0	0	0	0	0	924	0	0	0	344	0	1088	0	0	0	0	0	0	1052	1056	492	0	
18700	Vermis_1_2	0	0	0	0	0	0	0	0	0	0	0	0	0	0	0	0	0	0	0	0	0	0	0	0	0	0	0	0	0	0	0	0	0	0	0	0	0	0	78	0	0	0	0	0	0	0	0	0	0	0	0	0	0	0	0	0	0	0	0	0	0	0	0	0	0	0	0	0	0	0	0	0	0	0	0	0	0	0	0	0	0	0	0	0	0	0	0	0	0	0	154	84	154	0	1058	684	978	0	262	148	0	0	0	0	172	260	0	0	0	3678	904	140	170	198	228	0	
80388	Vermis_3	0	0	0	0	0	0	0	0	0	0	0	0	0	0	0	0	0	0	0	0	0	0	0	0	0	0	0	0	0	0	0	0	0	0	0	0	0	0	182	0	0	0	0	0	0	0	220	274	0	0	0	0	0	0	0	0	0	0	0	0	0	0	0	0	0	0	0	0	0	0	0	0	0	0	0	0	0	0	0	0	0	0	0	0	0	0	0	0	0	0	608	3338	538	2226	2998	6350	3232	1786	1024	4562	0	156	92	1166	446	1240	0	0	3678	0	3134	424	808	860	768	84	
288620	Vermis_4_5	0	128	0	118	0	0	0	0	0	0	0	0	0	0	0	0	0	0	0	0	0	0	0	0	0	0	0	0	0	0	0	0	0	0	0	800	0	1304	0	778	0	0	0	164	0	0	8816	7900	0	0	0	86	0	668	830	4870	0	0	0	0	0	0	0	0	0	0	0	1320	0	0	0	112	0	230	0	98	0	946	0	0	0	0	0	0	0	0	0	0	0	0	3592	14038	2664	3744	1878	2878	18254	15692	9732	21850	400	0	410	410	2772	1098	326	0	904	3134	0	7552	188	616	1156	1854	
