data	data	384228	208140	625192	1.0119e+06	103124	163432	352152	304676	78008	22180	235412	262796	296980	282004	124252	52104	195872	134032	698452	958388	47388	52456	331720	532652	15812	192588	54768	41740	629600	431652	183424	558016	121684	578812	111060	167624	173540	263036	59640	172380	34104	55660	292896	381440	158380	340216	245576	361612	164452	365268	412012	185552	105564	109444	346116	454180	272660	171772	138828	71968	200160	106224	82752	102536	161164	145692	318412	481600	281488	296060	199608	537992	260296	426228	32388	35920	190312	255440	108420	41448	176316	85360	80808	52096	213944	180412	5504	18408	219384	235556	419376	464944	391176	383552	20432	36680	211332	187712	447516	485440	332348	137636	397540	457660	130692	202436	42964	49964	14032	28092	186320	194420	219096	182928	97008	14704	
data	data	Precentral_L	Precentral_R	Frontal_Sup_L	Frontal_Sup_R	Frontal_Sup_Orb_L	Frontal_Sup_Orb_R	Frontal_Mid_L	Frontal_Mid_R	Frontal_Mid_Orb_L	Frontal_Mid_Orb_R	Frontal_Inf_Oper_L	Frontal_Inf_Oper_R	Frontal_Inf_Tri_L	Frontal_Inf_Tri_R	Frontal_Inf_Orb_L	Frontal_Inf_Orb_R	Rolandic_Oper_L	Rolandic_Oper_R	Supp_Motor_Area_L	Supp_Motor_Area_R	Olfactory_L	Olfactory_R	Frontal_Sup_Medial_L	Frontal_Sup_Medial_R	Frontal_Med_Orb_L	Frontal_Med_Orb_R	Rectus_L	Rectus_R	Insula_L	Insula_R	Cingulum_Ant_L	Cingulum_Ant_R	Cingulum_Mid_L	Cingulum_Mid_R	Cingulum_Post_L	Cingulum_Post_R	Hippocampus_L	Hippocampus_R	ParaHippocampal_L	ParaHippocampal_R	Amygdala_L	Amygdala_R	Calcarine_L	Calcarine_R	Cuneus_L	Cuneus_R	Lingual_L	Lingual_R	Occipital_Sup_L	Occipital_Sup_R	Occipital_Mid_L	Occipital_Mid_R	Occipital_Inf_L	Occipital_Inf_R	Fusiform_L	Fusiform_R	Postcentral_L	Postcentral_R	Parietal_Sup_L	Parietal_Sup_R	Parietal_Inf_L	Parietal_Inf_R	SupraMarginal_L	SupraMarginal_R	Angular_L	Angular_R	Precuneus_L	Precuneus_R	Paracentral_Lobule_L	Paracentral_Lobule_R	Caudate_L	Caudate_R	Putamen_L	Putamen_R	Pallidum_L	Pallidum_R	Thalamus_L	Thalamus_R	Heschl_L	Heschl_R	Temporal_Sup_L	Temporal_Sup_R	Temporal_Pole_Sup_L	Temporal_Pole_Sup_R	Temporal_Mid_L	Temporal_Mid_R	Temporal_Pole_Mid_L	Temporal_Pole_Mid_R	Temporal_Inf_L	Temporal_Inf_R	Cerebelum_Crus1_L	Cerebelum_Crus1_R	Cerebelum_Crus2_L	Cerebelum_Crus2_R	Cerebelum_3_L	Cerebelum_3_R	Cerebelum_4_5_L	Cerebelum_4_5_R	Cerebelum_6_L	Cerebelum_6_R	Cerebelum_7b_L	Cerebelum_7b_R	Cerebelum_8_L	Cerebelum_8_R	Cerebelum_9_L	Cerebelum_9_R	Cerebelum_10_L	Cerebelum_10_R	Vermis_1_2	Vermis_3	Vermis_4_5	Vermis_6	Vermis_7	Vermis_8	Vermis_9	Vermis_10	
384228	Precentral_L	0	100	11922	696	0	0	17928	92	0	0	10072	0	2806	0	0	0	9206	0	11818	1392	0	0	0	170	0	0	0	0	12798	0	0	218	1384	406	2538	1500	5164	950	0	466	0	0	364	0	142	0	0	0	0	0	2282	0	236	0	538	78	25074	0	846	0	5662	0	4114	0	2490	0	1144	0	29946	0	592	414	2288	0	244	0	12158	510	6314	0	3300	0	0	0	920	0	0	0	742	0	90	0	0	0	0	0	0	0	0	0	0	0	0	0	0	0	0	0	0	0	0	0	0	0	0	0	
208140	Precentral_R	100	0	0	11750	0	0	0	9046	0	0	0	2596	226	310	0	0	0	1532	634	9900	0	0	0	88	0	0	0	0	308	886	0	122	132	4628	218	1406	0	1106	0	598	0	0	0	2248	0	1724	0	458	0	1362	0	180	0	172	0	1104	0	16502	0	0	0	730	0	2122	0	300	0	6018	546	11568	680	808	100	2304	0	342	914	3636	0	336	0	954	0	0	0	1260	0	0	0	2116	0	0	0	0	0	0	0	0	0	0	0	0	0	0	0	0	0	0	0	0	0	0	0	0	0	0	
625192	Frontal_Sup_L	11922	0	0	7562	5566	364	55588	462	2992	0	13128	242	13356	324	5724	272	11248	0	37408	5336	0	0	43806	8014	554	992	974	0	31276	462	7552	4978	482	5298	0	0	194	0	0	0	0	0	0	0	0	0	0	0	0	0	0	0	0	0	0	0	6248	0	0	0	0	0	0	0	0	0	0	0	2418	0	4006	8434	4852	618	0	0	1300	400	2684	0	3090	0	2470	0	0	0	0	0	0	0	0	0	0	0	0	0	0	0	0	0	0	0	0	0	0	0	0	0	0	0	0	0	0	0	0	0	
1.0119e+06	Frontal_Sup_R	696	11750	7562	0	0	11674	3170	34168	0	710	2010	15110	2830	14688	180	1918	792	11230	14782	77734	0	0	8524	51174	0	11566	0	142	4242	27022	3710	37016	1614	20650	178	122	114	3676	0	864	0	256	0	226	0	316	0	126	0	212	0	0	0	0	0	326	414	1990	0	0	0	214	0	888	0	0	0	514	1590	1808	3674	34302	322	31732	430	3888	3534	33948	138	1646	122	354	224	634	0	210	0	0	0	294	0	0	0	0	0	0	0	0	0	0	0	0	0	0	0	0	0	0	0	0	0	0	0	0	0	0	
103124	Frontal_Sup_Orb_L	0	0	5566	0	0	0	1964	0	12086	0	0	0	1210	0	8106	0	0	0	222	0	96	0	5028	0	1366	0	3866	0	1032	0	3600	232	0	0	0	0	0	0	0	0	0	0	0	0	0	0	0	0	0	0	0	0	0	0	0	0	0	0	0	0	0	0	0	0	0	0	0	0	0	0	1862	0	5326	0	0	0	0	0	0	0	0	0	0	0	0	0	0	0	0	0	0	0	0	0	0	0	0	0	0	0	0	0	0	0	0	0	0	0	0	0	0	0	0	0	0	0	
163432	Frontal_Sup_Orb_R	0	0	364	11674	0	0	124	1698	0	1850	596	956	972	3260	0	1962	94	0	1712	3582	0	122	0	7198	0	9290	0	4574	1354	3688	0	6186	0	1824	0	0	0	0	0	0	0	0	0	0	0	0	0	0	0	0	0	0	0	0	0	0	0	0	0	0	0	0	0	0	0	0	0	0	0	0	476	7560	0	10600	0	0	0	0	0	0	0	0	0	0	0	0	0	0	0	0	0	0	0	0	0	0	0	0	0	0	0	0	0	0	0	0	0	0	0	0	0	0	0	0	0	0	
352152	Frontal_Mid_L	17928	0	55588	3170	1964	124	0	120	2260	0	10484	0	20978	0	4316	0	1762	0	6424	506	0	0	13688	3454	0	468	0	0	13188	234	1330	1926	132	2182	0	0	426	0	0	0	0	0	0	0	0	0	0	0	0	0	592	0	0	0	0	0	598	0	302	0	532	0	960	0	104	0	330	0	244	0	1078	2852	2060	338	216	0	540	0	1342	0	790	0	456	0	0	0	0	0	90	0	0	0	0	0	0	0	0	0	0	0	0	0	0	0	0	0	0	0	0	0	0	0	0	0	0	0	
304676	Frontal_Mid_R	92	9046	462	34168	0	1698	120	0	0	462	358	16514	1570	15620	0	1560	0	746	5292	12014	0	0	582	7274	0	2530	0	0	1752	5518	344	5282	120	6838	0	110	0	774	0	178	0	0	0	0	0	92	0	0	0	96	0	0	0	0	0	112	0	1442	0	0	0	0	0	590	0	0	0	130	86	0	248	4210	0	6824	0	278	580	6070	0	208	0	100	0	0	0	88	0	0	0	160	0	0	0	0	0	0	0	0	0	0	0	0	0	0	0	0	0	0	0	0	0	0	0	0	0	0	
78008	Frontal_Mid_Orb_L	0	0	2992	0	12086	0	2260	0	0	0	0	0	1260	0	10770	0	0	0	264	0	0	0	964	0	0	0	1132	0	1288	0	350	0	0	0	0	0	0	0	0	0	0	0	0	0	0	0	0	0	0	0	0	0	0	0	0	0	0	0	0	0	0	0	0	0	0	0	0	0	0	0	602	0	5036	0	0	0	0	0	0	0	0	0	0	0	0	0	0	0	0	0	0	0	0	0	0	0	0	0	0	0	0	0	0	0	0	0	0	0	0	0	0	0	0	0	0	0	
22180	Frontal_Mid_Orb_R	0	0	0	710	0	1850	0	462	0	0	0	0	0	272	0	4454	0	0	0	562	0	0	0	0	0	0	0	218	0	536	0	0	0	0	0	0	0	0	0	0	0	0	0	0	0	0	0	0	0	0	0	0	0	0	0	0	0	0	0	0	0	0	0	0	0	0	0	0	0	0	0	598	0	1428	0	0	0	0	0	0	0	0	0	0	0	0	0	0	0	0	0	0	0	0	0	0	0	0	0	0	0	0	0	0	0	0	0	0	0	0	0	0	0	0	0	0	
235412	Frontal_Inf_Oper_L	10072	0	13128	2010	0	596	10484	358	0	0	0	318	16230	152	366	0	8854	0	5258	712	0	0	1586	1596	0	888	0	0	18222	306	632	2340	214	590	0	0	0	0	0	0	0	0	0	0	0	0	0	0	0	0	0	0	0	0	0	0	3636	120	0	0	0	0	0	0	0	0	0	0	106	0	1788	7278	654	714	0	0	114	0	682	0	1902	0	5800	0	0	0	0	0	0	0	0	0	0	0	0	0	0	0	0	0	0	0	0	0	0	0	0	0	0	0	0	0	0	0	0	0	
262796	Frontal_Inf_Oper_R	0	2596	242	15110	0	956	0	16514	0	0	318	0	1770	17478	0	134	0	6754	3750	11306	0	0	420	6476	0	3204	0	0	2036	14376	636	8904	114	4842	0	0	0	138	0	0	0	0	0	292	0	410	0	0	0	372	0	0	0	0	0	0	0	1432	0	0	0	78	0	462	0	0	0	422	0	92	742	3548	0	3668	0	0	0	168	0	116	0	0	0	1440	0	82	0	0	0	0	0	0	0	0	0	0	0	0	0	0	0	0	0	0	0	0	0	0	0	0	0	0	0	0	0	0	
296980	Frontal_Inf_Tri_L	2806	226	13356	2830	1210	972	20978	1570	1260	0	16230	1770	0	1386	8582	0	460	386	4234	2780	0	0	4976	1822	0	896	0	0	29880	1576	1794	3202	238	2070	0	0	0	162	0	0	0	0	0	0	0	0	0	0	0	0	0	0	0	0	0	0	108	412	0	0	0	0	0	110	0	0	0	86	0	0	6546	9316	1484	1606	0	0	0	284	0	82	98	0	706	0	0	0	0	0	0	0	0	0	0	0	0	0	0	0	0	0	0	0	0	0	0	0	0	0	0	0	0	0	0	0	0	0	
282004	Frontal_Inf_Tri_R	0	310	324	14688	0	3260	0	15620	0	272	152	17478	1386	0	142	2684	0	326	3230	6590	0	0	890	11668	0	4590	0	0	1484	22888	1172	13876	118	4564	0	0	0	0	0	0	0	0	0	0	0	0	0	0	0	0	0	0	0	0	0	0	0	96	0	0	0	0	0	0	0	0	0	0	0	0	1150	6736	0	5100	0	0	0	130	0	78	0	0	0	0	0	0	0	0	0	0	0	0	0	0	0	0	0	0	0	0	0	0	0	0	0	0	0	0	0	0	0	0	0	0	0	0	
124252	Frontal_Inf_Orb_L	0	0	5724	180	8106	0	4316	0	10770	0	366	0	8582	142	0	0	0	0	1002	194	100	0	2098	122	0	0	252	0	8204	204	402	162	0	80	0	0	0	0	0	0	78	0	0	0	0	0	0	0	0	0	0	0	0	0	0	0	0	0	0	0	0	0	0	0	0	0	0	0	0	0	1220	474	9152	0	0	0	0	0	0	0	0	0	196	0	0	0	0	0	0	0	0	0	0	0	0	0	0	0	0	0	0	0	0	0	0	0	0	0	0	0	0	0	0	0	0	0	
52104	Frontal_Inf_Orb_R	0	0	272	1918	0	1962	0	1560	0	4454	0	134	0	2684	0	0	0	0	264	994	0	402	0	294	0	278	0	212	100	5048	78	482	0	212	0	0	0	82	0	0	0	0	0	0	0	0	0	0	0	0	0	0	0	0	0	0	0	0	0	0	0	0	0	0	0	0	0	0	0	0	108	1702	0	2714	0	0	0	98	0	0	0	0	0	0	0	0	0	0	0	0	0	0	0	0	0	0	0	0	0	0	0	0	0	0	0	0	0	0	0	0	0	0	0	0	0	0	
195872	Rolandic_Oper_L	9206	0	11248	792	0	94	1762	0	0	0	8854	0	460	0	0	0	0	0	9394	182	0	0	120	342	0	170	0	0	16990	0	0	462	0	0	0	0	276	0	0	0	0	0	0	0	0	0	0	0	0	0	402	0	86	0	304	0	11508	0	0	0	300	0	1340	0	294	0	0	0	1484	0	150	778	116	138	0	0	136	0	5182	0	9302	0	3792	0	1590	0	0	0	682	0	0	0	0	0	0	0	0	0	0	0	0	0	0	0	0	0	0	0	0	0	0	0	0	0	0	0	
134032	Rolandic_Oper_R	0	1532	0	11230	0	0	0	746	0	0	0	6754	386	326	0	0	0	0	124	6978	0	0	0	0	0	0	0	0	426	14204	0	0	0	158	0	140	0	1562	0	240	0	0	0	200	0	248	0	84	0	102	0	0	0	0	0	238	0	4340	0	0	0	0	0	3384	0	0	0	518	0	516	0	148	0	2824	0	0	0	184	0	5420	0	2422	0	1054	0	228	0	0	0	300	0	0	0	0	0	0	0	0	0	0	0	0	0	0	0	0	0	0	0	0	0	0	0	0	0	0	
698452	Supp_Motor_Area_L	11818	634	37408	14782	222	1712	6424	5292	264	0	5258	3750	4234	3230	1002	264	9394	124	0	45226	0	0	7970	10602	0	804	0	0	27722	2566	2176	7538	8324	33810	202	302	2864	88	144	0	226	0	0	0	0	0	0	0	0	0	0	0	0	0	172	0	7394	530	0	0	0	128	0	134	0	0	0	168	22222	148	4036	6466	17756	2610	4764	208	15758	468	2670	0	5192	0	1492	0	374	0	0	0	160	0	0	0	0	0	0	0	0	0	0	0	0	0	0	0	0	0	0	0	0	0	0	0	0	0	0	0	
958388	Supp_Motor_Area_R	1392	9900	5336	77734	0	3582	506	12014	0	562	712	11306	2780	6590	194	994	182	6978	45226	0	0	0	1978	16080	0	3938	0	0	7520	15258	1654	14032	5624	55182	2650	4954	108	2714	0	688	0	214	0	1188	0	1574	0	384	0	1514	0	110	0	152	0	960	220	3588	0	204	0	382	0	620	0	340	0	5200	5036	20728	7542	37428	8170	26046	1312	4844	3958	22176	0	1044	826	618	212	352	0	1592	0	0	0	2292	0	0	0	0	0	0	0	0	0	0	0	0	0	0	0	0	0	0	0	0	0	0	0	0	0	0	
47388	Olfactory_L	0	0	0	0	96	0	0	0	0	0	0	0	0	0	100	0	0	0	0	0	0	4922	0	0	0	0	3204	932	384	0	2246	2612	0	0	0	0	254	0	0	0	512	0	0	0	0	0	0	0	0	0	0	0	0	0	142	0	0	0	0	0	0	0	0	0	0	0	0	0	0	0	4536	1962	1490	96	0	0	0	0	0	0	0	0	206	0	0	0	0	0	0	0	0	0	0	0	0	0	0	0	0	0	0	0	0	0	0	0	0	0	0	0	0	0	0	0	0	0	
52456	Olfactory_R	0	0	0	0	0	122	0	0	0	0	0	0	0	0	0	402	0	0	0	0	4922	0	0	0	0	268	2996	1802	0	1622	2090	2814	0	0	0	0	0	184	0	130	0	334	0	0	0	0	0	0	0	0	0	0	0	0	0	100	0	0	0	0	0	0	0	0	0	0	0	0	0	0	4428	2150	1444	326	0	0	0	0	0	0	0	0	0	94	0	0	0	0	0	0	0	0	0	0	0	0	0	0	0	0	0	0	0	0	0	0	0	0	0	0	0	0	0	0	0	0	
331720	Frontal_Sup_Medial_L	0	0	43806	8524	5028	0	13688	582	964	0	1586	420	4976	890	2098	0	120	0	7970	1978	0	0	0	16558	1822	128	1970	0	8346	590	14444	11340	2484	12090	0	0	0	0	0	0	0	0	0	0	0	0	0	0	0	0	0	0	0	0	0	0	0	0	0	0	0	0	0	0	0	0	0	0	0	0	1070	1122	1266	0	0	0	0	0	0	0	0	0	0	0	0	0	0	0	0	0	0	0	0	0	0	0	0	0	0	0	0	0	0	0	0	0	0	0	0	0	0	0	0	0	0	0	
532652	Frontal_Sup_Medial_R	170	88	8014	51174	0	7198	3454	7274	0	0	1596	6476	1822	11668	122	294	342	0	10602	16080	0	0	16558	0	114	12254	0	350	2496	9404	5828	42304	1300	26378	0	0	0	0	0	0	0	0	0	0	0	0	0	0	0	0	0	0	0	0	0	0	0	0	0	0	0	0	0	0	0	0	0	0	0	0	800	14058	78	7828	0	0	0	0	0	0	0	0	202	0	0	0	0	0	0	0	0	0	0	0	0	0	0	0	0	0	0	0	0	0	0	0	0	0	0	0	0	0	0	0	0	0	
15812	Frontal_Med_Orb_L	0	0	554	0	1366	0	0	0	0	0	0	0	0	0	0	0	0	0	0	0	0	0	1822	114	0	152	938	0	0	0	2880	0	0	0	0	0	0	0	0	0	0	0	0	0	0	0	0	0	0	0	0	0	0	0	0	0	0	0	0	0	0	0	0	0	0	0	0	0	0	0	80	0	0	0	0	0	0	0	0	0	0	0	0	0	0	0	0	0	0	0	0	0	0	0	0	0	0	0	0	0	0	0	0	0	0	0	0	0	0	0	0	0	0	0	0	0	
192588	Frontal_Med_Orb_R	0	0	992	11566	0	9290	468	2530	0	0	888	3204	896	4590	0	278	170	0	804	3938	0	268	128	12254	152	0	0	4382	1330	3260	272	13558	0	568	0	0	0	0	0	0	0	0	0	0	0	0	0	0	0	0	0	0	0	0	0	0	0	0	0	0	0	0	0	0	0	0	0	0	0	0	598	11328	0	8484	0	0	0	0	0	0	0	0	98	0	0	0	0	0	0	0	0	0	0	0	0	0	0	0	0	0	0	0	0	0	0	0	0	0	0	0	0	0	0	0	0	0	
54768	Rectus_L	0	0	974	0	3866	0	0	0	1132	0	0	0	0	0	252	0	0	0	0	0	3204	2996	1970	0	938	0	0	684	0	0	3380	1598	0	0	0	0	0	0	0	0	0	0	0	0	0	0	0	0	0	0	0	0	0	0	0	0	0	0	0	0	0	0	0	0	0	0	0	0	0	0	3328	1146	1916	0	0	0	0	0	0	0	0	0	0	0	0	0	0	0	0	0	0	0	0	0	0	0	0	0	0	0	0	0	0	0	0	0	0	0	0	0	0	0	0	0	0	0	
41740	Rectus_R	0	0	0	142	0	4574	0	0	0	218	0	0	0	0	0	212	0	0	0	0	932	1802	0	350	0	4382	684	0	0	276	454	1490	0	0	0	0	0	0	0	0	0	0	0	0	0	0	0	0	0	0	0	0	0	0	0	0	0	0	0	0	0	0	0	0	0	0	0	0	0	0	764	2486	430	1674	0	0	0	0	0	0	0	0	0	0	0	0	0	0	0	0	0	0	0	0	0	0	0	0	0	0	0	0	0	0	0	0	0	0	0	0	0	0	0	0	0	0	
629600	Insula_L	12798	308	31276	4242	1032	1354	13188	1752	1288	0	18222	2036	29880	1484	8204	100	16990	426	27722	7520	384	0	8346	2496	0	1330	0	0	0	1868	2690	4482	142	4450	0	78	8338	200	126	0	2032	0	102	0	0	78	0	0	0	0	528	0	90	0	1734	0	6492	416	0	0	420	0	396	110	366	0	190	88	1848	0	11136	12028	23760	2358	0	0	4490	382	9696	96	9554	0	7548	0	1266	0	0	0	2844	0	0	0	0	0	0	0	0	0	0	0	0	0	0	0	0	0	0	0	0	0	0	0	0	0	0	0	
431652	Insula_R	0	886	462	27022	0	3688	234	5518	0	536	306	14376	1576	22888	204	5048	0	14204	2566	15258	0	1622	590	9404	0	3260	0	276	1868	0	908	9992	0	3646	192	872	0	7784	0	1724	0	574	0	1178	0	592	0	444	0	704	0	0	0	80	0	2874	0	300	0	0	0	0	0	132	0	0	0	1780	0	508	1642	9482	0	24612	0	186	0	1850	0	3664	0	3324	0	1516	0	1258	0	0	0	2216	0	0	0	0	0	0	0	0	0	0	0	0	0	0	0	0	0	0	0	0	0	0	0	0	0	0	
183424	Cingulum_Ant_L	0	0	7552	3710	3600	0	1330	344	350	0	632	636	1794	1172	402	78	0	0	2176	1654	2246	2090	14444	5828	2880	272	3380	454	2690	908	0	15826	3364	4138	0	0	0	0	0	0	0	0	0	0	0	0	0	0	0	0	0	0	0	0	0	0	0	0	0	0	0	0	0	0	0	0	0	0	0	0	3608	2536	1150	468	0	0	0	0	0	0	0	0	0	0	0	0	0	0	0	0	0	0	0	0	0	0	0	0	0	0	0	0	0	0	0	0	0	0	0	0	0	0	0	0	0	0	
558016	Cingulum_Ant_R	218	122	4978	37016	232	6186	1926	5282	0	0	2340	8904	3202	13876	162	482	462	0	7538	14032	2612	2814	11340	42304	0	13558	1598	1490	4482	9992	15826	0	3224	21788	0	0	0	0	0	0	0	0	0	0	0	80	0	0	0	84	0	0	0	0	0	0	0	0	0	0	0	0	0	0	0	0	0	102	0	0	5348	23124	808	11140	0	0	0	0	0	0	78	0	258	0	0	0	0	0	0	0	0	0	0	0	0	0	0	0	0	0	0	0	0	0	0	0	0	0	0	0	0	0	0	0	0	0	
121684	Cingulum_Mid_L	1384	132	482	1614	0	0	132	120	0	0	214	114	238	118	0	0	0	0	8324	5624	0	0	2484	1300	0	0	0	0	142	0	3364	3224	0	12576	2098	1656	0	0	0	0	0	0	308	0	302	148	0	0	570	0	740	0	0	0	0	0	0	0	210	0	142	0	0	0	122	0	2702	836	8046	206	0	904	128	0	138	0	0	0	0	0	0	0	0	0	0	0	0	0	0	0	0	0	0	0	0	0	0	0	0	0	0	0	0	0	0	0	0	0	0	0	0	0	0	0	0	0	
578812	Cingulum_Mid_R	406	4628	5298	20650	0	1824	2182	6838	0	0	590	4842	2070	4564	80	212	0	158	33810	55182	0	0	12090	26378	0	568	0	0	4450	3646	4138	21788	12576	0	2234	7394	0	118	0	0	0	0	0	3220	0	3208	0	570	0	1534	0	124	0	0	0	154	0	3198	0	252	0	0	0	0	0	0	784	12122	2156	8786	2740	3564	3610	2302	798	0	0	260	0	0	702	0	160	0	0	110	0	0	0	338	0	0	0	0	0	0	0	0	0	0	0	0	0	0	0	0	0	0	0	0	0	0	0	0	0	0	
111060	Cingulum_Post_L	2538	218	0	178	0	0	0	0	0	0	0	0	0	0	0	0	0	0	202	2650	0	0	0	0	0	0	0	0	0	192	0	0	2098	2234	0	10352	4854	2302	416	1584	0	0	2644	366	766	218	862	504	212	0	226	0	1044	0	1174	856	122	94	0	0	0	0	0	0	100	0	5000	3228	4258	1288	0	0	132	0	0	0	1052	0	0	126	0	0	0	0	110	272	0	0	176	882	0	0	0	0	0	0	0	0	0	0	0	0	0	0	0	0	0	0	0	0	0	0	0	0	0	0	
167624	Cingulum_Post_R	1500	1406	0	122	0	0	0	110	0	0	0	0	0	0	0	0	0	140	302	4954	0	0	0	0	0	0	0	0	78	872	0	0	1656	7394	10352	0	3804	6002	82	3956	0	0	0	2846	190	1544	0	2828	148	546	82	94	0	196	0	2934	0	772	0	0	0	0	0	0	0	0	1194	13184	1974	4294	0	0	260	0	0	0	3148	978	104	384	0	0	0	0	0	656	0	0	0	2410	0	0	0	0	0	0	0	0	0	0	0	0	0	0	0	0	0	0	0	0	316	0	0	0	0	0	
173540	Hippocampus_L	5164	0	194	114	0	0	426	0	0	0	0	0	0	0	0	0	276	0	2864	108	254	0	0	0	0	0	0	0	8338	0	0	0	0	0	4854	3804	0	2320	6072	876	7078	0	1632	0	0	0	872	482	0	0	128	0	124	0	7466	276	380	0	0	0	130	0	0	0	94	0	1816	886	3104	0	0	0	5188	0	332	0	4944	282	3062	0	978	0	1946	0	1032	0	0	0	8528	0	154	0	0	0	0	0	100	0	0	0	0	0	0	0	0	0	0	0	0	0	92	0	0	0	0	0	
263036	Hippocampus_R	950	1106	0	3676	0	0	0	774	0	0	0	138	162	0	0	82	0	1562	88	2714	0	184	0	0	0	0	0	0	200	7784	0	0	0	118	2302	6002	2320	0	282	21466	0	7494	0	1802	0	214	0	4266	0	348	0	0	0	700	0	23810	0	290	0	0	0	0	0	142	0	150	0	4980	896	770	0	0	160	7156	0	316	2626	9628	0	1394	0	974	0	2266	0	1148	0	192	0	7886	0	0	0	0	0	0	0	0	0	0	0	0	0	0	0	0	0	0	0	0	0	0	0	0	0	0	
59640	ParaHippocampal_L	0	0	0	0	0	0	0	0	0	0	0	0	0	0	0	0	0	0	144	0	0	0	0	0	0	0	0	0	126	0	0	0	0	0	416	82	6072	282	0	78	814	0	1380	0	190	78	4316	124	100	0	1868	0	1058	0	6794	0	0	0	0	0	0	0	0	0	0	0	1540	0	180	0	0	0	560	0	90	0	364	0	0	0	0	0	96	0	124	0	0	0	1040	0	318	0	0	0	0	0	896	0	576	0	0	0	0	0	0	0	0	0	0	114	0	0	0	0	0	0	
172380	ParaHippocampal_R	466	598	0	864	0	0	0	178	0	0	0	0	0	0	0	0	0	240	0	688	0	130	0	0	0	0	0	0	0	1724	0	0	0	0	1584	3956	876	21466	78	0	0	4638	0	1698	0	136	0	5100	0	418	0	0	0	882	0	17882	0	112	0	0	0	0	0	0	0	180	0	3908	468	452	0	0	0	1492	0	184	1378	5704	0	480	0	0	0	2316	0	464	0	844	0	3526	0	176	0	0	0	82	0	592	0	230	0	0	0	0	0	0	0	0	0	0	0	0	0	0	0	0	
34104	Amygdala_L	0	0	0	0	0	0	0	0	0	0	0	0	0	0	78	0	0	0	226	0	512	0	0	0	0	0	0	0	2032	0	0	0	0	0	0	0	7078	0	814	0	0	0	0	0	0	0	0	0	0	0	0	0	0	0	2616	0	0	0	0	0	0	0	0	0	0	0	0	0	230	0	0	0	188	0	0	0	286	0	0	0	0	0	752	0	0	0	0	0	2240	0	0	0	0	0	0	0	0	0	0	0	0	0	0	0	0	0	0	0	0	0	0	0	0	0	0	0	
55660	Amygdala_R	0	0	0	256	0	0	0	0	0	0	0	0	0	0	0	0	0	0	0	214	0	334	0	0	0	0	0	0	0	574	0	0	0	0	0	0	0	7494	0	4638	0	0	0	0	0	0	0	0	0	0	0	0	0	0	0	7872	0	0	0	0	0	0	0	0	0	0	0	0	0	0	0	154	0	666	0	0	0	364	0	0	0	0	0	3158	0	0	0	1028	0	1078	0	0	0	0	0	0	0	0	0	0	0	0	0	0	0	0	0	0	0	0	0	0	0	0	0	0	
292896	Calcarine_L	364	0	0	0	0	0	0	0	0	0	0	0	0	0	0	0	0	0	0	0	0	0	0	0	0	0	0	0	102	0	0	0	308	0	2644	0	1632	0	1380	0	0	0	0	7830	15414	5212	14456	2278	8702	1472	21402	146	3920	0	5320	0	6070	0	3976	0	5076	0	468	0	1552	0	27768	770	1628	0	0	0	0	0	0	0	0	0	176	0	198	0	0	0	2814	0	0	0	1304	0	872	0	0	0	0	0	0	0	458	112	0	0	92	0	94	0	0	0	0	0	0	286	152	0	0	0	
381440	Calcarine_R	0	2248	0	226	0	0	0	0	0	0	0	292	0	0	0	0	0	200	0	1188	0	0	0	0	0	0	0	0	0	1178	0	0	0	3220	366	2846	0	1802	0	1698	0	0	7830	0	2134	32406	1988	24962	84	32456	0	12784	0	6410	0	10860	0	2818	0	392	0	0	0	0	0	1256	214	25548	0	6128	0	0	0	78	0	0	0	250	0	172	0	264	0	0	0	1634	0	0	0	2382	178	0	0	0	0	0	0	0	286	260	0	0	206	0	188	0	0	0	0	0	102	736	266	106	78	0	
158380	Cuneus_L	142	0	0	0	0	0	0	0	0	0	0	0	0	0	0	0	0	0	0	0	0	0	0	0	0	0	0	0	0	0	0	0	302	0	766	190	0	0	190	0	0	0	15414	2134	0	4736	1918	0	17692	224	10686	0	248	0	420	0	848	0	2322	0	692	0	228	0	1294	0	14322	2798	636	0	0	0	0	0	0	0	0	0	0	0	102	0	0	0	600	0	0	0	198	0	88	0	0	0	0	0	0	0	0	0	0	0	0	0	0	0	0	0	0	0	0	0	0	0	0	0	
340216	Cuneus_R	0	1724	0	316	0	0	0	92	0	0	0	410	0	0	0	0	0	248	0	1574	0	0	0	0	0	0	0	0	78	592	0	80	148	3208	218	1544	0	214	78	136	0	0	5212	32406	4736	0	470	5746	256	36566	212	7540	0	1696	84	3378	0	2936	88	956	0	158	0	0	0	512	3280	33576	0	12684	0	0	0	0	0	0	0	0	0	226	0	594	0	0	0	3412	0	0	0	2558	0	0	0	0	0	0	0	0	0	0	0	0	0	0	0	0	0	0	0	0	0	166	0	0	0	0	
245576	Lingual_L	0	0	0	0	0	0	0	0	0	0	0	0	0	0	0	0	0	0	0	0	0	0	0	0	0	0	0	0	0	0	0	0	0	0	862	0	872	0	4316	0	0	0	14456	1988	1918	470	0	2534	2120	364	15180	0	7582	0	18016	222	0	0	0	0	92	0	0	0	190	0	5724	126	82	0	0	0	0	0	0	0	0	0	0	0	0	0	0	0	380	0	0	0	1026	0	9702	108	526	102	80	106	8982	1854	14506	1030	470	0	656	96	158	402	0	364	0	150	3744	820	242	78	92	0	
361612	Lingual_R	0	458	0	126	0	0	0	0	0	0	0	0	0	0	0	0	0	84	0	384	0	0	0	0	0	0	0	0	0	444	0	0	0	570	504	2828	482	4266	124	5100	0	0	2278	24962	0	5746	2534	0	0	11264	0	4512	0	8458	0	26950	0	336	0	0	0	0	0	0	0	758	78	13430	0	2948	0	0	0	0	0	0	150	1508	0	100	0	0	0	0	0	110	0	0	0	3556	1112	2708	884	586	122	606	1186	6300	3842	10306	800	0	1404	1384	1864	1148	780	600	182	264	5968	8532	3046	1244	890	0	
164452	Occipital_Sup_L	0	0	0	0	0	0	0	0	0	0	0	0	0	0	0	0	0	0	0	0	0	0	0	0	0	0	0	0	0	0	0	0	570	0	212	148	0	0	100	0	0	0	8702	84	17692	256	2120	0	0	0	25188	0	380	0	184	0	276	0	7054	0	964	0	0	0	1454	0	12518	1528	1994	0	0	0	0	0	0	0	0	0	0	0	0	0	0	0	626	0	0	0	176	0	0	0	0	0	0	0	0	0	0	0	0	0	0	0	0	0	0	0	0	0	0	0	0	0	0	0	
365268	Occipital_Sup_R	0	1362	0	212	0	0	0	96	0	0	0	372	0	0	0	0	0	102	0	1514	0	0	0	0	0	0	0	0	0	704	0	84	0	1534	0	546	0	348	0	418	0	0	1472	32456	224	36566	364	11264	0	0	0	21278	0	3932	0	7622	0	2200	0	6420	0	3096	0	102	0	7464	0	22436	0	13196	0	0	0	80	0	0	0	0	0	0	0	178	0	0	0	2584	0	0	0	1908	0	0	0	0	0	0	0	0	112	92	0	0	0	0	0	0	0	0	0	0	0	296	0	0	0	0	
412012	Occipital_Mid_L	2282	0	0	0	0	0	592	0	0	0	0	0	0	0	0	0	402	0	0	0	0	0	0	0	0	0	0	0	528	0	0	0	740	0	226	82	128	0	1868	0	0	0	21402	0	10686	212	15180	0	25188	0	0	0	13948	0	7364	0	2614	0	11354	0	12444	0	588	0	20842	0	18804	370	3330	0	0	0	0	0	0	0	0	0	304	0	590	0	0	0	24284	0	0	0	8982	0	252	0	0	0	0	0	0	0	420	0	0	0	0	0	0	0	0	0	0	0	0	0	0	0	0	0	
185552	Occipital_Mid_R	0	180	0	0	0	0	0	0	0	0	0	0	0	0	0	0	0	0	0	110	0	0	0	0	0	0	0	0	0	0	0	0	0	124	0	94	0	0	0	0	0	0	146	12784	0	7540	0	4512	0	21278	0	0	0	4138	0	4362	0	324	0	1034	0	3902	0	0	0	15242	0	3746	0	2218	0	0	0	0	0	0	0	0	0	0	0	452	0	0	0	9408	0	0	0	1182	0	0	0	0	0	0	0	0	0	0	0	0	0	0	0	0	0	0	0	0	0	0	0	0	0	0	
105564	Occipital_Inf_L	236	0	0	0	0	0	0	0	0	0	0	0	0	0	0	0	86	0	0	0	0	0	0	0	0	0	0	0	90	0	0	0	0	0	1044	0	124	0	1058	0	0	0	3920	0	248	0	7582	0	380	0	13948	0	0	0	11146	0	0	0	0	0	146	0	134	0	674	0	2802	0	412	0	0	0	0	0	0	0	0	0	224	0	0	0	0	0	1710	0	0	0	4974	0	514	0	0	0	0	0	0	0	1330	0	0	0	0	0	0	0	0	0	0	0	0	0	0	0	0	0	
109444	Occipital_Inf_R	0	172	0	0	0	0	0	0	0	0	0	0	0	0	0	0	0	0	0	152	0	0	0	0	0	0	0	0	0	80	0	0	0	0	0	196	0	700	0	882	0	0	0	6410	0	1696	0	8458	0	3932	0	4138	0	0	0	11616	0	0	0	0	0	0	0	0	0	96	0	3308	0	936	0	0	0	0	0	0	0	306	0	0	0	0	0	0	0	1294	0	0	0	8558	0	102	0	0	0	0	0	122	162	730	0	0	0	88	0	0	0	0	0	0	0	510	78	0	0	0	
346116	Fusiform_L	538	0	0	0	0	0	0	0	0	0	0	0	0	0	0	0	304	0	172	0	142	0	0	0	0	0	0	0	1734	0	0	0	0	0	1174	0	7466	0	6794	0	2616	0	5320	0	420	84	18016	0	184	0	7364	0	11146	0	0	0	0	0	0	0	132	0	156	0	272	0	4588	0	552	0	0	0	874	0	0	0	94	0	1858	0	1462	0	474	0	3654	0	0	0	16474	0	25486	0	4238	0	96	0	11594	346	30394	118	2488	0	2982	0	116	0	0	0	0	0	932	204	0	0	0	0	
454180	Fusiform_R	78	1104	0	326	0	0	0	112	0	0	0	0	0	0	0	0	0	238	0	960	0	100	0	0	0	0	0	0	0	2874	0	0	0	154	856	2934	276	23810	0	17882	0	7872	0	10860	0	3378	222	26950	0	7622	0	4362	0	11616	0	0	0	274	0	0	0	0	0	90	0	752	0	9512	90	3156	0	0	0	2344	0	0	318	3710	0	558	0	974	0	4236	0	1384	0	1680	0	17406	412	12406	316	750	0	770	216	10002	940	18116	188	262	402	2188	462	694	0	330	0	268	2444	3104	1048	416	286	0	
272660	Postcentral_L	25074	0	6248	414	0	0	598	0	0	0	3636	0	108	0	0	0	11508	0	7394	220	0	0	0	0	0	0	0	0	6492	0	0	0	0	0	122	0	380	0	0	0	0	0	6070	0	848	0	0	0	276	0	2614	0	0	0	0	0	0	0	9734	0	21472	0	6934	0	3630	0	6946	0	4966	0	96	0	100	0	0	0	484	0	4228	0	4768	0	0	0	410	0	0	0	560	0	0	0	0	0	0	0	0	0	0	0	0	0	0	0	0	0	0	0	0	0	0	0	0	0	0	0	
171772	Postcentral_R	0	16502	0	1990	0	0	0	1442	0	0	120	1432	412	96	0	0	0	4340	530	3588	0	0	0	0	0	0	0	0	416	300	0	0	0	3198	94	772	0	290	0	112	0	0	0	2818	0	2936	0	336	0	2200	0	324	0	0	0	274	0	0	0	2282	0	4254	0	13228	0	120	0	8086	0	10266	0	122	0	0	0	0	0	0	0	250	0	900	0	0	0	1004	0	0	0	852	0	0	0	0	0	0	0	0	0	0	0	0	0	0	0	0	0	0	0	0	0	0	0	0	0	0	
138828	Parietal_Sup_L	846	0	0	0	0	0	302	0	0	0	0	0	0	0	0	0	0	0	0	0	0	0	0	0	0	0	0	0	0	0	0	0	210	0	0	0	0	0	0	0	0	0	3976	0	2322	88	0	0	7054	0	11354	0	0	0	0	0	9734	0	0	88	10184	0	0	0	2384	0	18490	876	1506	0	0	0	0	0	0	0	0	0	0	0	0	0	0	0	0	0	0	0	0	0	0	0	0	0	0	0	0	0	0	0	0	0	0	0	0	0	0	0	0	0	0	0	0	0	0	0	
71968	Parietal_Sup_R	0	0	0	0	0	0	0	0	0	0	0	0	0	0	0	0	0	0	0	204	0	0	0	0	0	0	0	0	0	0	0	0	0	252	0	0	0	0	0	0	0	0	0	392	0	956	0	0	0	6420	0	1034	0	0	0	0	0	2282	88	0	0	6950	0	768	0	6138	626	7362	0	1476	0	0	0	0	0	0	0	0	0	0	0	186	0	0	0	304	0	0	0	546	0	0	0	0	0	0	0	0	0	0	0	0	0	0	0	0	0	0	0	0	0	0	0	0	0	0	
200160	Parietal_Inf_L	5662	0	0	0	0	0	532	0	0	0	0	0	0	0	0	0	300	0	0	0	0	0	0	0	0	0	0	0	420	0	0	0	142	0	0	0	130	0	0	0	0	0	5076	0	692	0	92	0	964	0	12444	0	146	0	132	0	21472	0	10184	0	0	0	11860	0	21028	0	5172	0	1504	0	0	0	108	0	0	0	246	0	202	0	604	0	0	0	494	0	0	0	474	0	0	0	0	0	0	0	0	0	0	0	0	0	0	0	0	0	0	0	0	0	0	0	0	0	0	0	
106224	Parietal_Inf_R	0	730	0	214	0	0	0	0	0	0	0	78	0	0	0	0	0	0	128	382	0	0	0	0	0	0	0	0	0	0	0	0	0	0	0	0	0	0	0	0	0	0	0	0	0	158	0	0	0	3096	0	3902	0	0	0	0	0	4254	0	6950	0	0	0	8666	0	15100	0	522	0	1452	0	0	0	0	0	0	0	0	0	0	0	910	0	0	0	3642	0	0	0	2928	0	0	0	0	0	0	0	0	0	0	0	0	0	0	0	0	0	0	0	0	0	0	0	0	0	0	
82752	SupraMarginal_L	4114	0	0	0	0	0	960	0	0	0	0	0	0	0	0	0	1340	0	0	0	0	0	0	0	0	0	0	0	396	0	0	0	0	0	0	0	0	0	0	0	0	0	468	0	228	0	0	0	0	0	588	0	134	0	156	0	6934	0	0	0	11860	0	0	0	4334	0	472	0	792	0	0	0	0	0	0	0	0	0	134	0	5510	0	0	0	2018	0	0	0	938	0	0	0	0	0	0	0	0	0	0	0	0	0	0	0	0	0	0	0	0	0	0	0	0	0	0	0	
102536	SupraMarginal_R	0	2122	0	888	0	0	0	590	0	0	0	462	110	0	0	0	0	3384	134	620	0	0	0	0	0	0	0	0	110	132	0	0	0	0	0	0	0	142	0	0	0	0	0	0	0	0	0	0	0	102	0	0	0	0	0	90	0	13228	0	768	0	8666	0	0	0	5152	0	256	0	1486	0	0	0	0	0	0	0	0	0	98	0	5920	0	0	0	2922	0	0	0	3886	0	0	0	0	0	0	0	0	0	0	0	0	0	0	0	0	0	0	0	0	0	0	0	0	0	0	
161164	Angular_L	2490	0	0	0	0	0	104	0	0	0	0	0	0	0	0	0	294	0	0	0	0	0	0	0	0	0	0	0	366	0	0	0	122	0	100	0	94	0	0	0	0	0	1552	0	1294	0	190	0	1454	0	20842	0	674	0	272	0	3630	0	2384	0	21028	0	4334	0	0	0	3232	178	2112	0	0	0	0	0	0	0	0	0	130	0	1934	0	0	0	6796	0	0	0	4976	0	0	0	0	0	0	0	0	0	0	0	0	0	0	0	0	0	0	0	0	0	0	0	0	0	0	0	
145692	Angular_R	0	300	0	0	0	0	0	0	0	0	0	0	0	0	0	0	0	0	0	340	0	0	0	0	0	0	0	0	0	0	0	0	0	0	0	0	0	150	0	180	0	0	0	1256	0	512	0	758	0	7464	0	15242	0	96	0	752	0	120	0	6138	0	15100	0	5152	0	0	0	1332	0	1512	0	0	0	0	0	0	0	0	0	0	0	3516	0	0	0	9754	0	0	0	3172	0	0	0	0	0	0	0	0	0	0	0	0	0	0	0	0	0	0	0	0	0	0	0	0	0	0	
318412	Precuneus_L	1144	0	0	0	0	0	330	0	0	0	0	0	0	0	0	0	0	0	0	0	0	0	0	0	0	0	0	0	190	0	0	0	2702	784	5000	1194	1816	0	1540	0	0	0	27768	214	14322	3280	5724	78	12518	0	18804	0	2802	0	4588	0	6946	0	18490	626	5172	0	472	0	3232	0	0	10496	4462	0	0	0	0	0	0	0	0	0	174	0	196	0	0	0	2236	0	0	0	1206	0	544	0	0	0	0	0	0	0	156	0	0	0	0	0	0	0	0	0	0	0	0	0	0	0	0	0	
481600	Precuneus_R	0	6018	0	514	0	0	0	130	0	0	0	422	86	0	0	0	0	518	168	5200	0	0	0	0	0	0	0	0	88	1780	0	102	836	12122	3228	13184	886	4980	0	3908	0	0	770	25548	2798	33576	126	13430	1528	22436	370	3746	0	3308	0	9512	0	8086	876	7362	0	522	0	256	178	1332	10496	0	188	22598	0	0	0	90	0	0	126	1130	0	646	0	1118	0	0	0	6062	0	0	0	7514	0	0	0	0	0	0	0	0	100	110	0	0	0	0	0	0	0	0	0	0	460	232	0	0	0	0	
281488	Paracentral_Lobule_L	29946	546	2418	1590	0	0	244	86	0	0	106	0	0	0	0	0	1484	0	22222	5036	0	0	0	0	0	0	0	0	1848	0	0	0	8046	2156	4258	1974	3104	896	180	468	230	0	1628	0	636	0	82	0	1994	0	3330	0	412	0	552	90	4966	0	1506	0	1504	0	792	0	2112	0	4462	188	0	824	1228	0	4052	0	782	0	19810	512	918	0	570	0	0	0	636	0	0	0	222	0	98	0	0	0	0	0	0	0	0	0	0	0	0	0	0	0	0	0	0	0	0	0	0	0	0	0	
296060	Paracentral_Lobule_R	0	11568	0	1808	0	0	0	0	0	0	0	92	0	0	0	0	0	516	148	20728	0	0	0	0	0	0	0	0	0	508	0	0	206	8786	1288	4294	0	770	0	452	0	0	0	6128	0	12684	0	2948	0	13196	0	2218	0	936	0	3156	0	10266	0	1476	0	1452	0	1486	0	1512	0	22598	824	0	338	0	0	332	0	178	530	744	0	166	0	2502	0	0	0	6346	0	0	0	4696	0	0	0	0	0	0	0	0	0	0	0	0	0	0	0	0	0	0	0	0	0	154	0	0	0	0	
199608	Caudate_L	592	680	4006	3674	1862	476	1078	248	602	0	1788	742	6546	1150	1220	108	150	0	4036	7542	4536	4428	1070	800	80	598	3328	764	11136	1642	3608	5348	0	2740	0	0	0	0	0	0	0	0	0	0	0	0	0	0	0	0	0	0	0	0	0	0	96	0	0	0	0	0	0	0	0	0	0	0	1228	338	0	8794	6510	1266	290	120	4426	158	0	0	0	0	0	0	0	0	0	0	0	0	0	0	0	0	0	0	0	0	0	0	0	0	0	0	0	0	0	0	0	0	0	0	0	0	0	0	
537992	Caudate_R	414	808	8434	34302	0	7560	2852	4210	0	598	7278	3548	9316	6736	474	1702	778	148	6466	37428	1962	2150	1122	14058	0	11328	1146	2486	12028	9482	2536	23124	904	3564	0	0	0	0	0	0	0	154	0	0	0	0	0	0	0	0	0	0	0	0	0	0	0	122	0	0	0	0	0	0	0	0	0	0	0	0	8794	0	1126	22152	0	2702	128	14390	0	0	100	0	386	0	0	0	0	0	0	0	0	0	0	0	0	0	0	0	0	0	0	0	0	0	0	0	0	0	0	0	0	0	0	0	0	0	
260296	Putamen_L	2288	100	4852	322	5326	0	2060	0	5036	0	654	0	1484	0	9152	0	116	0	17756	8170	1490	1444	1266	78	0	0	1916	430	23760	0	1150	808	128	3610	132	260	5188	160	560	0	188	0	0	0	0	0	0	0	0	0	0	0	0	0	874	0	100	0	0	0	108	0	0	0	0	0	0	0	4052	0	6510	1126	0	116	5338	0	5152	78	1258	0	2796	0	1760	0	172	0	0	0	824	0	0	0	0	0	0	0	0	0	0	0	0	0	0	0	0	0	0	0	0	0	0	0	0	0	0	0	
426228	Putamen_R	0	2304	618	31732	0	10600	338	6824	0	1428	714	3668	1606	5100	0	2714	138	2824	2610	26046	96	326	0	7828	0	8484	0	1674	2358	24612	468	11140	0	2302	0	0	0	7156	0	1492	0	666	0	78	0	0	0	0	0	80	0	0	0	0	0	2344	0	0	0	0	0	0	0	0	0	0	0	90	0	332	1266	22152	116	0	0	4082	114	12334	0	220	0	576	0	276	0	246	0	0	0	942	0	0	0	0	0	0	0	0	0	0	0	0	0	0	0	0	0	0	0	0	0	0	0	0	0	0	
32388	Pallidum_L	244	0	0	430	0	0	216	0	0	0	0	0	0	0	0	0	0	0	4764	1312	0	0	0	0	0	0	0	0	0	0	0	0	138	798	0	0	332	0	90	0	0	0	0	0	0	0	0	0	0	0	0	0	0	0	0	0	0	0	0	0	0	0	0	0	0	0	0	0	782	0	290	0	5338	0	0	0	1460	0	0	0	0	0	0	0	0	0	0	0	0	0	0	0	0	0	0	0	0	0	0	0	0	0	0	0	0	0	0	0	0	0	0	0	0	0	0	0	
35920	Pallidum_R	0	342	0	3888	0	0	0	278	0	0	0	0	0	0	0	0	0	0	208	4844	0	0	0	0	0	0	0	0	0	186	0	0	0	0	0	0	0	316	0	184	0	0	0	0	0	0	0	0	0	0	0	0	0	0	0	0	0	0	0	0	0	0	0	0	0	0	0	0	0	178	120	2702	0	4082	0	0	100	532	0	0	0	0	0	0	0	0	0	0	0	0	0	0	0	0	0	0	0	0	0	0	0	0	0	0	0	0	0	0	0	0	0	0	0	0	0	0	
190312	Thalamus_L	12158	914	1300	3534	0	0	540	580	0	0	114	0	0	0	0	0	136	0	15758	3958	0	0	0	0	0	0	0	0	4490	0	0	0	0	0	1052	3148	4944	2626	364	1378	286	0	0	0	0	0	0	150	0	0	0	0	0	0	94	318	484	0	0	0	246	0	0	0	0	0	0	126	19810	530	4426	128	5152	114	1460	100	0	3738	492	0	316	0	0	0	88	0	0	0	104	0	0	0	0	0	0	0	0	0	0	0	0	0	0	0	0	0	0	0	0	0	0	0	0	0	0	0	
255440	Thalamus_R	510	3636	400	33948	0	0	0	6070	0	0	0	168	284	130	0	98	0	184	468	22176	0	0	0	0	0	0	0	0	382	1850	0	0	0	260	0	978	282	9628	0	5704	0	364	0	250	0	0	0	1508	0	0	0	0	0	306	0	3710	0	0	0	0	0	0	0	0	0	0	0	1130	512	744	158	14390	78	12334	0	532	3738	0	0	0	0	100	0	0	0	154	0	0	0	556	0	0	0	0	0	0	0	0	0	0	0	0	0	0	0	0	0	0	0	0	0	0	0	0	0	0	
108420	Heschl_L	6314	0	2684	138	0	0	1342	0	0	0	682	0	0	0	0	0	5182	0	2670	0	0	0	0	0	0	0	0	0	9696	0	0	0	0	0	0	104	3062	0	0	0	0	0	176	0	0	0	0	0	0	0	304	0	224	0	1858	0	4228	0	0	0	202	0	134	0	130	0	174	0	918	0	0	0	1258	0	0	0	492	0	0	0	4396	0	0	0	5188	0	0	0	2528	0	126	0	0	0	0	0	0	0	0	0	0	0	0	0	0	0	0	0	0	0	0	0	0	0	0	0	
41448	Heschl_R	0	336	0	1646	0	0	0	208	0	0	0	116	82	78	0	0	0	5420	0	1044	0	0	0	0	0	0	0	0	96	3664	0	0	0	0	126	384	0	1394	0	480	0	0	0	172	0	226	0	100	0	0	0	0	0	0	0	558	0	250	0	0	0	0	0	98	0	0	0	646	0	166	0	0	0	220	0	0	0	0	0	0	0	2414	0	0	0	304	0	0	0	496	0	0	0	0	0	0	0	0	0	0	0	0	0	0	0	0	0	0	0	0	0	0	0	0	0	0	
176316	Temporal_Sup_L	3300	0	3090	122	0	0	790	0	0	0	1902	0	98	0	0	0	9302	0	5192	826	0	0	0	0	0	0	0	0	9554	0	0	78	0	702	0	0	978	0	0	0	0	0	198	0	102	0	0	0	0	0	590	0	0	0	1462	0	4768	0	0	0	604	0	5510	0	1934	0	196	0	570	0	0	100	2796	0	0	0	316	0	4396	0	0	0	3684	0	16628	0	0	0	8370	0	0	0	0	0	0	0	0	0	0	0	0	0	0	0	0	0	0	0	0	0	0	0	0	0	0	0	
85360	Temporal_Sup_R	0	954	0	354	0	0	0	100	0	0	0	0	0	0	0	0	0	2422	0	618	0	0	0	0	0	0	0	0	0	3324	0	0	0	0	0	0	0	974	0	0	0	0	0	264	0	594	0	0	0	178	0	452	0	0	0	974	0	900	0	186	0	910	0	5920	0	3516	0	1118	0	2502	0	0	0	576	0	0	0	100	0	2414	0	0	0	840	0	8840	0	0	0	3650	0	0	0	0	0	0	0	0	0	0	0	0	0	0	0	0	0	0	0	0	0	0	0	0	0	0	
80808	Temporal_Pole_Sup_L	0	0	2470	224	0	0	456	0	0	0	5800	0	706	0	196	0	3792	0	1492	212	206	0	0	202	0	98	0	0	7548	0	0	258	0	160	0	0	1946	0	96	0	752	0	0	0	0	0	0	0	0	0	0	0	0	0	474	0	0	0	0	0	0	0	0	0	0	0	0	0	0	0	0	386	1760	0	0	0	0	0	0	0	3684	0	0	0	3734	0	890	0	2862	0	0	0	0	0	0	0	0	0	0	0	0	0	0	0	0	0	0	0	0	0	0	0	0	0	0	0	
52096	Temporal_Pole_Sup_R	0	0	0	634	0	0	0	0	0	0	0	1440	0	0	0	0	0	1054	0	352	0	94	0	0	0	0	0	0	0	1516	0	0	0	0	0	0	0	2266	0	2316	0	3158	0	0	0	0	0	0	0	0	0	0	0	0	0	4236	0	0	0	0	0	0	0	0	0	0	0	0	0	0	0	0	0	276	0	0	0	0	0	0	0	840	0	0	0	1758	0	2976	0	3132	0	0	0	0	0	0	0	0	0	0	0	0	0	0	0	0	0	0	0	0	0	0	0	0	0	0	
213944	Temporal_Mid_L	920	0	0	0	0	0	0	0	0	0	0	0	0	0	0	0	1590	0	374	0	0	0	0	0	0	0	0	0	1266	0	0	0	0	0	110	0	1032	0	124	0	0	0	2814	0	600	0	380	0	626	0	24284	0	1710	0	3654	0	410	0	0	0	494	0	2018	0	6796	0	2236	0	636	0	0	0	172	0	0	0	88	0	5188	0	16628	0	3734	0	0	0	864	0	27624	0	600	0	0	0	0	0	0	0	0	0	0	0	0	0	0	0	0	0	0	0	0	0	0	0	0	0	
180412	Temporal_Mid_R	0	1260	0	210	0	0	0	88	0	0	0	82	0	0	0	0	0	228	0	1592	0	0	0	0	0	0	0	0	0	1258	0	0	0	110	272	656	0	1148	0	464	0	0	0	1634	0	3412	0	110	0	2584	0	9408	0	1294	0	1384	0	1004	0	304	0	3642	0	2922	0	9754	0	6062	0	6346	0	0	0	246	0	0	0	154	0	304	0	8840	0	1758	0	0	0	1074	0	20602	0	0	0	0	0	0	0	0	0	0	0	0	0	0	0	0	0	0	0	0	0	0	0	0	0	0	
5504	Temporal_Pole_Mid_L	0	0	0	0	0	0	0	0	0	0	0	0	0	0	0	0	0	0	0	0	0	0	0	0	0	0	0	0	0	0	0	0	0	0	0	0	0	0	0	0	0	0	0	0	0	0	0	0	0	0	0	0	0	0	0	0	0	0	0	0	0	0	0	0	0	0	0	0	0	0	0	0	0	0	0	0	0	0	0	0	0	0	890	0	864	0	0	0	998	0	0	0	0	0	0	0	0	0	0	0	0	0	0	0	0	0	0	0	0	0	0	0	0	0	0	0	
18408	Temporal_Pole_Mid_R	0	0	0	0	0	0	0	0	0	0	0	0	0	0	0	0	0	0	0	0	0	0	0	0	0	0	0	0	0	0	0	0	0	0	0	0	0	192	0	844	0	1028	0	0	0	0	0	0	0	0	0	0	0	0	0	1680	0	0	0	0	0	0	0	0	0	0	0	0	0	0	0	0	0	0	0	0	0	0	0	0	0	0	0	2976	0	1074	0	0	0	1410	0	0	0	0	0	0	0	0	0	0	0	0	0	0	0	0	0	0	0	0	0	0	0	0	0	0	
219384	Temporal_Inf_L	742	0	0	0	0	0	90	0	0	0	0	0	0	0	0	0	682	0	160	0	0	0	0	0	0	0	0	0	2844	0	0	0	0	0	176	0	8528	0	1040	0	2240	0	1304	0	198	0	1026	0	176	0	8982	0	4974	0	16474	0	560	0	0	0	474	0	938	0	4976	0	1206	0	222	0	0	0	824	0	0	0	104	0	2528	0	8370	0	2862	0	27624	0	998	0	0	0	3210	0	1506	0	0	0	0	0	902	0	1352	0	1400	0	0	0	0	0	0	0	0	0	0	0	0	0	
235556	Temporal_Inf_R	0	2116	0	294	0	0	0	160	0	0	0	0	0	0	0	0	0	300	0	2292	0	0	0	0	0	0	0	0	0	2216	0	0	0	338	882	2410	0	7886	0	3526	0	1078	0	2382	0	2558	0	3556	0	1908	0	1182	0	8558	0	17406	0	852	0	546	0	2928	0	3886	0	3172	0	7514	0	4696	0	0	0	942	0	0	0	556	0	496	0	3650	0	3132	0	20602	0	1410	0	0	0	1452	0	184	0	0	0	0	0	112	0	140	0	460	0	0	0	0	0	0	0	0	0	0	0	0	
419376	Cerebelum_Crus1_L	90	0	0	0	0	0	0	0	0	0	0	0	0	0	0	0	0	0	0	0	0	0	0	0	0	0	0	0	0	0	0	0	0	0	0	0	154	0	318	0	0	0	872	178	88	0	9702	1112	0	0	252	0	514	0	25486	412	0	0	0	0	0	0	0	0	0	0	544	0	98	0	0	0	0	0	0	0	0	0	126	0	0	0	0	0	600	0	0	0	3210	0	0	170	34154	230	0	0	13198	872	55022	812	21024	0	27368	870	2002	120	320	0	0	0	2972	3598	1904	936	360	0	
464944	Cerebelum_Crus1_R	0	0	0	0	0	0	0	0	0	0	0	0	0	0	0	0	0	0	0	0	0	0	0	0	0	0	0	0	0	0	0	0	0	0	0	0	0	0	0	176	0	0	0	0	0	0	108	2708	0	0	0	0	0	102	0	12406	0	0	0	0	0	0	0	0	0	0	0	0	0	0	0	0	0	0	0	0	0	0	0	0	0	0	0	0	0	0	0	0	0	1452	170	0	6708	42368	0	860	380	9634	370	53988	610	9432	872	44914	134	10128	0	3064	196	732	1296	4326	17092	6866	1380	0	
391176	Cerebelum_Crus2_L	0	0	0	0	0	0	0	0	0	0	0	0	0	0	0	0	0	0	0	0	0	0	0	0	0	0	0	0	0	0	0	0	0	0	0	0	0	0	0	0	0	0	0	0	0	0	526	884	0	0	0	0	0	0	4238	316	0	0	0	0	0	0	0	0	0	0	0	0	0	0	0	0	0	0	0	0	0	0	0	0	0	0	0	0	0	0	0	0	1506	0	34154	6708	0	8346	0	0	1130	120	11066	3232	53504	1840	46630	4566	2550	626	260	100	0	0	274	2480	5470	4150	912	0	
383552	Cerebelum_Crus2_R	0	0	0	0	0	0	0	0	0	0	0	0	0	0	0	0	0	0	0	0	0	0	0	0	0	0	0	0	0	0	0	0	0	0	0	0	0	0	0	0	0	0	0	0	0	0	102	586	0	0	0	0	0	0	0	750	0	0	0	0	0	0	0	0	0	0	0	0	0	0	0	0	0	0	0	0	0	0	0	0	0	0	0	0	0	0	0	0	0	184	230	42368	8346	0	0	264	278	1138	238	19684	2828	25892	3224	46566	192	9722	0	1184	96	336	676	1334	14336	9780	1442	0	
20432	Cerebelum_3_L	0	0	0	0	0	0	0	0	0	0	0	0	0	0	0	0	0	0	0	0	0	0	0	0	0	0	0	0	0	0	0	0	0	0	0	0	0	0	0	0	0	0	0	0	0	0	80	122	0	0	0	0	0	0	96	0	0	0	0	0	0	0	0	0	0	0	0	0	0	0	0	0	0	0	0	0	0	0	0	0	0	0	0	0	0	0	0	0	0	0	0	0	0	0	0	0	4448	206	1246	144	0	0	0	0	538	0	206	0	764	828	1218	320	0	0	0	0	
36680	Cerebelum_3_R	0	0	0	0	0	0	0	0	0	0	0	0	0	0	0	0	0	0	0	0	0	0	0	0	0	0	0	0	0	0	0	0	0	0	0	0	0	0	0	82	0	0	0	0	0	0	106	606	0	0	0	0	0	0	0	770	0	0	0	0	0	0	0	0	0	0	0	0	0	0	0	0	0	0	0	0	0	0	0	0	0	0	0	0	0	0	0	0	0	0	0	860	0	264	0	0	166	4276	248	4282	0	0	0	452	214	734	110	0	662	2038	1560	338	154	158	260	0	
211332	Cerebelum_4_5_L	0	0	0	0	0	0	0	0	0	0	0	0	0	0	0	0	0	0	0	0	0	0	0	0	0	0	0	0	0	0	0	0	0	0	0	0	100	0	896	0	0	0	0	0	0	0	8982	1186	0	0	0	0	0	0	11594	216	0	0	0	0	0	0	0	0	0	0	0	0	0	0	0	0	0	0	0	0	0	0	0	0	0	0	0	0	0	0	0	0	0	0	13198	380	1130	278	4448	166	0	3318	30674	1748	2212	0	2222	356	3376	806	1416	402	210	492	12902	2084	158	90	284	342	
187712	Cerebelum_4_5_R	0	0	0	0	0	0	0	0	0	0	0	0	0	0	0	0	0	0	0	0	0	0	0	0	0	0	0	0	0	0	0	0	0	0	0	0	0	0	0	592	0	0	0	0	0	0	1854	6300	0	0	0	0	0	122	346	10002	0	0	0	0	0	0	0	0	0	0	0	0	0	0	0	0	0	0	0	0	0	0	0	0	0	0	0	0	0	0	0	0	0	0	872	9634	120	1138	206	4276	3318	0	3010	24522	224	302	400	1968	1318	2624	800	964	404	1568	11926	3126	462	294	536	628	
447516	Cerebelum_6_L	0	0	0	0	0	0	0	0	0	0	0	0	0	0	0	0	0	0	0	0	0	0	0	0	0	0	0	0	0	0	0	0	0	0	0	0	0	0	576	0	0	0	458	286	0	0	14506	3842	0	112	420	0	1330	162	30394	940	0	0	0	0	0	0	0	0	0	0	156	100	0	0	0	0	0	0	0	0	0	0	0	0	0	0	0	0	0	0	0	0	902	0	55022	370	11066	238	1246	248	30674	3010	0	2080	10320	0	14626	358	6684	1446	3914	82	0	0	12558	12018	1198	772	1394	250	
485440	Cerebelum_6_R	0	0	0	0	0	0	0	0	0	0	0	0	0	0	0	0	0	0	0	0	0	0	0	0	0	0	0	0	0	0	0	0	0	0	0	0	0	0	0	230	0	0	112	260	0	0	1030	10306	0	92	0	0	0	730	118	18116	0	0	0	0	0	0	0	0	0	0	0	110	0	0	0	0	0	0	0	0	0	0	0	0	0	0	0	0	0	0	0	0	0	112	812	53988	3232	19684	144	4282	1748	24522	2080	0	682	2350	1304	27392	1144	12236	154	6212	764	1948	7790	9610	16812	8220	4394	0	
332348	Cerebelum_7b_L	0	0	0	0	0	0	0	0	0	0	0	0	0	0	0	0	0	0	0	0	0	0	0	0	0	0	0	0	0	0	0	0	0	0	0	0	0	0	0	0	0	0	0	0	0	0	470	800	0	0	0	0	0	0	2488	188	0	0	0	0	0	0	0	0	0	0	0	0	0	0	0	0	0	0	0	0	0	0	0	0	0	0	0	0	0	0	0	0	1352	0	21024	610	53504	2828	0	0	2212	224	10320	682	0	842	49940	4268	3162	204	582	0	0	0	868	1680	2168	5306	452	0	
137636	Cerebelum_7b_R	0	0	0	0	0	0	0	0	0	0	0	0	0	0	0	0	0	0	0	0	0	0	0	0	0	0	0	0	0	0	0	0	0	0	0	0	0	0	0	0	0	0	0	0	0	0	0	0	0	0	0	0	0	0	0	262	0	0	0	0	0	0	0	0	0	0	0	0	0	0	0	0	0	0	0	0	0	0	0	0	0	0	0	0	0	0	0	0	0	140	0	9432	1840	25892	0	0	0	302	0	2350	842	0	920	20684	0	4656	0	0	0	0	0	0	548	816	134	0	
397540	Cerebelum_8_L	0	0	0	0	0	0	0	0	0	0	0	0	0	0	0	0	0	0	0	0	0	0	0	0	0	0	0	0	0	0	0	0	0	0	0	0	0	0	0	0	0	0	92	206	0	0	656	1404	0	0	0	0	0	0	2982	402	0	0	0	0	0	0	0	0	0	0	0	0	0	0	0	0	0	0	0	0	0	0	0	0	0	0	0	0	0	0	0	0	1400	0	27368	872	46630	3224	0	0	2222	400	14626	1304	49940	920	0	6992	15052	764	986	0	0	0	942	2934	4174	9622	2656	0	
457660	Cerebelum_8_R	0	0	0	0	0	0	0	0	0	0	0	0	0	0	0	0	0	0	0	0	0	0	0	0	0	0	0	0	0	0	0	0	0	0	0	0	0	0	0	0	0	0	0	0	0	0	96	1384	0	0	0	0	0	88	0	2188	0	0	0	0	0	0	0	0	0	0	0	0	0	0	0	0	0	0	0	0	0	0	0	0	0	0	0	0	0	0	0	0	0	460	870	44914	4566	46566	0	452	356	1968	358	27392	4268	20684	6992	0	708	25022	0	2328	138	448	968	2376	13382	14998	4766	94	
130692	Cerebelum_9_L	0	0	0	0	0	0	0	0	0	0	0	0	0	0	0	0	0	0	0	0	0	0	0	0	0	0	0	0	0	0	0	0	0	0	0	0	0	0	0	0	0	0	94	188	0	0	158	1864	0	0	0	0	0	0	116	462	0	0	0	0	0	0	0	0	0	0	0	0	0	0	0	0	0	0	0	0	0	0	0	0	0	0	0	0	0	0	0	0	0	0	2002	134	2550	192	538	214	3376	1318	6684	1144	3162	0	15052	708	0	2478	4856	0	0	0	4248	6384	1220	2314	3164	726	
202436	Cerebelum_9_R	0	0	0	0	0	0	0	0	0	0	0	0	0	0	0	0	0	0	0	0	0	0	0	0	0	0	0	0	0	0	0	0	0	0	0	0	0	0	0	0	0	0	0	0	0	0	402	1148	0	0	0	0	0	0	0	694	0	0	0	0	0	0	0	0	0	0	0	0	0	0	0	0	0	0	0	0	0	0	0	0	0	0	0	0	0	0	0	0	0	0	120	10128	626	9722	0	734	806	2624	1446	12236	204	4656	764	25022	2478	0	672	4198	170	290	3018	4224	3384	3532	6724	1196	
42964	Cerebelum_10_L	0	0	0	0	0	0	0	0	0	0	0	0	0	0	0	0	0	0	0	0	0	0	0	0	0	0	0	0	0	0	0	0	0	0	0	0	0	0	0	0	0	0	0	0	0	0	0	780	0	0	0	0	0	0	0	0	0	0	0	0	0	0	0	0	0	0	0	0	0	0	0	0	0	0	0	0	0	0	0	0	0	0	0	0	0	0	0	0	0	0	320	0	260	0	206	110	1416	800	3914	154	582	0	986	0	4856	672	0	0	0	0	2386	3032	0	134	652	222	
49964	Cerebelum_10_R	0	0	0	0	0	0	0	0	0	0	0	0	0	0	0	0	0	0	0	0	0	0	0	0	0	0	0	0	0	0	0	0	0	0	0	0	0	0	0	0	0	0	0	0	0	0	364	600	0	0	0	0	0	0	0	330	0	0	0	0	0	0	0	0	0	0	0	0	0	0	0	0	0	0	0	0	0	0	0	0	0	0	0	0	0	0	0	0	0	0	0	3064	100	1184	0	0	402	964	82	6212	0	0	0	2328	0	4198	0	0	0	0	720	264	914	1522	1734	0	
14032	Vermis_1_2	0	0	0	0	0	0	0	0	0	0	0	0	0	0	0	0	0	0	0	0	0	0	0	0	0	0	0	0	0	0	0	0	0	0	0	0	0	0	0	0	0	0	0	0	0	0	0	182	0	0	0	0	0	0	0	0	0	0	0	0	0	0	0	0	0	0	0	0	0	0	0	0	0	0	0	0	0	0	0	0	0	0	0	0	0	0	0	0	0	0	0	196	0	96	764	662	210	404	0	764	0	0	0	138	0	170	0	0	0	2872	558	0	0	0	0	0	
28092	Vermis_3	0	0	0	0	0	0	0	0	0	0	0	0	0	0	0	0	0	0	0	0	0	0	0	0	0	0	0	0	0	0	0	0	0	0	0	0	0	0	114	0	0	0	0	0	0	0	150	264	0	0	0	0	0	0	0	268	0	0	0	0	0	0	0	0	0	0	0	0	0	0	0	0	0	0	0	0	0	0	0	0	0	0	0	0	0	0	0	0	0	0	0	732	0	336	828	2038	492	1568	0	1948	0	0	0	448	0	290	0	0	2872	0	1400	0	182	116	0	0	
186320	Vermis_4_5	0	0	0	0	0	0	0	0	0	0	0	0	0	0	0	0	0	0	0	0	0	0	0	0	0	0	0	0	0	0	0	0	0	0	0	316	92	0	0	0	0	0	0	102	0	0	3744	5968	0	0	0	0	0	0	932	2444	0	0	0	0	0	0	0	0	0	0	0	460	0	0	0	0	0	0	0	0	0	0	0	0	0	0	0	0	0	0	0	0	0	0	2972	1296	274	676	1218	1560	12902	11926	12558	7790	868	0	942	968	4248	3018	2386	720	558	1400	0	7362	406	214	1222	1618	
194420	Vermis_6	0	0	0	0	0	0	0	0	0	0	0	0	0	0	0	0	0	0	0	0	0	0	0	0	0	0	0	0	0	0	0	0	0	0	0	0	0	0	0	0	0	0	286	736	0	166	820	8532	0	296	0	0	0	510	204	3104	0	0	0	0	0	0	0	0	0	0	0	232	0	154	0	0	0	0	0	0	0	0	0	0	0	0	0	0	0	0	0	0	0	0	3598	4326	2480	1334	320	338	2084	3126	12018	9610	1680	0	2934	2376	6384	4224	3032	264	0	0	7362	0	6066	2940	4128	1546	
219096	Vermis_7	0	0	0	0	0	0	0	0	0	0	0	0	0	0	0	0	0	0	0	0	0	0	0	0	0	0	0	0	0	0	0	0	0	0	0	0	0	0	0	0	0	0	152	266	0	0	242	3046	0	0	0	0	0	78	0	1048	0	0	0	0	0	0	0	0	0	0	0	0	0	0	0	0	0	0	0	0	0	0	0	0	0	0	0	0	0	0	0	0	0	0	1904	17092	5470	14336	0	154	158	462	1198	16812	2168	548	4174	13382	1220	3384	0	914	0	182	406	6066	0	10846	3840	0	
