data	data	612280	180644	759240	755632	115872	138528	484168	141932	67816	62824	282280	199012	217796	216580	148960	142700	268764	105568	701288	816824	92764	140844	263068	298164	41424	108644	58748	122888	572592	394560	274716	517656	151728	433504	150184	172104	196880	292352	79232	190516	44360	66124	254568	293220	192972	230460	211592	295108	211040	219872	445716	185036	122812	102092	342796	439164	258180	194972	120972	98064	180016	119712	178372	98548	175908	94992	314512	279068	348440	224212	344148	412312	377784	311764	62112	18904	211672	200116	97320	35996	210032	181876	95508	67512	390012	207144	12828	33300	315604	253992	460044	354288	334516	271316	38296	66308	276596	237988	411620	404796	291396	183356	322976	250044	124368	109124	41676	11312	22836	50712	201236	201856	188488	97232	81512	19444	
data	data	Precentral_L	Precentral_R	Frontal_Sup_L	Frontal_Sup_R	Frontal_Sup_Orb_L	Frontal_Sup_Orb_R	Frontal_Mid_L	Frontal_Mid_R	Frontal_Mid_Orb_L	Frontal_Mid_Orb_R	Frontal_Inf_Oper_L	Frontal_Inf_Oper_R	Frontal_Inf_Tri_L	Frontal_Inf_Tri_R	Frontal_Inf_Orb_L	Frontal_Inf_Orb_R	Rolandic_Oper_L	Rolandic_Oper_R	Supp_Motor_Area_L	Supp_Motor_Area_R	Olfactory_L	Olfactory_R	Frontal_Sup_Medial_L	Frontal_Sup_Medial_R	Frontal_Med_Orb_L	Frontal_Med_Orb_R	Rectus_L	Rectus_R	Insula_L	Insula_R	Cingulum_Ant_L	Cingulum_Ant_R	Cingulum_Mid_L	Cingulum_Mid_R	Cingulum_Post_L	Cingulum_Post_R	Hippocampus_L	Hippocampus_R	ParaHippocampal_L	ParaHippocampal_R	Amygdala_L	Amygdala_R	Calcarine_L	Calcarine_R	Cuneus_L	Cuneus_R	Lingual_L	Lingual_R	Occipital_Sup_L	Occipital_Sup_R	Occipital_Mid_L	Occipital_Mid_R	Occipital_Inf_L	Occipital_Inf_R	Fusiform_L	Fusiform_R	Postcentral_L	Postcentral_R	Parietal_Sup_L	Parietal_Sup_R	Parietal_Inf_L	Parietal_Inf_R	SupraMarginal_L	SupraMarginal_R	Angular_L	Angular_R	Precuneus_L	Precuneus_R	Paracentral_Lobule_L	Paracentral_Lobule_R	Caudate_L	Caudate_R	Putamen_L	Putamen_R	Pallidum_L	Pallidum_R	Thalamus_L	Thalamus_R	Heschl_L	Heschl_R	Temporal_Sup_L	Temporal_Sup_R	Temporal_Pole_Sup_L	Temporal_Pole_Sup_R	Temporal_Mid_L	Temporal_Mid_R	Temporal_Pole_Mid_L	Temporal_Pole_Mid_R	Temporal_Inf_L	Temporal_Inf_R	Cerebelum_Crus1_L	Cerebelum_Crus1_R	Cerebelum_Crus2_L	Cerebelum_Crus2_R	Cerebelum_3_L	Cerebelum_3_R	Cerebelum_4_5_L	Cerebelum_4_5_R	Cerebelum_6_L	Cerebelum_6_R	Cerebelum_7b_L	Cerebelum_7b_R	Cerebelum_8_L	Cerebelum_8_R	Cerebelum_9_L	Cerebelum_9_R	Cerebelum_10_L	Cerebelum_10_R	Vermis_1_2	Vermis_3	Vermis_4_5	Vermis_6	Vermis_7	Vermis_8	Vermis_9	Vermis_10	
612280	Precentral_L	0	1242	21400	1062	0	0	24346	120	0	0	17448	0	2524	166	90	0	13908	0	33942	17598	0	0	90	0	0	0	0	0	15338	0	622	756	1630	6106	6136	850	2214	220	192	0	0	0	340	0	0	0	146	0	0	0	1740	0	190	0	518	0	27428	120	532	0	5928	82	2316	92	344	0	1298	152	42302	6830	8510	1016	8884	0	4132	0	14930	398	4358	0	1708	0	252	0	2484	0	0	0	1110	0	0	0	0	0	0	0	0	0	0	0	0	0	0	0	0	0	0	0	0	0	0	0	0	0	0	0	
180644	Precentral_R	1242	0	494	7260	0	0	0	6104	0	0	0	5880	0	546	0	0	0	1716	1744	12554	0	0	0	0	0	0	0	0	0	1248	0	270	136	1866	1192	902	0	1144	0	136	0	0	0	232	0	0	0	0	0	72	0	0	0	0	0	80	0	18916	0	136	0	1650	0	3184	0	234	0	550	2784	9028	634	1124	110	1940	96	300	668	2024	0	212	0	510	0	0	0	298	0	0	0	1106	0	0	0	0	0	0	0	0	0	0	0	0	0	0	0	0	0	0	0	0	0	0	0	0	0	0	
759240	Frontal_Sup_L	21400	494	0	4700	5026	0	63418	690	1496	0	13818	686	9486	344	4946	0	13048	194	58662	8214	812	0	33462	2412	1430	76	0	0	27968	742	11434	2732	3850	1394	108	0	2154	0	190	0	0	0	0	0	0	0	0	0	0	0	444	0	0	0	94	0	7678	90	0	0	448	0	232	0	174	0	0	0	3096	314	17114	1722	30988	212	4686	0	9598	368	3370	0	1198	0	936	0	1044	0	0	0	428	0	0	0	0	0	0	0	0	0	0	0	0	0	0	0	0	0	0	0	0	0	0	0	0	0	0	0	
755632	Frontal_Sup_R	1062	7260	4700	0	0	8964	1378	20378	0	1086	278	14654	0	12954	0	5060	126	3034	14556	62904	534	3174	8960	36150	0	4636	118	3830	636	19584	3486	36028	354	24270	214	200	0	2512	0	576	0	206	0	0	0	0	0	182	0	0	0	0	0	0	0	208	0	3922	0	0	0	854	0	980	0	0	0	0	592	84	2884	26250	1392	15090	70	1786	600	17660	0	226	0	298	0	0	0	356	0	0	0	374	0	0	0	0	0	0	0	146	0	0	0	0	0	0	0	0	0	0	0	0	0	0	0	0	0	0	
115872	Frontal_Sup_Orb_L	0	0	5026	0	0	0	768	0	11302	0	0	0	436	0	11606	0	0	0	64	0	4126	0	2140	0	3490	0	5572	0	5364	0	4136	264	0	0	0	0	88	0	412	0	82	0	0	0	0	0	0	0	0	0	0	0	0	0	0	0	0	0	0	0	0	0	0	0	0	0	0	0	0	0	508	134	2076	0	0	0	0	0	0	0	0	0	342	0	0	0	0	0	0	0	0	0	0	0	0	0	0	0	0	0	0	0	0	0	0	0	0	0	0	0	0	0	0	0	0	0	
138528	Frontal_Sup_Orb_R	0	0	0	8964	0	0	0	704	0	6104	0	0	0	444	0	6538	0	0	0	140	646	4918	222	6134	182	7430	278	10872	0	1770	322	4242	0	0	0	0	0	0	0	0	0	0	0	0	0	0	0	0	0	0	0	0	0	0	0	0	0	0	0	0	0	0	0	0	0	0	0	0	0	0	986	3982	652	3734	0	0	0	0	0	0	0	0	0	0	0	0	0	0	0	0	0	0	0	0	0	0	0	0	0	0	0	0	0	0	0	0	0	0	0	0	0	0	0	0	0	0	
484168	Frontal_Mid_L	24346	0	63418	1378	768	0	0	140	2626	0	18278	0	28324	88	7384	0	10296	0	16992	1768	300	0	14486	1126	0	0	0	0	18302	0	3638	1284	5096	718	0	0	752	0	78	0	0	0	0	0	0	0	0	0	0	0	242	0	0	0	0	0	6506	0	0	0	682	0	152	0	126	0	0	0	0	0	1326	254	4276	0	766	0	1414	0	2306	0	736	0	812	0	626	0	0	0	274	0	0	0	0	0	0	0	0	0	0	0	0	0	0	0	0	0	0	0	0	0	0	0	0	0	0	0	
141932	Frontal_Mid_R	120	6104	690	20378	0	704	140	0	0	1310	0	7968	0	11442	0	2468	0	0	1570	4052	0	0	238	2538	0	0	0	0	0	3292	134	1690	0	2226	0	0	0	0	0	0	0	0	0	0	0	0	0	0	0	0	0	0	0	0	0	0	0	1548	0	0	0	464	0	676	0	0	0	0	0	0	288	322	0	604	0	0	0	0	0	0	0	0	0	0	0	0	0	0	0	0	0	0	0	0	0	0	0	0	0	0	0	0	0	0	0	0	0	0	0	0	0	0	0	0	0	0	
67816	Frontal_Mid_Orb_L	0	0	1496	0	11302	0	2626	0	0	0	0	0	3098	0	11412	0	0	0	0	0	326	0	0	0	414	0	1808	0	1058	0	0	0	0	0	0	0	0	0	0	0	0	0	0	0	0	0	0	0	0	0	0	0	0	0	0	0	0	0	0	0	0	0	0	0	0	0	0	0	0	0	0	0	0	0	0	0	0	0	0	0	0	0	368	0	0	0	0	0	0	0	0	0	0	0	0	0	0	0	0	0	0	0	0	0	0	0	0	0	0	0	0	0	0	0	0	0	
62824	Frontal_Mid_Orb_R	0	0	0	1086	0	6104	0	1310	0	0	0	0	0	680	0	15100	0	0	0	0	120	1454	0	0	0	0	0	2354	0	1398	0	0	0	0	0	0	0	0	0	0	0	0	0	0	0	0	0	0	0	0	0	0	0	0	0	0	0	0	0	0	0	0	0	0	0	0	0	0	0	0	120	924	0	762	0	0	0	0	0	0	0	0	0	0	0	0	0	0	0	0	0	0	0	0	0	0	0	0	0	0	0	0	0	0	0	0	0	0	0	0	0	0	0	0	0	0	
282280	Frontal_Inf_Oper_L	17448	0	13818	278	0	0	18278	0	0	0	0	186	15996	64	518	0	13748	0	10246	614	0	0	438	0	0	0	0	0	24132	138	2888	1150	1276	338	0	0	488	0	0	0	0	0	0	0	0	0	0	0	0	0	88	0	0	0	0	0	4584	0	0	0	162	0	90	0	0	0	0	0	0	0	2960	1528	4332	0	252	0	424	0	1296	0	408	0	2558	0	292	0	0	0	124	0	0	0	0	0	0	0	0	0	0	0	0	0	0	0	0	0	0	0	0	0	0	0	0	0	0	0	
199012	Frontal_Inf_Oper_R	0	5880	686	14654	0	0	0	7968	0	0	186	0	0	13140	0	202	0	3178	1438	9678	0	0	0	1132	0	68	0	0	188	17394	414	3504	0	1672	0	0	0	626	0	106	0	0	0	0	0	0	0	0	0	0	0	0	0	0	0	0	0	4678	0	0	0	232	0	484	0	0	0	0	0	0	1388	3532	570	3928	0	352	64	1264	0	274	0	550	0	76	0	0	0	0	0	0	0	0	0	0	0	0	0	0	0	0	0	0	0	0	0	0	0	0	0	0	0	0	0	0	0	0	
217796	Frontal_Inf_Tri_L	2524	0	9486	0	436	0	28324	0	3098	0	15996	0	0	0	12348	0	504	0	2616	144	94	0	1712	0	0	0	0	0	23742	0	2846	284	2216	222	0	0	0	0	0	0	0	0	0	0	0	0	0	0	0	0	0	0	0	0	0	0	190	0	0	0	0	0	0	0	0	0	0	0	0	0	498	0	1080	0	0	0	0	0	0	0	0	0	538	0	0	0	0	0	0	0	0	0	0	0	0	0	0	0	0	0	0	0	0	0	0	0	0	0	0	0	0	0	0	0	0	0	
216580	Frontal_Inf_Tri_R	166	546	344	12954	0	444	88	11442	0	680	64	13140	0	0	0	11420	0	176	2478	7588	0	180	156	3336	0	190	0	134	76	21144	576	7002	0	2464	0	0	0	394	0	0	0	0	0	0	0	0	0	0	0	0	0	0	0	0	0	0	0	304	0	0	0	0	0	0	0	0	0	0	0	0	816	5034	130	2898	0	0	110	1816	0	0	0	0	0	0	0	0	0	0	0	0	0	0	0	0	0	0	0	0	0	0	0	0	0	0	0	0	0	0	0	0	0	0	0	0	0	0	
148960	Frontal_Inf_Orb_L	90	0	4946	0	11606	0	7384	0	11412	0	518	0	12348	0	0	0	286	0	324	0	2854	0	336	0	182	0	1124	0	15176	0	446	0	316	0	0	0	620	0	274	0	556	0	0	0	0	0	0	0	0	0	0	0	0	0	0	0	0	0	0	0	0	0	0	0	0	0	0	0	0	0	110	0	1340	0	0	0	0	0	0	0	256	0	1772	0	98	0	0	0	106	0	0	0	0	0	0	0	0	0	0	0	0	0	0	0	0	0	0	0	0	0	0	0	0	0	0	0	
142700	Frontal_Inf_Orb_R	0	0	0	5060	0	6538	0	2468	0	15100	0	202	0	11420	0	0	0	0	458	1176	132	2306	0	1402	0	146	0	2890	0	11606	0	2436	0	464	0	0	0	0	0	0	0	138	0	0	0	0	0	0	0	0	0	0	0	0	0	632	0	0	0	0	0	0	0	0	0	0	0	0	0	0	178	1736	0	2014	0	0	0	120	0	0	0	534	0	1748	0	212	0	0	0	234	0	0	0	0	0	0	0	0	0	0	0	0	0	0	0	0	0	0	0	0	0	0	0	0	0	0	
268764	Rolandic_Oper_L	13908	0	13048	126	0	0	10296	0	0	0	13748	0	504	0	286	0	0	0	8302	250	0	0	186	0	0	0	0	0	24292	0	712	518	494	108	0	0	526	0	0	0	0	0	184	0	0	0	0	0	0	0	1576	0	218	0	664	0	12672	0	256	0	938	0	2162	0	1040	0	210	0	1050	0	1256	662	4198	0	392	0	424	0	6494	0	6406	0	1564	0	3268	0	0	0	1444	0	0	0	0	0	0	0	0	0	0	0	0	0	0	0	0	0	0	0	0	0	0	0	0	0	0	0	
105568	Rolandic_Oper_R	0	1716	194	3034	0	0	0	0	0	0	0	3178	0	176	0	0	0	0	204	4606	0	0	0	0	0	0	0	0	0	11722	0	908	0	132	0	0	0	988	0	92	0	0	0	0	0	0	0	0	0	0	0	0	0	0	0	0	0	3832	0	0	0	128	0	2314	0	286	0	0	0	182	128	1876	0	5500	0	368	0	104	0	3716	0	6296	0	100	0	904	0	0	0	100	0	0	0	0	0	0	0	0	0	0	0	0	0	0	0	0	0	0	0	0	0	0	0	0	0	0	
701288	Supp_Motor_Area_L	33942	1744	58662	14556	64	0	16992	1570	0	0	10246	1438	2616	2478	324	458	8302	204	0	40618	0	0	7328	5306	0	0	0	0	13752	1882	5080	8068	8266	19460	180	0	904	0	0	0	0	0	0	0	0	0	0	0	0	0	150	0	0	0	112	0	1604	156	0	0	154	0	68	0	74	0	426	0	32004	3236	13736	4184	16718	486	2868	78	6518	632	1158	0	654	0	330	0	518	0	0	0	340	0	0	0	0	0	0	0	0	0	0	0	0	0	0	0	0	0	0	0	0	0	0	0	0	0	0	0	
816824	Supp_Motor_Area_R	17598	12554	8214	62904	0	140	1768	4052	0	0	614	9678	144	7588	0	1176	250	4606	40618	0	0	198	2196	7896	0	266	0	216	1020	12630	3018	23068	4024	43088	3160	3586	0	1400	0	204	0	244	0	160	0	74	0	162	0	112	0	286	0	0	0	158	104	3132	0	714	64	538	0	544	0	170	110	1226	20208	32060	5104	31924	1360	6170	442	1208	1706	16932	0	452	0	1684	0	0	0	1434	0	0	0	2056	0	0	0	0	0	0	0	0	0	0	0	0	0	0	0	0	0	0	0	0	0	0	0	0	0	0	
92764	Olfactory_L	0	0	812	534	4126	646	300	0	326	120	0	0	94	0	2854	132	0	0	0	0	0	5094	272	212	1374	680	4770	1476	3292	0	4030	1974	0	0	0	0	988	0	906	0	1026	0	0	0	0	0	0	0	0	0	0	0	0	0	0	0	0	0	0	0	0	0	0	0	0	0	0	0	0	0	5718	1954	2046	536	0	0	0	0	0	0	0	0	90	0	0	0	0	0	0	0	0	0	0	0	0	0	0	0	0	0	0	0	0	0	0	0	0	0	0	0	0	0	0	0	0	0	
140844	Olfactory_R	0	0	0	3174	0	4918	0	0	0	1454	0	0	0	180	0	2306	0	0	0	198	5094	0	0	1470	186	4100	2034	9592	90	2282	2366	4822	0	0	0	0	0	820	0	276	0	678	0	0	0	0	0	0	0	0	0	0	0	0	0	174	0	0	0	0	0	0	0	0	0	0	0	0	0	0	8344	7426	4224	4006	208	0	0	0	0	0	0	0	0	0	0	0	0	0	0	0	0	0	0	0	0	0	0	0	0	0	0	0	0	0	0	0	0	0	0	0	0	0	0	0	0	0	
263068	Frontal_Sup_Medial_L	90	0	33462	8960	2140	222	14486	238	0	0	438	0	1712	156	336	0	186	0	7328	2196	272	0	0	16388	1936	312	0	0	2050	0	14418	9706	3836	7008	0	0	0	0	0	0	0	0	0	0	0	0	0	0	0	0	0	0	0	0	0	0	0	0	0	0	0	0	0	0	0	0	0	0	0	0	326	0	3332	0	0	0	0	0	0	0	0	0	0	0	0	0	0	0	0	0	0	0	0	0	0	0	0	0	0	0	0	0	0	0	0	0	0	0	0	0	0	0	0	0	0	0	
298164	Frontal_Sup_Medial_R	0	0	2412	36150	0	6134	1126	2538	0	0	0	1132	0	3336	0	1402	0	0	5306	7896	212	1470	16388	0	378	6546	0	2106	0	3254	4432	24516	186	10598	0	0	0	0	0	0	0	0	0	0	0	0	0	0	0	0	0	0	0	0	0	0	0	0	0	0	0	0	0	0	0	0	0	0	0	0	442	4820	348	5738	0	0	0	216	0	0	0	0	0	0	0	0	0	0	0	0	0	0	0	0	0	0	0	0	0	0	0	0	0	0	0	0	0	0	0	0	0	0	0	0	0	0	
41424	Frontal_Med_Orb_L	0	0	1430	0	3490	182	0	0	414	0	0	0	0	0	182	0	0	0	0	0	1374	186	1936	378	0	1150	1918	318	0	0	5188	570	0	0	0	0	0	0	0	0	0	0	0	0	0	0	0	0	0	0	0	0	0	0	0	0	0	0	0	0	0	0	0	0	0	0	0	0	0	0	926	68	1002	0	0	0	0	0	0	0	0	0	0	0	0	0	0	0	0	0	0	0	0	0	0	0	0	0	0	0	0	0	0	0	0	0	0	0	0	0	0	0	0	0	0	0	
108644	Frontal_Med_Orb_R	0	0	76	4636	0	7430	0	0	0	0	0	68	0	190	0	146	0	0	0	266	680	4100	312	6546	1150	0	746	9876	0	298	2248	8716	0	78	0	0	0	0	0	0	0	0	0	0	0	0	0	0	0	0	0	0	0	0	0	0	0	0	0	0	0	0	0	0	0	0	0	0	0	0	930	2688	810	2332	0	0	0	0	0	0	0	0	0	0	0	0	0	0	0	0	0	0	0	0	0	0	0	0	0	0	0	0	0	0	0	0	0	0	0	0	0	0	0	0	0	0	
58748	Rectus_L	0	0	0	118	5572	278	0	0	1808	0	0	0	0	0	1124	0	0	0	0	0	4770	2034	0	0	1918	746	0	914	142	0	4028	1732	0	0	0	0	0	0	0	0	64	0	0	0	0	0	0	0	0	0	0	0	0	0	0	0	0	0	0	0	0	0	0	0	0	0	0	0	0	0	2450	918	314	444	0	0	0	0	0	0	0	0	0	0	0	0	0	0	0	0	0	0	0	0	0	0	0	0	0	0	0	0	0	0	0	0	0	0	0	0	0	0	0	0	0	0	
122888	Rectus_R	0	0	0	3830	0	10872	0	0	0	2354	0	0	0	134	0	2890	0	0	0	216	1476	9592	0	2106	318	9876	914	0	0	852	1146	6056	0	0	0	0	0	0	0	0	0	0	0	0	0	0	0	0	0	0	0	0	0	0	0	0	0	0	0	0	0	0	0	0	0	0	0	0	0	0	1958	3598	1342	1914	0	0	0	0	0	0	0	0	0	0	0	0	0	0	0	0	0	0	0	0	0	0	0	0	0	0	0	0	0	0	0	0	0	0	0	0	0	0	0	0	0	0	
572592	Insula_L	15338	0	27968	636	5364	0	18302	0	1058	0	24132	188	23742	76	15176	0	24292	0	13752	1020	3292	90	2050	0	0	0	142	0	0	140	4694	1150	1300	246	70	0	6178	0	848	0	1476	0	288	0	0	0	120	0	0	0	1828	0	210	0	4502	0	6270	0	66	0	1214	0	1138	0	838	0	198	0	1696	0	3872	1584	18438	0	138	0	1338	0	11644	0	13998	0	5848	0	9200	0	0	0	9148	0	0	0	0	0	0	0	0	0	0	0	0	0	0	0	0	0	0	0	0	0	0	0	0	0	0	0	
394560	Insula_R	0	1248	742	19584	0	1770	0	3292	0	1398	138	17394	0	21144	0	11606	0	11722	1882	12630	0	2282	0	3254	0	298	0	852	140	0	488	9672	0	1644	84	120	0	5966	0	482	0	940	0	0	0	0	0	0	0	0	0	0	0	70	0	4520	0	1768	0	0	0	0	0	132	0	0	0	206	0	0	1394	5524	572	21412	0	172	138	2124	0	3748	0	14162	0	1736	0	4206	0	0	0	4624	0	0	0	0	0	0	0	0	0	0	0	0	0	0	0	0	0	0	0	0	0	0	0	0	0	0	
274716	Cingulum_Ant_L	622	0	11434	3486	4136	322	3638	134	0	0	2888	414	2846	576	446	0	712	0	5080	3018	4030	2366	14418	4432	5188	2248	4028	1146	4694	488	0	17418	7658	4750	622	0	0	0	0	0	0	0	0	0	0	0	0	0	0	0	0	0	0	0	0	0	0	0	0	0	0	0	0	0	0	0	174	0	258	0	8652	2226	11268	1456	0	0	0	0	0	0	0	0	86	0	0	0	0	0	0	0	0	0	0	0	0	0	0	0	0	0	0	0	0	0	0	0	0	0	0	0	0	0	0	0	0	0	
517656	Cingulum_Ant_R	756	270	2732	36028	264	4242	1284	1690	0	0	1150	3504	284	7002	0	2436	518	908	8068	23068	1974	4822	9706	24516	570	8716	1732	6056	1150	9672	17418	0	2792	24688	0	0	0	688	0	66	0	0	0	0	0	0	0	0	0	0	0	0	0	0	0	80	0	214	0	0	0	0	0	0	0	0	0	0	292	0	5878	23188	2518	17016	0	124	68	404	0	0	0	100	100	0	0	0	0	0	0	76	0	0	0	0	0	0	0	0	0	0	0	0	0	0	0	0	0	0	0	0	0	0	0	0	0	0	
151728	Cingulum_Mid_L	1630	136	3850	354	0	0	5096	0	0	0	1276	0	2216	0	316	0	494	0	8266	4024	0	0	3836	186	0	0	0	0	1300	0	7658	2792	0	13086	2112	436	0	0	0	0	0	0	322	130	74	0	0	0	68	92	782	0	0	0	0	0	516	0	238	0	110	0	0	0	84	0	5116	1114	7224	288	126	0	106	0	0	0	0	0	0	0	112	0	0	0	220	0	0	0	78	0	0	0	0	0	0	0	0	0	0	0	0	0	0	0	0	0	0	0	0	0	0	0	0	0	0	0	
433504	Cingulum_Mid_R	6106	1866	1394	24270	0	0	718	2226	0	0	338	1672	222	2464	0	464	108	132	19460	43088	0	0	7008	10598	0	78	0	0	246	1644	4750	24688	13086	0	1616	6284	0	76	0	0	0	0	0	1880	0	1610	0	864	0	614	0	426	0	0	0	128	0	1196	0	398	0	114	0	74	0	96	1092	7126	8792	12500	536	1802	0	562	0	0	102	64	0	80	0	318	0	0	0	778	0	0	0	998	0	0	0	0	0	0	0	0	0	0	0	0	0	0	0	0	0	0	0	0	0	0	0	0	0	0	
150184	Cingulum_Post_L	6136	1192	108	214	0	0	0	0	0	0	0	0	0	0	0	0	0	0	180	3160	0	0	0	0	0	0	0	0	70	84	622	0	2112	1616	0	11154	6142	5668	182	1106	0	0	3444	0	1570	0	732	380	714	0	200	0	0	0	96	96	0	110	118	0	0	0	0	0	0	0	8884	1768	5322	3112	892	76	0	0	366	0	5386	1596	0	88	0	92	0	0	0	0	0	0	0	110	0	0	0	0	0	0	0	194	0	0	0	0	0	0	0	0	0	0	0	0	0	0	0	0	0	0	
172104	Cingulum_Post_R	850	902	0	200	0	0	0	0	0	0	0	0	0	0	0	0	0	0	0	3586	0	0	0	0	0	0	0	0	0	120	0	0	436	6284	11154	0	4166	9384	140	2540	0	0	246	1586	0	446	0	5050	0	156	0	396	0	160	74	740	0	1124	0	490	0	428	0	188	0	68	2530	12850	512	5260	0	88	0	0	0	0	5686	2670	0	108	0	202	0	0	0	888	0	0	0	3608	0	0	0	0	0	0	0	302	0	0	0	0	0	0	0	0	0	0	0	0	434	0	0	0	0	0	
196880	Hippocampus_L	2214	0	2154	0	88	0	752	0	0	0	488	0	0	0	620	0	526	0	904	0	988	0	0	0	0	0	0	0	6178	0	0	0	0	0	6142	4166	0	3444	9074	890	8720	0	2454	0	92	0	4300	312	0	0	342	0	282	0	14064	0	288	0	0	0	0	0	0	0	0	0	3956	652	414	0	984	0	5760	0	86	0	3944	428	492	0	2198	0	976	0	752	0	0	0	8044	0	0	0	0	0	0	0	70	136	66	0	0	0	0	0	0	0	0	0	0	0	0	0	0	0	0	0	
292352	Hippocampus_R	220	1144	0	2512	0	0	0	0	0	0	0	626	0	394	0	0	0	988	0	1400	0	820	0	0	0	0	0	0	0	5966	0	688	0	76	5668	9384	3444	0	122	23540	0	9494	174	1342	0	0	0	4218	0	0	0	72	0	694	74	22192	0	790	0	0	0	114	0	158	0	0	408	3192	0	0	0	752	0	10792	0	608	5822	9478	0	710	0	2032	0	718	0	2914	0	110	0	8510	0	86	0	0	0	352	0	2492	0	134	0	0	0	0	0	0	0	0	0	0	752	0	0	0	0	0	
79232	ParaHippocampal_L	192	0	190	0	412	0	78	0	0	0	0	0	0	0	274	0	0	0	0	0	906	0	0	0	0	0	0	0	848	0	0	0	0	0	182	140	9074	122	0	0	2502	0	622	0	0	0	6292	70	190	0	2206	0	524	0	9884	0	0	0	0	0	0	0	0	0	0	0	706	0	0	0	0	0	366	0	0	0	436	0	0	0	0	0	396	0	660	0	162	0	1216	0	84	0	0	0	240	0	376	0	174	0	0	0	0	0	0	0	0	0	0	92	0	0	0	0	0	0	
190516	ParaHippocampal_R	0	136	0	576	0	0	0	0	0	0	0	106	0	0	0	0	0	92	0	204	0	276	0	0	0	0	0	0	0	482	0	66	0	0	1106	2540	890	23540	0	0	0	9204	0	1482	0	94	0	8038	0	80	0	250	0	892	0	22072	0	76	0	0	0	0	0	0	0	0	224	2068	0	0	0	0	0	2626	0	354	1056	2930	0	0	0	0	0	2576	0	214	0	1714	0	2590	0	0	0	0	0	720	0	5152	0	168	0	0	0	0	0	0	0	0	0	84	580	0	0	0	0	0	
44360	Amygdala_L	0	0	0	0	82	0	0	0	0	0	0	0	0	0	556	0	0	0	0	0	1026	0	0	0	0	0	64	0	1476	0	0	0	0	0	0	0	8720	0	2502	0	0	0	0	0	0	0	0	0	0	0	0	0	0	0	4210	0	0	0	0	0	0	0	0	0	0	0	0	0	0	0	0	0	256	0	0	0	204	0	0	0	118	0	732	0	84	0	72	0	2078	0	0	0	0	0	0	0	0	0	0	0	0	0	0	0	0	0	0	0	0	0	0	0	0	0	0	0	
66124	Amygdala_R	0	0	0	206	0	0	0	0	0	0	0	0	0	0	0	138	0	0	0	244	0	678	0	0	0	0	0	0	0	940	0	0	0	0	0	0	0	9494	0	9204	0	0	0	0	0	0	0	0	0	0	0	0	0	0	0	5962	0	0	0	0	0	0	0	0	0	0	0	0	0	0	0	190	0	1900	0	0	0	464	0	0	0	0	0	2490	0	0	0	818	0	242	0	0	0	0	0	0	0	92	0	0	0	0	0	0	0	0	0	0	0	0	0	0	0	0	0	0	
254568	Calcarine_L	340	0	0	0	0	0	0	0	0	0	0	0	0	0	0	0	184	0	0	0	0	0	0	0	0	0	0	0	288	0	0	0	322	0	3444	246	2454	174	622	0	0	0	0	6244	17244	5084	12456	2348	11962	968	23408	350	4368	232	1482	228	110	0	844	0	220	0	952	0	922	0	20696	614	844	0	0	0	0	0	0	0	0	0	230	0	142	0	0	0	4966	0	0	0	2296	0	0	0	0	0	0	0	0	0	0	0	0	0	0	0	0	0	0	0	0	0	0	0	0	0	0	0	
293220	Calcarine_R	0	232	0	0	0	0	0	0	0	0	0	0	0	0	0	0	0	0	0	160	0	0	0	0	0	0	0	0	0	0	0	0	130	1880	0	1586	0	1342	0	1482	0	0	6244	0	4770	26330	1342	23134	0	18388	0	11602	0	6836	0	8184	0	1186	0	616	0	176	0	0	0	0	1880	18866	0	1508	0	0	0	0	0	0	0	0	0	0	0	76	0	0	0	2280	0	0	0	5150	0	128	0	0	0	0	0	300	0	240	0	0	0	0	0	0	0	0	0	0	410	152	0	0	0	0	
192972	Cuneus_L	0	0	0	0	0	0	0	0	0	0	0	0	0	0	0	0	0	0	0	0	0	0	0	0	0	0	0	0	0	0	0	0	74	0	1570	0	92	0	0	0	0	0	17244	4770	0	6934	2440	484	25030	1482	12478	178	448	0	286	0	0	0	1990	0	170	0	186	0	216	0	17650	1140	452	0	0	0	0	0	0	0	0	0	0	0	0	0	0	0	868	0	0	0	304	0	0	0	0	0	0	0	0	0	0	0	0	0	0	0	0	0	0	0	0	0	0	0	0	0	0	0	
230460	Cuneus_R	0	0	0	0	0	0	0	0	0	0	0	0	0	0	0	0	0	0	0	74	0	0	0	0	0	0	0	0	0	0	0	0	0	1610	0	446	0	0	0	94	0	0	5084	26330	6934	0	534	7860	0	27818	0	10648	0	2290	0	2278	0	196	0	2448	0	0	0	0	0	0	5254	13966	0	282	0	0	0	0	0	0	0	0	0	0	0	0	0	0	0	292	0	0	0	650	0	0	0	0	0	0	0	0	0	78	0	0	0	0	0	0	0	0	0	0	0	64	0	0	0	0	
211592	Lingual_L	146	0	0	0	0	0	0	0	0	0	0	0	0	0	0	0	0	0	0	0	0	0	0	0	0	0	0	0	120	0	0	0	0	0	732	0	4300	0	6292	0	0	0	12456	1342	2440	534	0	1814	2996	270	13220	0	5272	0	12644	176	0	0	0	0	0	0	0	0	0	0	5482	146	0	0	0	0	64	0	0	0	332	0	98	0	70	0	0	0	1152	0	0	0	484	0	5036	432	1042	224	140	236	7758	1466	9452	1588	0	0	0	0	0	0	0	0	92	512	3182	1362	610	0	0	82	
295108	Lingual_R	0	0	0	182	0	0	0	0	0	0	0	0	0	0	0	0	0	0	0	162	0	0	0	0	0	0	0	0	0	0	0	0	0	864	380	5050	312	4218	70	8038	0	0	2348	23134	484	7860	1814	0	0	6980	0	7058	0	8474	94	19580	0	676	0	454	0	264	0	0	0	0	482	11996	0	810	0	0	0	0	0	0	322	948	0	0	0	0	0	0	0	1610	0	0	0	4030	1428	2378	404	406	148	326	1012	5730	2614	6194	170	0	504	0	512	0	214	0	0	294	2742	3302	392	0	90	0	
211040	Occipital_Sup_L	0	0	0	0	0	0	0	0	0	0	0	0	0	0	0	0	0	0	0	0	0	0	0	0	0	0	0	0	0	0	0	0	68	0	714	0	0	0	190	0	0	0	11962	0	25030	0	2996	0	0	0	27274	0	1688	0	1196	0	0	0	11604	0	2256	0	0	0	230	0	18842	562	0	0	0	0	0	0	0	0	0	0	0	0	0	0	0	0	430	0	0	0	478	0	0	0	0	0	0	0	0	0	0	0	0	0	0	0	0	0	0	0	0	0	0	0	0	0	0	0	
219872	Occipital_Sup_R	0	72	0	0	0	0	0	0	0	0	0	0	0	0	0	0	0	0	0	112	0	0	0	0	0	0	0	0	0	0	0	0	92	614	0	156	0	0	0	80	0	0	968	18388	1482	27818	270	6980	0	0	0	18678	0	3016	0	2302	0	672	0	7298	0	2748	0	0	0	2276	3178	10792	0	674	0	0	0	0	0	0	0	0	0	0	0	114	0	0	0	330	0	0	0	666	0	0	0	0	0	0	0	0	0	86	0	0	0	0	0	0	0	0	0	0	0	74	0	0	0	0	
445716	Occipital_Mid_L	1740	0	444	0	0	0	242	0	0	0	88	0	0	0	0	0	1576	0	150	0	0	0	0	0	0	0	0	0	1828	0	0	0	782	0	200	0	342	0	2206	0	0	0	23408	0	12478	0	13220	0	27274	0	0	0	17388	0	9488	0	1090	0	10536	0	8142	0	6988	0	19786	0	16190	236	2082	0	70	0	0	0	0	0	0	0	1468	0	1072	0	0	0	28984	0	0	0	13144	0	0	0	0	0	0	0	112	0	104	0	0	0	0	0	0	0	0	0	0	0	0	0	0	0	0	0	
185036	Occipital_Mid_R	0	0	0	0	0	0	0	0	0	0	0	0	0	0	0	0	0	0	0	286	0	0	0	0	0	0	0	0	0	0	0	0	0	426	0	396	0	72	0	250	0	0	350	11602	178	10648	0	7058	0	18678	0	0	0	7080	0	3972	0	314	0	736	0	2270	0	0	0	9774	1572	5286	0	340	0	0	0	0	0	0	0	0	0	0	0	504	0	0	0	7928	0	0	0	2344	0	112	0	0	0	0	0	76	0	192	0	0	0	0	0	0	0	0	0	0	0	74	0	0	0	0	
122812	Occipital_Inf_L	190	0	0	0	0	0	0	0	0	0	0	0	0	0	0	0	218	0	0	0	0	0	0	0	0	0	0	0	210	0	0	0	0	0	0	0	282	0	524	0	0	0	4368	0	448	0	5272	0	1688	0	17388	0	0	0	10528	0	74	0	388	0	744	0	568	0	920	0	898	0	204	0	0	0	0	0	0	0	0	0	178	0	192	0	0	0	5098	0	0	0	8078	0	656	0	0	0	0	0	592	90	1158	98	0	0	0	0	0	0	0	0	0	0	234	120	0	0	0	0	
102092	Occipital_Inf_R	0	0	0	0	0	0	0	0	0	0	0	0	0	0	0	0	0	0	0	0	0	0	0	0	0	0	0	0	0	70	0	0	0	0	0	160	0	694	0	892	0	0	232	6836	0	2290	0	8474	0	3016	0	7080	0	0	0	8838	0	0	0	0	0	0	0	0	0	0	0	1434	0	0	0	0	0	76	0	0	0	244	0	0	0	74	0	0	0	1176	0	0	0	4226	158	406	0	0	68	0	350	494	510	1932	0	0	72	0	288	0	64	0	0	0	426	466	0	0	0	0	
342796	Fusiform_L	518	0	94	0	0	0	0	0	0	0	0	0	0	0	0	0	664	0	112	0	0	0	0	0	0	0	0	0	4502	0	0	0	0	0	96	74	14064	74	9884	0	4210	0	1482	0	286	0	12644	94	1196	0	9488	0	10528	0	0	0	292	0	598	0	1424	0	382	0	1010	0	776	0	326	0	0	0	918	0	0	0	92	0	416	0	6018	0	3842	0	4534	0	458	0	24228	0	17006	106	1716	0	394	0	10806	614	21538	590	344	0	416	0	114	0	0	0	0	0	1614	712	104	0	0	0	
439164	Fusiform_R	0	80	0	208	0	0	0	0	0	0	0	0	0	0	0	632	0	0	0	158	0	174	0	0	0	0	0	0	0	4520	0	80	0	128	96	740	0	22192	0	22072	0	5962	228	8184	0	2278	176	19580	0	2302	0	3972	0	8838	0	0	0	1262	0	1064	0	642	0	300	0	300	0	2080	0	328	0	0	0	3384	0	0	182	2008	0	142	0	3756	0	8124	0	5508	0	3402	0	20894	772	14004	182	144	176	3566	1034	13420	1988	21606	0	0	188	0	620	0	168	0	158	302	2486	2388	278	0	126	0	
258180	Postcentral_L	27428	0	7678	0	0	0	6506	0	0	0	4584	0	190	0	0	0	12672	0	1604	104	0	0	0	0	0	0	0	0	6270	0	0	0	516	0	0	0	288	0	0	0	0	0	110	0	0	0	0	0	0	0	1090	0	74	0	292	0	0	0	5934	0	25480	0	11966	0	304	0	1644	0	2506	0	648	0	1192	0	362	0	1540	0	3154	0	2622	0	246	0	1562	0	0	0	524	0	0	0	0	0	0	0	0	0	0	0	0	0	0	0	0	0	0	0	0	0	0	0	0	0	0	0	
194972	Postcentral_R	120	18916	90	3922	0	0	0	1548	0	0	0	4678	0	304	0	0	0	3832	156	3132	0	0	0	0	0	0	0	0	0	1768	0	214	0	1196	110	1124	0	790	0	76	0	0	0	1186	0	196	0	676	0	672	0	314	0	0	0	1262	0	0	0	5118	0	9788	0	14646	0	1580	0	3682	114	5220	212	606	0	1914	0	214	320	354	0	450	0	2824	0	0	0	994	0	0	0	2760	0	408	0	0	0	0	0	0	0	0	0	0	0	0	0	0	0	0	0	0	0	0	0	0	0	0	
120972	Parietal_Sup_L	532	0	0	0	0	0	0	0	0	0	0	0	0	0	0	0	256	0	0	0	0	0	0	0	0	0	0	0	66	0	0	0	238	0	118	0	0	0	0	0	0	0	844	0	1990	0	0	0	11604	0	10536	0	388	0	598	0	5934	0	0	0	10186	0	282	0	1118	0	13270	0	772	0	0	0	0	0	0	0	0	0	0	0	148	0	0	0	680	0	0	0	926	0	0	0	0	0	0	0	0	0	0	0	0	0	0	0	0	0	0	0	0	0	0	0	0	0	0	0	
98064	Parietal_Sup_R	0	136	0	0	0	0	0	0	0	0	0	0	0	0	0	0	0	0	0	714	0	0	0	0	0	0	0	0	0	0	0	0	0	398	0	490	0	0	0	0	0	0	0	616	0	2448	0	454	0	7298	0	736	0	0	0	1064	0	5118	0	0	0	11726	0	434	0	3836	524	7478	0	1622	0	0	0	0	0	0	0	0	0	0	0	168	0	0	0	666	0	0	0	2684	0	422	0	0	0	0	0	0	0	0	0	0	0	0	0	0	0	0	0	0	0	0	0	0	0	0	
180016	Parietal_Inf_L	5928	0	448	0	0	0	682	0	0	0	162	0	0	0	0	0	938	0	154	64	0	0	0	0	0	0	0	0	1214	0	0	0	110	0	0	0	0	0	0	0	0	0	220	0	170	0	0	0	2256	0	8142	0	744	0	1424	0	25480	0	10186	0	0	0	12716	0	10590	0	600	0	508	0	118	0	0	0	0	0	0	0	490	0	1818	0	0	0	3070	0	0	0	1776	0	0	0	0	0	0	0	0	0	0	0	0	0	0	0	0	0	0	0	0	0	0	0	0	0	0	0	
119712	Parietal_Inf_R	82	1650	0	854	0	0	0	464	0	0	0	232	0	0	0	0	0	128	0	538	0	0	0	0	0	0	0	0	0	0	0	0	0	114	0	428	0	114	0	0	0	0	0	176	0	0	0	264	0	2748	0	2270	0	0	0	642	0	9788	0	11726	0	0	0	12650	0	9366	0	608	0	874	0	0	0	0	0	0	90	106	0	0	0	676	0	0	0	752	0	0	0	2264	0	252	0	0	0	0	0	0	0	0	0	0	0	0	0	0	0	0	0	0	0	0	0	0	0	0	
178372	SupraMarginal_L	2316	0	232	0	0	0	152	0	0	0	90	0	0	0	0	0	2162	0	68	0	0	0	0	0	0	0	0	0	1138	0	0	0	0	0	0	0	0	0	0	0	0	0	952	0	186	0	0	0	0	0	6988	0	568	0	382	0	11966	0	282	0	12716	0	0	0	19676	0	562	0	496	0	0	0	0	0	0	0	0	0	786	0	7356	0	0	0	17964	0	0	0	2148	0	0	0	0	0	0	0	0	0	0	0	0	0	0	0	0	0	0	0	0	0	0	0	0	0	0	0	
98548	SupraMarginal_R	92	3184	0	980	0	0	0	676	0	0	0	484	0	0	0	0	0	2314	0	544	0	0	0	0	0	0	0	0	0	132	0	0	0	74	0	188	0	158	0	0	0	0	0	0	0	0	0	0	0	0	0	0	0	0	0	300	0	14646	0	434	0	12650	0	0	0	4030	0	216	0	1542	86	0	0	0	0	0	148	162	0	220	0	5114	0	0	0	246	0	0	0	654	0	0	0	0	0	0	0	0	0	0	0	0	0	0	0	0	0	0	0	0	0	0	0	0	0	0	
175908	Angular_L	344	0	174	0	0	0	126	0	0	0	0	0	0	0	0	0	1040	0	74	0	0	0	0	0	0	0	0	0	838	0	0	0	84	0	0	0	0	0	0	0	0	0	922	0	216	0	0	0	230	0	19786	0	920	0	1010	0	304	0	1118	0	10590	0	19676	0	0	0	554	0	258	0	0	0	0	0	0	0	0	0	626	0	3832	0	0	0	22476	0	0	0	2756	0	0	0	0	0	0	0	0	0	0	0	0	0	0	0	0	0	0	0	0	0	0	0	0	0	0	0	
94992	Angular_R	0	234	0	0	0	0	0	0	0	0	0	0	0	0	0	0	0	286	0	170	0	0	0	0	0	0	0	0	0	0	0	0	0	96	0	68	0	0	0	0	0	0	0	0	0	0	0	0	0	2276	0	9774	0	0	0	300	0	1580	0	3836	0	9366	0	4030	0	0	0	192	0	900	0	0	0	0	0	0	0	0	0	0	0	6092	0	0	0	6966	0	0	0	1264	0	66	0	0	0	0	0	0	0	0	0	0	0	0	0	0	0	0	0	0	0	0	0	0	0	0	
314512	Precuneus_L	1298	0	0	0	0	0	0	0	0	0	0	0	0	0	0	0	210	0	426	110	0	0	0	0	0	0	0	0	198	0	174	0	5116	1092	8884	2530	3956	408	706	224	0	0	20696	1880	17650	5254	5482	482	18842	3178	16190	1572	898	0	776	0	1644	0	13270	524	600	0	562	0	554	0	0	11014	5424	770	0	0	0	0	0	0	0	0	128	0	166	0	0	0	2968	0	0	0	1214	74	0	0	0	0	0	0	0	0	0	0	0	0	0	0	0	0	0	0	0	0	112	0	0	0	0	0	
279068	Precuneus_R	152	550	0	0	0	0	0	0	0	0	0	0	0	0	0	0	0	0	0	1226	0	0	0	0	0	0	0	0	0	206	0	0	1114	7126	1768	12850	652	3192	0	2068	0	0	614	18866	1140	13966	146	11996	562	10792	236	5286	0	1434	0	2080	0	3682	0	7478	0	608	0	216	0	192	11014	0	274	6158	0	0	0	0	0	0	232	102	0	118	0	208	0	0	0	2930	0	0	0	7286	0	0	0	0	0	0	0	234	0	0	0	0	0	0	0	0	0	0	0	0	780	0	0	0	0	0	
348440	Paracentral_Lobule_L	42302	2784	3096	592	0	0	0	0	0	0	0	0	0	0	0	0	1050	0	32004	20208	0	0	0	0	0	0	0	0	1696	0	258	292	7224	8792	5322	512	414	0	0	0	0	0	844	0	452	0	0	0	0	0	2082	0	204	0	326	0	2506	114	772	0	508	0	496	0	258	0	5424	274	0	8672	6034	482	4136	0	2902	0	8404	174	100	0	484	0	0	0	1382	0	0	0	644	0	0	0	0	0	0	0	0	0	0	0	0	0	0	0	0	0	0	0	0	0	0	0	0	0	0	0	
224212	Paracentral_Lobule_R	6830	9028	314	84	0	0	0	0	0	0	0	0	0	0	0	0	0	182	3236	32060	0	0	0	0	0	0	0	0	0	0	0	0	288	12500	3112	5260	0	0	0	0	0	0	0	1508	0	282	0	810	0	674	0	340	0	0	0	328	0	5220	0	1622	0	874	0	1542	0	900	770	6158	8672	0	1104	372	206	0	226	0	1092	266	0	132	0	1812	0	0	0	1588	0	0	0	2626	0	88	0	0	0	0	0	0	0	0	0	0	0	0	0	0	0	0	0	0	0	0	0	0	0	0	
344148	Caudate_L	8510	634	17114	2884	508	986	1326	288	0	120	2960	1388	498	816	110	178	1256	128	13736	5104	5718	8344	326	442	926	930	2450	1958	3872	1394	8652	5878	126	536	892	0	984	0	0	0	0	0	0	0	0	0	0	0	0	0	70	0	0	0	0	0	648	212	0	0	118	0	0	86	0	0	0	0	6034	1104	0	17400	25994	3592	3394	0	9796	500	510	0	150	0	218	0	212	0	0	0	64	0	0	0	0	0	0	0	0	0	0	0	0	0	0	0	0	0	0	0	0	0	0	0	0	0	0	0	
412312	Caudate_R	1016	1124	1722	26250	134	3982	254	322	0	924	1528	3532	0	5034	0	1736	662	1876	4184	31924	1954	7426	0	4820	68	2688	918	3598	1584	5524	2226	23188	0	1802	76	88	0	752	0	0	0	190	0	0	0	0	0	0	0	0	0	0	0	0	0	0	0	606	0	0	0	0	0	0	0	0	0	0	482	372	17400	0	5524	21306	258	1610	596	14666	0	0	0	104	126	0	0	0	0	0	0	0	0	0	0	0	0	0	0	0	0	0	0	0	0	0	0	0	0	0	0	0	0	0	0	0	0	0	
377784	Putamen_L	8884	110	30988	1392	2076	652	4276	0	0	0	4332	570	1080	130	1340	0	4198	0	16718	1360	2046	4224	3332	348	1002	810	314	1342	18438	572	11268	2518	106	0	0	0	5760	0	366	0	256	0	0	0	0	0	64	0	0	0	0	0	0	0	918	0	1192	0	0	0	0	0	0	0	0	0	0	0	4136	206	25994	5524	0	2620	6572	0	7630	0	376	0	924	0	704	0	318	0	0	0	906	0	0	0	0	0	0	0	0	0	0	0	0	0	0	0	0	0	0	0	0	0	0	0	0	0	0	0	
311764	Putamen_R	0	1940	212	15090	0	3734	0	604	0	762	0	3928	0	2898	0	2014	0	5500	486	6170	536	4006	0	5738	0	2332	444	1914	0	21412	1456	17016	0	562	0	0	0	10792	0	2626	0	1900	0	0	0	0	0	0	0	0	0	0	0	76	0	3384	0	1914	0	0	0	0	0	0	0	0	0	0	0	0	3592	21306	2620	0	80	1960	0	1812	0	500	0	2238	0	154	0	76	0	0	0	2098	0	0	0	0	0	0	0	0	0	0	0	0	0	0	0	0	0	0	0	0	0	0	0	0	0	0	
62112	Pallidum_L	4132	96	4686	70	0	0	766	0	0	0	252	0	0	0	0	0	392	0	2868	442	0	208	0	0	0	0	0	0	138	0	0	0	0	0	366	0	86	0	0	0	0	0	0	0	0	0	0	0	0	0	0	0	0	0	0	0	362	0	0	0	0	0	0	0	0	0	0	0	2902	226	3394	258	6572	80	0	0	2760	0	0	0	0	0	0	0	0	0	0	0	0	0	0	0	0	0	0	0	0	0	0	0	0	0	0	0	0	0	0	0	0	0	0	0	0	0	0	0	
18904	Pallidum_R	0	300	0	1786	0	0	0	0	0	0	0	352	0	0	0	0	0	368	78	1208	0	0	0	0	0	0	0	0	0	172	0	124	0	0	0	0	0	608	0	354	0	0	0	0	0	0	0	0	0	0	0	0	0	0	0	0	0	214	0	0	0	0	0	0	0	0	0	0	0	0	0	1610	0	1960	0	0	0	318	0	0	0	0	0	0	0	0	0	0	0	0	0	0	0	0	0	0	0	0	0	0	0	0	0	0	0	0	0	0	0	0	0	0	0	0	0	0	
211672	Thalamus_L	14930	668	9598	600	0	0	1414	0	0	0	424	64	0	110	0	0	424	0	6518	1706	0	0	0	0	0	0	0	0	1338	138	0	68	0	102	5386	5686	3944	5822	436	1056	204	0	0	0	0	0	332	322	0	0	0	0	0	0	92	182	1540	320	0	0	0	90	0	148	0	0	0	232	8404	1092	9796	596	7630	0	2760	0	0	10460	326	118	76	154	0	0	0	130	0	0	64	110	0	0	0	0	0	0	0	226	0	0	0	0	0	0	0	0	0	0	0	0	0	0	0	0	0	0	
200116	Thalamus_R	398	2024	368	17660	0	0	0	0	0	0	0	1264	0	1816	0	120	0	104	632	16932	0	0	0	216	0	0	0	0	0	2124	0	404	0	64	1596	2670	428	9478	0	2930	0	464	0	0	0	0	0	948	0	0	0	0	0	244	0	2008	0	354	0	0	0	106	0	162	0	0	0	102	174	266	500	14666	0	1812	0	318	10460	0	0	258	0	718	0	0	0	2204	0	0	0	1932	0	84	0	0	0	0	0	840	0	0	0	0	0	0	0	0	0	0	0	0	210	0	0	0	0	0	
97320	Heschl_L	4358	0	3370	0	0	0	2306	0	0	0	1296	0	0	0	0	0	6494	0	1158	0	0	0	0	0	0	0	0	0	11644	0	0	0	0	0	0	0	492	0	0	0	0	0	230	0	0	0	98	0	0	0	1468	0	178	0	416	0	3154	0	0	0	490	0	786	0	626	0	128	0	100	0	510	0	376	0	0	0	326	0	0	0	3012	0	0	0	4000	0	0	0	1644	0	0	0	0	0	0	0	0	0	0	0	0	0	0	0	0	0	0	0	0	0	0	0	0	0	0	0	
35996	Heschl_R	0	212	0	226	0	0	0	0	0	0	0	274	0	0	0	0	0	3716	0	452	0	0	0	0	0	0	0	0	0	3748	0	0	0	80	88	108	0	710	0	0	0	0	0	0	0	0	0	0	0	0	0	0	0	0	0	142	0	450	0	0	0	0	0	220	0	0	0	118	0	132	0	0	0	500	0	0	118	258	0	0	0	4910	0	0	0	1286	0	0	0	250	0	0	0	0	0	0	0	0	0	0	0	0	0	0	0	0	0	0	0	0	0	0	0	0	0	0	
210032	Temporal_Sup_L	1708	0	1198	0	0	0	736	0	0	0	408	0	0	0	256	0	6406	0	654	0	0	0	0	0	0	0	0	0	13998	0	0	0	112	0	0	0	2198	0	0	0	118	0	142	0	0	0	70	0	0	0	1072	0	192	0	6018	0	2622	0	148	0	1818	0	7356	0	3832	0	166	0	484	0	150	0	924	0	0	0	76	0	3012	0	0	0	4734	0	27682	0	0	0	16726	0	0	0	0	0	0	0	0	0	0	0	0	0	0	0	0	0	0	0	0	0	0	0	0	0	0	0	
181876	Temporal_Sup_R	0	510	0	298	0	0	0	0	0	0	0	550	0	0	0	534	0	6296	0	1684	0	0	0	0	0	0	0	0	0	14162	0	100	0	318	92	202	0	2032	0	0	0	0	0	76	0	0	0	0	0	114	0	504	0	74	0	3756	0	2824	0	168	0	676	0	5114	0	6092	0	208	0	1812	0	104	0	2238	0	0	154	718	0	4910	0	0	0	3020	0	23930	0	804	0	6864	0	0	0	0	0	0	0	0	0	0	0	0	0	0	0	0	0	0	0	0	0	0	0	0	0	0	
95508	Temporal_Pole_Sup_L	252	0	936	0	342	0	812	0	368	0	2558	0	538	0	1772	0	1564	0	330	0	90	0	0	0	0	0	0	0	5848	0	86	100	0	0	0	0	976	0	396	0	732	0	0	0	0	0	0	0	0	0	0	0	0	0	3842	0	246	0	0	0	0	0	0	0	0	0	0	0	0	0	218	126	704	0	0	0	0	0	0	0	4734	0	0	0	8546	0	1672	0	9966	0	0	0	0	0	0	0	0	0	0	0	0	0	0	0	0	0	0	0	0	0	0	0	0	0	0	0	
67512	Temporal_Pole_Sup_R	0	0	0	0	0	0	0	0	0	0	0	76	0	0	0	1748	0	100	0	0	0	0	0	0	0	0	0	0	0	1736	0	0	0	0	0	0	0	718	0	2576	0	2490	0	0	0	0	0	0	0	0	0	0	0	0	0	8124	0	0	0	0	0	0	0	0	0	0	0	0	0	0	0	0	0	154	0	0	0	0	0	0	0	3020	0	0	0	3974	0	5446	0	3594	0	0	0	0	0	0	0	0	0	0	0	0	0	0	0	0	0	0	0	0	0	0	0	0	0	0	
390012	Temporal_Mid_L	2484	0	1044	0	0	0	626	0	0	0	292	0	0	0	98	0	3268	0	518	0	0	0	0	0	0	0	0	0	9200	0	0	0	220	0	0	0	752	0	660	0	84	0	4966	0	868	0	1152	0	430	0	28984	0	5098	0	4534	0	1562	0	680	0	3070	0	17964	0	22476	0	2968	0	1382	0	212	0	318	0	0	0	0	0	4000	0	27682	0	8546	0	0	0	2284	0	36584	0	0	0	0	0	0	0	0	0	0	0	0	0	0	0	0	0	0	0	0	0	0	0	0	0	0	0	
207144	Temporal_Mid_R	0	298	0	356	0	0	0	0	0	0	0	0	0	0	0	212	0	904	0	1434	0	0	0	0	0	0	0	0	0	4206	0	0	0	778	0	888	0	2914	0	214	0	0	0	2280	0	292	0	1610	0	330	0	7928	0	1176	0	5508	0	994	0	666	0	752	0	246	0	6966	0	2930	0	1588	0	0	0	76	0	0	130	2204	0	1286	0	23930	0	3974	0	0	0	2098	0	24264	0	140	0	0	0	0	0	0	0	0	0	0	0	0	0	0	0	0	0	0	0	0	0	0	0	0	
12828	Temporal_Pole_Mid_L	0	0	0	0	0	0	0	0	0	0	0	0	0	0	0	0	0	0	0	0	0	0	0	0	0	0	0	0	0	0	0	0	0	0	0	0	0	0	162	0	72	0	0	0	0	0	0	0	0	0	0	0	0	0	458	0	0	0	0	0	0	0	0	0	0	0	0	0	0	0	0	0	0	0	0	0	0	0	0	0	0	0	1672	0	2284	0	0	0	1766	0	0	0	0	0	0	0	0	0	0	0	0	0	0	0	0	0	0	0	0	0	0	0	0	0	0	0	
33300	Temporal_Pole_Mid_R	0	0	0	0	0	0	0	0	0	0	0	0	0	0	0	0	0	0	0	0	0	0	0	0	0	0	0	0	0	0	0	0	0	0	0	0	0	110	0	1714	0	818	0	0	0	0	0	0	0	0	0	0	0	0	0	3402	0	0	0	0	0	0	0	0	0	0	0	0	0	0	0	0	0	0	0	0	0	0	0	0	0	804	0	5446	0	2098	0	0	0	2258	0	0	0	0	0	0	0	0	0	0	0	0	0	0	0	0	0	0	0	0	0	0	0	0	0	0	
315604	Temporal_Inf_L	1110	0	428	0	0	0	274	0	0	0	124	0	0	0	106	0	1444	0	340	0	0	0	0	0	0	0	0	0	9148	0	0	0	78	0	0	0	8044	0	1216	0	2078	0	2296	0	304	0	484	0	478	0	13144	0	8078	0	24228	0	524	0	926	0	1776	0	2148	0	2756	0	1214	0	644	0	64	0	906	0	0	0	64	0	1644	0	16726	0	9966	0	36584	0	1766	0	0	0	3078	0	828	0	0	0	326	0	1018	0	676	0	766	0	0	0	0	0	0	0	0	0	0	0	0	0	
253992	Temporal_Inf_R	0	1106	0	374	0	0	0	0	0	0	0	0	0	0	0	234	0	100	0	2056	0	0	0	0	0	0	0	0	0	4624	0	76	0	998	110	3608	0	8510	0	2590	0	242	0	5150	0	650	0	4030	0	666	0	2344	0	4226	0	20894	0	2760	0	2684	0	2264	0	654	0	1264	74	7286	0	2626	0	0	0	2098	0	0	110	1932	0	250	0	6864	0	3594	0	24264	0	2258	0	0	0	2736	0	0	0	0	0	120	0	504	0	0	0	66	0	0	0	0	0	0	0	0	0	0	0	0	
460044	Cerebelum_Crus1_L	0	0	0	0	0	0	0	0	0	0	0	0	0	0	0	0	0	0	0	0	0	0	0	0	0	0	0	0	0	0	0	0	0	0	0	0	0	0	84	0	0	0	0	0	0	0	5036	1428	0	0	0	0	656	158	17006	772	0	0	0	0	0	0	0	0	0	0	0	0	0	0	0	0	0	0	0	0	0	0	0	0	0	0	0	0	0	0	0	0	3078	0	0	6030	34378	5388	1526	188	20440	2456	51684	8490	16060	1374	16898	3512	3182	954	1942	0	0	328	5476	9580	9804	1034	1002	78	
354288	Cerebelum_Crus1_R	0	0	0	0	0	0	0	0	0	0	0	0	0	0	0	0	0	0	0	0	0	0	0	0	0	0	0	0	0	0	0	0	0	0	0	0	0	86	0	0	0	0	0	128	0	0	432	2378	0	0	0	112	0	406	106	14004	0	408	0	422	0	252	0	0	0	66	0	0	0	88	0	0	0	0	0	0	0	84	0	0	0	0	0	0	0	140	0	0	0	2736	6030	0	3344	25394	150	2438	2994	13230	4246	45152	2008	8608	2358	13626	956	2282	654	0	134	512	5004	6716	6254	1616	1494	96	
334516	Cerebelum_Crus2_L	0	0	0	0	0	0	0	0	0	0	0	0	0	0	0	0	0	0	0	0	0	0	0	0	0	0	0	0	0	0	0	0	0	0	0	0	0	0	0	0	0	0	0	0	0	0	1042	404	0	0	0	0	0	0	1716	182	0	0	0	0	0	0	0	0	0	0	0	0	0	0	0	0	0	0	0	0	0	0	0	0	0	0	0	0	0	0	0	0	828	0	34378	3344	0	9196	288	0	3922	758	9222	2486	36286	4412	29142	5032	4306	792	1284	0	0	108	1414	2544	11466	1910	796	0	
271316	Cerebelum_Crus2_R	0	0	0	0	0	0	0	0	0	0	0	0	0	0	0	0	0	0	0	0	0	0	0	0	0	0	0	0	0	0	0	0	0	0	0	0	0	0	0	0	0	0	0	0	0	0	224	406	0	0	0	0	0	0	0	144	0	0	0	0	0	0	0	0	0	0	0	0	0	0	0	0	0	0	0	0	0	0	0	0	0	0	0	0	0	0	0	0	0	0	5388	25394	9196	0	0	0	0	304	1432	6458	6070	26888	4994	29040	322	2964	266	192	0	0	0	2382	10806	1978	810	0	
38296	Cerebelum_3_L	0	0	0	0	0	0	0	0	0	0	0	0	0	0	0	0	0	0	0	0	0	0	0	0	0	0	0	0	0	0	0	0	0	0	0	0	0	0	240	0	0	0	0	0	0	0	140	148	0	0	0	0	0	68	394	176	0	0	0	0	0	0	0	0	0	0	0	0	0	0	0	0	0	0	0	0	0	0	0	0	0	0	0	0	0	0	0	0	0	0	1526	150	288	0	0	166	5552	262	3656	530	120	0	102	0	1054	0	0	0	984	1460	1636	496	0	0	0	0	
66308	Cerebelum_3_R	0	0	0	0	0	0	0	0	0	0	0	0	0	0	0	0	0	0	0	0	0	0	0	0	0	0	0	0	0	0	0	0	0	0	0	0	0	352	0	720	0	0	0	0	0	0	236	326	0	0	0	0	0	0	0	3566	0	0	0	0	0	0	0	0	0	0	0	0	0	0	0	0	0	0	0	0	0	0	0	0	0	0	0	0	0	0	0	0	0	0	188	2438	0	0	166	0	818	6536	442	6360	0	0	0	82	0	618	0	0	1130	4550	1660	1412	142	310	984	118	
276596	Cerebelum_4_5_L	0	0	0	0	0	0	0	0	0	0	0	0	0	0	0	0	0	0	0	0	0	0	0	0	0	0	0	0	0	0	0	0	0	0	0	0	70	0	376	0	0	0	0	0	0	0	7758	1012	0	0	112	0	592	350	10806	1034	0	0	0	0	0	0	0	0	0	0	0	0	0	0	0	0	0	0	0	0	0	0	0	0	0	0	0	0	0	0	0	0	326	0	20440	2994	3922	0	5552	818	0	7264	34164	8078	1186	0	1200	0	3752	328	378	0	736	2072	16932	4328	0	66	778	874	
237988	Cerebelum_4_5_R	0	0	0	146	0	0	0	0	0	0	0	0	0	0	0	0	0	0	0	0	0	0	0	0	0	0	0	0	0	0	0	0	0	0	194	302	136	2492	0	5152	0	92	0	300	0	0	1466	5730	0	0	0	76	90	494	614	13420	0	0	0	0	0	0	0	0	0	0	0	234	0	0	0	0	0	0	0	0	226	840	0	0	0	0	0	0	0	0	0	0	0	120	2456	13230	758	304	262	6536	7264	0	4398	27876	226	0	246	150	468	1392	0	74	82	1476	13730	2994	686	876	1282	104	
411620	Cerebelum_6_L	0	0	0	0	0	0	0	0	0	0	0	0	0	0	0	0	0	0	0	0	0	0	0	0	0	0	0	0	0	0	0	0	0	0	0	0	66	0	174	0	0	0	0	0	0	0	9452	2614	0	0	104	0	1158	510	21538	1988	0	0	0	0	0	0	0	0	0	0	0	0	0	0	0	0	0	0	0	0	0	0	0	0	0	0	0	0	0	0	0	0	1018	0	51684	4246	9222	1432	3656	442	34164	4398	0	11004	4568	82	6142	236	5084	76	2054	0	382	1012	11704	12348	2624	0	498	130	
404796	Cerebelum_6_R	0	0	0	0	0	0	0	0	0	0	0	0	0	0	0	0	0	0	0	0	0	0	0	0	0	0	0	0	0	0	0	0	0	0	0	0	0	134	0	168	0	0	0	240	0	78	1588	6194	0	86	0	192	98	1932	590	21606	0	0	0	0	0	0	0	0	0	0	0	0	0	0	0	0	0	0	0	0	0	0	0	0	0	0	0	0	0	0	0	0	0	504	8490	45152	2486	6458	530	6360	8078	27876	11004	0	1760	1968	3404	2366	2442	2396	1272	0	478	1904	13132	13070	4282	1724	2186	170	
291396	Cerebelum_7b_L	0	0	0	0	0	0	0	0	0	0	0	0	0	0	0	0	0	0	0	0	0	0	0	0	0	0	0	0	0	0	0	0	0	0	0	0	0	0	0	0	0	0	0	0	0	0	0	170	0	0	0	0	0	0	344	0	0	0	0	0	0	0	0	0	0	0	0	0	0	0	0	0	0	0	0	0	0	0	0	0	0	0	0	0	0	0	0	0	676	0	16060	2008	36286	6070	120	0	1186	226	4568	1760	0	5088	37336	6120	6658	986	1330	0	0	0	262	1770	10064	5170	1440	0	
183356	Cerebelum_7b_R	0	0	0	0	0	0	0	0	0	0	0	0	0	0	0	0	0	0	0	0	0	0	0	0	0	0	0	0	0	0	0	0	0	0	0	0	0	0	0	0	0	0	0	0	0	0	0	0	0	0	0	0	0	0	0	0	0	0	0	0	0	0	0	0	0	0	0	0	0	0	0	0	0	0	0	0	0	0	0	0	0	0	0	0	0	0	0	0	0	0	1374	8608	4412	26888	0	0	0	0	82	1968	5088	0	4572	28012	114	2694	0	200	0	0	0	160	4340	2984	182	0	
322976	Cerebelum_8_L	0	0	0	0	0	0	0	0	0	0	0	0	0	0	0	0	0	0	0	0	0	0	0	0	0	0	0	0	0	0	0	0	0	0	0	0	0	0	0	0	0	0	0	0	0	0	0	504	0	0	0	0	0	72	416	188	0	0	0	0	0	0	0	0	0	0	0	0	0	0	0	0	0	0	0	0	0	0	0	0	0	0	0	0	0	0	0	0	766	0	16898	2358	29142	4994	102	0	1200	246	6142	3404	37336	4572	0	6316	16872	1924	3988	154	0	0	308	3974	8748	7242	3538	84	
250044	Cerebelum_8_R	0	0	0	0	0	0	0	0	0	0	0	0	0	0	0	0	0	0	0	0	0	0	0	0	0	0	0	0	0	0	0	0	0	0	0	0	0	0	0	0	0	0	0	0	0	0	0	0	0	0	0	0	0	0	0	0	0	0	0	0	0	0	0	0	0	0	0	0	0	0	0	0	0	0	0	0	0	0	0	0	0	0	0	0	0	0	0	0	0	66	3512	13626	5032	29040	0	82	0	150	236	2366	6120	28012	6316	0	514	15292	0	1398	0	96	0	540	6740	4554	1216	114	
124368	Cerebelum_9_L	0	0	0	0	0	0	0	0	0	0	0	0	0	0	0	0	0	0	0	0	0	0	0	0	0	0	0	0	0	0	0	0	0	0	0	0	0	0	0	0	0	0	0	0	0	0	0	512	0	0	0	0	0	288	114	620	0	0	0	0	0	0	0	0	0	0	0	0	0	0	0	0	0	0	0	0	0	0	0	0	0	0	0	0	0	0	0	0	0	0	3182	956	4306	322	1054	0	3752	468	5084	2442	6658	114	16872	514	0	768	5066	0	0	0	2112	3140	462	914	2122	342	
109124	Cerebelum_9_R	0	0	0	0	0	0	0	0	0	0	0	0	0	0	0	0	0	0	0	0	0	0	0	0	0	0	0	0	0	0	0	0	0	0	0	0	0	0	0	0	0	0	0	0	0	0	0	0	0	0	0	0	0	0	0	0	0	0	0	0	0	0	0	0	0	0	0	0	0	0	0	0	0	0	0	0	0	0	0	0	0	0	0	0	0	0	0	0	0	0	954	2282	792	2964	0	618	328	1392	76	2396	986	2694	1924	15292	768	0	0	2270	406	688	834	3188	2728	4364	5184	1434	
41676	Cerebelum_10_L	0	0	0	0	0	0	0	0	0	0	0	0	0	0	0	0	0	0	0	0	0	0	0	0	0	0	0	0	0	0	0	0	0	0	0	0	0	0	0	0	0	0	0	0	0	0	0	214	0	0	0	0	0	64	0	168	0	0	0	0	0	0	0	0	0	0	0	0	0	0	0	0	0	0	0	0	0	0	0	0	0	0	0	0	0	0	0	0	0	0	1942	654	1284	266	0	0	378	0	2054	1272	1330	0	3988	0	5066	0	0	0	0	0	156	1626	236	0	140	0	
11312	Cerebelum_10_R	0	0	0	0	0	0	0	0	0	0	0	0	0	0	0	0	0	0	0	0	0	0	0	0	0	0	0	0	0	0	0	0	0	0	0	0	0	0	0	0	0	0	0	0	0	0	0	0	0	0	0	0	0	0	0	0	0	0	0	0	0	0	0	0	0	0	0	0	0	0	0	0	0	0	0	0	0	0	0	0	0	0	0	0	0	0	0	0	0	0	0	0	0	192	0	0	0	74	0	0	0	200	154	1398	0	2270	0	0	0	0	0	246	98	342	482	200	
22836	Vermis_1_2	0	0	0	0	0	0	0	0	0	0	0	0	0	0	0	0	0	0	0	0	0	0	0	0	0	0	0	0	0	0	0	0	0	0	0	0	0	0	0	0	0	0	0	0	0	0	92	0	0	0	0	0	0	0	0	158	0	0	0	0	0	0	0	0	0	0	0	0	0	0	0	0	0	0	0	0	0	0	0	0	0	0	0	0	0	0	0	0	0	0	0	134	0	0	984	1130	736	82	382	478	0	0	0	0	0	406	0	0	0	4880	708	514	88	162	282	202	
50712	Vermis_3	0	0	0	0	0	0	0	0	0	0	0	0	0	0	0	0	0	0	0	0	0	0	0	0	0	0	0	0	0	0	0	0	0	0	0	0	0	0	92	84	0	0	0	0	0	0	512	294	0	0	0	0	0	0	0	302	0	0	0	0	0	0	0	0	0	0	0	0	0	0	0	0	0	0	0	0	0	0	0	0	0	0	0	0	0	0	0	0	0	0	328	512	108	0	1460	4550	2072	1476	1012	1904	0	0	0	96	0	688	0	0	4880	0	2022	1414	154	312	870	214	
201236	Vermis_4_5	0	0	0	0	0	0	0	0	0	0	0	0	0	0	0	0	0	0	0	0	0	0	0	0	0	0	0	0	0	0	0	0	0	0	0	434	0	752	0	580	0	0	0	410	0	0	3182	2742	0	0	0	0	234	426	1614	2486	0	0	0	0	0	0	0	0	0	0	112	780	0	0	0	0	0	0	0	0	0	210	0	0	0	0	0	0	0	0	0	0	0	0	5476	5004	1414	0	1636	1660	16932	13730	11704	13132	262	0	308	0	2112	834	156	0	708	2022	0	6442	0	96	1208	1820	
201856	Vermis_6	0	0	0	0	0	0	0	0	0	0	0	0	0	0	0	0	0	0	0	0	0	0	0	0	0	0	0	0	0	0	0	0	0	0	0	0	0	0	0	0	0	0	0	152	0	64	1362	3302	0	74	0	74	120	466	712	2388	0	0	0	0	0	0	0	0	0	0	0	0	0	0	0	0	0	0	0	0	0	0	0	0	0	0	0	0	0	0	0	0	0	0	9580	6716	2544	2382	496	1412	4328	2994	12348	13070	1770	160	3974	540	3140	3188	1626	246	514	1414	6442	0	4858	2158	4148	2166	
188488	Vermis_7	0	0	0	0	0	0	0	0	0	0	0	0	0	0	0	0	0	0	0	0	0	0	0	0	0	0	0	0	0	0	0	0	0	0	0	0	0	0	0	0	0	0	0	0	0	0	610	392	0	0	0	0	0	0	104	278	0	0	0	0	0	0	0	0	0	0	0	0	0	0	0	0	0	0	0	0	0	0	0	0	0	0	0	0	0	0	0	0	0	0	9804	6254	11466	10806	0	142	0	686	2624	4282	10064	4340	8748	6740	462	2728	236	98	88	154	0	4858	0	4830	3290	160	
