data	data	538520	346676	772732	996728	121472	69764	433228	128656	53836	15564	198460	137756	185000	201396	113004	55980	301044	108820	603388	506460	72584	71528	250656	394200	12804	95188	36088	62116	606884	282680	312380	508472	120496	442432	360136	359732	488352	563544	219424	320952	38892	67296	465656	318884	209592	212288	525528	432504	220232	289172	701180	201244	240152	78200	634744	490688	397824	219564	168536	95448	232940	115564	164876	112820	193864	121160	505120	411284	103492	68336	245636	368608	273544	437000	39620	36676	230896	306984	202412	28760	232300	93448	57056	58900	346620	239412	32348	25868	332184	138972	592916	550692	506252	367376	64740	69836	404180	263300	576940	539352	394004	207712	473204	368412	170512	268160	29460	13600	91644	148020	374200	318064	254596	235008	216512	126844	
data	data	Precentral_L	Precentral_R	Frontal_Sup_L	Frontal_Sup_R	Frontal_Sup_Orb_L	Frontal_Sup_Orb_R	Frontal_Mid_L	Frontal_Mid_R	Frontal_Mid_Orb_L	Frontal_Mid_Orb_R	Frontal_Inf_Oper_L	Frontal_Inf_Oper_R	Frontal_Inf_Tri_L	Frontal_Inf_Tri_R	Frontal_Inf_Orb_L	Frontal_Inf_Orb_R	Rolandic_Oper_L	Rolandic_Oper_R	Supp_Motor_Area_L	Supp_Motor_Area_R	Olfactory_L	Olfactory_R	Frontal_Sup_Medial_L	Frontal_Sup_Medial_R	Frontal_Med_Orb_L	Frontal_Med_Orb_R	Rectus_L	Rectus_R	Insula_L	Insula_R	Cingulum_Ant_L	Cingulum_Ant_R	Cingulum_Mid_L	Cingulum_Mid_R	Cingulum_Post_L	Cingulum_Post_R	Hippocampus_L	Hippocampus_R	ParaHippocampal_L	ParaHippocampal_R	Amygdala_L	Amygdala_R	Calcarine_L	Calcarine_R	Cuneus_L	Cuneus_R	Lingual_L	Lingual_R	Occipital_Sup_L	Occipital_Sup_R	Occipital_Mid_L	Occipital_Mid_R	Occipital_Inf_L	Occipital_Inf_R	Fusiform_L	Fusiform_R	Postcentral_L	Postcentral_R	Parietal_Sup_L	Parietal_Sup_R	Parietal_Inf_L	Parietal_Inf_R	SupraMarginal_L	SupraMarginal_R	Angular_L	Angular_R	Precuneus_L	Precuneus_R	Paracentral_Lobule_L	Paracentral_Lobule_R	Caudate_L	Caudate_R	Putamen_L	Putamen_R	Pallidum_L	Pallidum_R	Thalamus_L	Thalamus_R	Heschl_L	Heschl_R	Temporal_Sup_L	Temporal_Sup_R	Temporal_Pole_Sup_L	Temporal_Pole_Sup_R	Temporal_Mid_L	Temporal_Mid_R	Temporal_Pole_Mid_L	Temporal_Pole_Mid_R	Temporal_Inf_L	Temporal_Inf_R	Cerebelum_Crus1_L	Cerebelum_Crus1_R	Cerebelum_Crus2_L	Cerebelum_Crus2_R	Cerebelum_3_L	Cerebelum_3_R	Cerebelum_4_5_L	Cerebelum_4_5_R	Cerebelum_6_L	Cerebelum_6_R	Cerebelum_7b_L	Cerebelum_7b_R	Cerebelum_8_L	Cerebelum_8_R	Cerebelum_9_L	Cerebelum_9_R	Cerebelum_10_L	Cerebelum_10_R	Vermis_1_2	Vermis_3	Vermis_4_5	Vermis_6	Vermis_7	Vermis_8	Vermis_9	Vermis_10	
538520	Precentral_L	0	6656	8736	8978	170	0	22120	130	0	0	9340	0	698	0	0	0	10550	140	6628	9512	0	0	934	0	0	0	0	0	12096	0	3544	1924	3510	4314	17944	8130	10034	5758	2130	1120	0	0	4520	0	828	0	3582	452	192	0	6916	0	1792	0	5308	366	25020	198	220	0	1068	0	1332	0	1242	0	8198	886	9710	394	2398	5422	3868	4900	212	1114	7210	4886	4558	144	2436	144	0	0	2456	256	0	0	1570	254	0	0	0	0	0	0	112	0	0	0	0	0	0	0	0	0	0	0	0	0	0	0	0	0	0	0	
346676	Precentral_R	6656	0	5622	27814	0	0	2200	6288	0	0	0	3840	0	374	0	0	154	1270	4176	3876	0	0	0	110	0	0	0	0	398	996	104	254	202	2264	5548	10844	4010	10760	2426	1866	0	0	510	3194	0	792	1538	1446	0	1030	0	1018	0	134	0	2052	548	12606	0	0	0	614	0	972	0	0	1694	6074	502	2342	1430	4148	142	2642	0	424	7748	14548	256	114	140	138	0	0	0	1432	0	0	0	1058	0	0	0	0	0	0	0	0	0	0	0	0	0	0	0	0	0	0	0	0	0	0	0	0	0	0	
772732	Frontal_Sup_L	8736	5622	0	17822	6256	0	45298	280	1000	0	8564	1014	11610	96	4030	0	5820	810	83724	24944	0	0	29840	1896	682	560	0	100	21760	1174	12506	5880	3288	13630	1102	670	3468	736	1244	314	0	0	108	0	0	0	196	0	0	0	0	0	0	0	1318	294	628	906	0	0	0	0	0	0	0	0	738	128	1778	0	11434	7810	16476	4016	2412	746	7292	1226	1234	0	572	0	296	0	506	0	0	0	1776	0	0	0	0	0	0	0	0	0	0	0	0	0	0	0	0	0	0	0	0	0	0	0	0	0	0	0	
996728	Frontal_Sup_R	8978	27814	17822	0	0	5230	3412	14850	0	1112	222	8500	0	24274	0	5680	2818	4008	18244	36696	0	0	7592	49684	0	5240	0	1260	3368	17930	4758	40860	944	21314	5730	7348	5370	17850	2798	8834	0	0	488	0	0	0	1678	920	0	0	130	0	0	0	404	7790	1820	472	0	0	0	0	0	0	0	0	1774	250	520	0	3018	25606	2218	27438	166	2842	7794	28402	1736	0	330	0	0	1002	0	0	0	0	0	424	0	0	0	0	0	0	0	602	0	0	0	0	0	0	0	0	0	0	0	0	0	0	0	0	0	0	
121472	Frontal_Sup_Orb_L	170	0	6256	0	0	0	2462	0	9158	0	392	0	3434	0	14738	0	278	0	758	0	486	182	3136	0	960	0	1528	142	8776	0	2886	184	0	0	0	0	0	0	0	0	0	0	0	0	0	0	0	0	0	0	0	0	0	0	0	0	0	0	0	0	0	0	0	0	0	0	0	0	0	0	202	116	4492	0	0	0	0	0	0	0	0	0	0	0	0	0	0	0	0	0	0	0	0	0	0	0	0	0	0	0	0	0	0	0	0	0	0	0	0	0	0	0	0	0	0	0	
69764	Frontal_Sup_Orb_R	0	0	0	5230	0	0	0	394	0	3276	0	0	0	1004	0	3472	0	0	102	562	0	266	0	2302	0	6680	0	5842	0	1826	0	812	0	364	0	0	0	162	0	162	0	0	0	0	0	0	0	0	0	0	0	0	0	0	0	148	0	0	0	0	0	0	0	0	0	0	0	0	0	0	0	432	0	1846	0	0	0	0	0	0	0	0	0	0	0	0	0	0	0	0	0	0	0	0	0	0	0	0	0	0	0	0	0	0	0	0	0	0	0	0	0	0	0	0	0	0	
433228	Frontal_Mid_L	22120	2200	45298	3412	2462	0	0	0	1678	0	16844	0	27910	0	4908	0	6490	92	6558	2132	0	0	9582	142	0	0	0	0	15654	0	3744	634	224	508	3818	2032	4892	1576	1666	450	0	0	656	0	0	0	984	196	0	0	500	0	134	0	922	168	506	0	0	0	0	0	0	0	0	0	1660	298	0	0	2404	1628	3798	1028	670	146	8196	2548	2164	0	470	0	0	0	162	0	0	0	350	0	0	0	0	0	0	0	0	0	0	0	0	0	0	0	0	0	0	0	0	0	0	0	0	0	0	0	
128656	Frontal_Mid_R	130	6288	280	14850	0	394	0	0	0	416	0	5224	0	11568	0	1714	0	238	270	390	0	0	314	1722	0	0	0	0	88	1232	0	690	0	276	198	228	186	3784	106	3268	0	0	0	84	0	0	0	138	0	0	0	0	0	0	0	2932	0	98	0	0	0	0	0	0	0	0	0	174	0	0	216	458	108	5224	0	310	0	610	0	0	0	0	0	122	0	0	0	0	0	0	0	0	0	0	0	0	0	0	0	0	0	0	0	0	0	0	0	0	0	0	0	0	0	0	0	0	
53836	Frontal_Mid_Orb_L	0	0	1000	0	9158	0	1678	0	0	0	0	0	1218	0	9750	0	0	0	0	0	162	0	0	0	0	0	132	0	2638	0	0	0	0	0	0	0	0	0	0	0	0	0	0	0	0	0	0	0	0	0	0	0	0	0	0	0	0	0	0	0	0	0	0	0	0	0	0	0	0	0	0	0	1182	0	0	0	0	0	0	0	0	0	0	0	0	0	0	0	0	0	0	0	0	0	0	0	0	0	0	0	0	0	0	0	0	0	0	0	0	0	0	0	0	0	0	0	
15564	Frontal_Mid_Orb_R	0	0	0	1112	0	3276	0	416	0	0	0	0	0	0	0	2256	0	0	0	0	0	0	0	0	0	150	0	390	0	0	0	0	0	0	0	0	0	0	0	0	0	0	0	0	0	0	0	0	0	0	0	0	0	0	0	0	0	0	0	0	0	0	0	0	0	0	0	0	0	0	0	0	0	182	0	0	0	0	0	0	0	0	0	0	0	0	0	0	0	0	0	0	0	0	0	0	0	0	0	0	0	0	0	0	0	0	0	0	0	0	0	0	0	0	0	0	
198460	Frontal_Inf_Oper_L	9340	0	8564	222	392	0	16844	0	0	0	0	0	14578	0	274	0	9116	0	3324	118	0	0	4674	0	0	0	0	0	14028	0	7506	266	0	0	0	0	1172	134	0	126	0	0	92	0	0	0	0	0	0	0	0	0	0	0	946	124	1754	0	0	0	0	0	0	0	0	0	92	0	0	0	354	244	1530	1092	0	0	0	0	1074	0	792	0	458	0	0	0	0	0	0	0	0	0	0	0	0	0	0	0	0	0	0	0	0	0	0	0	0	0	0	0	0	0	0	0	0	0	
137756	Frontal_Inf_Oper_R	0	3840	1014	8500	0	0	0	5224	0	0	0	0	0	6054	0	0	0	4536	1128	2474	0	0	228	4078	0	0	0	0	0	10290	218	4218	0	1642	0	90	0	2842	0	2298	0	0	0	0	0	0	0	212	0	0	0	0	0	0	0	1810	0	720	0	0	0	0	0	0	0	0	0	0	0	0	172	164	0	5492	0	178	0	0	0	122	0	0	0	1156	0	0	0	0	0	0	0	0	0	0	0	0	0	178	0	0	0	0	0	0	0	0	0	0	0	0	0	0	0	0	0	0	
185000	Frontal_Inf_Tri_L	698	0	11610	0	3434	0	27910	0	1218	0	14578	0	0	0	9386	0	128	0	1170	0	0	0	5088	0	0	0	0	0	11220	0	5522	0	0	0	0	0	0	0	0	0	0	0	0	0	0	0	0	0	0	0	0	0	0	0	0	0	0	0	0	0	0	0	0	0	0	0	0	0	0	0	0	0	384	0	0	0	0	0	0	0	0	0	154	0	0	0	0	0	0	0	0	0	0	0	0	0	0	0	0	0	0	0	0	0	0	0	0	0	0	0	0	0	0	0	0	0	
201396	Frontal_Inf_Tri_R	0	374	96	24274	0	1004	0	11568	0	0	0	6054	0	0	0	2136	0	480	252	480	0	0	2896	16006	0	496	0	232	0	10616	662	14060	0	4266	0	0	0	1088	0	950	0	0	0	0	0	0	0	0	0	0	0	0	0	0	0	804	0	0	0	0	0	0	0	0	0	0	0	0	0	0	0	0	0	1642	0	0	0	0	0	0	0	0	0	262	0	0	0	0	0	0	0	0	0	0	0	0	0	0	0	0	0	0	0	0	0	0	0	0	0	0	0	0	0	0	0	0	
113004	Frontal_Inf_Orb_L	0	0	4030	0	14738	0	4908	0	9750	0	274	0	9386	0	0	0	0	0	184	0	428	0	654	0	100	0	0	0	7150	0	452	0	0	0	0	0	152	0	268	0	178	0	0	0	0	0	0	0	0	0	0	0	0	0	0	0	0	0	0	0	0	0	0	0	0	0	0	0	0	0	0	0	3350	0	0	0	0	0	0	0	0	0	500	0	0	0	0	0	0	0	0	0	0	0	0	0	0	0	0	0	0	0	0	0	0	0	0	0	0	0	0	0	0	0	0	0	
55980	Frontal_Inf_Orb_R	0	0	0	5680	0	3472	0	1714	0	2256	0	0	0	2136	0	0	0	0	0	0	0	626	0	1432	0	92	0	824	0	5104	0	1496	0	84	0	0	0	376	0	182	0	564	0	0	0	0	0	0	0	0	0	0	0	0	0	0	0	0	0	0	0	0	0	0	0	0	0	0	0	0	0	0	0	1952	0	0	0	0	0	0	0	0	0	0	0	0	0	0	0	0	0	0	0	0	0	0	0	0	0	0	0	0	0	0	0	0	0	0	0	0	0	0	0	0	0	0	
301044	Rolandic_Oper_L	10550	154	5820	2818	278	0	6490	0	0	0	9116	0	128	0	0	0	0	126	2176	332	0	0	1236	0	0	0	0	0	34924	0	3010	154	0	0	956	186	4704	362	746	144	0	0	1758	0	86	0	708	0	0	0	1502	0	590	0	3854	102	11200	0	0	0	688	0	6002	0	456	0	2118	118	0	0	1418	400	2226	960	1358	156	4628	318	13126	0	8576	0	304	0	1278	0	0	0	2182	0	0	0	0	0	0	0	0	0	0	0	0	0	0	0	0	0	0	0	0	0	0	0	0	0	0	0	
108820	Rolandic_Oper_R	140	1270	810	4008	0	0	92	238	0	0	0	4536	0	480	0	0	126	0	968	2968	0	0	0	888	0	0	0	0	276	10532	0	992	0	1356	0	88	0	1682	0	376	0	0	0	168	0	0	0	0	0	0	0	0	0	0	0	562	0	5654	0	0	0	0	0	4294	0	0	0	328	0	0	340	122	0	3936	0	400	0	362	0	2356	0	2026	0	1580	0	278	0	0	0	178	0	0	0	0	0	0	0	0	0	0	0	0	0	0	0	0	0	0	0	0	0	0	0	0	0	0	
603388	Supp_Motor_Area_L	6628	4176	83724	18244	758	102	6558	270	0	0	3324	1128	1170	252	184	0	2176	968	0	37722	0	0	6048	4024	0	608	0	106	13098	1436	9662	9228	9040	23092	1338	472	2282	484	652	342	0	0	88	0	0	0	0	0	0	0	0	0	0	0	1176	312	564	912	0	0	0	0	0	0	0	0	1374	172	2506	0	10216	8282	15188	4388	2364	934	280	130	654	0	350	0	266	0	506	0	0	0	1736	0	0	0	0	0	0	0	0	0	0	0	0	0	0	0	0	0	0	0	0	0	0	0	0	0	0	0	
506460	Supp_Motor_Area_R	9512	3876	24944	36696	0	562	2132	390	0	0	118	2474	0	480	0	0	332	2968	37722	0	0	0	1364	9578	0	2088	0	444	670	4878	2654	15104	4248	45216	1016	7846	200	1808	0	1416	0	0	176	362	0	254	0	330	0	192	0	0	0	0	0	1358	320	710	0	0	0	0	0	0	0	0	210	1504	2630	5872	916	7746	538	8016	0	200	0	0	282	0	0	0	0	646	0	0	0	0	0	148	0	0	0	0	0	0	0	84	0	0	0	0	0	0	0	0	0	0	0	0	0	0	0	0	0	0	
72584	Olfactory_L	0	0	0	0	486	0	0	0	162	0	0	0	0	0	428	0	0	0	0	0	0	6978	0	0	90	106	3128	1960	1008	0	4578	3120	0	0	0	0	188	0	728	0	672	0	0	0	0	0	0	0	0	0	0	0	0	0	160	0	0	0	0	0	0	0	0	0	0	0	0	0	0	0	6086	3098	2454	298	176	0	0	0	0	0	0	0	388	0	0	0	0	0	0	0	0	0	0	0	0	0	0	0	0	0	0	0	0	0	0	0	0	0	0	0	0	0	0	0	0	0	
71528	Olfactory_R	0	0	0	0	182	266	0	0	0	0	0	0	0	0	0	626	0	0	0	0	6978	0	0	0	0	170	3030	2446	0	1966	4072	2600	0	0	0	0	0	262	0	310	0	1420	0	0	0	0	0	0	0	0	0	0	0	0	0	0	0	0	0	0	0	0	0	0	0	0	0	0	0	0	5548	3028	2272	334	146	0	0	0	0	0	0	0	0	108	0	0	0	0	0	0	0	0	0	0	0	0	0	0	0	0	0	0	0	0	0	0	0	0	0	0	0	0	0	0	0	0	
250656	Frontal_Sup_Medial_L	934	0	29840	7592	3136	0	9582	314	0	0	4674	228	5088	2896	654	0	1236	0	6048	1364	0	0	0	11038	974	0	0	0	8504	244	15862	5334	1700	4580	0	0	0	0	0	0	0	0	0	0	0	0	0	0	0	0	0	0	0	0	0	0	202	0	0	0	0	0	0	0	0	0	0	0	0	0	724	366	1770	224	0	0	0	0	102	0	118	0	0	0	0	0	0	0	0	0	0	0	0	0	0	0	0	0	0	0	0	0	0	0	0	0	0	0	0	0	0	0	0	0	0	0	
394200	Frontal_Sup_Medial_R	0	110	1896	49684	0	2302	142	1722	0	0	0	4078	0	16006	0	1432	0	888	4024	9578	0	0	11038	0	0	5500	0	966	196	10148	3580	35914	240	17340	0	0	0	3084	0	2640	0	0	0	0	0	0	0	390	0	0	0	0	0	0	0	2160	0	0	0	0	0	0	0	0	0	0	0	0	0	0	856	4840	160	5604	0	0	0	0	0	0	0	0	0	198	0	0	0	0	0	0	0	0	0	0	0	0	0	384	0	0	0	0	0	0	0	0	0	0	0	0	0	0	0	0	0	0	
12804	Frontal_Med_Orb_L	0	0	682	0	960	0	0	0	0	0	0	0	0	0	100	0	0	0	0	0	90	0	974	0	0	498	578	0	0	0	1324	228	0	0	0	0	0	0	0	0	0	0	0	0	0	0	0	0	0	0	0	0	0	0	0	0	0	0	0	0	0	0	0	0	0	0	0	0	0	0	0	0	968	0	0	0	0	0	0	0	0	0	0	0	0	0	0	0	0	0	0	0	0	0	0	0	0	0	0	0	0	0	0	0	0	0	0	0	0	0	0	0	0	0	0	0	
95188	Frontal_Med_Orb_R	0	0	560	5240	0	6680	0	0	0	150	0	0	0	496	0	92	0	0	608	2088	106	170	0	5500	498	0	328	5908	0	532	686	3826	0	1444	0	0	0	518	0	496	0	0	0	0	0	0	0	106	0	0	0	0	0	0	0	470	0	0	0	0	0	0	0	0	0	0	0	0	0	0	206	5434	0	5348	0	0	0	0	0	0	0	0	0	0	0	0	0	0	0	0	0	0	0	0	0	0	0	104	0	0	0	0	0	0	0	0	0	0	0	0	0	0	0	0	0	0	
36088	Rectus_L	0	0	0	0	1528	0	0	0	132	0	0	0	0	0	0	0	0	0	0	0	3128	3030	0	0	578	328	0	1754	0	0	2102	1758	0	0	0	0	0	0	0	0	0	0	0	0	0	0	0	0	0	0	0	0	0	0	0	0	0	0	0	0	0	0	0	0	0	0	0	0	0	0	2108	818	780	0	0	0	0	0	0	0	0	0	0	0	0	0	0	0	0	0	0	0	0	0	0	0	0	0	0	0	0	0	0	0	0	0	0	0	0	0	0	0	0	0	0	0	
62116	Rectus_R	0	0	100	1260	142	5842	0	0	0	390	0	0	0	232	0	824	0	0	106	444	1960	2446	0	966	0	5908	1754	0	0	794	1560	2106	0	274	0	0	0	90	0	88	0	108	0	0	0	0	0	0	0	0	0	0	0	0	0	88	0	0	0	0	0	0	0	0	0	0	0	0	0	0	1070	1408	308	790	0	0	0	0	0	0	0	0	0	0	0	0	0	0	0	0	0	0	0	0	0	0	0	0	0	0	0	0	0	0	0	0	0	0	0	0	0	0	0	0	0	0	
606884	Insula_L	12096	398	21760	3368	8776	0	15654	88	2638	0	14028	0	11220	0	7150	0	34924	276	13098	670	1008	0	8504	196	0	0	0	0	0	130	14012	370	0	0	1602	268	18990	698	2752	370	1502	0	3364	0	110	0	1698	0	0	0	1792	0	818	0	14224	304	3438	144	0	0	618	0	2506	0	424	0	3938	170	0	0	2006	910	14784	1484	2100	272	4964	432	17560	0	9726	0	2802	0	3320	0	214	0	9994	0	452	0	138	0	0	0	574	0	1420	0	110	0	86	0	0	0	0	0	0	0	0	0	0	0	0	0	
282680	Insula_R	0	996	1174	17930	0	1826	0	1232	0	0	0	10290	0	10616	0	5104	0	10532	1436	4878	0	1966	244	10148	0	532	0	794	130	0	236	10322	0	3080	390	438	324	7318	234	2414	0	3236	0	84	0	0	0	214	0	0	0	0	0	0	0	1830	0	854	0	0	0	0	0	0	0	0	96	322	0	0	320	336	0	18564	0	0	0	2070	0	1998	0	3110	0	1840	0	924	0	0	0	770	0	0	0	0	0	0	0	188	0	0	0	0	0	0	0	0	0	0	0	0	0	0	0	0	0	0	
312380	Cingulum_Ant_L	3544	104	12506	4758	2886	0	3744	0	0	0	7506	218	5522	662	452	0	3010	0	9662	2654	4578	4072	15862	3580	1324	686	2102	1560	14012	236	0	13618	4606	3752	106	0	94	460	0	368	0	0	0	0	0	0	0	0	0	0	0	0	0	0	0	342	480	0	0	0	0	0	0	0	0	0	0	0	0	0	7606	5260	10014	3656	0	0	0	0	262	0	224	0	102	0	0	0	0	0	0	0	0	0	0	0	0	0	0	0	0	0	0	0	0	0	0	0	0	0	0	0	0	0	0	0	0	0	
508472	Cingulum_Ant_R	1924	254	5880	40860	184	812	634	690	0	0	266	4218	0	14060	0	1496	154	992	9228	15104	3120	2600	5334	35914	228	3826	1758	2106	370	10322	13618	0	1230	23734	0	0	162	3152	0	2602	198	0	0	0	0	0	0	308	0	0	0	0	0	0	0	2126	0	0	0	0	0	0	0	0	0	0	0	0	0	0	5746	20340	2584	14308	0	0	1158	118	0	0	0	0	0	230	0	0	0	0	0	0	0	0	0	0	0	0	0	288	0	0	0	0	0	0	0	0	0	0	0	0	0	0	0	0	0	0	
120496	Cingulum_Mid_L	3510	202	3288	944	0	0	224	0	0	0	0	0	0	0	0	0	0	0	9040	4248	0	0	1700	240	0	0	0	0	0	0	4606	1230	0	10338	4220	1652	0	0	0	0	0	0	574	0	300	102	360	0	0	0	344	0	0	0	0	0	410	380	436	86	0	0	0	0	0	0	6494	2188	2854	278	0	0	0	0	0	0	0	0	0	0	0	0	0	0	0	0	0	0	0	0	0	0	0	0	0	0	0	0	0	0	0	0	0	0	0	0	0	0	0	0	0	0	0	0	0	0	
442432	Cingulum_Mid_R	4314	2264	13630	21314	0	364	508	276	0	0	0	1642	0	4266	0	84	0	1356	23092	45216	0	0	4580	17340	0	1444	0	274	0	3080	3752	23734	10338	0	1318	10026	0	446	0	364	0	0	122	954	0	380	0	572	0	314	0	0	0	0	0	334	182	1498	0	172	0	0	0	0	0	0	952	6460	2104	6166	376	3164	182	1704	0	0	0	0	0	0	0	0	0	558	0	0	0	0	0	0	0	0	0	0	0	0	0	0	0	0	0	0	0	0	0	0	0	0	0	0	0	0	0	0	0	0	
360136	Cingulum_Post_L	17944	5548	1102	5730	0	0	3818	198	0	0	0	0	0	0	0	0	956	0	1338	1016	0	0	0	0	0	0	0	0	1602	390	106	0	4220	1318	0	18270	19278	12646	7798	1578	0	0	7528	114	4288	178	6834	932	90	0	1776	0	432	0	1546	474	3402	116	0	0	0	0	84	0	0	0	20270	2732	4770	116	350	352	0	116	0	0	3784	6726	4574	198	1692	104	0	0	652	196	0	0	464	322	0	0	0	0	0	0	0	0	0	0	0	0	0	0	0	0	0	0	0	0	0	0	0	0	0	0	
359732	Cingulum_Post_R	8130	10844	670	7348	0	0	2032	228	0	0	0	90	0	0	0	0	186	88	472	7846	0	0	0	0	0	0	0	0	268	438	0	0	1652	10026	18270	0	10316	18368	6024	4146	0	0	596	6334	0	1126	2258	9270	0	918	0	282	0	336	226	2062	1092	1178	0	0	0	0	0	352	0	0	3894	16360	484	4416	360	482	0	120	0	0	5514	8974	676	260	710	174	0	0	0	440	0	0	0	1896	0	0	0	0	0	0	0	0	0	0	0	0	0	0	0	0	0	0	0	0	1634	0	0	0	0	0	
488352	Hippocampus_L	10034	4010	3468	5370	0	0	4892	186	0	0	1172	0	0	0	152	0	4704	0	2282	200	188	0	0	0	0	0	0	0	18990	324	94	162	0	0	19278	10316	0	10044	25694	1144	7808	0	5990	0	150	0	11658	906	0	0	306	0	106	0	24906	244	3378	0	0	0	152	0	460	0	120	0	13016	1004	0	0	496	472	8194	232	0	0	4348	4966	8704	160	4792	0	2136	0	1494	146	262	0	10828	270	634	0	120	0	208	0	958	0	1764	0	84	0	0	0	0	0	0	0	0	0	0	0	0	0	0	0	
563544	Hippocampus_R	5758	10760	736	17850	0	162	1576	3784	0	0	134	2842	0	1088	0	376	362	1682	484	1808	0	262	0	3084	0	518	0	90	698	7318	460	3152	0	446	12646	18368	10044	0	5824	38226	0	10920	230	1532	0	0	2116	8542	0	0	0	0	0	0	244	35166	1318	1226	0	0	0	0	0	396	0	0	2404	7298	0	0	348	1012	182	23202	0	654	4848	12698	768	906	692	1250	0	1902	0	1650	0	268	0	6190	0	0	0	0	0	0	0	1948	0	178	0	0	0	0	0	0	0	0	0	0	1146	0	0	0	0	0	
219424	ParaHippocampal_L	2130	2426	1244	2798	0	0	1666	106	0	0	0	0	0	0	268	0	746	0	652	0	728	0	0	0	0	0	0	0	2752	234	0	0	0	0	7798	6024	25694	5824	0	454	1932	0	2304	0	184	0	8048	406	0	0	394	0	136	0	10794	104	930	0	0	0	128	0	206	0	0	0	4562	198	0	0	0	212	2868	0	0	0	1272	1400	1732	98	314	0	726	0	134	0	0	0	1930	122	1454	0	344	0	276	0	2050	0	1926	0	178	0	696	0	110	0	0	0	0	0	0	0	0	0	0	0	
320952	ParaHippocampal_R	1120	1866	314	8834	0	162	450	3268	0	0	126	2298	0	950	0	182	144	376	342	1416	0	310	0	2640	0	496	0	88	370	2414	368	2602	0	364	1578	4146	1144	38226	454	0	0	5294	0	1074	0	0	296	10926	0	0	0	0	0	0	96	29446	112	160	0	0	0	0	0	0	0	0	150	4638	0	0	114	426	122	16680	0	636	722	3900	228	148	0	190	0	1280	0	330	0	566	0	2308	0	0	0	0	0	124	0	2612	0	198	0	0	0	0	0	0	0	0	0	0	652	0	0	0	0	0	
38892	Amygdala_L	0	0	0	0	0	0	0	0	0	0	0	0	0	0	178	0	0	0	0	0	672	0	0	0	0	0	0	0	1502	0	0	198	0	0	0	0	7808	0	1932	0	0	0	0	0	0	0	0	0	0	0	0	0	0	0	4568	0	0	0	0	0	0	0	0	0	0	0	0	0	0	0	0	198	86	0	0	0	0	0	0	0	0	0	856	0	0	0	0	0	1448	0	0	0	0	0	0	0	0	0	0	0	0	0	0	0	0	0	0	0	0	0	0	0	0	0	0	0	
67296	Amygdala_R	0	0	0	0	0	0	0	0	0	0	0	0	0	0	0	564	0	0	0	0	0	1420	0	0	0	0	0	108	0	3236	0	0	0	0	0	0	0	10920	0	5294	0	0	0	0	0	0	0	0	0	0	0	0	0	0	0	6850	0	0	0	0	0	0	0	0	0	0	0	0	0	0	0	0	0	1496	0	0	0	0	0	0	0	0	0	2944	0	0	0	476	0	340	0	0	0	0	0	0	0	0	0	0	0	0	0	0	0	0	0	0	0	0	0	0	0	0	0	0	
465656	Calcarine_L	4520	510	108	488	0	0	656	0	0	0	92	0	0	0	0	0	1758	0	88	176	0	0	0	0	0	0	0	0	3364	0	0	0	574	122	7528	596	5990	230	2304	0	0	0	0	9982	13504	5064	35374	4612	13704	4782	34832	1250	8546	430	8248	128	10054	258	2050	0	498	0	850	0	826	0	33166	2574	3776	126	0	0	0	0	0	0	390	342	2516	0	978	0	0	0	2602	0	0	0	2146	0	0	0	0	0	0	0	0	0	116	0	0	0	0	0	0	0	0	0	0	0	0	0	0	0	0	0	
318884	Calcarine_R	0	3194	0	0	0	0	0	84	0	0	0	0	0	0	0	0	0	168	0	362	0	0	0	0	0	0	0	0	0	84	0	0	0	954	114	6334	0	1532	0	1074	0	0	9982	0	2670	18414	4234	30760	168	19054	0	9862	0	6390	0	6590	0	2500	0	0	0	100	0	790	0	0	1002	26448	0	1066	0	244	0	0	0	0	0	0	0	0	0	0	0	0	0	2700	0	0	0	1142	0	0	0	0	0	0	0	0	220	466	0	0	0	0	0	0	0	0	0	0	296	444	0	0	0	0	
209592	Cuneus_L	828	0	0	0	0	0	0	0	0	0	0	0	0	0	0	0	86	0	0	0	0	0	0	0	0	0	0	0	110	0	0	0	300	0	4288	0	150	0	184	0	0	0	13504	2670	0	5128	3700	298	21336	3186	13898	200	1384	98	1500	0	3540	0	6552	0	316	0	94	0	204	0	17016	1520	1320	0	0	0	0	0	0	0	0	0	108	0	0	0	0	0	852	0	0	0	426	0	0	0	0	0	0	0	0	0	0	0	0	0	0	0	0	0	0	0	0	0	0	0	0	0	0	0	
212288	Cuneus_R	0	792	0	0	0	0	0	0	0	0	0	0	0	0	0	0	0	0	0	254	0	0	0	0	0	0	0	0	0	0	0	0	102	380	178	1126	0	0	0	0	0	0	5064	18414	5128	0	140	2046	350	30298	0	8408	0	2238	0	270	0	1672	0	1794	0	0	0	118	0	454	1948	19858	0	354	0	0	0	0	0	0	0	0	0	0	0	190	0	0	0	4356	0	0	0	212	0	0	0	0	0	0	0	0	0	0	0	0	0	0	0	0	0	0	0	0	0	0	0	0	0	0	
525528	Lingual_L	3582	1538	196	1678	0	0	984	0	0	0	0	0	0	0	0	0	708	0	0	0	0	0	0	0	0	0	0	0	1698	0	0	0	360	0	6834	2258	11658	2116	8048	296	0	0	35374	4234	3700	140	0	5790	4560	932	28932	838	15424	344	30434	720	6086	0	740	0	306	0	474	0	458	0	21638	114	2694	0	0	0	148	0	0	0	2002	1594	2432	0	734	0	0	0	1700	0	0	0	1196	0	7446	1268	344	0	0	0	11294	358	15306	1502	188	0	196	0	162	206	0	0	0	98	4310	3404	560	0	200	230	
432504	Lingual_R	452	1446	0	920	0	0	196	138	0	0	0	212	0	0	0	0	0	0	0	330	0	0	0	390	0	106	0	0	0	214	0	308	0	572	932	9270	906	8542	406	10926	0	0	4612	30760	298	2046	5790	0	0	4502	0	3048	0	3814	544	25662	88	1402	0	0	0	0	0	502	0	0	278	18496	0	718	0	362	0	1196	0	180	308	1988	176	0	0	0	0	0	0	526	0	0	0	804	2634	11030	858	152	0	726	1610	10428	4574	13098	0	0	0	0	294	764	0	0	262	382	9096	12336	1396	616	824	806	
220232	Occipital_Sup_L	192	0	0	0	0	0	0	0	0	0	0	0	0	0	0	0	0	0	0	0	0	0	0	0	0	0	0	0	0	0	0	0	0	0	90	0	0	0	0	0	0	0	13704	168	21336	350	4560	0	0	0	32960	0	2416	0	1778	0	860	0	13938	0	4578	0	102	0	618	0	11906	0	178	0	0	0	0	0	0	0	0	0	0	0	0	0	0	0	214	0	0	0	168	0	0	0	0	0	0	0	0	0	0	0	0	0	0	0	0	0	0	0	0	0	0	0	0	0	0	0	
289172	Occipital_Sup_R	0	1030	0	0	0	0	0	0	0	0	0	0	0	0	0	0	0	0	0	192	0	0	0	0	0	0	0	0	0	0	0	0	0	314	0	918	0	0	0	0	0	0	4782	19054	3186	30298	932	4502	0	0	0	26096	0	3770	0	766	0	5898	0	6324	0	3392	0	202	0	4900	876	19108	0	378	0	0	0	0	0	0	0	0	0	0	0	274	0	0	0	7224	0	0	0	170	0	0	0	0	0	0	0	0	0	0	0	0	0	0	0	0	0	0	0	0	0	0	0	0	0	0	
701180	Occipital_Mid_L	6916	0	0	130	0	0	500	0	0	0	0	0	0	0	0	0	1502	0	0	0	0	0	0	0	0	0	0	0	1792	0	0	0	344	0	1776	0	306	0	394	0	0	0	34832	0	13898	0	28932	0	32960	0	0	0	34974	0	21848	0	22568	0	16698	0	22310	0	9144	0	29362	0	23908	0	3580	0	0	0	0	0	0	0	0	0	1728	0	1764	0	0	0	26640	0	0	0	11500	0	0	0	0	0	0	0	0	0	284	0	0	0	0	0	0	0	0	0	0	0	0	0	0	0	0	0	
201244	Occipital_Mid_R	0	1018	0	0	0	0	0	0	0	0	0	0	0	0	0	0	0	0	0	0	0	0	0	0	0	0	0	0	0	0	0	0	0	0	0	282	0	0	0	0	0	0	1250	9862	200	8408	838	3048	0	26096	0	0	0	5586	0	1434	0	1322	0	1180	0	1986	0	552	0	8494	0	6602	0	0	0	0	0	0	0	0	0	0	0	0	0	642	0	0	0	21080	0	0	0	742	0	0	0	0	0	0	0	0	0	0	0	0	0	0	0	0	0	0	0	0	0	0	0	0	0	0	
240152	Occipital_Inf_L	1792	0	0	0	0	0	134	0	0	0	0	0	0	0	0	0	590	0	0	0	0	0	0	0	0	0	0	0	818	0	0	0	0	0	432	0	106	0	136	0	0	0	8546	0	1384	0	15424	0	2416	0	34974	0	0	0	25550	0	2170	0	272	0	198	0	842	0	842	0	2656	0	430	0	0	0	0	0	0	0	0	0	1000	0	696	0	0	0	6538	0	0	0	9594	0	202	0	0	0	0	0	752	0	1130	0	0	0	0	0	0	0	0	0	0	0	452	0	0	0	0	0	
78200	Occipital_Inf_R	0	134	0	0	0	0	0	0	0	0	0	0	0	0	0	0	0	0	0	0	0	0	0	0	0	0	0	0	0	0	0	0	0	0	0	336	0	0	0	0	0	0	430	6390	98	2238	344	3814	0	3770	0	5586	0	0	0	4142	0	202	0	0	0	0	0	0	0	0	90	1320	0	0	0	0	0	0	0	0	0	0	0	0	0	0	0	0	0	1806	0	0	0	4040	122	240	0	0	0	0	0	276	428	1242	0	0	0	0	0	96	0	0	0	0	322	1312	0	102	108	112	
634744	Fusiform_L	5308	0	1318	404	0	0	922	0	0	0	946	0	0	0	0	0	3854	0	1176	0	160	0	0	0	0	0	0	0	14224	0	0	0	0	0	1546	226	24906	244	10794	96	4568	0	8248	0	1500	0	30434	544	1778	0	21848	0	25550	0	0	156	4126	0	430	0	328	0	1224	0	776	0	4578	0	480	0	100	0	3572	0	0	0	212	138	4634	0	7850	0	1918	0	8562	0	824	0	26728	0	25672	472	1992	0	488	0	16176	306	34174	668	1240	0	2430	0	1108	106	94	0	128	242	3246	1026	240	122	126	86	
490688	Fusiform_R	366	2052	294	7790	0	148	168	2932	0	0	124	1810	0	804	0	0	102	562	312	1358	0	0	0	2160	0	470	0	88	304	1830	342	2126	0	334	474	2062	244	35166	104	29446	0	6850	128	6590	0	270	720	25662	0	766	0	1434	0	4142	156	0	0	528	0	0	0	0	0	86	0	0	0	3122	0	120	108	296	106	14918	0	332	234	1718	0	276	0	1230	0	3490	0	1128	0	1632	0	10214	448	17336	136	178	0	134	828	11470	1082	19434	0	0	0	160	154	550	0	0	242	358	6778	4000	330	392	576	530	
397824	Postcentral_L	25020	548	628	1820	0	0	506	0	0	0	1754	0	0	0	0	0	11200	0	564	320	0	0	202	0	0	0	0	0	3438	0	480	0	410	182	3402	1092	3378	1318	930	112	0	0	10054	0	3540	0	6086	88	860	0	22568	0	2170	0	4126	0	0	0	10218	0	22442	0	11840	0	7644	0	13900	202	3154	0	136	274	442	260	0	130	762	1036	3462	0	5068	0	0	0	6328	0	0	0	4724	0	0	0	0	0	0	0	94	0	0	0	0	0	0	0	0	0	0	0	0	0	0	0	0	0	0	0	
219564	Postcentral_R	198	12606	906	472	0	0	0	98	0	0	0	720	0	0	0	0	0	5654	912	710	0	0	0	0	0	0	0	0	144	854	0	0	380	1498	116	1178	0	1226	0	160	0	0	258	2500	0	1672	0	1402	0	5898	0	1322	0	202	0	528	0	0	0	9064	0	7232	0	15434	0	2364	448	17534	0	3990	362	104	0	674	0	114	0	166	0	180	0	1356	0	0	0	6310	0	0	0	2836	0	0	0	0	0	0	0	0	0	0	0	0	0	0	0	0	0	0	0	0	0	0	0	0	0	0	
168536	Parietal_Sup_L	220	0	0	0	0	0	0	0	0	0	0	0	0	0	0	0	0	0	0	0	0	0	0	0	0	0	0	0	0	0	0	0	436	0	0	0	0	0	0	0	0	0	2050	0	6552	0	740	0	13938	0	16698	0	272	0	430	0	10218	0	0	0	12380	0	248	0	4926	0	14340	0	0	0	0	0	0	0	0	0	0	0	0	0	0	0	0	0	480	0	0	0	340	0	0	0	0	0	0	0	0	0	0	0	0	0	0	0	0	0	0	0	0	0	0	0	0	0	0	0	
95448	Parietal_Sup_R	0	0	0	0	0	0	0	0	0	0	0	0	0	0	0	0	0	0	0	0	0	0	0	0	0	0	0	0	0	0	0	0	86	172	0	0	0	0	0	0	0	0	0	0	0	1794	0	0	0	6324	0	1180	0	0	0	0	0	9064	0	0	0	10574	0	430	0	8864	294	6568	0	1622	0	0	0	0	0	0	0	0	0	0	0	0	0	0	0	516	0	0	0	236	0	0	0	0	0	0	0	0	0	0	0	0	0	0	0	0	0	0	0	0	0	0	0	0	0	0	
232940	Parietal_Inf_L	1068	0	0	0	0	0	0	0	0	0	0	0	0	0	0	0	688	0	0	0	0	0	0	0	0	0	0	0	618	0	0	0	0	0	0	0	152	0	128	0	0	0	498	0	316	0	306	0	4578	0	22310	0	198	0	328	0	22442	0	12380	0	0	0	13630	0	21240	0	1492	0	0	0	0	0	0	0	0	0	0	0	466	0	2490	0	0	0	8488	0	0	0	2654	0	0	0	0	0	0	0	0	0	0	0	0	0	0	0	0	0	0	0	0	0	0	0	0	0	0	0	
115564	Parietal_Inf_R	0	614	0	0	0	0	0	0	0	0	0	0	0	0	0	0	0	0	0	0	0	0	0	0	0	0	0	0	0	0	0	0	0	0	0	0	0	0	0	0	0	0	0	100	0	0	0	0	0	3392	0	1986	0	0	0	0	0	7232	0	10574	0	0	0	11160	0	17086	0	212	0	0	0	0	0	0	0	0	0	0	0	0	0	896	0	0	0	3886	0	0	0	644	0	0	0	0	0	0	0	0	0	0	0	0	0	0	0	0	0	0	0	0	0	0	0	0	0	0	
164876	SupraMarginal_L	1332	0	0	0	0	0	0	0	0	0	0	0	0	0	0	0	6002	0	0	0	0	0	0	0	0	0	0	0	2506	0	0	0	0	0	84	0	460	0	206	0	0	0	850	0	94	0	474	0	102	0	9144	0	842	0	1224	0	11840	0	248	0	13630	0	0	0	11328	0	832	0	136	0	0	0	0	0	0	0	0	0	1592	0	7600	0	0	0	10138	0	0	0	1774	0	0	0	0	0	0	0	0	0	0	0	0	0	0	0	0	0	0	0	0	0	0	0	0	0	0	0	
112820	SupraMarginal_R	0	972	0	0	0	0	0	0	0	0	0	0	0	0	0	0	0	4294	0	0	0	0	0	0	0	0	0	0	0	0	0	0	0	0	0	352	0	396	0	0	0	0	0	790	0	118	0	502	0	202	0	552	0	0	0	86	0	15434	0	430	0	11160	0	0	0	4254	0	1176	0	0	0	0	0	0	0	0	0	0	0	376	0	5138	0	0	0	8732	0	0	0	1446	0	0	0	0	0	0	0	0	0	0	0	0	0	0	0	0	0	0	0	0	0	0	0	0	0	0	
193864	Angular_L	1242	0	0	0	0	0	0	0	0	0	0	0	0	0	0	0	456	0	0	0	0	0	0	0	0	0	0	0	424	0	0	0	0	0	0	0	120	0	0	0	0	0	826	0	204	0	458	0	618	0	29362	0	842	0	776	0	7644	0	4926	0	21240	0	11328	0	0	0	940	0	144	0	0	0	0	0	0	0	0	0	322	0	1412	0	0	0	11756	0	0	0	1892	0	0	0	0	0	0	0	0	0	0	0	0	0	0	0	0	0	0	0	0	0	0	0	0	0	0	0	
121160	Angular_R	0	0	0	0	0	0	0	0	0	0	0	0	0	0	0	0	0	0	0	0	0	0	0	0	0	0	0	0	0	0	0	0	0	0	0	0	0	0	0	0	0	0	0	0	0	454	0	0	0	4900	0	8494	0	0	0	0	0	2364	0	8864	0	17086	0	4254	0	0	0	574	0	0	0	0	0	0	0	0	0	0	0	0	0	4564	0	0	0	9026	0	0	0	0	0	0	0	0	0	0	0	0	0	0	0	0	0	0	0	0	0	0	0	0	0	0	0	0	0	0	
505120	Precuneus_L	8198	1694	738	1774	0	0	1660	0	0	0	92	0	0	0	0	0	2118	0	1374	210	0	0	0	0	0	0	0	0	3938	96	0	0	6494	952	20270	3894	13016	2404	4562	150	0	0	33166	1002	17016	1948	21638	278	11906	876	23908	0	2656	90	4578	0	13900	448	14340	294	1492	0	832	0	940	0	0	8056	7004	216	92	172	0	102	0	0	1444	1108	4220	0	1296	0	0	0	2570	0	0	0	1338	0	0	0	0	0	0	0	0	0	0	0	0	0	0	0	0	0	0	0	0	0	0	0	0	0	0	0	
411284	Precuneus_R	886	6074	128	250	0	0	298	174	0	0	0	0	0	0	0	0	118	328	172	1504	0	0	0	0	0	0	0	0	170	322	0	0	2188	6460	2732	16360	1004	7298	198	4638	0	0	2574	26448	1520	19858	114	18496	0	19108	0	6602	0	1320	0	3122	202	17534	0	6568	0	212	0	1176	0	574	8056	0	140	5748	0	676	0	114	0	0	320	2216	312	190	94	510	0	0	0	6674	0	0	0	1926	0	0	0	0	0	0	0	160	0	0	0	0	0	0	0	0	0	0	0	0	1776	0	0	0	0	0	
103492	Paracentral_Lobule_L	9710	502	1778	520	0	0	0	0	0	0	0	0	0	0	0	0	0	0	2506	2630	0	0	0	0	0	0	0	0	0	0	0	0	2854	2104	4770	484	0	0	0	0	0	0	3776	0	1320	0	2694	0	178	0	3580	0	430	0	480	0	3154	0	0	0	0	0	136	0	144	0	7004	140	0	246	0	110	0	0	0	0	0	0	0	0	0	0	0	0	398	0	0	0	98	0	0	0	0	0	0	0	0	0	0	0	0	0	0	0	0	0	0	0	0	0	0	0	0	0	0	0	
68336	Paracentral_Lobule_R	394	2342	0	0	0	0	0	0	0	0	0	0	0	0	0	0	0	0	0	5872	0	0	0	0	0	0	0	0	0	0	0	0	278	6166	116	4416	0	0	0	0	0	0	126	1066	0	354	0	718	0	378	0	0	0	0	0	120	0	3990	0	1622	0	0	0	0	0	0	216	5748	246	0	0	0	0	0	0	0	0	0	0	0	0	0	0	0	0	0	0	0	0	0	0	0	0	0	0	0	0	0	0	0	0	0	0	0	0	0	0	0	0	0	0	0	0	0	0	0	
245636	Caudate_L	2398	1430	11434	3018	202	0	2404	216	0	0	354	172	0	0	0	0	1418	340	10216	916	6086	5548	724	856	0	206	2108	1070	2006	320	7606	5746	0	376	350	360	496	348	0	114	0	0	0	0	0	0	0	0	0	0	0	0	0	0	100	108	136	362	0	0	0	0	0	0	0	0	92	0	0	0	0	14140	14306	2562	2058	88	13914	5508	606	0	0	0	0	0	0	0	0	0	0	0	0	0	0	0	0	0	0	0	0	0	0	0	0	0	0	0	0	0	0	0	0	0	0	0	0	0	
368608	Caudate_R	5422	4148	7810	25606	116	432	1628	458	0	0	244	164	0	0	0	0	400	122	8282	7746	3098	3028	366	4840	0	5434	818	1408	910	336	5260	20340	0	3164	352	482	472	1012	212	426	198	0	0	244	0	0	0	362	0	0	0	0	0	0	0	296	274	104	0	0	0	0	0	0	0	0	172	676	110	0	14140	0	4938	19808	112	4956	4202	18666	298	0	0	0	0	0	0	0	0	0	0	212	0	0	0	0	0	0	0	0	0	0	0	0	0	0	0	0	0	0	0	0	0	0	0	0	0	0	
273544	Putamen_L	3868	142	16476	2218	4492	0	3798	108	1182	0	1530	0	384	0	3350	0	2226	0	15188	538	2454	2272	1770	160	968	0	780	308	14784	0	10014	2584	0	182	0	0	8194	182	2868	122	86	0	0	0	0	0	148	0	0	0	0	0	0	0	3572	106	442	0	0	0	0	0	0	0	0	0	0	0	0	0	14306	4938	0	1892	5438	0	672	0	804	0	224	0	474	0	0	0	0	0	528	0	0	0	0	0	0	0	0	0	0	0	0	0	0	0	0	0	0	0	0	0	0	0	0	0	0	0	
437000	Putamen_R	4900	2642	4016	27438	0	1846	1028	5224	0	182	1092	5492	0	1642	0	1952	960	3936	4388	8016	298	334	224	5604	0	5348	0	790	1484	18564	3656	14308	0	1704	116	120	232	23202	0	16680	0	1496	0	0	0	0	0	1196	0	0	0	0	0	0	0	14918	260	674	0	0	0	0	0	0	0	0	102	114	0	0	2562	19808	1892	0	0	2782	280	1794	426	388	0	456	0	110	0	0	0	0	0	720	0	0	0	0	0	0	0	1104	0	0	0	0	0	0	0	0	0	0	0	0	0	0	0	0	0	0	
39620	Pallidum_L	212	0	2412	166	0	0	670	0	0	0	0	0	0	0	0	0	1358	0	2364	0	176	146	0	0	0	0	0	0	2100	0	0	0	0	0	0	0	0	0	0	0	0	0	0	0	0	0	0	0	0	0	0	0	0	0	0	0	0	0	0	0	0	0	0	0	0	0	0	0	0	0	2058	112	5438	0	0	0	1250	0	1348	0	0	0	0	0	0	0	0	0	0	0	0	0	0	0	0	0	0	0	0	0	0	0	0	0	0	0	0	0	0	0	0	0	0	0	0	0	
36676	Pallidum_R	1114	424	746	2842	0	0	146	310	0	0	0	178	0	0	0	0	156	400	934	200	0	0	0	0	0	0	0	0	272	0	0	0	0	0	0	0	0	654	0	636	0	0	0	0	0	0	0	180	0	0	0	0	0	0	0	332	130	114	0	0	0	0	0	0	0	0	0	0	0	0	88	4956	0	2782	0	0	0	404	176	0	0	0	0	0	0	0	0	0	0	0	0	0	0	0	0	0	0	164	0	0	0	0	0	0	0	0	0	0	0	0	0	0	0	0	0	0	
230896	Thalamus_L	7210	7748	7292	7794	0	0	8196	0	0	0	0	0	0	0	0	0	4628	0	280	0	0	0	0	0	0	0	0	0	4964	0	0	1158	0	0	3784	5514	4348	4848	1272	722	0	0	390	0	0	0	2002	308	0	0	0	0	0	0	212	234	762	0	0	0	0	0	0	0	0	0	1444	320	0	0	13914	4202	672	280	1250	0	0	18586	1114	0	0	0	0	0	0	0	0	0	0	0	0	0	0	0	0	0	0	0	0	0	0	0	0	0	0	0	0	0	0	0	0	0	0	0	0	0	
306984	Thalamus_R	4886	14548	1226	28402	0	0	2548	610	0	0	0	0	0	0	0	0	318	362	130	0	0	0	0	0	0	0	0	0	432	2070	0	118	0	0	6726	8974	4966	12698	1400	3900	0	0	342	0	0	0	1594	1988	0	0	0	0	0	0	138	1718	1036	166	0	0	0	0	0	0	0	0	1108	2216	0	0	5508	18666	0	1794	0	404	18586	0	682	708	606	800	0	0	0	348	0	0	0	422	0	0	0	0	0	0	0	218	0	0	0	0	0	0	0	0	0	0	0	0	130	0	0	0	0	0	
202412	Heschl_L	4558	256	1234	1736	0	0	2164	0	0	0	1074	0	0	0	0	0	13126	0	654	282	0	0	102	0	0	0	0	0	17560	0	262	0	0	0	4574	676	8704	768	1732	228	0	0	2516	0	108	0	2432	176	0	0	1728	0	1000	0	4634	0	3462	0	0	0	466	0	1592	0	322	0	4220	312	0	0	606	298	804	426	1348	176	1114	682	0	0	6320	0	0	0	3208	0	0	0	3566	0	0	0	0	0	0	0	0	0	0	0	0	0	0	0	0	0	0	0	0	0	0	0	0	0	0	0	
28760	Heschl_R	144	114	0	0	0	0	0	0	0	0	0	122	0	0	0	0	0	2356	0	0	0	0	0	0	0	0	0	0	0	1998	0	0	0	0	198	260	160	906	98	148	0	0	0	0	0	0	0	0	0	0	0	0	0	0	0	276	0	180	0	0	0	0	0	376	0	0	0	190	0	0	0	0	0	388	0	0	0	708	0	0	0	3734	0	0	0	1606	0	0	0	418	0	0	0	0	0	0	0	0	0	0	0	0	0	0	0	0	0	0	0	0	0	0	0	0	0	0	
232300	Temporal_Sup_L	2436	140	572	330	0	0	470	0	0	0	792	0	0	0	0	0	8576	0	350	0	0	0	118	0	0	0	0	0	9726	0	224	0	0	0	1692	710	4792	692	314	0	0	0	978	0	0	0	734	0	0	0	1764	0	696	0	7850	0	5068	0	0	0	2490	0	7600	0	1412	0	1296	94	0	0	0	0	224	0	0	0	0	606	6320	0	0	0	3006	0	26424	0	862	0	15766	0	158	0	0	0	0	0	124	0	744	0	0	0	0	0	0	0	0	0	0	0	0	0	0	0	0	0	
93448	Temporal_Sup_R	144	138	0	0	0	0	0	0	0	0	0	0	0	0	0	0	0	2026	0	0	0	0	0	0	0	0	0	0	0	3110	0	0	0	0	104	174	0	1250	0	190	0	0	0	0	0	190	0	0	0	274	0	642	0	0	0	1230	0	1356	0	0	0	896	0	5138	0	4564	0	510	0	0	0	0	0	456	0	0	0	800	0	3734	0	0	0	648	0	15868	0	470	0	2812	0	0	0	0	0	0	0	0	0	0	0	0	0	0	0	0	0	0	0	0	0	0	0	0	0	0	
57056	Temporal_Pole_Sup_L	0	0	296	0	0	0	0	0	0	0	458	0	154	0	500	0	304	0	266	0	388	0	0	0	0	0	0	0	2802	0	102	0	0	0	0	0	2136	0	726	0	856	0	0	0	0	0	0	0	0	0	0	0	0	0	1918	0	0	0	0	0	0	0	0	0	0	0	0	0	0	0	0	0	474	0	0	0	0	0	0	0	3006	0	0	0	5378	0	4006	0	3916	0	160	0	0	0	0	0	242	0	440	0	0	0	0	0	0	0	0	0	0	0	0	0	0	0	0	0	
58900	Temporal_Pole_Sup_R	0	0	0	1002	0	0	0	122	0	0	0	1156	0	262	0	0	0	1580	0	646	0	108	0	198	0	0	0	0	0	1840	0	230	0	558	0	0	0	1902	0	1280	0	2944	0	0	0	0	0	0	0	0	0	0	0	0	0	3490	0	0	0	0	0	0	0	0	0	0	0	0	0	0	0	0	0	110	0	0	0	0	0	0	0	648	0	0	0	2576	0	4084	0	4714	0	0	0	0	0	0	0	0	0	0	0	0	0	0	0	0	0	0	0	0	0	0	0	0	0	0	
346620	Temporal_Mid_L	2456	0	506	0	0	0	162	0	0	0	0	0	0	0	0	0	1278	0	506	0	0	0	0	0	0	0	0	0	3320	0	0	0	0	0	652	0	1494	0	134	0	0	0	2602	0	852	0	1700	0	214	0	26640	0	6538	0	8562	0	6328	0	480	0	8488	0	10138	0	11756	0	2570	0	398	0	0	0	0	0	0	0	0	0	3208	0	26424	0	5378	0	0	0	5540	0	34986	0	0	0	0	0	0	0	0	0	0	0	0	0	0	0	0	0	0	0	0	0	0	0	0	0	0	0	
239412	Temporal_Mid_R	256	1432	0	0	0	0	0	0	0	0	0	0	0	0	0	0	0	278	0	0	0	0	0	0	0	0	0	0	0	924	0	0	0	0	196	440	146	1650	0	330	0	0	0	2700	0	4356	0	526	0	7224	0	21080	0	1806	0	1128	0	6310	0	516	0	3886	0	8732	0	9026	0	6674	0	0	0	0	0	0	0	0	0	348	0	1606	0	15868	0	2576	0	0	0	2312	0	17380	0	0	0	0	0	0	0	0	0	0	0	0	0	0	0	0	0	0	0	0	0	0	0	0	0	0	
32348	Temporal_Pole_Mid_L	0	0	0	0	0	0	0	0	0	0	0	0	0	0	0	0	0	0	0	0	0	0	0	0	0	0	0	0	214	0	0	0	0	0	0	0	262	0	0	0	0	0	0	0	0	0	0	0	0	0	0	0	0	0	824	0	0	0	0	0	0	0	0	0	0	0	0	0	0	0	0	0	0	0	0	0	0	0	0	0	862	0	4006	0	5540	0	0	0	4466	0	0	0	0	0	0	0	0	0	0	0	0	0	0	0	0	0	0	0	0	0	0	0	0	0	0	0	
25868	Temporal_Pole_Mid_R	0	0	0	0	0	0	0	0	0	0	0	0	0	0	0	0	0	0	0	0	0	0	0	0	0	0	0	0	0	0	0	0	0	0	0	0	0	268	0	566	0	476	0	0	0	0	0	0	0	0	0	0	0	0	0	1632	0	0	0	0	0	0	0	0	0	0	0	0	0	0	0	0	0	0	0	0	0	0	0	0	0	470	0	4084	0	2312	0	0	0	3126	0	0	0	0	0	0	0	0	0	0	0	0	0	0	0	0	0	0	0	0	0	0	0	0	0	0	
332184	Temporal_Inf_L	1570	0	1776	0	0	0	350	0	0	0	0	0	0	0	0	0	2182	0	1736	0	0	0	0	0	0	0	0	0	9994	0	0	0	0	0	464	0	10828	0	1930	0	1448	0	2146	0	426	0	1196	0	168	0	11500	0	9594	0	26728	0	4724	0	340	0	2654	0	1774	0	1892	0	1338	0	98	0	0	0	528	0	0	0	0	0	3566	0	15766	0	3916	0	34986	0	4466	0	0	0	3302	0	208	0	0	0	242	0	1962	0	184	0	110	0	0	0	0	0	0	0	0	0	0	0	0	0	
138972	Temporal_Inf_R	254	1058	0	424	0	0	0	0	0	0	0	0	0	0	0	0	0	178	0	148	0	0	0	0	0	0	0	0	0	770	0	0	0	0	322	1896	270	6190	122	2308	0	340	0	1142	0	212	0	804	0	170	0	742	0	4040	0	10214	0	2836	0	236	0	644	0	1446	0	0	0	1926	0	0	0	212	0	720	0	0	0	422	0	418	0	2812	0	4714	0	17380	0	3126	0	0	0	990	0	0	0	0	0	0	0	0	0	0	0	0	0	0	0	0	0	0	0	0	0	0	0	0	
592916	Cerebelum_Crus1_L	0	0	0	0	0	0	0	0	0	0	0	0	0	0	0	0	0	0	0	0	0	0	0	0	0	0	0	0	452	0	0	0	0	0	0	0	634	0	1454	0	0	0	0	0	0	0	7446	2634	0	0	0	0	202	122	25672	448	0	0	0	0	0	0	0	0	0	0	0	0	0	0	0	0	0	0	0	0	0	0	0	0	158	0	160	0	0	0	0	0	3302	0	0	4602	44312	1668	3790	482	31788	1634	72158	5090	19312	0	22050	1104	7388	2090	1278	0	1466	2542	9648	8806	6098	1576	2570	2322	
550692	Cerebelum_Crus1_R	0	0	0	0	0	0	0	0	0	0	0	0	0	0	0	0	0	0	0	0	0	0	0	0	0	0	0	0	0	0	0	0	0	0	0	0	0	0	0	0	0	0	0	0	0	0	1268	11030	0	0	0	0	0	240	472	17336	0	0	0	0	0	0	0	0	0	0	0	0	0	0	0	0	0	0	0	0	0	0	0	0	0	0	0	0	0	0	0	0	0	990	4602	0	3082	39346	0	2760	3006	19160	4596	63848	662	10440	1078	20780	430	9306	0	474	2282	3888	14230	17874	8792	4034	5478	3862	
506252	Cerebelum_Crus2_L	0	0	0	0	0	0	0	0	0	0	0	0	0	0	0	0	0	0	0	0	0	0	0	0	0	0	0	0	138	0	0	0	0	0	0	0	120	0	344	0	0	0	0	0	0	0	344	858	0	0	0	0	0	0	1992	136	0	0	0	0	0	0	0	0	0	0	0	0	0	0	0	0	0	0	0	0	0	0	0	0	0	0	0	0	0	0	0	0	208	0	44312	3082	0	16830	952	406	6618	778	14060	2230	54722	6944	45922	9820	5990	1578	1664	504	674	1266	2752	2422	15690	7204	2162	404	
367376	Cerebelum_Crus2_R	0	0	0	0	0	0	0	0	0	0	0	0	0	0	0	0	0	0	0	0	0	0	0	0	0	0	0	0	0	0	0	0	0	0	0	0	0	0	0	0	0	0	0	0	0	0	0	152	0	0	0	0	0	0	0	178	0	0	0	0	0	0	0	0	0	0	0	0	0	0	0	0	0	0	0	0	0	0	0	0	0	0	0	0	0	0	0	0	0	0	1668	39346	16830	0	0	622	178	1830	292	10824	9500	26842	8120	37404	214	6316	0	964	90	468	352	688	12896	5404	2320	190	
64740	Cerebelum_3_L	0	0	0	0	0	0	0	0	0	0	0	0	0	0	0	0	0	0	0	0	0	0	0	0	0	0	0	0	0	0	0	0	0	0	0	0	208	0	276	0	0	0	0	0	0	0	0	0	0	0	0	0	0	0	488	0	0	0	0	0	0	0	0	0	0	0	0	0	0	0	0	0	0	0	0	0	0	0	0	0	0	0	0	0	0	0	0	0	0	0	3790	0	952	0	0	146	10254	0	4718	0	400	0	1132	0	2086	308	96	0	1262	3060	1950	536	0	104	236	368	
69836	Cerebelum_3_R	0	0	0	0	0	0	0	0	0	0	0	0	0	0	0	0	0	0	0	0	0	0	0	0	0	0	0	0	0	0	0	0	0	0	0	0	0	0	0	124	0	0	0	0	0	0	0	726	0	0	0	0	0	0	0	134	0	0	0	0	0	0	0	0	0	0	0	0	0	0	0	0	0	0	0	0	0	0	0	0	0	0	0	0	0	0	0	0	0	0	482	2760	406	622	146	0	462	5002	352	6048	280	0	410	700	0	1410	0	0	1050	5778	2550	1052	1498	1346	1436	144	
404180	Cerebelum_4_5_L	112	0	0	0	0	0	0	0	0	0	0	0	0	0	0	0	0	0	0	0	0	0	0	0	0	0	0	0	574	0	0	0	0	0	0	0	958	0	2050	0	0	0	0	0	0	0	11294	1610	0	0	0	0	752	0	16176	828	94	0	0	0	0	0	0	0	0	0	0	0	0	0	0	0	0	0	0	0	0	0	0	0	124	0	242	0	0	0	0	0	242	0	31788	3006	6618	178	10254	462	0	2848	43996	4560	3208	0	8046	226	6552	2286	318	0	3222	5568	20376	5610	968	1268	2524	3152	
263300	Cerebelum_4_5_R	0	0	0	602	0	0	0	0	0	0	0	178	0	0	0	0	0	0	0	84	0	0	0	384	0	104	0	0	0	188	0	288	0	0	0	0	0	1948	0	2612	0	0	0	0	0	0	358	10428	0	0	0	0	0	276	306	11470	0	0	0	0	0	0	0	0	0	0	0	160	0	0	0	0	0	1104	0	164	0	218	0	0	0	0	0	0	0	0	0	0	0	0	1634	19160	778	1830	0	5002	2848	0	1988	30820	710	262	808	1596	332	2550	0	116	248	2218	19448	1852	2236	1838	2074	430	
576940	Cerebelum_6_L	0	0	0	0	0	0	0	0	0	0	0	0	0	0	0	0	0	0	0	0	0	0	0	0	0	0	0	0	1420	0	0	0	0	0	0	0	1764	0	1926	0	0	0	116	220	0	0	15306	4574	0	0	284	0	1130	428	34174	1082	0	0	0	0	0	0	0	0	0	0	0	0	0	0	0	0	0	0	0	0	0	0	0	0	744	0	440	0	0	0	0	0	1962	0	72158	4596	14060	292	4718	352	43996	1988	0	6334	7616	0	11152	230	7748	3084	530	0	1874	3046	14272	13806	2872	1452	3074	3650	
539352	Cerebelum_6_R	0	0	0	0	0	0	0	0	0	0	0	0	0	0	0	0	0	0	0	0	0	0	0	0	0	0	0	0	0	0	0	0	0	0	0	0	0	178	0	198	0	0	0	466	0	0	1502	13098	0	0	0	0	0	1242	668	19434	0	0	0	0	0	0	0	0	0	0	0	0	0	0	0	0	0	0	0	0	0	0	0	0	0	0	0	0	0	0	0	0	0	0	5090	63848	2230	10824	0	6048	4560	30820	6334	0	1040	2348	1386	8854	456	9146	0	416	3130	6184	22282	21540	8016	5888	7666	4784	
394004	Cerebelum_7b_L	0	0	0	0	0	0	0	0	0	0	0	0	0	0	0	0	0	0	0	0	0	0	0	0	0	0	0	0	110	0	0	0	0	0	0	0	84	0	178	0	0	0	0	0	0	0	188	0	0	0	0	0	0	0	1240	0	0	0	0	0	0	0	0	0	0	0	0	0	0	0	0	0	0	0	0	0	0	0	0	0	0	0	0	0	0	0	0	0	184	0	19312	662	54722	9500	400	280	3208	710	7616	1040	0	6956	45830	11382	5806	1550	1212	504	490	828	1306	300	10238	9048	1942	176	
207712	Cerebelum_7b_R	0	0	0	0	0	0	0	0	0	0	0	0	0	0	0	0	0	0	0	0	0	0	0	0	0	0	0	0	0	0	0	0	0	0	0	0	0	0	0	0	0	0	0	0	0	0	0	0	0	0	0	0	0	0	0	0	0	0	0	0	0	0	0	0	0	0	0	0	0	0	0	0	0	0	0	0	0	0	0	0	0	0	0	0	0	0	0	0	0	0	0	10440	6944	26842	0	0	0	262	0	2348	6956	0	6308	29198	0	4202	0	0	0	0	0	0	3670	6380	306	0	
473204	Cerebelum_8_L	0	0	0	0	0	0	0	0	0	0	0	0	0	0	0	0	0	0	0	0	0	0	0	0	0	0	0	0	86	0	0	0	0	0	0	0	0	0	696	0	0	0	0	0	0	0	196	0	0	0	0	0	0	0	2430	0	0	0	0	0	0	0	0	0	0	0	0	0	0	0	0	0	0	0	0	0	0	0	0	0	0	0	0	0	0	0	0	0	110	0	22050	1078	45922	8120	1132	410	8046	808	11152	1386	45830	6308	0	14218	21640	5414	4160	526	554	1142	2590	708	8900	13380	7106	504	
368412	Cerebelum_8_R	0	0	0	0	0	0	0	0	0	0	0	0	0	0	0	0	0	0	0	0	0	0	0	0	0	0	0	0	0	0	0	0	0	0	0	0	0	0	0	0	0	0	0	0	0	0	0	0	0	0	0	0	0	0	0	160	0	0	0	0	0	0	0	0	0	0	0	0	0	0	0	0	0	0	0	0	0	0	0	0	0	0	0	0	0	0	0	0	0	0	1104	20780	9820	37404	0	700	226	1596	230	8854	11382	29198	14218	0	844	19876	0	1160	102	542	404	340	7884	12884	4344	154	
170512	Cerebelum_9_L	0	0	0	0	0	0	0	0	0	0	0	0	0	0	0	0	0	0	0	0	0	0	0	0	0	0	0	0	0	0	0	0	0	0	0	0	0	0	110	0	0	0	0	0	0	0	162	294	0	0	0	0	0	0	1108	154	0	0	0	0	0	0	0	0	0	0	0	0	0	0	0	0	0	0	0	0	0	0	0	0	0	0	0	0	0	0	0	0	0	0	7388	430	5990	214	2086	0	6552	332	7748	456	5806	0	21640	844	0	4560	5378	0	168	260	1676	1928	832	1796	5558	1786	
268160	Cerebelum_9_R	0	0	0	0	0	0	0	0	0	0	0	0	0	0	0	0	0	0	0	0	0	0	0	0	0	0	0	0	0	0	0	0	0	0	0	0	0	0	0	0	0	0	0	0	0	0	206	764	0	0	0	0	0	96	106	550	0	0	0	0	0	0	0	0	0	0	0	0	0	0	0	0	0	0	0	0	0	0	0	0	0	0	0	0	0	0	0	0	0	0	2090	9306	1578	6316	308	1410	2286	2550	3084	9146	1550	4202	5414	19876	4560	0	0	1222	3388	3958	4600	9562	4728	8008	14988	8228	
29460	Cerebelum_10_L	0	0	0	0	0	0	0	0	0	0	0	0	0	0	0	0	0	0	0	0	0	0	0	0	0	0	0	0	0	0	0	0	0	0	0	0	0	0	0	0	0	0	0	0	0	0	0	0	0	0	0	0	0	0	94	0	0	0	0	0	0	0	0	0	0	0	0	0	0	0	0	0	0	0	0	0	0	0	0	0	0	0	0	0	0	0	0	0	0	0	1278	0	1664	0	96	0	318	0	530	0	1212	0	4160	0	5378	0	0	0	0	0	0	0	0	0	0	0	
13600	Cerebelum_10_R	0	0	0	0	0	0	0	0	0	0	0	0	0	0	0	0	0	0	0	0	0	0	0	0	0	0	0	0	0	0	0	0	0	0	0	0	0	0	0	0	0	0	0	0	0	0	0	0	0	0	0	0	0	0	0	0	0	0	0	0	0	0	0	0	0	0	0	0	0	0	0	0	0	0	0	0	0	0	0	0	0	0	0	0	0	0	0	0	0	0	0	474	504	964	0	0	0	116	0	416	504	0	526	1160	0	1222	0	0	0	0	0	0	562	118	234	0	
91644	Vermis_1_2	0	0	0	0	0	0	0	0	0	0	0	0	0	0	0	0	0	0	0	0	0	0	0	0	0	0	0	0	0	0	0	0	0	0	0	0	0	0	0	0	0	0	0	0	0	0	0	262	0	0	0	0	0	0	128	242	0	0	0	0	0	0	0	0	0	0	0	0	0	0	0	0	0	0	0	0	0	0	0	0	0	0	0	0	0	0	0	0	0	0	1466	2282	674	90	1262	1050	3222	248	1874	3130	490	0	554	102	168	3388	0	0	0	8672	6362	3360	922	1300	2218	2356	
148020	Vermis_3	0	0	0	0	0	0	0	0	0	0	0	0	0	0	0	0	0	0	0	0	0	0	0	0	0	0	0	0	0	0	0	0	0	0	0	0	0	0	0	0	0	0	0	0	0	0	98	382	0	0	0	0	0	0	242	358	0	0	0	0	0	0	0	0	0	0	0	0	0	0	0	0	0	0	0	0	0	0	0	0	0	0	0	0	0	0	0	0	0	0	2542	3888	1266	468	3060	5778	5568	2218	3046	6184	828	0	1142	542	260	3958	0	0	8672	0	9740	4306	1830	2126	3034	2474	
