data	data	595328	296200	873836	746968	116052	83824	525104	288500	68716	31096	274340	206660	213388	191804	149380	127336	184676	99832	583820	761032	68784	84752	398636	379368	27776	95332	50884	50648	635536	346960	315324	451432	159644	427628	86444	116196	177692	248532	55844	138016	20536	41764	148556	238392	149836	339896	192276	223340	210728	289504	453860	194508	144868	78152	319784	307084	302020	197964	173540	65720	154052	59404	91992	81452	101036	88828	241044	416820	234188	129448	329432	418424	357660	401912	32272	44344	147256	163832	113336	16096	180172	71292	87424	61616	338612	168132	33700	33708	303520	181432	487340	471768	295808	261980	9636	29660	179892	171740	404672	403980	230184	115064	300348	282628	113956	119728	30552	5016	12420	26772	158556	225424	204780	141008	109728	21788	
data	data	Precentral_L	Precentral_R	Frontal_Sup_L	Frontal_Sup_R	Frontal_Sup_Orb_L	Frontal_Sup_Orb_R	Frontal_Mid_L	Frontal_Mid_R	Frontal_Mid_Orb_L	Frontal_Mid_Orb_R	Frontal_Inf_Oper_L	Frontal_Inf_Oper_R	Frontal_Inf_Tri_L	Frontal_Inf_Tri_R	Frontal_Inf_Orb_L	Frontal_Inf_Orb_R	Rolandic_Oper_L	Rolandic_Oper_R	Supp_Motor_Area_L	Supp_Motor_Area_R	Olfactory_L	Olfactory_R	Frontal_Sup_Medial_L	Frontal_Sup_Medial_R	Frontal_Med_Orb_L	Frontal_Med_Orb_R	Rectus_L	Rectus_R	Insula_L	Insula_R	Cingulum_Ant_L	Cingulum_Ant_R	Cingulum_Mid_L	Cingulum_Mid_R	Cingulum_Post_L	Cingulum_Post_R	Hippocampus_L	Hippocampus_R	ParaHippocampal_L	ParaHippocampal_R	Amygdala_L	Amygdala_R	Calcarine_L	Calcarine_R	Cuneus_L	Cuneus_R	Lingual_L	Lingual_R	Occipital_Sup_L	Occipital_Sup_R	Occipital_Mid_L	Occipital_Mid_R	Occipital_Inf_L	Occipital_Inf_R	Fusiform_L	Fusiform_R	Postcentral_L	Postcentral_R	Parietal_Sup_L	Parietal_Sup_R	Parietal_Inf_L	Parietal_Inf_R	SupraMarginal_L	SupraMarginal_R	Angular_L	Angular_R	Precuneus_L	Precuneus_R	Paracentral_Lobule_L	Paracentral_Lobule_R	Caudate_L	Caudate_R	Putamen_L	Putamen_R	Pallidum_L	Pallidum_R	Thalamus_L	Thalamus_R	Heschl_L	Heschl_R	Temporal_Sup_L	Temporal_Sup_R	Temporal_Pole_Sup_L	Temporal_Pole_Sup_R	Temporal_Mid_L	Temporal_Mid_R	Temporal_Pole_Mid_L	Temporal_Pole_Mid_R	Temporal_Inf_L	Temporal_Inf_R	Cerebelum_Crus1_L	Cerebelum_Crus1_R	Cerebelum_Crus2_L	Cerebelum_Crus2_R	Cerebelum_3_L	Cerebelum_3_R	Cerebelum_4_5_L	Cerebelum_4_5_R	Cerebelum_6_L	Cerebelum_6_R	Cerebelum_7b_L	Cerebelum_7b_R	Cerebelum_8_L	Cerebelum_8_R	Cerebelum_9_L	Cerebelum_9_R	Cerebelum_10_L	Cerebelum_10_R	Vermis_1_2	Vermis_3	Vermis_4_5	Vermis_6	Vermis_7	Vermis_8	Vermis_9	Vermis_10	
595328	Precentral_L	0	2026	46676	1722	0	0	39092	186	0	0	23504	0	4722	0	0	0	10326	0	21678	5630	0	0	1650	0	0	0	0	0	13402	124	2146	210	886	394	1550	980	3778	740	0	142	0	0	0	0	0	0	362	0	520	0	4724	0	1200	0	538	0	30826	0	1584	0	5238	0	1846	0	792	0	610	146	31778	0	1478	874	3902	148	92	0	10922	1350	6406	0	3168	0	0	0	4966	0	0	0	2630	0	0	0	0	0	0	0	0	0	0	0	0	0	0	0	0	0	0	0	0	0	0	0	0	0	0	0	
296200	Precentral_R	2026	0	808	24396	0	0	338	8422	0	0	142	8524	160	206	588	0	0	1906	946	22352	0	0	0	0	0	0	0	0	2060	1980	0	354	0	2310	126	2368	150	5360	0	730	0	0	0	1382	0	404	0	104	0	196	0	866	0	402	0	650	148	15106	0	0	0	550	0	2930	0	0	0	2020	1928	1796	6894	6550	1508	3114	246	364	1630	9012	152	218	0	326	0	0	0	1350	0	0	0	2002	0	0	0	0	0	0	0	0	0	0	0	0	0	0	0	0	0	0	0	0	0	0	0	0	0	0	
873836	Frontal_Sup_L	46676	808	0	3484	5754	156	90330	576	1262	0	15274	228	10740	134	5024	0	8142	0	60570	11052	0	0	44690	4150	998	490	350	0	26168	182	16454	3422	7750	4282	316	792	4342	636	176	116	0	0	0	0	0	0	0	0	268	0	1602	0	854	0	646	0	7386	0	338	0	1088	0	310	0	168	0	234	116	9842	0	4526	1282	14616	282	728	0	8336	794	2916	0	1550	0	418	0	2244	0	0	0	850	0	0	0	0	0	0	0	0	0	0	0	0	0	0	0	0	0	0	0	0	0	0	0	0	0	0	0	
746968	Frontal_Sup_R	1722	24396	3484	0	96	3782	1352	38110	0	174	1968	13140	880	11758	1020	3688	534	3314	6488	59394	0	0	12244	39526	98	5174	0	0	7500	12856	4762	30040	1796	21990	0	796	128	2662	0	272	0	0	0	378	0	0	0	0	0	0	0	340	0	154	0	382	102	444	0	0	0	0	0	258	0	0	0	222	1482	100	7272	15232	1820	14516	0	5718	494	6484	396	204	0	194	158	106	0	784	0	0	0	1100	0	0	0	0	0	0	0	0	0	0	0	0	0	0	0	0	0	0	0	0	0	0	0	0	0	0	
116052	Frontal_Sup_Orb_L	0	0	5754	96	0	0	2570	0	12184	0	0	0	756	0	10702	0	0	0	0	0	1008	0	1456	104	3380	110	6438	0	2138	0	3018	136	0	0	0	0	0	0	0	0	0	0	0	0	0	0	0	0	0	0	0	0	0	0	0	0	0	0	0	0	0	0	0	0	0	0	0	0	0	0	1874	0	5692	0	0	0	0	0	0	0	0	0	610	0	0	0	0	0	0	0	0	0	0	0	0	0	0	0	0	0	0	0	0	0	0	0	0	0	0	0	0	0	0	0	0	0	
83824	Frontal_Sup_Orb_R	0	0	156	3782	0	0	0	2220	0	3094	0	0	0	1100	0	3022	0	0	0	176	0	1084	466	3446	0	8758	0	7186	0	928	530	1402	0	0	0	0	0	0	0	0	0	0	0	0	0	0	0	0	0	0	0	0	0	0	0	0	0	0	0	0	0	0	0	0	0	0	0	0	0	0	0	2048	0	2406	0	0	0	0	0	0	0	0	0	108	0	0	0	0	0	0	0	0	0	0	0	0	0	0	0	0	0	0	0	0	0	0	0	0	0	0	0	0	0	0	0	0	
525104	Frontal_Mid_L	39092	338	90330	1352	2570	0	0	262	3000	0	16106	116	24920	0	6282	0	2154	0	10502	2286	0	0	23352	1912	0	0	0	0	12614	0	7228	800	2708	668	0	0	346	0	0	0	0	0	0	0	0	0	0	0	0	0	664	0	244	0	0	0	2932	0	92	0	852	0	182	0	0	0	0	0	472	0	1026	206	2874	0	0	0	128	0	1546	0	608	0	194	0	1094	0	0	0	500	0	0	0	0	0	0	0	0	0	0	0	0	0	0	0	0	0	0	0	0	0	0	0	0	0	0	0	
288500	Frontal_Mid_R	186	8422	576	38110	0	2220	262	0	0	1570	110	12852	314	16578	740	5376	0	454	2010	7288	0	0	3322	8998	0	146	0	0	1742	5310	792	5976	524	5918	0	0	96	248	0	110	0	0	0	0	0	0	0	0	0	0	0	0	0	0	0	0	0	0	0	0	0	0	0	0	0	0	0	0	0	0	4946	1768	1084	3662	0	1110	0	1430	0	0	0	0	0	0	0	0	0	0	0	0	0	0	0	0	0	0	0	0	0	0	0	0	0	0	0	0	0	0	0	0	0	0	0	0	0	0	
68716	Frontal_Mid_Orb_L	0	0	1262	0	12184	0	3000	0	0	0	0	0	1312	0	11686	0	0	0	0	0	0	0	0	0	640	0	1952	0	460	0	0	0	0	0	0	0	0	0	0	0	0	0	0	0	0	0	0	0	0	0	0	0	0	0	0	0	0	0	0	0	0	0	0	0	0	0	0	0	0	0	222	0	990	0	0	0	0	0	0	0	0	0	650	0	0	0	0	0	0	0	0	0	0	0	0	0	0	0	0	0	0	0	0	0	0	0	0	0	0	0	0	0	0	0	0	0	
31096	Frontal_Mid_Orb_R	0	0	0	174	0	3094	0	1570	0	0	0	0	0	664	0	5556	0	0	0	0	0	306	0	0	0	438	0	1252	0	442	0	0	0	0	0	0	0	0	0	0	0	0	0	0	0	0	0	0	0	0	0	0	0	0	0	0	0	0	0	0	0	0	0	0	0	0	0	0	0	0	0	248	0	1804	0	0	0	0	0	0	0	0	0	0	0	0	0	0	0	0	0	0	0	0	0	0	0	0	0	0	0	0	0	0	0	0	0	0	0	0	0	0	0	0	0	0	
274340	Frontal_Inf_Oper_L	23504	142	15274	1968	0	0	16106	110	0	0	0	144	15542	0	194	0	14398	0	7894	2162	0	0	1814	0	0	0	0	0	21918	0	2774	186	412	0	0	0	0	0	0	0	0	0	0	0	0	0	0	0	0	0	0	0	0	0	0	0	6408	0	0	0	534	0	344	0	0	0	0	0	0	0	742	0	238	0	0	0	0	0	704	0	1924	0	1624	0	0	0	0	0	110	0	0	0	0	0	0	0	0	0	0	0	0	0	0	0	0	0	0	0	0	0	0	0	0	0	0	0	
206660	Frontal_Inf_Oper_R	0	8524	228	13140	0	0	116	12852	0	0	144	0	318	10662	900	484	0	6072	278	9298	0	0	368	814	0	0	0	0	1320	15186	300	1916	138	1030	0	0	0	204	0	0	0	0	0	0	0	0	0	0	0	0	0	0	0	0	0	0	0	2162	0	0	0	0	0	204	0	0	0	0	0	0	4832	3474	632	5580	0	328	0	1236	0	296	0	0	0	294	0	0	0	0	0	0	0	0	0	0	0	0	0	0	0	0	0	0	0	0	0	0	0	0	0	0	0	0	0	0	0	0	
213388	Frontal_Inf_Tri_L	4722	160	10740	880	756	0	24920	314	1312	0	15542	318	0	0	9594	0	3064	0	2144	904	0	0	2856	112	0	0	0	0	21036	0	1734	248	876	0	0	0	0	0	0	0	0	0	0	0	0	0	0	0	0	0	0	0	0	0	0	0	1272	0	0	0	0	0	0	0	0	0	0	0	0	0	960	0	636	0	0	0	0	0	152	0	198	0	1244	0	0	0	0	0	0	0	0	0	0	0	0	0	0	0	0	0	0	0	0	0	0	0	0	0	0	0	0	0	0	0	0	0	
191804	Frontal_Inf_Tri_R	0	206	134	11758	0	1100	0	16578	0	664	0	10662	0	0	0	8024	0	528	150	5066	0	0	1222	3054	0	0	0	0	0	18784	110	1054	396	2746	0	0	0	1638	0	278	0	0	0	0	0	0	0	0	0	0	0	0	0	0	0	1448	0	0	0	0	0	0	0	0	0	0	0	0	0	0	168	1070	0	6968	0	294	0	0	0	0	0	0	0	118	0	188	0	0	0	1496	0	0	0	0	0	0	0	0	0	0	0	0	0	0	0	0	0	0	0	0	0	0	0	0	0	0	
149380	Frontal_Inf_Orb_L	0	588	5024	1020	10702	0	6282	740	11686	0	194	900	9594	0	0	0	0	0	274	994	1288	0	1460	0	0	0	1032	0	10096	0	836	334	266	0	0	0	292	0	148	0	240	0	0	0	0	0	0	0	0	0	0	0	0	0	0	0	0	0	0	0	0	0	0	0	0	0	0	0	0	0	2722	0	6620	0	0	0	0	0	0	0	0	0	1358	0	0	0	0	0	0	0	0	0	0	0	0	0	0	0	0	0	0	0	0	0	0	0	0	0	0	0	0	0	0	0	0	0	
127336	Frontal_Inf_Orb_R	0	0	0	3688	0	3022	0	5376	0	5556	0	484	0	8024	0	0	0	0	112	2962	350	1954	0	484	0	98	106	1406	0	11980	216	730	134	778	0	0	0	164	0	140	0	0	0	0	0	0	0	0	0	0	0	0	0	0	0	0	0	0	0	0	0	0	0	0	0	0	0	0	0	0	420	2972	222	9572	0	0	0	0	0	0	0	1072	0	1646	0	0	0	0	0	0	0	0	0	0	0	0	0	0	0	0	0	0	0	0	0	0	0	0	0	0	0	0	0	0	0	0	
184676	Rolandic_Oper_L	10326	0	8142	534	0	0	2154	0	0	0	14398	0	3064	0	0	0	0	0	5924	892	0	0	570	0	0	0	0	0	20462	0	312	0	102	0	0	0	0	0	0	0	0	0	0	0	0	0	0	0	0	0	2308	0	690	0	0	0	9008	0	778	0	482	0	1056	0	440	0	682	0	272	0	296	0	100	0	0	0	0	0	2886	0	4816	0	536	0	636	0	0	0	472	0	0	0	0	0	0	0	0	0	0	0	0	0	0	0	0	0	0	0	0	0	0	0	0	0	0	0	
99832	Rolandic_Oper_R	0	1906	0	3314	0	0	0	454	0	0	0	6072	0	528	0	0	0	0	0	3746	0	0	0	0	0	0	0	0	0	11508	0	0	0	0	0	0	0	1706	0	0	0	0	0	246	0	378	0	0	0	164	0	252	0	110	0	142	0	4116	0	0	0	0	0	3042	0	0	0	1058	0	288	0	984	0	3720	0	466	0	176	0	1168	0	2838	0	322	0	650	0	0	0	562	0	0	0	0	0	0	0	0	0	0	0	0	0	0	0	0	0	0	0	0	0	0	0	0	0	0	
583820	Supp_Motor_Area_L	21678	946	60570	6488	0	0	10502	2010	0	0	7894	278	2144	150	274	112	5924	0	0	32382	0	0	8862	2800	0	0	0	0	21628	160	5134	5298	12332	16534	1168	386	3848	372	174	0	0	0	0	0	100	0	0	0	0	0	582	0	466	0	368	0	5326	238	0	0	500	0	298	188	0	0	94	0	13774	0	3578	2314	12422	226	4008	0	9642	648	3356	0	1256	0	302	0	1724	0	0	0	452	0	0	0	0	0	0	0	0	0	0	0	0	0	0	0	0	0	0	0	0	0	0	0	0	0	0	0	
761032	Supp_Motor_Area_R	5630	22352	11052	59394	0	176	2286	7288	0	0	2162	9298	904	5066	994	2962	892	3746	32382	0	0	0	3760	11142	0	202	0	0	8480	11374	3270	19360	3796	39976	0	4210	376	1508	0	464	0	0	0	2716	0	884	0	100	0	262	0	918	0	242	0	546	328	1012	0	0	164	0	0	352	0	0	0	7528	5010	8028	8376	28584	2300	12694	594	3086	2656	15472	664	170	138	226	168	124	126	1098	0	0	0	1448	0	0	0	0	0	0	0	0	0	0	0	0	0	0	0	0	0	0	0	0	0	0	0	0	0	0	
68784	Olfactory_L	0	0	0	0	1008	0	0	0	0	0	0	0	0	0	1288	350	0	0	0	0	0	4418	0	0	200	0	1532	118	3136	420	2756	1544	0	0	0	0	328	0	132	0	352	0	0	0	0	0	0	0	0	0	0	0	0	0	0	0	0	0	0	0	0	0	0	0	0	0	0	0	0	0	6578	3762	4130	2058	0	0	0	0	0	0	0	0	282	0	0	0	0	0	0	0	0	0	0	0	0	0	0	0	0	0	0	0	0	0	0	0	0	0	0	0	0	0	0	0	0	0	
84752	Olfactory_R	0	0	0	0	0	1084	0	0	0	306	0	0	0	0	0	1954	0	0	0	0	4418	0	0	0	0	600	818	2578	0	3378	2190	2310	0	0	0	0	0	528	0	544	0	870	0	0	0	0	0	0	0	0	0	0	0	0	0	296	0	0	0	0	0	0	0	0	0	0	0	0	0	0	5566	6690	3930	3240	170	204	0	0	0	0	0	0	0	702	0	0	0	0	0	0	0	0	0	0	0	0	0	0	0	0	0	0	0	0	0	0	0	0	0	0	0	0	0	0	0	0	
398636	Frontal_Sup_Medial_L	1650	0	44690	12244	1456	466	23352	3322	0	0	1814	368	2856	1222	1460	0	570	0	8862	3760	0	0	0	23452	1344	1388	166	0	2536	512	21736	13520	9352	12118	0	0	0	0	0	0	0	0	0	0	0	0	0	0	0	0	0	0	0	0	0	0	268	0	0	0	0	0	0	0	0	0	0	0	0	0	1418	904	2040	298	0	0	0	0	0	0	174	0	0	0	0	0	0	0	0	0	0	0	0	0	0	0	0	0	0	0	0	0	0	0	0	0	0	0	0	0	0	0	0	0	0	0	
379368	Frontal_Sup_Medial_R	0	0	4150	39526	104	3446	1912	8998	0	0	0	814	112	3054	0	484	0	0	2800	11142	0	0	23452	0	162	8102	106	0	180	1766	8834	28612	3056	22918	0	0	0	418	0	106	0	0	0	0	0	0	0	0	0	0	0	0	0	0	0	110	0	0	0	0	0	0	0	0	0	0	0	0	0	0	224	8538	148	6410	0	0	0	0	0	0	0	0	0	0	0	0	0	0	0	0	0	0	0	0	0	0	0	0	0	0	0	0	0	0	0	0	0	0	0	0	0	0	0	0	0	0	
27776	Frontal_Med_Orb_L	0	0	998	98	3380	0	0	0	640	0	0	0	0	0	0	0	0	0	0	0	200	0	1344	162	0	626	2308	94	0	0	3078	184	0	0	0	0	0	0	0	0	0	0	0	0	0	0	0	0	0	0	0	0	0	0	0	0	0	0	0	0	0	0	0	0	0	0	0	0	0	0	346	0	430	0	0	0	0	0	0	0	0	0	0	0	0	0	0	0	0	0	0	0	0	0	0	0	0	0	0	0	0	0	0	0	0	0	0	0	0	0	0	0	0	0	0	0	
95332	Frontal_Med_Orb_R	0	0	490	5174	110	8758	0	146	0	438	0	0	0	0	0	98	0	0	0	202	0	600	1388	8102	626	0	216	6342	0	126	2974	4520	0	0	0	0	0	0	0	0	0	0	0	0	0	0	0	0	0	0	0	0	0	0	0	0	0	0	0	0	0	0	0	0	0	0	0	0	0	0	0	3336	100	3920	0	0	0	0	0	0	0	0	0	0	0	0	0	0	0	0	0	0	0	0	0	0	0	0	0	0	0	0	0	0	0	0	0	0	0	0	0	0	0	0	0	0	
50884	Rectus_L	0	0	350	0	6438	0	0	0	1952	0	0	0	0	0	1032	106	0	0	0	0	1532	818	166	106	2308	216	0	118	472	106	4224	574	0	0	0	0	0	0	0	0	0	0	0	0	0	0	0	0	0	0	0	0	0	0	0	0	0	0	0	0	0	0	0	0	0	0	0	0	0	0	2484	590	1458	392	0	0	0	0	0	0	0	0	0	0	0	0	0	0	0	0	0	0	0	0	0	0	0	0	0	0	0	0	0	0	0	0	0	0	0	0	0	0	0	0	0	0	
50648	Rectus_R	0	0	0	0	0	7186	0	0	0	1252	0	0	0	0	0	1406	0	0	0	0	118	2578	0	0	94	6342	118	0	0	1088	208	1918	0	0	0	0	0	0	0	0	0	0	0	0	0	0	0	0	0	0	0	0	0	0	0	0	0	0	0	0	0	0	0	0	0	0	0	0	0	0	94	1534	0	1388	0	0	0	0	0	0	0	0	0	0	0	0	0	0	0	0	0	0	0	0	0	0	0	0	0	0	0	0	0	0	0	0	0	0	0	0	0	0	0	0	0	0	
635536	Insula_L	13402	2060	26168	7500	2138	0	12614	1742	460	0	21918	1320	21036	0	10096	0	20462	0	21628	8480	3136	0	2536	180	0	0	472	0	0	624	2934	1232	344	172	0	0	7060	1470	286	234	1124	0	0	0	0	0	0	0	308	0	3940	0	1554	0	3326	268	9152	0	2318	0	2588	0	854	122	1136	0	658	0	636	0	16618	1464	25408	2280	0	110	1390	924	12728	0	10928	0	3822	0	11352	0	0	0	10958	98	0	0	0	0	0	0	0	0	0	0	0	0	0	0	0	0	0	0	0	0	0	0	0	0	0	0	
346960	Insula_R	124	1980	182	12856	0	928	0	5310	0	442	0	15186	0	18784	0	11980	0	11508	160	11374	420	3378	512	1766	0	126	106	1088	624	0	250	1150	204	1128	0	200	0	9410	0	2254	0	448	0	132	0	0	0	0	0	0	0	0	0	374	0	5670	0	2346	0	0	0	0	0	716	0	0	0	436	94	0	1122	5144	370	28382	0	626	174	486	0	716	0	4106	0	2656	0	1474	0	0	0	4578	0	0	0	0	0	0	0	0	0	0	0	0	0	0	0	0	0	0	0	0	0	0	0	0	0	0	
315324	Cingulum_Ant_L	2146	0	16454	4762	3018	530	7228	792	0	0	2774	300	1734	110	836	216	312	0	5134	3270	2756	2190	21736	8834	3078	2974	4224	208	2934	250	0	21788	5616	5788	0	0	0	0	0	0	0	0	0	0	0	0	0	0	0	0	0	0	0	0	0	0	232	0	0	0	0	0	0	0	0	0	0	0	0	0	8240	6046	8140	2800	0	0	0	116	0	0	96	0	0	0	0	0	0	0	0	0	0	0	0	0	0	0	0	0	0	0	0	0	0	0	0	0	0	0	0	0	0	0	0	0	0	0	
451432	Cingulum_Ant_R	210	354	3422	30040	136	1402	800	5976	0	0	186	1916	248	1054	334	730	0	0	5298	19360	1544	2310	13520	28612	184	4520	574	1918	1232	1150	21788	0	3840	26234	0	0	0	474	0	120	0	0	0	0	0	0	0	0	0	0	0	0	0	0	0	128	124	0	0	0	0	0	0	0	0	0	0	0	0	0	4790	23764	3030	13088	0	244	0	954	108	0	0	0	0	0	0	0	0	0	0	0	0	0	0	0	0	0	0	0	0	0	0	0	0	0	0	0	0	0	0	0	0	0	0	0	0	0	
159644	Cingulum_Mid_L	886	0	7750	1796	0	0	2708	524	0	0	412	138	876	396	266	134	102	0	12332	3796	0	0	9352	3056	0	0	0	0	344	204	5616	3840	0	11878	2176	144	0	0	0	0	0	0	0	0	1036	252	0	0	442	166	594	242	0	0	0	0	714	0	0	0	0	0	0	0	0	0	2484	1198	3260	338	0	252	0	118	0	0	0	0	0	0	0	0	0	0	0	0	0	0	0	0	0	0	0	0	0	0	0	0	0	0	0	0	0	0	0	0	0	0	0	0	0	0	0	0	0	0	
427628	Cingulum_Mid_R	394	2310	4282	21990	0	0	668	5918	0	0	0	1030	0	2746	0	778	0	0	16534	39976	0	0	12118	22918	0	0	0	0	172	1128	5788	26234	11878	0	578	4086	0	0	0	0	0	0	0	1398	0	1822	0	0	0	824	0	1482	0	0	0	0	0	1330	0	0	0	0	0	0	0	0	1134	11918	1486	7562	216	2410	100	468	138	0	0	0	0	0	0	0	0	0	0	0	0	0	0	0	0	0	0	0	0	0	0	0	0	0	0	0	0	0	0	0	0	0	0	0	0	0	0	0	0	0	
86444	Cingulum_Post_L	1550	126	316	0	0	0	0	0	0	0	0	0	0	0	0	0	0	0	1168	0	0	0	0	0	0	0	0	0	0	0	0	0	2176	578	0	6502	3976	1832	1564	874	0	0	2898	0	1766	110	1238	588	342	0	172	0	0	0	652	0	344	0	0	0	0	0	0	0	0	0	5654	1672	3952	0	92	0	0	102	0	0	1804	446	0	0	0	0	0	0	0	0	0	0	0	0	0	0	0	0	0	0	0	584	0	0	0	0	0	0	0	0	0	0	0	0	144	0	0	0	0	0	
116196	Cingulum_Post_R	980	2368	792	796	0	0	0	0	0	0	0	0	0	0	0	0	0	0	386	4210	0	0	0	0	0	0	0	0	0	200	0	0	144	4086	6502	0	2858	5426	154	1672	0	0	0	980	196	650	0	1776	0	0	0	0	0	180	98	138	0	0	0	0	0	0	0	0	0	0	964	10164	1156	1500	0	0	0	160	0	0	3074	1852	0	0	0	0	0	0	0	0	0	0	0	830	0	0	0	0	0	0	0	1286	0	0	0	0	0	0	0	0	0	0	0	0	2520	0	0	0	0	0	
177692	Hippocampus_L	3778	150	4342	128	0	0	346	96	0	0	0	0	0	0	292	0	0	0	3848	376	328	0	0	0	0	0	0	0	7060	0	0	0	0	0	3976	2858	0	1936	6776	816	3870	0	1166	0	0	0	1492	674	0	0	212	0	194	0	10476	0	0	0	0	0	0	0	0	0	0	0	1492	362	2574	0	1012	118	8162	282	1034	0	3134	478	254	0	2010	0	822	0	1372	0	0	0	9744	0	0	0	0	0	0	0	170	636	0	0	0	0	0	0	0	0	0	0	0	0	0	0	0	0	0	0	
248532	Hippocampus_R	740	5360	636	2662	0	0	0	248	0	0	0	204	0	1638	0	164	0	1706	372	1508	0	528	0	418	0	0	0	0	1470	9410	0	474	0	0	1832	5426	1936	0	0	15460	0	5530	0	372	0	0	0	3602	0	0	0	0	0	1808	0	18944	0	1024	0	0	0	0	0	108	0	0	0	3986	668	0	1812	1444	322	11450	0	550	2360	4726	156	440	0	482	0	418	0	1632	0	0	0	6708	0	0	0	0	0	0	0	2064	0	0	0	0	0	0	0	0	0	0	0	0	1468	0	0	0	0	0	
55844	ParaHippocampal_L	0	0	176	0	0	0	0	0	0	0	0	0	0	0	148	0	0	0	174	0	132	0	0	0	0	0	0	0	286	0	0	0	0	0	1564	154	6776	0	0	0	478	0	1336	0	0	0	4414	0	0	0	288	0	394	0	5180	0	0	0	0	0	0	0	0	0	0	0	1906	0	0	0	154	0	490	0	188	0	160	0	0	0	0	0	1710	0	0	0	602	0	404	0	120	0	0	0	0	0	590	0	98	0	0	0	0	0	0	0	0	0	0	0	0	0	0	0	0	0	
138016	ParaHippocampal_R	142	730	116	272	0	0	0	110	0	0	0	0	0	278	0	140	0	0	0	464	0	544	0	106	0	0	0	0	234	2254	0	120	0	0	874	1672	816	15460	0	0	0	3442	0	200	0	0	0	3564	0	0	0	0	0	1380	0	14276	0	0	0	0	0	0	0	0	0	0	0	1032	134	0	242	352	0	4210	0	354	864	1618	0	0	0	0	0	4036	0	816	0	2398	0	2104	0	0	0	0	0	394	0	2826	0	0	0	0	0	0	0	0	0	0	0	0	434	0	0	0	0	0	
20536	Amygdala_L	0	0	0	0	0	0	0	0	0	0	0	0	0	0	240	0	0	0	0	0	352	0	0	0	0	0	0	0	1124	0	0	0	0	0	0	0	3870	0	478	0	0	0	0	0	0	0	0	0	0	0	0	0	0	0	2394	0	0	0	0	0	0	0	0	0	0	0	0	0	0	0	0	0	284	0	0	0	0	0	0	0	0	0	606	0	0	0	0	0	920	0	0	0	0	0	0	0	0	0	0	0	0	0	0	0	0	0	0	0	0	0	0	0	0	0	0	0	
41764	Amygdala_R	0	0	0	0	0	0	0	0	0	0	0	0	0	0	0	0	0	0	0	0	0	870	0	0	0	0	0	0	0	448	0	0	0	0	0	0	0	5530	0	3442	0	0	0	0	0	0	0	0	0	0	0	0	0	0	0	5374	0	0	0	0	0	0	0	0	0	0	0	0	0	0	0	0	0	1074	0	0	0	0	0	0	0	0	0	1760	0	946	0	194	0	1244	0	0	0	0	0	0	0	0	0	0	0	0	0	0	0	0	0	0	0	0	0	0	0	0	0	0	
148556	Calcarine_L	0	0	0	0	0	0	0	0	0	0	0	0	0	0	0	0	0	0	0	0	0	0	0	0	0	0	0	0	0	0	0	0	0	0	2898	0	1166	0	1336	0	0	0	0	4952	9718	2762	10096	1568	9480	1036	15022	262	2856	0	2076	0	132	0	0	0	0	0	0	0	0	0	8560	358	0	0	0	0	0	0	0	0	0	0	0	0	0	0	0	0	0	0	0	0	0	0	0	0	0	0	0	0	0	0	0	0	0	0	0	0	0	0	0	0	0	0	0	0	0	0	0	0	
238392	Calcarine_R	0	1382	0	378	0	0	0	0	0	0	0	0	0	0	0	0	0	246	0	2716	0	0	0	0	0	0	0	0	0	132	0	0	0	1398	0	980	0	372	0	200	0	0	4952	0	3806	26072	1398	14862	0	18680	0	7712	0	2814	0	3852	0	1204	0	100	0	0	0	114	0	356	548	18638	0	2626	0	0	0	0	0	0	0	0	0	0	0	0	0	0	0	1358	0	0	0	1552	0	0	0	0	0	0	0	202	0	92	0	0	0	0	0	0	0	0	0	0	362	92	0	0	0	0	
149836	Cuneus_L	0	0	0	0	0	0	0	0	0	0	0	0	0	0	0	0	0	0	100	0	0	0	0	0	0	0	0	0	0	0	0	0	1036	0	1766	196	0	0	0	0	0	0	9718	3806	0	6016	2170	0	18326	2468	12740	422	1014	0	662	0	1310	0	806	0	0	0	0	0	0	0	8272	1284	2264	0	0	0	0	0	0	0	0	0	0	0	0	0	0	0	542	0	0	0	0	0	0	0	0	0	0	0	0	0	0	0	0	0	0	0	0	0	0	0	0	0	0	0	0	0	0	0	
339896	Cuneus_R	0	404	0	0	0	0	0	0	0	0	0	0	0	0	0	0	0	378	0	884	0	0	0	0	0	0	0	0	0	0	0	0	252	1822	110	650	0	0	0	0	0	0	2762	26072	6016	0	328	4506	690	44446	394	13312	94	622	0	1396	0	6402	606	6162	0	234	0	146	0	2618	4606	34936	0	5222	0	0	0	0	0	0	0	0	0	0	0	140	0	0	0	2120	0	0	0	1424	0	0	0	0	0	0	0	0	0	0	0	0	0	0	0	0	0	0	0	0	194	0	0	0	0	0	
192276	Lingual_L	362	0	0	0	0	0	0	0	0	0	0	0	0	0	0	0	0	0	0	0	0	0	0	0	0	0	0	0	0	0	0	0	0	0	1238	0	1492	0	4414	0	0	0	10096	1398	2170	328	0	2226	4672	268	16900	0	7080	240	14720	490	254	0	0	0	0	0	0	0	0	0	3952	0	382	0	0	0	0	0	0	0	0	0	0	0	0	0	0	0	198	0	0	0	0	0	3246	318	374	0	222	0	6188	148	8324	774	0	0	0	0	0	0	0	0	0	0	852	2404	408	0	0	0	
223340	Lingual_R	0	104	0	0	0	0	0	0	0	0	0	0	0	0	0	0	0	0	0	100	0	0	0	0	0	0	0	0	0	0	0	0	0	0	588	1776	674	3602	0	3564	0	0	1568	14862	0	4506	2226	0	0	4478	144	2132	296	4772	1228	14478	0	0	0	0	0	0	0	0	0	0	0	6426	0	0	0	0	0	0	0	0	404	422	0	0	0	0	0	0	0	158	0	0	0	220	3478	2782	584	144	0	384	1550	7120	5724	6768	0	0	0	252	278	0	0	0	0	182	5572	6726	1398	0	0	0	
210728	Occipital_Sup_L	520	0	268	0	0	0	0	0	0	0	0	0	0	0	0	0	0	0	0	0	0	0	0	0	0	0	0	0	308	0	0	0	442	0	342	0	0	0	0	0	0	0	9480	0	18326	690	4672	0	0	0	33190	0	4404	0	2456	0	2018	0	9422	0	1334	0	0	0	116	0	12712	1920	1006	0	0	0	0	0	0	0	0	0	276	0	0	0	0	0	1174	0	0	0	288	0	0	0	0	0	0	0	0	0	0	0	0	0	0	0	0	0	0	0	0	0	0	0	0	0	0	0	
289504	Occipital_Sup_R	0	196	0	0	0	0	0	0	0	0	0	0	0	0	0	0	0	164	0	262	0	0	0	0	0	0	0	0	0	0	0	0	166	824	0	0	0	0	0	0	0	0	1036	18680	2468	44446	268	4478	0	0	0	20858	0	822	0	1712	0	5092	0	6418	0	1344	0	144	0	5998	964	22288	0	3224	0	0	0	0	0	0	0	0	0	0	0	130	0	0	0	1760	0	0	0	1010	0	0	0	0	0	0	0	0	0	0	0	0	0	0	0	0	0	0	0	0	0	0	0	0	0	0	
453860	Occipital_Mid_L	4724	0	1602	0	0	0	664	0	0	0	0	0	0	0	0	0	2308	0	582	0	0	0	0	0	0	0	0	0	3940	0	0	0	594	0	172	0	212	0	288	0	0	0	15022	0	12740	394	16900	144	33190	0	0	0	20692	0	10278	0	7368	0	14150	0	7978	0	850	0	15354	0	15230	1344	2774	0	0	0	1158	0	0	0	0	0	3380	0	1808	0	0	0	20160	0	0	0	8620	0	322	0	0	0	0	0	146	0	1344	0	0	0	0	0	0	0	0	0	0	0	0	498	0	0	0	0	
194508	Occipital_Mid_R	0	866	0	340	0	0	0	0	0	0	0	0	0	0	0	0	0	252	0	918	0	0	0	0	0	0	0	0	0	0	0	0	242	1482	0	0	0	0	0	0	0	0	262	7712	422	13312	0	2132	0	20858	0	0	0	3090	0	1772	0	2336	0	870	0	2860	0	316	0	10852	600	10406	0	1888	0	0	0	0	0	0	0	0	0	0	0	220	0	0	0	11012	0	0	0	2234	0	0	0	0	0	0	0	0	0	0	0	0	0	0	0	0	0	0	0	0	0	0	0	0	0	0	
144868	Occipital_Inf_L	1200	0	854	0	0	0	244	0	0	0	0	0	0	0	0	0	690	0	466	0	0	0	0	0	0	0	0	0	1554	0	0	0	0	0	0	0	194	0	394	0	0	0	2856	0	1014	94	7080	296	4404	0	20692	0	0	0	12306	114	626	0	1334	0	234	0	0	0	530	0	1452	398	232	0	0	0	548	0	0	0	0	0	1288	0	142	0	0	0	2438	0	0	0	4638	0	580	0	98	0	0	0	344	0	2010	142	0	0	0	0	0	0	0	0	0	0	142	806	0	0	0	0	
78152	Occipital_Inf_R	0	402	0	154	0	0	0	0	0	0	0	0	0	0	0	0	0	110	0	242	0	0	0	0	0	0	0	0	0	374	0	0	0	0	0	180	0	1808	0	1380	0	0	0	2814	0	622	240	4772	0	822	0	3090	0	0	154	8394	0	114	0	0	0	0	0	0	0	0	0	1120	0	0	0	0	0	0	0	0	0	136	0	118	0	118	0	0	0	1556	0	0	0	4204	480	246	0	0	0	0	188	756	924	1742	0	0	0	0	0	0	0	0	0	0	616	1052	148	0	0	0	
319784	Fusiform_L	538	0	646	0	0	0	0	0	0	0	0	0	0	0	0	0	0	0	368	0	0	0	0	0	0	0	0	0	3326	0	0	0	0	0	652	98	10476	0	5180	0	2394	0	2076	0	662	0	14720	1228	2456	0	10278	0	12306	154	0	352	0	0	0	0	0	0	0	0	0	0	944	0	254	0	0	0	1638	0	0	0	0	0	414	0	1578	0	3272	0	2980	0	1840	0	13454	0	19562	726	934	0	124	0	10640	182	25680	1144	242	0	416	0	120	350	0	0	0	0	1356	2982	400	370	380	0	
307084	Fusiform_R	0	650	0	382	0	0	0	0	0	0	0	0	0	1448	0	0	0	142	0	546	0	296	0	110	0	0	0	0	268	5670	0	128	0	0	0	138	0	18944	0	14276	0	5374	0	3852	0	1396	490	14478	0	1712	0	1772	114	8394	352	0	0	126	0	0	0	0	0	0	0	0	0	2448	0	0	276	432	0	6916	0	190	0	642	0	216	0	232	0	4900	0	1840	0	3232	0	12690	1964	7738	388	0	0	208	524	5630	2866	11644	0	0	0	238	0	0	0	0	0	0	2432	3900	938	0	0	0	
302020	Postcentral_L	30826	148	7386	102	0	0	2932	0	0	0	6408	0	1272	0	0	0	9008	0	5326	328	0	0	268	0	0	0	0	0	9152	0	232	124	714	0	344	0	0	0	0	0	0	0	132	0	1310	0	254	0	2018	0	7368	0	626	0	0	0	0	0	13372	0	17322	0	8224	0	1678	0	7522	312	5786	0	0	134	540	0	0	0	512	0	2754	0	3070	0	0	0	2068	0	0	0	1438	0	0	0	0	0	0	0	0	0	0	0	0	0	0	0	0	0	0	0	0	0	0	0	0	0	0	0	
197964	Postcentral_R	0	15106	0	444	0	0	0	0	0	0	0	2162	0	0	0	0	0	4116	238	1012	0	0	0	0	0	0	0	0	0	2346	0	0	0	1330	0	0	0	1024	0	0	0	0	0	1204	0	6402	0	0	0	5092	0	2336	0	114	0	126	0	0	0	5770	0	5562	0	12750	0	1702	0	11318	0	9742	214	948	0	1490	0	178	0	356	0	194	0	270	0	0	0	3488	0	0	0	1948	0	0	0	0	0	0	0	0	0	0	0	0	0	0	0	0	0	0	0	0	0	0	0	0	0	0	
173540	Parietal_Sup_L	1584	0	338	0	0	0	92	0	0	0	0	0	0	0	0	0	778	0	0	0	0	0	0	0	0	0	0	0	2318	0	0	0	0	0	0	0	0	0	0	0	0	0	0	0	806	606	0	0	9422	0	14150	0	1334	0	0	0	13372	0	0	0	11152	0	470	0	2402	0	18542	1912	1258	0	0	0	600	0	0	0	0	0	204	0	620	0	0	0	2878	0	0	0	1932	0	0	0	0	0	0	0	0	0	0	0	0	0	0	0	0	0	0	0	0	0	0	0	0	0	0	0	
65720	Parietal_Sup_R	0	0	0	0	0	0	0	0	0	0	0	0	0	0	0	0	0	0	0	0	0	0	0	0	0	0	0	0	0	0	0	0	0	0	0	0	0	0	0	0	0	0	0	100	0	6162	0	0	0	6418	0	870	0	0	0	0	0	5770	0	0	0	3326	0	222	0	1994	330	7572	0	96	0	0	0	0	0	0	0	0	0	0	0	0	0	0	0	0	0	0	0	0	0	0	0	0	0	0	0	0	0	0	0	0	0	0	0	0	0	0	0	0	0	0	0	0	0	0	
154052	Parietal_Inf_L	5238	0	1088	0	0	0	852	0	0	0	534	0	0	0	0	0	482	0	500	164	0	0	0	0	0	0	0	0	2588	0	0	0	0	0	0	0	0	0	0	0	0	0	0	0	0	0	0	0	1334	0	7978	0	234	0	0	0	17322	0	11152	0	0	0	12316	0	8246	0	1046	0	178	0	0	0	430	0	0	0	0	0	0	0	1700	0	0	0	1970	0	0	0	1674	0	0	0	0	0	0	0	0	0	0	0	0	0	0	0	0	0	0	0	0	0	0	0	0	0	0	0	
59404	Parietal_Inf_R	0	550	0	0	0	0	0	0	0	0	0	0	0	0	0	0	0	0	0	0	0	0	0	0	0	0	0	0	0	0	0	0	0	0	0	0	0	0	0	0	0	0	0	0	0	234	0	0	0	1344	0	2860	0	0	0	0	0	5562	0	3326	0	0	0	4804	0	9820	0	280	0	586	0	0	0	0	0	0	0	0	0	0	0	0	0	0	0	174	0	0	0	162	0	0	0	0	0	0	0	0	0	0	0	0	0	0	0	0	0	0	0	0	0	0	0	0	0	0	
91992	SupraMarginal_L	1846	0	310	0	0	0	182	0	0	0	344	0	0	0	0	0	1056	0	298	0	0	0	0	0	0	0	0	0	854	0	0	0	0	0	0	0	0	0	0	0	0	0	0	0	0	0	0	0	0	0	850	0	0	0	0	0	8224	0	470	0	12316	0	0	0	4422	0	426	0	0	0	0	0	0	0	0	0	0	0	0	0	6202	0	0	0	6388	0	0	0	1808	0	0	0	0	0	0	0	0	0	0	0	0	0	0	0	0	0	0	0	0	0	0	0	0	0	0	0	
81452	SupraMarginal_R	0	2930	0	258	0	0	0	0	0	0	0	204	0	0	0	0	0	3042	188	352	0	0	0	0	0	0	0	0	122	716	0	0	0	0	0	0	0	108	0	0	0	0	0	114	0	146	0	0	0	144	0	316	0	0	0	0	0	12750	0	222	0	4804	0	0	0	3074	0	844	0	850	280	934	0	108	0	0	0	0	0	0	0	3974	0	0	0	2506	0	0	0	1740	0	0	0	0	0	0	0	0	0	0	0	0	0	0	0	0	0	0	0	0	0	0	0	0	0	0	
101036	Angular_L	792	0	168	0	0	0	0	0	0	0	0	0	0	0	0	0	440	0	0	0	0	0	0	0	0	0	0	0	1136	0	0	0	0	0	0	0	0	0	0	0	0	0	0	0	0	0	0	0	116	0	15354	0	530	0	0	0	1678	0	2402	0	8246	0	4422	0	0	0	1170	0	0	0	0	0	244	0	0	0	0	0	350	0	2110	0	0	0	8136	0	0	0	3224	0	0	0	0	0	0	0	0	0	0	0	0	0	0	0	0	0	0	0	0	0	0	0	0	0	0	0	
88828	Angular_R	0	0	0	0	0	0	0	0	0	0	0	0	0	0	0	0	0	0	0	0	0	0	0	0	0	0	0	0	0	0	0	0	0	0	0	0	0	0	0	0	0	0	0	356	0	2618	0	0	0	5998	0	10852	0	0	0	0	0	1702	0	1994	0	9820	0	3074	0	0	0	2312	0	1618	0	0	0	0	0	0	0	0	0	0	0	1086	0	0	0	2808	0	0	0	176	0	0	0	0	0	0	0	0	0	0	0	0	0	0	0	0	0	0	0	0	0	0	0	0	0	0	
241044	Precuneus_L	610	0	234	0	0	0	0	0	0	0	0	0	0	0	0	0	682	0	94	0	0	0	0	0	0	0	0	0	658	0	0	0	2484	1134	5654	964	1492	0	1906	0	0	0	8560	548	8272	4606	3952	0	12712	964	15230	600	1452	0	944	0	7522	0	18542	330	1046	0	426	0	1170	0	0	10076	3272	0	0	0	286	0	0	0	0	0	196	0	464	0	0	0	2136	0	0	0	1084	0	0	0	0	0	0	0	220	0	0	0	0	0	0	0	0	0	0	0	0	0	0	0	0	0	0	0	
416820	Precuneus_R	146	2020	116	222	0	0	0	0	0	0	0	0	0	0	0	0	0	1058	0	7528	0	0	0	0	0	0	0	0	0	436	0	0	1198	11918	1672	10164	362	3986	0	1032	0	0	358	18638	1284	34936	0	6426	1920	22288	1344	10406	398	1120	0	2448	312	11318	1912	7572	0	280	0	844	0	2312	10076	0	738	14998	0	0	0	0	0	0	0	428	0	0	0	314	0	0	326	3248	0	0	0	4426	0	0	0	0	0	0	0	1980	94	0	0	0	0	0	0	0	0	0	0	94	3714	0	0	0	0	0	
234188	Paracentral_Lobule_L	31778	1928	9842	1482	0	0	472	0	0	0	0	0	0	0	0	0	272	0	13774	5010	0	0	0	0	0	0	0	0	636	94	0	0	3260	1486	3952	1156	2574	668	0	134	0	0	0	0	2264	0	382	0	1006	0	2774	0	232	0	254	0	5786	0	1258	0	178	0	0	0	0	0	3272	738	0	804	1374	666	3182	130	194	0	9870	1410	0	0	352	0	0	0	1344	0	0	0	1106	0	0	0	0	0	0	0	0	0	0	0	0	0	0	0	0	0	0	0	0	0	0	0	0	0	0	0	
129448	Paracentral_Lobule_R	0	1796	0	100	0	0	0	0	0	0	0	0	0	0	0	0	0	288	0	8028	0	0	0	0	0	0	0	0	0	0	0	0	338	7562	0	1500	0	0	0	0	0	0	0	2626	0	5222	0	0	0	3224	0	1888	0	0	0	0	0	9742	0	96	0	586	0	850	0	1618	0	14998	804	0	0	0	0	0	0	0	0	0	0	0	0	0	0	0	0	2288	0	0	0	1170	0	0	0	0	0	0	0	0	0	0	0	0	0	0	0	0	0	0	0	0	0	0	0	0	0	0	
329432	Caudate_L	1478	6894	4526	7272	1874	0	1026	4946	222	0	742	4832	960	168	2722	420	296	0	3578	8376	6578	5566	1418	224	346	0	2484	94	16618	1122	8240	4790	0	216	92	0	1012	1812	154	242	0	0	0	0	0	0	0	0	0	0	0	0	0	0	0	276	0	214	0	0	0	0	0	280	0	0	0	0	1374	0	0	16202	23498	5788	1444	496	7586	3760	1506	0	444	0	188	0	0	0	0	0	212	108	0	0	0	0	0	0	0	0	0	0	0	0	0	0	0	0	0	0	0	0	0	0	0	0	0	0	
418424	Caudate_R	874	6550	1282	15232	0	2048	206	1768	0	248	0	3474	0	1070	0	2972	0	984	2314	28584	3762	6690	904	8538	0	3336	590	1534	1464	5144	6046	23764	252	2410	0	0	118	1444	0	352	0	0	0	0	0	0	0	0	0	0	0	0	0	0	0	432	134	948	0	0	0	0	0	934	0	0	0	0	666	0	16202	0	6590	24838	404	2278	1326	20306	200	0	0	0	0	0	0	0	0	0	0	0	0	0	0	0	0	0	0	0	0	0	0	0	0	0	0	0	0	0	0	0	0	0	0	0	0	0	
357660	Putamen_L	3902	1508	14616	1820	5692	0	2874	1084	990	0	238	632	636	0	6620	222	100	0	12422	2300	4130	3930	2040	148	430	100	1458	0	25408	370	8140	3030	0	100	0	0	8162	322	490	0	284	0	0	0	0	0	0	0	0	0	1158	0	548	0	1638	0	540	0	600	0	430	0	0	0	244	0	286	0	3182	0	23498	6590	0	2572	5666	232	1702	202	1700	0	1974	0	688	0	4614	0	0	0	6568	0	0	0	0	0	0	0	0	0	0	0	0	0	0	0	0	0	0	0	0	0	0	0	0	0	0	0	
401912	Putamen_R	148	3114	282	14516	0	2406	0	3662	0	1804	0	5580	0	6968	0	9572	0	3720	226	12694	2058	3240	298	6410	0	3920	392	1388	2280	28382	2800	13088	118	468	102	160	282	11450	0	4210	0	1074	0	0	0	0	0	0	0	0	0	0	0	0	0	6916	0	1490	0	0	0	0	0	108	0	0	0	0	130	0	5788	24838	2572	0	0	4842	186	1558	240	106	0	642	0	662	0	616	0	0	0	3450	0	0	0	0	0	0	0	0	0	0	0	0	0	0	0	0	0	0	0	0	0	0	0	0	0	0	
32272	Pallidum_L	92	246	728	0	0	0	0	0	0	0	0	0	0	0	0	0	0	0	4008	594	0	170	0	0	0	0	0	0	0	0	0	0	0	138	0	0	1034	0	188	0	0	0	0	0	0	0	0	0	0	0	0	0	0	0	0	0	0	0	0	0	0	0	0	0	0	0	0	0	194	0	1444	404	5666	0	0	0	1230	0	0	0	0	0	0	0	0	0	0	0	0	0	0	0	0	0	0	0	0	0	0	0	0	0	0	0	0	0	0	0	0	0	0	0	0	0	0	0	
44344	Pallidum_R	0	364	0	5718	0	0	0	1110	0	0	0	328	0	294	0	0	0	466	0	3086	0	204	0	0	0	0	0	0	110	626	0	244	0	0	0	0	0	550	0	354	0	0	0	0	0	0	0	0	0	0	0	0	0	0	0	190	0	178	0	0	0	0	0	0	0	0	0	0	0	0	496	2278	232	4842	0	0	0	502	0	0	0	0	0	0	0	0	0	0	0	0	0	0	0	0	0	0	0	0	0	0	0	0	0	0	0	0	0	0	0	0	0	0	0	0	0	0	
147256	Thalamus_L	10922	1630	8336	494	0	0	128	0	0	0	0	0	0	0	0	0	0	0	9642	2656	0	0	0	0	0	0	0	0	1390	174	0	0	0	0	1804	3074	3134	2360	160	864	0	0	0	0	0	0	0	404	0	0	0	0	0	0	0	0	512	0	0	0	0	0	0	0	0	0	0	0	9870	0	7586	1326	1702	186	1230	0	0	3390	270	0	0	0	0	0	0	0	0	0	0	0	0	0	0	0	0	0	0	384	0	0	0	0	0	0	0	0	0	0	0	0	0	0	0	0	0	0	
163832	Thalamus_R	1350	9012	794	6484	0	0	0	1430	0	0	0	1236	0	0	0	0	0	176	648	15472	0	0	0	0	0	0	0	0	924	486	116	954	0	0	446	1852	478	4726	0	1618	0	0	0	0	0	0	0	422	0	0	0	0	0	136	0	642	0	356	0	0	0	0	0	0	0	0	0	428	1410	0	3760	20306	202	1558	0	502	3390	0	176	0	0	0	0	0	0	0	0	0	0	118	0	0	0	0	0	0	0	308	0	0	0	0	0	0	0	0	0	0	0	0	0	0	0	0	0	0	
113336	Heschl_L	6406	152	2916	396	0	0	1546	0	0	0	704	0	152	0	0	0	2886	0	3356	664	0	0	0	0	0	0	0	0	12728	0	0	108	0	0	0	0	254	156	0	0	0	0	0	0	0	0	0	0	276	0	3380	0	1288	0	414	0	2754	0	204	0	0	0	0	0	350	0	196	0	0	0	1506	200	1700	240	0	0	270	176	0	0	1814	0	0	0	6942	0	0	0	2534	0	0	0	0	0	0	0	0	0	0	0	0	0	0	0	0	0	0	0	0	0	0	0	0	0	0	0	
16096	Heschl_R	0	218	0	204	0	0	0	0	0	0	0	296	0	0	0	0	0	1168	0	170	0	0	0	0	0	0	0	0	0	716	0	0	0	0	0	0	0	440	0	0	0	0	0	0	0	0	0	0	0	0	0	0	0	118	0	216	0	194	0	0	0	0	0	0	0	0	0	0	0	0	0	0	0	106	0	0	0	0	0	0	0	3152	0	0	0	634	0	0	0	416	0	0	0	0	0	0	0	0	0	0	0	0	0	0	0	0	0	0	0	0	0	0	0	0	0	0	
180172	Temporal_Sup_L	3168	0	1550	0	0	0	608	0	0	0	1924	0	198	0	0	0	4816	0	1256	138	0	0	174	0	0	0	0	0	10928	0	96	0	0	0	0	0	2010	0	0	0	0	0	0	0	0	0	0	0	0	0	1808	0	142	0	1578	0	3070	0	620	0	1700	0	6202	0	2110	0	464	0	352	0	444	0	1974	0	0	0	0	0	1814	0	0	0	4784	0	23380	0	622	0	12156	0	0	0	0	0	0	0	0	0	0	0	0	0	0	0	0	0	0	0	0	0	0	0	0	0	0	0	
71292	Temporal_Sup_R	0	326	0	194	0	0	0	0	0	0	0	0	0	0	0	1072	0	2838	0	226	0	0	0	0	0	0	0	0	0	4106	0	0	0	0	0	0	0	482	0	0	0	0	0	0	0	140	0	0	0	130	0	220	0	118	0	232	0	270	0	0	0	0	0	3974	0	1086	0	314	0	0	0	0	0	642	0	0	0	0	0	3152	0	0	0	3222	0	10198	0	568	0	2136	0	0	0	0	0	0	0	0	0	0	0	0	0	0	0	0	0	0	0	0	0	0	0	0	0	0	
87424	Temporal_Pole_Sup_L	0	0	418	158	610	0	194	0	650	0	1624	0	1244	0	1358	0	536	0	302	168	282	0	0	0	0	0	0	0	3822	0	0	0	0	0	0	0	822	0	1710	0	606	0	0	0	0	0	0	0	0	0	0	0	0	0	3272	0	0	0	0	0	0	0	0	0	0	0	0	0	0	0	188	0	688	0	0	0	0	0	0	0	4784	0	0	0	8732	0	4836	0	6708	0	0	0	0	0	0	0	0	0	0	0	0	0	0	0	0	0	0	0	0	0	0	0	0	0	0	0	
61616	Temporal_Pole_Sup_R	0	0	0	106	0	108	0	0	0	0	0	294	0	118	0	1646	0	322	0	124	0	702	0	0	0	0	0	0	0	2656	0	0	0	0	0	0	0	418	0	4036	0	1760	0	0	0	0	0	0	0	0	0	0	0	0	0	4900	0	0	0	0	0	0	0	0	0	0	0	0	0	0	0	0	0	662	0	0	0	0	0	0	0	3222	0	0	0	2056	0	6560	0	1118	0	0	0	0	0	0	0	0	0	0	0	0	0	0	0	0	0	0	0	0	0	0	0	0	0	0	
338612	Temporal_Mid_L	4966	0	2244	0	0	0	1094	0	0	0	0	0	0	0	0	0	636	0	1724	126	0	0	0	0	0	0	0	0	11352	0	0	0	0	0	0	0	1372	0	0	0	0	0	0	0	542	0	198	0	1174	0	20160	0	2438	0	2980	0	2068	0	2878	0	1970	0	6388	0	8136	0	2136	326	1344	0	0	0	4614	0	0	0	0	0	6942	0	23380	0	8732	0	0	0	5462	0	43924	0	0	0	0	0	0	0	0	0	0	0	0	0	0	0	0	0	0	0	0	0	0	0	0	0	0	0	
168132	Temporal_Mid_R	0	1350	0	784	0	0	0	0	0	0	0	0	0	188	0	0	0	650	0	1098	0	0	0	0	0	0	0	0	0	1474	0	0	0	0	0	0	0	1632	0	816	0	946	0	1358	0	2120	0	158	0	1760	0	11012	0	1556	0	1840	0	3488	0	0	0	174	0	2506	0	2808	0	3248	0	2288	0	0	0	616	0	0	0	0	0	634	0	10198	0	2056	0	0	0	2194	0	25114	0	0	0	0	0	0	0	0	0	0	0	0	0	0	0	0	0	0	0	0	0	0	0	0	0	0	
33700	Temporal_Pole_Mid_L	0	0	0	0	0	0	0	0	0	0	0	0	0	0	0	0	0	0	0	0	0	0	0	0	0	0	0	0	0	0	0	0	0	0	0	0	0	0	602	0	0	0	0	0	0	0	0	0	0	0	0	0	0	0	1840	0	0	0	0	0	0	0	0	0	0	0	0	0	0	0	0	0	0	0	0	0	0	0	0	0	622	0	4836	0	5462	0	0	0	3488	0	0	0	0	0	0	0	0	0	0	0	0	0	0	0	0	0	0	0	0	0	0	0	0	0	0	0	
33708	Temporal_Pole_Mid_R	0	0	0	0	0	0	0	0	0	0	0	0	0	0	0	0	0	0	0	0	0	0	0	0	0	0	0	0	0	0	0	0	0	0	0	0	0	0	0	2398	0	194	0	0	0	0	0	0	0	0	0	0	0	0	0	3232	0	0	0	0	0	0	0	0	0	0	0	0	0	0	0	0	0	0	0	0	0	0	0	0	0	568	0	6560	0	2194	0	0	0	1708	0	0	0	0	0	0	0	0	0	0	0	0	0	0	0	0	0	0	0	0	0	0	0	0	0	0	
303520	Temporal_Inf_L	2630	0	850	0	0	0	500	0	0	0	110	0	0	0	0	0	472	0	452	0	0	0	0	0	0	0	0	0	10958	0	0	0	0	0	0	0	9744	0	404	0	920	0	0	0	0	0	0	0	288	0	8620	0	4638	0	13454	0	1438	0	1932	0	1674	0	1808	0	3224	0	1084	0	1106	0	212	0	6568	0	0	0	0	0	2534	0	12156	0	6708	0	43924	0	3488	0	0	0	4712	0	902	0	0	0	0	0	2134	0	1066	0	1050	0	0	0	0	0	0	0	0	0	0	0	0	0	
181432	Temporal_Inf_R	0	2002	0	1100	0	0	0	0	0	0	0	0	0	1496	0	0	0	562	0	1448	0	0	0	0	0	0	0	0	98	4578	0	0	0	0	0	830	0	6708	0	2104	0	1244	0	1552	0	1424	0	220	0	1010	0	2234	0	4204	0	12690	0	1948	0	0	0	162	0	1740	0	176	0	4426	0	1170	108	0	0	3450	0	0	0	118	0	416	0	2136	0	1118	0	25114	0	1708	0	0	0	1098	0	0	0	0	0	0	0	0	0	0	0	0	0	0	0	0	0	0	324	0	0	0	0	0	
487340	Cerebelum_Crus1_L	0	0	0	0	0	0	0	0	0	0	0	0	0	0	0	0	0	0	0	0	0	0	0	0	0	0	0	0	0	0	0	0	0	0	0	0	0	0	120	0	0	0	0	0	0	0	3246	3478	0	0	322	0	580	480	19562	1964	0	0	0	0	0	0	0	0	0	0	0	0	0	0	0	0	0	0	0	0	0	0	0	0	0	0	0	0	0	0	0	0	4712	0	0	12860	34654	4006	266	0	12622	430	53124	13118	14734	96	21780	1106	2928	1996	710	110	0	0	2396	13034	13424	3058	2754	0	
471768	Cerebelum_Crus1_R	0	0	0	0	0	0	0	0	0	0	0	0	0	0	0	0	0	0	0	0	0	0	0	0	0	0	0	0	0	0	0	0	0	0	0	0	0	0	0	0	0	0	0	0	0	0	318	2782	0	0	0	0	0	246	726	7738	0	0	0	0	0	0	0	0	0	0	0	0	0	0	0	0	0	0	0	0	0	0	0	0	0	0	0	0	0	0	0	0	0	1098	12860	0	5020	37364	0	1158	1430	13908	5986	53390	1358	7912	3198	32884	950	4500	176	150	300	1186	5782	10408	16880	2946	2990	240	
295808	Cerebelum_Crus2_L	0	0	0	0	0	0	0	0	0	0	0	0	0	0	0	0	0	0	0	0	0	0	0	0	0	0	0	0	0	0	0	0	0	0	0	0	0	0	0	0	0	0	0	0	0	0	374	584	0	0	0	0	98	0	934	388	0	0	0	0	0	0	0	0	0	0	0	0	0	0	0	0	0	0	0	0	0	0	0	0	0	0	0	0	0	0	0	0	902	0	34654	5020	0	6384	0	0	504	0	6616	3376	35522	1470	30524	2272	2234	558	444	0	0	0	104	3300	8536	2332	774	0	
261980	Cerebelum_Crus2_R	0	0	0	0	0	0	0	0	0	0	0	0	0	0	0	0	0	0	0	0	0	0	0	0	0	0	0	0	0	0	0	0	0	0	0	0	0	0	0	0	0	0	0	0	0	0	0	144	0	0	0	0	0	0	0	0	0	0	0	0	0	0	0	0	0	0	0	0	0	0	0	0	0	0	0	0	0	0	0	0	0	0	0	0	0	0	0	0	0	0	4006	37364	6384	0	0	264	0	930	220	5940	3378	19530	4242	28450	658	3732	112	96	0	178	236	586	9870	2956	1714	0	
9636	Cerebelum_3_L	0	0	0	0	0	0	0	0	0	0	0	0	0	0	0	0	0	0	0	0	0	0	0	0	0	0	0	0	0	0	0	0	0	0	0	0	0	0	0	0	0	0	0	0	0	0	222	0	0	0	0	0	0	0	124	0	0	0	0	0	0	0	0	0	0	0	0	0	0	0	0	0	0	0	0	0	0	0	0	0	0	0	0	0	0	0	0	0	0	0	266	0	0	0	0	0	2884	0	492	0	0	0	0	0	212	0	0	0	424	194	0	0	0	0	0	0	
29660	Cerebelum_3_R	0	0	0	0	0	0	0	0	0	0	0	0	0	0	0	0	0	0	0	0	0	0	0	0	0	0	0	0	0	0	0	0	0	0	0	0	0	0	0	394	0	0	0	0	0	0	0	384	0	0	0	0	0	0	0	208	0	0	0	0	0	0	0	0	0	0	0	0	0	0	0	0	0	0	0	0	0	0	0	0	0	0	0	0	0	0	0	0	0	0	0	1158	0	264	0	0	0	4478	0	4196	0	0	0	814	0	440	0	0	516	1584	170	0	224	0	0	0	
179892	Cerebelum_4_5_L	0	0	0	0	0	0	0	0	0	0	0	0	0	0	0	0	0	0	0	0	0	0	0	0	0	0	0	0	0	0	0	0	0	0	0	0	170	0	590	0	0	0	0	0	0	0	6188	1550	0	0	146	0	344	188	10640	524	0	0	0	0	0	0	0	0	0	0	220	0	0	0	0	0	0	0	0	0	0	0	0	0	0	0	0	0	0	0	0	0	0	0	12622	1430	504	0	2884	0	0	1264	26868	2718	0	0	0	320	3714	730	732	0	360	606	9580	3126	0	366	740	822	
171740	Cerebelum_4_5_R	0	0	0	0	0	0	0	0	0	0	0	0	0	0	0	0	0	0	0	0	0	0	0	0	0	0	0	0	0	0	0	0	0	0	584	1286	636	2064	0	2826	0	0	0	202	0	0	148	7120	0	0	0	0	0	756	182	5630	0	0	0	0	0	0	0	0	0	0	0	1980	0	0	0	0	0	0	0	0	384	308	0	0	0	0	0	0	0	0	0	0	0	0	430	13908	0	930	0	4478	1264	0	848	22602	0	0	0	3370	172	572	0	0	200	2014	8968	630	634	174	216	354	
404672	Cerebelum_6_L	0	0	0	0	0	0	0	0	0	0	0	0	0	0	0	0	0	0	0	0	0	0	0	0	0	0	0	0	0	0	0	0	0	0	0	0	0	0	98	0	0	0	0	0	0	0	8324	5724	0	0	1344	0	2010	924	25680	2866	0	0	0	0	0	0	0	0	0	0	0	94	0	0	0	0	0	0	0	0	0	0	0	0	0	0	0	0	0	0	0	0	2134	0	53124	5986	6616	220	492	0	26868	848	0	9852	3690	0	5528	252	2676	1752	862	0	174	350	6716	18228	3972	2140	2410	382	
403980	Cerebelum_6_R	0	0	0	0	0	0	0	0	0	0	0	0	0	0	0	0	0	0	0	0	0	0	0	0	0	0	0	0	0	0	0	0	0	0	0	0	0	0	0	0	0	0	0	92	0	0	774	6768	0	0	0	0	142	1742	1144	11644	0	0	0	0	0	0	0	0	0	0	0	0	0	0	0	0	0	0	0	0	0	0	0	0	0	0	0	0	0	0	0	0	0	0	13118	53390	3376	5940	0	4196	2718	22602	9852	0	120	808	1458	13230	756	2732	140	166	338	1810	9572	15128	12940	2402	2356	536	
230184	Cerebelum_7b_L	0	0	0	0	0	0	0	0	0	0	0	0	0	0	0	0	0	0	0	0	0	0	0	0	0	0	0	0	0	0	0	0	0	0	0	0	0	0	0	0	0	0	0	0	0	0	0	0	0	0	0	0	0	0	242	0	0	0	0	0	0	0	0	0	0	0	0	0	0	0	0	0	0	0	0	0	0	0	0	0	0	0	0	0	0	0	0	0	1066	0	14734	1358	35522	3378	0	0	0	0	3690	120	0	2442	35182	4164	3060	408	618	0	0	0	0	496	3272	4634	706	0	
115064	Cerebelum_7b_R	0	0	0	0	0	0	0	0	0	0	0	0	0	0	0	0	0	0	0	0	0	0	0	0	0	0	0	0	0	0	0	0	0	0	0	0	0	0	0	0	0	0	0	0	0	0	0	0	0	0	0	0	0	0	0	0	0	0	0	0	0	0	0	0	0	0	0	0	0	0	0	0	0	0	0	0	0	0	0	0	0	0	0	0	0	0	0	0	0	0	96	7912	1470	19530	0	0	0	0	0	808	2442	0	2154	18042	0	1142	0	0	0	0	0	0	874	2912	150	0	
300348	Cerebelum_8_L	0	0	0	0	0	0	0	0	0	0	0	0	0	0	0	0	0	0	0	0	0	0	0	0	0	0	0	0	0	0	0	0	0	0	0	0	0	0	0	0	0	0	0	0	0	0	0	0	0	0	0	0	0	0	416	0	0	0	0	0	0	0	0	0	0	0	0	0	0	0	0	0	0	0	0	0	0	0	0	0	0	0	0	0	0	0	0	0	1050	0	21780	3198	30524	4242	0	0	0	0	5528	1458	35182	2154	0	6010	14908	1890	2418	0	0	0	0	1048	5146	9396	3826	0	
282628	Cerebelum_8_R	0	0	0	0	0	0	0	0	0	0	0	0	0	0	0	0	0	0	0	0	0	0	0	0	0	0	0	0	0	0	0	0	0	0	0	0	0	0	0	0	0	0	0	0	0	0	0	252	0	0	0	0	0	0	0	238	0	0	0	0	0	0	0	0	0	0	0	0	0	0	0	0	0	0	0	0	0	0	0	0	0	0	0	0	0	0	0	0	0	0	1106	32884	2272	28450	0	814	320	3370	252	13230	4164	18042	6010	0	574	12924	0	584	230	286	1134	260	2882	7884	3152	0	
113956	Cerebelum_9_L	0	0	0	0	0	0	0	0	0	0	0	0	0	0	0	0	0	0	0	0	0	0	0	0	0	0	0	0	0	0	0	0	0	0	0	0	0	0	0	0	0	0	0	0	0	0	0	278	0	0	0	0	0	0	120	0	0	0	0	0	0	0	0	0	0	0	0	0	0	0	0	0	0	0	0	0	0	0	0	0	0	0	0	0	0	0	0	0	0	0	2928	950	2234	658	212	0	3714	172	2676	756	3060	0	14908	574	0	2380	4808	0	0	0	2772	2512	1536	4242	4408	1080	
119728	Cerebelum_9_R	0	0	0	0	0	0	0	0	0	0	0	0	0	0	0	0	0	0	0	0	0	0	0	0	0	0	0	0	0	0	0	0	0	0	0	0	0	0	0	0	0	0	0	0	0	0	0	0	0	0	0	0	0	0	350	0	0	0	0	0	0	0	0	0	0	0	0	0	0	0	0	0	0	0	0	0	0	0	0	0	0	0	0	0	0	0	0	0	0	0	1996	4500	558	3732	0	440	730	572	1752	2732	408	1142	1890	12924	2380	0	236	974	266	232	1436	3596	2356	5376	7774	1512	
30552	Cerebelum_10_L	0	0	0	0	0	0	0	0	0	0	0	0	0	0	0	0	0	0	0	0	0	0	0	0	0	0	0	0	0	0	0	0	0	0	0	0	0	0	0	0	0	0	0	0	0	0	0	0	0	0	0	0	0	0	0	0	0	0	0	0	0	0	0	0	0	0	0	0	0	0	0	0	0	0	0	0	0	0	0	0	0	0	0	0	0	0	0	0	0	0	710	176	444	112	0	0	732	0	862	140	618	0	2418	0	4808	236	0	0	0	0	576	1184	232	792	938	298	
5016	Cerebelum_10_R	0	0	0	0	0	0	0	0	0	0	0	0	0	0	0	0	0	0	0	0	0	0	0	0	0	0	0	0	0	0	0	0	0	0	0	0	0	0	0	0	0	0	0	0	0	0	0	0	0	0	0	0	0	0	0	0	0	0	0	0	0	0	0	0	0	0	0	0	0	0	0	0	0	0	0	0	0	0	0	0	0	0	0	0	0	0	0	0	0	0	110	150	0	96	0	0	0	0	0	166	0	0	0	584	0	974	0	0	0	0	0	0	114	164	150	0	
12420	Vermis_1_2	0	0	0	0	0	0	0	0	0	0	0	0	0	0	0	0	0	0	0	0	0	0	0	0	0	0	0	0	0	0	0	0	0	0	0	0	0	0	0	0	0	0	0	0	0	0	0	0	0	0	0	0	0	0	0	0	0	0	0	0	0	0	0	0	0	0	0	0	0	0	0	0	0	0	0	0	0	0	0	0	0	0	0	0	0	0	0	0	0	0	0	300	0	0	424	516	360	200	174	338	0	0	0	230	0	266	0	0	0	2838	564	0	0	0	0	0	
26772	Vermis_3	0	0	0	0	0	0	0	0	0	0	0	0	0	0	0	0	0	0	0	0	0	0	0	0	0	0	0	0	0	0	0	0	0	0	0	0	0	0	0	0	0	0	0	0	0	0	0	182	0	0	0	0	0	0	0	0	0	0	0	0	0	0	0	0	0	0	0	94	0	0	0	0	0	0	0	0	0	0	0	0	0	0	0	0	0	0	0	0	0	0	0	1186	0	178	194	1584	606	2014	350	1810	0	0	0	286	0	232	0	0	2838	0	1670	0	162	0	0	0	
158556	Vermis_4_5	0	0	0	0	0	0	0	0	0	0	0	0	0	0	0	0	0	0	0	0	0	0	0	0	0	0	0	0	0	0	0	0	0	0	144	2520	0	1468	0	434	0	0	0	362	0	194	852	5572	0	0	0	0	142	616	1356	2432	0	0	0	0	0	0	0	0	0	0	0	3714	0	0	0	0	0	0	0	0	0	0	0	0	0	0	0	0	0	0	0	0	0	324	2396	5782	104	236	0	170	9580	8968	6716	9572	0	0	0	1134	2772	1436	576	0	564	1670	0	4084	246	198	888	2056	
225424	Vermis_6	0	0	0	0	0	0	0	0	0	0	0	0	0	0	0	0	0	0	0	0	0	0	0	0	0	0	0	0	0	0	0	0	0	0	0	0	0	0	0	0	0	0	0	92	0	0	2404	6726	0	0	498	0	806	1052	2982	3900	0	0	0	0	0	0	0	0	0	0	0	0	0	0	0	0	0	0	0	0	0	0	0	0	0	0	0	0	0	0	0	0	0	0	13034	10408	3300	586	0	0	3126	630	18228	15128	496	0	1048	260	2512	3596	1184	0	0	0	4084	0	6992	3360	4264	2016	
204780	Vermis_7	0	0	0	0	0	0	0	0	0	0	0	0	0	0	0	0	0	0	0	0	0	0	0	0	0	0	0	0	0	0	0	0	0	0	0	0	0	0	0	0	0	0	0	0	0	0	408	1398	0	0	0	0	0	148	400	938	0	0	0	0	0	0	0	0	0	0	0	0	0	0	0	0	0	0	0	0	0	0	0	0	0	0	0	0	0	0	0	0	0	0	13424	16880	8536	9870	0	224	0	634	3972	12940	3272	874	5146	2882	1536	2356	232	114	0	162	246	6992	0	4984	3822	0	
141008	Vermis_8	0	0	0	0	0	0	0	0	0	0	0	0	0	0	0	0	0	0	0	0	0	0	0	0	0	0	0	0	0	0	0	0	0	0	0	0	0	0	0	0	0	0	0	0	0	0	0	0	0	0	0	0	0	0	370	0	0	0	0	0	0	0	0	0	0	0	0	0	0	0	0	0	0	0	0	0	0	0	0	0	0	0	0	0	0	0	0	0	0	0	3058	2946	2332	2956	0	0	366	174	2140	2402	4634	2912	9396	7884	4242	5376	792	164	0	0	198	3360	4984	0	9336	482	
