data	data	538040	366096	970232	871960	172976	137536	565264	230564	100108	64368	229372	181580	287704	130892	158052	184156	175924	86088	819812	709228	108540	135404	360592	412064	50004	102744	68716	107740	509680	274652	329456	468876	152392	634524	118588	171876	245424	319328	80192	184784	35700	54048	218680	313964	170964	387196	286068	237888	225212	388820	554732	279256	204800	57236	394212	398200	324188	166736	242980	112716	245768	117712	131356	93692	209692	145244	422556	443504	287364	120512	336096	497932	303372	335580	55548	26640	164980	241700	79880	22020	188860	123772	92148	74556	342060	211320	17396	21068	268004	154748	444508	328556	257064	238236	29004	49108	282244	218204	433656	345280	184152	137348	259504	275544	112460	123760	13016	13912	18768	33124	223888	200708	187600	123080	91192	34424	
data	data	Precentral_L	Precentral_R	Frontal_Sup_L	Frontal_Sup_R	Frontal_Sup_Orb_L	Frontal_Sup_Orb_R	Frontal_Mid_L	Frontal_Mid_R	Frontal_Mid_Orb_L	Frontal_Mid_Orb_R	Frontal_Inf_Oper_L	Frontal_Inf_Oper_R	Frontal_Inf_Tri_L	Frontal_Inf_Tri_R	Frontal_Inf_Orb_L	Frontal_Inf_Orb_R	Rolandic_Oper_L	Rolandic_Oper_R	Supp_Motor_Area_L	Supp_Motor_Area_R	Olfactory_L	Olfactory_R	Frontal_Sup_Medial_L	Frontal_Sup_Medial_R	Frontal_Med_Orb_L	Frontal_Med_Orb_R	Rectus_L	Rectus_R	Insula_L	Insula_R	Cingulum_Ant_L	Cingulum_Ant_R	Cingulum_Mid_L	Cingulum_Mid_R	Cingulum_Post_L	Cingulum_Post_R	Hippocampus_L	Hippocampus_R	ParaHippocampal_L	ParaHippocampal_R	Amygdala_L	Amygdala_R	Calcarine_L	Calcarine_R	Cuneus_L	Cuneus_R	Lingual_L	Lingual_R	Occipital_Sup_L	Occipital_Sup_R	Occipital_Mid_L	Occipital_Mid_R	Occipital_Inf_L	Occipital_Inf_R	Fusiform_L	Fusiform_R	Postcentral_L	Postcentral_R	Parietal_Sup_L	Parietal_Sup_R	Parietal_Inf_L	Parietal_Inf_R	SupraMarginal_L	SupraMarginal_R	Angular_L	Angular_R	Precuneus_L	Precuneus_R	Paracentral_Lobule_L	Paracentral_Lobule_R	Caudate_L	Caudate_R	Putamen_L	Putamen_R	Pallidum_L	Pallidum_R	Thalamus_L	Thalamus_R	Heschl_L	Heschl_R	Temporal_Sup_L	Temporal_Sup_R	Temporal_Pole_Sup_L	Temporal_Pole_Sup_R	Temporal_Mid_L	Temporal_Mid_R	Temporal_Pole_Mid_L	Temporal_Pole_Mid_R	Temporal_Inf_L	Temporal_Inf_R	Cerebelum_Crus1_L	Cerebelum_Crus1_R	Cerebelum_Crus2_L	Cerebelum_Crus2_R	Cerebelum_3_L	Cerebelum_3_R	Cerebelum_4_5_L	Cerebelum_4_5_R	Cerebelum_6_L	Cerebelum_6_R	Cerebelum_7b_L	Cerebelum_7b_R	Cerebelum_8_L	Cerebelum_8_R	Cerebelum_9_L	Cerebelum_9_R	Cerebelum_10_L	Cerebelum_10_R	Vermis_1_2	Vermis_3	Vermis_4_5	Vermis_6	Vermis_7	Vermis_8	Vermis_9	Vermis_10	
538040	Precentral_L	0	2176	17222	882	184	0	30486	0	0	0	11990	0	2580	0	0	0	9116	0	6624	7680	0	0	436	0	0	0	0	0	13650	0	802	126	138	3572	3100	798	10198	0	744	0	0	0	338	0	116	0	370	0	352	0	4408	0	744	0	628	0	27866	538	3718	0	6472	0	1614	0	4202	0	3968	160	27436	2996	12340	2462	13366	0	5906	0	17522	2022	3874	0	1144	0	0	0	1284	0	0	0	670	0	0	0	0	0	0	0	0	0	0	0	0	0	0	0	0	0	0	0	0	0	0	0	0	0	0	0	
366096	Precentral_R	2176	0	1008	40710	0	0	516	6258	0	0	0	3942	0	144	0	0	0	2526	4276	9234	0	0	0	0	0	0	0	0	0	1634	0	138	310	1818	1532	4670	648	11270	228	994	0	0	0	870	0	2168	0	184	0	2430	0	1718	0	88	0	906	0	14316	0	370	0	846	0	2968	0	890	304	4782	4686	4872	990	10694	128	2020	0	544	3558	25216	0	842	0	590	0	0	0	982	0	0	0	1054	0	0	0	0	0	0	0	0	0	0	0	0	0	0	0	0	0	0	0	0	0	0	0	0	0	0	
970232	Frontal_Sup_L	17222	1008	0	10046	11732	652	79116	388	4970	586	21626	154	23540	354	6186	1480	7516	248	86026	11482	0	0	45258	15048	1340	678	0	0	28674	146	20448	12264	2322	13246	178	92	2928	0	128	0	0	0	0	0	0	0	0	0	0	0	96	0	0	0	506	0	2314	0	0	0	184	0	432	0	104	0	0	0	2472	0	12964	11476	12214	428	2614	0	3248	2368	606	0	2874	0	2060	0	526	0	0	0	548	0	0	0	0	0	0	0	0	0	0	0	0	0	0	0	0	0	0	0	0	0	0	0	0	0	0	0	
871960	Frontal_Sup_R	882	40710	10046	0	0	2928	1640	37360	0	1186	0	11400	1076	6614	0	11284	0	2626	21888	51670	230	998	11498	42336	0	2722	0	1180	0	8092	1904	29996	2290	39060	1366	4242	622	9052	220	1376	0	0	0	0	0	0	0	162	0	0	0	0	0	0	0	1096	0	1510	0	0	0	0	0	462	0	0	0	1322	2604	112	1072	25144	292	12988	0	930	3440	24532	0	150	0	188	0	160	0	588	0	0	0	734	0	0	0	0	0	0	0	0	0	0	0	0	0	0	0	0	0	0	0	0	0	0	0	0	0	0	
172976	Frontal_Sup_Orb_L	184	0	11732	0	0	506	3896	0	13172	352	370	0	2960	0	9546	0	0	0	1898	0	2672	900	3358	448	3814	662	5546	662	8972	0	5874	450	0	0	0	0	0	0	0	0	0	0	0	0	0	0	0	0	0	0	0	0	0	0	0	0	0	0	0	0	0	0	0	0	0	0	0	0	0	0	2004	210	5260	0	0	0	0	0	0	0	0	0	1040	0	0	0	0	0	0	0	0	0	0	0	0	0	0	0	0	0	0	0	0	0	0	0	0	0	0	0	0	0	0	0	0	0	
137536	Frontal_Sup_Orb_R	0	0	652	2928	506	0	0	2034	188	8808	0	0	0	748	170	5616	0	0	572	372	2732	5260	600	2508	716	6822	988	11266	140	1812	1214	1646	0	0	0	0	0	0	0	0	0	0	0	0	0	0	0	0	0	0	0	0	0	0	0	0	0	0	0	0	0	0	0	0	0	0	0	0	0	0	2988	3968	1134	2074	0	0	0	0	0	0	0	0	0	306	0	0	0	0	0	0	0	0	0	0	0	0	0	0	0	0	0	0	0	0	0	0	0	0	0	0	0	0	0	0	0	0	
565264	Frontal_Mid_L	30486	516	79116	1640	3896	0	0	0	4672	0	15332	0	35942	0	6306	0	6464	0	17958	756	0	0	13676	2022	152	0	0	0	17898	0	3342	836	500	1824	1904	890	5472	640	356	124	0	0	0	0	0	0	190	0	0	0	172	0	0	0	174	98	2648	0	156	0	410	0	238	0	214	0	404	90	712	96	3112	774	7186	88	1860	0	4764	950	1196	0	1966	0	1514	0	646	0	0	0	254	0	0	0	0	0	0	0	0	0	0	0	0	0	0	0	0	0	0	0	0	0	0	0	0	0	0	0	
230564	Frontal_Mid_R	0	6258	388	37360	0	2034	0	0	0	2400	0	12022	0	14128	0	4892	0	456	2576	8342	0	0	192	4722	0	0	0	0	0	1272	552	1952	612	4532	0	0	0	1112	0	446	0	0	0	0	0	0	0	0	0	0	0	0	0	0	0	448	0	236	0	0	0	0	0	0	0	0	0	0	0	0	0	2848	0	4500	0	596	114	292	0	0	0	0	0	0	0	0	0	0	0	0	0	0	0	0	0	0	0	0	0	0	0	0	0	0	0	0	0	0	0	0	0	0	0	0	0	0	
100108	Frontal_Mid_Orb_L	0	0	4970	0	13172	188	4672	0	0	166	90	0	2698	0	11770	0	0	0	544	0	650	480	0	0	570	164	2918	208	2858	0	1142	298	0	0	0	0	0	0	0	0	0	0	0	0	0	0	0	0	0	0	0	0	0	0	0	0	0	0	0	0	0	0	0	0	0	0	0	0	0	0	784	0	1184	0	0	0	0	0	0	0	0	0	528	0	0	0	0	0	0	0	0	0	0	0	0	0	0	0	0	0	0	0	0	0	0	0	0	0	0	0	0	0	0	0	0	0	
64368	Frontal_Mid_Orb_R	0	0	586	1186	352	8808	0	2400	166	0	0	0	0	1062	0	4798	0	0	694	430	814	1424	132	0	470	1044	736	2456	0	610	604	158	0	104	0	0	0	0	0	0	0	0	0	0	0	0	0	0	0	0	0	0	0	0	0	0	0	0	0	0	0	0	0	0	0	0	0	0	0	0	902	1462	96	690	0	0	0	0	0	0	0	0	0	0	0	0	0	0	0	0	0	0	0	0	0	0	0	0	0	0	0	0	0	0	0	0	0	0	0	0	0	0	0	0	0	0	
229372	Frontal_Inf_Oper_L	11990	0	21626	0	370	0	15332	0	90	0	0	0	12786	0	146	0	9066	0	7754	0	0	0	756	0	0	0	0	0	20914	0	1318	134	0	0	0	0	1102	0	0	0	0	0	0	0	0	0	0	0	0	0	0	0	0	0	0	0	3228	0	0	0	0	0	0	0	0	0	0	0	0	0	208	106	776	0	0	0	0	0	654	0	3134	0	2288	0	642	0	0	0	266	0	0	0	0	0	0	0	0	0	0	0	0	0	0	0	0	0	0	0	0	0	0	0	0	0	0	0	
181580	Frontal_Inf_Oper_R	0	3942	154	11400	0	0	0	12022	0	0	0	0	0	7376	0	2300	0	5516	2940	9900	0	0	0	1222	0	0	0	0	0	10420	640	1538	582	5546	0	0	0	1526	0	748	0	0	0	0	0	0	0	0	0	0	0	0	0	0	0	618	0	554	0	0	0	0	0	0	0	0	0	0	0	0	0	2812	0	6986	0	524	0	466	0	588	0	182	0	288	0	0	0	0	0	0	0	0	0	0	0	0	0	0	0	0	0	0	0	0	0	0	0	0	0	0	0	0	0	0	0	0	
287704	Frontal_Inf_Tri_L	2580	0	23540	1076	2960	0	35942	0	2698	0	12786	0	0	0	12050	0	1336	0	11034	1404	0	0	2996	1522	90	0	0	0	22686	0	1864	252	136	1062	0	0	0	0	0	0	0	0	0	0	0	0	0	0	0	0	0	0	0	0	0	0	216	0	0	0	0	0	0	0	0	0	0	0	0	0	1374	1142	1032	0	0	0	0	0	92	0	408	0	1420	0	154	0	0	0	0	0	0	0	0	0	0	0	0	0	0	0	0	0	0	0	0	0	0	0	0	0	0	0	0	0	0	0	
130892	Frontal_Inf_Tri_R	0	144	354	6614	0	748	0	14128	0	1062	0	7376	0	0	0	5760	0	440	2092	4186	0	0	0	702	0	0	0	0	0	6288	576	2064	574	4196	0	0	0	1184	0	566	0	0	0	0	0	0	0	0	0	0	0	0	0	0	0	686	0	0	0	0	0	0	0	0	0	0	0	0	0	0	120	1510	0	3782	0	0	0	192	0	0	0	0	0	0	0	0	0	0	0	102	0	0	0	0	0	0	0	0	0	0	0	0	0	0	0	0	0	0	0	0	0	0	0	0	0	0	
158052	Frontal_Inf_Orb_L	0	0	6186	0	9546	170	6306	0	11770	0	146	0	12050	0	0	0	0	0	1140	202	2360	258	98	0	0	0	1470	212	17066	0	592	120	0	0	0	0	154	0	0	0	0	0	0	0	0	0	0	0	0	0	0	0	0	0	0	0	0	0	0	0	0	0	0	0	0	0	0	0	0	0	1178	756	1710	0	0	0	0	0	0	0	0	0	5536	0	0	0	0	0	0	0	0	0	0	0	0	0	0	0	0	0	0	0	0	0	0	0	0	0	0	0	0	0	0	0	0	0	
184156	Frontal_Inf_Orb_R	0	0	1480	11284	0	5616	0	4892	0	4798	0	2300	0	5760	0	0	0	388	3878	8348	382	2786	0	196	0	0	0	1818	0	12036	136	718	0	4064	0	0	0	578	0	250	0	594	0	0	0	0	0	0	0	0	0	0	0	0	0	276	0	0	0	0	0	0	0	0	0	0	0	0	0	0	612	10444	172	4522	0	0	0	90	0	0	0	1050	0	2284	0	92	0	130	0	104	0	0	0	0	0	0	0	0	0	0	0	0	0	0	0	0	0	0	0	0	0	0	0	0	0	0	
175924	Rolandic_Oper_L	9116	0	7516	0	0	0	6464	0	0	0	9066	0	1336	0	0	0	0	0	1818	0	0	0	0	0	0	0	0	0	16996	0	0	0	0	0	0	0	2456	0	0	0	0	0	148	0	0	0	0	0	340	0	1786	0	0	0	0	0	8450	0	264	0	524	0	2532	0	644	0	322	0	120	0	100	0	314	0	166	0	0	0	5498	0	7576	0	1972	0	2026	0	0	0	412	0	0	0	0	0	0	0	0	0	0	0	0	0	0	0	0	0	0	0	0	0	0	0	0	0	0	0	
86088	Rolandic_Oper_R	0	2526	248	2626	0	0	0	456	0	0	0	5516	0	440	0	388	0	0	844	2366	0	0	0	0	0	0	0	0	0	8632	0	0	0	534	0	0	0	1114	0	220	0	0	0	0	0	0	0	0	0	234	0	196	0	0	0	250	0	2810	0	0	0	0	0	1862	0	0	0	150	0	0	0	680	0	3600	0	984	0	304	0	3258	0	1862	0	476	0	268	0	0	0	200	0	0	0	0	0	0	0	0	0	0	0	0	0	0	0	0	0	0	0	0	0	0	0	0	0	0	
819812	Supp_Motor_Area_L	6624	4276	86026	21888	1898	572	17958	2576	544	694	7754	2940	11034	2092	1140	3878	1818	844	0	54334	0	0	13442	7108	114	218	0	0	14214	2538	15734	12950	10148	32128	404	330	2326	280	116	104	0	0	0	0	0	0	0	0	0	0	0	0	0	0	826	0	1134	314	0	0	0	0	348	0	0	0	0	212	9512	436	15318	19324	11574	1162	798	688	1696	2880	252	0	906	0	424	0	104	0	0	0	954	0	0	0	0	0	0	0	0	0	0	0	0	0	0	0	0	0	0	0	0	0	0	0	0	0	0	0	
709228	Supp_Motor_Area_R	7680	9234	11482	51670	0	372	756	8342	0	430	0	9900	1404	4186	202	8348	0	2366	54334	0	0	122	2026	16554	0	104	0	0	202	6396	996	14000	5340	54734	996	5064	0	1656	0	774	0	0	0	0	0	0	0	0	0	104	0	0	0	0	0	638	98	3628	0	0	0	0	0	0	0	0	0	1252	17322	10798	862	25600	156	10106	0	1074	134	3030	0	0	0	0	0	142	0	0	0	0	0	0	0	0	0	0	0	0	0	0	0	0	0	0	0	0	0	0	0	0	0	0	0	0	0	0	0	0	
108540	Olfactory_L	0	0	0	230	2672	2732	0	0	650	814	0	0	0	0	2360	382	0	0	0	0	0	6496	126	286	1344	1108	3776	3154	3814	158	4376	3370	0	0	0	0	284	0	400	0	488	0	0	0	0	0	0	0	0	0	0	0	0	0	0	0	0	0	0	0	0	0	0	0	0	0	0	0	0	0	8582	2720	3138	466	0	0	0	0	0	0	0	0	344	0	0	0	0	0	0	0	0	0	0	0	0	0	0	0	0	0	0	0	0	0	0	0	0	0	0	0	0	0	0	0	0	0	
135404	Olfactory_R	0	0	0	998	900	5260	0	0	480	1424	0	0	0	0	258	2786	0	0	0	122	6496	0	134	684	624	2028	2198	6588	204	3006	3102	3970	0	0	0	0	0	0	0	0	0	132	0	0	0	0	0	0	0	0	0	0	0	0	0	0	0	0	0	0	0	0	0	0	0	0	0	0	0	0	9866	7224	5384	3260	440	0	0	0	0	0	0	0	0	134	0	0	0	0	0	0	0	0	0	0	0	0	0	0	0	0	0	0	0	0	0	0	0	0	0	0	0	0	0	0	0	0	
360592	Frontal_Sup_Medial_L	436	0	45258	11498	3358	600	13676	192	0	132	756	0	2996	0	98	0	0	0	13442	2026	126	134	0	27286	2260	1728	366	144	998	0	21390	13222	3042	13028	0	0	0	0	0	0	0	0	0	0	0	0	0	0	0	0	0	0	0	0	0	0	0	0	0	0	0	0	0	0	0	0	0	0	0	0	542	184	1234	144	0	0	0	0	0	0	0	0	0	0	0	0	0	0	0	0	0	0	0	0	0	0	0	0	0	0	0	0	0	0	0	0	0	0	0	0	0	0	0	0	0	0	
412064	Frontal_Sup_Medial_R	0	0	15048	42336	448	2508	2022	4722	0	0	0	1222	1522	702	0	196	0	0	7108	16554	286	684	27286	0	434	7074	0	1684	118	190	6752	28676	1080	23864	0	182	0	324	0	0	0	0	0	0	0	0	0	0	0	0	0	0	0	0	0	0	0	0	0	0	0	0	0	0	0	0	0	122	0	0	338	5544	466	6152	0	0	0	388	0	0	0	0	0	0	0	0	0	0	0	0	0	0	0	0	0	0	0	0	0	0	0	0	0	0	0	0	0	0	0	0	0	0	0	0	0	0	
50004	Frontal_Med_Orb_L	0	0	1340	0	3814	716	152	0	570	470	0	0	90	0	0	0	0	0	114	0	1344	624	2260	434	0	1324	2452	754	644	0	5692	412	0	0	0	0	0	0	0	0	0	0	0	0	0	0	0	0	0	0	0	0	0	0	0	0	0	0	0	0	0	0	0	0	0	0	0	0	0	0	1442	190	164	0	0	0	0	0	0	0	0	0	0	0	0	0	0	0	0	0	0	0	0	0	0	0	0	0	0	0	0	0	0	0	0	0	0	0	0	0	0	0	0	0	0	0	
102744	Frontal_Med_Orb_R	0	0	678	2722	662	6822	0	0	164	1044	0	0	0	0	0	0	0	0	218	104	1108	2028	1728	7074	1324	0	804	6922	130	0	2630	7118	0	0	0	0	0	0	0	0	0	0	0	0	0	0	0	0	0	0	0	0	0	0	0	0	0	0	0	0	0	0	0	0	0	0	0	0	0	0	1008	3728	496	2860	0	0	0	0	0	0	0	0	0	0	0	0	0	0	0	0	0	0	0	0	0	0	0	0	0	0	0	0	0	0	0	0	0	0	0	0	0	0	0	0	0	0	
68716	Rectus_L	0	0	0	0	5546	988	0	0	2918	736	0	0	0	0	1470	0	0	0	0	0	3776	2198	366	0	2452	804	0	1228	850	0	4266	1582	0	0	0	0	0	0	0	0	0	0	0	0	0	0	0	0	0	0	0	0	0	0	0	0	0	0	0	0	0	0	0	0	0	0	0	0	0	0	3792	352	922	112	0	0	0	0	0	0	0	0	0	0	0	0	0	0	0	0	0	0	0	0	0	0	0	0	0	0	0	0	0	0	0	0	0	0	0	0	0	0	0	0	0	0	
107740	Rectus_R	0	0	0	1180	662	11266	0	0	208	2456	0	0	0	0	212	1818	0	0	0	0	3154	6588	144	1684	754	6922	1228	0	144	1060	914	3918	0	0	0	0	0	0	0	0	0	0	0	0	0	0	0	0	0	0	0	0	0	0	0	0	0	0	0	0	0	0	0	0	0	0	0	0	0	0	3436	3000	1372	1634	0	0	0	0	0	0	0	0	0	116	0	0	0	0	0	0	0	0	0	0	0	0	0	0	0	0	0	0	0	0	0	0	0	0	0	0	0	0	0	0	0	0	
509680	Insula_L	13650	0	28674	0	8972	140	17898	0	2858	0	20914	0	22686	0	17066	0	16996	0	14214	202	3814	204	998	118	644	130	850	144	0	0	3262	174	0	0	358	0	15606	0	974	0	2500	0	106	0	0	0	124	0	102	0	720	0	148	0	3458	0	6760	0	236	0	392	0	1820	0	368	0	416	0	0	0	1738	442	14476	0	0	0	512	0	6008	0	8292	0	7050	0	2688	0	0	0	4938	0	0	0	0	0	0	0	0	0	0	0	0	0	0	0	0	0	0	0	0	0	0	0	0	0	0	0	
274652	Insula_R	0	1634	146	8092	0	1812	0	1272	0	610	0	10420	0	6288	0	12036	0	8632	2538	6396	158	3006	0	190	0	0	0	1060	0	0	0	488	0	2852	0	624	0	9814	0	4620	0	1226	0	0	0	0	0	0	0	132	0	90	0	160	0	6882	0	384	0	0	0	154	0	256	0	0	0	396	0	0	182	3108	0	17606	0	568	0	762	0	1690	0	8742	0	5428	0	2516	0	146	0	4210	0	0	0	0	0	0	0	0	0	0	0	0	0	0	0	0	0	0	0	0	0	0	0	0	0	0	
329456	Cingulum_Ant_L	802	0	20448	1904	5874	1214	3342	552	1142	604	1318	640	1864	576	592	136	0	0	15734	996	4376	3102	21390	6752	5692	2630	4266	914	3262	0	0	18264	6178	5370	0	0	0	0	0	0	0	0	0	0	0	0	0	0	0	0	0	0	0	0	0	0	0	0	0	0	0	0	0	0	0	0	0	0	0	0	10944	3532	9174	1144	0	0	0	0	0	0	0	0	0	0	0	0	0	0	0	0	0	0	0	0	0	0	0	0	0	0	0	0	0	0	0	0	0	0	0	0	0	0	0	0	0	0	
468876	Cingulum_Ant_R	126	138	12264	29996	450	1646	836	1952	298	158	134	1538	252	2064	120	718	0	0	12950	14000	3370	3970	13222	28676	412	7118	1582	3918	174	488	18264	0	5434	30650	0	0	0	0	0	0	0	0	0	0	0	0	0	0	0	0	0	0	0	0	0	0	0	0	0	0	0	0	0	0	0	0	0	0	98	0	4908	18578	2522	10768	0	98	136	412	0	0	0	0	0	0	0	0	0	0	0	0	0	0	0	0	0	0	0	0	0	0	0	0	0	0	0	0	0	0	0	0	0	0	0	0	0	0	
152392	Cingulum_Mid_L	138	310	2322	2290	0	0	500	612	0	0	0	582	136	574	0	0	0	0	10148	5340	0	0	3042	1080	0	0	0	0	0	0	6178	5434	0	14238	4464	424	0	0	0	0	0	0	214	0	946	0	0	0	1638	0	2932	0	122	0	0	0	496	0	1734	0	174	0	0	0	0	0	4656	1122	3718	358	0	116	0	0	0	0	0	0	0	0	0	0	0	0	158	0	0	0	0	0	0	0	0	0	0	0	0	0	0	0	0	0	0	0	0	0	0	0	0	0	0	0	0	0	0	0	
634524	Cingulum_Mid_R	3572	1818	13246	39060	0	0	1824	4532	0	104	0	5546	1062	4196	0	4064	0	534	32128	54734	0	0	13028	23864	0	0	0	0	0	2852	5370	30650	14238	0	1178	10014	0	590	0	0	0	0	0	1198	0	2466	0	0	0	2570	0	1112	0	0	0	252	0	3548	0	0	0	0	0	0	0	0	790	10342	10296	8728	0	5238	0	1876	0	0	0	534	0	0	0	0	0	0	0	108	0	0	0	0	0	0	0	0	0	0	0	0	0	0	0	0	0	0	0	0	0	0	0	0	0	0	0	0	0	0	
118588	Cingulum_Post_L	3100	1532	178	1366	0	0	1904	0	0	0	0	0	0	0	0	0	0	0	404	996	0	0	0	0	0	0	0	0	358	0	0	0	4464	1178	0	4902	5806	1260	1694	224	0	0	2002	0	1660	0	1168	0	1050	0	626	0	160	0	116	120	1184	146	242	0	0	0	0	0	120	0	6950	286	4932	456	0	574	0	0	0	0	4156	2752	692	0	142	0	0	0	246	0	0	0	148	0	0	0	0	0	0	0	0	0	0	0	0	0	0	0	0	0	0	0	0	0	0	0	0	0	0	0	
171876	Cingulum_Post_R	798	4670	92	4242	0	0	890	0	0	0	0	0	0	0	0	0	0	0	330	5064	0	0	0	182	0	0	0	0	0	624	0	0	424	10014	4902	0	842	7482	0	1454	0	0	0	3396	0	968	0	2422	0	288	0	158	0	100	0	888	0	2070	0	0	0	0	0	0	0	0	1108	15118	968	4830	0	756	0	590	0	0	4398	5708	0	0	0	0	0	0	0	0	0	0	0	0	0	0	0	0	0	0	0	0	0	0	0	0	0	0	0	0	0	0	0	0	162	0	0	0	0	0	
245424	Hippocampus_L	10198	648	2928	622	0	0	5472	0	0	0	1102	0	0	0	154	0	2456	0	2326	0	284	0	0	0	0	0	0	0	15606	0	0	0	0	0	5806	842	0	1250	11228	318	7854	0	1904	0	0	0	4438	228	0	0	304	0	542	0	11718	90	3000	0	166	0	266	0	132	0	184	0	4124	0	538	0	0	0	6266	0	298	0	2198	1078	3966	0	2464	0	812	0	1368	0	0	0	7160	0	0	0	0	0	0	0	178	0	94	0	0	0	0	0	0	0	0	0	0	102	0	0	0	0	0	0	
319328	Hippocampus_R	0	11270	0	9052	0	0	640	1112	0	0	0	1526	0	1184	0	578	0	1114	280	1656	0	0	0	324	0	0	0	0	0	9814	0	0	0	590	1260	7482	1250	0	606	26700	94	9890	0	2216	0	0	120	4574	0	0	0	0	0	212	0	25664	0	416	0	0	0	0	0	124	0	0	0	7416	0	120	0	184	250	14040	0	908	1350	6222	0	254	0	2422	0	1504	0	772	0	0	0	3968	0	0	0	0	0	0	146	0	0	198	0	0	0	0	0	0	0	0	0	0	162	0	0	0	0	0	
80192	ParaHippocampal_L	744	228	128	220	0	0	356	0	0	0	0	0	0	0	0	0	0	0	116	0	400	0	0	0	0	0	0	0	974	0	0	0	0	0	1694	0	11228	606	0	202	1766	0	1262	0	0	0	4156	252	0	0	98	0	806	0	4522	0	172	0	0	0	0	0	0	0	0	0	1976	0	0	0	0	0	1886	0	0	0	260	230	0	0	0	0	640	0	160	0	628	0	606	0	916	0	0	0	132	0	1476	0	1102	0	0	0	0	0	0	0	0	0	0	154	0	0	0	0	0	0	
184784	ParaHippocampal_R	0	994	0	1376	0	0	124	446	0	0	0	748	0	566	0	250	0	220	104	774	0	0	0	0	0	0	0	0	0	4620	0	0	0	0	224	1454	318	26700	202	0	0	6604	0	924	0	0	0	4290	0	0	0	0	0	262	0	21610	0	0	0	0	0	0	0	0	0	0	0	2620	0	0	0	0	0	8062	0	662	218	2158	0	0	0	1600	0	1576	0	346	0	270	0	916	0	0	0	0	0	212	0	942	0	0	0	0	0	0	0	0	0	0	0	0	0	0	0	0	0	0	
35700	Amygdala_L	0	0	0	0	0	0	0	0	0	0	0	0	0	0	0	0	0	0	0	0	488	0	0	0	0	0	0	0	2500	0	0	0	0	0	0	0	7854	94	1766	0	0	0	0	0	0	0	0	0	0	0	0	0	0	0	2876	0	0	0	0	0	0	0	0	0	0	0	0	0	0	0	176	0	696	0	0	0	0	0	0	0	0	0	244	0	0	0	0	0	1156	0	0	0	0	0	0	0	0	0	0	0	0	0	0	0	0	0	0	0	0	0	0	0	0	0	0	0	
54048	Amygdala_R	0	0	0	0	0	0	0	0	0	0	0	0	0	0	0	594	0	0	0	0	0	132	0	0	0	0	0	0	0	1226	0	0	0	0	0	0	0	9890	0	6604	0	0	0	0	0	0	0	0	0	0	0	0	0	0	0	6488	0	0	0	0	0	0	0	0	0	0	0	0	0	0	0	120	0	988	0	0	0	0	0	0	0	0	0	794	0	0	0	0	0	188	0	0	0	0	0	0	0	0	0	0	0	0	0	0	0	0	0	0	0	0	0	0	0	0	0	0	
218680	Calcarine_L	338	0	0	0	0	0	0	0	0	0	0	0	0	0	0	0	148	0	0	0	0	0	0	0	0	0	0	0	106	0	0	0	214	0	2002	0	1904	0	1262	0	0	0	0	4662	10358	3578	12698	1262	7448	1320	22838	132	6470	0	3276	0	658	0	694	0	314	0	0	0	716	0	17996	348	584	0	0	0	0	0	0	0	0	0	0	0	0	0	0	0	5536	0	0	0	2478	0	0	0	0	0	0	0	0	0	0	0	0	0	0	0	0	0	0	0	0	0	0	0	0	0	0	0	
313964	Calcarine_R	0	870	0	0	0	0	0	0	0	0	0	0	0	0	0	0	0	0	0	0	0	0	0	0	0	0	0	0	0	0	0	0	0	1198	0	3396	0	2216	0	924	0	0	4662	0	2614	30394	1948	20786	0	25910	0	18336	0	4498	0	4358	0	1486	0	1172	0	0	0	0	0	270	2954	25080	0	824	0	0	0	0	0	0	0	102	0	0	0	0	0	0	0	2532	0	0	0	356	0	0	0	0	0	0	0	0	0	0	0	0	0	0	0	0	0	0	0	0	96	0	0	0	0	0	
170964	Cuneus_L	116	0	0	0	0	0	0	0	0	0	0	0	0	0	0	0	0	0	0	0	0	0	0	0	0	0	0	0	0	0	0	0	946	0	1660	0	0	0	0	0	0	0	10358	2614	0	7146	1568	120	17480	2288	14456	574	2506	0	1424	0	588	0	2594	0	1012	0	0	0	1894	0	10890	1390	404	0	0	0	0	0	0	0	0	0	0	0	178	0	0	0	2084	0	0	0	1192	0	0	0	0	0	0	0	0	0	0	0	0	0	0	0	0	0	0	0	0	0	0	0	0	0	0	0	
387196	Cuneus_R	0	2168	0	0	0	0	0	0	0	0	0	0	0	0	0	0	0	0	0	0	0	0	0	0	0	0	0	0	0	0	0	0	0	2466	0	968	0	0	0	0	0	0	3578	30394	7146	0	516	3242	226	48424	0	17674	0	1424	0	1450	0	3096	0	5674	0	2154	0	904	0	3344	9274	37548	0	1574	0	0	0	0	0	0	0	0	0	0	0	948	0	0	0	7518	0	0	0	1888	0	0	0	0	0	0	0	0	0	0	0	0	0	0	0	0	0	0	0	0	0	0	0	0	0	0	
286068	Lingual_L	370	0	0	0	0	0	190	0	0	0	0	0	0	0	0	0	0	0	0	0	0	0	0	0	0	0	0	0	124	0	0	0	0	0	1168	0	4438	120	4156	0	0	0	12698	1948	1568	516	0	3730	2452	176	15824	0	10462	0	17706	1646	0	0	228	0	0	0	0	0	0	0	5184	0	0	0	0	0	532	0	0	0	112	0	0	0	0	0	0	0	2012	0	0	0	1222	0	8316	1862	0	0	136	0	10682	3156	14764	3950	0	0	0	0	0	0	0	0	0	210	6914	4068	394	0	0	0	
237888	Lingual_R	0	184	0	162	0	0	0	0	0	0	0	0	0	0	0	0	0	0	0	0	0	0	0	0	0	0	0	0	0	0	0	0	0	0	0	2422	228	4574	252	4290	0	0	1262	20786	120	3242	3730	0	0	3686	0	2848	134	6588	1422	14032	0	0	0	0	0	0	0	0	0	0	108	10086	0	0	0	0	0	0	0	0	0	478	0	0	0	0	0	0	0	480	0	0	0	850	1868	4432	758	0	124	904	2542	4712	4182	7004	0	0	0	96	0	0	0	0	0	190	4252	5456	460	0	0	0	
225212	Occipital_Sup_L	352	0	0	0	0	0	0	0	0	0	0	0	0	0	0	0	340	0	0	0	0	0	0	0	0	0	0	0	102	0	0	0	1638	0	1050	0	0	0	0	0	0	0	7448	0	17480	226	2452	0	0	92	33596	0	1518	0	534	0	1670	0	17624	0	1638	0	654	0	2724	0	18258	0	656	0	0	0	0	0	0	0	0	0	0	0	120	0	0	0	1772	0	0	0	662	0	0	0	0	0	0	0	0	0	0	0	0	0	0	0	0	0	0	0	0	0	0	0	0	0	0	0	
388820	Occipital_Sup_R	0	2430	0	0	0	0	0	0	0	0	0	0	0	0	0	0	0	234	0	104	0	0	0	0	0	0	0	0	0	132	0	0	0	2570	0	288	0	0	0	0	0	0	1320	25910	2288	48424	176	3686	92	0	0	30558	0	1936	0	1572	0	3796	0	7126	0	2618	0	1010	0	6644	5890	30722	0	1936	0	0	0	0	0	0	0	0	0	0	0	1084	0	0	0	9712	0	0	0	2152	0	0	0	0	0	0	0	0	0	0	0	0	0	0	0	0	0	0	0	0	0	0	0	0	0	0	
554732	Occipital_Mid_L	4408	0	96	0	0	0	172	0	0	0	0	0	0	0	0	0	1786	0	0	0	0	0	0	0	0	0	0	0	720	0	0	0	2932	0	626	0	304	0	98	0	0	0	22838	0	14456	0	15824	0	33596	0	0	0	25316	0	7744	0	11510	0	25066	0	16062	0	3232	0	20418	0	29634	0	2544	0	0	0	96	0	0	0	0	0	728	0	994	0	0	0	26538	0	0	0	9628	0	0	0	0	0	0	0	0	0	0	0	0	0	0	0	0	0	0	0	0	0	0	0	0	0	0	0	
279256	Occipital_Mid_R	0	1718	0	0	0	0	0	0	0	0	0	0	0	0	0	0	0	196	0	0	0	0	0	0	0	0	0	0	0	90	0	0	0	1112	0	158	0	0	0	0	0	0	132	18336	574	17674	0	2848	0	30558	0	0	0	3076	0	1776	0	1914	0	4846	0	5438	0	196	0	16978	2570	12344	0	670	0	0	0	0	0	0	0	0	0	92	0	324	0	0	0	14664	0	0	0	1344	0	0	0	0	0	0	0	0	0	0	0	0	0	0	0	0	0	0	0	0	0	0	0	0	0	0	
204800	Occipital_Inf_L	744	0	0	0	0	0	0	0	0	0	0	0	0	0	0	0	0	0	0	0	0	0	0	0	0	0	0	0	148	0	0	0	122	0	160	0	542	0	806	0	0	0	6470	0	2506	0	10462	134	1518	0	25316	0	0	0	17320	0	1246	0	680	0	0	0	0	0	260	0	4674	0	890	0	0	0	0	0	0	0	0	0	632	0	444	0	0	0	13702	0	0	0	11654	0	0	0	0	0	0	0	452	118	690	0	0	0	0	0	0	0	0	0	0	0	468	242	0	0	0	0	
57236	Occipital_Inf_R	0	88	0	0	0	0	0	0	0	0	0	0	0	0	0	0	0	0	0	0	0	0	0	0	0	0	0	0	0	160	0	0	0	0	0	100	0	212	0	262	0	0	0	4498	0	1424	0	6588	0	1936	0	3076	0	0	0	5278	0	0	0	0	0	0	0	0	0	0	142	936	0	0	0	0	0	0	0	0	0	0	0	0	0	0	0	0	0	914	0	0	0	3004	0	0	0	0	0	0	0	0	0	0	0	0	0	0	0	0	0	0	0	0	0	0	0	0	0	0	
394212	Fusiform_L	628	0	506	0	0	0	174	0	0	0	0	0	0	0	0	0	0	0	826	0	0	0	0	0	0	0	0	0	3458	0	0	0	0	0	116	0	11718	0	4522	0	2876	0	3276	0	1424	0	17706	1422	534	0	7744	0	17320	0	0	832	738	0	146	0	0	0	0	0	0	0	2908	0	510	0	0	0	1232	0	0	0	106	0	1450	0	3614	0	624	0	5618	0	264	0	20018	0	23222	824	106	0	160	0	15484	2132	30296	2322	90	0	198	0	0	0	0	0	0	0	5794	3780	388	0	0	0	
398200	Fusiform_R	0	906	0	1096	0	0	98	448	0	0	0	618	0	686	0	276	0	250	0	638	0	0	0	0	0	0	0	0	0	6882	0	0	0	252	120	888	90	25664	0	21610	0	6488	0	4358	0	1450	1646	14032	0	1572	0	1776	0	5278	832	0	0	252	0	0	0	0	0	0	0	0	366	4200	0	0	0	0	0	8038	0	172	114	1614	0	0	0	2566	0	5126	0	5232	0	1670	0	15614	1216	12326	446	0	0	94	2960	8416	3216	17074	0	0	0	154	152	130	0	0	0	0	5480	3556	682	0	0	280	
324188	Postcentral_L	27866	0	2314	0	0	0	2648	0	0	0	3228	0	216	0	0	0	8450	0	1134	98	0	0	0	0	0	0	0	0	6760	0	0	0	496	0	1184	0	3000	0	172	0	0	0	658	0	588	0	0	0	1670	0	11510	0	1246	0	738	0	0	0	13968	0	21536	0	8568	0	12488	0	8842	0	10378	0	660	100	1848	0	792	0	204	0	2066	0	3258	0	0	0	2540	0	0	0	870	0	0	0	0	0	0	0	0	0	0	0	0	0	0	0	0	0	0	0	0	0	0	0	0	0	0	0	
166736	Postcentral_R	538	14316	0	1510	0	0	0	236	0	0	0	554	0	0	0	0	0	2810	314	3628	0	0	0	0	0	0	0	0	0	384	0	0	0	3548	146	2070	0	416	0	0	0	0	0	1486	0	3096	0	0	0	3796	0	1914	0	0	0	252	0	0	0	5066	0	5854	0	11106	0	1102	522	7108	1024	9186	0	126	0	272	0	168	0	0	0	168	0	296	0	0	0	218	0	0	0	138	0	0	0	0	0	0	0	0	0	0	0	0	0	0	0	0	0	0	0	0	0	0	0	0	0	0	
242980	Parietal_Sup_L	3718	0	0	0	0	0	156	0	0	0	0	0	0	0	0	0	264	0	0	0	0	0	0	0	0	0	0	0	236	0	0	0	1734	0	242	0	166	0	0	0	0	0	694	0	2594	0	228	0	17624	0	25066	0	680	0	146	0	13968	0	0	0	14906	0	264	0	8878	0	26616	0	1280	0	0	0	0	0	0	0	0	0	0	0	0	0	0	0	1644	0	0	0	386	0	0	0	0	0	0	0	0	0	0	0	0	0	0	0	0	0	0	0	0	0	0	0	0	0	0	0	
112716	Parietal_Sup_R	0	370	0	0	0	0	0	0	0	0	0	0	0	0	0	0	0	0	0	0	0	0	0	0	0	0	0	0	0	0	0	0	0	0	0	0	0	0	0	0	0	0	0	1172	0	5674	0	0	0	7126	0	4846	0	0	0	0	0	5066	0	0	0	10506	0	2274	0	9394	264	7796	0	1476	0	0	0	0	0	0	0	0	0	0	0	96	0	0	0	298	0	0	0	0	0	0	0	0	0	0	0	0	0	0	0	0	0	0	0	0	0	0	0	0	0	0	0	0	0	0	
245768	Parietal_Inf_L	6472	0	184	0	0	0	410	0	0	0	0	0	0	0	0	0	524	0	0	0	0	0	0	0	0	0	0	0	392	0	0	0	174	0	0	0	266	0	0	0	0	0	314	0	1012	0	0	0	1638	0	16062	0	0	0	0	0	21536	0	14906	0	0	0	19468	0	24552	0	5182	0	2028	0	0	0	96	0	0	0	0	0	90	0	704	0	0	0	5534	0	0	0	1340	0	0	0	0	0	0	0	0	0	0	0	0	0	0	0	0	0	0	0	0	0	0	0	0	0	0	0	
117712	Parietal_Inf_R	0	846	0	0	0	0	0	0	0	0	0	0	0	0	0	0	0	0	0	0	0	0	0	0	0	0	0	0	0	154	0	0	0	0	0	0	0	0	0	0	0	0	0	0	0	2154	0	0	0	2618	0	5438	0	0	0	0	0	5854	0	10506	0	0	0	9580	0	15058	386	3678	0	204	0	0	0	0	0	0	0	0	0	0	0	1598	0	0	0	580	0	0	0	202	0	0	0	0	0	0	0	0	0	0	0	0	0	0	0	0	0	0	0	0	0	0	0	0	0	0	
131356	SupraMarginal_L	1614	0	432	0	0	0	238	0	0	0	0	0	0	0	0	0	2532	0	348	0	0	0	0	0	0	0	0	0	1820	0	0	0	0	0	0	0	132	0	0	0	0	0	0	0	0	0	0	0	654	0	3232	0	0	0	0	0	8568	0	264	0	19468	0	0	0	7968	0	178	0	954	0	0	0	110	0	0	0	0	0	134	0	7080	0	0	0	8538	0	0	0	1414	0	0	0	0	0	0	0	0	0	0	0	0	0	0	0	0	0	0	0	0	0	0	0	0	0	0	0	
93692	SupraMarginal_R	0	2968	0	462	0	0	0	0	0	0	0	0	0	0	0	0	0	1862	0	0	0	0	0	0	0	0	0	0	0	256	0	0	0	0	0	0	0	124	0	0	0	0	0	0	0	904	0	0	0	1010	0	196	0	0	0	0	0	11106	0	2274	0	9580	0	0	0	7146	240	1112	0	0	0	0	0	0	0	0	0	0	0	108	0	4894	0	0	0	1648	0	0	0	956	0	0	0	0	0	0	0	0	0	0	0	0	0	0	0	0	0	0	0	0	0	0	0	0	0	0	
209692	Angular_L	4202	0	104	0	0	0	214	0	0	0	0	0	0	0	0	0	644	0	0	0	0	0	0	0	0	0	0	0	368	0	0	0	0	0	120	0	184	0	0	0	0	0	716	0	1894	0	0	0	2724	0	20418	0	260	0	0	0	12488	0	8878	0	24552	0	7968	0	0	0	7048	0	3452	0	0	0	88	0	0	0	0	0	94	0	1784	0	0	0	6270	0	0	0	376	0	0	0	0	0	0	0	0	0	0	0	0	0	0	0	0	0	0	0	0	0	0	0	0	0	0	0	
145244	Angular_R	0	890	0	0	0	0	0	0	0	0	0	0	0	0	0	0	0	0	0	0	0	0	0	0	0	0	0	0	0	0	0	0	0	0	0	0	0	0	0	0	0	0	0	270	0	3344	0	0	0	6644	0	16978	0	0	0	0	0	1102	0	9394	0	15058	0	7146	0	0	510	3982	0	0	0	0	0	0	0	0	0	0	0	0	0	3154	0	0	0	3928	0	0	0	222	0	0	0	0	0	0	0	0	0	0	0	0	0	0	0	0	0	0	0	0	0	0	0	0	0	0	
422556	Precuneus_L	3968	304	0	0	0	0	404	0	0	0	0	0	0	0	0	0	322	0	0	0	0	0	0	0	0	0	0	0	416	0	0	0	4656	790	6950	1108	4124	0	1976	0	0	0	17996	2954	10890	9274	5184	108	18258	5890	29634	2570	4674	142	2908	366	8842	522	26616	264	5182	386	178	240	7048	510	0	12402	3338	308	0	0	0	0	0	0	0	0	380	0	186	100	0	0	5500	612	0	0	2706	92	0	0	0	0	0	0	0	0	0	0	0	0	0	0	0	0	0	0	0	0	0	0	0	0	0	0	
443504	Precuneus_R	160	4782	0	1322	0	0	90	0	0	0	0	0	0	0	0	0	0	150	212	1252	0	0	0	122	0	0	0	0	0	396	0	0	1122	10342	286	15118	0	7416	0	2620	0	0	348	25080	1390	37548	0	10086	0	30722	0	12344	0	936	0	4200	0	7108	0	7796	0	3678	0	1112	0	3982	12402	0	96	5288	0	0	0	284	0	0	244	732	0	0	0	946	0	0	0	7468	0	0	0	2134	0	0	0	0	0	0	0	104	0	0	0	0	0	0	0	0	0	0	0	0	334	0	0	0	0	0	
287364	Paracentral_Lobule_L	27436	4686	2472	2604	0	0	712	0	0	0	0	0	0	0	0	0	120	0	9512	17322	0	0	0	0	0	0	0	0	0	0	0	98	3718	10296	4932	968	538	0	0	0	0	0	584	0	404	0	0	0	656	0	2544	0	890	0	510	0	10378	1024	1280	0	2028	0	954	0	3452	0	3338	96	0	4482	4764	1750	186	0	1594	0	13338	1764	0	0	324	0	0	0	1376	0	0	0	552	0	0	0	0	0	0	0	0	0	0	0	0	0	0	0	0	0	0	0	0	0	0	0	0	0	0	0	
120512	Paracentral_Lobule_R	2996	4872	0	112	0	0	96	0	0	0	0	0	0	0	0	0	0	0	436	10798	0	0	0	0	0	0	0	0	0	0	0	0	358	8728	456	4830	0	120	0	0	0	0	0	824	0	1574	0	0	0	1936	0	670	0	0	0	0	0	9186	0	1476	0	204	0	0	0	0	308	5288	4482	0	0	224	0	0	0	0	0	282	0	0	0	0	0	0	0	0	0	0	0	0	0	0	0	0	0	0	0	0	0	0	0	0	0	0	0	0	0	0	0	0	0	0	0	0	0	0	
336096	Caudate_L	12340	990	12964	1072	2004	2988	3112	0	784	902	208	0	1374	120	1178	612	100	0	15318	862	8582	9866	542	338	1442	1008	3792	3436	1738	182	10944	4908	0	0	0	0	0	0	0	0	176	0	0	0	0	0	0	0	0	0	0	0	0	0	0	0	660	0	0	0	0	0	0	0	0	0	0	0	4764	0	0	20254	22228	3194	3672	336	5700	3358	0	0	0	0	0	0	0	0	0	0	0	0	0	0	0	0	0	0	0	0	0	0	0	0	0	0	0	0	0	0	0	0	0	0	0	0	0	0	
497932	Caudate_R	2462	10694	11476	25144	210	3968	774	2848	0	1462	106	2812	1142	1510	756	10444	0	680	19324	25600	2720	7224	184	5544	190	3728	352	3000	442	3108	3532	18578	116	5238	574	756	0	184	0	0	0	120	0	0	0	0	0	0	0	0	0	0	0	0	0	0	100	126	0	0	0	0	0	0	0	0	0	0	1750	224	20254	0	6352	21312	692	2472	2014	16546	0	0	0	0	0	122	0	0	0	0	0	0	0	0	0	0	0	0	0	0	0	0	0	0	0	0	0	0	0	0	0	0	0	0	0	0	0	0	
303372	Putamen_L	13366	128	12214	292	5260	1134	7186	0	1184	96	776	0	1032	0	1710	172	314	0	11574	156	3138	5384	1234	466	164	496	922	1372	14476	0	9174	2522	0	0	0	0	6266	250	1886	0	696	0	0	0	0	0	532	0	0	0	96	0	0	0	1232	0	1848	0	0	0	96	0	110	0	88	0	0	0	186	0	22228	6352	0	2292	6966	0	1442	148	0	0	542	0	1186	0	330	0	0	0	972	0	0	0	0	0	0	0	0	0	0	0	0	0	0	0	0	0	0	0	0	0	0	0	0	0	0	0	
335580	Putamen_R	0	2020	428	12988	0	2074	88	4500	0	690	0	6986	0	3782	0	4522	0	3600	1162	10106	466	3260	144	6152	0	2860	112	1634	0	17606	1144	10768	0	1876	0	590	0	14040	0	8062	0	988	0	0	0	0	0	0	0	0	0	0	0	0	0	8038	0	272	0	0	0	0	0	0	0	0	0	284	0	0	3194	21312	2292	0	264	2472	0	3376	0	356	0	1224	0	1196	0	0	0	0	0	862	0	0	0	0	0	0	0	0	0	0	0	0	0	0	0	0	0	0	0	0	0	0	0	0	0	0	
55548	Pallidum_L	5906	0	2614	0	0	0	1860	0	0	0	0	0	0	0	0	0	166	0	798	0	0	440	0	0	0	0	0	0	0	0	0	0	0	0	0	0	298	0	0	0	0	0	0	0	0	0	0	0	0	0	0	0	0	0	0	0	792	0	0	0	0	0	0	0	0	0	0	0	1594	0	3672	692	6966	264	0	0	1712	0	0	0	0	0	0	0	0	0	0	0	0	0	0	0	0	0	0	0	0	0	0	0	0	0	0	0	0	0	0	0	0	0	0	0	0	0	0	0	
26640	Pallidum_R	0	544	0	930	0	0	0	596	0	0	0	524	0	0	0	0	0	984	688	1074	0	0	0	0	0	0	0	0	0	568	0	98	0	0	0	0	0	908	0	662	0	0	0	0	0	0	0	0	0	0	0	0	0	0	0	172	0	168	0	0	0	0	0	0	0	0	0	0	0	0	336	2472	0	2472	0	0	0	124	0	0	0	0	0	0	0	0	0	0	0	0	0	0	0	0	0	0	0	0	0	0	0	0	0	0	0	0	0	0	0	0	0	0	0	0	0	0	
164980	Thalamus_L	17522	3558	3248	3440	0	0	4764	114	0	0	0	0	0	0	0	0	0	0	1696	134	0	0	0	0	0	0	0	0	512	0	0	136	0	0	4156	4398	2198	1350	260	218	0	0	0	0	0	0	112	0	0	0	0	0	0	0	106	114	204	0	0	0	0	0	0	0	0	0	0	244	13338	0	5700	2014	1442	0	1712	0	0	9640	160	0	0	0	0	0	0	0	0	0	0	0	0	0	0	0	0	0	0	0	0	0	0	0	0	0	0	0	0	0	0	0	0	0	0	0	0	0	
241700	Thalamus_R	2022	25216	2368	24532	0	0	950	292	0	0	0	466	0	192	0	90	0	304	2880	3030	0	0	0	388	0	0	0	0	0	762	0	412	0	534	2752	5708	1078	6222	230	2158	0	0	0	102	0	0	0	478	0	0	0	0	0	0	0	1614	0	0	0	0	0	0	0	0	0	0	0	732	1764	282	3358	16546	148	3376	0	124	9640	0	0	0	0	0	0	0	0	0	0	0	0	100	0	0	0	0	0	0	0	0	0	0	0	0	0	0	0	0	0	0	0	0	0	0	0	0	0	0	
79880	Heschl_L	3874	0	606	0	0	0	1196	0	0	0	654	0	92	0	0	0	5498	0	252	0	0	0	0	0	0	0	0	0	6008	0	0	0	0	0	692	0	3966	0	0	0	0	0	0	0	0	0	0	0	0	0	728	0	632	0	1450	0	2066	0	0	0	90	0	134	0	94	0	380	0	0	0	0	0	0	0	0	0	160	0	0	0	5416	0	0	0	2942	0	0	0	3010	0	0	0	0	0	0	0	0	0	0	0	0	0	0	0	0	0	0	0	0	0	0	0	0	0	0	0	
22020	Heschl_R	0	842	0	150	0	0	0	0	0	0	0	588	0	0	0	0	0	3258	0	0	0	0	0	0	0	0	0	0	0	1690	0	0	0	0	0	0	0	254	0	0	0	0	0	0	0	0	0	0	0	0	0	92	0	0	0	0	0	168	0	0	0	0	0	108	0	0	0	0	0	0	0	0	0	356	0	0	0	0	0	0	0	2696	0	0	0	526	0	0	0	282	0	0	0	0	0	0	0	0	0	0	0	0	0	0	0	0	0	0	0	0	0	0	0	0	0	0	
188860	Temporal_Sup_L	1144	0	2874	0	0	0	1966	0	0	0	3134	0	408	0	0	0	7576	0	906	0	0	0	0	0	0	0	0	0	8292	0	0	0	0	0	142	0	2464	0	0	0	0	0	0	0	178	0	0	0	120	0	994	0	444	0	3614	0	3258	0	0	0	704	0	7080	0	1784	0	186	0	324	0	0	0	542	0	0	0	0	0	5416	0	0	0	4612	0	23300	0	0	0	12968	0	0	0	0	0	0	0	0	0	0	0	0	0	0	0	0	0	0	0	0	0	0	0	0	0	0	0	
123772	Temporal_Sup_R	0	590	0	188	0	0	0	0	0	0	0	182	0	0	0	1050	0	1862	0	0	0	0	0	0	0	0	0	0	0	8742	0	0	0	0	0	0	0	2422	0	1600	0	0	0	0	0	948	0	0	0	1084	0	324	0	0	0	2566	0	296	0	96	0	1598	0	4894	0	3154	100	946	0	0	0	0	0	1224	0	0	0	0	0	2696	0	0	0	5390	0	14542	0	426	0	4966	0	0	0	0	0	0	0	0	0	0	0	0	0	0	0	0	0	0	0	0	0	0	0	0	0	0	
92148	Temporal_Pole_Sup_L	0	0	2060	0	1040	0	1514	0	528	0	2288	0	1420	0	5536	0	1972	0	424	0	344	0	0	0	0	0	0	0	7050	0	0	0	0	0	0	0	812	0	640	0	244	0	0	0	0	0	0	0	0	0	0	0	0	0	624	0	0	0	0	0	0	0	0	0	0	0	0	0	0	0	0	0	1186	0	0	0	0	0	0	0	4612	0	0	0	6586	0	3236	0	3958	0	0	0	0	0	0	0	0	0	0	0	0	0	0	0	0	0	0	0	0	0	0	0	0	0	0	0	
74556	Temporal_Pole_Sup_R	0	0	0	160	0	306	0	0	0	0	0	288	0	0	0	2284	0	476	0	142	0	134	0	0	0	0	0	116	0	5428	0	0	0	0	0	0	0	1504	0	1576	0	794	0	0	0	0	0	0	0	0	0	0	0	0	0	5126	0	0	0	0	0	0	0	0	0	0	0	0	0	0	0	122	0	1196	0	0	0	0	0	0	0	5390	0	0	0	4214	0	3722	0	4300	0	0	0	0	0	0	0	0	0	0	0	0	0	0	0	0	0	0	0	0	0	0	0	0	0	0	
342060	Temporal_Mid_L	1284	0	526	0	0	0	646	0	0	0	642	0	154	0	0	0	2026	0	104	0	0	0	0	0	0	0	0	0	2688	0	0	0	158	0	246	0	1368	0	160	0	0	0	5536	0	2084	0	2012	0	1772	0	26538	0	13702	0	5618	0	2540	0	1644	0	5534	0	8538	0	6270	0	5500	0	1376	0	0	0	330	0	0	0	0	0	2942	0	23300	0	6586	0	0	0	2190	0	37016	0	0	0	0	0	0	0	0	0	0	0	0	0	0	0	0	0	0	0	0	0	0	0	0	0	0	0	
211320	Temporal_Mid_R	0	982	0	588	0	0	0	0	0	0	0	0	0	0	0	92	0	268	0	0	0	0	0	0	0	0	0	0	0	2516	0	0	0	108	0	0	0	772	0	346	0	0	0	2532	0	7518	0	480	0	9712	0	14664	0	914	0	5232	0	218	0	298	0	580	0	1648	0	3928	612	7468	0	0	0	0	0	0	0	0	0	0	0	526	0	14542	0	4214	0	0	0	2234	0	22668	0	0	0	0	0	0	0	0	0	0	0	0	0	0	0	0	0	0	0	0	0	0	0	0	0	0	
17396	Temporal_Pole_Mid_L	0	0	0	0	0	0	0	0	0	0	0	0	0	0	0	0	0	0	0	0	0	0	0	0	0	0	0	0	0	0	0	0	0	0	0	0	0	0	628	0	0	0	0	0	0	0	0	0	0	0	0	0	0	0	264	0	0	0	0	0	0	0	0	0	0	0	0	0	0	0	0	0	0	0	0	0	0	0	0	0	0	0	3236	0	2190	0	0	0	2380	0	0	0	0	0	0	0	0	0	0	0	0	0	0	0	0	0	0	0	0	0	0	0	0	0	0	0	
21068	Temporal_Pole_Mid_R	0	0	0	0	0	0	0	0	0	0	0	0	0	0	0	130	0	0	0	0	0	0	0	0	0	0	0	0	0	146	0	0	0	0	0	0	0	0	0	270	0	0	0	0	0	0	0	0	0	0	0	0	0	0	0	1670	0	0	0	0	0	0	0	0	0	0	0	0	0	0	0	0	0	0	0	0	0	0	0	0	0	426	0	3722	0	2234	0	0	0	1936	0	0	0	0	0	0	0	0	0	0	0	0	0	0	0	0	0	0	0	0	0	0	0	0	0	0	
268004	Temporal_Inf_L	670	0	548	0	0	0	254	0	0	0	266	0	0	0	0	0	412	0	954	0	0	0	0	0	0	0	0	0	4938	0	0	0	0	0	148	0	7160	0	606	0	1156	0	2478	0	1192	0	1222	0	662	0	9628	0	11654	0	20018	0	870	0	386	0	1340	0	1414	0	376	0	2706	0	552	0	0	0	972	0	0	0	0	0	3010	0	12968	0	3958	0	37016	0	2380	0	0	0	1542	0	114	0	0	0	0	0	284	0	0	0	148	0	0	0	0	0	0	0	0	0	0	0	0	0	
154748	Temporal_Inf_R	0	1054	0	734	0	0	0	0	0	0	0	0	0	102	0	104	0	200	0	0	0	0	0	0	0	0	0	0	0	4210	0	0	0	0	0	0	0	3968	0	916	0	188	0	356	0	1888	0	850	0	2152	0	1344	0	3004	0	15614	0	138	0	0	0	202	0	956	0	222	92	2134	0	0	0	0	0	862	0	0	0	100	0	282	0	4966	0	4300	0	22668	0	1936	0	0	0	1622	0	0	0	0	0	0	0	210	0	0	0	0	0	0	0	0	0	0	0	0	0	0	0	0	
444508	Cerebelum_Crus1_L	0	0	0	0	0	0	0	0	0	0	0	0	0	0	0	0	0	0	0	0	0	0	0	0	0	0	0	0	0	0	0	0	0	0	0	0	0	0	916	0	0	0	0	0	0	0	8316	1868	0	0	0	0	0	0	23222	1216	0	0	0	0	0	0	0	0	0	0	0	0	0	0	0	0	0	0	0	0	0	0	0	0	0	0	0	0	0	0	0	0	1542	0	0	2420	30062	4312	1040	430	17898	2406	51660	4608	11080	1190	18750	4354	4772	2398	270	0	116	340	5594	8560	6558	3494	2306	556	
328556	Cerebelum_Crus1_R	0	0	0	0	0	0	0	0	0	0	0	0	0	0	0	0	0	0	0	0	0	0	0	0	0	0	0	0	0	0	0	0	0	0	0	0	0	0	0	0	0	0	0	0	0	0	1862	4432	0	0	0	0	0	0	824	12326	0	0	0	0	0	0	0	0	0	0	0	0	0	0	0	0	0	0	0	0	0	0	0	0	0	0	0	0	0	0	0	0	0	1622	2420	0	1084	24810	100	1530	2120	12292	4274	39266	0	6410	208	19444	146	1446	0	1238	0	246	3818	8876	11264	1046	1012	162	
257064	Cerebelum_Crus2_L	0	0	0	0	0	0	0	0	0	0	0	0	0	0	0	0	0	0	0	0	0	0	0	0	0	0	0	0	0	0	0	0	0	0	0	0	0	0	0	0	0	0	0	0	0	0	0	758	0	0	0	0	0	0	106	446	0	0	0	0	0	0	0	0	0	0	0	0	0	0	0	0	0	0	0	0	0	0	0	0	0	0	0	0	0	0	0	0	114	0	30062	1084	0	5584	240	326	882	240	6266	1652	29108	2556	25948	3732	2192	1262	164	0	0	228	382	3634	5872	4000	1294	400	
238236	Cerebelum_Crus2_R	0	0	0	0	0	0	0	0	0	0	0	0	0	0	0	0	0	0	0	0	0	0	0	0	0	0	0	0	0	0	0	0	0	0	0	0	0	0	0	0	0	0	0	0	0	0	0	0	0	0	0	0	0	0	0	0	0	0	0	0	0	0	0	0	0	0	0	0	0	0	0	0	0	0	0	0	0	0	0	0	0	0	0	0	0	0	0	0	0	0	4312	24810	5584	0	0	138	0	242	160	1970	3138	22106	3802	31370	286	2682	0	738	0	0	0	506	11438	4406	1430	0	
29004	Cerebelum_3_L	0	0	0	0	0	0	0	0	0	0	0	0	0	0	0	0	0	0	0	0	0	0	0	0	0	0	0	0	0	0	0	0	0	0	0	0	0	0	132	0	0	0	0	0	0	0	136	124	0	0	0	0	0	0	160	0	0	0	0	0	0	0	0	0	0	0	0	0	0	0	0	0	0	0	0	0	0	0	0	0	0	0	0	0	0	0	0	0	0	0	1040	100	240	0	0	108	5168	272	1568	266	0	0	278	0	1094	188	0	0	602	1086	886	338	208	206	302	0	
49108	Cerebelum_3_R	0	0	0	0	0	0	0	0	0	0	0	0	0	0	0	0	0	0	0	0	0	0	0	0	0	0	0	0	0	0	0	0	0	0	0	0	0	0	0	212	0	0	0	0	0	0	0	904	0	0	0	0	0	0	0	94	0	0	0	0	0	0	0	0	0	0	0	0	0	0	0	0	0	0	0	0	0	0	0	0	0	0	0	0	0	0	0	0	0	0	430	1530	326	138	108	0	370	4812	612	4384	0	0	0	204	226	1528	0	0	1016	2566	644	1118	996	792	1278	266	
282244	Cerebelum_4_5_L	0	0	0	0	0	0	0	0	0	0	0	0	0	0	0	0	0	0	0	0	0	0	0	0	0	0	0	0	0	0	0	0	0	0	0	0	178	146	1476	0	0	0	0	0	0	0	10682	2542	0	0	0	0	452	0	15484	2960	0	0	0	0	0	0	0	0	0	0	0	0	0	0	0	0	0	0	0	0	0	0	0	0	0	0	0	0	0	0	0	0	0	0	17898	2120	882	0	5168	370	0	8708	31620	7146	426	0	1922	0	4932	598	378	0	472	1124	17372	3050	454	278	968	1316	
218204	Cerebelum_4_5_R	0	0	0	0	0	0	0	0	0	0	0	0	0	0	0	0	0	0	0	0	0	0	0	0	0	0	0	0	0	0	0	0	0	0	0	0	0	0	0	942	0	0	0	0	0	0	3156	4712	0	0	0	0	118	0	2132	8416	0	0	0	0	0	0	0	0	0	0	0	104	0	0	0	0	0	0	0	0	0	0	0	0	0	0	0	0	0	0	0	0	0	0	2406	12292	240	242	272	4812	8708	0	6790	28574	0	0	104	900	294	1012	0	518	0	822	15612	1958	2496	456	618	396	
433656	Cerebelum_6_L	0	0	0	0	0	0	0	0	0	0	0	0	0	0	0	0	0	0	0	0	0	0	0	0	0	0	0	0	0	0	0	0	0	0	0	0	94	0	1102	0	0	0	0	0	0	0	14764	4182	0	0	0	0	690	0	30296	3216	0	0	0	0	0	0	0	0	0	0	0	0	0	0	0	0	0	0	0	0	0	0	0	0	0	0	0	0	0	0	0	0	284	0	51660	4274	6266	160	1568	612	31620	6790	0	9448	1976	0	4192	344	4846	1712	392	0	270	544	14076	14056	2366	1342	2316	1370	
345280	Cerebelum_6_R	0	0	0	0	0	0	0	0	0	0	0	0	0	0	0	0	0	0	0	0	0	0	0	0	0	0	0	0	0	0	0	0	0	0	0	0	0	198	0	0	0	0	0	0	0	0	3950	7004	0	0	0	0	0	0	2322	17074	0	0	0	0	0	0	0	0	0	0	0	0	0	0	0	0	0	0	0	0	0	0	0	0	0	0	0	0	0	0	0	0	0	210	4608	39266	1652	1970	266	4384	7146	28574	9448	0	0	184	118	3806	390	1174	0	1072	0	866	13786	12464	7936	1148	1200	424	
184152	Cerebelum_7b_L	0	0	0	0	0	0	0	0	0	0	0	0	0	0	0	0	0	0	0	0	0	0	0	0	0	0	0	0	0	0	0	0	0	0	0	0	0	0	0	0	0	0	0	0	0	0	0	0	0	0	0	0	0	0	90	0	0	0	0	0	0	0	0	0	0	0	0	0	0	0	0	0	0	0	0	0	0	0	0	0	0	0	0	0	0	0	0	0	0	0	11080	0	29108	3138	0	0	426	0	1976	0	0	1014	28042	3654	4628	602	156	0	0	0	0	98	3590	4124	350	0	
137348	Cerebelum_7b_R	0	0	0	0	0	0	0	0	0	0	0	0	0	0	0	0	0	0	0	0	0	0	0	0	0	0	0	0	0	0	0	0	0	0	0	0	0	0	0	0	0	0	0	0	0	0	0	0	0	0	0	0	0	0	0	0	0	0	0	0	0	0	0	0	0	0	0	0	0	0	0	0	0	0	0	0	0	0	0	0	0	0	0	0	0	0	0	0	0	0	1190	6410	2556	22106	0	0	0	0	0	184	1014	0	1264	25106	0	4328	0	0	0	0	0	0	2974	1420	122	0	
259504	Cerebelum_8_L	0	0	0	0	0	0	0	0	0	0	0	0	0	0	0	0	0	0	0	0	0	0	0	0	0	0	0	0	0	0	0	0	0	0	0	0	0	0	0	0	0	0	0	0	0	0	0	0	0	0	0	0	0	0	198	0	0	0	0	0	0	0	0	0	0	0	0	0	0	0	0	0	0	0	0	0	0	0	0	0	0	0	0	0	0	0	0	0	148	0	18750	208	25948	3802	278	0	1922	104	4192	118	28042	1264	0	6326	17858	1842	1910	0	0	0	328	516	5974	7756	2116	152	
275544	Cerebelum_8_R	0	0	0	0	0	0	0	0	0	0	0	0	0	0	0	0	0	0	0	0	0	0	0	0	0	0	0	0	0	0	0	0	0	0	0	0	0	0	0	0	0	0	0	0	0	0	0	96	0	0	0	0	0	0	0	154	0	0	0	0	0	0	0	0	0	0	0	0	0	0	0	0	0	0	0	0	0	0	0	0	0	0	0	0	0	0	0	0	0	0	4354	19444	3732	31370	0	204	0	900	344	3806	3654	25106	6326	0	730	15926	0	2044	98	0	0	904	8500	7368	2712	0	
112460	Cerebelum_9_L	0	0	0	0	0	0	0	0	0	0	0	0	0	0	0	0	0	0	0	0	0	0	0	0	0	0	0	0	0	0	0	0	0	0	0	0	0	0	0	0	0	0	0	0	0	0	0	0	0	0	0	0	0	0	0	152	0	0	0	0	0	0	0	0	0	0	0	0	0	0	0	0	0	0	0	0	0	0	0	0	0	0	0	0	0	0	0	0	0	0	4772	146	2192	286	1094	226	4932	294	4846	390	4628	0	17858	730	0	1214	3238	0	154	236	1392	1510	1246	1652	2080	962	
123760	Cerebelum_9_R	0	0	0	0	0	0	0	0	0	0	0	0	0	0	0	0	0	0	0	0	0	0	0	0	0	0	0	0	0	0	0	0	0	0	0	0	0	0	0	0	0	0	0	0	0	0	0	0	0	0	0	0	0	0	0	130	0	0	0	0	0	0	0	0	0	0	0	0	0	0	0	0	0	0	0	0	0	0	0	0	0	0	0	0	0	0	0	0	0	0	2398	1446	1262	2682	188	1528	598	1012	1712	1174	602	4328	1842	15926	1214	0	0	1156	696	714	896	3520	3892	4980	6440	1544	
13016	Cerebelum_10_L	0	0	0	0	0	0	0	0	0	0	0	0	0	0	0	0	0	0	0	0	0	0	0	0	0	0	0	0	0	0	0	0	0	0	0	0	0	0	0	0	0	0	0	0	0	0	0	0	0	0	0	0	0	0	0	0	0	0	0	0	0	0	0	0	0	0	0	0	0	0	0	0	0	0	0	0	0	0	0	0	0	0	0	0	0	0	0	0	0	0	270	0	164	0	0	0	378	0	392	0	156	0	1910	0	3238	0	0	0	0	0	0	0	0	0	0	0	
13912	Cerebelum_10_R	0	0	0	0	0	0	0	0	0	0	0	0	0	0	0	0	0	0	0	0	0	0	0	0	0	0	0	0	0	0	0	0	0	0	0	0	0	0	0	0	0	0	0	0	0	0	0	0	0	0	0	0	0	0	0	0	0	0	0	0	0	0	0	0	0	0	0	0	0	0	0	0	0	0	0	0	0	0	0	0	0	0	0	0	0	0	0	0	0	0	0	1238	0	738	0	0	0	518	0	1072	0	0	0	2044	0	1156	0	0	0	0	0	0	190	0	0	0	
18768	Vermis_1_2	0	0	0	0	0	0	0	0	0	0	0	0	0	0	0	0	0	0	0	0	0	0	0	0	0	0	0	0	0	0	0	0	0	0	0	0	0	0	0	0	0	0	0	0	0	0	0	0	0	0	0	0	0	0	0	0	0	0	0	0	0	0	0	0	0	0	0	0	0	0	0	0	0	0	0	0	0	0	0	0	0	0	0	0	0	0	0	0	0	0	116	0	0	0	602	1016	472	0	270	0	0	0	0	98	154	696	0	0	0	2912	1004	570	158	336	666	314	
33124	Vermis_3	0	0	0	0	0	0	0	0	0	0	0	0	0	0	0	0	0	0	0	0	0	0	0	0	0	0	0	0	0	0	0	0	0	0	0	0	102	0	154	0	0	0	0	0	0	0	210	190	0	0	0	0	0	0	0	0	0	0	0	0	0	0	0	0	0	0	0	0	0	0	0	0	0	0	0	0	0	0	0	0	0	0	0	0	0	0	0	0	0	0	340	246	228	0	1086	2566	1124	822	544	866	0	0	0	0	236	714	0	0	2912	0	1698	972	0	314	910	328	
223888	Vermis_4_5	0	0	0	0	0	0	0	0	0	0	0	0	0	0	0	0	0	0	0	0	0	0	0	0	0	0	0	0	0	0	0	0	0	0	0	162	0	162	0	0	0	0	0	96	0	0	6914	4252	0	0	0	0	468	0	5794	5480	0	0	0	0	0	0	0	0	0	0	0	334	0	0	0	0	0	0	0	0	0	0	0	0	0	0	0	0	0	0	0	0	0	0	5594	3818	382	0	886	644	17372	15612	14076	13786	0	0	328	0	1392	896	0	0	1004	1698	0	6738	434	218	1292	2112	
200708	Vermis_6	0	0	0	0	0	0	0	0	0	0	0	0	0	0	0	0	0	0	0	0	0	0	0	0	0	0	0	0	0	0	0	0	0	0	0	0	0	0	0	0	0	0	0	0	0	0	4068	5456	0	0	0	0	242	0	3780	3556	0	0	0	0	0	0	0	0	0	0	0	0	0	0	0	0	0	0	0	0	0	0	0	0	0	0	0	0	0	0	0	0	0	0	8560	8876	3634	506	338	1118	3050	1958	14056	12464	98	0	516	904	1510	3520	0	0	570	972	6738	0	3576	2358	4418	3512	
187600	Vermis_7	0	0	0	0	0	0	0	0	0	0	0	0	0	0	0	0	0	0	0	0	0	0	0	0	0	0	0	0	0	0	0	0	0	0	0	0	0	0	0	0	0	0	0	0	0	0	394	460	0	0	0	0	0	0	388	682	0	0	0	0	0	0	0	0	0	0	0	0	0	0	0	0	0	0	0	0	0	0	0	0	0	0	0	0	0	0	0	0	0	0	6558	11264	5872	11438	208	996	454	2496	2366	7936	3590	2974	5974	8500	1246	3892	0	190	158	0	434	3576	0	7586	3814	354	
123080	Vermis_8	0	0	0	0	0	0	0	0	0	0	0	0	0	0	0	0	0	0	0	0	0	0	0	0	0	0	0	0	0	0	0	0	0	0	0	0	0	0	0	0	0	0	0	0	0	0	0	0	0	0	0	0	0	0	0	0	0	0	0	0	0	0	0	0	0	0	0	0	0	0	0	0	0	0	0	0	0	0	0	0	0	0	0	0	0	0	0	0	0	0	3494	1046	4000	4406	206	792	278	456	1342	1148	4124	1420	7756	7368	1652	4980	0	0	336	314	218	2358	7586	0	5724	536	
