data	data	452156	247624	706268	711596	126080	110732	368676	254104	63172	55664	167492	162708	218516	177084	155720	95128	187160	104488	751532	697764	77712	98520	250488	336088	48056	130868	66992	81784	476988	330324	282036	535384	117800	427212	155044	176896	227260	306084	52852	182676	27892	56080	209464	299368	202440	393180	170112	287332	239332	398712	433336	238968	137912	52484	264764	382652	260128	170996	174468	111092	227684	111152	149180	99188	155476	133772	415648	497768	213268	162416	228736	291960	260676	268260	53480	20840	120672	145416	63448	29468	199216	116788	79220	47764	306900	286004	11924	39284	265192	220092	548088	520332	427176	335256	45152	63344	267172	217468	499820	459336	325272	167244	425848	435148	206916	126712	28036	17520	38764	80452	223004	263216	364564	191364	92240	28032	
data	data	Precentral_L	Precentral_R	Frontal_Sup_L	Frontal_Sup_R	Frontal_Sup_Orb_L	Frontal_Sup_Orb_R	Frontal_Mid_L	Frontal_Mid_R	Frontal_Mid_Orb_L	Frontal_Mid_Orb_R	Frontal_Inf_Oper_L	Frontal_Inf_Oper_R	Frontal_Inf_Tri_L	Frontal_Inf_Tri_R	Frontal_Inf_Orb_L	Frontal_Inf_Orb_R	Rolandic_Oper_L	Rolandic_Oper_R	Supp_Motor_Area_L	Supp_Motor_Area_R	Olfactory_L	Olfactory_R	Frontal_Sup_Medial_L	Frontal_Sup_Medial_R	Frontal_Med_Orb_L	Frontal_Med_Orb_R	Rectus_L	Rectus_R	Insula_L	Insula_R	Cingulum_Ant_L	Cingulum_Ant_R	Cingulum_Mid_L	Cingulum_Mid_R	Cingulum_Post_L	Cingulum_Post_R	Hippocampus_L	Hippocampus_R	ParaHippocampal_L	ParaHippocampal_R	Amygdala_L	Amygdala_R	Calcarine_L	Calcarine_R	Cuneus_L	Cuneus_R	Lingual_L	Lingual_R	Occipital_Sup_L	Occipital_Sup_R	Occipital_Mid_L	Occipital_Mid_R	Occipital_Inf_L	Occipital_Inf_R	Fusiform_L	Fusiform_R	Postcentral_L	Postcentral_R	Parietal_Sup_L	Parietal_Sup_R	Parietal_Inf_L	Parietal_Inf_R	SupraMarginal_L	SupraMarginal_R	Angular_L	Angular_R	Precuneus_L	Precuneus_R	Paracentral_Lobule_L	Paracentral_Lobule_R	Caudate_L	Caudate_R	Putamen_L	Putamen_R	Pallidum_L	Pallidum_R	Thalamus_L	Thalamus_R	Heschl_L	Heschl_R	Temporal_Sup_L	Temporal_Sup_R	Temporal_Pole_Sup_L	Temporal_Pole_Sup_R	Temporal_Mid_L	Temporal_Mid_R	Temporal_Pole_Mid_L	Temporal_Pole_Mid_R	Temporal_Inf_L	Temporal_Inf_R	Cerebelum_Crus1_L	Cerebelum_Crus1_R	Cerebelum_Crus2_L	Cerebelum_Crus2_R	Cerebelum_3_L	Cerebelum_3_R	Cerebelum_4_5_L	Cerebelum_4_5_R	Cerebelum_6_L	Cerebelum_6_R	Cerebelum_7b_L	Cerebelum_7b_R	Cerebelum_8_L	Cerebelum_8_R	Cerebelum_9_L	Cerebelum_9_R	Cerebelum_10_L	Cerebelum_10_R	Vermis_1_2	Vermis_3	Vermis_4_5	Vermis_6	Vermis_7	Vermis_8	Vermis_9	Vermis_10	
452156	Precentral_L	0	6042	12810	750	0	0	17020	86	0	0	13128	0	3310	0	0	0	11368	0	13318	6586	0	0	0	0	0	0	0	0	13354	0	3584	0	834	4512	5240	3450	6080	1806	102	200	0	0	694	0	1486	0	0	0	1160	0	4064	0	328	0	336	0	27624	118	2832	0	5032	0	5098	0	1292	0	3374	152	19348	2518	626	668	5400	278	2948	0	7682	1882	2870	0	3266	0	74	0	806	0	0	0	542	0	0	0	0	0	0	0	0	0	0	0	0	0	0	0	0	0	0	0	0	0	0	0	0	0	0	0	
247624	Precentral_R	6042	0	0	3494	0	0	0	9494	0	0	0	3626	0	84	0	0	0	2242	1666	10184	0	0	0	0	0	0	0	0	90	1836	0	308	388	7166	1466	2948	636	4502	0	290	0	0	0	1116	0	1188	0	726	0	812	0	290	0	0	0	736	364	20806	0	696	0	2214	0	2080	0	0	250	5494	2370	7604	668	6162	78	2170	0	266	1884	7412	0	654	0	348	0	0	0	402	0	0	0	560	0	0	0	0	0	0	0	0	0	0	0	0	0	0	0	0	0	0	0	0	0	0	0	0	0	0	
706268	Frontal_Sup_L	12810	0	0	9202	8834	0	55258	392	2748	0	7904	360	17176	196	8624	0	7126	124	73412	12116	342	0	29940	302	1708	76	374	0	29820	266	17674	3898	4842	1856	114	0	1992	0	100	0	0	0	0	0	0	0	0	0	0	0	80	0	0	0	0	0	2198	0	0	0	232	0	268	0	0	0	0	0	5726	0	9136	140	18284	590	2102	0	1864	144	420	0	1262	0	866	0	0	0	0	0	236	0	0	0	0	0	0	0	0	0	0	0	0	0	0	0	0	0	0	0	0	0	0	0	0	0	0	0	
711596	Frontal_Sup_R	750	3494	9202	0	0	8074	308	29842	0	2710	0	10346	76	7678	0	7060	0	4294	22602	65254	0	1232	8310	41220	872	6020	0	1646	654	17960	2872	38336	1104	17518	540	538	544	2868	0	812	0	0	0	0	0	0	0	0	0	0	0	0	0	0	0	206	0	252	0	0	0	0	0	0	0	0	0	0	430	0	6106	11510	670	14484	0	1424	292	5206	174	86	0	0	0	222	0	0	0	0	0	0	0	0	0	0	0	0	0	0	0	0	0	0	0	0	0	0	0	0	0	0	0	0	0	0	0	0	
126080	Frontal_Sup_Orb_L	0	0	8834	0	0	0	1388	0	9374	0	0	0	1366	0	9516	0	0	0	144	0	2228	230	3740	276	3926	278	5276	0	6634	0	2346	82	0	0	0	0	0	0	516	0	0	0	0	0	0	0	0	0	0	0	0	0	0	0	0	0	0	0	0	0	0	0	0	0	0	0	0	0	0	0	774	194	5702	0	0	0	0	0	0	0	0	0	216	0	0	0	0	0	0	0	0	0	0	0	0	0	0	0	0	0	0	0	0	0	0	0	0	0	0	0	0	0	0	0	0	0	
110732	Frontal_Sup_Orb_R	0	0	0	8074	0	0	0	2786	0	7276	0	0	0	406	0	5640	0	0	0	0	0	3064	92	4012	464	9936	96	9242	0	1804	220	656	0	0	0	0	0	0	0	0	0	0	0	0	0	0	0	0	0	0	0	0	0	0	0	0	0	0	0	0	0	0	0	0	0	0	0	0	0	0	0	1166	0	432	0	0	0	0	0	0	0	0	0	0	0	0	0	0	0	0	0	0	0	0	0	0	0	0	0	0	0	0	0	0	0	0	0	0	0	0	0	0	0	0	0	0	
368676	Frontal_Mid_L	17020	0	55258	308	1388	0	0	74	2432	0	9846	82	28312	0	8254	0	1012	0	20746	368	0	0	9550	0	0	0	0	0	12578	0	11600	284	1352	0	84	84	178	82	0	0	0	0	0	0	0	0	0	0	0	0	0	0	0	0	0	0	194	0	0	0	0	0	0	0	0	0	0	0	0	0	764	0	1624	76	0	0	546	0	0	0	126	0	116	0	0	0	0	0	0	0	0	0	0	0	0	0	0	0	0	0	0	0	0	0	0	0	0	0	0	0	0	0	0	0	0	0	
254104	Frontal_Mid_R	86	9494	392	29842	0	2786	74	0	0	3520	390	12518	0	15642	0	3644	330	760	2908	8700	0	0	622	4220	0	0	0	0	474	4848	704	10940	0	2882	0	0	0	414	0	142	0	0	0	0	0	80	0	0	0	0	0	0	0	0	0	90	0	258	0	0	0	110	0	118	0	0	0	142	0	0	3090	2216	740	2652	0	222	0	212	0	138	324	0	328	0	0	0	0	0	0	0	0	0	0	0	0	0	0	0	0	0	0	0	0	0	0	0	0	0	0	0	0	0	0	0	0	0	
63172	Frontal_Mid_Orb_L	0	0	2748	0	9374	0	2432	0	0	0	0	0	2248	0	9956	0	0	0	0	0	196	0	0	0	0	0	1780	0	2332	0	0	0	0	0	0	0	0	0	0	0	0	0	0	0	0	0	0	0	0	0	0	0	0	0	0	0	0	0	0	0	0	0	0	0	0	0	0	0	0	0	0	0	520	0	0	0	0	0	0	0	0	0	0	0	0	0	0	0	0	0	0	0	0	0	0	0	0	0	0	0	0	0	0	0	0	0	0	0	0	0	0	0	0	0	0	0	
55664	Frontal_Mid_Orb_R	0	0	0	2710	0	7276	0	3520	0	0	0	0	0	1844	0	10510	0	0	0	234	0	80	0	218	0	256	0	308	0	544	0	218	0	114	0	0	0	0	0	0	0	0	0	0	0	0	0	0	0	0	0	0	0	0	0	0	0	0	0	0	0	0	0	0	0	0	0	0	0	0	0	0	0	0	0	0	0	0	0	0	0	0	0	0	0	0	0	0	0	0	0	0	0	0	0	0	0	0	0	0	0	0	0	0	0	0	0	0	0	0	0	0	0	0	0	0	
167492	Frontal_Inf_Oper_L	13128	0	7904	0	0	0	9846	390	0	0	0	394	11066	0	368	0	9404	0	4208	128	0	0	104	0	0	0	0	0	11852	0	3444	342	0	0	0	0	234	0	0	0	0	0	0	0	0	0	0	0	0	0	0	0	0	0	0	0	3088	0	0	0	0	0	84	0	0	0	0	0	0	0	482	0	980	0	0	0	548	0	590	0	3012	0	2150	0	0	0	0	0	0	0	0	0	0	0	0	0	0	0	0	0	0	0	0	0	0	0	0	0	0	0	0	0	0	0	0	0	
162708	Frontal_Inf_Oper_R	0	3626	360	10346	0	0	82	12518	0	0	394	0	0	10736	0	364	334	4804	1056	4152	0	0	0	958	0	0	0	0	464	10014	268	5160	0	490	0	0	0	828	0	456	0	0	0	90	0	140	0	0	0	120	0	0	0	0	0	292	0	1638	0	0	0	116	0	116	0	0	0	276	0	0	3198	1058	690	4586	0	0	0	178	0	306	328	138	332	342	0	0	0	0	0	0	0	0	0	0	0	0	0	0	0	0	0	0	0	0	0	0	0	0	0	0	0	0	0	0	0	0	
218516	Frontal_Inf_Tri_L	3310	0	17176	76	1366	0	28312	0	2248	0	11066	0	0	0	15432	0	830	0	4458	160	0	0	92	0	0	0	0	0	18646	0	4378	190	84	86	0	0	0	0	0	0	0	0	0	0	0	0	0	0	0	0	0	0	0	0	0	0	0	0	0	0	0	0	0	0	0	0	0	0	0	0	0	0	878	0	0	0	0	0	0	0	258	0	212	0	0	0	0	0	0	0	0	0	0	0	0	0	0	0	0	0	0	0	0	0	0	0	0	0	0	0	0	0	0	0	0	0	
177084	Frontal_Inf_Tri_R	0	84	196	7678	0	406	0	15642	0	1844	0	10736	0	0	0	4944	0	840	1108	3498	0	0	0	3746	0	0	0	0	0	15000	1008	11434	0	1080	0	0	0	0	0	0	0	0	0	0	0	0	0	0	0	0	0	0	0	0	0	0	0	0	0	0	0	0	0	0	0	0	0	0	0	0	996	4540	306	3188	0	0	0	94	0	174	0	0	0	0	0	0	0	0	0	0	0	0	0	0	0	0	0	0	0	0	0	0	0	0	0	0	0	0	0	0	0	0	0	0	0	0	
155720	Frontal_Inf_Orb_L	0	0	8624	0	9516	0	8254	0	9956	0	368	0	15432	0	0	0	0	0	918	0	2390	0	0	0	0	0	2050	0	14962	0	158	0	0	0	0	0	374	0	508	0	352	0	0	0	0	0	0	0	0	0	0	0	0	0	0	0	0	0	0	0	0	0	0	0	0	0	0	0	0	0	476	0	2676	0	0	0	0	0	0	0	0	0	846	0	0	0	0	0	0	0	0	0	0	0	0	0	0	0	0	0	0	0	0	0	0	0	0	0	0	0	0	0	0	0	0	0	
95128	Frontal_Inf_Orb_R	0	0	0	7060	0	5640	0	3644	0	10510	0	364	0	4944	0	0	0	0	122	522	0	402	0	3600	0	890	0	314	0	6550	0	2376	0	250	0	0	0	0	0	0	0	0	0	0	0	0	0	0	0	0	0	0	0	0	0	0	0	0	0	0	0	0	0	0	0	0	0	0	0	0	0	126	0	250	0	0	0	0	0	0	0	0	0	0	0	0	0	0	0	0	0	0	0	0	0	0	0	0	0	0	0	0	0	0	0	0	0	0	0	0	0	0	0	0	0	0	
187160	Rolandic_Oper_L	11368	0	7126	0	0	0	1012	330	0	0	9404	334	830	0	0	0	0	0	6594	0	0	0	0	0	0	0	0	0	17072	0	364	174	0	0	180	152	940	150	0	0	0	0	74	0	0	0	0	0	302	0	1698	0	156	0	336	0	9470	0	468	0	1552	0	4070	0	908	0	314	0	2034	0	252	0	722	0	0	0	378	0	3154	0	7170	0	2082	0	1066	0	0	0	1344	0	0	0	0	0	0	0	0	0	0	0	0	0	0	0	0	0	0	0	0	0	0	0	0	0	0	0	
104488	Rolandic_Oper_R	0	2242	124	4294	0	0	0	760	0	0	0	4804	0	840	0	0	0	0	158	2064	0	0	0	0	0	0	0	0	0	13384	0	0	0	0	0	0	0	232	0	116	0	0	0	80	0	232	0	0	0	288	0	80	0	0	0	112	0	5282	0	0	0	132	0	4398	0	96	180	426	0	0	0	0	0	4642	0	384	0	144	0	3200	0	3082	0	340	0	128	0	0	0	0	0	0	0	0	0	0	0	0	0	0	0	0	0	0	0	0	0	0	0	0	0	0	0	0	0	0	
751532	Supp_Motor_Area_L	13318	1666	73412	22602	144	0	20746	2908	0	0	4208	1056	4458	1108	918	122	6594	158	0	49692	0	0	12042	7538	0	0	0	0	16980	1188	10788	16738	9426	24430	918	278	2906	194	94	0	0	0	0	0	74	0	0	0	116	0	458	0	0	0	84	0	2208	0	176	0	642	0	848	0	156	0	128	0	17756	110	13550	490	20144	644	5532	0	2616	588	476	0	1200	0	622	0	112	0	0	0	406	0	0	0	0	0	0	0	0	0	0	0	0	0	0	0	0	0	0	0	0	0	0	0	0	0	0	0	
697764	Supp_Motor_Area_R	6586	10184	12116	65254	0	0	368	8700	0	234	128	4152	160	3498	0	522	0	2064	49692	0	0	0	5124	11944	0	0	0	0	644	5392	3584	26508	4138	51884	866	4918	300	1642	0	568	0	0	0	748	0	856	0	354	0	196	0	146	0	0	0	694	0	1944	0	0	0	208	0	210	0	0	0	3224	6880	14444	7004	14080	766	8522	216	1506	142	4916	0	0	0	78	0	0	0	186	0	0	0	392	0	0	0	0	0	0	0	0	0	0	0	0	0	0	0	0	0	0	0	0	0	0	0	0	0	0	
77712	Olfactory_L	0	0	342	0	2228	0	0	0	196	0	0	0	0	0	2390	0	0	0	0	0	0	4336	0	0	98	194	4758	814	4178	0	2498	1702	0	0	0	0	1052	0	1306	0	1364	0	0	0	0	0	0	0	0	0	0	0	0	0	134	0	0	0	0	0	0	0	0	0	0	0	0	0	0	0	5660	3554	594	138	0	0	0	0	0	0	0	0	1320	0	0	0	0	0	0	0	0	0	0	0	0	0	0	0	0	0	0	0	0	0	0	0	0	0	0	0	0	0	0	0	0	0	
98520	Olfactory_R	0	0	0	1232	230	3064	0	0	0	80	0	0	0	0	0	402	0	0	0	0	4336	0	0	1096	0	4200	3594	6464	0	1934	2032	3610	0	0	0	0	0	138	0	112	0	262	0	0	0	0	0	0	0	0	0	0	0	0	0	0	0	0	0	0	0	0	0	0	0	0	0	0	0	0	5836	8576	1278	700	0	0	0	0	0	0	0	0	0	84	0	0	0	0	0	0	0	0	0	0	0	0	0	0	0	0	0	0	0	0	0	0	0	0	0	0	0	0	0	0	0	0	
250488	Frontal_Sup_Medial_L	0	0	29940	8310	3740	92	9550	622	0	0	104	0	92	0	0	0	0	0	12042	5124	0	0	0	15424	4030	1608	0	0	204	112	10784	9234	3648	8908	0	0	0	0	0	0	0	0	0	0	0	0	0	0	0	0	0	0	0	0	0	0	0	0	0	0	0	0	0	0	0	0	0	0	0	0	114	0	1562	0	0	0	0	0	0	0	0	0	0	0	0	0	0	0	0	0	0	0	0	0	0	0	0	0	0	0	0	0	0	0	0	0	0	0	0	0	0	0	0	0	0	0	
336088	Frontal_Sup_Medial_R	0	0	302	41220	276	4012	0	4220	0	218	0	958	0	3746	0	3600	0	0	7538	11944	0	1096	15424	0	3164	10064	0	1730	0	8248	1860	27870	338	12790	0	0	0	0	0	0	0	0	0	0	0	0	0	0	0	0	0	0	0	0	0	0	0	0	0	0	0	0	0	0	0	0	0	0	0	0	128	1912	0	5386	0	0	0	0	0	0	0	0	0	0	0	0	0	0	0	0	0	0	0	0	0	0	0	0	0	0	0	0	0	0	0	0	0	0	0	0	0	0	0	0	0	0	
48056	Frontal_Med_Orb_L	0	0	1708	872	3926	464	0	0	0	0	0	0	0	0	0	0	0	0	0	0	98	0	4030	3164	0	3932	1056	118	0	0	2592	1276	0	0	0	0	0	0	0	0	0	0	0	0	0	0	0	0	0	0	0	0	0	0	0	0	0	0	0	0	0	0	0	0	0	0	0	0	0	0	136	0	574	82	0	0	0	0	0	0	0	0	0	0	0	0	0	0	0	0	0	0	0	0	0	0	0	0	0	0	0	0	0	0	0	0	0	0	0	0	0	0	0	0	0	0	
130868	Frontal_Med_Orb_R	0	0	76	6020	278	9936	0	0	0	256	0	0	0	0	0	890	0	0	0	0	194	4200	1608	10064	3932	0	286	9902	0	876	1942	7212	0	0	0	0	0	0	0	0	0	0	0	0	0	0	0	0	0	0	0	0	0	0	0	0	0	0	0	0	0	0	0	0	0	0	0	0	0	0	180	4874	0	2708	0	0	0	0	0	0	0	0	0	0	0	0	0	0	0	0	0	0	0	0	0	0	0	0	0	0	0	0	0	0	0	0	0	0	0	0	0	0	0	0	0	0	
66992	Rectus_L	0	0	374	0	5276	96	0	0	1780	0	0	0	0	0	2050	0	0	0	0	0	4758	3594	0	0	1056	286	0	796	1136	0	2580	1300	0	0	0	0	0	0	466	0	0	0	0	0	0	0	0	0	0	0	0	0	0	0	0	0	0	0	0	0	0	0	0	0	0	0	0	0	0	0	4126	3024	798	0	0	0	0	0	0	0	0	0	0	0	0	0	0	0	0	0	0	0	0	0	0	0	0	0	0	0	0	0	0	0	0	0	0	0	0	0	0	0	0	0	0	0	
81784	Rectus_R	0	0	0	1646	0	9242	0	0	0	308	0	0	0	0	0	314	0	0	0	0	814	6464	0	1730	118	9902	796	0	0	880	850	2682	0	0	0	0	0	0	0	0	0	0	0	0	0	0	0	0	0	0	0	0	0	0	0	0	0	0	0	0	0	0	0	0	0	0	0	0	0	0	714	3976	0	456	0	0	0	0	0	0	0	0	0	0	0	0	0	0	0	0	0	0	0	0	0	0	0	0	0	0	0	0	0	0	0	0	0	0	0	0	0	0	0	0	0	0	
476988	Insula_L	13354	90	29820	654	6634	0	12578	474	2332	0	11852	464	18646	0	14962	0	17072	0	16980	644	4178	0	204	0	0	0	1136	0	0	0	8760	418	290	180	1872	1794	10410	1688	2006	366	1472	0	0	0	456	0	0	0	842	0	2006	0	340	0	1846	0	2440	0	532	0	632	0	1402	0	406	0	930	0	2564	0	1932	0	18440	94	0	0	1992	534	5216	0	5762	0	5556	0	1228	0	0	0	1924	0	0	0	0	0	0	0	90	0	0	0	0	0	0	0	0	0	0	0	0	0	0	0	0	0	0	0	
330324	Insula_R	0	1836	266	17960	0	1804	0	4848	0	544	0	10014	0	15000	0	6550	0	13384	1188	5392	0	1934	112	8248	0	876	0	880	0	0	992	15112	0	1290	100	100	100	4948	0	2916	0	1560	0	110	0	280	0	0	0	220	0	0	0	0	0	2264	0	1476	0	0	0	0	0	106	0	0	170	506	0	0	170	6364	0	24052	0	196	0	544	0	2422	0	3874	0	930	0	2220	0	148	0	1046	0	0	0	0	0	0	0	110	0	0	0	0	0	0	0	0	0	0	0	0	0	0	0	0	0	0	
282036	Cingulum_Ant_L	3584	0	17674	2872	2346	220	11600	704	0	0	3444	268	4378	1008	158	0	364	0	10788	3584	2498	2032	10784	1860	2592	1942	2580	850	8760	992	0	13640	4926	2530	0	0	0	0	0	0	0	0	0	0	0	0	0	0	0	0	0	0	0	0	0	0	0	0	0	0	0	0	0	0	0	0	0	0	0	0	9276	3538	7216	1274	0	0	178	0	0	0	278	0	280	0	0	0	0	0	0	0	0	0	0	0	0	0	0	0	0	0	0	0	0	0	0	0	0	0	0	0	0	0	0	0	0	0	
535384	Cingulum_Ant_R	0	308	3898	38336	82	656	284	10940	0	218	342	5160	190	11434	0	2376	174	0	16738	26508	1702	3610	9234	27870	1276	7212	1300	2682	418	15112	13640	0	2046	22184	0	0	0	134	0	84	0	0	0	0	0	0	0	0	0	0	0	0	0	0	0	0	0	0	0	0	0	0	0	0	0	0	0	0	0	0	3876	23120	766	13350	0	0	0	86	0	0	174	0	172	0	0	0	0	0	0	0	0	0	0	0	0	0	0	0	0	0	0	0	0	0	0	0	0	0	0	0	0	0	0	0	0	0	
117800	Cingulum_Mid_L	834	388	4842	1104	0	0	1352	0	0	0	0	0	84	0	0	0	0	0	9426	4138	0	0	3648	338	0	0	0	0	290	0	4926	2046	0	6856	5694	778	112	0	0	0	0	0	426	0	1474	196	0	0	988	162	266	0	0	0	0	0	84	0	262	0	0	0	0	0	0	0	2668	1192	3536	360	342	0	0	0	0	0	0	88	0	0	0	0	0	0	0	0	0	0	0	0	0	0	0	0	0	0	0	0	0	0	0	0	0	0	0	0	0	0	0	0	0	0	0	0	0	0	
427212	Cingulum_Mid_R	4512	7166	1856	17518	0	0	0	2882	0	114	0	490	86	1080	0	250	0	0	24430	51884	0	0	8908	12790	0	0	0	0	180	1290	2530	22184	6856	0	1118	6008	0	0	0	0	0	0	0	1502	94	2810	0	734	124	844	0	306	0	0	0	146	0	1378	0	0	0	144	0	112	0	0	1272	9264	3804	13948	416	1084	126	214	90	0	132	500	0	0	0	0	0	0	0	240	0	0	0	98	0	0	0	0	0	0	0	0	0	0	0	0	0	0	0	0	0	0	0	0	92	0	0	0	0	0	
155044	Cingulum_Post_L	5240	1466	114	540	0	0	84	0	0	0	0	0	0	0	0	0	180	0	918	866	0	0	0	0	0	0	0	0	1872	100	0	0	5694	1118	0	10764	9478	6400	480	916	0	0	2778	0	1978	110	874	74	598	0	462	0	74	0	126	0	576	0	136	0	0	0	0	0	0	0	7560	838	5120	640	0	102	204	190	0	0	3554	3640	1454	0	0	0	0	0	106	0	0	0	98	0	0	0	0	0	0	0	0	0	0	0	0	0	0	0	0	0	0	0	0	0	0	0	0	0	0	0	
176896	Cingulum_Post_R	3450	2948	0	538	0	0	84	0	0	0	0	0	0	0	0	0	152	0	278	4918	0	0	0	0	0	0	0	0	1794	100	0	0	778	6008	10764	0	6646	8110	284	1070	0	0	0	678	0	790	106	1108	0	470	0	296	0	0	0	414	0	2750	0	0	0	0	0	0	0	0	2102	11694	790	5664	108	178	200	192	0	0	4848	4774	1436	0	0	286	0	0	0	290	0	0	0	354	0	0	0	0	0	0	0	0	0	0	0	0	0	0	0	0	0	0	0	0	998	0	0	0	0	0	
227260	Hippocampus_L	6080	636	1992	544	0	0	178	0	0	0	234	0	0	0	374	0	940	0	2906	300	1052	0	0	0	0	0	0	0	10410	100	0	0	112	0	9478	6646	0	5936	8234	854	5332	0	3514	0	174	0	3068	150	0	0	164	0	0	0	6664	0	534	0	0	0	0	0	0	0	0	0	5248	622	1520	0	168	0	7824	190	1414	0	5044	3050	2926	0	1986	0	1348	0	550	0	74	0	4496	0	0	0	0	0	108	0	378	0	0	0	0	0	0	0	0	0	0	0	0	78	0	0	0	0	0	0	
306084	Hippocampus_R	1806	4502	0	2868	0	0	82	414	0	0	0	828	0	0	0	0	150	232	194	1642	0	138	0	0	0	0	0	0	1688	4948	0	134	0	0	6400	8110	5936	0	288	28648	0	9872	0	1266	0	0	116	4070	0	0	0	0	0	0	0	25932	108	168	0	0	0	0	0	0	0	0	996	4346	86	174	94	466	200	9160	0	1048	3260	6536	1340	0	0	1236	0	1010	0	2072	0	188	0	8130	0	0	0	0	0	310	0	1128	0	0	0	0	0	0	0	0	0	0	0	0	722	0	0	0	0	0	
52852	ParaHippocampal_L	102	0	100	0	516	0	0	0	0	0	0	0	0	0	508	0	0	0	94	0	1306	0	0	0	0	0	466	0	2006	0	0	0	0	0	480	284	8234	288	0	0	1396	0	82	0	0	0	2114	0	0	0	126	0	78	0	3932	0	0	0	0	0	0	0	0	0	0	0	350	0	0	0	0	0	812	0	92	0	314	150	0	0	304	0	440	0	0	0	0	0	1358	0	0	0	0	0	170	0	324	0	0	0	0	0	0	0	0	0	0	0	0	0	0	0	0	0	0	0	
182676	ParaHippocampal_R	200	290	0	812	0	0	0	142	0	0	0	456	0	0	0	0	0	116	0	568	0	112	0	0	0	0	0	0	366	2916	0	84	0	0	916	1070	854	28648	0	0	0	8256	0	1594	0	0	0	4120	0	0	0	0	0	0	0	20908	0	0	0	0	0	0	0	0	0	0	234	2446	0	0	0	96	84	5092	0	332	248	1010	232	0	0	618	0	1844	0	592	0	798	0	2874	0	176	0	0	0	406	0	1558	0	270	0	0	0	0	0	0	0	0	0	0	0	0	0	0	0	0	
27892	Amygdala_L	0	0	0	0	0	0	0	0	0	0	0	0	0	0	352	0	0	0	0	0	1364	0	0	0	0	0	0	0	1472	0	0	0	0	0	0	0	5332	0	1396	0	0	0	0	0	0	0	0	0	0	0	0	0	0	0	2078	0	0	0	0	0	0	0	0	0	0	0	0	0	0	0	0	0	546	0	0	0	0	0	0	0	0	0	786	0	284	0	0	0	336	0	0	0	0	0	0	0	0	0	0	0	0	0	0	0	0	0	0	0	0	0	0	0	0	0	0	0	
56080	Amygdala_R	0	0	0	0	0	0	0	0	0	0	0	0	0	0	0	0	0	0	0	0	0	262	0	0	0	0	0	0	0	1560	0	0	0	0	0	0	0	9872	0	8256	0	0	0	0	0	0	0	0	0	0	0	0	0	0	0	4514	0	0	0	0	0	0	0	0	0	0	0	0	0	0	0	0	0	1100	0	0	0	0	0	0	0	0	0	1866	0	0	0	280	0	232	0	0	0	0	0	98	0	0	0	0	0	0	0	0	0	0	0	0	0	0	0	0	0	0	0	0	
209464	Calcarine_L	694	0	0	0	0	0	0	0	0	0	0	0	0	0	0	0	74	0	0	0	0	0	0	0	0	0	0	0	0	0	0	0	426	0	2778	0	3514	0	82	0	0	0	0	3838	13990	1664	12542	1368	11600	394	21460	228	8124	0	2720	114	546	0	256	0	102	0	0	0	610	0	14550	292	224	0	0	0	0	0	0	0	0	0	110	0	120	0	0	0	1518	0	0	0	462	0	132	0	0	0	0	0	92	0	108	0	0	0	0	0	0	0	0	0	0	0	0	0	0	0	0	0	
299368	Calcarine_R	0	1116	0	0	0	0	0	0	0	0	0	90	0	0	0	0	0	80	0	748	0	0	0	0	0	0	0	0	0	110	0	0	0	1502	0	678	0	1266	0	1594	0	0	3838	0	9166	28996	280	19464	0	18596	0	11600	0	3374	0	11868	0	1670	0	330	0	266	0	0	0	500	2122	18814	0	2600	0	0	0	0	0	0	0	0	0	154	0	154	0	0	0	3352	0	0	0	4504	0	96	0	0	0	0	0	130	0	292	0	0	0	0	0	0	0	0	0	0	258	76	0	0	0	0	
202440	Cuneus_L	1486	0	0	0	0	0	0	0	0	0	0	0	0	0	0	0	0	0	74	0	0	0	0	0	0	0	0	0	456	0	0	0	1474	94	1978	0	174	0	0	0	0	0	13990	9166	0	8872	926	1392	24682	2146	12704	700	2830	0	910	280	1470	0	1510	0	298	0	0	0	0	0	10304	1096	1456	0	0	0	0	0	0	0	0	0	0	0	0	0	0	0	388	0	0	0	280	0	84	0	0	0	0	0	0	0	0	0	0	0	0	0	0	0	0	0	0	0	0	0	0	0	0	0	
393180	Cuneus_R	0	1188	0	0	0	0	0	80	0	0	0	140	0	0	0	0	0	232	0	856	0	0	0	0	0	0	0	0	0	280	0	0	196	2810	110	790	0	0	0	0	0	0	1664	28996	8872	0	0	3252	0	48310	0	11452	0	186	0	1606	0	1558	0	1776	0	1314	0	342	0	1594	21576	38978	0	2962	0	0	0	78	0	0	0	0	0	558	0	1970	0	0	0	9366	0	0	0	3498	0	0	0	0	0	0	0	0	0	0	0	0	0	0	0	0	0	0	0	0	0	0	0	0	0	0	
170112	Lingual_L	0	0	0	0	0	0	0	0	0	0	0	0	0	0	0	0	0	0	0	0	0	0	0	0	0	0	0	0	0	0	0	0	0	0	874	106	3068	116	2114	0	0	0	12542	280	926	0	0	1258	2896	0	9448	0	6032	0	11154	292	0	0	0	0	0	0	0	0	0	0	4132	0	0	0	0	0	0	0	0	0	144	0	0	0	0	0	0	0	140	0	0	0	492	0	4310	548	506	0	0	0	6534	214	9622	642	0	0	0	0	0	0	0	0	0	102	2546	3184	834	0	0	0	
287332	Lingual_R	0	726	0	0	0	0	0	0	0	0	0	0	0	0	0	0	0	0	0	354	0	0	0	0	0	0	0	0	0	0	0	0	0	734	74	1108	150	4070	0	4120	0	0	1368	19464	1392	3252	1258	0	0	4282	0	5742	0	4894	136	19920	0	1058	0	0	0	0	0	0	0	0	212	10778	0	1458	0	0	0	0	0	0	0	242	0	0	0	0	0	0	0	260	0	0	0	1640	2416	8318	594	804	0	424	802	6044	4386	11192	0	206	0	638	0	0	0	0	0	312	5368	10464	3006	0	0	0	
239332	Occipital_Sup_L	1160	0	0	0	0	0	0	0	0	0	0	0	0	0	0	0	302	0	116	0	0	0	0	0	0	0	0	0	842	0	0	0	988	124	598	0	0	0	0	0	0	0	11600	0	24682	0	2896	0	0	0	34880	0	3204	0	510	0	1630	0	12520	0	2180	0	0	0	2028	0	10242	142	1062	0	0	0	0	0	0	0	0	0	0	0	300	0	0	0	4852	0	0	0	2808	0	0	0	0	0	0	0	0	0	0	0	0	0	0	0	0	0	0	0	0	0	0	0	0	0	0	0	
398712	Occipital_Sup_R	0	812	0	0	0	0	0	0	0	0	0	120	0	0	0	0	0	288	0	196	0	0	0	0	0	0	0	0	0	220	0	0	162	844	0	470	0	0	0	0	0	0	394	18596	2146	48310	0	4282	0	0	0	27696	0	774	0	1472	0	866	0	5160	0	2584	0	374	0	7592	18592	33626	0	1110	0	0	0	0	0	0	0	0	0	330	0	2004	0	0	0	15324	0	0	0	5012	0	0	0	0	0	0	0	0	0	0	0	0	0	0	0	0	0	0	0	0	0	0	0	0	0	0	
433336	Occipital_Mid_L	4064	0	80	0	0	0	0	0	0	0	0	0	0	0	0	0	1698	0	458	0	0	0	0	0	0	0	0	0	2006	0	0	0	266	0	462	0	164	0	126	0	0	0	21460	0	12704	0	9448	0	34880	0	0	0	21926	0	5954	0	5394	0	16272	0	13416	0	624	0	21364	0	13324	0	1708	0	0	0	0	0	0	0	0	0	820	0	1096	0	0	0	17802	0	0	0	8330	0	336	0	0	0	0	0	166	0	320	0	0	0	0	0	0	0	0	0	0	0	0	0	0	0	0	0	
238968	Occipital_Mid_R	0	290	0	0	0	0	0	0	0	0	0	0	0	0	0	0	0	80	0	146	0	0	0	0	0	0	0	0	0	0	0	0	0	306	0	296	0	0	0	0	0	0	228	11600	700	11452	0	5742	0	27696	0	0	0	4170	0	3260	0	388	0	4842	0	3150	0	0	0	15694	1666	7270	0	584	0	0	0	0	0	0	0	0	0	118	0	200	0	0	0	15874	0	0	0	2776	0	210	0	0	0	0	0	0	0	326	0	0	0	0	0	0	0	0	0	0	0	246	174	0	0	0	
137912	Occipital_Inf_L	328	0	0	0	0	0	0	0	0	0	0	0	0	0	0	0	156	0	0	0	0	0	0	0	0	0	0	0	340	0	0	0	0	0	74	0	0	0	78	0	0	0	8124	0	2830	0	6032	0	3204	0	21926	0	0	0	11122	0	240	0	320	0	322	0	78	0	194	0	2270	0	112	0	0	0	0	0	0	0	0	0	362	0	360	0	0	0	3480	0	0	0	3370	0	1326	0	0	0	0	0	888	0	1420	0	0	0	0	0	0	0	0	0	0	0	0	0	0	0	0	0	
52484	Occipital_Inf_R	0	0	0	0	0	0	0	0	0	0	0	0	0	0	0	0	0	0	0	0	0	0	0	0	0	0	0	0	0	0	0	0	0	0	0	0	0	0	0	0	0	0	0	3374	0	186	0	4894	0	774	0	4170	0	0	0	5986	0	0	0	0	0	0	0	0	0	0	0	914	0	0	0	0	0	0	0	0	0	0	0	0	0	0	0	0	0	856	0	0	0	3082	0	430	0	0	0	0	0	0	0	804	0	0	0	0	0	0	0	0	0	0	0	536	236	0	0	0	
264764	Fusiform_L	336	0	0	0	0	0	0	0	0	0	0	0	0	0	0	0	336	0	84	0	134	0	0	0	0	0	0	0	1846	0	0	0	0	0	126	0	6664	0	3932	0	2078	0	2720	0	910	0	11154	136	510	0	5954	0	11122	0	0	0	234	0	144	0	180	0	82	0	204	0	2456	0	136	0	0	0	112	0	0	0	0	0	1390	0	3304	0	1774	0	4406	0	646	0	14034	0	18380	172	1564	0	0	0	10772	76	20918	214	204	0	440	0	106	0	0	0	0	0	1036	892	464	0	0	0	
382652	Fusiform_R	0	736	0	206	0	0	0	90	0	0	0	292	0	0	0	0	0	112	0	694	0	0	0	0	0	0	0	0	0	2264	0	0	0	146	0	414	0	25932	0	20908	0	4514	114	11868	280	1606	292	19920	0	1472	0	3260	0	5986	0	0	0	174	0	0	0	114	0	516	0	314	438	6012	0	766	0	0	0	2782	0	154	0	80	0	116	0	1228	0	3328	0	5972	0	1872	0	27902	564	10576	188	306	0	170	406	6180	1304	12248	0	0	0	530	0	0	0	0	0	106	2536	2798	540	0	0	0	
260128	Postcentral_L	27624	364	2198	0	0	0	194	0	0	0	3088	0	0	0	0	0	9470	0	2208	0	0	0	0	0	0	0	0	0	2440	0	0	0	84	0	576	0	534	108	0	0	0	0	546	0	1470	0	0	0	1630	0	5394	0	240	0	234	0	0	0	11498	0	20510	0	15282	0	2048	0	7092	0	7062	0	0	0	150	218	0	0	828	96	1530	0	3978	0	0	0	892	0	0	0	478	0	0	0	0	0	0	0	0	0	0	0	0	0	0	0	0	0	0	0	0	0	0	0	0	0	0	0	
170996	Postcentral_R	118	20806	0	252	0	0	0	258	0	0	0	1638	0	0	0	0	0	5282	0	1944	0	0	0	0	0	0	0	0	0	1476	0	0	0	1378	0	2750	0	168	0	0	0	0	0	1670	0	1558	0	1058	0	866	0	388	0	0	0	174	0	0	0	5788	0	6154	0	9682	0	216	418	11234	0	6966	0	0	0	1108	0	0	0	0	0	576	0	964	0	0	0	422	0	0	0	186	0	0	0	0	0	0	0	0	0	0	0	0	0	0	0	0	0	0	0	0	0	0	0	0	0	0	
174468	Parietal_Sup_L	2832	0	0	0	0	0	0	0	0	0	0	0	0	0	0	0	468	0	176	0	0	0	0	0	0	0	0	0	532	0	0	0	262	0	136	0	0	0	0	0	0	0	256	0	1510	0	0	0	12520	0	16272	0	320	0	144	0	11498	0	0	0	12682	0	180	0	2288	0	17868	0	1804	0	0	0	0	0	0	0	0	0	0	0	472	0	0	0	2802	0	0	0	2212	0	0	0	0	0	0	0	0	0	0	0	0	0	0	0	0	0	0	0	0	0	0	0	0	0	0	0	
111092	Parietal_Sup_R	0	696	0	0	0	0	0	0	0	0	0	0	0	0	0	0	0	0	0	0	0	0	0	0	0	0	0	0	0	0	0	0	0	0	0	0	0	0	0	0	0	0	0	330	0	1776	0	0	0	5160	0	4842	0	0	0	0	0	5788	0	0	0	10560	0	2786	0	8740	2124	9412	0	1502	0	0	0	0	0	0	0	0	0	0	0	0	0	0	0	1558	0	0	0	272	0	0	0	0	0	0	0	0	0	0	0	0	0	0	0	0	0	0	0	0	0	0	0	0	0	0	
227684	Parietal_Inf_L	5032	0	232	0	0	0	0	0	0	0	0	0	0	0	0	0	1552	0	642	0	0	0	0	0	0	0	0	0	632	0	0	0	0	0	0	0	0	0	0	0	0	0	102	0	298	0	0	0	2180	0	13416	0	322	0	180	0	20510	0	12682	0	0	0	17902	0	19390	0	2128	0	1342	0	0	0	0	0	0	0	0	0	78	0	2338	0	0	0	7948	0	0	0	4936	0	0	0	0	0	0	0	0	0	0	0	0	0	0	0	0	0	0	0	0	0	0	0	0	0	0	0	
111152	Parietal_Inf_R	0	2214	0	0	0	0	0	110	0	0	0	116	0	0	0	0	0	132	0	208	0	0	0	0	0	0	0	0	0	0	0	0	0	144	0	0	0	0	0	0	0	0	0	266	0	1314	0	0	0	2584	0	3150	0	0	0	114	0	6154	0	10560	0	0	0	11884	0	11364	1154	1854	0	0	0	0	0	124	0	0	0	0	0	0	0	280	0	0	0	1324	0	0	0	526	0	0	0	0	0	0	0	0	0	0	0	0	0	0	0	0	0	0	0	0	0	0	0	0	0	0	
149180	SupraMarginal_L	5098	0	268	0	0	0	0	0	0	0	84	0	0	0	0	0	4070	0	848	0	0	0	0	0	0	0	0	0	1402	0	0	0	0	0	0	0	0	0	0	0	0	0	0	0	0	0	0	0	0	0	624	0	78	0	82	0	15282	0	180	0	17902	0	0	0	7736	0	104	0	1272	0	0	0	0	0	0	0	0	0	142	0	8146	0	0	0	8516	0	0	0	2756	0	0	0	0	0	0	0	0	0	0	0	0	0	0	0	0	0	0	0	0	0	0	0	0	0	0	0	
99188	SupraMarginal_R	0	2080	0	0	0	0	0	118	0	0	0	116	0	0	0	0	0	4398	0	210	0	0	0	0	0	0	0	0	0	106	0	0	0	112	0	0	0	0	0	0	0	0	0	0	0	342	0	0	0	374	0	0	0	0	0	516	0	9682	0	2786	0	11884	0	0	0	6902	368	516	0	0	0	0	0	154	0	90	0	0	0	254	0	6206	0	0	0	1718	0	0	0	662	0	0	0	0	0	0	0	0	0	0	0	0	0	0	0	0	0	0	0	0	0	0	0	0	0	0	
155476	Angular_L	1292	0	0	0	0	0	0	0	0	0	0	0	0	0	0	0	908	0	156	0	0	0	0	0	0	0	0	0	406	0	0	0	0	0	0	0	0	0	0	0	0	0	610	0	0	0	0	0	2028	0	21364	0	194	0	204	0	2048	0	2288	0	19390	0	7736	0	0	0	362	0	198	0	0	0	0	0	0	0	0	0	104	0	1112	0	0	0	11908	0	0	0	5430	0	0	0	0	0	0	0	0	0	0	0	0	0	0	0	0	0	0	0	0	0	0	0	0	0	0	0	
133772	Angular_R	0	0	0	0	0	0	0	0	0	0	0	0	0	0	0	0	0	96	0	0	0	0	0	0	0	0	0	0	0	0	0	0	0	0	0	0	0	0	0	0	0	0	0	500	0	1594	0	0	0	7592	0	15694	0	0	0	314	0	216	0	8740	0	11364	0	6902	0	0	966	2108	0	0	0	0	0	0	0	0	0	0	0	0	0	2854	0	0	0	6568	0	0	0	1378	0	0	0	0	0	0	0	0	0	0	0	0	0	0	0	0	0	0	0	0	0	0	0	0	0	0	
415648	Precuneus_L	3374	250	0	0	0	0	0	0	0	0	0	0	0	0	0	0	314	180	128	0	0	0	0	0	0	0	0	0	930	170	0	0	2668	1272	7560	2102	5248	996	350	234	0	0	14550	2122	10304	21576	4132	212	10242	18592	13324	1666	2270	0	2456	438	7092	418	17868	2124	2128	1154	104	368	362	966	0	26180	4180	432	0	0	0	0	0	0	0	92	366	196	548	1622	0	0	2484	6490	0	0	2112	2796	82	0	0	0	0	0	0	0	0	0	0	0	0	0	0	0	0	0	0	0	0	0	0	0	0	0	
497768	Precuneus_R	152	5494	0	0	0	0	0	142	0	0	0	276	0	0	0	0	0	426	0	3224	0	0	0	0	0	0	0	0	0	506	0	0	1192	9264	838	11694	622	4346	0	2446	0	0	292	18814	1096	38978	0	10778	142	33626	0	7270	0	914	0	6012	0	11234	0	9412	0	1854	0	516	0	2108	26180	0	0	13306	0	0	0	548	0	84	0	380	0	844	0	2554	0	0	0	12014	0	0	0	7140	0	0	0	0	0	0	0	530	0	0	0	0	0	0	0	0	0	0	0	0	1636	0	0	0	0	0	
213268	Paracentral_Lobule_L	19348	2370	5726	430	0	0	0	0	0	0	0	0	0	0	0	0	2034	0	17756	6880	0	0	0	0	0	0	0	0	2564	0	0	0	3536	3804	5120	790	1520	86	0	0	0	0	224	0	1456	0	0	0	1062	0	1708	0	112	0	136	0	7062	0	1804	0	1342	0	1272	0	198	0	4180	0	0	1962	430	0	4084	0	3466	0	2306	320	454	0	580	0	0	0	280	0	0	0	232	0	0	0	0	0	0	0	0	0	0	0	0	0	0	0	0	0	0	0	0	0	0	0	0	0	0	0	
162416	Paracentral_Lobule_R	2518	7604	0	0	0	0	0	0	0	0	0	0	0	0	0	0	0	0	110	14444	0	0	0	0	0	0	0	0	0	0	0	0	360	13948	640	5664	0	174	0	0	0	0	0	2600	0	2962	0	1458	0	1110	0	584	0	0	0	766	0	6966	0	1502	0	0	0	0	0	0	432	13306	1962	0	0	110	0	0	0	0	0	104	0	0	0	188	0	0	0	668	0	0	0	636	0	0	0	0	0	0	0	0	0	0	0	0	0	0	0	0	0	0	0	0	392	0	0	0	0	0	
228736	Caudate_L	626	668	9136	6106	774	0	764	3090	0	0	482	3198	0	996	476	0	252	0	13550	7004	5660	5836	114	128	136	180	4126	714	1932	170	9276	3876	342	416	0	108	168	94	0	0	0	0	0	0	0	0	0	0	0	0	0	0	0	0	0	0	0	0	0	0	0	0	0	0	0	0	0	0	430	0	0	8890	11552	1404	1960	100	8322	744	0	0	246	0	322	0	0	0	0	0	0	0	0	0	0	0	0	0	0	0	0	0	0	0	0	0	0	0	0	0	0	0	0	0	0	0	0	0	
291960	Caudate_R	668	6162	140	11510	194	1166	0	2216	0	0	0	1058	0	4540	0	126	0	0	490	14080	3554	8576	0	1912	0	4874	3024	3976	0	6364	3538	23120	0	1084	102	178	0	466	0	96	0	0	0	0	0	0	0	0	0	0	0	0	0	0	0	0	0	0	0	0	0	0	0	0	0	0	0	0	0	110	8890	0	1568	12946	0	1718	554	16980	0	0	0	0	0	0	0	0	0	0	0	0	0	0	0	0	0	0	0	0	0	0	0	0	0	0	0	0	0	0	0	0	0	0	0	0	0	0	
260676	Putamen_L	5400	78	18284	670	5702	0	1624	740	520	0	980	690	878	306	2676	0	722	0	20144	766	594	1278	1562	0	574	0	798	0	18440	0	7216	766	0	126	204	200	7824	200	812	84	546	0	0	0	0	0	0	0	0	0	0	0	0	0	112	0	150	0	0	0	0	0	0	0	0	0	0	0	4084	0	11552	1568	0	264	7002	0	2262	88	150	0	100	0	1128	0	0	0	0	0	474	0	0	0	0	0	0	0	0	0	0	0	0	0	0	0	0	0	0	0	0	0	0	0	0	0	0	0	
268260	Putamen_R	278	2170	590	14484	0	432	76	2652	0	0	0	4586	0	3188	0	250	0	4642	644	8522	138	700	0	5386	82	2708	0	456	94	24052	1274	13350	0	214	190	192	190	9160	0	5092	0	1100	0	0	0	78	0	0	0	0	0	0	0	0	0	2782	218	1108	0	0	0	124	0	154	0	0	0	548	0	0	1404	12946	264	0	0	2554	136	3378	0	666	0	570	0	104	0	98	0	0	0	106	0	0	0	0	0	0	0	0	0	0	0	0	0	0	0	0	0	0	0	0	0	0	0	0	0	0	
53480	Pallidum_L	2948	0	2102	0	0	0	0	0	0	0	0	0	0	0	0	0	0	0	5532	216	0	0	0	0	0	0	0	0	0	0	0	0	0	90	0	0	1414	0	92	0	0	0	0	0	0	0	0	0	0	0	0	0	0	0	0	0	0	0	0	0	0	0	0	0	0	0	0	0	3466	0	1960	0	7002	0	0	0	1918	0	0	0	0	0	0	0	0	0	0	0	0	0	0	0	0	0	0	0	0	0	0	0	0	0	0	0	0	0	0	0	0	0	0	0	0	0	0	0	
20840	Pallidum_R	0	266	0	1424	0	0	0	222	0	0	0	0	0	0	0	0	0	384	0	1506	0	0	0	0	0	0	0	0	0	196	0	0	0	0	0	0	0	1048	0	332	0	0	0	0	0	0	0	0	0	0	0	0	0	0	0	154	0	0	0	0	0	0	0	90	0	0	0	84	0	0	100	1718	0	2554	0	0	0	342	0	0	0	0	0	0	0	0	0	0	0	0	0	0	0	0	0	0	0	0	0	0	0	0	0	0	0	0	0	0	0	0	0	0	0	0	0	0	
120672	Thalamus_L	7682	1884	1864	292	0	0	546	0	0	0	548	0	0	0	0	0	378	0	2616	142	0	0	0	0	0	0	0	0	1992	0	178	0	0	132	3554	4848	5044	3260	314	248	0	0	0	0	0	0	144	0	0	0	0	0	0	0	0	0	828	0	0	0	0	0	0	0	0	0	0	0	2306	0	8322	554	2262	136	1918	0	0	7710	366	0	148	0	0	0	0	0	0	0	120	0	0	0	0	0	0	0	0	0	0	0	0	0	0	0	0	0	0	0	0	0	0	0	0	0	0	0	
145416	Thalamus_R	1882	7412	144	5206	0	0	0	212	0	0	0	178	0	94	0	0	0	144	588	4916	0	0	0	0	0	0	0	0	534	544	0	86	88	500	3640	4774	3050	6536	150	1010	0	0	0	0	0	0	0	242	0	0	0	0	0	0	0	80	96	0	0	0	0	0	0	0	0	0	92	380	320	104	744	16980	88	3378	0	342	7710	0	340	0	0	0	0	0	0	0	0	0	0	0	0	0	0	0	0	0	0	124	0	0	0	0	0	0	0	0	0	0	0	0	0	0	0	0	0	0	
63448	Heschl_L	2870	0	420	174	0	0	0	0	0	0	590	0	0	0	0	0	3154	0	476	0	0	0	0	0	0	0	0	0	5216	0	0	0	0	0	1454	1436	2926	1340	0	232	0	0	110	0	0	0	0	0	0	0	820	0	362	0	1390	0	1530	0	0	0	78	0	142	0	104	0	366	0	454	0	0	0	150	0	0	0	366	340	0	0	3014	0	0	0	1168	0	0	0	1042	0	0	0	0	0	0	0	0	0	0	0	0	0	0	0	0	0	0	0	0	0	0	0	0	0	0	0	
29468	Heschl_R	0	654	0	86	0	0	0	138	0	0	0	306	0	174	0	0	0	3200	0	0	0	0	0	0	0	0	0	0	0	2422	0	0	0	0	0	0	0	0	0	0	0	0	0	154	0	558	0	0	0	330	0	118	0	0	0	116	0	576	0	0	0	0	0	254	0	0	196	844	0	0	0	0	0	666	0	0	0	0	0	0	0	3326	0	116	0	396	0	0	0	104	0	0	0	0	0	0	0	0	0	0	0	0	0	0	0	0	0	0	0	0	0	0	0	0	0	0	
199216	Temporal_Sup_L	3266	0	1262	0	0	0	126	324	0	0	3012	328	258	0	0	0	7170	0	1200	0	0	0	0	0	0	0	0	0	5762	0	278	174	0	0	0	0	1986	0	304	0	0	0	120	0	0	0	0	0	300	0	1096	0	360	0	3304	0	3978	0	472	0	2338	0	8146	0	1112	0	548	0	580	0	246	0	100	0	0	0	148	0	3014	0	0	0	4602	0	27610	0	0	0	15946	0	0	0	0	0	0	0	138	0	0	0	0	0	0	0	0	0	0	0	0	0	0	0	0	0	0	0	
116788	Temporal_Sup_R	0	348	0	0	0	0	0	0	0	0	0	138	0	0	0	0	0	3082	0	78	0	0	0	0	0	0	0	0	0	3874	0	0	0	0	0	286	0	1236	0	618	0	0	0	154	0	1970	0	0	0	2004	0	200	0	0	0	1228	0	964	0	0	0	280	0	6206	0	2854	1622	2554	0	188	0	0	0	570	0	0	0	0	0	3326	0	0	0	3784	0	17178	0	1626	0	2026	0	0	0	0	0	0	0	0	0	0	0	0	0	0	0	0	0	0	0	0	0	0	0	0	0	0	
79220	Temporal_Pole_Sup_L	74	0	866	0	216	0	116	328	0	0	2150	332	212	0	846	0	2082	0	622	0	1320	0	0	0	0	0	0	0	5556	0	280	172	0	0	0	0	1348	0	440	0	786	0	0	0	0	0	0	0	0	0	0	0	0	0	1774	0	0	0	0	0	0	0	0	0	0	0	0	0	0	0	322	0	1128	0	0	0	0	0	0	0	4602	0	0	0	6724	0	1462	0	5852	0	0	0	0	0	0	0	0	0	0	0	0	0	0	0	0	0	0	0	0	0	0	0	0	0	0	0	
47764	Temporal_Pole_Sup_R	0	0	0	222	0	0	0	0	0	0	0	342	0	0	0	0	0	340	0	0	0	84	0	0	0	0	0	0	0	930	0	0	0	0	0	0	0	1010	0	1844	0	1866	0	0	0	0	0	0	0	0	0	0	0	0	0	3328	0	0	0	0	0	0	0	0	0	0	0	0	0	0	0	0	0	104	0	0	0	0	0	116	0	3784	0	0	0	4458	0	4880	0	574	0	0	0	0	0	0	0	0	0	0	0	0	0	0	0	0	0	0	0	0	0	0	0	0	0	0	
306900	Temporal_Mid_L	806	0	0	0	0	0	0	0	0	0	0	0	0	0	0	0	1066	0	112	0	0	0	0	0	0	0	0	0	1228	0	0	0	0	0	106	0	550	0	0	0	284	0	1518	0	388	0	140	0	4852	0	17802	0	3480	0	4406	0	892	0	2802	0	7948	0	8516	0	11908	0	2484	0	280	0	0	0	0	0	0	0	0	0	1168	0	27610	0	6724	0	0	0	1994	0	44284	0	102	0	0	0	0	0	0	0	0	0	0	0	0	0	0	0	0	0	0	0	0	0	0	0	0	0	
286004	Temporal_Mid_R	0	402	0	0	0	0	0	0	0	0	0	0	0	0	0	0	0	128	0	186	0	0	0	0	0	0	0	0	0	2220	0	0	0	240	0	290	0	2072	0	592	0	0	0	3352	0	9366	0	260	0	15324	0	15874	0	856	0	5972	0	422	0	1558	0	1324	0	1718	0	6568	6490	12014	0	668	0	0	0	98	0	0	0	0	0	396	0	17178	0	4458	0	0	0	5856	0	27120	0	0	0	0	0	0	0	0	0	0	0	0	0	0	0	0	0	0	0	0	0	0	0	0	0	0	
11924	Temporal_Pole_Mid_L	0	0	0	0	0	0	0	0	0	0	0	0	0	0	0	0	0	0	0	0	0	0	0	0	0	0	0	0	0	0	0	0	0	0	0	0	74	0	0	0	0	0	0	0	0	0	0	0	0	0	0	0	0	0	646	0	0	0	0	0	0	0	0	0	0	0	0	0	0	0	0	0	0	0	0	0	0	0	0	0	0	0	1462	0	1994	0	0	0	1786	0	0	0	0	0	0	0	0	0	0	0	0	0	0	0	0	0	0	0	0	0	0	0	0	0	0	0	
39284	Temporal_Pole_Mid_R	0	0	0	0	0	0	0	0	0	0	0	0	0	0	0	0	0	0	0	0	0	0	0	0	0	0	0	0	0	148	0	0	0	0	0	0	0	188	0	798	0	280	0	0	0	0	0	0	0	0	0	0	0	0	0	1872	0	0	0	0	0	0	0	0	0	0	0	0	0	0	0	0	0	0	0	0	0	0	0	0	0	1626	0	4880	0	5856	0	0	0	3994	0	0	0	0	0	0	0	0	0	0	0	0	0	0	0	0	0	0	0	0	0	0	0	0	0	0	
265192	Temporal_Inf_L	542	0	236	0	0	0	0	0	0	0	0	0	0	0	0	0	1344	0	406	0	0	0	0	0	0	0	0	0	1924	0	0	0	0	0	98	0	4496	0	1358	0	336	0	462	0	280	0	492	0	2808	0	8330	0	3370	0	14034	0	478	0	2212	0	4936	0	2756	0	5430	0	2112	0	232	0	0	0	474	0	0	0	120	0	1042	0	15946	0	5852	0	44284	0	1786	0	0	0	2176	0	460	0	0	0	616	0	642	0	164	0	362	0	0	0	0	0	0	0	0	0	0	0	0	0	
220092	Temporal_Inf_R	0	560	0	0	0	0	0	0	0	0	0	0	0	0	0	0	0	0	0	392	0	0	0	0	0	0	0	0	0	1046	0	0	0	98	0	354	0	8130	0	2874	0	232	0	4504	0	3498	0	1640	0	5012	0	2776	0	3082	0	27902	0	186	0	272	0	526	0	662	0	1378	2796	7140	0	636	0	0	0	106	0	0	0	0	0	104	0	2026	0	574	0	27120	0	3994	0	0	0	344	0	0	0	0	0	0	0	82	0	0	0	0	0	0	0	0	0	0	0	0	0	0	0	0	
548088	Cerebelum_Crus1_L	0	0	0	0	0	0	0	0	0	0	0	0	0	0	0	0	0	0	0	0	0	0	0	0	0	0	0	0	0	0	0	0	0	0	0	0	0	0	0	0	0	0	132	0	84	0	4310	2416	0	0	336	0	1326	0	18380	564	0	0	0	0	0	0	0	0	0	0	82	0	0	0	0	0	0	0	0	0	0	0	0	0	0	0	0	0	102	0	0	0	2176	0	0	6046	42476	4484	2626	418	28570	1608	65450	6980	16886	1762	21468	4608	6614	718	1638	156	1374	1714	5234	8156	12478	1418	926	328	
520332	Cerebelum_Crus1_R	0	0	0	0	0	0	0	0	0	0	0	0	0	0	0	0	0	0	0	0	0	0	0	0	0	0	0	0	0	0	0	0	0	0	0	0	0	0	0	176	0	0	0	96	0	0	548	8318	0	0	0	210	0	430	172	10576	0	0	0	0	0	0	0	0	0	0	0	0	0	0	0	0	0	0	0	0	0	0	0	0	0	0	0	0	0	0	0	0	0	344	6046	0	3444	34580	376	4606	2724	24790	6564	62032	448	6346	998	30552	1030	1936	0	210	844	3398	13630	17696	13836	1054	1420	736	
427176	Cerebelum_Crus2_L	0	0	0	0	0	0	0	0	0	0	0	0	0	0	0	0	0	0	0	0	0	0	0	0	0	0	0	0	0	0	0	0	0	0	0	0	0	0	0	0	0	0	0	0	0	0	506	594	0	0	0	0	0	0	1564	188	0	0	0	0	0	0	0	0	0	0	0	0	0	0	0	0	0	0	0	0	0	0	0	0	0	0	0	0	0	0	0	0	460	0	42476	3444	0	11652	480	160	3370	514	14118	3504	41260	6394	41108	6498	9598	816	1634	76	0	164	656	2206	15536	3820	596	196	
335256	Cerebelum_Crus2_R	0	0	0	0	0	0	0	0	0	0	0	0	0	0	0	0	0	0	0	0	0	0	0	0	0	0	0	0	0	0	0	0	0	0	0	0	0	0	0	0	0	0	0	0	0	0	0	804	0	0	0	0	0	0	0	306	0	0	0	0	0	0	0	0	0	0	0	0	0	0	0	0	0	0	0	0	0	0	0	0	0	0	0	0	0	0	0	0	0	0	4484	34580	11652	0	156	196	248	778	1720	7742	7428	22500	6190	39674	1380	2298	0	674	0	112	236	2242	17028	4332	668	200	
45152	Cerebelum_3_L	0	0	0	0	0	0	0	0	0	0	0	0	0	0	0	0	0	0	0	0	0	0	0	0	0	0	0	0	0	0	0	0	0	0	0	0	108	0	170	0	0	0	0	0	0	0	0	0	0	0	0	0	0	0	0	0	0	0	0	0	0	0	0	0	0	0	0	0	0	0	0	0	0	0	0	0	0	0	0	0	0	0	0	0	0	0	0	0	0	0	2626	376	480	156	0	0	7086	0	3762	346	136	0	592	240	1428	0	0	0	942	1762	1502	408	280	176	0	0	
63344	Cerebelum_3_R	0	0	0	0	0	0	0	0	0	0	0	0	0	0	0	0	0	0	0	0	0	0	0	0	0	0	0	0	0	0	0	0	0	0	0	0	0	310	0	406	0	98	0	0	0	0	0	424	0	0	0	0	0	0	0	170	0	0	0	0	0	0	0	0	0	0	0	0	0	0	0	0	0	0	0	0	0	0	0	0	0	0	0	0	0	0	0	0	0	0	418	4606	160	196	0	0	0	5334	398	6948	0	0	0	726	0	464	0	0	856	4248	1514	1506	1470	790	630	0	
267172	Cerebelum_4_5_L	0	0	0	0	0	0	0	0	0	0	0	0	0	0	0	0	0	0	0	0	0	0	0	0	0	0	0	0	90	0	0	0	0	0	0	0	378	0	324	0	0	0	92	0	0	0	6534	802	0	0	166	0	888	0	10772	406	0	0	0	0	0	0	0	0	0	0	0	0	0	0	0	0	0	0	0	0	0	0	0	0	138	0	0	0	0	0	0	0	616	0	28570	2724	3370	248	7086	0	0	1650	38988	2842	690	0	1704	430	4136	220	128	0	2128	2634	10300	2788	758	356	234	396	
217468	Cerebelum_4_5_R	0	0	0	0	0	0	0	0	0	0	0	0	0	0	0	0	0	0	0	0	0	0	0	0	0	0	0	0	0	110	0	0	0	0	0	0	0	1128	0	1558	0	0	0	130	0	0	214	6044	0	0	0	0	0	0	76	6180	0	0	0	0	0	0	0	0	0	0	0	530	0	0	0	0	0	0	0	0	0	124	0	0	0	0	0	0	0	0	0	0	0	0	1608	24790	514	778	0	5334	1650	0	2024	29750	0	128	0	2830	174	86	0	0	0	2928	12416	4000	3366	132	132	0	
499820	Cerebelum_6_L	0	0	0	0	0	0	0	0	0	0	0	0	0	0	0	0	0	0	0	0	0	0	0	0	0	0	0	0	0	0	0	0	0	0	0	0	0	0	0	0	0	0	108	0	0	0	9622	4386	0	0	320	0	1420	0	20918	1304	0	0	0	0	0	0	0	0	0	0	0	0	0	0	0	0	0	0	0	0	0	0	0	0	0	0	0	0	0	0	0	0	642	0	65450	6564	14118	1720	3762	398	38988	2024	0	8146	6354	808	9080	3954	6972	1476	1204	384	1470	1808	10018	14272	7594	2310	2026	290	
459336	Cerebelum_6_R	0	0	0	0	0	0	0	0	0	0	0	0	0	0	0	0	0	0	0	0	0	0	0	0	0	0	0	0	0	0	0	0	0	0	0	0	0	0	0	270	0	0	0	292	0	0	642	11192	0	0	0	326	0	804	214	12248	0	0	0	0	0	0	0	0	0	0	0	0	0	0	0	0	0	0	0	0	0	0	0	0	0	0	0	0	0	0	0	0	0	82	6980	62032	3504	7742	346	6948	2842	29750	8146	0	270	2086	354	11358	610	1440	0	328	1002	4918	15816	20348	13268	908	1784	818	
325272	Cerebelum_7b_L	0	0	0	0	0	0	0	0	0	0	0	0	0	0	0	0	0	0	0	0	0	0	0	0	0	0	0	0	0	0	0	0	0	0	0	0	0	0	0	0	0	0	0	0	0	0	0	0	0	0	0	0	0	0	204	0	0	0	0	0	0	0	0	0	0	0	0	0	0	0	0	0	0	0	0	0	0	0	0	0	0	0	0	0	0	0	0	0	164	0	16886	448	41260	7428	136	0	690	0	6354	270	0	4690	46820	8268	9992	662	1352	0	0	0	0	620	10100	6068	224	0	
167244	Cerebelum_7b_R	0	0	0	0	0	0	0	0	0	0	0	0	0	0	0	0	0	0	0	0	0	0	0	0	0	0	0	0	0	0	0	0	0	0	0	0	0	0	0	0	0	0	0	0	0	0	0	206	0	0	0	0	0	0	0	0	0	0	0	0	0	0	0	0	0	0	0	0	0	0	0	0	0	0	0	0	0	0	0	0	0	0	0	0	0	0	0	0	0	0	1762	6346	6394	22500	0	0	0	128	808	2086	4690	0	3570	21376	598	1484	0	524	0	0	0	1078	6908	2918	246	0	
425848	Cerebelum_8_L	0	0	0	0	0	0	0	0	0	0	0	0	0	0	0	0	0	0	0	0	0	0	0	0	0	0	0	0	0	0	0	0	0	0	0	0	0	0	0	0	0	0	0	0	0	0	0	0	0	0	0	0	0	0	440	0	0	0	0	0	0	0	0	0	0	0	0	0	0	0	0	0	0	0	0	0	0	0	0	0	0	0	0	0	0	0	0	0	362	0	21468	998	41108	6190	592	0	1704	0	9080	354	46820	3570	0	15658	24952	3330	2946	130	0	0	118	1122	13224	15368	3226	164	
435148	Cerebelum_8_R	0	0	0	0	0	0	0	0	0	0	0	0	0	0	0	0	0	0	0	0	0	0	0	0	0	0	0	0	0	0	0	0	0	0	0	0	0	0	0	0	0	0	0	0	0	0	0	638	0	0	0	0	0	0	0	530	0	0	0	0	0	0	0	0	0	0	0	0	0	0	0	0	0	0	0	0	0	0	0	0	0	0	0	0	0	0	0	0	0	0	4608	30552	6498	39674	240	726	430	2830	3954	11358	8268	21376	15658	0	7588	17278	120	1460	154	346	374	4044	18990	15606	3736	538	
206916	Cerebelum_9_L	0	0	0	0	0	0	0	0	0	0	0	0	0	0	0	0	0	0	0	0	0	0	0	0	0	0	0	0	0	0	0	0	0	0	0	0	0	0	0	0	0	0	0	0	0	0	0	0	0	0	0	0	0	0	106	0	0	0	0	0	0	0	0	0	0	0	0	0	0	0	0	0	0	0	0	0	0	0	0	0	0	0	0	0	0	0	0	0	0	0	6614	1030	9598	1380	1428	0	4136	174	6972	610	9992	598	24952	7588	0	3380	4262	0	96	104	1610	1590	5062	8438	3166	572	
126712	Cerebelum_9_R	0	0	0	0	0	0	0	0	0	0	0	0	0	0	0	0	0	0	0	0	0	0	0	0	0	0	0	0	0	0	0	0	0	0	0	0	0	0	0	0	0	0	0	0	0	0	0	0	0	0	0	0	0	0	0	0	0	0	0	0	0	0	0	0	0	0	0	0	0	0	0	0	0	0	0	0	0	0	0	0	0	0	0	0	0	0	0	0	0	0	718	1936	816	2298	0	464	220	86	1476	1440	662	1484	3330	17278	3380	0	0	2302	496	780	1122	2558	4486	6822	7158	2044	
28036	Cerebelum_10_L	0	0	0	0	0	0	0	0	0	0	0	0	0	0	0	0	0	0	0	0	0	0	0	0	0	0	0	0	0	0	0	0	0	0	0	0	0	0	0	0	0	0	0	0	0	0	0	0	0	0	0	0	0	0	0	0	0	0	0	0	0	0	0	0	0	0	0	0	0	0	0	0	0	0	0	0	0	0	0	0	0	0	0	0	0	0	0	0	0	0	1638	0	1634	0	0	0	128	0	1204	0	1352	0	2946	120	4262	0	0	0	0	0	0	82	230	120	302	0	
17520	Cerebelum_10_R	0	0	0	0	0	0	0	0	0	0	0	0	0	0	0	0	0	0	0	0	0	0	0	0	0	0	0	0	0	0	0	0	0	0	0	0	0	0	0	0	0	0	0	0	0	0	0	0	0	0	0	0	0	0	0	0	0	0	0	0	0	0	0	0	0	0	0	0	0	0	0	0	0	0	0	0	0	0	0	0	0	0	0	0	0	0	0	0	0	0	156	210	76	674	0	0	0	0	384	328	0	524	130	1460	0	2302	0	0	0	0	0	276	754	610	692	184	
38764	Vermis_1_2	0	0	0	0	0	0	0	0	0	0	0	0	0	0	0	0	0	0	0	0	0	0	0	0	0	0	0	0	0	0	0	0	0	0	0	0	0	0	0	0	0	0	0	0	0	0	0	0	0	0	0	0	0	0	0	0	0	0	0	0	0	0	0	0	0	0	0	0	0	0	0	0	0	0	0	0	0	0	0	0	0	0	0	0	0	0	0	0	0	0	1374	844	0	0	942	856	2128	0	1470	1002	0	0	0	154	96	496	0	0	0	4752	3252	666	376	426	548	0	
80452	Vermis_3	0	0	0	0	0	0	0	0	0	0	0	0	0	0	0	0	0	0	0	0	0	0	0	0	0	0	0	0	0	0	0	0	0	0	0	0	78	0	0	0	0	0	0	0	0	0	102	312	0	0	0	0	0	0	0	106	0	0	0	0	0	0	0	0	0	0	0	0	0	0	0	0	0	0	0	0	0	0	0	0	0	0	0	0	0	0	0	0	0	0	1714	3398	164	112	1762	4248	2634	2928	1808	4918	0	0	0	346	104	780	0	0	4752	0	5850	1516	1020	810	764	0	
223004	Vermis_4_5	0	0	0	0	0	0	0	0	0	0	0	0	0	0	0	0	0	0	0	0	0	0	0	0	0	0	0	0	0	0	0	0	0	92	0	998	0	722	0	0	0	0	0	258	0	0	2546	5368	0	0	0	0	0	0	1036	2536	0	0	0	0	0	0	0	0	0	0	0	1636	0	392	0	0	0	0	0	0	0	0	0	0	0	0	0	0	0	0	0	0	0	0	5234	13630	656	236	1502	1514	10300	12416	10018	15816	0	0	118	374	1610	1122	0	0	3252	5850	0	8344	1132	302	830	1662	
263216	Vermis_6	0	0	0	0	0	0	0	0	0	0	0	0	0	0	0	0	0	0	0	0	0	0	0	0	0	0	0	0	0	0	0	0	0	0	0	0	0	0	0	0	0	0	0	76	0	0	3184	10464	0	0	0	246	0	536	892	2798	0	0	0	0	0	0	0	0	0	0	0	0	0	0	0	0	0	0	0	0	0	0	0	0	0	0	0	0	0	0	0	0	0	0	8156	17696	2206	2242	408	1506	2788	4000	14272	20348	620	1078	1122	4044	1590	2558	82	276	666	1516	8344	0	10650	2068	2754	2422	
364564	Vermis_7	0	0	0	0	0	0	0	0	0	0	0	0	0	0	0	0	0	0	0	0	0	0	0	0	0	0	0	0	0	0	0	0	0	0	0	0	0	0	0	0	0	0	0	0	0	0	834	3006	0	0	0	174	0	236	464	540	0	0	0	0	0	0	0	0	0	0	0	0	0	0	0	0	0	0	0	0	0	0	0	0	0	0	0	0	0	0	0	0	0	0	12478	13836	15536	17028	280	1470	758	3366	7594	13268	10100	6908	13224	18990	5062	4486	230	754	376	1020	1132	10650	0	12622	5056	804	
191364	Vermis_8	0	0	0	0	0	0	0	0	0	0	0	0	0	0	0	0	0	0	0	0	0	0	0	0	0	0	0	0	0	0	0	0	0	0	0	0	0	0	0	0	0	0	0	0	0	0	0	0	0	0	0	0	0	0	0	0	0	0	0	0	0	0	0	0	0	0	0	0	0	0	0	0	0	0	0	0	0	0	0	0	0	0	0	0	0	0	0	0	0	0	1418	1054	3820	4332	176	790	356	132	2310	908	6068	2918	15368	15606	8438	6822	120	610	426	810	302	2068	12622	0	7274	934	
