data	data	443408	279508	930788	946124	98768	62708	554816	268136	131856	63224	219268	186048	250540	163176	183760	165904	216404	97232	823804	897524	90768	90304	313524	422240	21616	74312	63228	62336	714356	394952	292596	521540	249892	494776	141992	207024	318224	387732	131504	287356	41672	61860	272632	311044	174832	299640	391560	460288	242132	295228	545856	216076	175328	251044	530672	573736	302324	298792	222356	104312	287160	107544	74500	123180	272488	114676	388828	475096	313328	278964	405280	688884	281180	457700	25644	39900	177208	222496	122928	25032	220348	107600	75240	49620	272524	183320	16304	13280	330900	243688	662036	598428	324240	260288	74552	103612	421464	279920	622716	550476	236124	149476	287192	263232	123204	178088	31220	17816	51260	143636	317052	300444	231948	160228	125312	51504	
data	data	Precentral_L	Precentral_R	Frontal_Sup_L	Frontal_Sup_R	Frontal_Sup_Orb_L	Frontal_Sup_Orb_R	Frontal_Mid_L	Frontal_Mid_R	Frontal_Mid_Orb_L	Frontal_Mid_Orb_R	Frontal_Inf_Oper_L	Frontal_Inf_Oper_R	Frontal_Inf_Tri_L	Frontal_Inf_Tri_R	Frontal_Inf_Orb_L	Frontal_Inf_Orb_R	Rolandic_Oper_L	Rolandic_Oper_R	Supp_Motor_Area_L	Supp_Motor_Area_R	Olfactory_L	Olfactory_R	Frontal_Sup_Medial_L	Frontal_Sup_Medial_R	Frontal_Med_Orb_L	Frontal_Med_Orb_R	Rectus_L	Rectus_R	Insula_L	Insula_R	Cingulum_Ant_L	Cingulum_Ant_R	Cingulum_Mid_L	Cingulum_Mid_R	Cingulum_Post_L	Cingulum_Post_R	Hippocampus_L	Hippocampus_R	ParaHippocampal_L	ParaHippocampal_R	Amygdala_L	Amygdala_R	Calcarine_L	Calcarine_R	Cuneus_L	Cuneus_R	Lingual_L	Lingual_R	Occipital_Sup_L	Occipital_Sup_R	Occipital_Mid_L	Occipital_Mid_R	Occipital_Inf_L	Occipital_Inf_R	Fusiform_L	Fusiform_R	Postcentral_L	Postcentral_R	Parietal_Sup_L	Parietal_Sup_R	Parietal_Inf_L	Parietal_Inf_R	SupraMarginal_L	SupraMarginal_R	Angular_L	Angular_R	Precuneus_L	Precuneus_R	Paracentral_Lobule_L	Paracentral_Lobule_R	Caudate_L	Caudate_R	Putamen_L	Putamen_R	Pallidum_L	Pallidum_R	Thalamus_L	Thalamus_R	Heschl_L	Heschl_R	Temporal_Sup_L	Temporal_Sup_R	Temporal_Pole_Sup_L	Temporal_Pole_Sup_R	Temporal_Mid_L	Temporal_Mid_R	Temporal_Pole_Mid_L	Temporal_Pole_Mid_R	Temporal_Inf_L	Temporal_Inf_R	Cerebelum_Crus1_L	Cerebelum_Crus1_R	Cerebelum_Crus2_L	Cerebelum_Crus2_R	Cerebelum_3_L	Cerebelum_3_R	Cerebelum_4_5_L	Cerebelum_4_5_R	Cerebelum_6_L	Cerebelum_6_R	Cerebelum_7b_L	Cerebelum_7b_R	Cerebelum_8_L	Cerebelum_8_R	Cerebelum_9_L	Cerebelum_9_R	Cerebelum_10_L	Cerebelum_10_R	Vermis_1_2	Vermis_3	Vermis_4_5	Vermis_6	Vermis_7	Vermis_8	Vermis_9	Vermis_10	
443408	Precentral_L	0	2394	13386	1874	0	0	22500	462	0	0	13974	0	3872	0	0	0	10880	0	4406	3036	0	0	356	106	0	0	0	0	18960	634	86	176	2048	340	932	1090	8470	946	822	732	0	0	0	0	0	0	92	170	0	0	3704	0	200	0	3982	478	27284	378	2508	0	3466	0	1264	0	2288	0	3030	578	16366	654	3768	4506	798	852	0	114	9128	4464	7422	0	4678	0	0	0	1212	0	0	0	5758	0	80	0	0	0	0	0	0	0	0	0	0	0	0	0	0	0	0	0	0	0	0	0	0	0	0	0	
279508	Precentral_R	2394	0	8356	4100	0	0	3830	9204	0	0	622	3494	336	160	0	96	334	1492	8032	7606	0	0	0	202	0	0	0	0	2036	2966	328	570	836	3676	948	2820	254	2432	0	938	0	0	0	688	0	498	0	616	0	242	0	142	0	2018	122	1994	666	23972	0	0	0	724	0	2262	0	192	80	1594	2586	10358	6596	2318	756	3328	148	402	1570	2210	0	210	132	866	0	0	0	878	0	0	0	3382	0	0	0	0	0	0	0	0	0	142	0	0	0	0	0	0	0	0	0	0	0	0	0	0	0	0	
930788	Frontal_Sup_L	13386	8356	0	18386	4938	140	70792	4056	5658	242	17968	1350	22224	388	9978	422	9854	0	63664	20396	0	0	37692	9452	196	216	84	0	42948	1600	12958	6520	6792	7184	106	154	4152	356	530	170	0	0	0	0	0	0	0	0	0	0	100	0	0	0	824	104	3036	500	94	0	236	0	0	0	98	0	0	0	1884	198	16156	7982	11506	3818	1908	532	3856	2706	1394	0	4134	0	370	0	0	0	0	0	448	0	94	0	0	0	0	0	0	0	108	0	0	0	0	0	0	0	0	0	0	0	0	0	0	0	0	0	
946124	Frontal_Sup_R	1874	4100	18386	0	0	3896	5042	35124	240	2092	352	9380	552	8108	362	8226	240	3106	41632	79546	0	414	10228	41080	0	3408	0	1622	2502	14996	5148	40870	4820	23840	0	130	0	4040	0	1920	0	102	0	0	0	0	0	0	0	0	0	0	0	0	0	686	1186	824	0	0	0	0	0	160	0	0	0	0	1446	0	10460	41124	854	23416	0	3288	382	10914	0	262	0	380	0	302	0	0	0	0	0	0	0	0	0	0	0	0	0	0	0	0	0	0	0	0	0	0	0	0	0	0	0	0	0	0	0	0	
98768	Frontal_Sup_Orb_L	0	0	4938	0	0	0	928	0	10624	0	0	0	1194	0	7446	0	0	0	268	0	1584	178	1682	114	1246	0	4266	0	3852	0	3684	182	104	0	0	0	0	0	0	0	100	0	0	0	0	0	0	0	0	0	0	0	0	0	0	0	0	0	0	0	0	0	0	0	0	0	0	0	0	0	1364	154	5058	0	0	0	0	0	0	0	0	0	418	0	0	0	0	0	0	0	0	0	0	0	0	0	0	0	0	0	0	0	0	0	0	0	0	0	0	0	0	0	0	0	0	0	
62708	Frontal_Sup_Orb_R	0	0	140	3896	0	0	0	168	0	1710	0	0	0	0	0	1988	0	0	206	442	0	994	194	3066	0	6856	0	6836	0	646	0	116	0	0	0	0	0	0	0	0	0	0	0	0	0	0	0	0	0	0	0	0	0	0	0	0	0	0	0	0	0	0	0	0	0	0	0	0	0	0	154	1734	0	2108	0	0	0	100	0	0	0	0	0	0	0	0	0	0	0	0	0	0	0	0	0	0	0	0	0	0	0	0	0	0	0	0	0	0	0	0	0	0	0	0	0	0	
554816	Frontal_Mid_L	22500	3830	70792	5042	928	0	0	3772	2950	140	11440	602	31268	418	7640	264	4406	88	12636	3276	0	0	10616	1608	0	0	0	0	30196	1582	3052	1112	4350	676	370	276	3684	552	278	264	0	0	0	0	0	0	0	0	0	0	830	0	0	0	292	176	3056	404	408	0	648	0	284	0	426	0	740	150	442	0	10738	5070	2362	2576	0	408	1504	866	2838	0	1964	0	266	0	132	0	0	0	220	0	0	0	0	0	0	0	0	0	0	0	0	0	0	0	0	0	0	0	0	0	0	0	0	0	0	0	
268136	Frontal_Mid_R	462	9204	4056	35124	0	168	3772	0	108	1190	82	6660	0	9988	92	4296	180	210	6634	5770	0	178	1506	4428	0	0	0	244	866	3500	1408	7242	872	4722	0	0	102	1704	0	844	0	0	0	0	0	0	0	0	0	0	0	0	0	0	0	320	0	200	0	0	0	0	0	0	0	0	0	0	240	96	5106	5326	494	4238	0	458	266	1712	0	0	0	0	0	0	0	0	0	0	0	0	0	0	0	0	0	0	0	0	0	0	0	0	0	0	0	0	0	0	0	0	0	0	0	0	0	0	
131856	Frontal_Mid_Orb_L	0	0	5658	240	10624	0	2950	108	0	0	100	220	5558	0	18604	0	0	0	1398	178	298	0	206	0	220	0	2266	0	9240	0	1148	154	104	0	0	0	0	0	0	0	0	0	0	0	0	0	0	0	0	0	0	0	0	0	0	0	0	0	0	0	0	0	0	0	0	0	0	0	0	0	1396	186	4424	114	0	0	260	0	0	0	0	0	274	0	0	0	0	0	0	0	0	0	0	0	0	0	0	0	0	0	0	0	0	0	0	0	0	0	0	0	0	0	0	0	0	0	
63224	Frontal_Mid_Orb_R	0	0	242	2092	0	1710	140	1190	0	0	0	472	0	1388	0	10906	0	0	530	1434	0	0	0	188	0	150	0	0	108	2324	0	0	0	0	0	0	0	0	0	0	0	0	0	0	0	0	0	0	0	0	0	0	0	0	0	0	0	0	0	0	0	0	0	0	0	0	0	0	0	0	636	5062	94	2720	0	0	0	226	0	0	0	0	0	0	0	0	0	0	0	0	0	0	0	0	0	0	0	0	0	0	0	0	0	0	0	0	0	0	0	0	0	0	0	0	0	0	
219268	Frontal_Inf_Oper_L	13974	622	17968	352	0	0	11440	82	100	0	0	0	9930	0	88	0	11160	0	10852	118	0	0	136	218	0	0	0	0	16090	148	0	0	0	0	0	0	594	144	0	0	0	0	0	0	0	0	0	0	0	0	0	0	0	0	216	0	2452	0	0	0	0	0	0	0	0	0	0	0	0	0	1736	1358	1102	788	0	0	152	374	484	0	5754	0	1104	0	0	0	0	0	98	0	0	0	0	0	0	0	0	0	0	0	0	0	0	0	0	0	0	0	0	0	0	0	0	0	0	0	
186048	Frontal_Inf_Oper_R	0	3494	1350	9380	0	0	602	6660	220	472	0	0	0	11026	160	1416	0	1700	4836	7386	0	0	118	370	0	0	0	0	790	14968	834	1266	156	286	0	0	0	804	0	410	0	0	0	0	0	0	0	0	0	0	0	0	0	0	0	240	0	2110	0	0	0	0	0	0	0	0	0	0	0	0	2710	10846	1072	6204	86	0	122	186	0	0	0	146	0	598	0	0	0	0	0	0	0	0	0	0	0	0	0	0	0	0	0	0	0	0	0	0	0	0	0	0	0	0	0	0	0	0	
250540	Frontal_Inf_Tri_L	3872	336	22224	552	1194	0	31268	0	5558	0	9930	0	0	0	12876	0	586	0	7624	608	0	0	1458	166	0	0	82	0	21392	0	1234	202	510	160	0	0	0	0	0	0	0	0	0	0	0	0	0	0	0	0	222	0	0	0	0	0	560	0	148	0	180	0	0	0	162	0	204	0	0	0	574	152	834	80	0	0	0	0	0	0	322	0	0	0	0	0	0	0	0	0	0	0	0	0	0	0	0	0	0	0	0	0	0	0	0	0	0	0	0	0	0	0	0	0	0	0	
163176	Frontal_Inf_Tri_R	0	160	388	8108	0	0	418	9988	0	1388	0	11026	0	0	0	8938	0	256	2226	4804	0	0	206	1140	0	0	0	0	310	16008	276	1308	112	808	0	0	0	314	0	178	0	0	0	0	0	0	0	0	0	0	0	0	0	0	0	102	0	0	0	0	0	0	0	0	0	0	0	0	0	0	2140	7168	874	2658	0	0	0	112	0	0	0	94	0	80	0	0	0	0	0	0	0	0	0	0	0	0	0	0	0	0	0	0	0	0	0	0	0	0	0	0	0	0	0	0	0	0	
183760	Frontal_Inf_Orb_L	0	0	9978	362	7446	0	7640	92	18604	0	88	160	12876	0	0	0	0	0	2168	382	2696	150	330	130	0	0	906	0	15536	0	734	186	206	124	0	0	92	0	386	0	284	0	0	0	0	0	0	0	0	0	0	0	0	0	0	0	0	0	0	0	0	0	0	0	0	0	0	0	0	0	1446	228	6346	96	0	0	200	0	0	0	0	0	2008	0	0	0	0	0	0	0	0	0	0	0	0	0	0	0	0	0	0	0	0	0	0	0	0	0	0	0	0	0	0	0	0	0	
165904	Frontal_Inf_Orb_R	0	96	422	8226	0	1988	264	4296	0	10906	0	1416	0	8938	0	0	0	0	1516	3756	0	1748	176	1076	0	94	0	1136	234	14856	202	1156	0	704	0	0	0	292	0	268	0	334	0	0	0	0	0	0	0	0	0	0	0	0	0	0	0	0	0	0	0	0	0	0	0	0	0	0	0	0	1288	10410	386	6038	0	0	0	350	0	0	0	0	0	380	0	0	0	0	0	0	0	0	0	0	0	0	0	0	0	0	0	0	0	0	0	0	0	0	0	0	0	0	0	0	0	0	
216404	Rolandic_Oper_L	10880	334	9854	240	0	0	4406	180	0	0	11160	0	586	0	0	0	0	0	3284	238	0	0	0	86	0	0	0	0	18650	114	0	0	408	0	0	0	1080	0	0	0	0	0	186	0	0	0	0	0	198	0	2114	0	230	0	856	0	10182	0	346	0	332	0	1974	0	866	0	864	0	352	0	1082	956	1580	358	84	0	286	470	6806	0	11450	0	1084	0	1644	0	0	0	2402	0	0	0	0	0	0	0	0	0	0	0	0	0	0	0	0	0	0	0	0	0	0	0	0	0	0	0	
97232	Rolandic_Oper_R	0	1492	0	3106	0	0	88	210	0	0	0	1700	0	256	0	0	0	0	1008	2924	0	0	0	0	0	0	0	0	0	8582	0	0	0	0	0	0	0	1444	0	838	0	0	0	764	0	426	0	100	0	154	0	104	0	0	0	668	0	5010	0	0	0	364	0	4508	0	0	0	1120	0	546	140	1500	0	2746	0	0	0	264	0	1768	0	5636	0	598	0	276	0	0	0	98	0	0	0	0	0	0	0	0	0	178	0	0	0	0	0	0	0	0	0	0	0	0	0	0	0	0	
823804	Supp_Motor_Area_L	4406	8032	63664	41632	268	206	12636	6634	1398	530	10852	4836	7624	2226	2168	1516	3284	1008	0	64154	0	0	8330	9218	0	0	0	0	25040	6766	4304	13448	13522	24962	258	318	2022	594	0	208	0	0	0	0	0	0	0	0	0	0	0	0	0	260	766	126	236	878	0	0	0	0	0	0	0	0	84	82	14086	2280	10346	14488	4880	6830	1014	222	3938	1420	250	0	2024	0	264	272	0	0	0	0	816	276	0	0	0	0	0	0	0	0	0	0	0	0	0	0	0	0	0	0	0	0	0	0	0	0	0	0	
897524	Supp_Motor_Area_R	3036	7606	20396	79546	0	442	3276	5770	178	1434	118	7386	608	4804	382	3756	238	2924	64154	0	0	264	2622	10600	0	0	0	150	2410	11762	4626	18720	11778	45898	1548	2492	0	3440	0	2080	0	0	0	418	0	274	0	632	0	154	90	0	0	2188	0	1984	1476	5216	0	0	0	136	0	852	0	0	226	1426	13974	25370	4520	31186	230	12976	0	3042	894	9824	0	484	0	1808	0	310	0	526	0	0	0	3878	0	0	0	0	0	0	0	0	0	224	0	0	0	0	0	0	0	0	0	0	0	0	0	0	0	0	
90768	Olfactory_L	0	0	0	0	1584	0	0	0	298	0	0	0	0	0	2696	0	0	0	0	0	0	6924	0	174	548	0	4646	878	2968	0	3932	2268	0	0	0	0	248	0	714	0	1006	0	0	0	0	0	0	0	0	0	0	0	0	0	264	0	0	0	0	0	0	0	0	0	0	0	0	0	0	0	8096	3656	2974	140	0	0	0	0	0	0	0	0	1370	0	0	0	0	0	0	0	0	0	0	0	0	0	0	0	0	0	0	0	0	0	0	0	0	0	0	0	0	0	0	0	0	0	
90304	Olfactory_R	0	0	0	414	178	994	0	178	0	0	0	0	0	0	150	1748	0	0	0	264	6924	0	0	310	242	656	3212	2558	0	3476	3620	3642	0	0	0	0	0	692	0	436	0	1374	0	0	0	0	0	0	0	0	0	0	0	0	0	0	0	0	0	0	0	0	0	0	0	0	0	0	0	0	5818	5176	1998	554	0	0	0	0	0	0	0	0	0	538	0	0	0	0	0	0	0	0	0	0	0	0	0	0	0	0	0	0	0	0	0	0	0	0	0	0	0	0	0	0	0	0	
313524	Frontal_Sup_Medial_L	356	0	37692	10228	1682	194	10616	1506	206	0	136	118	1458	206	330	176	0	0	8330	2622	0	0	0	21300	618	512	0	0	3734	206	18920	16284	4420	8884	0	0	0	0	0	0	0	0	0	0	0	0	0	0	0	0	0	0	0	0	0	0	0	0	0	0	0	0	0	0	0	0	0	0	0	0	2032	626	2774	222	0	0	374	0	0	0	0	0	0	0	0	0	0	0	0	0	0	0	0	0	0	0	0	0	0	0	0	0	0	0	0	0	0	0	0	0	0	0	0	0	0	0	
422240	Frontal_Sup_Medial_R	106	202	9452	41080	114	3066	1608	4428	0	188	218	370	166	1140	130	1076	86	0	9218	10600	174	310	21300	0	124	7804	138	2558	782	1094	8250	39418	772	14594	0	0	0	0	0	0	0	0	0	0	0	0	0	0	0	0	0	0	0	0	0	0	0	0	0	0	0	0	0	0	0	0	0	0	0	0	2528	15700	684	10030	0	146	0	1466	0	0	0	0	0	0	0	0	0	0	0	0	0	0	0	0	0	0	0	0	0	0	0	0	0	0	0	0	0	0	0	0	0	0	0	0	0	0	
21616	Frontal_Med_Orb_L	0	0	196	0	1246	0	0	0	220	0	0	0	0	0	0	0	0	0	0	0	548	242	618	124	0	422	2366	0	86	0	3424	372	0	0	0	0	0	0	0	0	0	0	0	0	0	0	0	0	0	0	0	0	0	0	0	0	0	0	0	0	0	0	0	0	0	0	0	0	0	0	642	96	206	0	0	0	0	0	0	0	0	0	0	0	0	0	0	0	0	0	0	0	0	0	0	0	0	0	0	0	0	0	0	0	0	0	0	0	0	0	0	0	0	0	0	0	
74312	Frontal_Med_Orb_R	0	0	216	3408	0	6856	0	0	0	150	0	0	0	0	0	94	0	0	0	0	0	656	512	7804	422	0	152	7252	0	0	932	3916	0	0	0	0	0	0	0	0	0	0	0	0	0	0	0	0	0	0	0	0	0	0	0	0	0	0	0	0	0	0	0	0	0	0	0	0	0	0	0	2080	0	2706	0	0	0	0	0	0	0	0	0	0	0	0	0	0	0	0	0	0	0	0	0	0	0	0	0	0	0	0	0	0	0	0	0	0	0	0	0	0	0	0	0	0	
63228	Rectus_L	0	0	84	0	4266	0	0	0	2266	0	0	0	82	0	906	0	0	0	0	0	4646	3212	0	138	2366	152	0	640	420	0	4202	1370	0	0	0	0	0	0	0	0	0	0	0	0	0	0	0	0	0	0	0	0	0	0	0	0	0	0	0	0	0	0	0	0	0	0	0	0	0	0	4002	1640	1222	0	0	0	0	0	0	0	0	0	0	0	0	0	0	0	0	0	0	0	0	0	0	0	0	0	0	0	0	0	0	0	0	0	0	0	0	0	0	0	0	0	0	0	
62336	Rectus_R	0	0	0	1622	0	6836	0	244	0	0	0	0	0	0	0	1136	0	0	0	150	878	2558	0	2558	0	7252	640	0	0	626	440	2356	0	0	0	0	0	0	0	0	0	0	0	0	0	0	0	0	0	0	0	0	0	0	0	0	0	0	0	0	0	0	0	0	0	0	0	0	0	0	790	2298	136	648	0	0	0	0	0	0	0	0	0	0	0	0	0	0	0	0	0	0	0	0	0	0	0	0	0	0	0	0	0	0	0	0	0	0	0	0	0	0	0	0	0	0	
714356	Insula_L	18960	2036	42948	2502	3852	0	30196	866	9240	108	16090	790	21392	310	15536	234	18650	0	25040	2410	2968	0	3734	782	86	0	420	0	0	884	3594	742	2574	420	356	256	16048	616	2162	256	3212	0	0	0	0	0	0	0	0	0	2142	0	304	0	8088	150	8152	270	956	0	1018	0	564	0	1058	0	1380	200	1532	0	10306	4036	19246	2132	96	102	2170	1172	13024	0	10810	0	7184	0	2008	0	118	0	8122	0	284	0	0	0	0	0	0	0	284	0	0	0	0	0	0	0	0	0	0	0	0	0	0	0	0	0	
394952	Insula_R	634	2966	1600	14996	0	646	1582	3500	0	2324	148	14968	0	16008	0	14856	114	8582	6766	11762	0	3476	206	1094	0	0	0	626	884	0	276	1322	130	660	0	0	216	8426	0	3804	0	2818	0	128	0	0	0	0	0	0	0	0	0	0	164	3686	0	3382	0	0	0	700	0	852	0	0	0	282	196	320	3872	20290	856	25728	0	96	286	1130	0	1680	110	4296	0	1938	0	952	0	0	0	460	0	0	0	0	0	0	0	0	0	682	0	0	0	0	0	0	0	0	0	0	0	0	0	0	0	0	
292596	Cingulum_Ant_L	86	328	12958	5148	3684	0	3052	1408	1148	0	0	834	1234	276	734	202	0	0	4304	4626	3932	3620	18920	8250	3424	932	4202	440	3594	276	0	21972	4122	8048	0	312	0	248	0	0	0	0	0	0	0	0	0	0	0	0	0	0	0	0	0	0	0	86	0	0	0	0	0	0	0	0	0	148	0	0	8964	3892	8770	1460	0	84	468	112	0	0	0	0	0	0	0	0	0	0	0	0	0	0	0	0	0	0	0	0	0	0	0	0	0	0	0	0	0	0	0	0	0	0	0	0	0	0	
521540	Cingulum_Ant_R	176	570	6520	40870	182	116	1112	7242	154	0	0	1266	202	1308	186	1156	0	0	13448	18720	2268	3642	16284	39418	372	3916	1370	2356	742	1322	21972	0	5802	28318	220	402	0	244	0	0	0	0	0	0	0	0	0	0	0	0	0	0	0	0	0	0	0	122	0	0	0	0	0	0	0	0	108	112	0	0	4282	20890	1160	10170	0	194	0	1856	0	0	0	0	0	0	0	0	0	0	0	0	0	0	0	0	0	0	0	0	0	0	0	0	0	0	0	0	0	0	0	0	0	0	0	0	0	0	
249892	Cingulum_Mid_L	2048	836	6792	4820	104	0	4350	872	104	0	0	156	510	112	206	0	408	0	13522	11778	0	0	4420	772	0	0	0	0	2574	130	4122	5802	0	16654	5054	1054	0	0	0	0	0	0	406	0	458	448	0	164	798	174	8710	0	332	0	144	0	1052	452	1370	0	886	0	0	0	1078	0	11208	1796	4208	1982	146	278	0	88	0	0	0	90	178	0	152	0	0	0	746	0	0	0	402	0	0	0	0	0	0	0	0	0	0	0	0	0	0	0	0	0	0	0	0	0	0	0	0	0	0	0	
494776	Cingulum_Mid_R	340	3676	7184	23840	0	0	676	4722	0	0	0	286	160	808	124	704	0	0	24962	45898	0	0	8884	14594	0	0	0	0	420	660	8048	28318	16654	0	2234	6756	0	200	0	158	0	0	0	984	0	1236	0	1884	0	266	0	94	0	576	0	418	0	4590	0	0	0	0	0	0	0	0	1692	6620	8956	16130	254	1732	0	142	0	0	0	488	0	0	0	94	0	0	0	160	0	0	0	766	0	0	0	0	0	0	0	0	0	0	0	0	0	0	0	0	0	0	0	0	0	0	0	0	0	0	
141992	Cingulum_Post_L	932	948	106	0	0	0	370	0	0	0	0	0	0	0	0	0	0	0	258	1548	0	0	0	0	0	0	0	0	356	0	0	220	5054	2234	0	6890	4918	3962	1320	2662	0	0	3716	96	1538	534	1936	382	938	190	1876	0	148	0	958	2226	498	1558	124	0	0	0	0	0	114	0	7546	2418	5896	1672	0	0	0	0	0	0	2384	730	454	0	0	0	0	0	152	0	0	0	436	80	0	0	0	0	0	0	0	144	0	386	0	0	0	0	0	0	0	0	0	0	88	0	0	0	0	0	
207024	Cingulum_Post_R	1090	2820	154	130	0	0	276	0	0	0	0	0	0	0	0	0	0	0	318	2492	0	0	0	0	0	0	0	0	256	0	312	402	1054	6756	6890	0	3320	8210	888	5168	0	0	0	2878	0	1594	394	7574	0	484	0	132	0	2910	374	7514	0	2986	0	0	0	146	0	118	0	0	1022	14822	3388	4562	0	0	0	0	0	0	3936	1466	306	0	0	0	0	0	0	622	0	0	92	4226	0	0	0	0	0	0	0	274	0	672	0	0	0	0	0	0	0	0	0	0	484	0	0	0	0	0	
318224	Hippocampus_L	8470	254	4152	0	0	0	3684	102	0	0	594	0	0	0	92	0	1080	0	2022	0	248	0	0	0	0	0	0	0	16048	216	0	0	0	0	4918	3320	0	3210	16220	2238	6112	0	1686	0	0	0	6844	526	0	0	732	0	548	0	17976	1424	1104	0	0	0	122	0	0	0	0	0	4082	1818	5998	0	1240	1148	9548	354	856	0	5204	1884	5510	0	2702	0	2790	0	320	0	162	0	7624	0	1130	0	0	0	0	0	1092	190	1420	0	0	0	0	0	0	0	0	0	0	0	98	0	0	0	0	0	
387732	Hippocampus_R	946	2432	356	4040	0	0	552	1704	0	0	144	804	0	314	0	292	0	1444	594	3440	0	692	0	0	0	0	0	0	616	8426	248	244	0	200	3962	8210	3210	0	776	40862	0	10600	0	496	0	0	288	6748	0	0	0	0	0	252	320	35298	0	3774	0	0	0	0	0	1938	0	0	0	7114	3370	810	980	1920	358	16030	0	162	3340	4602	306	320	0	1070	0	1896	0	378	0	0	94	1884	0	0	0	0	0	0	0	1652	0	2894	0	0	0	0	0	0	0	0	0	0	464	0	0	0	0	0	
131504	ParaHippocampal_L	822	0	530	0	0	0	278	0	0	0	0	0	0	0	386	0	0	0	0	0	714	0	0	0	0	0	0	0	2162	0	0	0	0	0	1320	888	16220	776	0	608	3276	0	592	0	0	0	7404	358	0	0	1100	0	974	0	12170	380	0	0	0	0	0	0	0	0	0	0	2432	656	590	0	340	152	1738	100	0	0	910	468	0	0	236	0	926	0	0	0	80	0	524	0	1278	0	0	0	96	166	1808	0	1664	0	0	0	0	0	132	0	0	0	174	236	88	0	0	0	0	0	
287356	ParaHippocampal_R	732	938	170	1920	0	0	264	844	0	0	0	410	0	178	0	268	0	838	208	2080	0	436	0	0	0	0	0	0	256	3804	0	0	0	158	2662	5168	2238	40862	608	0	0	7632	0	132	0	0	218	5438	0	0	0	0	0	122	222	28306	0	2432	0	0	0	0	0	1642	0	0	0	4376	2462	674	336	880	142	8484	0	94	2162	2836	184	92	0	348	0	2154	0	208	0	526	0	1012	0	0	0	0	0	0	0	2288	0	2824	0	0	0	0	0	0	0	0	0	0	410	0	0	0	0	0	
41672	Amygdala_L	0	0	0	0	100	0	0	0	0	0	0	0	0	0	284	0	0	0	0	0	1006	0	0	0	0	0	0	0	3212	0	0	0	0	0	0	0	6112	0	3276	0	0	0	0	0	0	0	0	0	0	0	0	0	0	0	3014	0	0	0	0	0	0	0	0	0	0	0	0	0	0	0	82	0	598	0	0	0	82	0	0	0	0	0	2108	0	0	0	0	0	962	0	0	0	0	0	0	0	0	0	0	0	0	0	0	0	0	0	0	0	0	0	0	0	0	0	0	0	
61860	Amygdala_R	0	0	0	102	0	0	0	0	0	0	0	0	0	0	0	334	0	0	0	0	0	1374	0	0	0	0	0	0	0	2818	0	0	0	0	0	0	0	10600	0	7632	0	0	0	0	0	0	0	0	0	0	0	0	0	0	0	4280	0	0	0	0	0	0	0	0	0	0	0	0	0	0	0	114	0	1192	0	0	0	0	0	0	0	0	0	2102	0	0	0	84	0	80	0	0	0	0	0	0	0	218	0	0	0	0	0	0	0	0	0	0	0	0	0	0	0	0	0	0	
272632	Calcarine_L	0	0	0	0	0	0	0	0	0	0	0	0	0	0	0	0	186	0	0	0	0	0	0	0	0	0	0	0	0	0	0	0	406	0	3716	0	1686	0	592	0	0	0	0	6972	18238	6180	17708	3386	16382	2466	21668	0	4640	238	2570	246	0	0	748	0	274	0	0	0	794	0	18574	1106	96	0	0	0	0	0	0	0	0	0	0	0	106	0	0	0	2284	0	0	0	1812	0	274	224	0	0	0	0	640	246	428	308	0	0	0	0	0	0	0	0	0	0	938	184	0	0	0	0	
311044	Calcarine_R	0	688	0	0	0	0	0	0	0	0	0	0	0	0	0	0	0	764	0	418	0	0	0	0	0	0	0	0	0	128	0	0	0	984	96	2878	0	496	0	132	0	0	6972	0	3230	24054	4606	20506	744	18562	472	7740	0	7746	0	8430	0	2798	0	112	0	192	0	602	0	0	804	25522	368	3464	0	0	0	0	0	0	0	0	0	88	0	1392	0	0	0	5244	0	0	0	4876	0	102	0	0	0	0	0	0	0	182	0	0	0	0	0	0	0	0	0	0	0	130	0	0	0	0	
174832	Cuneus_L	0	0	0	0	0	0	0	0	0	0	0	0	0	0	0	0	0	0	0	0	0	0	0	0	0	0	0	0	0	0	0	0	458	0	1538	0	0	0	0	0	0	0	18238	3230	0	6454	4664	982	21628	1502	8272	0	732	0	132	122	0	0	1936	0	358	0	0	0	658	0	13828	2238	0	0	0	0	0	0	0	0	0	0	0	0	0	0	0	0	310	0	0	0	136	0	0	0	0	0	0	0	0	0	0	0	0	0	0	0	0	0	0	0	0	0	0	0	0	0	0	0	
299640	Cuneus_R	0	498	0	0	0	0	0	0	0	0	0	0	0	0	0	0	0	426	0	274	0	0	0	0	0	0	0	0	0	0	0	0	448	1236	534	1594	0	0	0	0	0	0	6180	24054	6454	0	2084	4882	478	33136	256	13402	0	4378	0	2336	0	4000	0	3004	0	402	0	378	0	218	4296	26048	402	3546	0	0	0	0	0	0	0	0	0	0	0	850	0	0	0	2204	0	0	0	1822	0	0	0	0	0	0	0	0	0	0	0	0	0	0	0	0	0	0	0	0	0	0	0	0	0	0	
391560	Lingual_L	92	0	0	0	0	0	0	0	0	0	0	0	0	0	0	0	0	0	0	0	0	0	0	0	0	0	0	0	0	0	0	0	0	0	1936	394	6844	288	7404	218	0	0	17708	4606	4664	2084	0	8050	6230	1798	18304	180	12264	1912	26232	976	0	0	374	0	0	0	0	0	0	0	9180	564	114	0	0	0	0	0	0	0	420	124	0	0	0	0	0	0	274	0	0	0	1248	0	9838	1836	218	0	606	154	13694	1270	18156	2610	0	0	0	0	0	0	0	0	128	200	5302	6286	1000	0	0	0	
460288	Lingual_R	170	616	0	0	0	0	0	0	0	0	0	0	0	0	0	0	0	100	0	632	0	0	0	0	0	0	0	0	0	0	0	0	164	1884	382	7574	526	6748	358	5438	0	0	3386	20506	982	4882	8050	0	746	5588	534	1646	84	15192	3566	26808	0	958	0	0	0	200	0	172	0	0	370	19366	530	2524	0	0	0	0	0	0	396	926	0	0	0	298	0	0	0	790	0	0	0	4164	6520	12968	0	172	218	734	3338	7294	11198	17084	0	0	0	0	0	0	0	0	94	370	6124	15776	904	0	0	94	
242132	Occipital_Sup_L	0	0	0	0	0	0	0	0	0	0	0	0	0	0	0	0	198	0	0	0	0	0	0	0	0	0	0	0	0	0	0	0	798	0	938	0	0	0	0	0	0	0	16382	744	21628	478	6230	746	0	178	28784	0	2424	0	330	0	0	0	10998	0	4888	0	0	0	6106	0	17056	706	102	0	0	0	0	0	0	0	0	0	0	0	212	0	0	0	802	0	0	0	338	0	0	0	0	0	0	0	0	0	0	0	0	0	0	0	0	0	0	0	0	0	0	0	0	0	0	0	
295228	Occipital_Sup_R	0	242	0	0	0	0	0	0	0	0	0	0	0	0	0	0	0	154	0	154	0	0	0	0	0	0	0	0	0	0	0	0	174	266	190	484	0	0	0	0	0	0	2466	18562	1502	33136	1798	5588	178	0	226	26066	0	5212	0	4080	0	3128	0	11756	0	1604	0	168	0	4480	960	17912	280	1948	0	0	0	0	0	0	0	0	0	0	0	318	0	0	0	3122	0	0	0	1460	0	0	0	0	0	0	0	0	0	0	0	0	0	0	0	0	0	0	0	0	0	0	0	0	0	0	
545856	Occipital_Mid_L	3704	0	100	0	0	0	830	0	0	0	0	0	222	0	0	0	2114	0	0	90	0	0	0	0	0	0	0	0	2142	0	0	0	8710	0	1876	0	732	0	1100	0	0	0	21668	472	8272	256	18304	534	28784	226	0	0	22944	0	7644	0	7310	0	21648	0	20952	0	838	0	29644	0	31638	1756	3284	0	0	0	0	0	0	0	0	0	552	0	1688	0	0	0	17792	0	0	0	4878	0	0	0	0	0	0	0	144	0	0	0	0	0	0	0	0	0	0	0	0	0	80	0	0	0	0	0	
216076	Occipital_Mid_R	0	142	0	0	0	0	0	0	0	0	0	0	0	0	0	0	0	104	0	0	0	0	0	0	0	0	0	0	0	0	0	0	0	94	0	132	0	0	0	0	0	0	0	7740	0	13402	180	1646	0	26066	0	0	0	5776	0	3070	0	2482	0	7674	0	5848	0	150	0	12096	0	8150	190	1428	0	0	0	0	0	0	0	0	0	0	0	398	0	0	0	9600	0	0	0	1670	0	0	0	0	0	0	0	0	0	0	0	0	0	0	0	0	0	0	0	0	0	0	0	0	0	0	
175328	Occipital_Inf_L	200	0	0	0	0	0	0	0	0	0	0	0	0	0	0	0	230	0	0	0	0	0	0	0	0	0	0	0	304	0	0	0	332	0	148	0	548	0	974	0	0	0	4640	0	732	0	12264	84	2424	0	22944	0	0	0	16180	0	684	0	640	0	514	0	0	0	1928	0	3118	0	612	0	0	0	0	0	0	0	0	0	918	0	374	0	0	0	5188	0	0	0	6816	0	1212	0	0	0	0	0	1260	0	2284	0	0	0	0	0	0	0	0	0	0	0	0	112	0	0	0	0	
251044	Occipital_Inf_R	0	2018	0	0	0	0	0	0	0	0	0	0	0	0	0	0	0	0	260	2188	0	0	0	0	0	0	0	0	0	0	0	0	0	576	0	2910	0	252	0	122	0	0	238	7746	0	4378	1912	15192	0	5212	0	5776	0	0	1458	16282	0	1842	0	92	0	1568	0	902	0	264	0	6166	484	2292	0	0	0	0	0	0	0	280	0	0	0	256	0	0	0	3980	0	0	0	14504	2536	2666	0	80	0	0	854	992	4616	5556	0	0	0	0	0	0	0	0	0	0	1860	6824	388	0	0	0	
530672	Fusiform_L	3982	122	824	0	0	0	292	0	0	0	216	0	0	0	0	0	856	0	766	0	264	0	0	0	0	0	0	0	8088	164	0	0	144	0	958	374	17976	320	12170	222	3014	0	2570	0	132	0	26232	3566	330	0	7644	0	16180	1458	0	1840	2482	0	142	0	322	0	248	0	418	0	2760	316	1180	0	932	462	3156	280	0	0	524	364	2558	0	3530	0	2288	0	3120	0	870	0	28508	0	30516	1108	872	0	462	0	16608	720	36662	2220	634	0	572	0	316	0	106	0	0	0	3294	5584	334	0	0	164	
573736	Fusiform_R	478	1994	104	686	0	0	176	320	0	0	0	240	0	102	0	0	0	668	126	1984	0	0	0	0	0	0	0	0	150	3686	0	0	0	418	2226	7514	1424	35298	380	28306	0	4280	246	8430	122	2336	976	26808	0	4080	0	3070	0	16282	1840	0	0	3988	0	86	0	338	0	2236	0	0	0	11084	2380	2078	108	324	0	3674	0	84	1336	1740	140	328	0	2944	0	4942	0	2640	0	1150	0	19152	2818	20610	0	378	0	300	910	7210	4454	25648	0	0	0	0	0	0	0	0	0	0	2418	6620	0	0	0	0	
302324	Postcentral_L	27284	666	3036	1186	0	0	3056	0	0	0	2452	0	560	0	0	0	10182	0	236	1476	0	0	0	0	0	0	0	0	8152	0	0	0	1052	0	498	0	1104	0	0	0	0	0	0	0	0	0	0	0	0	0	7310	0	684	0	2482	0	0	0	12110	0	20746	0	4578	0	5480	0	5108	156	9212	0	538	1854	1006	128	92	0	200	1542	4560	0	4776	0	0	0	2968	0	0	0	4692	0	0	0	0	0	0	0	0	0	0	0	0	0	0	0	0	0	0	0	0	0	0	0	0	0	0	0	
298792	Postcentral_R	378	23972	500	824	0	0	404	200	0	0	0	2110	0	0	0	0	0	5010	878	5216	0	0	0	0	0	0	0	0	270	3382	86	122	452	4590	1558	2986	0	3774	0	2432	0	0	0	2798	0	4000	0	958	0	3128	0	2482	0	1842	0	3988	0	0	0	3726	0	7024	0	12948	0	708	230	12438	2444	18516	688	156	118	2128	0	0	0	362	0	906	0	2526	0	0	0	2560	0	0	0	3434	0	0	0	0	0	0	0	0	0	144	0	0	0	0	0	0	0	0	0	0	0	0	0	0	0	0	
222356	Parietal_Sup_L	2508	0	94	0	0	0	408	0	0	0	0	0	148	0	0	0	346	0	0	0	0	0	0	0	0	0	0	0	956	0	0	0	1370	0	124	0	0	0	0	0	0	0	748	0	1936	0	374	0	10998	0	21648	0	640	0	142	0	12110	0	0	0	20354	0	0	0	12558	0	19548	1278	1930	0	0	0	0	0	0	0	0	0	142	0	120	0	0	0	430	0	0	0	268	0	0	0	0	0	0	0	0	0	0	0	0	0	0	0	0	0	0	0	0	0	0	0	0	0	0	0	
104312	Parietal_Sup_R	0	0	0	0	0	0	0	0	0	0	0	0	0	0	0	0	0	0	0	0	0	0	0	0	0	0	0	0	0	0	0	0	0	0	0	0	0	0	0	0	0	0	0	112	0	3004	0	0	0	11756	0	7674	0	92	0	86	0	3726	0	0	0	8286	0	0	0	8998	176	6494	0	944	0	0	0	0	0	0	0	0	0	0	0	84	0	0	0	724	0	0	0	0	0	0	0	0	0	0	0	0	0	0	0	0	0	0	0	0	0	0	0	0	0	0	0	0	0	0	
287160	Parietal_Inf_L	3466	0	236	0	0	0	648	0	0	0	0	0	180	0	0	0	332	0	0	0	0	0	0	0	0	0	0	0	1018	0	0	0	886	0	0	0	122	0	0	0	0	0	274	0	358	0	0	0	4888	0	20952	0	514	0	322	0	20746	0	20354	0	0	0	7822	0	35720	0	6800	416	1826	0	0	0	0	0	0	0	0	0	174	0	1308	0	0	0	10126	0	0	0	4092	0	0	0	0	0	0	0	0	0	0	0	0	0	0	0	0	0	0	0	0	0	0	0	0	0	0	0	
107544	Parietal_Inf_R	0	724	0	0	0	0	0	0	0	0	0	0	0	0	0	0	0	364	0	136	0	0	0	0	0	0	0	0	0	700	0	0	0	0	0	146	0	0	0	0	0	0	0	192	0	402	0	200	0	1604	0	5848	0	1568	0	338	0	7024	0	8286	0	0	0	5710	0	11920	0	870	0	280	0	0	0	0	0	0	0	0	0	454	0	954	0	0	0	2990	0	0	0	3062	0	0	0	0	0	0	0	0	0	0	0	0	0	0	0	0	0	0	0	0	0	0	0	0	0	0	
74500	SupraMarginal_L	1264	0	0	0	0	0	284	0	0	0	0	0	0	0	0	0	1974	0	0	0	0	0	0	0	0	0	0	0	564	0	0	0	0	0	0	0	0	0	0	0	0	0	0	0	0	0	0	0	0	0	838	0	0	0	248	0	4578	0	0	0	7822	0	0	0	5946	0	0	0	0	0	0	0	0	0	0	0	0	0	0	0	4526	0	0	0	6364	0	0	0	2842	0	0	0	0	0	0	0	0	0	0	0	0	0	0	0	0	0	0	0	0	0	0	0	0	0	0	0	
123180	SupraMarginal_R	0	2262	0	160	0	0	0	0	0	0	0	0	0	0	0	0	0	4508	0	852	0	0	0	0	0	0	0	0	0	852	0	0	0	0	0	118	0	1938	0	1642	0	0	0	602	0	378	0	172	0	168	0	150	0	902	0	2236	0	12948	0	0	0	5710	0	0	0	6054	0	1142	0	930	0	0	0	0	0	0	0	0	0	168	0	5200	0	0	0	7784	0	0	0	4714	0	0	0	0	0	0	0	0	0	0	0	0	0	0	0	0	0	0	0	0	0	0	0	0	0	0	
272488	Angular_L	2288	0	98	0	0	0	426	0	0	0	0	0	162	0	0	0	866	0	0	0	0	0	0	0	0	0	0	0	1058	0	0	0	1078	0	114	0	0	0	0	0	0	0	794	0	658	0	0	0	6106	0	29644	0	1928	0	418	0	5480	0	12558	0	35720	0	5946	0	0	0	6866	452	652	0	0	0	0	0	0	0	0	0	286	0	3410	0	0	0	14384	0	0	0	4852	0	0	0	0	0	0	0	0	0	0	0	0	0	0	0	0	0	0	0	0	0	0	0	0	0	0	0	
114676	Angular_R	0	192	0	0	0	0	0	0	0	0	0	0	0	0	0	0	0	0	0	0	0	0	0	0	0	0	0	0	0	0	0	0	0	0	0	0	0	0	0	0	0	0	0	0	0	218	0	0	0	4480	0	12096	0	264	0	0	0	708	0	8998	0	11920	0	6054	0	0	0	368	0	0	0	0	0	0	0	0	0	0	0	0	0	1660	0	0	0	7252	0	0	0	3128	0	0	0	0	0	0	0	0	0	0	0	0	0	0	0	0	0	0	0	0	0	0	0	0	0	0	
388828	Precuneus_L	3030	80	0	0	0	0	740	0	0	0	0	0	204	0	0	0	864	0	84	226	0	0	0	0	0	0	0	0	1380	0	0	108	11208	1692	7546	1022	4082	0	2432	0	0	0	18574	804	13828	4296	9180	370	17056	960	31638	0	3118	0	2760	0	5108	230	19548	176	6800	0	0	0	6866	0	0	11648	2268	1150	0	0	0	0	0	0	0	0	178	0	354	0	0	0	1626	0	0	0	1180	0	0	0	0	0	0	0	0	0	0	0	0	0	0	0	0	0	0	0	0	0	0	0	0	0	0	0	
475096	Precuneus_R	578	1594	0	0	0	0	150	0	0	0	0	0	0	0	0	0	0	1120	82	1426	0	0	0	0	0	0	0	0	200	282	148	112	1796	6620	2418	14822	1818	7114	656	4376	0	0	1106	25522	2238	26048	564	19366	706	17912	1756	8150	0	6166	316	11084	156	12438	1278	6494	416	870	0	1142	452	368	11648	0	1650	15376	0	0	0	0	0	0	1360	1272	156	188	0	2274	0	0	82	5280	0	0	98	6214	0	126	0	0	0	0	0	1064	0	324	0	0	0	0	0	0	0	0	0	0	576	0	0	0	0	0	
313328	Paracentral_Lobule_L	16366	2586	1884	1446	0	0	442	240	0	0	0	0	0	0	0	0	352	0	14086	13974	0	0	0	0	0	0	0	0	1532	196	0	0	4208	8956	5896	3388	5998	3370	590	2462	0	0	96	368	0	402	114	530	102	280	3284	190	612	484	1180	2380	9212	2444	1930	0	1826	0	0	0	652	0	2268	1650	0	8600	1448	2622	1526	176	564	0	12290	5428	672	0	192	0	0	0	2176	92	0	0	1728	610	0	0	0	0	0	0	0	182	0	382	0	0	0	0	0	0	0	0	0	0	0	0	0	0	0	0	
278964	Paracentral_Lobule_R	654	10358	198	0	0	0	0	96	0	0	0	0	0	0	0	0	0	546	2280	25370	0	0	0	0	0	0	0	0	0	320	0	0	1982	16130	1672	4562	0	810	0	674	0	0	0	3464	0	3546	0	2524	0	1948	0	1428	0	2292	0	2078	0	18516	0	944	0	280	0	930	0	0	1150	15376	8600	0	132	742	0	0	0	0	240	2594	0	412	0	1632	0	0	0	964	0	0	0	3860	0	0	0	0	0	0	0	0	0	178	0	0	0	0	0	0	0	0	0	0	0	0	0	0	0	0	
405280	Caudate_L	3768	6596	16156	10460	1364	154	10738	5106	1396	636	1736	2710	574	2140	1446	1288	1082	140	10346	4520	8096	5818	2032	2528	642	0	4002	790	10306	3872	8964	4282	146	254	0	0	1240	980	340	336	82	0	0	0	0	0	0	0	0	0	0	0	0	0	932	108	538	688	0	0	0	0	0	0	0	0	0	0	1448	132	0	19482	18534	7730	976	736	10696	2168	0	0	934	0	200	0	0	0	0	0	272	0	0	0	0	0	0	0	0	0	0	0	0	0	0	0	0	0	0	0	0	0	0	0	0	0	0	0	
688884	Caudate_R	4506	2318	7982	41124	154	1734	5070	5326	186	5062	1358	10846	152	7168	228	10410	956	1500	14488	31186	3656	5176	626	15700	96	2080	1640	2298	4036	20290	3892	20890	278	1732	0	0	1148	1920	152	880	0	114	0	0	0	0	0	0	0	0	0	0	0	0	462	324	1854	156	0	0	0	0	0	0	0	0	0	0	2622	742	19482	0	5456	38630	322	4364	3908	25976	158	0	490	250	0	638	0	0	0	0	162	88	0	0	0	0	0	0	0	0	0	0	0	0	0	0	0	0	0	0	0	0	0	0	0	0	0	0	
281180	Putamen_L	798	756	11506	854	5058	0	2362	494	4424	94	1102	1072	834	874	6346	386	1580	0	4880	230	2974	1998	2774	684	206	0	1222	136	19246	856	8770	1160	0	0	0	0	9548	358	1738	142	598	0	0	0	0	0	0	0	0	0	0	0	0	0	3156	0	1006	118	0	0	0	0	0	0	0	0	0	0	1526	0	18534	5456	0	2010	4614	0	2388	1014	456	0	978	0	1666	0	0	0	0	0	1378	0	110	0	0	0	0	0	0	0	120	0	0	0	0	0	0	0	0	0	0	0	0	0	0	0	0	0	
457700	Putamen_R	852	3328	3818	23416	0	2108	2576	4238	114	2720	788	6204	80	2658	96	6038	358	2746	6830	12976	140	554	222	10030	0	2706	0	648	2132	25728	1460	10170	88	142	0	0	354	16030	100	8484	0	1192	0	0	0	0	0	0	0	0	0	0	0	0	280	3674	128	2128	0	0	0	0	0	0	0	0	0	0	176	0	7730	38630	2010	0	0	5296	468	3414	0	140	276	1032	0	830	0	104	0	0	0	410	0	0	0	0	0	0	0	0	0	0	0	0	0	0	0	0	0	0	0	0	0	0	0	0	0	0	
25644	Pallidum_L	0	148	1908	0	0	0	0	0	0	0	0	86	0	0	0	0	84	0	1014	0	0	0	0	0	0	0	0	0	96	0	0	0	0	0	0	0	856	0	0	0	0	0	0	0	0	0	0	0	0	0	0	0	0	0	0	0	92	0	0	0	0	0	0	0	0	0	0	0	564	0	976	322	4614	0	0	0	1772	290	0	0	0	0	0	0	0	0	0	0	0	0	0	0	0	0	0	0	0	0	0	0	0	0	0	0	0	0	0	0	0	0	0	0	0	0	0	0	
39900	Pallidum_R	114	402	532	3288	0	0	408	458	0	0	0	0	0	0	0	0	0	0	222	3042	0	0	0	146	0	0	0	0	102	96	84	194	0	0	0	0	0	162	0	94	0	0	0	0	0	0	0	0	0	0	0	0	0	0	0	84	0	0	0	0	0	0	0	0	0	0	0	0	0	0	736	4364	0	5296	0	0	0	126	0	0	0	0	0	0	0	0	0	0	0	0	0	0	0	0	0	0	0	0	0	0	0	0	0	0	0	0	0	0	0	0	0	0	0	0	0	0	
177208	Thalamus_L	9128	1570	3856	382	0	0	1504	266	260	0	152	122	0	0	200	0	286	0	3938	894	0	0	374	0	0	0	0	0	2170	286	468	0	0	0	2384	3936	5204	3340	910	2162	82	0	0	0	0	0	420	396	0	0	0	0	0	0	524	1336	200	0	0	0	0	0	0	0	0	0	0	1360	12290	240	10696	3908	2388	468	1772	0	0	7722	422	0	168	0	0	0	0	0	0	0	208	0	0	0	0	0	0	0	0	212	0	0	0	0	0	0	0	0	0	0	0	0	0	0	0	0	0	0	
222496	Thalamus_R	4464	2210	2706	10914	0	100	866	1712	0	226	374	186	0	112	0	350	470	264	1420	9824	0	0	0	1466	0	0	0	0	1172	1130	112	1856	90	488	730	1466	1884	4602	468	2836	0	0	0	0	0	0	124	926	0	0	0	0	0	280	364	1740	1542	362	0	0	0	0	0	0	0	0	0	1272	5428	2594	2168	25976	1014	3414	290	126	7722	0	134	0	172	0	0	0	0	0	0	0	114	466	0	0	0	0	0	0	0	396	0	0	0	0	0	0	0	0	0	0	0	0	126	0	0	0	0	0	
122928	Heschl_L	7422	0	1394	0	0	0	2838	0	0	0	484	0	0	0	0	0	6806	0	250	0	0	0	0	0	0	0	0	0	13024	0	0	0	178	0	454	306	5510	306	0	184	0	0	0	0	0	0	0	0	0	0	552	0	918	0	2558	140	4560	0	142	0	174	0	0	0	286	0	178	156	672	0	0	158	456	0	0	0	422	134	0	0	3488	0	0	0	2246	0	0	0	4966	0	102	0	0	0	0	0	0	0	0	0	0	0	0	0	0	0	0	0	0	0	0	0	0	0	0	0	
25032	Heschl_R	0	210	0	262	0	0	0	0	0	0	0	0	0	0	0	0	0	1768	0	484	0	0	0	0	0	0	0	0	0	1680	0	0	0	0	0	0	0	320	0	92	0	0	0	88	0	0	0	0	0	0	0	0	0	0	0	328	0	906	0	0	0	454	0	168	0	0	0	188	0	412	0	0	0	140	0	0	0	0	0	0	0	4372	0	0	0	482	0	0	0	162	0	0	0	0	0	0	0	0	0	0	0	0	0	0	0	0	0	0	0	0	0	0	0	0	0	0	
220348	Temporal_Sup_L	4678	132	4134	0	0	0	1964	0	0	0	5754	0	322	0	0	0	11450	0	2024	0	0	0	0	0	0	0	0	0	10810	110	0	0	152	0	0	0	2702	0	236	0	0	0	106	0	0	0	0	0	212	0	1688	0	374	0	3530	0	4776	0	120	0	1308	0	4526	0	3410	0	354	0	192	0	934	490	978	276	0	0	168	172	3488	0	0	0	2958	0	19752	0	0	0	15278	0	350	0	0	0	0	0	0	0	266	0	0	0	0	0	0	0	0	0	0	0	0	0	0	0	0	0	
107600	Temporal_Sup_R	0	866	0	380	0	0	0	0	0	0	0	146	0	94	0	0	0	5636	0	1808	0	0	0	0	0	0	0	0	0	4296	0	0	0	94	0	0	0	1070	0	348	0	0	0	1392	0	850	0	298	0	318	0	398	0	256	0	2944	0	2526	0	84	0	954	0	5200	0	1660	0	2274	0	1632	0	250	0	1032	0	0	0	0	0	4372	0	0	0	1564	0	8620	0	104	0	2334	0	0	0	0	0	0	0	0	0	0	0	0	0	0	0	0	0	0	0	0	0	0	0	0	0	0	
75240	Temporal_Pole_Sup_L	0	0	370	0	418	0	266	0	274	0	1104	0	0	0	2008	0	1084	0	264	0	1370	0	0	0	0	0	0	0	7184	0	0	0	0	0	0	0	2790	0	926	0	2108	0	0	0	0	0	0	0	0	0	0	0	0	0	2288	0	0	0	0	0	0	0	0	0	0	0	0	0	0	0	200	0	1666	0	0	0	0	0	0	0	2958	0	0	0	4272	0	1922	0	4148	0	0	0	0	0	0	0	0	0	0	0	0	0	0	0	0	0	0	0	0	0	0	0	0	0	0	0	
49620	Temporal_Pole_Sup_R	0	0	0	302	0	0	0	0	0	0	0	598	0	80	0	380	0	598	272	310	0	538	0	0	0	0	0	0	0	1938	0	0	0	0	0	0	0	1896	0	2154	0	2102	0	0	0	0	0	0	0	0	0	0	0	0	0	4942	0	0	0	0	0	0	0	0	0	0	0	0	0	0	0	638	0	830	0	0	0	0	0	0	0	1564	0	0	0	1388	0	2288	0	1992	0	0	0	0	0	0	0	0	0	0	0	0	0	0	0	0	0	0	0	0	0	0	0	0	0	0	
272524	Temporal_Mid_L	1212	0	0	0	0	0	132	0	0	0	0	0	0	0	0	0	1644	0	0	0	0	0	0	0	0	0	0	0	2008	0	0	0	746	0	152	0	320	0	0	0	0	0	2284	0	310	0	274	0	802	0	17792	0	5188	0	3120	0	2968	0	430	0	10126	0	6364	0	14384	0	1626	82	2176	0	0	0	0	0	0	0	0	0	2246	0	19752	0	4272	0	0	0	2436	0	33416	0	0	0	0	0	0	0	0	0	0	0	0	0	0	0	0	0	0	0	0	0	0	0	0	0	0	0	
183320	Temporal_Mid_R	0	878	0	0	0	0	0	0	0	0	0	0	0	0	0	0	0	276	0	526	0	0	0	0	0	0	0	0	0	952	0	0	0	160	0	622	0	378	0	208	0	0	0	5244	0	2204	0	790	0	3122	0	9600	0	3980	0	2640	0	2560	0	724	0	2990	0	7784	0	7252	0	5280	92	964	0	0	0	104	0	0	0	0	0	482	0	8620	0	1388	0	0	0	1008	0	20832	0	0	0	0	0	0	0	0	0	0	0	0	0	0	0	0	0	0	0	0	0	0	0	0	0	0	
16304	Temporal_Pole_Mid_L	0	0	0	0	0	0	0	0	0	0	0	0	0	0	0	0	0	0	0	0	0	0	0	0	0	0	0	0	118	0	0	0	0	0	0	0	162	0	80	0	0	0	0	0	0	0	0	0	0	0	0	0	0	0	870	0	0	0	0	0	0	0	0	0	0	0	0	0	0	0	0	0	0	0	0	0	0	0	0	0	0	0	1922	0	2436	0	0	0	2564	0	0	0	0	0	0	0	0	0	0	0	0	0	0	0	0	0	0	0	0	0	0	0	0	0	0	0	
13280	Temporal_Pole_Mid_R	0	0	0	0	0	0	0	0	0	0	0	0	0	0	0	0	0	0	0	0	0	0	0	0	0	0	0	0	0	0	0	0	0	0	0	0	0	0	0	526	0	84	0	0	0	0	0	0	0	0	0	0	0	0	0	1150	0	0	0	0	0	0	0	0	0	0	0	0	0	0	0	0	0	0	0	0	0	0	0	0	0	104	0	2288	0	1008	0	0	0	1480	0	0	0	0	0	0	0	0	0	0	0	0	0	0	0	0	0	0	0	0	0	0	0	0	0	0	
330900	Temporal_Inf_L	5758	0	448	0	0	0	220	0	0	0	98	0	0	0	0	0	2402	0	816	0	0	0	0	0	0	0	0	0	8122	0	0	0	402	0	436	92	7624	94	524	0	962	0	1812	0	136	0	1248	0	338	0	4878	0	6816	0	28508	0	4692	0	268	0	4092	0	2842	0	4852	0	1180	98	1728	0	272	162	1378	0	0	0	208	114	4966	0	15278	0	4148	0	33416	0	2564	0	0	0	7114	0	684	0	0	0	392	0	3068	0	200	0	0	0	0	0	0	0	0	0	0	0	0	0	0	0	
243688	Temporal_Inf_R	0	3382	0	0	0	0	0	0	0	0	0	0	0	0	0	0	0	98	276	3878	0	0	0	0	0	0	0	0	0	460	0	0	0	766	80	4226	0	1884	0	1012	0	80	0	4876	0	1822	0	4164	0	1460	0	1670	0	14504	0	19152	0	3434	0	0	0	3062	0	4714	0	3128	0	6214	610	3860	0	88	0	410	0	0	0	466	0	162	0	2334	0	1992	0	20832	0	1480	0	0	0	3704	0	320	0	0	0	0	0	1244	0	0	0	0	0	0	0	0	0	0	0	0	0	0	0	0	
662036	Cerebelum_Crus1_L	80	0	94	0	0	0	0	0	0	0	0	0	0	0	0	0	0	0	0	0	0	0	0	0	0	0	0	0	284	0	0	0	0	0	0	0	1130	0	1278	0	0	0	274	0	0	0	9838	6520	0	0	0	0	1212	2536	30516	2818	0	0	0	0	0	0	0	0	0	0	0	0	0	0	0	0	110	0	0	0	0	0	102	0	350	0	0	0	0	0	0	0	7114	0	0	10306	37478	2604	3786	1576	31758	3688	71062	11864	14502	706	16846	2050	4368	2640	1852	0	1280	3322	12058	14164	11002	3444	2800	1606	
598428	Cerebelum_Crus1_R	0	0	0	0	0	0	0	0	0	0	0	0	0	0	0	0	0	0	0	0	0	0	0	0	0	0	0	0	0	0	0	0	0	0	0	0	0	0	0	0	0	0	224	102	0	0	1836	12968	0	0	0	0	0	2666	1108	20610	0	0	0	0	0	0	0	0	0	0	0	126	0	0	0	0	0	0	0	0	0	0	0	0	0	0	0	0	0	0	0	0	0	3704	10306	0	2180	32164	766	5422	8578	25906	11518	69470	296	6074	402	16668	226	4804	0	1108	768	5540	14628	15038	14374	5096	4262	276	
324240	Cerebelum_Crus2_L	0	0	0	0	0	0	0	0	0	0	0	0	0	0	0	0	0	0	0	0	0	0	0	0	0	0	0	0	0	0	0	0	0	0	0	0	0	0	0	0	0	0	0	0	0	0	218	0	0	0	0	0	0	0	872	0	0	0	0	0	0	0	0	0	0	0	0	0	0	0	0	0	0	0	0	0	0	0	0	0	0	0	0	0	0	0	0	0	684	0	37478	2180	0	5370	366	164	752	0	2720	1648	39636	2874	37862	3656	7054	686	3050	0	200	506	244	434	8676	3596	1028	166	
260288	Cerebelum_Crus2_R	0	0	0	0	0	0	0	0	0	0	0	0	0	0	0	0	0	0	0	0	0	0	0	0	0	0	0	0	0	0	0	0	0	0	0	0	0	0	0	0	0	0	0	0	0	0	0	172	0	0	0	0	0	80	0	378	0	0	0	0	0	0	0	0	0	0	0	0	0	0	0	0	0	0	0	0	0	0	0	0	0	0	0	0	0	0	0	0	0	320	2604	32164	5370	0	138	918	484	1458	736	7532	2086	23984	2056	31212	0	3756	0	912	122	816	584	1382	7924	2468	488	0	
74552	Cerebelum_3_L	0	0	0	0	0	0	0	0	0	0	0	0	0	0	0	0	0	0	0	0	0	0	0	0	0	0	0	0	0	0	0	0	0	0	0	0	0	0	96	0	0	0	0	0	0	0	606	218	0	0	0	0	0	0	462	0	0	0	0	0	0	0	0	0	0	0	0	0	0	0	0	0	0	0	0	0	0	0	0	0	0	0	0	0	0	0	0	0	0	0	3786	766	366	138	0	912	8374	794	4548	718	110	0	436	234	2112	800	0	0	2746	4744	2194	594	422	396	532	172	
103612	Cerebelum_3_R	0	0	0	0	0	0	0	0	0	0	0	0	0	0	0	0	0	0	0	0	0	0	0	0	0	0	0	0	0	0	0	0	0	0	0	0	0	0	166	0	0	0	0	0	0	0	154	734	0	0	0	0	0	0	0	300	0	0	0	0	0	0	0	0	0	0	0	0	0	0	0	0	0	0	0	0	0	0	0	0	0	0	0	0	0	0	0	0	0	0	1576	5422	164	918	912	0	2504	6890	1602	5468	104	0	172	1144	144	3030	0	268	1644	7388	2464	310	3236	2734	2358	0	
421464	Cerebelum_4_5_L	0	0	0	0	0	0	0	0	0	0	0	0	0	0	0	0	0	0	0	0	0	0	0	0	0	0	0	0	0	0	0	0	0	0	0	0	1092	0	1808	0	0	0	640	0	0	0	13694	3338	0	0	144	0	1260	854	16608	910	0	0	0	0	0	0	0	0	0	0	0	0	0	0	0	0	0	0	0	0	0	0	0	0	0	0	0	0	0	0	0	0	392	0	31758	8578	752	484	8374	2504	0	9248	45046	9498	370	0	1106	292	2936	2086	118	0	3276	6718	25110	4990	1742	1694	1684	1628	
279920	Cerebelum_4_5_R	0	0	0	0	0	0	0	0	0	0	0	0	0	0	0	0	0	0	0	0	0	0	0	0	0	0	0	0	0	0	0	0	0	0	144	274	190	1652	0	2288	0	218	246	0	0	0	1270	7294	0	0	0	0	0	992	720	7210	0	0	0	0	0	0	0	0	0	0	0	1064	182	0	0	0	0	0	0	0	212	396	0	0	0	0	0	0	0	0	0	0	0	0	3688	25906	0	1458	794	6890	9248	0	5470	30044	0	0	0	1484	172	1268	0	104	250	5428	16212	888	2774	1958	1400	172	
622716	Cerebelum_6_L	0	0	108	0	0	0	0	0	0	0	0	0	0	0	0	0	0	0	0	0	0	0	0	0	0	0	0	0	284	0	0	0	0	0	0	0	1420	0	1664	0	0	0	428	0	0	0	18156	11198	0	0	0	0	2284	4616	36662	4454	0	0	0	0	0	0	0	0	0	0	0	0	0	0	0	0	120	0	0	0	0	0	0	0	266	0	0	0	0	0	0	0	3068	0	71062	11518	2720	736	4548	1602	45046	5470	0	14668	1788	0	2406	246	3492	2662	230	0	1778	4054	19246	22640	4338	1868	2228	2284	
550476	Cerebelum_6_R	0	142	0	0	0	0	0	0	0	0	0	0	0	0	0	0	0	178	0	224	0	0	0	0	0	0	0	0	0	682	0	0	0	0	386	672	0	2894	0	2824	0	0	308	182	0	0	2610	17084	0	0	0	0	0	5556	2220	25648	0	144	0	0	0	0	0	0	0	0	0	324	382	178	0	0	0	0	0	0	0	0	0	0	0	0	0	0	0	0	0	0	0	1244	11864	69470	1648	7532	718	5468	9498	30044	14668	0	204	186	202	2692	266	1300	0	368	444	4328	16892	20448	8744	2078	1648	646	
236124	Cerebelum_7b_L	0	0	0	0	0	0	0	0	0	0	0	0	0	0	0	0	0	0	0	0	0	0	0	0	0	0	0	0	0	0	0	0	0	0	0	0	0	0	0	0	0	0	0	0	0	0	0	0	0	0	0	0	0	0	634	0	0	0	0	0	0	0	0	0	0	0	0	0	0	0	0	0	0	0	0	0	0	0	0	0	0	0	0	0	0	0	0	0	200	0	14502	296	39636	2086	110	104	370	0	1788	204	0	1666	36260	2806	6116	434	2306	0	0	182	0	188	3180	4334	564	96	
149476	Cerebelum_7b_R	0	0	0	0	0	0	0	0	0	0	0	0	0	0	0	0	0	0	0	0	0	0	0	0	0	0	0	0	0	0	0	0	0	0	0	0	0	0	0	0	0	0	0	0	0	0	0	0	0	0	0	0	0	0	0	0	0	0	0	0	0	0	0	0	0	0	0	0	0	0	0	0	0	0	0	0	0	0	0	0	0	0	0	0	0	0	0	0	0	0	706	6074	2874	23984	0	0	0	0	0	186	1666	0	1580	25700	0	6366	0	424	0	108	0	134	2414	2174	348	0	
287192	Cerebelum_8_L	0	0	0	0	0	0	0	0	0	0	0	0	0	0	0	0	0	0	0	0	0	0	0	0	0	0	0	0	0	0	0	0	0	0	0	0	0	0	0	0	0	0	0	0	0	0	0	0	0	0	0	0	0	0	572	0	0	0	0	0	0	0	0	0	0	0	0	0	0	0	0	0	0	0	0	0	0	0	0	0	0	0	0	0	0	0	0	0	0	0	16846	402	37862	2056	436	172	1106	0	2406	202	36260	1580	0	3662	17954	2130	4236	0	0	420	122	262	4326	7410	2876	298	
263232	Cerebelum_8_R	0	0	0	0	0	0	0	0	0	0	0	0	0	0	0	0	0	0	0	0	0	0	0	0	0	0	0	0	0	0	0	0	0	0	0	0	0	0	0	0	0	0	0	0	0	0	0	0	0	0	0	0	0	0	0	0	0	0	0	0	0	0	0	0	0	0	0	0	0	0	0	0	0	0	0	0	0	0	0	0	0	0	0	0	0	0	0	0	0	0	2050	16668	3656	31212	234	1144	292	1484	246	2692	2806	25700	3662	0	262	19454	0	2084	260	1504	274	132	7124	5814	2862	0	
123204	Cerebelum_9_L	0	0	0	0	0	0	0	0	0	0	0	0	0	0	0	0	0	0	0	0	0	0	0	0	0	0	0	0	0	0	0	0	0	0	0	0	0	0	132	0	0	0	0	0	0	0	0	0	0	0	0	0	0	0	316	0	0	0	0	0	0	0	0	0	0	0	0	0	0	0	0	0	0	0	0	0	0	0	0	0	0	0	0	0	0	0	0	0	0	0	4368	226	7054	0	2112	144	2936	172	3492	266	6116	0	17954	262	0	2348	3712	0	248	562	564	1800	682	1906	2794	1436	
178088	Cerebelum_9_R	0	0	0	0	0	0	0	0	0	0	0	0	0	0	0	0	0	0	0	0	0	0	0	0	0	0	0	0	0	0	0	0	0	0	0	0	0	0	0	0	0	0	0	0	0	0	0	0	0	0	0	0	0	0	0	0	0	0	0	0	0	0	0	0	0	0	0	0	0	0	0	0	0	0	0	0	0	0	0	0	0	0	0	0	0	0	0	0	0	0	2640	4804	686	3756	800	3030	2086	1268	2662	1300	434	6366	2130	19454	2348	0	0	2508	1372	3472	2084	2870	4398	6556	8776	3244	
31220	Cerebelum_10_L	0	0	0	0	0	0	0	0	0	0	0	0	0	0	0	0	0	0	0	0	0	0	0	0	0	0	0	0	0	0	0	0	0	0	0	0	0	0	0	0	0	0	0	0	0	0	0	0	0	0	0	0	0	0	106	0	0	0	0	0	0	0	0	0	0	0	0	0	0	0	0	0	0	0	0	0	0	0	0	0	0	0	0	0	0	0	0	0	0	0	1852	0	3050	0	0	0	118	0	230	0	2306	0	4236	0	3712	0	0	0	0	0	0	0	0	0	0	0	
17816	Cerebelum_10_R	0	0	0	0	0	0	0	0	0	0	0	0	0	0	0	0	0	0	0	0	0	0	0	0	0	0	0	0	0	0	0	0	0	0	0	0	0	0	0	0	0	0	0	0	0	0	0	0	0	0	0	0	0	0	0	0	0	0	0	0	0	0	0	0	0	0	0	0	0	0	0	0	0	0	0	0	0	0	0	0	0	0	0	0	0	0	0	0	0	0	0	1108	0	912	0	268	0	104	0	368	0	424	0	2084	0	2508	0	0	100	228	80	0	320	206	198	0	
51260	Vermis_1_2	0	0	0	0	0	0	0	0	0	0	0	0	0	0	0	0	0	0	0	0	0	0	0	0	0	0	0	0	0	0	0	0	0	0	0	0	0	0	174	0	0	0	0	0	0	0	128	94	0	0	0	0	0	0	0	0	0	0	0	0	0	0	0	0	0	0	0	0	0	0	0	0	0	0	0	0	0	0	0	0	0	0	0	0	0	0	0	0	0	0	1280	768	200	122	2746	1644	3276	250	1778	444	0	0	0	260	248	1372	0	100	0	6438	2106	306	582	600	632	82	
143636	Vermis_3	0	0	0	0	0	0	0	0	0	0	0	0	0	0	0	0	0	0	0	0	0	0	0	0	0	0	0	0	0	0	0	0	0	0	0	0	0	0	236	0	0	0	0	0	0	0	200	370	0	0	0	0	0	0	0	0	0	0	0	0	0	0	0	0	0	0	0	0	0	0	0	0	0	0	0	0	0	0	0	0	0	0	0	0	0	0	0	0	0	0	3322	5540	506	816	4744	7388	6718	5428	4054	4328	182	108	420	1504	562	3472	0	228	6438	0	5678	626	3144	2974	2682	150	
