data	data	509328	312080	830264	866320	175148	82468	541256	389652	84084	15784	244812	301044	195424	220608	144768	69960	195332	109908	595924	718928	85448	120092	376780	335652	90024	90296	36124	62332	532524	369896	362892	484152	261944	494904	154320	286044	268028	390176	97472	209648	29304	68868	383600	532136	244900	451512	414860	530300	258456	402636	546932	281156	288340	172028	447460	748092	351456	188844	162720	143892	169792	101964	126028	137844	170804	179016	468868	626816	166180	184780	340408	457040	318792	425460	52396	32712	203988	288184	99048	52936	219688	157480	66412	66684	277392	259596	24144	26616	327772	393412	530220	576532	354472	312628	79724	167684	357136	320384	545824	520560	279364	151828	327976	332116	174256	187044	19416	12820	49112	204880	375820	231952	191652	186952	151600	47888	
data	data	Precentral_L	Precentral_R	Frontal_Sup_L	Frontal_Sup_R	Frontal_Sup_Orb_L	Frontal_Sup_Orb_R	Frontal_Mid_L	Frontal_Mid_R	Frontal_Mid_Orb_L	Frontal_Mid_Orb_R	Frontal_Inf_Oper_L	Frontal_Inf_Oper_R	Frontal_Inf_Tri_L	Frontal_Inf_Tri_R	Frontal_Inf_Orb_L	Frontal_Inf_Orb_R	Rolandic_Oper_L	Rolandic_Oper_R	Supp_Motor_Area_L	Supp_Motor_Area_R	Olfactory_L	Olfactory_R	Frontal_Sup_Medial_L	Frontal_Sup_Medial_R	Frontal_Med_Orb_L	Frontal_Med_Orb_R	Rectus_L	Rectus_R	Insula_L	Insula_R	Cingulum_Ant_L	Cingulum_Ant_R	Cingulum_Mid_L	Cingulum_Mid_R	Cingulum_Post_L	Cingulum_Post_R	Hippocampus_L	Hippocampus_R	ParaHippocampal_L	ParaHippocampal_R	Amygdala_L	Amygdala_R	Calcarine_L	Calcarine_R	Cuneus_L	Cuneus_R	Lingual_L	Lingual_R	Occipital_Sup_L	Occipital_Sup_R	Occipital_Mid_L	Occipital_Mid_R	Occipital_Inf_L	Occipital_Inf_R	Fusiform_L	Fusiform_R	Postcentral_L	Postcentral_R	Parietal_Sup_L	Parietal_Sup_R	Parietal_Inf_L	Parietal_Inf_R	SupraMarginal_L	SupraMarginal_R	Angular_L	Angular_R	Precuneus_L	Precuneus_R	Paracentral_Lobule_L	Paracentral_Lobule_R	Caudate_L	Caudate_R	Putamen_L	Putamen_R	Pallidum_L	Pallidum_R	Thalamus_L	Thalamus_R	Heschl_L	Heschl_R	Temporal_Sup_L	Temporal_Sup_R	Temporal_Pole_Sup_L	Temporal_Pole_Sup_R	Temporal_Mid_L	Temporal_Mid_R	Temporal_Pole_Mid_L	Temporal_Pole_Mid_R	Temporal_Inf_L	Temporal_Inf_R	Cerebelum_Crus1_L	Cerebelum_Crus1_R	Cerebelum_Crus2_L	Cerebelum_Crus2_R	Cerebelum_3_L	Cerebelum_3_R	Cerebelum_4_5_L	Cerebelum_4_5_R	Cerebelum_6_L	Cerebelum_6_R	Cerebelum_7b_L	Cerebelum_7b_R	Cerebelum_8_L	Cerebelum_8_R	Cerebelum_9_L	Cerebelum_9_R	Cerebelum_10_L	Cerebelum_10_R	Vermis_1_2	Vermis_3	Vermis_4_5	Vermis_6	Vermis_7	Vermis_8	Vermis_9	Vermis_10	
509328	Precentral_L	0	4196	12264	9150	0	0	25770	5060	0	0	9022	2420	1694	1790	0	0	6784	72	4676	4650	0	0	206	0	0	0	0	0	14618	852	1048	446	1096	386	5428	2638	7528	764	2542	406	0	0	514	0	104	0	756	200	126	0	2400	0	2840	0	2892	330	36760	152	360	0	4210	0	2638	80	2924	0	1476	0	17486	0	7412	2404	5216	654	882	0	14438	5282	5664	0	2950	0	0	0	1976	0	0	0	6032	0	0	0	0	0	0	0	0	0	0	0	0	0	0	0	0	0	0	0	0	0	0	0	0	0	0	0	
312080	Precentral_R	4196	0	3202	22268	0	0	1486	18340	0	0	148	7170	0	218	0	0	122	2064	2334	7566	0	0	0	0	0	0	0	0	370	3072	0	356	132	1716	1686	3142	1846	4600	406	1616	0	0	0	678	0	766	146	214	0	518	0	252	0	356	246	7066	314	15920	0	226	0	262	0	4494	0	148	242	1942	1566	2520	588	5394	190	1700	136	186	2882	11558	306	222	68	504	0	0	0	770	0	0	72	5532	0	0	0	0	0	0	0	0	0	0	0	0	0	0	0	0	0	0	0	0	0	0	0	0	0	0	
830264	Frontal_Sup_L	12264	3202	0	17136	9640	0	66928	4802	2860	0	12546	1938	11148	1326	5290	0	4852	86	63292	19154	116	392	43134	4726	5842	0	190	0	26908	1176	25426	6924	8908	7444	534	308	2340	318	482	0	0	0	78	0	0	0	86	0	0	0	0	0	0	0	442	212	2808	0	0	0	0	0	410	0	0	0	102	0	1230	0	6868	2546	16626	1362	3970	242	1718	626	304	0	2520	0	634	0	120	0	0	0	596	0	0	0	0	0	0	0	0	0	0	0	0	0	0	0	0	0	0	0	0	0	0	0	0	0	0	0	
866320	Frontal_Sup_R	9150	22268	17136	0	142	2222	6692	57256	0	288	854	15332	0	12542	0	2904	642	4950	18726	54494	248	928	7716	30820	82	1006	0	326	1240	14698	1508	26236	1318	20020	1540	1982	2304	3266	518	810	0	132	0	0	0	68	174	0	0	0	0	0	0	98	338	2072	454	554	0	0	0	0	0	628	0	0	88	116	2870	164	8024	24598	888	19852	404	1752	5018	19212	390	324	444	810	380	188	0	90	0	0	100	766	0	0	0	0	0	0	0	0	0	0	0	0	0	0	0	0	0	0	0	0	0	0	0	0	0	0	
175148	Frontal_Sup_Orb_L	0	0	9640	142	0	136	1108	0	10554	0	644	72	878	0	12242	0	0	0	3200	78	1046	282	7402	0	6906	94	3328	194	9278	0	7848	150	0	0	0	0	0	0	0	0	0	0	0	0	0	0	0	0	0	0	0	0	0	0	0	0	0	0	0	0	0	0	0	0	0	0	0	0	0	0	1420	340	10112	86	0	0	0	0	0	0	0	0	394	0	0	0	0	0	0	0	0	0	0	0	0	0	0	0	0	0	0	0	0	0	0	0	0	0	0	0	0	0	0	0	0	0	
82468	Frontal_Sup_Orb_R	0	0	0	2222	136	0	0	442	0	2836	0	0	0	0	114	3020	0	0	0	0	844	2316	88	3808	210	6370	202	4960	0	990	698	2458	0	0	0	0	0	0	0	0	0	112	0	0	0	0	0	0	0	0	0	0	0	0	0	0	0	0	0	0	0	0	0	0	0	0	0	0	0	0	938	2708	478	5284	0	0	0	0	0	0	0	0	0	0	0	0	0	0	0	0	0	0	0	0	0	0	0	0	0	0	0	0	0	0	0	0	0	0	0	0	0	0	0	0	0	0	
541256	Frontal_Mid_L	25770	1486	66928	6692	1108	0	0	4038	2376	0	13724	3620	29670	2476	5344	0	1850	0	14590	2906	0	0	17904	2610	556	0	0	0	14810	1804	13642	3596	6106	2152	506	412	2238	688	538	80	0	0	0	0	0	0	142	0	0	0	0	0	0	0	264	586	1364	72	0	0	0	0	0	0	0	0	112	0	424	0	6170	1218	2700	1232	244	0	3084	774	530	0	794	0	0	0	174	0	0	0	344	180	0	0	0	0	0	0	0	0	0	0	0	0	0	0	0	0	0	0	0	0	0	0	0	0	0	0	
389652	Frontal_Mid_R	5060	18340	4802	57256	0	442	4038	0	0	972	486	11672	0	9056	0	4092	586	3456	4684	4728	0	82	258	3488	0	0	0	0	1042	7590	114	3076	110	2832	684	830	1182	2962	212	706	0	0	0	0	0	0	0	0	0	0	0	0	0	0	108	1726	254	708	0	0	0	0	0	510	0	0	0	74	1326	102	6424	5940	838	8746	396	1072	1810	7690	182	242	240	616	164	98	0	0	0	0	0	722	0	0	0	0	0	0	0	0	0	0	0	0	0	0	0	0	0	0	0	0	0	0	0	0	0	0	
84084	Frontal_Mid_Orb_L	0	0	2860	0	10554	0	2376	0	0	0	0	0	1622	0	12206	0	0	0	552	0	138	84	758	0	452	0	1172	0	3424	0	724	0	0	0	0	0	0	0	0	0	0	0	0	0	0	0	0	0	0	0	0	0	0	0	0	0	0	0	0	0	0	0	0	0	0	0	0	0	0	0	252	86	4782	0	0	0	0	0	0	0	0	0	0	0	0	0	0	0	0	0	0	0	0	0	0	0	0	0	0	0	0	0	0	0	0	0	0	0	0	0	0	0	0	0	0	0	
15784	Frontal_Mid_Orb_R	0	0	0	288	0	2836	0	972	0	0	0	0	0	0	0	3250	0	0	0	0	0	0	0	0	0	0	0	0	0	144	0	0	0	0	0	0	0	0	0	0	0	0	0	0	0	0	0	0	0	0	0	0	0	0	0	0	0	0	0	0	0	0	0	0	0	0	0	0	0	0	0	0	0	402	0	0	0	0	0	0	0	0	0	0	0	0	0	0	0	0	0	0	0	0	0	0	0	0	0	0	0	0	0	0	0	0	0	0	0	0	0	0	0	0	0	0	
244812	Frontal_Inf_Oper_L	9022	148	12546	854	644	0	13724	486	0	0	0	1516	16378	1524	368	0	9602	0	7054	534	0	0	1424	104	630	0	0	0	15342	380	6240	1026	202	128	0	0	338	356	112	0	0	0	0	0	0	0	0	0	0	0	356	0	104	0	370	322	2490	0	144	0	634	0	320	0	636	0	200	0	72	0	4402	1114	1408	478	0	0	124	0	602	0	4166	0	3062	0	102	0	0	0	548	70	0	0	0	0	0	0	0	0	0	0	0	0	0	0	0	0	0	0	0	0	0	0	0	0	0	0	
301044	Frontal_Inf_Oper_R	2420	7170	1938	15332	72	0	3620	11672	0	0	1516	0	68	21012	0	180	934	5408	1360	9344	0	0	196	1538	0	0	0	0	1990	17890	258	4166	0	2650	536	566	706	1894	122	240	0	0	0	0	0	0	0	0	0	0	0	0	0	0	108	1232	230	4376	0	0	0	0	0	0	0	0	0	0	0	0	5282	8422	348	9490	70	846	488	1250	108	288	524	758	560	620	0	0	0	0	0	724	0	0	0	0	0	0	0	0	0	0	0	0	0	0	0	0	0	0	0	0	0	0	0	0	0	0	
195424	Frontal_Inf_Tri_L	1694	0	11148	0	878	0	29670	0	1622	0	16378	68	0	88	7072	0	788	0	2728	0	0	0	2256	0	642	0	0	0	13350	0	4586	670	1398	0	0	0	140	0	0	0	0	0	0	0	0	0	0	0	0	0	102	0	0	0	242	0	362	0	0	0	0	0	0	0	68	0	0	0	0	0	438	0	644	0	0	0	0	0	156	0	196	0	0	0	0	0	0	0	328	0	0	0	0	0	0	0	0	0	0	0	0	0	0	0	0	0	0	0	0	0	0	0	0	0	0	0	
220608	Frontal_Inf_Tri_R	1790	218	1326	12542	0	0	2476	9056	0	0	1524	21012	88	0	0	6266	892	638	1716	7692	0	0	202	2706	0	0	0	0	1344	15242	258	5298	0	2242	0	0	154	156	0	0	0	0	0	0	0	0	0	0	0	0	0	0	0	0	0	76	138	0	0	0	0	0	0	0	0	0	0	0	0	0	4404	6218	286	3188	0	0	0	84	0	0	502	0	570	0	0	0	0	0	0	0	0	0	0	0	0	0	0	0	0	0	0	0	0	0	0	0	0	0	0	0	0	0	0	0	0	0	
144768	Frontal_Inf_Orb_L	0	0	5290	0	12242	114	5344	0	12206	0	368	0	7072	0	0	0	0	0	1392	0	1500	250	964	0	656	72	812	170	11248	0	1320	96	308	0	0	0	132	0	0	0	214	0	0	0	0	0	0	0	0	0	0	0	0	0	0	0	0	0	0	0	0	0	0	0	0	0	0	0	0	0	772	224	8298	78	0	0	0	0	0	0	0	0	1242	0	0	0	0	0	0	0	0	0	0	0	0	0	0	0	0	0	0	0	0	0	0	0	0	0	0	0	0	0	0	0	0	0	
69960	Frontal_Inf_Orb_R	0	0	0	2904	0	3020	0	4092	0	3250	0	180	0	6266	0	0	0	0	320	488	0	1214	0	530	0	0	0	600	0	7628	0	782	0	452	0	0	0	82	0	152	0	100	0	0	0	0	0	0	0	0	0	0	0	0	0	0	0	0	0	0	0	0	0	0	0	0	0	0	0	0	70	284	0	2498	0	0	0	0	0	0	0	0	0	68	0	0	0	0	0	0	0	0	0	0	0	0	0	0	0	0	0	0	0	0	0	0	0	0	0	0	0	0	0	0	0	0	
195332	Rolandic_Oper_L	6784	122	4852	642	0	0	1850	586	0	0	9602	934	788	892	0	0	0	0	3266	352	0	0	0	0	0	0	0	0	18536	184	134	224	92	0	118	0	904	176	330	0	0	0	640	0	112	0	0	0	0	0	704	0	934	0	2078	154	7920	0	0	0	174	0	3216	0	988	0	642	0	180	0	3502	958	1344	224	0	0	114	0	2680	0	12112	0	2112	0	2140	0	0	0	3370	0	0	0	0	0	0	0	0	0	0	0	0	0	0	0	0	0	0	0	0	0	0	0	0	0	0	0	
109908	Rolandic_Oper_R	72	2064	86	4950	0	0	0	3456	0	0	0	5408	0	638	0	0	0	0	0	1028	0	0	0	0	0	0	0	0	0	10000	0	106	0	0	82	92	0	1838	0	518	0	0	0	0	0	134	0	0	0	104	0	0	0	0	0	1892	0	3244	0	0	0	0	0	3256	0	0	0	132	0	222	174	940	0	2740	0	256	90	514	0	2262	0	6202	0	686	0	596	0	0	0	1172	0	0	0	0	0	0	0	0	0	0	0	0	0	0	0	0	0	0	0	0	0	0	0	0	0	0	
595924	Supp_Motor_Area_L	4676	2334	63292	18726	3200	0	14590	4684	552	0	7054	1360	2728	1716	1392	320	3266	0	0	41366	0	0	11250	11386	2314	0	0	0	10850	1884	11290	15324	11282	26450	120	98	616	436	82	0	0	0	0	0	0	0	0	0	0	0	0	0	0	0	210	330	286	0	0	0	0	0	0	0	0	0	0	0	4118	0	3986	1302	7016	1884	702	0	602	206	124	0	1684	0	576	0	0	0	0	0	298	0	0	0	0	0	0	0	0	0	0	0	0	0	0	0	0	0	0	0	0	0	0	0	0	0	0	0	
718928	Supp_Motor_Area_R	4650	7566	19154	54494	78	0	2906	4728	0	0	534	9344	0	7692	0	488	352	1028	41366	0	182	312	3584	14078	0	92	0	0	416	7030	2286	21160	8450	49640	632	8462	0	1292	0	144	0	0	140	1342	0	810	132	1362	0	810	0	482	0	616	0	3032	0	1022	0	0	0	0	0	254	0	154	268	4240	6608	16362	4296	21016	178	8536	0	676	1408	7576	0	268	276	800	260	0	0	1546	0	0	0	2854	0	0	0	0	0	0	0	0	0	0	0	0	0	0	0	0	0	0	0	0	0	0	0	0	0	0	
85448	Olfactory_L	0	0	116	248	1046	844	0	0	138	0	0	0	0	0	1500	0	0	0	0	182	0	6062	0	196	356	626	1266	1410	1770	0	3016	1922	0	0	0	0	242	0	240	0	444	0	0	0	0	0	0	0	0	0	0	0	0	0	170	0	0	0	0	0	0	0	0	0	0	0	0	0	0	0	7418	5330	4268	2476	616	338	0	0	0	0	0	0	484	0	0	0	0	0	0	0	0	0	0	0	0	0	0	0	0	0	0	0	0	0	0	0	0	0	0	0	0	0	0	0	0	0	
120092	Olfactory_R	0	0	392	928	282	2316	0	82	84	0	0	0	0	0	250	1214	0	0	0	312	6062	0	0	284	0	1942	570	4528	86	2268	2718	3362	0	0	0	0	0	240	0	258	0	680	0	0	0	0	0	0	0	0	0	0	0	0	0	0	0	0	0	0	0	0	0	0	0	0	0	0	0	0	8240	9402	5200	5066	1428	1118	110	450	0	0	0	0	0	174	0	0	0	0	0	0	0	0	0	0	0	0	0	0	0	0	0	0	0	0	0	0	0	0	0	0	0	0	0	0	0	0	
376780	Frontal_Sup_Medial_L	206	0	43134	7716	7402	88	17904	258	758	0	1424	196	2256	202	964	0	0	0	11250	3584	0	0	0	17900	7102	706	80	0	5014	610	25148	12524	7566	7570	0	0	0	146	0	0	0	0	0	0	0	0	0	0	0	0	0	0	0	0	0	110	0	0	0	0	0	0	0	0	0	0	0	0	0	0	1384	894	3386	908	0	0	0	0	0	0	0	0	0	0	0	0	0	0	0	0	0	0	0	0	0	0	0	0	0	0	0	0	0	0	0	0	0	0	0	0	0	0	0	0	0	0	
335652	Frontal_Sup_Medial_R	0	0	4726	30820	0	3808	2610	3488	0	0	104	1538	0	2706	0	530	0	0	11386	14078	196	284	17900	0	508	6486	108	1496	154	3588	3852	25806	1370	15712	0	0	0	728	0	0	0	0	0	0	0	0	0	0	0	0	0	0	0	0	0	546	0	0	0	0	0	0	0	0	0	0	0	0	0	0	426	4130	148	8594	0	0	0	0	0	0	0	0	0	0	0	0	0	0	0	0	0	0	0	0	0	0	0	0	0	0	0	0	0	0	0	0	0	0	0	0	0	0	0	0	0	0	
90024	Frontal_Med_Orb_L	0	0	5842	82	6906	210	556	0	452	0	630	0	642	0	656	0	0	0	2314	0	356	0	7102	508	0	1638	1582	148	3058	0	8658	472	0	0	0	0	0	0	0	0	0	0	0	0	0	0	0	0	0	0	0	0	0	0	0	0	0	0	0	0	0	0	0	0	0	0	0	0	0	0	898	166	1712	424	0	0	0	0	0	0	0	0	0	0	0	0	0	0	0	0	0	0	0	0	0	0	0	0	0	0	0	0	0	0	0	0	0	0	0	0	0	0	0	0	0	0	
90296	Frontal_Med_Orb_R	0	0	0	1006	94	6370	0	0	0	0	0	0	0	0	72	0	0	0	0	92	626	1942	706	6486	1638	0	258	5426	68	70	3944	6262	0	0	0	0	0	0	0	0	0	0	0	0	0	0	0	0	0	0	0	0	0	0	0	0	0	0	0	0	0	0	0	0	0	0	0	0	0	0	684	3824	352	5228	0	0	0	0	0	0	0	0	0	0	0	0	0	0	0	0	0	0	0	0	0	0	0	0	0	0	0	0	0	0	0	0	0	0	0	0	0	0	0	0	0	0	
36124	Rectus_L	0	0	190	0	3328	202	0	0	1172	0	0	0	0	0	812	0	0	0	0	0	1266	570	80	108	1582	258	0	380	316	0	3794	336	0	0	0	0	0	0	0	0	0	0	0	0	0	0	0	0	0	0	0	0	0	0	0	0	0	0	0	0	0	0	0	0	0	0	0	0	0	0	1646	376	1534	112	0	0	0	0	0	0	0	0	0	0	0	0	0	0	0	0	0	0	0	0	0	0	0	0	0	0	0	0	0	0	0	0	0	0	0	0	0	0	0	0	0	0	
62332	Rectus_R	0	0	0	326	194	4960	0	0	0	0	0	0	0	0	170	600	0	0	0	0	1410	4528	0	1496	148	5426	380	0	0	534	1008	3036	0	0	0	0	0	0	0	0	0	164	0	0	0	0	0	0	0	0	0	0	0	0	0	0	0	0	0	0	0	0	0	0	0	0	0	0	0	0	1434	2882	734	1736	0	0	0	0	0	0	0	0	0	0	0	0	0	0	0	0	0	0	0	0	0	0	0	0	0	0	0	0	0	0	0	0	0	0	0	0	0	0	0	0	0	0	
532524	Insula_L	14618	370	26908	1240	9278	0	14810	1042	3424	0	15342	1990	13350	1344	11248	0	18536	0	10850	416	1770	86	5014	154	3058	68	316	0	0	402	3574	696	988	94	806	608	8032	400	1948	90	860	0	822	0	158	0	202	0	140	0	1922	0	2890	0	5950	234	11594	0	68	0	340	0	1380	0	1442	0	1026	0	698	0	5530	1780	20432	508	0	0	1576	728	7108	0	9808	0	2840	0	2422	0	224	0	10642	68	0	0	0	0	0	0	0	0	0	0	0	0	0	0	0	0	0	0	0	0	0	0	0	0	0	0	
369896	Insula_R	852	3072	1176	14698	0	990	1804	7590	0	144	380	17890	0	15242	0	7628	184	10000	1884	7030	0	2268	610	3588	0	70	0	534	402	0	226	6160	0	1828	90	116	146	8786	0	1758	0	158	0	0	0	268	0	0	0	262	0	0	0	258	0	9364	68	2860	0	0	0	0	0	1292	0	220	74	302	0	382	1482	5304	102	24928	0	318	166	402	0	3562	146	5440	120	1078	0	2622	0	0	0	6624	0	0	0	0	0	0	0	0	0	0	0	0	0	0	0	0	0	0	0	0	0	0	0	0	0	0	
362892	Cingulum_Ant_L	1048	0	25426	1508	7848	698	13642	114	724	0	6240	258	4586	258	1320	0	134	0	11290	2286	3016	2718	25148	3852	8658	3944	3794	1008	3574	226	0	15858	6774	4086	0	0	0	0	0	0	0	0	0	0	0	0	0	0	0	0	0	0	0	0	0	0	74	0	0	0	0	0	0	0	0	0	0	0	132	0	7098	4306	7612	2112	0	0	0	0	0	0	0	0	76	0	0	0	0	0	0	0	0	0	0	0	0	0	0	0	0	0	0	0	0	0	0	0	0	0	0	0	0	0	0	0	0	0	
484152	Cingulum_Ant_R	446	356	6924	26236	150	2458	3596	3076	0	0	1026	4166	670	5298	96	782	224	106	15324	21160	1922	3362	12524	25806	472	6262	336	3036	696	6160	15858	0	4634	24500	0	0	0	742	0	0	0	0	0	0	0	0	0	0	0	0	0	0	0	0	0	548	0	0	0	0	0	0	0	0	0	0	0	0	78	0	4080	22656	1546	14432	0	70	0	88	0	0	104	0	70	0	0	0	0	0	0	0	0	0	0	0	0	0	0	0	0	0	0	0	0	0	0	0	0	0	0	0	0	0	0	0	0	0	
261944	Cingulum_Mid_L	1096	132	8908	1318	0	0	6106	110	0	0	202	0	1398	0	308	0	92	0	11282	8450	0	0	7566	1370	0	0	0	0	988	0	6774	4634	0	17166	1942	624	0	0	0	0	0	0	856	0	274	238	90	0	2152	148	9236	0	1662	0	68	0	2366	0	150	0	136	0	0	0	722	0	14068	648	9456	632	0	118	0	96	0	0	0	0	0	0	126	0	0	0	5138	0	0	0	2126	0	0	0	0	0	0	0	0	0	0	0	0	0	0	0	0	0	0	0	0	0	0	0	0	0	0	0	
494904	Cingulum_Mid_R	386	1716	7444	20020	0	0	2152	2832	0	0	128	2650	0	2242	0	452	0	0	26450	49640	0	0	7570	15712	0	0	0	0	94	1828	4086	24500	17166	0	1250	10502	0	426	0	0	0	0	108	3144	0	4590	94	1666	0	2118	0	964	0	258	0	678	0	1356	0	0	0	0	0	0	0	78	1556	13142	3508	8974	326	1920	0	2672	0	0	0	0	0	0	0	0	0	0	0	558	0	0	0	288	0	0	0	0	0	0	0	0	0	0	0	0	0	0	0	0	0	0	0	0	208	0	0	0	0	0	
154320	Cingulum_Post_L	5428	1686	534	1540	0	0	506	684	0	0	0	536	0	0	0	0	118	82	120	632	0	0	0	0	0	0	0	0	806	90	0	0	1942	1250	0	9594	8858	3172	976	890	0	0	2634	0	1312	196	1448	566	852	72	138	0	242	0	1502	256	700	232	0	0	0	0	0	98	0	0	8508	1984	2834	356	150	138	0	146	0	0	5294	6584	908	0	0	0	0	0	0	0	0	0	566	0	0	0	0	0	0	0	0	0	0	0	0	0	0	0	0	0	0	0	0	0	0	0	0	0	0	0	
286044	Cingulum_Post_R	2638	3142	308	1982	0	0	412	830	0	0	0	566	0	0	0	0	0	92	98	8462	0	0	0	0	0	0	0	0	608	116	0	0	624	10502	9594	0	5884	7366	900	1820	0	0	202	8398	112	2504	650	8858	0	2152	0	1780	0	2014	642	5812	576	1104	0	0	0	0	0	172	0	108	1802	20080	1334	8414	176	86	0	178	0	0	5916	8240	814	0	0	0	0	0	0	640	0	0	144	3100	0	352	0	0	0	0	0	0	0	308	0	0	0	0	0	0	0	0	0	0	410	0	0	0	0	0	
268028	Hippocampus_L	7528	1846	2340	2304	0	0	2238	1182	0	0	338	706	140	154	132	0	904	0	616	0	242	0	0	0	0	0	0	0	8032	146	0	0	0	0	8858	5884	0	3210	13416	666	5836	0	3184	0	144	0	5270	588	0	0	364	0	214	0	10758	120	2916	206	0	0	0	0	0	68	0	0	5516	550	456	0	736	216	6466	142	1010	0	8734	6628	2388	0	1354	0	852	0	666	0	332	0	6328	0	152	0	0	0	0	0	620	0	186	0	0	0	0	0	0	0	0	0	0	132	0	0	0	0	0	0	
390176	Hippocampus_R	764	4600	318	3266	0	0	688	2962	0	0	356	1894	0	156	0	82	176	1838	436	1292	0	240	146	728	0	0	0	0	400	8786	0	742	0	426	3172	7366	3210	0	374	25922	0	10528	0	1916	0	688	354	6300	0	654	0	136	0	402	178	37346	138	2936	0	0	0	82	0	2626	0	196	688	6722	0	662	222	358	0	14892	0	562	2560	6890	190	1050	134	1878	142	2216	0	1598	0	154	0	16402	0	788	0	0	0	0	0	952	0	894	0	0	0	82	0	0	0	0	0	0	232	0	0	0	0	0	
97472	ParaHippocampal_L	2542	406	482	518	0	0	538	212	0	0	112	122	0	0	0	0	330	0	82	0	240	0	0	0	0	0	0	0	1948	0	0	0	0	0	976	900	13416	374	0	110	1696	0	320	0	0	0	5678	182	0	0	138	0	236	0	6272	0	1086	0	0	0	0	0	0	0	0	0	786	80	0	0	232	0	2688	0	0	0	1646	1428	0	0	124	0	166	0	0	0	0	0	616	0	320	0	0	0	88	0	1074	0	470	0	0	0	0	0	0	0	0	0	0	102	0	0	0	0	0	0	
209648	ParaHippocampal_R	406	1616	0	810	0	0	80	706	0	0	0	240	0	0	0	152	0	518	0	144	0	258	0	0	0	0	0	0	90	1758	0	0	0	0	890	1820	666	25922	110	0	0	10212	0	876	0	144	0	4842	0	168	0	0	0	246	0	23298	0	898	0	0	0	0	0	898	0	0	0	1890	0	128	84	0	0	3946	0	506	1016	3178	0	218	0	466	0	3196	0	276	0	1448	0	2818	0	1430	0	70	0	0	0	3524	0	1944	0	150	0	560	0	0	0	0	0	0	0	0	0	208	0	0	
29304	Amygdala_L	0	0	0	0	0	0	0	0	0	0	0	0	0	0	214	0	0	0	0	0	444	0	0	0	0	0	0	0	860	0	0	0	0	0	0	0	5836	0	1696	0	0	0	0	0	0	0	0	0	0	0	0	0	0	0	3380	0	0	0	0	0	0	0	0	0	0	0	0	0	0	0	0	0	90	0	0	0	106	0	0	0	0	0	608	0	124	0	172	0	1122	0	0	0	0	0	0	0	0	0	0	0	0	0	0	0	0	0	0	0	0	0	0	0	0	0	0	0	
68868	Amygdala_R	0	0	0	132	0	112	0	0	0	0	0	0	0	0	0	100	0	0	0	0	0	680	0	0	0	0	0	164	0	158	0	0	0	0	0	0	0	10528	0	10212	0	0	0	0	0	0	0	0	0	0	0	0	0	0	0	6756	0	0	0	0	0	0	0	0	0	0	0	0	0	0	0	74	0	1678	0	0	0	134	0	0	0	0	0	2998	0	0	0	366	0	342	0	0	0	0	0	0	0	0	0	0	0	0	0	0	0	0	0	0	0	0	0	0	0	0	0	0	
383600	Calcarine_L	514	0	78	0	0	0	0	0	0	0	0	0	0	0	0	0	640	0	0	140	0	0	0	0	0	0	0	0	822	0	0	0	856	108	2634	202	3184	0	320	0	0	0	0	15770	23138	8862	26428	6024	14050	1994	22896	450	13548	834	8810	898	3140	0	1042	170	350	0	456	0	320	110	22192	2744	1996	288	0	0	0	0	0	0	0	0	100	0	922	0	0	0	906	0	0	0	3062	0	100	0	0	0	0	0	110	0	282	0	0	0	0	0	0	0	0	0	0	0	220	90	0	0	0	0	
532136	Calcarine_R	0	678	0	0	0	0	0	0	0	0	0	0	0	0	0	0	0	0	0	1342	0	0	0	0	0	0	0	0	0	0	0	0	0	3144	0	8398	0	1916	0	876	0	0	15770	0	6414	39244	9244	36906	1160	25334	276	15130	0	12602	140	18792	0	3136	0	3462	0	136	0	142	0	1140	2298	42506	92	4088	0	0	0	0	0	0	0	0	0	0	0	0	0	0	0	2984	0	0	0	4906	0	760	0	0	0	0	72	296	174	806	0	0	0	0	0	0	0	0	0	0	1052	652	0	0	0	0	
244900	Cuneus_L	104	0	0	0	0	0	0	0	0	0	0	0	0	0	0	0	112	0	0	0	0	0	0	0	0	0	0	0	158	0	0	0	274	0	1312	112	144	0	0	0	0	0	23138	6414	0	7194	7576	798	29296	502	14254	146	3190	102	1660	0	628	0	4408	0	0	0	0	0	0	0	15650	3300	1030	0	0	0	0	0	0	0	0	0	0	0	130	0	0	0	296	0	0	0	436	0	0	0	0	0	0	0	0	0	0	0	0	0	0	0	0	0	0	0	0	0	86	0	0	0	0	0	
451512	Cuneus_R	0	766	0	68	0	0	0	0	0	0	0	0	0	0	0	0	0	134	0	810	0	0	0	0	0	0	0	0	0	268	0	0	238	4590	196	2504	0	688	0	144	0	0	8862	39244	7194	0	3740	10044	1206	41898	384	12382	0	3744	96	4108	0	3346	142	9920	0	294	0	84	0	1262	9832	44972	70	5614	0	0	0	0	0	0	0	0	0	154	0	380	0	0	0	4018	0	0	0	1526	0	72	0	0	0	0	0	0	0	68	0	0	0	0	0	0	0	0	0	0	458	236	0	0	0	0	
414860	Lingual_L	756	146	86	174	0	0	142	0	0	0	0	0	0	0	0	0	0	0	0	132	0	0	0	0	0	0	0	0	202	0	0	0	90	94	1448	650	5270	354	5678	0	0	0	26428	9244	7576	3740	0	10358	7182	974	18086	280	15056	902	21178	3020	614	0	192	0	0	0	0	0	0	112	6348	2440	272	272	0	0	204	0	0	0	630	500	0	0	0	0	0	0	0	68	0	0	206	0	6896	2680	320	0	1234	0	11204	2028	15818	3512	126	0	128	0	0	0	0	0	0	276	6256	5442	406	0	0	0	
530300	Lingual_R	200	214	0	0	0	0	0	0	0	0	0	0	0	0	0	0	0	0	0	1362	0	0	0	0	0	0	0	0	0	0	0	0	0	1666	566	8858	588	6300	182	4842	0	0	6024	36906	798	10044	10358	0	134	9548	314	4846	862	11280	3246	30418	0	826	0	580	0	0	0	98	0	1160	880	23052	90	2572	0	0	0	0	0	0	546	1082	0	0	0	0	0	0	0	888	0	0	0	3254	5706	11532	666	356	0	1026	3596	10310	10310	13170	82	96	114	230	0	106	0	0	0	242	11912	9596	934	238	228	116	
258456	Occipital_Sup_L	126	0	0	0	0	0	0	0	0	0	0	0	0	0	0	0	0	0	0	0	0	0	0	0	0	0	0	0	140	0	0	0	2152	0	852	0	0	0	0	0	0	0	14050	1160	29296	1206	7182	134	0	128	32082	0	3852	0	1266	0	742	0	11920	0	1746	0	0	0	412	0	17372	1630	554	0	0	0	0	0	0	0	0	0	0	0	0	0	0	0	752	0	0	0	334	0	0	0	0	0	0	0	0	0	140	0	0	0	0	0	0	0	0	0	0	0	0	0	0	0	0	0	
402636	Occipital_Sup_R	0	518	0	0	0	0	0	0	0	0	0	0	0	0	0	0	0	104	0	810	0	0	0	0	0	0	0	0	0	262	0	0	148	2118	72	2152	0	654	0	168	0	0	1994	25334	502	41898	974	9548	128	0	0	26028	0	5488	0	5334	0	1156	0	14742	0	4438	0	240	0	12134	4684	27030	0	4350	0	74	0	0	0	0	0	0	0	160	0	516	0	0	0	4932	0	0	0	2232	0	0	0	0	0	0	0	0	80	104	0	0	0	0	0	0	0	0	0	0	0	212	0	0	0	0	
546932	Occipital_Mid_L	2400	0	0	0	0	0	0	0	0	0	356	0	102	0	0	0	704	0	0	0	0	0	0	0	0	0	0	0	1922	0	0	0	9236	0	138	0	364	0	138	0	0	0	22896	276	14254	384	18086	314	32082	0	0	0	34464	0	8710	156	14410	0	16962	0	13012	0	124	0	18232	0	30284	962	2162	70	0	0	0	0	0	0	0	0	256	0	498	0	0	0	21500	0	0	0	5568	0	110	150	0	0	0	0	290	92	976	216	0	0	0	0	0	0	0	0	0	0	270	340	0	0	0	0	
281156	Occipital_Mid_R	0	252	0	0	0	0	0	0	0	0	0	0	0	0	0	0	0	0	0	482	0	0	0	0	0	0	0	0	0	0	0	0	0	964	0	1780	0	136	0	0	0	0	450	15130	146	12382	280	4846	0	26028	0	0	0	7252	0	5330	0	1334	0	4020	0	5672	0	406	0	20130	954	13024	0	1388	0	0	0	0	0	0	0	0	0	0	0	450	0	0	0	16324	0	0	0	1066	0	70	0	0	0	0	0	0	0	0	0	0	0	0	0	0	0	0	0	0	100	182	0	0	0	0	
288340	Occipital_Inf_L	2840	0	0	0	0	0	0	0	0	0	104	0	0	0	0	0	934	0	0	0	0	0	0	0	0	0	0	0	2890	0	0	0	1662	0	242	0	214	0	236	0	0	0	13548	0	3190	0	15056	862	3852	0	34464	0	0	0	19112	306	2906	0	516	0	176	0	762	0	630	0	9178	0	898	0	0	0	0	0	0	0	0	0	2002	0	1416	0	0	0	6416	0	0	0	9206	0	438	498	0	0	0	0	2414	828	3088	598	0	0	0	0	0	0	0	0	0	0	2102	514	72	0	0	0	
172028	Occipital_Inf_R	0	356	0	98	0	0	0	0	0	0	0	0	0	0	0	0	0	0	0	616	0	0	0	0	0	0	0	0	0	258	0	0	0	258	0	2014	0	402	0	246	0	0	834	12602	102	3744	902	11280	0	5488	0	7252	0	0	0	17134	0	180	0	220	0	186	0	406	0	590	146	6686	0	1014	0	154	0	0	0	0	0	0	0	272	0	1048	0	0	0	3140	0	0	0	6140	0	604	0	0	0	0	0	84	380	560	0	0	0	0	0	0	0	0	0	0	144	474	0	0	0	0	
447460	Fusiform_L	2892	246	442	338	0	0	264	108	0	0	370	108	242	0	0	0	2078	0	210	0	170	0	0	0	0	0	0	0	5950	0	0	0	68	0	1502	642	10758	178	6272	0	3380	0	8810	140	1660	96	21178	3246	1266	0	8710	0	19112	0	0	1116	1888	0	130	0	70	0	860	0	218	0	6750	90	600	0	110	0	584	0	0	0	830	848	1956	0	3446	0	1138	0	1892	0	454	0	18556	0	19202	2300	1364	0	276	118	15160	2000	26204	2668	998	0	1476	0	666	0	0	0	78	298	5674	2824	452	0	0	0	
748092	Fusiform_R	330	7066	212	2072	0	0	586	1726	0	0	322	1232	0	76	0	0	154	1892	330	3032	0	0	110	546	0	0	0	0	234	9364	0	548	0	678	256	5812	120	37346	0	23298	0	6756	898	18792	0	4108	3020	30418	0	5334	156	5330	306	17134	1116	0	0	4166	0	268	0	294	0	6414	0	1144	368	16226	0	3022	76	516	0	9612	0	176	222	1084	0	2386	114	4680	134	7446	0	7028	0	2270	0	47914	2186	17496	220	354	0	244	974	12010	4238	19290	0	216	0	926	0	94	0	0	0	122	4248	4444	224	380	110	0	
351456	Postcentral_L	36760	314	2808	454	0	0	1364	254	0	0	2490	230	362	138	0	0	7920	0	286	0	0	0	0	0	0	0	0	0	11594	68	74	0	2366	0	700	576	2916	138	1086	0	0	0	3140	0	628	0	614	0	742	0	14410	0	2906	0	1888	0	0	0	10922	0	15792	0	7768	0	6336	0	9274	300	3730	72	2096	0	3960	0	248	0	1304	770	4982	0	4640	0	0	0	2242	0	0	0	4066	0	0	0	0	0	0	0	0	0	0	0	0	0	0	0	0	0	0	0	0	0	0	0	0	0	0	0	
188844	Postcentral_R	152	15920	0	554	0	0	72	708	0	0	0	4376	0	0	0	0	0	3244	0	1022	0	0	0	0	0	0	0	0	0	2860	0	0	0	1356	232	1104	206	2936	0	898	0	0	0	3136	0	3346	0	826	0	1156	0	1334	0	180	0	4166	0	0	0	4230	0	4178	0	12842	0	346	452	7512	578	3934	0	1472	0	1430	0	76	280	1206	0	398	0	950	0	0	0	1430	0	0	0	3324	0	0	0	0	0	0	0	0	0	0	0	0	0	0	0	0	0	0	0	0	0	0	0	0	0	0	
162720	Parietal_Sup_L	360	0	0	0	0	0	0	0	0	0	144	0	0	0	0	0	0	0	0	0	0	0	0	0	0	0	0	0	68	0	0	0	150	0	0	0	0	0	0	0	0	0	1042	0	4408	142	192	0	11920	0	16962	0	516	0	130	0	10922	0	0	0	14778	0	0	0	5770	0	12724	764	368	0	0	0	0	0	0	0	0	0	0	0	0	0	0	0	0	0	0	0	0	0	0	0	0	0	0	0	0	0	0	0	0	0	0	0	0	0	0	0	0	0	0	0	0	0	0	0	
143892	Parietal_Sup_R	0	226	0	0	0	0	0	0	0	0	0	0	0	0	0	0	0	0	0	0	0	0	0	0	0	0	0	0	0	0	0	0	0	0	0	0	0	0	0	0	0	0	170	3462	0	9920	0	580	0	14742	0	4020	0	220	0	268	0	4230	0	0	0	9562	0	870	0	9956	1406	11308	0	808	0	0	0	0	0	0	0	0	0	0	0	0	0	0	0	198	0	0	0	0	0	0	0	0	0	0	0	0	0	0	0	0	0	0	0	0	0	0	0	0	0	0	0	0	0	0	
169792	Parietal_Inf_L	4210	0	0	0	0	0	0	0	0	0	634	0	0	0	0	0	174	0	0	0	0	0	0	0	0	0	0	0	340	0	0	0	136	0	0	0	0	0	0	0	0	0	350	0	0	0	0	0	1746	0	13012	0	176	0	70	0	15792	0	14778	0	0	0	11282	0	19506	0	660	0	100	0	0	0	0	0	0	0	0	0	0	0	524	0	0	0	1250	0	0	0	156	0	0	0	0	0	0	0	0	0	0	0	0	0	0	0	0	0	0	0	0	0	0	0	0	0	0	0	
101964	Parietal_Inf_R	0	262	0	0	0	0	0	0	0	0	0	0	0	0	0	0	0	0	0	0	0	0	0	0	0	0	0	0	0	0	0	0	0	0	0	0	0	82	0	0	0	0	0	136	0	294	0	0	0	4438	0	5672	0	186	0	294	0	4178	0	9562	0	0	0	6062	0	17010	140	1086	0	198	0	506	0	0	0	0	0	0	0	0	0	84	0	0	0	450	0	0	0	342	0	0	0	0	0	0	0	0	0	0	0	0	0	0	0	0	0	0	0	0	0	0	0	0	0	0	
126028	SupraMarginal_L	2638	0	410	0	0	0	0	0	0	0	320	0	0	0	0	0	3216	0	0	0	0	0	0	0	0	0	0	0	1380	0	0	0	0	0	0	0	0	0	0	0	0	0	456	0	0	0	0	0	0	0	124	0	762	0	860	0	7768	0	0	0	11282	0	0	0	10874	0	476	0	470	0	596	0	0	0	0	0	0	0	132	0	8354	0	0	0	8224	0	0	0	4672	0	0	0	0	0	0	0	0	0	0	0	0	0	0	0	0	0	0	0	0	0	0	0	0	0	0	0	
137844	SupraMarginal_R	80	4494	0	628	0	0	0	510	0	0	0	0	0	0	0	0	0	3256	0	254	0	0	0	0	0	0	0	0	0	1292	0	0	0	0	98	172	68	2626	0	898	0	0	0	142	0	84	0	98	0	240	0	406	0	406	0	6414	0	12842	0	870	0	6062	0	0	0	6692	0	222	0	156	0	1636	0	620	0	0	114	828	0	560	0	7220	0	0	0	2424	0	0	0	6510	0	0	0	0	0	0	0	0	0	0	0	0	0	0	0	0	0	0	0	0	0	0	0	0	0	0	
170804	Angular_L	2924	0	0	0	0	0	0	0	0	0	636	0	68	0	0	0	988	0	0	0	0	0	0	0	0	0	0	0	1442	0	0	0	722	0	0	0	0	0	0	0	0	0	320	0	0	0	0	0	412	0	18232	0	630	0	218	0	6336	0	5770	0	19506	0	10874	0	0	0	1598	0	514	0	0	0	0	0	0	0	0	0	284	0	1572	0	0	0	9836	0	0	0	2520	0	0	0	0	0	0	0	0	0	0	0	0	0	0	0	0	0	0	0	0	0	0	0	0	0	0	0	
179016	Angular_R	0	148	0	0	0	0	0	0	0	0	0	0	0	0	0	0	0	0	0	154	0	0	0	0	0	0	0	0	0	220	0	0	0	78	0	108	0	196	0	0	0	0	110	1140	0	1262	112	1160	0	12134	0	20130	0	590	0	1144	0	346	0	9956	0	17010	0	6692	0	0	302	2266	0	406	0	102	0	0	0	0	0	0	0	0	0	3056	0	0	0	9230	0	0	0	1456	0	0	0	0	0	0	0	0	0	0	0	0	0	0	0	0	0	0	0	0	0	0	0	0	0	0	
468868	Precuneus_L	1476	242	102	88	0	0	112	0	0	0	200	0	0	0	0	0	642	0	0	268	0	0	0	0	0	0	0	0	1026	74	0	0	14068	1556	8508	1802	5516	688	786	0	0	0	22192	2298	15650	9832	6348	880	17372	4684	30284	954	9178	146	6750	368	9274	452	12724	1406	660	140	476	0	1598	302	0	18684	4598	2094	0	0	0	0	0	0	0	370	276	78	984	100	0	0	9102	352	0	0	6020	306	0	0	0	0	0	0	0	0	114	0	0	0	0	0	0	0	0	0	0	0	234	0	0	0	0	0	
626816	Precuneus_R	0	1942	0	116	0	0	0	74	0	0	0	0	0	0	0	0	0	132	0	4240	0	0	0	0	0	0	0	0	0	302	0	0	648	13142	1984	20080	550	6722	80	1890	0	0	2744	42506	3300	44972	2440	23052	1630	27030	962	13024	0	6686	90	16226	300	7512	764	11308	0	1086	0	222	0	2266	18684	0	606	14600	0	100	0	0	0	0	0	534	0	156	0	454	0	0	0	6638	0	0	0	7578	0	1156	0	0	0	0	0	364	0	1032	0	0	0	0	0	0	0	0	0	0	1360	124	0	0	0	0	
166180	Paracentral_Lobule_L	17486	1566	1230	2870	0	0	424	1326	0	0	72	0	0	0	0	0	180	0	4118	6608	0	0	0	0	0	0	0	0	698	0	132	78	9456	3508	2834	1334	456	0	0	0	0	0	1996	92	1030	70	272	90	554	0	2162	0	898	0	600	0	3730	578	368	0	100	0	470	0	514	0	4598	606	0	2188	438	940	88	200	256	0	2372	488	140	0	158	0	0	0	788	0	0	0	1930	0	0	0	0	0	0	0	0	0	0	0	0	0	0	0	0	0	0	0	0	0	0	0	0	0	0	0	
184780	Paracentral_Lobule_R	0	2520	0	164	0	0	0	102	0	0	0	0	0	0	0	0	0	222	0	16362	0	0	0	0	0	0	0	0	0	382	0	0	632	8974	356	8414	0	662	0	128	0	0	288	4088	0	5614	272	2572	0	4350	70	1388	0	1014	0	3022	72	3934	0	808	0	198	0	156	0	406	2094	14600	2188	0	0	0	0	0	0	0	0	0	0	318	0	776	0	0	0	2170	0	0	0	3002	0	72	0	0	0	0	0	0	0	0	0	0	0	0	0	0	0	0	0	0	0	0	0	0	0	0	
340408	Caudate_L	7412	588	6868	8024	1420	938	6170	6424	252	0	4402	5282	438	4404	772	70	3502	174	3986	4296	7418	8240	1384	426	898	684	1646	1434	5530	1482	7098	4080	0	326	150	176	736	222	232	84	0	0	0	0	0	0	0	0	0	0	0	0	0	0	110	76	2096	0	0	0	0	0	596	0	0	0	0	0	438	0	0	16902	15694	4724	4228	1206	10396	2964	0	0	1646	0	1362	0	0	0	0	0	98	0	0	0	0	0	0	0	0	0	0	0	0	0	0	0	0	0	0	0	0	0	0	0	0	0	0	0	
457040	Caudate_R	2404	5394	2546	24598	340	2708	1218	5940	86	0	1114	8422	0	6218	224	284	958	940	1302	21016	5330	9402	894	4130	166	3824	376	2882	1780	5304	4306	22656	118	1920	138	86	216	358	0	0	0	74	0	0	0	0	0	0	0	74	0	0	0	154	0	516	0	1472	0	0	0	506	0	1636	0	102	0	100	940	0	16902	0	5838	19406	1878	3272	3058	19828	0	0	696	364	548	0	0	824	0	0	0	734	0	0	0	0	0	0	0	0	0	0	0	0	0	0	0	0	0	0	0	0	0	0	0	0	0	0	
318792	Putamen_L	5216	190	16626	888	10112	478	2700	838	4782	0	1408	348	644	286	8298	0	1344	0	7016	178	4268	5200	3386	148	1712	352	1534	734	20432	102	7612	1546	0	0	0	0	6466	0	2688	0	90	0	0	0	0	0	204	0	0	0	0	0	0	0	584	0	3960	0	0	0	0	0	0	0	0	0	0	0	88	0	15694	5838	0	3344	6098	516	1764	256	248	0	1770	0	602	0	160	0	0	0	648	0	0	0	0	0	0	0	0	0	0	0	0	0	0	0	0	0	0	0	0	0	0	0	0	0	0	0	
425460	Putamen_R	654	1700	1362	19852	86	5284	1232	8746	0	402	478	9490	0	3188	78	2498	224	2740	1884	8536	2476	5066	908	8594	424	5228	112	1736	508	24928	2112	14432	96	2672	146	178	142	14892	0	3946	0	1678	0	0	0	0	0	0	0	0	0	0	0	0	0	9612	0	1430	0	0	0	0	0	620	0	0	0	0	200	0	4724	19406	3344	0	966	2618	252	4250	0	174	164	772	176	1018	0	380	0	0	0	3916	0	0	0	0	0	0	0	0	0	0	0	0	0	0	0	0	0	0	0	0	0	0	0	0	0	0	
52396	Pallidum_L	882	136	3970	404	0	0	244	396	0	0	0	70	0	0	0	0	0	0	702	0	616	1428	0	0	0	0	0	0	0	0	0	0	0	0	0	0	1010	0	0	0	0	0	0	0	0	0	0	0	0	0	0	0	0	0	0	0	248	0	0	0	0	0	0	0	0	0	0	0	256	0	4228	1878	6098	966	0	412	2124	130	0	0	0	0	0	0	0	0	0	0	0	0	0	0	0	0	0	0	0	0	0	0	0	0	0	0	0	0	0	0	0	0	0	0	0	0	0	0	
32712	Pallidum_R	0	186	242	1752	0	0	0	1072	0	0	0	846	0	0	0	0	0	256	0	676	338	1118	0	0	0	0	0	0	0	318	0	70	0	0	0	0	0	562	0	506	0	0	0	0	0	0	0	0	0	0	0	0	0	0	0	176	0	76	0	0	0	0	0	0	0	0	0	0	0	0	1206	3272	516	2618	412	0	0	68	0	0	0	0	0	0	0	0	0	0	0	0	0	0	0	0	0	0	0	70	0	0	0	0	0	0	0	0	0	0	0	0	0	0	0	0	0	0	
203988	Thalamus_L	14438	2882	1718	5018	0	0	3084	1810	0	0	124	488	0	0	0	0	114	90	602	1408	0	110	0	0	0	0	0	0	1576	166	0	0	0	0	5294	5916	8734	2560	1646	1016	106	0	0	0	0	0	630	546	0	0	0	0	0	0	830	222	1304	280	0	0	0	0	0	114	0	0	0	0	2372	0	10396	3058	1764	252	2124	0	0	18004	828	0	164	0	0	0	0	0	0	0	206	0	0	0	0	0	0	0	0	0	0	0	0	0	0	0	0	0	0	0	0	0	0	0	0	0	0	0	
288184	Thalamus_R	5282	11558	626	19212	0	0	774	7690	0	0	0	1250	0	84	0	0	0	514	206	7576	0	450	0	0	0	0	0	0	728	402	0	88	0	0	6584	8240	6628	6890	1428	3178	0	134	0	0	0	0	500	1082	0	0	0	0	0	0	848	1084	770	1206	0	0	0	0	0	828	0	0	370	534	488	0	2964	19828	256	4250	130	68	18004	0	884	0	0	126	0	0	0	0	0	0	216	134	0	0	0	0	0	0	0	0	0	0	0	0	0	0	0	0	0	0	0	0	0	0	0	0	0	0	
99048	Heschl_L	5664	306	304	390	0	0	530	182	0	0	602	108	156	0	0	0	2680	0	124	0	0	0	0	0	0	0	0	0	7108	0	0	0	0	0	908	814	2388	190	0	0	0	0	100	0	0	0	0	0	0	0	256	0	2002	0	1956	0	4982	0	0	0	0	0	132	0	284	0	276	0	140	0	0	0	248	0	0	0	828	884	0	0	4740	0	0	0	3252	0	0	0	6990	0	0	0	0	0	0	0	0	0	0	0	0	0	0	0	0	0	0	0	0	0	0	0	0	0	0	0	
52936	Heschl_R	0	222	0	324	0	0	0	242	0	0	0	288	0	0	0	0	0	2262	0	268	0	0	0	0	0	0	0	0	0	3562	0	0	0	0	0	0	0	1050	0	218	0	0	0	0	0	154	0	0	0	160	0	0	0	272	0	2386	0	398	0	0	0	0	0	560	0	0	78	156	0	318	0	0	0	174	0	0	0	0	0	0	0	7242	0	190	0	2866	0	0	0	3078	0	0	0	0	0	0	0	0	0	0	0	0	0	0	0	0	0	0	0	0	0	0	0	0	0	0	
219688	Temporal_Sup_L	2950	68	2520	444	0	0	794	240	0	0	4166	524	196	502	0	0	12112	0	1684	276	0	0	0	0	0	0	0	0	9808	146	0	104	126	0	0	0	1354	134	124	0	0	0	922	0	130	0	0	0	0	0	498	0	1416	0	3446	114	4640	0	0	0	524	0	8354	0	1572	0	984	0	158	0	1646	696	1770	164	0	0	164	0	4740	0	0	0	3424	0	20346	0	506	0	15358	0	0	0	0	0	0	0	0	0	0	0	0	0	0	0	0	0	0	0	0	0	0	0	0	0	0	0	
157480	Temporal_Sup_R	0	504	0	810	0	0	0	616	0	0	0	758	0	0	0	0	0	6202	0	800	0	0	0	0	0	0	0	0	0	5440	0	0	0	0	0	0	0	1878	0	466	0	0	0	0	0	380	0	0	0	516	0	450	0	1048	0	4680	0	950	0	0	0	84	0	7220	0	3056	100	454	0	776	0	364	0	772	0	0	0	126	0	7242	0	0	0	2402	0	19366	0	632	0	10648	0	0	0	0	0	0	0	0	0	0	0	0	0	0	0	0	0	0	0	0	0	0	0	0	0	0	
66412	Temporal_Pole_Sup_L	0	0	634	380	394	0	0	164	0	0	3062	560	0	570	1242	0	2112	0	576	260	484	0	0	0	0	0	0	0	2840	120	76	70	0	0	0	0	852	142	166	0	608	0	0	0	0	0	0	0	0	0	0	0	0	0	1138	134	0	0	0	0	0	0	0	0	0	0	0	0	0	0	1362	548	602	176	0	0	0	0	0	0	3424	0	0	0	3898	0	2420	0	4192	0	0	0	0	0	0	0	0	0	0	0	0	0	0	0	0	0	0	0	0	0	0	0	0	0	0	0	
66684	Temporal_Pole_Sup_R	0	0	0	188	0	0	0	98	0	0	0	620	0	0	0	68	0	686	0	0	0	174	0	0	0	0	0	0	0	1078	0	0	0	0	0	0	0	2216	0	3196	0	2998	0	0	0	0	0	0	0	0	0	0	0	0	0	7446	0	0	0	0	0	0	0	0	0	0	0	0	0	0	0	0	0	1018	0	0	0	0	0	190	0	2402	0	0	0	2846	0	3770	0	4348	0	0	0	0	0	0	0	0	0	0	0	0	0	0	0	0	0	0	0	0	0	0	0	0	0	0	
277392	Temporal_Mid_L	1976	0	120	0	0	0	174	0	0	0	102	0	0	0	0	0	2140	0	0	0	0	0	0	0	0	0	0	0	2422	0	0	0	5138	0	0	0	666	0	0	0	124	0	906	0	296	0	0	0	752	0	21500	0	6416	0	1892	0	2242	0	0	0	1250	0	8224	0	9836	0	9102	0	788	0	0	0	160	0	0	0	0	0	3252	0	20346	0	3898	0	0	0	4256	0	30718	0	0	0	0	0	0	0	0	0	0	0	0	0	0	0	0	0	0	0	0	0	0	0	0	0	0	0	
259596	Temporal_Mid_R	0	770	0	90	0	0	0	0	0	0	0	0	0	0	0	0	0	596	0	1546	0	0	0	0	0	0	0	0	0	2622	0	0	0	558	0	640	0	1598	0	276	0	0	0	2984	0	4018	68	888	0	4932	0	16324	0	3140	0	7028	0	1430	0	198	0	450	0	2424	0	9230	352	6638	0	2170	0	824	0	380	0	0	0	0	0	2866	0	19366	0	2846	0	0	0	2450	0	29794	0	148	0	0	0	0	0	0	0	154	0	0	0	0	0	0	0	0	0	0	0	0	0	0	0	0	
24144	Temporal_Pole_Mid_L	0	0	0	0	0	0	0	0	0	0	0	0	0	0	0	0	0	0	0	0	0	0	0	0	0	0	0	0	224	0	0	0	0	0	0	0	332	0	0	0	172	0	0	0	0	0	0	0	0	0	0	0	0	0	454	0	0	0	0	0	0	0	0	0	0	0	0	0	0	0	0	0	0	0	0	0	0	0	0	0	506	0	2420	0	4256	0	0	0	3708	0	0	0	0	0	0	0	0	0	0	0	0	0	0	0	0	0	0	0	0	0	0	0	0	0	0	0	
26616	Temporal_Pole_Mid_R	0	0	0	0	0	0	0	0	0	0	0	0	0	0	0	0	0	0	0	0	0	0	0	0	0	0	0	0	0	0	0	0	0	0	0	0	0	154	0	1448	0	366	0	0	0	0	0	0	0	0	0	0	0	0	0	2270	0	0	0	0	0	0	0	0	0	0	0	0	0	0	0	0	0	0	0	0	0	0	0	0	0	632	0	3770	0	2450	0	0	0	2218	0	0	0	0	0	0	0	0	0	0	0	0	0	0	0	0	0	0	0	0	0	0	0	0	0	0	
327772	Temporal_Inf_L	6032	72	596	100	0	0	344	0	0	0	548	0	328	0	0	0	3370	0	298	0	0	0	0	0	0	0	0	0	10642	0	0	0	2126	0	566	144	6328	0	616	0	1122	0	3062	0	436	0	206	0	334	0	5568	0	9206	0	18556	0	4066	0	0	0	156	0	4672	0	2520	0	6020	0	1930	0	98	0	648	0	0	0	206	216	6990	0	15358	0	4192	0	30718	0	3708	0	0	0	5338	0	1696	0	340	0	944	0	2546	0	370	0	554	0	0	0	0	0	0	0	0	0	0	0	0	0	
393412	Temporal_Inf_R	0	5532	0	766	0	0	180	722	0	0	70	724	0	0	0	0	0	1172	0	2854	0	0	0	0	0	0	0	0	68	6624	0	0	0	288	0	3100	0	16402	0	2818	0	342	0	4906	0	1526	0	3254	0	2232	0	1066	0	6140	0	47914	0	3324	0	0	0	342	0	6510	0	1456	306	7578	0	3002	0	734	0	3916	0	0	0	134	0	3078	0	10648	0	4348	0	29794	0	2218	0	0	0	4746	0	900	0	454	0	484	0	2518	0	112	0	712	0	0	0	0	0	318	374	0	0	0	0	0	
530220	Cerebelum_Crus1_L	0	0	0	0	0	0	0	0	0	0	0	0	0	0	0	0	0	0	0	0	0	0	0	0	0	0	0	0	0	0	0	0	0	0	0	0	152	0	320	0	0	0	100	0	0	0	6896	5706	0	0	110	0	438	0	19202	2186	0	0	0	0	0	0	0	0	0	0	0	0	0	0	0	0	0	0	0	0	0	0	0	0	0	0	0	0	0	0	0	0	5338	0	0	11248	29592	2966	4964	1060	32064	4696	60360	11752	7926	242	13040	1058	5640	608	210	0	1188	4070	11630	11544	6830	840	914	220	
576532	Cerebelum_Crus1_R	0	0	0	0	0	0	0	0	0	0	0	0	0	0	0	0	0	0	0	0	0	0	0	0	0	0	0	0	0	0	0	0	0	0	0	352	0	788	0	1430	0	0	0	760	0	72	2680	11532	0	0	150	70	498	604	2300	17496	0	0	0	0	0	0	0	0	0	0	0	1156	0	72	0	0	0	0	0	0	0	0	0	0	0	0	0	0	0	148	0	0	0	4746	11248	0	3316	25334	0	10112	4592	32390	11178	66526	550	3816	556	14422	0	1742	0	228	474	7204	21880	13560	8678	3186	2168	252	
354472	Cerebelum_Crus2_L	0	0	0	0	0	0	0	0	0	0	0	0	0	0	0	0	0	0	0	0	0	0	0	0	0	0	0	0	0	0	0	0	0	0	0	0	0	0	0	0	0	0	0	0	0	0	320	666	0	0	0	0	0	0	1364	220	0	0	0	0	0	0	0	0	0	0	0	0	0	0	0	0	0	0	0	0	0	0	0	0	0	0	0	0	0	0	0	0	1696	0	29592	3316	0	9810	2340	1634	3804	516	8968	2494	32886	4154	29866	5242	9660	2182	188	0	502	2690	1442	2192	10634	5614	2662	582	
312628	Cerebelum_Crus2_R	0	0	0	0	0	0	0	0	0	0	0	0	0	0	0	0	0	0	0	0	0	0	0	0	0	0	0	0	0	0	0	0	0	0	0	0	0	0	0	70	0	0	0	0	0	0	0	356	0	0	0	0	0	0	0	354	0	0	0	0	0	0	0	0	0	0	0	0	0	0	0	0	0	0	0	0	0	0	0	0	0	0	0	0	0	0	0	0	0	900	2966	25334	9810	0	0	5794	628	1872	1556	9388	3590	21842	2040	28296	294	6468	0	242	734	6278	5430	2142	10622	5770	3392	146	
79724	Cerebelum_3_L	0	0	0	0	0	0	0	0	0	0	0	0	0	0	0	0	0	0	0	0	0	0	0	0	0	0	0	0	0	0	0	0	0	0	0	0	0	0	88	0	0	0	0	0	0	0	1234	0	0	0	0	0	0	0	276	0	0	0	0	0	0	0	0	0	0	0	0	0	0	0	0	0	0	0	0	0	0	0	0	0	0	0	0	0	0	0	0	0	340	0	4964	0	2340	0	0	104	8944	0	4858	0	1642	0	2140	130	2086	210	170	0	1802	7460	158	82	246	240	224	124	
167684	Cerebelum_3_R	0	0	0	0	0	0	0	0	0	0	0	0	0	0	0	0	0	0	0	0	0	0	0	0	0	0	0	0	0	0	0	0	0	0	0	0	0	0	0	0	0	0	0	0	0	0	0	1026	0	0	0	0	0	0	118	244	0	0	0	0	0	0	0	0	0	0	0	0	0	0	0	0	0	0	0	0	0	0	0	0	0	0	0	0	0	0	0	0	0	454	1060	10112	1634	5794	104	0	1110	7022	1064	8038	1776	1472	1772	8022	672	3854	90	238	1370	10876	5514	342	2886	3516	3534	128	
357136	Cerebelum_4_5_L	0	0	0	0	0	0	0	0	0	0	0	0	0	0	0	0	0	0	0	0	0	0	0	0	0	0	0	0	0	0	0	0	0	0	0	0	620	0	1074	0	0	0	110	72	0	0	11204	3596	0	0	290	0	2414	0	15160	974	0	0	0	0	0	0	0	0	0	0	0	0	0	0	0	0	0	0	0	0	0	0	0	0	0	0	0	0	0	0	0	0	944	0	32064	4592	3804	628	8944	1110	0	5832	39998	5070	2408	118	3628	630	3416	482	320	0	1114	5078	16148	3550	738	498	852	1088	
320384	Cerebelum_4_5_R	0	0	0	0	0	0	0	0	0	0	0	0	0	0	0	0	0	0	0	0	0	0	0	0	0	0	0	0	0	0	0	0	0	0	0	0	0	952	0	3524	0	0	0	296	0	0	2028	10310	0	0	92	0	828	84	2000	12010	0	0	0	0	0	0	0	0	0	0	0	364	0	0	0	0	0	0	0	70	0	0	0	0	0	0	0	0	0	0	0	0	0	484	4696	32390	516	1872	0	7022	5832	0	6622	35806	102	940	102	2974	0	510	0	170	68	2968	17798	3996	864	1156	654	92	
545824	Cerebelum_6_L	0	0	0	0	0	0	0	0	0	0	0	0	0	0	0	0	0	0	0	0	0	0	0	0	0	0	0	0	0	0	0	0	0	0	0	0	186	0	470	0	0	0	282	174	0	0	15818	10310	140	80	976	0	3088	380	26204	4238	0	0	0	0	0	0	0	0	0	0	114	0	0	0	0	0	0	0	0	0	0	0	0	0	0	0	0	0	0	0	0	0	2546	0	60360	11178	8968	1556	4858	1064	39998	6622	0	13130	4462	92	6100	700	3914	550	366	0	1260	3832	17632	16202	3146	776	800	340	
520560	Cerebelum_6_R	0	0	0	0	0	0	0	0	0	0	0	0	0	0	0	0	0	0	0	0	0	0	0	0	0	0	0	0	0	0	0	0	0	0	0	308	0	894	0	1944	0	0	0	806	0	68	3512	13170	0	104	216	0	598	560	2668	19290	0	0	0	0	0	0	0	0	0	0	0	1032	0	0	0	0	0	0	0	0	0	0	0	0	0	0	0	0	0	154	0	0	0	2518	11752	66526	2494	9388	0	8038	5070	35806	13130	0	252	1248	314	5284	0	1720	0	748	262	3528	19486	15984	7418	2116	1560	314	
279364	Cerebelum_7b_L	0	0	0	0	0	0	0	0	0	0	0	0	0	0	0	0	0	0	0	0	0	0	0	0	0	0	0	0	0	0	0	0	0	0	0	0	0	0	0	0	0	0	0	0	0	0	126	82	0	0	0	0	0	0	998	0	0	0	0	0	0	0	0	0	0	0	0	0	0	0	0	0	0	0	0	0	0	0	0	0	0	0	0	0	0	0	0	0	370	0	7926	550	32886	3590	1642	1776	2408	102	4462	252	0	2258	37086	5430	13296	3128	1042	0	542	2452	514	150	3860	8068	3770	916	
151828	Cerebelum_7b_R	0	0	0	0	0	0	0	0	0	0	0	0	0	0	0	0	0	0	0	0	0	0	0	0	0	0	0	0	0	0	0	0	0	0	0	0	0	0	0	150	0	0	0	0	0	0	0	96	0	0	0	0	0	0	0	216	0	0	0	0	0	0	0	0	0	0	0	0	0	0	0	0	0	0	0	0	0	0	0	0	0	0	0	0	0	0	0	0	0	112	242	3816	4154	21842	0	1472	118	940	92	1248	2258	0	1022	23562	0	5672	0	0	84	1714	1692	0	2192	2898	322	0	
327976	Cerebelum_8_L	0	0	0	0	0	0	0	0	0	0	0	0	0	0	0	0	0	0	0	0	0	0	0	0	0	0	0	0	0	0	0	0	0	0	0	0	0	0	0	0	0	0	0	0	0	0	128	114	0	0	0	0	0	0	1476	0	0	0	0	0	0	0	0	0	0	0	0	0	0	0	0	0	0	0	0	0	0	0	0	0	0	0	0	0	0	0	0	0	554	0	13040	556	29866	2040	2140	1772	3628	102	6100	314	37086	1022	0	4732	28022	4682	2608	0	734	2822	258	266	3348	8872	5778	1928	
332116	Cerebelum_8_R	0	0	0	0	0	0	0	0	0	0	0	0	0	0	0	0	0	0	0	0	0	0	0	0	0	0	0	0	0	0	0	0	0	0	0	0	0	82	0	560	0	0	0	0	0	0	0	230	0	0	0	0	0	0	0	926	0	0	0	0	0	0	0	0	0	0	0	0	0	0	0	0	0	0	0	0	0	0	0	0	0	0	0	0	0	0	0	0	0	712	1058	14422	5242	28296	130	8022	630	2974	700	5284	5430	23562	4732	0	1288	22392	148	592	1122	8762	6738	0	5164	9628	6504	728	
174256	Cerebelum_9_L	0	0	0	0	0	0	0	0	0	0	0	0	0	0	0	0	0	0	0	0	0	0	0	0	0	0	0	0	0	0	0	0	0	0	0	0	0	0	0	0	0	0	0	0	0	0	0	0	0	0	0	0	0	0	666	0	0	0	0	0	0	0	0	0	0	0	0	0	0	0	0	0	0	0	0	0	0	0	0	0	0	0	0	0	0	0	0	0	0	0	5640	0	9660	294	2086	672	3416	0	3914	0	13296	0	28022	1288	0	3044	3214	0	256	1844	446	234	1170	2664	3862	1440	
187044	Cerebelum_9_R	0	0	0	0	0	0	0	0	0	0	0	0	0	0	0	0	0	0	0	0	0	0	0	0	0	0	0	0	0	0	0	0	0	0	0	0	0	0	0	0	0	0	0	0	0	0	0	106	0	0	0	0	0	0	0	94	0	0	0	0	0	0	0	0	0	0	0	0	0	0	0	0	0	0	0	0	0	0	0	0	0	0	0	0	0	0	0	0	0	0	608	1742	2182	6468	210	3854	482	510	550	1720	3128	5672	4682	22392	3044	0	266	2230	1408	3818	498	886	3408	9032	11188	3344	
19416	Cerebelum_10_L	0	0	0	0	0	0	0	0	0	0	0	0	0	0	0	0	0	0	0	0	0	0	0	0	0	0	0	0	0	0	0	0	0	0	0	0	0	0	0	0	0	0	0	0	0	0	0	0	0	0	0	0	0	0	0	0	0	0	0	0	0	0	0	0	0	0	0	0	0	0	0	0	0	0	0	0	0	0	0	0	0	0	0	0	0	0	0	0	0	0	210	0	188	0	170	90	320	0	366	0	1042	0	2608	148	3214	266	0	0	0	202	0	0	174	268	266	176	
12820	Cerebelum_10_R	0	0	0	0	0	0	0	0	0	0	0	0	0	0	0	0	0	0	0	0	0	0	0	0	0	0	0	0	0	0	0	0	0	0	0	0	0	0	0	0	0	0	0	0	0	0	0	0	0	0	0	0	0	0	0	0	0	0	0	0	0	0	0	0	0	0	0	0	0	0	0	0	0	0	0	0	0	0	0	0	0	0	0	0	0	0	0	0	0	0	0	228	0	242	0	238	0	170	0	748	0	0	0	592	0	2230	0	0	0	218	0	0	0	798	826	120	
