data	data	440492	231428	970020	718936	149404	83336	541624	225408	58728	43424	288136	179940	304844	122920	188616	135464	247800	90256	826292	942204	66072	75600	369012	371140	22372	68236	32332	50860	549228	287832	226456	370056	142812	559832	81416	132824	282132	341868	81128	242916	49144	58084	229248	269684	213568	239996	304732	319068	256548	263972	458640	172816	176892	54508	413348	466548	232224	200728	117360	95152	196444	72252	111656	84604	104024	75604	268580	294912	226420	285280	321212	410440	366508	370840	60928	54044	213396	213244	62140	13308	208960	93028	105380	60668	307212	169576	28472	19212	309268	197532	520488	497428	442908	377712	52852	77376	328516	290000	532224	526876	356752	196828	416672	340508	170172	184444	41620	22608	22632	87624	301712	170320	187236	169652	137976	33648	
data	data	Precentral_L	Precentral_R	Frontal_Sup_L	Frontal_Sup_R	Frontal_Sup_Orb_L	Frontal_Sup_Orb_R	Frontal_Mid_L	Frontal_Mid_R	Frontal_Mid_Orb_L	Frontal_Mid_Orb_R	Frontal_Inf_Oper_L	Frontal_Inf_Oper_R	Frontal_Inf_Tri_L	Frontal_Inf_Tri_R	Frontal_Inf_Orb_L	Frontal_Inf_Orb_R	Rolandic_Oper_L	Rolandic_Oper_R	Supp_Motor_Area_L	Supp_Motor_Area_R	Olfactory_L	Olfactory_R	Frontal_Sup_Medial_L	Frontal_Sup_Medial_R	Frontal_Med_Orb_L	Frontal_Med_Orb_R	Rectus_L	Rectus_R	Insula_L	Insula_R	Cingulum_Ant_L	Cingulum_Ant_R	Cingulum_Mid_L	Cingulum_Mid_R	Cingulum_Post_L	Cingulum_Post_R	Hippocampus_L	Hippocampus_R	ParaHippocampal_L	ParaHippocampal_R	Amygdala_L	Amygdala_R	Calcarine_L	Calcarine_R	Cuneus_L	Cuneus_R	Lingual_L	Lingual_R	Occipital_Sup_L	Occipital_Sup_R	Occipital_Mid_L	Occipital_Mid_R	Occipital_Inf_L	Occipital_Inf_R	Fusiform_L	Fusiform_R	Postcentral_L	Postcentral_R	Parietal_Sup_L	Parietal_Sup_R	Parietal_Inf_L	Parietal_Inf_R	SupraMarginal_L	SupraMarginal_R	Angular_L	Angular_R	Precuneus_L	Precuneus_R	Paracentral_Lobule_L	Paracentral_Lobule_R	Caudate_L	Caudate_R	Putamen_L	Putamen_R	Pallidum_L	Pallidum_R	Thalamus_L	Thalamus_R	Heschl_L	Heschl_R	Temporal_Sup_L	Temporal_Sup_R	Temporal_Pole_Sup_L	Temporal_Pole_Sup_R	Temporal_Mid_L	Temporal_Mid_R	Temporal_Pole_Mid_L	Temporal_Pole_Mid_R	Temporal_Inf_L	Temporal_Inf_R	Cerebelum_Crus1_L	Cerebelum_Crus1_R	Cerebelum_Crus2_L	Cerebelum_Crus2_R	Cerebelum_3_L	Cerebelum_3_R	Cerebelum_4_5_L	Cerebelum_4_5_R	Cerebelum_6_L	Cerebelum_6_R	Cerebelum_7b_L	Cerebelum_7b_R	Cerebelum_8_L	Cerebelum_8_R	Cerebelum_9_L	Cerebelum_9_R	Cerebelum_10_L	Cerebelum_10_R	Vermis_1_2	Vermis_3	Vermis_4_5	Vermis_6	Vermis_7	Vermis_8	Vermis_9	Vermis_10	
440492	Precentral_L	0	3030	22802	824	0	0	30066	322	0	0	11654	0	1656	0	138	276	12826	0	8442	6264	0	0	0	0	0	0	0	0	12862	204	0	0	264	3038	534	398	7302	842	104	522	306	0	102	0	144	0	0	0	0	0	1118	0	1348	0	1204	0	22932	0	1438	0	2814	0	1440	0	244	0	1040	134	17248	2602	1480	426	5674	168	3348	0	16548	1238	1564	0	4480	0	448	0	3196	0	0	0	3192	0	0	0	0	0	0	0	0	0	0	0	0	0	0	0	0	0	0	0	0	0	0	0	0	0	0	0	
231428	Precentral_R	3030	0	2848	4558	0	0	586	7612	0	0	0	2132	250	316	0	0	0	2440	4386	15070	0	0	0	0	0	0	0	0	198	2122	0	0	0	7382	0	178	0	5116	0	2140	0	0	0	0	0	0	0	0	0	0	0	0	0	100	0	2620	0	10674	0	0	0	94	0	794	0	0	0	770	3842	13290	5274	1480	0	2090	268	320	4270	2604	0	136	0	1508	0	98	0	2328	0	0	0	2790	0	0	0	0	0	0	0	0	0	0	0	0	0	0	0	0	0	0	0	0	0	0	0	0	0	0	
970020	Frontal_Sup_L	22802	2848	0	13628	11536	0	73374	2816	1974	124	21714	452	24340	116	7824	856	10928	582	89896	22388	0	0	38676	6450	1094	140	0	0	24052	1446	10868	3178	4964	7440	106	264	3502	542	196	0	128	0	0	0	0	0	0	0	0	0	0	0	238	0	818	0	6040	0	300	0	598	0	124	0	0	0	94	0	3694	696	13134	2176	24482	966	4314	108	8400	850	704	0	2668	0	2106	0	206	0	0	0	1050	0	0	0	0	0	0	0	0	0	0	0	0	0	0	0	0	0	0	0	0	0	0	0	0	0	0	0	
718936	Frontal_Sup_R	824	4558	13628	0	0	3828	1494	32722	0	1500	638	5742	862	5718	242	2944	0	5732	20524	71780	0	0	14446	38800	0	1484	0	0	906	8544	4062	27774	708	21000	0	144	0	4470	0	1690	0	0	0	0	0	0	0	0	0	0	0	0	0	0	0	724	0	146	0	0	0	0	0	0	0	0	0	0	704	0	2082	18108	230	17206	0	3814	810	17474	0	0	0	520	96	600	0	0	0	0	0	190	0	0	0	0	0	0	0	0	0	0	0	0	0	0	0	0	0	0	0	0	0	0	0	0	0	0	
149404	Frontal_Sup_Orb_L	0	0	11536	0	0	0	5614	0	11246	0	0	0	1226	0	10152	0	0	0	1644	96	912	362	5932	114	2772	0	4328	0	3120	0	1782	0	698	0	0	0	0	124	0	0	0	0	0	0	0	0	0	0	0	0	0	0	0	0	0	0	0	0	0	0	0	0	0	0	0	0	0	0	0	0	2594	198	9994	0	0	0	0	258	0	0	0	0	0	0	0	0	0	0	0	0	0	0	0	0	0	0	0	0	0	0	0	0	0	0	0	0	0	0	0	0	0	0	0	0	0	0	
83336	Frontal_Sup_Orb_R	0	0	0	3828	0	0	0	1476	0	3248	0	0	0	198	0	1536	0	0	184	318	0	868	106	2870	218	6994	264	8594	0	212	212	1196	0	0	0	0	0	0	0	0	0	0	0	0	0	0	0	0	0	0	0	0	0	0	0	0	0	0	0	0	0	0	0	0	0	0	0	0	0	0	0	4482	0	4864	0	0	0	0	0	0	0	0	0	0	0	0	0	0	0	0	0	0	0	0	0	0	0	0	0	0	0	0	0	0	0	0	0	0	0	0	0	0	0	0	0	0	
541624	Frontal_Mid_L	30066	586	73374	1494	5614	0	0	430	1394	0	15486	164	30058	0	7834	490	6056	0	12666	1704	0	0	15954	2152	310	0	0	0	15522	310	4610	722	2638	1004	0	0	2586	380	0	0	130	0	0	0	0	0	0	0	0	0	0	0	0	0	198	0	5920	0	482	0	844	0	182	0	0	0	0	0	2544	0	3798	614	8702	260	3450	0	6982	678	336	0	1396	0	450	0	0	0	0	0	242	0	0	0	0	0	0	0	0	0	0	0	0	0	0	0	0	0	0	0	0	0	0	0	0	0	0	0	
225408	Frontal_Mid_R	322	7612	2816	32722	0	1476	430	0	0	1420	910	8194	638	11568	142	1152	104	1040	6198	6748	0	0	1578	6550	0	0	0	0	1008	2700	0	796	0	4680	0	0	0	1624	0	494	0	0	0	0	0	0	0	0	0	0	0	0	0	0	0	330	0	0	0	0	0	0	0	0	0	0	0	0	0	0	1322	702	0	3308	0	824	182	2844	0	0	0	0	270	0	0	0	0	0	0	0	0	0	0	0	0	0	0	0	0	0	0	0	0	0	0	0	0	0	0	0	0	0	0	0	0	0	
58728	Frontal_Mid_Orb_L	0	0	1974	0	11246	0	1394	0	0	0	0	0	746	0	9316	0	0	0	0	0	194	136	0	0	220	0	1768	0	236	0	0	0	0	0	0	0	0	0	0	0	0	0	0	0	0	0	0	0	0	0	0	0	0	0	0	0	0	0	0	0	0	0	0	0	0	0	0	0	0	0	218	0	1916	0	0	0	0	0	0	0	0	0	0	0	0	0	0	0	0	0	0	0	0	0	0	0	0	0	0	0	0	0	0	0	0	0	0	0	0	0	0	0	0	0	0	0	
43424	Frontal_Mid_Orb_R	0	0	124	1500	0	3248	0	1420	0	0	154	94	130	398	0	4984	0	0	222	604	0	0	0	1216	0	202	0	862	194	208	0	672	0	0	0	0	0	0	0	0	0	0	0	0	0	0	0	0	0	0	0	0	0	0	0	0	0	0	0	0	0	0	0	0	0	0	0	0	0	0	390	3134	0	1772	0	0	0	184	0	0	0	0	0	0	0	0	0	0	0	0	0	0	0	0	0	0	0	0	0	0	0	0	0	0	0	0	0	0	0	0	0	0	0	0	0	0	
288136	Frontal_Inf_Oper_L	11654	0	21714	638	0	0	15486	910	0	154	0	408	17256	186	2832	2974	11234	0	14364	730	0	0	178	216	0	0	0	0	20498	560	138	168	0	292	0	0	1174	114	0	0	0	0	0	0	0	0	0	0	0	0	0	0	0	0	212	0	3042	0	0	0	0	0	0	0	0	0	0	0	0	0	2892	3022	1572	462	0	0	246	0	152	0	3498	0	4844	0	0	0	0	0	248	0	0	0	0	0	0	0	0	0	0	0	0	0	0	0	0	0	0	0	0	0	0	0	0	0	0	0	
179940	Frontal_Inf_Oper_R	0	2132	452	5742	0	0	164	8194	0	94	408	0	440	10612	0	2386	0	5554	3502	9794	0	0	0	504	0	0	0	0	516	14508	120	302	0	5874	0	0	0	2472	0	1154	0	0	0	0	0	0	0	0	0	0	0	0	0	0	0	718	0	372	0	0	0	0	0	0	0	0	0	0	0	0	1062	1748	0	7466	0	930	0	1052	0	0	0	224	0	1474	0	0	0	0	0	0	0	0	0	0	0	0	0	0	0	0	0	0	0	0	0	0	0	0	0	0	0	0	0	0	0	0	
304844	Frontal_Inf_Tri_L	1656	250	24340	862	1226	0	30058	638	746	130	17256	440	0	94	16690	1902	1318	148	11136	1266	0	0	2682	388	114	0	0	0	23212	614	2520	236	1178	614	0	0	0	126	0	0	0	0	0	0	0	0	0	0	0	0	0	0	0	0	0	0	0	0	0	0	0	0	0	0	0	0	0	0	0	0	4080	1860	2914	436	0	0	448	0	0	0	214	0	630	0	0	0	0	0	0	0	0	0	0	0	0	0	0	0	0	0	0	0	0	0	0	0	0	0	0	0	0	0	0	0	0	0	
122920	Frontal_Inf_Tri_R	0	316	116	5718	0	198	0	11568	0	398	186	10612	94	0	0	4928	0	96	2586	7630	0	0	0	1088	0	0	0	0	218	6950	664	1680	0	4256	0	0	0	116	0	0	0	0	0	0	0	0	0	0	0	0	0	0	0	0	0	0	0	0	0	0	0	0	0	0	0	0	0	0	0	0	114	894	0	1034	0	0	0	0	0	0	0	0	0	0	0	0	0	0	0	0	0	0	0	0	0	0	0	0	0	0	0	0	0	0	0	0	0	0	0	0	0	0	0	0	0	0	
188616	Frontal_Inf_Orb_L	138	0	7824	242	10152	0	7834	142	9316	0	2832	0	16690	0	0	242	266	0	3286	262	1332	244	2102	160	0	0	870	0	16686	152	1488	0	1332	168	0	0	298	0	242	0	322	0	0	0	0	0	0	0	0	0	0	0	0	0	156	0	0	0	0	0	0	0	0	0	0	0	0	0	0	0	1128	362	7306	118	0	0	0	0	0	0	0	0	616	0	0	0	0	0	0	0	0	0	0	0	0	0	0	0	0	0	0	0	0	0	0	0	0	0	0	0	0	0	0	0	0	0	
135464	Frontal_Inf_Orb_R	276	0	856	2944	0	1536	490	1152	0	4984	2974	2386	1902	4928	242	0	226	90	1044	2224	0	552	0	1720	0	376	0	1166	3776	7018	168	1498	0	944	0	0	0	0	0	0	0	0	0	0	0	0	0	0	0	0	0	0	0	0	0	0	0	0	0	0	0	0	0	0	0	0	0	0	0	0	3162	10206	100	4658	0	0	0	254	0	0	100	1208	580	1756	0	236	0	0	0	0	0	0	0	0	0	0	0	0	0	0	0	0	0	0	0	0	0	0	0	0	0	0	0	0	0	0	
247800	Rolandic_Oper_L	12826	0	10928	0	0	0	6056	104	0	0	11234	0	1318	0	266	226	0	0	10278	0	0	0	0	0	0	0	0	0	20074	0	0	0	0	0	0	0	2718	0	0	0	0	0	188	0	118	0	90	0	288	0	482	0	418	0	738	0	11118	0	1060	0	912	0	2536	0	780	0	1470	0	1490	0	128	184	1018	0	124	0	406	0	3140	0	11800	0	3378	0	3906	0	0	0	2100	0	0	0	0	0	0	0	0	0	0	0	0	0	0	0	0	0	0	0	0	0	0	0	0	0	0	0	
90256	Rolandic_Oper_R	0	2440	582	5732	0	0	0	1040	0	0	0	5554	148	96	0	90	0	0	718	5412	0	0	0	0	0	0	0	0	0	9174	0	0	0	530	0	0	0	948	0	362	0	0	0	0	0	0	0	0	0	0	0	0	0	0	0	292	0	1368	0	0	0	0	0	1514	0	0	0	0	0	100	724	812	0	1838	0	102	0	664	0	638	0	2486	0	1654	0	0	0	0	0	110	0	0	0	0	0	0	0	0	0	0	0	0	0	0	0	0	0	0	0	0	0	0	0	0	0	0	
826292	Supp_Motor_Area_L	8442	4386	89896	20524	1644	184	12666	6198	0	222	14364	3502	11136	2586	3286	1044	10278	718	0	57604	0	0	9760	6444	284	0	0	0	19740	3620	4596	6820	7650	27172	1562	1244	2482	544	252	0	128	0	0	0	0	0	0	0	0	0	0	0	234	0	872	0	4096	0	0	0	104	0	0	0	0	0	274	188	15090	2484	10166	3186	16588	1266	2486	180	7598	608	846	0	2440	0	2142	0	190	0	0	0	1130	0	0	0	0	0	0	0	0	0	0	0	0	0	0	0	0	0	0	0	0	0	0	0	0	0	0	0	
942204	Supp_Motor_Area_R	6264	15070	22388	71780	96	318	1704	6748	0	604	730	9794	1266	7630	262	2224	0	5412	57604	0	0	166	4982	11568	0	0	0	0	1314	10562	3542	14800	6018	63110	380	3678	0	4826	0	2340	0	126	0	172	0	134	0	0	0	0	0	0	0	0	0	1580	474	5152	0	0	150	94	0	654	0	0	376	1768	12124	27458	5544	25076	284	10840	248	3366	5026	29770	0	0	0	1162	0	636	0	454	0	0	0	1254	0	0	0	0	0	0	0	0	0	0	0	0	0	0	0	0	0	0	0	0	0	0	0	0	0	0	
66072	Olfactory_L	0	0	0	0	912	0	0	0	194	0	0	0	0	0	1332	0	0	0	0	0	0	4658	0	0	114	0	1378	204	1522	0	2622	2094	0	0	0	0	384	0	738	0	732	0	0	0	0	0	0	0	0	0	0	0	0	0	328	0	0	0	0	0	0	0	0	0	0	0	0	0	0	0	5598	3988	4116	1462	158	0	0	0	0	0	0	0	502	0	0	0	0	0	0	0	0	0	0	0	0	0	0	0	0	0	0	0	0	0	0	0	0	0	0	0	0	0	0	0	0	0	
75600	Olfactory_R	0	0	0	0	362	868	0	0	136	0	0	0	0	0	244	552	0	0	0	166	4658	0	0	0	0	152	838	1272	0	1372	2130	2130	0	0	0	0	0	206	0	214	0	686	0	0	0	0	0	0	0	0	0	0	0	0	0	0	0	0	0	0	0	0	0	0	0	0	0	0	0	0	6698	6382	4564	3330	250	424	0	166	0	0	0	0	0	0	0	0	0	0	0	0	0	0	0	0	0	0	0	0	0	0	0	0	0	0	0	0	0	0	0	0	0	0	0	0	0	0	
369012	Frontal_Sup_Medial_L	0	0	38676	14446	5932	106	15954	1578	0	0	178	0	2682	0	2102	0	0	0	9760	4982	0	0	0	25210	1698	782	0	0	1362	0	14906	14972	3782	11384	0	0	0	0	0	0	0	0	0	0	0	0	0	0	0	0	0	0	0	0	0	0	0	0	0	0	0	0	0	0	0	0	0	0	0	0	5602	0	8412	0	0	0	0	0	0	0	0	0	0	0	0	0	0	0	0	0	0	0	0	0	0	0	0	0	0	0	0	0	0	0	0	0	0	0	0	0	0	0	0	0	0	0	
371140	Frontal_Sup_Medial_R	0	0	6450	38800	114	2870	2152	6550	0	1216	216	504	388	1088	160	1720	0	0	6444	11568	0	0	25210	0	0	4952	0	342	284	518	4194	29364	468	18508	0	0	0	0	0	0	0	0	0	0	0	0	0	0	0	0	0	0	0	0	0	0	0	0	0	0	0	0	0	0	0	0	0	0	0	0	932	11594	332	7640	0	0	0	992	0	0	0	0	0	0	0	0	0	0	0	0	0	0	0	0	0	0	0	0	0	0	0	0	0	0	0	0	0	0	0	0	0	0	0	0	0	0	
22372	Frontal_Med_Orb_L	0	0	1094	0	2772	218	310	0	220	0	0	0	114	0	0	0	0	0	284	0	114	0	1698	0	0	534	778	0	96	0	1938	0	0	0	0	0	0	0	0	0	0	0	0	0	0	0	0	0	0	0	0	0	0	0	0	0	0	0	0	0	0	0	0	0	0	0	0	0	0	0	324	0	692	0	0	0	0	0	0	0	0	0	0	0	0	0	0	0	0	0	0	0	0	0	0	0	0	0	0	0	0	0	0	0	0	0	0	0	0	0	0	0	0	0	0	0	
68236	Frontal_Med_Orb_R	0	0	140	1484	0	6994	0	0	0	202	0	0	0	0	0	376	0	0	0	0	0	152	782	4952	534	0	330	5952	0	0	832	3202	0	0	0	0	0	0	0	0	0	0	0	0	0	0	0	0	0	0	0	0	0	0	0	0	0	0	0	0	0	0	0	0	0	0	0	0	0	0	0	4184	0	4002	0	0	0	0	0	0	0	0	0	0	0	0	0	0	0	0	0	0	0	0	0	0	0	0	0	0	0	0	0	0	0	0	0	0	0	0	0	0	0	0	0	0	
32332	Rectus_L	0	0	0	0	4328	264	0	0	1768	0	0	0	0	0	870	0	0	0	0	0	1378	838	0	0	778	330	0	392	0	0	1512	510	0	0	0	0	0	0	0	0	0	0	0	0	0	0	0	0	0	0	0	0	0	0	0	0	0	0	0	0	0	0	0	0	0	0	0	0	0	0	1306	460	1166	266	0	0	0	0	0	0	0	0	0	0	0	0	0	0	0	0	0	0	0	0	0	0	0	0	0	0	0	0	0	0	0	0	0	0	0	0	0	0	0	0	0	0	
50860	Rectus_R	0	0	0	0	0	8594	0	0	0	862	0	0	0	0	0	1166	0	0	0	0	204	1272	0	342	0	5952	392	0	0	554	236	622	0	0	0	0	0	0	0	0	0	0	0	0	0	0	0	0	0	0	0	0	0	0	0	0	0	0	0	0	0	0	0	0	0	0	0	0	0	0	202	2180	192	2660	0	0	0	0	0	0	0	0	0	0	0	0	0	0	0	0	0	0	0	0	0	0	0	0	0	0	0	0	0	0	0	0	0	0	0	0	0	0	0	0	0	0	
549228	Insula_L	12862	198	24052	906	3120	0	15522	1008	236	194	20498	516	23212	218	16686	3776	20074	0	19740	1314	1522	0	1362	284	96	0	0	0	0	786	2954	312	1240	606	0	96	17016	520	2330	196	1576	0	114	0	0	0	98	0	0	0	484	0	1556	0	5328	0	5866	0	496	0	938	0	496	0	0	0	330	0	1960	0	6932	3996	17950	722	568	0	1876	604	5108	0	6194	0	5922	0	4400	0	0	0	7648	0	0	0	0	0	0	0	0	0	0	0	0	0	0	0	0	0	0	0	0	0	0	0	0	0	0	0	
287832	Insula_R	204	2122	1446	8544	0	212	310	2700	0	208	560	14508	614	6950	152	7018	0	9174	3620	10562	0	1372	0	518	0	0	0	554	786	0	344	984	0	3918	0	192	0	11930	0	6150	0	1514	0	0	0	0	0	0	0	0	0	0	0	0	0	4538	0	570	0	0	0	0	0	0	0	0	0	0	0	232	1822	3292	0	20910	0	1414	94	2286	0	1258	0	4474	128	1156	0	1542	0	0	0	2766	0	134	0	0	0	0	0	0	0	134	0	0	0	0	0	0	0	0	0	0	0	0	0	0	0	0	
226456	Cingulum_Ant_L	0	0	10868	4062	1782	212	4610	0	0	0	138	120	2520	664	1488	168	0	0	4596	3542	2622	2130	14906	4194	1938	832	1512	236	2954	344	0	15184	2476	3448	0	0	0	0	0	0	0	0	0	0	0	0	0	0	0	0	0	0	0	0	0	0	0	0	0	0	0	0	0	0	0	0	0	0	0	0	8754	5296	7738	3300	0	192	0	402	0	0	0	0	0	0	0	0	0	0	0	0	0	0	0	0	0	0	0	0	0	0	0	0	0	0	0	0	0	0	0	0	0	0	0	0	0	0	
370056	Cingulum_Ant_R	0	0	3178	27774	0	1196	722	796	0	672	168	302	236	1680	0	1498	0	0	6820	14800	2094	2130	14972	29364	0	3202	510	622	312	984	15184	0	1798	21232	0	0	0	0	0	0	0	0	0	0	0	0	0	0	0	0	0	0	0	0	0	0	0	0	0	0	0	0	0	0	0	0	0	0	0	0	3474	16080	2116	9452	0	172	0	1488	0	0	0	0	0	0	0	0	0	0	0	0	0	0	0	0	0	0	0	0	0	0	0	0	0	0	0	0	0	0	0	0	0	0	0	0	0	0	
142812	Cingulum_Mid_L	264	0	4964	708	698	0	2638	0	0	0	0	0	1178	0	1332	0	0	0	7650	6018	0	0	3782	468	0	0	0	0	1240	0	2476	1798	0	11928	3746	204	0	0	0	0	0	0	460	0	2878	0	0	0	2516	0	2754	0	268	0	0	0	0	0	0	0	0	0	0	0	0	0	4522	314	4946	578	0	0	338	0	0	0	0	0	0	0	0	0	0	0	740	0	0	0	0	0	0	0	0	0	0	0	0	0	0	0	0	0	0	0	0	0	0	0	0	0	0	0	0	0	0	0	
559832	Cingulum_Mid_R	3038	7382	7440	21000	0	0	1004	4680	0	0	292	5874	614	4256	168	944	0	530	27172	63110	0	0	11384	18508	0	0	0	0	606	3918	3448	21232	11928	0	542	5688	0	518	0	250	0	0	0	2280	122	1716	0	100	0	836	0	408	0	0	0	144	0	3300	0	0	0	0	0	0	0	0	856	5898	8032	19576	4088	1210	288	650	162	154	3972	0	0	0	0	100	0	94	0	306	0	0	0	98	0	0	0	0	0	0	0	0	0	0	0	0	0	0	0	0	0	0	0	0	0	0	0	0	0	0	
81416	Cingulum_Post_L	534	0	106	0	0	0	0	0	0	0	0	0	0	0	0	0	0	0	1562	380	0	0	0	0	0	0	0	0	0	0	0	0	3746	542	0	5372	1090	2010	0	956	0	0	1466	0	2664	0	1560	0	1894	0	1788	0	172	0	438	612	0	0	0	0	0	0	0	0	0	0	5502	1286	5886	282	0	0	0	0	0	0	230	0	0	0	0	0	0	0	330	0	0	0	188	0	0	0	0	0	0	0	0	0	0	0	0	0	0	0	0	0	0	0	0	0	112	0	0	0	0	0	
132824	Cingulum_Post_R	398	178	264	144	0	0	0	0	0	0	0	0	0	0	0	0	0	0	1244	3678	0	0	0	0	0	0	0	0	96	192	0	0	204	5688	5372	0	1978	7296	226	3362	0	0	148	1604	1298	198	160	2086	372	0	200	0	0	240	428	2904	0	2810	0	0	0	0	0	0	0	0	2490	9230	194	5716	0	0	0	0	0	0	1600	864	0	106	0	0	0	0	0	0	0	0	378	2534	0	0	0	0	0	0	0	0	0	0	0	0	0	0	0	0	0	0	0	0	532	0	0	0	0	0	
282132	Hippocampus_L	7302	0	3502	0	0	0	2586	0	0	0	1174	0	0	0	298	0	2718	0	2482	0	384	0	0	0	0	0	0	0	17016	0	0	0	0	0	1090	1978	0	1330	11746	1008	8962	0	376	0	0	0	1764	332	0	0	0	0	1462	0	19310	0	2562	0	302	0	560	0	282	0	0	0	788	528	534	0	0	0	9026	0	1618	0	9474	0	3736	0	3600	0	2396	0	2304	0	184	0	16002	0	0	0	0	0	0	0	242	0	0	0	0	0	0	0	0	0	0	0	0	0	108	0	0	0	0	0	
341868	Hippocampus_R	842	5116	542	4470	124	0	380	1624	0	0	114	2472	126	116	0	0	0	948	544	4826	0	206	0	0	0	0	0	0	520	11930	0	0	0	518	2010	7296	1330	0	102	38854	0	9640	102	180	0	0	0	1972	0	0	0	0	0	0	372	28970	0	1636	0	0	0	0	0	0	0	0	156	2846	252	1226	542	308	0	14928	0	2556	2056	7754	98	0	0	206	0	1272	0	100	0	164	392	5384	0	438	0	140	0	0	0	716	0	534	0	0	0	168	0	244	0	0	0	0	360	0	100	0	112	0	
81128	ParaHippocampal_L	104	0	196	0	0	0	0	0	0	0	0	0	0	0	242	0	0	0	252	0	738	0	0	0	0	0	0	0	2330	0	0	0	0	0	0	226	11746	102	0	0	2444	0	0	0	0	0	3848	260	0	0	0	0	386	0	8506	0	0	0	0	0	0	0	0	0	0	0	1532	106	0	0	0	0	1418	0	102	0	534	0	0	0	0	0	1452	0	346	0	616	0	1670	0	0	0	0	0	118	0	912	0	378	0	0	0	0	0	0	0	0	0	0	0	0	0	0	0	0	0	
242916	ParaHippocampal_R	522	2140	0	1690	0	0	0	494	0	0	0	1154	0	0	0	0	0	362	0	2340	0	214	0	0	0	0	0	0	196	6150	0	0	0	250	956	3362	1008	38854	0	0	0	5992	102	288	0	0	0	2870	0	0	0	0	0	152	370	20764	0	730	0	0	0	0	0	0	0	0	112	1470	96	446	124	146	0	7648	0	1494	1470	4858	100	0	0	116	0	970	0	0	0	590	390	2160	0	706	0	578	0	0	0	2362	0	992	0	168	0	526	0	1188	0	0	0	0	188	0	482	486	632	0	
49144	Amygdala_L	306	0	128	0	0	0	130	0	0	0	0	0	0	0	322	0	0	0	128	0	732	0	0	0	0	0	0	0	1576	0	0	0	0	0	0	0	8962	0	2444	0	0	0	0	0	0	0	0	0	0	0	0	0	0	0	4974	0	0	0	0	0	0	0	0	0	0	0	0	0	116	0	0	0	590	0	0	0	516	0	0	0	0	0	1528	0	0	0	362	0	1758	0	0	0	0	0	0	0	0	0	0	0	0	0	0	0	0	0	0	0	0	0	0	0	0	0	0	0	
58084	Amygdala_R	0	0	0	0	0	0	0	0	0	0	0	0	0	0	0	0	0	0	0	126	0	686	0	0	0	0	0	0	0	1514	0	0	0	0	0	0	0	9640	0	5992	0	0	0	0	0	0	0	0	0	0	0	0	0	0	0	5970	0	0	0	0	0	0	0	0	0	0	0	0	0	0	0	0	0	1396	0	0	0	150	0	0	0	0	0	1538	0	0	0	178	0	1852	0	0	0	0	0	0	0	0	0	0	0	0	0	0	0	0	0	0	0	0	0	0	0	0	0	0	
229248	Calcarine_L	102	0	0	0	0	0	0	0	0	0	0	0	0	0	0	0	188	0	0	0	0	0	0	0	0	0	0	0	114	0	0	0	460	0	1466	148	376	102	0	102	0	0	0	4258	13128	2224	19784	1936	14542	1838	29244	408	5898	0	1974	118	0	0	230	0	302	0	0	0	186	0	9598	160	128	0	0	0	0	0	0	0	282	0	0	0	190	0	0	0	3854	0	0	0	1190	0	0	0	0	0	0	0	0	0	94	0	0	0	0	0	0	0	0	0	0	0	0	0	0	0	0	0	
269684	Calcarine_R	0	0	0	0	0	0	0	0	0	0	0	0	0	0	0	0	0	0	0	172	0	0	0	0	0	0	0	0	0	0	0	0	0	2280	0	1604	0	180	0	288	0	0	4258	0	2660	21680	1986	25130	0	20216	0	9314	0	2610	0	4904	0	4690	0	816	0	242	0	242	0	0	1858	17964	226	5198	0	0	0	0	0	0	0	0	0	0	0	0	0	0	0	2590	0	0	0	3580	0	0	0	0	0	0	0	0	0	0	0	0	0	0	0	0	0	0	0	0	154	0	0	0	0	0	
213568	Cuneus_L	144	0	0	0	0	0	0	0	0	0	0	0	0	0	0	0	118	0	0	0	0	0	0	0	0	0	0	0	0	0	0	0	2878	122	2664	1298	0	0	0	0	0	0	13128	2660	0	4476	2962	380	26690	2728	19700	132	1808	0	126	0	0	0	1888	0	666	0	244	0	186	0	15526	2534	334	0	0	0	0	0	0	0	0	0	0	0	208	0	0	0	2444	0	0	0	740	0	0	0	0	0	0	0	0	0	0	0	0	0	0	0	0	0	0	0	0	0	0	0	0	0	0	0	
239996	Cuneus_R	0	0	0	0	0	0	0	0	0	0	0	0	0	0	0	0	0	0	0	134	0	0	0	0	0	0	0	0	0	0	0	0	0	1716	0	198	0	0	0	0	0	0	2224	21680	4476	0	888	7860	0	34582	0	6656	0	140	0	1180	0	2704	0	7608	0	448	0	0	0	122	5204	18230	142	1744	0	0	0	0	0	0	0	0	0	0	0	0	0	0	0	1722	0	0	0	340	0	0	0	0	0	0	0	0	0	0	0	0	0	0	0	0	0	0	0	0	0	0	0	0	0	0	
304732	Lingual_L	0	0	0	0	0	0	0	0	0	0	0	0	0	0	0	0	90	0	0	0	0	0	0	0	0	0	0	0	98	0	0	0	0	0	1560	160	1764	0	3848	0	0	0	19784	1986	2962	888	0	3448	6578	694	19866	0	10536	0	15354	344	0	0	158	0	144	0	0	0	0	0	5934	138	0	0	0	0	0	0	0	0	178	0	222	0	244	0	0	0	358	0	0	0	354	0	7514	752	1786	314	0	0	10542	616	18810	2902	502	0	282	0	368	0	0	0	0	0	3182	5056	2050	0	0	0	
319068	Lingual_R	0	0	0	0	0	0	0	0	0	0	0	0	0	0	0	0	0	0	0	0	0	0	0	0	0	0	0	0	0	0	0	0	0	100	0	2086	332	1972	260	2870	0	0	1936	25130	380	7860	3448	0	0	13162	210	7702	0	2842	340	16888	0	488	0	320	0	0	0	0	0	0	818	6656	0	524	0	0	0	0	0	0	204	0	0	0	0	0	0	0	0	276	0	0	0	1276	2550	6396	790	2326	320	166	1934	7730	5296	13984	94	0	0	0	942	0	0	0	0	254	8356	6852	3278	0	186	0	
256548	Occipital_Sup_L	0	0	0	0	0	0	0	0	0	0	0	0	0	0	0	0	288	0	0	0	0	0	0	0	0	0	0	0	0	0	0	0	2516	0	1894	372	0	0	0	0	0	0	14542	0	26690	0	6578	0	0	0	39740	0	2062	0	176	0	1034	0	9368	0	3760	0	0	0	464	0	14542	774	166	0	0	0	0	0	0	0	0	0	0	0	108	0	0	0	3042	0	0	0	158	0	0	0	0	0	0	0	0	0	0	0	0	0	0	0	0	0	0	0	0	0	0	0	0	0	0	0	
263972	Occipital_Sup_R	0	0	0	0	0	0	0	0	0	0	0	0	0	0	0	0	0	0	0	0	0	0	0	0	0	0	0	0	0	0	0	0	0	836	0	0	0	0	0	0	0	0	1838	20216	2728	34582	694	13162	0	0	0	20574	0	206	0	3552	0	2120	0	9470	0	716	0	134	0	2486	2780	12948	0	580	0	0	0	0	0	0	0	0	0	0	0	0	0	0	0	2252	0	0	0	112	0	0	0	0	0	0	0	0	0	0	0	0	0	0	0	0	0	0	0	0	0	0	0	0	0	0	
458640	Occipital_Mid_L	1118	0	0	0	0	0	0	0	0	0	0	0	0	0	0	0	482	0	0	0	0	0	0	0	0	0	0	0	484	0	0	0	2754	0	1788	200	0	0	0	0	0	0	29244	0	19700	0	19866	210	39740	0	0	0	26558	0	4038	0	1048	0	8134	0	12852	0	410	0	14980	0	16454	346	1534	0	0	0	0	0	0	0	0	0	0	0	272	0	0	0	17918	0	0	0	3788	0	612	0	256	0	0	0	606	94	2164	114	0	0	0	0	0	0	0	0	0	0	618	938	0	0	0	0	
172816	Occipital_Mid_R	0	0	0	0	0	0	0	0	0	0	0	0	0	0	0	0	0	0	0	0	0	0	0	0	0	0	0	0	0	0	0	0	0	408	0	0	0	0	0	0	0	0	408	9314	132	6656	0	7702	0	20574	0	0	0	3380	0	4060	0	986	0	1994	0	3576	0	326	0	10780	174	4086	0	594	0	0	0	0	0	0	0	0	0	0	0	254	0	0	0	10518	0	0	0	486	0	0	0	0	0	0	0	0	0	0	0	0	0	0	0	0	0	0	0	0	0	0	0	0	0	0	
176892	Occipital_Inf_L	1348	0	238	0	0	0	0	0	0	0	0	0	0	0	0	0	418	0	234	0	0	0	0	0	0	0	0	0	1556	0	0	0	268	0	172	0	1462	0	386	0	0	0	5898	0	1808	0	10536	0	2062	0	26558	0	0	0	9802	0	0	0	0	0	0	0	0	0	0	0	3242	0	1250	0	0	0	0	0	0	0	600	0	1106	0	568	0	0	0	6542	0	0	0	8012	0	440	0	218	0	0	0	742	0	1924	0	0	0	0	0	0	0	0	0	0	0	384	672	0	0	0	0	
54508	Occipital_Inf_R	0	100	0	0	0	0	0	0	0	0	0	0	0	0	0	0	0	0	0	0	0	0	0	0	0	0	0	0	0	0	0	0	0	0	0	240	0	0	0	152	0	0	0	2610	0	140	0	2842	0	206	0	3380	0	0	0	5946	0	320	0	170	0	172	0	172	0	0	0	782	0	288	0	0	0	0	0	0	0	0	0	0	0	0	0	0	0	1278	0	0	0	5690	0	0	0	0	0	0	0	788	0	988	0	0	0	0	0	0	0	0	0	0	750	108	132	0	0	0	
413348	Fusiform_L	1204	0	818	0	0	0	198	0	0	0	212	0	0	0	156	0	738	0	872	0	328	0	0	0	0	0	0	0	5328	0	0	0	0	0	438	428	19310	372	8506	370	4974	0	1974	0	126	0	15354	340	176	0	4038	0	9802	0	0	0	264	0	0	0	102	0	94	0	0	0	2116	0	792	0	0	0	2364	0	154	0	2156	0	2768	0	3358	0	2196	0	2296	0	802	0	16956	0	26836	122	4166	96	602	0	16500	0	36672	362	2108	0	2788	0	666	0	0	0	0	0	1864	1108	212	0	92	0	
466548	Fusiform_R	0	2620	0	724	0	0	0	330	0	0	0	718	0	0	0	0	0	292	0	1580	0	0	0	0	0	0	0	0	0	4538	0	0	0	144	612	2904	0	28970	0	20764	0	5970	118	4904	0	1180	344	16888	0	3552	0	4060	0	5946	0	0	0	796	0	0	0	0	0	0	0	0	186	2036	0	1210	0	0	0	3440	0	602	0	1054	0	482	0	752	0	3638	0	640	0	2206	0	19286	444	24044	514	3174	0	1904	90	13716	434	30462	408	1896	666	3736	0	466	0	0	0	380	4478	806	1190	806	174	0	
232224	Postcentral_L	22932	0	6040	0	0	0	5920	0	0	0	3042	0	0	0	0	0	11118	0	4096	474	0	0	0	0	0	0	0	0	5866	0	0	0	0	0	0	0	2562	0	0	0	0	0	0	0	0	0	0	0	1034	0	1048	0	0	0	264	0	0	0	8504	0	17436	0	11864	0	516	0	2446	0	2612	0	0	0	1076	0	232	0	1136	0	1496	0	3512	0	0	0	514	0	0	0	372	0	0	0	0	0	0	0	0	0	0	0	0	0	0	0	0	0	0	0	0	0	0	0	0	0	0	0	
200728	Postcentral_R	0	10674	0	146	0	0	0	0	0	0	0	372	0	0	0	0	0	1368	0	5152	0	0	0	0	0	0	0	0	0	570	0	0	0	3300	0	2810	0	1636	0	730	0	0	0	4690	0	2704	0	488	0	2120	0	986	0	320	0	796	0	0	0	4030	0	1964	0	6564	0	382	0	12786	118	21028	0	0	0	758	0	0	0	406	0	0	0	1252	0	0	0	4894	0	0	0	7320	0	0	0	0	0	0	0	0	0	0	0	0	0	0	0	0	0	0	0	0	0	0	0	0	0	0	
117360	Parietal_Sup_L	1438	0	300	0	0	0	482	0	0	0	0	0	0	0	0	0	1060	0	0	0	0	0	0	0	0	0	0	0	496	0	0	0	0	0	0	0	302	0	0	0	0	0	230	0	1888	0	158	0	9368	0	8134	0	0	0	0	0	8504	0	0	0	14052	0	1646	0	2954	0	6238	0	400	0	0	0	166	0	0	0	0	0	0	0	774	0	0	0	90	0	0	0	0	0	0	0	0	0	0	0	0	0	0	0	0	0	0	0	0	0	0	0	0	0	0	0	0	0	0	0	
95152	Parietal_Sup_R	0	0	0	0	0	0	0	0	0	0	0	0	0	0	0	0	0	0	0	0	0	0	0	0	0	0	0	0	0	0	0	0	0	0	0	0	0	0	0	0	0	0	0	816	0	7608	0	320	0	9470	0	1994	0	170	0	0	0	4030	0	0	0	4808	0	4042	0	2324	156	7318	0	336	0	0	0	0	0	0	0	0	0	0	0	558	0	0	0	2224	0	0	0	1402	0	0	0	0	0	0	0	0	0	0	0	0	0	0	0	0	0	0	0	0	0	0	0	0	0	0	
196444	Parietal_Inf_L	2814	0	598	0	0	0	844	0	0	0	0	0	0	0	0	0	912	0	104	150	0	0	0	0	0	0	0	0	938	0	0	0	0	0	0	0	560	0	0	0	0	0	302	0	666	0	144	0	3760	0	12852	0	0	0	102	0	17436	0	14052	0	0	0	16558	0	16738	0	1946	0	260	0	0	0	284	0	106	0	0	0	0	0	1068	0	0	0	3998	0	0	0	1030	0	0	0	0	0	0	0	0	0	0	0	0	0	0	0	0	0	0	0	0	0	0	0	0	0	0	0	
72252	Parietal_Inf_R	0	94	0	0	0	0	0	0	0	0	0	0	0	0	0	0	0	0	0	94	0	0	0	0	0	0	0	0	0	0	0	0	0	0	0	0	0	0	0	0	0	0	0	242	0	448	0	0	0	716	0	3576	0	172	0	0	0	1964	0	4808	0	0	0	7954	0	7646	0	366	0	412	0	0	0	0	0	0	0	0	0	0	0	1340	0	0	0	3822	0	0	0	2472	0	0	0	0	0	0	0	0	0	0	0	0	0	0	0	0	0	0	0	0	0	0	0	0	0	0	
111656	SupraMarginal_L	1440	0	124	0	0	0	182	0	0	0	0	0	0	0	0	0	2536	0	0	0	0	0	0	0	0	0	0	0	496	0	0	0	0	0	0	0	282	0	0	0	0	0	0	0	244	0	0	0	0	0	410	0	0	0	94	0	11864	0	1646	0	16558	0	0	0	4718	0	1118	0	478	0	0	0	0	0	0	0	0	0	166	0	6142	0	0	0	6072	0	0	0	1258	0	0	0	0	0	0	0	0	0	0	0	0	0	0	0	0	0	0	0	0	0	0	0	0	0	0	0	
84604	SupraMarginal_R	0	794	0	0	0	0	0	0	0	0	0	0	0	0	0	0	0	1514	0	654	0	0	0	0	0	0	0	0	0	0	0	0	0	0	0	0	0	0	0	0	0	0	0	242	0	0	0	0	0	134	0	326	0	172	0	0	0	6564	0	4042	0	7954	0	0	0	5312	0	378	0	1116	0	0	0	0	0	0	0	0	0	0	0	4940	0	0	0	4642	0	0	0	3518	0	0	0	0	0	0	0	0	0	0	0	0	0	0	0	0	0	0	0	0	0	0	0	0	0	0	
104024	Angular_L	244	0	0	0	0	0	0	0	0	0	0	0	0	0	0	0	780	0	0	0	0	0	0	0	0	0	0	0	0	0	0	0	0	0	0	0	0	0	0	0	0	0	186	0	186	0	0	0	464	0	14980	0	0	0	0	0	516	0	2954	0	16738	0	4718	0	0	0	1190	0	270	0	0	0	0	0	0	0	0	0	0	0	2506	0	0	0	5902	0	0	0	378	0	0	0	0	0	0	0	0	0	0	0	0	0	0	0	0	0	0	0	0	0	0	0	0	0	0	0	
75604	Angular_R	0	0	0	0	0	0	0	0	0	0	0	0	0	0	0	0	0	0	0	0	0	0	0	0	0	0	0	0	0	0	0	0	0	0	0	0	0	0	0	0	0	0	0	0	0	122	0	0	0	2486	0	10780	0	0	0	0	0	382	0	2324	0	7646	0	5312	0	0	0	318	0	130	0	0	0	0	0	0	0	0	0	0	0	2212	0	0	0	5220	0	0	0	870	0	0	0	0	0	0	0	0	0	0	0	0	0	0	0	0	0	0	0	0	0	0	0	0	0	0	
268580	Precuneus_L	1040	0	94	0	0	0	0	0	0	0	0	0	0	0	0	0	1470	0	274	376	0	0	0	0	0	0	0	0	330	0	0	0	4522	856	5502	2490	788	156	1532	112	0	0	9598	1858	15526	5204	5934	818	14542	2780	16454	174	3242	0	2116	186	2446	0	6238	156	1946	0	1118	0	1190	0	0	8848	3656	140	0	0	0	0	0	0	282	0	0	0	2192	0	0	0	5720	0	0	0	2162	0	0	0	0	0	0	0	222	0	0	0	0	0	0	0	0	0	0	0	0	0	0	0	0	0	0	0	
294912	Precuneus_R	134	770	0	0	0	0	0	0	0	0	0	0	0	0	0	0	0	0	188	1768	0	0	0	0	0	0	0	0	0	0	0	0	314	5898	1286	9230	528	2846	106	1470	0	0	160	17964	2534	18230	138	6656	774	12948	346	4086	0	782	0	2036	0	12786	0	7318	0	366	0	378	0	318	8848	0	402	14174	0	0	0	0	0	0	182	0	0	0	0	394	0	0	0	5882	0	0	0	4584	0	0	0	0	0	0	0	124	0	0	0	0	0	0	0	0	0	0	0	0	508	0	0	0	0	0	
226420	Paracentral_Lobule_L	17248	3842	3694	704	0	0	2544	0	0	0	0	0	0	0	0	0	1490	0	15090	12124	0	0	0	0	0	0	0	0	1960	0	0	0	4946	8032	5886	194	534	252	0	96	116	0	128	226	334	142	0	0	166	0	1534	0	1250	0	792	0	2612	118	400	0	260	0	478	0	270	0	3656	402	0	6356	280	178	0	0	0	0	7234	470	466	0	1286	0	0	0	2838	0	0	0	2582	0	0	0	0	0	0	0	0	0	0	0	0	0	0	0	0	0	0	0	0	0	0	0	0	0	0	0	
285280	Paracentral_Lobule_R	2602	13290	696	0	0	0	0	0	0	0	0	0	0	0	0	0	0	100	2484	27458	0	0	0	0	0	0	0	0	0	232	0	0	578	19576	282	5716	0	1226	0	446	0	0	0	5198	0	1744	0	524	0	580	0	594	0	288	0	1210	0	21028	0	336	0	412	0	1116	0	130	140	14174	6356	0	1608	0	0	0	0	0	1704	0	0	0	0	1434	0	0	0	5472	0	0	0	3906	0	0	0	0	0	0	0	0	0	0	0	0	0	0	0	0	0	0	0	0	0	0	0	0	0	0	
321212	Caudate_L	1480	5274	13134	2082	2594	0	3798	1322	218	390	2892	1062	4080	114	1128	3162	128	724	10166	5544	5598	6698	5602	932	324	0	1306	202	6932	1822	8754	3474	0	4088	0	0	0	542	0	124	0	0	0	0	0	0	0	0	0	0	0	0	0	0	0	0	0	0	0	0	0	0	0	0	0	0	0	0	280	1608	0	14446	20262	4558	2532	840	8322	1074	0	0	0	0	994	0	0	0	0	0	0	0	0	0	0	0	0	0	0	0	0	0	0	0	0	0	0	0	0	0	0	0	0	0	0	0	0	0	
410440	Caudate_R	426	1480	2176	18108	198	4482	614	702	0	3134	3022	1748	1860	894	362	10206	184	812	3186	25076	3988	6382	0	11594	0	4184	460	2180	3996	3292	5296	16080	0	1210	0	0	0	308	0	146	0	0	0	0	0	0	0	0	0	0	0	0	0	0	0	0	0	0	0	0	0	0	0	0	0	0	0	0	178	0	14446	0	5034	26314	296	3292	350	16810	0	0	0	0	714	0	0	0	0	0	0	0	0	0	0	0	0	0	0	0	0	0	0	0	0	0	0	0	0	0	0	0	0	0	0	0	0	0	
366508	Putamen_L	5674	0	24482	230	9994	0	8702	0	1916	0	1572	0	2914	0	7306	100	1018	0	16588	284	4116	4564	8412	332	692	0	1166	192	17950	0	7738	2116	338	288	0	0	9026	0	1418	0	590	0	0	0	0	0	0	0	0	0	0	0	0	0	2364	0	1076	0	166	0	284	0	0	0	0	0	0	0	0	0	20262	5034	0	1630	7216	100	1560	0	0	0	410	0	1250	0	224	0	0	0	1960	0	0	0	0	0	0	0	0	0	0	0	0	0	0	0	0	0	0	0	0	0	0	0	0	0	0	0	
370840	Putamen_R	168	2090	966	17206	0	4864	260	3308	0	1772	462	7466	436	1034	118	4658	0	1838	1266	10840	1462	3330	0	7640	0	4002	266	2660	722	20910	3300	9452	0	650	0	0	0	14928	0	7648	0	1396	0	0	0	0	0	0	0	0	0	0	0	0	0	3440	0	758	0	0	0	0	0	0	0	0	0	0	0	0	4558	26314	1630	0	0	5484	138	5394	0	0	0	152	134	188	0	0	0	0	0	112	0	0	0	0	0	0	0	0	0	0	0	0	0	0	0	0	0	0	0	0	0	0	0	0	0	0	
60928	Pallidum_L	3348	268	4314	0	0	0	3450	0	0	0	0	0	0	0	0	0	124	0	2486	248	158	250	0	0	0	0	0	0	568	0	0	0	0	162	0	0	1618	0	102	0	0	0	0	0	0	0	0	0	0	0	0	0	0	0	154	0	232	0	0	0	106	0	0	0	0	0	0	0	0	0	2532	296	7216	0	0	0	2832	0	0	0	0	0	0	0	0	0	0	0	0	0	0	0	0	0	0	0	0	0	0	0	0	0	0	0	0	0	0	0	0	0	0	0	0	0	0	0	
54044	Pallidum_R	0	320	108	3814	0	0	0	824	0	0	0	930	0	0	0	0	0	102	180	3366	0	424	0	0	0	0	0	0	0	1414	192	172	0	154	0	0	0	2556	0	1494	0	0	0	0	0	0	0	0	0	0	0	0	0	0	0	602	0	0	0	0	0	0	0	0	0	0	0	0	0	0	840	3292	100	5484	0	0	0	654	0	0	0	0	0	0	0	0	0	0	0	0	0	0	0	0	0	0	0	0	0	0	0	0	0	0	0	0	0	0	0	0	0	0	0	0	0	0	
213396	Thalamus_L	16548	4270	8400	810	0	0	6982	182	0	0	246	0	448	0	0	0	406	0	7598	5026	0	0	0	0	0	0	0	0	1876	94	0	0	0	3972	230	1600	9474	2056	534	1470	516	0	282	0	0	0	178	204	0	0	0	0	600	0	2156	0	1136	0	0	0	0	0	0	0	0	0	282	182	7234	1704	8322	350	1560	138	2832	0	0	2552	1310	0	352	0	0	0	250	0	0	0	2336	0	0	0	0	0	0	0	0	0	0	0	0	0	0	0	0	0	0	0	0	0	0	0	0	0	0	0	
213244	Thalamus_R	1238	2604	850	17474	258	0	678	2844	0	184	0	1052	0	0	0	254	0	664	608	29770	0	166	0	992	0	0	0	0	604	2286	402	1488	0	0	0	864	0	7754	0	4858	0	150	0	0	0	0	0	0	0	0	0	0	0	0	0	1054	0	406	0	0	0	0	0	0	0	0	0	0	470	0	1074	16810	0	5394	0	654	2552	0	0	0	0	0	0	0	0	0	0	0	0	166	0	0	0	0	0	0	0	0	0	0	0	0	0	0	0	0	0	0	0	0	0	0	0	0	0	0	
62140	Heschl_L	1564	0	704	0	0	0	336	0	0	0	152	0	0	0	0	0	3140	0	846	0	0	0	0	0	0	0	0	0	5108	0	0	0	0	0	0	0	3736	98	0	100	0	0	0	0	0	0	222	0	0	0	0	0	1106	0	2768	0	1496	0	0	0	0	0	166	0	0	0	0	0	466	0	0	0	0	0	0	0	1310	0	0	0	3558	0	0	0	1222	0	0	0	2972	0	0	0	0	0	0	0	0	0	0	0	0	0	0	0	0	0	0	0	0	0	0	0	0	0	0	0	
13308	Heschl_R	0	136	0	0	0	0	0	0	0	0	0	0	0	0	0	0	0	638	0	0	0	0	0	0	0	0	0	0	0	1258	0	0	0	0	0	106	0	0	0	0	0	0	0	0	0	0	0	0	0	0	0	0	0	0	0	482	0	0	0	0	0	0	0	0	0	0	0	0	0	0	0	0	0	0	0	0	0	0	0	0	0	2430	0	144	0	718	0	0	0	742	0	0	0	0	0	0	0	0	0	0	0	0	0	0	0	0	0	0	0	0	0	0	0	0	0	0	
208960	Temporal_Sup_L	4480	0	2668	0	0	0	1396	0	0	0	3498	0	214	0	0	100	11800	0	2440	0	0	0	0	0	0	0	0	0	6194	0	0	0	0	0	0	0	3600	0	0	0	0	0	190	0	208	0	244	0	108	0	272	0	568	0	3358	0	3512	0	774	0	1068	0	6142	0	2506	0	2192	0	1286	0	0	0	410	0	0	0	352	0	3558	0	0	0	2324	0	24676	0	0	0	14342	0	0	0	0	0	0	0	0	0	0	0	0	0	0	0	0	0	0	0	0	0	0	0	0	0	0	0	
93028	Temporal_Sup_R	0	1508	0	520	0	0	0	0	0	0	0	224	0	0	0	1208	0	2486	0	1162	0	0	0	0	0	0	0	0	0	4474	0	0	0	100	0	0	0	206	0	116	0	0	0	0	0	0	0	0	0	0	0	254	0	0	0	752	0	1252	0	558	0	1340	0	4940	0	2212	0	394	0	1434	0	0	0	152	0	0	0	0	0	2430	0	0	0	5074	0	11054	0	298	0	2366	0	0	0	0	0	0	0	0	0	0	0	0	0	0	0	0	0	0	0	0	0	0	0	0	0	0	
105380	Temporal_Pole_Sup_L	448	0	2106	96	0	0	450	270	0	0	4844	0	630	0	616	580	3378	0	2142	0	502	0	0	0	0	0	0	0	5922	128	0	0	0	0	0	0	2396	0	1452	0	1528	0	0	0	0	0	0	0	0	0	0	0	0	0	2196	0	0	0	0	0	0	0	0	0	0	0	0	0	0	0	994	714	1250	134	0	0	0	0	0	0	2324	0	0	0	7094	0	4596	0	5900	0	0	0	0	0	0	0	0	0	0	0	0	0	0	0	0	0	0	0	0	0	0	0	0	0	0	0	
60668	Temporal_Pole_Sup_R	0	98	0	600	0	0	0	0	0	0	0	1474	0	0	0	1756	0	1654	0	636	0	0	0	0	0	0	0	0	0	1156	0	0	0	94	0	0	0	1272	0	970	0	1538	0	0	0	0	0	0	0	0	0	0	0	0	0	3638	0	0	0	0	0	0	0	0	0	0	0	0	0	0	0	0	0	188	0	0	0	0	0	144	0	5074	0	0	0	2936	0	3154	0	3952	0	0	0	0	0	0	0	0	0	0	0	0	0	0	0	0	0	0	0	0	0	0	0	0	0	0	
307212	Temporal_Mid_L	3196	0	206	0	0	0	0	0	0	0	0	0	0	0	0	0	3906	0	190	0	0	0	0	0	0	0	0	0	4400	0	0	0	740	0	330	0	2304	0	346	0	0	0	3854	0	2444	0	358	0	3042	0	17918	0	6542	0	2296	0	514	0	90	0	3998	0	6072	0	5902	0	5720	0	2838	0	0	0	224	0	0	0	250	0	1222	0	24676	0	7094	0	0	0	3738	0	39196	0	0	0	0	0	0	0	0	0	0	0	0	0	0	0	0	0	0	0	0	0	0	0	0	0	0	0	
169576	Temporal_Mid_R	0	2328	0	0	0	0	0	0	0	0	0	0	0	0	0	236	0	0	0	454	0	0	0	0	0	0	0	0	0	1542	0	0	0	306	0	0	0	100	0	0	0	0	0	2590	0	1722	0	276	0	2252	0	10518	0	1278	0	640	0	4894	0	2224	0	3822	0	4642	0	5220	0	5882	0	5472	0	0	0	0	0	0	0	0	0	718	0	11054	0	2936	0	0	0	1186	0	12496	0	0	0	0	0	0	0	0	0	0	0	0	0	0	0	0	0	0	0	0	0	0	0	0	0	0	
28472	Temporal_Pole_Mid_L	0	0	0	0	0	0	0	0	0	0	0	0	0	0	0	0	0	0	0	0	0	0	0	0	0	0	0	0	0	0	0	0	0	0	0	0	184	0	616	0	362	0	0	0	0	0	0	0	0	0	0	0	0	0	802	0	0	0	0	0	0	0	0	0	0	0	0	0	0	0	0	0	0	0	0	0	0	0	0	0	0	0	4596	0	3738	0	0	0	3938	0	0	0	0	0	0	0	0	0	0	0	0	0	0	0	0	0	0	0	0	0	0	0	0	0	0	0	
19212	Temporal_Pole_Mid_R	0	0	0	0	0	0	0	0	0	0	0	0	0	0	0	0	0	0	0	0	0	0	0	0	0	0	0	0	0	0	0	0	0	0	0	0	0	164	0	590	0	178	0	0	0	0	0	0	0	0	0	0	0	0	0	2206	0	0	0	0	0	0	0	0	0	0	0	0	0	0	0	0	0	0	0	0	0	0	0	0	0	298	0	3154	0	1186	0	0	0	1830	0	0	0	0	0	0	0	0	0	0	0	0	0	0	0	0	0	0	0	0	0	0	0	0	0	0	
309268	Temporal_Inf_L	3192	0	1050	0	0	0	242	0	0	0	248	0	0	0	0	0	2100	0	1130	0	0	0	0	0	0	0	0	0	7648	0	0	0	0	0	188	378	16002	392	1670	390	1758	0	1190	0	740	0	354	0	158	0	3788	0	8012	0	16956	0	372	0	0	0	1030	0	1258	0	378	0	2162	0	2582	0	0	0	1960	0	0	0	2336	0	2972	0	14342	0	5900	0	39196	0	3938	0	0	0	4058	0	986	0	0	0	490	0	1538	0	558	0	738	0	90	0	0	0	0	0	164	0	0	0	0	0	
197532	Temporal_Inf_R	0	2790	0	190	0	0	0	0	0	0	0	0	0	0	0	0	0	110	0	1254	0	0	0	0	0	0	0	0	0	2766	0	0	0	98	0	2534	0	5384	0	2160	0	1852	0	3580	0	340	0	1276	0	112	0	486	0	5690	0	19286	0	7320	0	1402	0	2472	0	3518	0	870	0	4584	0	3906	0	0	0	112	0	0	0	166	0	742	0	2366	0	3952	0	12496	0	1830	0	0	0	2270	0	138	0	0	0	112	0	406	0	0	0	100	0	0	0	0	0	0	96	0	0	0	0	0	
520488	Cerebelum_Crus1_L	0	0	0	0	0	0	0	0	0	0	0	0	0	0	0	0	0	0	0	0	0	0	0	0	0	0	0	0	0	0	0	0	0	0	0	0	0	0	0	0	0	0	0	0	0	0	7514	2550	0	0	612	0	440	0	26836	444	0	0	0	0	0	0	0	0	0	0	0	0	0	0	0	0	0	0	0	0	0	0	0	0	0	0	0	0	0	0	0	0	4058	0	0	2616	45202	2810	684	466	18008	946	59450	4378	23406	240	24996	710	6756	1650	1244	0	412	864	6176	6288	6144	1420	2520	404	
497428	Cerebelum_Crus1_R	0	0	0	0	0	0	0	0	0	0	0	0	0	0	0	0	0	0	0	0	0	0	0	0	0	0	0	0	0	134	0	0	0	0	0	0	0	438	0	706	0	0	0	0	0	0	752	6396	0	0	0	0	0	0	122	24044	0	0	0	0	0	0	0	0	0	0	0	0	0	0	0	0	0	0	0	0	0	0	0	0	0	0	0	0	0	0	0	0	0	2270	2616	0	2302	39634	422	3906	2158	21746	2830	60880	922	12560	1172	18710	686	4006	0	242	316	3370	12628	4026	9948	4842	3794	136	
442908	Cerebelum_Crus2_L	0	0	0	0	0	0	0	0	0	0	0	0	0	0	0	0	0	0	0	0	0	0	0	0	0	0	0	0	0	0	0	0	0	0	0	0	0	0	0	0	0	0	0	0	0	0	1786	790	0	0	256	0	218	0	4166	514	0	0	0	0	0	0	0	0	0	0	0	0	0	0	0	0	0	0	0	0	0	0	0	0	0	0	0	0	0	0	0	0	986	0	45202	2302	0	5188	460	288	7108	980	16064	2478	50662	1760	44846	5246	6360	2878	2120	518	92	610	2938	1198	6080	5096	2264	0	
377712	Cerebelum_Crus2_R	0	0	0	0	0	0	0	0	0	0	0	0	0	0	0	0	0	0	0	0	0	0	0	0	0	0	0	0	0	0	0	0	0	0	0	0	0	140	0	578	0	0	0	0	0	0	314	2326	0	0	0	0	0	0	96	3174	0	0	0	0	0	0	0	0	0	0	0	0	0	0	0	0	0	0	0	0	0	0	0	0	0	0	0	0	0	0	0	0	0	138	2810	39634	5188	0	188	1696	1088	7006	1236	18858	1438	30648	2054	35202	270	6678	0	1094	0	1338	4590	2540	11128	4500	2906	0	
52852	Cerebelum_3_L	0	0	0	0	0	0	0	0	0	0	0	0	0	0	0	0	0	0	0	0	0	0	0	0	0	0	0	0	0	0	0	0	0	0	0	0	0	0	118	0	0	0	0	0	0	0	0	320	0	0	0	0	0	0	602	0	0	0	0	0	0	0	0	0	0	0	0	0	0	0	0	0	0	0	0	0	0	0	0	0	0	0	0	0	0	0	0	0	0	0	684	422	460	188	0	380	9006	266	2150	566	416	0	514	0	2376	118	442	0	680	3286	2626	498	0	0	206	102	
77376	Cerebelum_3_R	0	0	0	0	0	0	0	0	0	0	0	0	0	0	0	0	0	0	0	0	0	0	0	0	0	0	0	0	0	0	0	0	0	0	0	0	0	0	0	0	0	0	0	0	0	0	0	166	0	0	0	0	0	0	0	1904	0	0	0	0	0	0	0	0	0	0	0	0	0	0	0	0	0	0	0	0	0	0	0	0	0	0	0	0	0	0	0	0	0	0	466	3906	288	1696	380	0	858	6688	606	6324	278	326	298	952	300	1306	0	0	910	5416	2320	546	802	912	932	108	
328516	Cerebelum_4_5_L	0	0	0	0	0	0	0	0	0	0	0	0	0	0	0	0	0	0	0	0	0	0	0	0	0	0	0	0	0	0	0	0	0	0	0	0	242	0	912	0	0	0	0	0	0	0	10542	1934	0	0	606	0	742	0	16500	90	0	0	0	0	0	0	0	0	0	0	222	0	0	0	0	0	0	0	0	0	0	0	0	0	0	0	0	0	0	0	0	0	490	0	18008	2158	7108	1088	9006	858	0	2176	38708	3116	5430	0	5850	0	8200	766	668	0	314	3272	17616	3892	380	276	1230	1858	
290000	Cerebelum_4_5_R	0	0	0	0	0	0	0	0	0	0	0	0	0	0	0	0	0	0	0	0	0	0	0	0	0	0	0	0	0	0	0	0	0	0	0	0	0	716	0	2362	0	0	0	0	0	0	616	7730	0	0	94	0	0	788	0	13716	0	0	0	0	0	0	0	0	0	0	0	124	0	0	0	0	0	0	0	0	0	0	0	0	0	0	0	0	0	0	0	0	0	112	946	21746	980	7006	266	6688	2176	0	1524	34388	946	1404	1374	5106	274	3158	0	164	150	3776	19226	1002	1822	2648	1796	176	
532224	Cerebelum_6_L	0	0	0	0	0	0	0	0	0	0	0	0	0	0	0	0	0	0	0	0	0	0	0	0	0	0	0	0	0	0	0	0	0	0	0	0	0	0	378	0	0	0	94	0	0	0	18810	5296	0	0	2164	0	1924	0	36672	434	0	0	0	0	0	0	0	0	0	0	0	0	0	0	0	0	0	0	0	0	0	0	0	0	0	0	0	0	0	0	0	0	1538	0	59450	2830	16064	1236	2150	606	38708	1524	0	6914	11548	0	12810	0	9036	1248	736	0	520	1450	12164	11790	3778	780	2656	804	
526876	Cerebelum_6_R	0	0	0	0	0	0	0	0	0	0	0	0	0	0	0	0	0	0	0	0	0	0	0	0	0	0	0	0	0	134	0	0	0	0	0	0	0	534	0	992	0	0	0	0	0	0	2902	13984	0	0	114	0	0	988	362	30462	0	0	0	0	0	0	0	0	0	0	0	0	0	0	0	0	0	0	0	0	0	0	0	0	0	0	0	0	0	0	0	0	0	406	4378	60880	2478	18858	566	6324	3116	34388	6914	0	1282	4480	1654	11512	1314	3554	0	306	404	4036	19508	9730	9336	4220	3124	198	
356752	Cerebelum_7b_L	0	0	0	0	0	0	0	0	0	0	0	0	0	0	0	0	0	0	0	0	0	0	0	0	0	0	0	0	0	0	0	0	0	0	0	0	0	0	0	0	0	0	0	0	0	0	502	94	0	0	0	0	0	0	2108	408	0	0	0	0	0	0	0	0	0	0	0	0	0	0	0	0	0	0	0	0	0	0	0	0	0	0	0	0	0	0	0	0	558	0	23406	922	50662	1438	416	278	5430	946	11548	1282	0	2308	47020	5414	7598	2190	2646	346	0	606	1410	212	740	6370	1518	0	
196828	Cerebelum_7b_R	0	0	0	0	0	0	0	0	0	0	0	0	0	0	0	0	0	0	0	0	0	0	0	0	0	0	0	0	0	0	0	0	0	0	0	0	0	0	0	168	0	0	0	0	0	0	0	0	0	0	0	0	0	0	0	1896	0	0	0	0	0	0	0	0	0	0	0	0	0	0	0	0	0	0	0	0	0	0	0	0	0	0	0	0	0	0	0	0	0	0	240	12560	1760	30648	0	326	0	1404	0	4480	2308	0	2610	29760	0	4244	0	684	0	246	398	0	1196	2978	508	0	
416672	Cerebelum_8_L	0	0	0	0	0	0	0	0	0	0	0	0	0	0	0	0	0	0	0	0	0	0	0	0	0	0	0	0	0	0	0	0	0	0	0	0	0	0	0	0	0	0	0	0	0	0	282	0	0	0	0	0	0	0	2788	666	0	0	0	0	0	0	0	0	0	0	0	0	0	0	0	0	0	0	0	0	0	0	0	0	0	0	0	0	0	0	0	0	738	0	24996	1172	44846	2054	514	298	5850	1374	12810	1654	47020	2610	0	8840	17780	4752	4748	688	148	432	1768	674	2602	11254	4716	262	
340508	Cerebelum_8_R	0	0	0	0	0	0	0	0	0	0	0	0	0	0	0	0	0	0	0	0	0	0	0	0	0	0	0	0	0	0	0	0	0	0	0	0	0	168	0	526	0	0	0	0	0	0	0	0	0	0	0	0	0	0	0	3736	0	0	0	0	0	0	0	0	0	0	0	0	0	0	0	0	0	0	0	0	0	0	0	0	0	0	0	0	0	0	0	0	0	100	710	18710	5246	35202	0	952	0	5106	0	11512	5414	29760	8840	0	214	19378	96	2666	0	758	1500	116	5408	10542	3594	0	
170172	Cerebelum_9_L	0	0	0	0	0	0	0	0	0	0	0	0	0	0	0	0	0	0	0	0	0	0	0	0	0	0	0	0	0	0	0	0	0	0	0	0	0	0	0	0	0	0	0	0	0	0	368	942	0	0	0	0	0	0	666	0	0	0	0	0	0	0	0	0	0	0	0	0	0	0	0	0	0	0	0	0	0	0	0	0	0	0	0	0	0	0	0	0	90	0	6756	686	6360	270	2376	300	8200	274	9036	1314	7598	0	17780	214	0	1150	6890	0	254	1264	3462	3024	400	822	3098	1492	
184444	Cerebelum_9_R	0	0	0	0	0	0	0	0	0	0	0	0	0	0	0	0	0	0	0	0	0	0	0	0	0	0	0	0	0	0	0	0	0	0	0	0	0	244	0	1188	0	0	0	0	0	0	0	0	0	0	0	0	0	0	0	466	0	0	0	0	0	0	0	0	0	0	0	0	0	0	0	0	0	0	0	0	0	0	0	0	0	0	0	0	0	0	0	0	0	0	1650	4006	2878	6678	118	1306	766	3158	1248	3554	2190	4244	4752	19378	1150	0	156	3060	882	1122	1870	2928	5298	7030	8908	1994	
41620	Cerebelum_10_L	0	0	0	0	0	0	0	0	0	0	0	0	0	0	0	0	0	0	0	0	0	0	0	0	0	0	0	0	0	0	0	0	0	0	0	0	0	0	0	0	0	0	0	0	0	0	0	0	0	0	0	0	0	0	0	0	0	0	0	0	0	0	0	0	0	0	0	0	0	0	0	0	0	0	0	0	0	0	0	0	0	0	0	0	0	0	0	0	0	0	1244	0	2120	0	442	0	668	0	736	0	2646	0	4748	96	6890	156	0	0	0	148	176	108	124	230	278	0	
22608	Cerebelum_10_R	0	0	0	0	0	0	0	0	0	0	0	0	0	0	0	0	0	0	0	0	0	0	0	0	0	0	0	0	0	0	0	0	0	0	0	0	0	0	0	0	0	0	0	0	0	0	0	0	0	0	0	0	0	0	0	0	0	0	0	0	0	0	0	0	0	0	0	0	0	0	0	0	0	0	0	0	0	0	0	0	0	0	0	0	0	0	0	0	0	0	0	242	518	1094	0	0	0	164	0	306	346	684	688	2666	0	3060	0	0	0	0	0	0	396	732	408	0	
22632	Vermis_1_2	0	0	0	0	0	0	0	0	0	0	0	0	0	0	0	0	0	0	0	0	0	0	0	0	0	0	0	0	0	0	0	0	0	0	0	0	0	0	0	0	0	0	0	0	0	0	0	0	0	0	0	0	0	0	0	0	0	0	0	0	0	0	0	0	0	0	0	0	0	0	0	0	0	0	0	0	0	0	0	0	0	0	0	0	0	0	0	0	0	0	412	316	92	0	680	910	314	150	520	404	0	0	148	0	254	882	0	0	0	3532	576	688	302	226	722	188	
87624	Vermis_3	0	0	0	0	0	0	0	0	0	0	0	0	0	0	0	0	0	0	0	0	0	0	0	0	0	0	0	0	0	0	0	0	0	0	0	0	0	0	0	0	0	0	0	0	0	0	0	254	0	0	0	0	0	0	0	380	0	0	0	0	0	0	0	0	0	0	0	0	0	0	0	0	0	0	0	0	0	0	0	0	0	0	0	0	0	0	0	0	0	0	864	3370	610	1338	3286	5416	3272	3776	1450	4036	606	246	432	758	1264	1122	148	0	3532	0	4756	596	582	678	818	222	
301712	Vermis_4_5	0	0	0	0	0	0	0	0	0	0	0	0	0	0	0	0	0	0	0	0	0	0	0	0	0	0	0	0	0	0	0	0	0	0	112	532	108	360	0	188	0	0	0	154	0	0	3182	8356	0	0	618	0	384	750	1864	4478	0	0	0	0	0	0	0	0	0	0	0	508	0	0	0	0	0	0	0	0	0	0	0	0	0	0	0	0	0	0	0	0	164	96	6176	12628	2938	4590	2626	2320	17616	19226	12164	19508	1410	398	1768	1500	3462	1870	176	0	576	4756	0	6090	1286	964	2136	2818	
170320	Vermis_6	0	0	0	0	0	0	0	0	0	0	0	0	0	0	0	0	0	0	0	0	0	0	0	0	0	0	0	0	0	0	0	0	0	0	0	0	0	0	0	0	0	0	0	0	0	0	5056	6852	0	0	938	0	672	108	1108	806	0	0	0	0	0	0	0	0	0	0	0	0	0	0	0	0	0	0	0	0	0	0	0	0	0	0	0	0	0	0	0	0	0	0	6288	4026	1198	2540	498	546	3892	1002	11790	9730	212	0	674	116	3024	2928	108	0	688	596	6090	0	5562	1290	3742	3080	
187236	Vermis_7	0	0	0	0	0	0	0	0	0	0	0	0	0	0	0	0	0	0	0	0	0	0	0	0	0	0	0	0	0	0	0	0	0	0	0	0	0	100	0	482	0	0	0	0	0	0	2050	3278	0	0	0	0	0	132	212	1190	0	0	0	0	0	0	0	0	0	0	0	0	0	0	0	0	0	0	0	0	0	0	0	0	0	0	0	0	0	0	0	0	0	0	6144	9948	6080	11128	0	802	380	1822	3778	9336	740	1196	2602	5408	400	5298	124	396	302	582	1286	5562	0	6870	5640	350	
