data	data	482376	182744	1.0885e+06	954348	156432	135312	499312	244704	95072	63372	241600	250064	244932	224760	148216	165408	295640	161664	828328	976176	75656	105000	517700	483484	57196	123420	78572	88352	699348	410648	478416	617580	151992	741184	168428	175868	355556	364600	173644	225560	46288	54976	178492	298616	176524	253012	222880	225612	150692	251268	422408	251472	222944	94080	485924	354948	289892	218472	141944	74616	169388	99520	122740	97064	94280	121860	284184	302808	313488	196896	422960	478124	352464	444024	50632	52584	210096	226708	115808	25728	302248	99168	85040	69276	349584	179572	41484	22868	358792	136952	392308	357484	176476	217476	45952	55488	304696	259744	382652	379440	169356	127352	228376	216332	70744	91272	7956	4572	37540	74324	230336	161296	170028	92016	70496	35888	
data	data	Precentral_L	Precentral_R	Frontal_Sup_L	Frontal_Sup_R	Frontal_Sup_Orb_L	Frontal_Sup_Orb_R	Frontal_Mid_L	Frontal_Mid_R	Frontal_Mid_Orb_L	Frontal_Mid_Orb_R	Frontal_Inf_Oper_L	Frontal_Inf_Oper_R	Frontal_Inf_Tri_L	Frontal_Inf_Tri_R	Frontal_Inf_Orb_L	Frontal_Inf_Orb_R	Rolandic_Oper_L	Rolandic_Oper_R	Supp_Motor_Area_L	Supp_Motor_Area_R	Olfactory_L	Olfactory_R	Frontal_Sup_Medial_L	Frontal_Sup_Medial_R	Frontal_Med_Orb_L	Frontal_Med_Orb_R	Rectus_L	Rectus_R	Insula_L	Insula_R	Cingulum_Ant_L	Cingulum_Ant_R	Cingulum_Mid_L	Cingulum_Mid_R	Cingulum_Post_L	Cingulum_Post_R	Hippocampus_L	Hippocampus_R	ParaHippocampal_L	ParaHippocampal_R	Amygdala_L	Amygdala_R	Calcarine_L	Calcarine_R	Cuneus_L	Cuneus_R	Lingual_L	Lingual_R	Occipital_Sup_L	Occipital_Sup_R	Occipital_Mid_L	Occipital_Mid_R	Occipital_Inf_L	Occipital_Inf_R	Fusiform_L	Fusiform_R	Postcentral_L	Postcentral_R	Parietal_Sup_L	Parietal_Sup_R	Parietal_Inf_L	Parietal_Inf_R	SupraMarginal_L	SupraMarginal_R	Angular_L	Angular_R	Precuneus_L	Precuneus_R	Paracentral_Lobule_L	Paracentral_Lobule_R	Caudate_L	Caudate_R	Putamen_L	Putamen_R	Pallidum_L	Pallidum_R	Thalamus_L	Thalamus_R	Heschl_L	Heschl_R	Temporal_Sup_L	Temporal_Sup_R	Temporal_Pole_Sup_L	Temporal_Pole_Sup_R	Temporal_Mid_L	Temporal_Mid_R	Temporal_Pole_Mid_L	Temporal_Pole_Mid_R	Temporal_Inf_L	Temporal_Inf_R	Cerebelum_Crus1_L	Cerebelum_Crus1_R	Cerebelum_Crus2_L	Cerebelum_Crus2_R	Cerebelum_3_L	Cerebelum_3_R	Cerebelum_4_5_L	Cerebelum_4_5_R	Cerebelum_6_L	Cerebelum_6_R	Cerebelum_7b_L	Cerebelum_7b_R	Cerebelum_8_L	Cerebelum_8_R	Cerebelum_9_L	Cerebelum_9_R	Cerebelum_10_L	Cerebelum_10_R	Vermis_1_2	Vermis_3	Vermis_4_5	Vermis_6	Vermis_7	Vermis_8	Vermis_9	Vermis_10	
482376	Precentral_L	0	718	17986	1898	0	0	15466	0	0	0	10472	0	2002	0	0	0	8018	0	25368	9052	0	0	0	0	0	0	0	0	12082	128	290	0	148	2998	2592	2572	9996	2068	1308	836	0	0	86	0	0	0	134	264	0	0	1708	0	2174	0	2740	402	27578	84	1346	0	2666	0	684	0	0	0	366	108	34172	708	2116	1962	6302	220	1728	158	9662	3890	4532	0	4288	0	0	0	2794	0	0	0	2118	200	0	0	0	0	0	0	0	0	0	0	0	0	0	0	0	0	0	0	0	0	0	0	0	0	0	0	
182744	Precentral_R	718	0	908	11196	0	0	0	8268	0	0	0	5760	0	132	0	0	0	1596	2214	9346	0	0	0	0	0	0	0	0	0	1032	0	0	0	1776	0	892	0	2382	0	0	0	0	0	808	0	368	0	0	0	104	0	686	0	310	0	640	0	22382	0	274	0	1100	0	3334	0	372	0	2304	962	6358	330	408	98	320	0	0	148	0	0	234	0	1100	0	0	0	1530	0	0	0	982	0	0	0	0	0	0	0	0	0	0	0	0	0	0	0	0	0	0	0	0	0	0	0	0	0	0	
1.0885e+06	Frontal_Sup_L	17986	908	0	19442	8994	288	73634	3114	4314	0	12072	836	17486	580	5370	212	9148	432	83090	21426	0	0	53918	18376	1388	582	1186	0	29092	1428	32954	18574	5714	23864	1084	1260	3742	1420	434	634	0	0	0	0	0	0	0	0	0	0	648	0	640	0	914	182	9644	92	86	0	100	0	86	0	0	0	152	0	3874	0	14540	2892	13888	1876	2708	190	2602	1498	3138	0	5004	0	814	0	1670	0	0	0	2028	0	0	0	0	0	0	0	0	0	0	0	0	0	0	0	0	0	0	0	0	0	0	0	0	0	0	0	
954348	Frontal_Sup_R	1898	11196	19442	0	0	6094	7082	33836	0	1608	164	12278	276	8790	0	7828	144	13602	14522	79468	0	110	21892	44676	0	1876	0	1350	1588	22082	9370	32670	852	36104	580	1220	1252	11182	206	2788	144	0	0	262	0	0	0	0	0	0	0	104	0	92	168	1574	0	6228	0	298	0	772	0	356	0	104	0	86	1858	268	4330	16680	514	18816	0	3260	1170	8852	0	662	0	872	0	372	0	422	0	0	258	626	0	0	0	0	0	0	0	0	0	0	0	0	0	0	0	0	0	0	0	0	0	0	0	0	0	0	
156432	Frontal_Sup_Orb_L	0	0	8994	0	0	0	1670	0	12984	0	0	0	888	0	10128	0	0	0	290	0	2708	152	4262	118	7238	420	9598	0	3082	0	5116	138	0	0	0	0	106	0	172	0	544	0	0	0	0	0	0	0	0	0	0	0	0	0	0	0	0	0	0	0	0	0	0	0	0	0	0	0	0	0	2550	126	6752	0	0	0	0	0	0	0	0	0	180	0	0	0	0	0	0	0	0	0	0	0	0	0	0	0	0	0	0	0	0	0	0	0	0	0	0	0	0	0	0	0	0	0	
135312	Frontal_Sup_Orb_R	0	0	288	6094	0	0	0	3820	0	8184	0	242	0	712	0	4568	0	0	134	334	200	1118	572	5486	404	9816	232	8226	0	794	1370	5836	0	164	0	0	0	0	0	0	0	114	0	0	0	0	0	0	0	0	0	0	0	0	0	0	0	0	0	0	0	0	0	0	0	0	0	0	0	0	288	4678	102	3880	0	0	0	0	0	0	0	0	0	0	0	0	0	0	0	0	0	0	0	0	0	0	0	0	0	0	0	0	0	0	0	0	0	0	0	0	0	0	0	0	0	0	
499312	Frontal_Mid_L	15466	0	73634	7082	1670	0	0	598	5138	0	9478	340	29498	220	4664	0	2200	154	15384	4748	0	0	17638	5950	0	0	0	0	12556	414	13390	5476	216	6292	178	102	1072	170	106	0	0	0	0	0	0	0	0	0	0	0	0	0	0	0	0	0	2130	0	204	0	138	0	312	0	0	0	0	0	0	0	6462	606	2034	362	0	0	1596	100	408	0	1300	0	0	0	170	0	0	0	0	0	0	0	0	0	0	0	0	0	0	0	0	0	0	0	0	0	0	0	0	0	0	0	0	0	0	0	
244704	Frontal_Mid_R	0	8268	3114	33836	0	3820	598	0	0	3862	0	8430	0	15660	0	7092	0	1916	3220	4032	0	0	774	4032	0	0	0	0	252	5696	534	2866	0	3114	0	0	0	2092	0	204	0	0	0	0	0	0	0	0	0	0	0	0	0	0	0	148	0	1464	0	0	0	0	0	0	0	0	0	0	0	0	2290	1158	0	2698	0	576	0	606	0	0	0	0	0	0	0	0	0	0	0	0	0	0	0	0	0	0	0	0	0	0	0	0	0	0	0	0	0	0	0	0	0	0	0	0	0	0	
95072	Frontal_Mid_Orb_L	0	0	4314	0	12984	0	5138	0	0	0	0	0	2430	0	13444	0	0	0	0	0	206	0	166	0	1126	0	2208	0	1202	0	954	0	0	0	0	0	0	0	0	0	156	0	0	0	0	0	0	0	0	0	0	0	0	0	0	0	0	0	0	0	0	0	0	0	0	0	0	0	0	0	368	0	2474	0	0	0	0	0	0	0	0	0	366	0	0	0	0	0	0	0	0	0	0	0	0	0	0	0	0	0	0	0	0	0	0	0	0	0	0	0	0	0	0	0	0	0	
63372	Frontal_Mid_Orb_R	0	0	0	1608	0	8184	0	3862	0	0	0	450	0	1616	0	4644	0	0	0	262	0	302	144	1136	0	2656	0	1880	0	558	226	1538	0	228	0	0	0	90	0	0	0	0	0	0	0	0	0	0	0	0	0	0	0	0	0	0	0	0	0	0	0	0	0	0	0	0	0	0	0	0	0	1334	0	968	0	0	0	0	0	0	0	0	0	0	0	0	0	0	0	0	0	0	0	0	0	0	0	0	0	0	0	0	0	0	0	0	0	0	0	0	0	0	0	0	0	0	
241600	Frontal_Inf_Oper_L	10472	0	12072	164	0	0	9478	0	0	0	0	90	17372	0	442	0	12902	0	10918	188	0	0	0	0	0	0	0	0	23070	122	418	142	0	298	0	0	462	86	0	0	0	0	0	0	0	0	0	0	0	0	0	0	0	0	126	0	4126	0	0	0	0	0	0	0	0	0	0	0	0	0	4412	332	1098	176	112	0	984	0	1092	0	6492	0	2226	0	770	0	0	0	158	0	0	0	0	0	0	0	0	0	0	0	0	0	0	0	0	0	0	0	0	0	0	0	0	0	0	0	
250064	Frontal_Inf_Oper_R	0	5760	836	12278	0	242	340	8430	0	450	90	0	0	17512	0	4858	0	8234	708	10900	0	0	616	1220	0	0	0	0	490	21688	256	2948	0	4164	0	0	0	2034	0	1238	0	0	0	0	0	0	0	0	0	0	0	0	0	0	0	628	0	3214	0	0	0	0	0	0	0	0	0	0	0	0	1262	3096	106	8444	0	264	94	236	0	216	0	554	0	1626	0	0	0	0	0	0	0	0	0	0	0	0	0	0	0	0	0	0	0	0	0	0	0	0	0	0	0	0	0	0	0	0	
244932	Frontal_Inf_Tri_L	2002	0	17486	276	888	0	29498	0	2430	0	17372	0	0	0	7730	0	1656	0	7004	298	0	0	446	132	0	0	0	0	26826	0	1582	320	0	254	0	0	142	0	0	0	0	0	0	0	0	0	0	0	0	0	0	0	0	0	0	0	414	0	0	0	0	0	0	0	0	0	0	0	0	0	2014	184	2550	0	0	0	0	0	0	0	412	0	464	0	0	0	0	0	86	0	0	0	0	0	0	0	0	0	0	0	0	0	0	0	0	0	0	0	0	0	0	0	0	0	0	0	
224760	Frontal_Inf_Tri_R	0	132	580	8790	0	712	220	15660	0	1616	0	17512	0	0	0	14168	0	668	438	7648	0	0	352	956	0	0	0	0	504	20366	236	2158	0	6096	0	0	0	1220	0	524	0	0	0	0	0	0	0	0	0	0	0	0	0	0	0	458	0	0	0	0	0	0	0	0	0	0	0	0	0	0	1336	3104	96	5690	0	116	100	296	0	0	0	0	0	628	0	0	0	0	0	0	0	0	0	0	0	0	0	0	0	0	0	0	0	0	0	0	0	0	0	0	0	0	0	0	0	0	
148216	Frontal_Inf_Orb_L	0	0	5370	0	10128	0	4664	0	13444	0	442	0	7730	0	0	0	0	0	398	0	2972	0	0	0	212	0	2410	0	11746	0	276	0	0	0	0	0	0	0	172	0	430	0	0	0	0	0	0	0	0	0	0	0	0	0	0	0	0	0	0	0	0	0	0	0	0	0	0	0	0	0	3118	0	9112	0	0	0	0	0	0	0	0	0	1484	0	0	0	0	0	0	0	0	0	0	0	0	0	0	0	0	0	0	0	0	0	0	0	0	0	0	0	0	0	0	0	0	0	
165408	Frontal_Inf_Orb_R	0	0	212	7828	0	4568	0	7092	0	4644	0	4858	0	14168	0	0	0	216	172	4368	108	1312	0	1842	0	0	0	946	240	16816	0	260	0	3888	0	0	0	248	0	0	0	590	0	0	0	0	0	0	0	0	0	0	0	0	0	0	0	0	0	0	0	0	0	0	0	0	0	0	0	0	466	2896	0	4086	0	100	0	184	0	0	0	0	0	596	0	0	0	0	0	0	0	0	0	0	0	0	0	0	0	0	0	0	0	0	0	0	0	0	0	0	0	0	0	0	0	0	
295640	Rolandic_Oper_L	8018	0	9148	144	0	0	2200	0	0	0	12902	0	1656	0	0	0	0	0	10088	204	0	0	0	0	0	0	0	0	30144	102	232	0	0	334	352	358	1218	362	96	184	0	0	0	0	0	0	0	0	0	0	1080	0	604	0	600	0	12188	0	284	0	286	0	2792	0	94	0	158	0	370	0	8136	234	826	128	592	0	4984	536	5776	0	24276	0	956	0	4314	0	0	0	864	0	0	0	0	0	0	0	0	0	0	0	0	0	0	0	0	0	0	0	0	0	0	0	0	0	0	0	
161664	Rolandic_Oper_R	0	1596	432	13602	0	0	154	1916	0	0	0	8234	0	668	0	216	0	0	388	12450	0	0	234	370	0	0	0	0	166	16372	108	890	0	1130	0	0	0	1490	0	506	0	0	0	0	0	0	0	0	0	0	0	0	0	0	0	90	0	6628	0	0	0	0	0	2124	0	0	0	176	0	172	242	1286	0	3200	0	298	0	0	0	1976	0	2824	0	750	0	144	0	0	0	0	0	0	0	0	0	0	0	0	0	0	0	0	0	0	0	0	0	0	0	0	0	0	0	0	0	0	
828328	Supp_Motor_Area_L	25368	2214	83090	14522	290	134	15384	3220	0	0	10918	708	7004	438	398	172	10088	388	0	45202	0	0	10512	5598	0	0	0	0	21646	1218	14022	11916	10854	30756	2056	464	3622	1180	656	436	0	0	0	0	0	0	0	106	0	0	410	0	424	0	1178	142	4958	326	0	0	96	0	0	0	0	0	648	0	22638	922	9566	3302	9180	1794	1988	156	8334	1050	2680	0	5680	0	688	0	1362	0	0	0	2062	0	0	0	0	0	0	0	0	0	0	0	0	0	0	0	0	0	0	0	0	0	0	0	0	0	0	0	
976176	Supp_Motor_Area_R	9052	9346	21426	79468	0	334	4748	4032	0	262	188	10900	298	7648	0	4368	204	12450	45202	0	0	120	8822	12608	0	200	0	178	2258	19956	5540	18040	6824	64920	1494	3102	1198	8168	310	2934	0	0	0	680	0	0	0	0	0	0	0	388	0	678	96	2404	0	5132	0	242	0	604	0	406	0	106	0	470	19426	14676	3236	25836	338	15592	0	2828	2324	20120	0	646	92	1442	0	720	0	1236	0	0	128	1504	0	0	0	0	0	0	0	0	0	0	0	0	0	0	0	0	0	0	0	140	0	0	0	0	0	0	
75656	Olfactory_L	0	0	0	0	2708	200	0	0	206	0	0	0	0	0	2972	108	0	0	0	0	0	3178	0	0	266	650	2878	456	3782	0	3020	1124	0	0	0	0	0	0	590	0	956	0	0	0	0	0	0	0	0	0	0	0	0	0	0	0	0	0	0	0	0	0	0	0	0	0	0	0	0	0	6462	2480	4310	1044	166	0	0	0	0	0	0	0	272	0	0	0	0	0	0	0	0	0	0	0	0	0	0	0	0	0	0	0	0	0	0	0	0	0	0	0	0	0	0	0	0	0	
105000	Olfactory_R	0	0	0	110	152	1118	0	0	0	302	0	0	0	0	0	1312	0	0	0	120	3178	0	0	136	90	1772	862	2490	484	1780	2576	3226	0	0	0	0	0	0	0	136	230	1412	0	0	0	0	0	0	0	0	0	0	0	0	0	0	0	0	0	0	0	0	0	0	0	0	0	0	0	0	8690	10298	5916	3804	1064	922	0	126	0	0	0	0	0	194	0	0	0	0	0	0	0	0	0	0	0	0	0	0	0	0	0	0	0	0	0	0	0	0	0	0	0	0	0	0	0	0	
517700	Frontal_Sup_Medial_L	0	0	53918	21892	4262	572	17638	774	166	144	0	616	446	352	0	0	0	234	10512	8822	0	0	0	38494	3034	1900	1386	104	652	818	31698	25972	6532	21340	0	0	0	330	0	0	0	0	0	0	0	0	0	0	0	0	0	0	0	0	0	0	0	0	0	0	0	0	0	0	0	0	0	0	0	0	1346	554	3076	1038	0	130	0	98	0	0	0	0	0	0	0	0	0	0	0	0	0	0	0	0	0	0	0	0	0	0	0	0	0	0	0	0	0	0	0	0	0	0	0	0	0	0	
483484	Frontal_Sup_Medial_R	0	0	18376	44676	118	5486	5950	4032	0	1136	0	1220	132	956	0	1842	0	370	5598	12608	0	136	38494	0	418	6622	84	1772	206	1890	13394	35752	2246	22564	0	0	0	546	0	0	0	0	0	0	0	0	0	0	0	0	0	0	0	0	0	0	0	0	0	0	0	0	0	0	0	0	0	0	0	0	842	7128	438	5958	0	154	0	598	0	0	0	0	0	0	0	0	0	0	0	0	0	0	0	0	0	0	0	0	0	0	0	0	0	0	0	0	0	0	0	0	0	0	0	0	0	0	
57196	Frontal_Med_Orb_L	0	0	1388	0	7238	404	0	0	1126	0	0	0	0	0	212	0	0	0	0	0	266	90	3034	418	0	1948	5600	436	98	0	5140	280	0	0	0	0	0	0	0	0	0	0	0	0	0	0	0	0	0	0	0	0	0	0	0	0	0	0	0	0	0	0	0	0	0	0	0	0	0	0	402	114	404	0	0	0	0	0	0	0	0	0	0	0	0	0	0	0	0	0	0	0	0	0	0	0	0	0	0	0	0	0	0	0	0	0	0	0	0	0	0	0	0	0	0	0	
123420	Frontal_Med_Orb_R	0	0	582	1876	420	9816	0	0	0	2656	0	0	0	0	0	0	0	0	0	200	650	1772	1900	6622	1948	0	858	9688	0	0	4874	8652	0	0	0	0	0	0	0	0	0	0	0	0	0	0	0	0	0	0	0	0	0	0	0	0	0	0	0	0	0	0	0	0	0	0	0	0	0	0	510	5362	246	2840	0	0	0	238	0	0	0	0	0	0	0	0	0	0	0	0	0	0	0	0	0	0	0	0	0	0	0	0	0	0	0	0	0	0	0	0	0	0	0	0	0	0	
78572	Rectus_L	0	0	1186	0	9598	232	0	0	2208	0	0	0	0	0	2410	0	0	0	0	0	2878	862	1386	84	5600	858	0	670	702	0	4506	400	0	0	0	0	104	0	0	0	414	0	0	0	0	0	0	0	0	0	0	0	0	0	0	0	0	0	0	0	0	0	0	0	0	0	0	0	0	0	2808	700	1462	218	0	0	0	0	0	0	0	0	0	0	0	0	0	0	0	0	0	0	0	0	0	0	0	0	0	0	0	0	0	0	0	0	0	0	0	0	0	0	0	0	0	0	
88352	Rectus_R	0	0	0	1350	0	8226	0	0	0	1880	0	0	0	0	0	946	0	0	0	178	456	2490	104	1772	436	9688	670	0	0	572	970	4838	0	0	0	0	0	0	0	0	0	442	0	0	0	0	0	0	0	0	0	0	0	0	0	0	0	0	0	0	0	0	0	0	0	0	0	0	0	0	572	5074	250	3176	0	0	0	86	0	0	0	0	0	0	0	0	0	0	0	0	0	0	0	0	0	0	0	0	0	0	0	0	0	0	0	0	0	0	0	0	0	0	0	0	0	0	
699348	Insula_L	12082	0	29092	1588	3082	0	12556	252	1202	0	23070	490	26826	504	11746	240	30144	166	21646	2258	3782	484	652	206	98	0	702	0	0	598	3638	1754	100	2218	1472	1388	12982	1440	2364	660	3318	0	86	0	92	0	0	0	0	0	3800	0	3254	0	7632	288	5016	0	256	0	102	0	664	0	0	0	148	0	1172	0	21040	1996	19832	540	594	0	6558	1526	11116	0	24984	0	3678	0	9468	0	238	0	10644	150	0	0	0	0	0	0	0	0	0	0	0	0	0	0	0	0	0	0	0	0	0	0	0	0	0	0	
410648	Insula_R	128	1032	1428	22082	0	794	414	5696	0	558	122	21688	0	20366	0	16816	102	16372	1218	19956	0	1780	818	1890	0	0	0	572	598	0	348	2406	0	6588	210	256	204	9934	0	3952	0	1422	0	0	0	0	0	0	0	0	0	0	0	0	0	2676	0	1264	0	0	0	0	0	350	0	0	0	0	0	0	1134	5730	0	25758	0	280	144	1094	0	1430	0	2286	0	2638	0	412	0	0	0	378	0	0	0	0	0	0	0	0	0	0	0	0	0	0	0	0	0	0	0	0	0	0	0	0	0	0	
478416	Cingulum_Ant_L	290	0	32954	9370	5116	1370	13390	534	954	226	418	256	1582	236	276	0	232	108	14022	5540	3020	2576	31698	13394	5140	4874	4506	970	3638	348	0	31242	9530	13980	264	0	0	0	0	0	0	0	0	0	0	0	0	0	0	0	0	0	0	0	0	0	0	0	0	0	0	0	0	0	0	0	222	0	0	0	9632	5182	7838	3824	96	170	0	0	0	0	190	0	0	0	0	0	0	0	0	0	0	0	0	0	0	0	0	0	0	0	0	0	0	0	0	0	0	0	0	0	0	0	0	0	0	0	
617580	Cingulum_Ant_R	0	0	18574	32670	138	5836	5476	2866	0	1538	142	2948	320	2158	0	260	0	890	11916	18040	1124	3226	25972	35752	280	8652	400	4838	1754	2406	31242	0	4210	35548	174	0	0	756	0	88	0	0	0	0	0	0	0	0	0	0	0	0	0	0	0	0	0	0	0	0	0	0	0	0	0	0	108	0	0	0	4916	22844	2530	16428	0	466	0	1304	0	0	0	0	0	0	0	0	0	0	0	0	0	0	0	0	0	0	0	0	0	0	0	0	0	0	0	0	0	0	0	0	0	0	0	0	0	0	
151992	Cingulum_Mid_L	148	0	5714	852	0	0	216	0	0	0	0	0	0	0	0	0	0	0	10854	6824	0	0	6532	2246	0	0	0	0	100	0	9530	4210	0	13320	3526	566	0	0	0	0	0	0	0	0	364	0	0	0	144	0	700	0	158	0	102	0	0	168	474	0	0	0	0	0	0	0	5988	680	2236	192	152	0	0	0	0	0	0	0	0	0	0	0	0	0	0	0	0	0	0	0	0	0	0	0	0	0	0	0	0	0	0	0	0	0	0	0	0	0	0	0	0	0	0	0	0	0	
741184	Cingulum_Mid_R	2998	1776	23864	36104	0	164	6292	3114	0	228	298	4164	254	6096	0	3888	334	1130	30756	64920	0	0	21340	22564	0	0	0	0	2218	6588	13980	35548	13320	0	2872	8828	0	492	0	0	0	0	0	1060	0	2280	0	94	0	458	0	510	0	390	0	598	0	2854	0	0	0	0	0	0	0	0	960	10568	12352	12900	2568	4964	0	2676	0	164	134	170	0	0	104	0	0	146	0	310	0	0	0	202	0	0	0	0	0	0	0	0	0	0	0	0	0	0	0	0	0	0	0	0	0	0	0	0	0	0	
168428	Cingulum_Post_L	2592	0	1084	580	0	0	178	0	0	0	0	0	0	0	0	0	352	0	2056	1494	0	0	0	0	0	0	0	0	1472	210	264	174	3526	2872	0	8460	9210	4634	4222	2212	0	0	4602	242	1372	0	994	332	412	0	908	0	1214	0	2248	848	332	162	0	0	0	0	0	0	0	0	8234	1256	4700	474	0	114	308	284	0	0	2782	4360	654	0	310	0	0	0	484	0	0	0	534	462	0	0	0	0	0	0	0	0	0	0	0	0	0	0	0	0	0	0	0	0	0	0	0	0	0	0	
175868	Cingulum_Post_R	2572	892	1260	1220	0	0	102	0	0	0	0	0	0	0	0	0	358	0	464	3102	0	0	0	0	0	0	0	0	1388	256	0	0	566	8828	8460	0	5760	8090	1352	4078	0	0	0	1882	0	190	0	1916	0	0	0	106	0	724	362	2172	268	2138	0	0	0	0	0	0	0	0	96	8182	1420	4478	0	188	478	362	0	0	5250	6834	306	0	232	0	0	0	0	190	0	0	452	710	0	0	0	0	0	0	0	0	0	0	0	0	0	0	0	0	0	0	0	0	250	0	0	0	0	0	
355556	Hippocampus_L	9996	0	3742	1252	106	0	1072	0	0	0	462	0	142	0	0	0	1218	0	3622	1198	0	0	0	0	0	0	104	0	12982	204	0	0	0	0	9210	5760	0	5592	22196	2500	6044	0	5868	0	1206	0	4246	678	104	0	1568	0	1110	0	19590	876	1210	0	128	0	162	0	474	0	144	0	7328	452	2724	0	524	418	8022	334	604	0	6326	6226	2958	0	2102	0	610	0	1610	0	236	0	11144	462	0	0	0	0	0	160	124	0	84	0	0	0	0	0	0	0	0	0	132	432	0	0	0	0	0	0	
364600	Hippocampus_R	2068	2382	1420	11182	0	0	170	2092	0	90	86	2034	0	1220	0	248	362	1490	1180	8168	0	0	330	546	0	0	0	0	1440	9934	0	756	0	492	4634	8090	5592	0	1326	27516	144	8436	0	874	0	0	0	4424	0	0	0	0	0	0	390	23790	268	1078	0	88	0	170	0	1236	0	0	0	3642	462	0	152	2018	634	15082	0	512	4294	9022	306	630	234	1740	0	1628	0	436	0	0	456	3854	0	118	0	0	0	0	0	548	0	302	0	0	0	0	0	0	0	0	0	0	484	0	0	0	0	0	
173644	ParaHippocampal_L	1308	0	434	206	172	0	106	0	0	0	0	0	0	0	172	0	96	0	656	310	590	0	0	0	0	0	0	0	2364	0	0	0	0	0	4222	1352	22196	1326	0	792	3130	0	4672	0	990	0	5538	454	88	0	1188	0	1134	0	11992	224	0	0	0	0	0	0	0	0	0	0	5712	408	542	0	298	160	2720	94	0	0	2182	1620	0	0	218	0	1838	0	708	0	1526	0	1804	132	0	0	0	0	88	140	236	0	192	0	0	0	0	0	0	0	0	0	126	366	0	0	0	0	0	0	
225560	ParaHippocampal_R	836	0	634	2788	0	0	0	204	0	0	0	1238	0	524	0	0	184	506	436	2934	0	136	0	0	0	0	0	0	660	3952	0	88	0	0	2212	4078	2500	27516	792	0	0	6570	0	908	0	0	0	5840	0	0	0	0	0	236	112	19444	144	0	0	0	0	0	0	0	0	0	0	2704	138	0	0	786	184	6818	0	408	1592	3556	138	110	0	108	0	2578	0	118	0	1218	0	1786	0	562	0	178	0	118	0	2756	0	1160	0	0	0	200	0	0	0	0	0	0	0	0	92	0	0	0	
46288	Amygdala_L	0	0	0	144	544	0	0	0	156	0	0	0	0	0	430	0	0	0	0	0	956	230	0	0	0	0	414	0	3318	0	0	0	0	0	0	0	6044	144	3130	0	0	0	0	0	0	0	0	0	0	0	0	0	0	0	2822	0	0	0	0	0	0	0	0	0	0	0	0	0	0	0	498	202	1420	0	0	0	0	148	0	0	102	0	790	0	0	0	626	0	1026	0	0	0	0	0	0	0	0	0	0	0	0	0	0	0	0	0	0	0	0	0	0	0	0	0	0	0	
54976	Amygdala_R	0	0	0	0	0	114	0	0	0	0	0	0	0	0	0	590	0	0	0	0	0	1412	0	0	0	0	0	442	0	1422	0	0	0	0	0	0	0	8436	0	6570	0	0	0	0	0	0	0	0	0	0	0	0	0	0	0	5248	0	0	0	0	0	0	0	0	0	0	0	0	0	0	120	88	0	510	0	0	0	0	0	0	0	0	0	1996	0	0	0	314	0	226	0	0	0	0	0	0	0	0	0	0	0	0	0	0	0	0	0	0	0	0	0	0	0	0	0	0	
178492	Calcarine_L	86	0	0	0	0	0	0	0	0	0	0	0	0	0	0	0	0	0	0	0	0	0	0	0	0	0	0	0	86	0	0	0	0	0	4602	0	5868	0	4672	0	0	0	0	3360	12794	4048	7600	928	7036	510	10626	0	3374	0	4008	102	0	0	90	0	0	0	0	0	0	0	15992	524	0	0	0	0	0	0	0	0	0	0	0	0	0	0	0	0	2330	0	0	0	462	0	148	0	0	0	0	0	0	0	0	0	0	0	0	0	0	0	0	0	0	0	0	0	0	0	0	0	
298616	Calcarine_R	0	808	0	262	0	0	0	0	0	0	0	0	0	0	0	0	0	0	0	680	0	0	0	0	0	0	0	0	0	0	0	0	0	1060	242	1882	0	874	0	908	0	0	3360	0	5952	28038	890	17612	0	22856	0	18426	0	8944	0	4840	0	1176	0	94	0	0	0	134	0	626	492	17750	0	2912	0	0	0	0	0	0	0	0	0	0	0	998	0	0	0	6342	0	0	0	926	0	0	0	0	0	0	0	0	0	102	0	0	0	0	0	0	0	0	0	0	122	0	0	0	0	0	
176524	Cuneus_L	0	0	0	0	0	0	0	0	0	0	0	0	0	0	0	0	0	0	0	0	0	0	0	0	0	0	0	0	92	0	0	0	364	0	1372	0	1206	0	990	0	0	0	12794	5952	0	8674	596	594	19156	3100	10552	376	2056	590	1566	148	0	0	992	0	0	0	0	0	0	0	14022	878	754	0	0	0	0	0	0	0	0	0	0	0	0	0	0	0	1006	0	0	0	432	0	0	0	0	0	0	0	0	0	0	0	0	0	0	0	0	0	0	0	0	0	0	0	0	0	0	0	
253012	Cuneus_R	0	368	0	0	0	0	0	0	0	0	0	0	0	0	0	0	0	0	0	0	0	0	0	0	0	0	0	0	0	0	0	0	0	2280	0	190	0	0	0	0	0	0	4048	28038	8674	0	100	5668	0	30438	0	12390	0	3466	0	1944	0	1058	0	1032	0	0	0	118	0	0	2218	18738	0	4074	0	0	0	0	0	0	0	0	0	0	0	132	0	0	0	1234	0	0	0	298	0	0	0	0	0	0	0	0	0	0	0	0	0	0	0	0	0	0	0	0	0	0	0	0	0	0	
222880	Lingual_L	134	0	0	0	0	0	0	0	0	0	0	0	0	0	0	0	0	0	0	0	0	0	0	0	0	0	0	0	0	0	0	0	0	0	994	0	4246	0	5538	0	0	0	7600	890	596	100	0	3660	1966	0	11944	0	9632	0	17126	1010	0	0	0	0	0	0	0	0	0	0	5362	0	0	0	0	90	182	0	0	0	530	156	0	0	0	0	0	0	126	0	0	0	262	0	6052	1146	0	0	168	0	9638	2472	11776	2276	0	0	0	0	0	0	0	0	0	92	4154	1522	0	0	0	0	
225612	Lingual_R	264	0	0	0	0	0	0	0	0	0	0	0	0	0	0	0	0	0	106	0	0	0	0	0	0	0	0	0	0	0	0	0	0	94	332	1916	678	4424	454	5840	0	0	928	17612	594	5668	3660	0	0	6280	0	4884	0	4002	660	13582	0	390	0	0	0	0	0	0	0	0	120	7108	106	500	0	0	88	94	0	0	400	812	0	0	0	84	0	0	0	336	0	0	0	890	634	3286	0	0	0	0	2712	5818	2048	5732	0	0	0	354	0	0	0	0	0	88	4940	3774	514	0	0	0	
150692	Occipital_Sup_L	0	0	0	0	0	0	0	0	0	0	0	0	0	0	0	0	0	0	0	0	0	0	0	0	0	0	0	0	0	0	0	0	144	0	412	0	104	0	88	0	0	0	7036	0	19156	0	1966	0	0	0	25032	0	1372	0	544	0	0	0	4112	0	398	0	0	0	0	0	13332	460	284	0	0	0	0	0	0	0	0	0	0	0	0	0	0	0	526	0	0	0	380	0	0	0	0	0	0	0	0	0	0	0	0	0	0	0	0	0	0	0	0	0	0	0	0	0	0	0	
251268	Occipital_Sup_R	0	104	0	0	0	0	0	0	0	0	0	0	0	0	0	0	0	0	0	0	0	0	0	0	0	0	0	0	0	0	0	0	0	458	0	0	0	0	0	0	0	0	510	22856	3100	30438	0	6280	0	0	0	23384	0	5410	0	2492	0	930	0	5002	0	1406	0	0	0	4608	706	12544	0	4502	0	0	0	0	0	0	0	0	0	0	0	0	0	0	0	784	0	0	0	120	0	0	0	0	0	0	0	0	0	0	0	0	0	0	0	0	0	0	0	0	0	0	0	0	0	0	
422408	Occipital_Mid_L	1708	0	648	0	0	0	0	0	0	0	0	0	0	0	0	0	1080	0	410	0	0	0	0	0	0	0	0	0	3800	0	0	0	700	0	908	0	1568	0	1188	0	0	0	10626	0	10552	0	11944	0	25032	0	0	0	31692	0	11506	0	4364	0	7642	0	11450	0	4300	0	8808	0	15812	330	2828	0	0	0	0	0	0	0	0	0	1174	0	3144	0	0	0	25188	0	0	0	10898	0	1720	0	0	0	0	0	0	0	184	0	0	0	0	0	0	0	0	0	0	0	0	0	0	0	0	0	
251472	Occipital_Mid_R	0	686	0	104	0	0	0	0	0	0	0	0	0	0	0	0	0	0	0	388	0	0	0	0	0	0	0	0	0	0	0	0	0	510	0	106	0	0	0	0	0	0	0	18426	376	12390	0	4884	0	23384	0	0	0	6264	0	2220	0	1816	0	3402	0	5992	0	484	0	15880	0	10760	0	4574	0	0	0	0	0	0	0	0	0	0	0	894	0	0	0	11462	0	0	0	734	0	0	0	0	0	0	0	0	0	0	0	0	0	0	0	0	0	0	0	0	0	0	0	0	0	0	
222944	Occipital_Inf_L	2174	0	640	0	0	0	0	0	0	0	0	0	0	0	0	0	604	0	424	0	0	0	0	0	0	0	0	0	3254	0	0	0	158	0	1214	0	1110	0	1134	0	0	0	3374	0	2056	0	9632	0	1372	0	31692	0	0	0	17896	0	264	0	102	0	0	0	324	0	0	0	3904	0	2036	0	0	0	0	0	0	0	0	0	1286	0	2618	0	0	0	9852	0	0	0	10134	0	2300	0	0	0	0	0	366	154	988	106	0	0	0	0	0	0	0	0	0	0	304	0	0	0	0	0	
94080	Occipital_Inf_R	0	310	0	92	0	0	0	0	0	0	0	0	0	0	0	0	0	0	0	678	0	0	0	0	0	0	0	0	0	0	0	0	0	390	0	724	0	0	0	236	0	0	0	8944	590	3466	0	4002	0	5410	0	6264	0	0	0	8544	0	110	0	0	0	0	0	0	0	422	0	2110	0	898	0	0	0	0	0	0	0	0	0	0	0	386	0	0	0	1280	0	0	0	2184	0	0	0	0	0	0	0	0	0	0	0	0	0	0	0	0	0	0	0	0	0	0	0	0	0	0	
485924	Fusiform_L	2740	0	914	168	0	0	0	0	0	0	126	0	0	0	0	0	600	0	1178	96	0	0	0	0	0	0	0	0	7632	0	0	0	102	0	2248	362	19590	390	11992	112	2822	0	4008	0	1566	0	17126	660	544	0	11506	0	17896	0	0	186	584	0	250	0	328	0	644	0	154	0	4798	0	1838	0	250	0	1958	0	0	0	508	454	2152	0	3514	0	6276	0	9172	0	3512	0	30024	0	18950	584	622	0	394	0	15338	1406	27328	1232	704	0	716	0	90	0	0	0	0	0	3010	1608	0	0	0	0	
354948	Fusiform_R	402	640	182	1574	0	0	0	148	0	0	0	628	0	458	0	0	0	90	142	2404	0	0	0	0	0	0	0	0	288	2676	0	0	0	598	848	2172	876	23790	224	19444	0	5248	102	4840	148	1944	1010	13582	0	2492	0	2220	0	8544	186	0	0	406	0	0	0	98	0	182	0	0	0	2244	92	1326	0	324	0	4846	0	358	482	1398	0	342	0	1060	0	6396	0	2528	0	2222	0	15208	310	8170	110	764	0	324	1362	8932	604	11686	166	230	170	972	0	318	0	0	0	108	2332	2080	710	322	392	0	
289892	Postcentral_L	27578	0	9644	0	0	0	2130	0	0	0	4126	0	414	0	0	0	12188	0	4958	0	0	0	0	0	0	0	0	0	5016	0	0	0	0	0	332	268	1210	268	0	144	0	0	0	0	0	0	0	0	0	0	4364	0	264	0	584	0	0	0	15744	0	18756	0	9678	0	2894	0	4202	0	6198	0	100	86	278	0	108	0	214	238	4210	0	5456	0	0	0	1956	0	0	0	1340	0	0	0	0	0	0	0	0	0	0	0	0	0	0	0	0	0	0	0	0	0	0	0	0	0	0	0	
218472	Postcentral_R	84	22382	92	6228	0	0	0	1464	0	0	0	3214	0	0	0	0	0	6628	326	5132	0	0	0	0	0	0	0	0	0	1264	0	0	168	2854	162	2138	0	1078	0	0	0	0	0	1176	0	1058	0	390	0	930	0	1816	0	110	0	406	0	0	0	3454	0	5448	0	12166	0	2648	0	8474	124	8206	0	132	0	230	0	0	0	0	0	328	0	2650	0	0	0	4128	0	0	0	2148	0	0	0	0	0	0	0	0	0	0	0	0	0	0	0	0	0	0	0	0	0	0	0	0	0	0	
141944	Parietal_Sup_L	1346	0	86	0	0	0	204	0	0	0	0	0	0	0	0	0	284	0	0	0	0	0	0	0	0	0	0	0	256	0	0	0	474	0	0	0	128	0	0	0	0	0	90	0	992	0	0	0	4112	0	7642	0	102	0	250	0	15744	0	0	0	16262	0	2850	0	3682	0	12066	116	1704	0	0	0	0	0	0	0	0	0	118	0	370	0	0	0	1094	0	0	0	1000	0	0	0	0	0	0	0	0	0	0	0	0	0	0	0	0	0	0	0	0	0	0	0	0	0	0	0	
74616	Parietal_Sup_R	0	274	0	298	0	0	0	0	0	0	0	0	0	0	0	0	0	0	0	242	0	0	0	0	0	0	0	0	0	0	0	0	0	0	0	0	0	88	0	0	0	0	0	94	0	1032	0	0	0	5002	0	3402	0	0	0	0	0	3454	0	0	0	6050	0	4256	0	4592	0	5442	0	874	0	0	0	0	0	0	0	0	0	0	0	266	0	0	0	876	0	0	0	1066	0	0	0	0	0	0	0	0	0	0	0	0	0	0	0	0	0	0	0	0	0	0	0	0	0	0	
169388	Parietal_Inf_L	2666	0	100	0	0	0	138	0	0	0	0	0	0	0	0	0	286	0	96	0	0	0	0	0	0	0	0	0	102	0	0	0	0	0	0	0	162	0	0	0	0	0	0	0	0	0	0	0	398	0	11450	0	0	0	328	0	18756	0	16262	0	0	0	11984	0	12980	0	2842	0	1098	0	0	0	0	0	0	0	0	0	0	0	176	0	0	0	2478	0	0	0	2392	0	0	0	0	0	0	0	0	0	0	0	0	0	0	0	0	0	0	0	0	0	0	0	0	0	0	0	
99520	Parietal_Inf_R	0	1100	0	772	0	0	0	0	0	0	0	0	0	0	0	0	0	0	0	604	0	0	0	0	0	0	0	0	0	0	0	0	0	0	0	0	0	170	0	0	0	0	0	0	0	0	0	0	0	1406	0	5992	0	0	0	98	0	5448	0	6050	0	0	0	9414	0	14818	0	720	0	628	0	0	0	0	0	0	0	0	0	0	0	392	0	0	0	1308	0	0	0	840	0	0	0	0	0	0	0	0	0	0	0	0	0	0	0	0	0	0	0	0	0	0	0	0	0	0	
122740	SupraMarginal_L	684	0	86	0	0	0	312	0	0	0	0	0	0	0	0	0	2792	0	0	0	0	0	0	0	0	0	0	0	664	0	0	0	0	0	0	0	474	0	0	0	0	0	0	0	0	0	0	0	0	0	4300	0	324	0	644	0	9678	0	2850	0	11984	0	0	0	5700	0	1354	0	440	0	0	0	0	0	0	0	0	0	368	0	4652	0	0	0	8194	0	0	0	5870	0	0	0	0	0	0	0	0	0	0	0	0	0	0	0	0	0	0	0	0	0	0	0	0	0	0	0	
97064	SupraMarginal_R	0	3334	0	356	0	0	0	0	0	0	0	0	0	0	0	0	0	2124	0	406	0	0	0	0	0	0	0	0	0	350	0	0	0	0	0	0	0	1236	0	0	0	0	0	134	0	118	0	0	0	0	0	484	0	0	0	182	0	12166	0	4256	0	9414	0	0	0	3588	0	674	0	576	0	0	0	0	0	0	0	0	0	574	0	5002	0	0	0	2562	0	0	0	996	0	0	0	0	0	0	0	0	0	0	0	0	0	0	0	0	0	0	0	0	0	0	0	0	0	0	
94280	Angular_L	0	0	0	0	0	0	0	0	0	0	0	0	0	0	0	0	94	0	0	0	0	0	0	0	0	0	0	0	0	0	0	0	0	0	0	0	144	0	0	0	0	0	0	0	0	0	0	0	0	0	8808	0	0	0	154	0	2894	0	3682	0	12980	0	5700	0	0	0	2366	0	342	0	0	0	0	0	0	0	0	0	0	0	642	0	0	0	5746	0	0	0	3588	0	0	0	0	0	0	0	0	0	0	0	0	0	0	0	0	0	0	0	0	0	0	0	0	0	0	0	
121860	Angular_R	0	372	0	104	0	0	0	0	0	0	0	0	0	0	0	0	0	0	0	106	0	0	0	0	0	0	0	0	0	0	0	0	0	0	0	0	0	0	0	0	0	0	0	626	0	0	0	0	0	4608	0	15880	0	422	0	0	0	2648	0	4592	0	14818	0	3588	0	0	0	1564	0	1512	0	0	0	0	0	0	0	0	0	0	0	2264	0	0	0	7060	0	0	0	766	0	0	0	0	0	0	0	0	0	0	0	0	0	0	0	0	0	0	0	0	0	0	0	0	0	0	
284184	Precuneus_L	366	0	152	0	0	0	0	0	0	0	0	0	0	0	0	0	158	0	648	0	0	0	0	0	0	0	0	0	148	0	222	108	5988	960	8234	96	7328	0	5712	0	0	0	15992	492	14022	2218	5362	120	13332	706	15812	0	3904	0	4798	0	4202	0	12066	0	2842	0	1354	0	2366	0	0	4688	4230	0	0	0	0	0	0	0	0	0	0	0	420	0	0	0	2036	0	0	0	1010	0	0	0	0	0	0	0	0	0	0	0	0	0	0	0	0	0	0	0	0	0	0	0	0	0	0	0	
302808	Precuneus_R	108	2304	0	86	0	0	0	0	0	0	0	0	0	0	0	0	0	176	0	470	0	0	0	0	0	0	0	0	0	0	0	0	680	10568	1256	8182	452	3642	408	2704	0	0	524	17750	878	18738	0	7108	460	12544	330	10760	0	2110	0	2244	0	8474	116	5442	0	720	0	674	0	1564	4688	0	136	14368	0	0	0	0	0	0	488	792	0	0	0	908	0	0	0	5960	0	0	0	2000	0	0	0	0	0	0	0	0	0	0	0	0	0	0	0	0	0	0	0	0	592	0	0	0	0	0	
313488	Paracentral_Lobule_L	34172	962	3874	1858	0	0	0	0	0	0	0	0	0	0	0	0	370	0	22638	19426	0	0	0	0	0	0	0	0	1172	0	0	0	2236	12352	4700	1420	2724	462	542	138	0	0	0	0	754	0	0	106	284	0	2828	0	2036	0	1838	92	6198	124	1704	0	1098	0	440	0	342	0	4230	136	0	5802	404	1738	5000	0	1330	84	6414	1486	342	0	342	0	0	0	1410	0	0	0	1136	0	0	0	0	0	0	0	0	0	0	0	0	0	0	0	0	0	0	0	0	0	0	0	0	0	0	0	
196896	Paracentral_Lobule_R	708	6358	0	268	0	0	0	0	0	0	0	0	0	0	0	0	0	172	922	14676	0	0	0	0	0	0	0	0	0	0	0	0	192	12900	474	4478	0	0	0	0	0	0	0	2912	0	4074	0	500	0	4502	0	4574	0	898	0	1326	0	8206	0	874	0	628	0	576	0	1512	0	14368	5802	0	0	0	0	0	0	0	0	0	0	0	0	1052	0	0	0	3540	0	0	0	1956	0	0	0	0	0	0	0	0	0	0	0	0	0	0	0	0	0	0	0	0	0	0	0	0	0	0	
422960	Caudate_L	2116	330	14540	4330	2550	288	6462	2290	368	0	4412	1262	2014	1336	3118	466	8136	242	9566	3236	6462	8690	1346	842	402	510	2808	572	21040	1134	9632	4916	152	2568	0	0	524	152	298	0	498	120	0	0	0	0	0	0	0	0	0	0	0	0	250	0	100	0	0	0	0	0	0	0	0	0	0	0	404	0	0	19976	26512	7836	3788	2686	11198	970	0	0	6424	0	462	0	946	0	0	0	200	0	0	0	0	0	0	0	0	0	0	0	0	0	0	0	0	0	0	0	0	0	0	0	0	0	0	0	
478124	Caudate_R	1962	408	2892	16680	126	4678	606	1158	0	1334	332	3096	184	3104	0	2896	234	1286	3302	25836	2480	10298	554	7128	114	5362	700	5074	1996	5730	5182	22844	0	4964	114	188	418	2018	160	786	202	88	0	0	0	0	90	0	0	0	0	0	0	0	0	324	86	132	0	0	0	0	0	0	0	0	0	0	1738	0	19976	0	9694	35944	1340	5752	1764	14872	0	0	106	126	0	266	0	0	0	0	0	0	0	0	0	0	0	0	0	0	0	0	0	0	0	0	0	0	0	0	0	338	0	0	0	0	0	0	
352464	Putamen_L	6302	98	13888	514	6752	102	2034	0	2474	0	1098	106	2550	96	9112	0	826	0	9180	338	4310	5916	3076	438	404	246	1462	250	19832	0	7838	2530	0	0	308	478	8022	634	2720	184	1420	0	0	0	0	0	182	88	0	0	0	0	0	0	1958	0	278	0	0	0	0	0	0	0	0	0	0	0	5000	0	26512	9694	0	4524	6098	1360	2508	750	102	0	384	0	458	0	0	0	0	0	798	0	0	0	0	0	0	0	0	0	0	0	0	0	0	0	0	0	0	0	0	0	0	0	0	0	0	0	
444024	Putamen_R	220	320	1876	18816	0	3880	362	2698	0	968	176	8444	0	5690	0	4086	128	3200	1794	15592	1044	3804	1038	5958	0	2840	218	3176	540	25758	3824	16428	0	2676	284	362	334	15082	94	6818	0	510	0	0	0	0	0	94	0	0	0	0	0	0	0	4846	0	230	0	0	0	0	0	0	0	0	0	0	0	0	7836	35944	4524	0	402	4010	202	3040	0	0	0	622	0	924	0	124	0	0	0	176	0	0	0	0	0	0	0	0	0	0	0	0	0	0	0	0	0	0	0	0	0	0	0	0	0	0	
50632	Pallidum_L	1728	0	2708	0	0	0	0	0	0	0	112	0	0	0	0	0	592	0	1988	0	166	1064	0	0	0	0	0	0	594	0	96	0	0	0	0	0	604	0	0	0	0	0	0	0	0	0	0	0	0	0	0	0	0	0	0	0	108	0	0	0	0	0	0	0	0	0	0	0	1330	0	3788	1340	6098	402	0	594	1390	0	0	0	484	0	0	0	130	0	0	0	0	0	0	0	0	0	0	0	0	0	0	0	0	0	0	0	0	0	0	0	0	0	0	0	0	0	0	0	
52584	Pallidum_R	158	0	190	3260	0	0	0	576	0	0	0	264	0	116	0	100	0	298	156	2828	0	922	130	154	0	0	0	0	0	280	170	466	0	164	0	0	0	512	0	408	0	0	0	0	0	0	0	0	0	0	0	0	0	0	0	358	0	0	0	0	0	0	0	0	0	0	0	0	84	0	2686	5752	1360	4010	594	0	0	296	0	0	0	0	0	0	0	0	0	0	0	0	0	0	0	0	0	0	0	0	0	0	0	0	0	0	0	0	0	0	0	0	0	0	0	0	0	0	
210096	Thalamus_L	9662	148	2602	1170	0	0	1596	0	0	0	984	94	0	100	0	0	4984	0	8334	2324	0	0	0	0	0	0	0	0	6558	144	0	0	0	134	2782	5250	6326	4294	2182	1592	0	0	0	0	0	0	530	400	0	0	0	0	0	0	508	482	214	0	0	0	0	0	0	0	0	0	0	488	6414	0	11198	1764	2508	202	1390	0	0	11668	262	0	4310	0	0	0	658	0	0	0	592	200	0	0	0	0	0	0	0	0	0	0	0	0	0	0	0	0	0	0	0	0	0	0	0	0	0	0	
226708	Thalamus_R	3890	0	1498	8852	0	0	100	606	0	0	0	236	0	296	0	184	536	0	1050	20120	0	126	98	598	0	238	0	86	1526	1094	0	1304	0	170	4360	6834	6226	9022	1620	3556	148	0	0	0	0	0	156	812	0	0	0	0	0	0	454	1398	238	0	0	0	0	0	0	0	0	0	0	792	1486	0	970	14872	750	3040	0	296	11668	0	286	0	392	0	0	0	0	0	0	0	502	456	0	0	0	0	0	0	0	0	0	0	0	0	0	0	0	0	0	0	0	412	0	0	0	0	0	0	
115808	Heschl_L	4532	0	3138	0	0	0	408	0	0	0	1092	0	0	0	0	0	5776	0	2680	0	0	0	0	0	0	0	0	0	11116	0	0	0	0	0	654	306	2958	306	0	138	0	0	0	0	0	0	0	0	0	0	1174	0	1286	0	2152	0	4210	0	118	0	0	0	368	0	0	0	0	0	342	0	0	0	102	0	0	0	262	286	0	0	6970	0	0	0	4250	0	0	0	3280	0	0	0	0	0	0	0	0	0	0	0	0	0	0	0	0	0	0	0	0	0	0	0	0	0	0	0	
25728	Heschl_R	0	234	0	662	0	0	0	0	0	0	0	216	0	0	0	0	0	1976	0	646	0	0	0	0	0	0	0	0	0	1430	0	0	0	0	0	0	0	630	0	110	0	0	0	0	0	0	0	0	0	0	0	0	0	0	0	342	0	328	0	0	0	0	0	574	0	0	0	0	0	0	0	0	0	0	0	0	0	0	0	0	0	4980	0	158	0	308	0	0	0	270	0	0	0	0	0	0	0	0	0	0	0	0	0	0	0	0	0	0	0	0	0	0	0	0	0	0	
302248	Temporal_Sup_L	4288	0	5004	0	0	0	1300	0	0	0	6492	0	412	0	0	0	24276	0	5680	92	0	0	0	0	0	0	0	0	24984	0	190	0	0	104	310	232	2102	234	218	0	102	0	0	0	0	0	0	0	0	0	3144	0	2618	0	3514	0	5456	0	370	0	176	0	4652	0	642	0	420	0	342	0	6424	106	384	0	484	0	4310	392	6970	0	0	0	1676	0	19998	0	0	0	13026	0	0	0	0	0	0	0	0	0	0	0	0	0	0	0	0	0	0	0	0	0	0	0	0	0	0	0	
99168	Temporal_Sup_R	0	1100	0	872	0	0	0	0	0	0	0	554	0	0	0	0	0	2824	0	1442	0	0	0	0	0	0	0	0	0	2286	0	0	0	0	0	0	0	1740	0	108	0	0	0	998	0	132	0	84	0	0	0	894	0	386	0	1060	0	2650	0	266	0	392	0	5002	0	2264	0	908	0	1052	0	126	0	622	0	0	0	0	0	4980	0	0	0	2492	0	11022	0	492	0	2836	0	0	0	0	0	0	0	0	0	0	0	0	0	0	0	0	0	0	0	0	0	0	0	0	0	0	
85040	Temporal_Pole_Sup_L	0	0	814	0	180	0	0	0	366	0	2226	0	464	0	1484	0	956	0	688	0	272	0	0	0	0	0	0	0	3678	0	0	0	0	0	0	0	610	0	1838	0	790	0	0	0	0	0	0	0	0	0	0	0	0	0	6276	0	0	0	0	0	0	0	0	0	0	0	0	0	0	0	462	0	458	0	0	0	0	0	0	0	1676	0	0	0	6448	0	5294	0	7540	0	0	0	0	0	0	0	0	0	0	0	0	0	0	0	0	0	0	0	0	0	0	0	0	0	0	0	
69276	Temporal_Pole_Sup_R	0	0	0	372	0	0	0	0	0	0	0	1626	0	628	0	596	0	750	0	720	0	194	0	0	0	0	0	0	0	2638	0	0	0	146	0	0	0	1628	0	2578	0	1996	0	0	0	0	0	0	0	0	0	0	0	0	0	6396	0	0	0	0	0	0	0	0	0	0	0	0	0	0	0	266	0	924	0	0	0	0	0	158	0	2492	0	0	0	3504	0	4628	0	2398	0	0	0	0	0	0	0	0	0	0	0	0	0	0	0	0	0	0	0	0	0	0	0	0	0	0	
349584	Temporal_Mid_L	2794	0	1670	0	0	0	170	0	0	0	770	0	0	0	0	0	4314	0	1362	0	0	0	0	0	0	0	0	0	9468	0	0	0	0	0	484	0	1610	0	708	0	0	0	2330	0	1006	0	126	0	526	0	25188	0	9852	0	9172	0	1956	0	1094	0	2478	0	8194	0	5746	0	2036	0	1410	0	946	0	0	0	130	0	658	0	4250	0	19998	0	6448	0	0	0	4600	0	43298	0	0	0	0	0	0	0	0	0	0	0	0	0	0	0	0	0	0	0	0	0	0	0	0	0	0	0	
179572	Temporal_Mid_R	0	1530	0	422	0	0	0	0	0	0	0	0	0	0	0	0	0	144	0	1236	0	0	0	0	0	0	0	0	0	412	0	0	0	310	0	190	0	436	0	118	0	0	0	6342	0	1234	0	336	0	784	0	11462	0	1280	0	2528	0	4128	0	876	0	1308	0	2562	0	7060	0	5960	0	3540	0	0	0	124	0	0	0	0	0	308	0	11022	0	3504	0	0	0	1568	0	19062	0	0	0	0	0	0	0	0	0	0	0	0	0	0	0	0	0	0	0	0	0	0	0	0	0	0	
41484	Temporal_Pole_Mid_L	0	0	0	0	0	0	0	0	0	0	0	0	0	0	0	0	0	0	0	0	0	0	0	0	0	0	0	0	238	0	0	0	0	0	0	0	236	0	1526	0	626	0	0	0	0	0	0	0	0	0	0	0	0	0	3512	0	0	0	0	0	0	0	0	0	0	0	0	0	0	0	0	0	0	0	0	0	0	0	0	0	0	0	5294	0	4600	0	0	0	4710	0	0	0	0	0	0	0	0	0	0	0	0	0	0	0	0	0	0	0	0	0	0	0	0	0	0	0	
22868	Temporal_Pole_Mid_R	0	0	0	0	0	0	0	0	0	0	0	0	0	0	0	0	0	0	0	0	0	0	0	0	0	0	0	0	0	0	0	0	0	0	0	0	0	0	0	1218	0	314	0	0	0	0	0	0	0	0	0	0	0	0	0	2222	0	0	0	0	0	0	0	0	0	0	0	0	0	0	0	0	0	0	0	0	0	0	0	0	0	492	0	4628	0	1568	0	0	0	992	0	0	0	0	0	0	0	0	0	0	0	0	0	0	0	0	0	0	0	0	0	0	0	0	0	0	
358792	Temporal_Inf_L	2118	0	2028	258	0	0	0	0	0	0	158	0	86	0	0	0	864	0	2062	128	0	0	0	0	0	0	0	0	10644	0	0	0	0	0	534	452	11144	456	1804	0	1026	0	462	0	432	0	262	0	380	0	10898	0	10134	0	30024	0	1340	0	1000	0	2392	0	5870	0	3588	0	1010	0	1136	0	200	0	798	0	0	0	592	502	3280	0	13026	0	7540	0	43298	0	4710	0	0	0	1426	0	112	0	0	0	438	0	572	0	114	0	98	0	0	0	0	0	0	0	0	0	0	0	0	0	
136952	Temporal_Inf_R	200	982	0	626	0	0	0	0	0	0	0	0	0	0	0	0	0	0	0	1504	0	0	0	0	0	0	0	0	150	378	0	0	0	202	462	710	462	3854	132	1786	0	226	0	926	0	298	0	890	0	120	0	734	0	2184	0	15208	0	2148	0	1066	0	840	0	996	0	766	0	2000	0	1956	0	0	0	176	0	0	200	456	0	270	0	2836	0	2398	0	19062	0	992	0	0	0	280	0	0	0	0	0	0	0	0	0	0	0	0	0	0	0	0	0	0	0	0	0	0	0	0	
392308	Cerebelum_Crus1_L	0	0	0	0	0	0	0	0	0	0	0	0	0	0	0	0	0	0	0	0	0	0	0	0	0	0	0	0	0	0	0	0	0	0	0	0	0	0	0	0	0	0	148	0	0	0	6052	634	0	0	1720	0	2300	0	18950	310	0	0	0	0	0	0	0	0	0	0	0	0	0	0	0	0	0	0	0	0	0	0	0	0	0	0	0	0	0	0	0	0	1426	0	0	2830	21838	3158	1796	274	19672	2118	51680	3924	12102	504	15674	3242	3494	866	424	0	548	964	4014	5136	6810	1828	1200	518	
357484	Cerebelum_Crus1_R	0	0	0	0	0	0	0	0	0	0	0	0	0	0	0	0	0	0	0	0	0	0	0	0	0	0	0	0	0	0	0	0	0	0	0	0	0	118	0	562	0	0	0	0	0	0	1146	3286	0	0	0	0	0	0	584	8170	0	0	0	0	0	0	0	0	0	0	0	0	0	0	0	0	0	0	0	0	0	0	0	0	0	0	0	0	0	0	0	0	0	280	2830	0	296	23222	784	3986	7084	22096	4242	47998	156	10692	204	9252	0	110	0	0	526	2886	11828	7932	8118	140	214	0	
176476	Cerebelum_Crus2_L	0	0	0	0	0	0	0	0	0	0	0	0	0	0	0	0	0	0	0	0	0	0	0	0	0	0	0	0	0	0	0	0	0	0	0	0	0	0	0	0	0	0	0	0	0	0	0	0	0	0	0	0	0	0	622	110	0	0	0	0	0	0	0	0	0	0	0	0	0	0	0	0	0	0	0	0	0	0	0	0	0	0	0	0	0	0	0	0	112	0	21838	296	0	3280	156	0	922	264	2594	560	24166	1468	20976	2470	916	266	0	0	0	0	106	584	3948	1946	638	0	
217476	Cerebelum_Crus2_R	0	0	0	0	0	0	0	0	0	0	0	0	0	0	0	0	0	0	0	0	0	0	0	0	0	0	0	0	0	0	0	0	0	0	0	0	0	0	0	178	0	0	0	0	0	0	0	0	0	0	0	0	0	0	0	764	0	0	0	0	0	0	0	0	0	0	0	0	0	0	0	0	0	0	0	0	0	0	0	0	0	0	0	0	0	0	0	0	0	0	3158	23222	3280	0	0	634	126	1876	568	5844	2200	23132	2692	22570	122	1998	0	96	104	384	264	1072	10648	2394	1262	150	
45952	Cerebelum_3_L	0	0	0	0	0	0	0	0	0	0	0	0	0	0	0	0	0	0	0	0	0	0	0	0	0	0	0	0	0	0	0	0	0	0	0	0	0	0	88	0	0	0	0	0	0	0	168	0	0	0	0	0	0	0	394	0	0	0	0	0	0	0	0	0	0	0	0	0	0	0	0	0	0	0	0	0	0	0	0	0	0	0	0	0	0	0	0	0	0	0	1796	784	156	0	0	506	5980	218	2550	1214	126	0	400	120	372	218	0	0	1856	2694	2266	490	142	90	258	90	
55488	Cerebelum_3_R	0	0	0	0	0	0	0	0	0	0	0	0	0	0	0	0	0	0	0	0	0	0	0	0	0	0	0	0	0	0	0	0	0	0	0	0	160	0	140	118	0	0	0	0	0	0	0	0	0	0	0	0	0	0	0	324	0	0	0	0	0	0	0	0	0	0	0	0	0	0	0	0	0	0	0	0	0	0	0	0	0	0	0	0	0	0	0	0	0	0	274	3986	0	634	506	0	690	4976	326	6866	0	254	0	464	0	294	0	0	764	3952	1592	508	408	148	360	0	
304696	Cerebelum_4_5_L	0	0	0	0	0	0	0	0	0	0	0	0	0	0	0	0	0	0	0	0	0	0	0	0	0	0	0	0	0	0	0	0	0	0	0	0	124	0	236	0	0	0	0	0	0	0	9638	2712	0	0	0	0	366	0	15338	1362	0	0	0	0	0	0	0	0	0	0	0	0	0	0	0	0	0	0	0	0	0	0	0	0	0	0	0	0	0	0	0	0	438	0	19672	7084	922	126	5980	690	0	9306	33450	9552	1218	0	1550	248	2226	1074	170	0	1910	3350	17558	3358	446	210	408	1626	
259744	Cerebelum_4_5_R	0	0	0	0	0	0	0	0	0	0	0	0	0	0	0	0	0	0	0	0	0	0	0	0	0	0	0	0	0	0	0	0	0	0	0	0	0	548	0	2756	0	0	0	0	0	0	2472	5818	0	0	0	0	154	0	1406	8932	0	0	0	0	0	0	0	0	0	0	0	0	0	0	0	0	0	0	0	0	0	0	0	0	0	0	0	0	0	0	0	0	0	0	2118	22096	264	1876	218	4976	9306	0	4782	32590	370	506	400	1546	0	876	0	0	578	2780	15786	3292	1706	638	984	98	
382652	Cerebelum_6_L	0	0	0	0	0	0	0	0	0	0	0	0	0	0	0	0	0	0	0	0	0	0	0	0	0	0	0	0	0	0	0	0	0	0	0	0	84	0	192	0	0	0	0	0	0	0	11776	2048	0	0	184	0	988	0	27328	604	0	0	0	0	0	0	0	0	0	0	0	0	0	0	0	0	0	0	0	0	0	0	0	0	0	0	0	0	0	0	0	0	572	0	51680	4242	2594	568	2550	326	33450	4782	0	6566	3390	0	5444	946	3534	978	372	0	900	1428	9022	8114	3474	1178	1284	728	
379440	Cerebelum_6_R	0	0	0	0	0	0	0	0	0	0	0	0	0	0	0	0	0	0	0	0	0	0	0	0	0	0	0	0	0	0	0	0	0	0	0	0	0	302	0	1160	0	0	0	102	0	0	2276	5732	0	0	0	0	106	0	1232	11686	0	0	0	0	0	0	0	0	0	0	0	0	0	0	0	0	0	0	0	0	0	0	0	0	0	0	0	0	0	0	0	0	0	0	3924	47998	560	5844	1214	6866	9552	32590	6566	0	466	1864	552	3646	0	1026	0	0	1300	4714	16476	12294	6934	876	1554	308	
169356	Cerebelum_7b_L	0	0	0	0	0	0	0	0	0	0	0	0	0	0	0	0	0	0	0	0	0	0	0	0	0	0	0	0	0	0	0	0	0	0	0	0	0	0	0	0	0	0	0	0	0	0	0	0	0	0	0	0	0	0	704	166	0	0	0	0	0	0	0	0	0	0	0	0	0	0	0	0	0	0	0	0	0	0	0	0	0	0	0	0	0	0	0	0	114	0	12102	156	24166	2200	126	0	1218	370	3390	466	0	306	26316	2638	1744	478	252	0	0	0	172	458	3310	2954	872	0	
127352	Cerebelum_7b_R	0	0	0	0	0	0	0	0	0	0	0	0	0	0	0	0	0	0	0	0	0	0	0	0	0	0	0	0	0	0	0	0	0	0	0	0	0	0	0	0	0	0	0	0	0	0	0	0	0	0	0	0	0	0	0	230	0	0	0	0	0	0	0	0	0	0	0	0	0	0	0	0	0	0	0	0	0	0	0	0	0	0	0	0	0	0	0	0	0	0	504	10692	1468	23132	0	254	0	506	0	1864	306	0	644	18432	0	1934	0	0	0	130	0	110	2792	678	0	0	
228376	Cerebelum_8_L	0	0	0	0	0	0	0	0	0	0	0	0	0	0	0	0	0	0	0	0	0	0	0	0	0	0	0	0	0	0	0	0	0	0	0	0	0	0	0	0	0	0	0	0	0	0	0	0	0	0	0	0	0	0	716	170	0	0	0	0	0	0	0	0	0	0	0	0	0	0	0	0	0	0	0	0	0	0	0	0	0	0	0	0	0	0	0	0	98	0	15674	204	20976	2692	400	0	1550	400	5444	552	26316	644	0	5414	12878	1636	1022	0	146	198	322	958	5612	7132	2576	458	
216332	Cerebelum_8_R	0	0	0	0	0	0	0	0	0	0	0	0	0	0	0	0	0	0	0	0	0	0	0	0	0	0	0	0	0	0	0	0	0	0	0	0	0	0	0	200	0	0	0	0	0	0	0	354	0	0	0	0	0	0	0	972	0	0	0	0	0	0	0	0	0	0	0	0	0	0	0	0	0	0	0	0	0	0	0	0	0	0	0	0	0	0	0	0	0	0	3242	9252	2470	22570	120	464	248	1546	946	3646	2638	18432	5414	0	582	11824	0	364	238	368	708	2762	8958	6162	2936	750	
70744	Cerebelum_9_L	0	0	0	0	0	0	0	0	0	0	0	0	0	0	0	0	0	0	0	0	0	0	0	0	0	0	0	0	0	0	0	0	0	0	0	0	0	0	0	0	0	0	0	0	0	0	0	0	0	0	0	0	0	0	90	0	0	0	0	0	0	0	0	0	0	0	0	0	0	0	0	0	0	0	0	0	0	0	0	0	0	0	0	0	0	0	0	0	0	0	3494	0	916	122	372	0	2226	0	3534	0	1744	0	12878	582	0	1158	1738	0	0	0	610	896	1038	1496	1614	864	
91272	Cerebelum_9_R	0	0	0	0	0	0	0	0	0	0	0	0	0	0	0	0	0	0	0	0	0	0	0	0	0	0	0	0	0	0	0	0	0	0	0	0	0	0	0	0	0	0	0	0	0	0	0	0	0	0	0	0	0	0	0	318	0	0	0	0	0	0	0	0	0	0	0	0	0	0	0	0	0	0	0	0	0	0	0	0	0	0	0	0	0	0	0	0	0	0	866	110	266	1998	218	294	1074	876	978	1026	478	1934	1636	11824	1158	0	0	1106	582	420	1502	3176	2618	3692	4388	3098	
7956	Cerebelum_10_L	0	0	0	0	0	0	0	0	0	0	0	0	0	0	0	0	0	0	0	0	0	0	0	0	0	0	0	0	0	0	0	0	0	0	0	0	0	0	0	0	0	0	0	0	0	0	0	0	0	0	0	0	0	0	0	0	0	0	0	0	0	0	0	0	0	0	0	0	0	0	0	0	0	0	0	0	0	0	0	0	0	0	0	0	0	0	0	0	0	0	424	0	0	0	0	0	170	0	372	0	252	0	1022	0	1738	0	0	0	0	0	0	0	0	0	0	0	
4572	Cerebelum_10_R	0	0	0	0	0	0	0	0	0	0	0	0	0	0	0	0	0	0	0	0	0	0	0	0	0	0	0	0	0	0	0	0	0	0	0	0	0	0	0	0	0	0	0	0	0	0	0	0	0	0	0	0	0	0	0	0	0	0	0	0	0	0	0	0	0	0	0	0	0	0	0	0	0	0	0	0	0	0	0	0	0	0	0	0	0	0	0	0	0	0	0	0	0	96	0	0	0	0	0	0	0	0	0	364	0	1106	0	0	0	0	0	0	126	202	210	182	
37540	Vermis_1_2	0	0	0	0	0	0	0	0	0	0	0	0	0	0	0	0	0	0	0	0	0	0	0	0	0	0	0	0	0	0	0	0	0	0	0	0	132	0	126	0	0	0	0	0	0	0	0	0	0	0	0	0	0	0	0	0	0	0	0	0	0	0	0	0	0	0	0	0	0	0	0	0	0	0	0	0	0	0	0	0	0	0	0	0	0	0	0	0	0	0	548	526	0	104	1856	764	1910	578	900	1300	0	0	146	238	0	582	0	0	0	4530	2288	978	370	234	660	0	
74324	Vermis_3	0	0	0	0	0	0	0	0	0	0	0	0	0	0	0	0	0	0	0	140	0	0	0	0	0	0	0	0	0	0	0	0	0	0	0	0	432	0	366	0	0	0	0	0	0	0	92	88	0	0	0	0	0	0	0	108	0	0	0	0	0	0	0	0	0	0	0	0	0	0	0	338	0	0	0	0	0	412	0	0	0	0	0	0	0	0	0	0	0	0	964	2886	0	384	2694	3952	3350	2780	1428	4714	0	130	198	368	0	420	0	0	4530	0	4168	996	452	230	542	0	
230336	Vermis_4_5	0	0	0	0	0	0	0	0	0	0	0	0	0	0	0	0	0	0	0	0	0	0	0	0	0	0	0	0	0	0	0	0	0	0	0	250	0	484	0	0	0	0	0	122	0	0	4154	4940	0	0	0	0	304	0	3010	2332	0	0	0	0	0	0	0	0	0	0	0	592	0	0	0	0	0	0	0	0	0	0	0	0	0	0	0	0	0	0	0	0	0	0	4014	11828	106	264	2266	1592	17558	15786	9022	16476	172	0	322	708	610	1502	0	0	2288	4168	0	6334	994	288	734	1948	
161296	Vermis_6	0	0	0	0	0	0	0	0	0	0	0	0	0	0	0	0	0	0	0	0	0	0	0	0	0	0	0	0	0	0	0	0	0	0	0	0	0	0	0	0	0	0	0	0	0	0	1522	3774	0	0	0	0	0	0	1608	2080	0	0	0	0	0	0	0	0	0	0	0	0	0	0	0	0	0	0	0	0	0	0	0	0	0	0	0	0	0	0	0	0	0	0	5136	7932	584	1072	490	508	3358	3292	8114	12294	458	110	958	2762	896	3176	0	0	978	996	6334	0	5166	1722	2548	2780	
