data	data	542328	353680	1.20691e+06	930836	167952	93876	568088	246152	118960	32716	219872	373048	245904	300808	226112	95352	194048	142784	915084	853512	80540	91236	438016	513220	23872	98812	42288	57792	593968	619436	420336	709912	242056	521800	181048	206280	331432	356316	143736	211784	54600	52564	268048	270116	166572	302052	281932	329084	172264	325264	553856	232220	169296	92688	402776	366252	267304	171196	152360	101792	244140	110848	143252	109344	111312	108684	298596	457368	338336	250216	304076	521276	375480	402524	48120	51700	293308	224592	125352	34656	225076	126564	95440	64776	343292	283488	25236	21556	375916	305572	490044	420080	303016	315796	50692	72760	270888	246680	531344	403288	280604	222320	346456	316632	182432	168056	33948	25476	47332	111292	299332	338316	225380	184580	138364	42408	
data	data	Precentral_L	Precentral_R	Frontal_Sup_L	Frontal_Sup_R	Frontal_Sup_Orb_L	Frontal_Sup_Orb_R	Frontal_Mid_L	Frontal_Mid_R	Frontal_Mid_Orb_L	Frontal_Mid_Orb_R	Frontal_Inf_Oper_L	Frontal_Inf_Oper_R	Frontal_Inf_Tri_L	Frontal_Inf_Tri_R	Frontal_Inf_Orb_L	Frontal_Inf_Orb_R	Rolandic_Oper_L	Rolandic_Oper_R	Supp_Motor_Area_L	Supp_Motor_Area_R	Olfactory_L	Olfactory_R	Frontal_Sup_Medial_L	Frontal_Sup_Medial_R	Frontal_Med_Orb_L	Frontal_Med_Orb_R	Rectus_L	Rectus_R	Insula_L	Insula_R	Cingulum_Ant_L	Cingulum_Ant_R	Cingulum_Mid_L	Cingulum_Mid_R	Cingulum_Post_L	Cingulum_Post_R	Hippocampus_L	Hippocampus_R	ParaHippocampal_L	ParaHippocampal_R	Amygdala_L	Amygdala_R	Calcarine_L	Calcarine_R	Cuneus_L	Cuneus_R	Lingual_L	Lingual_R	Occipital_Sup_L	Occipital_Sup_R	Occipital_Mid_L	Occipital_Mid_R	Occipital_Inf_L	Occipital_Inf_R	Fusiform_L	Fusiform_R	Postcentral_L	Postcentral_R	Parietal_Sup_L	Parietal_Sup_R	Parietal_Inf_L	Parietal_Inf_R	SupraMarginal_L	SupraMarginal_R	Angular_L	Angular_R	Precuneus_L	Precuneus_R	Paracentral_Lobule_L	Paracentral_Lobule_R	Caudate_L	Caudate_R	Putamen_L	Putamen_R	Pallidum_L	Pallidum_R	Thalamus_L	Thalamus_R	Heschl_L	Heschl_R	Temporal_Sup_L	Temporal_Sup_R	Temporal_Pole_Sup_L	Temporal_Pole_Sup_R	Temporal_Mid_L	Temporal_Mid_R	Temporal_Pole_Mid_L	Temporal_Pole_Mid_R	Temporal_Inf_L	Temporal_Inf_R	Cerebelum_Crus1_L	Cerebelum_Crus1_R	Cerebelum_Crus2_L	Cerebelum_Crus2_R	Cerebelum_3_L	Cerebelum_3_R	Cerebelum_4_5_L	Cerebelum_4_5_R	Cerebelum_6_L	Cerebelum_6_R	Cerebelum_7b_L	Cerebelum_7b_R	Cerebelum_8_L	Cerebelum_8_R	Cerebelum_9_L	Cerebelum_9_R	Cerebelum_10_L	Cerebelum_10_R	Vermis_1_2	Vermis_3	Vermis_4_5	Vermis_6	Vermis_7	Vermis_8	Vermis_9	Vermis_10	
542328	Precentral_L	0	2632	24802	4394	0	0	24516	444	0	0	9130	1806	1250	0	0	0	7476	134	10808	12038	0	0	0	168	0	0	0	0	6770	2850	146	456	1424	5506	3568	3234	2128	4616	374	1528	0	0	950	0	836	0	476	1186	1492	0	7664	0	140	0	180	208	31120	134	870	0	4512	0	6596	0	430	0	2818	1106	37132	1360	4780	1776	360	1050	0	0	13272	3880	4326	0	3882	314	0	0	2236	880	0	0	1654	984	0	0	0	0	0	0	0	0	0	0	0	0	0	0	0	0	0	0	0	0	362	0	0	0	0	0	
353680	Precentral_R	2632	0	2174	23824	0	0	1380	19522	0	0	0	14150	0	1012	0	0	0	3922	2772	15276	0	0	352	292	0	0	0	0	214	5548	306	1644	0	904	0	306	0	7122	0	1374	0	0	0	1246	0	2912	0	0	0	2982	0	1740	0	1278	0	1788	530	14786	0	348	232	526	0	5692	0	546	0	5826	1530	6740	722	1354	0	3076	0	0	894	3816	134	1062	0	1706	0	0	0	4562	0	0	0	6086	0	0	0	0	0	0	0	0	0	0	0	0	0	0	0	0	0	0	0	0	0	0	0	0	0	0	
1.20691e+06	Frontal_Sup_L	24802	2174	0	15694	9164	0	65314	1100	4328	0	11308	1100	12370	406	9642	0	10512	718	116020	27002	270	0	46030	6624	434	0	0	0	34360	2336	25562	11546	8796	10314	1724	3128	8682	3602	1494	1170	0	0	196	0	0	0	206	1084	0	0	1600	0	144	0	460	294	4188	0	0	0	292	0	508	0	0	0	274	1328	16826	272	15292	7240	29506	3806	5154	674	20202	2650	5728	0	3224	198	984	0	926	372	0	0	1194	520	0	0	0	0	0	0	0	0	0	0	0	0	0	0	0	0	0	0	0	0	388	0	0	0	0	0	
930836	Frontal_Sup_R	4394	23824	15694	0	0	4106	3286	24280	0	360	328	19744	268	17028	0	3386	0	5094	18580	62954	0	150	11634	47040	172	3464	152	128	502	29716	6830	41940	3908	17986	0	120	0	5994	0	1018	0	0	0	180	0	238	0	0	0	136	0	200	0	376	0	1004	814	738	0	0	362	172	0	1686	0	256	0	524	2678	266	1598	27112	340	24216	0	4528	1896	16226	258	142	0	858	0	0	0	1680	0	0	0	2854	0	0	0	0	0	0	0	0	0	0	0	0	0	0	0	0	0	0	0	0	0	0	0	0	0	0	
167952	Frontal_Sup_Orb_L	0	0	9164	0	0	0	2514	0	14840	0	0	0	1640	0	16928	0	0	0	606	0	2482	596	1842	0	1986	0	4152	0	8782	0	2472	204	0	0	0	0	186	0	182	0	586	0	0	0	0	0	0	0	0	0	0	0	0	0	124	0	0	0	0	0	0	0	0	0	0	0	0	0	0	0	1250	436	11646	0	0	0	0	0	0	0	0	0	1236	0	0	0	0	0	122	0	0	0	0	0	0	0	0	0	0	0	0	0	0	0	0	0	0	0	0	0	0	0	0	0	0	0	
93876	Frontal_Sup_Orb_R	0	0	0	4106	0	0	0	524	0	4762	0	0	0	540	0	2408	0	0	0	0	0	1192	498	4026	358	9956	268	8086	0	1168	340	1552	0	0	0	0	0	0	0	0	0	0	0	0	0	0	0	0	0	0	0	0	0	0	0	0	0	0	0	0	0	0	0	0	0	0	0	0	0	0	0	744	0	6410	0	0	0	0	0	0	0	0	0	0	0	0	0	0	0	0	0	0	0	0	0	0	0	0	0	0	0	0	0	0	0	0	0	0	0	0	0	0	0	0	0	0	
568088	Frontal_Mid_L	24516	1380	65314	3286	2514	0	0	1102	3150	0	11188	5130	27372	150	6498	0	1352	588	15642	3734	0	0	19226	1612	0	0	0	0	13828	5306	9398	2728	4332	840	1610	2340	2774	2734	242	964	0	0	0	0	0	0	158	882	0	0	800	0	0	0	118	266	1032	182	0	0	0	0	0	0	0	0	264	1246	5282	0	9752	3430	1368	2936	0	254	8762	1970	2124	0	572	164	122	0	386	298	0	0	208	274	0	0	0	0	0	0	0	0	0	0	0	0	0	0	0	0	0	0	0	0	344	0	0	0	0	0	
246152	Frontal_Mid_R	444	19522	1100	24280	0	524	1102	0	0	1118	0	15396	0	13628	0	4346	0	1860	1316	1190	0	132	816	4624	0	0	0	0	0	11154	660	6890	0	780	0	0	0	1336	0	308	0	0	0	0	0	0	0	0	0	0	0	0	0	282	0	298	0	668	0	0	0	0	0	0	0	0	0	118	0	0	166	1040	0	3414	0	202	162	1264	0	564	0	542	0	0	0	688	0	0	0	1142	0	0	0	0	0	0	0	0	0	0	0	0	0	0	0	0	0	0	0	0	0	0	0	0	0	0	
118960	Frontal_Mid_Orb_L	0	0	4328	0	14840	0	3150	0	0	0	0	0	4362	0	17738	0	0	0	270	0	398	154	0	0	232	0	1742	0	5806	0	358	0	0	0	0	0	0	0	0	0	0	0	0	0	0	0	0	0	0	0	0	0	0	0	0	0	0	0	0	0	0	0	0	0	0	0	0	0	0	0	322	200	3898	0	0	0	0	0	0	0	0	0	978	0	374	0	0	0	330	0	0	0	0	0	0	0	0	0	0	0	0	0	0	0	0	0	0	0	0	0	0	0	0	0	0	0	
32716	Frontal_Mid_Orb_R	0	0	0	360	0	4762	0	1118	0	0	0	0	0	820	0	4388	0	0	0	0	0	260	0	0	0	784	0	1590	0	562	0	0	0	0	0	0	0	0	0	0	0	0	0	0	0	0	0	0	0	0	0	0	0	0	0	0	0	0	0	0	0	0	0	0	0	0	0	0	0	0	0	240	0	1474	0	0	0	0	0	0	0	0	0	0	0	0	0	0	0	0	0	0	0	0	0	0	0	0	0	0	0	0	0	0	0	0	0	0	0	0	0	0	0	0	0	0	
219872	Frontal_Inf_Oper_L	9130	0	11308	328	0	0	11188	0	0	0	0	630	15142	0	578	0	11522	0	9166	464	0	0	860	632	0	0	0	0	18096	682	1124	928	178	166	0	0	858	0	0	0	0	0	0	0	0	0	0	0	0	0	224	0	0	0	192	0	4732	0	0	0	140	0	274	0	0	0	0	0	0	0	1876	1332	712	148	0	0	0	0	1180	0	3098	0	1998	0	288	0	0	0	762	0	0	0	0	0	0	0	0	0	0	0	0	0	0	0	0	0	0	0	0	0	0	0	0	0	0	0	
373048	Frontal_Inf_Oper_R	1806	14150	1100	19744	0	0	5130	15396	0	0	630	0	236	18850	0	290	0	6534	1830	5174	0	0	1902	10094	0	158	168	0	222	38380	3764	18148	204	1724	0	0	0	546	0	160	0	0	0	0	0	0	0	0	0	0	0	0	0	0	0	210	176	1106	0	0	0	0	0	0	0	0	0	0	0	0	488	8680	0	5590	0	234	0	414	0	750	0	1154	0	238	0	514	0	0	0	630	0	0	0	0	0	0	0	0	0	0	0	0	0	0	0	0	0	0	0	0	0	0	0	0	0	0	
245904	Frontal_Inf_Tri_L	1250	0	12370	268	1640	0	27372	0	4362	0	15142	236	0	0	17954	0	580	0	3280	290	0	0	2776	496	0	0	0	0	25906	286	2230	800	584	0	0	0	136	0	0	0	0	0	0	0	0	0	0	0	0	0	0	0	0	0	0	0	150	0	0	0	0	0	0	0	0	0	0	0	0	0	1856	1158	862	190	0	0	0	0	308	0	0	0	470	0	0	0	0	0	0	0	0	0	0	0	0	0	0	0	0	0	0	0	0	0	0	0	0	0	0	0	0	0	0	0	0	0	
300808	Frontal_Inf_Tri_R	0	1012	406	17028	0	540	150	13628	0	820	0	18850	0	0	0	7912	0	148	1956	4004	0	0	3388	14374	0	510	182	0	0	34984	3180	17660	158	2870	0	0	0	0	0	0	0	0	0	0	0	0	0	0	0	0	0	0	0	0	0	0	0	120	0	0	0	0	0	0	0	0	0	0	0	0	176	4626	118	1604	0	0	0	0	0	0	0	0	0	0	0	0	0	0	0	0	0	0	0	0	0	0	0	0	0	0	0	0	0	0	0	0	0	0	0	0	0	0	0	0	0	0	
226112	Frontal_Inf_Orb_L	0	0	9642	0	16928	0	6498	0	17738	0	578	0	17954	0	0	0	0	0	1758	0	2404	0	554	0	0	0	888	0	22562	0	402	124	264	0	0	0	658	0	480	0	1004	0	0	0	0	0	0	0	0	0	0	0	0	0	492	0	0	0	0	0	0	0	0	0	0	0	0	0	0	0	744	438	7038	0	0	0	0	0	0	0	0	0	2746	0	594	0	0	0	568	0	0	0	0	0	0	0	0	0	0	0	0	0	0	0	0	0	0	0	0	0	0	0	0	0	0	0	
95352	Frontal_Inf_Orb_R	0	0	0	3386	0	2408	0	4346	0	4388	0	290	0	7912	0	0	0	0	0	176	0	1342	324	1758	0	118	0	1022	0	8940	0	1176	0	304	0	0	0	0	0	336	0	156	0	0	0	0	0	0	0	0	0	0	0	0	0	914	0	0	0	0	0	0	0	0	0	0	0	0	0	0	0	314	0	1740	0	0	0	0	0	0	0	0	0	3454	0	1346	0	532	0	994	0	0	0	0	0	0	0	0	0	0	0	0	0	0	0	0	0	0	0	0	0	0	0	0	0	0	
194048	Rolandic_Oper_L	7476	0	10512	0	0	0	1352	0	0	0	11522	0	580	0	0	0	0	0	10042	392	0	0	0	0	0	0	0	0	20584	0	0	0	0	0	0	0	928	0	0	0	0	0	0	0	0	0	0	0	0	0	574	0	0	0	336	0	7554	0	0	0	1038	0	2940	0	150	0	0	0	224	0	0	0	530	0	0	0	0	0	5030	0	10144	0	1274	0	1618	0	0	0	2224	0	0	0	0	0	0	0	0	0	0	0	0	0	0	0	0	0	0	0	0	0	0	0	0	0	0	0	
142784	Rolandic_Oper_R	134	3922	718	5094	0	0	588	1860	0	0	0	6534	0	148	0	0	0	0	916	3224	0	0	0	204	0	0	0	0	0	15020	0	266	0	314	0	0	0	2238	0	480	0	0	0	0	0	0	0	0	0	0	0	0	0	0	0	854	0	4120	0	0	0	0	0	2044	0	0	0	180	0	212	200	1878	0	2968	0	140	254	704	0	3610	0	6636	0	1394	0	1742	0	0	0	2796	0	0	0	0	0	0	0	0	0	0	0	0	0	0	0	0	0	0	0	0	0	0	0	0	0	0	
915084	Supp_Motor_Area_L	10808	2772	116020	18580	606	0	15642	1316	270	0	9166	1830	3280	1956	1758	0	10042	916	0	49430	0	0	15304	8376	0	0	0	0	23466	2706	10184	12756	15026	27314	928	726	5432	380	802	154	0	0	120	0	0	0	0	146	0	0	770	0	0	0	278	0	4266	0	0	0	318	0	530	0	0	0	356	268	7334	2868	13544	6890	21798	3674	6012	630	9822	494	4176	0	3036	0	580	0	428	130	0	0	922	206	0	0	0	0	0	0	0	0	0	0	0	0	0	0	0	0	0	0	0	0	0	0	0	0	0	0	
853512	Supp_Motor_Area_R	12038	15276	27002	62954	0	0	3734	1190	0	0	464	5174	290	4004	0	176	392	3224	49430	0	0	0	6558	16378	118	186	0	0	674	8180	4570	22338	10762	49792	1792	4236	0	2630	0	366	0	0	0	414	0	1754	0	0	0	822	0	726	0	600	0	566	1884	1514	0	0	366	474	0	3962	0	516	0	5342	12914	16584	1638	25288	288	5154	0	1318	2728	19402	148	148	0	808	0	0	0	3402	0	0	0	4068	0	0	0	0	0	0	0	0	0	0	0	0	0	0	0	0	0	0	0	0	0	0	0	0	0	0	
80540	Olfactory_L	0	0	270	0	2482	0	0	0	398	0	0	0	0	0	2404	0	0	0	0	0	0	4296	0	0	270	0	1592	634	2984	0	2234	904	0	0	0	0	2074	0	1206	0	2862	0	0	0	0	0	0	0	0	0	0	0	0	0	822	0	0	0	0	0	0	0	0	0	0	0	0	0	0	0	5662	2832	4668	760	0	0	0	0	0	0	0	0	916	0	0	0	0	0	0	0	0	0	0	0	0	0	0	0	0	0	0	0	0	0	0	0	0	0	0	0	0	0	0	0	0	0	
91236	Olfactory_R	0	0	0	150	596	1192	0	132	154	260	0	0	0	0	0	1342	0	0	0	0	4296	0	0	0	0	544	910	2580	0	1762	2906	2554	0	0	0	0	0	184	0	398	242	880	0	0	0	0	0	0	0	0	0	0	0	0	0	140	0	0	0	0	0	0	0	0	0	0	0	0	0	0	7296	6658	5866	2582	700	916	0	0	0	0	0	0	0	378	0	0	0	0	0	0	0	0	0	0	0	0	0	0	0	0	0	0	0	0	0	0	0	0	0	0	0	0	0	0	0	0	
438016	Frontal_Sup_Medial_L	0	352	46030	11634	1842	498	19226	816	0	0	860	1902	2776	3388	554	324	0	0	15304	6558	0	0	0	23538	1190	1170	148	0	3474	3190	29498	17662	10060	11558	0	0	0	0	0	0	0	0	0	0	0	0	0	0	0	0	0	0	0	0	0	0	0	0	0	0	0	0	0	0	0	0	0	0	0	0	1222	2184	1348	702	0	0	0	0	0	0	0	0	0	0	0	0	0	0	0	0	0	0	0	0	0	0	0	0	0	0	0	0	0	0	0	0	0	0	0	0	0	0	0	0	0	0	
513220	Frontal_Sup_Medial_R	168	292	6624	47040	0	4026	1612	4624	0	0	632	10094	496	14374	0	1758	0	204	8376	16378	0	0	23538	0	466	6658	244	398	530	18564	9256	41784	2222	17474	0	0	0	0	0	0	0	0	0	0	0	0	0	0	0	0	0	0	0	0	0	0	0	0	0	0	0	0	0	0	0	0	0	0	0	0	1080	9718	512	7468	0	0	0	0	0	0	0	0	0	0	0	0	0	0	0	0	0	0	0	0	0	0	0	0	0	0	0	0	0	0	0	0	0	0	0	0	0	0	0	0	0	0	
23872	Frontal_Med_Orb_L	0	0	434	172	1986	358	0	0	232	0	0	0	0	0	0	0	0	0	0	118	270	0	1190	466	0	1454	956	0	0	0	2868	444	0	0	0	0	0	0	0	0	0	0	0	0	0	0	0	0	0	0	0	0	0	0	0	0	0	0	0	0	0	0	0	0	0	0	0	0	0	0	290	286	230	182	0	0	0	0	0	0	0	0	0	0	0	0	0	0	0	0	0	0	0	0	0	0	0	0	0	0	0	0	0	0	0	0	0	0	0	0	0	0	0	0	0	0	
98812	Frontal_Med_Orb_R	0	0	0	3464	0	9956	0	0	0	784	0	158	0	510	0	118	0	0	0	186	0	544	1170	6658	1454	0	290	6262	0	796	1964	4696	0	0	0	0	0	0	0	0	0	0	0	0	0	0	0	0	0	0	0	0	0	0	0	0	0	0	0	0	0	0	0	0	0	0	0	0	0	0	0	2970	0	7426	0	0	0	0	0	0	0	0	0	0	0	0	0	0	0	0	0	0	0	0	0	0	0	0	0	0	0	0	0	0	0	0	0	0	0	0	0	0	0	0	0	0	
42288	Rectus_L	0	0	0	152	4152	268	0	0	1742	0	0	168	0	182	888	0	0	0	0	0	1592	910	148	244	956	290	0	380	160	198	2986	782	0	0	0	0	0	0	0	0	0	0	0	0	0	0	0	0	0	0	0	0	0	0	0	0	0	0	0	0	0	0	0	0	0	0	0	0	0	0	2228	832	1634	252	0	0	0	0	0	0	0	0	0	0	0	0	0	0	0	0	0	0	0	0	0	0	0	0	0	0	0	0	0	0	0	0	0	0	0	0	0	0	0	0	0	0	
57792	Rectus_R	0	0	0	128	0	8086	0	0	0	1590	0	0	0	0	0	1022	0	0	0	0	634	2580	0	398	0	6262	380	0	0	584	488	2058	0	0	0	0	0	0	0	0	0	0	0	0	0	0	0	0	0	0	0	0	0	0	0	0	0	0	0	0	0	0	0	0	0	0	0	0	0	0	532	1048	422	2684	0	0	0	0	0	0	0	0	0	0	0	0	0	0	0	0	0	0	0	0	0	0	0	0	0	0	0	0	0	0	0	0	0	0	0	0	0	0	0	0	0	0	
593968	Insula_L	6770	214	34360	502	8782	0	13828	0	5806	0	18096	222	25906	0	22562	0	20584	0	23466	674	2984	0	3474	530	0	0	160	0	0	244	2894	906	1200	148	386	552	10768	220	1440	0	2590	0	240	0	0	0	172	250	0	0	2966	0	596	0	4738	0	3476	0	0	0	866	0	2604	0	0	0	330	380	428	0	1992	1232	13472	138	0	0	1026	0	13008	0	14254	0	5828	0	6078	0	0	0	12420	0	0	0	0	0	0	0	0	0	0	0	0	0	0	0	0	0	0	0	0	0	222	0	0	0	0	0	
619436	Insula_R	2850	5548	2336	29716	0	1168	5306	11154	0	562	682	38380	286	34984	0	8940	0	15020	2706	8180	0	1762	3190	18564	0	796	198	584	244	0	4092	23222	434	3194	0	0	0	7958	0	2042	0	594	0	0	0	0	0	0	0	0	0	138	0	438	0	4072	178	1048	0	0	0	0	0	504	0	0	0	0	722	146	828	11668	198	22290	0	302	1440	2702	0	3228	0	9134	0	1628	0	5510	0	0	0	8852	0	0	0	0	0	0	0	0	0	0	0	0	0	0	0	0	0	0	0	0	0	0	0	0	0	0	
420336	Cingulum_Ant_L	146	306	25562	6830	2472	340	9398	660	358	0	1124	3764	2230	3180	402	0	0	0	10184	4570	2234	2906	29498	9256	2868	1964	2986	488	2894	4092	0	29850	10640	5748	0	0	0	0	0	0	140	0	0	0	0	0	0	0	0	0	0	0	0	0	0	0	0	0	0	0	0	0	0	0	0	0	0	0	0	0	8424	11510	8680	4142	0	182	140	0	0	0	0	0	0	0	0	0	0	0	0	0	0	0	0	0	0	0	0	0	0	0	0	0	0	0	0	0	0	0	0	0	0	0	0	0	0	0	
709912	Cingulum_Ant_R	456	1644	11546	41940	204	1552	2728	6890	0	0	928	18148	800	17660	124	1176	0	266	12756	22338	904	2554	17662	41784	444	4696	782	2058	906	23222	29850	0	5286	24798	0	0	0	0	0	0	0	0	0	0	0	0	0	0	0	0	0	0	0	0	0	0	146	166	0	0	0	0	0	0	0	0	0	0	0	0	5354	33290	4230	14198	0	482	500	488	0	0	0	0	0	0	0	0	0	0	0	0	0	0	0	0	0	0	0	0	0	0	0	0	0	0	0	0	0	0	0	0	0	0	0	0	0	0	
242056	Cingulum_Mid_L	1424	0	8796	3908	0	0	4332	0	0	0	178	204	584	158	264	0	0	0	15026	10762	0	0	10060	2222	0	0	0	0	1200	434	10640	5286	0	18686	5994	1654	0	0	0	0	0	0	400	0	546	292	0	0	1084	284	1566	0	0	0	0	0	206	0	0	0	0	0	0	0	0	0	6922	714	4708	1792	0	334	0	202	0	0	0	0	166	0	0	0	0	0	0	0	0	0	0	0	0	0	0	0	0	0	0	0	0	0	0	0	0	0	0	0	0	0	0	0	0	0	0	0	0	0	
521800	Cingulum_Mid_R	5506	904	10314	17986	0	0	840	780	0	0	166	1724	0	2870	0	304	0	314	27314	49792	0	0	11558	17474	0	0	0	0	148	3194	5748	24798	18686	0	2360	7370	0	144	0	0	0	0	0	900	0	4622	0	140	0	3112	0	826	0	256	0	0	0	936	0	0	0	252	0	0	0	192	760	11952	7796	15378	0	1064	0	348	0	0	0	0	0	0	0	0	0	0	0	1292	0	0	0	780	0	0	0	0	0	0	0	0	0	0	0	0	0	0	0	0	0	0	0	0	0	0	0	0	0	0	
181048	Cingulum_Post_L	3568	0	1724	0	0	0	1610	0	0	0	0	0	0	0	0	0	0	0	928	1792	0	0	0	0	0	0	0	0	386	0	0	0	5994	2360	0	11606	6864	2724	2236	792	0	0	3850	566	3554	258	1830	1090	658	0	1882	0	362	0	924	376	500	0	0	0	0	0	0	0	0	0	11742	5852	4604	1686	0	0	320	0	0	0	1490	0	372	0	212	0	0	0	582	1418	0	0	932	1992	0	0	0	0	0	0	0	0	0	0	0	0	0	0	0	0	0	0	0	0	888	0	0	0	0	0	
206280	Cingulum_Post_R	3234	306	3128	120	0	0	2340	0	0	0	0	0	0	0	0	0	0	0	726	4236	0	0	0	0	0	0	0	0	552	0	0	0	1654	7370	11606	0	5256	5522	850	2332	0	0	246	1812	0	1480	250	5028	0	528	776	266	488	444	634	462	0	242	0	0	0	0	0	0	0	0	722	14322	2440	2920	0	0	570	0	0	0	6518	530	138	0	274	0	0	0	1242	3116	0	0	1418	3452	0	0	0	0	0	0	0	348	0	0	0	0	0	0	0	0	0	0	0	0	3242	0	0	0	0	0	
331432	Hippocampus_L	2128	0	8682	0	186	0	2774	0	0	0	858	0	136	0	658	0	928	0	5432	0	2074	0	0	0	0	0	0	0	10768	0	0	0	0	0	6864	5256	0	2676	17728	1036	8446	0	2922	0	0	0	4830	1494	156	0	5306	0	3818	0	18064	384	118	0	0	0	0	0	0	0	0	0	3508	2862	1196	0	314	0	11994	0	1000	0	7710	0	1570	0	2212	0	1332	0	3410	136	0	0	12788	178	190	0	0	0	0	0	304	0	210	0	0	0	0	0	0	0	0	0	0	0	1080	0	0	0	0	0	
356316	Hippocampus_R	4616	7122	3602	5994	0	0	2734	1336	0	0	0	546	0	0	0	0	0	2238	380	2630	0	184	0	0	0	0	0	0	220	7958	0	0	0	144	2724	5522	2676	0	0	27766	0	7402	0	182	0	0	0	4608	0	0	172	0	146	0	200	21984	0	364	0	0	0	0	0	1266	0	0	0	2294	3214	170	306	196	284	10558	0	576	6254	10156	0	720	0	1782	0	264	392	4876	0	0	454	18152	0	0	0	0	0	278	0	2362	0	0	0	0	0	0	0	0	0	0	0	0	154	0	0	0	0	0	
143736	ParaHippocampal_L	374	0	1494	0	182	0	242	0	0	0	0	0	0	0	480	0	0	0	802	0	1206	0	0	0	0	0	0	0	1440	0	0	0	0	0	2236	850	17728	0	0	0	2498	0	2518	0	198	0	6472	144	256	0	3580	0	1542	0	9140	0	0	0	0	0	0	0	0	0	0	0	2734	596	208	0	200	0	4284	0	154	0	2914	0	0	0	254	0	898	0	266	0	0	0	3724	0	0	0	0	0	520	0	1032	0	224	0	0	0	0	0	0	0	0	0	0	0	478	0	0	0	0	0	
211784	ParaHippocampal_R	1528	1374	1170	1018	0	0	964	308	0	0	0	160	0	0	0	336	0	480	154	366	0	398	0	0	0	0	0	0	0	2042	0	0	0	0	792	2332	1036	27766	0	0	0	5830	0	386	0	0	0	5672	0	0	0	0	0	270	0	18662	0	0	0	0	0	0	0	546	0	0	0	1890	1038	0	144	0	140	5150	0	546	2364	5826	0	130	0	268	0	2550	124	2382	0	1336	150	4816	0	0	0	0	0	318	0	2832	0	0	0	0	0	0	0	0	0	0	0	0	298	0	0	0	0	0	
54600	Amygdala_L	0	0	0	0	586	0	0	0	0	0	0	0	0	0	1004	0	0	0	0	0	2862	242	0	0	0	0	0	0	2590	0	140	0	0	0	0	0	8446	0	2498	0	0	0	0	0	0	0	0	0	0	0	0	0	0	0	4188	0	0	0	0	0	0	0	0	0	0	0	0	0	0	0	800	120	1674	0	0	0	0	0	0	0	210	0	966	0	0	0	0	0	974	0	0	0	0	0	0	0	0	0	0	0	0	0	0	0	0	0	0	0	0	0	0	0	0	0	0	0	
52564	Amygdala_R	0	0	0	0	0	0	0	0	0	0	0	0	0	0	0	156	0	0	0	0	0	880	0	0	0	0	0	0	0	594	0	0	0	0	0	0	0	7402	0	5830	0	0	0	0	0	0	0	0	0	0	0	0	0	0	0	5522	0	0	0	0	0	0	0	0	0	0	0	0	0	0	0	0	142	1098	0	0	0	0	0	0	0	0	0	2166	0	0	0	226	0	2126	0	0	0	0	0	0	0	140	0	0	0	0	0	0	0	0	0	0	0	0	0	0	0	0	0	0	
268048	Calcarine_L	950	0	196	0	0	0	0	0	0	0	0	0	0	0	0	0	0	0	120	0	0	0	0	0	0	0	0	0	240	0	0	0	400	0	3850	246	2922	0	2518	0	0	0	0	9586	12446	5110	13176	4160	8898	4020	28366	2756	4662	404	3446	968	376	0	0	0	0	0	0	0	0	0	17310	1194	1402	0	0	0	0	0	0	0	160	0	346	0	0	0	0	0	1342	0	0	0	1238	0	412	0	0	0	0	0	334	0	140	0	0	0	0	0	0	0	0	0	0	0	330	0	0	0	0	0	
270116	Calcarine_R	0	1246	0	180	0	0	0	0	0	0	0	0	0	0	0	0	0	0	0	414	0	0	0	0	0	0	0	0	0	0	0	0	0	900	566	1812	0	182	0	386	0	0	9586	0	2956	20512	1278	14586	0	19356	482	14386	148	8754	154	4502	0	1462	0	378	0	480	0	248	0	284	1460	17774	0	1580	0	0	0	0	0	0	0	0	0	0	0	0	0	0	0	3930	0	0	0	4264	0	0	0	0	0	0	122	150	0	0	0	0	0	0	0	0	0	0	0	0	540	0	0	0	0	0	
166572	Cuneus_L	836	0	0	0	0	0	0	0	0	0	0	0	0	0	0	0	0	0	0	0	0	0	0	0	0	0	0	0	0	0	0	0	546	0	3554	0	0	0	198	0	0	0	12446	2956	0	3826	774	184	17254	1638	14132	660	714	0	186	0	708	0	1178	0	0	0	0	0	0	0	17558	984	2154	0	0	0	0	0	0	0	0	0	216	0	0	0	0	0	350	0	0	0	234	0	0	0	0	0	0	0	0	0	0	0	0	0	0	0	0	0	0	0	0	0	0	0	0	0	0	0	
302052	Cuneus_R	0	2912	0	238	0	0	0	0	0	0	0	0	0	0	0	0	0	0	0	1754	0	0	0	0	0	0	0	0	0	0	0	0	292	4622	258	1480	0	0	0	0	0	0	5110	20512	3826	0	0	1946	0	38310	0	12704	0	1004	0	412	0	4990	0	1850	0	736	0	388	0	622	4534	30858	130	8100	0	0	0	0	0	0	0	0	0	0	0	0	0	0	0	2924	0	0	0	514	0	0	0	0	0	0	0	0	0	0	0	0	0	0	0	0	0	0	0	0	0	0	0	0	0	0	
281932	Lingual_L	476	0	206	0	0	0	158	0	0	0	0	0	0	0	0	0	0	0	0	0	0	0	0	0	0	0	0	0	172	0	0	0	0	0	1830	250	4830	0	6472	0	0	0	13176	1278	774	0	0	3296	2150	0	16452	0	8606	226	21068	752	0	0	0	0	0	0	0	0	0	0	6802	198	338	0	0	0	0	0	0	0	698	0	180	0	0	0	0	0	882	0	0	0	1364	0	8126	902	388	0	466	0	12928	468	15280	1322	0	0	150	0	0	0	0	0	208	458	5218	2418	0	0	0	0	
329084	Lingual_R	1186	0	1084	0	0	0	882	0	0	0	0	0	0	0	0	0	0	0	146	0	0	0	0	0	0	0	0	0	250	0	0	0	0	140	1090	5028	1494	4608	144	5672	0	0	4160	14586	184	1946	3296	0	0	1292	768	1802	344	5686	1506	17052	0	0	0	0	0	0	0	0	0	0	202	8262	850	142	0	0	252	154	0	0	3430	1014	0	0	154	0	0	0	774	496	0	0	868	850	2672	9336	612	306	262	222	1886	10422	5848	11888	432	0	706	308	556	288	256	0	0	344	13104	10872	1406	570	452	0	
172264	Occipital_Sup_L	1492	0	0	0	0	0	0	0	0	0	0	0	0	0	0	0	0	0	0	0	0	0	0	0	0	0	0	0	0	0	0	0	1084	0	658	0	156	0	256	0	0	0	8898	0	17254	0	2150	0	0	0	27764	0	2422	0	852	0	134	0	7320	0	1010	0	0	0	0	0	12392	0	1628	0	0	0	0	0	0	0	0	0	224	0	0	0	0	0	264	0	0	0	174	0	0	0	0	0	0	0	0	0	0	0	0	0	0	0	0	0	0	0	0	0	0	0	0	0	0	0	
325264	Occipital_Sup_R	0	2982	0	136	0	0	0	0	0	0	0	0	0	0	0	0	0	0	0	822	0	0	0	0	0	0	0	0	0	0	0	0	284	3112	0	528	0	0	0	0	0	0	4020	19356	1638	38310	0	1292	0	0	0	25628	0	1672	0	420	0	6530	0	5498	0	2096	0	394	0	3274	2296	28708	0	9374	0	0	0	0	0	0	0	0	0	0	0	0	0	0	0	3384	0	0	0	878	0	0	0	0	0	0	0	0	0	0	0	0	0	0	0	0	0	0	0	0	0	0	0	0	0	0	
553856	Occipital_Mid_L	7664	0	1600	0	0	0	800	0	0	0	224	0	0	0	0	0	574	0	770	0	0	0	0	0	0	0	0	0	2966	0	0	0	1566	0	1882	776	5306	172	3580	0	0	0	28366	482	14132	0	16452	768	27764	0	0	0	20202	0	9298	142	5206	0	17760	0	15824	0	1040	0	11568	0	18146	676	6172	0	142	0	118	0	0	0	844	0	5168	0	1094	0	0	0	30140	0	0	0	16144	0	682	0	0	0	0	0	134	0	0	0	0	0	0	0	0	0	0	0	0	0	584	0	0	0	0	0	
232220	Occipital_Mid_R	0	1740	0	200	0	0	0	0	0	0	0	0	0	0	0	0	0	0	0	726	0	0	0	0	0	0	0	0	0	138	0	0	0	826	0	266	0	0	0	0	0	0	2756	14386	660	12704	0	1802	0	25628	0	0	0	5002	0	790	0	4096	0	4520	0	5256	0	202	0	9920	482	8948	0	3654	0	0	0	0	0	0	0	0	0	0	0	262	0	0	0	8770	0	0	0	2376	0	0	0	0	0	0	0	0	0	0	0	0	0	0	0	0	0	0	0	0	0	0	0	0	0	0	
169296	Occipital_Inf_L	140	0	144	0	0	0	0	0	0	0	0	0	0	0	0	0	0	0	0	0	0	0	0	0	0	0	0	0	596	0	0	0	0	0	362	488	3818	146	1542	0	0	0	4662	148	714	0	8606	344	2422	0	20202	0	0	0	14562	0	0	0	0	0	140	0	0	0	0	0	818	388	0	0	0	0	0	0	0	0	484	0	0	0	370	0	0	0	3998	0	0	0	7846	0	4848	0	0	0	0	0	2468	0	3994	0	0	0	0	0	0	0	0	0	0	0	398	0	0	0	0	0	
92688	Occipital_Inf_R	0	1278	0	376	0	0	0	282	0	0	0	0	0	0	0	0	0	0	0	600	0	0	0	0	0	0	0	0	0	438	0	0	0	256	0	444	0	0	0	270	0	0	404	8754	0	1004	226	5686	0	1672	0	5002	0	0	0	6480	0	384	0	0	0	0	0	0	0	0	0	2630	0	668	0	0	0	0	0	0	0	0	0	0	0	0	0	0	0	3278	0	0	0	3422	120	304	0	0	0	0	0	300	262	462	0	0	0	0	0	0	0	0	0	0	254	1088	0	0	0	0	
402776	Fusiform_L	180	0	460	0	124	0	118	0	0	0	192	0	0	0	492	0	336	0	278	0	822	0	0	0	0	0	0	0	4738	0	0	0	0	0	924	634	18064	200	9140	0	4188	0	3446	154	186	0	21068	1506	852	0	9298	0	14562	0	0	276	0	0	0	0	0	0	0	0	0	0	1282	470	122	0	0	0	974	0	0	0	1130	0	0	0	2610	0	3452	0	2716	0	1216	0	18886	0	23230	416	344	0	504	0	14894	0	30872	534	278	0	368	0	182	0	0	0	0	0	2868	1802	0	0	0	0	
366252	Fusiform_R	208	1788	294	1004	0	0	266	298	0	0	0	210	0	0	0	914	0	854	0	566	0	140	0	0	0	0	0	0	0	4072	0	0	0	0	376	462	384	21984	0	18662	0	5522	968	4502	0	412	752	17052	0	420	142	790	0	6480	276	0	0	166	0	0	0	0	0	1000	0	0	0	770	0	0	0	0	0	4638	0	266	274	2024	0	360	0	1024	0	5354	0	5006	0	1766	0	20784	774	12554	170	0	0	766	182	10272	1526	15556	0	0	146	0	0	0	0	0	0	214	3534	3770	300	132	0	0	
267304	Postcentral_L	31120	530	4188	814	0	0	1032	0	0	0	4732	176	150	0	0	0	7554	0	4266	1884	0	0	0	0	0	0	0	0	3476	178	0	146	206	0	500	0	118	0	0	0	0	0	376	0	708	0	0	0	134	0	5206	0	0	0	0	0	0	0	5470	0	21842	0	13460	0	3240	0	2790	0	8184	0	736	588	0	0	0	0	0	132	1978	0	4718	0	0	0	1564	0	0	0	1456	0	0	0	0	0	0	0	0	0	0	0	0	0	0	0	0	0	0	0	0	0	0	0	0	0	0	0	
171196	Postcentral_R	134	14786	0	738	0	0	182	668	0	0	0	1106	0	120	0	0	0	4120	0	1514	0	0	0	0	0	0	0	0	0	1048	0	166	0	936	0	242	0	364	0	0	0	0	0	1462	0	4990	0	0	0	6530	0	4096	0	384	0	166	0	0	0	5876	0	5640	0	9980	0	1576	0	8700	0	6370	0	0	0	0	0	0	0	0	0	132	0	554	0	0	0	2082	0	0	0	936	0	0	0	0	0	0	0	0	0	0	0	0	0	0	0	0	0	0	0	0	0	0	0	0	0	0	
152360	Parietal_Sup_L	870	0	0	0	0	0	0	0	0	0	0	0	0	0	0	0	0	0	0	0	0	0	0	0	0	0	0	0	0	0	0	0	0	0	0	0	0	0	0	0	0	0	0	0	1178	0	0	0	7320	0	17760	0	0	0	0	0	5470	0	0	0	16062	0	446	0	3490	0	12242	0	2260	0	0	0	0	0	0	0	0	0	0	0	0	0	0	0	4686	0	0	0	4396	0	0	0	0	0	0	0	0	0	0	0	0	0	0	0	0	0	0	0	0	0	0	0	0	0	0	0	
101792	Parietal_Sup_R	0	348	0	0	0	0	0	0	0	0	0	0	0	0	0	0	0	0	0	0	0	0	0	0	0	0	0	0	0	0	0	0	0	0	0	0	0	0	0	0	0	0	0	378	0	1850	0	0	0	5498	0	4520	0	0	0	0	0	5876	0	0	0	10458	0	2274	0	8500	804	9350	0	604	0	0	0	0	0	0	0	0	0	0	0	0	0	0	0	302	0	0	0	134	0	0	0	0	0	0	0	0	0	0	0	0	0	0	0	0	0	0	0	0	0	0	0	0	0	0	
244140	Parietal_Inf_L	4512	232	292	362	0	0	0	0	0	0	140	0	0	0	0	0	1038	0	318	366	0	0	0	0	0	0	0	0	866	0	0	0	0	0	0	0	0	0	0	0	0	0	0	0	0	0	0	0	1010	0	15824	0	140	0	0	0	21842	0	16062	0	0	0	20340	0	15814	0	574	0	2210	0	0	0	0	0	0	0	0	0	274	0	2908	0	0	0	9042	0	0	0	7904	0	0	0	0	0	0	0	0	0	0	0	0	0	0	0	0	0	0	0	0	0	0	0	0	0	0	0	
110848	Parietal_Inf_R	0	526	0	172	0	0	0	0	0	0	0	0	0	0	0	0	0	0	0	474	0	0	0	0	0	0	0	0	0	0	0	0	0	252	0	0	0	0	0	0	0	0	0	480	0	736	0	0	0	2096	0	5256	0	0	0	0	0	5640	0	10458	0	0	0	10960	0	13726	0	1420	0	1044	0	0	0	0	0	0	0	0	0	0	0	768	0	0	0	956	0	0	0	460	0	0	0	0	0	0	0	0	0	0	0	0	0	0	0	0	0	0	0	0	0	0	0	0	0	0	
143252	SupraMarginal_L	6596	0	508	0	0	0	0	0	0	0	274	0	0	0	0	0	2940	0	530	0	0	0	0	0	0	0	0	0	2604	0	0	0	0	0	0	0	0	0	0	0	0	0	0	0	0	0	0	0	0	0	1040	0	0	0	0	0	13460	0	446	0	20340	0	0	0	5992	0	0	0	250	0	0	0	0	0	0	0	0	0	602	0	8586	0	0	0	3846	0	0	0	3612	0	0	0	0	0	0	0	0	0	0	0	0	0	0	0	0	0	0	0	0	0	0	0	0	0	0	0	
109344	SupraMarginal_R	0	5692	0	1686	0	0	0	0	0	0	0	0	0	0	0	0	0	2044	0	3962	0	0	0	0	0	0	0	0	0	504	0	0	0	0	0	0	0	1266	0	546	0	0	0	248	0	388	0	0	0	394	0	202	0	0	0	1000	0	9980	0	2274	0	10960	0	0	0	4910	0	728	0	1272	0	0	0	0	0	0	0	0	0	0	0	3134	0	0	0	1864	0	0	0	1618	0	0	0	0	0	0	0	0	0	0	0	0	0	0	0	0	0	0	0	0	0	0	0	0	0	0	
111312	Angular_L	430	0	0	0	0	0	0	0	0	0	0	0	0	0	0	0	150	0	0	0	0	0	0	0	0	0	0	0	0	0	0	0	0	0	0	0	0	0	0	0	0	0	0	0	0	0	0	0	0	0	11568	0	0	0	0	0	3240	0	3490	0	15814	0	5992	0	0	0	0	0	610	0	0	0	0	0	0	0	0	0	0	0	2144	0	0	0	10080	0	0	0	2138	0	0	0	0	0	0	0	0	0	0	0	0	0	0	0	0	0	0	0	0	0	0	0	0	0	0	0	
108684	Angular_R	0	546	0	256	0	0	0	0	0	0	0	0	0	0	0	0	0	0	0	516	0	0	0	0	0	0	0	0	0	0	0	0	0	192	0	0	0	0	0	0	0	0	0	284	0	622	0	0	0	3274	0	9920	0	0	0	0	0	1576	0	8500	0	13726	0	4910	0	0	0	1580	0	604	0	0	0	0	0	0	0	0	0	0	0	2404	0	0	0	5068	0	0	0	364	0	0	0	0	0	0	0	0	0	0	0	0	0	0	0	0	0	0	0	0	0	0	0	0	0	0	
298596	Precuneus_L	2818	0	274	0	0	0	264	0	0	0	0	0	0	0	0	0	0	0	356	0	0	0	0	0	0	0	0	0	330	0	0	0	6922	760	11742	722	3508	0	2734	0	0	0	17310	1460	17558	4534	6802	202	12392	2296	18146	482	818	0	1282	0	2790	0	12242	804	574	0	0	0	0	0	0	8040	7290	484	0	0	0	0	0	0	138	0	626	0	120	0	0	0	1278	0	0	0	1200	0	0	0	0	0	0	0	0	0	0	0	0	0	0	0	0	0	0	0	0	0	0	0	0	0	0	0	
457368	Precuneus_R	1106	5826	1328	524	0	0	1246	118	0	0	0	0	0	0	0	0	0	180	268	5342	0	0	0	0	0	0	0	0	380	0	0	0	714	11952	5852	14322	2862	2294	596	1890	0	0	1194	17774	984	30858	198	8262	0	28708	676	8948	388	2630	470	770	0	8700	0	9350	0	1420	0	728	0	1580	8040	0	1026	18426	0	0	376	0	0	0	3260	0	118	0	214	212	0	0	964	6790	0	0	1074	3912	0	0	0	0	0	0	0	568	0	0	0	0	0	0	0	0	0	0	0	0	3266	0	0	0	0	0	
338336	Paracentral_Lobule_L	37132	1530	16826	2678	0	0	5282	0	0	0	0	0	0	0	0	0	224	0	7334	12914	0	0	0	0	0	0	0	0	428	722	0	0	4708	7796	4604	2440	1196	3214	208	1038	0	0	1402	0	2154	130	338	850	1628	0	6172	0	0	0	122	0	8184	0	2260	0	2210	0	250	0	610	0	7290	1026	0	4308	1904	800	228	0	0	0	10226	2518	366	0	232	174	0	0	346	1026	0	0	634	1292	0	0	0	0	0	0	0	0	0	0	0	0	0	0	0	0	0	0	0	0	214	0	0	0	0	0	
250216	Paracentral_Lobule_R	1360	6740	272	266	0	0	0	0	0	0	0	0	0	0	0	0	0	212	2868	16584	0	0	0	0	0	0	0	0	0	146	0	0	1792	15378	1686	2920	0	170	0	0	0	0	0	1580	0	8100	0	142	0	9374	0	3654	0	668	0	0	0	6370	0	604	0	1044	0	1272	0	604	484	18426	4308	0	0	0	0	0	0	0	0	0	0	0	0	1566	0	0	0	12338	0	0	0	4180	0	0	0	0	0	0	0	0	0	0	0	0	0	0	0	0	0	0	0	0	0	0	0	0	0	0	
304076	Caudate_L	4780	722	15292	1598	1250	0	9752	166	322	0	1876	488	1856	176	744	0	0	200	13544	1638	5662	7296	1222	1080	290	0	2228	532	1992	828	8424	5354	0	0	0	0	314	306	200	144	800	0	0	0	0	0	0	0	0	0	142	0	0	0	0	0	736	0	0	0	0	0	0	0	0	0	0	0	1904	0	0	16880	19980	3782	2804	1782	12172	528	252	0	0	0	0	0	0	0	0	0	0	0	0	0	0	0	0	0	0	0	0	0	0	0	0	0	0	0	0	0	0	0	0	0	0	0	0	0	
521276	Caudate_R	1776	1354	7240	27112	436	744	3430	1040	200	240	1332	8680	1158	4626	438	314	0	1878	6890	25288	2832	6658	2184	9718	286	2970	832	1048	1232	11668	11510	33290	334	1064	0	0	0	196	0	0	120	0	0	0	0	0	0	0	0	0	0	0	0	0	0	0	588	0	0	0	0	0	0	0	0	0	0	0	800	0	16880	0	8854	25346	1160	4718	2946	19078	0	0	0	150	0	0	0	0	0	0	0	0	0	0	0	0	0	0	0	0	0	0	0	0	0	0	0	0	0	0	0	0	0	0	0	0	0	0	
375480	Putamen_L	360	0	29506	340	11646	0	1368	0	3898	0	712	0	862	118	7038	0	530	0	21798	288	4668	5866	1348	512	230	0	1634	422	13472	198	8680	4230	0	0	320	570	11994	284	4284	140	1674	142	0	0	0	0	0	252	0	0	118	0	0	0	974	0	0	0	0	0	0	0	0	0	0	0	0	376	228	0	19980	8854	0	2254	5930	1608	5250	0	570	0	452	0	374	0	132	0	0	0	1108	0	0	0	0	0	0	0	0	0	0	0	0	0	0	0	0	0	0	0	0	0	148	0	0	0	0	0	
402524	Putamen_R	1050	3076	3806	24216	0	6410	2936	3414	0	1474	148	5590	190	1604	0	1740	0	2968	3674	5154	760	2582	702	7468	182	7426	252	2684	138	22290	4142	14198	202	348	0	0	0	10558	0	5150	0	1098	0	0	0	0	0	154	0	0	0	0	0	0	0	4638	0	0	0	0	0	0	0	0	0	0	0	0	0	0	3782	25346	2254	0	0	6104	1336	3914	0	148	0	1168	0	284	0	834	0	0	0	3510	0	0	0	0	0	0	0	160	0	0	0	0	0	0	0	0	0	0	0	0	0	0	0	0	0	0	
48120	Pallidum_L	0	0	5154	0	0	0	0	0	0	0	0	0	0	0	0	0	0	0	6012	0	0	700	0	0	0	0	0	0	0	0	0	0	0	0	0	0	1000	0	154	0	0	0	0	0	0	0	0	0	0	0	0	0	0	0	0	0	0	0	0	0	0	0	0	0	0	0	0	0	0	0	2804	1160	5930	0	0	160	986	0	0	0	0	0	0	0	0	0	0	0	0	0	0	0	0	0	0	0	0	0	0	0	0	0	0	0	0	0	0	0	0	0	0	0	0	0	0	0	
51700	Pallidum_R	0	0	674	4528	0	0	254	202	0	0	0	234	0	0	0	0	0	140	630	1318	0	916	0	0	0	0	0	0	0	302	182	482	0	0	0	0	0	576	0	546	0	0	0	0	0	0	0	0	0	0	0	0	0	0	0	266	0	0	0	0	0	0	0	0	0	0	0	0	0	0	1782	4718	1608	6104	160	0	228	0	0	0	0	0	0	0	0	0	0	0	0	0	0	0	0	0	0	0	0	0	0	0	0	0	0	0	0	0	0	0	0	0	0	0	0	0	0	0	
293308	Thalamus_L	13272	894	20202	1896	0	0	8762	162	0	0	0	0	0	0	0	0	0	254	9822	2728	0	0	0	0	0	0	0	0	1026	1440	140	500	0	0	1490	6518	7710	6254	2914	2364	0	0	160	0	0	0	698	3430	0	0	844	0	484	0	1130	274	0	0	0	0	0	0	0	0	0	0	138	3260	10226	0	12172	2946	5250	1336	986	228	0	8256	148	0	252	330	0	0	1076	564	0	0	1230	616	0	0	0	0	0	0	0	0	0	0	0	0	0	0	0	0	0	0	0	140	2132	0	0	0	0	0	
224592	Thalamus_R	3880	3816	2650	16226	0	0	1970	1264	0	0	0	414	0	0	0	0	0	704	494	19402	0	0	0	0	0	0	0	0	0	2702	0	488	0	0	0	530	0	10156	0	5826	0	0	0	0	0	0	0	1014	0	0	0	0	0	0	0	2024	132	0	0	0	0	0	0	0	0	0	0	0	2518	0	528	19078	0	3914	0	0	8256	0	0	0	0	514	0	0	0	1082	0	0	0	2024	0	0	0	0	0	0	0	690	0	0	0	0	0	0	0	0	0	0	0	0	0	0	0	0	0	0	
125352	Heschl_L	4326	134	5728	258	0	0	2124	0	0	0	1180	0	308	0	0	0	5030	0	4176	148	0	0	0	0	0	0	0	0	13008	0	0	0	166	0	372	138	1570	0	0	0	0	0	346	0	216	0	180	0	224	0	5168	0	0	0	0	0	1978	0	0	0	274	0	602	0	0	0	626	118	366	0	252	0	570	0	0	0	148	0	0	0	5146	0	0	0	4314	0	0	0	3482	0	0	0	0	0	0	0	0	0	0	0	0	0	0	0	0	0	0	0	0	0	0	0	0	0	0	0	
34656	Heschl_R	0	1062	0	142	0	0	0	564	0	0	0	750	0	0	0	0	0	3610	0	148	0	0	0	0	0	0	0	0	0	3228	0	0	0	0	0	0	0	720	0	130	0	0	0	0	0	0	0	0	0	0	0	0	0	0	0	360	0	132	0	0	0	0	0	0	0	0	0	0	0	0	0	0	0	148	0	0	0	0	0	0	0	4262	0	0	0	1190	0	0	0	882	0	0	0	0	0	0	0	0	0	0	0	0	0	0	0	0	0	0	0	0	0	0	0	0	0	0	
225076	Temporal_Sup_L	3882	0	3224	0	0	0	572	0	0	0	3098	0	0	0	0	0	10144	0	3036	0	0	0	0	0	0	0	0	0	14254	0	0	0	0	0	212	274	2212	0	254	0	210	0	0	0	0	0	0	154	0	0	1094	0	370	0	2610	0	4718	0	0	0	2908	0	8586	0	2144	0	120	214	232	0	0	0	452	0	0	0	252	0	5146	0	0	0	4242	0	22454	0	442	0	14890	0	0	0	0	0	0	0	0	0	0	0	0	0	0	0	0	0	0	0	0	0	138	0	0	0	0	0	
126564	Temporal_Sup_R	314	1706	198	858	0	0	164	542	0	0	0	1154	0	0	0	0	0	6636	0	808	0	0	0	0	0	0	0	0	0	9134	0	0	0	0	0	0	0	1782	0	268	0	0	0	0	0	0	0	0	0	0	0	262	0	0	0	1024	0	554	0	0	0	768	0	3134	0	2404	0	212	174	1566	0	150	0	1168	0	0	330	514	0	4262	0	0	0	3580	0	13292	0	466	0	5858	0	0	0	0	0	0	0	0	0	0	0	0	0	0	0	0	0	0	0	0	0	0	0	0	0	0	
95440	Temporal_Pole_Sup_L	0	0	984	0	1236	0	122	0	978	0	1998	0	470	0	2746	0	1274	0	580	0	916	0	0	0	0	0	0	0	5828	0	0	0	0	0	0	0	1332	0	898	0	966	0	0	0	0	0	0	0	0	0	0	0	0	0	3452	0	0	0	0	0	0	0	0	0	0	0	0	0	0	0	0	0	374	0	0	0	0	0	0	0	4242	0	0	0	6818	0	3786	0	8720	0	0	0	0	0	0	0	0	0	0	0	0	0	0	0	0	0	0	0	0	0	0	0	0	0	0	0	
64776	Temporal_Pole_Sup_R	0	0	0	0	0	0	0	0	0	0	0	238	0	0	0	3454	0	1394	0	0	0	378	0	0	0	0	0	0	0	1628	0	0	0	0	0	0	0	264	0	2550	0	2166	0	0	0	0	0	0	0	0	0	0	0	0	0	5354	0	0	0	0	0	0	0	0	0	0	0	0	0	0	0	0	0	284	0	0	0	0	0	0	0	3580	0	0	0	3418	0	3752	0	3928	0	0	0	0	0	0	0	0	0	0	0	0	0	0	0	0	0	0	0	0	0	0	0	0	0	0	
343292	Temporal_Mid_L	2236	0	926	0	0	0	386	0	374	0	288	0	0	0	594	0	1618	0	428	0	0	0	0	0	0	0	0	0	6078	0	0	0	0	0	582	1242	3410	392	266	124	0	0	1342	0	350	0	882	774	264	0	30140	0	3998	0	2716	0	1564	0	4686	0	9042	0	3846	0	10080	0	1278	964	346	0	0	0	132	0	0	0	1076	0	4314	0	22454	0	6818	0	0	0	3952	0	40626	0	348	0	0	0	0	0	0	0	0	0	0	0	0	0	0	0	0	0	0	0	710	0	0	0	0	0	
283488	Temporal_Mid_R	880	4562	372	1680	0	0	298	688	0	0	0	514	0	0	0	1346	0	1742	130	3402	0	0	0	0	0	0	0	0	0	5510	0	0	0	1292	1418	3116	136	4876	0	2382	0	0	0	3930	0	2924	0	496	0	3384	0	8770	0	3278	0	5006	0	2082	0	302	0	956	0	1864	0	5068	0	6790	1026	12338	0	0	0	834	0	0	564	1082	0	1190	0	13292	0	3418	0	0	0	1548	0	27258	0	0	0	0	0	0	0	0	0	0	0	0	0	0	0	0	0	0	0	0	0	0	0	0	0	0	
25236	Temporal_Pole_Mid_L	0	0	0	0	0	0	0	0	0	0	0	0	0	0	0	0	0	0	0	0	0	0	0	0	0	0	0	0	0	0	0	0	0	0	0	0	0	0	0	0	0	0	0	0	0	0	0	0	0	0	0	0	0	0	1216	0	0	0	0	0	0	0	0	0	0	0	0	0	0	0	0	0	0	0	0	0	0	0	0	0	442	0	3786	0	3952	0	0	0	3222	0	0	0	0	0	0	0	0	0	0	0	0	0	0	0	0	0	0	0	0	0	0	0	0	0	0	0	
21556	Temporal_Pole_Mid_R	0	0	0	0	0	0	0	0	0	0	0	0	0	0	0	532	0	0	0	0	0	0	0	0	0	0	0	0	0	0	0	0	0	0	0	0	0	0	0	1336	0	226	0	0	0	0	0	0	0	0	0	0	0	0	0	1766	0	0	0	0	0	0	0	0	0	0	0	0	0	0	0	0	0	0	0	0	0	0	0	0	0	466	0	3752	0	1548	0	0	0	1152	0	0	0	0	0	0	0	0	0	0	0	0	0	0	0	0	0	0	0	0	0	0	0	0	0	0	
375916	Temporal_Inf_L	1654	0	1194	0	122	0	208	0	330	0	762	0	0	0	568	0	2224	0	922	0	0	0	0	0	0	0	0	0	12420	0	0	0	0	0	932	1418	12788	454	3724	150	974	0	1238	0	234	0	1364	868	174	0	16144	0	7846	0	18886	0	1456	0	4396	0	7904	0	3612	0	2138	0	1200	1074	634	0	0	0	1108	0	0	0	1230	0	3482	0	14890	0	8720	0	40626	0	3222	0	0	0	2772	0	170	0	0	0	148	0	790	0	0	0	0	0	0	0	0	0	0	0	788	0	0	0	0	0	
305572	Temporal_Inf_R	984	6086	520	2854	0	0	274	1142	0	0	0	630	0	0	0	994	0	2796	206	4068	0	0	0	0	0	0	0	0	0	8852	0	0	0	780	1992	3452	178	18152	0	4816	0	2126	0	4264	0	514	0	850	0	878	0	2376	0	3422	0	20784	0	936	0	134	0	460	0	1618	0	364	0	3912	1292	4180	0	0	0	3510	0	0	616	2024	0	882	0	5858	0	3928	0	27258	0	1152	0	0	0	554	0	0	0	0	0	0	0	118	0	0	0	0	0	0	0	0	0	0	0	0	0	0	0	0	
490044	Cerebelum_Crus1_L	0	0	0	0	0	0	0	0	0	0	0	0	0	0	0	0	0	0	0	0	0	0	0	0	0	0	0	0	0	0	0	0	0	0	0	0	190	0	0	0	0	0	412	0	0	0	8126	2672	0	0	682	0	4848	120	23230	774	0	0	0	0	0	0	0	0	0	0	0	0	0	0	0	0	0	0	0	0	0	0	0	0	0	0	0	0	348	0	0	0	2772	0	0	2014	29186	5806	738	428	14624	1214	57466	3194	16476	4020	21500	3818	6284	908	1162	190	920	1330	4982	11442	8162	3220	1408	356	
420080	Cerebelum_Crus1_R	0	0	0	0	0	0	0	0	0	0	0	0	0	0	0	0	0	0	0	0	0	0	0	0	0	0	0	0	0	0	0	0	0	0	0	0	0	0	0	0	0	0	0	0	0	0	902	9336	0	0	0	0	0	304	416	12554	0	0	0	0	0	0	0	0	0	0	0	0	0	0	0	0	0	0	0	0	0	0	0	0	0	0	0	0	0	0	0	0	0	554	2014	0	728	25078	318	3980	1398	21204	4384	54508	660	6996	828	17900	512	4942	128	380	662	3864	8252	14236	5870	3160	3242	730	
303016	Cerebelum_Crus2_L	0	0	0	0	0	0	0	0	0	0	0	0	0	0	0	0	0	0	0	0	0	0	0	0	0	0	0	0	0	0	0	0	0	0	0	0	0	0	0	0	0	0	0	0	0	0	388	612	0	0	0	0	0	0	344	170	0	0	0	0	0	0	0	0	0	0	0	0	0	0	0	0	0	0	0	0	0	0	0	0	0	0	0	0	0	0	0	0	170	0	29186	728	0	7294	0	136	638	328	10628	1112	32314	5134	30408	2830	10200	514	400	0	0	160	752	5266	7474	3426	896	0	
315796	Cerebelum_Crus2_R	0	0	0	0	0	0	0	0	0	0	0	0	0	0	0	0	0	0	0	0	0	0	0	0	0	0	0	0	0	0	0	0	0	0	0	0	0	0	0	0	0	0	0	0	0	0	0	306	0	0	0	0	0	0	0	0	0	0	0	0	0	0	0	0	0	0	0	0	0	0	0	0	0	0	0	0	0	0	0	0	0	0	0	0	0	0	0	0	0	0	5806	25078	7294	0	0	120	136	1156	3000	5726	5956	28694	5774	33562	360	8376	0	906	0	156	478	3918	11046	7278	2518	254	
50692	Cerebelum_3_L	0	0	0	0	0	0	0	0	0	0	0	0	0	0	0	0	0	0	0	0	0	0	0	0	0	0	0	0	0	0	0	0	0	0	0	0	0	0	520	0	0	0	0	0	0	0	466	262	0	0	0	0	0	0	504	0	0	0	0	0	0	0	0	0	0	0	0	0	0	0	0	0	0	0	0	0	0	0	0	0	0	0	0	0	0	0	0	0	0	0	738	318	0	0	0	216	8028	178	2542	438	0	0	210	0	2620	176	0	0	1418	3398	1656	984	0	0	372	302	
72760	Cerebelum_3_R	0	0	0	0	0	0	0	0	0	0	0	0	0	0	0	0	0	0	0	0	0	0	0	0	0	0	0	0	0	0	0	0	0	0	0	0	0	278	0	318	0	0	0	0	0	0	0	222	0	0	0	0	0	0	0	766	0	0	0	0	0	0	0	0	0	0	0	0	0	0	0	0	0	0	0	0	0	0	0	0	0	0	0	0	0	0	0	0	0	0	428	3980	136	120	216	0	556	5320	1058	5818	0	0	208	286	458	566	192	0	1870	6772	2292	2188	418	450	916	548	
270888	Cerebelum_4_5_L	0	0	0	0	0	0	0	0	0	0	0	0	0	0	0	0	0	0	0	0	0	0	0	0	0	0	0	0	0	0	0	0	0	0	0	0	304	0	1032	0	0	0	334	122	0	0	12928	1886	0	0	134	0	2468	0	14894	182	0	0	0	0	0	0	0	0	0	0	0	0	0	0	0	0	0	0	0	0	0	0	0	0	0	0	0	0	0	0	0	0	148	0	14624	1398	638	136	8028	556	0	2098	30708	2768	830	0	1698	382	6542	1224	1166	0	1758	4426	13634	4392	642	344	1292	1728	
246680	Cerebelum_4_5_R	0	0	0	0	0	0	0	0	0	0	0	0	0	0	0	0	0	0	0	0	0	0	0	0	0	0	0	0	0	0	0	0	0	0	0	348	0	2362	0	2832	0	140	0	150	0	0	468	10422	0	0	0	0	0	300	0	10272	0	0	0	0	0	0	0	0	0	0	0	568	0	0	0	0	0	160	0	0	0	690	0	0	0	0	0	0	0	0	0	0	0	0	1214	21204	328	1156	178	5320	2098	0	2634	28996	342	624	548	1544	706	726	286	300	762	3714	13590	3546	1736	1554	1212	310	
531344	Cerebelum_6_L	0	0	0	0	0	0	0	0	0	0	0	0	0	0	0	0	0	0	0	0	0	0	0	0	0	0	0	0	0	0	0	0	0	0	0	0	210	0	224	0	0	0	140	0	0	0	15280	5848	0	0	0	0	3994	262	30872	1526	0	0	0	0	0	0	0	0	0	0	0	0	0	0	0	0	0	0	0	0	0	0	0	0	0	0	0	0	0	0	0	0	790	0	57466	4384	10628	3000	2542	1058	30708	2634	0	6584	9108	1900	12756	3678	6522	1702	2860	294	1722	2892	13122	18768	6224	2590	2666	718	
403288	Cerebelum_6_R	0	0	0	0	0	0	0	0	0	0	0	0	0	0	0	0	0	0	0	0	0	0	0	0	0	0	0	0	0	0	0	0	0	0	0	0	0	0	0	0	0	0	0	0	0	0	1322	11888	0	0	0	0	0	462	534	15556	0	0	0	0	0	0	0	0	0	0	0	0	0	0	0	0	0	0	0	0	0	0	0	0	0	0	0	0	0	0	0	0	0	118	3194	54508	1112	5726	438	5818	2768	28996	6584	0	932	1830	1058	6060	758	2564	198	450	1104	5220	12920	16360	5330	3390	3716	730	
280604	Cerebelum_7b_L	0	0	0	0	0	0	0	0	0	0	0	0	0	0	0	0	0	0	0	0	0	0	0	0	0	0	0	0	0	0	0	0	0	0	0	0	0	0	0	0	0	0	0	0	0	0	0	432	0	0	0	0	0	0	278	0	0	0	0	0	0	0	0	0	0	0	0	0	0	0	0	0	0	0	0	0	0	0	0	0	0	0	0	0	0	0	0	0	0	0	16476	660	32314	5956	0	0	830	342	9108	932	0	4860	33306	4942	9408	736	962	146	0	0	696	4354	7312	5134	1118	0	
222320	Cerebelum_7b_R	0	0	0	0	0	0	0	0	0	0	0	0	0	0	0	0	0	0	0	0	0	0	0	0	0	0	0	0	0	0	0	0	0	0	0	0	0	0	0	0	0	0	0	0	0	0	0	0	0	0	0	0	0	0	0	0	0	0	0	0	0	0	0	0	0	0	0	0	0	0	0	0	0	0	0	0	0	0	0	0	0	0	0	0	0	0	0	0	0	0	4020	6996	5134	28694	0	0	0	624	1900	1830	4860	0	4928	27386	256	7678	0	750	0	0	150	1606	6718	5980	1650	0	
346456	Cerebelum_8_L	0	0	0	0	0	0	0	0	0	0	0	0	0	0	0	0	0	0	0	0	0	0	0	0	0	0	0	0	0	0	0	0	0	0	0	0	0	0	0	0	0	0	0	0	0	0	150	706	0	0	0	0	0	0	368	146	0	0	0	0	0	0	0	0	0	0	0	0	0	0	0	0	0	0	0	0	0	0	0	0	0	0	0	0	0	0	0	0	0	0	21500	828	30408	5774	210	208	1698	548	12756	1058	33306	4928	0	6690	22318	1728	1956	190	196	290	1268	5148	7464	8250	2936	202	
316632	Cerebelum_8_R	0	0	0	0	0	0	0	0	0	0	0	0	0	0	0	0	0	0	0	0	0	0	0	0	0	0	0	0	0	0	0	0	0	0	0	0	0	0	0	0	0	0	0	0	0	0	0	308	0	0	0	0	0	0	0	0	0	0	0	0	0	0	0	0	0	0	0	0	0	0	0	0	0	0	0	0	0	0	0	0	0	0	0	0	0	0	0	0	0	0	3818	17900	2830	33562	0	286	382	1544	3678	6060	4942	27386	6690	0	1012	18314	0	1436	0	514	1016	4104	7866	9658	4470	540	
182432	Cerebelum_9_L	0	0	0	0	0	0	0	0	0	0	0	0	0	0	0	0	0	0	0	0	0	0	0	0	0	0	0	0	0	0	0	0	0	0	0	0	0	0	0	0	0	0	0	0	0	0	0	556	0	0	0	0	0	0	182	0	0	0	0	0	0	0	0	0	0	0	0	0	0	0	0	0	0	0	0	0	0	0	0	0	0	0	0	0	0	0	0	0	0	0	6284	512	10200	360	2620	458	6542	706	6522	758	9408	256	22318	1012	0	1378	4854	0	590	1134	3076	3400	1658	2492	3054	886	
168056	Cerebelum_9_R	0	0	0	0	0	0	0	0	0	0	0	0	0	0	0	0	0	0	0	0	0	0	0	0	0	0	0	0	0	0	0	0	0	0	0	0	0	0	0	0	0	0	0	0	0	0	0	288	0	0	0	0	0	0	0	0	0	0	0	0	0	0	0	0	0	0	0	0	0	0	0	0	0	0	0	0	0	0	0	0	0	0	0	0	0	0	0	0	0	0	908	4942	514	8376	176	566	1224	726	1702	2564	736	7678	1728	18314	1378	0	0	2310	352	914	2094	5762	3856	6550	7776	2594	
33948	Cerebelum_10_L	0	0	0	0	0	0	0	0	0	0	0	0	0	0	0	0	0	0	0	0	0	0	0	0	0	0	0	0	0	0	0	0	0	0	0	0	0	0	0	0	0	0	0	0	0	0	0	256	0	0	0	0	0	0	0	0	0	0	0	0	0	0	0	0	0	0	0	0	0	0	0	0	0	0	0	0	0	0	0	0	0	0	0	0	0	0	0	0	0	0	1162	128	400	0	0	192	1166	286	2860	198	962	0	1956	0	4854	0	0	0	160	194	646	910	194	140	310	0	
25476	Cerebelum_10_R	0	0	0	0	0	0	0	0	0	0	0	0	0	0	0	0	0	0	0	0	0	0	0	0	0	0	0	0	0	0	0	0	0	0	0	0	0	0	0	0	0	0	0	0	0	0	0	0	0	0	0	0	0	0	0	0	0	0	0	0	0	0	0	0	0	0	0	0	0	0	0	0	0	0	0	0	0	0	0	0	0	0	0	0	0	0	0	0	0	0	190	380	0	906	0	0	0	300	294	450	146	750	190	1436	0	2310	0	0	0	0	184	786	988	1576	1712	140	
47332	Vermis_1_2	0	0	0	0	0	0	0	0	0	0	0	0	0	0	0	0	0	0	0	0	0	0	0	0	0	0	0	0	0	0	0	0	0	0	0	0	0	0	0	0	0	0	0	0	0	0	208	0	0	0	0	0	0	0	0	0	0	0	0	0	0	0	0	0	0	0	0	0	0	0	0	0	0	0	0	0	0	0	0	0	0	0	0	0	0	0	0	0	0	0	920	662	0	0	1418	1870	1758	762	1722	1104	0	0	196	0	590	352	160	0	0	6298	2480	1492	264	232	694	484	
111292	Vermis_3	0	0	0	0	0	0	0	0	0	0	0	0	0	0	0	0	0	0	0	0	0	0	0	0	0	0	0	0	0	0	0	0	0	0	0	0	0	0	0	0	0	0	0	0	0	0	458	344	0	0	0	0	0	0	0	214	0	0	0	0	0	0	0	0	0	0	0	0	0	0	0	0	0	0	0	0	140	0	0	0	0	0	0	0	0	0	0	0	0	0	1330	3864	160	156	3398	6772	4426	3714	2892	5220	0	0	290	514	1134	914	194	0	6298	0	5682	3292	870	716	1684	970	
299332	Vermis_4_5	362	0	388	0	0	0	344	0	0	0	0	0	0	0	0	0	0	0	0	0	0	0	0	0	0	0	0	0	222	0	0	0	0	0	888	3242	1080	154	478	298	0	0	330	540	0	0	5218	13104	0	0	584	0	398	254	2868	3534	0	0	0	0	0	0	0	0	0	0	0	3266	214	0	0	0	148	0	0	0	2132	0	0	0	138	0	0	0	710	0	0	0	788	0	4982	8252	752	478	1656	2292	13634	13590	13122	12920	696	150	1268	1016	3076	2094	646	184	2480	5682	0	11184	2248	1064	1986	2532	
