data	data	267816	158388	945200	722856	259208	121156	400476	192384	104052	39120	273524	181200	277456	174572	203536	69692	217660	227624	458692	556888	77624	95112	359020	310664	78736	116188	39248	36480	506824	511276	331020	439280	220444	518116	292284	299924	325512	358212	161292	208484	41576	75476	281396	341712	270192	328724	389900	353264	228868	345060	491576	339392	160716	103496	377792	429016	196016	214412	125992	100104	178132	149644	133608	155308	124292	161092	402912	458672	77696	62140	337672	400988	362388	389972	33424	71800	221984	310900	122024	78236	256404	212612	114648	103260	379104	265080	32208	29368	216360	247804	436644	334432	254216	227500	46272	60320	280316	260280	438196	391916	223312	150828	229472	222380	111104	131680	17388	31228	27828	83008	274848	210476	177332	127200	93372	44096	
data	data	Precentral_L	Precentral_R	Frontal_Sup_L	Frontal_Sup_R	Frontal_Sup_Orb_L	Frontal_Sup_Orb_R	Frontal_Mid_L	Frontal_Mid_R	Frontal_Mid_Orb_L	Frontal_Mid_Orb_R	Frontal_Inf_Oper_L	Frontal_Inf_Oper_R	Frontal_Inf_Tri_L	Frontal_Inf_Tri_R	Frontal_Inf_Orb_L	Frontal_Inf_Orb_R	Rolandic_Oper_L	Rolandic_Oper_R	Supp_Motor_Area_L	Supp_Motor_Area_R	Olfactory_L	Olfactory_R	Frontal_Sup_Medial_L	Frontal_Sup_Medial_R	Frontal_Med_Orb_L	Frontal_Med_Orb_R	Rectus_L	Rectus_R	Insula_L	Insula_R	Cingulum_Ant_L	Cingulum_Ant_R	Cingulum_Mid_L	Cingulum_Mid_R	Cingulum_Post_L	Cingulum_Post_R	Hippocampus_L	Hippocampus_R	ParaHippocampal_L	ParaHippocampal_R	Amygdala_L	Amygdala_R	Calcarine_L	Calcarine_R	Cuneus_L	Cuneus_R	Lingual_L	Lingual_R	Occipital_Sup_L	Occipital_Sup_R	Occipital_Mid_L	Occipital_Mid_R	Occipital_Inf_L	Occipital_Inf_R	Fusiform_L	Fusiform_R	Postcentral_L	Postcentral_R	Parietal_Sup_L	Parietal_Sup_R	Parietal_Inf_L	Parietal_Inf_R	SupraMarginal_L	SupraMarginal_R	Angular_L	Angular_R	Precuneus_L	Precuneus_R	Paracentral_Lobule_L	Paracentral_Lobule_R	Caudate_L	Caudate_R	Putamen_L	Putamen_R	Pallidum_L	Pallidum_R	Thalamus_L	Thalamus_R	Heschl_L	Heschl_R	Temporal_Sup_L	Temporal_Sup_R	Temporal_Pole_Sup_L	Temporal_Pole_Sup_R	Temporal_Mid_L	Temporal_Mid_R	Temporal_Pole_Mid_L	Temporal_Pole_Mid_R	Temporal_Inf_L	Temporal_Inf_R	Cerebelum_Crus1_L	Cerebelum_Crus1_R	Cerebelum_Crus2_L	Cerebelum_Crus2_R	Cerebelum_3_L	Cerebelum_3_R	Cerebelum_4_5_L	Cerebelum_4_5_R	Cerebelum_6_L	Cerebelum_6_R	Cerebelum_7b_L	Cerebelum_7b_R	Cerebelum_8_L	Cerebelum_8_R	Cerebelum_9_L	Cerebelum_9_R	Cerebelum_10_L	Cerebelum_10_R	Vermis_1_2	Vermis_3	Vermis_4_5	Vermis_6	Vermis_7	Vermis_8	Vermis_9	Vermis_10	
267816	Precentral_L	0	358	15434	2488	724	0	14528	512	0	0	11828	1760	4888	88	0	0	4958	616	4264	1524	0	0	822	0	0	0	0	0	4354	2426	534	530	106	1098	1396	950	1296	542	210	0	0	0	240	0	474	0	186	0	614	0	700	0	0	0	70	0	24342	318	0	0	2440	0	614	0	164	0	842	72	4586	0	8106	1982	2728	1394	0	0	2250	1308	1466	0	354	0	76	72	276	0	0	0	0	0	0	0	0	0	0	0	0	0	0	0	0	0	0	0	0	0	0	0	0	0	0	0	0	0	0	0	
158388	Precentral_R	358	0	720	10668	0	128	190	10022	0	0	122	7116	0	300	0	0	146	5828	172	4180	0	0	0	178	0	200	0	0	0	2604	0	402	112	1190	68	524	0	246	0	0	0	0	0	290	0	230	0	0	0	114	0	580	0	0	0	0	372	18910	0	212	0	1098	0	1612	0	80	0	1204	0	1404	998	2622	0	2422	98	720	156	462	0	0	0	0	0	0	0	66	0	0	0	70	0	0	0	0	0	0	0	0	0	0	0	0	0	0	0	0	0	0	0	0	0	0	0	0	0	0	
945200	Frontal_Sup_L	15434	720	0	19800	22260	0	65310	1802	2172	0	14646	548	22700	506	5988	0	5182	532	52186	21678	172	0	43250	3548	4158	180	192	0	24008	1024	14234	6566	4684	13186	3970	3708	6132	2430	684	216	140	0	84	0	0	0	518	90	0	0	464	0	0	0	170	104	3036	222	0	0	614	0	562	0	76	0	142	0	1268	0	17128	1300	25280	1064	3658	104	21926	6190	1830	0	1138	106	264	0	872	0	0	0	224	0	88	0	0	0	0	0	66	0	66	0	0	0	0	0	0	0	0	0	0	0	0	0	0	0	0	0	
722856	Frontal_Sup_R	2488	10668	19800	0	244	2280	2760	25180	0	280	800	5818	430	4388	0	664	528	3082	14908	57682	0	358	10682	29032	158	2590	0	0	778	8946	4014	23428	2786	15900	3570	4196	2300	5560	316	216	0	0	0	222	0	72	234	76	0	0	80	142	0	0	0	132	690	2992	0	0	0	130	106	244	0	0	138	628	538	0	7374	28588	1774	7808	842	2726	6958	31112	206	148	146	76	0	138	118	0	0	0	0	0	0	0	0	0	0	0	82	0	78	0	0	0	0	0	0	0	0	0	0	0	0	0	0	0	0	0	
259208	Frontal_Sup_Orb_L	724	0	22260	244	0	0	4002	0	13824	0	4246	0	5354	0	16502	0	1992	0	2776	134	724	0	7288	144	7468	304	4634	0	16578	88	5996	474	0	0	0	0	268	0	138	0	94	0	0	0	0	0	0	0	0	0	80	0	0	0	166	0	146	0	0	0	0	0	0	0	0	0	0	0	0	0	1112	106	8860	72	0	0	136	74	318	0	1054	0	732	0	328	0	0	0	164	0	0	0	0	0	0	0	0	0	0	0	0	0	0	0	0	0	0	0	0	0	0	0	0	0	0	0	
121156	Frontal_Sup_Orb_R	0	128	0	2280	0	0	0	1874	0	6956	0	128	0	934	0	6288	0	110	0	318	98	2236	784	4160	1470	9816	132	5260	0	3514	2384	1612	0	270	0	0	0	90	0	84	0	164	0	0	0	0	0	0	0	0	0	0	0	0	0	0	0	0	0	0	0	0	0	0	0	0	0	0	0	0	82	2300	0	7026	0	0	0	80	0	0	0	0	0	0	0	0	0	0	0	0	0	0	0	0	0	0	0	0	0	0	0	0	0	0	0	0	0	0	0	0	0	0	0	0	0	0	
400476	Frontal_Mid_L	14528	190	65310	2760	4002	0	0	386	2370	0	7708	808	25314	0	5612	0	532	232	5708	1192	156	0	15144	574	132	0	0	0	10408	1226	3412	1172	1568	982	1022	1048	1976	708	278	0	104	0	0	0	0	0	108	0	0	0	84	0	0	0	0	0	808	70	0	0	306	0	182	0	0	0	0	0	142	0	4294	890	7160	456	568	0	6224	1646	500	0	104	0	0	0	134	0	0	0	0	0	0	0	0	0	0	0	0	0	0	0	0	0	0	0	0	0	0	0	0	0	0	0	0	0	0	0	
192384	Frontal_Mid_R	512	10022	1802	25180	0	1874	386	0	0	1012	116	5604	0	12106	0	1238	138	1110	1526	4998	0	0	1020	4824	0	104	0	0	114	4224	506	2614	0	3044	254	270	292	566	0	0	0	0	0	0	0	0	0	0	0	0	0	0	0	0	0	0	424	816	0	0	0	0	0	86	0	0	0	108	0	0	1420	2844	108	2634	116	550	422	1208	0	0	0	0	0	0	0	0	0	0	0	0	0	0	0	0	0	0	0	0	0	0	0	0	0	0	0	0	0	0	0	0	0	0	0	0	0	0	
104052	Frontal_Mid_Orb_L	0	0	2172	0	13824	0	2370	0	0	0	284	0	2426	0	14694	0	378	0	712	0	76	0	500	0	1592	0	2732	0	4296	0	666	0	0	0	0	0	112	0	0	0	0	0	0	0	0	0	0	0	0	0	0	0	0	0	92	0	0	0	0	0	0	0	0	0	0	0	0	0	0	0	286	0	3560	0	0	0	0	0	0	0	450	0	654	0	150	0	0	0	0	0	0	0	0	0	0	0	0	0	0	0	0	0	0	0	0	0	0	0	0	0	0	0	0	0	0	0	
39120	Frontal_Mid_Orb_R	0	0	0	280	0	6956	0	1012	0	0	0	0	0	620	0	6468	0	0	0	72	0	0	0	272	0	646	0	532	0	1306	104	112	0	68	0	0	0	0	0	0	0	0	0	0	0	0	0	0	0	0	0	0	0	0	0	0	0	0	0	0	0	0	0	0	0	0	0	0	0	0	0	84	0	1028	0	0	0	0	0	0	0	0	0	0	0	0	0	0	0	0	0	0	0	0	0	0	0	0	0	0	0	0	0	0	0	0	0	0	0	0	0	0	0	0	0	0	
273524	Frontal_Inf_Oper_L	11828	122	14646	800	4246	0	7708	116	284	0	0	1600	19118	450	1946	0	13054	268	8472	1778	0	0	4294	126	82	0	0	0	15400	2664	4730	706	144	1638	90	84	254	0	0	0	0	0	0	0	0	0	0	0	0	0	0	0	0	0	0	0	3564	0	0	0	322	0	498	0	0	0	0	0	0	0	7414	554	3456	372	0	0	248	158	1348	0	1538	0	552	90	0	0	0	0	0	0	0	0	0	0	0	0	0	0	0	0	0	0	0	0	0	0	0	0	0	0	0	0	0	0	0	0	
181200	Frontal_Inf_Oper_R	1760	7116	548	5818	0	128	808	5604	0	0	1600	0	390	9868	0	662	548	4872	526	4628	0	0	82	1360	0	258	0	0	542	19488	938	2744	0	1554	0	0	88	86	0	0	0	0	0	0	0	0	0	0	0	0	0	0	0	0	0	0	78	2592	0	0	0	254	0	368	0	0	0	0	0	0	4852	5686	410	2954	0	490	128	310	0	0	0	0	0	462	0	0	0	0	0	0	0	0	0	0	0	0	0	0	0	0	0	0	0	0	0	0	0	0	0	0	0	0	0	0	0	0	
277456	Frontal_Inf_Tri_L	4888	0	22700	430	5354	0	25314	0	2426	0	19118	390	0	76	10366	0	2152	0	6656	680	0	0	7672	112	0	0	0	0	18954	596	5214	496	168	688	0	0	0	0	0	0	0	0	0	0	0	0	0	0	0	0	0	0	0	0	0	0	330	0	0	0	0	0	0	0	0	0	0	0	0	0	1980	102	1320	72	0	0	0	0	188	0	104	0	182	0	0	0	0	0	0	0	0	0	0	0	0	0	0	0	0	0	0	0	0	0	0	0	0	0	0	0	0	0	0	0	0	0	
174572	Frontal_Inf_Tri_R	88	300	506	4388	0	934	0	12106	0	620	450	9868	76	0	0	5752	128	498	1484	4314	0	0	564	4740	0	288	0	0	120	18050	2530	7494	0	3066	0	0	0	0	0	0	0	0	0	0	0	0	0	0	0	0	0	0	0	0	0	0	0	182	0	0	0	0	0	0	0	0	0	0	0	0	1864	4038	208	2408	0	152	0	70	0	0	0	0	0	0	0	0	0	0	0	0	0	0	0	0	0	0	0	0	0	0	0	0	0	0	0	0	0	0	0	0	0	0	0	0	0	0	
203536	Frontal_Inf_Orb_L	0	0	5988	0	16502	0	5612	0	14694	0	1946	0	10366	0	0	0	2036	0	1296	0	1376	0	376	0	138	0	1668	0	21686	0	444	0	0	0	0	0	574	0	340	0	372	0	0	0	0	0	0	0	0	0	0	0	0	0	324	0	260	0	0	0	0	0	148	0	0	0	0	0	0	0	680	70	7798	0	0	0	78	0	404	0	2370	0	3054	0	772	0	0	0	396	0	0	0	0	0	0	0	0	0	0	0	0	0	0	0	0	0	0	0	0	0	0	0	0	0	0	0	
69692	Frontal_Inf_Orb_R	0	0	0	664	0	6288	0	1238	0	6468	0	662	0	5752	0	0	0	76	72	236	0	672	0	738	0	130	0	548	0	8362	0	804	0	122	0	0	0	112	0	92	0	132	0	0	0	0	0	0	0	0	0	0	0	0	0	0	0	0	0	0	0	0	0	0	0	0	0	0	0	0	0	284	0	1320	0	0	0	0	0	0	0	0	0	74	0	0	0	0	0	0	0	0	0	0	0	0	0	0	0	0	0	0	0	0	0	0	0	0	0	0	0	0	0	0	0	0	
217660	Rolandic_Oper_L	4958	146	5182	528	1992	0	532	138	378	0	13054	548	2152	128	2036	0	0	104	1240	492	0	0	446	0	0	0	0	0	23224	1004	1306	204	0	204	0	0	394	0	72	0	0	0	0	0	0	0	102	0	78	0	774	0	0	0	102	0	5884	0	120	0	1320	0	3622	0	464	0	118	0	0	0	5252	242	6370	128	88	0	150	134	10786	0	9336	0	2132	0	880	0	0	0	286	0	0	0	0	0	0	0	0	0	0	0	0	0	0	0	0	0	0	0	0	0	0	0	0	0	0	0	
227624	Rolandic_Oper_R	616	5828	532	3082	0	110	232	1110	0	0	268	4872	0	498	0	76	104	0	180	2140	0	0	0	278	0	214	0	0	154	25826	124	762	0	202	654	722	720	2152	106	666	0	200	0	66	0	0	122	234	0	0	0	290	0	0	0	334	292	7450	0	178	0	1002	0	2432	0	112	0	412	0	0	712	5476	292	18714	0	4294	558	1598	0	6186	0	5912	0	2742	0	1402	0	0	0	392	0	0	0	0	0	0	0	96	0	0	0	0	0	0	0	0	0	0	0	0	86	0	0	0	0	0	
458692	Supp_Motor_Area_L	4264	172	52186	14908	2776	0	5708	1526	712	0	8472	526	6656	1484	1296	72	1240	180	0	33608	0	0	8884	6490	0	108	0	0	4858	918	4550	7152	11208	22894	2080	580	498	176	0	0	0	0	0	0	0	0	0	0	0	0	298	0	0	0	0	0	406	110	158	0	358	0	164	0	228	0	152	0	5678	116	5190	1410	5326	380	144	0	1516	782	382	0	164	0	70	0	132	0	0	0	0	0	0	0	0	0	0	0	0	0	0	0	0	0	0	0	0	0	0	0	0	0	0	0	0	0	0	0	
556888	Supp_Motor_Area_R	1524	4180	21678	57682	134	318	1192	4998	0	72	1778	4628	680	4314	0	236	492	2140	33608	0	0	0	1236	10804	0	848	0	0	708	6666	3046	11560	7398	38268	1016	3616	222	1060	0	0	0	0	0	372	0	400	0	0	0	200	0	376	0	0	0	0	206	2958	0	92	94	198	120	348	0	0	178	1854	756	2846	7004	17646	818	6544	508	2428	1230	4568	150	72	0	112	0	112	0	86	0	0	0	66	0	0	0	0	0	0	0	0	0	0	0	0	0	0	0	0	0	0	0	0	0	0	0	0	0	0	
77624	Olfactory_L	0	0	172	0	724	98	156	0	76	0	0	0	0	0	1376	0	0	0	0	0	0	5188	0	0	286	198	1088	112	1606	0	2924	1462	0	0	0	0	532	0	1162	0	1044	0	0	0	0	0	0	0	0	0	0	0	0	0	312	0	0	0	0	0	0	0	0	0	0	0	0	0	0	0	6882	4784	4462	2086	184	98	0	102	0	0	0	0	1564	0	0	0	0	0	134	0	0	0	0	0	0	0	0	0	0	0	0	0	0	0	0	0	0	0	0	0	0	0	0	0	0	0	
95112	Olfactory_R	0	0	0	358	0	2236	0	0	0	0	0	0	0	0	0	672	0	0	0	0	5188	0	0	0	698	2674	354	3204	0	2620	2850	3262	0	0	0	0	0	316	0	268	0	890	0	0	0	0	0	0	0	0	0	0	0	0	0	0	0	0	0	0	0	0	0	0	0	0	0	0	0	0	5184	9688	2276	3338	182	104	174	1020	0	0	0	0	0	0	0	0	0	0	0	0	0	0	0	0	0	0	0	0	0	0	0	0	0	0	0	0	0	0	0	0	0	0	0	0	0	0	
359020	Frontal_Sup_Medial_L	822	0	43250	10682	7288	784	15144	1020	500	0	4294	82	7672	564	376	0	446	0	8884	1236	0	0	0	19470	5312	1910	176	0	2240	322	15834	14228	4424	10732	0	0	0	0	0	0	0	0	0	0	0	0	0	0	0	0	0	0	0	0	0	0	80	0	0	0	0	0	0	0	0	0	0	0	0	0	376	254	856	252	0	0	0	0	0	0	0	0	0	0	0	0	0	0	0	0	0	0	0	0	0	0	0	0	0	0	0	0	0	0	0	0	0	0	0	0	0	0	0	0	0	0	
310664	Frontal_Sup_Medial_R	0	178	3548	29032	144	4160	574	4824	0	272	126	1360	112	4740	0	738	0	278	6490	10804	0	0	19470	0	564	6150	0	0	96	3614	5924	25074	1714	20628	0	0	0	0	0	0	0	0	0	0	0	0	0	0	0	0	0	0	0	0	0	0	0	0	0	0	0	0	0	0	0	0	0	0	0	0	190	1784	0	2744	0	0	0	0	0	0	0	0	0	0	0	0	0	0	0	0	0	0	0	0	0	0	0	0	0	0	0	0	0	0	0	0	0	0	0	0	0	0	0	0	0	0	
78736	Frontal_Med_Orb_L	0	0	4158	158	7468	1470	132	0	1592	0	82	0	0	0	138	0	0	0	0	0	286	698	5312	564	0	3092	2544	158	146	0	7812	584	0	0	0	0	0	0	0	0	0	0	0	0	0	0	0	0	0	0	0	0	0	0	0	0	0	0	0	0	0	0	0	0	0	0	0	0	0	0	630	678	1520	146	0	0	0	0	0	0	0	0	0	0	0	0	0	0	0	0	0	0	0	0	0	0	0	0	0	0	0	0	0	0	0	0	0	0	0	0	0	0	0	0	0	0	
116188	Frontal_Med_Orb_R	0	200	180	2590	304	9816	0	104	0	646	0	258	0	288	0	130	0	214	108	848	198	2674	1910	6150	3092	0	316	3088	0	558	5520	6432	0	388	0	0	0	0	0	0	0	0	0	0	0	0	0	0	0	0	0	0	0	0	0	0	0	0	0	0	0	0	0	0	0	0	0	0	0	0	240	5974	136	5732	0	0	0	0	0	0	0	0	0	0	0	0	0	0	0	0	0	0	0	0	0	0	0	0	0	0	0	0	0	0	0	0	0	0	0	0	0	0	0	0	0	0	
39248	Rectus_L	0	0	192	0	4634	132	0	0	2732	0	0	0	0	0	1668	0	0	0	0	0	1088	354	176	0	2544	316	0	208	242	0	1856	0	0	0	0	0	0	0	0	0	0	0	0	0	0	0	0	0	0	0	0	0	0	0	0	0	0	0	0	0	0	0	0	0	0	0	0	0	0	0	1402	168	1912	0	0	0	0	0	0	0	0	0	0	0	0	0	0	0	0	0	0	0	0	0	0	0	0	0	0	0	0	0	0	0	0	0	0	0	0	0	0	0	0	0	0	0	
36480	Rectus_R	0	0	0	0	0	5260	0	0	0	532	0	0	0	0	0	548	0	0	0	0	112	3204	0	0	158	3088	208	0	0	588	214	388	0	0	0	0	0	0	0	0	0	0	0	0	0	0	0	0	0	0	0	0	0	0	0	0	0	0	0	0	0	0	0	0	0	0	0	0	0	0	74	2692	0	1022	0	0	0	152	0	0	0	0	0	0	0	0	0	0	0	0	0	0	0	0	0	0	0	0	0	0	0	0	0	0	0	0	0	0	0	0	0	0	0	0	0	0	
506824	Insula_L	4354	0	24008	778	16578	0	10408	114	4296	0	15400	542	18954	120	21686	0	23224	154	4858	708	1606	0	2240	96	146	0	242	0	0	942	3906	802	68	412	728	612	4540	348	1490	0	888	0	134	0	0	0	898	0	0	0	2504	0	134	0	2438	0	4558	0	0	0	3776	0	3258	0	184	0	348	0	74	0	5600	818	23942	358	0	0	1004	1192	15644	0	10794	0	4884	0	3942	0	158	0	1448	0	74	0	0	0	0	0	0	0	0	0	0	0	0	0	0	0	0	0	0	0	0	0	0	0	0	0	
511276	Insula_R	2426	2604	1024	8946	88	3514	1226	4224	0	1306	2664	19488	596	18050	0	8362	1004	25826	918	6666	0	2620	322	3614	0	558	0	588	942	0	2974	8452	0	2366	580	784	628	8070	90	2068	0	1842	0	322	0	0	104	560	0	92	0	688	0	0	0	2242	114	3000	0	524	98	1788	0	2102	0	194	68	1210	0	0	7288	10178	742	29576	0	2398	630	3204	124	10742	0	18636	0	7452	0	3520	0	408	0	1826	0	0	0	0	0	0	0	194	0	0	0	0	0	0	0	0	0	0	0	0	184	0	0	0	0	0	
331020	Cingulum_Ant_L	534	0	14234	4014	5996	2384	3412	506	666	104	4730	938	5214	2530	444	0	1306	124	4550	3046	2924	2850	15834	5924	7812	5520	1856	214	3906	2974	0	20196	7200	6222	0	0	0	0	0	0	0	0	0	0	0	0	0	0	0	0	0	0	0	0	0	0	126	0	0	0	0	0	0	0	0	0	0	0	0	0	8622	6462	8638	3072	196	76	0	0	76	0	78	0	0	0	0	0	0	0	0	0	0	0	0	0	0	0	0	0	0	0	0	0	0	0	0	0	0	0	0	0	0	0	0	0	0	0	
439280	Cingulum_Ant_R	530	402	6566	23428	474	1612	1172	2614	0	112	706	2744	496	7494	0	804	204	762	7152	11560	1462	3262	14228	25074	584	6432	0	388	802	8452	20196	0	6854	26228	0	0	66	0	0	0	0	0	0	0	0	0	0	0	0	0	0	0	0	0	0	0	78	144	0	0	88	0	0	0	0	0	0	0	0	0	4584	19124	1602	10352	136	282	0	204	100	0	0	0	0	86	0	0	0	0	0	0	0	0	0	0	0	0	0	0	0	0	0	0	0	0	0	0	0	0	0	0	0	0	0	0	0	0	
220444	Cingulum_Mid_L	106	112	4684	2786	0	0	1568	0	0	0	144	0	168	0	0	0	0	0	11208	7398	0	0	4424	1714	0	0	0	0	68	0	7200	6854	0	22986	6190	3200	0	0	0	0	0	0	0	716	1900	1804	0	0	952	1306	152	660	0	0	0	0	712	130	2526	240	466	0	0	0	0	0	8192	6142	1582	1666	0	114	0	0	0	0	0	152	0	0	0	0	0	0	0	0	0	0	0	0	0	0	0	0	0	0	0	0	0	0	0	0	0	0	0	0	0	0	0	0	0	0	0	0	0	0	
518116	Cingulum_Mid_R	1098	1190	13186	15900	0	270	982	3044	0	68	1638	1554	688	3066	0	122	204	202	22894	38268	0	0	10732	20628	0	388	0	0	412	2366	6222	26228	22986	0	4316	10580	0	74	0	0	0	0	0	2028	830	4010	0	80	318	2582	144	2004	0	0	0	0	0	1172	1492	562	94	80	0	0	0	66	6512	15500	1008	5320	2182	2526	102	722	0	0	70	348	0	0	0	0	0	0	0	0	0	0	0	0	0	0	0	0	0	0	0	0	0	0	0	0	0	0	0	0	0	0	0	0	0	0	0	0	0	0	
292284	Cingulum_Post_L	1396	68	3970	3570	0	0	1022	254	0	0	90	0	0	0	0	0	0	654	2080	1016	0	0	0	0	0	0	0	0	728	580	0	0	6190	4316	0	18572	12442	7700	3788	1688	0	0	7144	270	2594	1014	4992	862	1034	558	4170	94	514	0	1164	550	128	88	342	162	132	98	0	124	320	0	17722	7192	1788	0	234	948	1582	1864	0	164	5026	9366	202	68	448	304	0	0	1202	112	0	0	176	90	220	0	0	0	0	0	0	290	0	0	0	0	0	0	0	0	0	0	0	0	666	0	0	0	0	0	
299924	Cingulum_Post_R	950	524	3708	4196	0	0	1048	270	0	0	84	0	0	0	0	0	0	722	580	3616	0	0	0	0	0	0	0	0	612	784	0	0	3200	10580	18572	0	9424	10670	1858	2492	0	0	402	2704	678	3774	2256	3410	220	2428	142	940	0	0	162	816	0	814	562	296	0	284	0	646	0	112	6768	21450	642	1418	82	1270	1530	2102	0	188	5222	10164	76	98	158	460	0	0	222	268	0	0	100	186	0	0	0	0	0	0	0	384	0	0	0	0	0	0	0	0	0	0	0	0	2638	0	0	0	0	0	
325512	Hippocampus_L	1296	0	6132	2300	268	0	1976	292	112	0	254	88	0	0	574	0	394	720	498	222	532	0	0	0	0	0	0	0	4540	628	0	66	0	0	12442	9424	0	7218	19076	1732	6684	0	1976	0	132	0	10464	882	88	0	2706	0	916	0	12010	562	172	72	0	0	0	98	80	138	126	0	6060	1168	368	0	644	246	8624	2106	650	204	7098	8086	794	78	3108	308	1324	0	3886	122	0	0	7934	94	720	0	0	0	88	0	334	306	226	0	0	0	0	0	0	0	0	0	0	0	290	0	0	0	0	0	
358212	Hippocampus_R	542	246	2430	5560	0	90	708	566	0	0	0	86	0	0	0	112	0	2152	176	1060	0	316	0	0	0	0	0	0	348	8070	0	0	0	74	7700	10670	7218	0	1524	24236	0	11054	220	762	0	0	1750	7480	0	0	78	604	0	0	134	18180	0	460	0	176	0	420	0	528	0	72	1618	5328	152	0	172	282	1066	9660	0	1948	3106	9412	66	1258	120	7982	0	1440	174	3246	0	0	72	9598	76	68	0	0	0	272	68	3250	80	210	0	0	0	0	0	0	0	0	0	304	2276	0	0	0	0	0	
161292	ParaHippocampal_L	210	0	684	316	138	0	278	0	0	0	0	0	0	0	340	0	72	106	0	0	1162	0	0	0	0	0	0	0	1490	90	0	0	0	0	3788	1858	19076	1524	0	558	4702	0	1196	0	90	0	9360	220	0	0	2400	0	898	0	10232	170	0	0	0	0	0	0	0	0	0	0	3130	478	0	0	226	96	2228	350	74	0	994	1448	338	0	1434	0	1530	0	2586	0	722	0	2514	0	516	0	0	0	116	0	500	118	214	0	0	0	0	0	0	0	0	0	0	0	76	0	0	0	0	0	
208484	ParaHippocampal_R	0	0	216	216	0	84	0	0	0	0	0	0	0	0	0	92	0	666	0	0	0	268	0	0	0	0	0	0	0	2068	0	0	0	0	1688	2492	1732	24236	558	0	0	9314	0	884	0	0	702	9658	0	0	0	0	0	72	0	21224	0	0	0	0	0	0	0	68	0	0	540	2782	0	0	0	0	112	2516	0	1116	224	2236	0	84	0	1270	0	2226	0	534	0	1054	0	4166	0	162	0	0	0	502	0	5492	0	720	0	0	0	0	0	0	0	0	0	334	1934	0	0	0	0	0	
41576	Amygdala_L	0	0	140	0	94	0	104	0	0	0	0	0	0	0	372	0	0	0	0	0	1044	0	0	0	0	0	0	0	888	0	0	0	0	0	0	0	6684	0	4702	0	0	0	0	0	0	0	202	0	0	0	0	0	0	0	2810	0	0	0	0	0	0	0	0	0	0	0	0	0	0	0	172	0	740	0	0	0	190	72	0	0	0	0	1236	0	82	0	130	0	1126	0	0	0	0	0	0	0	0	0	0	0	0	0	0	0	0	0	0	0	0	0	0	0	0	0	0	0	
75476	Amygdala_R	0	0	0	0	0	164	0	0	0	0	0	0	0	0	0	132	0	200	0	0	0	890	0	0	0	0	0	0	0	1842	0	0	0	0	0	0	0	11054	0	9314	0	0	0	0	0	0	0	354	0	0	0	0	0	0	0	7020	0	0	0	0	0	0	0	0	0	0	0	0	0	0	0	0	0	880	0	0	0	76	0	0	0	104	0	3140	0	0	0	434	0	1364	0	0	0	0	0	0	0	634	0	136	0	0	0	0	0	0	0	0	0	0	0	0	0	0	0	0	
281396	Calcarine_L	240	0	84	0	0	0	0	0	0	0	0	0	0	0	0	0	0	0	0	0	0	0	0	0	0	0	0	0	134	0	0	0	0	0	7144	402	1976	220	1196	0	0	0	0	6984	18850	4074	18214	2814	15456	1752	25706	78	4454	0	4372	202	114	0	280	0	184	0	80	0	202	0	19222	1984	236	0	0	0	0	0	0	0	0	0	140	0	316	0	0	0	2270	0	0	0	256	0	230	0	0	0	0	0	0	0	148	274	0	0	0	0	0	0	0	0	0	0	410	0	0	0	0	0	
341712	Calcarine_R	0	290	0	222	0	0	0	0	0	0	0	0	0	0	0	0	0	66	0	372	0	0	0	0	0	0	0	0	0	322	0	0	716	2028	270	2704	0	762	0	884	0	0	6984	0	7982	32532	2696	24174	214	26412	0	13432	0	5492	172	6418	0	2018	66	564	0	188	0	204	0	750	1672	22302	106	1104	0	0	0	0	0	0	0	0	0	334	0	388	0	0	0	1884	0	0	0	1144	90	200	0	0	0	0	0	264	306	938	0	0	0	0	0	0	0	0	0	0	866	324	0	0	0	0	
270192	Cuneus_L	474	0	0	0	0	0	0	0	0	0	0	0	0	0	0	0	0	0	0	0	0	0	0	0	0	0	0	0	0	0	0	0	1900	830	2594	678	132	0	90	0	0	0	18850	7982	0	12468	5364	1282	29060	6210	17526	1052	2150	248	1310	352	194	0	1260	132	132	0	0	0	0	0	16240	4938	1114	0	0	0	0	0	0	0	0	0	0	0	0	0	0	0	362	0	0	0	0	0	0	0	0	0	0	0	0	0	78	0	0	0	0	0	0	0	0	0	0	0	94	0	0	0	0	0	
328724	Cuneus_R	0	230	0	72	0	0	0	0	0	0	0	0	0	0	0	0	0	0	0	400	0	0	0	0	0	0	0	0	0	0	0	0	1804	4010	1014	3774	0	0	0	0	0	0	4074	32532	12468	0	588	6350	746	37764	120	9674	0	1836	0	2552	0	2296	1316	2790	0	350	0	92	0	582	8242	26548	144	980	0	0	0	0	0	0	0	0	0	0	0	0	0	0	0	634	0	0	0	136	0	146	0	0	0	0	0	0	0	98	0	0	0	0	0	0	0	0	0	0	0	0	0	0	0	0	
389900	Lingual_L	186	0	518	234	0	0	108	0	0	0	0	0	0	0	0	0	102	122	0	0	0	0	0	0	0	0	0	0	898	104	0	0	0	0	4992	2256	10464	1750	9360	702	202	0	18214	2696	5364	588	0	5778	4680	586	23714	666	13732	148	29610	1988	130	0	0	0	140	0	186	0	148	0	9874	764	120	0	0	0	620	454	0	0	1210	1538	424	0	998	0	0	0	3962	110	0	0	1118	0	4030	120	0	0	1000	0	6224	1508	9862	1746	0	0	72	0	90	302	156	168	0	246	4248	3398	0	0	222	0	
353264	Lingual_R	0	0	90	76	0	0	0	0	0	0	0	0	0	0	0	0	0	234	0	0	0	0	0	0	0	0	0	0	0	560	0	0	0	80	862	3410	882	7480	220	9658	0	354	2814	24174	1282	6350	5778	0	100	9148	66	6626	0	8608	3342	25846	0	0	0	0	0	0	0	0	0	0	452	8378	0	0	0	0	136	1130	0	352	172	1540	0	0	0	228	0	68	0	688	0	0	0	3340	2744	1234	0	0	0	700	692	8510	6186	7274	0	0	0	0	0	72	0	0	0	416	7304	6894	0	0	82	0	
228868	Occipital_Sup_L	614	0	0	0	0	0	0	0	0	0	0	0	0	0	0	0	78	0	0	0	0	0	0	0	0	0	0	0	0	0	0	0	952	318	1034	220	88	0	0	0	0	0	15456	214	29060	746	4680	100	0	422	34178	0	2198	0	1136	0	416	68	5810	0	1838	0	0	0	250	0	10176	1136	2212	0	0	0	0	0	0	0	0	0	66	0	0	0	0	0	882	0	0	0	0	0	0	0	0	0	0	0	0	0	86	0	0	0	0	0	0	0	0	0	0	0	0	0	0	0	0	0	
345060	Occipital_Sup_R	0	114	0	0	0	0	0	0	0	0	0	0	0	0	0	0	0	0	0	200	0	0	0	0	0	0	0	0	0	92	0	0	1306	2582	558	2428	0	0	0	0	0	0	1752	26412	6210	37764	586	9148	422	0	0	29510	0	3552	0	3148	0	1638	948	5142	0	2190	0	468	0	8748	4022	16380	242	1214	0	0	0	0	0	0	0	0	0	0	0	530	0	0	0	3970	0	0	0	982	0	142	0	0	0	0	0	0	0	130	0	0	0	0	0	0	0	0	0	0	0	0	0	0	0	0	
491576	Occipital_Mid_L	700	0	464	80	80	0	84	0	0	0	0	0	0	0	0	0	774	0	298	0	0	0	0	0	0	0	0	0	2504	0	0	0	152	144	4170	142	2706	78	2400	0	0	0	25706	0	17526	120	23714	66	34178	0	0	0	22296	0	16658	0	960	0	7186	0	8534	0	2878	0	13560	0	15558	406	1170	0	0	0	94	0	0	0	324	238	2616	0	3384	0	0	0	27486	0	0	0	4798	0	686	0	0	0	0	0	286	0	508	0	0	0	0	0	0	0	0	0	0	0	76	0	0	0	0	0	
339392	Occipital_Mid_R	0	580	0	142	0	0	0	0	0	0	0	0	0	0	0	0	0	290	0	376	0	0	0	0	0	0	0	0	0	688	0	0	660	2004	94	940	0	604	0	0	0	0	78	13432	1052	9674	666	6626	0	29510	0	0	0	8980	146	4768	0	3474	68	2384	0	4522	0	2626	0	22182	686	13630	342	2102	0	0	0	0	0	0	0	66	0	452	0	2832	0	0	0	23162	0	0	0	8732	146	138	0	0	0	0	0	106	212	224	0	0	0	0	0	0	0	0	0	0	86	214	0	0	0	0	
160716	Occipital_Inf_L	0	0	0	0	0	0	0	0	0	0	0	0	0	0	0	0	0	0	0	0	0	0	0	0	0	0	0	0	134	0	0	0	0	0	514	0	916	0	898	0	0	0	4454	0	2150	0	13732	0	2198	0	22296	0	0	0	15794	0	0	0	0	0	196	0	286	0	446	0	1318	0	0	0	0	0	0	0	0	0	0	0	160	0	380	0	0	0	5086	0	0	0	5474	0	2290	0	0	0	0	0	466	0	1060	0	0	0	0	0	0	0	0	0	0	0	110	0	0	0	0	0	
103496	Occipital_Inf_R	0	0	0	0	0	0	0	0	0	0	0	0	0	0	0	0	0	0	0	0	0	0	0	0	0	0	0	0	0	0	0	0	0	0	0	0	0	0	0	72	0	0	0	5492	248	1836	148	8608	0	3552	0	8980	0	0	0	13498	0	0	0	0	0	0	0	88	0	0	0	130	0	0	0	0	0	0	0	0	0	0	0	0	0	0	0	0	0	2106	0	0	0	4988	100	330	0	0	0	0	0	350	228	430	0	0	0	0	0	0	0	0	0	0	330	234	0	0	0	0	
377792	Fusiform_L	70	0	170	0	166	0	0	0	92	0	0	0	0	0	324	0	102	0	0	0	312	0	0	0	0	0	0	0	2438	0	0	0	0	0	1164	162	12010	134	10232	0	2810	0	4372	172	1310	0	29610	3342	1136	0	16658	146	15794	0	0	2280	74	0	0	0	202	0	164	0	186	0	2636	0	0	0	0	0	1220	0	0	0	164	180	352	0	2260	0	2954	0	7976	0	1410	0	15506	0	10978	198	0	0	0	0	7366	1702	16250	2808	0	0	0	0	0	328	0	222	0	158	4018	4324	0	0	254	0	
429016	Fusiform_R	0	0	104	132	0	0	0	0	0	0	0	0	0	0	0	0	0	334	0	0	0	0	0	0	0	0	0	0	0	2242	0	0	0	0	550	816	562	18180	170	21224	0	7020	202	6418	352	2552	1988	25846	0	3148	0	4768	0	13498	2280	0	0	66	0	0	0	78	0	146	0	0	148	1650	0	0	0	0	78	2076	0	666	146	1308	0	266	0	2550	0	7558	0	2598	0	1374	0	20682	2758	3910	0	0	0	1956	1578	15354	5318	14404	0	0	0	66	0	290	0	0	0	2300	6358	5758	96	88	350	148	
196016	Postcentral_L	24342	372	3036	690	146	0	808	424	0	0	3564	78	330	0	260	0	5884	292	406	206	0	0	80	0	0	0	0	0	4558	114	126	78	712	0	128	0	172	0	0	0	0	0	114	0	194	0	130	0	416	0	960	0	0	0	74	0	0	224	6466	0	17558	0	4574	0	254	0	1990	0	3874	0	2512	814	1770	736	0	0	140	66	2780	0	3986	0	790	0	780	0	0	0	0	0	0	0	0	0	0	0	0	0	0	0	0	0	0	0	0	0	0	0	0	0	0	0	0	0	0	0	
214412	Postcentral_R	318	18910	222	2992	0	0	70	816	0	0	0	2592	0	182	0	0	0	7450	110	2958	0	0	0	0	0	0	0	0	0	3000	0	144	130	1172	88	814	72	460	0	0	0	0	0	2018	0	2296	0	0	68	1638	0	3474	0	0	0	66	224	0	130	6060	0	11974	0	15560	0	2694	294	6892	0	1868	214	2154	0	1872	0	1366	0	318	0	378	0	748	0	0	0	1222	0	0	0	1178	0	0	0	0	0	0	0	0	0	0	0	0	0	0	0	0	0	0	0	0	0	0	0	0	0	0	
125992	Parietal_Sup_L	0	0	0	0	0	0	0	0	0	0	0	0	0	0	0	0	120	0	158	0	0	0	0	0	0	0	0	0	0	0	0	0	2526	1492	342	562	0	0	0	0	0	0	280	66	1260	1316	0	0	5810	948	7186	68	0	0	0	0	6466	130	0	150	12078	0	0	0	1896	0	15158	3402	776	70	0	0	0	0	0	0	0	0	0	0	102	0	0	0	532	0	0	0	102	0	0	0	0	0	0	0	0	0	0	0	0	0	0	0	0	0	0	0	0	0	0	0	0	0	0	0	
100104	Parietal_Sup_R	0	212	0	0	0	0	0	0	0	0	0	0	0	0	0	0	0	178	0	92	0	0	0	0	0	0	0	0	0	524	0	0	240	562	162	296	0	176	0	0	0	0	0	564	132	2790	0	0	0	5142	0	2384	0	0	0	0	0	6060	150	0	0	8276	0	3014	0	5982	2302	9096	0	360	0	76	0	524	0	0	0	248	0	0	0	78	0	0	0	260	0	0	0	172	0	0	0	0	0	0	0	0	0	0	0	0	0	0	0	0	0	0	0	0	0	0	0	0	0	0	
178132	Parietal_Inf_L	2440	0	614	0	0	0	306	0	0	0	322	0	0	0	0	0	1320	0	358	94	0	0	0	0	0	0	0	0	3776	98	0	88	466	94	132	0	0	0	0	0	0	0	184	0	132	0	140	0	1838	0	8534	0	196	0	202	0	17558	0	12078	0	0	0	11102	0	14566	0	1034	72	438	0	594	162	82	0	0	0	0	0	686	0	1224	0	0	0	5958	0	0	0	2178	0	0	0	0	0	0	0	0	0	0	0	0	0	0	0	0	0	0	0	0	0	0	0	0	0	0	0	
149644	Parietal_Inf_R	0	1098	0	130	0	0	0	0	0	0	0	254	0	0	0	0	0	1002	0	198	0	0	0	0	0	0	0	0	0	1788	0	0	0	80	98	284	98	420	0	0	0	0	0	188	0	350	0	0	0	2190	0	4522	0	0	0	78	0	11974	0	8276	0	0	0	19202	0	12338	110	1314	0	0	0	252	0	952	0	252	78	456	0	352	0	788	0	0	0	2926	0	0	0	2774	0	0	0	0	0	0	0	0	0	0	0	0	0	0	0	0	0	0	0	0	0	0	0	0	0	0	
133608	SupraMarginal_L	614	0	562	106	0	0	182	0	0	0	498	0	0	0	148	0	3622	0	164	120	0	0	0	0	0	0	0	0	3258	0	0	0	0	0	0	0	80	0	0	0	0	0	80	0	0	0	186	0	0	0	2878	0	286	0	164	0	4574	0	0	0	11102	0	0	0	9660	0	174	0	0	0	406	0	132	0	0	0	0	0	1572	0	11452	0	728	0	11912	0	72	0	2072	0	0	0	0	0	0	0	0	0	0	0	0	0	0	0	0	0	0	0	0	0	0	0	0	0	0	0	
155308	SupraMarginal_R	0	1612	0	244	0	0	0	86	0	0	0	368	0	0	0	0	0	2432	0	348	0	0	0	0	0	0	0	0	0	2102	0	0	0	0	124	646	138	528	0	68	0	0	0	204	0	92	0	0	0	468	0	2626	0	88	0	146	0	15560	0	3014	0	19202	0	0	0	7666	0	1174	0	0	0	556	0	1232	0	494	108	558	0	550	0	5370	0	0	0	5516	0	0	0	4260	0	0	0	0	0	0	0	0	0	0	0	0	0	0	0	0	0	0	0	0	74	0	0	0	0	0	
124292	Angular_L	164	0	76	0	0	0	0	0	0	0	0	0	0	0	0	0	464	0	228	0	0	0	0	0	0	0	0	0	184	0	0	0	0	0	320	0	126	0	0	0	0	0	202	0	0	0	148	0	250	0	13560	0	446	0	186	0	254	0	1896	0	14566	0	9660	0	0	0	520	0	150	0	0	0	0	0	0	0	0	0	140	0	3194	0	0	0	12370	0	0	0	3042	0	0	0	0	0	0	0	0	0	0	0	0	0	0	0	0	0	0	0	0	0	0	0	0	0	0	0	
161092	Angular_R	0	80	0	0	0	0	0	0	0	0	0	0	0	0	0	0	0	112	0	0	0	0	0	0	0	0	0	0	0	194	0	0	0	66	0	112	0	72	0	0	0	0	0	750	0	582	0	0	0	8748	0	22182	0	0	0	0	0	2694	0	5982	0	12338	0	7666	0	0	0	1044	0	0	0	0	0	0	0	0	0	0	0	158	0	3838	0	0	0	10502	0	0	0	3426	0	0	0	0	0	0	0	0	0	0	0	0	0	0	0	0	0	0	0	0	0	0	0	0	0	0	
402912	Precuneus_L	842	0	142	138	0	0	0	0	0	0	0	0	0	0	0	0	118	0	152	178	0	0	0	0	0	0	0	0	348	68	0	0	8192	6512	17722	6768	6060	1618	3130	540	0	0	19222	1672	16240	8242	9874	452	10176	4022	15558	686	1318	0	2636	148	1990	294	15158	2302	1034	110	174	0	520	0	0	24920	4436	1156	0	72	0	274	0	0	0	630	304	0	560	0	0	0	3508	0	0	0	388	0	296	0	0	0	0	0	0	98	0	0	0	0	0	0	0	0	0	0	0	0	458	0	0	0	0	0	
458672	Precuneus_R	72	1204	0	628	0	0	0	108	0	0	0	0	0	0	0	0	0	412	0	1854	0	0	0	0	0	0	0	0	0	1210	0	0	6142	15500	7192	21450	1168	5328	478	2782	0	0	1984	22302	4938	26548	764	8378	1136	16380	406	13630	0	130	0	1650	0	6892	3402	9096	72	1314	0	1174	0	1044	24920	0	1544	7648	0	130	0	272	0	0	0	754	0	532	0	642	0	0	0	1000	0	0	0	636	0	0	0	0	0	0	0	734	0	0	0	0	0	0	0	0	0	0	0	0	3756	0	0	0	0	0	
77696	Paracentral_Lobule_L	4586	0	1268	538	0	0	142	0	0	0	0	0	0	0	0	0	0	0	5678	756	0	0	0	0	0	0	0	0	74	0	0	0	1582	1008	1788	642	368	152	0	0	0	0	236	106	1114	144	120	0	2212	242	1170	342	0	0	0	0	3874	0	776	0	438	0	0	0	150	0	4436	1544	0	1798	0	72	82	0	0	0	644	542	0	0	66	0	0	0	158	0	0	0	0	0	0	0	0	0	0	0	0	0	0	0	0	0	0	0	0	0	0	0	0	0	0	0	0	0	0	0	
62140	Paracentral_Lobule_R	0	1404	0	0	0	0	0	0	0	0	0	0	0	0	0	0	0	0	116	2846	0	0	0	0	0	0	0	0	0	0	0	0	1666	5320	0	1418	0	0	0	0	0	0	0	1104	0	980	0	0	0	1214	0	2102	0	0	0	0	0	1868	70	360	0	0	0	0	0	0	1156	7648	1798	0	0	0	0	0	0	0	0	0	0	0	0	0	0	0	0	0	0	0	0	0	0	0	0	0	0	0	0	0	0	0	0	0	0	0	0	0	0	0	0	0	0	0	0	0	0	0	
337672	Caudate_L	8106	998	17128	7374	1112	82	4294	1420	286	0	7414	4852	1980	1864	680	0	5252	712	5190	7004	6882	5184	376	190	630	240	1402	74	5600	7288	8622	4584	0	2182	234	82	644	172	226	0	172	0	0	0	0	0	0	0	0	0	0	0	0	0	0	0	2512	214	0	0	594	0	406	0	0	0	0	0	0	0	0	9580	16036	2944	2822	132	10000	1456	990	0	186	0	252	180	0	0	0	0	0	0	0	0	0	0	0	0	0	0	0	0	0	0	0	0	0	0	0	0	0	0	0	0	0	0	0	0	
400988	Caudate_R	1982	2622	1300	28588	106	2300	890	2844	0	84	554	5686	102	4038	70	284	242	5476	1410	17646	4784	9688	254	1784	678	5974	168	2692	818	10178	6462	19124	114	2526	948	1270	246	282	96	0	0	0	0	0	0	0	0	0	0	0	0	0	0	0	0	0	814	2154	0	76	162	252	0	556	0	0	72	130	72	0	9580	0	2768	21002	230	3644	1400	12682	142	98	0	0	0	350	0	0	0	0	0	0	0	0	0	0	0	0	0	0	0	0	0	0	0	0	0	0	0	0	0	0	0	0	0	0	0	0	
362388	Putamen_L	2728	0	25280	1774	8860	0	7160	108	3560	0	3456	410	1320	208	7798	0	6370	292	5326	818	4462	2276	856	0	1520	136	1912	0	23942	742	8638	1602	0	102	1582	1530	8624	1066	2228	112	740	0	0	0	0	0	620	136	0	0	94	0	0	0	1220	78	1770	0	0	0	82	0	132	0	0	0	0	0	82	0	16036	2768	0	1862	4652	112	7168	2332	1842	0	556	96	806	0	154	68	0	0	654	0	112	0	0	0	0	0	124	0	100	0	0	0	0	0	0	0	0	0	0	0	0	0	0	0	0	0	
389972	Putamen_R	1394	2422	1064	7808	72	7026	456	2634	0	1028	372	2954	72	2408	0	1320	128	18714	380	6544	2086	3338	252	2744	146	5732	0	1022	358	29576	3072	10352	0	722	1864	2102	2106	9660	350	2516	0	880	0	0	0	0	454	1130	0	0	0	0	0	0	0	2076	736	1872	0	524	0	952	0	1232	0	0	274	272	0	0	2944	21002	1862	0	128	8454	1410	7520	0	1122	0	1598	0	1238	76	376	0	0	0	838	132	0	0	0	98	0	182	300	186	0	0	0	0	0	0	0	0	0	0	88	236	0	0	0	0	0	
33424	Pallidum_L	0	98	3658	842	0	0	568	116	0	0	0	0	0	0	0	0	88	0	144	508	184	182	0	0	0	0	0	0	0	0	196	136	0	0	0	0	650	0	74	0	0	0	0	0	0	0	0	0	0	0	0	0	0	0	0	0	0	0	0	0	0	0	0	0	0	0	0	0	0	0	2822	230	4652	128	0	0	1436	0	0	0	0	0	0	0	0	0	0	0	0	0	0	0	0	0	0	0	0	0	0	0	0	0	0	0	0	0	0	0	0	0	0	0	0	0	0	0	
71800	Pallidum_R	0	720	104	2726	0	0	0	550	0	0	0	490	0	152	0	0	0	4294	0	2428	98	104	0	0	0	0	0	0	0	2398	76	282	0	0	164	188	204	1948	0	1116	0	0	0	0	0	0	0	352	0	0	0	0	0	0	0	666	0	1366	0	0	0	252	0	494	0	0	0	0	0	0	132	3644	112	8454	0	0	144	1076	0	210	0	168	0	0	0	68	0	0	0	440	0	0	0	0	0	0	0	144	0	0	0	0	0	0	0	0	0	0	0	0	136	0	0	0	0	0	
221984	Thalamus_L	2250	156	21926	6958	136	0	6224	422	0	0	248	128	0	0	78	0	150	558	1516	1230	0	174	0	0	0	0	0	0	1004	630	0	0	0	70	5026	5222	7098	3106	994	224	190	0	0	0	0	0	1210	172	0	0	324	0	0	0	164	146	140	0	0	0	0	78	0	108	0	0	0	0	644	0	10000	1400	7168	1410	1436	144	0	18510	96	0	354	122	0	0	530	0	0	0	168	0	258	0	0	0	180	0	256	0	256	0	0	0	0	0	0	0	0	0	0	0	0	0	0	0	0	0	
310900	Thalamus_R	1308	462	6190	31112	74	80	1646	1208	0	0	158	310	0	70	0	0	134	1598	782	4568	102	1020	0	0	0	0	0	152	1192	3204	0	204	152	348	9366	10164	8086	9412	1448	2236	72	76	0	0	0	0	1538	1540	0	0	238	66	0	0	180	1308	66	318	0	248	0	456	0	558	0	0	630	754	542	0	1456	12682	2332	7520	0	1076	18510	0	100	206	338	1280	0	0	462	1164	0	0	172	316	480	0	0	0	372	0	574	258	582	0	0	0	0	0	0	0	0	0	0	0	194	0	0	0	0	0	
122024	Heschl_L	1466	0	1830	206	318	0	500	0	0	0	1348	0	188	0	404	0	10786	0	382	150	0	0	0	0	0	0	0	0	15644	124	76	100	0	0	202	76	794	66	338	0	0	0	140	0	0	0	424	0	66	0	2616	0	160	0	352	0	2780	0	0	0	686	0	1572	0	140	0	304	0	0	0	990	142	1842	0	0	0	96	100	0	0	7468	0	1374	0	3240	0	0	0	1428	0	94	0	0	0	0	0	0	0	0	0	0	0	0	0	0	0	0	0	0	0	0	0	0	0	0	0	
78236	Heschl_R	0	0	0	148	0	0	0	0	0	0	0	0	0	0	0	0	0	6186	0	72	0	0	0	0	0	0	0	0	0	10742	0	0	0	0	68	98	78	1258	0	84	0	0	0	334	0	0	0	0	0	0	0	452	0	0	0	266	0	378	0	0	0	352	0	550	0	158	0	532	0	0	0	98	0	1122	0	210	0	206	0	0	0	11894	0	380	0	2728	0	0	0	724	0	0	0	0	0	0	0	0	0	0	0	0	0	0	0	0	0	0	0	0	0	0	0	0	0	0	
256404	Temporal_Sup_L	354	0	1138	146	1054	0	104	0	450	0	1538	0	104	0	2370	0	9336	0	164	0	0	0	0	0	0	0	0	0	10794	0	78	0	0	0	448	158	3108	120	1434	0	0	0	316	0	0	0	998	0	0	0	3384	0	380	0	2260	0	3986	0	102	0	1224	0	11452	0	3194	0	560	0	66	0	186	0	556	0	0	0	354	338	7468	0	0	0	11984	0	35426	0	1752	0	9188	0	130	0	0	0	0	0	0	0	0	0	0	0	0	0	0	0	0	0	0	0	0	0	0	0	0	0	
212612	Temporal_Sup_R	0	0	106	76	0	0	0	0	0	0	0	0	0	0	0	0	0	5912	0	112	0	0	0	0	0	0	0	0	0	18636	0	0	0	0	304	460	308	7982	0	1270	0	104	0	388	0	0	0	228	0	530	0	2832	0	0	0	2550	0	748	0	78	0	788	0	5370	0	3838	0	642	0	0	0	0	96	1598	0	168	122	1280	0	11894	0	0	0	5570	0	23694	0	1618	0	7004	0	0	0	0	0	0	0	0	0	0	0	0	0	0	0	0	0	0	0	0	0	0	0	0	0	0	
114648	Temporal_Pole_Sup_L	76	0	264	0	732	0	0	0	654	0	552	0	182	0	3054	0	2132	0	70	0	1564	0	0	0	0	0	0	0	4884	0	0	0	0	0	0	0	1324	0	1530	0	1236	0	0	0	0	0	0	0	0	0	0	0	0	0	2954	0	790	0	0	0	0	0	728	0	0	0	0	0	0	0	252	0	806	0	0	0	0	0	1374	0	11984	0	0	0	9564	0	4372	0	6246	0	0	0	0	0	0	0	0	0	0	0	0	0	0	0	0	0	0	0	0	0	0	0	0	0	0	0	
103260	Temporal_Pole_Sup_R	72	0	0	138	0	0	0	0	0	0	90	462	0	0	0	74	0	2742	0	112	0	0	0	0	0	0	0	0	0	7452	0	86	0	0	0	0	0	1440	0	2226	0	3140	0	0	0	0	0	68	0	0	0	0	0	0	0	7558	0	0	0	0	0	0	0	0	0	0	0	0	0	0	180	350	0	1238	0	0	0	0	0	380	0	5570	0	0	0	5010	0	4606	0	8636	0	0	0	0	0	0	0	0	0	0	0	0	0	0	0	0	0	0	0	0	0	0	0	0	0	0	
379104	Temporal_Mid_L	276	0	872	118	328	0	134	0	150	0	0	0	0	0	772	0	880	0	132	0	0	0	0	0	0	0	0	0	3942	0	0	0	0	0	1202	222	3886	174	2586	0	82	0	2270	0	362	0	3962	0	882	0	27486	0	5086	0	7976	0	780	0	532	0	5958	0	11912	0	12370	0	3508	0	158	0	0	0	154	76	0	0	530	462	3240	0	35426	0	9564	0	0	0	4542	0	35814	0	588	0	0	0	0	0	0	0	158	0	0	0	0	0	0	0	0	0	0	0	0	0	0	0	0	0	
265080	Temporal_Mid_R	0	66	0	0	0	0	0	0	0	0	0	0	0	0	0	0	0	1402	0	86	0	0	0	0	0	0	0	0	0	3520	0	0	0	0	112	268	122	3246	0	534	0	0	0	1884	0	634	110	688	0	3970	0	23162	0	2106	0	2598	0	1222	0	260	0	2926	0	5516	0	10502	0	1000	0	0	0	0	68	376	0	68	0	1164	0	2728	0	23694	0	5010	0	0	0	2348	0	31010	0	68	0	0	0	0	0	0	72	0	0	0	0	0	0	0	0	0	0	0	0	0	0	0	0	0	
32208	Temporal_Pole_Mid_L	0	0	0	0	0	0	0	0	0	0	0	0	0	0	0	0	0	0	0	0	0	0	0	0	0	0	0	0	158	0	0	0	0	0	0	0	0	0	722	0	130	0	0	0	0	0	0	0	0	0	0	0	0	0	1410	0	0	0	0	0	0	0	72	0	0	0	0	0	0	0	0	0	0	0	0	0	0	0	0	0	1752	0	4372	0	4542	0	0	0	2946	0	0	0	0	0	0	0	0	0	0	0	0	0	0	0	0	0	0	0	0	0	0	0	0	0	0	0	
29368	Temporal_Pole_Mid_R	0	0	0	0	0	0	0	0	0	0	0	0	0	0	0	0	0	0	0	0	0	0	0	0	0	0	0	0	0	408	0	0	0	0	0	0	0	0	0	1054	0	434	0	0	0	0	0	0	0	0	0	0	0	0	0	1374	0	0	0	0	0	0	0	0	0	0	0	0	0	0	0	0	0	0	0	0	0	0	0	0	0	1618	0	4606	0	2348	0	0	0	2842	0	0	0	0	0	0	0	0	0	0	0	0	0	0	0	0	0	0	0	0	0	0	0	0	0	0	
216360	Temporal_Inf_L	0	0	224	0	164	0	0	0	0	0	0	0	0	0	396	0	286	0	0	0	134	0	0	0	0	0	0	0	1448	0	0	0	0	0	176	100	7934	72	2514	0	1126	0	256	0	0	0	1118	0	0	0	4798	0	5474	0	15506	0	0	0	102	0	2178	0	2072	0	3042	0	388	0	0	0	0	0	654	0	0	0	168	172	1428	0	9188	0	6246	0	35814	0	2946	0	0	0	1498	0	0	0	0	0	86	0	472	0	0	0	0	0	0	0	0	0	0	0	0	0	0	0	0	0	
247804	Temporal_Inf_R	0	70	0	0	0	0	0	0	0	0	0	0	0	0	0	0	0	392	0	66	0	0	0	0	0	0	0	0	0	1826	0	0	0	0	90	186	94	9598	0	4166	0	1364	0	1144	0	136	0	3340	0	982	0	8732	0	4988	0	20682	0	1178	0	172	0	2774	0	4260	0	3426	0	636	0	0	0	0	0	838	0	440	0	316	0	724	0	7004	0	8636	0	31010	0	2842	0	0	0	404	0	0	0	0	0	482	110	392	0	0	0	0	0	0	0	0	0	0	324	78	0	0	0	0	
436644	Cerebelum_Crus1_L	0	0	88	0	0	0	0	0	0	0	0	0	0	0	0	0	0	0	0	0	0	0	0	0	0	0	0	0	74	0	0	0	0	0	220	0	720	76	516	0	0	0	230	90	0	0	4030	2744	0	0	686	146	2290	100	10978	2758	0	0	0	0	0	0	0	0	0	0	296	0	0	0	0	0	112	132	0	0	258	480	94	0	130	0	0	0	588	0	0	0	1498	0	0	6032	20466	2672	4140	0	24714	3066	55524	9652	11822	930	13436	2642	3168	1086	476	468	870	1778	6504	8162	7482	2218	1222	458	
334432	Cerebelum_Crus1_R	0	0	0	0	0	0	0	0	0	0	0	0	0	0	0	0	0	0	0	0	0	0	0	0	0	0	0	0	0	0	0	0	0	0	0	0	0	68	0	162	0	0	0	200	0	146	120	1234	0	142	0	138	0	330	198	3910	0	0	0	0	0	0	0	0	0	0	0	0	0	0	0	0	0	0	0	0	0	0	0	0	0	0	0	0	0	68	0	0	0	404	6032	0	4458	20534	0	6058	1606	15326	3928	43016	1084	7430	544	14532	428	2868	0	1508	814	3646	3768	7946	9106	2432	2434	598	
254216	Cerebelum_Crus2_L	0	0	0	0	0	0	0	0	0	0	0	0	0	0	0	0	0	0	0	0	0	0	0	0	0	0	0	0	0	0	0	0	0	0	0	0	0	0	0	0	0	0	0	0	0	0	0	0	0	0	0	0	0	0	0	0	0	0	0	0	0	0	0	0	0	0	0	0	0	0	0	0	0	0	0	0	0	0	0	0	0	0	0	0	0	0	0	0	0	0	20466	4458	0	10524	0	0	68	0	2614	3360	31548	4944	21852	4558	2564	1178	0	0	0	0	70	664	11488	5390	1362	0	
227500	Cerebelum_Crus2_R	0	0	0	0	0	0	0	0	0	0	0	0	0	0	0	0	0	0	0	0	0	0	0	0	0	0	0	0	0	0	0	0	0	0	0	0	0	0	0	0	0	0	0	0	0	0	0	0	0	0	0	0	0	0	0	0	0	0	0	0	0	0	0	0	0	0	0	0	0	0	0	0	0	0	0	0	0	0	0	0	0	0	0	0	0	0	0	0	0	0	2672	20534	10524	0	0	0	0	102	264	4614	5058	22948	1198	24530	140	5262	0	240	0	0	254	622	8716	4452	1398	222	
46272	Cerebelum_3_L	0	0	0	0	0	0	0	0	0	0	0	0	0	0	0	0	0	0	0	0	0	0	0	0	0	0	0	0	0	0	0	0	0	0	0	0	88	0	116	0	0	0	0	0	0	0	1000	0	0	0	0	0	0	0	0	0	0	0	0	0	0	0	0	0	0	0	0	0	0	0	0	0	0	98	0	0	180	372	0	0	0	0	0	0	0	0	0	0	0	0	4140	0	0	0	0	0	7650	0	4316	0	0	0	134	0	2018	0	432	0	548	1862	182	0	0	0	0	0	
60320	Cerebelum_3_R	0	0	0	0	0	0	0	0	0	0	0	0	0	0	0	0	0	0	0	0	0	0	0	0	0	0	0	0	0	0	0	0	0	0	0	0	0	272	0	502	0	0	0	0	0	0	0	700	0	0	0	0	0	0	0	1956	0	0	0	0	0	0	0	0	0	0	0	0	0	0	0	0	0	0	0	0	0	0	0	0	0	0	0	0	0	0	0	0	0	0	0	6058	0	0	0	0	108	7518	0	7302	0	0	0	0	0	824	0	116	884	3824	96	0	0	0	0	0	
280316	Cerebelum_4_5_L	0	0	66	82	0	0	0	0	0	0	0	0	0	0	0	0	0	0	0	0	0	0	0	0	0	0	0	0	0	0	0	0	0	0	0	0	334	68	500	0	0	0	0	0	0	0	6224	692	0	0	286	0	466	0	7366	1578	0	0	0	0	0	0	0	0	0	0	0	0	0	0	0	0	124	182	0	0	256	574	0	0	0	0	0	0	0	0	0	0	86	0	24714	1606	68	0	7650	108	0	4536	35106	3170	1450	0	4252	252	7056	1660	1956	780	1348	3380	16872	2516	0	0	704	2090	
260280	Cerebelum_4_5_R	0	0	0	0	0	0	0	0	0	0	0	0	0	0	0	0	0	96	0	0	0	0	0	0	0	0	0	0	0	194	0	0	0	0	290	384	306	3250	118	5492	0	634	0	264	0	0	1508	8510	0	0	0	106	0	350	1702	15354	0	0	0	0	0	0	0	0	0	0	98	734	0	0	0	0	0	300	0	144	0	258	0	0	0	0	0	0	0	0	0	0	0	482	3066	15326	0	102	0	7518	4536	0	5578	24030	76	0	370	260	392	1786	80	1344	654	5748	12892	3768	78	0	1112	850	
438196	Cerebelum_6_L	0	0	66	78	0	0	0	0	0	0	0	0	0	0	0	0	0	0	0	0	0	0	0	0	0	0	0	0	0	0	0	0	0	0	0	0	226	80	214	0	0	0	148	306	78	0	9862	6186	86	0	508	212	1060	228	16250	5318	0	0	0	0	0	0	0	0	0	0	0	0	0	0	0	0	100	186	0	0	256	582	0	0	0	0	0	0	158	72	0	0	472	110	55524	3928	2614	264	4316	0	35106	5578	0	10352	4694	106	8466	1074	4570	1370	1186	742	1006	2252	15098	12882	2296	734	1062	1036	
391916	Cerebelum_6_R	0	0	0	0	0	0	0	0	0	0	0	0	0	0	0	0	0	0	0	0	0	0	0	0	0	0	0	0	0	0	0	0	0	0	0	0	0	210	0	720	0	136	274	938	0	98	1746	7274	0	130	0	224	0	430	2808	14404	0	0	0	0	0	0	0	0	0	0	0	0	0	0	0	0	0	0	0	0	0	0	0	0	0	0	0	0	0	0	0	0	0	392	9652	43016	3360	4614	0	7302	3170	24030	10352	0	864	902	616	4862	722	2872	70	3244	882	5570	9146	15284	8586	2706	3346	1006	
223312	Cerebelum_7b_L	0	0	0	0	0	0	0	0	0	0	0	0	0	0	0	0	0	0	0	0	0	0	0	0	0	0	0	0	0	0	0	0	0	0	0	0	0	0	0	0	0	0	0	0	0	0	0	0	0	0	0	0	0	0	0	0	0	0	0	0	0	0	0	0	0	0	0	0	0	0	0	0	0	0	0	0	0	0	0	0	0	0	0	0	0	0	0	0	0	0	11822	1084	31548	5058	0	0	1450	76	4694	864	0	4058	26054	4380	3132	858	486	0	0	70	836	96	7084	6808	956	242	
150828	Cerebelum_7b_R	0	0	0	0	0	0	0	0	0	0	0	0	0	0	0	0	0	0	0	0	0	0	0	0	0	0	0	0	0	0	0	0	0	0	0	0	0	0	0	0	0	0	0	0	0	0	0	0	0	0	0	0	0	0	0	0	0	0	0	0	0	0	0	0	0	0	0	0	0	0	0	0	0	0	0	0	0	0	0	0	0	0	0	0	0	0	0	0	0	0	930	7430	4944	22948	0	0	0	0	106	902	4058	0	1352	19584	0	4440	0	0	0	0	272	438	3664	3632	462	252	
229472	Cerebelum_8_L	0	0	0	0	0	0	0	0	0	0	0	0	0	0	0	0	0	0	0	0	0	0	0	0	0	0	0	0	0	0	0	0	0	0	0	0	0	0	0	0	0	0	0	0	0	0	72	0	0	0	0	0	0	0	0	0	0	0	0	0	0	0	0	0	0	0	0	0	0	0	0	0	0	0	0	0	0	0	0	0	0	0	0	0	0	0	0	0	0	0	13436	544	21852	1198	134	0	4252	370	8466	616	26054	1352	0	2512	13808	1532	888	104	0	118	3426	788	3754	6454	2156	850	
222380	Cerebelum_8_R	0	0	0	0	0	0	0	0	0	0	0	0	0	0	0	0	0	0	0	0	0	0	0	0	0	0	0	0	0	0	0	0	0	0	0	0	0	0	0	0	0	0	0	0	0	0	0	0	0	0	0	0	0	0	0	66	0	0	0	0	0	0	0	0	0	0	0	0	0	0	0	0	0	0	0	0	0	0	0	0	0	0	0	0	0	0	0	0	0	0	2642	14532	4558	24530	0	0	252	260	1074	4862	4380	19584	2512	0	478	11740	0	442	0	0	892	2344	6300	6428	2680	634	
111104	Cerebelum_9_L	0	0	0	0	0	0	0	0	0	0	0	0	0	0	0	0	0	0	0	0	0	0	0	0	0	0	0	0	0	0	0	0	0	0	0	0	0	0	0	0	0	0	0	0	0	0	90	0	0	0	0	0	0	0	0	0	0	0	0	0	0	0	0	0	0	0	0	0	0	0	0	0	0	0	0	0	0	0	0	0	0	0	0	0	0	0	0	0	0	0	3168	428	2564	140	2018	0	7056	392	4570	722	3132	0	13808	478	0	1462	1462	196	252	742	4038	1554	1326	2082	2462	1410	
131680	Cerebelum_9_R	0	0	0	0	0	0	0	0	0	0	0	0	0	0	0	0	0	0	0	0	0	0	0	0	0	0	0	0	0	0	0	0	0	0	0	0	0	0	0	0	0	0	0	0	0	0	302	72	0	0	0	0	0	0	328	290	0	0	0	0	0	0	0	0	0	0	0	0	0	0	0	0	0	0	0	0	0	0	0	0	0	0	0	0	0	0	0	0	0	0	1086	2868	1178	5262	0	824	1660	1786	1370	2872	858	4440	1532	11740	1462	0	0	1682	702	650	4556	4080	2214	3436	5834	2756	
17388	Cerebelum_10_L	0	0	0	0	0	0	0	0	0	0	0	0	0	0	0	0	0	0	0	0	0	0	0	0	0	0	0	0	0	0	0	0	0	0	0	0	0	0	0	0	0	0	0	0	0	0	156	0	0	0	0	0	0	0	0	0	0	0	0	0	0	0	0	0	0	0	0	0	0	0	0	0	0	0	0	0	0	0	0	0	0	0	0	0	0	0	0	0	0	0	476	0	0	0	432	0	1956	80	1186	70	486	0	888	0	1462	0	0	0	0	0	992	0	0	0	0	510	
31228	Cerebelum_10_R	0	0	0	0	0	0	0	0	0	0	0	0	0	0	0	0	0	0	0	0	0	0	0	0	0	0	0	0	0	0	0	0	0	0	0	0	0	0	0	0	0	0	0	0	0	0	168	0	0	0	0	0	0	0	222	0	0	0	0	0	0	0	0	0	0	0	0	0	0	0	0	0	0	0	0	0	0	0	0	0	0	0	0	0	0	0	0	0	0	0	468	1508	0	240	0	116	780	1344	742	3244	0	0	104	442	196	1682	0	0	0	0	1880	1266	118	124	446	524	
27828	Vermis_1_2	0	0	0	0	0	0	0	0	0	0	0	0	0	0	0	0	0	0	0	0	0	0	0	0	0	0	0	0	0	0	0	0	0	0	0	0	0	0	0	0	0	0	0	0	0	0	0	0	0	0	0	0	0	0	0	0	0	0	0	0	0	0	0	0	0	0	0	0	0	0	0	0	0	0	0	0	0	0	0	0	0	0	0	0	0	0	0	0	0	0	870	814	0	0	548	884	1348	654	1006	882	0	0	0	0	252	702	0	0	0	5052	664	0	0	0	0	238	
