data	data	339172	249816	844028	631508	139316	137216	291700	169232	66816	47000	272872	258492	240848	496572	145728	315996	289988	142848	614944	650800	87476	104544	341040	283760	46068	64700	54172	63600	619620	594300	329288	395428	129336	521812	155172	194192	227768	260808	58832	128892	50020	57236	253684	385012	143640	298812	237548	354944	162052	323544	393256	233188	206152	164376	365252	400288	203912	199072	96108	120572	238496	146732	117868	168132	112092	115676	248008	349244	192056	155956	414928	416280	309800	248812	41504	22332	81892	209408	50920	31008	163160	120784	62232	55676	292992	286116	33016	17360	371296	303824	438824	390396	354336	264300	26244	61008	255948	261900	419276	492472	182160	104664	278644	270676	145372	204540	34428	61432	16204	47820	250756	285708	183032	144204	145308	30636	
data	data	Precentral_L	Precentral_R	Frontal_Sup_L	Frontal_Sup_R	Frontal_Sup_Orb_L	Frontal_Sup_Orb_R	Frontal_Mid_L	Frontal_Mid_R	Frontal_Mid_Orb_L	Frontal_Mid_Orb_R	Frontal_Inf_Oper_L	Frontal_Inf_Oper_R	Frontal_Inf_Tri_L	Frontal_Inf_Tri_R	Frontal_Inf_Orb_L	Frontal_Inf_Orb_R	Rolandic_Oper_L	Rolandic_Oper_R	Supp_Motor_Area_L	Supp_Motor_Area_R	Olfactory_L	Olfactory_R	Frontal_Sup_Medial_L	Frontal_Sup_Medial_R	Frontal_Med_Orb_L	Frontal_Med_Orb_R	Rectus_L	Rectus_R	Insula_L	Insula_R	Cingulum_Ant_L	Cingulum_Ant_R	Cingulum_Mid_L	Cingulum_Mid_R	Cingulum_Post_L	Cingulum_Post_R	Hippocampus_L	Hippocampus_R	ParaHippocampal_L	ParaHippocampal_R	Amygdala_L	Amygdala_R	Calcarine_L	Calcarine_R	Cuneus_L	Cuneus_R	Lingual_L	Lingual_R	Occipital_Sup_L	Occipital_Sup_R	Occipital_Mid_L	Occipital_Mid_R	Occipital_Inf_L	Occipital_Inf_R	Fusiform_L	Fusiform_R	Postcentral_L	Postcentral_R	Parietal_Sup_L	Parietal_Sup_R	Parietal_Inf_L	Parietal_Inf_R	SupraMarginal_L	SupraMarginal_R	Angular_L	Angular_R	Precuneus_L	Precuneus_R	Paracentral_Lobule_L	Paracentral_Lobule_R	Caudate_L	Caudate_R	Putamen_L	Putamen_R	Pallidum_L	Pallidum_R	Thalamus_L	Thalamus_R	Heschl_L	Heschl_R	Temporal_Sup_L	Temporal_Sup_R	Temporal_Pole_Sup_L	Temporal_Pole_Sup_R	Temporal_Mid_L	Temporal_Mid_R	Temporal_Pole_Mid_L	Temporal_Pole_Mid_R	Temporal_Inf_L	Temporal_Inf_R	Cerebelum_Crus1_L	Cerebelum_Crus1_R	Cerebelum_Crus2_L	Cerebelum_Crus2_R	Cerebelum_3_L	Cerebelum_3_R	Cerebelum_4_5_L	Cerebelum_4_5_R	Cerebelum_6_L	Cerebelum_6_R	Cerebelum_7b_L	Cerebelum_7b_R	Cerebelum_8_L	Cerebelum_8_R	Cerebelum_9_L	Cerebelum_9_R	Cerebelum_10_L	Cerebelum_10_R	Vermis_1_2	Vermis_3	Vermis_4_5	Vermis_6	Vermis_7	Vermis_8	Vermis_9	Vermis_10	
339172	Precentral_L	0	4208	15558	1874	0	0	10380	440	0	0	7926	216	696	1054	0	996	9054	118	9370	7320	0	0	880	0	0	0	0	0	7614	1370	150	138	754	2430	4578	630	3750	0	700	0	0	0	1036	0	0	0	218	0	0	0	2880	0	2796	0	2098	0	14620	82	0	96	1596	118	1390	124	0	0	1040	0	22510	1276	1718	1916	1898	154	100	0	10314	962	1034	0	1696	0	0	0	2198	0	0	0	3332	0	180	0	0	0	0	0	0	0	0	0	0	0	0	0	0	0	0	0	0	0	0	0	0	0	0	0	
249816	Precentral_R	4208	0	1040	7224	0	0	168	9882	0	0	0	9424	0	1514	0	136	0	5212	1196	6222	0	0	0	0	0	0	0	0	0	4178	0	0	0	668	2450	2804	1558	4050	254	340	0	0	0	1722	0	300	122	96	0	0	0	0	0	0	88	372	208	18614	0	1902	0	3288	0	3624	0	0	86	2292	3064	5268	412	2922	0	2354	0	0	1126	10376	0	772	0	1106	0	78	0	0	0	0	0	2188	0	0	0	0	0	0	0	0	0	0	0	0	0	0	0	0	0	0	0	0	0	0	0	0	0	0	
844028	Frontal_Sup_L	15558	1040	0	4418	7454	0	51942	804	1806	0	21078	1914	19020	4728	7592	3356	20272	298	70252	11932	388	0	39770	968	2138	104	0	0	44900	6884	19308	2730	4186	2178	184	78	3504	0	106	0	0	0	0	0	0	0	0	0	0	0	0	0	0	0	300	0	2808	106	0	108	198	134	800	136	0	0	0	0	654	0	10620	4398	19748	868	3286	0	850	106	1062	0	3664	0	796	0	156	0	0	0	326	0	0	0	0	0	0	0	0	0	0	0	0	0	0	0	0	0	0	0	0	0	0	0	0	0	0	0	
631508	Frontal_Sup_R	1874	7224	4418	0	0	8222	586	19224	0	660	170	18590	0	16220	0	5854	294	6974	10648	51878	0	0	8082	31856	0	1484	0	0	518	12192	2574	31228	1092	24906	160	208	160	3494	0	806	0	0	0	0	0	0	0	0	0	0	0	0	0	0	0	948	78	2296	0	488	0	826	0	1046	0	0	0	0	606	0	1224	9786	494	15506	0	3618	240	5060	0	372	0	670	0	100	0	0	0	0	0	800	0	0	0	0	0	0	0	0	0	0	0	0	0	0	0	0	0	0	0	0	0	0	0	0	0	0	
139316	Frontal_Sup_Orb_L	0	0	7454	0	0	426	1242	0	6636	82	126	0	810	0	6522	0	0	0	830	0	2130	736	7634	0	5542	108	6372	388	5240	0	8206	240	852	86	0	0	0	0	0	0	0	0	0	0	0	0	0	0	0	0	0	0	0	0	0	0	0	0	0	0	0	0	0	0	0	0	0	0	0	0	1606	78	5806	0	0	0	0	0	0	0	0	0	506	0	0	0	0	0	0	0	0	0	0	0	0	0	0	0	0	0	0	0	0	0	0	0	0	0	0	0	0	0	0	0	0	0	
137216	Frontal_Sup_Orb_R	0	0	0	8222	426	0	0	1328	130	4610	0	188	0	1596	0	5662	0	0	118	548	2570	4014	280	6128	0	5420	670	6364	0	2068	474	6084	0	686	0	0	0	0	0	0	0	116	0	0	0	0	0	0	0	0	0	0	0	0	0	0	0	0	0	0	0	0	0	0	0	0	0	0	0	0	2682	3818	760	3646	0	0	0	0	0	0	0	0	0	0	0	0	0	0	0	0	0	0	0	0	0	0	0	0	0	0	0	0	0	0	0	0	0	0	0	0	0	0	0	0	0	0	
291700	Frontal_Mid_L	10380	168	51942	586	1242	0	0	114	1404	0	6882	136	18906	448	3826	404	6128	0	4232	570	0	0	13650	230	296	0	0	0	12118	558	6100	688	1114	418	0	0	98	0	0	0	0	0	0	0	0	0	0	0	0	0	0	0	0	0	0	0	92	0	0	0	0	0	0	0	0	0	0	0	0	0	480	468	656	0	360	0	706	0	0	0	450	0	0	0	0	0	0	0	0	0	0	0	0	0	0	0	0	0	0	0	0	0	0	0	0	0	0	0	0	0	0	0	0	0	0	0	
169232	Frontal_Mid_R	440	9882	804	19224	0	1328	114	0	0	768	0	5442	0	10756	0	1504	0	460	2862	4106	0	0	1404	3294	0	0	0	0	0	4012	680	3508	132	6064	0	0	0	300	0	0	0	0	0	0	0	0	0	0	0	0	0	0	0	0	0	0	122	860	0	774	0	1148	0	1322	0	0	0	0	0	0	410	0	120	1638	0	84	0	1054	0	0	0	0	0	0	0	0	0	0	0	0	0	0	0	0	0	0	0	0	0	0	0	0	0	0	0	0	0	0	0	0	0	0	0	0	0	0	
66816	Frontal_Mid_Orb_L	0	0	1806	0	6636	130	1404	0	0	0	0	0	2366	0	12448	0	0	0	0	0	346	300	0	0	0	0	2344	98	2850	0	418	134	0	0	0	0	0	0	0	0	0	0	0	0	0	0	0	0	0	0	0	0	0	0	0	0	0	0	0	0	0	0	0	0	0	0	0	0	0	0	464	0	1376	0	0	0	0	0	0	0	0	0	288	0	0	0	0	0	0	0	0	0	0	0	0	0	0	0	0	0	0	0	0	0	0	0	0	0	0	0	0	0	0	0	0	0	
47000	Frontal_Mid_Orb_R	0	0	0	660	82	4610	0	768	0	0	0	0	0	900	0	4956	0	0	0	0	1328	1734	0	268	0	500	260	2066	0	986	200	536	0	116	0	0	0	0	0	0	0	0	0	0	0	0	0	0	0	0	0	0	0	0	0	0	0	0	0	0	0	0	0	0	0	0	0	0	0	0	1374	894	530	732	0	0	0	0	0	0	0	0	0	0	0	0	0	0	0	0	0	0	0	0	0	0	0	0	0	0	0	0	0	0	0	0	0	0	0	0	0	0	0	0	0	0	
272872	Frontal_Inf_Oper_L	7926	0	21078	170	126	0	6882	0	0	0	0	1084	9932	1900	386	1192	18836	0	13566	166	0	0	3582	0	150	0	0	0	29892	1576	2726	420	0	0	78	0	0	0	0	0	0	0	90	0	0	0	0	0	0	0	0	0	0	0	0	0	314	0	0	0	76	0	0	0	0	0	92	0	0	0	6456	1332	850	0	0	0	0	0	400	0	4228	0	930	0	0	0	0	0	0	0	0	0	0	0	0	0	0	0	0	0	0	0	0	0	0	0	0	0	0	0	0	0	0	0	0	0	
258492	Frontal_Inf_Oper_R	216	9424	1914	18590	0	188	136	5442	0	0	1084	0	104	19676	0	724	400	6734	3486	13976	0	0	218	1932	0	0	0	0	1286	19236	1750	1696	0	6694	0	0	0	272	0	0	0	0	0	0	0	0	0	0	0	0	0	0	0	0	0	72	0	592	0	156	0	590	0	654	0	0	0	0	0	0	4968	2716	1026	1758	0	0	0	364	0	124	120	566	0	280	0	0	0	0	0	82	0	0	0	0	0	0	0	0	0	0	0	0	0	0	0	0	0	0	0	0	0	0	0	0	0	0	
240848	Frontal_Inf_Tri_L	696	0	19020	0	810	0	18906	0	2366	0	9932	104	0	102	15958	0	704	0	4418	0	0	0	5746	0	274	0	0	0	26224	110	12132	0	92	0	0	0	0	0	0	0	0	0	0	0	0	0	0	0	0	0	0	0	0	0	0	0	0	0	0	0	0	0	0	0	0	0	0	0	0	0	1914	0	718	0	0	0	0	0	0	0	74	0	124	0	0	0	0	0	0	0	0	0	0	0	0	0	0	0	0	0	0	0	0	0	0	0	0	0	0	0	0	0	0	0	0	0	
496572	Frontal_Inf_Tri_R	1054	1514	4728	16220	0	1596	448	10756	0	900	1900	19676	102	0	0	29822	1164	558	7018	11612	0	0	1760	7028	0	0	0	0	3772	46216	2054	9582	394	14482	90	0	1064	0	0	0	0	0	0	0	0	0	0	0	0	0	0	0	0	0	154	0	230	0	0	0	0	88	162	96	0	0	0	0	0	0	17030	22498	6892	2620	1172	0	260	726	110	0	364	0	130	0	116	0	0	0	128	0	0	0	0	0	0	0	0	0	0	0	0	0	0	0	0	0	0	0	0	0	0	0	0	0	0	0	
145728	Frontal_Inf_Orb_L	0	0	7592	0	6522	0	3826	0	12448	0	386	0	15958	0	0	0	242	0	222	0	1962	0	1362	0	126	0	1138	0	13018	0	2932	0	0	0	0	0	278	0	590	0	938	0	0	0	0	0	0	0	0	0	0	0	0	0	0	0	0	0	0	0	0	0	0	0	0	0	0	0	0	0	144	0	1792	0	0	0	0	0	0	0	0	0	1178	0	0	0	210	0	0	0	0	0	0	0	0	0	0	0	0	0	0	0	0	0	0	0	0	0	0	0	0	0	0	0	0	0	
315996	Frontal_Inf_Orb_R	996	136	3356	5854	0	5662	404	1504	0	4956	1192	724	0	29822	0	0	1098	0	2562	1334	492	1782	1300	5854	0	100	0	1554	2884	28636	1142	6958	354	3820	90	0	990	0	0	0	0	80	0	0	0	0	0	0	0	0	0	0	0	0	154	0	224	0	0	0	0	0	162	0	0	0	0	0	0	0	10956	19354	4890	3572	1172	0	248	724	110	0	342	0	126	84	116	0	0	0	128	0	0	0	0	0	0	0	0	0	0	0	0	0	0	0	0	0	0	0	0	0	0	0	0	0	0	0	
289988	Rolandic_Oper_L	9054	0	20272	294	0	0	6128	0	0	0	18836	400	704	1164	242	1098	0	0	12344	302	0	0	882	0	0	0	0	0	39192	1186	246	0	0	0	398	0	508	0	0	0	0	0	210	0	0	0	0	0	0	0	0	0	0	0	528	0	4808	0	0	0	1008	0	3260	0	0	0	232	0	600	0	2214	1252	716	0	0	0	224	0	4530	0	8388	0	868	0	1098	0	0	0	1808	0	0	0	0	0	0	0	0	0	0	0	0	0	0	0	0	0	0	0	0	0	0	0	0	0	0	0	
142848	Rolandic_Oper_R	118	5212	298	6974	0	0	0	460	0	0	0	6734	0	558	0	0	0	0	376	9642	0	0	0	0	0	0	0	0	0	14512	0	0	0	568	0	0	0	412	0	94	0	0	0	0	0	0	0	88	0	0	0	86	0	0	0	156	0	3614	0	138	0	720	0	2414	0	0	0	158	0	450	344	270	116	4060	0	224	0	464	0	3690	0	5678	0	428	0	866	0	0	0	1502	0	0	0	0	0	0	0	0	0	0	0	0	0	0	0	0	0	0	0	0	0	0	0	0	0	0	
614944	Supp_Motor_Area_L	9370	1196	70252	10648	830	118	4232	2862	0	0	13566	3486	4418	7018	222	2562	12344	376	0	39524	0	0	9502	3074	828	0	0	0	21242	5870	6770	4834	9142	18358	366	0	2036	0	0	0	0	0	0	0	0	0	0	0	0	0	0	0	0	0	78	0	2662	296	0	382	166	466	800	472	0	0	0	0	6796	190	7370	3098	11902	848	1538	0	308	134	1010	0	3138	0	528	0	98	0	0	0	146	0	0	0	0	0	0	0	0	0	0	0	0	0	0	0	0	0	0	0	0	0	0	0	0	0	0	0	
650800	Supp_Motor_Area_R	7320	6222	11932	51878	0	548	570	4106	0	0	166	13976	0	11612	0	1334	302	9642	39524	0	0	0	566	4270	0	0	0	0	608	11638	1508	9524	6592	44578	528	5936	176	3314	0	910	0	0	0	752	0	476	0	662	0	676	0	182	0	0	0	1482	122	4668	0	100	0	270	0	894	0	128	74	3240	5818	16206	1656	11940	898	10816	164	1514	108	5324	0	1356	0	2236	0	74	0	1348	0	0	0	2936	0	0	0	0	0	0	0	0	0	0	0	0	0	0	0	0	0	0	0	0	0	0	0	0	0	0	
87476	Olfactory_L	0	0	388	0	2130	2570	0	0	346	1328	0	0	0	0	1962	492	0	0	0	0	0	6750	0	0	0	892	2712	2806	2486	0	2160	2010	0	0	0	0	368	0	754	0	1098	0	0	0	0	0	0	0	0	0	0	0	0	0	90	0	0	0	0	0	0	0	0	0	0	0	0	0	0	0	6962	2434	2332	0	0	0	0	0	0	0	0	0	432	0	0	0	236	0	0	0	0	0	0	0	0	0	0	0	0	0	0	0	0	0	0	0	0	0	0	0	0	0	0	0	0	0	
104544	Olfactory_R	0	0	0	0	736	4014	0	0	300	1734	0	0	0	0	0	1782	0	0	0	0	6750	0	0	0	0	1868	2146	5318	0	2478	2156	3206	0	0	0	0	0	198	0	118	0	636	0	0	0	0	0	0	0	0	0	0	0	0	0	0	0	0	0	0	0	0	0	0	0	0	0	0	0	0	8726	6118	3166	654	0	0	0	0	0	0	0	0	0	168	0	0	0	0	0	0	0	0	0	0	0	0	0	0	0	0	0	0	0	0	0	0	0	0	0	0	0	0	0	0	0	0	
341040	Frontal_Sup_Medial_L	880	0	39770	8082	7634	280	13650	1404	0	0	3582	218	5746	1760	1362	1300	882	0	9502	566	0	0	0	14146	5390	1030	148	0	3054	1704	19260	11426	3848	12464	0	0	0	0	0	0	0	0	0	0	0	0	0	0	0	0	0	0	0	0	0	0	0	0	0	0	0	0	0	0	0	0	0	0	0	0	346	112	974	0	0	0	0	0	0	0	0	0	0	0	0	0	0	0	0	0	0	0	0	0	0	0	0	0	0	0	0	0	0	0	0	0	0	0	0	0	0	0	0	0	0	0	
283760	Frontal_Sup_Medial_R	0	0	968	31856	0	6128	230	3294	0	268	0	1932	0	7028	0	5854	0	0	3074	4270	0	0	14146	0	82	3344	0	0	0	4752	2018	25266	190	19862	0	0	0	0	0	0	0	0	0	0	0	0	0	0	0	0	0	0	0	0	0	0	0	0	0	0	0	0	0	0	0	0	0	0	0	0	72	3328	0	3918	0	0	0	0	0	0	0	0	0	0	0	0	0	0	0	0	0	0	0	0	0	0	0	0	0	0	0	0	0	0	0	0	0	0	0	0	0	0	0	0	0	0	
46068	Frontal_Med_Orb_L	0	0	2138	0	5542	0	296	0	0	0	150	0	274	0	126	0	0	0	828	0	0	0	5390	82	0	216	394	0	208	0	5968	0	764	0	0	0	0	0	0	0	0	0	0	0	0	0	0	0	0	0	0	0	0	0	0	0	0	0	0	0	0	0	0	0	0	0	0	0	0	0	298	0	360	0	0	0	0	0	0	0	0	0	0	0	0	0	0	0	0	0	0	0	0	0	0	0	0	0	0	0	0	0	0	0	0	0	0	0	0	0	0	0	0	0	0	0	
64700	Frontal_Med_Orb_R	0	0	104	1484	108	5420	0	0	0	500	0	0	0	0	0	100	0	0	0	0	892	1868	1030	3344	216	0	428	4178	0	98	790	4272	0	0	0	0	0	0	0	0	0	0	0	0	0	0	0	0	0	0	0	0	0	0	0	0	0	0	0	0	0	0	0	0	0	0	0	0	0	0	934	3620	558	2406	0	0	0	0	0	0	0	0	0	0	0	0	0	0	0	0	0	0	0	0	0	0	0	0	0	0	0	0	0	0	0	0	0	0	0	0	0	0	0	0	0	0	
54172	Rectus_L	0	0	0	0	6372	670	0	0	2344	260	0	0	0	0	1138	0	0	0	0	0	2712	2146	148	0	394	428	0	742	430	0	2722	1194	0	0	0	0	0	0	0	0	0	0	0	0	0	0	0	0	0	0	0	0	0	0	0	0	0	0	0	0	0	0	0	0	0	0	0	0	0	0	2596	136	2540	0	0	0	0	0	0	0	0	0	114	0	0	0	0	0	0	0	0	0	0	0	0	0	0	0	0	0	0	0	0	0	0	0	0	0	0	0	0	0	0	0	0	0	
63600	Rectus_R	0	0	0	0	388	6364	0	0	98	2066	0	0	0	0	0	1554	0	0	0	0	2806	5318	0	0	0	4178	742	0	0	1632	380	1194	0	0	0	0	0	0	0	0	0	220	0	0	0	0	0	0	0	0	0	0	0	0	0	0	0	0	0	0	0	0	0	0	0	0	0	0	0	0	2706	1290	732	132	0	0	0	0	0	0	0	0	0	0	0	0	0	0	0	0	0	0	0	0	0	0	0	0	0	0	0	0	0	0	0	0	0	0	0	0	0	0	0	0	0	0	
619620	Insula_L	7614	0	44900	518	5240	0	12118	0	2850	0	29892	1286	26224	3772	13018	2884	39192	0	21242	608	2486	0	3054	0	208	0	430	0	0	3638	13620	490	142	0	958	0	8638	0	544	0	1874	0	426	0	0	0	0	0	0	0	0	0	0	0	2840	0	2610	0	0	0	1024	0	1902	0	0	0	460	0	748	0	10104	3256	16104	146	0	0	830	0	5036	0	7694	0	2636	0	1526	0	116	0	4912	0	0	0	0	0	0	0	0	0	0	0	0	0	0	0	0	0	0	0	0	0	0	0	0	0	0	0	
594300	Insula_R	1370	4178	6884	12192	0	2068	558	4012	0	986	1576	19236	110	46216	0	28636	1186	14512	5870	11638	0	2478	1704	4752	0	98	0	1632	3638	0	2368	8220	380	6456	180	188	1160	3618	0	1028	0	1814	0	0	0	0	0	0	0	0	0	0	0	0	170	1078	356	772	0	92	0	396	162	822	0	0	0	76	138	116	20426	23856	8584	18198	1200	152	320	3792	110	2648	300	5764	0	1592	130	1672	0	88	142	3056	0	0	0	0	0	0	0	0	0	0	0	0	0	0	0	0	0	0	0	0	0	0	0	0	0	0	
329288	Cingulum_Ant_L	150	0	19308	2574	8206	474	6100	680	418	200	2726	1750	12132	2054	2932	1142	246	0	6770	1508	2160	2156	19260	2018	5968	790	2722	380	13620	2368	0	12168	5464	3806	244	0	0	0	0	0	0	0	0	0	0	0	0	0	0	0	0	0	0	0	0	0	0	0	0	0	0	0	0	0	0	0	0	0	0	0	9532	2938	9532	148	0	0	0	0	0	0	0	0	0	0	0	0	0	0	0	0	0	0	0	0	0	0	0	0	0	0	0	0	0	0	0	0	0	0	0	0	0	0	0	0	0	0	
395428	Cingulum_Ant_R	138	0	2730	31228	240	6084	688	3508	134	536	420	1696	0	9582	0	6958	0	0	4834	9524	2010	3206	11426	25266	0	4272	1194	1194	490	8220	12168	0	1826	25596	0	0	0	0	0	0	0	0	0	0	0	0	0	0	0	0	0	0	0	0	0	0	0	0	0	0	0	0	0	0	0	0	0	0	0	0	4514	9912	1610	6510	0	0	0	0	0	0	0	0	0	0	0	0	0	0	0	0	0	0	0	0	0	0	0	0	0	0	0	0	0	0	0	0	0	0	0	0	0	0	0	0	0	0	
129336	Cingulum_Mid_L	754	0	4186	1092	852	0	1114	132	0	0	0	0	92	394	0	354	0	0	9142	6592	0	0	3848	190	764	0	0	0	142	380	5464	1826	0	9566	2764	170	0	0	0	0	0	0	696	208	1352	0	0	0	626	0	776	0	0	0	0	0	350	0	1210	0	1054	0	0	0	864	0	3200	724	3174	0	0	0	0	0	0	0	0	0	0	0	236	0	0	0	74	0	0	0	306	0	0	0	0	0	0	0	0	0	0	0	0	0	0	0	0	0	0	0	0	0	0	0	0	0	0	0	
521812	Cingulum_Mid_R	2430	668	2178	24906	86	686	418	6064	0	116	0	6694	0	14482	0	3820	0	568	18358	44578	0	0	12464	19862	0	0	0	0	0	6456	3806	25596	9566	0	368	6804	0	224	0	78	0	0	0	3942	0	3942	0	1926	0	2278	0	1446	0	314	0	354	0	2796	0	0	0	184	0	360	0	72	632	13034	2144	11528	0	194	0	322	0	0	0	0	0	0	0	626	0	0	0	2154	0	0	0	1382	0	0	0	0	0	0	0	0	0	0	0	0	0	0	0	0	0	0	0	0	0	0	0	0	0	0	
155172	Cingulum_Post_L	4578	2450	184	160	0	0	0	0	0	0	78	0	0	90	0	90	398	0	366	528	0	0	0	0	0	0	0	0	958	180	244	0	2764	368	0	11522	8610	4966	578	468	0	0	2744	0	3166	0	1612	364	764	0	774	0	468	0	512	0	1966	0	0	0	620	0	0	0	100	0	7926	890	4430	320	100	206	0	140	0	0	788	8844	256	0	90	0	0	0	508	0	0	0	418	0	0	0	0	0	0	0	0	0	0	0	0	0	0	0	0	0	0	0	0	0	0	0	0	0	0	0	
194192	Cingulum_Post_R	630	2804	78	208	0	0	0	0	0	0	0	0	0	0	0	0	0	0	0	5936	0	0	0	0	0	0	0	0	0	188	0	0	170	6804	11522	0	7042	9088	532	864	0	0	150	1686	0	1274	308	3516	0	1194	0	398	0	304	138	632	0	2514	0	0	0	198	0	374	0	0	2634	14588	234	6868	0	126	0	134	0	0	888	9060	0	0	0	0	0	0	76	474	0	0	92	2532	0	0	0	0	0	0	0	0	0	0	0	0	0	0	0	0	0	0	0	0	838	0	0	0	0	0	
227768	Hippocampus_L	3750	1558	3504	160	0	0	98	0	0	0	0	0	0	1064	278	990	508	0	2036	176	368	0	0	0	0	0	0	0	8638	1160	0	0	0	0	8610	7042	0	4030	8898	350	8824	0	1440	0	0	0	2400	260	0	0	88	0	0	0	10788	0	344	0	0	0	204	0	0	0	98	0	2760	312	256	0	2098	1108	4504	134	552	0	4600	6944	420	0	924	0	1042	0	1472	0	600	0	8408	0	86	0	0	0	0	0	0	0	0	0	0	0	0	0	0	0	0	0	0	0	0	0	0	0	0	0	
260808	Hippocampus_R	0	4050	0	3494	0	0	0	300	0	0	0	272	0	0	0	0	0	412	0	3314	0	198	0	0	0	0	0	0	0	3618	0	0	0	224	4966	9088	4030	0	172	17052	0	8844	108	1172	0	84	156	3848	0	74	0	0	0	106	0	18582	0	242	0	126	0	232	0	284	0	0	1772	5002	0	188	0	102	0	9688	0	276	0	11780	0	0	0	572	0	1292	0	1460	0	158	0	12232	0	0	0	0	0	0	0	426	0	0	0	0	0	0	0	0	0	0	0	0	408	0	0	0	0	0	
58832	ParaHippocampal_L	700	254	106	0	0	0	0	0	0	0	0	0	0	0	590	0	0	0	0	0	754	0	0	0	0	0	0	0	544	0	0	0	0	0	578	532	8898	172	0	0	3546	0	98	0	0	0	1956	96	0	0	170	0	258	0	4494	0	0	0	0	0	0	0	0	0	0	0	204	0	0	0	0	0	200	0	0	0	1072	824	0	0	0	0	122	0	288	0	916	0	1264	0	0	0	0	0	196	0	226	0	162	0	0	0	0	0	0	0	0	0	0	196	0	0	0	0	0	0	
128892	ParaHippocampal_R	0	340	0	806	0	0	0	0	0	0	0	0	0	0	0	0	0	94	0	910	0	118	0	0	0	0	0	0	0	1028	0	0	0	78	468	864	350	17052	0	0	0	7162	0	948	0	222	0	4058	0	180	0	176	0	306	0	14482	0	0	0	0	0	0	0	0	0	0	358	1278	0	0	0	0	0	2968	0	180	0	2280	0	0	0	0	0	2068	0	438	0	910	0	2314	0	0	0	0	0	108	0	1706	0	0	0	0	0	0	0	0	0	0	0	0	196	0	0	0	0	0	
50020	Amygdala_L	0	0	0	0	0	0	0	0	0	0	0	0	0	0	938	0	0	0	0	0	1098	0	0	0	0	0	0	0	1874	0	0	0	0	0	0	0	8824	0	3546	0	0	0	0	0	0	0	0	0	0	0	0	0	0	0	4620	0	0	0	0	0	0	0	0	0	0	0	0	0	0	0	160	0	354	0	0	0	606	0	0	0	0	0	846	0	0	0	872	0	1272	0	0	0	0	0	0	0	0	0	0	0	0	0	0	0	0	0	0	0	0	0	0	0	0	0	0	0	
57236	Amygdala_R	0	0	0	0	0	116	0	0	0	0	0	0	0	0	0	80	0	0	0	0	0	636	0	0	0	0	0	220	0	1814	0	0	0	0	0	0	0	8844	0	7162	0	0	0	0	0	0	0	0	0	0	0	0	0	0	0	4812	0	0	0	0	0	0	0	0	0	0	0	0	0	0	0	0	0	962	0	0	0	506	0	0	0	0	0	2138	0	360	0	292	0	676	0	0	0	0	0	0	0	0	0	0	0	0	0	0	0	0	0	0	0	0	0	0	0	0	0	0	
253684	Calcarine_L	1036	0	0	0	0	0	0	0	0	0	90	0	0	0	0	0	210	0	0	0	0	0	0	0	0	0	0	0	426	0	0	0	696	0	2744	150	1440	108	98	0	0	0	0	8562	9968	3524	13570	4056	9480	2090	20926	374	7792	236	4964	144	1134	0	514	0	1154	0	184	0	372	0	20356	426	1528	0	0	0	0	0	0	0	0	110	0	0	0	0	0	0	3940	0	0	0	4336	0	104	0	0	0	0	0	0	0	0	0	0	0	0	0	0	0	0	0	0	0	0	0	0	0	0	0	
385012	Calcarine_R	0	1722	0	0	0	0	0	0	0	0	0	0	0	0	0	0	0	0	0	752	0	0	0	0	0	0	0	0	0	0	0	0	208	3942	0	1686	0	1172	0	948	0	0	8562	0	3504	31296	1198	25556	0	26734	0	14956	0	11360	0	10844	0	3120	0	746	0	0	0	0	0	0	2740	22442	98	4666	0	0	0	0	0	0	0	0	0	0	0	0	0	0	0	7170	0	0	0	6372	0	0	0	0	0	0	0	72	0	186	0	0	0	0	0	0	0	0	0	0	320	134	0	0	0	0	
143640	Cuneus_L	0	0	0	0	0	0	0	0	0	0	0	0	0	0	0	0	0	0	0	0	0	0	0	0	0	0	0	0	0	0	0	0	1352	0	3166	0	0	0	0	0	0	0	9968	3504	0	5040	302	268	17140	1724	7324	430	536	268	228	198	134	0	1540	0	542	0	0	0	402	0	17008	418	198	0	0	0	0	0	0	0	0	0	0	0	0	0	0	0	0	0	0	0	130	0	0	0	0	0	0	0	0	0	0	0	0	0	0	0	0	0	0	0	0	0	0	0	0	0	0	0	
298812	Cuneus_R	0	300	0	0	0	0	0	0	0	0	0	0	0	0	0	0	0	0	0	476	0	0	0	0	0	0	0	0	0	0	0	0	0	3942	0	1274	0	84	0	222	0	0	3524	31296	5040	0	126	7320	0	41582	0	11814	0	5790	0	2370	0	508	0	3246	0	0	0	0	0	774	4710	19680	0	1022	0	0	0	0	0	0	0	0	0	0	0	0	0	0	0	3610	0	0	0	696	0	0	0	0	0	0	0	0	0	0	0	0	0	0	0	0	0	0	0	0	0	0	0	0	0	0	
237548	Lingual_L	218	122	0	0	0	0	0	0	0	0	0	0	0	0	0	0	0	0	0	0	0	0	0	0	0	0	0	0	0	0	0	0	0	0	1612	308	2400	156	1956	0	0	0	13570	1198	302	126	0	3070	1780	92	10744	0	6644	128	17212	572	84	0	190	0	94	0	0	0	0	0	3520	0	174	0	0	0	0	0	0	0	280	338	0	0	0	0	0	0	1134	0	0	0	2634	0	6800	1662	1388	808	116	0	8380	2280	13232	2964	0	0	124	514	0	648	0	194	0	206	4382	3196	808	130	172	112	
354944	Lingual_R	0	96	0	0	0	0	0	0	0	0	0	0	0	0	0	0	0	88	0	662	0	0	0	0	0	0	0	0	0	0	0	0	0	1926	364	3516	260	3848	96	4058	0	0	4056	25556	268	7320	3070	0	0	8808	0	2648	0	7886	724	22572	0	456	0	196	0	0	0	0	0	0	534	11568	0	1238	0	0	0	0	0	0	0	436	0	0	0	82	0	0	0	2134	0	0	0	4724	696	2486	710	570	214	104	3812	10106	4242	9320	194	78	118	1450	1534	1528	248	500	0	154	9420	8554	808	608	678	150	
162052	Occipital_Sup_L	0	0	0	0	0	0	0	0	0	0	0	0	0	0	0	0	0	0	0	0	0	0	0	0	0	0	0	0	0	0	0	0	626	0	764	0	0	0	0	0	0	0	9480	0	17140	0	1780	0	0	0	25064	0	2014	0	984	0	0	0	8938	0	2926	0	0	0	112	0	10652	0	0	0	0	0	0	0	0	0	0	0	0	0	0	0	0	0	0	0	0	0	546	0	0	0	0	0	0	0	0	0	0	0	0	0	0	0	0	0	0	0	0	0	0	0	0	0	0	0	
323544	Occipital_Sup_R	0	0	0	0	0	0	0	0	0	0	0	0	0	0	0	0	0	0	0	676	0	0	0	0	0	0	0	0	0	0	0	0	0	2278	0	1194	0	74	0	180	0	0	2090	26734	1724	41582	92	8808	0	0	0	22262	0	8218	0	1836	0	3670	0	8364	0	942	0	422	0	4690	2394	15132	0	522	0	0	0	0	0	0	0	0	0	0	0	88	0	0	0	6172	0	0	0	1628	0	0	0	0	0	0	0	0	0	0	0	0	0	0	0	0	0	0	0	0	0	0	0	0	0	0	
393256	Occipital_Mid_L	2880	0	0	0	0	0	0	0	0	0	0	0	0	0	0	0	0	0	0	0	0	0	0	0	0	0	0	0	0	0	0	0	776	0	774	0	88	0	170	0	0	0	20926	0	7324	0	10744	0	25064	0	0	0	26890	0	11024	0	3092	0	10082	0	17142	0	1054	0	17434	0	8132	0	3370	0	0	0	0	0	0	0	0	0	0	0	268	0	0	0	14944	0	0	0	13826	0	448	0	0	0	0	0	0	0	176	0	0	0	0	0	0	0	0	0	0	0	0	0	0	0	0	0	
233188	Occipital_Mid_R	0	0	0	0	0	0	0	0	0	0	0	0	0	0	0	0	0	86	0	182	0	0	0	0	0	0	0	0	0	0	0	0	0	1446	0	398	0	0	0	176	0	0	374	14956	430	11814	0	2648	0	22262	0	0	0	12676	0	1122	0	436	0	2356	0	4044	0	1064	0	11500	790	5596	0	216	0	0	0	0	0	0	0	0	0	0	0	526	0	0	0	19318	0	0	0	2178	0	0	0	0	0	0	0	0	0	0	0	0	0	0	0	0	0	0	0	0	0	0	0	0	0	0	
206152	Occipital_Inf_L	2796	0	0	0	0	0	0	0	0	0	0	0	0	0	0	0	0	0	0	0	0	0	0	0	0	0	0	0	0	0	0	0	0	0	468	0	0	0	258	0	0	0	7792	0	536	0	6644	0	2014	0	26890	0	0	0	15272	0	1990	0	882	0	1932	0	928	0	600	0	1882	0	2888	0	0	0	0	0	0	0	0	0	0	0	190	0	0	0	9096	0	0	0	18140	0	1360	0	0	0	0	0	0	0	404	0	0	0	0	0	0	0	0	0	0	0	0	114	0	0	0	0	
164376	Occipital_Inf_R	0	0	0	0	0	0	0	0	0	0	0	0	0	0	0	0	0	0	0	0	0	0	0	0	0	0	0	0	0	0	0	0	0	314	0	304	0	106	0	306	0	0	236	11360	268	5790	128	7886	0	8218	0	12676	0	0	0	9960	0	0	0	232	0	0	0	0	0	0	378	2162	0	0	0	0	0	0	0	0	0	0	0	0	0	0	0	0	0	5636	0	0	0	5776	0	660	146	138	0	240	336	2106	216	3558	0	0	0	172	0	118	0	0	0	242	1114	1066	146	96	98	0	
365252	Fusiform_L	2098	88	300	0	0	0	0	0	0	0	0	0	0	154	0	154	528	0	78	0	90	0	0	0	0	0	0	0	2840	170	0	0	0	0	512	138	10788	0	4494	0	4620	0	4964	0	228	0	17212	724	984	0	11024	0	15272	0	0	132	1450	0	264	0	996	0	456	0	0	0	2336	0	1886	0	200	154	248	0	0	0	400	188	590	0	984	0	2626	0	7216	0	1846	0	25026	0	15872	472	972	326	140	0	12544	558	22062	750	146	0	634	0	212	116	0	0	0	0	1398	1500	388	0	78	0	
400288	Fusiform_R	0	372	0	948	0	0	0	0	0	0	0	72	0	0	0	0	0	156	0	1482	0	0	0	0	0	0	0	0	0	1078	0	0	0	354	0	632	0	18582	0	14482	0	4812	144	10844	198	2370	572	22572	0	1836	0	1122	0	9960	132	0	0	138	0	0	0	96	0	108	0	0	108	2922	0	160	0	0	0	4552	0	142	0	2644	0	0	0	480	0	6008	0	2638	0	1368	0	16708	254	9010	492	468	136	2432	1470	15760	1158	23450	0	202	0	708	388	572	186	172	0	848	5238	4862	678	388	480	0	
203912	Postcentral_L	14620	208	2808	78	0	0	92	122	0	0	314	0	0	230	0	224	4808	0	2662	122	0	0	0	0	0	0	0	0	2610	356	0	0	350	0	1966	0	344	0	0	0	0	0	1134	0	134	0	84	0	0	0	3092	0	1990	0	1450	0	0	0	4774	0	20246	0	9002	0	504	0	2528	0	13398	0	582	240	0	0	0	0	204	144	1070	0	1608	0	0	0	3050	0	0	0	4808	0	0	0	0	0	0	0	0	0	0	0	0	0	0	0	0	0	0	0	0	0	0	0	0	0	0	0	
199072	Postcentral_R	82	18614	106	2296	0	0	0	860	0	0	0	592	0	0	0	0	0	3614	296	4668	0	0	0	0	0	0	0	0	0	772	0	0	0	2796	0	2514	0	242	0	0	0	0	0	3120	0	508	0	456	0	3670	0	436	0	0	0	138	0	0	0	8362	0	10114	0	12156	0	1114	0	6348	178	10392	0	440	0	0	0	0	0	686	0	430	0	1754	0	0	0	696	0	0	0	1086	0	0	0	0	0	0	0	0	0	0	0	0	0	0	0	0	0	0	0	0	0	0	0	0	0	0	
96108	Parietal_Sup_L	0	0	0	0	0	0	0	0	0	0	0	0	0	0	0	0	0	0	0	0	0	0	0	0	0	0	0	0	0	0	0	0	1210	0	0	0	0	0	0	0	0	0	514	0	1540	0	190	0	8938	0	10082	0	882	0	264	0	4774	0	0	0	8718	0	0	0	1884	0	5348	0	2248	0	0	0	0	0	0	0	0	0	0	0	0	0	0	0	628	0	0	0	834	0	0	0	0	0	0	0	0	0	0	0	0	0	0	0	0	0	0	0	0	0	0	0	0	0	0	0	
120572	Parietal_Sup_R	96	1902	108	488	0	0	0	774	0	0	0	156	0	0	0	0	0	138	382	100	0	0	0	0	0	0	0	0	0	92	0	0	0	0	0	0	0	126	0	0	0	0	0	746	0	3246	0	196	0	8364	0	2356	0	232	0	0	0	8362	0	0	0	9662	0	7994	0	4222	326	7614	184	1726	0	0	0	0	0	0	0	78	0	0	0	0	0	0	0	386	0	0	0	230	0	0	0	0	0	0	0	0	0	0	0	0	0	0	0	0	0	0	0	0	0	0	0	0	0	0	
238496	Parietal_Inf_L	1596	0	198	0	0	0	0	0	0	0	76	0	0	0	0	0	1008	0	166	0	0	0	0	0	0	0	0	0	1024	0	0	0	1054	0	620	0	204	0	0	0	0	0	1154	0	542	0	94	0	2926	0	17142	0	1932	0	996	0	20246	0	8718	0	0	0	13690	0	19528	0	1468	0	4498	0	72	0	0	0	0	0	0	0	358	0	2252	0	0	0	8402	0	0	0	9284	0	0	0	0	0	0	0	0	0	0	0	0	0	0	0	0	0	0	0	0	0	0	0	0	0	0	0	
146732	Parietal_Inf_R	118	3288	134	826	0	0	0	1148	0	0	0	590	0	88	0	0	0	720	466	270	0	0	0	0	0	0	0	0	0	396	0	0	0	184	0	198	0	232	0	0	0	0	0	0	0	0	0	0	0	942	0	4044	0	0	0	96	0	10114	0	9662	0	0	0	23090	0	9412	0	600	208	156	0	102	0	0	0	0	0	266	0	0	0	580	0	0	0	3166	0	0	0	2270	0	0	0	0	0	0	0	0	0	0	0	0	0	0	0	0	0	0	0	0	0	0	0	0	0	0	
117868	SupraMarginal_L	1390	0	800	0	0	0	0	0	0	0	0	0	0	162	0	162	3260	0	800	0	0	0	0	0	0	0	0	0	1902	162	0	0	0	0	0	0	0	0	0	0	0	0	184	0	0	0	0	0	0	0	1054	0	928	0	456	0	9002	0	0	0	13690	0	0	0	4024	0	90	0	536	0	194	162	0	0	0	0	0	0	562	0	6778	0	0	0	6738	0	0	0	5898	0	0	0	0	0	0	0	0	0	0	0	0	0	0	0	0	0	0	0	0	0	0	0	0	0	0	0	
168132	SupraMarginal_R	124	3624	136	1046	0	0	0	1322	0	0	0	654	0	96	0	0	0	2414	472	894	0	0	0	0	0	0	0	0	0	822	0	0	0	360	0	374	0	284	0	0	0	0	0	0	0	0	0	0	0	422	0	1064	0	0	0	108	0	12156	0	7994	0	23090	0	0	0	6898	0	744	214	796	0	156	0	88	0	0	0	470	0	180	0	4332	0	0	0	6980	0	0	0	5752	0	0	0	0	0	0	0	0	0	0	0	0	0	0	0	0	0	0	0	0	0	0	0	0	0	0	
112092	Angular_L	0	0	0	0	0	0	0	0	0	0	0	0	0	0	0	0	0	0	0	0	0	0	0	0	0	0	0	0	0	0	0	0	864	0	100	0	98	0	0	0	0	0	372	0	402	0	0	0	112	0	17434	0	600	0	0	0	504	0	1884	0	19528	0	4024	0	0	0	354	0	742	0	0	0	0	0	0	0	0	0	0	0	696	0	0	0	5252	0	0	0	3080	0	0	0	0	0	0	0	0	0	0	0	0	0	0	0	0	0	0	0	0	0	0	0	0	0	0	0	
115676	Angular_R	0	0	0	0	0	0	0	0	0	0	0	0	0	0	0	0	0	0	0	128	0	0	0	0	0	0	0	0	0	0	0	0	0	72	0	0	0	0	0	0	0	0	0	0	0	774	0	0	0	4690	0	11500	0	0	0	0	0	1114	0	4222	0	9412	0	6898	0	0	154	1198	0	0	0	0	0	0	0	0	0	0	0	0	0	2996	0	0	0	11244	0	0	0	3436	0	0	0	0	0	0	0	0	0	0	0	0	0	0	0	0	0	0	0	0	0	0	0	0	0	0	
248008	Precuneus_L	1040	86	0	0	0	0	0	0	0	0	92	0	0	0	0	0	232	0	0	74	0	0	0	0	0	0	0	0	460	0	0	0	3200	632	7926	2634	2760	1772	204	358	0	0	20356	2740	17008	4710	3520	534	10652	2394	8132	790	1882	378	2336	108	2528	0	5348	326	1468	0	90	0	354	154	0	5880	2764	0	0	0	0	0	0	0	0	1350	0	0	0	0	0	0	2882	432	0	0	3220	72	0	0	0	0	0	0	0	0	0	0	0	0	0	0	0	0	0	0	0	0	126	0	0	0	0	0	
349244	Precuneus_R	0	2292	0	0	0	0	0	0	0	0	0	0	0	0	0	0	0	158	0	3240	0	0	0	0	0	0	0	0	0	76	0	0	724	13034	890	14588	312	5002	0	1278	0	0	426	22442	418	19680	0	11568	0	15132	0	5596	0	2162	0	2922	0	6348	0	7614	0	600	0	744	0	1198	5880	0	168	10194	0	0	0	0	0	0	0	406	0	0	0	266	0	0	0	7186	0	0	0	10236	0	0	0	0	0	0	0	118	0	0	0	0	0	0	0	0	0	0	0	0	1724	0	0	0	0	0	
192056	Paracentral_Lobule_L	22510	3064	654	606	0	0	0	0	0	0	0	0	0	0	0	0	600	0	6796	5818	0	0	0	0	0	0	0	0	748	138	0	0	3174	2144	4430	234	256	0	0	0	0	0	1528	98	198	0	174	0	0	0	3370	0	2888	0	1886	0	13398	178	2248	184	4498	208	536	214	742	0	2764	168	0	824	98	794	0	0	0	0	146	440	212	0	552	0	0	0	2648	0	0	0	3752	0	110	0	0	0	0	0	0	0	0	0	0	0	0	0	0	0	0	0	0	0	0	0	0	0	0	0	
155956	Paracentral_Lobule_R	1276	5268	0	0	0	0	0	0	0	0	0	0	0	0	0	0	0	450	190	16206	0	0	0	0	0	0	0	0	0	116	0	0	0	11528	320	6868	0	188	0	0	0	0	0	4666	0	1022	0	1238	0	522	0	216	0	0	0	160	0	10392	0	1726	0	156	0	796	0	0	0	10194	824	0	0	0	0	0	0	0	0	368	0	0	0	1032	0	0	0	924	0	0	0	1332	0	0	0	0	0	0	0	0	0	0	0	0	0	0	0	0	0	0	0	0	0	0	0	0	0	0	
414928	Caudate_L	1718	412	10620	1224	1606	2682	480	410	464	1374	6456	4968	1914	17030	144	10956	2214	344	7370	1656	6962	8726	346	72	298	934	2596	2706	10104	20426	9532	4514	0	0	100	0	2098	0	0	0	160	0	0	0	0	0	0	0	0	0	0	0	0	0	200	0	582	0	0	0	72	0	194	0	0	0	0	0	98	0	0	20868	25614	1552	3094	130	8124	1938	176	0	598	0	280	0	160	0	0	0	168	0	0	0	0	0	0	0	0	0	0	0	0	0	0	0	0	0	0	0	0	0	0	0	0	0	0	0	
416280	Caudate_R	1916	2922	4398	9786	78	3818	468	0	0	894	1332	2716	0	22498	0	19354	1252	270	3098	11940	2434	6118	112	3328	0	3620	136	1290	3256	23856	2938	9912	0	194	206	126	1108	102	0	0	0	0	0	0	0	0	0	0	0	0	0	0	0	0	154	0	240	440	0	0	0	102	162	156	0	0	0	0	794	0	20868	0	8566	14068	1194	1324	366	13356	112	0	368	0	150	0	116	0	0	0	128	0	0	0	0	0	0	0	0	0	0	0	0	0	0	0	0	0	0	0	0	0	0	0	0	0	0	0	
309800	Putamen_L	1898	0	19748	494	5806	760	656	120	1376	530	850	1026	718	6892	1792	4890	716	116	11902	898	2332	3166	974	0	360	558	2540	732	16104	8584	9532	1610	0	0	0	0	4504	0	200	0	354	0	0	0	0	0	0	0	0	0	0	0	0	0	248	0	0	0	0	0	0	0	0	0	0	0	0	0	0	0	25614	8566	0	618	5376	0	1142	0	0	0	0	0	348	0	0	0	0	0	250	0	0	0	0	0	0	0	0	0	0	0	0	0	0	0	0	0	0	0	0	0	0	0	0	0	0	0	
248812	Putamen_R	154	2354	868	15506	0	3646	0	1638	0	732	0	1758	0	2620	0	3572	0	4060	848	10816	0	654	0	3918	0	2406	0	132	146	18198	148	6510	0	322	140	134	134	9688	0	2968	0	962	0	0	0	0	0	0	0	0	0	0	0	0	0	4552	0	0	0	0	0	0	0	88	0	0	0	0	0	0	1552	14068	618	0	0	3422	0	2664	0	334	0	0	0	154	0	222	0	0	0	1700	0	0	0	0	0	0	0	0	0	0	0	0	0	0	0	0	0	0	0	0	0	0	0	0	0	0	
41504	Pallidum_L	100	0	3286	0	0	0	360	0	0	0	0	0	0	1172	0	1172	0	0	1538	164	0	0	0	0	0	0	0	0	0	1200	0	0	0	0	0	0	552	0	0	0	0	0	0	0	0	0	0	0	0	0	0	0	0	0	0	0	0	0	0	0	0	0	0	0	0	0	0	0	0	0	3094	1194	5376	0	0	0	1458	86	0	0	0	0	0	0	0	0	0	0	0	0	0	0	0	0	0	0	0	0	0	0	0	0	0	0	0	0	0	0	0	0	0	0	0	0	0	0	
22332	Pallidum_R	0	0	0	3618	0	0	0	84	0	0	0	0	0	0	0	0	0	224	0	1514	0	0	0	0	0	0	0	0	0	152	0	0	0	0	0	0	0	276	0	180	0	0	0	0	0	0	0	0	0	0	0	0	0	0	0	142	0	0	0	0	0	0	0	0	0	0	0	0	0	0	130	1324	0	3422	0	0	0	0	0	0	0	0	0	0	0	0	0	0	0	100	0	0	0	0	0	0	0	0	0	0	0	0	0	0	0	0	0	0	0	0	0	0	0	0	0	0	
81892	Thalamus_L	10314	1126	850	240	0	0	706	0	0	0	0	0	0	260	0	248	224	0	308	108	0	0	0	0	0	0	0	0	830	320	0	0	0	0	788	888	4600	0	1072	0	606	0	0	0	0	0	280	0	0	0	0	0	0	0	400	0	204	0	0	0	0	0	0	0	0	0	0	0	146	0	8124	366	1142	0	1458	0	0	4768	0	0	72	0	76	0	120	0	0	0	302	0	0	0	0	0	0	0	0	0	0	0	0	0	0	0	0	0	0	0	0	0	0	0	0	0	0	0	
209408	Thalamus_R	962	10376	106	5060	0	0	0	1054	0	0	0	364	0	726	0	724	0	464	134	5324	0	0	0	0	0	0	0	0	0	3792	0	0	0	0	8844	9060	6944	11780	824	2280	0	506	110	0	0	0	338	436	0	0	0	0	0	0	188	2644	144	686	0	78	0	266	0	470	0	0	1350	406	440	368	1938	13356	0	2664	86	0	4768	0	0	0	0	212	0	0	112	552	0	0	118	3650	0	0	0	0	0	0	0	0	0	0	0	0	0	0	0	0	0	0	0	0	0	0	0	0	0	0	
50920	Heschl_L	1034	0	1062	0	0	0	0	0	0	0	400	0	0	110	0	110	4530	0	1010	0	0	0	0	0	0	0	0	0	5036	110	0	0	0	0	256	0	420	0	0	0	0	0	0	0	0	0	0	0	0	0	0	0	0	0	590	0	1070	0	0	0	358	0	562	0	0	0	0	0	212	0	176	112	0	0	0	0	0	0	0	0	2848	0	0	0	2616	0	0	0	2702	0	136	0	0	0	0	0	0	0	0	0	0	0	0	0	0	0	0	0	0	0	0	0	0	0	0	0	
31008	Heschl_R	0	772	0	372	0	0	0	0	0	0	0	124	0	0	0	0	0	3690	0	1356	0	0	0	0	0	0	0	0	0	2648	0	0	0	0	0	0	0	0	0	0	0	0	0	0	0	0	0	0	0	0	0	0	0	0	0	0	0	430	0	0	0	0	0	180	0	0	0	0	0	0	0	0	0	334	0	0	0	0	0	0	0	5140	0	0	0	458	0	0	0	0	0	0	0	0	0	0	0	0	0	0	0	0	0	0	0	0	0	0	0	0	0	0	0	0	0	0	
163160	Temporal_Sup_L	1696	0	3664	0	0	0	450	0	0	0	4228	120	74	364	0	342	8388	0	3138	0	0	0	0	0	0	0	0	0	7694	300	0	0	236	0	90	0	924	0	0	0	0	0	0	0	0	0	0	0	0	0	268	0	190	0	984	0	1608	0	0	0	2252	0	6778	0	696	0	0	0	552	0	598	368	0	0	0	0	72	0	2848	0	0	0	2768	0	19588	0	332	0	9876	0	94	0	0	0	0	0	0	0	0	0	0	0	0	0	0	0	0	0	0	0	0	0	0	0	0	0	
120784	Temporal_Sup_R	0	1106	0	670	0	0	0	0	0	0	0	566	0	0	0	0	0	5678	0	2236	0	0	0	0	0	0	0	0	0	5764	0	0	0	626	0	0	0	572	0	0	0	0	0	0	0	0	0	82	0	88	0	526	0	0	0	480	0	1754	0	0	0	580	0	4332	0	2996	0	266	0	1032	0	0	0	0	0	0	0	212	0	5140	0	0	0	2216	0	13626	0	712	0	9132	0	0	0	0	0	0	0	0	0	0	0	0	0	0	0	0	0	0	0	0	0	0	0	0	0	0	
62232	Temporal_Pole_Sup_L	0	0	796	0	506	0	0	0	288	0	930	0	124	130	1178	126	868	0	528	0	432	0	0	0	0	0	114	0	2636	0	0	0	0	0	0	0	1042	0	122	0	846	0	0	0	0	0	0	0	0	0	0	0	0	0	2626	0	0	0	0	0	0	0	0	0	0	0	0	0	0	0	280	150	348	0	0	0	76	0	0	0	2768	0	0	0	4780	0	3542	0	5880	0	0	0	0	0	0	0	0	0	0	0	0	0	0	0	0	0	0	0	0	0	0	0	0	0	0	0	
55676	Temporal_Pole_Sup_R	0	78	0	100	0	0	0	0	0	0	0	280	0	0	0	84	0	428	0	74	0	168	0	0	0	0	0	0	0	1592	0	0	0	0	0	0	0	1292	0	2068	0	2138	0	0	0	0	0	0	0	0	0	0	0	0	0	6008	0	0	0	0	0	0	0	0	0	0	0	0	0	0	0	0	0	154	0	0	0	0	0	0	0	2216	0	0	0	3022	0	2622	0	5514	0	0	0	0	0	0	0	0	0	0	0	0	0	0	0	0	0	0	0	0	0	0	0	0	0	0	
292992	Temporal_Mid_L	2198	0	156	0	0	0	0	0	0	0	0	0	0	116	0	116	1098	0	98	0	0	0	0	0	0	0	0	0	1526	130	0	0	74	0	508	76	1472	0	288	0	0	0	3940	0	0	0	1134	0	0	0	14944	0	9096	0	7216	0	3050	0	628	0	8402	0	6738	0	5252	0	2882	0	2648	0	160	116	0	0	0	0	120	112	2616	0	19588	0	4780	0	0	0	4250	0	40732	0	236	0	0	0	0	0	0	0	0	0	0	0	0	0	0	0	0	0	0	0	0	0	0	0	0	0	
286116	Temporal_Mid_R	0	0	0	0	0	0	0	0	0	0	0	0	0	0	0	0	0	866	0	1348	0	0	0	0	0	0	0	0	0	1672	0	0	0	2154	0	474	0	1460	0	438	0	360	0	7170	0	3610	0	2134	0	6172	0	19318	0	5636	0	2638	0	696	0	386	0	3166	0	6980	0	11244	432	7186	0	924	0	0	0	222	0	0	0	552	0	458	0	13626	0	3022	0	0	0	1440	0	36316	0	0	0	0	0	0	92	286	0	262	0	0	0	0	0	0	0	0	0	0	208	110	0	0	0	0	
33016	Temporal_Pole_Mid_L	0	0	0	0	0	0	0	0	0	0	0	0	0	0	210	0	0	0	0	0	236	0	0	0	0	0	0	0	116	0	0	0	0	0	0	0	600	0	916	0	872	0	0	0	0	0	0	0	0	0	0	0	0	0	1846	0	0	0	0	0	0	0	0	0	0	0	0	0	0	0	0	0	0	0	0	0	0	0	0	0	332	0	3542	0	4250	0	0	0	3588	0	0	0	0	0	0	0	0	0	0	0	0	0	0	0	0	0	0	0	0	0	0	0	0	0	0	0	
17360	Temporal_Pole_Mid_R	0	0	0	0	0	0	0	0	0	0	0	0	0	0	0	0	0	0	0	0	0	0	0	0	0	0	0	0	0	88	0	0	0	0	0	0	0	158	0	910	0	292	0	0	0	0	0	0	0	0	0	0	0	0	0	1368	0	0	0	0	0	0	0	0	0	0	0	0	0	0	0	0	0	0	0	0	0	0	0	0	0	712	0	2622	0	1440	0	0	0	1090	0	0	0	0	0	0	0	0	0	0	0	0	0	0	0	0	0	0	0	0	0	0	0	0	0	0	
371296	Temporal_Inf_L	3332	0	326	0	0	0	0	0	0	0	0	0	0	128	0	128	1808	0	146	0	0	0	0	0	0	0	0	0	4912	142	0	0	306	0	418	92	8408	0	1264	0	1272	0	4336	0	130	0	2634	0	546	0	13826	0	18140	0	25026	0	4808	0	834	0	9284	0	5898	0	3080	0	3220	0	3752	0	168	128	250	0	0	0	302	118	2702	0	9876	0	5880	0	40732	0	3588	0	0	0	2874	0	228	0	0	0	0	0	216	0	118	0	272	0	0	0	0	0	0	0	0	0	0	0	0	0	
303824	Temporal_Inf_R	0	2188	0	800	0	0	0	0	0	0	0	82	0	0	0	0	0	1502	0	2936	0	0	0	0	0	0	0	0	0	3056	0	0	0	1382	0	2532	0	12232	0	2314	0	676	0	6372	0	696	0	4724	0	1628	0	2178	0	5776	0	16708	0	1086	0	230	0	2270	0	5752	0	3436	72	10236	0	1332	0	0	0	1700	0	100	0	3650	0	0	0	9132	0	5514	0	36316	0	1090	0	0	0	634	0	0	0	0	110	440	0	506	0	0	0	86	0	0	0	0	0	0	274	164	0	0	0	0	
438824	Cerebelum_Crus1_L	180	0	0	0	0	0	0	0	0	0	0	0	0	0	0	0	0	0	0	0	0	0	0	0	0	0	0	0	0	0	0	0	0	0	0	0	86	0	0	0	0	0	104	0	0	0	6800	696	0	0	448	0	1360	0	15872	254	0	0	0	0	0	0	0	0	0	0	0	0	110	0	0	0	0	0	0	0	0	0	136	0	94	0	0	0	236	0	0	0	2874	0	0	1936	39944	2496	470	150	20308	1000	56900	2980	15326	330	26404	818	5650	566	1672	150	0	158	2352	4730	3350	1086	1196	190	
390396	Cerebelum_Crus1_R	0	0	0	0	0	0	0	0	0	0	0	0	0	0	0	0	0	0	0	0	0	0	0	0	0	0	0	0	0	0	0	0	0	0	0	0	0	0	0	0	0	0	0	0	0	0	1662	2486	0	0	0	0	0	660	472	9010	0	0	0	0	0	0	0	0	0	0	0	0	0	0	0	0	0	0	0	0	0	0	0	0	0	0	0	0	0	0	0	0	0	634	1936	0	7800	30468	114	2336	1218	9050	4176	49276	94	7716	570	23438	306	8532	150	1660	0	670	3266	11732	7890	3778	4000	98	
354336	Cerebelum_Crus2_L	0	0	0	0	0	0	0	0	0	0	0	0	0	0	0	0	0	0	0	0	0	0	0	0	0	0	0	0	0	0	0	0	0	0	0	0	0	0	0	0	0	0	0	0	0	0	1388	710	0	0	0	0	0	146	972	492	0	0	0	0	0	0	0	0	0	0	0	0	0	0	0	0	0	0	0	0	0	0	0	0	0	0	0	0	0	0	0	0	228	0	39944	7800	0	10260	0	76	3058	540	12354	5460	29358	1178	33636	2420	7672	1194	1408	562	0	0	904	5476	5812	2708	1412	0	
264300	Cerebelum_Crus2_R	0	0	0	0	0	0	0	0	0	0	0	0	0	0	0	0	0	0	0	0	0	0	0	0	0	0	0	0	0	0	0	0	0	0	0	0	0	0	0	0	0	0	0	0	0	0	808	570	0	0	0	0	0	138	326	468	0	0	0	0	0	0	0	0	0	0	0	0	0	0	0	0	0	0	0	0	0	0	0	0	0	0	0	0	0	0	0	0	0	0	2496	30468	10260	0	0	0	196	462	3058	11786	590	18034	1174	24598	554	6150	122	920	0	0	504	5328	8296	2826	1920	98	
26244	Cerebelum_3_L	0	0	0	0	0	0	0	0	0	0	0	0	0	0	0	0	0	0	0	0	0	0	0	0	0	0	0	0	0	0	0	0	0	0	0	0	0	0	196	0	0	0	0	0	0	0	116	214	0	0	0	0	0	0	140	136	0	0	0	0	0	0	0	0	0	0	0	0	0	0	0	0	0	0	0	0	0	0	0	0	0	0	0	0	0	0	0	0	0	0	470	114	0	0	0	268	4854	632	1262	428	0	0	0	0	396	0	0	0	904	1244	1552	118	0	0	0	78	
61008	Cerebelum_3_R	0	0	0	0	0	0	0	0	0	0	0	0	0	0	0	0	0	0	0	0	0	0	0	0	0	0	0	0	0	0	0	0	0	0	0	0	0	0	0	108	0	0	0	0	0	0	0	104	0	0	0	0	0	240	0	2432	0	0	0	0	0	0	0	0	0	0	0	0	0	0	0	0	0	0	0	0	0	0	0	0	0	0	0	0	0	0	0	0	0	0	150	2336	76	0	268	0	448	8552	192	7160	0	0	0	0	80	280	0	0	492	3566	2724	458	252	0	226	360	
255948	Cerebelum_4_5_L	0	0	0	0	0	0	0	0	0	0	0	0	0	0	0	0	0	0	0	0	0	0	0	0	0	0	0	0	0	0	0	0	0	0	0	0	0	0	226	0	0	0	0	0	0	0	8380	3812	0	0	0	0	0	336	12544	1470	0	0	0	0	0	0	0	0	0	0	0	0	0	0	0	0	0	0	0	0	0	0	0	0	0	0	0	0	0	92	0	0	0	110	20308	1218	3058	196	4854	448	0	5444	33218	3456	798	0	2012	96	4712	846	812	142	250	1184	12716	2966	0	0	1080	1190	
261900	Cerebelum_4_5_R	0	0	0	0	0	0	0	0	0	0	0	0	0	0	0	0	0	0	0	0	0	0	0	0	0	0	0	0	0	0	0	0	0	0	0	0	0	426	0	1706	0	0	0	72	0	0	2280	10106	0	0	0	0	0	2106	558	15760	0	0	0	0	0	0	0	0	0	0	0	118	0	0	0	0	0	0	0	0	0	0	0	0	0	0	0	0	0	286	0	0	0	440	1000	9050	540	462	632	8552	5444	0	4364	28702	220	154	154	1716	1578	2610	212	534	354	3662	17212	6072	994	560	1334	980	
419276	Cerebelum_6_L	0	0	0	0	0	0	0	0	0	0	0	0	0	0	0	0	0	0	0	0	0	0	0	0	0	0	0	0	0	0	0	0	0	0	0	0	0	0	162	0	0	0	0	0	0	0	13232	4242	0	0	176	0	404	216	22062	1158	0	0	0	0	0	0	0	0	0	0	0	0	0	0	0	0	0	0	0	0	0	0	0	0	0	0	0	0	0	0	0	0	216	0	56900	4176	12354	3058	1262	192	33218	4364	0	6834	3954	0	7744	646	6110	992	1716	280	0	184	9044	10818	2562	240	768	354	
492472	Cerebelum_6_R	0	0	0	0	0	0	0	0	0	0	0	0	0	0	0	0	0	0	0	0	0	0	0	0	0	0	0	0	0	0	0	0	0	0	0	0	0	0	0	0	0	0	0	186	0	0	2964	9320	0	0	0	0	0	3558	750	23450	0	0	0	0	0	0	0	0	0	0	0	0	0	0	0	0	0	0	0	0	0	0	0	0	0	0	0	0	0	262	0	0	0	506	2980	49276	5460	11786	428	7160	3456	28702	6834	0	158	2436	606	14236	774	9166	350	3444	120	2678	13186	19490	9322	5980	6886	326	
182160	Cerebelum_7b_L	0	0	0	0	0	0	0	0	0	0	0	0	0	0	0	0	0	0	0	0	0	0	0	0	0	0	0	0	0	0	0	0	0	0	0	0	0	0	0	0	0	0	0	0	0	0	0	194	0	0	0	0	0	0	146	0	0	0	0	0	0	0	0	0	0	0	0	0	0	0	0	0	0	0	0	0	0	0	0	0	0	0	0	0	0	0	0	0	118	0	15326	94	29358	590	0	0	798	220	3954	158	0	1048	28494	1336	4754	0	372	0	0	0	284	384	888	2564	0	0	
104664	Cerebelum_7b_R	0	0	0	0	0	0	0	0	0	0	0	0	0	0	0	0	0	0	0	0	0	0	0	0	0	0	0	0	0	0	0	0	0	0	0	0	0	0	0	0	0	0	0	0	0	0	0	78	0	0	0	0	0	0	0	202	0	0	0	0	0	0	0	0	0	0	0	0	0	0	0	0	0	0	0	0	0	0	0	0	0	0	0	0	0	0	0	0	0	0	330	7716	1178	18034	0	0	0	154	0	2436	1048	0	962	16136	80	456	0	0	0	0	104	160	1596	1568	94	0	
278644	Cerebelum_8_L	0	0	0	0	0	0	0	0	0	0	0	0	0	0	0	0	0	0	0	0	0	0	0	0	0	0	0	0	0	0	0	0	0	0	0	0	0	0	0	0	0	0	0	0	0	0	124	118	0	0	0	0	0	0	634	0	0	0	0	0	0	0	0	0	0	0	0	0	0	0	0	0	0	0	0	0	0	0	0	0	0	0	0	0	0	0	0	0	272	0	26404	570	33636	1174	0	0	2012	154	7744	606	28494	962	0	3532	17248	1702	3102	74	0	0	378	748	1876	6034	1724	0	
270676	Cerebelum_8_R	0	0	0	0	0	0	0	0	0	0	0	0	0	0	0	0	0	0	0	0	0	0	0	0	0	0	0	0	0	0	0	0	0	0	0	0	0	0	0	0	0	0	0	0	0	0	514	1450	0	0	0	0	0	172	0	708	0	0	0	0	0	0	0	0	0	0	0	0	0	0	0	0	0	0	0	0	0	0	0	0	0	0	0	0	0	0	0	0	0	86	818	23438	2420	24598	0	0	96	1716	646	14236	1336	16136	3532	0	1282	16832	0	2060	0	0	2300	3574	6720	6856	3640	172	
145372	Cerebelum_9_L	0	0	0	0	0	0	0	0	0	0	0	0	0	0	0	0	0	0	0	0	0	0	0	0	0	0	0	0	0	0	0	0	0	0	0	0	0	0	0	0	0	0	0	0	0	0	0	1534	0	0	0	0	0	0	212	388	0	0	0	0	0	0	0	0	0	0	0	0	0	0	0	0	0	0	0	0	0	0	0	0	0	0	0	0	0	0	0	0	0	0	5650	306	7672	554	396	80	4712	1578	6110	774	4754	80	17248	1282	0	1382	5504	172	100	178	3548	2172	1558	2418	1908	416	
204540	Cerebelum_9_R	0	0	0	0	0	0	0	0	0	0	0	0	0	0	0	0	0	0	0	0	0	0	0	0	0	0	0	0	0	0	0	0	0	0	0	0	0	0	0	0	0	0	0	0	0	0	648	1528	0	0	0	0	0	118	116	572	0	0	0	0	0	0	0	0	0	0	0	0	0	0	0	0	0	0	0	0	0	0	0	0	0	0	0	0	0	0	0	0	0	0	566	8532	1194	6150	0	280	846	2610	992	9166	0	456	1702	16832	1382	0	76	5398	288	248	4716	9060	7052	8300	11092	2350	
34428	Cerebelum_10_L	0	0	0	0	0	0	0	0	0	0	0	0	0	0	0	0	0	0	0	0	0	0	0	0	0	0	0	0	0	0	0	0	0	0	0	0	0	0	0	0	0	0	0	0	0	0	0	248	0	0	0	0	0	0	0	186	0	0	0	0	0	0	0	0	0	0	0	0	0	0	0	0	0	0	0	0	0	0	0	0	0	0	0	0	0	0	0	0	0	0	1672	150	1408	122	0	0	812	212	1716	350	372	0	3102	0	5504	76	0	0	0	0	602	568	0	0	114	0	
61432	Cerebelum_10_R	0	0	0	0	0	0	0	0	0	0	0	0	0	0	0	0	0	0	0	0	0	0	0	0	0	0	0	0	0	0	0	0	0	0	0	0	0	0	0	0	0	0	0	0	0	0	194	500	0	0	0	0	0	0	0	172	0	0	0	0	0	0	0	0	0	0	0	0	0	0	0	0	0	0	0	0	0	0	0	0	0	0	0	0	0	0	0	0	0	0	150	1660	562	920	0	0	142	534	280	3444	0	0	74	2060	172	5398	0	0	0	0	1110	3346	2716	3122	3920	240	
16204	Vermis_1_2	0	0	0	0	0	0	0	0	0	0	0	0	0	0	0	0	0	0	0	0	0	0	0	0	0	0	0	0	0	0	0	0	0	0	0	0	0	0	0	0	0	0	0	0	0	0	0	0	0	0	0	0	0	0	0	0	0	0	0	0	0	0	0	0	0	0	0	0	0	0	0	0	0	0	0	0	0	0	0	0	0	0	0	0	0	0	0	0	0	0	0	0	0	0	904	492	250	354	0	120	0	0	0	0	100	288	0	0	0	3712	866	342	210	0	154	310	
47820	Vermis_3	0	0	0	0	0	0	0	0	0	0	0	0	0	0	0	0	0	0	0	0	0	0	0	0	0	0	0	0	0	0	0	0	0	0	0	0	0	0	196	0	0	0	0	0	0	0	206	154	0	0	0	0	0	242	0	848	0	0	0	0	0	0	0	0	0	0	0	0	0	0	0	0	0	0	0	0	0	0	0	0	0	0	0	0	0	0	0	0	0	0	158	670	0	0	1244	3566	1184	3662	184	2678	0	0	0	0	178	248	0	0	3712	0	3400	498	280	0	222	380	
250756	Vermis_4_5	0	0	0	0	0	0	0	0	0	0	0	0	0	0	0	0	0	0	0	0	0	0	0	0	0	0	0	0	0	0	0	0	0	0	0	838	0	408	0	196	0	0	0	320	0	0	4382	9420	0	0	0	0	0	1114	1398	5238	0	0	0	0	0	0	0	0	0	0	126	1724	0	0	0	0	0	0	0	0	0	0	0	0	0	0	0	0	0	208	0	0	0	274	2352	3266	904	504	1552	2724	12716	17212	9044	13186	284	104	378	2300	3548	4716	602	1110	866	3400	0	10444	1602	846	3202	2870	
285708	Vermis_6	0	0	0	0	0	0	0	0	0	0	0	0	0	0	0	0	0	0	0	0	0	0	0	0	0	0	0	0	0	0	0	0	0	0	0	0	0	0	0	0	0	0	0	134	0	0	3196	8554	0	0	0	0	114	1066	1500	4862	0	0	0	0	0	0	0	0	0	0	0	0	0	0	0	0	0	0	0	0	0	0	0	0	0	0	0	0	0	110	0	0	0	164	4730	11732	5476	5328	118	458	2966	6072	10818	19490	384	160	748	3574	2172	9060	568	3346	342	498	10444	0	9288	4812	8124	2446	
