data	data	576048	201716	1.171e+06	797660	166224	135600	584148	177488	59456	16704	257920	111460	269844	149576	192888	87956	230200	106076	906200	939432	101172	91396	363712	288072	32012	80964	47992	76708	593292	252096	384052	510472	114196	404852	145024	196996	254892	274204	82260	84180	48728	39948	218504	277408	143488	219364	209916	237380	125988	247276	337612	183088	148868	98736	269568	290772	345508	184680	86940	52160	268836	132460	127484	110084	175300	138560	232616	358120	155956	187352	395380	439652	369716	330224	61492	18080	153292	243296	92640	13496	172868	103068	118676	48260	322580	206828	29816	9152	308104	198664	522696	455548	304584	305020	18488	61640	269800	224488	418400	421772	209452	90032	192248	270516	59052	81960	7260	6560	6152	34496	151452	222548	260632	69880	46100	53104	
data	data	Precentral_L	Precentral_R	Frontal_Sup_L	Frontal_Sup_R	Frontal_Sup_Orb_L	Frontal_Sup_Orb_R	Frontal_Mid_L	Frontal_Mid_R	Frontal_Mid_Orb_L	Frontal_Mid_Orb_R	Frontal_Inf_Oper_L	Frontal_Inf_Oper_R	Frontal_Inf_Tri_L	Frontal_Inf_Tri_R	Frontal_Inf_Orb_L	Frontal_Inf_Orb_R	Rolandic_Oper_L	Rolandic_Oper_R	Supp_Motor_Area_L	Supp_Motor_Area_R	Olfactory_L	Olfactory_R	Frontal_Sup_Medial_L	Frontal_Sup_Medial_R	Frontal_Med_Orb_L	Frontal_Med_Orb_R	Rectus_L	Rectus_R	Insula_L	Insula_R	Cingulum_Ant_L	Cingulum_Ant_R	Cingulum_Mid_L	Cingulum_Mid_R	Cingulum_Post_L	Cingulum_Post_R	Hippocampus_L	Hippocampus_R	ParaHippocampal_L	ParaHippocampal_R	Amygdala_L	Amygdala_R	Calcarine_L	Calcarine_R	Cuneus_L	Cuneus_R	Lingual_L	Lingual_R	Occipital_Sup_L	Occipital_Sup_R	Occipital_Mid_L	Occipital_Mid_R	Occipital_Inf_L	Occipital_Inf_R	Fusiform_L	Fusiform_R	Postcentral_L	Postcentral_R	Parietal_Sup_L	Parietal_Sup_R	Parietal_Inf_L	Parietal_Inf_R	SupraMarginal_L	SupraMarginal_R	Angular_L	Angular_R	Precuneus_L	Precuneus_R	Paracentral_Lobule_L	Paracentral_Lobule_R	Caudate_L	Caudate_R	Putamen_L	Putamen_R	Pallidum_L	Pallidum_R	Thalamus_L	Thalamus_R	Heschl_L	Heschl_R	Temporal_Sup_L	Temporal_Sup_R	Temporal_Pole_Sup_L	Temporal_Pole_Sup_R	Temporal_Mid_L	Temporal_Mid_R	Temporal_Pole_Mid_L	Temporal_Pole_Mid_R	Temporal_Inf_L	Temporal_Inf_R	Cerebelum_Crus1_L	Cerebelum_Crus1_R	Cerebelum_Crus2_L	Cerebelum_Crus2_R	Cerebelum_3_L	Cerebelum_3_R	Cerebelum_4_5_L	Cerebelum_4_5_R	Cerebelum_6_L	Cerebelum_6_R	Cerebelum_7b_L	Cerebelum_7b_R	Cerebelum_8_L	Cerebelum_8_R	Cerebelum_9_L	Cerebelum_9_R	Cerebelum_10_L	Cerebelum_10_R	Vermis_1_2	Vermis_3	Vermis_4_5	Vermis_6	Vermis_7	Vermis_8	Vermis_9	Vermis_10	
576048	Precentral_L	0	2220	33218	1792	0	0	40826	120	0	0	6780	0	688	0	0	0	8704	0	14304	8718	0	0	1378	0	0	0	0	0	8150	0	4834	0	330	2426	8328	6288	9770	2892	2582	0	0	0	464	0	120	0	0	0	0	0	2156	0	1194	0	472	0	32366	0	0	0	3792	0	1206	0	448	0	1290	332	14632	750	8576	4094	5528	0	1054	0	24548	11510	1344	0	3420	0	0	0	1780	0	0	0	2600	0	0	0	0	0	0	0	0	0	0	0	0	0	0	0	0	0	0	0	0	0	0	0	0	0	0	0	
201716	Precentral_R	2220	0	2238	1824	0	0	1150	2908	0	0	0	3468	0	0	0	0	0	1900	2312	2924	0	0	0	0	0	0	0	0	0	3896	0	0	0	972	216	2546	0	7658	0	886	0	0	0	390	0	0	0	162	0	0	0	296	0	448	0	5418	0	24506	0	256	0	1446	0	3662	0	454	0	852	486	5150	158	480	0	770	0	0	0	850	0	384	0	4342	0	0	0	5790	0	0	0	7440	0	0	0	0	0	0	0	0	0	0	0	0	0	0	0	0	0	0	0	0	0	0	0	0	0	0	
1.171e+06	Frontal_Sup_L	33218	2238	0	10704	10576	0	84204	5398	3334	0	12848	652	18450	2146	14494	0	9370	140	118324	28428	2200	0	44802	232	2162	0	454	0	35632	240	19592	3764	4052	8398	336	304	6750	228	930	0	0	0	0	0	0	0	0	0	0	0	218	0	0	0	236	0	10868	0	0	0	228	0	172	0	0	0	0	0	4172	0	26212	2314	32430	656	8462	202	7166	1060	752	0	3048	0	2440	0	0	0	0	0	266	0	0	0	0	0	0	0	0	0	0	0	0	0	0	0	0	0	0	0	0	0	0	0	0	0	0	0	
797660	Frontal_Sup_R	1792	1824	10704	0	0	5614	1318	20790	0	602	0	6196	0	8588	0	5284	0	10306	27792	95132	0	0	6344	30776	0	1848	0	0	0	13808	5300	36898	624	17614	0	818	0	7156	0	1202	0	0	0	0	0	0	0	238	0	0	0	0	0	0	0	226	0	910	0	0	0	0	0	0	0	0	0	672	284	120	4710	29492	288	23436	0	2162	0	17362	0	600	0	0	0	0	0	0	0	0	0	0	0	0	0	0	0	0	0	0	0	0	0	0	0	0	0	0	0	0	0	0	0	0	0	0	0	0	
166224	Frontal_Sup_Orb_L	0	0	10576	0	0	0	1288	0	8398	0	1080	0	1636	0	14672	0	244	0	514	0	3680	560	6700	0	4168	0	6958	0	9794	0	5074	432	0	0	0	0	0	0	0	0	0	0	0	0	0	0	0	0	0	0	0	0	0	0	0	0	0	0	0	0	0	0	0	0	0	0	0	0	0	0	1410	146	4732	136	0	0	0	0	0	0	0	0	914	0	0	0	0	0	0	0	0	0	0	0	0	0	0	0	0	0	0	0	0	0	0	0	0	0	0	0	0	0	0	0	0	0	
135600	Frontal_Sup_Orb_R	0	0	0	5614	0	0	0	1064	0	2150	0	0	0	0	0	2888	0	0	0	626	930	3228	430	4818	334	11258	726	11946	0	1852	726	3646	0	0	0	0	0	0	0	0	0	0	0	0	0	0	0	0	0	0	0	0	0	0	0	0	0	0	0	0	0	0	0	0	0	0	0	0	0	0	1442	6396	490	7236	0	0	0	0	0	0	0	0	0	0	0	0	0	0	0	0	0	0	0	0	0	0	0	0	0	0	0	0	0	0	0	0	0	0	0	0	0	0	0	0	0	0	
584148	Frontal_Mid_L	40826	1150	84204	1318	1288	0	0	0	3260	0	10712	0	28708	0	11592	0	2486	0	19388	4084	214	0	14046	0	0	0	0	0	19624	0	9646	0	590	0	850	528	3532	150	894	0	0	0	192	0	0	0	0	0	0	0	302	0	0	0	0	0	2120	0	0	0	0	0	0	0	0	0	438	0	2776	0	2914	482	7644	0	1082	0	11804	1438	0	0	564	0	1228	0	0	0	0	0	0	0	0	0	0	0	0	0	0	0	0	0	0	0	0	0	0	0	0	0	0	0	0	0	0	0	0	0	
177488	Frontal_Mid_R	120	2908	5398	20790	0	1064	0	0	0	1238	138	4326	0	10864	0	7256	138	386	6660	3034	0	0	1258	2184	0	0	0	0	0	3136	2502	2124	0	1850	0	0	0	258	0	0	0	0	0	0	0	0	0	0	0	0	0	0	0	0	0	0	0	484	0	0	0	0	0	0	0	0	0	0	0	0	8654	432	0	1174	0	0	0	368	0	0	0	0	0	0	0	0	0	0	0	0	0	0	0	0	0	0	0	0	0	0	0	0	0	0	0	0	0	0	0	0	0	0	0	0	0	0	
59456	Frontal_Mid_Orb_L	0	0	3334	0	8398	0	3260	0	0	0	0	0	628	0	11440	0	0	0	0	0	0	0	0	0	0	0	1184	0	680	0	0	0	0	0	0	0	0	0	0	0	0	0	0	0	0	0	0	0	0	0	0	0	0	0	0	0	0	0	0	0	0	0	0	0	0	0	0	0	0	0	142	0	466	0	0	0	0	0	0	0	0	0	196	0	0	0	0	0	0	0	0	0	0	0	0	0	0	0	0	0	0	0	0	0	0	0	0	0	0	0	0	0	0	0	0	0	
16704	Frontal_Mid_Orb_R	0	0	0	602	0	2150	0	1238	0	0	0	0	0	0	0	3376	0	0	0	0	0	0	0	0	0	210	0	382	0	0	0	0	0	0	0	0	0	0	0	0	0	0	0	0	0	0	0	0	0	0	0	0	0	0	0	0	0	0	0	0	0	0	0	0	0	0	0	0	0	0	0	136	0	258	0	0	0	0	0	0	0	0	0	0	0	0	0	0	0	0	0	0	0	0	0	0	0	0	0	0	0	0	0	0	0	0	0	0	0	0	0	0	0	0	0	0	
257920	Frontal_Inf_Oper_L	6780	0	12848	0	1080	0	10712	138	0	0	0	0	20484	1190	1724	0	10428	0	4664	0	734	0	6688	0	0	0	154	0	19864	0	16092	220	122	0	0	0	354	0	0	0	0	0	0	0	0	0	0	0	0	0	0	0	0	0	0	0	2492	0	0	0	0	0	0	0	0	0	0	0	0	0	1712	0	1654	0	0	0	0	0	0	0	2344	0	6482	0	0	0	0	0	0	0	0	0	0	0	0	0	0	0	0	0	0	0	0	0	0	0	0	0	0	0	0	0	0	0	0	0	
111460	Frontal_Inf_Oper_R	0	3468	652	6196	0	0	0	4326	0	0	0	0	0	5526	0	0	0	3428	1600	6166	0	0	350	198	0	0	0	0	0	6894	1140	560	0	464	0	0	0	2602	0	430	0	0	0	0	0	0	0	0	0	0	0	0	0	0	0	0	0	3002	0	0	0	0	0	0	0	0	0	0	0	0	3426	670	366	4266	0	0	0	0	0	0	0	0	0	0	0	0	0	0	0	0	0	0	0	0	0	0	0	0	0	0	0	0	0	0	0	0	0	0	0	0	0	0	0	0	0	0	
269844	Frontal_Inf_Tri_L	688	0	18450	0	1636	0	28708	0	628	0	20484	0	0	0	11964	0	1986	0	3242	0	748	0	5536	0	0	0	0	0	25432	0	9544	0	0	0	0	0	184	0	0	0	0	0	0	0	0	0	0	0	0	0	0	0	0	0	0	0	0	0	0	0	0	0	0	0	0	0	0	0	0	0	0	0	2338	0	132	0	0	0	0	0	372	0	2850	0	0	0	0	0	0	0	0	0	0	0	0	0	0	0	0	0	0	0	0	0	0	0	0	0	0	0	0	0	0	0	0	0	
149576	Frontal_Inf_Tri_R	0	0	2146	8588	0	0	0	10864	0	0	1190	5526	0	0	0	7056	848	0	6284	6370	0	0	172	2696	0	0	0	0	786	6950	216	5336	0	1800	0	0	0	0	0	0	0	0	0	0	0	0	0	0	0	0	0	0	0	0	0	0	0	0	0	0	0	0	0	0	0	0	0	0	0	0	4150	912	1390	690	0	0	0	0	0	0	206	0	612	0	0	0	0	0	0	0	0	0	0	0	0	0	0	0	0	0	0	0	0	0	0	0	0	0	0	0	0	0	0	0	0	0	
192888	Frontal_Inf_Orb_L	0	0	14494	0	14672	0	11592	0	11440	0	1724	0	11964	0	0	0	326	0	808	0	2516	286	2230	0	0	0	1722	0	15370	0	444	240	0	0	0	0	0	0	0	0	0	0	0	0	0	0	0	0	0	0	0	0	0	0	0	0	0	0	0	0	0	0	0	0	0	0	0	0	0	0	918	0	4250	0	0	0	0	0	0	0	0	0	1448	0	0	0	0	0	0	0	0	0	0	0	0	0	0	0	0	0	0	0	0	0	0	0	0	0	0	0	0	0	0	0	0	0	
87956	Frontal_Inf_Orb_R	0	0	0	5284	0	2888	0	7256	0	3376	0	0	0	7056	0	0	0	0	1076	1332	0	778	0	1024	0	230	0	1360	0	6102	0	1676	0	304	0	0	0	138	0	0	0	0	0	0	0	0	0	0	0	0	0	0	0	0	0	0	0	0	0	0	0	0	0	0	0	0	0	0	0	0	192	1766	0	2140	0	0	0	0	0	0	0	0	0	0	0	0	0	0	0	0	0	0	0	0	0	0	0	0	0	0	0	0	0	0	0	0	0	0	0	0	0	0	0	0	0	0	
230200	Rolandic_Oper_L	8704	0	9370	0	244	0	2486	138	0	0	10428	0	1986	848	326	0	0	0	6036	0	0	0	1102	0	0	0	0	0	21438	0	1978	146	0	0	0	0	648	0	0	0	0	0	196	0	150	0	0	0	0	0	660	0	1042	0	490	0	9766	0	0	0	1544	0	2570	0	306	0	210	0	0	0	2322	0	2898	0	338	0	0	0	4452	0	9680	0	4092	0	4810	0	0	0	3696	0	0	0	0	0	0	0	0	0	0	0	0	0	0	0	0	0	0	0	0	0	0	0	0	0	0	0	
106076	Rolandic_Oper_R	0	1900	140	10306	0	0	0	386	0	0	0	3428	0	0	0	0	0	0	180	10052	0	0	0	0	0	0	0	0	0	14144	0	254	0	0	0	0	0	1496	0	132	0	0	0	0	0	0	0	0	0	0	0	0	0	0	0	328	0	2058	0	0	0	0	0	1072	0	0	0	0	0	238	266	328	0	2596	0	0	0	0	0	1612	0	1226	0	0	0	318	0	0	0	578	0	0	0	0	0	0	0	0	0	0	0	0	0	0	0	0	0	0	0	0	0	0	0	0	0	0	
906200	Supp_Motor_Area_L	14304	2312	118324	27792	514	0	19388	6660	0	0	4664	1600	3242	6284	808	1076	6036	180	0	68112	122	0	8468	2924	0	0	0	0	12262	1022	12876	16522	11922	25772	642	184	1630	276	290	0	0	0	0	0	182	0	0	0	0	0	0	0	0	0	0	0	5058	0	0	0	0	0	144	0	0	0	158	0	9074	1094	27024	5744	18530	1792	4426	496	510	312	0	0	2034	0	314	0	0	0	0	0	0	0	0	0	0	0	0	0	0	0	0	0	0	0	0	0	0	0	0	0	0	0	0	0	0	0	0	0	
939432	Supp_Motor_Area_R	8718	2924	28428	95132	0	626	4084	3034	0	0	0	6166	0	6370	0	1332	0	10052	68112	0	0	0	1580	10408	0	0	0	0	0	10684	1784	29658	8100	46098	1476	4676	248	3294	0	558	0	0	0	346	0	252	0	1072	0	608	0	150	0	248	0	206	0	1328	0	0	0	0	0	0	0	0	200	3482	8332	15374	4774	36902	1024	17858	0	2194	288	20140	0	578	0	0	0	0	0	674	0	0	0	144	0	0	0	0	0	0	0	0	0	0	0	0	0	0	0	0	0	0	0	0	0	0	0	0	0	0	
101172	Olfactory_L	0	0	2200	0	3680	930	214	0	0	0	734	0	748	0	2516	0	0	0	122	0	0	5134	256	0	0	346	1912	908	6514	0	2328	2790	0	0	0	0	1270	0	336	0	1186	0	0	0	0	0	0	0	0	0	0	0	0	0	0	0	0	0	0	0	0	0	0	0	0	0	0	0	0	0	6640	3266	4674	1320	0	0	0	0	0	0	0	0	562	0	0	0	0	0	0	0	0	0	0	0	0	0	0	0	0	0	0	0	0	0	0	0	0	0	0	0	0	0	0	0	0	0	
91396	Olfactory_R	0	0	0	0	560	3228	0	0	0	0	0	0	0	0	286	778	0	0	0	0	5134	0	0	0	0	960	730	3386	0	2238	2386	3984	0	0	0	0	0	614	0	0	0	830	0	0	0	0	0	0	0	0	0	0	0	0	0	0	0	0	0	0	0	0	0	0	0	0	0	0	0	0	7614	6776	3490	2474	0	0	0	0	0	0	0	0	0	230	0	0	0	0	0	0	0	0	0	0	0	0	0	0	0	0	0	0	0	0	0	0	0	0	0	0	0	0	0	0	0	0	
363712	Frontal_Sup_Medial_L	1378	0	44802	6344	6700	430	14046	1258	0	0	6688	350	5536	172	2230	0	1102	0	8468	1580	256	0	0	12350	3606	630	374	0	10200	0	26012	9378	2430	5554	0	0	302	0	0	0	0	0	0	0	0	0	0	0	0	0	0	0	0	0	0	0	0	0	0	0	0	0	0	0	0	0	0	0	0	0	1922	232	5922	128	0	0	0	0	0	0	256	0	1220	0	0	0	0	0	0	0	0	0	0	0	0	0	0	0	0	0	0	0	0	0	0	0	0	0	0	0	0	0	0	0	0	0	
288072	Frontal_Sup_Medial_R	0	0	232	30776	0	4818	0	2184	0	0	0	198	0	2696	0	1024	0	0	2924	10408	0	0	12350	0	0	3802	0	414	0	3164	6150	29518	0	13790	0	0	0	796	0	0	0	0	0	0	0	0	0	0	0	0	0	0	0	0	0	344	0	0	0	0	0	0	0	0	0	0	0	0	0	0	222	8590	0	9636	0	0	0	0	0	0	0	0	0	0	0	0	0	0	0	0	0	0	0	0	0	0	0	0	0	0	0	0	0	0	0	0	0	0	0	0	0	0	0	0	0	0	
32012	Frontal_Med_Orb_L	0	0	2162	0	4168	334	0	0	0	0	0	0	0	0	0	0	0	0	0	0	0	0	3606	0	0	650	1054	0	124	0	3496	0	0	0	0	0	0	0	0	0	0	0	0	0	0	0	0	0	0	0	0	0	0	0	0	0	0	0	0	0	0	0	0	0	0	0	0	0	0	0	182	0	230	0	0	0	0	0	0	0	0	0	0	0	0	0	0	0	0	0	0	0	0	0	0	0	0	0	0	0	0	0	0	0	0	0	0	0	0	0	0	0	0	0	0	0	
80964	Frontal_Med_Orb_R	0	0	0	1848	0	11258	0	0	0	210	0	0	0	0	0	230	0	0	0	0	346	960	630	3802	650	0	822	8906	0	0	722	4348	0	0	0	0	0	0	0	0	0	0	0	0	0	0	0	0	0	0	0	0	0	0	0	0	0	0	0	0	0	0	0	0	0	0	0	0	0	0	368	2682	252	2448	0	0	0	0	0	0	0	0	0	0	0	0	0	0	0	0	0	0	0	0	0	0	0	0	0	0	0	0	0	0	0	0	0	0	0	0	0	0	0	0	0	0	
47992	Rectus_L	0	0	454	0	6958	726	0	0	1184	0	154	0	0	0	1722	0	0	0	0	0	1912	730	374	0	1054	822	0	764	1324	0	2256	590	0	0	0	0	0	0	0	0	0	0	0	0	0	0	0	0	0	0	0	0	0	0	0	0	0	0	0	0	0	0	0	0	0	0	0	0	0	0	1872	174	536	150	0	0	0	0	0	0	0	0	240	0	0	0	0	0	0	0	0	0	0	0	0	0	0	0	0	0	0	0	0	0	0	0	0	0	0	0	0	0	0	0	0	0	
76708	Rectus_R	0	0	0	0	0	11946	0	0	0	382	0	0	0	0	0	1360	0	0	0	0	908	3386	0	414	0	8906	764	0	0	1510	212	2778	0	0	0	0	0	0	0	0	0	0	0	0	0	0	0	0	0	0	0	0	0	0	0	0	0	0	0	0	0	0	0	0	0	0	0	0	0	0	1404	2888	436	1060	0	0	0	0	0	0	0	0	0	0	0	0	0	0	0	0	0	0	0	0	0	0	0	0	0	0	0	0	0	0	0	0	0	0	0	0	0	0	0	0	0	0	
593292	Insula_L	8150	0	35632	0	9794	0	19624	0	680	0	19864	0	25432	786	15370	0	21438	0	12262	0	6514	0	10200	0	124	0	1324	0	0	0	6086	158	0	0	1186	1192	10860	532	1218	0	2574	0	352	0	200	0	0	0	0	0	732	0	2336	0	4178	0	4360	0	0	0	426	0	518	0	218	0	390	0	0	0	4308	218	23136	0	408	0	1680	1384	9560	0	7162	0	8856	0	6568	0	0	0	8656	0	0	0	0	0	0	0	0	0	0	0	0	0	0	0	0	0	0	0	0	0	0	0	0	0	0	0	
252096	Insula_R	0	3896	240	13808	0	1852	0	3136	0	0	0	6894	0	6950	0	6102	0	14144	1022	10684	0	2238	0	3164	0	0	0	1510	0	0	128	7108	0	324	0	0	0	7654	0	886	0	710	0	0	0	0	0	0	0	0	0	0	0	0	0	1800	0	2858	0	0	0	0	0	0	0	0	0	0	0	0	842	4316	0	17478	0	0	0	124	0	396	0	1538	0	398	0	1634	0	0	0	2214	0	0	0	0	0	0	0	0	0	0	0	0	0	0	0	0	0	0	0	0	0	0	0	0	0	0	
384052	Cingulum_Ant_L	4834	0	19592	5300	5074	726	9646	2502	0	0	16092	1140	9544	216	444	0	1978	0	12876	1784	2328	2386	26012	6150	3496	722	2256	212	6086	128	0	14146	3944	1880	0	0	388	0	0	0	0	0	0	0	0	0	0	0	0	0	0	0	0	0	0	0	122	0	0	0	0	0	0	0	0	0	0	0	0	0	13732	2286	12208	518	0	0	0	0	0	0	398	0	880	0	0	0	0	0	0	0	0	0	0	0	0	0	0	0	0	0	0	0	0	0	0	0	0	0	0	0	0	0	0	0	0	0	
510472	Cingulum_Ant_R	0	0	3764	36898	432	3646	0	2124	0	0	220	560	0	5336	240	1676	146	254	16522	29658	2790	3984	9378	29518	0	4348	590	2778	158	7108	14146	0	2642	20422	0	0	0	1256	0	150	0	0	0	0	0	0	0	0	0	0	0	0	0	0	0	346	0	0	0	0	0	0	0	0	0	0	0	0	0	0	5628	28840	2852	16342	0	0	0	484	0	0	0	0	0	0	0	0	0	0	0	0	0	0	0	0	0	0	0	0	0	0	0	0	0	0	0	0	0	0	0	0	0	0	0	0	0	0	
114196	Cingulum_Mid_L	330	0	4052	624	0	0	590	0	0	0	122	0	0	0	0	0	0	0	11922	8100	0	0	2430	0	0	0	0	0	0	0	3944	2642	0	8268	2924	172	0	0	0	0	0	0	898	0	1102	0	260	0	0	0	0	0	0	0	0	0	0	0	0	0	0	0	0	0	0	0	3424	538	4244	512	0	0	0	0	0	0	0	0	0	0	0	0	0	0	0	0	0	0	0	0	0	0	0	0	0	0	0	0	0	0	0	0	0	0	0	0	0	0	0	0	0	0	0	0	0	0	
404852	Cingulum_Mid_R	2426	972	8398	17614	0	0	0	1850	0	0	0	464	0	1800	0	304	0	0	25772	46098	0	0	5554	13790	0	0	0	0	0	324	1880	20422	8268	0	1328	6418	192	182	0	0	0	0	0	1004	0	1518	0	1910	0	1594	0	700	0	566	0	188	0	912	0	0	0	0	0	0	0	0	448	8592	1564	13030	706	2688	0	334	0	0	0	800	0	0	0	0	0	0	0	1466	0	0	0	350	0	0	0	0	0	0	0	0	0	0	0	0	0	0	0	0	0	0	0	0	0	0	0	0	0	0	
145024	Cingulum_Post_L	8328	216	336	0	0	0	850	0	0	0	0	0	0	0	0	0	0	0	642	1476	0	0	0	0	0	0	0	0	1186	0	0	0	2924	1328	0	8410	6802	2268	3524	0	0	0	5152	0	688	0	1692	0	0	0	578	0	536	0	472	0	362	0	0	0	0	0	0	0	0	0	7760	1014	4454	626	932	1348	0	0	0	0	906	5906	404	0	0	0	0	0	556	0	0	0	836	0	0	0	0	0	0	0	0	0	0	0	0	0	0	0	0	0	0	0	0	0	0	0	0	0	0	0	
196996	Cingulum_Post_R	6288	2546	304	818	0	0	528	0	0	0	0	0	0	0	0	0	0	0	184	4676	0	0	0	0	0	0	0	0	1192	0	0	0	172	6418	8410	0	4734	7886	1478	756	0	0	0	3652	0	364	0	5906	0	640	0	494	0	1130	0	1494	0	1050	0	0	0	300	0	0	0	206	434	14922	0	5548	864	1250	0	0	0	0	1210	8512	430	0	0	0	0	0	0	1480	0	0	0	2012	0	0	0	0	0	0	0	0	0	0	0	0	0	0	0	0	0	0	0	0	210	0	0	0	0	0	
254892	Hippocampus_L	9770	0	6750	0	0	0	3532	0	0	0	354	0	184	0	0	0	648	0	1630	248	1270	0	302	0	0	0	0	0	10860	0	388	0	0	192	6802	4734	0	1972	12966	0	9528	0	2406	0	0	0	2354	0	0	0	0	0	182	0	10066	0	488	0	0	0	0	0	0	0	0	0	2990	946	0	0	1896	918	9990	0	2036	0	5174	5430	1636	0	598	0	870	0	0	0	0	0	7336	0	0	0	0	0	0	0	0	0	0	0	0	0	0	0	0	0	0	0	0	0	0	0	0	0	0	0	
274204	Hippocampus_R	2892	7658	228	7156	0	0	150	258	0	0	0	2602	0	0	0	138	0	1496	276	3294	0	614	0	796	0	0	0	0	532	7654	0	1256	0	182	2268	7886	1972	0	906	12462	0	8352	0	2046	0	0	0	4742	0	0	0	0	0	260	0	19680	0	1754	0	0	0	0	0	0	0	0	130	6728	0	454	612	896	0	13376	0	0	176	6852	238	0	0	650	0	1502	0	1266	0	0	0	4434	0	0	0	0	0	0	0	0	0	0	0	0	0	0	0	0	0	0	0	0	278	0	0	0	0	0	
82260	ParaHippocampal_L	2582	0	930	0	0	0	894	0	0	0	0	0	0	0	0	0	0	0	290	0	336	0	0	0	0	0	0	0	1218	0	0	0	0	0	3524	1478	12966	906	0	0	1902	0	1526	0	0	0	2042	0	0	0	0	0	124	0	3420	0	266	0	0	0	0	0	0	0	0	0	1704	582	0	0	0	122	1182	0	0	0	868	1820	0	0	0	0	0	0	0	0	0	0	448	0	0	0	0	0	0	0	0	0	0	0	0	0	0	0	0	0	0	0	0	0	0	0	0	0	0	0	
84180	ParaHippocampal_R	0	886	0	1202	0	0	0	0	0	0	0	430	0	0	0	0	0	132	0	558	0	0	0	0	0	0	0	0	0	886	0	150	0	0	0	756	0	12462	0	0	0	3642	0	1004	0	0	0	3516	0	0	0	0	0	648	0	8012	0	252	0	0	0	0	0	0	0	0	0	1798	0	0	0	168	0	1854	0	0	0	416	0	0	0	0	0	2078	0	0	0	216	0	882	0	0	0	0	0	0	0	142	0	0	0	0	0	0	0	0	0	0	0	0	0	0	0	0	0	0	
48728	Amygdala_L	0	0	0	0	0	0	0	0	0	0	0	0	0	0	0	0	0	0	0	0	1186	0	0	0	0	0	0	0	2574	0	0	0	0	0	0	0	9528	0	1902	0	0	0	0	0	0	0	0	0	0	0	0	0	0	0	5268	0	0	0	0	0	0	0	0	0	0	0	0	0	0	0	0	0	538	0	0	0	0	0	0	0	0	0	684	0	0	0	182	0	2502	0	0	0	0	0	0	0	0	0	0	0	0	0	0	0	0	0	0	0	0	0	0	0	0	0	0	0	
39948	Amygdala_R	0	0	0	0	0	0	0	0	0	0	0	0	0	0	0	0	0	0	0	0	0	830	0	0	0	0	0	0	0	710	0	0	0	0	0	0	0	8352	0	3642	0	0	0	0	0	0	0	0	0	0	0	0	0	0	0	3056	0	0	0	0	0	0	0	0	0	0	0	0	0	0	0	0	0	1026	0	0	0	0	0	0	0	0	0	2358	0	0	0	0	0	0	0	0	0	0	0	0	0	0	0	0	0	0	0	0	0	0	0	0	0	0	0	0	0	0	0	0	
218504	Calcarine_L	464	0	0	0	0	0	192	0	0	0	0	0	0	0	0	0	196	0	0	0	0	0	0	0	0	0	0	0	352	0	0	0	898	0	5152	0	2406	0	1526	0	0	0	0	3906	14814	3364	9878	1266	6444	1552	12902	216	7996	0	1732	0	330	0	0	0	588	0	0	0	580	0	23126	0	1806	0	0	0	0	0	0	0	0	0	172	0	0	0	0	0	3180	0	0	0	4214	0	0	0	0	0	0	0	0	0	0	0	0	0	0	0	0	0	0	0	0	0	0	0	0	0	0	0	
277408	Calcarine_R	0	390	0	0	0	0	0	0	0	0	0	0	0	0	0	0	0	0	0	346	0	0	0	0	0	0	0	0	0	0	0	0	0	1004	0	3652	0	2046	0	1004	0	0	3906	0	1400	24680	676	21182	0	20582	0	8808	0	10128	0	9472	0	390	0	148	0	774	0	0	0	566	0	18062	0	706	0	0	0	0	0	0	0	142	0	0	0	0	0	0	0	2392	0	0	0	6248	0	0	0	0	0	0	0	0	0	0	0	0	0	0	0	0	0	0	0	0	0	0	0	0	0	0	
143488	Cuneus_L	120	0	0	0	0	0	0	0	0	0	0	0	0	0	0	0	150	0	182	0	0	0	0	0	0	0	0	0	200	0	0	0	1102	0	688	0	0	0	0	0	0	0	14814	1400	0	3322	3020	0	15160	310	9708	0	1900	0	170	0	0	0	720	0	356	0	0	0	362	0	14422	0	786	0	0	0	0	0	0	0	0	0	132	0	0	0	0	0	1422	0	0	0	1298	0	0	0	0	0	0	0	0	0	0	0	0	0	0	0	0	0	0	0	0	0	0	0	0	0	0	0	
219364	Cuneus_R	0	0	0	0	0	0	0	0	0	0	0	0	0	0	0	0	0	0	0	252	0	0	0	0	0	0	0	0	0	0	0	0	0	1518	0	364	0	0	0	0	0	0	3364	24680	3322	0	0	3984	0	32400	0	12090	0	1156	0	1710	0	1080	0	2640	0	230	0	0	0	424	168	16416	252	1526	0	0	0	0	0	0	0	0	0	0	0	0	0	0	0	1384	0	0	0	722	0	0	0	0	0	0	0	0	0	0	0	0	0	0	0	0	0	0	0	0	0	0	0	0	0	0	
209916	Lingual_L	0	0	0	0	0	0	0	0	0	0	0	0	0	0	0	0	0	0	0	0	0	0	0	0	0	0	0	0	0	0	0	0	260	0	1692	0	2354	0	2042	0	0	0	9878	676	3020	0	0	828	2624	160	11350	0	6002	0	12116	0	0	0	0	0	0	0	0	0	0	0	5564	0	216	0	0	0	0	0	0	0	0	0	0	0	0	0	0	0	448	0	0	0	788	0	12490	212	1036	0	194	0	11444	314	15828	416	0	0	0	0	0	0	0	0	0	0	1906	1100	0	0	0	0	
237380	Lingual_R	0	162	0	238	0	0	0	0	0	0	0	0	0	0	0	0	0	0	0	1072	0	0	0	0	0	0	0	0	0	0	0	0	0	1910	0	5906	0	4742	0	3516	0	0	1266	21182	0	3984	828	0	0	6818	0	3434	0	4704	0	13828	0	180	0	0	0	276	0	0	0	162	0	18242	0	1308	0	0	0	0	0	0	0	784	0	0	0	0	0	0	0	2060	0	0	0	3790	148	4202	0	124	0	0	366	2214	386	5504	0	0	0	0	0	0	0	0	0	0	2056	3148	150	0	0	0	
125988	Occipital_Sup_L	0	0	0	0	0	0	0	0	0	0	0	0	0	0	0	0	0	0	0	0	0	0	0	0	0	0	0	0	0	0	0	0	0	0	0	0	0	0	0	0	0	0	6444	0	15160	0	2624	0	0	0	21790	0	796	0	172	0	680	0	3624	0	1380	0	0	0	312	0	9418	0	240	0	0	0	0	0	0	0	0	0	0	0	0	0	0	0	354	0	0	0	0	0	0	0	0	0	0	0	0	0	0	0	0	0	0	0	0	0	0	0	0	0	0	0	0	0	0	0	
247276	Occipital_Sup_R	0	0	0	0	0	0	0	0	0	0	0	0	0	0	0	0	0	0	0	608	0	0	0	0	0	0	0	0	0	0	0	0	0	1594	0	640	0	0	0	0	0	0	1552	20582	310	32400	160	6818	0	0	0	18488	0	1732	0	2382	0	2174	0	2660	0	2922	0	200	0	4492	0	16408	252	4354	0	0	0	0	0	0	0	0	0	0	0	0	0	0	0	1704	0	0	0	1206	0	0	0	0	0	0	0	0	0	0	0	0	0	0	0	0	0	0	0	0	0	0	0	0	0	0	
337612	Occipital_Mid_L	2156	0	218	0	0	0	302	0	0	0	0	0	0	0	0	0	660	0	0	0	0	0	0	0	0	0	0	0	732	0	0	0	0	0	578	0	0	0	0	0	0	0	12902	0	9708	0	11350	0	21790	0	0	0	25110	0	2982	0	13186	0	5576	0	15282	0	1856	0	13746	0	11756	0	2792	0	0	0	0	0	0	0	0	0	352	0	236	0	0	0	12054	0	0	0	3482	0	0	0	0	0	0	0	0	0	0	0	0	0	0	0	0	0	0	0	0	0	0	0	0	0	0	0	
183088	Occipital_Mid_R	0	296	0	0	0	0	0	0	0	0	0	0	0	0	0	0	0	0	0	150	0	0	0	0	0	0	0	0	0	0	0	0	0	700	0	494	0	0	0	0	0	0	216	8808	0	12090	0	3434	0	18488	0	0	0	4278	0	3124	0	734	0	2286	0	5518	0	0	0	12738	0	6984	0	586	0	0	0	0	0	0	0	0	0	0	0	0	0	0	0	9594	0	0	0	1026	0	0	0	0	0	0	0	0	0	0	0	0	0	0	0	0	0	0	0	0	0	0	0	0	0	0	
148868	Occipital_Inf_L	1194	0	0	0	0	0	0	0	0	0	0	0	0	0	0	0	1042	0	0	0	0	0	0	0	0	0	0	0	2336	0	0	0	0	0	536	0	182	0	124	0	0	0	7996	0	1900	0	6002	0	796	0	25110	0	0	0	5958	0	1052	0	0	0	602	0	0	0	506	0	4104	0	434	0	162	0	0	0	0	0	0	0	1486	0	0	0	0	0	5394	0	0	0	7398	0	0	0	0	0	0	0	0	0	120	0	0	0	0	0	0	0	0	0	0	0	0	0	0	0	0	0	
98736	Occipital_Inf_R	0	448	0	0	0	0	0	0	0	0	0	0	0	0	0	0	0	0	0	248	0	0	0	0	0	0	0	0	0	0	0	0	0	566	0	1130	0	260	0	648	0	0	0	10128	0	1156	0	4704	0	1732	0	4278	0	0	0	10430	0	354	0	0	0	540	0	0	0	468	0	3124	0	404	0	0	0	0	0	0	0	0	0	0	0	0	0	0	0	1472	0	0	0	6918	0	0	0	0	0	0	0	0	0	182	0	0	0	0	0	0	0	0	0	0	0	178	0	0	0	0	
269568	Fusiform_L	472	0	236	0	0	0	0	0	0	0	0	0	0	0	0	0	490	0	0	0	0	0	0	0	0	0	0	0	4178	0	0	0	0	0	472	0	10066	0	3420	0	5268	0	1732	0	170	0	12116	0	172	0	2982	0	5958	0	0	0	132	0	0	0	0	0	0	0	0	0	1046	0	0	0	696	0	384	0	0	0	230	0	3066	0	354	0	2712	0	2174	0	1990	0	15064	0	19554	0	2588	0	0	0	10060	0	23458	138	796	0	638	0	0	0	0	0	0	0	984	988	0	0	0	0	
290772	Fusiform_R	0	5418	0	226	0	0	0	0	0	0	0	0	0	0	0	0	0	328	0	206	0	0	0	344	0	0	0	0	0	1800	0	346	0	188	0	1494	0	19680	0	8012	0	3056	0	9472	0	1710	0	13828	0	2382	0	3124	0	10430	0	0	0	1396	0	0	0	0	0	0	0	0	0	4370	0	692	0	0	0	1734	0	0	0	162	0	0	0	1296	0	6778	0	1082	0	1242	0	14984	194	8884	0	652	0	0	0	4768	252	10388	0	226	0	630	0	0	0	0	0	0	744	2546	322	0	0	0	
345508	Postcentral_L	32366	0	10868	0	0	0	2120	0	0	0	2492	0	0	0	0	0	9766	0	5058	0	0	0	0	0	0	0	0	0	4360	0	122	0	0	0	362	0	488	0	266	0	0	0	330	0	0	0	0	0	680	0	13186	0	1052	0	132	0	0	0	8682	0	29904	0	13624	0	8736	0	3182	0	4410	0	4786	0	1076	0	0	0	184	0	968	0	3970	0	0	0	4988	0	0	0	4596	0	0	0	0	0	0	0	0	0	0	0	0	0	0	0	0	0	0	0	0	0	0	0	0	0	0	0	
184680	Postcentral_R	0	24506	0	910	0	0	0	484	0	0	0	3002	0	0	0	0	0	2058	0	1328	0	0	0	0	0	0	0	0	0	2858	0	0	0	912	0	1050	0	1754	0	252	0	0	0	390	0	1080	0	180	0	2174	0	734	0	354	0	1396	0	0	0	4960	0	4876	0	10490	0	1728	0	6256	156	10098	0	132	0	750	0	0	0	226	0	304	0	1522	0	0	0	2372	0	0	0	3048	0	0	0	0	0	0	0	0	0	0	0	0	0	0	0	0	0	0	0	0	0	0	0	0	0	0	
86940	Parietal_Sup_L	0	0	0	0	0	0	0	0	0	0	0	0	0	0	0	0	0	0	0	0	0	0	0	0	0	0	0	0	0	0	0	0	0	0	0	0	0	0	0	0	0	0	0	0	720	0	0	0	3624	0	5576	0	0	0	0	0	8682	0	0	0	10294	0	2480	0	3702	0	6058	0	628	0	0	0	0	0	0	0	0	0	0	0	188	0	0	0	762	0	0	0	756	0	0	0	0	0	0	0	0	0	0	0	0	0	0	0	0	0	0	0	0	0	0	0	0	0	0	0	
52160	Parietal_Sup_R	0	256	0	0	0	0	0	0	0	0	0	0	0	0	0	0	0	0	0	0	0	0	0	0	0	0	0	0	0	0	0	0	0	0	0	0	0	0	0	0	0	0	0	148	0	2640	0	0	0	2660	0	2286	0	0	0	0	0	4960	0	0	0	2304	0	856	0	2564	0	6974	0	432	0	0	0	0	0	0	0	0	0	0	0	0	0	0	0	0	0	0	0	0	0	0	0	0	0	0	0	0	0	0	0	0	0	0	0	0	0	0	0	0	0	0	0	0	0	0	
268836	Parietal_Inf_L	3792	0	228	0	0	0	0	0	0	0	0	0	0	0	0	0	1544	0	0	0	0	0	0	0	0	0	0	0	426	0	0	0	0	0	0	0	0	0	0	0	0	0	588	0	356	0	0	0	1380	0	15282	0	602	0	0	0	29904	0	10294	0	0	0	19542	0	30912	0	966	0	208	0	406	0	0	0	0	0	0	0	170	0	796	0	0	0	11376	0	0	0	5646	0	0	0	0	0	0	0	0	0	0	0	0	0	0	0	0	0	0	0	0	0	0	0	0	0	0	0	
132460	Parietal_Inf_R	0	1446	0	0	0	0	0	0	0	0	0	0	0	0	0	0	0	0	0	0	0	0	0	0	0	0	0	0	0	0	0	0	0	0	0	300	0	0	0	0	0	0	0	774	0	230	0	276	0	2922	0	5518	0	540	0	0	0	4876	0	2304	0	0	0	12910	0	16930	0	4014	0	2720	0	0	0	0	0	0	0	0	0	0	0	316	0	0	0	8022	0	0	0	2132	0	0	0	0	0	0	0	0	0	0	0	0	0	0	0	0	0	0	0	0	0	0	0	0	0	0	
127484	SupraMarginal_L	1206	0	172	0	0	0	0	0	0	0	0	0	0	0	0	0	2570	0	144	0	0	0	0	0	0	0	0	0	518	0	0	0	0	0	0	0	0	0	0	0	0	0	0	0	0	0	0	0	0	0	1856	0	0	0	0	0	13624	0	2480	0	19542	0	0	0	9612	0	0	0	0	0	380	0	0	0	0	0	0	0	0	0	2530	0	0	0	5536	0	0	0	3572	0	0	0	0	0	0	0	0	0	0	0	0	0	0	0	0	0	0	0	0	0	0	0	0	0	0	0	
110084	SupraMarginal_R	0	3662	0	0	0	0	0	0	0	0	0	0	0	0	0	0	0	1072	0	0	0	0	0	0	0	0	0	0	0	0	0	0	0	0	0	0	0	0	0	0	0	0	0	0	0	0	0	0	0	200	0	0	0	0	0	0	0	10490	0	856	0	12910	0	0	0	8654	0	724	0	686	0	0	0	0	0	0	0	0	0	0	0	7544	0	0	0	6332	0	0	0	1912	0	0	0	0	0	0	0	0	0	0	0	0	0	0	0	0	0	0	0	0	0	0	0	0	0	0	
175300	Angular_L	448	0	0	0	0	0	0	0	0	0	0	0	0	0	0	0	306	0	0	0	0	0	0	0	0	0	0	0	218	0	0	0	0	0	0	0	0	0	0	0	0	0	580	0	362	0	0	0	312	0	13746	0	506	0	0	0	8736	0	3702	0	30912	0	9612	0	0	0	470	0	204	0	0	0	0	0	0	0	0	0	0	0	892	0	0	0	11536	0	0	0	5108	0	0	0	0	0	0	0	0	0	0	0	0	0	0	0	0	0	0	0	0	0	0	0	0	0	0	0	
138560	Angular_R	0	454	0	0	0	0	0	0	0	0	0	0	0	0	0	0	0	0	0	0	0	0	0	0	0	0	0	0	0	0	0	0	0	0	0	206	0	0	0	0	0	0	0	566	0	424	0	162	0	4492	0	12738	0	468	0	0	0	1728	0	2564	0	16930	0	8654	0	0	0	3578	0	2120	0	0	0	0	0	0	0	0	0	0	0	5152	0	0	0	8126	0	0	0	918	0	0	0	0	0	0	0	0	0	0	0	0	0	0	0	0	0	0	0	0	0	0	0	0	0	0	
232616	Precuneus_L	1290	0	0	0	0	0	438	0	0	0	0	0	0	0	0	0	210	0	158	200	0	0	0	0	0	0	0	0	390	0	0	0	3424	448	7760	434	2990	130	1704	0	0	0	23126	0	14422	168	5564	0	9418	0	11756	0	4104	0	1046	0	3182	0	6058	0	966	0	0	0	470	0	0	1512	7136	130	0	0	0	0	0	0	0	454	166	0	0	0	0	0	2920	0	0	0	4134	0	0	0	0	0	0	0	0	0	0	0	0	0	0	0	0	0	0	0	0	0	0	0	0	0	0	0	
358120	Precuneus_R	332	852	0	672	0	0	0	0	0	0	0	0	0	0	0	0	0	0	0	3482	0	0	0	0	0	0	0	0	0	0	0	0	538	8592	1014	14922	946	6728	582	1798	0	0	0	18062	0	16416	0	18242	0	16408	0	6984	0	3124	0	4370	0	6256	0	6974	0	4014	0	724	0	3578	1512	0	940	15614	0	0	0	0	0	0	168	2494	0	0	0	940	0	0	0	5204	0	0	0	6274	0	0	0	0	0	0	0	0	0	0	0	0	0	0	0	0	0	0	0	0	304	0	0	0	0	0	
155956	Paracentral_Lobule_L	14632	486	4172	284	0	0	2776	0	0	0	0	0	0	0	0	0	0	0	9074	8332	0	0	0	0	0	0	0	0	0	0	0	0	4244	1564	4454	0	0	0	0	0	0	0	1806	0	786	252	216	0	240	252	2792	0	434	0	0	0	4410	156	628	0	208	0	0	0	204	0	7136	940	0	3896	0	202	208	0	222	0	160	170	0	0	0	0	0	0	1156	184	0	0	1302	0	0	0	0	0	0	0	0	0	0	0	0	0	0	0	0	0	0	0	0	0	0	0	0	0	0	0	
187352	Paracentral_Lobule_R	750	5150	0	120	0	0	0	0	0	0	0	0	0	0	0	0	0	238	1094	15374	0	0	0	0	0	0	0	0	0	0	0	0	512	13030	626	5548	0	454	0	0	0	0	0	706	0	1526	0	1308	0	4354	0	586	0	404	0	692	0	10098	0	432	0	2720	0	686	0	2120	130	15614	3896	0	0	374	0	0	0	0	0	346	0	136	0	1102	0	0	0	2544	0	0	0	1006	0	0	0	0	0	0	0	0	0	0	0	0	0	0	0	0	0	0	0	0	0	0	0	0	0	0	
395380	Caudate_L	8576	158	26212	4710	1410	1442	2914	8654	142	0	1712	3426	0	4150	918	192	2322	266	27024	4774	6640	7614	1922	222	182	368	1872	1404	4308	842	13732	5628	0	706	932	864	1896	612	0	0	0	0	0	0	0	0	0	0	0	0	0	0	162	0	696	0	4786	0	0	0	406	0	380	0	0	0	0	0	0	0	0	9904	16432	2774	1520	0	7516	1390	1252	0	462	0	720	0	0	0	0	0	544	0	0	0	0	0	0	0	0	0	0	0	0	0	0	0	0	0	0	0	0	0	0	0	0	0	0	0	
439652	Caudate_R	4094	480	2314	29492	146	6396	482	432	0	136	0	670	0	912	0	1766	0	328	5744	36902	3266	6776	232	8590	0	2682	174	2888	218	4316	2286	28840	0	2688	1348	1250	918	896	122	168	0	0	0	0	0	0	0	0	0	0	0	0	0	0	0	0	0	132	0	0	0	0	0	0	0	0	0	0	202	374	9904	0	2882	23532	132	1606	900	22210	0	0	0	0	0	0	0	0	0	0	0	0	0	0	0	0	0	0	0	0	0	0	0	0	0	0	0	0	0	0	0	0	0	0	0	0	0	0	
369716	Putamen_L	5528	0	32430	288	4732	490	7644	0	466	0	1654	366	2338	1390	4250	0	2898	0	18530	1024	4674	3490	5922	0	230	252	536	436	23136	0	12208	2852	0	0	0	0	9990	0	1182	0	538	0	0	0	0	0	0	0	0	0	0	0	0	0	384	0	1076	0	0	0	0	0	0	0	0	0	0	0	208	0	16432	2882	0	1062	8366	0	2520	0	0	0	192	0	2008	0	0	0	0	0	254	0	0	0	0	0	0	0	0	0	0	0	0	0	0	0	0	0	0	0	0	0	0	0	0	0	0	0	
330224	Putamen_R	0	770	656	23436	136	7236	0	1174	0	258	0	4266	0	690	0	2140	0	2596	1792	17858	1320	2474	128	9636	0	2448	150	1060	0	17478	518	16342	0	334	0	0	0	13376	0	1854	0	1026	0	0	0	0	0	0	0	0	0	0	0	0	0	1734	0	750	0	0	0	0	0	0	0	0	0	0	0	0	2774	23532	1062	0	0	2380	0	1224	0	0	0	0	0	0	0	0	0	0	0	504	0	0	0	0	0	0	0	0	0	0	0	0	0	0	0	0	0	0	0	0	0	0	0	0	0	0	
61492	Pallidum_L	1054	0	8462	0	0	0	1082	0	0	0	0	0	132	0	0	0	338	0	4426	0	0	0	0	0	0	0	0	0	408	0	0	0	0	0	0	0	2036	0	0	0	0	0	0	0	0	0	0	0	0	0	0	0	0	0	0	0	0	0	0	0	0	0	0	0	0	0	0	0	222	0	1520	132	8366	0	0	0	2440	128	0	0	0	0	0	0	0	0	0	0	0	0	0	0	0	0	0	0	0	0	0	0	0	0	0	0	0	0	0	0	0	0	0	0	0	0	0	0	
18080	Pallidum_R	0	0	202	2162	0	0	0	0	0	0	0	0	0	0	0	0	0	0	496	2194	0	0	0	0	0	0	0	0	0	0	0	0	0	0	0	0	0	0	0	0	0	0	0	0	0	0	0	0	0	0	0	0	0	0	0	0	0	0	0	0	0	0	0	0	0	0	0	0	0	0	0	1606	0	2380	0	0	0	0	0	0	0	0	0	0	0	0	0	0	0	0	0	0	0	0	0	0	0	0	0	0	0	0	0	0	0	0	0	0	0	0	0	0	0	0	0	0	
153292	Thalamus_L	24548	0	7166	0	0	0	11804	0	0	0	0	0	0	0	0	0	0	0	510	288	0	0	0	0	0	0	0	0	1680	0	0	0	0	0	906	1210	5174	176	868	0	0	0	0	0	0	0	0	0	0	0	0	0	0	0	230	0	184	0	0	0	0	0	0	0	0	0	0	168	160	0	7516	900	2520	0	2440	0	0	6304	1614	0	0	0	0	0	0	0	0	0	280	0	0	0	0	0	0	0	0	0	0	0	0	0	0	0	0	0	0	0	0	0	0	0	0	0	0	0	
243296	Thalamus_R	11510	850	1060	17362	0	0	1438	368	0	0	0	0	0	0	0	0	0	0	312	20140	0	0	0	0	0	0	0	0	1384	124	0	484	0	800	5906	8512	5430	6852	1820	416	0	0	0	142	0	0	0	784	0	0	0	0	0	0	0	162	0	226	0	0	0	0	0	0	0	0	454	2494	170	346	1390	22210	0	1224	128	0	6304	0	694	0	0	0	0	0	0	0	0	0	0	0	0	0	0	0	0	0	0	0	0	0	0	0	0	0	0	0	0	0	0	0	152	0	0	0	0	0	
92640	Heschl_L	1344	0	752	0	0	0	0	0	0	0	0	0	0	0	0	0	4452	0	0	0	0	0	0	0	0	0	0	0	9560	0	0	0	0	0	404	430	1636	238	0	0	0	0	172	0	132	0	0	0	0	0	352	0	1486	0	3066	0	968	0	0	0	170	0	0	0	0	0	166	0	0	0	1252	0	0	0	0	0	1614	694	0	0	5526	0	0	0	6656	0	0	0	5250	0	0	0	0	0	0	0	0	0	0	0	0	0	0	0	0	0	0	0	0	0	0	0	0	0	0	0	
13496	Heschl_R	0	384	0	600	0	0	0	0	0	0	0	0	0	0	0	0	0	1612	0	578	0	0	0	0	0	0	0	0	0	396	0	0	0	0	0	0	0	0	0	0	0	0	0	0	0	0	0	0	0	0	0	0	0	0	0	0	0	304	0	0	0	0	0	0	0	0	0	0	0	136	0	0	0	0	0	0	0	0	0	0	0	1882	0	0	0	496	0	0	0	360	0	0	0	0	0	0	0	0	0	0	0	0	0	0	0	0	0	0	0	0	0	0	0	0	0	0	
172868	Temporal_Sup_L	3420	0	3048	0	0	0	564	0	0	0	2344	0	372	206	0	0	9680	0	2034	0	0	0	256	0	0	0	0	0	7162	0	398	0	0	0	0	0	598	0	0	0	0	0	0	0	0	0	0	0	0	0	236	0	0	0	354	0	3970	0	188	0	796	0	2530	0	892	0	0	0	0	0	462	0	192	0	0	0	0	0	5526	0	0	0	3288	0	26910	0	186	0	10822	0	0	0	0	0	0	0	0	0	0	0	0	0	0	0	0	0	0	0	0	0	0	0	0	0	0	0	
103068	Temporal_Sup_R	0	4342	0	0	0	0	0	0	0	0	0	0	0	0	0	0	0	1226	0	0	0	0	0	0	0	0	0	0	0	1538	0	0	0	0	0	0	0	650	0	0	0	0	0	0	0	0	0	0	0	0	0	0	0	0	0	1296	0	1522	0	0	0	316	0	7544	0	5152	0	940	0	1102	0	0	0	0	0	0	0	0	0	1882	0	0	0	3576	0	15400	0	0	0	5048	0	0	0	0	0	0	0	0	0	0	0	0	0	0	0	0	0	0	0	0	0	0	0	0	0	0	
118676	Temporal_Pole_Sup_L	0	0	2440	0	914	0	1228	0	196	0	6482	0	2850	612	1448	0	4092	0	314	0	562	0	1220	0	0	0	240	0	8856	0	880	0	0	0	0	0	870	0	0	0	684	0	0	0	0	0	0	0	0	0	0	0	0	0	2712	0	0	0	0	0	0	0	0	0	0	0	0	0	0	0	720	0	2008	0	0	0	0	0	0	0	3288	0	0	0	6670	0	4104	0	5948	0	0	0	0	0	0	0	0	0	0	0	0	0	0	0	0	0	0	0	0	0	0	0	0	0	0	0	
48260	Temporal_Pole_Sup_R	0	0	0	0	0	0	0	0	0	0	0	0	0	0	0	0	0	0	0	0	0	230	0	0	0	0	0	0	0	398	0	0	0	0	0	0	0	1502	0	2078	0	2358	0	0	0	0	0	0	0	0	0	0	0	0	0	6778	0	0	0	0	0	0	0	0	0	0	0	0	0	0	0	0	0	0	0	0	0	0	0	0	0	3576	0	0	0	1654	0	1708	0	3848	0	0	0	0	0	0	0	0	0	0	0	0	0	0	0	0	0	0	0	0	0	0	0	0	0	0	
322580	Temporal_Mid_L	1780	0	0	0	0	0	0	0	0	0	0	0	0	0	0	0	4810	0	0	0	0	0	0	0	0	0	0	0	6568	0	0	0	0	0	556	0	0	0	0	0	0	0	3180	0	1422	0	448	0	354	0	12054	0	5394	0	2174	0	4988	0	762	0	11376	0	5536	0	11536	0	2920	0	1156	0	0	0	0	0	0	0	0	0	6656	0	26910	0	6670	0	0	0	4310	0	39730	0	0	0	0	0	0	0	0	0	0	0	0	0	0	0	0	0	0	0	0	0	0	0	0	0	0	0	
206828	Temporal_Mid_R	0	5790	0	0	0	0	0	0	0	0	0	0	0	0	0	0	0	318	0	674	0	0	0	0	0	0	0	0	0	1634	0	0	0	1466	0	1480	0	1266	0	0	0	0	0	2392	0	1384	0	2060	0	1704	0	9594	0	1472	0	1082	0	2372	0	0	0	8022	0	6332	0	8126	0	5204	184	2544	0	0	0	0	0	0	0	0	0	496	0	15400	0	1654	0	0	0	420	0	20344	0	0	0	0	0	0	0	0	0	0	0	0	0	0	0	0	0	0	0	0	0	0	0	0	0	0	
29816	Temporal_Pole_Mid_L	0	0	0	0	0	0	0	0	0	0	0	0	0	0	0	0	0	0	0	0	0	0	0	0	0	0	0	0	0	0	0	0	0	0	0	0	0	0	0	0	182	0	0	0	0	0	0	0	0	0	0	0	0	0	1990	0	0	0	0	0	0	0	0	0	0	0	0	0	0	0	0	0	0	0	0	0	0	0	0	0	186	0	4104	0	4310	0	0	0	4136	0	0	0	0	0	0	0	0	0	0	0	0	0	0	0	0	0	0	0	0	0	0	0	0	0	0	0	
9152	Temporal_Pole_Mid_R	0	0	0	0	0	0	0	0	0	0	0	0	0	0	0	0	0	0	0	0	0	0	0	0	0	0	0	0	0	0	0	0	0	0	0	0	0	0	0	216	0	0	0	0	0	0	0	0	0	0	0	0	0	0	0	1242	0	0	0	0	0	0	0	0	0	0	0	0	0	0	0	0	0	0	0	0	0	0	0	0	0	0	0	1708	0	420	0	0	0	990	0	0	0	0	0	0	0	0	0	0	0	0	0	0	0	0	0	0	0	0	0	0	0	0	0	0	
308104	Temporal_Inf_L	2600	0	266	0	0	0	0	0	0	0	0	0	0	0	0	0	3696	0	0	0	0	0	0	0	0	0	0	0	8656	0	0	0	0	0	836	0	7336	0	448	0	2502	0	4214	0	1298	0	788	0	0	0	3482	0	7398	0	15064	0	4596	0	756	0	5646	0	3572	0	5108	0	4134	0	1302	0	544	0	254	0	0	0	280	0	5250	0	10822	0	5948	0	39730	0	4136	0	0	0	1954	0	622	0	0	0	0	0	236	0	372	0	206	0	0	0	0	0	0	0	0	0	0	0	0	0	
198664	Temporal_Inf_R	0	7440	0	0	0	0	0	0	0	0	0	0	0	0	0	0	0	578	0	144	0	0	0	0	0	0	0	0	0	2214	0	0	0	350	0	2012	0	4434	0	882	0	0	0	6248	0	722	0	3790	0	1206	0	1026	0	6918	0	14984	0	3048	0	0	0	2132	0	1912	0	918	0	6274	0	1006	0	0	0	504	0	0	0	0	0	360	0	5048	0	3848	0	20344	0	990	0	0	0	0	0	0	0	0	0	0	0	0	0	0	0	0	0	0	0	0	0	0	0	0	0	0	0	0	
522696	Cerebelum_Crus1_L	0	0	0	0	0	0	0	0	0	0	0	0	0	0	0	0	0	0	0	0	0	0	0	0	0	0	0	0	0	0	0	0	0	0	0	0	0	0	0	0	0	0	0	0	0	0	12490	148	0	0	0	0	0	0	19554	194	0	0	0	0	0	0	0	0	0	0	0	0	0	0	0	0	0	0	0	0	0	0	0	0	0	0	0	0	0	0	0	0	1954	0	0	7586	45328	9492	444	0	27842	432	58406	4902	18848	2166	12022	5080	488	938	0	0	0	0	3130	11002	15556	1046	828	1472	
455548	Cerebelum_Crus1_R	0	0	0	0	0	0	0	0	0	0	0	0	0	0	0	0	0	0	0	0	0	0	0	0	0	0	0	0	0	0	0	0	0	0	0	0	0	0	0	0	0	0	0	0	0	0	212	4202	0	0	0	0	0	0	0	8884	0	0	0	0	0	0	0	0	0	0	0	0	0	0	0	0	0	0	0	0	0	0	0	0	0	0	0	0	0	0	0	0	0	0	7586	0	3572	32436	0	5178	3242	28668	5166	63444	162	2754	0	21622	0	2710	0	646	0	2122	9868	12024	11834	482	574	386	
304584	Cerebelum_Crus2_L	0	0	0	0	0	0	0	0	0	0	0	0	0	0	0	0	0	0	0	0	0	0	0	0	0	0	0	0	0	0	0	0	0	0	0	0	0	0	0	0	0	0	0	0	0	0	1036	0	0	0	0	0	0	0	2588	0	0	0	0	0	0	0	0	0	0	0	0	0	0	0	0	0	0	0	0	0	0	0	0	0	0	0	0	0	0	0	0	0	622	0	45328	3572	0	10198	0	0	4286	216	11304	676	26492	3994	16132	4952	1480	670	174	0	0	0	434	2988	13198	738	456	758	
305020	Cerebelum_Crus2_R	0	0	0	0	0	0	0	0	0	0	0	0	0	0	0	0	0	0	0	0	0	0	0	0	0	0	0	0	0	0	0	0	0	0	0	0	0	0	0	0	0	0	0	0	0	0	0	124	0	0	0	0	0	0	0	652	0	0	0	0	0	0	0	0	0	0	0	0	0	0	0	0	0	0	0	0	0	0	0	0	0	0	0	0	0	0	0	0	0	0	9492	32436	10198	0	0	1326	894	4740	2154	12064	3688	11600	2480	32364	0	3704	0	368	0	550	1628	3882	15402	2056	464	244	
18488	Cerebelum_3_L	0	0	0	0	0	0	0	0	0	0	0	0	0	0	0	0	0	0	0	0	0	0	0	0	0	0	0	0	0	0	0	0	0	0	0	0	0	0	0	0	0	0	0	0	0	0	194	0	0	0	0	0	0	0	0	0	0	0	0	0	0	0	0	0	0	0	0	0	0	0	0	0	0	0	0	0	0	0	0	0	0	0	0	0	0	0	0	0	0	0	444	0	0	0	0	0	4434	0	1068	146	0	0	390	0	318	122	0	0	346	930	410	186	128	128	0	0	
61640	Cerebelum_3_R	0	0	0	0	0	0	0	0	0	0	0	0	0	0	0	0	0	0	0	0	0	0	0	0	0	0	0	0	0	0	0	0	0	0	0	0	0	0	0	0	0	0	0	0	0	0	0	0	0	0	0	0	0	0	0	0	0	0	0	0	0	0	0	0	0	0	0	0	0	0	0	0	0	0	0	0	0	0	0	0	0	0	0	0	0	0	0	0	0	0	0	5178	0	1326	0	0	242	7858	132	7868	0	0	0	908	0	370	0	0	352	2732	1932	470	446	462	368	176	
269800	Cerebelum_4_5_L	0	0	0	0	0	0	0	0	0	0	0	0	0	0	0	0	0	0	0	0	0	0	0	0	0	0	0	0	0	0	0	0	0	0	0	0	0	0	0	0	0	0	0	0	0	0	11444	366	0	0	0	0	0	0	10060	0	0	0	0	0	0	0	0	0	0	0	0	0	0	0	0	0	0	0	0	0	0	0	0	0	0	0	0	0	0	0	0	0	0	0	27842	3242	4286	894	4434	242	0	1710	38208	4720	1098	0	1364	572	3336	512	334	0	0	616	7882	6106	3470	600	240	1322	
224488	Cerebelum_4_5_R	0	0	0	0	0	0	0	0	0	0	0	0	0	0	0	0	0	0	0	0	0	0	0	0	0	0	0	0	0	0	0	0	0	0	0	0	0	0	0	142	0	0	0	0	0	0	314	2214	0	0	0	0	0	0	0	4768	0	0	0	0	0	0	0	0	0	0	0	0	0	0	0	0	0	0	0	0	0	0	0	0	0	0	0	0	0	0	0	0	0	0	432	28668	216	4740	0	7858	1710	0	832	36884	0	560	0	4098	0	454	0	142	0	2514	13422	1022	524	304	262	164	
418400	Cerebelum_6_L	0	0	0	0	0	0	0	0	0	0	0	0	0	0	0	0	0	0	0	0	0	0	0	0	0	0	0	0	0	0	0	0	0	0	0	0	0	0	0	0	0	0	0	0	0	0	15828	386	0	0	0	0	120	0	23458	252	0	0	0	0	0	0	0	0	0	0	0	0	0	0	0	0	0	0	0	0	0	0	0	0	0	0	0	0	0	0	0	0	236	0	58406	5166	11304	2154	1068	132	38208	832	0	6284	4506	230	3584	1500	1640	1274	128	0	0	124	6250	13618	7086	1278	1098	3050	
421772	Cerebelum_6_R	0	0	0	0	0	0	0	0	0	0	0	0	0	0	0	0	0	0	0	0	0	0	0	0	0	0	0	0	0	0	0	0	0	0	0	0	0	0	0	0	0	0	0	0	0	0	416	5504	0	0	0	0	0	182	138	10388	0	0	0	0	0	0	0	0	0	0	0	0	0	0	0	0	0	0	0	0	0	0	0	0	0	0	0	0	0	0	0	0	0	0	4902	63444	676	12064	146	7868	4720	36884	6284	0	220	956	0	10092	0	2318	0	1002	0	2652	14194	15268	7798	638	832	1300	
209452	Cerebelum_7b_L	0	0	0	0	0	0	0	0	0	0	0	0	0	0	0	0	0	0	0	0	0	0	0	0	0	0	0	0	0	0	0	0	0	0	0	0	0	0	0	0	0	0	0	0	0	0	0	0	0	0	0	0	0	0	796	0	0	0	0	0	0	0	0	0	0	0	0	0	0	0	0	0	0	0	0	0	0	0	0	0	0	0	0	0	0	0	0	0	372	0	18848	162	26492	3688	0	0	1098	0	4506	220	0	2938	23732	4494	4072	760	302	0	0	0	122	2576	5776	2256	722	794	
90032	Cerebelum_7b_R	0	0	0	0	0	0	0	0	0	0	0	0	0	0	0	0	0	0	0	0	0	0	0	0	0	0	0	0	0	0	0	0	0	0	0	0	0	0	0	0	0	0	0	0	0	0	0	0	0	0	0	0	0	0	0	226	0	0	0	0	0	0	0	0	0	0	0	0	0	0	0	0	0	0	0	0	0	0	0	0	0	0	0	0	0	0	0	0	0	0	2166	2754	3994	11600	0	0	0	560	230	956	2938	0	1228	9998	0	1582	0	0	0	0	0	612	4932	1240	0	0	
192248	Cerebelum_8_L	0	0	0	0	0	0	0	0	0	0	0	0	0	0	0	0	0	0	0	0	0	0	0	0	0	0	0	0	0	0	0	0	0	0	0	0	0	0	0	0	0	0	0	0	0	0	0	0	0	0	0	0	0	0	638	0	0	0	0	0	0	0	0	0	0	0	0	0	0	0	0	0	0	0	0	0	0	0	0	0	0	0	0	0	0	0	0	0	206	0	12022	0	16132	2480	390	0	1364	0	3584	0	23732	1228	0	4758	11982	918	994	0	0	0	0	2524	6590	4254	1472	856	
270516	Cerebelum_8_R	0	0	0	0	0	0	0	0	0	0	0	0	0	0	0	0	0	0	0	0	0	0	0	0	0	0	0	0	0	0	0	0	0	0	0	0	0	0	0	0	0	0	0	0	0	0	0	0	0	0	0	0	0	0	0	630	0	0	0	0	0	0	0	0	0	0	0	0	0	0	0	0	0	0	0	0	0	0	0	0	0	0	0	0	0	0	0	0	0	0	5080	21622	4952	32364	0	908	572	4098	1500	10092	4494	9998	4758	0	132	10576	0	606	0	552	1268	3522	11058	4204	1546	726	
59052	Cerebelum_9_L	0	0	0	0	0	0	0	0	0	0	0	0	0	0	0	0	0	0	0	0	0	0	0	0	0	0	0	0	0	0	0	0	0	0	0	0	0	0	0	0	0	0	0	0	0	0	0	0	0	0	0	0	0	0	0	0	0	0	0	0	0	0	0	0	0	0	0	0	0	0	0	0	0	0	0	0	0	0	0	0	0	0	0	0	0	0	0	0	0	0	488	0	1480	0	318	0	3336	0	1640	0	4072	0	11982	132	0	154	1698	0	0	0	314	792	954	872	552	742	
81960	Cerebelum_9_R	0	0	0	0	0	0	0	0	0	0	0	0	0	0	0	0	0	0	0	0	0	0	0	0	0	0	0	0	0	0	0	0	0	0	0	0	0	0	0	0	0	0	0	0	0	0	0	0	0	0	0	0	0	0	0	0	0	0	0	0	0	0	0	0	0	0	0	0	0	0	0	0	0	0	0	0	0	0	0	0	0	0	0	0	0	0	0	0	0	0	938	2710	670	3704	122	370	512	454	1274	2318	760	1582	918	10576	154	0	0	516	0	222	492	2064	2578	2508	3090	2448	
7260	Cerebelum_10_L	0	0	0	0	0	0	0	0	0	0	0	0	0	0	0	0	0	0	0	0	0	0	0	0	0	0	0	0	0	0	0	0	0	0	0	0	0	0	0	0	0	0	0	0	0	0	0	0	0	0	0	0	0	0	0	0	0	0	0	0	0	0	0	0	0	0	0	0	0	0	0	0	0	0	0	0	0	0	0	0	0	0	0	0	0	0	0	0	0	0	0	0	174	0	0	0	334	0	128	0	302	0	994	0	1698	0	0	0	0	0	0	0	0	0	0	0	
6560	Cerebelum_10_R	0	0	0	0	0	0	0	0	0	0	0	0	0	0	0	0	0	0	0	0	0	0	0	0	0	0	0	0	0	0	0	0	0	0	0	0	0	0	0	0	0	0	0	0	0	0	0	0	0	0	0	0	0	0	0	0	0	0	0	0	0	0	0	0	0	0	0	0	0	0	0	0	0	0	0	0	0	0	0	0	0	0	0	0	0	0	0	0	0	0	0	646	0	368	0	0	0	142	0	1002	0	0	0	606	0	516	0	0	0	0	0	0	0	0	0	0	
6152	Vermis_1_2	0	0	0	0	0	0	0	0	0	0	0	0	0	0	0	0	0	0	0	0	0	0	0	0	0	0	0	0	0	0	0	0	0	0	0	0	0	0	0	0	0	0	0	0	0	0	0	0	0	0	0	0	0	0	0	0	0	0	0	0	0	0	0	0	0	0	0	0	0	0	0	0	0	0	0	0	0	0	0	0	0	0	0	0	0	0	0	0	0	0	0	0	0	0	346	352	0	0	0	0	0	0	0	0	0	0	0	0	0	2378	0	0	0	0	0	0	
34496	Vermis_3	0	0	0	0	0	0	0	0	0	0	0	0	0	0	0	0	0	0	0	0	0	0	0	0	0	0	0	0	0	0	0	0	0	0	0	0	0	0	0	0	0	0	0	0	0	0	0	0	0	0	0	0	0	0	0	0	0	0	0	0	0	0	0	0	0	0	0	0	0	0	0	0	0	0	0	0	0	0	0	0	0	0	0	0	0	0	0	0	0	0	0	2122	0	550	930	2732	616	2514	124	2652	0	0	0	552	0	222	0	0	2378	0	836	206	278	332	204	0	
151452	Vermis_4_5	0	0	0	0	0	0	0	0	0	0	0	0	0	0	0	0	0	0	0	0	0	0	0	0	0	0	0	0	0	0	0	0	0	0	0	210	0	278	0	0	0	0	0	0	0	0	1906	2056	0	0	0	0	0	0	984	744	0	0	0	0	0	0	0	0	0	0	0	304	0	0	0	0	0	0	0	0	0	152	0	0	0	0	0	0	0	0	0	0	0	0	3130	9868	434	1628	410	1932	7882	13422	6250	14194	122	0	0	1268	314	492	0	0	0	836	0	4636	478	282	262	1252	
222548	Vermis_6	0	0	0	0	0	0	0	0	0	0	0	0	0	0	0	0	0	0	0	0	0	0	0	0	0	0	0	0	0	0	0	0	0	0	0	0	0	0	0	0	0	0	0	0	0	0	1100	3148	0	0	0	0	0	178	988	2546	0	0	0	0	0	0	0	0	0	0	0	0	0	0	0	0	0	0	0	0	0	0	0	0	0	0	0	0	0	0	0	0	0	0	11002	12024	2988	3882	186	470	6106	1022	13618	15268	2576	612	2524	3522	792	2064	0	0	0	206	4636	0	11894	1234	1814	4874	
260632	Vermis_7	0	0	0	0	0	0	0	0	0	0	0	0	0	0	0	0	0	0	0	0	0	0	0	0	0	0	0	0	0	0	0	0	0	0	0	0	0	0	0	0	0	0	0	0	0	0	0	150	0	0	0	0	0	0	0	322	0	0	0	0	0	0	0	0	0	0	0	0	0	0	0	0	0	0	0	0	0	0	0	0	0	0	0	0	0	0	0	0	0	0	15556	11834	13198	15402	128	446	3470	524	7086	7798	5776	4932	6590	11058	954	2578	0	0	0	278	478	11894	0	5132	2504	2228	
69880	Vermis_8	0	0	0	0	0	0	0	0	0	0	0	0	0	0	0	0	0	0	0	0	0	0	0	0	0	0	0	0	0	0	0	0	0	0	0	0	0	0	0	0	0	0	0	0	0	0	0	0	0	0	0	0	0	0	0	0	0	0	0	0	0	0	0	0	0	0	0	0	0	0	0	0	0	0	0	0	0	0	0	0	0	0	0	0	0	0	0	0	0	0	1046	482	738	2056	128	462	600	304	1278	638	2256	1240	4254	4204	872	2508	0	0	0	332	282	1234	5132	0	3448	1446	
46100	Vermis_9	0	0	0	0	0	0	0	0	0	0	0	0	0	0	0	0	0	0	0	0	0	0	0	0	0	0	0	0	0	0	0	0	0	0	0	0	0	0	0	0	0	0	0	0	0	0	0	0	0	0	0	0	0	0	0	0	0	0	0	0	0	0	0	0	0	0	0	0	0	0	0	0	0	0	0	0	0	0	0	0	0	0	0	0	0	0	0	0	0	0	828	574	456	464	0	368	240	262	1098	832	722	0	1472	1546	552	3090	0	0	0	204	262	1814	2504	3448	0	2314	
53104	Vermis_10	0	0	0	0	0	0	0	0	0	0	0	0	0	0	0	0	0	0	0	0	0	0	0	0	0	0	0	0	0	0	0	0	0	0	0	0	0	0	0	0	0	0	0	0	0	0	0	0	0	0	0	0	0	0	0	0	0	0	0	0	0	0	0	0	0	0	0	0	0	0	0	0	0	0	0	0	0	0	0	0	0	0	0	0	0	0	0	0	0	0	1472	386	758	244	0	176	1322	164	3050	1300	794	0	856	726	742	2448	0	0	0	0	1252	4874	2228	1446	2314	0	
