data	data	849400	243144	1.14548e+06	1.0271e+06	171388	162628	611916	400148	104104	66224	311796	396112	342096	284420	183108	130928	296364	137000	1.05108e+06	994400	115100	172344	455228	520004	70368	134460	72312	110932	743216	561756	574940	579672	249824	755764	221776	223764	424848	460444	198492	295424	59788	100028	249608	227436	190408	197168	428148	242128	154988	289060	395768	295172	189768	95676	515784	462820	412892	148684	142584	74524	205496	134536	92972	100400	102924	143868	338072	272700	386888	136716	472732	724192	487456	522344	67576	56888	232020	257104	133528	75652	298856	270512	194340	197344	358328	315388	32332	30972	290052	216812	548344	542276	274424	476716	62992	111652	415396	298040	542268	532200	216868	158256	397896	474752	132392	155660	13956	10372	35780	83388	264152	237428	400260	176268	89860	44064	
data	data	Precentral_L	Precentral_R	Frontal_Sup_L	Frontal_Sup_R	Frontal_Sup_Orb_L	Frontal_Sup_Orb_R	Frontal_Mid_L	Frontal_Mid_R	Frontal_Mid_Orb_L	Frontal_Mid_Orb_R	Frontal_Inf_Oper_L	Frontal_Inf_Oper_R	Frontal_Inf_Tri_L	Frontal_Inf_Tri_R	Frontal_Inf_Orb_L	Frontal_Inf_Orb_R	Rolandic_Oper_L	Rolandic_Oper_R	Supp_Motor_Area_L	Supp_Motor_Area_R	Olfactory_L	Olfactory_R	Frontal_Sup_Medial_L	Frontal_Sup_Medial_R	Frontal_Med_Orb_L	Frontal_Med_Orb_R	Rectus_L	Rectus_R	Insula_L	Insula_R	Cingulum_Ant_L	Cingulum_Ant_R	Cingulum_Mid_L	Cingulum_Mid_R	Cingulum_Post_L	Cingulum_Post_R	Hippocampus_L	Hippocampus_R	ParaHippocampal_L	ParaHippocampal_R	Amygdala_L	Amygdala_R	Calcarine_L	Calcarine_R	Cuneus_L	Cuneus_R	Lingual_L	Lingual_R	Occipital_Sup_L	Occipital_Sup_R	Occipital_Mid_L	Occipital_Mid_R	Occipital_Inf_L	Occipital_Inf_R	Fusiform_L	Fusiform_R	Postcentral_L	Postcentral_R	Parietal_Sup_L	Parietal_Sup_R	Parietal_Inf_L	Parietal_Inf_R	SupraMarginal_L	SupraMarginal_R	Angular_L	Angular_R	Precuneus_L	Precuneus_R	Paracentral_Lobule_L	Paracentral_Lobule_R	Caudate_L	Caudate_R	Putamen_L	Putamen_R	Pallidum_L	Pallidum_R	Thalamus_L	Thalamus_R	Heschl_L	Heschl_R	Temporal_Sup_L	Temporal_Sup_R	Temporal_Pole_Sup_L	Temporal_Pole_Sup_R	Temporal_Mid_L	Temporal_Mid_R	Temporal_Pole_Mid_L	Temporal_Pole_Mid_R	Temporal_Inf_L	Temporal_Inf_R	Cerebelum_Crus1_L	Cerebelum_Crus1_R	Cerebelum_Crus2_L	Cerebelum_Crus2_R	Cerebelum_3_L	Cerebelum_3_R	Cerebelum_4_5_L	Cerebelum_4_5_R	Cerebelum_6_L	Cerebelum_6_R	Cerebelum_7b_L	Cerebelum_7b_R	Cerebelum_8_L	Cerebelum_8_R	Cerebelum_9_L	Cerebelum_9_R	Cerebelum_10_L	Cerebelum_10_R	Vermis_1_2	Vermis_3	Vermis_4_5	Vermis_6	Vermis_7	Vermis_8	Vermis_9	Vermis_10	
849400	Precentral_L	0	7648	42600	18052	0	0	27720	3250	0	0	18350	1254	5444	482	0	0	10048	272	36978	29672	0	0	740	324	0	0	0	0	14268	1572	6700	740	1214	5718	5782	3578	8918	3314	1802	508	0	0	0	0	320	0	654	0	0	0	1668	0	264	112	2904	206	36604	630	504	274	1390	740	182	824	418	0	2328	240	29306	3024	12728	6432	14222	858	4136	340	25954	11766	2192	404	2270	392	944	112	810	210	0	0	582	406	150	0	0	0	0	0	0	0	252	0	0	0	0	0	0	0	0	0	0	0	0	0	0	0	0	0	
243144	Precentral_R	7648	0	2774	7510	0	0	1106	19478	0	0	0	15300	0	2006	0	0	0	1546	2878	9958	0	0	0	270	0	0	0	0	444	1760	236	470	158	2030	1678	2666	624	2296	0	326	0	0	142	0	204	0	0	0	0	0	0	0	0	0	0	240	1682	10402	0	98	254	764	0	1468	0	0	634	754	3398	4604	1706	2734	276	1964	0	302	1786	2986	342	122	0	738	0	644	0	0	0	0	0	166	0	0	0	0	0	0	0	0	0	0	0	0	0	0	0	0	0	0	0	0	0	0	0	0	0	0	
1.14548e+06	Frontal_Sup_L	42600	2774	0	16388	5778	0	89462	2744	2254	0	11900	2122	23464	1156	4848	0	10272	122	89320	17882	0	0	53168	15566	916	280	0	0	26964	980	32344	11282	9560	13498	1176	472	5226	564	936	100	0	0	0	0	0	0	0	0	0	0	372	0	122	0	2418	0	6084	106	182	0	2200	116	0	136	154	0	656	0	18768	0	7992	2440	16916	718	2808	210	1600	1162	1620	0	4524	0	3424	96	904	0	0	0	450	0	164	0	0	0	0	0	0	0	278	0	0	0	0	0	0	0	0	0	0	0	0	0	0	0	0	0	
1.0271e+06	Frontal_Sup_R	18052	7510	16388	0	0	8688	5014	45780	0	2530	538	9954	612	11094	0	5194	188	1650	30088	73622	0	1136	17014	54784	134	4958	0	1484	1248	13520	12272	31910	5732	35268	744	1290	1000	4740	472	2404	0	90	0	0	0	0	0	120	0	0	0	0	0	0	0	1238	1702	336	0	0	338	0	0	112	0	0	426	182	4372	0	3666	31486	1094	23598	368	1998	1562	9326	306	0	0	1952	0	2144	0	122	0	0	0	0	0	0	0	0	0	0	0	0	0	0	0	0	0	0	0	0	0	0	0	0	0	0	0	0	0	0	
171388	Frontal_Sup_Orb_L	0	0	5778	0	0	0	2208	0	13772	0	168	0	3590	0	14962	0	90	0	782	0	3992	116	1786	0	3192	0	5040	0	13672	0	2746	0	0	0	0	0	696	0	218	0	1066	0	0	0	0	0	0	0	0	0	0	0	0	0	124	0	0	0	0	0	0	0	0	0	0	0	0	0	0	0	1620	0	7346	0	0	0	0	0	0	0	0	0	2730	0	0	0	0	0	0	0	0	0	0	0	0	0	0	0	0	0	0	0	0	0	0	0	0	0	0	0	0	0	0	0	0	0	
162628	Frontal_Sup_Orb_R	0	0	0	8688	0	0	0	3420	0	8320	0	156	0	616	0	7694	0	0	0	122	1372	6096	0	1922	712	6388	1066	10652	0	3234	1114	3118	0	0	0	0	0	0	0	0	0	0	0	0	0	0	0	0	0	0	0	0	0	0	0	0	0	0	0	0	0	0	0	0	0	0	0	0	0	0	1410	7324	854	6932	0	0	0	0	0	0	0	0	0	104	0	0	0	0	0	0	0	0	0	0	0	0	0	0	0	0	0	0	0	0	0	0	0	0	0	0	0	0	0	0	0	0	
611916	Frontal_Mid_L	27720	1106	89462	5014	2208	0	0	1868	2816	0	12004	1754	31286	790	1948	0	2090	0	21386	5950	0	0	21314	4398	0	0	0	0	11660	836	17754	5168	2356	5868	566	388	1430	462	0	0	0	0	0	0	0	0	0	0	0	0	112	0	0	0	114	0	4848	0	0	0	2868	0	0	0	92	0	200	0	820	0	1856	1254	4474	444	1610	110	3774	742	1060	0	1060	0	582	0	336	0	0	0	0	0	0	0	0	0	0	0	0	0	0	0	0	0	0	0	0	0	0	0	0	0	0	0	0	0	0	0	
400148	Frontal_Mid_R	3250	19478	2744	45780	0	3420	1868	0	0	2562	230	16482	196	20976	0	3798	374	154	5794	11212	0	0	2284	9878	0	0	0	0	950	6344	772	2260	364	6762	136	190	288	1368	90	722	0	0	0	0	0	0	0	0	0	0	0	0	0	0	0	440	1170	994	0	0	496	0	0	0	0	0	0	0	442	0	3112	9212	378	6154	0	794	1380	532	188	0	0	1988	0	2068	0	0	0	0	0	0	0	0	0	0	0	0	0	0	0	0	0	0	0	0	0	0	0	0	0	0	0	0	0	0	0	0	
104104	Frontal_Mid_Orb_L	0	0	2254	0	13772	0	2816	0	0	0	0	0	3086	0	16090	0	0	0	0	0	1068	0	0	0	548	0	1924	0	4754	0	510	0	0	0	0	0	0	0	0	0	0	0	0	0	0	0	0	0	0	0	0	0	0	0	0	0	0	0	0	0	0	0	0	0	0	0	0	0	0	0	574	0	1820	0	0	0	0	0	0	0	0	0	2836	0	0	0	0	0	0	0	0	0	0	0	0	0	0	0	0	0	0	0	0	0	0	0	0	0	0	0	0	0	0	0	0	0	
66224	Frontal_Mid_Orb_R	0	0	0	2530	0	8320	0	2562	0	0	0	0	0	1838	0	9796	0	0	0	0	0	1142	0	0	0	344	0	1772	0	3778	0	0	0	0	0	0	0	0	0	112	0	0	0	0	0	0	0	0	0	0	0	0	0	0	0	0	0	0	0	0	0	0	0	0	0	0	0	0	0	0	0	276	0	642	0	0	0	0	0	0	0	0	0	0	0	0	0	0	0	0	0	0	0	0	0	0	0	0	0	0	0	0	0	0	0	0	0	0	0	0	0	0	0	0	0	0	
311796	Frontal_Inf_Oper_L	18350	0	11900	538	168	0	12004	230	0	0	0	1570	22670	408	522	0	13208	214	9974	476	0	0	1094	506	0	0	0	0	17512	1516	2992	386	180	258	216	148	560	258	0	0	0	0	0	0	0	0	0	0	0	0	472	0	182	0	168	0	8924	0	234	0	694	0	0	0	90	0	256	0	278	0	5326	1758	3138	204	222	0	336	340	560	0	7752	0	5160	96	1560	0	0	0	290	0	0	0	0	0	0	0	0	0	0	0	0	0	0	0	0	0	0	0	0	0	0	0	0	0	0	0	
396112	Frontal_Inf_Oper_R	1254	15300	2122	9954	0	156	1754	16482	0	0	1570	0	1354	21586	0	698	494	6246	6842	16654	0	0	338	1286	0	0	0	0	2198	25722	2434	4614	396	11900	94	98	170	946	0	610	0	0	0	0	0	0	0	0	0	0	0	0	0	0	0	366	476	3014	0	0	336	0	0	0	0	0	0	0	0	0	5960	16236	538	7040	0	234	898	426	154	734	0	3366	0	4712	0	294	0	0	0	0	0	0	0	0	0	0	0	0	0	0	0	0	0	0	0	0	0	0	0	0	0	0	0	0	0	0	
342096	Frontal_Inf_Tri_L	5444	0	23464	612	3590	0	31286	196	3086	0	22670	1354	0	320	9734	0	2120	190	5532	446	0	0	3462	642	0	0	0	0	31720	1264	3888	506	1048	570	104	124	318	206	0	0	0	0	0	0	0	0	0	0	0	0	0	0	0	0	100	0	1496	0	0	0	0	0	0	0	0	0	0	0	0	0	4818	1192	5388	142	0	0	0	234	0	0	1340	0	2304	0	138	0	0	0	0	0	0	0	0	0	0	0	0	0	0	0	0	0	0	0	0	0	0	0	0	0	0	0	0	0	0	0	
284420	Frontal_Inf_Tri_R	482	2006	1156	11094	0	616	790	20976	0	1838	408	21586	320	0	0	5004	116	508	5098	12886	0	0	220	1072	0	0	0	0	730	16738	1286	4798	428	9638	0	0	0	710	0	502	0	0	0	0	0	0	0	0	0	0	0	0	0	0	0	320	372	646	0	0	102	0	0	0	0	0	0	0	0	0	1910	13178	262	3150	0	0	244	190	96	0	0	268	0	466	0	0	0	0	0	0	0	0	0	0	0	0	0	0	0	0	0	0	0	0	0	0	0	0	0	0	0	0	0	0	0	0	
183108	Frontal_Inf_Orb_L	0	0	4848	0	14962	0	1948	0	16090	0	522	0	9734	0	0	0	156	0	128	0	3280	0	248	0	786	0	1640	0	19920	0	1340	0	0	0	0	0	1012	0	468	0	608	0	0	0	0	0	0	0	0	0	0	0	0	0	498	0	0	0	0	0	0	0	0	0	0	0	0	0	0	0	526	0	3338	0	0	0	0	0	0	0	106	0	9396	0	0	0	0	0	0	0	0	0	0	0	0	0	0	0	0	0	0	0	0	0	0	0	0	0	0	0	0	0	0	0	0	0	
130928	Frontal_Inf_Orb_R	0	0	0	5194	0	7694	0	3798	0	9796	0	698	0	5004	0	0	0	0	144	604	0	4148	0	0	0	200	0	2948	0	14426	0	322	0	258	0	0	0	468	0	398	0	464	0	0	0	0	0	0	0	0	0	0	0	0	0	176	0	0	0	0	0	0	0	0	0	0	0	0	0	0	206	2966	0	3012	0	0	0	0	0	0	0	538	0	1036	0	726	0	240	0	0	0	0	0	0	0	0	0	0	0	0	0	0	0	0	0	0	0	0	0	0	0	0	0	0	0	0	
296364	Rolandic_Oper_L	10048	0	10272	188	90	0	2090	374	0	0	13208	494	2120	116	156	0	0	120	9910	150	0	0	238	190	0	0	0	0	25390	548	1390	130	0	0	0	0	956	0	98	0	0	0	124	0	458	0	0	0	1194	0	2254	0	510	0	798	0	12496	0	704	0	1048	0	3434	0	102	0	1072	0	1698	0	2408	636	2796	180	1348	0	198	112	6138	0	16606	0	4468	172	6924	0	0	0	2028	0	0	0	0	0	0	0	0	0	0	0	0	0	0	0	0	0	0	0	0	0	0	0	0	0	0	0	
137000	Rolandic_Oper_R	272	1546	122	1650	0	0	0	154	0	0	214	6246	190	508	0	0	120	0	1240	3468	0	0	0	92	0	0	0	0	364	12522	460	444	106	3260	0	0	150	2710	0	568	0	0	0	0	0	0	0	0	0	254	0	290	0	0	0	376	0	2908	0	104	0	0	0	2160	0	0	0	0	0	0	1306	3840	134	5674	0	980	144	376	0	4302	0	5042	0	3366	0	622	0	0	0	216	0	0	0	0	0	0	0	0	0	0	0	0	0	0	0	0	0	0	0	0	0	0	0	0	0	0	
1.05108e+06	Supp_Motor_Area_L	36978	2878	89320	30088	782	0	21386	5794	0	0	9974	6842	5532	5098	128	144	9910	1240	0	53868	0	0	14288	13648	0	92	0	0	18866	3870	16034	16954	14582	42882	1952	416	5814	1232	1114	554	0	0	0	0	0	0	0	0	0	0	282	0	120	0	3406	264	5208	160	112	0	1242	0	0	0	0	0	1358	108	22732	602	11702	6404	21150	3746	1366	206	574	578	934	0	4444	624	3198	784	876	0	0	0	608	0	186	0	0	0	0	0	0	0	306	0	0	0	0	0	0	0	0	0	0	0	0	0	0	0	0	0	
994400	Supp_Motor_Area_R	29672	9958	17882	73622	0	122	5950	11212	0	0	476	16654	446	12886	0	604	150	3468	53868	0	0	978	3614	13934	0	120	0	0	1098	13948	5726	16210	7730	59762	2152	4468	1166	4594	552	2114	0	0	122	360	232	500	154	172	124	368	102	524	0	0	0	1024	3364	2212	0	0	932	0	0	0	0	0	1402	2280	18784	15294	4676	29424	1204	13984	446	1284	2034	12738	362	236	0	3220	0	3724	0	316	0	0	0	466	0	0	0	0	0	0	0	0	0	0	0	0	0	0	0	0	0	0	0	0	0	0	0	0	0	0	
115100	Olfactory_L	0	0	0	0	3992	1372	0	0	1068	0	0	0	0	0	3280	0	0	0	0	0	0	5584	0	0	1388	872	3212	1662	4328	0	4344	1562	0	0	0	0	314	0	1254	0	1056	0	0	0	0	0	0	0	0	0	0	0	0	0	252	0	0	0	0	0	0	0	0	0	0	0	0	0	0	0	9012	4224	6048	2226	0	0	0	0	0	0	0	0	500	0	0	0	0	0	0	0	0	0	0	0	0	0	0	0	0	0	0	0	0	0	0	0	0	0	0	0	0	0	0	0	0	0	
172344	Olfactory_R	0	0	0	1136	116	6096	0	0	0	1142	0	0	0	0	0	4148	0	0	0	978	5584	0	0	270	258	5728	1632	9054	0	4456	3130	5170	0	0	0	0	0	604	0	414	100	1178	0	0	0	0	0	0	0	0	0	0	0	0	0	142	0	0	0	0	0	0	0	0	0	0	0	0	0	0	8408	12662	6234	3216	1036	1074	0	1152	0	0	0	320	0	414	0	320	0	0	0	0	0	0	0	0	0	0	0	0	0	0	0	0	0	0	0	0	0	0	0	0	0	0	0	0	0	0	
455228	Frontal_Sup_Medial_L	740	0	53168	17014	1786	0	21314	2284	0	0	1094	338	3462	220	248	0	238	0	14288	3614	0	0	0	30846	2004	656	152	0	3878	232	29228	12812	7414	12698	0	0	0	0	0	0	0	0	0	0	0	0	0	0	0	0	0	0	0	0	0	0	198	0	0	0	126	0	0	0	0	0	0	0	0	0	2366	370	4574	252	0	0	0	0	0	0	0	0	0	0	0	0	0	0	0	0	0	0	0	0	0	0	0	0	0	0	0	0	0	0	0	0	0	0	0	0	0	0	0	0	0	0	
520004	Frontal_Sup_Medial_R	324	270	15566	54784	0	1922	4398	9878	0	0	506	1286	642	1072	0	0	190	92	13648	13934	0	270	30846	0	1194	7740	0	926	864	840	12286	32812	3690	17568	0	0	0	704	0	488	0	0	0	0	0	0	0	0	0	0	0	0	0	0	0	288	128	0	0	0	0	0	0	0	0	0	0	0	0	0	1186	15542	272	12316	0	356	332	626	0	0	0	110	0	106	0	0	0	0	0	0	0	0	0	0	0	0	0	0	0	0	0	0	0	0	0	0	0	0	0	0	0	0	0	0	0	0	
70368	Frontal_Med_Orb_L	0	0	916	134	3192	712	0	0	548	0	0	0	0	0	786	0	0	0	0	0	1388	258	2004	1194	0	3612	3182	602	892	0	8900	1862	0	0	0	0	0	0	0	0	0	0	0	0	0	0	0	0	0	0	0	0	0	0	0	0	0	0	0	0	0	0	0	0	0	0	0	0	0	0	1384	488	2776	230	0	0	0	0	0	0	0	0	124	0	0	0	0	0	0	0	0	0	0	0	0	0	0	0	0	0	0	0	0	0	0	0	0	0	0	0	0	0	0	0	0	0	
134460	Frontal_Med_Orb_R	0	0	280	4958	0	6388	0	0	0	344	0	0	0	0	0	200	0	0	92	120	872	5728	656	7740	3612	0	1356	6714	0	0	3776	10360	0	126	0	0	0	0	0	0	0	0	0	0	0	0	0	0	0	0	0	0	0	0	0	0	0	0	0	0	0	0	0	0	0	0	0	0	0	0	406	7888	308	5306	0	0	0	0	0	0	0	0	0	0	0	0	0	0	0	0	0	0	0	0	0	0	0	0	0	0	0	0	0	0	0	0	0	0	0	0	0	0	0	0	0	0	
72312	Rectus_L	0	0	0	0	5040	1066	0	0	1924	0	0	0	0	0	1640	0	0	0	0	0	3212	1632	152	0	3182	1356	0	1652	476	0	3538	962	0	0	0	0	0	0	0	0	132	0	0	0	0	0	0	0	0	0	0	0	0	0	0	0	0	0	0	0	0	0	0	0	0	0	0	0	0	0	4560	1100	4032	500	0	0	0	0	0	0	0	0	0	0	0	0	0	0	0	0	0	0	0	0	0	0	0	0	0	0	0	0	0	0	0	0	0	0	0	0	0	0	0	0	0	0	
110932	Rectus_R	0	0	0	1484	0	10652	0	0	0	1772	0	0	0	0	0	2948	0	0	0	0	1662	9054	0	926	602	6714	1652	0	0	1294	1126	2768	0	0	0	0	0	0	0	0	0	0	0	0	0	0	0	0	0	0	0	0	0	0	0	0	0	0	0	0	0	0	0	0	0	0	0	0	0	0	1510	6472	882	3422	0	0	0	0	0	0	0	174	0	178	0	174	0	0	0	0	0	0	0	0	0	0	0	0	0	0	0	0	0	0	0	0	0	0	0	0	0	0	0	0	0	0	
743216	Insula_L	14268	444	26964	1248	13672	0	11660	950	4754	0	17512	2198	31720	730	19920	0	25390	364	18866	1098	4328	0	3878	864	892	0	476	0	0	2524	8960	652	616	564	1718	1398	20382	1606	3406	254	3750	0	180	0	194	0	184	0	0	0	1004	0	806	0	12220	0	6332	0	212	0	348	0	330	0	0	0	918	0	3050	0	7360	2622	25246	482	272	0	3444	1832	11440	210	13132	224	13462	298	8282	0	510	0	8342	0	222	0	0	0	0	0	0	0	424	0	0	0	0	0	0	0	0	0	0	0	0	0	0	0	0	0	
561756	Insula_R	1572	1760	980	13520	0	3234	836	6344	0	3778	1516	25722	1264	16738	0	14426	548	12522	3870	13948	0	4456	232	840	0	0	0	1294	2524	0	1956	3292	278	6284	1040	1562	1324	14460	352	5106	0	3612	0	0	0	0	110	122	0	132	0	118	0	0	0	5894	442	1088	0	0	324	0	0	240	0	0	0	226	0	0	6004	21100	668	26466	90	276	1324	3562	562	2978	0	15808	0	13958	0	4780	0	0	0	3286	0	0	0	0	0	0	0	0	0	130	0	0	0	0	0	0	0	0	0	0	0	0	0	0	0	0	
574940	Cingulum_Ant_L	6700	236	32344	12272	2746	1114	17754	772	510	0	2992	2434	3888	1286	1340	0	1390	460	16034	5726	4344	3130	29228	12286	8900	3776	3538	1126	8960	1956	0	32022	10744	14816	274	0	456	0	0	0	116	0	0	0	0	0	0	0	0	0	0	0	0	0	314	0	1274	0	0	0	574	0	0	0	0	0	0	0	0	0	12888	5550	16070	3218	108	218	92	0	270	0	440	0	536	150	0	0	0	0	98	0	0	0	0	0	0	0	0	0	0	0	0	0	0	0	0	0	0	0	0	0	0	0	0	0	0	0	
579672	Cingulum_Ant_R	740	470	11282	31910	0	3118	5168	2260	0	0	386	4614	506	4798	0	322	130	444	16954	16210	1562	5170	12812	32812	1862	10360	962	2768	652	3292	32022	0	10628	34430	112	0	0	558	0	408	0	0	0	0	0	0	0	0	0	0	0	0	0	0	0	230	156	0	0	0	0	0	0	0	0	0	0	0	0	0	3152	19708	1688	13382	0	476	276	540	0	0	0	224	0	282	0	0	0	0	0	0	0	0	0	0	0	0	0	0	0	0	0	0	0	0	0	0	0	0	0	0	0	0	0	0	0	0	
249824	Cingulum_Mid_L	1214	158	9560	5732	0	0	2356	364	0	0	180	396	1048	428	0	0	0	106	14582	7730	0	0	7414	3690	0	0	0	0	616	278	10744	10628	0	24570	2830	744	0	0	0	0	0	0	404	126	320	402	0	0	686	400	418	514	0	0	0	0	316	0	322	0	0	0	0	0	0	0	5292	1738	6096	1340	90	550	0	390	0	0	0	0	0	0	0	0	0	0	0	140	0	0	0	0	0	0	0	0	0	0	0	0	0	0	0	0	0	0	0	0	0	0	0	0	0	0	0	0	0	0	
755764	Cingulum_Mid_R	5718	2030	13498	35268	0	0	5868	6762	0	0	258	11900	570	9638	0	258	0	3260	42882	59762	0	0	12698	17568	0	126	0	0	564	6284	14816	34430	24570	0	2012	5742	174	2030	124	1064	0	0	0	1020	0	2028	0	180	0	2024	0	2672	0	114	0	428	1348	1980	0	166	0	0	0	0	0	120	2076	7828	8166	9400	1148	6556	296	5748	0	264	168	284	0	228	0	1166	0	1418	0	1066	0	0	0	116	0	0	0	0	0	0	0	0	0	0	0	0	0	0	0	0	0	0	0	0	0	0	0	0	0	0	
221776	Cingulum_Post_L	5782	1678	1176	744	0	0	566	136	0	0	216	94	104	0	0	0	0	0	1952	2152	0	0	0	0	0	0	0	0	1718	1040	274	112	2830	2012	0	13322	7702	4600	4140	716	0	0	2298	0	2268	366	3114	0	310	496	710	524	492	0	1110	246	4380	2510	190	0	1634	0	496	190	0	0	12896	942	7010	2068	380	112	268	0	0	0	3024	4722	2154	546	400	218	0	0	522	542	0	0	414	270	0	0	0	0	0	0	0	0	0	0	0	0	0	0	0	0	0	0	0	0	0	0	0	0	0	0	
223764	Cingulum_Post_R	3578	2666	472	1290	0	0	388	190	0	0	148	98	124	0	0	0	0	0	416	4468	0	0	0	0	0	0	0	0	1398	1562	0	0	744	5742	13322	0	4580	9866	1362	2812	0	0	162	2354	246	2170	1234	2456	0	948	0	1316	0	266	140	1026	404	4968	0	0	0	172	0	812	0	316	2422	14124	1292	3554	432	100	300	0	0	0	3078	5292	1848	826	216	420	0	0	0	1186	0	0	0	2024	0	0	0	0	0	0	0	0	0	0	0	0	0	0	0	0	0	0	0	0	552	0	0	0	0	0	
424848	Hippocampus_L	8918	624	5226	1000	696	0	1430	288	0	0	560	170	318	0	1012	0	956	150	5814	1166	314	0	0	0	0	0	0	0	20382	1324	456	0	0	174	7702	4580	0	5852	23844	1160	9220	166	2850	0	862	0	9906	252	106	0	554	0	986	0	27862	354	1024	178	0	0	0	0	0	118	0	0	4710	132	3094	0	490	314	9984	1114	302	0	7322	5462	4374	568	4828	236	3224	0	1976	0	512	0	9260	0	692	0	0	0	0	0	1370	0	1720	0	0	0	412	392	420	180	0	0	0	0	0	0	414	368	0	0	
460444	Hippocampus_R	3314	2296	564	4740	0	0	462	1368	0	0	258	946	206	710	0	468	0	2710	1232	4594	0	604	0	704	0	0	0	0	1606	14460	0	558	0	2030	4600	9866	5852	0	2440	36328	0	13256	0	2546	0	130	1698	5520	0	164	0	216	0	912	322	30466	382	596	0	0	90	166	0	328	0	168	186	5904	120	310	1036	3224	592	16586	0	672	3926	8608	2010	3626	298	4894	0	1928	0	2444	0	170	0	7374	0	352	0	252	0	0	180	2102	0	942	0	0	360	758	208	132	0	0	0	0	574	0	432	146	0	0	
198492	ParaHippocampal_L	1802	0	936	472	218	0	0	90	0	0	0	0	0	0	468	0	98	0	1114	552	1254	0	0	0	0	0	0	0	3406	352	0	0	0	124	4140	1362	23844	2440	0	762	4212	110	2740	0	736	0	10056	440	114	0	430	0	618	0	11920	228	480	0	0	0	0	0	0	0	0	0	3894	0	622	0	150	116	2430	880	0	0	3620	1998	98	120	214	0	1162	0	224	0	322	0	878	0	338	0	0	0	132	0	2308	0	1056	0	0	0	584	532	618	248	0	0	0	130	0	0	564	490	0	0	
295424	ParaHippocampal_R	508	326	100	2404	0	0	0	722	0	112	0	610	0	502	0	398	0	568	554	2114	0	414	0	488	0	0	0	0	254	5106	0	408	0	1064	716	2812	1160	36328	762	0	0	9610	0	1674	0	110	574	5038	0	0	0	134	0	426	148	27442	116	128	0	0	0	148	0	98	0	152	0	3066	0	254	322	2124	112	9290	0	292	1144	2540	334	1566	104	2246	0	3006	0	1620	0	790	0	3636	0	1108	0	634	0	376	186	3718	0	2172	0	0	366	1202	216	166	0	0	0	0	296	0	442	156	0	0	
59788	Amygdala_L	0	0	0	0	1066	0	0	0	0	0	0	0	0	0	608	0	0	0	0	0	1056	100	0	0	0	0	132	0	3750	0	116	0	0	0	0	0	9220	0	4212	0	0	0	0	0	0	0	0	0	0	0	0	0	0	0	5180	0	0	0	0	0	0	0	0	0	0	0	0	0	0	0	208	0	1494	0	0	0	0	0	0	0	0	0	1528	0	0	0	0	0	1224	0	0	0	0	0	0	0	0	0	0	0	0	0	0	0	0	0	0	0	0	0	0	0	0	0	0	0	
100028	Amygdala_R	0	0	0	90	0	0	0	0	0	0	0	0	0	0	0	464	0	0	0	0	0	1178	0	0	0	0	0	0	0	3612	0	0	0	0	0	0	166	13256	110	9610	0	0	0	0	0	0	0	0	0	0	0	0	0	0	0	10604	0	0	0	0	0	0	0	0	0	0	0	0	0	0	0	114	0	2332	0	0	0	94	0	0	0	822	0	4270	0	830	0	436	0	2026	0	0	0	0	0	0	0	0	0	0	0	0	0	0	0	0	0	0	0	0	0	0	0	0	0	0	
249608	Calcarine_L	0	142	0	0	0	0	0	0	0	0	0	0	0	0	0	0	124	0	0	122	0	0	0	0	0	0	0	0	180	0	0	0	404	0	2298	162	2850	0	2740	0	0	0	0	5138	16098	4186	11826	818	9166	2912	20314	176	8148	0	5680	100	1626	0	2084	0	582	0	0	0	344	0	13730	554	938	122	0	0	0	0	0	0	0	0	0	0	160	0	0	0	3332	0	0	0	4022	0	496	240	0	94	0	0	612	336	638	346	0	0	0	0	0	0	0	0	0	0	690	130	144	0	0	0	
227436	Calcarine_R	0	0	0	0	0	0	0	0	0	0	0	0	0	0	0	0	0	0	0	360	0	0	0	0	0	0	0	0	0	0	0	0	126	1020	0	2354	0	2546	0	1674	0	0	5138	0	3968	18198	2066	12300	0	16268	0	11566	0	4544	0	4346	0	0	0	0	0	0	0	0	0	0	0	15906	130	216	0	0	0	0	0	0	0	0	0	114	0	200	0	0	0	5418	0	0	0	4734	0	0	0	0	0	0	0	130	0	0	0	0	0	0	0	0	0	0	0	0	288	108	0	0	0	0	
190408	Cuneus_L	320	204	0	0	0	0	0	0	0	0	0	0	0	0	0	0	458	0	0	232	0	0	0	0	0	0	0	0	194	0	0	0	320	0	2268	246	862	0	736	0	0	0	16098	3968	0	4042	2452	614	15354	1418	8972	0	2532	0	2154	0	3698	0	2780	0	2266	0	0	0	0	0	15552	1530	2014	254	0	0	0	0	0	0	0	0	0	0	132	0	0	0	1546	0	0	0	1784	0	0	0	0	0	0	0	0	0	0	0	0	0	0	0	0	0	0	0	0	0	204	0	0	0	0	0	
197168	Cuneus_R	0	0	0	0	0	0	0	0	0	0	0	0	0	0	0	0	0	0	0	500	0	0	0	0	0	0	0	0	0	0	0	0	402	2028	366	2170	0	130	0	110	0	0	4186	18198	4042	0	1464	4004	0	22878	0	10998	0	392	0	524	0	184	0	2178	0	200	0	150	0	540	1500	14960	240	352	0	0	0	0	0	0	0	0	0	0	0	292	0	0	0	5058	0	0	0	324	0	0	0	0	0	0	0	0	0	0	0	0	0	0	0	0	0	0	0	0	214	0	0	0	0	0	
428148	Lingual_L	654	0	0	0	0	0	0	0	0	0	0	0	0	0	0	0	0	0	0	154	0	0	0	0	0	0	0	0	184	110	0	0	0	0	3114	1234	9906	1698	10056	574	0	0	11826	2066	2452	1464	0	3988	1180	1198	11102	160	8052	0	24368	928	348	0	104	0	0	0	0	0	0	0	5528	98	112	0	0	0	122	0	0	0	3232	1772	0	0	182	0	0	0	954	0	0	0	842	0	24756	1504	1114	620	546	146	23136	1160	28600	3960	502	0	824	282	0	158	0	0	0	346	6254	7672	1996	134	146	456	
242128	Lingual_R	0	0	0	120	0	0	0	0	0	0	0	0	0	0	0	0	0	0	0	172	0	0	0	0	0	0	0	0	0	122	0	0	0	180	0	2456	252	5520	440	5038	0	0	818	12300	614	4004	3988	0	0	6632	0	3652	0	2264	1246	10380	0	0	0	0	0	0	0	0	0	0	218	7032	0	0	0	0	0	168	0	0	0	604	0	0	0	0	0	0	0	438	0	0	0	634	4478	6080	240	1654	218	222	2026	3028	6806	12034	102	0	156	108	0	0	0	0	0	126	4224	9036	1234	0	0	0	
154988	Occipital_Sup_L	0	0	0	0	0	0	0	0	0	0	0	0	0	0	0	0	1194	0	0	124	0	0	0	0	0	0	0	0	0	0	0	0	686	0	310	0	106	0	114	0	0	0	9166	0	15354	0	1180	0	0	0	18672	0	516	0	0	0	3128	0	7332	0	2840	0	0	0	942	0	12284	0	1716	140	0	0	0	0	0	0	0	0	94	0	412	0	0	0	978	0	0	0	206	0	0	0	0	0	0	0	0	0	0	0	0	0	0	0	0	0	0	0	0	0	0	0	0	0	0	0	
289060	Occipital_Sup_R	0	0	0	0	0	0	0	0	0	0	0	0	0	0	0	0	0	254	0	368	0	0	0	0	0	0	0	0	0	132	0	0	400	2024	496	948	0	164	0	0	0	0	2912	16268	1418	22878	1198	6632	0	0	0	36642	0	2558	0	2444	0	1766	0	6968	0	2646	0	1608	0	7774	594	9780	294	706	0	0	0	0	0	0	0	0	0	330	0	2210	0	0	0	10532	0	0	0	1586	0	0	0	0	0	0	0	0	0	0	0	0	0	0	0	0	0	0	0	0	0	0	0	0	0	0	
395768	Occipital_Mid_L	1668	0	372	0	0	0	112	0	0	0	472	0	0	0	0	0	2254	0	282	102	0	0	0	0	0	0	0	0	1004	0	0	0	418	0	710	0	554	0	430	0	0	0	20314	0	8972	0	11102	0	18672	0	0	0	22994	0	7674	0	7180	0	14082	0	10858	0	1642	0	15672	0	12698	0	1970	0	104	146	0	0	0	0	0	0	398	0	1474	0	0	0	24666	0	0	0	7830	0	406	0	0	0	0	0	200	0	452	0	0	0	0	0	0	0	0	0	0	0	0	0	0	0	0	0	
295172	Occipital_Mid_R	0	0	0	0	0	0	0	0	0	0	0	0	0	0	0	0	0	290	0	524	0	0	0	0	0	0	0	0	0	118	0	0	514	2672	524	1316	0	216	0	134	0	0	176	11566	0	10998	160	3652	0	36642	0	0	0	7566	0	3740	0	1904	0	5398	0	3884	0	2196	0	11328	544	9922	436	632	0	0	0	0	0	0	0	0	0	328	0	2846	0	0	0	24714	0	0	0	2646	0	0	0	0	0	0	0	0	0	0	0	0	0	0	0	0	0	0	0	0	0	0	0	0	0	0	
189768	Occipital_Inf_L	264	0	122	0	0	0	0	0	0	0	182	0	0	0	0	0	510	0	120	0	0	0	0	0	0	0	0	0	806	0	0	0	0	0	492	0	986	0	618	0	0	0	8148	0	2532	0	8052	0	516	0	22994	0	0	0	15692	0	438	0	0	0	342	0	488	0	130	0	3862	0	260	0	0	106	0	0	0	0	0	0	500	0	516	0	0	0	10654	0	0	0	13032	0	1342	0	0	0	0	0	334	0	846	0	0	0	0	0	0	0	0	0	0	0	0	0	0	0	0	0	
95676	Occipital_Inf_R	112	0	0	0	0	0	0	0	0	0	0	0	0	0	0	0	0	0	0	0	0	0	0	0	0	0	0	0	0	0	0	0	0	114	0	266	0	912	0	426	0	0	0	4544	0	392	0	2264	0	2558	0	7566	0	0	0	9576	0	0	0	0	0	0	0	0	0	0	0	1680	0	102	0	0	0	0	0	0	0	0	0	488	0	1106	0	0	0	5006	0	0	0	7846	158	432	0	0	0	0	0	0	494	926	0	0	0	0	0	0	0	0	0	0	302	568	0	0	0	0	
515784	Fusiform_L	2904	0	2418	0	124	0	114	0	0	0	168	0	100	0	498	0	798	0	3406	0	252	0	0	0	0	0	0	0	12220	0	314	0	0	0	1110	140	27862	322	11920	148	5180	0	5680	0	2154	0	24368	1246	0	0	7674	0	15692	0	0	380	382	0	0	0	126	0	272	0	0	0	5326	0	1804	0	0	0	3978	0	0	0	644	392	980	0	4186	0	2900	0	4846	0	1870	0	17078	0	23240	304	536	260	258	152	16312	190	29700	1394	428	0	1542	1150	1300	582	0	0	0	0	1092	4090	2082	1056	248	0	
462820	Fusiform_R	206	240	0	1238	0	0	0	440	0	0	0	366	0	320	0	176	0	376	264	1024	0	142	0	288	0	0	0	0	0	5894	0	230	0	428	246	1026	354	30466	228	27442	0	10604	100	4346	0	524	928	10380	0	2444	0	3740	0	9576	380	0	0	114	0	0	0	146	0	146	0	142	0	2678	0	242	136	1122	0	5990	0	206	126	534	0	1268	0	3602	0	8218	0	2468	0	1996	0	15486	1414	15892	150	3698	172	814	1212	11002	2812	20710	104	252	750	3768	330	206	0	0	0	96	3666	2908	2076	248	94	0	
412892	Postcentral_L	36604	1682	6084	1702	0	0	4848	1170	0	0	8924	476	1496	372	0	0	12496	0	5208	3364	0	0	198	128	0	0	0	0	6332	442	1274	156	316	1348	4380	404	1024	382	480	116	0	0	1626	0	3698	0	348	0	3128	0	7180	0	438	0	382	0	0	812	9450	98	19424	262	7840	246	1972	0	11832	0	12626	1910	3704	2134	1834	390	858	0	2760	1018	1884	0	4706	0	378	0	1596	0	0	0	506	0	0	0	0	0	0	0	0	0	0	0	0	0	0	0	0	0	0	0	0	0	0	0	0	0	0	0	
148684	Postcentral_R	630	10402	106	336	0	0	0	994	0	0	0	3014	0	646	0	0	0	2908	160	2212	0	0	0	0	0	0	0	0	0	1088	0	0	0	1980	2510	4968	178	596	0	128	0	0	0	0	0	184	0	0	0	1766	0	1904	0	0	0	114	812	0	0	3920	132	6234	0	11346	0	944	270	3258	1184	5904	0	108	0	304	0	0	246	324	0	434	0	460	0	0	0	794	0	0	0	844	0	0	0	0	0	0	0	0	0	0	0	0	0	0	0	0	0	0	0	0	0	0	0	0	0	0	
142584	Parietal_Sup_L	504	0	182	0	0	0	0	0	0	0	234	0	0	0	0	0	704	0	112	0	0	0	0	0	0	0	0	0	212	0	0	0	322	0	190	0	0	0	0	0	0	0	2084	0	2780	0	104	0	7332	0	14082	0	0	0	0	0	9450	0	0	0	11788	0	398	0	5236	0	13452	0	1458	0	0	0	0	0	0	0	0	0	0	0	346	0	0	0	322	0	0	0	0	0	0	0	0	0	0	0	0	0	0	0	0	0	0	0	0	0	0	0	0	0	0	0	0	0	0	0	
74524	Parietal_Sup_R	274	98	0	0	0	0	0	0	0	0	0	0	0	0	0	0	0	104	0	0	0	0	0	0	0	0	0	0	0	0	0	0	0	166	0	0	0	0	0	0	0	0	0	0	0	2178	0	0	0	6968	0	5398	0	0	0	0	98	3920	0	0	0	4080	0	2268	0	3904	180	5322	0	562	0	0	0	0	0	0	0	0	0	0	0	380	0	0	0	1196	0	0	0	166	0	0	0	0	0	0	0	0	0	0	0	0	0	0	0	0	0	0	0	0	0	0	0	0	0	0	
205496	Parietal_Inf_L	1390	254	2200	338	0	0	2868	496	0	0	694	336	0	102	0	0	1048	0	1242	932	0	0	126	0	0	0	0	0	348	324	574	0	0	0	1634	0	0	90	0	0	0	0	582	0	2266	0	0	0	2840	0	10858	0	342	0	126	0	19424	132	11788	0	0	0	13194	0	13104	0	6154	0	1076	322	1230	830	156	234	100	0	0	160	0	0	1130	0	0	0	1324	0	0	0	380	0	0	0	0	0	0	0	0	0	0	0	0	0	0	0	0	0	0	0	0	0	0	0	0	0	0	0	
134536	Parietal_Inf_R	740	764	116	0	0	0	0	0	0	0	0	0	0	0	0	0	0	0	0	0	0	0	0	0	0	0	0	0	0	0	0	0	0	0	0	172	0	166	0	148	0	0	0	0	0	200	0	0	0	2646	0	3884	0	0	0	146	262	6234	0	4080	0	0	0	11894	0	18264	0	234	254	92	0	0	0	0	0	0	0	0	0	370	0	4448	0	0	0	10084	0	0	0	2070	0	0	0	0	0	0	0	0	0	0	0	0	0	0	0	0	0	0	0	0	0	0	0	0	0	0	
92972	SupraMarginal_L	182	0	0	0	0	0	0	0	0	0	0	0	0	0	0	0	3434	0	0	0	0	0	0	0	0	0	0	0	330	0	0	0	0	0	496	0	0	0	0	0	0	0	0	0	0	0	0	0	0	0	1642	0	488	0	272	0	7840	0	398	0	13194	0	0	0	3620	0	844	0	344	0	0	0	0	0	0	0	0	0	166	0	7300	0	0	0	5286	0	0	0	650	0	0	0	0	0	0	0	0	0	0	0	0	0	0	0	0	0	0	0	0	0	0	0	0	0	0	0	
100400	SupraMarginal_R	824	1468	136	112	0	0	0	0	0	0	0	0	0	0	0	0	0	2160	0	0	0	0	0	0	0	0	0	0	0	240	0	0	0	0	190	812	118	328	0	98	0	0	0	0	0	150	0	0	0	1608	0	2196	0	0	0	146	246	11346	0	2268	0	11894	0	0	0	5790	0	668	214	0	0	0	0	90	0	0	164	168	0	694	0	4204	0	0	0	1514	0	0	0	354	0	0	0	0	0	0	0	0	0	0	0	0	0	0	0	0	0	0	0	0	0	0	0	0	0	0	
102924	Angular_L	418	0	154	0	0	0	92	0	0	0	90	0	0	0	0	0	102	0	0	0	0	0	0	0	0	0	0	0	0	0	0	0	0	0	0	0	0	0	0	0	0	0	344	0	0	0	0	0	942	0	15672	0	130	0	0	0	1972	0	5236	0	13104	0	3620	0	0	0	1108	0	250	0	0	0	0	0	0	0	0	0	0	0	834	0	0	0	7394	0	0	0	0	0	0	0	0	0	0	0	0	0	0	0	0	0	0	0	0	0	0	0	0	0	0	0	0	0	0	0	
143868	Angular_R	0	0	0	0	0	0	0	0	0	0	0	0	0	0	0	0	0	0	0	0	0	0	0	0	0	0	0	0	0	0	0	0	0	120	0	316	0	168	0	152	0	0	0	0	0	540	0	0	0	7774	0	11328	0	0	0	142	0	944	0	3904	0	18264	0	5790	0	0	0	522	0	126	0	0	0	0	0	0	0	0	0	522	0	6726	0	0	0	12486	0	0	0	2110	0	0	0	0	0	0	0	0	0	0	0	0	0	0	0	0	0	0	0	0	0	0	0	0	0	0	
338072	Precuneus_L	2328	634	656	426	0	0	200	0	0	0	256	0	0	0	0	0	1072	0	1358	1402	0	0	0	0	0	0	0	0	918	0	0	0	5292	2076	12896	2422	4710	186	3894	0	0	0	13730	0	15552	1500	5528	218	12284	594	12698	544	3862	0	5326	0	11832	270	13452	180	6154	0	844	0	1108	0	0	4860	8060	896	0	102	0	0	0	0	116	116	840	0	784	0	0	0	2768	180	0	0	2510	0	400	0	0	0	0	0	238	0	764	0	0	0	0	0	0	0	0	0	0	0	0	0	0	0	0	0	
272700	Precuneus_R	240	754	0	182	0	0	0	0	0	0	0	0	0	0	0	0	0	0	108	2280	0	0	0	0	0	0	0	0	0	226	0	0	1738	7828	942	14124	132	5904	0	3066	0	0	554	15906	1530	14960	98	7032	0	9780	0	9922	0	1680	0	2678	0	3258	0	5322	0	234	0	668	0	522	4860	0	1554	4084	0	0	0	0	0	0	0	118	0	228	0	608	0	0	0	6008	0	0	0	6260	0	0	0	0	0	0	0	152	0	0	0	0	0	0	0	0	0	0	0	0	810	0	0	0	0	0	
386888	Paracentral_Lobule_L	29306	3398	18768	4372	0	0	820	442	0	0	278	0	0	0	0	0	1698	0	22732	18784	0	0	0	0	0	0	0	0	3050	0	0	0	6096	8166	7010	1292	3094	120	622	0	0	0	938	130	2014	240	112	0	1716	294	1970	436	260	0	1804	0	12626	1184	1458	0	1076	254	344	214	250	0	8060	1554	0	9632	3626	690	6944	0	842	0	1550	462	246	0	306	0	174	0	1018	188	0	0	420	0	134	0	0	0	0	0	0	0	230	0	0	0	0	0	0	0	0	0	0	0	0	0	0	0	0	0	
136716	Paracentral_Lobule_R	3024	4604	0	0	0	0	0	0	0	0	0	0	0	0	0	0	0	0	602	15294	0	0	0	0	0	0	0	0	0	0	0	0	1340	9400	2068	3554	0	310	0	254	0	0	122	216	254	352	0	0	140	706	0	632	0	102	0	242	1910	5904	0	562	322	92	0	0	0	126	896	4084	9632	0	0	194	0	0	0	0	0	152	0	0	0	104	0	0	0	300	0	0	0	864	0	0	0	0	0	0	0	0	0	0	0	0	0	0	0	0	0	0	0	0	0	0	0	0	0	0	
472732	Caudate_L	12728	1706	7992	3666	1620	1410	1856	3112	574	0	5326	5960	4818	1910	526	206	2408	1306	11702	4676	9012	8408	2366	1186	1384	406	4560	1510	7360	6004	12888	3152	90	1148	380	432	490	1036	150	322	208	0	0	0	0	0	0	0	0	0	104	0	0	0	0	136	3704	0	0	0	1230	0	0	0	0	0	0	0	3626	0	0	28586	31106	7844	5428	4046	9144	3176	312	168	402	434	214	712	0	0	0	0	0	0	0	0	0	0	0	0	0	0	0	0	0	0	0	0	0	0	0	0	0	0	0	0	0	0	0	0	
724192	Caudate_R	6432	2734	2440	31486	0	7324	1254	9212	0	276	1758	16236	1192	13178	0	2966	636	3840	6404	29424	4224	12662	370	15542	488	7888	1100	6472	2622	21100	5550	19708	550	6556	112	100	314	3224	116	2124	0	114	0	0	0	0	0	0	0	0	146	0	106	0	0	1122	2134	108	0	0	830	0	0	0	0	0	102	0	690	194	28586	0	10604	39580	1904	5622	4010	13490	202	804	100	1454	0	2036	266	120	0	0	158	0	0	0	0	0	0	0	0	0	0	0	0	0	0	0	0	0	0	0	0	0	0	0	0	0	0	0	
487456	Putamen_L	14222	276	16916	1094	7346	854	4474	378	1820	0	3138	538	5388	262	3338	0	2796	134	21150	1204	6048	6234	4574	272	2776	308	4032	882	25246	668	16070	1688	0	296	268	300	9984	592	2430	112	1494	0	0	0	0	0	122	0	0	0	0	0	0	0	3978	0	1834	0	0	0	156	0	0	0	0	0	0	0	6944	0	31106	10604	0	3740	7256	1970	1966	1058	256	0	788	0	1506	0	92	0	0	0	224	0	194	0	0	0	0	0	0	0	332	0	0	0	0	0	0	0	0	0	0	0	0	0	0	0	0	0	
522344	Putamen_R	858	1964	718	23598	0	6932	444	6154	0	642	204	7040	142	3150	0	3012	180	5674	3746	13984	2226	3216	252	12316	230	5306	500	3422	482	26466	3218	13382	390	5748	0	0	1114	16586	880	9290	0	2332	0	0	0	0	0	168	0	0	0	0	0	0	0	5990	390	304	0	0	234	0	0	90	0	0	0	0	0	0	7844	39580	3740	0	108	4874	1352	3392	0	1302	0	2800	0	1276	0	844	0	0	0	660	0	90	0	0	0	0	0	116	0	220	0	0	0	0	0	0	0	0	0	0	0	0	0	0	0	0	
67576	Pallidum_L	4136	0	2808	368	0	0	1610	0	0	0	222	0	0	0	0	0	1348	0	1366	446	0	1036	0	0	0	0	0	0	272	90	108	0	0	0	0	0	302	0	0	0	0	0	0	0	0	0	0	0	0	0	0	0	0	0	0	0	858	0	0	0	100	0	0	0	0	0	0	0	842	0	5428	1904	7256	108	0	936	1744	0	0	0	342	0	158	0	0	0	0	0	0	0	0	0	0	0	0	0	0	0	0	0	0	0	0	0	0	0	0	0	0	0	0	0	0	0	0	0	
56888	Pallidum_R	340	302	210	1998	0	0	110	794	0	0	0	234	0	0	0	0	0	980	206	1284	0	1074	0	356	0	0	0	0	0	276	218	476	0	264	0	0	0	672	0	292	0	0	0	0	0	0	0	0	0	0	0	0	0	0	0	206	0	0	0	0	0	0	0	0	0	0	0	0	0	0	4046	5622	1970	4874	936	0	0	176	0	336	0	192	0	0	0	0	0	0	0	0	0	0	0	0	0	0	0	0	0	0	0	0	0	0	0	0	0	0	0	0	0	0	0	0	0	0	
232020	Thalamus_L	25954	1786	1600	1562	0	0	3774	1380	0	0	336	898	0	244	0	0	198	144	574	2034	0	0	0	332	0	0	0	0	3444	1324	92	276	0	168	3024	3078	7322	3926	3620	1144	0	0	0	0	0	0	3232	0	0	0	0	0	0	0	644	126	2760	246	0	0	0	0	0	164	0	0	116	0	1550	0	9144	4010	1966	1352	1744	0	0	15580	2692	456	864	242	0	0	438	0	0	0	326	0	0	0	0	0	0	0	124	0	0	0	0	0	0	0	0	0	0	0	0	0	0	0	0	0	0	0	
257104	Thalamus_R	11766	2986	1162	9326	0	0	742	532	0	0	340	426	234	190	0	0	112	376	578	12738	0	1152	0	626	0	0	0	0	1832	3562	0	540	0	284	4722	5292	5462	8608	1998	2540	0	94	0	0	0	0	1772	604	0	0	0	0	0	0	392	534	1018	324	0	0	160	0	0	168	0	0	116	118	462	152	3176	13490	1058	3392	0	176	15580	0	2146	1278	362	1780	0	104	160	1048	0	0	102	660	0	0	0	0	0	0	0	0	0	0	0	0	0	0	0	0	0	0	0	0	0	0	0	0	0	0	
133528	Heschl_L	2192	342	1620	306	0	0	1060	188	0	0	560	154	0	96	0	0	6138	0	934	362	0	0	0	0	0	0	0	0	11440	562	270	0	0	0	2154	1848	4374	2010	98	334	0	0	0	0	0	0	0	0	94	0	398	0	500	0	980	0	1884	0	0	0	0	0	166	0	0	0	840	0	246	0	312	202	256	0	0	0	2692	2146	0	248	8906	134	288	0	6132	0	0	0	3298	0	0	0	0	0	0	0	0	0	0	0	0	0	0	0	0	0	0	0	0	0	0	0	0	0	0	0	
75652	Heschl_R	404	122	0	0	0	0	0	0	0	0	0	734	0	0	0	0	0	4302	0	236	0	0	0	0	0	0	0	0	210	2978	0	0	0	228	546	826	568	3626	120	1566	0	0	0	114	0	0	0	0	0	330	0	328	0	488	0	1268	0	434	0	0	0	370	0	694	0	522	0	228	0	0	168	804	0	1302	0	336	456	1278	248	0	0	7356	0	182	0	1944	0	0	0	2510	0	0	0	0	0	0	0	0	0	0	0	0	0	0	0	0	0	0	0	0	0	0	0	0	0	0	
298856	Temporal_Sup_L	2270	0	4524	0	0	0	1060	0	0	0	7752	0	1340	0	106	0	16606	0	4444	0	0	0	0	0	0	0	0	0	13132	0	440	0	0	0	400	216	4828	298	214	104	0	0	160	0	132	0	182	0	412	0	1474	0	516	0	4186	0	4706	0	346	0	1130	0	7300	0	834	0	784	0	306	0	402	100	788	0	342	0	864	362	8906	0	0	0	12398	0	29372	0	178	0	15366	0	0	0	0	0	0	0	0	0	148	0	0	0	0	0	0	0	0	0	0	0	0	0	0	0	0	0	
270512	Temporal_Sup_R	392	738	0	1952	0	0	0	1988	0	0	0	3366	0	268	0	538	0	5042	624	3220	0	320	0	110	0	0	0	174	224	15808	0	224	0	1166	218	420	236	4894	0	2246	0	822	0	200	0	292	0	0	0	2210	0	2846	0	1106	0	3602	0	460	0	380	0	4448	0	4204	0	6726	0	608	0	104	434	1454	0	2800	0	192	242	1780	134	7356	0	0	0	17218	0	22014	0	238	0	9218	0	0	0	0	0	0	0	0	0	0	0	0	0	0	0	0	0	0	0	0	0	0	0	0	0	0	
194340	Temporal_Pole_Sup_L	944	0	3424	0	2730	0	582	0	2836	0	5160	0	2304	0	9396	0	4468	0	3198	0	500	0	0	0	124	0	0	0	13462	0	536	0	0	0	0	0	3224	0	1162	0	1528	0	0	0	0	0	0	0	0	0	0	0	0	0	2900	0	378	0	0	0	0	0	0	0	0	0	0	0	174	0	214	0	1506	0	158	0	0	0	288	0	12398	0	0	0	11610	0	3510	0	8456	0	0	0	0	0	0	0	0	0	0	0	0	0	0	0	0	0	0	0	0	0	0	0	0	0	0	0	
197344	Temporal_Pole_Sup_R	112	644	96	2144	0	104	0	2068	0	0	96	4712	0	466	0	1036	172	3366	784	3724	0	414	0	106	0	0	0	178	298	13958	150	282	0	1418	0	0	0	1928	0	3006	0	4270	0	0	0	0	0	0	0	0	0	0	0	0	0	8218	0	0	0	0	0	0	0	0	0	0	0	0	0	0	712	2036	0	1276	0	0	0	104	0	182	0	17218	0	0	0	9622	0	6082	0	7690	0	0	0	0	0	0	0	0	0	0	0	0	0	0	0	0	0	0	0	0	0	0	0	0	0	0	
358328	Temporal_Mid_L	810	0	904	0	0	0	336	0	0	0	1560	0	138	0	0	0	6924	0	876	0	0	0	0	0	0	0	0	0	8282	0	0	0	0	0	522	0	1976	0	224	0	0	0	3332	0	1546	0	954	0	978	0	24666	0	10654	0	4846	0	1596	0	322	0	1324	0	5286	0	7394	0	2768	0	1018	0	0	266	92	0	0	0	438	160	6132	0	29372	0	11610	0	0	0	4254	0	37604	0	0	0	0	0	0	0	0	0	0	0	0	0	0	0	0	0	0	0	0	0	0	0	0	0	0	0	
315388	Temporal_Mid_R	210	0	0	122	0	0	0	0	0	0	0	294	0	0	0	726	0	622	0	316	0	320	0	0	0	0	0	174	0	4780	0	0	140	1066	542	1186	0	2444	0	1620	0	830	0	5418	0	5058	0	438	0	10532	0	24714	0	5006	0	2468	0	794	0	1196	0	10084	0	1514	0	12486	180	6008	188	300	0	120	0	844	0	0	0	1048	0	1944	0	22014	0	9622	0	0	0	2714	0	17612	0	0	0	0	0	0	0	0	0	0	0	0	0	0	0	0	0	0	0	0	0	0	0	0	0	0	
32332	Temporal_Pole_Mid_L	0	0	0	0	0	0	0	0	0	0	0	0	0	0	0	0	0	0	0	0	0	0	0	0	0	0	0	0	510	0	0	0	0	0	0	0	512	0	322	0	0	0	0	0	0	0	0	0	0	0	0	0	0	0	1870	0	0	0	0	0	0	0	0	0	0	0	0	0	0	0	0	0	0	0	0	0	0	0	0	0	178	0	3510	0	4254	0	0	0	5010	0	0	0	0	0	0	0	0	0	0	0	0	0	0	0	0	0	0	0	0	0	0	0	0	0	0	0	
30972	Temporal_Pole_Mid_R	0	0	0	0	0	0	0	0	0	0	0	0	0	0	0	240	0	0	0	0	0	0	0	0	0	0	0	0	0	0	0	0	0	0	0	0	0	170	0	790	0	436	0	0	0	0	0	0	0	0	0	0	0	0	0	1996	0	0	0	0	0	0	0	0	0	0	0	0	0	0	0	0	0	0	0	0	0	0	0	0	0	238	0	6082	0	2714	0	0	0	2820	0	0	0	0	0	0	0	0	0	0	0	0	0	0	0	0	0	0	0	0	0	0	0	0	0	0	
290052	Temporal_Inf_L	582	0	450	0	0	0	0	0	0	0	290	0	0	0	0	0	2028	0	608	0	0	0	0	0	0	0	0	0	8342	0	98	0	0	0	414	0	9260	0	878	0	1224	0	4022	0	1784	0	842	0	206	0	7830	0	13032	0	17078	0	506	0	0	0	380	0	650	0	0	0	2510	0	420	0	0	158	224	0	0	0	326	102	3298	0	15366	0	8456	0	37604	0	5010	0	0	0	630	0	0	0	0	0	0	0	418	0	0	0	0	0	0	0	0	0	0	0	0	0	0	0	0	0	
216812	Temporal_Inf_R	406	166	0	0	0	0	0	0	0	0	0	0	0	0	0	0	0	216	0	466	0	0	0	0	0	0	0	0	0	3286	0	0	0	116	270	2024	0	7374	0	3636	0	2026	0	4734	0	324	0	634	0	1586	0	2646	0	7846	0	15486	0	844	0	166	0	2070	0	354	0	2110	0	6260	0	864	0	0	0	660	0	0	0	660	0	2510	0	9218	0	7690	0	17612	0	2820	0	0	0	878	0	0	0	0	0	0	0	448	0	0	0	0	0	0	0	0	0	0	0	0	0	0	0	0	
548344	Cerebelum_Crus1_L	150	0	164	0	0	0	0	0	0	0	0	0	0	0	0	0	0	0	186	0	0	0	0	0	0	0	0	0	222	0	0	0	0	0	0	0	692	0	338	0	0	0	496	0	0	0	24756	4478	0	0	406	0	1342	158	23240	1414	0	0	0	0	0	0	0	0	0	0	400	0	134	0	0	0	194	0	0	0	0	0	0	0	0	0	0	0	0	0	0	0	630	0	0	9754	36894	7916	750	596	24858	1112	54018	9770	15446	376	16230	4138	364	404	120	0	194	402	5264	11750	12616	1294	384	122	
542276	Cerebelum_Crus1_R	0	0	0	0	0	0	0	0	0	0	0	0	0	0	0	0	0	0	0	0	0	0	0	0	0	0	0	0	0	0	0	0	0	0	0	0	0	352	0	1108	0	0	240	0	0	0	1504	6080	0	0	0	0	0	432	304	15892	0	0	0	0	0	0	0	0	0	0	0	0	0	0	0	0	0	90	0	0	0	0	0	0	0	0	0	0	0	0	0	0	0	878	9754	0	4704	43466	1070	3860	6066	23882	8862	58612	3072	4460	6544	26958	460	984	0	260	590	1528	11826	8630	14920	1816	1140	794	
274424	Cerebelum_Crus2_L	0	0	0	0	0	0	0	0	0	0	0	0	0	0	0	0	0	0	0	0	0	0	0	0	0	0	0	0	0	0	0	0	0	0	0	0	0	0	0	0	0	0	0	0	0	0	1114	240	0	0	0	0	0	0	536	150	0	0	0	0	0	0	0	0	0	0	0	0	0	0	0	0	0	0	0	0	0	0	0	0	0	0	0	0	0	0	0	0	0	0	36894	4704	0	11536	186	176	1426	286	4968	2076	28548	4504	20782	4706	378	0	152	0	0	104	314	562	10294	2576	0	0	
476716	Cerebelum_Crus2_R	0	0	0	0	0	0	0	0	0	0	0	0	0	0	0	0	0	0	0	0	0	0	0	0	0	0	0	0	0	0	0	0	0	0	0	0	0	252	0	634	0	0	94	0	0	0	620	1654	0	0	0	0	0	0	260	3698	0	0	0	0	0	0	0	0	0	0	0	0	0	0	0	0	0	0	0	0	0	0	0	0	0	0	0	0	0	0	0	0	0	0	7916	43466	11536	0	1080	1966	4224	7036	5620	19664	5324	26360	9886	45924	1024	6376	0	366	384	1100	3560	3184	19956	3808	718	668	
62992	Cerebelum_3_L	0	0	0	0	0	0	0	0	0	0	0	0	0	0	0	0	0	0	0	0	0	0	0	0	0	0	0	0	0	0	0	0	0	0	0	0	0	0	132	0	0	0	0	0	0	0	546	218	0	0	0	0	0	0	258	172	0	0	0	0	0	0	0	0	0	0	0	0	0	0	0	0	0	0	0	0	0	0	0	0	0	0	0	0	0	0	0	0	0	0	750	1070	186	1080	0	450	7672	616	1254	922	0	100	2372	1824	2210	322	308	0	1178	2684	1070	404	2536	492	466	204	
111652	Cerebelum_3_R	0	0	0	0	0	0	0	0	0	0	0	0	0	0	0	0	0	0	0	0	0	0	0	0	0	0	0	0	0	0	0	0	0	0	0	0	0	0	0	376	0	0	0	0	0	0	146	222	0	0	0	0	0	0	152	814	0	0	0	0	0	0	0	0	0	0	0	0	0	0	0	0	0	0	0	0	0	0	0	0	0	0	0	0	0	0	0	0	0	0	596	3860	176	1966	450	0	1706	8322	1182	5266	166	184	2116	4428	980	3736	0	0	1058	5500	2050	782	3878	2804	2624	286	
415396	Cerebelum_4_5_L	0	0	0	0	0	0	0	0	0	0	0	0	0	0	0	0	0	0	0	0	0	0	0	0	0	0	0	0	0	0	0	0	0	0	0	0	1370	180	2308	186	0	0	612	0	0	0	23136	2026	0	0	200	0	334	0	16312	1212	0	0	0	0	0	0	0	0	0	0	238	0	0	0	0	0	0	0	0	0	124	0	0	0	0	0	0	0	0	0	0	0	0	0	24858	6066	1426	4224	7672	1706	0	4368	39590	7644	856	310	7778	5806	4850	2242	532	0	730	2246	14098	7268	8786	3100	1864	1440	
298040	Cerebelum_4_5_R	0	0	0	0	0	0	0	0	0	0	0	0	0	0	0	0	0	0	0	0	0	0	0	0	0	0	0	0	0	0	0	0	0	0	0	0	0	2102	0	3718	0	0	336	130	0	0	1160	3028	0	0	0	0	0	0	190	11002	0	0	0	0	0	0	0	0	0	0	0	152	0	0	0	0	0	116	0	0	0	0	0	0	0	0	0	0	0	0	0	0	0	0	1112	23882	286	7036	616	8322	4368	0	2624	33286	228	458	2884	8952	1218	2550	0	426	204	2566	15154	1740	5032	2190	1708	244	
542268	Cerebelum_6_L	252	0	278	0	0	0	0	0	0	0	0	0	0	0	0	0	0	0	306	0	0	0	0	0	0	0	0	0	424	0	0	0	0	0	0	0	1720	0	1056	0	0	0	638	0	0	0	28600	6806	0	0	452	0	846	494	29700	2812	0	0	0	0	0	0	0	0	0	0	764	0	230	0	0	0	332	0	0	0	0	0	0	0	148	0	0	0	0	0	0	0	418	0	54018	8862	4968	5620	1254	1182	39590	2624	0	13462	3762	480	7356	3870	1228	1086	404	0	494	1084	10960	19110	10004	1248	1124	1068	
532200	Cerebelum_6_R	0	0	0	0	0	0	0	0	0	0	0	0	0	0	0	0	0	0	0	0	0	0	0	0	0	0	0	0	0	130	0	0	0	0	0	0	0	942	0	2172	0	0	346	0	0	0	3960	12034	0	0	0	0	0	926	1394	20710	0	0	0	0	0	0	0	0	0	0	0	0	0	0	0	0	0	220	0	0	0	0	0	0	0	0	0	0	0	0	0	0	0	448	9770	58612	2076	19664	922	5266	7644	33286	13462	0	1602	1332	4888	13680	476	944	0	480	584	1920	17380	15034	10704	1360	1118	614	
216868	Cerebelum_7b_L	0	0	0	0	0	0	0	0	0	0	0	0	0	0	0	0	0	0	0	0	0	0	0	0	0	0	0	0	0	0	0	0	0	0	0	0	0	0	0	0	0	0	0	0	0	0	502	102	0	0	0	0	0	0	428	104	0	0	0	0	0	0	0	0	0	0	0	0	0	0	0	0	0	0	0	0	0	0	0	0	0	0	0	0	0	0	0	0	0	0	15446	3072	28548	5324	0	166	856	228	3762	1602	0	1252	29404	3578	3772	0	500	0	0	92	334	428	6240	2694	0	0	
158256	Cerebelum_7b_R	0	0	0	0	0	0	0	0	0	0	0	0	0	0	0	0	0	0	0	0	0	0	0	0	0	0	0	0	0	0	0	0	0	0	0	0	0	0	0	0	0	0	0	0	0	0	0	0	0	0	0	0	0	0	0	252	0	0	0	0	0	0	0	0	0	0	0	0	0	0	0	0	0	0	0	0	0	0	0	0	0	0	0	0	0	0	0	0	0	0	376	4460	4504	26360	100	184	310	458	480	1332	1252	0	1932	24986	412	5310	0	326	0	0	170	104	4264	1556	0	0	
397896	Cerebelum_8_L	0	0	0	0	0	0	0	0	0	0	0	0	0	0	0	0	0	0	0	0	0	0	0	0	0	0	0	0	0	0	0	0	0	0	0	0	412	360	584	366	0	0	0	0	0	0	824	156	0	0	0	0	0	0	1542	750	0	0	0	0	0	0	0	0	0	0	0	0	0	0	0	0	0	0	0	0	0	0	0	0	0	0	0	0	0	0	0	0	0	0	16230	6544	20782	9886	2372	2116	7778	2884	7356	4888	29404	1932	0	16660	20570	3618	1832	0	234	1128	2696	1768	18664	11248	2656	708	
474752	Cerebelum_8_R	0	0	0	0	0	0	0	0	0	0	0	0	0	0	0	0	0	0	0	0	0	0	0	0	0	0	0	0	0	0	0	0	0	0	0	0	392	758	532	1202	0	0	0	0	0	0	282	108	0	0	0	0	0	0	1150	3768	0	0	0	0	0	0	0	0	0	0	0	0	0	0	0	0	0	0	0	0	0	0	0	0	0	0	0	0	0	0	0	0	0	0	4138	26958	4706	45924	1824	4428	5806	8952	3870	13680	3578	24986	16660	0	5222	16964	0	1392	508	1686	3396	1528	18380	10970	2376	1252	
132392	Cerebelum_9_L	0	0	0	0	0	0	0	0	0	0	0	0	0	0	0	0	0	0	0	0	0	0	0	0	0	0	0	0	0	0	0	0	0	0	0	0	420	208	618	216	0	0	0	0	0	0	0	0	0	0	0	0	0	0	1300	330	0	0	0	0	0	0	0	0	0	0	0	0	0	0	0	0	0	0	0	0	0	0	0	0	0	0	0	0	0	0	0	0	0	0	364	460	378	1024	2210	980	4850	1218	1228	476	3772	412	20570	5222	0	2710	3130	0	0	600	338	182	5580	4794	2110	496	
155660	Cerebelum_9_R	0	0	0	0	0	0	0	0	0	0	0	0	0	0	0	0	0	0	0	0	0	0	0	0	0	0	0	0	0	0	0	0	0	0	0	0	180	132	248	166	0	0	0	0	0	0	158	0	0	0	0	0	0	0	582	206	0	0	0	0	0	0	0	0	0	0	0	0	0	0	0	0	0	0	0	0	0	0	0	0	0	0	0	0	0	0	0	0	0	0	404	984	0	6376	322	3736	2242	2550	1086	944	0	5310	3618	16964	2710	0	0	1936	1076	2282	1742	1074	5394	7308	6498	1602	
