data	data	349688	223628	1.05102e+06	1.02526e+06	153864	111836	424536	330304	85876	41160	260652	325052	266672	222716	188756	104896	306924	201484	811332	920976	154696	141440	541164	545396	60152	243504	118856	132788	672236	531332	524824	759976	345272	690628	202044	222228	311324	382600	96540	285424	63828	79676	237248	243072	106484	355784	262524	353236	234432	351000	427548	287428	126188	105764	526776	553856	188476	159284	238976	212636	285428	88668	122240	74048	195884	91408	345612	472276	214820	182880	614084	619372	353548	482240	44556	71180	191412	151968	138052	61424	247436	138456	113872	78248	318144	220012	34840	38612	380524	183236	550296	529956	395760	369232	29168	49908	376864	289944	458480	477968	270588	162100	368724	289416	55616	111172	9632	6212	13004	43968	300960	246252	277368	170344	97236	40840	
data	data	Precentral_L	Precentral_R	Frontal_Sup_L	Frontal_Sup_R	Frontal_Sup_Orb_L	Frontal_Sup_Orb_R	Frontal_Mid_L	Frontal_Mid_R	Frontal_Mid_Orb_L	Frontal_Mid_Orb_R	Frontal_Inf_Oper_L	Frontal_Inf_Oper_R	Frontal_Inf_Tri_L	Frontal_Inf_Tri_R	Frontal_Inf_Orb_L	Frontal_Inf_Orb_R	Rolandic_Oper_L	Rolandic_Oper_R	Supp_Motor_Area_L	Supp_Motor_Area_R	Olfactory_L	Olfactory_R	Frontal_Sup_Medial_L	Frontal_Sup_Medial_R	Frontal_Med_Orb_L	Frontal_Med_Orb_R	Rectus_L	Rectus_R	Insula_L	Insula_R	Cingulum_Ant_L	Cingulum_Ant_R	Cingulum_Mid_L	Cingulum_Mid_R	Cingulum_Post_L	Cingulum_Post_R	Hippocampus_L	Hippocampus_R	ParaHippocampal_L	ParaHippocampal_R	Amygdala_L	Amygdala_R	Calcarine_L	Calcarine_R	Cuneus_L	Cuneus_R	Lingual_L	Lingual_R	Occipital_Sup_L	Occipital_Sup_R	Occipital_Mid_L	Occipital_Mid_R	Occipital_Inf_L	Occipital_Inf_R	Fusiform_L	Fusiform_R	Postcentral_L	Postcentral_R	Parietal_Sup_L	Parietal_Sup_R	Parietal_Inf_L	Parietal_Inf_R	SupraMarginal_L	SupraMarginal_R	Angular_L	Angular_R	Precuneus_L	Precuneus_R	Paracentral_Lobule_L	Paracentral_Lobule_R	Caudate_L	Caudate_R	Putamen_L	Putamen_R	Pallidum_L	Pallidum_R	Thalamus_L	Thalamus_R	Heschl_L	Heschl_R	Temporal_Sup_L	Temporal_Sup_R	Temporal_Pole_Sup_L	Temporal_Pole_Sup_R	Temporal_Mid_L	Temporal_Mid_R	Temporal_Pole_Mid_L	Temporal_Pole_Mid_R	Temporal_Inf_L	Temporal_Inf_R	Cerebelum_Crus1_L	Cerebelum_Crus1_R	Cerebelum_Crus2_L	Cerebelum_Crus2_R	Cerebelum_3_L	Cerebelum_3_R	Cerebelum_4_5_L	Cerebelum_4_5_R	Cerebelum_6_L	Cerebelum_6_R	Cerebelum_7b_L	Cerebelum_7b_R	Cerebelum_8_L	Cerebelum_8_R	Cerebelum_9_L	Cerebelum_9_R	Cerebelum_10_L	Cerebelum_10_R	Vermis_1_2	Vermis_3	Vermis_4_5	Vermis_6	Vermis_7	Vermis_8	Vermis_9	Vermis_10	
349688	Precentral_L	0	2086	18080	2148	0	0	21182	1342	0	0	10434	188	3494	92	0	0	10586	0	9144	6600	0	0	140	0	0	0	0	0	8792	156	364	148	752	3400	598	718	2294	700	106	510	0	0	0	0	0	0	0	152	572	0	2318	0	410	0	2068	506	24464	0	1920	0	1618	0	1716	0	196	0	1730	0	9996	2012	5492	842	2038	226	406	0	4492	618	2570	0	1948	0	0	0	676	0	0	0	1804	0	0	0	0	0	0	0	0	0	0	0	0	0	0	0	0	0	0	0	0	0	0	0	0	0	0	0	
223628	Precentral_R	2086	0	1084	13666	0	0	432	11066	0	0	0	3834	0	680	0	0	0	3556	1298	4626	0	0	0	0	0	0	0	0	208	3060	0	0	0	3622	0	154	142	3048	0	1714	0	112	0	238	0	818	0	396	0	680	0	272	0	142	0	2896	0	15958	0	1172	0	972	0	2722	0	0	0	1266	3084	13186	1020	1744	0	2322	0	374	610	3394	90	346	0	1582	0	0	0	744	0	0	0	1256	0	0	0	0	0	0	0	0	0	0	0	0	0	0	0	0	0	0	0	0	142	0	0	0	0	0	
1.05102e+06	Frontal_Sup_L	18080	1084	0	19596	10458	0	66842	2146	2554	0	8424	2078	16376	1086	9334	202	12328	762	84028	31870	480	182	44858	15268	1524	786	1320	124	19978	2664	24854	15620	17588	20100	310	350	2532	342	114	272	0	0	0	0	0	0	0	0	86	0	386	0	0	0	1044	240	2716	0	304	0	240	0	314	0	0	0	288	0	850	0	18534	4830	20002	1262	6118	326	3214	448	2478	104	2284	0	428	0	448	0	0	0	2054	0	0	0	0	0	0	0	0	0	0	0	0	0	0	0	0	0	0	0	0	0	0	0	0	0	0	0	
1.02526e+06	Frontal_Sup_R	2148	13666	19596	0	0	7850	1566	47914	0	964	2160	13030	246	13100	106	4580	1810	12978	26314	71384	0	540	8660	39134	180	13658	1110	3422	3082	28972	6332	38464	4538	19334	0	120	204	5908	0	4116	0	886	0	0	0	100	0	522	0	0	0	0	0	0	0	3360	180	1252	0	184	170	0	0	254	0	0	0	190	1834	400	9088	32702	878	22652	0	3070	1076	12198	88	2028	596	876	440	422	0	0	0	0	0	0	0	0	0	0	0	0	0	0	0	0	0	0	0	0	0	0	0	0	0	0	0	0	0	0	0	0	
153864	Frontal_Sup_Orb_L	0	0	10458	0	0	0	788	0	11638	0	0	0	5034	0	12086	0	0	0	340	0	3308	704	4138	544	4004	180	6870	264	7194	0	3490	274	0	0	0	0	0	0	0	0	500	0	0	0	0	0	0	0	0	0	0	0	0	0	0	0	0	0	0	0	0	0	0	0	0	0	0	0	0	0	1434	366	2842	118	0	0	0	0	0	0	0	0	358	0	0	0	0	0	0	0	0	0	0	0	0	0	0	0	0	0	0	0	0	0	0	0	0	0	0	0	0	0	0	0	0	0	
111836	Frontal_Sup_Orb_R	0	0	0	7850	0	0	0	984	0	2886	0	110	0	166	104	3958	0	0	96	226	316	3178	144	2696	0	7342	770	10654	102	3754	300	1026	0	0	0	0	0	508	0	194	0	734	0	0	0	0	0	0	0	0	0	0	0	0	0	0	0	0	0	0	0	0	0	0	0	0	0	0	0	0	314	1286	0	6012	0	208	0	0	0	0	0	0	0	0	0	0	0	0	0	0	0	0	0	0	0	0	0	0	0	0	0	0	0	0	0	0	0	0	0	0	0	0	0	0	0	0	
424536	Frontal_Mid_L	21182	432	66842	1566	788	0	0	142	2896	0	8024	558	25460	300	3764	0	3636	172	11380	3170	0	0	11130	2712	0	0	0	0	8088	820	6180	3232	5968	4932	432	462	1496	168	0	144	0	0	0	0	0	0	0	0	654	0	842	0	0	0	0	142	4536	0	818	0	100	0	200	0	0	0	704	0	112	0	2080	578	1134	402	214	0	1086	0	2104	0	378	0	0	0	0	0	0	0	108	0	0	0	0	0	0	0	0	0	0	0	0	0	0	0	0	0	0	0	0	0	0	0	0	0	0	0	
330304	Frontal_Mid_R	1342	11066	2146	47914	0	984	142	0	0	1362	0	15026	0	16880	0	2750	0	9430	3782	3256	0	0	452	3276	0	814	0	112	118	10964	752	3536	114	1042	0	88	124	2894	86	1786	0	176	0	0	0	100	0	122	0	0	0	0	0	0	0	1402	0	1140	0	174	0	0	0	0	0	0	0	144	1334	122	666	3694	0	4568	0	1016	244	5058	0	2054	0	662	0	238	0	0	0	0	0	0	0	0	0	0	0	0	0	0	0	0	0	0	0	0	0	0	0	0	0	0	0	0	0	0	0	0	
85876	Frontal_Mid_Orb_L	0	0	2554	0	11638	0	2896	0	0	0	0	0	4020	0	11958	0	0	0	114	0	1018	166	576	0	196	0	2378	0	3332	0	376	0	0	0	0	0	0	0	0	0	206	0	0	0	0	0	0	0	0	0	0	0	0	0	0	0	0	0	0	0	0	0	0	0	0	0	0	0	0	0	434	0	686	0	0	0	0	0	0	0	0	0	390	0	0	0	0	0	0	0	0	0	0	0	0	0	0	0	0	0	0	0	0	0	0	0	0	0	0	0	0	0	0	0	0	0	
41160	Frontal_Mid_Orb_R	0	0	0	964	0	2886	0	1362	0	0	0	94	0	328	0	9900	0	0	0	0	0	86	0	282	0	318	0	540	0	2256	0	174	0	0	0	0	0	0	0	0	0	0	0	0	0	0	0	0	0	0	0	0	0	0	0	0	0	0	0	0	0	0	0	0	0	0	0	0	0	0	0	246	0	1144	0	0	0	0	0	0	0	0	0	0	0	0	0	0	0	0	0	0	0	0	0	0	0	0	0	0	0	0	0	0	0	0	0	0	0	0	0	0	0	0	0	0	
260652	Frontal_Inf_Oper_L	10434	0	8424	2160	0	0	8024	0	0	0	0	2610	11760	428	496	0	13256	1070	6546	5212	0	0	554	1490	0	802	0	0	18148	2976	1132	1876	1210	684	0	0	92	86	0	0	0	0	0	0	0	0	0	0	0	0	0	0	0	0	0	0	3058	0	0	0	0	0	0	0	0	0	0	0	0	0	11554	4814	2572	1084	0	0	160	0	686	96	3408	0	3102	0	322	0	0	0	0	0	0	0	0	0	0	0	0	0	0	0	0	0	0	0	0	0	0	0	0	0	0	0	0	0	0	0	
325052	Frontal_Inf_Oper_R	188	3834	2078	13030	0	110	558	15026	0	94	2610	0	366	23222	88	1482	714	8040	2098	5188	0	0	1066	2998	0	1582	0	246	2754	25584	1876	10334	92	772	0	0	0	918	0	550	0	0	0	0	0	0	0	0	0	0	0	0	0	0	0	512	0	678	0	0	0	0	0	0	0	0	0	0	0	0	7396	17458	864	5434	0	586	182	290	0	0	152	502	394	580	0	0	0	0	0	0	0	0	0	0	0	0	0	0	0	0	0	0	0	0	0	0	0	0	0	0	0	0	0	0	0	0	
266672	Frontal_Inf_Tri_L	3494	0	16376	246	5034	0	25460	0	4020	0	11760	366	0	180	18116	0	2438	0	3532	644	250	96	3766	738	394	346	502	0	20826	256	4346	466	636	258	0	0	0	0	0	0	0	0	0	0	0	0	0	0	0	0	0	0	0	0	0	0	508	0	0	0	0	0	0	0	0	0	0	0	0	0	3914	1026	1754	264	0	0	0	0	0	0	522	0	802	0	0	0	0	0	0	0	0	0	0	0	0	0	0	0	0	0	0	0	0	0	0	0	0	0	0	0	0	0	0	0	0	0	
222716	Frontal_Inf_Tri_R	92	680	1086	13100	0	166	300	16880	0	328	428	23222	180	0	0	3210	128	820	1834	3858	0	0	1372	3248	0	814	0	256	478	13548	1792	8572	288	2054	0	0	0	664	0	486	0	0	0	0	0	0	0	0	0	0	0	0	0	0	0	436	0	0	0	0	0	0	0	0	0	0	0	0	0	0	1138	6632	122	2726	0	420	0	0	0	0	0	0	0	0	0	0	0	0	0	0	0	0	0	0	0	0	0	0	0	0	0	0	0	0	0	0	0	0	0	0	0	0	0	0	0	0	
188756	Frontal_Inf_Orb_L	0	0	9334	106	12086	104	3764	0	11958	0	496	88	18116	0	0	0	0	0	1836	284	2354	648	1480	466	488	384	1716	190	18168	124	1420	296	0	0	0	0	260	0	0	0	512	0	0	0	0	0	0	0	0	0	0	0	0	0	0	0	0	0	0	0	0	0	0	0	0	0	0	0	0	0	2290	550	3646	186	0	0	0	0	0	0	0	0	1028	0	0	0	0	0	0	0	0	0	0	0	0	0	0	0	0	0	0	0	0	0	0	0	0	0	0	0	0	0	0	0	0	0	
104896	Frontal_Inf_Orb_R	0	0	202	4580	0	3958	0	2750	0	9900	0	1482	0	3210	0	0	0	1416	512	720	0	1376	0	958	0	374	0	1126	90	11722	114	920	96	368	0	0	0	380	0	100	0	854	0	0	0	0	0	0	0	0	0	0	0	0	0	0	0	0	0	0	0	0	0	0	0	0	0	0	0	0	234	880	0	2492	0	0	0	0	0	0	0	426	0	1086	0	122	0	0	0	0	0	0	0	0	0	0	0	0	0	0	0	0	0	0	0	0	0	0	0	0	0	0	0	0	0	0	
306924	Rolandic_Oper_L	10586	0	12328	1810	0	0	3636	0	0	0	13256	714	2438	128	0	0	0	546	8074	5424	0	0	248	492	0	298	0	0	27982	920	326	728	1298	650	108	158	1762	148	0	154	0	0	0	0	0	0	0	0	540	0	1314	0	164	0	1250	178	6346	0	1140	0	946	0	3624	0	100	0	870	0	922	0	6646	1352	3284	572	148	0	1662	156	7684	0	13396	0	2884	0	2964	0	0	0	1108	0	0	0	0	0	0	0	0	0	0	0	0	0	0	0	0	0	0	0	0	0	0	0	0	0	0	0	
201484	Rolandic_Oper_R	0	3556	762	12978	0	0	172	9430	0	0	1070	8040	0	820	0	1416	546	0	642	2072	0	0	0	422	0	322	0	0	1126	19188	100	478	0	222	0	0	0	1292	0	864	0	0	0	0	0	712	0	0	0	576	0	0	0	0	0	1478	0	3182	0	782	0	0	0	1604	0	112	0	726	0	1212	2662	2848	344	4060	0	136	86	142	0	6140	156	6560	132	812	0	574	0	0	0	188	0	0	0	0	0	0	0	0	0	0	0	0	0	0	0	0	0	0	0	0	0	0	0	0	0	0	
811332	Supp_Motor_Area_L	9144	1298	84028	26314	340	96	11380	3782	114	0	6546	2098	3532	1834	1836	512	8074	642	0	57994	0	0	15090	7812	224	612	132	124	9468	2698	11156	13044	22688	35334	1264	834	1386	376	0	290	0	0	0	0	0	118	0	0	0	0	98	0	0	0	1562	282	1422	0	0	0	98	0	0	0	0	0	156	852	14652	750	14230	4218	11552	1114	1922	352	4188	426	1276	112	1898	0	220	0	332	0	0	0	1740	0	0	0	0	0	0	0	0	0	0	0	0	0	0	0	0	0	0	0	0	0	0	0	0	0	0	0	
920976	Supp_Motor_Area_R	6600	4626	31870	71384	0	226	3170	3256	0	0	5212	5188	644	3858	284	720	5424	2072	57994	0	0	0	7894	15762	0	4618	124	290	5204	7602	7832	28446	15028	57176	594	1000	220	3700	0	3076	0	116	0	126	0	194	0	622	0	0	92	0	0	86	440	3312	500	1260	0	0	174	0	0	0	0	0	96	1246	12970	15450	12726	24566	1598	11596	0	1906	1544	4906	378	294	1626	270	486	98	160	98	0	0	116	184	0	0	0	0	0	0	0	0	0	0	0	0	0	0	0	0	0	0	0	0	158	0	0	0	0	0	
154696	Olfactory_L	0	0	480	0	3308	316	0	0	1018	0	0	0	250	0	2354	0	0	0	0	0	0	11660	104	0	1104	984	7864	4436	3592	0	5602	5344	0	0	0	0	272	0	124	0	2036	0	0	0	0	0	0	0	0	0	0	0	0	0	0	0	0	0	0	0	0	0	0	0	0	0	0	0	0	0	14662	7276	3068	1494	0	0	0	0	0	0	0	0	0	0	0	0	0	0	0	0	0	0	0	0	0	0	0	0	0	0	0	0	0	0	0	0	0	0	0	0	0	0	0	0	0	0	
141440	Olfactory_R	0	0	182	540	704	3178	0	0	166	86	0	0	96	0	648	1376	0	0	0	0	11660	0	0	0	182	1860	4964	7564	1010	2046	3016	4522	0	0	0	0	0	86	0	170	850	884	0	0	0	0	0	0	0	0	0	0	0	0	0	0	0	0	0	0	0	0	0	0	0	0	0	0	0	0	12396	7902	2588	2044	0	0	0	0	0	0	0	0	0	0	0	0	0	0	0	0	0	0	0	0	0	0	0	0	0	0	0	0	0	0	0	0	0	0	0	0	0	0	0	0	0	0	
541164	Frontal_Sup_Medial_L	140	0	44858	8660	4138	144	11130	452	576	0	554	1066	3766	1372	1480	0	248	0	15090	7894	104	0	0	29842	3848	3078	576	292	3790	1110	43564	26978	16828	20212	0	606	0	146	0	102	0	0	0	0	0	268	0	0	0	0	0	0	0	0	0	0	0	0	0	0	0	0	0	0	0	0	0	562	0	0	5974	3508	5846	1274	0	414	0	0	92	0	0	0	0	0	0	0	0	0	0	0	0	0	0	0	0	0	0	0	0	0	0	0	0	0	0	0	0	0	0	0	0	0	0	0	0	0	
545396	Frontal_Sup_Medial_R	0	0	15268	39134	544	2696	2712	3276	0	282	1490	2998	738	3248	466	958	492	422	7812	15762	0	0	29842	0	2210	16586	1288	3098	1950	8570	13082	38218	5400	22164	0	0	0	248	0	186	0	0	0	0	0	0	0	0	0	0	0	0	0	0	0	176	0	0	0	0	0	0	0	0	0	0	0	0	0	0	3488	16058	1214	9294	0	476	190	356	0	0	0	0	306	0	0	0	0	0	0	0	0	0	0	0	0	0	0	0	0	0	0	0	0	0	0	0	0	0	0	0	0	0	0	0	0	0	
60152	Frontal_Med_Orb_L	0	0	1524	180	4004	0	0	0	196	0	0	0	394	0	488	0	0	0	224	0	1104	182	3848	2210	0	2276	4154	384	386	0	6598	358	0	0	0	0	0	0	0	0	0	0	0	0	0	0	0	0	0	0	0	0	0	0	0	0	0	0	0	0	0	0	0	0	0	0	0	0	0	0	332	0	1234	0	0	0	0	0	0	0	0	0	0	0	0	0	0	0	0	0	0	0	0	0	0	0	0	0	0	0	0	0	0	0	0	0	0	0	0	0	0	0	0	0	0	0	
243504	Frontal_Med_Orb_R	0	0	786	13658	180	7342	0	814	0	318	802	1582	346	814	384	374	298	322	612	4618	984	1860	3078	16586	2276	0	2304	9932	1036	3272	4162	15188	0	166	0	0	0	88	0	0	0	0	0	0	0	0	0	0	0	0	0	0	0	0	0	0	0	0	0	0	0	0	0	0	0	0	0	0	0	0	2522	11552	428	11528	0	582	154	638	0	0	0	0	166	0	0	0	0	0	0	0	0	0	0	0	0	0	0	0	0	0	0	0	0	0	0	0	0	0	0	0	0	0	0	0	0	0	
118856	Rectus_L	0	0	1320	1110	6870	770	0	0	2378	0	0	0	502	0	1716	0	0	0	132	124	7864	4964	576	1288	4154	2304	0	4834	1196	0	5432	3184	0	0	0	0	0	0	0	0	642	0	0	0	0	0	0	0	0	0	0	0	0	0	0	0	0	0	0	0	0	0	0	0	0	0	0	0	0	0	5512	1754	628	174	0	0	0	0	0	0	0	0	0	0	0	0	0	0	0	0	0	0	0	0	0	0	0	0	0	0	0	0	0	0	0	0	0	0	0	0	0	0	0	0	0	0	
132788	Rectus_R	0	0	124	3422	264	10654	0	112	0	540	0	246	0	256	190	1126	0	0	124	290	4436	7564	292	3098	384	9932	4834	0	198	882	2120	5202	0	0	0	0	0	0	0	0	378	126	0	0	0	0	0	0	0	0	0	0	0	0	0	0	0	0	0	0	0	0	0	0	0	0	0	0	0	0	4078	2076	526	2920	0	0	0	0	0	0	0	0	0	0	0	0	0	0	0	0	0	0	0	0	0	0	0	0	0	0	0	0	0	0	0	0	0	0	0	0	0	0	0	0	0	0	
672236	Insula_L	8792	208	19978	3082	7194	102	8088	118	3332	0	18148	2754	20826	478	18168	90	27982	1126	9468	5204	3592	1010	3790	1950	386	1036	1196	198	0	2980	4784	2330	882	766	2252	2558	13516	708	444	698	1008	0	0	0	0	0	0	0	1408	0	3892	0	364	0	4280	758	4408	0	3584	0	612	0	3634	0	0	0	3232	0	612	90	19978	5830	21740	1770	634	132	7462	486	13380	122	16020	0	5578	0	6474	0	0	0	8416	0	0	0	0	0	0	0	0	0	0	0	0	0	0	0	0	0	0	0	0	0	0	0	0	0	0	0	
531332	Insula_R	156	3060	2664	28972	0	3754	820	10964	0	2256	2976	25584	256	13548	124	11722	920	19188	2698	7602	0	2046	1110	8570	0	3272	0	882	2980	0	884	7628	248	2342	0	198	0	9538	0	4318	0	3738	0	0	0	424	0	928	0	372	0	0	0	170	0	7256	0	2450	0	442	0	0	0	88	0	0	0	570	0	588	7964	15584	920	20630	0	968	198	304	0	5922	200	7270	496	1848	0	3028	0	0	0	1918	0	0	0	0	0	0	0	110	0	0	0	0	0	0	0	0	0	0	0	0	0	0	0	0	0	0	
524824	Cingulum_Ant_L	364	0	24854	6332	3490	300	6180	752	376	0	1132	1876	4346	1792	1420	114	326	100	11156	7832	5602	3016	43564	13082	6598	4162	5432	2120	4784	884	0	32456	12922	14194	0	222	132	344	0	232	214	0	0	0	0	0	0	0	0	0	0	0	0	0	0	160	0	0	0	0	0	0	0	0	0	0	0	158	0	0	16034	8008	10926	3192	0	878	122	0	232	0	0	0	0	0	0	0	0	0	0	0	0	0	0	0	0	0	0	0	0	0	0	0	0	0	0	0	0	0	0	0	0	0	0	0	0	0	
759976	Cingulum_Ant_R	148	0	15620	38464	274	1026	3232	3536	0	174	1876	10334	466	8572	296	920	728	478	13044	28446	5344	4522	26978	38218	358	15188	3184	5202	2330	7628	32456	0	9574	30966	0	1078	0	752	0	590	328	0	0	0	0	392	0	0	0	0	0	0	0	0	0	532	0	0	0	0	0	0	0	0	0	0	0	954	0	0	10408	35428	800	15430	0	2142	294	900	0	0	0	0	378	0	0	0	0	0	0	0	0	0	0	0	0	0	0	0	0	0	0	0	0	0	0	0	0	0	0	0	0	0	0	0	0	0	
345272	Cingulum_Mid_L	752	0	17588	4538	0	0	5968	114	0	0	1210	92	636	288	0	96	1298	0	22688	15028	0	0	16828	5400	0	0	0	0	882	248	12922	9574	0	27988	3550	1290	86	92	0	0	0	0	2220	0	1804	214	898	0	1008	0	1760	0	236	0	106	332	160	0	632	0	0	0	0	0	0	0	6628	1876	2940	378	696	220	236	138	0	0	0	0	158	0	288	0	0	0	0	0	0	0	0	0	0	0	0	0	0	0	552	0	0	0	0	0	0	0	0	0	0	0	0	0	0	0	0	0	0	0	
690628	Cingulum_Mid_R	3400	3622	20100	19334	0	0	4932	1042	0	0	684	772	258	2054	0	368	650	222	35334	57176	0	0	20212	22164	0	166	0	0	766	2342	14194	30966	27988	0	3598	6348	310	1032	0	916	0	0	0	628	100	1786	0	1328	414	150	452	204	252	168	2268	2002	0	2256	338	0	0	0	0	0	0	0	1420	8862	14678	16274	2446	2172	272	756	0	204	1168	286	0	0	218	298	0	0	132	330	0	0	510	570	0	0	0	0	0	0	0	0	0	0	0	0	0	0	0	0	0	0	0	0	1422	0	0	0	0	0	
202044	Cingulum_Post_L	598	0	310	0	0	0	432	0	0	0	0	0	0	0	0	0	108	0	1264	594	0	0	0	0	0	0	0	0	2252	0	0	0	3550	3598	0	17202	6768	4084	1242	1676	0	0	5326	106	1424	0	4334	258	1524	0	1468	0	1098	576	6792	5468	98	186	1106	0	0	0	90	0	0	0	9336	3030	1558	698	0	0	616	0	174	0	2740	1008	2252	0	0	0	0	0	158	0	0	0	1352	306	286	0	0	0	0	0	3542	0	0	0	0	0	0	0	0	0	0	0	0	0	434	0	0	0	0	0	
222228	Cingulum_Post_R	718	154	350	120	0	0	462	88	0	0	0	0	0	0	0	0	158	0	834	1000	0	0	606	0	0	0	0	0	2558	198	222	1078	1290	6348	17202	0	7554	5858	1662	2330	0	0	700	428	280	1400	632	2254	702	192	880	438	386	840	4472	7840	138	900	818	0	0	0	104	0	0	0	3590	14554	388	2178	102	0	638	116	178	0	3692	1940	2598	0	114	0	0	0	0	622	0	0	634	1132	130	0	0	0	0	0	380	210	0	0	0	0	0	0	0	0	0	0	0	0	3724	0	0	0	0	0	
311324	Hippocampus_L	2294	142	2532	204	0	0	1496	124	0	0	92	0	0	0	260	0	1762	0	1386	220	272	0	0	0	0	0	0	0	13516	0	132	0	86	310	6768	7554	0	3798	14754	752	9926	0	964	0	0	0	1992	194	0	0	494	0	122	0	20596	734	532	0	456	0	316	0	672	0	0	0	3016	958	698	0	2382	178	8874	220	704	0	12594	2800	7886	0	2664	0	1414	0	686	0	166	0	13050	0	396	0	274	0	0	0	686	0	368	0	0	0	0	0	0	0	0	0	0	0	196	0	0	0	0	0	
382600	Hippocampus_R	700	3048	342	5908	0	508	168	2894	0	0	86	918	0	664	0	380	148	1292	376	3700	0	86	146	248	0	88	0	0	708	9538	344	752	92	1032	4084	5858	3798	0	1740	35110	0	11510	268	0	0	0	324	5840	0	0	114	0	0	0	1834	36744	98	1254	110	0	0	0	118	0	0	0	1392	2662	364	1244	648	956	116	22868	0	2916	704	4840	262	2006	150	1486	0	1088	0	370	0	0	130	1700	0	0	0	0	0	0	178	1586	0	0	0	0	0	0	0	0	0	0	0	172	492	0	0	0	0	0	
96540	ParaHippocampal_L	106	0	114	0	0	0	0	86	0	0	0	0	0	0	0	0	0	0	0	0	124	0	0	0	0	0	0	0	444	0	0	0	0	0	1242	1662	14754	1740	0	122	4048	0	170	0	0	0	2288	0	0	0	0	0	488	0	9858	0	0	0	0	0	0	0	0	0	0	0	546	0	0	0	362	0	1540	0	0	0	2178	2062	0	0	0	0	556	0	0	0	232	0	962	0	656	0	110	0	0	0	586	0	678	0	266	0	290	0	0	0	0	0	0	0	0	0	0	0	0	0	
285424	ParaHippocampal_R	510	1714	272	4116	0	194	144	1786	0	0	0	550	0	486	0	100	154	864	290	3076	0	170	102	186	0	0	0	0	698	4318	232	590	0	916	1676	2330	752	35110	122	0	0	7226	0	0	0	0	0	7200	0	0	112	0	0	268	1070	28800	94	624	112	0	0	0	124	0	0	0	138	1918	254	1194	536	758	114	15862	0	2308	170	1400	264	1324	154	670	0	1898	0	94	0	678	0	364	0	104	0	0	0	0	0	3928	0	142	0	0	0	0	0	0	0	0	0	728	624	0	0	0	0	0	
63828	Amygdala_L	0	0	0	0	500	0	0	0	206	0	0	0	0	0	512	0	0	0	0	0	2036	850	0	0	0	0	642	378	1008	0	214	328	0	0	0	0	9926	0	4048	0	0	0	0	0	0	0	0	0	0	0	0	0	0	0	5602	0	0	0	0	0	0	0	0	0	0	0	0	0	0	0	1240	508	912	0	0	0	0	0	0	0	0	0	694	0	280	0	160	0	1870	0	0	0	0	0	0	0	0	0	0	0	0	0	0	0	0	0	0	0	0	0	0	0	0	0	0	0	
79676	Amygdala_R	0	112	0	886	0	734	0	176	0	0	0	0	0	0	0	854	0	0	0	116	0	884	0	0	0	0	0	126	0	3738	0	0	0	0	0	0	0	11510	0	7226	0	0	0	0	0	0	0	0	0	0	0	0	0	0	0	5574	0	0	0	0	0	0	0	0	0	0	0	0	0	0	0	0	0	4260	0	0	0	398	0	0	0	0	0	2564	0	0	0	354	0	148	0	0	0	0	0	0	0	178	0	0	0	0	0	0	0	0	0	0	0	0	0	0	0	0	0	0	
237248	Calcarine_L	0	0	0	0	0	0	0	0	0	0	0	0	0	0	0	0	0	0	0	0	0	0	0	0	0	0	0	0	0	0	0	0	2220	0	5326	700	964	268	170	0	0	0	0	5694	10930	4098	17556	1242	12504	1780	15060	690	5292	290	4990	452	0	0	2072	0	0	0	0	0	0	0	16630	1242	254	0	0	0	0	0	0	0	0	0	0	0	0	0	0	0	0	0	0	0	390	0	202	0	0	0	0	0	7298	0	0	0	0	0	0	0	0	0	0	0	0	0	310	0	0	0	0	0	
243072	Calcarine_R	0	238	0	0	0	0	0	0	0	0	0	0	0	0	0	0	0	0	0	126	0	0	0	0	0	0	0	0	0	0	0	0	0	628	106	428	0	0	0	0	0	0	5694	0	2850	21282	470	16866	0	18144	0	15196	0	6162	0	6188	0	2254	0	792	0	0	0	0	0	0	1102	13970	0	806	0	0	0	0	0	0	0	0	0	0	0	0	0	0	0	4458	0	0	0	2576	0	0	0	0	0	0	0	130	0	98	0	0	0	0	0	0	0	0	0	0	972	0	0	0	0	0	
106484	Cuneus_L	0	0	0	0	0	0	0	0	0	0	0	0	0	0	0	0	0	0	0	0	0	0	0	0	0	0	0	0	0	0	0	0	1804	100	1424	280	0	0	0	0	0	0	10930	2850	0	6042	1588	106	9350	2178	3420	160	628	98	116	138	0	0	1326	0	0	0	0	0	0	0	8190	1758	0	0	0	0	0	0	0	0	0	0	0	0	0	0	0	0	0	0	0	0	0	0	0	0	0	0	0	0	756	0	0	0	0	0	0	0	0	0	0	0	0	0	0	0	0	0	0	0	
355784	Cuneus_R	0	818	0	100	0	0	0	100	0	0	0	0	0	0	0	0	0	712	118	194	0	0	268	0	0	0	0	0	0	424	0	392	214	1786	0	1400	0	0	0	0	0	0	4098	21282	6042	0	0	2704	0	42746	0	17412	0	1462	0	1228	0	2088	0	17892	0	1638	0	2160	0	1240	2934	34554	0	1106	0	0	0	0	0	0	0	0	0	0	0	980	0	0	0	5480	0	0	0	3994	0	0	0	0	0	0	0	0	0	0	0	0	0	0	0	0	0	0	0	0	326	0	0	0	0	0	
262524	Lingual_L	0	0	0	0	0	0	0	0	0	0	0	0	0	0	0	0	0	0	0	0	0	0	0	0	0	0	0	0	0	0	0	0	898	0	4334	632	1992	324	2288	0	0	0	17556	470	1588	0	0	1884	3520	0	7706	0	6336	0	18280	392	0	0	576	0	0	0	0	0	0	0	11024	464	154	0	0	0	0	0	0	0	296	88	0	0	0	0	0	0	0	0	0	0	450	0	9508	1842	502	132	248	0	17360	1082	11270	2150	198	0	296	0	0	0	0	0	0	0	2228	1756	1338	0	0	100	
353236	Lingual_R	152	396	0	522	0	0	0	122	0	0	0	0	0	0	0	0	0	0	0	622	0	0	0	0	0	0	0	0	0	928	0	0	0	1328	258	2254	194	5840	0	7200	0	0	1242	16866	106	2704	1884	0	0	4382	0	4998	0	6340	898	23508	0	340	0	0	0	0	0	0	0	0	314	14834	158	1636	0	0	0	920	0	0	0	446	0	306	0	256	0	0	0	962	0	0	0	1854	3978	8620	410	372	0	0	2984	12092	6062	12134	0	0	150	88	0	0	0	0	0	804	13706	7314	3134	0	0	0	
234432	Occipital_Sup_L	572	0	86	0	0	0	654	0	0	0	0	0	0	0	0	0	540	0	0	0	0	0	0	0	0	0	0	0	1408	0	0	0	1008	414	1524	702	0	0	0	0	0	0	12504	0	9350	0	3520	0	0	0	33624	0	2658	0	1168	450	294	0	19724	0	4190	0	336	0	3890	0	16124	242	694	0	0	0	0	0	0	0	0	0	0	0	434	0	0	0	750	0	0	0	0	0	0	0	0	0	0	0	356	0	0	0	0	0	0	0	0	0	0	0	0	0	0	0	0	0	0	0	
351000	Occipital_Sup_R	0	680	0	0	0	0	0	0	0	0	0	0	0	0	0	0	0	576	0	0	0	0	0	0	0	0	0	0	0	372	0	0	0	150	0	192	0	0	0	0	0	0	1780	18144	2178	42746	0	4382	0	0	0	29622	0	2050	0	2294	0	1480	0	19692	0	2066	0	1738	0	4096	1318	28504	0	892	0	0	0	0	0	0	0	0	0	0	0	796	0	0	0	6036	0	0	0	3540	0	0	0	0	0	0	0	0	0	0	0	0	0	0	0	0	0	0	0	0	176	0	0	0	0	0	
427548	Occipital_Mid_L	2318	0	386	0	0	0	842	0	0	0	0	0	0	0	0	0	1314	0	98	92	0	0	0	0	0	0	0	0	3892	0	0	0	1760	452	1468	880	494	114	0	112	0	0	15060	0	3420	0	7706	0	33624	0	0	0	17100	0	3804	524	2458	0	31826	0	20196	0	1110	0	16748	0	22760	454	2260	104	174	0	0	0	0	0	292	0	676	0	744	0	0	0	10896	0	0	0	7164	0	0	0	0	0	0	0	452	0	0	0	0	0	0	0	0	0	0	0	0	0	0	0	0	0	0	0	
287428	Occipital_Mid_R	0	272	0	0	0	0	0	0	0	0	0	0	0	0	0	0	0	0	0	0	0	0	0	0	0	0	0	0	0	0	0	0	0	204	0	438	0	0	0	0	0	0	690	15196	160	17412	0	4998	0	29622	0	0	0	6222	0	3400	0	1806	0	9708	0	6450	0	116	0	12730	126	14554	0	878	0	0	0	0	0	0	0	0	0	0	0	120	0	0	0	14198	0	0	0	3912	0	0	0	0	0	0	0	112	0	118	0	0	0	0	0	0	0	0	0	0	272	0	0	0	0	0	
126188	Occipital_Inf_L	410	0	0	0	0	0	0	0	0	0	0	0	0	0	0	0	164	0	0	0	0	0	0	0	0	0	0	0	364	0	0	0	236	252	1098	386	122	0	488	0	0	0	5292	0	628	0	6336	0	2658	0	17100	0	0	0	12476	184	0	0	1442	0	1046	0	168	0	1066	0	2976	240	1720	0	0	0	0	0	0	0	0	0	172	0	202	0	0	0	1440	0	0	0	3462	0	206	0	0	0	0	0	760	0	0	0	0	0	0	0	0	0	0	0	0	0	0	0	0	0	0	0	
105764	Occipital_Inf_R	0	142	0	0	0	0	0	0	0	0	0	0	0	0	0	0	0	0	0	86	0	0	0	0	0	0	0	0	0	170	0	0	0	168	576	840	0	0	0	268	0	0	290	6162	98	1462	0	6340	0	2050	0	6222	0	0	420	10052	0	206	0	202	0	0	0	0	0	0	92	1758	0	294	0	0	0	0	0	0	0	0	0	86	0	104	0	0	0	2290	0	0	0	7190	358	524	0	0	0	0	242	292	592	1506	0	0	0	0	0	0	0	0	0	0	816	808	176	0	0	0	
526776	Fusiform_L	2068	0	1044	0	0	0	0	0	0	0	0	0	0	0	0	0	1250	0	1562	440	0	0	0	0	0	0	0	0	4280	0	0	0	106	2268	6792	4472	20596	1834	9858	1070	5602	0	4990	0	116	0	18280	898	1168	0	3804	0	12476	420	0	3262	1054	202	974	0	1968	0	570	0	1884	0	4770	1080	6408	330	1186	0	3982	0	0	0	3416	964	2466	0	3614	0	3374	0	4548	0	1758	0	27794	108	25300	2580	4634	1290	272	0	13510	696	24292	1546	1734	0	2624	0	0	0	0	0	0	0	1636	1358	810	0	0	0	
553856	Fusiform_R	506	2896	240	3360	0	0	142	1402	0	0	0	512	0	436	0	0	178	1478	282	3312	0	0	0	176	0	0	0	0	758	7256	160	532	332	2002	5468	7840	734	36744	0	28800	0	5574	452	6188	138	1228	392	23508	450	2294	524	3400	184	10052	3262	0	92	1374	506	448	0	0	132	0	0	0	752	4592	404	2614	540	666	106	13830	0	1102	86	694	292	2200	164	3538	0	6606	0	4550	0	3208	468	15298	1690	12084	118	810	0	0	1556	7372	2574	14542	0	0	0	1086	0	0	0	0	0	202	3280	3140	1020	0	0	0	
188476	Postcentral_L	24464	0	2716	180	0	0	4536	0	0	0	3058	0	508	0	0	0	6346	0	1422	500	0	0	0	0	0	0	0	0	4408	0	0	0	160	0	98	138	532	98	0	94	0	0	0	0	0	0	0	0	294	0	2458	0	0	0	1054	92	0	0	5392	0	10932	0	6876	0	276	0	2032	0	1794	0	5890	114	924	110	146	0	584	0	1584	0	2078	0	0	0	796	0	0	0	1554	0	0	0	0	0	0	0	0	0	0	0	0	0	0	0	0	0	0	0	0	0	0	0	0	0	0	0	
159284	Postcentral_R	0	15958	0	1252	0	0	0	1140	0	0	0	678	0	0	0	0	0	3182	0	1260	0	0	0	0	0	0	0	0	0	2450	0	0	0	2256	186	900	0	1254	0	624	0	0	0	2254	0	2088	0	340	0	1480	0	1806	0	206	202	1374	0	0	0	6036	0	4692	0	9566	0	464	0	5932	152	6874	0	0	0	1164	0	102	0	98	0	190	0	1014	0	0	0	824	0	0	0	1296	0	0	0	0	0	0	0	0	0	0	0	0	0	0	0	0	0	0	0	0	348	0	0	0	0	0	
238976	Parietal_Sup_L	1920	0	304	0	0	0	818	0	0	0	0	0	0	0	0	0	1140	0	0	0	0	0	0	0	0	0	0	0	3584	0	0	0	632	338	1106	818	456	110	0	112	0	0	2072	0	1326	0	576	0	19724	0	31826	0	1442	0	974	506	5392	0	0	0	12916	0	682	0	5774	0	21134	150	1036	90	144	0	0	0	0	0	276	0	636	0	590	0	0	0	302	0	0	0	282	0	0	0	0	0	0	0	300	0	0	0	0	0	0	0	0	0	0	0	0	0	0	0	0	0	0	0	
212636	Parietal_Sup_R	0	1172	0	184	0	0	0	174	0	0	0	0	0	0	0	0	0	782	0	0	0	0	0	0	0	0	0	0	0	442	0	0	0	0	0	0	0	0	0	0	0	0	0	792	0	17892	0	0	0	19692	0	9708	0	202	0	448	0	6036	0	0	0	8420	0	2450	0	6572	0	22562	0	752	0	0	0	0	0	0	0	0	0	0	0	1044	0	0	0	3418	0	0	0	3576	0	0	0	0	0	0	0	0	0	0	0	0	0	0	0	0	0	0	0	0	0	0	0	0	0	0	
285428	Parietal_Inf_L	1618	0	240	170	0	0	100	0	0	0	0	0	0	0	0	0	946	0	98	174	0	0	0	0	0	0	0	0	612	0	0	0	0	0	0	0	316	0	0	0	0	0	0	0	0	0	0	0	4190	0	20196	0	1046	0	1968	0	10932	0	12916	0	0	0	17458	0	31526	0	2786	0	536	0	1970	0	126	0	0	0	104	0	292	0	3780	0	0	0	17424	0	0	0	11190	0	0	0	0	0	0	0	0	0	0	0	0	0	0	0	0	0	0	0	0	0	0	0	0	0	0	0	
88668	Parietal_Inf_R	0	972	0	0	0	0	0	0	0	0	0	0	0	0	0	0	0	0	0	0	0	0	0	0	0	0	0	0	0	0	0	0	0	0	0	0	0	0	0	0	0	0	0	0	0	1638	0	0	0	2066	0	6450	0	0	0	0	0	4692	0	8420	0	0	0	5868	0	12302	0	1276	0	186	0	0	0	0	0	0	0	0	0	0	0	0	0	0	0	150	0	0	0	314	0	0	0	0	0	0	0	0	0	0	0	0	0	0	0	0	0	0	0	0	0	0	0	0	0	0	
122240	SupraMarginal_L	1716	0	314	0	0	0	200	0	0	0	0	0	0	0	0	0	3624	0	0	0	0	0	0	0	0	0	0	0	3634	0	0	0	0	0	90	104	672	118	0	124	0	0	0	0	0	0	0	0	336	0	1110	0	168	0	570	132	6876	0	682	0	17458	0	0	0	3910	0	588	0	232	0	2862	0	0	0	0	0	300	0	502	0	7248	0	0	0	6182	0	0	0	1368	0	0	0	0	0	0	0	0	0	0	0	0	0	0	0	0	0	0	0	0	0	0	0	0	0	0	0	
74048	SupraMarginal_R	0	2722	0	254	0	0	0	0	0	0	0	0	0	0	0	0	0	1604	0	0	0	0	0	0	0	0	0	0	0	88	0	0	0	0	0	0	0	0	0	0	0	0	0	0	0	2160	0	0	0	1738	0	116	0	0	0	0	0	9566	0	2450	0	5868	0	0	0	2412	0	2158	0	302	0	0	0	0	0	0	0	0	0	140	0	4360	0	0	0	698	0	0	0	388	0	0	0	0	0	0	0	0	0	0	0	0	0	0	0	0	0	0	0	0	0	0	0	0	0	0	
195884	Angular_L	196	0	0	0	0	0	0	0	0	0	0	0	0	0	0	0	100	0	0	0	0	0	0	0	0	0	0	0	0	0	0	0	0	0	0	0	0	0	0	0	0	0	0	0	0	0	0	0	3890	0	16748	0	1066	0	1884	0	276	0	5774	0	31526	0	3910	0	0	0	1996	0	402	0	0	0	0	0	0	0	0	0	170	0	1524	0	0	0	16434	0	0	0	12046	0	0	0	0	0	0	0	0	0	0	0	0	0	0	0	0	0	0	0	0	0	0	0	0	0	0	0	
91408	Angular_R	0	0	0	0	0	0	0	0	0	0	0	0	0	0	0	0	0	112	0	0	0	0	0	0	0	0	0	0	0	0	0	0	0	0	0	0	0	0	0	0	0	0	0	0	0	1240	0	0	0	4096	0	12730	0	0	0	0	0	464	0	6572	0	12302	0	2412	0	0	0	848	0	0	0	0	0	0	0	0	0	0	0	0	0	2182	0	0	0	2502	0	0	0	244	0	0	0	0	0	0	0	0	0	0	0	0	0	0	0	0	0	0	0	0	0	0	0	0	0	0	
345612	Precuneus_L	1730	0	288	0	0	0	704	0	0	0	0	0	0	0	0	0	870	0	156	96	0	0	0	0	0	0	0	0	3232	0	0	0	6628	1420	9336	3590	3016	1392	546	138	0	0	16630	1102	8190	2934	11024	314	16124	1318	22760	126	2976	92	4770	752	2032	0	21134	0	2786	0	588	0	1996	0	0	7938	1524	846	148	0	0	0	0	0	580	262	650	0	500	0	0	0	314	0	0	0	738	96	234	0	0	0	0	0	7554	0	0	0	0	0	0	0	0	0	0	0	0	0	632	0	0	0	0	0	
472276	Precuneus_R	0	1266	0	190	0	0	0	144	0	0	0	0	0	0	0	0	0	726	852	1246	0	0	562	0	0	0	0	0	0	570	158	954	1876	8862	3030	14554	958	2662	0	1918	0	0	1242	13970	1758	34554	464	14834	242	28504	454	14554	240	1758	1080	4592	0	5932	150	22562	0	1276	0	2158	0	848	7938	0	450	5860	0	0	0	0	0	0	138	510	0	0	0	1080	0	0	0	7218	0	0	208	5800	0	100	0	0	0	0	328	2676	0	110	0	0	0	0	0	0	0	0	0	354	11668	0	0	0	0	0	
214820	Paracentral_Lobule_L	9996	3084	850	1834	0	0	112	1334	0	0	0	0	0	0	0	0	922	0	14652	12970	0	0	0	0	0	0	0	0	612	0	0	0	2940	14678	1558	388	698	364	0	254	0	0	254	0	0	0	154	158	694	0	2260	0	1720	0	6408	404	1794	152	1036	0	536	0	232	0	402	0	1524	450	0	6150	1238	0	126	0	424	0	3980	0	448	0	1276	0	0	0	1596	0	0	0	6396	0	248	0	0	0	0	0	0	0	0	0	0	0	0	0	0	0	0	0	0	0	104	0	0	0	0	0	
182880	Paracentral_Lobule_R	2012	13186	0	400	0	0	0	122	0	0	0	0	0	0	0	0	0	1212	750	15450	0	0	0	0	0	0	0	0	90	588	0	0	378	16274	698	2178	0	1244	0	1194	0	0	0	806	0	1106	0	1636	0	892	104	878	0	294	330	2614	0	6874	90	752	0	186	0	302	0	0	846	5860	6150	0	480	0	0	0	0	0	0	0	0	86	0	1404	0	0	0	992	0	0	0	1308	0	0	0	0	0	0	0	0	0	0	0	0	0	0	0	0	0	0	0	0	1674	0	0	0	0	0	
614084	Caudate_L	5492	1020	18534	9088	1434	314	2080	666	434	0	11554	7396	3914	1138	2290	234	6646	2662	14230	12726	14662	12396	5974	3488	332	2522	5512	4078	19978	7964	16034	10408	696	2446	0	102	2382	648	362	536	1240	0	0	0	0	0	0	0	0	0	174	0	0	0	1186	540	5890	0	144	0	1970	0	2862	0	0	0	148	0	1238	480	0	25654	24042	5612	2206	600	11790	880	182	200	2724	0	1684	0	1014	0	0	0	2210	0	0	0	0	0	0	0	0	0	0	0	0	0	0	0	0	0	0	0	0	0	0	0	0	0	0	0	
619372	Caudate_R	842	1744	4830	32702	366	1286	578	3694	0	246	4814	17458	1026	6632	550	880	1352	2848	4218	24566	7276	7902	3508	16058	0	11552	1754	2076	5830	15584	8008	35428	220	2172	0	0	178	956	0	758	508	0	0	0	0	0	0	0	0	0	0	0	0	0	0	666	114	0	0	0	0	0	0	0	0	0	0	0	0	0	25654	0	5724	22172	0	4982	1386	17082	102	116	128	118	790	252	0	0	0	0	0	0	0	0	0	0	0	0	0	0	0	0	0	0	0	0	0	0	0	0	0	0	0	0	0	0	0	0	
353548	Putamen_L	2038	0	20002	878	2842	0	1134	0	686	0	2572	864	1754	122	3646	0	3284	344	11552	1598	3068	2588	5846	1214	1234	428	628	526	21740	920	10926	800	236	272	616	638	8874	116	1540	114	912	0	0	0	0	0	0	0	0	0	0	0	0	0	3982	106	924	0	0	0	126	0	0	0	0	0	0	0	126	0	24042	5724	0	1114	6614	342	5148	608	1436	0	2078	0	220	0	1054	0	0	0	6110	0	166	0	130	0	0	0	0	0	172	0	0	0	0	0	0	0	0	0	0	0	0	0	0	0	0	0	
482240	Putamen_R	226	2322	1262	22652	118	6012	402	4568	0	1144	1084	5434	264	2726	186	2492	572	4060	1114	11596	1494	2044	1274	9294	0	11528	174	2920	1770	20630	3192	15430	138	756	0	116	220	22868	0	15862	0	4260	0	0	0	0	0	920	0	0	0	0	0	0	0	13830	110	1164	0	0	0	0	0	0	0	0	0	0	0	0	5612	22172	1114	0	0	8486	274	2350	174	1076	0	318	214	258	0	126	0	0	0	478	0	0	0	0	0	0	0	240	0	0	0	0	0	0	0	0	0	0	0	0	0	0	0	0	0	0	
44556	Pallidum_L	406	0	6118	0	0	0	214	0	0	0	0	0	0	0	0	0	148	0	1922	0	0	0	0	0	0	0	0	0	634	0	0	0	0	0	174	178	704	0	0	0	0	0	0	0	0	0	0	0	0	0	0	0	0	0	0	0	146	0	0	0	0	0	0	0	0	0	0	0	424	0	2206	0	6614	0	0	0	2022	0	368	0	0	0	0	0	0	0	0	0	0	0	0	0	0	0	0	0	0	0	0	0	0	0	0	0	0	0	0	0	0	0	0	0	0	0	0	0	
71180	Pallidum_R	0	374	326	3070	0	208	0	1016	0	0	0	586	0	420	0	0	0	136	352	1906	0	0	414	476	0	582	0	0	132	968	878	2142	0	204	0	0	0	2916	0	2308	0	0	0	0	0	0	0	0	0	0	0	0	0	0	0	1102	0	102	0	0	0	0	0	0	0	0	0	0	0	0	600	4982	342	8486	0	0	0	562	0	0	0	0	0	0	0	0	0	0	0	0	0	0	0	0	0	0	0	0	0	0	0	0	0	0	0	0	0	0	0	0	0	0	0	0	0	0	
191412	Thalamus_L	4492	610	3214	1076	0	0	1086	244	0	0	160	182	0	0	0	0	1662	86	4188	1544	0	0	0	190	0	154	0	0	7462	198	122	294	0	1168	2740	3692	12594	704	2178	170	0	0	0	0	0	0	296	0	0	0	292	0	0	0	3416	86	584	0	276	0	104	0	300	0	0	0	580	138	3980	0	11790	1386	5148	274	2022	0	0	6160	4102	0	1104	0	0	0	266	0	0	0	3192	0	0	0	0	0	0	0	0	0	0	0	0	0	0	0	0	0	0	0	0	0	0	0	0	0	0	0	
151968	Thalamus_R	618	3394	448	12198	0	0	0	5058	0	0	0	290	0	0	0	0	156	142	426	4906	0	0	0	356	0	638	0	0	486	304	0	900	0	286	1008	1940	2800	4840	2062	1400	0	398	0	0	0	0	88	446	0	0	0	0	0	0	964	694	0	98	0	0	0	0	0	0	0	0	262	510	0	0	880	17082	608	2350	0	562	6160	0	226	0	0	0	0	0	0	0	0	0	0	0	0	0	0	0	0	0	0	0	0	0	0	0	0	0	0	0	0	0	0	0	0	0	0	0	0	0	
138052	Heschl_L	2570	90	2478	88	0	0	2104	0	0	0	686	0	0	0	0	0	7684	0	1276	378	0	0	92	0	0	0	0	0	13380	0	232	0	158	0	2252	2598	7886	262	0	264	0	0	0	0	0	0	0	0	0	0	676	0	172	0	2466	292	1584	0	636	0	292	0	502	0	170	0	650	0	448	0	182	102	1436	174	368	0	4102	226	0	0	6610	0	0	0	1504	0	0	0	1956	0	0	0	0	0	0	0	0	0	0	0	0	0	0	0	0	0	0	0	0	0	0	0	0	0	0	0	
61424	Heschl_R	0	346	104	2028	0	0	0	2054	0	0	96	0	0	0	0	0	0	6140	112	294	0	0	0	0	0	0	0	0	122	5922	0	0	0	0	0	0	0	2006	0	1324	0	0	0	0	0	0	0	306	0	0	0	0	0	86	0	2200	0	190	0	0	0	0	0	140	0	0	0	0	0	86	200	116	0	1076	0	0	0	0	0	0	0	5098	0	0	0	500	0	0	0	166	0	0	0	0	0	0	0	0	0	0	0	0	0	0	0	0	0	0	0	0	0	0	0	0	0	0	
247436	Temporal_Sup_L	1948	0	2284	596	0	0	378	0	0	0	3408	152	522	0	0	0	13396	156	1898	1626	0	0	0	0	0	0	0	0	16020	200	0	0	288	218	0	114	2664	150	0	154	0	0	0	0	0	0	0	0	434	0	744	0	202	0	3614	164	2078	0	590	0	3780	0	7248	0	1524	0	500	0	1276	0	2724	128	2078	0	0	0	1104	0	6610	0	0	0	7078	0	24872	0	0	0	10798	0	0	0	0	0	0	0	0	0	0	0	0	0	0	0	0	0	0	0	0	0	0	0	0	0	0	0	
138456	Temporal_Sup_R	0	1582	0	876	0	0	0	662	0	0	0	502	0	0	0	426	0	6560	0	270	0	0	0	0	0	0	0	0	0	7270	0	0	0	298	0	0	0	1486	0	670	0	0	0	0	0	980	0	256	0	796	0	120	0	104	0	3538	0	1014	0	1044	0	0	0	4360	0	2182	0	1080	0	1404	0	118	0	318	0	0	0	0	0	5098	0	0	0	3642	0	17870	0	406	0	4296	0	0	0	0	0	0	0	0	0	0	0	0	0	0	0	0	0	0	0	0	0	0	0	0	0	0	
113872	Temporal_Pole_Sup_L	0	0	428	440	358	0	0	0	390	0	3102	394	802	0	1028	0	2884	132	220	486	0	0	0	306	0	166	0	0	5578	496	0	378	0	0	0	0	1414	0	556	0	694	0	0	0	0	0	0	0	0	0	0	0	0	0	3374	0	0	0	0	0	0	0	0	0	0	0	0	0	0	0	1684	790	220	214	0	0	0	0	0	0	7078	0	0	0	10198	0	4790	0	8336	0	0	0	0	0	0	0	0	0	0	0	0	0	0	0	0	0	0	0	0	0	0	0	0	0	0	0	
78248	Temporal_Pole_Sup_R	0	0	0	422	0	0	0	238	0	0	0	580	0	0	0	1086	0	812	0	98	0	0	0	0	0	0	0	0	0	1848	0	0	0	0	0	0	0	1088	0	1898	0	2564	0	0	0	0	0	0	0	0	0	0	0	0	0	6606	0	0	0	0	0	0	0	0	0	0	0	0	0	0	0	252	0	258	0	0	0	0	0	0	0	3642	0	0	0	6816	0	7312	0	3604	0	0	0	0	0	0	0	0	0	0	0	0	0	0	0	0	0	0	0	0	0	0	0	0	0	0	
318144	Temporal_Mid_L	676	0	448	0	0	0	0	0	0	0	322	0	0	0	0	0	2964	0	332	160	0	0	0	0	0	0	0	0	6474	0	0	0	0	132	158	0	686	0	0	0	280	0	0	0	0	0	0	0	750	0	10896	0	1440	0	4548	0	796	0	302	0	17424	0	6182	0	16434	0	314	0	1596	0	1014	0	1054	0	0	0	266	0	1504	0	24872	0	10198	0	0	0	5576	0	41274	0	0	0	0	0	0	0	0	0	0	0	0	0	0	0	0	0	0	0	0	0	0	0	0	0	0	0	
220012	Temporal_Mid_R	0	744	0	0	0	0	0	0	0	0	0	0	0	0	0	122	0	574	0	98	0	0	0	0	0	0	0	0	0	3028	0	0	0	330	0	622	0	370	0	94	0	0	0	4458	0	5480	0	962	0	6036	0	14198	0	2290	0	4550	0	824	0	3418	0	150	0	698	0	2502	0	7218	0	992	0	0	0	126	0	0	0	0	0	500	0	17870	0	6816	0	0	0	4624	0	19834	0	0	0	0	0	0	0	0	0	0	0	0	0	0	0	0	0	0	0	0	478	0	0	0	0	0	
34840	Temporal_Pole_Mid_L	0	0	0	0	0	0	0	0	0	0	0	0	0	0	0	0	0	0	0	0	0	0	0	0	0	0	0	0	0	0	0	0	0	0	0	0	166	0	232	0	160	0	0	0	0	0	0	0	0	0	0	0	0	0	1758	0	0	0	0	0	0	0	0	0	0	0	0	0	0	0	0	0	0	0	0	0	0	0	0	0	0	0	4790	0	5576	0	0	0	4738	0	0	0	0	0	0	0	0	0	0	0	0	0	0	0	0	0	0	0	0	0	0	0	0	0	0	0	
38612	Temporal_Pole_Mid_R	0	0	0	0	0	0	0	0	0	0	0	0	0	0	0	0	0	0	0	0	0	0	0	0	0	0	0	0	0	0	0	0	0	0	0	0	0	0	0	678	0	354	0	0	0	0	0	0	0	0	0	0	0	0	0	3208	0	0	0	0	0	0	0	0	0	0	0	0	0	0	0	0	0	0	0	0	0	0	0	0	0	406	0	7312	0	4624	0	0	0	2724	0	0	0	0	0	0	0	0	0	0	0	0	0	0	0	0	0	0	0	0	0	0	0	0	0	0	
380524	Temporal_Inf_L	1804	0	2054	0	0	0	108	0	0	0	0	0	0	0	0	0	1108	0	1740	116	0	0	0	0	0	0	0	0	8416	0	0	0	0	510	1352	634	13050	130	962	0	1870	0	390	0	0	0	450	0	0	0	7164	0	3462	0	27794	468	1554	0	282	0	11190	0	1368	0	12046	0	738	208	6396	0	2210	0	6110	0	0	0	3192	0	1956	0	10798	0	8336	0	41274	0	4738	0	0	0	2682	0	538	0	0	0	316	0	748	0	0	0	0	0	0	0	0	0	0	0	0	0	0	0	0	0	
183236	Temporal_Inf_R	0	1256	0	0	0	0	0	0	0	0	0	0	0	0	0	0	0	188	0	184	0	0	0	0	0	0	0	0	0	1918	0	0	0	570	306	1132	0	1700	0	364	0	148	0	2576	0	3994	0	1854	0	3540	0	3912	0	7190	108	15298	0	1296	0	3576	0	314	0	388	0	244	96	5800	0	1308	0	0	0	478	0	0	0	0	0	166	0	4296	0	3604	0	19834	0	2724	0	0	0	280	0	0	0	0	0	0	0	0	0	0	0	0	0	0	0	0	0	0	976	0	0	0	0	0	
550296	Cerebelum_Crus1_L	0	0	0	0	0	0	0	0	0	0	0	0	0	0	0	0	0	0	0	0	0	0	0	0	0	0	0	0	0	0	0	0	0	0	286	130	396	0	656	0	0	0	202	0	0	0	9508	3978	0	0	0	0	206	358	25300	1690	0	0	0	0	0	0	0	0	0	0	234	0	248	0	0	0	166	0	0	0	0	0	0	0	0	0	0	0	0	0	0	0	2682	0	0	15578	38016	10784	1402	204	23846	2872	52810	10568	13742	1332	18958	1914	1080	720	124	0	124	660	6886	11026	13092	1826	990	554	
529956	Cerebelum_Crus1_R	0	0	0	0	0	0	0	0	0	0	0	0	0	0	0	0	0	0	0	0	0	0	0	0	0	0	0	0	0	0	0	0	0	0	0	0	0	0	0	104	0	0	0	0	0	0	1842	8620	0	0	0	0	0	524	2580	12084	0	0	0	0	0	0	0	0	0	0	0	100	0	0	0	0	0	0	0	0	0	0	0	0	0	0	0	0	0	0	0	0	0	280	15578	0	9002	31616	198	4064	7642	24730	12320	56504	1714	3952	3854	17288	0	1110	0	0	366	1260	11954	17038	15202	1714	1414	324	
395760	Cerebelum_Crus2_L	0	0	0	0	0	0	0	0	0	0	0	0	0	0	0	0	0	0	0	0	0	0	0	0	0	0	0	0	0	0	0	0	0	0	0	0	274	0	110	0	0	0	0	0	0	0	502	410	0	0	0	0	0	0	4634	118	0	0	0	0	0	0	0	0	0	0	0	0	0	0	0	0	130	0	0	0	0	0	0	0	0	0	0	0	0	0	0	0	538	0	38016	9002	0	17104	386	88	5770	616	11034	2318	33144	7486	31966	5326	2226	936	324	0	0	154	2122	2174	12830	6228	1196	718	
369232	Cerebelum_Crus2_R	0	0	0	0	0	0	0	0	0	0	0	0	0	0	0	0	0	0	0	0	0	0	0	0	0	0	0	0	0	0	0	0	0	0	0	0	0	0	0	0	0	0	0	0	0	0	132	372	0	0	0	0	0	0	1290	810	0	0	0	0	0	0	0	0	0	0	0	0	0	0	0	0	0	0	0	0	0	0	0	0	0	0	0	0	0	0	0	0	0	0	10784	31616	17104	0	96	916	2314	5654	4406	11710	6976	21074	7638	28078	128	3608	0	310	176	320	1766	3348	14592	6716	2496	186	
29168	Cerebelum_3_L	0	0	0	0	0	0	0	0	0	0	0	0	0	0	0	0	0	0	0	0	0	0	0	0	0	0	0	0	0	0	0	0	0	0	0	0	0	0	0	0	0	0	0	0	0	0	248	0	0	0	0	0	0	0	272	0	0	0	0	0	0	0	0	0	0	0	0	0	0	0	0	0	0	0	0	0	0	0	0	0	0	0	0	0	0	0	0	0	0	0	1402	198	386	96	0	158	4864	0	2310	186	322	0	694	0	136	0	0	0	460	1228	1144	154	118	114	94	0	
49908	Cerebelum_3_R	0	0	0	0	0	0	0	0	0	0	0	0	0	0	0	0	0	0	0	0	0	0	0	0	0	0	0	0	0	0	0	0	0	0	0	0	0	0	0	0	0	0	0	0	0	0	0	0	0	0	0	0	0	0	0	0	0	0	0	0	0	0	0	0	0	0	0	0	0	0	0	0	0	0	0	0	0	0	0	0	0	0	0	0	0	0	0	0	0	0	204	4064	88	916	158	0	412	5544	290	6254	0	118	152	1160	0	358	0	0	602	2292	886	0	216	650	590	0	
376864	Cerebelum_4_5_L	0	0	0	0	0	0	0	0	0	0	0	0	0	0	0	0	0	0	0	0	0	0	0	0	0	0	0	0	0	0	0	0	552	0	3542	380	686	178	586	0	0	0	7298	0	756	0	17360	2984	356	0	452	0	760	242	13510	1556	0	0	300	0	0	0	0	0	0	0	7554	328	0	0	0	0	0	0	0	0	0	0	0	0	0	0	0	0	0	0	0	0	316	0	23846	7642	5770	2314	4864	412	0	4506	33826	7368	3444	0	6482	544	820	682	0	0	128	1496	14336	6050	1570	738	900	998	
289944	Cerebelum_4_5_R	0	0	0	0	0	0	0	0	0	0	0	0	0	0	0	0	0	0	0	0	0	0	0	0	0	0	0	0	0	110	0	0	0	0	0	210	0	1586	0	3928	0	178	0	130	0	0	1082	12092	0	0	0	112	0	292	696	7372	0	0	0	0	0	0	0	0	0	0	0	2676	0	0	0	0	0	240	0	0	0	0	0	0	0	0	0	0	0	0	0	0	0	0	2872	24730	616	5654	0	5544	4506	0	4144	31894	324	666	614	6860	0	816	0	126	262	2742	12398	4576	3360	828	736	0	
458480	Cerebelum_6_L	0	0	0	0	0	0	0	0	0	0	0	0	0	0	0	0	0	0	0	0	0	0	0	0	0	0	0	0	0	0	0	0	0	0	0	0	368	0	678	0	0	0	0	0	0	0	11270	6062	0	0	0	0	0	592	24292	2574	0	0	0	0	0	0	0	0	0	0	0	0	0	0	0	0	172	0	0	0	0	0	0	0	0	0	0	0	0	0	0	0	748	0	52810	12320	11034	4406	2310	290	33826	4144	0	12088	4642	218	7960	1036	568	328	302	0	100	908	10930	13370	7346	434	502	612	
477968	Cerebelum_6_R	0	0	0	0	0	0	0	0	0	0	0	0	0	0	0	0	0	0	0	0	0	0	0	0	0	0	0	0	0	0	0	0	0	0	0	0	0	0	0	142	0	0	0	98	0	0	2150	12134	0	0	0	118	0	1506	1546	14542	0	0	0	0	0	0	0	0	0	0	0	110	0	0	0	0	0	0	0	0	0	0	0	0	0	0	0	0	0	0	0	0	0	0	10568	56504	2318	11710	186	6254	7368	31894	12088	0	812	736	2294	10974	0	1286	0	214	456	2436	14820	18590	12090	1432	1306	302	
270588	Cerebelum_7b_L	0	0	0	0	0	0	0	0	0	0	0	0	0	0	0	0	0	0	0	0	0	0	0	0	0	0	0	0	0	0	0	0	0	0	0	0	0	0	266	0	0	0	0	0	0	0	198	0	0	0	0	0	0	0	1734	0	0	0	0	0	0	0	0	0	0	0	0	0	0	0	0	0	0	0	0	0	0	0	0	0	0	0	0	0	0	0	0	0	0	0	13742	1714	33144	6976	322	0	3444	324	4642	812	0	5974	35136	5574	2478	510	442	0	0	100	1618	854	6754	7392	644	500	
162100	Cerebelum_7b_R	0	0	0	0	0	0	0	0	0	0	0	0	0	0	0	0	0	0	0	0	0	0	0	0	0	0	0	0	0	0	0	0	0	0	0	0	0	0	0	0	0	0	0	0	0	0	0	0	0	0	0	0	0	0	0	0	0	0	0	0	0	0	0	0	0	0	0	0	0	0	0	0	0	0	0	0	0	0	0	0	0	0	0	0	0	0	0	0	0	0	1332	3952	7486	21074	0	118	0	666	218	736	5974	0	5284	19384	0	2522	0	186	0	0	0	244	6234	5282	358	0	
368724	Cerebelum_8_L	0	0	0	0	0	0	0	0	0	0	0	0	0	0	0	0	0	0	0	0	0	0	0	0	0	0	0	0	0	0	0	0	0	0	0	0	0	0	290	0	0	0	0	0	0	0	296	150	0	0	0	0	0	0	2624	0	0	0	0	0	0	0	0	0	0	0	0	0	0	0	0	0	0	0	0	0	0	0	0	0	0	0	0	0	0	0	0	0	0	0	18958	3854	31966	7638	694	152	6482	614	7960	2294	35136	5284	0	7546	12822	4302	1172	0	96	200	3166	2372	8164	12438	4974	2718	
289416	Cerebelum_8_R	0	0	0	0	0	0	0	0	0	0	0	0	0	0	0	0	0	0	0	0	0	0	0	0	0	0	0	0	0	0	0	0	0	0	0	0	0	0	0	0	0	0	0	0	0	0	0	88	0	0	0	0	0	0	0	1086	0	0	0	0	0	0	0	0	0	0	0	0	0	0	0	0	0	0	0	0	0	0	0	0	0	0	0	0	0	0	0	0	0	0	1914	17288	5326	28078	0	1160	544	6860	1036	10974	5574	19384	7546	0	540	12372	0	726	230	352	1520	1348	5262	10526	4492	482	
55616	Cerebelum_9_L	0	0	0	0	0	0	0	0	0	0	0	0	0	0	0	0	0	0	0	0	0	0	0	0	0	0	0	0	0	0	0	0	0	0	0	0	0	0	0	0	0	0	0	0	0	0	0	0	0	0	0	0	0	0	0	0	0	0	0	0	0	0	0	0	0	0	0	0	0	0	0	0	0	0	0	0	0	0	0	0	0	0	0	0	0	0	0	0	0	0	1080	0	2226	128	136	0	820	0	568	0	2478	0	12822	540	0	1574	2452	0	0	0	0	0	130	1028	1398	428	
111172	Cerebelum_9_R	0	0	0	0	0	0	0	0	0	0	0	0	0	0	0	0	0	0	0	0	0	0	0	0	0	0	0	0	0	0	0	0	0	0	0	0	0	0	0	0	0	0	0	0	0	0	0	0	0	0	0	0	0	0	0	0	0	0	0	0	0	0	0	0	0	0	0	0	0	0	0	0	0	0	0	0	0	0	0	0	0	0	0	0	0	0	0	0	0	0	720	1110	936	3608	0	358	682	816	328	1286	510	2522	4302	12372	1574	0	0	1044	144	112	1004	1356	1688	7620	8628	2866	
9632	Cerebelum_10_L	0	0	0	0	0	0	0	0	0	0	0	0	0	0	0	0	0	0	0	0	0	0	0	0	0	0	0	0	0	0	0	0	0	0	0	0	0	0	0	0	0	0	0	0	0	0	0	0	0	0	0	0	0	0	0	0	0	0	0	0	0	0	0	0	0	0	0	0	0	0	0	0	0	0	0	0	0	0	0	0	0	0	0	0	0	0	0	0	0	0	124	0	324	0	0	0	0	0	302	0	442	0	1172	0	2452	0	0	0	0	0	0	0	0	0	0	0	
6212	Cerebelum_10_R	0	0	0	0	0	0	0	0	0	0	0	0	0	0	0	0	0	0	0	0	0	0	0	0	0	0	0	0	0	0	0	0	0	0	0	0	0	0	0	0	0	0	0	0	0	0	0	0	0	0	0	0	0	0	0	0	0	0	0	0	0	0	0	0	0	0	0	0	0	0	0	0	0	0	0	0	0	0	0	0	0	0	0	0	0	0	0	0	0	0	0	0	0	310	0	0	0	126	0	214	0	186	0	726	0	1044	0	0	0	0	0	0	0	246	254	0	
