data	data	564372	151768	904576	814596	140396	141344	608356	203772	69296	37572	310636	115472	295848	82468	216336	134596	198080	125508	610292	822660	80604	92040	407496	399404	62480	160708	57324	78628	673092	313980	332112	485424	166776	487276	163796	164796	263804	378040	122656	171384	29996	45864	311288	357604	204028	416656	223140	279024	294132	369944	532940	229656	183948	174956	402488	486228	250452	170708	165840	101232	225444	72160	97720	86172	147860	85364	370276	490508	297572	183888	285084	486136	356644	347320	47328	25740	127340	216612	122880	35952	204300	130332	94540	57300	331384	197452	19136	18748	259444	215696	614728	480640	346224	348124	41788	59424	286284	213828	572620	509704	285388	176312	360368	319440	140036	135564	26888	25740	33072	74716	235944	267136	264632	121580	75836	31100	
data	data	Precentral_L	Precentral_R	Frontal_Sup_L	Frontal_Sup_R	Frontal_Sup_Orb_L	Frontal_Sup_Orb_R	Frontal_Mid_L	Frontal_Mid_R	Frontal_Mid_Orb_L	Frontal_Mid_Orb_R	Frontal_Inf_Oper_L	Frontal_Inf_Oper_R	Frontal_Inf_Tri_L	Frontal_Inf_Tri_R	Frontal_Inf_Orb_L	Frontal_Inf_Orb_R	Rolandic_Oper_L	Rolandic_Oper_R	Supp_Motor_Area_L	Supp_Motor_Area_R	Olfactory_L	Olfactory_R	Frontal_Sup_Medial_L	Frontal_Sup_Medial_R	Frontal_Med_Orb_L	Frontal_Med_Orb_R	Rectus_L	Rectus_R	Insula_L	Insula_R	Cingulum_Ant_L	Cingulum_Ant_R	Cingulum_Mid_L	Cingulum_Mid_R	Cingulum_Post_L	Cingulum_Post_R	Hippocampus_L	Hippocampus_R	ParaHippocampal_L	ParaHippocampal_R	Amygdala_L	Amygdala_R	Calcarine_L	Calcarine_R	Cuneus_L	Cuneus_R	Lingual_L	Lingual_R	Occipital_Sup_L	Occipital_Sup_R	Occipital_Mid_L	Occipital_Mid_R	Occipital_Inf_L	Occipital_Inf_R	Fusiform_L	Fusiform_R	Postcentral_L	Postcentral_R	Parietal_Sup_L	Parietal_Sup_R	Parietal_Inf_L	Parietal_Inf_R	SupraMarginal_L	SupraMarginal_R	Angular_L	Angular_R	Precuneus_L	Precuneus_R	Paracentral_Lobule_L	Paracentral_Lobule_R	Caudate_L	Caudate_R	Putamen_L	Putamen_R	Pallidum_L	Pallidum_R	Thalamus_L	Thalamus_R	Heschl_L	Heschl_R	Temporal_Sup_L	Temporal_Sup_R	Temporal_Pole_Sup_L	Temporal_Pole_Sup_R	Temporal_Mid_L	Temporal_Mid_R	Temporal_Pole_Mid_L	Temporal_Pole_Mid_R	Temporal_Inf_L	Temporal_Inf_R	Cerebelum_Crus1_L	Cerebelum_Crus1_R	Cerebelum_Crus2_L	Cerebelum_Crus2_R	Cerebelum_3_L	Cerebelum_3_R	Cerebelum_4_5_L	Cerebelum_4_5_R	Cerebelum_6_L	Cerebelum_6_R	Cerebelum_7b_L	Cerebelum_7b_R	Cerebelum_8_L	Cerebelum_8_R	Cerebelum_9_L	Cerebelum_9_R	Cerebelum_10_L	Cerebelum_10_R	Vermis_1_2	Vermis_3	Vermis_4_5	Vermis_6	Vermis_7	Vermis_8	Vermis_9	Vermis_10	
564372	Precentral_L	0	2102	24890	5088	0	0	37574	160	0	0	13020	0	1796	0	184	0	10778	0	8294	11526	0	0	0	0	0	0	0	0	18060	246	106	0	2624	3710	2616	2010	9610	1874	1714	532	110	0	236	186	148	168	0	0	112	0	1760	0	920	506	1276	540	25576	162	1112	0	7056	0	1062	0	130	0	392	206	37454	2206	2576	578	7536	0	2128	0	12152	1804	8422	154	3038	0	300	0	840	126	0	0	2240	460	0	0	0	0	0	0	0	0	0	0	0	0	0	0	0	0	0	0	0	0	0	0	0	0	0	0	
151768	Precentral_R	2102	0	722	5422	0	0	138	5446	0	0	0	3600	138	0	0	0	0	1210	818	5304	0	0	0	0	0	0	0	0	126	1442	0	0	402	830	1038	772	108	5022	0	346	0	0	244	928	290	1402	0	0	0	910	0	764	124	2278	150	1004	0	12502	0	158	0	124	0	296	0	308	572	1784	2366	6942	678	448	638	1128	0	144	136	1916	0	296	0	494	0	0	0	1198	0	0	0	676	0	0	0	0	0	0	0	0	0	0	0	0	0	0	0	0	0	0	0	0	0	0	0	0	0	0	
904576	Frontal_Sup_L	24890	722	0	10564	10132	1018	71102	230	3324	196	18400	108	18720	0	12982	474	5102	168	58804	12662	812	0	45340	8736	3522	1106	674	184	39370	402	17152	7338	4494	2432	634	596	6204	648	664	240	94	0	0	0	0	0	0	0	0	0	0	0	0	156	146	186	1994	110	0	0	182	0	0	0	0	0	0	0	3418	0	9638	2068	31720	0	6204	0	1938	412	568	0	1914	0	1222	0	0	0	0	0	0	172	0	0	0	0	0	0	0	0	0	0	0	0	0	0	0	0	0	0	0	0	0	0	0	0	0	0	
814596	Frontal_Sup_R	5088	5422	10564	0	0	5508	3294	29564	0	1110	672	6204	854	3980	498	4816	376	3756	20196	89142	112	180	10860	37368	0	7232	0	850	1258	13146	4810	26986	3050	25054	208	238	102	3522	0	1134	0	90	0	110	0	102	0	0	0	0	0	174	0	208	0	744	0	130	0	0	0	0	0	0	0	0	0	110	2354	0	4324	33036	2250	21666	0	1956	226	10894	0	0	96	710	216	256	0	270	0	0	0	222	0	0	0	0	0	0	0	0	0	0	0	0	0	0	0	0	0	0	0	0	0	0	0	0	0	0	
140396	Frontal_Sup_Orb_L	0	0	10132	0	0	240	2886	0	9886	0	0	0	862	0	7290	0	0	0	588	0	1832	342	7282	264	6966	710	5414	334	2808	0	4124	544	0	0	0	0	0	0	0	0	0	0	0	0	0	0	0	0	0	0	0	0	0	0	0	0	0	0	0	0	0	0	0	0	0	0	0	0	0	0	2556	236	4606	0	0	0	0	0	0	0	0	0	296	0	0	0	0	0	0	0	0	0	0	0	0	0	0	0	0	0	0	0	0	0	0	0	0	0	0	0	0	0	0	0	0	0	
141344	Frontal_Sup_Orb_R	0	0	1018	5508	240	0	176	796	94	4758	0	0	0	0	152	3384	0	0	0	188	1036	2700	2274	7908	136	10658	426	7074	96	284	4232	5690	0	188	0	0	0	0	0	0	0	0	0	0	0	0	0	0	0	0	0	0	0	0	0	0	0	0	0	0	0	0	0	0	0	0	0	0	0	0	1404	5764	562	3926	0	0	0	0	0	0	0	0	0	0	0	0	0	0	0	0	0	0	0	0	0	0	0	0	0	0	0	0	0	0	0	0	0	0	0	0	0	0	0	0	0	0	
608356	Frontal_Mid_L	37574	138	71102	3294	2886	176	0	0	3208	0	22268	0	25310	0	9332	156	9818	0	11158	3608	284	0	9600	1242	0	166	0	0	36720	0	5048	1012	666	444	368	294	3162	306	564	0	0	0	0	0	0	0	0	0	0	0	154	0	204	0	338	0	4724	0	124	0	974	0	124	0	0	0	0	0	8440	142	3206	404	11452	0	1400	0	3200	414	4710	0	1858	0	1068	0	352	0	0	0	986	0	0	0	0	0	0	0	0	0	0	0	0	0	0	0	0	0	0	0	0	0	0	0	0	0	0	0	
203772	Frontal_Mid_R	160	5446	230	29564	0	796	0	0	0	1096	120	6194	166	6580	124	2068	0	2392	900	7178	0	0	258	3760	0	1682	0	0	292	7240	216	3384	90	1990	156	164	132	2004	0	150	0	0	0	0	0	0	0	0	0	0	0	0	0	0	0	0	0	138	0	0	0	0	0	0	0	0	0	0	0	0	464	7320	224	6358	0	0	0	2102	90	0	0	558	0	100	0	0	0	0	0	0	0	0	0	0	0	0	0	0	0	0	0	0	0	0	0	0	0	0	0	0	0	0	0	0	0	0	
69296	Frontal_Mid_Orb_L	0	0	3324	0	9886	94	3208	0	0	0	0	0	1710	0	7526	0	0	0	322	0	216	152	1480	0	1684	0	1830	156	568	0	308	98	0	0	0	0	0	0	0	0	0	0	0	0	0	0	0	0	0	0	0	0	0	0	0	0	0	0	0	0	0	0	0	0	0	0	0	0	0	0	512	0	1574	0	0	0	0	0	0	0	0	0	0	0	0	0	0	0	0	0	0	0	0	0	0	0	0	0	0	0	0	0	0	0	0	0	0	0	0	0	0	0	0	0	0	0	
37572	Frontal_Mid_Orb_R	0	0	196	1110	0	4758	0	1096	0	0	0	0	0	0	0	4316	0	0	90	222	0	0	420	838	0	1226	0	470	0	102	578	720	0	0	0	0	0	0	0	0	0	0	0	0	0	0	0	0	0	0	0	0	0	0	0	0	0	0	0	0	0	0	0	0	0	0	0	0	0	0	0	1156	0	1488	0	0	0	0	0	0	0	0	0	0	0	0	0	0	0	0	0	0	0	0	0	0	0	0	0	0	0	0	0	0	0	0	0	0	0	0	0	0	0	0	0	0	
310636	Frontal_Inf_Oper_L	13020	0	18400	672	0	0	22268	120	0	0	0	0	13462	0	616	200	16200	0	11398	564	0	0	102	148	0	110	0	0	36180	0	162	138	138	0	122	0	1130	0	0	0	0	0	0	0	0	0	0	0	0	0	108	0	188	0	272	0	3280	0	0	0	668	0	180	0	0	0	0	0	132	0	656	444	3838	0	0	0	0	0	1998	0	3310	0	3990	0	318	0	0	0	786	0	0	0	0	0	0	0	0	0	0	0	0	0	0	0	0	0	0	0	0	0	0	0	0	0	0	0	
115472	Frontal_Inf_Oper_R	0	3600	108	6204	0	0	0	6194	0	0	0	0	0	6718	0	178	0	4894	538	5170	0	0	0	0	0	0	0	0	0	10190	0	0	0	756	110	142	0	1752	0	306	0	0	0	138	0	126	0	0	0	0	0	0	0	312	0	484	0	1456	0	0	0	0	0	0	0	0	0	186	0	0	106	1148	0	5088	0	230	0	624	0	90	0	262	0	108	0	182	0	0	0	336	0	0	0	0	0	0	0	0	0	0	0	0	0	0	0	0	0	0	0	0	0	0	0	0	0	0	
295848	Frontal_Inf_Tri_L	1796	138	18720	854	862	0	25310	166	1710	0	13462	0	0	0	17690	962	1440	0	8706	772	0	0	2702	374	0	138	0	0	34184	0	3464	366	674	0	0	0	0	0	0	0	0	0	0	0	0	0	0	0	0	0	0	0	0	0	0	0	666	0	0	0	0	0	0	0	0	0	0	0	0	0	4666	1800	4646	0	0	0	270	0	0	0	478	0	908	0	0	0	0	0	0	0	0	0	0	0	0	0	0	0	0	0	0	0	0	0	0	0	0	0	0	0	0	0	0	0	0	0	
82468	Frontal_Inf_Tri_R	0	0	0	3980	0	0	0	6580	0	0	0	6718	0	0	0	6270	0	90	0	4530	0	0	0	316	0	0	0	0	0	6984	0	988	0	1818	0	0	0	106	0	0	0	0	0	0	0	0	0	0	0	0	0	0	0	0	0	0	0	0	0	0	0	0	0	0	0	0	0	0	0	0	108	1922	0	824	0	0	0	0	0	0	0	0	0	0	0	0	0	0	0	0	0	0	0	0	0	0	0	0	0	0	0	0	0	0	0	0	0	0	0	0	0	0	0	0	0	0	
216336	Frontal_Inf_Orb_L	184	0	12982	498	7290	152	9332	124	7526	0	616	0	17690	0	0	906	144	0	5506	426	1854	238	2036	222	690	122	760	134	19656	0	2260	286	434	0	0	0	198	0	0	0	0	0	0	0	0	0	0	0	0	0	0	0	0	0	0	0	0	0	0	0	0	0	0	0	0	0	0	0	0	0	3740	1702	8444	0	0	0	0	0	0	0	192	0	1554	0	270	0	0	0	0	0	0	0	0	0	0	0	0	0	0	0	0	0	0	0	0	0	0	0	0	0	0	0	0	0	0	0	
134596	Frontal_Inf_Orb_R	0	0	474	4816	0	3384	156	2068	0	4316	200	178	962	6270	906	0	108	692	742	3764	482	1242	0	364	0	146	0	1238	1210	8248	814	1254	0	464	0	0	0	0	0	0	0	0	0	0	0	0	0	0	0	0	0	0	0	0	0	110	0	0	0	0	0	0	0	0	0	0	0	0	0	0	1862	11998	210	5238	0	0	0	102	0	0	0	1122	0	2158	0	0	0	0	0	0	0	0	0	0	0	0	0	0	0	0	0	0	0	0	0	0	0	0	0	0	0	0	0	0	0	0	
198080	Rolandic_Oper_L	10778	0	5102	376	0	0	9818	0	0	0	16200	0	1440	0	144	108	0	0	2884	344	0	0	0	0	0	0	0	0	18598	0	0	0	0	0	0	0	554	0	0	0	0	0	0	0	0	0	0	0	0	0	818	0	130	0	0	0	7914	0	480	0	1304	0	1972	0	148	0	0	0	268	0	338	188	468	0	0	0	0	0	3046	0	9072	0	2834	0	2480	0	0	0	1234	0	0	0	0	0	0	0	0	0	0	0	0	0	0	0	0	0	0	0	0	0	0	0	0	0	0	0	
125508	Rolandic_Oper_R	0	1210	168	3756	0	0	0	2392	0	0	0	4894	0	90	0	692	0	0	348	1578	0	0	554	860	0	0	0	0	0	14510	92	1174	0	224	132	188	102	3902	0	122	0	0	0	0	0	232	0	0	0	186	0	102	0	294	0	198	0	3846	0	0	0	714	0	4406	0	0	0	252	0	92	0	1478	0	4038	0	128	0	670	0	2994	0	4464	0	846	0	490	0	0	0	336	0	0	0	0	0	0	0	0	0	0	0	0	0	0	0	0	0	0	0	0	0	0	0	0	0	0	
610292	Supp_Motor_Area_L	8294	818	58804	20196	588	0	11158	900	322	90	11398	538	8706	0	5506	742	2884	348	0	38188	410	0	7532	6942	0	182	0	0	23084	1130	4446	11972	10600	20262	512	0	2582	684	0	342	0	0	0	0	0	0	0	0	0	0	0	0	0	0	90	120	150	0	0	0	0	0	0	0	0	0	0	0	6006	102	7112	4290	17474	2482	2762	170	1814	208	0	0	1242	0	964	0	0	0	0	0	0	0	0	0	0	0	0	0	0	0	0	0	0	0	0	0	0	0	0	0	0	0	0	0	0	0	0	0	
822660	Supp_Motor_Area_R	11526	5304	12662	89142	0	188	3608	7178	0	222	564	5170	772	4530	426	3764	344	1578	38188	0	0	0	5908	15304	0	1272	0	0	1096	8728	6192	22090	9484	52488	1526	2604	132	3322	0	1158	0	0	102	1012	0	586	0	154	0	134	0	278	0	612	0	950	106	1190	0	0	0	0	0	0	0	0	900	3004	10736	15692	4392	24968	2434	13272	0	1914	516	10610	0	0	0	302	152	188	0	348	0	0	0	308	0	0	0	0	0	0	0	0	0	0	0	0	0	0	0	0	0	0	0	0	0	0	0	0	0	0	
80604	Olfactory_L	0	0	812	112	1832	1036	284	0	216	0	0	0	0	0	1854	482	0	0	410	0	0	5082	268	0	402	102	2090	1606	2880	0	3422	1736	0	0	0	0	814	0	0	0	758	0	0	0	0	0	0	0	0	0	0	0	0	0	150	0	0	0	0	0	0	0	0	0	0	0	0	0	0	0	6472	3898	2216	700	0	0	118	0	0	0	0	0	550	0	0	0	0	0	0	0	0	0	0	0	0	0	0	0	0	0	0	0	0	0	0	0	0	0	0	0	0	0	0	0	0	0	
92040	Olfactory_R	0	0	0	180	342	2700	0	0	152	0	0	0	0	0	238	1242	0	0	0	0	5082	0	0	0	96	1272	1204	4630	0	1650	3324	3666	0	0	0	0	0	0	0	0	0	294	0	0	0	0	0	0	0	0	0	0	0	0	0	0	0	0	0	0	0	0	0	0	0	0	0	0	0	0	7106	8860	2304	1294	116	0	104	164	0	0	0	0	0	0	0	0	0	0	0	0	0	0	0	0	0	0	0	0	0	0	0	0	0	0	0	0	0	0	0	0	0	0	0	0	0	0	
407496	Frontal_Sup_Medial_L	0	0	45340	10860	7282	2274	9600	258	1480	420	102	0	2702	0	2036	0	0	554	7532	5908	268	0	0	25050	6484	2692	1612	418	2802	828	22202	19498	3986	14168	0	0	0	0	0	0	0	0	0	0	0	0	0	0	0	0	0	0	0	0	0	0	0	0	0	0	0	0	0	0	0	0	0	0	0	0	2680	1870	2680	162	0	0	0	0	0	0	0	0	0	0	0	0	0	0	0	0	0	0	0	0	0	0	0	0	0	0	0	0	0	0	0	0	0	0	0	0	0	0	0	0	0	0	
399404	Frontal_Sup_Medial_R	0	0	8736	37368	264	7908	1242	3760	0	838	148	0	374	316	222	364	0	860	6942	15304	0	0	25050	0	274	12110	0	1024	492	1664	8058	30152	580	18482	0	0	0	0	0	0	0	0	0	0	0	0	0	0	0	0	0	0	0	0	0	0	0	0	0	0	0	0	0	0	0	0	0	0	0	0	898	10980	492	4800	0	0	0	0	0	0	0	0	0	0	0	0	0	0	0	0	0	0	0	0	0	0	0	0	0	0	0	0	0	0	0	0	0	0	0	0	0	0	0	0	0	0	
62480	Frontal_Med_Orb_L	0	0	3522	0	6966	136	0	0	1684	0	0	0	0	0	690	0	0	0	0	0	402	96	6484	274	0	1572	2854	538	358	0	3582	456	0	0	0	0	0	0	0	0	0	0	0	0	0	0	0	0	0	0	0	0	0	0	0	0	0	0	0	0	0	0	0	0	0	0	0	0	0	0	724	92	810	0	0	0	0	0	0	0	0	0	0	0	0	0	0	0	0	0	0	0	0	0	0	0	0	0	0	0	0	0	0	0	0	0	0	0	0	0	0	0	0	0	0	0	
160708	Frontal_Med_Orb_R	0	0	1106	7232	710	10658	166	1682	0	1226	110	0	138	0	122	146	0	0	182	1272	102	1272	2692	12110	1572	0	452	6808	216	0	6272	11112	102	226	0	0	0	0	0	0	0	0	0	0	0	0	0	0	0	0	0	0	0	0	0	0	0	0	0	0	0	0	0	0	0	0	0	0	0	0	664	7284	310	4410	0	0	0	0	0	0	0	0	0	0	0	0	0	0	0	0	0	0	0	0	0	0	0	0	0	0	0	0	0	0	0	0	0	0	0	0	0	0	0	0	0	0	
57324	Rectus_L	0	0	674	0	5414	426	0	0	1830	0	0	0	0	0	760	0	0	0	0	0	2090	1204	1612	0	2854	452	0	950	250	0	4418	1226	0	0	0	0	0	0	0	0	0	0	0	0	0	0	0	0	0	0	0	0	0	0	0	0	0	0	0	0	0	0	0	0	0	0	0	0	0	0	3166	702	388	246	0	0	0	0	0	0	0	0	0	0	0	0	0	0	0	0	0	0	0	0	0	0	0	0	0	0	0	0	0	0	0	0	0	0	0	0	0	0	0	0	0	0	
78628	Rectus_R	0	0	184	850	334	7074	0	0	156	470	0	0	0	0	134	1238	0	0	0	0	1606	4630	418	1024	538	6808	950	0	0	734	1734	3490	0	0	0	0	0	0	0	0	0	0	0	0	0	0	0	0	0	0	0	0	0	0	0	0	0	0	0	0	0	0	0	0	0	0	0	0	0	0	1602	3444	450	1354	0	0	92	0	0	0	0	0	0	0	0	0	0	0	0	0	0	0	0	0	0	0	0	0	0	0	0	0	0	0	0	0	0	0	0	0	0	0	0	0	0	0	
673092	Insula_L	18060	126	39370	1258	2808	96	36720	292	568	0	36180	0	34184	0	19656	1210	18598	0	23084	1096	2880	0	2802	492	358	216	250	0	0	192	2986	470	820	0	1190	1090	10858	962	244	170	2028	0	0	0	0	0	0	0	0	0	682	0	452	0	1626	102	4796	0	354	0	320	0	202	0	0	0	0	0	3408	0	5008	2338	20646	0	0	0	338	830	10580	118	8418	0	7620	0	3838	0	0	0	3556	0	0	0	0	0	0	0	0	0	0	0	0	0	0	0	0	0	0	0	0	0	0	0	0	0	0	0	
313980	Insula_R	246	1442	402	13146	0	284	0	7240	0	102	0	10190	0	6984	0	8248	0	14510	1130	8728	0	1650	828	1664	0	0	0	734	192	0	206	2316	0	1764	562	618	520	6992	204	1170	0	1168	0	0	0	136	0	0	0	96	0	0	0	256	0	3642	0	1146	0	0	0	224	0	852	0	0	0	144	0	0	256	7910	0	26382	0	418	0	2226	224	2678	0	8598	0	3710	0	1908	0	118	0	2826	0	0	0	0	0	0	0	0	0	0	0	0	0	0	0	0	0	0	0	0	0	0	0	0	0	0	
332112	Cingulum_Ant_L	106	0	17152	4810	4124	4232	5048	216	308	578	162	0	3464	0	2260	814	0	92	4446	6192	3422	3324	22202	8058	3582	6272	4418	1734	2986	206	0	22292	4444	3850	0	0	0	0	0	0	0	0	0	0	0	0	0	0	0	0	0	0	0	0	0	0	0	0	0	0	0	0	0	0	0	0	0	0	0	0	13876	5130	5238	1018	0	0	0	0	0	0	0	0	0	0	0	0	0	0	0	0	0	0	0	0	0	0	0	0	0	0	0	0	0	0	0	0	0	0	0	0	0	0	0	0	0	0	
485424	Cingulum_Ant_R	0	0	7338	26986	544	5690	1012	3384	98	720	138	0	366	988	286	1254	0	1174	11972	22090	1736	3666	19498	30152	456	11112	1226	3490	470	2316	22292	0	2788	25596	0	0	0	0	0	0	0	0	0	0	0	0	0	0	0	0	0	0	0	0	0	0	0	0	0	0	0	0	0	0	0	0	0	0	0	0	5600	19702	1708	6608	0	0	90	166	0	0	0	0	0	0	0	0	0	0	0	0	0	0	0	0	0	0	0	0	0	0	0	0	0	0	0	0	0	0	0	0	0	0	0	0	0	0	
166776	Cingulum_Mid_L	2624	402	4494	3050	0	0	666	90	0	0	138	0	674	0	434	0	0	0	10600	9484	0	0	3986	580	0	102	0	0	820	0	4444	2788	0	14342	2508	306	0	0	0	0	0	0	730	214	454	108	0	0	2368	0	2080	0	0	0	98	0	314	94	0	0	0	0	0	0	0	0	4214	1940	5790	1452	204	464	130	0	0	0	0	0	0	0	0	0	0	0	96	0	0	0	106	0	0	0	0	0	0	0	0	0	0	0	0	0	0	0	0	0	0	0	0	0	0	0	0	0	0	0	
487276	Cingulum_Mid_R	3710	830	2432	25054	0	188	444	1990	0	0	0	756	0	1818	0	464	0	224	20262	52488	0	0	14168	18482	0	226	0	0	0	1764	3850	25596	14342	0	1516	2498	0	346	0	0	0	0	0	3292	0	3560	0	176	720	2272	490	1514	0	802	0	266	0	1146	0	644	0	0	0	0	0	0	2676	10498	5402	12224	0	2044	0	724	0	0	0	0	0	0	0	0	0	0	0	1348	0	0	0	268	0	0	0	0	0	0	0	0	0	0	0	0	0	0	0	0	0	0	0	0	124	0	0	0	0	0	
163796	Cingulum_Post_L	2616	1038	634	208	0	0	368	156	0	0	122	110	0	0	0	0	0	132	512	1526	0	0	0	0	0	0	0	0	1190	562	0	0	2508	1516	0	12620	8774	7162	5990	1130	0	0	3068	0	1314	0	1408	118	632	0	180	0	1246	138	2324	560	850	414	0	0	0	0	0	0	0	0	6202	1126	2618	1950	0	0	0	114	0	0	780	4418	1648	380	0	0	0	0	0	100	0	0	836	494	0	0	0	0	0	0	0	106	0	0	0	0	0	0	0	0	0	0	0	0	0	0	0	0	0	0	
164796	Cingulum_Post_R	2010	772	596	238	0	0	294	164	0	0	0	142	0	0	0	0	0	188	0	2604	0	0	0	0	0	0	0	0	1090	618	0	0	306	2498	12620	0	6628	10960	3896	1852	0	0	90	1070	198	1150	0	1310	0	480	0	232	412	1042	614	1380	280	1462	0	0	0	0	0	0	0	0	2886	8262	536	3738	0	0	0	156	0	0	1178	5110	1580	412	0	0	0	0	0	138	0	0	106	596	0	0	0	0	0	0	0	130	0	0	0	0	0	0	0	0	0	0	0	0	374	0	0	0	0	0	
263804	Hippocampus_L	9610	108	6204	102	0	0	3162	132	0	0	1130	0	0	0	198	0	554	102	2582	132	814	0	0	0	0	0	0	0	10858	520	0	0	0	0	8774	6628	0	5990	17276	1084	5366	0	3068	0	192	0	2902	156	0	0	0	0	620	136	7250	408	424	0	0	0	0	0	0	0	0	0	3966	104	2574	0	0	0	7414	92	0	0	4436	5096	3014	360	1248	0	1048	0	758	0	138	0	4362	300	96	0	0	0	0	0	130	118	166	0	0	0	0	0	0	0	0	0	0	0	0	0	0	0	0	0	
378040	Hippocampus_R	1874	5022	648	3522	0	0	306	2004	0	0	0	1752	0	106	0	0	0	3902	684	3322	0	0	0	0	0	0	0	0	962	6992	0	0	0	346	7162	10960	5990	0	3496	24432	0	6566	0	2796	0	1084	0	4052	0	536	0	574	0	5206	226	25316	232	458	0	0	0	0	0	0	0	0	904	7158	316	1070	0	764	0	11606	0	2174	1298	9848	1398	1342	0	3050	0	994	0	2102	0	164	0	11928	0	0	0	0	0	0	0	1674	0	116	0	0	0	0	0	0	0	0	0	98	488	0	0	0	0	0	
122656	ParaHippocampal_L	1714	0	664	0	0	0	564	0	0	0	0	0	0	0	0	0	0	0	0	0	0	0	0	0	0	0	0	0	244	204	0	0	0	0	5990	3896	17276	3496	0	498	1692	0	3028	0	224	0	3006	140	0	0	196	0	624	0	4500	168	0	0	0	0	0	0	0	0	0	0	3874	0	782	0	0	0	386	0	0	0	2680	3086	0	144	0	0	218	0	94	0	152	0	370	150	156	0	0	0	0	0	568	104	316	0	0	0	0	0	0	0	0	0	0	124	0	0	0	0	0	0	
171384	ParaHippocampal_R	532	346	240	1134	0	0	0	150	0	0	0	306	0	0	0	0	0	122	342	1158	0	0	0	0	0	0	0	0	170	1170	0	0	0	0	1130	1852	1084	24432	498	0	0	6028	0	992	0	0	0	3646	0	0	0	0	0	2544	0	18126	0	0	0	0	0	0	0	0	0	0	0	1988	0	100	0	228	0	4562	0	538	406	3036	300	0	0	232	0	2356	0	114	0	672	0	2478	0	102	0	0	0	0	0	2278	0	190	0	0	0	0	0	0	0	0	0	0	110	0	0	0	0	0	
29996	Amygdala_L	110	0	94	0	0	0	0	0	0	0	0	0	0	0	0	0	0	0	0	0	758	0	0	0	0	0	0	0	2028	0	0	0	0	0	0	0	5366	0	1692	0	0	0	0	0	0	0	0	0	0	0	0	0	0	0	2560	0	0	0	0	0	0	0	0	0	0	0	0	0	0	0	136	0	1234	0	0	0	0	0	0	0	0	0	444	0	0	0	140	0	436	0	0	0	0	0	0	0	0	0	0	0	0	0	0	0	0	0	0	0	0	0	0	0	0	0	0	0	
45864	Amygdala_R	0	0	0	90	0	0	0	0	0	0	0	0	0	0	0	0	0	0	0	0	0	294	0	0	0	0	0	0	0	1168	0	0	0	0	0	0	0	6566	0	6028	0	0	0	0	0	0	0	0	0	0	0	0	0	0	0	3982	0	0	0	0	0	0	0	0	0	0	0	0	0	0	0	286	0	872	0	0	0	214	0	0	0	0	0	2292	0	0	0	512	0	432	0	0	0	0	0	0	0	196	0	0	0	0	0	0	0	0	0	0	0	0	0	0	0	0	0	0	
311288	Calcarine_L	236	244	0	0	0	0	0	0	0	0	0	0	0	0	0	0	0	0	0	102	0	0	0	0	0	0	0	0	0	0	0	0	730	0	3068	90	3068	0	3028	0	0	0	0	10838	16086	8244	14172	2688	11820	4108	28936	1088	10988	446	5048	124	680	250	284	0	130	0	0	0	210	0	16498	1326	3104	154	0	0	0	0	0	0	0	0	0	0	0	0	0	0	6054	0	0	0	1688	0	0	0	0	0	0	0	0	0	114	0	0	0	0	0	0	0	0	0	0	0	0	0	0	0	0	0	
357604	Calcarine_R	186	928	0	110	0	0	0	0	0	0	0	138	0	0	0	0	0	0	0	1012	0	0	0	0	0	0	0	0	0	0	0	0	214	3292	0	1070	0	2796	0	992	0	0	10838	0	5550	32956	2588	17638	0	23706	0	12042	0	9488	0	9598	0	2278	0	670	0	0	0	0	0	0	1872	28502	482	3474	0	0	0	0	0	0	0	0	0	0	0	0	0	0	0	2002	0	0	0	2148	254	0	174	0	0	0	0	136	494	0	0	0	0	0	0	0	0	0	0	0	576	598	0	0	0	0	
204028	Cuneus_L	148	290	0	0	0	0	0	0	0	0	0	0	0	0	0	0	0	0	0	0	0	0	0	0	0	0	0	0	0	0	0	0	454	0	1314	198	192	0	224	0	0	0	16086	5550	0	7948	1332	404	21818	1636	13652	326	2718	420	1674	90	552	400	1772	0	206	0	0	0	106	0	13072	3582	2406	200	0	0	0	0	0	0	0	0	0	0	0	0	0	0	1770	0	0	0	1230	0	0	0	0	0	0	0	0	0	0	0	0	0	0	0	0	0	0	0	0	0	244	0	0	0	0	0	
416656	Cuneus_R	168	1402	0	102	0	0	0	0	0	0	0	126	0	0	0	0	0	232	0	586	0	0	0	0	0	0	0	0	0	136	0	0	108	3560	0	1150	0	1084	0	0	0	0	8244	32956	7948	0	974	4990	302	45176	0	14502	0	5188	0	1804	0	4538	172	4528	0	0	0	0	0	396	12892	40550	232	4104	0	0	0	0	0	0	0	0	0	0	0	368	0	0	0	5604	0	0	0	3526	0	0	0	0	0	0	0	0	134	0	0	0	0	0	0	0	0	0	0	0	382	164	0	0	0	0	
223140	Lingual_L	0	0	0	0	0	0	0	0	0	0	0	0	0	0	0	0	0	0	0	0	0	0	0	0	0	0	0	0	0	0	0	0	0	0	1408	0	2902	0	3006	0	0	0	14172	2588	1332	974	0	3618	3640	1010	10018	200	6188	0	17092	166	0	0	0	0	0	0	0	0	0	0	5252	0	92	0	0	0	0	0	0	0	90	0	0	0	0	0	0	0	448	0	0	0	144	0	7626	90	1408	0	0	0	9566	308	13920	972	0	0	0	0	0	0	0	0	0	114	1288	1938	0	0	0	0	
279024	Lingual_R	0	0	0	0	0	0	0	0	0	0	0	0	0	0	0	0	0	0	0	154	0	0	0	0	0	0	0	0	0	0	0	0	0	176	118	1310	156	4052	140	3646	0	0	2688	17638	404	4990	3618	0	0	6044	0	2576	102	3828	1840	15248	0	0	0	0	0	0	0	0	0	0	0	5636	0	234	0	0	0	0	0	0	106	466	0	0	0	0	0	0	0	0	0	0	0	0	7988	3864	1442	730	0	152	2016	4656	11348	11530	0	232	0	128	328	156	0	0	0	128	4614	11742	2786	90	246	166	
294132	Occipital_Sup_L	112	0	0	0	0	0	0	0	0	0	0	0	0	0	0	0	0	0	0	0	0	0	0	0	0	0	0	0	0	0	0	0	2368	720	632	0	0	0	0	0	0	0	11820	0	21818	302	3640	0	0	246	45446	0	4240	0	2326	0	1718	0	12202	0	7060	0	0	0	3456	0	14882	1468	1302	0	0	0	0	0	0	0	0	0	0	0	0	0	0	0	8952	0	0	0	2356	0	0	0	0	0	0	0	0	0	0	0	0	0	0	0	0	0	0	0	0	0	0	0	0	0	0	0	
369944	Occipital_Sup_R	0	910	0	0	0	0	0	0	0	0	0	0	0	0	0	0	0	186	0	134	0	0	0	0	0	0	0	0	0	96	0	0	0	2272	0	480	0	536	0	0	0	0	4108	23706	1636	45176	1010	6044	246	0	0	24100	0	3058	0	1176	0	4734	196	8768	0	1114	0	0	0	3612	10322	29504	0	2872	0	0	0	0	0	0	0	0	0	0	0	392	0	0	0	5342	0	0	0	2996	0	0	0	0	0	0	0	0	110	0	0	0	0	0	0	0	0	0	0	0	0	136	0	0	0	0	
532940	Occipital_Mid_L	1760	0	0	0	0	0	154	0	0	0	108	0	0	0	0	0	818	0	0	0	0	0	0	0	0	0	0	0	682	0	0	0	2080	490	180	0	0	0	196	0	0	0	28936	0	13652	0	10018	0	45446	0	0	0	24568	0	8132	0	9836	0	21172	0	18592	0	3662	0	18370	0	13816	690	4708	0	0	172	0	0	0	0	0	110	224	0	954	0	0	0	30492	0	0	0	6452	0	0	0	0	0	0	0	0	0	0	0	0	0	0	0	0	0	0	0	0	0	0	0	0	0	0	0	
229656	Occipital_Mid_R	0	764	0	174	0	0	0	0	0	0	0	0	0	0	0	0	0	102	0	278	0	0	0	0	0	0	0	0	0	0	0	0	0	1514	0	232	0	574	0	0	0	0	1088	12042	326	14502	200	2576	0	24100	0	0	0	5200	0	1390	0	1544	0	2380	0	1586	0	108	0	9820	2866	13462	122	1096	0	0	0	0	0	0	0	0	0	0	0	340	0	0	0	13676	0	0	0	2666	0	0	0	0	0	0	0	0	0	0	0	0	0	0	0	0	0	0	0	0	0	100	0	0	0	0	
183948	Occipital_Inf_L	920	124	0	0	0	0	204	0	0	0	188	0	0	0	0	0	130	0	0	0	0	0	0	0	0	0	0	0	452	0	0	0	0	0	1246	412	620	0	624	0	0	0	10988	0	2718	0	6188	102	4240	0	24568	0	0	0	13994	0	726	0	222	0	286	0	0	0	570	0	3976	98	1530	238	0	0	0	0	0	0	0	0	536	0	182	0	0	0	7824	0	0	0	7178	0	220	0	0	0	0	0	158	0	414	0	0	0	0	0	0	0	0	0	0	0	98	0	0	0	0	0	
174956	Occipital_Inf_R	506	2278	156	208	0	0	0	0	0	0	0	312	0	0	0	0	0	294	0	612	0	0	0	0	0	0	0	0	0	256	0	0	0	802	138	1042	136	5206	0	2544	0	0	446	9488	420	5188	0	3828	0	3058	0	5200	0	0	0	17086	0	684	0	376	0	0	0	0	0	0	968	8742	92	2104	0	0	0	0	0	0	0	152	0	318	0	360	0	0	0	2566	0	0	0	8246	392	178	166	0	0	0	0	284	582	938	0	0	0	0	0	0	0	0	0	0	200	728	198	0	0	0	
402488	Fusiform_L	1276	150	146	0	0	0	338	0	0	0	272	0	0	0	0	0	0	0	90	0	150	0	0	0	0	0	0	0	1626	0	0	0	98	0	2324	614	7250	226	4500	0	2560	0	5048	0	1674	0	17092	1840	2326	0	8132	0	13994	0	0	518	288	122	0	0	92	0	0	0	114	0	3802	94	1190	308	0	0	1176	0	0	0	0	174	694	0	1308	0	1036	0	3406	0	450	0	14088	0	29670	956	3556	0	376	162	15894	844	36114	2312	1484	0	2816	0	134	0	0	0	304	322	3442	2272	0	0	0	0	
486228	Fusiform_R	540	1004	186	744	0	0	0	0	0	0	0	484	0	0	0	110	0	198	120	950	0	0	0	0	0	0	0	0	102	3642	0	0	0	266	560	1380	408	25316	168	18126	0	3982	124	9598	90	1804	166	15248	0	1176	0	1390	0	17086	518	0	0	276	0	104	0	0	0	0	0	0	250	5940	0	864	0	132	0	4356	0	342	0	2034	142	288	0	3662	0	5452	0	3242	0	2094	0	23232	2178	17120	420	210	0	1528	378	16496	3424	29432	0	0	0	180	144	0	0	0	0	1570	7402	4038	698	0	0	0	
250452	Postcentral_L	25576	0	1994	0	0	0	4724	0	0	0	3280	0	666	0	0	0	7914	0	150	106	0	0	0	0	0	0	0	0	4796	0	0	0	314	0	850	280	424	232	0	0	0	0	680	0	552	0	0	0	1718	0	9836	0	726	0	288	0	0	0	6602	0	22752	0	5878	0	1236	0	3658	0	8616	0	0	0	576	0	0	0	0	220	2550	0	4696	0	0	0	2768	0	0	0	568	0	0	0	0	0	0	0	0	0	0	0	0	0	0	0	0	0	0	0	0	0	0	0	0	0	0	0	
170708	Postcentral_R	162	12502	110	130	0	0	0	138	0	0	0	1456	0	0	0	0	0	3846	0	1190	0	0	0	0	0	0	0	0	0	1146	0	0	94	1146	414	1462	0	458	0	0	0	0	250	2278	400	4538	0	0	0	4734	0	1544	0	684	122	276	0	0	0	6666	0	6034	0	11166	0	352	1106	9744	0	7748	0	0	0	350	0	108	0	0	0	510	0	858	0	0	0	1188	0	0	0	444	0	0	0	0	0	0	0	0	0	0	0	0	0	0	0	0	0	0	0	0	0	0	0	0	0	0	
165840	Parietal_Sup_L	1112	0	0	0	0	0	124	0	0	0	0	0	0	0	0	0	480	0	0	0	0	0	0	0	0	0	0	0	354	0	0	0	0	0	0	0	0	0	0	0	0	0	284	0	1772	172	0	0	12202	196	21172	0	222	0	0	0	6602	0	0	0	13228	0	2922	0	4760	0	12780	426	846	0	0	182	0	0	0	0	0	118	0	0	506	0	0	0	1322	0	0	0	1138	0	0	0	0	0	0	0	0	0	0	0	0	0	0	0	0	0	0	0	0	0	0	0	0	0	0	0	
101232	Parietal_Sup_R	0	158	0	0	0	0	0	0	0	0	0	0	0	0	0	0	0	0	0	0	0	0	0	0	0	0	0	0	0	0	0	0	0	644	0	0	0	0	0	0	0	0	0	670	0	4528	0	0	0	8768	0	2380	0	376	0	104	0	6666	0	0	0	5796	0	1876	0	3622	2138	10478	0	694	0	0	0	0	0	0	0	0	0	0	0	122	0	0	0	738	0	0	0	858	0	0	0	0	0	0	0	0	0	0	0	0	0	0	0	0	0	0	0	0	0	0	0	0	0	0	
225444	Parietal_Inf_L	7056	0	182	0	0	0	974	0	0	0	668	0	0	0	0	0	1304	0	0	0	0	0	0	0	0	0	0	0	320	0	0	0	0	0	0	0	0	0	0	0	0	0	130	0	206	0	0	0	7060	0	18592	0	286	0	92	0	22752	0	13228	0	0	0	9718	0	20928	0	2290	0	762	0	0	92	0	0	0	0	0	0	224	0	1490	0	0	0	2724	0	0	0	1644	0	0	0	0	0	0	0	0	0	0	0	0	0	0	0	0	0	0	0	0	0	0	0	0	0	0	0	
72160	Parietal_Inf_R	0	124	0	0	0	0	0	0	0	0	0	0	0	0	0	0	0	714	0	0	0	0	0	0	0	0	0	0	0	224	0	0	0	0	0	0	0	0	0	0	0	0	0	0	0	0	0	0	0	1114	0	1586	0	0	0	0	0	6034	0	5796	0	0	0	12416	0	7326	0	204	0	0	0	0	0	0	0	0	0	0	0	90	0	308	0	0	0	144	0	0	0	0	0	0	0	0	0	0	0	0	0	0	0	0	0	0	0	0	0	0	0	0	0	0	0	0	0	0	
97720	SupraMarginal_L	1062	0	0	0	0	0	124	0	0	0	180	0	0	0	0	0	1972	0	0	0	0	0	0	0	0	0	0	0	202	0	0	0	0	0	0	0	0	0	0	0	0	0	0	0	0	0	0	0	0	0	3662	0	0	0	0	0	5878	0	2922	0	9718	0	0	0	7412	0	102	0	122	0	0	0	0	0	0	0	0	0	220	0	5714	0	0	0	4770	0	0	0	4800	0	0	0	0	0	0	0	0	0	0	0	0	0	0	0	0	0	0	0	0	0	0	0	0	0	0	0	
86172	SupraMarginal_R	0	296	0	0	0	0	0	0	0	0	0	0	0	0	0	0	0	4406	0	0	0	0	0	0	0	0	0	0	0	852	0	0	0	0	0	0	0	0	0	0	0	0	0	0	0	0	0	0	0	0	0	108	0	0	0	0	0	11166	0	1876	0	12416	0	0	0	5484	0	0	0	94	0	0	0	0	0	0	0	0	0	386	0	4064	0	0	0	1432	0	0	0	506	0	0	0	0	0	0	0	0	0	0	0	0	0	0	0	0	0	0	0	0	0	0	0	0	0	0	
147860	Angular_L	130	0	0	0	0	0	0	0	0	0	0	0	0	0	0	0	148	0	0	0	0	0	0	0	0	0	0	0	0	0	0	0	0	0	0	0	0	0	0	0	0	0	210	0	106	0	0	0	3456	0	18370	0	570	0	114	0	1236	0	4760	0	20928	0	7412	0	0	0	226	0	140	0	0	0	0	0	0	0	0	0	0	0	3474	0	0	0	8016	0	0	0	4634	0	0	0	0	0	0	0	0	0	0	0	0	0	0	0	0	0	0	0	0	0	0	0	0	0	0	0	
85364	Angular_R	0	308	0	0	0	0	0	0	0	0	0	0	0	0	0	0	0	0	0	0	0	0	0	0	0	0	0	0	0	0	0	0	0	0	0	0	0	0	0	0	0	0	0	0	0	396	0	0	0	3612	0	9820	0	0	0	0	0	352	0	3622	0	7326	0	5484	0	0	164	458	0	258	0	0	0	0	0	0	0	0	0	0	0	3304	0	0	0	5916	0	0	0	1662	0	0	0	0	0	0	0	0	0	0	0	0	0	0	0	0	0	0	0	0	0	0	0	0	0	0	
370276	Precuneus_L	392	572	0	0	0	0	0	0	0	0	0	0	0	0	0	0	0	0	0	900	0	0	0	0	0	0	0	0	0	0	0	0	4214	2676	6202	2886	3966	904	3874	0	0	0	16498	1872	13072	12892	5252	0	14882	10322	13816	2866	3976	968	3802	250	3658	1106	12780	2138	2290	0	102	0	226	164	0	20154	4892	1994	0	0	0	0	0	0	0	0	0	0	0	134	0	0	1956	2522	0	0	2096	1624	0	0	0	0	0	0	0	0	0	0	0	0	0	0	0	0	0	0	0	0	248	0	0	0	0	0	
490508	Precuneus_R	206	1784	0	110	0	0	0	0	0	0	0	186	0	0	0	0	0	252	0	3004	0	0	0	0	0	0	0	0	0	144	0	0	1940	10498	1126	8262	104	7158	0	1988	0	0	1326	28502	3582	40550	0	5636	1468	29504	690	13462	98	8742	94	5940	0	9744	426	10478	0	204	0	0	0	458	20154	0	1260	11186	0	0	0	0	0	0	0	0	0	0	0	366	0	0	0	8140	0	0	0	4476	0	0	0	0	0	0	0	384	0	0	0	0	0	0	0	0	0	0	0	0	1622	0	0	0	0	0	
297572	Paracentral_Lobule_L	37454	2366	3418	2354	0	0	8440	0	0	0	132	0	0	0	0	0	268	0	6006	10736	0	0	0	0	0	0	0	0	3408	0	0	0	5790	5402	2618	536	2574	316	782	0	0	0	3104	482	2406	232	92	0	1302	0	4708	122	1530	92	1190	0	8616	0	846	0	762	0	122	0	140	0	4892	1260	0	5486	868	224	122	0	570	0	9878	544	2740	0	196	0	0	0	2116	120	0	0	1424	0	0	0	0	0	0	0	0	0	0	0	0	0	0	0	0	0	0	0	0	0	0	0	0	0	0	0	
183888	Paracentral_Lobule_R	2206	6942	0	0	0	0	142	0	0	0	0	0	0	0	0	0	0	92	102	15692	0	0	0	0	0	0	0	0	0	0	0	0	1452	12224	1950	3738	0	1070	0	100	0	0	154	3474	200	4104	0	234	0	2872	0	1096	238	2104	308	864	0	7748	0	694	0	0	0	94	0	258	1994	11186	5486	0	0	0	0	0	0	0	148	518	0	152	0	410	0	0	0	1022	0	0	0	722	0	0	0	0	0	0	0	0	0	0	0	0	0	0	0	0	0	0	0	0	154	0	0	0	0	0	
285084	Caudate_L	2576	678	9638	4324	2556	1404	3206	464	512	0	656	106	4666	108	3740	1862	338	0	7112	4392	6472	7106	2680	898	724	664	3166	1602	5008	256	13876	5600	204	0	0	0	0	0	0	0	136	0	0	0	0	0	0	0	0	0	0	0	0	0	0	0	0	0	0	0	0	0	0	0	0	0	0	0	868	0	0	15140	18200	1042	1976	108	5788	2484	0	0	0	0	206	0	0	0	0	0	0	0	0	0	0	0	0	0	0	0	0	0	0	0	0	0	0	0	0	0	0	0	0	0	0	0	0	0	
486136	Caudate_R	578	448	2068	33036	236	5764	404	7320	0	1156	444	1148	1800	1922	1702	11998	188	1478	4290	24968	3898	8860	1870	10980	92	7284	702	3444	2338	7910	5130	19702	464	2044	0	0	0	764	0	228	0	286	0	0	0	0	0	0	0	0	172	0	0	0	0	132	0	0	182	0	92	0	0	0	0	0	0	0	224	0	15140	0	3090	24350	410	1452	2456	17410	0	0	90	388	188	348	0	0	0	0	0	0	0	0	0	0	0	0	0	0	0	0	0	0	0	0	0	0	0	0	0	0	0	0	0	0	0	0	
356644	Putamen_L	7536	638	31720	2250	4606	562	11452	224	1574	0	3838	0	4646	0	8444	210	468	0	17474	2434	2216	2304	2680	492	810	310	388	450	20646	0	5238	1708	130	0	0	0	7414	0	386	0	1234	0	0	0	0	0	0	0	0	0	0	0	0	0	1176	0	576	0	0	0	0	0	0	0	0	0	0	0	122	0	18200	3090	0	366	5558	0	632	142	0	0	842	0	2610	0	116	0	0	0	410	0	0	0	0	0	0	0	0	0	0	0	0	0	0	0	0	0	0	0	0	0	0	0	0	0	0	0	
347320	Putamen_R	0	1128	0	21666	0	3926	0	6358	0	1488	0	5088	0	824	0	5238	0	4038	2482	13272	700	1294	162	4800	0	4410	246	1354	0	26382	1018	6608	0	724	114	156	92	11606	0	4562	0	872	0	0	0	0	0	0	0	0	0	0	0	0	0	4356	0	350	0	0	0	0	0	0	0	0	0	0	0	0	1042	24350	366	0	0	3188	0	4146	0	98	0	2596	0	1228	0	192	0	0	0	1140	0	0	0	0	0	0	0	0	0	0	0	0	0	0	0	0	0	0	0	0	0	0	0	0	0	0	
47328	Pallidum_L	2128	0	6204	0	0	0	1400	0	0	0	0	0	0	0	0	0	0	0	2762	0	0	116	0	0	0	0	0	0	0	0	0	0	0	0	0	0	0	0	0	0	0	0	0	0	0	0	0	0	0	0	0	0	0	0	0	0	0	0	0	0	0	0	0	0	0	0	0	0	570	0	1976	410	5558	0	0	0	2320	220	0	0	0	0	0	0	0	0	0	0	0	0	0	0	0	0	0	0	0	0	0	0	0	0	0	0	0	0	0	0	0	0	0	0	0	0	0	0	
25740	Pallidum_R	0	144	0	1956	0	0	0	0	0	0	0	230	0	0	0	0	0	128	170	1914	0	0	0	0	0	0	0	0	0	418	0	0	0	0	0	0	0	2174	0	538	0	0	0	0	0	0	0	0	0	0	0	0	0	0	0	342	0	108	0	0	0	0	0	0	0	0	0	0	0	0	108	1452	0	3188	0	0	0	0	0	0	0	0	0	0	0	0	0	0	0	0	0	0	0	0	0	0	0	0	0	0	0	0	0	0	0	0	0	0	0	0	0	0	0	0	0	0	
127340	Thalamus_L	12152	136	1938	226	0	0	3200	0	0	0	0	0	270	0	0	0	0	0	1814	516	118	104	0	0	0	0	0	92	338	0	0	90	0	0	780	1178	4436	1298	2680	406	0	0	0	0	0	0	90	106	0	0	0	0	0	0	0	0	0	0	0	0	0	0	0	0	0	0	0	0	9878	148	5788	2456	632	0	2320	0	0	10480	0	0	0	0	0	0	0	0	0	0	0	0	0	0	0	0	0	0	0	0	0	0	0	0	0	0	0	0	0	0	0	0	0	0	0	0	0	0	
216612	Thalamus_R	1804	1916	412	10894	0	0	414	2102	0	0	0	624	0	0	0	102	0	670	208	10610	0	164	0	0	0	0	0	0	830	2226	0	166	0	0	4418	5110	5096	9848	3086	3036	0	214	0	0	0	0	0	466	0	0	110	0	0	152	174	2034	220	0	118	0	0	0	0	0	0	0	0	0	544	518	2484	17410	142	4146	220	0	10480	0	1116	506	0	634	0	0	0	458	0	0	0	2074	0	0	0	0	0	0	0	350	0	0	0	0	0	0	0	0	0	0	0	0	0	0	0	0	0	0	
122880	Heschl_L	8422	0	568	0	0	0	4710	90	0	0	1998	0	0	0	0	0	3046	0	0	0	0	0	0	0	0	0	0	0	10580	224	0	0	0	0	1648	1580	3014	1398	0	300	0	0	0	0	0	0	0	0	0	0	224	0	536	0	694	142	2550	0	0	0	224	0	220	0	0	0	0	0	2740	0	0	0	0	0	0	0	0	1116	0	150	6012	0	0	0	5512	0	0	0	3742	0	0	0	0	0	0	0	0	0	0	0	0	0	0	0	0	0	0	0	0	0	0	0	0	0	0	0	
35952	Heschl_R	154	296	0	0	0	0	0	0	0	0	0	90	0	0	0	0	0	2994	0	0	0	0	0	0	0	0	0	0	118	2678	0	0	0	0	380	412	360	1342	144	0	0	0	0	0	0	0	0	0	0	0	0	0	0	318	0	288	0	510	0	0	0	90	0	386	0	0	0	0	0	152	0	0	0	98	0	0	0	506	150	0	0	5616	0	0	0	772	0	0	0	122	0	0	0	0	0	0	0	0	0	0	0	0	0	0	0	0	0	0	0	0	0	0	0	0	0	0	
204300	Temporal_Sup_L	3038	0	1914	96	0	0	1858	0	0	0	3310	0	478	0	192	0	9072	0	1242	0	0	0	0	0	0	0	0	0	8418	0	0	0	0	0	0	0	1248	0	0	0	0	0	0	0	0	0	0	0	0	0	954	0	182	0	1308	0	4696	0	506	0	1490	0	5714	0	3474	0	0	0	196	0	0	90	842	0	0	0	0	0	6012	0	0	0	5408	0	25636	0	0	0	14776	0	0	0	0	0	0	0	0	0	0	0	0	0	0	0	0	0	0	0	0	0	0	0	0	0	0	0	
130332	Temporal_Sup_R	0	494	0	710	0	0	0	558	0	0	0	262	0	0	0	1122	0	4464	0	302	0	0	0	0	0	0	0	0	0	8598	0	0	0	0	0	0	0	3050	0	232	0	0	0	0	0	368	0	0	0	392	0	340	0	360	0	3662	0	858	0	122	0	308	0	4064	0	3304	134	366	0	410	0	388	0	2596	0	0	0	634	0	5616	0	0	0	3040	0	13418	0	340	0	4654	0	0	0	0	0	0	0	0	0	0	0	0	0	0	0	0	0	0	0	0	0	0	0	0	0	0	
94540	Temporal_Pole_Sup_L	300	0	1222	216	296	0	1068	0	0	0	3990	0	908	0	1554	0	2834	0	964	152	550	0	0	0	0	0	0	0	7620	0	0	0	0	0	0	0	1048	0	218	0	444	0	0	0	0	0	0	0	0	0	0	0	0	0	1036	0	0	0	0	0	0	0	0	0	0	0	0	0	0	0	206	188	2610	0	0	0	0	0	0	0	5408	0	0	0	6238	0	3072	0	5128	0	0	0	0	0	0	0	0	0	0	0	0	0	0	0	0	0	0	0	0	0	0	0	0	0	0	0	
57300	Temporal_Pole_Sup_R	0	0	0	256	0	0	0	100	0	0	0	108	0	0	0	2158	0	846	0	188	0	0	0	0	0	0	0	0	0	3710	0	0	0	0	0	0	0	994	0	2356	0	2292	0	0	0	0	0	0	0	0	0	0	0	0	0	5452	0	0	0	0	0	0	0	0	0	0	0	0	0	0	0	348	0	1228	0	0	0	0	0	0	0	3040	0	0	0	616	0	3044	0	1914	0	0	0	0	0	0	0	0	0	0	0	0	0	0	0	0	0	0	0	0	0	0	0	0	0	0	
331384	Temporal_Mid_L	840	0	0	0	0	0	352	0	0	0	318	0	0	0	270	0	2480	0	0	0	0	0	0	0	0	0	0	0	3838	0	0	0	96	0	0	0	758	0	94	0	0	0	6054	0	1770	0	448	0	8952	0	30492	0	7824	0	3406	0	2768	0	1322	0	2724	0	4770	0	8016	0	1956	0	2116	0	0	0	116	0	0	0	0	0	5512	0	25636	0	6238	0	0	0	2798	0	33728	0	0	0	0	0	0	0	0	0	0	0	0	0	0	0	0	0	0	0	0	0	0	0	0	0	0	0	
197452	Temporal_Mid_R	126	1198	0	270	0	0	0	0	0	0	0	182	0	0	0	0	0	490	0	348	0	0	0	0	0	0	0	0	0	1908	0	0	0	1348	100	138	0	2102	0	114	0	0	0	2002	0	5604	0	0	0	5342	0	13676	0	2566	0	3242	0	1188	0	738	0	144	0	1432	0	5916	2522	8140	120	1022	0	0	0	192	0	0	0	458	0	772	0	13418	0	616	0	0	0	1176	0	20116	0	0	0	0	0	0	0	0	0	0	0	0	0	0	0	0	0	0	0	0	0	0	0	0	0	0	
19136	Temporal_Pole_Mid_L	0	0	0	0	0	0	0	0	0	0	0	0	0	0	0	0	0	0	0	0	0	0	0	0	0	0	0	0	0	0	0	0	0	0	0	0	138	0	152	0	140	0	0	0	0	0	0	0	0	0	0	0	0	0	450	0	0	0	0	0	0	0	0	0	0	0	0	0	0	0	0	0	0	0	0	0	0	0	0	0	0	0	3072	0	2798	0	0	0	2818	0	0	0	0	0	0	0	0	0	0	0	0	0	0	0	0	0	0	0	0	0	0	0	0	0	0	0	
18748	Temporal_Pole_Mid_R	0	0	0	0	0	0	0	0	0	0	0	0	0	0	0	0	0	0	0	0	0	0	0	0	0	0	0	0	0	118	0	0	0	0	0	0	0	164	0	672	0	512	0	0	0	0	0	0	0	0	0	0	0	0	0	2094	0	0	0	0	0	0	0	0	0	0	0	0	0	0	0	0	0	0	0	0	0	0	0	0	0	340	0	3044	0	1176	0	0	0	1254	0	0	0	0	0	0	0	0	0	0	0	0	0	0	0	0	0	0	0	0	0	0	0	0	0	0	
259444	Temporal_Inf_L	2240	0	0	0	0	0	986	0	0	0	786	0	0	0	0	0	1234	0	0	0	0	0	0	0	0	0	0	0	3556	0	0	0	106	0	836	106	4362	0	370	0	436	0	1688	0	1230	0	144	0	2356	0	6452	0	7178	0	14088	0	568	0	1138	0	1644	0	4800	0	4634	0	2096	0	1424	0	0	0	410	0	0	0	0	0	3742	0	14776	0	5128	0	33728	0	2818	0	0	0	2920	0	722	0	0	0	112	0	496	0	240	0	172	0	0	0	0	0	0	0	0	0	0	0	0	0	
215696	Temporal_Inf_R	460	676	172	222	0	0	0	0	0	0	0	336	0	0	0	0	0	336	0	308	0	0	0	0	0	0	0	0	0	2826	0	0	0	268	494	596	300	11928	150	2478	0	432	0	2148	0	3526	0	0	0	2996	0	2666	0	8246	0	23232	0	444	0	858	0	0	0	506	0	1662	1624	4476	0	722	0	0	0	1140	0	0	0	2074	0	122	0	4654	0	1914	0	20116	0	1254	0	0	0	1174	0	0	0	0	0	106	0	206	0	0	0	0	0	0	0	0	0	0	0	0	0	0	0	0	
614728	Cerebelum_Crus1_L	0	0	0	0	0	0	0	0	0	0	0	0	0	0	0	0	0	0	0	0	0	0	0	0	0	0	0	0	0	0	0	0	0	0	0	0	96	0	156	0	0	0	0	254	0	0	7626	7988	0	0	0	0	220	392	29670	2178	0	0	0	0	0	0	0	0	0	0	0	0	0	0	0	0	0	0	0	0	0	0	0	0	0	0	0	0	0	0	0	0	2920	0	0	11484	45644	9506	1430	400	21422	1106	66420	12264	17074	2504	23766	2932	2668	332	468	0	820	926	5616	14120	13632	1030	300	0	
480640	Cerebelum_Crus1_R	0	0	0	0	0	0	0	0	0	0	0	0	0	0	0	0	0	0	0	0	0	0	0	0	0	0	0	0	0	0	0	0	0	0	0	0	0	0	0	102	0	0	0	0	0	0	90	3864	0	0	0	0	0	178	956	17120	0	0	0	0	0	0	0	0	0	0	0	0	0	0	0	0	0	0	0	0	0	0	0	0	0	0	0	0	0	0	0	0	0	1174	11484	0	3162	33612	522	1618	3660	11790	12780	53238	2910	6462	3892	26114	2050	3546	566	834	174	2116	8856	10852	13466	2002	1130	0	
346224	Cerebelum_Crus2_L	0	0	0	0	0	0	0	0	0	0	0	0	0	0	0	0	0	0	0	0	0	0	0	0	0	0	0	0	0	0	0	0	0	0	0	0	0	0	0	0	0	0	0	174	0	0	1408	1442	0	0	0	0	0	166	3556	420	0	0	0	0	0	0	0	0	0	0	0	0	0	0	0	0	0	0	0	0	0	0	0	0	0	0	0	0	0	0	0	0	722	0	45644	3162	0	8142	208	0	1090	0	10414	1622	35630	3536	34240	2734	4610	240	880	0	0	0	0	2368	8532	2172	0	0	
348124	Cerebelum_Crus2_R	0	0	0	0	0	0	0	0	0	0	0	0	0	0	0	0	0	0	0	0	0	0	0	0	0	0	0	0	0	0	0	0	0	0	0	0	0	0	0	0	0	0	0	0	0	0	0	730	0	0	0	0	0	0	0	210	0	0	0	0	0	0	0	0	0	0	0	0	0	0	0	0	0	0	0	0	0	0	0	0	0	0	0	0	0	0	0	0	0	0	9506	33612	8142	0	152	0	1000	184	3908	5504	8918	24460	9122	36990	704	4548	332	372	0	0	136	1620	18152	4846	914	0	
41788	Cerebelum_3_L	0	0	0	0	0	0	0	0	0	0	0	0	0	0	0	0	0	0	0	0	0	0	0	0	0	0	0	0	0	0	0	0	0	0	0	0	0	0	0	0	0	0	0	0	0	0	0	0	0	0	0	0	0	0	376	0	0	0	0	0	0	0	0	0	0	0	0	0	0	0	0	0	0	0	0	0	0	0	0	0	0	0	0	0	0	0	0	0	0	0	1430	522	208	152	0	128	7428	138	2076	892	0	0	228	250	1352	0	118	0	1242	2180	1246	556	372	0	0	0	
59424	Cerebelum_3_R	0	0	0	0	0	0	0	0	0	0	0	0	0	0	0	0	0	0	0	0	0	0	0	0	0	0	0	0	0	0	0	0	0	0	0	0	0	0	0	0	0	0	0	0	0	0	0	152	0	0	0	0	0	0	162	1528	0	0	0	0	0	0	0	0	0	0	0	0	0	0	0	0	0	0	0	0	0	0	0	0	0	0	0	0	0	0	0	0	0	0	400	1618	0	0	128	0	1236	6002	980	6780	0	0	0	0	292	692	0	0	866	4350	2258	760	278	380	674	176	
286284	Cerebelum_4_5_L	0	0	0	0	0	0	0	0	0	0	0	0	0	0	0	0	0	0	0	0	0	0	0	0	0	0	0	0	0	0	0	0	0	0	0	0	130	0	568	0	0	0	0	0	0	0	9566	2016	0	0	0	0	158	0	15894	378	0	0	0	0	0	0	0	0	0	0	0	0	0	0	0	0	0	0	0	0	0	0	0	0	0	0	0	0	0	0	0	0	112	0	21422	3660	1090	1000	7428	1236	0	2706	37528	4504	370	136	1308	980	4330	1194	292	112	1930	2352	13006	3606	1682	308	952	1188	
213828	Cerebelum_4_5_R	0	0	0	0	0	0	0	0	0	0	0	0	0	0	0	0	0	0	0	0	0	0	0	0	0	0	0	0	0	0	0	0	0	0	106	130	118	1674	104	2278	0	196	0	136	0	0	308	4656	0	0	0	0	0	284	844	16496	0	0	0	0	0	0	0	0	0	0	0	384	0	0	0	0	0	0	0	0	0	350	0	0	0	0	0	0	0	0	0	0	0	106	1106	11790	0	184	138	6002	2706	0	2244	30716	0	0	0	550	210	856	0	578	456	3962	14692	1008	228	370	594	354	
572620	Cerebelum_6_L	0	0	0	0	0	0	0	0	0	0	0	0	0	0	0	0	0	0	0	0	0	0	0	0	0	0	0	0	0	0	0	0	0	0	0	0	166	0	316	0	0	0	114	494	0	134	13920	11348	0	110	0	0	414	582	36114	3424	0	0	0	0	0	0	0	0	0	0	0	0	0	0	0	0	0	0	0	0	0	0	0	0	0	0	0	0	0	0	0	0	496	0	66420	12780	10414	3908	2076	980	37528	2244	0	18684	3550	694	6742	2412	4686	764	782	98	1022	1132	10234	21408	8486	490	874	270	
509704	Cerebelum_6_R	0	0	0	0	0	0	0	0	0	0	0	0	0	0	0	0	0	0	0	0	0	0	0	0	0	0	0	0	0	0	0	0	0	0	0	0	0	116	0	190	0	0	0	0	0	0	972	11530	0	0	0	0	0	938	2312	29432	0	0	0	0	0	0	0	0	0	0	0	0	0	0	0	0	0	0	0	0	0	0	0	0	0	0	0	0	0	0	0	0	0	206	12264	53238	1622	5504	892	6780	4504	30716	18684	0	196	1308	522	8578	2460	3286	418	1458	820	4826	17092	20550	8140	1880	2502	916	
285388	Cerebelum_7b_L	0	0	0	0	0	0	0	0	0	0	0	0	0	0	0	0	0	0	0	0	0	0	0	0	0	0	0	0	0	0	0	0	0	0	0	0	0	0	0	0	0	0	0	0	0	0	0	0	0	0	0	0	0	0	1484	0	0	0	0	0	0	0	0	0	0	0	0	0	0	0	0	0	0	0	0	0	0	0	0	0	0	0	0	0	0	0	0	0	240	0	17074	2910	35630	8918	0	0	370	0	3550	196	0	5144	38502	5574	6332	564	1198	0	0	0	0	188	8726	5908	186	0	
176312	Cerebelum_7b_R	0	0	0	0	0	0	0	0	0	0	0	0	0	0	0	0	0	0	0	0	0	0	0	0	0	0	0	0	0	0	0	0	0	0	0	0	0	0	0	0	0	0	0	0	0	0	0	232	0	0	0	0	0	0	0	0	0	0	0	0	0	0	0	0	0	0	0	0	0	0	0	0	0	0	0	0	0	0	0	0	0	0	0	0	0	0	0	0	0	0	2504	6462	3536	24460	0	0	136	0	694	1308	5144	0	4846	24622	0	3362	0	0	0	0	0	320	6406	3988	136	0	
360368	Cerebelum_8_L	0	0	0	0	0	0	0	0	0	0	0	0	0	0	0	0	0	0	0	0	0	0	0	0	0	0	0	0	0	0	0	0	0	0	0	0	0	0	0	0	0	0	0	0	0	0	0	0	0	0	0	0	0	0	2816	0	0	0	0	0	0	0	0	0	0	0	0	0	0	0	0	0	0	0	0	0	0	0	0	0	0	0	0	0	0	0	0	0	172	0	23766	3892	34240	9122	228	0	1308	0	6742	522	38502	4846	0	8666	18160	3300	2438	0	0	0	0	406	10260	8728	2070	0	
319440	Cerebelum_8_R	0	0	0	0	0	0	0	0	0	0	0	0	0	0	0	0	0	0	0	0	0	0	0	0	0	0	0	0	0	0	0	0	0	0	0	0	0	0	0	0	0	0	0	0	0	0	0	128	0	0	0	0	0	0	0	180	0	0	0	0	0	0	0	0	0	0	0	0	0	0	0	0	0	0	0	0	0	0	0	0	0	0	0	0	0	0	0	0	0	0	2932	26114	2734	36990	250	0	980	550	2412	8578	5574	24622	8666	0	1188	14788	242	1140	0	90	346	1326	10464	7278	2148	0	
140036	Cerebelum_9_L	0	0	0	0	0	0	0	0	0	0	0	0	0	0	0	0	0	0	0	0	0	0	0	0	0	0	0	0	0	0	0	0	0	0	0	0	0	0	0	0	0	0	0	0	0	0	0	328	0	0	0	0	0	0	134	144	0	0	0	0	0	0	0	0	0	0	0	0	0	0	0	0	0	0	0	0	0	0	0	0	0	0	0	0	0	0	0	0	0	0	2668	2050	4610	704	1352	292	4330	210	4686	2460	6332	0	18160	1188	0	3444	4804	138	160	312	1562	3720	1476	1436	2414	904	
135564	Cerebelum_9_R	0	0	0	0	0	0	0	0	0	0	0	0	0	0	0	0	0	0	0	0	0	0	0	0	0	0	0	0	0	0	0	0	0	0	0	0	0	0	0	0	0	0	0	0	0	0	0	156	0	0	0	0	0	0	0	0	0	0	0	0	0	0	0	0	0	0	0	0	0	0	0	0	0	0	0	0	0	0	0	0	0	0	0	0	0	0	0	0	0	0	332	3546	240	4548	0	692	1194	856	764	3286	564	3362	3300	14788	3444	0	0	3226	226	660	2078	4272	2682	4892	6346	2328	
26888	Cerebelum_10_L	0	0	0	0	0	0	0	0	0	0	0	0	0	0	0	0	0	0	0	0	0	0	0	0	0	0	0	0	0	0	0	0	0	0	0	0	0	0	0	0	0	0	0	0	0	0	0	0	0	0	0	0	0	0	0	0	0	0	0	0	0	0	0	0	0	0	0	0	0	0	0	0	0	0	0	0	0	0	0	0	0	0	0	0	0	0	0	0	0	0	468	566	880	332	118	0	292	0	782	418	1198	0	2438	242	4804	0	0	0	0	0	0	410	496	0	0	0	
25740	Cerebelum_10_R	0	0	0	0	0	0	0	0	0	0	0	0	0	0	0	0	0	0	0	0	0	0	0	0	0	0	0	0	0	0	0	0	0	0	0	0	0	0	0	0	0	0	0	0	0	0	0	0	0	0	0	0	0	0	0	0	0	0	0	0	0	0	0	0	0	0	0	0	0	0	0	0	0	0	0	0	0	0	0	0	0	0	0	0	0	0	0	0	0	0	0	834	0	372	0	0	112	578	98	1458	0	0	0	1140	138	3226	0	0	0	0	284	1020	610	1230	1406	364	
33072	Vermis_1_2	0	0	0	0	0	0	0	0	0	0	0	0	0	0	0	0	0	0	0	0	0	0	0	0	0	0	0	0	0	0	0	0	0	0	0	0	0	0	0	0	0	0	0	0	0	0	0	0	0	0	0	0	0	0	304	0	0	0	0	0	0	0	0	0	0	0	0	0	0	0	0	0	0	0	0	0	0	0	0	0	0	0	0	0	0	0	0	0	0	0	820	174	0	0	1242	866	1930	456	1022	820	0	0	0	0	160	226	0	0	0	4976	2496	522	0	90	232	200	
74716	Vermis_3	0	0	0	0	0	0	0	0	0	0	0	0	0	0	0	0	0	0	0	0	0	0	0	0	0	0	0	0	0	0	0	0	0	0	0	0	0	98	124	0	0	0	0	0	0	0	114	128	0	0	0	0	0	0	322	1570	0	0	0	0	0	0	0	0	0	0	0	0	0	0	0	0	0	0	0	0	0	0	0	0	0	0	0	0	0	0	0	0	0	0	926	2116	0	0	2180	4350	2352	3962	1132	4826	0	0	0	90	312	660	0	0	4976	0	4956	744	274	334	612	200	
235944	Vermis_4_5	0	0	0	0	0	0	0	0	0	0	0	0	0	0	0	0	0	0	0	0	0	0	0	0	0	0	0	0	0	0	0	0	0	124	0	374	0	488	0	110	0	0	0	576	244	382	1288	4614	0	0	0	0	98	200	3442	7402	0	0	0	0	0	0	0	0	0	0	248	1622	0	154	0	0	0	0	0	0	0	0	0	0	0	0	0	0	0	0	0	0	0	0	5616	8856	0	136	1246	2258	13006	14692	10234	17092	0	0	0	346	1562	2078	0	284	2496	4956	0	6940	0	124	1392	3292	
