data	data	500784	303472	696812	641848	225972	64396	458656	273736	125092	17384	264956	244744	312052	184624	244836	102592	253720	162604	588192	669468	133640	140872	283396	307928	56812	104480	102676	82828	564976	376380	347344	500328	170432	426444	184948	161336	296628	286668	90484	171820	67004	89368	232196	308796	213284	390524	280636	273520	182996	355740	544408	223936	177620	96900	414332	421088	332072	190608	136740	89360	205512	79968	82792	90508	176328	128332	337200	474640	179296	152836	428356	411500	360344	308268	59524	15344	165492	184624	102736	44128	278740	135068	81720	80556	367308	218484	14540	38968	304088	236448	531408	531780	311936	330760	42596	58300	343208	290692	535488	504644	286300	99744	338976	386564	121964	158180	18220	16424	24852	67488	268616	187756	303208	232236	93108	57160	
data	data	Precentral_L	Precentral_R	Frontal_Sup_L	Frontal_Sup_R	Frontal_Sup_Orb_L	Frontal_Sup_Orb_R	Frontal_Mid_L	Frontal_Mid_R	Frontal_Mid_Orb_L	Frontal_Mid_Orb_R	Frontal_Inf_Oper_L	Frontal_Inf_Oper_R	Frontal_Inf_Tri_L	Frontal_Inf_Tri_R	Frontal_Inf_Orb_L	Frontal_Inf_Orb_R	Rolandic_Oper_L	Rolandic_Oper_R	Supp_Motor_Area_L	Supp_Motor_Area_R	Olfactory_L	Olfactory_R	Frontal_Sup_Medial_L	Frontal_Sup_Medial_R	Frontal_Med_Orb_L	Frontal_Med_Orb_R	Rectus_L	Rectus_R	Insula_L	Insula_R	Cingulum_Ant_L	Cingulum_Ant_R	Cingulum_Mid_L	Cingulum_Mid_R	Cingulum_Post_L	Cingulum_Post_R	Hippocampus_L	Hippocampus_R	ParaHippocampal_L	ParaHippocampal_R	Amygdala_L	Amygdala_R	Calcarine_L	Calcarine_R	Cuneus_L	Cuneus_R	Lingual_L	Lingual_R	Occipital_Sup_L	Occipital_Sup_R	Occipital_Mid_L	Occipital_Mid_R	Occipital_Inf_L	Occipital_Inf_R	Fusiform_L	Fusiform_R	Postcentral_L	Postcentral_R	Parietal_Sup_L	Parietal_Sup_R	Parietal_Inf_L	Parietal_Inf_R	SupraMarginal_L	SupraMarginal_R	Angular_L	Angular_R	Precuneus_L	Precuneus_R	Paracentral_Lobule_L	Paracentral_Lobule_R	Caudate_L	Caudate_R	Putamen_L	Putamen_R	Pallidum_L	Pallidum_R	Thalamus_L	Thalamus_R	Heschl_L	Heschl_R	Temporal_Sup_L	Temporal_Sup_R	Temporal_Pole_Sup_L	Temporal_Pole_Sup_R	Temporal_Mid_L	Temporal_Mid_R	Temporal_Pole_Mid_L	Temporal_Pole_Mid_R	Temporal_Inf_L	Temporal_Inf_R	Cerebelum_Crus1_L	Cerebelum_Crus1_R	Cerebelum_Crus2_L	Cerebelum_Crus2_R	Cerebelum_3_L	Cerebelum_3_R	Cerebelum_4_5_L	Cerebelum_4_5_R	Cerebelum_6_L	Cerebelum_6_R	Cerebelum_7b_L	Cerebelum_7b_R	Cerebelum_8_L	Cerebelum_8_R	Cerebelum_9_L	Cerebelum_9_R	Cerebelum_10_L	Cerebelum_10_R	Vermis_1_2	Vermis_3	Vermis_4_5	Vermis_6	Vermis_7	Vermis_8	Vermis_9	Vermis_10	
500784	Precentral_L	0	7164	17468	3210	0	0	16368	612	0	0	10880	138	3938	198	0	0	7884	0	10630	5226	0	0	0	84	0	0	0	0	10628	0	640	704	792	442	9624	2100	3890	412	158	88	0	0	836	0	912	0	144	0	0	0	4782	0	1164	0	1428	0	40762	0	310	0	1478	0	768	0	610	0	2686	334	25888	2962	12986	1664	5824	76	3690	0	9438	4200	4986	0	4690	0	0	0	2430	0	0	0	2066	0	0	0	0	0	0	0	0	0	0	0	0	0	0	0	0	0	0	0	0	0	0	0	0	0	0	0	
303472	Precentral_R	7164	0	162	17940	0	0	0	13326	0	0	0	9020	0	604	0	0	0	3544	2560	14028	0	0	0	0	0	0	0	0	302	5448	0	304	654	3866	2098	6706	356	2370	0	142	0	0	0	552	0	186	0	96	0	0	0	0	0	276	0	558	988	14036	0	316	0	468	0	2186	0	0	162	3448	7366	10750	718	6966	420	4488	128	824	268	4250	0	260	0	524	0	0	0	0	0	0	186	618	0	0	0	0	0	0	0	0	0	0	0	0	0	0	0	0	0	0	0	0	104	0	0	0	0	0	
696812	Frontal_Sup_L	17468	162	0	6552	9542	0	72664	182	4006	0	18618	460	30702	200	11302	0	6948	0	42456	4864	772	0	33302	6002	1292	0	562	0	19888	194	15912	6520	4766	4222	1010	170	1044	80	0	0	0	0	406	0	186	0	0	0	0	0	586	0	74	0	148	0	7038	0	78	0	264	0	94	0	98	0	786	0	524	0	2138	610	5210	0	0	0	1998	896	704	0	2810	0	1272	0	312	0	0	0	312	0	0	0	0	0	0	0	0	0	0	0	0	0	0	0	0	0	0	0	0	0	0	0	0	0	0	0	
641848	Frontal_Sup_R	3210	17940	6552	0	84	1454	1634	35494	0	434	1444	10850	720	8746	0	3636	590	6286	17932	57124	100	102	7686	33540	132	3550	0	0	616	9676	4516	30684	2134	16018	100	132	204	1918	0	148	0	0	0	0	0	0	0	0	0	0	0	0	0	0	0	292	1434	1698	0	0	0	0	0	0	0	0	0	0	1676	0	5376	13558	1214	6280	0	172	114	2554	0	384	288	142	74	0	0	0	0	0	98	184	0	0	0	0	0	0	0	0	0	0	0	0	0	0	0	0	0	0	0	0	0	0	0	0	0	0	
225972	Frontal_Sup_Orb_L	0	0	9542	84	0	268	1614	0	14656	0	114	0	2220	0	15908	244	0	0	144	0	5210	3370	4744	238	5498	322	8792	1100	11262	0	8934	1730	0	0	0	0	0	0	0	0	198	0	0	0	0	0	0	0	0	0	0	0	0	0	0	0	0	0	0	0	0	0	0	0	0	0	0	0	0	0	5828	1772	6012	88	0	0	0	0	0	0	0	0	2820	0	0	0	274	0	0	0	0	0	0	0	0	0	0	0	0	0	0	0	0	0	0	0	0	0	0	0	0	0	0	0	0	0	
64396	Frontal_Sup_Orb_R	0	0	0	1454	268	0	0	548	212	2120	0	76	0	234	290	5756	0	0	0	0	622	1850	0	1714	0	3598	0	3676	240	3732	336	1490	0	0	0	0	0	0	0	0	0	0	0	0	0	0	0	0	0	0	0	0	0	0	0	0	0	0	0	0	0	0	0	0	0	0	0	0	0	0	652	1262	580	1028	0	0	0	0	0	0	0	0	0	460	0	0	0	0	0	0	0	0	0	0	0	0	0	0	0	0	0	0	0	0	0	0	0	0	0	0	0	0	0	0	0	0	
458656	Frontal_Mid_L	16368	0	72664	1634	1614	0	0	74	2718	0	15420	0	42966	0	6120	0	1110	0	9794	510	128	0	16962	2746	0	0	0	0	8908	0	7912	2308	4018	3252	134	0	426	0	0	0	0	0	212	0	152	0	0	0	0	0	984	0	0	0	116	0	4632	0	0	0	166	0	346	0	100	0	332	0	0	0	444	0	452	0	0	0	1348	136	328	0	940	0	276	0	428	0	0	0	150	0	0	0	0	0	0	0	0	0	0	0	0	0	0	0	0	0	0	0	0	0	0	0	0	0	0	0	
273736	Frontal_Mid_R	612	13326	182	35494	0	548	74	0	0	1260	326	15804	0	17120	0	1594	304	1322	6202	10732	0	0	184	5176	0	116	0	0	220	5152	216	1214	80	6108	0	0	0	1754	0	126	0	0	0	0	0	0	0	0	0	0	0	0	0	0	0	490	326	0	0	0	0	0	0	0	0	0	0	0	206	0	1204	2548	212	5018	0	406	0	654	0	80	110	0	0	0	0	0	0	0	0	368	0	0	0	0	0	0	0	0	0	0	0	0	0	0	0	0	0	0	0	0	0	0	0	0	0	0	
125092	Frontal_Mid_Orb_L	0	0	4006	0	14656	212	2718	0	0	0	0	0	2402	0	15676	180	0	0	0	0	1970	1734	98	0	684	92	3582	626	3578	0	2348	648	0	0	0	0	0	0	0	0	0	0	0	0	0	0	0	0	0	0	0	0	0	0	0	0	0	0	0	0	0	0	0	0	0	0	0	0	0	0	3216	892	2652	0	0	0	0	0	0	0	0	0	576	0	0	0	0	0	0	0	0	0	0	0	0	0	0	0	0	0	0	0	0	0	0	0	0	0	0	0	0	0	0	0	0	0	
17384	Frontal_Mid_Orb_R	0	0	0	434	0	2120	0	1260	0	0	0	0	0	716	0	3440	0	0	0	0	0	0	0	84	0	0	0	0	0	638	0	0	0	0	0	0	0	0	0	0	0	0	0	0	0	0	0	0	0	0	0	0	0	0	0	0	0	0	0	0	0	0	0	0	0	0	0	0	0	0	0	0	0	0	0	0	0	0	0	0	0	0	0	0	0	0	0	0	0	0	0	0	0	0	0	0	0	0	0	0	0	0	0	0	0	0	0	0	0	0	0	0	0	0	0	0	
264956	Frontal_Inf_Oper_L	10880	0	18618	1444	114	0	15420	326	0	0	0	832	25854	218	696	0	9022	98	12612	1244	0	0	424	500	0	80	0	0	13346	448	3412	1566	226	106	0	0	292	0	0	0	0	0	0	0	0	0	0	0	0	0	0	0	0	0	0	0	2410	0	0	0	86	0	0	0	0	0	0	0	0	0	4142	1184	2488	0	0	0	296	92	652	0	1808	0	1112	0	98	0	0	0	332	0	0	0	0	0	0	0	0	0	0	0	0	0	0	0	0	0	0	0	0	0	0	0	0	0	0	0	
244744	Frontal_Inf_Oper_R	138	9020	460	10850	0	76	0	15804	0	0	832	0	126	17496	0	930	146	5498	3196	8228	0	0	0	1320	0	270	0	0	152	16606	808	5248	128	2970	0	0	0	1156	0	88	0	0	0	0	0	0	0	0	0	0	0	0	0	0	0	714	90	528	0	0	0	0	0	0	0	0	0	0	0	0	4032	5912	854	7368	0	0	0	80	0	120	0	316	0	156	0	178	0	0	0	478	0	0	0	0	0	0	0	0	0	0	0	0	0	0	0	0	0	0	0	0	0	0	0	0	0	0	
312052	Frontal_Inf_Tri_L	3938	0	30702	720	2220	0	42966	0	2402	0	25854	126	0	0	12680	0	382	0	5314	688	294	0	1056	282	0	0	280	0	19900	0	2292	772	496	240	0	0	0	0	0	0	0	0	0	0	0	0	0	0	0	0	0	0	0	0	0	0	362	0	0	0	0	0	0	0	0	0	0	0	0	0	278	0	640	0	0	0	0	0	0	0	0	0	1142	0	0	0	0	0	0	0	0	0	0	0	0	0	0	0	0	0	0	0	0	0	0	0	0	0	0	0	0	0	0	0	0	0	
184624	Frontal_Inf_Tri_R	198	604	200	8746	0	234	0	17120	0	716	218	17496	0	0	0	5340	136	402	2020	4376	0	0	0	2370	0	526	0	0	90	11460	552	4810	0	1992	0	0	0	388	0	0	0	0	0	0	0	0	0	0	0	0	0	0	0	0	0	184	74	0	0	0	0	0	0	0	0	0	0	0	0	0	2454	5898	758	2798	0	0	0	0	0	0	0	0	0	0	0	0	0	0	0	152	0	0	0	0	0	0	0	0	0	0	0	0	0	0	0	0	0	0	0	0	0	0	0	0	0	0	
244836	Frontal_Inf_Orb_L	0	0	11302	0	15908	290	6120	0	15676	0	696	0	12680	0	0	256	0	0	462	84	3934	3130	1068	90	262	146	3316	772	22648	0	2608	1118	0	0	0	0	0	0	0	0	86	0	0	0	0	0	0	0	0	0	0	0	0	0	0	0	0	0	0	0	0	0	0	0	0	0	0	0	0	0	5714	1630	6354	108	0	0	0	0	0	0	116	0	5440	0	0	0	404	0	0	0	0	0	0	0	0	0	0	0	0	0	0	0	0	0	0	0	0	0	0	0	0	0	0	0	0	0	
102592	Frontal_Inf_Orb_R	0	0	0	3636	244	5756	0	1594	180	3440	0	930	0	5340	256	0	0	0	0	200	506	1456	0	2188	0	1482	0	1232	208	12836	122	2092	0	0	0	0	0	0	0	76	0	0	0	0	0	0	0	0	0	0	0	0	0	0	0	0	0	0	0	0	0	0	0	0	0	0	0	0	0	0	540	2544	464	2112	0	0	0	0	0	0	0	0	0	1782	0	0	0	80	0	0	0	0	0	0	0	0	0	0	0	0	0	0	0	0	0	0	0	0	0	0	0	0	0	0	0	0	
253720	Rolandic_Oper_L	7884	0	6948	590	0	0	1110	304	0	0	9022	146	382	136	0	0	0	0	7380	366	0	0	0	0	0	0	0	0	20080	0	390	436	0	0	0	0	1946	0	0	0	0	0	164	0	0	0	300	0	0	0	7254	0	338	0	410	0	11246	0	150	0	1090	0	4052	0	1290	0	322	0	0	0	4222	958	4840	0	1370	0	546	168	7732	0	14848	0	996	0	5908	0	0	0	1536	0	0	0	0	0	0	0	0	0	0	0	0	0	0	0	0	0	0	0	0	0	0	0	0	0	0	0	
162604	Rolandic_Oper_R	0	3544	0	6286	0	0	0	1322	0	0	98	5498	0	402	0	0	0	0	692	4552	0	0	0	84	0	0	0	0	0	17208	184	2038	80	1240	0	0	0	2106	0	194	0	0	0	150	0	220	0	0	0	234	0	96	0	158	0	1034	0	3530	0	0	0	74	0	3486	0	84	0	714	0	0	302	3252	0	10718	0	586	0	118	0	3850	0	5824	0	324	0	322	0	0	0	698	0	0	0	0	0	0	0	0	0	0	0	0	0	0	0	0	0	0	0	0	0	0	0	0	0	0	
588192	Supp_Motor_Area_L	10630	2560	42456	17932	144	0	9794	6202	0	0	12612	3196	5314	2020	462	0	7380	692	0	46212	110	0	4064	5688	0	86	0	0	9522	1762	5246	6668	11670	26936	542	184	1798	584	0	0	0	0	90	0	0	0	0	0	0	0	0	0	0	0	240	214	3608	0	0	0	0	0	0	0	0	0	190	102	4936	928	10896	4568	15218	1382	3140	100	1342	206	434	0	2796	0	306	0	164	0	0	0	618	152	0	0	0	0	0	0	0	0	0	0	0	0	0	0	0	0	0	0	0	0	0	0	0	0	0	0	
669468	Supp_Motor_Area_R	5226	14028	4864	57124	0	0	510	10732	0	0	1244	8228	688	4376	84	200	366	4552	46212	0	378	272	812	8960	0	532	0	0	498	5590	2030	15766	4904	40524	936	5306	204	3448	0	552	0	0	0	352	0	0	0	0	0	0	0	0	0	0	0	398	864	2062	0	0	0	0	0	0	0	0	124	2308	6796	15418	6282	28298	1486	4202	152	406	300	15438	0	154	186	0	0	0	0	0	0	0	100	262	0	0	0	0	0	0	0	0	0	0	0	0	0	0	0	0	0	0	0	0	0	0	0	0	0	0	
133640	Olfactory_L	0	0	772	100	5210	622	128	0	1970	0	0	0	294	0	3934	506	0	0	110	378	0	7168	206	0	674	338	5712	2498	5166	0	4490	2548	0	0	0	0	1188	0	774	0	2096	0	0	0	0	0	0	0	0	0	0	0	0	0	1102	0	0	0	0	0	0	0	0	0	0	0	0	0	0	0	9192	3756	4082	686	0	0	0	0	0	0	0	0	940	0	0	0	0	0	180	0	0	0	0	0	0	0	0	0	0	0	0	0	0	0	0	0	0	0	0	0	0	0	0	0	0	0	
140872	Olfactory_R	0	0	0	102	3370	1850	0	0	1734	0	0	0	0	0	3130	1456	0	0	0	272	7168	0	0	442	244	2328	3010	6260	1822	2876	3320	4648	0	0	0	0	0	0	0	308	0	602	0	0	0	0	0	0	0	0	0	0	0	0	0	0	0	0	0	0	0	0	0	0	0	0	0	0	0	0	8590	7476	5510	3104	0	0	0	0	0	0	0	0	334	480	0	0	0	0	0	0	0	0	0	0	0	0	0	0	0	0	0	0	0	0	0	0	0	0	0	0	0	0	0	0	0	0	
283396	Frontal_Sup_Medial_L	0	0	33302	7686	4744	0	16962	184	98	0	424	0	1056	0	1068	0	0	0	4064	812	206	0	0	15332	3640	358	112	0	1442	0	18798	12684	6120	11320	0	0	0	0	0	0	0	0	0	0	0	0	0	0	0	0	0	0	0	0	0	0	0	0	0	0	0	0	0	0	0	0	0	0	0	0	80	124	848	134	0	0	0	0	0	0	0	0	100	0	0	0	0	0	0	0	0	0	0	0	0	0	0	0	0	0	0	0	0	0	0	0	0	0	0	0	0	0	0	0	0	0	
307928	Frontal_Sup_Medial_R	84	0	6002	33540	238	1714	2746	5176	0	84	500	1320	282	2370	90	2188	0	84	5688	8960	0	442	15332	0	268	6672	0	390	606	3946	7376	25342	2312	14566	0	0	0	140	0	0	0	0	0	0	0	0	0	0	0	0	0	0	0	0	0	0	0	0	0	0	0	0	0	0	0	0	0	0	0	0	516	1844	446	2418	0	0	0	0	0	0	0	0	0	282	0	0	0	0	0	0	0	0	0	0	0	0	0	0	0	0	0	0	0	0	0	0	0	0	0	0	0	0	0	0	0	0	
56812	Frontal_Med_Orb_L	0	0	1292	132	5498	0	0	0	684	0	0	0	0	0	262	0	0	0	0	0	674	244	3640	268	0	1754	2554	502	994	0	6844	822	0	0	0	0	0	0	0	0	0	0	0	0	0	0	0	0	0	0	0	0	0	0	0	0	0	0	0	0	0	0	0	0	0	0	0	0	0	0	454	218	1336	128	0	0	0	0	0	0	0	0	106	0	0	0	0	0	0	0	0	0	0	0	0	0	0	0	0	0	0	0	0	0	0	0	0	0	0	0	0	0	0	0	0	0	
104480	Frontal_Med_Orb_R	0	0	0	3550	322	3598	0	116	92	0	80	270	0	526	146	1482	0	0	86	532	338	2328	358	6672	1754	0	628	6188	332	4034	2714	9522	0	0	0	0	0	0	0	0	0	0	0	0	0	0	0	0	0	0	0	0	0	0	0	0	0	0	0	0	0	0	0	0	0	0	0	0	0	0	360	2188	430	3188	0	0	0	0	0	0	0	0	0	406	0	0	0	0	0	0	0	0	0	0	0	0	0	0	0	0	0	0	0	0	0	0	0	0	0	0	0	0	0	0	0	0	
102676	Rectus_L	0	0	562	0	8792	0	0	0	3582	0	0	0	280	0	3316	0	0	0	0	0	5712	3010	112	0	2554	628	0	1762	3146	74	6916	2404	0	0	0	0	174	0	0	0	302	0	0	0	0	0	0	0	0	0	0	0	0	0	146	0	0	0	0	0	0	0	0	0	0	0	0	0	0	0	4388	1208	1622	78	0	0	0	0	0	0	0	0	570	0	0	0	0	0	0	0	0	0	0	0	0	0	0	0	0	0	0	0	0	0	0	0	0	0	0	0	0	0	0	0	0	0	
82828	Rectus_R	0	0	0	0	1100	3676	0	0	626	0	0	0	0	0	772	1232	0	0	0	0	2498	6260	0	390	502	6188	1762	0	480	1514	1400	4810	0	0	0	0	0	0	0	0	0	166	0	0	0	0	0	0	0	0	0	0	0	0	0	0	0	0	0	0	0	0	0	0	0	0	0	0	0	0	1780	3032	1106	1992	0	0	0	0	0	0	0	0	0	128	0	0	0	0	0	0	0	0	0	0	0	0	0	0	0	0	0	0	0	0	0	0	0	0	0	0	0	0	0	0	0	0	
564976	Insula_L	10628	302	19888	616	11262	240	8908	220	3578	0	13346	152	19900	90	22648	208	20080	0	9522	498	5166	1822	1442	606	994	332	3146	480	0	80	6552	1518	152	112	320	164	12548	96	688	0	3226	0	170	0	92	0	0	0	112	0	4338	0	672	0	2954	0	7950	0	222	0	512	0	780	0	842	0	200	0	214	0	7780	1672	24436	126	738	0	3696	678	11194	0	13072	0	6466	0	3880	0	440	0	7722	0	0	0	0	0	0	0	0	0	0	0	0	0	0	0	0	0	0	0	0	0	0	0	0	0	0	0	
376380	Insula_R	0	5448	194	9676	0	3732	0	5152	0	638	448	16606	0	11460	0	12836	0	17208	1762	5590	0	2876	0	3946	0	4034	74	1514	80	0	866	8752	186	2448	0	130	0	7358	0	960	0	1810	0	120	0	0	0	144	0	0	0	0	0	338	0	4538	0	518	0	0	0	0	0	90	0	0	0	452	0	0	2086	6324	350	27366	0	418	0	440	0	4236	0	5836	0	2960	0	1820	0	320	0	4050	0	0	0	0	0	0	0	0	0	0	0	0	0	0	0	0	0	0	0	0	0	0	0	0	0	0	
347344	Cingulum_Ant_L	640	0	15912	4516	8934	336	7912	216	2348	0	3412	808	2292	552	2608	122	390	184	5246	2030	4490	3320	18798	7376	6844	2714	6916	1400	6552	866	0	22262	5736	4560	0	0	0	0	0	0	78	0	0	0	0	0	0	0	0	0	0	0	0	0	0	0	544	0	0	0	0	0	0	0	0	0	0	0	0	0	7518	5426	7680	1678	0	0	0	0	0	0	0	0	456	0	0	0	0	0	0	0	0	0	0	0	0	0	0	0	0	0	0	0	0	0	0	0	0	0	0	0	0	0	0	0	0	0	
500328	Cingulum_Ant_R	704	304	6520	30684	1730	1490	2308	1214	648	0	1566	5248	772	4810	1118	2092	436	2038	6668	15766	2548	4648	12684	25342	822	9522	2404	4810	1518	8752	22262	0	5256	19572	0	0	0	178	0	0	0	104	0	0	0	0	0	0	0	0	0	0	0	0	0	104	460	74	0	0	0	0	0	0	0	0	0	0	0	0	5414	22502	1080	12240	0	76	146	842	0	0	104	0	94	412	0	0	0	0	0	78	0	0	0	0	0	0	0	0	0	0	0	0	0	0	0	0	0	0	0	0	0	0	0	0	0	0	
170432	Cingulum_Mid_L	792	654	4766	2134	0	0	4018	80	0	0	226	128	496	0	0	0	0	80	11670	4904	0	0	6120	2312	0	0	0	0	152	186	5736	5256	0	17186	3874	222	0	0	0	0	0	0	1114	144	1178	510	0	0	84	410	150	242	0	0	0	0	374	398	0	0	0	0	0	0	0	0	3444	1676	2716	1676	0	0	0	0	0	0	0	0	0	0	0	0	0	0	0	0	0	0	0	108	0	0	0	0	0	0	0	0	0	0	0	0	0	0	0	0	0	0	0	0	0	0	0	0	0	0	
426444	Cingulum_Mid_R	442	3866	4222	16018	0	0	3252	6108	0	0	106	2970	240	1992	0	0	0	1240	26936	40524	0	0	11320	14566	0	0	0	0	112	2448	4560	19572	17186	0	914	5600	0	678	0	0	0	0	0	1208	76	878	0	0	0	116	0	0	0	0	0	298	0	1776	0	0	0	0	0	0	0	0	1340	6872	1958	11078	286	826	0	1390	0	0	0	0	0	0	0	0	0	0	0	0	0	0	0	248	0	0	0	0	0	0	0	0	0	0	0	0	0	0	0	0	0	0	0	0	0	0	0	0	0	0	
184948	Cingulum_Post_L	9624	2098	1010	100	0	0	134	0	0	0	0	0	0	0	0	0	0	0	542	936	0	0	0	0	0	0	0	0	320	0	0	0	3874	914	0	10604	6608	3850	512	1558	0	0	4806	294	3464	252	1194	2010	208	0	890	0	136	0	134	234	3340	666	0	0	116	0	138	0	94	0	11910	3752	8848	1602	0	0	216	100	0	0	2142	2116	0	0	0	0	0	0	198	0	0	0	332	0	0	0	0	0	0	0	0	512	0	0	0	0	0	0	0	0	0	0	0	0	86	0	0	0	0	0	
161336	Cingulum_Post_R	2100	6706	170	132	0	0	0	0	0	0	0	0	0	0	0	0	0	0	184	5306	0	0	0	0	0	0	0	0	164	130	0	0	222	5600	10604	0	4314	5128	270	1808	0	0	158	1170	224	646	128	3972	0	0	0	0	0	0	0	244	124	3282	0	0	0	0	0	0	0	0	1498	10788	852	7730	0	78	120	100	0	0	2618	2358	0	0	0	0	0	0	0	0	0	0	206	0	0	0	0	0	0	0	0	590	0	0	0	0	0	0	0	0	0	0	0	0	944	0	0	0	0	0	
296628	Hippocampus_L	3890	356	1044	204	0	0	426	0	0	0	292	0	0	0	0	0	1946	0	1798	204	1188	0	0	0	0	0	174	0	12548	0	0	0	0	0	6608	4314	0	3748	10696	1588	10324	0	2674	0	0	0	5848	2276	0	0	2066	0	1056	0	13944	174	2622	0	0	0	152	0	308	0	362	0	5710	684	458	0	1330	0	9768	88	534	0	7624	1902	1290	0	3722	0	510	0	4362	0	232	0	15444	0	102	0	0	0	0	0	566	572	586	0	0	0	0	0	0	0	0	0	0	0	0	0	0	0	0	0	
286668	Hippocampus_R	412	2370	80	1918	0	0	0	1754	0	0	0	1156	0	388	0	0	0	2106	584	3448	0	0	0	140	0	0	0	0	96	7358	0	178	0	678	3850	5128	3748	0	262	18278	0	13948	122	162	0	0	196	6096	0	0	0	0	0	350	0	23782	0	0	0	0	0	0	0	0	0	0	484	2650	0	0	0	176	0	12530	0	546	1476	5992	0	686	0	1066	0	1820	0	3452	0	148	150	10688	0	80	0	0	0	0	0	2270	0	82	0	0	0	0	0	0	0	0	0	0	450	0	0	0	0	0	
90484	ParaHippocampal_L	158	0	0	0	0	0	0	0	0	0	0	0	0	0	0	0	0	0	0	0	774	0	0	0	0	0	0	0	688	0	0	0	0	0	512	270	10696	262	0	154	4232	0	294	0	0	0	4078	354	0	0	744	0	1848	0	11448	0	132	0	0	0	0	0	0	0	0	0	876	0	0	0	244	0	612	0	0	0	334	116	0	0	0	0	340	0	518	0	118	0	3482	0	86	0	0	0	0	0	934	0	938	0	0	0	0	0	0	0	0	0	0	0	0	0	0	0	0	0	
171820	ParaHippocampal_R	88	142	0	148	0	0	0	126	0	0	0	88	0	0	0	76	0	194	0	552	0	308	0	0	0	0	0	0	0	960	0	0	0	0	1558	1808	1588	18278	154	0	0	10988	0	1010	0	0	0	8092	0	0	0	0	0	546	0	18560	0	0	0	0	0	0	0	0	0	0	168	2988	0	0	0	0	0	1396	0	118	528	3224	0	150	0	0	0	2832	0	552	0	1592	0	2394	0	466	0	0	0	0	0	3402	0	718	0	0	0	0	0	0	0	0	0	0	118	0	0	0	0	0	
67004	Amygdala_L	0	0	0	0	198	0	0	0	0	0	0	0	0	0	86	0	0	0	0	0	2096	0	0	0	0	0	302	0	3226	0	78	0	0	0	0	0	10324	0	4232	0	0	0	0	0	0	0	0	0	0	0	0	0	0	0	7104	0	0	0	0	0	0	0	0	0	0	0	0	0	0	0	1246	0	444	0	0	0	484	0	0	0	0	0	642	0	680	0	322	0	2038	0	0	0	0	0	0	0	0	0	0	0	0	0	0	0	0	0	0	0	0	0	0	0	0	0	0	0	
89368	Amygdala_R	0	0	0	0	0	0	0	0	0	0	0	0	0	0	0	0	0	0	0	0	0	602	0	0	0	0	0	166	0	1810	0	104	0	0	0	0	0	13948	0	10988	0	0	0	0	0	0	0	0	0	0	0	0	0	0	0	8080	0	0	0	0	0	0	0	0	0	0	0	0	0	0	0	0	0	1618	0	294	0	380	0	0	0	190	0	3814	0	832	0	902	0	848	0	0	0	0	0	0	0	108	0	0	0	0	0	0	0	0	0	0	0	0	0	0	0	0	0	0	
232196	Calcarine_L	836	0	406	0	0	0	212	0	0	0	0	0	0	0	0	0	164	0	90	0	0	0	0	0	0	0	0	0	170	0	0	0	1114	0	4806	158	2674	122	294	0	0	0	0	6936	19956	5824	12398	1290	10734	1798	18296	392	3528	0	2030	0	1042	0	236	0	0	0	120	0	0	82	16836	642	800	0	0	0	0	0	0	0	0	0	174	0	168	0	0	0	1516	0	0	0	254	0	0	0	0	0	0	0	0	0	0	0	0	0	0	0	0	0	0	0	0	0	0	0	0	0	0	0	
308796	Calcarine_R	0	552	0	0	0	0	0	0	0	0	0	0	0	0	0	0	0	150	0	352	0	0	0	0	0	0	0	0	0	120	0	0	144	1208	294	1170	0	162	0	1010	0	0	6936	0	5418	28426	4976	20406	472	20234	160	8150	0	7940	0	8532	0	3168	0	370	0	114	0	648	0	1680	994	20356	190	1930	0	0	0	0	0	0	0	0	0	172	0	540	0	0	0	3352	0	0	0	3334	0	208	0	0	0	0	0	0	0	398	0	0	0	0	0	0	0	0	0	0	132	0	0	0	0	0	
213284	Cuneus_L	912	0	186	0	0	0	152	0	0	0	0	0	0	0	0	0	0	0	0	0	0	0	0	0	0	0	0	0	92	0	0	0	1178	76	3464	224	0	0	0	0	0	0	19956	5418	0	8420	2182	572	23478	2468	13286	100	756	0	224	0	1258	0	2504	0	0	0	112	0	0	0	16410	1904	996	0	0	0	0	0	0	0	0	0	0	0	0	0	0	0	314	0	0	0	0	0	0	0	0	0	0	0	0	0	0	0	0	0	0	0	0	0	0	0	0	0	0	0	0	0	0	0	
390524	Cuneus_R	0	186	0	0	0	0	0	0	0	0	0	0	0	0	0	0	0	220	0	0	0	0	0	0	0	0	0	0	0	0	0	0	510	878	252	646	0	0	0	0	0	0	5824	28426	8420	0	2418	4862	1484	41266	4968	10082	0	1006	0	534	0	7754	296	7258	170	2464	0	1418	172	2622	10134	40684	0	1104	0	0	0	0	0	0	0	0	0	88	0	2074	0	0	1262	2402	0	0	0	3378	0	0	0	0	0	0	0	0	0	0	0	0	0	0	0	0	0	0	0	0	0	0	0	0	0	0	
280636	Lingual_L	144	0	0	0	0	0	0	0	0	0	0	0	0	0	0	0	300	0	0	0	0	0	0	0	0	0	0	0	0	0	0	0	0	0	1194	128	5848	196	4078	0	0	0	12398	4976	2182	2418	0	4392	1972	1454	17700	118	11892	0	20554	1462	74	0	0	0	0	0	0	0	0	86	6928	642	0	0	0	0	0	0	0	0	246	78	0	0	256	0	0	0	1028	0	0	0	1800	0	6984	568	868	272	260	0	7658	1928	9352	1854	0	0	0	114	0	76	0	0	0	104	4008	970	656	0	0	102	
273520	Lingual_R	0	96	0	0	0	0	0	0	0	0	0	0	0	0	0	0	0	0	0	0	0	0	0	0	0	0	0	0	0	144	0	0	0	0	2010	3972	2276	6096	354	8092	0	0	1290	20406	572	4862	4392	0	0	5934	0	2848	0	7784	280	20390	0	360	0	0	0	0	0	0	0	226	484	9906	0	0	0	0	0	0	0	0	818	2192	0	86	0	140	0	0	0	1304	0	0	0	1880	1536	3354	194	378	0	0	1814	5038	1672	6236	0	0	0	0	0	0	0	0	0	0	3450	2918	976	0	0	0	
182996	Occipital_Sup_L	0	0	0	0	0	0	0	0	0	0	0	0	0	0	0	0	0	0	0	0	0	0	0	0	0	0	0	0	112	0	0	0	84	0	208	0	0	0	0	0	0	0	10734	472	23478	1484	1972	0	0	108	25412	0	940	0	210	0	342	0	9502	0	2608	0	0	0	1364	0	10450	1814	0	0	0	0	0	0	0	0	0	0	0	0	0	0	0	0	204	0	0	0	0	0	0	0	0	0	0	0	0	0	0	0	0	0	0	0	0	0	0	0	0	0	0	0	0	0	0	0	
355740	Occipital_Sup_R	0	0	0	0	0	0	0	0	0	0	0	0	0	0	0	0	0	234	0	0	0	0	0	0	0	0	0	0	0	0	0	0	410	116	0	0	0	0	0	0	0	0	1798	20234	2468	41266	1454	5934	108	0	3688	24976	0	1792	0	2292	0	4868	76	8220	138	3664	0	2128	138	9084	5144	24064	0	442	0	0	0	0	0	0	0	0	0	0	0	2884	0	0	1148	5080	0	0	0	4022	0	0	0	0	0	0	0	0	0	0	0	0	0	0	0	0	0	0	0	0	0	0	0	0	0	0	
544408	Occipital_Mid_L	4782	0	586	0	0	0	984	0	0	0	0	0	0	0	0	0	7254	0	0	0	0	0	0	0	0	0	0	0	4338	0	0	0	150	0	890	0	2066	0	744	0	0	0	18296	160	13286	4968	17700	0	25412	3688	0	1066	23072	0	13286	0	4390	160	14640	208	16542	808	3264	160	16826	316	19904	6476	498	0	328	0	168	0	86	0	282	216	4422	0	7786	516	0	0	25380	518	0	0	4568	686	144	0	0	0	0	0	0	0	184	0	0	0	0	0	0	0	0	0	0	0	0	0	0	0	0	0	
223936	Occipital_Mid_R	0	0	0	0	0	0	0	0	0	0	0	0	0	0	0	0	0	96	0	0	0	0	0	0	0	0	0	0	0	0	0	0	242	0	0	0	0	0	0	0	0	0	392	8150	100	10082	118	2848	0	24976	1066	0	0	4754	0	2316	0	654	0	1780	0	2460	0	1238	0	17220	1276	7140	0	0	0	0	0	0	0	0	0	0	0	0	0	1894	0	0	314	19934	0	0	0	2918	0	0	0	0	0	0	0	0	0	0	0	0	0	0	0	0	0	0	0	0	0	0	0	0	0	0	
177620	Occipital_Inf_L	1164	0	74	0	0	0	0	0	0	0	0	0	0	0	0	0	338	0	0	0	0	0	0	0	0	0	0	0	672	0	0	0	0	0	136	0	1056	0	1848	0	0	0	3528	0	756	0	11892	0	940	0	23072	0	0	0	21342	0	178	0	0	0	500	0	0	0	574	0	1360	0	0	0	0	0	76	0	0	0	98	0	762	0	1270	0	0	0	6976	0	0	0	9080	0	384	0	0	0	0	0	130	0	504	0	0	0	0	0	0	0	0	0	0	0	100	0	0	0	0	0	
96900	Occipital_Inf_R	0	276	0	0	0	0	0	0	0	0	0	0	0	0	0	0	0	158	0	0	0	0	0	0	0	0	0	0	0	338	0	0	0	0	0	0	0	350	0	546	0	0	0	7940	0	1006	0	7784	0	1792	0	4754	0	0	0	6930	0	180	0	0	0	0	0	240	0	266	0	3482	0	0	0	0	0	90	0	0	0	0	0	190	0	354	0	0	0	4380	0	0	0	7128	0	266	0	0	0	0	0	0	0	0	0	0	0	0	0	0	0	0	0	0	0	0	0	0	0	0	
414332	Fusiform_L	1428	0	148	0	0	0	116	0	0	0	0	0	0	0	0	0	410	0	240	0	1102	0	0	0	0	0	146	0	2954	0	0	0	0	0	134	0	13944	0	11448	0	7104	0	2030	0	224	0	20554	280	210	0	13286	0	21342	0	0	358	388	0	0	0	0	0	0	0	0	0	1466	0	0	0	488	0	828	0	0	0	284	0	872	0	1228	0	1496	0	6254	0	644	0	18650	0	21778	608	1114	306	928	0	15538	966	28774	1100	594	0	530	110	212	0	0	0	0	0	2424	1184	834	110	0	0	
421088	Fusiform_R	0	558	0	292	0	0	0	490	0	0	0	714	0	184	0	0	0	1034	214	398	0	0	0	0	0	0	0	0	0	4538	0	104	0	298	234	244	174	23782	0	18560	0	8080	0	8532	0	534	1462	20390	0	2292	0	2316	0	6930	358	0	0	100	0	0	0	0	0	0	0	96	0	4414	0	0	0	0	0	6404	0	200	0	1190	0	1040	0	1468	0	6250	0	5364	0	2386	0	21340	2368	11392	208	1104	0	242	3236	9798	2732	16174	88	0	172	688	0	94	0	0	0	76	5162	2700	1092	162	0	92	
332072	Postcentral_L	40762	988	7038	1434	0	0	4632	326	0	0	2410	90	362	74	0	0	11246	0	3608	864	0	0	0	0	0	0	0	0	7950	0	544	460	374	0	3340	124	2622	0	132	0	0	0	1042	0	1258	0	74	0	342	0	4390	0	178	0	388	0	0	0	6980	0	11710	0	5768	0	1950	0	4794	102	1514	0	11998	684	5572	0	1354	0	6026	2328	2934	0	3192	0	0	0	844	0	0	0	1234	0	0	0	0	0	0	0	0	0	0	0	0	0	0	0	0	0	0	0	0	0	0	0	0	0	0	0	
190608	Postcentral_R	0	14036	0	1698	0	0	0	0	0	0	0	528	0	0	0	0	0	3530	0	2062	0	0	0	0	0	0	0	0	0	518	0	74	398	1776	666	3282	0	0	0	0	0	0	0	3168	0	7754	0	360	0	4868	160	654	0	180	0	100	0	0	0	5740	0	5436	0	9520	0	722	504	16648	338	4724	354	2232	0	324	0	286	0	298	0	440	0	1164	0	0	0	328	0	0	0	434	0	0	0	0	0	0	0	0	0	0	0	0	0	0	0	0	0	0	0	0	0	0	0	0	0	0	
136740	Parietal_Sup_L	310	0	78	0	0	0	0	0	0	0	0	0	0	0	0	0	150	0	0	0	0	0	0	0	0	0	0	0	222	0	0	0	0	0	0	0	0	0	0	0	0	0	236	0	2504	296	0	0	9502	76	14640	0	0	0	0	0	6980	0	0	0	14054	0	230	0	6666	0	10842	944	198	0	0	0	0	0	0	0	76	0	0	0	102	0	0	0	264	0	0	0	0	0	0	0	0	0	0	0	0	0	0	0	0	0	0	0	0	0	0	0	0	0	0	0	0	0	0	0	
89360	Parietal_Sup_R	0	316	0	0	0	0	0	0	0	0	0	0	0	0	0	0	0	0	0	0	0	0	0	0	0	0	0	0	0	0	0	0	0	0	0	0	0	0	0	0	0	0	0	370	0	7258	0	0	0	8220	208	1780	0	0	0	0	0	5740	0	0	0	4200	0	1334	0	2632	624	10414	0	462	0	96	0	0	0	0	0	0	0	0	0	256	0	0	0	110	0	0	0	660	0	0	0	0	0	0	0	0	0	0	0	0	0	0	0	0	0	0	0	0	0	0	0	0	0	0	
205512	Parietal_Inf_L	1478	0	264	0	0	0	166	0	0	0	86	0	0	0	0	0	1090	0	0	0	0	0	0	0	0	0	0	0	512	0	0	0	0	0	116	0	152	0	0	0	0	0	0	0	0	170	0	0	2608	138	16542	0	500	0	0	0	11710	0	14054	0	0	0	7762	0	28808	0	538	194	172	0	410	0	0	0	0	0	222	304	0	0	2364	0	0	0	10752	0	0	0	1644	0	0	0	0	0	0	0	0	0	0	0	0	0	0	0	0	0	0	0	0	0	0	0	0	0	0	0	
79968	Parietal_Inf_R	0	468	0	0	0	0	0	0	0	0	0	0	0	0	0	0	0	74	0	0	0	0	0	0	0	0	0	0	0	0	0	0	0	0	0	0	0	0	0	0	0	0	0	114	0	2464	0	0	0	3664	808	2460	0	0	0	0	0	5436	0	4200	0	0	0	6744	0	8454	810	2702	0	0	0	240	0	0	0	0	0	0	0	0	0	286	0	0	276	546	0	0	0	238	0	0	0	0	0	0	0	0	0	0	0	0	0	0	0	0	0	0	0	0	0	0	0	0	0	0	
82792	SupraMarginal_L	768	0	94	0	0	0	346	0	0	0	0	0	0	0	0	0	4052	0	0	0	0	0	0	0	0	0	0	0	780	0	0	0	0	0	138	0	308	0	0	0	0	0	120	0	112	0	0	0	0	0	3264	0	0	0	0	0	5768	0	230	0	7762	0	0	0	4968	0	130	0	76	0	130	0	310	0	0	0	0	132	222	0	6066	0	0	0	4446	0	0	0	1174	0	0	0	0	0	0	0	0	0	0	0	0	0	0	0	0	0	0	0	0	0	0	0	0	0	0	0	
90508	SupraMarginal_R	0	2186	0	0	0	0	0	0	0	0	0	0	0	0	0	0	0	3486	0	0	0	0	0	0	0	0	0	0	0	90	0	0	0	0	0	0	0	0	0	0	0	0	0	648	0	1418	0	0	0	2128	160	1238	0	240	0	0	0	9520	0	1334	0	6744	0	0	0	5992	268	2846	0	0	180	634	0	0	0	0	0	0	0	380	0	4324	0	0	0	1014	0	0	0	424	0	0	0	0	0	0	0	0	0	0	0	0	0	0	0	0	0	0	0	0	0	0	0	0	0	0	
176328	Angular_L	610	0	98	0	0	0	100	0	0	0	0	0	0	0	0	0	1290	0	0	0	0	0	0	0	0	0	0	0	842	0	0	0	0	0	94	0	362	0	0	0	0	0	0	0	0	172	0	0	1364	138	16826	0	574	0	0	0	1950	0	6666	0	28808	0	4968	0	0	0	380	194	100	0	348	0	282	0	74	0	186	140	106	0	3290	0	0	0	15958	0	0	0	2244	0	0	0	0	0	0	0	0	0	0	0	0	0	0	0	0	0	0	0	0	0	0	0	0	0	0	0	
128332	Angular_R	0	0	0	0	0	0	0	0	0	0	0	0	0	0	0	0	0	84	0	0	0	0	0	0	0	0	0	0	0	0	0	0	0	0	0	0	0	0	0	0	0	0	82	1680	0	2622	86	226	0	9084	316	17220	0	266	0	96	0	722	0	2632	0	8454	0	5992	0	0	332	2644	0	0	0	0	0	0	0	0	0	0	0	0	0	2534	0	0	134	8212	0	0	0	748	0	0	0	0	0	0	0	0	0	0	0	0	0	0	0	0	0	0	0	0	0	0	0	0	0	0	
337200	Precuneus_L	2686	162	786	0	0	0	332	0	0	0	0	0	0	0	0	0	322	0	190	124	0	0	0	0	0	0	0	0	200	0	0	0	3444	1340	11910	1498	5710	484	876	168	0	0	16836	994	16410	10134	6928	484	10450	5144	19904	1276	1360	0	1466	0	4794	504	10842	624	538	810	130	268	380	332	0	16214	5016	632	0	0	0	0	0	0	0	0	0	0	320	642	0	0	2690	664	0	0	556	946	0	0	0	0	0	0	0	80	0	0	0	0	0	0	0	0	0	0	0	0	0	0	0	0	0	0	
474640	Precuneus_R	334	3448	0	0	0	0	0	0	0	0	0	0	0	0	0	0	0	714	102	2308	0	0	0	0	0	0	0	0	0	452	0	0	1676	6872	3752	10788	684	2650	0	2988	0	0	642	20356	1904	40684	642	9906	1814	24064	6476	7140	0	3482	0	4414	102	16648	944	10414	194	2702	0	2846	194	2644	16214	0	970	8360	0	86	0	0	0	0	0	0	0	738	74	3098	0	0	1372	3036	0	0	0	6860	0	0	0	0	0	0	0	318	0	0	0	0	0	0	0	0	0	0	0	0	1214	0	0	0	0	0	
179296	Paracentral_Lobule_L	25888	7366	524	1676	0	0	0	206	0	0	0	0	0	0	0	0	0	0	4936	6796	0	0	0	0	0	0	0	0	214	0	0	0	2716	1958	8848	852	458	0	0	0	0	0	800	190	996	0	0	0	0	0	498	0	0	0	0	0	1514	338	198	0	172	0	76	0	100	0	5016	970	0	4944	1452	416	2148	0	3632	0	2658	856	110	0	126	0	0	0	0	0	0	0	0	0	0	0	0	0	0	0	0	0	0	0	0	0	0	0	0	0	0	0	0	0	0	0	0	0	0	0	
152836	Paracentral_Lobule_R	2962	10750	0	0	0	0	0	0	0	0	0	0	0	0	0	0	0	0	928	15418	0	0	0	0	0	0	0	0	0	0	0	0	1676	11078	1602	7730	0	0	0	0	0	0	0	1930	0	1104	0	0	0	442	0	0	0	0	0	0	0	4724	0	462	0	0	0	0	0	0	632	8360	4944	0	228	1060	0	0	0	0	0	284	0	0	0	0	0	0	0	0	0	0	0	0	0	0	0	0	0	0	0	0	0	0	0	0	0	0	0	0	0	0	0	0	104	0	0	0	0	0	
428356	Caudate_L	12986	718	2138	5376	5828	652	444	1204	3216	0	4142	4032	278	2454	5714	540	4222	302	10896	6282	9192	8590	80	516	454	360	4388	1780	7780	2086	7518	5414	0	286	0	0	1330	0	244	0	1246	0	0	0	0	0	0	0	0	0	328	0	0	0	488	0	11998	354	0	0	410	0	130	180	348	0	0	0	1452	228	0	21196	23998	3332	4578	0	13676	4442	806	0	1402	0	1118	0	262	0	124	0	640	0	0	0	0	0	0	0	0	0	0	0	0	0	0	0	0	0	0	0	0	0	0	0	0	0	0	0	
411500	Caudate_R	1664	6966	610	13558	1772	1262	0	2548	892	0	1184	5912	0	5898	1630	2544	958	3252	4568	28298	3756	7476	124	1844	218	2188	1208	3032	1672	6324	5426	22502	0	826	0	78	0	176	0	0	0	0	0	0	0	0	0	0	0	0	0	0	0	0	0	0	684	2232	0	96	0	240	0	634	0	0	0	86	416	1060	21196	0	7818	13894	136	1074	558	14416	0	132	396	0	316	0	0	0	0	0	0	0	0	0	0	0	0	0	0	0	0	0	0	0	0	0	0	0	0	0	0	0	0	0	0	0	0	0	
360344	Putamen_L	5824	420	5210	1214	6012	580	452	212	2652	0	2488	854	640	758	6354	464	4840	0	15218	1486	4082	5510	848	446	1336	430	1622	1106	24436	350	7680	1080	0	0	216	120	9768	0	612	0	444	0	0	0	0	0	0	0	0	0	168	0	76	0	828	0	5572	0	0	0	0	0	310	0	282	0	0	0	2148	0	23998	7818	0	2578	7622	0	3432	822	876	0	2196	0	1136	0	1324	0	142	0	3080	0	0	0	0	0	0	0	0	0	0	0	0	0	0	0	0	0	0	0	0	0	0	0	0	0	0	0	
308268	Putamen_R	76	4488	0	6280	88	1028	0	5018	0	0	0	7368	0	2798	108	2112	0	10718	1382	4202	686	3104	134	2418	128	3188	78	1992	126	27366	1678	12240	0	1390	100	100	88	12530	0	1396	0	1618	0	0	0	0	0	0	0	0	0	0	0	90	0	6404	0	324	0	0	0	0	0	0	0	0	0	0	0	0	3332	13894	2578	0	0	2022	0	2048	0	272	0	1994	0	504	0	1264	0	0	0	3382	0	0	0	0	0	0	0	0	0	0	0	0	0	0	0	0	0	0	0	0	0	0	0	0	0	0	
59524	Pallidum_L	3690	128	0	0	0	0	0	0	0	0	0	0	0	0	0	0	1370	0	3140	152	0	0	0	0	0	0	0	0	738	0	0	0	0	0	0	0	534	0	0	0	0	0	0	0	0	0	0	0	0	0	86	0	0	0	0	0	1354	0	0	0	0	0	0	0	74	0	0	0	3632	0	4578	136	7622	0	0	0	1844	0	464	0	220	0	0	0	0	0	0	0	0	0	0	0	0	0	0	0	0	0	0	0	0	0	0	0	0	0	0	0	0	0	0	0	0	0	0	0	
15344	Pallidum_R	0	824	0	172	0	0	0	406	0	0	0	0	0	0	0	0	0	586	100	406	0	0	0	0	0	0	0	0	0	418	0	76	0	0	0	0	0	546	0	118	0	294	0	0	0	0	0	0	0	0	0	0	0	0	0	200	0	286	0	0	0	0	0	0	0	0	0	0	0	0	0	1074	0	2022	0	0	0	0	0	0	0	0	0	0	0	144	0	0	0	0	0	0	0	0	0	0	0	0	0	0	0	0	0	0	0	0	0	0	0	0	0	0	0	0	0	0	
165492	Thalamus_L	9438	268	1998	114	0	0	1348	0	0	0	296	0	0	0	0	0	546	0	1342	300	0	0	0	0	0	0	0	0	3696	0	0	146	0	0	2142	2618	7624	1476	334	528	484	0	0	0	0	0	246	818	0	0	282	0	98	0	284	0	6026	0	76	0	222	0	0	0	186	0	0	0	2658	0	13676	558	3432	0	1844	0	0	13562	324	0	738	0	0	0	740	0	0	0	2022	0	0	0	0	0	0	0	0	256	0	0	0	0	0	0	0	0	0	0	0	0	0	0	0	0	0	0	
184624	Thalamus_R	4200	4250	896	2554	0	0	136	654	0	0	92	80	0	0	0	0	168	118	206	15438	0	0	0	0	0	0	0	0	678	440	0	842	0	0	2116	2358	1902	5992	116	3224	0	380	0	0	0	0	78	2192	0	0	216	0	0	0	0	1190	2328	298	0	0	304	0	132	0	140	0	0	0	856	284	4442	14416	822	2048	0	0	13562	0	268	0	142	0	0	0	0	0	0	0	314	214	0	0	0	0	0	0	0	1226	0	0	0	0	0	0	0	0	0	0	0	0	0	0	0	0	0	0	
102736	Heschl_L	4986	0	704	0	0	0	328	0	0	0	652	0	0	0	0	0	7732	0	434	0	0	0	0	0	0	0	0	0	11194	0	0	0	0	0	0	0	1290	0	0	0	0	0	174	0	0	0	0	0	0	0	4422	0	762	0	872	0	2934	0	0	0	0	0	222	0	106	0	0	0	110	0	806	0	876	0	464	0	324	268	0	0	7118	0	0	0	2634	0	0	0	1956	0	0	0	0	0	0	0	0	0	0	0	0	0	0	0	0	0	0	0	0	0	0	0	0	0	0	0	
44128	Heschl_R	0	260	0	384	0	0	0	80	0	0	0	120	0	0	0	0	0	3850	0	154	0	0	0	0	0	0	0	0	0	4236	0	0	0	0	0	0	0	686	0	150	0	0	0	172	0	88	0	86	0	0	0	0	0	190	0	1040	0	440	0	0	0	0	0	380	0	0	0	738	0	0	0	132	0	272	0	0	0	0	0	0	0	5944	0	0	0	620	0	0	0	2042	0	0	0	0	0	0	0	0	0	0	0	0	0	0	0	0	0	0	0	0	0	0	0	0	0	0	
278740	Temporal_Sup_L	4690	0	2810	288	0	0	940	110	0	0	1808	0	0	0	116	0	14848	0	2796	186	0	0	0	0	0	0	0	0	13072	0	0	104	0	0	0	0	3722	0	0	0	0	0	168	0	0	0	256	0	0	0	7786	0	1270	0	1228	0	3192	0	102	0	2364	0	6066	0	3290	0	320	74	126	0	1402	396	2196	0	220	0	738	142	7118	0	0	0	2658	0	33828	0	0	0	18940	0	0	0	0	0	0	0	0	0	0	0	0	0	0	0	0	0	0	0	0	0	0	0	0	0	0	0	
135068	Temporal_Sup_R	0	524	0	142	0	0	0	0	0	0	0	316	0	0	0	0	0	5824	0	0	0	0	0	0	0	0	0	0	0	5836	0	0	0	0	0	0	0	1066	0	0	0	190	0	540	0	2074	0	140	0	2884	516	1894	0	354	0	1468	0	1164	0	256	0	286	0	4324	0	2534	642	3098	0	0	0	0	0	1994	0	0	0	0	0	5944	0	0	0	2566	206	14150	0	2052	0	4550	0	0	0	0	0	0	0	0	0	0	0	0	0	0	0	0	0	0	0	0	0	0	0	0	0	0	
81720	Temporal_Pole_Sup_L	0	0	1272	74	2820	0	276	0	576	0	1112	0	1142	0	5440	0	996	0	306	0	940	334	100	0	106	0	570	0	6466	0	456	94	0	0	0	0	510	0	340	0	642	0	0	0	0	0	0	0	0	0	0	0	0	0	1496	0	0	0	0	0	0	0	0	0	0	0	0	0	0	0	1118	316	1136	0	0	0	0	0	0	0	2658	0	0	0	3568	0	1762	0	4234	0	0	0	0	0	0	0	0	0	0	0	0	0	0	0	0	0	0	0	0	0	0	0	0	0	0	0	
80556	Temporal_Pole_Sup_R	0	0	0	0	0	460	0	0	0	0	0	156	0	0	0	1782	0	324	0	0	0	480	0	282	0	406	0	128	0	2960	0	412	0	0	0	0	0	1820	0	2832	0	3814	0	0	0	0	0	0	0	0	0	0	0	0	0	6250	0	0	0	0	0	0	0	0	0	0	0	0	0	0	0	0	0	504	0	0	0	0	0	0	0	2566	0	0	0	2958	0	7112	0	5032	0	0	0	0	0	0	0	0	0	0	0	0	0	0	0	0	0	0	0	0	0	0	0	0	0	0	
367308	Temporal_Mid_L	2430	0	312	0	0	0	428	0	0	0	98	0	0	0	0	0	5908	0	164	0	0	0	0	0	0	0	0	0	3880	0	0	0	0	0	198	0	4362	0	518	0	680	0	1516	0	314	1262	1028	0	204	1148	25380	314	6976	0	6254	0	844	0	264	0	10752	276	4446	0	15958	134	2690	1372	0	0	262	0	1324	0	0	0	740	0	2634	0	33828	206	3568	0	0	170	1532	0	39096	184	0	0	0	0	0	0	0	0	0	0	0	0	0	0	0	0	0	0	0	0	0	0	0	0	0	0	
218484	Temporal_Mid_R	0	0	0	0	0	0	0	0	0	0	0	178	0	0	0	0	0	322	0	0	0	0	0	0	0	0	0	0	0	1820	0	0	0	0	0	0	0	3452	0	552	0	832	0	3352	0	2402	0	1304	0	5080	518	19934	0	4380	0	5364	0	328	0	110	0	546	0	1014	0	8212	664	3036	0	0	0	0	0	1264	0	144	0	0	0	620	0	14150	0	2958	170	0	0	2572	0	23964	0	0	0	0	0	0	0	0	0	0	0	0	0	0	0	0	0	0	0	0	0	0	0	0	0	0	
14540	Temporal_Pole_Mid_L	0	0	0	0	274	0	0	0	0	0	0	0	0	0	404	0	0	0	0	0	0	0	0	0	0	0	0	0	440	0	0	0	0	0	0	0	232	0	118	0	322	0	0	0	0	0	0	0	0	0	0	0	0	0	644	0	0	0	0	0	0	0	0	0	0	0	0	0	0	0	124	0	142	0	0	0	0	0	0	0	0	0	1762	0	1532	0	0	0	1276	0	0	0	0	0	0	0	0	0	0	0	0	0	0	0	0	0	0	0	0	0	0	0	0	0	0	0	
38968	Temporal_Pole_Mid_R	0	0	0	0	0	0	0	0	0	0	0	0	0	0	0	80	0	0	0	0	0	0	0	0	0	0	0	0	0	320	0	0	0	0	0	0	0	148	0	1592	0	902	0	0	0	0	0	0	0	0	0	0	0	0	0	2386	0	0	0	0	0	0	0	0	0	0	0	0	0	0	0	0	0	0	0	0	0	0	0	0	0	2052	0	7112	0	2572	0	0	0	2320	0	0	0	0	0	0	0	0	0	0	0	0	0	0	0	0	0	0	0	0	0	0	0	0	0	0	
304088	Temporal_Inf_L	2066	186	312	98	0	0	150	0	0	0	332	0	0	0	0	0	1536	0	618	100	180	0	0	0	0	0	0	0	7722	0	0	0	0	0	332	206	15444	150	3482	0	2038	0	254	0	0	0	1800	0	0	0	4568	0	9080	0	18650	0	1234	0	0	0	1644	0	1174	0	2244	0	556	0	0	0	640	0	3080	0	0	0	2022	314	1956	0	18940	0	4234	0	39096	0	1276	0	0	0	2314	0	156	0	0	0	340	0	1264	0	0	0	134	0	0	0	0	0	0	0	122	0	0	0	0	0	
236448	Temporal_Inf_R	0	618	0	184	0	0	0	368	0	0	0	478	0	152	0	0	0	698	152	262	0	0	0	0	0	0	0	0	0	4050	0	78	108	248	0	0	0	10688	0	2394	0	848	0	3334	0	3378	0	1880	0	4022	686	2918	0	7128	0	21340	0	434	0	660	0	238	0	424	0	748	946	6860	0	0	0	0	0	3382	0	0	0	214	0	2042	0	4550	0	5032	184	23964	0	2320	0	0	0	214	0	0	0	0	0	0	0	0	0	0	0	0	0	0	0	0	0	0	0	0	0	0	0	0	
531408	Cerebelum_Crus1_L	0	0	0	0	0	0	0	0	0	0	0	0	0	0	0	0	0	0	0	0	0	0	0	0	0	0	0	0	0	0	0	0	0	0	0	0	102	0	86	0	0	0	0	0	0	0	6984	1536	0	0	144	0	384	0	21778	2368	0	0	0	0	0	0	0	0	0	0	0	0	0	0	0	0	0	0	0	0	0	0	0	0	0	0	0	0	0	0	0	0	2314	0	0	10182	25720	5888	2754	618	24652	4982	64326	10792	10616	436	13978	4926	5150	1604	1074	0	280	784	10544	10466	11660	4484	2500	1592	
531780	Cerebelum_Crus1_R	0	0	0	0	0	0	0	0	0	0	0	0	0	0	0	0	0	0	0	0	0	0	0	0	0	0	0	0	0	0	0	0	0	0	0	0	0	80	0	466	0	0	0	208	0	0	568	3354	0	0	0	0	0	266	608	11392	0	0	0	0	0	0	0	0	0	0	0	0	0	0	0	0	0	0	0	0	0	0	0	0	0	0	0	0	0	0	0	0	0	214	10182	0	4844	33496	212	3060	5806	20480	10134	54292	3306	2934	4492	31218	360	7660	0	1018	334	2642	9928	11050	18402	8864	3022	998	
311936	Cerebelum_Crus2_L	0	0	0	0	0	0	0	0	0	0	0	0	0	0	0	0	0	0	0	0	0	0	0	0	0	0	0	0	0	0	0	0	0	0	0	0	0	0	0	0	0	0	0	0	0	0	868	194	0	0	0	0	0	0	1114	208	0	0	0	0	0	0	0	0	0	0	0	0	0	0	0	0	0	0	0	0	0	0	0	0	0	0	0	0	0	0	0	0	156	0	25720	4844	0	7886	350	360	1960	1154	8748	3260	31858	2678	28424	6698	5120	772	478	0	74	370	1374	2424	9062	7710	1684	420	
330760	Cerebelum_Crus2_R	0	0	0	0	0	0	0	0	0	0	0	0	0	0	0	0	0	0	0	0	0	0	0	0	0	0	0	0	0	0	0	0	0	0	0	0	0	0	0	0	0	0	0	0	0	0	272	378	0	0	0	0	0	0	306	1104	0	0	0	0	0	0	0	0	0	0	0	0	0	0	0	0	0	0	0	0	0	0	0	0	0	0	0	0	0	0	0	0	0	0	5888	33496	7886	0	136	850	1482	2740	6114	9180	5178	14384	5770	30736	0	3712	0	810	190	892	2846	4154	16512	8788	1274	302	
42596	Cerebelum_3_L	0	0	0	0	0	0	0	0	0	0	0	0	0	0	0	0	0	0	0	0	0	0	0	0	0	0	0	0	0	0	0	0	0	0	0	0	0	0	0	0	0	0	0	0	0	0	260	0	0	0	0	0	0	0	928	0	0	0	0	0	0	0	0	0	0	0	0	0	0	0	0	0	0	0	0	0	0	0	0	0	0	0	0	0	0	0	0	0	0	0	2754	212	350	136	0	120	6312	108	3790	232	1198	0	582	170	686	0	0	0	1026	1310	730	0	132	118	144	0	
58300	Cerebelum_3_R	0	0	0	0	0	0	0	0	0	0	0	0	0	0	0	0	0	0	0	0	0	0	0	0	0	0	0	0	0	0	0	0	0	0	0	0	0	0	0	0	0	0	0	0	0	0	0	0	0	0	0	0	0	0	0	242	0	0	0	0	0	0	0	0	0	0	0	0	0	0	0	0	0	0	0	0	0	0	0	0	0	0	0	0	0	0	0	0	0	0	618	3060	360	850	120	0	832	5870	738	6096	306	0	460	1652	0	390	0	0	328	3858	1258	116	952	816	228	0	
343208	Cerebelum_4_5_L	0	0	0	0	0	0	0	0	0	0	0	0	0	0	0	0	0	0	0	0	0	0	0	0	0	0	0	0	0	0	0	0	0	0	0	0	566	0	934	0	0	0	0	0	0	0	7658	1814	0	0	0	0	130	0	15538	3236	0	0	0	0	0	0	0	0	0	0	0	0	0	0	0	0	0	0	0	0	0	0	0	0	0	0	0	0	0	0	0	0	340	0	24652	5806	1960	1482	6312	832	0	8476	36532	10066	3254	0	2420	2342	2584	1510	792	0	1802	3194	17124	3830	2342	1144	1090	1842	
290692	Cerebelum_4_5_R	0	0	0	0	0	0	0	0	0	0	0	0	0	0	0	0	0	0	0	0	0	0	0	0	0	0	0	0	0	0	0	0	0	0	512	590	572	2270	0	3402	0	108	0	0	0	0	1928	5038	0	0	0	0	0	0	966	9798	0	0	0	0	0	0	0	0	0	0	80	318	0	0	0	0	0	0	0	0	256	1226	0	0	0	0	0	0	0	0	0	0	0	0	4982	20480	1154	2740	108	5870	8476	0	6360	34146	956	74	1300	5818	90	958	0	264	190	2816	15284	1090	2422	1878	342	484	
535488	Cerebelum_6_L	0	0	0	0	0	0	0	0	0	0	0	0	0	0	0	0	0	0	0	0	0	0	0	0	0	0	0	0	0	0	0	0	0	0	0	0	586	0	938	0	0	0	0	0	0	0	9352	1672	0	0	184	0	504	0	28774	2732	0	0	0	0	0	0	0	0	0	0	0	0	0	0	0	0	0	0	0	0	0	0	0	0	0	0	0	0	0	0	0	0	1264	0	64326	10134	8748	6114	3790	738	36532	6360	0	11500	6826	388	8500	5204	5100	1774	1290	0	310	928	12984	10826	10564	4366	2612	1824	
504644	Cerebelum_6_R	0	0	0	0	0	0	0	0	0	0	0	0	0	0	0	0	0	0	0	0	0	0	0	0	0	0	0	0	0	0	0	0	0	0	0	0	0	82	0	718	0	0	0	398	0	0	1854	6236	0	0	0	0	0	0	1100	16174	0	0	0	0	0	0	0	0	0	0	0	0	0	0	0	0	0	0	0	0	0	0	0	0	0	0	0	0	0	0	0	0	0	0	10792	54292	3260	9180	232	6096	10066	34146	11500	0	2260	330	3116	16360	310	5824	0	1292	424	3426	16888	11668	13352	6740	3018	1188	
286300	Cerebelum_7b_L	0	0	0	0	0	0	0	0	0	0	0	0	0	0	0	0	0	0	0	0	0	0	0	0	0	0	0	0	0	0	0	0	0	0	0	0	0	0	0	0	0	0	0	0	0	0	0	0	0	0	0	0	0	0	594	88	0	0	0	0	0	0	0	0	0	0	0	0	0	0	0	0	0	0	0	0	0	0	0	0	0	0	0	0	0	0	0	0	0	0	10616	3306	31858	5178	1198	306	3254	956	6826	2260	0	2298	42078	6254	7354	488	356	0	0	300	940	1046	6292	8796	398	110	
99744	Cerebelum_7b_R	0	0	0	0	0	0	0	0	0	0	0	0	0	0	0	0	0	0	0	0	0	0	0	0	0	0	0	0	0	0	0	0	0	0	0	0	0	0	0	0	0	0	0	0	0	0	0	0	0	0	0	0	0	0	0	0	0	0	0	0	0	0	0	0	0	0	0	0	0	0	0	0	0	0	0	0	0	0	0	0	0	0	0	0	0	0	0	0	0	0	436	2934	2678	14384	0	0	0	74	388	330	2298	0	1826	16488	0	1992	0	0	0	0	84	168	2162	3546	84	0	
338976	Cerebelum_8_L	0	0	0	0	0	0	0	0	0	0	0	0	0	0	0	0	0	0	0	0	0	0	0	0	0	0	0	0	0	0	0	0	0	0	0	0	0	0	0	0	0	0	0	0	0	0	0	0	0	0	0	0	0	0	530	172	0	0	0	0	0	0	0	0	0	0	0	0	0	0	0	0	0	0	0	0	0	0	0	0	0	0	0	0	0	0	0	0	134	0	13978	4492	28424	5770	582	460	2420	1300	8500	3116	42078	1826	0	7388	20076	1456	1370	0	110	486	1428	1262	7500	12712	1632	286	
386564	Cerebelum_8_R	0	0	0	0	0	0	0	0	0	0	0	0	0	0	0	0	0	0	0	0	0	0	0	0	0	0	0	0	0	0	0	0	0	0	0	0	0	0	0	0	0	0	0	0	0	0	114	0	0	0	0	0	0	0	110	688	0	0	0	0	0	0	0	0	0	0	0	0	0	0	0	0	0	0	0	0	0	0	0	0	0	0	0	0	0	0	0	0	0	0	4926	31218	6698	30736	170	1652	2342	5818	5204	16360	6254	16488	7388	0	1096	19346	0	1166	230	1360	3632	1838	11046	13558	2598	1246	
121964	Cerebelum_9_L	0	0	0	0	0	0	0	0	0	0	0	0	0	0	0	0	0	0	0	0	0	0	0	0	0	0	0	0	0	0	0	0	0	0	0	0	0	0	0	0	0	0	0	0	0	0	0	0	0	0	0	0	0	0	212	0	0	0	0	0	0	0	0	0	0	0	0	0	0	0	0	0	0	0	0	0	0	0	0	0	0	0	0	0	0	0	0	0	0	0	5150	360	5120	0	686	0	2584	90	5100	310	7354	0	20076	1096	0	1958	3466	0	0	0	484	582	114	1708	3154	1378	
158180	Cerebelum_9_R	0	0	0	0	0	0	0	0	0	0	0	0	0	0	0	0	0	0	0	0	0	0	0	0	0	0	0	0	0	0	0	0	0	0	0	0	0	0	0	0	0	0	0	0	0	0	76	0	0	0	0	0	0	0	0	94	0	0	0	0	0	0	0	0	0	0	0	0	0	0	0	0	0	0	0	0	0	0	0	0	0	0	0	0	0	0	0	0	0	0	1604	7660	772	3712	0	390	1510	958	1774	5824	488	1992	1456	19346	1958	0	0	2130	162	584	2222	3208	3444	5888	6846	4992	
18220	Cerebelum_10_L	0	0	0	0	0	0	0	0	0	0	0	0	0	0	0	0	0	0	0	0	0	0	0	0	0	0	0	0	0	0	0	0	0	0	0	0	0	0	0	0	0	0	0	0	0	0	0	0	0	0	0	0	0	0	0	0	0	0	0	0	0	0	0	0	0	0	0	0	0	0	0	0	0	0	0	0	0	0	0	0	0	0	0	0	0	0	0	0	0	0	1074	0	478	0	0	0	792	0	1290	0	356	0	1370	0	3466	0	0	0	0	0	0	0	0	0	284	0	
16424	Cerebelum_10_R	0	0	0	0	0	0	0	0	0	0	0	0	0	0	0	0	0	0	0	0	0	0	0	0	0	0	0	0	0	0	0	0	0	0	0	0	0	0	0	0	0	0	0	0	0	0	0	0	0	0	0	0	0	0	0	0	0	0	0	0	0	0	0	0	0	0	0	0	0	0	0	0	0	0	0	0	0	0	0	0	0	0	0	0	0	0	0	0	0	0	0	1018	0	810	0	0	0	264	0	1292	0	0	0	1166	0	2130	0	0	0	0	0	0	502	556	474	0	
24852	Vermis_1_2	0	0	0	0	0	0	0	0	0	0	0	0	0	0	0	0	0	0	0	0	0	0	0	0	0	0	0	0	0	0	0	0	0	0	0	0	0	0	0	0	0	0	0	0	0	0	0	0	0	0	0	0	0	0	0	0	0	0	0	0	0	0	0	0	0	0	0	0	0	0	0	0	0	0	0	0	0	0	0	0	0	0	0	0	0	0	0	0	0	0	280	334	74	190	1026	328	1802	190	310	424	0	0	110	230	0	162	0	0	0	5256	1258	0	212	160	0	80	
67488	Vermis_3	0	0	0	0	0	0	0	0	0	0	0	0	0	0	0	0	0	0	0	0	0	0	0	0	0	0	0	0	0	0	0	0	0	0	0	0	0	0	0	0	0	0	0	0	0	0	104	0	0	0	0	0	0	0	0	76	0	0	0	0	0	0	0	0	0	0	0	0	0	0	0	0	0	0	0	0	0	0	0	0	0	0	0	0	0	0	0	0	0	0	784	2642	370	892	1310	3858	3194	2816	928	3426	300	0	486	1360	0	584	0	0	5256	0	2808	192	1054	890	258	156	
268616	Vermis_4_5	0	104	0	0	0	0	0	0	0	0	0	0	0	0	0	0	0	0	0	0	0	0	0	0	0	0	0	0	0	0	0	0	0	0	86	944	0	450	0	118	0	0	0	132	0	0	4008	3450	0	0	0	0	100	0	2424	5162	0	0	0	0	0	0	0	0	0	0	0	1214	0	104	0	0	0	0	0	0	0	0	0	0	0	0	0	0	0	0	0	0	122	0	10544	9928	1374	2846	730	1258	17124	15284	12984	16888	940	84	1428	3632	484	2222	0	0	1258	2808	0	6000	3486	1592	578	2418	
