data	data	387640	328256	798884	704196	141352	204208	347244	124048	52856	35236	304280	199968	221020	161072	140440	89692	180004	132740	407036	653724	103100	93928	250892	369872	90168	70696	44028	55144	590272	221792	258668	425024	81940	345144	93184	105816	238348	217868	92108	123456	53084	53192	260088	275624	198824	229940	291936	334008	271344	259320	533816	302520	175664	131824	449192	369996	371416	204776	129560	56236	228204	87324	137684	115712	168228	155444	304356	229068	118652	171468	207632	430028	258808	249144	49728	16568	103620	171308	59100	8988	160040	57588	104032	36848	305844	152756	17508	4004	321720	148700	633124	613512	376064	412084	59276	115836	409428	355296	591600	579480	347628	248588	436088	400656	236536	222160	26920	18900	49396	137292	408128	251072	208716	203092	161848	57416	
data	data	Precentral_L	Precentral_R	Frontal_Sup_L	Frontal_Sup_R	Frontal_Sup_Orb_L	Frontal_Sup_Orb_R	Frontal_Mid_L	Frontal_Mid_R	Frontal_Mid_Orb_L	Frontal_Mid_Orb_R	Frontal_Inf_Oper_L	Frontal_Inf_Oper_R	Frontal_Inf_Tri_L	Frontal_Inf_Tri_R	Frontal_Inf_Orb_L	Frontal_Inf_Orb_R	Rolandic_Oper_L	Rolandic_Oper_R	Supp_Motor_Area_L	Supp_Motor_Area_R	Olfactory_L	Olfactory_R	Frontal_Sup_Medial_L	Frontal_Sup_Medial_R	Frontal_Med_Orb_L	Frontal_Med_Orb_R	Rectus_L	Rectus_R	Insula_L	Insula_R	Cingulum_Ant_L	Cingulum_Ant_R	Cingulum_Mid_L	Cingulum_Mid_R	Cingulum_Post_L	Cingulum_Post_R	Hippocampus_L	Hippocampus_R	ParaHippocampal_L	ParaHippocampal_R	Amygdala_L	Amygdala_R	Calcarine_L	Calcarine_R	Cuneus_L	Cuneus_R	Lingual_L	Lingual_R	Occipital_Sup_L	Occipital_Sup_R	Occipital_Mid_L	Occipital_Mid_R	Occipital_Inf_L	Occipital_Inf_R	Fusiform_L	Fusiform_R	Postcentral_L	Postcentral_R	Parietal_Sup_L	Parietal_Sup_R	Parietal_Inf_L	Parietal_Inf_R	SupraMarginal_L	SupraMarginal_R	Angular_L	Angular_R	Precuneus_L	Precuneus_R	Paracentral_Lobule_L	Paracentral_Lobule_R	Caudate_L	Caudate_R	Putamen_L	Putamen_R	Pallidum_L	Pallidum_R	Thalamus_L	Thalamus_R	Heschl_L	Heschl_R	Temporal_Sup_L	Temporal_Sup_R	Temporal_Pole_Sup_L	Temporal_Pole_Sup_R	Temporal_Mid_L	Temporal_Mid_R	Temporal_Pole_Mid_L	Temporal_Pole_Mid_R	Temporal_Inf_L	Temporal_Inf_R	Cerebelum_Crus1_L	Cerebelum_Crus1_R	Cerebelum_Crus2_L	Cerebelum_Crus2_R	Cerebelum_3_L	Cerebelum_3_R	Cerebelum_4_5_L	Cerebelum_4_5_R	Cerebelum_6_L	Cerebelum_6_R	Cerebelum_7b_L	Cerebelum_7b_R	Cerebelum_8_L	Cerebelum_8_R	Cerebelum_9_L	Cerebelum_9_R	Cerebelum_10_L	Cerebelum_10_R	Vermis_1_2	Vermis_3	Vermis_4_5	Vermis_6	Vermis_7	Vermis_8	Vermis_9	Vermis_10	
387640	Precentral_L	0	3232	14060	3612	0	198	15242	266	0	0	13800	2046	1084	0	0	0	7782	1856	6224	8752	0	0	106	384	414	0	0	0	8780	1074	988	568	164	1632	2386	2686	6356	1382	292	104	0	0	84	0	0	0	132	0	100	0	1526	0	796	0	1164	0	34784	396	98	0	4518	0	1516	128	470	0	198	266	6758	3676	1982	1962	2344	158	738	0	14522	2326	2756	0	1108	0	410	0	1916	0	0	0	1518	0	0	0	0	0	0	0	0	0	0	0	0	0	0	0	0	0	0	0	0	0	0	0	0	0	0	0	
328256	Precentral_R	3232	0	11578	22108	0	0	0	6490	0	0	0	9610	0	300	0	0	270	1124	7062	12832	0	0	0	0	0	0	0	0	198	1424	0	0	156	1382	0	96	146	5484	0	2014	0	0	0	660	0	222	0	0	0	226	0	456	0	374	0	834	2108	21182	0	0	234	166	80	2594	0	190	0	1338	3370	5728	646	6018	650	2904	548	358	244	25592	0	0	0	474	0	0	0	276	0	0	0	1150	0	0	0	0	0	0	0	0	0	0	0	0	0	0	0	0	0	0	0	0	0	0	0	0	0	0	
798884	Frontal_Sup_L	14060	11578	0	8514	3664	618	58852	3220	262	0	15290	2712	14350	312	3306	0	9114	4788	58058	18256	0	0	31962	886	3570	94	0	0	34720	2014	13174	3668	3134	4442	0	0	4866	306	800	86	364	0	0	0	0	0	0	0	0	0	0	0	0	0	652	0	6134	5552	0	0	648	0	244	1040	0	116	0	0	1458	92	8800	6504	20716	1194	6648	0	1820	2172	570	586	1596	0	1478	0	84	0	0	0	298	0	0	0	0	0	0	0	0	0	0	0	0	0	0	0	0	0	0	0	0	0	0	0	0	0	0	0	
704196	Frontal_Sup_R	3612	22108	8514	0	140	12626	464	14668	0	1406	1514	9576	0	14826	0	5408	1620	6608	9916	57922	0	0	7478	38782	210	1316	0	0	2104	11762	2862	35494	338	12584	0	0	0	4020	0	1036	0	0	0	0	0	0	0	0	0	0	0	0	0	0	0	280	1544	1162	0	0	162	0	0	144	0	0	0	0	1608	356	1686	24942	602	14042	246	1496	150	12328	0	142	828	342	968	156	0	0	0	0	0	0	0	0	0	0	0	0	0	0	0	0	0	0	0	0	0	0	0	0	0	0	0	0	0	0	0	0	
141352	Frontal_Sup_Orb_L	0	0	3664	140	0	690	180	0	6418	0	1132	0	1534	0	9626	0	90	0	1064	0	4602	2576	1274	148	2154	0	5092	656	11634	0	3908	774	0	0	0	0	104	0	0	0	438	0	0	0	0	0	0	0	0	0	0	0	0	0	0	0	0	0	0	0	0	0	0	0	0	0	0	0	0	0	4254	1242	6090	110	0	0	0	0	0	0	88	0	994	0	0	0	0	0	0	0	0	0	0	0	0	0	0	0	0	0	0	0	0	0	0	0	0	0	0	0	0	0	0	0	0	0	
204208	Frontal_Sup_Orb_R	198	0	618	12626	690	0	114	86	0	2682	636	904	0	226	352	4562	626	76	604	4422	1222	2050	710	12202	438	8860	262	7190	1136	1730	1550	9916	0	0	0	0	0	0	0	0	0	140	0	0	0	0	0	0	0	0	0	0	0	0	0	0	0	0	0	0	0	0	0	0	0	0	0	0	0	0	2344	13452	824	7280	0	0	0	0	0	0	484	0	504	388	0	0	0	0	0	0	0	0	0	0	0	0	0	0	0	0	0	0	0	0	0	0	0	0	0	0	0	0	0	0	0	0	
347244	Frontal_Mid_L	15242	0	58852	464	180	114	0	806	770	0	16128	2328	21322	0	4552	0	1612	1840	5022	632	0	0	15636	134	966	0	0	0	12952	1018	3764	452	1696	166	0	0	228	0	0	0	0	0	0	0	0	0	0	0	0	0	0	0	0	0	0	0	1400	0	0	0	270	0	0	78	0	0	0	0	0	78	2316	988	356	154	0	0	424	448	234	0	0	0	0	0	0	0	0	0	0	0	0	0	0	0	0	0	0	0	0	0	0	0	0	0	0	0	0	0	0	0	0	0	0	0	0	0	
124048	Frontal_Mid_R	266	6490	3220	14668	0	86	806	0	0	356	0	3792	0	14334	0	3922	0	92	2228	5522	0	0	0	1994	0	0	0	0	86	1470	0	92	0	318	0	0	0	130	0	0	0	0	0	0	0	0	0	0	0	0	0	0	0	0	0	0	0	430	0	0	0	0	0	86	0	0	0	0	0	0	88	262	130	1156	0	0	0	0	0	0	0	0	0	0	0	0	0	0	0	0	0	0	0	0	0	0	0	0	0	0	0	0	0	0	0	0	0	0	0	0	0	0	0	0	0	0	
52856	Frontal_Mid_Orb_L	0	0	262	0	6418	0	770	0	0	0	106	0	2312	0	9266	0	0	0	0	0	388	234	0	0	170	0	984	0	3512	0	164	0	0	0	0	0	0	0	0	0	0	0	0	0	0	0	0	0	0	0	0	0	0	0	0	0	0	0	0	0	0	0	0	0	0	0	0	0	0	0	384	0	1458	0	0	0	0	0	0	0	0	0	0	0	0	0	0	0	0	0	0	0	0	0	0	0	0	0	0	0	0	0	0	0	0	0	0	0	0	0	0	0	0	0	0	0	
35236	Frontal_Mid_Orb_R	0	0	0	1406	0	2682	0	356	0	0	0	0	0	1018	0	7948	0	0	0	82	0	0	82	704	0	0	0	270	0	560	0	250	0	596	0	0	0	0	0	0	0	0	0	0	0	0	0	0	0	0	0	0	0	0	0	0	0	0	0	0	0	0	0	0	0	0	0	0	0	0	0	684	0	980	0	0	0	0	0	0	0	0	0	0	0	0	0	0	0	0	0	0	0	0	0	0	0	0	0	0	0	0	0	0	0	0	0	0	0	0	0	0	0	0	0	0	
304280	Frontal_Inf_Oper_L	13800	0	15290	1514	1132	636	16128	0	106	0	0	1172	16702	0	340	0	9018	80	4280	0	0	0	2744	1440	2236	0	0	0	29088	1082	5470	1714	244	0	0	0	1578	0	102	0	192	0	0	0	0	0	0	0	0	0	228	0	160	0	510	0	5218	0	0	0	870	0	668	0	238	0	0	0	0	0	1238	1844	4530	0	554	0	820	0	1444	0	3214	0	3616	0	384	0	0	0	516	0	0	0	0	0	0	0	0	0	0	0	0	0	0	0	0	0	0	0	0	0	0	0	0	0	0	0	
199968	Frontal_Inf_Oper_R	2046	9610	2712	9576	0	904	2328	3792	0	0	1172	0	0	6546	0	104	792	7582	2418	4730	0	0	82	1078	142	0	0	0	1364	12522	1154	4278	0	122	0	0	0	1318	0	148	0	0	0	0	0	0	0	0	0	0	0	0	0	0	0	88	306	9206	0	0	120	0	0	2626	0	0	0	0	0	0	1196	1904	670	5112	0	258	266	380	0	0	426	112	524	270	0	0	0	0	0	0	0	0	0	0	0	0	0	0	0	0	0	0	0	0	0	0	0	0	0	0	0	0	0	0	0	0	
221020	Frontal_Inf_Tri_L	1084	0	14350	0	1534	0	21322	0	2312	0	16702	0	0	0	7638	0	1548	0	1552	0	0	0	4064	0	3446	0	0	0	26976	0	5840	0	224	0	0	0	84	0	0	0	0	0	0	0	0	0	0	0	0	0	0	0	0	0	0	0	498	0	0	0	0	0	0	0	0	0	0	0	0	0	208	0	708	0	0	0	0	0	114	0	158	0	148	0	0	0	0	0	0	0	0	0	0	0	0	0	0	0	0	0	0	0	0	0	0	0	0	0	0	0	0	0	0	0	0	0	
161072	Frontal_Inf_Tri_R	0	300	312	14826	0	226	0	14334	0	1018	0	6546	0	0	0	6396	0	402	394	5702	0	0	540	6242	0	0	0	0	0	8710	764	6110	0	2668	0	0	0	762	0	206	0	0	0	0	0	0	0	0	0	0	0	0	0	0	0	160	0	460	0	0	0	0	0	134	0	0	0	0	0	0	144	612	80	2488	0	0	0	0	0	0	0	0	0	0	0	0	0	0	0	0	0	0	0	0	0	0	0	0	0	0	0	0	0	0	0	0	0	0	0	0	0	0	0	0	0	0	
140440	Frontal_Inf_Orb_L	0	0	3306	0	9626	352	4552	0	9266	0	340	0	7638	0	0	0	0	0	0	0	3900	1844	196	0	352	0	2620	438	11084	0	1390	412	0	0	0	0	472	0	314	0	820	0	0	0	0	0	0	0	0	0	0	0	0	0	214	0	0	0	0	0	0	0	0	0	0	0	0	0	0	0	3240	848	4348	0	0	0	0	0	0	0	0	0	2422	0	0	0	226	0	0	0	0	0	0	0	0	0	0	0	0	0	0	0	0	0	0	0	0	0	0	0	0	0	0	0	0	0	
89692	Frontal_Inf_Orb_R	0	0	0	5408	0	4562	0	3922	0	7948	0	104	0	6396	0	0	0	0	0	150	0	722	544	2200	0	82	0	1094	0	3084	0	1648	0	2102	0	0	0	0	0	0	0	142	0	0	0	0	0	0	0	0	0	0	0	0	0	0	0	0	0	0	0	0	0	0	0	0	0	0	0	0	0	1356	0	2086	0	0	0	0	0	0	0	0	0	1296	0	0	0	0	0	0	0	0	0	0	0	0	0	0	0	0	0	0	0	0	0	0	0	0	0	0	0	0	0	0	0	0	
180004	Rolandic_Oper_L	7782	270	9114	1620	90	626	1612	0	0	0	9018	792	1548	0	0	0	0	98	1800	218	0	0	296	1234	286	0	0	0	18728	752	686	1558	0	0	0	0	976	0	0	0	0	0	0	0	0	0	0	0	0	0	178	0	0	0	276	0	8704	0	0	0	1450	0	1766	0	198	0	0	0	0	0	816	1718	290	0	348	0	116	88	2152	0	6668	0	4306	0	704	0	0	0	1120	0	0	0	0	0	0	0	0	0	0	0	0	0	0	0	0	0	0	0	0	0	0	0	0	0	0	0	
132740	Rolandic_Oper_R	1856	1124	4788	6608	0	76	1840	92	0	0	80	7582	0	402	0	0	98	0	3706	5166	0	0	0	118	94	0	0	0	302	12464	164	640	0	134	0	0	98	1478	0	240	0	0	0	0	0	0	0	0	0	0	0	332	0	0	0	202	338	2610	0	0	126	0	0	3302	0	422	0	0	0	0	334	1146	652	2854	294	116	258	242	0	1128	0	2304	0	270	0	138	0	0	0	152	0	0	0	0	0	0	0	0	0	0	0	0	0	0	0	0	0	0	0	0	0	0	0	0	0	0	
407036	Supp_Motor_Area_L	6224	7062	58058	9916	1064	604	5022	2228	0	0	4280	2418	1552	394	0	0	1800	3706	0	27116	0	0	2928	3308	1856	144	0	0	9376	1426	6268	5396	4614	11684	232	86	992	152	0	0	0	0	0	0	0	0	0	0	0	0	0	0	120	0	130	0	624	3270	0	0	84	0	0	380	0	0	96	0	2142	256	1798	4216	4868	936	1836	0	416	558	0	488	714	0	680	0	0	0	0	0	0	0	0	0	0	0	0	0	0	0	0	0	0	0	0	0	0	0	0	0	0	0	0	0	0	0	0	0	
653724	Supp_Motor_Area_R	8752	12832	18256	57922	0	4422	632	5522	0	82	0	4730	0	5702	0	150	218	5166	27116	0	0	0	1708	17342	0	874	0	0	82	4624	1896	17388	5670	32718	168	558	0	2080	0	874	0	0	0	510	0	182	0	0	0	1652	0	1186	0	572	0	1244	2990	3920	0	220	322	0	138	226	0	96	224	1578	11690	25596	424	20108	310	8742	120	1746	136	2568	0	158	0	844	0	136	0	328	0	0	0	1412	0	0	0	0	0	0	0	0	0	0	0	0	0	0	0	0	0	0	0	0	0	0	0	0	0	0	
103100	Olfactory_L	0	0	0	0	4602	1222	0	0	388	0	0	0	0	0	3900	0	0	0	0	0	0	7250	0	0	188	0	3112	1676	2634	0	3268	1526	0	0	0	0	1002	0	850	0	1818	0	0	0	0	0	0	0	0	0	0	0	0	0	574	0	0	0	0	0	0	0	0	0	0	0	0	0	0	0	8662	4226	3734	478	0	0	0	0	0	0	0	0	440	0	0	0	0	0	0	0	0	0	0	0	0	0	0	0	0	0	0	0	0	0	0	0	0	0	0	0	0	0	0	0	0	0	
93928	Olfactory_R	0	0	0	0	2576	2050	0	0	234	0	0	0	0	0	1844	722	0	0	0	0	7250	0	0	202	0	1066	1926	3288	282	1102	2914	2202	0	0	0	0	0	182	0	222	0	1098	0	0	0	0	0	0	0	0	0	0	0	0	0	0	0	0	0	0	0	0	0	0	0	0	0	0	0	0	7674	6016	3088	1026	0	0	0	0	0	0	0	0	0	0	0	0	0	0	0	0	0	0	0	0	0	0	0	0	0	0	0	0	0	0	0	0	0	0	0	0	0	0	0	0	0	0	
250892	Frontal_Sup_Medial_L	106	0	31962	7478	1274	710	15636	0	0	82	2744	82	4064	540	196	544	296	0	2928	1708	0	0	0	16944	2488	840	0	0	4376	190	10768	9992	2484	6766	0	0	0	0	0	0	0	0	0	0	0	0	0	0	0	0	0	0	0	0	0	0	0	0	0	0	0	0	0	0	0	0	0	0	0	0	0	0	134	114	0	0	0	0	0	0	0	0	0	0	0	0	0	0	0	0	0	0	0	0	0	0	0	0	0	0	0	0	0	0	0	0	0	0	0	0	0	0	0	0	0	0	
369872	Frontal_Sup_Medial_R	384	0	886	38782	148	12202	134	1994	0	704	1440	1078	0	6242	0	2200	1234	118	3308	17342	0	202	16944	0	494	5020	0	376	1962	1806	2444	28376	82	16952	0	0	0	0	0	0	0	0	0	0	0	0	0	0	0	0	0	0	0	0	0	0	0	0	0	0	0	0	0	0	0	0	0	0	0	0	1520	14122	342	4606	0	0	0	0	0	0	678	0	814	0	0	0	0	0	0	0	0	0	0	0	0	0	0	0	0	0	0	0	0	0	0	0	0	0	0	0	0	0	0	0	0	0	
90168	Frontal_Med_Orb_L	414	0	3570	210	2154	438	966	0	170	0	2236	142	3446	0	352	0	286	94	1856	0	188	0	2488	494	0	422	848	0	6694	78	13144	512	0	0	0	0	0	0	0	0	0	0	0	0	0	0	0	0	0	0	0	0	0	0	0	0	0	0	0	0	0	0	0	0	0	0	0	0	0	0	856	442	2272	0	0	0	0	0	0	0	78	0	234	0	0	0	0	0	0	0	0	0	0	0	0	0	0	0	0	0	0	0	0	0	0	0	0	0	0	0	0	0	0	0	0	0	
70696	Frontal_Med_Orb_R	0	0	94	1316	0	8860	0	0	0	0	0	0	0	0	0	82	0	0	144	874	0	1066	840	5020	422	0	0	3590	0	0	964	3720	0	0	0	0	0	0	0	0	0	0	0	0	0	0	0	0	0	0	0	0	0	0	0	0	0	0	0	0	0	0	0	0	0	0	0	0	0	0	104	5444	0	2808	0	0	0	0	0	0	0	0	0	0	0	0	0	0	0	0	0	0	0	0	0	0	0	0	0	0	0	0	0	0	0	0	0	0	0	0	0	0	0	0	0	0	
44028	Rectus_L	0	0	0	0	5092	262	0	0	984	0	0	0	0	0	2620	0	0	0	0	0	3112	1926	0	0	848	0	0	356	574	0	1300	278	0	0	0	0	0	0	0	0	0	0	0	0	0	0	0	0	0	0	0	0	0	0	0	0	0	0	0	0	0	0	0	0	0	0	0	0	0	0	3254	788	620	0	0	0	0	0	0	0	0	0	0	0	0	0	0	0	0	0	0	0	0	0	0	0	0	0	0	0	0	0	0	0	0	0	0	0	0	0	0	0	0	0	0	0	
55144	Rectus_R	0	0	0	0	656	7190	0	0	0	270	0	0	0	0	438	1094	0	0	0	0	1676	3288	0	376	0	3590	356	0	80	294	732	1166	0	0	0	0	0	0	0	0	0	232	0	0	0	0	0	0	0	0	0	0	0	0	0	0	0	0	0	0	0	0	0	0	0	0	0	0	0	0	1488	2278	768	1286	0	0	0	0	0	0	0	0	0	314	0	0	0	0	0	0	0	0	0	0	0	0	0	0	0	0	0	0	0	0	0	0	0	0	0	0	0	0	0	0	0	0	
590272	Insula_L	8780	198	34720	2104	11634	1136	12952	86	3512	0	29088	1364	26976	0	11084	0	18728	302	9376	82	2634	282	4376	1962	6694	0	574	80	0	1258	11218	2502	86	0	0	0	16290	0	4244	0	3984	0	0	0	0	0	0	0	78	0	916	0	554	0	5130	0	5656	196	0	0	958	0	450	130	178	0	104	0	0	0	3168	2964	19304	96	782	0	956	162	4792	0	6932	0	7742	0	1744	0	0	0	3838	0	0	0	0	0	0	0	0	0	0	0	0	0	0	0	0	0	0	0	0	0	0	0	0	0	0	0	
221792	Insula_R	1074	1424	2014	11762	0	1730	1018	1470	0	560	1082	12522	0	8710	0	3084	752	12464	1426	4624	0	1102	190	1806	78	0	0	294	1258	0	808	4900	0	346	0	0	0	5138	0	1230	0	730	0	0	0	0	0	0	0	0	0	88	0	0	0	2278	196	1270	0	0	0	0	0	872	0	120	0	76	0	112	1186	1842	708	13012	88	190	184	342	0	446	400	1404	500	910	0	206	0	0	0	708	0	0	0	0	0	0	0	162	0	0	0	0	0	0	0	0	0	0	0	0	0	0	0	0	0	0	
258668	Cingulum_Ant_L	988	0	13174	2862	3908	1550	3764	0	164	0	5470	1154	5840	764	1390	0	686	164	6268	1896	3268	2914	10768	2444	13144	964	1300	732	11218	808	0	9240	3718	2088	0	0	104	0	0	0	0	0	0	0	0	0	0	0	0	0	0	0	0	0	0	0	200	0	0	0	0	0	0	0	0	0	0	0	0	0	5802	3556	5684	784	0	0	0	82	0	0	118	0	356	0	0	0	0	0	0	0	0	0	0	0	0	0	0	0	0	0	0	0	0	0	0	0	0	0	0	0	0	0	0	0	0	0	
425024	Cingulum_Ant_R	568	0	3668	35494	774	9916	452	92	0	250	1714	4278	0	6110	412	1648	1558	640	5396	17388	1526	2202	9992	28376	512	3720	278	1166	2502	4900	9240	0	674	17070	0	0	0	570	0	0	0	0	0	0	0	0	0	0	0	0	0	0	0	0	0	0	0	0	0	0	0	0	0	0	0	0	0	0	0	0	3966	25354	574	7504	0	0	0	76	0	0	900	0	1052	0	0	0	0	0	0	0	0	0	0	0	0	0	0	0	0	0	0	0	0	0	0	0	0	0	0	0	0	0	0	0	0	0	
81940	Cingulum_Mid_L	164	156	3134	338	0	0	1696	0	0	0	244	0	224	0	0	0	0	0	4614	5670	0	0	2484	82	0	0	0	0	86	0	3718	674	0	7044	2328	356	0	0	0	0	0	0	0	0	0	0	0	0	172	0	546	0	430	0	492	0	440	114	202	0	0	0	0	0	0	0	1632	0	2296	1000	188	0	164	0	0	0	0	0	0	0	0	0	0	0	114	0	0	0	168	0	0	0	0	0	0	0	0	0	0	0	0	0	0	0	0	0	0	0	0	0	0	0	0	0	0	0	
345144	Cingulum_Mid_R	1632	1382	4442	12584	0	0	166	318	0	596	0	122	0	2668	0	2102	0	134	11684	32718	0	0	6766	16952	0	0	0	0	0	346	2088	17070	7044	0	762	2396	0	140	0	84	0	0	0	2008	0	1490	0	108	0	2888	0	3044	0	312	0	296	920	4472	0	296	0	322	0	292	0	1024	770	7036	5012	16028	0	0	0	112	0	0	0	80	0	0	0	332	0	0	0	742	0	0	0	792	0	0	0	0	0	0	0	0	0	0	0	0	0	0	0	0	0	0	0	0	0	0	0	0	0	0	
93184	Cingulum_Post_L	2386	0	0	0	0	0	0	0	0	0	0	0	0	0	0	0	0	0	232	168	0	0	0	0	0	0	0	0	0	0	0	0	2328	762	0	8168	5522	2088	1348	350	0	0	1002	0	778	0	516	252	356	0	1464	0	3000	0	3440	364	550	90	534	0	174	0	0	0	164	0	4838	1778	1224	138	0	0	0	0	0	0	1436	0	136	0	0	0	0	0	352	0	0	0	568	0	0	0	0	0	0	0	0	0	0	0	0	0	0	0	0	0	0	0	0	0	86	0	0	0	0	0	
105816	Cingulum_Post_R	2686	96	0	0	0	0	0	0	0	0	0	0	0	0	0	0	0	0	86	558	0	0	0	0	0	0	0	0	0	0	0	0	356	2396	8168	0	3422	6352	320	1608	0	0	0	756	0	1254	0	2228	0	1502	0	944	0	786	0	2634	0	994	0	0	0	0	0	0	0	0	184	8136	86	974	0	0	0	0	0	0	3542	978	100	0	0	0	0	0	0	258	0	0	88	1020	0	0	0	0	0	0	0	86	0	0	0	0	0	0	0	0	0	0	0	0	310	0	0	0	0	0	
238348	Hippocampus_L	6356	146	4866	0	104	0	228	0	0	0	1578	0	84	0	472	0	976	98	992	0	1002	0	0	0	0	0	0	0	16290	0	104	0	0	0	5522	3422	0	1106	12118	0	8694	0	576	0	0	0	814	228	224	0	788	0	132	0	10566	0	2166	114	252	0	1112	0	632	0	1330	0	2760	984	0	0	252	294	8508	0	1324	0	3714	220	2062	0	2498	0	1768	0	1086	0	0	0	9982	0	0	0	0	0	98	0	280	0	0	0	0	0	0	0	0	0	0	0	0	252	0	0	0	0	0	0	
217868	Hippocampus_R	1382	5484	306	4020	0	0	0	130	0	0	0	1318	0	762	0	0	0	1478	152	2080	0	182	0	0	0	0	0	0	0	5138	0	570	0	140	2088	6352	1106	0	104	18602	0	10060	0	216	0	0	0	1610	0	0	0	0	0	564	0	15946	616	770	0	0	0	0	0	490	0	0	0	2422	230	616	0	0	0	11952	0	0	3124	4110	0	0	0	494	0	1766	0	324	0	0	0	722	0	0	0	0	0	0	0	1120	0	228	0	0	0	0	0	0	0	0	0	0	160	0	0	0	0	0	
92108	ParaHippocampal_L	292	0	800	0	0	0	0	0	0	0	102	0	0	0	314	0	0	0	0	0	850	0	0	0	0	0	0	0	4244	0	0	0	0	0	1348	320	12118	104	0	0	2962	0	416	0	0	0	1740	148	0	0	120	0	412	0	7854	0	84	0	0	0	0	0	0	0	102	0	1570	180	0	0	0	0	1262	0	0	0	146	0	0	0	394	0	978	0	0	0	246	0	2286	0	588	0	0	0	530	0	1292	0	868	0	0	0	122	0	138	0	0	0	202	922	0	0	0	0	0	0	
123456	ParaHippocampal_R	104	2014	86	1036	0	0	0	0	0	0	0	148	0	206	0	0	0	240	0	874	0	222	0	0	0	0	0	0	0	1230	0	0	0	84	350	1608	0	18602	0	0	0	5104	0	316	0	0	0	2208	0	0	0	0	0	176	0	15908	220	76	0	0	0	0	0	180	0	0	0	1268	96	372	0	0	0	1912	0	0	280	1384	0	0	0	100	0	670	0	196	0	96	0	182	0	210	0	170	0	0	0	3016	0	678	0	0	0	106	0	0	0	0	0	0	0	0	0	0	0	0	
53084	Amygdala_L	0	0	364	0	438	0	0	0	0	0	192	0	0	0	820	0	0	0	0	0	1818	0	0	0	0	0	0	0	3984	0	0	0	0	0	0	0	8694	0	2962	0	0	0	0	0	0	0	0	0	0	0	0	0	0	0	3370	0	0	0	0	0	0	0	0	0	0	0	0	0	0	0	0	0	2120	0	0	0	0	0	0	0	90	0	1220	0	0	0	0	0	470	0	0	0	0	0	0	0	0	0	0	0	0	0	0	0	0	0	0	0	0	0	0	0	0	0	0	0	
53192	Amygdala_R	0	0	0	0	0	140	0	0	0	0	0	0	0	0	0	142	0	0	0	0	0	1098	0	0	0	0	0	232	0	730	0	0	0	0	0	0	0	10060	0	5104	0	0	0	0	0	0	0	0	0	0	0	0	0	0	0	4522	0	0	0	0	0	0	0	0	0	0	0	0	0	0	0	0	0	2226	0	0	0	0	0	0	0	0	0	2342	0	0	0	0	0	0	0	0	0	0	0	0	0	0	0	0	0	0	0	0	0	0	0	0	0	0	0	0	0	0	0	0	
260088	Calcarine_L	84	0	0	0	0	0	0	0	0	0	0	0	0	0	0	0	0	0	0	0	0	0	0	0	0	0	0	0	0	0	0	0	0	0	1002	0	576	0	416	0	0	0	0	7294	19252	5996	12812	1892	16926	4086	27428	792	4758	0	1738	76	560	0	546	0	0	0	278	0	642	0	15406	0	164	0	0	0	0	0	0	0	0	0	0	0	0	0	0	0	4496	0	0	0	982	0	96	0	0	0	0	0	434	0	160	0	0	0	0	0	0	0	0	0	0	0	590	344	0	0	0	218	
275624	Calcarine_R	0	660	0	0	0	0	0	0	0	0	0	0	0	0	0	0	0	0	0	510	0	0	0	0	0	0	0	0	0	0	0	0	0	2008	0	756	0	216	0	316	0	0	7294	0	3828	26486	1188	17408	654	23396	0	12292	0	6594	0	6848	0	1478	0	0	0	0	0	0	0	0	144	16422	0	1254	0	0	0	0	0	0	0	0	0	0	0	0	0	0	0	3374	0	0	0	4068	0	0	0	0	0	0	0	188	0	216	0	0	0	0	0	0	0	0	0	0	214	0	0	0	0	0	
198824	Cuneus_L	0	0	0	0	0	0	0	0	0	0	0	0	0	0	0	0	0	0	0	0	0	0	0	0	0	0	0	0	0	0	0	0	0	0	778	0	0	0	0	0	0	0	19252	3828	0	6722	2774	952	22480	3598	16108	270	2042	0	1888	82	518	0	950	0	0	0	156	0	400	0	12894	0	162	0	0	0	0	0	0	0	0	0	0	0	0	0	0	0	2358	0	0	0	1200	0	0	0	0	0	0	0	0	0	0	0	0	0	0	0	0	0	0	0	0	0	0	0	0	0	0	0	
229940	Cuneus_R	0	222	0	0	0	0	0	0	0	0	0	0	0	0	0	0	0	0	0	182	0	0	0	0	0	0	0	0	0	0	0	0	0	1490	0	1254	0	0	0	0	0	0	5996	26486	6722	0	540	6946	714	31610	0	11230	0	1570	0	768	0	1016	0	2202	0	0	0	0	0	0	530	14042	0	736	0	0	0	0	0	0	0	0	0	0	0	0	0	0	0	548	0	0	0	166	0	0	0	0	0	0	0	0	0	0	0	0	0	0	0	0	0	0	0	0	0	0	0	0	0	0	
291936	Lingual_L	132	0	0	0	0	0	0	0	0	0	0	0	0	0	0	0	0	0	0	0	0	0	0	0	0	0	0	0	0	0	0	0	0	0	516	0	814	0	1740	0	0	0	12812	1188	2774	540	0	4032	4820	414	11192	96	7572	238	19226	1082	130	0	0	0	0	0	0	0	110	0	5096	0	0	0	0	0	0	0	0	0	84	0	0	0	0	0	0	0	660	0	0	0	464	0	12082	906	900	0	0	0	17482	1234	22284	1432	0	0	0	0	108	0	0	0	0	0	8724	4296	202	0	92	494	
334008	Lingual_R	0	0	0	0	0	0	0	0	0	0	0	0	0	0	0	0	0	0	0	0	0	0	0	0	0	0	0	0	0	0	0	0	0	108	252	2228	228	1610	148	2208	0	0	1892	17408	952	6946	4032	0	0	7254	0	5700	960	8672	2944	21916	0	0	0	0	0	0	0	0	0	0	0	5346	0	0	0	0	0	0	0	0	186	88	0	0	0	0	0	0	0	478	0	0	0	1024	2008	11130	108	86	0	0	4176	10456	6942	16506	86	0	0	0	712	0	0	0	0	0	13336	8598	82	0	0	198	
271344	Occipital_Sup_L	100	0	0	0	0	0	0	0	0	0	0	0	0	0	0	0	0	0	0	0	0	0	0	0	0	0	0	0	78	0	0	0	172	0	356	0	224	0	0	0	0	0	16926	654	22480	714	4820	0	0	292	35744	0	2298	0	1078	0	1372	0	3756	0	316	0	664	0	1362	0	23756	0	554	0	0	0	0	0	0	0	0	0	178	0	422	0	0	0	9282	0	0	0	8074	0	0	0	0	0	0	0	0	0	0	0	0	0	0	0	0	0	0	0	0	0	0	0	0	0	0	0	
259320	Occipital_Sup_R	0	226	0	0	0	0	0	0	0	0	0	0	0	0	0	0	0	0	0	1652	0	0	0	0	0	0	0	0	0	0	0	0	0	2888	0	1502	0	0	0	0	0	0	4086	23396	3598	31610	414	7254	292	0	0	23104	0	1910	0	1336	0	3020	0	4524	0	908	0	0	0	1372	178	12254	176	2512	0	0	0	0	0	0	0	0	0	0	0	696	0	0	0	572	0	0	0	180	0	0	0	0	0	0	0	0	0	0	0	0	0	0	0	0	0	0	0	0	0	0	0	0	0	0	
533816	Occipital_Mid_L	1526	0	0	0	0	0	0	0	0	0	228	0	0	0	0	0	178	0	0	0	0	0	0	0	0	0	0	0	916	0	0	0	546	0	1464	0	788	0	120	0	0	0	27428	0	16108	0	11192	0	35744	0	0	0	18024	0	5666	0	12790	0	13838	0	10064	0	3552	0	17314	0	33254	0	2400	0	0	0	0	0	0	0	0	0	1450	0	472	0	0	0	36476	0	0	0	15076	0	0	0	0	0	0	0	76	0	136	0	0	0	0	0	0	0	0	0	0	0	82	0	0	0	0	0	
302520	Occipital_Mid_R	0	456	0	0	0	0	0	0	0	0	0	0	0	0	0	0	0	332	0	1186	0	0	0	0	0	0	0	0	0	88	0	0	0	3044	0	944	0	0	0	0	0	0	792	12292	270	11230	96	5700	0	23104	0	0	0	8852	0	3850	0	1938	0	5104	0	6248	0	1820	0	22108	110	9540	136	1874	0	0	0	0	0	0	0	0	0	0	0	2930	0	0	0	17220	0	0	0	6854	0	0	0	0	0	0	0	970	0	1194	0	0	0	0	0	0	0	0	0	0	978	0	0	0	0	0	
175664	Occipital_Inf_L	796	0	0	0	0	0	0	0	0	0	160	0	0	0	0	0	0	0	120	0	0	0	0	0	0	0	0	0	554	0	0	0	430	0	3000	0	132	0	412	0	0	0	4758	0	2042	0	7572	960	2298	0	18024	0	0	0	19438	82	1782	0	482	0	234	0	0	0	170	0	3362	0	604	0	0	0	0	0	0	0	0	0	456	0	0	0	0	0	4820	0	0	0	6902	0	838	0	0	0	0	0	960	0	3408	0	0	0	0	0	0	0	0	0	0	0	1788	1248	0	0	0	0	
131824	Occipital_Inf_R	0	374	0	0	0	0	0	0	0	0	0	0	0	0	0	0	0	0	0	572	0	0	0	0	0	0	0	0	0	0	0	0	0	312	0	786	0	564	0	176	0	0	0	6594	0	1570	238	8672	0	1910	0	8852	0	0	106	11806	0	124	0	0	0	0	0	114	0	244	0	2568	0	430	0	0	0	0	0	0	0	0	0	0	0	0	0	0	0	2992	0	0	0	5302	504	154	0	0	0	0	266	2226	972	3404	76	0	0	0	0	0	0	0	0	0	2514	1490	0	0	0	0	
449192	Fusiform_L	1164	0	652	0	0	0	0	0	0	0	510	0	0	0	214	0	276	0	130	0	574	0	0	0	0	0	0	0	5130	0	0	0	492	0	3440	0	10566	0	7854	0	3370	0	1738	0	1888	0	19226	2944	1078	0	5666	0	19438	106	0	396	2232	0	602	0	982	0	390	0	1106	0	3372	0	608	0	0	0	626	0	0	0	0	0	886	0	1648	0	2626	0	3314	0	1262	0	20828	0	26912	112	472	0	408	0	21554	252	36630	358	326	0	394	0	112	0	0	0	0	140	6636	2708	96	0	0	152	
369996	Fusiform_R	0	834	0	280	0	0	0	0	0	0	0	88	0	160	0	0	0	202	0	1244	0	0	0	0	0	0	0	0	0	2278	0	0	0	296	364	2634	0	15946	0	15908	0	4522	76	6848	82	768	1082	21916	0	1336	0	3850	82	11806	396	0	292	172	0	0	0	0	0	316	0	0	0	4616	104	770	0	0	0	1324	0	0	92	384	0	0	0	1258	0	5138	0	2778	0	672	0	10722	774	15634	0	686	0	90	990	11710	2244	20438	104	0	118	714	238	110	0	0	0	0	5658	3854	0	0	0	0	
371416	Postcentral_L	34784	2108	6134	1544	0	0	1400	0	0	0	5218	306	498	0	0	0	8704	338	624	2990	0	0	0	0	0	0	0	0	5656	196	200	0	440	920	550	0	2166	616	84	220	0	0	560	0	518	0	130	0	1372	0	12790	0	1782	0	2232	292	0	652	10700	0	27736	0	11826	116	9558	0	4010	0	3968	1650	226	1178	308	0	180	0	294	2068	2294	0	3144	0	144	0	6448	0	0	0	3708	128	0	0	0	0	0	0	0	0	0	0	0	0	0	0	0	0	0	0	0	0	0	0	0	0	0	0	
204776	Postcentral_R	396	21182	5552	1162	0	0	0	430	0	0	0	9206	0	460	0	0	0	2610	3270	3920	0	0	0	0	0	0	0	0	196	1270	0	0	114	4472	90	994	114	770	0	76	0	0	0	1478	0	1016	0	0	0	3020	0	1938	0	124	0	172	652	0	0	2538	0	2602	0	13190	0	904	0	6144	330	5514	726	1012	294	2418	204	242	0	252	0	114	0	340	0	0	0	488	0	0	0	392	0	0	0	0	0	0	0	0	0	0	0	0	0	0	0	0	0	0	0	0	0	0	0	0	0	0	
129560	Parietal_Sup_L	98	0	0	0	0	0	0	0	0	0	0	0	0	0	0	0	0	0	0	0	0	0	0	0	0	0	0	0	0	0	0	0	202	0	534	0	252	0	0	0	0	0	546	0	950	0	0	0	3756	0	13838	0	482	0	602	0	10700	0	0	0	12240	0	0	0	7738	0	8724	0	1610	0	0	0	0	0	0	0	0	0	318	0	0	0	0	0	498	0	0	0	1692	0	0	0	0	0	0	0	0	0	0	0	0	0	0	0	0	0	0	0	0	0	0	0	0	0	0	0	
56236	Parietal_Sup_R	0	0	0	0	0	0	0	0	0	0	0	0	0	0	0	0	0	0	0	220	0	0	0	0	0	0	0	0	0	0	0	0	0	296	0	0	0	0	0	0	0	0	0	0	0	2202	0	0	0	4524	0	5104	0	0	0	0	0	2538	0	0	0	3814	0	0	0	4728	0	3730	0	330	0	0	0	0	0	0	0	0	0	0	0	442	0	0	0	190	0	0	0	0	0	0	0	0	0	0	0	0	0	0	0	0	0	0	0	0	0	0	0	0	0	0	0	0	0	0	
228204	Parietal_Inf_L	4518	234	648	162	0	0	270	0	0	0	870	120	0	0	0	0	1450	126	84	322	0	0	0	0	0	0	0	0	958	0	0	0	0	0	174	0	1112	0	0	0	0	0	0	0	0	0	0	0	316	0	10064	0	234	0	982	0	27736	0	12240	0	0	0	19948	0	18208	0	1728	0	994	154	316	176	0	0	0	0	0	388	544	0	3098	0	0	0	1230	0	0	0	4698	0	0	0	0	0	0	0	0	0	0	0	0	0	0	0	0	0	0	0	0	0	0	0	0	0	0	0	
87324	Parietal_Inf_R	0	166	0	0	0	0	0	0	0	0	0	0	0	0	0	0	0	0	0	0	0	0	0	0	0	0	0	0	0	0	0	0	0	322	0	0	0	0	0	0	0	0	0	0	0	0	0	0	0	908	0	6248	0	0	0	0	0	2602	0	3814	0	0	0	8180	0	15512	0	202	0	102	0	0	0	0	0	0	0	0	0	0	0	1352	0	0	0	2930	0	0	0	1324	0	0	0	0	0	0	0	0	0	0	0	0	0	0	0	0	0	0	0	0	0	0	0	0	0	0	
137684	SupraMarginal_L	1516	80	244	0	0	0	0	0	0	0	668	0	0	0	0	0	1766	0	0	138	0	0	0	0	0	0	0	0	450	0	0	0	0	0	0	0	632	0	0	0	0	0	278	0	156	0	0	0	664	0	3552	0	0	0	390	0	11826	0	0	0	19948	0	0	0	9192	0	870	0	0	86	268	0	0	0	0	0	0	0	442	0	8022	0	0	0	3466	0	0	0	4188	0	0	0	0	0	0	0	0	0	0	0	0	0	0	0	0	0	0	0	0	0	0	0	0	0	0	0	
115712	SupraMarginal_R	128	2594	1040	144	0	0	78	86	0	0	0	2626	0	134	0	0	0	3302	380	226	0	0	0	0	0	0	0	0	130	872	0	0	0	292	0	0	0	490	0	180	0	0	0	0	0	0	0	0	0	0	0	1820	0	114	0	316	116	13190	0	0	0	8180	0	0	0	7996	0	234	0	0	154	320	104	916	0	116	194	188	0	0	0	3022	0	0	0	5750	0	0	0	2424	0	0	0	0	0	0	0	0	0	0	0	0	0	0	0	0	0	0	0	0	0	0	0	0	0	0	
168228	Angular_L	470	0	0	0	0	0	0	0	0	0	238	0	0	0	0	0	198	0	0	0	0	0	0	0	0	0	0	0	178	0	0	0	0	0	164	0	1330	0	102	0	0	0	642	0	400	0	110	0	1362	0	17314	0	170	0	1106	0	9558	0	7738	0	18208	0	9192	0	0	0	2318	0	362	0	92	0	0	0	0	0	0	0	408	0	878	0	0	0	6240	0	0	0	5336	0	0	0	0	0	0	0	0	0	0	0	0	0	0	0	0	0	0	0	0	0	0	0	0	0	0	0	
155444	Angular_R	0	190	116	0	0	0	0	0	0	0	0	0	0	0	0	0	0	422	0	96	0	0	0	0	0	0	0	0	0	120	0	0	0	1024	0	0	0	0	0	0	0	0	0	0	0	0	0	0	0	1372	0	22108	0	244	0	0	0	904	0	4728	0	15512	0	7996	0	0	0	852	0	210	0	0	0	0	0	0	0	0	0	0	0	3090	0	0	0	11812	0	0	0	6926	0	0	0	0	0	0	0	0	0	0	0	0	0	0	0	0	0	0	0	0	0	0	0	0	0	0	
304356	Precuneus_L	198	0	0	0	0	0	0	0	0	0	0	0	0	0	0	0	0	0	96	224	0	0	0	0	0	0	0	0	104	0	0	0	1632	770	4838	184	2760	0	1570	0	0	0	15406	144	12894	530	5096	0	23756	178	33254	110	3362	0	3372	0	4010	0	8724	0	1728	0	870	0	2318	0	0	1260	2638	398	0	0	0	0	0	0	0	0	212	0	410	0	0	0	11022	0	0	0	8012	98	0	0	0	0	0	0	0	0	0	0	0	0	0	0	0	0	0	0	0	0	0	0	0	0	0	0	
229068	Precuneus_R	266	1338	0	0	0	0	0	0	0	0	0	0	0	0	0	0	0	0	0	1578	0	0	0	0	0	0	0	0	0	76	0	0	0	7036	1778	8136	984	2422	180	1268	0	0	0	16422	0	14042	0	5346	0	12254	0	9540	0	2568	0	4616	0	6144	0	3730	0	202	0	234	0	852	1260	0	94	4214	0	0	0	0	0	0	364	0	0	0	0	472	0	0	0	1796	0	0	0	4892	0	0	0	0	0	0	0	112	0	76	0	0	0	0	0	0	0	0	0	0	242	0	0	0	0	0	
118652	Paracentral_Lobule_L	6758	3370	1458	1608	0	0	0	0	0	0	0	0	0	0	0	0	0	0	2142	11690	0	0	0	0	0	0	0	0	0	0	0	0	2296	5012	1224	86	0	230	0	96	0	0	164	0	162	0	0	0	554	176	2400	136	604	0	608	104	3968	330	1610	0	994	0	0	0	362	0	2638	94	0	8156	0	0	0	0	0	0	82	0	0	0	0	0	0	0	214	0	0	0	0	0	0	0	0	0	0	0	0	0	0	0	0	0	0	0	0	0	0	0	0	0	0	0	0	0	0	0	
171468	Paracentral_Lobule_R	3676	5728	92	356	0	0	78	0	0	0	0	0	0	0	0	0	0	0	256	25596	0	0	0	0	0	0	0	0	0	112	0	0	1000	16028	138	974	0	616	0	372	0	0	0	1254	0	736	0	0	0	2512	0	1874	0	430	0	770	1650	5514	0	330	154	102	86	0	0	210	398	4214	8156	0	0	0	0	0	0	0	0	348	0	0	0	430	0	0	0	450	0	0	0	1094	0	0	0	0	0	0	0	0	0	0	0	0	0	0	0	0	0	0	0	0	0	0	0	0	0	0	
207632	Caudate_L	1982	646	8800	1686	4254	2344	2316	88	384	0	1238	1196	208	144	3240	0	816	334	1798	424	8662	7674	0	1520	856	104	3254	1488	3168	1186	5802	3966	188	0	0	0	252	0	0	0	0	0	0	0	0	0	0	0	0	0	0	0	0	0	0	0	226	726	0	0	316	0	268	154	92	0	0	0	0	0	0	11790	12260	996	708	0	3894	1328	0	0	492	0	548	0	0	0	0	0	0	0	0	0	0	0	0	0	0	0	0	0	0	0	0	0	0	0	0	0	0	0	0	0	0	0	0	0	
430028	Caudate_R	1962	6018	6504	24942	1242	13452	988	262	0	684	1844	1904	0	612	848	1356	1718	1146	4216	20108	4226	6016	0	14122	442	5444	788	2278	2964	1842	3556	25354	0	0	0	0	294	0	0	0	0	0	0	0	0	0	0	0	0	0	0	0	0	0	0	0	1178	1012	0	0	176	0	0	320	0	0	0	0	0	0	11790	0	4074	16600	792	1832	1576	15972	0	102	928	0	1080	450	0	0	0	0	0	0	0	0	0	0	0	0	0	0	0	0	0	0	0	0	0	0	0	0	0	0	0	0	0	0	0	0	
258808	Putamen_L	2344	650	20716	602	6090	824	356	130	1458	0	4530	670	708	80	4348	0	290	652	4868	310	3734	3088	134	342	2272	0	620	768	19304	708	5684	574	164	0	0	0	8508	0	1262	0	2120	0	0	0	0	0	0	0	0	0	0	0	0	0	626	0	308	294	0	0	0	0	0	104	0	0	0	0	0	0	12260	4074	0	132	7026	0	2060	406	254	108	192	0	1876	0	0	0	218	0	454	0	0	0	0	0	0	0	0	0	0	0	0	0	0	0	0	0	0	0	0	104	0	0	0	0	0	0	
249144	Putamen_R	158	2904	1194	14042	110	7280	154	1156	0	980	0	5112	0	2488	0	2086	0	2854	936	8742	478	1026	114	4606	0	2808	0	1286	96	13012	784	7504	0	112	0	0	0	11952	0	1912	0	2226	0	0	0	0	0	0	0	0	0	0	0	0	0	1324	0	2418	0	0	0	0	0	916	0	0	0	0	0	0	996	16600	132	0	0	1848	0	920	0	0	0	202	0	792	0	0	0	0	0	0	0	0	0	0	0	0	0	312	0	0	0	0	0	0	0	0	0	0	0	0	0	0	0	0	0	0	
49728	Pallidum_L	738	548	6648	246	0	0	0	0	0	0	554	0	0	0	0	0	348	294	1836	120	0	0	0	0	0	0	0	0	782	88	0	0	0	0	0	0	1324	0	0	0	0	0	0	0	0	0	0	0	0	0	0	0	0	0	0	0	180	204	0	0	0	0	0	0	0	0	0	0	0	0	708	792	7026	0	0	0	1688	740	0	0	0	0	0	0	0	0	0	0	0	0	0	0	0	0	0	0	0	0	0	0	0	0	0	0	0	0	0	0	0	0	0	0	0	0	0	0	
16568	Pallidum_R	0	358	0	1496	0	0	0	0	0	0	0	258	0	0	0	0	0	116	0	1746	0	0	0	0	0	0	0	0	0	190	0	0	0	0	0	0	0	0	0	0	0	0	0	0	0	0	0	0	0	0	0	0	0	0	0	0	0	242	0	0	0	0	0	116	0	0	0	0	0	0	0	1832	0	1848	0	0	0	82	0	0	0	0	0	0	0	0	0	0	0	0	0	0	0	0	0	0	0	0	0	0	0	0	0	0	0	0	0	0	0	0	0	0	0	0	0	0	
103620	Thalamus_L	14522	244	1820	150	0	0	424	0	0	0	820	266	0	0	0	0	116	258	416	136	0	0	0	0	0	0	0	0	956	184	0	0	0	0	1436	3542	3714	3124	146	280	0	0	0	0	0	0	84	186	0	0	0	0	0	0	0	92	294	0	0	0	0	0	0	194	0	0	0	364	82	0	3894	1576	2060	0	1688	0	0	8252	490	0	0	0	0	0	0	0	0	0	0	0	0	0	0	0	0	0	0	0	0	0	0	0	0	0	0	0	0	0	0	0	0	0	0	0	0	0	
171308	Thalamus_R	2326	25592	2172	12328	0	0	448	0	0	0	0	380	0	0	0	0	88	242	558	2568	0	0	0	0	0	0	0	0	162	342	82	76	0	80	0	978	220	4110	0	1384	0	0	0	0	0	0	0	88	0	0	0	0	0	0	0	384	2068	252	0	0	388	0	0	188	0	0	0	0	0	348	1328	15972	406	920	740	82	8252	0	0	0	0	102	0	0	0	0	0	0	0	0	0	0	0	0	0	0	0	0	0	0	0	0	0	0	0	0	0	0	0	0	0	0	0	0	0	0	
59100	Heschl_L	2756	0	570	0	0	0	234	0	0	0	1444	0	114	0	0	0	2152	0	0	0	0	0	0	0	0	0	0	0	4792	0	0	0	0	0	136	100	2062	0	0	0	0	0	0	0	0	0	0	0	178	0	1450	0	456	0	886	0	2294	0	318	0	544	0	442	0	408	0	212	0	0	0	0	0	254	0	0	0	490	0	0	0	1770	0	0	0	3028	0	0	0	2460	0	0	0	0	0	0	0	0	0	0	0	0	0	0	0	0	0	0	0	0	0	0	0	0	0	0	0	
8988	Heschl_R	0	0	586	142	0	0	0	0	0	0	0	0	0	0	0	0	0	1128	488	158	0	0	0	0	0	0	0	0	0	446	0	0	0	0	0	0	0	0	0	0	0	0	0	0	0	0	0	0	0	0	0	0	0	0	0	0	0	114	0	0	0	0	0	0	0	0	0	0	0	0	0	102	108	0	0	0	0	0	0	0	0	1000	0	0	0	0	0	0	0	222	0	0	0	0	0	0	0	0	0	0	0	0	0	0	0	0	0	0	0	0	0	0	0	0	0	0	
160040	Temporal_Sup_L	1108	0	1596	828	88	484	0	0	0	0	3214	426	158	0	0	0	6668	0	714	0	0	0	0	678	78	0	0	0	6932	400	118	900	0	0	0	0	2498	0	394	0	90	0	0	0	0	0	0	0	422	0	472	0	0	0	1648	0	3144	0	0	0	3098	0	8022	0	878	0	410	0	0	0	492	928	192	0	0	0	0	0	1770	0	0	0	5006	0	14804	0	0	0	11362	0	0	0	0	0	0	0	0	0	0	0	0	0	0	0	0	0	0	0	0	0	0	0	0	0	0	0	
57588	Temporal_Sup_R	0	474	0	342	0	0	0	0	0	0	0	112	0	0	0	0	0	2304	0	844	0	0	0	0	0	0	0	0	0	1404	0	0	0	332	0	0	0	494	0	100	0	0	0	0	0	0	0	0	0	696	0	2930	0	0	0	1258	0	340	0	442	0	1352	0	3022	0	3090	0	472	0	430	0	0	0	202	0	0	0	102	0	1000	0	0	0	548	0	4738	0	0	0	1766	0	0	0	0	0	0	0	0	0	0	0	0	0	0	0	0	0	0	0	0	0	0	0	0	0	0	
104032	Temporal_Pole_Sup_L	410	0	1478	968	994	504	0	0	0	0	3616	524	148	0	2422	0	4306	0	680	0	440	0	0	814	234	0	0	0	7742	500	356	1052	0	0	0	0	1768	0	978	0	1220	0	0	0	0	0	0	0	0	0	0	0	0	0	2626	0	144	0	0	0	0	0	0	0	0	0	0	0	0	0	548	1080	1876	0	0	0	0	0	0	0	5006	0	0	0	3302	0	2534	0	3746	0	0	0	0	0	0	0	0	0	0	0	0	0	0	0	0	0	0	0	0	0	0	0	0	0	0	0	
36848	Temporal_Pole_Sup_R	0	0	0	156	0	388	0	0	0	0	0	270	0	0	0	1296	0	270	0	136	0	0	0	0	0	0	0	314	0	910	0	0	0	0	0	0	0	1766	0	670	0	2342	0	0	0	0	0	0	0	0	0	0	0	0	0	5138	0	0	0	0	0	0	0	0	0	0	0	0	0	0	0	450	0	792	0	0	0	0	0	0	0	548	0	0	0	802	0	756	0	1420	0	0	0	0	0	0	0	0	0	0	0	0	0	0	0	0	0	0	0	0	0	0	0	0	0	0	
305844	Temporal_Mid_L	1916	0	84	0	0	0	0	0	0	0	384	0	0	0	0	0	704	0	0	0	0	0	0	0	0	0	0	0	1744	0	0	0	114	0	352	0	1086	0	0	0	0	0	4496	0	2358	0	660	0	9282	0	36476	0	4820	0	3314	0	6448	0	498	0	1230	0	3466	0	6240	0	11022	0	214	0	0	0	0	0	0	0	0	0	3028	0	14804	0	3302	0	0	0	2178	0	32702	0	0	0	0	0	0	0	0	0	0	0	0	0	0	0	0	0	0	0	0	0	0	0	0	0	0	0	
152756	Temporal_Mid_R	0	276	0	0	0	0	0	0	0	0	0	0	0	0	0	0	0	138	0	328	0	0	0	0	0	0	0	0	0	206	0	0	0	742	0	258	0	324	0	196	0	0	0	3374	0	548	0	478	0	572	0	17220	0	2992	0	2778	0	488	0	190	0	2930	0	5750	0	11812	0	1796	0	450	0	0	0	0	0	0	0	0	0	0	0	4738	0	802	0	0	0	112	0	15666	0	0	0	0	0	0	0	384	0	446	0	0	0	0	0	0	0	0	0	0	384	0	0	0	0	0	
17508	Temporal_Pole_Mid_L	0	0	0	0	0	0	0	0	0	0	0	0	0	0	226	0	0	0	0	0	0	0	0	0	0	0	0	0	0	0	0	0	0	0	0	0	0	0	246	0	0	0	0	0	0	0	0	0	0	0	0	0	0	0	1262	0	0	0	0	0	0	0	0	0	0	0	0	0	0	0	0	0	218	0	0	0	0	0	0	0	0	0	2534	0	2178	0	0	0	2090	0	0	0	0	0	0	0	0	0	0	0	0	0	0	0	0	0	0	0	0	0	0	0	0	0	0	0	
4004	Temporal_Pole_Mid_R	0	0	0	0	0	0	0	0	0	0	0	0	0	0	0	0	0	0	0	0	0	0	0	0	0	0	0	0	0	0	0	0	0	0	0	0	0	0	0	96	0	0	0	0	0	0	0	0	0	0	0	0	0	0	0	672	0	0	0	0	0	0	0	0	0	0	0	0	0	0	0	0	0	0	0	0	0	0	0	0	0	0	0	756	0	112	0	0	0	366	0	0	0	0	0	0	0	0	0	0	0	0	0	0	0	0	0	0	0	0	0	0	0	0	0	0	
321720	Temporal_Inf_L	1518	0	298	0	0	0	0	0	0	0	516	0	0	0	0	0	1120	0	0	0	0	0	0	0	0	0	0	0	3838	0	0	0	168	0	568	88	9982	0	2286	0	470	0	982	0	1200	0	464	0	8074	0	15076	0	6902	0	20828	0	3708	0	1692	0	4698	0	4188	0	5336	0	8012	0	0	0	0	0	454	0	0	0	0	0	2460	0	11362	0	3746	0	32702	0	2090	0	0	0	3380	0	238	0	0	0	424	0	1342	0	304	0	346	0	0	0	0	0	0	0	0	0	0	0	0	0	
148700	Temporal_Inf_R	0	1150	0	0	0	0	0	0	0	0	0	0	0	0	0	0	0	152	0	1412	0	0	0	0	0	0	0	0	0	708	0	0	0	792	0	1020	0	722	0	182	0	0	0	4068	0	166	0	1024	0	180	0	6854	0	5302	0	10722	128	392	0	0	0	1324	0	2424	0	6926	98	4892	0	1094	0	0	0	0	0	0	0	0	0	222	0	1766	0	1420	0	15666	0	366	0	0	0	2440	0	158	0	0	0	0	0	580	0	0	0	0	0	0	0	0	0	0	0	0	0	0	0	0	
633124	Cerebelum_Crus1_L	0	0	0	0	0	0	0	0	0	0	0	0	0	0	0	0	0	0	0	0	0	0	0	0	0	0	0	0	0	0	0	0	0	0	0	0	0	0	588	0	0	0	96	0	0	0	12082	2008	0	0	0	0	838	504	26912	774	0	0	0	0	0	0	0	0	0	0	0	0	0	0	0	0	0	0	0	0	0	0	0	0	0	0	0	0	0	0	0	0	3380	0	0	6092	42268	5130	2716	1332	37018	1818	75760	5886	18892	1518	23482	1734	7204	1312	1248	0	1012	2884	9894	6740	8844	3260	2606	730	
613512	Cerebelum_Crus1_R	0	0	0	0	0	0	0	0	0	0	0	0	0	0	0	0	0	0	0	0	0	0	0	0	0	0	0	0	0	0	0	0	0	0	0	0	0	0	0	210	0	0	0	0	0	0	906	11130	0	0	0	0	0	154	112	15634	0	0	0	0	0	0	0	0	0	0	0	0	0	0	0	0	0	0	0	0	0	0	0	0	0	0	0	0	0	0	0	0	0	2440	6092	0	2530	43402	248	5130	4108	35502	7572	75754	1530	7486	2202	20156	2764	4686	0	396	654	3788	20558	14568	8048	3536	3720	1740	
376064	Cerebelum_Crus2_L	0	0	0	0	0	0	0	0	0	0	0	0	0	0	0	0	0	0	0	0	0	0	0	0	0	0	0	0	0	0	0	0	0	0	0	0	0	0	0	0	0	0	0	0	0	0	900	108	0	0	0	0	0	0	472	0	0	0	0	0	0	0	0	0	0	0	0	0	0	0	0	0	0	0	0	0	0	0	0	0	0	0	0	0	0	0	0	0	238	0	42268	2530	0	8334	162	550	1348	438	5186	780	46942	4406	42526	3260	12098	456	884	0	0	328	206	1042	7998	3898	674	0	
412084	Cerebelum_Crus2_R	0	0	0	0	0	0	0	0	0	0	0	0	0	0	0	0	0	0	0	0	0	0	0	0	0	0	0	0	0	0	0	0	0	0	0	0	0	0	0	170	0	0	0	0	0	0	0	86	0	0	0	0	0	0	0	686	0	0	0	0	0	0	0	0	0	0	0	0	0	0	0	0	0	0	0	0	0	0	0	0	0	0	0	0	0	0	0	0	0	158	5130	43402	8334	0	0	2504	80	5654	676	15270	5480	35614	7144	43356	774	8644	0	526	94	1048	180	874	11320	6248	2378	212	
59276	Cerebelum_3_L	0	0	0	0	0	0	0	0	0	0	0	0	0	0	0	0	0	0	0	0	0	0	0	0	0	0	0	0	0	0	0	0	0	0	0	0	98	0	530	0	0	0	0	0	0	0	0	0	0	0	0	0	0	0	408	0	0	0	0	0	0	0	0	0	0	0	0	0	0	0	0	0	0	0	0	0	0	0	0	0	0	0	0	0	0	0	0	0	0	0	2716	248	162	0	0	118	7004	0	3252	364	340	0	498	0	2806	282	94	0	1850	5272	2090	310	296	392	508	0	
115836	Cerebelum_3_R	0	0	0	0	0	0	0	0	0	0	0	0	0	0	0	0	0	0	0	0	0	0	0	0	0	0	0	0	0	0	0	0	0	0	0	0	0	0	0	0	0	0	0	0	0	0	0	0	0	0	0	0	0	0	0	90	0	0	0	0	0	0	0	0	0	0	0	0	0	0	0	0	0	0	0	0	0	0	0	0	0	0	0	0	0	0	0	0	0	0	1332	5130	550	2504	118	0	1070	6608	540	6264	580	94	2582	3040	606	5170	0	82	1196	6568	1522	424	3398	4286	4164	0	
409428	Cerebelum_4_5_L	0	0	0	0	0	0	0	0	0	0	0	0	0	0	0	0	0	0	0	0	0	0	0	0	0	0	0	0	0	0	0	0	0	0	0	0	280	0	1292	0	0	0	434	0	0	0	17482	4176	0	0	76	0	960	266	21554	990	0	0	0	0	0	0	0	0	0	0	0	0	0	0	0	0	0	0	0	0	0	0	0	0	0	0	0	0	0	0	0	0	424	0	37018	4108	1348	80	7004	1070	0	3726	50598	5486	1136	0	1836	376	4000	596	88	168	1780	4368	23740	3872	516	954	1364	1548	
355296	Cerebelum_4_5_R	0	0	0	0	0	0	0	0	0	0	0	0	0	0	0	0	0	0	0	0	0	0	0	0	0	0	0	0	0	162	0	0	0	0	0	86	0	1120	0	3016	0	0	0	188	0	0	1234	10456	0	0	0	970	0	2226	252	11710	0	0	0	0	0	0	0	0	0	0	0	112	0	0	0	0	0	312	0	0	0	0	0	0	0	0	0	0	0	384	0	0	0	0	1818	35502	438	5654	0	6608	3726	0	4176	44454	532	0	1508	4004	1500	1892	0	0	0	2726	22620	3986	1278	1190	876	932	
591600	Cerebelum_6_L	0	0	0	0	0	0	0	0	0	0	0	0	0	0	0	0	0	0	0	0	0	0	0	0	0	0	0	0	0	0	0	0	0	0	0	0	0	0	868	0	0	0	160	0	0	0	22284	6942	0	0	136	0	3408	972	36630	2244	0	0	0	0	0	0	0	0	0	0	0	0	0	0	0	0	0	0	0	0	0	0	0	0	0	0	0	0	0	0	0	0	1342	0	75760	7572	5186	676	3252	540	50598	4176	0	10358	2410	0	2632	292	7568	414	460	0	938	2542	21560	15978	3130	1022	1826	1924	
579480	Cerebelum_6_R	0	0	0	0	0	0	0	0	0	0	0	0	0	0	0	0	0	0	0	0	0	0	0	0	0	0	0	0	0	0	0	0	0	0	0	0	0	228	0	678	0	0	0	216	0	0	1432	16506	0	0	0	1194	0	3404	358	20438	0	0	0	0	0	0	0	0	0	0	0	76	0	0	0	0	0	0	0	0	0	0	0	0	0	0	0	0	0	446	0	0	0	580	5886	75754	780	15270	364	6264	5486	44454	10358	0	416	254	698	7682	2226	2988	0	544	922	4282	26596	19172	5248	2970	3794	1776	
347628	Cerebelum_7b_L	0	0	0	0	0	0	0	0	0	0	0	0	0	0	0	0	0	0	0	0	0	0	0	0	0	0	0	0	0	0	0	0	0	0	0	0	0	0	0	0	0	0	0	0	0	0	0	86	0	0	0	0	0	76	326	104	0	0	0	0	0	0	0	0	0	0	0	0	0	0	0	0	0	0	0	0	0	0	0	0	0	0	0	0	0	0	0	0	304	0	18892	1530	46942	5480	340	580	1136	532	2410	416	0	3860	52532	4762	18040	514	1908	0	86	564	402	326	4696	5944	1026	0	
248588	Cerebelum_7b_R	0	0	0	0	0	0	0	0	0	0	0	0	0	0	0	0	0	0	0	0	0	0	0	0	0	0	0	0	0	0	0	0	0	0	0	0	0	0	0	0	0	0	0	0	0	0	0	0	0	0	0	0	0	0	0	0	0	0	0	0	0	0	0	0	0	0	0	0	0	0	0	0	0	0	0	0	0	0	0	0	0	0	0	0	0	0	0	0	0	0	1518	7486	4406	35614	0	94	0	0	0	254	3860	0	4056	40972	322	14526	0	428	0	78	0	0	3708	5300	1484	188	
436088	Cerebelum_8_L	0	0	0	0	0	0	0	0	0	0	0	0	0	0	0	0	0	0	0	0	0	0	0	0	0	0	0	0	0	0	0	0	0	0	0	0	0	0	122	0	0	0	0	0	0	0	0	0	0	0	0	0	0	0	394	118	0	0	0	0	0	0	0	0	0	0	0	0	0	0	0	0	0	0	0	0	0	0	0	0	0	0	0	0	0	0	0	0	346	0	23482	2202	42526	7144	498	2582	1836	1508	2632	698	52532	4056	0	10206	28502	3200	3576	84	376	1730	350	624	8144	12742	5298	536	
400656	Cerebelum_8_R	0	0	0	0	0	0	0	0	0	0	0	0	0	0	0	0	0	0	0	0	0	0	0	0	0	0	0	0	0	0	0	0	0	0	0	0	0	0	0	106	0	0	0	0	0	0	0	0	0	0	0	0	0	0	0	714	0	0	0	0	0	0	0	0	0	0	0	0	0	0	0	0	0	0	0	0	0	0	0	0	0	0	0	0	0	0	0	0	0	0	1734	20156	3260	43356	0	3040	376	4004	292	7682	4762	40972	10206	0	2602	27958	0	3170	146	1694	468	362	5532	11088	6124	524	
236536	Cerebelum_9_L	0	0	0	0	0	0	0	0	0	0	0	0	0	0	0	0	0	0	0	0	0	0	0	0	0	0	0	0	0	0	0	0	0	0	0	0	0	0	138	0	0	0	0	0	0	0	108	712	0	0	0	0	0	0	112	238	0	0	0	0	0	0	0	0	0	0	0	0	0	0	0	0	0	0	0	0	0	0	0	0	0	0	0	0	0	0	0	0	0	0	7204	2764	12098	774	2806	606	4000	1500	7568	2226	18040	322	28502	2602	0	3352	4918	146	476	1576	2796	3218	1856	3134	3404	1072	
222160	Cerebelum_9_R	0	0	0	0	0	0	0	0	0	0	0	0	0	0	0	0	0	0	0	0	0	0	0	0	0	0	0	0	0	0	0	0	0	0	0	0	0	0	0	0	0	0	0	0	0	0	0	0	0	0	0	0	0	0	0	110	0	0	0	0	0	0	0	0	0	0	0	0	0	0	0	0	0	0	0	0	0	0	0	0	0	0	0	0	0	0	0	0	0	0	1312	4686	456	8644	282	5170	596	1892	414	2988	514	14526	3200	27958	3352	0	90	3338	1480	3920	880	1942	4550	6616	10204	1960	
26920	Cerebelum_10_L	0	0	0	0	0	0	0	0	0	0	0	0	0	0	0	0	0	0	0	0	0	0	0	0	0	0	0	0	0	0	0	0	0	0	0	0	0	0	0	0	0	0	0	0	0	0	0	0	0	0	0	0	0	0	0	0	0	0	0	0	0	0	0	0	0	0	0	0	0	0	0	0	0	0	0	0	0	0	0	0	0	0	0	0	0	0	0	0	0	0	1248	0	884	0	94	0	88	0	460	0	1908	0	3576	0	4918	90	0	0	0	114	0	80	0	0	0	0	
18900	Cerebelum_10_R	0	0	0	0	0	0	0	0	0	0	0	0	0	0	0	0	0	0	0	0	0	0	0	0	0	0	0	0	0	0	0	0	0	0	0	0	0	0	0	0	0	0	0	0	0	0	0	0	0	0	0	0	0	0	0	0	0	0	0	0	0	0	0	0	0	0	0	0	0	0	0	0	0	0	0	0	0	0	0	0	0	0	0	0	0	0	0	0	0	0	0	396	0	526	0	82	168	0	0	544	0	428	84	3170	146	3338	0	0	0	96	176	0	0	96	200	0	
49396	Vermis_1_2	0	0	0	0	0	0	0	0	0	0	0	0	0	0	0	0	0	0	0	0	0	0	0	0	0	0	0	0	0	0	0	0	0	0	0	0	0	0	202	0	0	0	0	0	0	0	0	0	0	0	0	0	0	0	0	0	0	0	0	0	0	0	0	0	0	0	0	0	0	0	0	0	0	0	0	0	0	0	0	0	0	0	0	0	0	0	0	0	0	0	1012	654	0	94	1850	1196	1780	0	938	922	86	0	376	146	476	1480	0	0	0	6590	2258	712	940	1308	1678	0	
137292	Vermis_3	0	0	0	0	0	0	0	0	0	0	0	0	0	0	0	0	0	0	0	0	0	0	0	0	0	0	0	0	0	0	0	0	0	0	0	0	252	0	922	0	0	0	0	0	0	0	0	0	0	0	0	0	0	0	140	0	0	0	0	0	0	0	0	0	0	0	0	0	0	0	0	0	104	0	0	0	0	0	0	0	0	0	0	0	0	0	0	0	0	0	2884	3788	328	1048	5272	6568	4368	2726	2542	4282	564	78	1730	1694	1576	3920	114	96	6590	0	5260	900	2788	3856	4256	0	
408128	Vermis_4_5	0	0	0	0	0	0	0	0	0	0	0	0	0	0	0	0	0	0	0	0	0	0	0	0	0	0	0	0	0	0	0	0	0	0	86	310	0	160	0	0	0	0	590	214	0	0	8724	13336	0	0	82	978	1788	2514	6636	5658	0	0	0	0	0	0	0	0	0	0	0	242	0	0	0	0	0	0	0	0	0	0	0	0	0	0	0	0	0	384	0	0	0	0	9894	20558	206	180	2090	1522	23740	22620	21560	26596	402	0	350	468	2796	880	0	176	2258	5260	0	12902	722	1198	2244	3740	
251072	Vermis_6	0	0	0	0	0	0	0	0	0	0	0	0	0	0	0	0	0	0	0	0	0	0	0	0	0	0	0	0	0	0	0	0	0	0	0	0	0	0	0	0	0	0	344	0	0	0	4296	8598	0	0	0	0	1248	1490	2708	3854	0	0	0	0	0	0	0	0	0	0	0	0	0	0	0	0	0	0	0	0	0	0	0	0	0	0	0	0	0	0	0	0	0	0	6740	14568	1042	874	310	424	3872	3986	15978	19172	326	0	624	362	3218	1942	80	0	712	900	12902	0	4308	2262	3588	4808	
208716	Vermis_7	0	0	0	0	0	0	0	0	0	0	0	0	0	0	0	0	0	0	0	0	0	0	0	0	0	0	0	0	0	0	0	0	0	0	0	0	0	0	0	0	0	0	0	0	0	0	202	82	0	0	0	0	0	0	96	0	0	0	0	0	0	0	0	0	0	0	0	0	0	0	0	0	0	0	0	0	0	0	0	0	0	0	0	0	0	0	0	0	0	0	8844	8048	7998	11320	296	3398	516	1278	3130	5248	4696	3708	8144	5532	1856	4550	0	0	940	2788	722	4308	0	9116	6344	1198	
