data	data	468500	194904	1.1168e+06	818820	85344	96284	498432	390856	60332	29548	305608	198044	268552	185516	168356	81380	267924	81564	537424	596508	66172	88504	431684	407356	30392	133848	43184	76384	891424	254196	224440	505720	182816	486152	198956	113196	258976	233108	82500	162392	35072	54140	355124	422820	303932	358208	336840	436352	287636	346580	618072	248400	179640	169484	484080	429220	376540	189604	219504	157016	361808	98940	208528	138988	185484	138348	515632	555676	165308	202940	313024	499624	500480	317916	69500	36192	163480	283032	93836	49424	416744	136976	102000	30388	493192	181800	19592	4416	318916	234960	521264	467572	313396	344892	34884	93180	343188	302392	495512	478888	221532	126136	313352	347648	144960	221272	29756	18412	23624	98268	300708	193696	249252	209000	187404	46496	
data	data	Precentral_L	Precentral_R	Frontal_Sup_L	Frontal_Sup_R	Frontal_Sup_Orb_L	Frontal_Sup_Orb_R	Frontal_Mid_L	Frontal_Mid_R	Frontal_Mid_Orb_L	Frontal_Mid_Orb_R	Frontal_Inf_Oper_L	Frontal_Inf_Oper_R	Frontal_Inf_Tri_L	Frontal_Inf_Tri_R	Frontal_Inf_Orb_L	Frontal_Inf_Orb_R	Rolandic_Oper_L	Rolandic_Oper_R	Supp_Motor_Area_L	Supp_Motor_Area_R	Olfactory_L	Olfactory_R	Frontal_Sup_Medial_L	Frontal_Sup_Medial_R	Frontal_Med_Orb_L	Frontal_Med_Orb_R	Rectus_L	Rectus_R	Insula_L	Insula_R	Cingulum_Ant_L	Cingulum_Ant_R	Cingulum_Mid_L	Cingulum_Mid_R	Cingulum_Post_L	Cingulum_Post_R	Hippocampus_L	Hippocampus_R	ParaHippocampal_L	ParaHippocampal_R	Amygdala_L	Amygdala_R	Calcarine_L	Calcarine_R	Cuneus_L	Cuneus_R	Lingual_L	Lingual_R	Occipital_Sup_L	Occipital_Sup_R	Occipital_Mid_L	Occipital_Mid_R	Occipital_Inf_L	Occipital_Inf_R	Fusiform_L	Fusiform_R	Postcentral_L	Postcentral_R	Parietal_Sup_L	Parietal_Sup_R	Parietal_Inf_L	Parietal_Inf_R	SupraMarginal_L	SupraMarginal_R	Angular_L	Angular_R	Precuneus_L	Precuneus_R	Paracentral_Lobule_L	Paracentral_Lobule_R	Caudate_L	Caudate_R	Putamen_L	Putamen_R	Pallidum_L	Pallidum_R	Thalamus_L	Thalamus_R	Heschl_L	Heschl_R	Temporal_Sup_L	Temporal_Sup_R	Temporal_Pole_Sup_L	Temporal_Pole_Sup_R	Temporal_Mid_L	Temporal_Mid_R	Temporal_Pole_Mid_L	Temporal_Pole_Mid_R	Temporal_Inf_L	Temporal_Inf_R	Cerebelum_Crus1_L	Cerebelum_Crus1_R	Cerebelum_Crus2_L	Cerebelum_Crus2_R	Cerebelum_3_L	Cerebelum_3_R	Cerebelum_4_5_L	Cerebelum_4_5_R	Cerebelum_6_L	Cerebelum_6_R	Cerebelum_7b_L	Cerebelum_7b_R	Cerebelum_8_L	Cerebelum_8_R	Cerebelum_9_L	Cerebelum_9_R	Cerebelum_10_L	Cerebelum_10_R	Vermis_1_2	Vermis_3	Vermis_4_5	Vermis_6	Vermis_7	Vermis_8	Vermis_9	Vermis_10	
468500	Precentral_L	0	1714	18808	2282	0	0	24284	1292	0	160	13024	806	856	288	0	754	8124	0	8680	6920	0	0	730	174	0	0	0	0	18540	124	92	376	474	3118	3280	418	3878	802	136	300	0	0	2058	0	1414	0	258	0	130	0	2770	0	2010	0	3410	0	29470	218	200	0	8856	90	3524	94	500	0	2246	0	21276	672	614	4834	1768	486	124	0	4690	4250	3818	0	7026	0	0	0	4976	0	0	0	2034	0	0	0	0	0	0	0	0	0	0	0	0	0	0	0	0	0	0	0	0	0	0	0	0	0	0	0	
194904	Precentral_R	1714	0	1918	4804	0	0	252	8054	0	0	0	6916	0	0	0	0	0	1056	1420	2200	0	0	0	0	0	0	0	0	968	5272	0	136	118	1812	140	228	632	1900	0	970	0	0	0	294	0	0	0	350	0	78	0	100	0	1436	84	1546	124	15402	0	428	0	1516	0	3982	0	228	110	3472	1948	4928	3222	436	4128	3390	426	274	350	1406	0	282	144	1816	0	0	0	1506	0	0	0	3536	0	0	0	0	0	0	0	0	0	0	0	0	0	0	0	0	0	0	0	0	0	0	0	0	0	0	
1.1168e+06	Frontal_Sup_L	18808	1918	0	17258	2452	106	76786	11448	908	126	21216	6130	23180	2224	4468	446	14082	346	63268	15554	0	0	47928	10144	460	344	0	0	67414	2446	11930	4986	7750	3352	474	84	5158	1138	318	534	630	0	0	0	156	0	0	0	82	0	0	0	0	0	672	122	6042	142	0	0	132	0	312	90	0	0	370	0	3384	154	13594	10322	28026	2960	4698	316	12082	7714	226	112	18100	154	1884	0	0	0	0	0	650	88	0	0	0	0	0	0	0	0	0	0	0	0	0	0	0	0	0	0	0	0	0	0	0	0	0	0	
818820	Frontal_Sup_R	2282	4804	17258	0	126	8318	3128	41518	278	1504	722	6686	482	12870	722	3968	348	1582	17856	61956	0	598	9618	35072	148	4390	0	1074	8274	6894	4876	32512	1552	24946	354	0	1752	1602	0	790	0	194	0	0	0	0	0	0	0	0	0	0	0	0	168	348	212	1050	0	148	102	376	0	974	0	158	0	80	322	90	7270	27114	6718	15146	932	2516	1666	20272	0	328	1188	528	248	0	0	90	0	0	102	210	0	0	0	0	0	0	0	0	0	0	0	0	0	0	0	0	0	0	0	0	0	0	0	0	0	0	
85344	Frontal_Sup_Orb_L	0	0	2452	126	0	0	182	0	6260	0	0	0	544	0	8862	0	0	0	0	0	1280	424	2266	292	2966	484	2464	130	3122	0	3568	132	0	0	0	0	0	0	0	0	0	0	0	0	0	0	0	0	0	0	0	0	0	0	0	0	0	0	0	0	0	0	0	0	0	0	0	0	0	0	838	284	5790	0	0	0	0	0	0	0	0	0	206	0	0	0	0	0	0	0	0	0	0	0	0	0	0	0	0	0	0	0	0	0	0	0	0	0	0	0	0	0	0	0	0	0	
96284	Frontal_Sup_Orb_R	0	0	106	8318	0	0	0	914	0	3136	0	0	0	520	0	4432	0	0	0	388	0	1574	86	2314	0	7776	0	7770	82	2282	0	1326	0	78	0	0	0	0	0	0	0	214	0	0	0	0	0	0	0	0	0	0	0	0	0	0	0	0	0	0	0	0	0	0	0	0	0	0	0	0	130	2040	0	4416	0	0	0	162	0	0	0	0	0	78	0	0	0	0	0	0	0	0	0	0	0	0	0	0	0	0	0	0	0	0	0	0	0	0	0	0	0	0	0	0	0	0	
498432	Frontal_Mid_L	24284	252	76786	3128	182	0	0	2484	1772	204	13234	1796	28592	314	4768	844	3622	108	7902	1804	0	0	17994	1846	0	0	0	0	22726	412	6198	2210	4606	770	142	0	764	188	0	108	0	0	0	0	0	0	0	0	0	0	0	0	0	0	0	0	2072	0	0	0	192	0	240	0	0	0	0	0	498	0	3510	2702	2104	600	210	0	1472	736	868	0	3404	0	568	0	0	0	0	0	0	0	0	0	0	0	0	0	0	0	0	0	0	0	0	0	0	0	0	0	0	0	0	0	0	0	0	0	
390856	Frontal_Mid_R	1292	8054	11448	41518	0	914	2484	0	192	948	742	7004	472	17342	746	2032	242	678	9672	7272	0	0	5698	8744	0	148	0	0	6468	4306	368	8766	268	10178	0	0	1526	1346	0	806	0	0	0	0	0	0	0	0	0	0	0	0	0	100	108	442	0	774	0	0	0	228	0	828	0	216	0	0	0	0	6248	6334	6514	5420	220	1390	120	2324	0	360	256	1008	288	0	0	172	0	0	0	404	0	0	0	0	0	0	0	0	0	0	0	0	0	0	0	0	0	0	0	0	0	0	0	0	0	0	
60332	Frontal_Mid_Orb_L	0	0	908	278	6260	0	1772	192	0	0	0	0	1428	0	11548	0	0	0	80	0	140	0	176	0	0	0	532	0	2540	0	378	0	0	0	0	0	0	0	0	0	0	0	0	0	0	0	0	0	0	0	0	0	0	0	0	0	0	0	0	0	0	0	0	0	0	0	0	0	0	0	908	180	2538	0	0	0	0	84	0	0	0	82	142	0	0	0	0	0	0	0	0	0	0	0	0	0	0	0	0	0	0	0	0	0	0	0	0	0	0	0	0	0	0	0	0	0	
29548	Frontal_Mid_Orb_R	160	0	126	1504	0	3136	204	948	0	0	0	0	0	404	150	4290	0	0	0	0	0	0	218	218	0	466	0	156	406	398	0	270	0	220	0	0	0	0	0	0	0	0	0	0	0	0	0	0	0	0	0	0	0	0	0	0	0	0	0	0	0	0	0	0	0	0	0	0	0	0	124	802	408	84	0	0	0	82	0	0	0	0	0	0	0	0	0	0	0	0	0	0	0	0	0	0	0	0	0	0	0	0	0	0	0	0	0	0	0	0	0	0	0	0	0	0	
305608	Frontal_Inf_Oper_L	13024	0	21216	722	0	0	13234	742	0	0	0	1466	20092	1336	82	114	13882	0	10706	174	0	0	2652	106	0	0	0	0	20562	0	1632	312	638	0	0	0	1232	1108	0	506	0	0	0	0	0	0	0	0	0	0	0	0	0	0	256	0	6594	0	0	0	254	0	506	0	0	0	0	0	238	0	2052	538	4020	1348	0	0	750	194	908	0	4112	0	5222	0	78	0	0	0	196	0	0	0	0	0	0	0	0	0	0	0	0	0	0	0	0	0	0	0	0	0	0	0	0	0	0	0	
198044	Frontal_Inf_Oper_R	806	6916	6130	6686	0	0	1796	7004	0	0	1466	0	232	12466	0	0	0	3676	4478	3432	0	0	300	164	0	0	0	0	4308	9338	344	1002	0	1610	0	0	868	2594	0	762	0	0	0	0	0	0	0	0	0	0	0	0	0	0	0	502	144	2680	0	0	0	258	0	448	0	124	0	0	0	0	4382	1808	3942	5540	0	314	130	938	0	126	88	588	0	256	0	96	0	0	0	280	0	0	0	0	0	0	0	0	0	0	0	0	0	0	0	0	0	0	0	0	0	0	0	0	0	0	
268552	Frontal_Inf_Tri_L	856	0	23180	482	544	0	28592	472	1428	0	20092	232	0	178	10428	110	1804	0	4214	84	106	0	4008	158	0	0	0	0	20466	0	1716	448	1516	0	0	0	226	606	0	358	0	0	0	0	0	0	0	0	0	0	0	0	0	0	0	0	238	0	0	0	0	0	0	0	0	0	0	0	0	0	1524	480	3614	688	0	0	608	140	0	0	954	0	3726	0	0	0	0	0	0	0	0	0	0	0	0	0	0	0	0	0	0	0	0	0	0	0	0	0	0	0	0	0	0	0	0	0	
185516	Frontal_Inf_Tri_R	288	0	2224	12870	0	520	314	17342	0	404	1336	12466	178	0	0	1940	0	0	3082	4410	0	0	1414	3454	0	88	0	0	1484	6566	392	6978	0	5228	0	0	0	210	0	0	0	0	0	0	0	0	0	0	0	0	0	0	0	0	0	0	124	0	0	0	0	0	0	0	0	0	0	0	0	0	2828	1542	3558	1260	0	110	0	148	0	0	0	0	0	0	0	0	0	0	0	0	0	0	0	0	0	0	0	0	0	0	0	0	0	0	0	0	0	0	0	0	0	0	0	0	0	0	
168356	Frontal_Inf_Orb_L	0	0	4468	722	8862	0	4768	746	11548	150	82	0	10428	0	0	246	0	0	444	0	1484	344	1318	346	314	100	994	112	15782	80	1466	520	258	152	0	0	236	0	0	0	366	0	0	0	0	0	0	0	0	0	0	0	0	0	0	0	0	0	0	0	0	0	0	0	0	0	0	0	0	0	2822	1250	11602	196	0	0	0	110	0	0	0	84	1778	0	0	0	0	0	0	0	0	0	0	0	0	0	0	0	0	0	0	0	0	0	0	0	0	0	0	0	0	0	0	0	0	0	
81380	Frontal_Inf_Orb_R	754	0	446	3968	0	4432	844	2032	0	4290	114	0	110	1940	246	0	0	0	320	132	0	1632	1074	1432	0	220	0	1738	1038	3734	0	1710	0	1160	0	0	106	0	0	148	0	106	0	0	0	0	0	0	0	0	0	0	0	0	0	0	0	0	0	0	0	0	0	0	0	0	0	0	0	0	338	3772	1094	1018	0	0	0	394	0	0	0	0	136	212	0	0	0	0	0	0	0	0	0	0	0	0	0	0	0	0	0	0	0	0	0	0	0	0	0	0	0	0	0	0	0	0	
267924	Rolandic_Oper_L	8124	0	14082	348	0	0	3622	242	0	0	13882	0	1804	0	0	0	0	0	6122	316	0	0	78	0	0	0	0	0	24738	0	0	0	132	166	1034	0	1094	0	0	0	0	0	986	0	588	0	0	0	0	0	1450	0	752	0	528	0	12750	0	1300	0	1592	0	1482	0	0	0	1478	0	274	0	548	766	1792	0	80	0	3218	760	4264	0	13384	0	3188	0	4284	0	0	0	2714	0	0	0	0	0	0	0	0	0	0	0	0	0	0	0	0	0	0	0	0	0	0	0	0	0	0	0	
81564	Rolandic_Oper_R	0	1056	346	1582	0	0	108	678	0	0	0	3676	0	0	0	0	0	0	0	1032	0	0	0	0	0	0	0	0	710	9582	0	0	0	258	0	84	280	1848	0	426	0	0	0	0	0	0	0	102	0	0	0	0	0	160	0	460	0	4692	0	0	0	0	0	3044	0	0	0	192	0	122	352	614	618	4082	96	520	0	204	0	740	242	1634	0	126	0	164	0	0	0	952	0	0	0	0	0	0	0	0	0	0	0	0	0	0	0	0	0	0	0	0	0	0	0	0	0	0	
537424	Supp_Motor_Area_L	8680	1420	63268	17856	0	0	7902	9672	80	0	10706	4478	4214	3082	444	320	6122	0	0	29636	0	0	9010	3690	0	86	0	0	17658	1388	1664	6190	4954	14354	682	596	860	858	0	404	0	0	80	0	336	0	0	0	136	0	106	0	0	0	216	120	614	132	0	0	0	0	0	90	0	0	592	152	4466	282	5146	4654	10964	1984	1424	276	986	2792	0	96	1600	122	978	0	0	0	0	0	0	94	0	0	0	0	0	0	0	0	0	0	0	0	0	0	0	0	0	0	0	0	0	0	0	0	0	0	
596508	Supp_Motor_Area_R	6920	2200	15554	61956	0	388	1804	7272	0	0	174	3432	84	4410	0	132	316	1032	29636	0	0	0	2416	9850	0	1508	0	0	5276	2338	3108	16602	2520	36020	476	3748	920	992	0	446	0	0	0	148	0	0	0	0	0	0	0	0	0	174	0	344	220	1056	0	0	114	86	0	196	0	0	154	1992	6302	5926	1956	20972	4178	8006	1552	1552	1864	16974	0	0	2404	88	0	0	0	116	0	0	0	350	0	0	0	0	0	0	0	0	0	0	0	0	0	0	0	0	0	0	0	0	0	0	0	0	0	0	
66172	Olfactory_L	0	0	0	0	1280	0	0	0	140	0	0	0	106	0	1484	0	0	0	0	0	0	4820	0	0	978	426	3344	1350	2964	0	2468	2092	0	0	0	0	162	0	82	0	512	0	0	0	0	0	0	0	0	0	0	0	0	0	0	0	0	0	0	0	0	0	0	0	0	0	0	0	0	0	5216	2874	1852	390	0	0	0	0	0	0	0	0	546	0	0	0	0	0	0	0	0	0	0	0	0	0	0	0	0	0	0	0	0	0	0	0	0	0	0	0	0	0	0	0	0	0	
88504	Olfactory_R	0	0	0	598	424	1574	0	0	0	0	0	0	0	0	344	1632	0	0	0	0	4820	0	0	104	308	2424	2858	4564	344	2970	2116	4074	0	0	0	0	0	0	0	386	0	826	0	0	0	0	0	0	0	0	0	0	0	0	0	0	0	0	0	0	0	0	0	0	0	0	0	0	0	0	5196	5186	1582	1546	0	0	0	0	0	0	0	0	0	376	0	0	0	0	0	0	0	0	0	0	0	0	0	0	0	0	0	0	0	0	0	0	0	0	0	0	0	0	0	0	0	0	
431684	Frontal_Sup_Medial_L	730	0	47928	9618	2266	86	17994	5698	176	218	2652	300	4008	1414	1318	1074	78	0	9010	2416	0	0	0	30812	1782	1072	98	0	2802	678	17176	21162	8938	14656	0	0	0	0	0	0	0	0	0	0	0	0	0	0	0	0	0	0	0	0	0	0	0	0	0	0	0	0	0	0	0	0	0	0	0	0	952	2308	4730	866	0	0	78	500	0	0	248	0	0	0	0	0	0	0	0	0	0	0	0	0	0	0	0	0	0	0	0	0	0	0	0	0	0	0	0	0	0	0	0	0	0	0	
407356	Frontal_Sup_Medial_R	174	0	10144	35072	292	2314	1846	8744	0	218	106	164	158	3454	346	1432	0	0	3690	9850	0	104	30812	0	526	7184	0	788	1214	1946	6696	35788	1448	20678	0	0	112	0	0	0	0	0	0	0	0	0	0	0	0	0	0	0	0	0	0	0	0	0	0	0	0	0	0	0	0	0	0	0	0	0	1286	9034	1578	5128	0	0	0	1352	0	0	0	0	0	0	0	0	0	0	0	0	0	0	0	0	0	0	0	0	0	0	0	0	0	0	0	0	0	0	0	0	0	0	0	0	0	0	
30392	Frontal_Med_Orb_L	0	0	460	148	2966	0	0	0	0	0	0	0	0	0	314	0	0	0	0	0	978	308	1782	526	0	804	802	154	228	0	3994	430	0	0	0	0	0	0	0	0	0	0	0	0	0	0	0	0	0	0	0	0	0	0	0	0	0	0	0	0	0	0	0	0	0	0	0	0	0	0	586	232	484	0	0	0	0	0	0	0	0	0	0	0	0	0	0	0	0	0	0	0	0	0	0	0	0	0	0	0	0	0	0	0	0	0	0	0	0	0	0	0	0	0	0	0	
133848	Frontal_Med_Orb_R	0	0	344	4390	484	7776	0	148	0	466	0	0	0	88	100	220	0	0	86	1508	426	2424	1072	7184	804	0	328	7912	178	370	1398	11218	0	106	0	0	0	0	0	0	0	0	0	0	0	0	0	0	0	0	0	0	0	0	0	0	0	0	0	0	0	0	0	0	0	0	0	0	0	0	664	7858	166	8860	0	0	0	346	0	0	0	0	0	0	0	0	0	0	0	0	0	0	0	0	0	0	0	0	0	0	0	0	0	0	0	0	0	0	0	0	0	0	0	0	0	0	
43184	Rectus_L	0	0	0	0	2464	0	0	0	532	0	0	0	0	0	994	0	0	0	0	0	3344	2858	98	0	802	328	0	788	586	0	1920	1344	0	0	0	0	0	0	0	0	0	0	0	0	0	0	0	0	0	0	0	0	0	0	0	0	0	0	0	0	0	0	0	0	0	0	0	0	0	0	2726	1680	778	212	0	0	0	0	0	0	0	0	138	0	0	0	0	0	0	0	0	0	0	0	0	0	0	0	0	0	0	0	0	0	0	0	0	0	0	0	0	0	0	0	0	0	
76384	Rectus_R	0	0	0	1074	130	7770	0	0	0	156	0	0	0	0	112	1738	0	0	0	0	1350	4564	0	788	154	7912	788	0	112	1812	556	3210	0	0	0	0	0	0	0	0	0	108	0	0	0	0	0	0	0	0	0	0	0	0	0	0	0	0	0	0	0	0	0	0	0	0	0	0	0	0	990	2944	250	1674	0	0	0	0	0	0	0	0	0	0	0	0	0	0	0	0	0	0	0	0	0	0	0	0	0	0	0	0	0	0	0	0	0	0	0	0	0	0	0	0	0	0	
891424	Insula_L	18540	968	67414	8274	3122	82	22726	6468	2540	406	20562	4308	20466	1484	15782	1038	24738	710	17658	5276	2964	344	2802	1214	228	178	586	112	0	1284	1216	1616	1310	1678	1148	116	18054	424	856	136	3120	0	1198	0	592	0	208	0	0	0	1524	0	1030	0	4798	0	10638	228	122	0	606	0	452	0	122	0	1322	0	600	0	16248	7240	36688	1432	3420	0	13736	4100	5806	84	33340	190	8984	0	3912	0	0	0	5144	0	0	0	0	0	0	0	0	0	0	0	0	0	0	0	0	0	0	0	0	0	0	0	0	0	0	0	
254196	Insula_R	124	5272	2446	6894	0	2282	412	4306	0	398	0	9338	0	6566	80	3734	0	9582	1388	2338	0	2970	678	1946	0	370	0	1812	1284	0	0	2656	0	832	0	0	686	6726	0	1832	0	2114	0	0	0	0	0	118	0	0	0	0	0	260	0	1714	0	1840	0	0	0	122	0	1166	0	330	0	176	0	156	2842	2666	3774	16958	0	480	0	818	0	3364	118	6364	0	892	0	2026	0	0	0	1760	0	0	0	0	0	0	0	88	0	0	0	0	0	0	0	0	0	0	0	0	0	0	0	0	0	0	
224440	Cingulum_Ant_L	92	0	11930	4876	3568	0	6198	368	378	0	1632	344	1716	392	1466	0	0	0	1664	3108	2468	2116	17176	6696	3994	1398	1920	556	1216	0	0	16850	4930	2978	1230	132	0	0	0	0	0	0	0	0	0	0	0	0	0	0	0	0	0	0	0	0	0	0	0	0	0	0	0	0	0	0	344	0	0	0	2464	2730	4166	944	0	0	0	180	0	0	0	0	0	0	0	0	0	0	0	0	0	0	0	0	0	0	0	0	0	0	0	0	0	0	0	0	0	0	0	0	0	0	0	0	0	0	
505720	Cingulum_Ant_R	376	136	4986	32512	132	1326	2210	8766	0	270	312	1002	448	6978	520	1710	0	0	6190	16602	2092	4074	21162	35788	430	11218	1344	3210	1616	2656	16850	0	2906	30092	82	0	120	202	0	0	0	0	0	0	0	0	0	0	0	0	0	0	0	0	0	0	0	0	0	0	0	0	0	0	0	0	0	0	0	0	3070	17530	2720	9372	0	138	0	1630	0	0	0	0	82	0	0	0	0	0	0	0	0	0	0	0	0	0	0	0	0	0	0	0	0	0	0	0	0	0	0	0	0	0	0	0	0	0	
182816	Cingulum_Mid_L	474	118	7750	1552	0	0	4606	268	0	0	638	0	1516	0	258	0	132	0	4954	2520	0	0	8938	1448	0	0	0	0	1310	0	4930	2906	0	10984	7916	2554	0	0	0	0	0	0	714	96	1894	0	548	0	1012	0	3414	0	0	0	1778	0	142	0	572	0	0	0	0	0	0	0	9624	2138	2142	0	0	0	220	0	204	0	0	0	0	0	132	0	0	0	1006	0	0	0	0	0	0	0	0	0	0	0	0	0	0	0	0	0	0	0	0	0	0	0	0	0	0	0	0	0	0	0	
486152	Cingulum_Mid_R	3118	1812	3352	24946	0	78	770	10178	0	220	0	1610	0	5228	152	1160	166	258	14354	36020	0	0	14656	20678	0	106	0	0	1678	832	2978	30092	10984	0	3344	9024	114	120	0	126	0	0	274	3052	628	952	0	744	128	214	154	396	0	534	82	682	0	1450	0	0	0	0	0	0	0	278	3842	11558	3576	8462	392	2776	1128	876	454	0	0	528	0	0	598	0	0	0	0	580	0	0	0	584	0	0	0	0	0	0	0	0	0	0	0	0	0	0	0	0	0	0	0	0	0	0	0	0	0	0	
198956	Cingulum_Post_L	3280	140	474	354	0	0	142	0	0	0	0	0	0	0	0	0	1034	0	682	476	0	0	0	0	0	0	0	0	1148	0	1230	82	7916	3344	0	5102	4086	416	1924	202	0	0	8874	270	6448	0	2026	162	358	0	5458	0	1188	0	3502	0	4372	0	418	0	2694	0	1674	0	264	0	14650	1678	3420	0	0	0	116	0	94	0	794	594	560	0	1366	0	0	0	5690	0	0	0	776	0	0	0	0	0	0	0	0	0	0	0	0	0	0	0	0	0	0	0	0	0	0	0	0	0	0	0	
113196	Cingulum_Post_R	418	228	84	0	0	0	0	0	0	0	0	0	0	0	0	0	0	84	596	3748	0	0	0	0	0	0	0	0	116	0	132	0	2554	9024	5102	0	714	3682	0	1710	0	0	252	1912	440	480	0	3020	112	0	0	0	0	952	0	1506	0	0	0	0	0	0	0	0	0	0	1828	11164	538	1774	0	0	0	0	0	0	250	1086	106	0	0	0	0	0	0	540	0	0	0	1844	0	0	0	0	0	0	0	0	0	0	0	0	0	0	0	0	0	0	0	0	602	0	0	0	0	0	
258976	Hippocampus_L	3878	632	5158	1752	0	0	764	1526	0	0	1232	868	226	0	236	106	1094	280	860	920	162	0	0	112	0	0	0	0	18054	686	0	120	0	114	4086	714	0	492	11646	256	6182	0	2538	0	104	0	4948	92	0	0	308	0	84	0	12096	0	1090	120	0	0	238	0	94	0	0	0	3600	0	0	0	468	2766	9370	244	1002	0	6630	3728	2530	0	5140	0	988	0	1042	0	0	0	7396	0	244	0	0	0	0	114	228	0	130	0	0	0	0	0	0	0	0	0	0	0	0	0	0	0	0	0	
233108	Hippocampus_R	802	1900	1138	1602	0	0	188	1346	0	0	1108	2594	606	210	0	0	0	1848	858	992	0	0	0	0	0	0	0	0	424	6726	0	202	0	120	416	3682	492	0	0	18508	0	6952	0	276	0	0	0	4240	0	0	0	0	0	602	0	16916	130	604	0	0	0	0	0	474	0	94	0	3906	522	478	816	262	820	13424	0	816	578	3904	94	298	0	2270	0	1370	0	1832	0	0	0	6242	0	250	0	0	0	90	0	1242	0	476	0	0	0	0	0	0	0	0	0	0	814	0	0	0	0	0	
82500	ParaHippocampal_L	136	0	318	0	0	0	0	0	0	0	0	0	0	0	0	0	0	0	0	0	82	0	0	0	0	0	0	0	856	0	0	0	0	0	1924	0	11646	0	0	0	1480	0	2140	0	100	0	6340	0	0	0	386	0	156	0	7448	0	0	0	0	0	0	0	0	0	0	0	3224	0	0	0	0	0	758	0	0	0	520	0	0	0	204	0	166	0	328	0	0	0	1186	0	282	0	0	0	206	128	530	0	628	0	78	0	0	0	0	0	0	0	0	0	0	0	0	0	0	0	
162392	ParaHippocampal_R	300	970	534	790	0	0	108	806	0	0	506	762	358	0	0	148	0	426	404	446	0	386	0	0	0	0	0	0	136	1832	0	0	0	126	202	1710	256	18508	0	0	0	5660	0	212	0	0	0	7014	0	0	0	0	0	730	0	18218	0	156	0	0	0	0	0	374	0	0	0	3166	118	254	328	108	356	4372	0	582	374	1286	0	78	0	776	0	1806	0	166	0	0	0	1414	0	318	0	104	0	182	0	2266	0	792	0	0	0	0	0	0	0	0	0	0	272	0	0	0	0	0	
35072	Amygdala_L	0	0	630	0	0	0	0	0	0	0	0	0	0	0	366	0	0	0	0	0	512	0	0	0	0	0	0	0	3120	0	0	0	0	0	0	0	6182	0	1480	0	0	0	0	0	0	0	0	0	0	0	0	0	0	0	2804	0	0	0	0	0	0	0	0	0	0	0	0	0	0	0	262	0	536	0	0	0	642	0	0	0	0	0	414	0	0	0	0	0	588	0	0	0	0	0	0	0	0	0	0	0	0	0	0	0	0	0	0	0	0	0	0	0	0	0	0	0	
54140	Amygdala_R	0	0	0	194	0	214	0	0	0	0	0	0	0	0	0	106	0	0	0	0	0	826	0	0	0	0	0	108	0	2114	0	0	0	0	0	0	0	6952	0	5660	0	0	0	0	0	0	0	0	0	0	0	0	0	0	0	5810	0	0	0	0	0	0	0	0	0	0	0	0	0	0	0	0	0	2218	0	0	0	78	0	0	0	0	0	2668	0	0	0	0	0	122	0	0	0	0	0	0	0	0	0	0	0	0	0	0	0	0	0	0	0	0	0	0	0	0	0	0	
355124	Calcarine_L	2058	0	0	0	0	0	0	0	0	0	0	0	0	0	0	0	986	0	80	0	0	0	0	0	0	0	0	0	1198	0	0	0	714	274	8874	252	2538	0	2140	0	0	0	0	6854	24912	3966	15838	3132	15374	984	27310	78	4248	98	4356	274	2610	0	614	0	1828	0	614	0	136	0	26372	710	1088	0	0	0	0	0	0	0	0	0	588	0	1132	0	0	0	12480	0	0	0	2762	0	0	0	0	0	0	0	0	0	90	0	0	0	0	0	0	0	0	0	0	0	0	0	0	0	0	0	
422820	Calcarine_R	0	294	0	0	0	0	0	0	0	0	0	0	0	0	0	0	0	0	0	148	0	0	0	0	0	0	0	0	0	0	0	0	96	3052	270	1912	0	276	0	212	0	0	6854	0	5310	37550	1352	31732	88	28644	0	10332	0	7958	0	12394	0	1388	0	3454	0	0	0	0	0	258	8060	36648	0	5578	0	0	0	0	0	0	0	0	0	0	0	86	0	0	0	2656	0	0	0	4106	0	0	0	0	0	0	0	0	0	212	0	0	0	0	0	0	0	0	0	0	490	0	0	0	0	0	
303932	Cuneus_L	1414	0	156	0	0	0	0	0	0	0	0	0	0	0	0	0	588	0	336	0	0	0	0	0	0	0	0	0	592	0	0	0	1894	628	6448	440	104	0	100	0	0	0	24912	5310	0	6078	2024	532	27096	1574	18890	0	496	0	1072	0	2472	0	4890	0	2508	0	600	0	402	0	27600	1894	1274	0	0	0	0	0	0	0	0	0	160	0	668	0	0	0	7560	0	0	0	1254	0	0	0	0	0	0	0	0	0	0	0	0	0	0	0	0	0	0	0	0	0	0	0	0	0	0	0	
358208	Cuneus_R	0	0	0	0	0	0	0	0	0	0	0	0	0	0	0	0	0	0	0	0	0	0	0	0	0	0	0	0	0	0	0	0	0	952	0	480	0	0	0	0	0	0	3966	37550	6078	0	320	10230	200	40704	0	11036	0	2762	0	3578	0	1024	0	11188	0	304	0	0	0	486	12286	33184	0	1876	0	0	0	0	0	0	0	0	0	0	0	0	0	0	0	354	0	0	0	546	0	0	0	0	0	0	0	0	0	0	0	0	0	0	0	0	0	0	0	0	0	0	0	0	0	0	
336840	Lingual_L	258	0	0	0	0	0	0	0	0	0	0	0	0	0	0	0	0	0	0	0	0	0	0	0	0	0	0	0	208	0	0	0	548	0	2026	0	4948	0	6340	0	0	0	15838	1352	2024	320	0	2100	6654	0	18100	0	9862	0	34024	302	78	0	0	0	0	0	0	0	0	0	8834	312	160	0	0	0	0	0	0	0	208	0	132	0	98	0	0	0	2166	0	0	0	912	0	12054	768	732	272	130	0	8160	606	17506	1220	82	0	114	202	210	152	0	0	0	0	2756	3626	1696	174	156	0	
436352	Lingual_R	0	350	0	0	0	0	0	0	0	0	0	0	0	0	0	0	0	102	0	0	0	0	0	0	0	0	0	0	0	118	0	0	0	744	162	3020	92	4240	0	7014	0	0	3132	31732	532	10230	2100	0	0	11950	0	6246	0	6564	794	26360	0	654	0	1718	0	0	0	78	0	122	2126	22176	0	2578	0	0	0	134	0	0	0	882	0	0	0	270	0	0	0	858	0	0	0	3158	2874	11042	798	2696	0	200	3008	8148	4672	14888	0	0	0	746	260	324	0	0	0	136	6222	8412	2578	370	350	216	
287636	Occipital_Sup_L	130	0	82	0	0	0	0	0	0	0	0	0	0	0	0	0	0	0	136	0	0	0	0	0	0	0	0	0	0	0	0	0	1012	128	358	112	0	0	0	0	0	0	15374	88	27096	200	6654	0	0	0	38216	0	3376	0	3262	0	1208	0	17316	0	5568	0	112	0	1670	0	20332	630	320	0	0	0	0	0	0	0	0	0	0	0	0	0	0	0	330	0	0	0	0	0	0	0	0	0	0	0	0	0	108	0	0	0	0	0	0	0	0	0	0	0	0	0	0	0	0	0	
346580	Occipital_Sup_R	0	78	0	0	0	0	0	0	0	0	0	0	0	0	0	0	0	0	0	0	0	0	0	0	0	0	0	0	0	0	0	0	0	214	0	0	0	0	0	0	0	0	984	28644	1574	40704	0	11950	0	0	0	24918	0	2942	0	4666	0	840	0	17726	0	912	0	0	0	5718	4510	22540	0	2340	0	0	0	0	0	0	0	0	0	126	0	192	0	0	0	1076	0	0	0	478	0	0	0	0	0	0	0	0	0	158	0	0	0	0	0	0	0	0	0	0	0	0	0	0	0	0	
618072	Occipital_Mid_L	2770	0	0	0	0	0	0	0	0	0	0	0	0	0	0	0	1450	0	106	0	0	0	0	0	0	0	0	0	1524	0	0	0	3414	154	5458	0	308	0	386	0	0	0	27310	0	18890	0	18100	0	38216	0	0	0	24656	0	18358	0	6328	0	18254	0	19698	0	5948	0	22456	0	23968	328	1924	0	0	0	0	0	0	0	0	0	1040	0	2094	0	0	0	37622	0	0	0	7528	0	0	0	0	0	0	0	0	0	626	0	0	0	0	0	0	0	0	0	0	0	0	122	0	0	0	0	
248400	Occipital_Mid_R	0	100	0	0	0	0	0	0	0	0	0	0	0	0	0	0	0	0	0	0	0	0	0	0	0	0	0	0	0	0	0	0	0	396	0	0	0	0	0	0	0	0	78	10332	0	11036	0	6246	0	24918	0	0	0	8278	0	5684	0	806	0	6748	0	4606	0	1978	0	18646	706	6476	0	1910	0	0	0	0	0	0	0	0	0	324	0	842	0	0	0	10954	0	0	0	3136	0	0	0	0	0	0	0	0	0	0	0	0	0	0	0	0	0	0	0	0	0	0	0	0	0	0	
179640	Occipital_Inf_L	2010	0	0	0	0	0	0	0	0	0	0	0	0	0	0	0	752	0	0	0	0	0	0	0	0	0	0	0	1030	0	0	0	0	0	1188	0	84	0	156	0	0	0	4248	0	496	0	9862	0	3376	0	24656	0	0	0	14798	0	838	0	202	0	938	0	1722	0	1460	0	1466	0	896	0	0	0	0	0	0	0	0	0	1690	0	1334	0	0	0	8924	0	0	0	5796	0	378	0	0	0	0	0	0	0	1202	0	0	0	0	0	0	0	0	0	0	0	0	218	100	0	0	0	
169484	Occipital_Inf_R	0	1436	0	0	0	0	0	100	0	0	0	0	0	0	0	0	0	160	0	174	0	0	0	0	0	0	0	0	0	260	0	0	0	534	0	952	0	602	0	730	0	0	98	7958	0	2762	0	6564	0	2942	0	8278	0	0	0	20348	0	284	0	268	0	0	0	136	0	140	334	5436	0	1716	0	0	0	0	0	0	0	0	0	0	0	414	0	0	0	5354	0	0	0	14742	0	372	0	0	0	0	0	0	0	688	0	0	0	0	0	0	0	0	0	0	0	622	338	0	0	0	
484080	Fusiform_L	3410	84	672	168	0	0	0	108	0	0	256	0	0	0	0	0	528	0	216	0	0	0	0	0	0	0	0	0	4798	0	0	0	1778	82	3502	0	12096	0	7448	0	2804	0	4356	0	1072	0	34024	794	3262	0	18358	0	14798	0	0	190	1392	0	500	0	1078	0	408	0	804	0	3678	80	1784	0	0	212	942	0	0	0	496	196	2536	0	3938	0	1948	0	4044	0	1246	0	14694	0	27022	532	1272	240	584	78	14478	554	31516	910	1004	0	766	186	294	150	0	0	0	130	2668	2898	1658	168	152	0	
429220	Fusiform_R	0	1546	122	348	0	0	0	442	0	0	0	502	0	0	0	0	0	460	120	344	0	0	0	0	0	0	0	0	0	1714	0	0	0	682	0	1506	0	16916	0	18218	0	5810	274	12394	0	3578	302	26360	0	4666	0	5684	0	20348	190	0	0	338	0	366	0	80	0	418	0	164	612	7672	0	1864	0	0	0	1624	0	114	0	122	0	152	0	2946	0	2944	0	4024	0	380	0	17904	912	11728	98	492	0	300	1582	9238	1498	16726	0	0	0	436	0	82	0	0	0	78	4006	2276	818	90	0	0	
376540	Postcentral_L	29470	124	6042	212	0	0	2072	0	0	0	6594	144	238	124	0	0	12750	0	614	220	0	0	0	0	0	0	0	0	10638	0	0	0	142	0	4372	0	1090	130	0	0	0	0	2610	0	2472	0	78	0	1208	0	6328	0	838	0	1392	0	0	98	10240	0	29376	0	12126	0	4110	0	6184	0	6236	0	182	3110	420	134	0	0	1266	2508	3134	0	8940	0	0	0	7222	0	0	0	3082	0	0	0	0	0	0	0	0	0	0	0	0	0	0	0	0	0	0	0	0	0	0	0	0	0	0	0	
189604	Postcentral_R	218	15402	142	1050	0	0	0	774	0	0	0	2680	0	0	0	0	0	4692	132	1056	0	0	0	0	0	0	0	0	228	1840	0	0	0	1450	0	0	120	604	0	156	0	0	0	1388	0	1024	0	654	0	840	0	806	0	284	0	338	98	0	0	4062	0	5998	0	13758	0	1254	0	10940	100	11552	1288	0	1566	1514	142	216	0	150	0	186	150	1326	0	0	0	1096	0	0	0	3528	0	0	0	0	0	0	0	0	0	0	0	0	0	0	0	0	0	0	0	0	0	0	0	0	0	0	
219504	Parietal_Sup_L	200	0	0	0	0	0	0	0	0	0	0	0	0	0	0	0	1300	0	0	0	0	0	0	0	0	0	0	0	122	0	0	0	572	0	418	0	0	0	0	0	0	0	614	0	4890	0	0	0	17316	0	18254	0	202	0	500	0	10240	0	0	0	18644	0	3206	0	7100	0	16854	130	616	0	0	0	0	0	0	0	0	0	0	0	1394	0	0	0	4506	0	0	0	2674	0	0	0	0	0	0	0	0	0	0	0	0	0	0	0	0	0	0	0	0	0	0	0	0	0	0	0	
157016	Parietal_Sup_R	0	428	0	148	0	0	0	0	0	0	0	0	0	0	0	0	0	0	0	0	0	0	0	0	0	0	0	0	0	0	0	0	0	0	0	0	0	0	0	0	0	0	0	3454	0	11188	0	1718	0	17726	0	6748	0	268	0	366	0	4062	0	0	0	6680	0	3262	0	7280	468	12542	0	1560	0	0	0	0	0	0	0	0	0	0	0	116	0	0	0	140	0	0	0	354	0	0	0	0	0	0	0	0	0	0	0	0	0	0	0	0	0	0	0	0	0	0	0	0	0	0	
361808	Parietal_Inf_L	8856	0	132	102	0	0	192	0	0	0	254	0	0	0	0	0	1592	0	0	114	0	0	0	0	0	0	0	0	606	0	0	0	0	0	2694	0	238	0	0	0	0	0	1828	0	2508	0	0	0	5568	0	19698	0	938	0	1078	0	29376	0	18644	0	0	0	28460	0	23480	0	4806	0	4994	0	0	0	0	0	0	0	176	128	0	0	2898	0	0	0	14780	0	0	0	6764	0	0	0	0	0	0	0	0	0	0	0	0	0	0	0	0	0	0	0	0	0	0	0	0	0	0	0	
98940	Parietal_Inf_R	90	1516	0	376	0	0	0	228	0	0	0	258	0	0	0	0	0	0	0	86	0	0	0	0	0	0	0	0	0	122	0	0	0	0	0	0	0	0	0	0	0	0	0	0	0	304	0	0	0	912	0	4606	0	0	0	80	0	5998	0	6680	0	0	0	14470	0	11150	0	276	0	284	0	0	0	0	0	0	0	0	0	172	0	742	0	0	0	78	0	0	0	1042	0	0	0	0	0	0	0	0	0	0	0	0	0	0	0	0	0	0	0	0	0	0	0	0	0	0	
208528	SupraMarginal_L	3524	0	312	0	0	0	240	0	0	0	506	0	0	0	0	0	1482	0	0	0	0	0	0	0	0	0	0	0	452	0	0	0	0	0	1674	0	94	0	0	0	0	0	614	0	600	0	0	0	112	0	5948	0	1722	0	408	0	12126	0	3206	0	28460	0	0	0	12792	0	1628	0	2440	0	0	0	0	0	0	0	0	0	92	0	7148	0	0	0	13976	0	0	0	4708	0	0	0	0	0	0	0	0	0	0	0	0	0	0	0	0	0	0	0	0	0	0	0	0	0	0	0	
138988	SupraMarginal_R	94	3982	90	974	0	0	0	828	0	0	0	448	0	0	0	0	0	3044	90	196	0	0	0	0	0	0	0	0	0	1166	0	0	0	0	0	0	0	474	0	374	0	0	0	0	0	0	0	78	0	0	0	1978	0	136	0	418	0	13758	0	3262	0	14470	0	0	0	7422	0	314	0	434	134	0	96	186	0	0	0	96	0	3072	0	9482	0	0	0	274	0	0	0	2124	0	0	0	0	0	0	0	0	0	0	0	0	0	0	0	0	0	0	0	0	0	0	0	0	0	0	
185484	Angular_L	500	0	0	0	0	0	0	0	0	0	0	0	0	0	0	0	0	0	0	0	0	0	0	0	0	0	0	0	122	0	0	0	0	0	264	0	0	0	0	0	0	0	136	0	402	0	0	0	1670	0	22456	0	1460	0	804	0	4110	0	7100	0	23480	0	12792	0	0	0	1546	0	1398	0	0	0	0	0	0	0	0	0	0	0	1500	0	0	0	11356	0	0	0	1646	0	0	0	0	0	0	0	0	0	0	0	0	0	0	0	0	0	0	0	0	0	0	0	0	0	0	0	
138348	Angular_R	0	228	0	158	0	0	0	216	0	0	0	124	0	0	0	0	0	0	0	0	0	0	0	0	0	0	0	0	0	330	0	0	0	278	0	0	0	94	0	0	0	0	0	258	0	486	0	122	0	5718	0	18646	0	140	0	164	0	1254	0	7280	0	11150	0	7422	0	0	0	1352	0	1022	0	0	0	0	0	0	0	0	0	1676	0	5452	0	0	0	5368	0	0	0	236	0	0	0	0	0	0	0	0	0	0	0	0	0	0	0	0	0	0	0	0	0	0	0	0	0	0	
515632	Precuneus_L	2246	110	370	0	0	0	0	0	0	0	0	0	0	0	0	0	1478	0	592	154	0	0	0	0	0	0	0	0	1322	0	344	0	9624	3842	14650	1828	3600	0	3224	0	0	0	26372	8060	27600	12286	8834	2126	20332	4510	23968	706	1466	334	3678	612	6184	0	16854	468	4806	0	1628	0	1546	0	0	17824	3442	1420	0	0	106	0	92	0	0	0	292	0	1938	0	0	0	13542	114	0	0	3156	0	0	0	0	0	0	0	136	0	0	0	0	0	0	0	0	0	0	0	0	0	0	0	0	0	0	0	
555676	Precuneus_R	0	3472	0	80	0	0	0	0	0	0	0	0	0	0	0	0	0	192	152	1992	0	0	0	0	0	0	0	0	0	176	0	0	2138	11558	1678	11164	0	3906	0	3166	0	0	710	36648	1894	33184	312	22176	630	22540	328	6476	0	5436	80	7672	0	10940	130	12542	0	276	0	314	0	1352	17824	0	242	28836	0	0	0	0	0	0	0	1164	0	310	0	1720	0	0	0	9178	0	0	0	11256	0	208	0	0	0	0	0	1516	0	398	0	0	0	0	0	0	0	0	0	0	1872	0	0	0	0	0	
165308	Paracentral_Lobule_L	21276	1948	3384	322	0	0	498	0	0	0	238	0	0	0	0	0	274	0	4466	6302	0	0	0	0	0	0	0	0	600	0	0	0	2142	3576	3420	538	0	522	0	118	0	0	1088	0	1274	0	160	0	320	0	1924	0	896	0	1784	0	6236	100	616	0	4994	0	2440	0	1398	0	3442	242	0	1180	0	1088	0	0	0	0	0	1002	0	0	538	0	0	0	1882	0	0	0	426	0	0	0	0	0	0	0	0	0	0	0	0	0	0	0	0	0	0	0	0	0	0	0	0	0	0	0	
202940	Paracentral_Lobule_R	672	4928	154	90	0	0	0	0	0	0	0	0	0	0	0	0	0	122	282	5926	0	0	0	0	0	0	0	0	0	156	0	0	0	8462	0	1774	0	478	0	254	0	0	0	5578	0	1876	0	2578	0	2340	0	1910	0	1716	0	1864	0	11552	0	1560	0	284	0	434	0	1022	1420	28836	1180	0	0	0	0	0	0	0	0	0	0	374	0	1848	0	0	0	6662	0	0	0	5138	0	0	0	0	0	0	0	0	0	0	0	0	0	0	0	0	0	0	0	0	0	0	0	0	0	0	
313024	Caudate_L	614	3222	13594	7270	838	130	3510	6248	908	124	2052	4382	1524	2828	2822	338	548	352	5146	1956	5216	5196	952	1286	586	664	2726	990	16248	2842	2464	3070	0	392	0	0	468	816	0	328	262	0	0	0	0	0	0	0	0	0	0	0	0	0	0	0	182	1288	0	0	0	0	0	134	0	0	0	0	0	0	0	9992	26938	3306	1366	288	5722	1962	0	86	418	194	1444	0	0	0	0	0	0	280	0	0	0	0	0	0	0	0	0	0	0	0	0	0	0	0	0	0	0	0	0	0	0	0	0	0	
499624	Caudate_R	4834	436	10322	27114	284	2040	2702	6334	180	802	538	1808	480	1542	1250	3772	766	614	4654	20972	2874	5186	2308	9034	232	7858	1680	2944	7240	2666	2730	17530	0	2776	0	0	2766	262	0	108	0	0	0	0	0	0	0	0	0	0	0	0	0	0	212	0	3110	0	0	0	0	0	0	0	0	0	0	0	1088	0	9992	0	11374	17258	1688	2662	3494	37028	228	0	1186	0	420	110	0	0	0	0	324	0	0	0	0	0	0	0	0	0	0	0	0	0	0	0	0	0	0	0	0	0	0	0	0	0	0	0	
500480	Putamen_L	1768	4128	28026	6718	5790	0	2104	6514	2538	408	4020	3942	3614	3558	11602	1094	1792	618	10964	4178	1852	1582	4730	1578	484	166	778	250	36688	3774	4166	2720	220	1128	116	0	9370	820	758	356	536	0	0	0	0	0	0	0	0	0	0	0	0	0	942	0	420	1566	0	0	0	0	0	96	0	0	106	0	0	0	26938	11374	0	3604	10202	532	4252	3680	0	0	6762	0	3686	0	0	0	0	0	352	280	0	0	0	0	0	0	0	0	0	0	0	0	0	0	0	0	0	0	0	0	0	0	0	0	0	0	
317916	Putamen_R	486	3390	2960	15146	0	4416	600	5420	0	84	1348	5540	688	1260	196	1018	0	4082	1984	8006	390	1546	866	5128	0	8860	212	1674	1432	16958	944	9372	0	876	0	0	244	13424	0	4372	0	2218	0	0	0	0	0	134	0	0	0	0	0	0	0	1624	134	1514	0	0	0	0	0	186	0	0	0	0	0	0	3306	17258	3604	0	0	3802	0	1618	0	0	0	0	0	168	0	0	0	0	0	372	0	0	0	0	0	0	0	98	0	0	0	0	0	0	0	0	0	0	0	0	0	0	0	0	0	0	
69500	Pallidum_L	124	426	4698	932	0	0	210	220	0	0	0	0	0	0	0	0	80	96	1424	1552	0	0	0	0	0	0	0	0	3420	0	0	0	204	454	94	0	1002	0	0	0	0	0	0	0	0	0	0	0	0	0	0	0	0	0	0	0	0	142	0	0	0	0	0	0	0	0	92	0	0	0	1366	1688	10202	0	0	0	2336	1184	0	0	2804	0	0	0	0	0	0	0	0	0	0	0	0	0	0	0	0	0	0	0	0	0	0	0	0	0	0	0	0	0	0	0	0	0	0	0	
36192	Pallidum_R	0	274	316	2516	0	0	0	1390	0	0	0	314	0	110	0	0	0	520	276	1552	0	0	0	0	0	0	0	0	0	480	0	138	0	0	0	0	0	816	0	582	0	0	0	0	0	0	0	0	0	0	0	0	0	0	0	114	0	216	0	0	0	0	0	0	0	0	0	0	0	0	288	2662	532	3802	0	0	0	1198	0	0	0	0	0	0	0	0	0	0	0	0	0	0	0	0	0	0	0	0	0	0	0	0	0	0	0	0	0	0	0	0	0	0	0	0	0	0	
163480	Thalamus_L	4690	350	12082	1666	0	0	1472	120	0	0	750	130	608	0	0	0	3218	0	986	1864	0	0	78	0	0	0	0	0	13736	0	0	0	0	0	794	250	6630	578	520	374	642	0	0	0	0	0	208	0	0	0	0	0	0	0	496	0	1266	0	0	0	176	0	0	0	0	0	0	0	0	0	5722	3494	4252	0	2336	0	0	5784	1720	0	3502	0	620	0	150	0	0	0	476	0	0	0	0	0	0	0	0	0	0	0	0	0	0	0	0	0	0	0	0	0	0	0	0	0	0	0	
283032	Thalamus_R	4250	1406	7714	20272	0	162	736	2324	84	82	194	938	140	148	110	394	760	204	2792	16974	0	0	500	1352	0	346	0	0	4100	818	180	1630	0	528	594	1086	3728	3904	0	1286	0	78	0	0	0	0	0	882	0	0	0	0	0	0	196	122	2508	150	0	0	128	0	0	96	0	0	0	1164	1002	0	1962	37028	3680	1618	1184	1198	5784	0	310	0	1094	98	102	0	0	280	0	0	332	364	0	0	0	0	0	0	0	110	0	0	0	0	0	0	0	0	0	0	0	0	310	0	0	0	0	0	
93836	Heschl_L	3818	0	226	0	0	0	868	0	0	0	908	0	0	0	0	0	4264	0	0	0	0	0	0	0	0	0	0	0	5806	0	0	0	0	0	560	106	2530	94	0	0	0	0	588	0	160	0	132	0	0	0	1040	0	1690	0	2536	0	3134	0	0	0	0	0	92	0	0	0	292	0	0	0	0	228	0	0	0	0	1720	310	0	0	6422	0	0	0	2962	0	0	0	6232	0	200	0	0	0	0	0	0	0	0	0	0	0	0	0	0	0	0	0	0	0	0	0	0	0	0	0	
49424	Heschl_R	0	282	112	328	0	0	0	360	0	0	0	126	0	0	0	0	0	740	96	0	0	0	0	0	0	0	0	0	84	3364	0	0	0	0	0	0	0	298	0	78	0	0	0	0	0	0	0	0	0	126	0	324	0	0	0	152	0	186	0	0	0	172	0	3072	0	1676	0	310	0	374	86	0	0	0	0	0	0	0	0	0	0	10632	0	0	0	1548	0	0	0	186	0	0	0	0	0	0	0	0	0	0	0	0	0	0	0	0	0	0	0	0	0	0	0	0	0	0	
416744	Temporal_Sup_L	7026	144	18100	1188	0	0	3404	256	0	0	4112	88	954	0	0	0	13384	242	1600	2404	0	0	248	0	0	0	0	0	33340	118	0	0	132	598	1366	0	5140	0	204	0	0	0	1132	0	668	0	98	0	0	0	2094	0	1334	0	3938	0	8940	150	1394	0	2898	0	7148	0	1500	0	1938	0	538	0	418	1186	6762	0	2804	0	3502	1094	6422	0	0	0	3652	0	31776	0	0	0	22422	0	396	0	0	0	0	0	0	0	120	0	0	0	0	0	0	0	0	0	0	0	0	0	0	0	0	0	
136976	Temporal_Sup_R	0	1816	154	528	0	0	0	1008	82	0	0	588	0	0	84	0	0	1634	122	88	0	0	0	0	0	0	0	0	190	6364	0	0	0	0	0	0	0	2270	0	776	0	0	0	86	0	0	0	270	0	192	0	842	0	414	0	2946	0	1326	0	116	0	742	0	9482	0	5452	0	1720	0	1848	194	0	0	0	0	0	0	98	0	10632	0	0	0	152	0	10184	0	0	0	6088	0	0	0	0	0	0	0	0	0	0	0	0	0	0	0	0	0	0	0	0	0	0	0	0	0	0	
102000	Temporal_Pole_Sup_L	0	0	1884	248	206	0	568	288	142	0	5222	0	3726	0	1778	136	3188	0	978	0	546	0	0	0	0	0	138	0	8984	0	0	82	0	0	0	0	988	0	166	0	414	0	0	0	0	0	0	0	0	0	0	0	0	0	1948	0	0	0	0	0	0	0	0	0	0	0	0	0	0	0	1444	420	3686	0	0	0	620	102	0	0	3652	0	0	0	3574	0	2640	0	3232	0	0	0	0	0	0	0	0	0	0	0	0	0	0	0	0	0	0	0	0	0	0	0	0	0	0	0	
30388	Temporal_Pole_Sup_R	0	0	0	0	0	78	0	0	0	0	0	256	0	0	0	212	0	126	0	0	0	376	0	0	0	0	0	0	0	892	0	0	0	0	0	0	0	1370	0	1806	0	2668	0	0	0	0	0	0	0	0	0	0	0	0	0	2944	0	0	0	0	0	0	0	0	0	0	0	0	0	0	0	110	0	168	0	0	0	0	0	0	0	152	0	0	0	1532	0	938	0	1566	0	0	0	0	0	0	0	0	0	0	0	0	0	0	0	0	0	0	0	0	0	0	0	0	0	0	
493192	Temporal_Mid_L	4976	0	0	0	0	0	0	0	0	0	78	0	0	0	0	0	4284	0	0	0	0	0	0	0	0	0	0	0	3912	0	0	0	1006	0	5690	0	1042	0	328	0	0	0	12480	0	7560	0	2166	0	330	0	37622	0	8924	0	4044	0	7222	0	4506	0	14780	0	13976	0	11356	0	13542	0	1882	0	0	0	0	0	0	0	150	0	2962	0	31776	0	3574	0	0	0	3208	0	43220	0	0	0	0	0	0	0	0	0	0	0	0	0	0	0	0	0	0	0	0	0	0	0	0	0	0	0	
181800	Temporal_Mid_R	0	1506	0	90	0	0	0	172	0	0	0	96	0	0	0	0	0	164	0	116	0	0	0	0	0	0	0	0	0	2026	0	0	0	580	0	540	0	1832	0	166	0	0	0	2656	0	354	0	858	0	1076	0	10954	0	5354	0	4024	0	1096	0	140	0	78	0	274	0	5368	114	9178	0	6662	0	0	0	0	0	0	0	280	0	1548	0	10184	0	1532	0	0	0	538	0	21344	0	0	0	0	0	0	0	0	0	0	0	0	0	0	0	0	0	0	0	0	0	0	0	0	0	0	
19592	Temporal_Pole_Mid_L	0	0	0	0	0	0	0	0	0	0	0	0	0	0	0	0	0	0	0	0	0	0	0	0	0	0	0	0	0	0	0	0	0	0	0	0	0	0	0	0	0	0	0	0	0	0	0	0	0	0	0	0	0	0	1246	0	0	0	0	0	0	0	0	0	0	0	0	0	0	0	0	0	0	0	0	0	0	0	0	0	0	0	2640	0	3208	0	0	0	2702	0	0	0	0	0	0	0	0	0	0	0	0	0	0	0	0	0	0	0	0	0	0	0	0	0	0	0	
4416	Temporal_Pole_Mid_R	0	0	0	0	0	0	0	0	0	0	0	0	0	0	0	0	0	0	0	0	0	0	0	0	0	0	0	0	0	0	0	0	0	0	0	0	0	0	0	0	0	0	0	0	0	0	0	0	0	0	0	0	0	0	0	380	0	0	0	0	0	0	0	0	0	0	0	0	0	0	0	0	0	0	0	0	0	0	0	0	0	0	0	938	0	538	0	0	0	352	0	0	0	0	0	0	0	0	0	0	0	0	0	0	0	0	0	0	0	0	0	0	0	0	0	0	
318916	Temporal_Inf_L	2034	0	650	102	0	0	0	0	0	0	196	0	0	0	0	0	2714	0	0	0	0	0	0	0	0	0	0	0	5144	0	0	0	0	0	776	0	7396	0	1186	0	588	0	2762	0	1254	0	912	0	0	0	7528	0	5796	0	14694	0	3082	0	2674	0	6764	0	4708	0	1646	0	3156	0	426	0	0	324	352	0	0	0	476	332	6232	0	22422	0	3232	0	43220	0	2702	0	0	0	2766	0	86	0	0	0	200	0	926	0	0	0	0	0	0	0	0	0	0	0	0	0	0	0	0	0	
234960	Temporal_Inf_R	0	3536	88	210	0	0	0	404	0	0	0	280	0	0	0	0	0	952	94	350	0	0	0	0	0	0	0	0	0	1760	0	0	0	584	0	1844	0	6242	0	1414	0	122	0	4106	0	546	0	3158	0	478	0	3136	0	14742	0	17904	0	3528	0	354	0	1042	0	2124	0	236	0	11256	0	5138	280	0	280	372	0	0	0	364	0	186	0	6088	0	1566	0	21344	0	352	0	0	0	1020	0	0	0	0	0	0	0	0	0	0	0	0	0	0	0	0	0	0	0	0	0	0	0	0	
521264	Cerebelum_Crus1_L	0	0	0	0	0	0	0	0	0	0	0	0	0	0	0	0	0	0	0	0	0	0	0	0	0	0	0	0	0	0	0	0	0	0	0	0	244	0	282	0	0	0	0	0	0	0	12054	2874	0	0	0	0	378	0	27022	912	0	0	0	0	0	0	0	0	0	0	0	0	0	0	0	0	0	0	0	0	0	0	200	0	396	0	0	0	0	0	0	0	2766	0	0	1182	36388	500	2090	704	33876	2644	67822	3062	11576	78	17308	498	5220	798	1570	0	976	1836	13572	5810	3554	750	1062	628	
467572	Cerebelum_Crus1_R	0	0	0	0	0	0	0	0	0	0	0	0	0	0	0	0	0	0	0	0	0	0	0	0	0	0	0	0	0	0	0	0	0	0	0	0	0	250	0	318	0	0	0	0	0	0	768	11042	0	0	0	0	0	372	532	11728	0	0	0	0	0	0	0	0	0	0	0	208	0	0	0	0	0	0	0	0	0	0	0	0	0	0	0	0	0	0	0	0	0	1020	1182	0	2686	41656	0	3436	2194	19458	2058	56382	370	6066	492	22040	0	5610	0	480	0	2186	9380	8398	13118	5366	4912	78	
313396	Cerebelum_Crus2_L	0	0	0	0	0	0	0	0	0	0	0	0	0	0	0	0	0	0	0	0	0	0	0	0	0	0	0	0	0	0	0	0	0	0	0	0	0	0	0	0	0	0	0	0	0	0	732	798	0	0	0	0	0	0	1272	98	0	0	0	0	0	0	0	0	0	0	0	0	0	0	0	0	0	0	0	0	0	0	0	0	0	0	0	0	0	0	0	0	86	0	36388	2686	0	4612	1050	474	4420	574	10310	2256	30970	836	32410	2040	8048	1124	1752	0	450	1086	1126	1984	4882	2432	1422	380	
344892	Cerebelum_Crus2_R	0	0	0	0	0	0	0	0	0	0	0	0	0	0	0	0	0	0	0	0	0	0	0	0	0	0	0	0	0	0	0	0	0	0	0	0	0	0	0	104	0	0	0	0	0	0	272	2696	0	0	0	0	0	0	240	492	0	0	0	0	0	0	0	0	0	0	0	0	0	0	0	0	0	0	0	0	0	0	0	0	0	0	0	0	0	0	0	0	0	0	500	41656	4612	0	0	1400	88	5148	382	16474	1000	20288	1312	34470	110	8438	0	706	0	1280	1300	2692	14014	6926	5846	0	
34884	Cerebelum_3_L	0	0	0	0	0	0	0	0	0	0	0	0	0	0	0	0	0	0	0	0	0	0	0	0	0	0	0	0	0	0	0	0	0	0	0	0	0	0	206	0	0	0	0	0	0	0	130	0	0	0	0	0	0	0	584	0	0	0	0	0	0	0	0	0	0	0	0	0	0	0	0	0	0	0	0	0	0	0	0	0	0	0	0	0	0	0	0	0	0	0	2090	0	1050	0	0	0	5680	0	2560	0	352	0	942	0	1112	0	108	0	802	1114	620	92	0	0	0	0	
93180	Cerebelum_3_R	0	0	0	0	0	0	0	0	0	0	0	0	0	0	0	0	0	0	0	0	0	0	0	0	0	0	0	0	0	0	0	0	0	0	0	0	114	90	128	182	0	0	0	0	0	0	0	200	0	0	0	0	0	0	78	300	0	0	0	0	0	0	0	0	0	0	0	0	0	0	0	0	0	0	0	0	0	0	0	0	0	0	0	0	0	0	0	0	0	0	704	3436	474	1400	0	0	912	5992	572	6260	0	80	196	1846	298	2578	0	0	130	6046	3470	1696	2972	2980	2582	874	
343188	Cerebelum_4_5_L	0	0	0	0	0	0	0	0	0	0	0	0	0	0	0	0	0	0	0	0	0	0	0	0	0	0	0	0	0	0	0	0	0	0	0	0	228	0	530	0	0	0	0	0	0	0	8160	3008	0	0	0	0	0	0	14478	1582	0	0	0	0	0	0	0	0	0	0	136	0	0	0	0	0	0	0	0	0	0	0	0	0	0	0	0	0	0	0	0	0	200	0	33876	2194	4420	88	5680	912	0	5030	45166	4996	3160	0	4060	240	2258	288	342	0	1754	2676	20538	3622	196	126	446	1204	
302392	Cerebelum_4_5_R	0	0	0	0	0	0	0	0	0	0	0	0	0	0	0	0	0	0	0	0	0	0	0	0	0	0	0	0	0	88	0	0	0	0	0	0	0	1242	0	2266	0	0	0	0	0	0	606	8148	0	0	0	0	0	0	554	9238	0	0	0	0	0	0	0	0	0	0	0	1516	0	0	0	0	0	98	0	0	0	110	0	0	0	0	0	0	0	0	0	0	0	0	2644	19458	574	5148	0	5992	5030	0	3716	34616	110	348	354	5320	230	4046	0	192	0	2996	17038	3056	5772	5510	4846	334	
495512	Cerebelum_6_L	0	0	0	0	0	0	0	0	0	0	0	0	0	0	0	0	0	0	0	0	0	0	0	0	0	0	0	0	0	0	0	0	0	0	0	0	130	0	628	0	0	0	90	0	0	0	17506	4672	108	0	626	0	1202	0	31516	1498	0	0	0	0	0	0	0	0	0	0	0	0	0	0	0	0	0	0	0	0	0	0	0	0	120	0	0	0	0	0	0	0	926	0	67822	2058	10310	382	2560	572	45166	3716	0	4952	4766	0	5446	342	3730	708	902	0	958	1610	17456	9532	3134	486	942	1184	
478888	Cerebelum_6_R	0	0	0	0	0	0	0	0	0	0	0	0	0	0	0	0	0	0	0	0	0	0	0	0	0	0	0	0	0	0	0	0	0	0	0	0	0	476	0	792	0	0	0	212	0	0	1220	14888	0	158	0	0	0	688	910	16726	0	0	0	0	0	0	0	0	0	0	0	398	0	0	0	0	0	0	0	0	0	0	0	0	0	0	0	0	0	0	0	0	0	0	3062	56382	2256	16474	0	6260	4996	34616	4952	0	180	2082	338	12086	428	5062	0	600	0	2824	15764	11986	11554	5358	5248	468	
221532	Cerebelum_7b_L	0	0	0	0	0	0	0	0	0	0	0	0	0	0	0	0	0	0	0	0	0	0	0	0	0	0	0	0	0	0	0	0	0	0	0	0	0	0	78	0	0	0	0	0	0	0	82	0	0	0	0	0	0	0	1004	0	0	0	0	0	0	0	0	0	0	0	0	0	0	0	0	0	0	0	0	0	0	0	0	0	0	0	0	0	0	0	0	0	0	0	11576	370	30970	1000	352	0	3160	110	4766	180	0	1020	34912	4404	6592	872	1012	78	210	356	488	0	972	4908	1294	0	
126136	Cerebelum_7b_R	0	0	0	0	0	0	0	0	0	0	0	0	0	0	0	0	0	0	0	0	0	0	0	0	0	0	0	0	0	0	0	0	0	0	0	0	0	0	0	0	0	0	0	0	0	0	0	0	0	0	0	0	0	0	0	0	0	0	0	0	0	0	0	0	0	0	0	0	0	0	0	0	0	0	0	0	0	0	0	0	0	0	0	0	0	0	0	0	0	0	78	6066	836	20288	0	80	0	348	0	2082	1020	0	1386	20554	132	3934	0	258	0	78	0	0	1978	2456	1494	0	
313352	Cerebelum_8_L	0	0	0	0	0	0	0	0	0	0	0	0	0	0	0	0	0	0	0	0	0	0	0	0	0	0	0	0	0	0	0	0	0	0	0	0	0	0	0	0	0	0	0	0	0	0	114	0	0	0	0	0	0	0	766	0	0	0	0	0	0	0	0	0	0	0	0	0	0	0	0	0	0	0	0	0	0	0	0	0	0	0	0	0	0	0	0	0	0	0	17308	492	32410	1312	942	196	4060	354	5446	338	34912	1386	0	6388	26340	2924	3318	480	410	766	934	124	2142	8330	4260	224	
347648	Cerebelum_8_R	0	0	0	0	0	0	0	0	0	0	0	0	0	0	0	0	0	0	0	0	0	0	0	0	0	0	0	0	0	0	0	0	0	0	0	0	0	0	0	0	0	0	0	0	0	0	202	746	0	0	0	0	0	0	186	436	0	0	0	0	0	0	0	0	0	0	0	0	0	0	0	0	0	0	0	0	0	0	0	0	0	0	0	0	0	0	0	0	0	0	498	22040	2040	34470	0	1846	240	5320	342	12086	4404	20554	6388	0	800	24292	136	1160	0	1710	1688	752	10072	12916	8346	154	
144960	Cerebelum_9_L	0	0	0	0	0	0	0	0	0	0	0	0	0	0	0	0	0	0	0	0	0	0	0	0	0	0	0	0	0	0	0	0	0	0	0	0	0	0	0	0	0	0	0	0	0	0	210	260	0	0	0	0	0	0	294	0	0	0	0	0	0	0	0	0	0	0	0	0	0	0	0	0	0	0	0	0	0	0	0	0	0	0	0	0	0	0	0	0	0	0	5220	0	8048	110	1112	298	2258	230	3730	428	6592	132	26340	800	0	2348	4872	152	98	366	792	1394	816	1620	2846	1114	
221272	Cerebelum_9_R	0	0	0	0	0	0	0	0	0	0	0	0	0	0	0	0	0	0	0	0	0	0	0	0	0	0	0	0	0	0	0	0	0	0	0	0	0	0	0	0	0	0	0	0	0	0	152	324	0	0	0	0	0	0	150	82	0	0	0	0	0	0	0	0	0	0	0	0	0	0	0	0	0	0	0	0	0	0	0	0	0	0	0	0	0	0	0	0	0	0	798	5610	1124	8438	0	2578	288	4046	708	5062	872	3934	2924	24292	2348	0	180	2400	0	2436	2372	3380	8986	10972	13130	3050	
29756	Cerebelum_10_L	0	0	0	0	0	0	0	0	0	0	0	0	0	0	0	0	0	0	0	0	0	0	0	0	0	0	0	0	0	0	0	0	0	0	0	0	0	0	0	0	0	0	0	0	0	0	0	0	0	0	0	0	0	0	0	0	0	0	0	0	0	0	0	0	0	0	0	0	0	0	0	0	0	0	0	0	0	0	0	0	0	0	0	0	0	0	0	0	0	0	1570	0	1752	0	108	0	342	0	902	0	1012	0	3318	136	4872	180	0	0	0	0	0	0	210	198	278	0	
18412	Cerebelum_10_R	0	0	0	0	0	0	0	0	0	0	0	0	0	0	0	0	0	0	0	0	0	0	0	0	0	0	0	0	0	0	0	0	0	0	0	0	0	0	0	0	0	0	0	0	0	0	0	0	0	0	0	0	0	0	0	0	0	0	0	0	0	0	0	0	0	0	0	0	0	0	0	0	0	0	0	0	0	0	0	0	0	0	0	0	0	0	0	0	0	0	0	480	0	706	0	0	0	192	0	600	78	258	480	1160	152	2400	0	0	0	0	0	0	558	998	1144	0	
23624	Vermis_1_2	0	0	0	0	0	0	0	0	0	0	0	0	0	0	0	0	0	0	0	0	0	0	0	0	0	0	0	0	0	0	0	0	0	0	0	0	0	0	0	0	0	0	0	0	0	0	0	0	0	0	0	0	0	0	0	0	0	0	0	0	0	0	0	0	0	0	0	0	0	0	0	0	0	0	0	0	0	0	0	0	0	0	0	0	0	0	0	0	0	0	976	0	450	0	802	130	1754	0	958	0	210	0	410	0	98	0	0	0	0	3642	2268	114	0	0	0	0	
98268	Vermis_3	0	0	0	0	0	0	0	0	0	0	0	0	0	0	0	0	0	0	0	0	0	0	0	0	0	0	0	0	0	0	0	0	0	0	0	0	0	0	0	0	0	0	0	0	0	0	0	136	0	0	0	0	0	0	130	78	0	0	0	0	0	0	0	0	0	0	0	0	0	0	0	0	0	0	0	0	0	0	0	0	0	0	0	0	0	0	0	0	0	0	1836	2186	1086	1280	1114	6046	2676	2996	1610	2824	356	78	766	1710	366	2436	0	0	3642	0	5438	1438	2698	2860	2430	918	
