data	data	737004	307664	657232	1.19064e+06	137916	86060	673724	346744	75384	32044	328928	206500	301960	124648	112384	80004	373028	185744	873876	1.23199e+06	83044	116084	350676	375312	40948	88008	48944	59532	984840	540152	300124	494920	154792	575156	180352	175416	500884	590956	200536	398804	57416	118200	285512	247328	154880	225256	598744	432756	148960	262044	458068	273516	182480	189880	843248	860136	338764	168308	174932	141680	269424	99504	166352	138744	112460	166748	297804	312580	190704	159260	416824	794912	499260	683516	126576	33416	174004	248824	98412	21408	280112	163336	74368	94248	367076	234348	40296	26148	390364	243068	837236	716016	529904	336260	146120	170048	750616	453404	949996	906208	284940	182036	323312	435064	271204	360540	35920	17524	87944	219240	767264	622160	510556	384288	430508	221572	
data	data	Precentral_L	Precentral_R	Frontal_Sup_L	Frontal_Sup_R	Frontal_Sup_Orb_L	Frontal_Sup_Orb_R	Frontal_Mid_L	Frontal_Mid_R	Frontal_Mid_Orb_L	Frontal_Mid_Orb_R	Frontal_Inf_Oper_L	Frontal_Inf_Oper_R	Frontal_Inf_Tri_L	Frontal_Inf_Tri_R	Frontal_Inf_Orb_L	Frontal_Inf_Orb_R	Rolandic_Oper_L	Rolandic_Oper_R	Supp_Motor_Area_L	Supp_Motor_Area_R	Olfactory_L	Olfactory_R	Frontal_Sup_Medial_L	Frontal_Sup_Medial_R	Frontal_Med_Orb_L	Frontal_Med_Orb_R	Rectus_L	Rectus_R	Insula_L	Insula_R	Cingulum_Ant_L	Cingulum_Ant_R	Cingulum_Mid_L	Cingulum_Mid_R	Cingulum_Post_L	Cingulum_Post_R	Hippocampus_L	Hippocampus_R	ParaHippocampal_L	ParaHippocampal_R	Amygdala_L	Amygdala_R	Calcarine_L	Calcarine_R	Cuneus_L	Cuneus_R	Lingual_L	Lingual_R	Occipital_Sup_L	Occipital_Sup_R	Occipital_Mid_L	Occipital_Mid_R	Occipital_Inf_L	Occipital_Inf_R	Fusiform_L	Fusiform_R	Postcentral_L	Postcentral_R	Parietal_Sup_L	Parietal_Sup_R	Parietal_Inf_L	Parietal_Inf_R	SupraMarginal_L	SupraMarginal_R	Angular_L	Angular_R	Precuneus_L	Precuneus_R	Paracentral_Lobule_L	Paracentral_Lobule_R	Caudate_L	Caudate_R	Putamen_L	Putamen_R	Pallidum_L	Pallidum_R	Thalamus_L	Thalamus_R	Heschl_L	Heschl_R	Temporal_Sup_L	Temporal_Sup_R	Temporal_Pole_Sup_L	Temporal_Pole_Sup_R	Temporal_Mid_L	Temporal_Mid_R	Temporal_Pole_Mid_L	Temporal_Pole_Mid_R	Temporal_Inf_L	Temporal_Inf_R	Cerebelum_Crus1_L	Cerebelum_Crus1_R	Cerebelum_Crus2_L	Cerebelum_Crus2_R	Cerebelum_3_L	Cerebelum_3_R	Cerebelum_4_5_L	Cerebelum_4_5_R	Cerebelum_6_L	Cerebelum_6_R	Cerebelum_7b_L	Cerebelum_7b_R	Cerebelum_8_L	Cerebelum_8_R	Cerebelum_9_L	Cerebelum_9_R	Cerebelum_10_L	Cerebelum_10_R	Vermis_1_2	Vermis_3	Vermis_4_5	Vermis_6	Vermis_7	Vermis_8	Vermis_9	Vermis_10	
737004	Precentral_L	0	2056	6642	3530	0	0	36354	250	0	0	21172	0	6098	0	312	0	23252	0	5288	8858	0	0	720	152	0	0	0	0	48084	132	1728	340	1304	3838	816	468	20282	1056	5886	118	0	0	316	0	0	0	876	0	478	0	6032	0	3818	0	14110	150	35464	320	232	0	2848	0	2454	0	0	0	822	0	21062	644	1126	9388	12532	516	1768	0	13238	4222	5594	0	8520	0	0	0	9204	0	0	0	12012	0	752	0	0	0	0	0	654	0	288	0	138	0	0	0	0	0	0	0	0	0	188	0	0	0	0	0	
307664	Precentral_R	2056	0	374	8192	0	0	584	7568	0	0	762	4026	0	0	0	0	1282	3792	664	12194	0	0	0	0	0	0	0	0	2030	12972	0	0	0	338	1928	1624	2412	13576	1802	4110	0	0	0	0	0	0	1256	616	0	144	0	200	0	0	1736	8268	434	24998	0	106	0	262	0	1222	0	182	308	486	474	1886	976	416	538	3646	144	0	2404	7574	270	1010	606	3322	0	0	0	1146	0	0	284	4122	0	858	0	0	0	0	330	492	0	830	0	0	0	0	0	0	0	0	0	0	0	0	0	0	0	0	
657232	Frontal_Sup_L	6642	374	0	14320	5016	0	55880	0	2256	0	4080	0	13152	0	3460	0	1896	0	57152	17532	0	0	42872	9758	1170	0	230	0	22408	0	17300	7316	3920	6420	0	0	2802	570	374	0	0	0	0	0	0	0	0	0	0	0	0	0	0	0	2286	0	0	0	0	0	0	0	0	0	0	0	0	0	114	0	9850	1126	8432	130	2210	0	778	108	0	0	1656	0	236	0	396	0	0	0	2696	0	138	0	0	0	0	0	604	0	612	0	344	0	0	0	0	0	0	0	0	0	0	0	0	0	0	0	
1.19064e+06	Frontal_Sup_R	3530	8192	14320	0	706	4244	7598	46168	0	2678	662	13408	1412	10202	396	5464	312	7970	48408	103152	0	0	7964	32010	0	1904	134	0	9346	23798	4816	31642	2578	30266	1314	1978	2668	10608	554	3490	156	0	0	0	152	0	0	1472	0	0	158	158	0	0	1896	3098	392	136	0	0	0	0	0	0	0	0	0	980	276	392	21136	52068	11604	27936	1888	668	1920	16174	140	0	1076	3226	178	1266	514	312	0	0	1270	104	0	0	0	0	0	0	144	128	0	0	0	0	0	0	0	0	0	0	0	0	408	0	0	0	0	0	
137916	Frontal_Sup_Orb_L	0	0	5016	706	0	0	1482	0	9766	0	0	0	1198	0	4388	0	0	0	492	602	900	0	3504	158	5006	0	8240	0	3492	0	4940	166	0	0	0	0	0	0	0	0	0	0	0	0	0	0	0	0	0	0	0	0	0	0	0	0	0	0	0	0	0	0	0	0	0	0	0	0	0	0	8436	0	9154	0	1114	0	198	0	0	0	0	0	0	0	0	0	0	0	0	0	0	0	0	0	0	0	0	0	0	0	0	0	0	0	0	0	0	0	0	0	0	0	0	0	0	0	
86060	Frontal_Sup_Orb_R	0	0	0	4244	0	0	0	808	0	2628	0	0	0	130	0	1748	0	0	922	1258	150	1188	0	2066	0	5886	0	4930	0	758	138	1524	0	0	0	0	0	0	0	0	0	0	0	0	0	0	0	0	0	0	0	0	0	0	0	0	0	0	0	0	0	0	0	0	0	0	0	0	0	0	182	8434	158	5684	0	194	0	0	0	0	0	0	0	0	0	0	0	0	0	0	0	0	0	0	0	0	0	0	0	0	0	0	0	0	0	0	0	0	0	0	0	0	0	0	0	0	
673724	Frontal_Mid_L	36354	584	55880	7598	1482	0	0	0	3228	0	25064	0	37040	0	6670	0	13200	0	17466	7886	0	0	20320	5040	0	0	158	0	41764	0	10396	4232	1696	3746	0	0	3054	556	640	0	0	0	0	0	0	0	0	0	0	0	490	0	0	0	1484	0	3474	140	0	0	0	0	144	0	0	0	0	0	128	0	4308	1764	6564	192	1378	0	666	150	1764	0	7712	0	274	0	636	0	0	0	1434	0	0	0	0	0	0	0	106	0	0	0	0	0	0	0	0	0	0	0	0	0	0	0	0	0	0	0	
346744	Frontal_Mid_R	250	7568	0	46168	0	808	0	0	0	4802	0	7738	0	11450	0	8654	0	6312	3876	9616	0	0	140	3632	0	0	0	0	220	13452	1422	3164	206	3632	318	452	290	5080	150	1474	0	0	0	0	0	0	0	140	0	0	0	0	0	0	222	1478	0	524	0	0	0	0	0	0	0	0	0	0	0	0	1100	12936	550	9506	434	0	520	0	0	0	0	4614	0	242	0	0	0	0	0	232	0	0	0	0	0	0	0	0	0	0	0	0	0	0	0	0	0	0	0	0	0	0	0	0	0	0	
75384	Frontal_Mid_Orb_L	0	0	2256	0	9766	0	3228	0	0	0	0	0	3090	0	5952	0	0	0	150	0	0	0	0	0	478	0	4574	0	1086	0	576	0	0	0	0	0	0	0	0	0	0	0	0	0	0	0	0	0	0	0	0	0	0	0	0	0	0	0	0	0	0	0	0	0	0	0	0	0	0	0	2714	0	3300	0	522	0	0	0	0	0	0	0	0	0	0	0	0	0	0	0	0	0	0	0	0	0	0	0	0	0	0	0	0	0	0	0	0	0	0	0	0	0	0	0	0	0	
32044	Frontal_Mid_Orb_R	0	0	0	2678	0	2628	0	4802	0	0	0	0	0	444	0	3936	0	0	0	452	0	0	0	0	0	0	0	0	0	162	112	0	0	0	0	0	0	0	0	0	0	0	0	0	0	0	0	0	0	0	0	0	0	0	0	0	0	0	0	0	0	0	0	0	0	0	0	0	0	0	0	808	0	0	0	0	0	0	0	0	0	0	0	0	0	0	0	0	0	0	0	0	0	0	0	0	0	0	0	0	0	0	0	0	0	0	0	0	0	0	0	0	0	0	0	0	
328928	Frontal_Inf_Oper_L	21172	762	4080	662	0	0	25064	0	0	0	0	0	14372	0	376	0	22060	0	1652	652	0	0	420	0	0	0	0	0	36560	0	1098	158	0	0	0	0	1644	290	0	0	0	0	0	0	0	0	0	0	106	0	790	0	0	0	1536	148	2726	196	0	0	324	0	410	0	0	0	0	0	144	0	548	1280	1642	262	0	0	0	0	2404	0	15138	0	1062	0	1218	0	0	0	2962	0	0	0	0	0	0	0	198	0	234	0	114	0	0	0	0	0	0	0	0	0	0	0	0	0	0	0	
206500	Frontal_Inf_Oper_R	0	4026	0	13408	0	0	0	7738	0	0	0	0	0	8952	0	402	0	2690	2918	3794	0	0	0	676	0	0	0	0	0	18340	0	764	0	598	0	0	0	3746	0	2804	0	0	0	0	0	0	0	0	0	0	0	0	0	0	0	3312	0	1018	0	0	0	0	0	0	0	0	0	0	0	0	0	11300	222	12906	160	0	0	0	0	186	0	882	0	1878	0	126	0	0	0	270	0	0	0	0	0	0	0	134	0	0	0	0	0	0	0	0	0	0	0	0	0	0	0	0	0	0	
301960	Frontal_Inf_Tri_L	6098	0	13152	1412	1198	0	37040	0	3090	0	14372	0	0	0	12576	0	4302	0	5244	1368	0	0	1782	312	0	0	108	0	35190	0	1100	0	0	202	0	0	662	344	0	0	0	0	0	0	0	0	0	0	0	0	0	0	0	0	760	0	178	0	0	0	0	0	0	0	0	0	0	0	0	0	1836	542	2508	0	0	0	0	0	0	0	2452	0	446	0	566	0	0	0	2140	0	0	0	0	0	0	0	0	0	0	0	0	0	0	0	0	0	0	0	0	0	0	0	0	0	0	0	
124648	Frontal_Inf_Tri_R	0	0	0	10202	0	130	0	11450	0	444	0	8952	0	0	0	2950	0	0	1072	1754	0	0	0	412	0	0	0	0	0	10742	0	772	0	234	0	0	0	526	0	304	0	0	0	0	0	0	0	0	0	0	0	0	0	0	0	464	0	0	0	0	0	0	0	0	0	0	0	0	0	0	0	6332	250	5134	200	0	0	0	0	0	0	0	0	0	0	0	0	0	0	0	0	0	0	0	0	0	0	0	0	0	0	0	0	0	0	0	0	0	0	0	0	0	0	0	0	0	
112384	Frontal_Inf_Orb_L	312	0	3460	396	4388	0	6670	0	5952	0	376	0	12576	0	0	0	0	0	880	372	964	0	0	0	0	0	820	0	10710	0	158	0	0	0	0	0	254	0	0	0	146	0	0	0	0	0	0	0	0	0	0	0	0	0	0	0	0	0	0	0	0	0	0	0	0	0	0	0	0	0	1008	0	6328	0	0	0	0	0	0	0	194	0	228	0	0	0	0	0	0	0	0	0	0	0	0	0	0	0	0	0	0	0	0	0	0	0	0	0	0	0	0	0	0	0	0	0	
80004	Frontal_Inf_Orb_R	0	0	0	5464	0	1748	0	8654	0	3936	0	402	0	2950	0	0	0	0	282	1124	0	956	0	134	0	0	0	164	0	5720	326	326	0	112	0	0	0	0	0	216	0	540	0	0	0	0	0	0	0	0	0	0	0	0	0	0	0	0	0	0	0	0	0	0	0	0	0	0	0	0	0	3766	0	3182	0	0	0	0	0	0	0	0	0	0	0	0	0	0	0	0	0	0	0	0	0	0	0	0	0	0	0	0	0	0	0	0	0	0	0	0	0	0	0	0	0	0	
373028	Rolandic_Oper_L	23252	1282	1896	312	0	0	13200	0	0	0	22060	0	4302	0	0	0	0	0	370	276	0	0	0	0	0	0	0	0	37702	0	0	0	0	0	0	0	3762	316	760	0	0	0	0	0	0	0	0	0	184	0	2326	0	524	0	3934	204	15028	228	232	0	1586	0	6924	0	0	0	0	0	746	0	192	1208	714	356	0	0	178	0	7858	0	23782	0	518	0	3926	0	0	0	5928	0	0	0	0	0	0	0	196	0	252	0	0	0	0	0	0	0	0	0	0	0	0	0	0	0	0	0	
185744	Rolandic_Oper_R	0	3792	0	7970	0	0	0	6312	0	0	0	2690	0	0	0	0	0	0	564	2650	0	0	0	0	0	0	0	0	0	18408	0	0	0	0	0	114	0	4582	0	502	0	0	0	0	0	0	0	180	0	0	0	0	0	0	0	564	0	5258	0	0	0	0	0	3746	0	0	0	1026	0	0	0	5658	0	10502	0	0	0	298	0	2428	0	13072	0	1344	0	1064	0	0	0	148	0	0	0	0	0	0	0	0	0	0	0	0	0	0	0	0	0	0	0	0	0	0	0	0	0	0	
873876	Supp_Motor_Area_L	5288	664	57152	48408	492	922	17466	3876	150	0	1652	2918	5244	1072	880	282	370	564	0	79958	0	0	14482	15192	0	0	0	0	18456	4760	6876	15390	9090	29520	266	422	6298	978	592	282	216	124	0	0	0	0	0	0	0	0	0	0	0	0	4348	346	410	110	0	0	0	0	0	0	0	0	142	228	2236	420	14094	14368	16428	10060	5108	196	7838	750	0	0	1532	0	282	0	798	0	0	0	4354	0	184	0	136	0	0	0	824	0	836	0	468	0	0	0	0	0	0	0	0	0	140	0	0	0	0	0	
1.23199e+06	Supp_Motor_Area_R	8858	12194	17532	103152	602	1258	7886	9616	0	452	652	3794	1368	1754	372	1124	276	2650	79958	0	0	0	3056	15344	0	0	110	0	9816	9194	2706	16896	6562	54192	4248	7792	5254	15264	2044	6804	184	866	256	184	256	118	1370	1236	0	0	1848	572	602	908	3540	10600	774	494	0	0	0	0	0	0	0	0	702	3582	5912	22218	19950	38728	11690	26690	1904	2954	4726	22782	140	452	1098	1584	182	578	1518	3256	0	0	1468	4584	0	314	0	0	0	0	382	264	0	218	0	0	0	0	0	0	0	0	0	0	1530	0	0	0	0	0	
83044	Olfactory_L	0	0	0	0	900	150	0	0	0	0	0	0	0	0	964	0	0	0	0	0	0	6778	0	0	472	1632	406	1696	1602	0	3474	3624	0	0	0	0	502	0	434	0	534	0	0	0	0	0	0	0	0	0	0	0	0	0	136	0	0	0	0	0	0	0	0	0	0	0	0	0	0	0	7404	2836	4298	1334	2044	0	0	0	0	0	150	0	152	0	0	0	0	0	0	0	0	0	0	0	0	0	0	0	0	0	0	0	0	0	0	0	0	0	0	0	0	0	0	0	0	0	
116084	Olfactory_R	0	0	0	0	0	1188	0	0	0	0	0	0	0	0	0	956	0	0	0	0	6778	0	0	162	0	4196	0	4698	0	3052	3192	6578	0	0	0	0	0	924	0	1090	0	1970	0	0	0	0	0	0	0	0	0	0	0	0	0	348	0	0	0	0	0	0	0	0	0	0	0	0	0	0	7246	6484	3198	4082	1424	294	0	0	0	0	0	0	0	182	0	0	0	0	0	0	0	0	0	0	0	0	0	0	0	0	0	0	0	0	0	0	0	0	0	0	0	0	0	0	0	0	
350676	Frontal_Sup_Medial_L	720	0	42872	7964	3504	0	20320	140	0	0	420	0	1782	0	0	0	0	0	14482	3056	0	0	0	21084	1838	0	120	0	3324	0	19248	15096	3598	13326	0	0	0	208	0	0	0	0	0	0	0	0	0	0	0	0	0	0	0	0	0	0	0	0	0	0	0	0	0	0	0	0	0	0	0	0	1178	670	270	118	0	0	0	0	0	0	0	0	0	0	0	0	0	0	0	0	0	0	0	0	0	0	0	0	0	0	0	0	0	0	0	0	0	0	0	0	0	0	0	0	0	0	
375312	Frontal_Sup_Medial_R	152	0	9758	32010	158	2066	5040	3632	0	0	0	676	312	412	0	134	0	0	15192	15344	0	162	21084	0	186	3046	0	0	276	398	6780	32016	668	21904	0	0	0	0	0	0	0	0	0	0	0	0	0	0	0	0	0	0	0	0	0	0	0	0	0	0	0	0	0	0	0	0	0	0	0	0	362	9746	498	4662	384	0	0	598	0	0	0	0	0	0	0	0	0	0	0	0	0	0	0	0	0	0	0	0	0	0	0	0	0	0	0	0	0	0	0	0	0	0	0	0	0	0	
40948	Frontal_Med_Orb_L	0	0	1170	0	5006	0	0	0	478	0	0	0	0	0	0	0	0	0	0	0	472	0	1838	186	0	866	1916	0	0	0	4312	156	0	0	0	0	0	0	0	0	0	0	0	0	0	0	0	0	0	0	0	0	0	0	0	0	0	0	0	0	0	0	0	0	0	0	0	0	0	0	2096	0	1492	0	486	0	0	0	0	0	0	0	0	0	0	0	0	0	0	0	0	0	0	0	0	0	0	0	0	0	0	0	0	0	0	0	0	0	0	0	0	0	0	0	0	0	
88008	Frontal_Med_Orb_R	0	0	0	1904	0	5886	0	0	0	0	0	0	0	0	0	0	0	0	0	0	1632	4196	0	3046	866	0	0	7044	0	0	2132	6530	0	0	0	0	0	0	0	0	0	0	0	0	0	0	0	0	0	0	0	0	0	0	0	0	0	0	0	0	0	0	0	0	0	0	0	0	0	0	1228	6446	492	2410	0	192	0	0	0	0	0	0	0	0	0	0	0	0	0	0	0	0	0	0	0	0	0	0	0	0	0	0	0	0	0	0	0	0	0	0	0	0	0	0	0	0	
48944	Rectus_L	0	0	230	134	8240	0	158	0	4574	0	0	0	108	0	820	0	0	0	0	110	406	0	120	0	1916	0	0	0	288	0	722	0	0	0	0	0	0	0	0	0	0	0	0	0	0	0	0	0	0	0	0	0	0	0	0	0	0	0	0	0	0	0	0	0	0	0	0	0	0	0	3536	0	2876	0	234	0	0	0	0	0	0	0	0	0	0	0	0	0	0	0	0	0	0	0	0	0	0	0	0	0	0	0	0	0	0	0	0	0	0	0	0	0	0	0	0	0	
59532	Rectus_R	0	0	0	0	0	4930	0	0	0	0	0	0	0	0	0	164	0	0	0	0	1696	4698	0	0	0	7044	0	0	0	232	680	3192	0	0	0	0	0	0	0	0	0	0	0	0	0	0	0	0	0	0	0	0	0	0	0	0	0	0	0	0	0	0	0	0	0	0	0	0	0	0	1366	3634	756	1122	252	0	0	0	0	0	0	0	0	0	0	0	0	0	0	0	0	0	0	0	0	0	0	0	0	0	0	0	0	0	0	0	0	0	0	0	0	0	0	0	0	0	
984840	Insula_L	48084	2030	22408	9346	3492	0	41764	220	1086	0	36560	0	35190	0	10710	0	37702	0	18456	9816	1602	0	3324	276	0	0	288	0	0	0	2944	192	160	524	910	470	30982	1562	4966	0	1388	0	156	0	0	0	920	0	290	0	1882	0	1030	0	21238	294	17500	402	134	0	1096	0	3886	0	0	0	754	0	1228	0	13466	3256	28808	610	866	0	2698	948	9480	0	22000	0	3618	0	4980	0	0	0	19094	0	438	0	228	0	0	0	1958	0	1658	0	870	0	0	0	0	0	0	0	0	0	182	0	0	0	0	0	
540152	Insula_R	132	12972	0	23798	0	758	0	13452	0	162	0	18340	0	10742	0	5720	0	18408	4760	9194	0	3052	0	398	0	0	0	232	0	0	418	506	0	236	0	298	0	17600	0	10380	0	3650	0	0	0	0	0	588	0	0	0	0	0	0	0	13528	0	7486	0	0	0	0	0	238	0	0	0	500	0	398	498	23160	1256	43812	832	146	0	394	0	1798	0	12034	0	2850	0	1150	0	0	0	3168	0	276	0	0	0	0	0	328	0	322	0	0	0	0	0	0	0	0	0	0	106	0	0	0	0	0	
300124	Cingulum_Ant_L	1728	0	17300	4816	4940	138	10396	1422	576	112	1098	0	1100	0	158	326	0	0	6876	2706	3474	3192	19248	6780	4312	2132	722	680	2944	418	0	18462	4914	6408	204	112	0	286	0	0	0	0	0	0	0	0	0	0	0	0	0	0	0	0	0	0	0	0	0	0	0	0	0	0	0	0	0	0	0	0	9622	3824	4646	1658	2332	0	0	0	0	0	0	0	0	0	0	0	0	0	0	0	0	0	0	0	0	0	0	0	0	0	0	0	0	0	0	0	0	0	0	0	0	0	0	0	0	0	
494920	Cingulum_Ant_R	340	0	7316	31642	166	1524	4232	3164	0	0	158	764	0	772	0	326	0	0	15390	16896	3624	6578	15096	32016	156	6530	0	3192	192	506	18462	0	6042	32774	0	280	0	0	0	0	0	0	0	0	0	0	0	0	0	0	0	0	0	0	0	0	0	0	0	0	0	0	0	0	0	0	0	0	0	0	5306	19756	3672	6846	2334	174	0	1234	0	0	0	0	0	0	0	0	0	0	0	0	0	0	0	0	0	0	0	0	0	0	0	0	0	0	0	0	0	0	0	0	0	0	0	0	0	0	
154792	Cingulum_Mid_L	1304	0	3920	2578	0	0	1696	206	0	0	0	0	0	0	0	0	0	0	9090	6562	0	0	3598	668	0	0	0	0	160	0	4914	6042	0	15532	4518	2140	206	472	206	0	0	0	530	0	668	0	422	0	0	0	268	128	0	0	106	0	112	0	0	0	198	0	0	0	158	0	3710	854	3510	898	0	0	0	0	0	0	682	0	0	0	0	0	0	0	0	392	0	0	0	0	0	0	0	0	0	0	476	0	0	0	0	0	0	0	0	0	0	0	0	0	472	0	0	0	0	0	
575156	Cingulum_Mid_R	3838	338	6420	30266	0	0	3746	3632	0	0	0	598	202	234	0	112	0	0	29520	54192	0	0	13326	21904	0	0	0	0	524	236	6408	32774	15532	0	1884	11064	264	766	0	160	0	0	176	250	158	228	0	0	0	0	1412	1204	440	510	306	694	0	992	0	0	0	0	0	0	0	0	1910	6964	4310	12028	894	5506	360	1732	188	0	910	1918	0	0	0	112	0	0	846	3200	0	0	0	578	0	0	0	0	0	0	0	0	0	0	0	0	0	0	0	0	0	0	0	0	1812	0	0	0	0	0	
180352	Cingulum_Post_L	816	1928	0	1314	0	0	0	318	0	0	0	0	0	0	0	0	0	0	266	4248	0	0	0	0	0	0	0	0	910	0	204	0	4518	1884	0	7292	4300	2770	2396	106	0	0	8356	0	3312	0	6956	0	0	0	3848	0	1018	0	3164	140	346	0	0	0	0	0	0	0	0	0	9088	472	1426	1534	0	0	474	198	0	0	430	1432	0	0	0	0	0	0	1378	0	0	0	328	0	0	0	0	0	112	0	6908	0	0	0	0	0	0	0	0	0	0	0	0	0	5986	0	0	0	0	0	
175416	Cingulum_Post_R	468	1624	0	1978	0	0	0	452	0	0	0	0	0	0	0	0	0	114	422	7792	0	0	0	0	0	0	0	0	470	298	112	280	2140	11064	7292	0	1872	4888	770	812	0	0	540	346	844	152	194	1460	0	128	460	366	256	702	1018	2188	168	360	0	0	0	0	0	0	0	166	2254	11206	1436	6270	0	314	260	528	0	0	170	2186	0	0	0	220	0	0	152	932	0	0	0	1168	0	222	0	0	0	0	118	192	0	182	0	0	0	0	0	0	0	0	0	0	7702	0	0	0	0	0	
500884	Hippocampus_L	20282	2412	2802	2668	0	0	3054	290	0	0	1644	0	662	0	254	0	3762	0	6298	5254	502	0	0	0	0	0	0	0	30982	0	0	0	206	264	4300	1872	0	920	23822	0	10718	0	1172	0	0	0	6200	0	0	0	188	0	0	0	40516	0	6782	0	0	0	0	0	0	0	0	0	2538	0	2058	154	2146	1438	14988	248	1396	0	6556	3542	3824	0	2572	0	3154	0	422	0	724	0	16968	0	480	0	232	0	300	0	4782	0	2054	0	1138	0	0	0	0	0	0	0	0	0	902	0	0	0	0	0	
590956	Hippocampus_R	1056	13576	570	10608	0	0	556	5080	0	0	290	3746	344	526	0	0	316	4582	978	15264	0	924	208	0	0	0	0	0	1562	17600	286	0	472	766	2770	4888	920	0	330	49226	0	14726	0	402	242	0	0	5040	0	0	786	0	372	0	978	52322	540	1812	0	0	0	0	0	350	0	0	110	4496	346	3082	530	5454	1260	30952	566	1886	206	3742	0	452	0	2306	0	6292	316	824	0	1142	218	9806	0	820	0	0	0	150	0	2482	0	822	0	0	0	0	0	0	0	0	0	0	2204	0	0	0	0	0	
200536	ParaHippocampal_L	5886	1802	374	554	0	0	640	150	0	0	0	0	0	0	0	0	760	0	592	2044	434	0	0	0	0	0	0	0	4966	0	0	0	206	0	2396	770	23822	330	0	0	5506	0	472	0	0	0	6728	0	0	0	0	0	0	0	18346	0	1254	0	0	0	0	0	0	0	0	0	1996	0	586	0	0	198	3994	104	0	0	3312	2150	306	0	0	0	1308	0	0	0	1206	0	1620	0	0	0	0	0	746	0	3810	0	370	0	174	0	0	0	0	0	0	0	0	0	356	0	0	0	0	0	
398804	ParaHippocampal_R	118	4110	0	3490	0	0	0	1474	0	0	0	2804	0	304	0	216	0	502	282	6804	0	1090	0	0	0	0	0	0	0	10380	0	0	0	160	106	812	0	49226	0	0	0	14922	0	0	0	0	0	7730	0	0	0	0	0	0	0	43016	0	336	0	0	0	0	0	0	0	0	0	2900	0	432	0	3454	0	18818	0	944	116	1922	0	0	0	302	0	7610	0	454	0	2598	0	4966	0	438	0	0	0	290	0	4470	0	542	0	0	0	0	0	0	0	0	0	154	1110	0	0	0	0	0	
57416	Amygdala_L	0	0	0	156	0	0	0	0	0	0	0	0	0	0	146	0	0	0	216	184	534	0	0	0	0	0	0	0	1388	0	0	0	0	0	0	0	10718	0	5506	0	0	0	0	0	0	0	0	0	0	0	0	0	0	0	4614	0	0	0	0	0	0	0	0	0	0	0	0	0	0	0	236	0	428	0	0	0	0	0	0	0	0	0	2142	0	0	0	744	0	1696	0	0	0	0	0	0	0	0	0	0	0	0	0	0	0	0	0	0	0	0	0	0	0	0	0	0	0	
118200	Amygdala_R	0	0	0	0	0	0	0	0	0	0	0	0	0	0	0	540	0	0	124	866	0	1970	0	0	0	0	0	0	0	3650	0	0	0	0	0	0	0	14726	0	14922	0	0	0	0	0	0	0	0	0	0	0	0	0	0	0	8912	0	0	0	0	0	0	0	0	0	0	0	0	0	0	0	1128	0	3514	0	0	0	140	0	0	0	0	0	5162	0	0	0	1016	0	2430	0	0	0	0	0	0	0	0	0	0	0	0	0	0	0	0	0	0	0	0	0	0	0	0	0	0	
285512	Calcarine_L	316	0	0	0	0	0	0	0	0	0	0	0	0	0	0	0	0	0	0	256	0	0	0	0	0	0	0	0	156	0	0	0	530	176	8356	540	1172	0	472	0	0	0	0	5762	12092	3680	16752	1944	7526	2034	25378	1228	9944	222	4568	600	0	0	1010	0	116	0	0	0	0	0	14658	746	448	0	0	0	0	0	0	0	0	0	0	0	0	0	0	0	5824	0	0	0	384	0	108	0	0	0	0	0	8676	0	136	0	0	0	0	0	0	0	0	0	0	0	6946	0	0	0	0	0	
247328	Calcarine_R	0	0	0	0	0	0	0	0	0	0	0	0	0	0	0	0	0	0	0	184	0	0	0	0	0	0	0	0	0	0	0	0	0	250	0	346	0	402	0	0	0	0	5762	0	4530	22358	1456	15422	0	18018	0	14530	0	4226	0	9292	0	0	0	1580	0	0	0	0	0	510	1152	15184	0	0	0	0	0	0	0	0	0	0	0	0	0	0	0	0	0	5142	0	0	0	3182	0	0	0	0	0	0	0	0	0	0	0	0	0	0	0	0	0	0	0	0	138	0	0	0	0	0	
154880	Cuneus_L	0	0	0	152	0	0	0	0	0	0	0	0	0	0	0	0	0	0	0	256	0	0	0	0	0	0	0	0	0	0	0	0	668	158	3312	844	0	242	0	0	0	0	12092	4530	0	6904	1112	750	13238	3806	5712	1088	524	110	134	294	0	0	4384	0	0	0	0	0	0	0	13062	1566	0	112	0	0	0	0	0	0	0	0	0	0	0	0	0	0	724	0	0	0	0	0	0	0	0	0	0	0	728	0	0	0	0	0	0	0	0	0	0	0	0	0	938	0	0	0	0	0	
225256	Cuneus_R	0	0	0	0	0	0	0	0	0	0	0	0	0	0	0	0	0	0	0	118	0	0	0	0	0	0	0	0	0	0	0	0	0	228	0	152	0	0	0	0	0	0	3680	22358	6904	0	124	4712	0	29366	0	13494	0	1524	0	1528	0	178	0	4426	0	156	0	326	0	978	2928	16158	0	0	0	0	0	0	0	0	0	0	0	0	0	0	0	0	0	2450	0	0	0	840	0	0	0	0	0	0	0	0	0	0	0	0	0	0	0	0	0	0	0	0	0	0	0	0	0	0	
598744	Lingual_L	876	1256	0	0	0	0	0	0	0	0	0	0	0	0	0	0	0	0	0	1370	0	0	0	0	0	0	0	0	920	0	0	0	422	0	6956	194	6200	0	6728	0	0	0	16752	1456	1112	124	0	9600	898	224	7052	212	11490	2910	41162	6866	176	0	0	0	0	0	0	0	0	0	10864	0	256	0	0	0	766	0	0	0	1132	1474	0	0	0	0	0	0	1308	0	0	0	464	0	20822	8494	1502	730	1850	330	28414	8360	31936	12768	0	0	0	378	876	308	0	0	0	622	20256	14756	3938	220	1286	306	
432756	Lingual_R	0	616	0	1472	0	0	0	140	0	0	0	0	0	0	0	0	0	180	0	1236	0	0	0	0	0	0	0	0	0	588	0	0	0	0	0	1460	0	5040	0	7730	0	0	1944	15422	750	4712	9600	0	0	5912	0	7974	594	10698	4540	36392	0	0	0	168	0	0	0	0	0	256	222	5282	0	0	0	346	0	732	0	0	0	2100	0	0	0	126	0	0	0	422	0	0	0	540	4970	11524	1600	846	0	664	2786	11136	10808	16534	0	208	0	1008	0	212	0	0	0	292	8854	14414	2426	264	290	348	
148960	Occipital_Sup_L	478	0	0	0	0	0	0	0	0	0	106	0	0	0	0	0	184	0	0	0	0	0	0	0	0	0	0	0	290	0	0	0	0	0	0	0	0	0	0	0	0	0	7526	0	13238	0	898	0	0	0	20812	0	282	0	146	0	338	0	13632	0	4226	0	0	0	804	0	10324	0	126	0	0	0	0	0	0	0	0	0	0	0	0	0	0	0	1070	0	0	0	0	0	0	0	0	0	0	0	0	0	0	0	0	0	0	0	0	0	0	0	0	0	0	0	0	0	0	0	
262044	Occipital_Sup_R	0	144	0	0	0	0	0	0	0	0	0	0	0	0	0	0	0	0	0	0	0	0	0	0	0	0	0	0	0	0	0	0	0	0	0	128	0	0	0	0	0	0	2034	18018	3806	29366	224	5912	0	0	0	26466	0	1082	0	2156	0	932	0	12064	0	530	0	1524	0	11110	816	9386	0	0	0	0	0	0	0	0	0	0	0	0	0	134	0	0	0	3432	0	0	0	1758	0	0	0	0	0	0	0	0	0	0	0	0	0	0	0	0	0	0	0	0	0	0	0	0	0	0	
458068	Occipital_Mid_L	6032	0	0	158	0	0	490	0	0	0	790	0	0	0	0	0	2326	0	0	1848	0	0	0	0	0	0	0	0	1882	0	0	0	268	1412	3848	460	188	786	0	0	0	0	25378	0	5712	0	7052	0	20812	0	0	0	22314	0	3912	0	1678	0	20294	0	19846	0	1994	0	18706	0	10788	0	6322	528	0	0	0	0	0	0	0	0	784	0	982	0	0	0	28782	0	0	0	7116	0	534	0	0	0	0	0	2574	0	182	0	0	0	0	0	0	0	0	0	0	0	2090	166	0	0	0	0	
273516	Occipital_Mid_R	0	200	0	158	0	0	0	0	0	0	0	0	0	0	0	0	0	0	0	572	0	0	0	0	0	0	0	0	0	0	0	0	128	1204	0	366	0	0	0	0	0	0	1228	14530	1088	13494	212	7974	0	26466	0	0	0	4402	0	5616	0	1256	0	8190	0	2250	0	2442	0	16766	712	7270	0	446	0	0	0	0	0	0	0	0	0	0	0	218	0	0	0	14742	0	0	0	4688	0	0	0	0	0	0	0	0	0	0	0	0	0	0	0	0	0	0	0	0	140	0	0	0	0	0	
182480	Occipital_Inf_L	3818	0	0	0	0	0	0	0	0	0	0	0	0	0	0	0	524	0	0	602	0	0	0	0	0	0	0	0	1030	0	0	0	0	440	1018	256	0	372	0	0	0	0	9944	0	524	0	11490	594	282	0	22314	0	0	462	14882	558	696	0	0	0	0	0	0	0	0	0	1472	0	1944	160	0	0	0	0	0	0	0	0	0	0	0	0	0	0	4960	0	0	0	2294	0	822	230	152	0	0	0	2156	562	2590	564	0	0	0	0	0	0	0	0	0	0	1984	1390	154	0	0	0	
189880	Occipital_Inf_R	0	0	0	0	0	0	0	0	0	0	0	0	0	0	0	0	0	0	0	908	0	0	0	0	0	0	0	0	0	0	0	0	0	510	0	702	0	0	0	0	0	0	222	4226	110	1524	2910	10698	0	1082	0	4402	462	0	2048	17328	0	366	0	286	0	950	0	1410	0	728	0	2264	0	1130	0	0	0	0	0	0	0	0	0	0	0	144	0	0	0	6518	0	0	0	9752	336	2940	148	0	0	0	612	2618	3426	5932	0	0	0	156	0	0	0	0	0	0	2938	4536	450	168	0	0	
843248	Fusiform_L	14110	1736	2286	1896	0	0	1484	222	0	0	1536	0	760	0	0	0	3934	0	4348	3540	136	0	0	0	0	0	0	0	21238	0	0	0	106	306	3164	1018	40516	978	18346	0	4614	0	4568	0	134	0	41162	4540	146	0	3912	0	14882	2048	0	4144	3934	0	0	0	0	0	0	0	0	0	2710	0	2206	106	1170	446	9696	160	0	0	2910	1692	2018	0	2782	0	3604	0	2382	0	2780	0	25126	0	29576	5144	2546	358	1610	280	27368	6340	42990	9090	1968	0	314	378	1304	226	0	0	0	410	13292	9218	1982	270	1194	234	
860136	Fusiform_R	150	8268	0	3098	0	0	0	1478	0	0	148	3312	0	464	0	0	204	564	346	10600	0	348	0	0	0	0	0	0	294	13528	0	0	0	694	140	2188	0	52322	0	43016	0	8912	600	9292	294	1528	6866	36392	0	2156	0	5616	558	17328	4144	0	112	1282	0	238	0	502	0	654	0	702	0	5238	0	3558	0	3782	0	23206	0	622	0	1312	0	0	0	690	0	5324	0	1940	0	2304	0	23734	2194	27462	528	1078	0	1042	3774	17938	7598	31754	0	0	0	1458	122	466	0	0	0	672	11144	9434	1718	618	582	438	
338764	Postcentral_L	35464	434	0	392	0	0	3474	0	0	0	2726	0	178	0	0	0	15028	0	410	774	0	0	0	0	0	0	0	0	17500	0	0	0	112	0	346	168	6782	540	1254	0	0	0	0	0	0	0	176	0	338	0	1678	0	696	0	3934	112	0	108	4770	0	18596	0	15388	0	104	0	2382	0	9614	0	226	4990	4138	444	214	0	988	330	4228	0	5420	0	0	0	2216	0	0	0	2570	0	0	0	0	0	0	0	140	0	0	0	0	0	0	0	0	0	0	0	0	0	0	0	0	0	0	0	
168308	Postcentral_R	320	24998	0	136	0	0	140	524	0	0	196	1018	0	0	0	0	228	5258	110	494	0	0	0	0	0	0	0	0	402	7486	0	0	0	992	0	360	0	1812	0	336	0	0	0	0	0	178	0	0	0	932	0	1256	0	366	0	1282	108	0	0	4666	0	5480	0	11050	0	1532	136	2690	0	2264	0	0	0	1184	0	0	0	0	0	1208	130	2338	0	0	0	1148	0	0	0	1190	0	0	0	0	0	0	0	0	0	0	0	0	0	0	0	0	0	0	0	0	206	0	0	0	0	0	
174932	Parietal_Sup_L	232	0	0	0	0	0	0	0	0	0	0	0	0	0	0	0	232	0	0	0	0	0	0	0	0	0	0	0	134	0	0	0	0	0	0	0	0	0	0	0	0	0	1010	0	4384	0	0	0	13632	0	20294	0	0	0	0	0	4770	0	0	0	15980	0	0	0	7182	0	16268	514	1006	0	0	0	0	0	0	0	0	0	122	0	0	0	0	0	1176	0	0	0	530	0	0	0	0	0	0	0	0	0	0	0	0	0	0	0	0	0	0	0	0	0	0	0	0	0	0	0	
141680	Parietal_Sup_R	0	106	0	0	0	0	0	0	0	0	0	0	0	0	0	0	0	0	0	0	0	0	0	0	0	0	0	0	0	0	0	0	0	0	0	0	0	0	0	0	0	0	0	1580	0	4426	0	168	0	12064	0	8190	0	286	0	238	0	4666	0	0	0	9710	0	5708	0	13508	1132	6616	0	0	0	0	0	0	0	0	0	0	0	0	0	338	0	0	0	1756	0	0	0	348	0	0	0	0	0	0	0	0	0	0	0	0	0	0	0	0	0	0	0	0	0	0	0	0	0	0	
269424	Parietal_Inf_L	2848	0	0	0	0	0	0	0	0	0	324	0	0	0	0	0	1586	0	0	0	0	0	0	0	0	0	0	0	1096	0	0	0	198	0	0	0	0	0	0	0	0	0	116	0	0	0	0	0	4226	0	19846	0	0	0	0	0	18596	0	15980	0	0	0	26618	0	19482	0	3100	0	1518	0	0	0	0	0	0	0	0	0	0	0	1884	0	0	0	14568	0	0	0	2726	0	0	0	0	0	0	0	0	0	0	0	0	0	0	0	0	0	0	0	0	0	0	0	0	0	0	0	
99504	Parietal_Inf_R	0	262	0	0	0	0	0	0	0	0	0	0	0	0	0	0	0	0	0	0	0	0	0	0	0	0	0	0	0	0	0	0	0	0	0	0	0	0	0	0	0	0	0	0	0	156	0	0	0	530	0	2250	0	950	0	502	0	5480	0	9710	0	0	0	10880	0	14158	126	424	0	0	0	0	0	0	0	0	0	0	0	0	0	496	0	0	0	3472	0	0	0	356	0	0	0	0	0	0	0	0	0	0	0	0	0	0	0	0	0	0	0	0	0	0	0	0	0	0	
166352	SupraMarginal_L	2454	0	0	0	0	0	144	0	0	0	410	0	0	0	0	0	6924	0	0	0	0	0	0	0	0	0	0	0	3886	0	0	0	0	0	0	0	0	0	0	0	0	0	0	0	0	0	0	0	0	0	1994	0	0	0	0	0	15388	0	0	0	26618	0	0	0	2366	0	0	0	540	0	0	0	0	0	0	0	0	0	170	0	6976	0	0	0	12826	0	0	0	2480	0	0	0	0	0	0	0	0	0	0	0	0	0	0	0	0	0	0	0	0	0	0	0	0	0	0	0	
138744	SupraMarginal_R	0	1222	0	0	0	0	0	0	0	0	0	0	0	0	0	0	0	3746	0	0	0	0	0	0	0	0	0	0	0	238	0	0	0	0	0	0	0	350	0	0	0	0	0	0	0	326	0	0	0	1524	0	2442	0	1410	0	654	0	11050	0	5708	0	10880	0	0	0	8762	136	3562	0	126	0	0	0	0	0	0	0	0	0	0	0	4992	0	0	0	10060	0	0	0	2184	0	0	0	0	0	0	0	0	0	0	0	0	0	0	0	0	0	0	0	0	0	0	0	0	0	0	
112460	Angular_L	0	0	0	0	0	0	0	0	0	0	0	0	0	0	0	0	0	0	0	0	0	0	0	0	0	0	0	0	0	0	0	0	158	0	0	0	0	0	0	0	0	0	0	0	0	0	0	0	804	0	18706	0	0	0	0	0	104	0	7182	0	19482	0	2366	0	0	0	538	0	0	0	0	0	0	0	0	0	0	0	0	0	0	0	0	0	6890	0	0	0	0	0	0	0	0	0	0	0	0	0	0	0	0	0	0	0	0	0	0	0	0	0	0	0	0	0	0	0	
166748	Angular_R	0	182	0	0	0	0	0	0	0	0	0	0	0	0	0	0	0	0	0	0	0	0	0	0	0	0	0	0	0	0	0	0	0	0	0	166	0	0	0	0	0	0	0	510	0	978	0	256	0	11110	0	16766	0	728	0	702	0	1532	0	13508	0	14158	0	8762	0	0	112	1100	0	0	0	0	0	0	0	0	0	0	0	0	0	2256	0	0	0	8380	0	0	0	2168	0	0	0	0	0	0	0	0	0	0	0	0	0	0	0	0	0	0	0	0	0	0	0	0	0	0	
297804	Precuneus_L	822	308	0	0	0	0	0	0	0	0	0	0	0	0	0	0	0	0	142	702	0	0	0	0	0	0	0	0	754	0	0	0	3710	1910	9088	2254	2538	110	1996	0	0	0	14658	1152	13062	2928	10864	222	10324	816	10788	712	1472	0	2710	0	2382	136	16268	1132	3100	126	0	136	538	112	0	10392	1224	782	0	0	470	0	0	0	0	284	0	0	0	154	0	0	1874	950	0	0	300	0	0	0	0	0	112	0	8454	0	0	0	0	0	0	0	0	0	0	0	0	0	5934	0	0	0	0	0	
312580	Precuneus_R	0	486	0	980	0	0	0	0	0	0	0	0	0	0	0	0	0	1026	228	3582	0	0	0	0	0	0	0	0	0	500	0	0	854	6964	472	11206	0	4496	0	2900	0	0	746	15184	1566	16158	0	5282	0	9386	0	7270	0	2264	0	5238	0	2690	514	6616	0	424	0	3562	0	1100	10392	0	380	3600	0	204	0	256	0	0	0	1758	0	0	0	2756	0	0	0	10972	0	0	0	4030	0	330	0	0	0	0	0	1420	0	202	0	0	0	0	0	0	0	0	0	0	8296	0	0	0	0	0	
190704	Paracentral_Lobule_L	21062	474	114	276	0	0	128	0	0	0	144	0	0	0	0	0	746	0	2236	5912	0	0	0	0	0	0	0	0	1228	0	0	0	3510	4310	1426	1436	2058	346	586	0	0	0	448	0	0	0	256	0	126	0	6322	0	1944	0	2206	0	9614	0	1006	0	1518	0	540	0	0	0	1224	380	0	2292	0	486	246	0	0	0	650	562	444	0	474	0	0	0	10048	0	0	0	7244	0	590	0	0	0	0	0	354	0	0	0	0	0	0	0	0	0	0	0	0	0	386	0	0	0	0	0	
159260	Paracentral_Lobule_R	644	1886	0	392	0	0	0	0	0	0	0	0	0	0	0	0	0	0	420	22218	0	0	0	0	0	0	0	0	0	398	0	0	898	12028	1534	6270	154	3082	0	432	0	0	0	0	112	0	0	0	0	0	528	446	160	1130	106	3558	0	2264	0	0	0	0	0	126	0	0	782	3600	2292	0	0	456	0	196	0	0	0	1392	0	476	0	1118	0	0	238	3574	0	0	0	4512	0	316	0	0	0	0	0	0	0	216	0	0	0	0	0	0	0	0	0	0	1676	0	0	0	0	0	
416824	Caudate_L	1126	976	9850	21136	8436	182	4308	1100	2714	0	548	0	1836	0	1008	0	192	0	14094	19950	7404	7246	1178	362	2096	1228	3536	1366	13466	498	9622	5306	0	894	0	0	2146	530	0	0	236	0	0	0	0	0	0	0	0	0	0	0	0	0	1170	0	226	0	0	0	0	0	0	0	0	0	0	0	0	0	0	13194	27348	3274	6896	282	7746	978	0	0	1098	0	162	0	458	0	0	0	1010	0	0	0	0	0	0	0	0	0	0	0	0	0	0	0	0	0	0	0	0	0	0	0	0	0	0	0	
794912	Caudate_R	9388	416	1126	52068	0	8434	1764	12936	0	808	1280	11300	542	6332	0	3766	1208	5658	14368	38728	2836	6484	670	9746	0	6446	0	3634	3256	23160	3824	19756	0	5506	0	314	1438	5454	198	3454	0	1128	0	0	0	0	0	346	0	0	0	0	0	0	446	3782	4990	0	0	0	0	0	0	0	0	0	0	204	486	456	13194	0	6826	48056	5096	3152	12056	26910	354	0	378	1346	0	1362	0	106	0	0	290	0	0	0	0	0	0	0	0	0	0	0	0	0	0	0	0	0	0	0	0	0	194	0	0	0	0	0	
499260	Putamen_L	12532	538	8432	11604	9154	158	6564	550	3300	0	1642	222	2508	250	6328	0	714	0	16428	11690	4298	3198	270	498	1492	492	2876	756	28808	1256	4646	3672	0	360	474	260	14988	1260	3994	0	428	0	0	0	0	0	766	0	0	0	0	0	0	0	9696	0	4138	0	0	0	0	0	0	0	0	0	470	0	246	0	27348	6826	0	3636	16824	0	1676	548	784	0	1670	0	952	0	648	0	0	0	5036	0	144	0	0	0	0	0	830	0	470	0	282	0	0	0	0	0	0	0	0	0	0	0	0	0	0	0	
683516	Putamen_R	516	3646	130	27936	0	5684	192	9506	0	0	262	12906	0	5134	0	3182	356	10502	10060	26690	1334	4082	118	4662	0	2410	0	1122	610	43812	1658	6846	0	1732	198	528	248	30952	104	18818	0	3514	0	0	0	0	0	732	0	0	0	0	0	0	160	23206	444	1184	0	0	0	0	0	0	0	0	0	256	0	196	3274	48056	3636	0	2664	5004	194	1066	0	0	126	6792	0	2538	0	314	0	106	0	1930	0	0	0	0	0	0	0	260	0	0	0	0	0	0	0	0	0	0	0	0	170	0	0	0	0	0	
126576	Pallidum_L	1768	144	2210	1888	1114	0	1378	434	522	0	0	160	0	200	0	0	0	0	5108	1904	2044	1424	0	384	486	0	234	252	866	832	2332	2334	0	188	0	0	1396	566	0	0	0	0	0	0	0	0	0	0	0	0	0	0	0	0	0	0	214	0	0	0	0	0	0	0	0	0	0	0	0	0	6896	5096	16824	2664	0	0	1426	0	0	0	0	0	0	0	0	0	0	0	0	0	0	0	0	0	0	0	0	0	0	0	0	0	0	0	0	0	0	0	0	0	0	0	0	0	0	0	
33416	Pallidum_R	0	0	0	668	0	194	0	0	0	0	0	0	0	0	0	0	0	0	196	2954	0	294	0	0	0	192	0	0	0	146	0	174	0	0	0	0	0	1886	0	944	0	0	0	0	0	0	0	0	0	0	0	0	0	0	0	622	0	0	0	0	0	0	0	0	0	0	0	0	0	0	282	3152	0	5004	0	0	0	0	0	0	0	0	0	0	0	0	0	0	0	0	0	0	0	0	0	0	0	0	0	0	0	0	0	0	0	0	0	0	0	0	0	0	0	0	0	0	
174004	Thalamus_L	13238	2404	778	1920	198	0	666	520	0	0	0	0	0	0	0	0	178	0	7838	4726	0	0	0	0	0	0	0	0	2698	0	0	0	682	910	430	170	6556	206	3312	116	0	0	0	0	0	0	1132	0	0	0	0	0	0	0	2910	0	988	0	0	0	0	0	0	0	0	0	0	0	650	0	7746	12056	1676	194	1426	0	0	9434	572	0	0	0	0	0	0	0	0	0	508	0	0	0	0	0	0	0	164	0	0	0	0	0	0	0	0	0	0	0	0	0	0	0	0	0	0	0	
248824	Thalamus_R	4222	7574	108	16174	0	0	150	0	0	0	0	0	0	0	0	0	0	298	750	22782	0	0	0	598	0	0	0	0	948	394	0	1234	0	1918	1432	2186	3542	3742	2150	1922	0	140	0	0	0	0	1474	2100	0	0	0	0	0	0	1692	1312	330	0	0	0	0	0	0	0	0	0	284	1758	562	1392	978	26910	548	1066	0	0	9434	0	258	0	0	152	0	0	0	0	0	0	210	0	0	0	0	0	0	0	310	266	0	0	0	0	0	0	0	0	0	0	0	0	1112	0	0	0	0	0	
98412	Heschl_L	5594	270	0	140	0	0	1764	0	0	0	2404	0	0	0	0	0	7858	0	0	140	0	0	0	0	0	0	0	0	9480	0	0	0	0	0	0	0	3824	0	306	0	0	0	0	0	0	0	0	0	0	0	784	0	0	0	2018	0	4228	0	122	0	0	0	170	0	0	0	0	0	444	0	0	354	784	0	0	0	572	258	0	0	3650	0	0	0	2434	0	0	0	1608	0	0	0	0	0	0	0	0	0	0	0	0	0	0	0	0	0	0	0	0	0	0	0	0	0	0	0	
21408	Heschl_R	0	1010	0	0	0	0	0	0	0	0	0	186	0	0	0	0	0	2428	0	452	0	0	0	0	0	0	0	0	0	1798	0	0	0	0	0	0	0	452	0	0	0	0	0	0	0	0	0	0	0	0	0	0	0	0	0	0	0	1208	0	0	0	0	0	0	0	0	0	0	0	476	0	0	0	0	0	0	0	0	0	0	0	2354	0	0	0	340	0	0	0	0	0	0	0	0	0	0	0	0	0	0	0	0	0	0	0	0	0	0	0	0	0	0	0	0	0	0	
280112	Temporal_Sup_L	8520	606	1656	1076	0	0	7712	0	0	0	15138	0	2452	0	194	0	23782	0	1532	1098	150	0	0	0	0	0	0	0	22000	0	0	0	0	0	0	0	2572	0	0	0	0	0	0	0	0	0	0	0	0	0	982	0	0	0	2782	0	5420	130	0	0	1884	0	6976	0	0	0	0	0	474	0	1098	378	1670	126	0	0	0	0	3650	0	0	0	2228	0	15958	0	142	0	7670	0	0	0	0	0	0	0	0	0	0	0	0	0	0	0	0	0	0	0	0	0	0	0	0	0	0	0	
163336	Temporal_Sup_R	0	3322	0	3226	0	0	0	4614	0	0	0	882	0	0	0	0	0	13072	0	1584	0	0	0	0	0	0	0	0	0	12034	0	0	0	112	0	220	0	2306	0	302	0	0	0	0	0	0	0	126	0	134	0	218	0	144	0	690	0	2338	0	338	0	496	0	4992	0	2256	154	2756	0	1118	0	1346	0	6792	0	0	0	152	0	2354	0	0	0	2000	0	9732	0	0	0	1858	0	0	0	0	0	0	0	0	0	0	0	0	0	0	0	0	0	0	0	0	0	0	0	0	0	0	
74368	Temporal_Pole_Sup_L	0	0	236	178	0	0	274	0	0	0	1062	0	446	0	228	0	518	0	282	182	152	0	0	0	0	0	0	0	3618	0	0	0	0	0	0	0	3154	0	1308	0	2142	0	0	0	0	0	0	0	0	0	0	0	0	0	3604	0	0	0	0	0	0	0	0	0	0	0	0	0	0	0	162	0	952	0	0	0	0	0	0	0	2228	0	0	0	4982	0	5672	0	5804	0	0	0	0	0	0	0	0	0	0	0	0	0	0	0	0	0	0	0	0	0	0	0	0	0	0	0	
94248	Temporal_Pole_Sup_R	0	0	0	1266	0	0	0	242	0	0	0	1878	0	0	0	0	0	1344	0	578	0	182	0	0	0	0	0	0	0	2850	0	0	0	0	0	0	0	6292	0	7610	0	5162	0	0	0	0	0	0	0	0	0	0	0	0	0	5324	0	0	0	0	0	0	0	0	0	0	0	0	0	0	0	1362	0	2538	0	0	0	0	0	0	0	2000	0	0	0	1662	0	3974	0	2860	0	0	0	0	0	0	0	0	0	0	0	0	0	0	0	0	0	0	0	0	0	0	0	0	0	0	
367076	Temporal_Mid_L	9204	0	396	514	0	0	636	0	0	0	1218	0	566	0	0	0	3926	0	798	1518	0	0	0	0	0	0	0	0	4980	0	0	0	0	846	1378	152	422	316	0	0	0	0	5824	0	724	0	1308	0	1070	0	28782	0	4960	0	2382	0	2216	0	1176	0	14568	0	12826	0	6890	0	1874	0	10048	238	458	0	648	0	0	0	0	0	2434	0	15958	0	4982	0	0	0	4316	0	30520	0	766	0	0	0	0	0	944	0	0	0	0	0	0	0	0	0	0	0	0	0	756	0	0	0	0	0	
234348	Temporal_Mid_R	0	1146	0	312	0	0	0	0	0	0	0	126	0	0	0	0	0	1064	0	3256	0	0	0	0	0	0	0	0	0	1150	0	0	392	3200	0	932	0	824	0	454	0	0	0	5142	0	2450	0	422	0	3432	0	14742	0	6518	0	1940	0	1148	0	1756	0	3472	0	10060	0	8380	950	10972	0	3574	0	106	0	314	0	0	0	0	0	340	0	9732	0	1662	0	0	0	408	0	16452	0	0	0	0	0	0	0	0	0	0	0	0	0	0	0	0	0	0	0	0	346	0	0	0	0	0	
40296	Temporal_Pole_Mid_L	0	0	0	0	0	0	0	0	0	0	0	0	0	0	0	0	0	0	0	0	0	0	0	0	0	0	0	0	0	0	0	0	0	0	0	0	724	0	1206	0	744	0	0	0	0	0	0	0	0	0	0	0	0	0	2780	0	0	0	0	0	0	0	0	0	0	0	0	0	0	0	0	0	0	0	0	0	0	0	0	0	142	0	5672	0	4316	0	0	0	4564	0	0	0	0	0	0	0	0	0	0	0	0	0	0	0	0	0	0	0	0	0	0	0	0	0	0	0	
26148	Temporal_Pole_Mid_R	0	0	0	0	0	0	0	0	0	0	0	0	0	0	0	0	0	0	0	0	0	0	0	0	0	0	0	0	0	0	0	0	0	0	0	0	0	1142	0	2598	0	1016	0	0	0	0	0	0	0	0	0	0	0	0	0	2304	0	0	0	0	0	0	0	0	0	0	0	0	0	0	0	0	0	106	0	0	0	0	0	0	0	0	0	3974	0	408	0	0	0	1526	0	0	0	0	0	0	0	0	0	0	0	0	0	0	0	0	0	0	0	0	0	0	0	0	0	0	
390364	Temporal_Inf_L	12012	284	2696	1270	0	0	1434	0	0	0	2962	0	2140	0	0	0	5928	0	4354	1468	0	0	0	0	0	0	0	0	19094	0	0	0	0	0	328	0	16968	218	1620	0	1696	0	384	0	0	0	464	0	0	0	7116	0	2294	0	25126	0	2570	0	530	0	2726	0	2480	0	0	0	300	0	7244	0	1010	290	5036	0	0	0	508	210	1608	0	7670	0	5804	0	30520	0	4564	0	0	0	4178	0	730	0	0	0	2636	0	3226	0	1180	0	0	0	0	0	0	0	0	0	306	0	0	0	0	0	
243068	Temporal_Inf_R	0	4122	0	104	0	0	0	232	0	0	0	270	0	0	0	0	0	148	0	4584	0	0	0	0	0	0	0	0	0	3168	0	0	0	578	0	1168	0	9806	0	4966	0	2430	0	3182	0	840	0	540	0	1758	0	4688	0	9752	0	23734	0	1190	0	348	0	356	0	2184	0	2168	0	4030	0	4512	0	0	0	1930	0	0	0	0	0	0	0	1858	0	2860	0	16452	0	1526	0	0	0	3308	0	0	0	0	0	162	0	2136	0	0	0	0	0	0	0	0	0	0	444	0	0	0	0	0	
837236	Cerebelum_Crus1_L	752	0	138	0	0	0	0	0	0	0	0	0	0	0	0	0	0	0	184	0	0	0	0	0	0	0	0	0	438	0	0	0	0	0	0	0	480	0	0	0	0	0	108	0	0	0	20822	4970	0	0	534	0	822	336	29576	2194	0	0	0	0	0	0	0	0	0	0	0	0	590	0	0	0	144	0	0	0	0	0	0	0	0	0	0	0	766	0	0	0	4178	0	0	10960	48902	5156	5290	3218	34080	7942	82986	18044	8684	2438	9878	7224	8626	6102	1758	174	1396	3682	22104	23026	15676	6000	13372	4868	
716016	Cerebelum_Crus1_R	0	858	0	0	0	0	0	0	0	0	0	0	0	0	0	0	0	0	0	314	0	0	0	0	0	0	0	0	0	276	0	0	0	0	0	222	0	820	0	438	0	0	0	0	0	0	8494	11524	0	0	0	0	230	2940	5144	27462	0	0	0	0	0	0	0	0	0	0	0	330	0	316	0	0	0	0	0	0	0	0	0	0	0	0	0	0	0	0	0	0	0	3308	10960	0	2772	29964	582	3600	8938	25142	14494	78496	808	5190	1312	19688	740	7572	0	2152	988	2798	15236	20806	23500	9112	6586	3896	
529904	Cerebelum_Crus2_L	0	0	0	0	0	0	0	0	0	0	0	0	0	0	0	0	0	0	136	0	0	0	0	0	0	0	0	0	228	0	0	0	0	0	0	0	232	0	0	0	0	0	0	0	0	0	1502	1600	0	0	0	0	152	148	2546	528	0	0	0	0	0	0	0	0	0	0	0	0	0	0	0	0	0	0	0	0	0	0	0	0	0	0	0	0	0	0	0	0	730	0	48902	2772	0	8812	2184	1206	5832	876	24936	3326	36566	6894	34674	10598	13940	4016	3080	0	818	1806	3290	6908	14478	10570	7896	2770	
336260	Cerebelum_Crus2_R	0	0	0	0	0	0	0	0	0	0	0	0	0	0	0	0	0	0	0	0	0	0	0	0	0	0	0	0	0	0	0	0	0	0	0	0	0	0	0	0	0	0	0	0	0	0	730	846	0	0	0	0	0	0	358	1078	0	0	0	0	0	0	0	0	0	0	0	0	0	0	0	0	0	0	0	0	0	0	0	0	0	0	0	0	0	0	0	0	0	0	5156	29964	8812	0	220	346	898	1886	3220	12172	1446	25178	1966	33356	232	7432	0	1064	384	604	1710	4680	14380	5862	2606	1544	
146120	Cerebelum_3_L	0	0	0	0	0	0	0	0	0	0	0	0	0	0	0	0	0	0	0	0	0	0	0	0	0	0	0	0	0	0	0	0	0	0	112	0	300	0	746	0	0	0	0	0	0	0	1850	0	0	0	0	0	0	0	1610	0	0	0	0	0	0	0	0	0	0	0	112	0	0	0	0	0	0	0	0	0	0	0	0	0	0	0	0	0	0	0	0	0	0	0	5290	582	2184	220	0	1532	8310	334	5866	1816	880	0	1466	428	8812	3078	174	0	2832	7094	3258	2304	1522	1862	6758	1728	
170048	Cerebelum_3_R	0	0	0	0	0	0	0	0	0	0	0	0	0	0	0	0	0	0	0	0	0	0	0	0	0	0	0	0	0	0	0	0	0	0	0	0	0	150	0	290	0	0	0	0	0	0	330	664	0	0	0	0	0	0	280	1042	0	0	0	0	0	0	0	0	0	0	0	0	0	0	0	0	0	0	0	0	0	0	0	0	0	0	0	0	0	0	0	0	0	0	3218	3600	1206	346	1532	0	4260	6526	3608	9552	222	0	332	2362	886	6160	0	0	1236	9160	5578	4894	4610	5408	6110	1462	
750616	Cerebelum_4_5_L	654	330	604	144	0	0	106	0	0	0	198	0	0	0	0	0	196	0	824	382	0	0	0	0	0	0	0	0	1958	0	0	0	476	0	6908	118	4782	0	3810	0	0	0	8676	0	728	0	28414	2786	0	0	2574	0	2156	612	27368	3774	140	0	0	0	0	0	0	0	0	0	8454	0	354	0	0	0	830	0	0	0	164	310	0	0	0	0	0	0	944	0	0	0	2636	0	34080	8938	5832	898	8310	4260	0	15172	53586	20274	3628	0	3166	1756	8534	5746	442	218	2850	6824	44448	12858	4224	3556	8086	5212	
453404	Cerebelum_4_5_R	0	492	0	128	0	0	0	0	0	0	0	134	0	0	0	0	0	0	0	264	0	0	0	0	0	0	0	0	0	328	0	0	0	0	0	192	0	2482	0	4470	0	0	0	0	0	0	8360	11136	0	0	0	0	562	2618	6340	17938	0	0	0	0	0	0	0	0	0	0	0	1420	0	0	0	0	0	260	0	0	0	266	0	0	0	0	0	0	0	0	0	0	0	162	7942	25142	876	1886	334	6526	15172	0	13644	42148	194	0	294	4142	886	1898	0	120	444	4096	25706	6954	3772	2796	2736	1442	
949996	Cerebelum_6_L	288	0	612	0	0	0	0	0	0	0	234	0	0	0	0	0	252	0	836	0	0	0	0	0	0	0	0	0	1658	0	0	0	0	0	0	0	2054	0	370	0	0	0	136	0	0	0	31936	10808	0	0	182	0	2590	3426	42990	7598	0	0	0	0	0	0	0	0	0	0	0	0	0	0	0	0	470	0	0	0	0	0	0	0	0	0	0	0	0	0	0	0	3226	0	82986	14494	24936	3220	5866	3608	53586	13644	0	26986	3678	488	3692	4100	8172	6018	798	216	1526	4024	33492	34446	12592	4452	13040	5272	
906208	Cerebelum_6_R	0	830	0	0	0	0	0	0	0	0	0	0	0	0	0	0	0	0	0	218	0	0	0	0	0	0	0	0	0	322	0	0	0	0	0	182	0	822	0	542	0	0	0	0	0	0	12768	16534	0	0	0	0	564	5932	9090	31754	0	0	0	0	0	0	0	0	0	0	0	202	0	216	0	0	0	0	0	0	0	0	0	0	0	0	0	0	0	0	0	0	0	2136	18044	78496	3326	12172	1816	9552	20274	42148	26986	0	504	486	668	12970	1710	9102	0	942	1586	7894	33262	34546	24350	12438	11230	6490	
284940	Cerebelum_7b_L	138	0	344	0	0	0	0	0	0	0	114	0	0	0	0	0	0	0	468	0	0	0	0	0	0	0	0	0	870	0	0	0	0	0	0	0	1138	0	174	0	0	0	0	0	0	0	0	0	0	0	0	0	0	0	1968	0	0	0	0	0	0	0	0	0	0	0	0	0	0	0	0	0	282	0	0	0	0	0	0	0	0	0	0	0	0	0	0	0	1180	0	8684	808	36566	1446	880	222	3628	194	3678	504	0	1972	35882	5272	13358	984	3266	0	362	608	732	466	4130	8200	2974	978	
182036	Cerebelum_7b_R	0	0	0	0	0	0	0	0	0	0	0	0	0	0	0	0	0	0	0	0	0	0	0	0	0	0	0	0	0	0	0	0	0	0	0	0	0	0	0	0	0	0	0	0	0	0	0	208	0	0	0	0	0	0	0	0	0	0	0	0	0	0	0	0	0	0	0	0	0	0	0	0	0	0	0	0	0	0	0	0	0	0	0	0	0	0	0	0	0	0	2438	5190	6894	25178	0	0	0	0	488	486	1972	0	2646	25842	0	6036	0	304	128	150	230	840	6524	4534	682	248	
323312	Cerebelum_8_L	0	0	0	0	0	0	0	0	0	0	0	0	0	0	0	0	0	0	0	0	0	0	0	0	0	0	0	0	0	0	0	0	0	0	0	0	0	0	0	0	0	0	0	0	0	0	0	0	0	0	0	0	0	0	314	0	0	0	0	0	0	0	0	0	0	0	0	0	0	0	0	0	0	0	0	0	0	0	0	0	0	0	0	0	0	0	0	0	0	0	9878	1312	34674	1966	1466	332	3166	294	3692	668	35882	2646	0	6904	22522	2644	4190	0	498	810	1102	758	4116	12198	7402	2222	
435064	Cerebelum_8_R	0	0	0	0	0	0	0	0	0	0	0	0	0	0	0	0	0	0	0	0	0	0	0	0	0	0	0	0	0	0	0	0	0	0	0	0	0	0	0	0	0	0	0	0	0	0	378	1008	0	0	0	0	0	156	378	1458	0	0	0	0	0	0	0	0	0	0	0	0	0	0	0	0	0	0	0	0	0	0	0	0	0	0	0	0	0	0	0	0	0	0	7224	19688	10598	33356	428	2362	1756	4142	4100	12970	5272	25842	6904	0	1184	22060	0	1160	758	2080	2658	4638	19912	16134	7218	1710	
271204	Cerebelum_9_L	0	0	0	0	0	0	0	0	0	0	0	0	0	0	0	0	0	0	0	0	0	0	0	0	0	0	0	0	0	0	0	0	0	0	0	0	0	0	0	0	0	0	0	0	0	0	876	0	0	0	0	0	0	0	1304	122	0	0	0	0	0	0	0	0	0	0	0	0	0	0	0	0	0	0	0	0	0	0	0	0	0	0	0	0	0	0	0	0	0	0	8626	740	13940	232	8812	886	8534	886	8172	1710	13358	0	22522	1184	0	4852	4252	0	2368	4022	4268	3026	1450	3670	12184	3606	
360540	Cerebelum_9_R	0	0	0	0	0	0	0	0	0	0	0	0	0	0	0	0	0	0	0	0	0	0	0	0	0	0	0	0	0	0	0	0	0	0	0	0	0	0	0	0	0	0	0	0	0	0	308	212	0	0	0	0	0	0	226	466	0	0	0	0	0	0	0	0	0	0	0	0	0	0	0	0	0	0	0	0	0	0	0	0	0	0	0	0	0	0	0	0	0	0	6102	7572	4016	7432	3078	6160	5746	1898	6018	9102	984	6036	2644	22060	4852	0	0	1074	3296	8150	8488	10114	10806	13622	20104	9704	
35920	Cerebelum_10_L	0	0	0	0	0	0	0	0	0	0	0	0	0	0	0	0	0	0	0	0	0	0	0	0	0	0	0	0	0	0	0	0	0	0	0	0	0	0	0	0	0	0	0	0	0	0	0	0	0	0	0	0	0	0	0	0	0	0	0	0	0	0	0	0	0	0	0	0	0	0	0	0	0	0	0	0	0	0	0	0	0	0	0	0	0	0	0	0	0	0	1758	0	3080	0	174	0	442	0	798	0	3266	0	4190	0	4252	0	0	0	0	0	0	0	0	0	0	0	
17524	Cerebelum_10_R	0	0	0	0	0	0	0	0	0	0	0	0	0	0	0	0	0	0	0	0	0	0	0	0	0	0	0	0	0	0	0	0	0	0	0	0	0	0	0	0	0	0	0	0	0	0	0	0	0	0	0	0	0	0	0	0	0	0	0	0	0	0	0	0	0	0	0	0	0	0	0	0	0	0	0	0	0	0	0	0	0	0	0	0	0	0	0	0	0	0	174	2152	0	1064	0	0	218	120	216	942	0	304	0	1160	0	1074	0	0	0	0	242	120	420	326	230	0	
87944	Vermis_1_2	0	0	0	0	0	0	0	0	0	0	0	0	0	0	0	0	0	0	0	0	0	0	0	0	0	0	0	0	0	0	0	0	0	0	0	0	0	0	0	0	0	0	0	0	0	0	0	0	0	0	0	0	0	0	0	0	0	0	0	0	0	0	0	0	0	0	0	0	0	0	0	0	0	0	0	0	0	0	0	0	0	0	0	0	0	0	0	0	0	0	1396	988	818	384	2832	1236	2850	444	1526	1586	362	128	498	758	2368	3296	0	0	0	7102	4164	2154	1870	1630	3114	2468	
