data	data	529688	160048	1.08345e+06	716808	177448	138788	641768	283268	77564	40456	249508	301624	288060	306092	243476	169528	178368	164920	874708	748008	122432	141180	393764	364456	47524	89372	98020	105072	782168	534860	228488	365348	101128	526812	80160	86308	334944	322544	122852	208308	48040	61384	175412	245976	154448	278088	224232	192864	142032	308184	400044	297944	110484	147776	382308	375952	291972	259352	215268	107372	222840	243344	90832	193496	161680	189860	314936	333424	375416	302424	280528	712984	383728	476912	66564	22744	207064	242204	93664	19756	229124	97732	102112	59872	265596	225316	31684	18508	267248	226740	420800	393968	290072	238388	60100	51096	221116	170092	405700	365004	212152	91068	298036	234360	138516	106560	32296	9316	26708	33184	154832	169104	161284	134572	85348	41436	
data	data	Precentral_L	Precentral_R	Frontal_Sup_L	Frontal_Sup_R	Frontal_Sup_Orb_L	Frontal_Sup_Orb_R	Frontal_Mid_L	Frontal_Mid_R	Frontal_Mid_Orb_L	Frontal_Mid_Orb_R	Frontal_Inf_Oper_L	Frontal_Inf_Oper_R	Frontal_Inf_Tri_L	Frontal_Inf_Tri_R	Frontal_Inf_Orb_L	Frontal_Inf_Orb_R	Rolandic_Oper_L	Rolandic_Oper_R	Supp_Motor_Area_L	Supp_Motor_Area_R	Olfactory_L	Olfactory_R	Frontal_Sup_Medial_L	Frontal_Sup_Medial_R	Frontal_Med_Orb_L	Frontal_Med_Orb_R	Rectus_L	Rectus_R	Insula_L	Insula_R	Cingulum_Ant_L	Cingulum_Ant_R	Cingulum_Mid_L	Cingulum_Mid_R	Cingulum_Post_L	Cingulum_Post_R	Hippocampus_L	Hippocampus_R	ParaHippocampal_L	ParaHippocampal_R	Amygdala_L	Amygdala_R	Calcarine_L	Calcarine_R	Cuneus_L	Cuneus_R	Lingual_L	Lingual_R	Occipital_Sup_L	Occipital_Sup_R	Occipital_Mid_L	Occipital_Mid_R	Occipital_Inf_L	Occipital_Inf_R	Fusiform_L	Fusiform_R	Postcentral_L	Postcentral_R	Parietal_Sup_L	Parietal_Sup_R	Parietal_Inf_L	Parietal_Inf_R	SupraMarginal_L	SupraMarginal_R	Angular_L	Angular_R	Precuneus_L	Precuneus_R	Paracentral_Lobule_L	Paracentral_Lobule_R	Caudate_L	Caudate_R	Putamen_L	Putamen_R	Pallidum_L	Pallidum_R	Thalamus_L	Thalamus_R	Heschl_L	Heschl_R	Temporal_Sup_L	Temporal_Sup_R	Temporal_Pole_Sup_L	Temporal_Pole_Sup_R	Temporal_Mid_L	Temporal_Mid_R	Temporal_Pole_Mid_L	Temporal_Pole_Mid_R	Temporal_Inf_L	Temporal_Inf_R	Cerebelum_Crus1_L	Cerebelum_Crus1_R	Cerebelum_Crus2_L	Cerebelum_Crus2_R	Cerebelum_3_L	Cerebelum_3_R	Cerebelum_4_5_L	Cerebelum_4_5_R	Cerebelum_6_L	Cerebelum_6_R	Cerebelum_7b_L	Cerebelum_7b_R	Cerebelum_8_L	Cerebelum_8_R	Cerebelum_9_L	Cerebelum_9_R	Cerebelum_10_L	Cerebelum_10_R	Vermis_1_2	Vermis_3	Vermis_4_5	Vermis_6	Vermis_7	Vermis_8	Vermis_9	Vermis_10	
529688	Precentral_L	0	1034	26346	324	0	0	19410	0	0	0	9038	0	832	0	0	0	8590	0	19708	5984	0	0	0	0	0	0	0	0	14210	0	0	0	364	2504	236	308	8718	1306	1898	274	0	0	234	170	186	0	472	0	140	0	2150	0	154	0	648	212	32336	252	1590	0	6568	112	1700	122	2574	0	1136	336	32282	4458	860	5898	9404	110	2994	0	14286	6618	7616	0	4786	0	0	0	1934	0	0	0	1316	106	0	0	0	0	0	0	0	0	0	0	0	0	0	0	0	0	0	0	0	0	0	0	0	0	0	0	
160048	Precentral_R	1034	0	526	4536	0	0	438	6980	0	0	0	2268	0	0	0	0	0	1724	1230	7976	0	0	0	0	0	0	0	0	278	4528	0	0	0	496	0	0	154	6884	0	332	0	0	0	0	0	0	0	0	0	0	0	0	0	98	0	182	168	14200	0	106	0	5130	0	6378	0	130	0	0	716	4906	438	200	1680	1224	2984	0	92	1472	0	124	0	0	0	0	0	168	0	0	0	244	0	0	0	0	0	0	0	0	0	0	0	0	0	0	0	0	0	0	0	0	0	0	0	0	0	0	
1.08345e+06	Frontal_Sup_L	26346	526	0	10732	8242	140	74810	2338	1442	0	24746	3980	21330	4574	14128	1274	11382	342	90830	13340	208	0	50020	10322	172	0	0	0	41700	7786	13768	3820	4320	6516	122	174	7528	426	1200	158	206	0	0	0	0	0	0	0	0	0	152	0	0	0	1204	120	4444	0	0	0	506	0	0	0	0	0	0	0	11502	1190	3274	14978	15582	7374	3748	0	5228	1504	1508	0	4670	0	3932	0	128	0	0	0	1732	0	0	0	0	0	0	0	0	0	0	0	0	0	0	0	0	0	0	0	0	0	0	0	0	0	0	0	
716808	Frontal_Sup_R	324	4536	10732	0	138	8772	4236	33494	0	586	200	22292	874	15014	306	3900	0	11692	12996	53496	100	360	14970	40186	110	3826	0	1292	2616	21728	4632	32718	748	24158	0	0	0	3582	0	772	0	0	0	0	0	0	0	0	0	0	0	0	0	0	0	562	0	1052	0	0	0	0	0	110	0	0	0	0	166	0	502	6892	244	8060	0	418	0	2488	0	162	0	1704	0	658	0	0	0	0	0	0	0	0	0	0	0	0	0	0	0	0	0	0	0	0	0	0	0	0	0	0	0	0	0	0	0	0	
177448	Frontal_Sup_Orb_L	0	0	8242	138	0	586	1276	0	12618	0	0	0	1504	0	15070	408	0	0	0	0	4364	3362	2252	126	3606	464	9484	1596	2644	0	1866	896	0	0	0	0	0	0	94	0	400	0	0	0	0	0	0	0	0	0	0	0	0	0	0	0	0	0	0	0	0	0	0	0	0	0	0	0	0	0	5750	2178	9128	532	0	0	0	0	0	0	0	0	140	0	0	0	0	0	0	0	0	0	0	0	0	0	0	0	0	0	0	0	0	0	0	0	0	0	0	0	0	0	0	0	0	0	
138788	Frontal_Sup_Orb_R	0	0	140	8772	586	0	0	1472	184	3458	0	0	0	1756	0	6422	0	0	0	0	1266	2804	0	5294	160	7396	794	9652	142	1376	404	4912	0	0	0	0	0	0	0	0	0	0	0	0	0	0	0	0	0	0	0	0	0	0	0	0	0	0	0	0	0	0	0	0	0	0	0	0	0	0	1324	6652	0	4428	0	0	0	0	0	0	0	0	0	0	0	0	0	0	0	0	0	0	0	0	0	0	0	0	0	0	0	0	0	0	0	0	0	0	0	0	0	0	0	0	0	0	
641768	Frontal_Mid_L	19410	438	74810	4236	1276	0	0	1640	1902	0	10374	1872	27172	5000	11514	1230	3336	282	18184	2282	0	0	26810	3438	0	0	0	0	33370	5992	8270	864	2280	2070	0	0	2976	106	116	0	0	0	0	0	0	0	0	0	0	0	174	0	0	0	756	0	2788	0	372	0	1628	0	0	0	530	0	0	0	196	0	6796	15774	7118	7230	0	0	868	906	1350	0	1240	128	0	0	396	0	0	0	1384	0	0	0	0	0	0	0	0	0	0	0	0	0	0	0	0	0	0	0	0	0	0	0	0	0	0	0	
283268	Frontal_Mid_R	0	6980	2338	33494	0	1472	1640	0	0	310	0	9660	256	13376	0	3228	0	4432	3396	5668	0	0	5026	8714	0	0	0	0	922	7434	1112	7382	592	8254	0	0	0	2854	0	554	0	0	0	0	0	0	0	0	0	0	0	0	0	92	0	268	0	844	0	0	0	654	0	800	0	0	0	0	0	0	696	2094	1208	3216	1128	0	0	780	0	96	0	278	0	0	0	138	0	0	0	248	0	0	0	0	0	0	0	0	0	0	0	0	0	0	0	0	0	0	0	0	0	0	0	0	0	0	
77564	Frontal_Mid_Orb_L	0	0	1442	0	12618	184	1902	0	0	0	0	0	414	0	12402	0	0	0	0	0	572	564	0	0	0	0	2696	354	208	0	0	0	0	0	0	0	0	0	0	0	0	0	0	0	0	0	0	0	0	0	0	0	0	0	0	0	0	0	0	0	0	0	0	0	0	0	0	0	0	0	1326	298	3802	0	0	0	0	0	0	0	0	0	0	0	0	0	0	0	0	0	0	0	0	0	0	0	0	0	0	0	0	0	0	0	0	0	0	0	0	0	0	0	0	0	0	0	
40456	Frontal_Mid_Orb_R	0	0	0	586	0	3458	0	310	0	0	0	0	0	454	0	8274	0	0	0	0	0	416	0	0	0	348	0	572	0	1132	0	180	0	0	0	0	0	0	0	0	0	0	0	0	0	0	0	0	0	0	0	0	0	0	0	0	0	0	0	0	0	0	0	0	0	0	0	0	0	0	0	1308	0	3190	0	0	0	0	0	0	0	0	0	0	0	0	0	0	0	0	0	0	0	0	0	0	0	0	0	0	0	0	0	0	0	0	0	0	0	0	0	0	0	0	0	0	
249508	Frontal_Inf_Oper_L	9038	0	24746	200	0	0	10374	0	0	0	0	0	14652	166	368	0	10192	0	22138	236	0	0	134	0	0	0	0	0	16778	176	0	0	0	0	0	0	1506	0	0	0	0	0	0	0	0	0	0	0	0	0	0	0	0	0	128	0	3548	0	0	0	0	0	0	0	0	0	0	0	0	0	0	800	324	0	0	0	0	0	340	0	3832	0	4838	0	0	0	0	0	240	0	0	0	0	0	0	0	0	0	0	0	0	0	0	0	0	0	0	0	0	0	0	0	0	0	0	0	
301624	Frontal_Inf_Oper_R	0	2268	3980	22292	0	0	1872	9660	0	0	0	0	620	16400	138	0	0	10300	6390	19948	0	0	396	908	0	0	0	0	2550	23838	196	1104	114	6800	0	0	0	740	0	578	0	0	0	0	0	0	0	0	0	0	0	0	0	0	0	126	0	1228	0	0	0	322	0	378	0	0	0	0	0	0	758	7546	234	5166	0	0	0	0	0	0	0	2578	0	1384	0	0	0	0	0	0	0	0	0	0	0	0	0	0	0	0	0	0	0	0	0	0	0	0	0	0	0	0	0	0	0	0	
288060	Frontal_Inf_Tri_L	832	0	21330	874	1504	0	27172	256	414	0	14652	620	0	1390	19896	208	214	0	10998	1080	0	0	1922	0	0	0	0	0	24434	1608	1378	0	112	104	0	0	404	0	0	0	0	0	0	0	0	0	0	0	0	0	0	0	0	0	0	0	380	0	0	0	0	0	0	0	0	0	0	0	0	0	2376	4874	2918	1682	0	0	0	0	0	0	98	0	300	0	0	0	0	0	0	0	0	0	0	0	0	0	0	0	0	0	0	0	0	0	0	0	0	0	0	0	0	0	0	0	0	0	
306092	Frontal_Inf_Tri_R	0	0	4574	15014	0	1756	5000	13376	0	454	166	16400	1390	0	386	5568	0	406	6480	9912	0	0	1388	6290	0	568	0	0	5410	24528	542	5644	148	8126	0	0	0	0	0	0	0	0	0	0	0	0	0	0	0	0	0	0	0	0	0	0	0	0	0	0	0	0	0	0	0	0	0	0	0	0	2832	12570	384	3516	0	0	0	0	0	0	0	0	0	218	0	0	0	0	0	0	0	0	0	0	0	0	0	0	0	0	0	0	0	0	0	0	0	0	0	0	0	0	0	0	0	0	
243476	Frontal_Inf_Orb_L	0	0	14128	306	15070	0	11514	0	12402	0	368	138	19896	386	0	218	0	0	1692	446	1158	0	1534	0	0	0	808	0	19802	566	1370	108	0	0	0	0	206	0	268	0	446	0	0	0	0	0	0	0	0	0	0	0	0	0	0	0	0	0	0	0	0	0	0	0	0	0	0	0	0	0	2684	1886	11882	1112	0	0	0	0	0	0	0	0	1344	0	0	0	0	0	0	0	0	0	0	0	0	0	0	0	0	0	0	0	0	0	0	0	0	0	0	0	0	0	0	0	0	0	
169528	Frontal_Inf_Orb_R	0	0	1274	3900	408	6422	1230	3228	0	8274	0	0	208	5568	218	0	0	0	614	128	288	2526	488	2298	0	434	238	2828	2398	9482	348	2674	0	384	0	0	0	320	0	206	0	308	0	0	0	0	0	0	0	0	0	0	0	0	0	0	0	0	0	0	0	0	0	0	0	0	0	0	0	0	1664	10874	758	13074	0	0	154	1402	0	0	0	0	0	146	0	0	0	0	0	0	0	0	0	0	0	0	0	0	0	0	0	0	0	0	0	0	0	0	0	0	0	0	0	0	0	0	
178368	Rolandic_Oper_L	8590	0	11382	0	0	0	3336	0	0	0	10192	0	214	0	0	0	0	0	10106	430	0	0	0	0	0	0	0	0	12524	0	0	0	0	0	0	0	938	0	0	0	0	0	0	0	0	0	0	0	0	0	860	0	0	0	0	0	7354	0	878	0	564	0	1938	0	1126	0	332	0	132	398	0	0	0	0	0	0	0	0	3054	0	11120	0	2332	0	996	0	0	0	388	0	0	0	0	0	0	0	0	0	0	0	0	0	0	0	0	0	0	0	0	0	0	0	0	0	0	0	
164920	Rolandic_Oper_R	0	1724	342	11692	0	0	282	4432	0	0	0	10300	0	406	0	0	0	0	1794	11836	0	0	0	0	0	0	0	0	376	19212	0	0	0	418	0	0	0	1240	0	794	0	0	0	0	0	0	0	0	0	0	0	0	0	0	0	172	0	3378	0	0	0	598	0	1892	0	0	0	0	0	202	0	1620	0	3118	0	0	0	262	0	1136	0	3752	0	1390	0	92	0	0	0	0	0	0	0	0	0	0	0	0	0	0	0	0	0	0	0	0	0	0	0	0	0	0	0	0	0	0	
874708	Supp_Motor_Area_L	19708	1230	90830	12996	0	0	18184	3396	0	0	22138	6390	10998	6480	1692	614	10106	1794	0	38560	0	0	8414	5218	0	112	0	0	28958	10424	3558	1522	8866	15612	752	136	7396	1628	644	748	490	0	0	0	0	0	0	0	0	0	108	0	0	0	1486	416	2364	240	0	0	0	170	0	216	0	0	122	0	14614	3844	2790	18006	16046	11498	4734	1898	5194	2600	238	0	4302	364	4150	176	0	0	0	0	2184	0	0	0	0	0	0	0	0	0	0	0	0	0	0	0	0	0	0	0	0	0	0	0	0	0	0	0	
748008	Supp_Motor_Area_R	5984	7976	13340	53496	0	0	2282	5668	0	0	236	19948	1080	9912	446	128	430	11836	38560	0	0	0	1878	5768	0	112	0	0	3256	19694	1268	3780	2446	40066	478	612	188	8042	0	1436	0	0	0	0	0	0	0	0	0	0	0	0	0	0	0	964	562	3130	0	0	0	252	0	396	0	94	100	292	13810	37054	608	11148	1250	10636	410	2574	1944	24620	110	246	414	2118	0	740	0	0	0	0	0	186	0	0	0	0	0	0	0	0	0	0	0	0	0	0	0	0	0	0	0	0	0	0	0	0	0	0	
122432	Olfactory_L	0	0	208	100	4364	1266	0	0	572	0	0	0	0	0	1158	288	0	0	0	0	0	10498	0	0	2356	642	6376	3118	2432	0	3604	4014	0	0	0	0	152	0	484	0	992	0	0	0	0	0	0	0	0	0	0	0	0	0	0	0	0	0	0	0	0	0	0	0	0	0	0	0	0	0	9934	6062	1354	976	0	0	0	0	0	0	0	0	266	0	0	0	0	0	0	0	0	0	0	0	0	0	0	0	0	0	0	0	0	0	0	0	0	0	0	0	0	0	0	0	0	0	
141180	Olfactory_R	0	0	0	360	3362	2804	0	0	564	416	0	0	0	0	0	2526	0	0	0	0	10498	0	0	0	1880	1832	5914	6746	0	2188	3438	5274	0	0	0	0	0	0	0	376	0	860	0	0	0	0	0	0	0	0	0	0	0	0	0	0	0	0	0	0	0	0	0	0	0	0	0	0	0	0	9958	8648	1158	1594	0	0	0	0	0	0	0	0	0	194	0	0	0	0	0	0	0	0	0	0	0	0	0	0	0	0	0	0	0	0	0	0	0	0	0	0	0	0	0	0	0	0	
393764	Frontal_Sup_Medial_L	0	0	50020	14970	2252	0	26810	5026	0	0	134	396	1922	1388	1534	488	0	0	8414	1878	0	0	0	27346	962	326	0	0	3666	914	16176	11692	4738	12988	0	0	0	0	0	0	0	0	0	0	0	0	0	0	0	0	0	0	0	0	0	0	0	0	0	0	0	0	0	0	0	0	0	0	0	0	514	1396	358	574	0	0	0	0	0	0	0	0	0	0	0	0	0	0	0	0	0	0	0	0	0	0	0	0	0	0	0	0	0	0	0	0	0	0	0	0	0	0	0	0	0	0	
364456	Frontal_Sup_Medial_R	0	0	10322	40186	126	5294	3438	8714	0	0	0	908	0	6290	0	2298	0	0	5218	5768	0	0	27346	0	222	4896	0	948	266	3750	4830	27264	172	16872	0	0	0	0	0	0	0	0	0	0	0	0	0	0	0	0	0	0	0	0	0	0	0	0	0	0	0	0	0	0	0	0	0	0	0	0	152	4806	0	2142	0	0	0	0	0	0	0	0	0	0	0	0	0	0	0	0	0	0	0	0	0	0	0	0	0	0	0	0	0	0	0	0	0	0	0	0	0	0	0	0	0	0	
47524	Frontal_Med_Orb_L	0	0	172	110	3606	160	0	0	0	0	0	0	0	0	0	0	0	0	0	0	2356	1880	962	222	0	900	3748	814	0	0	3016	1060	0	0	0	0	0	0	0	0	0	0	0	0	0	0	0	0	0	0	0	0	0	0	0	0	0	0	0	0	0	0	0	0	0	0	0	0	0	0	2512	1510	226	508	0	0	0	0	0	0	0	0	0	0	0	0	0	0	0	0	0	0	0	0	0	0	0	0	0	0	0	0	0	0	0	0	0	0	0	0	0	0	0	0	0	0	
89372	Frontal_Med_Orb_R	0	0	0	3826	464	7396	0	0	0	348	0	0	0	568	0	434	0	0	112	112	642	1832	326	4896	900	0	648	6448	0	542	1174	6416	0	258	0	0	0	0	0	0	0	0	0	0	0	0	0	0	0	0	0	0	0	0	0	0	0	0	0	0	0	0	0	0	0	0	0	0	0	0	700	4512	0	2132	0	0	0	0	0	0	0	0	0	0	0	0	0	0	0	0	0	0	0	0	0	0	0	0	0	0	0	0	0	0	0	0	0	0	0	0	0	0	0	0	0	0	
98020	Rectus_L	0	0	0	0	9484	794	0	0	2696	0	0	0	0	0	808	238	0	0	0	0	6376	5914	0	0	3748	648	0	2274	0	0	1980	2264	0	0	0	0	0	0	0	0	0	0	0	0	0	0	0	0	0	0	0	0	0	0	0	0	0	0	0	0	0	0	0	0	0	0	0	0	0	0	6794	3096	1328	568	0	0	0	0	0	0	0	0	0	0	0	0	0	0	0	0	0	0	0	0	0	0	0	0	0	0	0	0	0	0	0	0	0	0	0	0	0	0	0	0	0	0	
105072	Rectus_R	0	0	0	1292	1596	9652	0	0	354	572	0	0	0	0	0	2828	0	0	0	0	3118	6746	0	948	814	6448	2274	0	0	1230	562	2960	0	0	0	0	0	0	0	0	0	160	0	0	0	0	0	0	0	0	0	0	0	0	0	0	0	0	0	0	0	0	0	0	0	0	0	0	0	0	3016	5340	102	2524	0	0	0	0	0	0	0	0	0	0	0	0	0	0	0	0	0	0	0	0	0	0	0	0	0	0	0	0	0	0	0	0	0	0	0	0	0	0	0	0	0	0	
782168	Insula_L	14210	278	41700	2616	2644	142	33370	922	208	0	16778	2550	24434	5410	19802	2398	12524	376	28958	3256	2432	0	3666	266	0	0	0	0	0	8218	3820	596	188	688	0	238	21806	600	1290	252	4710	0	0	0	0	0	0	0	0	0	1118	0	0	0	4758	192	8322	0	984	0	1100	0	2578	0	992	0	214	0	346	0	11292	23976	21938	13336	0	0	1872	156	9698	0	9216	140	8350	0	1752	0	0	0	7408	0	0	0	0	0	0	0	0	0	0	0	0	0	0	0	0	0	0	0	0	0	0	0	0	0	0	0	
534860	Insula_R	0	4528	7786	21728	0	1376	5992	7434	0	1132	176	23838	1608	24528	566	9482	0	19212	10424	19694	0	2188	914	3750	0	542	0	1230	8218	0	756	4258	130	7556	0	0	0	7964	0	5128	0	1924	0	0	0	0	0	0	0	0	0	0	0	0	0	2346	0	3068	0	0	0	218	0	348	0	0	0	0	0	0	2904	19820	2034	26390	0	0	0	842	0	588	0	2346	0	1534	0	298	0	0	0	532	0	0	0	0	0	0	0	100	0	0	0	0	0	0	0	0	0	0	0	0	0	0	0	0	0	0	
228488	Cingulum_Ant_L	0	0	13768	4632	1866	404	8270	1112	0	0	0	196	1378	542	1370	348	0	0	3558	1268	3604	3438	16176	4830	3016	1174	1980	562	3820	756	0	15518	6374	2644	0	0	0	0	0	0	0	0	0	0	0	0	0	0	0	0	0	0	0	0	0	0	0	0	0	0	0	0	0	0	0	0	0	0	0	0	4858	4506	1154	1122	0	0	0	0	0	0	0	0	0	0	0	0	0	0	0	0	0	0	0	0	0	0	0	0	0	0	0	0	0	0	0	0	0	0	0	0	0	0	0	0	0	0	
365348	Cingulum_Ant_R	0	0	3820	32718	896	4912	864	7382	0	180	0	1104	0	5644	108	2674	0	0	1522	3780	4014	5274	11692	27264	1060	6416	2264	2960	596	4258	15518	0	1042	18780	0	0	0	0	0	0	0	0	0	0	0	0	0	0	0	0	0	0	0	0	0	0	0	0	0	0	0	0	0	0	0	0	0	0	0	0	3430	9592	318	2592	0	0	0	0	0	0	0	0	0	0	0	0	0	0	0	0	0	0	0	0	0	0	0	0	0	0	0	0	0	0	0	0	0	0	0	0	0	0	0	0	0	0	
101128	Cingulum_Mid_L	364	0	4320	748	0	0	2280	592	0	0	0	114	112	148	0	0	0	0	8866	2446	0	0	4738	172	0	0	0	0	188	130	6374	1042	0	6842	2996	330	0	0	0	0	0	0	0	0	0	0	0	0	0	0	130	0	0	0	0	0	0	0	104	0	0	0	0	0	0	0	1914	532	3980	966	0	136	0	0	0	0	0	0	0	0	0	0	0	0	0	0	0	0	0	0	0	0	0	0	0	0	0	0	0	0	0	0	0	0	0	0	0	0	0	0	0	0	0	0	0	0	
526812	Cingulum_Mid_R	2504	496	6516	24158	0	0	2070	8254	0	0	0	6800	104	8126	0	384	0	418	15612	40066	0	0	12988	16872	0	258	0	0	688	7556	2644	18780	6842	0	948	2428	0	496	0	148	0	0	0	2432	0	2068	0	424	0	1764	0	1600	0	1994	0	772	0	10452	0	718	0	892	0	1020	0	584	988	9028	8452	18148	184	3524	118	1610	0	672	0	2556	0	214	0	836	0	0	0	2516	0	0	0	3684	0	0	0	0	0	0	0	0	0	0	0	0	0	0	0	0	0	0	0	0	0	0	0	0	0	0	
80160	Cingulum_Post_L	236	0	122	0	0	0	0	0	0	0	0	0	0	0	0	0	0	0	752	478	0	0	0	0	0	0	0	0	0	0	0	0	2996	948	0	6650	2114	1734	272	952	0	0	2816	0	1460	0	740	104	214	0	1616	0	94	0	142	848	372	288	694	0	526	0	0	0	500	0	5630	1086	4706	508	0	0	0	0	0	0	0	0	0	0	0	0	0	0	242	0	0	0	0	240	0	0	0	0	0	0	0	0	0	0	0	0	0	0	0	0	0	0	0	0	0	0	0	0	0	0	
86308	Cingulum_Post_R	308	0	174	0	0	0	0	0	0	0	0	0	0	0	0	0	0	0	136	612	0	0	0	0	0	0	0	0	238	0	0	0	330	2428	6650	0	3132	4602	724	2274	0	0	0	1962	0	208	376	1150	0	146	0	216	0	784	268	2422	0	1152	0	0	0	0	0	0	0	0	896	6966	346	1074	0	0	180	0	0	0	874	134	0	0	0	0	0	0	0	368	0	0	0	1520	0	0	0	0	0	0	0	0	0	0	0	0	0	0	0	0	0	0	0	0	504	0	0	0	0	0	
334944	Hippocampus_L	8718	154	7528	0	0	0	2976	0	0	0	1506	0	404	0	206	0	938	0	7396	188	152	0	0	0	0	0	0	0	21806	0	0	0	0	0	2114	3132	0	3446	15054	1320	8570	0	1126	0	0	0	5532	732	0	0	0	0	168	0	15822	1086	1176	0	0	0	0	0	0	0	0	0	5250	1020	3998	0	0	602	12806	130	702	0	6904	470	3826	0	4606	0	1114	0	344	0	0	0	13114	264	0	0	0	0	0	0	492	0	0	0	0	0	0	0	0	0	0	0	0	402	178	0	0	0	0	0	
322544	Hippocampus_R	1306	6884	426	3582	0	0	106	2854	0	0	0	740	0	0	0	320	0	1240	1628	8042	0	0	0	0	0	0	0	0	600	7964	0	0	0	496	1734	4602	3446	0	854	28956	0	9650	0	0	0	174	536	1766	0	234	0	190	0	0	430	24614	0	618	0	0	0	196	0	244	0	98	704	3206	216	3200	196	626	1044	18832	0	436	3168	3648	0	140	0	904	0	728	0	800	0	0	0	6576	0	248	0	0	0	0	0	1034	0	420	0	0	0	0	0	0	0	0	0	0	616	0	0	0	0	0	
122852	ParaHippocampal_L	1898	0	1200	0	94	0	116	0	0	0	0	0	0	0	268	0	0	0	644	0	484	0	0	0	0	0	0	0	1290	0	0	0	0	0	272	724	15054	854	0	162	2292	0	806	0	0	0	7706	392	0	0	0	0	0	0	8338	122	0	0	0	0	0	0	0	0	0	0	6106	290	1776	0	0	0	3472	0	232	0	1908	0	0	0	270	0	550	0	0	0	162	0	1558	0	96	0	0	0	142	0	1218	0	612	0	0	0	0	0	0	0	0	0	0	174	144	0	0	0	0	0	
208308	ParaHippocampal_R	274	332	158	772	0	0	0	554	0	0	0	578	0	0	0	206	0	794	748	1436	0	376	0	0	0	0	0	0	252	5128	0	0	0	148	952	2274	1320	28956	162	0	0	8818	0	562	0	0	122	2862	0	0	0	0	0	0	0	20600	0	252	0	0	0	0	0	94	0	0	316	3100	0	0	98	324	428	9792	0	304	784	638	0	0	0	106	0	1936	0	106	0	768	0	3192	0	500	0	0	0	0	0	1762	0	826	0	0	0	0	0	0	0	0	0	0	444	0	0	0	0	0	
48040	Amygdala_L	0	0	206	0	400	0	0	0	0	0	0	0	0	0	446	0	0	0	490	0	992	0	0	0	0	0	0	0	4710	0	0	0	0	0	0	0	8570	0	2292	0	0	0	0	0	0	0	0	0	0	0	0	0	0	0	2878	0	0	0	0	0	0	0	0	0	0	0	0	0	0	0	0	0	2062	0	0	0	112	0	0	0	0	0	384	0	0	0	0	0	478	0	0	0	0	0	0	0	0	0	0	0	0	0	0	0	0	0	0	0	0	0	0	0	0	0	0	0	
61384	Amygdala_R	0	0	0	0	0	0	0	0	0	0	0	0	0	0	0	308	0	0	0	0	0	860	0	0	0	0	0	160	0	1924	0	0	0	0	0	0	0	9650	0	8818	0	0	0	0	0	0	0	0	0	0	0	0	0	0	0	5798	0	0	0	0	0	0	0	0	0	0	0	0	0	0	0	0	0	1500	0	0	0	0	0	0	0	0	0	1674	0	0	0	0	0	0	0	0	0	0	0	0	0	0	0	0	0	0	0	0	0	0	0	0	0	0	0	0	0	0	0	0	
175412	Calcarine_L	234	0	0	0	0	0	0	0	0	0	0	0	0	0	0	0	0	0	0	0	0	0	0	0	0	0	0	0	0	0	0	0	0	0	2816	0	1126	0	806	0	0	0	0	4920	12862	2764	8932	1432	5350	1630	17830	652	3302	114	720	0	1236	0	3954	0	2178	0	0	0	1252	0	11686	106	426	132	0	0	0	0	0	0	0	0	0	0	0	0	0	0	970	110	0	0	0	0	0	0	0	0	0	0	166	0	0	0	0	0	0	0	0	0	0	0	0	0	0	0	0	0	0	0	
245976	Calcarine_R	170	0	0	0	0	0	0	0	0	0	0	0	0	0	0	0	0	0	0	0	0	0	0	0	0	0	0	0	0	0	0	0	0	2432	0	1962	0	0	0	562	0	0	4920	0	2376	17210	1950	14562	0	14766	0	16852	0	8406	0	5188	0	2182	0	0	0	714	0	220	0	534	604	15518	170	1966	0	0	0	0	0	0	0	0	0	0	0	0	0	0	0	5612	0	0	0	4112	0	0	0	0	0	0	0	0	0	0	0	0	0	0	0	0	0	0	0	0	0	0	0	0	0	0	
154448	Cuneus_L	186	0	0	0	0	0	0	0	0	0	0	0	0	0	0	0	0	0	0	0	0	0	0	0	0	0	0	0	0	0	0	0	0	0	1460	0	0	0	0	0	0	0	12862	2376	0	5250	2102	0	15590	2044	15446	234	802	0	134	0	1158	0	3780	0	1958	0	0	0	1090	0	9390	390	420	0	0	0	0	0	0	0	0	0	0	0	0	0	0	0	552	0	0	0	0	0	0	0	0	0	0	0	0	0	0	0	0	0	0	0	0	0	0	0	0	0	0	0	0	0	0	0	
278088	Cuneus_R	0	0	0	0	0	0	0	0	0	0	0	0	0	0	0	0	0	0	0	0	0	0	0	0	0	0	0	0	0	0	0	0	0	2068	0	208	0	174	0	0	0	0	2764	17210	5250	0	252	2074	0	35358	0	19664	0	2946	0	974	0	2236	0	5098	0	4946	0	474	0	4634	4110	24018	0	1394	0	0	0	0	0	0	0	0	0	0	0	0	0	0	0	2028	0	0	0	1164	0	0	0	0	0	0	0	0	0	0	0	0	0	0	0	0	0	0	0	0	0	0	0	0	0	0	
224232	Lingual_L	472	0	0	0	0	0	0	0	0	0	0	0	0	0	0	0	0	0	0	0	0	0	0	0	0	0	0	0	0	0	0	0	0	0	740	376	5532	536	7706	122	0	0	8932	1950	2102	252	0	2392	2240	144	11412	0	6118	0	18688	100	0	0	0	0	0	0	0	0	0	0	8806	0	422	0	0	0	454	0	0	0	950	0	0	0	0	0	0	0	0	0	0	0	1126	0	5378	342	678	162	694	0	7902	278	10612	544	0	0	0	0	122	0	0	0	0	0	1372	1032	1428	0	0	0	
192864	Lingual_R	0	0	0	0	0	0	0	0	0	0	0	0	0	0	0	0	0	0	0	0	0	0	0	0	0	0	0	0	0	0	0	0	0	424	104	1150	732	1766	392	2862	0	0	1432	14562	0	2074	2392	0	0	2624	0	6900	0	7104	426	15666	0	774	0	0	0	0	0	0	0	0	138	5942	216	662	0	0	152	0	0	112	406	0	0	0	0	0	0	0	0	3678	0	0	0	2244	758	2830	136	112	252	314	636	3442	1130	4632	0	0	0	130	114	0	0	0	0	188	3346	2932	546	0	0	0	
142032	Occipital_Sup_L	140	0	0	0	0	0	0	0	0	0	0	0	0	0	0	0	0	0	0	0	0	0	0	0	0	0	0	0	0	0	0	0	0	0	214	0	0	0	0	0	0	0	5350	0	15590	0	2240	0	0	0	21054	0	822	0	0	0	680	0	10334	0	702	0	0	0	0	0	11492	0	328	0	0	0	0	0	0	0	0	0	0	0	0	0	0	0	2070	0	0	0	0	0	0	0	0	0	0	0	0	0	0	0	0	0	0	0	0	0	0	0	0	0	0	0	0	0	0	0	
308184	Occipital_Sup_R	0	0	0	0	0	0	0	0	0	0	0	0	0	0	0	0	0	0	0	0	0	0	0	0	0	0	0	0	0	0	0	0	0	1764	0	146	0	234	0	0	0	0	1630	14766	2044	35358	144	2624	0	0	0	30726	0	2402	0	1270	0	2110	0	8698	0	7982	0	578	0	11370	3114	23208	0	1052	0	0	0	0	0	0	0	0	0	0	0	124	0	0	0	1916	0	0	0	832	0	0	0	0	0	0	0	0	0	0	0	0	0	0	0	0	0	0	0	0	0	0	0	0	0	0	
400044	Occipital_Mid_L	2150	0	152	0	0	0	174	0	0	0	0	0	0	0	0	0	860	0	108	0	0	0	0	0	0	0	0	0	1118	0	0	0	130	0	1616	0	0	0	0	0	0	0	17830	0	15446	0	11412	0	21054	0	0	0	18826	0	2112	0	7262	0	23290	0	15420	0	2440	0	13818	0	19656	0	2798	104	0	0	0	0	0	0	0	0	1162	0	1426	0	0	0	17240	0	0	0	2418	0	0	0	0	0	0	0	0	0	0	0	0	0	0	0	0	0	0	0	0	0	0	0	0	0	0	0	
297944	Occipital_Mid_R	0	0	0	0	0	0	0	0	0	0	0	0	0	0	0	0	0	0	0	0	0	0	0	0	0	0	0	0	0	0	0	0	0	1600	0	216	0	190	0	0	0	0	652	16852	234	19664	0	6900	0	30726	0	0	0	9916	0	3590	0	1338	0	4128	0	6312	0	668	0	14382	1692	14108	0	788	0	0	0	0	0	0	0	0	0	0	0	318	0	0	0	12414	0	0	0	2284	0	0	0	0	0	0	0	0	0	0	0	0	0	0	0	0	0	0	0	0	0	0	0	0	0	0	
110484	Occipital_Inf_L	154	0	0	0	0	0	0	0	0	0	0	0	0	0	0	0	0	0	0	0	0	0	0	0	0	0	0	0	0	0	0	0	0	0	94	0	168	0	0	0	0	0	3302	0	802	0	6118	0	822	0	18826	0	0	0	7120	0	296	0	2906	0	412	0	156	0	0	0	2462	0	92	0	0	0	0	0	0	0	0	0	1022	0	1144	0	0	0	3120	0	0	0	5660	0	126	0	0	0	0	0	110	0	330	0	0	0	0	0	0	0	0	0	0	0	0	0	0	0	0	0	
147776	Occipital_Inf_R	0	98	0	0	0	0	0	92	0	0	0	0	0	0	0	0	0	0	0	0	0	0	0	0	0	0	0	0	0	0	0	0	0	1994	0	784	0	0	0	0	0	0	114	8406	0	2946	0	7104	0	2402	0	9916	0	0	0	7454	0	2338	0	0	0	548	0	402	0	426	0	3548	0	2014	0	0	0	0	0	0	0	0	0	0	0	184	0	0	0	10194	0	0	0	12462	0	0	0	0	0	0	0	164	0	154	0	0	0	0	0	0	0	0	0	0	144	0	0	0	0	0	
382308	Fusiform_L	648	0	1204	0	0	0	756	0	0	0	128	0	0	0	0	0	0	0	1486	0	0	0	0	0	0	0	0	0	4758	0	0	0	0	0	142	268	15822	430	8338	0	2878	0	720	0	134	0	18688	426	0	0	2112	0	7120	0	0	0	0	0	0	0	0	0	0	0	0	0	4568	0	422	0	0	92	1156	0	0	0	1422	0	1106	0	3830	0	1720	0	1294	0	1296	0	21200	0	25958	302	1318	156	858	0	15436	192	37820	336	274	0	1242	0	350	0	132	0	0	0	698	524	1394	0	0	0	
375952	Fusiform_R	212	182	120	562	0	0	0	268	0	0	0	126	0	0	0	0	0	172	416	964	0	0	0	0	0	0	0	0	192	2346	0	0	0	772	848	2422	1086	24614	122	20600	0	5798	0	5188	0	974	100	15666	0	1270	0	3590	0	7454	0	0	0	1828	0	0	0	0	0	126	0	0	342	6490	0	1384	0	222	330	5930	0	162	586	538	0	0	0	756	0	6604	0	4974	0	3056	0	16142	160	11670	0	850	0	580	0	7056	370	15072	0	0	0	1710	170	248	0	0	0	0	2652	1468	126	120	190	0	
291972	Postcentral_L	32336	168	4444	0	0	0	2788	0	0	0	3548	0	380	0	0	0	7354	0	2364	562	0	0	0	0	0	0	0	0	8322	0	0	0	0	0	372	0	1176	0	0	0	0	0	1236	0	1158	0	0	0	680	0	7262	0	296	0	0	0	0	0	9668	0	18944	0	5880	0	7804	0	6764	0	6852	516	0	2670	282	0	0	0	120	2562	3498	0	3340	0	0	0	2078	0	0	0	562	0	0	0	0	0	0	0	0	0	0	0	0	0	0	0	0	0	0	0	0	0	0	0	0	0	0	0	
259352	Postcentral_R	252	14200	0	1052	0	0	0	844	0	0	0	1228	0	0	0	0	0	3378	240	3130	0	0	0	0	0	0	0	0	0	3068	0	0	0	10452	288	1152	0	618	0	252	0	0	0	2182	0	2236	0	774	0	2110	0	1338	0	2338	0	1828	0	0	0	5344	0	16764	0	20402	0	1630	0	7284	598	16354	0	0	118	828	0	0	0	0	0	768	0	1096	0	0	0	1858	0	0	0	3672	0	0	0	0	0	0	0	0	0	0	0	0	0	0	0	0	0	0	0	0	0	0	0	0	0	0	
215268	Parietal_Sup_L	1590	0	0	0	0	0	372	0	0	0	0	0	0	0	0	0	878	0	0	0	0	0	0	0	0	0	0	0	984	0	0	0	104	0	694	0	0	0	0	0	0	0	3954	0	3780	0	0	0	10334	0	23290	0	2906	0	0	0	9668	0	0	0	17510	0	176	0	7746	0	19480	96	498	0	0	0	0	0	0	0	0	0	262	0	484	0	0	0	2442	0	0	0	386	0	0	0	0	0	0	0	0	0	0	0	0	0	0	0	0	0	0	0	0	0	0	0	0	0	0	0	
107372	Parietal_Sup_R	0	106	0	0	0	0	0	0	0	0	0	0	0	0	0	0	0	0	0	0	0	0	0	0	0	0	0	0	0	0	0	0	0	718	0	0	0	0	0	0	0	0	0	0	0	5098	0	0	0	8698	0	4128	0	0	0	0	0	5344	0	0	0	7434	0	1634	0	8724	628	10276	0	898	0	0	0	0	0	0	0	0	0	0	0	0	0	0	0	0	0	0	0	0	0	0	0	0	0	0	0	0	0	0	0	0	0	0	0	0	0	0	0	0	0	0	0	0	0	0	
222840	Parietal_Inf_L	6568	0	506	0	0	0	1628	0	0	0	0	0	0	0	0	0	564	0	0	0	0	0	0	0	0	0	0	0	1100	0	0	0	0	0	526	0	0	0	0	0	0	0	2178	0	1958	0	0	0	702	0	15420	0	412	0	0	0	18944	0	17510	0	0	0	9562	0	19664	0	5060	0	450	0	0	92	0	0	0	0	0	0	146	0	1292	0	0	0	6296	0	0	0	842	0	0	0	0	0	0	0	0	0	0	0	0	0	0	0	0	0	0	0	0	0	0	0	0	0	0	0	
243344	Parietal_Inf_R	112	5130	0	0	0	0	0	654	0	0	0	322	0	0	0	0	0	598	170	252	0	0	0	0	0	0	0	0	0	218	0	0	0	892	0	0	0	196	0	0	0	0	0	714	0	4946	0	0	0	7982	0	6312	0	548	0	0	0	16764	0	7434	0	0	0	27864	0	22928	110	4590	0	1626	0	0	0	96	0	0	0	0	0	114	0	1024	0	0	0	7694	0	0	0	2382	0	0	0	0	0	0	0	0	0	0	0	0	0	0	0	0	0	0	0	0	0	0	0	0	0	0	
90832	SupraMarginal_L	1700	0	0	0	0	0	0	0	0	0	0	0	0	0	0	0	1938	0	0	0	0	0	0	0	0	0	0	0	2578	0	0	0	0	0	0	0	0	0	0	0	0	0	0	0	0	0	0	0	0	0	2440	0	156	0	0	0	5880	0	176	0	9562	0	0	0	5664	0	102	0	178	0	0	0	0	0	0	0	0	0	312	0	6532	0	0	0	6924	0	0	0	1274	0	0	0	0	0	0	0	0	0	0	0	0	0	0	0	0	0	0	0	0	0	0	0	0	0	0	0	
193496	SupraMarginal_R	122	6378	0	110	0	0	0	800	0	0	0	378	0	0	0	0	0	1892	216	396	0	0	0	0	0	0	0	0	0	348	0	0	0	1020	0	0	0	244	0	94	0	0	0	220	0	474	0	0	0	578	0	668	0	402	0	126	0	20402	0	1634	0	27864	0	0	0	10912	0	376	0	1940	0	0	94	126	0	0	0	0	0	364	0	4690	0	0	0	10828	0	0	0	3052	0	0	0	0	0	0	0	0	0	0	0	0	0	0	0	0	0	0	0	0	0	0	0	0	0	0	
161680	Angular_L	2574	0	0	0	0	0	530	0	0	0	0	0	0	0	0	0	1126	0	0	0	0	0	0	0	0	0	0	0	992	0	0	0	0	0	500	0	0	0	0	0	0	0	1252	0	1090	0	0	0	0	0	13818	0	0	0	0	0	7804	0	7746	0	19664	0	5664	0	0	0	3854	0	452	0	0	0	0	0	0	0	0	0	264	0	2492	0	0	0	9796	0	0	0	1222	0	0	0	0	0	0	0	0	0	0	0	0	0	0	0	0	0	0	0	0	0	0	0	0	0	0	0	
189860	Angular_R	0	130	0	0	0	0	0	0	0	0	0	0	0	0	0	0	0	0	0	94	0	0	0	0	0	0	0	0	0	0	0	0	0	584	0	0	0	98	0	0	0	0	0	534	0	4634	0	0	0	11370	0	14382	0	426	0	0	0	1630	0	8724	0	22928	0	10912	0	0	98	4188	0	890	0	0	0	0	0	0	0	0	0	172	0	2590	0	0	0	8540	0	0	0	2006	0	0	0	0	0	0	0	0	0	0	0	0	0	0	0	0	0	0	0	0	0	0	0	0	0	0	
314936	Precuneus_L	1136	0	0	0	0	0	0	0	0	0	0	0	0	0	0	0	332	0	122	100	0	0	0	0	0	0	0	0	214	0	0	0	1914	988	5630	896	5250	704	6106	316	0	0	11686	604	9390	4110	8806	138	11492	3114	19656	1692	2462	0	4568	342	6764	0	19480	628	5060	110	102	0	3854	98	0	8670	4894	294	0	0	434	0	0	0	718	0	0	0	224	0	0	0	3038	0	0	0	730	114	0	0	0	0	0	0	488	0	0	0	0	0	0	0	0	0	0	0	0	0	0	0	0	0	0	0	
333424	Precuneus_R	336	0	0	0	0	0	0	0	0	0	0	0	0	0	0	0	0	0	0	292	0	0	0	0	0	0	0	0	0	0	0	0	532	9028	1086	6966	1020	3206	290	3100	0	0	106	15518	390	24018	0	5942	0	23208	0	14108	0	3548	0	6490	0	7284	96	10276	0	4590	0	376	0	4188	8670	0	410	4568	0	0	0	0	0	0	0	124	0	0	0	170	0	0	0	836	0	0	0	4628	0	0	0	0	0	0	0	472	0	0	0	0	0	0	0	0	0	0	0	0	840	0	0	0	0	0	
375416	Paracentral_Lobule_L	32282	716	11502	166	0	0	196	0	0	0	0	0	0	0	0	0	132	0	14614	13810	0	0	0	0	0	0	0	0	346	0	0	0	3980	8452	4706	346	3998	216	1776	0	0	0	426	170	420	0	422	216	328	0	2798	0	92	0	422	0	6852	598	498	0	450	0	178	0	452	0	4894	410	0	9652	2614	8114	7998	0	2948	0	30352	7834	0	0	186	0	0	0	762	0	0	0	244	0	0	0	0	0	0	0	0	0	0	0	0	0	0	0	0	0	0	0	0	140	0	0	0	0	0	0	
302424	Paracentral_Lobule_R	4458	4906	1190	0	0	0	0	0	0	0	0	0	0	0	0	0	398	202	3844	37054	0	0	0	0	0	0	0	0	0	0	0	0	966	18148	508	1074	0	3200	0	0	0	0	132	1966	0	1394	0	662	0	1052	104	788	0	2014	0	1384	516	16354	0	898	0	1626	0	1940	0	890	294	4568	9652	0	0	4916	0	122	0	0	1858	14868	110	274	392	922	0	0	0	2128	0	0	0	3440	0	0	0	0	0	0	0	0	0	0	0	0	0	0	0	0	0	0	0	0	0	0	0	0	0	0	
280528	Caudate_L	860	438	3274	502	5750	1324	6796	696	1326	0	0	758	2376	2832	2684	1664	0	0	2790	608	9934	9958	514	152	2512	700	6794	3016	11292	2904	4858	3430	0	184	0	0	0	196	0	98	0	0	0	0	0	0	0	0	0	0	0	0	0	0	0	0	0	0	0	0	0	0	0	0	0	0	0	0	2614	0	0	21044	12226	5956	1242	162	5384	416	0	0	0	0	0	0	0	0	0	0	0	0	0	0	0	0	0	0	0	0	0	0	0	0	0	0	0	0	0	0	0	0	0	0	0	0	0	0	
712984	Caudate_R	5898	200	14978	6892	2178	6652	15774	2094	298	1308	800	7546	4874	12570	1886	10874	0	1620	18006	11148	6062	8648	1396	4806	1510	4512	3096	5340	23976	19820	4506	9592	136	3524	0	0	602	626	0	324	0	0	0	0	0	0	0	0	0	0	0	0	0	0	92	222	2670	0	0	0	92	0	0	0	0	0	0	0	8114	4916	21044	0	12472	40940	2028	1748	3564	33694	0	0	0	512	0	216	0	0	0	0	96	0	0	0	0	0	0	0	0	0	0	0	0	0	0	0	0	0	0	0	0	0	0	0	0	0	0	0	
383728	Putamen_L	9404	1680	15582	244	9128	0	7118	1208	3802	0	324	234	2918	384	11882	758	0	0	16046	1250	1354	1158	358	0	226	0	1328	102	21938	2034	1154	318	0	118	0	180	12806	1044	3472	428	2062	0	0	0	0	0	454	152	0	0	0	0	0	0	1156	330	282	118	0	0	0	0	0	94	0	0	434	0	7998	0	12226	12472	0	5676	8210	266	6740	628	292	0	272	0	922	0	0	0	0	0	1100	0	0	0	0	0	0	0	0	0	0	0	0	0	0	0	0	0	0	0	0	0	0	0	0	0	0	0	
476912	Putamen_R	110	1224	7374	8060	532	4428	7230	3216	0	3190	0	5166	1682	3516	1112	13074	0	3118	11498	10636	976	1594	574	2142	508	2132	568	2524	13336	26390	1122	2592	0	1610	0	0	130	18832	0	9792	0	1500	0	0	0	0	0	0	0	0	0	0	0	0	0	5930	0	828	0	0	0	96	0	126	0	0	0	0	0	122	5956	40940	5676	0	0	2620	100	3190	0	0	0	610	0	626	0	0	0	0	0	148	0	0	0	0	0	0	0	0	0	0	0	0	0	0	0	0	0	0	0	0	0	0	0	0	0	0	
66564	Pallidum_L	2994	2984	3748	0	0	0	0	1128	0	0	0	0	0	0	0	0	0	0	4734	410	0	0	0	0	0	0	0	0	0	0	0	0	0	0	0	0	702	0	232	0	0	0	0	0	0	0	0	0	0	0	0	0	0	0	0	0	0	0	0	0	0	0	0	0	0	0	0	0	2948	0	1242	2028	8210	0	0	0	1456	466	0	0	0	0	0	0	0	0	0	0	0	0	0	0	0	0	0	0	0	0	0	0	0	0	0	0	0	0	0	0	0	0	0	0	0	0	0	0	
22744	Pallidum_R	0	0	0	418	0	0	0	0	0	0	0	0	0	0	0	0	0	0	1898	2574	0	0	0	0	0	0	0	0	0	0	0	0	0	672	0	0	0	436	0	304	0	0	0	0	0	0	0	112	0	0	0	0	0	0	0	162	0	0	0	0	0	0	0	0	0	0	0	0	0	0	162	1748	266	2620	0	0	0	0	0	0	0	0	0	0	0	0	0	0	0	0	0	0	0	0	0	0	0	0	0	0	0	0	0	0	0	0	0	0	0	0	0	0	0	0	0	0	
207064	Thalamus_L	14286	92	5228	0	0	0	868	0	0	0	0	0	0	0	0	154	0	0	5194	1944	0	0	0	0	0	0	0	0	1872	0	0	0	0	0	0	874	6904	3168	1908	784	112	0	0	0	0	0	950	406	0	0	0	0	0	0	1422	586	120	0	0	0	0	0	0	0	0	0	718	0	30352	1858	5384	3564	6740	100	1456	0	0	5414	0	0	0	0	0	0	0	0	0	0	528	234	0	0	0	0	0	0	0	0	0	0	0	0	0	0	0	0	0	0	0	312	0	0	0	0	0	0	
242204	Thalamus_R	6618	1472	1504	2488	0	0	906	780	0	0	0	0	0	0	0	1402	0	262	2600	24620	0	0	0	0	0	0	0	0	156	842	0	0	0	2556	0	134	470	3648	0	638	0	0	0	0	0	0	0	0	0	0	0	0	0	0	0	538	2562	0	0	0	0	0	0	0	0	0	0	124	7834	14868	416	33694	628	3190	466	0	5414	0	0	0	0	0	0	0	0	0	0	0	0	272	0	0	0	0	0	0	0	0	0	0	0	0	0	0	0	0	0	0	0	0	0	0	0	0	0	0	
93664	Heschl_L	7616	0	1508	0	0	0	1350	0	0	0	340	0	0	0	0	0	3054	0	238	110	0	0	0	0	0	0	0	0	9698	0	0	0	0	0	0	0	3826	0	0	0	0	0	0	0	0	0	0	0	0	0	1162	0	1022	0	1106	0	3498	0	262	0	146	0	312	0	264	0	0	0	0	110	0	0	292	0	0	0	0	0	0	0	3806	0	0	0	3948	0	0	0	3164	0	0	0	0	0	0	0	0	0	0	0	0	0	0	0	0	0	0	0	0	0	0	0	0	0	0	0	
19756	Heschl_R	0	124	0	162	0	0	0	96	0	0	0	0	0	0	0	0	0	1136	0	246	0	0	0	0	0	0	0	0	0	588	0	0	0	214	0	0	0	140	0	0	0	0	0	0	0	0	0	0	0	0	0	0	0	0	0	0	0	768	0	0	0	114	0	364	0	172	0	0	0	274	0	0	0	0	0	0	0	0	0	0	0	4276	0	0	0	540	0	0	0	664	0	0	0	0	0	0	0	0	0	0	0	0	0	0	0	0	0	0	0	0	0	0	0	0	0	0	
229124	Temporal_Sup_L	4786	0	4670	0	0	0	1240	0	0	0	3832	0	98	0	0	0	11120	0	4302	414	0	0	0	0	0	0	0	0	9216	0	0	0	0	0	0	0	4606	0	270	0	0	0	0	0	0	0	0	0	0	0	1426	0	1144	0	3830	0	3340	0	484	0	1292	0	6532	0	2492	0	224	0	186	392	0	0	272	0	0	0	0	0	3806	0	0	0	6208	0	23160	0	362	0	14858	0	0	0	0	0	0	0	0	0	0	0	0	0	0	0	0	0	0	0	0	0	0	0	0	0	0	0	
97732	Temporal_Sup_R	0	0	0	1704	0	0	128	278	0	0	0	2578	0	0	0	0	0	3752	364	2118	0	0	0	0	0	0	0	0	140	2346	0	0	0	836	0	0	0	904	0	106	0	0	0	0	0	0	0	0	0	124	0	318	0	184	0	756	0	1096	0	0	0	1024	0	4690	0	2590	0	170	0	922	0	512	0	610	0	0	0	0	0	4276	0	0	0	3496	0	8888	0	256	0	3700	0	0	0	0	0	0	0	0	0	0	0	0	0	0	0	0	0	0	0	0	0	0	0	0	0	0	
102112	Temporal_Pole_Sup_L	0	0	3932	0	140	0	0	0	0	0	4838	0	300	0	1344	0	2332	0	4150	0	266	0	0	0	0	0	0	0	8350	0	0	0	0	0	0	0	1114	0	550	0	384	0	0	0	0	0	0	0	0	0	0	0	0	0	1720	0	0	0	0	0	0	0	0	0	0	0	0	0	0	0	0	0	922	0	0	0	0	0	0	0	6208	0	0	0	6936	0	3802	0	3768	0	0	0	0	0	0	0	0	0	0	0	0	0	0	0	0	0	0	0	0	0	0	0	0	0	0	0	
59872	Temporal_Pole_Sup_R	0	0	0	658	0	0	0	0	0	0	0	1384	0	218	0	146	0	1390	176	740	0	194	0	0	0	0	0	0	0	1534	0	0	0	0	0	0	0	728	0	1936	0	1674	0	0	0	0	0	0	0	0	0	0	0	0	0	6604	0	0	0	0	0	0	0	0	0	0	0	0	0	0	0	216	0	626	0	0	0	0	0	0	0	3496	0	0	0	2398	0	3210	0	2608	0	0	0	0	0	0	0	0	0	0	0	0	0	0	0	0	0	0	0	0	0	0	0	0	0	0	
265596	Temporal_Mid_L	1934	0	128	0	0	0	396	0	0	0	0	0	0	0	0	0	996	0	0	0	0	0	0	0	0	0	0	0	1752	0	0	0	0	0	242	0	344	0	0	0	0	0	970	0	552	0	0	0	2070	0	17240	0	3120	0	1294	0	2078	0	2442	0	6296	0	6924	0	9796	0	3038	0	762	0	0	0	0	0	0	0	0	0	3948	0	23160	0	6936	0	0	0	4828	0	31552	0	0	0	0	0	0	0	0	0	0	0	0	0	0	0	0	0	0	0	0	0	0	0	0	0	0	0	
225316	Temporal_Mid_R	0	168	0	0	0	0	0	138	0	0	0	0	0	0	0	0	0	92	0	0	0	0	0	0	0	0	0	0	0	298	0	0	0	2516	0	368	0	800	0	106	0	0	110	5612	0	2028	0	3678	0	1916	0	12414	0	10194	0	4974	0	1858	0	0	0	7694	0	10828	0	8540	0	836	0	2128	0	0	0	0	0	0	0	0	0	540	0	8888	0	2398	0	0	0	748	0	22788	0	0	0	0	0	0	0	0	0	0	0	0	0	0	0	0	0	0	0	0	0	0	0	0	0	0	
31684	Temporal_Pole_Mid_L	0	0	0	0	0	0	0	0	0	0	0	0	0	0	0	0	0	0	0	0	0	0	0	0	0	0	0	0	0	0	0	0	0	0	0	0	0	0	162	0	0	0	0	0	0	0	0	0	0	0	0	0	0	0	1296	0	0	0	0	0	0	0	0	0	0	0	0	0	0	0	0	0	0	0	0	0	0	0	0	0	362	0	3802	0	4828	0	0	0	5392	0	0	0	0	0	0	0	0	0	0	0	0	0	0	0	0	0	0	0	0	0	0	0	0	0	0	0	
18508	Temporal_Pole_Mid_R	0	0	0	0	0	0	0	0	0	0	0	0	0	0	0	0	0	0	0	0	0	0	0	0	0	0	0	0	0	0	0	0	0	0	0	0	0	0	0	768	0	0	0	0	0	0	0	0	0	0	0	0	0	0	0	3056	0	0	0	0	0	0	0	0	0	0	0	0	0	0	0	0	0	0	0	0	0	0	0	0	0	256	0	3210	0	748	0	0	0	1216	0	0	0	0	0	0	0	0	0	0	0	0	0	0	0	0	0	0	0	0	0	0	0	0	0	0	
267248	Temporal_Inf_L	1316	0	1732	0	0	0	1384	0	0	0	240	0	0	0	0	0	388	0	2184	0	0	0	0	0	0	0	0	0	7408	0	0	0	0	0	0	0	13114	0	1558	0	478	0	0	0	0	0	1126	0	0	0	2418	0	5660	0	21200	0	562	0	386	0	842	0	1274	0	1222	0	730	0	244	0	0	96	1100	0	0	0	528	0	3164	0	14858	0	3768	0	31552	0	5392	0	0	0	4350	0	534	0	0	0	380	0	1486	0	424	0	526	0	0	0	0	0	0	0	0	0	0	0	0	0	
226740	Temporal_Inf_R	106	244	0	0	0	0	0	248	0	0	0	0	0	0	0	0	0	0	0	186	0	0	0	0	0	0	0	0	0	532	0	0	0	3684	240	1520	264	6576	0	3192	0	0	0	4112	0	1164	0	2244	0	832	0	2284	0	12462	0	16142	0	3672	0	0	0	2382	0	3052	0	2006	114	4628	0	3440	0	0	0	148	0	0	234	272	0	664	0	3700	0	2608	0	22788	0	1216	0	0	0	3252	0	602	0	0	0	328	0	938	0	0	0	904	0	120	0	0	0	0	270	0	0	0	0	0	
420800	Cerebelum_Crus1_L	0	0	0	0	0	0	0	0	0	0	0	0	0	0	0	0	0	0	0	0	0	0	0	0	0	0	0	0	0	0	0	0	0	0	0	0	0	0	96	0	0	0	0	0	0	0	5378	758	0	0	0	0	126	0	25958	160	0	0	0	0	0	0	0	0	0	0	0	0	0	0	0	0	0	0	0	0	0	0	0	0	0	0	0	0	0	0	0	0	4350	0	0	2126	34546	3264	2688	0	14024	236	51060	2266	14662	1892	22806	932	4068	122	2148	0	110	166	1244	3818	6678	3666	618	434	
393968	Cerebelum_Crus1_R	0	0	0	0	0	0	0	0	0	0	0	0	0	0	0	0	0	0	0	0	0	0	0	0	0	0	0	0	0	0	0	0	0	0	0	0	0	248	0	500	0	0	0	0	0	0	342	2830	0	0	0	0	0	0	302	11670	0	0	0	0	0	0	0	0	0	0	0	0	0	0	0	0	0	0	0	0	0	0	0	0	0	0	0	0	0	0	0	0	0	3252	2126	0	574	27756	1366	3260	1674	15562	5538	52746	96	2594	96	22326	1726	3946	0	346	622	1064	8706	12924	7562	2204	2442	584	
290072	Cerebelum_Crus2_L	0	0	0	0	0	0	0	0	0	0	0	0	0	0	0	0	0	0	0	0	0	0	0	0	0	0	0	0	0	0	0	0	0	0	0	0	0	0	0	0	0	0	0	0	0	0	678	136	0	0	0	0	0	0	1318	0	0	0	0	0	0	0	0	0	0	0	0	0	0	0	0	0	0	0	0	0	0	0	0	0	0	0	0	0	0	0	0	0	534	0	34546	574	0	5058	506	0	1320	0	5632	322	35360	2950	37258	810	3758	0	2656	0	0	0	110	912	5388	4732	230	248	
238388	Cerebelum_Crus2_R	0	0	0	0	0	0	0	0	0	0	0	0	0	0	0	0	0	0	0	0	0	0	0	0	0	0	0	0	0	0	0	0	0	0	0	0	0	0	0	0	0	0	0	0	0	0	162	112	0	0	0	0	0	0	156	850	0	0	0	0	0	0	0	0	0	0	0	0	0	0	0	0	0	0	0	0	0	0	0	0	0	0	0	0	0	0	0	0	0	602	3264	27756	5058	0	122	360	182	842	800	5580	2754	12998	3330	28914	418	2830	0	230	246	256	812	1714	11724	5112	1558	452	
60100	Cerebelum_3_L	0	0	0	0	0	0	0	0	0	0	0	0	0	0	0	0	0	0	0	0	0	0	0	0	0	0	0	0	0	0	0	0	0	0	0	0	0	0	142	0	0	0	0	0	0	0	694	252	0	0	0	0	0	0	858	0	0	0	0	0	0	0	0	0	0	0	0	0	0	0	0	0	0	0	0	0	0	0	0	0	0	0	0	0	0	0	0	0	0	0	2688	1366	506	122	0	0	7324	222	6026	1708	0	0	172	182	3362	0	0	0	706	412	1278	1722	186	0	122	0	
51096	Cerebelum_3_R	0	0	0	0	0	0	0	0	0	0	0	0	0	0	0	0	0	0	0	0	0	0	0	0	0	0	0	0	0	0	0	0	0	0	0	0	0	0	0	0	0	0	0	0	0	0	0	314	0	0	0	0	0	0	0	580	0	0	0	0	0	0	0	0	0	0	0	0	0	0	0	0	0	0	0	0	0	0	0	0	0	0	0	0	0	0	0	0	0	0	0	3260	0	360	0	0	118	6292	96	7510	0	0	0	576	0	822	0	0	1196	1468	634	562	296	706	758	0	
221116	Cerebelum_4_5_L	0	0	0	0	0	0	0	0	0	0	0	0	0	0	0	0	0	0	0	0	0	0	0	0	0	0	0	0	0	0	0	0	0	0	0	0	492	0	1218	0	0	0	166	0	0	0	7902	636	0	0	0	0	110	0	15436	0	0	0	0	0	0	0	0	0	0	0	488	0	0	0	0	0	0	0	0	0	0	0	0	0	0	0	0	0	0	0	0	0	380	0	14024	1674	1320	182	7324	118	0	1398	34538	1914	206	0	2108	232	5664	460	344	0	326	608	7352	1878	160	270	498	1132	
170092	Cerebelum_4_5_R	0	0	0	0	0	0	0	0	0	0	0	0	0	0	0	0	0	0	0	0	0	0	0	0	0	0	0	0	0	100	0	0	0	0	0	0	0	1034	0	1762	0	0	0	0	0	0	278	3442	0	0	0	0	0	164	192	7056	0	0	0	0	0	0	0	0	0	0	0	472	0	0	0	0	0	0	0	0	0	0	0	0	0	0	0	0	0	0	0	0	0	328	236	15562	0	842	222	6292	1398	0	1122	28546	0	0	0	1430	212	580	0	108	280	692	10502	620	356	506	570	142	
405700	Cerebelum_6_L	0	0	0	0	0	0	0	0	0	0	0	0	0	0	0	0	0	0	0	0	0	0	0	0	0	0	0	0	0	0	0	0	0	0	0	0	0	0	612	0	0	0	0	0	0	0	10612	1130	0	0	0	0	330	0	37820	370	0	0	0	0	0	0	0	0	0	0	0	0	0	0	0	0	0	0	0	0	0	0	0	0	0	0	0	0	0	0	0	0	1486	0	51060	5538	5632	800	6026	96	34538	1122	0	6910	2062	0	5266	858	7438	396	456	0	170	292	5576	8726	3594	1390	1720	824	
365004	Cerebelum_6_R	0	0	0	0	0	0	0	0	0	0	0	0	0	0	0	0	0	0	0	0	0	0	0	0	0	0	0	0	0	0	0	0	0	0	0	0	0	420	0	826	0	0	0	0	0	0	544	4632	0	0	0	0	0	154	336	15072	0	0	0	0	0	0	0	0	0	0	0	0	0	0	0	0	0	0	0	0	0	0	0	0	0	0	0	0	0	0	0	0	0	938	2266	52746	322	5580	1708	7510	1914	28546	6910	0	0	196	0	7888	2304	2668	0	382	944	1370	11746	15356	3714	2188	2786	536	
212152	Cerebelum_7b_L	0	0	0	0	0	0	0	0	0	0	0	0	0	0	0	0	0	0	0	0	0	0	0	0	0	0	0	0	0	0	0	0	0	0	0	0	0	0	0	0	0	0	0	0	0	0	0	0	0	0	0	0	0	0	274	0	0	0	0	0	0	0	0	0	0	0	0	0	0	0	0	0	0	0	0	0	0	0	0	0	0	0	0	0	0	0	0	0	424	0	14662	96	35360	2754	0	0	206	0	2062	0	0	2618	33194	752	3922	0	1192	0	0	0	0	98	3736	4620	106	0	
91068	Cerebelum_7b_R	0	0	0	0	0	0	0	0	0	0	0	0	0	0	0	0	0	0	0	0	0	0	0	0	0	0	0	0	0	0	0	0	0	0	0	0	0	0	0	0	0	0	0	0	0	0	0	0	0	0	0	0	0	0	0	0	0	0	0	0	0	0	0	0	0	0	0	0	0	0	0	0	0	0	0	0	0	0	0	0	0	0	0	0	0	0	0	0	0	0	1892	2594	2950	12998	0	0	0	0	0	196	2618	0	3106	10820	132	632	0	0	0	0	0	0	4300	3296	0	0	
298036	Cerebelum_8_L	0	0	0	0	0	0	0	0	0	0	0	0	0	0	0	0	0	0	0	0	0	0	0	0	0	0	0	0	0	0	0	0	0	0	0	0	0	0	0	0	0	0	0	0	0	0	0	0	0	0	0	0	0	0	1242	0	0	0	0	0	0	0	0	0	0	0	0	0	0	0	0	0	0	0	0	0	0	0	0	0	0	0	0	0	0	0	0	0	526	0	22806	96	37258	3330	172	0	2108	0	5266	0	33194	3106	0	1892	20538	0	5190	0	0	0	0	0	4576	7076	642	0	
234360	Cerebelum_8_R	0	0	0	0	0	0	0	0	0	0	0	0	0	0	0	0	0	0	0	0	0	0	0	0	0	0	0	0	0	0	0	0	0	0	0	0	0	0	0	0	0	0	0	0	0	0	0	130	0	0	0	0	0	0	0	1710	0	0	0	0	0	0	0	0	0	0	0	0	0	0	0	0	0	0	0	0	0	0	0	0	0	0	0	0	0	0	0	0	0	904	932	22326	810	28914	182	576	232	1430	858	7888	752	10820	1892	0	1162	15146	0	888	370	366	1416	1556	6306	5336	3744	534	
138516	Cerebelum_9_L	0	0	0	0	0	0	0	0	0	0	0	0	0	0	0	0	0	0	0	0	0	0	0	0	0	0	0	0	0	0	0	0	0	0	0	0	0	0	0	0	0	0	0	0	0	0	122	114	0	0	0	0	0	0	350	170	0	0	0	0	0	0	0	0	0	0	0	0	0	0	0	0	0	0	0	0	0	0	0	0	0	0	0	0	0	0	0	0	0	0	4068	1726	3758	418	3362	0	5664	212	7438	2304	3922	132	20538	1162	0	362	4030	0	0	0	1038	2858	1026	2096	1806	582	
106560	Cerebelum_9_R	0	0	0	0	0	0	0	0	0	0	0	0	0	0	0	0	0	0	0	0	0	0	0	0	0	0	0	0	0	0	0	0	0	0	0	0	0	0	0	0	0	0	0	0	0	0	0	0	0	0	0	0	0	0	0	248	0	0	0	0	0	0	0	0	0	0	0	0	0	0	0	0	0	0	0	0	0	0	0	0	0	0	0	0	0	0	0	0	0	120	122	3946	0	2830	0	822	460	580	396	2668	0	632	0	15146	362	0	0	1606	1122	982	2174	4004	1682	4232	6368	2778	
32296	Cerebelum_10_L	0	0	0	0	0	0	0	0	0	0	0	0	0	0	0	0	0	0	0	0	0	0	0	0	0	0	0	0	0	0	0	0	0	0	0	0	0	0	0	0	0	0	0	0	0	0	0	0	0	0	0	0	0	0	132	0	0	0	0	0	0	0	0	0	0	0	0	0	0	0	0	0	0	0	0	0	0	0	0	0	0	0	0	0	0	0	0	0	0	0	2148	0	2656	0	0	0	344	0	456	0	1192	0	5190	0	4030	0	0	0	0	0	0	0	0	0	0	0	
9316	Cerebelum_10_R	0	0	0	0	0	0	0	0	0	0	0	0	0	0	0	0	0	0	0	0	0	0	0	0	0	0	0	0	0	0	0	0	0	0	0	0	0	0	0	0	0	0	0	0	0	0	0	0	0	0	0	0	0	0	0	0	0	0	0	0	0	0	0	0	0	0	0	0	0	0	0	0	0	0	0	0	0	0	0	0	0	0	0	0	0	0	0	0	0	0	0	346	0	230	0	0	0	108	0	382	0	0	0	888	0	1606	0	0	0	0	0	218	188	244	448	0	
26708	Vermis_1_2	0	0	0	0	0	0	0	0	0	0	0	0	0	0	0	0	0	0	0	0	0	0	0	0	0	0	0	0	0	0	0	0	0	0	0	0	0	0	0	0	0	0	0	0	0	0	0	0	0	0	0	0	0	0	0	0	0	0	0	0	0	0	0	0	0	0	0	0	0	0	0	0	0	0	0	0	0	0	0	0	0	0	0	0	0	0	0	0	0	0	110	622	0	246	706	1196	326	280	170	944	0	0	0	370	0	1122	0	0	0	3434	1026	610	260	730	890	312	
33184	Vermis_3	0	0	0	0	0	0	0	0	0	0	0	0	0	0	0	0	0	0	0	0	0	0	0	0	0	0	0	0	0	0	0	0	0	0	0	0	402	0	174	0	0	0	0	0	0	0	0	188	0	0	0	0	0	0	0	0	0	0	0	0	0	0	0	0	0	0	0	0	140	0	0	0	0	0	0	0	312	0	0	0	0	0	0	0	0	0	0	0	0	0	166	1064	0	256	412	1468	608	692	292	1370	0	0	0	366	0	982	0	0	3434	0	1702	474	266	662	822	340	
154832	Vermis_4_5	0	0	0	0	0	0	0	0	0	0	0	0	0	0	0	0	0	0	0	0	0	0	0	0	0	0	0	0	0	0	0	0	0	0	0	504	178	616	144	444	0	0	0	0	0	0	1372	3346	0	0	0	0	0	144	698	2652	0	0	0	0	0	0	0	0	0	0	0	840	0	0	0	0	0	0	0	0	0	0	0	0	0	0	0	0	0	0	0	0	0	270	1244	8706	110	812	1278	634	7352	10502	5576	11746	0	0	0	1416	1038	2174	0	0	1026	1702	0	4948	234	704	1794	3212	
169104	Vermis_6	0	0	0	0	0	0	0	0	0	0	0	0	0	0	0	0	0	0	0	0	0	0	0	0	0	0	0	0	0	0	0	0	0	0	0	0	0	0	0	0	0	0	0	0	0	0	1032	2932	0	0	0	0	0	0	524	1468	0	0	0	0	0	0	0	0	0	0	0	0	0	0	0	0	0	0	0	0	0	0	0	0	0	0	0	0	0	0	0	0	0	0	3818	12924	912	1714	1722	562	1878	620	8726	15356	98	0	0	1556	2858	4004	0	218	610	474	4948	0	4160	2852	4310	4276	
161284	Vermis_7	0	0	0	0	0	0	0	0	0	0	0	0	0	0	0	0	0	0	0	0	0	0	0	0	0	0	0	0	0	0	0	0	0	0	0	0	0	0	0	0	0	0	0	0	0	0	1428	546	0	0	0	0	0	0	1394	126	0	0	0	0	0	0	0	0	0	0	0	0	0	0	0	0	0	0	0	0	0	0	0	0	0	0	0	0	0	0	0	0	0	0	6678	7562	5388	11724	186	296	160	356	3594	3714	3736	4300	4576	6306	1026	1682	0	188	260	266	234	4160	0	7528	2470	758	
