data	data	360232	94936	757544	644880	128320	99764	505676	237852	72820	30132	247008	191992	386700	243188	203156	238092	257780	168620	683800	709032	96252	106056	336692	258764	13640	68980	52580	99212	831420	500808	185412	367180	177440	517892	101456	79672	253208	402840	77504	114212	40348	69264	228016	222408	154976	231376	272284	211464	177944	244772	505616	212284	134152	90532	266916	198236	230984	110276	136800	105448	239692	91468	107928	151352	187680	114856	253036	331376	83664	129124	179372	508620	446632	386016	54296	49708	146552	212700	110172	20824	205172	63672	44188	47376	303708	147572	20336	14228	247448	190140	314736	305272	193432	220804	17536	18408	175760	105628	346632	276056	127792	74832	211980	161336	109476	74244	21656	20052	8984	15364	104484	129428	148532	88644	56764	17716	
data	data	Precentral_L	Precentral_R	Frontal_Sup_L	Frontal_Sup_R	Frontal_Sup_Orb_L	Frontal_Sup_Orb_R	Frontal_Mid_L	Frontal_Mid_R	Frontal_Mid_Orb_L	Frontal_Mid_Orb_R	Frontal_Inf_Oper_L	Frontal_Inf_Oper_R	Frontal_Inf_Tri_L	Frontal_Inf_Tri_R	Frontal_Inf_Orb_L	Frontal_Inf_Orb_R	Rolandic_Oper_L	Rolandic_Oper_R	Supp_Motor_Area_L	Supp_Motor_Area_R	Olfactory_L	Olfactory_R	Frontal_Sup_Medial_L	Frontal_Sup_Medial_R	Frontal_Med_Orb_L	Frontal_Med_Orb_R	Rectus_L	Rectus_R	Insula_L	Insula_R	Cingulum_Ant_L	Cingulum_Ant_R	Cingulum_Mid_L	Cingulum_Mid_R	Cingulum_Post_L	Cingulum_Post_R	Hippocampus_L	Hippocampus_R	ParaHippocampal_L	ParaHippocampal_R	Amygdala_L	Amygdala_R	Calcarine_L	Calcarine_R	Cuneus_L	Cuneus_R	Lingual_L	Lingual_R	Occipital_Sup_L	Occipital_Sup_R	Occipital_Mid_L	Occipital_Mid_R	Occipital_Inf_L	Occipital_Inf_R	Fusiform_L	Fusiform_R	Postcentral_L	Postcentral_R	Parietal_Sup_L	Parietal_Sup_R	Parietal_Inf_L	Parietal_Inf_R	SupraMarginal_L	SupraMarginal_R	Angular_L	Angular_R	Precuneus_L	Precuneus_R	Paracentral_Lobule_L	Paracentral_Lobule_R	Caudate_L	Caudate_R	Putamen_L	Putamen_R	Pallidum_L	Pallidum_R	Thalamus_L	Thalamus_R	Heschl_L	Heschl_R	Temporal_Sup_L	Temporal_Sup_R	Temporal_Pole_Sup_L	Temporal_Pole_Sup_R	Temporal_Mid_L	Temporal_Mid_R	Temporal_Pole_Mid_L	Temporal_Pole_Mid_R	Temporal_Inf_L	Temporal_Inf_R	Cerebelum_Crus1_L	Cerebelum_Crus1_R	Cerebelum_Crus2_L	Cerebelum_Crus2_R	Cerebelum_3_L	Cerebelum_3_R	Cerebelum_4_5_L	Cerebelum_4_5_R	Cerebelum_6_L	Cerebelum_6_R	Cerebelum_7b_L	Cerebelum_7b_R	Cerebelum_8_L	Cerebelum_8_R	Cerebelum_9_L	Cerebelum_9_R	Cerebelum_10_L	Cerebelum_10_R	Vermis_1_2	Vermis_3	Vermis_4_5	Vermis_6	Vermis_7	Vermis_8	Vermis_9	Vermis_10	
360232	Precentral_L	0	0	10428	0	0	0	20386	0	0	0	12816	0	1138	0	0	0	11560	0	5426	874	0	0	396	0	0	0	0	0	19546	0	0	0	0	0	416	0	7696	0	752	0	0	0	402	0	0	0	1228	0	0	0	3458	0	190	0	240	0	27064	0	592	0	11172	0	2320	0	4250	0	512	0	11460	0	0	286	7328	0	404	0	1180	0	6484	0	5316	0	0	0	3070	0	0	0	1726	0	0	0	0	0	0	0	0	0	0	0	0	0	0	0	0	0	0	0	0	0	0	0	0	0	0	0	
94936	Precentral_R	0	0	0	6106	0	0	0	8288	0	0	0	4026	0	84	0	0	0	972	0	2078	0	0	0	0	0	0	0	0	0	1924	0	0	0	446	0	0	0	3022	0	68	0	0	0	0	0	0	0	0	0	0	0	0	0	0	0	0	0	9766	0	112	0	1346	0	3958	0	120	0	248	0	2716	0	0	0	612	0	0	120	72	0	0	0	350	0	0	0	268	0	0	0	766	0	0	0	0	0	0	0	0	0	0	0	0	0	0	0	0	0	0	0	0	0	0	0	0	0	0	
757544	Frontal_Sup_L	10428	0	0	326	6760	0	60822	0	1986	0	12850	0	15588	484	8410	902	12942	0	62866	2070	122	0	44230	2962	400	90	0	0	41926	466	9498	1410	4168	302	0	0	6188	0	1866	0	118	0	0	0	0	0	114	64	0	0	148	0	0	0	802	0	3382	0	0	0	850	0	154	0	642	0	0	0	462	0	1900	5896	37072	0	5606	66	3124	1316	804	0	4444	0	582	0	142	0	0	0	1022	0	0	0	0	0	0	0	0	0	0	0	0	0	0	0	0	0	0	0	0	0	0	0	0	0	0	0	
644880	Frontal_Sup_R	0	6106	326	0	0	1112	108	32842	0	74	0	6294	0	4792	0	7268	0	5838	12368	53834	0	0	6782	32496	104	2360	0	0	124	15492	1966	20928	624	13962	638	0	1260	22726	110	1278	0	778	0	0	0	0	638	68	0	0	0	0	0	142	0	346	0	534	0	64	0	786	0	2618	0	558	240	248	72	324	0	13400	616	27548	0	6254	5736	8888	0	0	0	262	0	64	0	116	0	0	0	328	0	0	0	0	0	0	0	0	0	0	0	0	0	0	0	0	0	0	0	0	0	0	0	0	0	0	
128320	Frontal_Sup_Orb_L	0	0	6760	0	0	126	734	0	12458	0	0	0	512	0	13582	0	0	0	410	0	3278	620	1886	0	1104	0	5428	264	6978	72	1734	118	0	0	0	0	0	0	70	0	168	0	0	0	0	0	0	0	0	0	0	0	0	0	0	0	0	0	0	0	0	0	0	0	0	0	0	0	0	0	1578	278	5538	0	0	0	0	0	0	0	0	0	464	0	0	0	0	0	0	0	0	0	0	0	0	0	0	0	0	0	0	0	0	0	0	0	0	0	0	0	0	0	0	0	0	0	
99764	Frontal_Sup_Orb_R	0	0	0	1112	126	0	0	622	0	4100	0	0	0	0	110	4744	0	0	0	0	2006	5400	0	984	88	7868	1054	11362	0	974	534	2452	0	0	0	0	0	0	0	326	0	440	0	0	0	0	0	0	0	0	0	0	0	0	0	0	0	0	0	0	0	0	0	0	0	0	0	0	0	0	1948	2770	250	424	0	0	0	0	0	0	0	0	0	188	0	0	0	0	0	0	0	0	0	0	0	0	0	0	0	0	0	0	0	0	0	0	0	0	0	0	0	0	0	0	0	0	
505676	Frontal_Mid_L	20386	0	60822	108	734	0	0	0	1914	0	16236	0	30694	106	6344	180	6070	0	8734	84	0	0	22472	414	0	0	0	0	31702	110	3814	172	2224	118	346	0	9518	0	686	0	0	0	354	0	0	0	1144	0	0	0	74	0	0	0	0	0	3162	0	0	0	2546	0	544	0	1228	0	340	0	388	0	870	1544	10990	0	82	0	194	124	4168	0	826	0	72	0	136	0	0	0	64	0	0	0	0	0	0	0	0	0	0	0	0	0	0	0	0	0	0	0	0	0	0	0	0	0	0	0	
237852	Frontal_Mid_R	0	8288	0	32842	0	622	0	0	0	1096	0	9118	0	16916	0	2454	0	3860	406	2930	0	0	682	4142	0	0	0	0	0	6704	0	1628	1066	6646	0	0	0	8832	0	536	0	0	0	0	0	0	0	0	0	0	0	0	0	0	0	238	0	476	0	0	0	308	0	1016	0	166	0	0	0	0	0	206	0	6904	0	130	0	258	0	0	0	0	0	78	0	0	0	0	0	378	0	0	0	0	0	0	0	0	0	0	0	0	0	0	0	0	0	0	0	0	0	0	0	0	0	0	
72820	Frontal_Mid_Orb_L	0	0	1986	0	12458	0	1914	0	0	0	0	0	1236	0	11694	0	0	0	0	0	598	0	0	0	104	0	2296	0	2132	0	228	0	0	0	0	0	0	0	0	0	0	0	0	0	0	0	0	0	0	0	0	0	0	0	0	0	0	0	0	0	0	0	0	0	0	0	0	0	0	0	148	0	1408	0	0	0	0	0	0	0	0	0	208	0	0	0	0	0	0	0	0	0	0	0	0	0	0	0	0	0	0	0	0	0	0	0	0	0	0	0	0	0	0	0	0	0	
30132	Frontal_Mid_Orb_R	0	0	0	74	0	4100	0	1096	0	0	0	0	0	158	0	5478	0	0	0	0	0	120	0	0	0	438	0	1732	0	232	0	162	0	138	0	0	0	0	0	0	0	0	0	0	0	0	0	0	0	0	0	0	0	0	0	0	0	0	0	0	0	0	0	0	0	0	0	0	0	0	0	780	0	558	0	0	0	0	0	0	0	0	0	0	0	0	0	0	0	0	0	0	0	0	0	0	0	0	0	0	0	0	0	0	0	0	0	0	0	0	0	0	0	0	0	0	
247008	Frontal_Inf_Oper_L	12816	0	12850	0	0	0	16236	0	0	0	0	0	10554	0	0	100	14678	0	8830	206	0	0	1566	0	0	0	0	0	22982	66	186	0	216	0	0	0	1258	0	0	0	0	0	0	0	0	0	0	0	0	0	0	0	0	0	0	0	4418	0	0	0	2290	0	460	0	1124	0	0	0	324	0	2302	1414	1318	0	0	0	0	166	2220	0	3686	0	1124	0	0	0	0	0	114	0	0	0	0	0	0	0	0	0	0	0	0	0	0	0	0	0	0	0	0	0	0	0	0	0	0	0	
191992	Frontal_Inf_Oper_R	0	4026	0	6294	0	0	0	9118	0	0	0	0	0	11492	0	0	0	10922	210	3948	0	0	0	762	0	0	0	0	0	19140	394	4948	688	7274	0	0	0	1928	0	438	0	0	0	0	0	0	0	0	0	0	0	0	0	0	0	118	0	746	0	0	0	0	0	178	0	0	0	0	0	0	0	5794	0	5446	0	0	0	0	0	98	0	104	0	1766	0	0	0	0	0	164	0	0	0	0	0	0	0	0	0	0	0	0	0	0	0	0	0	0	0	0	0	0	0	0	0	0	
386700	Frontal_Inf_Tri_L	1138	0	15588	0	512	0	30694	0	1236	0	10554	0	0	110	16168	320	2022	0	8524	1186	0	0	5230	84	0	0	0	0	52308	92	3366	276	800	264	0	0	290	0	0	0	0	0	0	0	0	0	0	0	0	0	0	0	0	0	0	0	0	0	0	0	0	0	0	0	0	0	0	0	0	0	9614	10582	14100	0	0	0	0	7254	274	0	384	0	380	0	0	0	0	0	0	0	0	0	0	0	0	0	0	0	0	0	0	0	0	0	0	0	0	0	0	0	0	0	0	0	0	0	
243188	Frontal_Inf_Tri_R	0	84	484	4792	0	0	106	16916	0	158	0	11492	110	0	0	11422	0	1512	1500	3318	0	0	308	1428	0	0	0	0	214	22280	912	9544	3196	11204	0	0	0	2188	0	590	0	0	0	0	0	0	0	0	0	0	0	0	0	0	0	190	0	0	0	0	0	0	0	0	0	0	0	0	0	0	0	11318	70	5374	0	378	0	144	0	0	0	0	0	76	0	0	0	0	0	286	0	0	0	0	0	0	0	0	0	0	0	0	0	0	0	0	0	0	0	0	0	0	0	0	0	0	
203156	Frontal_Inf_Orb_L	0	0	8410	0	13582	110	6344	0	11694	0	0	0	16168	0	0	126	0	0	2194	0	3522	564	930	0	0	0	2092	222	18364	104	2208	0	418	0	0	0	0	0	130	0	230	0	0	0	0	0	0	0	0	0	0	0	0	0	0	0	0	0	0	0	0	0	0	0	0	0	0	0	0	0	2466	1510	9110	0	0	0	0	224	0	0	0	0	856	0	0	0	0	0	0	0	0	0	0	0	0	0	0	0	0	0	0	0	0	0	0	0	0	0	0	0	0	0	0	0	0	0	
238092	Frontal_Inf_Orb_R	0	0	902	7268	0	4744	180	2454	0	5478	100	0	320	11422	126	0	0	0	2920	5010	260	1548	1592	3290	0	566	80	3234	464	13346	2250	14512	984	6642	0	0	0	0	0	208	0	216	0	0	0	0	0	0	0	0	0	0	0	0	0	0	0	0	0	0	0	0	0	0	0	0	0	0	0	0	268	19476	246	8012	0	536	0	160	0	0	0	0	0	232	0	0	0	0	0	0	0	0	0	0	0	0	0	0	0	0	0	0	0	0	0	0	0	0	0	0	0	0	0	0	0	0	
257780	Rolandic_Oper_L	11560	0	12942	0	0	0	6070	0	0	0	14678	0	2022	0	0	0	0	0	7998	650	0	0	1574	0	0	0	0	0	26652	0	0	0	118	0	0	0	1908	0	324	0	0	0	0	0	0	0	0	0	0	0	1114	0	108	0	112	0	9702	0	0	0	1242	0	2574	0	728	0	84	0	248	0	104	334	1510	0	616	0	344	68	5622	0	14194	0	842	0	2148	0	0	0	700	0	0	0	0	0	0	0	0	0	0	0	0	0	0	0	0	0	0	0	0	0	0	0	0	0	0	0	
168620	Rolandic_Oper_R	0	972	0	5838	0	0	0	3860	0	0	0	10922	0	1512	0	0	0	0	104	3890	0	0	0	302	0	0	0	0	0	25398	110	636	0	2566	0	0	0	5862	0	68	0	0	0	0	0	0	0	0	0	94	0	0	0	0	0	104	0	2978	0	0	0	108	0	3770	0	532	0	216	0	74	0	604	0	5482	0	0	0	0	0	2096	0	3794	0	1608	0	288	0	0	0	522	0	0	0	0	0	0	0	0	0	0	0	0	0	0	0	0	0	0	0	0	0	0	0	0	0	0	
683800	Supp_Motor_Area_L	5426	0	62866	12368	410	0	8734	406	0	0	8830	210	8524	1500	2194	2920	7998	104	0	40454	0	0	11498	1482	0	0	0	0	27600	2274	1000	1270	10468	8686	2158	0	6754	8238	966	0	72	0	268	0	0	0	936	148	0	0	754	0	0	0	670	0	1676	0	362	0	1268	0	1042	0	630	0	602	88	4840	168	3304	11712	29186	3836	4802	286	15040	8556	300	0	3596	0	422	0	268	0	0	0	1730	0	0	0	0	0	0	0	0	0	0	0	0	0	0	0	0	0	0	0	0	0	0	0	0	0	0	0	
709032	Supp_Motor_Area_R	874	2078	2070	53834	0	0	84	2930	0	0	206	3948	1186	3318	0	5010	650	3890	40454	0	0	0	442	6548	0	0	0	0	1972	13062	314	2198	4794	43232	1104	1824	1718	16056	126	908	0	780	72	358	0	186	716	346	0	452	522	316	0	956	0	880	900	1902	280	132	466	1310	930	7032	76	872	334	3224	724	10124	2052	19406	4686	25584	1638	5706	14232	20210	88	172	586	850	0	122	124	3424	0	0	892	6024	0	0	0	0	0	0	0	0	0	0	0	0	0	0	0	0	0	0	0	0	0	0	0	0	0	0	
96252	Olfactory_L	0	0	122	0	3278	2006	0	0	598	0	0	0	0	0	3522	260	0	0	0	0	0	7340	0	0	302	266	3838	3592	3244	518	2476	1926	0	0	0	0	138	0	700	148	556	458	0	0	0	0	0	0	0	0	0	0	0	0	0	0	0	0	0	0	0	0	0	0	0	0	0	0	0	0	8714	2356	1454	0	0	0	0	0	0	0	0	0	314	0	0	0	0	0	0	0	0	0	0	0	0	0	0	0	0	0	0	0	0	0	0	0	0	0	0	0	0	0	0	0	0	0	
106056	Olfactory_R	0	0	0	0	620	5400	0	0	0	120	0	0	0	0	564	1548	0	0	0	0	7340	0	0	0	218	1348	2406	8346	140	3014	1938	2418	0	0	0	0	0	0	0	1610	0	2592	0	0	0	0	0	0	0	0	0	0	0	0	0	0	0	0	0	0	0	0	0	0	0	0	0	0	0	0	7498	4360	970	102	0	0	0	0	0	0	0	0	0	476	0	0	0	0	0	0	0	0	0	0	0	0	0	0	0	0	0	0	0	0	0	0	0	0	0	0	0	0	0	0	0	0	
336692	Frontal_Sup_Medial_L	396	0	44230	6782	1886	0	22472	682	0	0	1566	0	5230	308	930	1592	1574	0	11498	442	0	0	0	18672	1084	728	94	0	8636	96	14124	11426	5744	5926	0	0	242	0	0	0	0	0	0	0	0	0	0	0	0	0	0	0	0	0	0	0	0	0	0	0	0	0	0	0	0	0	0	0	0	0	64	602	780	138	0	0	0	0	66	0	336	0	0	0	0	0	0	0	0	0	0	0	0	0	0	0	0	0	0	0	0	0	0	0	0	0	0	0	0	0	0	0	0	0	0	0	
258764	Frontal_Sup_Medial_R	0	0	2962	32496	0	984	414	4142	0	0	0	762	84	1428	0	3290	0	302	1482	6548	0	0	18672	0	242	4964	0	0	102	1926	4886	25824	368	11814	0	0	0	286	0	0	0	0	0	0	0	0	0	0	0	0	0	0	0	0	0	0	0	0	0	0	0	0	0	0	0	0	0	0	0	0	0	1478	0	3856	0	70	0	0	0	0	0	0	0	0	0	0	0	0	0	0	0	0	0	0	0	0	0	0	0	0	0	0	0	0	0	0	0	0	0	0	0	0	0	0	0	0	
13640	Frontal_Med_Orb_L	0	0	400	104	1104	88	0	0	104	0	0	0	0	0	0	0	0	0	0	0	302	218	1084	242	0	618	444	136	0	0	1274	400	0	0	0	0	0	0	0	0	0	0	0	0	0	0	0	0	0	0	0	0	0	0	0	0	0	0	0	0	0	0	0	0	0	0	0	0	0	0	186	116	0	0	0	0	0	0	0	0	0	0	0	0	0	0	0	0	0	0	0	0	0	0	0	0	0	0	0	0	0	0	0	0	0	0	0	0	0	0	0	0	0	0	0	0	
68980	Frontal_Med_Orb_R	0	0	90	2360	0	7868	0	0	0	438	0	0	0	0	0	566	0	0	0	0	266	1348	728	4964	618	0	192	4852	0	0	2046	5750	0	0	0	0	0	0	0	0	0	0	0	0	0	0	0	0	0	0	0	0	0	0	0	0	0	0	0	0	0	0	0	0	0	0	0	0	0	0	184	2220	0	0	0	0	0	0	0	0	0	0	0	0	0	0	0	0	0	0	0	0	0	0	0	0	0	0	0	0	0	0	0	0	0	0	0	0	0	0	0	0	0	0	0	0	
52580	Rectus_L	0	0	0	0	5428	1054	0	0	2296	0	0	0	0	0	2092	80	0	0	0	0	3838	2406	94	0	444	192	0	1714	514	166	1058	352	0	0	0	0	0	0	0	0	0	152	0	0	0	0	0	0	0	0	0	0	0	0	0	0	0	0	0	0	0	0	0	0	0	0	0	0	0	0	3384	380	646	0	0	0	0	0	0	0	0	0	0	0	0	0	0	0	0	0	0	0	0	0	0	0	0	0	0	0	0	0	0	0	0	0	0	0	0	0	0	0	0	0	0	0	
99212	Rectus_R	0	0	0	0	264	11362	0	0	0	1732	0	0	0	0	222	3234	0	0	0	0	3592	8346	0	0	136	4852	1714	0	0	1420	1038	1824	0	0	0	0	0	0	0	518	0	960	0	0	0	0	0	0	0	0	0	0	0	0	0	0	0	0	0	0	0	0	0	0	0	0	0	0	0	0	3464	3672	376	592	0	0	0	0	0	0	0	0	0	288	0	0	0	0	0	0	0	0	0	0	0	0	0	0	0	0	0	0	0	0	0	0	0	0	0	0	0	0	0	0	0	0	
831420	Insula_L	19546	0	41926	124	6978	0	31702	0	2132	0	22982	0	52308	214	18364	464	26652	0	27600	1972	3244	140	8636	102	0	0	514	0	0	196	4224	446	852	574	212	0	16626	0	2196	0	2536	0	302	0	124	0	338	0	0	0	2264	0	178	0	2880	0	5916	0	148	0	3098	0	2044	0	2274	0	414	0	92	0	12392	13588	31614	74	364	102	226	9722	13554	0	11208	0	2104	0	3148	0	0	0	4080	0	0	0	0	0	0	0	0	0	0	0	0	0	0	0	0	0	0	0	0	0	0	0	0	0	0	0	
500808	Insula_R	0	1924	466	15492	72	974	110	6704	0	232	66	19140	92	22280	104	13346	0	25398	2274	13062	518	3014	96	1926	0	0	166	1420	196	0	1272	14658	1768	14196	0	0	0	16292	0	2408	0	2500	0	0	0	0	0	0	0	194	0	0	0	202	0	2062	0	2184	0	0	0	450	0	5168	0	1608	0	344	0	230	522	19556	166	22884	0	1172	0	136	0	2238	0	3080	0	2438	0	2112	0	0	0	1492	0	0	0	0	0	0	0	0	0	0	0	0	0	0	0	0	0	0	0	0	0	0	0	0	0	0	
185412	Cingulum_Ant_L	0	0	9498	1966	1734	534	3814	0	228	0	186	394	3366	912	2208	2250	0	110	1000	314	2476	1938	14124	4886	1274	2046	1058	1038	4224	1272	0	12184	5498	2382	0	0	0	0	0	0	0	0	0	0	0	0	0	0	0	0	0	0	0	0	0	0	0	0	0	0	0	0	0	0	0	0	0	0	0	0	2766	5150	1076	518	0	0	0	214	0	0	0	0	0	68	0	0	0	0	0	0	0	0	0	0	0	0	0	0	0	0	0	0	0	0	0	0	0	0	0	0	0	0	0	0	0	0	
367180	Cingulum_Ant_R	0	0	1410	20928	118	2452	172	1628	0	162	0	4948	276	9544	0	14512	0	636	1270	2198	1926	2418	11426	25824	400	5750	352	1824	446	14658	12184	0	1970	19392	0	0	0	394	0	0	0	0	0	0	0	0	0	0	0	0	0	0	0	0	0	0	0	0	0	0	0	0	0	0	0	0	0	0	0	0	1856	17390	136	4126	0	212	0	332	0	0	0	0	0	320	0	0	0	0	0	0	0	0	0	0	0	0	0	0	0	0	0	0	0	0	0	0	0	0	0	0	0	0	0	0	0	0	
177440	Cingulum_Mid_L	0	0	4168	624	0	0	2224	1066	0	0	216	688	800	3196	418	984	118	0	10468	4794	0	0	5744	368	0	0	0	0	852	1768	5498	1970	0	12794	2976	546	70	194	0	0	0	0	1194	86	2190	400	0	0	440	710	2408	518	0	0	0	0	0	0	992	168	116	0	0	0	0	0	5452	2134	520	838	402	3608	910	260	468	0	168	1856	0	0	0	0	0	0	254	0	0	0	84	0	0	0	0	0	0	0	0	0	0	0	0	0	0	0	0	0	0	0	0	0	0	0	0	0	0	0	
517892	Cingulum_Mid_R	0	446	302	13962	0	0	118	6646	0	138	0	7274	264	11204	0	6642	0	2566	8686	43232	0	0	5926	11814	0	0	0	0	574	14196	2382	19392	12794	0	672	3840	0	2486	0	314	0	0	0	972	0	3484	0	488	0	5066	0	3048	0	372	0	650	0	620	0	3380	0	1050	0	6086	0	730	452	17590	334	7398	106	8124	246	11662	86	228	752	910	0	168	0	736	0	696	0	3024	0	0	0	4618	0	0	0	0	0	0	0	0	0	0	0	0	0	0	0	0	0	0	0	0	0	0	0	0	0	0	
101456	Cingulum_Post_L	416	0	0	638	0	0	346	0	0	0	0	0	0	0	0	0	0	0	2158	1104	0	0	0	0	0	0	0	0	212	0	0	0	2976	672	0	1254	4550	1228	544	0	0	0	5204	0	244	894	4186	0	124	0	1948	0	226	0	96	0	358	0	552	608	386	0	0	0	76	0	10288	2006	446	0	78	0	484	0	0	0	4192	516	0	0	0	0	0	0	1298	0	0	0	420	0	0	0	0	0	0	0	0	0	0	0	0	0	0	0	0	0	0	0	0	0	0	0	0	0	0	0	
79672	Cingulum_Post_R	0	0	0	0	0	0	0	0	0	0	0	0	0	0	0	0	0	0	0	1824	0	0	0	0	0	0	0	0	0	0	0	0	546	3840	1254	0	0	6366	0	910	0	0	0	1922	0	378	0	6046	0	0	0	0	0	894	0	172	0	0	0	82	0	0	0	0	0	0	88	10010	66	400	0	0	0	0	0	0	1528	1720	0	0	0	0	0	0	0	606	0	0	0	820	0	0	0	0	0	0	0	70	0	0	0	0	0	0	0	0	0	0	0	0	294	0	0	0	0	0	
253208	Hippocampus_L	7696	0	6188	1260	0	0	9518	0	0	0	1258	0	290	0	0	0	1908	0	6754	1718	138	0	242	0	0	0	0	0	16626	0	0	0	70	0	4550	0	0	1310	9170	116	6816	0	2840	0	0	0	3402	324	0	0	78	0	164	0	5586	0	808	0	0	0	0	0	0	0	0	0	3728	0	752	0	0	0	16554	0	1030	0	3278	0	4252	0	1614	0	0	0	462	0	0	0	6104	0	0	0	0	0	0	0	0	0	0	0	0	0	0	0	0	0	0	0	0	0	0	0	0	0	0	0	
402840	Hippocampus_R	0	3022	0	22726	0	0	0	8832	0	0	0	1928	0	2188	0	0	0	5862	8238	16056	0	0	0	286	0	0	0	0	0	16292	0	394	194	2486	1228	6366	1310	0	120	14732	0	9552	0	500	0	120	636	4618	0	82	0	0	0	426	0	14810	0	2048	0	0	0	166	0	4584	0	452	264	5242	70	334	0	848	628	21570	0	442	6770	3720	0	716	0	1856	0	214	0	674	0	0	0	7512	0	0	0	0	0	0	0	84	0	0	0	0	0	0	0	0	0	0	0	0	222	0	0	0	0	0	
77504	ParaHippocampal_L	752	0	1866	110	70	0	686	0	0	0	0	0	0	0	130	0	324	0	966	126	700	0	0	0	0	0	0	0	2196	0	0	0	0	0	544	0	9170	120	0	122	4304	0	428	0	0	0	1838	120	0	0	114	0	716	0	5078	0	0	0	0	0	0	0	0	0	0	0	778	0	86	0	0	0	3674	0	506	0	324	0	0	0	198	0	502	0	170	0	284	0	1676	0	0	0	0	0	0	0	0	0	0	0	0	0	0	0	0	0	0	0	0	74	0	0	0	0	0	0	
114212	ParaHippocampal_R	0	68	0	1278	0	326	0	536	0	0	0	438	0	590	0	208	0	68	0	908	148	1610	0	0	0	0	0	518	0	2408	0	0	0	314	0	910	116	14732	122	0	76	7254	0	240	0	0	0	2076	0	0	0	0	0	274	0	10784	0	0	0	0	0	0	0	0	0	0	0	1388	0	0	148	148	84	3244	0	94	0	114	0	0	0	0	0	1158	0	0	0	268	0	4250	0	0	0	0	0	0	0	208	0	0	0	0	0	0	0	0	0	0	0	0	0	0	0	0	0	0	
40348	Amygdala_L	0	0	118	0	168	0	0	0	0	0	0	0	0	0	230	0	0	0	72	0	556	0	0	0	0	0	0	0	2536	0	0	0	0	0	0	0	6816	0	4304	76	0	0	0	0	0	0	0	0	0	0	0	0	0	0	3434	0	0	0	0	0	0	0	0	0	0	0	0	0	0	0	0	0	144	0	0	0	0	0	0	0	202	0	126	0	0	0	0	0	1392	0	0	0	0	0	0	0	0	0	0	0	0	0	0	0	0	0	0	0	0	0	0	0	0	0	0	0	
69264	Amygdala_R	0	0	0	778	0	440	0	0	0	0	0	0	0	0	0	216	0	0	0	780	458	2592	0	0	0	0	152	960	0	2500	0	0	0	0	0	0	0	9552	0	7254	0	0	0	0	0	0	0	0	0	0	0	0	0	0	0	4810	0	0	0	0	0	0	0	0	0	0	0	0	0	0	464	306	90	1732	0	106	0	0	0	0	0	0	0	1366	0	76	0	0	0	0	0	0	0	0	0	0	0	0	0	0	0	0	0	0	0	0	0	0	0	0	0	0	0	0	0	0	
228016	Calcarine_L	402	0	0	0	0	0	354	0	0	0	0	0	0	0	0	0	0	0	268	72	0	0	0	0	0	0	0	0	302	0	0	0	1194	0	5204	0	2840	0	428	0	0	0	0	2158	16448	3158	17302	1166	10658	316	21932	0	4354	0	2718	0	0	0	872	0	106	0	0	0	0	0	16370	230	196	0	0	0	476	0	0	0	1038	0	124	0	0	0	0	0	2576	0	0	0	746	0	0	0	0	0	0	0	0	0	0	0	0	0	0	0	0	0	0	0	0	0	0	0	0	0	0	0	
222408	Calcarine_R	0	0	0	0	0	0	0	0	0	0	0	0	0	0	0	0	0	0	0	358	0	0	0	0	0	0	0	0	0	0	0	0	86	972	0	1922	0	500	0	240	0	0	2158	0	3894	22382	2698	15620	0	19550	0	12716	0	3962	0	904	0	332	0	0	0	0	0	0	0	122	608	17876	0	1498	0	0	0	0	0	0	0	0	0	0	0	0	0	0	0	1074	0	0	0	1024	0	0	0	0	0	0	0	0	0	334	0	0	0	0	0	0	0	0	0	0	0	302	72	0	0	0	
154976	Cuneus_L	0	0	0	0	0	0	0	0	0	0	0	0	0	0	0	0	0	0	0	0	0	0	0	0	0	0	0	0	124	0	0	0	2190	0	244	0	0	0	0	0	0	0	16448	3894	0	6388	1548	570	12986	1728	12086	330	1232	0	620	0	354	0	910	0	630	0	0	0	0	0	12182	578	152	0	0	0	0	0	0	0	0	0	120	0	0	0	0	0	1896	0	0	0	278	0	0	0	0	0	0	0	0	0	0	0	0	0	0	0	0	0	0	0	0	0	0	0	0	0	0	0	
231376	Cuneus_R	0	0	0	0	0	0	0	0	0	0	0	0	0	0	0	0	0	0	0	186	0	0	0	0	0	0	0	0	0	0	0	0	400	3484	894	378	0	120	0	0	0	0	3158	22382	6388	0	1732	3100	0	30716	0	13966	0	730	0	94	0	0	0	2146	0	0	0	0	0	200	1904	20666	0	2176	0	0	0	0	0	0	0	0	0	0	0	0	0	0	0	558	0	0	0	310	0	0	0	0	0	0	0	0	0	0	0	0	0	0	0	0	0	0	0	0	0	0	0	0	0	0	
272284	Lingual_L	1228	0	114	638	0	0	1144	0	0	0	0	0	0	0	0	0	0	0	936	716	0	0	0	0	0	0	0	0	338	0	0	0	0	0	4186	0	3402	636	1838	0	0	0	17302	2698	1548	1732	0	3032	7526	614	18036	428	8306	0	14224	190	0	0	0	0	0	0	0	0	0	0	6342	288	188	0	0	0	1522	0	0	0	1528	0	0	0	0	0	0	0	1090	0	0	0	3098	0	2962	1276	138	324	0	0	5524	630	9932	1850	0	0	0	0	0	0	0	0	0	0	3608	3742	1288	0	0	0	
211464	Lingual_R	0	0	64	68	0	0	0	0	0	0	0	0	0	0	0	0	0	0	148	346	0	0	0	0	0	0	0	0	0	0	0	0	0	488	0	6046	324	4618	120	2076	0	0	1166	15620	570	3100	3032	0	0	5120	0	6178	0	7696	292	9600	0	120	0	0	0	0	0	0	0	0	120	8536	0	332	0	0	144	0	0	0	0	116	0	0	0	0	0	0	0	420	0	0	0	2530	1052	2954	74	0	0	156	468	3840	2710	6028	0	0	166	0	204	230	0	0	0	0	3194	4352	946	172	196	0	
177944	Occipital_Sup_L	0	0	0	0	0	0	0	0	0	0	0	0	0	0	0	0	0	0	0	0	0	0	0	0	0	0	0	0	0	0	0	0	440	0	124	0	0	0	0	0	0	0	10658	0	12986	0	7526	0	0	0	34212	0	1962	0	1578	0	112	0	7586	0	738	0	0	0	626	0	9080	0	0	0	0	0	0	0	0	0	0	0	64	0	0	0	0	0	1182	0	0	0	98	0	0	0	0	0	0	0	0	0	0	0	0	0	0	0	0	0	0	0	0	0	0	0	0	0	0	0	
244772	Occipital_Sup_R	0	0	0	0	0	0	0	0	0	0	0	0	0	0	0	0	0	94	0	452	0	0	0	0	0	0	0	0	0	194	0	0	710	5066	0	0	0	82	0	0	0	0	316	19550	1728	30716	614	5120	0	0	0	24366	0	1130	0	162	0	110	0	4224	0	2322	0	0	0	4740	676	16962	0	1800	0	0	0	0	0	0	0	0	0	64	0	0	0	0	0	584	0	0	0	520	0	0	0	0	0	0	0	0	0	84	0	0	0	0	0	0	0	0	0	0	0	0	0	0	0	0	
505616	Occipital_Mid_L	3458	0	148	0	0	0	74	0	0	0	0	0	0	0	0	0	1114	0	754	522	0	0	0	0	0	0	0	0	2264	0	0	0	2408	0	1948	0	78	0	114	0	0	0	21932	0	12086	0	18036	0	34212	0	0	0	20752	0	9156	0	2328	0	16166	0	17408	0	1718	0	22102	0	18512	0	2364	0	0	0	0	0	0	0	0	0	1544	0	944	0	0	0	33276	0	0	0	6956	0	434	0	0	0	0	0	0	0	0	0	0	0	0	0	0	0	0	0	0	0	0	0	0	0	0	0	
212284	Occipital_Mid_R	0	0	0	0	0	0	0	0	0	0	0	0	0	0	0	0	0	0	0	316	0	0	0	0	0	0	0	0	0	0	0	0	518	3048	0	0	0	0	0	0	0	0	0	12716	330	13966	428	6178	0	24366	0	0	0	6292	0	1840	0	98	0	914	0	1992	0	0	0	13534	244	9462	0	1482	0	0	0	0	0	0	0	0	0	0	0	0	0	0	0	6566	0	0	0	1774	0	0	0	0	0	0	0	0	0	0	0	0	0	0	0	0	0	0	0	0	78	0	0	0	0	0	
134152	Occipital_Inf_L	190	0	0	0	0	0	0	0	0	0	0	0	0	0	0	0	108	0	0	0	0	0	0	0	0	0	0	0	178	0	0	0	0	0	226	0	164	0	716	0	0	0	4354	0	1232	0	8306	0	1962	0	20752	0	0	0	12818	0	0	0	0	0	0	0	0	0	82	0	640	0	100	0	0	0	0	0	0	0	0	0	230	0	92	0	0	0	3498	0	0	0	10206	0	496	0	0	0	0	0	228	0	300	0	0	0	0	0	0	0	0	0	0	0	198	0	0	0	0	0	
90532	Occipital_Inf_R	0	0	0	142	0	0	0	0	0	0	0	0	0	0	0	0	0	0	0	956	0	0	0	0	0	0	0	0	0	202	0	0	0	372	0	894	0	426	0	274	0	0	0	3962	0	730	0	7696	0	1130	0	6292	0	0	0	7706	0	222	0	0	0	0	0	0	0	584	0	3046	0	1122	0	0	0	0	0	0	0	0	0	0	0	0	0	0	0	1628	0	0	0	6498	0	210	0	0	0	0	0	66	0	658	0	0	0	0	0	0	0	0	0	0	118	236	96	0	0	0	
266916	Fusiform_L	240	0	802	0	0	0	0	0	0	0	0	0	0	0	0	0	112	0	670	0	0	0	0	0	0	0	0	0	2880	0	0	0	0	0	96	0	5586	0	5078	0	3434	0	2718	0	620	0	14224	292	1578	0	9156	0	12818	0	0	0	0	0	0	0	0	0	0	0	0	0	358	0	98	0	0	0	660	0	0	0	0	0	646	0	2744	0	966	0	3834	0	1052	0	15186	0	9836	602	370	248	178	0	10930	320	19138	562	0	0	454	0	364	0	0	0	0	106	2482	1486	534	0	0	0	
198236	Fusiform_R	0	0	0	346	0	0	0	238	0	0	0	118	0	190	0	0	0	104	0	880	0	0	0	0	0	0	0	0	0	2062	0	0	0	650	0	172	0	14810	0	10784	0	4810	0	904	0	94	190	9600	0	162	0	1840	0	7706	0	0	0	0	0	0	0	0	0	142	0	0	0	340	0	88	0	0	0	3636	0	0	0	0	0	0	0	0	0	3366	0	556	0	304	0	15480	82	4168	0	66	0	0	0	3982	212	7836	0	0	0	0	0	284	0	68	0	0	368	1230	626	298	326	0	
230984	Postcentral_L	27064	0	3382	0	0	0	3162	0	0	0	4418	0	0	0	0	0	9702	0	1676	900	0	0	0	0	0	0	0	0	5916	0	0	0	0	0	358	0	808	0	0	0	0	0	0	0	354	0	0	0	112	0	2328	0	0	0	0	0	0	0	9044	0	20896	0	3870	0	3496	0	2092	0	5612	0	0	0	348	0	150	0	284	0	2928	0	5042	0	0	0	400	0	0	0	1150	0	0	0	0	0	0	0	0	0	0	0	0	0	0	0	0	0	0	0	0	0	0	0	0	0	0	0	
110276	Postcentral_R	0	9766	0	534	0	0	0	476	0	0	0	746	0	0	0	0	0	2978	0	1902	0	0	0	0	0	0	0	0	0	2184	0	0	0	620	0	0	0	2048	0	0	0	0	0	332	0	0	0	120	0	110	0	98	0	222	0	0	0	0	0	3922	0	3972	0	9892	0	418	70	2948	0	6686	0	0	0	396	0	0	0	0	0	88	0	840	0	0	0	2310	0	0	0	1460	0	0	0	0	0	0	0	0	0	0	0	0	0	0	0	0	0	0	0	0	0	0	0	0	0	0	
136800	Parietal_Sup_L	592	0	0	0	0	0	0	0	0	0	0	0	0	0	0	0	0	0	362	280	0	0	0	0	0	0	0	0	148	0	0	0	992	0	552	0	0	0	0	0	0	0	872	0	910	0	0	0	7586	0	16166	0	0	0	0	0	9044	0	0	0	12208	0	0	0	2748	0	13948	0	1370	0	0	0	0	0	0	0	0	0	0	0	0	0	0	0	622	0	0	0	0	0	0	0	0	0	0	0	0	0	0	0	0	0	0	0	0	0	0	0	0	0	0	0	0	0	0	0	
105448	Parietal_Sup_R	0	112	0	64	0	0	0	0	0	0	0	0	0	0	0	0	0	0	0	132	0	0	0	0	0	0	0	0	0	0	0	0	168	3380	608	82	0	0	0	0	0	0	0	0	0	2146	0	0	0	4224	0	914	0	0	0	0	0	3922	0	0	0	7984	0	1076	0	5190	1690	15836	0	3220	0	0	0	0	0	0	0	0	0	0	0	0	0	0	0	756	0	0	0	1220	0	0	0	0	0	0	0	0	0	0	0	0	0	0	0	0	0	0	0	0	0	0	0	0	0	0	
239692	Parietal_Inf_L	11172	0	850	0	0	0	2546	0	0	0	2290	0	0	0	0	0	1242	0	1268	466	0	0	0	0	0	0	0	0	3098	0	0	0	116	0	386	0	0	0	0	0	0	0	106	0	630	0	0	0	738	0	17408	0	0	0	0	0	20896	0	12208	0	0	0	8896	0	22352	0	1928	0	3790	0	0	0	0	0	0	0	0	0	0	0	1396	0	0	0	4378	0	0	0	1686	0	0	0	0	0	0	0	0	0	0	0	0	0	0	0	0	0	0	0	0	0	0	0	0	0	0	0	
91468	Parietal_Inf_R	0	1346	0	786	0	0	0	308	0	0	0	0	0	0	0	0	0	108	0	1310	0	0	0	0	0	0	0	0	0	450	0	0	0	1050	0	0	0	166	0	0	0	0	0	0	0	0	0	0	0	2322	0	1992	0	0	0	0	0	3972	0	7984	0	0	0	9760	0	10944	0	150	0	284	0	0	0	88	0	0	0	0	0	0	0	0	0	0	0	1066	0	0	0	1648	0	0	0	0	0	0	0	0	0	0	0	0	0	0	0	0	0	0	0	0	0	0	0	0	0	0	
107928	SupraMarginal_L	2320	0	154	0	0	0	544	0	0	0	460	0	0	0	0	0	2574	0	1042	930	0	0	0	0	0	0	0	0	2044	0	0	0	0	0	0	0	0	0	0	0	0	0	0	0	0	0	0	0	0	0	1718	0	0	0	0	0	3870	0	0	0	8896	0	0	0	7918	0	0	0	0	0	0	0	0	0	0	0	0	0	0	0	7812	0	0	0	7542	0	0	0	6140	0	0	0	0	0	0	0	0	0	0	0	0	0	0	0	0	0	0	0	0	0	0	0	0	0	0	0	
151352	SupraMarginal_R	0	3958	0	2618	0	0	0	1016	0	0	0	178	0	0	0	0	0	3770	0	7032	0	0	0	0	0	0	0	0	0	5168	0	0	0	6086	0	0	0	4584	0	0	0	0	0	0	0	0	0	0	0	0	0	0	0	0	0	142	0	9892	0	1076	0	9760	0	0	0	5746	0	0	0	1108	0	0	0	178	0	0	0	0	0	190	0	5744	0	0	0	5366	0	0	0	2064	0	0	0	0	0	0	0	0	0	0	0	0	0	0	0	0	0	0	0	0	0	0	0	0	0	0	
187680	Angular_L	4250	0	642	0	0	0	1228	0	0	0	1124	0	0	0	0	0	728	0	630	76	0	0	0	0	0	0	0	0	2274	0	0	0	0	0	76	0	0	0	0	0	0	0	0	0	0	0	0	0	626	0	22102	0	82	0	0	0	3496	0	2748	0	22352	0	7918	0	0	0	184	0	608	0	0	0	0	0	0	0	0	0	0	0	3680	0	0	0	16372	0	0	0	2644	0	0	0	0	0	0	0	0	0	0	0	0	0	0	0	0	0	0	0	0	0	0	0	0	0	0	0	
114856	Angular_R	0	120	0	558	0	0	0	166	0	0	0	0	0	0	0	0	0	532	0	872	0	0	0	0	0	0	0	0	0	1608	0	0	0	730	0	0	0	452	0	0	0	0	0	122	0	200	0	0	0	4740	0	13534	0	584	0	0	0	418	0	5190	0	10944	0	5746	0	0	0	418	0	282	0	0	0	0	0	0	0	0	0	120	0	1494	0	0	0	5600	0	0	0	2998	0	0	0	0	0	0	0	0	0	0	0	0	0	0	0	0	0	0	0	0	0	0	0	0	0	0	
253036	Precuneus_L	512	0	0	240	0	0	340	0	0	0	0	0	0	0	0	0	84	0	602	334	0	0	0	0	0	0	0	0	414	0	0	0	5452	452	10288	88	3728	264	778	0	0	0	16370	608	12182	1904	6342	120	9080	676	18512	244	640	0	358	0	2092	70	13948	1690	1928	0	0	0	184	0	0	6254	2022	522	0	0	446	0	0	0	1302	0	186	0	76	0	0	0	4230	0	0	0	956	0	0	0	0	0	0	0	0	0	0	0	0	0	0	0	0	0	0	0	0	0	0	0	0	0	0	0	
331376	Precuneus_R	0	248	0	248	0	0	0	0	0	0	0	0	0	0	0	0	0	216	88	3224	0	0	0	0	0	0	0	0	0	344	0	0	2134	17590	2006	10010	0	5242	0	1388	0	0	230	17876	578	20666	288	8536	0	16962	0	9462	0	3046	0	340	0	2948	0	15836	0	150	0	0	0	418	6254	0	222	14088	0	0	0	0	0	0	0	0	0	92	0	0	0	0	0	2490	0	0	0	2064	0	0	0	0	0	0	0	80	0	0	0	0	0	0	0	0	0	0	0	0	324	0	0	0	0	0	
83664	Paracentral_Lobule_L	11460	0	462	72	0	0	388	0	0	0	324	0	0	0	0	0	248	0	4840	724	0	0	0	0	0	0	0	0	92	0	0	0	520	334	446	66	752	70	86	0	0	0	196	0	152	0	188	0	0	0	2364	0	100	0	98	0	5612	0	1370	0	3790	0	0	0	608	0	2022	222	0	420	0	0	658	0	0	0	912	0	0	0	288	0	0	0	1364	0	0	0	584	0	0	0	0	0	0	0	0	0	0	0	0	0	0	0	0	0	0	0	0	0	0	0	0	0	0	0	
129124	Paracentral_Lobule_R	0	2716	0	324	0	0	0	0	0	0	0	0	0	0	0	0	0	74	168	10124	0	0	0	0	0	0	0	0	0	230	0	0	838	7398	0	400	0	334	0	0	0	0	0	1498	0	2176	0	332	0	1800	0	1482	0	1122	0	88	0	6686	0	3220	0	284	0	1108	0	282	522	14088	420	0	78	0	0	0	0	0	868	0	0	0	0	80	0	0	0	3046	0	0	0	2776	0	0	0	0	0	0	0	0	0	0	0	0	0	0	0	0	0	0	0	0	0	0	0	0	0	0	
179372	Caudate_L	0	0	1900	0	1578	1948	870	0	148	0	2302	0	9614	0	2466	268	104	0	3304	2052	8714	7498	64	0	186	184	3384	3464	12392	522	2766	1856	402	106	78	0	0	0	0	148	0	464	0	0	0	0	0	0	0	0	0	0	0	0	0	0	0	0	0	0	0	0	0	0	0	0	0	0	0	78	0	7580	7544	0	0	0	1410	4216	0	0	0	0	76	0	0	0	0	0	0	0	0	0	0	0	0	0	0	0	0	0	0	0	0	0	0	0	0	0	0	0	0	0	0	0	0	0	
508620	Caudate_R	286	0	5896	13400	278	2770	1544	206	0	780	1414	5794	10582	11318	1510	19476	334	604	11712	19406	2356	4360	602	1478	116	2220	380	3672	13588	19556	5150	17390	3608	8124	0	0	0	848	0	148	0	306	0	0	0	0	0	0	0	0	0	0	0	0	0	0	0	0	0	0	0	0	0	0	0	0	0	0	0	0	7580	0	8426	19570	224	3308	340	23398	0	0	0	0	0	252	0	0	0	0	0	0	0	0	0	0	0	0	0	0	0	0	0	0	0	0	0	0	0	0	0	0	0	0	0	0	0	0	
446632	Putamen_L	7328	0	37072	616	5538	250	10990	0	1408	0	1318	0	14100	70	9110	246	1510	0	29186	4686	1454	970	780	0	0	0	646	376	31614	166	1076	136	910	246	484	0	16554	628	3674	84	144	90	476	0	0	0	1522	144	0	0	0	0	0	0	660	0	348	0	0	0	0	0	0	0	0	0	446	0	658	0	7544	8426	0	0	7498	0	2482	7246	118	0	1262	0	128	0	0	0	0	0	898	0	0	0	0	0	0	0	0	0	0	0	0	0	0	0	0	0	0	0	0	0	0	0	0	0	0	0	
386016	Putamen_R	0	612	0	27548	0	424	0	6904	0	558	0	5446	0	5374	0	8012	0	5482	3836	25584	0	102	138	3856	0	0	0	592	74	22884	518	4126	260	11662	0	0	0	21570	0	3244	0	1732	0	0	0	0	0	0	0	0	0	0	0	0	0	3636	0	396	0	0	0	88	0	178	0	0	0	0	0	0	0	19570	0	0	0	5692	0	480	0	124	0	132	0	280	0	222	0	0	0	1672	0	0	0	0	0	0	0	0	0	0	0	0	0	0	0	0	0	0	0	0	0	0	0	0	0	0	
54296	Pallidum_L	404	0	5606	0	0	0	82	0	0	0	0	0	0	0	0	0	616	0	4802	1638	0	0	0	0	0	0	0	0	364	0	0	0	468	86	0	0	1030	0	506	0	0	0	0	0	0	0	0	0	0	0	0	0	0	0	0	0	150	0	0	0	0	0	0	0	0	0	0	0	0	0	0	224	7498	0	0	0	2628	956	0	0	90	0	0	0	0	0	0	0	0	0	0	0	0	0	0	0	0	0	0	0	0	0	0	0	0	0	0	0	0	0	0	0	0	0	0	0	
49708	Pallidum_R	0	0	66	6254	0	0	0	130	0	0	0	0	0	378	0	536	0	0	286	5706	0	0	0	70	0	0	0	0	102	1172	0	212	0	228	0	0	0	442	0	94	0	106	0	0	0	0	0	0	0	0	0	0	0	0	0	0	0	0	0	0	0	0	0	0	0	0	0	0	0	0	0	3308	0	5692	0	0	0	72	0	0	0	0	0	0	0	0	0	0	0	0	0	0	0	0	0	0	0	0	0	0	0	0	0	0	0	0	0	0	0	0	0	0	0	0	0	0	
146552	Thalamus_L	1180	120	3124	5736	0	0	194	0	0	0	0	0	0	0	0	0	344	0	15040	14232	0	0	0	0	0	0	0	0	226	0	0	0	168	752	4192	1528	3278	6770	324	0	0	0	1038	0	0	0	1528	0	0	0	0	0	0	0	0	0	284	0	0	0	0	0	0	0	0	0	1302	0	912	868	1410	340	2482	0	2628	0	0	3186	0	0	90	0	0	0	0	0	0	0	0	0	0	0	0	0	0	0	0	0	0	0	0	0	0	0	0	0	0	0	0	0	0	0	0	0	0	0	
212700	Thalamus_R	0	72	1316	8888	0	0	124	258	0	0	166	0	7254	144	224	160	68	0	8556	20210	0	0	0	0	0	0	0	0	9722	136	214	332	1856	910	516	1720	0	3720	0	114	0	0	0	0	0	0	0	116	0	0	0	0	0	0	0	0	0	0	0	0	0	0	0	0	0	0	0	0	0	0	4216	23398	7246	480	956	72	3186	0	0	0	0	0	0	0	0	0	0	0	0	0	0	0	0	0	0	0	0	0	0	0	0	0	0	0	0	0	0	0	0	0	0	0	0	0	0	0	
110172	Heschl_L	6484	0	804	0	0	0	4168	0	0	0	2220	0	274	0	0	0	5622	0	300	88	0	0	66	0	0	0	0	0	13554	0	0	0	0	0	0	0	4252	0	0	0	0	0	124	0	120	0	0	0	64	0	1544	0	230	0	646	0	2928	0	0	0	0	0	0	0	0	0	186	0	0	0	0	0	118	0	0	0	0	0	0	0	4238	0	0	0	4500	0	0	0	2556	0	0	0	0	0	0	0	0	0	0	0	0	0	0	0	0	0	0	0	0	0	0	0	0	0	0	0	
20824	Heschl_R	0	0	0	0	0	0	0	0	0	0	0	98	0	0	0	0	0	2096	0	172	0	0	0	0	0	0	0	0	0	2238	0	0	0	168	0	0	0	716	0	0	0	0	0	0	0	0	0	0	0	64	0	0	0	0	0	0	0	88	0	0	0	0	0	190	0	120	0	92	0	0	0	0	0	124	0	0	0	0	0	0	0	2306	0	0	0	1420	0	0	0	520	0	0	0	0	0	0	0	0	0	0	0	0	0	0	0	0	0	0	0	0	0	0	0	0	0	0	
205172	Temporal_Sup_L	5316	0	4444	0	0	0	826	0	0	0	3686	0	384	0	0	0	14194	0	3596	586	0	0	336	0	0	0	0	0	11208	0	0	0	0	0	0	0	1614	0	198	0	202	0	0	0	0	0	0	0	0	0	944	0	92	0	2744	0	5042	0	0	0	1396	0	7812	0	3680	0	76	0	288	0	0	0	1262	0	90	0	90	0	4238	0	0	0	1488	0	15524	0	0	0	11230	0	0	0	0	0	0	0	0	0	0	0	0	0	0	0	0	0	0	0	0	0	0	0	0	0	0	0	
63672	Temporal_Sup_R	0	350	0	262	0	0	0	0	0	0	0	104	0	0	0	0	0	3794	0	850	0	0	0	0	0	0	0	0	0	3080	0	0	0	736	0	0	0	1856	0	0	0	0	0	0	0	0	0	0	0	0	0	0	0	0	0	0	0	840	0	0	0	0	0	5744	0	1494	0	0	0	80	0	0	0	132	0	0	0	0	0	2306	0	0	0	1050	0	8046	0	618	0	494	0	0	0	0	0	0	0	0	0	0	0	0	0	0	0	0	0	0	0	0	0	0	0	0	0	0	
44188	Temporal_Pole_Sup_L	0	0	582	0	464	0	72	0	208	0	1124	0	380	0	856	0	842	0	422	0	314	0	0	0	0	0	0	0	2104	0	0	0	0	0	0	0	0	0	502	0	126	0	0	0	0	0	0	0	0	0	0	0	0	0	966	0	0	0	0	0	0	0	0	0	0	0	0	0	0	0	76	0	128	0	0	0	0	0	0	0	1488	0	0	0	4314	0	2614	0	4512	0	0	0	0	0	0	0	0	0	0	0	0	0	0	0	0	0	0	0	0	0	0	0	0	0	0	0	
47376	Temporal_Pole_Sup_R	0	0	0	64	0	188	0	78	0	0	0	1766	0	76	0	232	0	1608	0	122	0	476	0	0	0	0	0	288	0	2438	68	320	0	696	0	0	0	214	0	1158	0	1366	0	0	0	0	0	0	0	0	0	0	0	0	0	3366	0	0	0	0	0	0	0	0	0	0	0	0	0	0	0	252	0	280	0	0	0	0	0	0	0	1050	0	0	0	1492	0	2246	0	3844	0	0	0	0	0	0	0	0	0	0	0	0	0	0	0	0	0	0	0	0	0	0	0	0	0	0	
303708	Temporal_Mid_L	3070	0	142	0	0	0	136	0	0	0	0	0	0	0	0	0	2148	0	268	124	0	0	0	0	0	0	0	0	3148	0	0	0	254	0	1298	0	462	0	170	0	0	0	2576	0	1896	0	1090	0	1182	0	33276	0	3498	0	3834	0	400	0	622	0	4378	0	7542	0	16372	0	4230	0	1364	0	0	0	0	0	0	0	0	0	4500	0	15524	0	4314	0	0	0	2778	0	31180	0	78	0	0	0	0	0	0	0	0	0	0	0	0	0	0	0	0	0	0	0	0	0	0	0	0	0	
147572	Temporal_Mid_R	0	268	0	116	0	0	0	0	0	0	0	0	0	0	0	0	0	288	0	3424	0	0	0	0	0	0	0	0	0	2112	0	0	0	3024	0	606	0	674	0	0	0	76	0	1074	0	558	0	420	0	584	0	6566	0	1628	0	556	0	2310	0	756	0	1066	0	5366	0	5600	0	2490	0	3046	0	0	0	222	0	0	0	0	0	1420	0	8046	0	1492	0	0	0	2400	0	17598	0	0	0	0	0	0	0	0	0	0	0	0	0	0	0	0	0	0	0	0	0	0	0	0	0	0	
20336	Temporal_Pole_Mid_L	0	0	0	0	0	0	0	0	0	0	0	0	0	0	0	0	0	0	0	0	0	0	0	0	0	0	0	0	0	0	0	0	0	0	0	0	0	0	284	0	0	0	0	0	0	0	0	0	0	0	0	0	0	0	1052	0	0	0	0	0	0	0	0	0	0	0	0	0	0	0	0	0	0	0	0	0	0	0	0	0	0	0	2614	0	2778	0	0	0	3440	0	0	0	0	0	0	0	0	0	0	0	0	0	0	0	0	0	0	0	0	0	0	0	0	0	0	0	
14228	Temporal_Pole_Mid_R	0	0	0	0	0	0	0	0	0	0	0	0	0	0	0	0	0	0	0	0	0	0	0	0	0	0	0	0	0	0	0	0	0	0	0	0	0	0	0	268	0	0	0	0	0	0	0	0	0	0	0	0	0	0	0	304	0	0	0	0	0	0	0	0	0	0	0	0	0	0	0	0	0	0	0	0	0	0	0	0	0	618	0	2246	0	2400	0	0	0	1278	0	0	0	0	0	0	0	0	0	0	0	0	0	0	0	0	0	0	0	0	0	0	0	0	0	0	
247448	Temporal_Inf_L	1726	0	1022	0	0	0	64	0	0	0	114	0	0	0	0	0	700	0	1730	892	0	0	0	0	0	0	0	0	4080	0	0	0	84	0	420	0	6104	0	1676	0	1392	0	746	0	278	0	3098	0	98	0	6956	0	10206	0	15186	0	1150	0	0	0	1686	0	6140	0	2644	0	956	0	584	0	0	0	898	0	0	0	0	0	2556	0	11230	0	4512	0	31180	0	3440	0	0	0	176	0	0	0	0	0	0	0	0	0	0	0	0	0	0	0	0	0	0	0	0	0	0	0	0	0	
190140	Temporal_Inf_R	0	766	0	328	0	0	0	378	0	0	0	164	0	286	0	0	0	522	0	6024	0	0	0	0	0	0	0	0	0	1492	0	0	0	4618	0	820	0	7512	0	4250	0	0	0	1024	0	310	0	2530	0	520	0	1774	0	6498	0	15480	0	1460	0	1220	0	1648	0	2064	0	2998	0	2064	0	2776	0	0	0	1672	0	0	0	0	0	520	0	494	0	3844	0	17598	0	1278	0	0	0	138	0	0	0	0	0	0	0	0	0	0	0	0	0	0	0	0	0	0	0	0	0	0	0	0	
314736	Cerebelum_Crus1_L	0	0	0	0	0	0	0	0	0	0	0	0	0	0	0	0	0	0	0	0	0	0	0	0	0	0	0	0	0	0	0	0	0	0	0	0	0	0	0	0	0	0	0	0	0	0	2962	1052	0	0	434	0	496	0	9836	82	0	0	0	0	0	0	0	0	0	0	0	0	0	0	0	0	0	0	0	0	0	0	0	0	0	0	0	0	78	0	0	0	176	0	0	2068	24626	1558	856	0	17536	710	47818	1474	4600	0	17096	232	7154	356	1418	0	110	412	2620	4144	5108	1106	1072	178	
305272	Cerebelum_Crus1_R	0	0	0	0	0	0	0	0	0	0	0	0	0	0	0	0	0	0	0	0	0	0	0	0	0	0	0	0	0	0	0	0	0	0	0	0	0	0	0	0	0	0	0	0	0	0	1276	2954	0	0	0	0	0	210	602	4168	0	0	0	0	0	0	0	0	0	0	0	0	0	0	0	0	0	0	0	0	0	0	0	0	0	0	0	0	0	0	0	0	0	138	2068	0	836	26286	0	2134	134	10888	3212	47714	194	4472	154	17514	0	3954	0	2312	0	0	322	7348	8980	2420	2280	66	
193432	Cerebelum_Crus2_L	0	0	0	0	0	0	0	0	0	0	0	0	0	0	0	0	0	0	0	0	0	0	0	0	0	0	0	0	0	0	0	0	0	0	0	0	0	0	0	0	0	0	0	0	0	0	138	74	0	0	0	0	0	0	370	0	0	0	0	0	0	0	0	0	0	0	0	0	0	0	0	0	0	0	0	0	0	0	0	0	0	0	0	0	0	0	0	0	0	0	24626	836	0	8502	0	0	366	70	2146	0	20848	858	21750	1072	5088	0	0	0	0	0	116	524	7206	1882	244	0	
220804	Cerebelum_Crus2_R	0	0	0	0	0	0	0	0	0	0	0	0	0	0	0	0	0	0	0	0	0	0	0	0	0	0	0	0	0	0	0	0	0	0	0	0	0	0	0	0	0	0	0	0	0	0	324	0	0	0	0	0	0	0	248	66	0	0	0	0	0	0	0	0	0	0	0	0	0	0	0	0	0	0	0	0	0	0	0	0	0	0	0	0	0	0	0	0	0	0	1558	26286	8502	0	0	0	0	366	1174	7112	4470	12002	3998	23072	696	2948	0	850	0	0	0	710	10690	4296	1034	0	
17536	Cerebelum_3_L	0	0	0	0	0	0	0	0	0	0	0	0	0	0	0	0	0	0	0	0	0	0	0	0	0	0	0	0	0	0	0	0	0	0	0	0	0	0	0	0	0	0	0	0	0	0	0	0	0	0	0	0	0	0	178	0	0	0	0	0	0	0	0	0	0	0	0	0	0	0	0	0	0	0	0	0	0	0	0	0	0	0	0	0	0	0	0	0	0	0	856	0	0	0	0	0	2266	0	1194	108	0	0	186	0	1022	128	0	0	608	976	1246	0	0	0	0	0	
18408	Cerebelum_3_R	0	0	0	0	0	0	0	0	0	0	0	0	0	0	0	0	0	0	0	0	0	0	0	0	0	0	0	0	0	0	0	0	0	0	0	0	0	0	0	0	0	0	0	0	0	0	0	156	0	0	0	0	0	0	0	0	0	0	0	0	0	0	0	0	0	0	0	0	0	0	0	0	0	0	0	0	0	0	0	0	0	0	0	0	0	0	0	0	0	0	0	2134	0	0	0	0	0	3072	0	2808	0	0	0	0	0	348	0	0	200	242	244	0	0	0	0	0	
175760	Cerebelum_4_5_L	0	0	0	0	0	0	0	0	0	0	0	0	0	0	0	0	0	0	0	0	0	0	0	0	0	0	0	0	0	0	0	0	0	0	0	0	0	0	0	0	0	0	0	0	0	0	5524	468	0	0	0	0	228	0	10930	0	0	0	0	0	0	0	0	0	0	0	0	0	0	0	0	0	0	0	0	0	0	0	0	0	0	0	0	0	0	0	0	0	0	0	17536	134	366	0	2266	0	0	816	31604	516	110	0	1074	0	2144	552	504	0	128	662	10106	1150	172	0	140	750	
105628	Cerebelum_4_5_R	0	0	0	0	0	0	0	0	0	0	0	0	0	0	0	0	0	0	0	0	0	0	0	0	0	0	0	0	0	0	0	0	0	0	0	70	0	84	0	208	0	0	0	0	0	0	630	3840	0	0	0	0	0	66	320	3982	0	0	0	0	0	0	0	0	0	0	0	80	0	0	0	0	0	0	0	0	0	0	0	0	0	0	0	0	0	0	0	0	0	0	710	10888	70	366	0	3072	816	0	2006	17240	0	202	158	202	242	204	0	74	0	74	4408	2194	184	112	136	176	
346632	Cerebelum_6_L	0	0	0	0	0	0	0	0	0	0	0	0	0	0	0	0	0	0	0	0	0	0	0	0	0	0	0	0	0	0	0	0	0	0	0	0	0	0	0	0	0	0	0	0	0	0	9932	2710	0	0	0	0	300	0	19138	212	0	0	0	0	0	0	0	0	0	0	0	0	0	0	0	0	0	0	0	0	0	0	0	0	0	0	0	0	0	0	0	0	0	0	47818	3212	2146	1174	1194	0	31604	2006	0	3934	1880	0	11084	72	6544	448	3520	0	114	544	8190	9346	4184	754	1100	156	
276056	Cerebelum_6_R	0	0	0	0	0	0	0	0	0	0	0	0	0	0	0	0	0	0	0	0	0	0	0	0	0	0	0	0	0	0	0	0	0	0	0	0	0	0	0	0	0	0	0	334	0	0	1850	6028	0	84	0	0	0	658	562	7836	0	0	0	0	0	0	0	0	0	0	0	0	0	0	0	0	0	0	0	0	0	0	0	0	0	0	0	0	0	0	0	0	0	0	1474	47714	0	7112	108	2808	516	17240	3934	0	0	1556	0	7806	144	3764	0	3346	92	206	2572	10388	5348	2162	2234	152	
127792	Cerebelum_7b_L	0	0	0	0	0	0	0	0	0	0	0	0	0	0	0	0	0	0	0	0	0	0	0	0	0	0	0	0	0	0	0	0	0	0	0	0	0	0	0	0	0	0	0	0	0	0	0	0	0	0	0	0	0	0	0	0	0	0	0	0	0	0	0	0	0	0	0	0	0	0	0	0	0	0	0	0	0	0	0	0	0	0	0	0	0	0	0	0	0	0	4600	194	20848	4470	0	0	110	0	1880	0	0	2172	19098	1286	3106	0	216	0	0	0	0	94	2648	3174	0	0	
74832	Cerebelum_7b_R	0	0	0	0	0	0	0	0	0	0	0	0	0	0	0	0	0	0	0	0	0	0	0	0	0	0	0	0	0	0	0	0	0	0	0	0	0	0	0	0	0	0	0	0	0	0	0	0	0	0	0	0	0	0	0	0	0	0	0	0	0	0	0	0	0	0	0	0	0	0	0	0	0	0	0	0	0	0	0	0	0	0	0	0	0	0	0	0	0	0	0	4472	858	12002	0	0	0	202	0	1556	2172	0	2158	10476	70	676	0	0	0	0	0	0	182	2592	0	0	
211980	Cerebelum_8_L	0	0	0	0	0	0	0	0	0	0	0	0	0	0	0	0	0	0	0	0	0	0	0	0	0	0	0	0	0	0	0	0	0	0	0	0	0	0	0	0	0	0	0	0	0	0	0	166	0	0	0	0	0	0	454	0	0	0	0	0	0	0	0	0	0	0	0	0	0	0	0	0	0	0	0	0	0	0	0	0	0	0	0	0	0	0	0	0	0	0	17096	154	21750	3998	186	0	1074	158	11084	0	19098	2158	0	3504	14412	180	1668	0	0	0	350	428	2814	4562	696	0	
161336	Cerebelum_8_R	0	0	0	0	0	0	0	0	0	0	0	0	0	0	0	0	0	0	0	0	0	0	0	0	0	0	0	0	0	0	0	0	0	0	0	0	0	0	0	0	0	0	0	0	0	0	0	0	0	0	0	0	0	0	0	0	0	0	0	0	0	0	0	0	0	0	0	0	0	0	0	0	0	0	0	0	0	0	0	0	0	0	0	0	0	0	0	0	0	0	232	17514	1072	23072	0	0	0	202	72	7806	1286	10476	3504	0	1146	5226	0	972	0	0	80	64	3680	3390	874	0	
109476	Cerebelum_9_L	0	0	0	0	0	0	0	0	0	0	0	0	0	0	0	0	0	0	0	0	0	0	0	0	0	0	0	0	0	0	0	0	0	0	0	0	0	0	0	0	0	0	0	0	0	0	0	204	0	0	0	0	0	0	364	0	0	0	0	0	0	0	0	0	0	0	0	0	0	0	0	0	0	0	0	0	0	0	0	0	0	0	0	0	0	0	0	0	0	0	7154	0	5088	696	1022	0	2144	242	6544	144	3106	70	14412	1146	0	482	3400	0	0	116	1658	990	1364	1818	1670	904	
74244	Cerebelum_9_R	0	0	0	0	0	0	0	0	0	0	0	0	0	0	0	0	0	0	0	0	0	0	0	0	0	0	0	0	0	0	0	0	0	0	0	0	0	0	0	0	0	0	0	0	0	0	0	230	0	0	0	0	0	0	0	284	0	0	0	0	0	0	0	0	0	0	0	0	0	0	0	0	0	0	0	0	0	0	0	0	0	0	0	0	0	0	0	0	0	0	356	3954	0	2948	128	348	552	204	448	3764	0	676	180	5226	482	0	102	1702	436	532	1768	2062	2796	2994	3408	1542	
21656	Cerebelum_10_L	0	0	0	0	0	0	0	0	0	0	0	0	0	0	0	0	0	0	0	0	0	0	0	0	0	0	0	0	0	0	0	0	0	0	0	0	0	0	0	0	0	0	0	0	0	0	0	0	0	0	0	0	0	0	0	0	0	0	0	0	0	0	0	0	0	0	0	0	0	0	0	0	0	0	0	0	0	0	0	0	0	0	0	0	0	0	0	0	0	0	1418	0	0	0	0	0	504	0	3520	0	216	0	1668	0	3400	102	0	0	0	0	0	0	0	0	0	0	
20052	Cerebelum_10_R	0	0	0	0	0	0	0	0	0	0	0	0	0	0	0	0	0	0	0	0	0	0	0	0	0	0	0	0	0	0	0	0	0	0	0	0	0	0	0	0	0	0	0	0	0	0	0	0	0	0	0	0	0	0	0	68	0	0	0	0	0	0	0	0	0	0	0	0	0	0	0	0	0	0	0	0	0	0	0	0	0	0	0	0	0	0	0	0	0	0	0	2312	0	850	0	0	0	74	0	3346	0	0	0	972	0	1702	0	0	0	0	0	80	264	176	182	0	
8984	Vermis_1_2	0	0	0	0	0	0	0	0	0	0	0	0	0	0	0	0	0	0	0	0	0	0	0	0	0	0	0	0	0	0	0	0	0	0	0	0	0	0	0	0	0	0	0	0	0	0	0	0	0	0	0	0	0	0	0	0	0	0	0	0	0	0	0	0	0	0	0	0	0	0	0	0	0	0	0	0	0	0	0	0	0	0	0	0	0	0	0	0	0	0	110	0	0	0	608	200	128	0	114	92	0	0	0	0	0	436	0	0	0	2554	250	0	0	0	0	0	
15364	Vermis_3	0	0	0	0	0	0	0	0	0	0	0	0	0	0	0	0	0	0	0	0	0	0	0	0	0	0	0	0	0	0	0	0	0	0	0	0	0	0	74	0	0	0	0	0	0	0	0	0	0	0	0	0	0	0	106	0	0	0	0	0	0	0	0	0	0	0	0	0	0	0	0	0	0	0	0	0	0	0	0	0	0	0	0	0	0	0	0	0	0	0	412	0	0	0	976	242	662	74	544	206	0	0	0	0	116	532	0	0	2554	0	1184	0	0	0	0	0	
104484	Vermis_4_5	0	0	0	0	0	0	0	0	0	0	0	0	0	0	0	0	0	0	0	0	0	0	0	0	0	0	0	0	0	0	0	0	0	0	0	294	0	222	0	0	0	0	0	0	0	0	3608	3194	0	0	0	78	198	118	2482	368	0	0	0	0	0	0	0	0	0	0	0	324	0	0	0	0	0	0	0	0	0	0	0	0	0	0	0	0	0	0	0	0	0	0	2620	322	116	0	1246	244	10106	4408	8190	2572	0	0	350	80	1658	1768	0	0	250	1184	0	3486	90	128	510	2028	
129428	Vermis_6	0	0	0	0	0	0	0	0	0	0	0	0	0	0	0	0	0	0	0	0	0	0	0	0	0	0	0	0	0	0	0	0	0	0	0	0	0	0	0	0	0	0	0	302	0	0	3742	4352	0	0	0	0	0	236	1486	1230	0	0	0	0	0	0	0	0	0	0	0	0	0	0	0	0	0	0	0	0	0	0	0	0	0	0	0	0	0	0	0	0	0	0	4144	7348	524	710	0	0	1150	2194	9346	10388	94	0	428	64	990	2062	0	80	0	0	3486	0	5190	1544	2330	1294	
148532	Vermis_7	0	0	0	0	0	0	0	0	0	0	0	0	0	0	0	0	0	0	0	0	0	0	0	0	0	0	0	0	0	0	0	0	0	0	0	0	0	0	0	0	0	0	0	72	0	0	1288	946	0	0	0	0	0	96	534	626	0	0	0	0	0	0	0	0	0	0	0	0	0	0	0	0	0	0	0	0	0	0	0	0	0	0	0	0	0	0	0	0	0	0	5108	8980	7206	10690	0	0	172	184	4184	5348	2648	182	2814	3680	1364	2796	0	264	0	0	90	5190	0	5456	4126	222	
88644	Vermis_8	0	0	0	0	0	0	0	0	0	0	0	0	0	0	0	0	0	0	0	0	0	0	0	0	0	0	0	0	0	0	0	0	0	0	0	0	0	0	0	0	0	0	0	0	0	0	0	172	0	0	0	0	0	0	0	298	0	0	0	0	0	0	0	0	0	0	0	0	0	0	0	0	0	0	0	0	0	0	0	0	0	0	0	0	0	0	0	0	0	0	1106	2420	1882	4296	0	0	0	112	754	2162	3174	2592	4562	3390	1818	2994	0	176	0	0	128	1544	5456	0	4860	426	
56764	Vermis_9	0	0	0	0	0	0	0	0	0	0	0	0	0	0	0	0	0	0	0	0	0	0	0	0	0	0	0	0	0	0	0	0	0	0	0	0	0	0	0	0	0	0	0	0	0	0	0	196	0	0	0	0	0	0	0	326	0	0	0	0	0	0	0	0	0	0	0	0	0	0	0	0	0	0	0	0	0	0	0	0	0	0	0	0	0	0	0	0	0	0	1072	2280	244	1034	0	0	140	136	1100	2234	0	0	696	874	1670	3408	0	182	0	0	510	2330	4126	4860	0	964	
17716	Vermis_10	0	0	0	0	0	0	0	0	0	0	0	0	0	0	0	0	0	0	0	0	0	0	0	0	0	0	0	0	0	0	0	0	0	0	0	0	0	0	0	0	0	0	0	0	0	0	0	0	0	0	0	0	0	0	0	0	0	0	0	0	0	0	0	0	0	0	0	0	0	0	0	0	0	0	0	0	0	0	0	0	0	0	0	0	0	0	0	0	0	0	178	66	0	0	0	0	750	176	156	152	0	0	0	0	904	1542	0	0	0	0	2028	1294	222	426	964	0	
