data	data	511452	304916	1.19721e+06	784684	152780	152168	653976	244456	79848	24368	275152	169272	257220	100752	130636	69800	194496	98976	639364	875944	49376	60024	504676	492520	42648	141076	60216	87476	663844	256848	429428	591412	189824	670860	174856	187092	273096	325888	49244	146836	39288	57084	156336	273156	146280	277624	195556	331132	142392	308480	376044	227536	69368	60144	306224	493788	278928	135968	118992	50872	200100	85820	61848	108764	147508	127528	244328	357132	180676	188184	316964	357684	335760	314744	53280	30540	118764	249364	106624	26472	141016	88456	86468	58876	309452	172244	22824	30432	175832	162364	477424	334176	285332	186800	22396	35012	226956	190492	419948	375772	243076	103668	309076	228244	83904	85148	11680	2144	23516	40408	204896	221008	230264	74492	65460	44424	
data	data	Precentral_L	Precentral_R	Frontal_Sup_L	Frontal_Sup_R	Frontal_Sup_Orb_L	Frontal_Sup_Orb_R	Frontal_Mid_L	Frontal_Mid_R	Frontal_Mid_Orb_L	Frontal_Mid_Orb_R	Frontal_Inf_Oper_L	Frontal_Inf_Oper_R	Frontal_Inf_Tri_L	Frontal_Inf_Tri_R	Frontal_Inf_Orb_L	Frontal_Inf_Orb_R	Rolandic_Oper_L	Rolandic_Oper_R	Supp_Motor_Area_L	Supp_Motor_Area_R	Olfactory_L	Olfactory_R	Frontal_Sup_Medial_L	Frontal_Sup_Medial_R	Frontal_Med_Orb_L	Frontal_Med_Orb_R	Rectus_L	Rectus_R	Insula_L	Insula_R	Cingulum_Ant_L	Cingulum_Ant_R	Cingulum_Mid_L	Cingulum_Mid_R	Cingulum_Post_L	Cingulum_Post_R	Hippocampus_L	Hippocampus_R	ParaHippocampal_L	ParaHippocampal_R	Amygdala_L	Amygdala_R	Calcarine_L	Calcarine_R	Cuneus_L	Cuneus_R	Lingual_L	Lingual_R	Occipital_Sup_L	Occipital_Sup_R	Occipital_Mid_L	Occipital_Mid_R	Occipital_Inf_L	Occipital_Inf_R	Fusiform_L	Fusiform_R	Postcentral_L	Postcentral_R	Parietal_Sup_L	Parietal_Sup_R	Parietal_Inf_L	Parietal_Inf_R	SupraMarginal_L	SupraMarginal_R	Angular_L	Angular_R	Precuneus_L	Precuneus_R	Paracentral_Lobule_L	Paracentral_Lobule_R	Caudate_L	Caudate_R	Putamen_L	Putamen_R	Pallidum_L	Pallidum_R	Thalamus_L	Thalamus_R	Heschl_L	Heschl_R	Temporal_Sup_L	Temporal_Sup_R	Temporal_Pole_Sup_L	Temporal_Pole_Sup_R	Temporal_Mid_L	Temporal_Mid_R	Temporal_Pole_Mid_L	Temporal_Pole_Mid_R	Temporal_Inf_L	Temporal_Inf_R	Cerebelum_Crus1_L	Cerebelum_Crus1_R	Cerebelum_Crus2_L	Cerebelum_Crus2_R	Cerebelum_3_L	Cerebelum_3_R	Cerebelum_4_5_L	Cerebelum_4_5_R	Cerebelum_6_L	Cerebelum_6_R	Cerebelum_7b_L	Cerebelum_7b_R	Cerebelum_8_L	Cerebelum_8_R	Cerebelum_9_L	Cerebelum_9_R	Cerebelum_10_L	Cerebelum_10_R	Vermis_1_2	Vermis_3	Vermis_4_5	Vermis_6	Vermis_7	Vermis_8	Vermis_9	Vermis_10	
511452	Precentral_L	0	5842	25814	2376	200	0	29064	204	0	0	15760	0	2932	0	0	0	10268	0	10834	11062	0	0	1186	0	0	0	0	0	14442	0	2032	1140	3084	2992	5718	1252	5962	134	722	0	0	0	742	0	988	0	0	0	500	0	5460	0	528	0	582	0	24346	0	0	0	4462	0	244	0	1594	0	1470	0	21816	1610	4962	866	5334	0	764	0	12582	2412	3898	0	3210	0	0	0	3982	0	0	0	354	0	0	0	0	0	0	0	0	0	0	0	0	0	0	0	0	0	0	0	0	0	0	0	0	0	0	0	
304916	Precentral_R	5842	0	2476	21952	0	0	2064	7666	0	0	0	6252	0	630	0	0	0	1040	672	4204	0	0	0	0	0	0	0	0	556	2378	0	0	0	232	2858	2646	1950	7134	328	1878	0	156	0	142	0	602	0	0	0	628	0	0	0	0	0	4502	212	16514	0	180	0	2598	0	4252	0	0	0	1064	4134	2718	796	10972	402	1968	0	0	1442	24842	504	0	0	268	0	0	0	340	0	0	0	464	0	0	0	0	0	0	0	0	0	0	0	0	0	0	0	0	0	0	0	0	0	0	0	0	0	0	
1.19721e+06	Frontal_Sup_L	25814	2476	0	7322	12912	462	104262	1066	4156	0	18128	222	19252	0	8066	0	11316	0	79872	31108	266	0	53908	6638	2554	106	3430	0	52646	108	28216	7500	9502	23000	798	168	2412	0	106	0	126	0	0	0	0	0	0	0	0	0	110	0	0	0	196	0	5696	0	0	0	478	0	0	0	0	0	0	0	5084	388	17984	1230	30702	400	6868	0	7016	968	638	0	1556	0	1166	0	206	0	0	0	0	0	0	0	0	0	0	0	0	0	0	0	0	0	0	0	0	0	0	0	0	0	0	0	0	0	0	0	
784684	Frontal_Sup_R	2376	21952	7322	0	0	6988	2090	30612	0	924	0	6260	0	3594	0	2458	0	2198	11088	57256	0	154	7766	50048	0	6234	0	2156	870	6928	5094	39268	286	27774	642	628	542	6236	0	2224	0	230	0	0	0	0	0	0	0	0	0	0	0	0	0	1006	336	334	0	0	108	0	0	234	0	0	0	0	708	150	6284	22102	762	17928	0	3550	250	25778	0	268	0	346	0	0	0	0	0	0	0	0	0	0	0	0	0	0	0	0	0	0	0	0	0	0	0	0	0	0	0	0	0	0	0	0	0	0	
152780	Frontal_Sup_Orb_L	200	0	12912	0	0	0	740	0	10870	0	426	0	950	0	7916	0	420	0	2204	228	1224	0	3230	0	3082	0	9084	0	10454	0	2706	0	0	0	0	0	200	0	0	0	0	0	0	0	0	0	0	0	0	0	0	0	0	0	0	0	0	0	0	0	0	0	0	0	0	0	0	0	0	0	1764	0	6844	0	0	0	0	0	0	0	0	0	936	0	0	0	0	0	0	0	0	0	0	0	0	0	0	0	0	0	0	0	0	0	0	0	0	0	0	0	0	0	0	0	0	0	
152168	Frontal_Sup_Orb_R	0	0	462	6988	0	0	138	1542	0	4394	0	298	0	0	0	3188	0	270	116	2394	110	1588	1924	8840	112	10752	0	9134	0	1698	1910	7464	0	1144	0	0	0	0	0	0	0	0	0	0	0	0	0	0	0	0	0	0	0	0	0	0	0	0	0	0	0	0	0	0	0	0	0	0	0	0	120	5626	0	5872	0	0	0	0	0	0	0	0	0	0	0	0	0	0	0	0	0	0	0	0	0	0	0	0	0	0	0	0	0	0	0	0	0	0	0	0	0	0	0	0	0	0	
653976	Frontal_Mid_L	29064	2064	104262	2090	740	138	0	488	3436	0	17374	126	35572	0	8470	0	5034	0	9438	3880	0	0	24818	1552	0	0	124	0	32728	0	9374	1868	2778	4406	534	524	2368	0	150	0	0	0	0	0	0	0	0	0	0	0	0	0	0	0	0	0	1662	0	0	0	114	0	0	0	0	0	0	0	236	306	4814	614	5664	138	956	0	6302	616	906	0	590	0	552	0	118	0	0	0	0	0	0	0	0	0	0	0	0	0	0	0	0	0	0	0	0	0	0	0	0	0	0	0	0	0	0	0	
244456	Frontal_Mid_R	204	7666	1066	30612	0	1542	488	0	0	1498	0	11592	0	11020	0	3682	0	608	1396	5508	0	0	806	9212	0	200	0	114	124	5600	584	5044	0	3700	344	334	222	4368	0	1506	0	0	0	0	0	0	0	0	0	0	0	0	0	0	0	2122	0	720	0	0	0	0	0	232	0	0	0	0	0	0	4770	640	112	3146	0	0	0	1176	0	162	0	108	0	0	0	0	0	0	0	0	0	0	0	0	0	0	0	0	0	0	0	0	0	0	0	0	0	0	0	0	0	0	0	0	0	0	
79848	Frontal_Mid_Orb_L	0	0	4156	0	10870	0	3436	0	0	0	0	0	2690	0	11388	0	0	0	0	0	0	0	438	0	206	0	2534	0	1782	0	208	0	0	0	0	0	0	0	0	0	0	0	0	0	0	0	0	0	0	0	0	0	0	0	0	0	0	0	0	0	0	0	0	0	0	0	0	0	0	0	228	0	1240	0	0	0	0	0	0	0	0	0	748	0	0	0	0	0	0	0	0	0	0	0	0	0	0	0	0	0	0	0	0	0	0	0	0	0	0	0	0	0	0	0	0	0	
24368	Frontal_Mid_Orb_R	0	0	0	924	0	4394	0	1498	0	0	0	0	0	0	0	2582	0	0	466	620	0	0	0	286	0	120	0	360	0	120	0	420	0	394	0	0	0	0	0	0	0	0	0	0	0	0	0	0	0	0	0	0	0	0	0	0	0	0	0	0	0	0	0	0	0	0	0	0	0	0	0	0	0	0	0	0	0	0	0	0	0	0	0	0	0	0	0	0	0	0	0	0	0	0	0	0	0	0	0	0	0	0	0	0	0	0	0	0	0	0	0	0	0	0	0	0	
275152	Frontal_Inf_Oper_L	15760	0	18128	0	426	0	17374	0	0	0	0	0	14758	0	164	0	12032	0	4304	198	0	0	8720	0	0	0	186	0	18326	0	9374	4010	0	110	232	232	886	0	0	0	0	0	0	0	0	0	0	0	0	0	0	0	0	0	0	0	6018	0	0	0	0	0	0	0	0	0	0	0	0	0	1036	0	816	0	0	0	0	0	840	0	1914	0	1732	0	0	0	0	0	0	0	0	0	0	0	0	0	0	0	0	0	0	0	0	0	0	0	0	0	0	0	0	0	0	0	0	0	
169272	Frontal_Inf_Oper_R	0	6252	222	6260	0	298	126	11592	0	0	0	0	0	9912	0	0	0	6672	0	5348	0	0	0	1422	0	214	0	0	176	14890	186	1918	0	646	0	0	0	3182	0	714	0	0	0	0	0	0	0	0	0	0	0	0	0	0	0	1370	0	266	0	0	0	0	0	0	0	0	0	0	0	0	3258	2256	184	6012	0	158	0	494	0	106	0	368	0	134	0	0	0	0	0	0	0	0	0	0	0	0	0	0	0	0	0	0	0	0	0	0	0	0	0	0	0	0	0	0	0	0	
257220	Frontal_Inf_Tri_L	2932	0	19252	0	950	0	35572	0	2690	0	14758	0	0	0	10712	0	1520	0	3310	0	0	0	2954	0	0	0	0	0	26218	0	4038	1442	196	130	0	0	0	0	0	0	0	0	0	0	0	0	0	0	0	0	0	0	0	0	0	0	166	0	0	0	0	0	0	0	0	0	0	0	0	0	108	0	286	0	0	0	0	0	0	0	114	0	1262	0	0	0	0	0	0	0	0	0	0	0	0	0	0	0	0	0	0	0	0	0	0	0	0	0	0	0	0	0	0	0	0	0	
100752	Frontal_Inf_Tri_R	0	630	0	3594	0	0	0	11020	0	0	0	9912	0	0	0	2784	0	270	0	2080	0	0	0	1262	0	0	0	0	0	8256	0	1566	0	1436	0	0	0	1858	0	356	0	0	0	0	0	0	0	0	0	0	0	0	0	0	0	720	0	0	0	0	0	0	0	0	0	0	0	0	0	0	224	462	0	3608	0	108	0	230	0	0	0	0	0	0	0	0	0	0	0	0	0	0	0	0	0	0	0	0	0	0	0	0	0	0	0	0	0	0	0	0	0	0	0	0	0	0	
130636	Frontal_Inf_Orb_L	0	0	8066	0	7916	0	8470	0	11388	0	164	0	10712	0	0	0	0	0	0	0	1298	0	0	0	0	0	788	0	11276	0	0	0	0	0	0	0	200	0	0	0	0	0	0	0	0	0	0	0	0	0	0	0	0	0	0	0	0	0	0	0	0	0	0	0	0	0	0	0	0	0	208	0	2652	0	0	0	0	0	0	0	0	0	2180	0	0	0	0	0	0	0	0	0	0	0	0	0	0	0	0	0	0	0	0	0	0	0	0	0	0	0	0	0	0	0	0	0	
69800	Frontal_Inf_Orb_R	0	0	0	2458	0	3188	0	3682	0	2582	0	0	0	2784	0	0	0	0	578	1522	0	1326	0	1266	0	0	0	1420	0	6202	0	1546	0	1212	0	0	0	300	0	0	0	248	0	0	0	0	0	0	0	0	0	0	0	0	0	0	0	0	0	0	0	0	0	0	0	0	0	0	0	0	0	644	0	1722	0	0	0	0	0	0	0	828	0	866	0	526	0	0	0	0	0	0	0	0	0	0	0	0	0	0	0	0	0	0	0	0	0	0	0	0	0	0	0	0	0	0	
194496	Rolandic_Oper_L	10268	0	11316	0	420	0	5034	0	0	0	12032	0	1520	0	0	0	0	0	3506	226	0	0	2780	0	0	0	182	0	18686	0	1064	324	0	0	0	0	1000	0	0	0	0	0	0	0	0	0	0	0	0	0	146	0	0	0	106	0	12042	0	0	0	1124	0	1192	0	264	0	0	0	0	0	1020	0	606	0	0	0	252	0	4118	0	5260	0	1400	0	1046	0	0	0	314	0	0	0	0	0	0	0	0	0	0	0	0	0	0	0	0	0	0	0	0	0	0	0	0	0	0	0	
98976	Rolandic_Oper_R	0	1040	0	2198	0	270	0	608	0	0	0	6672	0	270	0	0	0	0	0	4596	0	0	0	618	0	192	0	0	0	8986	110	824	0	210	0	0	0	2082	0	512	0	0	0	0	0	0	0	0	0	0	0	0	0	0	0	1660	0	2994	0	0	0	0	0	4038	0	0	0	0	0	0	492	1292	0	1886	0	0	0	142	0	3108	0	3866	0	186	0	322	0	0	0	314	0	0	0	0	0	0	0	0	0	0	0	0	0	0	0	0	0	0	0	0	0	0	0	0	0	0	
639364	Supp_Motor_Area_L	10834	672	79872	11088	2204	116	9438	1396	0	466	4304	0	3310	0	0	578	3506	0	0	50680	0	0	11818	6012	0	0	1102	0	11544	116	7958	8426	12530	34300	1014	222	626	0	0	0	0	0	0	0	0	0	0	0	0	0	0	0	0	0	0	0	3342	0	0	0	396	0	0	0	0	0	0	0	7846	134	11826	348	13028	198	6142	0	1274	282	362	0	372	0	0	0	0	0	0	0	0	0	0	0	0	0	0	0	0	0	0	0	0	0	0	0	0	0	0	0	0	0	0	0	0	0	0	0	
875944	Supp_Motor_Area_R	11062	4204	31108	57256	228	2394	3880	5508	0	620	198	5348	0	2080	0	1522	226	4596	50680	0	0	0	5656	18274	0	1382	0	694	1850	4756	3154	25602	7672	64958	878	6370	424	2474	0	592	0	0	0	810	0	976	0	240	0	1058	0	514	0	0	0	1528	568	664	0	0	160	768	0	1502	0	724	1280	4950	7480	25140	13218	20918	1626	15756	194	4346	122	3902	120	710	0	1522	0	146	0	672	0	0	0	712	0	0	0	0	0	0	0	0	0	0	0	0	0	0	0	0	0	0	0	0	0	0	0	0	0	0	
49376	Olfactory_L	0	0	266	0	1224	110	0	0	0	0	0	0	0	0	1298	0	0	0	0	0	0	2568	0	0	276	0	594	282	2446	0	2354	1658	0	0	0	0	398	0	494	0	210	0	0	0	0	0	0	0	0	0	0	0	0	0	0	0	0	0	0	0	0	0	0	0	0	0	0	0	0	0	4218	1996	3186	244	168	0	0	0	0	0	0	0	698	0	0	0	0	0	0	0	0	0	0	0	0	0	0	0	0	0	0	0	0	0	0	0	0	0	0	0	0	0	0	0	0	0	
60024	Olfactory_R	0	0	0	154	0	1588	0	0	0	0	0	0	0	0	0	1326	0	0	0	0	2568	0	0	148	110	744	0	1956	0	2486	1886	2450	0	0	0	0	0	518	0	188	0	474	0	0	0	0	0	0	0	0	0	0	0	0	0	0	0	0	0	0	0	0	0	0	0	0	0	0	0	0	4616	4640	2322	1550	288	0	0	0	0	0	0	0	0	0	0	0	0	0	0	0	0	0	0	0	0	0	0	0	0	0	0	0	0	0	0	0	0	0	0	0	0	0	0	0	0	0	
504676	Frontal_Sup_Medial_L	1186	0	53908	7766	3230	1924	24818	806	438	0	8720	0	2954	0	0	0	2780	0	11818	5656	0	0	0	24112	3466	1864	478	784	10624	0	32924	14396	9822	20052	0	0	0	0	0	0	0	0	0	0	0	0	0	0	0	0	0	0	0	0	0	0	340	0	0	0	0	0	0	0	0	0	0	0	0	0	2322	862	2980	668	0	0	0	0	0	0	158	0	482	0	0	0	0	0	0	0	0	0	0	0	0	0	0	0	0	0	0	0	0	0	0	0	0	0	0	0	0	0	0	0	0	0	
492520	Frontal_Sup_Medial_R	0	0	6638	50048	0	8840	1552	9212	0	286	0	1422	0	1262	0	1266	0	618	6012	18274	0	148	24112	0	176	11302	0	3934	178	4342	9766	43038	716	25166	0	0	0	0	0	0	0	0	0	0	0	0	0	0	0	0	0	0	0	0	0	0	0	0	0	0	0	0	0	0	0	0	0	0	0	0	786	9004	0	8162	0	0	0	0	0	0	0	0	0	0	0	0	0	0	0	0	0	0	0	0	0	0	0	0	0	0	0	0	0	0	0	0	0	0	0	0	0	0	0	0	0	0	
42648	Frontal_Med_Orb_L	0	0	2554	0	3082	112	0	0	206	0	0	0	0	0	0	0	0	0	0	0	276	110	3466	176	0	1150	1688	108	0	0	4642	778	0	0	0	0	0	0	0	0	0	0	0	0	0	0	0	0	0	0	0	0	0	0	0	0	0	0	0	0	0	0	0	0	0	0	0	0	0	0	728	552	1488	208	0	0	0	0	0	0	0	0	0	0	0	0	0	0	0	0	0	0	0	0	0	0	0	0	0	0	0	0	0	0	0	0	0	0	0	0	0	0	0	0	0	0	
141076	Frontal_Med_Orb_R	0	0	106	6234	0	10752	0	200	0	120	0	214	0	0	0	0	0	192	0	1382	0	744	1864	11302	1150	0	0	9536	0	204	3460	10538	0	986	0	0	0	0	0	0	0	0	0	0	0	0	0	0	0	0	0	0	0	0	0	0	0	0	0	0	0	0	0	0	0	0	0	0	0	0	0	5454	0	6100	0	0	0	0	0	0	0	0	0	0	0	0	0	0	0	0	0	0	0	0	0	0	0	0	0	0	0	0	0	0	0	0	0	0	0	0	0	0	0	0	0	0	
60216	Rectus_L	0	0	3430	0	9084	0	124	0	2534	0	186	0	0	0	788	0	182	0	1102	0	594	0	478	0	1688	0	0	0	3276	0	1904	0	0	0	0	0	0	0	0	0	0	0	0	0	0	0	0	0	0	0	0	0	0	0	0	0	0	0	0	0	0	0	0	0	0	0	0	0	0	0	1870	0	2868	0	0	0	0	0	0	0	0	0	0	0	0	0	0	0	0	0	0	0	0	0	0	0	0	0	0	0	0	0	0	0	0	0	0	0	0	0	0	0	0	0	0	0	
87476	Rectus_R	0	0	0	2156	0	9134	0	114	0	360	0	0	0	0	0	1420	0	0	0	694	282	1956	784	3934	108	9536	0	0	0	1274	874	5278	0	554	0	0	0	0	0	0	0	0	0	0	0	0	0	0	0	0	0	0	0	0	0	0	0	0	0	0	0	0	0	0	0	0	0	0	0	0	282	3282	218	1498	0	0	0	0	0	0	0	0	0	0	0	0	0	0	0	0	0	0	0	0	0	0	0	0	0	0	0	0	0	0	0	0	0	0	0	0	0	0	0	0	0	0	
663844	Insula_L	14442	556	52646	870	10454	0	32728	124	1782	0	18326	176	26218	0	11276	0	18686	0	11544	1850	2446	0	10624	178	0	0	3276	0	0	0	7580	930	330	956	2016	1990	15890	158	628	0	746	0	0	0	0	0	0	0	0	0	164	0	138	0	3432	0	13176	0	0	0	3890	0	504	0	0	0	0	0	0	0	4358	378	24400	0	0	0	958	528	11716	0	4538	0	6232	0	3756	0	0	0	4328	0	0	0	0	0	0	0	0	0	0	0	0	0	0	0	0	0	0	0	0	0	0	0	0	0	0	0	
256848	Insula_R	0	2378	108	6928	0	1698	0	5600	0	120	0	14890	0	8256	0	6202	0	8986	116	4756	0	2486	0	4342	0	204	0	1274	0	0	144	5004	0	1332	0	0	0	11200	0	2450	0	688	0	194	0	0	0	180	0	0	0	0	0	0	0	7030	0	548	0	0	0	0	0	0	0	0	0	250	0	0	426	3024	0	17598	0	182	0	432	0	1488	0	3506	0	1606	0	1714	0	0	0	640	0	0	0	0	0	0	0	146	0	298	0	0	0	0	0	0	0	0	0	0	0	0	0	0	0	0	
429428	Cingulum_Ant_L	2032	0	28216	5094	2706	1910	9374	584	208	0	9374	186	4038	0	0	0	1064	110	7958	3154	2354	1886	32924	9766	4642	3460	1904	874	7580	144	0	25364	8942	9608	0	0	204	0	0	0	0	0	0	0	0	0	0	0	0	0	0	0	0	0	0	0	434	0	0	0	0	0	0	0	0	0	0	0	0	0	9790	4346	12302	1520	238	0	0	0	0	0	262	0	162	0	0	0	0	0	0	0	0	0	0	0	0	0	0	0	0	0	0	0	0	0	0	0	0	0	0	0	0	0	0	0	0	0	
591412	Cingulum_Ant_R	1140	0	7500	39268	0	7464	1868	5044	0	420	4010	1918	1442	1566	0	1546	324	824	8426	25602	1658	2450	14396	43038	778	10538	0	5278	930	5004	25364	0	3148	31436	0	0	116	0	0	0	0	0	0	0	0	0	0	0	0	0	0	0	0	0	0	0	212	0	0	0	0	0	0	0	0	0	0	0	0	0	5426	24560	2564	9884	214	0	0	240	0	0	110	0	0	0	0	0	0	0	0	0	0	0	0	0	0	0	0	0	0	0	0	0	0	0	0	0	0	0	0	0	0	0	0	0	0	0	
189824	Cingulum_Mid_L	3084	0	9502	286	0	0	2778	0	0	0	0	0	196	0	0	0	0	0	12530	7672	0	0	9822	716	0	0	0	0	330	0	8942	3148	0	20444	2144	1096	0	0	0	0	0	0	192	0	198	0	0	0	458	0	240	0	0	0	0	0	0	0	0	0	0	0	0	0	0	0	2328	530	6864	548	578	0	164	0	122	0	0	0	0	0	0	0	0	0	0	0	0	0	0	0	0	0	0	0	0	0	0	0	0	0	0	0	0	0	0	0	0	0	0	0	0	0	0	0	0	0	
670860	Cingulum_Mid_R	2992	232	23000	27774	0	1144	4406	3700	0	394	110	646	130	1436	0	1212	0	210	34300	64958	0	0	20052	25166	0	986	0	554	956	1332	9608	31436	20444	0	458	8360	108	278	0	0	0	0	0	850	0	2264	0	136	0	1800	0	310	0	0	0	1112	0	680	0	0	0	452	0	1262	0	364	2078	6780	1880	15620	8766	1356	504	744	0	0	0	0	0	194	0	938	0	0	0	554	0	0	0	404	0	0	0	0	0	0	0	0	0	0	0	0	0	0	0	0	0	0	0	0	0	0	0	0	0	0	
174856	Cingulum_Post_L	5718	2858	798	642	0	0	534	344	0	0	232	0	0	0	0	0	0	0	1014	878	0	0	0	0	0	0	0	0	2016	0	0	0	2144	458	0	12530	10762	5738	1076	306	0	0	4472	0	2502	0	872	0	478	0	1148	0	446	0	528	0	1388	0	0	0	214	0	0	0	394	0	6890	718	5206	608	146	0	382	356	0	0	984	7508	2346	0	0	0	0	0	1794	0	0	0	0	0	0	0	0	0	0	0	0	0	0	0	0	0	0	0	0	0	0	0	0	0	0	0	0	0	0	0	
187092	Cingulum_Post_R	1252	2646	168	628	0	0	524	334	0	0	232	0	0	0	0	0	0	0	222	6370	0	0	0	0	0	0	0	0	1990	0	0	0	1096	8360	12530	0	7164	8870	806	698	0	0	0	1174	0	570	114	1522	0	522	0	152	0	0	0	3876	816	0	0	0	0	504	0	458	0	416	2556	8684	108	4774	142	0	312	344	0	0	780	6314	2294	214	0	1008	0	0	0	586	0	0	0	748	0	0	0	0	0	0	0	0	0	0	0	0	0	0	0	0	0	0	0	0	668	0	0	0	0	0	
273096	Hippocampus_L	5962	1950	2412	542	200	0	2368	222	0	0	886	0	0	0	200	0	1000	0	626	424	398	0	0	0	0	0	0	0	15890	0	204	116	0	108	10762	7164	0	4530	7542	198	8040	0	2498	0	0	0	3878	0	0	0	350	0	242	0	12604	0	2844	0	0	0	190	0	0	0	0	0	5030	834	0	0	692	0	6518	154	284	0	4832	5690	4148	0	2184	0	2222	0	514	0	270	0	8826	0	0	0	0	0	0	0	0	0	0	0	0	0	0	0	0	0	0	0	0	0	0	0	0	0	0	0	
325888	Hippocampus_R	134	7134	0	6236	0	0	0	4368	0	0	0	3182	0	1858	0	300	0	2082	0	2474	0	518	0	0	0	0	0	0	158	11200	0	0	0	278	5738	8870	4530	0	558	21164	0	6494	0	1728	0	0	0	4002	0	0	0	0	0	0	0	29788	0	1084	0	0	0	0	0	1330	0	0	950	6764	0	330	652	138	0	13780	0	590	0	7512	168	160	0	128	0	2132	0	292	0	388	0	1798	0	0	0	0	0	0	0	612	0	382	0	0	0	0	0	0	0	0	0	0	960	0	0	0	0	0	
49244	ParaHippocampal_L	722	328	106	0	0	0	150	0	0	0	0	0	0	0	0	0	0	0	0	0	494	0	0	0	0	0	0	0	628	0	0	0	0	0	1076	806	7542	558	0	0	2270	0	252	0	0	0	1942	0	0	0	0	0	0	0	3234	0	146	0	0	0	0	0	0	0	0	0	730	0	0	0	0	0	288	0	0	0	728	792	0	0	0	0	448	0	0	0	302	0	452	0	0	0	0	0	162	0	214	0	0	0	0	0	0	0	0	0	0	0	0	252	0	0	0	0	0	0	
146836	ParaHippocampal_R	0	1878	0	2224	0	0	0	1506	0	0	0	714	0	356	0	0	0	512	0	592	0	188	0	0	0	0	0	0	0	2450	0	0	0	0	306	698	198	21164	0	0	0	6422	0	1064	0	0	0	1700	0	0	0	0	0	0	0	17994	0	0	0	0	0	0	0	228	0	0	0	1730	0	0	290	0	0	2882	0	132	0	1314	0	0	0	0	0	3526	0	0	0	2358	0	316	0	0	0	0	0	0	0	676	0	0	0	0	0	0	0	0	0	0	0	0	0	0	0	0	0	0	
39288	Amygdala_L	0	0	126	0	0	0	0	0	0	0	0	0	0	0	0	0	0	0	0	0	210	0	0	0	0	0	0	0	746	0	0	0	0	0	0	0	8040	0	2270	0	0	0	0	0	0	0	0	0	0	0	0	0	0	0	4746	0	0	0	0	0	0	0	0	0	0	0	0	0	0	0	0	0	284	0	0	0	214	0	0	0	0	0	1160	0	0	0	304	0	1544	0	0	0	0	0	0	0	0	0	0	0	0	0	0	0	0	0	0	0	0	0	0	0	0	0	0	0	
57084	Amygdala_R	0	156	0	230	0	0	0	0	0	0	0	0	0	0	0	248	0	0	0	0	0	474	0	0	0	0	0	0	0	688	0	0	0	0	0	0	0	6494	0	6422	0	0	0	0	0	0	0	0	0	0	0	0	0	0	0	6822	0	0	0	0	0	0	0	0	0	0	0	0	0	0	0	228	0	790	0	0	0	260	0	0	0	0	0	4068	0	0	0	1444	0	218	0	0	0	0	0	0	0	0	0	0	0	0	0	0	0	0	0	0	0	0	0	0	0	0	0	0	
156336	Calcarine_L	742	0	0	0	0	0	0	0	0	0	0	0	0	0	0	0	0	0	0	0	0	0	0	0	0	0	0	0	0	0	0	0	192	0	4472	0	2498	0	252	0	0	0	0	3300	10488	3110	7226	1320	4976	908	11014	0	1480	0	1890	216	668	0	902	0	546	0	0	0	1690	0	13088	0	544	0	0	0	0	0	0	0	0	0	0	0	138	0	0	0	5670	0	0	0	838	0	0	0	0	0	0	0	0	0	0	0	0	0	0	0	0	0	0	0	0	0	0	0	0	0	0	0	
273156	Calcarine_R	0	142	0	0	0	0	0	0	0	0	0	0	0	0	0	0	0	0	0	810	0	0	0	0	0	0	0	0	0	194	0	0	0	850	0	1174	0	1728	0	1064	0	0	3300	0	2064	23708	1420	24356	0	19174	0	12432	0	1742	0	12228	0	670	0	156	0	250	0	0	0	390	478	20774	0	1684	0	0	0	0	0	0	0	0	0	0	0	0	0	0	0	3250	0	0	0	2434	0	0	0	0	0	0	0	0	0	106	0	0	0	0	0	0	0	0	0	0	0	0	0	0	0	0	
146280	Cuneus_L	988	0	0	0	0	0	0	0	0	0	0	0	0	0	0	0	0	0	0	0	0	0	0	0	0	0	0	0	0	0	0	0	198	0	2502	0	0	0	0	0	0	0	10488	2064	0	3698	1468	134	15398	552	9998	128	572	0	362	0	666	0	6632	0	404	0	0	0	1378	0	9884	658	632	0	0	0	0	0	0	0	0	0	0	0	0	0	0	0	4034	0	0	0	302	0	0	0	0	0	0	0	0	0	0	0	0	0	0	0	0	0	0	0	0	0	0	0	0	0	0	0	
277624	Cuneus_R	0	602	0	0	0	0	0	0	0	0	0	0	0	0	0	0	0	0	0	976	0	0	0	0	0	0	0	0	0	0	0	0	0	2264	0	570	0	0	0	0	0	0	3110	23708	3698	0	1076	9528	0	37466	0	13296	0	2932	0	4982	0	2892	0	1190	0	224	0	0	0	356	3368	19494	0	3498	0	0	0	0	0	0	0	0	0	0	0	0	0	0	0	1636	0	0	0	1484	0	0	0	0	0	0	0	0	108	182	0	0	0	0	0	0	0	0	0	0	0	172	0	0	0	0	
195556	Lingual_L	0	0	0	0	0	0	0	0	0	0	0	0	0	0	0	0	0	0	0	0	0	0	0	0	0	0	0	0	0	0	0	0	0	0	872	114	3878	0	1942	0	0	0	7226	1420	1468	1076	0	1812	3680	702	11480	0	1934	266	14480	1032	0	0	1042	0	0	0	0	0	118	0	6090	0	0	0	0	0	0	0	0	0	0	0	198	0	254	0	0	0	918	0	0	0	1972	0	6926	322	476	0	0	0	7216	0	12162	1776	0	0	0	0	0	0	0	0	0	0	1934	2706	286	0	0	0	
331132	Lingual_R	0	0	0	0	0	0	0	0	0	0	0	0	0	0	0	0	0	0	0	240	0	0	0	0	0	0	0	0	0	180	0	0	0	136	0	1522	0	4002	0	1700	0	0	1320	24356	134	9528	1812	0	0	11326	0	6482	0	2942	700	22320	0	0	0	0	0	1712	0	112	0	2876	112	15952	0	290	0	0	0	0	0	0	0	0	0	0	0	0	0	0	0	2068	0	0	0	1818	3196	2294	258	466	370	276	2992	6322	6774	8272	0	0	342	290	426	186	0	0	0	250	7070	9280	1282	0	514	1066	
142392	Occipital_Sup_L	500	0	0	0	0	0	0	0	0	0	0	0	0	0	0	0	0	0	0	0	0	0	0	0	0	0	0	0	0	0	0	0	458	0	478	0	0	0	0	0	0	0	4976	0	15398	0	3680	0	0	0	23992	0	1294	0	580	0	0	0	9310	0	1524	0	0	0	1416	0	3792	0	352	0	0	0	0	0	0	0	0	0	0	0	0	0	0	0	3446	0	0	0	0	0	0	0	0	0	0	0	0	0	0	0	0	0	0	0	0	0	0	0	0	0	0	0	0	0	0	0	
308480	Occipital_Sup_R	0	628	0	0	0	0	0	0	0	0	0	0	0	0	0	0	0	0	0	1058	0	0	0	0	0	0	0	0	0	0	0	0	0	1800	0	522	0	0	0	0	0	0	908	19174	552	37466	702	11326	0	0	0	25430	0	3366	0	6790	0	3314	0	5246	0	1306	0	116	0	4378	2522	17866	0	3514	0	0	0	0	0	0	0	0	0	0	0	172	0	0	0	3304	0	0	0	2318	0	0	0	0	0	0	0	0	108	182	0	0	0	0	0	0	0	0	0	0	0	172	0	0	0	0	
376044	Occipital_Mid_L	5460	0	110	0	0	0	0	0	0	0	0	0	0	0	0	0	146	0	0	0	0	0	0	0	0	0	0	0	164	0	0	0	240	0	1148	0	350	0	0	0	0	0	11014	0	9998	0	11480	0	23992	0	0	0	13268	0	7558	0	3572	0	13834	0	12614	0	0	0	23204	0	10790	0	4670	0	0	0	0	0	0	0	0	0	294	0	910	0	0	0	29636	0	0	0	3418	0	0	0	0	0	0	0	0	0	152	0	0	0	0	0	0	0	0	0	0	0	0	0	0	0	0	0	
227536	Occipital_Mid_R	0	0	0	0	0	0	0	0	0	0	0	0	0	0	0	0	0	0	0	514	0	0	0	0	0	0	0	0	0	0	0	0	0	310	0	152	0	0	0	0	0	0	0	12432	128	13296	0	6482	0	25430	0	0	0	6328	0	5262	0	148	0	3050	0	3636	0	0	0	11430	1508	7076	0	680	0	0	0	0	0	0	0	0	0	0	0	194	0	0	0	10728	0	0	0	4984	0	0	0	0	0	0	0	0	0	0	0	0	0	0	0	0	0	0	0	0	0	0	0	0	0	0	
69368	Occipital_Inf_L	528	0	0	0	0	0	0	0	0	0	0	0	0	0	0	0	0	0	0	0	0	0	0	0	0	0	0	0	138	0	0	0	0	0	446	0	242	0	0	0	0	0	1480	0	572	0	1934	0	1294	0	13268	0	0	0	8306	0	0	0	0	0	506	0	0	0	350	0	470	0	0	0	0	0	0	0	0	0	0	0	134	0	110	0	0	0	2662	0	0	0	1926	0	124	0	0	0	0	0	0	0	194	0	0	0	0	0	0	0	0	0	0	0	0	0	0	0	0	0	
60144	Occipital_Inf_R	0	0	0	0	0	0	0	0	0	0	0	0	0	0	0	0	0	0	0	0	0	0	0	0	0	0	0	0	0	0	0	0	0	0	0	0	0	0	0	0	0	0	0	1742	0	2932	266	2942	0	3366	0	6328	0	0	0	4742	0	0	0	0	0	0	0	0	0	0	0	158	0	0	0	0	0	0	0	0	0	0	0	0	0	0	0	0	0	0	0	0	0	2436	0	242	0	0	0	0	0	634	332	1912	0	0	0	0	0	0	0	0	0	0	558	1310	0	0	0	172	
306224	Fusiform_L	582	0	196	0	0	0	0	0	0	0	0	0	0	0	0	0	106	0	0	0	0	0	0	0	0	0	0	0	3432	0	0	0	0	0	528	0	12604	0	3234	0	4746	0	1890	0	362	0	14480	700	580	0	7558	0	8306	0	0	0	0	0	0	0	400	0	0	0	126	0	2274	0	0	0	0	0	700	0	0	0	220	0	788	0	2526	0	1924	0	3368	0	1968	0	16466	0	19670	0	2728	0	0	0	9722	0	24030	204	1124	0	2058	0	0	0	0	0	0	0	1972	1540	0	0	0	0	
493788	Fusiform_R	0	4502	0	1006	0	0	0	2122	0	0	0	1370	0	720	0	0	0	1660	0	1528	0	0	0	0	0	0	0	0	0	7030	0	0	0	1112	0	3876	0	29788	0	17994	0	6822	216	12228	0	4982	1032	22320	0	6790	0	5262	0	4742	0	0	0	562	0	0	0	1936	0	1218	0	3290	388	13624	0	1266	350	0	0	4190	0	0	0	234	0	222	0	644	0	6288	0	5380	0	3954	0	14042	270	10104	0	0	0	334	0	7970	1870	19254	0	0	0	0	116	330	0	0	0	0	3450	6432	848	0	432	794	
278928	Postcentral_L	24346	212	5696	336	0	0	1662	0	0	0	6018	0	166	0	0	0	12042	0	3342	568	0	0	340	0	0	0	0	0	13176	0	434	212	0	0	1388	816	2844	0	146	0	0	0	668	0	666	0	0	0	0	0	3572	0	0	0	0	0	0	0	5442	0	22576	0	6812	0	1710	0	5020	0	4866	0	836	0	2104	0	0	0	576	218	5698	0	3390	0	0	0	1262	0	0	0	304	0	0	0	0	0	0	0	0	0	0	0	0	0	0	0	0	0	0	0	0	0	0	0	0	0	0	0	
135968	Postcentral_R	0	16514	0	334	0	0	0	720	0	0	0	266	0	0	0	0	0	2994	0	664	0	0	0	0	0	0	0	0	0	548	0	0	0	680	0	0	0	1084	0	0	0	0	0	670	0	2892	0	0	0	3314	0	148	0	0	0	562	0	0	0	1956	0	4744	0	12006	0	202	0	6456	0	7926	0	890	0	174	0	0	0	208	0	0	0	396	0	0	0	678	0	0	0	958	0	0	0	0	0	0	0	0	0	0	0	0	0	0	0	0	0	0	0	0	0	0	0	0	0	0	
118992	Parietal_Sup_L	0	0	0	0	0	0	0	0	0	0	0	0	0	0	0	0	0	0	0	0	0	0	0	0	0	0	0	0	0	0	0	0	0	0	0	0	0	0	0	0	0	0	902	0	6632	0	1042	0	9310	0	13834	0	0	0	0	0	5442	0	0	0	7182	0	0	0	2406	0	7360	0	2046	0	0	0	0	0	0	0	0	0	0	0	0	0	0	0	2440	0	0	0	900	0	0	0	0	0	0	0	0	0	0	0	0	0	0	0	0	0	0	0	0	0	0	0	0	0	0	0	
50872	Parietal_Sup_R	0	180	0	0	0	0	0	0	0	0	0	0	0	0	0	0	0	0	0	0	0	0	0	0	0	0	0	0	0	0	0	0	0	0	0	0	0	0	0	0	0	0	0	156	0	1190	0	0	0	5246	0	3050	0	0	0	0	0	1956	0	0	0	2216	0	0	0	5036	592	4906	0	908	0	0	0	0	0	0	0	0	0	0	0	0	0	0	0	0	0	0	0	0	0	0	0	0	0	0	0	0	0	0	0	0	0	0	0	0	0	0	0	0	0	0	0	0	0	0	
200100	Parietal_Inf_L	4462	0	478	108	0	0	114	0	0	0	0	0	0	0	0	0	1124	0	396	160	0	0	0	0	0	0	0	0	3890	0	0	0	0	0	214	0	190	0	0	0	0	0	546	0	404	0	0	0	1524	0	12614	0	506	0	400	0	22576	0	7182	0	0	0	10744	0	14940	0	3384	0	2832	0	396	0	772	0	0	0	0	0	1890	0	998	0	0	0	6072	0	0	0	1134	0	0	0	0	0	0	0	0	0	0	0	0	0	0	0	0	0	0	0	0	0	0	0	0	0	0	0	
85820	Parietal_Inf_R	0	2598	0	0	0	0	0	0	0	0	0	0	0	0	0	0	0	0	0	768	0	0	0	0	0	0	0	0	0	0	0	0	0	452	0	504	0	0	0	0	0	0	0	250	0	224	0	1712	0	1306	0	3636	0	0	0	1936	0	4744	0	2216	0	0	0	6948	0	9910	0	2214	0	994	0	0	0	0	0	0	0	0	0	0	0	0	0	0	0	1404	0	0	0	1094	0	0	0	0	0	0	0	0	0	0	0	0	0	0	0	0	0	0	0	0	0	0	0	0	0	0	
61848	SupraMarginal_L	244	0	0	0	0	0	0	0	0	0	0	0	0	0	0	0	1192	0	0	0	0	0	0	0	0	0	0	0	504	0	0	0	0	0	0	0	0	0	0	0	0	0	0	0	0	0	0	0	0	0	0	0	0	0	0	0	6812	0	0	0	10744	0	0	0	3528	0	0	0	0	0	0	0	0	0	0	0	0	0	282	0	2606	0	0	0	5012	0	0	0	0	0	0	0	0	0	0	0	0	0	0	0	0	0	0	0	0	0	0	0	0	0	0	0	0	0	0	0	
108764	SupraMarginal_R	0	4252	0	234	0	0	0	232	0	0	0	0	0	0	0	0	0	4038	0	1502	0	0	0	0	0	0	0	0	0	0	0	0	0	1262	0	458	0	1330	0	228	0	0	0	0	0	0	0	112	0	116	0	0	0	0	0	1218	0	12006	0	0	0	6948	0	0	0	5188	0	346	0	1852	0	698	0	0	0	0	0	176	0	410	0	4804	0	0	0	2376	0	0	0	4596	0	0	0	0	0	0	0	0	0	0	0	0	0	0	0	0	0	0	0	0	0	0	0	0	0	0	
147508	Angular_L	1594	0	0	0	0	0	0	0	0	0	0	0	0	0	0	0	264	0	0	0	0	0	0	0	0	0	0	0	0	0	0	0	0	0	394	0	0	0	0	0	0	0	1690	0	1378	0	118	0	1416	0	23204	0	350	0	126	0	1710	0	2406	0	14940	0	3528	0	0	0	3040	0	1938	0	0	0	0	0	0	0	0	0	0	0	1236	0	0	0	14036	0	0	0	386	0	0	0	0	0	0	0	0	0	0	0	0	0	0	0	0	0	0	0	0	0	0	0	0	0	0	0	
127528	Angular_R	0	0	0	0	0	0	0	0	0	0	0	0	0	0	0	0	0	0	0	724	0	0	0	0	0	0	0	0	0	0	0	0	0	364	0	416	0	0	0	0	0	0	0	390	0	356	0	2876	0	4378	0	11430	0	0	0	3290	0	202	0	5036	0	9910	0	5188	0	0	0	3502	0	754	0	0	0	0	0	0	0	0	0	0	0	3184	0	0	0	7192	0	0	0	4572	0	0	0	0	0	0	0	0	0	0	0	0	0	0	0	0	0	0	0	0	0	0	0	0	0	0	
244328	Precuneus_L	1470	0	0	0	0	0	0	0	0	0	0	0	0	0	0	0	0	0	0	1280	0	0	0	0	0	0	0	0	0	0	0	0	2328	2078	6890	2556	5030	950	730	0	0	0	13088	478	9884	3368	6090	112	3792	2522	10790	1508	470	0	2274	388	5020	0	7360	592	3384	0	0	0	3040	0	0	8446	6690	1184	0	0	0	0	0	0	0	570	0	0	358	0	0	0	5754	112	0	0	1468	110	0	0	0	0	0	0	0	0	0	0	0	0	0	0	0	0	0	0	0	0	0	0	0	0	0	0	
357132	Precuneus_R	0	1064	0	0	0	0	0	0	0	0	0	0	0	0	0	0	0	0	0	4950	0	0	0	0	0	0	0	0	0	250	0	0	530	6780	718	8684	834	6764	0	1730	0	0	0	20774	658	19494	0	15952	0	17866	0	7076	0	158	0	13624	0	6456	0	4906	0	2214	0	346	0	3502	8446	0	0	12276	0	0	0	0	0	0	0	420	0	0	0	246	0	0	0	5698	0	0	0	4984	0	0	0	0	0	0	0	132	0	0	0	0	0	0	0	0	0	0	0	0	1034	0	0	0	0	0	
180676	Paracentral_Lobule_L	21816	4134	5084	708	0	0	236	0	0	0	0	0	0	0	0	0	0	0	7846	7480	0	0	0	0	0	0	0	0	0	0	0	0	6864	1880	5206	108	0	0	0	0	0	0	544	0	632	0	0	0	352	0	4670	0	0	0	0	0	4866	0	2046	0	2832	0	0	0	1938	0	6690	0	0	1788	0	394	0	0	0	0	0	580	0	0	190	0	0	0	1188	0	0	0	266	0	0	0	0	0	0	0	0	0	0	0	0	0	0	0	0	0	0	0	0	0	0	0	0	0	0	0	
188184	Paracentral_Lobule_R	1610	2718	388	150	0	0	306	0	0	0	0	0	0	0	0	0	0	0	134	25140	0	0	0	0	0	0	0	0	0	0	0	0	548	15620	608	4774	0	330	0	0	0	0	0	1684	0	3498	0	290	0	3514	0	680	0	0	0	1266	0	7926	0	908	0	994	0	1852	0	754	1184	12276	1788	0	0	0	0	0	0	0	0	0	0	276	0	916	0	0	0	1022	0	0	0	938	0	0	0	0	0	0	0	0	0	0	0	0	0	0	0	0	0	0	0	0	0	0	0	0	0	0	
316964	Caudate_L	4962	796	17984	6284	1764	120	4814	4770	228	0	1036	3258	108	224	208	0	1020	492	11826	13218	4218	4616	2322	786	728	0	1870	282	4358	426	9790	5426	578	8766	146	142	692	652	0	290	0	0	0	0	0	0	0	0	0	0	0	0	0	0	0	350	836	0	0	0	396	0	0	0	0	0	0	0	0	0	0	8744	17422	2008	1804	210	6644	410	238	0	220	0	0	0	0	0	0	0	0	0	0	0	0	0	0	0	0	0	0	0	0	0	0	0	0	0	0	0	0	0	0	0	0	0	0	0	
357684	Caudate_R	866	10972	1230	22102	0	5626	614	640	0	0	0	2256	0	462	0	644	0	1292	348	20918	1996	4640	862	9004	552	5454	0	3282	378	3024	4346	24560	0	1356	0	0	0	138	0	0	0	228	0	0	0	0	0	0	0	0	0	0	0	0	0	0	0	890	0	0	0	0	0	698	0	0	0	0	394	0	8744	0	2380	15904	302	2192	868	18680	0	0	0	0	0	0	0	0	0	0	0	0	0	0	0	0	0	0	0	0	0	0	0	0	0	0	0	0	0	0	0	0	0	0	0	0	0	0	
335760	Putamen_L	5334	402	30702	762	6844	0	5664	112	1240	0	816	184	286	0	2652	0	606	0	13028	1626	3186	2322	2980	0	1488	0	2868	218	24400	0	12302	2564	164	504	382	312	6518	0	288	0	284	0	0	0	0	0	0	0	0	0	0	0	0	0	700	0	2104	0	0	0	772	0	0	0	0	0	0	0	0	0	17422	2380	0	448	6202	0	3738	182	558	0	496	0	1410	0	148	0	0	0	282	0	0	0	0	0	0	0	0	0	0	0	0	0	0	0	0	0	0	0	0	0	0	0	0	0	0	0	
314744	Putamen_R	0	1968	400	17928	0	5872	138	3146	0	0	0	6012	0	3608	0	1722	0	1886	198	15756	244	1550	668	8162	208	6100	0	1498	0	17598	1520	9884	0	744	356	344	154	13780	0	2882	0	790	0	0	0	0	0	0	0	0	0	0	0	0	0	4190	0	174	0	0	0	0	0	0	0	0	0	0	0	0	2008	15904	448	0	0	3802	0	4390	0	326	0	316	0	348	0	0	0	0	0	162	0	0	0	0	0	0	0	0	0	188	0	0	0	0	0	0	0	0	0	0	0	0	0	0	0	0	
53280	Pallidum_L	764	0	6868	0	0	0	956	0	0	0	0	0	0	0	0	0	0	0	6142	194	168	288	0	0	0	0	0	0	0	0	238	214	122	0	0	0	284	0	0	0	0	0	0	0	0	0	0	0	0	0	0	0	0	0	0	0	0	0	0	0	0	0	0	0	0	0	0	0	0	0	1804	302	6202	0	0	0	2094	0	0	0	0	0	0	0	0	0	0	0	0	0	0	0	0	0	0	0	0	0	0	0	0	0	0	0	0	0	0	0	0	0	0	0	0	0	0	0	
30540	Pallidum_R	0	0	0	3550	0	0	0	0	0	0	0	158	0	108	0	0	0	0	0	4346	0	0	0	0	0	0	0	0	0	182	0	0	0	0	0	0	0	590	0	132	0	0	0	0	0	0	0	0	0	0	0	0	0	0	0	0	0	0	0	0	0	0	0	0	0	0	0	0	0	0	210	2192	0	3802	0	0	0	0	0	0	0	0	0	0	0	0	0	0	0	0	0	0	0	0	0	0	0	0	0	0	0	0	0	0	0	0	0	0	0	0	0	0	0	0	0	0	
118764	Thalamus_L	12582	1442	7016	250	0	0	6302	0	0	0	0	0	0	0	0	0	252	0	1274	122	0	0	0	0	0	0	0	0	958	0	0	0	0	0	984	780	4832	0	728	0	214	0	0	0	0	0	0	0	0	0	0	0	0	0	220	0	576	0	0	0	0	0	0	0	0	0	0	0	0	0	6644	868	3738	0	2094	0	0	6562	570	0	0	0	0	0	0	0	0	0	374	0	0	0	0	0	0	0	0	0	0	0	0	0	0	0	0	0	0	0	0	0	0	0	0	0	0	0	
249364	Thalamus_R	2412	24842	968	25778	0	0	616	1176	0	0	0	494	0	230	0	0	0	142	282	3902	0	0	0	0	0	0	0	0	528	432	0	240	0	0	7508	6314	5690	7512	792	1314	0	260	0	0	0	0	0	0	0	0	0	0	0	0	0	234	218	208	0	0	0	0	0	176	0	0	570	420	580	0	410	18680	182	4390	0	0	6562	0	620	0	0	0	0	0	0	0	0	0	0	0	0	0	0	0	0	0	0	0	0	0	0	0	0	0	0	0	0	0	0	0	0	0	0	0	0	0	
106624	Heschl_L	3898	504	638	0	0	0	906	0	0	0	840	0	0	0	0	0	4118	0	362	120	0	0	0	0	0	0	0	0	11716	0	0	0	0	0	2346	2294	4148	168	0	0	0	0	0	0	0	0	198	0	0	0	294	0	134	0	788	0	5698	0	0	0	1890	0	282	0	0	0	0	0	0	0	238	0	558	0	0	0	570	620	0	0	2494	0	0	0	4404	0	0	0	3086	0	0	0	0	0	0	0	0	0	0	0	0	0	0	0	0	0	0	0	0	0	0	0	0	0	0	0	
26472	Heschl_R	0	0	0	268	0	0	0	162	0	0	0	106	0	0	0	0	0	3108	0	710	0	0	0	0	0	0	0	0	0	1488	0	0	0	194	0	214	0	160	0	0	0	0	0	0	0	0	0	0	0	0	0	0	0	0	0	222	0	0	0	0	0	0	0	410	0	0	0	0	0	276	0	0	0	326	0	0	0	0	0	0	0	5142	0	0	0	336	0	0	0	114	0	0	0	0	0	0	0	0	0	0	0	0	0	0	0	0	0	0	0	0	0	0	0	0	0	0	
141016	Temporal_Sup_L	3210	0	1556	0	0	0	590	0	0	0	1914	0	114	0	0	0	5260	0	372	0	0	0	158	0	0	0	0	0	4538	0	262	110	0	0	0	0	2184	0	0	0	0	0	138	0	0	0	254	0	0	0	910	0	110	0	2526	0	3390	0	0	0	998	0	2606	0	1236	0	358	0	190	0	220	0	496	0	0	0	0	0	2494	0	0	0	6580	0	21024	0	0	0	6710	0	0	0	0	0	0	0	0	0	0	0	0	0	0	0	0	0	0	0	0	0	0	0	0	0	0	0	
88456	Temporal_Sup_R	0	268	0	346	0	0	0	108	0	0	0	368	0	0	0	828	0	3866	0	1522	0	0	0	0	0	0	0	0	0	3506	0	0	0	938	0	1008	0	128	0	0	0	0	0	0	0	0	0	0	0	172	0	194	0	0	0	644	0	396	0	0	0	0	0	4804	0	3184	0	246	0	916	0	0	0	316	0	0	0	0	0	5142	0	0	0	2520	0	10216	0	120	0	2472	0	0	0	0	0	0	0	0	0	0	0	0	0	0	0	0	0	0	0	0	0	0	0	0	0	0	
86468	Temporal_Pole_Sup_L	0	0	1166	0	936	0	552	0	748	0	1732	0	1262	0	2180	0	1400	0	0	0	698	0	482	0	0	0	0	0	6232	0	162	0	0	0	0	0	2222	0	448	0	1160	0	0	0	0	0	0	0	0	0	0	0	0	0	1924	0	0	0	0	0	0	0	0	0	0	0	0	0	0	0	0	0	1410	0	0	0	0	0	0	0	6580	0	0	0	6798	0	2818	0	2324	0	0	0	0	0	0	0	0	0	0	0	0	0	0	0	0	0	0	0	0	0	0	0	0	0	0	0	
58876	Temporal_Pole_Sup_R	0	0	0	0	0	0	0	0	0	0	0	134	0	0	0	866	0	186	0	146	0	0	0	0	0	0	0	0	0	1606	0	0	0	0	0	0	0	2132	0	3526	0	4068	0	0	0	0	0	0	0	0	0	0	0	0	0	6288	0	0	0	0	0	0	0	0	0	0	0	0	0	0	0	0	0	348	0	0	0	0	0	0	0	2520	0	0	0	2472	0	4130	0	1016	0	0	0	0	0	0	0	0	0	0	0	0	0	0	0	0	0	0	0	0	0	0	0	0	0	0	
309452	Temporal_Mid_L	3982	0	206	0	0	0	118	0	0	0	0	0	0	0	0	0	1046	0	0	0	0	0	0	0	0	0	0	0	3756	0	0	0	0	0	1794	0	514	0	0	0	0	0	5670	0	4034	0	918	0	3446	0	29636	0	2662	0	3368	0	1262	0	2440	0	6072	0	5012	0	14036	0	5754	0	1188	0	0	0	148	0	0	0	0	0	4404	0	21024	0	6798	0	0	0	3030	0	22408	0	0	0	0	0	0	0	0	0	0	0	0	0	0	0	0	0	0	0	0	0	0	0	0	0	0	0	
172244	Temporal_Mid_R	0	340	0	0	0	0	0	0	0	0	0	0	0	0	0	526	0	322	0	672	0	0	0	0	0	0	0	0	0	1714	0	0	0	554	0	586	0	292	0	0	0	0	0	3250	0	1636	0	2068	0	3304	0	10728	0	0	0	5380	0	678	0	0	0	1404	0	2376	0	7192	112	5698	0	1022	0	0	0	0	0	0	0	0	0	336	0	10216	0	2472	0	0	0	1000	0	22244	0	0	0	0	0	0	0	0	0	0	0	0	0	0	0	0	0	0	0	0	0	0	0	0	0	0	
22824	Temporal_Pole_Mid_L	0	0	0	0	0	0	0	0	0	0	0	0	0	0	0	0	0	0	0	0	0	0	0	0	0	0	0	0	0	0	0	0	0	0	0	0	270	0	302	0	304	0	0	0	0	0	0	0	0	0	0	0	0	0	1968	0	0	0	0	0	0	0	0	0	0	0	0	0	0	0	0	0	0	0	0	0	0	0	0	0	0	0	2818	0	3030	0	0	0	2720	0	0	0	0	0	0	0	0	0	0	0	0	0	0	0	0	0	0	0	0	0	0	0	0	0	0	0	
30432	Temporal_Pole_Mid_R	0	0	0	0	0	0	0	0	0	0	0	0	0	0	0	0	0	0	0	0	0	0	0	0	0	0	0	0	0	0	0	0	0	0	0	0	0	388	0	2358	0	1444	0	0	0	0	0	0	0	0	0	0	0	0	0	3954	0	0	0	0	0	0	0	0	0	0	0	0	0	0	0	0	0	0	0	0	0	0	0	0	0	120	0	4130	0	1000	0	0	0	1822	0	0	0	0	0	0	0	0	0	0	0	0	0	0	0	0	0	0	0	0	0	0	0	0	0	0	
175832	Temporal_Inf_L	354	0	0	0	0	0	0	0	0	0	0	0	0	0	0	0	314	0	0	0	0	0	0	0	0	0	0	0	4328	0	0	0	0	0	0	0	8826	0	452	0	1544	0	838	0	302	0	1972	0	0	0	3418	0	1926	0	16466	0	304	0	900	0	1134	0	0	0	386	0	1468	0	266	0	0	0	282	0	0	0	374	0	3086	0	6710	0	2324	0	22408	0	2720	0	0	0	2406	0	920	0	0	0	0	0	400	0	666	0	422	0	0	0	0	0	0	0	0	0	0	0	0	0	
162364	Temporal_Inf_R	0	464	0	0	0	0	0	0	0	0	0	0	0	0	0	0	0	314	0	712	0	0	0	0	0	0	0	0	0	640	0	0	0	404	0	748	0	1798	0	316	0	218	0	2434	0	1484	0	1818	0	2318	0	4984	0	2436	0	14042	0	958	0	0	0	1094	0	4596	0	4572	110	4984	0	938	0	0	0	162	0	0	0	0	0	114	0	2472	0	1016	0	22244	0	1822	0	0	0	852	0	0	0	0	0	0	0	118	0	0	0	0	0	0	0	0	0	0	0	0	0	0	0	0	
477424	Cerebelum_Crus1_L	0	0	0	0	0	0	0	0	0	0	0	0	0	0	0	0	0	0	0	0	0	0	0	0	0	0	0	0	0	0	0	0	0	0	0	0	0	0	0	0	0	0	0	0	0	0	6926	3196	0	0	0	0	124	0	19670	270	0	0	0	0	0	0	0	0	0	0	0	0	0	0	0	0	0	0	0	0	0	0	0	0	0	0	0	0	0	0	0	0	2406	0	0	3364	37556	4288	606	0	21454	950	60062	3594	19112	826	24182	2634	1916	0	384	0	142	212	7524	7588	8728	248	450	300	
334176	Cerebelum_Crus1_R	0	0	0	0	0	0	0	0	0	0	0	0	0	0	0	0	0	0	0	0	0	0	0	0	0	0	0	0	0	0	0	0	0	0	0	0	0	0	0	0	0	0	0	0	0	0	322	2294	0	0	0	0	0	242	0	10104	0	0	0	0	0	0	0	0	0	0	0	0	0	0	0	0	0	0	0	0	0	0	0	0	0	0	0	0	0	0	0	0	0	852	3364	0	1576	22684	0	2050	544	13414	1936	48870	1590	9240	1914	18770	742	1392	0	0	0	406	3396	5680	13678	958	746	324	
285332	Cerebelum_Crus2_L	0	0	0	0	0	0	0	0	0	0	0	0	0	0	0	0	0	0	0	0	0	0	0	0	0	0	0	0	0	0	0	0	0	0	0	0	0	0	0	0	0	0	0	0	0	0	476	258	0	0	0	0	0	0	2728	0	0	0	0	0	0	0	0	0	0	0	0	0	0	0	0	0	0	0	0	0	0	0	0	0	0	0	0	0	0	0	0	0	920	0	37556	1576	0	4832	0	0	1406	140	8356	928	37458	1330	33880	1808	670	0	0	0	0	0	536	1194	5926	688	0	0	
186800	Cerebelum_Crus2_R	0	0	0	0	0	0	0	0	0	0	0	0	0	0	0	0	0	0	0	0	0	0	0	0	0	0	0	0	0	0	0	0	0	0	0	0	0	0	0	0	0	0	0	0	0	0	0	466	0	0	0	0	0	0	0	0	0	0	0	0	0	0	0	0	0	0	0	0	0	0	0	0	0	0	0	0	0	0	0	0	0	0	0	0	0	0	0	0	0	0	4288	22684	4832	0	0	0	0	202	948	5586	3382	15684	2810	18732	120	498	0	0	0	0	0	2056	10452	660	0	0	
22396	Cerebelum_3_L	0	0	0	0	0	0	0	0	0	0	0	0	0	0	0	0	0	0	0	0	0	0	0	0	0	0	0	0	0	0	0	0	0	0	0	0	0	0	162	0	0	0	0	0	0	0	0	370	0	0	0	0	0	0	0	0	0	0	0	0	0	0	0	0	0	0	0	0	0	0	0	0	0	0	0	0	0	0	0	0	0	0	0	0	0	0	0	0	0	0	606	0	0	0	0	0	4390	0	1384	114	0	0	0	0	262	0	0	0	942	1718	1084	166	0	0	0	0	
35012	Cerebelum_3_R	0	0	0	0	0	0	0	0	0	0	0	0	0	0	0	0	0	0	0	0	0	0	0	0	0	0	0	0	0	0	0	0	0	0	0	0	0	0	0	0	0	0	0	0	0	0	0	276	0	0	0	0	0	0	0	334	0	0	0	0	0	0	0	0	0	0	0	0	0	0	0	0	0	0	0	0	0	0	0	0	0	0	0	0	0	0	0	0	0	0	0	2050	0	0	0	0	166	4234	0	3474	0	0	0	0	0	836	0	0	552	3174	794	594	276	184	562	0	
226956	Cerebelum_4_5_L	0	0	0	0	0	0	0	0	0	0	0	0	0	0	0	0	0	0	0	0	0	0	0	0	0	0	0	0	0	0	0	0	0	0	0	0	0	0	214	0	0	0	0	0	0	0	7216	2992	0	0	0	0	0	0	9722	0	0	0	0	0	0	0	0	0	0	0	0	0	0	0	0	0	0	0	0	0	0	0	0	0	0	0	0	0	0	0	0	0	0	0	21454	544	1406	0	4390	166	0	3116	32662	1154	718	0	2362	0	2658	396	276	0	1350	1984	15302	1824	192	0	324	1056	
190492	Cerebelum_4_5_R	0	0	0	0	0	0	0	0	0	0	0	0	0	0	0	0	0	0	0	0	0	0	0	0	0	0	0	0	0	146	0	0	0	0	0	0	0	612	0	676	0	0	0	0	0	0	0	6322	0	0	0	0	0	634	0	7970	0	0	0	0	0	0	0	0	0	0	0	132	0	0	0	0	0	0	0	0	0	0	0	0	0	0	0	0	0	0	0	0	0	0	950	13414	140	202	0	4234	3116	0	2758	26648	0	0	392	694	682	1952	0	0	116	788	12094	5078	1194	530	1560	2212	
419948	Cerebelum_6_L	0	0	0	0	0	0	0	0	0	0	0	0	0	0	0	0	0	0	0	0	0	0	0	0	0	0	0	0	0	0	0	0	0	0	0	0	0	0	0	0	0	0	0	0	0	108	12162	6774	0	108	152	0	194	332	24030	1870	0	0	0	0	0	0	0	0	0	0	0	0	0	0	0	0	0	0	0	0	0	0	0	0	0	0	0	0	0	0	0	0	400	0	60062	1936	8356	948	1384	0	32662	2758	0	6078	4178	0	8704	1306	3450	0	406	0	180	274	12506	13640	3780	214	474	548	
375772	Cerebelum_6_R	0	0	0	0	0	0	0	0	0	0	0	0	0	0	0	0	0	0	0	0	0	0	0	0	0	0	0	0	0	298	0	0	0	0	0	0	0	382	0	0	0	0	0	106	0	182	1776	8272	0	182	0	0	0	1912	204	19254	0	0	0	0	0	0	0	0	0	0	0	0	0	0	0	0	0	188	0	0	0	0	0	0	0	0	0	0	0	0	0	0	0	118	3594	48870	928	5586	114	3474	1154	26648	6078	0	1058	1476	1762	7648	1066	2468	0	124	0	632	8806	15952	12672	1348	1700	1854	
243076	Cerebelum_7b_L	0	0	0	0	0	0	0	0	0	0	0	0	0	0	0	0	0	0	0	0	0	0	0	0	0	0	0	0	0	0	0	0	0	0	0	0	0	0	0	0	0	0	0	0	0	0	0	0	0	0	0	0	0	0	1124	0	0	0	0	0	0	0	0	0	0	0	0	0	0	0	0	0	0	0	0	0	0	0	0	0	0	0	0	0	0	0	0	0	666	0	19112	1590	37458	3382	0	0	718	0	4178	1058	0	914	34890	3532	1424	384	142	0	0	0	134	1134	6872	2582	244	0	
103668	Cerebelum_7b_R	0	0	0	0	0	0	0	0	0	0	0	0	0	0	0	0	0	0	0	0	0	0	0	0	0	0	0	0	0	0	0	0	0	0	0	0	0	0	0	0	0	0	0	0	0	0	0	0	0	0	0	0	0	0	0	0	0	0	0	0	0	0	0	0	0	0	0	0	0	0	0	0	0	0	0	0	0	0	0	0	0	0	0	0	0	0	0	0	0	0	826	9240	1330	15684	0	0	0	0	0	1476	914	0	368	18498	0	284	0	0	0	0	0	0	2880	334	0	0	
309076	Cerebelum_8_L	0	0	0	0	0	0	0	0	0	0	0	0	0	0	0	0	0	0	0	0	0	0	0	0	0	0	0	0	0	0	0	0	0	0	0	0	0	0	0	0	0	0	0	0	0	0	0	342	0	0	0	0	0	0	2058	0	0	0	0	0	0	0	0	0	0	0	0	0	0	0	0	0	0	0	0	0	0	0	0	0	0	0	0	0	0	0	0	0	422	0	24182	1914	33880	2810	0	0	2362	392	8704	1762	34890	368	0	6224	10674	1904	1530	0	0	0	1026	2208	9144	5956	1786	0	
228244	Cerebelum_8_R	0	0	0	0	0	0	0	0	0	0	0	0	0	0	0	0	0	0	0	0	0	0	0	0	0	0	0	0	0	0	0	0	0	0	0	0	0	0	0	0	0	0	0	0	0	0	0	290	0	0	0	0	0	0	0	0	0	0	0	0	0	0	0	0	0	0	0	0	0	0	0	0	0	0	0	0	0	0	0	0	0	0	0	0	0	0	0	0	0	0	2634	18770	1808	18732	0	0	0	694	1306	7648	3532	18498	6224	0	1628	9840	0	166	0	0	0	4096	11358	4694	1920	284	
83904	Cerebelum_9_L	0	0	0	0	0	0	0	0	0	0	0	0	0	0	0	0	0	0	0	0	0	0	0	0	0	0	0	0	0	0	0	0	0	0	0	0	0	0	0	0	0	0	0	0	0	0	0	426	0	0	0	0	0	0	0	116	0	0	0	0	0	0	0	0	0	0	0	0	0	0	0	0	0	0	0	0	0	0	0	0	0	0	0	0	0	0	0	0	0	0	1916	742	670	120	262	0	2658	682	3450	1066	1424	0	10674	1628	0	1424	3102	0	0	0	1114	1876	3184	2594	2080	744	
85148	Cerebelum_9_R	0	0	0	0	0	0	0	0	0	0	0	0	0	0	0	0	0	0	0	0	0	0	0	0	0	0	0	0	0	0	0	0	0	0	0	0	0	0	0	0	0	0	0	0	0	0	0	186	0	0	0	0	0	0	0	330	0	0	0	0	0	0	0	0	0	0	0	0	0	0	0	0	0	0	0	0	0	0	0	0	0	0	0	0	0	0	0	0	0	0	0	1392	0	498	0	836	396	1952	0	2468	384	284	1904	9840	1424	0	0	782	676	1130	1832	2284	3502	3960	4560	1954	
11680	Cerebelum_10_L	0	0	0	0	0	0	0	0	0	0	0	0	0	0	0	0	0	0	0	0	0	0	0	0	0	0	0	0	0	0	0	0	0	0	0	0	0	0	0	0	0	0	0	0	0	0	0	0	0	0	0	0	0	0	0	0	0	0	0	0	0	0	0	0	0	0	0	0	0	0	0	0	0	0	0	0	0	0	0	0	0	0	0	0	0	0	0	0	0	0	384	0	0	0	0	0	276	0	406	0	142	0	1530	0	3102	0	0	0	0	0	0	0	0	0	0	0	
2144	Cerebelum_10_R	0	0	0	0	0	0	0	0	0	0	0	0	0	0	0	0	0	0	0	0	0	0	0	0	0	0	0	0	0	0	0	0	0	0	0	0	0	0	0	0	0	0	0	0	0	0	0	0	0	0	0	0	0	0	0	0	0	0	0	0	0	0	0	0	0	0	0	0	0	0	0	0	0	0	0	0	0	0	0	0	0	0	0	0	0	0	0	0	0	0	0	0	0	0	0	0	0	0	0	124	0	0	0	166	0	782	0	0	0	0	0	0	0	0	0	0	
23516	Vermis_1_2	0	0	0	0	0	0	0	0	0	0	0	0	0	0	0	0	0	0	0	0	0	0	0	0	0	0	0	0	0	0	0	0	0	0	0	0	0	0	0	0	0	0	0	0	0	0	0	0	0	0	0	0	0	0	0	0	0	0	0	0	0	0	0	0	0	0	0	0	0	0	0	0	0	0	0	0	0	0	0	0	0	0	0	0	0	0	0	0	0	0	142	0	0	0	942	552	1350	116	180	0	0	0	0	0	0	676	0	0	0	4880	2486	246	0	0	188	0	
40408	Vermis_3	0	0	0	0	0	0	0	0	0	0	0	0	0	0	0	0	0	0	0	0	0	0	0	0	0	0	0	0	0	0	0	0	0	0	0	0	0	0	252	0	0	0	0	0	0	0	0	250	0	0	0	0	0	0	0	0	0	0	0	0	0	0	0	0	0	0	0	0	0	0	0	0	0	0	0	0	0	0	0	0	0	0	0	0	0	0	0	0	0	0	212	406	0	0	1718	3174	1984	788	274	632	0	0	0	0	0	1130	0	0	4880	0	3068	572	200	144	520	0	
204896	Vermis_4_5	0	0	0	0	0	0	0	0	0	0	0	0	0	0	0	0	0	0	0	0	0	0	0	0	0	0	0	0	0	0	0	0	0	0	0	668	0	960	0	0	0	0	0	0	0	0	1934	7070	0	0	0	0	0	558	1972	3450	0	0	0	0	0	0	0	0	0	0	0	1034	0	0	0	0	0	0	0	0	0	0	0	0	0	0	0	0	0	0	0	0	0	0	7524	3396	536	0	1084	794	15302	12094	12506	8806	134	0	1026	0	1114	1832	0	0	2486	3068	0	7160	284	256	1682	3718	
221008	Vermis_6	0	0	0	0	0	0	0	0	0	0	0	0	0	0	0	0	0	0	0	0	0	0	0	0	0	0	0	0	0	0	0	0	0	0	0	0	0	0	0	0	0	0	0	0	0	172	2706	9280	0	172	0	0	0	1310	1540	6432	0	0	0	0	0	0	0	0	0	0	0	0	0	0	0	0	0	0	0	0	0	0	0	0	0	0	0	0	0	0	0	0	0	0	7588	5680	1194	2056	166	594	1824	5078	13640	15952	1134	0	2208	4096	1876	2284	0	0	246	572	7160	0	8176	1078	2956	3334	
230264	Vermis_7	0	0	0	0	0	0	0	0	0	0	0	0	0	0	0	0	0	0	0	0	0	0	0	0	0	0	0	0	0	0	0	0	0	0	0	0	0	0	0	0	0	0	0	0	0	0	286	1282	0	0	0	0	0	0	0	848	0	0	0	0	0	0	0	0	0	0	0	0	0	0	0	0	0	0	0	0	0	0	0	0	0	0	0	0	0	0	0	0	0	0	8728	13678	5926	10452	0	276	192	1194	3780	12672	6872	2880	9144	11358	3184	3502	0	0	0	200	284	8176	0	6008	3500	710	
74492	Vermis_8	0	0	0	0	0	0	0	0	0	0	0	0	0	0	0	0	0	0	0	0	0	0	0	0	0	0	0	0	0	0	0	0	0	0	0	0	0	0	0	0	0	0	0	0	0	0	0	0	0	0	0	0	0	0	0	0	0	0	0	0	0	0	0	0	0	0	0	0	0	0	0	0	0	0	0	0	0	0	0	0	0	0	0	0	0	0	0	0	0	0	248	958	688	660	0	184	0	530	214	1348	2582	334	5956	4694	2594	3960	0	0	0	144	256	1078	6008	0	4100	710	
65460	Vermis_9	0	0	0	0	0	0	0	0	0	0	0	0	0	0	0	0	0	0	0	0	0	0	0	0	0	0	0	0	0	0	0	0	0	0	0	0	0	0	0	0	0	0	0	0	0	0	0	514	0	0	0	0	0	0	0	432	0	0	0	0	0	0	0	0	0	0	0	0	0	0	0	0	0	0	0	0	0	0	0	0	0	0	0	0	0	0	0	0	0	0	450	746	0	0	0	562	324	1560	474	1700	244	0	1786	1920	2080	4560	0	0	188	520	1682	2956	3500	4100	0	2432	
44424	Vermis_10	0	0	0	0	0	0	0	0	0	0	0	0	0	0	0	0	0	0	0	0	0	0	0	0	0	0	0	0	0	0	0	0	0	0	0	0	0	0	0	0	0	0	0	0	0	0	0	1066	0	0	0	0	0	172	0	794	0	0	0	0	0	0	0	0	0	0	0	0	0	0	0	0	0	0	0	0	0	0	0	0	0	0	0	0	0	0	0	0	0	0	300	324	0	0	0	0	1056	2212	548	1854	0	0	0	284	744	1954	0	0	0	0	3718	3334	710	710	2432	0	
