data	data	755688	410896	1.156e+06	967068	175180	127052	623204	422872	110452	34732	402492	263024	277476	220256	162712	134772	351556	183820	806272	793380	121092	156372	611920	604224	68692	123572	96084	137560	603704	405404	540600	790812	300024	740216	250376	303568	416672	437468	191028	301140	49832	73924	327852	328544	135144	303860	330320	397840	107588	301364	378376	330752	134436	124588	439316	425268	271680	160308	114304	110732	217368	116856	134716	127064	97296	136524	314232	453112	361328	324008	570924	609084	488316	392924	144852	112108	228136	318428	125696	45244	249436	192192	119760	106232	405196	302748	30888	27472	383580	303300	531992	494240	348040	247492	99040	131772	407792	301424	522968	509488	202428	89036	372764	309028	205660	143872	37072	23276	82636	199560	288952	241700	222288	144640	122508	52492	
data	data	Precentral_L	Precentral_R	Frontal_Sup_L	Frontal_Sup_R	Frontal_Sup_Orb_L	Frontal_Sup_Orb_R	Frontal_Mid_L	Frontal_Mid_R	Frontal_Mid_Orb_L	Frontal_Mid_Orb_R	Frontal_Inf_Oper_L	Frontal_Inf_Oper_R	Frontal_Inf_Tri_L	Frontal_Inf_Tri_R	Frontal_Inf_Orb_L	Frontal_Inf_Orb_R	Rolandic_Oper_L	Rolandic_Oper_R	Supp_Motor_Area_L	Supp_Motor_Area_R	Olfactory_L	Olfactory_R	Frontal_Sup_Medial_L	Frontal_Sup_Medial_R	Frontal_Med_Orb_L	Frontal_Med_Orb_R	Rectus_L	Rectus_R	Insula_L	Insula_R	Cingulum_Ant_L	Cingulum_Ant_R	Cingulum_Mid_L	Cingulum_Mid_R	Cingulum_Post_L	Cingulum_Post_R	Hippocampus_L	Hippocampus_R	ParaHippocampal_L	ParaHippocampal_R	Amygdala_L	Amygdala_R	Calcarine_L	Calcarine_R	Cuneus_L	Cuneus_R	Lingual_L	Lingual_R	Occipital_Sup_L	Occipital_Sup_R	Occipital_Mid_L	Occipital_Mid_R	Occipital_Inf_L	Occipital_Inf_R	Fusiform_L	Fusiform_R	Postcentral_L	Postcentral_R	Parietal_Sup_L	Parietal_Sup_R	Parietal_Inf_L	Parietal_Inf_R	SupraMarginal_L	SupraMarginal_R	Angular_L	Angular_R	Precuneus_L	Precuneus_R	Paracentral_Lobule_L	Paracentral_Lobule_R	Caudate_L	Caudate_R	Putamen_L	Putamen_R	Pallidum_L	Pallidum_R	Thalamus_L	Thalamus_R	Heschl_L	Heschl_R	Temporal_Sup_L	Temporal_Sup_R	Temporal_Pole_Sup_L	Temporal_Pole_Sup_R	Temporal_Mid_L	Temporal_Mid_R	Temporal_Pole_Mid_L	Temporal_Pole_Mid_R	Temporal_Inf_L	Temporal_Inf_R	Cerebelum_Crus1_L	Cerebelum_Crus1_R	Cerebelum_Crus2_L	Cerebelum_Crus2_R	Cerebelum_3_L	Cerebelum_3_R	Cerebelum_4_5_L	Cerebelum_4_5_R	Cerebelum_6_L	Cerebelum_6_R	Cerebelum_7b_L	Cerebelum_7b_R	Cerebelum_8_L	Cerebelum_8_R	Cerebelum_9_L	Cerebelum_9_R	Cerebelum_10_L	Cerebelum_10_R	Vermis_1_2	Vermis_3	Vermis_4_5	Vermis_6	Vermis_7	Vermis_8	Vermis_9	Vermis_10	
755688	Precentral_L	0	8178	32158	6790	0	0	30416	3140	0	0	26182	526	4794	134	0	0	14128	1358	21566	10962	88	0	1414	610	0	0	0	0	12774	230	2946	1988	890	4008	12326	6628	10104	2046	446	458	276	0	2422	0	0	0	2404	0	0	0	908	0	238	0	1284	88	27874	158	104	0	1998	0	3148	0	0	0	4644	0	23350	6920	14630	7704	11372	2162	7972	2722	18184	7430	4742	268	3676	156	112	0	1600	0	0	0	1720	0	0	0	0	0	0	106	0	0	0	0	0	0	0	0	0	0	0	0	0	184	0	0	0	0	0	0	
410896	Precentral_R	8178	0	1182	17696	0	0	838	11192	0	0	396	8770	0	1582	0	0	486	1746	2626	11670	0	0	146	128	0	0	0	0	892	2226	594	602	0	1556	3640	7278	2288	8244	500	1392	0	0	0	528	0	0	342	1114	0	454	0	520	0	156	270	724	1550	16046	0	0	142	370	0	2066	0	98	422	2538	4380	22396	3574	14088	1230	1838	302	852	5290	24808	510	178	0	340	0	0	244	808	0	0	298	1032	0	0	0	0	0	0	0	0	0	0	0	0	0	0	0	0	0	0	0	92	0	0	0	0	0	0	
1.156e+06	Frontal_Sup_L	32158	1182	0	14810	9498	300	87518	4862	2794	0	30536	1864	24714	914	7294	0	16900	382	53874	14690	1602	0	59940	17776	3986	650	1208	130	34146	712	31400	21038	9792	16030	500	638	1340	170	282	0	266	0	104	0	0	0	98	0	0	0	0	0	0	0	200	0	8800	0	0	0	586	0	1736	0	0	0	180	0	2432	388	16140	5216	20704	1964	2578	2006	2484	908	1086	0	2928	164	542	0	254	0	0	0	222	0	0	0	0	0	0	184	0	0	0	0	0	0	0	0	0	0	0	0	0	200	0	0	0	0	0	0	
967068	Frontal_Sup_R	6790	17696	14810	0	0	4964	7028	61082	0	2044	3040	18408	390	14146	0	8320	1490	6352	16712	52352	516	2116	15300	48800	166	3324	338	2768	1432	20606	8032	43286	5814	26162	142	600	182	1712	0	490	0	0	0	0	0	0	0	118	0	0	0	0	0	0	0	428	1362	834	0	0	0	0	0	0	0	0	0	214	2098	286	9634	24234	2184	12318	616	1506	140	8178	0	0	112	972	178	452	0	94	0	0	0	166	0	0	0	0	0	0	0	0	0	0	0	0	0	0	0	0	0	0	0	0	0	0	0	0	0	0	
175180	Frontal_Sup_Orb_L	0	0	9498	0	0	114	2290	0	17112	0	0	0	1162	0	15006	0	0	0	0	0	5074	134	3894	678	6066	468	7966	204	6418	0	5142	578	0	0	0	0	0	0	0	0	1148	0	0	0	0	0	0	0	0	0	0	0	0	0	0	0	0	0	0	0	0	0	0	0	0	0	0	0	0	0	1568	160	1954	0	0	0	152	0	0	0	0	0	804	0	0	0	0	0	0	0	0	0	0	0	0	0	0	0	0	0	0	0	0	0	0	0	0	0	0	0	0	0	0	0	0	0	
127052	Frontal_Sup_Orb_R	0	0	300	4964	114	0	0	1394	0	4298	0	0	0	166	0	4582	0	0	0	0	732	5008	902	6320	344	9278	502	9772	0	1762	1342	5588	0	0	0	0	0	0	0	0	0	0	0	0	0	0	0	0	0	0	0	0	0	0	0	96	0	0	0	0	0	0	0	0	0	0	0	0	0	0	658	2568	204	2398	0	0	0	0	0	0	0	0	0	234	0	0	0	0	0	0	0	0	0	0	0	0	0	0	0	0	0	0	0	0	0	0	0	0	0	0	0	0	0	0	0	0	
623204	Frontal_Mid_L	30416	838	87518	7028	2290	0	0	3058	3982	0	18944	362	41324	158	9410	0	5412	0	16180	5480	0	0	19244	3736	0	0	0	0	15378	114	6390	4084	1778	5406	412	576	386	0	0	0	0	0	0	0	0	0	0	0	0	0	0	0	0	0	0	0	3962	0	0	0	0	0	0	0	0	0	0	0	110	502	6240	1720	2910	418	908	486	2114	1094	140	0	480	0	526	0	0	0	0	0	88	0	0	0	0	0	0	0	0	0	0	0	0	0	0	0	0	0	0	0	0	0	0	0	0	0	0	0	
422872	Frontal_Mid_R	3140	11192	4862	61082	0	1394	3058	0	0	1934	610	16214	0	17418	0	7000	350	1578	6676	15800	0	432	1546	9036	0	0	0	274	392	7128	1356	11822	738	9190	0	0	0	356	0	102	0	0	0	0	0	0	0	0	0	0	0	0	0	0	0	128	1046	536	0	0	110	0	0	0	0	0	0	0	166	0	3540	4680	546	4012	146	520	646	208	0	0	0	194	0	278	0	0	0	0	0	0	0	0	0	0	0	0	0	0	0	0	0	0	0	0	0	0	0	0	0	0	0	0	0	0	0	0	
110452	Frontal_Mid_Orb_L	0	0	2794	0	17112	0	3982	0	0	0	0	0	1904	0	17502	0	0	0	0	0	1816	0	0	0	954	0	4142	0	2906	0	0	0	0	0	0	0	0	0	0	0	598	0	0	0	0	0	0	0	0	0	0	0	0	0	0	0	0	0	0	0	0	0	0	0	0	0	0	0	0	0	300	0	380	0	0	0	0	0	0	0	0	0	836	0	0	0	0	0	0	0	0	0	0	0	0	0	0	0	0	0	0	0	0	0	0	0	0	0	0	0	0	0	0	0	0	0	
34732	Frontal_Mid_Orb_R	0	0	0	2044	0	4298	0	1934	0	0	0	0	0	578	0	5450	0	0	0	0	0	504	0	514	0	374	0	492	0	734	0	94	0	0	0	0	0	0	0	0	0	0	0	0	0	0	0	0	0	0	0	0	0	0	0	0	0	0	0	0	0	0	0	0	0	0	0	0	0	0	0	188	0	162	0	0	0	0	0	0	0	0	0	0	0	0	0	0	0	0	0	0	0	0	0	0	0	0	0	0	0	0	0	0	0	0	0	0	0	0	0	0	0	0	0	0	
402492	Frontal_Inf_Oper_L	26182	396	30536	3040	0	0	18944	610	0	0	0	1000	15818	696	0	0	21306	0	9118	3610	0	0	4688	1872	0	0	0	0	20790	638	7152	5664	1150	2546	0	0	220	0	0	0	0	0	0	0	0	0	0	0	0	0	0	0	0	0	0	0	5444	0	0	0	0	0	0	0	0	0	0	0	0	0	9290	1674	3256	656	0	0	0	0	356	0	2750	0	1844	0	0	0	0	0	0	0	0	0	0	0	0	0	0	0	0	0	0	0	0	0	0	0	0	0	0	0	0	0	0	0	0	0	
263024	Frontal_Inf_Oper_R	526	8770	1864	18408	0	0	362	16214	0	0	1000	0	0	15116	0	260	758	7170	3420	13932	0	0	150	558	0	0	0	0	466	15600	416	3946	106	4058	0	0	0	870	0	180	0	0	0	0	0	0	0	0	0	0	0	0	0	0	0	244	0	1754	0	0	0	0	0	0	0	0	0	0	118	0	2200	4006	160	4312	0	288	0	312	0	424	0	1992	0	1552	0	0	0	0	0	0	0	0	0	0	0	0	0	0	0	0	0	0	0	0	0	0	0	0	0	0	0	0	0	0	0	0	
277476	Frontal_Inf_Tri_L	4794	0	24714	390	1162	0	41324	0	1904	0	15818	0	0	0	8632	0	4218	0	1936	460	104	0	2546	680	0	0	0	0	19024	0	2452	1410	94	390	0	0	0	0	0	0	0	0	0	0	0	0	0	0	0	0	0	0	0	0	0	0	1440	0	0	0	0	0	0	0	0	0	0	0	0	0	988	146	2300	0	98	0	0	0	0	0	650	0	1064	0	0	0	0	0	0	0	0	0	0	0	0	0	0	0	0	0	0	0	0	0	0	0	0	0	0	0	0	0	0	0	0	0	
220256	Frontal_Inf_Tri_R	134	1582	914	14146	0	166	158	17418	0	578	696	15116	0	0	0	9286	534	1826	2240	4482	0	0	464	2960	0	0	0	0	422	15632	344	6018	0	1970	0	0	0	700	0	142	0	0	0	0	0	0	0	0	0	0	0	0	0	0	0	224	0	272	0	0	0	0	0	0	0	0	0	0	0	0	1514	4466	200	3462	0	0	0	0	0	0	0	550	0	1404	0	0	0	0	0	108	0	0	0	0	0	0	0	0	0	0	0	0	0	0	0	0	0	0	0	0	0	0	0	0	0	0	
162712	Frontal_Inf_Orb_L	0	0	7294	0	15006	0	9410	0	17502	0	0	0	8632	0	0	0	0	0	0	0	3538	0	158	0	0	0	2058	0	11250	0	120	0	0	0	0	0	184	0	88	0	1090	0	0	0	0	0	0	0	0	0	0	0	0	0	0	0	0	0	0	0	0	0	0	0	0	0	0	0	0	0	716	0	1060	0	0	0	214	0	0	0	0	0	3036	0	0	0	0	0	0	0	0	0	0	0	0	0	0	0	0	0	0	0	0	0	0	0	0	0	0	0	0	0	0	0	0	0	
134772	Frontal_Inf_Orb_R	0	0	0	8320	0	4582	0	7000	0	5450	0	260	0	9286	0	0	0	0	116	248	222	2568	0	2032	0	408	0	1316	0	12992	0	1490	0	0	0	0	0	0	0	192	0	130	0	0	0	0	0	0	0	0	0	0	0	0	0	334	0	0	0	0	0	0	0	0	0	0	0	0	0	0	264	1494	0	1734	0	0	0	0	0	0	0	1574	0	3612	0	936	0	438	0	388	0	0	0	0	0	0	0	0	0	0	0	0	0	0	0	0	0	0	0	0	0	0	0	0	0	0	
351556	Rolandic_Oper_L	14128	486	16900	1490	0	0	5412	350	0	0	21306	758	4218	534	0	0	0	0	6672	1388	0	0	1192	532	0	0	0	0	27930	504	1572	1324	360	796	196	92	2544	88	392	0	0	0	476	0	0	0	156	0	0	0	1550	0	544	0	1058	0	11098	0	114	0	890	0	5114	0	256	0	226	0	606	0	5642	1432	1900	520	0	128	200	122	5962	0	12724	0	1898	0	5270	0	0	0	5984	0	92	0	0	0	0	314	0	0	0	0	0	0	0	0	0	0	0	0	0	338	0	0	0	0	0	0	
183820	Rolandic_Oper_R	1358	1746	382	6352	0	0	0	1578	0	0	0	7170	0	1826	0	0	0	0	2248	4612	0	0	0	0	0	0	0	0	0	13956	0	0	0	396	0	0	0	3012	0	896	0	0	0	0	0	0	0	108	0	0	0	88	0	202	0	600	0	2230	0	0	0	0	0	3478	0	156	0	92	1212	156	2732	4312	1950	6824	1374	1822	0	156	0	2962	0	10540	0	1044	0	2348	0	0	0	1992	0	0	0	0	0	0	0	0	0	0	0	0	0	0	0	0	0	0	0	0	0	0	0	0	0	0	
806272	Supp_Motor_Area_L	21566	2626	53874	16712	0	0	16180	6676	0	0	9118	3420	1936	2240	0	116	6672	2248	0	49922	0	0	20426	7594	0	0	0	0	8208	2082	8826	14552	18054	37582	1076	798	532	92	214	0	0	0	0	0	0	0	0	0	0	0	0	0	0	0	0	0	4758	96	0	0	494	0	354	0	0	0	0	0	19438	424	17764	7288	17778	3360	8194	2936	2944	684	648	278	1348	364	242	110	0	0	0	0	0	0	0	0	0	0	0	142	0	0	0	0	0	0	0	0	0	0	0	0	0	150	0	0	0	0	0	0	
793380	Supp_Motor_Area_R	10962	11670	14690	52352	0	0	5480	15800	0	0	3610	13932	460	4482	0	248	1388	4612	49922	0	0	136	6924	10792	0	94	0	226	1106	10174	4058	18784	12650	58964	1838	8076	192	690	0	214	0	0	0	0	0	0	0	0	0	0	0	0	0	0	0	118	842	1170	0	0	92	0	0	0	0	0	264	1120	19076	18784	6292	15208	1010	3556	202	372	234	2106	100	0	144	830	150	348	0	0	0	0	0	146	0	0	0	0	0	0	0	0	0	0	0	0	0	0	0	0	0	0	0	0	0	0	0	0	0	0	
121092	Olfactory_L	88	0	1602	516	5074	732	0	0	1816	0	0	0	104	0	3538	222	0	0	0	0	0	6210	132	564	204	526	6292	2292	4876	398	2636	1732	0	0	0	0	92	0	346	0	1408	0	0	0	0	0	0	0	0	0	0	0	0	0	0	0	0	0	0	0	0	0	0	0	0	0	0	0	0	0	9504	4420	3496	946	0	0	250	0	0	0	0	0	530	0	0	0	0	0	0	0	0	0	0	0	0	0	0	0	0	0	0	0	0	0	0	0	0	0	0	0	0	0	0	0	0	0	
156372	Olfactory_R	0	0	0	2116	134	5008	0	432	0	504	0	0	0	0	0	2568	0	0	0	136	6210	0	0	2958	0	3482	3186	8202	206	3856	2696	5644	0	0	0	0	0	214	0	274	0	672	0	0	0	0	0	0	0	0	0	0	0	0	0	232	0	0	0	0	0	0	0	0	0	0	0	0	0	0	9234	10076	5156	3172	796	0	0	0	0	0	0	0	0	886	0	0	0	0	0	136	0	0	0	0	0	0	0	0	0	0	0	0	0	0	0	0	0	0	0	0	0	0	0	0	0	0	
611920	Frontal_Sup_Medial_L	1414	146	59940	15300	3894	902	19244	1546	0	0	4688	150	2546	464	158	0	1192	0	20426	6924	132	0	0	36316	5674	1908	1088	238	3058	438	40584	28988	15034	25152	124	364	0	0	0	0	0	0	0	0	0	0	0	0	0	0	0	0	0	0	0	0	126	0	0	0	0	0	0	0	0	0	0	0	0	0	1726	602	4992	256	0	0	0	0	0	0	110	0	116	0	0	0	0	0	0	0	0	0	0	0	0	0	0	0	0	0	0	0	0	0	0	0	0	0	0	0	0	0	0	0	0	0	
604224	Frontal_Sup_Medial_R	610	128	17776	48800	678	6320	3736	9036	0	514	1872	558	680	2960	0	2032	532	0	7594	10792	564	2958	36316	0	1566	9562	454	5112	732	6082	22048	52636	5300	23952	0	302	0	0	0	0	0	0	0	0	0	0	0	0	0	0	0	0	0	0	0	0	0	0	0	0	0	0	0	0	0	0	0	0	0	0	1346	8800	1776	7818	0	0	0	0	0	0	0	0	0	170	0	0	0	0	0	0	0	0	0	0	0	0	0	0	0	0	0	0	0	0	0	0	0	0	0	0	0	0	0	0	0	0	
68692	Frontal_Med_Orb_L	0	0	3986	166	6066	344	0	0	954	0	0	0	0	0	0	0	0	0	0	0	204	0	5674	1566	0	1994	2906	394	0	0	7530	1634	0	0	0	0	0	0	0	0	0	0	0	0	0	0	0	0	0	0	0	0	0	0	0	0	0	0	0	0	0	0	0	0	0	0	0	0	0	0	200	236	326	166	0	0	0	0	0	0	0	0	0	0	0	0	0	0	0	0	0	0	0	0	0	0	0	0	0	0	0	0	0	0	0	0	0	0	0	0	0	0	0	0	0	0	
123572	Frontal_Med_Orb_R	0	0	650	3324	468	9278	0	0	0	374	0	0	0	0	0	408	0	0	0	94	526	3482	1908	9562	1994	0	558	10134	0	252	3206	10602	0	0	0	0	0	0	0	0	0	0	0	0	0	0	0	0	0	0	0	0	0	0	0	0	0	0	0	0	0	0	0	0	0	0	0	0	0	0	534	2314	282	1836	0	0	0	0	0	0	0	0	0	0	0	0	0	0	0	0	0	0	0	0	0	0	0	0	0	0	0	0	0	0	0	0	0	0	0	0	0	0	0	0	0	0	
96084	Rectus_L	0	0	1208	338	7966	502	0	0	4142	0	0	0	0	0	2058	0	0	0	0	0	6292	3186	1088	454	2906	558	0	1970	500	96	4626	1842	0	0	0	0	0	0	0	0	754	0	0	0	0	0	0	0	0	0	0	0	0	0	0	0	0	0	0	0	0	0	0	0	0	0	0	0	0	0	3682	1770	1410	460	0	0	0	0	0	0	0	0	234	0	0	0	0	0	0	0	0	0	0	0	0	0	0	0	0	0	0	0	0	0	0	0	0	0	0	0	0	0	0	0	0	0	
137560	Rectus_R	0	0	130	2768	204	9772	0	274	0	492	0	0	0	0	0	1316	0	0	0	226	2292	8202	238	5112	394	10134	1970	0	0	1094	3092	8940	0	0	0	0	0	0	0	0	0	0	0	0	0	0	0	0	0	0	0	0	0	0	0	0	0	0	0	0	0	0	0	0	0	0	0	0	0	0	2840	4520	1192	3412	0	0	0	0	0	0	0	0	0	166	0	0	0	0	0	0	0	0	0	0	0	0	0	0	0	0	0	0	0	0	0	0	0	0	0	0	0	0	0	0	0	0	
603704	Insula_L	12774	892	34146	1432	6418	0	15378	392	2906	0	20790	466	19024	422	11250	0	27930	0	8208	1106	4876	206	3058	732	0	0	500	0	0	448	3076	1684	192	648	2970	1370	14414	1130	2674	288	2448	0	1164	0	0	0	926	102	0	0	620	0	202	0	4530	0	2734	96	0	0	310	0	630	0	94	0	2072	0	324	296	8218	1468	21542	508	520	0	3006	1356	8598	0	12154	0	7378	0	8490	0	160	0	6738	0	0	0	0	0	154	1286	216	0	0	0	0	0	0	0	0	0	0	0	98	1614	0	0	0	0	0	0	
405404	Insula_R	230	2226	712	20606	0	1762	114	7128	0	734	638	15600	0	15632	0	12992	504	13956	2082	10174	398	3856	438	6082	0	252	96	1094	448	0	236	7212	110	3274	0	504	0	6216	0	3224	0	2010	0	212	0	0	0	378	0	0	0	0	0	0	0	4090	0	844	0	0	0	0	0	564	0	0	0	428	260	180	1706	8406	354	17794	96	208	0	1140	0	2796	0	6734	0	7344	0	3952	0	452	0	4224	0	0	0	0	0	0	0	0	0	0	0	0	0	0	0	0	0	0	0	0	0	0	0	0	0	0	
540600	Cingulum_Ant_L	2946	594	31400	8032	5142	1342	6390	1356	0	0	7152	416	2452	344	120	0	1572	0	8826	4058	2636	2696	40584	22048	7530	3206	4626	3092	3076	236	0	40914	14400	15632	176	140	0	0	0	0	0	0	0	0	0	0	0	0	0	0	0	0	0	0	0	0	412	0	0	0	0	0	0	0	0	0	0	0	0	0	8882	3202	12526	1704	0	152	0	0	0	0	144	0	144	0	0	0	0	0	0	0	0	0	0	0	0	0	0	0	0	0	0	0	0	0	0	0	0	0	0	0	0	0	0	0	0	0	
790812	Cingulum_Ant_R	1988	602	21038	43286	578	5588	4084	11822	0	94	5664	3946	1410	6018	0	1490	1324	0	14552	18784	1732	5644	28988	52636	1634	10602	1842	8940	1684	7212	40914	0	8784	34420	0	560	0	124	0	0	0	0	0	0	0	0	0	0	0	0	0	0	0	0	0	0	238	0	0	0	0	0	0	0	0	0	0	0	0	0	7596	20216	6028	13120	0	92	0	0	0	0	132	0	0	0	0	0	0	0	0	0	0	0	0	0	0	0	0	0	0	0	0	0	0	0	0	0	0	0	0	0	0	0	0	0	0	0	
300024	Cingulum_Mid_L	890	0	9792	5814	0	0	1778	738	0	0	1150	106	94	0	0	0	360	0	18054	12650	0	0	15034	5300	0	0	0	0	192	110	14400	8784	0	28020	5002	1344	0	0	0	0	0	0	1126	732	630	564	504	0	0	750	290	842	0	0	0	132	0	0	0	0	0	0	0	0	0	0	3746	1772	7704	658	260	134	290	0	162	0	0	0	0	0	0	0	0	0	104	0	0	0	0	0	0	0	0	0	0	0	0	0	0	0	0	0	0	0	0	0	0	0	0	0	0	0	0	0	0	0	
740216	Cingulum_Mid_R	4008	1556	16030	26162	0	0	5406	9190	0	0	2546	4058	390	1970	0	0	796	396	37582	58964	0	0	25152	23952	0	0	0	0	648	3274	15632	34420	28020	0	2324	12944	166	460	0	104	0	0	0	1974	264	2638	0	426	0	2442	0	2448	0	226	0	184	110	1886	0	166	0	0	0	0	0	0	1192	8754	13036	13004	818	2294	408	830	0	0	0	216	0	0	0	0	0	168	0	250	0	0	0	224	0	0	0	0	0	0	0	0	0	0	0	0	0	0	0	0	0	0	0	0	0	0	0	0	0	0	
250376	Cingulum_Post_L	12326	3640	500	142	0	0	412	0	0	0	0	0	0	0	0	0	196	0	1076	1838	0	0	124	0	0	0	0	0	2970	0	176	0	5002	2324	0	11770	11486	4638	2088	994	0	0	6704	0	636	98	6210	0	0	0	282	0	136	0	1030	134	110	0	0	0	0	0	0	0	0	0	11772	1466	8218	3474	340	978	146	0	0	0	6714	8888	3654	0	382	0	0	0	1050	0	0	0	866	0	90	0	0	0	0	0	108	0	0	0	0	0	0	0	0	0	0	0	0	0	0	0	0	0	0	0	
303568	Cingulum_Post_R	6628	7278	638	600	0	0	576	0	0	0	0	0	0	0	0	0	92	0	798	8076	0	0	364	302	0	0	0	0	1370	504	140	560	1344	12944	11770	0	6274	10798	1300	3234	0	0	264	2572	0	1358	820	4908	0	400	0	868	0	266	736	852	0	3292	0	0	0	0	0	98	0	0	2622	13324	1768	12350	292	1272	116	282	0	0	8056	12998	1958	324	162	254	0	0	686	872	0	0	720	722	0	0	0	0	0	0	0	446	0	0	0	0	0	0	0	0	0	0	0	0	536	0	0	0	0	0	
416672	Hippocampus_L	10104	2288	1340	182	0	0	386	0	0	0	220	0	0	0	184	0	2544	0	532	192	92	0	0	0	0	0	0	0	14414	0	0	0	0	166	11486	6274	0	4630	22268	1106	6286	0	5250	0	0	0	9218	462	0	0	722	0	376	0	23060	246	274	0	0	0	126	0	408	0	0	0	9030	574	444	1352	352	176	5922	0	396	0	8050	6216	6040	0	4186	0	952	0	6530	0	192	0	18534	0	966	0	150	0	360	3226	2732	0	1178	0	0	0	0	0	0	0	0	0	308	5634	0	0	0	0	0	0	
437468	Hippocampus_R	2046	8244	170	1712	0	0	0	356	0	0	0	870	0	700	0	0	88	3012	92	690	0	214	0	0	0	0	0	0	1130	6216	0	124	0	460	4638	10798	4630	0	716	39278	0	9980	134	2070	0	0	332	8282	0	0	0	92	0	378	416	29644	0	866	0	0	0	0	0	1952	0	0	1048	8726	236	2052	154	684	90	10988	0	662	3202	9980	1546	1628	136	3264	0	1376	600	5486	0	114	486	20386	0	564	0	0	0	272	0	2992	0	1036	0	0	0	96	0	178	0	0	0	0	422	0	0	0	0	0	
191028	ParaHippocampal_L	446	500	282	0	0	0	0	0	0	0	0	0	0	0	88	0	392	0	214	0	346	0	0	0	0	0	0	0	2674	0	0	0	0	0	2088	1300	22268	716	0	352	2294	0	1286	0	0	0	7422	254	0	0	0	0	130	0	15454	148	0	0	0	0	0	0	0	0	0	0	2378	362	0	152	204	0	1134	0	0	0	1694	1364	260	0	606	0	1072	0	1444	0	804	0	5418	0	2052	0	472	0	520	2530	5694	0	2976	0	314	0	280	0	0	0	0	0	292	4838	0	0	0	0	0	0	
301140	ParaHippocampal_R	458	1392	0	490	0	0	0	102	0	0	0	180	0	142	0	192	0	896	0	214	0	274	0	0	0	0	0	0	288	3224	0	0	0	104	994	3234	1106	39278	352	0	0	7578	0	2060	0	0	220	9012	0	0	0	0	0	478	96	26816	0	270	0	0	0	0	0	914	0	0	342	5196	0	784	0	482	0	4704	0	448	662	4168	378	690	0	1382	0	2446	88	3246	0	1326	114	11338	0	1530	0	118	0	550	0	5602	0	2578	0	0	0	358	0	466	0	0	0	108	212	100	224	288	278	0	
49832	Amygdala_L	276	0	266	0	1148	0	0	0	598	0	0	0	0	0	1090	0	0	0	0	0	1408	0	0	0	0	0	754	0	2448	0	0	0	0	0	0	0	6286	0	2294	0	0	0	0	0	0	0	0	0	0	0	0	0	0	0	2750	0	0	0	0	0	0	0	0	0	0	0	0	0	0	0	356	0	1438	0	0	0	1118	0	110	0	0	0	936	0	110	0	282	0	1248	0	0	0	0	0	0	0	0	0	0	0	0	0	0	0	0	0	0	0	0	0	0	0	0	0	0	0	
73924	Amygdala_R	0	0	0	0	0	0	0	0	0	0	0	0	0	0	0	130	0	0	0	0	0	672	0	0	0	0	0	0	0	2010	0	0	0	0	0	0	0	9980	0	7578	0	0	0	0	0	0	0	0	0	0	0	0	0	0	0	8448	0	0	0	0	0	0	0	0	0	0	0	0	0	0	0	0	0	2446	0	0	0	0	0	0	0	0	0	3246	0	0	0	366	0	2086	0	0	0	0	0	0	0	0	0	0	0	0	0	0	0	0	0	0	0	0	0	0	0	0	0	0	
327852	Calcarine_L	2422	0	104	0	0	0	0	0	0	0	0	0	0	0	0	0	476	0	0	0	0	0	0	0	0	0	0	0	1164	0	0	0	1126	0	6704	264	5250	134	1286	0	0	0	0	6664	8214	3528	23584	2662	6688	1434	26894	660	7038	198	6224	514	1444	0	2262	0	232	0	98	0	150	0	20056	754	3846	0	0	0	0	0	0	0	450	198	1668	0	556	0	0	0	7514	0	0	0	6832	0	2804	0	0	0	0	0	196	0	1510	0	0	0	0	0	0	0	0	0	0	0	124	0	0	0	0	0	
328544	Calcarine_R	0	528	0	0	0	0	0	0	0	0	0	0	0	0	0	0	0	0	0	0	0	0	0	0	0	0	0	0	0	212	0	0	732	1974	0	2572	0	2070	0	2060	0	0	6664	0	7270	23298	1812	23626	276	17330	160	19386	0	8328	0	7124	0	1648	0	512	0	0	0	0	0	116	1594	24016	0	2194	0	0	0	0	0	0	0	0	0	0	0	0	0	0	0	3460	0	0	0	4170	0	372	0	0	0	0	0	94	0	542	0	0	0	0	0	0	0	0	0	0	132	0	0	0	0	0	
135144	Cuneus_L	0	0	0	0	0	0	0	0	0	0	0	0	0	0	0	0	0	0	0	0	0	0	0	0	0	0	0	0	0	0	0	0	630	264	636	0	0	0	0	0	0	0	8214	7270	0	9390	1360	260	8678	5492	6526	2540	806	0	192	0	144	0	1126	322	98	0	0	0	0	0	7830	2236	994	0	0	0	0	0	0	0	0	0	114	0	0	0	0	0	1426	0	0	0	1024	0	0	0	0	0	0	0	0	0	0	0	0	0	0	0	0	0	0	0	0	0	0	0	0	0	0	0	
303860	Cuneus_R	0	0	0	0	0	0	0	0	0	0	0	0	0	0	0	0	0	0	0	0	0	0	0	0	0	0	0	0	0	0	0	0	564	2638	98	1358	0	0	0	0	0	0	3528	23298	9390	0	338	4344	330	37334	116	21982	0	1106	0	878	0	286	0	7378	0	0	0	0	0	366	5362	29098	0	752	0	0	0	0	0	0	0	0	0	0	0	0	0	0	0	678	0	0	0	296	0	176	0	0	0	0	0	0	0	236	0	0	0	0	0	0	0	0	0	0	0	0	0	0	0	0	
330320	Lingual_L	2404	342	98	0	0	0	0	0	0	0	0	0	0	0	0	0	156	0	0	0	0	0	0	0	0	0	0	0	926	0	0	0	504	0	6210	820	9218	332	7422	220	0	0	23584	1812	1360	338	0	3100	1118	142	13002	198	8604	88	21164	486	292	0	224	0	0	0	0	0	0	0	12034	338	1160	112	0	0	114	0	0	0	1210	874	1374	0	328	0	0	0	1516	0	0	0	2638	0	10906	622	830	116	390	186	6922	614	12726	990	94	0	314	90	162	0	0	0	0	526	1946	1618	246	0	0	0	
397840	Lingual_R	0	1114	0	118	0	0	0	0	0	0	0	0	0	0	0	0	0	108	0	0	0	0	0	0	0	0	0	0	102	378	0	0	0	426	0	4908	462	8282	254	9012	0	0	2662	23626	260	4344	3100	0	0	4482	0	7392	0	7796	662	21092	0	912	0	0	0	0	0	302	0	98	222	16650	0	1432	0	156	118	0	0	0	0	778	0	150	0	310	0	0	0	4016	0	0	150	4914	3564	12636	886	494	428	764	2010	6370	5638	16204	134	0	718	882	584	314	0	0	288	730	4630	8160	1780	410	352	156	
107588	Occipital_Sup_L	0	0	0	0	0	0	0	0	0	0	0	0	0	0	0	0	0	0	0	0	0	0	0	0	0	0	0	0	0	0	0	0	0	0	0	0	0	0	0	0	0	0	6688	276	8678	330	1118	0	0	126	18004	0	366	0	282	0	0	0	7696	0	1440	0	0	0	128	0	8098	0	130	0	0	0	0	0	0	0	0	0	0	0	0	0	0	0	278	0	0	0	156	0	0	0	0	0	0	0	0	0	0	0	0	0	0	0	0	0	0	0	0	0	0	0	0	0	0	0	
301364	Occipital_Sup_R	0	454	0	0	0	0	0	0	0	0	0	0	0	0	0	0	0	0	0	0	0	0	0	0	0	0	0	0	0	0	0	0	750	2442	0	400	0	0	0	0	0	0	1434	17330	5492	37334	142	4482	126	0	0	28528	0	854	0	596	0	1418	0	10448	0	1212	0	564	0	2284	3284	25696	0	2690	0	0	0	0	0	0	0	0	0	0	0	354	0	0	0	1482	0	0	0	334	0	234	0	0	0	0	0	0	0	318	0	0	0	0	0	0	0	0	0	0	0	0	0	0	0	0	
378376	Occipital_Mid_L	908	0	0	0	0	0	0	0	0	0	0	0	0	0	0	0	1550	0	0	0	0	0	0	0	0	0	0	0	620	0	0	0	290	0	282	0	722	0	0	0	0	0	26894	160	6526	116	13002	0	18004	0	0	0	17334	0	4848	0	5062	0	14426	0	15270	0	618	0	9120	0	11818	0	7122	0	0	114	0	0	0	0	102	0	424	0	1364	0	0	0	21838	0	0	0	10094	0	272	0	0	0	0	0	94	0	194	0	0	0	0	0	0	0	0	0	0	0	0	0	0	0	0	0	
330752	Occipital_Mid_R	0	520	0	0	0	0	0	0	0	0	0	0	0	0	0	0	0	88	0	0	0	0	0	0	0	0	0	0	0	0	0	0	842	2448	0	868	0	92	0	0	0	0	660	19386	2540	21982	198	7392	0	28528	0	0	0	9894	0	4330	0	2626	0	4194	0	3516	0	586	0	10312	2584	23810	0	3614	0	0	0	0	0	0	0	0	0	0	0	818	0	0	0	11234	0	0	0	1414	0	246	0	0	0	0	0	0	0	654	0	0	0	0	0	0	0	0	0	0	0	0	0	0	0	0	
134436	Occipital_Inf_L	238	0	0	0	0	0	0	0	0	0	0	0	0	0	0	0	544	0	0	0	0	0	0	0	0	0	0	0	202	0	0	0	0	0	136	0	376	0	130	0	0	0	7038	0	806	0	8604	0	366	0	17334	0	0	0	7802	0	604	0	100	0	300	0	154	0	88	0	2058	0	1758	0	0	0	0	0	0	0	0	0	266	0	318	0	0	0	5212	0	0	0	9900	0	2166	0	0	0	0	0	176	0	542	0	0	0	0	0	0	0	0	0	0	0	0	0	0	0	0	0	
124588	Occipital_Inf_R	0	156	0	0	0	0	0	0	0	0	0	0	0	0	0	0	0	202	0	0	0	0	0	0	0	0	0	0	0	0	0	0	0	226	0	266	0	378	0	478	0	0	198	8328	0	1106	88	7796	0	854	0	9894	0	0	0	9434	0	1650	0	416	0	646	0	542	0	750	0	3992	0	1278	0	0	0	0	0	0	0	0	0	0	0	324	0	0	0	4276	0	0	0	7090	0	1012	0	0	0	0	0	0	0	914	0	0	0	0	0	0	0	0	0	0	0	0	0	0	0	0	
439316	Fusiform_L	1284	270	200	0	0	0	0	0	0	0	0	0	0	0	0	0	1058	0	0	0	0	0	0	0	0	0	0	0	4530	0	0	0	0	0	1030	736	23060	416	15454	96	2750	0	6224	0	192	0	21164	662	282	0	4848	0	7802	0	0	0	92	0	0	0	170	0	830	0	0	0	3770	0	1328	146	90	0	2522	0	0	0	1170	724	680	0	2732	0	2102	0	3566	0	2100	0	23032	0	25094	438	5014	0	220	816	15120	448	26534	636	1544	0	2136	0	204	0	178	0	100	1422	1396	992	138	0	0	116	
425268	Fusiform_R	88	724	0	428	0	96	0	128	0	0	0	244	0	224	0	334	0	600	0	118	0	232	0	0	0	0	0	0	0	4090	0	0	132	184	134	852	246	29644	148	26816	0	8448	514	7124	0	878	486	21092	0	596	0	4330	0	9434	0	0	0	502	0	100	0	178	0	616	0	228	128	4280	0	720	0	302	0	6094	0	344	0	1742	0	332	0	1636	0	6424	0	5970	0	3192	0	21384	380	12154	0	570	0	516	278	7182	652	14706	0	0	238	300	196	0	0	0	0	106	1016	1362	442	0	0	0	
271680	Postcentral_L	27874	1550	8800	1362	0	0	3962	1046	0	0	5444	0	1440	0	0	0	11098	0	4758	842	0	0	126	0	0	0	0	0	2734	0	412	238	0	110	110	0	274	0	0	0	0	0	1444	0	144	0	292	0	0	0	5062	0	604	0	92	0	0	0	2860	0	16074	0	11264	0	350	0	1520	0	6992	202	1626	1426	598	92	158	104	126	0	1092	0	5520	0	0	0	4744	0	0	0	1070	0	0	0	0	0	0	94	0	0	0	0	0	0	0	0	0	0	0	0	0	110	0	0	0	0	0	0	
160308	Postcentral_R	158	16046	0	834	0	0	0	536	0	0	0	1754	0	272	0	0	0	2230	96	1170	0	0	0	0	0	0	0	0	96	844	0	0	0	1886	0	3292	0	866	0	270	0	0	0	1648	0	286	0	912	0	1418	0	2626	0	1650	0	502	0	0	0	2308	0	3288	0	8172	0	638	0	4482	0	13072	600	486	266	276	148	220	230	356	0	122	0	1128	0	0	0	2758	0	0	0	2062	0	150	0	0	0	0	0	0	0	0	0	0	0	0	0	0	0	0	0	0	0	0	0	0	0	0	
114304	Parietal_Sup_L	104	0	0	0	0	0	0	0	0	0	0	0	0	0	0	0	114	0	0	0	0	0	0	0	0	0	0	0	0	0	0	0	0	0	0	0	0	0	0	0	0	0	2262	0	1126	0	224	0	7696	0	14426	0	100	0	0	0	2860	0	0	0	13000	0	318	0	3244	0	8722	0	1094	0	0	0	0	0	0	0	0	0	0	0	246	0	0	0	1184	0	0	0	432	0	0	0	0	0	0	0	0	0	0	0	0	0	0	0	0	0	0	0	0	0	0	0	0	0	0	0	
110732	Parietal_Sup_R	0	0	0	0	0	0	0	0	0	0	0	0	0	0	0	0	0	0	0	0	0	0	0	0	0	0	0	0	0	0	0	0	0	166	0	0	0	0	0	0	0	0	0	512	322	7378	0	0	0	10448	0	4194	0	416	0	100	0	2308	0	0	0	6480	0	1422	0	5848	380	11518	0	1522	0	0	0	0	0	0	0	0	0	0	0	236	0	0	0	1466	0	0	0	650	0	0	0	0	0	0	0	0	0	0	0	0	0	0	0	0	0	0	0	0	0	0	0	0	0	0	
217368	Parietal_Inf_L	1998	142	586	0	0	0	0	110	0	0	0	0	0	0	0	0	890	0	494	92	0	0	0	0	0	0	0	0	310	0	0	0	0	0	0	0	126	0	0	0	0	0	232	0	98	0	0	0	1440	0	15270	0	300	0	170	0	16074	0	13000	0	0	0	17846	0	18954	0	1152	0	1390	0	0	96	262	0	100	0	0	0	102	0	3416	0	0	0	11356	0	0	0	2678	0	0	0	0	0	0	0	0	0	0	0	0	0	0	0	0	0	0	0	0	0	0	0	0	0	0	0	
116856	Parietal_Inf_R	0	370	0	0	0	0	0	0	0	0	0	0	0	0	0	0	0	0	0	0	0	0	0	0	0	0	0	0	0	0	0	0	0	0	0	0	0	0	0	0	0	0	0	0	0	0	0	0	0	1212	0	3516	0	646	0	178	0	3288	0	6480	0	0	0	10792	0	18352	0	222	0	328	0	0	0	0	0	0	0	0	0	0	0	2690	0	0	0	8192	0	0	0	2162	0	0	0	0	0	0	0	0	0	0	0	0	0	0	0	0	0	0	0	0	0	0	0	0	0	0	
134716	SupraMarginal_L	3148	0	1736	0	0	0	0	0	0	0	0	0	0	0	0	0	5114	0	354	0	0	0	0	0	0	0	0	0	630	0	0	0	0	0	0	0	408	0	0	0	0	0	98	0	0	0	0	0	0	0	618	0	154	0	830	0	11264	0	318	0	17846	0	0	0	4278	0	0	0	1336	0	0	0	0	0	0	0	0	0	94	0	9686	0	0	0	7840	0	0	0	1606	0	0	0	0	0	0	0	0	0	0	0	0	0	0	0	0	0	0	0	0	0	0	0	0	0	0	0	
127064	SupraMarginal_R	0	2066	0	0	0	0	0	0	0	0	0	0	0	0	0	0	0	3478	0	0	0	0	0	0	0	0	0	0	0	564	0	0	0	0	0	98	0	1952	0	914	0	0	0	0	0	0	0	302	0	564	0	586	0	542	0	616	0	8172	0	1422	0	10792	0	0	0	6882	0	238	0	890	442	214	210	816	136	258	0	0	0	268	0	8938	0	0	0	7178	0	0	0	4994	0	0	0	0	0	0	0	0	0	0	0	0	0	0	0	0	0	0	0	0	0	0	0	0	0	0	
97296	Angular_L	0	0	0	0	0	0	0	0	0	0	0	0	0	0	0	0	256	0	0	0	0	0	0	0	0	0	0	0	94	0	0	0	0	0	0	0	0	0	0	0	0	0	150	0	0	0	0	0	128	0	9120	0	88	0	0	0	350	0	3244	0	18954	0	4278	0	0	0	100	0	178	0	0	0	0	0	0	0	0	0	0	0	1450	0	0	0	8736	0	0	0	1522	0	0	0	0	0	0	0	0	0	0	0	0	0	0	0	0	0	0	0	0	0	0	0	0	0	0	0	
136524	Angular_R	0	98	0	0	0	0	0	0	0	0	0	0	0	0	0	0	0	156	0	0	0	0	0	0	0	0	0	0	0	0	0	0	0	0	0	0	0	0	0	0	0	0	0	116	0	366	0	98	0	2284	0	10312	0	750	0	228	0	638	0	5848	0	18352	0	6882	0	0	0	732	0	494	0	0	0	0	0	0	0	0	0	0	0	4682	0	0	0	13656	0	0	0	2570	0	0	0	0	0	0	0	0	0	0	0	0	0	0	0	0	0	0	0	0	0	0	0	0	0	0	
314232	Precuneus_L	4644	422	180	0	0	0	0	0	0	0	0	0	0	0	0	0	226	0	0	264	0	0	0	0	0	0	0	0	2072	0	0	0	3746	1192	11772	2622	9030	1048	2378	342	0	0	20056	1594	7830	5362	12034	222	8098	3284	11818	2584	2058	0	3770	128	1520	0	8722	380	1152	0	0	0	100	0	0	8376	4406	634	144	0	0	0	0	0	1176	1310	2390	0	402	0	0	0	2742	0	0	0	4246	0	356	0	0	0	0	0	284	0	0	0	0	0	0	0	0	0	0	0	0	0	0	0	0	0	0	0	
453112	Precuneus_R	0	2538	0	214	0	0	0	0	0	0	0	0	0	0	0	0	0	92	0	1120	0	0	0	0	0	0	0	0	0	428	0	0	1772	8754	1466	13324	574	8726	362	5196	0	0	754	24016	2236	29098	338	16650	0	25696	0	23810	0	3992	0	4280	0	4482	0	11518	0	222	0	238	0	732	8376	0	0	11294	0	0	0	0	0	0	168	1482	0	204	0	272	0	0	0	5426	0	0	0	4648	0	124	0	0	0	0	0	866	0	106	0	0	0	0	0	0	0	0	0	0	962	0	0	0	0	0	
361328	Paracentral_Lobule_L	23350	4380	2432	2098	0	0	110	166	0	0	0	118	0	0	0	0	606	1212	19438	19076	0	0	0	0	0	0	0	0	324	260	0	0	7704	13036	8218	1768	444	236	0	0	0	0	3846	0	994	0	1160	0	130	0	7122	0	1758	0	1328	0	6992	0	1094	0	1390	0	1336	0	178	0	4406	0	0	8054	4008	3482	5486	1676	6690	2042	1834	604	308	242	734	0	0	0	6038	0	0	0	2624	0	132	0	0	0	0	0	0	0	0	0	0	0	0	0	0	0	0	0	0	0	0	0	0	0	0	0	
324008	Paracentral_Lobule_R	6920	22396	388	286	0	0	502	0	0	0	0	0	0	0	0	0	0	156	424	18784	0	0	0	0	0	0	0	0	296	180	0	0	658	13004	3474	12350	1352	2052	152	784	0	0	0	2194	0	752	112	1432	0	2690	0	3614	0	1278	146	720	202	13072	0	1522	0	328	0	890	0	494	634	11294	8054	0	474	6896	90	156	0	0	3372	10964	254	0	0	384	0	0	0	3890	0	0	166	1772	0	0	0	0	0	0	0	0	0	0	0	0	0	0	0	0	0	0	0	0	0	0	0	0	0	0	
570924	Caudate_L	14630	3574	16140	9634	1568	658	6240	3540	300	0	9290	2200	988	1514	716	264	5642	2732	17764	6292	9504	9234	1726	1346	200	534	3682	2840	8218	1706	8882	7596	260	818	340	292	352	154	204	0	356	0	0	0	0	0	0	0	0	0	0	0	0	0	90	0	1626	600	0	0	0	0	0	442	0	0	144	0	4008	474	0	33382	33892	13914	9594	8600	8960	4952	218	420	598	578	948	0	0	0	0	0	92	0	0	0	0	0	0	0	0	0	0	0	0	0	0	0	0	0	0	0	0	0	0	0	0	0	0	0	
609084	Caudate_R	7704	14088	5216	24234	160	2568	1720	4680	0	188	1674	4006	146	4466	0	1494	1432	4312	7288	15208	4420	10076	602	8800	236	2314	1770	4520	1468	8406	3202	20216	134	2294	978	1272	176	684	0	482	0	0	0	0	0	0	0	156	0	0	114	0	0	0	0	302	1426	486	0	0	96	0	0	214	0	0	0	0	3482	6896	33382	0	20068	25760	7252	9832	2896	17342	0	564	102	788	344	296	0	0	0	0	0	110	0	0	0	0	0	0	0	0	0	0	0	0	0	0	0	0	0	0	0	0	0	0	0	0	0	0	
488316	Putamen_L	11372	1230	20704	2184	1954	204	2910	546	380	0	3256	160	2300	200	1060	0	1900	1950	17778	1010	3496	5156	4992	1776	326	282	1410	1192	21542	354	12526	6028	290	408	146	116	5922	90	1134	0	1438	0	0	0	0	0	114	118	0	0	0	0	0	0	2522	0	598	266	0	0	262	0	0	210	0	0	0	0	5486	90	33892	20068	0	9480	12824	7664	3192	646	352	314	606	452	920	0	280	0	0	0	2664	0	0	0	0	0	0	426	150	0	0	0	0	0	0	0	0	0	0	0	100	740	0	0	0	0	0	0	
392924	Putamen_R	2162	1838	1964	12318	0	2398	418	4012	0	162	656	4312	0	3462	0	1734	520	6824	3360	3556	946	3172	256	7818	166	1836	460	3412	508	17794	1704	13120	0	830	0	282	0	10988	0	4704	0	2446	0	0	0	0	0	0	0	0	0	0	0	0	0	6094	92	276	0	0	0	0	0	816	0	0	0	0	1676	156	13914	25760	9480	0	2816	5160	0	2454	0	980	0	1500	158	1860	0	472	0	94	0	2566	0	0	0	0	0	0	0	0	0	0	0	0	0	0	0	0	0	0	0	0	0	0	0	0	0	0	
144852	Pallidum_L	7972	302	2578	616	0	0	908	146	0	0	0	0	98	0	0	0	0	1374	8194	202	0	796	0	0	0	0	0	0	520	96	0	0	162	0	0	0	396	0	0	0	0	0	0	0	0	0	0	0	0	0	0	0	0	0	0	0	158	148	0	0	100	0	0	136	0	0	0	0	6690	0	9594	7252	12824	2816	0	5366	1998	384	180	272	0	148	0	0	0	0	0	0	0	0	0	0	0	0	0	0	0	0	0	0	0	0	0	0	0	0	0	0	0	0	0	0	0	0	0	0	
112108	Pallidum_R	2722	852	2006	1506	0	0	486	520	0	0	0	288	0	0	0	0	128	1822	2936	372	0	0	0	0	0	0	0	0	0	208	152	92	0	0	0	0	0	662	0	448	0	0	0	0	0	0	0	0	0	0	0	0	0	0	0	344	104	220	0	0	0	0	0	258	0	0	0	0	2042	0	8600	9832	7664	5160	5366	0	96	540	0	298	0	330	0	0	0	0	0	0	0	0	0	0	0	0	0	0	0	0	0	0	0	0	0	0	0	0	0	0	0	0	0	0	0	0	0	0	
228136	Thalamus_L	18184	5290	2484	140	152	0	2114	646	0	0	0	0	0	0	214	0	200	0	2944	234	250	0	0	0	0	0	0	0	3006	0	0	0	0	0	6714	8056	8050	3202	1694	662	1118	0	450	0	0	0	1210	0	0	0	102	0	0	0	1170	0	126	230	0	0	0	0	0	0	0	0	1176	168	1834	3372	8960	2896	3192	0	1998	96	0	16566	1696	0	486	0	236	0	1018	0	0	0	1498	0	0	0	0	0	0	0	110	0	0	0	0	0	0	0	0	0	0	0	0	124	0	0	0	0	0	0	
318428	Thalamus_R	7430	24808	908	8178	0	0	1094	208	0	0	0	312	0	0	0	0	122	156	684	2106	0	0	0	0	0	0	0	0	1356	1140	0	0	0	216	8888	12998	6216	9980	1364	4168	0	0	198	0	0	0	874	778	0	0	0	0	0	0	724	1742	0	356	0	0	0	0	0	0	0	0	1310	1482	604	10964	4952	17342	646	2454	384	540	16566	0	1914	238	164	182	0	0	684	204	0	0	722	416	0	0	0	0	0	0	0	128	0	0	0	0	0	0	0	0	0	0	0	142	172	0	0	0	0	0	
125696	Heschl_L	4742	510	1086	0	0	0	140	0	0	0	356	0	0	0	0	0	5962	0	648	100	0	0	0	0	0	0	0	0	8598	0	0	0	0	0	3654	1958	6040	1546	260	378	110	0	1668	0	114	0	1374	0	0	0	424	0	266	0	680	0	1092	0	0	0	102	0	94	0	0	0	2390	0	308	254	218	0	352	0	180	0	1696	1914	0	0	4122	0	208	0	3772	0	0	0	5532	0	0	0	0	0	0	0	0	0	0	0	0	0	0	0	0	0	0	0	0	0	0	0	0	0	0	0	
45244	Heschl_R	268	178	0	0	0	0	0	0	0	0	0	424	0	0	0	0	0	2962	278	0	0	0	0	0	0	0	0	0	0	2796	0	0	0	0	0	324	0	1628	0	690	0	0	0	0	0	0	0	150	0	0	0	0	0	0	0	332	0	122	0	0	0	0	0	268	0	0	0	204	242	0	420	564	314	980	272	298	0	238	0	0	0	4636	0	432	0	2128	0	0	0	1474	0	0	0	0	0	0	0	0	0	0	0	0	0	0	0	0	0	0	0	0	0	0	0	0	0	0	
249436	Temporal_Sup_L	3676	0	2928	112	0	0	480	0	0	0	2750	0	650	0	0	0	12724	0	1348	144	0	0	110	0	0	0	0	0	12154	0	144	132	0	0	382	162	4186	136	606	0	0	0	556	0	0	0	328	0	0	0	1364	0	318	0	2732	0	5520	0	246	0	3416	0	9686	0	1450	0	402	0	734	0	598	102	606	0	0	0	486	164	4122	0	0	0	7662	0	28910	0	0	0	11992	0	0	0	0	0	0	180	0	0	0	0	0	0	0	0	0	0	0	0	0	320	0	0	0	0	0	0	
192192	Temporal_Sup_R	156	340	164	972	0	0	0	194	0	0	0	1992	0	550	0	1574	0	10540	364	830	0	0	0	0	0	0	0	0	0	6734	0	0	0	0	0	254	0	3264	0	1382	0	0	0	0	0	0	0	310	0	354	0	818	0	324	0	1636	0	1128	0	236	0	2690	0	8938	0	4682	0	272	0	384	578	788	452	1500	148	330	0	182	0	4636	0	0	0	4854	0	23180	0	252	0	8114	0	0	0	0	0	0	0	0	0	0	0	0	0	0	0	0	0	0	0	0	0	0	0	0	0	0	
119760	Temporal_Pole_Sup_L	112	0	542	178	804	0	526	0	836	0	1844	0	1064	0	3036	0	1898	0	242	150	530	0	116	0	0	0	234	0	7378	0	144	0	0	0	0	0	952	0	1072	0	936	0	0	0	0	0	0	0	0	0	0	0	0	0	2102	0	0	0	0	0	0	0	0	0	0	0	0	0	0	0	948	344	920	158	0	0	236	0	208	0	7662	0	0	0	13380	0	4836	0	6492	0	0	0	0	0	0	0	0	0	0	0	0	0	0	0	0	0	0	0	0	0	0	0	0	0	0	0	
106232	Temporal_Pole_Sup_R	0	0	0	452	0	234	0	278	0	0	0	1552	0	1404	0	3612	0	1044	110	348	0	886	0	170	0	0	0	166	0	7344	0	0	0	168	0	0	0	1376	0	2446	0	3246	0	0	0	0	0	0	0	0	0	0	0	0	0	6424	0	0	0	0	0	0	0	0	0	0	0	0	0	0	0	296	0	1860	0	0	0	0	0	432	0	4854	0	0	0	3396	0	5136	0	5882	0	0	0	0	0	0	0	0	0	0	0	0	0	0	0	0	0	0	0	0	0	0	0	0	0	0	
405196	Temporal_Mid_L	1600	244	254	0	0	0	0	0	0	0	0	0	0	0	0	0	5270	0	0	0	0	0	0	0	0	0	0	0	8490	0	0	0	104	0	1050	686	6530	600	1444	88	110	0	7514	0	1426	0	1516	0	278	0	21838	0	5212	0	3566	0	4744	0	1184	0	11356	0	7840	0	8736	0	2742	0	6038	0	0	0	280	0	0	0	1018	684	3772	0	28910	0	13380	0	0	0	3516	0	38216	0	166	0	0	0	0	406	220	0	136	0	0	0	0	0	0	0	0	0	106	1328	0	0	0	0	0	0	
302748	Temporal_Mid_R	0	808	0	94	0	0	0	0	0	0	0	0	0	0	0	936	0	2348	0	0	0	0	0	0	0	0	0	0	0	3952	0	0	0	250	0	872	0	5486	0	3246	0	0	0	3460	0	678	0	4016	0	1482	0	11234	0	4276	0	5970	0	2758	0	1466	0	8192	0	7178	0	13656	0	5426	0	3890	0	0	0	472	0	0	0	204	0	2128	0	23180	0	3396	0	0	0	974	0	29154	0	192	0	0	0	0	0	0	0	0	0	0	0	0	0	0	0	0	0	0	0	0	0	0	0	0	
30888	Temporal_Pole_Mid_L	0	0	0	0	0	0	0	0	0	0	0	0	0	0	0	0	0	0	0	0	0	0	0	0	0	0	0	0	160	0	0	0	0	0	0	0	192	0	804	0	282	0	0	0	0	0	0	0	0	0	0	0	0	0	2100	0	0	0	0	0	0	0	0	0	0	0	0	0	0	0	0	0	0	0	0	0	0	0	0	0	0	0	4836	0	3516	0	0	0	3554	0	0	0	0	0	0	0	0	0	0	0	0	0	0	0	0	0	0	0	0	0	0	0	0	0	0	0	
27472	Temporal_Pole_Mid_R	0	0	0	0	0	0	0	0	0	0	0	0	0	0	0	438	0	0	0	0	0	0	0	0	0	0	0	0	0	452	0	0	0	0	0	0	0	114	0	1326	0	366	0	0	0	0	0	0	0	0	0	0	0	0	0	3192	0	0	0	0	0	0	0	0	0	0	0	0	0	0	0	0	0	94	0	0	0	0	0	0	0	252	0	5136	0	974	0	0	0	1392	0	0	0	0	0	0	0	0	0	0	0	0	0	0	0	0	0	0	0	0	0	0	0	0	0	0	
383580	Temporal_Inf_L	1720	298	222	0	0	0	88	0	0	0	0	0	0	0	0	0	5984	0	0	0	0	0	0	0	0	0	0	0	6738	0	0	0	0	0	866	720	18534	486	5418	114	1248	0	6832	0	1024	0	2638	150	156	0	10094	0	9900	0	23032	0	1070	0	432	0	2678	0	1606	0	1522	0	4246	0	2624	166	92	0	2664	0	0	0	1498	722	5532	0	11992	0	6492	0	38216	0	3554	0	0	0	3486	0	732	0	0	878	1554	0	1476	0	180	0	212	0	0	0	0	0	90	1814	0	0	0	0	0	0	
303300	Temporal_Inf_R	0	1032	0	166	0	0	0	0	0	0	0	0	0	108	0	388	0	1992	0	146	0	136	0	0	0	0	0	0	0	4224	0	0	0	224	0	722	0	20386	0	11338	0	2086	0	4170	0	296	0	4914	0	334	0	1414	0	7090	0	21384	0	2062	0	650	0	2162	0	4994	0	2570	0	4648	0	1772	0	110	0	2566	0	0	0	416	0	1474	0	8114	0	5882	0	29154	0	1392	0	0	0	1134	0	0	0	0	0	0	0	0	0	0	0	0	0	0	0	0	0	0	0	0	0	0	0	0	
531992	Cerebelum_Crus1_L	0	0	0	0	0	0	0	0	0	0	0	0	0	0	0	0	92	0	0	0	0	0	0	0	0	0	0	0	0	0	0	0	0	0	90	0	966	0	2052	0	0	0	2804	0	0	0	10906	3564	0	0	272	0	2166	0	25094	380	0	0	0	0	0	0	0	0	0	0	356	0	132	0	0	0	0	0	0	0	0	0	0	0	0	0	0	0	166	0	0	0	3486	0	0	5678	36212	1708	2932	982	25112	4302	58386	7328	11620	0	19136	2284	5370	862	1058	0	1330	2812	9684	9070	4556	1258	1052	738	
494240	Cerebelum_Crus1_R	0	0	0	0	0	0	0	0	0	0	0	0	0	0	0	0	0	0	0	0	0	0	0	0	0	0	0	0	0	0	0	0	0	0	0	0	0	564	0	1530	0	0	0	372	0	176	622	12636	0	234	0	246	0	1012	438	12154	0	150	0	0	0	0	0	0	0	0	0	124	0	0	0	0	0	0	0	0	0	0	0	0	0	0	0	0	0	192	0	0	0	1134	5678	0	3130	26728	1202	5938	6484	25386	7928	62574	440	4054	2042	15842	1746	2710	104	1584	954	3580	12534	12254	8138	2048	2064	394	
348040	Cerebelum_Crus2_L	0	0	0	0	0	0	0	0	0	0	0	0	0	0	0	0	0	0	0	0	0	0	0	0	0	0	0	0	0	0	0	0	0	0	0	0	150	0	472	0	0	0	0	0	0	0	830	886	0	0	0	0	0	0	5014	0	0	0	0	0	0	0	0	0	0	0	0	0	0	0	0	0	0	0	0	0	0	0	0	0	0	0	0	0	0	0	0	0	732	0	36212	3130	0	6064	932	216	6160	968	18772	2538	32746	2372	32944	3152	4076	250	1918	0	228	642	1762	2886	5456	2094	328	90	
247492	Cerebelum_Crus2_R	0	0	0	0	0	0	0	0	0	0	0	0	0	0	0	0	0	0	0	0	0	0	0	0	0	0	0	0	0	0	0	0	0	0	0	0	0	0	0	118	0	0	0	0	0	0	116	494	0	0	0	0	0	0	0	570	0	0	0	0	0	0	0	0	0	0	0	0	0	0	0	0	0	0	0	0	0	0	0	0	0	0	0	0	0	0	0	0	0	0	1708	26728	6064	0	672	534	916	1892	1594	9190	264	15672	2304	28712	1594	2864	0	1658	418	856	888	3246	9684	3500	1264	226	
99040	Cerebelum_3_L	0	0	0	0	0	0	0	0	0	0	0	0	0	0	0	0	0	0	0	0	0	0	0	0	0	0	0	0	154	0	0	0	0	0	0	0	360	0	520	0	0	0	0	0	0	0	390	428	0	0	0	0	0	0	220	0	0	0	0	0	0	0	0	0	0	0	0	0	0	0	0	0	0	0	0	0	0	0	0	0	0	0	0	0	0	0	0	0	0	0	2932	1202	932	672	0	968	9710	662	3030	1642	310	0	1992	1066	3660	680	152	0	2542	5456	2948	2202	2252	770	818	850	
131772	Cerebelum_3_R	106	0	184	0	0	0	0	0	0	0	0	0	0	0	0	0	314	0	142	0	0	0	0	0	0	0	0	0	1286	0	0	0	0	0	0	0	3226	272	2530	550	0	0	0	0	0	0	186	764	0	0	0	0	0	0	816	516	94	0	0	0	0	0	0	0	0	0	0	0	0	0	0	0	426	0	0	0	0	0	0	0	180	0	0	0	406	0	0	0	878	0	982	5938	216	534	968	0	2210	6792	1056	8718	96	0	672	2174	774	1988	0	100	1776	9648	2412	820	1630	1658	1572	276	
407792	Cerebelum_4_5_L	0	0	0	0	0	0	0	0	0	0	0	0	0	0	0	0	0	0	0	0	0	0	0	0	0	0	0	0	216	0	0	0	0	0	108	0	2732	0	5694	0	0	0	196	0	0	0	6922	2010	0	0	94	0	176	0	15120	278	0	0	0	0	0	0	0	0	0	0	284	0	0	0	0	0	150	0	0	0	110	0	0	0	0	0	0	0	220	0	0	0	1554	0	25112	6484	6160	916	9710	2210	0	6690	36582	9048	3408	0	9810	1658	7460	1538	1052	0	2506	6602	17660	5812	3252	1132	1338	1892	
301424	Cerebelum_4_5_R	0	0	0	0	0	0	0	0	0	0	0	0	0	0	0	0	0	0	0	0	0	0	0	0	0	0	0	0	0	0	0	0	0	0	0	446	0	2992	0	5602	0	0	0	94	0	0	614	6370	0	0	0	0	0	0	448	7182	0	0	0	0	0	0	0	0	0	0	0	866	0	0	0	0	0	0	0	0	0	128	0	0	0	0	0	0	0	0	0	0	0	0	4302	25386	968	1892	662	6792	6690	0	6270	37170	494	136	1636	2788	1172	2318	126	208	560	2460	15930	3320	1554	1446	1510	180	
522968	Cerebelum_6_L	0	0	0	0	0	0	0	0	0	0	0	0	0	0	0	0	0	0	0	0	0	0	0	0	0	0	0	0	0	0	0	0	0	0	0	0	1178	0	2976	0	0	0	1510	0	0	0	12726	5638	0	0	194	0	542	0	26534	652	0	0	0	0	0	0	0	0	0	0	0	0	0	0	0	0	0	0	0	0	0	0	0	0	0	0	0	0	136	0	0	0	1476	0	58386	7928	18772	1594	3030	1056	36582	6270	0	10824	7854	0	11596	2012	4438	774	926	0	1176	2668	13934	12132	3394	834	918	824	
509488	Cerebelum_6_R	0	0	0	0	0	0	0	0	0	0	0	0	0	0	0	0	0	0	0	0	0	0	0	0	0	0	0	0	0	0	0	0	0	0	0	0	0	1036	0	2578	0	0	0	542	0	236	990	16204	0	318	0	654	0	914	636	14706	0	0	0	0	0	0	0	0	0	0	0	106	0	0	0	0	0	0	0	0	0	0	0	0	0	0	0	0	0	0	0	0	0	0	7328	62574	2538	9190	1642	8718	9048	37170	10824	0	598	574	2726	6882	2522	2170	164	1226	1216	4854	18536	14796	5980	2032	2006	510	
202428	Cerebelum_7b_L	0	0	0	0	0	0	0	0	0	0	0	0	0	0	0	0	0	0	0	0	0	0	0	0	0	0	0	0	0	0	0	0	0	0	0	0	0	0	314	0	0	0	0	0	0	0	94	134	0	0	0	0	0	0	1544	0	0	0	0	0	0	0	0	0	0	0	0	0	0	0	0	0	0	0	0	0	0	0	0	0	0	0	0	0	0	0	0	0	180	0	11620	440	32746	264	310	96	3408	494	7854	598	0	0	31330	602	4076	0	2272	0	0	158	938	302	612	692	136	0	
89036	Cerebelum_7b_R	0	0	0	0	0	0	0	0	0	0	0	0	0	0	0	0	0	0	0	0	0	0	0	0	0	0	0	0	0	0	0	0	0	0	0	0	0	0	0	0	0	0	0	0	0	0	0	0	0	0	0	0	0	0	0	0	0	0	0	0	0	0	0	0	0	0	0	0	0	0	0	0	0	0	0	0	0	0	0	0	0	0	0	0	0	0	0	0	0	0	0	4054	2372	15672	0	0	0	136	0	574	0	0	348	15618	318	1472	0	228	0	0	0	0	2230	990	506	0	
372764	Cerebelum_8_L	0	0	0	0	0	0	0	0	0	0	0	0	0	0	0	0	0	0	0	0	0	0	0	0	0	0	0	0	0	0	0	0	0	0	0	0	0	0	280	0	0	0	0	0	0	0	314	718	0	0	0	0	0	0	2136	238	0	0	0	0	0	0	0	0	0	0	0	0	0	0	0	0	0	0	0	0	0	0	0	0	0	0	0	0	0	0	0	0	212	0	19136	2042	32944	2304	1992	672	9810	1636	11596	2726	31330	348	0	6994	22640	1798	5794	0	1054	1856	3934	3520	6980	7190	3492	696	
309028	Cerebelum_8_R	0	0	0	0	0	0	0	0	0	0	0	0	0	0	0	0	0	0	0	0	0	0	0	0	0	0	0	0	0	0	0	0	0	0	0	0	0	96	0	358	0	0	0	0	0	0	90	882	0	0	0	0	0	0	0	300	0	0	0	0	0	0	0	0	0	0	0	0	0	0	0	0	0	0	0	0	0	0	0	0	0	0	0	0	0	0	0	0	0	0	2284	15842	3152	28712	1066	2174	1658	2788	2012	6882	602	15618	6994	0	4142	15884	0	3522	1716	3098	1636	4132	10990	10366	6514	1004	
205660	Cerebelum_9_L	0	0	0	0	0	0	0	0	0	0	0	0	0	0	0	0	0	0	0	0	0	0	0	0	0	0	0	0	0	0	0	0	0	0	0	0	0	0	0	0	0	0	0	0	0	0	162	584	0	0	0	0	0	0	204	196	0	0	0	0	0	0	0	0	0	0	0	0	0	0	0	0	0	0	0	0	0	0	0	0	0	0	0	0	0	0	0	0	0	0	5370	1746	4076	1594	3660	774	7460	1172	4438	2522	4076	318	22640	4142	0	3080	4586	0	1730	2986	3766	4624	5884	4156	4920	1964	
143872	Cerebelum_9_R	0	0	0	0	0	0	0	0	0	0	0	0	0	0	0	0	0	0	0	0	0	0	0	0	0	0	0	0	0	0	0	0	0	0	0	0	0	178	0	466	0	0	0	0	0	0	0	314	0	0	0	0	0	0	0	0	0	0	0	0	0	0	0	0	0	0	0	0	0	0	0	0	0	0	0	0	0	0	0	0	0	0	0	0	0	0	0	0	0	0	862	2710	250	2864	680	1988	1538	2318	774	2170	0	1472	1798	15884	3080	0	0	3112	2268	3316	2190	2270	3842	5418	7500	2674	
37072	Cerebelum_10_L	0	0	0	0	0	0	0	0	0	0	0	0	0	0	0	0	0	0	0	0	0	0	0	0	0	0	0	0	0	0	0	0	0	0	0	0	0	0	0	0	0	0	0	0	0	0	0	0	0	0	0	0	0	0	178	0	0	0	0	0	0	0	0	0	0	0	0	0	0	0	0	0	0	0	0	0	0	0	0	0	0	0	0	0	0	0	0	0	0	0	1058	104	1918	0	152	0	1052	126	926	164	2272	0	5794	0	4586	0	0	0	0	0	206	0	0	0	0	0	
23276	Cerebelum_10_R	0	0	0	0	0	0	0	0	0	0	0	0	0	0	0	0	0	0	0	0	0	0	0	0	0	0	0	0	0	0	0	0	0	0	0	0	0	0	0	0	0	0	0	0	0	0	0	0	0	0	0	0	0	0	0	0	0	0	0	0	0	0	0	0	0	0	0	0	0	0	0	0	0	0	0	0	0	0	0	0	0	0	0	0	0	0	0	0	0	0	0	1584	0	1658	0	100	0	208	0	1226	0	228	0	3522	0	3112	0	0	0	0	0	0	0	0	0	0	
