data	data	791636	296060	861620	705096	130232	114688	413992	297480	75784	36592	280104	125448	303560	125732	189868	116748	242676	123304	620180	611096	87944	121892	300236	245004	26396	74780	62776	92400	562852	295712	277696	396904	152492	378412	165132	191932	309676	364056	136644	227812	39196	69256	204748	253224	180968	238108	246792	354504	142688	288504	401772	203508	197860	97956	413488	463908	279132	205764	111972	110356	208028	71192	121464	103748	204792	102688	253532	321844	426008	129160	369072	348948	413208	352852	45148	37468	178492	197352	92308	46988	263820	135600	197736	73080	314800	235632	48648	44844	286340	208728	567180	457952	284700	343844	64056	49264	359972	289412	626584	504304	300824	188448	373964	385400	130372	130600	20588	9288	33324	74316	292740	300984	210648	126136	89844	29604	
data	data	Precentral_L	Precentral_R	Frontal_Sup_L	Frontal_Sup_R	Frontal_Sup_Orb_L	Frontal_Sup_Orb_R	Frontal_Mid_L	Frontal_Mid_R	Frontal_Mid_Orb_L	Frontal_Mid_Orb_R	Frontal_Inf_Oper_L	Frontal_Inf_Oper_R	Frontal_Inf_Tri_L	Frontal_Inf_Tri_R	Frontal_Inf_Orb_L	Frontal_Inf_Orb_R	Rolandic_Oper_L	Rolandic_Oper_R	Supp_Motor_Area_L	Supp_Motor_Area_R	Olfactory_L	Olfactory_R	Frontal_Sup_Medial_L	Frontal_Sup_Medial_R	Frontal_Med_Orb_L	Frontal_Med_Orb_R	Rectus_L	Rectus_R	Insula_L	Insula_R	Cingulum_Ant_L	Cingulum_Ant_R	Cingulum_Mid_L	Cingulum_Mid_R	Cingulum_Post_L	Cingulum_Post_R	Hippocampus_L	Hippocampus_R	ParaHippocampal_L	ParaHippocampal_R	Amygdala_L	Amygdala_R	Calcarine_L	Calcarine_R	Cuneus_L	Cuneus_R	Lingual_L	Lingual_R	Occipital_Sup_L	Occipital_Sup_R	Occipital_Mid_L	Occipital_Mid_R	Occipital_Inf_L	Occipital_Inf_R	Fusiform_L	Fusiform_R	Postcentral_L	Postcentral_R	Parietal_Sup_L	Parietal_Sup_R	Parietal_Inf_L	Parietal_Inf_R	SupraMarginal_L	SupraMarginal_R	Angular_L	Angular_R	Precuneus_L	Precuneus_R	Paracentral_Lobule_L	Paracentral_Lobule_R	Caudate_L	Caudate_R	Putamen_L	Putamen_R	Pallidum_L	Pallidum_R	Thalamus_L	Thalamus_R	Heschl_L	Heschl_R	Temporal_Sup_L	Temporal_Sup_R	Temporal_Pole_Sup_L	Temporal_Pole_Sup_R	Temporal_Mid_L	Temporal_Mid_R	Temporal_Pole_Mid_L	Temporal_Pole_Mid_R	Temporal_Inf_L	Temporal_Inf_R	Cerebelum_Crus1_L	Cerebelum_Crus1_R	Cerebelum_Crus2_L	Cerebelum_Crus2_R	Cerebelum_3_L	Cerebelum_3_R	Cerebelum_4_5_L	Cerebelum_4_5_R	Cerebelum_6_L	Cerebelum_6_R	Cerebelum_7b_L	Cerebelum_7b_R	Cerebelum_8_L	Cerebelum_8_R	Cerebelum_9_L	Cerebelum_9_R	Cerebelum_10_L	Cerebelum_10_R	Vermis_1_2	Vermis_3	Vermis_4_5	Vermis_6	Vermis_7	Vermis_8	Vermis_9	Vermis_10	
791636	Precentral_L	0	8328	39890	6954	436	0	12388	1570	0	0	14050	232	6038	192	200	230	15708	640	33742	17850	80	0	340	370	0	0	0	0	21794	482	1302	2250	1502	10842	7086	4822	14862	4054	1354	1090	0	0	76	0	94	0	0	654	0	0	564	0	518	0	544	172	26378	0	0	0	2584	0	678	0	934	0	296	804	44666	1620	14036	1676	22306	218	2108	88	26686	3788	3484	0	4956	0	3342	0	1140	0	0	0	422	0	0	0	0	0	0	0	0	308	0	0	0	0	0	0	0	0	0	0	0	0	0	0	0	0	0	0	
296060	Precentral_R	8328	0	950	9380	0	0	170	7212	0	0	244	4824	0	1592	0	0	162	4314	2774	5134	0	138	0	0	0	0	0	0	418	2606	0	312	324	1162	1272	2710	580	6858	0	1714	0	0	0	100	0	0	0	368	0	0	0	0	0	150	0	1644	1120	14056	0	0	0	462	0	1452	0	0	70	704	6354	6122	3668	10738	3002	6398	278	1564	3356	21224	0	186	0	516	84	0	0	628	0	0	0	608	0	0	0	0	0	0	0	0	0	0	0	0	0	0	0	0	0	0	0	0	0	0	0	0	0	0	
861620	Frontal_Sup_L	39890	950	0	5922	10282	0	62774	748	5760	0	14584	138	27138	0	11894	178	7166	0	56378	7790	608	308	41388	4494	258	0	914	214	31748	86	17050	3446	7184	4484	0	0	2112	0	328	0	0	0	0	0	0	0	0	0	0	0	0	0	0	0	80	0	3200	0	0	0	0	0	0	0	0	0	0	0	22568	0	9528	652	19526	274	914	0	1054	0	422	0	2022	0	4152	0	98	0	0	0	106	0	0	0	0	0	0	0	0	0	0	0	0	0	0	0	0	0	0	0	0	0	0	0	0	0	0	0	
705096	Frontal_Sup_R	6954	9380	5922	0	0	6702	484	51542	0	944	1118	8026	0	8530	0	5012	992	1226	22750	59762	0	1006	10100	33002	166	3446	0	2024	1286	10246	6572	32944	990	18240	180	134	204	694	0	326	0	0	0	0	0	0	0	130	0	0	0	0	0	0	0	132	408	142	0	0	0	0	0	0	0	0	0	78	4094	0	6430	13308	1880	7788	112	1448	584	3356	0	0	610	0	1016	128	0	0	0	0	0	0	0	0	0	0	0	0	0	0	0	0	0	0	0	0	0	0	0	0	0	0	0	0	0	0	0	0	
130232	Frontal_Sup_Orb_L	436	0	10282	0	0	0	1436	0	10302	0	186	0	1244	0	11150	74	0	0	810	0	1884	456	2666	0	2636	122	4968	150	4808	0	4066	314	0	0	0	0	0	0	0	0	230	0	0	0	0	0	0	0	0	0	0	0	0	0	0	0	0	0	0	0	0	0	0	0	0	0	0	0	0	0	2178	244	3164	100	0	0	0	0	0	0	0	0	1210	0	0	0	0	0	0	0	0	0	0	0	0	0	0	0	0	0	0	0	0	0	0	0	0	0	0	0	0	0	0	0	0	0	
114688	Frontal_Sup_Orb_R	0	0	0	6702	0	0	0	7122	0	5692	0	0	0	820	0	6788	0	0	0	490	108	1844	0	1752	544	6280	214	8394	0	1580	1076	2778	0	0	0	0	0	0	0	0	0	0	0	0	0	0	0	0	0	0	0	0	0	0	0	0	0	0	0	0	0	0	0	0	0	0	0	0	0	0	178	2296	96	2590	0	0	0	0	0	0	0	0	0	0	0	0	0	0	0	0	0	0	0	0	0	0	0	0	0	0	0	0	0	0	0	0	0	0	0	0	0	0	0	0	0	0	
413992	Frontal_Mid_L	12388	170	62774	484	1436	0	0	110	2564	0	21194	0	45050	0	8030	0	680	0	6926	150	0	0	18214	1172	0	0	0	0	11014	0	4582	94	3690	260	0	0	310	0	96	0	0	0	0	0	0	0	0	0	0	0	0	0	0	0	0	0	0	0	0	0	0	0	0	0	0	0	0	0	224	0	330	0	1578	0	206	0	1820	0	0	0	634	0	816	0	0	0	0	0	0	0	0	0	0	0	0	0	0	0	0	0	0	0	0	0	0	0	0	0	0	0	0	0	0	0	0	0	
297480	Frontal_Mid_R	1570	7212	748	51542	0	7122	110	0	0	2816	564	4726	0	18798	0	5256	528	0	2958	8644	0	858	470	3224	0	784	0	1398	752	4928	264	6486	0	604	0	0	90	122	0	0	0	0	0	0	0	0	0	0	0	0	0	0	0	0	0	0	94	0	0	0	0	0	0	0	0	0	0	0	976	0	2868	4458	708	5096	0	340	428	438	0	0	232	0	528	0	0	0	0	0	0	0	0	0	0	0	0	0	0	0	0	0	0	0	0	0	0	0	0	0	0	0	0	0	0	0	0	0	
75784	Frontal_Mid_Orb_L	0	0	5760	0	10302	0	2564	0	0	0	0	0	3536	0	13150	0	0	0	0	0	0	0	0	0	84	0	358	0	1592	0	142	0	0	0	0	0	0	0	0	0	0	0	0	0	0	0	0	0	0	0	0	0	0	0	0	0	0	0	0	0	0	0	0	0	0	0	0	0	0	0	108	0	296	0	0	0	0	0	0	0	0	0	0	0	0	0	0	0	0	0	0	0	0	0	0	0	0	0	0	0	0	0	0	0	0	0	0	0	0	0	0	0	0	0	0	0	
36592	Frontal_Mid_Orb_R	0	0	0	944	0	5692	0	2816	0	0	0	0	0	0	120	5374	0	0	0	0	226	328	0	0	0	164	120	992	0	404	0	0	0	0	0	0	0	0	0	0	0	0	0	0	0	0	0	0	0	0	0	0	0	0	0	0	0	0	0	0	0	0	0	0	0	0	0	0	0	0	236	434	80	366	0	0	0	0	0	0	0	0	0	0	0	0	0	0	0	0	0	0	0	0	0	0	0	0	0	0	0	0	0	0	0	0	0	0	0	0	0	0	0	0	0	0	
280104	Frontal_Inf_Oper_L	14050	244	14584	1118	186	0	21194	564	0	0	0	0	27198	0	264	82	9274	0	3998	612	0	0	1052	0	0	0	0	0	17514	0	2232	266	188	128	0	0	1442	0	208	0	0	0	0	0	0	0	0	0	0	0	0	0	0	0	0	0	2004	0	0	0	114	0	0	0	0	0	0	0	1446	0	1856	450	3384	0	524	172	550	0	334	0	4598	0	8222	0	0	0	0	0	0	0	0	0	0	0	0	0	0	0	0	0	0	0	0	0	0	0	0	0	0	0	0	0	0	0	0	0	
125448	Frontal_Inf_Oper_R	232	4824	138	8026	0	0	0	4726	0	0	0	0	0	7752	0	170	86	2346	2288	8004	0	0	0	0	0	0	0	0	172	12838	98	1172	0	0	0	0	0	406	0	174	0	0	0	0	0	0	0	0	0	0	0	0	0	0	0	174	0	1882	0	0	0	0	0	0	0	0	0	0	82	0	822	2140	384	2032	0	208	386	1012	0	0	0	0	0	150	0	0	0	0	0	0	0	0	0	0	0	0	0	0	0	0	0	0	0	0	0	0	0	0	0	0	0	0	0	0	0	0	
303560	Frontal_Inf_Tri_L	6038	0	27138	0	1244	0	45050	0	3536	0	27198	0	0	0	14514	0	150	0	3956	0	0	0	1806	0	0	0	0	0	17164	0	2004	0	408	0	0	0	0	0	0	0	0	0	0	0	0	0	0	0	0	0	0	0	0	0	0	0	0	0	0	0	0	0	0	0	0	0	0	0	632	0	0	0	84	0	0	0	0	0	0	0	90	0	768	0	0	0	0	0	0	0	0	0	0	0	0	0	0	0	0	0	0	0	0	0	0	0	0	0	0	0	0	0	0	0	0	0	
125732	Frontal_Inf_Tri_R	192	1592	0	8530	0	820	0	18798	0	0	0	7752	0	0	0	4026	0	400	758	2230	0	0	0	208	0	0	0	0	0	11218	118	2676	0	226	0	0	0	76	0	0	0	0	0	0	0	0	0	0	0	0	0	0	0	0	0	0	0	660	0	0	0	0	0	0	0	0	0	0	0	0	236	534	188	1492	0	0	0	136	0	0	0	0	0	0	0	0	0	0	0	0	0	0	0	0	0	0	0	0	0	0	0	0	0	0	0	0	0	0	0	0	0	0	0	0	0	0	
189868	Frontal_Inf_Orb_L	200	0	11894	0	11150	0	8030	0	13150	120	264	0	14514	0	0	246	0	0	1064	0	2634	1488	670	0	496	208	2976	688	11962	0	1526	992	268	0	0	0	0	0	0	0	196	0	0	0	0	0	0	0	0	0	0	0	0	0	0	0	0	0	0	0	0	0	0	0	0	0	0	0	0	0	3270	878	3902	416	0	0	0	0	0	0	0	0	1732	0	0	0	0	0	0	0	0	0	0	0	0	0	0	0	0	0	0	0	0	0	0	0	0	0	0	0	0	0	0	0	0	0	
116748	Frontal_Inf_Orb_R	230	0	178	5012	74	6788	0	5256	0	5374	82	170	0	4026	246	0	78	0	782	1738	634	2684	0	258	0	164	240	3872	160	7468	0	696	0	224	0	0	0	0	0	90	0	0	0	0	0	0	0	0	0	0	0	0	0	0	0	0	0	0	0	0	0	0	0	0	0	0	0	0	190	0	1148	3274	516	6052	0	0	0	0	0	0	0	136	76	320	0	138	0	0	0	0	0	0	0	0	0	0	0	0	0	0	0	0	0	0	0	0	0	0	0	0	0	0	0	0	0	0	
242676	Rolandic_Oper_L	15708	162	7166	992	0	0	680	528	0	0	9274	86	150	0	0	78	0	0	6174	542	0	0	0	0	0	0	0	0	19750	0	116	262	0	114	0	0	2268	0	490	0	0	0	0	0	0	0	0	0	0	0	1324	0	1406	0	1578	0	10746	0	0	0	1334	0	2184	0	1460	0	0	0	4416	0	2328	500	1154	0	120	174	328	0	1928	0	12338	0	8300	0	2848	0	0	0	2332	0	0	0	0	0	0	0	0	0	0	0	0	0	0	0	0	0	0	0	0	0	0	0	0	0	0	0	
123304	Rolandic_Oper_R	640	4314	0	1226	0	0	0	0	0	0	0	2346	0	400	0	0	0	0	268	4194	0	0	0	0	0	0	0	0	0	11344	0	156	0	0	844	912	750	4672	0	1608	0	0	0	0	0	0	0	396	0	0	0	0	0	0	0	1406	0	7050	0	0	0	252	0	2464	0	0	72	116	0	152	330	402	288	7296	0	208	724	2840	0	1014	0	1392	0	656	0	486	0	0	0	434	0	0	0	0	0	0	0	0	0	0	0	0	0	0	0	0	0	0	0	0	0	0	0	0	0	0	
620180	Supp_Motor_Area_L	33742	2774	56378	22750	810	0	6926	2958	0	0	3998	2288	3956	758	1064	782	6174	268	0	38474	234	0	5448	3296	0	0	132	0	15228	2540	8062	8568	7900	18892	140	0	1046	0	188	0	0	0	0	0	0	0	0	0	0	0	0	0	0	0	0	0	1686	0	0	0	0	0	0	0	0	0	0	0	22640	158	8876	1138	12768	612	104	0	108	342	300	0	2080	0	3504	0	0	0	0	0	0	0	0	0	0	0	0	0	0	0	0	0	0	0	0	0	0	0	0	0	0	0	0	0	0	0	0	0	
611096	Supp_Motor_Area_R	17850	5134	7790	59762	0	490	150	8644	0	0	612	8004	0	2230	0	1738	542	4194	38474	0	0	140	1282	7502	0	118	0	174	658	11172	1846	14100	5414	37134	728	3534	0	516	0	294	0	0	0	500	0	654	0	86	0	138	0	154	0	0	0	276	524	3362	0	0	0	0	0	0	0	0	232	1720	16956	7980	3890	13022	726	9718	0	1094	130	2870	0	0	428	0	552	310	0	0	0	0	0	0	0	0	0	0	0	0	0	0	0	0	0	0	0	0	0	0	0	0	0	0	0	0	0	0	0	0	
87944	Olfactory_L	80	0	608	0	1884	108	0	0	0	226	0	0	0	0	2634	634	0	0	234	0	0	5410	0	0	538	476	3524	1190	3228	408	2310	1674	0	0	0	0	242	0	192	0	830	0	0	0	0	0	0	0	0	0	0	0	0	0	110	0	0	0	0	0	0	0	0	0	0	0	0	0	0	0	7870	3600	3842	1428	0	0	0	0	0	0	0	0	692	0	0	0	0	0	0	0	0	0	0	0	0	0	0	0	0	0	0	0	0	0	0	0	0	0	0	0	0	0	0	0	0	0	
121892	Olfactory_R	0	138	308	1006	456	1844	0	858	0	328	0	0	0	0	1488	2684	0	0	0	140	5410	0	0	312	0	1284	1456	5386	444	2996	1676	2324	0	0	0	0	0	238	0	204	350	376	0	0	0	0	0	0	0	0	0	0	0	0	0	0	0	0	0	0	0	0	0	0	0	0	0	0	0	0	8682	8676	6004	3976	546	944	0	302	0	0	0	0	0	110	0	0	0	0	0	0	0	0	0	0	0	0	0	0	0	0	0	0	0	0	0	0	0	0	0	0	0	0	0	0	0	0	
300236	Frontal_Sup_Medial_L	340	0	41388	10100	2666	0	18214	470	0	0	1052	0	1806	0	670	0	0	0	5448	1282	0	0	0	17534	606	380	392	0	2442	0	20364	9244	7310	5666	0	0	0	0	0	0	0	0	0	0	0	0	0	0	0	0	0	0	0	0	0	0	0	0	0	0	0	0	0	0	0	0	0	0	0	0	712	92	1798	142	0	0	0	0	0	0	0	0	0	0	0	0	0	0	0	0	0	0	0	0	0	0	0	0	0	0	0	0	0	0	0	0	0	0	0	0	0	0	0	0	0	0	
245004	Frontal_Sup_Medial_R	370	0	4494	33002	0	1752	1172	3224	0	0	0	0	0	208	0	258	0	0	3296	7502	0	312	17534	0	346	4392	0	878	0	188	5672	18866	0	12330	0	0	0	0	0	0	0	0	0	0	0	0	0	0	0	0	0	0	0	0	0	0	0	0	0	0	0	0	0	0	0	0	0	0	0	0	248	3312	184	2808	0	70	0	84	0	0	0	0	0	0	0	0	0	0	0	0	0	0	0	0	0	0	0	0	0	0	0	0	0	0	0	0	0	0	0	0	0	0	0	0	0	0	
26396	Frontal_Med_Orb_L	0	0	258	166	2636	544	0	0	84	0	0	0	0	0	496	0	0	0	0	0	538	0	606	346	0	1152	2494	0	0	0	2750	344	0	0	0	0	0	0	0	0	0	0	0	0	0	0	0	0	0	0	0	0	0	0	0	0	0	0	0	0	0	0	0	0	0	0	0	0	0	0	666	0	118	0	0	0	0	0	0	0	0	0	0	0	0	0	0	0	0	0	0	0	0	0	0	0	0	0	0	0	0	0	0	0	0	0	0	0	0	0	0	0	0	0	0	0	
74780	Frontal_Med_Orb_R	0	0	0	3446	122	6280	0	784	0	164	0	0	0	0	208	164	0	0	0	118	476	1284	380	4392	1152	0	520	6902	0	0	3010	5574	0	0	0	0	0	0	0	0	0	0	0	0	0	0	0	0	0	0	0	0	0	0	0	0	0	0	0	0	0	0	0	0	0	0	0	0	0	0	458	1046	148	762	0	0	0	0	0	0	0	0	0	0	0	0	0	0	0	0	0	0	0	0	0	0	0	0	0	0	0	0	0	0	0	0	0	0	0	0	0	0	0	0	0	0	
62776	Rectus_L	0	0	914	0	4968	214	0	0	358	120	0	0	0	0	2976	240	0	0	132	0	3524	1456	392	0	2494	520	0	854	986	0	3384	1188	0	0	0	0	0	0	0	0	166	0	0	0	0	0	0	0	0	0	0	0	0	0	0	0	0	0	0	0	0	0	0	0	0	0	0	0	0	0	3898	850	994	460	0	0	0	0	0	0	0	0	300	0	0	0	0	0	0	0	0	0	0	0	0	0	0	0	0	0	0	0	0	0	0	0	0	0	0	0	0	0	0	0	0	0	
92400	Rectus_R	0	0	214	2024	150	8394	0	1398	0	992	0	0	0	0	688	3872	0	0	0	174	1190	5386	0	878	0	6902	854	0	80	948	792	3946	0	0	0	0	0	0	0	0	0	0	0	0	0	0	0	0	0	0	0	0	0	0	0	0	0	0	0	0	0	0	0	0	0	0	0	0	0	0	1648	3290	556	1824	0	0	0	0	0	0	0	0	0	0	0	0	0	0	0	0	0	0	0	0	0	0	0	0	0	0	0	0	0	0	0	0	0	0	0	0	0	0	0	0	0	0	
562852	Insula_L	21794	418	31748	1286	4808	0	11014	752	1592	0	17514	172	17164	0	11962	160	19750	0	15228	658	3228	444	2442	0	0	0	986	80	0	156	3500	464	244	152	0	0	16968	0	3446	0	2570	0	176	0	112	0	0	0	0	0	1412	0	1548	0	5386	0	8170	0	0	0	268	0	336	0	358	0	104	0	4748	0	5624	846	23014	140	194	178	1228	0	4776	0	9974	0	13102	0	2476	0	568	0	5542	0	0	0	0	0	0	0	204	0	242	0	0	0	0	0	0	0	0	0	0	0	0	0	0	0	0	0	
295712	Insula_R	482	2606	86	10246	0	1580	0	4928	0	404	0	12838	0	11218	0	7468	0	11344	2540	11172	408	2996	0	188	0	0	0	948	156	0	200	1984	0	442	312	408	300	7516	0	2518	0	978	0	0	0	0	0	480	0	0	0	0	0	96	0	3016	0	4074	0	0	0	0	0	892	0	0	0	150	0	0	1064	3990	744	22562	0	208	628	3392	0	1188	0	3548	0	1108	0	2396	0	0	0	1868	0	0	0	0	0	0	0	78	0	108	0	0	0	0	0	0	0	0	0	0	0	0	0	0	0	0	
277696	Cingulum_Ant_L	1302	0	17050	6572	4066	1076	4582	264	142	0	2232	98	2004	118	1526	0	116	0	8062	1846	2310	1676	20364	5672	2750	3010	3384	792	3500	200	0	16602	6742	2180	78	0	0	0	0	0	0	0	0	0	0	0	0	0	0	0	0	0	0	0	0	0	0	0	0	0	0	0	0	0	0	0	0	0	578	0	6806	3164	5222	2334	0	86	78	0	0	0	112	0	152	0	0	0	0	0	0	0	0	0	0	0	0	0	0	0	0	0	0	0	0	0	0	0	0	0	0	0	0	0	0	0	0	0	
396904	Cingulum_Ant_R	2250	312	3446	32944	314	2778	94	6486	0	0	266	1172	0	2676	992	696	262	156	8568	14100	1674	2324	9244	18866	344	5574	1188	3946	464	1984	16602	0	1628	14056	0	0	102	110	0	0	0	0	0	0	0	0	0	0	0	0	0	0	0	0	0	0	166	0	0	0	0	0	0	0	0	0	0	0	434	0	6634	18996	2982	12256	112	316	238	328	0	0	140	0	232	0	0	0	0	0	0	0	0	0	0	0	0	0	0	0	0	0	0	0	0	0	0	0	0	0	0	0	0	0	0	0	0	0	
152492	Cingulum_Mid_L	1502	324	7184	990	0	0	3690	0	0	0	188	0	408	0	268	0	0	0	7900	5414	0	0	7310	0	0	0	0	0	244	0	6742	1628	0	12152	5638	3040	0	0	0	0	0	0	0	202	700	124	0	0	138	0	564	0	0	0	0	0	330	732	310	0	0	0	0	0	0	0	2418	532	4242	1332	0	0	0	0	0	0	0	0	0	0	0	0	0	0	0	0	0	0	0	0	0	0	0	0	0	0	0	0	0	0	0	0	0	0	0	0	0	0	0	0	0	0	0	0	0	0	
378412	Cingulum_Mid_R	10842	1162	4484	18240	0	0	260	604	0	0	128	0	0	226	0	224	114	0	18892	37134	0	0	5666	12330	0	0	0	0	152	442	2180	14056	12152	0	1376	7572	0	448	0	0	0	0	0	1922	0	2808	0	184	0	1096	0	486	0	296	0	260	74	3256	0	216	0	0	0	0	0	84	380	7054	10546	8822	668	720	164	344	0	0	0	768	0	0	88	0	116	0	0	82	0	0	0	88	0	0	0	0	0	0	0	0	0	0	0	0	0	0	0	0	0	0	0	0	0	0	0	0	0	0	
165132	Cingulum_Post_L	7086	1272	0	180	0	0	0	0	0	0	0	0	0	0	0	0	0	844	140	728	0	0	0	0	0	0	0	0	0	312	78	0	5638	1376	0	9958	7414	5440	2128	1288	0	0	4152	86	3060	0	1872	698	82	0	552	0	234	0	248	224	294	608	0	0	0	0	0	0	100	0	7626	1204	6254	822	76	180	70	0	0	0	6354	2994	90	0	0	0	0	0	338	0	0	0	0	78	0	0	0	0	0	0	0	388	0	0	0	0	0	0	0	0	0	0	0	0	0	0	0	0	0	0	
191932	Cingulum_Post_R	4822	2710	0	134	0	0	0	0	0	0	0	0	0	0	0	0	0	912	0	3534	0	0	0	0	0	0	0	0	0	408	0	0	3040	7572	9958	0	4624	9274	216	2308	0	0	0	1404	0	1940	0	3952	0	1348	0	320	0	442	0	782	0	3302	0	724	0	0	0	70	0	0	1758	10972	406	5304	80	214	80	0	0	0	7162	4176	0	0	0	236	0	0	0	234	0	0	0	218	0	0	0	0	0	0	0	720	0	0	0	0	0	0	0	0	0	0	0	0	610	0	0	0	0	0	
309676	Hippocampus_L	14862	580	2112	204	0	0	310	90	0	0	1442	0	0	0	0	0	2268	750	1046	0	242	0	0	0	0	0	0	0	16968	300	0	102	0	0	7414	4624	0	4274	20152	1184	5344	0	2966	0	0	0	5030	680	0	0	0	0	618	0	12688	136	3202	0	0	0	78	0	0	0	0	0	4778	376	1468	0	338	0	9802	0	740	0	5400	1608	3292	0	4054	0	1846	0	1752	0	1714	0	6820	0	144	0	0	0	0	0	322	328	390	0	0	0	0	0	0	0	0	0	0	0	0	0	0	0	0	0	
364056	Hippocampus_R	4054	6858	0	694	0	0	0	122	0	0	0	406	0	76	0	0	0	4672	0	516	0	238	0	0	0	0	0	0	0	7516	0	110	0	448	5440	9274	4274	0	284	29166	0	9658	0	966	0	0	122	5362	0	80	0	114	0	1572	0	25610	0	4178	0	100	0	186	0	1078	0	88	382	5404	0	1224	212	0	204	14438	0	278	5140	7234	0	1212	0	2568	0	312	0	5260	0	140	0	10972	0	108	0	0	0	82	0	2262	0	706	0	0	0	0	0	0	0	0	0	0	628	0	0	0	0	0	
136644	ParaHippocampal_L	1354	0	328	0	0	0	96	0	0	0	208	0	0	0	0	0	490	0	188	0	192	0	0	0	0	0	0	0	3446	0	0	0	0	0	2128	216	20152	284	0	240	2932	0	2736	0	0	0	5440	290	0	0	0	0	422	0	8280	0	392	0	0	0	0	0	0	0	0	0	3968	0	224	0	96	0	1986	0	0	0	448	0	268	0	1178	0	2486	0	736	0	2844	0	2416	0	86	0	0	0	472	0	658	70	252	0	0	0	0	0	0	0	0	0	90	230	0	0	0	0	0	0	
227812	ParaHippocampal_R	1090	1714	0	326	0	0	0	0	0	0	0	174	0	0	0	90	0	1608	0	294	0	204	0	0	0	0	0	0	0	2518	0	0	0	0	1288	2308	1184	29166	240	0	0	9566	0	714	0	0	178	7074	0	0	0	0	0	1276	74	20608	0	1762	0	0	0	0	0	148	0	0	112	2586	0	0	0	0	0	6178	0	180	1114	2938	0	416	0	1354	0	2406	0	2132	0	2750	0	3816	0	90	0	0	0	118	0	3316	0	440	0	0	0	0	0	0	0	0	0	0	356	0	0	0	0	0	
39196	Amygdala_L	0	0	0	0	230	0	0	0	0	0	0	0	0	0	196	0	0	0	0	0	830	350	0	0	0	0	166	0	2570	0	0	0	0	0	0	0	5344	0	2932	0	0	0	0	0	0	0	0	0	0	0	0	0	0	0	1866	0	0	0	0	0	0	0	0	0	0	0	0	0	0	0	556	214	1362	0	0	0	0	0	0	0	0	0	1218	0	0	0	1116	0	648	0	0	0	0	0	0	0	0	0	0	0	0	0	0	0	0	0	0	0	0	0	0	0	0	0	0	0	
69256	Amygdala_R	0	0	0	0	0	0	0	0	0	0	0	0	0	0	0	0	0	0	0	0	0	376	0	0	0	0	0	0	0	978	0	0	0	0	0	0	0	9658	0	9566	0	0	0	0	0	0	0	0	0	0	0	0	0	0	0	6476	0	0	0	0	0	0	0	0	0	0	0	0	0	0	0	0	0	642	0	0	0	0	0	0	0	266	0	2642	0	360	0	2098	0	1566	0	0	0	0	0	0	0	0	0	0	0	0	0	0	0	0	0	0	0	0	0	0	0	0	0	0	
204748	Calcarine_L	76	0	0	0	0	0	0	0	0	0	0	0	0	0	0	0	0	0	0	0	0	0	0	0	0	0	0	0	176	0	0	0	0	0	4152	0	2966	0	2736	0	0	0	0	6850	12982	4814	10420	1602	9308	4064	19658	904	5196	0	1040	372	142	0	0	0	0	0	0	0	618	0	10194	306	436	0	0	0	0	0	0	0	0	0	428	0	162	0	0	0	2602	0	0	0	170	0	0	0	0	0	0	0	0	0	0	0	0	0	0	0	0	0	0	0	0	0	0	0	0	0	0	0	
253224	Calcarine_R	0	100	0	0	0	0	0	0	0	0	0	0	0	0	0	0	0	0	0	500	0	0	0	0	0	0	0	0	0	0	0	0	202	1922	86	1404	0	966	0	714	0	0	6850	0	3456	18316	2094	22918	0	18190	0	15902	0	4538	0	4766	0	748	0	286	0	78	0	0	0	112	1594	15120	0	974	0	0	0	0	0	0	0	0	0	0	0	0	0	0	0	3470	0	0	0	578	0	0	0	0	0	0	72	458	0	0	0	0	0	0	0	0	0	0	0	0	198	0	0	0	0	0	
180968	Cuneus_L	94	0	0	0	0	0	0	0	0	0	0	0	0	0	0	0	0	0	0	0	0	0	0	0	0	0	0	0	112	0	0	0	700	0	3060	0	0	0	0	0	0	0	12982	3456	0	4712	1362	202	20812	2332	17702	206	4054	0	606	0	292	0	246	0	152	0	0	0	1350	0	10798	1040	822	0	0	0	0	0	0	0	0	0	412	0	124	0	0	0	2712	0	0	0	144	0	0	0	0	0	0	0	0	0	0	0	0	0	0	0	0	0	0	0	0	0	0	0	0	0	0	0	
238108	Cuneus_R	0	0	0	0	0	0	0	0	0	0	0	0	0	0	0	0	0	0	0	654	0	0	0	0	0	0	0	0	0	0	0	0	124	2808	0	1940	0	0	0	0	0	0	4814	18316	4712	0	320	2668	0	30664	0	7646	0	462	0	262	0	1412	0	4266	0	600	0	0	0	640	8888	25514	0	1026	0	0	0	0	0	0	0	0	0	0	0	128	0	0	0	906	0	0	0	284	0	0	0	0	0	0	0	0	0	0	0	0	0	0	0	0	0	0	0	0	0	0	0	0	0	0	
246792	Lingual_L	0	0	0	0	0	0	0	0	0	0	0	0	0	0	0	0	0	0	0	0	0	0	0	0	0	0	0	0	0	0	0	0	0	0	1872	0	5030	122	5440	178	0	0	10420	2094	1362	320	0	5192	3074	812	13192	602	10798	0	15264	1962	0	0	0	0	0	0	0	0	0	0	3660	0	0	0	0	0	0	0	0	0	80	0	242	0	402	0	0	0	130	0	0	0	232	0	4366	1200	0	0	0	160	9566	3454	10308	3486	0	0	0	0	0	0	0	0	0	238	5640	2366	132	0	0	0	
354504	Lingual_R	654	368	0	130	0	0	0	0	0	0	0	0	0	0	0	0	0	396	0	86	0	0	0	0	0	0	0	0	0	480	0	0	0	184	698	3952	680	5362	290	7074	0	0	1602	22918	202	2668	5192	0	0	6388	0	10532	0	9302	2290	17614	0	344	0	224	0	0	0	0	0	0	242	6356	0	212	0	0	0	1124	0	0	684	1718	0	0	0	106	0	0	0	1544	0	0	0	1048	7444	2192	654	0	136	0	6420	9698	10546	10398	228	0	356	0	0	0	0	0	0	88	7810	8448	170	0	0	0	
142688	Occipital_Sup_L	0	0	0	0	0	0	0	0	0	0	0	0	0	0	0	0	0	0	0	0	0	0	0	0	0	0	0	0	0	0	0	0	138	0	82	0	0	0	0	0	0	0	9308	0	20812	0	3074	0	0	0	25140	0	3524	0	328	0	86	0	1724	0	296	0	0	0	1254	0	4370	0	362	0	0	0	0	0	0	0	0	0	0	0	0	0	0	0	846	0	0	0	0	0	0	0	0	0	0	0	0	0	0	0	0	0	0	0	0	0	0	0	0	0	0	0	0	0	0	0	
288504	Occipital_Sup_R	0	0	0	0	0	0	0	0	0	0	0	0	0	0	0	0	0	0	0	138	0	0	0	0	0	0	0	0	0	0	0	0	0	1096	0	1348	0	80	0	0	0	0	4064	18190	2332	30664	812	6388	0	0	0	18898	0	916	0	1732	0	964	0	13066	0	1834	0	0	0	6960	4338	22496	0	636	0	0	0	0	0	0	0	0	0	0	0	386	0	0	0	5154	0	0	0	1760	0	0	0	0	0	0	0	0	0	0	0	0	0	0	0	0	0	0	0	0	0	0	0	0	0	0	
401772	Occipital_Mid_L	564	0	0	0	0	0	0	0	0	0	0	0	0	0	0	0	1324	0	0	0	0	0	0	0	0	0	0	0	1412	0	0	0	564	0	552	0	0	0	0	0	0	0	19658	0	17702	0	13192	0	25140	0	0	0	30480	0	4602	0	3356	0	13124	0	10612	0	244	0	17376	0	13986	0	4012	0	70	0	0	0	0	0	0	0	3052	0	1204	0	0	0	15882	0	0	0	2686	0	0	0	0	0	0	0	0	0	92	0	0	0	0	0	0	0	0	0	0	0	0	0	0	0	0	0	
203508	Occipital_Mid_R	0	0	0	0	0	0	0	0	0	0	0	0	0	0	0	0	0	0	0	154	0	0	0	0	0	0	0	0	0	0	0	0	0	486	0	320	0	114	0	0	0	0	904	15902	206	7646	602	10532	0	18898	0	0	0	4066	0	3002	0	138	0	3594	0	4368	0	0	0	14606	558	5716	0	310	0	0	0	0	0	0	0	0	0	0	0	78	0	0	0	8512	0	0	0	1042	0	0	0	0	0	0	0	0	0	0	0	0	0	0	0	0	0	0	0	0	0	0	0	0	0	0	
197860	Occipital_Inf_L	518	0	0	0	0	0	0	0	0	0	0	0	0	0	0	0	1406	0	0	0	0	0	0	0	0	0	0	0	1548	0	0	0	0	0	234	0	618	0	422	0	0	0	5196	0	4054	0	10798	0	3524	0	30480	0	0	0	14226	0	1050	0	160	0	198	0	460	0	2294	0	1864	0	790	0	0	0	0	0	0	0	0	0	2186	0	2070	0	0	0	7884	0	0	0	5528	0	188	0	0	0	0	0	148	0	1086	0	0	0	0	0	0	0	0	0	0	0	0	0	0	0	0	0	
97956	Occipital_Inf_R	0	150	0	0	0	0	0	0	0	0	0	0	0	0	0	0	0	0	0	0	0	0	0	0	0	0	0	0	0	96	0	0	0	296	0	442	0	1572	0	1276	0	0	0	4538	0	462	0	9302	0	916	0	4066	0	0	0	10694	0	336	0	426	0	80	0	348	0	102	80	2192	0	492	0	0	0	92	0	0	0	84	0	82	0	246	0	0	0	4272	0	0	0	5106	88	0	0	0	0	0	0	428	86	390	0	0	0	0	0	0	0	0	0	0	0	238	0	0	0	0	
413488	Fusiform_L	544	0	80	0	0	0	0	0	0	0	0	0	0	0	0	0	1578	0	0	0	110	0	0	0	0	0	0	0	5386	0	0	0	0	0	248	0	12688	0	8280	74	1866	0	1040	0	606	0	15264	2290	328	0	4602	0	14226	0	0	310	1018	0	0	0	122	0	490	0	806	0	946	0	400	0	0	0	1082	0	0	0	176	0	3244	0	7050	0	3414	0	5558	0	1666	0	25010	0	22616	398	136	0	860	116	15256	1630	36626	1592	98	0	74	0	90	0	0	0	0	146	3314	2868	422	0	0	0	
463908	Fusiform_R	172	1644	0	132	0	0	0	0	0	0	0	174	0	0	0	0	0	1406	0	276	0	0	0	0	0	0	0	0	0	3016	0	0	0	260	224	782	136	25610	0	20608	0	6476	372	4766	0	262	1962	17614	0	1732	0	3002	0	10694	310	0	0	2220	0	72	0	178	0	882	0	338	0	1328	0	650	0	0	0	7720	0	96	188	1262	0	932	0	2188	0	4688	0	7170	0	4062	0	21732	1524	13796	0	0	308	336	3600	15716	3122	25982	0	0	0	0	0	0	0	0	182	382	7308	2252	110	0	0	0	
279132	Postcentral_L	26378	1120	3200	408	0	0	0	94	0	0	2004	0	0	0	0	0	10746	0	1686	524	0	0	0	0	0	0	0	0	8170	0	0	166	330	74	294	0	3202	0	392	0	0	0	142	0	292	0	0	0	86	0	3356	0	1050	0	1018	0	0	0	6616	0	23722	0	10604	0	5360	0	3426	0	8718	0	1160	168	898	0	170	0	576	0	3694	0	5050	0	182	0	2958	0	0	0	1532	0	0	0	0	0	0	0	0	0	0	0	0	0	0	0	0	0	0	0	0	0	0	0	0	0	0	0	
205764	Postcentral_R	0	14056	0	142	0	0	0	0	0	0	0	1882	0	660	0	0	0	7050	0	3362	0	0	0	0	0	0	0	0	0	4074	0	0	732	3256	608	3302	0	4178	0	1762	0	0	0	748	0	1412	0	344	0	964	0	138	0	336	0	2220	0	0	0	2480	0	4202	0	12910	0	84	546	4292	0	13486	190	198	164	5190	0	0	144	652	0	520	0	2412	0	0	0	2156	0	0	0	2030	0	0	0	0	0	0	0	0	0	0	0	0	0	0	0	0	0	0	0	0	0	0	0	0	0	0	
111972	Parietal_Sup_L	0	0	0	0	0	0	0	0	0	0	0	0	0	0	0	0	0	0	0	0	0	0	0	0	0	0	0	0	0	0	0	0	310	0	0	0	0	0	0	0	0	0	0	0	246	0	0	0	1724	0	13124	0	160	0	0	0	6616	0	0	0	12772	0	0	0	7540	0	11596	0	1826	0	0	0	0	0	0	0	0	0	0	0	0	0	0	0	72	0	0	0	0	0	0	0	0	0	0	0	0	0	0	0	0	0	0	0	0	0	0	0	0	0	0	0	0	0	0	0	
110356	Parietal_Sup_R	0	0	0	0	0	0	0	0	0	0	0	0	0	0	0	0	0	0	0	0	0	0	0	0	0	0	0	0	0	0	0	0	0	216	0	724	0	100	0	0	0	0	0	286	0	4266	0	224	0	13066	0	3594	0	426	0	72	0	2480	0	0	0	1564	0	144	0	5514	1604	13608	0	654	0	0	0	0	0	0	0	0	0	0	0	356	0	0	0	4584	0	0	0	1696	0	0	0	0	0	0	0	0	0	0	0	0	0	0	0	0	0	0	0	0	0	0	0	0	0	0	
208028	Parietal_Inf_L	2584	0	0	0	0	0	0	0	0	0	114	0	0	0	0	0	1334	0	0	0	0	0	0	0	0	0	0	0	268	0	0	0	0	0	0	0	78	0	0	0	0	0	0	0	152	0	0	0	296	0	10612	0	198	0	122	0	23722	0	12772	0	0	0	15940	0	24906	0	2464	0	1092	0	0	0	0	0	0	0	0	0	0	0	956	0	0	0	4150	0	0	0	2254	0	0	0	0	0	0	0	0	0	0	0	0	0	0	0	0	0	0	0	0	0	0	0	0	0	0	0	
71192	Parietal_Inf_R	0	462	0	0	0	0	0	0	0	0	0	0	0	0	0	0	0	252	0	0	0	0	0	0	0	0	0	0	0	0	0	0	0	0	0	0	0	186	0	0	0	0	0	78	0	600	0	0	0	1834	0	4368	0	80	0	178	0	4202	0	1564	0	0	0	9198	0	8078	248	834	0	198	0	0	0	0	0	0	0	0	0	318	0	738	0	0	0	1284	0	0	0	896	0	0	0	0	0	0	0	0	0	0	0	0	0	0	0	0	0	0	0	0	0	0	0	0	0	0	
121464	SupraMarginal_L	678	0	0	0	0	0	0	0	0	0	0	0	0	0	0	0	2184	0	0	0	0	0	0	0	0	0	0	0	336	0	0	0	0	0	0	0	0	0	0	0	0	0	0	0	0	0	0	0	0	0	244	0	460	0	490	0	10604	0	0	0	15940	0	0	0	9582	0	0	0	100	0	0	0	0	0	0	0	0	0	174	0	8988	0	0	0	7420	0	0	0	3532	0	0	0	0	0	0	0	0	0	0	0	0	0	0	0	0	0	0	0	0	0	0	0	0	0	0	0	
103748	SupraMarginal_R	0	1452	0	0	0	0	0	0	0	0	0	0	0	0	0	0	0	2464	0	0	0	0	0	0	0	0	0	0	0	892	0	0	0	0	0	70	0	1078	0	148	0	0	0	0	0	0	0	0	0	0	0	0	0	348	0	882	0	12910	0	144	0	9198	0	0	0	5178	0	130	0	880	0	0	0	108	0	0	0	0	0	2330	0	7032	0	0	0	3244	0	0	0	3386	0	0	0	0	0	0	0	0	0	0	0	0	0	0	0	0	0	0	0	0	0	0	0	0	0	0	
204792	Angular_L	934	0	0	0	0	0	0	0	0	0	0	0	0	0	0	0	1460	0	0	0	0	0	0	0	0	0	0	0	358	0	0	0	0	0	100	0	0	0	0	0	0	0	618	0	1350	0	0	0	1254	0	17376	0	2294	0	806	0	5360	0	7540	0	24906	0	9582	0	0	0	2098	0	850	0	0	0	0	0	0	0	0	0	126	0	5454	0	0	0	14876	0	0	0	5054	0	0	0	0	0	0	0	0	0	0	0	0	0	0	0	0	0	0	0	0	0	0	0	0	0	0	0	
102688	Angular_R	0	0	0	0	0	0	0	0	0	0	0	0	0	0	0	0	0	0	0	0	0	0	0	0	0	0	0	0	0	0	0	0	0	84	0	0	0	88	0	0	0	0	0	112	0	640	0	0	0	6960	0	14606	0	102	0	338	0	84	0	5514	0	8078	0	5178	0	0	296	1104	0	76	0	0	0	0	0	0	0	0	0	332	0	2718	0	0	0	3260	0	0	0	1774	0	0	0	0	0	0	0	0	0	0	0	0	0	0	0	0	0	0	0	0	0	0	0	0	0	0	
253532	Precuneus_L	296	70	0	0	0	0	0	0	0	0	0	0	0	0	0	0	0	72	0	232	0	0	0	0	0	0	0	0	104	0	0	0	2418	380	7626	1758	4778	382	3968	112	0	0	10194	1594	10798	8888	3660	242	4370	4338	13986	558	1864	80	946	0	3426	546	11596	1604	2464	248	0	0	2098	296	0	11690	4958	166	74	0	0	0	0	0	476	0	522	0	174	0	0	0	2456	76	0	0	182	0	0	0	0	0	0	0	0	0	0	0	0	0	0	0	0	0	0	0	0	0	0	0	0	0	0	0	
321844	Precuneus_R	804	704	0	78	0	0	0	0	0	0	0	0	0	0	0	0	0	116	0	1720	0	0	0	0	0	0	0	0	0	150	0	0	532	7054	1204	10972	376	5404	0	2586	0	0	306	15120	1040	25514	0	6356	0	22496	0	5716	0	2192	0	1328	0	4292	0	13608	0	834	0	130	0	1104	11690	0	0	5170	0	0	0	0	0	0	904	932	0	102	0	628	0	0	0	5592	0	0	0	2386	0	0	0	0	0	0	0	1078	0	0	0	0	0	0	0	0	0	0	0	0	704	0	0	0	0	0	
426008	Paracentral_Lobule_L	44666	6354	22568	4094	0	0	224	976	0	0	1446	82	632	0	0	190	4416	0	22640	16956	0	0	0	0	0	0	0	0	4748	0	578	434	4242	10546	6254	406	1468	0	224	0	0	0	436	0	822	0	0	0	362	0	4012	0	790	0	400	0	8718	0	1826	0	1092	0	100	0	850	0	4958	0	0	2080	9996	1500	10920	158	1482	0	1644	1486	766	0	794	0	270	0	2284	0	0	0	1114	0	0	0	0	0	0	0	0	0	0	0	0	0	0	0	0	0	0	0	0	0	0	0	0	0	0	0	
129160	Paracentral_Lobule_R	1620	6122	0	0	0	0	0	0	0	0	0	0	0	0	0	0	0	152	158	7980	0	0	0	0	0	0	0	0	0	0	0	0	1332	8822	822	5304	0	1224	0	0	0	0	0	974	0	1026	0	212	0	636	0	310	0	492	0	650	0	13486	0	654	0	198	0	880	0	76	166	5170	2080	0	0	0	0	0	0	0	0	0	0	394	0	1926	0	0	0	1088	0	0	0	626	0	0	0	0	0	0	0	0	0	0	0	0	0	0	0	0	0	0	0	0	0	0	0	0	0	0	
369072	Caudate_L	14036	3668	9528	6430	2178	178	330	2868	108	236	1856	822	0	236	3270	1148	2328	330	8876	3890	7870	8682	712	248	666	458	3898	1648	5624	1064	6806	6634	0	668	76	80	338	212	96	0	556	0	0	0	0	0	0	0	0	0	70	0	0	0	0	0	1160	190	0	0	0	0	0	0	0	0	74	0	9996	0	0	13200	31398	4406	4586	1882	5382	638	0	0	722	0	2180	0	0	0	0	0	0	0	0	0	0	0	0	0	0	0	0	0	0	0	0	0	0	0	0	0	0	0	0	0	0	0	0	0	
348948	Caudate_R	1676	10738	652	13308	244	2296	0	4458	0	434	450	2140	0	534	878	3274	500	402	1138	13022	3600	8676	92	3312	0	1046	850	3290	846	3990	3164	18996	0	720	180	214	0	0	0	0	214	0	0	0	0	0	0	0	0	0	0	0	0	0	0	0	168	198	0	0	0	0	0	0	0	0	0	0	1500	0	13200	0	7234	21362	676	4202	1482	18528	0	0	130	0	460	0	0	0	0	0	0	0	0	0	0	0	0	0	0	0	0	0	0	0	0	0	0	0	0	0	0	0	0	0	0	0	0	0	
413208	Putamen_L	22306	3002	19526	1880	3164	96	1578	708	296	80	3384	384	84	188	3902	516	1154	288	12768	726	3842	6004	1798	184	118	148	994	556	23014	744	5222	2982	0	164	70	80	9802	204	1986	0	1362	0	0	0	0	0	0	0	0	0	0	0	0	0	1082	0	898	164	0	0	0	0	0	0	0	0	0	0	10920	0	31398	7234	0	2186	7764	1216	4210	502	0	0	578	0	1894	0	118	0	374	0	762	0	0	0	0	0	0	0	0	0	0	0	0	0	0	0	0	0	0	0	0	0	0	0	0	0	0	0	
352852	Putamen_R	218	6398	274	7788	100	2590	0	5096	0	366	0	2032	0	1492	416	6052	0	7296	612	9718	1428	3976	142	2808	0	762	460	1824	140	22562	2334	12256	0	344	0	0	0	14438	0	6178	0	642	0	0	0	0	0	1124	0	0	0	0	0	92	0	7720	0	5190	0	0	0	0	0	108	0	0	0	0	158	0	4406	21362	2186	0	0	2984	264	3920	0	280	0	612	0	192	0	1634	0	98	0	3006	0	0	0	0	0	0	0	156	0	192	0	0	0	0	0	0	0	0	0	0	0	0	0	0	0	0	
45148	Pallidum_L	2108	278	914	112	0	0	206	0	0	0	524	0	0	0	0	0	120	0	104	0	0	546	0	0	0	0	0	0	194	0	0	112	0	0	0	0	740	0	0	0	0	0	0	0	0	0	0	0	0	0	0	0	0	0	0	0	170	0	0	0	0	0	0	0	0	0	0	0	1482	0	4586	676	7764	0	0	94	1674	170	0	0	0	0	0	0	0	0	0	0	0	0	0	0	0	0	0	0	0	0	0	0	0	0	0	0	0	0	0	0	0	0	0	0	0	0	0	0	
37468	Pallidum_R	88	1564	0	1448	0	0	0	340	0	0	172	208	0	0	0	0	174	208	0	1094	0	944	0	70	0	0	0	0	178	208	86	316	0	0	0	0	0	278	0	180	0	0	0	0	0	0	0	0	0	0	0	0	0	0	0	96	0	0	0	0	0	0	0	0	0	0	0	0	0	0	1882	4202	1216	2984	94	0	0	534	0	0	0	0	170	0	0	0	0	0	0	0	0	0	0	0	0	0	0	0	0	0	0	0	0	0	0	0	0	0	0	0	0	0	0	0	0	0	
178492	Thalamus_L	26686	3356	1054	584	0	0	1820	428	0	0	550	386	0	0	0	0	328	724	108	130	0	0	0	0	0	0	0	0	1228	628	78	238	0	0	6354	7162	5400	5140	448	1114	0	0	0	0	0	0	80	684	0	0	0	0	0	0	176	188	576	144	0	0	0	0	0	0	0	0	476	904	1644	0	5382	1482	4210	264	1674	0	0	6916	0	0	0	0	92	0	0	0	0	0	108	0	0	0	0	0	0	0	0	302	0	0	0	0	0	0	0	0	0	0	0	0	0	0	0	0	0	0	
197352	Thalamus_R	3788	21224	0	3356	0	0	0	438	0	0	0	1012	0	136	0	0	0	2840	342	2870	0	302	0	84	0	0	0	0	0	3392	0	328	0	768	2994	4176	1608	7234	0	2938	0	0	0	0	0	0	0	1718	0	0	0	0	0	84	0	1262	0	652	0	0	0	0	0	0	0	0	0	932	1486	0	638	18528	502	3920	170	534	6916	0	0	0	0	216	0	0	0	222	0	0	0	850	0	0	0	0	0	0	0	216	0	0	0	0	0	0	0	0	0	0	0	0	0	0	0	0	0	0	
92308	Heschl_L	3484	0	422	0	0	0	0	0	0	0	334	0	0	0	0	0	1928	0	300	0	0	0	0	0	0	0	0	0	4776	0	0	0	0	0	90	0	3292	0	268	0	0	0	428	0	412	0	242	0	0	0	3052	0	2186	0	3244	0	3694	0	0	0	0	0	174	0	126	0	522	0	766	0	0	0	0	0	0	0	0	0	0	0	6104	0	194	0	6420	0	0	0	3696	0	0	0	0	0	0	0	0	0	0	0	0	0	0	0	0	0	0	0	0	0	0	0	0	0	0	0	
46988	Heschl_R	0	186	0	0	0	0	0	0	0	0	0	0	0	0	0	0	0	1014	0	0	0	0	0	0	0	0	0	0	0	1188	0	0	0	0	0	0	0	1212	0	416	0	0	0	0	0	0	0	0	0	0	0	0	0	82	0	932	0	520	0	0	0	318	0	2330	0	332	0	102	0	394	0	0	0	280	0	0	0	0	0	0	0	7926	0	166	0	3728	0	0	0	2368	0	0	0	0	0	0	0	0	0	0	0	0	0	0	0	0	0	0	0	0	0	0	0	0	0	0	
263820	Temporal_Sup_L	4956	0	2022	610	0	0	634	232	0	0	4598	0	90	0	0	0	12338	0	2080	428	0	0	0	0	0	0	0	0	9974	0	112	140	0	88	0	0	4054	0	1178	0	0	0	162	0	124	0	402	0	0	0	1204	0	2070	0	7050	0	5050	0	0	0	956	0	8988	0	5454	0	174	0	794	0	722	130	578	0	0	0	0	0	6104	0	0	0	9902	0	22490	0	0	0	14530	0	136	0	0	0	84	0	570	0	702	0	0	0	0	0	0	0	0	0	0	0	0	0	0	0	0	0	
135600	Temporal_Sup_R	0	516	0	0	0	0	0	0	0	0	0	0	0	0	0	136	0	1392	0	0	0	0	0	0	0	0	0	0	0	3548	0	0	0	0	0	236	0	2568	0	1354	0	266	0	0	0	128	0	106	0	386	0	78	0	246	0	2188	0	2412	0	356	0	738	0	7032	0	2718	0	628	0	1926	0	0	0	612	0	0	0	216	0	7926	0	0	0	6666	0	17912	0	910	0	4600	0	0	0	0	0	0	0	0	0	0	0	0	0	0	0	0	0	0	0	0	0	0	0	0	0	0	
197736	Temporal_Pole_Sup_L	3342	84	4152	1016	1210	0	816	528	0	0	8222	0	768	0	1732	76	8300	0	3504	552	692	0	0	0	0	0	300	0	13102	0	152	232	0	116	0	0	1846	0	2486	0	1218	0	0	0	0	0	0	0	0	0	0	0	0	0	3414	0	182	0	0	0	0	0	0	0	0	0	0	0	270	0	2180	460	1894	0	0	170	92	0	194	0	9902	0	0	0	10458	0	7540	0	7666	0	0	0	0	0	0	0	0	0	0	0	0	0	0	0	0	0	0	0	0	0	0	0	0	0	0	0	
73080	Temporal_Pole_Sup_R	0	0	0	128	0	0	0	0	0	0	0	150	0	0	0	320	0	656	0	310	0	110	0	0	0	0	0	0	0	1108	0	0	0	0	0	0	0	312	0	2406	0	2642	0	0	0	0	0	0	0	0	0	0	0	0	0	4688	0	0	0	0	0	0	0	0	0	0	0	0	0	0	0	0	0	192	0	0	0	0	0	166	0	6666	0	0	0	6084	0	7312	0	3290	0	0	0	0	0	0	0	0	0	0	0	0	0	0	0	0	0	0	0	0	0	0	0	0	0	0	
314800	Temporal_Mid_L	1140	0	98	0	0	0	0	0	0	0	0	0	0	0	0	0	2848	0	0	0	0	0	0	0	0	0	0	0	2476	0	0	0	0	0	338	0	1752	0	736	0	0	0	2602	0	2712	0	130	0	846	0	15882	0	7884	0	5558	0	2958	0	72	0	4150	0	7420	0	14876	0	2456	0	2284	0	0	0	118	0	0	0	0	0	6420	0	22490	0	10458	0	0	0	4648	0	34048	0	0	0	0	0	0	0	0	0	0	0	0	0	0	0	0	0	0	0	0	0	0	0	0	0	0	0	
235632	Temporal_Mid_R	0	628	0	0	0	0	0	0	0	0	0	0	0	0	0	138	0	486	0	0	0	0	0	0	0	0	0	0	0	2396	0	0	0	82	0	234	0	5260	0	2132	0	360	0	3470	0	906	0	1544	0	5154	0	8512	0	4272	0	7170	0	2156	0	4584	0	1284	0	3244	0	3260	76	5592	0	1088	0	0	0	1634	0	0	0	222	0	3728	0	17912	0	6084	0	0	0	2054	0	22054	0	0	0	0	0	0	0	0	0	100	0	0	0	0	0	0	0	0	0	0	0	0	0	0	0	0	
48648	Temporal_Pole_Mid_L	0	0	0	0	0	0	0	0	0	0	0	0	0	0	0	0	0	0	0	0	0	0	0	0	0	0	0	0	568	0	0	0	0	0	0	0	1714	0	2844	0	1116	0	0	0	0	0	0	0	0	0	0	0	0	0	1666	0	0	0	0	0	0	0	0	0	0	0	0	0	0	0	0	0	374	0	0	0	0	0	0	0	0	0	7540	0	4648	0	0	0	3854	0	0	0	0	0	0	0	0	0	0	0	0	0	0	0	0	0	0	0	0	0	0	0	0	0	0	0	
44844	Temporal_Pole_Mid_R	0	0	0	0	0	0	0	0	0	0	0	0	0	0	0	0	0	0	0	0	0	0	0	0	0	0	0	0	0	0	0	0	0	0	0	0	0	140	0	2750	0	2098	0	0	0	0	0	0	0	0	0	0	0	0	0	4062	0	0	0	0	0	0	0	0	0	0	0	0	0	0	0	0	0	98	0	0	0	0	0	0	0	910	0	7312	0	2054	0	0	0	2998	0	0	0	0	0	0	0	0	0	0	0	0	0	0	0	0	0	0	0	0	0	0	0	0	0	0	
286340	Temporal_Inf_L	422	0	106	0	0	0	0	0	0	0	0	0	0	0	0	0	2332	0	0	0	0	0	0	0	0	0	0	0	5542	0	0	0	0	0	0	0	6820	0	2416	0	648	0	170	0	144	0	232	0	0	0	2686	0	5528	0	25010	0	1532	0	0	0	2254	0	3532	0	5054	0	182	0	1114	0	0	0	762	0	0	0	108	0	3696	0	14530	0	7666	0	34048	0	3854	0	0	0	6122	0	580	0	168	0	1004	0	4500	0	90	0	318	0	0	0	0	0	0	0	0	0	0	0	0	0	
208728	Temporal_Inf_R	0	608	0	0	0	0	0	0	0	0	0	0	0	0	0	0	0	434	0	0	0	0	0	0	0	0	0	0	0	1868	0	0	0	88	78	218	0	10972	0	3816	0	1566	0	578	0	284	0	1048	0	1760	0	1042	0	5106	0	21732	0	2030	0	1696	0	896	0	3386	0	1774	0	2386	0	626	0	0	0	3006	0	0	0	850	0	2368	0	4600	0	3290	0	22054	0	2998	0	0	0	602	0	0	0	0	0	260	0	344	0	0	0	0	0	0	0	0	0	0	0	0	0	0	0	0	
567180	Cerebelum_Crus1_L	0	0	0	0	0	0	0	0	0	0	0	0	0	0	0	0	0	0	0	0	0	0	0	0	0	0	0	0	0	0	0	0	0	0	0	0	144	0	86	0	0	0	0	0	0	0	4366	7444	0	0	0	0	188	88	22616	1524	0	0	0	0	0	0	0	0	0	0	0	0	0	0	0	0	0	0	0	0	0	0	0	0	136	0	0	0	0	0	0	0	6122	0	0	6162	35088	6058	544	514	17752	3470	69192	12036	18592	1656	24996	5994	1572	382	346	0	264	776	6246	16882	10064	1486	690	114	
457952	Cerebelum_Crus1_R	0	0	0	0	0	0	0	0	0	0	0	0	0	0	0	0	0	0	0	0	0	0	0	0	0	0	0	0	0	0	0	0	0	0	0	0	0	108	0	90	0	0	0	0	0	0	1200	2192	0	0	0	0	0	0	398	13796	0	0	0	0	0	0	0	0	0	0	0	0	0	0	0	0	0	0	0	0	0	0	0	0	0	0	0	0	0	0	0	0	0	602	6162	0	1312	38026	1262	418	5290	11842	8926	52074	2780	11568	4320	30934	742	1784	110	94	402	1002	8024	10426	8766	2998	1242	86	
284700	Cerebelum_Crus2_L	0	0	0	0	0	0	0	0	0	0	0	0	0	0	0	0	0	0	0	0	0	0	0	0	0	0	0	0	0	0	0	0	0	0	0	0	0	0	0	0	0	0	0	0	0	0	0	654	0	0	0	0	0	0	136	0	0	0	0	0	0	0	0	0	0	0	0	0	0	0	0	0	0	0	0	0	0	0	0	0	0	0	0	0	0	0	0	0	580	0	35088	1312	0	8276	0	0	202	0	5528	1398	35028	3712	33602	4542	1568	128	108	0	0	0	0	1858	6284	2072	274	0	
343844	Cerebelum_Crus2_R	0	0	0	0	0	0	0	0	0	0	0	0	0	0	0	0	0	0	0	0	0	0	0	0	0	0	0	0	0	0	0	0	0	0	0	0	0	0	0	0	0	0	0	0	0	0	0	0	0	0	0	0	0	0	0	0	0	0	0	0	0	0	0	0	0	0	0	0	0	0	0	0	0	0	0	0	0	0	0	0	0	0	0	0	0	0	0	0	0	0	6058	38026	8276	0	0	0	0	0	1822	4380	7130	29262	7296	46534	504	2788	0	328	0	0	0	1914	13800	3370	434	0	
64056	Cerebelum_3_L	0	0	0	0	0	0	0	0	0	0	0	0	0	0	0	0	0	0	0	0	0	0	0	0	0	0	0	0	0	0	0	0	0	0	0	0	0	0	472	0	0	0	0	0	0	0	0	136	0	0	0	0	0	0	860	308	0	0	0	0	0	0	0	0	0	0	0	0	0	0	0	0	0	0	0	0	0	0	0	0	84	0	0	0	0	0	0	0	168	0	544	1262	0	0	0	470	8164	1252	4594	1972	0	0	292	0	1160	388	292	0	1208	2666	3152	1780	0	0	342	462	
49264	Cerebelum_3_R	0	0	0	0	0	0	0	0	0	0	0	0	0	0	0	0	0	0	0	0	0	0	0	0	0	0	0	0	0	0	0	0	0	0	0	0	0	82	0	118	0	0	0	0	0	0	160	0	0	0	0	0	0	0	116	336	0	0	0	0	0	0	0	0	0	0	0	0	0	0	0	0	0	0	0	0	0	0	0	0	0	0	0	0	0	0	0	0	0	0	514	418	0	0	470	0	1216	4036	1920	3800	124	0	70	0	432	834	0	0	858	3672	1620	2200	136	514	878	108	
359972	Cerebelum_4_5_L	0	0	0	0	0	0	0	0	0	0	0	0	0	0	0	0	0	0	0	0	0	0	0	0	0	0	0	0	204	0	0	0	0	0	0	0	322	0	658	0	0	0	0	72	0	0	9566	6420	0	0	0	0	148	0	15256	3600	0	0	0	0	0	0	0	0	0	0	0	0	0	0	0	0	0	0	0	0	0	0	0	0	570	0	0	0	0	0	0	0	1004	0	17752	5290	202	0	8164	1216	0	12158	39680	12494	290	0	1124	106	4446	1412	1188	0	1384	3202	22158	6592	0	118	1406	1784	
289412	Cerebelum_4_5_R	308	0	0	0	0	0	0	0	0	0	0	0	0	0	0	0	0	0	0	0	0	0	0	0	0	0	0	0	0	78	0	0	0	0	388	720	328	2262	70	3316	0	0	0	458	0	0	3454	9698	0	0	0	0	0	428	1630	15716	0	0	0	0	0	0	0	0	0	0	0	1078	0	0	0	0	0	156	0	0	302	216	0	0	0	0	0	0	0	0	0	0	0	260	3470	11842	0	0	1252	4036	12158	0	9090	34774	84	0	0	0	460	198	130	110	418	2260	20688	2194	78	220	272	106	
626584	Cerebelum_6_L	0	0	0	0	0	0	0	0	0	0	0	0	0	0	0	0	0	0	0	0	0	0	0	0	0	0	0	0	242	0	0	0	0	0	0	0	390	0	252	0	0	0	0	0	0	0	10308	10546	0	0	92	0	1086	86	36626	3122	0	0	0	0	0	0	0	0	0	0	0	0	0	0	0	0	0	0	0	0	0	0	0	0	702	0	0	0	0	0	0	0	4500	0	69192	8926	5528	1822	4594	1920	39680	9090	0	19112	6848	322	8616	3046	3890	2620	1250	94	1376	3208	16148	24852	6142	2756	3124	1184	
504304	Cerebelum_6_R	0	0	0	0	0	0	0	0	0	0	0	0	0	0	0	0	0	0	0	0	0	0	0	0	0	0	0	0	0	108	0	0	0	0	0	0	0	706	0	440	0	0	0	0	0	0	3486	10398	0	0	0	0	0	390	1592	25982	0	0	0	0	0	0	0	0	0	0	0	0	0	0	0	0	0	192	0	0	0	0	0	0	0	0	0	0	0	100	0	0	0	344	12036	52074	1398	4380	1972	3800	12494	34774	19112	0	1660	1638	2662	4946	1046	1174	190	260	542	2458	21304	19638	5392	1944	1342	178	
300824	Cerebelum_7b_L	0	0	0	0	0	0	0	0	0	0	0	0	0	0	0	0	0	0	0	0	0	0	0	0	0	0	0	0	0	0	0	0	0	0	0	0	0	0	0	0	0	0	0	0	0	0	0	228	0	0	0	0	0	0	98	0	0	0	0	0	0	0	0	0	0	0	0	0	0	0	0	0	0	0	0	0	0	0	0	0	0	0	0	0	0	0	0	0	90	0	18592	2780	35028	7130	0	124	290	84	6848	1660	0	2872	41790	8128	7202	490	248	0	0	132	76	2582	8264	4950	726	0	
188448	Cerebelum_7b_R	0	0	0	0	0	0	0	0	0	0	0	0	0	0	0	0	0	0	0	0	0	0	0	0	0	0	0	0	0	0	0	0	0	0	0	0	0	0	0	0	0	0	0	0	0	0	0	0	0	0	0	0	0	0	0	0	0	0	0	0	0	0	0	0	0	0	0	0	0	0	0	0	0	0	0	0	0	0	0	0	0	0	0	0	0	0	0	0	0	0	1656	11568	3712	29262	0	0	0	0	322	1638	2872	0	2310	29692	170	3062	0	302	0	0	0	414	5270	1770	204	0	
373964	Cerebelum_8_L	0	0	0	0	0	0	0	0	0	0	0	0	0	0	0	0	0	0	0	0	0	0	0	0	0	0	0	0	0	0	0	0	0	0	0	0	0	0	0	0	0	0	0	0	0	0	0	356	0	0	0	0	0	0	74	0	0	0	0	0	0	0	0	0	0	0	0	0	0	0	0	0	0	0	0	0	0	0	0	0	0	0	0	0	0	0	0	0	318	0	24996	4320	33602	7296	292	70	1124	0	8616	2662	41790	2310	0	11248	18864	1968	1690	0	0	76	86	4026	9582	9038	2578	0	
385400	Cerebelum_8_R	0	0	0	0	0	0	0	0	0	0	0	0	0	0	0	0	0	0	0	0	0	0	0	0	0	0	0	0	0	0	0	0	0	0	0	0	0	0	0	0	0	0	0	0	0	0	0	0	0	0	0	0	0	0	0	0	0	0	0	0	0	0	0	0	0	0	0	0	0	0	0	0	0	0	0	0	0	0	0	0	0	0	0	0	0	0	0	0	0	0	5994	30934	4542	46534	0	0	106	0	3046	4946	8128	29692	11248	0	2140	18616	0	926	0	0	116	3164	12044	8086	2326	112	
130372	Cerebelum_9_L	0	0	0	0	0	0	0	0	0	0	0	0	0	0	0	0	0	0	0	0	0	0	0	0	0	0	0	0	0	0	0	0	0	0	0	0	0	0	0	0	0	0	0	0	0	0	0	0	0	0	0	0	0	0	90	0	0	0	0	0	0	0	0	0	0	0	0	0	0	0	0	0	0	0	0	0	0	0	0	0	0	0	0	0	0	0	0	0	0	0	1572	742	1568	504	1160	432	4446	460	3890	1046	7202	170	18864	2140	0	3304	3542	0	222	522	1182	2824	1108	3154	3926	1116	
130600	Cerebelum_9_R	0	0	0	0	0	0	0	0	0	0	0	0	0	0	0	0	0	0	0	0	0	0	0	0	0	0	0	0	0	0	0	0	0	0	0	0	0	0	0	0	0	0	0	0	0	0	0	0	0	0	0	0	0	0	0	0	0	0	0	0	0	0	0	0	0	0	0	0	0	0	0	0	0	0	0	0	0	0	0	0	0	0	0	0	0	0	0	0	0	0	382	1784	128	2788	388	834	1412	198	2620	1174	490	3062	1968	18616	3304	0	192	1892	670	1374	1602	4114	2448	4764	7034	2062	
20588	Cerebelum_10_L	0	0	0	0	0	0	0	0	0	0	0	0	0	0	0	0	0	0	0	0	0	0	0	0	0	0	0	0	0	0	0	0	0	0	0	0	0	0	0	0	0	0	0	0	0	0	0	0	0	0	0	0	0	0	0	0	0	0	0	0	0	0	0	0	0	0	0	0	0	0	0	0	0	0	0	0	0	0	0	0	0	0	0	0	0	0	0	0	0	0	346	110	108	0	292	0	1188	130	1250	190	248	0	1690	0	3542	192	0	0	0	102	168	372	0	0	240	126	
9288	Cerebelum_10_R	0	0	0	0	0	0	0	0	0	0	0	0	0	0	0	0	0	0	0	0	0	0	0	0	0	0	0	0	0	0	0	0	0	0	0	0	0	0	0	0	0	0	0	0	0	0	0	0	0	0	0	0	0	0	0	0	0	0	0	0	0	0	0	0	0	0	0	0	0	0	0	0	0	0	0	0	0	0	0	0	0	0	0	0	0	0	0	0	0	0	0	94	0	328	0	0	0	110	94	260	0	302	0	926	0	1892	0	0	0	0	0	0	172	188	278	0	
33324	Vermis_1_2	0	0	0	0	0	0	0	0	0	0	0	0	0	0	0	0	0	0	0	0	0	0	0	0	0	0	0	0	0	0	0	0	0	0	0	0	0	0	90	0	0	0	0	0	0	0	0	0	0	0	0	0	0	0	0	182	0	0	0	0	0	0	0	0	0	0	0	0	0	0	0	0	0	0	0	0	0	0	0	0	0	0	0	0	0	0	0	0	0	0	264	402	0	0	1208	858	1384	418	1376	542	0	0	0	0	222	670	0	0	0	5406	1982	980	0	164	514	0	
74316	Vermis_3	0	0	0	0	0	0	0	0	0	0	0	0	0	0	0	0	0	0	0	0	0	0	0	0	0	0	0	0	0	0	0	0	0	0	0	0	0	0	230	0	0	0	0	0	0	0	238	88	0	0	0	0	0	0	146	382	0	0	0	0	0	0	0	0	0	0	0	0	0	0	0	0	0	0	0	0	0	0	0	0	0	0	0	0	0	0	0	0	0	0	776	1002	0	0	2666	3672	3202	2260	3208	2458	132	0	76	0	522	1374	102	0	5406	0	4376	2818	98	522	1268	136	
292740	Vermis_4_5	0	0	0	0	0	0	0	0	0	0	0	0	0	0	0	0	0	0	0	0	0	0	0	0	0	0	0	0	0	0	0	0	0	0	0	610	0	628	0	356	0	0	0	198	0	0	5640	7810	0	0	0	0	0	0	3314	7308	0	0	0	0	0	0	0	0	0	0	0	704	0	0	0	0	0	0	0	0	0	0	0	0	0	0	0	0	0	0	0	0	0	0	6246	8024	0	0	3152	1620	22158	20688	16148	21304	76	0	86	116	1182	1602	168	0	1982	4376	0	7106	0	118	1366	2284	
300984	Vermis_6	0	0	0	0	0	0	0	0	0	0	0	0	0	0	0	0	0	0	0	0	0	0	0	0	0	0	0	0	0	0	0	0	0	0	0	0	0	0	0	0	0	0	0	0	0	0	2366	8448	0	0	0	0	0	238	2868	2252	0	0	0	0	0	0	0	0	0	0	0	0	0	0	0	0	0	0	0	0	0	0	0	0	0	0	0	0	0	0	0	0	0	0	16882	10426	1858	1914	1780	2200	6592	2194	24852	19638	2582	414	4026	3164	2824	4114	372	0	980	2818	7106	0	6702	2982	4894	3006	
210648	Vermis_7	0	0	0	0	0	0	0	0	0	0	0	0	0	0	0	0	0	0	0	0	0	0	0	0	0	0	0	0	0	0	0	0	0	0	0	0	0	0	0	0	0	0	0	0	0	0	132	170	0	0	0	0	0	0	422	110	0	0	0	0	0	0	0	0	0	0	0	0	0	0	0	0	0	0	0	0	0	0	0	0	0	0	0	0	0	0	0	0	0	0	10064	8766	6284	13800	0	136	0	78	6142	5392	8264	5270	9582	12044	1108	2448	0	172	0	98	0	6702	0	5950	2190	0	
