data	data	389716	211440	924188	809400	143668	71368	574460	309788	85024	31564	284188	346364	301404	190868	208256	151560	296684	168092	590724	646484	114004	115592	412328	448156	62920	108612	79576	84876	640684	605480	473000	595804	214120	545096	170996	202524	288156	466976	123152	369376	32044	92520	238532	319200	138816	223996	338948	380936	135352	246096	412128	215916	149948	85964	389104	605596	216952	177232	95268	93296	185432	91136	73804	107776	129508	122876	238256	449132	185020	80732	487888	596400	448200	464532	99540	80692	171120	217420	85408	45920	302860	178520	135128	96808	373440	221844	27232	41812	267088	244704	434440	389324	198472	284620	33924	65660	237192	291156	409904	369000	194324	173976	230648	283640	126744	143064	21676	22564	22980	60760	326244	192392	153592	115432	88328	46148	
data	data	Precentral_L	Precentral_R	Frontal_Sup_L	Frontal_Sup_R	Frontal_Sup_Orb_L	Frontal_Sup_Orb_R	Frontal_Mid_L	Frontal_Mid_R	Frontal_Mid_Orb_L	Frontal_Mid_Orb_R	Frontal_Inf_Oper_L	Frontal_Inf_Oper_R	Frontal_Inf_Tri_L	Frontal_Inf_Tri_R	Frontal_Inf_Orb_L	Frontal_Inf_Orb_R	Rolandic_Oper_L	Rolandic_Oper_R	Supp_Motor_Area_L	Supp_Motor_Area_R	Olfactory_L	Olfactory_R	Frontal_Sup_Medial_L	Frontal_Sup_Medial_R	Frontal_Med_Orb_L	Frontal_Med_Orb_R	Rectus_L	Rectus_R	Insula_L	Insula_R	Cingulum_Ant_L	Cingulum_Ant_R	Cingulum_Mid_L	Cingulum_Mid_R	Cingulum_Post_L	Cingulum_Post_R	Hippocampus_L	Hippocampus_R	ParaHippocampal_L	ParaHippocampal_R	Amygdala_L	Amygdala_R	Calcarine_L	Calcarine_R	Cuneus_L	Cuneus_R	Lingual_L	Lingual_R	Occipital_Sup_L	Occipital_Sup_R	Occipital_Mid_L	Occipital_Mid_R	Occipital_Inf_L	Occipital_Inf_R	Fusiform_L	Fusiform_R	Postcentral_L	Postcentral_R	Parietal_Sup_L	Parietal_Sup_R	Parietal_Inf_L	Parietal_Inf_R	SupraMarginal_L	SupraMarginal_R	Angular_L	Angular_R	Precuneus_L	Precuneus_R	Paracentral_Lobule_L	Paracentral_Lobule_R	Caudate_L	Caudate_R	Putamen_L	Putamen_R	Pallidum_L	Pallidum_R	Thalamus_L	Thalamus_R	Heschl_L	Heschl_R	Temporal_Sup_L	Temporal_Sup_R	Temporal_Pole_Sup_L	Temporal_Pole_Sup_R	Temporal_Mid_L	Temporal_Mid_R	Temporal_Pole_Mid_L	Temporal_Pole_Mid_R	Temporal_Inf_L	Temporal_Inf_R	Cerebelum_Crus1_L	Cerebelum_Crus1_R	Cerebelum_Crus2_L	Cerebelum_Crus2_R	Cerebelum_3_L	Cerebelum_3_R	Cerebelum_4_5_L	Cerebelum_4_5_R	Cerebelum_6_L	Cerebelum_6_R	Cerebelum_7b_L	Cerebelum_7b_R	Cerebelum_8_L	Cerebelum_8_R	Cerebelum_9_L	Cerebelum_9_R	Cerebelum_10_L	Cerebelum_10_R	Vermis_1_2	Vermis_3	Vermis_4_5	Vermis_6	Vermis_7	Vermis_8	Vermis_9	Vermis_10	
389716	Precentral_L	0	554	14034	570	0	0	20954	0	0	0	11506	1596	2004	0	0	0	7750	0	6722	632	0	0	0	278	0	0	0	0	10314	1690	202	398	544	116	10434	2402	6572	480	1400	172	0	0	1602	0	486	0	972	0	310	0	3932	0	518	0	814	152	25770	134	846	0	2064	0	318	122	460	0	3472	0	16460	0	1974	1408	4348	202	1434	0	11836	4186	2648	0	1730	0	216	0	3240	0	0	0	1880	0	0	0	0	0	0	0	0	0	0	0	0	0	0	0	0	0	0	0	0	0	0	0	0	0	0	0	
211440	Precentral_R	554	0	170	12008	0	0	98	11246	0	0	0	16796	0	1740	0	0	0	2398	986	8746	0	0	0	374	0	0	0	0	0	4048	426	926	262	956	0	670	0	3648	0	776	0	0	0	286	0	142	0	120	0	792	0	1390	0	0	0	920	0	13714	0	156	0	388	0	1274	0	404	104	3490	2178	1018	616	1914	302	4432	280	836	130	1018	0	260	0	818	0	0	0	758	0	0	0	1152	0	0	0	0	0	0	0	0	0	0	0	0	0	0	0	0	0	0	0	0	0	0	0	0	0	0	
924188	Frontal_Sup_L	14034	170	0	8694	11244	0	86228	1208	7756	0	10864	3248	16448	1148	12230	1066	7596	414	65540	11172	168	0	40048	11592	1292	114	1536	0	23636	3650	21436	12292	8430	10172	754	354	2668	430	324	144	0	0	88	0	0	0	0	0	0	0	108	0	0	0	266	98	1918	140	0	0	312	0	0	132	0	0	278	118	1202	0	12202	5414	21538	1614	3800	438	5668	3936	608	0	2292	0	1286	0	212	0	0	0	326	0	0	0	0	0	0	0	0	0	0	0	0	0	0	0	0	0	0	0	0	0	0	0	0	0	0	0	
809400	Frontal_Sup_R	570	12008	8694	0	0	2494	2018	47694	0	1414	1024	18136	548	10848	228	8662	638	4682	10016	49188	0	300	9292	38714	128	4188	0	1358	1824	26342	5546	28596	1640	20688	0	922	120	7372	0	1196	0	0	0	0	0	0	0	164	0	246	0	436	0	0	0	902	0	1508	0	0	0	0	0	356	0	0	0	1672	1876	154	7610	25268	3098	20928	1300	3122	326	6398	0	216	172	428	438	320	0	260	0	0	0	414	0	0	0	0	0	0	0	0	0	0	0	0	0	0	0	0	0	0	0	0	0	0	0	0	0	0	
143668	Frontal_Sup_Orb_L	0	0	11244	0	0	112	2618	0	11582	0	0	0	486	0	9402	0	0	0	162	0	2888	336	4490	130	4604	334	7326	154	3332	0	3852	168	0	0	0	0	200	0	0	0	0	0	0	0	0	0	0	0	0	0	0	0	0	0	0	0	0	0	0	0	0	0	0	0	0	0	0	0	0	0	2748	0	5438	0	0	0	0	0	0	0	0	0	228	0	0	0	0	0	0	0	0	0	0	0	0	0	0	0	0	0	0	0	0	0	0	0	0	0	0	0	0	0	0	0	0	0	
71368	Frontal_Sup_Orb_R	0	0	0	2494	112	0	0	678	0	3924	0	0	0	0	0	3330	0	0	0	0	356	2186	0	1322	288	6494	162	8184	0	1506	356	1364	0	0	0	0	0	140	0	98	0	110	0	0	0	0	0	0	0	0	0	0	0	0	0	118	0	0	0	0	0	0	0	0	0	0	0	0	0	0	184	1336	0	942	0	0	0	0	0	0	0	0	0	0	0	0	0	0	0	0	0	0	0	0	0	0	0	0	0	0	0	0	0	0	0	0	0	0	0	0	0	0	0	0	0	0	
574460	Frontal_Mid_L	20954	98	86228	2018	2618	0	0	708	4900	0	13004	1908	31316	216	14454	270	3696	0	17382	1502	0	0	13052	3020	0	0	0	0	18530	2036	7988	3248	4342	3402	602	532	1912	218	490	0	0	0	0	0	0	0	138	0	0	0	98	0	0	0	382	0	1032	88	0	0	238	0	0	0	0	0	182	0	320	0	3740	2402	4932	222	1020	0	5544	2326	588	0	1382	0	1410	0	162	0	0	0	380	0	0	0	0	0	0	0	0	0	0	0	0	0	0	0	0	0	0	0	0	0	0	0	0	0	0	0	
309788	Frontal_Mid_R	0	11246	1208	47694	0	678	708	0	0	2376	700	11504	282	18602	120	7006	382	1412	1982	6282	0	0	994	4450	0	0	0	0	970	9458	1138	4818	112	3354	0	0	0	2262	0	444	0	0	0	0	0	0	0	0	0	0	0	200	0	0	0	290	0	302	0	0	0	0	0	0	0	0	0	392	0	0	2680	4248	328	4662	0	308	0	430	0	0	0	350	354	168	0	0	0	0	0	0	0	0	0	0	0	0	0	0	0	0	0	0	0	0	0	0	0	0	0	0	0	0	0	0	0	0	
85024	Frontal_Mid_Orb_L	0	0	7756	0	11582	0	4900	0	0	0	0	0	1136	0	11600	0	0	0	332	0	108	0	344	0	316	0	696	0	1854	0	426	0	96	0	0	0	0	0	0	0	0	0	0	0	0	0	0	0	0	0	0	0	0	0	0	0	0	0	0	0	0	0	0	0	0	0	0	0	0	0	142	0	1224	0	0	0	0	0	0	0	0	0	0	0	0	0	0	0	0	0	0	0	0	0	0	0	0	0	0	0	0	0	0	0	0	0	0	0	0	0	0	0	0	0	0	0	
31564	Frontal_Mid_Orb_R	0	0	0	1414	0	3924	0	2376	0	0	0	0	0	356	0	5162	0	0	0	0	0	0	0	0	0	320	0	516	0	1040	0	152	0	0	0	0	0	0	0	0	0	0	0	0	0	0	0	0	0	0	0	0	0	0	0	0	0	0	0	0	0	0	0	0	0	0	0	0	0	0	104	284	0	134	0	0	0	0	0	0	0	0	0	0	0	0	0	0	0	0	0	0	0	0	0	0	0	0	0	0	0	0	0	0	0	0	0	0	0	0	0	0	0	0	0	0	
284188	Frontal_Inf_Oper_L	11506	0	10864	1024	0	0	13004	700	0	0	0	210	17264	132	388	0	21024	0	7816	742	0	0	262	0	0	0	0	0	22752	224	1148	168	0	128	0	0	672	0	0	0	0	0	0	0	0	0	0	0	0	0	0	0	0	0	0	0	4626	0	0	0	0	0	0	0	0	0	0	0	0	0	2502	1754	2866	240	750	136	196	106	1106	0	9278	0	7154	0	1158	0	0	0	194	0	0	0	0	0	0	0	0	0	0	0	0	0	0	0	0	0	0	0	0	0	0	0	0	0	0	0	
346364	Frontal_Inf_Oper_R	1596	16796	3248	18136	0	0	1908	11504	0	0	210	0	340	11784	180	898	394	5706	4616	8844	0	0	858	5636	0	0	0	0	772	34110	2976	5996	124	9048	0	0	200	1728	0	832	0	0	0	0	0	0	0	0	0	274	0	720	0	0	0	636	432	1380	0	112	0	174	0	380	0	172	0	1440	0	106	2844	3564	1486	6408	508	726	114	456	0	130	0	762	88	1244	0	268	0	0	0	318	0	0	0	0	0	0	0	0	0	0	0	0	0	0	0	0	0	0	0	0	0	0	0	0	0	0	
301404	Frontal_Inf_Tri_L	2004	0	16448	548	486	0	31316	282	1136	0	17264	340	0	92	16450	0	4230	0	4486	494	0	0	2824	542	0	0	0	0	29486	384	4494	1204	1472	966	0	0	226	0	0	0	0	0	0	0	0	0	0	0	0	0	0	0	0	0	0	0	262	0	0	0	0	0	0	0	0	0	0	0	0	0	3160	1058	3592	130	112	0	192	0	128	0	2144	0	2362	0	388	0	0	0	0	0	0	0	0	0	0	0	0	0	0	0	0	0	0	0	0	0	0	0	0	0	0	0	0	0	0	0	
190868	Frontal_Inf_Tri_R	0	1740	1148	10848	0	0	216	18602	0	356	132	11784	92	0	0	6246	92	1384	702	1972	0	0	1378	3618	0	0	0	0	268	14796	3310	6956	192	3604	0	0	0	246	0	198	0	0	0	0	0	0	0	0	0	0	0	0	0	0	0	132	0	200	0	0	0	0	0	0	0	0	0	0	0	0	1054	1202	282	1970	0	100	0	0	0	0	0	244	90	280	0	0	0	0	0	0	0	0	0	0	0	0	0	0	0	0	0	0	0	0	0	0	0	0	0	0	0	0	0	0	0	0	
208256	Frontal_Inf_Orb_L	0	0	12230	228	9402	0	14454	120	11600	0	388	180	16450	0	0	0	0	0	1034	104	2138	0	1672	336	494	0	1700	0	16750	206	2956	824	870	722	0	0	416	0	0	0	194	0	0	0	0	0	0	0	0	0	0	0	0	0	126	0	0	0	0	0	0	0	0	0	0	0	0	0	0	0	2278	408	4238	0	0	0	92	0	0	0	262	0	800	0	238	0	0	0	218	0	0	0	0	0	0	0	0	0	0	0	0	0	0	0	0	0	0	0	0	0	0	0	0	0	0	0	
151560	Frontal_Inf_Orb_R	0	0	1066	8662	0	3330	270	7006	0	5162	0	898	0	6246	0	0	0	346	264	490	332	2830	1556	3540	0	278	0	3182	216	13420	732	3844	350	2390	0	0	0	376	0	286	0	278	0	0	0	0	0	0	0	0	0	0	0	0	0	168	0	0	0	0	0	0	0	0	0	0	0	0	0	0	732	3664	208	3290	0	0	0	0	0	0	0	0	0	368	0	0	0	0	0	0	0	0	0	0	0	0	0	0	0	0	0	0	0	0	0	0	0	0	0	0	0	0	0	0	0	0	
296684	Rolandic_Oper_L	7750	0	7596	638	0	0	3696	382	0	0	21024	394	4230	92	0	0	0	0	6434	560	0	0	0	0	0	0	0	0	29314	424	342	0	0	0	142	0	5568	0	0	0	0	0	326	0	0	0	0	0	234	0	2916	0	748	0	156	0	5840	0	368	0	1004	0	2526	0	530	0	302	0	0	0	1492	1032	2504	184	738	124	184	0	4434	0	18038	0	7238	0	6682	0	0	0	2156	0	0	0	0	0	0	0	0	0	0	0	0	0	0	0	0	0	0	0	0	0	0	0	0	0	0	0	
168092	Rolandic_Oper_R	0	2398	414	4682	0	0	0	1412	0	0	0	5706	0	1384	0	346	0	0	746	3048	0	0	150	1618	0	0	0	0	108	22512	274	1232	122	2216	0	96	0	2718	0	718	0	0	0	172	0	0	0	90	0	260	0	294	0	0	0	1120	0	6888	0	0	0	0	0	4060	0	160	0	450	0	0	832	998	556	5290	334	220	0	158	0	3796	0	4036	0	878	0	782	0	0	0	772	0	0	0	0	0	0	0	0	0	0	0	0	0	0	0	0	0	0	0	0	0	0	0	0	0	0	
590724	Supp_Motor_Area_L	6722	986	65540	10016	162	0	17382	1982	332	0	7816	4616	4486	702	1034	264	6434	746	0	32520	0	0	8122	2476	0	0	0	0	12338	5394	5118	5796	13630	20296	1888	406	1608	666	138	158	0	0	0	0	0	0	0	0	0	0	100	0	0	0	170	116	1694	176	0	0	228	0	0	110	0	0	236	194	5820	0	10976	4658	16562	1920	4240	530	2648	1696	334	0	1756	0	940	0	198	0	0	0	286	0	0	0	0	0	0	0	0	0	0	0	0	0	0	0	0	0	0	0	0	0	0	0	0	0	0	0	
646484	Supp_Motor_Area_R	632	8746	11172	49188	0	0	1502	6282	0	0	742	8844	494	1972	104	490	560	3048	32520	0	0	0	3092	4880	0	0	0	0	1484	10958	3510	6268	8758	43718	446	9658	172	5832	0	1926	0	0	0	618	172	1182	0	836	0	1400	0	1580	0	0	0	2484	0	2588	0	90	0	0	0	400	0	0	174	10548	7928	7916	5678	20376	2988	8900	1166	2436	258	12300	0	280	222	496	246	0	0	1426	0	0	0	1008	0	0	0	0	0	0	0	108	0	0	0	0	0	0	0	0	0	0	0	0	440	0	0	0	0	0	
114004	Olfactory_L	0	0	168	0	2888	356	0	0	108	0	0	0	0	0	2138	332	0	0	0	0	0	5768	0	0	2410	736	4614	1078	3488	260	6272	2406	0	0	0	0	1366	0	396	0	934	0	0	0	0	0	0	0	0	0	0	0	0	0	372	0	0	0	0	0	0	0	0	0	0	0	0	0	0	0	10458	4176	4804	1266	0	0	0	0	0	0	0	0	208	0	0	0	0	0	0	0	0	0	0	0	0	0	0	0	0	0	0	0	0	0	0	0	0	0	0	0	0	0	0	0	0	0	
115592	Olfactory_R	0	0	0	300	336	2186	0	0	0	0	0	0	0	0	0	2830	0	0	0	0	5768	0	0	0	210	2726	242	5586	194	4154	3872	4098	0	0	0	0	0	724	0	602	0	650	0	0	0	0	0	0	0	0	0	0	0	0	0	516	0	0	0	0	0	0	0	0	0	0	0	0	0	0	6278	9100	3712	2508	188	398	0	112	0	0	0	0	0	268	0	0	0	0	0	238	0	0	0	0	0	0	0	0	0	0	0	0	0	0	0	0	0	0	0	0	0	0	0	0	0	0	
412328	Frontal_Sup_Medial_L	0	0	40048	9292	4490	0	13052	994	344	0	262	858	2824	1378	1672	1556	0	150	8122	3092	0	0	0	28160	2078	808	1024	0	2958	1048	29716	22278	8662	16236	0	0	0	0	0	0	0	0	0	0	0	0	0	0	0	0	0	0	0	0	0	0	0	0	0	0	0	0	0	0	0	0	0	0	0	0	2040	724	1732	566	0	0	0	0	0	0	0	0	0	0	0	0	0	0	0	0	0	0	0	0	0	0	0	0	0	0	0	0	0	0	0	0	0	0	0	0	0	0	0	0	0	0	
448156	Frontal_Sup_Medial_R	278	374	11592	38714	130	1322	3020	4450	0	0	0	5636	542	3618	336	3540	0	1618	2476	4880	0	0	28160	0	346	5866	102	354	908	8308	11306	35562	2646	19928	0	0	0	252	0	128	0	0	0	0	0	0	0	0	0	0	0	0	0	0	0	98	0	0	0	0	0	0	0	0	0	0	0	0	0	0	2020	12978	836	10470	0	518	164	402	0	0	0	0	0	200	0	0	0	0	0	0	0	0	0	0	0	0	0	0	0	0	0	0	0	0	0	0	0	0	0	0	0	0	0	0	0	0	
62920	Frontal_Med_Orb_L	0	0	1292	128	4604	288	0	0	316	0	0	0	0	0	494	0	0	0	0	0	2410	210	2078	346	0	1682	5852	340	280	0	6188	1024	0	0	0	0	0	0	0	0	0	0	0	0	0	0	0	0	0	0	0	0	0	0	0	0	0	0	0	0	0	0	0	0	0	0	0	0	0	0	2274	168	1486	0	0	0	0	0	0	0	0	0	0	0	0	0	0	0	0	0	0	0	0	0	0	0	0	0	0	0	0	0	0	0	0	0	0	0	0	0	0	0	0	0	0	0	
108612	Frontal_Med_Orb_R	0	0	114	4188	334	6494	0	0	0	320	0	0	0	0	0	278	0	0	0	0	736	2726	808	5866	1682	0	558	8982	0	486	4136	8238	0	0	0	0	0	0	0	0	0	0	0	0	0	0	0	0	0	0	0	0	0	0	0	0	0	0	0	0	0	0	0	0	0	0	0	0	0	0	432	4820	126	2848	0	134	0	0	0	0	0	0	0	0	0	0	0	0	0	0	0	0	0	0	0	0	0	0	0	0	0	0	0	0	0	0	0	0	0	0	0	0	0	0	0	0	
79576	Rectus_L	0	0	1536	0	7326	162	0	0	696	0	0	0	0	0	1700	0	0	0	0	0	4614	242	1024	102	5852	558	0	358	924	0	5824	608	0	0	0	0	0	0	0	0	0	0	0	0	0	0	0	0	0	0	0	0	0	0	0	0	0	0	0	0	0	0	0	0	0	0	0	0	0	0	4514	250	3390	108	0	0	0	0	0	0	0	0	0	0	0	0	0	0	0	0	0	0	0	0	0	0	0	0	0	0	0	0	0	0	0	0	0	0	0	0	0	0	0	0	0	0	
84876	Rectus_R	0	0	0	1358	154	8184	0	0	0	516	0	0	0	0	0	3182	0	0	0	0	1078	5586	0	354	340	8982	358	0	0	2584	936	3130	0	0	0	0	0	0	0	0	0	0	0	0	0	0	0	0	0	0	0	0	0	0	0	0	0	0	0	0	0	0	0	0	0	0	0	0	0	0	570	3174	258	1694	0	0	0	0	0	0	0	0	0	0	0	0	0	0	0	0	0	0	0	0	0	0	0	0	0	0	0	0	0	0	0	0	0	0	0	0	0	0	0	0	0	0	
640684	Insula_L	10314	0	23636	1824	3332	0	18530	970	1854	0	22752	772	29486	268	16750	216	29314	108	12338	1484	3488	194	2958	908	280	0	924	0	0	1048	4546	1586	1674	684	782	0	16472	118	1302	0	1168	0	810	0	88	0	144	0	312	0	5026	0	724	0	3214	0	8744	0	2542	0	1892	0	2216	0	990	0	1684	0	334	0	8968	3346	20196	592	1108	146	1724	366	7878	0	16950	0	7108	0	6556	0	114	0	4392	0	98	0	0	0	0	0	0	0	0	0	0	0	0	0	0	0	0	0	0	0	0	0	0	0	0	0	
605480	Insula_R	1690	4048	3650	26342	0	1506	2036	9458	0	1040	224	34110	384	14796	206	13420	424	22512	5394	10958	260	4154	1048	8308	0	486	0	2584	1048	0	1882	5542	264	10622	0	704	262	14216	0	7116	0	1200	0	472	0	0	0	586	0	288	0	416	0	174	0	8198	440	2412	0	0	0	142	0	2170	0	380	0	1400	218	348	3322	6370	1898	25330	626	518	182	1426	0	5388	0	13462	100	4198	0	4518	0	206	0	5406	0	0	0	0	0	0	0	154	0	0	0	0	0	0	0	0	0	0	0	0	98	0	0	0	0	0	
473000	Cingulum_Ant_L	202	426	21436	5546	3852	356	7988	1138	426	0	1148	2976	4494	3310	2956	732	342	274	5118	3510	6272	3872	29716	11306	6188	4136	5824	936	4546	1882	0	35016	8130	11148	166	0	0	0	0	0	0	0	0	0	0	0	0	0	0	0	0	0	0	0	0	0	0	0	0	0	0	0	0	0	0	0	0	0	0	0	15020	9498	9800	5882	0	812	0	0	0	0	0	0	120	0	0	0	0	0	0	0	0	0	0	0	0	0	0	0	0	0	0	0	0	0	0	0	0	0	0	0	0	0	0	0	0	0	
595804	Cingulum_Ant_R	398	926	12292	28596	168	1364	3248	4818	0	152	168	5996	1204	6956	824	3844	0	1232	5796	6268	2406	4098	22278	35562	1024	8238	608	3130	1586	5542	35016	0	4252	23460	254	0	92	248	0	214	0	0	0	0	0	0	0	0	0	0	0	0	0	0	0	126	0	0	0	0	0	0	0	0	0	0	0	0	0	0	9330	30088	4860	18742	0	1304	338	674	0	0	0	0	0	182	0	0	0	0	0	0	0	0	0	0	0	0	0	0	0	0	0	0	0	0	0	0	0	0	0	0	0	0	0	0	0	0	
214120	Cingulum_Mid_L	544	262	8430	1640	0	0	4342	112	96	0	0	124	1472	192	870	350	0	122	13630	8758	0	0	8662	2646	0	0	0	0	1674	264	8130	4252	0	17744	5300	1514	0	0	0	0	0	0	602	0	890	320	114	0	162	266	366	90	0	0	0	0	536	212	410	0	104	0	0	0	0	0	3512	1256	4988	640	454	478	316	98	116	0	0	0	0	0	0	0	0	0	0	0	0	0	0	0	0	0	0	0	0	0	0	0	0	0	0	0	0	0	0	0	0	0	0	0	0	0	0	0	0	0	
545096	Cingulum_Mid_R	116	956	10172	20688	0	0	3402	3354	0	0	128	9048	966	3604	722	2390	0	2216	20296	43718	0	0	16236	19928	0	0	0	0	684	10622	11148	23460	17744	0	1268	8070	0	1446	0	654	0	0	0	402	330	1910	0	482	0	1156	0	676	0	0	0	690	0	420	0	0	0	0	0	0	0	0	600	10358	5270	4246	1028	4928	108	1684	0	0	0	4604	0	0	0	116	0	126	0	90	0	0	0	104	0	0	0	0	0	0	0	0	0	0	0	0	0	0	0	0	0	0	0	0	184	0	0	0	0	0	
170996	Cingulum_Post_L	10434	0	754	0	0	0	602	0	0	0	0	0	0	0	0	0	142	0	1888	446	0	0	0	0	0	0	0	0	782	0	166	254	5300	1268	0	5128	5408	290	1998	0	0	0	7368	566	1958	172	2954	332	0	0	870	0	260	0	406	128	806	0	308	0	120	0	0	0	0	0	12570	1380	8174	104	486	448	102	0	0	0	6394	2562	498	0	292	0	0	0	706	0	0	0	674	0	0	0	0	0	0	0	0	0	0	0	0	0	0	0	0	0	0	0	0	0	0	0	0	0	0	0	
202524	Cingulum_Post_R	2402	670	354	922	0	0	532	0	0	0	0	0	0	0	0	0	0	96	406	9658	0	0	0	0	0	0	0	0	0	704	0	0	1514	8070	5128	0	100	7058	0	4008	0	0	0	2476	312	1064	0	4950	0	696	0	696	0	0	0	3810	0	546	0	0	0	0	0	186	0	0	544	19816	2958	2996	442	804	0	264	0	0	4170	7504	0	312	0	790	0	0	0	1206	0	0	0	900	0	0	0	0	0	0	0	248	0	0	0	0	0	0	0	0	0	0	0	0	1950	0	0	0	0	0	
288156	Hippocampus_L	6572	0	2668	120	200	0	1912	0	0	0	672	200	226	0	416	0	5568	0	1608	172	1366	0	0	0	0	0	0	0	16472	262	0	92	0	0	5408	100	0	110	18302	0	6170	0	1806	0	0	0	4790	98	106	0	1186	0	1054	0	18062	0	3096	0	264	0	418	0	1074	0	162	0	5648	0	364	0	736	246	5746	0	1012	0	5052	330	4318	0	5336	0	758	0	2702	0	226	0	8914	0	762	0	0	0	0	0	366	0	830	0	0	0	0	0	0	0	0	0	0	0	0	0	0	0	0	0	
466976	Hippocampus_R	480	3648	430	7372	0	140	218	2262	0	0	0	1728	0	246	0	376	0	2718	666	5832	0	724	0	252	0	0	0	0	118	14216	0	248	0	1446	290	7058	110	0	0	48776	0	13144	0	3004	0	146	0	7726	0	160	0	264	0	382	0	43866	94	412	0	0	0	0	0	592	0	162	0	8890	432	356	324	2274	190	13412	0	1916	548	7342	0	1280	0	4598	0	3184	0	3088	0	554	0	13178	0	0	0	0	0	0	0	1008	0	194	0	0	0	0	0	0	0	0	0	0	1414	0	0	0	0	0	
123152	ParaHippocampal_L	1400	0	324	0	0	0	490	0	0	0	0	0	0	0	0	0	0	0	138	0	396	0	0	0	0	0	0	0	1302	0	0	0	0	0	1998	0	18302	0	0	0	2902	0	1432	0	0	0	4954	0	0	0	314	0	866	0	11596	0	330	0	0	0	0	0	0	0	0	0	3598	0	186	0	0	0	816	0	0	0	1146	0	1164	0	1060	0	2480	0	348	0	1326	0	1470	0	338	0	0	0	0	0	422	0	478	0	0	0	0	0	0	0	0	0	0	0	0	0	0	0	0	0	
369376	ParaHippocampal_R	172	776	144	1196	0	98	0	444	0	0	0	832	0	198	0	286	0	718	158	1926	0	602	0	128	0	0	0	0	0	7116	0	214	0	654	0	4008	0	48776	0	0	0	11438	0	2244	0	0	0	9684	0	110	0	186	0	378	0	42352	0	178	0	0	0	0	0	308	0	104	0	6682	238	292	136	1608	96	8506	0	1418	320	3430	0	392	0	2302	0	5338	0	2210	0	1936	0	7148	0	752	0	98	0	0	0	3598	0	1338	0	0	0	114	0	0	0	0	0	0	1308	0	0	0	0	0	
32044	Amygdala_L	0	0	0	0	0	0	0	0	0	0	0	0	0	0	194	0	0	0	0	0	934	0	0	0	0	0	0	0	1168	0	0	0	0	0	0	0	6170	0	2902	0	0	0	0	0	0	0	0	0	0	0	0	0	0	0	2348	0	0	0	0	0	0	0	0	0	0	0	0	0	0	0	220	0	480	0	0	0	0	0	0	0	0	0	1016	0	0	0	328	0	262	0	0	0	0	0	0	0	0	0	0	0	0	0	0	0	0	0	0	0	0	0	0	0	0	0	0	0	
92520	Amygdala_R	0	0	0	0	0	110	0	0	0	0	0	0	0	0	0	278	0	0	0	0	0	650	0	0	0	0	0	0	0	1200	0	0	0	0	0	0	0	13144	0	11438	0	0	0	0	0	0	0	0	0	0	0	0	0	0	0	8692	0	0	0	0	0	0	0	0	0	0	0	0	0	0	0	88	0	1590	0	138	0	0	0	0	0	0	0	4228	0	672	0	580	0	3452	0	0	0	0	0	0	0	0	0	0	0	0	0	0	0	0	0	0	0	0	0	0	0	0	0	0	
238532	Calcarine_L	1602	0	88	0	0	0	0	0	0	0	0	0	0	0	0	0	326	0	0	0	0	0	0	0	0	0	0	0	810	0	0	0	602	0	7368	0	1806	0	1432	0	0	0	0	7114	11134	4374	18160	3272	8590	800	17134	206	5310	294	1796	198	406	0	384	0	134	0	0	0	102	0	16670	728	2086	0	0	0	0	0	96	0	244	0	150	0	312	0	0	0	3560	0	0	0	1722	0	0	0	0	0	0	0	152	0	0	0	0	0	0	0	0	0	0	0	0	0	104	0	0	0	0	0	
319200	Calcarine_R	0	286	0	0	0	0	0	0	0	0	0	0	0	0	0	0	0	172	0	618	0	0	0	0	0	0	0	0	0	472	0	0	0	402	566	2476	0	3004	0	2244	0	0	7114	0	3384	25230	4464	28154	0	22024	0	10838	0	4254	0	6722	0	1518	88	1222	0	0	0	364	0	548	1040	20858	130	796	0	0	0	0	0	0	0	0	0	112	0	426	0	0	0	4952	0	0	0	2962	0	0	0	0	0	0	0	688	0	96	0	0	0	0	0	0	0	0	0	0	1376	0	0	0	0	0	
138816	Cuneus_L	486	0	0	0	0	0	0	0	0	0	0	0	0	0	0	0	0	0	0	172	0	0	0	0	0	0	0	0	88	0	0	0	890	330	1958	312	0	0	0	0	0	0	11134	3384	0	7146	1424	352	16178	898	8780	104	738	0	100	0	0	92	848	0	106	0	0	0	100	0	8664	3140	700	0	0	0	0	0	0	0	0	0	0	0	0	0	0	0	984	0	0	0	300	0	0	0	0	0	0	0	0	0	0	0	0	0	0	0	0	0	0	0	0	0	0	0	0	0	0	0	
223996	Cuneus_R	0	142	0	0	0	0	0	0	0	0	0	0	0	0	0	0	0	0	0	1182	0	0	0	0	0	0	0	0	0	0	0	0	320	1910	172	1064	0	146	0	0	0	0	4374	25230	7146	0	1348	3810	90	26656	0	5834	0	412	0	654	0	1590	124	2814	0	0	0	0	0	336	3772	19492	234	1040	0	238	0	0	0	0	0	270	0	0	0	0	0	0	0	1064	0	0	0	388	0	0	0	0	0	0	0	0	0	0	0	0	0	0	0	0	0	0	0	0	146	0	0	0	0	0	
338948	Lingual_L	972	0	0	0	0	0	138	0	0	0	0	0	0	0	0	0	0	0	0	0	0	0	0	0	0	0	0	0	144	0	0	0	114	0	2954	0	4790	0	4954	0	0	0	18160	4464	1424	1348	0	6948	2090	668	14256	258	10874	642	23120	1324	222	0	0	0	0	0	0	0	0	0	6222	118	806	0	0	0	94	0	0	0	958	0	182	0	280	0	0	0	1072	0	0	0	694	94	11998	1464	418	0	306	0	10968	876	17962	2326	280	0	428	0	308	0	0	0	0	178	6570	4618	390	0	0	0	
380936	Lingual_R	0	120	0	164	0	0	0	0	0	0	0	0	0	0	0	0	0	90	0	836	0	0	0	0	0	0	0	0	0	586	0	0	0	482	332	4950	98	7726	0	9684	0	0	3272	28154	352	3810	6948	0	0	5084	148	3364	292	8020	1488	27332	0	428	0	0	0	0	0	0	0	0	110	13498	170	746	0	572	0	0	0	0	132	1296	0	0	0	394	0	0	0	972	0	0	0	4232	1574	4338	90	556	0	348	2278	10754	4232	8386	0	178	0	314	0	182	0	122	0	150	14076	6332	422	0	0	254	
135352	Occipital_Sup_L	310	0	0	0	0	0	0	0	0	0	0	0	0	0	0	0	234	0	0	0	0	0	0	0	0	0	0	0	312	0	0	0	162	0	0	0	106	0	0	0	0	0	8590	0	16178	90	2090	0	0	0	24580	0	1374	0	140	0	122	0	2538	0	1210	0	0	0	2154	0	5218	0	316	0	0	0	0	0	0	0	0	0	0	0	132	0	0	0	1436	0	0	0	384	0	0	0	0	0	0	0	0	0	0	0	0	0	0	0	0	0	0	0	0	0	0	0	0	0	0	0	
246096	Occipital_Sup_R	0	792	0	246	0	0	0	0	0	0	0	274	0	0	0	0	0	260	0	1400	0	0	0	0	0	0	0	0	0	288	0	0	266	1156	0	696	0	160	0	110	0	0	800	22024	898	26656	668	5084	0	0	0	22610	0	1174	0	1722	0	2676	154	4992	0	1970	0	1550	0	3362	1860	13852	204	1162	0	0	0	0	0	0	0	0	0	142	0	720	0	0	0	1988	0	0	0	998	0	0	0	0	0	0	0	0	0	0	0	0	0	0	0	0	0	0	0	0	134	0	0	0	0	0	
412128	Occipital_Mid_L	3932	0	108	0	0	0	98	0	0	0	0	0	0	0	0	0	2916	0	100	0	0	0	0	0	0	0	0	0	5026	0	0	0	366	0	870	0	1186	0	314	0	0	0	17134	0	8780	0	14256	148	24580	0	0	0	21786	0	7160	0	2664	0	11362	0	14628	0	462	0	16660	0	8228	0	3258	0	0	0	0	0	0	0	0	0	1082	0	3754	0	0	0	25524	0	0	0	7886	0	126	190	0	0	0	0	0	0	556	268	0	0	0	0	0	0	0	0	0	0	168	488	0	0	0	0	
215916	Occipital_Mid_R	0	1390	0	436	0	0	0	200	0	0	0	720	0	0	0	0	0	294	0	1580	0	0	0	0	0	0	0	0	0	416	0	0	90	676	0	696	0	264	0	186	0	0	206	10838	104	5834	258	3364	0	22610	0	0	0	3822	0	2020	0	3044	0	2438	0	5978	0	3104	0	14170	642	6568	178	850	0	0	0	0	0	0	0	0	0	178	0	1424	0	0	0	10938	0	0	0	2284	0	0	0	0	0	0	0	0	0	0	0	0	0	0	0	0	0	0	0	0	158	0	0	0	0	0	
149948	Occipital_Inf_L	518	0	0	0	0	0	0	0	0	0	0	0	0	0	0	0	748	0	0	0	0	0	0	0	0	0	0	0	724	0	0	0	0	0	260	0	1054	0	866	0	0	0	5310	0	738	0	10874	292	1374	0	21786	0	0	0	11962	166	262	0	104	0	176	0	0	0	148	0	1560	0	238	0	0	0	0	0	0	0	0	0	924	0	838	0	0	0	5930	0	0	0	4558	0	364	416	0	0	0	0	0	0	1088	588	0	0	0	0	0	0	0	0	0	0	218	890	0	0	0	0	
85964	Occipital_Inf_R	0	0	0	0	0	0	0	0	0	0	0	0	0	0	0	0	0	0	0	0	0	0	0	0	0	0	0	0	0	174	0	0	0	0	0	0	0	382	0	378	0	0	294	4254	0	412	642	8020	0	1174	0	3822	0	0	126	11422	0	0	0	0	0	0	0	0	0	0	0	624	0	0	0	0	0	0	0	0	0	0	0	0	0	0	0	0	0	1342	0	0	0	7338	148	166	0	0	0	0	224	442	304	482	0	0	0	0	0	0	0	0	0	0	548	264	0	0	0	0	
389104	Fusiform_L	814	0	266	0	0	0	382	0	0	0	0	0	0	0	126	0	156	0	170	0	372	0	0	0	0	0	0	0	3214	0	0	0	0	0	406	0	18062	0	11596	0	2348	0	1796	0	100	0	23120	1488	140	0	7160	0	11962	126	0	610	210	0	0	0	0	0	0	0	0	0	876	0	0	0	152	0	1172	0	0	0	514	0	816	0	1958	0	4290	0	3016	0	2160	0	13284	0	21880	1192	1796	92	286	0	13166	718	28584	1664	1708	0	1008	116	322	170	0	0	0	116	3964	3768	702	174	158	106	
605596	Fusiform_R	152	920	98	902	0	118	0	290	0	0	0	636	0	132	0	168	0	1120	116	2484	0	516	0	98	0	0	0	0	0	8198	0	126	0	690	128	3810	0	43866	0	42352	0	8692	198	6722	0	654	1324	27332	0	1722	0	2020	166	11422	610	0	0	312	0	0	0	96	0	464	0	204	0	6050	456	558	0	1038	0	5860	0	730	306	2500	0	600	0	3480	0	6710	0	3620	0	2816	0	27680	678	12020	0	634	0	988	1532	17392	1950	19572	0	300	0	456	100	288	0	126	0	450	11304	3270	220	0	0	256	
216952	Postcentral_L	25770	0	1918	0	0	0	1032	0	0	0	4626	432	262	0	0	0	5840	0	1694	0	0	0	0	0	0	0	0	0	8744	440	0	0	536	0	806	0	3096	94	330	0	0	0	406	0	0	0	222	0	122	0	2664	0	262	0	210	0	0	150	5758	0	15950	0	6314	148	734	0	1818	0	3664	0	238	112	2580	0	446	0	1380	856	3032	0	3702	0	188	0	1216	0	0	0	684	0	0	0	0	0	0	0	0	0	0	0	0	0	0	0	0	0	0	0	0	0	0	0	0	0	0	0	
177232	Postcentral_R	134	13714	140	1508	0	0	88	302	0	0	0	1380	0	200	0	0	0	6888	176	2588	0	0	0	0	0	0	0	0	0	2412	0	0	212	420	0	546	0	412	0	178	0	0	0	1518	92	1590	0	428	0	2676	0	3044	0	0	0	312	150	0	0	7232	0	6300	0	9814	0	2308	162	11492	0	3994	0	0	0	428	0	0	0	148	0	718	0	1326	0	0	0	2286	0	0	0	1164	0	0	0	0	0	0	0	0	0	0	0	0	0	0	0	0	0	0	0	0	136	0	0	0	0	0	
95268	Parietal_Sup_L	846	0	0	0	0	0	0	0	0	0	0	0	0	0	0	0	368	0	0	0	0	0	0	0	0	0	0	0	2542	0	0	0	410	0	308	0	264	0	0	0	0	0	384	88	848	124	0	0	2538	154	11362	0	104	0	0	0	5758	0	0	0	9226	0	0	0	816	0	8658	214	1726	0	0	0	0	0	0	0	0	0	282	0	0	0	0	0	326	0	0	0	288	0	0	0	0	0	0	0	0	0	0	0	0	0	0	0	0	0	0	0	0	0	0	0	0	0	0	0	
93296	Parietal_Sup_R	0	156	0	0	0	0	0	0	0	0	0	112	0	0	0	0	0	0	0	90	0	0	0	0	0	0	0	0	0	0	0	0	0	0	0	0	0	0	0	0	0	0	0	1222	0	2814	0	0	0	4992	0	2438	0	0	0	0	0	7232	0	0	0	9622	0	1122	0	6282	1150	9096	0	320	0	0	0	0	0	0	0	0	0	0	0	0	0	0	0	0	0	0	0	0	0	0	0	0	0	0	0	0	0	0	0	0	0	0	0	0	0	0	0	0	0	0	0	0	0	0	
185432	Parietal_Inf_L	2064	0	312	0	0	0	238	0	0	0	0	0	0	0	0	0	1004	0	228	0	0	0	0	0	0	0	0	0	1892	0	0	0	104	0	120	0	418	0	0	0	0	0	134	0	106	0	0	0	1210	0	14628	0	176	0	0	0	15950	0	9226	0	0	0	7902	0	21090	0	774	0	1572	0	0	0	0	0	0	0	0	0	214	0	1984	0	0	0	8522	0	0	0	2848	0	0	0	0	0	0	0	0	0	0	0	0	0	0	0	0	0	0	0	0	0	0	0	0	0	0	0	
91136	Parietal_Inf_R	0	388	0	0	0	0	0	0	0	0	0	174	0	0	0	0	0	0	0	0	0	0	0	0	0	0	0	0	0	142	0	0	0	0	0	0	0	0	0	0	0	0	0	0	0	0	0	0	0	1970	0	5978	0	0	0	96	0	6300	0	9622	0	0	0	6714	0	12414	0	632	0	0	0	0	0	0	0	0	0	0	0	0	0	386	0	0	0	432	0	0	0	320	0	0	0	0	0	0	0	0	0	0	0	0	0	0	0	0	0	0	0	0	0	0	0	0	0	0	
73804	SupraMarginal_L	318	0	0	0	0	0	0	0	0	0	0	0	0	0	0	0	2526	0	0	0	0	0	0	0	0	0	0	0	2216	0	0	0	0	0	0	0	1074	0	0	0	0	0	0	0	0	0	0	0	0	0	462	0	0	0	0	0	6314	0	0	0	7902	0	0	0	4184	0	0	0	0	0	0	0	0	0	0	0	0	0	310	0	5652	0	0	0	5388	0	0	0	556	0	0	0	0	0	0	0	0	0	0	0	0	0	0	0	0	0	0	0	0	0	0	0	0	0	0	0	
107776	SupraMarginal_R	122	1274	132	356	0	0	0	0	0	0	0	380	0	0	0	0	0	4060	110	400	0	0	0	0	0	0	0	0	0	2170	0	0	0	0	0	186	0	592	0	308	0	0	0	364	0	0	0	0	0	1550	0	3104	0	0	0	464	148	9814	0	1122	0	6714	0	0	0	7286	0	1022	0	0	0	0	0	150	0	0	0	90	0	1310	0	8278	0	0	0	1368	0	0	0	1014	0	0	0	0	0	0	0	0	0	0	0	0	0	0	0	0	0	0	0	0	0	0	0	0	0	0	
129508	Angular_L	460	0	0	0	0	0	0	0	0	0	0	0	0	0	0	0	530	0	0	0	0	0	0	0	0	0	0	0	990	0	0	0	0	0	0	0	162	0	0	0	0	0	102	0	100	0	0	0	2154	0	16660	0	148	0	0	0	734	0	816	0	21090	0	4184	0	0	0	194	0	144	0	0	0	0	0	0	0	0	0	0	0	1742	0	0	0	11712	0	0	0	2832	0	0	0	0	0	0	0	0	0	0	0	0	0	0	0	0	0	0	0	0	0	0	0	0	0	0	0	
122876	Angular_R	0	404	0	0	0	0	0	0	0	0	0	172	0	0	0	0	0	160	0	0	0	0	0	0	0	0	0	0	0	380	0	0	0	0	0	0	0	162	0	104	0	0	0	548	0	336	0	0	0	3362	0	14170	0	0	0	204	0	2308	0	6282	0	12414	0	7286	0	0	0	1184	0	0	0	0	0	0	0	0	0	0	0	0	0	4890	0	0	0	5976	0	0	0	1096	0	0	0	0	0	0	0	0	0	0	0	0	0	0	0	0	0	0	0	0	0	0	0	0	0	0	
238256	Precuneus_L	3472	104	278	0	0	0	182	0	0	0	0	0	0	0	0	0	302	0	236	174	0	0	0	0	0	0	0	0	1684	0	0	0	3512	600	12570	544	5648	0	3598	0	0	0	16670	1040	8664	3772	6222	110	5218	1860	8228	642	1560	0	876	0	1818	162	8658	1150	774	0	0	0	194	0	0	8408	4152	178	0	0	0	0	90	0	1656	0	410	0	244	0	0	0	2156	0	0	0	1220	0	0	0	0	0	0	0	92	0	0	0	0	0	0	0	0	0	0	0	0	0	0	0	0	0	0	0	
449132	Precuneus_R	0	3490	118	1672	0	0	0	392	0	0	0	1440	0	0	0	0	0	450	194	10548	0	0	0	0	0	0	0	0	0	1400	0	0	1256	10358	1380	19816	0	8890	0	6682	0	0	728	20858	3140	19492	118	13498	0	13852	0	6568	0	624	0	6050	0	11492	214	9096	0	632	0	1022	0	1184	8408	0	2402	8578	0	492	0	112	0	0	0	1996	0	454	0	4692	0	0	0	11622	0	0	0	3246	0	0	0	0	0	0	0	966	0	96	0	0	0	0	0	0	0	0	0	0	4848	0	0	0	0	0	
185020	Paracentral_Lobule_L	16460	2178	1202	1876	0	0	320	0	0	0	0	0	0	0	0	0	0	0	5820	7928	0	0	0	0	0	0	0	0	334	218	0	0	4988	5270	8174	2958	364	432	186	238	0	0	2086	130	700	234	806	170	316	204	3258	178	238	0	0	456	3664	0	1726	0	1572	0	0	0	144	0	4152	2402	0	1826	376	1066	380	216	494	0	896	1368	0	0	314	0	0	0	3028	0	0	0	1018	146	0	0	0	0	0	0	0	0	0	0	0	0	0	0	0	0	0	0	0	0	0	0	0	0	0	0	
80732	Paracentral_Lobule_R	0	1018	0	154	0	0	0	0	0	0	0	106	0	0	0	0	0	0	0	7916	0	0	0	0	0	0	0	0	0	348	0	0	640	4246	104	2996	0	356	0	292	0	0	0	796	0	1040	0	746	0	1162	0	850	0	0	0	558	0	3994	0	320	0	0	0	0	0	0	178	8578	1826	0	0	0	0	196	0	0	0	0	0	0	0	152	0	0	0	1174	0	0	0	214	0	0	0	0	0	0	0	0	0	0	0	0	0	0	0	0	0	0	0	0	406	0	0	0	0	0	
487888	Caudate_L	1974	616	12202	7610	2748	184	3740	2680	142	104	2502	2844	3160	1054	2278	732	1492	832	10976	5678	10458	6278	2040	2020	2274	432	4514	570	8968	3322	15020	9330	454	1028	486	442	736	324	0	136	220	0	0	0	0	0	0	0	0	0	0	0	0	0	152	0	238	0	0	0	0	0	0	0	0	0	0	0	376	0	0	33492	36758	11412	8042	5006	11144	2808	0	0	612	0	1090	112	0	0	0	0	102	0	0	0	0	0	0	0	0	0	0	0	0	0	0	0	0	0	0	0	0	0	0	0	0	0	0	0	
596400	Caudate_R	1408	1914	5414	25268	0	1336	2402	4248	0	284	1754	3564	1058	1202	408	3664	1032	998	4658	20376	4176	9100	724	12978	168	4820	250	3174	3346	6370	9498	30088	478	4928	448	804	246	2274	0	1608	0	88	0	0	0	238	0	572	0	0	0	0	0	0	0	1038	112	0	0	0	0	0	0	0	0	0	0	492	1066	0	33492	0	15336	34010	4416	6710	2586	19602	0	0	414	206	708	318	0	0	0	0	0	102	0	0	0	0	0	0	0	228	0	0	0	0	0	0	0	0	0	0	0	0	0	0	0	0	0	0	
448200	Putamen_L	4348	302	21538	3098	5438	0	4932	328	1224	0	2866	1486	3592	282	4238	208	2504	556	16562	2988	4804	3712	1732	836	1486	126	3390	258	20196	1898	9800	4860	316	108	102	0	5746	190	816	96	480	0	0	0	0	0	94	0	0	0	0	0	0	0	1172	0	2580	0	0	0	0	0	0	0	0	0	0	0	380	0	36758	15336	0	7140	11608	3362	4046	730	494	0	1618	0	420	0	236	0	0	0	684	0	0	0	0	0	0	0	0	0	0	0	0	0	0	0	0	0	0	0	0	0	0	0	0	0	0	0	
464532	Putamen_R	202	4432	1614	20928	0	942	222	4662	0	134	240	6408	130	1970	0	3290	184	5290	1920	8900	1266	2508	566	10470	0	2848	108	1694	592	25330	5882	18742	98	1684	0	264	0	13412	0	8506	0	1590	0	0	0	0	0	0	0	0	0	0	0	0	0	5860	0	428	0	0	0	0	0	150	0	0	0	112	216	196	11412	34010	7140	0	2172	6264	226	1960	0	610	142	1736	0	746	0	516	0	0	0	1250	0	0	0	0	0	0	0	92	0	0	0	0	0	0	0	0	0	0	0	0	0	0	0	0	0	0	
99540	Pallidum_L	1434	280	3800	1300	0	0	1020	0	0	0	750	508	112	0	0	0	738	334	4240	1166	0	188	0	0	0	0	0	0	1108	626	0	0	116	0	0	0	1012	0	0	0	0	0	96	0	0	0	0	0	0	0	0	0	0	0	0	0	446	0	0	0	0	0	0	0	0	0	90	0	494	0	8042	4416	11608	2172	0	1784	1196	164	92	0	438	0	0	0	0	0	0	0	0	0	0	0	0	0	0	0	0	0	0	0	0	0	0	0	0	0	0	0	0	0	0	0	0	0	0	0	
80692	Pallidum_R	0	836	438	3122	0	0	0	308	0	0	136	726	0	100	0	0	124	220	530	2436	0	398	0	518	0	134	0	0	146	518	812	1304	0	0	0	0	0	1916	0	1418	0	138	0	0	0	0	0	0	0	0	0	0	0	0	0	730	0	0	0	0	0	0	0	0	0	0	0	0	0	0	5006	6710	3362	6264	1784	0	0	212	0	0	0	0	0	0	0	0	0	0	0	0	0	0	0	0	0	0	0	0	0	0	0	0	0	0	0	0	0	0	0	0	0	0	0	0	0	0	
171120	Thalamus_L	11836	130	5668	326	0	0	5544	0	0	0	196	114	192	0	92	0	184	0	2648	258	0	0	0	164	0	0	0	0	1724	182	0	338	0	0	6394	4170	5052	548	1146	320	0	0	244	0	0	0	958	132	0	0	0	0	0	0	514	306	1380	0	0	0	0	0	0	0	0	0	1656	0	896	0	11144	2586	4046	226	1196	0	0	11664	434	0	314	0	0	0	198	0	0	0	440	0	0	0	0	0	0	0	0	0	0	0	0	0	0	0	0	0	0	0	0	0	0	0	0	0	0	0	
217420	Thalamus_R	4186	1018	3936	6398	0	0	2326	430	0	0	106	456	0	0	0	0	0	158	1696	12300	0	112	0	402	0	0	0	0	366	1426	0	674	0	4604	2562	7504	330	7342	0	3430	0	0	0	0	0	270	0	1296	0	0	0	0	0	0	0	2500	856	148	0	0	0	0	0	90	0	0	0	1996	1368	0	2808	19602	730	1960	164	212	11664	0	0	264	0	356	0	0	0	98	0	0	0	222	0	0	0	0	0	0	0	344	0	0	0	0	0	0	0	0	0	0	0	0	0	0	0	0	0	0	
85408	Heschl_L	2648	0	608	0	0	0	588	0	0	0	1106	0	128	0	0	0	4434	0	334	0	0	0	0	0	0	0	0	0	7878	0	0	0	0	0	498	0	4318	0	1164	0	0	0	150	0	0	0	182	0	0	0	1082	0	924	0	816	0	3032	0	282	0	214	0	310	0	0	0	410	0	0	0	0	0	494	0	92	0	434	0	0	0	4932	0	296	0	2736	0	0	0	2488	0	126	0	0	0	0	0	0	0	0	0	0	0	0	0	0	0	0	0	0	0	0	0	0	0	0	0	
45920	Heschl_R	0	260	0	216	0	0	0	0	0	0	0	130	0	0	0	0	0	3796	0	280	0	0	0	0	0	0	0	0	0	5388	0	0	0	0	0	312	0	1280	0	392	0	0	0	112	0	0	0	0	0	142	0	178	0	0	0	600	0	718	0	0	0	0	0	1310	0	0	0	454	0	0	0	0	0	610	0	0	0	264	0	0	0	5010	0	216	0	752	0	0	0	540	0	0	0	0	0	0	0	0	0	0	0	0	0	0	0	0	0	0	0	0	0	0	0	0	0	0	
302860	Temporal_Sup_L	1730	0	2292	172	0	0	1382	0	0	0	9278	0	2144	0	262	0	18038	0	1756	222	0	0	0	0	0	0	0	0	16950	0	0	0	0	0	292	0	5336	0	1060	0	0	0	312	0	0	0	280	0	132	0	3754	0	838	0	1958	0	3702	0	0	0	1984	0	5652	0	1742	0	244	0	314	0	612	414	1618	142	438	0	314	0	4932	0	0	0	8352	0	34792	0	310	0	17432	0	248	0	0	0	0	0	0	0	0	0	0	0	0	0	0	0	0	0	0	0	0	0	0	0	0	0	
178520	Temporal_Sup_R	0	818	0	428	0	0	0	350	0	0	0	762	0	244	0	0	0	4036	0	496	0	0	0	0	0	0	0	0	0	13462	0	0	0	116	0	790	0	4598	0	2302	0	0	0	426	0	0	0	394	0	720	0	1424	0	0	0	3480	0	1326	0	0	0	386	0	8278	0	4890	0	4692	0	152	0	206	0	1736	0	0	0	356	0	5010	0	0	0	4042	0	18990	0	472	0	3878	0	0	0	0	0	0	0	0	0	0	0	0	0	0	0	0	0	0	0	0	0	0	0	0	0	0	
135128	Temporal_Pole_Sup_L	216	0	1286	438	228	0	1410	354	0	0	7154	88	2362	90	800	0	7238	0	940	246	208	0	0	0	0	0	0	0	7108	100	120	0	0	0	0	0	758	0	2480	0	1016	0	0	0	0	0	0	0	0	0	0	0	0	0	4290	0	188	0	0	0	0	0	0	0	0	0	0	0	0	0	1090	708	420	0	0	0	0	0	296	0	8352	0	0	0	7476	0	4390	0	5714	0	0	0	0	0	0	0	0	0	0	0	0	0	0	0	0	0	0	0	0	0	0	0	0	0	0	0	
96808	Temporal_Pole_Sup_R	0	0	0	320	0	0	0	168	0	0	0	1244	0	280	0	368	0	878	0	0	0	268	0	200	0	0	0	0	0	4198	0	182	0	126	0	0	0	3184	0	5338	0	4228	0	0	0	0	0	0	0	0	0	0	0	0	0	6710	0	0	0	0	0	0	0	0	0	0	0	0	0	0	112	318	0	746	0	0	0	0	0	216	0	4042	0	0	0	4832	0	5510	0	4936	0	0	0	0	0	0	0	0	0	0	0	0	0	0	0	0	0	0	0	0	0	0	0	0	0	0	
373440	Temporal_Mid_L	3240	0	212	0	0	0	162	0	0	0	1158	0	388	0	238	0	6682	0	198	0	0	0	0	0	0	0	0	0	6556	0	0	0	0	0	706	0	2702	0	348	0	0	0	3560	0	984	0	1072	0	1436	0	25524	0	5930	0	3016	0	1216	0	326	0	8522	0	5388	0	11712	0	2156	0	3028	0	0	0	236	0	0	0	198	0	2736	0	34792	0	7476	0	0	0	2548	0	42086	0	188	0	0	0	0	0	0	0	0	0	0	0	0	0	0	0	0	0	0	0	0	0	0	0	0	0	
221844	Temporal_Mid_R	0	758	0	260	0	0	0	0	0	0	0	268	0	0	0	0	0	782	0	1426	0	0	0	0	0	0	0	0	0	4518	0	0	0	90	0	1206	0	3088	0	2210	0	672	0	4952	0	1064	0	972	0	1988	0	10938	0	1342	0	3620	0	2286	0	0	0	432	0	1368	0	5976	0	11622	0	1174	0	0	0	516	0	0	0	98	0	752	0	18990	0	4832	0	0	0	4292	0	18080	0	0	0	0	0	0	0	0	0	0	0	0	0	0	0	0	0	0	0	0	350	0	0	0	0	0	
27232	Temporal_Pole_Mid_L	0	0	0	0	0	0	0	0	0	0	0	0	0	0	0	0	0	0	0	0	0	0	0	0	0	0	0	0	114	0	0	0	0	0	0	0	226	0	1326	0	328	0	0	0	0	0	0	0	0	0	0	0	0	0	2160	0	0	0	0	0	0	0	0	0	0	0	0	0	0	0	0	0	0	0	0	0	0	0	0	0	310	0	4390	0	2548	0	0	0	2214	0	0	0	0	0	0	0	0	0	0	0	0	0	0	0	0	0	0	0	0	0	0	0	0	0	0	0	
41812	Temporal_Pole_Mid_R	0	0	0	0	0	0	0	0	0	0	0	0	0	0	0	0	0	0	0	0	0	0	0	0	0	0	0	0	0	206	0	0	0	0	0	0	0	554	0	1936	0	580	0	0	0	0	0	0	0	0	0	0	0	0	0	2816	0	0	0	0	0	0	0	0	0	0	0	0	0	0	0	0	0	0	0	0	0	0	0	0	0	472	0	5510	0	4292	0	0	0	4540	0	0	0	0	0	0	0	0	0	0	0	0	0	0	0	0	0	0	0	0	0	0	0	0	0	0	
267088	Temporal_Inf_L	1880	0	326	0	0	0	380	0	0	0	194	0	0	0	218	0	2156	0	286	0	0	0	0	0	0	0	0	0	4392	0	0	0	0	0	674	0	8914	0	1470	0	262	0	1722	0	300	0	694	0	384	0	7886	0	4558	0	13284	0	684	0	288	0	2848	0	556	0	2832	0	1220	0	1018	0	102	0	684	0	0	0	440	0	2488	0	17432	0	5714	0	42086	0	2214	0	0	0	2478	0	170	0	0	0	0	0	202	0	108	0	0	0	0	0	0	0	0	0	0	0	0	0	0	0	
244704	Temporal_Inf_R	0	1152	0	414	0	0	0	0	0	0	0	318	0	0	0	0	0	772	0	1008	0	238	0	0	0	0	0	0	0	5406	0	0	0	104	0	900	0	13178	0	7148	0	3452	0	2962	0	388	94	4232	0	998	0	2284	0	7338	0	27680	0	1164	0	0	0	320	0	1014	0	1096	0	3246	146	214	0	102	0	1250	0	0	0	222	0	540	0	3878	0	4936	0	18080	0	4540	0	0	0	218	0	0	0	0	0	294	0	266	0	0	0	0	0	0	0	0	0	0	760	0	0	0	0	0	
434440	Cerebelum_Crus1_L	0	0	0	0	0	0	0	0	0	0	0	0	0	0	0	0	0	0	0	0	0	0	0	0	0	0	0	0	98	0	0	0	0	0	0	0	762	0	338	0	0	0	0	0	0	0	11998	1574	0	0	126	0	364	148	21880	678	0	0	0	0	0	0	0	0	0	0	0	0	0	0	0	0	0	0	0	0	0	0	126	0	248	0	0	0	188	0	0	0	2478	0	0	1820	26424	2530	940	402	16994	1576	51410	1824	18222	532	16084	2592	6528	1790	1220	236	160	378	7278	6784	5430	2598	1662	800	
389324	Cerebelum_Crus1_R	0	0	0	0	0	0	0	0	0	0	0	0	0	0	0	0	0	0	0	0	0	0	0	0	0	0	0	0	0	0	0	0	0	0	0	0	0	0	0	752	0	0	0	0	0	0	1464	4338	0	0	190	0	416	166	1192	12020	0	0	0	0	0	0	0	0	0	0	0	0	0	0	0	0	0	0	0	0	0	0	0	0	0	0	0	0	0	0	0	0	0	218	1820	0	566	32188	0	1566	1008	17636	2810	42696	216	14282	708	25286	400	4044	0	1010	108	504	8216	9414	6212	1806	1218	192	
198472	Cerebelum_Crus2_L	0	0	0	0	0	0	0	0	0	0	0	0	0	0	0	0	0	0	0	0	0	0	0	0	0	0	0	0	0	0	0	0	0	0	0	0	0	0	0	0	0	0	0	0	0	0	418	90	0	0	0	0	0	0	1796	0	0	0	0	0	0	0	0	0	0	0	0	0	0	0	0	0	0	0	0	0	0	0	0	0	0	0	0	0	0	0	0	0	170	0	26424	566	0	1914	0	0	518	132	7496	506	27490	1072	21114	1412	1102	398	0	0	0	0	288	1030	2742	2082	382	94	
284620	Cerebelum_Crus2_R	0	0	0	0	0	0	0	0	0	0	0	0	0	0	0	0	0	0	0	0	0	0	0	0	0	0	0	0	0	0	0	0	0	0	0	0	0	0	0	98	0	0	0	0	0	0	0	556	0	0	0	0	0	0	92	634	0	0	0	0	0	0	0	0	0	0	0	0	0	0	0	0	0	0	0	0	0	0	0	0	0	0	0	0	0	0	0	0	0	0	2530	32188	1914	0	0	438	0	3108	566	11038	824	28644	2014	34486	682	5468	0	942	0	154	1262	1810	7682	3462	1522	196	
33924	Cerebelum_3_L	0	0	0	0	0	0	0	0	0	0	0	0	0	0	0	0	0	0	0	0	0	0	0	0	0	0	0	0	0	0	0	0	0	0	0	0	0	0	0	0	0	0	0	0	0	0	306	0	0	0	0	0	0	0	286	0	0	0	0	0	0	0	0	0	0	0	0	0	0	0	0	0	0	0	0	0	0	0	0	0	0	0	0	0	0	0	0	0	0	0	940	0	0	0	0	160	7038	186	1568	94	146	0	122	0	952	112	0	0	754	2260	1944	94	0	0	0	0	
65660	Cerebelum_3_R	0	0	0	0	0	0	0	0	0	0	0	0	0	0	0	0	0	0	0	0	0	0	0	0	0	0	0	0	0	0	0	0	0	0	0	0	0	0	0	0	0	0	0	0	0	0	0	348	0	0	0	0	0	0	0	988	0	0	0	0	0	0	0	0	0	0	0	0	0	0	0	0	0	0	0	0	0	0	0	0	0	0	0	0	0	0	0	0	0	0	402	1566	0	438	160	0	322	6558	436	4804	0	314	476	654	498	1748	0	122	586	4330	2504	830	1226	1260	1276	984	
237192	Cerebelum_4_5_L	0	0	0	0	0	0	0	0	0	0	0	0	0	0	0	0	0	0	0	0	0	0	0	0	0	0	0	0	0	0	0	0	0	0	0	0	366	0	422	0	0	0	152	0	0	0	10968	2278	0	0	0	0	0	224	13166	1532	0	0	0	0	0	0	0	0	0	0	92	0	0	0	0	0	0	0	0	0	0	0	0	0	0	0	0	0	0	0	0	0	0	0	16994	1008	518	0	7038	322	0	3412	29234	1660	1080	0	666	0	3484	232	210	0	1158	2850	16990	1770	188	0	132	450	
291156	Cerebelum_4_5_R	0	0	0	0	0	0	0	0	0	0	0	0	0	0	0	0	0	0	0	108	0	0	0	0	0	0	0	0	0	154	0	0	0	0	0	248	0	1008	0	3598	0	0	0	688	0	0	876	10754	0	0	0	0	0	442	718	17392	0	0	0	0	0	0	0	0	0	0	0	966	0	0	0	228	0	92	0	0	0	344	0	0	0	0	0	0	0	0	0	0	0	294	1576	17636	132	3108	186	6558	3412	0	2852	31516	0	1692	194	3384	428	2402	0	662	564	3010	19488	4542	1740	972	842	772	
409904	Cerebelum_6_L	0	0	0	0	0	0	0	0	0	0	0	0	0	0	0	0	0	0	0	0	0	0	0	0	0	0	0	0	0	0	0	0	0	0	0	0	830	0	478	0	0	0	0	0	0	0	17962	4232	0	0	556	0	1088	304	28584	1950	0	0	0	0	0	0	0	0	0	0	0	0	0	0	0	0	0	0	0	0	0	0	0	0	0	0	0	0	0	0	0	0	202	0	51410	2810	7496	566	1568	436	29234	2852	0	4114	5342	94	4872	670	5794	1074	1338	108	282	682	12872	9900	2430	992	1084	746	
369000	Cerebelum_6_R	0	0	0	0	0	0	0	0	0	0	0	0	0	0	0	0	0	0	0	0	0	0	0	0	0	0	0	0	0	0	0	0	0	0	0	0	0	194	0	1338	0	0	0	96	0	0	2326	8386	0	0	268	0	588	482	1664	19572	0	0	0	0	0	0	0	0	0	0	0	96	0	0	0	0	0	0	0	0	0	0	0	0	0	0	0	0	0	0	0	0	0	266	1824	42696	506	11038	94	4804	1660	31516	4114	0	108	5342	206	7346	248	1766	0	506	222	1756	14566	12278	4608	860	672	488	
194324	Cerebelum_7b_L	0	0	0	0	0	0	0	0	0	0	0	0	0	0	0	0	0	0	0	0	0	0	0	0	0	0	0	0	0	0	0	0	0	0	0	0	0	0	0	0	0	0	0	0	0	0	280	0	0	0	0	0	0	0	1708	0	0	0	0	0	0	0	0	0	0	0	0	0	0	0	0	0	0	0	0	0	0	0	0	0	0	0	0	0	0	0	0	0	108	0	18222	216	27490	824	146	0	1080	0	5342	108	0	230	29974	804	5784	398	188	0	0	0	256	484	1358	1842	320	0	
173976	Cerebelum_7b_R	0	0	0	0	0	0	0	0	0	0	0	0	0	0	0	0	0	0	0	0	0	0	0	0	0	0	0	0	0	0	0	0	0	0	0	0	0	0	0	0	0	0	0	0	0	0	0	178	0	0	0	0	0	0	0	300	0	0	0	0	0	0	0	0	0	0	0	0	0	0	0	0	0	0	0	0	0	0	0	0	0	0	0	0	0	0	0	0	0	0	532	14282	1072	28644	0	314	0	1692	94	5342	230	0	600	25596	122	3132	0	110	0	136	720	756	1684	1194	258	0	
230648	Cerebelum_8_L	0	0	0	0	0	0	0	0	0	0	0	0	0	0	0	0	0	0	0	0	0	0	0	0	0	0	0	0	0	0	0	0	0	0	0	0	0	0	0	0	0	0	0	0	0	0	428	0	0	0	0	0	0	0	1008	0	0	0	0	0	0	0	0	0	0	0	0	0	0	0	0	0	0	0	0	0	0	0	0	0	0	0	0	0	0	0	0	0	0	0	16084	708	21114	2014	122	476	666	194	4872	206	29974	600	0	2776	14842	2352	1770	118	0	248	276	1140	4404	5852	2326	754	
283640	Cerebelum_8_R	0	0	0	0	0	0	0	0	0	0	0	0	0	0	0	0	0	0	0	0	0	0	0	0	0	0	0	0	0	0	0	0	0	0	0	0	0	0	0	114	0	0	0	0	0	0	0	314	0	0	0	0	0	0	116	456	0	0	0	0	0	0	0	0	0	0	0	0	0	0	0	0	0	0	0	0	0	0	0	0	0	0	0	0	0	0	0	0	0	0	2592	25286	1412	34486	0	654	0	3384	670	7346	804	25596	2776	0	986	14540	0	2218	0	226	1060	1422	6830	5240	3032	260	
126744	Cerebelum_9_L	0	0	0	0	0	0	0	0	0	0	0	0	0	0	0	0	0	0	0	0	0	0	0	0	0	0	0	0	0	0	0	0	0	0	0	0	0	0	0	0	0	0	0	0	0	0	308	0	0	0	0	0	0	0	322	100	0	0	0	0	0	0	0	0	0	0	0	0	0	0	0	0	0	0	0	0	0	0	0	0	0	0	0	0	0	0	0	0	0	0	6528	400	1102	682	952	498	3484	428	5794	248	5784	122	14842	986	0	2846	4168	100	0	324	1476	1300	2158	3028	3698	1694	
143064	Cerebelum_9_R	0	0	0	0	0	0	0	0	0	0	0	0	0	0	0	0	0	0	0	0	0	0	0	0	0	0	0	0	0	0	0	0	0	0	0	0	0	0	0	0	0	0	0	0	0	0	0	182	0	0	0	0	0	0	170	288	0	0	0	0	0	0	0	0	0	0	0	0	0	0	0	0	0	0	0	0	0	0	0	0	0	0	0	0	0	0	0	0	0	0	1790	4044	398	5468	112	1748	232	2402	1074	1766	398	3132	2352	14540	2846	0	320	2296	246	836	1480	2216	5252	6176	7116	2652	
21676	Cerebelum_10_L	0	0	0	0	0	0	0	0	0	0	0	0	0	0	0	0	0	0	0	0	0	0	0	0	0	0	0	0	0	0	0	0	0	0	0	0	0	0	0	0	0	0	0	0	0	0	0	0	0	0	0	0	0	0	0	0	0	0	0	0	0	0	0	0	0	0	0	0	0	0	0	0	0	0	0	0	0	0	0	0	0	0	0	0	0	0	0	0	0	0	1220	0	0	0	0	0	210	0	1338	0	188	0	1770	0	4168	320	0	0	0	0	0	100	0	710	702	112	
22564	Cerebelum_10_R	0	0	0	0	0	0	0	0	0	0	0	0	0	0	0	0	0	0	0	0	0	0	0	0	0	0	0	0	0	0	0	0	0	0	0	0	0	0	0	0	0	0	0	0	0	0	0	122	0	0	0	0	0	0	0	126	0	0	0	0	0	0	0	0	0	0	0	0	0	0	0	0	0	0	0	0	0	0	0	0	0	0	0	0	0	0	0	0	0	0	236	1010	0	942	0	122	0	662	108	506	0	110	118	2218	100	2296	0	0	0	0	204	268	928	644	562	0	
22980	Vermis_1_2	0	0	0	0	0	0	0	0	0	0	0	0	0	0	0	0	0	0	0	0	0	0	0	0	0	0	0	0	0	0	0	0	0	0	0	0	0	0	0	0	0	0	0	0	0	0	0	0	0	0	0	0	0	0	0	0	0	0	0	0	0	0	0	0	0	0	0	0	0	0	0	0	0	0	0	0	0	0	0	0	0	0	0	0	0	0	0	0	0	0	160	108	0	0	754	586	1158	564	282	222	0	0	0	0	0	246	0	0	0	4582	2576	150	0	0	0	102	
60760	Vermis_3	0	0	0	0	0	0	0	0	0	0	0	0	0	0	0	0	0	0	0	0	0	0	0	0	0	0	0	0	0	0	0	0	0	0	0	0	0	0	0	0	0	0	0	0	0	0	178	150	0	0	0	0	0	0	116	450	0	0	0	0	0	0	0	0	0	0	0	0	0	0	0	0	0	0	0	0	0	0	0	0	0	0	0	0	0	0	0	0	0	0	378	504	0	154	2260	4330	2850	3010	682	1756	0	136	248	226	324	836	0	0	4582	0	4618	384	514	542	564	588	
