data	data	460068	141692	1.2412e+06	1.01508e+06	231916	291416	796792	296812	122608	39044	225116	224340	240004	152712	151808	73796	229724	164396	648768	937320	121812	136700	398644	451800	50960	189428	50088	50496	561444	370592	520740	525884	221572	555736	139320	173692	296996	319852	163812	188592	35276	56052	241672	346216	220504	286028	416460	318612	170232	281164	512204	251584	163292	112720	422676	403236	329112	147324	144844	93976	309080	137296	201612	175920	152732	101776	361612	415968	148136	78368	409356	415468	575684	338816	138860	121316	319556	256452	112436	32096	283492	138484	93560	88728	367764	220916	44488	27620	229824	203216	478896	472868	327612	247024	55912	68228	311260	274328	460236	457692	250216	113824	374412	280676	162904	111248	34028	18936	34612	93536	224584	194060	242408	140876	68464	34888	
data	data	Precentral_L	Precentral_R	Frontal_Sup_L	Frontal_Sup_R	Frontal_Sup_Orb_L	Frontal_Sup_Orb_R	Frontal_Mid_L	Frontal_Mid_R	Frontal_Mid_Orb_L	Frontal_Mid_Orb_R	Frontal_Inf_Oper_L	Frontal_Inf_Oper_R	Frontal_Inf_Tri_L	Frontal_Inf_Tri_R	Frontal_Inf_Orb_L	Frontal_Inf_Orb_R	Rolandic_Oper_L	Rolandic_Oper_R	Supp_Motor_Area_L	Supp_Motor_Area_R	Olfactory_L	Olfactory_R	Frontal_Sup_Medial_L	Frontal_Sup_Medial_R	Frontal_Med_Orb_L	Frontal_Med_Orb_R	Rectus_L	Rectus_R	Insula_L	Insula_R	Cingulum_Ant_L	Cingulum_Ant_R	Cingulum_Mid_L	Cingulum_Mid_R	Cingulum_Post_L	Cingulum_Post_R	Hippocampus_L	Hippocampus_R	ParaHippocampal_L	ParaHippocampal_R	Amygdala_L	Amygdala_R	Calcarine_L	Calcarine_R	Cuneus_L	Cuneus_R	Lingual_L	Lingual_R	Occipital_Sup_L	Occipital_Sup_R	Occipital_Mid_L	Occipital_Mid_R	Occipital_Inf_L	Occipital_Inf_R	Fusiform_L	Fusiform_R	Postcentral_L	Postcentral_R	Parietal_Sup_L	Parietal_Sup_R	Parietal_Inf_L	Parietal_Inf_R	SupraMarginal_L	SupraMarginal_R	Angular_L	Angular_R	Precuneus_L	Precuneus_R	Paracentral_Lobule_L	Paracentral_Lobule_R	Caudate_L	Caudate_R	Putamen_L	Putamen_R	Pallidum_L	Pallidum_R	Thalamus_L	Thalamus_R	Heschl_L	Heschl_R	Temporal_Sup_L	Temporal_Sup_R	Temporal_Pole_Sup_L	Temporal_Pole_Sup_R	Temporal_Mid_L	Temporal_Mid_R	Temporal_Pole_Mid_L	Temporal_Pole_Mid_R	Temporal_Inf_L	Temporal_Inf_R	Cerebelum_Crus1_L	Cerebelum_Crus1_R	Cerebelum_Crus2_L	Cerebelum_Crus2_R	Cerebelum_3_L	Cerebelum_3_R	Cerebelum_4_5_L	Cerebelum_4_5_R	Cerebelum_6_L	Cerebelum_6_R	Cerebelum_7b_L	Cerebelum_7b_R	Cerebelum_8_L	Cerebelum_8_R	Cerebelum_9_L	Cerebelum_9_R	Cerebelum_10_L	Cerebelum_10_R	Vermis_1_2	Vermis_3	Vermis_4_5	Vermis_6	Vermis_7	Vermis_8	Vermis_9	Vermis_10	
460068	Precentral_L	0	394	22330	2268	170	0	30470	660	0	0	15452	332	4612	0	178	0	8670	0	10576	3008	102	316	0	0	0	0	0	0	10440	124	770	0	5458	376	3474	742	1136	826	154	140	0	0	776	0	2380	0	318	0	1876	0	9296	0	0	0	102	102	31836	0	3092	0	16952	0	3286	0	1212	0	2710	0	9710	0	2160	636	5106	178	502	238	2560	914	4336	0	3342	0	0	0	2990	0	0	0	246	0	0	0	0	0	0	0	0	0	0	0	0	0	0	0	0	0	0	0	0	0	0	0	0	0	0	0	
141692	Precentral_R	394	0	130	10874	0	0	0	7720	0	0	0	4560	0	1070	0	0	0	1360	0	2410	0	0	0	0	0	0	0	0	0	702	200	0	0	1468	0	786	0	1298	0	0	0	0	0	1600	0	526	0	502	0	534	0	1132	0	0	0	106	118	14016	0	282	0	2116	0	5194	0	112	0	2994	0	3330	598	1296	0	174	0	0	0	798	0	0	0	0	0	0	0	1616	0	0	0	830	0	0	0	0	0	0	0	0	0	0	0	0	0	0	0	0	0	0	0	0	0	0	0	0	0	0	
1.2412e+06	Frontal_Sup_L	22330	130	0	27890	17110	1558	89842	6940	4078	0	3294	2028	8162	716	2514	0	6898	286	78646	34040	246	362	55380	11074	864	688	206	0	21412	1520	33018	9190	8710	13784	2020	1280	6670	2028	560	468	254	0	576	0	1860	0	524	238	1700	0	4474	0	0	0	186	386	11152	122	1158	0	3474	0	2596	104	422	0	2130	122	3966	0	18560	2514	32700	1214	11622	666	31938	2884	3306	0	2192	198	168	0	916	114	0	0	224	0	0	0	0	0	0	0	0	0	0	0	0	0	0	0	0	0	0	0	0	0	0	0	0	0	0	0	
1.01508e+06	Frontal_Sup_R	2268	10874	27890	0	720	23944	8530	31172	266	928	192	7442	0	7996	100	2322	382	6112	17620	95062	1576	1786	10334	43672	236	10006	0	250	1234	16146	11370	32738	792	21742	336	1276	1622	1744	104	394	0	138	0	520	0	146	0	248	0	158	0	1306	0	0	0	390	1064	714	0	0	278	412	0	886	0	0	0	1032	96	0	14354	20646	9488	17616	2968	6330	4298	19670	658	0	192	270	0	460	0	1248	0	0	0	776	0	0	0	0	0	0	0	0	0	0	0	0	0	0	0	0	0	0	0	0	0	0	0	0	0	0	
231916	Frontal_Sup_Orb_L	170	0	17110	720	0	0	12206	212	16118	0	998	0	6908	0	9408	0	262	0	922	784	1086	222	9046	942	4762	100	4300	0	7566	0	9830	284	0	368	0	0	0	0	0	0	0	0	0	0	0	0	0	0	0	0	0	0	0	0	0	0	0	0	0	0	0	0	0	0	0	0	0	0	0	0	2444	288	7638	138	138	0	366	0	0	0	0	0	622	0	0	0	0	0	0	0	0	0	0	0	0	0	0	0	0	0	0	0	0	0	0	0	0	0	0	0	0	0	0	0	0	0	
291416	Frontal_Sup_Orb_R	0	0	1558	23944	0	0	232	7010	0	2690	0	2628	0	4088	0	3522	0	298	818	7882	274	2864	2704	14142	550	15380	262	7326	0	5912	2608	13566	0	6244	0	0	0	0	0	0	0	0	0	0	0	0	0	0	0	0	0	0	0	0	0	0	0	0	0	0	0	0	0	0	0	0	0	0	0	0	1252	11042	498	5820	128	142	144	0	0	0	0	0	0	180	0	0	0	0	0	0	0	0	0	0	0	0	0	0	0	0	0	0	0	0	0	0	0	0	0	0	0	0	0	0	0	0	
796792	Frontal_Mid_L	30470	0	89842	8530	12206	232	0	3792	5024	0	14640	770	20072	164	4326	0	12232	0	12372	7394	460	720	26236	2162	480	0	496	0	29080	534	12646	1274	648	1758	1240	900	3236	1474	638	268	0	0	0	0	108	0	266	122	0	0	1876	0	0	0	244	222	9866	0	310	0	5556	0	1618	0	554	0	172	0	478	0	12198	2894	25894	826	4944	562	9324	1620	6596	0	3056	160	298	0	1796	106	0	0	414	0	0	0	0	0	0	0	0	0	0	0	0	0	0	0	0	0	0	0	0	0	0	0	0	0	0	0	
296812	Frontal_Mid_R	660	7720	6940	31172	212	7010	3792	0	0	2150	182	13132	0	13932	178	3468	474	1008	702	7176	0	0	584	5354	0	1368	0	0	1408	7378	1196	1948	0	2630	0	254	404	2176	0	0	0	0	0	0	0	0	0	0	0	0	0	0	0	0	0	0	678	2990	0	0	0	416	0	1682	0	0	0	0	0	0	6012	2152	2512	2796	606	106	918	2202	380	0	152	0	0	196	0	0	0	0	0	0	0	0	0	0	0	0	0	0	0	0	0	0	0	0	0	0	0	0	0	0	0	0	0	0	0	0	
122608	Frontal_Mid_Orb_L	0	0	4078	266	16118	0	5024	0	0	0	326	0	4906	0	12260	0	0	0	234	378	326	0	920	360	1006	0	2330	0	4410	0	810	0	0	126	0	0	0	0	0	0	0	0	0	0	0	0	0	0	0	0	0	0	0	0	0	0	0	0	0	0	0	0	0	0	0	0	0	0	0	0	1184	108	5626	0	0	0	180	0	0	0	0	0	328	0	0	0	0	0	0	0	0	0	0	0	0	0	0	0	0	0	0	0	0	0	0	0	0	0	0	0	0	0	0	0	0	0	
39044	Frontal_Mid_Orb_R	0	0	0	928	0	2690	0	2150	0	0	0	284	0	996	0	4846	0	0	0	632	0	222	0	106	0	218	0	778	0	2662	0	96	0	102	0	0	0	0	0	0	0	0	0	0	0	0	0	0	0	0	0	0	0	0	0	0	0	0	0	0	0	0	0	0	0	0	0	0	0	0	0	1320	0	1492	0	0	0	0	0	0	0	0	0	0	0	0	0	0	0	0	0	0	0	0	0	0	0	0	0	0	0	0	0	0	0	0	0	0	0	0	0	0	0	0	0	0	
225116	Frontal_Inf_Oper_L	15452	0	3294	192	998	0	14640	182	326	0	0	0	14398	0	1664	0	12674	0	184	164	0	0	172	0	260	0	0	0	19268	0	5170	0	0	0	182	158	508	166	0	0	0	0	0	0	0	0	0	0	0	0	214	0	0	0	0	0	5020	0	0	0	4084	0	1198	0	0	0	0	0	0	0	510	0	2222	0	0	0	430	138	1498	0	3050	0	3346	0	452	0	242	0	102	0	0	0	0	0	0	0	0	0	0	0	0	0	0	0	0	0	0	0	0	0	0	0	0	0	0	0	
224340	Frontal_Inf_Oper_R	332	4560	2028	7442	0	2628	770	13132	0	284	0	0	0	15012	0	1076	266	7194	268	6776	0	0	244	4184	0	1294	0	0	184	17960	524	1950	0	3192	0	232	134	1816	0	0	0	0	0	0	0	0	0	0	0	0	0	0	0	0	0	0	206	3584	0	0	0	938	0	1982	0	0	0	0	0	0	1536	1426	598	3626	194	0	530	1640	0	0	0	222	0	1912	0	134	0	0	0	160	0	0	0	0	0	0	0	0	0	0	0	0	0	0	0	0	0	0	0	0	0	0	0	0	0	0	
240004	Frontal_Inf_Tri_L	4612	0	8162	0	6908	0	20072	0	4906	0	14398	0	0	0	9762	0	3698	0	694	104	232	0	1482	96	708	0	540	0	24154	0	10738	0	0	0	0	0	0	0	0	0	0	0	0	0	0	0	0	0	0	0	0	0	0	0	0	0	1228	0	0	0	826	0	372	0	0	0	0	0	0	0	444	0	1574	0	0	0	106	0	508	0	980	0	2550	0	0	0	148	0	0	0	0	0	0	0	0	0	0	0	0	0	0	0	0	0	0	0	0	0	0	0	0	0	0	0	0	0	
152712	Frontal_Inf_Tri_R	0	1070	716	7996	0	4088	164	13932	0	996	0	15012	0	0	0	2882	0	1430	168	2634	0	0	260	2176	0	804	0	0	0	12526	178	1528	0	1362	0	0	0	588	0	0	0	0	0	0	0	0	0	0	0	0	0	0	0	0	0	0	0	684	0	0	0	230	0	454	0	0	0	0	0	0	710	408	158	978	0	0	108	784	0	0	0	0	0	1332	0	0	0	0	0	0	0	0	0	0	0	0	0	0	0	0	0	0	0	0	0	0	0	0	0	0	0	0	0	0	0	0	
151808	Frontal_Inf_Orb_L	178	0	2514	100	9408	0	4326	178	12260	0	1664	0	9762	0	0	0	282	0	224	0	1786	172	406	0	242	0	962	0	14750	0	1338	0	0	0	0	0	162	0	300	0	130	0	0	0	0	0	0	0	0	0	0	0	0	0	0	0	160	0	0	0	0	0	0	0	0	0	0	0	0	0	1252	142	9880	0	0	0	0	0	164	0	286	0	2720	0	0	0	156	0	0	0	0	0	0	0	0	0	0	0	0	0	0	0	0	0	0	0	0	0	0	0	0	0	0	0	0	0	
73796	Frontal_Inf_Orb_R	0	0	0	2322	0	3522	0	3468	0	4846	0	1076	0	2882	0	0	0	210	0	656	0	1218	0	262	0	0	0	1546	0	7952	0	134	0	0	0	0	0	0	0	144	0	0	0	0	0	0	0	0	0	0	0	0	0	0	0	0	0	0	0	0	0	0	0	0	0	0	0	0	0	0	0	1756	0	4046	0	0	0	0	0	0	0	116	0	742	0	0	0	0	0	0	0	0	0	0	0	0	0	0	0	0	0	0	0	0	0	0	0	0	0	0	0	0	0	0	0	0	
229724	Rolandic_Oper_L	8670	0	6898	382	262	0	12232	474	0	0	12674	266	3698	0	282	0	0	0	2172	286	0	0	0	0	0	0	0	0	20982	0	2274	0	0	0	0	0	534	0	0	0	0	0	98	0	306	0	0	0	0	0	2076	0	0	0	0	0	10636	0	116	0	1280	0	4298	0	374	0	126	0	176	0	450	142	1268	0	0	0	310	0	4406	0	11076	0	1870	0	3190	0	222	0	356	0	0	0	0	0	0	0	0	0	0	0	0	0	0	0	0	0	0	0	0	0	0	0	0	0	0	0	
164396	Rolandic_Oper_R	0	1360	286	6112	0	298	0	1008	0	0	0	7194	0	1430	0	210	0	0	272	6616	0	0	0	1304	0	0	0	0	0	17152	0	134	0	1644	0	200	0	792	0	0	0	0	0	0	0	0	0	126	0	0	0	176	0	0	0	102	0	5590	0	1788	0	5104	0	7722	0	164	0	200	0	0	430	186	106	3280	0	0	164	1350	0	2690	0	3510	0	1950	0	932	0	0	0	616	0	0	0	0	0	0	0	0	0	0	0	0	0	0	0	0	0	0	0	0	0	0	0	0	0	0	
648768	Supp_Motor_Area_L	10576	0	78646	17620	922	818	12372	702	234	0	184	268	694	168	224	0	2172	272	0	38442	148	234	8208	4044	0	1156	0	0	2132	374	10012	9328	15492	15846	1710	184	2508	162	100	0	224	0	362	0	1124	0	160	0	322	0	4220	0	0	0	0	0	6892	0	2336	0	2972	0	1268	0	256	0	1930	432	14386	320	7726	2716	12098	1634	7090	542	17330	532	530	0	644	0	0	0	386	0	0	0	0	0	0	0	0	0	0	0	0	0	0	0	0	0	0	0	0	0	0	0	0	0	0	0	0	0	0	0	
937320	Supp_Motor_Area_R	3008	2410	34040	95062	784	7882	7394	7176	378	632	164	6776	104	2634	0	656	286	6616	38442	0	1516	1712	3622	20758	150	6510	0	242	756	13082	6752	18550	8684	48620	1012	5650	1722	1004	0	260	0	138	0	2562	0	826	0	340	0	856	0	1826	0	0	0	364	902	520	0	0	724	204	0	436	0	108	896	7036	1924	6498	12178	19600	9066	14630	3262	5144	4662	13580	434	0	124	434	0	580	0	1432	0	0	0	2328	0	0	0	0	0	0	0	0	0	0	0	0	0	0	0	0	0	0	0	0	0	0	0	0	0	0	
121812	Olfactory_L	102	0	246	1576	1086	274	460	0	326	0	0	0	232	0	1786	0	0	0	148	1516	0	6806	136	0	928	120	1770	286	2552	0	4652	2866	0	0	0	0	638	0	468	0	984	0	0	0	0	0	0	0	0	0	0	0	0	0	178	0	0	0	0	0	0	0	0	0	0	0	0	0	0	0	8952	6998	6446	2686	942	3698	0	0	0	0	104	0	806	0	0	0	0	0	138	0	0	0	0	0	0	0	0	0	0	0	0	0	0	0	0	0	0	0	0	0	0	0	0	0	0	0	
136700	Olfactory_R	316	0	362	1786	222	2864	720	0	0	222	0	0	0	0	172	1218	0	0	234	1712	6806	0	0	0	262	2472	970	3088	106	2144	3296	4092	0	0	0	0	0	248	0	340	0	410	0	0	0	0	0	0	0	0	0	0	0	0	0	212	0	0	0	0	0	0	0	0	0	0	0	0	0	0	8226	10668	6038	3158	2066	3724	0	98	0	0	0	0	0	98	0	0	0	0	0	0	0	0	0	0	0	0	0	0	0	0	0	0	0	0	0	0	0	0	0	0	0	0	0	0	0	0	
398644	Frontal_Sup_Medial_L	0	0	55380	10334	9046	2704	26236	584	920	0	172	244	1482	260	406	0	0	0	8208	3622	136	0	0	22536	1316	1702	262	0	1724	300	23084	14742	2228	9844	0	0	0	0	0	0	0	0	0	0	0	0	0	0	0	0	0	0	0	0	0	0	0	0	0	0	0	0	0	0	0	0	0	0	0	0	628	352	544	190	136	0	0	0	0	0	0	0	0	0	0	0	0	0	0	0	0	0	0	0	0	0	0	0	0	0	0	0	0	0	0	0	0	0	0	0	0	0	0	0	0	0	
451800	Frontal_Sup_Medial_R	0	0	11074	43672	942	14142	2162	5354	360	106	0	4184	96	2176	0	262	0	1304	4044	20758	0	0	22536	0	484	10036	0	134	174	5404	11276	31964	748	22366	0	0	266	0	0	0	0	0	0	0	0	0	0	0	0	0	0	0	0	0	0	0	0	0	0	0	0	0	0	0	0	0	0	0	0	0	932	4744	886	1906	564	0	534	0	0	0	0	0	0	310	0	0	0	0	0	0	0	0	0	0	0	0	0	0	0	0	0	0	0	0	0	0	0	0	0	0	0	0	0	0	0	0	
50960	Frontal_Med_Orb_L	0	0	864	236	4762	550	480	0	1006	0	260	0	708	0	242	0	0	0	0	150	928	262	1316	484	0	1348	3312	202	492	0	4402	656	0	0	0	0	0	0	0	0	0	0	0	0	0	0	0	0	0	0	0	0	0	0	0	0	0	0	0	0	0	0	0	0	0	0	0	0	0	0	1712	314	794	0	0	0	0	0	0	0	0	0	0	0	0	0	0	0	0	0	0	0	0	0	0	0	0	0	0	0	0	0	0	0	0	0	0	0	0	0	0	0	0	0	0	0	
189428	Frontal_Med_Orb_R	0	0	688	10006	100	15380	0	1368	0	218	0	1294	0	804	0	0	0	0	1156	6510	120	2472	1702	10036	1348	0	870	3964	0	1518	3378	13830	0	3044	0	0	0	0	0	0	0	0	0	0	0	0	0	0	0	0	0	0	0	0	0	0	0	0	0	0	0	0	0	0	0	0	0	0	0	0	220	10962	112	3508	0	106	0	0	0	0	0	0	0	0	0	0	0	0	0	0	0	0	0	0	0	0	0	0	0	0	0	0	0	0	0	0	0	0	0	0	0	0	0	0	0	0	
50088	Rectus_L	0	0	206	0	4300	262	496	0	2330	0	0	0	540	0	962	0	0	0	0	0	1770	970	262	0	3312	870	0	552	414	0	2722	634	0	0	0	0	0	0	0	0	0	0	0	0	0	0	0	0	0	0	0	0	0	0	0	0	0	0	0	0	0	0	0	0	0	0	0	0	0	0	2310	848	1170	114	0	0	0	0	0	0	0	0	0	0	0	0	0	0	0	0	0	0	0	0	0	0	0	0	0	0	0	0	0	0	0	0	0	0	0	0	0	0	0	0	0	0	
50496	Rectus_R	0	0	0	250	0	7326	0	0	0	778	0	0	0	0	0	1546	0	0	0	242	286	3088	0	134	202	3964	552	0	0	886	184	936	0	0	0	0	0	0	0	0	0	0	0	0	0	0	0	0	0	0	0	0	0	0	0	0	0	0	0	0	0	0	0	0	0	0	0	0	0	0	224	2618	204	1828	0	0	0	0	0	0	0	0	0	0	0	0	0	0	0	0	0	0	0	0	0	0	0	0	0	0	0	0	0	0	0	0	0	0	0	0	0	0	0	0	0	0	
561444	Insula_L	10440	0	21412	1234	7566	0	29080	1408	4410	0	19268	184	24154	0	14750	0	20982	0	2132	756	2552	106	1724	174	492	0	414	0	0	256	12262	0	158	106	564	598	8332	892	2444	154	1324	0	138	0	200	0	258	0	0	0	2792	0	146	0	3380	96	5362	0	244	0	2198	0	3094	0	660	0	256	0	378	0	3090	284	18446	252	544	100	2624	934	12862	0	12102	150	7118	0	6450	114	176	0	5946	0	0	0	0	0	0	0	0	0	0	0	0	0	0	0	0	0	0	0	0	0	0	0	0	0	0	0	
370592	Insula_R	124	702	1520	16146	0	5912	534	7378	0	2662	0	17960	0	12526	0	7952	0	17152	374	13082	0	2144	300	5404	0	1518	0	886	256	0	528	2782	0	3570	0	342	238	2340	0	774	146	184	0	142	0	0	0	122	0	0	0	194	0	96	0	864	0	2182	0	560	0	1662	0	2140	0	154	0	344	0	0	1054	1922	760	21868	210	216	1032	1664	128	2816	0	8588	0	5092	0	3586	0	0	0	2464	0	0	0	0	0	0	0	0	0	0	0	0	0	0	0	0	0	0	0	0	0	0	0	0	0	0	
520740	Cingulum_Ant_L	770	200	33018	11370	9830	2608	12646	1196	810	0	5170	524	10738	178	1338	0	2274	0	10012	6752	4652	3296	23084	11276	4402	3378	2722	184	12262	528	0	27268	9300	8744	0	0	398	122	0	0	0	0	0	0	0	0	0	0	0	0	0	0	0	0	0	0	474	0	0	0	0	0	0	0	0	0	0	0	0	0	12424	6112	10146	3692	752	2702	1290	176	204	0	480	0	868	0	0	0	0	0	0	0	0	0	0	0	0	0	0	0	0	0	0	0	0	0	0	0	0	0	0	0	0	0	0	0	0	0	
525884	Cingulum_Ant_R	0	0	9190	32738	284	13566	1274	1948	0	96	0	1950	0	1528	0	134	0	134	9328	18550	2866	4092	14742	31964	656	13830	634	936	0	2782	27268	0	8124	33180	0	0	0	0	0	0	0	0	0	0	0	0	0	0	0	0	0	0	0	0	0	0	0	0	0	0	0	0	0	0	0	0	0	0	0	0	4322	14066	2402	7016	212	2798	236	0	0	0	0	0	0	96	0	0	0	0	0	0	0	0	0	0	0	0	0	0	0	0	0	0	0	0	0	0	0	0	0	0	0	0	0	0	0	0	
221572	Cingulum_Mid_L	5458	0	8710	792	0	0	648	0	0	0	0	0	0	0	0	0	0	0	15492	8684	0	0	2228	748	0	0	0	0	158	0	9300	8124	0	17286	4308	410	0	0	0	0	0	0	0	0	1092	0	0	0	1440	0	3382	0	0	0	0	0	1042	0	1578	0	666	0	300	0	272	0	8486	1350	8312	210	0	0	0	0	0	0	0	0	0	0	104	0	0	0	206	0	0	0	0	0	0	0	0	0	0	0	0	0	0	0	0	0	0	0	0	0	0	0	0	0	0	0	0	0	0	0	
555736	Cingulum_Mid_R	376	1468	13784	21742	368	6244	1758	2630	126	102	0	3192	0	1362	0	0	0	1644	15846	48620	0	0	9844	22366	0	3044	0	0	106	3570	8744	33180	17286	0	1332	6722	834	0	0	0	0	0	0	2342	132	3400	0	532	488	3642	304	1632	0	0	0	104	112	332	330	950	110	188	0	316	0	400	2858	14626	1402	5520	394	1718	2458	1046	1554	0	1532	0	0	0	0	0	0	276	0	866	0	0	0	2014	0	0	0	0	0	0	0	0	0	0	0	0	0	0	0	0	0	0	0	0	0	0	0	0	0	0	
139320	Cingulum_Post_L	3474	0	2020	336	0	0	1240	0	0	0	182	0	0	0	0	0	0	0	1710	1012	0	0	0	0	0	0	0	0	564	0	0	0	4308	1332	0	9238	5964	4656	4018	884	0	0	2906	154	2602	0	2142	498	828	0	990	0	0	0	458	806	326	0	112	0	522	0	0	0	0	0	8704	1720	972	0	106	0	428	0	0	0	1404	1556	216	0	262	0	0	0	392	0	0	0	370	248	0	0	0	0	0	0	0	0	0	0	0	0	0	0	0	0	0	0	0	0	0	0	0	0	0	0	
173692	Cingulum_Post_R	742	786	1280	1276	0	0	900	254	0	0	158	232	0	0	0	0	0	200	184	5650	0	0	0	0	0	0	0	0	598	342	0	0	410	6722	9238	0	5416	10176	2680	2512	0	0	336	3650	306	264	1070	3284	0	210	0	210	0	0	0	1956	0	338	0	0	0	140	0	306	0	0	2566	10102	0	540	278	0	1048	302	0	0	3344	4036	216	0	0	192	0	0	0	510	0	0	0	1596	0	0	0	0	0	0	0	290	0	0	0	0	0	0	0	0	0	0	0	0	0	0	0	0	0	0	
296996	Hippocampus_L	1136	0	6670	1622	0	0	3236	404	0	0	508	134	0	0	162	0	534	0	2508	1722	638	0	0	266	0	0	0	0	8332	238	398	0	0	834	5964	5416	0	6080	19350	1196	5228	0	2298	256	626	0	7608	852	246	0	512	0	240	0	12226	698	110	0	0	0	0	0	0	0	0	0	5272	1012	0	0	570	104	12108	254	3142	0	8574	2994	1062	0	3734	0	992	0	304	0	0	0	8772	0	402	0	0	0	0	0	498	0	456	0	0	0	0	0	0	0	0	0	0	0	0	0	0	0	0	0	
319852	Hippocampus_R	826	1298	2028	1744	0	0	1474	2176	0	0	166	1816	0	588	0	0	0	792	162	1004	0	248	0	0	0	0	0	0	892	2340	122	0	0	0	4656	10176	6080	0	2900	22900	0	8652	356	2376	0	116	1338	3552	0	272	0	448	0	1404	128	24532	0	792	0	0	0	234	0	264	0	0	1240	5746	0	0	786	190	1684	6388	0	1370	5182	10820	282	202	0	2986	0	2504	0	892	0	278	0	9422	0	0	0	0	0	0	0	670	0	310	0	0	0	0	0	0	0	0	0	0	122	0	0	0	0	0	
163812	ParaHippocampal_L	154	0	560	104	0	0	638	0	0	0	0	0	0	0	300	0	0	0	100	0	468	0	0	0	0	0	0	0	2444	0	0	0	0	0	4018	2680	19350	2900	0	344	1340	0	2696	0	510	0	8170	190	184	0	606	0	220	0	9868	236	0	0	0	0	0	0	0	0	0	0	5424	458	0	0	104	0	3026	0	202	0	1616	1268	0	0	1558	0	1342	0	228	0	190	0	3760	0	998	0	0	0	236	0	2048	0	1368	0	0	0	0	0	0	0	0	0	0	0	0	0	0	0	0	0	
188592	ParaHippocampal_R	140	0	468	394	0	0	268	0	0	0	0	0	0	0	0	144	0	0	0	260	0	340	0	0	0	0	0	0	154	774	0	0	0	0	884	2512	1196	22900	344	0	0	6806	0	1908	0	0	246	4278	0	0	0	108	0	1242	0	24274	0	0	0	0	0	0	0	0	0	0	172	3882	0	0	112	130	378	3266	0	1026	1096	3852	0	0	0	582	0	3222	0	130	0	862	0	3498	0	136	0	0	0	254	0	1546	0	512	0	0	0	0	0	0	0	0	0	0	0	0	0	0	0	0	
35276	Amygdala_L	0	0	254	0	0	0	0	0	0	0	0	0	0	0	130	0	0	0	224	0	984	0	0	0	0	0	0	0	1324	146	0	0	0	0	0	0	5228	0	1340	0	0	0	0	0	0	0	0	0	0	0	0	0	0	0	3138	0	0	0	0	0	0	0	0	0	0	0	0	0	0	0	122	0	1360	146	0	0	270	0	0	0	0	0	1440	0	0	0	0	0	1430	0	0	0	0	0	0	0	102	0	0	0	0	0	0	0	0	0	0	0	0	0	0	0	0	0	0	0	
56052	Amygdala_R	0	0	0	138	0	0	0	0	0	0	0	0	0	0	0	0	0	0	0	138	0	410	0	0	0	0	0	0	0	184	0	0	0	0	0	0	0	8652	0	6806	0	0	0	0	0	0	0	0	0	0	0	0	0	0	0	6894	0	0	0	0	0	0	0	0	0	0	0	0	0	0	0	238	0	926	0	624	0	334	0	0	0	0	0	2222	0	0	0	0	0	298	0	0	0	0	0	0	0	162	0	0	0	0	0	0	0	0	0	0	0	0	0	0	0	0	0	0	
241672	Calcarine_L	776	0	576	0	0	0	0	0	0	0	0	0	0	0	0	0	98	0	362	0	0	0	0	0	0	0	0	0	138	0	0	0	0	0	2906	336	2298	356	2696	0	0	0	0	5120	20064	4330	18970	2346	11444	574	14116	0	2300	0	3344	96	192	0	0	0	0	0	0	0	442	0	18480	844	842	0	0	0	0	0	0	0	122	178	102	0	420	0	0	0	2994	0	0	0	1452	0	122	0	0	0	0	0	296	184	200	150	0	0	0	0	0	0	0	0	0	0	440	130	0	0	0	0	
346216	Calcarine_R	0	1600	0	520	0	0	0	0	0	0	0	0	0	0	0	0	0	0	0	2562	0	0	0	0	0	0	0	0	0	142	0	0	0	2342	154	3650	256	2376	0	1908	0	0	5120	0	4974	29136	2894	28348	0	20718	0	11230	0	6268	0	5336	0	100	0	380	0	0	0	96	0	178	5198	31252	0	1080	0	0	0	0	0	0	192	480	0	0	0	0	0	0	0	2402	0	0	0	1868	0	0	0	0	0	0	0	222	0	0	0	0	0	0	0	0	0	0	0	0	126	0	0	0	0	0	
220504	Cuneus_L	2380	0	1860	0	0	0	108	0	0	0	0	0	0	0	0	0	306	0	1124	0	0	0	0	0	0	0	0	0	200	0	0	0	1092	132	2602	306	626	0	510	0	0	0	20064	4974	0	6600	5196	590	17780	832	12778	0	1210	0	372	0	420	0	1010	0	152	0	108	0	1048	0	17608	1486	2194	0	0	0	0	0	0	0	0	0	0	0	170	0	0	0	4270	0	0	0	144	0	0	0	0	0	0	0	0	0	0	0	0	0	0	0	0	0	0	0	0	0	0	0	0	0	0	0	
286028	Cuneus_R	0	526	0	146	0	0	0	0	0	0	0	0	0	0	0	0	0	0	0	826	0	0	0	0	0	0	0	0	0	0	0	0	0	3400	0	264	0	116	0	0	0	0	4330	29136	6600	0	1444	9456	0	33152	0	12022	0	3570	0	986	0	286	0	2550	0	250	0	250	0	450	6794	22716	0	1252	0	0	0	0	0	0	0	0	0	0	0	0	0	0	0	1498	0	0	0	994	0	0	0	0	0	0	0	0	0	0	0	0	0	0	0	0	0	0	0	0	0	0	0	0	0	0	
416460	Lingual_L	318	0	524	0	0	0	266	0	0	0	0	0	0	0	0	0	0	0	160	0	0	0	0	0	0	0	0	0	258	0	0	0	0	0	2142	1070	7608	1338	8170	246	0	0	18970	2894	5196	1444	0	4112	5768	500	20410	288	10776	334	24208	1184	0	0	146	0	0	0	0	0	204	0	10710	708	214	0	0	0	574	0	0	0	1550	762	0	0	766	0	0	0	1878	0	0	0	2400	0	9750	3656	2518	494	758	0	8904	2132	15322	4270	894	220	3252	394	1354	202	440	0	0	0	4606	4546	4474	1156	504	288	
318612	Lingual_R	0	502	238	248	0	0	122	0	0	0	0	0	0	0	0	0	0	126	0	340	0	0	0	0	0	0	0	0	0	122	0	0	0	532	498	3284	852	3552	190	4278	0	0	2346	28348	590	9456	4112	0	0	9454	0	5674	0	7658	438	15968	0	0	0	0	0	0	0	114	0	0	1674	14006	0	320	0	0	118	0	0	0	684	1338	0	0	0	0	0	0	0	558	0	0	0	1370	714	4196	0	0	0	438	2116	8452	2240	6866	0	0	0	0	224	0	0	0	0	648	6946	6452	720	184	0	0	
170232	Occipital_Sup_L	1876	0	1700	0	0	0	0	0	0	0	0	0	0	0	0	0	0	0	322	0	0	0	0	0	0	0	0	0	0	0	0	0	1440	488	828	0	246	0	184	0	0	0	11444	0	17780	0	5768	0	0	0	23976	0	2774	0	454	0	0	0	1950	0	800	0	236	0	700	0	9124	610	524	0	0	0	0	0	0	0	0	0	0	0	104	0	0	0	1680	0	0	0	0	0	0	0	0	0	0	0	0	0	108	0	0	0	0	0	0	0	0	0	0	0	0	0	0	0	0	0	
281164	Occipital_Sup_R	0	534	0	158	0	0	0	0	0	0	0	0	0	0	0	0	0	0	0	856	0	0	0	0	0	0	0	0	0	0	0	0	0	3642	0	210	0	272	0	0	0	0	574	20718	832	33152	500	9454	0	0	0	24370	0	4166	0	1312	0	274	0	4924	0	440	0	316	0	3766	3456	20466	0	1774	0	0	0	0	0	0	0	0	0	0	0	0	0	0	0	3266	0	0	0	1150	0	0	0	0	0	0	0	0	0	0	0	0	0	0	0	0	0	0	0	0	0	0	0	0	0	0	
512204	Occipital_Mid_L	9296	0	4474	0	0	0	1876	0	0	0	214	0	0	0	0	0	2076	0	4220	0	0	0	0	0	0	0	0	0	2792	0	0	0	3382	304	990	0	512	0	606	0	0	0	14116	0	12778	0	20410	0	23976	0	0	0	22778	0	11904	0	9172	0	10104	0	14446	0	6534	0	17356	0	10852	324	6842	0	0	0	0	0	0	0	0	0	2206	0	3280	0	0	0	29952	0	0	0	2894	0	1134	186	234	0	0	0	1108	0	1876	152	0	0	0	0	0	0	0	0	0	0	260	230	256	0	0	0	
251584	Occipital_Mid_R	0	1132	0	1306	0	0	0	0	0	0	0	0	0	0	0	0	0	176	0	1826	0	0	0	0	0	0	0	0	0	194	0	0	0	1632	0	210	0	448	0	108	0	0	0	11230	0	12022	288	5674	0	24370	0	0	0	5784	0	2828	0	388	0	2964	0	4614	0	1084	0	14074	776	11648	0	552	0	0	0	0	0	0	0	0	0	130	0	450	0	0	0	15102	0	0	0	4058	0	0	0	0	0	0	0	276	0	282	0	0	0	0	0	0	0	0	0	0	166	0	0	0	0	0	
163292	Occipital_Inf_L	0	0	0	0	0	0	0	0	0	0	0	0	0	0	0	0	0	0	0	0	0	0	0	0	0	0	0	0	146	0	0	0	0	0	0	0	240	0	220	0	0	0	2300	0	1210	0	10776	0	2774	0	22778	0	0	0	18536	0	0	0	144	0	0	0	0	0	0	0	1240	0	0	0	0	0	0	0	0	0	0	0	0	0	268	0	0	0	3782	0	0	0	4468	0	2076	210	306	0	0	0	3842	0	5354	178	0	0	0	0	0	0	0	0	0	0	372	208	218	0	0	0	
112720	Occipital_Inf_R	0	0	0	0	0	0	0	0	0	0	0	0	0	0	0	0	0	0	0	0	0	0	0	0	0	0	0	0	0	96	0	0	0	0	0	0	0	1404	0	1242	0	0	0	6268	0	3570	334	7658	0	4166	0	5784	0	0	0	11252	0	0	0	0	0	0	0	0	0	0	164	1078	0	0	0	0	0	366	0	102	0	0	0	0	0	0	0	0	0	1984	0	0	0	5090	0	280	0	0	0	158	260	1540	232	2108	0	0	0	0	0	0	0	0	0	110	592	522	0	0	0	0	
422676	Fusiform_L	102	0	186	0	0	0	244	0	0	0	0	0	0	0	0	0	0	0	0	0	178	0	0	0	0	0	0	0	3380	0	0	0	0	0	458	0	12226	128	9868	0	3138	0	3344	0	372	0	24208	438	454	0	11904	0	18536	0	0	262	0	0	0	0	0	0	0	0	0	0	4104	0	0	0	0	0	2080	0	0	0	228	0	152	0	4262	0	1968	0	3808	0	2370	0	21164	0	15052	1312	1892	440	292	0	19008	508	28498	1276	752	212	3008	340	1208	112	406	0	0	0	1406	2406	2250	1058	340	0	
403236	Fusiform_R	102	106	386	390	0	0	222	0	0	0	0	0	0	0	0	0	0	102	0	364	0	212	0	0	0	0	0	0	96	864	0	0	0	104	806	1956	698	24532	236	24274	0	6894	96	5336	0	986	1184	15968	0	1312	0	2828	0	11252	262	0	0	0	0	0	0	0	0	0	0	0	108	4560	0	0	0	138	242	3704	0	770	648	2454	0	0	0	2554	0	7680	0	1334	0	3438	0	14524	432	6580	0	0	0	1992	1740	16592	1458	16852	0	0	0	0	392	0	0	0	0	1718	6038	3560	346	196	0	0	
329112	Postcentral_L	31836	118	11152	1064	0	0	9866	678	0	0	5020	206	1228	0	160	0	10636	0	6892	902	0	0	0	0	0	0	0	0	5362	0	474	0	1042	112	326	0	110	0	0	0	0	0	192	0	420	0	0	0	0	0	9172	0	0	0	0	0	0	0	10780	0	25490	0	10368	0	1636	0	1680	0	5274	0	686	164	998	0	0	0	356	0	2020	0	5830	0	0	0	2014	0	0	0	292	0	0	0	0	0	0	0	0	0	0	0	0	0	0	0	0	0	0	0	0	0	0	0	0	0	0	0	
147324	Postcentral_R	0	14016	122	714	0	0	0	2990	0	0	0	3584	0	684	0	0	0	5590	0	520	0	0	0	0	0	0	0	0	0	2182	0	0	0	332	0	338	0	792	0	0	0	0	0	100	0	286	0	0	0	274	0	388	0	0	0	0	0	0	0	4108	0	11208	0	18354	0	314	0	1156	0	2068	102	300	0	156	0	0	0	394	0	244	0	346	0	0	0	1440	0	0	0	560	0	0	0	0	0	0	0	0	0	0	0	0	0	0	0	0	0	0	0	0	0	0	0	0	0	0	
144844	Parietal_Sup_L	3092	0	1158	0	0	0	310	0	0	0	0	0	0	0	0	0	116	0	2336	0	0	0	0	0	0	0	0	0	244	0	0	0	1578	330	112	0	0	0	0	0	0	0	0	0	1010	0	146	0	1950	0	10104	0	144	0	0	0	10780	0	0	0	15730	0	604	0	2554	0	14830	592	4222	0	0	0	0	0	0	0	0	0	0	0	304	0	0	0	176	0	0	0	0	0	0	0	0	0	0	0	0	0	0	0	0	0	0	0	0	0	0	0	0	0	0	0	0	0	0	0	
93976	Parietal_Sup_R	0	282	0	0	0	0	0	0	0	0	0	0	0	0	0	0	0	1788	0	0	0	0	0	0	0	0	0	0	0	560	0	0	0	950	0	0	0	0	0	0	0	0	0	380	0	2550	0	0	0	4924	0	2964	0	0	0	0	0	4108	0	0	0	6704	0	4574	0	4154	1010	8940	0	2602	0	0	0	0	0	0	0	0	0	0	0	362	0	0	0	136	0	0	0	0	0	0	0	0	0	0	0	0	0	0	0	0	0	0	0	0	0	0	0	0	0	0	0	0	0	0	
309080	Parietal_Inf_L	16952	0	3474	278	0	0	5556	0	0	0	4084	0	826	0	0	0	1280	0	2972	724	0	0	0	0	0	0	0	0	2198	0	0	0	666	110	522	0	0	0	0	0	0	0	0	0	152	0	0	0	800	0	14446	0	0	0	0	0	25490	0	15730	0	0	0	20622	0	14724	0	1440	0	4076	0	0	0	266	0	0	0	0	0	472	0	4842	0	0	0	11330	0	0	0	508	0	0	0	0	0	0	0	0	0	0	0	0	0	0	0	0	0	0	0	0	0	0	0	0	0	0	0	
137296	Parietal_Inf_R	0	2116	0	412	0	0	0	416	0	0	0	938	0	230	0	0	0	5104	0	204	0	0	0	0	0	0	0	0	0	1662	0	0	0	188	0	140	0	234	0	0	0	0	0	0	0	250	0	0	0	440	0	4614	0	0	0	0	0	11208	0	6704	0	0	0	20926	0	8258	0	522	0	228	0	0	0	0	0	0	0	0	0	282	0	958	0	0	0	1862	0	0	0	752	0	0	0	0	0	0	0	0	0	0	0	0	0	0	0	0	0	0	0	0	0	0	0	0	0	0	
201612	SupraMarginal_L	3286	0	2596	0	0	0	1618	0	0	0	1198	0	372	0	0	0	4298	0	1268	0	0	0	0	0	0	0	0	0	3094	0	0	0	300	0	0	0	0	0	0	0	0	0	0	0	108	0	0	0	236	0	6534	0	0	0	0	0	10368	0	604	0	20622	0	0	0	14154	0	0	0	414	0	0	0	0	0	0	0	0	0	770	0	13016	0	0	0	15336	0	0	0	614	0	0	0	0	0	0	0	0	0	0	0	0	0	0	0	0	0	0	0	0	0	0	0	0	0	0	0	
175920	SupraMarginal_R	0	5194	104	886	0	0	0	1682	0	0	0	1982	0	454	0	0	0	7722	0	436	0	0	0	0	0	0	0	0	0	2140	0	0	0	316	0	306	0	264	0	0	0	0	0	96	0	250	0	114	0	316	0	1084	0	0	0	0	0	18354	0	4574	0	20926	0	0	0	5570	0	600	0	332	0	0	0	0	0	0	0	100	0	664	0	6432	0	0	0	5638	0	0	0	1424	0	0	0	0	0	0	0	0	0	0	0	0	0	0	0	0	0	0	0	0	0	0	0	0	0	0	
152732	Angular_L	1212	0	422	0	0	0	554	0	0	0	0	0	0	0	0	0	374	0	256	0	0	0	0	0	0	0	0	0	660	0	0	0	272	0	0	0	0	0	0	0	0	0	442	0	1048	0	204	0	700	0	17356	0	0	0	0	0	1636	0	2554	0	14724	0	14154	0	0	0	598	0	718	0	0	0	0	0	0	0	0	0	568	0	3214	0	0	0	14570	0	0	0	130	0	0	0	0	0	0	0	0	0	0	0	0	0	0	0	0	0	0	0	0	0	0	0	0	0	0	0	
101776	Angular_R	0	112	0	0	0	0	0	0	0	0	0	0	0	0	0	0	0	164	0	108	0	0	0	0	0	0	0	0	0	154	0	0	0	400	0	0	0	0	0	0	0	0	0	178	0	450	0	0	0	3766	0	14074	0	0	0	0	0	314	0	4154	0	8258	0	5570	0	0	0	1314	0	292	0	0	0	0	0	0	0	0	0	0	0	2910	0	0	0	7416	0	0	0	1254	0	0	0	0	0	0	0	0	0	0	0	0	0	0	0	0	0	0	0	0	0	0	0	0	0	0	
361612	Precuneus_L	2710	0	2130	0	0	0	172	0	0	0	0	0	0	0	0	0	126	0	1930	896	0	0	0	0	0	0	0	0	256	0	0	0	8486	2858	8704	2566	5272	1240	5424	172	0	0	18480	5198	17608	6794	10710	1674	9124	3456	10852	776	1240	164	4104	108	1680	0	14830	1010	1440	0	0	0	598	0	0	14290	4688	1152	0	0	0	0	0	0	392	562	138	0	882	0	0	0	3630	128	0	0	2156	0	0	0	0	0	0	0	0	0	0	0	0	0	0	0	0	0	0	0	0	0	0	0	0	0	0	0	
415968	Precuneus_R	0	2994	122	1032	0	0	0	0	0	0	0	0	0	0	0	0	0	200	432	7036	0	0	0	0	0	0	0	0	0	344	0	0	1350	14626	1720	10102	1012	5746	458	3882	0	0	844	31252	1486	22716	708	14006	610	20466	324	11648	0	1078	0	4560	0	1156	592	8940	0	522	0	600	0	1314	14290	0	104	7868	0	0	0	206	0	0	338	1270	0	108	0	164	0	0	0	5150	0	0	0	3898	0	0	0	0	0	0	0	518	0	0	0	0	0	0	0	0	0	0	0	0	192	0	0	0	0	0	
148136	Paracentral_Lobule_L	9710	0	3966	96	0	0	478	0	0	0	0	0	0	0	0	0	176	0	14386	1924	0	0	0	0	0	0	0	0	378	0	0	0	8312	1402	972	0	0	0	0	0	0	0	842	0	2194	0	214	0	524	0	6842	0	0	0	0	0	5274	0	4222	0	4076	0	414	0	718	0	4688	104	0	810	0	0	0	0	0	0	0	0	104	0	230	0	0	0	1012	0	0	0	0	0	0	0	0	0	0	0	0	0	0	0	0	0	0	0	0	0	0	0	0	0	0	0	0	0	0	0	
78368	Paracentral_Lobule_R	0	3330	0	0	0	0	0	0	0	0	0	0	0	0	0	0	0	0	320	6498	0	0	0	0	0	0	0	0	0	0	0	0	210	5520	0	540	0	0	0	0	0	0	0	1080	0	1252	0	320	0	1774	0	552	0	0	0	0	0	2068	0	2602	0	228	0	332	0	292	1152	7868	810	0	0	0	0	0	0	0	0	0	0	0	0	0	0	0	0	1648	0	0	0	788	0	0	0	0	0	0	0	0	0	0	0	0	0	0	0	0	0	0	0	0	0	0	0	0	0	0	
409356	Caudate_L	2160	598	18560	14354	2444	1252	12198	6012	1184	0	510	1536	444	710	1252	0	450	430	7726	12178	8952	8226	628	932	1712	220	2310	224	3090	1054	12424	4322	0	394	106	278	570	786	104	112	122	0	0	0	0	0	0	0	0	0	0	0	0	0	0	0	686	102	0	0	0	0	0	0	0	0	0	0	0	0	0	17646	24986	5792	4322	5914	11190	2742	438	0	184	0	112	0	0	0	0	0	0	0	0	0	0	0	0	0	0	0	0	0	0	0	0	0	0	0	0	0	0	0	0	0	0	0	0	0	
415468	Caudate_R	636	1296	2514	20646	288	11042	2894	2152	108	1320	0	1426	0	408	142	1756	142	186	2716	19600	6998	10668	352	4744	314	10962	848	2618	284	1922	6112	14066	0	1718	0	0	104	190	0	130	0	238	0	0	0	0	0	0	0	0	0	0	0	0	0	138	164	300	0	0	0	0	0	0	0	0	0	0	0	0	17646	0	11064	17552	2476	8940	2842	15072	0	0	0	0	0	0	0	0	0	0	0	0	0	0	0	0	0	0	0	0	0	0	0	0	0	0	0	0	0	0	0	0	0	0	0	0	0	0	
575684	Putamen_L	5106	0	32700	9488	7638	498	25894	2512	5626	0	2222	598	1574	158	9880	0	1268	106	12098	9066	6446	6038	544	886	794	112	1170	204	18446	760	10146	2402	0	2458	428	1048	12108	1684	3026	378	1360	0	0	0	0	0	574	118	0	0	0	0	0	0	2080	242	998	0	0	0	266	0	0	0	0	0	0	0	0	0	24986	11064	0	3700	14100	4098	18026	2450	2568	0	1210	324	2140	0	162	242	0	0	1494	130	0	0	0	0	0	0	0	0	0	0	0	0	0	0	0	0	0	0	0	0	0	0	0	0	0	0	
338816	Putamen_R	178	174	1214	17616	138	5820	826	2796	0	1492	0	3626	0	978	0	4046	0	3280	1634	14630	2686	3158	190	1906	0	3508	114	1828	252	21868	3692	7016	0	1046	0	302	254	6388	0	3266	146	926	0	0	0	0	0	0	0	0	0	0	0	366	0	3704	0	156	0	0	0	0	0	0	0	0	0	206	0	0	5792	17552	3700	0	504	6600	936	7972	98	0	0	1424	0	1358	0	570	0	0	0	1476	0	0	0	0	0	0	0	0	0	0	0	0	0	0	0	0	0	0	0	0	0	0	0	0	0	0	
138860	Pallidum_L	502	0	11622	2968	138	128	4944	606	0	0	0	194	0	0	0	0	0	0	7090	3262	942	2066	136	564	0	0	0	0	544	210	752	212	0	1554	0	0	3142	0	202	0	0	0	0	0	0	0	0	0	0	0	0	0	0	0	0	0	0	0	0	0	0	0	0	0	0	0	0	0	0	0	4322	2476	14100	504	0	920	5064	168	0	0	0	0	98	0	0	0	0	0	0	0	0	0	0	0	0	0	0	0	0	0	0	0	0	0	0	0	0	0	0	0	0	0	0	0	0	0	
121316	Pallidum_R	238	0	666	6330	0	142	562	106	0	0	0	0	0	0	0	0	0	0	542	5144	3698	3724	0	0	0	106	0	0	100	216	2702	2798	0	0	0	0	0	1370	0	1026	0	624	0	0	0	0	0	0	0	0	0	0	0	102	0	770	0	0	0	0	0	0	0	0	0	0	0	0	0	0	5914	8940	4098	6600	920	0	440	2670	0	0	0	0	0	0	0	0	0	0	0	110	0	0	0	0	0	0	0	0	0	0	0	0	0	0	0	0	0	0	0	0	0	0	0	0	0	0	
319556	Thalamus_L	2560	0	31938	4298	366	144	9324	918	180	0	430	530	106	108	0	0	310	164	17330	4662	0	0	0	534	0	0	0	0	2624	1032	1290	236	0	1532	1404	3344	8574	5182	1616	1096	270	0	122	192	0	0	1550	684	0	0	0	0	0	0	228	648	356	0	0	0	0	0	0	0	0	0	392	338	0	0	11190	2842	18026	936	5064	440	0	12668	616	0	98	554	0	0	0	368	0	0	132	232	0	0	0	0	0	0	0	0	0	0	0	0	0	0	0	0	0	0	0	0	0	0	0	0	0	0	
256452	Thalamus_R	914	798	2884	19670	0	0	1620	2202	0	0	138	1640	0	784	0	0	0	1350	532	13580	0	98	0	0	0	0	0	0	934	1664	176	0	0	0	1556	4036	2994	10820	1268	3852	0	334	178	480	0	0	762	1338	0	0	0	0	0	0	0	2454	0	394	0	0	0	0	0	100	0	0	562	1270	0	0	2742	15072	2450	7972	168	2670	12668	0	382	0	0	1006	0	0	0	736	0	0	0	978	0	0	0	0	0	0	0	0	0	0	0	0	0	0	0	0	0	0	0	0	0	0	0	0	0	0	
112436	Heschl_L	4336	0	3306	658	0	0	6596	380	0	0	1498	0	508	0	164	0	4406	0	530	434	0	0	0	0	0	0	0	0	12862	128	204	0	0	0	216	216	1062	282	0	0	0	0	102	0	0	0	0	0	0	0	2206	0	0	0	152	0	2020	0	0	0	472	0	770	0	568	0	138	0	104	0	438	0	2568	98	0	0	616	382	0	0	3780	0	0	0	3582	0	0	0	436	0	0	0	0	0	0	0	0	0	0	0	0	0	0	0	0	0	0	0	0	0	0	0	0	0	0	0	
32096	Heschl_R	0	0	0	0	0	0	0	0	0	0	0	0	0	0	0	0	0	2690	0	0	0	0	0	0	0	0	0	0	0	2816	0	0	0	0	0	0	0	202	0	0	0	0	0	0	0	0	0	0	0	0	0	130	0	0	0	0	0	244	0	0	0	282	0	664	0	0	0	108	0	0	0	0	0	0	0	0	0	0	0	0	0	4974	0	648	0	2908	0	0	0	382	0	0	0	0	0	0	0	0	0	0	0	0	0	0	0	0	0	0	0	0	0	0	0	0	0	0	
283492	Temporal_Sup_L	3342	0	2192	192	0	0	3056	152	0	0	3050	0	980	0	286	0	11076	0	644	124	104	0	0	0	0	0	0	0	12102	0	480	0	104	0	262	0	3734	0	1558	0	0	0	420	0	170	0	766	0	104	0	3280	0	268	0	4262	0	5830	0	304	0	4842	0	13016	0	3214	0	882	0	230	0	184	0	1210	0	0	0	98	0	3780	0	0	0	4664	0	30796	0	2598	0	17390	0	0	0	0	0	0	0	0	0	0	0	0	0	0	0	0	0	0	0	0	0	0	0	0	0	0	0	
138484	Temporal_Sup_R	0	0	198	270	0	0	160	0	0	0	0	222	0	0	0	116	0	3510	0	434	0	0	0	0	0	0	0	0	150	8588	0	0	0	0	0	192	0	2986	0	582	0	0	0	0	0	0	0	0	0	0	0	450	0	0	0	2554	0	346	0	362	0	958	0	6432	0	2910	0	164	0	0	0	0	324	1424	0	0	554	1006	0	4974	0	0	0	5614	0	16498	0	1430	0	5834	0	0	0	0	0	0	0	0	0	0	0	0	0	0	0	0	0	0	0	0	0	0	0	0	0	0	
93560	Temporal_Pole_Sup_L	0	0	168	0	622	0	298	0	328	0	3346	0	2550	0	2720	0	1870	0	0	0	806	0	0	0	0	0	0	0	7118	0	868	0	0	0	0	0	992	0	1342	0	1440	0	0	0	0	0	0	0	0	0	0	0	0	0	1968	0	0	0	0	0	0	0	0	0	0	0	0	0	0	0	112	0	2140	0	98	0	0	0	0	0	4664	0	0	0	3476	0	6834	0	3020	0	0	0	0	0	0	0	0	0	0	0	0	0	0	0	0	0	0	0	0	0	0	0	0	0	0	0	
88728	Temporal_Pole_Sup_R	0	0	0	460	0	180	0	196	0	0	0	1912	0	1332	0	742	0	1950	0	580	0	98	0	310	0	0	0	0	0	5092	0	96	0	276	0	0	0	2504	0	3222	0	2222	0	0	0	0	0	0	0	0	0	0	0	0	0	7680	0	0	0	0	0	0	0	0	0	0	0	0	0	0	0	0	0	1358	0	0	0	0	0	648	0	5614	0	0	0	836	0	4206	0	2850	0	0	0	0	0	0	0	0	0	0	0	0	0	0	0	0	0	0	0	0	0	0	0	0	0	0	
367764	Temporal_Mid_L	2990	0	916	0	0	0	1796	0	0	0	452	0	0	0	0	0	3190	0	386	0	0	0	0	0	0	0	0	0	6450	0	0	0	206	0	392	0	304	0	228	0	0	0	2994	0	4270	0	1878	0	1680	0	29952	0	3782	0	3808	0	2014	0	176	0	11330	0	15336	0	14570	0	3630	0	1012	0	0	0	162	0	0	0	0	0	3582	0	30796	0	3476	0	0	0	4270	0	27854	0	0	0	0	0	0	0	0	0	0	0	0	0	0	0	0	0	0	0	0	0	0	0	0	0	0	0	
220916	Temporal_Mid_R	0	1616	114	1248	0	0	106	0	0	0	0	134	0	0	0	0	0	932	0	1432	0	0	0	0	0	0	0	0	114	3586	0	0	0	866	0	510	0	892	0	130	0	0	0	2402	0	1498	0	558	0	3266	0	15102	0	1984	0	1334	0	1440	0	136	0	1862	0	5638	0	7416	128	5150	0	1648	0	0	242	570	0	0	368	736	0	2908	0	16498	0	836	0	0	0	1696	0	25046	0	0	0	0	0	0	0	156	0	160	0	0	0	0	0	0	0	0	0	0	0	0	0	0	0	0	
44488	Temporal_Pole_Mid_L	0	0	0	0	0	0	0	0	0	0	242	0	148	0	156	0	222	0	0	0	0	0	0	0	0	0	0	0	176	0	0	0	0	0	0	0	0	0	190	0	0	0	0	0	0	0	0	0	0	0	0	0	0	0	2370	0	0	0	0	0	0	0	0	0	0	0	0	0	0	0	0	0	0	0	0	0	0	0	0	0	2598	0	6834	0	4270	0	0	0	5038	0	0	0	0	0	0	0	0	0	0	0	0	0	0	0	0	0	0	0	0	0	0	0	0	0	0	0	
27620	Temporal_Pole_Mid_R	0	0	0	0	0	0	0	0	0	0	0	0	0	0	0	0	0	0	0	0	0	0	0	0	0	0	0	0	0	0	0	0	0	0	0	0	0	278	0	862	0	0	0	0	0	0	0	0	0	0	0	0	0	0	0	3438	0	0	0	0	0	0	0	0	0	0	0	0	0	0	0	0	0	0	0	0	0	0	0	0	0	1430	0	4206	0	1696	0	0	0	1900	0	0	0	0	0	0	0	0	0	0	0	0	0	0	0	0	0	0	0	0	0	0	0	0	0	0	
229824	Temporal_Inf_L	246	0	224	0	0	0	414	0	0	0	102	0	0	0	0	0	356	0	0	0	138	0	0	0	0	0	0	0	5946	0	0	0	0	0	370	0	8772	0	3760	0	1430	0	1452	0	144	0	2400	0	0	0	2894	0	4468	0	21164	0	292	0	0	0	508	0	614	0	130	0	2156	0	0	0	0	0	1494	0	0	0	132	0	436	0	17390	0	3020	0	27854	0	5038	0	0	0	1216	0	0	0	0	0	0	0	352	0	0	0	0	0	0	0	0	0	0	0	0	0	0	0	0	0	
203216	Temporal_Inf_R	0	830	0	776	0	0	0	0	0	0	0	160	0	0	0	0	0	616	0	2328	0	0	0	0	0	0	0	0	0	2464	0	0	0	2014	248	1596	0	9422	0	3498	0	298	0	1868	0	994	0	1370	0	1150	0	4058	0	5090	0	14524	0	560	0	0	0	752	0	1424	0	1254	0	3898	0	788	0	0	130	1476	0	110	232	978	0	382	0	5834	0	2850	0	25046	0	1900	0	0	0	236	0	0	0	0	0	160	0	294	0	0	0	0	0	0	0	0	0	0	0	0	0	0	0	0	
478896	Cerebelum_Crus1_L	0	0	0	0	0	0	0	0	0	0	0	0	0	0	0	0	0	0	0	0	0	0	0	0	0	0	0	0	0	0	0	0	0	0	0	0	402	0	998	0	0	0	122	0	0	0	9750	714	0	0	1134	0	2076	0	15052	432	0	0	0	0	0	0	0	0	0	0	0	0	0	0	0	0	0	0	0	0	0	0	0	0	0	0	0	0	0	0	0	0	1216	0	0	4444	37608	1024	1868	106	19354	1090	56240	3388	20274	264	32458	660	6346	270	3234	0	0	182	2262	4636	8508	2154	854	328	
472868	Cerebelum_Crus1_R	0	0	0	0	0	0	0	0	0	0	0	0	0	0	0	0	0	0	0	0	0	0	0	0	0	0	0	0	0	0	0	0	0	0	0	0	0	0	0	136	0	0	0	0	0	0	3656	4196	0	0	186	0	210	280	1312	6580	0	0	0	0	0	0	0	0	0	0	0	0	0	0	0	0	0	0	0	0	0	0	0	0	0	0	0	0	0	0	0	0	0	236	4444	0	3530	29786	112	4818	1620	19246	4828	57902	1476	5694	2898	29950	626	5012	0	3058	294	2914	6512	10326	17674	4296	2314	312	
327612	Cerebelum_Crus2_L	0	0	0	0	0	0	0	0	0	0	0	0	0	0	0	0	0	0	0	0	0	0	0	0	0	0	0	0	0	0	0	0	0	0	0	0	0	0	0	0	0	0	0	0	0	0	2518	0	0	0	234	0	306	0	1892	0	0	0	0	0	0	0	0	0	0	0	0	0	0	0	0	0	0	0	0	0	0	0	0	0	0	0	0	0	0	0	0	0	0	0	37608	3530	0	7004	590	0	732	252	6784	614	37814	1356	39518	1434	6410	0	424	0	0	0	344	624	10936	2426	316	140	
247024	Cerebelum_Crus2_R	0	0	0	0	0	0	0	0	0	0	0	0	0	0	0	0	0	0	0	0	0	0	0	0	0	0	0	0	0	0	0	0	0	0	0	0	0	0	0	0	0	0	0	0	0	0	494	0	0	0	0	0	0	0	440	0	0	0	0	0	0	0	0	0	0	0	0	0	0	0	0	0	0	0	0	0	0	0	0	0	0	0	0	0	0	0	0	0	0	0	1024	29786	7004	0	260	0	292	310	510	7158	2784	19414	3050	33230	432	2302	0	0	0	182	160	96	10894	3690	0	0	
55912	Cerebelum_3_L	0	0	0	0	0	0	0	0	0	0	0	0	0	0	0	0	0	0	0	0	0	0	0	0	0	0	0	0	0	0	0	0	0	0	0	0	0	0	236	0	0	0	0	0	0	0	758	0	0	0	0	0	0	0	292	0	0	0	0	0	0	0	0	0	0	0	0	0	0	0	0	0	0	0	0	0	0	0	0	0	0	0	0	0	0	0	0	0	0	0	1868	112	590	260	0	0	10138	0	1828	124	596	184	1494	202	6116	0	892	0	698	676	178	0	342	372	0	0	
68228	Cerebelum_3_R	0	0	0	0	0	0	0	0	0	0	0	0	0	0	0	0	0	0	0	0	0	0	0	0	0	0	0	0	0	0	0	0	0	0	0	0	0	0	0	254	0	0	0	0	0	0	0	438	0	0	0	0	0	158	0	1992	0	0	0	0	0	0	0	0	0	0	0	0	0	0	0	0	0	0	0	0	0	0	0	0	0	0	0	0	0	0	0	0	0	0	106	4818	0	0	0	0	180	7284	100	6854	0	0	244	412	0	1538	0	0	1006	5778	1522	122	682	352	172	102	
311260	Cerebelum_4_5_L	0	0	0	0	0	0	0	0	0	0	0	0	0	0	0	0	0	0	0	0	0	0	0	0	0	0	0	0	0	0	0	0	0	0	0	0	498	0	2048	0	102	0	296	0	0	0	8904	2116	0	0	1108	0	3842	260	19008	1740	0	0	0	0	0	0	0	0	0	0	0	0	0	0	0	0	0	0	0	0	0	0	0	0	0	0	0	0	0	0	0	0	0	0	19354	1620	732	292	10138	180	0	5432	37978	4118	768	210	2142	348	7036	864	1514	0	318	1356	12404	4470	592	1710	1000	1132	
274328	Cerebelum_4_5_R	0	0	0	0	0	0	0	0	0	0	0	0	0	0	0	0	0	0	0	0	0	0	0	0	0	0	0	0	0	0	0	0	0	0	0	290	0	670	0	1546	0	162	184	222	0	0	2132	8452	0	0	0	276	0	1540	508	16592	0	0	0	0	0	0	0	0	0	0	0	518	0	0	0	0	0	0	0	0	0	0	0	0	0	0	0	0	0	156	0	0	0	160	1090	19246	252	310	0	7284	5432	0	2970	31840	162	0	898	936	1602	856	0	338	364	5888	15730	4518	1650	1078	500	812	
460236	Cerebelum_6_L	0	0	0	0	0	0	0	0	0	0	0	0	0	0	0	0	0	0	0	0	0	0	0	0	0	0	0	0	0	0	0	0	0	0	0	0	456	0	1368	0	0	0	200	0	0	0	15322	2240	108	0	1876	0	5354	232	28498	1458	0	0	0	0	0	0	0	0	0	0	0	0	0	0	0	0	0	0	0	0	0	0	0	0	0	0	0	0	0	0	0	0	352	0	56240	4828	6784	510	1828	100	37978	2970	0	5836	8032	228	13328	452	4692	438	3908	0	98	292	6520	7590	5924	2440	1018	620	
457692	Cerebelum_6_R	0	0	0	0	0	0	0	0	0	0	0	0	0	0	0	0	0	0	0	0	0	0	0	0	0	0	0	0	0	0	0	0	0	0	0	0	0	310	0	512	0	0	150	0	0	0	4270	6866	0	0	152	282	178	2108	1276	16852	0	0	0	0	0	0	0	0	0	0	0	0	0	0	0	0	0	0	0	0	0	0	0	0	0	0	0	0	0	160	0	0	0	294	3388	57902	614	7158	124	6854	4118	31840	5836	0	318	1516	1812	12104	1366	3472	0	3282	386	5456	13314	14244	13312	3488	2602	930	
250216	Cerebelum_7b_L	0	0	0	0	0	0	0	0	0	0	0	0	0	0	0	0	0	0	0	0	0	0	0	0	0	0	0	0	0	0	0	0	0	0	0	0	0	0	0	0	0	0	0	0	0	0	894	0	0	0	0	0	0	0	752	0	0	0	0	0	0	0	0	0	0	0	0	0	0	0	0	0	0	0	0	0	0	0	0	0	0	0	0	0	0	0	0	0	0	0	20274	1476	37814	2784	596	0	768	162	8032	318	0	686	34704	978	5826	0	746	0	0	0	346	482	4788	2246	294	142	
113824	Cerebelum_7b_R	0	0	0	0	0	0	0	0	0	0	0	0	0	0	0	0	0	0	0	0	0	0	0	0	0	0	0	0	0	0	0	0	0	0	0	0	0	0	0	0	0	0	0	0	0	0	220	0	0	0	0	0	0	0	212	0	0	0	0	0	0	0	0	0	0	0	0	0	0	0	0	0	0	0	0	0	0	0	0	0	0	0	0	0	0	0	0	0	0	0	264	5694	1356	19414	184	0	210	0	228	1516	686	0	1560	19038	284	1354	0	0	0	0	0	0	1704	2988	0	0	
374412	Cerebelum_8_L	0	0	0	0	0	0	0	0	0	0	0	0	0	0	0	0	0	0	0	0	0	0	0	0	0	0	0	0	0	0	0	0	0	0	0	0	0	0	0	0	0	0	0	0	0	0	3252	0	0	0	0	0	0	0	3008	0	0	0	0	0	0	0	0	0	0	0	0	0	0	0	0	0	0	0	0	0	0	0	0	0	0	0	0	0	0	0	0	0	0	0	32458	2898	39518	3050	1494	244	2142	898	13328	1812	34704	1560	0	3844	17982	636	2366	0	0	320	1482	1814	7926	8040	1610	820	
280676	Cerebelum_8_R	0	0	0	0	0	0	0	0	0	0	0	0	0	0	0	0	0	0	0	0	0	0	0	0	0	0	0	0	0	0	0	0	0	0	0	0	0	0	0	0	0	0	0	0	0	0	394	0	0	0	0	0	0	0	340	0	0	0	0	0	0	0	0	0	0	0	0	0	0	0	0	0	0	0	0	0	0	0	0	0	0	0	0	0	0	0	0	0	0	0	660	29950	1434	33230	202	412	348	936	452	12104	978	19038	3844	0	1042	14756	0	648	304	726	822	628	8050	7202	1502	336	
162904	Cerebelum_9_L	0	0	0	0	0	0	0	0	0	0	0	0	0	0	0	0	0	0	0	0	0	0	0	0	0	0	0	0	0	0	0	0	0	0	0	0	0	0	0	0	0	0	0	0	0	0	1354	224	0	0	0	0	0	0	1208	392	0	0	0	0	0	0	0	0	0	0	0	0	0	0	0	0	0	0	0	0	0	0	0	0	0	0	0	0	0	0	0	0	0	0	6346	626	6410	432	6116	0	7036	1602	4692	1366	5826	284	17982	1042	0	1128	2782	0	260	846	3544	2252	1338	2666	2388	1310	
111248	Cerebelum_9_R	0	0	0	0	0	0	0	0	0	0	0	0	0	0	0	0	0	0	0	0	0	0	0	0	0	0	0	0	0	0	0	0	0	0	0	0	0	0	0	0	0	0	0	0	0	0	202	0	0	0	0	0	0	0	112	0	0	0	0	0	0	0	0	0	0	0	0	0	0	0	0	0	0	0	0	0	0	0	0	0	0	0	0	0	0	0	0	0	0	0	270	5012	0	2302	0	1538	864	856	438	3472	0	1354	636	14756	1128	0	0	932	2534	3904	3348	1938	1354	2670	4124	1880	
34028	Cerebelum_10_L	0	0	0	0	0	0	0	0	0	0	0	0	0	0	0	0	0	0	0	0	0	0	0	0	0	0	0	0	0	0	0	0	0	0	0	0	0	0	0	0	0	0	0	0	0	0	440	0	0	0	0	0	0	0	406	0	0	0	0	0	0	0	0	0	0	0	0	0	0	0	0	0	0	0	0	0	0	0	0	0	0	0	0	0	0	0	0	0	0	0	3234	0	424	0	892	0	1514	0	3908	0	746	0	2366	0	2782	0	0	0	0	0	0	302	0	0	0	0	
18936	Cerebelum_10_R	0	0	0	0	0	0	0	0	0	0	0	0	0	0	0	0	0	0	0	0	0	0	0	0	0	0	0	0	0	0	0	0	0	0	0	0	0	0	0	0	0	0	0	0	0	0	0	0	0	0	0	0	0	0	0	0	0	0	0	0	0	0	0	0	0	0	0	0	0	0	0	0	0	0	0	0	0	0	0	0	0	0	0	0	0	0	0	0	0	0	0	3058	0	0	0	0	0	338	0	3282	0	0	0	648	0	932	0	0	0	114	0	0	334	190	572	0	
34612	Vermis_1_2	0	0	0	0	0	0	0	0	0	0	0	0	0	0	0	0	0	0	0	0	0	0	0	0	0	0	0	0	0	0	0	0	0	0	0	0	0	0	0	0	0	0	0	0	0	0	0	0	0	0	0	0	0	0	0	0	0	0	0	0	0	0	0	0	0	0	0	0	0	0	0	0	0	0	0	0	0	0	0	0	0	0	0	0	0	0	0	0	0	0	0	294	0	0	698	1006	318	364	98	386	0	0	0	304	260	2534	0	0	0	7582	1772	300	0	338	374	678	
