data	data	672408	212572	869384	670720	149892	97088	293896	249576	63260	24080	238468	170584	253940	166748	200396	72116	238404	86316	630984	649712	73132	85216	225284	239920	17772	61616	73008	53360	465024	292536	303472	428180	197600	469008	163148	157796	163664	214404	53932	108640	9368	40372	387604	401524	252916	369340	275400	224104	207464	378472	463496	358108	127092	98868	289644	360244	203044	231012	126788	171072	260740	167072	108920	187344	134508	157880	418180	465880	358524	154288	218736	287572	258408	274892	71712	14028	101652	80300	68812	29616	142024	128016	42648	52224	277556	221412	10392	35616	181692	159576	451952	396816	227384	248676	50324	55804	257488	218832	399172	379256	188104	131896	267108	236012	153440	173196	20056	37432	32032	63136	208808	236704	208768	116588	117996	37932	
data	data	Precentral_L	Precentral_R	Frontal_Sup_L	Frontal_Sup_R	Frontal_Sup_Orb_L	Frontal_Sup_Orb_R	Frontal_Mid_L	Frontal_Mid_R	Frontal_Mid_Orb_L	Frontal_Mid_Orb_R	Frontal_Inf_Oper_L	Frontal_Inf_Oper_R	Frontal_Inf_Tri_L	Frontal_Inf_Tri_R	Frontal_Inf_Orb_L	Frontal_Inf_Orb_R	Rolandic_Oper_L	Rolandic_Oper_R	Supp_Motor_Area_L	Supp_Motor_Area_R	Olfactory_L	Olfactory_R	Frontal_Sup_Medial_L	Frontal_Sup_Medial_R	Frontal_Med_Orb_L	Frontal_Med_Orb_R	Rectus_L	Rectus_R	Insula_L	Insula_R	Cingulum_Ant_L	Cingulum_Ant_R	Cingulum_Mid_L	Cingulum_Mid_R	Cingulum_Post_L	Cingulum_Post_R	Hippocampus_L	Hippocampus_R	ParaHippocampal_L	ParaHippocampal_R	Amygdala_L	Amygdala_R	Calcarine_L	Calcarine_R	Cuneus_L	Cuneus_R	Lingual_L	Lingual_R	Occipital_Sup_L	Occipital_Sup_R	Occipital_Mid_L	Occipital_Mid_R	Occipital_Inf_L	Occipital_Inf_R	Fusiform_L	Fusiform_R	Postcentral_L	Postcentral_R	Parietal_Sup_L	Parietal_Sup_R	Parietal_Inf_L	Parietal_Inf_R	SupraMarginal_L	SupraMarginal_R	Angular_L	Angular_R	Precuneus_L	Precuneus_R	Paracentral_Lobule_L	Paracentral_Lobule_R	Caudate_L	Caudate_R	Putamen_L	Putamen_R	Pallidum_L	Pallidum_R	Thalamus_L	Thalamus_R	Heschl_L	Heschl_R	Temporal_Sup_L	Temporal_Sup_R	Temporal_Pole_Sup_L	Temporal_Pole_Sup_R	Temporal_Mid_L	Temporal_Mid_R	Temporal_Pole_Mid_L	Temporal_Pole_Mid_R	Temporal_Inf_L	Temporal_Inf_R	Cerebelum_Crus1_L	Cerebelum_Crus1_R	Cerebelum_Crus2_L	Cerebelum_Crus2_R	Cerebelum_3_L	Cerebelum_3_R	Cerebelum_4_5_L	Cerebelum_4_5_R	Cerebelum_6_L	Cerebelum_6_R	Cerebelum_7b_L	Cerebelum_7b_R	Cerebelum_8_L	Cerebelum_8_R	Cerebelum_9_L	Cerebelum_9_R	Cerebelum_10_L	Cerebelum_10_R	Vermis_1_2	Vermis_3	Vermis_4_5	Vermis_6	Vermis_7	Vermis_8	Vermis_9	Vermis_10	
672408	Precentral_L	0	8954	51772	9854	708	0	18100	2884	0	0	7722	146	900	568	0	0	12096	156	39672	19870	0	0	236	0	0	0	0	0	10054	402	1904	2620	5412	8128	7160	2350	6002	270	132	0	0	0	594	130	1522	74	318	0	92	0	1174	0	94	0	498	0	19762	1296	186	160	4010	352	1900	232	222	0	2736	454	36348	2682	5090	2464	16612	710	5300	422	7492	196	2390	0	1472	0	0	0	718	0	0	0	430	0	0	0	0	0	0	0	0	0	0	0	0	0	0	0	0	0	0	0	0	0	0	0	0	0	0	0	
212572	Precentral_R	8954	0	2438	12352	0	0	1470	8134	0	0	0	5788	0	0	0	0	170	1450	2500	8600	0	0	0	0	0	0	0	0	112	1588	106	0	0	2014	100	1432	102	1906	0	236	0	0	0	638	0	222	0	68	0	116	0	166	0	0	0	262	1022	13114	0	522	226	1072	0	882	0	0	0	1228	5204	6134	1820	2176	1946	3028	4462	0	1194	1098	0	0	0	0	0	0	0	94	0	0	0	140	0	0	0	0	0	0	0	0	0	0	0	0	0	0	0	0	0	0	0	0	0	0	0	0	0	0	
869384	Frontal_Sup_L	51772	2438	0	7780	9810	0	42006	2334	2264	0	20730	1988	14430	374	10702	0	15080	282	65454	15904	142	0	34814	212	454	0	186	0	27428	2150	15890	4104	6642	5464	204	466	1938	0	84	0	0	0	0	0	0	0	0	0	0	0	0	0	0	0	482	0	5416	0	0	0	384	0	420	0	0	0	0	72	24770	0	5294	3240	17050	1250	4326	0	3476	140	808	0	2952	0	658	0	0	0	0	0	428	0	0	0	0	0	0	0	0	0	0	0	0	0	0	0	0	0	0	0	0	0	0	0	0	0	0	0	
670720	Frontal_Sup_R	9854	12352	7780	0	432	6418	1096	37658	0	1388	172	9788	0	5794	0	3436	198	3344	15288	55780	0	0	7104	31648	0	2896	0	550	982	14004	3788	27388	786	13826	0	202	144	3928	0	802	0	0	0	176	0	0	0	110	0	0	0	0	0	0	0	646	444	2492	0	0	78	0	0	0	0	0	0	366	4730	0	4776	12726	2176	17314	1154	1772	824	6750	0	0	0	0	0	0	0	0	0	0	0	0	0	0	0	0	0	0	0	0	0	0	0	0	0	0	0	0	0	0	0	0	0	0	0	0	0	0	
149892	Frontal_Sup_Orb_L	708	0	9810	432	0	344	1060	68	8662	0	174	0	3238	0	12066	80	0	0	538	566	2590	1736	2602	142	1736	0	5468	390	9358	0	3116	502	0	0	0	0	0	0	74	0	0	0	0	0	0	0	0	0	0	0	0	0	0	0	0	0	0	0	0	0	0	0	0	0	0	0	0	0	0	0	1972	1104	5870	0	0	0	0	0	0	0	0	0	540	0	0	0	0	0	0	0	0	0	0	0	0	0	0	0	0	0	0	0	0	0	0	0	0	0	0	0	0	0	0	0	0	0	
97088	Frontal_Sup_Orb_R	0	0	0	6418	344	0	0	2752	0	4160	0	0	0	132	266	5170	0	0	0	0	808	2224	0	1768	190	6960	808	6566	0	1680	0	538	0	0	0	0	0	0	0	0	0	0	0	0	0	0	0	0	0	0	0	0	0	0	0	0	0	0	0	0	0	0	0	0	0	0	0	0	0	0	838	3666	72	3184	0	0	0	0	0	0	0	0	0	0	0	0	0	0	0	0	0	0	0	0	0	0	0	0	0	0	0	0	0	0	0	0	0	0	0	0	0	0	0	0	0	0	
293896	Frontal_Mid_L	18100	1470	42006	1096	1060	0	0	484	1634	0	6388	132	19452	1612	7038	0	2182	0	1956	1272	0	0	12082	0	0	0	0	0	7054	654	4342	2468	1126	182	266	176	744	120	0	0	0	0	0	0	0	0	0	0	0	0	0	0	0	0	0	0	2112	166	0	0	462	160	602	104	0	0	176	0	962	680	1012	1040	1344	414	184	154	1794	0	96	0	280	0	110	0	0	0	0	0	0	0	0	0	0	0	0	0	0	0	0	0	0	0	0	0	0	0	0	0	0	0	0	0	0	0	0	0	
249576	Frontal_Mid_R	2884	8134	2334	37658	68	2752	484	0	0	2212	0	7606	0	12056	0	5180	110	2194	2050	5300	0	0	322	2792	0	0	0	0	226	4518	784	2772	0	2204	0	0	0	2784	0	398	0	0	0	0	0	0	0	0	0	0	0	0	0	0	0	342	0	1394	0	0	0	0	0	0	0	0	0	84	1084	0	2062	1196	1760	3946	1384	338	0	3376	0	0	0	0	0	0	0	0	0	0	0	0	0	0	0	0	0	0	0	0	0	0	0	0	0	0	0	0	0	0	0	0	0	0	0	0	0	0	
63260	Frontal_Mid_Orb_L	0	0	2264	0	8662	0	1634	0	0	0	0	0	1056	0	10216	0	0	0	0	0	0	0	290	0	132	0	556	0	3668	0	450	0	0	0	0	0	0	0	0	0	0	0	0	0	0	0	0	0	0	0	0	0	0	0	0	0	0	0	0	0	0	0	0	0	0	0	0	0	0	0	0	0	2326	0	0	0	0	0	0	0	0	0	376	0	0	0	0	0	0	0	0	0	0	0	0	0	0	0	0	0	0	0	0	0	0	0	0	0	0	0	0	0	0	0	0	0	
24080	Frontal_Mid_Orb_R	0	0	0	1388	0	4160	0	2212	0	0	0	0	0	316	0	3750	0	0	0	0	0	0	0	0	0	0	0	0	0	214	0	0	0	0	0	0	0	0	0	0	0	0	0	0	0	0	0	0	0	0	0	0	0	0	0	0	0	0	0	0	0	0	0	0	0	0	0	0	0	0	0	0	0	0	0	0	0	0	0	0	0	0	0	0	0	0	0	0	0	0	0	0	0	0	0	0	0	0	0	0	0	0	0	0	0	0	0	0	0	0	0	0	0	0	0	0	
238468	Frontal_Inf_Oper_L	7722	0	20730	172	174	0	6388	0	0	0	0	384	15328	1816	1266	0	11820	0	13972	126	0	0	620	0	0	0	0	0	15408	404	2914	3676	0	144	0	0	700	0	0	0	0	0	0	0	0	0	0	0	0	0	0	0	0	0	274	0	1452	0	0	0	0	0	0	0	0	0	0	0	0	0	4284	2636	1084	134	0	0	90	0	250	0	3778	0	1048	0	0	0	0	0	440	0	0	0	0	0	0	0	0	0	0	0	0	0	0	0	0	0	0	0	0	0	0	0	0	0	0	0	
170584	Frontal_Inf_Oper_R	146	5788	1988	9788	0	0	132	7606	0	0	384	0	0	8088	0	182	0	1336	4500	10530	0	0	94	1590	0	0	0	0	454	15020	1160	2400	0	5442	0	0	0	1242	0	192	0	0	0	0	0	0	0	0	0	0	0	0	0	0	0	162	0	1686	0	0	0	0	0	0	0	0	0	0	0	0	356	350	114	3922	0	0	0	318	0	0	0	0	0	322	0	0	0	0	0	0	0	0	0	0	0	0	0	0	0	0	0	0	0	0	0	0	0	0	0	0	0	0	0	0	0	0	
253940	Frontal_Inf_Tri_L	900	0	14430	0	3238	0	19452	0	1056	0	15328	0	0	2360	18424	0	942	0	3966	0	884	0	2832	0	0	0	112	0	25028	156	9392	1520	102	0	0	0	198	0	278	0	160	0	0	0	0	0	0	0	0	0	0	0	0	0	0	0	102	0	0	0	0	0	0	0	0	0	0	0	0	0	2598	970	1282	206	0	0	0	0	0	0	374	0	680	0	0	0	0	0	0	0	0	0	0	0	0	0	0	0	0	0	0	0	0	0	0	0	0	0	0	0	0	0	0	0	0	0	
166748	Frontal_Inf_Tri_R	568	0	374	5794	0	132	1612	12056	0	316	1816	8088	2360	0	98	3554	0	0	1826	5254	0	0	488	4484	0	0	0	0	1296	8282	2104	12394	132	6362	0	0	0	88	0	0	0	0	0	0	0	0	0	0	0	0	0	0	0	0	0	0	0	0	0	0	0	0	0	0	0	0	0	0	0	0	1030	1222	276	1368	0	0	0	0	0	0	0	0	0	0	0	0	0	0	0	0	0	0	0	0	0	0	0	0	0	0	0	0	0	0	0	0	0	0	0	0	0	0	0	0	0	0	
200396	Frontal_Inf_Orb_L	0	0	10702	0	12066	266	7038	0	10216	0	1266	0	18424	98	0	74	68	0	244	0	2892	1168	1242	0	0	0	3086	306	18916	0	1224	0	70	0	0	0	188	0	364	0	190	0	0	0	0	0	0	0	0	0	0	0	0	0	0	0	0	0	0	0	0	0	0	0	0	0	0	0	0	0	1674	784	5018	0	0	0	0	0	0	0	0	0	2614	0	0	0	0	0	0	0	0	0	0	0	0	0	0	0	0	0	0	0	0	0	0	0	0	0	0	0	0	0	0	0	0	0	
72116	Frontal_Inf_Orb_R	0	0	0	3436	80	5170	0	5180	0	3750	0	182	0	3554	74	0	0	0	0	0	332	1434	0	496	0	90	328	1716	0	6420	0	708	0	0	0	0	0	84	0	0	0	82	0	0	0	0	0	0	0	0	0	0	0	0	0	0	0	0	0	0	0	0	0	0	0	0	0	0	0	0	344	1578	0	1020	0	0	0	0	0	0	0	0	0	0	0	0	0	0	0	0	0	0	0	0	0	0	0	0	0	0	0	0	0	0	0	0	0	0	0	0	0	0	0	0	0	0	
238404	Rolandic_Oper_L	12096	170	15080	198	0	0	2182	110	0	0	11820	0	942	0	68	0	0	0	8644	96	0	0	0	0	0	0	0	0	19654	0	78	94	0	0	186	0	3078	0	0	0	0	0	946	0	98	0	218	0	0	0	1098	0	132	0	496	0	9192	94	0	0	2348	0	3364	0	846	0	1062	0	1980	0	206	122	2288	0	140	0	890	0	4426	0	9738	0	1062	0	2702	0	0	0	1258	0	0	0	0	0	0	0	0	0	0	0	0	0	0	0	0	0	0	0	0	0	0	0	0	0	0	0	
86316	Rolandic_Oper_R	156	1450	282	3344	0	0	0	2194	0	0	0	1336	0	0	0	0	0	0	208	4348	0	0	0	0	0	0	0	0	0	9578	0	194	0	102	0	0	0	1592	0	100	0	0	0	0	0	0	0	0	0	0	0	0	0	0	0	114	0	3436	0	394	0	404	0	2460	0	0	0	0	0	0	122	232	160	3170	0	0	0	368	0	3220	0	3432	0	604	0	76	0	0	0	82	0	0	0	0	0	0	0	0	0	0	0	0	0	0	0	0	0	0	0	0	0	0	0	0	0	0	
630984	Supp_Motor_Area_L	39672	2500	65454	15288	538	0	1956	2050	0	0	13972	4500	3966	1826	244	0	8644	208	0	35174	0	0	3878	2576	0	0	0	0	6436	3904	9234	6228	11270	17540	406	536	260	0	0	0	0	0	0	0	98	0	0	0	0	0	0	0	0	0	0	0	4184	0	0	0	0	0	0	0	0	0	122	114	30142	242	3372	1892	7090	2138	2682	0	2114	0	624	0	1956	0	462	0	0	0	0	0	0	0	0	0	0	0	0	0	0	0	0	0	0	0	0	0	0	0	0	0	0	0	0	0	0	0	0	0	
649712	Supp_Motor_Area_R	19870	8600	15904	55780	566	0	1272	5300	0	0	126	10530	0	5254	0	0	96	4348	35174	0	0	0	976	12072	0	0	0	0	676	9040	4404	12928	3348	42848	584	4050	104	2762	0	450	0	0	148	1432	156	1100	122	0	0	572	0	706	0	116	0	480	88	2004	0	68	70	108	0	444	0	66	236	2006	15836	15880	1474	9570	1620	8804	0	1442	128	2148	0	0	0	264	0	0	0	284	0	0	0	422	0	0	0	0	0	0	0	0	0	0	0	0	0	0	0	0	0	0	0	0	0	0	0	0	0	0	
73132	Olfactory_L	0	0	142	0	2590	808	0	0	0	0	0	0	884	0	2892	332	0	0	0	0	0	5862	0	0	414	316	5746	1018	2346	70	2540	1744	0	0	0	0	68	0	736	0	222	0	0	0	0	0	0	0	0	0	0	0	0	0	0	0	0	0	0	0	0	0	0	0	0	0	0	0	0	0	4650	1908	668	80	0	0	0	0	0	0	0	0	530	0	0	0	0	0	0	0	0	0	0	0	0	0	0	0	0	0	0	0	0	0	0	0	0	0	0	0	0	0	0	0	0	0	
85216	Olfactory_R	0	0	0	0	1736	2224	0	0	0	0	0	0	0	0	1168	1434	0	0	0	0	5862	0	0	0	280	924	5564	3616	0	1650	2836	3144	0	0	0	0	0	162	0	128	0	318	0	0	0	0	0	0	0	0	0	0	0	0	0	0	0	0	0	0	0	0	0	0	0	0	0	0	0	0	5048	4774	1214	434	0	0	0	92	0	0	0	0	0	0	0	0	0	0	0	0	0	0	0	0	0	0	0	0	0	0	0	0	0	0	0	0	0	0	0	0	0	0	0	0	0	0	
225284	Frontal_Sup_Medial_L	236	0	34814	7104	2602	0	12082	322	290	0	620	94	2832	488	1242	0	0	0	3878	976	0	0	0	12680	1364	528	94	0	2578	132	14394	5640	3518	2818	0	0	0	0	0	0	0	0	0	0	0	0	0	0	0	0	0	0	0	0	0	0	0	0	0	0	0	0	0	0	0	0	0	0	0	0	232	172	778	134	0	0	0	0	0	0	0	0	0	0	0	0	0	0	0	0	0	0	0	0	0	0	0	0	0	0	0	0	0	0	0	0	0	0	0	0	0	0	0	0	0	0	
239920	Frontal_Sup_Medial_R	0	0	212	31648	142	1768	0	2792	0	0	0	1590	0	4484	0	496	0	0	2576	12072	0	0	12680	0	388	3782	0	376	76	1154	3602	19820	140	13998	0	0	0	126	0	0	0	0	0	0	0	0	0	0	0	0	0	0	0	0	0	0	0	0	0	0	0	0	0	0	0	0	0	0	0	0	312	1500	0	4226	0	0	0	0	0	0	0	0	0	0	0	0	0	0	0	0	0	0	0	0	0	0	0	0	0	0	0	0	0	0	0	0	0	0	0	0	0	0	0	0	0	0	
17772	Frontal_Med_Orb_L	0	0	454	0	1736	190	0	0	132	0	0	0	0	0	0	0	0	0	0	0	414	280	1364	388	0	722	388	72	0	0	1794	410	0	0	0	0	0	0	0	0	0	0	0	0	0	0	0	0	0	0	0	0	0	0	0	0	0	0	0	0	0	0	0	0	0	0	0	0	0	0	414	128	0	0	0	0	0	0	0	0	0	0	0	0	0	0	0	0	0	0	0	0	0	0	0	0	0	0	0	0	0	0	0	0	0	0	0	0	0	0	0	0	0	0	0	0	
61616	Frontal_Med_Orb_R	0	0	0	2896	0	6960	0	0	0	0	0	0	0	0	0	90	0	0	0	0	316	924	528	3782	722	0	322	4736	0	266	1048	3670	0	0	0	0	0	0	0	0	0	0	0	0	0	0	0	0	0	0	0	0	0	0	0	0	0	0	0	0	0	0	0	0	0	0	0	0	0	0	254	1910	0	2384	0	0	0	0	0	0	0	0	0	0	0	0	0	0	0	0	0	0	0	0	0	0	0	0	0	0	0	0	0	0	0	0	0	0	0	0	0	0	0	0	0	0	
73008	Rectus_L	0	0	186	0	5468	808	0	0	556	0	0	0	112	0	3086	328	0	0	0	0	5746	5564	94	0	388	322	0	1006	846	0	2112	1230	0	0	0	0	0	0	0	0	0	0	0	0	0	0	0	0	0	0	0	0	0	0	0	0	0	0	0	0	0	0	0	0	0	0	0	0	0	0	4884	2452	1316	0	0	0	0	0	0	0	0	0	0	0	0	0	0	0	0	0	0	0	0	0	0	0	0	0	0	0	0	0	0	0	0	0	0	0	0	0	0	0	0	0	0	0	
53360	Rectus_R	0	0	0	550	390	6566	0	0	0	0	0	0	0	0	306	1716	0	0	0	0	1018	3616	0	376	72	4736	1006	0	0	926	162	906	0	0	0	0	0	0	0	0	0	0	0	0	0	0	0	0	0	0	0	0	0	0	0	0	0	0	0	0	0	0	0	0	0	0	0	0	0	0	998	2382	66	888	0	0	0	0	0	0	0	0	0	0	0	0	0	0	0	0	0	0	0	0	0	0	0	0	0	0	0	0	0	0	0	0	0	0	0	0	0	0	0	0	0	0	
465024	Insula_L	10054	112	27428	982	9358	0	7054	226	3668	0	15408	454	25028	1296	18916	0	19654	0	6436	676	2346	0	2578	76	0	0	846	0	0	512	9824	2514	204	270	354	0	10418	0	750	0	386	0	658	0	112	0	246	0	0	0	1052	0	282	0	3094	0	3456	0	0	0	1218	0	1140	0	186	0	920	0	352	0	2914	2008	14366	346	88	0	1108	0	7420	0	6260	0	1692	0	2332	0	0	0	3434	0	0	0	0	0	0	0	0	0	0	0	0	0	0	0	0	0	0	0	0	0	0	0	0	0	0	0	
292536	Insula_R	402	1588	2150	14004	0	1680	654	4518	0	214	404	15020	156	8282	0	6420	0	9578	3904	9040	70	1650	132	1154	0	266	0	926	512	0	766	5966	0	2132	0	84	0	8330	0	1032	0	436	0	98	0	0	0	0	0	112	0	240	0	532	0	4044	0	710	0	104	0	108	0	154	0	0	0	0	0	0	1160	1680	196	16856	0	0	0	962	0	4142	0	7394	0	1776	0	1556	0	830	0	2144	0	0	0	0	0	0	0	0	0	0	0	0	0	0	0	0	0	0	0	0	0	0	0	0	0	0	
303472	Cingulum_Ant_L	1904	106	15890	3788	3116	0	4342	784	450	0	2914	1160	9392	2104	1224	0	78	0	9234	4404	2540	2836	14394	3602	1794	1048	2112	162	9824	766	0	18574	6068	4514	0	0	0	0	0	0	0	0	0	0	0	0	0	0	0	0	0	0	0	0	0	0	0	84	0	0	0	0	0	0	0	0	0	0	158	0	5932	8350	5706	1780	0	0	442	160	0	0	0	0	0	0	0	0	0	0	0	0	0	0	0	0	0	0	0	0	0	0	0	0	0	0	0	0	0	0	0	0	0	0	0	0	0	0	
428180	Cingulum_Ant_R	2620	0	4104	27388	502	538	2468	2772	0	0	3676	2400	1520	12394	0	708	94	194	6228	12928	1744	3144	5640	19820	410	3670	1230	906	2514	5966	18574	0	920	15020	0	0	0	136	0	0	0	0	0	0	0	0	0	0	0	0	0	0	0	0	0	0	330	92	0	0	0	0	0	0	0	0	0	0	122	0	8372	26712	1432	15814	0	0	88	900	0	0	0	0	0	0	0	0	0	0	0	0	0	0	0	0	0	0	0	0	0	0	0	0	0	0	0	0	0	0	0	0	0	0	0	0	0	0	
197600	Cingulum_Mid_L	5412	0	6642	786	0	0	1126	0	0	0	0	0	102	132	70	0	0	0	11270	3348	0	0	3518	140	0	0	0	0	204	0	6068	920	0	11524	6396	3740	0	0	0	0	0	0	984	452	4512	518	466	0	2118	266	2316	296	136	0	148	0	878	68	1318	0	1108	0	184	0	394	0	8526	3206	8644	360	0	122	0	0	0	0	0	0	0	0	0	0	0	0	382	0	0	0	0	0	0	0	0	0	0	0	0	0	0	0	0	0	0	0	0	0	0	0	0	0	0	0	0	0	0	0	
469008	Cingulum_Mid_R	8128	2014	5464	13826	0	0	182	2204	0	0	144	5442	0	6362	0	0	0	102	17540	42848	0	0	2818	13998	0	0	0	0	270	2132	4514	15020	11524	0	2448	10032	0	252	0	0	0	0	0	6236	220	6690	0	178	302	2486	0	2746	0	0	0	0	0	4746	502	0	0	102	0	240	0	0	3226	16810	7788	13646	92	352	0	534	0	0	0	0	0	0	0	66	0	0	0	144	0	0	0	134	0	0	0	0	0	0	0	0	0	0	0	0	0	0	0	0	0	0	0	0	0	0	0	0	0	0	
163148	Cingulum_Post_L	7160	100	204	0	0	0	266	0	0	0	0	0	0	0	0	0	186	0	406	584	0	0	0	0	0	0	0	0	354	0	0	0	6396	2448	0	8494	4880	1010	1344	310	0	0	3946	272	4772	324	3634	0	602	0	2246	0	168	0	1028	198	2010	0	324	0	1478	0	152	0	284	0	13348	2566	5132	112	0	0	202	0	0	0	2768	132	136	0	100	0	0	0	1312	0	0	0	186	0	0	0	0	0	0	0	0	0	0	0	0	0	0	0	0	0	0	0	0	0	0	0	0	0	0	0	
157796	Cingulum_Post_R	2350	1432	466	202	0	0	176	0	0	0	0	0	0	0	0	0	0	0	536	4050	0	0	0	0	0	0	0	0	0	84	0	0	3740	10032	8494	0	2428	3744	0	556	0	0	0	2396	512	2202	0	560	274	1156	0	1324	0	0	76	324	0	2168	306	468	0	552	0	1050	0	122	2534	14464	634	3960	0	0	0	0	0	0	3784	1086	0	0	0	180	0	0	0	238	0	0	0	238	0	0	0	0	0	0	0	0	0	0	0	0	0	0	0	0	0	0	0	0	0	0	0	0	0	0	
163664	Hippocampus_L	6002	102	1938	144	0	0	744	0	0	0	700	0	198	0	188	0	3078	0	260	104	68	0	0	0	0	0	0	0	10418	0	0	0	0	0	4880	2428	0	420	7998	152	1882	0	808	0	0	0	2876	154	0	0	68	0	206	0	9856	0	1328	0	0	0	108	0	630	0	0	0	2748	72	908	0	0	0	5816	0	608	0	2990	0	3080	0	1398	0	154	0	158	0	0	0	5794	0	0	0	0	0	0	0	114	0	68	0	0	0	0	0	0	0	0	0	0	186	0	0	0	0	0	0	
214404	Hippocampus_R	270	1906	0	3928	0	0	120	2784	0	0	0	1242	0	88	0	84	0	1592	0	2762	0	162	0	126	0	0	0	0	0	8330	0	136	0	252	1010	3744	420	0	0	13692	0	7020	0	836	0	76	0	1296	0	798	0	1686	0	2022	0	22132	0	280	0	0	0	0	0	72	0	0	0	2032	0	494	78	0	124	13840	0	444	1782	3426	0	264	0	1000	0	528	0	430	0	414	0	2710	0	158	0	96	0	0	0	194	0	222	0	100	0	0	0	0	0	0	0	0	0	0	0	0	0	0	
53932	ParaHippocampal_L	132	0	84	0	74	0	0	0	0	0	0	0	278	0	364	0	0	0	0	0	736	0	0	0	0	0	0	0	750	0	0	0	0	0	1344	0	7998	0	0	0	954	0	736	0	0	0	4064	94	0	0	0	0	84	0	4074	0	0	0	0	0	0	0	0	0	0	0	1926	0	0	0	0	0	358	0	0	0	0	0	0	0	0	0	354	0	0	0	104	0	608	0	174	0	0	0	276	0	410	0	188	0	0	0	0	0	0	0	0	0	244	558	0	0	0	0	0	0	
108640	ParaHippocampal_R	0	236	0	802	0	0	0	398	0	0	0	192	0	0	0	0	0	100	0	450	0	128	0	0	0	0	0	0	0	1032	0	0	0	0	310	556	152	13692	0	0	0	5104	0	902	0	0	0	3020	0	286	0	642	0	618	0	12850	0	0	0	0	0	0	0	0	0	0	0	2416	0	0	0	0	0	3118	0	310	300	644	0	0	0	0	0	1860	0	78	0	1510	0	296	0	282	0	96	0	0	0	1160	0	600	0	94	0	0	0	0	0	86	0	0	0	0	0	0	0	0	
9368	Amygdala_L	0	0	0	0	0	0	0	0	0	0	0	0	160	0	190	0	0	0	0	0	222	0	0	0	0	0	0	0	386	0	0	0	0	0	0	0	1882	0	954	0	0	0	0	0	0	0	0	0	0	0	0	0	0	0	584	0	0	0	0	0	0	0	0	0	0	0	0	0	0	0	0	0	190	0	0	0	0	0	0	0	0	0	116	0	0	0	0	0	0	0	0	0	0	0	0	0	0	0	0	0	0	0	0	0	0	0	0	0	0	0	0	0	0	0	0	0	
40372	Amygdala_R	0	0	0	0	0	0	0	0	0	0	0	0	0	0	0	82	0	0	0	0	0	318	0	0	0	0	0	0	0	436	0	0	0	0	0	0	0	7020	0	5104	0	0	0	0	0	0	0	0	0	0	0	0	0	0	0	3114	0	0	0	0	0	0	0	0	0	0	0	0	0	0	0	0	0	1934	0	88	0	0	0	0	0	0	0	1260	0	0	0	830	0	0	0	0	0	0	0	0	0	0	0	0	0	0	0	0	0	0	0	0	0	0	0	0	0	0	0	0	
387604	Calcarine_L	594	0	0	0	0	0	0	0	0	0	0	0	0	0	0	0	946	0	0	148	0	0	0	0	0	0	0	0	658	0	0	0	984	0	3946	0	808	0	736	0	0	0	0	13972	21190	10728	22606	4050	15302	6586	28660	748	7584	276	1978	346	1662	0	246	0	2280	0	1016	0	486	0	31190	1552	1408	152	0	0	0	0	0	0	0	0	840	0	574	0	0	0	7196	0	0	0	1518	0	0	272	0	0	0	0	0	0	0	564	0	0	0	0	0	0	0	0	0	0	0	0	0	0	0	0	
401524	Calcarine_R	130	638	0	176	0	0	0	0	0	0	0	0	0	0	0	0	0	0	0	1432	0	0	0	0	0	0	0	0	0	98	0	0	452	6236	272	2396	0	836	0	902	0	0	13972	0	4136	27920	4912	22374	1800	27536	812	17250	0	4372	0	6718	0	5432	0	464	0	1020	0	926	0	234	1354	30662	268	3720	0	0	0	0	0	0	0	0	0	0	0	82	0	0	0	6880	0	0	0	2716	0	238	0	0	0	0	0	0	0	678	0	0	0	0	0	0	0	0	0	0	558	160	0	0	0	0	
252916	Cuneus_L	1522	0	0	0	0	0	0	0	0	0	0	0	0	0	0	0	98	0	98	156	0	0	0	0	0	0	0	0	112	0	0	0	4512	220	4772	512	0	0	0	0	0	0	21190	4136	0	9198	3408	176	25572	3128	12770	0	542	0	326	0	1738	0	2558	0	1368	0	274	0	334	0	20892	3236	2162	144	0	0	0	0	0	0	0	0	0	0	140	0	0	0	1164	0	0	0	0	0	0	0	0	0	0	0	0	0	0	0	0	0	0	0	0	0	0	0	0	0	0	0	0	0	0	0	
369340	Cuneus_R	74	222	0	0	0	0	0	0	0	0	0	0	0	0	0	0	0	0	0	1100	0	0	0	0	0	0	0	0	0	0	0	0	518	6690	324	2202	0	76	0	0	0	0	10728	27920	9198	0	1054	3264	2366	43982	858	20356	0	316	0	202	0	4080	156	5726	0	592	0	286	0	1296	5736	29728	334	3902	0	0	0	0	0	0	0	0	0	0	0	126	0	0	0	1012	0	0	0	94	0	0	0	0	0	0	0	0	0	152	0	0	0	0	0	0	0	0	0	0	0	0	0	0	0	0	
275400	Lingual_L	318	0	0	0	0	0	0	0	0	0	0	0	0	0	0	0	218	0	0	122	0	0	0	0	0	0	0	0	246	0	0	0	466	0	3634	0	2876	0	4064	0	0	0	22606	4912	3408	1054	0	3568	1422	1826	15352	696	7522	110	16746	116	1064	0	128	0	1214	0	102	0	256	0	12336	294	710	122	0	0	0	0	0	0	0	0	294	0	172	0	0	0	1178	0	0	0	390	0	6116	502	506	0	282	0	7798	188	8452	334	406	0	342	0	68	0	0	0	74	192	2080	544	274	0	0	0	
224104	Lingual_R	0	68	0	110	0	0	0	0	0	0	0	0	0	0	0	0	0	0	0	0	0	0	0	0	0	0	0	0	0	0	0	0	0	178	0	560	154	1296	94	3020	0	0	4050	22374	176	3264	3568	0	106	5672	88	3426	0	4726	88	15620	0	884	0	0	0	408	0	326	0	0	144	8556	0	150	0	0	0	0	0	0	0	0	0	0	0	0	0	0	0	490	0	0	0	396	496	3548	0	358	106	458	1726	7372	768	7268	68	118	92	166	138	0	0	134	0	328	6380	2416	120	0	0	0	
207464	Occipital_Sup_L	92	0	0	0	0	0	0	0	0	0	0	0	0	0	0	0	0	0	0	0	0	0	0	0	0	0	0	0	0	0	0	0	2118	302	602	274	0	0	0	0	0	0	15302	1800	25572	2366	1422	106	0	838	26306	0	974	0	136	0	0	0	8060	0	1812	0	0	0	588	0	12266	2418	0	0	0	0	0	0	0	0	0	0	0	0	0	0	0	0	378	0	0	0	0	0	0	0	0	0	0	0	0	0	0	0	0	0	0	0	0	0	0	0	0	0	0	0	0	0	0	0	
378472	Occipital_Sup_R	0	116	0	0	0	0	0	0	0	0	0	0	0	0	0	0	0	0	0	572	0	0	0	0	0	0	0	0	0	112	0	0	266	2486	0	1156	0	798	0	286	0	0	6586	27536	3128	43982	1826	5672	838	0	424	36740	0	2696	0	1740	0	2854	0	8170	0	1130	0	3152	0	8118	1216	19338	118	1342	0	0	0	0	0	0	0	0	0	0	0	1164	0	0	0	4190	0	0	0	1370	0	0	0	0	0	0	0	0	0	0	0	0	0	0	0	0	0	0	0	0	0	114	0	0	0	0	
463496	Occipital_Mid_L	1174	0	0	0	0	0	0	0	0	0	0	0	0	0	0	0	1098	0	0	0	0	0	0	0	0	0	0	0	1052	0	0	0	2316	0	2246	0	68	0	0	0	0	0	28660	812	12770	858	15352	88	26306	424	0	0	23768	0	4186	0	3362	0	14046	0	21146	0	1742	0	14784	0	22636	662	1096	0	0	0	0	0	0	0	0	0	1824	0	818	0	0	0	25112	0	0	0	3234	0	108	0	0	0	0	0	0	0	0	0	0	0	0	0	0	0	0	0	0	0	0	0	0	0	0	0	
358108	Occipital_Mid_R	0	166	0	0	0	0	0	0	0	0	0	0	0	0	0	0	0	0	0	706	0	0	0	0	0	0	0	0	0	240	0	0	296	2746	0	1324	0	1686	0	642	0	0	748	17250	0	20356	696	3426	0	36740	0	0	0	8926	0	3998	0	2360	0	5664	0	3614	0	5482	0	18982	196	16530	144	1434	0	0	0	0	0	0	0	0	0	0	0	1978	0	0	0	18028	0	0	0	4696	0	0	0	0	0	0	0	0	0	0	0	0	0	0	0	0	0	0	0	0	0	0	0	0	0	0	
127092	Occipital_Inf_L	94	0	0	0	0	0	0	0	0	0	0	0	0	0	0	0	132	0	0	0	0	0	0	0	0	0	0	0	282	0	0	0	136	0	168	0	206	0	84	0	0	0	7584	0	542	0	7522	0	974	0	23768	0	0	0	7762	0	70	0	0	0	276	0	158	0	200	0	3498	0	100	0	0	0	0	0	0	0	0	0	706	0	216	0	0	0	4390	0	0	0	4514	0	164	0	0	0	0	0	0	0	0	0	0	0	0	0	0	0	0	0	0	0	0	0	0	0	0	0	
98868	Occipital_Inf_R	0	0	0	0	0	0	0	0	0	0	0	0	0	0	0	0	0	0	0	116	0	0	0	0	0	0	0	0	0	532	0	0	0	0	0	0	0	2022	0	618	0	0	276	4372	0	316	110	4726	0	2696	0	8926	0	0	0	11490	0	0	0	0	0	0	0	170	0	96	0	280	0	102	0	0	0	0	0	0	0	0	0	0	0	94	0	0	0	1584	0	0	0	7804	0	138	0	74	0	0	0	626	0	1498	0	0	0	0	0	0	0	0	0	0	430	338	0	0	0	0	
289644	Fusiform_L	498	0	482	0	0	0	0	0	0	0	274	0	0	0	0	0	496	0	0	0	0	0	0	0	0	0	0	0	3094	0	0	0	148	0	1028	76	9856	0	4074	0	584	0	1978	0	326	0	16746	88	136	0	4186	0	7762	0	0	0	130	0	0	0	252	0	98	0	254	0	2870	0	140	0	0	0	978	0	0	0	116	0	1406	0	2820	0	1972	0	3024	0	740	0	17044	0	19642	442	952	72	684	0	11364	152	22794	376	798	0	1156	0	136	0	0	66	70	0	1596	596	250	0	0	0	
360244	Fusiform_R	0	262	0	646	0	0	0	342	0	0	0	162	0	0	0	0	0	114	0	480	0	0	0	0	0	0	0	0	0	4044	0	0	0	0	198	324	0	22132	0	12850	0	3114	346	6718	0	202	116	15620	0	1740	0	3998	0	11490	0	0	0	68	0	0	0	120	0	706	0	184	0	2346	0	66	0	0	0	5440	0	0	180	374	0	200	0	2226	0	3256	0	2904	0	1090	0	16986	148	13072	0	964	204	670	1240	13466	232	19662	0	558	0	646	270	84	0	198	80	336	5420	1750	0	0	0	78	
203044	Postcentral_L	19762	1022	5416	444	0	0	2112	0	0	0	1452	0	102	0	0	0	9192	0	4184	88	0	0	0	0	0	0	0	0	3456	0	0	330	878	0	2010	0	1328	0	0	0	0	0	1662	0	1738	0	1064	0	0	0	3362	0	70	0	130	0	0	436	3972	0	16248	0	8446	0	0	0	3940	0	2952	0	0	738	730	0	0	0	0	0	1672	0	1970	0	0	0	454	0	0	0	162	0	0	0	0	0	0	0	0	0	0	0	0	0	0	0	0	0	0	0	0	0	0	0	0	0	0	0	
231012	Postcentral_R	1296	13114	0	2492	0	0	166	1394	0	0	0	1686	0	0	0	0	94	3436	0	2004	0	0	0	0	0	0	0	0	0	710	84	92	68	4746	0	2168	0	280	0	0	0	0	0	5432	0	4080	0	884	0	2854	0	2360	0	0	0	68	436	0	0	12054	0	13668	0	13756	0	374	0	15666	256	6840	346	198	286	636	572	0	112	146	0	144	0	292	0	0	0	66	0	0	0	150	0	0	0	0	0	0	0	0	0	0	0	0	0	0	0	0	0	0	0	0	0	0	0	0	0	0	
126788	Parietal_Sup_L	186	0	0	0	0	0	0	0	0	0	0	0	0	0	0	0	0	0	0	0	0	0	0	0	0	0	0	0	0	0	0	0	1318	502	324	306	0	0	0	0	0	0	246	0	2558	156	128	0	8060	0	14046	0	0	0	0	0	3972	0	0	0	10204	0	0	0	982	0	16568	3222	236	0	0	0	0	0	0	0	0	0	0	0	0	0	0	0	158	0	0	0	222	0	0	0	0	0	0	0	0	0	0	0	0	0	0	0	0	0	0	0	0	0	0	0	0	0	0	0	
171072	Parietal_Sup_R	160	522	0	0	0	0	0	0	0	0	0	0	0	0	0	0	0	394	0	68	0	0	0	0	0	0	0	0	0	104	0	0	0	0	0	468	0	0	0	0	0	0	0	464	0	5726	0	0	0	8170	0	5664	0	0	0	0	0	12054	0	0	0	18164	0	9500	0	7522	506	14266	96	652	344	0	0	0	0	0	114	0	0	72	0	196	0	0	0	156	0	0	0	154	0	0	0	0	0	0	0	0	0	0	0	0	0	0	0	0	0	0	0	0	0	0	0	0	0	0	
260740	Parietal_Inf_L	4010	226	384	78	0	0	462	0	0	0	0	0	0	0	0	0	2348	0	0	70	0	0	0	0	0	0	0	0	1218	0	0	0	1108	0	1478	0	108	0	0	0	0	0	2280	0	1368	0	1214	0	1812	0	21146	0	276	0	252	0	16248	0	10204	0	0	0	14102	0	25518	0	4502	0	690	70	0	206	0	0	0	0	0	0	908	0	1144	0	0	0	13956	0	0	0	2984	0	0	0	0	0	0	0	0	0	0	0	0	0	0	0	0	0	0	0	0	0	0	0	0	0	0	0	
167072	Parietal_Inf_R	352	1072	0	0	0	0	160	0	0	0	0	0	0	0	0	0	0	404	0	108	0	0	0	0	0	0	0	0	0	108	0	0	0	102	0	552	0	0	0	0	0	0	0	1020	0	592	0	408	0	1130	0	3614	0	0	0	120	0	13668	0	18164	0	0	0	24690	0	10180	0	2548	112	138	358	0	0	0	0	0	132	0	0	78	0	1274	0	0	0	1752	0	0	0	700	0	0	0	0	0	0	0	0	0	0	0	0	0	0	0	0	0	0	0	0	0	0	0	0	0	0	
108920	SupraMarginal_L	1900	0	420	0	0	0	602	0	0	0	0	0	0	0	0	0	3364	0	0	0	0	0	0	0	0	0	0	0	1140	0	0	0	184	0	152	0	630	0	0	0	0	0	1016	0	274	0	102	0	0	0	1742	0	158	0	98	0	8446	0	0	0	14102	0	0	0	4184	0	1090	0	70	0	0	0	0	0	0	0	0	0	734	0	6792	0	0	0	6388	0	0	0	872	0	0	0	0	0	0	0	0	0	0	0	0	0	0	0	0	0	0	0	0	0	0	0	0	0	0	0	
187344	SupraMarginal_R	232	882	0	0	0	0	104	0	0	0	0	0	0	0	0	0	0	2460	0	444	0	0	0	0	0	0	0	0	0	154	0	0	0	240	0	1050	0	72	0	0	0	0	0	926	0	286	0	326	0	3152	0	5482	0	170	0	706	0	13756	0	9500	0	24690	0	0	0	10222	0	1450	90	450	232	0	0	0	0	0	0	0	0	364	0	6858	0	0	0	6294	0	0	0	3080	0	0	0	0	0	0	0	0	0	0	0	0	0	0	0	0	0	0	0	0	0	0	0	0	0	0	
134508	Angular_L	222	0	0	0	0	0	0	0	0	0	0	0	0	0	0	0	846	0	0	0	0	0	0	0	0	0	0	0	186	0	0	0	394	0	284	0	0	0	0	0	0	0	486	0	334	0	256	0	588	0	14784	0	200	0	254	0	0	0	982	0	25518	0	4184	0	0	0	650	0	212	0	0	0	0	0	0	0	0	0	106	0	1446	0	0	0	14038	0	0	0	1284	0	0	0	0	0	0	0	0	0	0	0	0	0	0	0	0	0	0	0	0	0	0	0	0	0	0	0	
157880	Angular_R	0	0	0	0	0	0	0	0	0	0	0	0	0	0	0	0	0	0	0	66	0	0	0	0	0	0	0	0	0	0	0	0	0	0	0	122	0	0	0	0	0	0	0	234	0	1296	0	0	0	8118	0	18982	0	96	0	184	0	374	0	7522	0	10180	0	10222	0	0	0	1930	0	68	0	0	0	0	0	0	0	0	0	0	0	5854	0	0	0	11568	0	0	0	2124	0	0	0	0	0	0	0	0	0	0	0	0	0	0	0	0	0	0	0	0	0	0	0	0	0	0	
418180	Precuneus_L	2736	0	0	0	0	0	176	0	0	0	0	0	0	0	0	0	1062	0	122	236	0	0	0	0	0	0	0	0	920	0	0	0	8526	3226	13348	2534	2748	0	1926	0	0	0	31190	1354	20892	5736	12336	144	12266	1216	22636	196	3498	0	2870	0	3940	0	16568	506	4502	0	1090	0	650	0	0	14698	3320	402	0	0	170	0	0	0	634	0	880	0	666	0	0	0	7620	0	0	0	1550	0	0	0	0	0	0	0	0	0	0	0	0	0	0	0	0	0	0	0	0	0	0	0	0	0	0	0	
465880	Precuneus_R	454	1228	72	366	0	0	0	84	0	0	0	0	0	0	0	0	0	0	114	2006	0	0	0	0	0	0	0	0	0	0	0	0	3206	16810	2566	14464	72	2032	0	2416	0	0	1552	30662	3236	29728	294	8556	2418	19338	662	16530	0	280	0	2346	0	15666	3222	14266	0	2548	0	1450	0	1930	14698	0	940	9618	0	0	0	0	0	0	282	108	0	0	0	178	0	0	0	4866	0	0	0	1100	0	0	0	0	0	0	0	114	0	0	0	0	0	0	0	0	0	0	0	0	462	0	0	0	0	0	
358524	Paracentral_Lobule_L	36348	5204	24770	4730	0	0	962	1084	0	0	0	0	0	0	0	0	1980	0	30142	15836	0	0	0	0	0	0	0	0	352	0	158	122	8644	7788	5132	634	908	0	0	0	0	0	1408	268	2162	334	710	0	0	118	1096	144	100	0	140	0	2952	256	236	96	690	112	70	90	212	0	3320	940	0	2614	1958	294	5272	82	4604	0	3306	76	402	0	0	0	0	0	406	0	0	0	0	0	0	0	0	0	0	0	0	0	0	0	0	0	0	0	0	0	0	0	0	0	0	0	0	0	0	0	
154288	Paracentral_Lobule_R	2682	6134	0	0	0	0	680	0	0	0	0	0	0	0	0	0	0	0	242	15880	0	0	0	0	0	0	0	0	0	0	0	0	360	13646	112	3960	0	494	0	0	0	0	152	3720	144	3902	122	150	0	1342	0	1434	0	102	0	66	0	6840	0	652	70	138	0	450	0	68	402	9618	2614	0	0	0	0	0	0	0	0	0	0	0	0	248	0	0	0	312	0	0	0	408	0	0	0	0	0	0	0	0	0	0	0	0	0	0	0	0	0	0	0	0	0	0	0	0	0	0	
218736	Caudate_L	5090	1820	5294	4776	1972	838	1012	2062	0	0	4284	356	2598	1030	1674	344	206	122	3372	1474	4650	5048	232	312	414	254	4884	998	2914	1160	5932	8372	0	92	0	0	0	78	0	0	0	0	0	0	0	0	0	0	0	0	0	0	0	0	0	0	0	346	0	344	0	358	0	232	0	0	0	0	1958	0	0	11762	8422	1946	1768	0	8106	394	0	0	68	0	0	0	0	0	0	0	0	0	0	0	0	0	0	0	0	0	0	0	0	0	0	0	0	0	0	0	0	0	0	0	0	0	0	0	
287572	Caudate_R	2464	2176	3240	12726	1104	3666	1040	1196	0	0	2636	350	970	1222	784	1578	122	232	1892	9570	1908	4774	172	1500	128	1910	2452	2382	2008	1680	8350	26712	122	352	0	0	0	0	0	0	0	0	0	0	0	0	0	0	0	0	0	0	0	0	0	0	738	198	0	0	206	0	0	0	0	0	0	0	294	0	11762	0	2296	11358	186	834	1550	12946	0	0	0	0	0	0	0	0	0	0	0	0	0	0	0	0	0	0	0	0	0	0	0	0	0	0	0	0	0	0	0	0	0	0	0	0	0	0	
258408	Putamen_L	16612	1946	17050	2176	5870	72	1344	1760	2326	0	1084	114	1282	276	5018	0	2288	160	7090	1620	668	1214	778	0	0	0	1316	66	14366	196	5706	1432	0	0	202	0	5816	124	358	0	190	0	0	0	0	0	0	0	0	0	0	0	0	0	978	0	730	286	0	0	0	0	0	0	0	0	170	0	5272	0	8422	2296	0	464	6396	0	800	0	172	0	1262	0	190	0	0	0	0	0	1246	0	0	0	0	0	0	0	0	0	0	0	0	0	0	0	0	0	0	0	0	0	0	0	0	0	0	0	
274892	Putamen_R	710	3028	1250	17314	0	3184	414	3946	0	0	134	3922	206	1368	0	1020	0	3170	2138	8804	80	434	134	4226	0	2384	0	888	346	16856	1780	15814	0	534	0	0	0	13840	0	3118	0	1934	0	0	0	0	0	0	0	0	0	0	0	0	0	5440	0	636	0	0	0	0	0	0	0	0	0	0	82	0	1946	11358	464	0	0	1210	0	2082	0	0	0	196	0	228	0	0	0	86	0	352	0	88	0	76	0	0	0	0	0	146	0	80	0	0	0	0	0	0	0	0	0	0	0	0	0	0	
71712	Pallidum_L	5300	4462	4326	1154	0	0	184	1384	0	0	0	0	0	0	0	0	140	0	2682	0	0	0	0	0	0	0	0	0	88	0	0	0	0	0	0	0	608	0	0	0	0	0	0	0	0	0	0	0	0	0	0	0	0	0	0	0	0	572	0	0	0	0	0	0	0	0	0	0	4604	0	1768	186	6396	0	0	0	2002	0	0	0	0	0	0	0	0	0	0	0	0	0	0	0	0	0	0	0	0	0	0	0	0	0	0	0	0	0	0	0	0	0	0	0	0	0	0	0	
14028	Pallidum_R	422	0	0	1772	0	0	154	338	0	0	0	0	0	0	0	0	0	0	0	1442	0	0	0	0	0	0	0	0	0	0	0	0	0	0	0	0	0	444	0	310	0	88	0	0	0	0	0	0	0	0	0	0	0	0	0	0	0	0	0	0	0	0	0	0	0	0	0	0	0	0	0	834	0	1210	0	0	0	0	0	0	0	0	0	0	0	0	0	0	0	0	0	0	0	0	0	0	0	0	0	0	0	0	0	0	0	0	0	0	0	0	0	0	0	0	0	0	
101652	Thalamus_L	7492	1194	3476	824	0	0	1794	0	0	0	90	0	0	0	0	0	890	0	2114	128	0	0	0	0	0	0	0	0	1108	0	442	88	0	0	2768	3784	2990	1782	0	300	0	0	0	0	0	0	0	0	0	0	0	0	0	0	116	180	0	112	0	114	0	132	0	0	0	0	634	282	3306	0	8106	1550	800	0	2002	0	0	2228	0	0	0	0	0	0	0	0	0	0	0	0	0	0	0	0	0	0	0	0	0	0	0	0	0	0	0	0	0	0	0	0	0	0	0	0	0	0	
80300	Thalamus_R	196	1098	140	6750	0	0	0	3376	0	0	0	318	0	0	0	0	0	368	0	2148	0	92	0	0	0	0	0	0	0	962	160	900	0	0	132	1086	0	3426	0	644	0	0	0	0	0	0	0	0	0	0	0	0	0	0	0	374	0	146	0	0	0	0	0	0	0	0	0	108	76	0	394	12946	0	2082	0	0	2228	0	0	0	0	0	0	0	0	0	0	0	0	0	0	0	0	0	0	0	0	0	0	0	0	0	0	0	0	0	0	0	0	0	0	0	0	0	0	0	
68812	Heschl_L	2390	0	808	0	0	0	96	0	0	0	250	0	0	0	0	0	4426	0	624	0	0	0	0	0	0	0	0	0	7420	0	0	0	0	0	136	0	3080	0	0	0	0	0	840	0	0	0	294	0	0	0	1824	0	706	0	1406	0	1672	0	0	0	908	0	734	0	106	0	880	0	402	0	0	0	172	0	0	0	0	0	0	0	1336	0	0	0	2952	0	0	0	944	0	0	0	0	0	0	0	0	0	0	0	0	0	0	0	0	0	0	0	0	0	0	0	0	0	0	0	
29616	Heschl_R	0	0	0	0	0	0	0	0	0	0	0	0	0	0	0	0	0	3220	0	0	0	0	0	0	0	0	0	0	0	4142	0	0	0	0	0	0	0	264	0	0	0	0	0	0	0	0	0	0	0	0	0	0	0	0	0	200	0	144	0	72	0	78	0	364	0	0	0	0	0	0	0	0	0	0	0	0	0	0	0	0	0	5254	0	154	0	602	0	0	0	314	0	0	0	0	0	0	0	0	0	0	0	0	0	0	0	0	0	0	0	0	0	0	0	0	0	0	
142024	Temporal_Sup_L	1472	0	2952	0	0	0	280	0	0	0	3778	0	374	0	0	0	9738	0	1956	0	0	0	0	0	0	0	0	0	6260	0	0	0	0	0	100	0	1398	0	0	0	0	0	574	0	140	0	172	0	0	0	818	0	216	0	2820	0	1970	0	0	0	1144	0	6792	0	1446	0	666	0	0	0	68	0	1262	0	0	0	0	0	1336	0	0	0	1976	0	13082	0	0	0	8152	0	70	0	0	0	0	0	0	0	0	0	0	0	0	0	0	0	0	0	0	0	0	0	0	0	0	0	
128016	Temporal_Sup_R	0	0	0	0	0	0	0	0	0	0	0	0	0	0	0	0	0	3432	0	264	0	0	0	0	0	0	0	0	0	7394	0	0	0	66	0	180	0	1000	0	0	0	0	0	82	0	126	0	0	0	1164	0	1978	0	94	0	2226	0	292	0	196	0	1274	0	6858	0	5854	0	178	0	248	0	0	0	196	0	0	0	0	0	5254	0	0	0	3916	0	16124	0	2374	0	3238	0	0	0	0	0	0	0	0	0	0	0	0	0	0	0	0	0	0	0	0	0	0	0	0	0	0	
42648	Temporal_Pole_Sup_L	0	0	658	0	540	0	110	0	376	0	1048	0	680	0	2614	0	1062	0	462	0	530	0	0	0	0	0	0	0	1692	0	0	0	0	0	0	0	154	0	354	0	116	0	0	0	0	0	0	0	0	0	0	0	0	0	1972	0	0	0	0	0	0	0	0	0	0	0	0	0	0	0	0	0	190	0	0	0	0	0	0	0	1976	0	0	0	2078	0	1806	0	2906	0	0	0	0	0	0	0	0	0	0	0	0	0	0	0	0	0	0	0	0	0	0	0	0	0	0	0	
52224	Temporal_Pole_Sup_R	0	0	0	0	0	0	0	0	0	0	0	322	0	0	0	0	0	604	0	0	0	0	0	0	0	0	0	0	0	1776	0	0	0	0	0	0	0	528	0	1860	0	1260	0	0	0	0	0	0	0	0	0	0	0	0	0	3256	0	0	0	0	0	0	0	0	0	0	0	0	0	0	0	0	0	228	0	0	0	0	0	154	0	3916	0	0	0	4398	0	5190	0	2620	0	0	0	0	0	0	0	0	0	0	0	0	0	0	0	0	0	0	0	0	0	0	0	0	0	0	
277556	Temporal_Mid_L	718	0	0	0	0	0	0	0	0	0	0	0	0	0	0	0	2702	0	0	0	0	0	0	0	0	0	0	0	2332	0	0	0	382	0	1312	0	158	0	0	0	0	0	7196	0	1164	0	1178	0	378	0	25112	0	4390	0	3024	0	454	0	158	0	13956	0	6388	0	14038	0	7620	0	406	0	0	0	0	0	0	0	0	0	2952	0	13082	0	2078	0	0	0	1062	0	26538	0	0	0	0	0	0	0	0	0	0	0	0	0	0	0	0	0	0	0	0	0	0	0	0	0	0	0	
221412	Temporal_Mid_R	0	94	0	0	0	0	0	0	0	0	0	0	0	0	0	0	0	76	0	284	0	0	0	0	0	0	0	0	0	1556	0	0	0	144	0	238	0	430	0	78	0	0	0	6880	0	1012	0	490	0	4190	0	18028	0	1584	0	2904	0	66	0	156	0	1752	0	6294	0	11568	0	4866	0	312	0	0	0	0	0	0	0	0	0	602	0	16124	0	4398	0	0	0	3978	0	22602	0	0	0	0	0	0	0	0	0	0	0	0	0	0	0	0	0	0	0	0	0	0	0	0	0	0	
10392	Temporal_Pole_Mid_L	0	0	0	0	0	0	0	0	0	0	0	0	0	0	0	0	0	0	0	0	0	0	0	0	0	0	0	0	0	0	0	0	0	0	0	0	0	0	104	0	0	0	0	0	0	0	0	0	0	0	0	0	0	0	740	0	0	0	0	0	0	0	0	0	0	0	0	0	0	0	0	0	0	0	0	0	0	0	0	0	0	0	1806	0	1062	0	0	0	1484	0	0	0	0	0	0	0	0	0	0	0	0	0	0	0	0	0	0	0	0	0	0	0	0	0	0	0	
35616	Temporal_Pole_Mid_R	0	0	0	0	0	0	0	0	0	0	0	0	0	0	0	0	0	0	0	0	0	0	0	0	0	0	0	0	0	830	0	0	0	0	0	0	0	414	0	1510	0	830	0	0	0	0	0	0	0	0	0	0	0	0	0	1090	0	0	0	0	0	0	0	0	0	0	0	0	0	0	0	0	0	86	0	0	0	0	0	0	0	2374	0	5190	0	3978	0	0	0	1506	0	0	0	0	0	0	0	0	0	0	0	0	0	0	0	0	0	0	0	0	0	0	0	0	0	0	
181692	Temporal_Inf_L	430	0	428	0	0	0	0	0	0	0	440	0	0	0	0	0	1258	0	0	0	0	0	0	0	0	0	0	0	3434	0	0	0	0	0	186	0	5794	0	608	0	0	0	1518	0	0	0	390	0	0	0	3234	0	4514	0	17044	0	162	0	222	0	2984	0	872	0	1284	0	1550	0	0	0	0	0	1246	0	0	0	0	0	944	0	8152	0	2906	0	26538	0	1484	0	0	0	2710	0	0	0	0	0	0	0	514	0	0	0	0	0	0	0	0	0	0	0	0	0	0	0	0	0	
159576	Temporal_Inf_R	0	140	0	0	0	0	0	0	0	0	0	0	0	0	0	0	0	82	0	422	0	0	0	0	0	0	0	0	0	2144	0	0	0	134	0	238	0	2710	0	296	0	0	0	2716	0	94	0	396	0	1370	0	4696	0	7804	0	16986	0	150	0	154	0	700	0	3080	0	2124	0	1100	0	408	0	0	0	352	0	0	0	0	0	314	0	3238	0	2620	0	22602	0	1506	0	0	0	1018	0	108	0	0	0	0	0	86	0	0	0	0	0	0	0	0	0	0	0	0	0	0	0	0	
451952	Cerebelum_Crus1_L	0	0	0	0	0	0	0	0	0	0	0	0	0	0	0	0	0	0	0	0	0	0	0	0	0	0	0	0	0	0	0	0	0	0	0	0	0	0	174	0	0	0	0	0	0	0	6116	496	0	0	108	0	164	0	19642	148	0	0	0	0	0	0	0	0	0	0	0	0	0	0	0	0	0	0	0	0	0	0	0	0	70	0	0	0	0	0	0	0	2710	0	0	3216	30198	2300	1640	0	20452	1444	57958	3260	16218	600	22828	2752	5918	2982	380	880	230	246	3876	8170	6606	1910	2132	152	
396816	Cerebelum_Crus1_R	0	0	0	0	0	0	0	0	0	0	0	0	0	0	0	0	0	0	0	0	0	0	0	0	0	0	0	0	0	0	0	0	0	0	0	0	0	158	0	282	0	0	272	238	0	0	502	3548	0	0	0	0	0	138	442	13072	0	0	0	0	0	0	0	0	0	0	0	0	0	0	0	0	0	88	0	0	0	0	0	0	0	0	0	0	0	0	0	0	0	1018	3216	0	1048	33902	352	3760	2462	16990	3674	49678	0	11224	114	19440	346	4250	0	1054	490	2600	7730	10240	5224	326	400	130	
227384	Cerebelum_Crus2_L	0	0	0	0	0	0	0	0	0	0	0	0	0	0	0	0	0	0	0	0	0	0	0	0	0	0	0	0	0	0	0	0	0	0	0	0	0	0	0	0	0	0	0	0	0	0	506	0	0	0	0	0	0	0	952	0	0	0	0	0	0	0	0	0	0	0	0	0	0	0	0	0	0	0	0	0	0	0	0	0	0	0	0	0	0	0	0	0	0	0	30198	1048	0	2904	288	0	1308	70	8496	736	24554	1526	21438	2966	2788	1666	140	186	82	66	366	2878	5448	1764	1236	82	
248676	Cerebelum_Crus2_R	0	0	0	0	0	0	0	0	0	0	0	0	0	0	0	0	0	0	0	0	0	0	0	0	0	0	0	0	0	0	0	0	0	0	0	0	0	96	0	96	0	0	0	0	0	0	0	358	0	0	0	0	0	74	72	964	0	0	0	0	0	0	0	0	0	0	0	0	0	0	0	0	0	76	0	0	0	0	0	0	0	0	0	0	0	0	0	0	0	108	2300	33902	2904	0	0	302	458	1316	1066	8946	2068	22066	1912	26098	158	5818	0	144	210	364	1416	3880	5682	704	780	0	
50324	Cerebelum_3_L	0	0	0	0	0	0	0	0	0	0	0	0	0	0	0	0	0	0	0	0	0	0	0	0	0	0	0	0	0	0	0	0	0	0	0	0	0	0	276	0	0	0	0	0	0	0	282	106	0	0	0	0	0	0	684	204	0	0	0	0	0	0	0	0	0	0	0	0	0	0	0	0	0	0	0	0	0	0	0	0	0	0	0	0	0	0	0	0	0	0	1640	352	288	0	0	236	8198	738	2674	506	358	0	390	0	1262	180	232	0	1020	2250	2510	592	0	0	0	184	
55804	Cerebelum_3_R	0	0	0	0	0	0	0	0	0	0	0	0	0	0	0	0	0	0	0	0	0	0	0	0	0	0	0	0	0	0	0	0	0	0	0	0	0	0	0	0	0	0	0	0	0	0	0	458	0	0	0	0	0	0	0	670	0	0	0	0	0	0	0	0	0	0	0	0	0	0	0	0	0	0	0	0	0	0	0	0	0	0	0	0	0	0	0	0	0	0	0	3760	0	302	236	0	330	6626	194	6618	0	132	168	250	292	562	0	0	902	3456	1306	454	372	370	444	0	
257488	Cerebelum_4_5_L	0	0	0	0	0	0	0	0	0	0	0	0	0	0	0	0	0	0	0	0	0	0	0	0	0	0	0	0	0	0	0	0	0	0	0	0	114	0	410	0	0	0	0	0	0	0	7798	1726	0	0	0	0	0	0	11364	1240	0	0	0	0	0	0	0	0	0	0	0	0	0	0	0	0	0	0	0	0	0	0	0	0	0	0	0	0	0	0	0	0	0	0	20452	2462	1308	458	8198	330	0	4136	28784	3808	2352	0	2402	224	3586	910	334	358	1516	3044	14370	4826	746	286	424	778	
218832	Cerebelum_4_5_R	0	0	0	0	0	0	0	0	0	0	0	0	0	0	0	0	0	0	0	0	0	0	0	0	0	0	0	0	0	0	0	0	0	0	0	0	0	194	0	1160	0	0	0	0	0	0	188	7372	0	0	0	0	0	626	152	13466	0	0	0	0	0	0	0	0	0	0	0	114	0	0	0	0	0	0	0	0	0	0	0	0	0	0	0	0	0	0	0	0	0	0	1444	16990	70	1316	738	6626	4136	0	1804	29048	98	664	176	1268	858	430	70	498	310	2408	13604	3054	170	0	0	364	
399172	Cerebelum_6_L	0	0	0	0	0	0	0	0	0	0	0	0	0	0	0	0	0	0	0	0	0	0	0	0	0	0	0	0	0	0	0	0	0	0	0	0	68	0	188	0	0	0	0	0	0	0	8452	768	0	0	0	0	0	0	22794	232	0	0	0	0	0	0	0	0	0	0	0	0	0	0	0	0	0	0	0	0	0	0	0	0	0	0	0	0	0	0	0	0	514	0	57958	3674	8496	1066	2674	194	28784	1804	0	4254	6798	162	10242	1460	4544	3582	558	1396	352	310	5926	9988	6236	2902	2924	286	
379256	Cerebelum_6_R	0	0	0	0	0	0	0	0	0	0	0	0	0	0	0	0	0	0	0	0	0	0	0	0	0	0	0	0	0	0	0	0	0	0	0	0	0	222	0	600	0	0	564	678	0	152	334	7268	0	0	0	0	0	1498	376	19662	0	0	0	0	0	0	0	0	0	0	0	0	0	0	0	0	0	146	0	0	0	0	0	0	0	0	0	0	0	0	0	0	0	86	3260	49678	736	8946	506	6618	3808	29048	4254	0	0	2846	116	8054	528	2378	0	2942	710	3028	12724	12092	3860	584	998	328	
188104	Cerebelum_7b_L	0	0	0	0	0	0	0	0	0	0	0	0	0	0	0	0	0	0	0	0	0	0	0	0	0	0	0	0	0	0	0	0	0	0	0	0	0	0	0	0	0	0	0	0	0	0	406	68	0	0	0	0	0	0	798	0	0	0	0	0	0	0	0	0	0	0	0	0	0	0	0	0	0	0	0	0	0	0	0	0	0	0	0	0	0	0	0	0	0	0	16218	0	24554	2068	358	0	2352	98	6798	0	0	1288	24798	2372	4120	670	262	0	110	104	512	366	3214	1860	586	72	
131896	Cerebelum_7b_R	0	0	0	0	0	0	0	0	0	0	0	0	0	0	0	0	0	0	0	0	0	0	0	0	0	0	0	0	0	0	0	0	0	0	0	0	0	100	0	94	0	0	0	0	0	0	0	118	0	0	0	0	0	0	0	558	0	0	0	0	0	0	0	0	0	0	0	0	0	0	0	0	0	80	0	0	0	0	0	0	0	0	0	0	0	0	0	0	0	0	600	11224	1526	22066	0	132	0	664	162	2846	1288	0	796	17574	0	1936	0	0	0	120	92	850	2640	482	0	0	
267108	Cerebelum_8_L	0	0	0	0	0	0	0	0	0	0	0	0	0	0	0	0	0	0	0	0	0	0	0	0	0	0	0	0	0	0	0	0	0	0	0	0	0	0	0	0	0	0	0	0	0	0	342	92	0	0	0	0	0	0	1156	0	0	0	0	0	0	0	0	0	0	0	0	0	0	0	0	0	0	0	0	0	0	0	0	0	0	0	0	0	0	0	0	0	0	0	22828	114	21438	1912	390	168	2402	176	10242	116	24798	796	0	3242	18862	3646	904	524	86	0	464	2176	6726	5682	4052	220	
236012	Cerebelum_8_R	0	0	0	0	0	0	0	0	0	0	0	0	0	0	0	0	0	0	0	0	0	0	0	0	0	0	0	0	0	0	0	0	0	0	0	0	0	0	0	0	0	0	0	0	0	0	0	166	0	0	0	0	0	0	0	646	0	0	0	0	0	0	0	0	0	0	0	0	0	0	0	0	0	0	0	0	0	0	0	0	0	0	0	0	0	0	0	0	0	0	2752	19440	2966	26098	0	250	224	1268	1460	8054	2372	17574	3242	0	532	14260	0	430	0	226	582	3886	6918	2594	2066	0	
153440	Cerebelum_9_L	0	0	0	0	0	0	0	0	0	0	0	0	0	0	0	0	0	0	0	0	0	0	0	0	0	0	0	0	0	0	0	0	0	0	0	0	0	0	0	0	0	0	0	0	0	0	68	138	0	0	0	0	0	0	136	270	0	0	0	0	0	0	0	0	0	0	0	0	0	0	0	0	0	0	0	0	0	0	0	0	0	0	0	0	0	0	0	0	0	0	5918	346	2788	158	1262	292	3586	858	4544	528	4120	0	18862	532	0	3812	2830	562	250	572	2458	3750	5454	5116	5178	2332	
173196	Cerebelum_9_R	0	0	0	0	0	0	0	0	0	0	0	0	0	0	0	0	0	0	0	0	0	0	0	0	0	0	0	0	0	0	0	0	0	0	0	0	0	0	0	0	0	0	0	0	0	0	0	0	0	0	0	0	0	0	0	84	0	0	0	0	0	0	0	0	0	0	0	0	0	0	0	0	0	0	0	0	0	0	0	0	0	0	0	0	0	0	0	0	0	0	2982	4250	1666	5818	180	562	910	430	3582	2378	670	1936	3646	14260	3812	0	460	2020	506	508	1464	8208	8796	6756	8130	2584	
20056	Cerebelum_10_L	0	0	0	0	0	0	0	0	0	0	0	0	0	0	0	0	0	0	0	0	0	0	0	0	0	0	0	0	0	0	0	0	0	0	0	0	0	0	0	0	0	0	0	0	0	0	0	0	0	0	0	0	0	0	0	0	0	0	0	0	0	0	0	0	0	0	0	0	0	0	0	0	0	0	0	0	0	0	0	0	0	0	0	0	0	0	0	0	0	0	380	0	140	0	232	0	334	70	558	0	262	0	904	0	2830	460	0	0	0	0	192	654	852	578	880	702	
37432	Cerebelum_10_R	0	0	0	0	0	0	0	0	0	0	0	0	0	0	0	0	0	0	0	0	0	0	0	0	0	0	0	0	0	0	0	0	0	0	0	0	0	0	0	86	0	0	0	0	0	0	0	134	0	0	0	0	0	0	66	198	0	0	0	0	0	0	0	0	0	0	0	0	0	0	0	0	0	0	0	0	0	0	0	0	0	0	0	0	0	0	0	0	0	0	880	1054	186	144	0	0	358	498	1396	2942	0	0	524	430	562	2020	0	0	0	0	692	2166	1564	1248	1328	240	
32032	Vermis_1_2	0	0	0	0	0	0	0	0	0	0	0	0	0	0	0	0	0	0	0	0	0	0	0	0	0	0	0	0	0	0	0	0	0	0	0	0	0	0	244	0	0	0	0	0	0	0	74	0	0	0	0	0	0	0	70	80	0	0	0	0	0	0	0	0	0	0	0	0	0	0	0	0	0	0	0	0	0	0	0	0	0	0	0	0	0	0	0	0	0	0	230	490	82	210	1020	902	1516	310	352	710	110	0	86	0	250	506	0	0	0	5160	2476	346	224	230	338	0	
63136	Vermis_3	0	0	0	0	0	0	0	0	0	0	0	0	0	0	0	0	0	0	0	0	0	0	0	0	0	0	0	0	0	0	0	0	0	0	0	0	186	0	558	0	0	0	0	0	0	0	192	328	0	0	0	0	0	0	0	336	0	0	0	0	0	0	0	0	0	0	0	0	0	0	0	0	0	0	0	0	0	0	0	0	0	0	0	0	0	0	0	0	0	0	246	2600	66	364	2250	3456	3044	2408	310	3028	104	120	0	226	572	508	0	0	5160	0	4424	532	110	116	232	92	
208808	Vermis_4_5	0	0	0	0	0	0	0	0	0	0	0	0	0	0	0	0	0	0	0	0	0	0	0	0	0	0	0	0	0	0	0	0	0	0	0	0	0	0	0	0	0	0	0	558	0	0	2080	6380	0	0	0	0	0	430	1596	5420	0	0	0	0	0	0	0	0	0	0	0	462	0	0	0	0	0	0	0	0	0	0	0	0	0	0	0	0	0	0	0	0	0	0	3876	7730	366	1416	2510	1306	14370	13604	5926	12724	512	92	464	582	2458	1464	192	692	2476	4424	0	7326	834	264	414	1456	
236704	Vermis_6	0	0	0	0	0	0	0	0	0	0	0	0	0	0	0	0	0	0	0	0	0	0	0	0	0	0	0	0	0	0	0	0	0	0	0	0	0	0	0	0	0	0	0	160	0	0	544	2416	0	114	0	0	0	338	596	1750	0	0	0	0	0	0	0	0	0	0	0	0	0	0	0	0	0	0	0	0	0	0	0	0	0	0	0	0	0	0	0	0	0	0	8170	10240	2878	3880	592	454	4826	3054	9988	12092	366	850	2176	3886	3750	8208	654	2166	346	532	7326	0	11610	5188	6528	2674	
208768	Vermis_7	0	0	0	0	0	0	0	0	0	0	0	0	0	0	0	0	0	0	0	0	0	0	0	0	0	0	0	0	0	0	0	0	0	0	0	0	0	0	0	0	0	0	0	0	0	0	274	120	0	0	0	0	0	0	250	0	0	0	0	0	0	0	0	0	0	0	0	0	0	0	0	0	0	0	0	0	0	0	0	0	0	0	0	0	0	0	0	0	0	0	6606	5224	5448	5682	0	372	746	170	6236	3860	3214	2640	6726	6918	5454	8796	852	1564	224	110	834	11610	0	9298	9058	2098	
