data	data	479732	328776	831992	623732	187220	85072	402600	365392	79432	24596	240732	266264	271072	216944	205092	146768	222668	111956	695320	680896	172492	158880	358884	244984	50292	117252	118560	130028	548664	371880	380108	401040	123720	434504	126496	135812	221612	280240	143628	229152	82100	66904	199572	266804	151376	238452	248112	315904	160504	350180	426912	286572	152480	49932	458444	427668	346720	318668	168376	134628	202220	114072	86924	107520	110972	85108	183644	403968	144868	237276	479492	356832	308416	358740	34580	100844	107588	168612	81636	13772	208356	95064	126912	108852	310720	240208	56076	61456	280464	173308	474848	483048	380500	360272	35032	55516	326036	277368	498520	472280	238276	139384	336876	361896	145752	211392	24536	14352	20240	51712	250540	177820	254016	153860	151132	56304	
data	data	Precentral_L	Precentral_R	Frontal_Sup_L	Frontal_Sup_R	Frontal_Sup_Orb_L	Frontal_Sup_Orb_R	Frontal_Mid_L	Frontal_Mid_R	Frontal_Mid_Orb_L	Frontal_Mid_Orb_R	Frontal_Inf_Oper_L	Frontal_Inf_Oper_R	Frontal_Inf_Tri_L	Frontal_Inf_Tri_R	Frontal_Inf_Orb_L	Frontal_Inf_Orb_R	Rolandic_Oper_L	Rolandic_Oper_R	Supp_Motor_Area_L	Supp_Motor_Area_R	Olfactory_L	Olfactory_R	Frontal_Sup_Medial_L	Frontal_Sup_Medial_R	Frontal_Med_Orb_L	Frontal_Med_Orb_R	Rectus_L	Rectus_R	Insula_L	Insula_R	Cingulum_Ant_L	Cingulum_Ant_R	Cingulum_Mid_L	Cingulum_Mid_R	Cingulum_Post_L	Cingulum_Post_R	Hippocampus_L	Hippocampus_R	ParaHippocampal_L	ParaHippocampal_R	Amygdala_L	Amygdala_R	Calcarine_L	Calcarine_R	Cuneus_L	Cuneus_R	Lingual_L	Lingual_R	Occipital_Sup_L	Occipital_Sup_R	Occipital_Mid_L	Occipital_Mid_R	Occipital_Inf_L	Occipital_Inf_R	Fusiform_L	Fusiform_R	Postcentral_L	Postcentral_R	Parietal_Sup_L	Parietal_Sup_R	Parietal_Inf_L	Parietal_Inf_R	SupraMarginal_L	SupraMarginal_R	Angular_L	Angular_R	Precuneus_L	Precuneus_R	Paracentral_Lobule_L	Paracentral_Lobule_R	Caudate_L	Caudate_R	Putamen_L	Putamen_R	Pallidum_L	Pallidum_R	Thalamus_L	Thalamus_R	Heschl_L	Heschl_R	Temporal_Sup_L	Temporal_Sup_R	Temporal_Pole_Sup_L	Temporal_Pole_Sup_R	Temporal_Mid_L	Temporal_Mid_R	Temporal_Pole_Mid_L	Temporal_Pole_Mid_R	Temporal_Inf_L	Temporal_Inf_R	Cerebelum_Crus1_L	Cerebelum_Crus1_R	Cerebelum_Crus2_L	Cerebelum_Crus2_R	Cerebelum_3_L	Cerebelum_3_R	Cerebelum_4_5_L	Cerebelum_4_5_R	Cerebelum_6_L	Cerebelum_6_R	Cerebelum_7b_L	Cerebelum_7b_R	Cerebelum_8_L	Cerebelum_8_R	Cerebelum_9_L	Cerebelum_9_R	Cerebelum_10_L	Cerebelum_10_R	Vermis_1_2	Vermis_3	Vermis_4_5	Vermis_6	Vermis_7	Vermis_8	Vermis_9	Vermis_10	
479732	Precentral_L	0	6972	16580	4188	134	0	18446	1552	0	0	18522	534	3740	416	0	0	12872	94	11342	15150	0	0	730	0	0	0	0	0	10900	246	1976	530	816	5138	756	464	2662	0	236	0	0	0	174	0	182	0	0	0	0	0	5240	0	426	0	518	0	31156	224	5094	0	4390	0	786	0	542	0	2144	106	15784	3046	7476	1766	2720	340	1174	270	12944	1238	2802	0	1846	0	320	0	1698	0	0	0	464	0	0	0	0	0	0	0	0	0	0	0	0	0	0	0	0	0	0	0	0	0	0	0	0	0	0	0	
328776	Precentral_R	6972	0	1042	6426	0	0	432	13800	0	0	114	9216	0	488	0	346	0	2758	1710	8466	0	220	0	0	0	0	0	0	194	5340	164	0	366	1908	656	1232	530	3648	0	598	0	88	0	682	0	1426	0	246	0	3360	0	2908	0	112	0	1158	102	21790	0	1858	0	1256	0	2744	0	308	104	6972	5588	12126	1696	10912	432	2300	0	108	728	15388	0	192	0	366	0	86	0	1310	0	0	0	1300	0	0	0	0	0	0	0	116	0	0	0	0	0	0	0	0	0	0	0	0	0	0	0	0	0	0	
831992	Frontal_Sup_L	16580	1042	0	12084	8438	0	65086	4274	1260	0	11704	2976	21420	3206	6014	392	12164	100	77290	21632	88	0	42118	3034	452	0	82	0	24988	664	14512	3000	3020	6628	0	0	1198	0	226	0	188	0	0	0	0	0	0	0	0	0	394	0	104	0	270	0	6554	0	190	0	534	0	268	0	0	0	0	0	710	0	17166	828	12862	398	2086	272	3798	116	350	0	1326	0	1696	0	136	0	0	0	78	0	0	0	0	0	0	0	0	0	0	0	0	0	0	0	0	0	0	0	0	0	0	0	0	0	0	0	
623732	Frontal_Sup_R	4188	6426	12084	0	88	2654	1628	36300	0	92	3200	11740	1188	7360	0	3316	1600	3614	13536	44770	136	442	6392	26510	190	3874	0	514	3170	12830	5928	20228	478	15282	90	80	312	1658	0	694	0	0	0	0	0	0	0	0	0	88	0	0	0	0	0	906	566	850	0	120	156	114	0	108	0	0	0	168	736	112	13280	14864	2086	12056	522	3174	1888	5376	0	0	144	86	490	1106	0	132	0	0	0	146	0	0	0	0	0	0	0	0	0	0	0	0	0	0	0	0	0	0	0	0	0	0	0	0	0	0	
187220	Frontal_Sup_Orb_L	134	0	8438	88	0	0	1580	110	11060	0	454	0	2776	0	15892	106	126	0	874	0	6052	1280	4582	0	4752	156	7228	424	9096	100	7090	570	140	0	0	0	88	0	0	0	684	0	0	0	0	0	0	0	0	0	0	0	0	0	0	0	0	0	0	0	0	0	0	0	0	0	0	0	0	0	4590	622	3822	234	0	0	0	78	0	0	0	0	384	0	0	0	0	0	0	0	0	0	0	0	0	0	0	0	0	0	0	0	0	0	0	0	0	0	0	0	0	0	0	0	0	0	
85072	Frontal_Sup_Orb_R	0	0	0	2654	0	0	0	1122	0	3864	0	0	0	664	0	5472	0	0	0	0	162	2290	94	1506	144	7984	238	8896	0	1570	116	986	0	0	0	0	0	0	0	0	0	0	0	0	0	0	0	0	0	0	0	0	0	0	0	0	0	0	0	0	0	0	0	0	0	0	0	0	0	0	280	1804	0	2018	0	672	0	0	0	0	0	0	0	0	0	0	0	0	0	0	0	0	0	0	0	0	0	0	0	0	0	0	0	0	0	0	0	0	0	0	0	0	0	0	0	0	
402600	Frontal_Mid_L	18446	432	65086	1628	1580	0	0	1178	1624	0	8416	374	26408	340	3410	0	1856	0	13498	2374	0	0	22572	1348	0	0	0	0	6472	0	7620	576	1288	1036	0	0	0	0	0	0	0	0	0	0	86	0	0	0	0	0	2204	0	0	0	0	0	2128	0	1834	0	1110	0	0	0	0	0	858	0	136	0	3094	0	368	0	0	0	1294	92	0	0	198	0	244	0	92	0	0	0	0	0	0	0	0	0	0	0	0	0	0	0	0	0	0	0	0	0	0	0	0	0	0	0	0	0	0	0	
365392	Frontal_Mid_R	1552	13800	4274	36300	110	1122	1178	0	0	954	1386	16982	106	23108	144	2912	272	1814	4890	6276	0	0	1914	6546	176	680	0	0	1402	6792	2420	11772	456	5950	0	0	0	530	0	278	0	0	0	0	0	0	0	0	0	0	0	0	0	0	0	192	106	1062	0	0	0	0	0	246	0	0	0	0	0	0	10416	3008	5274	4516	0	690	238	640	0	0	0	0	126	86	0	0	0	0	0	0	0	0	0	0	0	0	0	0	0	0	0	0	0	0	0	0	0	0	0	0	0	0	0	0	0	0	
79432	Frontal_Mid_Orb_L	0	0	1260	0	11060	0	1624	0	0	0	0	0	3866	0	15344	0	0	0	220	0	738	112	210	0	228	0	796	0	2234	0	208	0	0	0	0	0	0	0	0	0	132	0	0	0	0	0	0	0	0	0	0	0	0	0	0	0	0	0	0	0	0	0	0	0	0	0	0	0	0	0	654	0	912	0	0	0	0	0	0	0	0	0	118	0	0	0	0	0	0	0	0	0	0	0	0	0	0	0	0	0	0	0	0	0	0	0	0	0	0	0	0	0	0	0	0	0	
24596	Frontal_Mid_Orb_R	0	0	0	92	0	3864	0	954	0	0	0	0	0	944	0	4322	0	0	0	0	0	0	0	0	0	316	0	252	0	500	0	0	0	0	0	0	0	0	0	0	0	0	0	0	0	0	0	0	0	0	0	0	0	0	0	0	0	0	0	0	0	0	0	0	0	0	0	0	0	0	0	236	0	680	0	138	0	0	0	0	0	0	0	0	0	0	0	0	0	0	0	0	0	0	0	0	0	0	0	0	0	0	0	0	0	0	0	0	0	0	0	0	0	0	0	0	
240732	Frontal_Inf_Oper_L	18522	114	11704	3200	454	0	8416	1386	0	0	0	770	10480	756	296	0	14556	0	7846	2376	0	0	2148	0	0	0	0	0	15846	0	4106	522	0	248	0	0	0	0	0	0	0	0	0	0	0	0	0	0	0	0	0	0	0	0	0	0	7312	0	0	0	0	0	0	0	0	0	0	0	0	0	4168	0	686	0	110	0	0	0	192	0	1274	0	2878	0	0	0	0	0	0	0	0	0	0	0	0	0	0	0	0	0	0	0	0	0	0	0	0	0	0	0	0	0	0	0	0	0	
266264	Frontal_Inf_Oper_R	534	9216	2976	11740	0	0	374	16982	0	0	770	0	86	19054	162	1990	128	5534	2882	7314	0	0	352	246	86	0	0	0	1242	18808	1150	2152	0	1242	88	0	170	508	0	144	0	0	0	0	0	0	0	0	0	0	0	0	0	0	0	196	0	4180	0	0	0	212	0	1164	0	0	0	0	0	0	7084	2136	3912	5486	0	320	0	1062	0	0	0	0	0	1368	0	0	0	0	0	82	0	0	0	0	0	0	0	0	0	0	0	0	0	0	0	0	0	0	0	0	0	0	0	0	0	0	
271072	Frontal_Inf_Tri_L	3740	0	21420	1188	2776	0	26408	106	3866	0	10480	86	0	86	14926	0	2176	0	7372	998	0	0	7606	0	176	0	0	0	20606	0	6162	226	286	0	0	0	0	0	0	0	0	0	0	0	0	0	0	0	0	0	0	0	0	0	0	0	590	0	0	0	0	0	0	0	0	0	0	0	0	0	2076	0	1176	0	0	0	0	0	0	0	246	0	758	0	0	0	0	0	0	0	0	0	0	0	0	0	0	0	0	0	0	0	0	0	0	0	0	0	0	0	0	0	0	0	0	0	
216944	Frontal_Inf_Tri_R	416	488	3206	7360	0	664	340	23108	0	944	756	19054	86	0	156	4844	136	262	3364	2992	0	0	390	1766	94	298	0	0	1196	10086	1124	4332	0	1410	0	0	0	0	0	0	0	0	0	0	0	0	0	0	0	0	0	0	0	0	0	0	0	0	0	0	0	0	0	0	0	0	0	0	0	0	8792	2380	5242	2802	0	384	0	0	0	0	0	0	0	0	0	0	0	0	0	0	0	0	0	0	0	0	0	0	0	0	0	0	0	0	0	0	0	0	0	0	0	0	0	0	0	0	
205092	Frontal_Inf_Orb_L	0	0	6014	0	15892	0	3410	144	15344	0	296	162	14926	156	0	92	0	0	1060	0	6242	1342	1422	0	410	148	4404	380	15948	80	1844	270	0	0	0	0	198	0	140	0	852	0	0	0	0	0	0	0	0	0	0	0	0	0	0	0	0	0	0	0	0	0	0	0	0	0	0	0	0	0	4746	484	4588	148	0	0	0	0	0	0	0	0	1404	0	0	0	0	0	0	0	0	0	0	0	0	0	0	0	0	0	0	0	0	0	0	0	0	0	0	0	0	0	0	0	0	0	
146768	Frontal_Inf_Orb_R	0	346	392	3316	106	5472	0	2912	0	4322	0	1990	0	4844	92	0	0	250	764	2030	542	2978	0	562	0	1158	452	2126	96	14270	184	1138	0	794	0	0	0	436	0	148	0	0	0	0	0	0	0	0	0	0	0	0	0	0	0	222	0	0	0	0	0	0	0	0	0	0	0	0	0	0	988	6608	250	8232	0	1858	0	386	0	0	0	1058	0	1934	0	128	0	0	0	0	0	0	0	0	0	0	0	0	0	0	0	0	0	0	0	0	0	0	0	0	0	0	0	0	0	0	
222668	Rolandic_Oper_L	12872	0	12164	1600	126	0	1856	272	0	0	14556	128	2176	136	0	0	0	0	11134	1310	0	0	224	0	0	0	0	0	18266	0	460	0	0	0	0	0	108	0	0	0	0	0	0	0	0	0	0	0	0	0	1522	0	606	0	626	0	11372	0	550	0	640	0	1446	0	376	0	0	0	0	0	2132	0	1000	0	88	0	484	0	3016	0	6236	0	2094	0	1568	0	0	0	190	0	0	0	0	0	0	0	0	0	0	0	0	0	0	0	0	0	0	0	0	0	0	0	0	0	0	0	
111956	Rolandic_Oper_R	94	2758	100	3614	0	0	0	1814	0	0	0	5534	0	262	0	250	0	0	96	2388	0	0	0	0	0	0	0	0	0	12644	0	98	0	0	134	0	214	284	0	0	0	0	0	0	0	0	0	0	0	0	0	78	0	0	0	0	0	4782	0	376	0	120	0	2292	0	164	0	254	0	0	154	5084	0	4716	0	592	0	1468	0	1264	0	2416	0	1430	0	360	0	0	0	144	0	0	0	0	0	0	0	0	0	0	0	0	0	0	0	0	0	0	0	0	0	0	0	0	0	0	
695320	Supp_Motor_Area_L	11342	1710	77290	13536	874	0	13498	4890	220	0	7846	2882	7372	3364	1060	764	11134	96	0	51982	0	0	9880	3634	338	0	0	0	16754	726	7388	6324	8294	26516	470	580	950	0	180	0	176	0	0	0	0	0	0	0	0	0	300	0	0	0	198	0	6252	96	174	0	688	0	602	0	218	0	0	98	3016	1030	16944	1190	13680	622	3706	412	3256	132	326	0	1126	0	1428	0	96	0	0	0	0	0	0	0	0	0	0	0	0	0	0	0	0	0	0	0	0	0	0	0	0	0	0	0	0	0	0	0	
680896	Supp_Motor_Area_R	15150	8466	21632	44770	0	0	2374	6276	0	0	2376	7314	998	2992	0	2030	1310	2388	51982	0	0	0	1580	6586	92	0	0	0	2814	9572	2812	7792	5590	43272	1630	3130	290	2286	86	794	0	0	0	0	0	284	0	0	0	568	102	498	0	0	88	1130	1212	2372	0	224	372	130	0	126	0	0	0	1564	12662	15812	14200	12552	2262	7958	574	1176	2460	1636	0	0	134	130	272	818	0	176	0	0	0	572	0	0	0	0	0	0	0	0	0	0	0	0	0	0	0	0	0	0	0	0	0	0	0	0	0	0	
172492	Olfactory_L	0	0	88	136	6052	162	0	0	738	0	0	0	0	0	6242	542	0	0	0	0	0	10344	316	80	1032	1010	10146	5296	4660	504	5348	4960	0	0	0	0	932	0	582	0	2382	0	0	0	0	0	0	0	0	0	0	0	0	0	306	0	0	0	0	0	0	0	0	0	0	0	0	0	0	0	12620	4456	5054	1328	0	148	0	240	0	0	0	0	542	0	0	0	0	0	0	0	0	0	0	0	0	0	0	0	0	0	0	0	0	0	0	0	0	0	0	0	0	0	0	0	0	0	
158880	Olfactory_R	0	220	0	442	1280	2290	0	0	112	0	0	0	0	0	1342	2978	0	0	0	0	10344	0	0	182	498	2908	6664	9476	520	2806	4286	5898	0	0	0	0	0	0	0	180	406	326	0	0	0	0	0	0	0	0	0	0	0	0	0	116	0	0	0	0	0	0	0	0	0	0	0	0	0	0	10720	8716	4054	1906	0	296	0	474	0	0	0	0	0	0	0	0	0	0	0	0	0	0	0	0	0	0	0	0	0	0	0	0	0	0	0	0	0	0	0	0	0	0	0	0	0	0	
358884	Frontal_Sup_Medial_L	730	0	42118	6392	4582	94	22572	1914	210	0	2148	352	7606	390	1422	0	224	0	9880	1580	316	0	0	13360	1310	320	438	0	4812	94	27924	11270	3318	6954	0	0	0	0	0	0	0	0	0	0	0	0	0	0	0	0	0	0	0	0	0	0	0	0	0	0	0	0	0	0	0	0	0	0	0	0	3244	172	3576	120	0	0	0	0	0	0	0	0	0	0	0	0	0	0	0	0	0	0	0	0	0	0	0	0	0	0	0	0	0	0	0	0	0	0	0	0	0	0	0	0	0	0	
244984	Frontal_Sup_Medial_R	0	0	3034	26510	0	1506	1348	6546	0	0	0	246	0	1766	0	562	0	0	3634	6586	80	182	13360	0	384	4866	0	460	0	866	6418	19712	476	10972	0	0	0	0	0	0	0	0	0	0	0	0	0	0	0	0	0	0	0	0	0	0	0	0	0	0	0	0	0	0	0	0	0	0	0	0	166	4842	88	5446	0	2436	0	0	0	0	0	0	0	0	0	0	0	0	0	0	0	0	0	0	0	0	0	0	0	0	0	0	0	0	0	0	0	0	0	0	0	0	0	0	0	0	
50292	Frontal_Med_Orb_L	0	0	452	190	4752	144	0	176	228	0	0	86	176	94	410	0	0	0	338	92	1032	498	1310	384	0	866	1304	600	1194	0	6626	1080	0	0	0	0	0	0	0	0	0	0	0	0	0	0	0	0	0	0	0	0	0	0	0	0	0	0	0	0	0	0	0	0	0	0	0	0	0	0	860	378	1644	232	0	0	0	0	0	0	0	0	0	0	0	0	0	0	0	0	0	0	0	0	0	0	0	0	0	0	0	0	0	0	0	0	0	0	0	0	0	0	0	0	0	0	
117252	Frontal_Med_Orb_R	0	0	0	3874	156	7984	0	680	0	316	0	0	0	298	148	1158	0	0	0	0	1010	2908	320	4866	866	0	970	9916	0	618	1852	9010	0	0	0	0	0	0	0	0	0	0	0	0	0	0	0	0	0	0	0	0	0	0	0	0	0	0	0	0	0	0	0	0	0	0	0	0	0	0	876	4336	220	4406	0	1744	0	94	0	0	0	0	0	0	0	0	0	0	0	0	0	0	0	0	0	0	0	0	0	0	0	0	0	0	0	0	0	0	0	0	0	0	0	0	0	0	
118560	Rectus_L	0	0	82	0	7228	238	0	0	796	0	0	0	0	0	4404	452	0	0	0	0	10146	6664	438	0	1304	970	0	4364	1084	396	3686	2848	0	0	0	0	0	0	0	0	562	0	0	0	0	0	0	0	0	0	0	0	0	0	0	0	0	0	0	0	0	0	0	0	0	0	0	0	0	0	8908	1950	2280	480	0	0	0	0	0	0	0	0	0	0	0	0	0	0	0	0	0	0	0	0	0	0	0	0	0	0	0	0	0	0	0	0	0	0	0	0	0	0	0	0	0	0	
130028	Rectus_R	0	0	0	514	424	8896	0	0	0	252	0	0	0	0	380	2126	0	0	0	0	5296	9476	0	460	600	9916	4364	0	186	1034	2954	7230	0	0	0	0	0	0	0	0	152	0	0	0	0	0	0	0	0	0	0	0	0	0	0	0	0	0	0	0	0	0	0	0	0	0	0	0	0	0	3878	3890	946	1490	0	550	0	0	0	0	0	0	0	0	0	0	0	0	0	0	0	0	0	0	0	0	0	0	0	0	0	0	0	0	0	0	0	0	0	0	0	0	0	0	0	0	
548664	Insula_L	10900	194	24988	3170	9096	0	6472	1402	2234	0	15846	1242	20606	1196	15948	96	18266	0	16754	2814	4660	520	4812	0	1194	0	1084	186	0	236	8014	402	384	768	100	96	8036	0	2856	0	3882	0	0	0	0	0	0	0	0	0	1490	0	1564	0	5194	0	8936	0	618	0	750	0	280	0	432	0	154	0	0	0	7142	270	14686	112	0	0	2342	136	8328	0	11254	0	5580	0	8920	0	150	0	7540	0	0	0	0	0	0	0	0	0	0	0	0	0	0	0	0	0	0	0	0	0	0	0	0	0	0	0	
371880	Insula_R	246	5340	664	12830	100	1570	0	6792	0	500	0	18808	0	10086	80	14270	0	12644	726	9572	504	2806	94	866	0	618	396	1034	236	0	314	1796	0	966	988	682	1180	8048	258	2688	0	952	0	0	0	162	184	0	0	318	0	380	0	0	0	5236	0	2360	0	148	0	138	0	162	0	0	0	344	0	86	1740	5176	444	26744	0	4532	242	4586	120	560	0	4558	0	4366	0	1420	0	0	0	3094	0	0	0	0	0	0	186	0	0	0	0	0	0	0	0	0	0	0	0	0	0	0	0	0	0	0	
380108	Cingulum_Ant_L	1976	164	14512	5928	7090	116	7620	2420	208	0	4106	1150	6162	1124	1844	184	460	0	7388	2812	5348	4286	27924	6418	6626	1852	3686	2954	8014	314	0	21248	4368	5726	0	0	0	0	0	0	204	0	0	0	0	0	0	0	0	0	0	0	0	0	0	0	0	0	0	0	0	0	0	0	0	0	0	0	0	0	9706	3026	10958	1700	0	284	0	148	0	0	0	0	0	0	0	0	0	0	0	0	0	0	0	0	0	0	0	0	0	0	0	0	0	0	0	0	0	0	0	0	0	0	0	0	0	0	
401040	Cingulum_Ant_R	530	0	3000	20228	570	986	576	11772	0	0	522	2152	226	4332	270	1138	0	98	6324	7792	4960	5898	11270	19712	1080	9010	2848	7230	402	1796	21248	0	4108	19486	0	0	0	98	0	0	142	0	0	0	0	0	0	0	0	0	0	0	0	0	0	0	0	0	0	0	0	0	0	0	0	0	0	0	0	0	3864	12358	1378	10174	0	2858	0	84	0	0	0	0	0	0	0	0	0	0	0	0	0	0	0	0	0	0	0	0	0	0	0	0	0	0	0	0	0	0	0	0	0	0	0	0	0	0	
123720	Cingulum_Mid_L	816	366	3020	478	140	0	1288	456	0	0	0	0	286	0	0	0	0	0	8294	5590	0	0	3318	476	0	0	0	0	384	0	4368	4108	0	10832	2176	1078	0	0	0	0	0	0	452	0	312	128	0	0	774	282	1754	204	160	0	116	0	396	154	246	0	128	0	158	0	98	0	3052	1026	2060	698	102	0	0	0	0	0	0	0	128	0	446	0	0	0	888	0	0	0	624	0	0	0	0	0	0	0	0	0	0	0	0	0	0	0	0	0	0	0	0	0	0	0	0	0	0	0	
434504	Cingulum_Mid_R	5138	1908	6628	15282	0	0	1036	5950	0	0	248	1242	0	1410	0	794	0	0	26516	43272	0	0	6954	10972	0	0	0	0	768	966	5726	19486	10832	0	2084	6984	0	126	0	0	0	0	114	532	0	538	0	218	0	748	112	246	0	0	0	0	672	3820	0	0	324	0	0	0	0	0	750	7208	6584	12368	5456	628	920	136	84	0	1218	0	0	0	0	0	0	0	0	90	0	0	0	0	0	0	0	0	0	0	0	0	0	0	0	0	0	0	0	0	0	0	0	0	164	0	0	0	0	0	
126496	Cingulum_Post_L	756	656	0	90	0	0	0	0	0	0	0	88	0	0	0	0	0	134	470	1630	0	0	0	0	0	0	0	0	100	988	0	0	2176	2084	0	9070	4566	3578	1612	1198	0	0	4576	0	816	0	2046	1094	274	0	1096	0	220	0	540	86	1862	1038	180	0	106	0	0	0	0	0	7136	1448	3696	2130	0	0	0	418	0	0	402	2678	260	0	0	0	0	0	202	0	0	0	124	0	0	0	0	0	0	0	1050	574	0	0	0	0	0	0	0	0	0	0	0	0	0	0	0	0	0	0	
135812	Cingulum_Post_R	464	1232	0	80	0	0	0	0	0	0	0	0	0	0	0	0	0	0	580	3130	0	0	0	0	0	0	0	0	96	682	0	0	1078	6984	9070	0	3432	4698	1302	1372	0	0	466	982	0	0	1234	3164	0	86	0	158	0	0	220	360	230	3982	0	0	0	0	0	0	0	0	1194	8564	848	6058	0	0	0	242	0	0	158	2112	178	0	0	0	0	0	0	0	0	0	0	392	0	0	0	0	0	0	890	770	0	0	0	0	0	0	0	0	0	0	0	0	1418	0	0	0	0	0	
221612	Hippocampus_L	2662	530	1198	312	88	0	0	0	0	0	0	170	0	0	198	0	108	214	950	290	932	0	0	0	0	0	0	0	8036	1180	0	0	0	0	4566	3432	0	3512	16154	1208	10380	0	514	0	0	0	2666	1174	0	0	0	0	102	0	13294	92	1186	128	0	0	0	0	0	0	0	0	810	580	0	0	340	0	4150	644	220	0	4124	3060	1176	0	2314	0	2902	0	2230	0	1332	0	7898	0	484	0	0	0	0	0	2272	566	428	0	0	0	0	0	0	0	0	0	0	0	0	0	0	0	0	0	
280240	Hippocampus_R	0	3648	0	1658	0	0	0	530	0	0	0	508	0	0	0	436	0	284	0	2286	0	0	0	0	0	0	0	0	0	8048	0	98	0	126	3578	4698	3512	0	1424	25620	0	9504	350	148	0	0	1282	5270	0	0	0	96	0	0	212	24146	0	502	0	96	0	0	0	0	0	0	316	2744	0	626	0	334	0	10332	0	3096	0	6078	0	244	0	1082	0	2666	0	1024	0	1802	0	5694	0	0	0	0	170	0	984	3912	0	104	0	0	0	0	0	0	0	0	0	104	748	0	0	0	0	0	
143628	ParaHippocampal_L	236	0	226	0	0	0	0	0	0	0	0	0	0	0	140	0	0	0	180	86	582	0	0	0	0	0	0	0	2856	258	0	0	0	0	1612	1302	16154	1424	0	370	5488	0	330	0	0	0	4354	948	0	0	166	0	128	0	14218	0	0	0	0	0	0	0	0	0	0	0	486	122	0	0	108	0	1094	0	0	0	562	508	0	0	540	0	2824	0	516	0	2234	0	5358	0	718	0	86	0	532	0	3838	194	876	0	0	0	0	0	0	0	0	0	0	160	0	0	0	0	0	0	
229152	ParaHippocampal_R	0	598	0	694	0	0	0	278	0	0	0	144	0	0	0	148	0	0	0	794	0	180	0	0	0	0	0	0	0	2688	0	0	0	0	1198	1372	1208	25620	370	0	0	7986	88	188	0	0	350	8718	0	114	0	156	0	148	0	25860	0	0	0	0	0	0	0	0	0	0	0	1208	0	0	0	184	0	4844	0	1988	0	3090	0	0	0	360	0	6996	0	90	0	4986	0	1466	0	936	0	0	0	346	280	7248	0	1236	0	0	0	0	0	0	0	0	0	0	418	0	0	0	0	0	
82100	Amygdala_L	0	0	188	0	684	0	0	0	132	0	0	0	0	0	852	0	0	0	176	0	2382	406	0	0	0	0	562	152	3882	0	204	142	0	0	0	0	10380	0	5488	0	0	0	0	0	0	0	0	0	0	0	0	0	0	0	5264	0	0	0	0	0	0	0	0	0	0	0	0	0	0	0	442	258	786	0	0	0	78	0	0	0	156	0	2478	0	1208	0	1694	0	2476	0	142	0	0	0	0	0	266	0	172	0	0	0	0	0	0	0	0	0	0	0	0	0	0	0	0	0	
66904	Amygdala_R	0	88	0	0	0	0	0	0	0	0	0	0	0	0	0	0	0	0	0	0	0	326	0	0	0	0	0	0	0	952	0	0	0	0	0	0	0	9504	0	7986	0	0	0	0	0	0	0	0	0	0	0	0	0	0	0	6386	0	0	0	0	0	0	0	0	0	0	0	0	0	0	0	196	0	808	0	224	0	150	0	0	0	0	0	3134	0	0	0	2090	0	1478	0	0	0	0	0	0	0	130	0	0	0	0	0	0	0	0	0	0	0	0	0	0	0	0	0	0	
199572	Calcarine_L	174	0	0	0	0	0	0	0	0	0	0	0	0	0	0	0	0	0	0	0	0	0	0	0	0	0	0	0	0	0	0	0	452	114	4576	466	514	350	330	88	0	0	0	6820	12646	2820	10516	2706	12920	804	19586	390	4936	0	2454	302	826	118	210	0	124	0	82	0	0	0	11936	1316	352	216	0	0	0	0	0	0	0	0	0	0	0	0	0	0	316	0	0	0	0	0	0	0	0	0	0	0	230	0	96	0	0	0	0	0	0	0	0	0	0	0	0	0	0	0	0	0	
266804	Calcarine_R	0	682	0	0	0	0	0	0	0	0	0	0	0	0	0	0	0	0	0	0	0	0	0	0	0	0	0	0	0	0	0	0	0	532	0	982	0	148	0	188	0	0	6820	0	6016	24104	824	22306	978	22816	154	16802	0	2282	0	5634	0	1380	0	150	0	0	0	0	0	0	658	12146	0	1794	0	0	0	0	0	0	0	0	0	0	0	0	0	0	0	5130	0	0	0	380	0	0	0	0	0	0	0	0	0	84	0	0	0	0	0	0	0	0	0	0	412	0	0	0	0	0	
151376	Cuneus_L	182	0	0	0	0	0	86	0	0	0	0	0	0	0	0	0	0	0	0	0	0	0	0	0	0	0	0	0	0	0	0	0	312	0	816	0	0	0	0	0	0	0	12646	6016	0	7468	924	562	19638	2210	9186	644	380	0	126	78	766	0	2574	90	0	0	0	0	0	0	8386	2216	270	0	0	0	0	0	0	0	0	0	0	0	0	0	0	0	0	112	0	0	0	0	0	0	0	0	0	0	0	0	0	0	0	0	0	0	0	0	0	0	0	0	0	0	0	0	0	0	
238452	Cuneus_R	0	1426	0	0	0	0	0	0	0	0	0	0	0	0	0	0	0	0	0	284	0	0	0	0	0	0	0	0	0	162	0	0	128	538	0	0	0	0	0	0	0	0	2820	24104	7468	0	0	6908	546	30772	270	10314	0	324	0	1340	0	2992	0	2150	0	114	0	0	0	280	664	17940	0	2478	0	0	0	0	0	0	0	0	0	114	0	254	0	0	0	4234	0	0	0	602	0	0	0	0	0	0	0	0	0	0	0	0	0	0	0	0	0	0	0	0	0	0	0	0	0	0	
248112	Lingual_L	0	0	0	0	0	0	0	0	0	0	0	0	0	0	0	0	0	0	0	0	0	0	0	0	0	0	0	0	0	184	0	0	0	0	2046	1234	2666	1282	4354	350	0	0	10516	824	924	0	0	2308	4776	96	12786	92	6788	0	20040	334	130	0	0	0	0	0	0	0	0	0	3310	298	0	0	0	0	0	0	0	0	104	474	0	0	0	0	0	0	430	0	0	0	1656	0	7342	826	1766	818	552	0	11638	754	13936	1300	0	84	0	174	0	0	0	0	0	102	2370	2488	1904	0	0	0	
315904	Lingual_R	0	246	0	0	0	0	0	0	0	0	0	0	0	0	0	0	0	0	0	0	0	0	0	0	0	0	0	0	0	0	0	0	0	218	1094	3164	1174	5270	948	8718	0	0	2706	22306	562	6908	2308	0	382	11534	0	8674	0	4070	574	23654	0	476	0	0	0	0	0	0	0	0	316	7474	0	564	0	0	0	108	0	80	0	1778	0	0	0	0	0	0	0	436	0	0	0	584	1692	3950	1338	276	282	188	1040	8776	3178	8598	0	0	0	0	0	0	0	0	0	124	5204	5438	1542	0	0	0	
160504	Occipital_Sup_L	0	0	0	0	0	0	0	0	0	0	0	0	0	0	0	0	0	0	0	0	0	0	0	0	0	0	0	0	0	0	0	0	774	0	274	0	0	0	0	0	0	0	12920	978	19638	546	4776	382	0	0	23598	0	776	0	638	0	320	0	3828	106	514	0	0	0	116	0	8692	1244	132	0	0	0	0	0	0	0	0	0	0	0	0	0	0	0	0	0	0	0	0	0	0	0	0	0	0	0	0	0	0	0	0	0	0	0	0	0	0	0	0	0	0	0	0	0	0	0	
350180	Occipital_Sup_R	0	3360	0	88	0	0	0	0	0	0	0	0	0	0	0	0	0	0	0	568	0	0	0	0	0	0	0	0	0	318	0	0	282	748	0	86	0	0	0	114	0	0	804	22816	2210	30772	96	11534	0	0	0	29492	0	1240	0	4448	0	9426	0	5950	0	2598	0	1408	0	4538	610	23918	0	6348	0	0	0	0	0	0	0	0	0	234	0	884	0	0	0	8868	0	0	0	1332	0	0	0	0	0	0	0	0	0	0	0	0	0	0	0	0	0	0	0	0	0	0	0	0	0	0	
426912	Occipital_Mid_L	5240	0	394	0	0	0	2204	0	0	0	0	0	0	0	0	0	1522	0	300	102	0	0	0	0	0	0	0	0	1490	0	0	0	1754	112	1096	0	0	0	166	0	0	0	19586	154	9186	270	12786	0	23598	0	0	0	24458	0	12714	0	10726	0	16920	0	17634	0	1366	0	13152	0	10316	190	1476	82	0	0	0	0	0	0	0	0	1182	0	1650	0	0	0	18310	0	0	0	1880	0	0	0	0	0	0	0	386	0	1054	0	0	0	0	0	0	0	0	0	0	0	0	0	0	0	0	0	
286572	Occipital_Mid_R	0	2908	0	0	0	0	0	0	0	0	0	0	0	0	0	0	0	78	0	498	0	0	0	0	0	0	0	0	0	380	0	0	204	246	0	158	0	96	0	156	0	0	390	16802	644	10314	92	8674	0	29492	0	0	0	3782	0	4316	0	4910	0	1690	0	3732	0	1970	0	10718	186	10742	0	3184	0	0	0	86	0	0	0	0	0	254	0	1430	0	0	0	22320	0	0	0	2834	0	0	0	0	0	0	0	0	0	0	0	0	0	0	0	0	0	0	0	0	0	0	0	0	0	0	
152480	Occipital_Inf_L	426	0	104	0	0	0	0	0	0	0	0	0	0	0	0	0	606	0	0	0	0	0	0	0	0	0	0	0	1564	0	0	0	160	0	220	0	102	0	128	0	0	0	4936	0	380	0	6788	0	776	0	24458	0	0	0	17508	0	1810	0	440	0	598	0	0	0	96	0	1866	0	318	0	0	0	0	0	0	0	0	0	848	0	448	0	0	0	7058	0	0	0	2436	0	178	0	0	0	0	0	682	0	1306	0	0	0	0	0	0	0	0	0	0	0	0	0	0	0	0	0	
49932	Occipital_Inf_R	0	112	0	0	0	0	0	0	0	0	0	0	0	0	0	0	0	0	0	0	0	0	0	0	0	0	0	0	0	0	0	0	0	0	0	0	0	0	0	148	0	0	0	2282	0	324	0	4070	0	1240	0	3782	0	0	0	7300	0	84	0	0	0	0	0	0	0	0	0	148	0	136	0	0	0	0	0	0	0	0	0	0	0	0	0	0	0	770	0	0	0	4262	0	0	0	0	0	0	0	0	0	202	0	0	0	0	0	0	0	0	0	0	0	106	0	0	0	0	
458444	Fusiform_L	518	0	270	0	0	0	0	0	0	0	0	0	0	0	0	0	626	0	198	88	306	0	0	0	0	0	0	0	5194	0	0	0	116	0	540	220	13294	212	14218	0	5264	0	2454	0	126	0	20040	574	638	0	12714	0	17508	0	0	304	2112	0	518	0	750	0	0	0	106	0	1230	0	298	0	100	0	836	0	0	0	522	0	1366	0	3034	0	5632	0	8316	0	2988	0	24818	0	23324	378	2208	316	276	0	14710	654	33286	864	256	0	284	100	166	0	0	0	0	0	2496	1382	474	0	0	0	
427668	Fusiform_R	0	1158	0	906	0	0	0	192	0	0	0	196	0	0	0	222	0	0	0	1130	0	116	0	0	0	0	0	0	0	5236	0	0	0	0	86	360	92	24146	0	25860	0	6386	302	5634	78	1340	334	23654	0	4448	0	4316	0	7300	304	0	0	320	0	0	0	0	0	0	0	0	160	1276	0	374	0	188	0	5820	0	1404	0	1102	0	0	0	826	0	8122	0	2846	0	5324	0	17786	980	13800	572	854	0	478	0	10736	1868	18030	0	0	206	334	0	196	0	0	0	0	1854	3102	1270	210	0	0	
346720	Postcentral_L	31156	102	6554	566	0	0	2128	106	0	0	7312	0	590	0	0	0	11372	0	6252	1212	0	0	0	0	0	0	0	0	8936	0	0	0	396	672	1862	230	1186	0	0	0	0	0	826	0	766	0	130	0	320	0	10726	0	1810	0	2112	0	0	146	13034	0	23320	0	6666	0	3006	0	3590	0	3566	260	2312	0	2796	0	624	0	2122	0	4302	0	4452	0	0	0	4442	0	0	0	1032	0	0	0	0	0	0	0	102	0	266	0	0	0	0	0	0	0	0	0	0	0	0	0	0	0	0	0	
318668	Postcentral_R	224	21790	0	850	0	0	0	1062	0	0	0	4180	0	0	0	0	0	4782	96	2372	0	0	0	0	0	0	0	0	0	2360	0	0	154	3820	1038	3982	128	502	0	0	0	0	118	1380	0	2992	0	476	0	9426	0	4910	0	84	0	320	146	0	0	15546	0	11252	0	11950	0	1578	278	23872	710	16406	140	2828	0	1458	0	124	0	760	0	256	0	912	0	0	0	2874	0	0	0	1198	0	0	0	0	0	0	0	0	0	0	0	0	0	0	0	0	0	0	0	0	0	0	0	0	0	0	
168376	Parietal_Sup_L	5094	0	190	0	0	0	1834	0	0	0	0	0	0	0	0	0	550	0	174	0	0	0	0	0	0	0	0	0	618	0	0	0	246	0	180	0	0	0	0	0	0	0	210	0	2574	0	0	0	3828	0	16920	0	440	0	518	0	13034	0	0	92	20942	0	974	0	4972	0	8794	506	222	0	0	0	0	0	0	0	0	0	158	0	178	0	0	0	838	0	0	0	102	0	0	0	0	0	0	0	0	0	0	0	0	0	0	0	0	0	0	0	0	0	0	0	0	0	0	0	
134628	Parietal_Sup_R	0	1858	0	120	0	0	0	0	0	0	0	0	0	0	0	0	0	376	0	224	0	0	0	0	0	0	0	0	0	148	0	0	0	0	0	0	0	96	0	0	0	0	0	150	90	2150	0	0	106	5950	0	1690	0	0	0	0	0	15546	92	0	0	11014	0	3826	0	3092	752	16870	0	1702	0	126	0	116	0	0	0	86	0	0	0	352	0	0	0	560	0	0	0	222	0	0	0	0	0	0	0	0	0	0	0	0	0	0	0	0	0	0	0	0	0	0	0	0	0	0	
202220	Parietal_Inf_L	4390	0	534	156	0	0	1110	0	0	0	0	0	0	0	0	0	640	0	688	372	0	0	0	0	0	0	0	0	750	0	0	0	128	324	106	0	0	0	0	0	0	0	124	0	0	0	0	0	514	0	17634	0	598	0	750	0	23320	0	20942	0	0	0	9504	0	14262	0	310	0	80	0	532	0	210	0	0	0	82	0	298	0	540	0	0	0	1972	0	0	0	240	0	0	0	0	0	0	0	0	0	0	0	0	0	0	0	0	0	0	0	0	0	0	0	0	0	0	0	
114072	Parietal_Inf_R	0	1256	0	114	0	0	0	0	0	0	0	212	0	0	0	0	0	120	0	130	0	0	0	0	0	0	0	0	0	138	0	0	0	0	0	0	0	0	0	0	0	0	0	0	0	114	0	0	0	2598	0	3732	0	0	0	0	0	11252	0	11014	0	0	0	10882	0	7532	0	4836	0	1846	0	0	0	186	0	0	0	122	0	0	0	90	0	0	0	552	0	0	0	310	0	0	0	0	0	0	0	0	0	0	0	0	0	0	0	0	0	0	0	0	0	0	0	0	0	0	
86924	SupraMarginal_L	786	0	268	0	0	0	0	0	0	0	0	0	0	0	0	0	1446	0	602	0	0	0	0	0	0	0	0	0	280	0	0	0	158	0	0	0	0	0	0	0	0	0	82	0	0	0	0	0	0	0	1366	0	0	0	0	0	6666	0	974	0	9504	0	0	0	8744	0	188	0	0	0	0	0	0	0	0	0	0	0	300	0	5560	0	0	0	6330	0	0	0	208	0	0	0	0	0	0	0	0	0	0	0	0	0	0	0	0	0	0	0	0	0	0	0	0	0	0	0	
107520	SupraMarginal_R	0	2744	0	108	0	0	0	246	0	0	0	1164	0	0	0	0	0	2292	0	126	0	0	0	0	0	0	0	0	0	162	0	0	0	0	0	0	0	0	0	0	0	0	0	0	0	0	0	0	0	1408	0	1970	0	0	0	0	0	11950	0	3826	0	10882	0	0	0	4020	0	1690	0	410	0	496	0	196	0	0	0	130	0	0	0	4826	0	0	0	4424	0	0	0	690	0	0	0	0	0	0	0	0	0	0	0	0	0	0	0	0	0	0	0	0	0	0	0	0	0	0	
110972	Angular_L	542	0	0	0	0	0	0	0	0	0	0	0	0	0	0	0	376	0	218	0	0	0	0	0	0	0	0	0	432	0	0	0	98	0	0	0	0	0	0	0	0	0	0	0	0	0	0	0	116	0	13152	0	96	0	106	0	3006	0	4972	0	14262	0	8744	0	0	0	90	0	0	0	0	0	0	0	0	0	0	0	244	0	2408	0	0	0	6190	0	0	0	434	0	0	0	0	0	0	0	0	0	0	0	0	0	0	0	0	0	0	0	0	0	0	0	0	0	0	0	
85108	Angular_R	0	308	0	0	0	0	0	0	0	0	0	0	0	0	0	0	0	164	0	0	0	0	0	0	0	0	0	0	0	0	0	0	0	0	0	0	0	0	0	0	0	0	0	0	0	280	0	0	0	4538	0	10718	0	0	0	0	0	1578	0	3092	0	7532	0	4020	0	0	0	1424	0	166	0	0	0	0	0	0	0	0	0	0	0	1720	0	0	0	6886	0	0	0	128	0	0	0	0	0	0	0	0	0	0	0	0	0	0	0	0	0	0	0	0	0	0	0	0	0	0	
183644	Precuneus_L	2144	104	0	0	0	0	858	0	0	0	0	0	0	0	0	0	0	0	0	0	0	0	0	0	0	0	0	0	154	0	0	0	3052	750	7136	1194	810	316	486	0	0	0	11936	658	8386	664	3310	316	8692	610	10316	186	1866	0	1230	160	3590	278	8794	752	310	0	188	0	90	0	0	8204	2506	506	0	0	0	0	0	0	0	108	0	0	0	0	0	0	376	0	0	0	136	0	0	0	0	0	0	0	564	0	86	0	0	0	0	0	0	0	0	0	0	0	0	0	0	0	0	0	
403968	Precuneus_R	106	6972	0	168	0	0	0	0	0	0	0	0	0	0	0	0	0	254	98	1564	0	0	0	0	0	0	0	0	0	344	0	0	1026	7208	1448	8564	580	2744	122	1208	0	0	1316	12146	2216	17940	298	7474	1244	23918	190	10742	0	148	0	1276	0	23872	506	16870	0	4836	0	1690	0	1424	8204	0	184	17868	0	96	0	0	0	0	0	612	0	290	0	592	0	0	0	7948	0	0	0	1904	0	0	0	0	0	0	96	1078	0	0	0	0	0	0	0	0	0	0	0	0	2600	0	0	0	0	0	
144868	Paracentral_Lobule_L	15784	5588	710	736	0	0	136	0	0	0	0	0	0	0	0	0	0	0	3016	12662	0	0	0	0	0	0	0	0	0	0	0	0	2060	6584	3696	848	0	0	0	0	0	0	352	0	270	0	0	0	132	0	1476	0	318	0	298	0	3566	710	222	0	80	0	0	0	0	0	2506	184	0	7886	0	1484	0	106	0	84	0	518	0	0	0	0	0	0	328	0	0	0	0	0	0	0	0	0	0	0	0	0	94	0	0	0	0	0	0	0	0	0	0	0	0	0	0	0	0	0	
237276	Paracentral_Lobule_R	3046	12126	0	112	0	0	0	0	0	0	0	0	0	0	0	0	0	0	1030	15812	0	0	0	0	0	0	0	0	0	86	0	0	698	12368	2130	6058	0	626	0	0	0	0	216	1794	0	2478	0	564	0	6348	82	3184	0	136	0	374	260	16406	0	1702	0	1846	0	410	0	166	506	17868	7886	0	0	106	0	0	0	0	0	0	0	0	0	120	0	0	0	1116	0	0	0	806	0	0	0	0	0	0	0	0	0	0	0	0	0	0	0	0	0	0	0	0	172	0	0	0	0	0	
479492	Caudate_L	7476	1696	17166	13280	4590	280	3094	10416	654	0	4168	7084	2076	8792	4746	988	2132	154	16944	14200	12620	10720	3244	166	860	876	8908	3878	7142	1740	9706	3864	102	5456	0	0	340	0	108	0	442	0	0	0	0	0	0	0	0	0	0	0	0	0	100	0	2312	140	0	0	532	0	0	0	0	0	0	0	0	0	0	7854	25150	2386	2116	124	7286	872	0	0	172	0	594	0	0	0	0	0	0	0	0	0	0	0	0	0	0	0	0	0	0	0	0	0	0	0	0	0	0	0	0	0	0	0	0	0	
356832	Caudate_R	1766	10912	828	14864	622	1804	0	3008	0	236	0	2136	0	2380	484	6608	0	5084	1190	12552	4456	8716	172	4842	378	4336	1950	3890	270	5176	3026	12358	0	628	0	0	0	334	0	184	258	196	0	0	0	0	0	0	0	0	0	0	0	0	0	188	0	2828	0	126	0	0	0	496	0	0	0	96	1484	106	7854	0	3436	22298	0	6194	240	16608	0	278	0	392	0	0	0	0	0	0	0	148	0	0	0	0	0	0	0	0	0	0	0	0	0	0	0	0	0	0	0	0	0	0	0	0	0	0	
308416	Putamen_L	2720	432	12862	2086	3822	0	368	5274	912	0	686	3912	1176	5242	4588	250	1000	0	13680	2262	5054	4054	3576	88	1644	220	2280	946	14686	444	10958	1378	0	920	0	0	4150	0	1094	0	786	0	0	0	0	0	0	0	0	0	0	0	0	0	836	0	2796	0	0	0	210	0	0	0	0	0	0	0	0	0	25150	3436	0	902	4526	92	1130	262	0	0	260	0	788	0	0	0	0	0	270	0	0	0	0	0	0	0	0	0	0	0	0	0	0	0	0	0	0	0	0	0	0	0	0	0	0	0	
358740	Putamen_R	340	2300	398	12056	234	2018	0	4516	0	680	0	5486	0	2802	148	8232	0	4716	622	7958	1328	1906	120	5446	232	4406	480	1490	112	26744	1700	10174	0	136	418	242	644	10332	0	4844	0	808	0	0	0	0	0	108	0	0	0	86	0	0	0	5820	0	1458	0	116	0	186	0	196	0	0	0	0	106	0	2386	22298	902	0	0	13360	0	4532	0	110	0	630	0	1676	0	312	0	0	0	1020	0	0	0	0	0	0	0	0	0	0	0	0	0	0	0	0	0	0	0	0	0	0	0	0	0	0	
34580	Pallidum_L	1174	0	2086	522	0	0	0	0	0	0	110	0	0	0	0	0	88	0	3706	574	0	0	0	0	0	0	0	0	0	0	0	0	0	84	0	0	220	0	0	0	0	0	0	0	0	0	0	0	0	0	0	0	0	0	0	0	624	0	0	0	0	0	0	0	0	0	0	0	0	0	2116	0	4526	0	0	0	1460	0	0	0	0	0	0	0	0	0	0	0	0	0	0	0	0	0	0	0	0	0	0	0	0	0	0	0	0	0	0	0	0	0	0	0	0	0	0	0	
100844	Pallidum_R	270	108	272	3174	0	672	0	690	0	138	0	320	0	384	0	1858	0	592	412	1176	148	296	0	2436	0	1744	0	550	0	4532	284	2858	0	0	0	0	0	3096	0	1988	0	224	0	0	0	0	0	80	0	0	0	0	0	0	0	1404	0	124	0	0	0	0	0	0	0	0	0	0	84	0	124	6194	92	13360	0	0	0	362	0	0	0	112	0	80	0	0	0	0	0	184	0	0	0	0	0	0	0	0	0	0	0	0	0	0	0	0	0	0	0	0	0	0	0	0	0	0	
107588	Thalamus_L	12944	728	3798	1888	0	0	1294	238	0	0	0	0	0	0	0	0	484	0	3256	2460	0	0	0	0	0	0	0	0	2342	242	0	0	0	1218	402	158	4124	0	562	0	78	0	0	0	0	0	104	0	0	0	0	0	0	0	522	0	2122	0	0	0	82	0	0	0	0	0	0	0	0	0	7286	240	1130	0	1460	0	0	2446	520	0	334	0	0	0	0	0	0	0	1230	0	0	0	0	0	0	0	102	0	0	0	0	0	0	0	0	0	0	0	0	0	0	0	0	0	0	0	
168612	Thalamus_R	1238	15388	116	5376	78	0	92	640	0	0	0	1062	0	0	0	386	0	1468	132	1636	240	474	0	0	0	94	0	0	136	4586	148	84	0	0	2678	2112	3060	6078	508	3090	0	150	0	0	0	0	474	1778	0	0	0	0	0	0	0	1102	0	760	0	86	0	122	0	130	0	0	108	612	518	0	872	16608	262	4532	0	362	2446	0	188	0	0	0	0	0	0	0	0	0	0	276	0	0	0	0	0	0	444	1576	0	0	0	0	0	0	0	0	0	0	0	0	0	0	0	0	0	0	
81636	Heschl_L	2802	0	350	0	0	0	0	0	0	0	192	0	0	0	0	0	3016	0	326	0	0	0	0	0	0	0	0	0	8328	120	0	0	128	0	260	178	1176	0	0	0	0	0	0	0	0	0	0	0	0	0	1182	0	848	0	1366	0	4302	0	158	0	298	0	300	0	244	0	0	0	0	0	0	0	0	0	0	0	520	188	0	0	5368	0	0	0	5512	0	0	0	3656	0	0	0	0	0	0	0	0	0	0	0	0	0	0	0	0	0	0	0	0	0	0	0	0	0	0	0	
13772	Heschl_R	0	192	0	0	0	0	0	0	0	0	0	0	0	0	0	0	0	1264	0	0	0	0	0	0	0	0	0	0	0	560	0	0	0	0	0	0	0	244	0	0	0	0	0	0	0	114	0	0	0	234	0	254	0	0	0	0	0	256	0	0	0	0	0	0	0	0	0	290	0	0	0	278	0	110	0	0	0	0	0	0	0	1926	0	0	0	604	0	0	0	560	0	0	0	0	0	0	0	0	0	0	0	0	0	0	0	0	0	0	0	0	0	0	0	0	0	0	
208356	Temporal_Sup_L	1846	0	1326	144	0	0	198	0	0	0	1274	0	246	0	0	0	6236	0	1126	134	0	0	0	0	0	0	0	0	11254	0	0	0	446	0	0	0	2314	0	540	0	156	0	0	0	0	0	0	0	0	0	1650	0	448	0	3034	0	4452	0	178	0	540	0	5560	0	2408	0	0	0	0	0	172	0	260	0	0	0	334	0	5368	0	0	0	5766	0	28854	0	292	0	17622	0	0	0	0	0	0	0	0	0	0	0	0	0	0	0	0	0	0	0	0	0	0	0	0	0	0	0	
95064	Temporal_Sup_R	0	366	0	86	0	0	0	0	0	0	0	0	0	0	0	1058	0	2416	0	130	0	0	0	0	0	0	0	0	0	4558	0	0	0	0	0	0	0	1082	0	360	0	0	0	0	0	254	0	0	0	884	0	1430	0	0	0	826	0	912	0	352	0	90	0	4826	0	1720	0	592	0	120	0	392	0	630	0	112	0	0	0	1926	0	0	0	5658	0	13168	0	286	0	3298	0	0	0	0	0	0	0	0	0	0	0	0	0	0	0	0	0	0	0	0	0	0	0	0	0	0	
126912	Temporal_Pole_Sup_L	320	0	1696	490	384	0	244	126	118	0	2878	0	758	0	1404	0	2094	0	1428	272	542	0	0	0	0	0	0	0	5580	0	0	0	0	0	0	0	2902	0	2824	0	2478	0	0	0	0	0	0	0	0	0	0	0	0	0	5632	0	0	0	0	0	0	0	0	0	0	0	0	0	0	0	594	0	788	0	0	0	0	0	0	0	5766	0	0	0	7678	0	7494	0	8966	0	0	0	0	0	0	0	0	0	0	0	0	0	0	0	0	0	0	0	0	0	0	0	0	0	0	0	
108852	Temporal_Pole_Sup_R	0	86	0	1106	0	0	0	86	0	0	0	1368	0	0	0	1934	0	1430	0	818	0	0	0	0	0	0	0	0	0	4366	0	0	0	0	0	0	0	2666	0	6996	0	3134	0	0	0	0	0	0	0	0	0	0	0	0	0	8122	0	0	0	0	0	0	0	0	0	0	0	0	0	0	0	0	0	1676	0	80	0	0	0	0	0	5658	0	0	0	3320	0	8398	0	3182	0	0	0	0	0	0	0	0	0	0	0	0	0	0	0	0	0	0	0	0	0	0	0	0	0	0	
310720	Temporal_Mid_L	1698	0	136	0	0	0	92	0	0	0	0	0	0	0	0	0	1568	0	96	0	0	0	0	0	0	0	0	0	8920	0	0	0	888	0	202	0	2230	0	516	0	1208	0	316	0	0	0	430	0	0	0	18310	0	7058	0	8316	0	4442	0	838	0	1972	0	6330	0	6190	0	376	0	328	0	0	0	0	0	0	0	0	0	5512	0	28854	0	7678	0	0	0	6678	0	33632	0	0	0	0	0	0	0	148	0	398	0	0	0	0	0	0	0	0	0	0	0	0	0	0	0	0	0	
240208	Temporal_Mid_R	0	1310	0	132	0	0	0	0	0	0	0	0	0	0	0	128	0	360	0	176	0	0	0	0	0	0	0	0	0	1420	0	0	0	90	0	0	0	1024	0	90	0	0	0	5130	112	4234	0	436	0	8868	0	22320	0	770	0	2846	0	2874	0	560	0	552	0	4424	0	6886	0	7948	0	1116	0	0	0	312	0	0	0	0	0	604	0	13168	0	3320	0	0	0	3872	0	25022	0	0	0	0	0	0	0	0	0	0	0	0	0	0	0	0	0	0	0	0	0	0	0	0	0	0	
56076	Temporal_Pole_Mid_L	0	0	0	0	0	0	0	0	0	0	0	0	0	0	0	0	0	0	0	0	0	0	0	0	0	0	0	0	150	0	0	0	0	0	0	0	1332	0	2234	0	1694	0	0	0	0	0	0	0	0	0	0	0	0	0	2988	0	0	0	0	0	0	0	0	0	0	0	0	0	0	0	0	0	0	0	0	0	0	0	0	0	292	0	7494	0	6678	0	0	0	5176	0	0	0	0	0	0	0	0	0	0	0	0	0	0	0	0	0	0	0	0	0	0	0	0	0	0	0	
61456	Temporal_Pole_Mid_R	0	0	0	0	0	0	0	0	0	0	0	0	0	0	0	0	0	0	0	0	0	0	0	0	0	0	0	0	0	0	0	0	0	0	0	0	0	1802	0	4986	0	2090	0	0	0	0	0	0	0	0	0	0	0	0	0	5324	0	0	0	0	0	0	0	0	0	0	0	0	0	0	0	0	0	0	0	0	0	0	0	0	0	286	0	8398	0	3872	0	0	0	3970	0	0	0	0	0	0	0	0	0	0	0	0	0	0	0	0	0	0	0	0	0	0	0	0	0	0	
280464	Temporal_Inf_L	464	0	78	0	0	0	0	0	0	0	0	0	0	0	0	0	190	0	0	0	0	0	0	0	0	0	0	0	7540	0	0	0	624	0	124	0	7898	0	5358	0	2476	0	0	0	0	0	1656	0	0	0	1880	0	2436	0	24818	0	1032	0	102	0	240	0	208	0	434	0	136	0	0	0	0	0	270	0	0	0	1230	0	3656	0	17622	0	8966	0	33632	0	5176	0	0	0	5900	0	510	0	0	0	1406	0	3646	0	100	0	258	0	82	0	0	0	0	0	84	0	0	0	0	0	
173308	Temporal_Inf_R	0	1300	0	146	0	0	0	0	0	0	0	82	0	0	0	0	0	144	0	572	0	0	0	0	0	0	0	0	0	3094	0	0	0	0	0	392	0	5694	0	1466	0	1478	0	380	0	602	0	584	0	1332	0	2834	0	4262	0	17786	0	1198	0	222	0	310	0	690	0	128	0	1904	0	806	0	148	0	1020	0	184	0	276	0	560	0	3298	0	3182	0	25022	0	3970	0	0	0	1240	0	0	0	0	0	94	0	136	0	0	0	118	0	0	0	0	0	0	0	0	0	0	0	0	
474848	Cerebelum_Crus1_L	0	0	0	0	0	0	0	0	0	0	0	0	0	0	0	0	0	0	0	0	0	0	0	0	0	0	0	0	0	0	0	0	0	0	0	0	484	0	718	0	142	0	0	0	0	0	7342	1692	0	0	0	0	178	0	23324	980	0	0	0	0	0	0	0	0	0	0	0	0	0	0	0	0	0	0	0	0	0	0	0	0	0	0	0	0	0	0	0	0	5900	0	0	2180	38628	2178	1134	230	20730	1416	60604	4832	11514	334	19194	1370	5702	1340	1502	0	278	600	6394	6524	4960	1754	2646	620	
483048	Cerebelum_Crus1_R	0	0	0	0	0	0	0	0	0	0	0	0	0	0	0	0	0	0	0	0	0	0	0	0	0	0	0	0	0	0	0	0	0	0	0	0	0	0	0	936	0	0	0	0	0	0	826	3950	0	0	0	0	0	0	378	13800	0	0	0	0	0	0	0	0	0	0	0	0	0	0	0	0	0	0	0	0	0	0	0	0	0	0	0	0	0	0	0	0	0	1240	2180	0	3434	39490	112	2714	3276	23944	3290	55416	1422	5794	4114	25700	952	9048	0	930	262	1524	9890	3688	15278	4436	2758	742	
380500	Cerebelum_Crus2_L	0	0	0	0	0	0	0	0	0	0	0	0	0	0	0	0	0	0	0	0	0	0	0	0	0	0	0	0	0	0	0	0	0	0	0	0	0	0	86	0	0	0	0	0	0	0	1766	1338	0	0	0	0	0	0	2208	572	0	0	0	0	0	0	0	0	0	0	0	0	0	0	0	0	0	0	0	0	0	0	0	0	0	0	0	0	0	0	0	0	510	0	38628	3434	0	7994	306	138	3176	354	13238	3526	39988	2848	37360	4400	5052	1108	758	0	114	252	842	3886	9584	4110	2324	350	
360272	Cerebelum_Crus2_R	0	0	0	0	0	0	0	0	0	0	0	0	0	0	0	0	0	0	0	0	0	0	0	0	0	0	0	0	0	0	0	0	0	0	0	0	0	0	0	0	0	0	0	0	0	0	818	276	0	0	0	0	0	0	316	854	0	0	0	0	0	0	0	0	0	0	0	0	0	0	0	0	0	0	0	0	0	0	0	0	0	0	0	0	0	0	0	0	0	0	2178	39490	7994	0	0	258	1480	3354	1656	14060	3310	23746	5202	36492	934	6100	0	632	0	200	2306	1060	17842	6366	2684	528	
35032	Cerebelum_3_L	0	0	0	0	0	0	0	0	0	0	0	0	0	0	0	0	0	0	0	0	0	0	0	0	0	0	0	0	0	0	0	0	0	0	0	0	0	170	532	0	0	0	0	0	0	0	552	282	0	0	0	0	0	0	276	0	0	0	0	0	0	0	0	0	0	0	0	0	0	0	0	0	0	0	0	0	0	0	0	0	0	0	0	0	0	0	0	0	0	0	1134	112	306	0	0	134	6056	180	2328	260	80	0	120	126	116	180	0	0	1548	1648	794	154	126	0	206	96	
55516	Cerebelum_3_R	0	0	0	0	0	0	0	0	0	0	0	0	0	0	0	0	0	0	0	0	0	0	0	0	0	0	0	0	0	0	0	0	0	0	0	0	0	0	0	346	0	0	0	0	0	0	0	188	0	0	0	0	0	0	0	478	0	0	0	0	0	0	0	0	0	0	0	0	0	0	0	0	0	0	0	0	0	0	0	0	0	0	0	0	0	0	0	0	0	0	230	2714	138	258	134	0	334	6420	350	6134	0	0	0	1144	104	898	0	0	540	2776	2088	398	822	306	806	152	
326036	Cerebelum_4_5_L	0	0	0	0	0	0	0	0	0	0	0	0	0	0	0	0	0	0	0	0	0	0	0	0	0	0	0	0	0	186	0	0	0	0	1050	890	2272	984	3838	280	266	0	230	0	0	0	11638	1040	0	0	386	0	682	0	14710	0	102	0	0	0	0	0	0	0	0	0	564	96	0	0	0	0	0	0	0	0	102	444	0	0	0	0	0	0	148	0	0	0	1406	0	20730	3276	3176	1480	6056	334	0	3698	38060	5422	1480	0	1956	616	3888	1858	474	0	920	1618	16488	4622	1446	232	1614	2260	
277368	Cerebelum_4_5_R	0	116	0	0	0	0	0	0	0	0	0	0	0	0	0	0	0	0	0	0	0	0	0	0	0	0	0	0	0	0	0	0	0	0	574	770	566	3912	194	7248	0	130	0	0	0	0	754	8776	0	0	0	0	0	0	654	10736	0	0	0	0	0	0	0	0	0	0	0	1078	0	0	0	0	0	0	0	0	0	1576	0	0	0	0	0	0	0	0	0	0	0	94	1416	23944	354	3354	180	6420	3698	0	3006	32680	116	110	460	2060	208	1426	0	0	128	2536	12406	1890	3346	762	792	214	
498520	Cerebelum_6_L	0	0	0	0	0	0	0	0	0	0	0	0	0	0	0	0	0	0	0	0	0	0	0	0	0	0	0	0	0	0	0	0	0	0	0	0	428	0	876	0	172	0	96	0	0	0	13936	3178	0	0	1054	0	1306	0	33286	1868	266	0	0	0	0	0	0	0	0	0	86	0	94	0	0	0	0	0	0	0	0	0	0	0	0	0	0	0	398	0	0	0	3646	0	60604	3290	13238	1656	2328	350	38060	3006	0	7774	3510	112	5946	830	5594	2732	1164	0	354	730	13960	12348	4312	1274	3260	2138	
472280	Cerebelum_6_R	0	0	0	0	0	0	0	0	0	0	0	0	0	0	0	0	0	0	0	0	0	0	0	0	0	0	0	0	0	0	0	0	0	0	0	0	0	104	0	1236	0	0	0	84	0	0	1300	8598	0	0	0	0	0	202	864	18030	0	0	0	0	0	0	0	0	0	0	0	0	0	0	0	0	0	0	0	0	0	0	0	0	0	0	0	0	0	0	0	0	0	136	4832	55416	3526	14060	260	6134	5422	32680	7774	0	712	1288	2474	10830	986	7060	0	676	484	2950	14066	9906	15222	4234	3940	654	
238276	Cerebelum_7b_L	0	0	0	0	0	0	0	0	0	0	0	0	0	0	0	0	0	0	0	0	0	0	0	0	0	0	0	0	0	0	0	0	0	0	0	0	0	0	0	0	0	0	0	0	0	0	0	0	0	0	0	0	0	0	256	0	0	0	0	0	0	0	0	0	0	0	0	0	0	0	0	0	0	0	0	0	0	0	0	0	0	0	0	0	0	0	0	0	100	0	11514	1422	39988	3310	80	0	1480	116	3510	712	0	1196	37482	3436	3894	364	620	0	0	100	390	138	3116	4888	1026	0	
139384	Cerebelum_7b_R	0	0	0	0	0	0	0	0	0	0	0	0	0	0	0	0	0	0	0	0	0	0	0	0	0	0	0	0	0	0	0	0	0	0	0	0	0	0	0	0	0	0	0	0	0	0	84	0	0	0	0	0	0	0	0	0	0	0	0	0	0	0	0	0	0	0	0	0	0	0	0	0	0	0	0	0	0	0	0	0	0	0	0	0	0	0	0	0	0	0	334	5794	2848	23746	0	0	0	110	112	1288	1196	0	436	25902	0	4284	0	86	0	0	0	0	2124	1166	182	0	
336876	Cerebelum_8_L	0	0	0	0	0	0	0	0	0	0	0	0	0	0	0	0	0	0	0	0	0	0	0	0	0	0	0	0	0	0	0	0	0	0	0	0	0	0	0	0	0	0	0	0	0	0	0	0	0	0	0	0	0	0	284	206	0	0	0	0	0	0	0	0	0	0	0	0	0	0	0	0	0	0	0	0	0	0	0	0	0	0	0	0	0	0	0	0	258	0	19194	4114	37360	5202	120	0	1956	460	5946	2474	37482	436	0	6384	18262	2154	2446	0	0	122	596	568	5216	11340	5570	288	
361896	Cerebelum_8_R	0	0	0	0	0	0	0	0	0	0	0	0	0	0	0	0	0	0	0	0	0	0	0	0	0	0	0	0	0	0	0	0	0	0	0	0	0	0	0	0	0	0	0	0	0	0	174	0	0	0	0	0	0	0	100	334	0	0	0	0	0	0	0	0	0	0	0	0	0	0	0	0	0	0	0	0	0	0	0	0	0	0	0	0	0	0	0	0	0	118	1370	25700	4400	36492	126	1144	616	2060	830	10830	3436	25902	6384	0	1466	28272	0	1946	208	966	1752	836	8414	9104	7118	850	
145752	Cerebelum_9_L	0	0	0	0	0	0	0	0	0	0	0	0	0	0	0	0	0	0	0	0	0	0	0	0	0	0	0	0	0	0	0	0	0	0	0	0	0	0	0	0	0	0	0	0	0	0	0	0	0	0	0	0	0	0	166	0	0	0	0	0	0	0	0	0	0	0	0	0	0	0	0	0	0	0	0	0	0	0	0	0	0	0	0	0	0	0	0	0	82	0	5702	952	5052	934	116	104	3888	208	5594	986	3894	0	18262	1466	0	4502	4816	0	0	0	2440	2858	876	1994	6124	1860	
211392	Cerebelum_9_R	0	0	0	0	0	0	0	0	0	0	0	0	0	0	0	0	0	0	0	0	0	0	0	0	0	0	0	0	0	0	0	0	0	0	0	0	0	0	0	0	0	0	0	0	0	0	0	0	0	0	0	0	0	0	0	196	0	0	0	0	0	0	0	0	0	0	0	0	0	0	0	0	0	0	0	0	0	0	0	0	0	0	0	0	0	0	0	0	0	0	1340	9048	1108	6100	180	898	1858	1426	2732	7060	364	4284	2154	28272	4502	0	106	1674	136	570	2804	4394	5104	4664	10500	4222	
24536	Cerebelum_10_L	0	0	0	0	0	0	0	0	0	0	0	0	0	0	0	0	0	0	0	0	0	0	0	0	0	0	0	0	0	0	0	0	0	0	0	0	0	0	0	0	0	0	0	0	0	0	0	0	0	0	0	0	0	0	0	0	0	0	0	0	0	0	0	0	0	0	0	0	0	0	0	0	0	0	0	0	0	0	0	0	0	0	0	0	0	0	0	0	0	0	1502	0	758	0	0	0	474	0	1164	0	620	0	2446	0	4816	106	0	0	0	0	0	112	0	0	190	80	
14352	Cerebelum_10_R	0	0	0	0	0	0	0	0	0	0	0	0	0	0	0	0	0	0	0	0	0	0	0	0	0	0	0	0	0	0	0	0	0	0	0	0	0	0	0	0	0	0	0	0	0	0	0	0	0	0	0	0	0	0	0	0	0	0	0	0	0	0	0	0	0	0	0	0	0	0	0	0	0	0	0	0	0	0	0	0	0	0	0	0	0	0	0	0	0	0	0	930	0	632	0	0	0	0	0	676	0	86	0	1946	0	1674	0	0	0	0	0	0	906	150	176	0	
20240	Vermis_1_2	0	0	0	0	0	0	0	0	0	0	0	0	0	0	0	0	0	0	0	0	0	0	0	0	0	0	0	0	0	0	0	0	0	0	0	0	0	0	0	0	0	0	0	0	0	0	0	0	0	0	0	0	0	0	0	0	0	0	0	0	0	0	0	0	0	0	0	0	0	0	0	0	0	0	0	0	0	0	0	0	0	0	0	0	0	0	0	0	0	0	278	262	114	0	1548	540	920	128	354	484	0	0	0	208	0	136	0	0	0	3440	1026	78	192	0	216	196	
51712	Vermis_3	0	0	0	0	0	0	0	0	0	0	0	0	0	0	0	0	0	0	0	0	0	0	0	0	0	0	0	0	0	0	0	0	0	0	0	0	0	104	160	0	0	0	0	0	0	0	102	124	0	0	0	0	0	0	0	0	0	0	0	0	0	0	0	0	0	0	0	0	0	0	0	0	0	0	0	0	0	0	0	0	0	0	0	0	0	0	0	0	0	0	600	1524	252	200	1648	2776	1618	2536	730	2950	100	0	122	966	0	570	0	0	3440	0	3380	206	752	192	662	142	
250540	Vermis_4_5	0	0	0	0	0	0	0	0	0	0	0	0	0	0	0	0	0	0	0	0	0	0	0	0	0	0	0	0	0	0	0	0	0	164	0	1418	0	748	0	418	0	0	0	412	0	0	2370	5204	0	0	0	0	0	0	2496	1854	0	0	0	0	0	0	0	0	0	0	0	2600	0	172	0	0	0	0	0	0	0	0	0	0	0	0	0	0	0	0	0	0	84	0	6394	9890	842	2306	794	2088	16488	12406	13960	14066	390	0	596	1752	2440	2804	0	0	1026	3380	0	7746	2528	458	2128	2848	
