data	data	353420	119024	1.14294e+06	923204	208888	135288	525212	158036	133432	33780	264060	186660	232376	169212	216724	104728	199032	103800	715552	967216	104132	102024	359240	466952	37508	149720	52940	59720	730712	372180	317572	532612	142900	758308	146124	154932	351860	264544	85336	126796	32472	55516	218200	327708	128308	250328	214592	269680	139588	306392	421736	214756	130652	95028	325732	391264	214612	222316	86960	70428	220564	59908	97012	88148	151816	86720	235320	439372	91876	134524	370724	369412	386368	353820	51660	15332	129644	204176	124216	31744	164752	122656	94708	74484	324624	161564	28476	52060	222836	167036	540384	418068	467228	408168	28524	52440	362484	196088	552052	473820	364916	252224	358796	311164	139772	195944	24508	68668	15744	41924	254192	367296	324752	284140	192800	62456	
data	data	Precentral_L	Precentral_R	Frontal_Sup_L	Frontal_Sup_R	Frontal_Sup_Orb_L	Frontal_Sup_Orb_R	Frontal_Mid_L	Frontal_Mid_R	Frontal_Mid_Orb_L	Frontal_Mid_Orb_R	Frontal_Inf_Oper_L	Frontal_Inf_Oper_R	Frontal_Inf_Tri_L	Frontal_Inf_Tri_R	Frontal_Inf_Orb_L	Frontal_Inf_Orb_R	Rolandic_Oper_L	Rolandic_Oper_R	Supp_Motor_Area_L	Supp_Motor_Area_R	Olfactory_L	Olfactory_R	Frontal_Sup_Medial_L	Frontal_Sup_Medial_R	Frontal_Med_Orb_L	Frontal_Med_Orb_R	Rectus_L	Rectus_R	Insula_L	Insula_R	Cingulum_Ant_L	Cingulum_Ant_R	Cingulum_Mid_L	Cingulum_Mid_R	Cingulum_Post_L	Cingulum_Post_R	Hippocampus_L	Hippocampus_R	ParaHippocampal_L	ParaHippocampal_R	Amygdala_L	Amygdala_R	Calcarine_L	Calcarine_R	Cuneus_L	Cuneus_R	Lingual_L	Lingual_R	Occipital_Sup_L	Occipital_Sup_R	Occipital_Mid_L	Occipital_Mid_R	Occipital_Inf_L	Occipital_Inf_R	Fusiform_L	Fusiform_R	Postcentral_L	Postcentral_R	Parietal_Sup_L	Parietal_Sup_R	Parietal_Inf_L	Parietal_Inf_R	SupraMarginal_L	SupraMarginal_R	Angular_L	Angular_R	Precuneus_L	Precuneus_R	Paracentral_Lobule_L	Paracentral_Lobule_R	Caudate_L	Caudate_R	Putamen_L	Putamen_R	Pallidum_L	Pallidum_R	Thalamus_L	Thalamus_R	Heschl_L	Heschl_R	Temporal_Sup_L	Temporal_Sup_R	Temporal_Pole_Sup_L	Temporal_Pole_Sup_R	Temporal_Mid_L	Temporal_Mid_R	Temporal_Pole_Mid_L	Temporal_Pole_Mid_R	Temporal_Inf_L	Temporal_Inf_R	Cerebelum_Crus1_L	Cerebelum_Crus1_R	Cerebelum_Crus2_L	Cerebelum_Crus2_R	Cerebelum_3_L	Cerebelum_3_R	Cerebelum_4_5_L	Cerebelum_4_5_R	Cerebelum_6_L	Cerebelum_6_R	Cerebelum_7b_L	Cerebelum_7b_R	Cerebelum_8_L	Cerebelum_8_R	Cerebelum_9_L	Cerebelum_9_R	Cerebelum_10_L	Cerebelum_10_R	Vermis_1_2	Vermis_3	Vermis_4_5	Vermis_6	Vermis_7	Vermis_8	Vermis_9	Vermis_10	
353420	Precentral_L	0	0	9776	796	0	0	20062	0	0	0	12752	0	2830	0	92	0	8942	0	7352	1852	0	0	0	0	0	0	0	0	16784	0	228	0	2068	314	5220	184	5346	180	94	0	0	0	486	136	452	0	0	0	1680	0	6682	0	816	0	266	0	24368	0	972	0	13254	0	3600	0	3000	0	1548	228	6688	0	538	0	586	0	0	0	1898	1690	6296	0	1448	0	0	0	4106	0	0	0	1100	0	0	0	0	0	0	0	0	0	0	0	0	0	0	0	0	0	0	0	0	0	0	0	0	0	0	0	
119024	Precentral_R	0	0	402	1984	0	0	0	7678	0	0	0	3070	0	0	0	0	0	1322	122	1468	0	0	0	0	0	0	0	0	0	1056	0	0	0	954	516	612	100	3078	0	118	0	0	0	1924	0	1076	0	124	0	1394	0	696	0	386	0	716	0	11690	0	798	0	306	0	1630	0	0	0	3774	0	1206	208	1256	0	1364	0	0	312	4234	0	882	0	1538	0	0	0	648	0	0	0	870	0	0	0	0	0	0	0	0	0	0	0	0	0	0	0	0	0	0	0	0	0	0	0	0	0	0	
1.14294e+06	Frontal_Sup_L	9776	402	0	23100	10216	482	64230	2022	2664	0	11794	3362	11596	632	8196	284	5296	466	90944	38684	0	0	42840	6522	682	812	130	0	50714	1650	20366	8706	6256	18562	2052	1000	21694	726	1110	0	494	0	0	620	0	0	174	326	220	0	248	0	0	0	152	0	698	0	0	0	422	0	144	0	0	0	518	1022	2326	0	25018	2928	33398	1106	8356	0	18268	2136	1602	136	1438	154	942	0	344	0	0	0	310	0	0	0	0	0	0	0	0	0	0	0	0	0	0	0	0	0	0	0	0	0	0	0	0	0	0	0	
923204	Frontal_Sup_R	796	1984	23100	0	100	5610	2322	18326	0	930	602	8732	286	9112	0	4984	116	3336	21156	88856	0	0	9882	45634	0	5482	0	256	1834	16392	5378	37196	1556	46598	574	3362	760	4462	0	536	0	284	0	448	0	0	0	302	0	160	0	0	0	0	0	260	0	374	0	0	0	0	0	132	0	0	0	938	126	456	9866	25968	1070	21528	574	2290	296	24320	0	0	0	1238	0	722	0	0	0	0	0	0	0	0	0	0	0	0	0	0	0	0	0	0	0	0	0	0	0	0	0	0	0	0	0	0	0	0	
208888	Frontal_Sup_Orb_L	0	0	10216	100	0	0	2838	0	17702	0	710	208	1156	0	16410	0	138	0	4252	108	1404	0	5944	176	2384	0	6112	0	12900	160	2970	280	0	0	0	0	0	0	0	0	234	0	0	0	0	0	0	0	0	0	0	0	0	0	0	0	0	0	0	0	0	0	0	0	0	0	0	0	0	0	2156	144	15084	0	0	0	0	0	0	0	0	0	658	0	0	0	0	0	0	0	0	0	0	0	0	0	0	0	0	0	0	0	0	0	0	0	0	0	0	0	0	0	0	0	0	0	
135288	Frontal_Sup_Orb_R	0	0	482	5610	0	0	0	584	0	5248	0	0	0	500	0	4734	0	0	0	1060	0	1294	1606	7006	106	9918	0	6978	0	2598	1856	6152	0	1444	0	0	0	0	0	0	0	0	0	0	0	0	0	0	0	0	0	0	0	0	0	0	0	0	0	0	0	0	0	0	0	0	0	0	0	0	180	3388	102	6798	0	0	0	0	0	0	0	0	0	0	0	0	0	0	0	0	0	0	0	0	0	0	0	0	0	0	0	0	0	0	0	0	0	0	0	0	0	0	0	0	0	0	
525212	Frontal_Mid_L	20062	0	64230	2322	2838	0	0	162	3298	0	14532	270	30992	148	7620	126	2300	0	8468	2594	0	0	16230	742	0	0	0	0	31456	192	5010	574	688	986	564	174	10338	176	418	0	0	0	0	0	0	0	0	0	0	0	366	0	98	0	0	0	4020	0	0	0	3262	0	320	0	122	0	100	0	0	0	5396	412	8962	0	2706	0	1998	796	5746	0	0	0	188	0	406	0	0	0	198	0	0	0	0	0	0	0	0	0	0	0	0	0	0	0	0	0	0	0	0	0	0	0	0	0	0	0	
158036	Frontal_Mid_R	0	7678	2022	18326	0	584	162	0	0	336	196	6980	106	7736	0	1046	0	698	1154	2180	0	0	800	4714	0	408	0	0	258	3668	412	3982	0	3332	0	0	0	2080	0	0	0	0	0	0	0	0	0	0	0	0	0	0	0	0	0	0	0	946	0	0	0	0	0	96	0	0	0	96	0	0	2042	948	0	3292	0	140	248	2082	0	0	0	176	0	94	0	0	0	0	0	0	0	0	0	0	0	0	0	0	0	0	0	0	0	0	0	0	0	0	0	0	0	0	0	0	0	0	
133432	Frontal_Mid_Orb_L	0	0	2664	0	17702	0	3298	0	0	0	164	114	2816	0	16618	0	0	0	1000	0	846	0	744	0	456	0	4186	0	6174	102	428	0	0	0	0	0	0	0	0	0	224	0	0	0	0	0	0	0	0	0	0	0	0	0	0	0	0	0	0	0	0	0	0	0	0	0	0	0	0	0	1446	0	7234	0	0	0	0	0	0	0	0	0	500	0	0	0	0	0	0	0	0	0	0	0	0	0	0	0	0	0	0	0	0	0	0	0	0	0	0	0	0	0	0	0	0	0	
33780	Frontal_Mid_Orb_R	0	0	0	930	0	5248	0	336	0	0	0	0	0	494	0	3674	0	0	0	172	0	130	104	700	0	1244	0	1296	0	404	0	430	0	230	0	0	0	0	0	0	0	0	0	0	0	0	0	0	0	0	0	0	0	0	0	0	0	0	0	0	0	0	0	0	0	0	0	0	0	0	0	586	0	912	0	0	0	0	0	0	0	0	0	0	0	0	0	0	0	0	0	0	0	0	0	0	0	0	0	0	0	0	0	0	0	0	0	0	0	0	0	0	0	0	0	0	
264060	Frontal_Inf_Oper_L	12752	0	11794	602	710	0	14532	196	164	0	0	250	17540	150	1350	0	9438	0	8032	392	0	0	504	286	0	0	0	0	26658	120	2490	420	0	308	122	0	1694	0	140	0	0	0	0	0	0	0	0	0	276	0	636	0	0	0	188	0	4364	0	0	0	1964	0	1022	0	320	0	0	0	0	0	2288	0	2354	0	0	0	132	0	1704	0	1928	0	4104	0	106	0	0	0	0	0	0	0	0	0	0	0	0	0	0	0	0	0	0	0	0	0	0	0	0	0	0	0	0	0	0	0	
186660	Frontal_Inf_Oper_R	0	3070	3362	8732	208	0	270	6980	114	0	250	0	124	10440	0	654	0	4808	1406	8390	0	0	348	2606	0	332	0	0	424	13596	394	2798	0	5036	0	0	0	496	0	0	0	0	0	0	0	0	0	0	0	0	0	0	0	0	0	0	0	1362	0	0	0	0	0	0	0	0	0	0	0	0	6500	3306	624	3576	0	0	0	982	0	0	0	1082	0	1060	0	0	0	0	0	0	0	0	0	0	0	0	0	0	0	0	0	0	0	0	0	0	0	0	0	0	0	0	0	0	0	0	
232376	Frontal_Inf_Tri_L	2830	0	11596	286	1156	0	30992	106	2816	0	17540	124	0	0	13878	0	1020	0	4586	242	0	0	2526	456	0	0	0	0	18362	0	1250	252	244	406	0	0	226	0	0	0	0	0	0	0	0	0	0	0	0	0	162	0	0	0	0	0	120	0	0	0	0	0	172	0	0	0	0	0	0	0	718	0	1152	0	0	0	0	0	466	0	184	0	2320	0	0	0	0	0	0	0	0	0	0	0	0	0	0	0	0	0	0	0	0	0	0	0	0	0	0	0	0	0	0	0	0	0	
169212	Frontal_Inf_Tri_R	0	0	632	9112	0	500	148	7736	0	494	150	10440	0	0	0	7246	0	112	508	5594	0	0	1094	7212	0	888	0	158	276	13594	430	6462	0	4242	0	0	0	92	0	0	0	0	0	0	0	0	0	0	0	0	0	0	0	0	0	0	0	0	0	0	0	0	0	0	0	0	0	0	0	0	1812	3406	0	2268	0	0	0	0	0	0	0	0	0	0	0	0	0	0	0	0	0	0	0	0	0	0	0	0	0	0	0	0	0	0	0	0	0	0	0	0	0	0	0	0	0	0	
216724	Frontal_Inf_Orb_L	92	0	8196	0	16410	0	7620	0	16618	0	1350	0	13878	0	0	0	184	0	1976	0	2102	0	3528	388	108	0	3108	0	17164	0	958	206	246	310	0	0	0	0	112	0	520	0	0	0	0	0	0	0	0	0	0	0	0	0	0	0	0	0	0	0	0	0	0	0	0	0	0	0	0	0	1550	0	9046	0	0	0	0	0	0	0	0	0	2692	0	0	0	0	0	0	0	0	0	0	0	0	0	0	0	0	0	0	0	0	0	0	0	0	0	0	0	0	0	0	0	0	0	
104728	Frontal_Inf_Orb_R	0	0	284	4984	0	4734	126	1046	0	3674	0	654	0	7246	0	0	0	0	358	2124	0	1202	1294	4904	0	472	0	1656	182	8494	128	1590	0	2238	0	0	0	246	0	0	0	278	0	0	0	0	0	0	0	0	0	0	0	0	0	602	0	0	0	0	0	0	0	0	0	0	0	0	0	0	338	844	0	1328	0	0	0	0	0	0	0	0	0	970	0	0	0	0	0	368	0	0	0	0	0	0	0	0	0	0	0	0	0	0	0	0	0	0	0	0	0	0	0	0	0	0	
199032	Rolandic_Oper_L	8942	0	5296	116	138	0	2300	0	0	0	9438	0	1020	0	184	0	0	0	3290	0	0	0	0	0	0	0	0	0	21226	0	614	94	0	0	392	0	3294	0	0	0	0	0	250	0	0	0	0	0	282	0	1502	0	204	0	426	0	6624	0	0	0	3788	0	5804	0	716	0	322	0	196	0	672	0	392	0	0	0	0	0	7006	0	7894	0	2714	0	3358	0	0	0	1022	0	0	0	0	0	0	0	0	0	0	0	0	0	0	0	0	0	0	0	0	0	0	0	0	0	0	0	
103800	Rolandic_Oper_R	0	1322	466	3336	0	0	0	698	0	0	0	4808	0	112	0	0	0	0	186	3076	0	0	0	0	0	0	0	0	0	10580	0	0	0	1172	0	0	0	1424	0	0	0	0	0	0	0	0	0	0	0	306	0	386	0	0	0	0	0	5914	0	0	0	402	0	5970	0	210	0	132	0	0	634	284	0	2658	0	0	0	252	0	1422	0	3630	0	1396	0	868	0	0	0	256	0	0	0	0	0	0	0	0	0	0	0	0	0	0	0	0	0	0	0	0	0	0	0	0	0	0	
715552	Supp_Motor_Area_L	7352	122	90944	21156	4252	0	8468	1154	1000	0	8032	1406	4586	508	1976	358	3290	186	0	49436	0	0	7406	4116	94	234	0	0	23008	644	9836	6090	11182	24360	1424	370	2926	150	288	0	290	0	0	1618	268	0	0	770	854	0	950	0	0	0	0	0	150	0	184	0	140	0	0	0	148	0	1074	2668	4634	0	14996	1718	17674	440	608	0	8728	1450	180	0	1018	0	568	0	184	0	0	0	110	0	0	0	0	0	0	0	0	0	0	0	0	0	0	0	0	0	0	0	0	0	0	0	0	0	0	0	
967216	Supp_Motor_Area_R	1852	1468	38684	88856	108	1060	2594	2180	0	172	392	8390	242	5594	0	2124	0	3076	49436	0	0	0	3322	18342	0	2430	0	322	3166	9644	2914	19828	6122	73286	338	7846	1952	1782	0	302	0	248	0	6490	0	2924	0	2000	278	3506	396	1208	0	602	0	450	114	4604	0	522	160	202	0	278	160	0	594	16364	1274	13094	12738	23712	1466	12944	454	192	148	16080	0	94	0	1144	0	684	0	316	0	0	0	344	0	0	0	0	0	0	0	0	0	0	0	0	0	0	0	0	0	0	0	0	0	0	0	0	0	0	
104132	Olfactory_L	0	0	0	0	1404	0	0	0	846	0	0	0	0	0	2102	0	0	0	0	0	0	7716	0	0	832	0	1300	94	3354	122	3566	1722	0	0	0	0	0	0	234	0	846	0	0	0	0	0	0	0	0	0	0	0	0	0	0	0	0	0	0	0	0	0	0	0	0	0	0	0	0	0	10392	6648	6344	2830	288	296	0	0	0	0	0	0	1130	0	0	0	0	0	0	0	0	0	0	0	0	0	0	0	0	0	0	0	0	0	0	0	0	0	0	0	0	0	0	0	0	0	
102024	Olfactory_R	0	0	0	0	0	1294	0	0	0	130	0	0	0	0	0	1202	0	0	0	0	7716	0	0	0	0	1870	266	2278	128	2068	3524	3260	0	0	0	0	0	0	0	0	0	342	0	0	0	0	0	0	0	0	0	0	0	0	0	0	0	0	0	0	0	0	0	0	0	0	0	0	0	0	8128	9026	5840	3256	370	314	0	0	0	0	0	0	0	0	0	0	0	0	0	0	0	0	0	0	0	0	0	0	0	0	0	0	0	0	0	0	0	0	0	0	0	0	0	0	0	0	
359240	Frontal_Sup_Medial_L	0	0	42840	9882	5944	1606	16230	800	744	104	504	348	2526	1094	3528	1294	0	0	7406	3322	0	0	0	18784	2140	2164	300	292	4824	638	19674	12642	3568	10608	0	0	0	0	0	0	0	0	0	0	0	0	0	0	0	0	0	0	0	0	0	0	0	0	0	0	0	0	0	0	0	0	0	0	0	0	1664	198	3752	94	0	0	0	0	0	0	0	0	106	0	0	0	0	0	0	0	0	0	0	0	0	0	0	0	0	0	0	0	0	0	0	0	0	0	0	0	0	0	0	0	0	0	
466952	Frontal_Sup_Medial_R	0	0	6522	45634	176	7006	742	4714	0	700	286	2606	456	7212	388	4904	0	0	4116	18342	0	0	18784	0	212	10410	0	878	912	4966	7694	38846	606	36574	0	0	0	0	0	0	0	0	0	0	0	0	0	0	0	0	0	0	0	0	0	0	0	0	0	0	0	0	0	0	0	0	0	0	0	0	1680	4156	232	3722	0	0	0	0	0	0	0	0	0	0	0	0	0	0	0	0	0	0	0	0	0	0	0	0	0	0	0	0	0	0	0	0	0	0	0	0	0	0	0	0	0	0	
37508	Frontal_Med_Orb_L	0	0	682	0	2384	106	0	0	456	0	0	0	0	0	108	0	0	0	94	0	832	0	2140	212	0	404	2372	160	134	0	5012	216	0	0	0	0	0	0	0	0	0	0	0	0	0	0	0	0	0	0	0	0	0	0	0	0	0	0	0	0	0	0	0	0	0	0	0	0	0	0	2084	0	1358	0	0	0	0	0	0	0	0	0	0	0	0	0	0	0	0	0	0	0	0	0	0	0	0	0	0	0	0	0	0	0	0	0	0	0	0	0	0	0	0	0	0	0	
149720	Frontal_Med_Orb_R	0	0	812	5482	0	9918	0	408	0	1244	0	332	0	888	0	472	0	0	234	2430	0	1870	2164	10410	404	0	0	5928	0	1038	3404	11572	0	1492	0	0	0	0	0	0	0	0	0	0	0	0	0	0	0	0	0	0	0	0	0	0	0	0	0	0	0	0	0	0	0	0	0	0	0	0	462	8180	0	5716	0	0	0	0	0	0	0	0	0	0	0	0	0	0	0	0	0	0	0	0	0	0	0	0	0	0	0	0	0	0	0	0	0	0	0	0	0	0	0	0	0	0	
52940	Rectus_L	0	0	130	0	6112	0	0	0	4186	0	0	0	0	0	3108	0	0	0	0	0	1300	266	300	0	2372	0	0	0	1148	0	1724	128	0	0	0	0	0	0	0	0	0	0	0	0	0	0	0	0	0	0	0	0	0	0	0	0	0	0	0	0	0	0	0	0	0	0	0	0	0	0	2800	242	2390	126	0	0	0	0	0	0	0	0	138	0	0	0	0	0	0	0	0	0	0	0	0	0	0	0	0	0	0	0	0	0	0	0	0	0	0	0	0	0	0	0	0	0	
59720	Rectus_R	0	0	0	256	0	6978	0	0	0	1296	0	0	0	158	0	1656	0	0	0	322	94	2278	292	878	160	5928	0	0	0	1364	592	2482	0	302	0	0	0	0	0	0	0	0	0	0	0	0	0	0	0	0	0	0	0	0	0	0	0	0	0	0	0	0	0	0	0	0	0	0	0	0	112	2314	0	2398	0	0	0	0	0	0	0	0	0	0	0	0	0	0	0	0	0	0	0	0	0	0	0	0	0	0	0	0	0	0	0	0	0	0	0	0	0	0	0	0	0	0	
730712	Insula_L	16784	0	50714	1834	12900	0	31456	258	6174	0	26658	424	18362	276	17164	182	21226	0	23008	3166	3354	128	4824	912	134	0	1148	0	0	258	5208	984	628	1912	850	392	24594	190	1410	0	3010	0	442	0	0	0	0	0	598	0	2440	0	334	0	1280	0	7684	0	0	0	1526	0	2186	0	700	0	510	0	268	0	5288	260	19844	112	162	0	7032	0	14408	0	7088	0	7826	0	2890	0	0	0	1956	0	0	0	0	0	0	0	0	0	0	0	0	0	0	0	0	0	0	0	0	0	0	0	0	0	0	0	
372180	Insula_R	0	1056	1650	16392	160	2598	192	3668	102	404	120	13596	0	13594	0	8494	0	10580	644	9644	122	2068	638	4966	0	1038	0	1364	258	0	446	6628	0	3138	222	418	622	10550	0	1430	0	386	0	134	0	0	0	120	0	124	0	116	0	290	0	4346	0	3600	0	0	0	192	0	396	0	0	0	356	0	0	4348	6068	552	27808	0	0	554	1718	0	2520	0	7294	0	3340	0	1668	0	132	0	2544	0	0	0	0	0	0	0	0	0	682	0	0	0	0	0	0	0	0	0	0	0	0	0	0	0	0	
317572	Cingulum_Ant_L	228	0	20366	5378	2970	1856	5010	412	428	0	2490	394	1250	430	958	128	614	0	9836	2914	3566	3524	19674	7694	5012	3404	1724	592	5208	446	0	17464	7000	5846	0	0	0	0	0	0	0	0	0	0	0	0	0	0	0	0	0	0	0	0	0	0	0	0	0	0	0	0	0	0	0	0	0	0	0	0	9756	3908	6202	1502	0	0	0	0	0	0	178	0	424	0	0	0	0	0	0	0	0	0	0	0	0	0	0	0	0	0	0	0	0	0	0	0	0	0	0	0	0	0	0	0	0	0	
532612	Cingulum_Ant_R	0	0	8706	37196	280	6152	574	3982	0	430	420	2798	252	6462	206	1590	94	0	6090	19828	1722	3260	12642	38846	216	11572	128	2482	984	6628	17464	0	1324	37578	0	0	0	198	0	0	0	0	0	0	0	0	0	0	0	0	0	0	0	0	0	0	0	0	0	0	0	0	0	0	0	0	0	104	0	0	5090	21724	1034	7786	0	0	0	464	0	0	0	0	0	0	0	0	0	0	0	0	0	0	0	0	0	0	0	0	0	0	0	0	0	0	0	0	0	0	0	0	0	0	0	0	0	0	
142900	Cingulum_Mid_L	2068	0	6256	1556	0	0	688	0	0	0	0	0	244	0	246	0	0	0	11182	6122	0	0	3568	606	0	0	0	0	628	0	7000	1324	0	9806	2652	806	0	0	0	0	0	0	174	0	258	158	0	0	1000	152	1618	0	0	0	0	0	152	0	980	166	0	0	0	0	0	0	5310	1278	3960	524	334	0	250	0	0	0	0	260	0	0	0	0	0	0	124	0	0	0	0	0	0	0	0	0	0	0	0	0	0	0	0	0	0	0	0	0	0	0	0	0	0	0	0	0	0	0	
758308	Cingulum_Mid_R	314	954	18562	46598	0	1444	986	3332	0	230	308	5036	406	4242	310	2238	0	1172	24360	73286	0	0	10608	36574	0	1492	0	302	1912	3138	5846	37578	9806	0	838	9722	786	374	0	0	0	0	0	5456	0	3710	0	1906	128	4328	0	1622	0	536	0	366	0	3874	0	1212	0	0	0	254	0	0	1496	20160	786	11168	5806	5698	710	2112	118	0	0	3282	0	0	0	670	0	160	0	370	0	0	0	472	0	0	0	0	0	0	0	0	0	0	0	0	0	0	0	0	0	0	0	0	0	0	0	0	0	0	
146124	Cingulum_Post_L	5220	516	2052	574	0	0	564	0	0	0	122	0	0	0	0	0	392	0	1424	338	0	0	0	0	0	0	0	0	850	222	0	0	2652	838	0	11282	7164	4800	2564	380	0	0	3742	0	338	392	758	214	1088	0	2422	0	98	0	0	100	882	0	588	0	796	0	368	0	450	0	9362	3238	1668	0	0	0	138	0	0	0	508	1878	238	0	0	0	0	0	1138	0	0	0	704	0	0	0	0	0	0	0	0	0	0	0	0	0	0	0	0	0	0	0	0	0	0	0	0	0	0	0	
154932	Cingulum_Post_R	184	612	1000	3362	0	0	174	0	0	0	0	0	0	0	0	0	0	0	370	7846	0	0	0	0	0	0	0	0	392	418	0	0	806	9722	11282	0	5436	6852	1062	404	0	0	0	942	0	796	0	1136	0	1030	0	462	0	156	0	408	202	1212	0	0	0	0	0	0	0	0	2136	10740	158	3520	0	106	142	0	0	0	494	2054	102	126	0	0	0	0	0	214	0	0	0	370	0	0	0	0	0	0	0	0	0	0	0	0	0	0	0	0	0	0	0	0	1038	0	0	0	0	0	
351860	Hippocampus_L	5346	100	21694	760	0	0	10338	0	0	0	1694	0	226	0	0	0	3294	0	2926	1952	0	0	0	0	0	0	0	0	24594	622	0	0	0	786	7164	5436	0	4584	11196	436	4314	0	1936	0	0	0	1740	258	120	0	1100	0	952	0	9646	122	1864	0	116	0	1092	0	304	0	664	0	2686	566	0	0	516	0	6204	128	1020	0	9652	1944	6272	262	3942	0	836	0	5382	0	134	0	8916	0	0	0	0	0	0	0	0	0	94	0	0	0	0	0	0	0	0	0	0	0	0	0	0	0	0	0	
264544	Hippocampus_R	180	3078	726	4462	0	0	176	2080	0	0	0	496	0	92	0	246	0	1424	150	1782	0	0	0	0	0	0	0	0	190	10550	0	198	0	374	4800	6852	4584	0	914	16564	0	7732	0	274	0	0	114	2298	0	0	0	0	0	0	0	22676	110	950	0	0	0	0	0	172	0	0	468	3124	0	0	0	208	98	12790	0	128	1108	6520	0	588	0	1238	0	1894	0	1222	0	1136	0	3876	0	0	0	0	0	0	0	822	0	2236	0	0	0	0	0	0	0	0	0	0	572	0	0	0	0	0	
85336	ParaHippocampal_L	94	0	1110	0	0	0	418	0	0	0	140	0	0	0	112	0	0	0	288	0	234	0	0	0	0	0	0	0	1410	0	0	0	0	0	2564	1062	11196	914	0	0	930	0	1974	0	120	0	2908	0	0	0	1104	0	1062	0	4966	0	0	0	0	0	0	0	0	0	0	0	2282	0	0	0	0	0	1782	0	0	0	346	292	122	0	426	0	484	0	888	0	154	0	2714	0	114	0	0	0	0	0	242	0	216	0	0	0	0	0	0	0	0	0	0	0	0	0	0	0	0	0	
126796	ParaHippocampal_R	0	118	0	536	0	0	0	0	0	0	0	0	0	0	0	0	0	0	0	302	0	0	0	0	0	0	0	0	0	1430	0	0	0	0	380	404	436	16564	0	0	0	5972	0	636	0	0	0	3622	0	0	0	0	0	124	0	16270	0	100	0	0	0	0	0	0	0	0	0	1550	0	0	0	0	0	4768	0	0	0	2204	0	0	0	224	0	2332	0	0	0	1378	0	1136	0	262	0	0	0	0	0	1382	0	1170	0	0	0	0	0	0	0	0	0	0	98	0	0	0	0	0	
32472	Amygdala_L	0	0	494	0	234	0	0	0	224	0	0	0	0	0	520	0	0	0	290	0	846	0	0	0	0	0	0	0	3010	0	0	0	0	0	0	0	4314	0	930	0	0	0	0	0	0	0	0	0	0	0	0	0	0	0	1894	0	0	0	0	0	0	0	0	0	0	0	0	0	0	0	0	0	818	0	0	0	248	0	0	0	120	0	1822	0	128	0	0	0	344	0	0	0	0	0	0	0	0	0	0	0	0	0	0	0	0	0	0	0	0	0	0	0	0	0	0	0	
55516	Amygdala_R	0	0	0	284	0	0	0	0	0	0	0	0	0	0	0	278	0	0	0	248	0	342	0	0	0	0	0	0	0	386	0	0	0	0	0	0	0	7732	0	5972	0	0	0	0	0	0	0	0	0	0	0	0	0	0	0	5444	0	0	0	0	0	0	0	0	0	0	0	0	0	0	0	130	0	1870	0	0	0	320	0	0	0	0	0	2978	0	0	0	1216	0	558	0	0	0	0	0	0	0	0	0	0	0	0	0	0	0	0	0	0	0	0	0	0	0	0	0	0	
218200	Calcarine_L	486	0	0	0	0	0	0	0	0	0	0	0	0	0	0	0	250	0	0	0	0	0	0	0	0	0	0	0	442	0	0	0	174	0	3742	0	1936	0	1974	0	0	0	0	7082	8534	4516	11724	1646	7196	3080	27400	818	3444	0	2206	92	164	0	0	0	100	0	0	0	262	0	14018	564	414	0	0	0	0	0	0	0	0	0	442	0	300	0	0	0	4524	0	0	0	1226	0	0	0	0	0	0	0	0	0	238	0	0	0	0	0	0	0	0	0	0	0	0	106	0	0	0	0	
327708	Calcarine_R	136	1924	620	448	0	0	0	0	0	0	0	0	0	0	0	0	0	0	1618	6490	0	0	0	0	0	0	0	0	0	134	0	0	0	5456	0	942	0	274	0	636	0	0	7082	0	2112	22710	1430	22058	0	19550	0	12526	0	7608	0	10156	0	5842	0	226	0	0	0	0	0	162	410	23190	0	3222	124	386	0	0	0	0	0	408	0	216	0	0	0	0	0	260	0	0	0	1266	0	114	0	0	0	0	120	96	944	870	0	0	0	0	0	0	0	0	0	0	458	1432	198	0	0	0	
128308	Cuneus_L	452	0	0	0	0	0	0	0	0	0	0	0	0	0	0	0	0	0	268	0	0	0	0	0	0	0	0	0	0	0	0	0	258	0	338	0	0	0	120	0	0	0	8534	2112	0	4164	668	464	18132	1318	11256	0	1036	0	784	0	548	0	1528	184	330	0	0	0	270	0	7546	1696	1250	0	0	0	0	0	0	0	0	0	0	0	0	0	0	0	616	0	0	0	0	0	0	0	0	0	0	0	0	0	150	0	0	0	0	0	0	0	0	0	0	0	0	132	0	0	0	0	
250328	Cuneus_R	0	1076	0	0	0	0	0	0	0	0	0	0	0	0	0	0	0	0	0	2924	0	0	0	0	0	0	0	0	0	0	0	0	158	3710	392	796	0	0	0	0	0	0	4516	22710	4164	0	558	8252	288	29886	156	9238	0	3012	0	2440	0	3280	0	1408	0	0	0	0	0	586	1796	18976	0	2974	0	0	0	0	0	0	0	0	0	0	0	0	0	0	0	0	0	0	0	0	0	0	0	0	0	0	0	0	720	206	0	0	0	0	0	0	0	0	0	0	0	850	92	0	0	0	
214592	Lingual_L	0	0	174	0	0	0	0	0	0	0	0	0	0	0	0	0	0	0	0	0	0	0	0	0	0	0	0	0	0	0	0	0	0	0	758	0	1740	114	2908	0	0	0	11724	1430	668	558	0	2714	1950	504	14680	122	5200	314	10986	1058	0	0	0	0	0	0	0	0	0	0	4978	278	0	0	0	0	120	0	0	0	0	0	0	0	0	0	0	0	1304	0	0	0	558	0	5334	2138	322	610	128	98	6640	524	10446	3916	0	0	0	0	0	224	0	152	0	154	3610	5640	2052	104	244	120	
269680	Lingual_R	0	124	326	302	0	0	0	0	0	0	0	0	0	0	0	0	0	0	770	2000	0	0	0	0	0	0	0	0	0	120	0	0	0	1906	214	1136	258	2298	0	3622	0	0	1646	22058	464	8252	2714	0	0	11740	0	8074	356	4320	506	17532	0	948	0	0	0	0	0	0	0	0	114	11312	0	410	98	164	0	0	0	0	0	982	0	0	0	0	0	0	0	0	0	0	0	1598	1128	2748	160	170	0	0	816	2526	3824	6034	0	0	0	0	0	0	0	0	0	102	3334	5828	1806	0	0	0	
139588	Occipital_Sup_L	1680	0	220	0	0	0	0	0	0	0	276	0	0	0	0	0	282	0	854	278	0	0	0	0	0	0	0	0	598	0	0	0	1000	128	1088	0	120	0	0	0	0	0	7196	0	18132	288	1950	0	0	0	19586	0	332	0	118	0	372	0	3060	220	598	0	96	0	388	0	7602	1040	908	0	0	0	0	0	0	0	0	0	0	0	106	0	0	0	1046	0	0	0	232	0	0	0	0	0	0	0	0	0	0	0	0	0	0	0	0	0	0	0	0	0	0	0	0	0	0	0	
306392	Occipital_Sup_R	0	1394	0	160	0	0	0	0	0	0	0	0	0	0	0	0	0	306	0	3506	0	0	0	0	0	0	0	0	0	124	0	0	152	4328	0	1030	0	0	0	0	0	0	3080	19550	1318	29886	504	11740	0	0	0	25598	0	3234	0	4202	0	4512	0	2720	0	1062	0	938	0	4112	580	19046	0	5240	0	0	0	0	0	0	0	176	0	0	0	202	0	0	0	1440	0	0	0	830	0	0	0	0	0	0	0	0	770	312	0	0	0	0	0	0	0	0	0	0	0	1004	140	0	0	0	
421736	Occipital_Mid_L	6682	0	248	0	0	0	366	0	0	0	636	0	162	0	0	0	1502	0	950	396	0	0	0	0	0	0	0	0	2440	0	0	0	1618	0	2422	0	1100	0	1104	0	0	0	27400	0	11256	156	14680	0	19586	0	0	0	18598	0	8108	0	4298	0	5392	0	11690	0	228	0	20512	0	11384	136	3832	0	0	0	0	0	0	0	0	0	1392	0	1334	0	0	0	22888	0	0	0	5924	0	348	128	0	0	0	0	292	0	1102	150	0	0	0	0	0	0	0	0	0	0	94	170	164	0	0	0	
214756	Occipital_Mid_R	0	696	0	0	0	0	0	0	0	0	0	0	0	0	0	0	0	386	0	1208	0	0	0	0	0	0	0	0	0	116	0	0	0	1622	0	462	0	0	0	0	0	0	818	12526	0	9238	122	8074	0	25598	0	0	0	4776	0	4748	0	2854	0	498	0	3032	0	1378	0	13056	0	6862	0	586	0	0	0	0	0	0	0	128	0	0	0	190	0	0	0	6060	0	0	0	2094	0	0	0	0	0	0	0	0	0	130	0	0	0	0	0	0	0	0	0	0	0	120	0	0	0	0	
130652	Occipital_Inf_L	816	0	0	0	0	0	98	0	0	0	0	0	0	0	0	0	204	0	0	0	0	0	0	0	0	0	0	0	334	0	0	0	0	0	98	0	952	0	1062	0	0	0	3444	0	1036	0	5200	356	332	0	18598	0	0	94	11186	140	378	0	0	0	128	0	0	0	288	0	1084	0	424	0	0	0	0	0	0	0	0	0	982	0	662	0	0	0	5720	0	0	0	5446	0	1138	296	0	0	0	0	488	0	2376	498	0	0	0	0	0	0	0	0	0	0	150	660	658	0	0	0	
95028	Occipital_Inf_R	0	386	0	0	0	0	0	0	0	0	0	0	0	0	0	0	0	0	0	602	0	0	0	0	0	0	0	0	0	290	0	0	0	536	0	156	0	0	0	124	0	0	0	7608	0	3012	314	4320	0	3234	0	4776	94	0	0	8692	0	1050	0	0	0	112	0	104	0	0	0	3662	0	544	0	0	0	0	0	0	0	0	0	150	0	288	0	0	0	1512	0	0	0	3720	190	0	0	0	0	0	0	122	364	618	0	0	0	0	0	0	0	0	0	0	194	508	232	0	0	0	
325732	Fusiform_L	266	0	152	0	0	0	0	0	0	0	188	0	0	0	0	0	426	0	0	0	0	0	0	0	0	0	0	0	1280	0	0	0	0	0	0	0	9646	0	4966	0	1894	0	2206	0	784	0	10986	506	118	0	8108	0	11186	0	0	320	272	0	0	0	0	0	0	0	194	0	974	0	216	0	0	0	318	0	0	0	0	0	892	0	3054	0	2544	0	5216	0	2192	0	17870	0	17046	2046	1640	602	248	0	12396	656	24658	2616	1360	0	1292	116	190	636	0	252	0	308	3444	3910	1404	382	600	290	
391264	Fusiform_R	0	716	0	260	0	0	0	0	0	0	0	0	0	0	0	602	0	0	0	450	0	0	0	0	0	0	0	0	0	4346	0	0	0	366	100	408	122	22676	0	16270	0	5444	92	10156	0	2440	1058	17532	0	4202	0	4748	140	8692	320	0	0	2134	0	0	0	0	0	0	0	0	0	5174	0	240	0	0	0	6300	0	0	0	1338	0	382	0	992	0	6534	0	4366	0	5164	0	18738	668	8614	336	892	0	206	748	6848	1592	15340	0	96	0	166	0	0	0	0	0	182	3454	2798	1190	0	0	0	
214612	Postcentral_L	24368	0	698	0	0	0	4020	0	0	0	4364	0	120	0	0	0	6624	0	150	114	0	0	0	0	0	0	0	0	7684	0	0	0	152	0	882	202	1864	110	0	0	0	0	164	0	548	0	0	0	372	0	4298	0	378	0	272	0	0	0	4668	0	22166	0	7446	0	3084	0	1458	0	3796	0	248	0	306	0	0	0	1454	0	2964	0	1662	0	0	0	670	0	0	0	0	0	0	0	0	0	0	0	0	0	0	0	0	0	0	0	0	0	0	0	0	0	0	0	0	0	0	0	
222316	Postcentral_R	0	11690	0	374	0	0	0	946	0	0	0	1362	0	0	0	0	0	5914	0	4604	0	0	0	0	0	0	0	0	0	3600	0	0	0	3874	0	1212	0	950	0	100	0	0	0	5842	0	3280	0	948	0	4512	0	2854	0	1050	0	2134	0	0	0	6582	0	3948	0	14492	0	864	180	12954	0	7010	0	206	0	620	0	0	0	866	0	1980	0	2146	0	0	0	2136	0	0	0	1714	0	0	0	0	0	0	0	0	0	112	0	0	0	0	0	0	0	0	0	0	102	0	0	0	0	0	
86960	Parietal_Sup_L	972	0	0	0	0	0	0	0	0	0	0	0	0	0	0	0	0	0	184	0	0	0	0	0	0	0	0	0	0	0	0	0	980	0	588	0	116	0	0	0	0	0	0	0	1528	0	0	0	3060	0	5392	0	0	0	0	0	4668	0	0	326	8376	0	0	0	2476	0	9880	2470	1932	0	0	0	0	0	0	0	0	0	0	0	0	0	0	0	532	0	0	0	0	0	0	0	0	0	0	0	0	0	0	0	0	0	0	0	0	0	0	0	0	0	0	0	0	0	0	0	
70428	Parietal_Sup_R	0	798	0	0	0	0	0	0	0	0	0	0	0	0	0	0	0	0	0	522	0	0	0	0	0	0	0	0	0	0	0	0	166	1212	0	0	0	0	0	0	0	0	0	226	184	1408	0	0	220	2720	0	498	0	0	0	0	0	6582	326	0	0	4188	0	130	0	3312	2022	9486	0	1214	0	0	0	0	0	0	0	0	0	0	0	0	0	0	0	0	0	0	0	0	0	0	0	0	0	0	0	0	0	0	0	0	0	0	0	0	0	0	0	0	0	0	0	0	0	0	
220564	Parietal_Inf_L	13254	0	422	0	0	0	3262	0	0	0	1964	0	0	0	0	0	3788	0	140	160	0	0	0	0	0	0	0	0	1526	0	0	0	0	0	796	0	1092	0	0	0	0	0	100	0	330	0	0	0	598	0	11690	0	128	0	0	0	22166	0	8376	0	0	0	10430	0	20638	0	866	0	2072	0	0	0	0	0	0	0	0	0	986	0	1406	0	0	0	3950	0	0	0	142	0	0	0	0	0	0	0	0	0	0	0	0	0	0	0	0	0	0	0	0	0	0	0	0	0	0	0	
59908	Parietal_Inf_R	0	306	0	0	0	0	0	0	0	0	0	0	0	0	0	0	0	402	0	202	0	0	0	0	0	0	0	0	0	192	0	0	0	0	0	0	0	0	0	0	0	0	0	0	0	0	0	0	0	1062	0	3032	0	112	0	0	0	3948	0	4188	0	0	0	4742	0	9686	0	774	0	348	0	0	0	0	0	0	0	0	0	0	0	554	0	0	0	176	0	0	0	230	0	0	0	0	0	0	0	0	0	0	0	0	0	0	0	0	0	0	0	0	0	0	0	0	0	0	
97012	SupraMarginal_L	3600	0	144	0	0	0	320	0	0	0	1022	0	172	0	0	0	5804	0	0	0	0	0	0	0	0	0	0	0	2186	0	0	0	0	0	368	0	304	0	0	0	0	0	0	0	0	0	0	0	96	0	228	0	0	0	0	0	7446	0	0	0	10430	0	0	0	3510	0	0	0	140	0	0	0	0	0	0	0	0	0	288	0	6390	0	0	0	5392	0	0	0	666	0	0	0	0	0	0	0	0	0	0	0	0	0	0	0	0	0	0	0	0	0	0	0	0	0	0	0	
88148	SupraMarginal_R	0	1630	0	132	0	0	0	96	0	0	0	0	0	0	0	0	0	5970	0	278	0	0	0	0	0	0	0	0	0	396	0	0	0	254	0	0	0	172	0	0	0	0	0	0	0	0	0	0	0	938	0	1378	0	104	0	0	0	14492	0	130	0	4742	0	0	0	4886	0	764	0	510	0	146	0	0	0	0	0	0	0	0	0	3936	0	0	0	2514	0	0	0	606	0	0	0	0	0	0	0	0	0	0	0	0	0	0	0	0	0	0	0	0	0	0	0	0	0	0	
151816	Angular_L	3000	0	0	0	0	0	122	0	0	0	320	0	0	0	0	0	716	0	148	160	0	0	0	0	0	0	0	0	700	0	0	0	0	0	450	0	664	0	0	0	0	0	262	0	270	0	0	0	388	0	20512	0	288	0	194	0	3084	0	2476	0	20638	0	3510	0	0	0	546	0	1604	0	0	0	0	0	0	0	0	0	370	0	2774	0	0	0	12222	0	0	0	490	0	0	0	0	0	0	0	0	0	0	0	0	0	0	0	0	0	0	0	0	0	0	0	0	0	0	0	
86720	Angular_R	0	0	0	0	0	0	0	0	0	0	0	0	0	0	0	0	0	210	0	0	0	0	0	0	0	0	0	0	0	0	0	0	0	0	0	0	0	0	0	0	0	0	0	162	0	586	0	0	0	4112	0	13056	0	0	0	0	0	864	0	3312	0	9686	0	4886	0	0	0	394	0	0	0	0	0	0	0	0	0	0	0	0	0	2588	0	0	0	3384	0	0	0	120	0	0	0	0	0	0	0	0	0	0	0	0	0	0	0	0	0	0	0	0	0	0	0	0	0	0	
235320	Precuneus_L	1548	0	518	0	0	0	100	0	0	0	0	0	0	0	0	0	322	0	1074	594	0	0	0	0	0	0	0	0	510	0	0	0	5310	1496	9362	2136	2686	468	2282	0	0	0	14018	410	7546	1796	4978	114	7602	580	11384	0	1084	0	974	0	1458	180	9880	2022	866	0	0	0	546	0	0	12730	3990	414	0	0	0	0	0	0	0	0	480	0	304	0	0	0	4574	0	0	0	1324	0	0	0	0	0	0	0	0	0	0	0	0	0	0	0	0	0	0	0	0	0	0	0	0	0	0	0	
439372	Precuneus_R	228	3774	1022	938	0	0	0	96	0	0	0	0	0	0	0	0	0	132	2668	16364	0	0	0	0	0	0	0	0	0	356	0	104	1278	20160	3238	10740	566	3124	0	1550	0	0	564	23190	1696	18976	278	11312	1040	19046	136	6862	0	3662	0	5174	0	12954	2470	9486	0	774	0	764	0	394	12730	0	386	13438	218	598	0	0	0	0	0	872	0	162	0	250	0	0	0	880	0	0	0	2438	0	0	0	0	0	0	100	0	198	388	0	0	0	0	0	0	0	0	0	0	1560	352	0	0	0	0	
91876	Paracentral_Lobule_L	6688	0	2326	126	0	0	0	0	0	0	0	0	0	0	0	0	196	0	4634	1274	0	0	0	0	0	0	0	0	268	0	0	0	3960	786	1668	158	0	0	0	0	0	0	414	0	1250	0	0	0	908	0	3832	0	424	0	216	0	3796	0	1932	0	2072	0	140	0	1604	0	3990	386	0	738	0	0	0	0	0	0	0	740	116	0	272	0	0	0	878	0	0	0	146	0	0	0	0	0	0	0	0	0	0	0	0	0	0	0	0	0	0	0	0	0	0	0	0	0	0	0	
134524	Paracentral_Lobule_R	0	1206	0	456	0	0	0	0	0	0	0	0	0	0	0	0	0	0	0	13094	0	0	0	0	0	0	0	0	0	0	0	0	524	11168	0	3520	0	0	0	0	0	0	0	3222	0	2974	0	410	0	5240	0	586	0	544	0	240	0	7010	0	1214	0	348	0	510	0	0	414	13438	738	0	0	0	0	0	0	0	0	0	0	0	0	96	0	0	0	118	0	0	0	192	0	0	0	0	0	0	0	0	0	0	0	0	0	0	0	0	0	0	0	0	0	0	0	0	0	0	
370724	Caudate_L	538	208	25018	9866	2156	180	5396	2042	1446	0	2288	6500	718	1812	1550	338	672	634	14996	12738	10392	8128	1664	1680	2084	462	2800	112	5288	4348	9756	5090	334	5806	0	0	516	0	0	0	0	0	0	124	0	0	0	98	0	0	0	0	0	0	0	0	248	0	0	0	0	0	0	0	0	0	0	218	0	0	0	11966	15808	4180	1546	364	2274	0	0	0	160	170	650	0	0	0	0	0	0	0	0	0	0	0	0	0	0	0	0	0	0	0	0	0	0	0	0	0	0	0	0	0	0	0	0	0	
369412	Caudate_R	0	1256	2928	25968	144	3388	412	948	0	586	0	3306	0	3406	0	844	0	284	1718	23712	6648	9026	198	4156	0	8180	242	2314	260	6068	3908	21724	0	5698	0	106	0	208	0	0	0	130	0	386	0	0	0	164	0	0	0	0	0	0	0	0	0	206	0	0	0	0	0	146	0	0	0	598	0	0	11966	0	5592	15588	488	1478	0	10328	0	0	0	0	0	0	0	0	0	0	0	0	0	0	0	0	0	0	0	0	0	0	0	0	0	0	0	0	0	0	0	0	0	0	0	0	0	0	
386368	Putamen_L	586	0	33398	1070	15084	102	8962	0	7234	0	2354	624	1152	0	9046	0	392	0	17674	1466	6344	5840	3752	232	1358	0	2390	0	19844	552	6202	1034	250	710	138	142	6204	98	1782	0	818	0	0	0	0	0	120	0	0	0	0	0	0	0	318	0	306	0	0	0	0	0	0	0	0	0	0	0	0	0	15808	5592	0	2412	7442	280	2710	0	0	0	182	0	960	0	0	0	0	0	220	0	0	0	0	0	0	0	0	0	0	0	0	0	0	0	0	0	0	0	0	0	0	0	0	0	0	0	
353820	Putamen_R	0	1364	1106	21528	0	6798	0	3292	0	912	0	3576	0	2268	0	1328	0	2658	440	12944	2830	3256	94	3722	0	5716	126	2398	112	27808	1502	7786	0	2112	0	0	128	12790	0	4768	0	1870	0	0	0	0	0	0	0	0	0	0	0	0	0	6300	0	620	0	0	0	0	0	0	0	0	0	0	0	0	4180	15588	2412	0	0	2184	0	4964	0	158	0	698	0	1418	0	462	0	294	0	492	0	0	0	0	0	0	0	458	0	1450	0	0	0	0	0	0	0	0	0	0	0	0	0	0	0	0	
51660	Pallidum_L	0	0	8356	574	0	0	2706	0	0	0	0	0	0	0	0	0	0	0	608	454	288	370	0	0	0	0	0	0	162	0	0	0	0	118	0	0	1020	0	0	0	0	0	0	0	0	0	0	0	0	0	0	0	0	0	0	0	0	0	0	0	0	0	0	0	0	0	0	0	0	0	1546	488	7442	0	0	0	1698	0	0	0	0	0	0	0	0	0	0	0	0	0	0	0	0	0	0	0	0	0	0	0	0	0	0	0	0	0	0	0	0	0	0	0	0	0	0	0	
15332	Pallidum_R	0	0	0	2290	0	0	0	140	0	0	0	0	0	0	0	0	0	0	0	192	296	314	0	0	0	0	0	0	0	0	0	0	0	0	0	0	0	128	0	0	0	0	0	0	0	0	0	0	0	0	0	0	0	0	0	0	0	0	0	0	0	0	0	0	0	0	0	0	0	0	364	1478	280	2184	0	0	0	0	0	0	0	0	0	0	0	0	0	0	0	0	0	0	0	0	0	0	0	0	0	0	0	0	0	0	0	0	0	0	0	0	0	0	0	0	0	0	
129644	Thalamus_L	1898	312	18268	296	0	0	1998	248	0	0	132	0	0	0	0	0	0	0	8728	148	0	0	0	0	0	0	0	0	7032	554	0	0	0	0	508	494	9652	1108	346	0	248	0	0	0	0	0	0	0	0	0	0	0	0	0	0	0	1454	0	0	0	0	0	0	0	0	0	0	0	0	0	2274	0	2710	0	1698	0	0	4400	0	206	0	0	0	0	110	0	0	0	0	0	0	0	0	0	0	0	0	0	0	0	0	0	0	0	0	0	0	0	0	0	0	0	0	0	0	0	
204176	Thalamus_R	1690	4234	2136	24320	0	0	796	2082	0	0	0	982	0	0	0	0	0	252	1450	16080	0	0	0	0	0	0	0	0	0	1718	0	464	260	3282	1878	2054	1944	6520	292	2204	0	320	0	408	0	0	0	982	0	176	0	128	0	0	0	1338	0	866	0	0	0	0	0	0	0	0	0	872	740	0	0	10328	0	4964	0	0	4400	0	0	148	0	662	0	0	0	250	0	0	0	454	0	0	0	0	0	0	0	168	0	246	0	0	0	0	0	0	0	0	0	0	0	0	0	0	0	0	
124216	Heschl_L	6296	0	1602	0	0	0	5746	0	0	0	1704	0	466	0	0	0	7006	0	180	0	0	0	0	0	0	0	0	0	14408	0	0	0	0	0	238	102	6272	0	122	0	0	0	442	0	0	0	0	0	0	0	1392	0	982	0	892	0	2964	0	0	0	986	0	288	0	370	0	480	0	116	0	0	0	0	0	0	0	0	0	0	0	3880	0	0	0	3594	0	0	0	1580	0	0	0	0	0	0	0	0	0	0	0	0	0	0	0	0	0	0	0	0	0	0	0	0	0	0	0	
31744	Heschl_R	0	882	136	0	0	0	0	0	0	0	0	0	0	0	0	0	0	1422	0	94	0	0	0	0	0	0	0	0	0	2520	0	0	0	0	0	126	262	588	0	0	0	0	0	216	0	0	0	0	0	0	0	0	0	150	0	382	0	1980	0	0	0	0	0	0	0	0	0	162	0	0	0	0	0	158	0	0	206	148	0	0	0	5348	0	0	0	562	0	0	0	530	0	0	0	0	0	0	0	0	0	0	0	0	0	0	0	0	0	0	0	0	0	0	0	0	0	0	
164752	Temporal_Sup_L	1448	0	1438	0	0	0	0	0	0	0	1928	0	184	0	0	0	7894	0	1018	0	0	0	0	0	0	0	0	0	7088	0	178	0	0	0	0	0	3942	0	426	0	120	0	300	0	0	0	0	0	106	0	1334	0	662	0	3054	0	1662	0	0	0	1406	0	6390	0	2774	0	304	0	272	0	160	0	182	0	0	0	0	0	3880	0	0	0	4600	0	20834	0	516	0	8276	0	0	0	0	0	0	0	0	0	0	0	0	0	0	0	0	0	0	0	0	0	0	0	0	0	0	0	
122656	Temporal_Sup_R	0	1538	154	1238	0	0	0	176	0	0	0	1082	0	0	0	0	0	3630	0	1144	0	0	0	0	0	0	0	0	0	7294	0	0	0	670	0	0	0	1238	0	224	0	0	0	0	0	0	0	0	0	202	0	190	0	288	0	992	0	2146	0	0	0	554	0	3936	0	2588	0	250	0	96	170	0	0	698	0	0	0	662	0	5348	0	0	0	3604	0	14998	0	2222	0	3820	0	0	0	0	0	0	0	0	0	176	0	0	0	0	0	0	0	0	0	0	0	0	0	0	0	0	
94708	Temporal_Pole_Sup_L	0	0	942	0	658	0	188	0	500	0	4104	0	2320	0	2692	0	2714	0	568	0	1130	0	106	0	0	0	138	0	7826	0	424	0	0	0	0	0	836	0	484	0	1822	0	0	0	0	0	0	0	0	0	0	0	0	0	2544	0	0	0	0	0	0	0	0	0	0	0	0	0	0	0	650	0	960	0	0	0	0	0	0	0	4600	0	0	0	4274	0	3326	0	3548	0	0	0	0	0	0	0	0	0	0	0	0	0	0	0	0	0	0	0	0	0	0	0	0	0	0	0	
74484	Temporal_Pole_Sup_R	0	0	0	722	0	0	0	94	0	0	0	1060	0	0	0	970	0	1396	0	684	0	0	0	0	0	0	0	0	0	3340	0	0	0	160	0	0	0	1894	0	2332	0	2978	0	0	0	0	0	0	0	0	0	0	0	0	0	6534	0	0	0	0	0	0	0	0	0	0	0	0	0	0	0	0	0	1418	0	0	0	0	0	0	0	3604	0	0	0	2758	0	4688	0	2610	0	0	0	0	0	0	0	0	0	0	0	0	0	0	0	0	0	0	0	0	0	0	0	0	0	0	
324624	Temporal_Mid_L	4106	0	344	0	0	0	406	0	0	0	106	0	0	0	0	0	3358	0	184	0	0	0	0	0	0	0	0	0	2890	0	0	0	124	0	1138	0	5382	0	888	0	128	0	4524	0	616	0	1304	0	1046	0	22888	0	5720	0	5216	0	670	0	532	0	3950	0	5392	0	12222	0	4574	0	878	0	0	0	0	0	0	0	110	0	3594	0	20834	0	4274	0	0	0	3894	0	41020	0	0	0	0	0	0	0	0	0	0	0	0	0	0	0	0	0	0	0	0	0	0	0	0	0	0	0	
161564	Temporal_Mid_R	0	648	0	0	0	0	0	0	0	0	0	0	0	0	0	0	0	868	0	316	0	0	0	0	0	0	0	0	0	1668	0	0	0	370	0	214	0	1222	0	0	0	0	0	260	0	0	0	0	0	1440	0	6060	0	1512	0	4366	0	2136	0	0	0	176	0	2514	0	3384	0	880	0	118	0	0	0	462	0	0	0	250	0	562	0	14998	0	2758	0	0	0	6572	0	26866	0	0	0	0	0	0	0	0	0	162	0	0	0	0	0	0	0	0	0	0	0	0	0	0	0	0	
28476	Temporal_Pole_Mid_L	0	0	0	0	0	0	0	0	0	0	0	0	0	0	0	0	0	0	0	0	0	0	0	0	0	0	0	0	0	0	0	0	0	0	0	0	134	0	154	0	0	0	0	0	0	0	0	0	0	0	0	0	0	0	2192	0	0	0	0	0	0	0	0	0	0	0	0	0	0	0	0	0	0	0	0	0	0	0	0	0	516	0	3326	0	3894	0	0	0	4022	0	0	0	0	0	0	0	0	0	0	0	0	0	0	0	0	0	0	0	0	0	0	0	0	0	0	0	
52060	Temporal_Pole_Mid_R	0	0	0	0	0	0	0	0	0	0	0	0	0	0	0	0	0	0	0	0	0	0	0	0	0	0	0	0	0	132	0	0	0	0	0	0	0	1136	0	1378	0	1216	0	0	0	0	0	0	0	0	0	0	0	0	0	5164	0	0	0	0	0	0	0	0	0	0	0	0	0	0	0	0	0	294	0	0	0	0	0	0	0	2222	0	4688	0	6572	0	0	0	3228	0	0	0	0	0	0	0	0	0	0	0	0	0	0	0	0	0	0	0	0	0	0	0	0	0	0	
222836	Temporal_Inf_L	1100	0	310	0	0	0	198	0	0	0	0	0	0	0	0	0	1022	0	110	0	0	0	0	0	0	0	0	0	1956	0	0	0	0	0	704	0	8916	0	2714	0	344	0	1226	0	0	0	558	0	232	0	5924	0	5446	0	17870	0	0	0	0	0	142	0	666	0	490	0	1324	0	146	0	0	0	220	0	0	0	0	0	1580	0	8276	0	3548	0	41020	0	4022	0	0	0	610	0	0	0	0	0	310	0	434	0	0	0	0	0	0	0	0	0	0	0	0	0	0	0	0	0	
167036	Temporal_Inf_R	0	870	0	0	0	0	0	0	0	0	0	0	0	0	0	368	0	256	0	344	0	0	0	0	0	0	0	0	0	2544	0	0	0	472	0	370	0	3876	0	1136	0	558	0	1266	0	0	0	1598	0	830	0	2094	0	3720	0	18738	0	1714	0	0	0	230	0	606	0	120	0	2438	0	192	0	0	0	492	0	0	0	454	0	530	0	3820	0	2610	0	26866	0	3228	0	0	0	832	0	0	0	0	0	0	0	346	0	0	0	0	0	0	0	0	0	0	0	0	0	0	0	0	
540384	Cerebelum_Crus1_L	0	0	0	0	0	0	0	0	0	0	0	0	0	0	0	0	0	0	0	0	0	0	0	0	0	0	0	0	0	0	0	0	0	0	0	0	0	0	114	0	0	0	0	0	0	0	5334	1128	0	0	348	0	1138	190	17046	668	0	0	0	0	0	0	0	0	0	0	0	0	0	0	0	0	0	0	0	0	0	0	0	0	0	0	0	0	0	0	0	0	610	0	0	6342	43690	4294	1066	388	24726	1186	60068	8358	15350	640	16724	3146	3342	5152	98	2436	156	858	5088	14310	11046	7094	6944	1114	
418068	Cerebelum_Crus1_R	0	0	0	0	0	0	0	0	0	0	0	0	0	0	0	0	0	0	0	0	0	0	0	0	0	0	0	0	0	0	0	0	0	0	0	0	0	0	0	262	0	0	0	114	0	0	2138	2748	0	0	128	0	296	0	2046	8614	0	0	0	0	0	0	0	0	0	0	0	0	0	0	0	0	0	0	0	0	0	0	0	0	0	0	0	0	0	0	0	0	0	832	6342	0	4160	41986	0	3020	3248	15686	7390	48222	828	9640	872	11258	154	872	0	1184	186	620	7328	12066	14176	1424	1078	116	
467228	Cerebelum_Crus2_L	0	0	0	0	0	0	0	0	0	0	0	0	0	0	0	0	0	0	0	0	0	0	0	0	0	0	0	0	0	0	0	0	0	0	0	0	0	0	0	0	0	0	0	0	0	0	322	160	0	0	0	0	0	0	1640	336	0	0	0	0	0	0	0	0	0	0	0	0	0	0	0	0	0	0	0	0	0	0	0	0	0	0	0	0	0	0	0	0	0	0	43690	4160	0	20278	0	384	2172	928	12828	3722	42048	12358	34292	9480	3358	2590	334	394	0	114	444	3272	20382	10686	2942	300	
408168	Cerebelum_Crus2_R	0	0	0	0	0	0	0	0	0	0	0	0	0	0	0	0	0	0	0	0	0	0	0	0	0	0	0	0	0	0	0	0	0	0	0	0	0	0	0	0	0	0	0	0	0	0	610	170	0	0	0	0	0	0	602	892	0	0	0	0	0	0	0	0	0	0	0	0	0	0	0	0	0	0	0	0	0	0	0	0	0	0	0	0	0	0	0	0	0	0	4294	41986	20278	0	0	866	1160	2798	1998	12864	9618	34024	3656	29890	0	2230	0	206	0	110	1630	3754	22638	6584	1226	0	
28524	Cerebelum_3_L	0	0	0	0	0	0	0	0	0	0	0	0	0	0	0	0	0	0	0	0	0	0	0	0	0	0	0	0	0	0	0	0	0	0	0	0	0	0	0	0	0	0	0	0	0	0	128	0	0	0	0	0	0	0	248	0	0	0	0	0	0	0	0	0	0	0	0	0	0	0	0	0	0	0	0	0	0	0	0	0	0	0	0	0	0	0	0	0	0	0	1066	0	0	0	0	0	6700	0	2334	0	0	0	0	0	226	0	308	0	984	1450	818	0	0	0	0	0	
52440	Cerebelum_3_R	0	0	0	0	0	0	0	0	0	0	0	0	0	0	0	0	0	0	0	0	0	0	0	0	0	0	0	0	0	0	0	0	0	0	0	0	0	0	0	0	0	0	0	0	0	0	98	0	0	0	0	0	0	0	0	206	0	0	0	0	0	0	0	0	0	0	0	0	0	0	0	0	0	0	0	0	0	0	0	0	0	0	0	0	0	0	0	0	0	0	388	3020	384	866	0	0	448	6970	186	6718	158	0	196	206	0	570	0	0	366	2338	1062	464	592	272	384	328	
362484	Cerebelum_4_5_L	0	0	0	0	0	0	0	0	0	0	0	0	0	0	0	0	0	0	0	0	0	0	0	0	0	0	0	0	0	0	0	0	0	0	0	0	0	0	242	0	0	0	0	120	0	0	6640	816	0	0	292	0	488	0	12396	748	0	0	0	0	0	0	0	0	0	0	0	100	0	0	0	0	0	0	0	0	0	0	0	0	0	0	0	0	0	0	0	0	310	0	24726	3248	2172	1160	6700	448	0	3192	41086	6962	3046	0	4310	384	6790	4918	1246	1660	804	2362	18038	11724	1374	3304	5582	3854	
196088	Cerebelum_4_5_R	0	0	0	0	0	0	0	0	0	0	0	0	0	0	0	0	0	0	0	0	0	0	0	0	0	0	0	0	0	0	0	0	0	0	0	0	0	822	0	1382	0	0	0	96	0	0	524	2526	0	0	0	0	0	122	656	6848	0	0	0	0	0	0	0	0	0	0	0	0	0	0	0	0	0	458	0	0	0	168	0	0	0	0	0	0	0	0	0	0	0	0	1186	15686	928	2798	0	6970	3192	0	1332	29172	416	282	554	590	712	926	200	478	290	2024	11452	1474	1874	546	854	506	
552052	Cerebelum_6_L	0	0	0	0	0	0	0	0	0	0	0	0	0	0	0	0	0	0	0	0	0	0	0	0	0	0	0	0	0	0	0	0	0	0	0	0	94	0	216	0	0	0	238	944	150	720	10446	3824	0	770	1102	0	2376	364	24658	1592	0	0	0	0	0	0	0	0	0	0	0	198	0	0	0	0	0	0	0	0	0	0	0	0	0	0	0	0	0	0	0	0	434	0	60068	7390	12828	1998	2334	186	41086	1332	0	10824	8198	0	9608	1622	4912	6324	276	3022	202	1088	10060	21404	7130	6528	7398	2082	
473820	Cerebelum_6_R	0	0	0	0	0	0	0	0	0	0	0	0	0	0	0	0	0	0	0	0	0	0	0	0	0	0	0	0	0	682	0	0	0	0	0	0	0	2236	0	1170	0	0	0	870	0	206	3916	6034	0	312	150	130	498	618	2616	15340	0	112	0	0	0	0	0	0	0	0	0	388	0	0	0	0	0	1450	0	0	0	246	0	0	0	176	0	0	0	162	0	0	0	346	8358	48222	3722	12864	0	6718	6962	29172	10824	0	756	2084	1002	5952	808	2318	224	2164	456	1954	15710	18454	14294	3052	2672	510	
364916	Cerebelum_7b_L	0	0	0	0	0	0	0	0	0	0	0	0	0	0	0	0	0	0	0	0	0	0	0	0	0	0	0	0	0	0	0	0	0	0	0	0	0	0	0	0	0	0	0	0	0	0	0	0	0	0	0	0	0	0	1360	0	0	0	0	0	0	0	0	0	0	0	0	0	0	0	0	0	0	0	0	0	0	0	0	0	0	0	0	0	0	0	0	0	0	0	15350	828	42048	9618	0	158	3046	416	8198	756	0	11346	42046	11614	3938	2624	586	276	0	0	1104	1492	9288	14024	1668	674	
252224	Cerebelum_7b_R	0	0	0	0	0	0	0	0	0	0	0	0	0	0	0	0	0	0	0	0	0	0	0	0	0	0	0	0	0	0	0	0	0	0	0	0	0	0	0	0	0	0	0	0	0	0	0	0	0	0	0	0	0	0	0	96	0	0	0	0	0	0	0	0	0	0	0	0	0	0	0	0	0	0	0	0	0	0	0	0	0	0	0	0	0	0	0	0	0	0	640	9640	12358	34024	0	0	0	282	0	2084	11346	0	4294	31924	0	1756	0	0	0	0	156	114	8590	8644	164	0	
358796	Cerebelum_8_L	0	0	0	0	0	0	0	0	0	0	0	0	0	0	0	0	0	0	0	0	0	0	0	0	0	0	0	0	0	0	0	0	0	0	0	0	0	0	0	0	0	0	0	0	0	0	0	0	0	0	0	0	0	0	1292	0	0	0	0	0	0	0	0	0	0	0	0	0	0	0	0	0	0	0	0	0	0	0	0	0	0	0	0	0	0	0	0	0	0	0	16724	872	34292	3656	0	196	4310	554	9608	1002	42046	4294	0	9332	14688	4554	1952	626	0	108	1652	3106	6124	12604	4634	1172	
311164	Cerebelum_8_R	0	0	0	0	0	0	0	0	0	0	0	0	0	0	0	0	0	0	0	0	0	0	0	0	0	0	0	0	0	0	0	0	0	0	0	0	0	0	0	0	0	0	0	0	0	0	0	0	0	0	0	0	0	0	116	166	0	0	0	0	0	0	0	0	0	0	0	0	0	0	0	0	0	0	0	0	0	0	0	0	0	0	0	0	0	0	0	0	0	0	3146	11258	9480	29890	0	206	384	590	1622	5952	11614	31924	9332	0	0	12100	0	776	0	0	302	2244	8832	13120	2426	102	
139772	Cerebelum_9_L	0	0	0	0	0	0	0	0	0	0	0	0	0	0	0	0	0	0	0	0	0	0	0	0	0	0	0	0	0	0	0	0	0	0	0	0	0	0	0	0	0	0	0	0	0	0	0	0	0	0	0	0	0	0	190	0	0	0	0	0	0	0	0	0	0	0	0	0	0	0	0	0	0	0	0	0	0	0	0	0	0	0	0	0	0	0	0	0	0	0	3342	154	3358	0	226	0	6790	712	4912	808	3938	0	14688	0	0	2886	4870	712	140	254	4566	4786	872	4070	5430	2182	
195944	Cerebelum_9_R	0	0	0	0	0	0	0	0	0	0	0	0	0	0	0	0	0	0	0	0	0	0	0	0	0	0	0	0	0	0	0	0	0	0	0	0	0	0	0	0	0	0	0	0	0	0	224	0	0	0	0	0	0	0	636	0	0	0	0	0	0	0	0	0	0	0	0	0	0	0	0	0	0	0	0	0	0	0	0	0	0	0	0	0	0	0	0	0	0	0	5152	872	2590	2230	0	570	4918	926	6324	2318	2624	1756	4554	12100	2886	0	110	5440	0	244	3418	9938	2742	10360	11096	3944	
24508	Cerebelum_10_L	0	0	0	0	0	0	0	0	0	0	0	0	0	0	0	0	0	0	0	0	0	0	0	0	0	0	0	0	0	0	0	0	0	0	0	0	0	0	0	0	0	0	0	0	0	0	0	0	0	0	0	0	0	0	0	0	0	0	0	0	0	0	0	0	0	0	0	0	0	0	0	0	0	0	0	0	0	0	0	0	0	0	0	0	0	0	0	0	0	0	98	0	334	0	308	0	1246	200	276	224	586	0	1952	0	4870	110	0	0	0	0	722	614	0	154	428	132	
68668	Cerebelum_10_R	0	0	0	0	0	0	0	0	0	0	0	0	0	0	0	0	0	0	0	0	0	0	0	0	0	0	0	0	0	0	0	0	0	0	0	0	0	0	0	0	0	0	0	0	0	0	152	0	0	0	0	0	0	0	252	0	0	0	0	0	0	0	0	0	0	0	0	0	0	0	0	0	0	0	0	0	0	0	0	0	0	0	0	0	0	0	0	0	0	0	2436	1184	394	206	0	0	1660	478	3022	2164	276	0	626	776	712	5440	0	0	0	0	828	4262	198	3952	4218	1098	
15744	Vermis_1_2	0	0	0	0	0	0	0	0	0	0	0	0	0	0	0	0	0	0	0	0	0	0	0	0	0	0	0	0	0	0	0	0	0	0	0	0	0	0	0	0	0	0	0	0	0	0	0	0	0	0	0	0	0	0	0	0	0	0	0	0	0	0	0	0	0	0	0	0	0	0	0	0	0	0	0	0	0	0	0	0	0	0	0	0	0	0	0	0	0	0	156	186	0	0	984	366	804	290	202	456	0	0	0	0	140	0	0	0	0	3154	1134	0	0	0	0	0	
41924	Vermis_3	0	0	0	0	0	0	0	0	0	0	0	0	0	0	0	0	0	0	0	0	0	0	0	0	0	0	0	0	0	0	0	0	0	0	0	0	0	0	0	0	0	0	0	0	0	0	154	102	0	0	0	0	0	0	308	182	0	0	0	0	0	0	0	0	0	0	0	0	0	0	0	0	0	0	0	0	0	0	0	0	0	0	0	0	0	0	0	0	0	0	858	620	114	110	1450	2338	2362	2024	1088	1954	0	0	108	0	254	244	0	0	3154	0	2848	334	0	0	146	210	
254192	Vermis_4_5	0	0	0	0	0	0	0	0	0	0	0	0	0	0	0	0	0	0	0	0	0	0	0	0	0	0	0	0	0	0	0	0	0	0	0	1038	0	572	0	98	0	0	0	458	0	0	3610	3334	0	0	94	0	150	194	3444	3454	0	102	0	0	0	0	0	0	0	0	0	1560	0	0	0	0	0	0	0	0	0	0	0	0	0	0	0	0	0	0	0	0	0	0	5088	7328	444	1630	818	1062	18038	11452	10060	15710	1104	156	1652	302	4566	3418	722	828	1134	2848	0	11068	1194	1492	3692	3182	
367296	Vermis_6	0	0	0	0	0	0	0	0	0	0	0	0	0	0	0	0	0	0	0	0	0	0	0	0	0	0	0	0	0	0	0	0	0	0	0	0	0	0	0	0	0	0	106	1432	132	850	5640	5828	0	1004	170	120	660	508	3910	2798	0	0	0	0	0	0	0	0	0	0	0	352	0	0	0	0	0	0	0	0	0	0	0	0	0	0	0	0	0	0	0	0	0	0	14310	12066	3272	3754	0	464	11724	1474	21404	18454	1492	114	3106	2244	4786	9938	614	4262	0	334	11068	0	10006	9282	11614	4356	
