data	data	565740	392308	1.05458e+06	847676	124032	121984	479260	324196	80180	17640	343956	257808	312148	188864	192136	61996	260160	127288	818708	612000	108040	112148	357332	359860	31952	103156	45284	65020	765444	371204	296920	419604	160124	399036	203480	245088	351768	457668	136888	351264	52956	60496	410648	509492	345736	537760	362672	469156	265972	488856	633820	340452	211080	234704	513036	577656	234468	244340	158328	299864	297364	223772	206884	224876	190384	231428	453008	588352	323492	121860	372828	379516	314860	407232	52776	34092	197648	195728	110968	27248	234832	190088	118420	60684	348384	280632	20620	20348	293420	341436	413896	412528	321112	309808	35612	79244	255228	256196	450844	398584	258148	183928	260848	253652	160584	158092	24468	7156	39020	91296	216296	190168	199032	152640	141144	17400	
data	data	Precentral_L	Precentral_R	Frontal_Sup_L	Frontal_Sup_R	Frontal_Sup_Orb_L	Frontal_Sup_Orb_R	Frontal_Mid_L	Frontal_Mid_R	Frontal_Mid_Orb_L	Frontal_Mid_Orb_R	Frontal_Inf_Oper_L	Frontal_Inf_Oper_R	Frontal_Inf_Tri_L	Frontal_Inf_Tri_R	Frontal_Inf_Orb_L	Frontal_Inf_Orb_R	Rolandic_Oper_L	Rolandic_Oper_R	Supp_Motor_Area_L	Supp_Motor_Area_R	Olfactory_L	Olfactory_R	Frontal_Sup_Medial_L	Frontal_Sup_Medial_R	Frontal_Med_Orb_L	Frontal_Med_Orb_R	Rectus_L	Rectus_R	Insula_L	Insula_R	Cingulum_Ant_L	Cingulum_Ant_R	Cingulum_Mid_L	Cingulum_Mid_R	Cingulum_Post_L	Cingulum_Post_R	Hippocampus_L	Hippocampus_R	ParaHippocampal_L	ParaHippocampal_R	Amygdala_L	Amygdala_R	Calcarine_L	Calcarine_R	Cuneus_L	Cuneus_R	Lingual_L	Lingual_R	Occipital_Sup_L	Occipital_Sup_R	Occipital_Mid_L	Occipital_Mid_R	Occipital_Inf_L	Occipital_Inf_R	Fusiform_L	Fusiform_R	Postcentral_L	Postcentral_R	Parietal_Sup_L	Parietal_Sup_R	Parietal_Inf_L	Parietal_Inf_R	SupraMarginal_L	SupraMarginal_R	Angular_L	Angular_R	Precuneus_L	Precuneus_R	Paracentral_Lobule_L	Paracentral_Lobule_R	Caudate_L	Caudate_R	Putamen_L	Putamen_R	Pallidum_L	Pallidum_R	Thalamus_L	Thalamus_R	Heschl_L	Heschl_R	Temporal_Sup_L	Temporal_Sup_R	Temporal_Pole_Sup_L	Temporal_Pole_Sup_R	Temporal_Mid_L	Temporal_Mid_R	Temporal_Pole_Mid_L	Temporal_Pole_Mid_R	Temporal_Inf_L	Temporal_Inf_R	Cerebelum_Crus1_L	Cerebelum_Crus1_R	Cerebelum_Crus2_L	Cerebelum_Crus2_R	Cerebelum_3_L	Cerebelum_3_R	Cerebelum_4_5_L	Cerebelum_4_5_R	Cerebelum_6_L	Cerebelum_6_R	Cerebelum_7b_L	Cerebelum_7b_R	Cerebelum_8_L	Cerebelum_8_R	Cerebelum_9_L	Cerebelum_9_R	Cerebelum_10_L	Cerebelum_10_R	Vermis_1_2	Vermis_3	Vermis_4_5	Vermis_6	Vermis_7	Vermis_8	Vermis_9	Vermis_10	
565740	Precentral_L	0	2168	33764	2898	0	0	17804	374	0	0	20500	0	1916	0	0	0	16436	0	18266	2446	0	0	234	0	0	0	0	0	22786	0	218	178	230	304	2628	730	9482	0	1114	0	0	0	838	0	264	0	1062	98	0	0	6886	0	2808	0	3922	0	24754	0	710	0	4468	0	6184	0	870	0	1958	0	26410	98	5104	386	4120	0	338	0	11606	1060	5892	0	5256	0	366	0	7198	0	0	0	5554	0	184	0	0	0	0	0	0	0	0	0	0	0	0	0	0	0	0	0	0	0	0	0	0	0	0	0	
392308	Precentral_R	2168	0	3208	25038	0	0	0	9356	0	0	0	12230	0	2878	0	0	0	1244	4546	7822	0	0	0	0	0	0	0	0	208	3920	0	190	230	1470	1854	6356	156	11332	0	2904	0	0	0	1300	0	1616	0	1288	0	1162	0	908	0	1866	0	2574	120	29206	0	2106	0	1632	0	3010	0	970	156	6638	3074	5386	2438	8028	464	1156	452	0	4298	13442	0	154	0	1604	0	0	0	1164	0	0	0	2548	0	140	0	0	0	0	0	0	0	0	0	0	0	0	0	0	0	0	0	0	144	0	0	0	0	0	
1.05458e+06	Frontal_Sup_L	33764	3208	0	14868	10660	174	62548	4148	4314	0	23454	158	21312	100	10112	0	9878	0	97896	16226	232	0	41048	2274	1248	826	338	202	41628	0	16096	4260	2060	2096	928	702	8012	190	976	0	0	0	106	0	0	0	910	0	0	0	576	0	480	0	2672	0	3332	0	144	0	692	0	792	0	0	0	232	0	15564	0	18480	1260	16980	0	2326	0	8786	1010	4824	0	3798	0	2324	0	2902	0	0	0	2936	0	228	0	0	0	0	0	0	0	0	0	0	0	0	0	0	0	0	0	0	0	0	0	0	0	0	0	
847676	Frontal_Sup_R	2898	25038	14868	0	0	7892	522	33034	0	1132	0	9814	0	9164	0	2460	112	2182	19572	59812	0	562	11800	39290	0	4342	0	552	668	11462	4562	24340	990	15856	1700	5280	348	12226	378	6146	0	0	0	0	0	0	0	1948	0	0	0	0	0	126	0	5036	122	808	0	0	0	0	0	0	0	0	0	1670	3428	104	9146	22074	620	20430	438	2362	3284	19320	0	0	0	574	0	674	0	238	0	346	0	1614	0	340	0	0	0	0	0	0	0	0	0	0	0	0	0	0	0	0	0	0	134	0	0	0	0	0	
124032	Frontal_Sup_Orb_L	0	0	10660	0	0	0	1632	0	7102	0	0	0	754	0	10134	0	0	0	1580	0	1452	226	3424	186	3198	126	4276	0	7716	0	2032	166	0	0	0	0	0	0	0	0	0	0	0	0	0	0	0	0	0	0	0	0	0	0	0	0	0	0	0	0	0	0	0	0	0	0	0	0	0	0	1606	228	4892	0	0	0	0	0	0	0	0	0	626	0	0	0	0	0	0	0	0	0	0	0	0	0	0	0	0	0	0	0	0	0	0	0	0	0	0	0	0	0	0	0	0	0	
121984	Frontal_Sup_Orb_R	0	0	174	7892	0	0	0	926	0	2796	0	0	0	0	0	2474	0	0	0	476	310	1586	1222	6158	134	10024	128	8426	0	1110	1006	5012	0	264	0	0	0	0	0	0	0	0	0	0	0	0	0	0	0	0	0	0	0	0	0	0	0	0	0	0	0	0	0	0	0	0	0	0	0	0	238	4736	0	5702	0	0	0	0	0	0	0	0	0	198	0	0	0	0	0	0	0	0	0	0	0	0	0	0	0	0	0	0	0	0	0	0	0	0	0	0	0	0	0	0	0	0	
479260	Frontal_Mid_L	17804	0	62548	522	1632	0	0	824	8002	0	18828	0	39812	0	14574	0	2368	0	21228	640	0	0	12012	204	0	0	0	0	20378	0	4614	902	232	370	0	0	0	0	0	0	0	0	0	0	0	0	0	0	0	0	234	0	106	0	108	0	1410	0	0	0	148	0	148	0	0	0	0	0	0	0	5436	1020	1392	0	0	0	0	0	610	0	474	0	366	0	448	0	0	0	236	0	0	0	0	0	0	0	0	0	0	0	0	0	0	0	0	0	0	0	0	0	0	0	0	0	0	0	
324196	Frontal_Mid_R	374	9356	4148	33034	0	926	824	0	0	1094	0	18888	0	18870	0	3284	0	2690	4158	7002	0	470	2082	8378	0	0	0	114	720	14688	1000	8232	196	5830	0	0	0	778	0	410	0	0	0	0	0	0	0	0	0	0	0	0	0	0	0	404	0	252	0	0	0	0	0	0	0	0	0	0	0	0	4294	3238	0	4496	0	0	246	934	0	0	0	420	0	268	0	0	0	0	0	0	0	0	0	0	0	0	0	0	0	0	0	0	0	0	0	0	0	0	0	0	0	0	0	0	0	0	
80180	Frontal_Mid_Orb_L	0	0	4314	0	7102	0	8002	0	0	0	240	0	5754	0	11016	0	0	0	296	0	0	0	344	0	328	0	602	0	1652	0	128	0	0	0	0	0	0	0	0	0	0	0	0	0	0	0	0	0	0	0	0	0	0	0	0	0	0	0	0	0	0	0	0	0	0	0	0	0	0	0	0	0	312	0	0	0	0	0	0	0	0	0	0	0	0	0	0	0	0	0	0	0	0	0	0	0	0	0	0	0	0	0	0	0	0	0	0	0	0	0	0	0	0	0	0	0	
17640	Frontal_Mid_Orb_R	0	0	0	1132	0	2796	0	1094	0	0	0	0	0	156	0	2790	0	0	0	0	0	0	0	0	0	180	0	268	0	302	0	0	0	0	0	0	0	0	0	0	0	0	0	0	0	0	0	0	0	0	0	0	0	0	0	0	0	0	0	0	0	0	0	0	0	0	0	0	0	0	0	0	0	102	0	0	0	0	0	0	0	0	0	0	0	0	0	0	0	0	0	0	0	0	0	0	0	0	0	0	0	0	0	0	0	0	0	0	0	0	0	0	0	0	0	0	
343956	Frontal_Inf_Oper_L	20500	0	23454	0	0	0	18828	0	240	0	0	0	18022	0	754	0	19916	0	18168	0	0	0	1198	0	0	0	0	0	29090	0	1186	200	0	0	0	0	564	0	0	0	0	0	0	0	0	0	0	0	0	0	150	0	110	0	344	0	5056	0	0	0	216	0	618	0	0	0	0	0	132	0	1338	0	718	0	112	0	0	0	2556	0	3568	0	3924	0	490	0	0	0	526	0	0	0	0	0	0	0	0	0	0	0	0	0	0	0	0	0	0	0	0	0	0	0	0	0	0	0	
257808	Frontal_Inf_Oper_R	0	12230	158	9814	0	0	0	18888	0	0	0	0	0	20618	0	606	0	5530	466	3828	0	0	430	4016	0	0	0	0	0	21240	272	4036	0	1120	0	0	0	1520	0	966	0	0	0	0	0	0	0	102	0	0	0	0	0	0	0	1100	0	5048	0	0	0	0	0	132	0	0	0	0	0	0	342	4266	0	6642	0	0	482	2396	0	158	0	1078	0	850	0	0	0	220	0	350	0	0	0	0	0	0	0	0	0	0	0	0	0	0	0	0	0	0	0	0	0	0	0	0	0	0	
312148	Frontal_Inf_Tri_L	1916	0	21312	0	754	0	39812	0	5754	0	18022	0	0	0	18506	0	2516	0	11330	0	0	0	2794	0	0	0	0	0	26116	0	2126	376	190	0	0	0	0	0	0	0	0	0	0	0	0	0	0	0	0	0	0	0	0	0	0	0	374	0	0	0	0	0	0	0	0	0	0	0	0	0	1648	122	720	0	0	0	0	0	0	0	440	0	1246	0	0	0	0	0	0	0	0	0	0	0	0	0	0	0	0	0	0	0	0	0	0	0	0	0	0	0	0	0	0	0	0	0	
188864	Frontal_Inf_Tri_R	0	2878	100	9164	0	0	0	18870	0	156	0	20618	0	0	0	3984	0	334	440	1884	0	0	600	4156	0	0	0	0	0	18286	286	4986	0	1146	0	0	0	484	0	398	0	0	0	0	0	0	0	0	0	0	0	0	0	0	0	370	0	1322	0	0	0	0	0	0	0	0	0	0	0	0	178	284	0	3308	0	0	0	0	0	0	0	102	0	98	0	0	0	0	0	0	0	0	0	0	0	0	0	0	0	0	0	0	0	0	0	0	0	0	0	0	0	0	0	0	0	0	
192136	Frontal_Inf_Orb_L	0	0	10112	0	10134	0	14574	0	11016	0	754	0	18506	0	0	0	0	0	2180	0	1834	268	378	0	108	0	1798	0	15240	0	302	0	124	0	0	0	0	0	112	0	0	0	0	0	0	0	0	0	0	0	0	0	0	0	0	0	0	0	0	0	0	0	0	0	0	0	0	0	0	0	1704	246	5768	0	0	0	0	0	0	0	0	0	910	0	0	0	0	0	0	0	0	0	0	0	0	0	0	0	0	0	0	0	0	0	0	0	0	0	0	0	0	0	0	0	0	0	
61996	Frontal_Inf_Orb_R	0	0	0	2460	0	2474	0	3284	0	2790	0	606	0	3984	0	0	0	0	166	218	164	962	102	586	0	0	0	1268	0	8166	0	294	0	356	0	0	0	0	0	110	0	0	0	0	0	0	0	0	0	0	0	0	0	0	0	0	0	0	0	0	0	0	0	0	0	0	0	0	0	0	144	756	0	1760	0	0	0	0	0	0	0	0	0	348	0	0	0	0	0	0	0	0	0	0	0	0	0	0	0	0	0	0	0	0	0	0	0	0	0	0	0	0	0	0	0	0	
260160	Rolandic_Oper_L	16436	0	9878	112	0	0	2368	0	0	0	19916	0	2516	0	0	0	0	0	9236	0	0	0	0	0	0	0	0	0	25846	0	0	0	0	0	0	0	710	0	0	0	0	0	116	0	0	0	176	0	0	0	798	0	438	0	718	0	9316	0	0	0	250	0	2224	0	158	0	158	0	754	0	308	0	920	0	216	0	0	0	7142	0	12030	0	3398	0	1864	0	0	0	2078	0	0	0	0	0	0	0	0	0	0	0	0	0	0	0	0	0	0	0	0	0	0	0	0	0	0	0	
127288	Rolandic_Oper_R	0	1244	0	2182	0	0	0	2690	0	0	0	5530	0	334	0	0	0	0	0	1710	0	0	0	0	0	0	0	0	0	15164	0	136	0	0	0	116	0	1094	0	576	0	0	0	344	0	310	0	304	0	174	0	98	0	716	0	1118	0	3038	0	1322	0	340	0	3228	0	248	0	1700	0	0	0	1080	0	4044	0	530	0	264	0	3068	0	8174	0	678	0	848	0	0	0	1242	0	0	0	0	0	0	0	0	0	0	0	0	0	0	0	0	0	0	0	0	0	0	0	0	0	0	
818708	Supp_Motor_Area_L	18266	4546	97896	19572	1580	0	21228	4158	296	0	18168	466	11330	440	2180	166	9236	0	0	39254	110	0	9832	4016	0	0	0	0	32092	286	6720	6242	10938	16456	866	1086	4670	296	770	0	0	0	0	140	0	110	228	0	0	0	0	0	0	0	2234	0	2764	0	0	100	150	0	254	0	0	0	100	482	11048	1344	15704	1030	13048	278	3922	136	4300	476	502	0	3132	0	2206	0	520	0	0	0	1518	0	270	0	0	0	0	0	0	0	196	0	0	0	0	0	0	0	0	0	0	0	0	0	0	0	0	0	
612000	Supp_Motor_Area_R	2446	7822	16226	59812	0	476	640	7002	0	0	0	3828	0	1884	0	218	0	1710	39254	0	0	0	2034	12356	0	238	0	0	542	5650	1224	9876	5664	34130	2080	7722	130	5720	110	3958	0	0	0	1344	0	816	0	1212	0	188	0	0	0	198	0	3958	0	600	0	212	0	0	0	0	0	0	0	3516	7306	11838	7136	13860	224	13200	0	2350	482	2454	0	0	0	394	0	512	0	122	0	334	0	870	0	122	0	0	0	0	0	0	0	0	0	0	0	0	0	0	0	0	0	0	0	0	0	0	0	0	
108040	Olfactory_L	0	0	232	0	1452	310	0	0	0	0	0	0	0	0	1834	164	0	0	110	0	0	8682	0	0	538	98	2578	648	2684	206	3170	1830	0	0	0	0	0	0	548	0	806	182	0	0	0	0	0	0	0	0	0	0	0	0	0	0	0	0	0	0	0	0	0	0	0	0	0	0	0	0	10790	7592	5580	1976	960	0	0	0	0	0	0	0	1050	0	0	0	0	0	0	0	0	0	0	0	0	0	0	0	0	0	0	0	0	0	0	0	0	0	0	0	0	0	0	0	0	0	
112148	Olfactory_R	0	0	0	562	226	1586	0	470	0	0	0	0	0	0	268	962	0	0	0	0	8682	0	0	0	232	378	1574	2572	378	2096	3130	2370	0	0	0	0	0	266	108	224	112	1048	0	0	0	0	0	0	0	0	0	0	0	0	0	0	0	0	0	0	0	0	0	0	0	0	0	0	0	0	9222	9808	5338	2404	1434	136	0	0	0	0	0	0	0	488	0	0	0	0	0	0	0	0	0	0	0	0	0	0	0	0	0	0	0	0	0	0	0	0	0	0	0	0	0	0	0	0	
357332	Frontal_Sup_Medial_L	234	0	41048	11800	3424	1222	12012	2082	344	0	1198	430	2794	600	378	102	0	0	9832	2034	0	0	0	19750	2180	1952	302	446	2568	188	24628	17756	3034	11766	0	0	0	0	0	0	0	0	0	0	0	0	0	0	0	0	0	0	0	0	0	0	0	0	0	0	0	0	0	0	0	0	0	0	0	0	1676	230	2470	186	0	0	0	0	0	0	0	0	0	0	0	0	0	0	0	0	0	0	0	0	0	0	0	0	0	0	0	0	0	0	0	0	0	0	0	0	0	0	0	0	0	0	
359860	Frontal_Sup_Medial_R	0	0	2274	39290	186	6158	204	8378	0	0	0	4016	0	4156	0	586	0	0	4016	12356	0	0	19750	0	282	6986	0	1464	282	1894	9998	30572	286	18680	0	0	0	0	0	0	0	0	0	0	0	0	0	0	0	0	0	0	0	0	0	0	0	0	0	0	0	0	0	0	0	0	0	0	0	0	732	3348	136	3900	0	0	0	0	0	0	0	0	0	0	0	0	0	0	0	0	0	0	0	0	0	0	0	0	0	0	0	0	0	0	0	0	0	0	0	0	0	0	0	0	0	0	
31952	Frontal_Med_Orb_L	0	0	1248	0	3198	134	0	0	328	0	0	0	0	0	108	0	0	0	0	0	538	232	2180	282	0	1076	1638	310	108	0	2832	750	0	0	0	0	0	0	0	0	0	0	0	0	0	0	0	0	0	0	0	0	0	0	0	0	0	0	0	0	0	0	0	0	0	0	0	0	0	0	500	182	332	0	0	0	0	0	0	0	0	0	0	0	0	0	0	0	0	0	0	0	0	0	0	0	0	0	0	0	0	0	0	0	0	0	0	0	0	0	0	0	0	0	0	0	
103156	Frontal_Med_Orb_R	0	0	826	4342	126	10024	0	0	0	180	0	0	0	0	0	0	0	0	0	238	98	378	1952	6986	1076	0	108	7626	0	0	2860	7694	0	160	0	0	0	0	0	0	0	0	0	0	0	0	0	0	0	0	0	0	0	0	0	0	0	0	0	0	0	0	0	0	0	0	0	0	0	0	0	4128	0	2776	0	0	0	0	0	0	0	0	0	0	0	0	0	0	0	0	0	0	0	0	0	0	0	0	0	0	0	0	0	0	0	0	0	0	0	0	0	0	0	0	0	0	
45284	Rectus_L	0	0	338	0	4276	128	0	0	602	0	0	0	0	0	1798	0	0	0	0	0	2578	1574	302	0	1638	108	0	376	1280	0	2310	656	0	0	0	0	0	0	0	0	0	0	0	0	0	0	0	0	0	0	0	0	0	0	0	0	0	0	0	0	0	0	0	0	0	0	0	0	0	0	2136	1406	788	222	0	0	0	0	0	0	0	0	126	0	0	0	0	0	0	0	0	0	0	0	0	0	0	0	0	0	0	0	0	0	0	0	0	0	0	0	0	0	0	0	0	0	
65020	Rectus_R	0	0	202	552	0	8426	0	114	0	268	0	0	0	0	0	1268	0	0	0	0	648	2572	446	1464	310	7626	376	0	0	664	1636	3348	0	0	0	0	0	0	0	0	0	0	0	0	0	0	0	0	0	0	0	0	0	0	0	0	0	0	0	0	0	0	0	0	0	0	0	0	0	0	362	1572	104	552	0	0	0	0	0	0	0	0	0	0	0	0	0	0	0	0	0	0	0	0	0	0	0	0	0	0	0	0	0	0	0	0	0	0	0	0	0	0	0	0	0	0	
765444	Insula_L	22786	208	41628	668	7716	0	20378	720	1652	0	29090	0	26116	0	15240	0	25846	0	32092	542	2684	378	2568	282	108	0	1280	0	0	0	3308	706	258	240	570	0	14220	0	3572	0	3442	0	436	0	0	0	742	0	0	0	3740	0	1500	0	12582	0	6700	0	212	0	858	0	1656	0	304	0	542	0	1568	0	8066	1274	20656	0	166	0	464	0	11322	0	14418	0	11486	0	7292	0	0	0	10278	0	2314	0	0	0	384	0	1718	0	3614	0	0	0	0	0	132	0	0	0	0	0	0	0	0	0	0	0	
371204	Insula_R	0	3920	0	11462	0	1110	0	14688	0	302	0	21240	0	18286	0	8166	0	15164	286	5650	206	2096	188	1894	0	0	0	664	0	0	128	2684	0	696	0	306	0	5838	0	2792	0	584	0	258	0	0	0	448	0	0	0	0	0	700	0	4340	0	3396	0	596	0	508	0	726	0	338	0	812	0	0	450	3658	172	24798	0	210	0	628	0	3104	0	10826	0	3128	0	3272	0	1028	0	3738	0	118	0	0	0	0	0	0	0	0	0	0	0	0	0	0	0	0	0	0	0	0	0	0	0	0	
296920	Cingulum_Ant_L	218	0	16096	4562	2032	1006	4614	1000	128	0	1186	272	2126	286	302	0	0	0	6720	1224	3170	3130	24628	9998	2832	2860	2310	1636	3308	128	0	21356	4748	4650	326	0	0	0	0	0	120	0	0	0	0	0	0	0	0	0	0	0	0	0	0	0	0	0	0	0	0	0	0	0	0	0	0	0	0	0	9190	4524	6006	1768	0	0	0	0	0	0	0	0	0	0	0	0	0	0	0	0	0	0	0	0	0	0	0	0	0	0	0	0	0	0	0	0	0	0	0	0	0	0	0	0	0	0	
419604	Cingulum_Ant_R	178	190	4260	24340	166	5012	902	8232	0	0	200	4036	376	4986	0	294	0	136	6242	9876	1830	2370	17756	30572	750	7694	656	3348	706	2684	21356	0	1326	22124	0	156	0	110	0	0	0	0	0	0	0	0	0	0	0	0	0	0	0	0	0	0	0	0	0	0	0	0	0	0	0	0	0	0	0	0	3998	13732	608	8374	0	0	0	0	0	0	0	0	0	124	0	0	0	102	0	0	0	0	0	0	0	0	0	0	0	0	0	0	0	0	0	0	0	0	0	0	0	0	0	0	0	0	
160124	Cingulum_Mid_L	230	230	2060	990	0	0	232	196	0	0	0	0	190	0	124	0	0	0	10938	5664	0	0	3034	286	0	0	0	0	258	0	4748	1326	0	8914	9412	1334	0	0	0	0	0	0	920	202	3920	412	118	0	2376	190	2604	0	170	0	0	0	0	0	316	0	0	0	0	0	0	0	7302	2078	8268	772	140	0	108	0	0	0	0	0	0	0	0	0	0	0	0	0	0	0	0	0	0	0	0	0	0	0	0	0	0	0	0	0	0	0	0	0	0	0	0	0	0	0	0	0	0	0	
399036	Cingulum_Mid_R	304	1470	2096	15856	0	264	370	5830	0	0	0	1120	0	1146	0	356	0	0	16456	34130	0	0	11766	18680	0	160	0	0	240	696	4650	22124	8914	0	4698	12332	0	118	0	0	0	0	0	2344	238	3372	0	520	0	848	0	244	0	180	0	254	0	1616	0	640	0	206	0	278	0	0	1580	9110	2368	9954	914	606	0	336	0	0	0	0	0	0	0	134	0	0	0	0	0	0	0	0	0	0	0	0	0	0	0	0	0	0	0	0	0	0	0	0	0	0	0	0	0	0	0	0	0	0	
203480	Cingulum_Post_L	2628	1854	928	1700	0	0	0	0	0	0	0	0	0	0	0	0	0	0	866	2080	0	0	0	0	0	0	0	0	570	0	326	0	9412	4698	0	7940	4834	142	1058	0	0	0	5150	2226	4528	1624	2844	794	1506	1036	1406	0	292	182	1018	372	0	228	0	292	0	0	150	0	138	0	14064	4940	8670	1514	670	298	168	0	108	0	5078	1866	0	0	254	0	0	0	234	0	0	0	496	102	0	0	0	0	0	0	0	120	0	0	0	0	0	0	0	0	0	0	0	0	336	0	0	0	0	0	
245088	Cingulum_Post_R	730	6356	702	5280	0	0	0	0	0	0	0	0	0	0	0	0	0	116	1086	7722	0	0	0	0	0	0	0	0	0	306	0	156	1334	12332	7940	0	0	5802	0	1872	0	0	0	3300	516	3062	0	4262	0	1470	0	266	0	982	0	2742	0	1430	0	1306	0	418	0	652	0	182	2214	15914	1340	5910	1496	1782	0	260	126	0	6026	8160	0	0	0	948	0	0	0	1758	0	0	0	2750	0	0	0	0	0	0	0	704	0	0	0	0	0	0	0	0	0	0	0	0	834	0	0	0	0	0	
351768	Hippocampus_L	9482	156	8012	348	0	0	0	0	0	0	564	0	0	0	0	0	710	0	4670	130	0	0	0	0	0	0	0	0	14220	0	0	0	0	0	4834	0	0	138	16796	0	7560	0	3866	0	370	0	7290	436	0	0	368	0	896	0	27988	0	264	0	0	0	0	0	0	0	0	0	6354	0	7224	0	458	0	11394	0	1882	0	3974	328	1226	0	3332	0	1752	0	4168	0	0	0	15194	0	3070	0	0	0	412	0	1860	0	4026	0	0	0	0	0	132	0	0	0	0	0	0	0	0	0	0	0	
457668	Hippocampus_R	0	11332	190	12226	0	0	0	778	0	0	0	1520	0	484	0	0	0	1094	296	5720	0	266	0	0	0	0	0	0	0	5838	0	110	0	118	142	5802	138	0	168	44794	0	9652	0	1232	0	178	412	9206	0	222	0	194	0	1722	0	39356	0	1096	0	410	0	396	0	874	0	294	0	7514	0	0	148	1316	0	19134	0	1888	172	3152	0	282	0	3194	0	572	0	3320	0	156	0	19636	0	3462	0	474	0	124	0	4068	0	2522	0	442	0	576	0	0	0	0	0	0	422	0	0	0	0	0	
136888	ParaHippocampal_L	1114	0	976	378	0	0	0	0	0	0	0	0	0	0	112	0	0	0	770	110	548	108	0	0	0	0	0	0	3572	0	0	0	0	0	1058	0	16796	168	0	114	4232	0	1254	0	0	0	6014	644	0	0	116	0	314	0	11126	0	0	0	0	0	0	0	0	0	0	0	2674	0	774	0	376	0	2730	0	144	0	914	394	110	0	170	0	580	0	350	0	154	0	1404	0	1906	0	174	0	384	112	2390	0	2956	0	0	0	0	0	0	0	0	0	0	224	0	0	0	0	0	0	
351264	ParaHippocampal_R	0	2904	0	6146	0	0	0	410	0	0	0	966	0	398	0	110	0	576	0	3958	0	224	0	0	0	0	0	0	0	2792	0	0	0	0	0	1872	0	44794	114	0	0	8228	0	952	0	0	520	8804	0	0	0	0	0	174	0	35906	0	154	0	0	0	0	0	0	0	0	0	3854	0	0	0	508	0	13574	0	1752	0	1144	0	0	0	1206	0	2082	0	1086	0	522	0	12088	0	4256	0	604	0	210	0	6442	0	3820	0	478	0	678	0	168	0	0	0	0	656	140	102	116	144	0	
52956	Amygdala_L	0	0	0	0	0	0	0	0	0	0	0	0	0	0	0	0	0	0	0	0	806	112	0	0	0	0	0	0	3442	0	120	0	0	0	0	0	7560	0	4232	0	0	0	0	0	0	0	0	0	0	0	0	0	0	0	4628	0	0	0	0	0	0	0	0	0	0	0	0	0	0	0	464	0	896	0	0	0	0	0	0	0	0	0	868	0	0	0	0	0	964	0	450	0	0	0	184	0	658	0	1094	0	0	0	0	0	0	0	0	0	0	0	0	0	0	0	0	0	
60496	Amygdala_R	0	0	0	0	0	0	0	0	0	0	0	0	0	0	0	0	0	0	0	0	182	1048	0	0	0	0	0	0	0	584	0	0	0	0	0	0	0	9652	0	8228	0	0	0	0	0	0	0	0	0	0	0	0	0	0	0	4798	0	0	0	0	0	0	0	0	0	0	0	0	0	0	200	286	184	1048	0	0	0	0	0	0	0	0	0	1864	0	362	0	0	0	1196	0	140	0	0	0	0	0	310	0	166	0	0	0	0	0	0	0	0	0	0	0	0	0	0	0	0	
410648	Calcarine_L	838	0	106	0	0	0	0	0	0	0	0	0	0	0	0	0	116	0	0	0	0	0	0	0	0	0	0	0	436	0	0	0	920	0	5150	0	3866	0	1254	0	0	0	0	11684	31532	10142	29662	4998	15870	3220	31464	236	7776	284	2446	278	0	0	376	0	1074	0	720	0	1348	0	26386	4290	2378	0	0	0	100	0	0	0	1536	0	0	0	294	0	0	0	1174	0	0	0	798	0	110	100	0	0	0	0	550	100	514	0	0	0	0	0	114	0	0	0	0	0	924	160	0	0	0	0	
509492	Calcarine_R	0	1300	0	0	0	0	0	0	0	0	0	0	0	0	0	0	0	344	140	1344	0	0	0	0	0	0	0	0	0	258	0	0	202	2344	2226	3300	0	1232	0	952	0	0	11684	0	5376	45980	5854	32762	716	37504	582	12526	110	13106	572	10440	0	1888	0	1796	0	368	0	446	0	206	7234	33750	218	1366	0	0	0	156	0	0	0	0	0	126	0	616	0	0	0	1496	0	0	0	2022	820	494	196	0	0	0	0	600	1698	1638	0	0	0	0	642	0	154	0	0	0	2846	2604	276	0	236	0	
345736	Cuneus_L	264	0	0	0	0	0	0	0	0	0	0	0	0	0	0	0	0	0	0	0	0	0	0	0	0	0	0	0	0	0	0	0	3920	238	4528	516	370	0	0	0	0	0	31532	5376	0	9486	6580	1074	31628	2678	27048	158	2034	112	326	0	150	0	3620	0	1668	0	478	0	1072	0	29448	4100	3332	0	0	0	0	0	0	0	236	0	0	0	144	0	0	0	438	0	0	0	186	0	0	0	0	0	0	0	0	0	0	0	0	0	0	0	0	0	0	0	0	0	128	0	0	0	0	0	
537760	Cuneus_R	0	1616	0	0	0	0	0	0	0	0	0	0	0	0	0	0	0	310	110	816	0	0	0	0	0	0	0	0	0	0	0	0	412	3372	1624	3062	0	178	0	0	0	0	10142	45980	9486	0	4030	13838	1290	56120	848	21978	128	6130	480	3208	0	3106	0	9050	0	554	0	482	0	416	11304	44428	132	2210	0	0	0	0	0	0	0	0	0	0	0	488	0	0	0	2076	0	0	0	1536	624	280	98	0	0	0	0	344	1320	1150	0	0	0	0	478	0	108	0	0	0	1234	1932	182	0	190	0	
362672	Lingual_L	1062	0	910	0	0	0	0	0	0	0	0	0	0	0	0	0	176	0	228	0	0	0	0	0	0	0	0	0	742	0	0	0	118	0	2844	0	7290	412	6014	520	0	0	29662	5854	6580	4030	0	5098	4248	1724	18696	0	14690	120	20954	278	0	0	0	0	302	0	300	0	340	0	12378	1622	1862	0	0	0	624	0	0	0	1240	174	540	0	404	0	0	0	746	0	0	0	500	0	3052	128	590	0	362	262	8104	348	8824	520	0	0	0	0	556	0	0	0	0	718	2348	1900	342	0	0	0	
469156	Lingual_R	98	1288	0	1948	0	0	0	0	0	0	0	102	0	0	0	0	0	304	0	1212	0	0	0	0	0	0	0	0	0	448	0	0	0	520	794	4262	436	9206	644	8804	0	0	4998	32762	1074	13838	5098	0	216	14052	198	4006	148	10048	1734	25518	0	514	0	326	0	152	0	156	0	0	2404	17146	124	296	0	138	0	2454	0	320	138	1862	0	0	0	246	0	0	0	218	0	0	0	1250	2664	3568	878	544	214	1400	1414	7826	6156	10236	158	0	98	0	2758	1196	648	118	166	638	7998	9238	1968	1064	1960	170	
265972	Occipital_Sup_L	0	0	0	0	0	0	0	0	0	0	0	0	0	0	0	0	0	0	0	0	0	0	0	0	0	0	0	0	0	0	0	0	2376	0	1506	0	0	0	0	0	0	0	15870	716	31628	1290	4248	216	0	352	39748	0	1728	0	270	0	0	0	9872	0	3332	0	0	0	992	0	17296	758	670	0	0	0	0	0	0	0	0	0	0	0	0	0	0	0	118	0	0	0	0	0	0	0	0	0	0	0	0	0	0	0	0	0	0	0	0	0	0	0	0	0	0	0	0	0	0	0	
488856	Occipital_Sup_R	0	1162	0	0	0	0	0	0	0	0	0	0	0	0	0	0	0	174	0	188	0	0	0	0	0	0	0	0	0	0	0	0	190	848	1036	1470	0	222	0	0	0	0	3220	37504	2678	56120	1724	14052	352	0	290	36942	0	7908	470	4424	0	2902	0	15110	0	2294	0	940	0	4042	5852	29394	0	638	0	0	0	0	0	0	0	0	0	0	0	440	0	0	0	3296	0	0	0	1304	636	258	110	0	0	0	0	270	1266	1100	0	0	0	0	430	0	0	0	0	0	1000	1830	168	0	174	0	
633820	Occipital_Mid_L	6886	0	576	0	0	0	234	0	0	0	150	0	0	0	0	0	798	0	0	0	0	0	0	0	0	0	0	0	3740	0	0	0	2604	0	1406	0	368	0	116	0	0	0	31464	582	27048	848	18696	198	39748	290	0	0	26938	0	6462	0	4388	0	21050	0	30168	0	8986	0	27856	0	21732	950	3554	0	0	0	0	0	0	0	0	0	222	0	2132	0	0	0	21554	0	0	0	3702	0	0	0	0	0	0	0	592	0	676	0	0	0	0	0	0	0	0	0	0	0	196	0	0	0	0	0	
340452	Occipital_Mid_R	0	908	0	0	0	0	0	0	0	0	0	0	0	0	0	0	0	98	0	0	0	0	0	0	0	0	0	0	0	0	0	0	0	244	0	266	0	194	0	0	0	0	236	12526	158	21978	0	4006	0	36942	0	0	0	10270	0	2312	0	2410	0	12800	0	6876	0	2610	0	18340	1944	11990	0	410	0	0	0	0	0	0	0	0	0	0	0	1742	0	0	0	17150	0	0	0	3360	0	0	0	0	0	0	0	0	0	144	0	0	0	0	0	0	0	0	0	0	192	120	0	0	0	0	
211080	Occipital_Inf_L	2808	0	480	0	0	0	106	0	0	0	110	0	0	0	0	0	438	0	0	0	0	0	0	0	0	0	0	0	1500	0	0	0	170	0	292	0	896	0	314	0	0	0	7776	110	2034	128	14690	148	1728	0	26938	0	0	0	17706	0	164	0	0	0	716	0	654	0	618	0	2106	0	1052	0	0	0	0	0	0	0	0	0	690	0	600	0	0	0	4342	0	0	0	6932	0	970	0	268	0	0	0	2374	0	3728	0	0	0	0	0	0	0	0	0	0	0	1018	936	0	0	0	0	
234704	Occipital_Inf_R	0	1866	0	126	0	0	0	0	0	0	0	0	0	0	0	0	0	716	0	198	0	0	0	0	0	0	0	0	0	700	0	0	0	180	182	982	0	1722	0	174	0	0	284	13106	112	6130	120	10048	0	7908	0	10270	0	0	0	15398	0	1680	0	2690	0	3214	0	4000	0	1958	556	4588	0	260	0	100	0	168	0	0	0	0	0	322	0	1928	0	0	0	4534	0	0	0	15372	132	978	106	0	0	276	0	1032	236	1248	0	0	0	0	128	0	0	0	0	0	944	460	112	0	108	0	
513036	Fusiform_L	3922	0	2672	0	0	0	108	0	0	0	344	0	0	0	0	0	718	0	2234	0	0	0	0	0	0	0	0	0	12582	0	0	0	0	0	1018	0	27988	0	11126	0	4628	0	2446	572	326	480	20954	1734	270	470	6462	0	17706	0	0	230	162	0	0	0	284	0	376	0	188	0	2036	152	2158	0	144	0	5642	0	0	0	1154	0	1246	0	3558	0	2640	0	6546	0	914	0	23360	0	24320	250	1914	180	476	106	15856	202	34176	972	324	0	344	0	418	0	0	0	0	106	2878	3706	740	0	0	0	
577656	Fusiform_R	0	2574	0	5036	0	0	0	404	0	0	0	1100	0	370	0	0	0	1118	0	3958	0	0	0	0	0	0	0	0	0	4340	0	0	0	254	372	2742	0	39356	0	35906	0	4798	278	10440	0	3208	278	25518	0	4424	0	2312	0	15398	230	0	0	988	0	684	0	1016	0	1506	0	490	466	5038	0	232	0	682	0	14054	0	818	0	1028	0	328	0	2598	0	2372	0	2456	0	692	0	27664	760	15078	492	1060	0	1022	134	11578	1090	16188	0	752	0	1112	602	1246	0	122	100	210	2778	3174	1218	1056	1394	136	
234468	Postcentral_L	24754	120	3332	122	0	0	1410	0	0	0	5056	0	374	0	0	0	9316	0	2764	0	0	0	0	0	0	0	0	0	6700	0	0	0	0	0	0	0	264	0	0	0	0	0	0	0	150	0	0	0	0	0	4388	0	164	0	162	0	0	0	6454	0	17670	0	13302	0	352	0	2270	0	6754	0	754	0	406	0	162	0	0	0	2796	0	5768	0	98	0	838	0	0	0	534	0	0	0	0	0	0	0	0	0	0	0	0	0	0	0	0	0	0	0	0	0	0	0	0	0	0	0	
244340	Postcentral_R	0	29206	0	808	0	0	0	252	0	0	0	5048	0	1322	0	0	0	3038	0	600	0	0	0	0	0	0	0	0	0	3396	0	0	0	1616	228	1430	0	1096	0	154	0	0	0	1888	0	3106	0	514	0	2902	0	2410	0	1680	0	988	0	0	0	9364	0	5612	0	13852	0	2122	290	13492	0	6064	0	1444	0	656	0	0	216	1094	0	216	0	2628	0	0	0	1216	0	0	0	2222	0	0	0	0	0	0	0	0	0	0	0	0	0	0	0	0	0	0	0	0	0	0	0	0	0	0	
158328	Parietal_Sup_L	710	0	144	0	0	0	0	0	0	0	0	0	0	0	0	0	0	0	0	0	0	0	0	0	0	0	0	0	212	0	0	0	316	0	0	0	0	0	0	0	0	0	376	0	3620	0	0	0	9872	0	21050	0	0	0	0	0	6454	0	0	0	16804	0	118	0	4604	0	13034	158	1584	0	0	0	0	0	0	0	0	0	0	0	0	0	0	0	108	0	0	0	0	0	0	0	0	0	0	0	0	0	0	0	0	0	0	0	0	0	0	0	0	0	0	0	0	0	0	0	
299864	Parietal_Sup_R	0	2106	0	0	0	0	0	0	0	0	0	0	0	0	0	0	0	1322	100	212	0	0	0	0	0	0	0	0	0	596	0	0	0	640	292	1306	0	410	0	0	0	0	0	1796	0	9050	0	326	0	15110	0	12800	0	2690	0	684	0	9364	0	0	0	20090	0	15276	0	19292	664	20802	0	1244	0	0	0	202	0	0	0	0	0	170	0	2486	0	0	0	7722	0	0	0	3180	0	0	0	0	0	0	0	0	0	0	0	0	0	0	0	0	0	0	0	0	0	0	0	0	0	0	
297364	Parietal_Inf_L	4468	0	692	0	0	0	148	0	0	0	216	0	0	0	0	0	250	0	150	0	0	0	0	0	0	0	0	0	858	0	0	0	0	0	0	0	0	0	0	0	0	0	1074	0	1668	0	302	0	3332	0	30168	0	716	0	284	0	17670	0	16804	0	0	0	24054	0	26226	0	2326	0	2944	0	100	0	0	0	0	0	0	0	134	0	546	0	0	0	11178	0	0	0	2374	0	0	0	0	0	0	0	0	0	0	0	0	0	0	0	0	0	0	0	0	0	0	0	0	0	0	0	
223772	Parietal_Inf_R	0	1632	0	0	0	0	0	0	0	0	0	0	0	0	0	0	0	340	0	0	0	0	0	0	0	0	0	0	0	508	0	0	0	206	0	418	0	396	0	0	0	0	0	368	0	554	0	152	0	2294	0	6876	0	3214	0	1016	0	5612	0	20090	0	0	0	22944	0	25488	0	1034	0	150	0	130	0	122	0	0	0	0	0	124	0	2318	0	0	0	10920	0	0	0	4850	0	130	0	0	0	0	0	0	0	0	0	0	0	0	0	0	0	0	0	0	0	0	0	0	0	0	
206884	SupraMarginal_L	6184	0	792	0	0	0	148	0	0	0	618	0	0	0	0	0	2224	0	254	0	0	0	0	0	0	0	0	0	1656	0	0	0	0	0	150	0	0	0	0	0	0	0	720	0	478	0	300	0	0	0	8986	0	654	0	376	0	13302	0	118	0	24054	0	0	0	11910	0	570	0	1494	0	138	0	0	0	0	0	0	0	242	0	9292	0	0	0	14740	0	0	0	4042	0	0	0	0	0	0	0	0	0	0	0	0	0	0	0	0	0	0	0	0	0	0	0	0	0	0	0	
224876	SupraMarginal_R	0	3010	0	0	0	0	0	0	0	0	0	132	0	0	0	0	0	3228	0	0	0	0	0	0	0	0	0	0	0	726	0	0	0	278	0	652	0	874	0	0	0	0	0	446	0	482	0	156	0	940	0	2610	0	4000	0	1506	0	13852	0	15276	0	22944	0	0	0	15062	0	1862	0	214	0	192	0	102	0	0	0	0	0	132	0	6488	0	0	0	9476	0	0	0	7644	0	154	0	0	0	0	0	0	0	0	0	0	0	0	0	0	0	0	0	0	0	0	0	0	0	0	
190384	Angular_L	870	0	0	0	0	0	0	0	0	0	0	0	0	0	0	0	158	0	0	0	0	0	0	0	0	0	0	0	304	0	0	0	0	0	138	0	0	0	0	0	0	0	1348	0	1072	0	340	0	992	0	27856	0	618	0	188	0	352	0	4604	0	26226	0	11910	0	0	0	1400	0	504	0	0	0	0	0	0	0	0	0	0	0	1262	0	0	0	13896	0	0	0	1154	0	0	0	0	0	0	0	0	0	0	0	0	0	0	0	0	0	0	0	0	0	0	0	0	0	0	0	
231428	Angular_R	0	970	0	0	0	0	0	0	0	0	0	0	0	0	0	0	0	248	0	0	0	0	0	0	0	0	0	0	0	338	0	0	0	0	0	182	0	294	0	0	0	0	0	206	0	416	0	0	0	4042	0	18340	0	1958	0	490	0	2122	0	19292	0	25488	0	15062	0	0	0	568	0	0	0	0	0	0	0	0	0	0	0	0	0	5758	0	0	0	16122	0	0	0	3818	0	0	0	0	0	0	0	0	0	0	0	0	0	0	0	0	0	0	0	0	0	0	0	0	0	0	
453008	Precuneus_L	1958	156	232	0	0	0	0	0	0	0	0	0	0	0	0	0	158	0	100	0	0	0	0	0	0	0	0	0	542	0	0	0	7302	1580	14064	2214	6354	0	2674	0	0	0	26386	7234	29448	11304	12378	2404	17296	5852	21732	1944	2106	556	2036	466	2270	290	13034	664	2326	0	570	0	1400	0	0	16470	6548	200	0	0	192	0	0	0	1506	0	98	0	386	0	0	0	710	128	0	0	780	186	0	0	0	0	0	0	0	0	0	0	0	0	0	0	0	0	0	0	0	0	270	0	0	0	0	0	
588352	Precuneus_R	0	6638	0	1670	0	0	0	0	0	0	0	0	0	0	0	0	0	1700	482	3516	0	0	0	0	0	0	0	0	0	812	0	0	2078	9110	4940	15914	0	7514	0	3854	0	0	4290	33750	4100	44428	1622	17146	758	29394	950	11990	0	4588	152	5038	0	13492	158	20802	0	1034	0	1862	0	568	16470	0	596	6968	0	152	0	828	0	0	0	1402	0	138	0	2294	0	0	0	2284	0	0	0	3490	196	238	0	0	0	0	0	954	368	372	0	0	0	0	0	0	0	0	0	0	2570	506	0	0	0	0	
323492	Paracentral_Lobule_L	26410	3074	15564	3428	0	0	0	0	0	0	132	0	0	0	0	0	754	0	11048	7306	0	0	0	0	0	0	0	0	1568	0	0	0	8268	2368	8670	1340	7224	0	774	0	0	0	2378	218	3332	132	1862	124	670	0	3554	0	1052	0	2158	0	6754	0	1584	0	2944	0	1494	0	504	0	6548	596	0	3192	1716	924	2330	0	0	0	10364	1434	580	0	2054	0	0	0	2856	0	0	0	2328	0	136	0	0	0	0	0	0	0	0	0	0	0	0	0	0	0	0	0	0	0	0	0	0	0	0	0	
121860	Paracentral_Lobule_R	98	5386	0	104	0	0	0	0	0	0	0	0	0	0	0	0	0	0	1344	11838	0	0	0	0	0	0	0	0	0	0	0	0	772	9954	1514	5910	0	0	0	0	0	0	0	1366	0	2210	0	296	0	638	0	410	0	260	0	232	0	6064	0	1244	0	150	0	214	0	0	200	6968	3192	0	0	0	0	0	0	0	0	124	0	0	0	250	0	0	0	0	0	0	0	192	0	0	0	0	0	0	0	0	0	0	0	0	0	0	0	0	0	0	0	0	0	0	0	0	0	0	
372828	Caudate_L	5104	2438	18480	9146	1606	238	5436	4294	0	0	1338	342	1648	178	1704	144	308	0	15704	7136	10790	9222	1676	732	500	0	2136	362	8066	450	9190	3998	140	914	670	1496	458	148	376	0	464	200	0	0	0	0	0	0	0	0	0	0	0	0	144	0	754	0	0	0	100	0	138	0	0	0	0	0	1716	0	0	16194	14534	4016	3258	644	13852	1980	116	0	488	0	1006	0	106	0	0	0	136	0	0	0	0	0	0	0	0	0	0	0	0	0	0	0	0	0	0	0	0	0	0	0	0	0	0	0	
379516	Caudate_R	386	8028	1260	22074	228	4736	1020	3238	0	0	0	4266	122	284	246	756	0	1080	1030	13860	7592	9808	230	3348	182	4128	1406	1572	1274	3658	4524	13732	0	606	298	1782	0	1316	0	508	0	286	0	0	0	0	0	138	0	0	0	0	0	100	0	682	0	1444	0	0	0	130	0	192	0	0	0	152	924	0	16194	0	5810	19102	1582	2560	2708	17564	0	122	0	252	0	544	0	0	0	324	0	370	0	0	0	0	0	0	0	0	0	0	0	0	0	0	0	0	0	0	0	0	0	0	0	0	0	0	
314860	Putamen_L	4120	464	16980	620	4892	0	1392	0	312	0	718	0	720	0	5768	0	920	0	13048	224	5580	5338	2470	136	332	0	788	104	20656	172	6006	608	108	0	168	0	11394	0	2730	0	896	184	100	0	0	0	624	0	0	0	0	0	0	0	5642	0	406	0	0	0	0	0	0	0	0	0	192	0	2330	0	14534	5810	0	2118	6898	0	1738	0	466	0	1034	0	3228	0	422	0	0	0	2838	0	532	0	0	0	0	0	154	0	516	0	0	0	0	0	0	0	0	0	0	0	0	0	0	0	0	0	
407232	Putamen_R	0	1156	0	20430	0	5702	0	4496	0	102	0	6642	0	3308	0	1760	0	4044	278	13200	1976	2404	186	3900	0	2776	222	552	0	24798	1768	8374	0	336	0	260	0	19134	0	13574	0	1048	0	156	0	0	0	2454	0	0	0	0	0	168	0	14054	0	656	0	202	0	122	0	102	0	0	0	828	0	0	4016	19102	2118	0	432	3236	0	1258	0	146	0	3186	0	1388	0	1028	0	1020	0	4708	0	392	0	0	0	0	0	176	0	242	0	0	0	0	0	0	0	0	0	0	0	0	0	0	0	0	
52776	Pallidum_L	338	452	2326	438	0	0	0	0	0	0	112	0	0	0	0	0	216	0	3922	0	960	1434	0	0	0	0	0	0	166	0	0	0	0	0	108	126	1882	0	144	0	0	0	0	0	0	0	0	0	0	0	0	0	0	0	0	0	162	0	0	0	0	0	0	0	0	0	0	0	0	0	3258	1582	6898	432	0	0	1306	126	0	0	0	0	0	0	0	0	0	0	0	0	0	0	0	0	0	0	0	0	0	0	0	0	0	0	0	0	0	0	0	0	0	0	0	0	0	0	
34092	Pallidum_R	0	0	0	2362	0	0	0	0	0	0	0	0	0	0	0	0	0	530	136	2350	0	136	0	0	0	0	0	0	0	210	0	0	0	0	0	0	0	1888	0	1752	0	0	0	0	0	0	0	320	0	0	0	0	0	0	0	818	0	0	0	0	0	0	0	0	0	0	0	0	0	0	644	2560	0	3236	0	0	0	104	0	0	0	0	0	0	0	0	0	0	0	0	0	0	0	0	0	0	0	0	0	0	0	0	0	0	0	0	0	0	0	0	0	0	0	0	0	0	
197648	Thalamus_L	11606	4298	8786	3284	0	0	0	246	0	0	0	482	0	0	0	0	0	0	4300	482	0	0	0	0	0	0	0	0	464	0	0	0	0	0	5078	6026	3974	172	914	0	0	0	1536	0	236	0	1240	138	0	0	0	0	0	0	1154	0	0	216	0	0	0	0	0	0	0	0	1506	0	10364	0	13852	2708	1738	0	1306	0	0	11780	0	0	136	0	0	0	182	0	0	0	620	0	0	0	0	0	0	0	0	0	0	0	0	0	0	0	0	0	0	0	0	0	0	0	0	0	0	0	
195728	Thalamus_R	1060	13442	1010	19320	0	0	0	934	0	0	0	2396	0	0	0	0	0	264	476	2454	0	0	0	0	0	0	0	0	0	628	0	0	0	0	1866	8160	328	3152	394	1144	0	0	0	0	0	0	174	1862	0	0	0	0	0	0	0	1028	0	1094	0	0	0	0	0	0	0	0	0	1402	1434	124	1980	17564	0	1258	126	104	11780	0	0	0	0	180	0	0	0	0	0	0	0	498	0	124	0	0	0	0	0	0	0	0	0	0	0	0	0	0	0	0	0	0	104	0	0	0	0	0	
110968	Heschl_L	5892	0	4824	0	0	0	610	0	0	0	2556	0	0	0	0	0	7142	0	502	0	0	0	0	0	0	0	0	0	11322	0	0	0	0	0	0	0	1226	0	110	0	0	0	0	0	0	0	540	0	0	0	222	0	690	0	1246	0	2796	0	0	0	134	0	242	0	0	0	98	0	580	0	116	0	466	0	0	0	0	0	0	0	5972	0	104	0	3982	0	0	0	4006	0	106	0	0	0	0	0	0	0	0	0	0	0	0	0	0	0	0	0	0	0	0	0	0	0	0	0	
27248	Heschl_R	0	154	0	0	0	0	0	0	0	0	0	158	0	0	0	0	0	3068	0	0	0	0	0	0	0	0	0	0	0	3104	0	0	0	0	0	0	0	282	0	0	0	0	0	126	0	0	0	0	0	0	0	0	0	322	0	328	0	216	0	170	0	124	0	132	0	0	0	138	0	0	0	122	0	146	0	0	0	0	0	0	0	3584	0	0	0	812	0	0	0	638	0	0	0	0	0	0	0	0	0	0	0	0	0	0	0	0	0	0	0	0	0	0	0	0	0	0	
234832	Temporal_Sup_L	5256	0	3798	0	0	0	474	0	0	0	3568	0	440	0	0	0	12030	0	3132	0	0	0	0	0	0	0	0	0	14418	0	0	0	0	0	254	0	3332	0	170	0	0	0	294	0	144	0	404	0	0	0	2132	0	600	0	3558	0	5768	0	0	0	546	0	9292	0	1262	0	386	0	2054	0	488	0	1034	0	0	0	136	0	5972	0	0	0	5802	0	22144	0	0	0	7880	0	426	0	0	0	0	0	0	0	222	0	0	0	0	0	0	0	0	0	0	0	0	0	0	0	0	0	
190088	Temporal_Sup_R	0	1604	0	574	0	0	0	420	0	0	0	1078	0	102	0	0	0	8174	0	394	0	0	0	0	0	0	0	0	0	10826	0	0	0	134	0	948	0	3194	0	1206	0	0	0	616	0	488	0	246	0	440	0	1742	0	1928	0	2598	0	2628	0	2486	0	2318	0	6488	0	5758	0	2294	0	250	0	252	0	3186	0	0	0	180	0	3584	0	0	0	3058	0	19116	0	510	0	6062	0	162	0	0	0	0	0	0	0	0	0	0	0	0	0	0	0	0	0	0	0	0	0	0	0	0	
118420	Temporal_Pole_Sup_L	366	0	2324	0	626	0	366	0	0	0	3924	0	1246	0	910	0	3398	0	2206	0	1050	0	0	0	0	0	126	0	11486	0	0	0	0	0	0	0	1752	0	580	0	868	0	0	0	0	0	0	0	0	0	0	0	0	0	2640	0	98	0	0	0	0	0	0	0	0	0	0	0	0	0	1006	0	3228	0	0	0	0	0	104	0	5802	0	0	0	7182	0	3180	0	3490	0	296	0	0	0	0	0	362	0	594	0	0	0	0	0	0	0	0	0	0	0	0	0	0	0	0	0	
60684	Temporal_Pole_Sup_R	0	0	0	674	0	198	0	268	0	0	0	850	0	98	0	348	0	678	0	512	0	488	0	0	0	0	0	0	0	3128	0	124	0	0	0	0	0	572	0	2082	0	1864	0	0	0	0	0	0	0	0	0	0	0	0	0	2372	0	0	0	0	0	0	0	0	0	0	0	0	0	0	0	544	0	1388	0	0	0	0	0	0	0	3058	0	0	0	5680	0	2966	0	2450	0	0	0	0	0	0	0	0	0	0	0	0	0	0	0	0	0	0	0	0	0	0	0	0	0	0	
348384	Temporal_Mid_L	7198	0	2902	0	0	0	448	0	0	0	490	0	0	0	0	0	1864	0	520	0	0	0	0	0	0	0	0	0	7292	0	0	0	0	0	234	0	4168	0	350	0	0	0	1174	0	438	0	746	0	118	0	21554	0	4342	0	6546	0	838	0	108	0	11178	0	14740	0	13896	0	710	0	2856	0	106	0	422	0	0	0	182	0	3982	0	22144	0	7182	0	0	0	3798	0	30944	0	568	0	0	0	0	0	0	0	154	0	0	0	0	0	0	0	0	0	0	0	0	0	0	0	0	0	
280632	Temporal_Mid_R	0	1164	0	238	0	0	0	0	0	0	0	0	0	0	0	0	0	848	0	122	0	0	0	0	0	0	0	0	0	3272	0	0	0	0	0	1758	0	3320	0	1086	0	362	0	1496	0	2076	0	218	0	3296	0	17150	0	4534	0	2456	0	1216	0	7722	0	10920	0	9476	0	16122	128	2284	0	0	0	0	0	1028	0	0	0	0	0	812	0	19116	0	5680	0	0	0	1190	0	21050	0	176	0	0	0	0	0	0	0	0	0	0	0	0	0	0	0	0	0	0	0	0	0	0	0	0	
20620	Temporal_Pole_Mid_L	0	0	0	0	0	0	0	0	0	0	0	0	0	0	0	0	0	0	0	0	0	0	0	0	0	0	0	0	0	0	0	0	0	0	0	0	0	0	154	0	0	0	0	0	0	0	0	0	0	0	0	0	0	0	914	0	0	0	0	0	0	0	0	0	0	0	0	0	0	0	0	0	0	0	0	0	0	0	0	0	0	0	3180	0	3798	0	0	0	2264	0	0	0	0	0	0	0	0	0	0	0	0	0	0	0	0	0	0	0	0	0	0	0	0	0	0	0	
20348	Temporal_Pole_Mid_R	0	0	0	346	0	0	0	0	0	0	0	220	0	0	0	0	0	0	0	334	0	0	0	0	0	0	0	0	0	1028	0	102	0	0	0	0	0	156	0	522	0	0	0	0	0	0	0	0	0	0	0	0	0	0	0	692	0	0	0	0	0	0	0	0	0	0	0	0	0	0	0	324	0	1020	0	0	0	0	0	0	0	510	0	2966	0	1190	0	0	0	764	0	0	0	0	0	0	0	0	0	0	0	0	0	0	0	0	0	0	0	0	0	0	0	0	0	0	
293420	Temporal_Inf_L	5554	0	2936	0	0	0	236	0	0	0	526	0	0	0	0	0	2078	0	1518	0	0	0	0	0	0	0	0	0	10278	0	0	0	0	0	496	0	15194	0	1404	0	964	0	798	0	186	0	500	0	0	0	3702	0	6932	0	23360	0	534	0	0	0	2374	0	4042	0	1154	0	780	0	2328	0	136	0	2838	0	0	0	620	0	4006	0	7880	0	3490	0	30944	0	2264	0	0	0	3410	0	570	0	0	0	184	0	1550	0	264	0	544	0	136	0	0	0	0	0	0	0	0	0	0	0	
341436	Temporal_Inf_R	0	2548	0	1614	0	0	0	0	0	0	0	350	0	0	0	0	0	1242	0	870	0	0	0	0	0	0	0	0	0	3738	0	0	0	0	102	2750	0	19636	0	12088	0	1196	0	2022	0	1536	0	1250	0	1304	0	3360	0	15372	0	27664	0	2222	0	3180	0	4850	0	7644	0	3818	186	3490	0	192	0	370	0	4708	0	0	0	498	0	638	0	6062	0	2450	0	21050	0	764	0	0	0	4830	0	288	0	224	0	2232	0	1668	0	278	0	318	0	0	0	0	0	0	116	0	0	0	0	0	
413896	Cerebelum_Crus1_L	184	0	228	0	0	0	0	0	0	0	0	0	0	0	0	0	0	0	270	0	0	0	0	0	0	0	0	0	2314	0	0	0	0	0	0	0	3070	0	1906	0	450	0	110	820	0	624	3052	2664	0	636	0	0	970	132	24320	760	0	0	0	0	0	0	0	0	0	0	0	196	136	0	0	0	532	0	0	0	0	0	106	0	426	0	296	0	568	0	0	0	3410	0	0	1268	30394	2530	682	156	14066	766	48536	2858	15270	918	16422	1556	4112	782	484	0	642	1190	3674	4524	5286	1228	1424	0	
412528	Cerebelum_Crus1_R	0	140	0	340	0	0	0	0	0	0	0	0	0	0	0	0	0	0	0	122	0	0	0	0	0	0	0	0	0	118	0	0	0	0	0	0	0	3462	0	4256	0	140	100	494	0	280	128	3568	0	258	0	0	0	978	250	15078	0	0	0	0	0	130	0	154	0	0	0	238	0	0	0	0	0	392	0	0	0	124	0	0	0	162	0	0	0	176	0	0	0	4830	1268	0	2124	33218	0	6148	118	23584	1110	47072	786	12540	248	18004	430	3936	100	0	592	2890	2370	3444	5566	2414	2204	180	
321112	Cerebelum_Crus2_L	0	0	0	0	0	0	0	0	0	0	0	0	0	0	0	0	0	0	0	0	0	0	0	0	0	0	0	0	0	0	0	0	0	0	0	0	0	0	174	0	0	0	0	196	0	98	590	878	0	110	0	0	268	106	1914	492	0	0	0	0	0	0	0	0	0	0	0	0	0	0	0	0	0	0	0	0	0	0	0	0	0	0	0	0	0	0	0	0	570	0	30394	2124	0	12494	0	0	664	0	6512	1166	35448	3726	28962	3958	7038	1688	424	0	0	0	0	1118	12888	4250	2306	0	
309808	Cerebelum_Crus2_R	0	0	0	0	0	0	0	0	0	0	0	0	0	0	0	0	0	0	0	0	0	0	0	0	0	0	0	0	0	0	0	0	0	0	0	0	0	474	0	604	0	0	0	0	0	0	0	544	0	0	0	0	0	0	180	1060	0	0	0	0	0	0	0	0	0	0	0	0	0	0	0	0	0	0	0	0	0	0	0	0	0	0	0	0	0	0	0	0	0	288	2530	33218	12494	0	0	442	0	2158	382	8252	9046	24136	3924	27682	340	5480	0	0	0	310	190	424	12626	5714	2406	0	
35612	Cerebelum_3_L	0	0	0	0	0	0	0	0	0	0	0	0	0	0	0	0	0	0	0	0	0	0	0	0	0	0	0	0	384	0	0	0	0	0	0	0	412	0	384	0	184	0	0	0	0	0	362	214	0	0	0	0	0	0	476	0	0	0	0	0	0	0	0	0	0	0	0	0	0	0	0	0	0	0	0	0	0	0	0	0	0	0	0	0	0	0	0	0	0	0	682	0	0	0	0	178	5928	138	2582	0	0	0	98	0	342	178	0	0	1032	2644	830	432	0	0	134	192	
79244	Cerebelum_3_R	0	0	0	0	0	0	0	0	0	0	0	0	0	0	0	0	0	0	0	0	0	0	0	0	0	0	0	0	0	0	0	0	0	0	0	0	0	124	112	210	0	0	0	0	0	0	262	1400	0	0	0	0	0	276	106	1022	0	0	0	0	0	0	0	0	0	0	0	0	0	0	0	0	0	0	0	0	0	0	0	0	0	0	0	0	0	0	0	0	0	224	156	6148	0	442	178	0	606	8374	432	8654	0	0	0	278	0	818	0	0	946	5730	1834	524	0	148	432	186	
255228	Cerebelum_4_5_L	0	0	0	0	0	0	0	0	0	0	0	0	0	0	0	0	0	0	0	0	0	0	0	0	0	0	0	0	1718	0	0	0	0	0	0	0	1860	0	2390	0	658	0	550	0	0	0	8104	1414	0	0	592	0	2374	0	15856	134	0	0	0	0	0	0	0	0	0	0	0	0	0	0	0	0	154	0	0	0	0	0	0	0	0	0	362	0	0	0	0	0	184	0	14066	118	664	0	5928	606	0	2364	33664	1822	194	0	296	108	4986	1222	496	0	1916	4012	13450	2942	0	204	1292	914	
256196	Cerebelum_4_5_R	0	0	0	0	0	0	0	0	0	0	0	0	0	0	0	0	0	0	0	0	0	0	0	0	0	0	0	0	0	0	0	0	0	0	120	704	0	4068	0	6442	0	310	100	600	0	344	348	7826	0	270	0	0	0	1032	202	11578	0	0	0	0	0	0	0	0	0	0	0	954	0	0	0	0	0	176	0	0	0	0	0	0	0	0	0	0	0	0	0	0	0	2232	766	23584	0	2158	138	8374	2364	0	2026	30578	0	756	0	1420	618	840	134	0	542	4074	8746	1660	472	494	814	234	
450844	Cerebelum_6_L	0	0	0	0	0	0	0	0	0	0	0	0	0	0	0	0	0	0	196	0	0	0	0	0	0	0	0	0	3614	0	0	0	0	0	0	0	4026	0	2956	0	1094	0	514	1698	0	1320	8824	6156	0	1266	676	0	3728	236	34176	1090	0	0	0	0	0	0	0	0	0	0	0	368	0	0	0	0	516	0	0	0	0	0	0	0	222	0	594	0	154	0	0	0	1550	0	48536	1110	6512	382	2582	432	33664	2026	0	5060	3812	0	4556	0	7894	842	1392	0	1432	2444	11632	12190	1852	158	1346	594	
398584	Cerebelum_6_R	0	0	0	0	0	0	0	0	0	0	0	0	0	0	0	0	0	0	0	0	0	0	0	0	0	0	0	0	0	0	0	0	0	0	0	0	0	2522	0	3820	0	166	0	1638	0	1150	520	10236	0	1100	0	144	0	1248	972	16188	0	0	0	0	0	0	0	0	0	0	0	372	0	0	0	0	0	242	0	0	0	0	0	0	0	0	0	0	0	0	0	0	0	1668	2858	47072	1166	8252	0	8654	1822	30578	5060	0	212	3628	148	6442	2452	3782	348	172	1128	5008	7706	9470	4294	2892	3802	360	
258148	Cerebelum_7b_L	0	0	0	0	0	0	0	0	0	0	0	0	0	0	0	0	0	0	0	0	0	0	0	0	0	0	0	0	0	0	0	0	0	0	0	0	0	0	0	0	0	0	0	0	0	0	0	158	0	0	0	0	0	0	324	0	0	0	0	0	0	0	0	0	0	0	0	0	0	0	0	0	0	0	0	0	0	0	0	0	0	0	0	0	0	0	0	0	264	0	15270	786	35448	9046	0	0	194	0	3812	212	0	5024	28402	4558	5620	1620	738	0	0	0	0	324	9330	5914	2030	0	
183928	Cerebelum_7b_R	0	0	0	0	0	0	0	0	0	0	0	0	0	0	0	0	0	0	0	0	0	0	0	0	0	0	0	0	0	0	0	0	0	0	0	0	0	442	0	478	0	0	0	0	0	0	0	0	0	0	0	0	0	0	0	752	0	0	0	0	0	0	0	0	0	0	0	0	0	0	0	0	0	0	0	0	0	0	0	0	0	0	0	0	0	0	0	0	0	278	918	12540	3726	24136	0	0	0	756	0	3628	5024	0	3294	21604	410	3540	0	0	0	0	112	116	4128	4774	1194	114	
260848	Cerebelum_8_L	0	0	0	0	0	0	0	0	0	0	0	0	0	0	0	0	0	0	0	0	0	0	0	0	0	0	0	0	0	0	0	0	0	0	0	0	0	0	0	0	0	0	0	0	0	0	0	98	0	0	0	0	0	0	344	0	0	0	0	0	0	0	0	0	0	0	0	0	0	0	0	0	0	0	0	0	0	0	0	0	0	0	0	0	0	0	0	0	544	0	16422	248	28962	3924	98	0	296	0	4556	148	28402	3294	0	4950	15016	3326	1472	0	0	0	102	232	5012	8716	4262	0	
253652	Cerebelum_8_R	0	0	0	0	0	0	0	0	0	0	0	0	0	0	0	0	0	0	0	0	0	0	0	0	0	0	0	0	0	0	0	0	0	0	0	0	0	576	0	678	0	0	0	0	0	0	0	0	0	0	0	0	0	0	0	1112	0	0	0	0	0	0	0	0	0	0	0	0	0	0	0	0	0	0	0	0	0	0	0	0	0	0	0	0	0	0	0	0	0	318	1556	18004	3958	27682	0	278	108	1420	0	6442	4558	21604	4950	0	854	14770	0	238	0	186	198	184	7014	6356	3632	150	
160584	Cerebelum_9_L	0	0	0	0	0	0	0	0	0	0	0	0	0	0	0	0	0	0	0	0	0	0	0	0	0	0	0	0	132	0	0	0	0	0	0	0	132	0	0	0	0	0	114	642	0	478	556	2758	0	430	0	0	0	128	418	602	0	0	0	0	0	0	0	0	0	0	0	0	0	0	0	0	0	0	0	0	0	0	0	0	0	0	0	0	0	0	0	0	136	0	4112	430	7038	340	342	0	4986	618	7894	2452	5620	410	15016	854	0	2408	4002	0	116	248	4034	5144	1168	2368	3884	282	
158092	Cerebelum_9_R	0	0	0	0	0	0	0	0	0	0	0	0	0	0	0	0	0	0	0	0	0	0	0	0	0	0	0	0	0	0	0	0	0	0	0	0	0	0	0	168	0	0	0	0	0	0	0	1196	0	0	0	0	0	0	0	1246	0	0	0	0	0	0	0	0	0	0	0	0	0	0	0	0	0	0	0	0	0	0	0	0	0	0	0	0	0	0	0	0	0	0	782	3936	1688	5480	178	818	1222	840	842	3782	1620	3540	3326	14770	2408	0	0	1486	1112	1690	2836	3746	4440	6360	8478	1056	
24468	Cerebelum_10_L	0	0	0	0	0	0	0	0	0	0	0	0	0	0	0	0	0	0	0	0	0	0	0	0	0	0	0	0	0	0	0	0	0	0	0	0	0	0	0	0	0	0	0	154	0	108	0	648	0	0	0	0	0	0	0	0	0	0	0	0	0	0	0	0	0	0	0	0	0	0	0	0	0	0	0	0	0	0	0	0	0	0	0	0	0	0	0	0	0	0	484	100	424	0	0	0	496	134	1392	348	738	0	1472	0	4002	0	0	0	0	0	556	1004	0	0	174	0	
7156	Cerebelum_10_R	0	0	0	0	0	0	0	0	0	0	0	0	0	0	0	0	0	0	0	0	0	0	0	0	0	0	0	0	0	0	0	0	0	0	0	0	0	0	0	0	0	0	0	0	0	0	0	118	0	0	0	0	0	0	0	122	0	0	0	0	0	0	0	0	0	0	0	0	0	0	0	0	0	0	0	0	0	0	0	0	0	0	0	0	0	0	0	0	0	0	0	0	0	0	0	0	0	0	0	172	0	0	0	238	0	1486	0	0	0	0	202	300	170	254	516	0	
39020	Vermis_1_2	0	0	0	0	0	0	0	0	0	0	0	0	0	0	0	0	0	0	0	0	0	0	0	0	0	0	0	0	0	0	0	0	0	0	0	0	0	0	0	0	0	0	0	0	0	0	0	166	0	0	0	0	0	0	0	100	0	0	0	0	0	0	0	0	0	0	0	0	0	0	0	0	0	0	0	0	0	0	0	0	0	0	0	0	0	0	0	0	0	0	642	592	0	0	1032	946	1916	542	1432	1128	0	0	0	0	116	1112	0	0	0	6784	1794	578	0	134	348	148	
