data	data	612160	301512	1.27753e+06	812972	372380	97516	456868	291688	221744	52832	287120	192968	457980	125384	436656	202544	235800	181480	754916	803716	52088	50072	321684	431736	21444	131372	52840	36900	791012	365584	228120	543352	165504	529568	191836	293704	307332	355576	86876	212932	51388	78700	307680	463076	204996	302496	420068	444448	237120	286536	636540	380992	264276	101268	487324	525084	257992	215676	263764	101404	193008	79288	150452	117960	117620	115884	376600	570972	130780	206232	372808	465744	335800	389452	88540	27076	229044	186712	83796	36828	244844	166140	136692	105088	417108	313704	29652	31452	353784	243664	431572	606908	337248	385140	48788	72096	400292	349232	573440	554524	224976	181480	305996	380260	185008	190532	34120	8644	27404	87536	340308	213844	206396	147496	113444	32852	
data	data	Precentral_L	Precentral_R	Frontal_Sup_L	Frontal_Sup_R	Frontal_Sup_Orb_L	Frontal_Sup_Orb_R	Frontal_Mid_L	Frontal_Mid_R	Frontal_Mid_Orb_L	Frontal_Mid_Orb_R	Frontal_Inf_Oper_L	Frontal_Inf_Oper_R	Frontal_Inf_Tri_L	Frontal_Inf_Tri_R	Frontal_Inf_Orb_L	Frontal_Inf_Orb_R	Rolandic_Oper_L	Rolandic_Oper_R	Supp_Motor_Area_L	Supp_Motor_Area_R	Olfactory_L	Olfactory_R	Frontal_Sup_Medial_L	Frontal_Sup_Medial_R	Frontal_Med_Orb_L	Frontal_Med_Orb_R	Rectus_L	Rectus_R	Insula_L	Insula_R	Cingulum_Ant_L	Cingulum_Ant_R	Cingulum_Mid_L	Cingulum_Mid_R	Cingulum_Post_L	Cingulum_Post_R	Hippocampus_L	Hippocampus_R	ParaHippocampal_L	ParaHippocampal_R	Amygdala_L	Amygdala_R	Calcarine_L	Calcarine_R	Cuneus_L	Cuneus_R	Lingual_L	Lingual_R	Occipital_Sup_L	Occipital_Sup_R	Occipital_Mid_L	Occipital_Mid_R	Occipital_Inf_L	Occipital_Inf_R	Fusiform_L	Fusiform_R	Postcentral_L	Postcentral_R	Parietal_Sup_L	Parietal_Sup_R	Parietal_Inf_L	Parietal_Inf_R	SupraMarginal_L	SupraMarginal_R	Angular_L	Angular_R	Precuneus_L	Precuneus_R	Paracentral_Lobule_L	Paracentral_Lobule_R	Caudate_L	Caudate_R	Putamen_L	Putamen_R	Pallidum_L	Pallidum_R	Thalamus_L	Thalamus_R	Heschl_L	Heschl_R	Temporal_Sup_L	Temporal_Sup_R	Temporal_Pole_Sup_L	Temporal_Pole_Sup_R	Temporal_Mid_L	Temporal_Mid_R	Temporal_Pole_Mid_L	Temporal_Pole_Mid_R	Temporal_Inf_L	Temporal_Inf_R	Cerebelum_Crus1_L	Cerebelum_Crus1_R	Cerebelum_Crus2_L	Cerebelum_Crus2_R	Cerebelum_3_L	Cerebelum_3_R	Cerebelum_4_5_L	Cerebelum_4_5_R	Cerebelum_6_L	Cerebelum_6_R	Cerebelum_7b_L	Cerebelum_7b_R	Cerebelum_8_L	Cerebelum_8_R	Cerebelum_9_L	Cerebelum_9_R	Cerebelum_10_L	Cerebelum_10_R	Vermis_1_2	Vermis_3	Vermis_4_5	Vermis_6	Vermis_7	Vermis_8	Vermis_9	Vermis_10	
612160	Precentral_L	0	2612	29562	3362	1950	0	16282	0	648	0	11932	0	3848	0	958	0	10024	0	7564	11562	194	0	0	0	0	0	0	0	16472	220	0	0	1480	5416	6960	8162	11634	4354	454	186	0	0	1404	0	398	0	294	1266	242	0	6830	0	1532	0	1538	114	34106	0	3014	0	6790	0	5228	0	970	0	2000	1460	10846	1718	5906	888	7666	268	4690	280	29544	2316	4650	0	3766	0	334	0	6194	0	0	0	3882	0	0	0	0	0	0	0	0	0	0	0	0	0	0	0	0	0	0	0	0	0	110	0	0	0	0	0	
301512	Precentral_R	2612	0	5694	10586	1944	0	264	9596	700	0	0	10604	588	1304	1166	118	0	3610	4090	10686	0	0	0	214	0	0	132	0	2476	2768	142	470	128	2766	1552	762	0	4848	0	2660	0	0	0	2634	0	160	0	762	0	0	0	2266	0	416	0	3640	278	17066	0	0	0	354	0	4102	0	164	0	3136	300	7134	7886	2314	1388	3170	0	322	714	1886	0	298	0	1580	0	0	0	4000	0	0	0	2306	0	0	0	0	0	0	0	0	0	0	0	0	0	0	0	0	0	0	0	0	0	0	0	0	0	0	
1.27753e+06	Frontal_Sup_L	29562	5694	0	18398	22416	214	59266	6222	4840	0	25024	412	40520	0	24878	324	13668	176	92146	24770	0	0	38228	8618	436	1632	458	0	50356	804	15860	11838	3622	6882	858	1586	3576	3056	0	304	0	0	208	140	0	0	0	368	0	0	370	0	0	0	608	164	6214	1192	130	0	150	0	0	170	102	0	278	390	5750	438	27872	11478	21294	7052	8890	216	7850	6180	1058	0	8214	158	4172	0	274	0	0	0	504	136	0	0	0	0	0	0	0	0	100	0	0	0	0	0	0	0	0	0	0	0	0	0	0	0	0	0	
812972	Frontal_Sup_R	3362	10586	18398	0	1822	3384	1018	41998	632	752	112	8648	1422	7850	1834	11264	162	10956	16266	55616	0	0	9588	41018	0	3198	0	0	2534	15140	4764	34618	472	16020	1772	998	128	2480	0	616	0	102	0	532	0	0	0	434	0	0	0	190	0	0	0	668	466	1232	0	0	0	0	0	184	0	0	0	896	1068	282	5816	30828	576	19362	160	2716	508	8750	0	552	0	562	0	454	0	416	0	0	0	304	0	0	0	0	0	0	0	0	0	0	0	0	0	0	0	0	0	0	0	0	0	0	0	0	0	0	
372380	Frontal_Sup_Orb_L	1950	1944	22416	1822	0	0	3522	938	27846	0	0	0	4922	0	25374	0	0	0	5718	5528	1678	608	5082	630	968	0	4796	0	26548	198	3898	872	400	2558	136	826	380	1356	0	150	234	0	0	200	0	0	0	0	0	0	0	0	0	0	0	98	150	450	0	0	0	0	0	0	0	0	0	654	750	1002	12048	994	12734	772	170	0	506	1546	0	0	182	0	636	0	0	0	0	0	0	0	0	0	0	0	0	0	0	0	0	0	0	0	0	0	0	0	0	0	0	0	0	0	0	0	0	0	
97516	Frontal_Sup_Orb_R	0	0	214	3384	0	0	0	1718	0	6062	0	0	0	372	0	3796	0	0	190	766	0	598	138	4122	114	7904	0	5570	0	848	456	4524	0	152	0	0	0	0	0	0	0	0	0	0	0	0	0	0	0	0	0	0	0	0	0	0	0	0	0	0	0	0	0	0	0	0	0	0	0	0	170	4624	0	3036	0	0	0	0	0	0	0	0	0	0	0	0	0	0	0	0	0	0	0	0	0	0	0	0	0	0	0	0	0	0	0	0	0	0	0	0	0	0	0	0	0	0	
456868	Frontal_Mid_L	16282	264	59266	1018	3522	0	0	0	2594	0	14372	0	44174	0	16412	0	1692	0	5664	1520	0	0	14062	1344	0	208	0	0	18518	0	2592	1598	0	938	392	590	2468	170	0	0	0	0	178	0	0	0	0	158	0	0	192	0	0	0	230	0	1798	0	100	0	102	0	0	0	0	0	200	208	1102	260	460	1498	4182	766	1992	0	3320	188	444	0	848	0	0	0	218	0	0	0	330	0	0	0	0	0	0	0	0	0	0	0	0	0	0	0	0	0	0	0	0	0	0	0	0	0	0	0	
291688	Frontal_Mid_R	0	9596	6222	41998	938	1718	0	0	268	1418	0	5040	532	12056	724	9634	0	7352	4962	2370	0	0	520	4514	0	308	0	0	1560	7242	534	4792	0	932	0	0	0	1210	0	432	0	0	0	120	0	0	0	0	0	0	0	0	0	0	0	398	0	1014	0	0	0	0	0	112	0	0	0	110	0	0	3946	5350	448	5490	0	104	0	998	0	450	0	148	0	120	0	164	0	0	0	0	0	0	0	0	0	0	0	0	0	0	0	0	0	0	0	0	0	0	0	0	0	0	0	0	0	0	
221744	Frontal_Mid_Orb_L	648	700	4840	632	27846	0	2594	268	0	0	0	0	2036	0	24342	0	0	0	3458	4540	638	0	438	0	98	0	3362	0	13854	0	766	0	320	2534	0	444	190	104	0	0	0	0	0	186	0	0	0	0	0	0	0	0	0	0	0	0	0	142	0	0	0	0	0	0	0	0	0	636	312	990	3800	404	8868	0	0	0	0	166	0	0	144	0	572	0	0	0	0	0	0	0	0	0	0	0	0	0	0	0	0	0	0	0	0	0	0	0	0	0	0	0	0	0	0	0	0	0	
52832	Frontal_Mid_Orb_R	0	0	0	752	0	6062	0	1418	0	0	0	184	0	838	0	7508	0	0	138	680	0	186	0	980	0	536	0	1220	0	992	0	1370	0	598	0	0	0	0	0	0	0	0	0	0	0	0	0	0	0	0	0	0	0	0	0	0	0	0	0	0	0	0	0	0	0	0	0	0	0	0	0	1520	0	1434	0	0	0	0	0	0	0	0	0	0	0	0	0	0	0	0	0	0	0	0	0	0	0	0	0	0	0	0	0	0	0	0	0	0	0	0	0	0	0	0	0	0	
287120	Frontal_Inf_Oper_L	11932	0	25024	112	0	0	14372	0	0	0	0	0	19640	0	1672	0	13452	0	7166	468	0	0	154	0	0	0	0	0	22708	0	104	0	0	94	0	240	844	0	0	0	0	0	0	0	0	0	0	166	0	0	0	0	0	0	102	0	3654	0	0	0	0	0	0	0	0	0	0	0	306	0	132	0	4710	0	2474	106	304	206	888	0	6954	0	5284	0	98	0	0	0	194	0	0	0	0	0	0	0	0	0	0	0	0	0	0	0	0	0	0	0	0	0	0	0	0	0	0	0	
192968	Frontal_Inf_Oper_R	0	10604	412	8648	0	0	0	5040	0	184	0	0	0	8996	0	7578	0	7422	292	6416	0	0	140	1776	0	124	0	0	106	16334	152	3532	0	3004	0	0	0	1060	0	174	0	0	0	0	0	0	0	0	0	0	0	0	0	0	0	146	0	1164	0	0	0	0	0	118	0	0	0	0	0	0	404	3410	0	4382	0	264	0	560	0	628	0	1558	0	1544	0	312	0	0	0	0	0	0	0	0	0	0	0	0	0	0	0	0	0	0	0	0	0	0	0	0	0	0	0	0	0	0	
457980	Frontal_Inf_Tri_L	3848	588	40520	1422	4922	0	44174	532	2036	0	19640	0	0	0	36776	0	1956	0	9722	1418	0	0	8816	576	0	0	0	0	30192	320	3024	1134	244	408	0	112	512	342	0	0	0	0	0	0	0	0	0	0	0	0	0	0	0	0	142	110	662	0	0	0	0	0	0	0	0	0	0	0	310	0	5102	2688	2902	260	1026	0	152	364	130	0	824	0	948	0	0	0	0	0	136	0	0	0	0	0	0	0	0	0	0	0	0	0	0	0	0	0	0	0	0	0	0	0	0	0	0	0	
125384	Frontal_Inf_Tri_R	0	1304	0	7850	0	372	0	12056	0	838	0	8996	0	0	0	10748	0	932	0	462	0	0	118	2344	0	110	0	0	0	7508	158	5588	0	286	0	0	0	0	0	0	0	0	0	0	0	0	0	0	0	0	0	0	0	0	0	0	0	0	0	0	0	0	0	0	0	0	0	0	0	0	0	948	0	1306	0	0	0	0	0	102	0	336	0	330	0	0	0	0	0	0	0	0	0	0	0	0	0	0	0	0	0	0	0	0	0	0	0	0	0	0	0	0	0	0	0	0	
436656	Frontal_Inf_Orb_L	958	1166	24878	1834	25374	0	16412	724	24342	0	1672	0	36776	0	0	0	584	0	10360	5610	1444	124	7430	474	0	0	648	0	23218	328	832	740	564	2888	0	468	536	390	0	0	234	0	0	200	0	0	0	0	0	0	0	0	0	0	170	120	0	172	0	0	0	0	0	0	0	0	0	662	400	1026	8328	2902	10844	278	116	0	0	414	0	0	340	0	1348	0	0	0	0	0	0	0	0	0	0	0	0	0	0	0	0	0	0	0	0	0	0	0	0	0	0	0	0	0	0	0	0	0	
202544	Frontal_Inf_Orb_R	0	118	324	11264	0	3796	0	9634	0	7508	0	7578	0	10748	0	0	0	3306	1206	6256	0	318	890	5124	0	232	0	558	0	14144	0	4834	0	3034	0	0	0	366	0	0	0	0	0	0	0	0	0	0	0	0	0	0	0	0	0	0	0	0	0	0	0	0	0	0	0	0	0	0	0	0	150	2866	0	4472	0	0	0	0	0	0	0	1032	0	1058	0	456	0	0	0	0	0	0	0	0	0	0	0	0	0	0	0	0	0	0	0	0	0	0	0	0	0	0	0	0	0	0	
235800	Rolandic_Oper_L	10024	0	13668	162	0	0	1692	0	0	0	13452	0	1956	0	584	0	0	0	6130	244	0	0	0	0	0	0	0	0	18746	0	0	0	0	0	190	526	1222	188	180	0	0	0	200	0	0	0	0	346	0	0	1584	0	154	0	414	0	10708	0	860	0	0	0	2656	0	268	0	548	190	150	0	138	0	2420	0	996	0	490	142	5030	0	12974	0	4548	0	2290	0	0	0	1830	0	0	0	0	0	0	0	0	0	0	0	0	0	0	0	0	0	0	0	0	0	0	0	0	0	0	0	
181480	Rolandic_Oper_R	0	3610	176	10956	0	0	0	7352	0	0	0	7422	0	932	0	3306	0	0	0	3118	0	0	146	756	0	0	0	0	0	17108	0	948	0	1228	0	0	0	1506	0	180	0	0	0	156	0	0	0	0	0	0	0	246	0	0	0	166	0	4972	0	0	0	0	0	4036	0	0	0	162	0	0	100	1424	0	3498	0	0	0	968	0	4738	0	7374	0	2978	0	1082	0	0	0	96	0	0	0	0	0	0	0	0	0	0	0	0	0	0	0	0	0	0	0	0	0	0	0	0	0	0	
754916	Supp_Motor_Area_L	7564	4090	92146	16266	5718	190	5664	4962	3458	138	7166	292	9722	0	10360	1206	6130	0	0	40072	0	0	7810	5386	0	1268	218	0	21668	534	6904	7840	11128	17652	2220	1728	1396	1828	0	174	0	0	138	200	0	0	0	106	0	0	0	0	0	0	474	0	1196	944	0	0	0	0	0	124	0	0	330	1108	6008	944	20316	9250	11864	5326	3106	356	1048	4474	182	0	3932	0	2842	0	0	0	0	0	292	0	0	0	0	0	0	0	0	0	0	0	0	0	0	0	0	0	0	0	0	0	0	0	0	0	0	0	
803716	Supp_Motor_Area_R	11562	10686	24770	55616	5528	766	1520	2370	4540	680	468	6416	1418	462	5610	6256	244	3118	40072	0	0	0	2380	14156	0	974	0	0	6376	7156	2336	18174	3562	53784	3484	9966	376	2358	0	1164	0	0	174	3578	166	720	0	2278	0	102	0	822	0	312	0	2196	960	416	0	0	0	0	0	452	0	0	354	9160	4172	17800	5790	20454	2202	8260	982	762	850	6006	0	102	0	568	0	278	0	1642	0	0	0	1504	0	0	0	0	0	0	0	0	0	0	0	0	0	0	0	0	0	0	0	0	448	0	0	0	0	0	
52088	Olfactory_L	194	0	0	0	1678	0	0	0	638	0	0	0	0	0	1444	0	0	0	0	0	0	4338	0	0	236	108	2822	104	2062	0	2240	1242	0	0	0	0	512	0	0	0	578	0	0	0	0	0	0	0	0	0	0	0	0	0	264	0	0	0	0	0	0	0	0	0	0	0	0	0	0	0	4266	652	1968	0	118	0	196	94	0	0	0	0	290	0	0	0	0	0	0	0	0	0	0	0	0	0	0	0	0	0	0	0	0	0	0	0	0	0	0	0	0	0	0	0	0	0	
50072	Olfactory_R	0	0	0	0	608	598	0	0	0	186	0	0	0	0	124	318	0	0	0	0	4338	0	0	0	118	450	2696	1356	0	1724	2294	1830	0	0	0	0	0	314	0	156	0	696	0	0	0	0	0	0	0	0	0	0	0	0	0	0	0	0	0	0	0	0	0	0	0	0	0	0	0	0	4002	1004	1392	242	0	0	0	280	0	0	0	0	0	310	0	0	0	0	0	0	0	0	0	0	0	0	0	0	0	0	0	0	0	0	0	0	0	0	0	0	0	0	0	0	0	0	
321684	Frontal_Sup_Medial_L	0	0	38228	9588	5082	138	14062	520	438	0	154	140	8816	118	7430	890	0	146	7810	2380	0	0	0	19200	1074	1200	354	0	1688	232	17442	12514	2844	6352	0	0	0	0	0	0	0	0	0	0	0	0	0	0	0	0	0	0	0	0	0	0	0	0	0	0	0	0	0	0	0	0	0	0	0	0	140	668	724	470	0	0	0	0	0	0	0	0	0	0	0	0	0	0	0	0	0	0	0	0	0	0	0	0	0	0	0	0	0	0	0	0	0	0	0	0	0	0	0	0	0	0	
431736	Frontal_Sup_Medial_R	0	214	8618	41018	630	4122	1344	4514	0	980	0	1776	576	2344	474	5124	0	756	5386	14156	0	0	19200	0	828	10314	0	0	350	2790	5930	37100	0	12274	0	0	0	94	0	0	0	0	0	0	0	0	0	0	0	0	0	0	0	0	0	0	0	0	0	0	0	0	0	0	0	0	0	0	0	0	1074	19494	126	14010	0	0	0	252	0	0	0	0	0	0	0	0	0	0	0	0	0	0	0	0	0	0	0	0	0	0	0	0	0	0	0	0	0	0	0	0	0	0	0	0	0	0	
21444	Frontal_Med_Orb_L	0	0	436	0	968	114	0	0	98	0	0	0	0	0	0	0	0	0	0	0	236	118	1074	828	0	1718	1028	372	0	0	2202	960	0	0	0	0	0	0	0	0	0	0	0	0	0	0	0	0	0	0	0	0	0	0	0	0	0	0	0	0	0	0	0	0	0	0	0	0	0	0	120	194	256	0	0	0	0	0	0	0	0	0	0	0	0	0	0	0	0	0	0	0	0	0	0	0	0	0	0	0	0	0	0	0	0	0	0	0	0	0	0	0	0	0	0	0	
131372	Frontal_Med_Orb_R	0	0	1632	3198	0	7904	208	308	0	536	0	124	0	110	0	232	0	0	1268	974	108	450	1200	10314	1718	0	278	4966	0	154	3512	11616	0	106	0	0	0	0	0	0	0	0	0	0	0	0	0	0	0	0	0	0	0	0	0	0	0	0	0	0	0	0	0	0	0	0	0	0	0	0	236	8574	0	5960	0	0	0	0	0	0	0	0	0	0	0	0	0	0	0	0	0	0	0	0	0	0	0	0	0	0	0	0	0	0	0	0	0	0	0	0	0	0	0	0	0	0	
52840	Rectus_L	0	132	458	0	4796	0	0	0	3362	0	0	0	0	0	648	0	0	0	218	0	2822	2696	354	0	1028	278	0	190	838	0	2052	628	0	0	0	0	0	0	0	0	0	0	0	0	0	0	0	0	0	0	0	0	0	0	0	0	0	0	0	0	0	0	0	0	0	0	0	0	0	0	2928	306	2686	0	0	0	0	0	0	0	0	0	0	0	0	0	0	0	0	0	0	0	0	0	0	0	0	0	0	0	0	0	0	0	0	0	0	0	0	0	0	0	0	0	0	0	
36900	Rectus_R	0	0	0	0	0	5570	0	0	0	1220	0	0	0	0	0	558	0	0	0	0	104	1356	0	0	372	4966	190	0	0	432	202	1916	0	0	0	0	0	0	0	0	0	0	0	0	0	0	0	0	0	0	0	0	0	0	0	0	0	0	0	0	0	0	0	0	0	0	0	0	0	0	0	1408	0	156	0	0	0	0	0	0	0	0	0	0	0	0	0	0	0	0	0	0	0	0	0	0	0	0	0	0	0	0	0	0	0	0	0	0	0	0	0	0	0	0	0	0	
791012	Insula_L	16472	2476	50356	2534	26548	0	18518	1560	13854	0	22708	106	30192	0	23218	0	18746	0	21668	6376	2062	0	1688	350	0	0	838	0	0	218	2588	778	470	3048	1460	2938	16364	2058	394	170	3372	0	272	222	106	0	158	1284	0	0	692	0	290	0	4848	116	4016	482	228	0	0	0	250	0	0	0	590	1240	1072	1118	13064	978	20456	830	1614	0	3304	2034	8250	0	13510	0	10898	0	2828	0	0	0	5280	98	182	0	0	0	0	0	0	0	646	0	282	0	0	0	0	0	0	0	0	0	140	0	0	0	0	0	
365584	Insula_R	220	2768	804	15140	198	848	0	7242	0	992	0	16334	320	7508	328	14144	0	17108	534	7156	0	1724	232	2790	0	154	0	432	218	0	304	6054	0	2820	0	442	0	9064	0	1910	0	1012	0	310	0	0	0	0	0	0	0	546	0	0	0	2374	0	1468	0	0	0	0	0	232	0	0	0	316	0	0	1176	4736	0	21672	0	0	762	4678	0	3782	0	11706	0	5340	0	2838	0	0	0	1750	0	132	0	0	0	0	0	0	0	174	0	0	0	0	0	0	0	0	0	0	0	0	0	0	0	0	
228120	Cingulum_Ant_L	0	142	15860	4764	3898	456	2592	534	766	0	104	152	3024	158	832	0	0	0	6904	2336	2240	2294	17442	5930	2202	3512	2052	202	2588	304	0	16380	5438	3380	0	0	0	0	0	0	0	0	0	0	0	0	0	0	0	0	0	0	0	0	0	0	0	0	0	0	0	0	0	0	0	0	0	0	0	0	2098	2710	1776	990	0	0	0	0	0	0	0	0	0	0	0	0	0	0	0	0	0	0	0	0	0	0	0	0	0	0	0	0	0	0	0	0	0	0	0	0	0	0	0	0	0	0	
543352	Cingulum_Ant_R	0	470	11838	34618	872	4524	1598	4792	0	1370	0	3532	1134	5588	740	4834	0	948	7840	18174	1242	1830	12514	37100	960	11616	628	1916	778	6054	16380	0	1664	18496	0	0	0	110	0	0	0	0	0	0	0	0	0	0	0	0	0	0	0	0	0	0	0	0	0	0	0	0	0	0	0	0	0	0	0	0	2848	31838	440	21598	0	130	0	410	0	0	0	136	0	116	0	0	0	0	0	0	0	0	0	0	0	0	0	0	0	0	0	0	0	0	0	0	0	0	0	0	0	0	0	0	0	0	
165504	Cingulum_Mid_L	1480	128	3622	472	400	0	0	0	320	0	0	0	244	0	564	0	0	0	11128	3562	0	0	2844	0	0	0	0	0	470	0	5438	1664	0	12018	7286	1418	166	0	0	0	0	0	2130	640	2168	498	628	0	912	158	1758	332	108	0	0	0	0	0	300	0	0	0	0	0	0	0	8022	3302	6228	688	342	360	348	0	0	0	0	0	0	0	0	0	0	0	320	136	0	0	150	0	0	0	0	0	0	0	0	0	0	0	0	0	0	0	0	0	0	0	0	0	0	0	0	0	0	0	
529568	Cingulum_Mid_R	5416	2766	6882	16020	2558	152	938	932	2534	598	94	3004	408	286	2888	3034	0	1228	17652	53784	0	0	6352	12274	0	106	0	0	3048	2820	3380	18496	12018	0	5092	12520	0	248	0	146	0	0	244	6914	150	2188	0	2884	0	508	0	1768	0	610	0	574	248	268	0	0	0	96	0	336	0	254	2356	18228	2384	13362	1182	4254	808	2846	476	0	300	478	0	0	0	188	0	104	0	1774	0	0	0	702	0	0	0	0	0	0	0	0	0	0	0	0	0	0	0	0	0	0	0	0	626	0	0	0	0	0	
191836	Cingulum_Post_L	6960	1552	858	1772	136	0	392	0	0	0	0	0	0	0	0	0	190	0	2220	3484	0	0	0	0	0	0	0	0	1460	0	0	0	7286	5092	0	11036	7398	2920	1210	1000	0	0	4462	230	2312	302	2150	188	784	0	1098	138	356	0	904	1194	1106	0	166	0	0	0	0	0	0	0	10428	3504	4414	354	288	152	124	0	0	0	1958	140	918	0	298	0	0	0	1034	0	0	0	1370	462	0	0	0	0	0	0	0	0	0	0	0	0	0	0	0	0	0	0	0	0	118	0	0	0	0	0	
293704	Cingulum_Post_R	8162	762	1586	998	826	0	590	0	444	0	240	0	112	0	468	0	526	0	1728	9966	0	0	0	0	0	0	0	0	2938	442	0	0	1418	12520	11036	0	5238	10654	206	2610	0	0	0	3240	0	1734	0	8738	0	174	126	628	216	622	570	4644	1432	0	0	0	0	0	0	0	0	0	590	18282	588	5308	1446	302	520	470	200	0	9922	4080	1296	0	260	128	0	0	390	616	0	0	816	1988	0	0	0	0	0	0	0	108	0	146	0	0	0	0	0	0	0	0	0	0	3802	0	0	0	0	0	
307332	Hippocampus_L	11634	0	3576	128	380	0	2468	0	190	0	844	0	512	0	536	0	1222	0	1396	376	512	0	0	0	0	0	0	0	16364	0	0	0	166	0	7398	5238	0	2034	8586	0	9518	0	1970	0	96	0	4666	2056	0	0	328	0	708	0	14562	0	2252	0	0	0	0	0	240	0	0	0	3904	1258	284	0	178	0	6778	0	1144	0	7310	0	3710	0	3924	0	4254	0	4150	0	516	0	12848	0	614	0	134	0	0	0	158	0	1514	0	488	0	0	0	0	0	0	0	0	208	336	0	0	0	0	0	
355576	Hippocampus_R	4354	4848	3056	2480	1356	0	170	1210	104	0	0	1060	342	0	390	366	188	1506	1828	2358	0	314	0	94	0	0	0	0	2058	9064	0	110	0	248	2920	10654	2034	0	0	25158	0	11128	0	292	0	0	0	3756	0	0	0	414	0	0	188	24676	654	194	0	0	0	0	0	0	0	0	0	5044	0	702	4004	0	382	9236	0	0	8314	6772	530	962	0	2504	0	4052	146	2642	0	798	318	9078	0	0	0	0	0	0	0	1004	0	418	0	0	0	0	0	0	0	0	0	0	1310	0	0	0	0	0	
86876	ParaHippocampal_L	454	0	0	0	0	0	0	0	0	0	0	0	0	0	0	0	180	0	0	0	0	0	0	0	0	0	0	0	394	0	0	0	0	0	1210	206	8586	0	0	0	2068	0	960	0	0	0	6182	126	0	0	216	0	396	0	9834	0	114	0	0	0	0	0	0	0	0	0	2150	0	0	0	0	0	334	0	0	0	998	0	130	0	94	0	1476	0	556	0	1442	0	792	0	1462	0	162	0	244	212	370	0	1554	0	0	0	164	0	0	0	0	0	0	372	0	0	0	0	0	0	
212932	ParaHippocampal_R	186	2660	304	616	150	0	0	432	0	0	0	174	0	0	0	0	0	180	174	1164	0	156	0	0	0	0	0	0	170	1910	0	0	0	146	1000	2610	0	25158	0	0	0	7054	0	414	0	0	0	6990	0	0	0	184	0	248	0	27210	0	98	0	0	0	0	0	0	0	0	0	2308	0	652	480	0	0	1674	0	0	662	1190	0	142	0	632	0	4326	0	1158	0	2588	0	5604	0	236	0	0	0	572	0	3444	0	840	0	0	0	0	0	0	0	0	0	0	570	0	0	0	0	0	
51388	Amygdala_L	0	0	0	0	234	0	0	0	0	0	0	0	0	0	234	0	0	0	0	0	578	0	0	0	0	0	0	0	3372	0	0	0	0	0	0	0	9518	0	2068	0	0	0	0	0	0	0	0	0	0	0	0	0	0	0	3274	0	0	0	0	0	0	0	0	0	0	0	0	0	0	0	150	0	702	0	0	0	0	0	0	0	0	0	2224	0	424	0	648	0	2154	0	0	0	0	0	0	0	0	0	114	0	0	0	0	0	0	0	0	0	0	0	0	0	0	0	0	0	
78700	Amygdala_R	0	0	0	102	0	0	0	0	0	0	0	0	0	0	0	0	0	0	0	0	0	696	0	0	0	0	0	0	0	1012	0	0	0	0	0	0	0	11128	0	7054	0	0	0	0	0	0	0	0	0	0	0	0	0	0	0	8998	0	0	0	0	0	0	0	0	0	0	0	0	0	0	0	0	0	282	0	0	0	268	0	0	0	0	0	5156	0	246	0	1440	0	2968	0	0	0	0	0	0	0	0	0	0	0	0	0	0	0	0	0	0	0	0	0	0	0	0	0	0	
307680	Calcarine_L	1404	0	208	0	0	0	178	0	0	0	0	0	0	0	0	0	200	0	138	174	0	0	0	0	0	0	0	0	272	0	0	0	2130	244	4462	0	1970	0	960	0	0	0	0	5130	16472	5624	17132	1238	13112	1882	31350	334	5900	0	3030	0	124	0	1238	808	242	0	0	0	582	0	18848	2718	922	0	0	0	0	0	0	0	108	0	108	0	206	0	0	0	10774	0	0	0	3498	0	0	0	0	0	0	0	0	0	120	0	0	0	0	0	0	0	0	0	0	0	0	0	0	0	0	0	
463076	Calcarine_R	0	2634	140	532	200	0	0	120	186	0	0	0	0	0	200	0	0	156	200	3578	0	0	0	0	0	0	0	0	222	310	0	0	640	6914	230	3240	0	292	0	414	0	0	5130	0	2638	27114	6494	26742	94	27654	98	29162	0	6018	0	11334	0	4420	0	2792	0	132	0	614	0	1128	3306	37462	98	5440	122	0	104	0	0	0	0	100	0	0	0	328	0	0	0	7110	0	0	0	4994	0	0	0	0	0	0	0	0	0	328	0	0	0	0	0	0	0	0	0	0	110	264	0	0	0	0	
204996	Cuneus_L	398	0	0	0	0	0	0	0	0	0	0	0	0	0	0	0	0	0	0	166	0	0	0	0	0	0	0	0	106	0	0	0	2168	150	2312	0	96	0	0	0	0	0	16472	2638	0	7872	4692	120	21328	2392	15258	228	1030	0	666	0	0	0	1022	950	232	0	0	0	162	0	15448	3970	686	0	0	0	0	0	0	0	0	0	0	0	0	0	0	0	964	0	0	0	762	0	0	0	0	0	0	0	0	0	210	0	0	0	0	0	0	0	0	0	0	0	0	0	0	0	0	0	
302496	Cuneus_R	0	160	0	0	0	0	0	0	0	0	0	0	0	0	0	0	0	0	0	720	0	0	0	0	0	0	0	0	0	0	0	0	498	2188	302	1734	0	0	0	0	0	0	5624	27114	7872	0	3306	6142	812	29290	586	16232	0	204	0	790	0	2300	0	5164	0	520	0	526	0	758	6328	29358	0	1326	0	0	0	0	0	0	0	0	0	0	0	0	0	0	0	1276	0	0	0	118	0	0	0	0	0	0	0	0	0	0	0	0	0	0	0	0	0	0	0	0	0	0	0	0	0	0	
420068	Lingual_L	294	0	0	0	0	0	0	0	0	0	0	0	0	0	0	0	0	0	0	0	0	0	0	0	0	0	0	0	158	0	0	0	628	0	2150	0	4666	0	6182	0	0	0	17132	6494	4692	3306	0	6208	6442	2958	17594	1132	13724	242	29496	1098	0	0	284	622	130	0	0	0	250	504	8236	860	100	0	0	0	100	0	0	0	874	0	0	0	0	0	0	0	754	0	0	0	590	0	13598	1800	1944	1140	0	0	14840	1494	25448	2486	0	128	140	100	0	0	0	0	0	214	4284	2742	1776	0	0	0	
444448	Lingual_R	1266	762	368	434	0	0	158	0	0	0	166	0	0	0	0	0	346	0	106	2278	0	0	0	0	0	0	0	0	1284	0	0	0	0	2884	188	8738	2056	3756	126	6990	0	0	1238	26742	120	6142	6208	0	0	9500	236	13612	396	5920	1488	26116	256	630	0	248	0	0	0	310	0	216	172	14336	0	1660	170	0	150	0	0	0	2878	820	652	0	150	98	0	0	166	2806	0	0	396	1868	716	5190	288	1294	0	512	6236	9898	6244	11376	0	0	0	160	508	108	0	0	0	102	11146	8206	2062	0	150	422	
237120	Occipital_Sup_L	242	0	0	0	0	0	0	0	0	0	0	0	0	0	0	0	0	0	0	0	0	0	0	0	0	0	0	0	0	0	0	0	912	0	784	0	0	0	0	0	0	0	13112	94	21328	812	6442	0	0	0	36556	0	1524	0	906	0	440	0	10360	0	3674	0	0	0	290	0	19436	638	162	0	0	0	0	0	0	0	0	0	0	0	0	0	0	0	624	0	0	0	0	0	0	0	0	0	0	0	0	0	224	0	0	0	0	0	0	0	0	0	0	0	0	0	0	0	0	0	
286536	Occipital_Sup_R	0	0	0	0	0	0	0	0	0	0	0	0	0	0	0	0	0	0	0	102	0	0	0	0	0	0	0	0	0	0	0	0	158	508	0	174	0	0	0	0	0	0	1882	27654	2392	29290	2958	9500	0	0	0	27118	0	556	0	2442	0	1608	0	10606	0	438	0	0	0	4284	2530	18564	0	128	0	0	0	0	0	0	0	0	0	0	0	0	0	0	0	376	0	0	0	0	0	0	0	0	0	0	0	0	0	0	0	0	0	0	0	0	0	0	0	0	0	0	0	0	0	0	
636540	Occipital_Mid_L	6830	0	370	0	0	0	192	0	0	0	0	0	0	0	0	0	1584	0	0	0	0	0	0	0	0	0	0	0	692	0	0	0	1758	0	1098	126	328	0	216	0	0	0	31350	98	15258	586	17594	236	36556	0	0	0	24080	0	11150	0	6920	0	40644	0	15700	0	5810	0	15434	0	27650	596	2334	0	0	0	0	0	0	0	0	0	248	0	2918	0	0	0	38172	0	0	0	9526	0	628	0	0	0	0	0	0	0	1368	0	0	0	0	0	0	0	0	0	0	0	0	220	0	0	0	0	
380992	Occipital_Mid_R	0	2266	0	190	0	0	0	0	0	0	0	0	0	0	0	0	0	246	0	822	0	0	0	0	0	0	0	0	0	546	0	0	332	1768	138	628	0	414	0	184	0	0	334	29162	228	16232	1132	13612	0	27118	0	0	0	5412	0	6438	0	5298	0	2478	0	4320	0	1200	0	11118	1182	16798	0	3500	0	0	0	0	0	0	0	0	0	100	0	4246	0	0	0	27738	0	0	0	5020	0	0	0	0	0	0	0	0	0	160	0	0	0	0	0	0	0	0	0	0	0	136	0	0	0	0	
264276	Occipital_Inf_L	1532	0	0	0	0	0	0	0	0	0	0	0	0	0	0	0	154	0	0	0	0	0	0	0	0	0	0	0	290	0	0	0	108	0	356	216	708	0	396	0	0	0	5900	0	1030	0	13724	396	1524	0	24080	0	0	0	24340	0	670	0	1720	0	708	0	122	0	96	0	1942	0	178	0	0	0	0	0	0	0	228	0	332	0	256	0	0	0	12382	0	0	0	10494	0	9544	0	378	0	0	0	5390	0	10980	206	218	0	414	0	152	0	110	0	0	0	482	382	0	0	0	0	
101268	Occipital_Inf_R	0	416	0	0	0	0	0	0	0	0	0	0	0	0	0	0	0	0	0	312	0	0	0	0	0	0	0	0	0	0	0	0	0	610	0	622	0	0	0	248	0	0	0	6018	0	204	242	5920	0	556	0	5412	0	0	108	10364	0	280	0	0	0	0	0	98	0	0	0	2832	0	372	0	0	0	0	0	0	0	0	0	0	0	0	0	0	0	2492	0	0	0	5676	0	418	0	0	0	0	776	826	1218	1996	0	0	0	0	0	0	0	0	0	0	1238	1380	0	0	0	0	
487324	Fusiform_L	1538	0	608	0	0	0	230	0	0	0	102	0	142	0	170	0	414	0	474	0	264	0	0	0	0	0	0	0	4848	0	0	0	0	0	904	570	14562	188	9834	0	3274	0	3030	0	666	0	29496	1488	906	0	11150	0	24340	108	0	340	102	0	136	0	0	0	186	0	0	0	2098	204	162	0	0	0	1572	0	0	0	838	0	1446	0	2018	0	2364	0	3336	0	1178	0	15612	0	31488	266	3084	0	602	0	18174	366	40122	1062	1810	0	1370	0	290	0	146	0	0	104	2424	1456	0	0	0	0	
525084	Fusiform_R	114	3640	164	668	98	0	0	398	0	0	0	146	110	0	120	0	0	166	0	2196	0	0	0	0	0	0	0	0	116	2374	0	0	0	574	1194	4644	0	24676	0	27210	0	8998	0	11334	0	790	1098	26116	0	2442	0	6438	0	10364	340	0	0	278	0	0	0	0	0	0	0	0	0	8506	0	1682	392	0	0	1798	0	0	366	704	0	198	0	2320	0	4964	0	7770	0	2954	0	27568	156	16220	0	934	0	534	2908	11124	2902	19596	0	0	0	624	244	156	0	0	0	0	6336	3742	702	206	130	0	
257992	Postcentral_L	34106	278	6214	466	150	0	1798	0	0	0	3654	0	662	0	0	0	10708	0	1196	960	0	0	0	0	0	0	0	0	4016	0	0	0	0	248	1106	1432	2252	654	114	0	0	0	124	0	0	0	0	256	440	0	6920	0	670	0	102	0	0	0	7872	0	19466	0	9158	0	348	0	1708	302	1868	0	220	182	1282	0	126	98	1352	0	1386	0	2718	0	296	0	1842	0	0	0	246	0	0	0	0	0	0	0	0	0	0	0	0	0	0	0	0	0	0	0	0	0	0	0	0	0	0	0	
215676	Postcentral_R	0	17066	1192	1232	450	0	0	1014	142	0	0	1164	0	0	172	0	0	4972	944	416	0	0	0	0	0	0	0	0	482	1468	0	0	0	268	0	0	0	194	0	98	0	0	0	4420	0	2300	0	630	0	1608	0	5298	0	280	0	278	0	0	0	6204	0	4006	0	15164	0	1746	0	12950	0	7814	1530	108	322	0	0	0	0	0	0	976	0	1456	0	134	0	8642	0	0	0	698	0	0	0	0	0	0	0	0	0	0	0	0	0	0	0	0	0	0	0	0	0	0	0	0	0	0	
263764	Parietal_Sup_L	3014	0	130	0	0	0	100	0	0	0	0	0	0	0	0	0	860	0	0	0	0	0	0	0	0	0	0	0	228	0	0	0	300	0	166	0	0	0	0	0	0	0	1238	0	1022	0	284	0	10360	0	40644	0	1720	0	136	0	7872	0	0	0	13076	0	4978	0	5500	0	16902	0	1140	0	0	0	0	0	0	0	0	0	182	0	2322	0	0	0	14194	0	0	0	5514	0	0	0	0	0	0	0	0	0	0	0	0	0	0	0	0	0	0	0	0	0	0	0	0	0	0	0	
101404	Parietal_Sup_R	0	0	0	0	0	0	0	0	0	0	0	0	0	0	0	0	0	0	0	0	0	0	0	0	0	0	0	0	0	0	0	0	0	0	0	0	0	0	0	0	0	0	808	2792	950	5164	622	248	0	10606	0	2478	0	0	0	0	0	6204	0	0	0	2982	0	1278	0	4206	0	9354	0	2056	0	0	0	0	0	0	0	0	0	0	0	0	0	0	0	588	0	0	0	366	0	0	0	0	0	0	0	0	0	0	0	0	0	0	0	0	0	0	0	0	0	0	0	0	0	0	
193008	Parietal_Inf_L	6790	0	150	0	0	0	102	0	0	0	0	0	0	0	0	0	0	0	0	0	0	0	0	0	0	0	0	0	0	0	0	0	0	0	0	0	0	0	0	0	0	0	242	0	232	0	130	0	3674	0	15700	0	708	0	0	0	19466	0	13076	0	0	0	14380	0	12314	0	1606	0	572	0	0	0	0	0	0	0	0	0	0	0	354	0	0	0	3414	0	0	0	3594	0	0	0	0	0	0	0	0	0	0	0	0	0	0	0	0	0	0	0	0	0	0	0	0	0	0	0	
79288	Parietal_Inf_R	0	354	0	0	0	0	0	0	0	0	0	0	0	0	0	0	0	0	0	0	0	0	0	0	0	0	0	0	0	0	0	0	0	96	0	0	0	0	0	0	0	0	0	132	0	520	0	0	0	438	0	4320	0	0	0	0	0	4006	0	2982	0	0	0	9052	0	12602	0	1260	0	538	94	0	0	0	0	0	0	0	0	0	0	532	0	0	0	2718	0	0	0	0	0	0	0	0	0	0	0	0	0	0	0	0	0	0	0	0	0	0	0	0	0	0	0	0	0	0	
150452	SupraMarginal_L	5228	0	0	0	0	0	0	0	0	0	0	0	0	0	0	0	2656	0	0	0	0	0	0	0	0	0	0	0	250	0	0	0	0	0	0	0	240	0	0	0	0	0	0	0	0	0	0	0	0	0	5810	0	122	0	186	0	9158	0	4978	0	14380	0	0	0	8006	0	1870	0	0	0	0	0	0	0	0	0	0	0	0	0	8006	0	0	0	7640	0	0	0	6696	0	0	0	0	0	0	0	0	0	0	0	0	0	0	0	0	0	0	0	0	0	0	0	0	0	0	0	
117960	SupraMarginal_R	0	4102	170	184	0	0	0	112	0	0	0	118	0	0	0	0	0	4036	124	452	0	0	0	0	0	0	0	0	0	232	0	0	0	336	0	0	0	0	0	0	0	0	0	614	0	526	0	310	0	0	0	1200	0	98	0	0	0	15164	0	1278	0	9052	0	0	0	6014	0	928	0	434	186	0	0	0	0	0	0	0	0	364	0	5868	0	0	0	7078	0	0	0	0	0	0	0	0	0	0	0	0	0	0	0	0	0	0	0	0	0	0	0	0	0	0	0	0	0	0	
117620	Angular_L	970	0	102	0	0	0	0	0	0	0	0	0	0	0	0	0	268	0	0	0	0	0	0	0	0	0	0	0	0	0	0	0	0	0	0	0	0	0	0	0	0	0	582	0	162	0	250	0	290	0	15434	0	96	0	0	0	348	0	5500	0	12314	0	8006	0	0	0	612	0	310	0	0	0	0	0	0	0	0	0	0	0	1442	0	0	0	7658	0	0	0	4466	0	0	0	0	0	0	0	0	0	0	0	0	0	0	0	0	0	0	0	0	0	0	0	0	0	0	0	
115884	Angular_R	0	164	0	0	0	0	0	0	0	0	0	0	0	0	0	0	0	0	0	0	0	0	0	0	0	0	0	0	0	0	0	0	0	254	0	0	0	0	0	0	0	0	0	1128	0	758	504	216	0	4284	0	11118	0	0	0	0	0	1746	0	4206	0	12602	0	6014	0	0	0	1752	0	474	0	0	0	0	0	0	0	0	0	0	0	4104	0	0	0	8618	0	0	0	0	0	0	0	0	0	0	0	0	0	0	0	0	0	0	0	0	0	0	0	0	0	0	0	0	0	0	
376600	Precuneus_L	2000	0	278	0	0	0	200	0	0	0	0	0	0	0	0	0	548	0	330	354	0	0	0	0	0	0	0	0	590	0	0	0	8022	2356	10428	590	3904	0	2150	0	0	0	18848	3306	15448	6328	8236	172	19436	2530	27650	1182	1942	0	2098	0	1708	0	16902	0	1606	0	1870	0	612	0	0	9798	3050	418	0	0	0	0	0	0	132	0	190	0	1282	0	0	0	7792	150	0	0	3864	0	0	0	0	0	0	0	0	0	0	0	0	0	0	0	0	0	0	0	0	0	0	0	0	0	0	0	
570972	Precuneus_R	1460	3136	390	896	654	0	208	110	636	0	0	0	0	0	662	0	190	162	1108	9160	0	0	0	0	0	0	0	0	1240	316	0	0	3302	18228	3504	18282	1258	5044	0	2308	0	0	2718	37462	3970	29358	860	14336	638	18564	596	16798	0	2832	204	8506	302	12950	0	9354	0	1260	0	928	0	1752	9798	0	484	15930	304	134	344	0	182	0	2448	414	498	0	0	344	0	0	150	9206	0	0	326	5272	0	0	0	0	0	0	0	534	0	170	0	0	0	0	0	0	0	0	0	0	3306	0	0	0	0	0	
130780	Paracentral_Lobule_L	10846	300	5750	1068	750	0	1102	0	312	0	306	0	310	0	400	0	150	0	6008	4172	0	0	0	0	0	0	0	0	1072	0	0	0	6228	2384	4414	588	284	0	0	0	0	0	922	98	686	0	100	0	162	0	2334	0	178	0	162	0	1868	0	1140	0	572	0	0	0	310	0	3050	484	0	296	1254	594	530	0	698	0	1110	0	0	0	94	0	0	0	1632	0	0	0	672	0	0	0	0	0	0	0	0	0	0	0	0	0	0	0	0	0	0	0	0	0	0	0	0	0	0	0	
206232	Paracentral_Lobule_R	1718	7134	438	282	1002	0	260	0	990	0	0	0	0	0	1026	0	0	0	944	17800	0	0	0	0	0	0	0	0	1118	0	0	0	688	13362	354	5308	0	702	0	652	0	0	0	5440	0	1326	0	1660	0	128	0	3500	0	372	0	1682	0	7814	0	2056	0	538	0	434	0	474	418	15930	296	0	288	342	268	0	0	0	182	402	0	0	0	208	0	0	0	3864	0	0	0	1508	0	0	0	0	0	0	0	0	0	0	0	0	0	0	0	0	0	0	0	0	208	0	0	0	0	0	
372808	Caudate_L	5906	7886	27872	5816	12048	170	460	3946	3800	0	132	404	5102	0	8328	150	138	100	20316	5790	4266	4002	140	1074	120	236	2928	0	13064	1176	2098	2848	342	1182	288	1446	178	4004	0	480	150	0	0	122	0	0	0	170	0	0	0	0	0	0	0	392	220	1530	0	0	0	94	0	186	0	0	0	304	1254	288	0	6704	9148	3010	1214	242	6032	6692	0	0	0	132	0	0	0	0	0	0	0	284	0	0	0	0	0	0	0	0	0	0	0	0	0	0	0	0	0	0	0	0	0	0	0	0	0	0	
465744	Caudate_R	888	2314	11478	30828	994	4624	1498	5350	404	1520	0	3410	2688	948	2902	2866	0	1424	9250	20454	652	1004	668	19494	194	8574	306	1408	978	4736	2710	31838	360	4254	152	302	0	0	0	0	0	0	0	0	0	0	0	0	0	0	0	0	0	0	0	0	182	108	0	0	0	0	0	0	0	0	0	134	594	342	6704	0	1346	26634	0	3650	570	10134	0	168	0	414	0	422	0	0	0	0	0	0	0	0	0	0	0	0	0	0	0	0	0	0	0	0	0	0	0	0	0	0	0	0	0	0	0	0	
335800	Putamen_L	7666	1388	21294	576	12734	0	4182	448	8868	0	4710	0	2902	0	10844	0	2420	0	11864	2202	1968	1392	724	126	256	0	2686	0	20456	0	1776	440	348	808	124	520	6778	382	334	0	702	0	0	104	0	0	100	150	0	0	0	0	0	0	1572	0	1282	322	0	0	0	0	0	0	0	0	0	344	530	268	9148	1346	0	170	11370	134	1564	684	0	0	1972	0	3474	0	164	0	0	0	1028	0	0	0	0	0	0	0	0	0	256	0	0	0	0	0	0	0	0	0	0	0	0	0	0	0	0	0	
389452	Putamen_R	268	3170	7052	19362	772	3036	766	5490	0	1434	0	4382	260	1306	278	4472	0	3498	5326	8260	0	242	470	14010	0	5960	0	156	830	21672	990	21598	0	2846	0	470	0	9236	0	1674	0	282	0	0	0	0	0	0	0	0	0	0	0	0	0	1798	0	0	0	0	0	0	0	0	0	0	0	0	0	0	3010	26634	170	0	0	3318	752	4508	0	98	0	1776	0	1310	0	532	0	0	0	1158	0	0	0	0	0	0	0	0	0	94	0	0	0	0	0	0	0	0	0	0	0	0	0	0	0	0	
88540	Pallidum_L	4690	0	8890	160	170	0	1992	0	0	0	2474	0	1026	0	116	0	996	0	3106	982	118	0	0	0	0	0	0	0	1614	0	0	0	0	476	0	200	1144	0	0	0	0	0	0	0	0	0	0	0	0	0	0	0	0	0	0	0	126	0	0	0	0	0	0	0	0	0	0	182	698	0	1214	0	11370	0	0	0	2040	0	0	0	486	0	0	0	0	0	0	0	0	0	0	0	0	0	0	0	0	0	0	0	0	0	0	0	0	0	0	0	0	0	0	0	0	0	0	0	
27076	Pallidum_R	280	322	216	2716	0	0	0	104	0	0	106	264	0	0	0	0	0	0	356	762	0	0	0	0	0	0	0	0	0	0	0	130	0	0	0	0	0	0	0	0	0	0	0	0	0	0	0	0	0	0	0	0	0	0	0	0	98	0	0	0	0	0	0	0	0	0	0	0	0	0	242	3650	134	3318	0	0	0	840	0	0	0	0	0	0	0	0	0	0	0	0	0	0	0	0	0	0	0	0	0	0	0	0	0	0	0	0	0	0	0	0	0	0	0	0	0	0	
229044	Thalamus_L	29544	714	7850	508	506	0	3320	0	0	0	304	0	152	0	0	0	490	0	1048	850	196	0	0	0	0	0	0	0	3304	762	0	0	0	300	1958	9922	7310	8314	998	662	0	0	108	0	0	0	874	2878	0	0	0	0	228	0	838	366	1352	0	0	0	0	0	0	0	0	0	132	2448	1110	182	6032	570	1564	752	2040	0	0	10004	1172	0	520	268	0	0	410	142	0	0	988	240	0	0	0	0	0	0	0	0	0	0	0	0	0	0	0	0	0	0	0	0	292	0	0	0	0	0	
186712	Thalamus_R	2316	1886	6180	8750	1546	0	188	998	166	0	206	560	364	0	414	0	142	968	4474	6006	94	280	0	252	0	0	0	0	2034	4678	0	410	0	478	140	4080	0	6772	0	1190	0	268	0	100	0	0	0	820	0	0	0	0	0	0	0	704	0	0	0	0	0	0	0	0	0	0	0	414	0	402	6692	10134	684	4508	0	840	10004	0	0	100	0	1300	0	120	0	280	0	0	0	414	0	0	0	0	0	0	0	0	0	0	0	0	0	0	0	0	0	0	0	0	0	0	0	0	0	0	
83796	Heschl_L	4650	0	1058	0	0	0	444	0	0	0	888	0	130	0	0	0	5030	0	182	0	0	0	0	0	0	0	0	0	8250	0	0	0	0	0	918	1296	3710	530	130	0	0	0	108	0	0	0	0	652	0	0	248	0	332	0	1446	0	1386	0	182	0	0	0	0	0	0	0	190	498	0	0	0	0	0	0	0	0	1172	0	0	0	3460	0	94	0	1982	0	0	0	2804	0	0	0	0	0	0	0	0	0	0	0	0	0	0	0	0	0	0	0	0	0	128	0	0	0	0	0	
36828	Heschl_R	0	298	0	552	0	0	0	450	0	0	0	628	0	102	0	0	0	4738	0	102	0	0	0	0	0	0	0	0	0	3782	0	0	0	0	0	0	0	962	0	142	0	0	0	0	0	0	0	0	0	0	0	100	0	0	0	198	0	976	0	0	0	0	0	364	0	0	0	0	0	0	0	168	0	98	0	0	0	100	0	0	0	3436	0	618	0	316	0	0	0	284	0	0	0	0	0	0	0	0	0	0	0	0	0	0	0	0	0	0	0	0	0	0	0	0	0	0	
244844	Temporal_Sup_L	3766	0	8214	0	182	0	848	0	144	0	6954	0	824	0	340	0	12974	0	3932	0	0	0	0	0	0	0	0	0	13510	0	0	0	0	0	298	260	3924	0	94	0	0	0	206	0	0	0	0	150	0	0	2918	0	256	0	2018	0	2718	0	2322	0	354	0	8006	0	1442	0	1282	0	94	0	0	0	1972	0	486	0	520	0	3460	0	0	0	6498	0	19906	0	0	0	11550	0	0	0	0	0	0	0	0	0	0	0	0	0	0	0	0	0	0	0	0	0	0	0	0	0	0	0	
166140	Temporal_Sup_R	0	1580	158	562	0	0	0	148	0	0	0	1558	0	336	0	1032	0	7374	0	568	0	0	0	0	0	0	0	0	0	11706	0	136	0	188	0	128	0	2504	0	632	0	0	0	328	0	0	0	98	0	0	0	4246	0	0	0	2320	0	1456	0	0	0	532	0	5868	0	4104	0	344	0	208	132	414	0	1776	0	0	268	1300	0	3436	0	0	0	7204	0	16400	0	0	0	3814	0	0	0	0	0	0	0	96	0	116	0	0	0	0	0	0	0	0	0	0	0	0	0	0	0	0	
136692	Temporal_Pole_Sup_L	334	0	4172	0	636	0	0	0	572	0	5284	0	948	0	1348	0	4548	0	2842	0	290	0	0	0	0	0	0	0	10898	0	0	0	0	0	0	0	4254	0	1476	0	2224	0	0	0	0	0	0	0	0	0	0	0	0	0	2364	0	296	0	0	0	0	0	0	0	0	0	0	0	0	0	0	0	3474	0	0	0	0	0	94	0	6498	0	0	0	5668	0	4840	0	4800	0	0	0	0	0	0	0	0	0	292	0	194	0	0	0	0	0	0	0	0	0	0	0	0	0	0	0	
105088	Temporal_Pole_Sup_R	0	0	0	454	0	0	0	120	0	0	0	1544	0	330	0	1058	0	2978	0	278	0	310	0	0	0	0	0	0	0	5340	0	116	0	104	0	0	0	4052	0	4326	0	5156	0	0	0	0	0	0	0	0	0	0	0	0	0	4964	0	134	0	0	0	0	0	0	0	0	0	0	0	0	0	422	0	1310	0	0	0	120	0	618	0	7204	0	0	0	4042	0	4898	0	2666	0	0	0	0	0	0	0	0	0	0	0	0	0	0	0	0	0	0	0	0	0	0	0	0	0	0	
417108	Temporal_Mid_L	6194	0	274	0	0	0	218	0	0	0	98	0	0	0	0	0	2290	0	0	0	0	0	0	0	0	0	0	0	2828	0	0	0	320	0	1034	390	4150	146	556	0	424	0	10774	0	964	0	754	166	624	0	38172	0	12382	0	3336	0	1842	0	14194	0	3414	0	7640	0	7658	0	7792	150	1632	0	0	0	164	0	0	0	410	0	1982	0	19906	0	5668	0	0	0	3158	0	46410	0	0	0	0	0	0	0	0	0	320	0	120	0	0	0	0	0	0	0	0	0	0	0	0	0	0	0	
313704	Temporal_Mid_R	0	4000	0	416	0	0	0	164	0	0	0	312	0	0	0	456	0	1082	0	1642	0	0	0	0	0	0	0	0	0	2838	0	0	136	1774	0	616	0	2642	0	1158	0	246	0	7110	0	1276	0	2806	0	376	0	27738	0	2492	0	7770	0	8642	0	588	0	2718	0	7078	0	8618	150	9206	0	3864	0	0	0	532	0	0	142	280	0	316	0	16400	0	4042	0	0	0	942	0	25946	0	112	0	0	0	0	0	100	0	126	0	0	0	0	0	0	0	0	0	0	0	0	0	0	0	0	
29652	Temporal_Pole_Mid_L	0	0	0	0	0	0	0	0	0	0	0	0	0	0	0	0	0	0	0	0	0	0	0	0	0	0	0	0	0	0	0	0	0	0	0	0	516	0	1442	0	648	0	0	0	0	0	0	0	0	0	0	0	0	0	1178	0	0	0	0	0	0	0	0	0	0	0	0	0	0	0	0	0	0	0	0	0	0	0	0	0	0	0	4840	0	3158	0	0	0	3044	0	0	0	0	0	0	0	0	0	0	0	0	0	0	0	0	0	0	0	0	0	0	0	0	0	0	0	
31452	Temporal_Pole_Mid_R	0	0	0	0	0	0	0	0	0	0	0	0	0	0	0	0	0	0	0	0	0	0	0	0	0	0	0	0	0	0	0	0	0	0	0	0	0	798	0	2588	0	1440	0	0	0	0	0	0	0	0	0	0	0	0	0	2954	0	0	0	0	0	0	0	0	0	0	0	0	0	0	0	0	0	0	0	0	0	0	0	0	0	0	0	4898	0	942	0	0	0	2106	0	0	0	0	0	0	0	0	0	0	0	0	0	0	0	0	0	0	0	0	0	0	0	0	0	0	
353784	Temporal_Inf_L	3882	0	504	0	0	0	330	0	0	0	194	0	136	0	0	0	1830	0	292	0	0	0	0	0	0	0	0	0	5280	0	0	0	150	0	1370	816	12848	318	792	0	2154	0	3498	0	762	0	590	396	0	0	9526	0	10494	0	15612	0	246	0	5514	0	3594	0	6696	0	4466	0	3864	326	672	0	0	0	1028	0	0	0	988	0	2804	0	11550	0	4800	0	46410	0	3044	0	0	0	3398	0	778	0	0	0	854	0	3166	0	770	0	150	0	0	0	0	0	0	0	0	0	0	0	0	0	
243664	Temporal_Inf_R	0	2306	136	304	0	0	0	0	0	0	0	0	0	0	0	0	0	96	0	1504	0	0	0	0	0	0	0	0	98	1750	0	0	0	702	462	1988	0	9078	0	5604	0	2968	0	4994	0	118	0	1868	0	0	0	5020	0	5676	0	27568	0	698	0	366	0	0	0	0	0	0	0	5272	0	1508	284	0	0	1158	0	0	240	414	0	284	0	3814	0	2666	0	25946	0	2106	0	0	0	2486	0	176	0	182	0	468	0	1118	0	0	0	0	0	0	0	0	0	0	406	0	0	0	0	0	
431572	Cerebelum_Crus1_L	0	0	0	0	0	0	0	0	0	0	0	0	0	0	0	0	0	0	0	0	0	0	0	0	0	0	0	0	182	0	0	0	0	0	0	0	614	0	1462	0	0	0	0	0	0	0	13598	716	0	0	628	0	9544	0	31488	156	0	0	0	0	0	0	0	0	0	0	0	0	0	0	0	0	0	0	0	0	0	0	0	0	0	0	0	0	0	0	0	0	3398	0	0	1194	32654	1438	1356	0	20332	614	54128	1172	7458	128	16810	328	5816	270	2956	0	0	206	1676	1534	2914	418	598	0	
606908	Cerebelum_Crus1_R	0	0	0	0	0	0	0	0	0	0	0	0	0	0	0	0	0	0	0	0	0	0	0	0	0	0	0	0	0	132	0	0	0	0	0	0	0	0	0	236	0	0	0	0	0	0	1800	5190	0	0	0	0	0	418	266	16220	0	0	0	0	0	0	0	0	0	0	0	0	0	0	0	0	0	0	0	0	0	0	0	0	0	0	0	0	0	112	0	0	0	2486	1194	0	1296	46600	510	5178	6818	32138	6708	68042	158	8104	346	32566	1604	10708	0	426	474	4286	17198	9884	12568	5044	4520	224	
337248	Cerebelum_Crus2_L	0	0	0	0	0	0	0	0	0	0	0	0	0	0	0	0	0	0	0	0	0	0	0	0	0	0	0	0	0	0	0	0	0	0	0	0	134	0	162	0	0	0	0	0	0	0	1944	288	0	0	0	0	378	0	3084	0	0	0	0	0	0	0	0	0	0	0	0	0	0	0	0	0	0	0	0	0	0	0	0	0	0	0	0	0	0	0	0	0	778	0	32654	1296	0	5178	0	0	1030	104	5958	482	39876	2860	41794	3838	10542	640	2500	0	0	0	200	888	6160	4782	1074	0	
385140	Cerebelum_Crus2_R	0	0	0	0	0	0	0	0	0	0	0	0	0	0	0	0	0	0	0	0	0	0	0	0	0	0	0	0	0	0	0	0	0	0	0	0	0	0	0	0	0	0	0	0	0	0	1140	1294	0	0	0	0	0	0	0	934	0	0	0	0	0	0	0	0	0	0	0	0	0	0	0	0	0	0	0	0	0	0	0	0	0	0	0	0	0	0	0	0	0	176	1438	46600	5178	0	224	644	242	2784	1970	11516	2166	30568	1958	47428	924	10628	0	392	242	772	970	3180	12416	4026	2642	118	
48788	Cerebelum_3_L	0	0	0	0	0	0	0	0	0	0	0	0	0	0	0	0	0	0	0	0	0	0	0	0	0	0	0	0	0	0	0	0	0	0	0	0	0	0	244	0	0	0	0	0	0	0	0	0	0	0	0	0	0	0	602	0	0	0	0	0	0	0	0	0	0	0	0	0	0	0	0	0	0	0	0	0	0	0	0	0	0	0	0	0	0	0	0	0	0	0	1356	510	0	224	0	776	8674	340	2998	1156	0	140	144	192	932	282	0	0	1144	2224	1344	736	128	114	134	0	
72096	Cerebelum_3_R	0	0	0	0	0	0	0	0	0	0	0	0	0	0	0	0	0	0	0	0	0	0	0	0	0	0	0	0	0	0	0	0	0	0	0	0	0	0	212	572	0	0	0	0	0	0	0	512	0	0	0	0	0	0	0	534	0	0	0	0	0	0	0	0	0	0	0	0	0	0	0	0	0	0	0	0	0	0	0	0	0	0	0	0	0	0	0	0	0	182	0	5178	0	644	776	0	836	7132	212	6434	0	0	0	658	152	1088	0	0	382	5964	1368	270	918	986	1038	0	
400292	Cerebelum_4_5_L	0	0	0	0	0	0	0	0	0	0	0	0	0	0	0	0	0	0	0	0	0	0	0	0	0	0	0	0	0	0	0	0	0	0	0	0	158	0	370	0	0	0	0	0	0	0	14840	6236	0	0	0	0	5390	776	18174	2908	0	0	0	0	0	0	0	0	0	0	0	0	0	0	0	0	0	0	0	0	0	0	0	0	0	0	0	0	0	0	0	0	854	0	20332	6818	1030	242	8674	836	0	12072	44786	12354	1614	0	1736	166	3946	446	166	0	1136	2006	22228	6848	300	288	938	1478	
349232	Cerebelum_4_5_R	0	0	0	0	0	0	0	0	0	0	0	0	0	0	0	0	0	0	0	0	0	0	0	0	0	0	0	0	0	0	0	0	0	0	0	108	0	1004	0	3444	0	0	0	0	0	0	1494	9898	0	0	0	0	0	826	366	11124	0	0	0	0	0	0	0	0	0	0	0	534	0	0	0	0	0	0	0	0	0	0	0	0	0	96	0	0	0	100	0	0	0	468	614	32138	104	2784	340	7132	12072	0	5558	40942	0	0	0	4466	714	1152	0	0	364	4708	24958	2650	1598	1324	1000	536	
573440	Cerebelum_6_L	0	0	100	0	0	0	0	0	0	0	0	0	0	0	0	0	0	0	0	0	0	0	0	0	0	0	0	0	646	0	0	0	0	0	0	0	1514	0	1554	0	114	0	120	0	210	0	25448	6244	224	0	1368	0	10980	1218	40122	2902	0	0	0	0	0	0	0	0	0	0	0	0	0	0	0	0	256	0	0	0	0	0	0	0	0	0	292	0	320	0	0	0	3166	0	54128	6708	5958	1970	2998	212	44786	5558	0	12050	3310	134	4520	352	7286	1382	610	0	514	972	13988	14708	3310	728	2198	1542	
554524	Cerebelum_6_R	0	0	0	0	0	0	0	0	0	0	0	0	0	0	0	0	0	0	0	0	0	0	0	0	0	0	0	0	0	174	0	0	0	0	0	146	0	418	0	840	0	0	0	328	0	0	2486	11376	0	0	0	160	206	1996	1062	19596	0	0	0	0	0	0	0	0	0	0	0	170	0	0	0	0	0	94	0	0	0	0	0	0	0	116	0	0	0	126	0	0	0	1118	1172	68042	482	11516	1156	6434	12354	40942	12050	0	0	0	0	11088	2734	4058	0	560	918	5556	26072	16694	7334	3878	3410	400	
224976	Cerebelum_7b_L	0	0	0	0	0	0	0	0	0	0	0	0	0	0	0	0	0	0	0	0	0	0	0	0	0	0	0	0	282	0	0	0	0	0	0	0	488	0	0	0	0	0	0	0	0	0	0	0	0	0	0	0	218	0	1810	0	0	0	0	0	0	0	0	0	0	0	0	0	0	0	0	0	0	0	0	0	0	0	0	0	0	0	194	0	120	0	0	0	770	0	7458	158	39876	2166	0	0	1614	0	3310	0	0	2628	34934	3246	6382	0	974	0	0	0	0	0	1682	4178	0	0	
181480	Cerebelum_7b_R	0	0	0	0	0	0	0	0	0	0	0	0	0	0	0	0	0	0	0	0	0	0	0	0	0	0	0	0	0	0	0	0	0	0	0	0	0	0	0	0	0	0	0	0	0	0	128	0	0	0	0	0	0	0	0	0	0	0	0	0	0	0	0	0	0	0	0	0	0	0	0	0	0	0	0	0	0	0	0	0	0	0	0	0	0	0	0	0	0	0	128	8104	2860	30568	140	0	0	0	134	0	2628	0	2576	30594	182	6340	0	0	156	118	0	0	2894	3190	0	0	
305996	Cerebelum_8_L	0	0	0	0	0	0	0	0	0	0	0	0	0	0	0	0	0	0	0	0	0	0	0	0	0	0	0	0	0	0	0	0	0	0	0	0	0	0	164	0	0	0	0	0	0	0	140	0	0	0	0	0	414	0	1370	0	0	0	0	0	0	0	0	0	0	0	0	0	0	0	0	0	0	0	0	0	0	0	0	0	0	0	0	0	0	0	0	0	150	0	16810	346	41794	1958	144	0	1736	0	4520	0	34934	2576	0	5416	23146	1006	4684	0	0	0	0	100	3340	6828	1422	0	
380260	Cerebelum_8_R	0	0	0	0	0	0	0	0	0	0	0	0	0	0	0	0	0	0	0	0	0	0	0	0	0	0	0	0	0	0	0	0	0	0	0	0	0	0	0	0	0	0	0	0	0	0	100	160	0	0	0	0	0	0	0	624	0	0	0	0	0	0	0	0	0	0	0	0	0	0	0	0	0	0	0	0	0	0	0	0	0	0	0	0	0	0	0	0	0	0	328	32566	3838	47428	192	658	166	4466	352	11088	3246	30594	5416	0	1012	24390	0	722	258	896	1068	646	8824	8480	2612	0	
185008	Cerebelum_9_L	0	0	0	0	0	0	0	0	0	0	0	0	0	0	0	0	0	0	0	0	0	0	0	0	0	0	0	0	0	0	0	0	0	0	0	0	0	0	0	0	0	0	0	0	0	0	0	508	0	0	0	0	152	0	290	244	0	0	0	0	0	0	0	0	0	0	0	0	0	0	0	0	0	0	0	0	0	0	0	0	0	0	0	0	0	0	0	0	0	0	5816	1604	10542	924	932	152	3946	714	7286	2734	6382	182	23146	1012	0	2700	4776	0	308	552	2212	4622	3114	2448	3916	1290	
190532	Cerebelum_9_R	0	0	0	0	0	0	0	0	0	0	0	0	0	0	0	0	0	0	0	0	0	0	0	0	0	0	0	0	0	0	0	0	0	0	0	0	0	0	0	0	0	0	0	0	0	0	0	108	0	0	0	0	0	0	0	156	0	0	0	0	0	0	0	0	0	0	0	0	0	0	0	0	0	0	0	0	0	0	0	0	0	0	0	0	0	0	0	0	0	0	270	10708	640	10628	282	1088	446	1152	1382	4058	0	6340	1006	24390	2700	0	0	1646	478	1570	796	2220	6964	6522	7964	1752	
34120	Cerebelum_10_L	0	0	0	0	0	0	0	0	0	0	0	0	0	0	0	0	0	0	0	0	0	0	0	0	0	0	0	0	0	0	0	0	0	0	0	0	0	0	0	0	0	0	0	0	0	0	0	0	0	0	0	0	110	0	146	0	0	0	0	0	0	0	0	0	0	0	0	0	0	0	0	0	0	0	0	0	0	0	0	0	0	0	0	0	0	0	0	0	0	0	2956	0	2500	0	0	0	166	0	610	0	974	0	4684	0	4776	0	0	0	0	0	0	0	138	0	0	0	
8644	Cerebelum_10_R	0	0	0	0	0	0	0	0	0	0	0	0	0	0	0	0	0	0	0	0	0	0	0	0	0	0	0	0	0	0	0	0	0	0	0	0	0	0	0	0	0	0	0	0	0	0	0	0	0	0	0	0	0	0	0	0	0	0	0	0	0	0	0	0	0	0	0	0	0	0	0	0	0	0	0	0	0	0	0	0	0	0	0	0	0	0	0	0	0	0	0	426	0	392	0	0	0	0	0	560	0	0	0	722	0	1646	0	0	0	0	0	0	268	114	194	0	
27404	Vermis_1_2	0	0	0	0	0	0	0	0	0	0	0	0	0	0	0	0	0	0	0	0	0	0	0	0	0	0	0	0	0	0	0	0	0	0	0	0	0	0	0	0	0	0	0	0	0	0	0	0	0	0	0	0	0	0	0	0	0	0	0	0	0	0	0	0	0	0	0	0	0	0	0	0	0	0	0	0	0	0	0	0	0	0	0	0	0	0	0	0	0	0	0	474	0	242	1144	382	1136	364	514	918	0	156	0	258	308	478	0	0	0	4410	1662	620	156	184	296	0	
