data	data	518896	177104	1.1348e+06	1.05161e+06	148888	83384	801572	253504	96876	33864	255152	139532	325940	171124	231904	75024	194756	128312	790184	1.04209e+06	100992	95468	517368	336404	46968	94012	56176	75896	701544	290268	488212	532524	190576	803944	263504	300184	283884	286104	115696	145868	41152	63556	256520	375656	168944	258984	333864	420472	190236	312968	462372	290384	251264	98716	461596	580492	219168	156732	108172	74512	201276	89788	114376	126840	142300	160248	314060	478092	103356	222644	376004	442888	331476	358324	46344	47440	169892	288848	72104	31104	159920	149100	98924	70432	376084	279844	37640	32272	274116	234524	524044	507432	401636	386104	57088	86484	388420	301468	529180	575004	327844	181324	401064	426360	148396	225320	17708	17216	39360	113712	327592	263948	301184	156880	144432	55072	
data	data	Precentral_L	Precentral_R	Frontal_Sup_L	Frontal_Sup_R	Frontal_Sup_Orb_L	Frontal_Sup_Orb_R	Frontal_Mid_L	Frontal_Mid_R	Frontal_Mid_Orb_L	Frontal_Mid_Orb_R	Frontal_Inf_Oper_L	Frontal_Inf_Oper_R	Frontal_Inf_Tri_L	Frontal_Inf_Tri_R	Frontal_Inf_Orb_L	Frontal_Inf_Orb_R	Rolandic_Oper_L	Rolandic_Oper_R	Supp_Motor_Area_L	Supp_Motor_Area_R	Olfactory_L	Olfactory_R	Frontal_Sup_Medial_L	Frontal_Sup_Medial_R	Frontal_Med_Orb_L	Frontal_Med_Orb_R	Rectus_L	Rectus_R	Insula_L	Insula_R	Cingulum_Ant_L	Cingulum_Ant_R	Cingulum_Mid_L	Cingulum_Mid_R	Cingulum_Post_L	Cingulum_Post_R	Hippocampus_L	Hippocampus_R	ParaHippocampal_L	ParaHippocampal_R	Amygdala_L	Amygdala_R	Calcarine_L	Calcarine_R	Cuneus_L	Cuneus_R	Lingual_L	Lingual_R	Occipital_Sup_L	Occipital_Sup_R	Occipital_Mid_L	Occipital_Mid_R	Occipital_Inf_L	Occipital_Inf_R	Fusiform_L	Fusiform_R	Postcentral_L	Postcentral_R	Parietal_Sup_L	Parietal_Sup_R	Parietal_Inf_L	Parietal_Inf_R	SupraMarginal_L	SupraMarginal_R	Angular_L	Angular_R	Precuneus_L	Precuneus_R	Paracentral_Lobule_L	Paracentral_Lobule_R	Caudate_L	Caudate_R	Putamen_L	Putamen_R	Pallidum_L	Pallidum_R	Thalamus_L	Thalamus_R	Heschl_L	Heschl_R	Temporal_Sup_L	Temporal_Sup_R	Temporal_Pole_Sup_L	Temporal_Pole_Sup_R	Temporal_Mid_L	Temporal_Mid_R	Temporal_Pole_Mid_L	Temporal_Pole_Mid_R	Temporal_Inf_L	Temporal_Inf_R	Cerebelum_Crus1_L	Cerebelum_Crus1_R	Cerebelum_Crus2_L	Cerebelum_Crus2_R	Cerebelum_3_L	Cerebelum_3_R	Cerebelum_4_5_L	Cerebelum_4_5_R	Cerebelum_6_L	Cerebelum_6_R	Cerebelum_7b_L	Cerebelum_7b_R	Cerebelum_8_L	Cerebelum_8_R	Cerebelum_9_L	Cerebelum_9_R	Cerebelum_10_L	Cerebelum_10_R	Vermis_1_2	Vermis_3	Vermis_4_5	Vermis_6	Vermis_7	Vermis_8	Vermis_9	Vermis_10	
518896	Precentral_L	0	5070	17750	7858	0	0	39248	5032	0	0	12500	390	1288	0	0	0	11858	254	5236	8804	0	0	670	158	0	0	0	0	10194	0	870	372	1062	3044	6774	3176	5438	760	860	0	0	0	684	0	554	0	298	104	1170	0	4450	0	1416	0	1138	0	26084	410	1468	0	5096	0	1996	216	1564	0	1794	156	12972	182	6958	2506	5792	412	2224	116	11702	5892	2450	0	1664	0	0	0	5876	0	0	0	3438	0	0	0	0	0	0	0	0	0	0	0	0	0	0	0	0	0	0	0	0	0	0	0	0	0	0	0	
177104	Precentral_R	5070	0	924	5060	0	0	854	9786	0	0	0	4044	0	252	0	0	0	2488	922	2204	0	0	0	0	0	0	0	0	252	2136	0	0	0	1504	1236	2780	354	4952	0	306	0	0	0	696	0	0	0	0	0	330	0	348	0	0	104	2932	214	16222	0	96	0	980	0	3166	0	754	184	1908	0	1896	836	800	0	882	0	582	104	2174	178	308	0	1000	0	0	206	1620	0	0	182	4726	0	0	0	0	0	0	0	0	0	0	0	0	0	0	0	0	0	0	0	0	0	0	0	0	0	0	
1.1348e+06	Frontal_Sup_L	17750	924	0	24038	12428	0	94242	2692	6024	0	9956	840	25196	876	15516	0	4468	0	84912	33286	0	0	52392	7456	858	150	214	0	43710	210	29698	7216	8912	19014	1412	1316	2812	176	278	0	0	0	366	0	866	0	168	0	132	0	1006	0	506	0	904	0	1740	200	0	0	206	0	1246	0	442	0	994	202	950	198	11682	1342	17410	880	3896	172	3138	886	1434	0	1112	0	694	0	3878	0	0	0	1778	0	0	0	0	0	0	0	0	0	0	0	0	0	0	0	0	0	0	0	0	0	0	0	0	0	0	0	
1.05161e+06	Frontal_Sup_R	7858	5060	24038	0	0	4196	16668	35868	0	1182	2616	5016	1522	13106	168	3974	914	6910	25412	87140	0	448	20464	38228	0	3148	0	2528	9204	11766	9718	33640	2034	40664	3520	5392	1928	4250	842	628	0	126	122	0	0	0	96	190	0	0	168	0	0	0	130	270	240	268	0	0	0	0	0	310	0	138	346	1028	230	220	12520	29054	1412	19944	0	4054	5902	17388	208	134	188	0	164	192	304	0	0	0	306	104	0	0	0	0	0	0	0	0	0	0	0	0	0	0	0	0	0	0	0	0	0	0	0	0	0	0	
148888	Frontal_Sup_Orb_L	0	0	12428	0	0	0	1346	0	11550	0	0	0	2038	0	11828	0	0	0	100	0	1262	0	3614	140	3876	378	5630	0	8470	0	3962	372	0	0	0	0	266	0	0	0	0	0	0	0	0	0	0	0	0	0	0	0	0	0	0	0	0	0	0	0	0	0	0	0	0	0	0	0	0	0	1428	0	5388	0	0	0	0	0	0	0	0	0	368	0	0	0	0	0	0	0	0	0	0	0	0	0	0	0	0	0	0	0	0	0	0	0	0	0	0	0	0	0	0	0	0	0	
83384	Frontal_Sup_Orb_R	0	0	0	4196	0	0	0	418	0	3990	0	0	0	192	0	1272	0	0	0	2656	0	1014	0	4664	0	3842	0	5558	0	1328	288	4006	0	0	0	0	0	0	0	0	0	0	0	0	0	0	0	0	0	0	0	0	0	0	0	0	0	0	0	0	0	0	0	0	0	0	0	0	0	0	0	2794	0	5234	0	240	0	0	0	0	0	0	0	0	0	0	0	0	0	0	0	0	0	0	0	0	0	0	0	0	0	0	0	0	0	0	0	0	0	0	0	0	0	0	0	0	
801572	Frontal_Mid_L	39248	854	94242	16668	1346	0	0	2522	4726	0	10288	344	37494	440	10836	0	7154	200	28412	20210	0	0	21176	2824	0	0	0	0	24930	0	9470	1626	1998	13356	706	732	2384	168	272	0	0	0	388	0	536	0	150	0	210	0	1066	0	330	0	418	0	3678	0	228	0	402	0	1342	0	566	0	832	108	416	0	7708	970	8868	562	1656	106	7344	890	744	0	1308	0	284	0	3494	0	0	0	1556	0	0	0	0	0	0	0	0	0	0	0	0	0	0	0	0	0	0	0	0	0	0	0	0	0	0	0	
253504	Frontal_Mid_R	5032	9786	2692	35868	0	418	2522	0	0	1268	494	8200	0	14334	0	4024	240	1458	1720	2868	0	0	878	2756	0	0	0	0	1356	3538	130	1230	170	2692	372	992	320	3068	108	112	0	0	0	0	0	0	0	0	0	0	0	0	0	0	116	154	172	866	0	0	0	0	0	236	0	0	176	646	0	0	5010	1662	422	3140	0	2316	230	2270	190	180	0	0	0	0	184	0	0	0	136	0	0	0	0	0	0	0	0	0	0	0	0	0	0	0	0	0	0	0	0	0	0	0	0	0	0	0	
96876	Frontal_Mid_Orb_L	0	0	6024	0	11550	0	4726	0	0	0	0	0	3002	0	14990	0	0	0	0	0	170	0	0	0	642	0	2032	0	3480	0	124	0	0	0	0	0	0	0	0	0	0	0	0	0	0	0	0	0	0	0	0	0	0	0	0	0	0	0	0	0	0	0	0	0	0	0	0	0	0	0	172	0	1160	0	0	0	0	0	0	0	0	0	366	0	0	0	0	0	0	0	0	0	0	0	0	0	0	0	0	0	0	0	0	0	0	0	0	0	0	0	0	0	0	0	0	0	
33864	Frontal_Mid_Orb_R	0	0	0	1182	0	3990	0	1268	0	0	0	0	0	362	0	3554	0	0	0	872	0	0	0	400	0	912	0	1210	0	1002	0	432	0	0	0	0	0	0	0	0	0	0	0	0	0	0	0	0	0	0	0	0	0	0	0	0	0	0	0	0	0	0	0	0	0	0	0	0	0	0	0	430	0	1192	0	126	0	0	0	0	0	0	0	0	0	0	0	0	0	0	0	0	0	0	0	0	0	0	0	0	0	0	0	0	0	0	0	0	0	0	0	0	0	0	0	0	
255152	Frontal_Inf_Oper_L	12500	0	9956	2616	0	0	10288	494	0	0	0	314	11234	122	0	0	10360	0	9654	4344	0	0	4544	188	0	0	0	0	18826	0	4074	398	206	3974	0	0	950	0	0	0	0	0	0	0	0	0	0	0	276	0	314	0	124	0	206	0	5976	0	0	0	0	0	364	0	0	0	0	0	0	0	2712	0	2602	244	0	118	382	190	1540	0	3260	0	2924	0	934	0	0	0	368	0	0	0	0	0	0	0	0	0	0	0	0	0	0	0	0	0	0	0	0	0	0	0	0	0	0	0	
139532	Frontal_Inf_Oper_R	390	4044	840	5016	0	0	344	8200	0	0	314	0	0	6912	0	0	0	6594	1064	2520	154	0	170	932	0	0	0	0	446	8980	552	3050	0	1172	0	284	0	2084	0	566	0	0	0	0	0	0	0	0	0	0	0	0	0	0	0	160	0	1430	0	0	0	106	0	238	0	0	0	330	0	0	2218	3142	396	4452	0	220	0	820	0	238	0	764	0	624	0	0	0	0	0	0	0	0	0	0	0	0	0	0	0	0	0	0	0	0	0	0	0	0	0	0	0	0	0	0	0	0	
325940	Frontal_Inf_Tri_L	1288	0	25196	1522	2038	0	37494	0	3002	0	11234	0	0	0	22650	0	1642	0	5104	1416	0	0	8728	600	140	0	0	0	27384	0	5284	208	324	1206	0	0	0	0	0	0	0	0	0	0	0	0	0	0	0	0	0	0	0	0	0	0	150	0	0	0	0	0	0	0	0	0	0	0	0	0	252	0	1122	0	0	0	0	0	0	0	1716	0	2346	0	684	0	0	0	240	0	0	0	0	0	0	0	0	0	0	0	0	0	0	0	0	0	0	0	0	0	0	0	0	0	0	0	
171124	Frontal_Inf_Tri_R	0	252	876	13106	0	192	440	14334	0	362	122	6912	0	0	0	5072	0	110	2156	4338	0	0	2420	5200	0	222	0	0	0	9180	1620	8692	462	5104	0	0	0	0	0	0	0	0	0	0	0	0	0	0	0	0	0	0	0	0	0	0	0	170	0	0	0	0	0	0	0	0	0	0	0	0	948	1946	452	772	0	0	0	0	0	0	0	0	0	102	0	0	0	0	0	0	0	0	0	0	0	0	0	0	0	0	0	0	0	0	0	0	0	0	0	0	0	0	0	0	0	0	
231904	Frontal_Inf_Orb_L	0	0	15516	168	11828	0	10836	0	14990	0	0	0	22650	0	0	0	0	0	260	172	2688	0	3042	0	294	0	956	0	20740	0	2584	110	0	176	0	0	1488	0	260	0	1244	0	0	0	0	0	0	0	0	0	0	0	0	0	224	0	0	0	0	0	0	0	0	0	0	0	0	0	0	0	1222	0	3016	0	0	0	0	0	0	0	0	0	1488	0	0	0	0	0	0	0	0	0	0	0	0	0	0	0	0	0	0	0	0	0	0	0	0	0	0	0	0	0	0	0	0	0	
75024	Frontal_Inf_Orb_R	0	0	0	3974	0	1272	0	4024	0	3554	0	0	0	5072	0	0	0	0	0	1316	0	574	0	570	0	0	0	532	0	9962	0	906	0	0	0	0	0	694	0	378	0	336	0	0	0	0	0	0	0	0	0	0	0	0	0	98	0	0	0	0	0	0	0	0	0	0	0	0	0	0	0	916	0	2902	0	128	0	0	0	0	0	0	0	304	0	0	0	0	0	0	0	0	0	0	0	0	0	0	0	0	0	0	0	0	0	0	0	0	0	0	0	0	0	0	0	0	
194756	Rolandic_Oper_L	11858	0	4468	914	0	0	7154	240	0	0	10360	0	1642	0	0	0	0	0	2648	908	0	0	1164	0	0	0	0	0	19208	0	1168	0	0	852	162	0	2040	0	110	0	0	0	102	0	0	0	0	0	384	0	524	0	192	0	326	0	11788	0	0	0	494	0	2726	0	332	0	212	0	0	0	468	0	738	0	0	0	0	0	4540	0	5346	0	714	0	2442	0	0	0	1154	0	0	0	0	0	0	0	0	0	0	0	0	0	0	0	0	0	0	0	0	0	0	0	0	0	0	0	
128312	Rolandic_Oper_R	254	2488	0	6910	0	0	200	1458	0	0	0	6594	0	110	0	0	0	0	0	4078	0	0	0	238	0	0	0	0	0	11246	164	588	0	494	0	0	0	1858	0	218	0	0	0	246	0	0	0	0	0	158	0	222	0	0	0	538	0	4798	0	0	0	580	0	3706	0	2376	0	696	0	118	524	1174	0	3572	0	0	0	1030	0	3504	0	1888	0	606	106	404	0	0	108	904	0	0	0	0	0	0	0	0	0	0	0	0	0	0	0	0	0	0	0	0	0	0	0	0	0	0	
790184	Supp_Motor_Area_L	5236	922	84912	25412	100	0	28412	1720	0	0	9654	1064	5104	2156	260	0	2648	0	0	58744	0	0	16078	2148	0	100	0	0	20932	372	21380	8594	10854	36190	2064	1296	2264	0	316	0	0	0	132	236	838	130	0	0	158	0	152	0	168	0	702	0	340	224	0	0	0	0	0	0	0	0	550	480	2870	336	11918	2538	11124	874	3146	158	4560	1316	1074	0	578	0	270	0	678	0	0	0	610	0	0	0	0	0	0	0	0	0	0	0	0	0	0	0	0	0	0	0	0	0	0	0	0	0	0	0	
1.04209e+06	Supp_Motor_Area_R	8804	2204	33286	87140	0	2656	20210	2868	0	872	4344	2520	1416	4338	172	1316	908	4078	58744	0	0	448	9960	9318	0	1098	0	1634	8798	5632	10266	18306	6418	75256	3966	10268	356	1356	130	444	0	122	0	3674	0	1054	0	1100	0	892	130	958	0	184	0	368	118	4004	0	220	0	250	0	1458	0	566	232	8898	1390	27092	10670	21088	1350	14990	0	1606	4690	7376	0	596	182	1290	150	174	218	2642	0	0	204	1578	0	0	0	0	0	0	0	0	0	0	0	0	0	0	0	0	0	0	0	0	0	0	0	0	0	0	
100992	Olfactory_L	0	0	0	0	1262	0	0	0	170	0	0	154	0	0	2688	0	0	0	0	0	0	5920	0	0	558	410	2710	740	3564	0	3354	2840	0	0	0	0	2498	0	504	0	1630	0	0	0	0	0	0	0	0	0	0	0	0	0	204	0	0	0	0	0	0	0	0	0	0	0	0	0	0	0	8162	4120	6774	1852	0	0	0	0	0	0	0	0	382	0	0	0	0	0	0	0	0	0	0	0	0	0	0	0	0	0	0	0	0	0	0	0	0	0	0	0	0	0	0	0	0	0	
95468	Olfactory_R	0	0	0	448	0	1014	0	0	0	0	0	0	0	0	0	574	0	0	0	448	5920	0	0	270	340	1902	1396	2664	0	966	2812	3876	0	0	0	0	0	0	0	288	0	568	0	0	0	0	0	0	0	0	0	0	0	0	0	186	0	0	0	0	0	0	0	0	0	0	0	0	0	0	7202	7046	5598	2976	456	256	0	0	0	0	0	0	0	422	0	0	0	106	0	0	0	0	0	0	0	0	0	0	0	0	0	0	0	0	0	0	0	0	0	0	0	0	0	0	0	0	
517368	Frontal_Sup_Medial_L	670	0	52392	20464	3614	0	21176	878	0	0	4544	170	8728	2420	3042	0	1164	0	16078	9960	0	0	0	21976	1722	380	246	0	15852	476	29882	12816	6246	15560	348	0	0	0	0	0	0	0	0	0	0	0	0	0	0	0	0	0	0	0	0	0	0	0	0	0	0	0	0	0	0	0	0	0	0	0	2292	282	4634	0	0	0	0	0	0	0	312	0	360	0	0	0	0	0	0	0	0	0	0	0	0	0	0	0	0	0	0	0	0	0	0	0	0	0	0	0	0	0	0	0	0	0	
336404	Frontal_Sup_Medial_R	158	0	7456	38228	140	4664	2824	2756	0	400	188	932	600	5200	0	570	0	238	2148	9318	0	270	21976	0	316	4878	0	1788	338	3212	6114	27022	1108	12062	0	0	0	0	0	0	0	0	0	0	0	0	0	0	0	0	0	0	0	0	0	0	0	0	0	0	0	0	0	0	0	0	0	0	0	0	608	6730	120	5610	0	230	0	0	0	0	0	0	0	0	0	0	0	0	0	0	0	0	0	0	0	0	0	0	0	0	0	0	0	0	0	0	0	0	0	0	0	0	0	0	0	0	
46968	Frontal_Med_Orb_L	0	0	858	0	3876	0	0	0	642	0	0	0	140	0	294	0	0	0	0	0	558	340	1722	316	0	1676	3340	306	252	0	5042	1564	0	0	0	0	0	0	0	0	0	0	0	0	0	0	0	0	0	0	0	0	0	0	0	0	0	0	0	0	0	0	0	0	0	0	0	0	0	0	820	642	528	568	0	0	0	0	0	0	0	0	0	0	0	0	0	0	0	0	0	0	0	0	0	0	0	0	0	0	0	0	0	0	0	0	0	0	0	0	0	0	0	0	0	0	
94012	Frontal_Med_Orb_R	0	0	150	3148	378	3842	0	0	0	912	0	0	0	222	0	0	0	0	100	1098	410	1902	380	4878	1676	0	272	6050	0	310	2398	8568	0	0	0	0	0	0	0	0	0	0	0	0	0	0	0	0	0	0	0	0	0	0	0	0	0	0	0	0	0	0	0	0	0	0	0	0	0	0	380	4888	302	4742	0	0	0	0	0	0	0	0	0	0	0	0	0	0	0	0	0	0	0	0	0	0	0	0	0	0	0	0	0	0	0	0	0	0	0	0	0	0	0	0	0	0	
56176	Rectus_L	0	0	214	0	5630	0	0	0	2032	0	0	0	0	0	956	0	0	0	0	0	2710	1396	246	0	3340	272	0	370	596	0	3536	1434	0	0	0	0	0	0	0	0	0	0	0	0	0	0	0	0	0	0	0	0	0	0	0	0	0	0	0	0	0	0	0	0	0	0	0	0	0	0	2440	958	1468	490	0	0	0	0	0	0	0	0	0	0	0	0	0	0	0	0	0	0	0	0	0	0	0	0	0	0	0	0	0	0	0	0	0	0	0	0	0	0	0	0	0	0	
75896	Rectus_R	0	0	0	2528	0	5558	0	0	0	1210	0	0	0	0	0	532	0	0	0	1634	740	2664	0	1788	306	6050	370	0	0	322	440	4476	0	0	0	0	0	0	0	0	0	0	0	0	0	0	0	0	0	0	0	0	0	0	0	0	0	0	0	0	0	0	0	0	0	0	0	0	0	0	564	4152	428	4022	0	164	0	0	0	0	0	0	0	0	0	0	0	0	0	0	0	0	0	0	0	0	0	0	0	0	0	0	0	0	0	0	0	0	0	0	0	0	0	0	0	0	
701544	Insula_L	10194	252	43710	9204	8470	0	24930	1356	3480	0	18826	446	27384	0	20740	0	19208	0	20932	8798	3564	0	15852	338	252	0	596	0	0	0	13154	380	292	8146	1090	806	12916	0	1216	0	974	0	464	0	0	0	328	0	690	0	880	0	616	0	5194	0	5084	0	0	0	296	0	1772	0	168	0	908	0	238	0	7294	268	17072	210	0	114	1296	1156	6380	0	7844	0	4748	0	3898	0	0	0	6348	0	0	0	0	0	0	0	0	0	0	0	0	0	0	0	0	0	0	0	0	0	0	0	0	0	0	0	
290268	Insula_R	0	2136	210	11766	0	1328	0	3538	0	1002	0	8980	0	9180	0	9962	0	11246	372	5632	0	966	476	3212	0	310	0	322	0	0	886	9110	114	1352	0	112	0	9168	0	2652	0	602	0	766	0	0	0	272	0	180	0	218	0	0	0	4274	0	1462	0	0	0	120	0	760	0	774	0	1272	0	248	348	5352	0	16098	0	222	0	1012	0	2496	0	6092	0	2130	0	1972	0	0	0	4432	0	0	0	0	0	0	0	0	0	0	0	0	0	0	0	0	0	0	0	0	0	0	0	0	0	0	
488212	Cingulum_Ant_L	870	0	29698	9718	3962	288	9470	130	124	0	4074	552	5284	1620	2584	0	1168	164	21380	10266	3354	2812	29882	6114	5042	2398	3536	440	13154	886	0	24346	10134	11516	1232	0	0	0	0	0	0	0	0	0	0	0	0	0	0	0	0	0	0	0	0	0	0	0	0	0	0	0	0	0	0	0	0	0	0	0	7252	6800	9136	4134	0	0	140	0	0	0	252	0	194	0	0	0	0	0	0	0	0	0	0	0	0	0	0	0	0	0	0	0	0	0	0	0	0	0	0	0	0	0	0	0	0	0	
532524	Cingulum_Ant_R	372	0	7216	33640	372	4006	1626	1230	0	432	398	3050	208	8692	110	906	0	588	8594	18306	2840	3876	12816	27022	1564	8568	1434	4476	380	9110	24346	0	4768	21138	0	0	0	0	0	0	0	0	0	0	0	0	0	0	0	0	0	0	0	0	0	0	0	0	0	0	0	0	0	0	0	0	0	0	0	0	5096	28984	3398	16118	0	320	0	262	0	0	0	0	0	0	0	0	0	0	0	0	0	0	0	0	0	0	0	0	0	0	0	0	0	0	0	0	0	0	0	0	0	0	0	0	0	0	
190576	Cingulum_Mid_L	1062	0	8912	2034	0	0	1998	170	0	0	206	0	324	462	0	0	0	0	10854	6418	0	0	6246	1108	0	0	0	0	292	114	10134	4768	0	13634	5320	930	0	0	0	0	0	0	0	638	1180	444	0	0	888	516	1468	250	412	0	0	0	320	606	428	0	170	0	0	0	0	0	3628	2916	3800	1682	0	0	0	0	0	0	0	0	0	0	0	0	0	0	720	236	0	0	0	0	0	0	0	0	0	0	0	0	0	0	0	0	0	0	0	0	0	0	0	0	0	0	0	0	0	0	
803944	Cingulum_Mid_R	3044	1504	19014	40664	0	0	13356	2692	0	0	3974	1172	1206	5104	176	0	852	494	36190	75256	0	0	15560	12062	0	0	0	0	8146	1352	11516	21138	13634	0	4318	10198	336	196	104	0	0	0	0	6290	208	3858	0	1184	182	7470	0	3634	0	446	0	298	0	4378	0	100	0	0	0	196	0	252	816	22862	818	18958	6176	3964	992	882	0	290	4688	1538	0	220	158	1108	140	0	0	5514	0	0	0	956	0	0	0	0	0	0	0	0	0	0	0	0	0	0	0	0	0	0	0	0	138	0	0	0	0	0	
263504	Cingulum_Post_L	6774	1236	1412	3520	0	0	706	372	0	0	0	0	0	0	0	0	162	0	2064	3966	0	0	348	0	0	0	0	0	1090	0	1232	0	5320	4318	0	23244	8652	2558	4980	396	0	0	3056	0	1830	416	2268	708	1004	180	898	0	882	0	1156	0	310	0	0	0	248	0	0	0	328	0	10142	3342	6866	1912	328	5162	0	0	0	0	2444	13942	482	0	112	0	0	0	722	0	0	0	544	0	0	0	0	0	0	0	0	120	0	0	0	0	0	0	0	0	0	0	0	0	0	0	0	0	0	0	
300184	Cingulum_Post_R	3176	2780	1316	5392	0	0	732	992	0	0	0	284	0	0	0	0	0	0	1296	10268	0	0	0	0	0	0	0	0	806	112	0	0	930	10198	23244	0	7356	6446	3750	762	0	0	544	3882	244	1660	350	2668	184	800	0	476	0	0	392	360	0	370	0	0	0	0	0	0	0	0	3432	13986	594	6944	384	7190	0	0	0	0	3684	20354	404	0	0	0	0	0	0	662	0	0	0	524	0	0	0	0	0	0	0	164	0	0	0	0	0	0	0	0	0	0	0	0	0	0	0	0	0	0	
283884	Hippocampus_L	5438	354	2812	1928	266	0	2384	320	0	0	950	0	0	0	1488	0	2040	0	2264	356	2498	0	0	0	0	0	0	0	12916	0	0	0	0	336	8652	7356	0	2124	15392	176	7164	0	1942	0	0	0	3416	404	0	0	344	0	828	0	14452	0	670	0	0	0	0	0	244	0	0	0	4582	1062	0	0	1084	404	6956	0	570	0	4830	7130	3338	0	1544	0	1198	0	1254	0	154	0	8322	0	0	0	0	0	0	0	0	0	0	0	0	0	0	0	0	0	0	0	0	0	0	0	0	0	0	0	
286104	Hippocampus_R	760	4952	176	4250	0	0	168	3068	0	0	0	2084	0	0	0	694	0	1858	0	1356	0	0	0	0	0	0	0	0	0	9168	0	0	0	196	2558	6446	2124	0	1516	20766	0	7640	352	3520	0	0	312	4452	0	0	0	148	0	104	118	23418	0	958	0	0	0	0	0	112	0	106	1236	8716	0	242	246	282	0	8574	0	548	138	7692	0	546	0	448	0	1620	0	816	0	228	0	7084	0	0	0	0	202	0	380	674	0	0	0	0	0	0	0	0	0	0	0	0	0	0	0	0	0	0	
115696	ParaHippocampal_L	860	0	278	842	0	0	272	108	0	0	0	0	0	0	260	0	110	0	316	130	504	0	0	0	0	0	0	0	1216	0	0	0	0	104	4980	3750	15392	1516	0	166	1906	0	1650	0	0	0	3698	444	0	0	174	0	290	0	7082	0	0	0	0	0	0	0	0	0	0	0	3516	678	0	0	0	0	1148	0	0	0	1072	3532	0	0	172	0	286	0	0	0	196	0	1074	0	0	0	0	0	0	0	0	0	0	0	0	0	0	0	0	0	0	0	0	126	0	0	0	0	0	0	
145868	ParaHippocampal_R	0	306	0	628	0	0	0	112	0	0	0	566	0	0	0	378	0	218	0	444	0	288	0	0	0	0	0	0	0	2652	0	0	0	0	396	762	176	20766	166	0	0	7906	0	842	0	0	0	4226	0	0	0	0	0	0	0	13872	0	0	0	0	0	0	0	0	0	0	392	2726	0	0	0	106	0	5406	0	380	0	1074	0	0	0	0	0	1958	0	128	0	660	0	2378	0	166	0	0	344	0	338	1880	0	176	0	0	0	0	0	0	0	0	0	0	118	0	0	0	0	0	
41152	Amygdala_L	0	0	0	0	0	0	0	0	0	0	0	0	0	0	1244	0	0	0	0	0	1630	0	0	0	0	0	0	0	974	0	0	0	0	0	0	0	7164	0	1906	0	0	0	0	0	0	0	0	0	0	0	0	0	0	0	3948	0	0	0	0	0	0	0	0	0	0	0	0	0	0	0	0	0	688	0	0	0	0	0	0	0	0	0	1132	0	0	0	252	0	1638	0	0	0	0	0	0	0	0	0	0	0	0	0	0	0	0	0	0	0	0	0	0	0	0	0	0	0	
63556	Amygdala_R	0	0	0	126	0	0	0	0	0	0	0	0	0	0	0	336	0	0	0	122	0	568	0	0	0	0	0	0	0	602	0	0	0	0	0	0	0	7640	0	7906	0	0	0	0	0	0	0	0	0	0	0	0	0	0	0	7774	0	0	0	0	0	0	0	0	0	0	0	0	0	0	0	0	0	818	0	0	0	116	0	0	0	0	0	3450	0	0	0	940	0	1380	0	0	0	0	0	0	0	0	0	0	0	0	0	0	0	0	0	0	0	0	0	0	0	0	0	0	
256520	Calcarine_L	684	0	366	122	0	0	388	0	0	0	0	0	0	0	0	0	102	0	132	0	0	0	0	0	0	0	0	0	464	0	0	0	0	0	3056	544	1942	352	1650	0	0	0	0	9570	13396	7110	16064	1992	9290	2754	15988	860	11572	0	9364	268	646	0	0	0	202	0	0	0	322	0	13002	896	1266	0	0	0	0	0	0	0	0	402	326	0	0	0	0	0	782	0	0	0	794	0	0	106	0	0	0	0	322	106	304	190	0	0	0	0	0	0	0	0	0	0	328	236	0	0	0	0	
375656	Calcarine_R	0	696	0	0	0	0	0	0	0	0	0	0	0	0	0	0	0	246	236	3674	0	0	0	0	0	0	0	0	0	766	0	0	638	6290	0	3882	0	3520	0	842	0	0	9570	0	5304	22468	5168	25674	290	18954	0	14596	0	2556	0	11688	0	1224	0	134	0	0	0	0	0	382	488	29192	160	5666	0	0	0	0	0	0	0	116	0	104	0	446	0	0	0	7956	0	0	0	3072	108	252	0	0	0	0	0	0	184	346	0	0	0	0	0	0	0	0	0	0	434	506	0	0	0	0	
168944	Cuneus_L	554	0	866	0	0	0	536	0	0	0	0	0	0	0	0	0	0	0	838	0	0	0	0	0	0	0	0	0	0	0	0	0	1180	208	1830	244	0	0	0	0	0	0	13396	5304	0	7430	3896	376	16112	1954	6144	310	2316	0	2388	0	158	0	836	0	0	0	0	0	0	0	12910	2038	2270	0	0	0	0	0	0	0	0	0	0	0	0	0	0	0	378	0	0	0	0	0	0	0	0	0	0	0	0	0	0	0	0	0	0	0	0	0	0	0	0	0	0	0	0	0	0	0	
258984	Cuneus_R	0	0	0	0	0	0	0	0	0	0	0	0	0	0	0	0	0	0	130	1054	0	0	0	0	0	0	0	0	0	0	0	0	444	3858	416	1660	0	0	0	0	0	0	7110	22468	7430	0	1508	5276	1266	27616	294	12908	0	798	0	3430	0	0	0	1072	0	0	0	0	0	178	6630	20686	102	830	0	0	0	0	0	0	0	0	0	0	0	0	0	0	0	1816	0	0	0	258	0	0	0	0	0	0	0	0	0	120	0	0	0	0	0	0	0	0	0	0	134	0	0	0	0	0	
333864	Lingual_L	298	0	168	96	0	0	150	0	0	0	0	0	0	0	0	0	0	0	0	0	0	0	0	0	0	0	0	0	328	0	0	0	0	0	2268	350	3416	312	3698	0	0	0	16064	5168	3896	1508	0	9062	8304	1308	13782	928	9878	548	18036	3738	0	0	0	0	126	0	0	0	214	0	6734	500	384	0	0	0	0	0	0	0	0	388	234	0	0	0	0	0	314	0	0	0	620	0	5118	1982	134	104	100	0	11576	4112	12318	5274	0	0	286	136	0	146	0	0	122	300	7284	4266	856	0	0	0	
420472	Lingual_R	104	0	0	190	0	0	0	0	0	0	0	0	0	0	0	0	0	0	0	1100	0	0	0	0	0	0	0	0	0	272	0	0	0	1184	708	2668	404	4452	444	4226	0	0	1992	25674	376	5276	9062	0	0	8622	592	8588	920	4344	2828	24736	0	320	0	0	0	0	0	0	0	0	692	11474	0	1350	0	0	0	144	0	0	0	426	0	0	0	0	0	0	0	1332	0	0	0	1186	5706	4348	1288	1006	948	886	7780	10346	11022	14370	164	0	280	144	308	372	0	0	298	1036	11008	11530	1304	0	224	182	
190236	Occipital_Sup_L	1170	0	132	0	0	0	210	0	0	0	276	0	0	0	0	0	384	0	158	0	0	0	0	0	0	0	0	0	690	0	0	0	888	182	1004	184	0	0	0	0	0	0	9290	290	16112	1266	8304	0	0	210	24564	0	2994	0	2766	0	782	0	4792	0	1466	0	0	0	912	0	12814	1762	922	0	0	0	0	0	0	0	0	0	0	0	0	0	0	0	380	0	0	0	0	0	0	0	0	0	0	0	0	0	98	0	0	0	0	0	0	0	0	0	0	0	116	0	0	0	0	0	
312968	Occipital_Sup_R	0	330	0	0	0	0	0	0	0	0	0	0	0	0	0	0	0	158	0	892	0	0	0	0	0	0	0	0	0	180	0	0	516	7470	180	800	0	0	0	0	0	0	2754	18954	1954	27616	1308	8622	210	0	0	27792	0	1502	0	5148	0	776	0	6246	0	1394	0	0	0	5474	3600	21726	114	3090	0	0	0	0	0	0	0	0	0	0	0	830	0	0	0	4780	0	0	0	486	124	240	0	0	0	0	0	0	208	420	0	0	0	0	0	0	0	0	0	0	130	460	0	0	0	0	
462372	Occipital_Mid_L	4450	0	1006	168	0	0	1066	0	0	0	314	0	0	0	0	0	524	0	152	130	0	0	0	0	0	0	0	0	880	0	0	0	1468	0	898	0	344	0	174	0	0	0	15988	0	6144	294	13782	592	24564	0	0	0	39226	0	19856	450	5060	0	13852	0	17898	0	158	0	17756	0	14922	558	2522	0	0	0	0	0	0	0	0	0	130	0	0	0	0	0	21042	0	0	0	1168	0	0	0	0	0	0	0	910	292	932	380	0	0	0	0	0	0	0	0	0	0	944	192	0	0	0	0	
290384	Occipital_Mid_R	0	348	0	0	0	0	0	0	0	0	0	0	0	0	0	0	0	222	0	958	0	0	0	0	0	0	0	0	0	218	0	0	250	3634	0	476	0	148	0	0	0	0	860	14596	310	12908	928	8588	0	27792	0	0	0	6658	0	7578	0	678	0	1856	0	5192	0	156	0	18564	0	8382	0	1504	0	0	0	0	0	0	0	0	0	0	0	530	0	0	0	17678	0	0	0	2026	160	358	0	0	0	0	0	0	258	598	0	0	0	0	0	0	0	0	0	0	142	638	0	0	0	0	
251264	Occipital_Inf_L	1416	0	506	0	0	0	330	0	0	0	124	0	0	0	0	0	192	0	168	0	0	0	0	0	0	0	0	0	616	0	0	0	412	0	882	0	828	0	290	0	0	0	11572	0	2316	0	9878	920	2994	0	39226	0	0	0	21920	728	1008	0	652	0	368	0	0	0	1014	0	6990	0	1234	0	118	0	0	0	0	0	0	0	552	0	0	0	0	0	9708	0	0	0	3354	0	0	0	0	0	0	0	1042	362	1560	658	0	0	0	0	0	0	0	0	0	0	1192	502	0	0	0	0	
98716	Occipital_Inf_R	0	0	0	0	0	0	0	0	0	0	0	0	0	0	0	0	0	0	0	184	0	0	0	0	0	0	0	0	0	0	0	0	0	446	0	0	0	104	0	0	0	0	0	2556	0	798	548	4344	0	1502	0	6658	0	0	284	8784	0	0	0	0	0	0	0	0	0	0	0	1024	0	284	0	0	0	0	0	0	0	0	0	0	0	120	0	0	0	3960	0	0	0	2750	1072	1288	250	476	0	0	822	1142	1490	4194	0	0	0	0	0	0	0	0	0	0	1490	2372	416	0	0	0	
461596	Fusiform_L	1138	104	904	130	0	0	418	116	0	0	206	0	0	0	224	0	326	0	702	0	204	0	0	0	0	0	0	0	5194	0	0	0	0	0	1156	392	14452	118	7082	0	3948	0	9364	0	2388	0	18036	2828	2766	0	19856	0	21920	284	0	2156	444	0	0	0	0	0	0	0	404	0	3880	0	402	0	278	98	1730	0	0	0	176	368	1740	0	2074	0	2936	0	4608	0	2520	0	14986	0	16242	470	2822	0	370	106	15068	2208	25084	2502	1298	0	3078	0	830	122	150	0	0	262	4758	1586	452	164	170	0	
580492	Fusiform_R	0	2932	0	270	0	0	0	154	0	0	0	160	0	0	0	98	0	538	0	368	0	186	0	0	0	0	0	0	0	4274	0	0	0	298	0	360	0	23418	0	13872	0	7774	268	11688	0	3430	3738	24736	0	5148	450	7578	728	8784	2156	0	0	204	0	0	0	0	0	0	0	0	0	4928	0	298	0	0	0	1930	0	0	0	944	0	168	0	2184	0	7146	0	6436	0	4166	0	21560	4688	20714	1098	2264	0	1508	4826	15636	7550	33646	258	590	296	2848	0	558	0	118	0	492	10062	8448	1180	0	96	0	
219168	Postcentral_L	26084	214	1740	240	0	0	3678	172	0	0	5976	0	150	0	0	0	11788	0	340	118	0	0	0	0	0	0	0	0	5084	0	0	0	320	0	310	0	670	0	0	0	0	0	646	0	158	0	0	0	782	0	5060	0	1008	0	444	0	0	0	5542	0	15920	0	7814	0	1652	0	1496	0	1846	0	1280	236	0	0	0	0	0	0	2122	0	2090	0	0	0	3206	0	0	0	1398	0	0	0	0	0	0	0	0	0	0	0	0	0	0	0	0	0	0	0	0	0	0	0	0	0	0	0	
156732	Postcentral_R	410	16222	200	268	0	0	0	866	0	0	0	1430	0	170	0	0	0	4798	224	4004	0	0	0	0	0	0	0	0	0	1462	0	0	606	4378	0	370	0	958	0	0	0	0	0	1224	0	0	0	320	0	776	0	678	0	0	0	204	0	0	0	3474	0	5332	0	9888	0	1560	278	6496	176	8590	0	0	0	376	0	0	0	680	0	192	0	496	0	0	0	570	0	0	112	578	0	0	0	0	0	0	0	0	0	0	0	0	0	0	0	0	0	0	0	0	0	0	0	0	0	0	
108172	Parietal_Sup_L	1468	0	0	0	0	0	228	0	0	0	0	0	0	0	0	0	0	0	0	0	0	0	0	0	0	0	0	0	0	0	0	0	428	0	0	0	0	0	0	0	0	0	0	0	836	0	0	0	4792	0	13852	0	652	0	0	0	5542	0	0	0	14480	0	0	0	4540	0	5736	324	288	0	0	0	0	0	0	0	0	0	0	0	0	0	0	0	920	0	0	0	0	0	0	0	0	0	0	0	0	0	0	0	0	0	0	0	0	0	0	0	0	0	0	0	0	0	0	0	
74512	Parietal_Sup_R	0	96	0	0	0	0	0	0	0	0	0	0	0	0	0	0	0	0	0	220	0	0	0	0	0	0	0	0	0	0	0	0	0	100	0	0	0	0	0	0	0	0	0	134	0	1072	0	0	0	6246	0	1856	0	0	0	0	0	3474	0	0	0	7042	0	2170	0	6346	1242	5918	0	1158	0	0	0	0	0	0	0	0	0	0	0	0	0	0	0	182	0	0	0	0	0	0	0	0	0	0	0	0	0	0	0	0	0	0	0	0	0	0	0	0	0	0	0	0	0	0	
201276	Parietal_Inf_L	5096	0	206	0	0	0	402	0	0	0	0	0	0	0	0	0	494	0	0	0	0	0	0	0	0	0	0	0	296	0	0	0	170	0	248	0	0	0	0	0	0	0	202	0	0	0	126	0	1466	0	17898	0	368	0	0	0	15920	0	14480	0	0	0	13020	0	17640	0	986	0	602	0	0	0	0	0	0	0	0	0	0	0	868	0	0	0	8004	0	0	0	2146	0	0	0	0	0	0	0	0	0	0	0	0	0	0	0	0	0	0	0	0	0	0	0	0	0	0	0	
89788	Parietal_Inf_R	0	980	0	0	0	0	0	0	0	0	0	106	0	0	0	0	0	580	0	250	0	0	0	0	0	0	0	0	0	120	0	0	0	0	0	0	0	0	0	0	0	0	0	0	0	0	0	0	0	1394	0	5192	0	0	0	0	0	5332	0	7042	0	0	0	10086	0	11082	0	306	0	402	0	0	0	0	0	0	0	0	0	0	0	564	0	0	0	776	0	0	0	682	0	0	0	0	0	0	0	0	0	0	0	0	0	0	0	0	0	0	0	0	0	0	0	0	0	0	
114376	SupraMarginal_L	1996	0	1246	0	0	0	1342	0	0	0	364	0	0	0	0	0	2726	0	0	0	0	0	0	0	0	0	0	0	1772	0	0	0	0	0	0	0	244	0	0	0	0	0	0	0	0	0	0	0	0	0	158	0	0	0	0	0	7814	0	0	0	13020	0	0	0	6620	0	140	0	0	0	0	0	0	0	0	0	0	0	120	0	4694	0	0	0	12690	0	0	0	2242	0	0	0	0	0	0	0	0	0	0	0	0	0	0	0	0	0	0	0	0	0	0	0	0	0	0	0	
126840	SupraMarginal_R	216	3166	0	310	0	0	0	236	0	0	0	238	0	0	0	0	0	3706	0	1458	0	0	0	0	0	0	0	0	0	760	0	0	0	196	0	0	0	112	0	0	0	0	0	0	0	0	0	0	0	0	0	156	0	0	0	0	0	9888	0	2170	0	10086	0	0	0	7078	0	180	0	1242	0	0	0	0	0	0	0	0	0	280	0	9694	0	0	0	6794	0	0	0	5454	0	0	0	0	0	0	0	0	0	0	0	0	0	0	0	0	0	0	0	0	0	0	0	0	0	0	
142300	Angular_L	1564	0	442	0	0	0	566	0	0	0	0	0	0	0	0	0	332	0	0	0	0	0	0	0	0	0	0	0	168	0	0	0	0	0	328	0	0	0	0	0	0	0	322	0	0	0	214	0	912	0	17756	0	1014	0	404	0	1652	0	4540	0	17640	0	6620	0	0	0	738	0	690	0	0	0	0	0	0	0	0	0	0	0	2556	0	0	0	12194	0	0	0	498	0	0	0	0	0	0	0	0	0	0	0	0	0	0	0	0	0	0	0	0	0	0	0	0	0	0	0	
160248	Angular_R	0	754	0	138	0	0	0	0	0	0	0	0	0	0	0	0	0	2376	0	566	0	0	0	0	0	0	0	0	0	774	0	0	0	252	0	0	0	106	0	0	0	0	0	382	0	178	0	0	0	5474	0	18564	0	0	0	0	0	1560	0	6346	0	11082	0	7078	0	0	236	1536	0	810	0	0	0	0	0	0	0	0	0	338	0	6766	0	0	112	11726	0	0	120	2850	0	0	0	0	0	0	0	0	0	0	0	0	0	0	0	0	0	0	0	0	0	0	0	0	0	0	
314060	Precuneus_L	1794	184	994	346	0	0	832	176	0	0	0	0	0	0	0	0	212	0	550	232	0	0	0	0	0	0	0	0	908	0	0	0	3628	816	10142	3432	4582	1236	3516	392	0	0	13002	488	12910	6630	6734	692	12814	3600	14922	0	6990	0	3880	0	1496	278	5736	1242	986	0	140	0	738	236	0	13946	3286	642	158	0	0	0	0	0	0	2078	432	0	156	0	0	0	7570	0	0	0	1078	0	0	0	0	0	0	0	0	198	0	0	0	0	0	0	0	0	0	0	0	0	0	0	0	0	0	0	
478092	Precuneus_R	156	1908	202	1028	0	0	108	646	0	0	0	330	0	0	0	0	0	696	480	8898	0	0	0	0	0	0	0	0	0	1272	0	0	2916	22862	3342	13986	1062	8716	678	2726	0	0	896	29192	2038	20686	500	11474	1762	21726	558	8382	0	1024	0	4928	0	6496	324	5918	0	306	0	180	0	1536	13946	0	500	15708	0	0	0	0	0	0	0	3444	0	258	0	1474	0	0	0	9418	0	0	0	3252	0	0	0	0	0	0	0	628	0	0	0	0	0	0	0	0	0	0	0	0	480	0	0	0	0	0	
103356	Paracentral_Lobule_L	12972	0	950	230	0	0	416	0	0	0	0	0	0	0	0	0	0	0	2870	1390	0	0	0	0	0	0	0	0	238	0	0	0	3800	818	6866	594	0	0	0	0	0	0	1266	160	2270	102	384	0	922	114	2522	0	1234	0	402	0	1846	176	288	0	602	0	0	0	690	0	3286	500	0	1212	0	230	0	0	0	0	0	128	0	0	96	0	0	0	1580	0	0	0	524	0	0	0	0	0	0	0	0	0	0	0	0	0	0	0	0	0	0	0	0	0	0	0	0	0	0	0	
222644	Paracentral_Lobule_R	182	1896	198	220	0	0	0	0	0	0	0	0	0	0	0	0	0	118	336	27092	0	0	0	0	0	0	0	0	0	248	0	0	1682	18958	1912	6944	0	242	0	0	0	0	0	5666	0	830	0	1350	0	3090	0	1504	0	284	0	298	0	8590	0	1158	0	402	0	1242	0	810	642	15708	1212	0	0	0	0	0	0	0	0	148	0	580	0	1550	0	0	0	4486	0	0	0	1596	0	0	0	0	0	0	0	0	0	0	0	0	0	0	0	0	0	0	0	0	148	0	0	0	0	0	
376004	Caudate_L	6958	836	11682	12520	1428	0	7708	5010	172	0	2712	2218	252	948	1222	0	468	524	11918	10670	8162	7202	2292	608	820	380	2440	564	7294	348	7252	5096	0	6176	328	384	1084	246	0	0	0	0	0	0	0	0	0	0	0	0	0	0	118	0	278	0	1280	0	0	0	0	0	0	0	0	0	158	0	0	0	0	11716	20964	7370	3064	1356	9470	2988	398	0	140	0	234	0	280	0	0	0	266	0	0	0	0	0	0	0	0	0	0	0	0	0	0	0	0	0	0	0	0	0	0	0	0	0	0	0	
442888	Caudate_R	2506	800	1342	29054	0	2794	970	1662	0	430	0	3142	0	1946	0	916	0	1174	2538	21088	4120	7046	282	6730	642	4888	958	4152	268	5352	6800	28984	0	3964	5162	7190	404	282	0	106	0	0	0	0	0	0	0	0	0	0	0	0	0	0	98	0	236	0	0	0	0	0	0	0	0	0	0	0	230	0	11716	0	6066	23510	496	3570	722	16692	116	0	0	0	0	0	146	0	0	0	154	0	0	0	0	0	0	0	0	0	0	0	0	0	0	0	0	0	0	0	0	0	0	0	0	0	0	0	
331476	Putamen_L	5792	0	17410	1412	5388	0	8868	422	1160	0	2602	396	1122	452	3016	0	738	0	11124	1350	6774	5598	4634	120	528	302	1468	428	17072	0	9136	3398	0	992	0	0	6956	0	1148	0	688	0	0	0	0	0	0	0	0	0	0	0	0	0	1730	0	0	0	0	0	0	0	0	0	0	0	0	0	0	0	20964	6066	0	3688	4902	114	1132	196	0	0	1510	0	2140	0	864	0	0	0	1938	0	0	0	0	0	0	0	0	0	0	0	0	0	0	0	0	0	0	0	0	0	0	0	0	0	0	0	
358324	Putamen_R	412	882	880	19944	0	5234	562	3140	0	1192	244	4452	0	772	0	2902	0	3572	874	14990	1852	2976	0	5610	568	4742	490	4022	210	16098	4134	16118	0	882	0	0	0	8574	0	5406	0	818	0	0	0	0	0	144	0	0	0	0	0	0	0	1930	0	376	0	0	0	0	0	0	0	0	0	0	0	0	7370	23510	3688	0	138	5964	0	1984	0	200	0	0	0	814	0	0	0	0	0	492	0	0	0	0	0	0	0	0	0	0	0	0	0	0	0	0	0	0	0	0	0	0	0	0	0	0	
46344	Pallidum_L	2224	0	3896	0	0	0	1656	0	0	0	0	0	0	0	0	0	0	0	3146	0	0	456	0	0	0	0	0	0	0	0	0	0	0	0	0	0	570	0	0	0	0	0	0	0	0	0	0	0	0	0	0	0	0	0	0	0	0	0	0	0	0	0	0	0	0	0	0	0	0	0	3064	496	4902	138	0	0	2348	0	0	0	0	0	0	0	126	0	0	0	150	0	0	0	0	0	0	0	0	0	0	0	0	0	0	0	0	0	0	0	0	0	0	0	0	0	0	0	
47440	Pallidum_R	116	582	172	4054	0	240	106	2316	0	126	118	220	0	0	0	128	0	0	158	1606	0	256	0	230	0	0	0	164	114	222	0	320	0	290	0	0	0	548	0	380	0	0	0	0	0	0	0	0	0	0	0	0	0	0	0	0	0	0	0	0	0	0	0	0	0	0	0	0	0	0	1356	3570	114	5964	0	0	0	250	0	0	0	0	0	0	0	0	0	0	0	0	0	0	0	0	0	0	0	0	0	0	0	0	0	0	0	0	0	0	0	0	0	0	0	0	0	0	
169892	Thalamus_L	11702	104	3138	5902	0	0	7344	230	0	0	382	0	0	0	0	0	0	0	4560	4690	0	0	0	0	0	0	0	0	1296	0	140	0	0	4688	2444	3684	4830	138	1072	0	0	0	0	0	0	0	0	0	0	0	0	0	0	0	176	0	0	0	0	0	0	0	0	0	0	0	0	0	0	0	9470	722	1132	0	2348	0	0	14140	298	0	0	0	0	0	0	0	0	0	218	0	0	0	0	0	0	0	0	0	0	0	0	0	0	0	0	0	0	0	0	98	0	0	0	0	0	0	
288848	Thalamus_R	5892	2174	886	17388	0	0	890	2270	0	0	190	820	0	0	0	0	0	1030	1316	7376	0	0	0	0	0	0	0	0	1156	1012	0	262	0	1538	13942	20354	7130	7692	3532	1074	0	116	402	116	0	0	388	426	0	0	0	0	0	0	368	944	0	680	0	0	0	0	0	0	0	0	2078	3444	128	148	2988	16692	196	1984	0	250	14140	0	390	0	0	0	0	0	0	0	0	0	144	326	0	0	0	0	0	0	0	0	0	0	0	0	0	0	0	0	0	0	0	152	0	0	0	0	0	0	
72104	Heschl_L	2450	178	1434	208	0	0	744	190	0	0	1540	0	0	0	0	0	4540	0	1074	0	0	0	0	0	0	0	0	0	6380	0	0	0	0	0	482	404	3338	0	0	0	0	0	326	0	0	0	234	0	0	0	130	0	552	0	1740	0	2122	0	0	0	0	0	120	0	0	0	432	0	0	0	398	116	0	0	0	0	298	390	0	0	1516	0	0	0	2354	0	0	0	2362	0	0	0	0	0	0	0	0	0	0	0	0	0	0	0	0	0	0	0	0	0	0	0	0	0	0	0	
31104	Heschl_R	0	308	0	134	0	0	0	180	0	0	0	238	0	0	0	0	0	3504	0	596	0	0	0	0	0	0	0	0	0	2496	0	0	0	220	0	0	0	546	0	0	0	0	0	104	0	0	0	0	0	0	0	0	0	0	0	168	0	192	0	0	0	0	0	280	0	338	0	258	0	580	0	0	0	200	0	0	0	0	0	0	0	4072	0	406	0	432	0	0	0	300	0	0	0	0	0	0	0	0	0	0	0	0	0	0	0	0	0	0	0	0	0	0	0	0	0	0	
159920	Temporal_Sup_L	1664	0	1112	188	0	0	1308	0	0	0	3260	0	1716	0	0	0	5346	0	578	182	0	0	312	0	0	0	0	0	7844	0	252	0	0	158	112	0	1544	0	172	0	0	0	0	0	0	0	0	0	0	0	0	0	0	0	2074	0	2090	0	0	0	868	0	4694	0	2556	0	156	0	96	0	140	0	1510	0	0	0	0	0	1516	0	0	0	4844	0	20760	0	0	0	12908	0	0	0	0	0	0	0	0	0	0	0	0	0	0	0	0	0	0	0	0	0	0	0	0	0	0	0	
149100	Temporal_Sup_R	0	1000	0	0	0	0	0	0	0	0	0	764	0	0	0	0	0	1888	0	1290	0	0	0	0	0	0	0	0	0	6092	0	0	0	1108	0	0	0	448	0	0	0	0	0	446	0	0	0	0	0	830	0	530	0	120	0	2184	0	496	0	0	0	564	0	9694	0	6766	0	1474	0	1550	0	0	0	0	0	0	0	0	0	4072	0	0	0	5352	0	17590	0	480	0	9812	0	0	0	0	0	0	0	0	0	0	0	0	0	0	0	0	0	0	0	0	0	0	0	0	0	0	
98924	Temporal_Pole_Sup_L	0	0	694	164	368	0	284	0	366	0	2924	0	2346	0	1488	0	714	0	270	150	382	0	360	0	0	0	0	0	4748	0	194	0	0	140	0	0	1198	0	286	0	1132	0	0	0	0	0	0	0	0	0	0	0	0	0	2936	0	0	0	0	0	0	0	0	0	0	0	0	0	0	0	234	0	2140	0	0	0	0	0	0	0	4844	0	0	0	8266	0	4784	0	8050	0	0	0	0	0	0	0	0	0	0	0	0	0	0	0	0	0	0	0	0	0	0	0	0	0	0	0	
70432	Temporal_Pole_Sup_R	0	0	0	192	0	0	0	0	0	0	0	624	0	102	0	304	0	606	0	174	0	422	0	0	0	0	0	0	0	2130	0	0	0	0	0	0	0	1620	0	1958	0	3450	0	0	0	0	0	0	0	0	0	0	0	0	0	7146	0	0	0	0	0	0	0	0	0	0	0	0	0	0	0	0	0	814	0	0	0	0	0	406	0	5352	0	0	0	644	0	3936	0	5336	0	0	0	0	0	0	0	0	0	0	0	0	0	0	0	0	0	0	0	0	0	0	0	0	0	0	
376084	Temporal_Mid_L	5876	206	3878	304	0	0	3494	184	0	0	934	0	684	0	0	0	2442	106	678	218	0	0	0	0	0	0	0	0	3898	0	0	0	720	0	722	0	1254	0	0	0	0	0	782	0	378	0	314	0	380	0	21042	0	9708	0	4608	0	3206	0	920	0	8004	0	12690	0	12194	112	7570	0	1580	0	280	146	864	0	126	0	0	0	2354	0	20760	0	8266	0	0	0	5118	0	41042	0	0	0	0	0	0	0	0	0	0	0	0	0	0	0	0	0	0	0	0	0	0	0	0	0	0	0	
279844	Temporal_Mid_R	0	1620	0	0	0	0	0	0	0	0	0	0	0	0	0	0	0	404	0	2642	0	0	0	0	0	0	0	0	0	1972	0	0	236	5514	0	662	0	816	0	128	0	0	0	7956	0	1816	0	1332	0	4780	0	17678	0	3960	0	6436	0	570	0	182	0	776	0	6794	0	11726	0	9418	0	4486	0	0	0	0	0	0	0	0	0	432	0	17590	0	644	0	0	0	2420	0	26932	0	0	0	0	0	0	0	0	0	0	0	0	0	0	0	0	0	0	0	0	0	0	0	0	0	0	
37640	Temporal_Pole_Mid_L	0	0	0	0	0	0	0	0	0	0	0	0	0	0	0	0	0	0	0	0	0	0	0	0	0	0	0	0	0	0	0	0	0	0	0	0	154	0	196	0	252	0	0	0	0	0	0	0	0	0	0	0	0	0	2520	0	0	0	0	0	0	0	0	0	0	0	0	0	0	0	0	0	0	0	0	0	0	0	0	0	0	0	4784	0	5118	0	0	0	5796	0	0	0	0	0	0	0	0	0	0	0	0	0	0	0	0	0	0	0	0	0	0	0	0	0	0	0	
32272	Temporal_Pole_Mid_R	0	0	0	0	0	0	0	0	0	0	0	0	0	0	0	0	0	0	0	0	0	106	0	0	0	0	0	0	0	0	0	0	0	0	0	0	0	228	0	660	0	940	0	0	0	0	0	0	0	0	0	0	0	0	0	4166	0	0	0	0	0	0	0	0	0	0	0	0	0	0	0	0	0	0	0	0	0	0	0	0	0	480	0	3936	0	2420	0	0	0	3200	0	0	0	0	0	0	0	0	0	0	0	0	0	0	0	0	0	0	0	0	0	0	0	0	0	0	
274116	Temporal_Inf_L	3438	182	1778	306	0	0	1556	136	0	0	368	0	240	0	0	0	1154	108	610	204	0	0	0	0	0	0	0	0	6348	0	0	0	0	0	544	0	8322	0	1074	0	1638	0	794	0	0	0	620	0	0	0	1168	0	3354	0	14986	0	1398	112	0	0	2146	0	2242	0	498	120	1078	0	524	0	266	154	1938	0	150	0	218	144	2362	0	12908	0	8050	0	41042	0	5796	0	0	0	3236	0	470	0	0	0	612	0	1914	0	378	0	374	0	0	0	0	0	0	0	0	0	0	0	0	0	
234524	Temporal_Inf_R	0	4726	0	104	0	0	0	0	0	0	0	0	0	0	0	0	0	904	0	1578	0	0	0	0	0	0	0	0	0	4432	0	0	0	956	0	524	0	7084	0	2378	0	1380	0	3072	0	258	0	1186	0	486	0	2026	0	2750	0	21560	0	578	0	0	0	682	0	5454	0	2850	0	3252	0	1596	0	0	0	492	0	0	0	326	0	300	0	9812	0	5336	0	26932	0	3200	0	0	0	730	0	132	0	0	0	0	0	0	0	0	0	186	0	0	0	0	0	0	0	0	0	0	0	0	
524044	Cerebelum_Crus1_L	0	0	0	0	0	0	0	0	0	0	0	0	0	0	0	0	0	0	0	0	0	0	0	0	0	0	0	0	0	0	0	0	0	0	0	0	0	0	0	0	0	0	0	108	0	0	5118	5706	0	124	0	160	0	1072	16242	4688	0	0	0	0	0	0	0	0	0	0	0	0	0	0	0	0	0	0	0	0	0	0	0	0	0	0	0	0	0	0	0	0	3236	0	0	5684	33292	5438	770	790	22100	1668	55390	9066	18434	1860	25746	3362	4184	1922	822	144	762	1502	5816	10728	11228	2198	1998	664	
507432	Cerebelum_Crus1_R	0	0	0	0	0	0	0	0	0	0	0	0	0	0	0	0	0	0	0	0	0	0	0	0	0	0	0	0	0	0	0	0	0	0	0	0	0	0	0	166	0	0	106	252	0	0	1982	4348	0	240	0	358	0	1288	470	20714	0	0	0	0	0	0	0	0	0	0	0	0	0	0	0	0	0	0	0	0	0	0	0	0	0	0	0	0	0	0	0	0	0	730	5684	0	3862	35448	142	3276	2194	15190	4066	54608	2520	8526	2308	36336	376	11944	0	1074	296	2266	6036	8810	10506	2706	4096	792	
401636	Cerebelum_Crus2_L	0	0	0	0	0	0	0	0	0	0	0	0	0	0	0	0	0	0	0	0	0	0	0	0	0	0	0	0	0	0	0	0	0	0	0	0	0	0	0	0	0	0	0	0	0	0	134	1288	0	0	0	0	0	250	2822	1098	0	0	0	0	0	0	0	0	0	0	0	0	0	0	0	0	0	0	0	0	0	0	0	0	0	0	0	0	0	0	0	0	470	0	33292	3862	0	18972	122	230	1392	96	8378	2884	43230	6892	39146	7132	3420	942	580	0	0	250	148	2696	16562	3260	1036	234	
386104	Cerebelum_Crus2_R	0	0	0	0	0	0	0	0	0	0	0	0	0	0	0	0	0	0	0	0	0	0	0	0	0	0	0	0	0	0	0	0	0	0	0	0	0	0	0	0	0	0	0	0	0	0	104	1006	0	0	0	0	0	476	0	2264	0	0	0	0	0	0	0	0	0	0	0	0	0	0	0	0	0	0	0	0	0	0	0	0	0	0	0	0	0	0	0	0	0	132	5438	35448	18972	0	0	360	292	1018	790	8648	11336	20942	8192	39216	1692	5506	0	314	0	310	292	3210	18874	4744	2740	736	
57088	Cerebelum_3_L	0	0	0	0	0	0	0	0	0	0	0	0	0	0	0	0	0	0	0	0	0	0	0	0	0	0	0	0	0	0	0	0	0	0	0	0	0	202	0	344	0	0	0	0	0	0	100	948	0	0	0	0	0	0	370	0	0	0	0	0	0	0	0	0	0	0	0	0	0	0	0	0	0	0	0	0	0	0	0	0	0	0	0	0	0	0	0	0	0	0	770	142	122	0	0	590	6858	1106	2728	582	0	0	794	132	1994	544	184	0	1060	3850	2046	882	450	544	776	426	
86484	Cerebelum_3_R	0	0	0	0	0	0	0	0	0	0	0	0	0	0	0	0	0	0	0	0	0	0	0	0	0	0	0	0	0	0	0	0	0	0	0	0	0	0	0	0	0	0	0	0	0	0	0	886	0	0	0	0	0	0	106	1508	0	0	0	0	0	0	0	0	0	0	0	0	0	0	0	0	0	0	0	0	0	0	0	0	0	0	0	0	0	0	0	0	0	0	790	3276	230	360	590	0	1110	6652	1454	6926	0	144	164	1248	738	2784	0	0	768	6808	1958	2074	612	304	1436	316	
388420	Cerebelum_4_5_L	0	0	0	0	0	0	0	0	0	0	0	0	0	0	0	0	0	0	0	0	0	0	0	0	0	0	0	0	0	0	0	0	0	0	0	0	0	380	0	338	0	0	322	0	0	0	11576	7780	0	0	910	0	1042	822	15068	4826	0	0	0	0	0	0	0	0	0	0	0	0	0	0	0	0	0	0	0	0	0	0	0	0	0	0	0	0	0	0	0	0	612	0	22100	2194	1392	292	6858	1110	0	13036	39860	10018	1284	0	3338	1010	4462	2944	474	0	1742	4208	24574	4238	1246	884	1590	1680	
301468	Cerebelum_4_5_R	0	0	0	0	0	0	0	0	0	0	0	0	0	0	0	0	0	0	0	0	0	0	0	0	0	0	0	0	0	0	0	0	0	0	120	164	0	674	0	1880	0	0	106	0	0	0	4112	10346	0	0	292	0	362	1142	2208	15636	0	0	0	0	0	0	0	0	0	0	198	628	0	0	0	0	0	0	0	0	0	0	0	0	0	0	0	0	0	0	0	0	0	0	1668	15190	96	1018	1106	6652	13036	0	6968	30336	0	176	112	3778	314	2692	0	470	636	3326	22568	1304	248	152	560	460	
529180	Cerebelum_6_L	0	0	0	0	0	0	0	0	0	0	0	0	0	0	0	0	0	0	0	0	0	0	0	0	0	0	0	0	0	0	0	0	0	0	0	0	0	0	0	0	0	0	304	184	0	0	12318	11022	98	208	932	258	1560	1490	25084	7550	0	0	0	0	0	0	0	0	0	0	0	0	0	0	0	0	0	0	0	0	0	0	0	0	0	0	0	0	0	0	0	0	1914	0	55390	4066	8378	790	2728	1454	39860	6968	0	13982	6804	0	9662	802	3942	2522	680	104	1550	3168	16786	15070	3304	1110	1926	622	
575004	Cerebelum_6_R	0	0	0	0	0	0	0	0	0	0	0	0	0	0	0	0	0	0	0	0	0	0	0	0	0	0	0	0	0	0	0	0	0	0	0	0	0	0	0	176	0	0	190	346	0	120	5274	14370	0	420	380	598	658	4194	2502	33646	0	0	0	0	0	0	0	0	0	0	0	0	0	0	0	0	0	0	0	0	0	0	0	0	0	0	0	0	0	0	0	0	0	0	9066	54608	2884	8648	582	6926	10018	30336	13982	0	1360	2008	1414	15766	514	10206	0	1496	666	4340	19096	17064	6872	2378	3704	694	
327844	Cerebelum_7b_L	0	0	0	0	0	0	0	0	0	0	0	0	0	0	0	0	0	0	0	0	0	0	0	0	0	0	0	0	0	0	0	0	0	0	0	0	0	0	0	0	0	0	0	0	0	0	0	164	0	0	0	0	0	0	1298	258	0	0	0	0	0	0	0	0	0	0	0	0	0	0	0	0	0	0	0	0	0	0	0	0	0	0	0	0	0	0	0	0	378	0	18434	2520	43230	11336	0	0	1284	0	6804	1360	0	6708	38922	7766	3026	680	358	0	0	0	116	534	12630	5088	920	108	
181324	Cerebelum_7b_R	0	0	0	0	0	0	0	0	0	0	0	0	0	0	0	0	0	0	0	0	0	0	0	0	0	0	0	0	0	0	0	0	0	0	0	0	0	0	0	0	0	0	0	0	0	0	0	0	0	0	0	0	0	0	0	590	0	0	0	0	0	0	0	0	0	0	0	0	0	0	0	0	0	0	0	0	0	0	0	0	0	0	0	0	0	0	0	0	0	0	1860	8526	6892	20942	0	144	0	176	0	2008	6708	0	4342	23850	722	2120	0	0	0	128	0	404	6144	4354	608	144	
401064	Cerebelum_8_L	0	0	0	0	0	0	0	0	0	0	0	0	0	0	0	0	0	0	0	0	0	0	0	0	0	0	0	0	0	0	0	0	0	0	0	0	0	0	0	0	0	0	0	0	0	0	286	280	0	0	0	0	0	0	3078	296	0	0	0	0	0	0	0	0	0	0	0	0	0	0	0	0	0	0	0	0	0	0	0	0	0	0	0	0	0	0	0	0	374	0	25746	2308	39146	8192	794	164	3338	112	9662	1414	38922	4342	0	9828	19244	2424	2032	0	0	524	232	990	12456	9194	4250	904	
426360	Cerebelum_8_R	0	0	0	0	0	0	0	0	0	0	0	0	0	0	0	0	0	0	0	0	0	0	0	0	0	0	0	0	0	0	0	0	0	0	0	0	0	0	0	0	0	0	0	0	0	0	136	144	0	0	0	0	0	0	0	2848	0	0	0	0	0	0	0	0	0	0	0	0	0	0	0	0	0	0	0	0	0	0	0	0	0	0	0	0	0	0	0	0	0	186	3362	36336	7132	39216	132	1248	1010	3778	802	15766	7766	23850	9828	0	2614	24576	110	864	208	1118	1338	1310	11690	9612	4898	1302	
148396	Cerebelum_9_L	0	0	0	0	0	0	0	0	0	0	0	0	0	0	0	0	0	0	0	0	0	0	0	0	0	0	0	0	0	0	0	0	0	0	0	0	0	0	0	0	0	0	0	0	0	0	0	308	0	0	0	0	0	0	830	0	0	0	0	0	0	0	0	0	0	0	0	0	0	0	0	0	0	0	0	0	0	0	0	0	0	0	0	0	0	0	0	0	0	0	4184	376	3420	1692	1994	738	4462	314	3942	514	3026	722	19244	2614	0	2466	2830	0	146	1576	1338	2192	5048	4230	4454	1538	
225320	Cerebelum_9_R	0	0	0	0	0	0	0	0	0	0	0	0	0	0	0	0	0	0	0	0	0	0	0	0	0	0	0	0	0	0	0	0	0	0	0	0	0	0	0	0	0	0	0	0	0	0	146	372	0	0	0	0	0	0	122	558	0	0	0	0	0	0	0	0	0	0	0	0	0	0	0	0	0	0	0	0	0	0	0	0	0	0	0	0	0	0	0	0	0	0	1922	11944	942	5506	544	2784	2944	2692	2522	10206	680	2120	2424	24576	2466	0	0	2314	1296	3366	3828	4360	3744	4862	9652	3768	
17708	Cerebelum_10_L	0	0	0	0	0	0	0	0	0	0	0	0	0	0	0	0	0	0	0	0	0	0	0	0	0	0	0	0	0	0	0	0	0	0	0	0	0	0	0	0	0	0	0	0	0	0	0	0	0	0	0	0	0	0	150	0	0	0	0	0	0	0	0	0	0	0	0	0	0	0	0	0	0	0	0	0	0	0	0	0	0	0	0	0	0	0	0	0	0	0	822	0	580	0	184	0	474	0	680	0	358	0	2032	110	2830	0	0	0	0	0	0	0	290	192	152	0	
17216	Cerebelum_10_R	0	0	0	0	0	0	0	0	0	0	0	0	0	0	0	0	0	0	0	0	0	0	0	0	0	0	0	0	0	0	0	0	0	0	0	0	0	0	0	0	0	0	0	0	0	0	0	0	0	0	0	0	0	0	0	118	0	0	0	0	0	0	0	0	0	0	0	0	0	0	0	0	0	0	0	0	0	0	0	0	0	0	0	0	0	0	0	0	0	0	144	1074	0	314	0	0	0	470	104	1496	0	0	0	864	0	2314	0	0	0	0	0	180	418	440	672	0	
39360	Vermis_1_2	0	0	0	0	0	0	0	0	0	0	0	0	0	0	0	0	0	0	0	0	0	0	0	0	0	0	0	0	0	0	0	0	0	0	0	0	0	0	0	0	0	0	0	0	0	0	122	298	0	0	0	0	0	0	0	0	0	0	0	0	0	0	0	0	0	0	0	0	0	0	0	0	0	0	0	0	0	0	0	0	0	0	0	0	0	0	0	0	0	0	762	296	0	0	1060	768	1742	636	1550	666	0	0	0	208	146	1296	0	0	0	5732	2488	826	158	96	602	228	
113712	Vermis_3	0	0	0	0	0	0	0	0	0	0	0	0	0	0	0	0	0	0	0	0	0	0	0	0	0	0	0	0	0	0	0	0	0	0	0	0	0	0	126	0	0	0	0	0	0	0	300	1036	0	0	0	0	0	0	262	492	0	0	0	0	0	0	0	0	0	0	0	0	0	0	0	0	0	0	0	0	98	152	0	0	0	0	0	0	0	0	0	0	0	0	1502	2266	250	310	3850	6808	4208	3326	3168	4340	0	128	524	1118	1576	3366	0	0	5732	0	5440	2590	782	590	1810	706	
