data	data	457348	237548	1.09129e+06	698104	227092	46036	681532	301748	101292	49200	257996	196328	388396	182784	295204	145080	159328	108856	555588	643112	115208	104784	353568	295764	79588	114008	107588	81840	571276	338480	410768	485952	122776	466368	85156	112080	198092	154020	58032	83536	58204	50048	158776	254696	183916	338516	205172	153648	232044	283604	407332	163544	82536	44080	223488	181180	270256	150616	239676	56564	163564	81152	100360	55260	148508	86460	272952	329552	129132	224304	336960	572452	423880	303476	47964	23532	68784	95136	43564	13752	163048	81324	82868	33464	256624	197892	40000	24012	194052	173288	364912	342524	347380	315444	15452	40272	208684	182764	355380	351204	215308	78360	275868	163936	52320	54756	5828	9760	9040	42212	175648	158308	200636	190680	71212	59188	
data	data	Precentral_L	Precentral_R	Frontal_Sup_L	Frontal_Sup_R	Frontal_Sup_Orb_L	Frontal_Sup_Orb_R	Frontal_Mid_L	Frontal_Mid_R	Frontal_Mid_Orb_L	Frontal_Mid_Orb_R	Frontal_Inf_Oper_L	Frontal_Inf_Oper_R	Frontal_Inf_Tri_L	Frontal_Inf_Tri_R	Frontal_Inf_Orb_L	Frontal_Inf_Orb_R	Rolandic_Oper_L	Rolandic_Oper_R	Supp_Motor_Area_L	Supp_Motor_Area_R	Olfactory_L	Olfactory_R	Frontal_Sup_Medial_L	Frontal_Sup_Medial_R	Frontal_Med_Orb_L	Frontal_Med_Orb_R	Rectus_L	Rectus_R	Insula_L	Insula_R	Cingulum_Ant_L	Cingulum_Ant_R	Cingulum_Mid_L	Cingulum_Mid_R	Cingulum_Post_L	Cingulum_Post_R	Hippocampus_L	Hippocampus_R	ParaHippocampal_L	ParaHippocampal_R	Amygdala_L	Amygdala_R	Calcarine_L	Calcarine_R	Cuneus_L	Cuneus_R	Lingual_L	Lingual_R	Occipital_Sup_L	Occipital_Sup_R	Occipital_Mid_L	Occipital_Mid_R	Occipital_Inf_L	Occipital_Inf_R	Fusiform_L	Fusiform_R	Postcentral_L	Postcentral_R	Parietal_Sup_L	Parietal_Sup_R	Parietal_Inf_L	Parietal_Inf_R	SupraMarginal_L	SupraMarginal_R	Angular_L	Angular_R	Precuneus_L	Precuneus_R	Paracentral_Lobule_L	Paracentral_Lobule_R	Caudate_L	Caudate_R	Putamen_L	Putamen_R	Pallidum_L	Pallidum_R	Thalamus_L	Thalamus_R	Heschl_L	Heschl_R	Temporal_Sup_L	Temporal_Sup_R	Temporal_Pole_Sup_L	Temporal_Pole_Sup_R	Temporal_Mid_L	Temporal_Mid_R	Temporal_Pole_Mid_L	Temporal_Pole_Mid_R	Temporal_Inf_L	Temporal_Inf_R	Cerebelum_Crus1_L	Cerebelum_Crus1_R	Cerebelum_Crus2_L	Cerebelum_Crus2_R	Cerebelum_3_L	Cerebelum_3_R	Cerebelum_4_5_L	Cerebelum_4_5_R	Cerebelum_6_L	Cerebelum_6_R	Cerebelum_7b_L	Cerebelum_7b_R	Cerebelum_8_L	Cerebelum_8_R	Cerebelum_9_L	Cerebelum_9_R	Cerebelum_10_L	Cerebelum_10_R	Vermis_1_2	Vermis_3	Vermis_4_5	Vermis_6	Vermis_7	Vermis_8	Vermis_9	Vermis_10	
457348	Precentral_L	0	5364	21334	248	0	0	24872	176	0	0	17178	222	6108	0	120	0	8378	0	10880	9814	0	0	0	0	0	0	0	0	7544	526	350	0	506	8030	2912	2062	8004	142	376	0	0	0	0	0	0	0	0	0	182	0	1748	0	122	0	0	0	36234	4728	1640	218	4282	184	4324	0	1344	0	1838	242	6830	8832	1536	1184	5424	244	1266	0	1448	156	3790	0	4362	0	0	0	1084	0	0	0	286	0	0	0	0	0	0	0	0	0	0	0	0	0	0	0	0	0	0	0	0	0	0	0	0	0	0	0	
237548	Precentral_R	5364	0	2036	7034	0	0	1866	6710	0	0	244	7732	548	1034	124	0	124	1414	1356	7404	0	0	0	0	0	0	0	0	830	4864	436	340	0	976	0	266	218	4368	0	694	0	140	0	226	0	534	0	0	0	458	0	296	0	0	0	172	1660	11566	0	322	0	1296	0	2206	0	0	0	736	340	9838	2628	7636	2084	2750	380	0	700	16324	0	154	0	176	0	0	0	170	0	0	0	0	0	0	0	0	0	0	0	0	0	0	0	0	0	0	0	0	0	0	0	0	0	0	0	0	0	0	
1.09129e+06	Frontal_Sup_L	21334	2036	0	6842	15020	0	104100	872	6506	0	18428	724	26128	266	19900	0	8840	1144	78074	17284	1736	200	45868	5986	2300	222	2786	0	34134	3380	24034	5760	4452	9310	590	596	5260	546	494	112	348	0	0	0	0	0	0	0	0	0	0	0	0	0	146	0	6168	264	0	0	0	0	376	0	0	0	0	0	2794	1626	8546	4188	28352	2638	3892	292	4168	1826	436	0	2240	0	1938	0	0	0	0	0	142	0	0	0	0	0	0	0	0	0	0	0	0	0	0	0	0	0	0	0	0	0	0	0	0	0	0	0	
698104	Frontal_Sup_R	248	7034	6842	0	0	2586	1002	50284	0	1806	288	9324	836	14092	202	7412	0	6672	7230	56076	0	0	7076	32378	0	3812	0	2590	720	15764	7414	37016	704	17750	0	0	0	520	0	0	0	0	0	0	0	0	0	0	0	0	0	0	0	0	0	0	0	278	0	0	0	118	0	144	0	0	0	0	0	0	1300	31980	642	13810	0	1090	0	954	0	162	0	652	0	244	0	0	0	0	0	0	0	0	0	0	0	0	0	0	0	0	0	0	0	0	0	0	0	0	0	0	0	0	0	0	0	0	
227092	Frontal_Sup_Orb_L	0	0	15020	0	0	0	4230	0	17054	0	0	0	470	0	17832	0	0	0	0	0	4304	634	3104	130	8078	1194	12704	662	4690	0	10772	374	0	0	0	0	0	0	0	0	424	0	0	0	0	0	0	0	0	0	0	0	0	0	0	0	0	0	0	0	0	0	0	0	0	0	0	0	0	0	4824	640	6068	112	0	0	0	0	0	0	0	0	226	0	0	0	0	0	0	0	0	0	0	0	0	0	0	0	0	0	0	0	0	0	0	0	0	0	0	0	0	0	0	0	0	0	
46036	Frontal_Sup_Orb_R	0	0	0	2586	0	0	0	202	0	3416	0	0	0	0	0	1320	0	0	0	0	0	240	0	2330	0	5800	272	4580	0	0	376	1580	0	0	0	0	0	0	0	0	0	0	0	0	0	0	0	0	0	0	0	0	0	0	0	0	0	0	0	0	0	0	0	0	0	0	0	0	0	0	0	316	0	0	0	0	0	0	0	0	0	0	0	0	0	0	0	0	0	0	0	0	0	0	0	0	0	0	0	0	0	0	0	0	0	0	0	0	0	0	0	0	0	0	0	0	
681532	Frontal_Mid_L	24872	1866	104100	1002	4230	0	0	816	5244	0	16566	612	52808	114	19036	0	1262	198	15104	6232	664	0	16496	886	200	0	294	0	25716	1284	7790	1362	1742	4304	0	128	1204	128	148	0	0	0	0	0	0	0	0	0	0	0	0	0	0	0	0	0	592	590	0	0	0	0	0	0	0	0	0	0	226	2300	2200	2096	11916	568	0	0	2134	352	126	0	296	0	962	0	0	0	0	0	0	0	0	0	0	0	0	0	0	0	0	0	0	0	0	0	0	0	0	0	0	0	0	0	0	0	0	0	
301748	Frontal_Mid_R	176	6710	872	50284	0	202	816	0	0	2976	152	9574	474	23208	0	8490	0	318	762	7282	0	0	1072	5008	0	0	0	0	370	5640	1764	4182	650	7298	0	0	0	448	0	0	0	0	0	0	0	0	0	0	0	0	0	0	0	0	0	0	0	222	0	0	0	126	0	204	0	0	0	0	0	0	0	7860	0	3446	0	122	0	166	0	0	0	0	0	0	0	0	0	0	0	0	0	0	0	0	0	0	0	0	0	0	0	0	0	0	0	0	0	0	0	0	0	0	0	0	0	0	
101292	Frontal_Mid_Orb_L	0	0	6506	0	17054	0	5244	0	0	0	0	0	1322	0	17052	0	0	0	0	0	182	0	0	0	262	0	1140	0	568	0	270	0	0	0	0	0	0	0	0	0	0	0	0	0	0	0	0	0	0	0	0	0	0	0	0	0	0	0	0	0	0	0	0	0	0	0	0	0	0	0	126	0	712	0	0	0	0	0	0	0	0	0	208	0	0	0	0	0	0	0	0	0	0	0	0	0	0	0	0	0	0	0	0	0	0	0	0	0	0	0	0	0	0	0	0	0	
49200	Frontal_Mid_Orb_R	0	0	0	1806	0	3416	0	2976	0	0	0	0	0	454	0	8858	0	0	0	226	0	0	0	106	0	948	0	1084	0	578	0	0	0	0	0	0	0	0	0	0	0	0	0	0	0	0	0	0	0	0	0	0	0	0	0	0	0	0	0	0	0	0	0	0	0	0	0	0	0	0	0	1954	0	2194	0	0	0	0	0	0	0	0	0	0	0	0	0	0	0	0	0	0	0	0	0	0	0	0	0	0	0	0	0	0	0	0	0	0	0	0	0	0	0	0	0	0	
257996	Frontal_Inf_Oper_L	17178	244	18428	288	0	0	16566	152	0	0	0	592	16256	220	826	0	10116	116	10732	540	0	0	0	0	0	0	0	0	15508	1078	0	0	0	176	0	0	550	0	0	0	0	0	0	0	0	0	0	0	0	0	0	0	0	0	0	0	2488	246	0	0	0	0	0	0	0	0	0	0	0	390	5302	1620	1546	198	0	0	0	0	210	0	3866	0	3378	0	188	0	0	0	0	0	0	0	0	0	0	0	0	0	0	0	0	0	0	0	0	0	0	0	0	0	0	0	0	0	0	0	
196328	Frontal_Inf_Oper_R	222	7732	724	9324	0	0	612	9574	0	0	592	0	776	10290	0	272	0	5042	554	6902	0	0	0	160	0	0	0	0	1160	22256	442	1320	0	340	0	0	0	650	0	0	0	0	0	0	0	0	0	0	0	0	0	0	0	0	0	124	0	270	0	0	0	174	0	362	0	0	0	0	0	0	1360	9358	0	5864	0	0	0	228	0	0	0	724	216	540	0	0	0	0	0	0	0	0	0	0	0	0	0	0	0	0	0	0	0	0	0	0	0	0	0	0	0	0	0	0	0	0	
388396	Frontal_Inf_Tri_L	6108	548	26128	836	470	0	52808	474	1322	0	16256	776	0	134	24420	0	354	240	3468	496	0	0	1238	120	0	0	0	0	35440	1338	1402	446	174	0	0	0	230	0	0	0	0	0	0	0	0	0	0	0	0	0	0	0	0	0	0	0	0	188	0	0	0	0	0	0	0	0	0	0	0	248	6260	2500	7432	610	0	118	0	236	0	0	194	0	1186	0	0	0	0	0	0	0	0	0	0	0	0	0	0	0	0	0	0	0	0	0	0	0	0	0	0	0	0	0	0	0	0	0	
182784	Frontal_Inf_Tri_R	0	1034	266	14092	0	0	114	23208	0	454	220	10290	134	0	0	6424	0	296	562	6126	0	0	188	414	0	0	0	0	248	8714	198	1934	260	4006	0	0	0	202	0	0	0	0	0	0	0	0	0	0	0	0	0	0	0	0	0	0	0	0	0	0	0	0	0	0	0	0	0	0	0	0	336	8500	0	3172	0	0	0	0	0	0	0	0	0	0	0	0	0	0	0	0	0	0	0	0	0	0	0	0	0	0	0	0	0	0	0	0	0	0	0	0	0	0	0	0	0	0	
295204	Frontal_Inf_Orb_L	120	124	19900	202	17832	0	19036	0	17052	0	826	0	24420	0	0	0	0	202	1362	132	4420	208	194	0	158	0	1706	0	21030	162	1328	320	0	0	0	0	170	0	176	0	390	0	0	0	0	0	0	0	0	0	0	0	0	0	0	0	0	0	0	0	0	0	0	0	0	0	0	0	0	0	4972	842	8124	332	0	0	0	0	0	0	0	0	1862	0	0	0	0	0	0	0	0	0	0	0	0	0	0	0	0	0	0	0	0	0	0	0	0	0	0	0	0	0	0	0	0	0	
145080	Frontal_Inf_Orb_R	0	0	0	7412	0	1320	0	8490	0	8858	0	272	0	6424	0	0	0	0	134	964	0	232	116	426	0	0	0	214	0	7944	0	548	0	820	0	0	0	502	0	108	0	0	0	0	0	0	0	0	0	0	0	0	0	0	0	176	0	0	0	0	0	0	0	0	0	0	0	0	0	0	0	14834	0	12402	0	344	0	0	0	0	0	0	0	0	0	0	0	0	0	0	0	0	0	0	0	0	0	0	0	0	0	0	0	0	0	0	0	0	0	0	0	0	0	0	0	0	
159328	Rolandic_Oper_L	8378	124	8840	0	0	0	1262	0	0	0	10116	0	354	0	0	0	0	0	6334	326	0	0	0	0	0	0	0	0	12674	0	0	0	0	168	0	0	1200	0	0	0	0	0	0	0	0	0	0	0	520	0	1644	0	0	0	0	0	6722	0	1308	0	162	0	1902	0	866	0	1320	0	0	110	710	0	822	0	134	0	0	0	1736	0	9156	0	726	0	1432	0	0	0	618	0	0	0	0	0	0	0	0	0	0	0	0	0	0	0	0	0	0	0	0	0	0	0	0	0	0	0	
108856	Rolandic_Oper_R	0	1414	1144	6672	0	0	198	318	0	0	116	5042	240	296	202	0	0	0	1046	6828	0	0	0	0	0	0	0	0	186	13276	0	106	0	0	0	0	0	450	0	0	0	0	0	0	0	0	0	0	0	0	0	0	0	0	0	0	0	3250	0	0	0	0	0	1450	0	0	0	0	0	0	1376	1168	786	3532	0	574	0	466	0	1440	0	2242	0	610	0	0	0	0	0	0	0	0	0	0	0	0	0	0	0	0	0	0	0	0	0	0	0	0	0	0	0	0	0	0	0	0	
555588	Supp_Motor_Area_L	10880	1356	78074	7230	0	0	15104	762	0	0	10732	554	3468	562	1362	134	6334	1046	0	34396	166	0	5012	1266	0	0	0	0	12800	2766	4520	3736	8778	20452	1206	422	1934	400	174	0	0	0	0	0	0	0	0	0	0	0	0	0	0	0	0	0	852	384	0	0	0	0	0	0	0	0	0	0	4626	4100	6128	3666	13664	2246	1654	328	716	1614	0	0	1328	0	862	0	0	0	0	0	0	0	0	0	0	0	0	0	0	0	0	0	0	0	0	0	0	0	0	0	0	0	0	0	0	0	0	0	
643112	Supp_Motor_Area_R	9814	7404	17284	56076	0	0	6232	7282	0	226	540	6902	496	6126	132	964	326	6828	34396	0	168	0	1312	4756	0	0	0	0	1888	10846	3116	17646	3130	44222	284	1566	470	434	0	0	0	0	0	0	0	112	0	0	0	0	0	0	0	0	0	0	952	2936	0	0	0	0	0	0	0	0	0	736	5152	21714	2242	19744	3844	7308	628	1442	156	2404	0	174	138	642	134	232	0	0	0	0	0	0	0	0	0	0	0	0	0	0	0	0	0	0	0	0	0	0	0	0	0	0	0	0	0	0	0	0	
115208	Olfactory_L	0	0	1736	0	4304	0	664	0	182	0	0	0	0	0	4420	0	0	0	166	168	0	5264	184	0	1470	204	3512	362	5718	162	2884	580	0	0	0	0	382	0	452	0	2530	0	0	0	0	0	0	0	0	0	0	0	0	0	238	0	0	0	0	0	0	0	0	0	0	0	0	0	0	0	10054	4422	6690	186	130	0	0	0	0	0	0	0	540	0	0	0	0	0	0	0	0	0	0	0	0	0	0	0	0	0	0	0	0	0	0	0	0	0	0	0	0	0	0	0	0	0	
104784	Olfactory_R	0	0	200	0	634	240	0	0	0	0	0	0	0	0	208	232	0	0	0	0	5264	0	0	0	194	1158	1306	2208	1134	1544	3056	3000	0	0	0	0	0	0	0	0	1358	598	0	0	0	0	0	0	0	0	0	0	0	0	0	0	0	0	0	0	0	0	0	0	0	0	0	0	0	0	9278	11128	7150	956	926	238	0	222	0	0	0	0	160	0	0	0	0	0	0	0	0	0	0	0	0	0	0	0	0	0	0	0	0	0	0	0	0	0	0	0	0	0	0	0	0	0	
353568	Frontal_Sup_Medial_L	0	0	45868	7076	3104	0	16496	1072	0	0	0	0	1238	188	194	116	0	0	5012	1312	184	0	0	21644	3540	1410	1406	158	1500	132	31230	16016	4734	10456	0	0	0	0	0	0	0	0	0	0	0	0	0	0	0	0	0	0	0	0	0	0	0	0	0	0	0	0	0	0	0	0	0	0	0	0	460	980	784	474	0	0	0	0	0	0	0	0	0	0	0	0	0	0	0	0	0	0	0	0	0	0	0	0	0	0	0	0	0	0	0	0	0	0	0	0	0	0	0	0	0	0	
295764	Frontal_Sup_Medial_R	0	0	5986	32378	130	2330	886	5008	0	106	0	160	120	414	0	426	0	0	1266	4756	0	0	21644	0	532	6756	0	2068	126	184	12682	27354	894	15514	0	0	0	0	0	0	0	0	0	0	0	0	0	0	0	0	0	0	0	0	0	0	0	0	0	0	0	0	0	0	0	0	0	0	0	0	126	4186	164	1686	0	0	0	0	0	0	0	0	0	0	0	0	0	0	0	0	0	0	0	0	0	0	0	0	0	0	0	0	0	0	0	0	0	0	0	0	0	0	0	0	0	0	
79588	Frontal_Med_Orb_L	0	0	2300	0	8078	0	200	0	262	0	0	0	0	0	158	0	0	0	0	0	1470	194	3540	532	0	3028	5936	1180	310	0	8774	574	0	0	0	0	0	0	0	0	266	0	0	0	0	0	0	0	0	0	0	0	0	0	0	0	0	0	0	0	0	0	0	0	0	0	0	0	0	0	1414	214	1364	0	0	0	0	0	0	0	0	0	0	0	0	0	0	0	0	0	0	0	0	0	0	0	0	0	0	0	0	0	0	0	0	0	0	0	0	0	0	0	0	0	0	0	
114008	Frontal_Med_Orb_R	0	0	222	3812	1194	5800	0	0	0	948	0	0	0	0	0	0	0	0	0	0	204	1158	1410	6756	3028	0	1674	12550	0	0	6216	9594	0	0	0	0	0	0	0	0	0	0	0	0	0	0	0	0	0	0	0	0	0	0	0	0	0	0	0	0	0	0	0	0	0	0	0	0	0	0	210	1700	158	370	0	0	0	0	0	0	0	0	0	0	0	0	0	0	0	0	0	0	0	0	0	0	0	0	0	0	0	0	0	0	0	0	0	0	0	0	0	0	0	0	0	0	
107588	Rectus_L	0	0	2786	0	12704	272	294	0	1140	0	0	0	0	0	1706	0	0	0	0	0	3512	1306	1406	0	5936	1674	0	2250	1320	0	7104	498	0	0	0	0	114	0	0	0	592	0	0	0	0	0	0	0	0	0	0	0	0	0	0	0	0	0	0	0	0	0	0	0	0	0	0	0	0	0	4526	1264	3244	146	0	0	0	0	0	0	0	0	0	0	0	0	0	0	0	0	0	0	0	0	0	0	0	0	0	0	0	0	0	0	0	0	0	0	0	0	0	0	0	0	0	0	
81840	Rectus_R	0	0	0	2590	662	4580	0	0	0	1084	0	0	0	0	0	214	0	0	0	0	362	2208	158	2068	1180	12550	2250	0	0	222	1792	5810	0	0	0	0	0	0	0	0	108	0	0	0	0	0	0	0	0	0	0	0	0	0	0	0	0	0	0	0	0	0	0	0	0	0	0	0	0	0	270	2310	234	268	0	0	0	0	0	0	0	0	0	0	0	0	0	0	0	0	0	0	0	0	0	0	0	0	0	0	0	0	0	0	0	0	0	0	0	0	0	0	0	0	0	0	
571276	Insula_L	7544	830	34134	720	4690	0	25716	370	568	0	15508	1160	35440	248	21030	0	12674	186	12800	1888	5718	1134	1500	126	310	0	1320	0	0	1748	2150	320	244	526	554	778	15394	192	488	0	2850	0	0	0	0	0	0	0	166	0	522	0	0	0	2094	0	4050	280	504	0	0	0	0	0	0	0	502	0	532	630	12470	3454	25836	330	0	0	1548	334	5454	0	7244	0	5728	0	278	0	0	0	2824	0	0	0	0	0	0	0	0	0	0	0	0	0	0	0	0	0	0	0	0	0	0	0	0	0	0	0	
338480	Insula_R	526	4864	3380	15764	0	0	1284	5640	0	578	1078	22256	1338	8714	162	7944	0	13276	2766	10846	162	1544	132	184	0	0	0	222	1748	0	566	1574	0	510	0	0	122	2716	0	834	0	1430	0	0	0	0	0	0	0	142	0	0	0	0	0	832	0	814	0	0	0	0	0	0	0	0	0	152	0	202	3406	19358	548	21696	0	262	0	732	0	1252	0	4484	246	768	0	1060	0	0	0	1126	0	0	0	0	0	0	0	0	0	0	0	0	0	0	0	0	0	0	0	0	0	0	0	0	0	0	
410768	Cingulum_Ant_L	350	436	24034	7414	10772	376	7790	1764	270	0	0	442	1402	198	1328	0	0	0	4520	3116	2884	3056	31230	12682	8774	6216	7104	1792	2150	566	0	31468	5286	6294	0	0	0	150	0	0	400	0	0	0	0	0	0	0	0	0	0	0	0	0	0	0	0	0	0	0	0	0	0	0	0	0	0	0	0	0	7010	6678	5678	1530	0	0	0	224	0	0	0	0	0	0	0	0	0	0	0	0	0	0	0	0	0	0	0	0	0	0	0	0	0	0	0	0	0	0	0	0	0	0	0	0	0	0	
485952	Cingulum_Ant_R	0	340	5760	37016	374	1580	1362	4182	0	0	0	1320	446	1934	320	548	0	106	3736	17646	580	3000	16016	27354	574	9594	498	5810	320	1574	31468	0	2628	23478	0	0	0	0	0	0	0	0	0	0	0	0	0	0	0	0	0	0	0	0	0	0	0	0	0	0	0	0	0	0	0	0	0	0	0	0	2446	28940	1316	10382	0	328	0	0	0	0	0	0	0	0	0	0	0	0	0	0	0	0	0	0	0	0	0	0	0	0	0	0	0	0	0	0	0	0	0	0	0	0	0	0	0	0	
122776	Cingulum_Mid_L	506	0	4452	704	0	0	1742	650	0	0	0	0	174	260	0	0	0	0	8778	3130	0	0	4734	894	0	0	0	0	244	0	5286	2628	0	11560	3260	1326	0	0	0	0	0	0	152	0	1132	154	0	174	614	116	502	0	0	0	0	0	218	0	148	0	0	0	0	0	0	0	2292	1052	1490	2498	0	382	0	0	0	0	0	0	0	0	0	0	0	0	136	0	0	0	0	0	0	0	0	0	0	0	0	0	0	0	0	0	0	0	0	0	0	0	0	0	0	0	0	0	0	0	
466368	Cingulum_Mid_R	8030	976	9310	17750	0	0	4304	7298	0	0	176	340	0	4006	0	820	168	0	20452	44222	0	0	10456	15514	0	0	0	0	526	510	6294	23478	11560	0	1278	6416	176	0	0	0	0	0	0	0	252	598	0	462	112	346	248	0	0	0	0	0	722	1458	280	0	0	0	0	0	0	0	698	3192	5814	16538	648	4864	1188	1100	310	146	0	148	0	0	0	0	0	0	0	0	0	0	0	0	0	0	0	0	0	0	0	0	0	0	0	0	0	0	0	0	0	0	0	0	0	0	0	0	0	0	
85156	Cingulum_Post_L	2912	0	590	0	0	0	0	0	0	0	0	0	0	0	0	0	0	0	1206	284	0	0	0	0	0	0	0	0	554	0	0	0	3260	1278	0	7252	3404	326	1946	0	0	0	1070	316	862	0	244	0	300	0	380	0	0	0	466	0	2610	482	218	0	162	0	0	0	0	0	4876	1198	4322	800	0	0	346	0	0	0	748	0	0	0	0	0	0	0	0	0	0	0	0	0	0	0	0	0	0	0	0	0	0	0	0	0	0	0	0	0	0	0	0	0	166	0	0	0	0	0	
112080	Cingulum_Post_R	2062	266	596	0	0	0	128	0	0	0	0	0	0	0	0	0	0	0	422	1566	0	0	0	0	0	0	0	0	778	0	0	0	1326	6416	7252	0	3612	2164	1530	236	0	0	0	1988	0	720	0	2870	0	232	202	0	0	0	622	156	774	1634	180	0	0	0	0	0	0	0	490	8410	1130	5354	0	0	516	0	0	0	1664	222	0	0	0	0	0	0	0	0	0	0	0	0	0	0	0	0	0	0	0	0	0	0	0	0	0	0	0	0	0	0	0	0	522	0	0	0	0	0	
198092	Hippocampus_L	8004	218	5260	0	0	0	1204	0	0	0	550	0	230	0	170	0	1200	0	1934	470	382	0	0	0	0	0	114	0	15394	122	0	0	0	176	3404	3612	0	1188	8746	0	6652	0	394	0	0	0	328	216	0	0	0	0	168	0	8458	0	3176	0	0	0	0	0	0	0	0	0	600	646	1516	182	618	218	9028	0	320	0	3726	0	2550	0	1950	0	918	0	0	0	0	0	4726	0	0	0	0	0	0	0	0	0	0	0	0	0	0	0	0	0	0	0	0	0	278	0	0	0	0	0	
154020	Hippocampus_R	142	4368	546	520	0	0	128	448	0	0	0	650	0	202	0	502	0	450	400	434	0	0	0	0	0	0	0	0	192	2716	150	0	0	0	326	2164	1188	0	610	12558	0	7952	0	530	0	0	0	866	0	0	0	0	0	350	298	14214	0	722	0	0	0	0	0	0	0	0	0	1388	0	686	180	1002	142	7672	0	204	702	3576	0	0	0	320	0	262	0	1004	0	0	0	5910	0	0	0	0	0	0	0	108	0	0	0	0	0	0	0	0	0	0	0	0	228	0	0	0	0	0	
58032	ParaHippocampal_L	376	0	494	0	0	0	148	0	0	0	0	0	0	0	176	0	0	0	174	0	452	0	0	0	0	0	0	0	488	0	0	0	0	0	1946	1530	8746	610	0	0	1982	0	418	0	0	0	1514	0	0	0	300	0	910	0	4420	0	110	0	0	0	0	0	0	0	0	0	502	374	132	0	0	0	1428	0	0	0	524	0	0	0	0	0	410	0	0	0	192	0	164	0	0	0	0	0	0	112	146	0	0	0	0	0	0	0	0	0	0	0	0	112	126	0	0	0	0	0	
83536	ParaHippocampal_R	0	694	112	0	0	0	0	0	0	0	0	0	0	0	0	108	0	0	0	0	0	0	0	0	0	0	0	0	0	834	0	0	0	0	0	236	0	12558	0	0	0	4348	0	1638	0	0	0	1692	0	0	0	0	0	244	0	12950	0	0	0	0	0	0	0	0	0	0	0	1096	0	0	0	140	0	1520	0	0	0	792	0	0	0	0	0	114	0	0	0	0	0	2344	0	0	0	0	0	0	0	348	0	0	0	0	0	0	0	0	0	0	0	0	0	0	0	0	0	0	
58204	Amygdala_L	0	0	348	0	424	0	0	0	0	0	0	0	0	0	390	0	0	0	0	0	2530	1358	0	0	266	0	592	108	2850	0	400	0	0	0	0	0	6652	0	1982	0	0	0	0	0	0	0	0	0	0	0	0	0	0	0	3496	0	0	0	0	0	0	0	0	0	0	0	0	0	0	0	1924	1162	2660	0	0	0	0	0	0	0	140	0	762	0	0	0	0	0	1058	0	0	0	0	0	0	0	0	0	0	0	0	0	0	0	0	0	0	0	0	0	0	0	0	0	0	0	
50048	Amygdala_R	0	140	0	0	0	0	0	0	0	0	0	0	0	0	0	0	0	0	0	0	0	598	0	0	0	0	0	0	0	1430	0	0	0	0	0	0	0	7952	0	4348	0	0	0	0	0	0	0	0	0	0	0	0	0	0	0	5740	0	0	0	0	0	0	0	0	0	0	0	0	0	0	0	0	0	1092	0	0	0	168	0	0	0	0	0	570	0	296	0	0	0	2690	0	0	0	0	0	0	0	0	0	0	0	0	0	0	0	0	0	0	0	0	0	0	0	0	0	0	
158776	Calcarine_L	0	0	0	0	0	0	0	0	0	0	0	0	0	0	0	0	0	0	0	0	0	0	0	0	0	0	0	0	0	0	0	0	152	0	1070	0	394	0	418	0	0	0	0	5960	16718	5170	7526	2050	12002	1118	12198	0	1080	0	294	0	224	0	596	0	148	0	0	0	256	0	9394	0	394	0	0	0	0	0	0	0	0	0	0	0	0	0	0	0	1620	0	0	0	606	0	0	0	0	0	0	0	0	0	0	0	0	0	0	0	0	0	0	0	0	0	0	0	0	0	0	0	
254696	Calcarine_R	0	226	0	0	0	0	0	0	0	0	0	0	0	0	0	0	0	0	0	0	0	0	0	0	0	0	0	0	0	0	0	0	0	0	316	1988	0	530	0	1638	0	0	5960	0	6058	25946	1778	19078	0	15676	0	9256	0	4584	0	5612	0	1510	0	0	0	0	0	0	0	168	0	16596	0	622	0	0	0	0	0	0	0	0	0	138	0	346	0	0	0	4622	0	0	0	4700	0	0	0	0	0	0	0	0	0	0	0	0	0	0	0	0	0	0	0	0	0	0	0	0	0	0	
183916	Cuneus_L	0	0	0	0	0	0	0	0	0	0	0	0	0	0	0	0	0	0	0	0	0	0	0	0	0	0	0	0	0	0	0	0	1132	252	862	0	0	0	0	0	0	0	16718	6058	0	8336	2700	700	24694	2062	10804	0	350	0	132	0	1046	0	2382	0	152	0	0	0	248	0	10320	0	1724	228	0	0	0	0	0	0	0	0	0	0	0	0	0	0	864	0	0	0	194	0	0	0	0	0	0	0	0	0	0	0	0	0	0	0	0	0	0	0	0	0	0	0	0	0	0	0	
338516	Cuneus_R	0	534	0	0	0	0	0	0	0	0	0	0	0	0	0	0	0	0	0	112	0	0	0	0	0	0	0	0	0	0	0	0	154	598	0	720	0	0	0	0	0	0	5170	25946	8336	0	878	4672	124	41240	0	10954	0	888	0	184	0	2178	0	1936	0	2810	0	762	0	2806	2206	37714	134	1366	0	0	0	0	0	0	0	0	0	0	0	1504	0	0	0	9564	0	0	0	5768	0	0	0	0	0	0	0	0	0	0	0	0	0	0	0	0	0	0	0	0	0	0	0	0	0	0	
205172	Lingual_L	0	0	0	0	0	0	0	0	0	0	0	0	0	0	0	0	0	0	0	0	0	0	0	0	0	0	0	0	0	0	0	0	0	0	244	0	328	0	1514	0	0	0	7526	1778	2700	878	0	1506	3198	384	13346	0	7286	0	11764	0	0	0	0	0	0	0	0	0	0	0	1084	0	0	0	0	0	0	0	0	0	0	0	0	0	0	0	0	0	106	0	0	0	174	0	8978	1126	2128	850	0	0	8584	1066	14186	1802	200	0	234	0	0	0	0	0	0	132	4970	3008	1400	106	0	0	
153648	Lingual_R	0	0	0	0	0	0	0	0	0	0	0	0	0	0	0	0	0	0	0	0	0	0	0	0	0	0	0	0	0	0	0	0	174	462	0	2870	216	866	0	1692	0	0	2050	19078	700	4672	1506	0	0	4498	0	2894	0	2964	118	10424	0	124	0	0	0	0	0	0	0	0	0	5380	0	278	0	0	0	0	0	0	0	0	0	0	0	0	0	0	0	0	0	0	0	0	358	3066	436	432	0	0	420	454	868	4016	0	0	0	0	0	0	0	0	0	0	1240	3642	926	0	0	0	
232044	Occipital_Sup_L	182	0	0	0	0	0	0	0	0	0	0	0	0	0	0	0	520	0	0	0	0	0	0	0	0	0	0	0	166	0	0	0	614	112	300	0	0	0	0	0	0	0	12002	0	24694	124	3198	0	0	0	30602	0	576	0	176	0	578	0	16336	0	1254	0	152	0	1340	0	15600	0	270	0	0	0	0	0	0	0	0	0	0	0	184	0	0	0	6178	0	0	0	864	0	0	0	0	0	0	0	0	0	0	0	0	0	0	0	0	0	0	0	0	0	0	0	0	0	0	0	
283604	Occipital_Sup_R	0	458	0	0	0	0	0	0	0	0	0	0	0	0	0	0	0	0	0	0	0	0	0	0	0	0	0	0	0	142	0	0	116	346	0	232	0	0	0	0	0	0	1118	15676	2062	41240	384	4498	0	0	0	19404	0	282	0	0	0	192	0	3176	0	5514	0	878	0	8172	538	25134	0	650	0	0	0	0	0	0	0	0	0	0	0	1488	0	0	0	7642	0	0	0	2460	0	0	0	0	0	0	0	0	0	0	0	0	0	0	0	0	0	0	0	0	0	0	0	0	0	0	
407332	Occipital_Mid_L	1748	0	0	0	0	0	0	0	0	0	0	0	0	0	0	0	1644	0	0	0	0	0	0	0	0	0	0	0	522	0	0	0	502	248	380	202	0	0	300	0	0	0	12198	0	10804	0	13346	0	30602	0	0	0	17940	0	2534	0	3400	0	28196	0	12066	0	336	0	17100	0	20226	0	802	206	0	0	0	0	0	0	0	0	456	0	422	0	0	0	20406	0	0	0	7080	0	0	0	0	0	0	0	0	0	0	0	0	0	0	0	0	0	0	0	0	0	0	0	0	0	0	0	
163544	Occipital_Mid_R	0	296	0	0	0	0	0	0	0	0	0	0	0	0	0	0	0	0	0	0	0	0	0	0	0	0	0	0	0	0	0	0	0	0	0	0	0	0	0	0	0	0	0	9256	0	10954	0	2894	0	19404	0	0	0	3812	0	936	0	0	0	906	0	1670	0	0	0	8896	138	7284	0	0	0	0	0	0	0	0	0	0	0	0	0	510	0	0	0	12252	0	0	0	2564	0	0	0	0	0	0	0	0	0	0	0	0	0	0	0	0	0	0	0	0	0	0	0	0	0	0	
82536	Occipital_Inf_L	122	0	0	0	0	0	0	0	0	0	0	0	0	0	0	0	0	0	0	0	0	0	0	0	0	0	0	0	0	0	0	0	0	0	0	0	168	0	910	0	0	0	1080	0	350	0	7286	0	576	0	17940	0	0	0	5120	0	0	0	0	0	0	0	0	0	0	0	288	0	0	0	0	0	0	0	0	0	0	0	380	0	1054	0	0	0	1740	0	0	0	4254	0	0	0	0	0	0	0	0	0	0	0	0	0	0	0	0	0	0	0	0	0	0	0	0	0	0	0	
44080	Occipital_Inf_R	0	0	0	0	0	0	0	0	0	0	0	0	0	0	0	0	0	0	0	0	0	0	0	0	0	0	0	0	0	0	0	0	0	0	0	0	0	350	0	244	0	0	0	4584	0	888	0	2964	0	282	0	3812	0	0	0	3650	0	0	0	0	0	0	0	0	0	0	0	1086	0	0	0	0	0	0	0	0	0	0	0	0	0	0	0	0	0	1352	0	0	0	2700	0	0	0	0	0	0	0	0	0	128	0	0	0	0	0	0	0	0	0	0	0	0	0	0	0	0	
223488	Fusiform_L	0	0	146	0	0	0	0	0	0	0	0	0	0	0	0	0	0	0	0	0	238	0	0	0	0	0	0	0	2094	0	0	0	0	0	466	622	8458	298	4420	0	3496	0	294	0	132	0	11764	118	176	0	2534	0	5120	0	0	0	0	0	0	0	0	0	0	0	0	0	108	158	0	0	0	0	660	0	0	0	144	0	134	0	492	0	1238	0	1304	0	1944	0	9084	0	18080	826	3292	920	0	0	6530	312	19662	648	612	0	1092	0	0	0	0	0	0	0	1332	1492	1304	0	0	0	
181180	Fusiform_R	0	172	0	0	0	0	0	0	0	0	0	124	0	0	0	176	0	0	0	0	0	0	0	0	0	0	0	0	0	832	0	0	0	0	0	156	0	14214	0	12950	0	5740	0	5612	0	184	0	10424	0	0	0	936	0	3650	0	0	0	0	0	0	0	0	0	0	0	0	0	1304	0	0	0	266	0	1450	0	0	0	0	0	0	0	696	0	3096	0	1078	0	2230	0	11904	0	4074	0	0	0	0	0	2364	300	4910	0	0	0	0	0	0	0	0	0	0	300	1274	174	0	0	0	
270256	Postcentral_L	36234	1660	6168	0	0	0	592	0	0	0	2488	0	0	0	0	0	6722	0	852	952	0	0	0	0	0	0	0	0	4050	0	0	0	218	722	2610	774	3176	0	110	0	0	0	224	0	1046	0	0	0	578	0	3400	0	0	0	0	0	0	748	7632	0	14320	0	9238	0	2310	0	10000	0	4704	1320	164	0	1558	0	150	0	710	0	2860	0	4676	0	0	0	1700	0	0	0	462	0	0	0	0	0	0	0	0	0	0	0	0	0	0	0	0	0	0	0	0	0	0	0	0	0	0	0	
150616	Postcentral_R	4728	11566	264	278	0	0	590	222	0	0	246	270	188	0	0	0	0	3250	384	2936	0	0	0	0	0	0	0	0	280	814	0	0	0	1458	482	1634	0	722	0	0	0	0	0	1510	0	2178	0	124	0	192	0	0	0	0	0	0	748	0	0	4326	0	5114	0	6124	0	278	0	4170	2038	11362	2612	162	1092	348	270	238	760	220	0	112	0	622	0	0	0	272	0	0	0	124	0	0	0	0	0	0	0	0	0	0	0	0	0	0	0	0	0	0	0	0	0	0	0	0	0	0	
239676	Parietal_Sup_L	1640	0	0	0	0	0	0	0	0	0	0	0	0	0	0	0	1308	0	0	0	0	0	0	0	0	0	0	0	504	0	0	0	148	280	218	180	0	0	0	0	0	0	596	0	2382	0	0	0	16336	0	28196	0	0	0	0	0	7632	0	0	0	15756	0	156	0	9794	0	25888	0	1608	242	0	0	0	0	0	0	0	0	194	0	334	0	0	0	5610	0	0	0	836	0	0	0	0	0	0	0	0	0	0	0	0	0	0	0	0	0	0	0	0	0	0	0	0	0	0	0	
56564	Parietal_Sup_R	218	322	0	0	0	0	0	0	0	0	0	0	0	0	0	0	0	0	0	0	0	0	0	0	0	0	0	0	0	0	0	0	0	0	0	0	0	0	0	0	0	0	0	0	0	1936	0	0	0	3176	0	906	0	0	0	0	0	4326	0	0	0	5992	0	1026	0	2894	404	6800	0	282	0	0	0	0	0	0	0	0	0	0	0	0	0	0	0	0	0	0	0	0	0	0	0	0	0	0	0	0	0	0	0	0	0	0	0	0	0	0	0	0	0	0	0	0	0	0	
163564	Parietal_Inf_L	4282	0	0	0	0	0	0	0	0	0	0	0	0	0	0	0	162	0	0	0	0	0	0	0	0	0	0	0	0	0	0	0	0	0	162	0	0	0	0	0	0	0	148	0	152	0	0	0	1254	0	12066	0	0	0	0	0	14320	0	15756	0	0	0	9432	0	15998	0	5700	0	1074	0	0	0	0	0	0	0	0	0	0	0	132	0	0	0	1144	0	0	0	0	0	0	0	0	0	0	0	0	0	0	0	0	0	0	0	0	0	0	0	0	0	0	0	0	0	0	0	
81152	Parietal_Inf_R	184	1296	0	118	0	0	0	126	0	0	0	174	0	0	0	0	0	0	0	0	0	0	0	0	0	0	0	0	0	0	0	0	0	0	0	0	0	0	0	0	0	0	0	0	0	2810	0	0	0	5514	0	1670	0	0	0	0	0	5114	0	5992	0	0	0	5644	0	7790	0	3610	0	0	0	0	0	0	0	0	0	0	0	0	0	0	0	0	0	534	0	0	0	0	0	0	0	0	0	0	0	0	0	0	0	0	0	0	0	0	0	0	0	0	0	0	0	0	0	0	
100360	SupraMarginal_L	4324	0	376	0	0	0	0	0	0	0	0	0	0	0	0	0	1902	0	0	0	0	0	0	0	0	0	0	0	0	0	0	0	0	0	0	0	0	0	0	0	0	0	0	0	0	0	0	0	152	0	336	0	0	0	0	0	9238	0	156	0	9432	0	0	0	10994	0	154	0	0	0	0	0	0	0	0	0	0	0	0	0	6194	0	0	0	5660	0	0	0	1262	0	0	0	0	0	0	0	0	0	0	0	0	0	0	0	0	0	0	0	0	0	0	0	0	0	0	0	
55260	SupraMarginal_R	0	2206	0	144	0	0	0	204	0	0	0	362	0	0	0	0	0	1450	0	0	0	0	0	0	0	0	0	0	0	0	0	0	0	0	0	0	0	0	0	0	0	0	0	0	0	762	0	0	0	878	0	0	0	0	0	0	0	6124	0	1026	0	5644	0	0	0	3118	0	874	0	0	152	0	156	0	0	0	0	0	0	0	0	2446	0	0	0	1814	0	0	0	270	0	0	0	0	0	0	0	0	0	0	0	0	0	0	0	0	0	0	0	0	0	0	0	0	0	0	
148508	Angular_L	1344	0	0	0	0	0	0	0	0	0	0	0	0	0	0	0	866	0	0	0	0	0	0	0	0	0	0	0	0	0	0	0	0	0	0	0	0	0	0	0	0	0	256	0	248	0	0	0	1340	0	17100	0	0	0	0	0	2310	0	9794	0	15998	0	10994	0	0	0	3658	0	0	0	0	0	0	0	0	0	0	0	0	0	2384	0	0	0	7440	0	0	0	522	0	0	0	0	0	0	0	0	0	0	0	0	0	0	0	0	0	0	0	0	0	0	0	0	0	0	0	
86460	Angular_R	0	0	0	0	0	0	0	0	0	0	0	0	0	0	0	0	0	0	0	0	0	0	0	0	0	0	0	0	0	0	0	0	0	0	0	0	0	0	0	0	0	0	0	168	0	2806	0	0	0	8172	0	8896	0	0	0	0	0	278	0	2894	0	7790	0	3118	0	0	0	4022	0	0	0	0	0	0	0	0	0	0	0	0	0	1774	0	0	0	3176	0	0	0	136	0	0	0	0	0	0	0	0	0	0	0	0	0	0	0	0	0	0	0	0	0	0	0	0	0	0	
272952	Precuneus_L	1838	0	0	0	0	0	0	0	0	0	0	0	0	0	0	0	1320	0	0	0	0	0	0	0	0	0	0	0	502	0	0	0	2292	698	4876	490	600	0	502	0	0	0	9394	0	10320	2206	1084	0	15600	538	20226	138	288	0	108	0	10000	0	25888	404	5700	0	154	0	3658	0	0	3756	6000	768	0	0	0	0	0	0	0	0	194	0	328	0	0	0	5330	0	0	0	1276	0	0	0	0	0	0	0	0	0	0	0	0	0	0	0	0	0	0	0	0	0	0	0	0	0	0	0	
329552	Precuneus_R	242	736	0	0	0	0	0	0	0	0	0	0	0	0	0	0	0	0	0	736	0	0	0	0	0	0	0	0	0	152	0	0	1052	3192	1198	8410	646	1388	374	1096	0	0	0	16596	0	37714	0	5380	0	25134	0	7284	0	1086	158	1304	0	4170	0	6800	0	3610	0	874	0	4022	3756	0	360	4940	108	160	0	0	0	0	0	120	0	182	0	2496	0	0	0	11842	0	0	0	6982	0	0	0	0	0	0	0	0	0	0	0	0	0	0	0	0	0	0	0	0	476	0	0	0	0	0	
129132	Paracentral_Lobule_L	6830	340	2794	0	0	0	226	0	0	0	0	0	0	0	0	0	0	0	4626	5152	0	0	0	0	0	0	0	0	532	0	0	0	1490	5814	4322	1130	1516	0	132	0	0	0	394	0	1724	134	0	0	270	0	802	0	0	0	0	0	4704	2038	1608	0	1074	0	0	0	0	0	6000	360	0	7050	0	0	1322	0	714	0	1356	0	0	0	0	0	0	0	112	0	0	0	0	0	0	0	0	0	0	0	0	0	0	0	0	0	0	0	0	0	0	0	0	0	0	0	0	0	0	0	
224304	Paracentral_Lobule_R	8832	9838	1626	0	0	0	2300	0	0	0	390	0	248	0	0	0	110	0	4100	21714	0	0	0	0	0	0	0	0	630	202	0	0	2498	16538	800	5354	182	686	0	0	0	0	0	622	228	1366	0	278	0	650	206	0	0	0	0	0	1320	11362	242	282	0	0	0	0	0	0	768	4940	7050	0	1154	1900	456	0	442	0	604	1888	0	0	0	0	0	0	0	232	0	0	0	114	0	0	0	0	0	0	0	0	0	0	0	0	0	0	0	0	0	0	0	0	0	0	0	0	0	0	
336960	Caudate_L	1536	2628	8546	1300	4824	0	2200	0	126	0	5302	1360	6260	336	4972	0	710	1376	6128	2242	10054	9278	460	126	1414	210	4526	270	12470	3406	7010	2446	0	648	0	0	618	180	0	0	1924	0	0	0	0	0	0	0	0	0	0	0	0	0	0	0	164	2612	0	0	0	0	0	152	0	0	0	108	0	1154	0	16288	25242	2064	3848	832	8246	340	0	0	542	0	2002	0	0	0	0	0	0	0	0	0	0	0	0	0	0	0	0	0	0	0	0	0	0	0	0	0	0	0	0	0	0	0	0	0	
572452	Caudate_R	1184	7636	4188	31980	640	316	2096	7860	0	1954	1620	9358	2500	8500	842	14834	0	1168	3666	19744	4422	11128	980	4186	214	1700	1264	2310	3454	19358	6678	28940	382	4864	0	0	218	1002	0	140	1162	0	0	0	0	0	0	0	0	0	0	0	0	0	0	266	0	162	0	0	0	0	0	0	0	0	0	160	0	1900	16288	0	8894	30758	1126	2688	224	10456	0	0	0	0	580	236	0	0	0	0	0	0	0	0	0	0	0	0	0	0	0	0	0	0	0	0	0	0	0	0	0	0	0	0	0	0	0	0	
423880	Putamen_L	5424	2084	28352	642	6068	0	11916	0	712	0	1546	0	7432	0	8124	0	822	786	13664	3844	6690	7150	784	164	1364	158	3244	234	25836	548	5678	1316	0	1188	346	516	9028	142	1428	0	2660	0	0	0	0	0	0	0	0	0	0	0	0	0	660	0	1558	1092	0	0	0	0	0	156	0	0	0	0	1322	456	25242	8894	0	1232	6360	748	1954	174	0	0	752	0	826	0	0	0	0	0	624	0	0	0	0	0	0	0	0	0	0	0	0	0	0	0	0	0	0	0	0	0	0	0	0	0	0	0	
303476	Putamen_R	244	2750	2638	13810	112	0	568	3446	0	2194	198	5864	610	3172	332	12402	0	3532	2246	7308	186	956	474	1686	0	370	146	268	330	21696	1530	10382	0	1100	0	0	0	7672	0	1520	0	1092	0	0	0	0	0	0	0	0	0	0	0	0	0	1450	0	348	0	0	0	0	0	0	0	0	0	0	0	0	2064	30758	1232	0	0	1772	0	2498	0	0	0	176	0	0	0	110	0	0	0	496	0	0	0	0	0	0	0	0	0	0	0	0	0	0	0	0	0	0	0	0	0	0	0	0	0	0	
47964	Pallidum_L	1266	380	3892	0	0	0	0	0	0	0	0	0	0	0	0	0	134	0	1654	628	130	926	0	0	0	0	0	0	0	0	0	0	0	310	0	0	320	0	0	0	0	0	0	0	0	0	0	0	0	0	0	0	0	0	0	0	150	270	0	0	0	0	0	0	0	0	0	0	714	442	3848	1126	6360	0	0	0	1432	0	0	0	0	0	0	0	0	0	0	0	0	0	0	0	0	0	0	0	0	0	0	0	0	0	0	0	0	0	0	0	0	0	0	0	0	0	0	0	
23532	Pallidum_R	0	0	292	1090	0	0	0	122	0	0	0	0	118	0	0	344	0	574	328	1442	0	238	0	0	0	0	0	0	0	262	0	328	0	146	0	0	0	204	0	0	0	0	0	0	0	0	0	0	0	0	0	0	0	0	0	0	0	238	0	0	0	0	0	0	0	0	0	0	0	0	832	2688	748	1772	0	0	0	0	0	0	0	0	0	0	0	0	0	0	0	0	0	0	0	0	0	0	0	0	0	0	0	0	0	0	0	0	0	0	0	0	0	0	0	0	0	0	
68784	Thalamus_L	1448	700	4168	0	0	0	2134	0	0	0	0	0	0	0	0	0	0	0	716	156	0	0	0	0	0	0	0	0	1548	0	0	0	0	0	748	1664	3726	702	524	0	0	0	0	0	0	0	0	0	0	0	0	0	0	0	144	0	710	760	0	0	0	0	0	0	0	0	0	0	1356	604	8246	224	1954	0	1432	0	0	728	0	0	0	0	0	0	0	0	0	0	0	0	0	0	0	0	0	0	0	0	0	0	0	0	0	0	0	0	0	0	0	0	0	0	0	0	0	0	
95136	Thalamus_R	156	16324	1826	954	0	0	352	166	0	0	0	228	236	0	0	0	0	466	1614	2404	0	222	0	0	0	0	0	0	334	732	224	0	0	148	0	222	0	3576	0	792	0	168	0	0	0	0	0	0	0	0	0	0	0	0	0	0	0	220	0	0	0	0	0	0	0	0	0	120	0	1888	340	10456	174	2498	0	0	728	0	0	0	0	0	0	0	0	0	0	0	0	0	0	0	0	0	0	0	0	0	0	0	0	0	0	0	0	0	0	0	0	0	0	0	0	0	0	0	
43564	Heschl_L	3790	0	436	0	0	0	126	0	0	0	210	0	0	0	0	0	1736	0	0	0	0	0	0	0	0	0	0	0	5454	0	0	0	0	0	0	0	2550	0	0	0	0	0	0	0	0	0	0	0	0	0	456	0	380	0	134	0	2860	0	194	0	0	0	0	0	0	0	194	0	0	0	0	0	0	0	0	0	0	0	0	0	2046	0	0	0	712	0	0	0	504	0	0	0	0	0	0	0	0	0	0	0	0	0	0	0	0	0	0	0	0	0	0	0	0	0	0	0	
13752	Heschl_R	0	154	0	162	0	0	0	0	0	0	0	0	0	0	0	0	0	1440	0	174	0	0	0	0	0	0	0	0	0	1252	0	0	0	0	0	0	0	0	0	0	0	0	0	138	0	0	0	0	0	0	0	0	0	0	0	0	0	112	0	0	0	0	0	0	0	0	0	182	0	0	0	0	0	0	0	0	0	0	0	0	0	1714	0	0	0	1218	0	0	0	330	0	0	0	0	0	0	0	0	0	0	0	0	0	0	0	0	0	0	0	0	0	0	0	0	0	0	
163048	Temporal_Sup_L	4362	0	2240	0	0	0	296	0	0	0	3866	0	194	0	0	0	9156	0	1328	138	0	0	0	0	0	0	0	0	7244	0	0	0	0	0	0	0	1950	0	0	0	140	0	0	0	0	0	0	0	184	0	422	0	1054	0	492	0	4676	0	334	0	132	0	6194	0	2384	0	328	0	0	0	542	0	752	0	0	0	0	0	2046	0	0	0	1148	0	18210	0	0	0	11712	0	0	0	0	0	0	0	0	0	0	0	0	0	0	0	0	0	0	0	0	0	0	0	0	0	0	0	
81324	Temporal_Sup_R	0	176	0	652	0	0	0	0	0	0	0	724	0	0	0	0	0	2242	0	642	0	0	0	0	0	0	0	0	0	4484	0	0	0	0	0	0	0	320	0	0	0	0	0	346	0	1504	0	0	0	1488	0	510	0	0	0	696	0	622	0	0	0	0	0	2446	0	1774	0	2496	0	0	0	0	0	176	0	0	0	0	0	1714	0	0	0	1392	0	12448	0	430	0	3380	0	0	0	0	0	0	0	0	0	0	0	0	0	0	0	0	0	0	0	0	0	0	0	0	0	0	
82868	Temporal_Pole_Sup_L	0	0	1938	0	226	0	962	0	208	0	3378	216	1186	0	1862	0	726	0	862	134	540	160	0	0	0	0	0	0	5728	246	0	0	0	0	0	0	918	0	410	0	762	0	0	0	0	0	0	0	0	0	0	0	0	0	1238	0	0	0	0	0	0	0	0	0	0	0	0	0	0	0	2002	580	826	0	0	0	0	0	0	0	1148	0	0	0	5696	0	4538	0	4944	0	0	0	0	0	0	0	0	0	0	0	0	0	0	0	0	0	0	0	0	0	0	0	0	0	0	0	
33464	Temporal_Pole_Sup_R	0	0	0	244	0	0	0	0	0	0	0	540	0	0	0	0	0	610	0	232	0	0	0	0	0	0	0	0	0	768	0	0	0	0	0	0	0	262	0	114	0	570	0	0	0	0	0	0	0	0	0	0	0	0	0	3096	0	0	0	0	0	0	0	0	0	0	0	0	0	0	0	236	0	0	0	0	0	0	0	0	0	1392	0	0	0	1726	0	2562	0	4380	0	0	0	0	0	0	0	0	0	0	0	0	0	0	0	0	0	0	0	0	0	0	0	0	0	0	
256624	Temporal_Mid_L	1084	0	0	0	0	0	0	0	0	0	188	0	0	0	0	0	1432	0	0	0	0	0	0	0	0	0	0	0	278	0	0	0	136	0	0	0	0	0	0	0	0	0	1620	0	864	0	106	0	6178	0	20406	0	1740	0	1304	0	1700	0	5610	0	1144	0	5660	0	7440	0	5330	0	112	0	0	0	0	0	0	0	0	0	712	0	18210	0	5696	0	0	0	6834	0	34528	0	0	0	0	0	0	0	0	0	0	0	0	0	0	0	0	0	0	0	0	0	0	0	0	0	0	0	
197892	Temporal_Mid_R	0	170	0	0	0	0	0	0	0	0	0	0	0	0	0	0	0	0	0	0	0	0	0	0	0	0	0	0	0	1060	0	0	0	0	0	0	0	1004	0	0	0	296	0	4622	0	9564	0	0	0	7642	0	12252	0	1352	0	1078	0	272	0	0	0	534	0	1814	0	3176	0	11842	0	232	0	0	0	110	0	0	0	0	0	1218	0	12448	0	1726	0	0	0	2526	0	24008	0	0	0	0	0	0	0	0	0	0	0	0	0	0	0	0	0	0	0	0	0	0	0	0	0	0	
40000	Temporal_Pole_Mid_L	0	0	0	0	0	0	0	0	0	0	0	0	0	0	0	0	0	0	0	0	0	0	0	0	0	0	0	0	0	0	0	0	0	0	0	0	0	0	192	0	0	0	0	0	0	0	0	0	0	0	0	0	0	0	1944	0	0	0	0	0	0	0	0	0	0	0	0	0	0	0	0	0	0	0	0	0	0	0	0	0	0	0	4538	0	6834	0	0	0	6492	0	0	0	0	0	0	0	0	0	0	0	0	0	0	0	0	0	0	0	0	0	0	0	0	0	0	0	
24012	Temporal_Pole_Mid_R	0	0	0	0	0	0	0	0	0	0	0	0	0	0	0	0	0	0	0	0	0	0	0	0	0	0	0	0	0	0	0	0	0	0	0	0	0	0	0	0	0	0	0	0	0	0	0	0	0	0	0	0	0	0	0	2230	0	0	0	0	0	0	0	0	0	0	0	0	0	0	0	0	0	0	0	0	0	0	0	0	0	430	0	2562	0	2526	0	0	0	4258	0	0	0	0	0	0	0	0	0	0	0	0	0	0	0	0	0	0	0	0	0	0	0	0	0	0	
194052	Temporal_Inf_L	286	0	142	0	0	0	0	0	0	0	0	0	0	0	0	0	618	0	0	0	0	0	0	0	0	0	0	0	2824	0	0	0	0	0	0	0	4726	0	164	0	1058	0	606	0	194	0	174	0	864	0	7080	0	4254	0	9084	0	462	0	836	0	0	0	1262	0	522	0	1276	0	0	0	0	0	624	0	0	0	0	0	504	0	11712	0	4944	0	34528	0	6492	0	0	0	1442	0	0	0	0	0	0	0	348	0	0	0	0	0	0	0	0	0	0	0	0	0	0	0	0	0	
173288	Temporal_Inf_R	0	0	0	0	0	0	0	0	0	0	0	0	0	0	0	0	0	0	0	0	0	0	0	0	0	0	0	0	0	1126	0	0	0	0	0	0	0	5910	0	2344	0	2690	0	4700	0	5768	0	0	0	2460	0	2564	0	2700	0	11904	0	124	0	0	0	0	0	270	0	136	0	6982	0	114	0	0	0	496	0	0	0	0	0	330	0	3380	0	4380	0	24008	0	4258	0	0	0	0	0	0	0	0	0	0	0	0	0	0	0	0	0	0	0	0	0	0	0	0	0	0	0	0	
364912	Cerebelum_Crus1_L	0	0	0	0	0	0	0	0	0	0	0	0	0	0	0	0	0	0	0	0	0	0	0	0	0	0	0	0	0	0	0	0	0	0	0	0	0	0	0	0	0	0	0	0	0	0	8978	358	0	0	0	0	0	0	18080	0	0	0	0	0	0	0	0	0	0	0	0	0	0	0	0	0	0	0	0	0	0	0	0	0	0	0	0	0	0	0	0	0	1442	0	0	1866	35536	4394	216	0	16238	824	51830	2010	10308	0	14292	0	708	0	646	0	0	0	4084	2828	5990	972	448	408	
342524	Cerebelum_Crus1_R	0	0	0	0	0	0	0	0	0	0	0	0	0	0	0	0	0	0	0	0	0	0	0	0	0	0	0	0	0	0	0	0	0	0	0	0	0	0	0	0	0	0	0	0	0	0	1126	3066	0	0	0	0	0	0	826	4074	0	0	0	0	0	0	0	0	0	0	0	0	0	0	0	0	0	0	0	0	0	0	0	0	0	0	0	0	0	0	0	0	0	0	1866	0	7384	27448	0	2956	1006	19496	3422	45040	1044	2922	2572	10008	346	1200	0	282	0	2186	5278	10192	9458	4620	1884	1560	
347380	Cerebelum_Crus2_L	0	0	0	0	0	0	0	0	0	0	0	0	0	0	0	0	0	0	0	0	0	0	0	0	0	0	0	0	0	0	0	0	0	0	0	0	0	0	0	0	0	0	0	0	0	0	2128	436	0	0	0	0	0	0	3292	0	0	0	0	0	0	0	0	0	0	0	0	0	0	0	0	0	0	0	0	0	0	0	0	0	0	0	0	0	0	0	0	0	0	0	35536	7384	0	17808	0	0	1966	242	10030	3422	33890	2086	28238	1742	2666	134	160	0	0	0	150	2290	12674	6706	472	238	
315444	Cerebelum_Crus2_R	0	0	0	0	0	0	0	0	0	0	0	0	0	0	0	0	0	0	0	0	0	0	0	0	0	0	0	0	0	0	0	0	0	0	0	0	0	0	0	0	0	0	0	0	0	0	850	432	0	0	0	0	0	0	920	0	0	0	0	0	0	0	0	0	0	0	0	0	0	0	0	0	0	0	0	0	0	0	0	0	0	0	0	0	0	0	0	0	0	0	4394	27448	17808	0	0	516	644	1754	3504	10384	6962	11426	10106	17950	728	2610	0	282	0	268	724	4068	16816	13828	2046	1254	
15452	Cerebelum_3_L	0	0	0	0	0	0	0	0	0	0	0	0	0	0	0	0	0	0	0	0	0	0	0	0	0	0	0	0	0	0	0	0	0	0	0	0	0	0	0	0	0	0	0	0	0	0	0	0	0	0	0	0	0	0	0	0	0	0	0	0	0	0	0	0	0	0	0	0	0	0	0	0	0	0	0	0	0	0	0	0	0	0	0	0	0	0	0	0	0	0	216	0	0	0	0	126	4352	208	488	292	0	0	0	0	0	0	0	0	320	746	978	0	0	0	0	0	
40272	Cerebelum_3_R	0	0	0	0	0	0	0	0	0	0	0	0	0	0	0	0	0	0	0	0	0	0	0	0	0	0	0	0	0	0	0	0	0	0	0	0	0	0	112	0	0	0	0	0	0	0	0	0	0	0	0	0	0	0	0	0	0	0	0	0	0	0	0	0	0	0	0	0	0	0	0	0	0	0	0	0	0	0	0	0	0	0	0	0	0	0	0	0	0	0	0	2956	0	516	126	0	360	5590	106	5200	0	0	0	154	0	0	0	0	400	3398	1218	0	0	0	0	0	
208684	Cerebelum_4_5_L	0	0	0	0	0	0	0	0	0	0	0	0	0	0	0	0	0	0	0	0	0	0	0	0	0	0	0	0	0	0	0	0	0	0	0	0	0	0	146	0	0	0	0	0	0	0	8584	420	0	0	0	0	0	0	6530	0	0	0	0	0	0	0	0	0	0	0	0	0	0	0	0	0	0	0	0	0	0	0	0	0	0	0	0	0	0	0	0	0	0	0	16238	1006	1966	644	4352	360	0	3804	30550	4174	1484	0	2646	168	112	0	0	0	360	938	14486	2642	554	726	568	884	
182764	Cerebelum_4_5_R	0	0	0	0	0	0	0	0	0	0	0	0	0	0	0	0	0	0	0	0	0	0	0	0	0	0	0	0	0	0	0	0	0	0	0	0	0	108	0	348	0	0	0	0	0	0	1066	454	0	0	0	0	0	0	312	2364	0	0	0	0	0	0	0	0	0	0	0	0	0	0	0	0	0	0	0	0	0	0	0	0	0	0	0	0	0	0	0	0	0	0	824	19496	242	1754	208	5590	3804	0	1886	31018	0	0	146	608	0	128	0	0	300	4032	13180	1084	484	686	554	706	
355380	Cerebelum_6_L	0	0	0	0	0	0	0	0	0	0	0	0	0	0	0	0	0	0	0	0	0	0	0	0	0	0	0	0	0	0	0	0	0	0	0	0	0	0	0	0	0	0	0	0	0	0	14186	868	0	0	0	0	0	0	19662	300	0	0	0	0	0	0	0	0	0	0	0	0	0	0	0	0	0	0	0	0	0	0	0	0	0	0	0	0	0	0	0	0	348	0	51830	3422	10030	3504	488	106	30550	1886	0	4860	4060	0	6078	272	178	0	316	0	0	148	10252	7320	4792	998	484	752	
351204	Cerebelum_6_R	0	0	0	0	0	0	0	0	0	0	0	0	0	0	0	0	0	0	0	0	0	0	0	0	0	0	0	0	0	0	0	0	0	0	0	0	0	0	0	0	0	0	0	0	0	0	1802	4016	0	0	0	0	0	128	648	4910	0	0	0	0	0	0	0	0	0	0	0	0	0	0	0	0	0	0	0	0	0	0	0	0	0	0	0	0	0	0	0	0	0	0	2010	45040	3422	10384	292	5200	4174	31018	4860	0	622	354	1856	3106	426	854	0	400	400	3962	13770	13594	7320	5020	3010	3004	
215308	Cerebelum_7b_L	0	0	0	0	0	0	0	0	0	0	0	0	0	0	0	0	0	0	0	0	0	0	0	0	0	0	0	0	0	0	0	0	0	0	0	0	0	0	0	0	0	0	0	0	0	0	200	0	0	0	0	0	0	0	612	0	0	0	0	0	0	0	0	0	0	0	0	0	0	0	0	0	0	0	0	0	0	0	0	0	0	0	0	0	0	0	0	0	0	0	10308	1044	33890	6962	0	0	1484	0	4060	622	0	1704	30418	2100	3218	0	358	0	0	0	0	256	3526	6892	0	0	
78360	Cerebelum_7b_R	0	0	0	0	0	0	0	0	0	0	0	0	0	0	0	0	0	0	0	0	0	0	0	0	0	0	0	0	0	0	0	0	0	0	0	0	0	0	0	0	0	0	0	0	0	0	0	0	0	0	0	0	0	0	0	0	0	0	0	0	0	0	0	0	0	0	0	0	0	0	0	0	0	0	0	0	0	0	0	0	0	0	0	0	0	0	0	0	0	0	0	2922	2086	11426	0	0	0	0	0	354	1704	0	3306	11202	0	1564	0	0	0	0	0	0	714	3668	116	118	
275868	Cerebelum_8_L	0	0	0	0	0	0	0	0	0	0	0	0	0	0	0	0	0	0	0	0	0	0	0	0	0	0	0	0	0	0	0	0	0	0	0	0	0	0	0	0	0	0	0	0	0	0	234	0	0	0	0	0	0	0	1092	0	0	0	0	0	0	0	0	0	0	0	0	0	0	0	0	0	0	0	0	0	0	0	0	0	0	0	0	0	0	0	0	0	0	0	14292	2572	28238	10106	0	0	2646	146	6078	1856	30418	3306	0	5746	12508	502	398	0	0	0	288	1018	4444	11198	522	326	
163936	Cerebelum_8_R	0	0	0	0	0	0	0	0	0	0	0	0	0	0	0	0	0	0	0	0	0	0	0	0	0	0	0	0	0	0	0	0	0	0	0	0	0	0	0	0	0	0	0	0	0	0	0	0	0	0	0	0	0	0	0	0	0	0	0	0	0	0	0	0	0	0	0	0	0	0	0	0	0	0	0	0	0	0	0	0	0	0	0	0	0	0	0	0	0	0	0	10008	1742	17950	0	154	168	608	272	3106	2100	11202	5746	0	0	12692	0	1244	0	0	342	878	2764	7772	1910	1310	
52320	Cerebelum_9_L	0	0	0	0	0	0	0	0	0	0	0	0	0	0	0	0	0	0	0	0	0	0	0	0	0	0	0	0	0	0	0	0	0	0	0	0	0	0	0	0	0	0	0	0	0	0	0	0	0	0	0	0	0	0	0	0	0	0	0	0	0	0	0	0	0	0	0	0	0	0	0	0	0	0	0	0	0	0	0	0	0	0	0	0	0	0	0	0	0	0	708	346	2666	728	0	0	112	0	178	426	3218	0	12508	0	0	0	1036	0	0	0	0	388	932	1528	1194	192	
54756	Cerebelum_9_R	0	0	0	0	0	0	0	0	0	0	0	0	0	0	0	0	0	0	0	0	0	0	0	0	0	0	0	0	0	0	0	0	0	0	0	0	0	0	0	0	0	0	0	0	0	0	0	0	0	0	0	0	0	0	0	0	0	0	0	0	0	0	0	0	0	0	0	0	0	0	0	0	0	0	0	0	0	0	0	0	0	0	0	0	0	0	0	0	0	0	0	1200	134	2610	0	0	0	128	0	854	0	1564	502	12692	0	0	0	1334	0	0	128	392	1590	1836	1826	588	
5828	Cerebelum_10_L	0	0	0	0	0	0	0	0	0	0	0	0	0	0	0	0	0	0	0	0	0	0	0	0	0	0	0	0	0	0	0	0	0	0	0	0	0	0	0	0	0	0	0	0	0	0	0	0	0	0	0	0	0	0	0	0	0	0	0	0	0	0	0	0	0	0	0	0	0	0	0	0	0	0	0	0	0	0	0	0	0	0	0	0	0	0	0	0	0	0	646	0	160	0	0	0	0	0	316	0	358	0	398	0	1036	0	0	0	0	0	0	0	0	0	0	0	
9760	Cerebelum_10_R	0	0	0	0	0	0	0	0	0	0	0	0	0	0	0	0	0	0	0	0	0	0	0	0	0	0	0	0	0	0	0	0	0	0	0	0	0	0	0	0	0	0	0	0	0	0	0	0	0	0	0	0	0	0	0	0	0	0	0	0	0	0	0	0	0	0	0	0	0	0	0	0	0	0	0	0	0	0	0	0	0	0	0	0	0	0	0	0	0	0	0	282	0	282	0	0	0	0	0	400	0	0	0	1244	0	1334	0	0	0	0	0	0	576	346	416	0	
9040	Vermis_1_2	0	0	0	0	0	0	0	0	0	0	0	0	0	0	0	0	0	0	0	0	0	0	0	0	0	0	0	0	0	0	0	0	0	0	0	0	0	0	0	0	0	0	0	0	0	0	0	0	0	0	0	0	0	0	0	0	0	0	0	0	0	0	0	0	0	0	0	0	0	0	0	0	0	0	0	0	0	0	0	0	0	0	0	0	0	0	0	0	0	0	0	0	0	0	320	400	360	300	0	400	0	0	0	0	0	0	0	0	0	2192	548	0	0	0	0	0	
42212	Vermis_3	0	0	0	0	0	0	0	0	0	0	0	0	0	0	0	0	0	0	0	0	0	0	0	0	0	0	0	0	0	0	0	0	0	0	0	0	0	0	112	0	0	0	0	0	0	0	132	0	0	0	0	0	0	0	0	0	0	0	0	0	0	0	0	0	0	0	0	0	0	0	0	0	0	0	0	0	0	0	0	0	0	0	0	0	0	0	0	0	0	0	0	2186	0	268	746	3398	938	4032	148	3962	0	0	0	0	0	0	0	0	2192	0	2992	0	0	0	0	0	
175648	Vermis_4_5	0	0	0	0	0	0	0	0	0	0	0	0	0	0	0	0	0	0	0	0	0	0	0	0	0	0	0	0	0	0	0	0	0	0	166	522	278	228	126	0	0	0	0	0	0	0	4970	1240	0	0	0	0	0	0	1332	300	0	0	0	0	0	0	0	0	0	0	0	476	0	0	0	0	0	0	0	0	0	0	0	0	0	0	0	0	0	0	0	0	0	0	4084	5278	150	724	978	1218	14486	13180	10252	13770	0	0	288	342	0	128	0	0	548	2992	0	4538	590	1562	1162	1916	
158308	Vermis_6	0	0	0	0	0	0	0	0	0	0	0	0	0	0	0	0	0	0	0	0	0	0	0	0	0	0	0	0	0	0	0	0	0	0	0	0	0	0	0	0	0	0	0	0	0	0	3008	3642	0	0	0	0	0	0	1492	1274	0	0	0	0	0	0	0	0	0	0	0	0	0	0	0	0	0	0	0	0	0	0	0	0	0	0	0	0	0	0	0	0	0	0	2828	10192	2290	4068	0	0	2642	1084	7320	13594	256	0	1018	878	388	392	0	0	0	0	4538	0	6394	4974	3282	3600	
200636	Vermis_7	0	0	0	0	0	0	0	0	0	0	0	0	0	0	0	0	0	0	0	0	0	0	0	0	0	0	0	0	0	0	0	0	0	0	0	0	0	0	0	0	0	0	0	0	0	0	1400	926	0	0	0	0	0	0	1304	174	0	0	0	0	0	0	0	0	0	0	0	0	0	0	0	0	0	0	0	0	0	0	0	0	0	0	0	0	0	0	0	0	0	0	5990	9458	12674	16816	0	0	554	484	4792	7320	3526	714	4444	2764	932	1590	0	576	0	0	590	6394	0	9948	4154	2794	
190680	Vermis_8	0	0	0	0	0	0	0	0	0	0	0	0	0	0	0	0	0	0	0	0	0	0	0	0	0	0	0	0	0	0	0	0	0	0	0	0	0	0	0	0	0	0	0	0	0	0	106	0	0	0	0	0	0	0	0	0	0	0	0	0	0	0	0	0	0	0	0	0	0	0	0	0	0	0	0	0	0	0	0	0	0	0	0	0	0	0	0	0	0	0	972	4620	6706	13828	0	0	726	686	998	5020	6892	3668	11198	7772	1528	1836	0	346	0	0	1562	4974	9948	0	6784	5170	
71212	Vermis_9	0	0	0	0	0	0	0	0	0	0	0	0	0	0	0	0	0	0	0	0	0	0	0	0	0	0	0	0	0	0	0	0	0	0	0	0	0	0	0	0	0	0	0	0	0	0	0	0	0	0	0	0	0	0	0	0	0	0	0	0	0	0	0	0	0	0	0	0	0	0	0	0	0	0	0	0	0	0	0	0	0	0	0	0	0	0	0	0	0	0	448	1884	472	2046	0	0	568	554	484	3010	0	116	522	1910	1194	1826	0	416	0	0	1162	3282	4154	6784	0	4774	
59188	Vermis_10	0	0	0	0	0	0	0	0	0	0	0	0	0	0	0	0	0	0	0	0	0	0	0	0	0	0	0	0	0	0	0	0	0	0	0	0	0	0	0	0	0	0	0	0	0	0	0	0	0	0	0	0	0	0	0	0	0	0	0	0	0	0	0	0	0	0	0	0	0	0	0	0	0	0	0	0	0	0	0	0	0	0	0	0	0	0	0	0	0	0	408	1560	238	1254	0	0	884	706	752	3004	0	118	326	1310	192	588	0	0	0	0	1916	3600	2794	5170	4774	0	
