data	data	479256	316092	1.1483e+06	984576	186432	66292	666736	392716	93064	36888	310524	209152	379728	190700	185832	125420	240856	109220	674304	628496	115648	96816	594224	505168	39916	92728	77852	88032	697764	391848	471904	525764	295796	510168	178116	171160	234356	212392	89988	112004	42388	39892	202024	366560	170656	375124	244888	263744	187316	386940	393716	163388	105512	62860	270176	309812	371452	248392	127496	81148	218248	98316	93720	94348	125092	99884	222264	348436	139256	132788	310804	521236	398048	375252	60636	28116	116448	125880	96696	32228	233956	103580	67904	36836	279044	158656	21756	9024	291792	187748	375516	326096	257548	220536	51224	38056	330960	218732	406944	377088	209992	103216	260752	199832	85448	116620	22552	15944	11604	37336	266848	168800	192260	103308	59008	52256	
data	data	Precentral_L	Precentral_R	Frontal_Sup_L	Frontal_Sup_R	Frontal_Sup_Orb_L	Frontal_Sup_Orb_R	Frontal_Mid_L	Frontal_Mid_R	Frontal_Mid_Orb_L	Frontal_Mid_Orb_R	Frontal_Inf_Oper_L	Frontal_Inf_Oper_R	Frontal_Inf_Tri_L	Frontal_Inf_Tri_R	Frontal_Inf_Orb_L	Frontal_Inf_Orb_R	Rolandic_Oper_L	Rolandic_Oper_R	Supp_Motor_Area_L	Supp_Motor_Area_R	Olfactory_L	Olfactory_R	Frontal_Sup_Medial_L	Frontal_Sup_Medial_R	Frontal_Med_Orb_L	Frontal_Med_Orb_R	Rectus_L	Rectus_R	Insula_L	Insula_R	Cingulum_Ant_L	Cingulum_Ant_R	Cingulum_Mid_L	Cingulum_Mid_R	Cingulum_Post_L	Cingulum_Post_R	Hippocampus_L	Hippocampus_R	ParaHippocampal_L	ParaHippocampal_R	Amygdala_L	Amygdala_R	Calcarine_L	Calcarine_R	Cuneus_L	Cuneus_R	Lingual_L	Lingual_R	Occipital_Sup_L	Occipital_Sup_R	Occipital_Mid_L	Occipital_Mid_R	Occipital_Inf_L	Occipital_Inf_R	Fusiform_L	Fusiform_R	Postcentral_L	Postcentral_R	Parietal_Sup_L	Parietal_Sup_R	Parietal_Inf_L	Parietal_Inf_R	SupraMarginal_L	SupraMarginal_R	Angular_L	Angular_R	Precuneus_L	Precuneus_R	Paracentral_Lobule_L	Paracentral_Lobule_R	Caudate_L	Caudate_R	Putamen_L	Putamen_R	Pallidum_L	Pallidum_R	Thalamus_L	Thalamus_R	Heschl_L	Heschl_R	Temporal_Sup_L	Temporal_Sup_R	Temporal_Pole_Sup_L	Temporal_Pole_Sup_R	Temporal_Mid_L	Temporal_Mid_R	Temporal_Pole_Mid_L	Temporal_Pole_Mid_R	Temporal_Inf_L	Temporal_Inf_R	Cerebelum_Crus1_L	Cerebelum_Crus1_R	Cerebelum_Crus2_L	Cerebelum_Crus2_R	Cerebelum_3_L	Cerebelum_3_R	Cerebelum_4_5_L	Cerebelum_4_5_R	Cerebelum_6_L	Cerebelum_6_R	Cerebelum_7b_L	Cerebelum_7b_R	Cerebelum_8_L	Cerebelum_8_R	Cerebelum_9_L	Cerebelum_9_R	Cerebelum_10_L	Cerebelum_10_R	Vermis_1_2	Vermis_3	Vermis_4_5	Vermis_6	Vermis_7	Vermis_8	Vermis_9	Vermis_10	
479256	Precentral_L	0	482	20160	482	0	0	25836	0	0	0	14694	0	6822	0	0	0	11184	0	10294	2390	0	0	1892	0	0	0	0	0	14732	0	692	0	340	1380	5780	2812	12926	1080	1564	112	0	0	606	0	116	0	460	0	0	0	402	0	0	0	0	0	44408	0	122	0	8036	0	884	0	240	0	1366	0	13056	0	2508	0	11902	0	2158	0	9468	192	6424	0	1164	0	0	0	222	0	0	0	240	0	0	0	0	0	0	0	0	0	0	0	0	0	0	0	0	0	0	0	0	0	0	0	0	0	0	0	
316092	Precentral_R	482	0	276	33660	0	0	0	15448	0	0	0	13404	0	2094	0	0	0	4834	3406	4326	0	0	0	172	0	0	0	0	0	8796	0	116	2474	474	1280	2910	0	2260	0	332	0	0	0	1058	0	464	0	0	0	578	0	258	0	490	0	496	0	19816	0	0	0	254	0	1820	0	292	328	1260	1314	1112	246	9382	0	6944	0	542	662	12762	0	126	0	316	0	0	0	148	0	0	0	634	0	0	0	0	0	0	0	0	0	0	0	0	0	0	0	0	0	0	0	0	0	0	0	0	0	0	
1.1483e+06	Frontal_Sup_L	20160	276	0	15598	14384	0	104186	1562	4858	0	20336	0	29552	1478	9342	274	11102	0	69000	16020	1230	134	58000	11494	1240	328	988	0	50108	348	28336	8914	8096	7994	848	400	2582	422	422	0	434	0	0	0	0	0	0	0	0	0	0	0	0	0	116	0	6042	0	0	0	1472	0	378	0	0	0	176	0	1940	0	17464	5468	27556	1492	1842	0	5122	148	784	0	2308	0	974	0	216	0	0	0	208	0	0	0	0	0	0	0	0	0	0	0	0	0	0	0	0	0	0	0	0	0	0	0	0	0	0	0	
984576	Frontal_Sup_R	482	33660	15598	0	120	1426	2262	50712	0	916	568	10212	930	9914	260	7110	260	3748	16888	58184	0	194	13636	49920	0	4312	0	1782	1316	18140	8940	38336	11000	20468	970	600	0	3802	0	1090	0	0	0	324	0	144	0	0	0	188	0	0	0	210	0	896	0	1646	0	0	0	0	0	130	0	0	440	0	1106	0	9518	47792	1208	20564	0	1216	930	17756	0	0	0	148	0	0	0	0	0	0	0	316	0	0	0	0	0	0	0	0	0	0	0	0	0	0	0	0	0	0	0	0	0	0	0	0	0	0	
186432	Frontal_Sup_Orb_L	0	0	14384	120	0	0	4598	0	8602	0	706	0	1546	0	10300	0	198	0	334	0	6804	1204	5082	450	3388	314	7508	658	8532	0	6478	1254	0	0	0	0	0	0	1398	0	1038	0	0	0	0	0	0	0	0	0	0	0	0	0	0	0	0	0	0	0	0	0	0	0	0	0	0	0	0	0	2200	322	5248	0	0	0	0	0	0	0	0	0	550	0	0	0	0	0	0	0	0	0	0	0	0	0	0	0	0	0	0	0	0	0	0	0	0	0	0	0	0	0	0	0	0	0	
66292	Frontal_Sup_Orb_R	0	0	0	1426	0	0	0	4142	0	3050	0	0	0	160	0	3118	0	0	0	0	0	2232	206	1466	336	5602	0	7330	0	1730	354	446	0	0	0	0	0	0	0	0	0	146	0	0	0	0	0	0	0	0	0	0	0	0	0	0	0	0	0	0	0	0	0	0	0	0	0	0	0	0	0	888	0	514	0	0	0	0	0	0	0	0	0	0	0	0	0	0	0	0	0	0	0	0	0	0	0	0	0	0	0	0	0	0	0	0	0	0	0	0	0	0	0	0	0	0	
666736	Frontal_Mid_L	25836	0	104186	2262	4598	0	0	394	4406	0	17660	0	45308	370	8066	0	4046	0	14262	2726	324	0	22060	3870	0	0	0	0	28790	0	8492	2556	2576	1976	752	174	890	0	256	0	206	0	0	0	0	0	0	0	0	0	0	0	0	0	0	0	5180	0	0	0	1092	0	0	0	0	0	164	0	260	0	2920	320	11206	156	1858	0	1920	0	250	0	542	0	458	0	0	0	0	0	0	0	0	0	0	0	0	0	0	0	0	0	0	0	0	0	0	0	0	0	0	0	0	0	0	0	0	0	
392716	Frontal_Mid_R	0	15448	1562	50712	0	4142	394	0	0	2360	0	15700	0	20792	0	9694	0	4262	1314	6844	0	1030	1420	7836	0	0	0	656	140	18128	400	3796	110	2502	0	0	0	1550	0	456	0	140	0	0	0	0	0	0	0	0	0	0	0	0	0	372	0	896	0	0	0	0	0	0	0	0	0	0	0	0	1068	10290	578	10232	0	464	0	944	0	0	0	126	0	0	0	0	0	0	0	0	0	0	0	0	0	0	0	0	0	0	0	0	0	0	0	0	0	0	0	0	0	0	0	0	0	0	
93064	Frontal_Mid_Orb_L	0	0	4858	0	8602	0	4406	0	0	0	0	0	2216	0	15624	0	0	0	108	0	1600	236	0	0	0	0	1190	0	4664	0	158	0	0	0	0	0	0	0	220	0	576	0	0	0	0	0	0	0	0	0	0	0	0	0	0	0	0	0	0	0	0	0	0	0	0	0	0	0	0	0	384	0	1430	0	0	0	0	0	0	0	0	0	260	0	0	0	0	0	0	0	0	0	0	0	0	0	0	0	0	0	0	0	0	0	0	0	0	0	0	0	0	0	0	0	0	0	
36888	Frontal_Mid_Orb_R	0	0	0	916	0	3050	0	2360	0	0	0	0	0	744	0	7352	0	0	0	0	0	108	0	0	0	0	0	208	0	878	0	822	0	0	0	0	0	0	0	0	0	0	0	0	0	0	0	0	0	0	0	0	0	0	0	0	0	0	0	0	0	0	0	0	0	0	0	0	0	0	0	756	0	1250	0	0	0	0	0	0	0	0	0	0	0	0	0	0	0	0	0	0	0	0	0	0	0	0	0	0	0	0	0	0	0	0	0	0	0	0	0	0	0	0	0	0	
310524	Frontal_Inf_Oper_L	14694	0	20336	568	706	0	17660	0	0	0	0	0	26118	132	280	0	12922	0	5050	384	0	0	4884	204	0	0	0	0	23384	0	5044	566	0	0	0	0	208	0	0	0	0	0	0	0	0	0	0	0	0	0	0	0	0	0	0	0	8068	0	0	0	1092	0	210	0	0	0	0	0	0	0	2114	634	1654	150	0	0	0	0	946	0	4330	0	2116	0	808	0	0	0	0	0	0	0	0	0	0	0	0	0	0	0	0	0	0	0	0	0	0	0	0	0	0	0	0	0	0	0	
209152	Frontal_Inf_Oper_R	0	13404	0	10212	0	0	0	15700	0	0	0	0	0	10538	0	622	0	7922	0	3890	0	0	432	1060	0	0	0	0	0	19080	0	270	0	542	0	0	0	332	0	0	0	0	0	0	0	0	0	0	0	0	0	0	0	0	0	0	0	2712	0	0	0	0	0	0	0	0	0	0	0	0	0	8494	0	8180	0	418	0	0	0	208	0	380	0	180	0	0	0	0	0	0	0	0	0	0	0	0	0	0	0	0	0	0	0	0	0	0	0	0	0	0	0	0	0	0	0	0	
379728	Frontal_Inf_Tri_L	6822	0	29552	930	1546	0	45308	0	2216	0	26118	0	0	0	13114	0	4012	0	4738	686	246	0	6748	694	0	0	0	0	30106	0	5626	1102	516	402	0	0	0	0	0	0	144	0	0	0	0	0	0	0	0	0	0	0	0	0	0	0	4576	0	0	0	456	0	0	0	0	0	0	0	0	0	864	170	1384	0	0	0	0	0	452	0	632	0	704	0	0	0	0	0	0	0	0	0	0	0	0	0	0	0	0	0	0	0	0	0	0	0	0	0	0	0	0	0	0	0	0	0	
190700	Frontal_Inf_Tri_R	0	2094	1478	9914	0	160	370	20792	0	744	132	10538	0	0	0	5930	0	542	1030	4628	0	0	1204	2924	0	0	0	0	176	16124	148	812	124	2100	0	0	0	204	0	0	0	0	0	0	0	0	0	0	0	0	0	0	0	0	0	0	0	204	0	0	0	0	0	0	0	0	0	0	0	0	1154	7750	522	3170	0	272	0	110	0	0	0	0	0	0	0	0	0	0	0	0	0	0	0	0	0	0	0	0	0	0	0	0	0	0	0	0	0	0	0	0	0	0	0	0	0	0	
185832	Frontal_Inf_Orb_L	0	0	9342	260	10300	0	8066	0	15624	0	280	0	13114	0	0	0	110	0	1278	320	5510	296	672	0	272	0	2654	114	14646	0	754	176	130	106	0	0	0	0	1096	0	1126	0	0	0	0	0	0	0	0	0	0	0	0	0	0	0	0	0	0	0	0	0	0	0	0	0	0	0	0	0	1142	0	2902	0	0	0	0	0	0	0	0	0	2626	0	0	0	0	0	0	0	0	0	0	0	0	0	0	0	0	0	0	0	0	0	0	0	0	0	0	0	0	0	0	0	0	0	
125420	Frontal_Inf_Orb_R	0	0	274	7110	0	3118	0	9694	0	7352	0	622	0	5930	0	0	0	0	286	1628	0	532	706	2300	0	198	0	646	0	7820	164	2968	188	1462	0	0	0	132	0	0	0	0	0	0	0	0	0	0	0	0	0	0	0	0	0	0	0	0	0	0	0	0	0	0	0	0	0	0	0	0	0	4072	0	3450	0	0	0	0	0	0	0	810	0	1096	0	152	0	0	0	0	0	0	0	0	0	0	0	0	0	0	0	0	0	0	0	0	0	0	0	0	0	0	0	0	0	0	
240856	Rolandic_Oper_L	11184	0	11102	260	198	0	4046	0	0	0	12922	0	4012	0	110	0	0	0	9752	198	0	0	958	0	0	0	0	0	22904	0	1244	112	0	0	0	0	312	0	0	0	0	0	0	0	0	0	0	0	0	0	238	0	154	0	0	0	12340	0	0	0	1400	0	4414	0	850	0	0	0	342	0	1074	334	1254	0	148	0	0	0	3836	0	9334	0	1544	0	2074	0	0	0	1778	0	0	0	0	0	0	0	0	0	0	0	0	0	0	0	0	0	0	0	0	0	0	0	0	0	0	0	
109220	Rolandic_Oper_R	0	4834	0	3748	0	0	0	4262	0	0	0	7922	0	542	0	0	0	0	0	1304	0	0	0	262	0	0	0	0	0	10498	0	204	0	0	0	0	0	148	0	0	0	0	0	0	0	0	0	0	0	0	0	0	0	0	0	0	0	4666	0	0	0	644	0	2348	0	0	0	0	0	0	0	4952	0	1858	0	972	0	0	0	1734	0	2876	0	184	0	0	0	0	0	652	0	0	0	0	0	0	0	0	0	0	0	0	0	0	0	0	0	0	0	0	0	0	0	0	0	0	
674304	Supp_Motor_Area_L	10294	3406	69000	16888	334	0	14262	1314	108	0	5050	0	4738	1030	1278	286	9752	0	0	33556	0	0	14416	4048	0	0	0	0	19568	364	5708	3748	19692	18798	2270	608	2476	428	136	0	0	0	0	0	220	0	0	0	0	0	0	0	0	0	0	0	5992	0	0	0	688	0	606	0	198	0	764	0	4864	0	17514	4604	22234	1088	7072	0	4866	228	922	0	1428	0	160	0	148	0	0	0	0	0	0	0	0	0	0	0	0	0	0	0	0	0	0	0	0	0	0	0	0	0	0	0	0	0	0	0	
628496	Supp_Motor_Area_R	2390	4326	16020	58184	0	0	2726	6844	0	0	384	3890	686	4628	320	1628	198	1304	33556	0	0	0	7956	11800	0	0	0	0	808	5942	4216	11974	19930	44518	2060	6476	0	710	0	240	0	0	0	782	206	1004	0	338	0	420	0	164	0	128	0	260	114	554	0	0	0	0	0	0	0	0	764	2932	4324	8392	8320	21876	614	4382	0	1202	686	2888	0	0	0	0	0	0	0	0	0	0	0	184	0	0	0	0	0	0	0	0	0	0	0	0	0	0	0	0	0	0	0	0	0	0	0	0	0	0	
115648	Olfactory_L	0	0	1230	0	6804	0	324	0	1600	0	0	0	246	0	5510	0	0	0	0	0	0	5810	0	0	418	310	5420	2084	7810	0	2012	1470	0	0	0	0	650	0	1456	0	3046	0	0	0	0	0	0	0	0	0	0	0	0	0	0	0	0	0	0	0	0	0	0	0	0	0	0	0	0	0	6232	1970	1694	0	0	0	0	0	0	0	862	0	570	0	0	0	0	0	296	0	0	0	0	0	0	0	0	0	0	0	0	0	0	0	0	0	0	0	0	0	0	0	0	0	0	0	
96816	Olfactory_R	0	0	134	194	1204	2232	0	1030	236	108	0	0	0	0	296	532	0	0	0	0	5810	0	0	112	300	840	3814	5820	0	2074	2362	2610	0	0	0	0	0	0	0	0	0	542	0	0	0	0	0	0	0	0	0	0	0	0	0	0	0	0	0	0	0	0	0	0	0	0	0	0	0	0	8268	5590	3890	410	0	0	0	0	0	0	0	0	0	0	0	0	0	0	0	0	0	0	0	0	0	0	0	0	0	0	0	0	0	0	0	0	0	0	0	0	0	0	0	0	0	0	
594224	Frontal_Sup_Medial_L	1892	0	58000	13636	5082	206	22060	1420	0	0	4884	432	6748	1204	672	706	958	0	14416	7956	0	0	0	35118	3604	2032	400	0	8788	348	45176	21804	10218	19528	0	0	0	0	0	0	0	0	0	0	0	0	0	0	0	0	0	0	0	0	0	0	820	0	0	0	178	0	0	0	0	0	0	0	0	0	1816	2022	2602	1932	0	0	0	0	0	0	292	0	162	0	0	0	0	0	0	0	0	0	0	0	0	0	0	0	0	0	0	0	0	0	0	0	0	0	0	0	0	0	0	0	0	0	
505168	Frontal_Sup_Medial_R	0	172	11494	49920	450	1466	3870	7836	0	0	204	1060	694	2924	0	2300	0	262	4048	11800	0	112	35118	0	256	7510	0	2418	930	2754	14024	34968	4100	24456	0	0	0	232	0	0	0	0	0	0	0	0	0	0	0	0	0	0	0	0	0	0	0	0	0	0	0	0	0	0	0	0	0	0	0	0	436	13124	468	13178	0	0	0	0	0	0	0	0	0	0	0	0	0	0	0	0	0	0	0	0	0	0	0	0	0	0	0	0	0	0	0	0	0	0	0	0	0	0	0	0	0	0	
39916	Frontal_Med_Orb_L	0	0	1240	0	3388	336	0	0	0	0	0	0	0	0	272	0	0	0	0	0	418	300	3604	256	0	1810	1698	294	0	0	5394	478	0	0	0	0	0	0	0	0	0	0	0	0	0	0	0	0	0	0	0	0	0	0	0	0	0	0	0	0	0	0	0	0	0	0	0	0	0	0	470	0	0	0	0	0	0	0	0	0	0	0	0	0	0	0	0	0	0	0	0	0	0	0	0	0	0	0	0	0	0	0	0	0	0	0	0	0	0	0	0	0	0	0	0	0	
92728	Frontal_Med_Orb_R	0	0	328	4312	314	5602	0	0	0	0	0	0	0	0	0	198	0	0	0	0	310	840	2032	7510	1810	0	474	8208	0	320	3144	4676	0	0	0	0	0	0	0	0	0	0	0	0	0	0	0	0	0	0	0	0	0	0	0	0	0	0	0	0	0	0	0	0	0	0	0	0	0	0	0	2706	0	3580	0	0	0	0	0	0	0	0	0	0	0	0	0	0	0	0	0	0	0	0	0	0	0	0	0	0	0	0	0	0	0	0	0	0	0	0	0	0	0	0	0	0	
77852	Rectus_L	0	0	988	0	7508	0	0	0	1190	0	0	0	0	0	2654	0	0	0	0	0	5420	3814	400	0	1698	474	0	2048	716	0	4262	2058	0	0	0	0	0	0	0	0	0	0	0	0	0	0	0	0	0	0	0	0	0	0	0	0	0	0	0	0	0	0	0	0	0	0	0	0	0	0	3858	1048	790	0	0	0	0	0	0	0	0	0	0	0	0	0	0	0	0	0	0	0	0	0	0	0	0	0	0	0	0	0	0	0	0	0	0	0	0	0	0	0	0	0	0	0	
88032	Rectus_R	0	0	0	1782	658	7330	0	656	0	208	0	0	0	0	114	646	0	0	0	0	2084	5820	0	2418	294	8208	2048	0	0	1116	1682	3114	0	0	0	0	0	0	0	0	0	0	0	0	0	0	0	0	0	0	0	0	0	0	0	0	0	0	0	0	0	0	0	0	0	0	0	0	0	0	2076	2154	490	1118	0	0	0	0	0	0	0	0	0	0	0	0	0	0	0	0	0	0	0	0	0	0	0	0	0	0	0	0	0	0	0	0	0	0	0	0	0	0	0	0	0	0	
697764	Insula_L	14732	0	50108	1316	8532	0	28790	140	4664	0	23384	0	30106	176	14646	0	22904	0	19568	808	7810	0	8788	930	0	0	716	0	0	0	7756	1222	658	508	832	754	12330	454	1992	0	4552	0	380	0	0	0	270	0	0	0	248	0	0	0	2016	0	9384	0	120	0	1378	0	126	0	364	0	428	0	504	0	3562	858	26368	262	750	0	1106	0	8732	0	13444	0	3406	0	2472	0	0	0	3528	0	0	0	0	0	0	0	0	0	0	0	0	0	0	0	0	0	0	0	0	0	0	0	0	0	0	0	
391848	Insula_R	0	8796	348	18140	0	1730	0	18128	0	878	0	19080	0	16124	0	7820	0	10498	364	5942	0	2074	348	2754	0	320	0	1116	0	0	150	4204	0	674	0	188	0	5356	0	1220	0	1356	0	270	0	162	0	0	0	218	0	0	0	0	0	2990	0	4388	0	0	0	168	0	428	0	196	0	302	0	0	132	14320	0	29888	0	868	148	698	0	2810	0	5914	0	780	0	1832	0	0	0	1804	0	0	0	0	0	0	0	0	0	0	0	0	0	0	0	0	0	0	0	0	0	0	0	0	0	0	
471904	Cingulum_Ant_L	692	0	28336	8940	6478	354	8492	400	158	0	5044	0	5626	148	754	164	1244	0	5708	4216	2012	2362	45176	14024	5394	3144	4262	1682	7756	150	0	32498	9626	10198	0	0	0	0	0	0	0	0	0	0	0	0	0	0	0	0	0	0	0	0	0	0	492	0	0	0	0	0	0	0	0	0	0	0	0	0	7080	4526	5954	2340	0	0	0	0	0	0	344	0	178	0	0	0	0	0	0	0	0	0	0	0	0	0	0	0	0	0	0	0	0	0	0	0	0	0	0	0	0	0	0	0	0	0	
525764	Cingulum_Ant_R	0	116	8914	38336	1254	446	2556	3796	0	822	566	270	1102	812	176	2968	112	204	3748	11974	1470	2610	21804	34968	478	4676	2058	3114	1222	4204	32498	0	6480	28412	0	0	0	198	0	0	0	0	0	0	0	0	0	0	0	0	0	0	0	0	0	0	0	0	0	0	0	0	0	0	0	0	0	0	0	0	2270	19496	992	17760	0	0	0	0	0	0	0	0	0	0	0	0	0	0	0	0	0	0	0	0	0	0	0	0	0	0	0	0	0	0	0	0	0	0	0	0	0	0	0	0	0	0	
295796	Cingulum_Mid_L	340	2474	8096	11000	0	0	2576	110	0	0	0	0	516	124	130	188	0	0	19692	19930	0	0	10218	4100	0	0	0	0	658	0	9626	6480	0	25062	8796	1186	0	0	0	0	0	0	392	508	1144	116	174	140	1122	0	1004	0	0	0	0	0	196	0	248	0	0	0	0	0	0	0	4748	1026	2934	366	1890	404	0	184	0	0	0	0	0	0	0	0	0	0	0	0	0	0	0	0	0	0	0	0	0	0	0	0	0	0	0	0	0	0	0	0	0	0	0	0	0	0	0	0	0	0	
510168	Cingulum_Mid_R	1380	474	7994	20468	0	0	1976	2502	0	0	0	542	402	2100	106	1462	0	0	18798	44518	0	0	19528	24456	0	0	0	0	508	674	10198	28412	25062	0	1206	7168	0	140	0	0	0	0	0	3060	126	3052	0	950	0	1356	0	622	0	164	0	130	0	392	0	0	0	0	0	0	0	0	530	9688	2318	6418	366	2838	112	2220	0	0	242	0	0	0	0	0	0	0	0	216	0	0	0	210	0	0	0	0	0	0	0	0	0	0	0	0	0	0	0	0	0	0	0	0	0	0	0	0	0	0	
178116	Cingulum_Post_L	5780	1280	848	970	0	0	752	0	0	0	0	0	0	0	0	0	0	0	2270	2060	0	0	0	0	0	0	0	0	832	0	0	0	8796	1206	0	11716	9310	4272	2040	942	0	0	3416	146	1352	144	3480	264	0	0	512	0	0	0	0	514	1994	0	162	0	602	0	0	0	0	0	8534	1652	7998	0	0	0	1246	0	0	0	2486	952	260	0	0	0	0	0	114	0	0	0	156	0	0	0	0	0	0	0	0	0	0	0	0	0	0	0	0	0	0	0	0	0	0	0	0	0	0	0	
171160	Cingulum_Post_R	2812	2910	400	600	0	0	174	0	0	0	0	0	0	0	0	0	0	0	608	6476	0	0	0	0	0	0	0	0	754	188	0	0	1186	7168	11716	0	7392	6810	1062	1464	0	0	0	1434	0	898	426	2310	0	644	0	424	0	184	0	1034	944	526	0	0	502	0	0	0	0	0	514	9510	1202	4434	0	0	1148	154	0	0	4172	2190	0	0	0	0	0	0	0	134	0	0	0	500	0	0	0	0	0	0	0	120	0	0	0	0	0	0	0	0	0	0	0	0	456	0	0	0	0	0	
234356	Hippocampus_L	12926	0	2582	0	0	0	890	0	0	0	208	0	0	0	0	0	312	0	2476	0	650	0	0	0	0	0	0	0	12330	0	0	0	0	0	9310	7392	0	3764	10278	900	4638	0	2010	0	0	0	3632	276	0	0	428	0	162	0	6908	392	3406	0	190	0	1358	0	0	0	0	0	3050	700	336	0	206	0	8576	0	1140	0	2922	406	4838	0	2360	0	112	0	136	0	0	0	4824	0	0	0	0	0	0	0	154	0	0	0	0	0	0	0	0	0	0	0	0	0	0	0	0	0	0	0	
212392	Hippocampus_R	1080	2260	422	3802	0	0	0	1550	0	0	0	332	0	204	0	132	0	148	428	710	0	0	0	232	0	0	0	0	454	5356	0	198	0	140	4272	6810	3764	0	540	15898	0	6658	0	294	0	0	178	1212	0	150	0	0	0	106	0	19392	242	794	0	0	136	0	0	0	0	0	0	1972	0	0	126	1132	706	8414	0	844	2574	4260	0	794	0	610	0	1238	0	188	0	0	0	4600	0	0	0	0	0	0	0	322	0	366	0	0	0	0	0	0	0	0	0	0	156	0	0	0	0	0	
89988	ParaHippocampal_L	1564	0	422	0	1398	0	256	0	220	0	0	0	0	0	1096	0	0	0	136	0	1456	0	0	0	0	0	0	0	1992	0	0	0	0	0	2040	1062	10278	540	0	332	1266	0	998	0	0	0	4178	106	0	0	452	0	362	0	5404	158	730	0	0	0	148	0	140	0	0	0	1472	220	0	0	0	0	1750	0	0	0	126	0	316	0	214	0	1026	0	0	0	794	0	1860	0	0	0	0	0	0	0	374	0	108	0	0	0	0	0	0	0	0	0	0	0	0	0	0	0	0	0	
112004	ParaHippocampal_R	112	332	0	1090	0	0	0	456	0	0	0	0	0	0	0	0	0	0	0	240	0	0	0	0	0	0	0	0	0	1220	0	0	0	0	942	1464	900	15898	332	0	0	3356	0	508	0	180	128	3626	0	296	0	0	0	0	0	13992	0	178	0	0	0	0	0	0	0	0	0	1148	0	0	0	214	0	2400	0	390	402	806	0	252	0	174	0	1790	0	0	0	480	0	1530	0	0	0	0	0	0	0	734	0	432	0	0	0	0	0	0	0	0	0	0	0	0	0	0	0	0	
42388	Amygdala_L	0	0	434	0	1038	0	206	0	576	0	0	0	144	0	1126	0	0	0	0	0	3046	0	0	0	0	0	0	0	4552	0	0	0	0	0	0	0	4638	0	1266	0	0	0	0	0	0	0	0	0	0	0	0	0	0	0	1178	0	0	0	0	0	0	0	0	0	0	0	0	0	0	0	0	0	338	0	0	0	0	0	0	0	790	0	662	0	0	0	480	0	720	0	0	0	0	0	0	0	0	0	0	0	0	0	0	0	0	0	0	0	0	0	0	0	0	0	0	0	
39892	Amygdala_R	0	0	0	0	0	146	0	140	0	0	0	0	0	0	0	0	0	0	0	0	0	542	0	0	0	0	0	0	0	1356	0	0	0	0	0	0	0	6658	0	3356	0	0	0	0	0	0	0	0	0	0	0	0	0	0	0	4260	0	0	0	0	0	0	0	0	0	0	0	0	0	0	0	0	0	406	0	0	0	110	0	0	0	0	0	2216	0	0	0	0	0	644	0	0	0	0	0	0	0	0	0	112	0	0	0	0	0	0	0	0	0	0	0	0	0	0	0	0	
202024	Calcarine_L	606	0	0	0	0	0	0	0	0	0	0	0	0	0	0	0	0	0	0	0	0	0	0	0	0	0	0	0	380	0	0	0	392	0	3416	0	2010	0	998	0	0	0	0	5696	14522	3622	13172	2358	8962	1352	16400	0	2880	0	654	162	1304	0	1726	0	1186	0	0	0	426	0	14672	668	710	0	0	0	0	0	0	0	0	0	616	0	0	0	0	0	528	0	0	0	1594	0	0	0	0	0	0	0	0	0	0	0	0	0	0	0	0	0	0	0	0	0	0	0	0	0	0	0	
366560	Calcarine_R	0	1058	0	324	0	0	0	0	0	0	0	0	0	0	0	0	0	0	0	782	0	0	0	0	0	0	0	0	0	270	0	0	508	3060	146	1434	0	294	0	508	0	0	5696	0	2152	39840	1374	18624	0	36630	0	12248	0	7812	0	6562	0	2310	0	1928	0	0	0	326	0	220	814	21924	126	2114	0	0	0	118	0	0	0	0	0	140	0	472	0	0	0	7052	0	0	0	5990	0	0	0	0	0	0	0	0	0	0	0	0	0	0	0	0	0	0	0	0	424	0	0	0	0	0	
170656	Cuneus_L	116	0	0	0	0	0	0	0	0	0	0	0	0	0	0	0	0	0	220	206	0	0	0	0	0	0	0	0	0	0	0	0	1144	126	1352	0	0	0	0	0	0	0	14522	2152	0	3754	2632	182	22916	582	16464	0	136	0	174	0	886	0	2550	0	1022	0	0	0	0	0	11480	776	1072	0	0	0	0	0	0	0	0	0	0	0	0	0	0	0	402	0	0	0	462	0	0	0	0	0	0	0	0	0	0	0	0	0	0	0	0	0	0	0	0	0	0	0	0	0	0	0	
375124	Cuneus_R	0	464	0	144	0	0	0	0	0	0	0	0	0	0	0	0	0	0	0	1004	0	0	0	0	0	0	0	0	0	162	0	0	116	3052	144	898	0	0	0	180	0	0	3622	39840	3754	0	416	7122	0	47518	0	9704	0	2474	0	3346	0	8000	0	7150	0	1650	0	146	0	1578	1102	29332	180	6178	0	0	0	0	0	0	0	0	0	0	0	202	0	0	0	2956	0	0	0	5128	0	0	0	0	0	0	0	0	0	0	0	0	0	0	0	0	0	0	0	0	0	0	0	0	0	0	
244888	Lingual_L	460	0	0	0	0	0	0	0	0	0	0	0	0	0	0	0	0	0	0	0	0	0	0	0	0	0	0	0	270	0	0	0	174	0	3480	426	3632	178	4178	128	0	0	13172	1374	2632	416	0	3420	3694	292	20622	0	9930	0	16710	680	266	0	0	0	0	0	0	0	118	0	5426	108	300	0	0	0	0	0	0	0	0	0	464	0	0	0	0	0	114	0	0	0	2636	0	3170	574	400	0	116	0	6018	1204	8114	1530	0	0	150	0	0	0	0	0	0	208	2944	2082	634	0	0	0	
263744	Lingual_R	0	0	0	0	0	0	0	0	0	0	0	0	0	0	0	0	0	0	0	338	0	0	0	0	0	0	0	0	0	0	0	0	140	950	264	2310	276	1212	106	3626	0	0	2358	18624	182	7122	3420	0	0	7180	0	1168	0	2032	1194	17562	0	120	0	0	0	0	0	0	0	0	260	6610	142	404	0	0	0	0	0	0	0	0	0	0	0	0	0	0	0	130	0	0	0	426	2270	4560	324	606	1206	130	5310	5430	6646	8920	114	0	574	0	324	0	0	0	160	162	7810	6712	2458	0	0	0	
187316	Occipital_Sup_L	0	0	0	0	0	0	0	0	0	0	0	0	0	0	0	0	0	0	0	0	0	0	0	0	0	0	0	0	0	0	0	0	1122	0	0	0	0	0	0	0	0	0	8962	0	22916	0	3694	0	0	0	31594	0	632	0	206	0	212	0	9804	0	1484	0	0	0	0	0	10554	0	140	0	0	0	0	0	0	0	0	0	0	0	158	0	0	0	1048	0	0	0	1132	0	0	0	0	0	0	0	0	0	0	0	0	0	0	0	0	0	0	0	0	0	0	0	0	0	0	0	
386940	Occipital_Sup_R	0	578	0	188	0	0	0	0	0	0	0	0	0	0	0	0	0	0	0	420	0	0	0	0	0	0	0	0	0	218	0	0	0	1356	0	644	0	150	0	296	0	0	1352	36630	582	47518	292	7180	0	0	0	20374	0	2904	0	3978	0	9496	0	8776	0	4232	0	230	0	6254	176	24370	0	5502	0	0	0	130	0	0	0	0	0	114	0	340	0	0	0	4056	0	0	0	5134	0	0	0	0	0	0	0	0	0	0	0	0	0	0	0	0	0	0	0	0	0	0	0	0	0	0	
393716	Occipital_Mid_L	402	0	0	0	0	0	0	0	0	0	0	0	0	0	0	0	238	0	0	0	0	0	0	0	0	0	0	0	248	0	0	0	1004	0	512	0	428	0	452	0	0	0	16400	0	16464	0	20622	0	31594	0	0	0	18758	0	7906	0	5474	0	11904	0	8470	0	698	0	13402	0	10468	0	2076	0	0	0	0	0	0	0	0	0	1472	0	1320	0	0	0	15768	0	0	0	10778	0	0	0	0	0	0	0	0	0	0	0	0	0	0	0	0	0	0	0	0	0	0	0	0	0	0	0	
163388	Occipital_Mid_R	0	258	0	0	0	0	0	0	0	0	0	0	0	0	0	0	0	0	0	164	0	0	0	0	0	0	0	0	0	0	0	0	0	622	0	424	0	0	0	0	0	0	0	12248	0	9704	0	1168	0	20374	0	0	0	2908	0	656	0	2998	0	410	0	2350	0	142	0	6766	0	5476	0	1780	0	0	0	0	0	0	0	0	0	0	0	128	0	0	0	11026	0	0	0	2092	0	0	0	0	0	0	0	0	0	0	0	0	0	0	0	0	0	0	0	0	0	0	0	0	0	0	
105512	Occipital_Inf_L	0	0	0	0	0	0	0	0	0	0	0	0	0	0	0	0	154	0	0	0	0	0	0	0	0	0	0	0	0	0	0	0	0	0	0	0	162	0	362	0	0	0	2880	0	136	0	9930	0	632	0	18758	0	0	0	9364	0	0	0	0	0	228	0	344	0	364	0	182	0	0	0	0	0	0	0	0	0	0	0	152	0	150	0	0	0	766	0	0	0	6110	0	500	0	0	0	0	0	568	0	794	0	0	0	0	0	0	0	0	0	0	0	220	0	0	0	0	0	
62860	Occipital_Inf_R	0	490	0	210	0	0	0	0	0	0	0	0	0	0	0	0	0	0	0	128	0	0	0	0	0	0	0	0	0	0	0	0	0	164	0	184	0	106	0	0	0	0	0	7812	0	2474	0	2032	0	2904	0	2908	0	0	0	3968	0	796	0	0	0	0	0	142	0	0	0	2062	0	286	0	0	0	0	0	0	0	0	0	0	0	0	0	0	0	1962	0	0	0	2802	0	0	0	0	0	0	0	0	0	0	0	0	0	0	0	0	0	0	0	0	0	0	0	0	0	0	
270176	Fusiform_L	0	0	116	0	0	0	0	0	0	0	0	0	0	0	0	0	0	0	0	0	0	0	0	0	0	0	0	0	2016	0	0	0	0	0	0	0	6908	0	5404	0	1178	0	654	0	174	0	16710	1194	206	0	7906	0	9364	0	0	352	0	0	0	0	0	0	0	0	174	0	122	0	0	0	0	0	982	0	0	0	0	0	338	0	2300	0	2424	0	2076	0	1378	0	13722	0	17894	318	1120	0	0	0	11332	688	21922	984	144	0	366	0	0	0	0	0	0	0	2826	1318	478	0	0	0	
309812	Fusiform_R	0	496	0	896	0	0	0	372	0	0	0	0	0	0	0	0	0	0	0	260	0	0	0	0	0	0	0	0	0	2990	0	0	0	130	514	1034	392	19392	158	13992	0	4260	162	6562	0	3346	680	17562	0	3978	0	656	0	3968	352	0	0	586	0	0	0	0	0	0	0	0	0	2024	0	122	0	206	0	3322	0	168	242	632	0	680	0	1314	0	3108	0	1538	0	916	0	12910	648	9822	148	426	1010	114	3060	5760	2878	12612	0	0	332	0	208	0	0	0	128	110	3814	2980	936	0	0	0	
371452	Postcentral_L	44408	0	6042	0	0	0	5180	0	0	0	8068	0	4576	0	0	0	12340	0	5992	114	0	0	820	0	0	0	0	0	9384	0	492	0	196	0	1994	944	3406	242	730	0	0	0	1304	0	886	0	266	0	212	0	5474	0	0	0	0	0	0	0	7810	0	27746	0	9210	0	2172	0	4204	0	5698	0	632	0	5324	0	356	0	836	0	2900	0	2696	0	0	0	1532	0	0	0	1540	0	0	0	0	0	0	0	0	0	0	0	0	0	0	0	0	0	0	0	0	0	0	0	0	0	0	0	
248392	Postcentral_R	0	19816	0	1646	0	0	0	896	0	0	0	2712	0	204	0	0	0	4666	0	554	0	0	0	0	0	0	0	0	0	4388	0	0	0	392	0	526	0	794	0	178	0	0	0	2310	0	8000	0	120	0	9496	0	2998	0	796	0	586	0	0	0	5054	0	7010	0	11592	0	2972	0	13516	0	10038	0	1420	0	3814	0	630	0	350	0	508	0	1514	0	0	0	1866	0	0	0	2834	0	0	0	0	0	0	0	0	0	0	0	0	0	0	0	0	0	0	0	0	0	0	0	0	0	0	
127496	Parietal_Sup_L	122	0	0	0	0	0	0	0	0	0	0	0	0	0	0	0	0	0	0	0	0	0	0	0	0	0	0	0	120	0	0	0	248	0	162	0	190	0	0	0	0	0	1726	0	2550	0	0	0	9804	0	11904	0	0	0	0	0	7810	0	0	0	10234	0	0	0	916	0	16346	0	472	0	0	0	0	0	0	0	0	0	130	0	0	0	0	0	538	0	0	0	476	0	0	0	0	0	0	0	0	0	0	0	0	0	0	0	0	0	0	0	0	0	0	0	0	0	0	0	
81148	Parietal_Sup_R	0	0	0	0	0	0	0	0	0	0	0	0	0	0	0	0	0	0	0	0	0	0	0	0	0	0	0	0	0	0	0	0	0	0	0	0	0	0	0	0	0	0	0	1928	0	7150	0	0	0	8776	0	410	0	0	0	0	0	5054	0	0	0	4894	0	770	0	1792	0	8002	0	1260	0	0	0	0	0	0	0	0	0	0	0	0	0	0	0	0	0	0	0	538	0	0	0	0	0	0	0	0	0	0	0	0	0	0	0	0	0	0	0	0	0	0	0	0	0	0	
218248	Parietal_Inf_L	8036	0	1472	0	0	0	1092	0	0	0	1092	0	456	0	0	0	1400	0	688	0	0	0	178	0	0	0	0	0	1378	0	0	0	0	0	602	502	1358	136	148	0	0	0	1186	0	1022	0	0	0	1484	0	8470	0	228	0	0	0	27746	0	10234	0	0	0	11652	0	14276	0	2370	0	1246	0	120	0	756	0	0	0	156	0	612	0	1414	0	0	0	4794	0	0	0	2820	0	0	0	0	0	0	0	0	0	0	0	0	0	0	0	0	0	0	0	0	0	0	0	0	0	0	0	
98316	Parietal_Inf_R	0	254	0	0	0	0	0	0	0	0	0	0	0	0	0	0	0	644	0	0	0	0	0	0	0	0	0	0	0	168	0	0	0	0	0	0	0	0	0	0	0	0	0	0	0	1650	0	0	0	4232	0	2350	0	0	0	0	0	7010	0	4894	0	0	0	8908	0	10720	0	2184	0	380	0	0	0	0	0	0	0	0	0	0	0	1398	0	0	0	712	0	0	0	3654	0	0	0	0	0	0	0	0	0	0	0	0	0	0	0	0	0	0	0	0	0	0	0	0	0	0	
93720	SupraMarginal_L	884	0	378	0	0	0	0	0	0	0	210	0	0	0	0	0	4414	0	606	0	0	0	0	0	0	0	0	0	126	0	0	0	0	0	0	0	0	0	140	0	0	0	0	0	0	0	0	0	0	0	698	0	344	0	0	0	9210	0	0	0	11652	0	0	0	4872	0	0	0	564	0	0	0	220	0	0	0	0	0	110	0	6372	0	0	0	4102	0	0	0	1958	0	0	0	0	0	0	0	0	0	0	0	0	0	0	0	0	0	0	0	0	0	0	0	0	0	0	0	
94348	SupraMarginal_R	0	1820	0	130	0	0	0	0	0	0	0	0	0	0	0	0	0	2348	0	0	0	0	0	0	0	0	0	0	0	428	0	0	0	0	0	0	0	0	0	0	0	0	0	326	0	146	0	0	0	230	0	142	0	142	0	0	0	11592	0	770	0	8908	0	0	0	3806	0	160	0	184	0	926	0	566	0	254	0	0	0	0	0	5128	0	0	0	3476	0	0	0	5692	0	0	0	0	0	0	0	0	0	0	0	0	0	0	0	0	0	0	0	0	0	0	0	0	0	0	
125092	Angular_L	240	0	0	0	0	0	0	0	0	0	0	0	0	0	0	0	850	0	198	0	0	0	0	0	0	0	0	0	364	0	0	0	0	0	0	0	0	0	0	0	0	0	426	0	0	0	118	0	0	0	13402	0	364	0	174	0	2172	0	916	0	14276	0	4872	0	0	0	320	0	1060	0	0	0	0	0	0	0	0	0	234	0	1552	0	0	0	14582	0	0	0	6426	0	0	0	0	0	0	0	0	0	0	0	0	0	0	0	0	0	0	0	0	0	0	0	0	0	0	0	
99884	Angular_R	0	292	0	0	0	0	0	0	0	0	0	0	0	0	0	0	0	0	0	0	0	0	0	0	0	0	0	0	0	196	0	0	0	0	0	0	0	0	0	0	0	0	0	220	0	1578	0	0	0	6254	0	6766	0	0	0	0	0	2972	0	1792	0	10720	0	3806	0	0	0	2296	0	680	0	0	0	0	0	0	0	0	0	0	0	3494	0	0	0	7304	0	0	0	1572	0	0	0	0	0	0	0	0	0	0	0	0	0	0	0	0	0	0	0	0	0	0	0	0	0	0	
222264	Precuneus_L	1366	328	176	440	0	0	164	0	0	0	0	0	0	0	0	0	0	0	764	764	0	0	0	0	0	0	0	0	428	0	0	0	4748	530	8534	514	3050	0	1472	0	0	0	14672	814	11480	1102	5426	260	10554	176	10468	0	182	0	122	0	4204	0	16346	0	2370	0	0	0	320	0	0	3122	4306	0	0	0	136	0	0	0	0	0	706	0	0	0	0	0	492	0	0	0	596	0	0	0	0	0	0	0	0	0	0	0	0	0	0	0	0	0	0	0	0	0	0	0	0	0	0	0	
348436	Precuneus_R	0	1260	0	0	0	0	0	0	0	0	0	0	0	0	0	0	0	0	0	2932	0	0	0	0	0	0	0	0	0	302	0	0	1026	9688	1652	9510	700	1972	220	1148	0	0	668	21924	776	29332	108	6610	0	24370	0	5476	0	2062	0	2024	0	13516	0	8002	0	2184	0	160	0	2296	3122	0	998	11728	0	0	0	144	0	0	0	0	0	0	0	286	0	0	0	2750	0	0	0	4410	0	0	0	0	0	0	0	236	0	0	0	0	0	0	0	0	0	0	0	0	626	0	0	0	0	0	
139256	Paracentral_Lobule_L	13056	1314	1940	1106	0	0	260	0	0	0	0	0	0	0	0	0	342	0	4864	4324	0	0	0	0	0	0	0	0	504	0	0	0	2934	2318	7998	1202	336	0	0	0	0	0	710	126	1072	180	300	142	140	0	2076	0	0	0	0	0	5698	0	472	0	1246	0	564	0	1060	0	4306	998	0	2058	194	0	0	0	0	0	2624	0	560	0	198	0	0	0	1216	0	0	0	1190	0	0	0	0	0	0	0	0	0	0	0	0	0	0	0	0	0	0	0	0	0	0	0	0	0	0	0	
132788	Paracentral_Lobule_R	0	1112	0	0	0	0	0	0	0	0	0	0	0	0	0	0	0	0	0	8392	0	0	0	0	0	0	0	0	0	0	0	0	366	6418	0	4434	0	0	0	0	0	0	0	2114	0	6178	0	404	0	5502	0	1780	0	286	0	122	0	10038	0	1260	0	380	0	184	0	680	0	11728	2058	0	0	0	0	0	0	0	0	0	0	0	0	176	0	0	0	1428	0	0	0	1354	0	0	0	0	0	0	0	0	0	0	0	0	0	0	0	0	0	0	0	0	0	0	0	0	0	0	
310804	Caudate_L	2508	246	17464	9518	2200	0	2920	1068	384	0	2114	0	864	1154	1142	0	1074	0	17514	8320	6232	8268	1816	436	470	0	3858	2076	3562	132	7080	2270	1890	366	0	0	206	126	0	0	0	0	0	0	0	0	0	0	0	0	0	0	0	0	0	0	632	0	0	0	120	0	0	0	0	0	0	0	194	0	0	14332	17928	3000	4056	146	7246	136	0	0	334	0	0	0	0	0	0	0	0	0	0	0	0	0	0	0	0	0	0	0	0	0	0	0	0	0	0	0	0	0	0	0	0	0	0	0	
521236	Caudate_R	0	9382	5468	47792	322	888	320	10290	0	756	634	8494	170	7750	0	4072	334	4952	4604	21876	1970	5590	2022	13124	0	2706	1048	2154	858	14320	4526	19496	404	2838	0	0	0	1132	0	214	0	0	0	0	0	0	0	0	0	0	0	0	0	0	0	206	0	1420	0	0	0	0	0	926	0	0	0	0	0	0	14332	0	5822	22574	0	2836	0	11600	0	182	0	214	0	0	0	0	0	0	0	0	0	0	0	0	0	0	0	0	0	0	0	0	0	0	0	0	0	0	0	0	0	0	0	0	0	0	
398048	Putamen_L	11902	0	27556	1208	5248	0	11206	578	1430	0	1654	0	1384	522	2902	0	1254	0	22234	614	1694	3890	2602	468	0	0	790	490	26368	0	5954	992	0	112	1246	1148	8576	706	1750	0	338	0	0	0	0	0	0	0	0	0	0	0	0	0	982	0	5324	0	0	0	756	0	220	0	0	0	136	0	0	0	17928	5822	0	1520	9354	0	2926	0	148	0	4354	0	876	0	492	0	0	0	1370	0	0	0	0	0	0	0	0	0	0	0	0	0	0	0	0	0	0	0	0	0	0	0	0	0	0	0	
375252	Putamen_R	0	6944	1492	20564	0	514	156	10232	0	1250	150	8180	0	3170	0	3450	0	1858	1088	4382	0	410	1932	13178	0	3580	0	1118	262	29888	2340	17760	184	2220	0	154	0	8414	0	2400	0	406	0	118	0	0	0	0	0	130	0	0	0	0	0	3322	0	3814	0	0	0	0	0	566	0	0	0	144	0	0	3000	22574	1520	0	0	2836	124	888	0	0	0	426	0	182	0	0	0	0	0	306	0	0	0	0	0	0	0	0	0	0	0	0	0	0	0	0	0	0	0	0	0	0	0	0	0	0	
60636	Pallidum_L	2158	0	1842	0	0	0	1858	0	0	0	0	0	0	0	0	0	148	0	7072	0	0	0	0	0	0	0	0	0	750	0	0	0	0	0	0	0	1140	0	0	0	0	0	0	0	0	0	0	0	0	0	0	0	0	0	0	0	356	0	0	0	0	0	0	0	0	0	0	0	0	0	4056	0	9354	0	0	0	1584	0	0	0	0	0	0	0	0	0	0	0	0	0	0	0	0	0	0	0	0	0	0	0	0	0	0	0	0	0	0	0	0	0	0	0	0	0	0	0	
28116	Pallidum_R	0	542	0	1216	0	0	0	464	0	0	0	418	0	272	0	0	0	972	0	1202	0	0	0	0	0	0	0	0	0	868	0	0	0	0	0	0	0	844	0	390	0	0	0	0	0	0	0	0	0	0	0	0	0	0	0	168	0	630	0	0	0	0	0	254	0	0	0	0	0	0	146	2836	0	2836	0	0	0	0	0	0	0	0	0	0	0	0	0	0	0	0	0	0	0	0	0	0	0	0	0	0	0	0	0	0	0	0	0	0	0	0	0	0	0	0	0	0	
116448	Thalamus_L	9468	662	5122	930	0	0	1920	0	0	0	0	0	0	0	0	0	0	0	4866	686	0	0	0	0	0	0	0	0	1106	148	0	0	0	242	2486	4172	2922	2574	126	402	0	0	0	0	0	0	0	0	0	0	0	0	0	0	0	242	836	0	0	0	156	0	0	0	0	0	0	0	2624	0	7246	0	2926	124	1584	0	0	4654	0	0	0	0	0	0	0	0	0	0	0	0	0	0	0	0	0	0	0	0	0	0	0	0	0	0	0	0	0	0	0	0	0	0	0	0	0	0	
125880	Thalamus_R	192	12762	148	17756	0	0	0	944	0	0	0	0	0	110	0	0	0	0	228	2888	0	0	0	0	0	0	0	0	0	698	0	0	0	0	952	2190	406	4260	0	806	0	110	0	0	0	0	0	0	0	0	0	0	0	0	0	632	0	350	0	0	0	0	0	0	0	0	0	0	0	0	136	11600	0	888	0	0	4654	0	0	0	0	0	0	0	0	0	0	0	0	230	0	0	0	0	0	0	0	0	0	0	0	0	0	0	0	0	0	0	0	0	0	0	0	0	0	0	
96696	Heschl_L	6424	0	784	0	0	0	250	0	0	0	946	0	452	0	0	0	3836	0	922	0	0	0	0	0	0	0	0	0	8732	0	0	0	0	0	260	0	4838	0	316	0	0	0	616	0	0	0	464	0	0	0	1472	0	152	0	338	0	2900	0	130	0	612	0	110	0	234	0	706	0	560	0	0	0	148	0	0	0	0	0	0	0	3568	0	0	0	4078	0	0	0	4500	0	0	0	0	0	0	0	0	0	0	0	0	0	0	0	0	0	0	0	0	0	0	0	0	0	0	0	
32228	Heschl_R	0	126	0	0	0	0	0	0	0	0	0	208	0	0	0	0	0	1734	0	0	0	0	0	0	0	0	0	0	0	2810	0	0	0	0	0	0	0	794	0	252	0	0	0	140	0	0	0	0	0	114	0	0	0	0	0	680	0	508	0	0	0	0	0	0	0	0	0	0	0	0	0	182	0	0	0	0	0	0	0	0	0	5122	0	0	0	1470	0	0	0	1974	0	0	0	0	0	0	0	0	0	0	0	0	0	0	0	0	0	0	0	0	0	0	0	0	0	0	
233956	Temporal_Sup_L	1164	0	2308	0	0	0	542	0	0	0	4330	0	632	0	0	0	9334	0	1428	0	862	0	292	0	0	0	0	0	13444	0	344	0	0	0	0	0	2360	0	214	0	790	0	0	0	0	0	0	0	158	0	1320	0	150	0	2300	0	2696	0	0	0	1414	0	6372	0	1552	0	0	0	198	0	334	0	4354	0	0	0	0	0	3568	0	0	0	4442	0	27942	0	0	0	22134	0	0	0	0	0	0	0	0	0	0	0	0	0	0	0	0	0	0	0	0	0	0	0	0	0	0	0	
103580	Temporal_Sup_R	0	316	0	148	0	0	0	126	0	0	0	380	0	0	0	810	0	2876	0	0	0	0	0	0	0	0	0	0	0	5914	0	0	0	0	0	0	0	610	0	174	0	0	0	472	0	202	0	0	0	340	0	128	0	0	0	1314	0	1514	0	0	0	1398	0	5128	0	3494	0	286	0	176	0	214	0	426	0	0	0	0	0	5122	0	0	0	2452	0	11272	0	200	0	6298	0	0	0	0	0	0	0	0	0	0	0	0	0	0	0	0	0	0	0	0	0	0	0	0	0	0	
67904	Temporal_Pole_Sup_L	0	0	974	0	550	0	458	0	260	0	2116	0	704	0	2626	0	1544	0	160	0	570	0	162	0	0	0	0	0	3406	0	178	0	0	0	0	0	112	0	1026	0	662	0	0	0	0	0	0	0	0	0	0	0	0	0	2424	0	0	0	0	0	0	0	0	0	0	0	0	0	0	0	0	0	876	0	0	0	0	0	0	0	4442	0	0	0	4920	0	2728	0	3054	0	0	0	0	0	0	0	0	0	0	0	0	0	0	0	0	0	0	0	0	0	0	0	0	0	0	0	
36836	Temporal_Pole_Sup_R	0	0	0	0	0	0	0	0	0	0	0	180	0	0	0	1096	0	184	0	0	0	0	0	0	0	0	0	0	0	780	0	0	0	0	0	0	0	1238	0	1790	0	2216	0	0	0	0	0	0	0	0	0	0	0	0	0	3108	0	0	0	0	0	0	0	0	0	0	0	0	0	0	0	0	0	182	0	0	0	0	0	0	0	2452	0	0	0	1364	0	1854	0	1974	0	0	0	0	0	0	0	0	0	0	0	0	0	0	0	0	0	0	0	0	0	0	0	0	0	0	
279044	Temporal_Mid_L	222	0	216	0	0	0	0	0	0	0	808	0	0	0	0	0	2074	0	148	0	0	0	0	0	0	0	0	0	2472	0	0	0	0	0	114	0	136	0	0	0	0	0	528	0	402	0	114	0	1048	0	15768	0	766	0	2076	0	1532	0	538	0	4794	0	4102	0	14582	0	492	0	1216	0	0	0	492	0	0	0	0	0	4078	0	27942	0	4920	0	0	0	2896	0	45046	0	0	0	0	0	0	0	0	0	0	0	0	0	0	0	0	0	0	0	0	0	0	0	0	0	0	0	
158656	Temporal_Mid_R	0	148	0	0	0	0	0	0	0	0	0	0	0	0	0	152	0	0	0	0	0	0	0	0	0	0	0	0	0	1832	0	0	0	216	0	134	0	188	0	0	0	0	0	7052	0	2956	0	130	0	4056	0	11026	0	1962	0	1538	0	1866	0	0	0	712	0	3476	0	7304	0	2750	0	1428	0	0	0	0	0	0	0	0	0	1470	0	11272	0	1364	0	0	0	316	0	15980	0	0	0	0	0	0	0	0	0	0	0	0	0	0	0	0	0	0	0	0	0	0	0	0	0	0	
21756	Temporal_Pole_Mid_L	0	0	0	0	0	0	0	0	0	0	0	0	0	0	0	0	0	0	0	0	0	0	0	0	0	0	0	0	0	0	0	0	0	0	0	0	0	0	794	0	480	0	0	0	0	0	0	0	0	0	0	0	0	0	1378	0	0	0	0	0	0	0	0	0	0	0	0	0	0	0	0	0	0	0	0	0	0	0	0	0	0	0	2728	0	2896	0	0	0	2602	0	0	0	0	0	0	0	0	0	0	0	0	0	0	0	0	0	0	0	0	0	0	0	0	0	0	0	
9024	Temporal_Pole_Mid_R	0	0	0	0	0	0	0	0	0	0	0	0	0	0	0	0	0	0	0	0	0	0	0	0	0	0	0	0	0	0	0	0	0	0	0	0	0	0	0	480	0	0	0	0	0	0	0	0	0	0	0	0	0	0	0	916	0	0	0	0	0	0	0	0	0	0	0	0	0	0	0	0	0	0	0	0	0	0	0	0	0	200	0	1854	0	316	0	0	0	746	0	0	0	0	0	0	0	0	0	0	0	0	0	0	0	0	0	0	0	0	0	0	0	0	0	0	
291792	Temporal_Inf_L	240	0	208	0	0	0	0	0	0	0	0	0	0	0	0	0	1778	0	0	0	296	0	0	0	0	0	0	0	3528	0	0	0	0	0	156	0	4824	0	1860	0	720	0	1594	0	462	0	2636	0	1132	0	10778	0	6110	0	13722	0	1540	0	476	0	2820	0	1958	0	6426	0	596	0	1190	0	0	0	1370	0	0	0	0	0	4500	0	22134	0	3054	0	45046	0	2602	0	0	0	1434	0	170	0	0	0	0	0	430	0	106	0	0	0	0	0	0	0	0	0	0	0	0	0	0	0	
187748	Temporal_Inf_R	0	634	0	316	0	0	0	0	0	0	0	0	0	0	0	0	0	652	0	184	0	0	0	0	0	0	0	0	0	1804	0	0	0	210	0	500	0	4600	0	1530	0	644	0	5990	0	5128	0	426	0	5134	0	2092	0	2802	0	12910	0	2834	0	538	0	3654	0	5692	0	1572	0	4410	0	1354	0	0	0	306	0	0	0	230	0	1974	0	6298	0	1974	0	15980	0	746	0	0	0	756	0	0	0	0	0	0	0	0	0	0	0	0	0	0	0	0	0	0	0	0	0	0	0	0	
375516	Cerebelum_Crus1_L	0	0	0	0	0	0	0	0	0	0	0	0	0	0	0	0	0	0	0	0	0	0	0	0	0	0	0	0	0	0	0	0	0	0	0	0	0	0	0	0	0	0	0	0	0	0	3170	2270	0	0	0	0	500	0	17894	648	0	0	0	0	0	0	0	0	0	0	0	0	0	0	0	0	0	0	0	0	0	0	0	0	0	0	0	0	0	0	0	0	1434	0	0	2154	28062	2438	220	0	19544	1266	45800	3232	12326	560	15532	1644	2834	1460	598	0	0	0	6878	6580	6214	1802	1252	1446	
326096	Cerebelum_Crus1_R	0	0	0	0	0	0	0	0	0	0	0	0	0	0	0	0	0	0	0	0	0	0	0	0	0	0	0	0	0	0	0	0	0	0	0	0	0	0	0	0	0	0	0	0	0	0	574	4560	0	0	0	0	0	0	318	9822	0	0	0	0	0	0	0	0	0	0	0	0	0	0	0	0	0	0	0	0	0	0	0	0	0	0	0	0	0	0	0	0	0	756	2154	0	666	24442	872	2096	4626	20008	3258	48712	178	1528	514	9554	310	2158	0	922	0	1122	8218	7128	7466	432	332	322	
257548	Cerebelum_Crus2_L	0	0	0	0	0	0	0	0	0	0	0	0	0	0	0	0	0	0	0	0	0	0	0	0	0	0	0	0	0	0	0	0	0	0	0	0	0	0	0	0	0	0	0	0	0	0	400	324	0	0	0	0	0	0	1120	148	0	0	0	0	0	0	0	0	0	0	0	0	0	0	0	0	0	0	0	0	0	0	0	0	0	0	0	0	0	0	0	0	170	0	28062	666	0	6874	0	0	2094	282	6340	700	31448	5232	24600	4008	1658	358	118	0	0	0	1302	842	8332	3502	194	0	
220536	Cerebelum_Crus2_R	0	0	0	0	0	0	0	0	0	0	0	0	0	0	0	0	0	0	0	0	0	0	0	0	0	0	0	0	0	0	0	0	0	0	0	0	0	0	0	0	0	0	0	0	0	0	0	606	0	0	0	0	0	0	0	426	0	0	0	0	0	0	0	0	0	0	0	0	0	0	0	0	0	0	0	0	0	0	0	0	0	0	0	0	0	0	0	0	0	0	2438	24442	6874	0	0	312	602	1524	940	9758	4840	15162	1782	21064	0	2328	0	644	0	0	984	1884	10250	3262	146	0	
51224	Cerebelum_3_L	0	0	0	0	0	0	0	0	0	0	0	0	0	0	0	0	0	0	0	0	0	0	0	0	0	0	0	0	0	0	0	0	0	0	0	0	0	0	0	0	0	0	0	0	0	0	116	1206	0	0	0	0	0	0	0	1010	0	0	0	0	0	0	0	0	0	0	0	0	0	0	0	0	0	0	0	0	0	0	0	0	0	0	0	0	0	0	0	0	0	0	220	872	0	0	0	0	8896	1690	3182	1630	0	0	548	0	356	304	182	0	434	428	3274	758	150	0	0	356	
38056	Cerebelum_3_R	0	0	0	0	0	0	0	0	0	0	0	0	0	0	0	0	0	0	0	0	0	0	0	0	0	0	0	0	0	0	0	0	0	0	0	0	0	0	0	0	0	0	0	0	0	0	0	130	0	0	0	0	0	0	0	114	0	0	0	0	0	0	0	0	0	0	0	0	0	0	0	0	0	0	0	0	0	0	0	0	0	0	0	0	0	0	0	0	0	0	0	2096	0	312	0	0	350	4736	138	4980	0	0	130	584	0	476	0	0	304	2310	1562	188	320	166	132	0	
330960	Cerebelum_4_5_L	0	0	0	0	0	0	0	0	0	0	0	0	0	0	0	0	0	0	0	0	0	0	0	0	0	0	0	0	0	0	0	0	0	0	0	0	154	0	374	0	0	0	0	0	0	0	6018	5310	0	0	0	0	568	0	11332	3060	0	0	0	0	0	0	0	0	0	0	0	0	0	0	0	0	0	0	0	0	0	0	0	0	0	0	0	0	0	0	0	0	0	0	19544	4626	2094	602	8896	350	0	8694	37546	8982	2482	0	6764	872	2518	1504	608	230	528	1164	22232	4622	1380	214	588	1624	
218732	Cerebelum_4_5_R	0	0	0	0	0	0	0	0	0	0	0	0	0	0	0	0	0	0	0	0	0	0	0	0	0	0	0	0	0	0	0	0	0	0	0	120	0	322	0	734	0	0	0	0	0	0	1204	5430	0	0	0	0	0	0	688	5760	0	0	0	0	0	0	0	0	0	0	0	236	0	0	0	0	0	0	0	0	0	0	0	0	0	0	0	0	0	0	0	0	0	0	1266	20008	282	1524	1690	4736	8694	0	4444	28260	134	0	882	1350	132	1096	0	400	202	3018	14898	784	954	0	0	118	
406944	Cerebelum_6_L	0	0	0	0	0	0	0	0	0	0	0	0	0	0	0	0	0	0	0	0	0	0	0	0	0	0	0	0	0	0	0	0	0	0	0	0	0	0	108	0	0	0	0	0	0	0	8114	6646	0	0	0	0	794	0	21922	2878	0	0	0	0	0	0	0	0	0	0	0	0	0	0	0	0	0	0	0	0	0	0	0	0	0	0	0	0	0	0	0	0	430	0	45800	3258	6340	940	3182	138	37546	4444	0	6820	3878	0	9504	494	3350	1506	1106	0	394	418	15466	9818	4512	778	1232	1656	
377088	Cerebelum_6_R	0	0	0	0	0	0	0	0	0	0	0	0	0	0	0	0	0	0	0	0	0	0	0	0	0	0	0	0	0	0	0	0	0	0	0	0	0	366	0	432	0	112	0	0	0	0	1530	8920	0	0	0	0	0	0	984	12612	0	0	0	0	0	0	0	0	0	0	0	0	0	0	0	0	0	0	0	0	0	0	0	0	0	0	0	0	0	0	0	0	0	0	3232	48712	700	9758	1630	4980	8982	28260	6820	0	248	316	1076	5906	664	3436	0	1146	232	2680	15204	10842	6952	466	588	758	
209992	Cerebelum_7b_L	0	0	0	0	0	0	0	0	0	0	0	0	0	0	0	0	0	0	0	0	0	0	0	0	0	0	0	0	0	0	0	0	0	0	0	0	0	0	0	0	0	0	0	0	0	0	0	114	0	0	0	0	0	0	144	0	0	0	0	0	0	0	0	0	0	0	0	0	0	0	0	0	0	0	0	0	0	0	0	0	0	0	0	0	0	0	0	0	106	0	12326	178	31448	4840	0	0	2482	134	3878	248	0	5050	25416	4114	1224	474	318	0	0	0	764	282	5932	4970	442	112	
103216	Cerebelum_7b_R	0	0	0	0	0	0	0	0	0	0	0	0	0	0	0	0	0	0	0	0	0	0	0	0	0	0	0	0	0	0	0	0	0	0	0	0	0	0	0	0	0	0	0	0	0	0	0	0	0	0	0	0	0	0	0	0	0	0	0	0	0	0	0	0	0	0	0	0	0	0	0	0	0	0	0	0	0	0	0	0	0	0	0	0	0	0	0	0	0	0	560	1528	5232	15162	0	0	0	0	0	316	5050	0	2372	12244	0	734	0	0	0	0	0	0	4832	3578	0	0	
260752	Cerebelum_8_L	0	0	0	0	0	0	0	0	0	0	0	0	0	0	0	0	0	0	0	0	0	0	0	0	0	0	0	0	0	0	0	0	0	0	0	0	0	0	0	0	0	0	0	0	0	0	150	574	0	0	0	0	0	0	366	332	0	0	0	0	0	0	0	0	0	0	0	0	0	0	0	0	0	0	0	0	0	0	0	0	0	0	0	0	0	0	0	0	0	0	15532	514	24600	1782	548	130	6764	882	9504	1076	25416	2372	0	3110	13966	1956	2246	0	146	338	3788	1132	3812	5834	2310	1196	
199832	Cerebelum_8_R	0	0	0	0	0	0	0	0	0	0	0	0	0	0	0	0	0	0	0	0	0	0	0	0	0	0	0	0	0	0	0	0	0	0	0	0	0	0	0	0	0	0	0	0	0	0	0	0	0	0	0	0	0	0	0	0	0	0	0	0	0	0	0	0	0	0	0	0	0	0	0	0	0	0	0	0	0	0	0	0	0	0	0	0	0	0	0	0	0	0	1644	9554	4008	21064	0	584	872	1350	494	5906	4114	12244	3110	0	358	15874	0	1312	0	254	1548	958	6806	5820	1682	360	
85448	Cerebelum_9_L	0	0	0	0	0	0	0	0	0	0	0	0	0	0	0	0	0	0	0	0	0	0	0	0	0	0	0	0	0	0	0	0	0	0	0	0	0	0	0	0	0	0	0	0	0	0	0	324	0	0	0	0	0	0	0	208	0	0	0	0	0	0	0	0	0	0	0	0	0	0	0	0	0	0	0	0	0	0	0	0	0	0	0	0	0	0	0	0	0	0	2834	310	1658	0	356	0	2518	132	3350	664	1224	0	13966	358	0	1398	4032	0	0	128	1476	1382	1296	2020	1720	1370	
116620	Cerebelum_9_R	0	0	0	0	0	0	0	0	0	0	0	0	0	0	0	0	0	0	0	0	0	0	0	0	0	0	0	0	0	0	0	0	0	0	0	0	0	0	0	0	0	0	0	0	0	0	0	0	0	0	0	0	0	0	0	0	0	0	0	0	0	0	0	0	0	0	0	0	0	0	0	0	0	0	0	0	0	0	0	0	0	0	0	0	0	0	0	0	0	0	1460	2158	358	2328	304	476	1504	1096	1506	3436	474	734	1956	15874	1398	0	318	1922	230	292	1942	3054	2736	4100	4822	3832	
22552	Cerebelum_10_L	0	0	0	0	0	0	0	0	0	0	0	0	0	0	0	0	0	0	0	0	0	0	0	0	0	0	0	0	0	0	0	0	0	0	0	0	0	0	0	0	0	0	0	0	0	0	0	0	0	0	0	0	0	0	0	0	0	0	0	0	0	0	0	0	0	0	0	0	0	0	0	0	0	0	0	0	0	0	0	0	0	0	0	0	0	0	0	0	0	0	598	0	118	0	182	0	608	0	1106	0	318	0	2246	0	4032	318	0	0	0	0	298	364	164	282	340	302	
15944	Cerebelum_10_R	0	0	0	0	0	0	0	0	0	0	0	0	0	0	0	0	0	0	0	0	0	0	0	0	0	0	0	0	0	0	0	0	0	0	0	0	0	0	0	0	0	0	0	0	0	0	0	0	0	0	0	0	0	0	0	0	0	0	0	0	0	0	0	0	0	0	0	0	0	0	0	0	0	0	0	0	0	0	0	0	0	0	0	0	0	0	0	0	0	0	0	922	0	644	0	0	230	400	0	1146	0	0	0	1312	0	1922	0	0	0	0	414	280	260	136	184	122	
11604	Vermis_1_2	0	0	0	0	0	0	0	0	0	0	0	0	0	0	0	0	0	0	0	0	0	0	0	0	0	0	0	0	0	0	0	0	0	0	0	0	0	0	0	0	0	0	0	0	0	0	0	160	0	0	0	0	0	0	0	128	0	0	0	0	0	0	0	0	0	0	0	0	0	0	0	0	0	0	0	0	0	0	0	0	0	0	0	0	0	0	0	0	0	0	0	0	0	0	434	304	528	202	394	232	0	0	146	0	0	230	0	0	0	2266	426	180	0	0	0	172	
37336	Vermis_3	0	0	0	0	0	0	0	0	0	0	0	0	0	0	0	0	0	0	0	0	0	0	0	0	0	0	0	0	0	0	0	0	0	0	0	0	0	0	0	0	0	0	0	0	0	0	208	162	0	0	0	0	0	0	0	110	0	0	0	0	0	0	0	0	0	0	0	0	0	0	0	0	0	0	0	0	0	0	0	0	0	0	0	0	0	0	0	0	0	0	0	1122	0	0	428	2310	1164	3018	418	2680	0	0	338	254	128	292	0	0	2266	0	3170	294	184	122	0	0	
266848	Vermis_4_5	0	0	0	0	0	0	0	0	0	0	0	0	0	0	0	0	0	0	0	0	0	0	0	0	0	0	0	0	0	0	0	0	0	0	0	456	0	156	0	0	0	0	0	424	0	0	2944	7810	0	0	0	0	220	0	2826	3814	0	0	0	0	0	0	0	0	0	0	0	626	0	0	0	0	0	0	0	0	0	0	0	0	0	0	0	0	0	0	0	0	0	0	6878	8218	1302	984	3274	1562	22232	14898	15466	15204	764	0	3788	1548	1476	1942	298	414	426	3170	0	5890	1756	192	536	1930	
168800	Vermis_6	0	0	0	0	0	0	0	0	0	0	0	0	0	0	0	0	0	0	0	0	0	0	0	0	0	0	0	0	0	0	0	0	0	0	0	0	0	0	0	0	0	0	0	0	0	0	2082	6712	0	0	0	0	0	0	1318	2980	0	0	0	0	0	0	0	0	0	0	0	0	0	0	0	0	0	0	0	0	0	0	0	0	0	0	0	0	0	0	0	0	0	0	6580	7128	842	1884	758	188	4622	784	9818	10842	282	0	1132	958	1382	3054	364	280	180	294	5890	0	7440	1116	2242	3248	
192260	Vermis_7	0	0	0	0	0	0	0	0	0	0	0	0	0	0	0	0	0	0	0	0	0	0	0	0	0	0	0	0	0	0	0	0	0	0	0	0	0	0	0	0	0	0	0	0	0	0	634	2458	0	0	0	0	0	0	478	936	0	0	0	0	0	0	0	0	0	0	0	0	0	0	0	0	0	0	0	0	0	0	0	0	0	0	0	0	0	0	0	0	0	0	6214	7466	8332	10250	150	320	1380	954	4512	6952	5932	4832	3812	6806	1296	2736	164	260	0	184	1756	7440	0	6010	2460	1406	
103308	Vermis_8	0	0	0	0	0	0	0	0	0	0	0	0	0	0	0	0	0	0	0	0	0	0	0	0	0	0	0	0	0	0	0	0	0	0	0	0	0	0	0	0	0	0	0	0	0	0	0	0	0	0	0	0	0	0	0	0	0	0	0	0	0	0	0	0	0	0	0	0	0	0	0	0	0	0	0	0	0	0	0	0	0	0	0	0	0	0	0	0	0	0	1802	432	3502	3262	0	166	214	0	778	466	4970	3578	5834	5820	2020	4100	282	136	0	122	192	1116	6010	0	4678	2174	
