data	data	556972	211236	1.31076e+06	1.01568e+06	307224	276316	610344	270472	162708	61164	290232	216856	407896	178412	355744	105152	284620	175096	1.52333e+06	1.16303e+06	94436	90760	569048	541776	21012	98312	48868	78492	808068	339396	520748	541248	340116	725940	80308	101020	175108	199220	70064	98316	21404	35360	91768	146396	104040	150600	138760	143740	127888	237248	363340	161168	90228	61800	232104	196076	298480	163132	96032	29216	158624	85164	79200	101192	98772	81452	161892	239416	366796	191716	449836	601972	667144	468996	98436	67864	211768	204252	96140	18200	207104	58016	148688	76412	251136	141892	17992	5612	165008	96372	475036	421272	403432	337672	47616	32824	304668	158036	448276	362316	269568	148780	426992	314876	184672	157364	36852	8420	10112	30852	212984	132636	184988	170764	94524	26160	
data	data	Precentral_L	Precentral_R	Frontal_Sup_L	Frontal_Sup_R	Frontal_Sup_Orb_L	Frontal_Sup_Orb_R	Frontal_Mid_L	Frontal_Mid_R	Frontal_Mid_Orb_L	Frontal_Mid_Orb_R	Frontal_Inf_Oper_L	Frontal_Inf_Oper_R	Frontal_Inf_Tri_L	Frontal_Inf_Tri_R	Frontal_Inf_Orb_L	Frontal_Inf_Orb_R	Rolandic_Oper_L	Rolandic_Oper_R	Supp_Motor_Area_L	Supp_Motor_Area_R	Olfactory_L	Olfactory_R	Frontal_Sup_Medial_L	Frontal_Sup_Medial_R	Frontal_Med_Orb_L	Frontal_Med_Orb_R	Rectus_L	Rectus_R	Insula_L	Insula_R	Cingulum_Ant_L	Cingulum_Ant_R	Cingulum_Mid_L	Cingulum_Mid_R	Cingulum_Post_L	Cingulum_Post_R	Hippocampus_L	Hippocampus_R	ParaHippocampal_L	ParaHippocampal_R	Amygdala_L	Amygdala_R	Calcarine_L	Calcarine_R	Cuneus_L	Cuneus_R	Lingual_L	Lingual_R	Occipital_Sup_L	Occipital_Sup_R	Occipital_Mid_L	Occipital_Mid_R	Occipital_Inf_L	Occipital_Inf_R	Fusiform_L	Fusiform_R	Postcentral_L	Postcentral_R	Parietal_Sup_L	Parietal_Sup_R	Parietal_Inf_L	Parietal_Inf_R	SupraMarginal_L	SupraMarginal_R	Angular_L	Angular_R	Precuneus_L	Precuneus_R	Paracentral_Lobule_L	Paracentral_Lobule_R	Caudate_L	Caudate_R	Putamen_L	Putamen_R	Pallidum_L	Pallidum_R	Thalamus_L	Thalamus_R	Heschl_L	Heschl_R	Temporal_Sup_L	Temporal_Sup_R	Temporal_Pole_Sup_L	Temporal_Pole_Sup_R	Temporal_Mid_L	Temporal_Mid_R	Temporal_Pole_Mid_L	Temporal_Pole_Mid_R	Temporal_Inf_L	Temporal_Inf_R	Cerebelum_Crus1_L	Cerebelum_Crus1_R	Cerebelum_Crus2_L	Cerebelum_Crus2_R	Cerebelum_3_L	Cerebelum_3_R	Cerebelum_4_5_L	Cerebelum_4_5_R	Cerebelum_6_L	Cerebelum_6_R	Cerebelum_7b_L	Cerebelum_7b_R	Cerebelum_8_L	Cerebelum_8_R	Cerebelum_9_L	Cerebelum_9_R	Cerebelum_10_L	Cerebelum_10_R	Vermis_1_2	Vermis_3	Vermis_4_5	Vermis_6	Vermis_7	Vermis_8	Vermis_9	Vermis_10	
556972	Precentral_L	0	370	23044	344	354	0	24112	142	0	0	15300	116	12076	0	412	0	9440	0	30528	5262	0	0	414	0	0	0	0	0	18694	0	764	0	392	3174	0	0	5866	340	0	0	0	0	0	0	106	0	0	0	0	0	754	0	174	0	0	0	33892	204	0	0	5238	0	818	0	108	0	0	0	32264	2574	5396	924	10992	0	5988	0	17590	1340	4372	0	2444	0	1116	0	570	124	0	0	354	0	0	0	0	0	0	0	0	0	0	0	0	0	0	0	0	0	0	0	0	0	0	0	0	0	0	0	
211236	Precentral_R	370	0	236	8836	304	0	0	8552	114	0	0	10272	0	858	310	0	0	3348	2950	7652	0	0	0	0	0	0	0	0	320	5296	0	0	138	896	0	0	0	6278	0	686	0	0	0	0	0	0	0	0	0	0	0	0	0	272	0	180	0	17224	0	0	0	1304	0	4092	0	588	194	392	922	6228	792	906	168	6554	0	1228	0	6034	0	192	0	204	0	334	0	242	0	0	0	152	0	0	0	0	0	0	0	0	0	0	0	0	0	0	0	0	0	0	0	0	0	0	0	0	0	0	
1.31076e+06	Frontal_Sup_L	23044	236	0	15132	16940	148	89916	1836	2940	0	17194	920	28570	930	19174	288	16198	108	104016	19960	0	0	54640	16472	1040	0	0	0	50050	674	32960	7612	12496	13142	0	0	1380	0	0	0	0	0	0	0	0	0	0	0	0	0	0	0	0	0	170	0	10864	0	0	0	1344	0	574	0	0	0	0	0	2058	592	21848	5438	43326	694	4202	108	1170	926	2584	0	5344	0	5782	150	0	0	0	0	190	0	0	0	0	0	0	0	0	0	0	0	0	0	0	0	0	0	0	0	0	0	0	0	0	0	0	0	
1.01568e+06	Frontal_Sup_R	344	8836	15132	0	202	10432	3440	32960	0	934	286	6596	554	7634	1206	2986	186	11250	59922	84044	0	0	24032	43956	0	1486	0	544	972	14270	9720	34190	9106	36790	0	0	0	1762	0	422	0	0	0	0	0	0	0	0	0	0	0	0	0	0	0	0	152	1508	0	0	0	0	0	0	0	0	0	110	166	812	7520	33206	1988	23336	274	4566	206	5472	0	760	0	796	132	2642	0	0	0	0	0	0	0	0	0	0	0	0	0	0	0	0	0	0	0	0	0	0	0	0	0	0	0	0	0	0	0	0	
307224	Frontal_Sup_Orb_L	354	304	16940	202	0	0	7000	912	25642	0	1262	788	6004	0	25934	0	876	0	6580	388	1196	170	4190	0	1518	0	3698	122	17726	0	4348	0	0	0	0	0	220	0	0	0	376	0	0	0	0	0	0	0	0	0	0	0	0	0	0	0	0	0	0	0	0	0	0	0	0	0	0	0	0	0	2894	1100	21686	110	0	0	128	198	0	0	120	0	626	0	0	0	0	0	0	0	0	0	0	0	0	0	0	0	0	0	0	0	0	0	0	0	0	0	0	0	0	0	0	0	0	0	
276316	Frontal_Sup_Orb_R	0	0	148	10432	0	0	0	956	0	10618	0	694	0	1276	0	8268	0	128	6690	7110	576	1630	560	13340	0	9340	464	7710	0	2778	4432	12738	212	1420	0	0	0	0	0	0	0	0	0	0	0	0	0	0	0	0	0	0	0	0	0	0	0	0	0	0	0	0	0	0	0	0	0	0	0	0	662	16296	0	19002	0	386	130	162	0	0	0	0	0	0	0	0	0	0	0	0	0	0	0	0	0	0	0	0	0	0	0	0	0	0	0	0	0	0	0	0	0	0	0	0	0	0	
610344	Frontal_Mid_L	24112	0	89916	3440	7000	0	0	548	3596	0	13520	368	38436	174	13122	0	5266	0	9632	1098	0	0	16288	4674	0	0	0	0	29106	0	9744	1430	2398	1562	0	0	968	0	0	0	0	0	0	0	0	0	0	0	0	0	0	0	0	0	0	0	1678	0	0	0	668	0	378	0	0	0	0	0	900	0	3414	902	12102	140	1326	0	360	0	604	0	2650	0	3652	0	0	0	0	0	0	0	0	0	0	0	0	0	0	0	0	0	0	0	0	0	0	0	0	0	0	0	0	0	0	0	0	0	
270472	Frontal_Mid_R	142	8552	1836	32960	912	956	548	0	372	812	0	11034	0	12784	1250	1920	0	554	6226	7992	0	0	2296	3156	0	0	0	0	986	3438	1396	3140	1576	9500	0	0	0	760	0	268	0	0	0	0	0	0	0	0	0	0	0	0	0	0	0	0	0	1078	0	0	0	122	0	490	0	0	0	0	0	0	3864	6754	1152	4324	106	1296	0	518	0	0	0	0	0	166	0	0	0	0	0	0	0	0	0	0	0	0	0	0	0	0	0	0	0	0	0	0	0	0	0	0	0	0	0	0	0	0	
162708	Frontal_Mid_Orb_L	0	114	2940	0	25642	0	3596	372	0	0	284	306	2876	0	20358	0	142	0	1212	156	318	0	262	0	212	0	1412	0	7446	0	836	0	0	0	0	0	190	0	0	0	188	0	0	0	0	0	0	0	0	0	0	0	0	0	0	0	0	0	0	0	0	0	0	0	0	0	0	0	0	0	792	366	11030	0	0	0	0	0	0	0	0	0	304	0	0	0	0	0	0	0	0	0	0	0	0	0	0	0	0	0	0	0	0	0	0	0	0	0	0	0	0	0	0	0	0	0	
61164	Frontal_Mid_Orb_R	0	0	0	934	0	10618	0	812	0	0	0	248	0	964	0	7788	0	0	648	830	0	122	0	0	0	0	0	420	0	1332	0	0	0	378	0	0	0	0	0	0	0	0	0	0	0	0	0	0	0	0	0	0	0	0	0	0	0	0	0	0	0	0	0	0	0	0	0	0	0	0	0	1070	0	4418	0	0	0	0	0	0	0	0	0	0	0	0	0	0	0	0	0	0	0	0	0	0	0	0	0	0	0	0	0	0	0	0	0	0	0	0	0	0	0	0	0	0	
290232	Frontal_Inf_Oper_L	15300	0	17194	286	1262	0	13520	0	284	0	0	0	19078	0	4526	0	11822	0	5252	504	0	0	714	0	0	0	0	0	24472	0	828	128	0	260	0	0	324	0	0	0	0	0	0	0	0	0	0	0	0	0	0	0	0	0	0	0	5848	0	0	0	138	0	0	0	0	0	0	0	106	0	1104	482	5758	0	1156	0	0	226	204	0	5748	0	8592	0	0	0	0	0	0	0	0	0	0	0	0	0	0	0	0	0	0	0	0	0	0	0	0	0	0	0	0	0	0	0	0	0	
216856	Frontal_Inf_Oper_R	116	10272	920	6596	788	694	368	11034	306	248	0	0	0	12144	842	572	0	4684	6998	8244	0	0	546	638	0	0	0	0	806	12964	516	1568	1448	1940	0	0	0	798	0	276	0	0	0	0	0	0	0	0	0	0	0	0	0	0	0	0	0	1050	0	0	0	0	0	0	0	0	0	0	0	0	2506	4082	550	8604	118	1436	0	254	0	106	0	0	0	3396	0	0	0	0	0	0	0	0	0	0	0	0	0	0	0	0	0	0	0	0	0	0	0	0	0	0	0	0	0	0	0	0	
407896	Frontal_Inf_Tri_L	12076	0	28570	554	6004	0	38436	0	2876	0	19078	0	0	0	17704	0	1238	0	7896	524	0	0	4146	294	258	0	166	0	41756	0	4044	156	126	310	0	0	912	0	0	0	0	0	0	0	0	0	0	0	0	0	0	0	0	0	0	0	4786	0	0	0	410	0	230	0	0	0	0	0	0	0	2436	278	5752	0	1040	0	0	0	516	0	422	0	954	0	0	0	0	0	0	0	0	0	0	0	0	0	0	0	0	0	0	0	0	0	0	0	0	0	0	0	0	0	0	0	0	0	
178412	Frontal_Inf_Tri_R	0	858	930	7634	0	1276	174	12784	0	964	0	12144	0	0	0	5244	0	238	4770	5192	0	0	1358	1198	0	0	0	0	0	10808	1134	2442	1656	7616	0	0	0	264	0	130	0	0	0	0	0	0	0	0	0	0	0	0	0	0	0	0	0	0	0	0	0	0	0	0	0	0	0	0	0	0	772	2396	236	6342	0	432	0	0	0	0	0	0	0	214	0	0	0	0	0	0	0	0	0	0	0	0	0	0	0	0	0	0	0	0	0	0	0	0	0	0	0	0	0	0	0	0	
355744	Frontal_Inf_Orb_L	412	310	19174	1206	25934	0	13122	1250	20358	0	4526	842	17704	0	0	0	1512	0	6990	1228	1248	154	912	136	0	0	964	110	28670	0	958	136	142	354	0	0	294	0	0	0	420	0	0	0	0	0	0	0	0	0	0	0	0	0	0	0	0	0	0	0	0	0	0	0	0	0	0	0	0	0	5022	1776	18990	184	0	0	212	178	0	0	328	0	2116	0	0	0	0	0	0	0	0	0	0	0	0	0	0	0	0	0	0	0	0	0	0	0	0	0	0	0	0	0	0	0	0	0	
105152	Frontal_Inf_Orb_R	0	0	288	2986	0	8268	0	1920	0	7788	0	572	0	5244	0	0	0	0	2206	2326	182	1386	0	0	0	0	0	1310	0	9642	124	144	196	1392	0	0	0	178	0	0	0	0	0	0	0	0	0	0	0	0	0	0	0	0	0	0	0	0	0	0	0	0	0	0	0	0	0	0	0	0	732	1556	228	3710	0	0	0	0	0	0	0	0	0	198	0	0	0	0	0	0	0	0	0	0	0	0	0	0	0	0	0	0	0	0	0	0	0	0	0	0	0	0	0	0	0	0	
284620	Rolandic_Oper_L	9440	0	16198	186	876	0	5266	0	142	0	11822	0	1238	0	1512	0	0	0	9224	196	0	0	1056	0	0	0	0	0	25266	0	796	114	0	148	0	0	876	0	0	0	0	0	0	0	184	0	0	0	0	0	2330	0	114	0	0	0	13042	0	1402	0	322	0	1056	0	326	0	120	0	922	0	1240	364	6344	0	1084	0	0	150	5568	0	12914	0	8592	0	1158	0	0	0	722	0	0	0	0	0	0	0	0	0	0	0	0	0	0	0	0	0	0	0	0	0	0	0	0	0	0	0	
175096	Rolandic_Oper_R	0	3348	108	11250	0	128	0	554	0	0	0	4684	0	238	0	0	0	0	10984	12008	0	0	0	0	0	0	0	0	0	12320	0	314	368	0	0	0	0	860	0	394	0	0	0	0	0	0	0	0	0	0	0	0	0	0	0	0	0	7620	0	0	0	578	0	4542	0	200	0	0	0	196	122	502	0	4362	0	876	0	0	0	2352	0	3364	0	5276	0	0	0	0	0	0	0	0	0	0	0	0	0	0	0	0	0	0	0	0	0	0	0	0	0	0	0	0	0	0	0	0	
1.52333e+06	Supp_Motor_Area_L	30528	2950	104016	59922	6580	6690	9632	6226	1212	648	5252	6998	7896	4770	6990	2206	9224	10984	0	99696	0	0	20428	16046	694	1204	0	466	22560	13648	21796	15424	23382	39352	370	156	1994	686	110	132	0	0	0	0	0	0	0	0	0	0	0	0	0	0	0	0	10060	1566	0	0	770	0	352	0	0	0	108	176	33536	4530	28310	25478	37476	15288	6234	946	23594	2046	2182	694	2308	708	1218	3080	0	0	0	0	138	0	0	0	0	0	0	0	0	0	0	0	0	0	0	0	0	0	0	0	0	0	0	0	0	0	0	0	
1.16303e+06	Supp_Motor_Area_R	5262	7652	19960	84044	388	7110	1098	7992	156	830	504	8244	524	5192	1228	2326	196	12008	99696	0	0	0	7882	14422	0	1232	0	476	1402	16150	4438	16548	20574	60000	290	222	0	2666	0	546	0	0	0	544	0	176	0	110	0	456	0	448	0	440	0	136	112	2106	0	0	0	340	0	906	0	0	138	1044	15314	24590	9142	44098	4112	18510	462	3890	114	34772	178	776	0	846	142	3714	0	2228	0	0	0	414	0	0	0	0	0	0	0	0	0	0	0	0	0	0	0	0	0	0	0	0	0	0	0	0	0	0	
94436	Olfactory_L	0	0	0	0	1196	576	0	0	318	0	0	0	0	0	1248	182	0	0	0	0	0	7838	0	0	0	0	3460	2156	1622	0	3024	2318	0	0	0	0	298	0	0	0	672	0	0	0	0	0	0	0	0	0	0	0	0	0	0	0	0	0	0	0	0	0	0	0	0	0	0	0	0	0	9030	6840	3966	1714	172	182	0	0	0	0	0	0	406	0	0	0	0	0	0	0	0	0	0	0	0	0	0	0	0	0	0	0	0	0	0	0	0	0	0	0	0	0	0	0	0	0	
90760	Olfactory_R	0	0	0	0	170	1630	0	0	0	122	0	0	0	0	154	1386	0	0	0	0	7838	0	0	0	0	0	2650	3250	0	1588	2242	1870	0	0	0	0	0	834	0	0	0	1252	0	0	0	0	0	0	0	0	0	0	0	0	0	0	0	0	0	0	0	0	0	0	0	0	0	0	0	0	8342	6932	3302	1670	148	0	0	0	0	0	0	0	0	0	0	0	0	0	0	0	0	0	0	0	0	0	0	0	0	0	0	0	0	0	0	0	0	0	0	0	0	0	0	0	0	0	
569048	Frontal_Sup_Medial_L	414	0	54640	24032	4190	560	16288	2296	262	0	714	546	4146	1358	912	0	1056	0	20428	7882	0	0	0	42360	1962	206	0	0	6918	0	30748	18804	10684	22194	0	120	0	0	0	0	0	0	0	0	0	0	0	0	0	0	0	0	0	0	0	0	0	0	0	0	0	0	0	0	0	0	0	0	0	0	2794	818	6716	476	0	0	0	0	0	0	0	0	0	0	0	0	0	0	0	0	0	0	0	0	0	0	0	0	0	0	0	0	0	0	0	0	0	0	0	0	0	0	0	0	0	0	
541776	Frontal_Sup_Medial_R	0	0	16472	43956	0	13340	4674	3156	0	0	0	638	294	1198	136	0	0	0	16046	14422	0	0	42360	0	0	9352	0	2578	436	234	15062	37544	4594	23482	0	0	0	0	0	0	0	0	0	0	0	0	0	0	0	0	0	0	0	0	0	0	0	0	0	0	0	0	0	0	0	0	0	0	0	0	622	10876	504	8228	0	324	0	360	0	0	0	0	0	0	0	0	0	0	0	0	0	0	0	0	0	0	0	0	0	0	0	0	0	0	0	0	0	0	0	0	0	0	0	0	0	0	
21012	Frontal_Med_Orb_L	0	0	1040	0	1518	0	0	0	212	0	0	0	258	0	0	0	0	0	694	0	0	0	1962	0	0	0	832	0	232	0	2376	0	0	0	0	0	0	0	0	0	0	0	0	0	0	0	0	0	0	0	0	0	0	0	0	0	0	0	0	0	0	0	0	0	0	0	0	0	0	0	404	0	978	0	0	0	0	0	0	0	0	0	0	0	0	0	0	0	0	0	0	0	0	0	0	0	0	0	0	0	0	0	0	0	0	0	0	0	0	0	0	0	0	0	0	0	
98312	Frontal_Med_Orb_R	0	0	0	1486	0	9340	0	0	0	0	0	0	0	0	0	0	0	0	1204	1232	0	0	206	9352	0	0	0	4426	0	0	4586	7836	0	0	0	0	0	0	0	0	0	0	0	0	0	0	0	0	0	0	0	0	0	0	0	0	0	0	0	0	0	0	0	0	0	0	0	0	0	0	0	5220	0	4134	0	134	0	0	0	0	0	0	0	0	0	0	0	0	0	0	0	0	0	0	0	0	0	0	0	0	0	0	0	0	0	0	0	0	0	0	0	0	0	0	0	0	
48868	Rectus_L	0	0	0	0	3698	464	0	0	1412	0	0	0	166	0	964	0	0	0	0	0	3460	2650	0	0	832	0	0	1606	708	0	2328	856	0	0	0	0	0	0	0	0	150	0	0	0	0	0	0	0	0	0	0	0	0	0	0	0	0	0	0	0	0	0	0	0	0	0	0	0	0	0	2610	1538	610	382	0	0	0	0	0	0	0	0	0	0	0	0	0	0	0	0	0	0	0	0	0	0	0	0	0	0	0	0	0	0	0	0	0	0	0	0	0	0	0	0	0	0	
78492	Rectus_R	0	0	0	544	122	7710	0	0	0	420	0	0	0	0	110	1310	0	0	466	476	2156	3250	0	2578	0	4426	1606	0	0	220	1992	3776	0	0	0	0	0	0	0	0	0	0	0	0	0	0	0	0	0	0	0	0	0	0	0	0	0	0	0	0	0	0	0	0	0	0	0	0	0	0	1874	3550	122	2538	0	0	0	0	0	0	0	0	0	0	0	0	0	0	0	0	0	0	0	0	0	0	0	0	0	0	0	0	0	0	0	0	0	0	0	0	0	0	0	0	0	0	
808068	Insula_L	18694	320	50050	972	17726	0	29106	986	7446	0	24472	806	41756	0	28670	0	25266	0	22560	1402	1622	0	6918	436	232	0	708	0	0	0	7172	464	338	916	0	0	11670	0	608	0	1472	0	112	0	116	0	0	0	0	0	1840	0	800	0	1750	0	8494	0	0	0	814	0	366	0	0	0	0	0	532	0	5592	1620	37444	160	2290	0	956	458	11284	0	10258	0	12360	0	1652	0	0	0	2348	0	0	0	0	0	0	0	0	0	0	0	0	0	0	0	0	0	0	0	0	0	0	0	0	0	0	0	
339396	Insula_R	0	5296	674	14270	0	2778	0	3438	0	1332	0	12964	0	10808	0	9642	0	12320	13648	16150	0	1588	0	234	0	0	0	220	0	0	292	792	1308	3552	0	0	0	6896	0	716	0	2240	0	0	0	0	0	0	0	0	0	0	0	0	0	2068	0	2680	0	0	0	0	0	680	0	106	118	164	0	374	1040	3814	312	24362	0	1866	0	340	0	1202	0	2156	0	4952	0	946	0	0	0	1360	0	0	0	0	0	0	0	0	0	0	0	0	0	0	0	0	0	0	0	0	0	0	0	0	0	0	
520748	Cingulum_Ant_L	764	0	32960	9720	4348	4432	9744	1396	836	0	828	516	4044	1134	958	124	796	0	21796	4438	3024	2242	30748	15062	2376	4586	2328	1992	7172	292	0	27020	14618	12898	1056	0	0	0	0	0	0	0	0	0	0	0	0	0	0	0	0	0	0	0	0	0	0	0	0	0	0	0	0	0	0	0	0	0	0	0	12358	4360	16354	2628	0	0	0	0	0	0	180	0	246	0	0	0	0	0	0	0	0	0	0	0	0	0	0	0	0	0	0	0	0	0	0	0	0	0	0	0	0	0	0	0	0	0	
541248	Cingulum_Ant_R	0	0	7612	34190	0	12738	1430	3140	0	0	128	1568	156	2442	136	144	114	314	15424	16548	2318	1870	18804	37544	0	7836	856	3776	464	792	27020	0	7782	31424	0	0	0	0	0	0	0	0	0	0	0	0	0	0	0	0	0	0	0	0	0	0	0	0	0	0	0	0	0	0	0	0	0	0	0	0	3268	16716	1504	11292	0	308	238	532	0	0	0	0	0	196	0	0	0	0	0	0	0	0	0	0	0	0	0	0	0	0	0	0	0	0	0	0	0	0	0	0	0	0	0	0	0	0	
340116	Cingulum_Mid_L	392	138	12496	9106	0	212	2398	1576	0	0	0	1448	126	1656	142	196	0	368	23382	20574	0	0	10684	4594	0	0	0	0	338	1308	14618	7782	0	31516	4600	558	0	0	0	0	0	0	0	0	116	112	0	0	342	136	478	0	0	0	0	0	0	146	0	0	0	0	0	0	0	0	2918	622	3936	3516	2578	1598	1430	468	150	0	0	732	114	0	0	0	0	232	226	0	0	0	0	0	0	0	0	0	0	0	0	0	0	0	0	0	0	0	0	0	0	0	0	0	0	0	0	0	0	0	
725940	Cingulum_Mid_R	3174	896	13142	36790	0	1420	1562	9500	0	378	260	1940	310	7616	354	1392	148	0	39352	60000	0	0	22194	23482	0	0	0	0	916	3552	12898	31424	31516	0	998	2670	0	240	0	0	0	0	0	436	0	1296	0	0	0	1196	0	692	0	0	0	0	0	3112	0	0	0	0	0	106	0	0	452	3930	13562	13412	3278	6802	1174	3338	106	250	0	1026	154	0	0	0	0	0	0	256	0	0	0	0	0	0	0	0	0	0	0	0	0	0	0	0	0	0	0	0	0	0	0	0	268	0	0	0	0	0	
80308	Cingulum_Post_L	0	0	0	0	0	0	0	0	0	0	0	0	0	0	0	0	0	0	370	290	0	0	0	0	0	0	0	0	0	0	1056	0	4600	998	0	9170	3252	2602	1508	252	0	0	796	0	644	0	534	138	190	212	800	0	398	0	184	0	342	478	0	0	0	0	0	0	0	0	2128	2414	3070	562	0	0	0	0	0	0	1066	1144	0	0	0	0	0	0	220	0	0	0	192	0	0	0	0	0	0	0	136	0	0	0	0	0	0	0	0	0	0	0	0	0	408	0	0	0	0	0	
101020	Cingulum_Post_R	0	0	0	0	0	0	0	0	0	0	0	0	0	0	0	0	0	0	156	222	0	0	120	0	0	0	0	0	0	0	0	0	558	2670	9170	0	2956	3644	1250	514	0	0	0	1194	0	1136	0	1004	0	1916	146	768	146	662	290	224	0	244	0	0	0	0	0	0	0	0	1334	10662	792	412	0	0	0	0	0	0	1324	1234	0	0	0	0	0	0	0	676	0	0	166	106	0	0	0	0	0	0	0	0	0	0	0	0	0	0	0	0	0	0	0	0	4814	0	0	0	0	0	
175108	Hippocampus_L	5866	0	1380	0	220	0	968	0	190	0	324	0	912	0	294	0	876	0	1994	0	298	0	0	0	0	0	0	0	11670	0	0	0	0	0	3252	2956	0	2832	6058	1068	4194	0	704	0	0	0	882	128	0	0	0	0	0	0	4196	0	958	0	0	0	182	0	0	0	144	0	1034	1222	1516	0	740	0	9596	0	1756	0	7338	1786	2732	0	978	0	1680	0	402	0	138	0	3618	0	0	0	0	0	0	0	242	0	0	0	0	0	0	0	0	0	0	0	0	0	230	0	0	0	0	0	
199220	Hippocampus_R	340	6278	0	1762	0	0	0	760	0	0	0	798	0	264	0	178	0	860	686	2666	0	834	0	0	0	0	0	0	0	6896	0	0	0	240	2602	3644	2832	0	1626	14398	0	7984	0	376	0	0	0	858	0	108	0	0	0	702	590	11318	0	112	0	0	0	0	0	120	0	118	0	1926	1158	1136	270	108	0	12366	0	1954	1856	4484	0	0	0	252	0	596	0	148	0	0	0	2912	0	0	0	0	0	0	0	214	0	0	0	0	0	0	0	0	0	0	0	0	280	0	0	0	0	0	
70064	ParaHippocampal_L	0	0	0	0	0	0	0	0	0	0	0	0	0	0	0	0	0	0	110	0	0	0	0	0	0	0	0	0	608	0	0	0	0	0	1508	1250	6058	1626	0	1020	286	0	678	0	0	0	2850	120	288	0	3016	0	2252	0	4516	0	0	0	0	0	0	0	0	0	0	0	994	788	116	0	0	0	154	0	0	0	2644	1546	136	0	0	0	144	0	878	0	0	0	540	0	0	0	0	0	0	0	564	0	220	0	0	0	0	0	0	0	0	0	0	122	0	0	0	0	0	0	
98316	ParaHippocampal_R	0	686	0	422	0	0	0	268	0	0	0	276	0	130	0	0	0	394	132	546	0	0	0	0	0	0	0	0	0	716	0	0	0	0	252	514	1068	14398	1020	0	0	2994	0	264	0	0	0	2340	0	128	0	142	0	1196	426	8382	0	0	0	0	0	0	0	0	0	120	0	1068	0	0	0	0	0	2946	0	1432	1098	2460	0	0	0	0	0	556	0	0	0	0	0	1156	0	0	0	0	0	0	0	1312	0	0	0	0	0	0	0	134	0	0	0	0	182	0	0	0	0	0	
21404	Amygdala_L	0	0	0	0	376	0	0	0	188	0	0	0	0	0	420	0	0	0	0	0	672	0	0	0	0	0	150	0	1472	0	0	0	0	0	0	0	4194	0	286	0	0	0	0	0	0	0	0	0	0	0	0	0	0	0	1928	0	0	0	0	0	0	0	0	0	0	0	0	0	0	0	0	0	0	0	0	0	0	0	0	0	0	0	598	0	0	0	0	0	418	0	0	0	0	0	0	0	0	0	0	0	0	0	0	0	0	0	0	0	0	0	0	0	0	0	0	0	
35360	Amygdala_R	0	0	0	0	0	0	0	0	0	0	0	0	0	0	0	0	0	0	0	0	0	1252	0	0	0	0	0	0	0	2240	0	0	0	0	0	0	0	7984	0	2994	0	0	0	0	0	0	0	0	0	0	0	0	0	0	0	2110	0	0	0	0	0	0	0	0	0	0	0	0	0	0	0	0	0	392	0	0	0	0	0	0	0	0	0	708	0	0	0	0	0	0	0	0	0	0	0	0	0	0	0	0	0	0	0	0	0	0	0	0	0	0	0	0	0	0	0	0	
91768	Calcarine_L	0	0	0	0	0	0	0	0	0	0	0	0	0	0	0	0	0	0	0	0	0	0	0	0	0	0	0	0	112	0	0	0	0	0	796	0	704	0	678	0	0	0	0	1626	7030	456	3940	1146	4816	522	9320	196	2598	0	700	168	0	0	0	0	0	0	0	0	0	0	7694	0	0	0	0	0	0	0	0	0	158	0	114	0	202	0	0	0	2216	0	0	0	426	0	0	0	0	0	0	0	266	0	0	0	0	0	0	0	0	0	0	0	0	0	0	0	0	0	0	0	
146396	Calcarine_R	0	0	0	0	0	0	0	0	0	0	0	0	0	0	0	0	0	0	0	544	0	0	0	0	0	0	0	0	0	0	0	0	0	436	0	1194	0	376	0	264	0	0	1626	0	780	11840	0	10234	0	14682	0	9288	0	5142	0	2400	0	0	0	0	0	0	0	0	0	206	180	7654	114	698	0	0	0	0	0	0	0	0	0	0	0	0	0	0	0	3060	0	0	0	1578	0	0	0	0	0	0	0	0	0	0	0	0	0	0	0	0	0	0	0	0	902	0	0	0	0	0	
104040	Cuneus_L	106	0	0	0	0	0	0	0	0	0	0	0	0	0	0	0	184	0	0	0	0	0	0	0	0	0	0	0	116	0	0	0	116	0	644	0	0	0	0	0	0	0	7030	780	0	3340	590	0	11868	2316	9282	400	962	0	0	0	0	0	774	0	674	0	0	0	792	0	7644	0	540	0	0	0	0	0	0	0	0	0	208	0	300	0	0	0	2306	0	0	0	1048	0	0	0	0	0	0	0	0	0	0	0	0	0	0	0	0	0	0	0	0	0	0	0	0	0	0	0	
150600	Cuneus_R	0	0	0	0	0	0	0	0	0	0	0	0	0	0	0	0	0	0	0	176	0	0	0	0	0	0	0	0	0	0	0	0	112	1296	0	1136	0	0	0	0	0	0	456	11840	3340	0	0	2570	0	24002	0	10326	0	1388	0	716	0	410	0	764	0	136	0	0	0	614	1820	11260	118	572	0	0	0	0	0	0	0	0	0	0	0	0	0	0	0	1084	0	0	0	300	0	0	0	0	0	0	0	0	0	0	0	0	0	0	0	0	0	0	0	0	864	0	0	0	0	0	
138760	Lingual_L	0	0	0	0	0	0	0	0	0	0	0	0	0	0	0	0	0	0	0	0	0	0	0	0	0	0	0	0	0	0	0	0	0	0	534	0	882	0	2850	0	0	0	3940	0	590	0	0	570	1806	0	15198	0	6212	0	9836	110	0	0	0	0	0	0	0	0	0	0	1136	0	0	0	0	0	0	0	0	0	220	0	0	0	0	0	0	0	420	0	0	0	146	0	2758	638	1674	550	0	0	5508	136	8232	726	0	0	128	0	0	0	0	0	0	0	1426	1882	1272	0	0	0	
143740	Lingual_R	0	0	0	0	0	0	0	0	0	0	0	0	0	0	0	0	0	0	0	110	0	0	0	0	0	0	0	0	0	0	0	0	0	0	138	1004	128	858	120	2340	0	0	1146	10234	0	2570	570	0	0	3726	0	3164	0	3230	132	9582	0	0	0	0	0	0	0	0	0	0	0	3664	0	108	0	0	0	0	0	0	0	620	0	0	0	0	0	0	0	352	0	0	0	410	504	4738	372	342	0	0	180	3872	728	8206	0	0	0	0	0	0	0	0	0	0	3014	3574	2134	0	0	0	
127888	Occipital_Sup_L	0	0	0	0	0	0	0	0	0	0	0	0	0	0	0	0	0	0	0	0	0	0	0	0	0	0	0	0	0	0	0	0	342	0	190	0	0	0	288	0	0	0	4816	0	11868	0	1806	0	0	0	23100	0	1640	0	382	0	0	0	5144	0	228	0	0	0	1344	0	6626	0	254	0	0	0	0	0	0	0	0	0	0	0	0	0	0	0	5802	0	0	0	114	0	0	0	0	0	0	0	0	0	0	0	0	0	0	0	0	0	0	0	0	0	0	0	0	0	0	0	
237248	Occipital_Sup_R	0	0	0	0	0	0	0	0	0	0	0	0	0	0	0	0	0	0	0	456	0	0	0	0	0	0	0	0	0	0	0	0	136	1196	212	1916	0	108	0	128	0	0	522	14682	2316	24002	0	3726	0	0	0	19146	0	1964	0	1102	0	1176	0	1492	0	874	0	0	0	2582	2352	16654	552	1568	0	0	0	0	0	0	0	0	0	0	0	570	0	0	0	14194	0	0	0	3688	0	0	0	0	0	0	0	0	0	0	0	0	0	0	0	0	0	0	0	0	1310	0	0	0	0	0	
363340	Occipital_Mid_L	754	0	0	0	0	0	0	0	0	0	0	0	0	0	0	0	2330	0	0	0	0	0	0	0	0	0	0	0	1840	0	0	0	478	0	800	146	0	0	3016	0	0	0	9320	0	9282	0	15198	0	23100	0	0	0	16762	0	9322	0	4536	0	9746	0	7462	0	0	0	13380	0	8926	0	3566	0	0	0	0	0	0	0	138	0	1434	0	3076	0	0	0	30858	0	0	0	6200	0	0	0	0	0	0	0	0	0	0	0	0	0	0	0	0	0	0	0	0	0	0	0	0	0	0	0	
161168	Occipital_Mid_R	0	0	0	0	0	0	0	0	0	0	0	0	0	0	0	0	0	0	0	448	0	0	0	0	0	0	0	0	0	0	0	0	0	692	0	768	0	0	0	142	0	0	196	9288	400	10326	0	3164	0	19146	0	0	0	2928	0	1890	0	0	0	1026	0	5170	0	0	0	9018	336	6490	332	500	0	0	0	0	0	0	0	0	0	0	0	0	0	0	0	6946	0	0	0	870	0	0	0	0	0	0	0	0	0	0	0	0	0	0	0	0	0	0	0	0	508	0	0	0	0	0	
90228	Occipital_Inf_L	174	0	0	0	0	0	0	0	0	0	0	0	0	0	0	0	114	0	0	0	0	0	0	0	0	0	0	0	800	0	0	0	0	0	398	146	0	0	2252	0	0	0	2598	0	962	0	6212	0	1640	0	16762	0	0	0	9148	0	0	0	0	0	0	0	0	0	0	0	352	0	282	0	0	0	0	0	0	0	0	0	348	0	200	0	0	0	1316	0	0	0	1410	0	0	0	0	0	0	0	0	0	0	0	0	0	0	0	0	0	0	0	0	0	0	0	0	0	0	0	
61800	Occipital_Inf_R	0	272	0	0	0	0	0	0	0	0	0	0	0	0	0	0	0	0	0	440	0	0	0	0	0	0	0	0	0	0	0	0	0	0	0	662	0	702	0	1196	0	0	0	5142	0	1388	0	3230	0	1964	0	2928	0	0	0	4706	0	0	0	0	0	0	0	0	0	0	0	2716	200	518	0	0	0	0	0	0	0	0	0	0	0	0	0	0	0	560	0	0	0	3408	0	0	0	0	0	0	0	184	0	134	0	0	0	0	0	0	0	0	0	0	550	0	0	0	0	0	
232104	Fusiform_L	0	0	170	0	0	0	0	0	0	0	0	0	0	0	0	0	0	0	0	0	0	0	0	0	0	0	0	0	1750	0	0	0	0	0	184	290	4196	590	4516	426	1928	0	700	0	0	0	9836	132	382	0	9322	0	9148	0	0	0	0	0	0	0	0	0	0	0	0	0	0	206	0	0	0	0	112	0	0	0	776	578	800	0	1340	0	418	0	1410	0	644	0	7588	0	16874	126	1950	0	0	0	11062	0	22806	542	574	0	1544	0	264	0	124	0	0	0	1760	984	0	0	0	0	
196076	Fusiform_R	0	180	0	0	0	0	0	0	0	0	0	0	0	0	0	0	0	0	0	136	0	0	0	0	0	0	0	0	0	2068	0	0	0	0	0	224	0	11318	0	8382	0	2110	168	2400	0	716	110	9582	0	1102	0	1890	0	4706	0	0	0	0	0	0	0	0	0	0	0	174	0	802	0	144	0	0	0	560	0	118	0	0	0	0	0	1888	0	2172	0	2362	0	500	0	9334	174	9884	0	116	0	0	148	4588	242	13366	0	0	0	282	0	310	0	0	0	0	2282	2070	1036	194	200	0	
298480	Postcentral_L	33892	0	10864	152	0	0	1678	0	0	0	5848	0	4786	0	0	0	13042	0	10060	112	0	0	0	0	0	0	0	0	8494	0	0	0	0	0	342	0	958	0	0	0	0	0	0	0	0	0	0	0	0	0	4536	0	0	0	0	0	0	0	7000	0	21864	0	5328	0	1284	0	1022	0	5356	0	452	530	3370	0	440	0	208	398	2632	0	3218	0	280	0	816	0	0	0	278	0	0	0	0	0	0	0	0	0	0	0	0	0	0	0	0	0	0	0	0	0	0	0	0	0	0	0	
163132	Postcentral_R	204	17224	0	1508	0	0	0	1078	0	0	0	1050	0	0	0	0	0	7620	1566	2106	0	0	0	0	0	0	0	0	0	2680	0	0	146	3112	478	244	0	112	0	0	0	0	0	0	0	410	0	0	0	1176	0	0	0	0	0	0	0	0	0	1866	0	5964	0	15542	0	1492	222	1954	2186	8342	0	0	0	928	0	0	0	130	0	518	0	368	0	352	0	988	0	0	0	0	0	0	0	0	0	0	0	0	0	0	0	0	0	0	0	0	0	0	0	0	0	0	0	0	0	0	
96032	Parietal_Sup_L	0	0	0	0	0	0	0	0	0	0	0	0	0	0	0	0	1402	0	0	0	0	0	0	0	0	0	0	0	0	0	0	0	0	0	0	0	0	0	0	0	0	0	0	0	774	0	0	0	5144	0	9746	0	0	0	0	0	7000	0	0	0	7104	0	0	0	2198	0	9814	0	1288	0	0	0	0	0	0	0	0	0	0	0	1386	0	0	0	1960	0	0	0	200	0	0	0	0	0	0	0	0	0	0	0	0	0	0	0	0	0	0	0	0	0	0	0	0	0	0	0	
29216	Parietal_Sup_R	0	0	0	0	0	0	0	0	0	0	0	0	0	0	0	0	0	0	0	0	0	0	0	0	0	0	0	0	0	0	0	0	0	0	0	0	0	0	0	0	0	0	0	0	0	764	0	0	0	1492	0	1026	0	0	0	0	0	1866	0	0	0	1064	0	158	0	1788	808	4482	0	938	0	0	0	0	0	0	0	0	0	0	0	0	0	0	0	222	0	0	0	0	0	0	0	0	0	0	0	0	0	0	0	0	0	0	0	0	0	0	0	0	0	0	0	0	0	0	
158624	Parietal_Inf_L	5238	0	1344	0	0	0	668	0	0	0	138	0	410	0	0	0	322	0	770	0	0	0	0	0	0	0	0	0	814	0	0	0	0	0	0	0	182	0	0	0	0	0	0	0	674	0	0	0	228	0	7462	0	0	0	0	0	21864	0	7104	0	0	0	12486	0	12578	0	714	0	1636	0	0	0	430	0	210	0	332	0	0	0	1048	0	0	0	1854	0	0	0	806	0	0	0	0	0	0	0	0	0	0	0	0	0	0	0	0	0	0	0	0	0	0	0	0	0	0	0	
85164	Parietal_Inf_R	0	1304	0	0	0	0	0	122	0	0	0	0	0	0	0	0	0	578	0	340	0	0	0	0	0	0	0	0	0	0	0	0	0	0	0	0	0	0	0	0	0	0	0	0	0	136	0	0	0	874	0	5170	0	0	0	0	0	5964	0	1064	0	0	0	11378	0	11480	222	1006	0	796	0	0	0	0	0	0	0	0	0	0	0	426	0	0	0	1722	0	0	0	0	0	0	0	0	0	0	0	0	0	0	0	0	0	0	0	0	0	0	0	0	0	0	0	0	0	0	
79200	SupraMarginal_L	818	0	574	0	0	0	378	0	0	0	0	0	230	0	0	0	1056	0	352	0	0	0	0	0	0	0	0	0	366	0	0	0	0	0	0	0	0	0	0	0	0	0	0	0	0	0	0	0	0	0	0	0	0	0	0	0	5328	0	0	0	12486	0	0	0	7278	0	0	0	0	0	0	0	118	0	0	0	0	0	0	0	3722	0	0	0	4106	0	0	0	2788	0	0	0	0	0	0	0	0	0	0	0	0	0	0	0	0	0	0	0	0	0	0	0	0	0	0	0	
101192	SupraMarginal_R	0	4092	0	0	0	0	0	490	0	0	0	0	0	0	0	0	0	4542	0	906	0	0	0	0	0	0	0	0	0	680	0	0	0	106	0	0	0	120	0	0	0	0	0	0	0	0	0	0	0	0	0	0	0	0	0	0	0	15542	0	158	0	11378	0	0	0	4874	374	498	0	1494	0	0	0	0	0	0	0	0	0	468	0	4648	0	0	0	226	0	0	0	0	0	0	0	0	0	0	0	0	0	0	0	0	0	0	0	0	0	0	0	0	0	0	0	0	0	0	
98772	Angular_L	108	0	0	0	0	0	0	0	0	0	0	0	0	0	0	0	326	0	0	0	0	0	0	0	0	0	0	0	0	0	0	0	0	0	0	0	144	0	0	0	0	0	0	0	792	0	0	0	1344	0	13380	0	0	0	0	0	1284	0	2198	0	12578	0	7278	0	0	0	814	0	1202	0	0	0	158	0	0	0	294	0	0	0	782	0	0	0	4672	0	0	0	2032	0	0	0	0	0	0	0	0	0	0	0	0	0	0	0	0	0	0	0	0	0	0	0	0	0	0	0	
81452	Angular_R	0	588	0	0	0	0	0	0	0	0	0	0	0	0	0	0	0	200	0	0	0	0	0	0	0	0	0	0	0	106	0	0	0	0	0	0	0	118	0	120	0	0	0	206	0	614	0	0	0	2582	0	9018	0	0	0	174	0	1492	0	1788	0	11480	0	4874	0	0	258	1754	0	408	0	0	0	0	0	0	0	0	0	0	0	720	0	0	0	4106	0	0	0	120	0	0	0	0	0	0	0	0	0	0	0	0	0	0	0	0	0	0	0	0	0	0	0	0	0	0	
161892	Precuneus_L	0	194	0	0	0	0	0	0	0	0	0	0	0	0	0	0	120	0	108	138	0	0	0	0	0	0	0	0	0	118	0	0	2918	452	2128	1334	1034	0	994	0	0	0	7694	180	7644	1820	1136	0	6626	2352	8926	336	352	0	0	0	1022	222	9814	808	714	222	0	374	814	258	0	8960	2410	156	0	0	0	0	0	0	240	0	130	0	250	214	0	0	4618	1374	0	0	824	342	0	0	0	0	0	0	288	0	0	0	0	0	0	0	0	0	0	0	0	0	288	0	0	0	0	0	
239416	Precuneus_R	0	392	0	110	0	0	0	0	0	0	0	0	0	0	0	0	0	0	176	1044	0	0	0	0	0	0	0	0	0	164	0	0	622	3930	2414	10662	1222	1926	788	1068	0	0	0	7654	0	11260	0	3664	0	16654	0	6490	0	2716	206	802	0	1954	0	4482	0	1006	0	498	0	1754	8960	0	1670	3336	0	0	0	0	0	0	758	1348	0	0	0	386	0	0	0	7678	0	0	0	4048	0	0	0	0	0	0	0	354	0	0	0	0	0	0	0	0	0	0	0	0	7512	0	0	0	0	0	
366796	Paracentral_Lobule_L	32264	922	2058	166	0	0	900	0	0	0	106	0	0	0	0	0	922	0	33536	15314	0	0	0	0	0	0	0	0	532	0	0	0	3936	13562	3070	792	1516	1158	116	0	0	0	0	114	540	118	0	0	254	552	3566	332	282	200	0	0	5356	2186	1288	0	1636	0	0	0	1202	0	2410	1670	0	9376	4834	292	1194	0	1836	0	27532	1628	284	0	912	0	0	0	1514	462	0	0	958	0	0	0	0	0	0	0	0	0	0	0	0	0	0	0	0	0	0	0	0	0	0	0	0	0	0	0	
191716	Paracentral_Lobule_R	2574	6228	592	812	0	0	0	0	0	0	0	0	0	0	0	0	0	196	4530	24590	0	0	0	0	0	0	0	0	0	374	0	0	3516	13412	562	412	0	1136	0	0	0	0	0	698	0	572	0	108	0	1568	0	500	0	518	0	144	0	8342	0	938	0	796	0	1494	0	408	156	3336	9376	0	278	596	116	0	0	0	0	2598	0	0	0	0	0	0	0	3688	0	0	0	546	0	0	0	0	0	0	0	0	0	0	0	0	0	0	0	0	0	0	0	0	148	0	0	0	0	0	
449836	Caudate_L	5396	792	21848	7520	2894	662	3414	3864	792	0	1104	2506	2436	772	5022	732	1240	122	28310	9142	9030	8342	2794	622	404	0	2610	1874	5592	1040	12358	3268	2578	3278	0	0	740	270	0	0	0	0	0	0	0	0	0	0	0	0	0	0	0	0	0	0	452	0	0	0	0	0	0	0	0	0	0	0	4834	278	0	19628	30244	3158	3456	376	6680	958	506	0	334	0	438	208	0	0	0	0	0	0	0	0	0	0	0	0	0	0	0	0	0	0	0	0	0	0	0	0	0	0	0	0	0	0	0	0	
601972	Caudate_R	924	906	5438	33206	1100	16296	902	6754	366	1070	482	4082	278	2396	1776	1556	364	502	25478	44098	6840	6932	818	10876	0	5220	1538	3550	1620	3814	4360	16716	1598	6802	0	0	0	108	0	0	0	0	0	0	0	0	0	0	0	0	0	0	0	0	0	0	530	0	0	0	0	0	0	0	0	0	0	0	292	596	19628	0	8202	25902	574	4090	376	21092	0	0	108	0	256	574	0	0	0	0	0	0	0	0	0	0	0	0	0	0	0	0	0	0	0	0	0	0	0	0	0	0	0	0	0	0	0	0	
667144	Putamen_L	10992	168	43326	1988	21686	0	12102	1152	11030	0	5758	550	5752	236	18990	228	6344	0	37476	4112	3966	3302	6716	504	978	0	610	122	37444	312	16354	1504	1430	1174	0	0	9596	0	154	0	0	0	0	0	0	0	0	0	0	0	0	0	0	0	112	0	3370	0	0	0	430	0	118	0	158	0	0	0	1194	116	30244	8202	0	1278	12286	242	2770	552	1222	0	2120	0	2680	0	214	0	0	0	208	0	0	0	0	0	0	0	0	0	0	0	0	0	0	0	0	0	0	0	0	0	0	0	0	0	0	0	
468996	Putamen_R	0	6554	694	23336	110	19002	140	4324	0	4418	0	8604	0	6342	184	3710	0	4362	15288	18510	1714	1670	476	8228	0	4134	382	2538	160	24362	2628	11292	468	3338	0	0	0	12366	0	2946	0	392	0	0	0	0	0	0	0	0	0	0	0	0	0	560	0	928	0	0	0	0	0	0	0	0	0	0	0	0	3158	25902	1278	0	120	7292	152	1410	0	0	0	0	0	626	0	0	0	0	0	400	0	0	0	0	0	0	0	0	0	0	0	0	0	0	0	0	0	0	0	0	0	0	0	0	0	0	
98436	Pallidum_L	5988	0	4202	274	0	0	1326	106	0	0	1156	118	1040	0	0	0	1084	0	6234	462	172	148	0	0	0	0	0	0	2290	0	0	0	150	106	0	0	1756	0	0	0	0	0	0	0	0	0	0	0	0	0	0	0	0	0	0	0	440	0	0	0	210	0	0	0	0	0	0	0	1836	0	3456	574	12286	120	0	0	2942	0	0	0	364	0	378	0	0	0	0	0	0	0	0	0	0	0	0	0	0	0	0	0	0	0	0	0	0	0	0	0	0	0	0	0	0	0	0	0	
67864	Pallidum_R	0	1228	108	4566	0	386	0	1296	0	0	0	1436	0	432	0	0	0	876	946	3890	182	0	0	324	0	134	0	0	0	1866	0	308	0	250	0	0	0	1954	0	1432	0	0	0	0	0	0	0	0	0	0	0	0	0	0	0	118	0	0	0	0	0	0	0	0	0	0	0	0	0	0	376	4090	242	7292	0	0	0	200	0	0	0	0	0	0	0	0	0	0	0	0	0	0	0	0	0	0	0	0	0	0	0	0	0	0	0	0	0	0	0	0	0	0	0	0	0	0	
211768	Thalamus_L	17590	0	1170	206	128	130	360	0	0	0	0	0	0	0	212	0	0	0	23594	114	0	0	0	0	0	0	0	0	956	0	0	238	0	0	1066	1324	7338	1856	2644	1098	0	0	158	0	0	0	220	0	0	0	138	0	0	0	776	0	208	0	0	0	332	0	0	0	294	0	240	758	27532	0	6680	376	2770	152	2942	0	0	1908	244	0	132	0	0	0	0	0	0	0	0	0	0	0	0	0	0	0	0	0	0	0	0	0	0	0	0	0	0	0	0	0	0	0	0	0	0	0	
204252	Thalamus_R	1340	6034	926	5472	198	162	0	518	0	0	226	254	0	0	178	0	150	0	2046	34772	0	0	0	360	0	0	0	0	458	340	0	532	732	1026	1144	1234	1786	4484	1546	2460	0	0	0	0	0	0	0	620	0	0	0	0	0	0	578	0	398	130	0	0	0	0	0	0	0	0	0	1348	1628	2598	958	21092	552	1410	0	200	1908	0	0	0	0	0	0	0	0	0	0	0	0	0	0	0	0	0	0	0	0	106	0	0	0	0	0	0	0	0	0	0	0	0	222	0	0	0	0	0	
96140	Heschl_L	4372	0	2584	0	0	0	604	0	0	0	204	0	516	0	0	0	5568	0	2182	178	0	0	0	0	0	0	0	0	11284	0	0	0	114	154	0	0	2732	0	136	0	0	0	114	0	208	0	0	0	0	0	1434	0	348	0	800	0	2632	0	0	0	0	0	0	0	0	0	130	0	284	0	506	0	1222	0	0	0	244	0	0	0	4850	0	0	0	2060	0	0	0	2610	0	0	0	0	0	0	0	0	0	0	0	0	0	0	0	0	0	0	0	0	0	0	0	0	0	0	0	
18200	Heschl_R	0	192	0	760	0	0	0	0	0	0	0	106	0	0	0	0	0	2352	694	776	0	0	0	0	0	0	0	0	0	1202	0	0	0	0	0	0	0	0	0	0	0	0	0	0	0	0	0	0	0	0	0	0	0	0	0	0	0	518	0	0	0	0	0	468	0	0	0	0	0	0	0	0	0	0	0	0	0	0	0	0	0	1916	0	0	0	116	0	0	0	0	0	0	0	0	0	0	0	0	0	0	0	0	0	0	0	0	0	0	0	0	0	0	0	0	0	0	
207104	Temporal_Sup_L	2444	0	5344	0	120	0	2650	0	0	0	5748	0	422	0	328	0	12914	0	2308	0	0	0	0	0	0	0	0	0	10258	0	180	0	0	0	0	0	978	0	0	0	0	0	202	0	300	0	0	0	0	0	3076	0	200	0	1340	0	3218	0	1386	0	1048	0	3722	0	782	0	250	0	912	0	334	108	2120	0	364	0	132	0	4850	0	0	0	9268	0	16504	0	0	0	9742	0	0	0	0	0	0	0	0	0	0	0	0	0	0	0	0	0	0	0	0	0	0	0	0	0	0	0	
58016	Temporal_Sup_R	0	204	0	796	0	0	0	0	0	0	0	0	0	0	0	0	0	3364	708	846	0	0	0	0	0	0	0	0	0	2156	0	0	0	0	0	0	0	252	0	0	0	0	0	0	0	0	0	0	0	570	0	0	0	0	0	1888	0	368	0	0	0	426	0	4648	0	720	214	386	0	0	0	0	0	0	0	0	0	0	0	1916	0	0	0	3050	0	3314	0	220	0	2962	0	0	0	0	0	0	0	0	0	0	0	0	0	0	0	0	0	0	0	0	0	0	0	0	0	0	
148688	Temporal_Pole_Sup_L	1116	0	5782	132	626	0	3652	0	304	0	8592	0	954	0	2116	0	8592	0	1218	142	406	0	0	0	0	0	0	0	12360	0	246	0	0	0	0	0	1680	0	144	0	598	0	0	0	0	0	0	0	0	0	0	0	0	0	418	0	280	0	0	0	0	0	0	0	0	0	0	0	0	0	438	256	2680	0	378	0	0	0	0	0	9268	0	0	0	5912	0	2490	0	3564	0	0	0	0	0	0	0	0	0	0	0	0	0	0	0	0	0	0	0	0	0	0	0	0	0	0	0	
76412	Temporal_Pole_Sup_R	0	334	150	2642	0	0	0	166	0	0	0	3396	0	214	0	198	0	5276	3080	3714	0	0	0	0	0	0	0	0	0	4952	0	196	232	0	0	0	0	596	0	556	0	708	0	0	0	0	0	0	0	0	0	0	0	0	0	2172	0	352	0	0	0	0	0	0	0	0	0	0	0	0	208	574	0	626	0	0	0	0	0	0	0	3050	0	0	0	1928	0	1054	0	1832	0	0	0	0	0	0	0	0	0	0	0	0	0	0	0	0	0	0	0	0	0	0	0	0	0	0	
251136	Temporal_Mid_L	570	0	0	0	0	0	0	0	0	0	0	0	0	0	0	0	1158	0	0	0	0	0	0	0	0	0	0	0	1652	0	0	0	226	0	220	0	402	0	878	0	0	0	2216	0	2306	0	420	0	5802	0	30858	0	1316	0	1410	0	816	0	1960	0	1854	0	4106	0	4672	0	4618	0	1514	0	0	0	214	0	0	0	0	0	2060	0	16504	0	5912	0	0	0	3214	0	28690	0	0	0	0	0	0	0	0	0	0	0	0	0	0	0	0	0	0	0	0	0	0	0	0	0	0	0	
141892	Temporal_Mid_R	124	242	0	0	0	0	0	0	0	0	0	0	0	0	0	0	0	0	0	2228	0	0	0	0	0	0	0	0	0	946	0	0	0	256	0	676	0	148	0	0	0	0	0	3060	0	1084	0	352	0	14194	0	6946	0	560	0	2362	0	988	0	222	0	1722	0	226	0	4106	1374	7678	462	3688	0	0	0	0	0	0	0	0	0	116	0	3314	0	1928	0	0	0	648	0	10780	0	0	0	0	0	0	0	0	0	0	0	0	0	0	0	0	0	0	0	0	516	0	0	0	0	0	
17992	Temporal_Pole_Mid_L	0	0	0	0	0	0	0	0	0	0	0	0	0	0	0	0	0	0	0	0	0	0	0	0	0	0	0	0	0	0	0	0	0	0	0	0	138	0	0	0	0	0	0	0	0	0	0	0	0	0	0	0	0	0	644	0	0	0	0	0	0	0	0	0	0	0	0	0	0	0	0	0	0	0	0	0	0	0	0	0	0	0	2490	0	3214	0	0	0	2510	0	0	0	0	0	0	0	0	0	0	0	0	0	0	0	0	0	0	0	0	0	0	0	0	0	0	0	
5612	Temporal_Pole_Mid_R	0	0	0	0	0	0	0	0	0	0	0	0	0	0	0	0	0	0	0	0	0	0	0	0	0	0	0	0	0	0	0	0	0	0	0	0	0	0	0	0	0	0	0	0	0	0	0	0	0	0	0	0	0	0	0	500	0	0	0	0	0	0	0	0	0	0	0	0	0	0	0	0	0	0	0	0	0	0	0	0	0	220	0	1054	0	648	0	0	0	384	0	0	0	0	0	0	0	0	0	0	0	0	0	0	0	0	0	0	0	0	0	0	0	0	0	0	
165008	Temporal_Inf_L	354	0	190	0	0	0	0	0	0	0	0	0	0	0	0	0	722	0	138	0	0	0	0	0	0	0	0	0	2348	0	0	0	0	0	192	166	3618	0	540	0	418	0	426	0	1048	0	146	0	114	0	6200	0	1410	0	7588	0	278	0	200	0	806	0	2788	0	2032	0	824	0	958	0	0	0	208	0	0	0	0	0	2610	0	9742	0	3564	0	28690	0	2510	0	0	0	1394	0	148	0	0	0	0	0	134	0	0	0	0	0	0	0	0	0	0	0	0	0	0	0	0	0	
96372	Temporal_Inf_R	0	152	0	0	0	0	0	0	0	0	0	0	0	0	0	0	0	0	0	414	0	0	0	0	0	0	0	0	0	1360	0	0	0	0	0	106	0	2912	0	1156	0	0	0	1578	0	300	0	410	0	3688	0	870	0	3408	0	9334	0	0	0	0	0	0	0	0	0	120	342	4048	0	546	0	0	0	400	0	0	0	0	0	0	0	2962	0	1832	0	10780	0	384	0	0	0	926	0	0	0	0	0	0	0	0	0	0	0	0	0	0	0	0	0	0	158	0	0	0	0	0	
475036	Cerebelum_Crus1_L	0	0	0	0	0	0	0	0	0	0	0	0	0	0	0	0	0	0	0	0	0	0	0	0	0	0	0	0	0	0	0	0	0	0	0	0	0	0	0	0	0	0	0	0	0	0	2758	504	0	0	0	0	0	0	16874	174	0	0	0	0	0	0	0	0	0	0	0	0	0	0	0	0	0	0	0	0	0	0	0	0	0	0	0	0	0	0	0	0	1394	0	0	3024	38104	2438	2144	0	34754	0	68652	3020	7744	0	24402	0	8936	194	2956	0	0	648	6618	4330	5264	1166	1238	182	
421272	Cerebelum_Crus1_R	0	0	0	0	0	0	0	0	0	0	0	0	0	0	0	0	0	0	0	0	0	0	0	0	0	0	0	0	0	0	0	0	0	0	0	0	0	0	0	0	0	0	0	0	0	0	638	4738	0	0	0	0	0	0	126	9884	0	0	0	0	0	0	0	0	0	0	0	0	0	0	0	0	0	0	0	0	0	0	0	0	0	0	0	0	0	0	0	0	0	926	3024	0	2426	33404	0	2970	556	17218	1806	60426	254	3846	764	28436	198	12792	0	766	0	580	3854	5578	9950	2946	2530	0	
403432	Cerebelum_Crus2_L	0	0	0	0	0	0	0	0	0	0	0	0	0	0	0	0	0	0	0	0	0	0	0	0	0	0	0	0	0	0	0	0	0	0	0	0	0	0	0	0	0	0	0	0	0	0	1674	372	0	0	0	0	0	0	1950	0	0	0	0	0	0	0	0	0	0	0	0	0	0	0	0	0	0	0	0	0	0	0	0	0	0	0	0	0	0	0	0	0	148	0	38104	2426	0	11420	362	0	7348	0	14584	1064	40378	3848	44716	1780	9526	124	2414	0	0	180	1022	1324	10920	5008	1024	0	
337672	Cerebelum_Crus2_R	0	0	0	0	0	0	0	0	0	0	0	0	0	0	0	0	0	0	0	0	0	0	0	0	0	0	0	0	0	0	0	0	0	0	0	0	0	0	0	0	0	0	0	0	0	0	550	342	0	0	0	0	0	0	0	116	0	0	0	0	0	0	0	0	0	0	0	0	0	0	0	0	0	0	0	0	0	0	0	0	0	0	0	0	0	0	0	0	0	0	2438	33404	11420	0	0	354	0	1238	982	5716	7740	22742	7178	38318	150	9100	0	428	0	0	118	1212	12686	9960	2644	0	
47616	Cerebelum_3_L	0	0	0	0	0	0	0	0	0	0	0	0	0	0	0	0	0	0	0	0	0	0	0	0	0	0	0	0	0	0	0	0	0	0	0	0	0	0	0	0	0	0	0	0	0	0	0	0	0	0	0	0	0	0	0	0	0	0	0	0	0	0	0	0	0	0	0	0	0	0	0	0	0	0	0	0	0	0	0	0	0	0	0	0	0	0	0	0	0	0	2144	0	362	0	0	226	7342	0	2458	144	0	0	1358	0	2488	266	0	0	970	2626	1566	710	290	242	316	300	
32824	Cerebelum_3_R	0	0	0	0	0	0	0	0	0	0	0	0	0	0	0	0	0	0	0	0	0	0	0	0	0	0	0	0	0	0	0	0	0	0	0	0	0	0	0	0	0	0	0	0	0	0	0	0	0	0	0	0	0	0	0	0	0	0	0	0	0	0	0	0	0	0	0	0	0	0	0	0	0	0	0	0	0	0	0	0	0	0	0	0	0	0	0	0	0	0	0	2970	0	354	226	0	144	3904	0	3938	0	0	0	1134	0	536	0	0	140	1234	742	0	428	356	306	0	
304668	Cerebelum_4_5_L	0	0	0	0	0	0	0	0	0	0	0	0	0	0	0	0	0	0	0	0	0	0	0	0	0	0	0	0	0	0	0	0	0	0	136	0	242	0	564	0	0	0	266	0	0	0	5508	180	0	0	0	0	0	0	11062	148	0	0	0	0	0	0	0	0	0	0	288	0	0	0	0	0	0	0	0	0	0	0	0	0	0	0	0	0	0	0	0	0	0	0	34754	556	7348	0	7342	144	0	362	47596	2262	1182	0	5862	0	5076	696	708	0	284	1562	12726	3026	328	442	796	888	
158036	Cerebelum_4_5_R	0	0	0	0	0	0	0	0	0	0	0	0	0	0	0	0	0	0	0	0	0	0	0	0	0	0	0	0	0	0	0	0	0	0	0	0	0	214	0	1312	0	0	0	0	0	0	136	3872	0	0	0	0	0	184	0	4588	0	0	0	0	0	0	0	0	0	0	0	354	0	0	0	0	0	0	0	0	0	106	0	0	0	0	0	0	0	0	0	0	0	0	0	17218	0	1238	0	3904	362	0	226	26614	0	0	0	3654	0	2882	0	0	0	588	8130	368	1024	896	1148	0	
448276	Cerebelum_6_L	0	0	0	0	0	0	0	0	0	0	0	0	0	0	0	0	0	0	0	0	0	0	0	0	0	0	0	0	0	0	0	0	0	0	0	0	0	0	220	0	0	0	0	0	0	0	8232	728	0	0	0	0	0	0	22806	242	0	0	0	0	0	0	0	0	0	0	0	0	0	0	0	0	0	0	0	0	0	0	0	0	0	0	0	0	0	0	0	0	134	0	68652	1806	14584	982	2458	0	47596	226	0	3768	3162	0	14754	0	6954	396	2240	0	0	682	11004	6992	3210	888	1116	306	
362316	Cerebelum_6_R	0	0	0	0	0	0	0	0	0	0	0	0	0	0	0	0	0	0	0	0	0	0	0	0	0	0	0	0	0	0	0	0	0	0	0	0	0	0	0	0	0	0	0	0	0	0	726	8206	0	0	0	0	0	134	542	13366	0	0	0	0	0	0	0	0	0	0	0	0	0	0	0	0	0	0	0	0	0	0	0	0	0	0	0	0	0	0	0	0	0	0	3020	60426	1064	5716	144	3938	2262	26614	3768	0	0	536	114	9726	488	5150	0	192	0	690	12842	9154	7664	2268	2408	0	
269568	Cerebelum_7b_L	0	0	0	0	0	0	0	0	0	0	0	0	0	0	0	0	0	0	0	0	0	0	0	0	0	0	0	0	0	0	0	0	0	0	0	0	0	0	0	0	0	0	0	0	0	0	0	0	0	0	0	0	0	0	574	0	0	0	0	0	0	0	0	0	0	0	0	0	0	0	0	0	0	0	0	0	0	0	0	0	0	0	0	0	0	0	0	0	0	0	7744	254	40378	7740	0	0	1182	0	3162	0	0	3312	45516	2446	11200	0	332	0	0	0	0	0	5584	4950	410	0	
148780	Cerebelum_7b_R	0	0	0	0	0	0	0	0	0	0	0	0	0	0	0	0	0	0	0	0	0	0	0	0	0	0	0	0	0	0	0	0	0	0	0	0	0	0	0	0	0	0	0	0	0	0	0	0	0	0	0	0	0	0	0	0	0	0	0	0	0	0	0	0	0	0	0	0	0	0	0	0	0	0	0	0	0	0	0	0	0	0	0	0	0	0	0	0	0	0	0	3846	3848	22742	0	0	0	0	0	536	3312	0	5128	23512	0	2374	0	0	0	0	0	0	3136	5760	196	0	
426992	Cerebelum_8_L	0	0	0	0	0	0	0	0	0	0	0	0	0	0	0	0	0	0	0	0	0	0	0	0	0	0	0	0	0	0	0	0	0	0	0	0	0	0	0	0	0	0	0	0	0	0	128	0	0	0	0	0	0	0	1544	0	0	0	0	0	0	0	0	0	0	0	0	0	0	0	0	0	0	0	0	0	0	0	0	0	0	0	0	0	0	0	0	0	0	0	24402	764	44716	7178	1358	0	5862	0	14754	114	45516	5128	0	8050	29738	486	4650	0	0	324	598	0	3206	12940	2040	0	
314876	Cerebelum_8_R	0	0	0	0	0	0	0	0	0	0	0	0	0	0	0	0	0	0	0	0	0	0	0	0	0	0	0	0	0	0	0	0	0	0	0	0	0	0	0	0	0	0	0	0	0	0	0	0	0	0	0	0	0	0	0	282	0	0	0	0	0	0	0	0	0	0	0	0	0	0	0	0	0	0	0	0	0	0	0	0	0	0	0	0	0	0	0	0	0	0	0	28436	1780	38318	0	1134	0	3654	0	9726	2446	23512	8050	0	228	20682	0	1364	0	0	174	0	3064	11382	3206	0	
184672	Cerebelum_9_L	0	0	0	0	0	0	0	0	0	0	0	0	0	0	0	0	0	0	0	0	0	0	0	0	0	0	0	0	0	0	0	0	0	0	0	0	0	0	0	0	0	0	0	0	0	0	0	0	0	0	0	0	0	0	264	0	0	0	0	0	0	0	0	0	0	0	0	0	0	0	0	0	0	0	0	0	0	0	0	0	0	0	0	0	0	0	0	0	0	0	8936	198	9526	150	2488	0	5076	0	6954	488	11200	0	29738	228	0	1112	4888	0	0	486	2158	2490	716	1642	2628	970	
157364	Cerebelum_9_R	0	0	0	0	0	0	0	0	0	0	0	0	0	0	0	0	0	0	0	0	0	0	0	0	0	0	0	0	0	0	0	0	0	0	0	0	0	0	0	134	0	0	0	0	0	0	0	0	0	0	0	0	0	0	0	310	0	0	0	0	0	0	0	0	0	0	0	0	0	0	0	0	0	0	0	0	0	0	0	0	0	0	0	0	0	0	0	0	0	0	194	12792	124	9100	266	536	696	2882	396	5150	0	2374	486	20682	1112	0	0	1460	0	0	1852	2406	2786	4760	6254	1930	
36852	Cerebelum_10_L	0	0	0	0	0	0	0	0	0	0	0	0	0	0	0	0	0	0	0	0	0	0	0	0	0	0	0	0	0	0	0	0	0	0	0	0	0	0	0	0	0	0	0	0	0	0	0	0	0	0	0	0	0	0	124	0	0	0	0	0	0	0	0	0	0	0	0	0	0	0	0	0	0	0	0	0	0	0	0	0	0	0	0	0	0	0	0	0	0	0	2956	0	2414	0	0	0	708	0	2240	0	332	0	4650	0	4888	0	0	0	0	0	114	0	0	0	0	0	
8420	Cerebelum_10_R	0	0	0	0	0	0	0	0	0	0	0	0	0	0	0	0	0	0	0	0	0	0	0	0	0	0	0	0	0	0	0	0	0	0	0	0	0	0	0	0	0	0	0	0	0	0	0	0	0	0	0	0	0	0	0	0	0	0	0	0	0	0	0	0	0	0	0	0	0	0	0	0	0	0	0	0	0	0	0	0	0	0	0	0	0	0	0	0	0	0	0	766	0	428	0	0	0	0	0	192	0	0	0	1364	0	1460	0	0	0	0	0	0	0	0	0	0	
10112	Vermis_1_2	0	0	0	0	0	0	0	0	0	0	0	0	0	0	0	0	0	0	0	0	0	0	0	0	0	0	0	0	0	0	0	0	0	0	0	0	0	0	0	0	0	0	0	0	0	0	0	0	0	0	0	0	0	0	0	0	0	0	0	0	0	0	0	0	0	0	0	0	0	0	0	0	0	0	0	0	0	0	0	0	0	0	0	0	0	0	0	0	0	0	0	0	0	0	970	140	284	0	0	0	0	0	0	0	0	0	0	0	0	3460	202	0	0	0	0	0	
30852	Vermis_3	0	0	0	0	0	0	0	0	0	0	0	0	0	0	0	0	0	0	0	0	0	0	0	0	0	0	0	0	0	0	0	0	0	0	0	0	0	0	122	0	0	0	0	0	0	0	0	0	0	0	0	0	0	0	0	0	0	0	0	0	0	0	0	0	0	0	0	0	0	0	0	0	0	0	0	0	0	0	0	0	0	0	0	0	0	0	0	0	0	0	648	580	180	0	2626	1234	1562	588	682	690	0	0	324	0	486	0	0	0	3460	0	1774	0	182	130	158	0	
212984	Vermis_4_5	0	0	0	0	0	0	0	0	0	0	0	0	0	0	0	0	0	0	0	0	0	0	0	0	0	0	0	0	0	0	0	0	0	268	408	4814	230	280	0	182	0	0	0	902	0	864	1426	3014	0	1310	0	508	0	550	1760	2282	0	0	0	0	0	0	0	0	0	0	288	7512	0	148	0	0	0	0	0	0	0	222	0	0	0	0	0	0	0	516	0	0	0	158	6618	3854	1022	118	1566	742	12726	8130	11004	12842	0	0	598	174	2158	1852	114	0	202	1774	0	7078	384	1338	2210	2346	
132636	Vermis_6	0	0	0	0	0	0	0	0	0	0	0	0	0	0	0	0	0	0	0	0	0	0	0	0	0	0	0	0	0	0	0	0	0	0	0	0	0	0	0	0	0	0	0	0	0	0	1882	3574	0	0	0	0	0	0	984	2070	0	0	0	0	0	0	0	0	0	0	0	0	0	0	0	0	0	0	0	0	0	0	0	0	0	0	0	0	0	0	0	0	0	0	4330	5578	1324	1212	710	0	3026	368	6992	9154	0	0	0	0	2490	2406	0	0	0	0	7078	0	5798	2022	2914	2406	
184988	Vermis_7	0	0	0	0	0	0	0	0	0	0	0	0	0	0	0	0	0	0	0	0	0	0	0	0	0	0	0	0	0	0	0	0	0	0	0	0	0	0	0	0	0	0	0	0	0	0	1272	2134	0	0	0	0	0	0	0	1036	0	0	0	0	0	0	0	0	0	0	0	0	0	0	0	0	0	0	0	0	0	0	0	0	0	0	0	0	0	0	0	0	0	0	5264	9950	10920	12686	290	428	328	1024	3210	7664	5584	3136	3206	3064	716	2786	0	0	0	182	384	5798	0	7384	3914	134	
170764	Vermis_8	0	0	0	0	0	0	0	0	0	0	0	0	0	0	0	0	0	0	0	0	0	0	0	0	0	0	0	0	0	0	0	0	0	0	0	0	0	0	0	0	0	0	0	0	0	0	0	0	0	0	0	0	0	0	0	194	0	0	0	0	0	0	0	0	0	0	0	0	0	0	0	0	0	0	0	0	0	0	0	0	0	0	0	0	0	0	0	0	0	0	1166	2946	5008	9960	242	356	442	896	888	2268	4950	5760	12940	11382	1642	4760	0	0	0	130	1338	2022	7384	0	7348	1360	
