data	data	666476	216212	821464	763372	147880	88036	433684	180384	86276	64516	170928	146184	227292	179068	173488	122640	165152	169492	789604	765524	138064	127640	345296	374132	77352	106560	119624	152756	567252	396004	295656	483508	93992	406188	187368	187104	419872	348408	160436	234896	74796	52944	242160	452060	190212	421004	247244	402520	190616	460668	531276	254556	140008	216088	430368	616996	218716	260224	181296	216372	285408	156884	129640	113692	207500	145328	423152	706624	393276	223944	255196	461988	319192	306192	96880	61576	218440	145876	91964	16044	215960	68456	87872	31760	435408	244504	16256	14564	335152	272072	453856	484204	326052	352440	62272	86400	276860	239548	469860	470688	255872	204260	319968	335768	182948	144028	14008	9640	26532	81696	252536	230568	208196	177988	103864	42196	
data	data	Precentral_L	Precentral_R	Frontal_Sup_L	Frontal_Sup_R	Frontal_Sup_Orb_L	Frontal_Sup_Orb_R	Frontal_Mid_L	Frontal_Mid_R	Frontal_Mid_Orb_L	Frontal_Mid_Orb_R	Frontal_Inf_Oper_L	Frontal_Inf_Oper_R	Frontal_Inf_Tri_L	Frontal_Inf_Tri_R	Frontal_Inf_Orb_L	Frontal_Inf_Orb_R	Rolandic_Oper_L	Rolandic_Oper_R	Supp_Motor_Area_L	Supp_Motor_Area_R	Olfactory_L	Olfactory_R	Frontal_Sup_Medial_L	Frontal_Sup_Medial_R	Frontal_Med_Orb_L	Frontal_Med_Orb_R	Rectus_L	Rectus_R	Insula_L	Insula_R	Cingulum_Ant_L	Cingulum_Ant_R	Cingulum_Mid_L	Cingulum_Mid_R	Cingulum_Post_L	Cingulum_Post_R	Hippocampus_L	Hippocampus_R	ParaHippocampal_L	ParaHippocampal_R	Amygdala_L	Amygdala_R	Calcarine_L	Calcarine_R	Cuneus_L	Cuneus_R	Lingual_L	Lingual_R	Occipital_Sup_L	Occipital_Sup_R	Occipital_Mid_L	Occipital_Mid_R	Occipital_Inf_L	Occipital_Inf_R	Fusiform_L	Fusiform_R	Postcentral_L	Postcentral_R	Parietal_Sup_L	Parietal_Sup_R	Parietal_Inf_L	Parietal_Inf_R	SupraMarginal_L	SupraMarginal_R	Angular_L	Angular_R	Precuneus_L	Precuneus_R	Paracentral_Lobule_L	Paracentral_Lobule_R	Caudate_L	Caudate_R	Putamen_L	Putamen_R	Pallidum_L	Pallidum_R	Thalamus_L	Thalamus_R	Heschl_L	Heschl_R	Temporal_Sup_L	Temporal_Sup_R	Temporal_Pole_Sup_L	Temporal_Pole_Sup_R	Temporal_Mid_L	Temporal_Mid_R	Temporal_Pole_Mid_L	Temporal_Pole_Mid_R	Temporal_Inf_L	Temporal_Inf_R	Cerebelum_Crus1_L	Cerebelum_Crus1_R	Cerebelum_Crus2_L	Cerebelum_Crus2_R	Cerebelum_3_L	Cerebelum_3_R	Cerebelum_4_5_L	Cerebelum_4_5_R	Cerebelum_6_L	Cerebelum_6_R	Cerebelum_7b_L	Cerebelum_7b_R	Cerebelum_8_L	Cerebelum_8_R	Cerebelum_9_L	Cerebelum_9_R	Cerebelum_10_L	Cerebelum_10_R	Vermis_1_2	Vermis_3	Vermis_4_5	Vermis_6	Vermis_7	Vermis_8	Vermis_9	Vermis_10	
666476	Precentral_L	0	260	27928	718	0	0	17688	0	0	0	12310	116	2664	0	314	102	11942	148	30814	8756	0	0	0	0	0	0	0	0	23536	332	318	182	178	1812	4336	3422	13274	3562	1860	988	226	0	332	108	0	0	442	924	0	0	1832	0	138	0	2134	362	21672	274	982	0	5542	0	1418	0	610	0	948	386	41472	918	11386	1470	21386	154	10890	0	21724	1762	5200	0	5016	0	104	0	2390	0	0	0	2852	0	0	0	0	0	0	0	0	0	624	0	0	0	0	0	0	0	0	0	0	0	0	0	0	0	0	0	
216212	Precentral_R	260	0	3540	7510	0	0	0	4522	0	0	0	3048	0	0	0	0	0	3032	5856	5490	0	0	0	0	0	0	0	0	0	3178	0	0	160	6256	188	1334	0	4362	0	1310	0	0	0	686	0	438	0	498	0	386	0	308	0	338	0	2724	0	21052	0	368	0	1074	0	2382	0	332	106	2122	3280	9332	124	404	0	1906	0	564	216	772	0	178	0	1008	0	0	0	1970	0	0	0	5208	0	0	0	0	0	0	0	0	0	284	0	0	0	0	0	0	0	0	0	0	0	0	0	0	0	0	
821464	Frontal_Sup_L	27928	3540	0	14510	3902	0	59688	1322	3468	0	5908	406	20122	238	11296	658	1434	1414	81854	21168	1792	0	38710	6724	1206	0	452	0	26468	1424	15048	3392	1880	4988	0	0	2164	292	408	98	430	0	0	224	0	0	0	122	0	0	0	0	0	0	1316	222	542	1040	0	0	110	0	0	0	0	0	0	428	6688	974	6018	4956	11750	842	2828	1316	396	704	0	0	2386	0	1678	0	226	0	0	0	1132	0	0	0	0	0	0	0	0	0	502	0	0	0	0	0	0	0	0	0	0	0	0	0	0	0	0	0	
763372	Frontal_Sup_R	718	7510	14510	0	382	3010	1824	26918	0	602	0	8446	112	12266	0	3756	0	7768	22814	57710	0	664	16180	40802	2826	6484	110	3174	926	15582	5926	36310	1484	19744	0	0	0	5312	0	2594	0	112	0	0	0	0	0	0	0	0	0	0	0	0	0	2764	0	2092	0	0	0	0	0	0	0	0	0	204	388	1592	2694	19734	578	13036	288	5210	160	5206	0	212	0	318	0	0	0	0	0	0	0	0	0	0	0	0	0	0	0	0	0	634	0	0	0	0	0	0	0	0	0	0	0	0	0	0	0	0	
147880	Frontal_Sup_Orb_L	0	0	3902	382	0	0	642	0	11666	0	0	0	864	0	13514	0	0	0	0	0	5908	862	2866	1552	4820	460	7706	1016	4348	0	8286	2232	0	0	0	0	0	0	522	0	790	0	0	0	0	0	0	0	0	0	0	0	0	0	0	0	0	0	0	0	0	0	0	0	0	0	0	0	0	0	308	494	126	140	0	0	0	0	0	0	0	0	534	0	0	0	0	0	0	0	0	0	0	0	0	0	0	0	0	0	0	0	0	0	0	0	0	0	0	0	0	0	0	0	0	0	
88036	Frontal_Sup_Orb_R	0	0	0	3010	0	0	0	1054	0	6074	0	0	0	148	0	5864	0	0	0	0	0	2002	98	2244	656	6686	0	10366	0	720	272	2390	0	0	0	0	0	122	0	122	0	0	0	0	0	0	0	0	0	0	0	0	0	0	0	122	0	0	0	0	0	0	0	0	0	0	0	0	0	0	0	1092	0	894	0	0	0	0	0	0	0	0	0	0	0	0	0	0	0	0	0	0	0	0	0	0	0	82	0	0	0	0	0	0	0	0	0	0	0	0	0	0	0	0	0	0	
433684	Frontal_Mid_L	17688	0	59688	1824	642	0	0	88	3262	0	6686	0	30382	0	7598	0	1890	0	16840	770	204	0	17118	1144	0	0	94	0	20396	106	7450	1098	414	1140	0	0	668	92	140	0	0	0	0	0	0	0	0	0	0	0	0	0	0	0	0	0	974	0	0	0	350	0	218	0	0	0	0	0	0	0	6694	410	4974	0	2778	0	354	0	1036	0	1528	0	104	0	0	0	0	0	0	0	0	0	0	0	0	0	0	0	0	0	0	0	0	0	0	0	0	0	0	0	0	0	0	0	0	0	
180384	Frontal_Mid_R	0	4522	1322	26918	0	1054	88	0	0	2598	0	4146	0	16292	0	6924	0	2144	1944	1564	0	0	590	3050	0	0	0	0	254	9484	0	1408	0	810	0	0	0	350	0	242	0	0	0	0	0	0	0	0	0	0	0	0	0	0	0	270	0	84	0	0	0	0	0	0	0	0	0	0	0	0	798	1026	0	1860	0	228	0	0	0	0	0	0	0	0	0	0	0	0	0	0	0	0	0	0	0	0	0	0	0	222	0	0	0	0	0	0	0	0	0	0	0	0	0	0	0	0	
86276	Frontal_Mid_Orb_L	0	0	3468	0	11666	0	3262	0	0	0	0	0	3036	0	14630	0	0	0	0	0	1210	0	0	0	304	0	1910	0	2862	0	240	0	0	0	0	0	0	0	0	0	0	0	0	0	0	0	0	0	0	0	0	0	0	0	0	0	0	0	0	0	0	0	0	0	0	0	0	0	0	0	0	0	108	0	0	0	0	0	0	0	0	0	442	0	0	0	0	0	0	0	0	0	0	0	0	0	0	0	0	0	0	0	0	0	0	0	0	0	0	0	0	0	0	0	0	0	
64516	Frontal_Mid_Orb_R	0	0	0	602	0	6074	0	2598	0	0	0	0	0	768	0	12124	0	0	0	0	0	1640	0	182	0	0	0	2128	0	2764	0	100	0	0	0	0	0	94	0	92	0	98	0	0	0	0	0	0	0	0	0	0	0	0	0	86	0	0	0	0	0	0	0	0	0	0	0	0	0	0	0	534	0	2374	0	0	0	0	0	0	0	0	0	0	0	0	0	0	0	0	0	0	0	0	0	0	0	0	0	0	0	0	0	0	0	0	0	0	0	0	0	0	0	0	0	0	
170928	Frontal_Inf_Oper_L	12310	0	5908	0	0	0	6686	0	0	0	0	0	8400	0	0	0	9750	0	15976	0	0	0	0	0	0	0	0	0	16296	0	82	0	0	0	0	0	134	0	0	0	0	0	0	0	0	0	0	0	0	0	0	0	0	0	0	0	1666	0	0	0	236	0	278	0	0	0	0	0	0	0	826	0	980	0	0	0	0	0	1180	0	2272	0	2484	0	0	0	0	0	0	0	0	0	0	0	0	0	0	0	0	0	0	0	0	0	0	0	0	0	0	0	0	0	0	0	0	0	
146184	Frontal_Inf_Oper_R	116	3048	406	8446	0	0	0	4146	0	0	0	0	0	10170	0	150	0	4118	1574	4158	0	0	0	2308	0	0	0	0	0	15308	0	2438	0	102	0	0	0	506	0	322	0	0	0	0	0	0	0	0	0	0	0	0	0	0	0	318	0	1504	0	0	0	0	0	0	0	0	0	0	0	96	114	9090	0	2644	0	1276	0	516	0	0	0	0	0	0	0	0	0	0	0	0	0	0	0	0	0	0	0	0	0	218	0	0	0	0	0	0	0	0	0	0	0	0	0	0	0	0	
227292	Frontal_Inf_Tri_L	2664	0	20122	112	864	0	30382	0	3036	0	8400	0	0	0	10492	0	0	0	5734	0	438	0	2394	0	0	0	208	0	25092	0	1900	0	0	0	0	0	0	0	0	0	0	0	0	0	0	0	0	0	0	0	0	0	0	0	0	0	0	0	0	0	0	0	0	0	0	0	0	0	0	0	252	0	1264	0	0	0	0	0	0	0	0	0	292	0	0	0	0	0	0	0	0	0	0	0	0	0	0	0	0	0	0	0	0	0	0	0	0	0	0	0	0	0	0	0	0	0	
179068	Frontal_Inf_Tri_R	0	0	238	12266	0	148	0	16292	0	768	0	10170	0	0	0	4958	0	884	646	2680	0	0	676	3914	0	0	0	0	82	20952	158	5664	0	766	0	0	0	158	0	126	0	0	0	0	0	0	0	0	0	0	0	0	0	0	0	0	0	0	0	0	0	0	0	0	0	0	0	0	0	0	186	5018	86	1764	0	776	0	158	0	0	0	0	0	0	0	0	0	0	0	0	0	0	0	0	0	0	0	0	0	0	0	0	0	0	0	0	0	0	0	0	0	0	0	0	0	0	
173488	Frontal_Inf_Orb_L	314	0	11296	0	13514	0	7598	0	14630	0	0	0	10492	0	0	0	0	0	720	0	4684	0	558	0	248	0	2948	0	13644	0	1686	0	0	0	0	0	0	0	398	0	436	0	0	0	0	0	0	0	0	0	0	0	0	0	0	0	0	0	0	0	0	0	0	0	0	0	0	0	0	0	818	0	964	0	0	0	0	0	0	0	0	0	1796	0	0	0	0	0	0	0	0	0	0	0	0	0	0	0	0	0	0	0	0	0	0	0	0	0	0	0	0	0	0	0	0	0	
122640	Frontal_Inf_Orb_R	102	0	658	3756	0	5864	0	6924	0	12124	0	150	0	4958	0	0	0	0	714	574	0	2698	0	646	0	0	0	3686	496	7334	0	1094	0	0	0	0	0	128	0	126	0	168	0	0	0	0	0	0	0	0	0	0	0	0	0	118	0	0	0	0	0	0	0	0	0	0	0	0	0	0	816	3982	450	3400	86	0	268	0	0	0	0	0	0	0	0	0	0	0	0	0	0	0	0	0	0	0	0	0	0	0	0	0	0	0	0	0	0	0	0	0	0	0	0	0	0	0	
165152	Rolandic_Oper_L	11942	0	1434	0	0	0	1890	0	0	0	9750	0	0	0	0	0	0	0	6750	134	0	0	0	0	0	0	0	0	15580	0	0	0	0	94	0	0	170	0	0	0	0	0	0	0	0	0	0	0	0	0	1134	0	0	0	132	0	7496	0	250	0	800	0	1532	0	736	0	100	0	360	0	1440	0	782	0	534	0	696	0	3188	0	9404	0	2056	0	2848	0	0	0	1344	0	0	0	0	0	0	0	0	0	0	0	0	0	0	0	0	0	0	0	0	0	0	0	0	0	0	0	
169492	Rolandic_Oper_R	148	3032	1414	7768	0	0	0	2144	0	0	0	4118	0	884	0	0	0	0	3288	8374	0	0	0	572	0	0	0	0	0	20744	0	1302	0	616	0	0	0	1830	0	644	0	0	0	0	0	98	0	0	0	108	0	0	0	116	0	976	0	5334	0	82	0	142	0	2280	0	0	0	384	150	988	326	6934	0	3862	0	1312	150	1272	0	1198	0	886	0	90	0	184	0	0	0	562	0	0	0	0	0	0	0	0	0	434	0	0	0	0	0	0	0	0	0	0	0	0	0	0	0	0	
789604	Supp_Motor_Area_L	30814	5856	81854	22814	0	0	16840	1944	0	0	15976	1574	5734	646	720	714	6750	3288	0	50950	0	0	6368	2752	0	0	0	0	23630	3908	6676	7982	5842	20254	162	148	2306	590	152	204	100	0	0	606	0	332	0	342	0	210	0	192	0	170	1622	606	452	2042	0	90	0	198	0	256	0	0	124	1148	13600	2926	7054	8204	11796	1636	1220	1328	1098	1404	178	0	4290	0	1808	0	206	0	0	0	1350	152	0	0	0	0	0	0	0	0	614	0	0	0	0	0	0	0	0	0	0	0	0	0	0	0	0	0	
765524	Supp_Motor_Area_R	8756	5490	21168	57710	0	0	770	1564	0	0	0	4158	0	2680	0	574	134	8374	50950	0	0	0	3366	6204	0	0	0	0	702	8984	1802	12202	2310	41668	384	1354	0	3642	0	2060	0	220	0	1238	0	6482	0	860	0	6816	812	1946	322	400	106	2942	0	5216	298	476	104	356	0	322	0	1246	340	9872	17536	17464	2654	24082	492	6466	220	3268	738	16576	0	374	90	660	0	0	480	2012	0	0	120	1708	0	0	0	0	0	0	0	0	0	442	0	0	0	0	0	0	0	0	0	0	0	0	0	0	0	0	
138064	Olfactory_L	0	0	1792	0	5908	0	204	0	1210	0	0	0	438	0	4684	0	0	0	0	0	0	7100	190	188	696	460	10558	3426	4110	210	5518	3932	0	0	0	0	0	0	990	0	2878	216	0	0	0	0	0	0	0	0	0	0	0	0	0	0	0	0	0	0	0	0	0	0	0	0	0	0	0	0	6790	4202	1872	426	0	0	0	0	0	0	0	0	1034	0	0	0	0	0	0	0	0	0	0	0	0	0	0	0	0	0	0	0	0	0	0	0	0	0	0	0	0	0	0	0	0	0	
127640	Olfactory_R	0	0	0	664	862	2002	0	0	0	1640	0	0	0	0	0	2698	0	0	0	0	7100	0	0	770	252	996	6340	8240	0	2294	3800	5150	0	0	0	0	0	434	102	404	988	772	0	0	0	0	0	0	0	0	0	0	0	0	0	286	0	0	0	0	0	0	0	0	0	0	0	0	0	0	6898	6920	2292	1662	0	0	0	0	0	0	0	0	0	0	0	0	0	0	0	0	0	0	0	0	0	0	0	164	0	90	0	0	0	0	0	0	0	0	0	0	0	0	0	0	0	0	
345296	Frontal_Sup_Medial_L	0	0	38710	16180	2866	98	17118	590	0	0	0	0	2394	676	558	0	0	0	6368	3366	190	0	0	26594	2836	574	198	86	3246	502	19050	13746	1762	11760	0	0	0	0	0	0	0	0	0	0	0	0	0	0	0	0	0	0	0	0	0	0	0	0	0	0	0	0	0	0	0	0	0	0	0	0	674	586	1494	310	116	0	0	0	0	0	0	0	0	0	0	0	0	0	0	0	0	0	0	0	0	0	0	0	0	0	0	0	0	0	0	0	0	0	0	0	0	0	0	0	0	0	
374132	Frontal_Sup_Medial_R	0	0	6724	40802	1552	2244	1144	3050	0	182	0	2308	0	3914	0	646	0	572	2752	6204	188	770	26594	0	5044	8304	374	2890	104	5936	6070	28984	726	11802	0	0	0	0	0	0	0	88	0	0	0	0	0	0	0	0	0	0	0	0	0	0	0	0	0	0	0	0	0	0	0	0	0	0	0	0	322	8444	106	7886	0	118	0	222	0	0	0	0	0	0	0	0	0	0	0	0	0	0	0	0	0	0	0	0	0	0	0	0	0	0	0	0	0	0	0	0	0	0	0	0	0	0	
77352	Frontal_Med_Orb_L	0	0	1206	2826	4820	656	0	0	304	0	0	0	0	0	248	0	0	0	0	0	696	252	2836	5044	0	4076	1742	1100	86	0	5662	4238	0	0	0	0	0	0	0	0	0	0	0	0	0	0	0	0	0	0	0	0	0	0	0	0	0	0	0	0	0	0	0	0	0	0	0	0	0	0	488	1202	0	1194	0	0	0	0	0	0	0	0	0	0	0	0	0	0	0	0	0	0	0	0	0	0	0	0	0	0	0	0	0	0	0	0	0	0	0	0	0	0	0	0	0	0	
106560	Frontal_Med_Orb_R	0	0	0	6484	460	6686	0	0	0	0	0	0	0	0	0	0	0	0	0	0	460	996	574	8304	4076	0	430	9446	0	0	1606	9318	0	0	0	0	0	0	0	0	0	0	0	0	0	0	0	0	0	0	0	0	0	0	0	0	0	0	0	0	0	0	0	0	0	0	0	0	0	0	296	2034	0	2110	0	0	0	0	0	0	0	0	0	0	0	0	0	0	0	0	0	0	0	0	0	0	0	0	0	0	0	0	0	0	0	0	0	0	0	0	0	0	0	0	0	0	
119624	Rectus_L	0	0	452	110	7706	0	94	0	1910	0	0	0	208	0	2948	0	0	0	0	0	10558	6340	198	374	1742	430	0	3348	682	212	6204	3900	0	0	0	0	0	0	200	0	1722	216	0	0	0	0	0	0	0	0	0	0	0	0	0	0	0	0	0	0	0	0	0	0	0	0	0	0	0	0	5396	3910	522	430	0	0	0	0	0	0	0	0	0	0	0	0	0	0	0	0	0	0	0	0	0	0	0	0	0	0	0	0	0	0	0	0	0	0	0	0	0	0	0	0	0	0	
152756	Rectus_R	0	0	0	3174	1016	10366	0	0	0	2128	0	0	0	0	0	3686	0	0	0	0	3426	8240	86	2890	1100	9446	3348	0	0	1330	4356	10624	0	0	0	0	0	204	0	204	380	712	0	0	0	0	0	0	0	0	0	0	0	0	0	194	0	0	0	0	0	0	0	0	0	0	0	0	0	0	1568	4944	418	2422	0	0	0	0	0	0	0	0	0	0	0	0	0	0	0	0	0	0	0	0	0	0	0	116	0	0	0	0	0	0	0	0	0	0	0	0	0	0	0	0	0	0	
567252	Insula_L	23536	0	26468	926	4348	0	20396	254	2862	0	16296	0	25092	82	13644	496	15580	0	23630	702	4110	0	3246	104	86	0	682	0	0	138	3872	294	84	216	800	454	13408	524	2408	178	5362	0	304	0	0	0	170	170	0	0	1370	0	150	0	4616	0	5486	0	478	0	856	0	500	0	304	0	540	0	432	0	5652	1548	14532	0	208	0	1686	0	8332	0	9882	0	7600	0	3168	0	0	0	4134	0	0	0	0	0	0	0	154	0	1076	0	0	0	0	0	0	0	0	0	0	0	0	0	0	0	0	0	
396004	Insula_R	332	3178	1424	15582	0	720	106	9484	0	2764	0	15308	0	20952	0	7334	0	20744	3908	8984	210	2294	502	5936	0	0	212	1330	138	0	278	8302	0	1940	0	102	0	6860	0	4026	0	252	0	0	0	0	0	0	0	0	0	0	0	0	0	3706	0	1928	0	0	0	0	0	340	0	0	0	204	290	1066	688	16790	140	18626	0	2336	204	1842	0	1376	0	1462	0	572	0	404	0	0	0	976	0	0	0	0	0	0	0	396	0	1454	0	0	0	0	0	0	0	0	0	0	0	0	0	0	0	0	
295656	Cingulum_Ant_L	318	0	15048	5926	8286	272	7450	0	240	0	82	0	1900	158	1686	0	0	0	6676	1802	5518	3800	19050	6070	5662	1606	6204	4356	3872	278	0	17504	1602	3384	84	0	0	0	136	0	866	274	0	0	0	0	0	0	0	0	0	0	0	0	0	0	0	0	0	0	0	0	0	0	0	0	0	0	0	0	4306	5032	5616	1836	370	0	410	0	0	0	0	0	148	0	0	0	0	0	0	0	0	0	0	0	0	0	0	0	0	0	0	0	0	0	0	0	0	0	0	0	0	0	0	0	0	0	
483508	Cingulum_Ant_R	182	0	3392	36310	2232	2390	1098	1408	0	100	0	2438	0	5664	0	1094	0	1302	7982	12202	3932	5150	13746	28984	4238	9318	3900	10624	294	8302	17504	0	2034	16108	0	0	0	158	0	136	438	444	0	0	0	0	0	0	0	0	0	0	0	0	0	90	0	0	0	0	0	0	0	0	0	0	0	0	0	96	2092	20840	1030	12800	146	162	90	1304	0	0	0	0	0	0	0	0	0	0	0	0	0	0	0	0	0	0	0	0	0	0	0	0	0	0	0	0	0	0	0	0	0	0	0	0	0	0	
93992	Cingulum_Mid_L	178	160	1880	1484	0	0	414	0	0	0	0	0	0	0	0	0	0	0	5842	2310	0	0	1762	726	0	0	0	0	84	0	1602	2034	0	7504	4056	574	114	0	110	0	0	0	732	116	552	0	0	0	196	0	876	0	210	0	160	0	0	160	570	0	0	0	0	0	0	0	4814	1632	4704	922	0	0	0	0	0	0	0	0	0	0	0	0	0	0	370	0	0	0	148	0	0	0	0	0	0	0	0	0	0	0	0	0	0	0	0	0	0	0	0	0	0	0	0	0	0	0	
406188	Cingulum_Mid_R	1812	6256	4988	19744	0	0	1140	810	0	0	0	102	0	766	0	0	94	616	20254	41668	0	0	11760	11802	0	0	0	0	216	1940	3384	16108	7504	0	546	3768	0	124	0	0	0	0	0	1130	0	1118	0	696	174	502	206	348	104	136	0	920	0	4838	144	0	0	0	0	82	0	112	1872	6768	11738	11974	740	920	252	580	176	108	452	468	0	0	0	136	0	0	150	112	0	0	0	736	0	0	0	0	0	0	0	0	0	0	0	0	0	0	0	0	0	0	0	0	0	0	0	0	0	0	
187368	Cingulum_Post_L	4336	188	0	0	0	0	0	0	0	0	0	0	0	0	0	0	0	0	162	384	0	0	0	0	0	0	0	0	800	0	84	0	4056	546	0	8294	10406	4128	2812	2010	0	0	7916	310	2622	138	1490	820	1096	0	646	0	394	0	4024	1456	1014	164	196	0	136	0	96	0	0	0	13512	1808	8814	288	120	0	720	0	300	0	2388	346	1216	0	360	0	0	0	946	0	0	0	2060	0	0	0	0	0	0	0	0	0	0	0	0	0	0	0	0	0	0	0	0	0	82	0	0	0	0	0	
187104	Cingulum_Post_R	3422	1334	0	0	0	0	0	0	0	0	0	0	0	0	0	0	0	0	148	1354	0	0	0	0	0	0	0	0	454	102	0	0	574	3768	8294	0	4820	8600	114	2764	0	0	0	4648	0	446	216	5372	0	106	0	0	0	222	458	5604	288	1324	0	0	0	0	0	0	0	0	2136	15510	4352	3656	176	0	88	0	0	0	5286	2406	710	0	186	0	0	0	320	0	0	0	950	2084	0	0	0	0	0	0	0	184	0	96	0	0	0	0	0	0	0	0	0	0	980	0	0	0	0	0	
419872	Hippocampus_L	13274	0	2164	0	0	0	668	0	0	0	134	0	0	0	0	0	170	0	2306	0	0	0	0	0	0	0	0	0	13408	0	0	0	114	0	10406	4820	0	4642	19724	1850	8144	0	4506	0	142	0	7214	1674	0	0	682	0	920	0	26416	366	1068	0	216	0	344	0	192	0	0	0	5910	274	6144	0	326	0	12986	0	3588	0	8638	552	2812	0	4750	0	1738	0	9842	0	0	0	22172	0	306	0	0	0	0	128	594	84	3400	0	0	0	0	0	0	0	0	0	0	128	0	0	0	0	0	0	
348408	Hippocampus_R	3562	4362	292	5312	0	122	92	350	0	94	0	506	0	158	0	128	0	1830	590	3642	0	434	0	0	0	0	0	204	524	6860	0	158	0	124	4128	8600	4642	0	302	29124	0	7454	0	158	0	98	224	3608	0	100	0	0	0	330	502	29948	252	442	0	130	0	474	0	260	0	424	646	3426	3992	226	228	1222	644	14022	94	880	5216	5618	672	274	166	152	0	1008	310	1642	0	114	936	4718	0	270	0	0	0	0	0	1804	0	5060	0	0	0	0	0	0	0	0	0	0	320	0	0	0	0	0	
160436	ParaHippocampal_L	1860	0	408	0	522	0	140	0	0	0	0	0	0	0	398	0	0	0	152	0	990	102	0	0	0	0	200	0	2408	0	136	0	110	0	2812	114	19724	302	0	154	4204	0	3272	0	112	0	6458	398	0	0	724	0	1224	0	17150	0	274	0	0	0	0	0	0	0	0	0	3926	0	874	0	178	0	2234	0	0	0	1496	0	272	0	214	0	1202	0	368	0	390	0	1978	0	262	0	0	0	168	184	770	0	966	0	0	0	0	0	0	0	0	0	128	260	0	0	0	0	0	0	
234896	ParaHippocampal_R	988	1310	98	2594	0	122	0	242	0	92	0	322	0	126	0	126	0	644	204	2060	0	404	0	0	0	0	0	204	178	4026	0	136	0	0	2010	2764	1850	29124	154	0	0	3794	0	92	0	0	122	4350	0	0	0	0	0	112	222	23820	164	198	0	0	0	242	0	0	0	228	490	2196	1184	92	110	710	154	9024	0	518	688	1554	216	0	90	0	0	1580	194	992	0	208	466	2558	0	1114	0	0	0	290	0	3304	0	6290	0	0	0	118	0	0	0	0	0	0	98	0	88	0	0	0	
74796	Amygdala_L	226	0	430	0	790	0	0	0	0	0	0	0	0	0	436	0	0	0	100	0	2878	988	0	0	0	0	1722	380	5362	0	866	438	0	0	0	0	8144	0	4204	0	0	0	0	0	0	0	0	0	0	0	0	0	0	0	3460	0	0	0	0	0	0	0	0	0	0	0	0	0	142	0	1000	1024	1452	88	0	0	254	0	0	0	0	0	2042	0	0	0	132	0	742	0	0	0	0	0	0	0	0	0	98	0	0	0	0	0	0	0	0	0	0	0	0	0	0	0	0	0	
52944	Amygdala_R	0	0	0	112	0	0	0	0	0	98	0	0	0	0	0	168	0	0	0	220	216	772	0	88	0	0	216	712	0	252	274	444	0	0	0	0	0	7454	0	3794	0	0	0	0	0	0	0	0	0	0	0	0	0	0	0	5602	0	0	0	0	0	0	0	0	0	0	0	0	0	0	136	858	0	1152	0	0	0	372	0	0	0	0	0	1690	0	188	0	144	0	1510	0	0	0	0	0	0	0	0	0	0	0	0	0	0	0	0	0	0	0	0	0	0	0	0	0	0	
242160	Calcarine_L	332	0	0	0	0	0	0	0	0	0	0	0	0	0	0	0	0	0	0	0	0	0	0	0	0	0	0	0	304	0	0	0	732	0	7916	0	4506	0	3272	0	0	0	0	5894	13000	4826	11318	1534	7060	1954	18720	0	3496	0	5036	0	198	0	504	0	348	0	84	0	626	0	20186	1470	326	0	0	0	624	0	0	0	228	0	338	0	0	0	0	0	3454	0	0	0	2696	0	0	0	0	0	0	0	0	0	0	0	0	0	0	0	0	0	0	0	0	0	98	0	0	0	0	0	
452060	Calcarine_R	108	686	224	0	0	0	0	0	0	0	0	0	0	0	0	0	0	0	606	1238	0	0	0	0	0	0	0	0	0	0	0	0	116	1130	310	4648	0	158	0	92	0	0	5894	0	2668	33152	1364	28604	262	27370	164	10970	0	8036	0	21788	0	5126	0	5002	0	1910	0	0	0	1038	9554	42632	0	2372	0	0	0	0	0	0	0	0	0	0	0	0	0	0	0	3352	0	0	0	4862	0	0	0	0	0	0	0	0	0	456	0	0	0	0	0	0	0	0	0	0	138	0	0	0	0	0	
190212	Cuneus_L	0	0	0	0	0	0	0	0	0	0	0	0	0	0	0	0	0	0	0	0	0	0	0	0	0	0	0	0	0	0	0	0	552	0	2622	0	142	0	112	0	0	0	13000	2668	0	4594	1356	0	22052	392	18732	0	1912	0	398	0	210	0	2574	0	800	0	0	0	830	0	15838	1984	280	0	0	0	0	0	0	0	0	0	0	0	0	0	0	0	2350	0	0	0	1602	0	0	0	0	0	0	0	0	0	0	0	0	0	0	0	0	0	0	0	0	0	106	0	0	0	0	0	
421004	Cuneus_R	0	438	0	0	0	0	0	0	0	0	0	0	0	0	0	0	0	98	332	6482	0	0	0	0	0	0	0	0	0	0	0	0	0	1118	138	446	0	98	0	0	0	0	4826	33152	4594	0	150	4514	806	41976	354	16338	0	4648	0	3860	0	1718	172	8826	0	1536	0	296	0	1806	14646	40864	0	6854	0	0	0	0	0	0	0	0	0	142	0	304	0	0	0	5300	0	0	0	3670	0	0	0	0	0	0	0	0	0	0	0	0	0	0	0	0	0	0	0	0	0	0	0	0	0	0	
247244	Lingual_L	442	0	0	0	0	0	0	0	0	0	0	0	0	0	0	0	0	0	0	0	0	0	0	0	0	0	0	0	170	0	0	0	0	0	1490	216	7214	224	6458	122	0	0	11318	1364	1356	150	0	2246	2096	214	15732	0	8602	268	21376	284	0	0	0	0	0	0	0	0	0	0	4600	194	402	0	0	0	334	0	0	0	1746	0	0	0	0	0	0	0	208	0	0	0	962	0	7324	172	322	0	334	0	8834	106	12380	306	0	0	0	0	0	0	0	0	0	224	2424	1408	0	0	0	0	
402520	Lingual_R	924	498	122	0	0	0	0	0	0	0	0	0	0	0	0	0	0	0	342	860	0	0	0	0	0	0	0	0	170	0	0	0	0	696	820	5372	1674	3608	398	4350	0	0	1534	28604	0	4514	2246	0	0	4354	0	1632	0	8548	1514	33540	86	2324	0	1304	0	776	0	0	0	132	1026	20712	620	1514	0	0	610	0	0	0	454	1026	100	0	0	0	0	0	0	912	0	0	184	3376	4414	8262	450	528	598	924	2226	6228	7690	10290	0	0	0	0	864	94	0	0	0	364	6208	9476	912	0	126	130	
190616	Occipital_Sup_L	0	0	0	0	0	0	0	0	0	0	0	0	0	0	0	0	0	0	0	0	0	0	0	0	0	0	0	0	0	0	0	0	196	174	1096	0	0	0	0	0	0	0	7060	262	22052	806	2096	0	0	148	33684	0	1908	0	94	0	0	0	8918	0	1328	0	0	0	560	0	12758	1156	0	0	0	0	0	0	0	0	0	0	0	0	0	0	0	0	848	0	0	0	164	0	0	0	0	0	0	0	0	0	0	0	0	0	0	0	0	0	0	0	0	0	0	0	0	0	0	0	
460668	Occipital_Sup_R	0	386	0	0	0	0	0	0	0	0	0	0	0	0	0	0	0	108	210	6816	0	0	0	0	0	0	0	0	0	0	0	0	0	502	0	106	0	100	0	0	0	0	1954	27370	392	41976	214	4354	148	0	104	28456	0	7314	0	5790	0	1362	116	15712	0	2800	0	330	0	10050	6646	34810	0	6478	0	0	0	0	0	0	0	0	0	136	0	1948	0	0	0	15646	0	0	0	8000	0	0	0	0	0	0	0	0	0	0	0	0	0	0	0	0	0	0	0	0	0	0	0	0	0	0	
531276	Occipital_Mid_L	1832	0	0	0	0	0	0	0	0	0	0	0	0	0	0	0	1134	0	0	812	0	0	0	0	0	0	0	0	1370	0	0	0	876	206	646	0	682	0	724	0	0	0	18720	164	18732	354	15732	0	33684	104	0	0	23188	0	9038	0	2282	0	23704	0	21366	0	1514	0	19238	0	18854	278	2218	0	0	0	186	0	148	0	140	0	346	0	1430	0	0	0	32352	0	0	0	13584	0	0	0	0	0	0	0	0	0	0	0	0	0	0	0	0	0	0	0	0	0	0	0	0	0	0	0	
254556	Occipital_Mid_R	0	308	0	0	0	0	0	0	0	0	0	0	0	0	0	0	0	0	192	1946	0	0	0	0	0	0	0	0	0	0	0	0	0	348	0	0	0	0	0	0	0	0	0	10970	0	16338	0	1632	0	28456	0	0	0	5978	0	2330	0	836	0	7096	0	3574	0	106	0	11452	2248	14994	0	1514	0	0	0	0	0	0	0	0	0	0	0	352	0	0	0	12784	0	0	0	3824	0	0	0	0	0	0	0	0	0	0	0	0	0	0	0	0	0	0	0	0	0	0	0	0	0	0	
140008	Occipital_Inf_L	138	0	0	0	0	0	0	0	0	0	0	0	0	0	0	0	0	0	0	322	0	0	0	0	0	0	0	0	150	0	0	0	210	104	394	0	920	0	1224	0	0	0	3496	0	1912	0	8602	0	1908	0	23188	0	0	0	11384	0	0	0	160	0	968	0	0	0	950	0	1570	0	312	0	0	0	0	0	0	0	0	0	348	0	214	0	0	0	5990	0	0	0	3922	0	160	0	0	0	0	0	354	0	664	0	0	0	0	0	0	0	0	0	0	0	294	146	0	0	0	0	
216088	Occipital_Inf_R	0	338	0	0	0	0	0	0	0	0	0	0	0	0	0	0	0	116	170	400	0	0	0	0	0	0	0	0	0	0	0	0	0	136	0	222	0	330	0	112	0	0	0	8036	0	4648	268	8548	0	7314	0	5978	0	0	126	17260	0	1856	0	3716	0	3242	0	652	0	3132	486	11908	0	294	0	0	0	0	0	0	0	0	0	0	0	682	0	0	0	4844	0	0	0	13736	812	1428	102	120	0	0	96	290	1232	2260	0	0	0	0	0	0	0	0	0	0	344	2476	334	0	0	0	
430368	Fusiform_L	2134	0	1316	0	0	0	0	0	0	0	0	0	0	0	0	0	132	0	1622	106	0	0	0	0	0	0	0	0	4616	0	0	0	160	0	4024	458	26416	502	17150	222	3460	0	5036	0	398	0	21376	1514	94	0	9038	0	11384	126	0	390	232	0	0	0	0	0	0	0	0	0	5822	0	452	0	0	0	3098	0	0	0	1198	0	1064	0	1934	0	2524	0	4316	0	1506	0	17404	0	18408	134	848	0	618	0	10140	0	27172	312	402	0	512	0	98	0	0	0	0	0	3026	2160	130	0	0	0	
616996	Fusiform_R	362	2724	222	2764	0	122	0	270	0	86	0	318	0	0	0	118	0	976	606	2942	0	286	0	0	0	0	0	194	0	3706	0	90	0	920	1456	5604	366	29948	0	23820	0	5602	0	21788	0	3860	284	33540	0	5790	0	2330	0	17260	390	0	132	3422	0	3686	0	2096	0	262	0	706	1050	22988	782	1332	94	636	0	6944	0	426	420	1174	0	208	0	652	0	2316	0	6282	0	1246	106	16142	1848	17666	278	608	230	610	424	7434	3588	23374	0	0	0	694	380	0	0	0	0	212	2418	5782	1106	0	0	0	
218716	Postcentral_L	21672	0	542	0	0	0	974	0	0	0	1666	0	0	0	0	0	7496	0	452	0	0	0	0	0	0	0	0	0	5486	0	0	0	0	0	1014	288	1068	252	274	164	0	0	198	0	210	0	0	86	0	0	2282	0	0	0	232	132	0	0	5330	0	24096	0	14234	0	1742	0	2642	156	4668	0	756	0	1748	0	952	0	1060	0	2382	0	2444	0	0	0	1678	0	0	0	982	0	0	0	0	0	0	0	0	0	0	0	0	0	0	0	0	0	0	0	0	0	0	0	0	0	0	0	
260224	Postcentral_R	274	21052	1040	2092	0	0	0	84	0	0	0	1504	0	0	0	0	0	5334	2042	5216	0	0	0	0	0	0	0	0	0	1928	0	0	160	4838	164	1324	0	442	0	198	0	0	0	5126	0	1718	0	2324	0	1362	0	836	0	1856	0	3422	0	0	0	8800	0	10296	0	15726	0	608	294	13628	2552	8946	0	218	0	496	0	122	0	88	0	138	0	562	0	0	0	1048	0	0	0	2122	0	0	0	0	0	0	0	0	0	132	0	0	0	0	0	0	0	0	0	0	0	0	0	0	0	0	
181296	Parietal_Sup_L	982	0	0	0	0	0	0	0	0	0	0	0	0	0	0	0	250	0	0	298	0	0	0	0	0	0	0	0	478	0	0	0	570	144	196	0	216	0	0	0	0	0	504	0	2574	172	0	0	8918	116	23704	0	160	0	0	0	5330	0	0	0	17264	0	86	0	4158	0	19472	382	626	0	0	0	170	0	160	0	90	0	0	0	424	0	0	0	2456	0	0	0	748	0	0	0	0	0	0	0	0	0	0	0	0	0	0	0	0	0	0	0	0	0	0	0	0	0	0	0	
216372	Parietal_Sup_R	0	368	0	0	0	0	0	0	0	0	0	0	0	0	0	0	0	82	90	476	0	0	0	0	0	0	0	0	0	0	0	0	0	0	0	0	0	130	0	0	0	0	0	5002	0	8826	0	1304	0	15712	0	7096	0	3716	0	3686	0	8800	0	0	0	13620	0	3720	0	9166	916	21164	0	262	0	0	0	0	0	0	0	0	0	0	0	568	0	0	0	1826	0	0	0	1656	0	0	0	0	0	0	0	0	0	0	0	0	0	0	0	0	0	0	0	0	0	0	0	0	0	0	
285408	Parietal_Inf_L	5542	0	110	0	0	0	350	0	0	0	236	0	0	0	0	0	800	0	0	104	0	0	0	0	0	0	0	0	856	0	0	0	0	0	136	0	344	0	0	0	0	0	348	0	800	0	0	0	1328	0	21366	0	968	0	0	0	24096	0	17264	0	0	0	14024	0	25476	0	3352	0	754	0	226	0	370	0	280	0	396	0	554	0	1854	0	0	0	18330	0	0	0	2440	0	0	0	0	0	0	0	0	0	0	0	0	0	0	0	0	0	0	0	0	0	0	0	0	0	0	0	
156884	Parietal_Inf_R	0	1074	0	0	0	0	0	0	0	0	0	0	0	0	0	0	0	142	198	356	0	0	0	0	0	0	0	0	0	0	0	0	0	0	0	0	0	474	0	242	0	0	0	1910	0	1536	0	776	0	2800	0	3574	0	3242	0	2096	0	10296	0	13620	0	0	0	12594	0	11676	0	6456	0	302	0	0	0	0	0	0	0	0	0	0	0	602	0	0	0	1202	0	0	0	3274	0	0	0	0	0	0	0	0	0	0	0	0	0	0	0	0	0	0	0	0	0	0	0	0	0	0	
129640	SupraMarginal_L	1418	0	0	0	0	0	218	0	0	0	278	0	0	0	0	0	1532	0	0	0	0	0	0	0	0	0	0	0	500	0	0	0	0	0	96	0	192	0	0	0	0	0	84	0	0	0	0	0	0	0	1514	0	0	0	0	0	14234	0	86	0	14024	0	0	0	8932	0	124	0	464	0	0	0	162	0	0	0	126	0	848	0	7050	0	0	0	10778	0	0	0	2160	0	0	0	0	0	0	0	0	0	0	0	0	0	0	0	0	0	0	0	0	0	0	0	0	0	0	0	
113692	SupraMarginal_R	0	2382	0	0	0	0	0	0	0	0	0	0	0	0	0	0	0	2280	256	322	0	0	0	0	0	0	0	0	0	340	0	0	0	82	0	0	0	260	0	0	0	0	0	0	0	296	0	0	0	330	0	106	0	652	0	262	0	15726	0	3720	0	12594	0	0	0	4990	0	860	0	372	0	0	0	0	0	0	0	0	0	192	0	5394	0	0	0	4130	0	0	0	1300	0	0	0	0	0	0	0	0	0	0	0	0	0	0	0	0	0	0	0	0	0	0	0	0	0	0	
207500	Angular_L	610	0	0	0	0	0	0	0	0	0	0	0	0	0	0	0	736	0	0	0	0	0	0	0	0	0	0	0	304	0	0	0	0	0	0	0	0	0	0	0	0	0	626	0	830	0	0	0	560	0	19238	0	950	0	0	0	1742	0	4158	0	25476	0	8932	0	0	0	1642	0	336	0	0	0	0	0	0	0	0	0	0	0	3246	0	0	0	29232	0	0	0	5132	0	0	0	0	0	0	0	0	0	0	0	0	0	0	0	0	0	0	0	0	0	0	0	0	0	0	0	
145328	Angular_R	0	332	0	0	0	0	0	0	0	0	0	0	0	0	0	0	0	0	0	1246	0	0	0	0	0	0	0	0	0	0	0	0	0	112	0	0	0	424	0	228	0	0	0	1038	0	1806	0	132	0	10050	0	11452	0	3132	0	706	0	608	0	9166	0	11676	0	4990	0	0	140	3750	0	1066	0	0	0	0	0	0	0	0	0	0	0	1792	0	0	0	4964	0	0	0	3854	0	0	0	0	0	0	0	0	0	0	0	0	0	0	0	0	0	0	0	0	0	0	0	0	0	0	
423152	Precuneus_L	948	106	0	0	0	0	0	0	0	0	0	0	0	0	0	0	100	0	124	340	0	0	0	0	0	0	0	0	540	0	0	0	4814	1872	13512	2136	5910	646	3926	490	0	0	20186	9554	15838	14646	4600	1026	12758	6646	18854	2248	1570	486	5822	1050	2642	294	19472	916	3352	0	124	0	1642	140	0	18932	3668	1366	0	0	690	0	82	0	394	0	380	0	84	0	0	0	3240	200	0	0	2512	224	102	0	0	0	0	0	86	0	106	0	0	0	0	0	0	0	0	0	0	0	180	0	0	0	0	0	
706624	Precuneus_R	386	2122	428	204	0	0	0	0	0	0	0	0	0	0	0	0	0	384	1148	9872	0	0	0	0	0	0	0	0	0	204	0	0	1632	6768	1808	15510	274	3426	0	2196	0	0	1470	42632	1984	40864	194	20712	1156	34810	278	14994	0	11908	0	22988	156	13628	382	21164	0	6456	0	860	0	3750	18932	0	768	15148	0	0	0	0	0	0	482	220	0	162	0	1746	0	0	0	13534	0	0	0	13778	0	0	0	0	0	0	0	472	0	118	0	0	0	0	0	0	0	0	0	0	1204	0	0	0	0	0	
393276	Paracentral_Lobule_L	41472	3280	6688	388	0	0	0	0	0	0	0	0	0	0	0	0	360	150	13600	17536	0	0	0	0	0	0	0	0	432	290	0	0	4704	11738	8814	4352	6144	3992	874	1184	142	0	326	0	280	0	402	620	0	0	2218	0	312	0	452	782	4668	2552	626	0	754	0	464	0	336	0	3668	768	0	5722	3878	1046	3944	82	4598	0	26504	2404	222	0	276	0	0	0	1590	0	0	0	1004	0	0	0	0	0	0	0	0	0	0	0	0	0	0	0	0	0	0	0	0	0	0	0	0	0	0	0	
223944	Paracentral_Lobule_R	918	9332	974	1592	0	0	0	0	0	0	0	96	0	0	0	0	0	988	2926	17464	0	0	0	0	0	0	0	0	0	1066	0	96	922	11974	288	3656	0	226	0	92	0	0	0	2372	0	6854	0	1514	0	6478	0	1514	0	294	0	1332	0	8946	0	262	0	302	0	372	0	1066	1366	15148	5722	0	0	662	0	244	0	0	0	494	0	276	0	462	0	0	0	1816	0	0	0	1866	0	0	0	0	0	0	0	0	0	0	0	0	0	0	0	0	0	0	0	0	0	0	0	0	0	0	
255196	Caudate_L	11386	124	6018	2694	308	0	6694	798	0	0	826	114	252	186	818	816	1440	326	7054	2654	6790	6898	674	322	488	296	5396	1568	5652	688	4306	2092	0	740	120	176	326	228	178	110	1000	136	0	0	0	0	0	0	0	0	0	0	0	0	0	94	756	0	0	0	226	0	0	0	0	0	0	0	3878	0	0	12730	16964	1868	2004	816	5750	116	492	0	1058	0	154	0	0	0	0	0	0	0	0	0	0	0	0	0	0	0	0	0	0	0	0	0	0	0	0	0	0	0	0	0	0	0	0	0	
461988	Caudate_R	1470	404	4956	19734	494	1092	410	1026	0	534	0	9090	0	5018	0	3982	0	6934	8204	24082	4202	6920	586	8444	1202	2034	3910	4944	1548	16790	5032	20840	0	920	0	0	0	1222	0	710	1024	858	0	0	0	0	0	0	0	0	0	0	0	0	0	636	0	218	0	0	0	0	0	0	0	0	0	0	1046	662	12730	0	5452	18260	284	5976	922	15908	0	0	0	0	0	122	0	0	0	0	0	0	0	0	0	0	0	0	0	0	0	162	0	0	0	0	0	0	0	0	0	0	0	0	0	0	0	0	
319192	Putamen_L	21386	0	11750	578	126	0	4974	0	108	0	980	0	1264	86	964	450	782	0	11796	492	1872	2292	1494	106	0	0	522	418	14532	140	5616	1030	0	252	720	88	12986	644	2234	154	1452	0	624	0	0	0	334	610	0	0	186	0	0	0	3098	0	1748	0	170	0	370	0	162	0	0	0	690	0	3944	0	16964	5452	0	852	13176	0	3500	0	144	0	1468	0	1076	0	540	0	0	0	1536	0	0	0	0	0	0	0	134	0	530	0	0	0	0	0	0	0	0	0	0	0	0	0	0	0	0	0	
306192	Putamen_R	154	1906	842	13036	140	894	0	1860	0	2374	0	2644	0	1764	0	3400	0	3862	1636	6466	426	1662	310	7886	1194	2110	430	2422	0	18626	1836	12800	0	580	0	0	0	14022	0	9024	88	1152	0	0	0	0	0	0	0	0	0	0	0	0	0	6944	0	496	0	0	0	0	0	0	0	0	0	0	82	244	1868	18260	852	0	0	3156	0	1152	0	0	0	386	0	262	0	132	0	0	0	336	0	0	0	0	0	0	0	472	0	2908	0	0	0	0	0	0	0	0	0	0	0	0	0	0	0	0	
96880	Pallidum_L	10890	0	2828	288	0	0	2778	0	0	0	0	0	0	0	0	86	534	0	1220	220	0	0	116	0	0	0	0	0	208	0	370	146	0	176	300	0	3588	94	0	0	0	0	0	0	0	0	0	0	0	0	148	0	0	0	0	0	952	0	160	0	280	0	0	0	0	0	82	0	4598	0	2004	284	13176	0	0	0	2822	0	92	0	0	0	0	0	0	0	0	0	0	0	0	0	0	0	0	0	0	0	0	0	0	0	0	0	0	0	0	0	0	0	0	0	0	0	0	0	
61576	Pallidum_R	0	564	1316	5210	0	0	0	228	0	0	0	1276	0	776	0	0	0	1312	1328	3268	0	0	0	118	0	0	0	0	0	2336	0	162	0	108	0	0	0	880	0	518	0	0	0	0	0	0	0	0	0	0	0	0	0	0	0	426	0	122	0	0	0	0	0	0	0	0	0	0	0	0	816	5976	0	3156	0	0	0	892	0	0	0	0	0	0	0	0	0	0	0	0	0	0	0	0	0	0	0	0	0	0	0	0	0	0	0	0	0	0	0	0	0	0	0	0	0	0	
218440	Thalamus_L	21724	216	396	160	0	0	354	0	0	0	0	0	0	0	0	268	696	150	1098	738	0	0	0	0	0	0	0	0	1686	204	410	90	0	452	2388	5286	8638	5216	1496	688	254	0	228	0	0	0	1746	454	0	0	140	0	0	0	1198	420	1060	0	90	0	396	0	126	0	0	0	394	482	26504	0	5750	922	3500	0	2822	0	0	6318	1366	0	932	0	0	0	830	0	0	0	934	0	0	0	0	0	0	0	0	0	0	0	0	0	0	0	0	0	0	0	0	0	0	0	0	0	0	0	
145876	Thalamus_R	1762	772	704	5206	0	0	0	0	0	0	0	516	0	158	0	0	0	1272	1404	16576	0	0	0	222	0	0	0	0	0	1842	0	1304	0	468	346	2406	552	5618	0	1554	0	372	0	0	0	0	0	1026	0	0	0	0	0	0	0	1174	0	88	0	0	0	0	0	0	0	0	0	220	2404	494	116	15908	0	1152	0	892	6318	0	0	0	0	0	0	92	0	0	0	0	0	0	0	0	0	0	0	0	0	0	0	0	0	0	0	0	0	0	0	0	0	0	0	0	0	0	0	0	
91964	Heschl_L	5200	0	0	0	0	0	1036	0	0	0	1180	0	0	0	0	0	3188	0	178	0	0	0	0	0	0	0	0	0	8332	0	0	0	0	0	1216	710	2812	672	272	216	0	0	338	0	0	0	0	100	0	0	346	0	348	0	1064	0	2382	0	0	0	554	0	848	0	0	0	380	0	222	0	492	0	144	0	92	0	1366	0	0	0	5084	0	0	0	2602	0	0	0	4454	0	154	0	0	0	0	0	0	0	0	0	0	0	0	0	0	0	0	0	0	0	0	0	0	0	0	0	
16044	Heschl_R	0	178	0	212	0	0	0	0	0	0	0	0	0	0	0	0	0	1198	0	374	0	0	0	0	0	0	0	0	0	1376	0	0	0	0	0	0	0	274	0	0	0	0	0	0	0	142	0	0	0	136	0	0	0	0	0	208	0	138	0	0	0	0	0	192	0	0	0	162	0	276	0	0	0	0	0	0	0	0	0	0	0	2574	0	0	0	230	0	0	0	352	0	0	0	0	0	0	0	0	0	0	0	0	0	0	0	0	0	0	0	0	0	0	0	0	0	0	
215960	Temporal_Sup_L	5016	0	2386	0	0	0	1528	0	0	0	2272	0	0	0	0	0	9404	0	4290	90	0	0	0	0	0	0	0	0	9882	0	0	0	0	0	360	186	4750	166	214	90	0	0	0	0	0	0	0	0	0	0	1430	0	214	0	1934	0	2444	0	424	0	1854	0	7050	0	3246	0	84	0	276	0	1058	0	1468	0	0	0	932	0	5084	0	0	0	3818	0	25228	0	0	0	10380	0	82	0	0	0	0	0	0	0	340	0	0	0	0	0	0	0	0	0	0	0	0	0	0	0	0	0	
68456	Temporal_Sup_R	0	1008	0	318	0	0	0	0	0	0	0	0	0	0	0	0	0	886	0	660	0	0	0	0	0	0	0	0	0	1462	0	0	0	136	0	0	0	152	0	0	0	0	0	0	0	304	0	0	0	1948	0	352	0	682	0	652	0	562	0	568	0	602	0	5394	0	1792	0	1746	0	462	0	0	0	386	0	0	0	0	0	2574	0	0	0	2478	0	7478	0	0	0	1626	0	0	0	0	0	0	0	0	0	0	0	0	0	0	0	0	0	0	0	0	0	0	0	0	0	0	
87872	Temporal_Pole_Sup_L	104	0	1678	0	534	0	104	0	442	0	2484	0	292	0	1796	0	2056	0	1808	0	1034	0	0	0	0	0	0	0	7600	0	148	0	0	0	0	0	1738	0	1202	0	2042	0	0	0	0	0	0	0	0	0	0	0	0	0	2524	0	0	0	0	0	0	0	0	0	0	0	0	0	0	0	154	0	1076	0	0	0	0	0	0	0	3818	0	0	0	6214	0	2462	0	2626	0	0	0	0	0	0	0	0	0	0	0	0	0	0	0	0	0	0	0	0	0	0	0	0	0	0	0	
31760	Temporal_Pole_Sup_R	0	0	0	0	0	0	0	0	0	0	0	0	0	0	0	0	0	90	0	0	0	0	0	0	0	0	0	0	0	572	0	0	0	0	0	0	0	1008	0	1580	0	1690	0	0	0	0	0	0	0	0	0	0	0	0	0	2316	0	0	0	0	0	0	0	0	0	0	0	0	0	0	0	122	0	262	0	0	0	92	0	0	0	2478	0	0	0	2270	0	2218	0	1182	0	0	0	0	0	0	0	0	0	0	0	0	0	0	0	0	0	0	0	0	0	0	0	0	0	0	
435408	Temporal_Mid_L	2390	0	226	0	0	0	0	0	0	0	0	0	0	0	0	0	2848	0	206	480	0	0	0	0	0	0	0	0	3168	0	0	0	370	150	946	320	9842	310	368	194	0	0	3454	0	2350	0	208	0	848	0	32352	0	5990	0	4316	0	1678	0	2456	0	18330	0	10778	0	29232	0	3240	0	1590	0	0	0	540	0	0	0	830	0	2602	0	25228	0	6214	0	0	0	2096	0	41250	0	106	0	0	0	0	0	0	0	198	0	0	0	0	0	0	0	0	0	0	0	0	0	0	0	0	0	
244504	Temporal_Mid_R	0	1970	0	0	0	0	0	0	0	0	0	0	0	0	0	0	0	184	0	2012	0	0	0	0	0	0	0	0	0	404	0	0	0	112	0	0	0	1642	0	992	0	188	0	3352	0	5300	0	912	0	15646	0	12784	0	4844	0	6282	0	1048	0	1826	0	1202	0	4130	0	4964	200	13534	0	1816	0	0	0	132	0	0	0	0	0	230	0	7478	0	2270	0	0	0	1404	0	25168	0	0	0	0	0	0	0	0	0	226	0	0	0	0	0	0	0	0	0	0	0	0	0	0	0	0	
16256	Temporal_Pole_Mid_L	0	0	0	0	0	0	0	0	0	0	0	0	0	0	0	0	0	0	0	0	0	0	0	0	0	0	0	0	0	0	0	0	0	0	0	0	0	0	390	0	132	0	0	0	0	0	0	0	0	0	0	0	0	0	1506	0	0	0	0	0	0	0	0	0	0	0	0	0	0	0	0	0	0	0	0	0	0	0	0	0	0	0	2462	0	2096	0	0	0	1542	0	0	0	0	0	0	0	0	0	0	0	0	0	0	0	0	0	0	0	0	0	0	0	0	0	0	0	
14564	Temporal_Pole_Mid_R	0	0	0	0	0	0	0	0	0	0	0	0	0	0	0	0	0	0	0	0	0	0	0	0	0	0	0	0	0	0	0	0	0	0	0	0	0	114	0	208	0	144	0	0	0	0	0	0	0	0	0	0	0	0	0	1246	0	0	0	0	0	0	0	0	0	0	0	0	0	0	0	0	0	0	0	0	0	0	0	0	0	0	0	2218	0	1404	0	0	0	1948	0	0	0	0	0	0	0	0	0	0	0	0	0	0	0	0	0	0	0	0	0	0	0	0	0	0	
335152	Temporal_Inf_L	2852	0	1132	0	0	0	0	0	0	0	0	0	0	0	0	0	1344	0	1350	120	0	0	0	0	0	0	0	0	4134	0	0	0	148	0	2060	950	22172	936	1978	466	742	0	2696	0	1602	0	962	184	164	0	13584	0	3922	0	17404	106	982	0	748	0	2440	0	2160	0	5132	0	2512	0	1004	0	0	0	1536	0	0	0	934	0	4454	0	10380	0	2626	0	41250	0	1542	0	0	0	3414	0	296	0	0	0	548	0	4124	0	202	0	284	0	0	0	0	0	0	0	0	0	0	0	0	0	
272072	Temporal_Inf_R	0	5208	0	0	0	0	0	0	0	0	0	0	0	0	0	0	0	562	152	1708	0	0	0	0	0	0	0	0	0	976	0	0	0	736	0	2084	0	4718	0	2558	0	1510	0	4862	0	3670	0	3376	0	8000	0	3824	0	13736	0	16142	0	2122	0	1656	0	3274	0	1300	0	3854	224	13778	0	1866	0	0	0	336	0	0	0	0	0	352	0	1626	0	1182	0	25168	0	1948	0	0	0	2404	0	412	0	0	0	146	0	566	0	0	0	0	0	0	0	0	0	0	0	0	0	0	0	0	
453856	Cerebelum_Crus1_L	0	0	0	0	0	0	0	0	0	0	0	0	0	0	0	0	0	0	0	0	0	0	0	0	0	0	0	0	0	0	0	0	0	0	0	0	306	0	262	0	0	0	0	0	0	0	7324	4414	0	0	0	0	160	812	18408	1848	0	0	0	0	0	0	0	0	0	0	102	0	0	0	0	0	0	0	0	0	0	0	154	0	82	0	0	0	106	0	0	0	3414	0	0	3748	34864	1398	1908	368	19132	610	51312	4718	15780	98	20082	712	7734	686	686	104	318	538	5752	10028	5148	1780	1544	488	
484204	Cerebelum_Crus1_R	0	0	0	0	0	0	0	0	0	0	0	0	0	0	0	0	0	0	0	0	0	0	0	0	0	0	0	0	0	0	0	0	0	0	0	0	0	270	0	1114	0	0	0	0	0	0	172	8262	0	0	0	0	0	1428	134	17666	0	0	0	0	0	0	0	0	0	0	0	0	0	0	0	0	0	0	0	0	0	0	0	0	0	0	0	0	0	0	0	0	0	2404	3748	0	1822	31756	1358	6152	3964	24026	7894	55834	0	6780	176	17076	2054	4814	0	172	472	3622	11730	10704	9754	3294	2994	456	
326052	Cerebelum_Crus2_L	0	0	0	0	0	0	0	0	0	0	0	0	0	0	0	0	0	0	0	0	0	0	0	0	0	0	0	0	0	0	0	0	0	0	0	0	0	0	0	0	0	0	0	0	0	0	322	450	0	0	0	0	0	102	848	278	0	0	0	0	0	0	0	0	0	0	0	0	0	0	0	0	0	0	0	0	0	0	0	0	0	0	0	0	0	0	0	0	296	0	34864	1822	0	10736	0	158	538	116	3196	1390	36244	4924	33914	4438	8242	1038	550	144	0	208	398	1278	10304	4368	1576	284	
352440	Cerebelum_Crus2_R	0	0	0	0	0	0	0	0	0	0	0	0	0	0	0	0	0	0	0	0	0	0	0	0	0	0	0	0	0	0	0	0	0	0	0	0	0	0	0	0	0	0	0	0	0	0	0	528	0	0	0	0	0	120	0	608	0	0	0	0	0	0	0	0	0	0	0	0	0	0	0	0	0	0	0	0	0	0	0	0	0	0	0	0	0	0	0	0	0	412	1398	31756	10736	0	114	1554	822	2552	1232	7108	5260	31250	4532	40050	840	7266	0	224	286	1406	1080	1664	13124	7252	2742	304	
62272	Cerebelum_3_L	0	0	0	0	0	0	0	0	0	0	0	0	0	0	0	0	0	0	0	0	0	0	0	0	0	0	0	0	0	0	0	0	0	0	0	0	0	0	168	0	0	0	0	0	0	0	334	598	0	0	0	0	0	0	618	230	0	0	0	0	0	0	0	0	0	0	0	0	0	0	0	0	0	0	0	0	0	0	0	0	0	0	0	0	0	0	0	0	0	0	1908	1358	0	114	0	554	7006	770	5244	1692	0	0	0	0	1972	164	0	0	980	2272	2532	1844	296	182	218	82	
86400	Cerebelum_3_R	0	0	0	0	0	0	0	0	0	0	0	0	0	0	0	0	0	0	0	0	0	0	0	0	0	0	0	0	0	0	0	0	0	0	0	0	128	0	184	290	0	0	0	0	0	0	0	924	0	0	0	0	0	0	0	610	0	0	0	0	0	0	0	0	0	0	0	0	0	0	0	0	0	0	0	0	0	0	0	0	0	0	0	0	0	0	0	0	0	0	368	6152	158	1554	554	0	886	7288	550	8362	0	0	84	1930	244	916	0	0	556	4184	1776	514	2362	1252	1262	112	
276860	Cerebelum_4_5_L	0	0	0	0	0	0	0	0	0	0	0	0	0	0	0	0	0	0	0	0	0	0	0	0	0	0	0	0	154	0	0	0	0	0	0	0	594	0	770	0	0	0	0	0	0	0	8834	2226	0	0	0	0	354	96	10140	424	0	0	0	0	0	0	0	0	0	0	86	0	0	0	0	0	134	0	0	0	0	0	0	0	0	0	0	0	0	0	0	0	548	0	19132	3964	538	822	7006	886	0	2744	36256	5260	212	0	1130	754	4332	940	0	0	858	2214	17704	4708	1092	950	1186	1382	
239548	Cerebelum_4_5_R	0	0	0	0	0	82	0	0	0	0	0	0	0	0	0	0	0	0	0	0	0	164	0	0	0	0	0	116	0	396	0	0	0	0	0	184	84	1804	0	3304	0	0	0	0	0	0	106	6228	0	0	0	0	0	290	0	7434	0	0	0	0	0	0	0	0	0	0	0	472	0	0	0	0	0	472	0	0	0	0	0	0	0	0	0	0	0	0	0	0	0	146	610	24026	116	2552	770	7288	2744	0	3024	30654	0	84	0	3096	876	406	0	0	84	3428	12818	2512	1652	752	814	186	
469860	Cerebelum_6_L	624	0	502	0	0	0	0	0	0	0	0	0	0	0	0	0	0	0	614	0	0	0	0	0	0	0	0	0	1076	0	0	0	0	0	0	0	3400	0	966	0	98	0	0	0	0	0	12380	7690	0	0	0	0	664	1232	27172	3588	0	0	0	0	0	0	0	0	0	0	106	0	0	0	0	0	530	0	0	0	0	0	0	0	340	0	0	0	198	0	0	0	4124	0	51312	7894	3196	1232	5244	550	36256	3024	0	10556	1014	0	1544	718	5308	428	84	0	528	1140	16142	17916	3216	818	788	718	
470688	Cerebelum_6_R	0	284	0	634	0	0	0	222	0	0	0	218	0	0	0	0	0	434	0	442	0	90	0	0	0	0	0	0	0	1454	0	0	0	0	0	96	0	5060	0	6290	0	0	0	456	0	0	306	10290	0	0	0	0	0	2260	312	23374	0	132	0	0	0	0	0	0	0	0	0	118	0	0	0	162	0	2908	0	0	0	0	0	0	0	0	0	0	0	226	0	0	0	566	4718	55834	1390	7108	1692	8362	5260	30654	10556	0	110	416	210	5926	2452	1190	0	0	324	4062	14542	13822	6598	1626	1658	500	
255872	Cerebelum_7b_L	0	0	0	0	0	0	0	0	0	0	0	0	0	0	0	0	0	0	0	0	0	0	0	0	0	0	0	0	0	0	0	0	0	0	0	0	0	0	0	0	0	0	0	0	0	0	0	0	0	0	0	0	0	0	402	0	0	0	0	0	0	0	0	0	0	0	0	0	0	0	0	0	0	0	0	0	0	0	0	0	0	0	0	0	0	0	0	0	202	0	15780	0	36244	5260	0	0	212	0	1014	110	0	5426	35790	5604	9692	420	1664	0	0	0	106	172	3726	5606	506	0	
204260	Cerebelum_7b_R	0	0	0	0	0	0	0	0	0	0	0	0	0	0	0	0	0	0	0	0	0	0	0	0	0	0	0	0	0	0	0	0	0	0	0	0	0	0	0	0	0	0	0	0	0	0	0	0	0	0	0	0	0	0	0	0	0	0	0	0	0	0	0	0	0	0	0	0	0	0	0	0	0	0	0	0	0	0	0	0	0	0	0	0	0	0	0	0	0	0	98	6780	4924	31250	0	0	0	84	0	416	5426	0	5662	32168	552	4736	0	0	0	0	0	0	4126	5816	92	0	
319968	Cerebelum_8_L	0	0	0	0	0	0	0	0	0	0	0	0	0	0	0	0	0	0	0	0	0	0	0	0	0	0	0	0	0	0	0	0	0	0	0	0	0	0	0	0	0	0	0	0	0	0	0	0	0	0	0	0	0	0	512	0	0	0	0	0	0	0	0	0	0	0	0	0	0	0	0	0	0	0	0	0	0	0	0	0	0	0	0	0	0	0	0	0	284	0	20082	176	33914	4532	0	84	1130	0	1544	210	35790	5662	0	9792	24794	1822	1794	204	0	124	160	320	3492	11316	1964	282	
335768	Cerebelum_8_R	0	0	0	0	0	0	0	0	0	0	0	0	0	0	0	0	0	0	0	0	0	0	0	0	0	0	0	0	0	0	0	0	0	0	0	0	0	0	0	118	0	0	0	0	0	0	0	0	0	0	0	0	0	0	0	694	0	0	0	0	0	0	0	0	0	0	0	0	0	0	0	0	0	0	0	0	0	0	0	0	0	0	0	0	0	0	0	0	0	0	712	17076	4438	40050	0	1930	754	3096	718	5926	5604	32168	9792	0	2386	18472	0	886	132	1550	1010	0	6614	11386	1998	374	
182948	Cerebelum_9_L	0	0	0	0	0	0	0	0	0	0	0	0	0	0	0	0	0	0	0	0	0	0	0	0	0	0	0	0	0	0	0	0	0	0	0	0	0	0	0	0	0	0	0	0	0	0	0	864	0	0	0	0	0	0	98	380	0	0	0	0	0	0	0	0	0	0	0	0	0	0	0	0	0	0	0	0	0	0	0	0	0	0	0	0	0	0	0	0	0	0	7734	2054	8242	840	1972	244	4332	876	5308	2452	9692	552	24794	2386	0	1300	2226	130	196	280	2382	4212	1748	3752	1722	706	
144028	Cerebelum_9_R	0	0	0	0	0	0	0	0	0	0	0	0	0	0	0	0	0	0	0	0	0	0	0	0	0	0	0	0	0	0	0	0	0	0	0	0	0	0	0	0	0	0	0	0	0	0	0	94	0	0	0	0	0	0	0	0	0	0	0	0	0	0	0	0	0	0	0	0	0	0	0	0	0	0	0	0	0	0	0	0	0	0	0	0	0	0	0	0	0	0	686	4814	1038	7266	164	916	940	406	428	1190	420	4736	1822	18472	1300	0	0	2140	784	1056	1400	2334	3950	5888	6900	2870	
14008	Cerebelum_10_L	0	0	0	0	0	0	0	0	0	0	0	0	0	0	0	0	0	0	0	0	0	0	0	0	0	0	0	0	0	0	0	0	0	0	0	0	0	0	0	0	0	0	0	0	0	0	0	0	0	0	0	0	0	0	0	0	0	0	0	0	0	0	0	0	0	0	0	0	0	0	0	0	0	0	0	0	0	0	0	0	0	0	0	0	0	0	0	0	0	0	686	0	550	0	0	0	0	0	84	0	1664	0	1794	0	2226	0	0	0	0	0	0	0	0	0	0	0	
9640	Cerebelum_10_R	0	0	0	0	0	0	0	0	0	0	0	0	0	0	0	0	0	0	0	0	0	0	0	0	0	0	0	0	0	0	0	0	0	0	0	0	0	0	0	0	0	0	0	0	0	0	0	0	0	0	0	0	0	0	0	0	0	0	0	0	0	0	0	0	0	0	0	0	0	0	0	0	0	0	0	0	0	0	0	0	0	0	0	0	0	0	0	0	0	0	104	172	144	224	0	0	0	0	0	0	0	0	204	886	130	2140	0	0	0	0	0	0	200	360	256	0	
26532	Vermis_1_2	0	0	0	0	0	0	0	0	0	0	0	0	0	0	0	0	0	0	0	0	0	0	0	0	0	0	0	0	0	0	0	0	0	0	0	0	0	0	128	0	0	0	0	0	0	0	0	0	0	0	0	0	0	0	0	0	0	0	0	0	0	0	0	0	0	0	0	0	0	0	0	0	0	0	0	0	0	0	0	0	0	0	0	0	0	0	0	0	0	0	318	472	0	286	980	556	858	84	528	324	0	0	0	132	196	784	0	0	0	3718	1452	496	530	552	630	242	
81696	Vermis_3	0	0	0	0	0	0	0	0	0	0	0	0	0	0	0	0	0	0	0	0	0	0	0	0	0	0	0	0	0	0	0	0	0	0	0	0	128	0	260	0	0	0	0	0	0	0	224	364	0	0	0	0	0	0	0	212	0	0	0	0	0	0	0	0	0	0	0	0	0	0	0	0	0	0	0	0	0	0	0	0	0	0	0	0	0	0	0	0	0	0	538	3622	208	1406	2272	4184	2214	3428	1140	4062	0	0	124	1550	280	1056	0	0	3718	0	3536	930	1972	1478	1556	386	
