data	data	429092	274860	1.12122e+06	814496	192992	122144	509380	319420	96348	30120	309792	230828	284044	120996	243480	145032	231516	124628	788044	737740	175020	136216	480716	439396	103648	147044	146544	133396	684528	387724	456000	560688	200900	497340	148356	147112	315092	315964	135268	245848	43828	72336	369304	423204	258956	301704	302556	324484	295104	337452	599088	298956	220968	135480	481920	459952	290592	174952	154768	110032	190724	86724	91436	127160	166984	154812	464676	476428	144748	105712	284728	421640	319484	386660	35564	44120	78068	135468	96868	41748	308472	203852	181400	122876	338068	312500	45352	55764	395496	204080	418944	428588	271260	287940	48416	55024	343164	280920	481588	416120	221684	150280	259984	269904	152740	163600	17908	19764	34552	56120	263984	208764	232144	137328	123892	66952	
data	data	Precentral_L	Precentral_R	Frontal_Sup_L	Frontal_Sup_R	Frontal_Sup_Orb_L	Frontal_Sup_Orb_R	Frontal_Mid_L	Frontal_Mid_R	Frontal_Mid_Orb_L	Frontal_Mid_Orb_R	Frontal_Inf_Oper_L	Frontal_Inf_Oper_R	Frontal_Inf_Tri_L	Frontal_Inf_Tri_R	Frontal_Inf_Orb_L	Frontal_Inf_Orb_R	Rolandic_Oper_L	Rolandic_Oper_R	Supp_Motor_Area_L	Supp_Motor_Area_R	Olfactory_L	Olfactory_R	Frontal_Sup_Medial_L	Frontal_Sup_Medial_R	Frontal_Med_Orb_L	Frontal_Med_Orb_R	Rectus_L	Rectus_R	Insula_L	Insula_R	Cingulum_Ant_L	Cingulum_Ant_R	Cingulum_Mid_L	Cingulum_Mid_R	Cingulum_Post_L	Cingulum_Post_R	Hippocampus_L	Hippocampus_R	ParaHippocampal_L	ParaHippocampal_R	Amygdala_L	Amygdala_R	Calcarine_L	Calcarine_R	Cuneus_L	Cuneus_R	Lingual_L	Lingual_R	Occipital_Sup_L	Occipital_Sup_R	Occipital_Mid_L	Occipital_Mid_R	Occipital_Inf_L	Occipital_Inf_R	Fusiform_L	Fusiform_R	Postcentral_L	Postcentral_R	Parietal_Sup_L	Parietal_Sup_R	Parietal_Inf_L	Parietal_Inf_R	SupraMarginal_L	SupraMarginal_R	Angular_L	Angular_R	Precuneus_L	Precuneus_R	Paracentral_Lobule_L	Paracentral_Lobule_R	Caudate_L	Caudate_R	Putamen_L	Putamen_R	Pallidum_L	Pallidum_R	Thalamus_L	Thalamus_R	Heschl_L	Heschl_R	Temporal_Sup_L	Temporal_Sup_R	Temporal_Pole_Sup_L	Temporal_Pole_Sup_R	Temporal_Mid_L	Temporal_Mid_R	Temporal_Pole_Mid_L	Temporal_Pole_Mid_R	Temporal_Inf_L	Temporal_Inf_R	Cerebelum_Crus1_L	Cerebelum_Crus1_R	Cerebelum_Crus2_L	Cerebelum_Crus2_R	Cerebelum_3_L	Cerebelum_3_R	Cerebelum_4_5_L	Cerebelum_4_5_R	Cerebelum_6_L	Cerebelum_6_R	Cerebelum_7b_L	Cerebelum_7b_R	Cerebelum_8_L	Cerebelum_8_R	Cerebelum_9_L	Cerebelum_9_R	Cerebelum_10_L	Cerebelum_10_R	Vermis_1_2	Vermis_3	Vermis_4_5	Vermis_6	Vermis_7	Vermis_8	Vermis_9	Vermis_10	
429092	Precentral_L	0	0	15096	2916	0	0	16936	0	0	0	17654	0	8250	0	0	0	13650	0	9910	6660	0	0	510	0	0	0	0	0	12636	0	0	0	478	3284	810	482	5856	212	524	0	0	0	424	0	0	0	504	0	114	0	1842	0	218	0	1186	0	29698	0	366	0	3602	0	1394	0	1666	0	970	114	10458	0	3358	250	5906	0	2614	0	19972	212	3258	0	7892	0	308	0	836	0	0	0	1520	0	0	0	0	0	0	0	0	0	0	0	0	0	0	0	0	0	0	0	0	0	0	0	0	0	0	0	
274860	Precentral_R	0	0	3518	19452	0	0	0	16116	0	0	0	11334	0	586	0	0	0	5656	3766	2026	0	0	0	106	0	0	0	0	0	6370	0	462	0	184	0	0	0	9464	0	1598	0	0	0	1626	0	484	0	286	0	1004	0	894	0	452	0	2868	0	14436	0	428	0	358	0	1116	0	192	0	2326	0	1066	1824	5670	0	10154	0	2658	0	7200	0	358	0	368	0	246	0	138	0	0	0	530	0	0	0	0	0	0	0	0	0	110	0	0	0	0	0	0	0	0	0	0	0	0	0	0	0	0	
1.12122e+06	Frontal_Sup_L	15096	3518	0	12786	11184	342	71962	4202	5148	0	23140	1568	23730	508	17476	354	11354	160	92110	22010	2478	104	52566	10162	4786	904	2988	130	45092	1992	30490	11596	3344	11544	0	0	2986	808	282	232	154	0	0	0	0	0	0	0	0	0	0	0	0	120	2112	242	6038	0	0	0	0	0	0	0	0	0	0	0	434	0	12490	4058	16788	2028	116	138	1486	110	550	0	6266	124	4852	0	522	0	0	0	2482	0	0	0	0	0	0	0	0	0	368	0	0	0	0	0	0	0	0	0	0	0	0	0	0	0	0	0	
814496	Frontal_Sup_R	2916	19452	12786	0	278	7516	466	39656	0	1472	0	10108	0	6954	0	7070	0	3554	20308	68000	126	622	7490	36904	214	6796	290	4454	122	14012	6382	30926	2334	19292	0	308	0	6264	0	650	0	120	0	126	0	0	0	96	0	198	0	174	0	116	0	548	0	344	0	0	0	0	0	0	0	0	0	250	1854	0	4144	27838	792	11778	0	992	298	18802	0	180	0	340	0	440	0	0	0	0	0	96	0	0	0	0	0	0	0	0	0	0	0	0	0	0	0	0	0	0	0	0	0	0	0	0	0	0	
192992	Frontal_Sup_Orb_L	0	0	11184	278	0	0	1350	0	13512	0	0	0	0	0	12580	0	0	0	0	0	5626	262	4212	604	8846	592	12524	136	5524	0	8490	1214	0	0	0	0	164	0	0	0	134	0	0	0	0	0	0	0	0	0	0	0	0	0	118	0	0	0	0	0	0	0	0	0	0	0	0	0	0	0	4740	314	1322	138	0	0	0	0	0	0	0	0	2632	0	0	0	0	0	0	0	0	0	0	0	0	0	0	0	0	0	0	0	0	0	0	0	0	0	0	0	0	0	0	0	0	0	
122144	Frontal_Sup_Orb_R	0	0	342	7516	0	0	0	2914	0	3950	0	0	0	100	0	4818	0	0	0	112	0	2216	1272	7236	242	9456	0	9752	0	2836	1364	4500	0	0	0	0	0	0	0	102	0	174	0	0	0	0	0	0	0	0	0	0	0	0	0	0	0	0	0	0	0	0	0	0	0	0	0	0	0	0	0	1058	0	1112	0	0	0	0	0	0	0	0	0	0	0	0	0	0	0	0	0	0	0	0	0	0	0	0	0	0	0	0	0	0	0	0	0	0	0	0	0	0	0	0	0	0	
509380	Frontal_Mid_L	16936	0	71962	466	1350	0	0	0	5342	0	17954	0	35510	0	15936	0	4786	0	11394	794	340	0	16566	1850	182	0	302	0	24824	0	8480	2898	270	1212	0	0	484	0	132	0	0	0	0	0	0	0	0	0	0	0	0	0	0	0	642	0	1710	0	0	0	0	0	0	0	0	0	0	0	0	0	520	524	4144	348	166	0	0	0	0	0	4240	0	1676	0	96	0	0	0	654	0	0	0	0	0	0	0	0	0	0	0	0	0	0	0	0	0	0	0	0	0	0	0	0	0	0	0	
319420	Frontal_Mid_R	0	16116	4202	39656	0	2914	0	0	0	2520	0	7782	0	12796	0	7356	0	1424	5778	6334	0	318	260	6456	0	786	0	1622	0	7820	0	6026	0	1882	0	0	0	3980	0	1142	0	0	0	0	0	0	0	0	0	0	0	0	0	244	0	1750	0	184	0	0	0	0	0	0	0	0	0	0	0	0	2332	6450	0	9968	0	730	0	232	0	0	0	106	0	230	0	0	0	0	0	314	0	0	0	0	0	0	0	0	0	0	0	0	0	0	0	0	0	0	0	0	0	0	0	0	0	0	
96348	Frontal_Mid_Orb_L	0	0	5148	0	13512	0	5342	0	0	0	0	0	862	0	14674	0	0	0	144	0	266	0	110	0	1450	0	3410	0	922	0	470	0	0	0	0	0	0	0	0	0	0	0	0	0	0	0	0	0	0	0	0	0	0	0	0	0	0	0	0	0	0	0	0	0	0	0	0	0	0	0	270	0	146	0	0	0	0	0	0	0	0	0	1448	0	0	0	0	0	0	0	0	0	0	0	0	0	0	0	0	0	0	0	0	0	0	0	0	0	0	0	0	0	0	0	0	0	
30120	Frontal_Mid_Orb_R	0	0	0	1472	0	3950	0	2520	0	0	0	0	0	816	0	4882	0	0	0	0	0	0	0	0	0	318	0	894	0	98	0	110	0	0	0	0	0	0	0	0	0	0	0	0	0	0	0	0	0	0	0	0	0	0	0	0	0	0	0	0	0	0	0	0	0	0	0	0	0	0	0	0	0	0	0	0	0	0	0	0	0	0	0	0	0	0	0	0	0	0	0	0	0	0	0	0	0	0	0	0	0	0	0	0	0	0	0	0	0	0	0	0	0	0	0	0	
309792	Frontal_Inf_Oper_L	17654	0	23140	0	0	0	17954	0	0	0	0	0	22326	0	480	0	17572	0	15606	0	0	0	2192	0	0	0	0	0	18054	0	1638	270	0	0	0	0	786	0	0	0	0	0	0	0	0	0	0	0	0	0	0	0	0	0	146	0	5116	0	0	0	204	0	140	0	200	0	0	0	0	0	470	0	1136	0	0	0	0	0	810	0	3436	0	4932	0	450	0	0	0	184	0	0	0	0	0	0	0	0	0	0	0	0	0	0	0	0	0	0	0	0	0	0	0	0	0	0	0	
230828	Frontal_Inf_Oper_R	0	11334	1568	10108	0	0	0	7782	0	0	0	0	0	7406	0	484	0	11524	2564	7558	0	0	106	480	0	0	0	0	0	21692	0	480	0	1276	0	0	0	3394	0	992	0	0	0	0	0	0	0	0	0	0	0	0	0	184	0	1918	0	1748	0	0	0	0	0	0	0	0	0	0	0	0	1106	6864	0	11424	0	1384	0	306	0	406	0	368	0	562	0	0	0	0	0	396	0	0	0	0	0	0	0	0	0	0	0	0	0	0	0	0	0	0	0	0	0	0	0	0	0	0	
284044	Frontal_Inf_Tri_L	8250	0	23730	0	0	0	35510	0	862	0	22326	0	0	0	10624	0	3858	0	8208	0	0	0	3042	100	0	0	0	0	17830	0	2382	366	0	0	0	0	154	0	0	0	0	0	0	0	0	0	0	0	0	0	0	0	0	0	0	0	1406	0	0	0	0	0	0	0	0	0	0	0	0	0	438	0	884	0	0	0	0	0	0	0	1098	0	954	0	0	0	0	0	0	0	0	0	0	0	0	0	0	0	0	0	0	0	0	0	0	0	0	0	0	0	0	0	0	0	0	0	
120996	Frontal_Inf_Tri_R	0	586	508	6954	0	100	0	12796	0	816	0	7406	0	0	0	5560	0	348	918	2342	0	0	0	802	0	0	0	0	0	12726	0	902	0	720	0	0	0	0	0	0	0	0	0	0	0	0	0	0	0	0	0	0	0	0	0	0	0	0	0	0	0	0	0	0	0	0	0	0	0	0	334	3400	0	3154	0	0	0	126	0	0	0	0	0	0	0	0	0	0	0	0	0	0	0	0	0	0	0	0	0	0	0	0	0	0	0	0	0	0	0	0	0	0	0	0	0	0	
243480	Frontal_Inf_Orb_L	0	0	17476	0	12580	0	15936	0	14674	0	480	0	10624	0	0	0	0	0	1188	0	5418	0	714	132	374	0	3506	0	18228	0	1672	112	0	0	0	0	1420	0	342	0	808	0	0	0	0	0	0	0	0	0	0	0	0	0	874	0	0	0	0	0	0	0	0	0	0	0	0	0	0	0	3092	0	2642	0	0	0	0	0	0	0	792	0	7656	0	310	0	0	0	592	0	0	0	0	0	0	0	0	0	98	0	0	0	0	0	0	0	0	0	0	0	0	0	0	0	0	0	
145032	Frontal_Inf_Orb_R	0	0	354	7070	0	4818	0	7356	0	4882	0	484	0	5560	0	0	0	0	644	1680	0	3198	0	3586	0	1476	0	3006	0	12052	0	6836	0	640	0	0	0	106	0	270	0	274	0	0	0	0	0	0	0	0	0	0	0	0	0	0	0	0	0	0	0	0	0	0	0	0	0	0	0	0	192	2262	0	2308	0	0	0	0	0	0	0	1302	0	1824	0	336	0	0	0	0	0	0	0	0	0	0	0	0	0	0	0	0	0	0	0	0	0	0	0	0	0	0	0	0	0	0	
231516	Rolandic_Oper_L	13650	0	11354	0	0	0	4786	0	0	0	17572	0	3858	0	0	0	0	0	10942	0	0	0	214	0	0	0	0	0	16944	0	216	0	200	0	0	0	710	0	0	0	0	0	0	0	0	0	0	0	172	0	1710	0	254	0	274	0	9908	0	210	0	320	0	1618	0	308	0	720	0	126	0	0	0	702	0	122	0	0	0	5266	0	7768	0	3240	0	1810	0	0	0	784	0	0	0	0	0	0	0	0	0	0	0	0	0	0	0	0	0	0	0	0	0	0	0	0	0	0	0	
124628	Rolandic_Oper_R	0	5656	160	3554	0	0	0	1424	0	0	0	11524	0	348	0	0	0	0	190	3100	0	0	0	0	0	0	0	0	0	11348	0	0	0	0	0	0	0	1538	0	348	0	0	0	172	0	0	0	0	0	138	0	156	0	282	0	406	0	5218	0	0	0	0	0	3692	0	100	0	184	0	0	0	672	0	2364	0	154	0	0	0	3996	0	4258	0	1042	0	164	0	0	0	126	0	0	0	0	0	0	0	0	0	0	0	0	0	0	0	0	0	0	0	0	0	0	0	0	0	0	
788044	Supp_Motor_Area_L	9910	3766	92110	20308	0	0	11394	5778	144	0	15606	2564	8208	918	1188	644	10942	190	0	44328	0	0	17936	5904	0	0	0	0	23354	3874	9466	7128	8276	24020	538	924	3330	1172	130	274	0	0	0	126	0	0	0	0	0	144	0	132	0	128	2636	260	3920	138	0	0	0	0	0	0	0	0	194	394	3462	102	12778	4382	12104	2376	1216	148	1556	328	638	0	5694	134	2788	0	382	0	0	0	3186	0	0	0	0	0	0	0	0	0	352	0	0	0	0	0	0	0	0	0	0	0	0	0	0	0	0	0	
737740	Supp_Motor_Area_R	6660	2026	22010	68000	0	112	794	6334	0	0	0	7558	0	2342	0	1680	0	3100	44328	0	0	0	4354	11300	0	0	0	0	0	10216	3340	14864	8102	47972	982	7360	0	1378	0	304	0	0	126	3408	0	782	0	280	0	1704	308	1096	0	224	0	414	244	674	108	0	0	0	0	0	0	138	1492	7042	7426	11364	3538	26642	648	11004	206	1538	284	12060	0	140	0	214	0	424	0	110	0	0	0	116	0	0	0	0	0	0	0	0	0	0	0	0	0	0	0	0	0	0	0	0	0	0	0	0	0	0	
175020	Olfactory_L	0	0	2478	126	5626	0	340	0	266	0	0	0	0	0	5418	0	0	0	0	0	0	5946	250	260	2506	782	9108	1406	8592	162	6446	2738	0	0	0	0	2138	0	1802	0	1814	0	0	0	0	0	0	0	0	0	0	0	0	0	1298	0	0	0	0	0	0	0	0	0	0	0	0	0	0	0	11432	4202	4732	772	0	0	0	0	0	0	822	0	4856	0	148	0	0	0	886	0	0	0	0	0	0	0	0	0	158	0	0	0	0	0	0	0	0	0	0	0	0	0	0	0	0	0	
136216	Olfactory_R	0	0	104	622	262	2216	0	318	0	0	0	0	0	0	0	3198	0	0	0	0	5946	0	0	1332	436	2588	2648	6434	1272	3722	3222	5220	0	0	0	0	0	640	398	930	234	1144	0	0	0	0	0	0	0	0	0	0	0	0	0	192	0	0	0	0	0	0	0	0	0	0	0	0	0	0	6458	9720	4670	1980	0	372	0	0	0	0	0	392	714	548	0	176	0	0	0	0	0	0	0	0	0	0	0	0	0	0	0	0	0	0	0	0	0	0	0	0	0	0	0	0	0	0	
480716	Frontal_Sup_Medial_L	510	0	52566	7490	4212	1272	16566	260	110	0	2192	106	3042	0	714	0	214	0	17936	4354	250	0	0	27884	4628	2354	1102	144	4038	94	36956	22462	7136	12878	260	0	0	0	0	0	0	0	0	0	0	0	0	0	0	0	0	0	0	0	0	0	0	0	0	0	0	0	0	0	0	0	0	0	306	0	1754	1182	4386	852	0	0	0	0	0	0	0	0	148	0	0	0	0	0	0	0	0	0	0	0	0	0	0	0	0	0	0	0	0	0	0	0	0	0	0	0	0	0	0	0	0	0	
439396	Frontal_Sup_Medial_R	0	106	10162	36904	604	7236	1850	6456	0	0	0	480	100	802	132	3586	0	0	5904	11300	260	1332	27884	0	1098	11246	464	4632	372	3624	13118	38326	2008	19344	0	0	0	0	0	0	0	218	0	0	0	0	0	0	0	0	0	0	0	0	0	0	0	0	0	0	0	0	0	0	0	0	0	0	0	0	520	3940	634	4602	0	0	0	0	0	0	0	220	0	234	0	0	0	0	0	0	0	0	0	0	0	0	0	0	0	0	0	0	0	0	0	0	0	0	0	0	0	0	0	0	0	0	
103648	Frontal_Med_Orb_L	0	0	4786	214	8846	242	182	0	1450	0	0	0	0	0	374	0	0	0	0	0	2506	436	4628	1098	0	2510	7140	576	868	0	11222	1758	0	0	0	0	0	0	176	0	0	0	0	0	0	0	0	0	0	0	0	0	0	0	0	0	0	0	0	0	0	0	0	0	0	0	0	0	0	0	1330	292	958	132	0	0	0	0	0	0	0	0	100	0	0	0	0	0	0	0	0	0	0	0	0	0	0	0	0	0	0	0	0	0	0	0	0	0	0	0	0	0	0	0	0	0	
147044	Frontal_Med_Orb_R	0	0	904	6796	592	9456	0	786	0	318	0	0	0	0	0	1476	0	0	0	0	782	2588	2354	11246	2510	0	738	12132	0	1680	4946	10546	0	0	0	0	0	0	0	0	0	178	0	0	0	0	0	0	0	0	0	0	0	0	0	0	0	0	0	0	0	0	0	0	0	0	0	0	0	0	150	1856	188	1012	0	0	0	0	0	0	0	142	0	146	0	0	0	0	0	0	0	0	0	0	0	0	0	0	0	0	0	0	0	0	0	0	0	0	0	0	0	0	0	0	0	0	
146544	Rectus_L	0	0	2988	290	12524	0	302	0	3410	0	0	0	0	0	3506	0	0	0	0	0	9108	2648	1102	464	7140	738	0	1318	2836	0	9154	2530	0	0	0	0	0	0	388	0	0	0	0	0	0	0	0	0	0	0	0	0	0	0	0	0	0	0	0	0	0	0	0	0	0	0	0	0	0	0	7444	1864	1958	558	0	0	0	0	0	0	0	0	1002	0	0	0	0	0	0	0	0	0	0	0	0	0	0	0	0	0	0	0	0	0	0	0	0	0	0	0	0	0	0	0	0	0	
133396	Rectus_R	0	0	130	4454	136	9752	0	1622	0	894	0	0	0	0	0	3006	0	0	0	0	1406	6434	144	4632	576	12132	1318	0	0	3170	1286	7448	0	0	0	0	0	130	0	142	0	508	0	0	0	0	0	0	0	0	0	0	0	0	0	0	0	0	0	0	0	0	0	0	0	0	0	0	0	0	592	3958	270	1794	0	0	0	0	0	0	0	378	0	386	0	0	0	0	0	0	0	0	0	0	0	0	0	0	0	0	0	0	0	0	0	0	0	0	0	0	0	0	0	0	0	0	
684528	Insula_L	12636	0	45092	122	5524	0	24824	0	922	0	18054	0	17830	0	18228	0	16944	0	23354	0	8592	1272	4038	372	868	0	2836	0	0	0	7606	744	184	0	180	0	15678	0	2328	0	2726	0	122	0	0	0	178	0	184	0	1694	0	566	0	9952	0	5836	0	280	0	1448	0	1138	0	910	0	750	0	660	0	5496	1198	21262	134	282	0	240	0	8836	0	20602	0	12596	0	3850	0	110	0	11476	0	238	0	0	0	0	0	146	0	1126	0	0	0	0	0	0	0	0	0	0	0	0	0	0	0	0	0	
387724	Insula_R	0	6370	1992	14012	0	2836	0	7820	0	98	0	21692	0	12726	0	12052	0	11348	3874	10216	162	3722	94	3624	0	1680	0	3170	0	0	128	4026	0	1816	0	0	0	7324	0	2008	0	1844	0	102	0	0	0	0	0	0	0	0	0	652	0	2966	0	1296	0	0	0	0	0	218	0	0	0	0	0	0	916	10752	0	22510	0	586	0	528	0	1684	0	7682	0	5734	0	2474	0	244	0	760	0	124	0	0	0	0	0	0	0	0	0	0	0	0	0	0	0	0	0	0	0	0	0	0	0	0	
456000	Cingulum_Ant_L	0	0	30490	6382	8490	1364	8480	0	470	0	1638	0	2382	0	1672	0	216	0	9466	3340	6446	3222	36956	13118	11222	4946	9154	1286	7606	128	0	25308	3880	5208	0	0	0	0	360	0	0	0	0	0	0	0	0	0	0	0	0	0	0	0	0	0	0	0	0	0	0	0	0	0	0	0	0	0	0	0	8288	3374	10980	1388	0	0	0	0	0	0	0	0	740	0	0	0	0	0	0	0	0	0	0	0	0	0	0	0	0	0	0	0	0	0	0	0	0	0	0	0	0	0	0	0	0	0	
560688	Cingulum_Ant_R	0	462	11596	30926	1214	4500	2898	6026	0	110	270	480	366	902	112	6836	0	0	7128	14864	2738	5220	22462	38326	1758	10546	2530	7448	744	4026	25308	0	3846	25484	0	0	0	0	0	0	0	192	0	0	0	0	0	0	0	0	0	0	0	0	0	0	0	0	0	0	0	0	0	0	0	0	0	0	0	0	2810	19300	2416	15444	0	246	0	0	0	0	0	312	184	314	0	0	0	0	0	0	0	0	0	0	0	0	0	0	0	0	0	0	0	0	0	0	0	0	0	0	0	0	0	0	0	0	
200900	Cingulum_Mid_L	478	0	3344	2334	0	0	270	0	0	0	0	0	0	0	0	0	200	0	8276	8102	0	0	7136	2008	0	0	0	0	184	0	3880	3846	0	16532	5004	1858	374	0	0	0	0	0	1270	548	560	556	180	0	984	274	4220	116	178	0	0	0	1944	0	808	0	884	0	0	0	342	0	9494	3554	6400	1710	344	0	684	0	666	0	0	0	100	0	158	0	0	0	498	0	0	0	152	0	0	0	0	0	0	0	0	0	0	0	0	0	0	0	0	0	0	0	0	0	0	0	0	0	0	0	
497340	Cingulum_Mid_R	3284	184	11544	19292	0	0	1212	1882	0	0	0	1276	0	720	0	640	0	0	24020	47972	0	0	12878	19344	0	0	0	0	0	1816	5208	25484	16532	0	2080	9404	0	0	0	0	0	0	150	3914	314	2572	0	272	120	1874	248	946	0	0	0	0	112	270	110	0	0	0	0	0	0	0	3324	12534	6368	6940	1352	600	794	728	356	0	0	0	0	0	0	0	0	0	0	0	0	0	0	0	0	0	0	0	0	0	0	0	0	0	0	0	0	0	0	0	0	0	0	0	0	0	0	0	0	0	
148356	Cingulum_Post_L	810	0	0	0	0	0	0	0	0	0	0	0	0	0	0	0	0	0	538	982	0	0	260	0	0	0	0	0	180	0	0	0	5004	2080	0	8476	7946	1340	1104	500	0	0	7772	240	1894	718	3228	0	1320	190	2268	0	434	0	1154	0	596	0	146	0	158	0	0	0	0	0	13382	3872	3782	288	0	0	178	0	0	0	468	0	418	0	0	0	0	0	334	0	0	0	1756	0	0	0	0	0	0	0	0	96	0	0	0	0	0	0	0	0	0	0	0	0	266	0	0	0	0	0	
147112	Cingulum_Post_R	482	0	0	308	0	0	0	0	0	0	0	0	0	0	0	0	0	0	924	7360	0	0	0	0	0	0	0	0	0	0	0	0	1858	9404	8476	0	3120	2880	556	1300	0	0	172	4010	950	1658	196	1578	388	494	176	432	0	224	0	178	118	0	0	0	0	0	0	0	0	0	4148	13392	1000	4536	0	0	106	0	0	0	848	94	0	0	0	0	0	0	0	0	0	0	722	136	0	0	0	0	0	0	0	254	0	0	0	0	0	0	0	0	0	0	0	0	1078	0	0	0	0	0	
315092	Hippocampus_L	5856	0	2986	0	164	0	484	0	0	0	786	0	154	0	1420	0	710	0	3330	0	2138	0	0	0	0	0	0	0	15678	0	0	0	374	0	7946	3120	0	1564	13446	628	5938	0	5048	0	1046	0	5940	358	666	0	1458	0	1162	0	19584	0	1698	0	112	0	682	0	218	0	388	0	5956	560	738	0	176	0	9514	0	0	0	1564	0	4372	0	5468	0	1930	0	1564	0	140	0	15284	0	632	0	0	0	0	0	1936	118	2254	0	0	0	0	0	0	0	0	0	0	0	258	0	0	0	0	0	
315964	Hippocampus_R	212	9464	808	6264	0	0	0	3980	0	0	0	3394	0	0	0	106	0	1538	1172	1378	0	640	0	0	0	0	0	130	0	7324	0	0	0	0	1340	2880	1564	0	298	28062	0	8552	0	122	0	0	142	4740	0	0	0	136	0	1922	0	23864	0	472	0	0	0	0	0	278	0	0	0	1930	0	0	0	434	0	17512	0	2142	354	4024	0	1064	0	3246	0	1254	0	2438	0	174	442	4736	0	734	0	0	0	1490	0	3214	0	1048	0	0	0	0	0	0	0	0	0	188	776	0	0	0	0	0	
135268	ParaHippocampal_L	524	0	282	0	0	0	132	0	0	0	0	0	0	0	342	0	0	0	130	0	1802	398	0	0	176	0	388	0	2328	0	360	0	0	0	1104	556	13446	298	0	142	3104	0	562	0	0	0	5518	354	106	0	702	0	1134	0	12010	0	132	0	0	0	0	0	0	0	0	0	1270	0	0	0	882	322	3200	0	0	0	212	0	246	0	650	0	1920	0	602	0	954	0	3002	0	1550	0	0	0	0	0	3864	0	2310	0	0	0	0	0	204	0	0	0	0	264	152	0	0	0	0	0	
245848	ParaHippocampal_R	0	1598	232	650	0	102	0	1142	0	0	0	992	0	0	0	270	0	348	274	304	0	930	0	0	0	0	0	142	0	2008	0	0	0	0	500	1300	628	28062	142	0	0	9252	0	404	0	0	0	7700	0	142	0	240	0	2044	0	25068	0	160	0	0	0	0	0	0	0	0	0	3030	0	0	0	108	0	6844	0	952	132	1930	0	0	0	996	0	6018	0	1230	0	1746	164	2070	0	1766	0	0	0	1898	0	6068	0	2382	0	0	0	0	0	0	0	0	0	292	664	0	0	0	0	0	
43828	Amygdala_L	0	0	154	0	134	0	0	0	0	0	0	0	0	0	808	0	0	0	0	0	1814	234	0	0	0	0	0	0	2726	0	0	0	0	0	0	0	5938	0	3104	0	0	0	0	0	0	0	0	0	0	0	0	0	0	0	2364	0	0	0	0	0	0	0	0	0	0	0	0	0	0	0	472	222	554	0	0	0	0	0	0	0	162	0	1966	0	0	0	306	0	956	0	0	0	0	0	0	0	0	0	0	0	0	0	0	0	0	0	0	0	0	0	0	0	0	0	0	0	
72336	Amygdala_R	0	0	0	120	0	174	0	0	0	0	0	0	0	0	0	274	0	0	0	0	0	1144	0	218	0	178	0	508	0	1844	0	192	0	0	0	0	0	8552	0	9252	0	0	0	0	0	0	0	0	0	0	0	0	0	0	0	5106	0	0	0	0	0	0	0	0	0	0	0	0	0	0	0	240	0	1592	0	0	0	0	0	0	0	964	0	4482	0	174	0	680	0	378	0	0	0	0	0	0	0	96	0	0	0	0	0	0	0	0	0	0	0	0	0	0	0	0	0	0	
369304	Calcarine_L	424	0	0	0	0	0	0	0	0	0	0	0	0	0	0	0	0	0	0	126	0	0	0	0	0	0	0	0	122	0	0	0	1270	150	7772	172	5048	0	562	0	0	0	0	10130	20014	6826	21910	2070	19560	2624	33338	288	8130	0	1372	0	2700	0	3572	0	478	0	0	0	150	0	28172	1802	1462	0	0	0	0	0	0	0	0	0	414	0	0	0	0	0	2360	0	0	0	1530	0	0	0	0	0	0	0	0	0	0	0	0	0	0	0	0	0	0	0	0	0	104	0	0	0	0	0	
423204	Calcarine_R	0	1626	0	126	0	0	0	0	0	0	0	0	0	0	0	0	0	172	126	3408	0	0	0	0	0	0	0	0	0	102	0	0	548	3914	240	4010	0	122	0	404	0	0	10130	0	6164	26302	4374	21262	1182	27964	890	20852	0	7880	0	6034	0	6210	150	1452	0	450	0	780	0	402	3186	34722	256	4850	0	0	0	0	0	0	0	0	0	310	0	508	0	0	0	5102	0	0	0	3356	0	0	0	0	0	0	0	302	206	496	0	0	0	0	0	0	0	0	0	0	562	470	0	0	0	0	
258956	Cuneus_L	0	0	0	0	0	0	0	0	0	0	0	0	0	0	0	0	0	0	0	0	0	0	0	0	0	0	0	0	0	0	0	0	560	314	1894	950	1046	0	0	0	0	0	20014	6164	0	12876	3778	226	29548	2416	22284	154	1588	0	406	0	554	0	1220	0	0	0	0	0	172	0	15054	5588	322	0	0	0	0	0	0	0	0	0	0	0	0	0	0	0	1440	0	0	0	758	0	0	0	0	0	0	0	0	0	0	0	0	0	0	0	0	0	0	0	0	0	152	0	0	0	0	0	
301704	Cuneus_R	0	484	0	0	0	0	0	0	0	0	0	0	0	0	0	0	0	0	0	782	0	0	0	0	0	0	0	0	0	0	0	0	556	2572	718	1658	0	0	0	0	0	0	6826	26302	12876	0	236	1220	3750	34148	2016	7770	160	136	0	174	0	1988	470	3084	0	258	0	466	0	960	10118	25924	170	1566	0	0	0	0	0	0	0	0	0	0	0	256	0	0	0	2146	0	0	0	838	0	0	0	0	0	0	0	0	0	0	0	0	0	0	0	0	0	0	0	0	224	0	0	0	0	0	
302556	Lingual_L	504	0	0	0	0	0	0	0	0	0	0	0	0	0	0	0	0	0	0	0	0	0	0	0	0	0	0	0	178	0	0	0	180	0	3228	196	5940	142	5518	0	0	0	21910	4374	3778	236	0	5654	3452	116	19674	110	14382	166	13066	1108	400	0	158	0	0	0	0	0	0	0	11108	226	282	0	0	0	418	0	0	0	122	0	490	0	138	0	0	0	1856	0	0	0	2030	0	3792	344	200	0	212	0	7298	1030	9714	1486	0	0	0	0	0	0	0	0	0	116	2018	3034	894	0	0	0	
324484	Lingual_R	0	286	0	96	0	0	0	0	0	0	0	0	0	0	0	0	0	0	0	280	0	0	0	0	0	0	0	0	0	0	0	0	0	272	0	1578	358	4740	354	7700	0	0	2070	21262	226	1220	5654	0	0	3006	124	4934	856	6154	2520	21628	0	322	0	0	0	0	0	0	0	0	190	10526	0	262	0	0	152	312	0	240	0	700	0	164	0	222	0	0	0	1568	0	0	110	968	2336	4422	428	98	136	1548	3970	12728	7570	9768	0	0	0	0	154	0	0	0	0	388	9074	6940	1628	0	0	0	
295104	Occipital_Sup_L	114	0	0	0	0	0	0	0	0	0	0	0	0	0	0	0	172	0	0	0	0	0	0	0	0	0	0	0	184	0	0	0	984	120	1320	388	666	0	106	0	0	0	19560	1182	29548	3750	3452	0	0	372	41678	0	2226	0	370	0	1646	0	8050	0	1894	0	0	0	1164	0	16488	3648	924	0	0	0	0	0	0	0	0	0	162	0	320	0	0	0	4686	0	0	0	2378	0	0	0	0	0	0	0	0	0	0	0	0	0	0	0	0	0	0	0	0	0	0	0	0	0	0	0	
337452	Occipital_Sup_R	0	1004	0	198	0	0	0	0	0	0	0	0	0	0	0	0	0	138	144	1704	0	0	0	0	0	0	0	0	0	0	0	0	274	1874	190	494	0	0	0	142	0	0	2624	27964	2416	34148	116	3006	372	0	346	33364	0	1408	0	2120	0	3818	472	7042	0	1520	0	880	0	7572	4996	18722	0	890	0	0	0	0	0	0	0	0	0	0	0	614	0	0	0	6502	0	0	0	1652	0	0	0	0	0	0	0	0	0	0	0	0	0	0	0	0	0	0	0	0	0	0	0	0	0	0	
599088	Occipital_Mid_L	1842	0	0	0	0	0	0	0	0	0	0	0	0	0	0	0	1710	0	0	308	0	0	0	0	0	0	0	0	1694	0	0	0	4220	248	2268	176	1458	0	702	0	0	0	33338	890	22284	2016	19674	124	41678	346	0	0	29928	0	4772	0	9002	0	14888	0	12994	0	496	0	21966	0	26682	1750	4806	102	0	0	0	0	0	0	0	0	1356	0	2474	0	0	0	26010	0	0	0	6366	0	474	0	0	0	0	0	140	0	246	0	0	0	0	0	0	0	0	0	0	0	116	0	0	0	0	0	
298956	Occipital_Mid_R	0	894	0	174	0	0	0	0	0	0	0	0	0	0	0	0	0	156	132	1096	0	0	0	0	0	0	0	0	0	0	0	0	116	946	0	432	0	136	0	240	0	0	288	20852	154	7770	110	4934	0	33364	0	0	0	7192	0	3656	0	2130	104	2516	0	3592	0	776	0	21064	1810	8542	0	602	0	0	0	0	0	0	0	0	0	210	0	1484	0	0	0	18968	0	0	0	5038	0	0	0	0	0	0	0	0	0	0	0	0	0	0	0	0	0	0	0	0	0	0	0	0	0	0	
220968	Occipital_Inf_L	218	0	0	0	0	0	0	0	0	0	0	0	0	0	0	0	254	0	0	0	0	0	0	0	0	0	0	0	566	0	0	0	178	0	434	0	1162	0	1134	0	0	0	8130	0	1588	160	14382	856	2226	0	29928	0	0	0	14412	564	422	0	270	0	206	0	114	0	338	0	4442	232	354	0	0	0	0	0	0	0	0	0	1166	0	684	0	0	0	8430	0	0	0	7342	0	2526	0	0	0	0	0	1194	492	3138	722	0	0	0	0	0	0	0	0	0	0	1062	1028	130	0	0	0	
135480	Occipital_Inf_R	0	452	120	116	0	0	0	244	0	0	0	184	0	0	0	0	0	282	128	224	0	0	0	0	0	0	0	0	0	652	0	0	0	0	0	224	0	1922	0	2044	0	0	0	7880	0	136	166	6154	0	1408	0	7192	0	0	0	12046	0	112	0	0	0	0	0	280	0	472	0	3802	0	0	0	0	0	1070	0	110	0	0	0	778	0	1092	0	0	0	6346	0	0	0	8546	0	1284	0	0	0	0	0	564	276	730	0	0	0	0	0	0	0	0	0	0	134	412	158	0	0	0	
481920	Fusiform_L	1186	0	2112	0	118	0	642	0	0	0	146	0	0	0	874	0	274	0	2636	0	1298	0	0	0	0	0	0	0	9952	0	0	0	0	0	1154	0	19584	0	12010	0	2364	0	1372	0	406	0	13066	2520	370	0	4772	0	14412	0	0	1356	300	0	0	0	188	0	98	0	224	0	1416	172	216	0	130	0	3616	0	0	0	0	0	2106	0	7846	0	7166	0	8074	0	3816	0	31754	0	20392	334	342	0	0	0	18846	2538	30242	1754	108	0	118	0	362	0	0	0	0	0	4390	1526	262	0	0	0	
459952	Fusiform_R	0	2868	242	548	0	0	0	1750	0	0	0	1918	0	0	0	0	0	406	260	414	0	192	0	0	0	0	0	0	0	2966	0	0	0	0	0	178	0	23864	0	25068	0	5106	0	6034	0	174	1108	21628	0	2120	0	3656	564	12046	1356	0	0	230	0	0	0	124	0	266	0	538	0	3534	0	0	0	148	0	8862	0	1268	0	898	0	1028	0	3454	0	7940	0	8208	0	4336	0	17384	1336	11968	178	312	0	150	2194	11458	3874	15654	0	0	0	120	0	0	0	0	0	0	4682	4076	1096	0	94	100	
290592	Postcentral_L	29698	0	6038	0	0	0	1710	0	0	0	5116	0	1406	0	0	0	9908	0	3920	244	0	0	0	0	0	0	0	0	5836	0	0	0	1944	112	596	118	1698	0	132	0	0	0	2700	0	554	0	400	0	1646	0	9002	0	422	0	300	0	0	0	7150	0	20078	0	10190	0	3996	0	7868	156	3694	0	310	0	1448	0	444	0	204	0	1880	0	2942	0	0	0	880	0	0	0	556	0	0	0	0	0	0	0	0	0	0	0	0	0	0	0	0	0	0	0	0	0	0	0	0	0	0	0	
174952	Postcentral_R	0	14436	0	344	0	0	0	184	0	0	0	1748	0	0	0	0	0	5218	138	674	0	0	0	0	0	0	0	0	0	1296	0	0	0	270	0	0	0	472	0	160	0	0	0	6210	0	1988	0	322	0	3818	0	2130	0	112	0	230	0	0	370	8798	0	7116	0	11070	0	1720	646	9988	444	4126	0	160	0	440	0	0	0	252	0	274	0	1484	0	0	0	636	0	0	0	202	0	0	0	0	0	0	0	0	0	0	0	0	0	0	0	0	0	0	0	0	0	0	0	0	0	0	
154768	Parietal_Sup_L	366	0	0	0	0	0	0	0	0	0	0	0	0	0	0	0	210	0	0	108	0	0	0	0	0	0	0	0	280	0	0	0	808	110	146	0	112	0	0	0	0	0	3572	150	1220	470	158	0	8050	472	14888	104	270	0	0	0	7150	370	0	798	12888	0	0	0	5840	0	14258	2356	542	336	0	0	0	0	0	0	0	0	116	0	196	0	0	0	692	0	0	0	348	0	0	0	0	0	0	0	0	0	0	0	0	0	0	0	0	0	0	0	0	0	0	0	0	0	0	0	
110032	Parietal_Sup_R	0	428	0	0	0	0	0	0	0	0	0	0	0	0	0	0	0	0	0	0	0	0	0	0	0	0	0	0	0	0	0	0	0	0	0	0	0	0	0	0	0	0	0	1452	0	3084	0	0	0	7042	0	2516	0	0	0	0	0	8798	798	0	0	7850	0	5546	0	4856	2064	8170	0	1144	0	0	0	0	0	0	0	0	0	0	0	704	0	0	0	436	0	0	0	128	0	0	0	0	0	0	0	0	0	0	0	0	0	0	0	0	0	0	0	0	0	0	0	0	0	0	
190724	Parietal_Inf_L	3602	0	0	0	0	0	0	0	0	0	204	0	0	0	0	0	320	0	0	0	0	0	0	0	0	0	0	0	1448	0	0	0	884	0	158	0	682	0	0	0	0	0	478	0	0	0	0	0	1894	0	12994	0	206	0	188	0	20078	0	12888	0	0	0	13318	0	19192	0	3938	0	408	0	0	0	250	0	0	0	0	0	230	0	868	0	0	0	624	0	0	0	510	0	0	0	0	0	0	0	0	0	0	0	0	0	0	0	0	0	0	0	0	0	0	0	0	0	0	0	
86724	Parietal_Inf_R	0	358	0	0	0	0	0	0	0	0	0	0	0	0	0	0	0	0	0	0	0	0	0	0	0	0	0	0	0	0	0	0	0	0	0	0	0	0	0	0	0	0	0	450	0	258	0	0	0	1520	0	3592	0	0	0	124	0	7116	0	7850	0	0	0	10200	0	9654	0	962	0	0	0	0	0	0	0	0	0	0	0	0	0	432	0	0	0	710	0	0	0	136	0	0	0	0	0	0	0	0	0	0	0	0	0	0	0	0	0	0	0	0	0	0	0	0	0	0	
91436	SupraMarginal_L	1394	0	0	0	0	0	0	0	0	0	140	0	0	0	0	0	1618	0	0	0	0	0	0	0	0	0	0	0	1138	0	0	0	0	0	0	0	218	0	0	0	0	0	0	0	0	0	0	0	0	0	496	0	114	0	98	0	10190	0	0	0	13318	0	0	0	6516	0	0	0	0	0	0	0	0	0	0	0	0	0	410	0	6428	0	0	0	2300	0	0	0	1340	0	0	0	0	0	0	0	0	0	0	0	0	0	0	0	0	0	0	0	0	0	0	0	0	0	0	0	
127160	SupraMarginal_R	0	1116	0	0	0	0	0	0	0	0	0	0	0	0	0	0	0	3692	0	0	0	0	0	0	0	0	0	0	0	218	0	0	0	0	0	0	0	278	0	0	0	0	0	780	0	466	0	0	0	880	0	776	0	280	0	266	0	11070	0	5546	0	10200	0	0	0	8378	0	1542	0	0	0	0	0	0	0	0	0	0	0	2240	0	10214	0	0	0	4610	0	0	0	1028	0	0	0	0	0	0	0	0	0	0	0	0	0	0	0	0	0	0	0	0	0	0	0	0	0	0	
166984	Angular_L	1666	0	0	0	0	0	0	0	0	0	200	0	0	0	0	0	308	0	0	0	0	0	0	0	0	0	0	0	910	0	0	0	342	0	0	0	388	0	0	0	0	0	150	0	172	0	0	0	1164	0	21966	0	338	0	224	0	3996	0	5840	0	19192	0	6516	0	0	0	1894	0	412	0	0	0	176	0	0	0	0	0	412	0	6218	0	0	0	8484	0	0	0	2524	0	0	0	0	0	0	0	0	0	0	0	0	0	0	0	0	0	0	0	0	0	0	0	0	0	0	0	
154812	Angular_R	0	192	0	0	0	0	0	0	0	0	0	0	0	0	0	0	0	100	0	138	0	0	0	0	0	0	0	0	0	0	0	0	0	0	0	0	0	0	0	0	0	0	0	402	0	960	0	0	0	7572	0	21064	0	472	0	538	0	1720	0	4856	0	9654	0	8378	0	0	0	740	0	0	0	0	0	0	0	0	0	0	0	0	0	5522	0	0	0	13516	0	0	0	1582	0	0	0	0	0	0	0	0	0	0	0	0	0	0	0	0	0	0	0	0	0	0	0	0	0	0	
464676	Precuneus_L	970	0	0	0	0	0	0	0	0	0	0	0	0	0	0	0	720	0	194	1492	0	0	0	0	0	0	0	0	750	0	0	0	9494	3324	13382	4148	5956	0	1270	0	0	0	28172	3186	15054	10118	11108	190	16488	4996	26682	1810	4442	0	1416	0	7868	646	14258	2064	3938	0	0	0	1894	0	0	20098	6714	1488	0	0	106	0	0	0	0	0	746	0	568	0	0	0	3718	402	0	0	2360	0	0	0	0	0	0	0	108	0	0	0	0	0	0	0	0	0	0	0	0	0	0	0	0	0	0	0	
476428	Precuneus_R	114	2326	0	250	0	0	0	0	0	0	0	0	0	0	0	0	0	184	394	7042	0	0	0	0	0	0	0	0	0	0	0	0	3554	12534	3872	13392	560	1930	0	3030	0	0	1802	34722	5588	25924	226	10526	3648	18722	1750	8542	232	3802	172	3534	156	9988	2356	8170	0	962	0	1542	0	740	20098	0	1470	10222	0	0	0	0	0	0	0	0	0	94	0	648	0	0	186	3324	0	0	188	2576	0	840	0	0	0	0	274	2890	212	812	0	0	0	0	0	0	0	0	0	118	1976	0	0	0	0	0	
144748	Paracentral_Lobule_L	10458	0	434	1854	0	0	0	0	0	0	0	0	0	0	0	0	126	0	3462	7426	0	0	306	0	0	0	0	0	660	0	0	0	6400	6368	3782	1000	738	0	0	0	0	0	1462	256	322	170	282	0	924	0	4806	0	354	0	216	0	3694	444	542	0	408	0	0	0	412	0	6714	1470	0	1262	626	0	948	0	884	0	906	0	424	0	324	0	0	0	1078	0	0	0	432	0	0	0	0	0	0	0	0	0	0	0	0	0	0	0	0	0	0	0	0	0	0	0	0	0	0	0	
105712	Paracentral_Lobule_R	0	1066	0	0	0	0	0	0	0	0	0	0	0	0	0	0	0	0	102	11364	0	0	0	0	0	0	0	0	0	0	0	0	1710	6940	288	4536	0	0	0	0	0	0	0	4850	0	1566	0	262	0	890	102	602	0	0	0	0	0	4126	336	1144	0	0	0	0	0	0	1488	10222	1262	0	0	0	0	0	0	0	0	0	0	0	0	0	0	0	0	0	0	0	0	0	0	0	0	0	0	0	0	0	0	0	0	0	0	0	0	0	0	0	0	0	0	0	0	0	0	0	
284728	Caudate_L	3358	1824	12490	4144	4740	0	520	2332	270	0	470	1106	438	334	3092	192	0	0	12778	3538	11432	6458	1754	520	1330	150	7444	592	5496	916	8288	2810	344	1352	0	0	176	0	882	0	472	0	0	0	0	0	0	0	0	0	0	0	0	0	130	0	310	0	0	0	0	0	0	0	0	0	0	0	626	0	0	10782	15504	1322	2664	414	6360	0	0	0	170	0	2040	0	0	0	0	0	0	0	0	0	0	0	0	0	0	0	0	0	0	0	0	0	0	0	0	0	0	0	0	0	0	0	0	0	
421640	Caudate_R	250	5670	4058	27838	314	1058	524	6450	0	0	0	6864	0	3400	0	2262	0	672	4382	26642	4202	9720	1182	3940	292	1856	1864	3958	1198	10752	3374	19300	0	600	0	0	0	434	322	108	222	240	0	0	0	0	0	0	0	0	0	0	0	0	0	148	0	160	0	0	0	0	0	0	0	0	0	0	0	0	10782	0	4726	20964	0	2296	212	15928	0	0	0	408	696	552	0	0	0	0	0	0	0	0	0	0	0	0	0	0	0	0	0	0	0	0	0	0	0	0	0	0	0	0	0	0	0	0	
319484	Putamen_L	5906	0	16788	792	1322	0	4144	0	146	0	1136	0	884	0	2642	0	702	0	12104	648	4732	4670	4386	634	958	188	1958	270	21262	0	10980	2416	684	794	178	106	9514	0	3200	0	554	0	0	0	0	0	418	152	0	0	0	0	0	0	3616	0	1448	0	0	0	250	0	0	0	176	0	106	0	948	0	15504	4726	0	506	6114	184	514	0	302	0	3540	0	2134	0	0	0	0	0	3266	0	128	0	0	0	0	0	270	0	742	0	0	0	0	0	0	0	0	0	0	0	0	0	0	0	0	0	
386660	Putamen_R	0	10154	2028	11778	138	1112	348	9968	0	0	0	11424	0	3154	0	2308	0	2364	2376	11004	772	1980	852	4602	132	1012	558	1794	134	22510	1388	15444	0	728	0	0	0	17512	0	6844	0	1592	0	0	0	0	0	312	0	0	0	0	0	1070	0	8862	0	440	0	0	0	0	0	0	0	0	0	0	0	0	1322	20964	506	0	0	5158	0	1116	0	94	0	2724	0	2104	0	978	0	98	0	1278	0	0	0	0	0	0	0	118	0	176	0	0	0	0	0	0	0	0	0	0	0	0	0	0	0	0	
35564	Pallidum_L	2614	0	116	0	0	0	166	0	0	0	0	0	0	0	0	0	122	0	1216	206	0	0	0	0	0	0	0	0	282	0	0	0	666	356	0	0	0	0	0	0	0	0	0	0	0	0	0	0	0	0	0	0	0	0	0	0	444	0	0	0	0	0	0	0	0	0	0	0	884	0	2664	0	6114	0	0	0	1724	0	0	0	208	0	0	0	0	0	0	0	0	0	0	0	0	0	0	0	0	0	0	0	0	0	0	0	0	0	0	0	0	0	0	0	0	0	0	0	
44120	Pallidum_R	0	2658	138	992	0	0	0	730	0	0	0	1384	0	0	0	0	0	154	148	1538	0	372	0	0	0	0	0	0	0	586	0	246	0	0	0	0	0	2142	0	952	0	0	0	0	0	0	0	240	0	0	0	0	0	110	0	1268	0	0	0	0	0	0	0	0	0	0	0	0	0	0	414	2296	184	5158	0	0	0	128	0	0	0	0	0	0	0	0	0	0	0	222	0	0	0	0	0	0	0	0	0	0	0	0	0	0	0	0	0	0	0	0	0	0	0	0	0	0	
78068	Thalamus_L	19972	0	1486	298	0	0	0	0	0	0	0	0	0	0	0	0	0	0	1556	284	0	0	0	0	0	0	0	0	240	0	0	0	0	0	468	848	1564	354	212	132	0	0	0	0	0	0	122	0	0	0	0	0	0	0	0	0	204	0	0	0	0	0	0	0	0	0	0	0	906	0	6360	212	514	0	1724	0	0	1202	0	0	144	0	0	0	0	0	0	0	232	0	0	0	0	0	0	0	0	0	0	0	0	0	0	0	0	0	0	0	0	0	0	0	0	0	0	0	
135468	Thalamus_R	212	7200	110	18802	0	0	0	232	0	0	0	306	0	126	0	0	0	0	328	12060	0	0	0	0	0	0	0	0	0	528	0	0	0	0	0	94	0	4024	0	1930	0	0	0	0	0	0	0	700	0	0	0	0	0	0	0	898	0	252	0	0	0	0	0	0	0	0	0	0	0	0	0	15928	0	1116	0	128	1202	0	0	0	0	0	0	0	0	0	0	0	0	0	0	248	0	0	0	408	0	416	0	380	0	0	0	0	0	0	0	0	0	106	0	0	0	0	0	0	
96868	Heschl_L	3258	0	550	0	0	0	0	0	0	0	810	0	0	0	0	0	5266	0	638	0	0	0	0	0	0	0	0	0	8836	0	0	0	100	0	418	0	4372	0	246	0	0	0	414	0	0	0	490	0	162	0	1356	0	1166	0	2106	0	1880	0	116	0	230	0	410	0	412	0	746	0	424	0	0	0	302	0	0	0	0	0	0	0	6584	0	0	0	4070	0	0	0	3072	0	0	0	0	0	0	0	0	0	0	0	0	0	0	0	0	0	0	0	0	0	0	0	0	0	0	0	
41748	Heschl_R	0	358	0	180	0	0	0	0	0	0	0	406	0	0	0	0	0	3996	0	140	0	0	0	0	0	0	0	0	0	1684	0	0	0	0	0	0	0	1064	0	0	0	0	0	310	0	0	0	164	0	0	0	210	0	778	0	1028	0	274	0	0	0	0	0	2240	0	0	0	94	0	0	0	0	0	94	0	0	0	0	0	0	0	6768	0	0	0	626	0	0	0	460	0	0	0	0	0	0	0	0	0	0	0	0	0	0	0	0	0	0	0	0	0	0	0	0	0	0	
308472	Temporal_Sup_L	7892	0	6266	0	0	0	4240	0	0	0	3436	0	1098	0	792	0	7768	0	5694	0	822	0	0	0	0	0	0	0	20602	0	0	0	158	0	0	0	5468	0	650	0	162	0	0	0	0	0	138	0	320	0	2474	0	684	0	7846	0	2942	0	196	0	868	0	6428	0	6218	0	568	0	324	0	170	0	3540	0	208	0	144	0	6584	0	0	0	2870	0	24140	0	0	0	20792	0	456	0	0	0	0	0	0	0	1278	0	0	0	0	0	0	0	0	0	0	0	0	0	0	0	0	0	
203852	Temporal_Sup_R	0	368	124	340	0	0	0	106	0	0	0	368	0	0	0	1302	0	4258	134	214	0	392	0	220	0	142	0	378	0	7682	0	312	0	0	0	0	0	3246	0	996	0	964	0	508	0	256	0	222	0	614	0	1484	0	1092	0	3454	0	1484	0	704	0	432	0	10214	0	5522	0	648	0	0	0	408	0	2724	0	0	0	0	0	6768	0	0	0	7954	0	27150	0	2082	0	6510	0	150	0	0	0	0	0	0	0	0	0	0	0	0	0	0	0	0	0	0	0	0	0	0	0	0	
181400	Temporal_Pole_Sup_L	308	0	4852	0	2632	0	1676	0	1448	0	4932	0	954	0	7656	0	3240	0	2788	0	4856	714	148	0	100	0	1002	0	12596	0	740	184	0	0	0	0	1930	0	1920	0	1966	0	0	0	0	0	0	0	0	0	0	0	0	0	7166	0	0	0	0	0	0	0	0	0	0	0	0	0	0	0	2040	696	2134	0	0	0	0	0	0	0	2870	0	0	0	6840	0	5772	0	6390	0	0	0	0	0	0	0	0	0	150	0	0	0	0	0	0	0	0	0	0	0	0	0	0	0	0	0	
122876	Temporal_Pole_Sup_R	0	246	0	440	0	0	0	230	0	0	0	562	0	0	0	1824	0	1042	0	424	0	548	0	234	0	146	0	386	0	5734	0	314	0	0	0	0	0	1254	0	6018	0	4482	0	0	0	0	0	0	0	0	0	0	0	0	0	7940	0	0	0	0	0	0	0	0	0	0	0	0	0	0	0	552	0	2104	0	0	0	0	0	0	0	7954	0	0	0	7174	0	9266	0	2564	0	0	0	0	0	0	0	0	0	0	0	0	0	0	0	0	0	0	0	0	0	0	0	0	0	0	
338068	Temporal_Mid_L	836	0	522	0	0	0	96	0	0	0	450	0	0	0	310	0	1810	0	382	0	148	0	0	0	0	0	0	0	3850	0	0	0	498	0	334	0	1564	0	602	0	0	0	2360	0	1440	0	1856	0	4686	0	26010	0	8430	0	8074	0	880	0	692	0	624	0	2300	0	8484	0	3718	186	1078	0	0	0	0	0	0	0	0	0	4070	0	24140	0	6840	0	0	0	5996	0	44600	0	502	0	0	0	0	0	102	0	564	0	0	0	0	0	0	0	0	0	0	0	0	0	0	0	0	0	
312500	Temporal_Mid_R	0	138	0	0	0	0	0	0	0	0	0	0	0	0	0	336	0	164	0	110	0	176	0	0	0	0	0	0	0	2474	0	0	0	0	0	0	0	2438	0	1230	0	174	0	5102	0	2146	0	1568	0	6502	0	18968	0	6346	0	8208	0	636	0	436	0	710	0	4610	0	13516	402	3324	0	0	0	0	0	978	0	0	0	0	0	626	0	27150	0	7174	0	0	0	6642	0	33582	0	384	0	0	0	0	0	0	0	0	0	0	0	0	0	0	0	0	0	0	0	0	0	0	0	0	
45352	Temporal_Pole_Mid_L	0	0	0	0	0	0	0	0	0	0	0	0	0	0	0	0	0	0	0	0	0	0	0	0	0	0	0	0	110	0	0	0	0	0	0	0	140	0	954	0	306	0	0	0	0	0	0	0	0	0	0	0	0	0	3816	0	0	0	0	0	0	0	0	0	0	0	0	0	0	0	0	0	0	0	0	0	0	0	0	0	0	0	5772	0	5996	0	0	0	5582	0	0	0	0	0	0	0	0	0	0	0	0	0	0	0	0	0	0	0	0	0	0	0	0	0	0	0	
55764	Temporal_Pole_Mid_R	0	0	0	0	0	0	0	0	0	0	0	0	0	0	0	0	0	0	0	0	0	0	0	0	0	0	0	0	0	244	0	0	0	0	0	0	0	174	0	1746	0	680	0	0	0	0	0	0	0	0	0	0	0	0	0	4336	0	0	0	0	0	0	0	0	0	0	0	0	0	0	0	0	0	98	0	0	0	0	0	0	0	2082	0	9266	0	6642	0	0	0	2614	0	0	0	0	0	0	0	0	0	0	0	0	0	0	0	0	0	0	0	0	0	0	0	0	0	0	
395496	Temporal_Inf_L	1520	0	2482	0	0	0	654	0	0	0	184	0	0	0	592	0	784	0	3186	0	886	0	0	0	0	0	0	0	11476	0	0	0	152	0	1756	722	15284	442	3002	164	956	0	1530	0	758	0	2030	110	2378	0	6366	0	7342	0	31754	0	556	0	348	0	510	0	1340	0	2524	0	2360	188	432	0	0	0	3266	0	0	0	232	0	3072	0	20792	0	6390	0	44600	0	5582	0	0	0	3464	0	110	0	0	0	844	102	4364	0	0	0	0	0	0	0	0	0	0	0	162	0	0	0	0	0	
204080	Temporal_Inf_R	0	530	0	96	0	0	0	314	0	0	0	396	0	0	0	0	0	126	0	116	0	0	0	0	0	0	0	0	0	760	0	0	0	0	0	136	0	4736	0	2070	0	378	0	3356	0	838	0	968	0	1652	0	5038	0	8546	0	17384	0	202	0	128	0	136	0	1028	0	1582	0	2576	0	0	0	0	0	1278	0	222	0	0	0	460	0	6510	0	2564	0	33582	0	2614	0	0	0	1330	0	118	0	0	0	0	0	270	0	0	0	0	0	0	0	0	0	0	0	0	0	0	0	0	
418944	Cerebelum_Crus1_L	0	0	0	0	0	0	0	0	0	0	0	0	0	0	0	0	0	0	0	0	0	0	0	0	0	0	0	0	238	0	0	0	0	0	0	0	632	0	1550	0	0	0	0	0	0	0	3792	2336	0	0	474	0	2526	0	20392	1336	0	0	0	0	0	0	0	0	0	0	0	0	0	0	0	0	128	0	0	0	0	0	0	0	456	0	0	0	502	0	0	0	3464	0	0	1720	22658	4912	1946	96	25608	2050	52504	2694	10698	1544	12930	2858	4456	924	720	0	366	412	4998	4440	8788	1606	1216	1502	
428588	Cerebelum_Crus1_R	0	0	0	0	0	0	0	0	0	0	0	0	0	0	0	0	0	0	0	0	0	0	0	0	0	0	0	0	0	124	0	0	0	0	0	0	0	734	0	1766	0	0	0	0	0	0	344	4422	0	0	0	0	0	1284	334	11968	0	0	0	0	0	0	0	0	0	0	0	840	0	0	0	0	0	0	0	0	0	248	0	0	0	150	0	0	0	384	0	0	0	1330	1720	0	768	27070	286	4014	2114	23694	2806	53174	264	6484	762	16504	456	5104	0	1162	640	1364	7704	10624	13030	4918	4282	1422	
271260	Cerebelum_Crus2_L	0	0	0	0	0	0	0	0	0	0	0	0	0	0	0	0	0	0	0	0	0	0	0	0	0	0	0	0	0	0	0	0	0	0	0	0	0	0	0	0	0	0	0	0	0	0	200	428	0	0	0	0	0	0	342	178	0	0	0	0	0	0	0	0	0	0	0	0	0	0	0	0	0	0	0	0	0	0	0	0	0	0	0	0	0	0	0	0	110	0	22658	768	0	9282	304	0	936	216	4876	518	32592	4270	29356	3768	9486	386	1286	0	0	0	432	1050	8860	2218	726	384	
287940	Cerebelum_Crus2_R	0	0	0	0	0	0	0	0	0	0	0	0	0	0	0	0	0	0	0	0	0	0	0	0	0	0	0	0	0	0	0	0	0	0	0	0	0	0	0	0	0	0	0	0	0	0	0	98	0	0	0	0	0	0	0	312	0	0	0	0	0	0	0	0	0	0	0	0	0	0	0	0	0	0	0	0	0	0	0	0	0	0	0	0	0	0	0	0	0	118	4912	27070	9282	0	0	766	720	1618	1184	8146	4282	21508	4116	30982	924	5356	0	988	0	400	1274	850	11772	4384	2504	404	
48416	Cerebelum_3_L	0	0	0	0	0	0	0	0	0	0	0	0	0	0	0	0	0	0	0	0	0	0	0	0	0	0	0	0	0	0	0	0	0	0	0	0	0	0	0	0	0	0	0	0	0	0	212	136	0	0	0	0	0	0	0	0	0	0	0	0	0	0	0	0	0	0	0	0	0	0	0	0	0	0	0	0	0	0	0	0	0	0	0	0	0	0	0	0	0	0	1946	286	304	0	0	0	7408	392	3394	402	0	0	294	0	2204	284	162	0	1252	1652	2296	458	268	208	296	354	
55024	Cerebelum_3_R	0	0	0	0	0	0	0	0	0	0	0	0	0	0	0	0	0	0	0	0	0	0	0	0	0	0	0	0	0	0	0	0	0	0	0	0	0	1490	0	1898	0	0	0	0	0	0	0	1548	0	0	0	0	0	0	0	150	0	0	0	0	0	0	0	0	0	0	0	0	0	0	0	0	0	0	0	0	0	408	0	0	0	0	0	0	0	0	0	0	0	0	96	4014	0	766	0	0	538	5272	438	4474	0	0	0	198	0	524	0	156	266	2884	978	318	402	372	322	0	
343164	Cerebelum_4_5_L	0	0	0	0	0	0	0	0	0	0	0	0	0	0	0	0	0	0	0	0	0	0	0	0	0	0	0	0	146	0	0	0	0	0	0	0	1936	0	3864	0	0	0	0	0	0	0	7298	3970	0	0	140	0	1194	0	18846	2194	0	0	0	0	0	0	0	0	0	0	108	274	0	0	0	0	270	0	0	0	0	0	0	0	0	0	0	0	102	0	0	0	844	0	25608	2114	936	720	7408	538	0	6648	42876	5076	220	0	686	0	4180	1466	208	188	2640	3070	18136	3466	530	630	1132	1920	
280920	Cerebelum_4_5_R	0	0	0	0	0	0	0	0	0	0	0	0	0	0	0	0	0	0	0	0	0	0	0	0	0	0	0	0	0	0	0	0	0	0	96	254	118	3214	0	6068	0	96	0	302	0	0	1030	12728	0	0	0	0	492	564	2538	11458	0	0	0	0	0	0	0	0	0	0	0	2890	0	0	0	0	0	118	0	0	0	416	0	0	0	0	0	0	0	0	0	0	102	0	2050	23694	216	1618	392	5272	6648	0	6878	30196	0	0	0	370	382	288	0	0	104	908	15194	2336	492	358	254	326	
481588	Cerebelum_6_L	0	0	368	0	0	0	0	0	0	0	0	0	0	0	98	0	0	0	352	0	158	0	0	0	0	0	0	0	1126	0	0	0	0	0	0	0	2254	0	2310	0	0	0	0	206	0	0	9714	7570	0	0	246	0	3138	276	30242	3874	0	0	0	0	0	0	0	0	0	0	0	212	0	0	0	0	742	0	0	0	0	0	0	0	1278	0	150	0	564	0	0	0	4364	0	52504	2806	4876	1184	3394	438	42876	6878	0	7402	2718	0	3268	264	4332	1386	370	152	1358	1550	16048	9608	3504	610	1610	2416	
416120	Cerebelum_6_R	0	110	0	0	0	0	0	0	0	0	0	0	0	0	0	0	0	0	0	0	0	0	0	0	0	0	0	0	0	0	0	0	0	0	0	0	0	1048	0	2382	0	0	0	496	0	0	1486	9768	0	0	0	0	722	730	1754	15654	0	0	0	0	0	0	0	0	0	0	0	812	0	0	0	0	0	176	0	0	0	380	0	0	0	0	0	0	0	0	0	0	0	270	2694	53174	518	8146	402	4474	5076	30196	7402	0	176	216	606	3038	476	3670	0	968	722	1500	13296	14312	10836	4722	4038	1614	
221684	Cerebelum_7b_L	0	0	0	0	0	0	0	0	0	0	0	0	0	0	0	0	0	0	0	0	0	0	0	0	0	0	0	0	0	0	0	0	0	0	0	0	0	0	0	0	0	0	0	0	0	0	0	0	0	0	0	0	0	0	108	0	0	0	0	0	0	0	0	0	0	0	0	0	0	0	0	0	0	0	0	0	0	0	0	0	0	0	0	0	0	0	0	0	0	0	10698	264	32592	4282	0	0	220	0	2718	176	0	1890	33130	3870	9980	298	892	0	0	0	0	202	5510	3520	492	0	
150280	Cerebelum_7b_R	0	0	0	0	0	0	0	0	0	0	0	0	0	0	0	0	0	0	0	0	0	0	0	0	0	0	0	0	0	0	0	0	0	0	0	0	0	0	0	0	0	0	0	0	0	0	0	0	0	0	0	0	0	0	0	0	0	0	0	0	0	0	0	0	0	0	0	0	0	0	0	0	0	0	0	0	0	0	0	0	0	0	0	0	0	0	0	0	0	0	1544	6484	4270	21508	0	0	0	0	0	216	1890	0	1786	23562	464	6580	0	0	0	0	0	0	3168	2280	1270	118	
259984	Cerebelum_8_L	0	0	0	0	0	0	0	0	0	0	0	0	0	0	0	0	0	0	0	0	0	0	0	0	0	0	0	0	0	0	0	0	0	0	0	0	0	0	0	0	0	0	0	0	0	0	0	0	0	0	0	0	0	0	118	0	0	0	0	0	0	0	0	0	0	0	0	0	0	0	0	0	0	0	0	0	0	0	0	0	0	0	0	0	0	0	0	0	0	0	12930	762	29356	4116	294	0	686	0	3268	606	33130	1786	0	4856	19622	1060	2584	0	0	0	0	506	5736	5246	2440	890	
269904	Cerebelum_8_R	0	0	0	0	0	0	0	0	0	0	0	0	0	0	0	0	0	0	0	0	0	0	0	0	0	0	0	0	0	0	0	0	0	0	0	0	0	0	0	0	0	0	0	0	0	0	0	0	0	0	0	0	0	0	0	120	0	0	0	0	0	0	0	0	0	0	0	0	0	0	0	0	0	0	0	0	0	0	0	0	0	0	0	0	0	0	0	0	0	0	2858	16504	3768	30982	0	198	0	370	264	3038	3870	23562	4856	0	1598	21220	0	1090	0	120	0	548	7678	6996	4622	690	
152740	Cerebelum_9_L	0	0	0	0	0	0	0	0	0	0	0	0	0	0	0	0	0	0	0	0	0	0	0	0	0	0	0	0	0	0	0	0	0	0	0	0	0	0	204	0	0	0	0	0	0	0	0	154	0	0	0	0	0	0	362	0	0	0	0	0	0	0	0	0	0	0	0	0	0	0	0	0	0	0	0	0	0	0	0	0	0	0	0	0	0	0	0	0	0	0	4456	456	9486	924	2204	0	4180	382	4332	476	9980	464	19622	1598	0	1720	2732	0	0	176	1704	1190	1856	1950	3274	2488	
163600	Cerebelum_9_R	0	0	0	0	0	0	0	0	0	0	0	0	0	0	0	0	0	0	0	0	0	0	0	0	0	0	0	0	0	0	0	0	0	0	0	0	0	0	0	0	0	0	0	0	0	0	0	0	0	0	0	0	0	0	0	0	0	0	0	0	0	0	0	0	0	0	0	0	0	0	0	0	0	0	0	0	0	0	0	0	0	0	0	0	0	0	0	0	0	0	924	5104	386	5356	284	524	1466	288	1386	3670	298	6580	1060	21220	1720	0	0	2752	758	1232	1840	4426	3540	5276	8376	3334	
17908	Cerebelum_10_L	0	0	0	0	0	0	0	0	0	0	0	0	0	0	0	0	0	0	0	0	0	0	0	0	0	0	0	0	0	0	0	0	0	0	0	0	0	0	0	0	0	0	0	0	0	0	0	0	0	0	0	0	0	0	0	0	0	0	0	0	0	0	0	0	0	0	0	0	0	0	0	0	0	0	0	0	0	0	0	0	0	0	0	0	0	0	0	0	0	0	720	0	1286	0	162	0	208	0	370	0	892	0	2584	0	2732	0	0	0	0	0	0	0	0	0	0	0	
19764	Cerebelum_10_R	0	0	0	0	0	0	0	0	0	0	0	0	0	0	0	0	0	0	0	0	0	0	0	0	0	0	0	0	0	0	0	0	0	0	0	0	0	0	0	0	0	0	0	0	0	0	0	0	0	0	0	0	0	0	0	0	0	0	0	0	0	0	0	0	0	0	0	0	0	0	0	0	0	0	0	0	0	0	0	0	0	0	0	0	0	0	0	0	0	0	0	1162	0	988	0	156	188	0	152	968	0	0	0	1090	0	2752	0	0	200	288	198	210	668	324	538	0	
34552	Vermis_1_2	0	0	0	0	0	0	0	0	0	0	0	0	0	0	0	0	0	0	0	0	0	0	0	0	0	0	0	0	0	0	0	0	0	0	0	0	0	0	0	0	0	0	0	0	0	0	0	0	0	0	0	0	0	0	0	0	0	0	0	0	0	0	0	0	0	0	0	0	0	0	0	0	0	0	0	0	0	0	0	0	0	0	0	0	0	0	0	0	0	0	366	640	0	0	1252	266	2640	104	1358	722	0	0	0	0	0	758	0	200	0	4042	2660	620	492	530	626	0	
56120	Vermis_3	0	0	0	0	0	0	0	0	0	0	0	0	0	0	0	0	0	0	0	0	0	0	0	0	0	0	0	0	0	0	0	0	0	0	0	0	0	188	264	292	0	0	0	0	0	0	116	388	0	0	0	0	0	0	0	0	0	0	0	0	0	0	0	0	0	0	0	118	0	0	0	0	0	0	0	0	0	106	0	0	0	0	0	0	0	0	0	0	0	0	412	1364	0	400	1652	2884	3070	908	1550	1500	0	0	0	120	176	1232	0	288	4042	0	3658	870	762	816	884	0	
263984	Vermis_4_5	0	0	0	0	0	0	0	0	0	0	0	0	0	0	0	0	0	0	0	0	0	0	0	0	0	0	0	0	0	0	0	0	0	0	266	1078	258	776	152	664	0	0	104	562	152	224	2018	9074	0	0	116	0	1062	134	4390	4682	0	0	0	0	0	0	0	0	0	0	0	1976	0	0	0	0	0	0	0	0	0	0	0	0	0	0	0	0	0	0	0	0	162	0	4998	7704	432	1274	2296	978	18136	15194	16048	13296	0	0	0	0	1704	1840	0	198	2660	3658	0	7534	1274	918	1412	2588	
