data	data	380024	246716	1.06466e+06	739104	195032	111252	525604	326492	89524	28712	291340	134140	379992	136972	182300	62980	346796	113140	555148	693684	71264	79584	496680	450140	46816	142008	45008	51068	740080	231404	478524	636704	228692	478884	112120	174172	207328	245344	108288	140004	22336	44268	171988	318744	154936	307652	193792	244712	178400	386928	515464	293904	180404	53336	317796	302144	329364	226456	166236	101120	193788	91020	106904	122260	133988	164084	243644	321880	215408	114604	244008	271116	302508	332756	33536	40884	80912	178004	96812	29236	258512	119164	79680	68576	370232	235568	51272	39312	260732	150576	464920	308476	250468	203324	27164	43572	230044	166148	466840	349104	206636	109112	294352	230048	167392	121116	82444	20748	20076	52332	240984	209184	122012	96240	81188	24916	
data	data	Precentral_L	Precentral_R	Frontal_Sup_L	Frontal_Sup_R	Frontal_Sup_Orb_L	Frontal_Sup_Orb_R	Frontal_Mid_L	Frontal_Mid_R	Frontal_Mid_Orb_L	Frontal_Mid_Orb_R	Frontal_Inf_Oper_L	Frontal_Inf_Oper_R	Frontal_Inf_Tri_L	Frontal_Inf_Tri_R	Frontal_Inf_Orb_L	Frontal_Inf_Orb_R	Rolandic_Oper_L	Rolandic_Oper_R	Supp_Motor_Area_L	Supp_Motor_Area_R	Olfactory_L	Olfactory_R	Frontal_Sup_Medial_L	Frontal_Sup_Medial_R	Frontal_Med_Orb_L	Frontal_Med_Orb_R	Rectus_L	Rectus_R	Insula_L	Insula_R	Cingulum_Ant_L	Cingulum_Ant_R	Cingulum_Mid_L	Cingulum_Mid_R	Cingulum_Post_L	Cingulum_Post_R	Hippocampus_L	Hippocampus_R	ParaHippocampal_L	ParaHippocampal_R	Amygdala_L	Amygdala_R	Calcarine_L	Calcarine_R	Cuneus_L	Cuneus_R	Lingual_L	Lingual_R	Occipital_Sup_L	Occipital_Sup_R	Occipital_Mid_L	Occipital_Mid_R	Occipital_Inf_L	Occipital_Inf_R	Fusiform_L	Fusiform_R	Postcentral_L	Postcentral_R	Parietal_Sup_L	Parietal_Sup_R	Parietal_Inf_L	Parietal_Inf_R	SupraMarginal_L	SupraMarginal_R	Angular_L	Angular_R	Precuneus_L	Precuneus_R	Paracentral_Lobule_L	Paracentral_Lobule_R	Caudate_L	Caudate_R	Putamen_L	Putamen_R	Pallidum_L	Pallidum_R	Thalamus_L	Thalamus_R	Heschl_L	Heschl_R	Temporal_Sup_L	Temporal_Sup_R	Temporal_Pole_Sup_L	Temporal_Pole_Sup_R	Temporal_Mid_L	Temporal_Mid_R	Temporal_Pole_Mid_L	Temporal_Pole_Mid_R	Temporal_Inf_L	Temporal_Inf_R	Cerebelum_Crus1_L	Cerebelum_Crus1_R	Cerebelum_Crus2_L	Cerebelum_Crus2_R	Cerebelum_3_L	Cerebelum_3_R	Cerebelum_4_5_L	Cerebelum_4_5_R	Cerebelum_6_L	Cerebelum_6_R	Cerebelum_7b_L	Cerebelum_7b_R	Cerebelum_8_L	Cerebelum_8_R	Cerebelum_9_L	Cerebelum_9_R	Cerebelum_10_L	Cerebelum_10_R	Vermis_1_2	Vermis_3	Vermis_4_5	Vermis_6	Vermis_7	Vermis_8	Vermis_9	Vermis_10	
380024	Precentral_L	0	6018	13664	1472	0	0	18608	800	0	0	19232	346	4228	432	0	0	16864	0	4854	5140	0	0	344	0	0	0	0	0	15064	150	650	320	720	1592	3230	364	1182	0	70	0	0	0	324	100	706	0	0	0	1192	0	6120	0	1246	0	280	0	26312	218	1286	0	2366	0	1608	0	852	0	1220	112	15954	2770	1224	1170	620	142	70	0	438	1266	2818	0	2304	0	0	0	1406	0	0	0	544	0	0	0	0	0	0	0	0	0	0	0	0	0	0	0	0	0	0	0	0	0	0	0	0	0	0	0	
246716	Precentral_R	6018	0	688	6176	0	0	128	17758	0	0	198	3306	0	96	0	0	268	1600	682	5082	0	0	0	0	0	0	0	0	1434	1006	0	166	432	1772	1092	2102	1214	4926	658	198	0	0	0	684	0	1090	232	118	0	2682	0	422	116	90	276	292	592	15356	0	1352	0	338	0	1410	0	88	210	3940	9654	3904	566	6032	616	2838	90	1406	2416	8078	168	0	310	134	0	0	0	288	0	0	274	296	0	0	0	0	0	0	0	0	0	0	0	0	0	0	0	0	0	0	0	0	0	0	0	0	0	0	
1.06466e+06	Frontal_Sup_L	13664	688	0	17532	13470	286	67488	4244	2444	0	19616	1440	31356	882	8294	0	15378	248	68576	15438	0	0	53850	17324	1296	1270	150	0	56168	278	34008	16930	7052	7610	82	126	2244	150	516	102	0	0	0	0	108	0	84	0	208	0	744	0	164	0	556	0	3806	0	74	0	118	0	986	0	106	0	0	0	3232	80	10342	392	18516	990	2338	196	1376	632	1596	0	3422	0	880	158	188	0	0	0	838	0	0	0	0	0	0	0	0	0	0	0	0	0	0	0	0	0	0	0	0	0	0	0	0	0	0	0	
739104	Frontal_Sup_R	1472	6176	17532	0	536	3892	2676	42210	0	140	734	6724	802	7622	0	852	344	2998	15106	66340	0	0	12226	36982	100	6100	0	70	2432	5580	9636	38512	5060	23628	204	876	404	4366	184	780	0	0	0	0	0	0	0	138	0	0	0	0	0	0	0	660	138	146	0	0	0	0	0	0	0	0	0	296	2546	132	5258	11612	1620	11406	0	1624	774	8748	0	0	0	216	0	860	0	0	0	0	82	0	0	0	0	0	0	0	0	0	0	0	0	0	0	0	0	0	0	0	0	0	0	0	0	0	0	0	
195032	Frontal_Sup_Orb_L	0	0	13470	536	0	238	2408	150	11378	0	96	0	3674	0	9126	0	0	0	1104	114	1062	0	8980	2446	4788	1090	6576	130	7866	0	7868	2230	684	194	0	0	0	0	0	0	0	0	0	0	0	0	0	0	0	0	0	0	0	0	0	0	0	0	0	0	0	0	0	0	0	0	0	0	0	0	1248	0	9576	0	0	0	0	0	0	0	0	0	484	0	0	0	0	0	0	0	0	0	0	0	0	0	0	0	0	0	0	0	0	0	0	0	0	0	0	0	0	0	0	0	0	0	
111252	Frontal_Sup_Orb_R	0	0	286	3892	238	0	0	308	0	4546	0	0	0	102	0	3564	0	0	0	1990	0	1066	452	5856	236	9250	0	6124	0	646	848	5850	0	348	0	0	0	0	0	0	0	0	0	0	0	0	0	0	0	0	0	0	0	0	0	0	0	0	0	0	0	0	0	0	0	0	0	0	0	0	0	2092	0	7932	0	0	0	0	0	0	0	0	0	0	0	0	0	0	0	0	0	0	0	0	0	0	0	0	0	0	0	0	0	0	0	0	0	0	0	0	0	0	0	0	0	0	
525604	Frontal_Mid_L	18608	128	67488	2676	2408	0	0	946	3536	0	17172	1012	44076	296	11676	0	9610	0	8776	1000	0	0	17056	3438	0	0	0	0	24984	166	9508	4136	2764	1384	0	0	120	0	0	0	0	0	0	0	168	0	0	0	254	0	1024	0	102	0	0	0	1876	0	142	0	146	0	0	0	0	0	86	0	126	0	3180	0	908	506	72	190	0	0	484	0	362	0	128	0	84	0	0	0	0	0	0	0	0	0	0	0	0	0	0	0	0	0	0	0	0	0	0	0	0	0	0	0	0	0	0	0	
326492	Frontal_Mid_R	800	17758	4244	42210	150	308	946	0	0	1184	1040	8740	352	19354	0	1486	354	286	1712	7604	0	0	896	4278	0	126	0	0	2122	4006	242	2648	434	1760	0	410	572	4436	398	1156	0	0	0	0	0	0	148	128	0	0	0	0	84	0	162	840	320	96	0	0	0	0	0	0	0	0	0	182	1920	0	3094	4336	644	8176	94	3028	1020	6146	124	0	208	164	0	168	0	0	0	0	152	0	0	0	0	0	0	0	0	0	0	0	0	0	0	0	0	0	0	0	0	0	0	0	0	0	0	0	
89524	Frontal_Mid_Orb_L	0	0	2444	0	11378	0	3536	0	0	0	0	0	2560	0	14006	0	0	0	0	0	260	0	0	0	466	0	2456	0	2920	0	472	0	0	0	0	0	0	0	0	0	0	0	0	0	0	0	0	0	0	0	0	0	0	0	0	0	0	0	0	0	0	0	0	0	0	0	0	0	0	0	212	0	3728	0	0	0	0	0	0	0	0	0	324	0	0	0	0	0	0	0	0	0	0	0	0	0	0	0	0	0	0	0	0	0	0	0	0	0	0	0	0	0	0	0	0	0	
28712	Frontal_Mid_Orb_R	0	0	0	140	0	4546	0	1184	0	0	0	0	0	972	0	5520	0	0	0	0	0	210	0	0	0	0	0	360	0	844	0	0	0	0	0	0	0	0	0	0	0	0	0	0	0	0	0	0	0	0	0	0	0	0	0	0	0	0	0	0	0	0	0	0	0	0	0	0	0	0	0	120	0	460	0	0	0	0	0	0	0	0	0	0	0	0	0	0	0	0	0	0	0	0	0	0	0	0	0	0	0	0	0	0	0	0	0	0	0	0	0	0	0	0	0	0	
291340	Frontal_Inf_Oper_L	19232	198	19616	734	96	0	17172	1040	0	0	0	198	18014	786	378	0	17250	0	9092	850	0	0	964	256	0	0	0	0	19872	394	1642	524	570	446	0	0	138	0	0	0	0	0	0	0	0	0	0	0	92	0	1296	0	256	0	0	0	6794	0	424	0	628	0	0	0	114	0	86	0	0	0	580	0	720	0	0	0	0	0	1432	0	1388	0	1530	0	636	0	0	0	232	0	0	0	0	0	0	0	0	0	0	0	0	0	0	0	0	0	0	0	0	0	0	0	0	0	0	0	
134140	Frontal_Inf_Oper_R	346	3306	1440	6724	0	0	1012	8740	0	0	198	0	0	9684	0	136	152	5070	600	5436	0	0	0	114	0	0	0	0	398	8280	0	598	0	0	0	0	0	722	0	278	0	0	0	0	0	0	0	0	0	0	0	0	0	0	0	334	0	2168	0	0	0	0	0	0	0	0	0	0	318	0	2164	210	86	5242	0	1036	0	572	0	0	0	330	0	1376	0	0	0	0	0	0	0	0	0	0	0	0	0	0	0	0	0	0	0	0	0	0	0	0	0	0	0	0	0	0	0	0	
379992	Frontal_Inf_Tri_L	4228	0	31356	802	3674	0	44076	352	2560	0	18014	0	0	350	19374	0	2236	0	7556	228	0	0	7586	1532	0	0	0	0	34958	184	3528	1458	2764	720	0	0	0	0	0	0	0	0	0	0	0	0	0	0	0	0	0	0	0	0	0	0	468	0	0	0	0	0	0	0	0	0	0	0	0	0	0	0	808	0	0	0	0	0	122	0	520	0	542	0	0	0	0	0	0	0	0	0	0	0	0	0	0	0	0	0	0	0	0	0	0	0	0	0	0	0	0	0	0	0	0	0	
136972	Frontal_Inf_Tri_R	432	96	882	7622	0	102	296	19354	0	972	786	9684	350	0	0	4458	70	490	460	5462	0	0	0	348	0	0	0	0	384	8082	0	1916	0	110	0	0	0	426	0	202	0	0	0	0	0	0	0	0	0	0	0	0	0	0	0	224	0	0	0	0	0	0	0	0	0	0	0	0	212	0	1324	540	114	2432	0	218	0	306	0	0	0	0	0	132	0	0	0	0	0	0	0	0	0	0	0	0	0	0	0	0	0	0	0	0	0	0	0	0	0	0	0	0	0	0	0	0	
182300	Frontal_Inf_Orb_L	0	0	8294	0	9126	0	11676	0	14006	0	378	0	19374	0	0	0	0	0	742	0	1472	0	746	128	0	0	564	0	15436	0	500	202	184	0	0	0	150	0	142	0	190	0	0	0	0	0	0	0	0	0	0	0	0	0	0	0	0	0	0	0	0	0	0	0	0	0	0	0	0	0	176	0	5086	0	0	0	0	0	0	0	124	0	2454	0	0	0	0	0	0	0	0	0	0	0	0	0	0	0	0	0	0	0	0	0	0	0	0	0	0	0	0	0	0	0	0	0	
62980	Frontal_Inf_Orb_R	0	0	0	852	0	3564	0	1486	0	5520	0	136	0	4458	0	0	0	0	0	404	0	738	0	104	0	0	0	758	0	8448	0	538	0	0	0	0	0	706	0	656	0	0	0	0	0	0	0	0	0	0	0	0	0	0	0	166	0	0	0	0	0	0	0	0	0	0	0	0	0	0	0	386	0	2570	0	0	0	0	0	0	0	0	0	0	0	0	0	0	0	0	0	0	0	0	0	0	0	0	0	0	0	0	0	0	0	0	0	0	0	0	0	0	0	0	0	0	
346796	Rolandic_Oper_L	16864	268	15378	344	0	0	9610	354	0	0	17250	152	2236	70	0	0	0	0	6776	424	0	0	254	0	0	0	0	0	30542	0	316	132	544	200	84	0	562	0	0	0	0	0	76	0	512	0	0	0	870	0	7556	0	2578	0	384	0	14326	0	2376	0	1528	0	3084	0	510	0	738	0	172	0	442	0	378	0	0	0	192	112	7974	0	16344	0	1390	0	6752	0	0	0	2410	0	334	0	0	0	0	0	0	0	0	0	0	0	0	0	0	0	0	0	0	0	0	0	0	0	0	0	
113140	Rolandic_Oper_R	0	1600	248	2998	0	0	0	286	0	0	0	5070	0	490	0	0	0	0	0	2958	0	0	0	0	0	0	0	0	0	10800	0	0	0	0	0	0	0	1796	0	74	0	0	0	718	0	562	0	116	0	896	0	416	0	0	0	330	0	6482	0	0	0	0	0	2456	0	98	0	282	348	0	0	524	0	3676	0	544	0	1562	0	2460	0	5062	0	1666	0	1374	0	0	0	678	0	0	0	0	0	0	0	0	0	0	0	0	0	0	0	0	0	0	0	0	0	0	0	0	0	0	
555148	Supp_Motor_Area_L	4854	682	68576	15106	1104	0	8776	1712	0	0	9092	600	7556	460	742	0	6776	0	0	33548	0	0	10798	6408	0	206	0	0	22464	98	11256	7280	8472	13998	624	576	1706	120	406	78	0	0	0	0	0	0	0	0	0	0	242	0	0	0	270	0	2182	0	0	0	0	0	414	0	0	0	198	76	7656	376	5290	974	9880	1034	116	78	170	0	758	0	2488	0	754	0	92	0	0	0	452	0	0	0	0	0	0	0	0	0	0	0	0	0	0	0	0	0	0	0	0	0	0	0	0	0	0	0	
693684	Supp_Motor_Area_R	5140	5082	15438	66340	114	1990	1000	7604	0	0	850	5436	228	5462	0	404	424	2958	33548	0	0	0	2034	16458	0	2386	0	92	1928	4472	3550	24154	4748	40138	1318	8624	894	1294	148	340	98	0	0	516	0	258	0	126	0	320	0	92	0	146	0	630	184	258	0	0	0	0	0	0	0	0	1542	3436	16668	12528	8930	11148	3182	10418	462	632	6666	2816	78	0	90	146	0	784	0	0	0	0	92	0	0	0	0	0	0	0	0	0	0	0	0	0	0	0	0	0	0	0	0	0	0	0	0	0	0	0	
71264	Olfactory_L	0	0	0	0	1062	0	0	0	260	0	0	0	0	0	1472	0	0	0	0	0	0	4556	0	0	386	0	894	322	2540	0	3244	2716	0	0	0	0	332	0	274	0	484	0	0	0	0	0	0	0	0	0	0	0	0	0	178	0	0	0	0	0	0	0	0	0	0	0	0	0	0	0	6330	3812	4532	1260	230	0	0	0	0	0	0	0	640	0	0	0	108	0	0	0	0	0	0	0	0	0	0	0	0	0	0	0	0	0	0	0	0	0	0	0	0	0	0	0	0	0	
79584	Olfactory_R	0	0	0	0	0	1066	0	0	0	210	0	0	0	0	0	738	0	0	0	0	4556	0	0	0	0	1224	210	2190	0	1396	3086	4574	0	0	0	0	0	0	0	0	0	276	0	0	0	0	0	0	0	0	0	0	0	0	0	0	0	0	0	0	0	0	0	0	0	0	0	0	0	0	5646	7724	3696	2200	360	0	154	486	0	0	0	0	0	0	0	0	0	0	0	0	0	0	0	0	0	0	0	0	0	0	0	0	0	0	0	0	0	0	0	0	0	0	0	0	0	0	
496680	Frontal_Sup_Medial_L	344	0	53850	12226	8980	452	17056	896	0	0	964	0	7586	0	746	0	254	0	10798	2034	0	0	0	32488	3340	2622	102	0	8462	0	35286	25262	8332	13262	0	0	0	0	0	0	0	0	0	0	0	0	0	0	0	0	0	0	0	0	0	0	120	0	0	0	0	0	0	0	0	0	0	0	0	0	848	0	1932	98	0	0	0	0	0	0	0	0	0	0	0	0	0	0	0	0	0	0	0	0	0	0	0	0	0	0	0	0	0	0	0	0	0	0	0	0	0	0	0	0	0	0	
450140	Frontal_Sup_Medial_R	0	0	17324	36982	2446	5856	3438	4278	0	0	256	114	1532	348	128	104	0	0	6408	16458	0	0	32488	0	1172	10960	0	506	1786	240	16782	37386	2218	19050	0	0	0	0	0	0	0	0	0	0	0	0	0	0	0	0	0	0	0	0	0	0	0	0	0	0	0	0	0	0	0	0	0	0	0	0	298	786	628	5098	0	0	0	0	0	0	0	0	0	0	0	0	0	0	0	0	0	0	0	0	0	0	0	0	0	0	0	0	0	0	0	0	0	0	0	0	0	0	0	0	0	0	
46816	Frontal_Med_Orb_L	0	0	1296	100	4788	236	0	0	466	0	0	0	0	0	0	0	0	0	0	0	386	0	3340	1172	0	1888	2314	394	0	0	3920	820	0	0	0	0	0	0	0	0	0	0	0	0	0	0	0	0	0	0	0	0	0	0	0	0	0	0	0	0	0	0	0	0	0	0	0	0	0	0	992	0	1190	106	0	0	0	0	0	0	0	0	0	0	0	0	0	0	0	0	0	0	0	0	0	0	0	0	0	0	0	0	0	0	0	0	0	0	0	0	0	0	0	0	0	0	
142008	Frontal_Med_Orb_R	0	0	1270	6100	1090	9250	0	126	0	0	0	0	0	0	0	0	0	0	206	2386	0	1224	2622	10960	1888	0	74	5314	0	0	4092	12310	0	676	0	0	0	0	0	0	0	0	0	0	0	0	0	0	0	0	0	0	0	0	0	0	0	0	0	0	0	0	0	0	0	0	0	0	0	0	114	3818	316	7004	0	0	0	164	0	0	0	0	0	0	0	0	0	0	0	0	0	0	0	0	0	0	0	0	0	0	0	0	0	0	0	0	0	0	0	0	0	0	0	0	0	0	
45008	Rectus_L	0	0	150	0	6576	0	0	0	2456	0	0	0	0	0	564	0	0	0	0	0	894	210	102	0	2314	74	0	0	90	0	3444	554	0	0	0	0	0	0	0	0	0	0	0	0	0	0	0	0	0	0	0	0	0	0	0	0	0	0	0	0	0	0	0	0	0	0	0	0	0	0	1462	252	3162	200	0	0	0	0	0	0	0	0	0	0	0	0	0	0	0	0	0	0	0	0	0	0	0	0	0	0	0	0	0	0	0	0	0	0	0	0	0	0	0	0	0	0	
51068	Rectus_R	0	0	0	70	130	6124	0	0	0	360	0	0	0	0	0	758	0	0	0	92	322	2190	0	506	394	5314	0	0	0	362	452	2786	0	0	0	0	0	0	0	0	0	0	0	0	0	0	0	0	0	0	0	0	0	0	0	0	0	0	0	0	0	0	0	0	0	0	0	0	0	0	288	2756	264	2366	0	0	0	0	0	0	0	0	0	0	0	0	0	0	0	0	0	0	0	0	0	0	0	0	0	0	0	0	0	0	0	0	0	0	0	0	0	0	0	0	0	0	
740080	Insula_L	15064	1434	56168	2432	7866	0	24984	2122	2920	0	19872	398	34958	384	15436	0	30542	0	22464	1928	2540	0	8462	1786	0	0	90	0	0	116	4402	1968	3642	1422	374	94	8422	0	960	0	234	0	132	0	792	0	0	0	1452	0	8836	0	2570	0	2908	0	10162	80	2444	0	1392	0	386	0	282	0	1070	0	844	0	2906	244	17658	310	86	182	1246	296	9662	0	13592	0	5008	0	6826	0	134	0	4850	0	206	0	0	0	0	0	0	0	0	0	0	0	0	0	0	0	0	0	0	0	0	0	0	0	0	0	
231404	Insula_R	150	1006	278	5580	0	646	166	4006	0	844	394	8280	184	8082	0	8448	0	10800	98	4472	0	1396	0	240	0	0	0	362	116	0	110	2240	0	0	0	236	0	7084	0	2824	0	514	0	1082	0	786	0	226	0	1010	0	432	0	246	0	2290	0	2746	0	0	0	0	0	234	0	106	0	354	130	0	706	884	0	17900	0	188	72	2304	0	3270	0	4008	0	2372	0	2874	0	0	0	2926	0	0	0	0	0	0	0	0	0	0	0	0	0	0	0	0	0	0	0	0	0	0	0	0	0	0	
478524	Cingulum_Ant_L	650	0	34008	9636	7868	848	9508	242	472	0	1642	0	3528	0	500	0	316	0	11256	3550	3244	3086	35286	16782	3920	4092	3444	452	4402	110	0	34994	10842	7962	596	354	0	0	0	0	0	0	0	0	0	0	0	0	0	0	0	0	0	0	0	0	288	0	0	0	0	0	0	0	0	0	0	0	216	0	8886	3498	10202	2322	0	0	0	178	0	0	82	0	0	0	0	0	0	0	0	0	0	0	0	0	0	0	0	0	0	0	0	0	0	0	0	0	0	0	0	0	0	0	0	0	0	0	
636704	Cingulum_Ant_R	320	166	16930	38512	2230	5850	4136	2648	0	0	524	598	1458	1916	202	538	132	0	7280	24154	2716	4574	25262	37386	820	12310	554	2786	1968	2240	34994	0	10486	31446	784	2034	0	88	0	0	0	0	0	0	0	0	0	0	0	0	0	0	0	0	0	0	80	0	0	0	0	0	0	0	0	0	74	0	298	178	4972	16994	4366	12946	0	110	0	292	0	0	0	0	0	0	0	0	0	0	0	0	0	0	0	0	0	0	0	0	0	0	0	0	0	0	0	0	0	0	0	0	0	0	0	0	0	0	
228692	Cingulum_Mid_L	720	432	7052	5060	684	0	2764	434	0	0	570	0	2764	0	184	0	544	0	8472	4748	0	0	8332	2218	0	0	0	0	3642	0	10842	10486	0	16312	4992	2338	0	0	0	0	0	0	232	0	1546	92	0	0	2494	92	2122	0	0	0	0	0	706	0	280	0	0	0	0	0	0	0	5926	652	6030	500	0	0	0	0	0	0	0	0	0	0	0	0	0	0	84	0	0	0	0	0	0	0	0	0	0	0	0	0	0	0	0	0	0	0	0	0	0	0	0	0	0	0	0	0	0	0	
478884	Cingulum_Mid_R	1592	1772	7610	23628	194	348	1384	1760	0	0	446	0	720	110	0	0	200	0	13998	40138	0	0	13262	19050	0	676	0	0	1422	0	7962	31446	16312	0	2152	15234	0	0	0	0	0	0	0	1658	0	1822	0	210	0	1670	0	464	0	90	0	190	0	2256	0	150	0	0	0	0	0	70	2592	10148	5160	9680	726	212	276	568	0	0	0	0	0	0	0	0	0	0	0	84	0	0	0	0	0	0	0	0	0	0	0	0	0	0	0	0	0	0	0	0	0	0	0	0	0	0	0	0	0	0	
112120	Cingulum_Post_L	3230	1092	82	204	0	0	0	0	0	0	0	0	0	0	0	0	84	0	624	1318	0	0	0	0	0	0	0	0	374	0	596	784	4992	2152	0	6140	4604	1226	2870	0	0	0	4480	110	808	0	638	0	422	0	174	0	188	0	360	0	782	0	0	0	0	0	0	0	0	0	6104	574	4514	692	0	684	0	0	0	0	644	3554	290	0	82	0	0	0	314	0	0	0	274	0	0	0	0	0	0	0	0	0	0	0	0	0	0	0	0	0	0	0	0	0	0	0	0	0	0	0	
174172	Cingulum_Post_R	364	2102	126	876	0	0	0	410	0	0	0	0	0	0	0	0	0	0	576	8624	0	0	0	0	0	0	0	0	94	236	354	2034	2338	15234	6140	0	2452	4998	1366	1260	0	0	0	2682	0	188	0	1362	0	116	0	0	0	0	296	146	0	1846	0	0	0	0	0	0	0	0	2832	12734	1160	6422	0	980	0	230	0	0	772	4750	96	0	0	0	0	0	0	0	0	0	134	0	0	0	0	0	0	0	0	0	0	0	0	0	0	0	0	0	0	0	0	0	756	0	0	0	0	0	
207328	Hippocampus_L	1182	1214	2244	404	0	0	120	572	0	0	138	0	0	0	150	0	562	0	1706	894	332	0	0	0	0	0	0	0	8422	0	0	0	0	0	4604	2452	0	970	16044	0	4570	0	1892	0	0	0	3756	0	0	0	276	0	982	0	13888	0	370	0	0	0	0	0	0	0	0	0	2696	0	116	0	132	306	5948	0	204	0	4470	3414	2548	0	1894	0	954	0	1656	0	492	0	11090	0	0	0	0	0	0	0	0	0	0	0	0	0	0	0	0	0	0	0	0	0	0	0	0	0	0	0	
245344	Hippocampus_R	0	4926	150	4366	0	0	0	4436	0	0	0	722	0	426	0	706	0	1796	120	1294	0	0	0	0	0	0	0	0	0	7084	0	88	0	0	1226	4998	970	0	978	20108	0	8022	0	944	0	0	0	2520	0	72	0	0	0	318	78	20768	0	838	0	0	0	0	0	372	0	0	0	3394	220	78	136	884	0	10676	0	664	74	5058	0	582	0	1178	0	3294	0	946	0	1154	0	4892	0	0	0	0	0	0	0	462	0	0	0	0	0	0	0	0	0	0	0	0	654	0	0	0	0	0	
108288	ParaHippocampal_L	70	658	516	184	0	0	0	398	0	0	0	0	0	0	142	0	0	0	406	148	274	0	0	0	0	0	0	0	960	0	0	0	0	0	2870	1366	16044	978	0	104	1194	0	1458	0	0	0	6284	220	0	0	258	0	1694	0	6190	0	0	0	0	0	0	0	0	0	0	0	2344	0	0	0	0	158	1990	218	0	74	1728	1742	0	0	0	0	570	0	0	0	500	0	2186	0	0	0	0	0	74	0	144	0	0	0	0	0	0	0	0	0	0	0	0	0	0	0	0	0	0	0	
140004	ParaHippocampal_R	0	198	102	780	0	0	0	1156	0	0	0	278	0	202	0	656	0	74	78	340	0	0	0	0	0	0	0	0	0	2824	0	0	0	0	0	1260	0	20108	104	0	0	4240	0	640	0	0	0	3888	0	0	0	0	0	194	0	13352	0	0	0	0	0	0	0	0	0	0	0	2014	0	0	0	82	0	6862	0	514	0	1422	0	0	0	156	0	2482	0	72	0	1840	0	1948	0	0	0	0	0	0	0	1652	0	0	0	0	0	0	0	0	0	0	0	0	484	0	0	0	0	0	
22336	Amygdala_L	0	0	0	0	0	0	0	0	0	0	0	0	0	0	190	0	0	0	0	98	484	0	0	0	0	0	0	0	234	0	0	0	0	0	0	0	4570	0	1194	0	0	0	0	0	0	0	0	0	0	0	0	0	0	0	2166	0	0	0	0	0	0	0	0	0	0	0	0	0	0	0	0	0	238	0	0	0	122	0	0	0	0	0	524	0	150	0	488	0	710	0	0	0	0	0	0	0	0	0	0	0	0	0	0	0	0	0	0	0	0	0	0	0	0	0	0	0	
44268	Amygdala_R	0	0	0	0	0	0	0	0	0	0	0	0	0	0	0	0	0	0	0	0	0	276	0	0	0	0	0	0	0	514	0	0	0	0	0	0	0	8022	0	4240	0	0	0	0	0	0	0	0	0	0	0	0	0	0	0	3924	0	0	0	0	0	0	0	0	0	0	0	0	0	0	0	0	0	338	0	0	0	126	0	0	0	0	0	3232	0	0	0	1234	0	228	0	0	0	0	0	0	0	0	0	0	0	0	0	0	0	0	0	0	0	0	0	0	0	0	0	0	
171988	Calcarine_L	324	0	0	0	0	0	0	0	0	0	0	0	0	0	0	0	76	0	0	0	0	0	0	0	0	0	0	0	132	0	0	0	232	0	4480	0	1892	0	1458	0	0	0	0	7200	12056	4912	6256	3020	8790	2620	13096	686	2964	0	752	74	1230	0	0	0	0	0	0	0	0	0	11250	174	1022	0	0	0	0	0	0	0	0	0	0	0	0	0	0	0	970	0	0	0	248	0	0	0	0	0	0	0	0	0	0	0	0	0	0	0	0	0	0	0	0	0	80	0	0	0	0	0	
318744	Calcarine_R	100	684	0	0	0	0	0	0	0	0	0	0	0	0	0	0	0	718	0	516	0	0	0	0	0	0	0	0	0	1082	0	0	0	1658	110	2682	0	944	0	640	0	0	7200	0	2408	33472	938	21772	0	27354	0	17960	0	3358	0	3168	0	1776	0	188	0	0	0	314	0	2292	488	17680	114	1410	0	0	0	0	0	0	0	0	0	384	0	222	0	0	0	5354	0	0	0	1940	0	0	0	0	0	0	0	154	0	92	0	0	0	0	0	0	0	0	0	0	200	0	0	0	0	0	
154936	Cuneus_L	706	0	108	0	0	0	168	0	0	0	0	0	0	0	0	0	512	0	0	0	0	0	0	0	0	0	0	0	792	0	0	0	1546	0	808	0	0	0	0	0	0	0	12056	2408	0	5966	474	202	19628	804	12180	250	1572	0	242	0	3044	0	560	0	82	0	0	0	0	0	10216	1306	1068	0	0	0	0	0	0	0	0	0	0	0	458	0	0	0	312	0	0	0	0	0	0	0	0	0	0	0	0	0	0	0	0	0	0	0	0	0	0	0	0	0	0	0	0	0	0	0	
307652	Cuneus_R	0	1090	0	0	0	0	0	0	0	0	0	0	0	0	0	0	0	562	0	258	0	0	0	0	0	0	0	0	0	786	0	0	92	1822	0	188	0	0	0	0	0	0	4912	33472	5966	0	256	7740	908	39166	326	14810	0	712	0	1292	0	4198	0	2266	0	192	0	350	0	2172	2374	22472	82	1190	0	0	0	0	0	0	0	0	0	282	0	218	0	0	0	2552	0	0	0	1120	0	0	0	0	0	0	0	0	0	0	0	0	0	0	0	0	0	0	0	0	0	0	0	0	0	0	
193792	Lingual_L	0	232	84	0	0	0	0	148	0	0	0	0	0	0	0	0	0	0	0	0	0	0	0	0	0	0	0	0	0	0	0	0	0	0	638	0	3756	0	6284	0	0	0	6256	938	474	256	0	2186	1986	178	12100	120	11338	0	12606	536	0	0	0	0	0	0	0	0	0	0	2304	0	0	0	0	0	102	0	0	0	562	0	0	0	0	0	0	0	84	0	0	0	494	0	6414	848	502	0	570	0	7288	238	9834	1502	0	0	0	0	0	0	0	0	0	180	3212	2370	276	0	0	0	
244712	Lingual_R	0	118	0	138	0	0	0	128	0	0	0	0	0	0	0	0	0	116	0	126	0	0	0	0	0	0	0	0	0	226	0	0	0	210	0	1362	0	2520	220	3888	0	0	3020	21772	202	7740	2186	0	0	9828	0	8232	0	3114	1056	10722	0	126	0	0	0	0	0	0	0	142	0	4120	0	120	0	70	0	334	0	0	0	906	0	0	0	0	0	0	0	1244	0	0	0	858	4764	1178	1342	76	126	346	910	3404	6450	4446	944	0	1386	174	452	104	262	0	0	152	3488	6848	562	98	0	0	
178400	Occipital_Sup_L	1192	0	208	0	0	0	254	0	0	0	92	0	0	0	0	0	870	0	0	0	0	0	0	0	0	0	0	0	1452	0	0	0	2494	0	422	0	0	0	0	0	0	0	8790	0	19628	908	1986	0	0	0	26896	0	1726	0	222	0	2854	0	4844	0	954	0	0	0	0	0	11226	0	286	0	116	0	168	0	0	0	0	0	0	0	784	0	0	0	828	0	0	0	0	0	0	0	0	0	0	0	0	0	0	0	0	0	0	0	0	0	0	0	0	0	0	0	0	0	0	0	
386928	Occipital_Sup_R	0	2682	0	0	0	0	0	0	0	0	0	0	0	0	0	0	0	896	0	320	0	0	0	0	0	0	0	0	0	1010	0	0	92	1670	0	116	0	72	0	0	0	0	2620	27354	804	39166	178	9828	0	0	0	33464	0	1702	0	2826	0	8846	0	6170	0	3378	0	1128	0	9414	422	21338	0	1422	0	0	0	0	0	0	0	0	0	464	0	1382	0	0	0	10600	0	0	0	4100	0	0	0	0	0	0	0	0	0	0	0	0	0	0	0	0	0	0	0	0	0	0	0	0	0	0	
515464	Occipital_Mid_L	6120	0	744	0	0	0	1024	0	0	0	1296	0	0	0	0	0	7556	0	242	0	0	0	0	0	0	0	0	0	8836	0	0	0	2122	0	174	0	276	0	258	0	0	0	13096	0	12180	326	12100	0	26896	0	0	0	27338	0	7246	0	17346	0	21202	0	16100	0	2456	0	15638	0	14674	0	944	0	162	76	246	0	0	0	0	0	1796	0	4880	0	0	0	30560	0	0	0	3186	0	290	0	0	0	0	0	0	0	346	0	0	0	0	0	0	0	0	0	0	0	0	0	0	0	0	0	
293904	Occipital_Mid_R	0	422	0	0	0	0	0	0	0	0	0	0	0	0	0	0	0	416	0	92	0	0	0	0	0	0	0	0	0	432	0	0	0	464	0	0	0	0	0	0	0	0	686	17960	250	14810	120	8232	0	33464	0	0	0	4002	0	1854	0	1328	0	1706	0	3804	0	1248	0	23956	162	5322	0	332	0	0	0	0	0	0	0	0	0	176	0	2748	0	0	0	20180	0	0	0	2786	0	0	0	0	0	0	0	0	0	0	0	0	0	0	0	0	0	0	0	0	0	0	0	0	0	0	
180404	Occipital_Inf_L	1246	116	164	0	0	0	102	84	0	0	256	0	0	0	0	0	2578	0	0	0	0	0	0	0	0	0	0	0	2570	0	0	0	0	0	188	0	982	0	1694	0	0	0	2964	0	1572	0	11338	0	1726	0	27338	0	0	0	11966	0	1672	0	488	0	160	0	266	0	224	0	1736	0	490	0	0	0	0	0	0	0	0	0	1594	0	1052	0	0	0	9062	0	0	0	4914	0	362	0	110	0	0	0	120	0	944	0	0	0	0	0	0	0	0	0	0	0	124	0	0	0	0	0	
53336	Occipital_Inf_R	0	90	0	0	0	0	0	0	0	0	0	0	0	0	0	0	0	0	0	146	0	0	0	0	0	0	0	0	0	246	0	0	0	90	0	0	0	318	0	194	0	0	0	3358	0	712	0	3114	0	1702	0	4002	0	0	0	6980	0	98	0	0	0	0	0	0	0	0	0	248	0	184	0	0	0	0	0	0	0	0	0	134	0	164	0	0	0	1088	0	0	0	3800	0	0	0	0	0	0	0	0	0	0	0	0	0	0	0	0	0	0	0	0	0	0	0	0	0	0	
317796	Fusiform_L	280	276	556	0	0	0	0	162	0	0	0	0	0	0	0	0	384	0	270	0	178	0	0	0	0	0	0	0	2908	0	0	0	0	0	360	296	13888	78	6190	0	2166	0	752	0	242	0	12606	1056	222	0	7246	0	11966	0	0	384	218	0	0	0	0	0	0	0	0	0	500	0	80	0	0	0	1594	0	0	0	366	414	492	0	1364	0	3072	0	4658	0	5460	0	20406	0	20788	168	508	0	134	0	8430	336	22482	660	0	0	0	0	0	0	0	0	0	0	2544	1758	0	0	0	0	
302144	Fusiform_R	0	292	0	660	0	0	0	840	0	0	0	334	0	224	0	166	0	330	0	630	0	0	0	0	0	0	0	0	0	2290	0	0	0	190	0	146	0	20768	0	13352	0	3924	74	3168	0	1292	536	10722	0	2826	0	1854	0	6980	384	0	0	262	0	0	0	0	0	106	0	0	0	616	0	326	0	0	0	4240	0	122	0	826	0	460	0	1572	0	4176	0	1326	0	3888	0	13730	1722	7030	184	0	94	0	612	5994	4860	13226	146	0	384	0	1874	0	1506	0	0	0	4548	5038	222	0	0	0	
329364	Postcentral_L	26312	592	3806	138	0	0	1876	320	0	0	6794	0	468	0	0	0	14326	0	2182	184	0	0	120	0	0	0	0	0	10162	0	288	80	706	0	782	0	370	0	0	0	0	0	1230	0	3044	0	0	0	2854	0	17346	0	1672	0	218	0	0	222	9750	0	17960	0	10420	0	2546	0	6606	0	4094	0	444	110	246	0	0	0	0	0	2586	0	9894	0	0	0	3208	0	0	0	726	0	0	0	0	0	0	0	0	0	0	0	0	0	0	0	0	0	0	0	0	0	0	0	0	0	0	0	
226456	Postcentral_R	218	15356	0	146	0	0	0	96	0	0	0	2168	0	0	0	0	0	6482	0	258	0	0	0	0	0	0	0	0	80	2746	0	0	0	2256	0	1846	0	838	0	0	0	0	0	1776	0	4198	0	126	0	8846	0	1328	0	98	0	262	222	0	0	8452	0	9634	0	16350	0	2062	210	15920	1344	3372	0	100	0	560	0	0	0	418	0	508	0	1128	0	0	0	2434	0	0	0	1390	0	0	0	0	0	0	0	0	0	0	0	0	0	0	0	0	0	0	0	0	0	0	0	0	0	0	
166236	Parietal_Sup_L	1286	0	74	0	0	0	142	0	0	0	424	0	0	0	0	0	2376	0	0	0	0	0	0	0	0	0	0	0	2444	0	0	0	280	0	0	0	0	0	0	0	0	0	0	0	560	0	0	0	4844	0	21202	0	488	0	0	0	9750	0	0	0	15336	0	894	0	6280	0	12996	162	152	0	0	0	0	0	0	0	0	0	234	0	1224	0	0	0	1358	0	0	0	612	0	0	0	0	0	0	0	0	0	0	0	0	0	0	0	0	0	0	0	0	0	0	0	0	0	0	0	
101120	Parietal_Sup_R	0	1352	0	0	0	0	0	0	0	0	0	0	0	0	0	0	0	0	0	0	0	0	0	0	0	0	0	0	0	0	0	0	0	150	0	0	0	0	0	0	0	0	0	188	0	2266	0	0	0	6170	0	1706	0	0	0	0	0	8452	0	0	0	7620	0	2672	0	6360	1428	11104	0	592	0	0	0	0	0	0	0	0	0	0	0	0	0	0	0	340	0	0	0	160	0	0	0	0	0	0	0	0	0	0	0	0	0	0	0	0	0	0	0	0	0	0	0	0	0	0	
193788	Parietal_Inf_L	2366	0	118	0	0	0	146	0	0	0	628	0	0	0	0	0	1528	0	0	0	0	0	0	0	0	0	0	0	1392	0	0	0	0	0	0	0	0	0	0	0	0	0	0	0	82	0	0	0	954	0	16100	0	160	0	0	0	17960	0	15336	0	0	0	11380	0	19596	0	1056	0	0	0	0	0	0	0	0	0	0	0	0	0	1184	0	0	0	5868	0	0	0	1040	0	0	0	0	0	0	0	0	0	0	0	0	0	0	0	0	0	0	0	0	0	0	0	0	0	0	0	
91020	Parietal_Inf_R	0	338	0	0	0	0	0	0	0	0	0	0	0	0	0	0	0	0	0	0	0	0	0	0	0	0	0	0	0	0	0	0	0	0	0	0	0	0	0	0	0	0	0	0	0	192	0	0	0	3378	0	3804	0	0	0	0	0	9634	0	7620	0	0	0	9386	0	9582	0	536	0	0	0	0	0	0	0	0	0	0	0	0	0	132	0	0	0	586	0	0	0	322	0	0	0	0	0	0	0	0	0	0	0	0	0	0	0	0	0	0	0	0	0	0	0	0	0	0	
106904	SupraMarginal_L	1608	0	986	0	0	0	0	0	0	0	0	0	0	0	0	0	3084	0	414	0	0	0	0	0	0	0	0	0	386	0	0	0	0	0	0	0	0	0	0	0	0	0	0	0	0	0	0	0	0	0	2456	0	266	0	0	0	10420	0	894	0	11380	0	0	0	7198	0	0	0	0	0	0	0	0	0	0	0	0	0	190	0	6022	0	0	0	7372	0	0	0	776	0	0	0	0	0	0	0	0	0	0	0	0	0	0	0	0	0	0	0	0	0	0	0	0	0	0	0	
122260	SupraMarginal_R	0	1410	0	0	0	0	0	0	0	0	0	0	0	0	0	0	0	2456	0	0	0	0	0	0	0	0	0	0	0	234	0	0	0	0	0	0	0	372	0	0	0	0	0	314	0	350	0	0	0	1128	0	1248	0	0	0	106	0	16350	0	2672	0	9386	0	0	0	7292	0	384	428	0	0	0	0	0	0	0	0	0	0	266	0	9378	0	0	0	6274	0	0	0	1082	0	0	0	0	0	0	0	0	0	0	0	0	0	0	0	0	0	0	0	0	0	0	0	0	0	0	
133988	Angular_L	852	0	106	0	0	0	0	0	0	0	114	0	0	0	0	0	510	0	0	0	0	0	0	0	0	0	0	0	282	0	0	0	0	0	0	0	0	0	0	0	0	0	0	0	0	0	0	0	0	0	15638	0	224	0	0	0	2546	0	6280	0	19596	0	7198	0	0	0	292	0	0	0	0	0	0	0	0	0	0	0	0	0	1340	0	0	0	10840	0	0	0	1098	0	78	0	0	0	0	0	0	0	0	0	0	0	0	0	0	0	0	0	0	0	0	0	0	0	0	0	
164084	Angular_R	0	88	0	0	0	0	0	0	0	0	0	0	0	0	0	0	0	98	0	0	0	0	0	0	0	0	0	0	0	106	0	0	0	70	0	0	0	0	0	0	0	0	0	2292	0	2172	0	142	0	9414	0	23956	0	0	0	0	0	2062	0	6360	0	9582	0	7292	0	0	0	1294	0	0	0	0	0	0	0	0	0	0	0	0	0	4442	0	0	0	11904	0	0	0	768	0	0	0	0	0	0	0	0	0	0	0	0	0	0	0	0	0	0	0	0	0	0	0	0	0	0	
243644	Precuneus_L	1220	210	0	0	0	0	86	0	0	0	86	0	0	0	0	0	738	0	198	1542	0	0	0	0	0	0	0	0	1070	0	0	74	5926	2592	6104	2832	2696	0	2344	0	0	0	11250	488	10216	2374	2304	0	11226	422	14674	162	1736	0	500	0	6606	210	12996	1428	1056	0	0	0	292	0	0	7876	4492	1002	0	78	0	0	0	0	134	200	138	0	362	0	0	0	1402	0	0	0	480	0	0	0	0	0	0	0	0	0	0	0	0	0	0	0	0	0	0	0	0	0	0	0	0	0	0	0	
321880	Precuneus_R	112	3940	0	296	0	0	0	182	0	0	0	0	0	0	0	0	0	282	76	3436	0	0	0	0	0	0	0	0	0	354	0	0	652	10148	574	12734	0	3394	0	2014	0	0	174	17680	1306	22472	0	4120	0	21338	0	5322	0	248	0	616	0	15920	162	11104	0	536	0	384	0	1294	7876	0	636	6124	0	108	0	84	0	0	0	272	0	112	0	196	0	0	0	2456	0	0	0	1184	0	0	0	0	0	0	0	236	0	0	0	0	0	0	0	0	0	0	0	0	786	0	0	0	0	0	
215408	Paracentral_Lobule_L	15954	9654	3232	2546	0	0	126	1920	0	0	0	318	0	212	0	0	172	348	7656	16668	0	0	0	0	0	0	0	0	844	130	216	298	6030	5160	4514	1160	116	220	0	0	0	0	1022	114	1068	82	0	0	286	0	944	0	490	0	80	0	4094	1344	152	0	0	0	0	428	0	0	4492	636	0	3646	2278	1242	1718	182	1034	70	1424	2790	80	0	88	0	0	0	288	0	0	0	138	0	0	0	0	0	0	0	0	0	0	0	0	0	0	0	0	0	0	0	0	0	0	0	0	0	0	0	
114604	Paracentral_Lobule_R	2770	3904	80	132	0	0	0	0	0	0	0	0	0	0	0	0	0	0	376	12528	0	0	0	0	0	0	0	0	0	0	0	178	500	9680	692	6422	0	78	0	0	0	0	0	1410	0	1190	0	120	0	1422	0	332	0	184	0	326	0	3372	0	592	0	0	0	0	0	0	1002	6124	3646	0	0	0	0	0	0	0	0	0	0	0	0	0	0	0	0	132	0	0	0	110	0	0	0	0	0	0	0	0	0	0	0	0	0	0	0	0	0	0	0	0	0	0	0	0	0	0	
244008	Caudate_L	1224	566	10342	5258	1248	0	3180	3094	212	0	580	2164	0	1324	176	0	442	0	5290	8930	6330	5646	848	298	992	114	1462	288	2906	706	8886	4972	0	726	0	0	132	136	0	0	0	0	0	0	0	0	0	0	116	0	162	0	0	0	0	0	444	0	0	0	0	0	0	0	0	0	0	0	2278	0	0	10888	17394	4492	2570	288	4244	424	112	0	120	0	0	0	0	0	0	0	0	0	0	0	0	0	0	0	0	0	0	0	0	0	0	0	0	0	0	0	0	0	0	0	0	0	0	0	
271116	Caudate_R	1170	6032	392	11612	0	2092	0	4336	0	120	0	210	0	540	0	386	0	524	974	11148	3812	7724	0	786	0	3818	252	2756	244	884	3498	16994	0	212	684	980	306	884	158	82	0	0	0	0	0	0	0	70	0	0	76	0	0	0	0	0	110	100	0	0	0	0	0	0	0	0	78	108	1242	0	10888	0	3924	14812	394	2590	352	17204	0	0	0	0	0	0	0	0	0	0	0	0	0	0	0	0	0	0	0	0	0	0	0	0	0	0	0	0	0	0	0	0	0	0	0	0	0	0	
302508	Putamen_L	620	616	18516	1620	9576	0	908	644	3728	0	720	86	808	114	5086	0	378	0	9880	3182	4532	3696	1932	628	1190	316	3162	264	17658	0	10202	4366	0	276	0	0	5948	0	1990	0	238	0	0	0	0	0	102	0	168	0	246	0	0	0	1594	0	246	0	0	0	0	0	0	0	0	0	0	0	1718	0	17394	3924	0	1714	5804	0	934	170	226	0	1098	0	1360	0	148	0	174	0	1354	0	0	0	0	0	0	0	0	0	0	0	0	0	0	0	0	0	0	0	0	0	0	0	0	0	0	0	
332756	Putamen_R	142	2838	990	11406	0	7932	506	8176	0	460	0	5242	0	2432	0	2570	0	3676	1034	10418	1260	2200	98	5098	106	7004	200	2366	310	17900	2322	12946	0	568	0	230	0	10676	218	6862	0	338	0	0	0	0	0	334	0	0	0	0	0	0	0	4240	0	560	0	0	0	0	0	0	0	0	0	84	182	0	4492	14812	1714	0	118	6466	0	3594	0	74	0	662	0	424	0	98	0	0	0	0	0	0	0	0	0	0	0	0	0	0	0	0	0	0	0	0	0	0	0	0	0	0	0	0	0	0	
33536	Pallidum_L	70	90	2338	0	0	0	72	94	0	0	0	0	0	0	0	0	0	0	116	462	230	360	0	0	0	0	0	0	86	0	0	0	0	0	0	0	204	0	0	0	0	0	0	0	0	0	0	0	0	0	0	0	0	0	0	0	0	0	0	0	0	0	0	0	0	0	0	0	1034	0	2570	394	5804	118	0	0	2618	108	0	0	0	0	0	0	0	0	0	0	0	0	0	0	0	0	0	0	0	0	0	0	0	0	0	0	0	0	0	0	0	0	0	0	0	0	0	0	
40884	Pallidum_R	0	1406	196	1624	0	0	190	3028	0	0	0	1036	0	218	0	0	0	544	78	632	0	0	0	0	0	0	0	0	182	188	0	110	0	0	0	0	0	664	74	514	0	0	0	0	0	0	0	0	0	0	0	0	0	0	0	122	0	0	0	0	0	0	0	0	0	0	0	0	70	0	288	2590	0	6466	0	0	0	222	0	0	0	0	0	0	0	0	0	0	0	0	0	0	0	0	0	0	0	0	0	0	0	0	0	0	0	0	0	0	0	0	0	0	0	0	0	0	
80912	Thalamus_L	438	2416	1376	774	0	0	0	1020	0	0	0	0	0	0	0	0	192	0	170	6666	0	154	0	0	0	0	0	0	1246	72	0	0	0	0	644	772	4470	74	1728	0	122	0	0	0	0	0	562	0	0	0	0	0	0	0	366	0	0	0	0	0	0	0	0	0	0	0	134	0	1424	0	4244	352	934	0	2618	0	0	6544	254	0	202	0	0	0	0	0	0	0	488	0	0	0	0	0	0	0	0	0	0	0	0	0	0	0	0	0	0	0	0	0	0	0	0	0	0	0	
178004	Thalamus_R	1266	8078	632	8748	0	0	0	6146	0	0	0	572	0	306	0	0	112	1562	0	2816	0	486	0	0	0	164	0	0	296	2304	178	292	0	0	3554	4750	3414	5058	1742	1422	0	126	0	0	0	0	0	906	0	0	0	0	0	0	414	826	0	418	0	0	0	0	0	0	0	0	200	272	2790	0	424	17204	170	3594	108	222	6544	0	312	0	86	134	0	0	0	0	0	0	238	0	0	0	0	0	0	0	0	116	0	0	0	0	0	0	0	0	0	0	0	0	0	0	0	0	0	0	
96812	Heschl_L	2818	168	1596	0	0	0	484	124	0	0	1432	0	122	0	0	0	7974	0	758	78	0	0	0	0	0	0	0	0	9662	0	0	0	0	0	290	96	2548	0	0	0	0	0	0	0	0	0	0	0	0	0	1796	0	1594	0	492	0	2586	0	234	0	0	0	190	0	0	0	138	0	80	0	112	0	226	0	0	0	254	312	0	0	3598	0	212	0	5498	0	0	0	2808	0	126	0	0	0	0	0	0	0	0	0	0	0	0	0	0	0	0	0	0	0	0	0	0	0	0	0	
29236	Heschl_R	0	0	0	0	0	0	0	0	0	0	0	0	0	0	0	0	0	2460	0	0	0	0	0	0	0	0	0	0	0	3270	0	0	0	0	0	0	0	582	0	0	0	0	0	384	0	282	0	0	0	464	0	176	0	134	0	460	0	508	0	0	0	0	0	266	0	0	0	112	0	0	0	0	0	74	0	0	0	0	0	0	0	3436	0	332	0	908	0	0	0	770	0	0	0	0	0	0	0	0	0	0	0	0	0	0	0	0	0	0	0	0	0	0	0	0	0	0	
258512	Temporal_Sup_L	2304	310	3422	0	0	0	362	208	0	0	1388	0	520	0	124	0	16344	0	2488	90	0	0	0	0	0	0	0	0	13592	0	82	0	0	0	82	0	1894	0	0	0	0	0	0	0	458	0	0	0	784	0	4880	0	1052	0	1364	0	9894	0	1224	0	1184	0	6022	0	1340	0	362	0	88	0	120	0	1098	0	0	0	202	86	3598	0	0	0	4220	0	31394	0	388	0	16008	0	280	0	0	0	0	0	0	0	0	0	0	0	0	0	0	0	0	0	0	0	0	0	0	0	0	0	
119164	Temporal_Sup_R	0	134	0	216	0	0	0	164	0	0	0	330	0	0	0	0	0	5062	0	146	0	0	0	0	0	0	0	0	0	4008	0	0	0	0	0	0	0	1178	0	156	0	0	0	222	0	218	0	0	0	1382	0	2748	0	164	0	1572	0	1128	0	0	0	132	0	9378	0	4442	0	196	0	0	0	0	0	662	0	0	0	134	0	3436	0	0	0	3722	0	15350	0	704	0	2598	0	0	0	0	0	0	0	0	0	0	0	0	0	0	0	0	0	0	0	0	0	0	0	0	0	0	
79680	Temporal_Pole_Sup_L	0	0	880	0	484	0	128	0	324	0	1530	0	542	0	2454	0	1390	0	754	0	640	0	0	0	0	0	0	0	5008	0	0	0	0	0	0	0	954	0	570	0	524	0	0	0	0	0	0	0	0	0	0	0	0	0	3072	0	0	0	0	0	0	0	0	0	0	0	0	0	0	0	0	0	1360	0	0	0	0	0	212	0	4220	0	0	0	6036	0	6146	0	2612	0	0	0	0	0	0	0	0	0	0	0	0	0	0	0	0	0	0	0	0	0	0	0	0	0	0	0	
68576	Temporal_Pole_Sup_R	0	0	158	860	0	0	0	168	0	0	0	1376	0	132	0	0	0	1666	0	784	0	0	0	0	0	0	0	0	0	2372	0	0	0	0	0	0	0	3294	0	2482	0	3232	0	0	0	0	0	0	0	0	0	0	0	0	0	4176	0	0	0	0	0	0	0	0	0	0	0	0	0	0	0	0	0	424	0	0	0	0	0	332	0	3722	0	0	0	2356	0	5098	0	1656	0	0	0	0	0	0	0	0	0	0	0	0	0	0	0	0	0	0	0	0	0	0	0	0	0	0	
370232	Temporal_Mid_L	1406	0	188	0	0	0	84	0	0	0	636	0	0	0	0	0	6752	0	92	0	0	0	0	0	0	0	0	0	6826	0	0	0	84	0	314	0	1656	0	0	0	150	0	970	0	312	0	84	0	828	0	30560	0	9062	0	4658	0	3208	0	1358	0	5868	0	7372	0	10840	0	1402	0	288	0	0	0	148	0	0	0	0	0	5498	0	31394	0	6036	0	0	0	6348	0	40280	0	414	0	0	0	0	0	0	0	0	0	0	0	0	0	0	0	0	0	0	0	0	0	0	0	0	0	
235568	Temporal_Mid_R	0	288	0	0	0	0	0	0	0	0	0	0	0	0	0	0	0	1374	0	0	0	0	0	0	0	0	0	0	0	2874	0	0	0	84	0	0	0	946	0	72	0	0	0	5354	0	2552	0	1244	0	10600	0	20180	0	1088	0	1326	0	2434	0	340	0	586	0	6274	0	11904	0	2456	0	132	0	0	0	98	0	0	0	0	0	908	0	15350	0	2356	0	0	0	3568	0	23396	0	0	0	0	0	0	0	0	0	0	0	0	0	0	0	0	0	0	0	0	0	0	0	0	0	0	
51272	Temporal_Pole_Mid_L	0	0	0	0	0	0	0	0	0	0	0	0	0	0	0	0	0	0	0	0	108	0	0	0	0	0	0	0	134	0	0	0	0	0	0	0	492	0	500	0	488	0	0	0	0	0	0	0	0	0	0	0	0	0	5460	0	0	0	0	0	0	0	0	0	0	0	0	0	0	0	0	0	174	0	0	0	0	0	0	0	388	0	6146	0	6348	0	0	0	5398	0	0	0	0	0	0	0	0	0	0	0	0	0	0	0	0	0	0	0	0	0	0	0	0	0	0	0	
39312	Temporal_Pole_Mid_R	0	0	0	0	0	0	0	0	0	0	0	0	0	0	0	0	0	0	0	0	0	0	0	0	0	0	0	0	0	0	0	0	0	0	0	0	0	1154	0	1840	0	1234	0	0	0	0	0	0	0	0	0	0	0	0	0	3888	0	0	0	0	0	0	0	0	0	0	0	0	0	0	0	0	0	0	0	0	0	0	0	0	0	704	0	5098	0	3568	0	0	0	2170	0	0	0	0	0	0	0	0	0	0	0	0	0	0	0	0	0	0	0	0	0	0	0	0	0	0	
260732	Temporal_Inf_L	544	274	838	82	0	0	0	152	0	0	232	0	0	0	0	0	2410	0	452	92	0	0	0	0	0	0	0	0	4850	0	0	0	0	0	274	134	11090	0	2186	0	710	0	248	0	0	0	494	0	0	0	3186	0	4914	0	20406	0	726	0	612	0	1040	0	776	0	1098	0	480	0	138	0	0	0	1354	0	0	0	488	238	2808	0	16008	0	2612	0	40280	0	5398	0	0	0	2038	0	184	0	0	0	0	0	520	0	0	0	0	0	0	0	0	0	0	0	0	0	0	0	0	0	
150576	Temporal_Inf_R	0	296	0	0	0	0	0	0	0	0	0	0	0	0	0	0	0	678	0	0	0	0	0	0	0	0	0	0	0	2926	0	0	0	0	0	0	0	4892	0	1948	0	228	0	1940	0	1120	0	858	0	4100	0	2786	0	3800	0	13730	0	1390	0	160	0	322	0	1082	0	768	0	1184	0	110	0	0	0	0	0	0	0	0	0	770	0	2598	0	1656	0	23396	0	2170	0	0	0	380	0	0	0	0	0	0	0	0	0	0	0	0	0	0	0	0	0	0	0	0	0	0	0	0	
464920	Cerebelum_Crus1_L	0	0	0	0	0	0	0	0	0	0	0	0	0	0	0	0	334	0	0	0	0	0	0	0	0	0	0	0	206	0	0	0	0	0	0	0	0	0	0	0	0	0	0	0	0	0	6414	4764	0	0	290	0	362	0	20788	1722	0	0	0	0	0	0	0	0	78	0	0	0	0	0	0	0	0	0	0	0	0	0	126	0	280	0	0	0	414	0	0	0	2038	0	0	3066	28084	1898	982	0	21876	950	60062	5326	12588	206	19456	2692	4370	1622	2682	254	146	632	8952	10040	5096	1912	1468	284	
308476	Cerebelum_Crus1_R	0	0	0	0	0	0	0	0	0	0	0	0	0	0	0	0	0	0	0	0	0	0	0	0	0	0	0	0	0	0	0	0	0	0	0	0	0	0	0	0	0	0	0	0	0	0	848	1178	0	0	0	0	0	0	168	7030	0	0	0	0	0	0	0	0	0	0	0	0	0	0	0	0	0	0	0	0	0	0	0	0	0	0	0	0	0	0	0	0	0	380	3066	0	1106	24968	144	1466	468	14756	3326	44416	438	5354	1096	18398	944	2168	632	856	0	548	5774	5732	6738	1052	1020	168	
250468	Cerebelum_Crus2_L	0	0	0	0	0	0	0	0	0	0	0	0	0	0	0	0	0	0	0	0	0	0	0	0	0	0	0	0	0	0	0	0	0	0	0	0	0	0	0	0	0	0	0	0	0	0	502	1342	0	0	0	0	110	0	508	184	0	0	0	0	0	0	0	0	0	0	0	0	0	0	0	0	0	0	0	0	0	0	0	0	0	0	0	0	0	0	0	0	184	0	28084	1106	0	2386	0	0	634	0	4816	1002	32710	862	30374	2784	5560	1126	1242	0	0	0	590	1788	3934	2536	770	100	
203324	Cerebelum_Crus2_R	0	0	0	0	0	0	0	0	0	0	0	0	0	0	0	0	0	0	0	0	0	0	0	0	0	0	0	0	0	0	0	0	0	0	0	0	0	0	0	0	0	0	0	0	0	0	0	76	0	0	0	0	0	0	0	0	0	0	0	0	0	0	0	0	0	0	0	0	0	0	0	0	0	0	0	0	0	0	0	0	0	0	0	0	0	0	0	0	0	0	1898	24968	2386	0	0	0	404	580	560	3598	2112	20008	3182	27552	886	3414	492	328	0	72	494	354	4738	2590	876	94	
27164	Cerebelum_3_L	0	0	0	0	0	0	0	0	0	0	0	0	0	0	0	0	0	0	0	0	0	0	0	0	0	0	0	0	0	0	0	0	0	0	0	0	0	0	74	0	0	0	0	0	0	0	570	126	0	0	0	0	0	0	134	94	0	0	0	0	0	0	0	0	0	0	0	0	0	0	0	0	0	0	0	0	0	0	0	0	0	0	0	0	0	0	0	0	0	0	982	144	0	0	0	0	5324	284	1852	330	0	0	0	0	232	0	72	0	712	974	1570	108	0	0	0	0	
43572	Cerebelum_3_R	0	0	0	0	0	0	0	0	0	0	0	0	0	0	0	0	0	0	0	0	0	0	0	0	0	0	0	0	0	0	0	0	0	0	0	0	0	0	0	0	0	0	0	0	0	0	0	346	0	0	0	0	0	0	0	0	0	0	0	0	0	0	0	0	0	0	0	0	0	0	0	0	0	0	0	0	0	0	0	0	0	0	0	0	0	0	0	0	0	0	0	1466	0	0	0	0	150	5068	508	5914	0	0	78	138	446	576	310	0	928	3712	1178	740	0	0	228	0	
230044	Cerebelum_4_5_L	0	0	0	0	0	0	0	0	0	0	0	0	0	0	0	0	0	0	0	0	0	0	0	0	0	0	0	0	0	0	0	0	0	0	0	0	0	0	144	0	0	0	0	0	0	0	7288	910	0	0	0	0	120	0	8430	612	0	0	0	0	0	0	0	0	0	0	0	0	0	0	0	0	0	0	0	0	0	0	0	0	0	0	0	0	0	0	0	0	0	0	21876	468	634	404	5324	150	0	1866	31914	1320	278	0	1278	446	4742	842	2478	0	884	2494	16458	1780	438	132	514	798	
166148	Cerebelum_4_5_R	0	0	0	0	0	0	0	0	0	0	0	0	0	0	0	0	0	0	0	0	0	0	0	0	0	0	0	0	0	0	0	0	0	0	0	0	0	462	0	1652	0	0	0	154	0	0	238	3404	0	0	0	0	0	0	336	5994	0	0	0	0	0	0	0	0	0	0	0	236	0	0	0	0	0	0	0	0	0	116	0	0	0	0	0	0	0	0	0	0	0	0	950	14756	0	580	284	5068	1866	0	1742	26322	0	0	102	168	280	652	134	80	382	2472	13448	314	84	0	0	798	
466840	Cerebelum_6_L	0	0	0	0	0	0	0	0	0	0	0	0	0	0	0	0	0	0	0	0	0	0	0	0	0	0	0	0	0	0	0	0	0	0	0	0	0	0	0	0	0	0	0	0	0	0	9834	6450	0	0	346	0	944	0	22482	4860	0	0	0	0	0	0	0	0	0	0	0	0	0	0	0	0	0	0	0	0	0	0	0	0	0	0	0	0	0	0	0	0	520	0	60062	3326	4816	560	1852	508	31914	1742	0	9828	4294	74	7080	838	8574	2076	6328	408	398	1392	16670	18620	2164	1480	2388	592	
349104	Cerebelum_6_R	0	0	0	0	0	0	0	0	0	0	0	0	0	0	0	0	0	0	0	0	0	0	0	0	0	0	0	0	0	0	0	0	0	0	0	0	0	0	0	0	0	0	0	92	0	0	1502	4446	0	0	0	0	0	0	660	13226	0	0	0	0	0	0	0	0	0	0	0	0	0	0	0	0	0	0	0	0	0	0	0	0	0	0	0	0	0	0	0	0	0	0	5326	44416	1002	3598	330	5914	1320	26322	9828	0	388	482	1140	3620	3198	2522	2496	2236	390	3154	13428	13202	6020	1562	2344	388	
206636	Cerebelum_7b_L	0	0	0	0	0	0	0	0	0	0	0	0	0	0	0	0	0	0	0	0	0	0	0	0	0	0	0	0	0	0	0	0	0	0	0	0	0	0	0	0	0	0	0	0	0	0	0	944	0	0	0	0	0	0	0	146	0	0	0	0	0	0	0	0	0	0	0	0	0	0	0	0	0	0	0	0	0	0	0	0	0	0	0	0	0	0	0	0	0	0	12588	438	32710	2112	0	0	278	0	4294	388	0	1980	30980	2328	4690	882	1074	0	0	0	200	1476	1816	3656	338	0	
109112	Cerebelum_7b_R	0	0	0	0	0	0	0	0	0	0	0	0	0	0	0	0	0	0	0	0	0	0	0	0	0	0	0	0	0	0	0	0	0	0	0	0	0	0	0	0	0	0	0	0	0	0	0	0	0	0	0	0	0	0	0	0	0	0	0	0	0	0	0	0	0	0	0	0	0	0	0	0	0	0	0	0	0	0	0	0	0	0	0	0	0	0	0	0	0	0	206	5354	862	20008	0	0	0	0	74	482	1980	0	1978	19582	140	756	0	0	0	0	0	0	674	2460	0	0	
294352	Cerebelum_8_L	0	0	0	0	0	0	0	0	0	0	0	0	0	0	0	0	0	0	0	0	0	0	0	0	0	0	0	0	0	0	0	0	0	0	0	0	0	0	0	0	0	0	0	0	0	0	0	1386	0	0	0	0	0	0	0	384	0	0	0	0	0	0	0	0	0	0	0	0	0	0	0	0	0	0	0	0	0	0	0	0	0	0	0	0	0	0	0	0	0	0	19456	1096	30374	3182	0	78	1278	102	7080	1140	30980	1978	0	5704	15632	3996	3738	0	0	174	1322	2662	4574	7252	3366	242	
230048	Cerebelum_8_R	0	0	0	0	0	0	0	0	0	0	0	0	0	0	0	0	0	0	0	0	0	0	0	0	0	0	0	0	0	0	0	0	0	0	0	0	0	0	0	0	0	0	0	0	0	0	0	174	0	0	0	0	0	0	0	0	0	0	0	0	0	0	0	0	0	0	0	0	0	0	0	0	0	0	0	0	0	0	0	0	0	0	0	0	0	0	0	0	0	0	2692	18398	2784	27552	0	138	446	168	838	3620	2328	19582	5704	0	1524	11966	676	1016	0	94	518	870	5786	5484	2438	228	
167392	Cerebelum_9_L	0	0	0	0	0	0	0	0	0	0	0	0	0	0	0	0	0	0	0	0	0	0	0	0	0	0	0	0	0	0	0	0	0	0	0	0	0	0	0	0	0	0	0	0	0	0	0	452	0	0	0	0	0	0	0	1874	0	0	0	0	0	0	0	0	0	0	0	0	0	0	0	0	0	0	0	0	0	0	0	0	0	0	0	0	0	0	0	0	0	0	4370	944	5560	886	232	446	4742	280	8574	3198	4690	140	15632	1524	0	3498	6956	226	218	800	4268	5524	1914	2164	3724	860	
121116	Cerebelum_9_R	0	0	0	0	0	0	0	0	0	0	0	0	0	0	0	0	0	0	0	0	0	0	0	0	0	0	0	0	0	0	0	0	0	0	0	0	0	0	0	0	0	0	0	0	0	0	0	104	0	0	0	0	0	0	0	0	0	0	0	0	0	0	0	0	0	0	0	0	0	0	0	0	0	0	0	0	0	0	0	0	0	0	0	0	0	0	0	0	0	0	1622	2168	1126	3414	0	576	842	652	2076	2522	882	756	3996	11966	3498	0	1002	2192	352	432	2314	3632	3124	3776	5768	1766	
82444	Cerebelum_10_L	0	0	0	0	0	0	0	0	0	0	0	0	0	0	0	0	0	0	0	0	0	0	0	0	0	0	0	0	0	0	0	0	0	0	0	0	0	0	0	0	0	0	0	0	0	0	0	262	0	0	0	0	0	0	0	1506	0	0	0	0	0	0	0	0	0	0	0	0	0	0	0	0	0	0	0	0	0	0	0	0	0	0	0	0	0	0	0	0	0	0	2682	632	1242	492	72	310	2478	134	6328	2496	1074	0	3738	676	6956	1002	0	0	82	490	2432	3846	756	450	882	204	
20748	Cerebelum_10_R	0	0	0	0	0	0	0	0	0	0	0	0	0	0	0	0	0	0	0	0	0	0	0	0	0	0	0	0	0	0	0	0	0	0	0	0	0	0	0	0	0	0	0	0	0	0	0	0	0	0	0	0	0	0	0	0	0	0	0	0	0	0	0	0	0	0	0	0	0	0	0	0	0	0	0	0	0	0	0	0	0	0	0	0	0	0	0	0	0	0	254	856	0	328	0	0	0	80	408	2236	0	0	0	1016	226	2192	0	0	0	0	0	744	610	542	882	0	
20076	Vermis_1_2	0	0	0	0	0	0	0	0	0	0	0	0	0	0	0	0	0	0	0	0	0	0	0	0	0	0	0	0	0	0	0	0	0	0	0	0	0	0	0	0	0	0	0	0	0	0	0	0	0	0	0	0	0	0	0	0	0	0	0	0	0	0	0	0	0	0	0	0	0	0	0	0	0	0	0	0	0	0	0	0	0	0	0	0	0	0	0	0	0	0	146	0	0	0	712	928	884	382	398	390	0	0	0	0	218	352	82	0	0	3726	1256	284	0	0	144	136	
52332	Vermis_3	0	0	0	0	0	0	0	0	0	0	0	0	0	0	0	0	0	0	0	0	0	0	0	0	0	0	0	0	0	0	0	0	0	0	0	0	0	0	0	0	0	0	0	0	0	0	180	152	0	0	0	0	0	0	0	0	0	0	0	0	0	0	0	0	0	0	0	0	0	0	0	0	0	0	0	0	0	0	0	0	0	0	0	0	0	0	0	0	0	0	632	548	0	72	974	3712	2494	2472	1392	3154	0	0	174	94	800	432	490	0	3726	0	3442	776	0	0	244	206	
240984	Vermis_4_5	0	0	0	0	0	0	0	0	0	0	0	0	0	0	0	0	0	0	0	0	0	0	0	0	0	0	0	0	0	0	0	0	0	0	0	756	0	654	0	484	0	0	80	200	0	0	3212	3488	0	0	0	0	124	0	2544	4548	0	0	0	0	0	0	0	0	0	0	0	786	0	0	0	0	0	0	0	0	0	0	0	0	0	0	0	0	0	0	0	0	0	0	8952	5774	590	494	1570	1178	16458	13448	16670	13428	200	0	1322	518	4268	2314	2432	0	1256	3442	0	5758	440	134	860	2110	
209184	Vermis_6	0	0	0	0	0	0	0	0	0	0	0	0	0	0	0	0	0	0	0	0	0	0	0	0	0	0	0	0	0	0	0	0	0	0	0	0	0	0	0	0	0	0	0	0	0	0	2370	6848	0	0	0	0	0	0	1758	5038	0	0	0	0	0	0	0	0	0	0	0	0	0	0	0	0	0	0	0	0	0	0	0	0	0	0	0	0	0	0	0	0	0	0	10040	5732	1788	354	108	740	1780	314	18620	13202	1476	0	2662	870	5524	3632	3846	744	284	776	5758	0	3288	1656	3512	1872	
122012	Vermis_7	0	0	0	0	0	0	0	0	0	0	0	0	0	0	0	0	0	0	0	0	0	0	0	0	0	0	0	0	0	0	0	0	0	0	0	0	0	0	0	0	0	0	0	0	0	0	276	562	0	0	0	0	0	0	0	222	0	0	0	0	0	0	0	0	0	0	0	0	0	0	0	0	0	0	0	0	0	0	0	0	0	0	0	0	0	0	0	0	0	0	5096	6738	3934	4738	0	0	438	84	2164	6020	1816	674	4574	5786	1914	3124	756	610	0	0	440	3288	0	4364	3148	240	
