data	data	528984	317164	667344	703388	121536	74540	331816	238096	62644	21796	234844	118020	213152	113956	195048	66408	245656	138608	677360	660600	36632	39356	204992	272620	13780	74072	36368	27884	520020	290396	206868	285736	156280	281164	142104	183780	321004	340184	70892	154828	38728	46160	245128	358932	237504	346820	410776	365668	184724	383120	487580	319824	177764	149568	479052	525828	328696	252288	138408	119788	270684	151396	107596	181600	148660	170084	291560	428224	261092	169936	148788	253032	311324	303564	50944	28692	158916	207892	93744	34664	215640	109776	51584	46272	325752	241860	18388	31860	298792	159804	559728	575492	458480	497576	49840	103992	364824	325616	538628	565912	253160	180764	334852	467284	97976	199524	29884	107296	44788	90032	358456	261908	365704	259756	165084	38824	
data	data	Precentral_L	Precentral_R	Frontal_Sup_L	Frontal_Sup_R	Frontal_Sup_Orb_L	Frontal_Sup_Orb_R	Frontal_Mid_L	Frontal_Mid_R	Frontal_Mid_Orb_L	Frontal_Mid_Orb_R	Frontal_Inf_Oper_L	Frontal_Inf_Oper_R	Frontal_Inf_Tri_L	Frontal_Inf_Tri_R	Frontal_Inf_Orb_L	Frontal_Inf_Orb_R	Rolandic_Oper_L	Rolandic_Oper_R	Supp_Motor_Area_L	Supp_Motor_Area_R	Olfactory_L	Olfactory_R	Frontal_Sup_Medial_L	Frontal_Sup_Medial_R	Frontal_Med_Orb_L	Frontal_Med_Orb_R	Rectus_L	Rectus_R	Insula_L	Insula_R	Cingulum_Ant_L	Cingulum_Ant_R	Cingulum_Mid_L	Cingulum_Mid_R	Cingulum_Post_L	Cingulum_Post_R	Hippocampus_L	Hippocampus_R	ParaHippocampal_L	ParaHippocampal_R	Amygdala_L	Amygdala_R	Calcarine_L	Calcarine_R	Cuneus_L	Cuneus_R	Lingual_L	Lingual_R	Occipital_Sup_L	Occipital_Sup_R	Occipital_Mid_L	Occipital_Mid_R	Occipital_Inf_L	Occipital_Inf_R	Fusiform_L	Fusiform_R	Postcentral_L	Postcentral_R	Parietal_Sup_L	Parietal_Sup_R	Parietal_Inf_L	Parietal_Inf_R	SupraMarginal_L	SupraMarginal_R	Angular_L	Angular_R	Precuneus_L	Precuneus_R	Paracentral_Lobule_L	Paracentral_Lobule_R	Caudate_L	Caudate_R	Putamen_L	Putamen_R	Pallidum_L	Pallidum_R	Thalamus_L	Thalamus_R	Heschl_L	Heschl_R	Temporal_Sup_L	Temporal_Sup_R	Temporal_Pole_Sup_L	Temporal_Pole_Sup_R	Temporal_Mid_L	Temporal_Mid_R	Temporal_Pole_Mid_L	Temporal_Pole_Mid_R	Temporal_Inf_L	Temporal_Inf_R	Cerebelum_Crus1_L	Cerebelum_Crus1_R	Cerebelum_Crus2_L	Cerebelum_Crus2_R	Cerebelum_3_L	Cerebelum_3_R	Cerebelum_4_5_L	Cerebelum_4_5_R	Cerebelum_6_L	Cerebelum_6_R	Cerebelum_7b_L	Cerebelum_7b_R	Cerebelum_8_L	Cerebelum_8_R	Cerebelum_9_L	Cerebelum_9_R	Cerebelum_10_L	Cerebelum_10_R	Vermis_1_2	Vermis_3	Vermis_4_5	Vermis_6	Vermis_7	Vermis_8	Vermis_9	Vermis_10	
528984	Precentral_L	0	4826	19574	2042	262	0	17802	0	234	0	18178	0	922	0	326	0	14206	0	17580	5306	0	0	0	0	0	0	0	0	13172	0	102	0	892	480	1594	694	12084	306	216	0	222	0	0	0	0	0	0	0	0	0	3982	0	714	0	2230	0	33874	274	1708	0	9056	162	3538	218	620	0	350	0	31006	852	462	3616	4566	0	2194	370	14980	3768	3690	0	6070	0	244	0	2416	0	0	0	2512	0	0	0	0	0	0	0	0	0	0	0	0	0	0	0	0	0	0	0	0	0	0	0	0	0	0	0	
317164	Precentral_R	4826	0	264	13670	0	0	422	6524	0	0	0	6574	0	0	0	0	0	2314	2362	19844	0	0	0	122	0	0	0	0	206	4208	0	128	108	646	2094	1834	1778	6500	168	1040	0	0	0	164	0	326	0	106	0	376	0	254	0	0	166	1082	0	17160	0	1842	0	5260	0	6332	0	498	0	582	8208	5106	300	7204	102	2052	230	362	3814	19872	178	296	160	394	0	0	0	192	0	0	80	252	0	0	0	0	0	0	0	0	0	0	0	0	0	0	0	0	0	0	0	0	0	0	0	0	0	0	
667344	Frontal_Sup_L	19574	264	0	3300	6668	0	46558	412	1268	0	13344	0	10782	0	8118	0	15556	0	65376	6850	0	0	27880	1482	664	0	0	0	30536	0	12814	620	1812	496	320	312	6652	226	0	0	0	0	0	0	0	0	0	0	0	0	626	0	168	0	448	0	11324	0	360	0	1880	0	904	0	538	0	0	0	1612	0	1356	268	18098	0	1854	0	1464	492	3600	0	4274	0	1004	0	416	0	0	0	1102	0	0	0	0	0	0	0	0	0	0	0	0	0	0	0	0	0	0	0	0	0	0	0	0	0	0	0	
703388	Frontal_Sup_R	2042	13670	3300	0	146	3226	216	37940	0	462	138	8094	1106	9300	848	5596	0	10342	14144	68232	0	0	6664	33104	0	4186	0	0	582	14214	6270	26638	1040	12872	0	0	128	1972	0	150	0	0	0	0	0	0	0	0	0	0	0	0	0	0	100	174	0	3994	0	254	0	746	0	1338	0	308	0	0	3240	166	6876	15324	1980	19092	0	2978	568	6222	0	608	84	684	0	92	84	0	0	0	88	72	0	0	0	0	0	0	0	0	0	0	0	0	0	0	0	0	0	0	0	0	0	0	0	0	0	0	
121536	Frontal_Sup_Orb_L	262	0	6668	146	0	0	874	0	10068	0	0	0	1584	0	12650	0	0	0	2386	194	602	0	2080	0	1540	0	2400	0	5944	0	2126	0	0	0	0	0	0	0	0	0	104	0	0	0	0	0	0	0	0	0	0	0	0	0	0	0	0	0	0	0	0	0	0	0	0	0	0	0	0	0	338	0	10802	0	0	0	0	0	0	0	0	0	0	0	0	0	0	0	0	0	0	0	0	0	0	0	0	0	0	0	0	0	0	0	0	0	0	0	0	0	0	0	0	0	0	0	
74540	Frontal_Sup_Orb_R	0	0	0	3226	0	0	0	812	0	3856	0	0	0	542	0	5534	0	0	0	132	0	784	306	2766	92	6544	0	4046	0	2354	74	978	0	0	0	0	0	0	0	0	0	0	0	0	0	0	0	0	0	0	0	0	0	0	0	0	0	0	0	0	0	0	0	0	0	0	0	0	0	0	0	736	0	4488	0	0	0	0	0	0	0	0	0	0	0	0	0	0	0	0	0	0	0	0	0	0	0	0	0	0	0	0	0	0	0	0	0	0	0	0	0	0	0	0	0	0	
331816	Frontal_Mid_L	17802	422	46558	216	874	0	0	0	602	0	12432	0	15300	0	4210	0	5976	0	12538	828	0	0	9118	414	0	0	0	0	12170	0	3794	0	482	142	420	408	2394	204	0	0	0	0	0	0	0	0	0	0	0	0	624	0	118	0	318	0	5226	0	390	0	1800	0	382	0	238	0	0	0	628	0	98	160	2348	0	212	0	1428	690	1574	0	1428	0	282	0	288	0	0	0	372	0	0	0	0	0	0	0	0	0	0	0	0	0	0	0	0	0	0	0	0	0	0	0	0	0	0	0	
238096	Frontal_Mid_R	0	6524	412	37940	0	812	0	0	0	984	116	7608	256	9928	160	2868	0	4740	2110	9512	0	0	1560	4794	0	524	0	0	140	8170	1364	5898	134	2748	0	0	0	326	0	0	0	0	0	0	0	0	0	0	0	0	0	0	0	0	0	0	0	320	0	0	0	0	0	0	0	0	0	0	0	0	2968	3762	268	1994	0	0	0	108	0	0	0	0	0	0	0	0	0	0	0	0	0	0	0	0	0	0	0	0	0	0	0	0	0	0	0	0	0	0	0	0	0	0	0	0	0	0	
62644	Frontal_Mid_Orb_L	234	0	1268	0	10068	0	602	0	0	0	0	0	526	0	8718	0	0	0	1362	0	78	0	0	0	78	0	1854	0	2032	0	0	0	0	0	0	0	0	0	0	0	0	0	0	0	0	0	0	0	0	0	0	0	0	0	0	0	0	0	0	0	0	0	0	0	0	0	0	0	0	0	0	0	4502	0	0	0	0	0	0	0	0	0	0	0	0	0	0	0	0	0	0	0	0	0	0	0	0	0	0	0	0	0	0	0	0	0	0	0	0	0	0	0	0	0	0	0	
21796	Frontal_Mid_Orb_R	0	0	0	462	0	3856	0	984	0	0	0	0	0	658	0	3900	0	0	0	0	0	0	0	0	0	148	0	264	0	0	0	0	0	0	0	0	0	0	0	0	0	0	0	0	0	0	0	0	0	0	0	0	0	0	0	0	0	0	0	0	0	0	0	0	0	0	0	0	0	0	0	0	0	626	0	0	0	0	0	0	0	0	0	0	0	0	0	0	0	0	0	0	0	0	0	0	0	0	0	0	0	0	0	0	0	0	0	0	0	0	0	0	0	0	0	0	
234844	Frontal_Inf_Oper_L	18178	0	13344	138	0	0	12432	116	0	0	0	0	10230	0	1306	0	11602	0	9956	120	0	0	98	0	0	0	0	0	19848	0	2716	0	0	0	0	0	746	0	0	0	0	0	0	0	0	0	0	0	0	0	712	0	0	0	76	0	4810	0	502	0	1958	0	782	0	328	0	0	0	0	0	404	0	2648	0	0	0	158	94	1046	0	1340	0	1380	0	0	0	0	0	354	0	0	0	0	0	0	0	0	0	0	0	0	0	0	0	0	0	0	0	0	0	0	0	0	0	0	0	
118020	Frontal_Inf_Oper_R	0	6574	0	8094	0	0	0	7608	0	0	0	0	0	8160	0	468	0	3210	358	5244	0	0	178	596	0	0	0	0	0	7200	176	582	0	182	0	0	0	1012	0	90	0	0	0	0	0	0	0	0	0	0	0	0	0	0	0	0	0	3682	0	0	0	170	0	424	0	0	0	96	0	0	154	858	0	3020	0	92	0	260	0	122	0	110	0	290	0	0	0	0	0	0	0	0	0	0	0	0	0	0	0	0	0	0	0	0	0	0	0	0	0	0	0	0	0	0	0	0	
213152	Frontal_Inf_Tri_L	922	0	10782	1106	1584	0	15300	256	526	0	10230	0	0	0	18240	0	1192	0	4910	1382	0	0	1494	0	0	0	0	0	24538	0	5880	310	0	0	0	0	0	0	0	0	0	0	0	0	0	0	0	0	0	0	0	0	0	0	0	0	0	0	0	0	0	0	0	0	0	0	0	0	0	0	2864	124	4148	90	0	0	0	104	0	0	390	0	204	0	0	0	0	0	0	0	0	0	0	0	0	0	0	0	0	0	0	0	0	0	0	0	0	0	0	0	0	0	0	0	0	0	
113956	Frontal_Inf_Tri_R	0	0	0	9300	0	542	0	9928	0	658	0	8160	0	0	0	2760	0	240	264	2654	0	0	274	3186	0	456	0	0	0	9702	258	2656	0	406	0	0	0	154	0	0	0	0	0	0	0	0	0	0	0	0	0	0	0	0	0	0	0	0	0	0	0	0	0	0	0	0	0	0	0	0	382	3108	0	1890	0	0	0	0	0	0	0	0	0	0	0	0	0	0	0	0	0	0	0	0	0	0	0	0	0	0	0	0	0	0	0	0	0	0	0	0	0	0	0	0	0	0	
195048	Frontal_Inf_Orb_L	326	0	8118	848	12650	0	4210	160	8718	0	1306	0	18240	0	0	0	0	0	5304	1096	872	0	704	0	110	0	152	0	16594	0	2422	172	0	0	0	0	0	0	196	0	496	0	0	0	0	0	0	0	0	0	0	0	0	0	0	0	0	0	0	0	0	0	0	0	0	0	0	0	0	0	2096	74	12306	0	0	0	0	82	0	0	0	0	272	0	0	0	0	0	0	0	0	0	0	0	0	0	0	0	0	0	0	0	0	0	0	0	0	0	0	0	0	0	0	0	0	0	
66408	Frontal_Inf_Orb_R	0	0	0	5596	0	5534	0	2868	0	3900	0	468	0	2760	0	0	0	0	0	620	0	172	0	2564	0	632	0	448	0	3036	0	1606	0	0	0	0	0	0	0	0	0	0	0	0	0	0	0	0	0	0	0	0	0	0	0	0	0	0	0	0	0	0	0	0	0	0	0	0	0	0	170	1318	0	1040	0	0	0	0	0	0	0	0	0	186	0	166	0	120	0	0	0	0	0	0	0	0	0	0	0	0	0	0	0	0	0	0	0	0	0	0	0	0	0	0	0	0	
245656	Rolandic_Oper_L	14206	0	15556	0	0	0	5976	0	0	0	11602	0	1192	0	0	0	0	0	12184	0	0	0	0	0	0	0	0	0	21026	0	0	0	0	0	0	0	780	0	0	0	0	0	0	0	0	0	0	0	0	0	554	0	0	0	0	0	12718	0	336	0	1500	0	3396	0	760	0	76	0	0	0	0	0	2248	0	0	0	0	0	5228	0	11578	0	1540	0	202	0	0	0	170	0	0	0	0	0	0	0	0	0	0	0	0	0	0	0	0	0	0	0	0	0	0	0	0	0	0	0	
138608	Rolandic_Oper_R	0	2314	0	10342	0	0	0	4740	0	0	0	3210	0	240	0	0	0	0	736	8500	0	0	0	0	0	0	0	0	0	18282	0	0	0	0	0	0	0	1618	0	362	0	0	0	0	0	124	0	0	0	132	0	0	0	0	0	226	0	4736	0	0	0	240	0	3988	0	620	0	188	0	0	100	102	78	3972	0	0	0	178	0	1358	0	2130	0	682	0	106	0	0	0	0	0	0	0	0	0	0	0	0	0	0	0	0	0	0	0	0	0	0	0	0	0	0	0	0	0	0	
677360	Supp_Motor_Area_L	17580	2362	65376	14144	2386	0	12538	2110	1362	0	9956	358	4910	264	5304	0	12184	736	0	39828	0	0	6068	2992	0	138	0	0	25166	1028	5084	3148	6230	13924	322	272	6662	424	0	0	0	0	0	0	0	0	0	0	0	0	458	0	204	0	546	0	8566	400	186	0	1164	318	614	474	248	0	0	0	11582	1270	4758	1738	26004	410	5772	246	2018	452	2782	0	3706	0	490	0	498	0	0	0	920	0	0	0	0	0	0	0	0	0	0	0	0	0	0	0	0	0	0	0	0	0	0	0	0	0	0	0	
660600	Supp_Motor_Area_R	5306	19844	6850	68232	194	132	828	9512	0	0	120	5244	1382	2654	1096	620	0	8500	39828	0	0	0	2236	6938	0	454	0	0	802	8226	1392	8236	2920	27656	88	1296	264	1850	0	190	0	0	0	132	0	214	0	74	0	246	0	0	0	0	170	360	168	5668	0	246	0	654	0	1282	0	314	104	1188	12608	14982	7280	20134	4844	13876	672	4398	594	5064	0	636	126	738	0	78	142	138	0	0	168	112	0	0	0	0	0	0	0	0	0	0	0	0	0	0	0	0	0	0	0	0	0	0	0	0	0	0	
36632	Olfactory_L	0	0	0	0	602	0	0	0	78	0	0	0	0	0	872	0	0	0	0	0	0	3104	0	0	0	348	2674	728	1116	0	1278	1970	0	0	0	0	0	0	318	0	242	0	0	0	0	0	0	0	0	0	0	0	0	0	0	0	0	0	0	0	0	0	0	0	0	0	0	0	0	0	3144	1538	82	222	0	0	0	0	0	0	0	0	0	0	0	0	0	0	0	0	0	0	0	0	0	0	0	0	0	0	0	0	0	0	0	0	0	0	0	0	0	0	0	0	0	0	
39356	Olfactory_R	0	0	0	0	0	784	0	0	0	0	0	0	0	0	0	172	0	0	0	0	3104	0	0	0	0	468	2484	1496	0	1560	910	1890	0	0	0	0	0	0	0	0	0	196	0	0	0	0	0	0	0	0	0	0	0	0	0	0	0	0	0	0	0	0	0	0	0	0	0	0	0	0	3942	2212	122	338	0	0	0	0	0	0	0	0	0	0	0	0	0	0	0	0	0	0	0	0	0	0	0	0	0	0	0	0	0	0	0	0	0	0	0	0	0	0	0	0	0	0	
204992	Frontal_Sup_Medial_L	0	0	27880	6664	2080	306	9118	1560	0	0	98	178	1494	274	704	0	0	0	6068	2236	0	0	0	11354	990	302	0	0	1718	72	14030	5404	1296	6870	0	0	0	0	0	0	0	0	0	0	0	0	0	0	0	0	0	0	0	0	0	0	0	0	0	0	0	0	0	0	0	0	0	0	0	0	482	0	1318	0	0	0	0	0	0	0	0	0	0	0	0	0	0	0	0	0	0	0	0	0	0	0	0	0	0	0	0	0	0	0	0	0	0	0	0	0	0	0	0	0	0	0	
272620	Frontal_Sup_Medial_R	0	122	1482	33104	0	2766	414	4794	0	0	0	596	0	3186	0	2564	0	0	2992	6938	0	0	11354	0	222	6276	0	118	0	3094	7100	24534	182	10136	0	0	0	76	0	0	0	0	0	0	0	0	0	0	0	0	0	0	0	0	0	0	0	0	0	0	0	0	0	0	0	0	0	0	0	0	104	6092	104	7960	0	0	0	0	0	0	0	0	0	0	0	0	0	0	0	0	0	0	0	0	0	0	0	0	0	0	0	0	0	0	0	0	0	0	0	0	0	0	0	0	0	0	
13780	Frontal_Med_Orb_L	0	0	664	0	1540	92	0	0	78	0	0	0	0	0	110	0	0	0	0	0	0	0	990	222	0	302	550	0	0	0	1682	344	0	0	0	0	0	0	0	0	0	0	0	0	0	0	0	0	0	0	0	0	0	0	0	0	0	0	0	0	0	0	0	0	0	0	0	0	0	0	0	0	316	0	0	0	0	0	0	0	0	0	0	0	0	0	0	0	0	0	0	0	0	0	0	0	0	0	0	0	0	0	0	0	0	0	0	0	0	0	0	0	0	0	0	0	
74072	Frontal_Med_Orb_R	0	0	0	4186	0	6544	0	524	0	148	0	0	0	456	0	632	0	0	138	454	348	468	302	6276	302	0	288	3230	0	422	460	4532	0	0	0	0	0	0	0	0	0	0	0	0	0	0	0	0	0	0	0	0	0	0	0	0	0	0	0	0	0	0	0	0	0	0	0	0	0	0	372	2296	0	4658	0	0	0	0	0	0	0	0	0	0	0	0	0	0	0	0	0	0	0	0	0	0	0	0	0	0	0	0	0	0	0	0	0	0	0	0	0	0	0	0	0	0	
36368	Rectus_L	0	0	0	0	2400	0	0	0	1854	0	0	0	0	0	152	0	0	0	0	0	2674	2484	0	0	550	288	0	774	0	0	1594	1780	0	0	0	0	0	0	0	0	0	0	0	0	0	0	0	0	0	0	0	0	0	0	0	0	0	0	0	0	0	0	0	0	0	0	0	0	0	0	2404	1028	0	202	0	0	0	0	0	0	0	0	0	0	0	0	0	0	0	0	0	0	0	0	0	0	0	0	0	0	0	0	0	0	0	0	0	0	0	0	0	0	0	0	0	0	
27884	Rectus_R	0	0	0	0	0	4046	0	0	0	264	0	0	0	0	0	448	0	0	0	0	728	1496	0	118	0	3230	774	0	0	640	298	666	0	0	0	0	0	0	0	0	0	0	0	0	0	0	0	0	0	0	0	0	0	0	0	0	0	0	0	0	0	0	0	0	0	0	0	0	0	0	560	346	0	328	0	0	0	0	0	0	0	0	0	0	0	0	0	0	0	0	0	0	0	0	0	0	0	0	0	0	0	0	0	0	0	0	0	0	0	0	0	0	0	0	0	0	
520020	Insula_L	13172	206	30536	582	5944	0	12170	140	2032	0	19848	0	24538	0	16594	0	21026	0	25166	802	1116	0	1718	0	0	0	0	0	0	0	5258	210	0	0	440	354	17410	206	484	0	630	0	0	0	0	0	0	0	0	0	640	0	304	0	1574	0	4574	0	388	0	694	0	732	0	0	0	74	0	206	0	1576	0	21282	0	102	0	1456	666	7842	0	7854	0	3734	0	1818	0	170	0	3742	0	0	0	0	0	0	0	0	0	0	0	0	0	0	0	0	0	0	0	0	0	0	0	0	0	0	0	
290396	Insula_R	0	4208	0	14214	0	2354	0	8170	0	0	0	7200	0	9702	0	3036	0	18282	1028	8226	0	1560	72	3094	0	422	0	640	0	0	76	2606	0	136	148	346	150	10766	92	2436	0	250	0	120	0	722	0	74	0	924	0	294	0	0	0	2238	0	2674	0	128	0	960	0	1746	0	1320	0	1254	0	312	672	3322	160	21530	0	0	94	688	0	1906	0	2616	0	364	0	1170	0	0	0	696	0	0	0	0	0	0	0	0	0	0	0	0	0	0	0	0	0	0	0	0	0	0	0	0	0	0	
206868	Cingulum_Ant_L	102	0	12814	6270	2126	74	3794	1364	0	0	2716	176	5880	258	2422	0	0	0	5084	1392	1278	910	14030	7100	1682	460	1594	298	5258	76	0	12428	1552	4120	0	0	0	0	0	0	0	0	0	0	0	0	0	0	0	0	0	0	0	0	0	0	0	0	0	0	0	0	0	0	0	0	0	0	0	0	3834	692	3468	182	0	0	0	0	0	0	0	0	0	0	0	0	0	0	0	0	0	0	0	0	0	0	0	0	0	0	0	0	0	0	0	0	0	0	0	0	0	0	0	0	0	0	
285736	Cingulum_Ant_R	0	128	620	26638	0	978	0	5898	0	0	0	582	310	2656	172	1606	0	0	3148	8236	1970	1890	5404	24534	344	4532	1780	666	210	2606	12428	0	1818	11430	0	0	0	76	0	0	0	0	0	0	0	0	0	0	0	0	0	0	0	0	0	0	0	0	0	0	0	0	0	0	0	0	0	0	0	0	3288	9754	660	8506	0	0	0	0	0	0	0	0	0	0	0	0	0	0	0	0	0	0	0	0	0	0	0	0	0	0	0	0	0	0	0	0	0	0	0	0	0	0	0	0	0	0	
156280	Cingulum_Mid_L	892	108	1812	1040	0	0	482	134	0	0	0	0	0	0	0	0	0	0	6230	2920	0	0	1296	182	0	0	0	0	0	0	1552	1818	0	8878	2862	854	0	0	0	0	0	0	2782	0	2668	0	1388	0	4052	0	6272	0	1028	0	994	0	510	0	454	0	854	0	0	0	844	0	12514	1144	3866	432	0	0	0	0	0	0	0	0	0	0	0	0	0	0	4762	0	0	0	2516	0	0	0	0	0	0	0	0	0	0	0	0	0	0	0	0	0	0	0	0	0	0	0	0	0	0	0	
281164	Cingulum_Mid_R	480	646	496	12872	0	0	142	2748	0	0	0	182	0	406	0	0	0	0	13924	27656	0	0	6870	10136	0	0	0	0	0	136	4120	11430	8878	0	404	6062	0	108	0	0	0	0	0	1522	0	1300	0	786	0	424	0	84	0	0	0	114	0	1532	0	152	0	0	0	0	0	0	1764	9148	2570	11998	460	190	368	0	84	0	0	0	0	0	0	0	0	0	0	112	0	0	0	0	0	0	0	0	0	0	0	0	0	0	0	0	0	0	0	0	0	0	0	0	278	0	0	0	0	0	
142104	Cingulum_Post_L	1594	2094	320	0	0	0	420	0	0	0	0	0	0	0	0	0	0	0	322	88	0	0	0	0	0	0	0	0	440	148	0	0	2862	404	0	9334	6490	4762	2688	194	0	0	3126	0	1818	72	2826	74	740	0	1380	0	98	0	2692	84	1112	114	154	0	194	0	0	0	0	0	8476	1648	2666	192	0	240	0	280	0	0	2374	5992	686	0	568	0	0	0	726	0	0	0	560	0	0	0	0	0	0	0	0	0	0	0	0	0	0	0	0	0	0	0	0	0	0	0	0	0	0	0	
183780	Cingulum_Post_R	694	1834	312	0	0	0	408	0	0	0	0	0	0	0	0	0	0	0	272	1296	0	0	0	0	0	0	0	0	354	346	0	0	854	6062	9334	0	4678	9392	1874	1332	0	0	0	1812	140	2666	0	3718	0	2088	0	330	0	74	932	1928	0	2444	0	706	0	422	0	0	0	920	2536	14966	300	5374	0	106	0	480	0	0	2380	6390	376	0	126	0	0	0	0	546	0	0	0	352	0	0	0	0	0	0	0	118	0	0	0	0	0	0	0	0	0	0	0	0	618	0	0	0	0	0	
321004	Hippocampus_L	12084	1778	6652	128	0	0	2394	0	0	0	746	0	0	0	0	0	780	0	6662	264	0	0	0	0	0	0	0	0	17410	150	0	0	0	0	6490	4678	0	3780	7884	202	7066	0	1052	0	0	0	1074	0	0	0	300	0	276	0	12976	0	1364	72	0	0	1514	0	1836	0	90	0	1458	440	3846	0	430	84	7440	316	74	0	9370	5976	4370	0	6928	0	2382	0	3470	0	556	0	13572	0	0	0	0	0	0	0	0	0	88	0	0	0	0	0	0	0	0	0	0	0	0	0	0	0	0	0	
340184	Hippocampus_R	306	6500	226	1972	0	0	204	326	0	0	0	1012	0	154	0	0	0	1618	424	1850	0	0	0	76	0	0	0	0	206	10766	0	76	0	108	4762	9392	3780	0	1888	21306	0	6578	0	394	0	758	0	2922	0	980	0	72	0	0	936	29742	0	2080	0	288	0	680	0	1342	0	802	584	4712	88	1088	452	126	188	18518	0	282	1410	8342	214	618	80	2174	0	2212	0	3300	0	264	0	8692	0	286	0	0	0	0	0	1056	0	398	0	0	0	86	0	0	0	0	0	0	396	0	0	0	0	0	
70892	ParaHippocampal_L	216	168	0	0	0	0	0	0	0	0	0	0	0	0	196	0	0	0	0	0	318	0	0	0	0	0	0	0	484	92	0	0	0	0	2688	1874	7884	1888	0	162	1292	0	558	0	0	0	2474	0	0	0	76	0	84	0	7442	0	138	0	0	0	0	0	0	0	0	0	1418	430	184	0	0	0	182	194	0	0	1212	1798	0	0	426	0	190	0	0	0	0	0	1000	0	0	0	0	0	0	0	272	0	106	0	0	0	0	0	0	0	0	0	0	0	0	0	0	0	0	0	
154828	ParaHippocampal_R	0	1040	0	150	0	0	0	0	0	0	0	90	0	0	0	0	0	362	0	190	0	0	0	0	0	0	0	0	0	2436	0	0	0	0	194	1332	202	21306	162	0	0	3536	0	334	0	660	0	3300	0	834	0	0	0	0	0	20610	0	426	0	146	0	234	0	458	0	328	0	2504	0	496	0	0	0	3148	0	88	86	1178	0	422	0	750	0	1422	0	1128	0	1016	0	3840	0	336	0	0	0	88	0	1990	0	498	0	0	0	94	0	0	0	0	0	0	0	0	0	0	0	0	
38728	Amygdala_L	222	0	0	0	104	0	0	0	0	0	0	0	0	0	496	0	0	0	0	0	242	0	0	0	0	0	0	0	630	0	0	0	0	0	0	0	7066	0	1292	0	0	0	0	0	0	0	0	0	0	0	0	0	0	0	3654	0	0	0	0	0	0	0	0	0	0	0	0	0	186	0	0	0	160	0	0	0	240	0	0	0	204	0	1008	0	142	0	510	0	3208	0	0	0	0	0	0	0	0	0	0	0	0	0	0	0	0	0	0	0	0	0	0	0	0	0	0	0	
46160	Amygdala_R	0	0	0	0	0	0	0	0	0	0	0	0	0	0	0	0	0	0	0	0	0	196	0	0	0	0	0	0	0	250	0	0	0	0	0	0	0	6578	0	3536	0	0	0	0	0	0	0	0	0	0	0	0	0	0	0	7138	0	0	0	0	0	0	0	0	0	0	0	0	0	0	0	0	0	116	0	0	0	0	0	0	0	0	0	3238	0	0	0	686	0	1342	0	0	0	0	0	0	0	0	0	0	0	0	0	0	0	0	0	0	0	0	0	0	0	0	0	0	
245128	Calcarine_L	0	0	0	0	0	0	0	0	0	0	0	0	0	0	0	0	0	0	0	0	0	0	0	0	0	0	0	0	0	0	0	0	2782	0	3126	0	1052	0	558	0	0	0	0	3958	15000	2244	18914	1462	8166	1300	18850	474	6308	106	6272	0	4898	0	3062	0	1470	0	0	0	144	0	17404	1124	1678	0	0	0	0	0	0	0	0	0	0	0	106	0	0	0	1474	0	0	0	310	0	0	0	0	0	0	0	0	0	120	0	0	0	0	0	0	0	0	0	0	0	202	0	0	0	0	0	
358932	Calcarine_R	0	164	0	0	0	0	0	0	0	0	0	0	0	0	0	0	0	0	0	132	0	0	0	0	0	0	0	0	0	120	0	0	0	1522	0	1812	0	394	0	334	0	0	3958	0	9224	29196	1234	27716	0	24038	0	19396	0	10320	0	9448	0	2440	0	252	0	312	0	240	0	328	926	21096	0	1838	0	0	0	0	0	0	0	0	0	0	0	482	0	0	0	9428	0	0	0	1952	0	0	0	0	0	0	0	282	0	122	0	0	0	0	0	0	0	0	0	0	672	88	0	0	0	0	
237504	Cuneus_L	0	0	0	0	0	0	0	0	0	0	0	0	0	0	0	0	0	0	0	0	0	0	0	0	0	0	0	0	0	0	0	0	2668	0	1818	140	0	0	0	0	0	0	15000	9224	0	12118	6310	2136	23334	4442	14390	816	2166	422	2102	758	1152	0	438	0	0	0	0	0	338	0	13500	2396	1042	0	0	0	0	0	0	0	0	0	0	0	0	0	0	0	1372	366	0	0	166	0	0	0	0	0	0	0	0	0	0	0	0	0	0	0	0	0	0	0	0	0	138	0	0	0	0	0	
346820	Cuneus_R	0	326	0	0	0	0	0	0	0	0	0	0	0	0	0	0	0	124	0	214	0	0	0	0	0	0	0	0	0	722	0	0	0	1300	72	2666	0	758	0	660	0	0	2244	29196	12118	0	382	6966	0	43284	0	12614	0	3030	0	3768	0	2668	0	1256	0	688	0	956	0	650	4040	33916	0	1386	0	0	0	74	0	0	0	0	0	374	0	1254	0	0	0	4224	0	0	0	1178	0	0	0	0	0	0	0	0	0	0	0	0	0	0	0	0	0	0	0	0	302	0	0	0	0	0	
410776	Lingual_L	0	0	0	0	0	0	0	0	0	0	0	0	0	0	0	0	0	0	0	0	0	0	0	0	0	0	0	0	0	0	0	0	1388	0	2826	0	1074	0	2474	0	0	0	18914	1234	6310	382	0	2710	5294	252	17342	136	6844	84	22734	1768	1874	0	886	0	194	0	0	0	0	0	10272	0	1206	0	0	0	0	0	0	0	0	0	0	0	110	0	0	0	688	0	0	0	252	0	14634	4380	1108	1366	678	420	22636	6310	20978	5264	0	0	0	542	168	412	0	146	636	854	13226	2370	1122	212	398	280	
365668	Lingual_R	0	106	0	0	0	0	0	0	0	0	0	0	0	0	0	0	0	0	0	74	0	0	0	0	0	0	0	0	0	74	0	0	0	786	74	3718	0	2922	0	3300	0	0	1462	27716	2136	6966	2710	0	0	10694	0	10988	0	13208	728	26450	0	544	0	282	0	320	0	86	0	284	254	12572	0	568	0	0	0	92	0	0	0	292	0	0	0	146	0	0	0	2726	0	0	0	1446	3882	2920	928	884	298	0	4130	7436	6082	6494	0	0	0	0	370	168	0	0	72	238	7272	5852	1682	0	182	220	
184724	Occipital_Sup_L	0	0	0	0	0	0	0	0	0	0	0	0	0	0	0	0	0	0	0	0	0	0	0	0	0	0	0	0	0	0	0	0	4052	0	740	0	0	0	0	0	0	0	8166	0	23334	0	5294	0	0	0	29108	0	2956	0	2798	0	0	0	3136	0	408	0	0	0	352	0	9588	208	0	0	0	0	0	0	0	0	0	0	0	0	0	0	0	0	1858	0	0	0	242	0	0	0	0	0	0	0	0	0	122	0	0	0	0	0	0	0	0	0	0	0	0	0	0	0	0	0	
383120	Occipital_Sup_R	0	376	0	0	0	0	0	0	0	0	0	0	0	0	0	0	0	132	0	246	0	0	0	0	0	0	0	0	0	924	0	0	0	424	0	2088	0	980	0	834	0	0	1300	24038	4442	43284	252	10694	0	0	0	32812	0	6284	0	3882	0	1406	0	6508	0	1578	0	1042	0	6392	1204	28920	0	910	0	0	0	118	0	0	0	0	0	482	0	1640	0	0	0	6130	0	0	0	2238	0	0	0	0	0	0	0	0	0	0	0	0	0	0	0	0	0	0	0	0	0	0	0	0	0	0	
487580	Occipital_Mid_L	3982	0	626	0	0	0	624	0	0	0	712	0	0	0	0	0	554	0	458	0	0	0	0	0	0	0	0	0	640	0	0	0	6272	0	1380	0	300	0	76	0	0	0	18850	0	14390	0	17342	0	29108	0	0	0	24122	0	21336	0	6616	0	14086	0	17036	0	420	0	13498	0	14296	0	776	0	0	0	0	0	0	0	0	0	130	0	650	0	0	0	27124	0	0	0	7044	0	254	0	0	0	0	0	174	0	816	0	0	0	0	0	0	0	0	0	0	0	98	0	0	0	0	0	
319824	Occipital_Mid_R	0	254	0	0	0	0	0	0	0	0	0	0	0	0	0	0	0	0	0	0	0	0	0	0	0	0	0	0	0	294	0	0	0	84	0	330	0	72	0	0	0	0	474	19396	816	12614	136	10988	0	32812	0	0	0	10402	0	5050	0	744	0	6818	0	4448	0	132	0	19650	280	11430	0	278	0	0	0	0	0	0	0	0	0	268	0	680	0	0	0	19072	0	0	0	2390	0	0	0	0	0	0	0	0	0	0	0	0	0	0	0	0	0	0	0	0	0	0	0	0	0	0	
177764	Occipital_Inf_L	714	0	168	0	0	0	118	0	0	0	0	0	0	0	0	0	0	0	204	0	0	0	0	0	0	0	0	0	304	0	0	0	1028	0	98	0	276	0	84	0	0	0	6308	0	2166	0	6844	0	2956	0	24122	0	0	0	22084	0	778	0	0	0	78	0	0	0	292	0	1476	0	428	0	0	0	0	0	0	0	0	0	298	0	0	0	0	0	8134	0	0	0	6530	0	330	118	92	298	0	0	182	74	1286	106	0	0	0	0	0	0	0	0	0	0	138	444	326	0	0	0	
149568	Occipital_Inf_R	0	0	0	0	0	0	0	0	0	0	0	0	0	0	0	0	0	0	0	0	0	0	0	0	0	0	0	0	0	0	0	0	0	0	0	74	0	0	0	0	0	0	106	10320	422	3030	84	13208	0	6284	0	10402	0	0	0	17374	0	146	0	0	0	0	0	0	0	0	0	1850	0	82	0	0	0	0	0	0	0	0	0	0	0	0	0	0	0	3132	0	0	0	3774	646	472	280	230	0	0	0	0	634	1054	0	0	0	0	0	0	0	0	0	0	0	982	198	0	0	0	
479052	Fusiform_L	2230	166	448	100	0	0	318	0	0	0	76	0	0	0	0	0	0	0	546	170	0	0	0	0	0	0	0	0	1574	0	0	0	994	0	2692	932	12976	936	7442	0	3654	0	6272	0	2102	0	22734	728	2798	0	21336	0	22084	0	0	110	2084	0	144	0	178	0	0	0	192	0	3268	168	1636	0	0	0	0	80	0	0	438	872	2284	0	5874	0	452	0	10794	0	472	0	24190	0	22544	272	1818	606	226	0	12112	766	29910	296	120	0	72	0	0	0	0	0	0	74	2120	1260	674	0	0	112	
525828	Fusiform_R	0	1082	0	174	0	0	0	0	0	0	0	0	0	0	0	0	0	226	0	360	0	0	0	0	0	0	0	0	0	2238	0	0	0	114	84	1928	0	29742	0	20610	0	7138	0	9448	758	3768	1768	26450	0	3882	0	5050	0	17374	110	0	0	1074	0	174	0	392	0	1516	0	1254	0	4938	0	1356	0	0	0	5920	0	0	0	400	0	488	0	1988	0	4666	0	9456	0	2522	0	19656	3522	13750	1482	1776	238	1056	2228	11282	4290	20000	0	0	0	944	0	346	0	238	122	342	6040	5088	1380	230	318	138	
328696	Postcentral_L	33874	0	11324	0	0	0	5226	0	0	0	4810	0	0	0	0	0	12718	0	8566	168	0	0	0	0	0	0	0	0	4574	0	0	0	510	0	1112	0	1364	0	138	0	0	0	4898	0	1152	0	1874	0	0	0	6616	0	778	0	2084	0	0	0	8850	0	17936	0	11206	0	1254	0	4510	0	2848	0	98	878	366	0	158	0	166	0	3432	0	6038	0	86	0	2764	0	0	0	1972	0	0	0	0	0	0	0	0	0	0	0	0	0	0	0	0	0	0	0	0	0	0	0	0	0	0	0	
252288	Postcentral_R	274	17160	0	3994	0	0	0	320	0	0	0	3682	0	0	0	0	0	4736	400	5668	0	0	0	0	0	0	0	0	0	2674	0	0	0	1532	114	2444	72	2080	0	426	0	0	0	2440	0	2668	0	544	0	1406	0	744	0	146	0	1074	0	0	0	7156	0	12070	0	21700	0	1652	0	7998	622	14664	172	0	78	1592	0	0	164	0	0	442	0	932	0	0	0	1594	0	0	0	710	0	0	0	0	0	0	0	0	0	0	0	0	0	0	0	0	0	0	0	0	0	0	0	0	0	0	
138408	Parietal_Sup_L	1708	0	360	0	0	0	390	0	0	0	502	0	0	0	0	0	336	0	186	0	0	0	0	0	0	0	0	0	388	0	0	0	454	0	154	0	0	0	0	0	0	0	3062	0	438	0	886	0	3136	0	14086	0	0	0	144	0	8850	0	0	0	21350	0	534	0	2804	0	7582	192	210	0	0	0	0	0	0	0	0	0	0	0	340	0	0	0	622	0	0	0	490	0	0	0	0	0	0	0	0	0	0	0	0	0	0	0	0	0	0	0	0	0	0	0	0	0	0	0	
119788	Parietal_Sup_R	0	1842	0	254	0	0	0	0	0	0	0	0	0	0	0	0	0	0	0	246	0	0	0	0	0	0	0	0	0	128	0	0	0	152	0	706	0	288	0	146	0	0	0	252	0	1256	0	282	0	6508	0	6818	0	0	0	174	0	7156	0	0	0	9060	0	4366	0	9960	80	9084	0	1042	0	0	0	0	0	0	0	0	0	0	0	94	0	0	0	0	0	0	0	0	0	0	0	0	0	0	0	0	0	0	0	0	0	0	0	0	0	0	0	0	0	0	0	0	0	0	
270684	Parietal_Inf_L	9056	0	1880	0	0	0	1800	0	0	0	1958	0	0	0	0	0	1500	0	1164	0	0	0	0	0	0	0	0	0	694	0	0	0	854	0	194	0	1514	0	0	0	0	0	1470	0	0	0	194	0	408	0	17036	0	78	0	178	0	17936	0	21350	0	0	0	16394	0	22064	0	2430	0	168	0	0	0	0	0	0	0	0	0	90	0	3090	0	0	0	8220	0	0	0	3622	0	0	0	0	0	0	0	0	0	0	0	0	0	0	0	0	0	0	0	0	0	0	0	0	0	0	0	
151396	Parietal_Inf_R	162	5260	0	746	0	0	0	0	0	0	0	170	0	0	0	0	0	240	318	654	0	0	0	0	0	0	0	0	0	960	0	0	0	0	0	422	0	680	0	234	0	0	0	312	0	688	0	320	0	1578	0	4448	0	0	0	392	0	12070	0	9060	0	0	0	17226	0	14004	0	1876	254	1754	0	0	0	140	0	0	0	0	0	374	0	894	0	0	0	356	0	0	0	106	0	0	0	0	0	0	0	0	0	0	0	0	0	0	0	0	0	0	0	0	0	0	0	0	0	0	
107596	SupraMarginal_L	3538	0	904	0	0	0	382	0	0	0	782	0	0	0	0	0	3396	0	614	0	0	0	0	0	0	0	0	0	732	0	0	0	0	0	0	0	1836	0	0	0	0	0	0	0	0	0	0	0	0	0	420	0	0	0	0	0	11206	0	534	0	16394	0	0	0	3334	0	0	0	88	0	0	0	0	0	0	0	0	0	404	0	5840	0	0	0	2238	0	0	0	1156	0	0	0	0	0	0	0	0	0	0	0	0	0	0	0	0	0	0	0	0	0	0	0	0	0	0	0	
181600	SupraMarginal_R	218	6332	0	1338	0	0	0	0	0	0	0	424	0	0	0	0	0	3988	474	1282	0	0	0	0	0	0	0	0	0	1746	0	0	0	0	0	0	0	1342	0	458	0	0	0	240	0	956	0	86	0	1042	0	132	0	0	0	1516	0	21700	0	4366	0	17226	0	0	0	9794	0	1538	360	4428	0	0	0	484	0	0	0	0	0	1580	0	5172	0	0	0	2282	0	0	0	296	0	0	0	0	0	0	0	0	0	0	0	0	0	0	0	0	0	0	0	0	0	0	0	0	0	0	
148660	Angular_L	620	0	538	0	0	0	238	0	0	0	328	0	0	0	0	0	760	0	248	0	0	0	0	0	0	0	0	0	0	0	0	0	844	0	0	0	90	0	0	0	0	0	144	0	338	0	0	0	352	0	13498	0	292	0	192	0	1254	0	2804	0	22064	0	3334	0	0	0	1404	0	148	0	0	0	0	0	0	0	0	0	0	0	3916	0	0	0	16446	0	0	0	4478	0	0	0	0	0	0	0	0	0	0	0	0	0	0	0	0	0	0	0	0	0	0	0	0	0	0	0	
170084	Angular_R	0	498	0	308	0	0	0	0	0	0	0	0	0	0	0	0	0	620	0	314	0	0	0	0	0	0	0	0	0	1320	0	0	0	0	0	920	0	802	0	328	0	0	0	328	0	650	0	284	0	6392	0	19650	0	0	0	1254	0	1652	0	9960	0	14004	0	9794	0	0	0	2808	0	322	0	0	0	296	0	0	0	0	0	764	0	4502	0	0	0	6920	0	0	0	352	0	0	0	0	0	0	0	0	0	0	0	0	0	0	0	0	0	0	0	0	0	0	0	0	0	0	
291560	Precuneus_L	350	0	0	0	0	0	0	0	0	0	0	0	0	0	0	0	76	0	0	104	0	0	0	0	0	0	0	0	74	0	0	0	12514	1764	8476	2536	1458	584	1418	0	0	0	17404	926	13500	4040	10272	254	9588	1204	14296	280	1476	0	3268	0	4510	0	7582	80	2430	0	0	0	1404	0	0	9312	3206	122	0	0	0	0	0	0	0	218	0	0	466	0	0	0	6192	132	0	0	3866	0	0	0	0	0	0	0	0	0	0	0	0	0	0	0	0	0	0	0	0	0	398	0	0	0	0	0	
428224	Precuneus_R	0	582	0	0	0	0	0	0	0	0	0	96	0	0	0	0	0	188	0	1188	0	0	0	0	0	0	0	0	0	1254	0	0	1144	9148	1648	14966	440	4712	430	2504	0	0	1124	21096	2396	33916	0	12572	208	28920	0	11430	0	1850	168	4938	0	7998	192	9084	0	1876	0	1538	0	2808	9312	0	0	7234	0	0	0	156	0	0	0	482	0	594	0	1930	0	0	0	8464	0	0	0	2462	0	0	0	0	0	0	0	746	0	0	0	0	0	0	0	0	0	0	0	0	2318	0	0	0	0	0	
261092	Paracentral_Lobule_L	31006	8208	1612	3240	0	0	628	0	0	0	0	0	0	0	0	0	0	0	11582	12608	0	0	0	0	0	0	0	0	206	0	0	0	3866	2570	2666	300	3846	88	184	0	186	0	1678	0	1042	0	1206	0	0	0	776	0	428	0	1636	0	2848	622	210	0	168	254	88	360	148	0	3206	0	0	2456	622	2204	4498	126	4166	478	12522	2814	308	0	746	0	0	0	1024	0	0	0	1116	0	0	0	0	0	0	0	0	0	0	0	0	0	0	0	0	0	0	0	0	0	0	0	0	0	0	0	
169936	Paracentral_Lobule_R	852	5106	0	166	0	0	0	0	0	0	0	0	0	0	0	0	0	0	1270	14982	0	0	0	0	0	0	0	0	0	312	0	0	432	11998	192	5374	0	1088	0	496	0	0	0	1838	0	1386	0	568	0	910	0	278	0	82	0	1356	0	14664	0	1042	0	1754	0	4428	0	322	122	7234	2456	0	0	240	0	84	0	0	0	90	0	436	0	942	0	0	0	1618	0	0	0	850	0	0	0	0	0	0	0	0	0	0	0	0	0	0	0	0	0	0	0	0	0	0	0	0	0	0	
148788	Caudate_L	462	300	1356	6876	338	0	98	2968	0	0	404	154	2864	382	2096	170	0	100	4758	7280	3144	3942	482	104	0	372	2404	560	1576	672	3834	3288	0	460	0	0	430	452	0	0	0	0	0	0	0	0	0	0	0	0	0	0	0	0	0	0	98	172	0	0	0	0	0	0	0	0	0	0	622	0	0	5274	7862	874	636	88	5006	1436	0	0	0	0	0	0	0	0	0	0	0	0	0	0	0	0	0	0	0	0	0	0	0	0	0	0	0	0	0	0	0	0	0	0	0	0	0	0	
253032	Caudate_R	3616	7204	268	15324	0	736	160	3762	0	0	0	858	124	3108	74	1318	0	102	1738	20134	1538	2212	0	6092	0	2296	1028	346	0	3322	692	9754	0	190	240	106	84	126	0	0	0	0	0	0	0	0	0	0	0	0	0	0	0	0	0	0	878	0	0	0	0	0	0	0	0	0	0	0	2204	240	5274	0	1800	12330	358	1846	1436	13598	0	0	0	0	0	0	0	0	0	0	0	0	0	0	0	0	0	0	0	0	0	0	0	0	0	0	0	0	0	0	0	0	0	0	0	0	0	0	
311324	Putamen_L	4566	102	18098	1980	10802	0	2348	268	4502	0	2648	0	4148	0	12306	0	2248	78	26004	4844	82	122	1318	104	316	0	0	0	21282	160	3468	660	0	368	0	0	7440	188	182	0	160	0	0	0	0	0	0	0	0	0	0	0	0	0	0	0	366	78	0	0	0	0	0	0	0	0	0	0	4498	0	7862	1800	0	542	6972	182	1074	414	0	0	656	0	426	0	0	0	0	0	0	0	0	0	0	0	0	0	0	0	0	0	0	0	0	0	0	0	0	0	0	0	0	0	0	0	0	0	
303564	Putamen_R	0	2052	0	19092	0	4488	0	1994	0	626	0	3020	90	1890	0	1040	0	3972	410	13876	222	338	0	7960	0	4658	202	328	0	21530	182	8506	0	0	280	480	316	18518	194	3148	0	116	0	0	0	74	0	92	0	118	0	0	0	0	80	5920	0	1592	0	0	0	140	0	484	0	296	0	156	126	84	874	12330	542	0	0	2826	228	2010	0	80	0	932	0	212	0	854	0	0	0	2204	0	0	0	0	0	0	0	0	0	0	0	0	0	0	0	0	0	0	0	0	0	0	0	0	0	0	
50944	Pallidum_L	2194	230	1854	0	0	0	212	0	0	0	0	0	0	0	0	0	0	0	5772	672	0	0	0	0	0	0	0	0	102	0	0	0	0	84	0	0	74	0	0	0	0	0	0	0	0	0	0	0	0	0	0	0	0	0	0	0	158	0	0	0	0	0	0	0	0	0	0	0	4166	0	636	358	6972	0	0	0	1844	144	0	0	0	0	0	0	0	0	0	0	0	0	0	0	0	0	0	0	0	0	0	0	0	0	0	0	0	0	0	0	0	0	0	0	0	0	0	0	
28692	Pallidum_R	370	362	0	2978	0	0	0	0	0	0	0	92	0	0	0	0	0	0	246	4398	0	0	0	0	0	0	0	0	0	0	0	0	0	0	0	0	0	282	0	88	0	0	0	0	0	0	0	0	0	0	0	0	0	0	0	0	0	0	0	0	0	0	0	0	0	0	0	0	478	0	88	1846	182	2826	0	0	0	110	0	0	0	0	0	0	0	0	0	0	0	0	0	0	0	0	0	0	0	0	0	0	0	0	0	0	0	0	0	0	0	0	0	0	0	0	0	0	
158916	Thalamus_L	14980	3814	1464	568	0	0	1428	0	0	0	158	0	0	0	0	0	0	0	2018	594	0	0	0	0	0	0	0	0	1456	94	0	0	0	0	2374	2380	9370	1410	1212	86	240	0	0	0	0	0	0	0	0	0	0	0	0	0	438	0	166	164	0	0	0	0	0	0	0	0	0	0	12522	0	5006	1436	1074	228	1844	0	0	11370	1204	0	360	0	0	0	0	0	0	0	0	0	0	0	0	0	0	0	0	0	0	0	0	0	0	0	0	0	0	0	0	0	0	0	0	0	0	0	
207892	Thalamus_R	3768	19872	492	6222	0	0	690	108	0	0	94	260	104	0	82	0	0	178	452	5064	0	0	0	0	0	0	0	0	666	688	0	0	0	0	5992	6390	5976	8342	1798	1178	0	0	0	0	0	0	0	292	0	0	0	0	0	0	872	400	0	0	0	0	0	0	0	0	0	0	218	482	2814	90	1436	13598	414	2010	144	110	11370	0	636	0	294	152	0	0	0	78	0	0	0	120	0	0	0	0	0	0	0	0	0	0	0	0	0	0	0	0	0	0	0	0	0	0	0	0	0	0	
93744	Heschl_L	3690	178	3600	0	0	0	1574	0	0	0	1046	0	0	0	0	0	5228	0	2782	0	0	0	0	0	0	0	0	0	7842	0	0	0	0	0	686	376	4370	214	0	0	0	0	0	0	0	0	0	0	0	0	130	0	298	0	2284	0	3432	0	0	0	90	0	404	0	0	0	0	0	308	0	0	0	0	0	0	0	1204	636	0	0	2644	0	0	0	2374	0	0	0	1482	0	0	0	0	0	0	0	0	0	0	0	0	0	0	0	0	0	0	0	0	0	0	0	0	0	0	0	
34664	Heschl_R	0	296	0	608	0	0	0	0	0	0	0	122	0	0	0	0	0	1358	0	636	0	0	0	0	0	0	0	0	0	1906	0	0	0	0	0	0	0	618	0	422	0	0	0	0	0	374	0	0	0	482	0	268	0	0	0	488	0	442	0	0	0	374	0	1580	0	764	0	594	0	436	0	0	0	80	0	0	0	0	0	0	0	4804	0	0	0	592	0	0	0	88	0	0	0	0	0	0	0	0	0	0	0	0	0	0	0	0	0	0	0	0	0	0	0	0	0	0	
215640	Temporal_Sup_L	6070	160	4274	84	0	0	1428	0	0	0	1340	0	390	0	0	0	11578	0	3706	126	0	0	0	0	0	0	0	0	7854	0	0	0	0	0	568	126	6928	80	426	0	204	0	106	0	0	0	110	0	0	0	650	0	0	0	5874	0	6038	0	340	0	3090	0	5840	0	3916	0	466	0	746	0	0	0	656	0	0	0	360	294	2644	0	0	0	3330	0	15490	0	0	0	12020	0	0	0	0	0	0	0	0	0	508	0	0	0	0	0	0	0	0	0	0	0	0	0	0	0	0	0	
109776	Temporal_Sup_R	0	394	0	684	0	0	0	0	0	0	0	110	0	0	0	0	0	2130	0	738	0	0	0	0	0	0	0	0	0	2616	0	0	0	0	0	0	0	2174	0	750	0	0	0	482	0	1254	0	146	0	1640	0	680	0	0	0	1988	0	932	0	94	0	894	0	5172	0	4502	0	1930	0	942	0	0	0	932	0	0	0	152	0	4804	0	0	0	1256	0	16234	0	0	0	1258	0	0	0	0	0	0	0	0	0	0	0	0	0	0	0	0	0	0	0	0	0	0	0	0	0	0	
51584	Temporal_Pole_Sup_L	244	0	1004	0	0	0	282	0	0	0	1380	0	204	0	272	0	1540	0	490	0	0	0	0	0	0	0	0	0	3734	0	0	0	0	0	0	0	2382	0	190	0	1008	0	0	0	0	0	0	0	0	0	0	0	0	0	452	0	86	0	0	0	0	0	0	0	0	0	0	0	0	0	0	0	426	0	0	0	0	0	0	0	3330	0	0	0	3548	0	2234	0	2986	0	0	0	0	0	0	0	0	0	0	0	0	0	0	0	0	0	0	0	0	0	0	0	0	0	0	0	
46272	Temporal_Pole_Sup_R	0	0	0	92	0	0	0	0	0	0	0	290	0	0	0	186	0	682	0	78	0	0	0	0	0	0	0	0	0	364	0	0	0	0	0	0	0	2212	0	1422	0	3238	0	0	0	0	0	0	0	0	0	0	0	0	0	4666	0	0	0	0	0	0	0	0	0	0	0	0	0	0	0	0	0	212	0	0	0	0	0	0	0	1256	0	0	0	1596	0	4196	0	2646	0	0	0	0	0	0	0	0	0	0	0	0	0	0	0	0	0	0	0	0	0	0	0	0	0	0	
325752	Temporal_Mid_L	2416	0	416	84	0	0	288	0	0	0	0	0	0	0	0	0	202	0	498	142	0	0	0	0	0	0	0	0	1818	0	0	0	4762	0	726	0	3470	0	0	0	142	0	1474	0	1372	0	688	0	1858	0	27124	0	8134	0	10794	0	2764	0	622	0	8220	0	2238	0	16446	0	6192	0	1024	0	0	0	0	0	0	0	0	0	2374	0	15490	0	3548	0	0	0	2520	0	34682	0	0	0	0	0	0	0	0	0	348	0	0	0	0	0	0	0	0	0	0	0	0	0	0	0	0	0	
241860	Temporal_Mid_R	0	192	0	0	0	0	0	0	0	0	0	0	0	0	0	166	0	106	0	138	0	0	0	0	0	0	0	0	0	1170	0	0	0	112	0	546	0	3300	0	1128	0	0	0	9428	366	4224	0	2726	0	6130	0	19072	0	3132	0	9456	0	1594	0	0	0	356	0	2282	0	6920	132	8464	0	1618	0	0	0	854	0	0	0	78	0	592	0	16234	0	1596	0	0	0	2898	0	15920	0	0	0	0	0	0	0	0	0	0	0	0	0	0	0	0	0	0	0	0	0	0	0	0	0	0	
18388	Temporal_Pole_Mid_L	0	0	0	0	0	0	0	0	0	0	0	0	0	0	0	0	0	0	0	0	0	0	0	0	0	0	0	0	170	0	0	0	0	0	0	0	556	0	0	0	510	0	0	0	0	0	0	0	0	0	0	0	0	0	472	0	0	0	0	0	0	0	0	0	0	0	0	0	0	0	0	0	0	0	0	0	0	0	0	0	0	0	2234	0	2520	0	0	0	2732	0	0	0	0	0	0	0	0	0	0	0	0	0	0	0	0	0	0	0	0	0	0	0	0	0	0	0	
31860	Temporal_Pole_Mid_R	0	0	0	0	0	0	0	0	0	0	0	0	0	0	0	120	0	0	0	0	0	0	0	0	0	0	0	0	0	0	0	0	0	0	0	0	0	264	0	1016	0	686	0	0	0	0	0	0	0	0	0	0	0	0	0	2522	0	0	0	0	0	0	0	0	0	0	0	0	0	0	0	0	0	0	0	0	0	0	0	0	0	0	0	4196	0	2898	0	0	0	4228	0	0	0	0	0	0	0	0	0	0	0	0	0	0	0	0	0	0	0	0	0	0	0	0	0	0	
298792	Temporal_Inf_L	2512	80	1102	88	0	0	372	0	0	0	354	0	0	0	0	0	170	0	920	168	0	0	0	0	0	0	0	0	3742	0	0	0	2516	0	560	0	13572	0	1000	0	3208	0	310	0	166	0	252	0	242	0	7044	0	6530	0	24190	0	1972	0	490	0	3622	0	1156	0	4478	0	3866	0	1116	0	0	0	0	0	0	0	0	0	1482	0	12020	0	2986	0	34682	0	2732	0	0	0	4718	0	976	0	126	0	702	0	2974	0	128	0	72	0	0	0	0	0	0	0	0	0	0	0	0	0	
159804	Temporal_Inf_R	0	252	0	72	0	0	0	0	0	0	0	0	0	0	0	0	0	0	0	112	0	0	0	0	0	0	0	0	0	696	0	0	0	0	0	352	0	8692	0	3840	0	1342	0	1952	0	1178	0	1446	0	2238	0	2390	0	3774	0	19656	0	710	0	0	0	106	0	296	0	352	0	2462	0	850	0	0	0	2204	0	0	0	120	0	88	0	1258	0	2646	0	15920	0	4228	0	0	0	522	0	0	0	0	0	0	0	148	0	0	0	0	0	0	0	0	0	0	0	0	0	0	0	0	
559728	Cerebelum_Crus1_L	0	0	0	0	0	0	0	0	0	0	0	0	0	0	0	0	0	0	0	0	0	0	0	0	0	0	0	0	0	0	0	0	0	0	0	0	0	0	0	0	0	0	0	0	0	0	14634	3882	0	0	254	0	330	646	22544	3522	0	0	0	0	0	0	0	0	0	0	0	0	0	0	0	0	0	0	0	0	0	0	0	0	0	0	0	0	0	0	0	0	4718	0	0	6312	46300	5208	2646	190	26970	1528	70748	7700	12812	444	12526	1838	1860	810	488	252	134	420	6256	12280	8548	1266	1324	474	
575492	Cerebelum_Crus1_R	0	0	0	0	0	0	0	0	0	0	0	0	0	0	0	0	0	0	0	0	0	0	0	0	0	0	0	0	0	0	0	0	0	0	0	0	0	286	0	336	0	0	0	0	0	0	4380	2920	0	0	0	0	118	472	272	13750	0	0	0	0	0	0	0	0	0	0	0	0	0	0	0	0	0	0	0	0	0	0	0	0	0	0	0	0	0	0	0	0	0	522	6312	0	3880	43878	304	6046	4410	23092	6684	63602	140	4446	524	24768	0	5716	0	6820	1048	3586	15684	15702	15470	6886	5606	86	
458480	Cerebelum_Crus2_L	0	0	0	0	0	0	0	0	0	0	0	0	0	0	0	0	0	0	0	0	0	0	0	0	0	0	0	0	0	0	0	0	0	0	0	0	0	0	0	0	0	0	0	0	0	0	1108	928	0	0	0	0	92	280	1818	1482	0	0	0	0	0	0	0	0	0	0	0	0	0	0	0	0	0	0	0	0	0	0	0	0	0	0	0	0	0	0	0	0	976	0	46300	3880	0	15244	450	264	2940	726	15874	3706	37068	7244	34342	14700	2588	1400	846	974	126	302	1342	5742	17412	7350	1454	282	
497576	Cerebelum_Crus2_R	0	0	0	0	0	0	0	0	0	0	0	0	0	0	0	0	0	0	0	0	0	0	0	0	0	0	0	0	0	0	0	0	0	0	0	0	0	0	0	0	0	0	0	0	0	0	1366	884	0	0	0	0	298	230	606	1776	0	0	0	0	0	0	0	0	0	0	0	0	0	0	0	0	0	0	0	0	0	0	0	0	0	0	0	0	0	0	0	0	0	0	5208	43878	15244	0	0	3174	1094	6100	3540	21328	5718	22444	8794	43094	430	5036	92	4726	426	1766	4526	7534	24690	10212	4574	0	
49840	Cerebelum_3_L	0	0	0	0	0	0	0	0	0	0	0	0	0	0	0	0	0	0	0	0	0	0	0	0	0	0	0	0	0	0	0	0	0	0	0	0	0	0	0	0	0	0	0	0	0	0	678	298	0	0	0	0	0	0	226	238	0	0	0	0	0	0	0	0	0	0	0	0	0	0	0	0	0	0	0	0	0	0	0	0	0	0	0	0	0	0	0	0	126	0	2646	304	450	0	0	0	7722	560	4138	470	0	0	0	0	666	348	0	0	608	1728	2110	552	200	206	346	300	
103992	Cerebelum_3_R	0	0	0	0	0	0	0	0	0	0	0	0	0	0	0	0	0	0	0	0	0	0	0	0	0	0	0	0	0	0	0	0	0	0	0	0	0	0	0	88	0	0	0	0	0	0	420	0	0	0	0	0	0	0	0	1056	0	0	0	0	0	0	0	0	0	0	0	0	0	0	0	0	0	0	0	0	0	0	0	0	0	0	0	0	0	0	0	0	0	0	190	6046	264	3174	0	0	530	11590	176	12046	0	0	128	1218	0	816	0	250	1020	5120	5628	672	514	384	666	0	
364824	Cerebelum_4_5_L	0	0	0	0	0	0	0	0	0	0	0	0	0	0	0	0	0	0	0	0	0	0	0	0	0	0	0	0	0	0	0	0	0	0	0	0	0	0	272	0	0	0	0	0	0	0	22636	4130	0	0	174	0	182	0	12112	2228	0	0	0	0	0	0	0	0	0	0	0	0	0	0	0	0	0	0	0	0	0	0	0	0	0	0	0	0	0	0	0	0	702	0	26970	4410	2940	1094	7722	530	0	8276	39348	6242	244	0	212	858	3476	1594	450	218	2476	3860	21296	3264	658	676	1548	1614	
325616	Cerebelum_4_5_R	0	0	0	0	0	0	0	0	0	0	0	0	0	0	0	0	0	0	0	0	0	0	0	0	0	0	0	0	0	0	0	0	0	0	0	118	0	1056	0	1990	0	0	0	282	0	0	6310	7436	0	0	0	0	74	0	766	11282	0	0	0	0	0	0	0	0	0	0	0	746	0	0	0	0	0	0	0	0	0	0	0	0	0	0	0	0	0	0	0	0	0	0	1528	23092	726	6100	560	11590	8276	0	3978	37148	0	314	348	3986	448	1290	0	1056	814	3244	22616	1488	1370	1192	1224	360	
538628	Cerebelum_6_L	0	0	0	0	0	0	0	0	0	0	0	0	0	0	0	0	0	0	0	0	0	0	0	0	0	0	0	0	0	0	0	0	0	0	0	0	88	0	106	0	0	0	120	0	0	0	20978	6082	122	0	816	0	1286	634	29910	4290	0	0	0	0	0	0	0	0	0	0	0	0	0	0	0	0	0	0	0	0	0	0	0	0	508	0	0	0	348	0	0	0	2974	0	70748	6684	15874	3540	4138	176	39348	3978	0	8930	2746	0	2034	570	1978	1598	96	98	224	686	11672	15750	5904	976	1704	1600	
565912	Cerebelum_6_R	0	0	0	0	0	0	0	0	0	0	0	0	0	0	0	0	0	0	0	0	0	0	0	0	0	0	0	0	0	0	0	0	0	0	0	0	0	398	0	498	0	0	0	122	0	0	5264	6494	0	0	0	0	106	1054	296	20000	0	0	0	0	0	0	0	0	0	0	0	0	0	0	0	0	0	0	0	0	0	0	0	0	0	0	0	0	0	0	0	0	0	148	7700	63602	3706	21328	470	12046	6242	37148	8930	0	102	1228	664	11316	106	4340	0	5734	1504	5030	20986	17254	10150	4990	3822	178	
253160	Cerebelum_7b_L	0	0	0	0	0	0	0	0	0	0	0	0	0	0	0	0	0	0	0	0	0	0	0	0	0	0	0	0	0	0	0	0	0	0	0	0	0	0	0	0	0	0	0	0	0	0	0	0	0	0	0	0	0	0	120	0	0	0	0	0	0	0	0	0	0	0	0	0	0	0	0	0	0	0	0	0	0	0	0	0	0	0	0	0	0	0	0	0	128	0	12812	140	37068	5718	0	0	244	0	2746	102	0	6246	35384	10020	974	148	606	106	0	0	0	0	5494	8412	112	0	
180764	Cerebelum_7b_R	0	0	0	0	0	0	0	0	0	0	0	0	0	0	0	0	0	0	0	0	0	0	0	0	0	0	0	0	0	0	0	0	0	0	0	0	0	0	0	0	0	0	0	0	0	0	0	0	0	0	0	0	0	0	0	0	0	0	0	0	0	0	0	0	0	0	0	0	0	0	0	0	0	0	0	0	0	0	0	0	0	0	0	0	0	0	0	0	0	0	444	4446	7244	22444	0	0	0	314	0	1228	6246	0	6046	27948	110	1474	0	136	0	0	0	0	5150	6862	290	0	
334852	Cerebelum_8_L	0	0	0	0	0	0	0	0	0	0	0	0	0	0	0	0	0	0	0	0	0	0	0	0	0	0	0	0	0	0	0	0	0	0	0	0	0	0	0	0	0	0	0	0	0	0	0	0	0	0	0	0	0	0	72	0	0	0	0	0	0	0	0	0	0	0	0	0	0	0	0	0	0	0	0	0	0	0	0	0	0	0	0	0	0	0	0	0	72	0	12526	524	34342	8794	0	128	212	348	2034	664	35384	6046	0	16010	15020	2618	4894	1028	0	122	0	0	10274	13944	2370	0	
467284	Cerebelum_8_R	0	0	0	0	0	0	0	0	0	0	0	0	0	0	0	0	0	0	0	0	0	0	0	0	0	0	0	0	0	0	0	0	0	0	0	0	0	86	0	94	0	0	0	0	0	0	542	0	0	0	0	0	0	0	0	944	0	0	0	0	0	0	0	0	0	0	0	0	0	0	0	0	0	0	0	0	0	0	0	0	0	0	0	0	0	0	0	0	0	0	1838	24768	14700	43094	0	1218	858	3986	570	11316	10020	27948	16010	0	1418	21068	136	5392	180	702	2662	0	18912	18450	6730	0	
97976	Cerebelum_9_L	0	0	0	0	0	0	0	0	0	0	0	0	0	0	0	0	0	0	0	0	0	0	0	0	0	0	0	0	0	0	0	0	0	0	0	0	0	0	0	0	0	0	0	0	0	0	168	370	0	0	0	0	0	0	0	0	0	0	0	0	0	0	0	0	0	0	0	0	0	0	0	0	0	0	0	0	0	0	0	0	0	0	0	0	0	0	0	0	0	0	1860	0	2588	430	666	0	3476	448	1978	106	974	110	15020	1418	0	2550	7096	284	0	0	1280	1560	1170	1362	2960	1114	
199524	Cerebelum_9_R	0	0	0	0	0	0	0	0	0	0	0	0	0	0	0	0	0	0	0	0	0	0	0	0	0	0	0	0	0	0	0	0	0	0	0	0	0	0	0	0	0	0	0	0	0	0	412	168	0	0	0	0	0	0	0	346	0	0	0	0	0	0	0	0	0	0	0	0	0	0	0	0	0	0	0	0	0	0	0	0	0	0	0	0	0	0	0	0	0	0	810	5716	1400	5036	348	816	1594	1290	1598	4340	148	1474	2618	21068	2550	0	0	7036	968	1346	2746	3130	8570	9884	12366	1984	
29884	Cerebelum_10_L	0	0	0	0	0	0	0	0	0	0	0	0	0	0	0	0	0	0	0	0	0	0	0	0	0	0	0	0	0	0	0	0	0	0	0	0	0	0	0	0	0	0	0	0	0	0	0	0	0	0	0	0	0	0	0	0	0	0	0	0	0	0	0	0	0	0	0	0	0	0	0	0	0	0	0	0	0	0	0	0	0	0	0	0	0	0	0	0	0	0	488	0	846	92	0	0	450	0	96	0	606	0	4894	136	7096	0	0	0	0	0	0	0	134	0	104	0	
107296	Cerebelum_10_R	0	0	0	0	0	0	0	0	0	0	0	0	0	0	0	0	0	0	0	0	0	0	0	0	0	0	0	0	0	0	0	0	0	0	0	0	0	0	0	0	0	0	0	0	0	0	146	0	0	0	0	0	0	0	0	238	0	0	0	0	0	0	0	0	0	0	0	0	0	0	0	0	0	0	0	0	0	0	0	0	0	0	0	0	0	0	0	0	0	0	252	6820	974	4726	0	250	218	1056	98	5734	106	136	1028	5392	284	7036	0	0	0	136	544	172	6628	6494	5180	0	
44788	Vermis_1_2	0	0	0	0	0	0	0	0	0	0	0	0	0	0	0	0	0	0	0	0	0	0	0	0	0	0	0	0	0	0	0	0	0	0	0	0	0	0	0	0	0	0	0	0	0	0	636	72	0	0	0	0	0	0	0	122	0	0	0	0	0	0	0	0	0	0	0	0	0	0	0	0	0	0	0	0	0	0	0	0	0	0	0	0	0	0	0	0	0	0	134	1048	126	426	608	1020	2476	814	224	1504	0	0	0	180	0	968	0	0	0	6170	3616	858	328	356	630	78	
90032	Vermis_3	0	0	0	0	0	0	0	0	0	0	0	0	0	0	0	0	0	0	0	0	0	0	0	0	0	0	0	0	0	0	0	0	0	0	0	0	0	0	0	0	0	0	0	0	0	0	854	238	0	0	0	0	0	0	74	342	0	0	0	0	0	0	0	0	0	0	0	0	0	0	0	0	0	0	0	0	0	0	0	0	0	0	0	0	0	0	0	0	0	0	420	3586	302	1766	1728	5120	3860	3244	686	5030	0	0	122	702	0	1346	0	136	6170	0	6212	988	634	548	792	116	
358456	Vermis_4_5	0	0	0	0	0	0	0	0	0	0	0	0	0	0	0	0	0	0	0	0	0	0	0	0	0	0	0	0	0	0	0	0	0	278	0	618	0	396	0	0	0	0	202	672	138	302	13226	7272	0	0	98	0	138	0	2120	6040	0	0	0	0	0	0	0	0	0	0	398	2318	0	0	0	0	0	0	0	0	0	0	0	0	0	0	0	0	0	0	0	0	0	0	6256	15684	1342	4526	2110	5628	21296	22616	11672	20986	0	0	0	2662	1280	2746	0	544	3616	6212	0	8656	1156	1024	2286	2714	
261908	Vermis_6	0	0	0	0	0	0	0	0	0	0	0	0	0	0	0	0	0	0	0	0	0	0	0	0	0	0	0	0	0	0	0	0	0	0	0	0	0	0	0	0	0	0	0	88	0	0	2370	5852	0	0	0	0	444	982	1260	5088	0	0	0	0	0	0	0	0	0	0	0	0	0	0	0	0	0	0	0	0	0	0	0	0	0	0	0	0	0	0	0	0	0	0	12280	15702	5742	7534	552	672	3264	1488	15750	17254	0	0	0	0	1560	3130	0	172	858	988	8656	0	9878	1528	3848	4014	
365704	Vermis_7	0	0	0	0	0	0	0	0	0	0	0	0	0	0	0	0	0	0	0	0	0	0	0	0	0	0	0	0	0	0	0	0	0	0	0	0	0	0	0	0	0	0	0	0	0	0	1122	1682	0	0	0	0	326	198	674	1380	0	0	0	0	0	0	0	0	0	0	0	0	0	0	0	0	0	0	0	0	0	0	0	0	0	0	0	0	0	0	0	0	0	0	8548	15470	17412	24690	200	514	658	1370	5904	10150	5494	5150	10274	18912	1170	8570	134	6628	328	634	1156	9878	0	14990	8678	558	
