data	data	441316	210112	806168	646088	193184	106956	710492	191980	81972	59060	250728	161144	371120	149476	208084	86612	215088	108456	516444	500264	135756	163048	416728	389992	41916	126588	134316	162948	686576	331640	458456	475412	308244	470864	135796	167648	221452	297892	74808	161764	53588	82512	268356	296008	158520	292284	215216	180712	234816	331656	459100	261736	191024	165936	312924	434552	389236	283588	132612	92328	257332	113992	119240	96828	211328	167268	308836	378032	308344	158556	524288	611884	411844	442712	34648	61240	134112	103600	54308	53752	206668	148736	82804	38988	364264	232972	23488	28520	360516	197308	297312	336296	305532	307876	5764	30772	155132	125940	284572	318924	236084	128904	231260	297292	86228	138140	9632	7392	10664	14512	120316	158400	196384	89592	56620	22720	
data	data	Precentral_L	Precentral_R	Frontal_Sup_L	Frontal_Sup_R	Frontal_Sup_Orb_L	Frontal_Sup_Orb_R	Frontal_Mid_L	Frontal_Mid_R	Frontal_Mid_Orb_L	Frontal_Mid_Orb_R	Frontal_Inf_Oper_L	Frontal_Inf_Oper_R	Frontal_Inf_Tri_L	Frontal_Inf_Tri_R	Frontal_Inf_Orb_L	Frontal_Inf_Orb_R	Rolandic_Oper_L	Rolandic_Oper_R	Supp_Motor_Area_L	Supp_Motor_Area_R	Olfactory_L	Olfactory_R	Frontal_Sup_Medial_L	Frontal_Sup_Medial_R	Frontal_Med_Orb_L	Frontal_Med_Orb_R	Rectus_L	Rectus_R	Insula_L	Insula_R	Cingulum_Ant_L	Cingulum_Ant_R	Cingulum_Mid_L	Cingulum_Mid_R	Cingulum_Post_L	Cingulum_Post_R	Hippocampus_L	Hippocampus_R	ParaHippocampal_L	ParaHippocampal_R	Amygdala_L	Amygdala_R	Calcarine_L	Calcarine_R	Cuneus_L	Cuneus_R	Lingual_L	Lingual_R	Occipital_Sup_L	Occipital_Sup_R	Occipital_Mid_L	Occipital_Mid_R	Occipital_Inf_L	Occipital_Inf_R	Fusiform_L	Fusiform_R	Postcentral_L	Postcentral_R	Parietal_Sup_L	Parietal_Sup_R	Parietal_Inf_L	Parietal_Inf_R	SupraMarginal_L	SupraMarginal_R	Angular_L	Angular_R	Precuneus_L	Precuneus_R	Paracentral_Lobule_L	Paracentral_Lobule_R	Caudate_L	Caudate_R	Putamen_L	Putamen_R	Pallidum_L	Pallidum_R	Thalamus_L	Thalamus_R	Heschl_L	Heschl_R	Temporal_Sup_L	Temporal_Sup_R	Temporal_Pole_Sup_L	Temporal_Pole_Sup_R	Temporal_Mid_L	Temporal_Mid_R	Temporal_Pole_Mid_L	Temporal_Pole_Mid_R	Temporal_Inf_L	Temporal_Inf_R	Cerebelum_Crus1_L	Cerebelum_Crus1_R	Cerebelum_Crus2_L	Cerebelum_Crus2_R	Cerebelum_3_L	Cerebelum_3_R	Cerebelum_4_5_L	Cerebelum_4_5_R	Cerebelum_6_L	Cerebelum_6_R	Cerebelum_7b_L	Cerebelum_7b_R	Cerebelum_8_L	Cerebelum_8_R	Cerebelum_9_L	Cerebelum_9_R	Cerebelum_10_L	Cerebelum_10_R	Vermis_1_2	Vermis_3	Vermis_4_5	Vermis_6	Vermis_7	Vermis_8	Vermis_9	Vermis_10	
441316	Precentral_L	0	3694	9768	1320	0	0	20708	130	0	0	11950	194	5400	0	0	0	10094	0	12414	5852	0	0	124	292	0	0	0	0	8696	272	3584	788	3404	4272	1854	798	4738	530	100	416	106	0	116	0	238	0	124	0	2718	0	3422	0	652	0	680	572	29394	522	978	242	6284	326	4770	262	3248	196	626	130	16244	1526	1616	2090	4272	574	1060	0	12082	674	2528	0	2854	0	102	0	3382	138	0	0	4286	232	0	0	0	0	0	0	0	0	0	0	0	0	0	0	0	0	0	0	0	0	0	0	0	0	0	0	
210112	Precentral_R	3694	0	1024	8264	0	0	1308	6554	0	0	0	3824	0	550	0	0	192	1288	1910	7714	0	0	0	170	0	0	0	0	530	606	148	356	118	682	272	678	208	2098	0	374	0	0	0	284	0	354	0	0	136	432	140	182	0	176	0	1266	2912	10806	372	240	1172	834	492	904	292	960	136	1012	5744	1966	2912	11140	1716	1242	438	488	1022	11940	0	112	0	0	0	0	0	220	0	0	112	340	0	0	0	0	0	0	0	0	0	0	0	0	0	0	0	0	0	0	0	0	0	0	0	0	0	0	
806168	Frontal_Sup_L	9768	1024	0	3306	13054	224	88268	388	6230	104	8990	1114	23068	252	10372	104	2304	196	49130	3460	1722	1306	45566	6656	1678	390	5530	618	27822	1196	23216	5120	14264	2328	0	0	2236	0	0	0	0	0	0	0	0	0	0	0	0	0	0	0	0	0	286	0	1900	104	0	0	1106	0	908	98	358	270	0	0	1722	0	12538	3398	13456	882	1388	106	722	0	352	0	730	0	816	0	294	0	0	0	646	0	0	0	0	0	0	0	0	0	0	0	0	0	0	0	0	0	0	0	0	0	0	0	0	0	0	0	
646088	Frontal_Sup_R	1320	8264	3306	0	1016	4466	2432	33990	142	2324	272	6710	392	11052	682	1534	1518	528	6378	42008	1686	1896	10674	40384	394	5744	1076	4638	3478	8140	3734	25214	1230	21062	226	442	0	1140	0	474	0	0	0	0	0	0	0	0	0	376	0	102	0	0	0	904	752	408	0	0	0	566	0	172	0	814	0	244	746	0	8704	24062	3538	16578	140	2134	434	1306	0	0	224	0	0	0	170	254	0	0	220	230	0	0	0	0	0	0	0	0	0	0	0	0	0	0	0	0	0	0	0	0	0	0	0	0	0	0	
193184	Frontal_Sup_Orb_L	0	0	13054	1016	0	934	2512	0	10246	0	0	0	1390	0	10108	0	0	0	90	0	5482	3998	4460	1090	3622	1090	13400	2144	3122	0	5832	422	0	0	0	0	0	0	0	0	0	0	0	0	0	0	0	0	0	0	0	0	0	0	0	0	0	0	0	0	0	0	0	0	0	0	0	0	0	0	5996	3406	2090	708	0	104	0	0	0	0	0	0	276	0	0	0	0	0	0	0	0	0	0	0	0	0	0	0	0	0	0	0	0	0	0	0	0	0	0	0	0	0	0	0	0	0	
106956	Frontal_Sup_Orb_R	0	0	224	4466	934	0	92	1496	126	4050	0	0	0	154	716	1816	0	0	0	0	2476	4162	0	1634	612	5336	1340	9992	292	290	978	1622	0	0	0	0	0	0	0	0	0	0	0	0	0	0	0	0	0	0	0	0	0	0	0	0	0	0	0	0	0	0	0	0	0	0	0	0	0	0	2464	3652	902	3232	0	420	0	0	0	0	0	0	0	0	0	0	0	0	0	0	0	0	0	0	0	0	0	0	0	0	0	0	0	0	0	0	0	0	0	0	0	0	0	0	0	0	
710492	Frontal_Mid_L	20708	1308	88268	2432	2512	92	0	304	3600	96	16544	1326	45274	296	9320	96	1586	404	18956	2500	1022	410	17690	1462	0	0	864	190	31810	1432	19862	2590	16554	1668	0	0	1318	0	0	0	0	0	0	0	0	0	0	0	0	0	0	0	0	0	0	0	2298	146	0	0	2862	104	2128	136	634	344	0	0	638	0	11902	2492	12772	728	2040	0	1092	0	410	0	162	0	960	0	336	138	0	0	430	0	0	0	0	0	0	0	0	0	0	0	0	0	0	0	0	0	0	0	0	0	0	0	0	0	0	0	
191980	Frontal_Mid_R	130	6554	388	33990	0	1496	304	0	0	2696	0	4788	0	13102	0	1974	174	232	1250	10356	0	0	0	3912	0	0	0	0	552	3108	146	794	106	2488	0	0	0	272	0	100	0	0	0	0	0	0	0	0	0	0	0	0	0	0	0	198	196	204	0	0	0	140	0	136	0	180	0	0	0	0	1230	1140	770	2118	0	252	0	334	0	0	0	0	0	0	0	180	0	0	0	0	0	0	0	0	0	0	0	0	0	0	0	0	0	0	0	0	0	0	0	0	0	0	0	0	0	0	
81972	Frontal_Mid_Orb_L	0	0	6230	142	10246	126	3600	0	0	0	0	0	1746	0	11620	0	0	0	0	0	534	610	210	162	142	168	1632	332	1556	0	252	0	0	0	0	0	0	0	0	0	0	0	0	0	0	0	0	0	0	0	0	0	0	0	0	0	0	0	0	0	0	0	0	0	0	0	0	0	0	0	786	474	302	0	0	0	0	0	0	0	0	0	116	0	0	0	0	0	0	0	0	0	0	0	0	0	0	0	0	0	0	0	0	0	0	0	0	0	0	0	0	0	0	0	0	0	
59060	Frontal_Mid_Orb_R	0	0	104	2324	0	4050	96	2696	0	0	0	0	0	904	0	7372	0	0	100	120	0	92	0	562	0	92	0	150	0	1218	0	872	0	0	0	0	0	0	0	0	0	0	0	0	0	0	0	0	0	0	0	0	0	0	0	0	0	0	0	0	0	0	0	0	0	0	0	0	0	0	396	3128	0	4668	0	586	0	0	0	0	0	0	0	0	0	0	0	0	0	0	0	0	0	0	0	0	0	0	0	0	0	0	0	0	0	0	0	0	0	0	0	0	0	0	0	0	
250728	Frontal_Inf_Oper_L	11950	0	8990	272	0	0	16544	0	0	0	0	0	23454	0	2172	0	7660	0	5996	312	0	0	2562	202	0	0	0	0	21282	0	4256	566	3236	330	0	0	718	0	0	0	0	0	0	0	0	0	0	0	0	0	0	0	0	0	0	0	4682	0	0	0	666	0	1228	0	102	0	0	0	0	0	1848	542	1418	0	0	0	0	0	234	0	1592	0	2188	0	230	0	0	0	132	0	0	0	0	0	0	0	0	0	0	0	0	0	0	0	0	0	0	0	0	0	0	0	0	0	0	0	
161144	Frontal_Inf_Oper_R	194	3824	1114	6710	0	0	1326	4788	0	0	0	0	134	9034	0	1272	316	4612	1028	6174	0	0	106	352	0	0	0	0	756	18180	398	2436	244	3810	0	200	0	1196	0	506	0	0	0	0	0	0	0	0	0	0	0	0	0	0	0	800	124	966	0	0	0	90	0	188	0	354	0	208	0	0	2592	1122	812	3788	0	188	148	148	0	0	0	0	0	238	0	96	0	0	0	0	0	0	0	0	0	0	0	0	0	0	0	0	0	0	0	0	0	0	0	0	0	0	0	0	0	0	
371120	Frontal_Inf_Tri_L	5400	0	23068	392	1390	0	45274	0	1746	0	23454	134	0	0	14656	0	2872	0	4994	382	610	206	5044	304	0	0	448	100	33620	148	5448	628	4584	332	0	0	374	0	0	0	0	0	0	0	0	0	0	0	0	0	0	0	0	0	0	0	1400	0	0	0	0	0	0	0	0	0	0	0	0	0	2808	542	3120	0	0	0	0	0	0	0	470	0	1612	0	0	0	0	0	0	0	0	0	0	0	0	0	0	0	0	0	0	0	0	0	0	0	0	0	0	0	0	0	0	0	0	0	
149476	Frontal_Inf_Tri_R	0	550	252	11052	0	154	296	13102	0	904	0	9034	0	0	0	3520	0	706	440	3870	0	0	332	1606	0	0	0	0	430	14598	484	3728	140	4098	0	0	0	320	0	116	0	0	0	0	0	0	0	0	0	0	0	0	0	0	0	180	0	0	0	0	0	0	0	0	0	0	0	0	0	0	838	1346	584	2058	0	0	0	0	0	0	0	0	0	0	0	0	0	0	0	0	0	0	0	0	0	0	0	0	0	0	0	0	0	0	0	0	0	0	0	0	0	0	0	0	0	0	
208084	Frontal_Inf_Orb_L	0	0	10372	682	10108	716	9320	0	11620	0	2172	0	14656	0	0	0	0	0	276	0	3810	2626	578	714	0	586	3950	1472	16176	0	1568	478	732	218	0	0	0	0	0	0	112	0	0	0	0	0	0	0	0	0	0	0	0	0	0	0	0	0	0	0	0	0	0	0	0	0	0	0	0	0	4694	2334	2112	476	0	0	0	0	0	0	0	0	1484	0	0	0	0	0	0	0	0	0	0	0	0	0	0	0	0	0	0	0	0	0	0	0	0	0	0	0	0	0	0	0	0	0	
86612	Frontal_Inf_Orb_R	0	0	104	1534	0	1816	96	1974	0	7372	0	1272	0	3520	0	0	0	0	110	264	0	412	0	1062	0	0	0	194	0	6870	0	1510	0	166	0	0	0	0	0	0	0	152	0	0	0	0	0	0	0	0	0	0	0	0	0	0	0	0	0	0	0	0	0	0	0	0	0	0	0	0	368	5938	0	7450	0	994	0	128	0	0	0	0	0	0	0	0	0	0	0	0	0	0	0	0	0	0	0	0	0	0	0	0	0	0	0	0	0	0	0	0	0	0	0	0	0	0	
215088	Rolandic_Oper_L	10094	192	2304	1518	0	0	1586	174	0	0	7660	316	2872	0	0	0	0	100	9590	578	0	0	1034	1232	0	0	0	0	21102	362	908	2406	234	2212	294	168	468	140	0	136	0	0	0	0	0	0	0	0	178	0	298	0	0	0	218	140	9216	0	0	0	648	0	1648	0	852	0	0	0	92	0	1438	3230	356	112	0	0	174	0	3332	0	9894	0	1136	0	3174	0	0	0	3728	0	0	0	0	0	0	0	0	0	0	0	0	0	0	0	0	0	0	0	0	0	0	0	0	0	0	0	
108456	Rolandic_Oper_R	0	1288	196	528	0	0	404	232	0	0	0	4612	0	706	0	0	100	0	90	812	0	0	0	0	0	0	0	0	358	12314	0	0	0	190	0	346	0	1278	0	668	0	0	0	0	0	0	0	0	0	160	0	0	0	0	0	1102	0	1946	0	0	0	174	0	2336	0	362	0	330	0	0	1122	3466	456	4680	0	208	0	0	0	6656	0	5538	0	216	0	876	0	0	0	478	0	0	0	0	0	0	0	0	0	0	0	0	0	0	0	0	0	0	0	0	0	0	0	0	0	0	
516444	Supp_Motor_Area_L	12414	1910	49130	6378	90	0	18956	1250	0	100	5996	1028	4994	440	276	110	9590	90	0	22900	0	0	12992	2586	0	0	0	0	19750	1476	6538	2406	14920	14944	0	0	3858	0	108	0	0	0	0	0	0	0	0	0	0	0	0	0	0	0	920	0	4924	0	0	0	962	0	1012	0	240	0	0	0	4840	1252	6984	1522	11818	1802	432	110	416	0	1096	0	2236	0	538	0	568	0	0	0	1320	0	0	0	0	0	0	0	0	0	0	0	0	0	0	0	0	0	0	0	0	0	0	0	0	0	0	0	
500264	Supp_Motor_Area_R	5852	7714	3460	42008	0	0	2500	10356	0	120	312	6174	382	3870	0	264	578	812	22900	0	0	0	2512	4504	0	0	0	0	1952	5314	1582	9554	6268	43344	536	2032	0	826	0	294	0	0	0	0	0	0	0	0	92	282	114	94	0	0	0	634	1080	2912	0	146	278	724	242	730	114	1302	0	834	12288	10432	4802	10346	2888	10416	200	1148	388	338	0	0	108	0	0	0	184	548	0	0	204	244	0	0	0	0	0	0	0	0	0	0	0	0	0	0	0	0	0	0	0	0	0	0	0	0	0	0	
135756	Olfactory_L	0	0	1722	1686	5482	2476	1022	0	534	0	0	0	610	0	3810	0	0	0	0	0	0	7368	0	2080	0	2268	5658	4954	3240	94	2054	1768	0	0	0	0	182	0	850	0	1084	0	0	0	0	0	0	0	0	0	0	0	0	0	0	0	0	0	0	0	0	0	0	0	0	0	0	0	0	0	9194	4220	3308	1370	0	198	0	0	0	0	0	0	646	0	0	0	0	0	0	0	0	0	0	0	0	0	0	0	0	0	0	0	0	0	0	0	0	0	0	0	0	0	0	0	0	0	
163048	Olfactory_R	0	0	1306	1896	3998	4162	410	0	610	92	0	0	206	0	2626	412	0	0	0	0	7368	0	0	2498	0	3092	4032	7534	918	1536	2676	3212	0	0	0	0	0	0	0	136	200	370	0	0	0	0	0	0	0	0	0	0	0	0	0	0	0	0	0	0	0	0	0	0	0	0	0	0	0	0	11312	10380	6280	3824	0	308	0	130	0	0	0	0	0	0	0	0	0	0	0	0	0	0	0	0	0	0	0	0	0	0	0	0	0	0	0	0	0	0	0	0	0	0	0	0	0	0	
416728	Frontal_Sup_Medial_L	124	0	45566	10674	4460	0	17690	0	210	0	2562	106	5044	332	578	0	1034	0	12992	2512	0	0	0	21822	1960	500	1922	0	6958	368	25430	14464	14768	9102	0	0	0	0	0	0	0	0	0	0	0	0	0	0	0	0	0	0	0	0	0	0	0	0	0	0	0	0	0	0	0	0	0	0	0	0	1964	2864	1558	510	0	94	0	0	0	0	96	0	0	0	0	0	0	0	100	0	0	0	0	0	0	0	0	0	0	0	0	0	0	0	0	0	0	0	0	0	0	0	0	0	0	0	
389992	Frontal_Sup_Medial_R	292	170	6656	40384	1090	1634	1462	3912	162	562	202	352	304	1606	714	1062	1232	0	2586	4504	2080	2498	21822	0	1528	8704	1164	5616	2272	1262	6688	25976	1290	10164	0	0	0	120	0	0	0	0	0	0	0	0	0	0	0	0	0	0	0	0	0	92	130	0	0	0	0	0	0	0	0	0	0	0	0	0	4698	15920	2324	9098	0	2002	234	224	0	0	114	0	0	0	0	0	0	0	90	0	0	0	0	0	0	0	0	0	0	0	0	0	0	0	0	0	0	0	0	0	0	0	0	0	0	0	
41916	Frontal_Med_Orb_L	0	0	1678	394	3622	612	0	0	142	0	0	0	0	0	0	0	0	0	0	0	0	0	1960	1528	0	3292	2908	1042	0	0	2830	680	0	0	0	0	0	0	0	0	0	0	0	0	0	0	0	0	0	0	0	0	0	0	0	0	0	0	0	0	0	0	0	0	0	0	0	0	0	0	106	164	0	0	0	0	0	0	0	0	0	0	0	0	0	0	0	0	0	0	0	0	0	0	0	0	0	0	0	0	0	0	0	0	0	0	0	0	0	0	0	0	0	0	0	0	
126588	Frontal_Med_Orb_R	0	0	390	5744	1090	5336	0	0	168	92	0	0	0	0	586	0	0	0	0	0	2268	3092	500	8704	3292	0	1684	12300	114	0	1980	5654	0	0	0	0	0	0	0	0	0	0	0	0	0	0	0	0	0	0	0	0	0	0	0	0	0	0	0	0	0	0	0	0	0	0	0	0	0	0	2880	4314	1680	1426	0	0	0	0	0	0	0	0	0	0	0	0	0	0	0	0	0	0	0	0	0	0	0	0	0	0	0	0	0	0	0	0	0	0	0	0	0	0	0	0	0	0	
134316	Rectus_L	0	0	5530	1076	13400	1340	864	0	1632	0	0	0	448	0	3950	0	0	0	0	0	5658	4032	1922	1164	2908	1684	0	2952	1464	0	4936	988	0	0	0	0	0	0	0	0	0	0	0	0	0	0	0	0	0	0	0	0	0	0	0	0	0	0	0	0	0	0	0	0	0	0	0	0	0	0	5866	2768	1866	612	0	98	0	0	0	0	0	0	0	0	0	0	0	0	0	0	0	0	0	0	0	0	0	0	0	0	0	0	0	0	0	0	0	0	0	0	0	0	0	0	0	0	
162948	Rectus_R	0	0	618	4638	2144	9992	190	0	332	150	0	0	100	0	1472	194	0	0	0	0	4954	7534	0	5616	1042	12300	2952	0	478	284	1836	4784	0	0	0	0	0	0	0	0	130	0	0	0	0	0	0	0	0	0	0	0	0	0	0	0	0	0	0	0	0	0	0	0	0	0	0	0	0	0	5384	7074	2292	4400	0	584	0	0	0	0	0	0	0	0	0	0	0	0	0	0	0	0	0	0	0	0	0	0	0	0	0	0	0	0	0	0	0	0	0	0	0	0	0	0	0	0	
686576	Insula_L	8696	530	27822	3478	3122	292	31810	552	1556	0	21282	756	33620	430	16176	0	21102	358	19750	1952	3240	918	6958	2272	0	114	1464	478	0	958	9280	5452	5878	4156	670	388	11592	312	666	284	2766	0	0	0	0	0	0	0	372	0	498	0	0	0	3644	300	3362	0	0	0	186	0	216	0	616	142	0	0	284	0	13602	7176	21352	766	0	94	2186	0	4294	0	11988	0	4112	0	6908	0	0	0	10060	0	0	0	0	0	0	0	0	0	0	0	0	0	0	0	0	0	0	0	0	0	0	0	0	0	0	0	
331640	Insula_R	272	606	1196	8140	0	290	1432	3108	0	1218	0	18180	148	14598	0	6870	362	12314	1476	5314	94	1536	368	1262	0	0	0	284	958	0	778	5156	308	4232	0	382	0	6752	0	1984	0	2162	0	0	0	0	0	0	0	0	0	96	0	0	0	5734	148	696	0	0	0	0	0	122	0	234	0	346	0	0	3374	4704	1240	22546	0	432	204	1092	0	4832	0	7756	0	1190	0	4168	0	0	0	5126	0	0	0	0	0	0	0	0	0	0	0	0	0	0	0	0	0	0	0	0	0	0	0	0	0	0	
458456	Cingulum_Ant_L	3584	148	23216	3734	5832	978	19862	146	252	0	4256	398	5448	484	1568	0	908	0	6538	1582	2054	2676	25430	6688	2830	1980	4936	1836	9280	778	0	19884	25364	4022	0	0	378	0	0	0	262	0	0	0	0	0	0	0	0	0	0	0	0	0	0	0	522	0	0	0	1258	0	1620	0	0	0	0	0	0	0	14762	6982	14218	1794	0	276	0	0	0	0	228	0	104	0	0	0	0	0	132	0	0	0	0	0	0	0	0	0	0	0	0	0	0	0	0	0	0	0	0	0	0	0	0	0	0	0	
475412	Cingulum_Ant_R	788	356	5120	25214	422	1622	2590	794	0	872	566	2436	628	3728	478	1510	2406	0	2406	9554	1768	3212	14464	25976	680	5654	988	4784	5452	5156	19884	0	3738	16736	0	0	136	330	0	124	200	0	0	0	0	0	0	0	0	0	0	0	0	0	0	256	540	0	0	0	0	0	0	0	0	0	0	0	100	0	10890	26454	7246	16312	0	3586	274	498	0	0	298	0	0	0	236	0	0	0	244	0	0	0	0	0	0	0	0	0	0	0	0	0	0	0	0	0	0	0	0	0	0	0	0	0	0	0	
308244	Cingulum_Mid_L	3404	118	14264	1230	0	0	16554	106	0	0	3236	244	4584	140	732	0	234	0	14920	6268	0	0	14768	1290	0	0	0	0	5878	308	25364	3738	0	12722	3354	1066	150	0	0	0	0	0	366	0	1532	0	0	0	408	0	158	0	0	0	0	0	538	874	168	0	1292	0	1612	0	0	0	2196	644	2146	1758	1842	2116	1120	334	0	180	0	0	0	0	166	0	0	0	0	0	0	0	0	0	0	0	0	0	0	0	0	0	0	0	0	0	0	0	0	0	0	0	0	0	0	0	0	0	0	0	
470864	Cingulum_Mid_R	4272	682	2328	21062	0	0	1668	2488	0	0	330	3810	332	4098	218	166	2212	190	14944	43344	0	0	9102	10164	0	0	0	0	4156	4232	4022	16736	12722	0	1724	5416	0	330	0	148	0	0	0	0	0	750	0	0	100	696	0	0	0	0	0	268	2094	6184	0	0	0	0	0	0	0	0	434	4070	11564	15210	4072	8896	2594	5864	0	492	194	286	0	0	250	0	0	0	260	0	0	0	258	0	0	0	0	0	0	0	0	0	0	0	0	0	0	0	0	0	0	0	0	0	0	0	0	0	0	0	
135796	Cingulum_Post_L	1854	272	0	226	0	0	0	0	0	0	0	0	0	0	0	0	294	0	0	536	0	0	0	0	0	0	0	0	670	0	0	0	3354	1724	0	11394	4886	3956	1924	1748	0	0	2028	0	1090	0	2274	176	504	0	404	0	750	170	1968	2316	2766	1814	0	0	310	0	0	0	1326	0	5328	872	2826	1384	0	0	0	0	0	0	342	810	260	166	318	146	0	0	1554	286	0	0	2250	622	0	0	0	0	0	0	0	0	0	0	0	0	0	0	0	0	0	0	0	0	0	0	0	0	0	0	
167648	Cingulum_Post_R	798	678	0	442	0	0	0	0	0	0	0	200	0	0	0	0	168	346	0	2032	0	0	0	0	0	0	0	0	388	382	0	0	1066	5416	11394	0	2344	6898	778	2156	0	0	0	526	0	570	738	782	0	418	0	104	174	1494	726	6188	698	7910	0	0	0	0	0	118	306	0	832	15056	792	5064	114	0	0	0	0	0	100	254	0	186	170	430	0	0	338	1534	0	0	636	1714	0	0	0	0	0	0	0	0	0	0	0	0	0	0	0	0	0	0	0	0	366	0	0	0	0	0	
221452	Hippocampus_L	4738	208	2236	0	0	0	1318	0	0	0	718	0	374	0	0	0	468	0	3858	0	182	0	0	0	0	0	0	0	11592	0	378	136	150	0	4886	2344	0	1954	9162	128	8628	0	1054	0	0	0	2780	108	0	0	0	0	570	0	13440	0	372	0	0	0	104	0	114	0	94	0	2222	230	1650	0	682	174	7222	0	594	0	6216	1152	1426	0	1468	0	1872	0	1910	0	170	0	10964	0	188	0	0	0	0	0	314	0	178	0	0	0	0	0	0	0	0	0	0	0	0	0	0	0	0	0	
297892	Hippocampus_R	530	2098	0	1140	0	0	0	272	0	0	0	1196	0	320	0	0	140	1278	0	826	0	0	0	120	0	0	0	0	312	6752	0	330	0	330	3956	6898	1954	0	578	22024	0	13250	104	630	0	122	636	2214	0	166	0	196	98	3090	354	34382	164	2656	0	0	0	0	0	0	98	0	620	3988	396	514	326	324	140	14064	0	296	296	3094	0	1080	90	708	0	2074	100	1440	0	1094	158	8474	0	0	0	0	0	0	0	126	0	0	0	0	0	0	0	0	0	0	0	0	198	132	0	0	0	0	
74808	ParaHippocampal_L	100	0	0	0	0	0	0	0	0	0	0	0	0	0	0	0	0	0	108	0	850	0	0	0	0	0	0	0	666	0	0	0	0	0	1924	778	9162	578	0	0	3044	0	1268	0	0	0	2718	0	0	0	428	0	1188	0	6898	0	0	0	0	0	0	0	0	0	0	0	1568	168	0	0	0	0	318	0	0	0	842	102	0	0	0	0	298	0	0	0	0	0	692	0	816	0	110	0	0	0	1434	0	1254	0	92	0	0	0	0	0	0	0	0	0	0	0	0	0	0	0	
161764	ParaHippocampal_R	416	374	0	474	0	0	0	100	0	0	0	506	0	116	0	0	136	668	0	294	0	136	0	0	0	0	0	0	284	1984	0	124	0	148	1748	2156	128	22024	0	0	0	6654	0	838	0	0	0	3042	0	0	0	140	92	2908	316	20232	114	772	0	0	0	0	0	0	0	0	0	1072	306	170	90	220	0	5942	0	220	134	902	0	202	90	0	0	1108	0	266	0	914	134	1514	0	0	0	0	0	0	0	216	0	0	0	0	0	0	0	0	0	0	0	0	174	284	0	0	0	0	
53588	Amygdala_L	106	0	0	0	0	0	0	0	0	0	0	0	0	0	112	0	0	0	0	0	1084	200	0	0	0	0	0	130	2766	0	262	200	0	0	0	0	8628	0	3044	0	0	0	0	0	0	0	0	0	0	0	0	0	0	0	4234	0	0	0	0	0	0	0	0	0	0	0	0	0	134	0	484	0	628	0	0	0	500	0	0	0	0	0	1078	0	518	0	200	0	2486	0	0	0	0	0	0	0	0	0	0	0	0	0	0	0	0	0	0	0	0	0	0	0	0	0	0	0	
82512	Amygdala_R	0	0	0	0	0	0	0	0	0	0	0	0	0	0	0	152	0	0	0	0	0	370	0	0	0	0	0	0	0	2162	0	0	0	0	0	0	0	13250	0	6654	0	0	0	0	0	0	0	0	0	0	0	0	0	0	0	5484	0	0	0	0	0	0	0	0	0	0	0	0	0	0	0	170	0	3662	0	0	0	562	0	0	0	0	0	2460	0	982	0	1658	0	3690	0	0	0	0	0	0	0	0	0	0	0	0	0	0	0	0	0	0	0	0	0	0	0	0	0	0	
268356	Calcarine_L	116	0	0	0	0	0	0	0	0	0	0	0	0	0	0	0	0	0	0	0	0	0	0	0	0	0	0	0	0	0	0	0	366	0	2028	0	1054	104	1268	0	0	0	0	8528	15730	4538	17428	1312	12026	3046	28064	872	11776	162	4062	196	1762	0	0	0	276	0	0	0	358	0	13038	436	1946	0	0	0	0	0	0	0	0	0	0	0	0	0	0	0	1974	0	0	0	722	0	132	94	0	0	0	0	0	236	0	236	0	0	0	0	0	0	0	0	0	0	292	0	0	0	0	0	
296008	Calcarine_R	0	284	0	0	0	0	0	0	0	0	0	0	0	0	0	0	0	0	0	0	0	0	0	0	0	0	0	0	0	0	0	0	0	0	0	526	0	630	0	838	0	0	8528	0	7232	26890	1072	14092	104	20940	0	16734	0	13286	0	6816	0	3862	0	0	0	108	0	0	0	0	644	19440	0	1300	0	340	0	0	0	0	0	166	0	0	0	0	0	0	0	1326	0	0	0	1880	0	156	0	0	0	0	0	0	0	350	0	0	0	0	0	0	0	0	0	0	358	102	0	0	0	0	
158520	Cuneus_L	238	0	0	0	0	0	0	0	0	0	0	0	0	0	0	0	0	0	0	0	0	0	0	0	0	0	0	0	0	0	0	0	1532	0	1090	0	0	0	0	0	0	0	15730	7232	0	7852	1398	0	15758	3290	7814	1422	442	0	90	0	730	0	510	0	246	0	0	0	224	0	10178	852	2454	0	0	0	0	0	0	0	0	0	0	0	0	0	0	0	178	0	0	0	0	0	0	0	0	0	0	0	0	0	0	0	0	0	0	0	0	0	0	0	0	0	0	0	0	0	0	0	
292284	Cuneus_R	0	354	0	0	0	0	0	0	0	0	0	0	0	0	0	0	0	0	0	0	0	0	0	0	0	0	0	0	0	0	0	0	0	750	0	570	0	122	0	0	0	0	4538	26890	7852	0	0	804	118	40316	0	17942	0	1720	0	202	0	5600	0	1966	0	538	0	0	0	568	6098	24522	0	1966	0	1164	0	0	0	0	0	656	0	0	0	0	0	0	0	354	0	0	0	346	0	0	0	0	0	0	0	0	0	0	0	0	0	0	0	0	0	0	0	0	186	0	0	0	0	0	
215216	Lingual_L	124	0	0	0	0	0	0	0	0	0	0	0	0	0	0	0	0	0	0	0	0	0	0	0	0	0	0	0	0	0	0	0	0	0	2274	738	2780	636	2718	0	0	0	17428	1072	1398	0	0	880	3636	100	18106	114	13954	0	14382	140	1616	0	0	0	0	0	0	0	0	0	8782	220	1258	0	0	0	0	0	0	0	134	0	0	0	0	0	0	0	838	0	0	0	184	0	1916	0	242	0	0	0	4608	0	5576	186	0	0	0	0	200	0	128	0	0	0	1008	232	0	0	0	0	
180712	Lingual_R	0	0	0	0	0	0	0	0	0	0	0	0	0	0	0	0	0	0	0	0	0	0	0	0	0	0	0	0	0	0	0	0	0	0	176	782	108	2214	0	3042	0	0	1312	14092	0	804	880	0	0	1200	0	1244	0	7892	0	17030	0	714	0	0	0	0	0	0	0	0	0	5912	0	274	0	0	0	0	0	0	0	172	0	0	0	0	0	0	0	248	0	0	0	322	1216	3762	500	298	0	0	560	3728	1810	8082	0	0	0	0	102	0	0	0	0	0	3886	7284	710	0	0	0	
234816	Occipital_Sup_L	2718	136	0	0	0	0	0	0	0	0	0	0	0	0	0	0	178	0	0	92	0	0	0	0	0	0	0	0	372	0	0	0	408	100	504	0	0	0	0	0	0	0	12026	104	15758	118	3636	0	0	0	34398	0	898	0	98	0	2070	0	13128	0	7818	0	0	0	6346	0	13192	180	1958	0	0	0	0	0	0	0	0	0	0	0	0	0	0	0	822	0	0	0	350	0	0	0	0	0	0	0	0	0	0	0	0	0	0	0	0	0	0	0	0	0	0	0	0	0	0	0	
331656	Occipital_Sup_R	0	432	0	376	0	0	0	0	0	0	0	0	0	0	0	0	0	160	0	282	0	0	0	0	0	0	0	0	0	0	0	0	0	696	0	418	0	166	0	0	0	0	3046	20940	3290	40316	100	1200	0	0	0	28988	0	1706	0	292	0	7670	0	7490	0	6186	0	228	0	8372	5284	22854	106	1600	94	1252	0	0	0	0	0	774	0	0	0	302	0	0	0	816	0	0	0	392	0	0	0	0	0	0	0	0	0	0	0	0	0	0	0	0	0	0	0	0	0	0	0	0	0	0	
459100	Occipital_Mid_L	3422	140	0	0	0	0	0	0	0	0	0	0	0	0	0	0	298	0	0	114	0	0	0	0	0	0	0	0	498	0	0	0	158	0	404	0	0	0	428	0	0	0	28064	0	7814	0	18106	0	34398	0	0	0	29726	0	5672	0	11442	0	12574	0	16442	0	0	0	18276	0	14694	0	7116	0	0	0	0	0	0	0	0	0	0	0	316	0	0	0	15884	0	0	0	3564	0	0	0	0	0	0	0	0	0	0	0	0	0	0	0	0	0	0	0	0	0	0	0	0	0	0	0	
261736	Occipital_Mid_R	0	182	0	102	0	0	0	0	0	0	0	0	0	0	0	0	0	0	0	94	0	0	0	0	0	0	0	0	0	96	0	0	0	0	0	104	0	196	0	140	0	0	872	16734	1422	17942	114	1244	0	28988	0	0	0	8388	0	776	0	3472	0	3864	0	1926	0	202	0	12390	2522	10924	0	702	0	220	0	0	0	0	0	138	0	0	0	1402	0	0	0	13572	0	0	0	2140	0	0	0	0	0	0	0	0	0	0	0	0	0	0	0	0	0	0	0	0	0	0	0	0	0	0	
191024	Occipital_Inf_L	652	0	0	0	0	0	0	0	0	0	0	0	0	0	0	0	0	0	0	0	0	0	0	0	0	0	0	0	0	0	0	0	0	0	750	174	570	98	1188	92	0	0	11776	0	442	0	13954	0	898	0	29726	0	0	0	12250	102	4760	0	128	0	0	0	0	0	386	0	6026	0	3482	0	0	0	0	0	0	0	0	0	0	0	134	0	0	0	3906	0	0	0	3064	0	954	0	0	0	0	0	0	0	0	0	0	0	0	0	0	0	0	0	0	0	0	0	0	0	0	0	
165936	Occipital_Inf_R	0	176	0	0	0	0	0	0	0	0	0	0	0	0	0	0	0	0	0	0	0	0	0	0	0	0	0	0	0	0	0	0	0	0	170	1494	0	3090	0	2908	0	0	162	13286	0	1720	0	7892	0	1706	0	8388	0	0	0	17026	0	2906	0	0	0	112	0	0	0	856	90	8166	0	590	0	152	0	0	0	0	0	192	0	0	0	98	0	0	0	3736	0	0	0	2466	554	618	244	0	0	0	0	0	456	1386	0	0	0	0	0	0	0	0	0	0	160	1784	384	0	0	0	
312924	Fusiform_L	680	0	286	0	0	0	0	0	0	0	0	0	0	0	0	0	218	0	920	0	0	0	0	0	0	0	0	0	3644	0	0	0	0	0	1968	726	13440	354	6898	316	4234	0	4062	0	90	0	14382	0	98	0	5672	0	12250	0	0	384	712	0	0	0	0	0	0	0	704	0	4318	0	492	0	0	0	2092	0	0	0	804	0	150	0	946	0	2656	0	4000	0	642	0	13396	0	16352	94	3620	0	0	0	9410	92	20508	102	1100	0	1372	0	442	0	0	0	0	0	1150	572	114	0	0	0	
434552	Fusiform_R	572	1266	0	904	0	0	0	198	0	0	0	800	0	180	0	0	140	1102	0	634	0	0	0	92	0	0	0	0	300	5734	0	256	0	268	2316	6188	0	34382	0	20232	0	5484	196	6816	0	202	140	17030	0	292	0	776	102	17026	384	0	248	3574	0	0	0	0	0	0	114	116	0	6542	378	564	236	274	0	7916	0	154	128	874	0	1064	90	1770	0	1458	100	2296	0	1132	160	11616	1348	12098	586	1726	0	0	0	5608	1618	16502	0	0	0	732	0	182	0	0	0	0	2686	8450	924	0	0	0	
389236	Postcentral_L	29394	2912	1900	752	0	0	2298	196	0	0	4682	124	1400	0	0	0	9216	0	4924	1080	0	0	0	130	0	0	0	0	3362	148	522	540	538	2094	2766	698	372	164	0	114	0	0	1762	0	730	0	1616	0	2070	0	11442	0	4760	0	712	248	0	3078	7548	0	21494	0	13418	0	5072	0	9636	98	16544	1550	464	1094	204	500	0	0	422	0	1676	0	3872	0	0	0	7906	0	0	0	6116	260	0	0	0	0	0	0	0	0	0	0	0	0	0	0	0	0	0	0	0	0	0	0	0	0	0	0	
283588	Postcentral_R	522	10806	104	408	0	0	146	204	0	0	0	966	0	0	0	0	0	1946	0	2912	0	0	0	0	0	0	0	0	0	696	0	0	874	6184	1814	7910	0	2656	0	772	0	0	0	3862	0	5600	0	714	0	7670	0	3472	0	2906	0	3574	3078	0	0	6962	0	7114	0	11064	114	3678	1496	19634	3738	11732	348	894	0	210	0	0	202	462	0	272	0	590	0	0	104	1348	0	0	218	1444	0	0	0	0	0	0	0	0	0	0	0	0	0	0	0	0	0	0	0	0	374	0	0	0	0	0	
132612	Parietal_Sup_L	978	372	0	0	0	0	0	0	0	0	0	0	0	0	0	0	0	0	0	0	0	0	0	0	0	0	0	0	0	0	0	0	168	0	0	0	0	0	0	0	0	0	0	0	510	0	0	0	13128	0	12574	0	128	0	0	0	7548	0	0	0	12502	0	0	0	3668	0	12394	0	2004	0	0	0	0	0	0	0	92	0	0	0	0	0	0	0	140	0	0	0	100	0	0	0	0	0	0	0	0	0	0	0	0	0	0	0	0	0	0	0	0	0	0	0	0	0	0	0	
92328	Parietal_Sup_R	242	240	0	0	0	0	0	0	0	0	0	0	0	0	0	0	0	0	0	146	0	0	0	0	0	0	0	0	0	0	0	0	0	0	0	0	0	0	0	0	0	0	0	0	0	1966	0	0	0	7490	0	3864	0	0	0	0	0	6962	0	0	0	6608	0	1462	0	6264	1172	8258	282	522	118	248	0	0	0	0	158	162	0	0	0	0	0	0	0	0	0	0	0	0	0	0	0	0	0	0	0	0	0	0	0	0	0	0	0	0	0	0	0	0	0	0	0	0	0	0	
257332	Parietal_Inf_L	6284	1172	1106	0	0	0	2862	0	0	0	666	0	0	0	0	0	648	0	962	278	0	0	0	0	0	0	0	0	186	0	1258	0	1292	0	310	0	104	0	0	0	0	0	276	0	246	0	0	0	7818	0	16442	0	0	0	0	0	21494	0	12502	0	0	0	17596	0	19218	0	3856	0	2218	0	0	138	0	0	0	0	176	0	0	0	1092	0	0	0	5288	0	0	0	3178	0	0	0	0	0	0	0	0	0	0	0	0	0	0	0	0	0	0	0	0	0	0	0	0	0	0	0	
113992	Parietal_Inf_R	326	834	0	566	0	0	104	140	0	0	0	90	0	0	0	0	0	174	0	724	0	0	0	0	0	0	0	0	0	0	0	0	0	0	0	0	0	0	0	0	0	0	0	108	0	538	0	0	0	6186	0	1926	0	112	0	0	0	7114	0	6608	0	0	0	8158	0	18634	324	2280	388	288	328	314	0	0	0	0	196	182	0	0	0	166	0	0	0	188	0	0	0	0	0	0	0	0	0	0	0	0	0	0	0	0	0	0	0	0	0	0	0	0	0	0	0	0	0	0	
119240	SupraMarginal_L	4770	492	908	0	0	0	2128	0	0	0	1228	0	0	0	0	0	1648	0	1012	242	0	0	0	0	0	0	0	0	216	0	1620	0	1612	0	0	0	114	0	0	0	0	0	0	0	0	0	0	0	0	0	0	0	0	0	0	0	13418	0	0	0	17596	0	0	0	3260	0	0	0	0	0	0	110	0	0	0	0	0	0	0	0	5914	0	0	0	2574	0	0	0	758	0	0	0	0	0	0	0	0	0	0	0	0	0	0	0	0	0	0	0	0	0	0	0	0	0	0	0	
96828	SupraMarginal_R	262	904	98	172	0	0	136	136	0	0	0	188	0	0	0	0	0	2336	0	730	0	0	0	0	0	0	0	0	0	122	0	0	0	0	0	118	0	0	0	0	0	0	0	0	0	0	0	0	0	228	0	202	0	0	0	0	0	11064	0	1462	0	8158	0	0	0	7904	0	126	272	108	306	136	0	0	0	0	152	0	0	114	0	7210	0	0	0	4336	0	0	0	1434	0	0	0	0	0	0	0	0	0	0	0	0	0	0	0	0	0	0	0	0	0	0	0	0	0	0	
211328	Angular_L	3248	292	358	0	0	0	634	0	0	0	102	0	0	0	0	0	852	0	240	114	0	0	0	0	0	0	0	0	616	0	0	0	0	0	1326	306	94	98	0	0	0	0	358	0	224	0	0	0	6346	0	18276	0	386	0	704	114	5072	114	3668	0	19218	0	3260	0	0	0	2800	0	2146	0	0	0	0	0	0	0	0	0	142	0	3322	0	0	0	17810	0	0	0	13424	0	0	0	0	0	0	0	0	0	0	0	0	0	0	0	0	0	0	0	0	0	0	0	0	0	0	0	
167268	Angular_R	196	960	270	814	0	0	344	180	0	0	0	354	0	0	0	0	0	362	0	1302	0	0	0	0	0	0	0	0	142	234	0	0	0	0	0	0	0	0	0	0	0	0	0	0	0	568	0	0	0	8372	0	12390	0	856	0	116	0	3678	0	6264	0	18634	0	7904	0	0	338	2226	248	424	924	358	140	0	0	0	116	152	0	0	0	3056	0	0	0	10172	0	0	0	1540	0	0	0	0	0	0	0	0	0	0	0	0	0	0	0	0	0	0	0	0	0	0	0	0	0	0	
308836	Precuneus_L	626	136	0	0	0	0	0	0	0	0	0	0	0	0	0	0	0	0	0	0	0	0	0	0	0	0	0	0	0	0	0	0	2196	434	5328	832	2222	620	1568	0	0	0	13038	644	10178	6098	8782	0	13192	5284	14694	2522	6026	90	4318	0	9636	1496	12394	1172	3856	324	0	0	2800	338	0	8852	10878	356	0	178	0	0	0	0	0	320	0	0	0	0	0	0	1742	140	0	0	830	106	172	0	0	0	0	0	0	0	0	0	0	0	0	0	0	0	0	0	0	0	0	0	0	0	0	0	
378032	Precuneus_R	130	1012	0	244	0	0	0	0	0	0	0	208	0	0	0	0	0	330	0	834	0	0	0	0	0	0	0	0	0	346	0	0	644	4070	872	15056	230	3988	168	1072	0	0	436	19440	852	24522	220	5912	180	22854	0	10924	0	8166	0	6542	98	19634	0	8258	0	2280	0	126	0	2226	8852	0	280	7904	118	1466	0	0	0	0	0	904	0	0	0	264	0	0	0	2168	0	0	0	3602	0	0	0	0	0	0	0	0	0	0	0	0	0	0	0	0	0	0	0	0	1584	0	0	0	0	0	
308344	Paracentral_Lobule_L	16244	5744	1722	746	0	0	638	0	0	0	0	0	0	0	0	0	92	0	4840	12288	0	0	0	0	0	0	0	0	284	0	0	100	2146	11564	2826	792	1650	396	0	306	134	0	1946	0	2454	0	1258	0	1958	106	7116	0	3482	0	492	378	16544	3738	2004	282	2218	388	0	272	2146	248	10878	280	0	8784	3454	1242	1402	192	1696	0	8962	476	154	0	244	0	0	0	3840	100	0	0	2926	0	0	0	0	0	0	0	0	0	0	0	0	0	0	0	0	0	0	0	0	0	0	0	0	0	0	0	
158556	Paracentral_Lobule_R	1526	1966	0	0	0	0	0	0	0	0	0	0	0	0	0	0	0	0	1252	10432	0	0	0	0	0	0	0	0	0	0	0	0	1758	15210	1384	5064	0	514	0	170	0	0	0	1300	0	1966	0	274	0	1600	0	702	0	590	0	564	1550	11732	0	522	0	288	0	108	0	424	356	7904	8784	0	216	544	0	0	0	0	254	144	0	0	0	0	0	0	0	0	0	0	0	180	0	0	0	0	0	0	0	0	0	0	0	0	0	0	0	0	0	0	0	0	0	0	0	0	0	0	
524288	Caudate_L	1616	2912	12538	8704	5996	2464	11902	1230	786	396	1848	2592	2808	838	4694	368	1438	1122	6984	4802	9194	11312	1964	4698	106	2880	5866	5384	13602	3374	14762	10890	1842	4072	0	114	682	326	0	90	484	0	0	0	0	0	0	0	0	94	0	0	0	0	0	236	464	348	0	118	0	328	0	306	0	924	0	118	3454	216	0	27936	35674	6948	2136	1120	12058	1032	0	154	118	0	276	0	0	298	0	0	108	0	0	0	0	0	0	0	0	0	0	0	0	0	0	0	0	0	0	0	0	0	0	0	0	0	0	0	
611884	Caudate_R	2090	11140	3398	24062	3406	3652	2492	1140	474	3128	542	1122	542	1346	2334	5938	3230	3466	1522	10346	4220	10380	2864	15920	164	4314	2768	7074	7176	4704	6982	26454	2116	8896	0	0	174	324	0	220	0	170	0	340	0	1164	0	0	0	1252	0	220	0	152	0	274	1094	894	0	248	138	314	110	136	0	358	178	1466	1242	544	27936	0	12586	36294	286	6546	2792	16890	0	940	414	146	0	0	340	0	0	0	358	0	0	0	0	0	0	0	0	0	0	0	0	0	0	0	0	0	0	0	0	0	0	0	0	0	0	0	
411844	Putamen_L	4272	1716	13456	3538	2090	902	12772	770	302	0	1418	812	3120	584	2112	0	356	456	11818	2888	3308	6280	1558	2324	0	1680	1866	2292	21352	1240	14218	7246	1120	2594	0	0	7222	140	318	0	628	0	0	0	0	0	0	0	0	0	0	0	0	0	2092	0	204	0	0	0	0	0	0	0	0	140	0	0	1402	0	35674	12586	0	3516	4682	328	3156	0	0	0	336	0	714	0	610	0	0	0	1714	0	0	0	0	0	0	0	0	0	0	0	0	0	0	0	0	0	0	0	0	0	0	0	0	0	0	0	
442712	Putamen_R	574	1242	882	16578	708	3232	728	2118	0	4668	0	3788	0	2058	476	7450	112	4680	1802	10416	1370	3824	510	9098	0	1426	612	4400	766	22546	1794	16312	334	5864	0	0	0	14064	0	5942	0	3662	0	0	0	0	0	0	0	0	0	0	0	0	0	7916	500	210	0	0	0	0	0	0	0	0	0	0	192	0	6948	36294	3516	0	0	6874	172	1058	0	1006	0	396	0	456	0	276	0	0	0	1506	0	0	0	0	0	0	0	0	0	0	0	0	0	0	0	0	0	0	0	0	0	0	0	0	0	0	
34648	Pallidum_L	1060	438	1388	140	0	0	2040	0	0	0	0	0	0	0	0	0	0	0	432	200	0	0	0	0	0	0	0	0	0	0	0	0	0	0	0	0	594	0	0	0	0	0	0	0	0	0	0	0	0	0	0	0	0	0	0	0	0	0	0	0	0	0	0	0	0	0	0	0	1696	0	2136	286	4682	0	0	0	2232	0	0	0	0	0	0	0	0	0	0	0	0	0	0	0	0	0	0	0	0	0	0	0	0	0	0	0	0	0	0	0	0	0	0	0	0	0	0	0	
61240	Pallidum_R	0	488	106	2134	104	420	0	252	0	586	0	188	0	0	0	994	0	208	110	1148	198	308	94	2002	0	0	98	584	94	432	276	3586	180	492	0	0	0	296	0	220	0	0	0	0	0	0	0	0	0	0	0	0	0	0	0	154	0	0	0	0	0	0	0	0	0	0	0	0	0	0	1120	6546	328	6874	0	0	0	0	0	0	0	0	0	0	0	0	0	0	0	0	0	0	0	0	0	0	0	0	0	0	0	0	0	0	0	0	0	0	0	0	0	0	0	0	0	0	
134112	Thalamus_L	12082	1022	722	434	0	0	1092	0	0	0	0	148	0	0	0	0	174	0	416	388	0	0	0	234	0	0	0	0	2186	204	0	274	0	194	342	100	6216	296	842	134	500	0	0	0	0	0	134	0	0	0	0	0	0	0	804	128	422	202	92	158	176	196	0	152	0	116	0	0	8962	254	12058	2792	3156	172	2232	0	0	2804	1724	0	468	0	0	0	368	0	0	0	1486	0	0	0	0	0	0	0	0	0	0	0	0	0	0	0	0	0	0	0	0	0	0	0	0	0	0	0	
103600	Thalamus_R	674	11940	0	1306	0	0	0	334	0	0	0	148	0	0	0	128	0	0	0	338	0	130	0	224	0	0	0	0	0	1092	0	498	0	286	810	254	1152	3094	102	902	0	562	0	166	0	656	0	172	0	774	0	138	0	192	0	874	0	462	0	162	0	182	0	0	0	152	320	904	476	144	1032	16890	0	1058	0	0	2804	0	0	154	0	114	0	0	0	0	0	0	0	0	0	0	0	0	0	0	0	0	0	0	0	0	0	0	0	0	0	0	0	0	0	0	0	0	0	0	
54308	Heschl_L	2528	0	352	0	0	0	410	0	0	0	234	0	0	0	0	0	3332	0	1096	0	0	0	0	0	0	0	0	0	4294	0	0	0	0	0	260	0	1426	0	0	0	0	0	0	0	0	0	0	0	0	0	0	0	0	0	150	0	1676	0	0	0	0	0	0	0	142	0	0	0	154	0	0	0	0	0	0	0	1724	0	0	0	3742	0	0	0	2078	0	0	0	3556	0	0	0	0	0	0	0	0	0	0	0	0	0	0	0	0	0	0	0	0	0	0	0	0	0	0	0	
53752	Heschl_R	0	112	0	0	0	0	0	0	0	0	0	0	0	0	0	0	0	6656	0	0	0	0	0	0	0	0	0	0	0	4832	0	0	0	0	166	186	0	1080	0	202	0	0	0	0	0	0	0	0	0	0	0	0	0	0	0	1064	0	272	0	0	0	0	0	114	0	0	0	0	0	0	154	940	0	1006	0	0	0	154	0	0	0	6712	0	0	0	2128	0	0	0	1098	0	0	0	0	0	0	0	0	0	0	0	0	0	0	0	0	0	0	0	0	0	0	0	0	0	0	
206668	Temporal_Sup_L	2854	0	730	224	0	0	162	0	0	0	1592	0	470	0	0	0	9894	0	2236	108	0	0	96	114	0	0	0	0	11988	0	228	298	166	250	318	170	1468	90	0	90	0	0	0	0	0	0	0	0	0	0	316	0	134	0	946	90	3872	0	0	0	1092	0	5914	0	3322	0	0	0	244	0	118	414	336	0	0	0	468	0	3742	0	0	0	2170	0	27882	0	0	0	18728	0	0	0	0	0	0	0	0	0	0	0	0	0	0	0	0	0	0	0	0	0	0	0	0	0	0	0	
148736	Temporal_Sup_R	0	0	0	0	0	0	0	0	0	0	0	0	0	0	0	0	0	5538	0	0	0	0	0	0	0	0	0	0	0	7756	0	0	0	0	146	430	0	708	0	0	0	0	0	0	0	0	0	0	0	302	0	1402	0	98	0	1770	0	590	0	0	0	166	0	7210	0	3056	0	264	0	0	0	146	0	396	0	0	0	114	0	6712	0	0	0	1392	0	26464	0	460	0	9248	0	0	0	0	0	0	0	0	0	0	0	0	0	0	0	0	0	0	0	0	0	0	0	0	0	0	
82804	Temporal_Pole_Sup_L	102	0	816	0	276	0	960	0	116	0	2188	0	1612	0	1484	0	1136	0	538	0	646	0	0	0	0	0	0	0	4112	0	104	0	0	0	0	0	1872	0	298	0	1078	0	0	0	0	0	0	0	0	0	0	0	0	0	2656	0	0	0	0	0	0	0	0	0	0	0	0	0	0	0	276	0	714	0	0	0	0	0	0	0	2170	0	0	0	7948	0	2638	0	7662	0	0	0	0	0	0	0	0	0	0	0	0	0	0	0	0	0	0	0	0	0	0	0	0	0	0	0	
38988	Temporal_Pole_Sup_R	0	0	0	0	0	0	0	0	0	0	0	238	0	0	0	0	0	216	0	0	0	0	0	0	0	0	0	0	0	1190	0	0	0	0	0	0	0	2074	0	1108	0	2460	0	0	0	0	0	0	0	0	0	0	0	0	0	1458	0	0	0	0	0	0	0	0	0	0	0	0	0	0	0	0	0	456	0	0	0	0	0	0	0	1392	0	0	0	2578	0	3310	0	3014	0	0	0	0	0	0	0	0	0	0	0	0	0	0	0	0	0	0	0	0	0	0	0	0	0	0	
364264	Temporal_Mid_L	3382	0	294	170	0	0	336	0	0	0	230	0	0	0	0	0	3174	0	568	184	0	0	0	0	0	0	0	0	6908	0	0	236	0	260	1554	338	1910	100	0	0	518	0	1974	0	178	0	838	0	822	0	15884	0	3906	0	4000	100	7906	104	140	0	5288	0	2574	0	17810	0	1742	0	3840	0	0	340	610	0	0	0	368	0	2078	0	27882	0	7948	0	0	0	3972	0	51666	0	0	0	0	0	0	0	0	0	0	0	0	0	0	0	0	0	0	0	0	0	0	0	0	0	0	0	
232972	Temporal_Mid_R	138	220	0	254	0	0	138	180	0	0	0	96	0	0	0	0	0	876	0	548	0	0	0	0	0	0	0	0	0	4168	0	0	0	0	286	1534	0	1440	0	266	0	982	0	1326	0	354	0	248	0	816	0	13572	0	3736	0	2296	0	1348	0	0	0	188	0	4336	0	10172	140	2168	100	0	298	0	0	276	0	0	0	0	0	2128	0	26464	0	2578	0	0	0	2556	0	30260	0	0	0	0	0	0	0	0	0	0	0	0	0	0	0	0	0	0	0	0	0	0	0	0	0	0	
23488	Temporal_Pole_Mid_L	0	0	0	0	0	0	0	0	0	0	0	0	0	0	0	0	0	0	0	0	0	0	0	0	0	0	0	0	0	0	0	0	0	0	0	0	170	0	0	0	200	0	0	0	0	0	0	0	0	0	0	0	0	0	642	0	0	0	0	0	0	0	0	0	0	0	0	0	0	0	0	0	0	0	0	0	0	0	0	0	0	0	2638	0	3972	0	0	0	4122	0	0	0	0	0	0	0	0	0	0	0	0	0	0	0	0	0	0	0	0	0	0	0	0	0	0	0	
28520	Temporal_Pole_Mid_R	0	0	0	0	0	0	0	0	0	0	0	0	0	0	0	0	0	0	0	0	0	0	0	0	0	0	0	0	0	0	0	0	0	0	0	0	0	1094	0	914	0	1658	0	0	0	0	0	0	0	0	0	0	0	0	0	1132	0	0	0	0	0	0	0	0	0	0	0	0	0	0	0	0	0	0	0	0	0	0	0	0	0	460	0	3310	0	2556	0	0	0	3136	0	0	0	0	0	0	0	0	0	0	0	0	0	0	0	0	0	0	0	0	0	0	0	0	0	0	
360516	Temporal_Inf_L	4286	112	646	220	0	0	430	0	0	0	132	0	0	0	0	0	3728	0	1320	204	0	0	100	90	0	0	0	0	10060	0	132	244	0	258	2250	636	10964	158	692	134	2486	0	722	0	0	0	184	0	350	0	3564	0	3064	0	13396	160	6116	218	100	0	3178	0	758	0	13424	0	830	0	2926	0	108	358	1714	0	0	0	1486	0	3556	0	18728	0	7662	0	51666	0	4122	0	0	0	1694	0	400	0	0	0	0	0	176	0	148	0	168	0	0	0	0	0	0	0	0	0	0	0	0	0	
197308	Temporal_Inf_R	232	340	0	230	0	0	0	0	0	0	0	0	0	0	0	0	0	478	0	244	0	0	0	0	0	0	0	0	0	5126	0	0	0	0	622	1714	0	8474	0	1514	0	3690	0	1880	0	346	0	322	0	392	0	2140	0	2466	0	11616	260	1444	0	0	0	0	0	1434	0	1540	106	3602	0	180	0	0	0	1506	0	0	0	0	0	1098	0	9248	0	3014	0	30260	0	3136	0	0	0	0	0	0	0	0	0	0	0	0	0	0	0	0	0	0	0	0	0	0	0	0	0	0	0	0	
297312	Cerebelum_Crus1_L	0	0	0	0	0	0	0	0	0	0	0	0	0	0	0	0	0	0	0	0	0	0	0	0	0	0	0	0	0	0	0	0	0	0	0	0	188	0	816	0	0	0	132	0	0	0	1916	1216	0	0	0	0	954	554	16352	1348	0	0	0	0	0	0	0	0	0	0	172	0	0	0	0	0	0	0	0	0	0	0	0	0	0	0	0	0	0	0	0	0	1694	0	0	1706	29340	1888	0	0	10278	0	38594	1660	10064	0	12496	1284	4600	848	202	0	0	0	808	3272	4734	462	710	368	
336296	Cerebelum_Crus1_R	0	0	0	0	0	0	0	0	0	0	0	0	0	0	0	0	0	0	0	0	0	0	0	0	0	0	0	0	0	0	0	0	0	0	0	0	0	0	0	0	0	0	94	156	0	0	0	3762	0	0	0	0	0	618	94	12098	0	0	0	0	0	0	0	0	0	0	0	0	0	0	0	0	0	0	0	0	0	0	0	0	0	0	0	0	0	0	0	0	0	0	1706	0	1250	30218	0	1974	384	10166	1856	43236	234	4064	286	20798	284	7270	0	124	342	442	2472	10946	8334	2492	2164	284	
305532	Cerebelum_Crus2_L	0	0	0	0	0	0	0	0	0	0	0	0	0	0	0	0	0	0	0	0	0	0	0	0	0	0	0	0	0	0	0	0	0	0	0	0	0	0	110	0	0	0	0	0	0	0	242	500	0	0	0	0	0	244	3620	586	0	0	0	0	0	0	0	0	0	0	0	0	0	0	0	0	0	0	0	0	0	0	0	0	0	0	0	0	0	0	0	0	400	0	29340	1250	0	8474	0	0	2448	0	10618	698	35232	5030	26436	7150	4558	1774	384	0	0	0	96	1148	9592	2570	144	122	
307876	Cerebelum_Crus2_R	0	0	0	0	0	0	0	0	0	0	0	0	0	0	0	0	0	0	0	0	0	0	0	0	0	0	0	0	0	0	0	0	0	0	0	0	0	0	0	0	0	0	0	0	0	0	0	298	0	0	0	0	0	0	0	1726	0	0	0	0	0	0	0	0	0	0	0	0	0	0	0	0	0	0	0	0	0	0	0	0	0	0	0	0	0	0	0	0	0	0	1888	30218	8474	0	0	464	122	3576	418	10024	6502	21192	4182	38008	488	10656	0	456	0	0	400	1072	10558	2526	690	0	
5764	Cerebelum_3_L	0	0	0	0	0	0	0	0	0	0	0	0	0	0	0	0	0	0	0	0	0	0	0	0	0	0	0	0	0	0	0	0	0	0	0	0	0	0	0	0	0	0	0	0	0	0	0	0	0	0	0	0	0	0	0	0	0	0	0	0	0	0	0	0	0	0	0	0	0	0	0	0	0	0	0	0	0	0	0	0	0	0	0	0	0	0	0	0	0	0	0	0	0	0	0	0	1692	0	390	0	0	0	0	0	0	0	0	0	262	184	354	0	0	0	0	0	
30772	Cerebelum_3_R	0	0	0	0	0	0	0	0	0	0	0	0	0	0	0	0	0	0	0	0	0	0	0	0	0	0	0	0	0	0	0	0	0	0	0	0	0	0	0	0	0	0	0	0	0	0	0	0	0	0	0	0	0	0	0	0	0	0	0	0	0	0	0	0	0	0	0	0	0	0	0	0	0	0	0	0	0	0	0	0	0	0	0	0	0	0	0	0	0	0	0	1974	0	464	0	0	0	3598	0	3928	0	136	0	668	0	488	0	0	506	1242	746	380	408	430	418	0	
155132	Cerebelum_4_5_L	0	0	0	0	0	0	0	0	0	0	0	0	0	0	0	0	0	0	0	0	0	0	0	0	0	0	0	0	0	0	0	0	0	0	0	0	314	0	1434	0	0	0	0	0	0	0	4608	560	0	0	0	0	0	0	9410	0	0	0	0	0	0	0	0	0	0	0	0	0	0	0	0	0	0	0	0	0	0	0	0	0	0	0	0	0	0	0	0	0	0	0	10278	384	2448	122	1692	0	0	908	25864	744	784	0	1088	90	3386	260	428	0	0	124	8852	2128	270	0	426	964	
125940	Cerebelum_4_5_R	0	0	0	0	0	0	0	0	0	0	0	0	0	0	0	0	0	0	0	0	0	0	0	0	0	0	0	0	0	0	0	0	0	0	0	0	0	126	0	216	0	0	236	0	0	0	0	3728	0	0	0	0	0	0	92	5608	0	0	0	0	0	0	0	0	0	0	0	0	0	0	0	0	0	0	0	0	0	0	0	0	0	0	0	0	0	0	0	0	0	0	0	10166	0	3576	0	3598	908	0	574	18784	0	252	0	2104	0	468	0	0	434	1012	8950	2024	114	0	0	0	
284572	Cerebelum_6_L	0	0	0	0	0	0	0	0	0	0	0	0	0	0	0	0	0	0	0	0	0	0	0	0	0	0	0	0	0	0	0	0	0	0	0	0	178	0	1254	0	0	0	0	0	0	0	5576	1810	0	0	0	0	0	456	20508	1618	0	0	0	0	0	0	0	0	0	0	0	0	0	0	0	0	0	0	0	0	0	0	0	0	0	0	0	0	0	0	0	0	176	0	38594	1856	10618	418	390	0	25864	574	0	2474	4536	0	5020	280	4002	246	486	0	0	0	6684	5746	1622	0	514	786	
318924	Cerebelum_6_R	0	0	0	0	0	0	0	0	0	0	0	0	0	0	0	0	0	0	0	0	0	0	0	0	0	0	0	0	0	0	0	0	0	0	0	0	0	0	0	0	0	0	236	350	0	0	186	8082	0	0	0	0	0	1386	102	16502	0	0	0	0	0	0	0	0	0	0	0	0	0	0	0	0	0	0	0	0	0	0	0	0	0	0	0	0	0	0	0	0	0	0	1660	43236	698	10024	0	3928	744	18784	2474	0	0	1808	0	7786	264	3376	0	0	946	1216	7856	14882	7022	2852	2638	424	
236084	Cerebelum_7b_L	0	0	0	0	0	0	0	0	0	0	0	0	0	0	0	0	0	0	0	0	0	0	0	0	0	0	0	0	0	0	0	0	0	0	0	0	0	0	92	0	0	0	0	0	0	0	0	0	0	0	0	0	0	0	1100	0	0	0	0	0	0	0	0	0	0	0	0	0	0	0	0	0	0	0	0	0	0	0	0	0	0	0	0	0	0	0	0	0	148	0	10064	234	35232	6502	0	0	784	0	4536	0	0	4674	30890	6760	4368	1656	474	0	0	0	0	0	7042	3486	0	0	
128904	Cerebelum_7b_R	0	0	0	0	0	0	0	0	0	0	0	0	0	0	0	0	0	0	0	0	0	0	0	0	0	0	0	0	0	0	0	0	0	0	0	0	0	0	0	0	0	0	0	0	0	0	0	0	0	0	0	0	0	0	0	0	0	0	0	0	0	0	0	0	0	0	0	0	0	0	0	0	0	0	0	0	0	0	0	0	0	0	0	0	0	0	0	0	0	0	0	4064	5030	21192	0	136	0	252	0	1808	4674	0	1466	18878	0	1046	0	106	0	0	122	0	3934	1744	0	0	
231260	Cerebelum_8_L	0	0	0	0	0	0	0	0	0	0	0	0	0	0	0	0	0	0	0	0	0	0	0	0	0	0	0	0	0	0	0	0	0	0	0	0	0	0	0	0	0	0	0	0	0	0	0	0	0	0	0	0	0	0	1372	0	0	0	0	0	0	0	0	0	0	0	0	0	0	0	0	0	0	0	0	0	0	0	0	0	0	0	0	0	0	0	0	0	168	0	12496	286	26436	4182	0	0	1088	0	5020	0	30890	1466	0	5508	10980	2948	902	92	0	0	0	206	6576	4036	978	0	
297292	Cerebelum_8_R	0	0	0	0	0	0	0	0	0	0	0	0	0	0	0	0	0	0	0	0	0	0	0	0	0	0	0	0	0	0	0	0	0	0	0	0	0	0	0	0	0	0	0	0	0	0	0	0	0	0	0	0	0	0	0	732	0	0	0	0	0	0	0	0	0	0	0	0	0	0	0	0	0	0	0	0	0	0	0	0	0	0	0	0	0	0	0	0	0	0	1284	20798	7150	38008	0	668	90	2104	280	7786	6760	18878	5508	0	698	16674	0	954	134	136	510	718	11298	5654	1694	130	
86228	Cerebelum_9_L	0	0	0	0	0	0	0	0	0	0	0	0	0	0	0	0	0	0	0	0	0	0	0	0	0	0	0	0	0	0	0	0	0	0	0	0	0	0	0	0	0	0	0	0	0	0	200	102	0	0	0	0	0	0	442	0	0	0	0	0	0	0	0	0	0	0	0	0	0	0	0	0	0	0	0	0	0	0	0	0	0	0	0	0	0	0	0	0	0	0	4600	284	4558	488	0	0	3386	0	4002	264	4368	0	10980	698	0	660	1482	0	0	0	1444	1294	1574	746	1136	406	
138140	Cerebelum_9_R	0	0	0	0	0	0	0	0	0	0	0	0	0	0	0	0	0	0	0	0	0	0	0	0	0	0	0	0	0	0	0	0	0	0	0	0	0	0	0	0	0	0	0	0	0	0	0	0	0	0	0	0	0	0	0	182	0	0	0	0	0	0	0	0	0	0	0	0	0	0	0	0	0	0	0	0	0	0	0	0	0	0	0	0	0	0	0	0	0	0	848	7270	1774	10656	0	488	260	468	246	3376	1656	1046	2948	16674	660	0	0	1558	0	0	518	1976	6798	4318	4154	1196	
9632	Cerebelum_10_L	0	0	0	0	0	0	0	0	0	0	0	0	0	0	0	0	0	0	0	0	0	0	0	0	0	0	0	0	0	0	0	0	0	0	0	0	0	0	0	0	0	0	0	0	0	0	128	0	0	0	0	0	0	0	0	0	0	0	0	0	0	0	0	0	0	0	0	0	0	0	0	0	0	0	0	0	0	0	0	0	0	0	0	0	0	0	0	0	0	0	202	0	384	0	0	0	428	0	486	0	474	0	902	0	1482	0	0	0	0	0	330	0	0	0	0	0	
7392	Cerebelum_10_R	0	0	0	0	0	0	0	0	0	0	0	0	0	0	0	0	0	0	0	0	0	0	0	0	0	0	0	0	0	0	0	0	0	0	0	0	0	0	0	0	0	0	0	0	0	0	0	0	0	0	0	0	0	0	0	0	0	0	0	0	0	0	0	0	0	0	0	0	0	0	0	0	0	0	0	0	0	0	0	0	0	0	0	0	0	0	0	0	0	0	0	124	0	456	0	0	0	0	0	0	0	106	92	954	0	1558	0	0	0	0	0	0	132	182	92	0	
10664	Vermis_1_2	0	0	0	0	0	0	0	0	0	0	0	0	0	0	0	0	0	0	0	0	0	0	0	0	0	0	0	0	0	0	0	0	0	0	0	0	0	0	0	0	0	0	0	0	0	0	0	0	0	0	0	0	0	0	0	0	0	0	0	0	0	0	0	0	0	0	0	0	0	0	0	0	0	0	0	0	0	0	0	0	0	0	0	0	0	0	0	0	0	0	0	342	0	0	262	506	0	434	0	946	0	0	0	134	0	0	0	0	0	1936	460	312	0	0	0	0	
14512	Vermis_3	0	0	0	0	0	0	0	0	0	0	0	0	0	0	0	0	0	0	0	0	0	0	0	0	0	0	0	0	0	0	0	0	0	0	0	0	0	0	0	0	0	0	0	0	0	0	0	0	0	0	0	0	0	0	0	0	0	0	0	0	0	0	0	0	0	0	0	0	0	0	0	0	0	0	0	0	0	0	0	0	0	0	0	0	0	0	0	0	0	0	0	442	0	0	184	1242	124	1012	0	1216	0	0	0	136	0	0	0	0	1936	0	708	256	0	0	0	0	
120316	Vermis_4_5	0	0	0	0	0	0	0	0	0	0	0	0	0	0	0	0	0	0	0	0	0	0	0	0	0	0	0	0	0	0	0	0	0	0	0	366	0	198	0	174	0	0	292	358	0	186	1008	3886	0	0	0	0	0	160	1150	2686	0	374	0	0	0	0	0	0	0	0	0	1584	0	0	0	0	0	0	0	0	0	0	0	0	0	0	0	0	0	0	0	0	0	0	808	2472	96	400	354	746	8852	8950	6684	7856	0	122	0	510	1444	518	330	0	460	708	0	4434	0	0	498	1494	
