data	data	566824	380408	1.13257e+06	877896	192424	107420	543464	473108	96924	39524	250072	252088	216884	222272	198596	177748	263012	107784	812608	1.0424e+06	81452	84032	455156	496612	22828	72408	39508	85552	668860	445564	437548	603876	185064	578300	143684	162764	256200	419820	73692	279232	42064	75608	252760	321580	185920	250128	212080	291032	142100	253320	502352	185056	82132	108744	383908	593344	312740	231756	277584	77436	308580	118036	192024	116048	227640	129008	386496	355092	248040	321836	360064	706484	345476	485984	54524	59580	197984	263832	74044	16120	240348	82696	95236	52396	321496	153352	12752	24040	294508	176452	436276	408248	330644	281444	42648	70288	268064	220308	431824	392088	271960	168084	379632	322964	199052	131748	68208	7960	24632	72196	186952	202364	178120	65996	74724	32952	
data	data	Precentral_L	Precentral_R	Frontal_Sup_L	Frontal_Sup_R	Frontal_Sup_Orb_L	Frontal_Sup_Orb_R	Frontal_Mid_L	Frontal_Mid_R	Frontal_Mid_Orb_L	Frontal_Mid_Orb_R	Frontal_Inf_Oper_L	Frontal_Inf_Oper_R	Frontal_Inf_Tri_L	Frontal_Inf_Tri_R	Frontal_Inf_Orb_L	Frontal_Inf_Orb_R	Rolandic_Oper_L	Rolandic_Oper_R	Supp_Motor_Area_L	Supp_Motor_Area_R	Olfactory_L	Olfactory_R	Frontal_Sup_Medial_L	Frontal_Sup_Medial_R	Frontal_Med_Orb_L	Frontal_Med_Orb_R	Rectus_L	Rectus_R	Insula_L	Insula_R	Cingulum_Ant_L	Cingulum_Ant_R	Cingulum_Mid_L	Cingulum_Mid_R	Cingulum_Post_L	Cingulum_Post_R	Hippocampus_L	Hippocampus_R	ParaHippocampal_L	ParaHippocampal_R	Amygdala_L	Amygdala_R	Calcarine_L	Calcarine_R	Cuneus_L	Cuneus_R	Lingual_L	Lingual_R	Occipital_Sup_L	Occipital_Sup_R	Occipital_Mid_L	Occipital_Mid_R	Occipital_Inf_L	Occipital_Inf_R	Fusiform_L	Fusiform_R	Postcentral_L	Postcentral_R	Parietal_Sup_L	Parietal_Sup_R	Parietal_Inf_L	Parietal_Inf_R	SupraMarginal_L	SupraMarginal_R	Angular_L	Angular_R	Precuneus_L	Precuneus_R	Paracentral_Lobule_L	Paracentral_Lobule_R	Caudate_L	Caudate_R	Putamen_L	Putamen_R	Pallidum_L	Pallidum_R	Thalamus_L	Thalamus_R	Heschl_L	Heschl_R	Temporal_Sup_L	Temporal_Sup_R	Temporal_Pole_Sup_L	Temporal_Pole_Sup_R	Temporal_Mid_L	Temporal_Mid_R	Temporal_Pole_Mid_L	Temporal_Pole_Mid_R	Temporal_Inf_L	Temporal_Inf_R	Cerebelum_Crus1_L	Cerebelum_Crus1_R	Cerebelum_Crus2_L	Cerebelum_Crus2_R	Cerebelum_3_L	Cerebelum_3_R	Cerebelum_4_5_L	Cerebelum_4_5_R	Cerebelum_6_L	Cerebelum_6_R	Cerebelum_7b_L	Cerebelum_7b_R	Cerebelum_8_L	Cerebelum_8_R	Cerebelum_9_L	Cerebelum_9_R	Cerebelum_10_L	Cerebelum_10_R	Vermis_1_2	Vermis_3	Vermis_4_5	Vermis_6	Vermis_7	Vermis_8	Vermis_9	Vermis_10	
566824	Precentral_L	0	3074	30474	844	562	0	31962	120	136	0	13078	0	1630	0	682	0	8730	0	23636	6988	122	0	896	294	0	0	0	0	13956	0	1890	248	1138	3624	268	0	8324	0	292	0	0	0	0	0	0	0	0	0	0	0	688	0	0	0	516	0	37394	470	982	0	6202	0	694	0	0	0	684	0	18592	2200	11472	808	13778	0	3194	0	26704	820	2304	0	1268	0	576	0	206	0	0	0	892	0	0	0	0	0	0	0	0	0	0	0	0	0	0	0	0	0	0	0	0	0	0	0	0	0	0	0	
380408	Precentral_R	3074	0	3856	10454	0	0	966	9398	0	0	96	7372	0	0	0	0	336	1546	5160	34288	0	136	122	242	0	0	0	0	494	958	202	678	264	1914	0	320	368	7918	0	2544	0	220	0	0	0	0	0	0	0	0	0	0	0	0	0	2836	380	11460	0	0	0	204	0	828	0	0	0	218	2372	17450	2498	20718	830	6938	468	340	1014	28122	0	0	0	0	0	0	0	0	0	0	0	602	0	0	0	0	0	0	0	0	0	0	0	0	0	0	0	0	0	0	0	0	0	0	0	0	0	0	
1.13257e+06	Frontal_Sup_L	30474	3856	0	9660	16816	0	83706	1890	6480	0	14298	2372	12372	936	15104	354	12786	312	88168	22770	504	0	46288	10966	160	0	770	0	44570	1354	29340	7878	6810	9306	0	0	3882	292	0	216	180	0	0	0	0	0	0	0	0	0	0	0	0	0	152	180	3526	592	112	0	256	0	254	112	0	0	0	0	3018	340	19842	5202	28436	886	5174	0	5308	2686	644	0	1830	0	1948	0	362	0	0	0	556	0	0	0	0	0	0	0	0	0	0	0	0	0	0	0	0	0	0	0	0	0	0	0	0	0	0	0	
877896	Frontal_Sup_R	844	10454	9660	0	98	4452	2024	54774	0	1586	656	14432	182	12850	130	8636	244	3742	14230	61280	0	472	8588	41334	0	2084	0	1350	1338	20666	4154	39440	1206	16080	0	126	0	7236	0	4414	0	240	0	0	0	0	0	0	0	0	0	0	0	0	0	3964	226	756	0	0	0	0	0	212	0	0	0	0	358	196	2954	42570	492	30178	0	3852	234	3040	0	144	0	128	0	234	0	0	0	0	0	0	0	142	0	120	0	0	0	0	0	146	0	0	0	0	0	0	0	0	0	0	0	0	0	0	0	0	
192424	Frontal_Sup_Orb_L	562	0	16816	98	0	0	4850	0	12822	0	398	0	3550	0	17686	0	258	0	1856	176	2546	0	2820	0	3236	0	3814	0	12838	0	5980	0	0	0	0	0	146	0	0	0	384	0	0	0	0	0	0	0	0	0	0	0	0	0	0	0	0	0	0	0	0	0	0	0	0	0	0	0	0	0	0	0	4990	0	0	0	0	0	0	0	0	0	386	0	0	0	0	0	0	0	0	0	0	0	0	0	0	0	0	0	0	0	0	0	0	0	0	0	0	0	0	0	0	0	0	0	
107420	Frontal_Sup_Orb_R	0	0	0	4452	0	0	0	822	0	3752	0	0	0	0	0	3608	0	0	0	1066	1072	2792	110	3006	142	7314	748	10396	0	2096	976	3228	0	0	0	0	0	0	0	146	0	398	0	0	0	0	0	0	0	0	0	0	0	0	0	0	0	0	0	0	0	0	0	0	0	0	0	0	0	0	1040	3376	122	2666	0	382	0	0	0	0	0	0	0	0	0	0	0	0	0	0	0	0	0	0	0	0	0	0	0	0	0	0	0	0	0	0	0	0	0	0	0	0	0	0	0	0	
543464	Frontal_Mid_L	31962	966	83706	2024	4850	0	0	908	4470	0	12592	1278	26236	408	6206	138	5292	102	8778	1704	0	0	15718	3932	0	0	0	0	18456	540	7386	1534	2762	1936	0	0	2168	144	0	114	0	0	0	0	0	0	0	0	0	0	0	0	0	0	0	0	3312	362	0	0	426	0	0	96	0	0	0	0	236	0	8284	1916	5084	292	970	0	3232	214	428	0	206	0	248	0	0	0	0	0	116	0	0	0	0	0	0	0	0	0	0	0	0	0	0	0	0	0	0	0	0	0	0	0	0	0	0	0	
473108	Frontal_Mid_R	120	9398	1890	54774	0	822	908	0	0	1762	722	17266	110	21084	0	10630	0	576	3030	15150	0	272	918	13522	0	366	0	420	828	14338	462	14666	116	3440	0	0	0	4464	0	2756	0	166	0	0	0	0	0	0	0	0	0	0	0	0	0	2380	0	596	0	0	0	0	0	100	0	0	0	0	0	0	2666	19040	208	13570	0	2168	178	538	0	0	0	0	0	134	0	0	0	0	0	0	0	0	0	0	0	0	0	0	0	0	0	0	0	0	0	0	0	0	0	0	0	0	0	0	0	0	
96924	Frontal_Mid_Orb_L	136	0	6480	0	12822	0	4470	0	0	0	0	0	3216	0	14936	0	0	0	620	0	0	0	102	0	96	0	304	0	4336	0	278	0	0	0	0	0	0	0	0	0	0	0	0	0	0	0	0	0	0	0	0	0	0	0	0	0	0	0	0	0	0	0	0	0	0	0	0	0	0	0	0	0	666	0	0	0	0	0	0	0	0	0	0	0	0	0	0	0	0	0	0	0	0	0	0	0	0	0	0	0	0	0	0	0	0	0	0	0	0	0	0	0	0	0	0	0	
39524	Frontal_Mid_Orb_R	0	0	0	1586	0	3752	0	1762	0	0	0	0	0	320	0	4538	0	0	0	1198	0	744	0	358	0	0	0	488	0	1606	0	452	0	0	0	0	0	0	0	154	0	388	0	0	0	0	0	0	0	0	0	0	0	0	0	0	0	0	0	0	0	0	0	0	0	0	0	0	0	0	0	1296	0	1120	0	0	0	0	0	0	0	0	0	0	0	0	0	0	0	0	0	0	0	0	0	0	0	0	0	0	0	0	0	0	0	0	0	0	0	0	0	0	0	0	0	0	
250072	Frontal_Inf_Oper_L	13078	96	14298	656	398	0	12592	722	0	0	0	134	12746	0	1180	270	11288	0	8384	862	164	0	1584	786	0	0	0	0	19688	204	2980	1408	848	400	0	0	172	0	0	0	0	0	0	0	0	0	0	0	0	0	0	0	0	0	0	0	4982	0	0	0	136	0	0	0	0	0	0	0	0	0	4578	1732	1434	0	0	0	130	126	262	0	2430	0	3428	0	540	0	0	0	320	0	0	0	0	0	0	0	0	0	0	0	0	0	0	0	0	0	0	0	0	0	0	0	0	0	0	0	
252088	Frontal_Inf_Oper_R	0	7372	2372	14432	0	0	1278	17266	0	0	134	0	0	15674	0	1070	0	4268	2412	10684	0	0	948	3166	0	0	0	0	336	17922	282	4354	124	2046	0	0	0	1532	0	1164	0	0	0	0	0	0	0	0	0	0	0	0	0	0	0	1090	0	2128	0	0	0	0	0	0	0	0	0	0	0	0	1292	7484	134	4410	0	0	0	0	0	0	0	120	0	550	0	0	0	0	0	0	0	0	0	0	0	0	0	0	0	0	0	0	0	0	0	0	0	0	0	0	0	0	0	0	0	0	
216884	Frontal_Inf_Tri_L	1630	0	12372	182	3550	0	26236	110	3216	0	12746	0	0	0	9356	0	3236	0	1724	240	178	0	1608	300	0	0	0	0	19840	96	3482	270	276	160	0	0	0	0	0	0	0	0	0	0	0	0	0	0	0	0	0	0	0	0	0	0	388	0	0	0	108	0	0	0	0	0	0	0	0	0	2272	182	940	0	0	0	0	0	0	0	1092	0	2462	0	190	0	0	0	0	0	0	0	0	0	0	0	0	0	0	0	0	0	0	0	0	0	0	0	0	0	0	0	0	0	0	0	
222272	Frontal_Inf_Tri_R	0	0	936	12850	0	0	408	21084	0	320	0	15674	0	0	0	9726	0	190	1688	4340	0	0	1918	3228	0	0	0	0	162	21622	424	4878	504	6884	0	0	0	184	0	146	0	0	0	0	0	0	0	0	0	0	0	0	0	0	0	138	0	0	0	0	0	0	0	0	0	0	0	0	0	0	0	2410	0	1422	0	0	0	0	0	0	0	0	0	0	0	0	0	0	0	0	0	0	0	0	0	0	0	0	0	0	0	0	0	0	0	0	0	0	0	0	0	0	0	0	0	0	
198596	Frontal_Inf_Orb_L	682	0	15104	130	17686	0	6206	0	14936	0	1180	0	9356	0	0	0	518	0	2598	204	1450	0	608	0	0	0	1070	0	17816	0	2604	0	0	0	0	0	134	0	106	0	106	0	0	0	0	0	0	0	0	0	0	0	0	0	0	0	0	0	0	0	0	0	0	0	0	0	0	0	0	0	522	0	4218	0	0	0	0	0	0	0	416	0	1648	0	0	0	0	0	0	0	0	0	0	0	0	0	0	0	0	0	0	0	0	0	0	0	0	0	0	0	0	0	0	0	0	0	
177748	Frontal_Inf_Orb_R	0	0	354	8636	0	3608	138	10630	0	4538	270	1070	0	9726	0	0	0	0	788	4184	0	1496	1506	3946	0	0	0	1408	350	15232	312	5362	424	4414	0	0	0	120	0	208	0	456	0	0	0	0	0	0	0	0	0	0	0	0	0	0	0	0	0	0	0	0	0	0	0	0	0	0	0	0	392	4880	0	4028	0	304	0	0	0	0	0	0	0	94	0	0	0	0	0	0	0	0	0	0	0	0	0	0	0	0	0	0	0	0	0	0	0	0	0	0	0	0	0	0	0	0	
263012	Rolandic_Oper_L	8730	336	12786	244	258	0	5292	0	0	0	11288	0	3236	0	518	0	0	0	7874	600	0	0	1154	230	0	0	0	0	23514	0	1062	190	510	252	0	0	2370	0	0	0	0	0	0	0	0	0	0	0	0	0	2412	0	0	0	1838	0	7708	0	2372	0	2888	0	5660	0	1838	0	2110	0	0	0	430	122	1564	0	0	0	878	138	4076	0	8188	0	2560	0	3626	0	0	0	2654	0	0	0	0	0	0	0	0	0	0	0	0	0	0	0	0	0	0	0	0	0	0	0	0	0	0	0	
107784	Rolandic_Oper_R	0	1546	312	3742	0	0	102	576	0	0	0	4268	0	190	0	0	0	0	364	2892	0	0	146	302	0	0	0	0	0	11218	0	344	0	232	0	0	0	1484	0	960	0	0	0	0	0	0	0	0	0	0	0	0	0	0	0	1120	0	8952	0	210	0	1452	0	1722	0	1196	0	204	0	146	0	1318	0	4656	0	0	0	720	0	1172	0	1278	0	656	0	194	0	0	0	218	0	0	0	0	0	0	0	0	0	0	0	0	0	0	0	0	0	0	0	0	0	0	0	0	0	0	
812608	Supp_Motor_Area_L	23636	5160	88168	14230	1856	0	8778	3030	620	0	8384	2412	1724	1688	2598	788	7874	364	0	48562	170	0	13952	6086	0	0	0	0	20166	1982	11234	7264	14144	25132	824	110	2944	236	0	174	0	0	0	0	0	0	0	0	0	0	104	0	0	0	140	160	2788	682	116	0	228	0	266	0	0	0	108	0	12920	3470	14898	6026	22770	640	5060	0	3804	3200	552	0	1722	0	1516	0	338	0	0	0	506	0	0	0	0	0	0	0	0	0	0	0	0	0	0	0	0	0	0	0	0	0	0	0	0	0	0	0	
1.0424e+06	Supp_Motor_Area_R	6988	34288	22770	61280	176	1066	1704	15150	0	1198	862	10684	240	4340	204	4184	600	2892	48562	0	0	574	4672	14444	0	94	0	162	1980	13226	4760	25854	7750	49108	2050	1622	244	5310	0	2958	0	470	0	122	0	104	0	0	0	0	122	0	0	0	192	2548	1004	2836	0	0	150	0	474	0	0	0	198	952	13156	37486	6124	55320	1246	15174	652	680	1942	27028	0	0	98	158	0	334	0	102	0	0	166	136	0	112	0	0	0	0	0	0	0	118	0	0	0	0	0	0	0	0	0	0	0	0	0	0	0	0	
81452	Olfactory_L	122	0	504	0	2546	1072	0	0	0	0	164	0	178	0	1450	0	0	0	170	0	0	5806	0	0	300	0	2912	2486	4206	0	1926	1092	0	0	0	0	1080	0	776	0	1714	0	0	0	0	0	0	0	0	0	0	0	0	0	0	0	0	0	0	0	0	0	0	0	0	0	0	0	0	0	5822	3216	2228	206	0	0	0	0	0	0	0	0	750	0	0	0	0	0	0	0	0	0	0	0	0	0	0	0	0	0	0	0	0	0	0	0	0	0	0	0	0	0	0	0	0	0	
84032	Olfactory_R	0	136	0	472	0	2792	0	272	0	744	0	0	0	0	0	1496	0	0	0	574	5806	0	0	160	126	542	1884	4224	0	3142	1704	1924	0	0	0	0	0	540	0	308	0	2374	0	0	0	0	0	0	0	0	0	0	0	0	0	0	0	0	0	0	0	0	0	0	0	0	0	0	0	0	6140	4770	866	890	0	0	0	130	0	0	0	0	0	0	0	0	0	0	0	0	0	0	0	0	0	0	0	0	0	0	0	0	0	0	0	0	0	0	0	0	0	0	0	0	0	0	
455156	Frontal_Sup_Medial_L	896	122	46288	8588	2820	110	15718	918	102	0	1584	948	1608	1918	608	1506	1154	146	13952	4672	0	0	0	29302	1302	148	318	0	5448	2118	34282	17174	7958	13194	0	0	0	0	0	0	0	0	0	0	0	0	0	0	0	0	0	0	0	0	0	0	0	0	0	0	0	0	0	0	0	0	0	0	0	0	4442	2498	4238	1242	0	256	0	0	0	0	0	0	0	0	0	0	0	0	0	0	0	0	0	0	0	0	0	0	0	0	0	0	0	0	0	0	0	0	0	0	0	0	0	0	0	0	
496612	Frontal_Sup_Medial_R	294	242	10966	41334	0	3006	3932	13522	0	358	786	3166	300	3228	0	3946	230	302	6086	14444	0	160	29302	0	0	5064	0	1228	1484	5880	13226	37158	3068	17962	0	0	0	0	0	0	0	102	0	0	0	0	0	0	0	0	0	0	0	0	0	0	0	240	0	0	0	0	0	0	0	0	0	0	0	0	1664	15428	908	7168	0	1900	0	100	0	0	0	0	0	122	0	0	0	0	0	0	0	0	0	0	0	0	0	0	0	0	0	0	0	0	0	0	0	0	0	0	0	0	0	0	0	0	
22828	Frontal_Med_Orb_L	0	0	160	0	3236	142	0	0	96	0	0	0	0	0	0	0	0	0	0	0	300	126	1302	0	0	232	1094	198	0	0	3572	192	0	0	0	0	0	0	0	0	0	0	0	0	0	0	0	0	0	0	0	0	0	0	0	0	0	0	0	0	0	0	0	0	0	0	0	0	0	0	148	0	616	0	0	0	0	0	0	0	0	0	0	0	0	0	0	0	0	0	0	0	0	0	0	0	0	0	0	0	0	0	0	0	0	0	0	0	0	0	0	0	0	0	0	0	
72408	Frontal_Med_Orb_R	0	0	0	2084	0	7314	0	366	0	0	0	0	0	0	0	0	0	0	0	94	0	542	148	5064	232	0	0	6830	0	0	1514	5002	0	0	0	0	0	0	0	0	0	0	0	0	0	0	0	0	0	0	0	0	0	0	0	0	0	0	0	0	0	0	0	0	0	0	0	0	0	0	0	3578	0	3078	0	358	0	0	0	0	0	0	0	0	0	0	0	0	0	0	0	0	0	0	0	0	0	0	0	0	0	0	0	0	0	0	0	0	0	0	0	0	0	0	0	0	
39508	Rectus_L	0	0	770	0	3814	748	0	0	304	0	0	0	0	0	1070	0	0	0	0	0	2912	1884	318	0	1094	0	0	1430	816	0	1710	288	0	0	0	0	0	0	0	0	0	0	0	0	0	0	0	0	0	0	0	0	0	0	0	0	0	0	0	0	0	0	0	0	0	0	0	0	0	0	1888	368	340	0	0	0	0	0	0	0	0	0	0	0	0	0	0	0	0	0	0	0	0	0	0	0	0	0	0	0	0	0	0	0	0	0	0	0	0	0	0	0	0	0	0	0	
85552	Rectus_R	0	0	0	1350	0	10396	0	420	0	488	0	0	0	0	0	1408	0	0	0	162	2486	4224	0	1228	198	6830	1430	0	0	1190	826	2566	0	0	0	0	0	0	0	0	0	320	0	0	0	0	0	0	0	0	0	0	0	0	0	0	0	0	0	0	0	0	0	0	0	0	0	0	0	0	2334	3040	344	1536	0	0	0	0	0	0	0	0	0	0	0	0	0	0	0	0	0	0	0	0	0	0	0	0	0	0	0	0	0	0	0	0	0	0	0	0	0	0	0	0	0	0	
668860	Insula_L	13956	494	44570	1338	12838	0	18456	828	4336	0	19688	336	19840	162	17816	350	23514	0	20166	1980	4206	0	5448	1484	0	0	816	0	0	456	9668	1784	1766	1092	0	0	17288	0	830	0	2710	0	0	0	98	0	0	0	0	0	1366	0	0	0	2966	0	8986	0	1050	0	654	0	1450	0	0	0	694	0	768	0	6232	1988	22720	98	0	0	4068	410	5730	0	9598	0	6310	0	3644	0	0	0	7384	0	0	0	0	0	0	0	0	0	0	0	0	0	0	0	0	0	0	0	0	0	0	0	0	0	0	0	
445564	Insula_R	0	958	1354	20666	0	2096	540	14338	0	1606	204	17922	96	21622	0	15232	0	11218	1982	13226	0	3142	2118	5880	0	0	0	1190	456	0	720	9316	542	7570	0	0	0	8056	0	5196	0	3282	0	0	0	0	0	0	0	0	0	0	0	0	0	6502	0	2540	0	0	0	174	0	384	0	246	0	0	0	124	532	11484	126	20094	0	658	0	786	0	1112	0	4420	0	1522	0	574	0	0	0	716	0	130	0	0	0	0	0	0	0	130	0	0	0	0	0	0	0	0	0	0	0	0	0	0	0	0	
437548	Cingulum_Ant_L	1890	202	29340	4154	5980	976	7386	462	278	0	2980	282	3482	424	2604	312	1062	0	11234	4760	1926	1704	34282	13226	3572	1514	1710	826	9668	720	0	21926	7508	8408	236	0	372	0	0	0	0	0	0	0	0	0	0	0	0	0	0	0	0	0	0	0	640	0	0	0	120	0	0	0	0	0	0	0	0	0	14616	4158	11058	1572	0	520	0	234	0	0	120	0	212	0	0	0	0	0	118	0	0	0	0	0	0	0	0	0	0	0	0	0	0	0	0	0	0	0	0	0	0	0	0	0	0	0	
603876	Cingulum_Ant_R	248	678	7878	39440	0	3228	1534	14666	0	452	1408	4354	270	4878	0	5362	190	344	7264	25854	1092	1924	17174	37158	192	5002	288	2566	1784	9316	21926	0	2486	20742	0	0	104	204	0	162	0	172	0	0	0	0	0	0	0	0	0	0	0	0	0	126	0	380	0	0	0	0	0	0	0	0	0	0	0	0	5286	35688	1040	14608	0	3886	0	456	0	0	0	0	0	128	0	0	0	0	0	0	0	0	0	0	0	0	0	0	0	0	0	0	0	0	0	0	0	0	0	0	0	0	0	0	0	0	
185064	Cingulum_Mid_L	1138	264	6810	1206	0	0	2762	116	0	0	848	124	276	504	0	424	510	0	14144	7750	0	0	7958	3068	0	0	0	0	1766	542	7508	2486	0	14594	3744	424	0	0	0	0	0	0	158	0	362	0	0	0	194	0	256	0	0	0	0	0	336	1086	344	0	120	0	0	0	104	0	2482	242	5044	2466	196	176	0	0	0	0	0	0	0	0	0	0	0	0	0	0	0	0	0	0	0	0	0	0	0	0	0	0	0	0	0	0	0	0	0	0	0	0	0	0	0	0	0	0	0	0	
578300	Cingulum_Mid_R	3624	1914	9306	16080	0	0	1936	3440	0	0	400	2046	160	6884	0	4414	252	232	25132	49108	0	0	13194	17962	0	0	0	0	1092	7570	8408	20742	14594	0	5898	4608	0	1976	0	1588	0	0	0	1114	256	2276	0	94	0	1054	476	772	0	0	854	1486	788	6562	96	266	294	0	784	0	0	0	1144	5934	11288	19978	1050	4476	0	3002	202	0	640	386	0	0	98	112	0	0	210	0	0	0	782	116	0	0	0	0	0	0	0	0	0	0	0	0	0	0	0	0	0	0	0	0	0	0	0	0	0	0	
143684	Cingulum_Post_L	268	0	0	0	0	0	0	0	0	0	0	0	0	0	0	0	0	0	824	2050	0	0	0	0	0	0	0	0	0	0	236	0	3744	5898	0	10060	2420	3420	750	384	0	0	2316	0	1738	0	500	0	366	0	2070	0	0	0	3960	4300	252	2990	420	0	288	0	734	0	90	0	6422	2218	1802	5312	0	0	0	0	0	0	94	562	108	0	96	0	0	0	648	0	0	0	3300	1202	0	0	0	0	0	0	0	0	0	0	0	0	0	0	0	0	0	0	0	0	0	0	0	0	0	0	
162764	Cingulum_Post_R	0	320	0	126	0	0	0	0	0	0	0	0	0	0	0	0	0	0	110	1622	0	0	0	0	0	0	0	0	0	0	0	0	424	4608	10060	0	2234	4752	276	1246	0	0	0	5862	0	1390	0	1788	0	734	236	262	0	1416	1844	7572	0	3134	0	176	0	924	0	1066	0	600	1046	16314	246	1776	0	0	0	0	0	0	90	780	0	0	0	0	0	0	0	1272	0	0	1636	4294	0	0	0	0	0	0	0	0	0	0	0	0	0	0	0	0	0	0	0	0	1146	0	0	0	0	0	
256200	Hippocampus_L	8324	368	3882	0	146	0	2168	0	0	0	172	0	0	0	134	0	2370	0	2944	244	1080	0	0	0	0	0	0	0	17288	0	372	104	0	0	2420	2234	0	2726	6854	466	7246	0	562	0	0	0	1104	0	0	0	330	0	0	0	8434	0	4578	0	0	0	584	0	1210	0	0	0	1480	738	796	150	592	138	10594	0	704	0	10706	2542	5656	0	2880	0	2188	0	1608	0	0	0	8764	0	0	0	0	0	0	0	220	0	0	0	0	0	0	0	0	0	0	0	0	0	0	0	0	0	0	0	
419820	Hippocampus_R	0	7918	292	7236	0	0	144	4464	0	0	0	1532	0	184	0	120	0	1484	236	5310	0	540	0	0	0	0	0	0	0	8056	0	204	0	1976	3420	4752	2726	0	1076	38726	0	11396	0	96	0	0	0	2178	0	0	126	0	0	136	322	40310	92	2964	0	0	0	114	0	184	0	0	490	2720	216	1984	456	2128	0	27316	0	1040	722	5504	0	220	0	2514	0	3404	0	1450	0	1410	284	7052	0	552	0	354	0	0	0	834	0	586	0	0	0	0	0	0	0	0	0	0	360	0	0	0	0	0	
73692	ParaHippocampal_L	292	0	0	0	0	0	0	0	0	0	0	0	0	0	106	0	0	0	0	0	776	0	0	0	0	0	0	0	830	0	0	0	0	0	750	276	6854	1076	0	368	1990	0	816	0	0	0	3410	0	0	0	312	0	0	0	5784	0	0	0	0	0	0	0	0	0	0	0	2068	306	0	0	0	0	456	0	0	0	1102	1070	0	0	0	0	518	0	0	0	0	0	390	0	1080	0	104	0	0	0	2622	0	2170	0	640	0	574	0	0	0	106	0	0	0	0	0	0	0	0	0	
279232	ParaHippocampal_R	0	2544	216	4414	0	146	114	2756	0	154	0	1164	0	146	0	208	0	960	174	2958	0	308	0	0	0	0	0	0	0	5196	0	162	0	1588	384	1246	466	38726	368	0	0	5878	0	0	0	0	0	2182	0	0	0	0	0	96	0	31608	0	1554	0	0	0	0	0	118	0	0	170	1520	0	500	344	1108	0	17656	0	272	182	1314	0	90	0	1264	0	1818	0	666	0	882	0	3364	0	510	0	368	0	90	0	880	0	564	0	0	0	0	0	0	0	0	0	0	220	0	0	0	0	0	
42064	Amygdala_L	0	0	180	0	384	0	0	0	0	0	0	0	0	0	106	0	0	0	0	0	1714	0	0	0	0	0	0	0	2710	0	0	0	0	0	0	0	7246	0	1990	0	0	0	0	0	0	0	0	0	0	0	0	0	0	0	2860	0	0	0	0	0	0	0	0	0	0	0	0	0	0	0	0	0	682	0	0	0	0	0	0	0	0	0	1394	0	94	0	0	0	1672	0	0	0	0	0	0	0	0	0	0	0	0	0	0	0	0	0	0	0	0	0	0	0	0	0	0	0	
75608	Amygdala_R	0	220	0	240	0	398	0	166	0	388	0	0	0	0	0	456	0	0	0	470	0	2374	0	102	0	0	0	320	0	3282	0	172	0	0	0	0	0	11396	0	5878	0	0	0	0	0	0	0	0	0	0	0	0	0	0	0	6422	0	0	0	0	0	0	0	0	0	0	0	0	0	0	0	376	0	526	0	0	0	206	0	0	0	0	0	2140	0	0	0	1220	0	1052	0	0	0	0	0	0	0	0	0	0	0	0	0	0	0	0	0	0	0	0	0	0	0	0	0	0	
252760	Calcarine_L	0	0	0	0	0	0	0	0	0	0	0	0	0	0	0	0	0	0	0	0	0	0	0	0	0	0	0	0	0	0	0	0	158	0	2316	0	562	0	816	0	0	0	0	9792	20226	5522	11078	6124	11370	2342	21694	494	3872	128	2208	820	326	0	960	0	176	0	0	0	1054	0	18028	198	202	0	0	0	0	0	0	0	0	0	0	0	0	0	0	0	4052	0	0	0	430	0	130	0	0	0	0	0	506	0	248	0	0	0	0	0	0	0	0	0	0	0	432	0	0	0	0	116	
321580	Calcarine_R	0	0	0	0	0	0	0	0	0	0	0	0	0	0	0	0	0	0	0	122	0	0	0	0	0	0	0	0	0	0	0	0	0	1114	0	5862	0	96	0	0	0	0	9792	0	3210	25974	1116	21890	0	21052	0	10558	0	6854	0	8686	0	1336	0	400	0	1322	0	1436	0	1004	190	29636	0	426	0	0	0	0	0	0	0	0	0	0	0	0	0	0	0	5664	0	0	0	2948	0	0	0	0	0	0	0	0	0	0	0	0	0	0	0	0	0	0	0	0	0	102	0	0	0	0	
185920	Cuneus_L	0	0	0	0	0	0	0	0	0	0	0	0	0	0	0	0	0	0	0	0	0	0	0	0	0	0	0	0	98	0	0	0	362	256	1738	0	0	0	0	0	0	0	20226	3210	0	4714	1962	166	17292	752	15578	0	754	0	1438	0	692	178	1796	0	512	0	178	0	868	0	15390	560	594	248	0	0	0	0	0	0	0	0	0	0	108	0	0	0	2662	0	0	0	628	0	0	0	0	0	0	0	0	0	0	0	0	0	0	0	0	0	0	0	0	0	0	0	0	0	0	0	
250128	Cuneus_R	0	0	0	0	0	0	0	0	0	0	0	0	0	0	0	0	0	0	0	104	0	0	0	0	0	0	0	0	0	0	0	0	0	2276	0	1390	0	0	0	0	0	0	5522	25974	4714	0	588	8556	110	31942	0	10184	0	1168	0	2738	0	996	0	4184	0	350	0	364	0	528	1768	20278	0	350	0	0	0	0	0	0	0	0	0	0	0	0	0	0	0	446	0	0	0	436	0	0	0	0	0	0	0	0	0	0	0	0	0	0	0	0	0	0	0	0	0	98	0	0	0	0	
212080	Lingual_L	0	0	0	0	0	0	0	0	0	0	0	0	0	0	0	0	0	0	0	0	0	0	0	0	0	0	0	0	0	0	0	0	0	0	500	0	1104	0	3410	0	0	0	11078	1116	1962	588	0	1780	2542	376	14156	0	7566	0	16556	286	0	0	0	0	0	0	0	0	0	0	3486	0	0	0	0	0	0	0	0	0	0	0	112	0	0	0	0	0	0	0	0	0	342	0	7392	332	424	0	234	170	10256	1158	12090	684	218	0	456	138	580	0	418	0	106	272	3080	762	124	0	0	186	
291032	Lingual_R	0	0	0	0	0	0	0	0	0	0	0	0	0	0	0	0	0	0	0	0	0	0	0	0	0	0	0	0	0	0	0	0	0	94	0	1788	0	2178	0	2182	0	0	6124	21890	166	8556	1780	0	0	9866	0	3680	0	6438	108	23592	0	246	0	0	0	240	0	212	0	226	0	10242	0	0	0	0	0	0	0	0	0	224	0	0	0	0	0	0	0	1330	0	0	0	760	512	6748	178	256	180	358	1608	7254	1790	9818	0	0	0	126	224	560	0	0	232	480	4944	6514	826	0	598	388	
142100	Occipital_Sup_L	0	0	0	0	0	0	0	0	0	0	0	0	0	0	0	0	0	0	0	0	0	0	0	0	0	0	0	0	0	0	0	0	194	0	366	0	0	0	0	0	0	0	11370	0	17292	110	2542	0	0	0	21538	0	956	0	684	0	146	0	5264	0	320	0	0	0	228	0	9562	0	0	0	0	0	0	0	0	0	0	0	0	0	0	0	0	0	312	0	0	0	166	0	0	0	0	0	0	0	0	0	0	0	0	0	0	0	0	0	0	0	0	0	0	0	0	0	0	0	
253320	Occipital_Sup_R	0	0	0	0	0	0	0	0	0	0	0	0	0	0	0	0	0	0	0	0	0	0	0	0	0	0	0	0	0	0	0	0	0	1054	0	734	0	0	0	0	0	0	2342	21052	752	31942	376	9866	0	0	0	18944	0	1250	0	3814	0	2432	0	6610	0	1904	0	1228	0	5680	446	14672	0	386	0	0	0	0	0	0	0	0	0	0	0	0	0	0	0	714	0	0	0	350	0	0	0	0	0	0	0	0	0	0	0	0	0	0	0	0	0	0	0	0	0	112	0	0	0	0	
502352	Occipital_Mid_L	688	0	0	0	0	0	0	0	0	0	0	0	0	0	0	0	2412	0	104	122	0	0	0	0	0	0	0	0	1366	0	0	0	256	476	2070	236	330	126	312	0	0	0	21694	0	15578	0	14156	0	21538	0	0	0	14614	0	8442	192	4776	256	28758	0	17786	0	9356	0	22812	0	30586	0	2144	474	0	0	0	0	0	0	0	0	364	0	4084	0	0	0	20032	0	0	0	4764	126	0	0	0	0	0	0	0	0	146	0	0	0	0	0	0	0	0	0	0	0	0	0	0	0	0	0	
185056	Occipital_Mid_R	0	0	0	0	0	0	0	0	0	0	0	0	0	0	0	0	0	0	0	0	0	0	0	0	0	0	0	0	0	0	0	0	0	772	0	262	0	0	0	0	0	0	494	10558	0	10184	0	3680	0	18944	0	0	0	4748	0	5446	0	776	0	1842	0	2664	0	1068	0	9076	434	9354	0	0	0	0	0	0	0	0	0	0	0	0	0	244	0	0	0	10778	0	0	0	454	0	0	0	0	0	0	0	0	202	168	0	0	0	0	0	0	0	0	0	0	0	380	0	0	0	0	
82132	Occipital_Inf_L	0	0	0	0	0	0	0	0	0	0	0	0	0	0	0	0	0	0	0	0	0	0	0	0	0	0	0	0	0	0	0	0	0	0	0	0	0	0	0	0	0	0	3872	0	754	0	7566	0	956	0	14614	0	0	0	8174	0	0	0	0	0	0	0	0	0	0	0	204	0	0	0	0	0	0	0	0	0	0	0	0	0	0	0	0	0	2168	0	0	0	2546	0	0	0	0	0	0	0	0	0	212	0	0	0	0	0	0	0	0	0	0	0	0	0	0	0	0	0	
108744	Occipital_Inf_R	0	0	0	0	0	0	0	0	0	0	0	0	0	0	0	0	0	0	0	0	0	0	0	0	0	0	0	0	0	0	0	0	0	0	0	1416	0	136	0	96	0	0	128	6854	0	1168	0	6438	0	1250	0	4748	0	0	0	12686	0	362	0	0	0	0	0	0	0	0	0	4596	0	0	0	0	0	0	0	0	0	0	0	288	0	416	0	0	0	2134	0	0	0	6626	110	366	0	0	0	0	0	270	372	1650	0	0	0	0	0	0	0	0	0	0	328	1630	304	0	0	0	
383908	Fusiform_L	516	0	152	0	0	0	0	0	0	0	0	0	0	0	0	0	1838	0	140	192	0	0	0	0	0	0	0	0	2966	0	0	0	0	854	3960	1844	8434	322	5784	0	2860	0	2208	0	1438	0	16556	108	684	0	8442	0	8174	0	0	1410	644	544	484	0	1442	0	1456	0	1098	0	4252	488	418	934	0	0	1104	0	0	0	414	0	3974	0	3754	0	590	0	6974	0	354	0	21832	270	21624	0	4260	0	0	0	10470	180	25412	116	2726	0	3718	0	988	0	876	0	0	0	894	528	254	0	0	0	
593344	Fusiform_R	0	2836	180	3964	0	0	0	2380	0	0	0	1090	0	138	0	0	0	1120	160	2548	0	0	0	0	0	0	0	0	0	6502	0	126	0	1486	4300	7572	0	40310	0	31608	0	6422	820	8686	0	2738	286	23592	0	3814	192	5446	0	12686	1410	0	0	3274	0	0	0	440	0	854	0	690	0	7808	230	470	300	1014	0	15932	0	198	0	374	0	930	0	4384	0	2964	0	2730	0	1682	1292	18976	282	18344	0	1038	0	258	810	6872	1486	19864	0	0	0	384	298	362	0	0	0	144	3240	5296	720	0	320	0	
312740	Postcentral_L	37394	380	3526	226	0	0	3312	0	0	0	4982	0	388	0	0	0	7708	0	2788	1004	0	0	0	0	0	0	0	0	8986	0	640	0	336	788	252	0	4578	92	0	0	0	0	326	0	692	0	0	0	146	0	4776	0	0	0	644	0	0	1040	7858	0	23236	0	8358	0	3474	0	5604	0	8658	886	2612	0	2072	0	94	0	2092	96	3484	0	912	0	0	0	1300	0	0	0	630	0	0	0	0	0	0	0	0	0	0	0	0	0	0	0	0	0	0	0	0	0	0	0	0	0	0	0	
231756	Postcentral_R	470	11460	592	756	0	0	362	596	0	0	0	2128	0	0	0	0	0	8952	682	2836	0	0	0	240	0	0	0	0	0	2540	0	380	1086	6562	2990	3134	0	2964	0	1554	0	0	0	1336	178	996	0	246	0	2432	256	776	0	362	544	3274	1040	0	0	5624	0	5880	92	9128	0	1104	502	7606	2924	9176	474	1138	0	3642	0	0	206	974	0	0	0	656	0	0	102	2372	0	0	500	2054	0	0	0	0	0	0	0	0	0	0	0	0	0	0	0	0	0	0	0	0	0	0	0	0	0	0	
277584	Parietal_Sup_L	982	0	112	0	0	0	0	0	0	0	0	0	0	0	0	0	2372	0	116	0	0	0	0	0	0	0	0	0	1050	0	0	0	344	96	420	0	0	0	0	0	0	0	960	0	1796	0	0	0	5264	0	28758	0	0	0	484	0	7858	0	0	0	22574	0	8956	0	15328	0	27990	0	2538	100	0	0	0	0	0	0	0	0	0	0	3954	0	0	0	4098	0	0	0	2642	0	0	0	0	0	0	0	0	0	0	0	0	0	0	0	0	0	0	0	0	0	0	0	0	0	0	0	
77436	Parietal_Sup_R	0	0	0	0	0	0	0	0	0	0	0	0	0	0	0	0	0	210	0	0	0	0	0	0	0	0	0	0	0	0	0	0	0	266	0	176	0	0	0	0	0	0	0	400	0	4184	0	0	0	6610	0	1842	0	0	0	0	0	5624	0	0	0	4202	0	966	0	4490	534	8722	0	400	0	0	0	0	0	0	0	0	0	0	0	0	0	0	0	92	0	0	0	0	0	0	0	0	0	0	0	0	0	0	0	0	0	0	0	0	0	0	0	0	0	0	0	0	0	0	
308580	Parietal_Inf_L	6202	0	256	0	0	0	426	0	0	0	136	0	108	0	0	0	2888	0	228	150	0	0	0	0	0	0	0	0	654	0	120	0	120	294	288	0	584	0	0	0	0	0	176	0	512	0	0	0	320	0	17786	0	0	0	1442	0	23236	0	22574	0	0	0	19668	0	27340	0	10084	0	1146	288	206	0	0	0	0	0	0	0	462	0	4884	0	0	0	7648	0	0	0	4064	0	0	0	0	0	0	0	0	0	0	0	0	0	0	0	0	0	0	0	0	0	0	0	0	0	0	0	
118036	Parietal_Inf_R	0	204	0	0	0	0	0	0	0	0	0	0	0	0	0	0	0	1452	0	0	0	0	0	0	0	0	0	0	0	174	0	0	0	0	0	924	0	114	0	0	0	0	0	1322	0	350	0	240	0	1904	0	2664	0	0	0	440	0	5880	0	4202	0	0	0	15764	0	16520	0	2960	0	322	0	216	0	188	0	0	0	178	0	0	0	1012	0	0	0	1596	0	0	0	392	0	0	0	0	0	0	0	0	0	0	0	0	0	0	0	0	0	0	0	0	0	0	0	0	0	0	
192024	SupraMarginal_L	694	0	254	0	0	0	0	0	0	0	0	0	0	0	0	0	5660	0	266	474	0	0	0	0	0	0	0	0	1450	0	0	0	0	784	734	0	1210	0	0	0	0	0	0	0	178	0	0	0	0	0	9356	0	0	0	1456	0	8358	92	8956	0	19668	0	0	0	9026	0	7542	0	586	784	0	0	0	0	0	0	0	0	1158	0	7546	0	0	0	6728	0	0	0	3052	0	0	0	0	0	0	0	0	0	0	0	0	0	0	0	0	0	0	0	0	0	0	0	0	0	0	0	
116048	SupraMarginal_R	0	828	112	212	0	0	96	100	0	0	0	0	0	0	0	0	0	1722	0	0	0	0	0	0	0	0	0	0	0	384	0	0	0	0	0	1066	0	184	0	118	0	0	0	1436	0	364	0	212	0	1228	0	1068	0	0	0	854	0	9128	0	966	0	15764	0	0	0	10042	0	3322	0	130	124	442	0	354	0	0	0	134	0	212	0	4726	0	0	0	2124	0	0	0	572	0	0	0	0	0	0	0	0	0	0	0	0	0	0	0	0	0	0	0	0	0	0	0	0	0	0	
227640	Angular_L	0	0	0	0	0	0	0	0	0	0	0	0	0	0	0	0	1838	0	0	0	0	0	0	0	0	0	0	0	0	0	0	0	104	0	90	0	0	0	0	0	0	0	1054	0	868	0	0	0	228	0	22812	0	0	0	1098	0	3474	0	15328	0	27340	0	9026	0	0	0	10022	0	542	0	0	0	0	0	0	0	0	0	0	0	5316	0	0	0	10232	0	0	0	4448	0	0	0	0	0	0	0	0	0	0	0	0	0	0	0	0	0	0	0	0	0	0	0	0	0	0	0	
129008	Angular_R	0	0	0	0	0	0	0	0	0	0	0	0	0	0	0	0	0	1196	0	0	0	0	0	0	0	0	0	0	0	246	0	0	0	0	0	600	0	0	0	0	0	0	0	1004	0	528	0	226	0	5680	0	9076	0	0	0	690	0	1104	0	4490	0	16520	0	10042	0	0	0	2300	0	388	0	0	0	0	0	0	0	146	0	0	0	3228	0	0	0	6530	0	0	0	510	0	0	0	0	0	0	0	0	0	0	0	0	0	0	0	0	0	0	0	0	0	0	0	0	0	0	
386496	Precuneus_L	684	0	0	0	0	0	0	0	0	0	0	0	0	0	0	0	2110	0	108	198	0	0	0	0	0	0	0	0	694	0	0	0	2482	1144	6422	1046	1480	490	2068	170	0	0	18028	190	15390	1768	3486	0	9562	446	30586	434	204	0	4252	0	5604	502	27990	534	10084	0	7542	0	10022	0	0	4460	5918	780	0	0	0	0	0	0	0	306	0	0	3536	0	0	0	8214	0	0	0	4110	0	0	0	0	0	0	0	204	0	0	0	0	0	0	0	0	0	0	0	0	0	0	0	0	0	0	0	
355092	Precuneus_R	0	218	0	0	0	0	0	0	0	0	0	0	0	0	0	0	0	204	0	952	0	0	0	0	0	0	0	0	0	0	0	0	242	5934	2218	16314	738	2720	306	1520	0	0	198	29636	560	20278	0	10242	0	14672	0	9354	0	4596	488	7808	0	7606	0	8722	0	2960	0	3322	0	2300	4460	0	360	4094	0	0	0	0	0	0	0	786	0	0	0	226	0	0	0	6554	0	0	376	4808	0	0	0	0	0	0	0	452	0	0	0	0	0	0	0	0	0	0	0	0	1322	0	0	0	0	0	
248040	Paracentral_Lobule_L	18592	2372	3018	358	0	0	236	0	0	0	0	0	0	0	0	0	0	0	12920	13156	0	0	0	0	0	0	0	0	768	0	0	0	5044	11288	1802	246	796	216	0	0	0	0	202	0	594	0	0	0	0	0	2144	0	0	0	418	230	8658	2924	2538	0	1146	0	586	0	542	0	5918	360	0	9872	4058	174	862	0	270	0	10092	272	0	0	266	0	106	0	420	0	0	0	446	110	0	0	0	0	0	0	0	0	0	0	0	0	0	0	0	0	0	0	0	0	0	0	0	0	0	0	
321836	Paracentral_Lobule_R	2200	17450	340	196	0	0	0	0	0	0	0	0	0	0	0	0	0	146	3470	37486	0	0	0	0	0	0	0	0	0	124	0	0	2466	19978	5312	1776	150	1984	0	500	0	0	0	426	248	350	0	0	0	386	474	0	0	0	934	470	886	9176	100	400	288	322	784	130	0	388	780	4094	9872	0	1404	12622	148	160	380	0	1590	19258	0	0	106	108	0	0	210	0	0	0	846	0	0	0	0	0	0	0	0	0	0	0	0	0	0	0	0	0	0	0	0	0	0	0	0	0	0	0	
360064	Caudate_L	11472	2498	19842	2954	0	1040	8284	2666	0	0	4578	1292	2272	0	522	392	430	0	14898	6124	5822	6140	4442	1664	148	0	1888	2334	6232	532	14616	5286	196	1050	0	0	592	456	0	344	0	0	0	0	0	0	0	0	0	0	0	0	0	0	0	300	2612	474	0	0	206	0	0	124	0	0	0	0	4058	1404	0	13670	10024	1230	1966	0	11598	986	282	0	0	0	92	0	0	0	0	0	0	0	0	0	0	0	0	0	0	0	0	0	0	0	0	0	0	0	0	0	0	0	0	0	0	0	0	0	
706484	Caudate_R	808	20718	5202	42570	0	3376	1916	19040	0	1296	1732	7484	182	2410	0	4880	122	1318	6026	55320	3216	4770	2498	15428	0	3578	368	3040	1988	11484	4158	35688	176	4476	0	0	138	2128	0	1108	0	376	0	0	0	0	0	0	0	0	0	0	0	0	0	1014	0	1138	0	0	0	216	0	442	0	0	0	0	174	12622	13670	0	1266	25652	164	5736	596	21144	0	0	0	0	0	390	0	0	0	0	0	0	0	0	0	0	0	0	0	0	0	0	0	0	0	0	0	0	0	0	0	0	0	0	0	0	0	0	
345476	Putamen_L	13778	830	28436	492	4990	122	5084	208	666	0	1434	134	940	0	4218	0	1564	0	22770	1246	2228	866	4238	908	616	0	340	344	22720	126	11058	1040	0	0	0	0	10594	0	456	0	682	0	0	0	0	0	0	0	0	0	0	0	0	0	1104	0	2072	0	0	0	0	0	0	0	0	0	0	0	862	148	10024	1266	0	110	5166	0	3218	422	620	0	1644	0	1080	0	354	0	0	0	1520	0	0	0	0	0	0	0	0	0	0	0	0	0	0	0	0	0	0	0	0	0	0	0	0	0	0	0	
485984	Putamen_R	0	6938	886	30178	0	2666	292	13570	0	1120	0	4410	0	1422	0	4028	0	4656	640	15174	206	890	1242	7168	0	3078	0	1536	98	20094	1572	14608	0	3002	0	0	0	27316	0	17656	0	526	0	0	0	0	0	0	0	0	0	0	0	0	0	15932	0	3642	0	0	0	188	0	354	0	0	0	0	0	160	1230	25652	110	0	0	7074	0	1838	0	92	0	266	0	0	0	0	0	0	0	264	0	368	0	332	0	0	0	106	0	412	0	0	0	0	0	0	0	0	0	0	0	0	0	0	0	0	
54524	Pallidum_L	3194	468	5174	0	0	0	970	0	0	0	0	0	0	0	0	0	0	0	5060	652	0	0	0	0	0	0	0	0	0	0	0	0	0	202	0	0	704	0	0	0	0	0	0	0	0	0	0	0	0	0	0	0	0	0	0	0	94	0	0	0	0	0	0	0	0	0	0	0	270	380	1966	164	5166	0	0	0	2798	0	0	0	0	0	0	0	0	0	0	0	0	0	0	0	0	0	0	0	0	0	0	0	0	0	0	0	0	0	0	0	0	0	0	0	0	0	0	0	
59580	Pallidum_R	0	340	0	3852	0	382	0	2168	0	0	0	0	0	0	0	304	0	0	0	680	0	0	256	1900	0	358	0	0	0	658	520	3886	0	0	0	0	0	1040	0	272	0	0	0	0	0	0	0	0	0	0	0	0	0	0	0	198	0	0	0	0	0	0	0	0	0	0	0	0	0	0	0	5736	0	7074	0	0	0	166	0	0	0	0	0	0	0	0	0	0	0	0	0	0	0	0	0	0	0	0	0	0	0	0	0	0	0	0	0	0	0	0	0	0	0	0	0	0	
197984	Thalamus_L	26704	1014	5308	234	0	0	3232	178	0	0	130	0	0	0	0	0	878	0	3804	1942	0	0	0	0	0	0	0	0	4068	0	0	0	0	640	94	90	10706	722	1102	182	0	0	0	0	0	0	0	0	0	0	0	0	0	0	414	0	2092	206	0	0	0	0	0	0	0	0	0	0	10092	1590	11598	596	3218	0	2798	0	0	3398	504	0	678	0	0	0	0	0	0	0	780	0	0	0	0	0	0	0	0	0	0	0	0	0	0	0	0	0	0	0	0	0	0	0	0	0	0	0	
263832	Thalamus_R	820	28122	2686	3040	0	0	214	538	0	0	126	0	0	0	0	0	138	720	3200	27028	0	130	0	100	0	0	0	0	410	786	234	456	0	386	562	780	2542	5504	1070	1314	0	206	0	0	0	0	0	224	0	0	0	0	0	0	0	374	96	974	0	0	0	178	0	134	0	146	306	786	272	19258	986	21144	422	1838	0	166	3398	0	0	102	0	0	0	0	0	0	0	0	0	0	0	0	0	0	0	0	0	0	0	0	0	0	0	0	0	0	0	0	0	0	0	0	0	0	0	0	
74044	Heschl_L	2304	0	644	0	0	0	428	0	0	0	262	0	0	0	0	0	4076	0	552	0	0	0	0	0	0	0	0	0	5730	0	0	0	0	0	108	0	5656	0	0	0	0	0	0	0	0	0	112	0	0	0	364	0	0	0	3974	0	3484	0	0	0	462	0	1158	0	0	0	0	0	0	0	282	0	620	0	0	0	504	0	0	0	2470	0	0	0	948	0	0	0	2884	0	0	0	0	0	0	0	0	0	0	0	0	0	0	0	0	0	0	0	0	0	0	0	0	0	0	0	
16120	Heschl_R	0	0	0	144	0	0	0	0	0	0	0	0	0	0	0	0	0	1172	0	0	0	0	0	0	0	0	0	0	0	1112	0	0	0	0	0	0	0	220	0	90	0	0	0	0	0	0	0	0	0	0	0	0	0	288	0	930	0	0	0	0	0	0	0	212	0	0	0	0	0	0	0	0	0	92	0	0	0	102	0	0	0	1642	0	102	0	740	0	0	0	1214	0	0	0	0	0	0	0	0	0	0	0	0	0	0	0	0	0	0	0	0	0	0	0	0	0	0	
240348	Temporal_Sup_L	1268	0	1830	0	0	0	206	0	0	0	2430	0	1092	0	416	0	8188	0	1722	98	0	0	0	0	0	0	0	0	9598	0	120	0	0	98	96	0	2880	0	0	0	0	0	0	0	108	0	0	0	0	0	4084	0	0	0	3754	0	912	0	3954	0	4884	0	7546	0	5316	0	3536	0	266	106	0	0	1644	0	0	0	678	0	2470	0	0	0	4906	0	29440	0	0	0	16528	0	0	0	0	0	0	0	0	0	0	0	0	0	0	0	0	0	0	0	0	0	0	0	0	0	0	0	
82696	Temporal_Sup_R	0	0	0	128	0	0	0	0	0	0	0	120	0	0	0	0	0	1278	0	158	0	0	0	0	0	0	0	0	0	4420	0	0	0	112	0	0	0	2514	0	1264	0	0	0	0	0	0	0	0	0	0	0	244	0	416	0	4384	0	656	0	0	0	1012	0	4726	0	3228	0	226	0	108	0	0	0	266	0	0	0	0	0	1642	0	0	0	1290	0	10180	0	0	0	2976	0	0	0	0	0	0	0	0	0	0	0	0	0	0	0	0	0	0	0	0	0	0	0	0	0	0	
95236	Temporal_Pole_Sup_L	576	0	1948	0	386	0	248	0	0	0	3428	0	2462	0	1648	0	2560	0	1516	0	750	0	0	0	0	0	0	0	6310	0	212	0	0	0	0	0	2188	0	518	0	1394	0	0	0	0	0	0	0	0	0	0	0	0	0	590	0	0	0	0	0	0	0	0	0	0	0	0	0	106	0	92	0	1080	0	0	0	0	0	0	0	4906	0	0	0	7556	0	1870	0	5274	0	0	0	0	0	0	0	0	0	0	0	0	0	0	0	0	0	0	0	0	0	0	0	0	0	0	0	
52396	Temporal_Pole_Sup_R	0	0	0	234	0	0	0	134	0	0	0	550	0	0	0	94	0	656	0	334	0	0	0	122	0	0	0	0	0	1522	0	128	0	0	0	0	0	3404	0	1818	0	2140	0	0	0	0	0	0	0	0	0	0	0	0	0	2964	0	0	0	0	0	0	0	0	0	0	0	0	0	0	0	390	0	0	0	0	0	0	0	102	0	1290	0	0	0	1896	0	3682	0	4738	0	0	0	0	0	0	0	0	0	0	0	0	0	0	0	0	0	0	0	0	0	0	0	0	0	0	
321496	Temporal_Mid_L	206	0	362	0	0	0	0	0	0	0	540	0	190	0	0	0	3626	0	338	0	0	0	0	0	0	0	0	0	3644	0	0	0	0	210	648	0	1608	0	0	0	94	0	4052	0	2662	0	0	0	312	0	20032	0	2168	0	6974	0	1300	102	4098	0	7648	0	6728	0	10232	0	8214	0	420	210	0	0	354	0	0	0	0	0	948	0	29440	0	7556	0	0	0	2244	0	33588	0	0	0	0	0	0	0	0	0	0	0	0	0	0	0	0	0	0	0	0	0	0	0	0	0	0	0	
153352	Temporal_Mid_R	0	0	0	0	0	0	0	0	0	0	0	0	0	0	0	0	0	194	0	102	0	0	0	0	0	0	0	0	0	574	0	0	0	0	0	1272	0	1450	0	666	0	0	0	5664	0	446	0	1330	0	714	0	10778	0	2134	0	2730	0	2372	0	92	0	1596	0	2124	0	6530	0	6554	0	0	0	0	0	0	0	0	0	0	0	740	0	10180	0	1896	0	0	0	836	0	15702	0	0	0	0	0	0	0	0	0	0	0	0	0	0	0	0	0	0	0	0	0	0	0	0	0	0	
12752	Temporal_Pole_Mid_L	0	0	0	0	0	0	0	0	0	0	0	0	0	0	0	0	0	0	0	0	0	0	0	0	0	0	0	0	0	0	0	0	0	0	0	0	0	0	0	0	0	0	0	0	0	0	0	0	0	0	0	0	0	0	354	0	0	0	0	0	0	0	0	0	0	0	0	0	0	0	0	0	0	0	0	0	0	0	0	0	0	0	1870	0	2244	0	0	0	1908	0	0	0	0	0	0	0	0	0	0	0	0	0	0	0	0	0	0	0	0	0	0	0	0	0	0	0	
24040	Temporal_Pole_Mid_R	0	0	0	0	0	0	0	0	0	0	0	0	0	0	0	0	0	0	0	0	0	0	0	0	0	0	0	0	0	0	0	0	0	0	0	0	0	1410	0	882	0	1220	0	0	0	0	0	0	0	0	0	0	0	0	0	1682	0	0	0	0	0	0	0	0	0	0	0	0	0	0	0	0	0	0	0	0	0	0	0	0	0	0	0	3682	0	836	0	0	0	2308	0	0	0	0	0	0	0	0	0	0	0	0	0	0	0	0	0	0	0	0	0	0	0	0	0	0	
294508	Temporal_Inf_L	892	0	556	0	0	0	116	0	0	0	320	0	0	0	0	0	2654	0	506	166	0	0	0	0	0	0	0	0	7384	0	118	0	0	782	3300	1636	8764	284	390	0	1672	0	430	0	628	0	342	0	166	0	4764	0	2546	0	21832	1292	630	500	2642	0	4064	0	3052	0	4448	0	4110	376	446	846	0	0	1520	0	0	0	780	0	2884	0	16528	0	5274	0	33588	0	1908	0	0	250	1462	0	272	0	0	0	0	0	134	0	0	0	0	0	0	0	0	0	0	0	0	0	0	0	0	0	
176452	Temporal_Inf_R	0	602	0	0	0	0	0	0	0	0	0	0	0	0	0	0	0	218	0	136	0	0	0	0	0	0	0	0	0	716	0	0	0	116	1202	4294	0	7052	0	3364	0	1052	0	2948	0	436	0	760	0	350	126	454	0	6626	270	18976	0	2054	0	0	0	392	0	572	0	510	0	4808	110	0	0	0	0	264	0	0	0	0	0	1214	0	2976	0	4738	0	15702	0	2308	250	0	0	1842	0	0	0	0	0	104	0	370	0	0	0	0	0	0	0	0	0	0	314	0	0	0	0	0	
436276	Cerebelum_Crus1_L	0	0	0	0	0	0	0	0	0	0	0	0	0	0	0	0	0	0	0	0	0	0	0	0	0	0	0	0	0	0	0	0	0	0	0	0	0	0	1080	0	0	0	130	0	0	0	7392	512	0	0	0	0	0	110	21624	282	0	0	0	0	0	0	0	0	0	0	0	0	0	0	0	0	0	0	0	0	0	0	0	0	0	0	0	0	0	0	0	0	1462	0	0	2092	32180	5152	724	318	18020	820	54104	1864	15204	2830	22756	5150	6552	306	3190	0	228	554	1632	3722	7882	0	114	152	
408248	Cerebelum_Crus1_R	0	0	0	142	0	0	0	0	0	0	0	0	0	0	0	0	0	0	0	112	0	0	0	0	0	0	0	0	0	130	0	0	0	0	0	0	0	552	0	510	0	0	0	0	0	0	332	6748	0	0	0	0	0	366	0	18344	0	0	0	0	0	0	0	0	0	0	0	0	0	0	0	0	0	368	0	0	0	0	0	0	0	0	0	0	0	0	0	0	0	1842	2092	0	624	33998	544	3638	1696	18552	4148	53394	308	6908	698	18100	1828	3372	114	284	142	1856	5716	10028	4554	360	1486	238	
330644	Cerebelum_Crus2_L	0	0	0	0	0	0	0	0	0	0	0	0	0	0	0	0	0	0	0	0	0	0	0	0	0	0	0	0	0	0	0	0	0	0	0	0	0	0	104	0	0	0	0	0	0	0	424	178	0	0	0	0	0	0	4260	0	0	0	0	0	0	0	0	0	0	0	0	0	0	0	0	0	0	0	0	0	0	0	0	0	0	0	0	0	0	0	0	0	272	0	32180	624	0	4988	96	0	2148	106	11656	228	44000	3772	38720	4694	6028	102	3202	0	0	180	454	984	5034	888	0	0	
281444	Cerebelum_Crus2_R	0	0	0	120	0	0	0	0	0	0	0	0	0	0	0	0	0	0	0	0	0	0	0	0	0	0	0	0	0	0	0	0	0	0	0	0	0	354	0	368	0	0	0	0	0	0	0	256	0	0	0	0	0	0	0	1038	0	0	0	0	0	0	0	0	0	0	0	0	0	0	0	0	0	332	0	0	0	0	0	0	0	0	0	0	0	0	0	0	0	0	5152	33998	4988	0	0	202	0	1034	1342	8844	2600	25696	3594	33902	920	3978	0	484	0	0	0	2102	8786	526	106	0	
42648	Cerebelum_3_L	0	0	0	0	0	0	0	0	0	0	0	0	0	0	0	0	0	0	0	0	0	0	0	0	0	0	0	0	0	0	0	0	0	0	0	0	0	0	0	0	0	0	0	0	0	0	234	180	0	0	0	0	0	0	0	0	0	0	0	0	0	0	0	0	0	0	0	0	0	0	0	0	0	0	0	0	0	0	0	0	0	0	0	0	0	0	0	0	0	0	724	544	96	0	0	304	6234	274	2666	710	94	0	258	0	2322	340	150	0	946	1418	1772	1212	126	0	372	348	
70288	Cerebelum_3_R	0	0	0	0	0	0	0	0	0	0	0	0	0	0	0	0	0	0	0	0	0	0	0	0	0	0	0	0	0	0	0	0	0	0	0	0	0	0	0	90	0	0	0	0	0	0	170	358	0	0	0	0	0	0	0	258	0	0	0	0	0	0	0	0	0	0	0	0	0	0	0	0	0	0	0	0	0	0	0	0	0	0	0	0	0	0	0	0	0	0	318	3638	0	202	304	0	934	6240	812	6940	0	0	110	1068	314	2132	0	0	250	4478	2050	2200	438	290	1428	122	
268064	Cerebelum_4_5_L	0	0	0	0	0	0	0	0	0	0	0	0	0	0	0	0	0	0	0	0	0	0	0	0	0	0	0	0	0	0	0	0	0	0	0	0	220	0	2622	0	0	0	506	0	0	0	10256	1608	0	0	0	0	0	0	10470	810	0	0	0	0	0	0	0	0	0	0	204	0	0	0	0	0	0	0	0	0	0	0	0	0	0	0	0	0	0	0	0	0	0	0	18020	1696	2148	0	6234	934	0	4268	30448	3784	2504	0	3832	712	6814	594	2748	90	1322	2282	12532	3450	194	0	818	1912	
220308	Cerebelum_4_5_R	0	0	0	0	0	0	0	0	0	0	0	0	0	0	0	0	0	0	0	0	0	0	0	0	0	0	0	0	0	0	0	0	0	0	0	0	0	834	0	880	0	0	0	0	0	0	1158	7254	0	0	0	0	0	270	180	6872	0	0	0	0	0	0	0	0	0	0	0	452	0	0	0	0	0	106	0	0	0	0	0	0	0	0	0	0	0	0	0	0	0	104	820	18552	106	1034	274	6240	4268	0	2184	29650	94	0	216	3712	644	1600	152	182	216	2952	12970	3936	582	170	1242	248	
431824	Cerebelum_6_L	0	0	0	0	0	0	0	0	0	0	0	0	0	0	0	0	0	0	0	0	0	0	0	0	0	0	0	0	0	0	0	0	0	0	0	0	0	0	2170	0	0	0	248	0	0	0	12090	1790	0	0	146	202	212	372	25412	1486	0	0	0	0	0	0	0	0	0	0	0	0	0	0	0	0	0	0	0	0	0	0	0	0	0	0	0	0	0	0	0	0	134	0	54104	4148	11656	1342	2666	812	30448	2184	0	5354	7298	158	12460	1930	9584	990	3526	0	838	1554	5060	9280	4216	280	950	812	
392088	Cerebelum_6_R	0	0	0	146	0	0	0	0	0	0	0	0	0	0	0	0	0	0	0	118	0	0	0	0	0	0	0	0	0	130	0	0	0	0	0	0	0	586	0	564	0	0	0	0	0	0	684	9818	0	0	0	168	0	1650	116	19864	0	0	0	0	0	0	0	0	0	0	0	0	0	0	0	0	0	412	0	0	0	0	0	0	0	0	0	0	0	0	0	0	0	370	1864	53394	228	8844	710	6940	3784	29650	5354	0	136	792	332	7790	1792	3390	194	446	250	3506	11250	13780	3588	596	2472	336	
271960	Cerebelum_7b_L	0	0	0	0	0	0	0	0	0	0	0	0	0	0	0	0	0	0	0	0	0	0	0	0	0	0	0	0	0	0	0	0	0	0	0	0	0	0	640	0	0	0	0	0	0	0	218	0	0	0	0	0	0	0	2726	0	0	0	0	0	0	0	0	0	0	0	0	0	0	0	0	0	0	0	0	0	0	0	0	0	0	0	0	0	0	0	0	0	0	0	15204	308	44000	2600	94	0	2504	94	7298	136	0	2914	40032	3042	5340	94	2704	0	0	134	426	128	3658	1686	0	0	
168084	Cerebelum_7b_R	0	0	0	0	0	0	0	0	0	0	0	0	0	0	0	0	0	0	0	0	0	0	0	0	0	0	0	0	0	0	0	0	0	0	0	0	0	0	0	0	0	0	0	0	0	0	0	0	0	0	0	0	0	0	0	0	0	0	0	0	0	0	0	0	0	0	0	0	0	0	0	0	0	0	0	0	0	0	0	0	0	0	0	0	0	0	0	0	0	0	2830	6908	3772	25696	0	0	0	0	158	792	2914	0	3520	25846	398	3470	0	166	0	0	0	308	5398	1866	0	0	
379632	Cerebelum_8_L	0	0	0	0	0	0	0	0	0	0	0	0	0	0	0	0	0	0	0	0	0	0	0	0	0	0	0	0	0	0	0	0	0	0	0	0	0	0	574	0	0	0	0	0	0	0	456	0	0	0	0	0	0	0	3718	0	0	0	0	0	0	0	0	0	0	0	0	0	0	0	0	0	0	0	0	0	0	0	0	0	0	0	0	0	0	0	0	0	0	0	22756	698	38720	3594	258	110	3832	216	12460	332	40032	3520	0	8528	22242	2394	6640	0	0	206	648	870	9140	6000	1872	0	
322964	Cerebelum_8_R	0	0	0	0	0	0	0	0	0	0	0	0	0	0	0	0	0	0	0	0	0	0	0	0	0	0	0	0	0	0	0	0	0	0	0	0	0	0	0	0	0	0	0	0	0	0	138	126	0	0	0	0	0	0	0	384	0	0	0	0	0	0	0	0	0	0	0	0	0	0	0	0	0	0	0	0	0	0	0	0	0	0	0	0	0	0	0	0	0	0	5150	18100	4694	33902	0	1068	712	3712	1930	7790	3042	25846	8528	0	3230	16562	96	1158	0	324	1252	2454	12836	6464	1984	0	
199052	Cerebelum_9_L	0	0	0	0	0	0	0	0	0	0	0	0	0	0	0	0	0	0	0	0	0	0	0	0	0	0	0	0	0	0	0	0	0	0	0	0	0	0	0	0	0	0	0	0	0	0	580	224	0	0	0	0	0	0	988	298	0	0	0	0	0	0	0	0	0	0	0	0	0	0	0	0	0	0	0	0	0	0	0	0	0	0	0	0	0	0	0	0	0	0	6552	1828	6028	920	2322	314	6814	644	9584	1792	5340	398	22242	3230	0	2258	8420	0	478	784	2470	4130	4530	2938	2392	1028	
131748	Cerebelum_9_R	0	0	0	0	0	0	0	0	0	0	0	0	0	0	0	0	0	0	0	0	0	0	0	0	0	0	0	0	0	0	0	0	0	0	0	0	0	0	0	0	0	0	0	0	0	0	0	560	0	0	0	0	0	0	0	362	0	0	0	0	0	0	0	0	0	0	0	0	0	0	0	0	0	0	0	0	0	0	0	0	0	0	0	0	0	0	0	0	0	0	306	3372	102	3978	340	2132	594	1600	990	3390	94	3470	2394	16562	2258	0	0	1052	578	2276	1786	4202	2988	2912	6392	1184	
68208	Cerebelum_10_L	0	0	0	0	0	0	0	0	0	0	0	0	0	0	0	0	0	0	0	0	0	0	0	0	0	0	0	0	0	0	0	0	0	0	0	0	0	0	106	0	0	0	0	0	0	0	418	0	0	0	0	0	0	0	876	0	0	0	0	0	0	0	0	0	0	0	0	0	0	0	0	0	0	0	0	0	0	0	0	0	0	0	0	0	0	0	0	0	0	0	3190	114	3202	0	150	0	2748	152	3526	194	2704	0	6640	96	8420	0	0	0	0	164	816	304	152	0	132	0	
7960	Cerebelum_10_R	0	0	0	0	0	0	0	0	0	0	0	0	0	0	0	0	0	0	0	0	0	0	0	0	0	0	0	0	0	0	0	0	0	0	0	0	0	0	0	0	0	0	0	0	0	0	0	0	0	0	0	0	0	0	0	0	0	0	0	0	0	0	0	0	0	0	0	0	0	0	0	0	0	0	0	0	0	0	0	0	0	0	0	0	0	0	0	0	0	0	0	284	0	484	0	0	90	182	0	446	0	166	0	1158	0	1052	0	0	0	0	118	0	0	0	0	0	
24632	Vermis_1_2	0	0	0	0	0	0	0	0	0	0	0	0	0	0	0	0	0	0	0	0	0	0	0	0	0	0	0	0	0	0	0	0	0	0	0	0	0	0	0	0	0	0	0	0	0	0	106	232	0	0	0	0	0	0	0	0	0	0	0	0	0	0	0	0	0	0	0	0	0	0	0	0	0	0	0	0	0	0	0	0	0	0	0	0	0	0	0	0	0	0	228	142	0	0	946	250	1322	216	838	250	0	0	0	0	478	578	0	0	0	2926	1956	716	0	0	588	544	
72196	Vermis_3	0	0	0	0	0	0	0	0	0	0	0	0	0	0	0	0	0	0	0	0	0	0	0	0	0	0	0	0	0	0	0	0	0	0	0	0	0	0	0	0	0	0	0	0	0	0	272	480	0	0	0	0	0	0	0	144	0	0	0	0	0	0	0	0	0	0	0	0	0	0	0	0	0	0	0	0	0	0	0	0	0	0	0	0	0	0	0	0	0	0	554	1856	180	0	1418	4478	2282	2952	1554	3506	134	0	206	324	784	2276	164	0	2926	0	3914	2538	224	310	1888	734	
186952	Vermis_4_5	0	0	0	0	0	0	0	0	0	0	0	0	0	0	0	0	0	0	0	0	0	0	0	0	0	0	0	0	0	0	0	0	0	0	0	1146	0	360	0	220	0	0	432	0	0	0	3080	4944	0	0	0	0	0	328	894	3240	0	0	0	0	0	0	0	0	0	0	0	1322	0	0	0	0	0	0	0	0	0	0	0	0	0	0	0	0	0	0	0	0	0	314	1632	5716	454	0	1772	2050	12532	12970	5060	11250	426	0	648	1252	2470	1786	816	118	1956	3914	0	5618	90	0	1928	2738	
