data	data	623016	433740	1.06876e+06	959720	217196	107244	584012	324240	105600	24512	216624	197008	267840	162256	231508	90468	240112	113512	812772	847548	142540	179460	486364	562044	70012	102776	114252	115580	633112	348264	427532	482848	189748	558004	134624	176380	314956	345344	133496	240396	54152	75480	255204	372952	177532	329400	217512	317712	232272	293748	410424	194760	162500	73124	436400	477752	310688	267828	85532	85020	179200	100900	115868	133624	133908	155720	220564	521160	326776	274364	556612	428580	364424	380696	49384	61932	214452	260368	65804	20416	213240	174420	116420	61332	325528	272084	21988	19168	322700	213240	388932	441640	412332	419776	40516	96172	197260	228128	363632	399440	291184	200472	325824	385572	135120	188532	44940	14868	15608	89864	161664	111480	283984	170260	129724	19788	
data	data	Precentral_L	Precentral_R	Frontal_Sup_L	Frontal_Sup_R	Frontal_Sup_Orb_L	Frontal_Sup_Orb_R	Frontal_Mid_L	Frontal_Mid_R	Frontal_Mid_Orb_L	Frontal_Mid_Orb_R	Frontal_Inf_Oper_L	Frontal_Inf_Oper_R	Frontal_Inf_Tri_L	Frontal_Inf_Tri_R	Frontal_Inf_Orb_L	Frontal_Inf_Orb_R	Rolandic_Oper_L	Rolandic_Oper_R	Supp_Motor_Area_L	Supp_Motor_Area_R	Olfactory_L	Olfactory_R	Frontal_Sup_Medial_L	Frontal_Sup_Medial_R	Frontal_Med_Orb_L	Frontal_Med_Orb_R	Rectus_L	Rectus_R	Insula_L	Insula_R	Cingulum_Ant_L	Cingulum_Ant_R	Cingulum_Mid_L	Cingulum_Mid_R	Cingulum_Post_L	Cingulum_Post_R	Hippocampus_L	Hippocampus_R	ParaHippocampal_L	ParaHippocampal_R	Amygdala_L	Amygdala_R	Calcarine_L	Calcarine_R	Cuneus_L	Cuneus_R	Lingual_L	Lingual_R	Occipital_Sup_L	Occipital_Sup_R	Occipital_Mid_L	Occipital_Mid_R	Occipital_Inf_L	Occipital_Inf_R	Fusiform_L	Fusiform_R	Postcentral_L	Postcentral_R	Parietal_Sup_L	Parietal_Sup_R	Parietal_Inf_L	Parietal_Inf_R	SupraMarginal_L	SupraMarginal_R	Angular_L	Angular_R	Precuneus_L	Precuneus_R	Paracentral_Lobule_L	Paracentral_Lobule_R	Caudate_L	Caudate_R	Putamen_L	Putamen_R	Pallidum_L	Pallidum_R	Thalamus_L	Thalamus_R	Heschl_L	Heschl_R	Temporal_Sup_L	Temporal_Sup_R	Temporal_Pole_Sup_L	Temporal_Pole_Sup_R	Temporal_Mid_L	Temporal_Mid_R	Temporal_Pole_Mid_L	Temporal_Pole_Mid_R	Temporal_Inf_L	Temporal_Inf_R	Cerebelum_Crus1_L	Cerebelum_Crus1_R	Cerebelum_Crus2_L	Cerebelum_Crus2_R	Cerebelum_3_L	Cerebelum_3_R	Cerebelum_4_5_L	Cerebelum_4_5_R	Cerebelum_6_L	Cerebelum_6_R	Cerebelum_7b_L	Cerebelum_7b_R	Cerebelum_8_L	Cerebelum_8_R	Cerebelum_9_L	Cerebelum_9_R	Cerebelum_10_L	Cerebelum_10_R	Vermis_1_2	Vermis_3	Vermis_4_5	Vermis_6	Vermis_7	Vermis_8	Vermis_9	Vermis_10	
623016	Precentral_L	0	12622	16926	9372	0	0	14990	2238	0	0	10540	0	1646	0	0	0	11326	0	11356	17636	0	0	0	0	0	0	0	0	10314	0	0	0	1740	5894	5050	3758	9274	1544	1578	118	0	0	480	356	332	242	414	200	1122	154	4122	0	1054	0	1458	116	31996	1268	0	0	5340	0	740	220	1568	264	828	1978	43792	5612	15610	502	4394	0	1136	0	19288	6104	3154	0	3130	0	318	0	4190	300	0	0	1804	0	0	0	0	0	0	0	0	0	0	0	0	0	0	0	0	0	0	0	0	0	0	0	0	0	0	0	
433740	Precentral_R	12622	0	1772	23960	0	0	472	3784	0	0	0	4124	0	0	0	0	0	3320	2004	11472	0	0	292	0	0	0	0	0	146	3034	336	106	362	1150	3232	4784	2462	8236	304	1380	0	0	0	1922	0	1368	0	1092	0	1404	0	1010	0	248	158	1456	1068	24666	0	652	0	1800	0	3724	0	1166	146	6052	8222	8172	6738	12854	176	1802	886	170	7968	24122	128	714	0	1834	0	0	0	3334	0	0	0	2464	0	0	0	0	0	0	0	0	0	0	0	0	0	0	0	0	0	0	0	0	0	0	0	0	0	0	
1.06876e+06	Frontal_Sup_L	16926	1772	0	15650	8782	144	77010	3290	4094	0	11794	626	22526	332	9764	162	11662	0	86872	18014	774	322	49314	22972	3226	258	542	188	42362	392	23734	10382	6146	16850	0	0	1982	176	618	0	190	0	0	0	0	0	0	0	0	0	0	0	0	0	836	0	3708	0	0	0	120	0	0	0	0	0	0	0	4352	0	15846	1056	20912	422	2480	0	6628	900	924	0	3126	0	1914	0	180	0	0	0	1130	0	0	0	0	0	0	0	0	0	0	0	0	0	0	0	0	0	0	0	0	0	0	0	0	0	0	0	
959720	Frontal_Sup_R	9372	23960	15650	0	202	2984	7736	41284	0	396	228	11480	372	8234	0	1764	170	6232	22788	62382	158	224	9266	51950	214	3372	176	600	1396	13958	7178	31884	1066	18360	1570	1174	1602	5180	168	1812	0	0	0	0	0	0	0	520	0	0	0	0	0	0	90	1358	870	1670	0	0	0	0	0	0	0	0	0	106	2896	0	14040	33286	2920	21910	384	4864	5226	22552	0	0	0	190	0	304	0	0	0	0	0	132	0	0	0	0	0	0	0	0	0	0	0	0	0	0	0	0	0	0	0	0	0	0	0	0	0	0	
217196	Frontal_Sup_Orb_L	0	0	8782	202	0	1038	2198	0	13724	0	102	0	1862	0	18966	428	0	0	264	0	6330	4536	4012	764	5654	460	8526	1766	7608	0	6912	808	0	0	0	0	204	0	316	0	472	210	0	0	0	0	0	0	0	0	0	0	0	0	0	0	0	0	0	0	0	0	0	0	0	0	0	0	0	0	5256	3200	2580	548	0	0	0	0	0	0	0	0	870	0	0	0	0	0	0	0	0	0	0	0	0	0	0	0	0	0	0	0	0	0	0	0	0	0	0	0	0	0	0	0	0	0	
107244	Frontal_Sup_Orb_R	0	0	144	2984	1038	0	0	796	398	3680	0	0	0	0	816	4460	0	0	0	0	1754	3598	324	3624	94	6168	1210	8312	0	1340	1156	1818	0	0	0	0	0	0	0	0	0	204	0	0	0	0	0	0	0	0	0	0	0	0	0	0	0	0	0	0	0	0	0	0	0	0	0	0	0	0	1798	4140	182	3584	0	0	0	0	0	0	0	0	0	0	0	0	0	0	0	0	0	0	0	0	0	0	0	0	0	0	0	0	0	0	0	0	0	0	0	0	0	0	0	0	0	0	
584012	Frontal_Mid_L	14990	472	77010	7736	2198	0	0	2248	3208	0	11478	0	34314	0	11862	0	4086	0	18656	7650	348	100	25386	11340	0	0	0	0	22360	0	6376	4266	4480	9642	0	0	1164	0	244	0	0	0	0	0	0	0	0	0	0	0	0	0	0	0	126	0	384	0	0	0	0	0	0	0	0	0	0	0	258	0	4532	116	2076	0	744	0	1348	206	110	0	162	0	220	0	0	0	0	0	110	0	0	0	0	0	0	0	0	0	0	0	0	0	0	0	0	0	0	0	0	0	0	0	0	0	0	0	
324240	Frontal_Mid_R	2238	3784	3290	41284	0	796	2248	0	0	1148	150	9090	0	15748	0	2570	124	1144	3704	6206	0	0	3580	11616	0	0	0	0	990	7464	2824	4720	158	2690	0	122	0	1636	0	562	0	0	0	0	0	0	0	0	0	0	0	0	0	0	0	470	822	394	0	0	0	0	0	0	0	0	0	90	0	0	13776	3172	2612	5938	0	906	940	2600	0	0	0	238	0	0	0	186	0	0	0	90	0	0	0	0	0	0	0	0	0	0	0	0	0	0	0	0	0	0	0	0	0	0	0	0	0	0	
105600	Frontal_Mid_Orb_L	0	0	4094	0	13724	398	3208	0	0	0	0	0	1918	0	14408	180	0	0	110	0	1802	1590	0	0	332	0	2906	770	2384	0	452	210	0	0	0	0	0	0	0	0	0	0	0	0	0	0	0	0	0	0	0	0	0	0	0	0	0	0	0	0	0	0	0	0	0	0	0	0	0	0	1756	1030	1046	240	0	0	0	0	0	0	0	0	242	0	0	0	0	0	0	0	0	0	0	0	0	0	0	0	0	0	0	0	0	0	0	0	0	0	0	0	0	0	0	0	0	0	
24512	Frontal_Mid_Orb_R	0	0	0	396	0	3680	0	1148	0	0	0	0	0	108	0	5224	0	0	0	0	0	180	0	0	0	0	0	392	0	436	0	0	0	0	0	0	0	0	0	0	0	0	0	0	0	0	0	0	0	0	0	0	0	0	0	0	0	0	0	0	0	0	0	0	0	0	0	0	0	0	0	194	0	498	0	0	0	0	0	0	0	0	0	0	0	0	0	0	0	0	0	0	0	0	0	0	0	0	0	0	0	0	0	0	0	0	0	0	0	0	0	0	0	0	0	0	
216624	Frontal_Inf_Oper_L	10540	0	11794	228	102	0	11478	150	0	0	0	0	14598	0	232	0	12150	0	8360	158	0	0	868	200	0	0	0	0	22414	0	390	148	0	148	0	0	768	0	122	0	0	0	0	0	0	0	0	0	0	0	0	0	0	0	248	0	2776	0	0	0	0	0	0	0	0	0	0	0	0	0	778	0	1862	0	0	0	558	0	500	0	2586	0	3968	0	0	0	0	0	188	0	0	0	0	0	0	0	0	0	0	0	0	0	0	0	0	0	0	0	0	0	0	0	0	0	0	0	
197008	Frontal_Inf_Oper_R	0	4124	626	11480	0	0	0	9090	0	0	0	0	0	13442	0	114	0	5662	1724	6652	0	0	772	2046	0	0	0	0	98	21358	876	3710	0	1026	0	0	0	992	0	358	0	0	0	0	0	0	0	0	0	0	0	0	0	0	0	150	0	3116	0	0	0	0	0	0	0	0	0	0	0	0	2182	1352	342	4632	0	1058	0	748	0	0	0	304	0	470	0	0	0	0	0	0	0	0	0	0	0	0	0	0	0	0	0	0	0	0	0	0	0	0	0	0	0	0	0	0	0	0	
267840	Frontal_Inf_Tri_L	1646	0	22526	372	1862	0	34314	0	1918	0	14598	0	0	0	14450	0	1086	0	7206	342	264	0	2456	482	0	0	0	0	23762	0	970	250	350	452	0	0	258	0	94	0	0	0	0	0	0	0	0	0	0	0	0	0	0	0	92	0	594	0	0	0	0	0	0	0	0	0	0	0	0	0	424	0	1128	0	0	0	104	0	0	0	312	0	1514	0	0	0	0	0	94	0	0	0	0	0	0	0	0	0	0	0	0	0	0	0	0	0	0	0	0	0	0	0	0	0	0	0	
162256	Frontal_Inf_Tri_R	0	0	332	8234	0	0	0	15748	0	108	0	13442	0	0	0	4278	0	746	1392	2690	0	0	154	3842	0	0	0	0	0	13748	314	6158	0	1226	0	0	0	486	0	440	0	0	0	0	0	0	0	0	0	0	0	0	0	0	0	354	0	0	0	0	0	0	0	0	0	0	0	0	0	0	394	1334	204	4560	0	840	0	0	0	0	0	0	0	104	0	0	0	0	0	0	0	0	0	0	0	0	0	0	0	0	0	0	0	0	0	0	0	0	0	0	0	0	0	0	0	0	
231508	Frontal_Inf_Orb_L	0	0	9764	0	18966	816	11862	0	14408	0	232	0	14450	0	0	346	0	0	408	0	4794	3480	1100	200	1062	110	4572	1258	14794	0	1142	402	190	112	0	0	116	0	140	0	276	188	0	0	0	0	0	0	0	0	0	0	0	0	0	0	0	0	0	0	0	0	0	0	0	0	0	0	0	0	4034	2500	2226	420	0	0	0	0	0	0	0	0	1386	0	0	0	0	0	0	0	0	0	0	0	0	0	0	0	0	0	0	0	0	0	0	0	0	0	0	0	0	0	0	0	0	0	
90468	Frontal_Inf_Orb_R	0	0	162	1764	428	4460	0	2570	180	5224	0	114	0	4278	346	0	0	0	184	292	722	2604	0	190	0	130	444	2532	0	8314	144	454	0	0	0	0	0	318	0	156	0	780	0	0	0	0	0	0	0	0	0	0	0	0	0	0	0	0	0	0	0	0	0	0	0	0	0	0	0	0	892	1754	168	3154	0	0	0	0	0	0	0	1078	0	1230	0	168	0	0	0	0	0	0	0	0	0	0	0	0	0	0	0	0	0	0	0	0	0	0	0	0	0	0	0	0	0	0	
240112	Rolandic_Oper_L	11326	0	11662	170	0	0	4086	124	0	0	12150	0	1086	0	0	0	0	0	10730	184	0	0	300	0	0	0	0	0	25490	0	0	0	96	0	100	0	1830	0	458	0	0	0	112	0	90	0	92	0	108	0	572	0	338	0	1476	0	10418	0	0	0	216	0	2106	0	152	0	146	0	292	0	1384	0	1494	0	0	0	758	0	4316	0	9186	0	2454	0	2512	0	0	0	1638	0	208	0	0	0	0	0	0	0	196	0	0	0	0	0	0	0	0	0	0	0	0	0	0	0	0	0	
113512	Rolandic_Oper_R	0	3320	0	6232	0	0	0	1144	0	0	0	5662	0	746	0	0	0	0	292	5758	0	0	0	0	0	0	0	0	0	10462	0	458	0	0	0	0	0	668	0	132	0	0	0	0	0	0	0	0	0	0	0	0	0	0	0	210	0	4686	0	0	0	106	0	2842	0	92	0	340	0	808	0	598	0	2578	0	520	0	324	0	1414	0	5566	0	634	0	718	0	0	0	446	0	0	0	0	0	0	0	0	0	0	0	0	0	0	0	0	0	0	0	0	0	0	0	0	0	0	
812772	Supp_Motor_Area_L	11356	2004	86872	22788	264	0	18656	3704	110	0	8360	1724	7206	1392	408	184	10730	292	0	47110	0	0	13846	15240	0	0	0	0	26888	2460	12908	9990	8994	31058	0	160	1248	0	386	0	0	0	0	0	0	0	0	0	0	0	0	0	0	0	788	0	3776	0	0	0	140	0	0	0	0	0	0	174	6210	182	15068	1372	21230	882	3630	170	496	0	920	0	2940	0	798	0	178	0	0	0	1094	0	0	0	0	0	0	0	0	0	0	0	0	0	0	0	0	0	0	0	0	0	0	0	0	0	0	0	
847548	Supp_Motor_Area_R	17636	11472	18014	62382	0	0	7650	6206	0	0	158	6652	342	2690	0	292	184	5758	47110	0	0	0	5276	14920	0	0	0	0	1072	9818	1562	7188	3256	41062	1906	7122	0	1288	0	550	0	0	170	4428	0	6140	0	836	0	7518	0	4936	0	160	0	1078	998	8192	0	280	0	622	0	1250	0	2112	196	14170	20770	24924	8076	15016	680	9720	0	1456	96	742	0	0	0	986	0	270	0	4066	0	0	0	2320	0	0	0	0	0	0	0	0	0	0	0	0	0	0	0	0	0	0	0	0	0	0	0	0	0	0	
142540	Olfactory_L	0	0	774	158	6330	1754	348	0	1802	0	0	0	264	0	4794	722	0	0	0	0	0	9564	354	242	1154	818	7208	3730	2772	318	3950	2254	0	0	0	0	446	0	668	0	996	270	0	0	0	0	0	0	0	0	0	0	0	0	130	0	0	0	0	0	0	0	0	0	0	0	0	0	0	0	10426	6040	1526	1150	0	0	0	0	0	0	0	0	308	0	0	0	0	0	0	0	0	0	0	0	0	0	0	0	0	0	0	0	0	0	0	0	0	0	0	0	0	0	0	0	0	0	
179460	Olfactory_R	0	0	322	224	4536	3598	100	0	1590	180	0	0	0	0	3480	2604	0	0	0	0	9564	0	344	394	220	2126	6326	7390	342	3358	3002	3514	0	0	0	0	0	550	0	510	400	1506	0	0	0	0	0	0	0	0	0	0	0	0	0	92	0	0	0	0	0	0	0	0	0	0	0	0	0	0	13226	11448	4878	3674	100	0	0	0	0	0	0	0	132	0	0	0	0	0	0	0	0	0	0	0	0	0	0	0	0	0	0	0	0	0	0	0	0	0	0	0	0	0	0	0	0	0	
486364	Frontal_Sup_Medial_L	0	292	49314	9266	4012	324	25386	3580	0	0	868	772	2456	154	1100	0	300	0	13846	5276	354	344	0	32810	4576	1168	502	324	5196	134	28964	13876	6678	16030	0	0	0	0	0	0	0	0	0	0	0	0	0	0	0	0	0	0	0	0	0	0	0	0	0	0	0	0	0	0	0	0	0	0	0	0	6970	936	6412	694	0	0	268	0	0	0	0	0	0	0	0	0	0	0	0	0	0	0	0	0	0	0	0	0	0	0	0	0	0	0	0	0	0	0	0	0	0	0	0	0	0	0	
562044	Frontal_Sup_Medial_R	0	0	22972	51950	764	3624	11340	11616	0	0	200	2046	482	3842	200	190	0	0	15240	14920	242	394	32810	0	1426	6652	222	1178	1158	1674	14326	35532	3056	24810	0	0	0	0	0	0	0	0	0	0	0	0	0	0	0	0	0	0	0	0	0	0	0	0	0	0	0	0	0	0	0	0	0	0	0	0	2136	7322	1712	6400	0	498	0	88	0	0	0	0	0	0	0	0	0	0	0	0	0	0	0	0	0	0	0	0	0	0	0	0	0	0	0	0	0	0	0	0	0	0	0	0	0	0	
70012	Frontal_Med_Orb_L	0	0	3226	214	5654	94	0	0	332	0	0	0	0	0	1062	0	0	0	0	0	1154	220	4576	1426	0	2096	2270	460	350	0	9416	964	0	0	0	0	0	0	0	0	0	0	0	0	0	0	0	0	0	0	0	0	0	0	0	0	0	0	0	0	0	0	0	0	0	0	0	0	0	0	1046	156	290	0	0	0	0	0	0	0	0	0	0	0	0	0	0	0	0	0	0	0	0	0	0	0	0	0	0	0	0	0	0	0	0	0	0	0	0	0	0	0	0	0	0	0	
102776	Frontal_Med_Orb_R	0	0	258	3372	460	6168	0	0	0	0	0	0	0	0	110	130	0	0	0	0	818	2126	1168	6652	2096	0	456	7608	0	0	5528	8466	0	0	0	0	0	0	0	0	0	0	0	0	0	0	0	0	0	0	0	0	0	0	0	0	0	0	0	0	0	0	0	0	0	0	0	0	0	0	542	3370	152	1908	0	0	0	0	0	0	0	0	0	0	0	0	0	0	0	0	0	0	0	0	0	0	0	0	0	0	0	0	0	0	0	0	0	0	0	0	0	0	0	0	0	0	
114252	Rectus_L	0	0	542	176	8526	1210	0	0	2906	0	0	0	0	0	4572	444	0	0	0	0	7208	6326	502	222	2270	456	0	2810	314	0	4818	1876	0	0	0	0	0	0	0	0	0	210	0	0	0	0	0	0	0	0	0	0	0	0	0	0	0	0	0	0	0	0	0	0	0	0	0	0	0	0	6484	3860	514	784	0	0	0	0	0	0	0	0	96	0	0	0	0	0	0	0	0	0	0	0	0	0	0	0	0	0	0	0	0	0	0	0	0	0	0	0	0	0	0	0	0	0	
115580	Rectus_R	0	0	188	600	1766	8312	0	0	770	392	0	0	0	0	1258	2532	0	0	0	0	3730	7390	324	1178	460	7608	2810	0	130	1808	2242	4432	0	0	0	0	0	0	0	0	0	406	0	0	0	0	0	0	0	0	0	0	0	0	0	0	0	0	0	0	0	0	0	0	0	0	0	0	0	0	3278	3514	412	2250	0	0	0	0	0	0	0	0	0	0	0	0	0	0	0	0	0	0	0	0	0	0	0	0	0	0	0	0	0	0	0	0	0	0	0	0	0	0	0	0	0	0	
633112	Insula_L	10314	146	42362	1396	7608	0	22360	990	2384	0	22414	98	23762	0	14794	0	25490	0	26888	1072	2772	342	5196	1158	350	0	314	130	0	138	3314	1314	654	1184	778	204	11564	268	3124	0	2292	0	250	0	390	0	158	0	240	0	962	0	666	0	7038	0	5894	0	0	0	142	0	760	0	210	0	710	0	138	0	5690	376	15876	154	0	0	3014	334	6364	0	9918	0	6304	0	4094	0	0	0	8700	0	510	0	0	0	0	0	0	0	490	0	0	0	0	0	0	0	0	0	0	0	0	0	0	0	0	0	
348264	Insula_R	0	3034	392	13958	0	1340	0	7464	0	436	0	21358	0	13748	0	8314	0	10462	2460	9818	318	3358	134	1674	0	0	0	1808	138	0	268	3532	0	1780	0	0	0	8264	0	3988	0	2644	0	106	0	0	0	0	0	0	0	0	0	112	0	5900	0	1566	0	0	0	0	0	0	0	0	0	90	0	0	1348	2142	484	22632	0	1512	0	750	0	1750	0	7376	0	1840	0	2276	0	0	0	3558	0	0	0	0	0	0	0	0	0	0	0	0	0	0	0	0	0	0	0	0	0	0	0	0	0	0	
427532	Cingulum_Ant_L	0	336	23734	7178	6912	1156	6376	2824	452	0	390	876	970	314	1142	144	0	0	12908	1562	3950	3002	28964	14326	9416	5528	4818	2242	3314	268	0	25878	4940	6776	194	0	0	0	0	0	0	0	0	0	0	0	0	0	0	0	0	0	0	0	0	0	0	0	0	0	0	0	0	0	0	0	0	0	0	0	13878	4154	12490	2052	0	0	302	0	0	0	0	0	0	0	0	0	0	0	0	0	0	0	0	0	0	0	0	0	0	0	0	0	0	0	0	0	0	0	0	0	0	0	0	0	0	0	
482848	Cingulum_Ant_R	0	106	10382	31884	808	1818	4266	4720	210	0	148	3710	250	6158	402	454	0	458	9990	7188	2254	3514	13876	35532	964	8466	1876	4432	1314	3532	25878	0	3088	17910	0	162	0	0	0	0	0	0	0	0	0	0	0	0	0	0	0	0	0	0	0	0	0	0	0	0	0	0	0	0	0	0	0	0	0	0	5904	14012	3578	11416	0	764	0	0	0	0	0	0	0	0	0	0	0	0	0	0	0	0	0	0	0	0	0	0	0	0	0	0	0	0	0	0	0	0	0	0	0	0	0	0	0	0	
189748	Cingulum_Mid_L	1740	362	6146	1066	0	0	4480	158	0	0	0	0	350	0	190	0	96	0	8994	3256	0	0	6678	3056	0	0	0	0	654	0	4940	3088	0	15256	2914	544	0	0	0	0	0	0	588	286	606	432	0	0	4586	260	4768	0	386	0	176	0	1268	0	404	0	1890	0	856	0	2154	0	3128	1316	4616	376	530	0	202	0	0	0	0	0	0	0	182	0	0	0	1270	0	0	0	626	0	0	0	0	0	0	0	0	0	0	0	0	0	0	0	0	0	0	0	0	0	0	0	0	0	0	0	
558004	Cingulum_Mid_R	5894	1150	16850	18360	0	0	9642	2690	0	0	148	1026	452	1226	112	0	0	0	31058	41062	0	0	16030	24810	0	0	0	0	1184	1780	6776	17910	15256	0	1202	5940	0	0	0	0	0	0	0	3694	0	6396	0	968	0	2898	0	852	0	0	0	462	0	2256	0	128	0	0	0	140	0	290	1190	15490	8832	10572	2094	356	470	646	0	256	0	0	0	0	0	0	0	0	0	336	0	0	0	118	0	0	0	0	0	0	0	0	0	0	0	0	0	0	0	0	0	0	0	0	0	0	0	0	0	0	
134624	Cingulum_Post_L	5050	3232	0	1570	0	0	0	0	0	0	0	0	0	0	0	0	100	0	0	1906	0	0	0	0	0	0	0	0	778	0	194	0	2914	1202	0	7698	6032	3560	1008	1184	0	0	790	0	1746	160	438	568	1254	0	558	0	914	0	1550	846	442	0	0	0	102	0	0	0	166	0	5592	714	3502	1760	142	0	0	0	0	0	2620	5150	280	0	0	0	0	0	1390	0	0	0	200	0	0	0	0	0	0	0	0	0	0	0	0	0	0	0	0	0	0	0	0	0	0	0	0	0	0	0	
176380	Cingulum_Post_R	3758	4784	0	1174	0	0	0	122	0	0	0	0	0	0	0	0	0	0	160	7122	0	0	0	0	0	0	0	0	204	0	0	162	544	5940	7698	0	4196	6228	720	2122	0	0	0	1356	0	1356	0	1642	0	556	0	192	0	114	438	1760	178	822	0	0	0	156	0	218	0	280	1110	12394	1974	6826	164	0	0	0	0	0	2818	6146	414	0	0	118	0	0	0	1054	0	0	174	996	0	0	0	0	0	0	0	0	0	0	0	0	0	0	0	0	0	0	0	0	0	0	0	0	0	0	
314956	Hippocampus_L	9274	2462	1982	1602	204	0	1164	0	0	0	768	0	258	0	116	0	1830	0	1248	0	446	0	0	0	0	0	0	0	11564	0	0	0	0	0	6032	4196	0	3300	19018	1182	9254	0	1428	0	0	0	4214	652	0	0	152	0	520	0	21730	812	1544	0	0	0	0	0	0	0	0	0	3780	140	784	0	1472	0	8526	0	844	0	8702	5234	2038	0	2270	0	1550	0	902	0	0	0	13432	0	322	0	0	0	0	0	160	0	370	0	0	0	0	0	0	0	0	0	0	0	0	0	0	0	0	0	
345344	Hippocampus_R	1544	8236	176	5180	0	0	0	1636	0	0	0	992	0	486	0	318	0	668	0	1288	0	550	0	0	0	0	0	0	268	8264	0	0	0	0	3560	6228	3300	0	592	36000	0	10946	0	1628	0	0	96	4722	0	0	0	0	0	588	332	31666	0	448	0	0	0	0	0	0	0	0	518	4524	134	0	776	414	160	14022	0	2256	1416	8102	212	236	0	1900	0	666	0	1114	0	0	118	4276	0	244	0	0	0	154	0	1462	0	256	0	0	0	0	0	0	0	0	0	0	0	0	0	0	0	0	
133496	ParaHippocampal_L	1578	304	618	168	316	0	244	0	0	0	122	0	94	0	140	0	458	0	386	0	668	0	0	0	0	0	0	0	3124	0	0	0	0	0	1008	720	19018	592	0	242	2504	0	834	0	0	0	3562	0	0	0	0	0	292	0	13230	190	122	0	0	0	0	0	0	0	0	0	1558	0	208	0	140	0	2570	0	0	0	952	826	0	0	306	0	828	0	0	0	554	0	5848	0	160	0	0	0	810	0	1032	0	198	0	0	0	0	0	0	0	0	0	0	224	0	0	0	0	0	0	
240396	ParaHippocampal_R	118	1380	0	1812	0	0	0	562	0	0	0	358	0	440	0	156	0	132	0	550	0	510	0	0	0	0	0	0	0	3988	0	0	0	0	1184	2122	1182	36000	242	0	0	9234	0	1050	0	0	0	5256	0	0	0	0	0	396	114	27792	0	0	0	0	0	0	0	0	0	0	296	2046	0	0	124	176	0	9264	0	2042	212	3884	0	0	0	532	0	1982	0	362	0	986	0	938	0	326	0	100	0	188	0	1770	0	392	0	0	0	0	0	0	0	0	0	0	0	0	0	0	0	0	
54152	Amygdala_L	0	0	190	0	472	0	0	0	0	0	0	0	0	0	276	0	0	0	0	0	996	400	0	0	0	0	0	0	2292	0	0	0	0	0	0	0	9254	0	2504	0	0	0	0	0	0	0	0	0	0	0	0	0	0	0	5034	0	0	0	0	0	0	0	0	0	0	0	0	0	0	0	606	370	1412	0	0	0	206	0	0	0	0	0	962	0	0	0	0	0	2102	0	0	0	0	0	0	0	0	0	0	0	0	0	0	0	0	0	0	0	0	0	0	0	0	0	0	0	
75480	Amygdala_R	0	0	0	0	210	204	0	0	0	0	0	0	0	0	188	780	0	0	0	0	270	1506	0	0	0	0	210	406	0	2644	0	0	0	0	0	0	0	10946	0	9234	0	0	0	0	0	0	0	0	0	0	0	0	0	0	0	6096	0	0	0	0	0	0	0	0	0	0	0	0	0	0	334	436	0	1824	0	0	0	0	0	0	0	0	0	1978	0	0	0	372	0	0	0	0	0	0	0	0	0	102	0	0	0	0	0	0	0	0	0	0	0	0	0	0	0	0	0	0	
255204	Calcarine_L	480	0	0	0	0	0	0	0	0	0	0	0	0	0	0	0	112	0	0	170	0	0	0	0	0	0	0	0	250	0	0	0	588	0	790	0	1428	0	834	0	0	0	0	9452	16328	5016	9680	1858	10266	2104	24896	1388	9238	0	7578	326	1932	0	0	0	256	0	220	0	476	0	15186	604	1934	0	0	0	0	0	0	0	0	0	0	0	94	0	0	0	3398	216	0	0	504	0	0	0	0	0	0	0	0	0	0	0	0	0	0	0	0	0	0	0	0	0	0	0	0	0	0	0	
372952	Calcarine_R	356	1922	0	0	0	0	0	0	0	0	0	0	0	0	0	0	0	0	0	4428	0	0	0	0	0	0	0	0	0	106	0	0	286	3694	0	1356	0	1628	0	1050	0	0	9452	0	7098	25338	1988	25006	0	18242	0	11264	0	7112	0	13296	0	3976	0	170	0	274	0	648	0	1302	328	32648	512	4112	0	0	0	0	0	0	0	0	0	0	0	426	0	0	0	4834	0	0	0	3494	0	0	0	0	0	0	0	0	0	130	0	0	0	0	0	0	0	0	0	0	0	0	0	0	0	0	
177532	Cuneus_L	332	0	0	0	0	0	0	0	0	0	0	0	0	0	0	0	90	0	0	0	0	0	0	0	0	0	0	0	390	0	0	0	606	0	1746	0	0	0	0	0	0	0	16328	7098	0	8692	644	966	17158	3080	9912	470	934	0	760	0	1652	0	570	0	304	0	112	0	348	0	11572	970	1930	0	0	0	0	0	0	0	0	0	0	0	0	0	0	0	1966	0	0	0	136	0	0	0	0	0	0	0	0	0	0	0	0	0	0	0	0	0	0	0	0	0	0	0	0	0	0	0	
329400	Cuneus_R	242	1368	0	0	0	0	0	0	0	0	0	0	0	0	0	0	0	0	0	6140	0	0	0	0	0	0	0	0	0	0	0	0	432	6396	160	1356	0	0	0	0	0	0	5016	25338	8692	0	646	6198	0	35832	0	12900	0	224	0	2088	0	3926	0	3158	0	448	0	542	0	2038	2664	28308	320	7834	0	0	0	0	0	0	0	0	0	0	0	112	0	0	0	1726	0	0	0	596	0	0	0	0	0	0	0	0	0	0	0	0	0	0	0	0	0	0	0	0	0	0	0	0	0	0	
217512	Lingual_L	414	0	0	0	0	0	0	0	0	0	0	0	0	0	0	0	92	0	0	0	0	0	0	0	0	0	0	0	158	0	0	0	0	0	438	0	4214	96	3562	0	0	0	9680	1988	644	646	0	2230	3298	516	7882	304	9496	0	18518	192	164	0	0	0	0	0	0	0	126	0	5818	0	120	0	0	0	0	0	0	0	316	156	0	0	0	0	0	0	1868	0	0	0	426	0	7894	606	1030	528	0	94	6594	424	11400	932	0	0	0	166	298	252	0	0	0	134	1646	2024	834	158	240	140	
317712	Lingual_R	200	1092	0	520	0	0	0	0	0	0	0	0	0	0	0	0	0	0	0	836	0	0	0	0	0	0	0	0	0	0	0	0	0	968	568	1642	652	4722	0	5256	0	0	1858	25006	966	6198	2230	0	0	6832	0	4702	0	3848	192	23604	0	1510	0	0	0	140	0	244	0	392	268	15480	210	1742	0	0	0	0	0	0	0	1778	0	0	0	126	0	0	0	1140	0	0	0	888	2074	4906	886	1298	158	330	1286	5984	3036	9592	94	0	112	282	102	758	0	0	0	222	4578	4536	1570	316	568	358	
232272	Occipital_Sup_L	1122	0	0	0	0	0	0	0	0	0	0	0	0	0	0	0	108	0	0	0	0	0	0	0	0	0	0	0	240	0	0	0	4586	0	1254	0	0	0	0	0	0	0	10266	0	17158	0	3298	0	0	0	33524	0	3234	0	1972	0	5412	0	11404	0	7390	0	156	0	1698	0	8926	398	2530	0	0	0	0	0	0	0	0	0	0	0	0	0	0	0	1230	0	0	0	230	0	0	0	0	0	0	0	0	0	0	0	0	0	0	0	0	0	0	0	0	0	0	0	0	0	0	0	
293748	Occipital_Sup_R	154	1404	0	0	0	0	0	0	0	0	0	0	0	0	0	0	0	0	0	7518	0	0	0	0	0	0	0	0	0	0	0	0	260	2898	0	556	0	0	0	0	0	0	2104	18242	3080	35832	516	6832	0	0	0	21512	0	798	0	1824	0	3336	0	5212	0	684	0	408	0	5824	272	19168	172	5262	0	0	0	0	0	0	0	0	0	0	0	218	0	0	0	2176	0	0	0	612	0	0	0	0	0	0	0	0	0	0	0	0	0	0	0	0	0	0	0	0	0	0	0	0	0	0	
410424	Occipital_Mid_L	4122	0	0	0	0	0	0	0	0	0	0	0	0	0	0	0	572	0	0	0	0	0	0	0	0	0	0	0	962	0	0	0	4768	0	558	0	152	0	0	0	0	0	24896	0	9912	0	7882	0	33524	0	0	0	22100	0	10310	0	8650	0	9990	0	13774	0	1664	0	19664	0	7724	0	4276	0	0	0	0	0	0	0	0	0	234	0	164	0	0	0	15666	0	0	0	3648	0	0	0	0	0	0	0	0	0	0	0	0	0	0	0	0	0	0	0	0	0	0	0	0	0	0	0	
194760	Occipital_Mid_R	0	1010	0	0	0	0	0	0	0	0	0	0	0	0	0	0	0	0	0	4936	0	0	0	0	0	0	0	0	0	0	0	0	0	852	0	192	0	0	0	0	0	0	1388	11264	470	12900	304	4702	0	21512	0	0	0	1908	0	2056	0	1018	0	1216	0	2456	0	900	0	11174	0	7756	0	1178	0	0	0	0	0	0	0	0	0	0	0	522	0	0	0	7106	0	0	0	560	0	0	0	0	0	0	0	0	0	0	0	0	0	0	0	0	0	0	0	0	0	0	0	0	0	0	
162500	Occipital_Inf_L	1054	0	0	0	0	0	0	0	0	0	0	0	0	0	0	0	338	0	0	0	0	0	0	0	0	0	0	0	666	0	0	0	386	0	914	0	520	0	292	0	0	0	9238	0	934	0	9496	0	3234	0	22100	0	0	0	15448	0	836	0	0	0	94	0	88	0	992	0	3690	0	682	0	0	0	0	0	0	0	0	0	274	0	104	0	0	0	6948	0	0	0	2922	0	0	0	0	0	0	0	0	0	0	0	0	0	0	0	0	0	0	0	0	0	0	0	0	0	0	0	
73124	Occipital_Inf_R	0	248	0	0	0	0	0	0	0	0	0	0	0	0	0	0	0	0	0	160	0	0	0	0	0	0	0	0	0	112	0	0	0	0	0	114	0	588	0	396	0	0	0	7112	0	224	0	3848	0	798	0	1908	0	0	0	5692	0	178	0	0	0	0	0	518	0	146	0	3778	0	198	0	0	0	0	0	0	0	0	0	0	0	644	0	0	0	2776	0	0	0	5536	0	728	0	140	0	0	0	134	0	586	0	0	0	0	0	0	0	0	0	0	0	0	0	0	0	0	
436400	Fusiform_L	1458	158	836	90	0	0	126	0	0	0	248	0	92	0	0	0	1476	0	788	0	130	0	0	0	0	0	0	0	7038	0	0	0	176	0	1550	438	21730	332	13230	114	5034	0	7578	0	760	0	18518	192	1972	0	10310	0	15448	0	0	100	586	0	0	0	0	0	0	0	396	0	5680	0	254	0	0	0	2074	0	0	0	1050	440	692	0	4430	0	1256	0	4800	0	884	0	25200	0	21730	0	2340	0	292	0	7722	0	24618	128	1178	0	1260	0	318	0	118	0	0	0	362	370	100	0	0	0	
477752	Fusiform_R	116	1456	0	1358	0	0	0	470	0	0	0	150	0	354	0	0	0	210	0	1078	0	92	0	0	0	0	0	0	0	5900	0	0	0	462	846	1760	812	31666	190	27792	0	6096	326	13296	0	2088	192	23604	0	1824	0	2056	0	5692	100	0	0	1130	0	0	0	144	0	492	0	366	218	9852	0	870	90	200	0	6632	0	858	134	2370	0	202	0	4250	0	5068	0	4370	0	1582	0	12000	196	15678	258	2532	0	1326	106	9830	312	19278	0	112	0	1470	0	688	0	0	0	400	2494	986	1696	348	352	0	
310688	Postcentral_L	31996	1068	3708	870	0	0	384	822	0	0	2776	0	594	0	0	0	10418	0	3776	998	0	0	0	0	0	0	0	0	5894	0	0	0	1268	0	442	178	1544	0	122	0	0	0	1932	0	1652	0	164	0	5412	0	8650	0	836	0	586	0	0	0	5012	0	18046	0	8530	0	3068	0	3982	0	5854	0	8402	0	1216	0	0	0	828	192	3016	0	4252	0	98	0	4636	0	0	0	2122	0	0	0	0	0	0	0	0	0	0	0	0	0	0	0	0	0	0	0	0	0	0	0	0	0	0	0	
267828	Postcentral_R	1268	24666	0	1670	0	0	0	394	0	0	0	3116	0	0	0	0	0	4686	0	8192	0	0	0	0	0	0	0	0	0	1566	0	0	0	2256	0	822	0	448	0	0	0	0	0	3976	0	3926	0	1510	0	3336	0	1018	0	178	0	1130	0	0	0	5740	0	8902	0	9850	0	4094	0	16054	1276	12748	188	644	0	1364	0	134	0	428	0	346	0	2064	0	0	0	3854	0	0	0	2070	0	0	0	0	0	0	0	0	0	0	0	0	0	0	0	0	0	0	0	0	0	0	0	0	0	0	
85532	Parietal_Sup_L	0	0	0	0	0	0	0	0	0	0	0	0	0	0	0	0	0	0	0	0	0	0	0	0	0	0	0	0	0	0	0	0	404	0	0	0	0	0	0	0	0	0	0	0	570	0	0	0	11404	0	9990	0	0	0	0	0	5012	0	0	0	7014	0	0	0	528	0	7338	0	506	0	0	0	0	0	0	0	0	0	0	0	0	0	0	0	0	0	0	0	0	0	0	0	0	0	0	0	0	0	0	0	0	0	0	0	0	0	0	0	0	0	0	0	0	0	0	0	
85020	Parietal_Sup_R	0	652	0	0	0	0	0	0	0	0	0	0	0	0	0	0	0	0	0	280	0	0	0	0	0	0	0	0	0	0	0	0	0	128	0	0	0	0	0	0	0	0	0	170	0	3158	0	0	0	5212	0	1216	0	0	0	0	0	5740	0	0	0	7240	0	3166	0	3736	568	8810	0	2010	0	0	0	0	0	0	0	0	0	0	0	0	0	0	0	242	0	0	0	182	0	0	0	0	0	0	0	0	0	0	0	0	0	0	0	0	0	0	0	0	0	0	0	0	0	0	
179200	Parietal_Inf_L	5340	0	120	0	0	0	0	0	0	0	0	0	0	0	0	0	216	0	140	0	0	0	0	0	0	0	0	0	142	0	0	0	1890	0	102	0	0	0	0	0	0	0	256	0	304	0	0	0	7390	0	13774	0	94	0	0	0	18046	0	7014	0	0	0	13526	0	12184	0	1114	0	2266	0	1574	0	0	0	0	0	0	0	0	0	276	0	0	0	2284	0	0	0	1548	0	0	0	0	0	0	0	0	0	0	0	0	0	0	0	0	0	0	0	0	0	0	0	0	0	0	0	
100900	Parietal_Inf_R	0	1800	0	0	0	0	0	0	0	0	0	0	0	0	0	0	0	106	0	622	0	0	0	0	0	0	0	0	0	0	0	0	0	0	0	156	0	0	0	0	0	0	0	274	0	448	0	140	0	684	0	2456	0	0	0	144	0	8902	0	7240	0	0	0	11468	0	11726	0	1902	0	982	0	0	0	0	0	0	0	0	0	0	0	304	0	0	0	888	0	0	0	208	0	0	0	0	0	0	0	0	0	0	0	0	0	0	0	0	0	0	0	0	0	0	0	0	0	0	
115868	SupraMarginal_L	740	0	0	0	0	0	0	0	0	0	0	0	0	0	0	0	2106	0	0	0	0	0	0	0	0	0	0	0	760	0	0	0	856	0	0	0	0	0	0	0	0	0	220	0	112	0	0	0	156	0	1664	0	88	0	0	0	8530	0	0	0	13526	0	0	0	7804	0	186	0	1924	0	270	0	0	0	0	0	0	0	360	0	5618	0	0	0	8590	0	0	0	4424	0	0	0	0	0	0	0	0	0	0	0	0	0	0	0	0	0	0	0	0	0	0	0	0	0	0	0	
133624	SupraMarginal_R	220	3724	0	0	0	0	0	0	0	0	0	0	0	0	0	0	0	2842	0	1250	0	0	0	0	0	0	0	0	0	0	0	0	0	140	0	218	0	0	0	0	0	0	0	648	0	542	0	244	0	408	0	900	0	518	0	492	0	9850	0	3166	0	11468	0	0	0	7858	0	2750	232	1710	0	0	0	0	0	0	0	0	0	0	0	7682	0	0	0	6578	0	0	0	3372	0	0	0	0	0	0	0	0	0	0	0	0	0	0	0	0	0	0	0	0	0	0	0	0	0	0	
133908	Angular_L	1568	0	0	0	0	0	0	0	0	0	0	0	0	0	0	0	152	0	0	0	0	0	0	0	0	0	0	0	210	0	0	0	2154	0	166	0	0	0	0	0	0	0	476	0	348	0	126	0	1698	0	19664	0	992	0	396	0	3068	0	528	0	12184	0	7804	0	0	0	780	0	2182	0	0	0	0	0	0	0	0	0	0	0	784	0	0	0	8166	0	0	0	3508	0	0	0	0	0	0	0	0	0	0	0	0	0	0	0	0	0	0	0	0	0	0	0	0	0	0	0	
155720	Angular_R	264	1166	0	0	0	0	0	0	0	0	0	0	0	0	0	0	0	92	0	2112	0	0	0	0	0	0	0	0	0	0	0	0	0	290	0	280	0	0	0	0	0	0	0	1302	0	2038	0	392	0	5824	0	11174	0	146	0	366	0	4094	0	3736	0	11726	0	7858	0	0	0	5248	264	2484	0	0	0	0	0	0	0	0	0	0	0	2826	0	0	0	11314	0	0	0	2864	0	0	0	0	0	0	0	0	0	0	0	0	0	0	0	0	0	0	0	0	0	0	0	0	0	0	
220564	Precuneus_L	828	146	0	0	0	0	0	0	0	0	0	0	0	0	0	0	146	0	0	196	0	0	0	0	0	0	0	0	710	0	0	0	3128	1190	5592	1110	3780	518	1558	296	0	0	15186	328	11572	2664	5818	268	8926	272	7724	0	3690	0	5680	218	3982	0	7338	568	1114	0	186	0	780	0	0	5862	3460	320	130	0	0	0	0	0	154	482	0	0	122	0	0	0	3356	0	0	0	884	0	0	0	0	0	0	0	0	0	0	0	0	0	0	0	0	0	0	0	0	0	0	0	0	0	0	0	
521160	Precuneus_R	1978	6052	0	106	0	0	0	90	0	0	0	0	0	0	0	0	0	340	174	14170	0	0	0	0	0	0	0	0	0	90	0	0	1316	15490	714	12394	140	4524	0	2046	0	0	604	32648	970	28308	0	15480	398	19168	0	7756	0	3778	0	9852	0	16054	0	8810	0	1902	0	2750	0	5248	5862	0	2526	21682	0	0	0	0	0	0	0	346	0	0	0	1432	0	0	0	8978	0	0	0	6404	0	0	0	0	0	0	0	0	0	0	0	0	0	0	0	0	0	0	0	0	0	0	0	0	0	0	
326776	Paracentral_Lobule_L	43792	8222	4352	2896	0	0	258	0	0	0	0	0	0	0	0	0	292	0	6210	20770	0	0	0	0	0	0	0	0	138	0	0	0	4616	8832	3502	1974	784	134	208	0	0	0	1934	512	1930	320	120	210	2530	172	4276	0	682	0	254	0	5854	1276	506	0	2266	0	1924	232	2182	264	3460	2526	0	6910	3438	300	88	0	612	0	5408	1002	0	0	638	0	0	0	3022	302	0	0	1258	0	0	0	0	0	0	0	0	0	0	0	0	0	0	0	0	0	0	0	0	0	0	0	0	0	0	0	
274364	Paracentral_Lobule_R	5612	8172	0	0	0	0	0	0	0	0	0	0	0	0	0	0	0	808	182	24924	0	0	0	0	0	0	0	0	0	0	0	0	376	10572	1760	6826	0	0	0	0	0	0	0	4112	0	7834	0	1742	0	5262	0	1178	0	198	0	870	0	12748	0	2010	0	982	0	1710	0	2484	320	21682	6910	0	0	0	0	0	0	0	0	0	0	0	0	848	0	0	0	4410	0	0	0	2650	0	0	0	0	0	0	0	0	0	0	0	0	0	0	0	0	0	0	0	0	0	0	0	0	0	0	
556612	Caudate_L	15610	6738	15846	14040	5256	1798	4532	13776	1756	0	778	2182	424	394	4034	892	1384	0	15068	8076	10426	13226	6970	2136	1046	542	6484	3278	5690	1348	13878	5904	530	2094	142	164	1472	776	140	124	606	334	0	0	0	0	0	0	0	0	0	0	0	0	0	90	8402	188	0	0	1574	0	270	0	0	0	130	0	3438	0	0	16474	28888	4614	4978	472	15904	2154	388	0	190	118	140	0	0	0	0	0	0	0	0	0	0	0	0	0	0	0	0	0	0	0	0	0	0	0	0	0	0	0	0	0	0	0	0	0	
428580	Caudate_R	502	12854	1056	33286	3200	4140	116	3172	1030	194	0	1352	0	1334	2500	1754	0	598	1372	15016	6040	11448	936	7322	156	3370	3860	3514	376	2142	4154	14012	0	356	0	0	0	414	0	176	370	436	0	0	0	0	0	0	0	0	0	0	0	0	0	200	0	644	0	0	0	0	0	0	0	0	0	0	300	0	16474	0	6596	22642	468	3592	2134	18568	0	0	0	0	114	0	0	0	0	0	0	0	0	0	0	0	0	0	0	0	0	0	0	0	0	0	0	0	0	0	0	0	0	0	0	0	0	0	
364424	Putamen_L	4394	176	20912	2920	2580	182	2076	2612	1046	0	1862	342	1128	204	2226	168	1494	0	21230	680	1526	4878	6412	1712	290	152	514	412	15876	484	12490	3578	202	470	0	0	8526	160	2570	0	1412	0	0	0	0	0	0	0	0	0	0	0	0	0	2074	0	1216	0	0	0	0	0	0	0	0	0	0	0	88	0	28888	6596	0	2622	5912	112	2798	286	174	0	812	0	772	0	0	0	0	0	1966	0	0	0	0	0	0	0	0	0	0	0	0	0	0	0	0	0	0	0	0	0	0	0	0	0	0	0	
380696	Putamen_R	0	1802	422	21910	548	3584	0	5938	240	498	0	4632	0	4560	420	3154	0	2578	882	9720	1150	3674	694	6400	0	1908	784	2250	154	22632	2052	11416	0	646	0	0	0	14022	0	9264	0	1824	0	0	0	0	0	0	0	0	0	0	0	0	0	6632	0	1364	0	0	0	0	0	0	0	0	0	0	0	0	4614	22642	2622	0	0	8254	0	1990	0	134	0	604	0	144	0	502	0	0	0	1088	0	0	0	0	0	0	0	0	0	0	0	0	0	0	0	0	0	0	0	0	0	0	0	0	0	0	
49384	Pallidum_L	1136	886	2480	384	0	0	744	0	0	0	0	0	0	0	0	0	0	0	3630	0	0	100	0	0	0	0	0	0	0	0	0	0	0	0	0	0	844	0	0	0	0	0	0	0	0	0	0	0	0	0	0	0	0	0	0	0	0	0	0	0	0	0	0	0	0	0	0	0	612	0	4978	468	5912	0	0	0	2378	140	0	0	0	0	0	0	0	0	0	0	0	0	0	0	0	0	0	0	0	0	0	0	0	0	0	0	0	0	0	0	0	0	0	0	0	0	0	0	
61932	Pallidum_R	0	170	0	4864	0	0	0	906	0	0	0	1058	0	840	0	0	0	520	170	1456	0	0	0	498	0	0	0	0	0	1512	0	764	0	256	0	0	0	2256	0	2042	0	0	0	0	0	0	0	0	0	0	0	0	0	0	0	858	0	134	0	0	0	0	0	0	0	0	0	0	0	0	472	3592	112	8254	0	0	0	232	0	0	0	0	0	0	0	0	0	0	0	0	0	0	0	0	0	0	0	0	0	0	0	0	0	0	0	0	0	0	0	0	0	0	0	0	0	0	
214452	Thalamus_L	19288	7968	6628	5226	0	0	1348	940	0	0	558	0	104	0	0	0	758	0	496	96	0	0	268	0	0	0	0	0	3014	0	302	0	0	0	2620	2818	8702	1416	952	212	206	0	0	0	0	0	316	0	0	0	0	0	0	0	1050	134	828	0	0	0	0	0	0	0	0	0	154	0	5408	0	15904	2134	2798	0	2378	0	0	10230	980	0	216	0	0	0	268	0	0	0	508	0	0	0	0	0	0	0	0	0	0	0	0	0	0	0	0	0	0	0	0	0	0	0	0	0	0	0	
260368	Thalamus_R	6104	24122	900	22552	0	0	206	2600	0	0	0	748	0	0	0	0	0	324	0	742	0	0	0	88	0	0	0	0	334	750	0	0	0	0	5150	6146	5234	8102	826	3884	0	0	0	0	0	0	156	1778	0	0	0	0	0	0	440	2370	192	428	0	0	0	0	0	0	0	0	482	346	1002	0	2154	18568	286	1990	140	232	10230	0	422	0	0	0	0	0	0	0	0	0	156	0	0	0	0	0	0	0	0	0	0	0	0	0	0	0	0	0	0	0	0	0	0	0	0	0	0	0	
65804	Heschl_L	3154	128	924	0	0	0	110	0	0	0	500	0	0	0	0	0	4316	0	920	0	0	0	0	0	0	0	0	0	6364	0	0	0	0	0	280	414	2038	212	0	0	0	0	0	0	0	0	0	0	0	0	234	0	274	0	692	0	3016	0	0	0	0	0	360	0	0	0	0	0	0	0	388	0	174	0	0	0	980	422	0	0	4404	0	0	0	2234	0	0	0	364	0	0	0	0	0	0	0	0	0	0	0	0	0	0	0	0	0	0	0	0	0	0	0	0	0	0	0	
20416	Heschl_R	0	714	0	0	0	0	0	0	0	0	0	0	0	0	0	0	0	1414	0	0	0	0	0	0	0	0	0	0	0	1750	0	0	0	0	0	0	0	236	0	0	0	0	0	0	0	0	0	0	0	0	0	0	0	0	0	202	0	346	0	0	0	0	0	0	0	0	0	0	0	0	0	0	0	134	0	0	0	0	0	0	0	3658	0	110	0	1058	0	0	0	586	0	0	0	0	0	0	0	0	0	0	0	0	0	0	0	0	0	0	0	0	0	0	0	0	0	0	
213240	Temporal_Sup_L	3130	0	3126	0	0	0	162	0	0	0	2586	0	312	0	0	0	9186	0	2940	0	0	0	0	0	0	0	0	0	9918	0	0	0	182	0	0	0	2270	0	306	0	0	0	94	0	0	0	0	0	0	0	164	0	104	0	4430	0	4252	0	0	0	276	0	5618	0	784	0	122	0	638	0	190	0	812	0	0	0	216	0	4404	0	0	0	6570	0	27516	0	0	0	15718	0	306	0	0	0	0	0	0	0	288	0	0	0	0	0	0	0	0	0	0	0	0	0	0	0	0	0	
174420	Temporal_Sup_R	0	1834	0	190	0	0	0	238	0	0	0	304	0	0	0	1078	0	5566	0	986	0	0	0	0	0	0	0	0	0	7376	0	0	0	0	0	118	0	1900	0	532	0	0	0	426	0	112	0	126	0	218	0	522	0	644	0	4250	0	2064	0	0	0	304	0	7682	0	2826	0	1432	0	848	118	0	0	604	0	0	0	0	0	3658	0	0	0	5094	0	24204	0	506	0	11450	0	0	0	0	0	0	0	0	0	0	0	0	0	0	0	0	0	0	0	0	0	0	0	0	0	0	
116420	Temporal_Pole_Sup_L	318	0	1914	0	870	0	220	0	242	0	3968	0	1514	0	1386	0	2454	0	798	0	308	132	0	0	0	0	96	0	6304	0	0	0	0	0	0	0	1550	0	828	0	962	0	0	0	0	0	0	0	0	0	0	0	0	0	1256	0	98	0	0	0	0	0	0	0	0	0	0	0	0	0	140	114	772	0	0	0	0	0	0	0	6570	0	0	0	11382	0	3376	0	10638	0	0	0	0	0	0	0	0	0	0	0	0	0	0	0	0	0	0	0	0	0	0	0	0	0	0	0	
61332	Temporal_Pole_Sup_R	0	0	0	304	0	0	0	0	0	0	0	470	0	104	0	1230	0	634	0	270	0	0	0	0	0	0	0	0	0	1840	0	0	0	0	0	0	0	666	0	1982	0	1978	0	0	0	0	0	0	0	0	0	0	0	0	0	5068	0	0	0	0	0	0	0	0	0	0	0	0	0	0	0	0	0	144	0	0	0	0	0	110	0	5094	0	0	0	4682	0	3370	0	2720	0	0	0	0	0	0	0	0	0	0	0	0	0	0	0	0	0	0	0	0	0	0	0	0	0	0	
325528	Temporal_Mid_L	4190	0	180	0	0	0	0	0	0	0	0	0	0	0	0	0	2512	0	178	0	0	0	0	0	0	0	0	0	4094	0	0	0	1270	0	1390	0	902	0	0	0	0	0	3398	0	1966	0	1868	0	1230	0	15666	0	6948	0	4800	0	4636	0	0	0	2284	0	8590	0	8166	0	3356	0	3022	0	0	0	0	0	0	0	268	0	2234	0	27516	0	11382	0	0	0	2868	0	37850	0	0	0	0	0	0	0	0	0	0	0	0	0	0	0	0	0	0	0	0	0	0	0	0	0	0	0	
272084	Temporal_Mid_R	300	3334	0	0	0	0	0	186	0	0	0	0	0	0	0	168	0	718	0	4066	0	0	0	0	0	0	0	0	0	2276	0	0	0	336	0	1054	0	1114	0	362	0	0	216	4834	0	1726	0	1140	0	2176	0	7106	0	2776	0	4370	0	3854	0	242	0	888	0	6578	0	11314	0	8978	302	4410	0	0	0	502	0	0	0	0	0	1058	0	24204	0	4682	0	0	0	1308	0	29464	0	0	0	0	0	0	0	0	0	0	0	0	0	0	0	0	0	0	0	0	0	0	0	0	0	0	
21988	Temporal_Pole_Mid_L	0	0	0	0	0	0	0	0	0	0	0	0	0	0	0	0	0	0	0	0	0	0	0	0	0	0	0	0	0	0	0	0	0	0	0	0	0	0	554	0	0	0	0	0	0	0	0	0	0	0	0	0	0	0	884	0	0	0	0	0	0	0	0	0	0	0	0	0	0	0	0	0	0	0	0	0	0	0	0	0	0	0	3376	0	2868	0	0	0	3312	0	0	0	0	0	0	0	0	0	0	0	0	0	0	0	0	0	0	0	0	0	0	0	0	0	0	0	
19168	Temporal_Pole_Mid_R	0	0	0	0	0	0	0	0	0	0	0	0	0	0	0	0	0	0	0	0	0	0	0	0	0	0	0	0	0	0	0	0	0	0	0	0	0	0	0	986	0	372	0	0	0	0	0	0	0	0	0	0	0	0	0	1582	0	0	0	0	0	0	0	0	0	0	0	0	0	0	0	0	0	0	0	0	0	0	0	0	0	506	0	3370	0	1308	0	0	0	1460	0	0	0	0	0	0	0	0	0	0	0	0	0	0	0	0	0	0	0	0	0	0	0	0	0	0	
322700	Temporal_Inf_L	1804	0	1130	0	0	0	110	0	0	0	188	0	94	0	0	0	1638	0	1094	0	0	0	0	0	0	0	0	0	8700	0	0	0	626	0	200	174	13432	118	5848	0	2102	0	504	0	136	0	426	0	230	0	3648	0	2922	0	25200	0	2122	0	0	0	1548	0	4424	0	3508	0	884	0	1258	0	0	0	1966	0	0	0	508	156	364	0	15718	0	10638	0	37850	0	3312	0	0	0	3276	0	706	0	0	0	126	0	1112	0	482	0	660	0	220	0	188	0	0	0	0	0	0	0	0	0	
213240	Temporal_Inf_R	0	2464	0	132	0	0	0	90	0	0	0	0	0	0	0	0	0	446	0	2320	0	0	0	0	0	0	0	0	0	3558	0	0	0	118	0	996	0	4276	0	938	0	0	0	3494	0	596	0	888	0	612	0	560	0	5536	0	12000	0	2070	0	182	0	208	0	3372	0	2864	0	6404	0	2650	0	0	0	1088	0	0	0	0	0	586	0	11450	0	2720	0	29464	0	1460	0	0	0	2012	0	310	0	0	0	0	0	184	0	116	0	456	0	0	0	0	0	0	0	0	0	0	0	0	
388932	Cerebelum_Crus1_L	0	0	0	0	0	0	0	0	0	0	0	0	0	0	0	0	208	0	0	0	0	0	0	0	0	0	0	0	510	0	0	0	0	0	0	0	322	0	160	0	0	0	0	0	0	0	7894	2074	0	0	0	0	0	0	21730	196	0	0	0	0	0	0	0	0	0	0	0	0	0	0	0	0	0	0	0	0	0	0	0	0	306	0	0	0	0	0	0	0	3276	0	0	1420	29436	1176	2406	292	17772	678	51664	2788	11430	92	13938	1814	4178	1424	1528	0	182	564	2464	4370	4730	1200	2032	212	
441640	Cerebelum_Crus1_R	0	0	0	0	0	0	0	0	0	0	0	0	0	0	0	0	0	0	0	0	0	0	0	0	0	0	0	0	0	0	0	0	0	0	0	0	0	244	0	326	0	0	0	0	0	0	606	4906	0	0	0	0	0	728	0	15678	0	0	0	0	0	0	0	0	0	0	0	0	0	0	0	0	0	0	0	0	0	0	0	0	0	0	0	0	0	0	0	0	0	2012	1420	0	4772	35610	0	5638	1686	21398	2164	48288	1458	7966	1868	25208	156	6678	0	556	0	3896	7164	2394	12600	2886	2514	0	
412332	Cerebelum_Crus2_L	0	0	0	0	0	0	0	0	0	0	0	0	0	0	0	0	0	0	0	0	0	0	0	0	0	0	0	0	0	0	0	0	0	0	0	0	0	0	0	0	0	0	0	0	0	0	1030	886	0	0	0	0	0	0	2340	258	0	0	0	0	0	0	0	0	0	0	0	0	0	0	0	0	0	0	0	0	0	0	0	0	0	0	0	0	0	0	0	0	706	0	29436	4772	0	15186	800	476	2868	764	11018	2476	38372	7262	36190	7972	8388	2142	3648	0	0	474	1004	1836	17310	6184	2368	0	
419776	Cerebelum_Crus2_R	0	0	0	0	0	0	0	0	0	0	0	0	0	0	0	0	0	0	0	0	0	0	0	0	0	0	0	0	0	0	0	0	0	0	0	0	0	0	0	100	0	0	0	0	0	0	528	1298	0	0	0	0	0	140	0	2532	0	0	0	0	0	0	0	0	0	0	0	0	0	0	0	0	0	0	0	0	0	0	0	0	0	0	0	0	0	0	0	0	0	310	1176	35610	15186	0	102	3716	1506	5834	1802	13454	7198	26688	5820	39946	204	8510	0	288	0	3290	4154	1684	20580	6246	1986	0	
40516	Cerebelum_3_L	0	0	0	0	0	0	0	0	0	0	0	0	0	0	0	0	0	0	0	0	0	0	0	0	0	0	0	0	0	0	0	0	0	0	0	0	0	0	810	0	0	0	0	0	0	0	0	158	0	0	0	0	0	0	292	0	0	0	0	0	0	0	0	0	0	0	0	0	0	0	0	0	0	0	0	0	0	0	0	0	0	0	0	0	0	0	0	0	0	0	2406	0	800	102	0	142	6328	0	3024	118	108	0	294	132	1838	180	0	0	770	1062	958	334	136	0	176	90	
96172	Cerebelum_3_R	0	0	0	0	0	0	0	0	0	0	0	0	0	0	0	0	0	0	0	0	0	0	0	0	0	0	0	0	0	0	0	0	0	0	0	0	0	154	0	188	0	0	0	0	0	0	94	330	0	0	0	0	0	0	0	1326	0	0	0	0	0	0	0	0	0	0	0	0	0	0	0	0	0	0	0	0	0	0	0	0	0	0	0	0	0	0	0	0	0	0	292	5638	476	3716	142	0	394	6950	370	7472	132	142	272	3058	98	1868	0	96	122	5988	2408	450	3118	1254	1538	0	
197260	Cerebelum_4_5_L	0	0	0	0	0	0	0	0	0	0	0	0	0	0	0	0	0	0	0	0	0	0	0	0	0	0	0	0	0	0	0	0	0	0	0	0	160	0	1032	0	0	0	0	0	0	0	6594	1286	0	0	0	0	0	0	7722	106	0	0	0	0	0	0	0	0	0	0	0	0	0	0	0	0	0	0	0	0	0	0	0	0	0	0	0	0	0	0	0	0	126	0	17772	1686	2868	1506	6328	394	0	1906	25332	2180	766	0	1484	1272	3414	632	94	0	1064	1702	6872	1220	1268	560	836	448	
228128	Cerebelum_4_5_R	0	0	0	0	0	0	0	0	0	0	0	0	0	0	0	0	0	0	0	0	0	0	0	0	0	0	0	0	0	0	0	0	0	0	0	0	0	1462	0	1770	0	102	0	0	0	0	424	5984	0	0	0	0	0	134	0	9830	0	0	0	0	0	0	0	0	0	0	0	0	0	0	0	0	0	0	0	0	0	0	0	0	0	0	0	0	0	0	0	0	0	0	678	21398	764	5834	0	6950	1906	0	1150	28828	356	194	678	4200	182	830	0	276	0	3670	9704	618	3940	1232	866	104	
363632	Cerebelum_6_L	0	0	0	0	0	0	0	0	0	0	0	0	0	0	0	0	196	0	0	0	0	0	0	0	0	0	0	0	490	0	0	0	0	0	0	0	370	0	198	0	0	0	0	0	0	0	11400	3036	0	0	0	0	0	0	24618	312	0	0	0	0	0	0	0	0	0	0	0	0	0	0	0	0	0	0	0	0	0	0	0	0	288	0	0	0	0	0	0	0	1112	0	51664	2164	11018	1802	3024	370	25332	1150	0	4242	3912	186	4966	1270	4280	2026	466	92	372	966	4208	7816	3962	1282	2386	840	
399440	Cerebelum_6_R	0	0	0	0	0	0	0	0	0	0	0	0	0	0	0	0	0	0	0	0	0	0	0	0	0	0	0	0	0	0	0	0	0	0	0	0	0	256	0	392	0	0	0	130	0	0	932	9592	0	0	0	0	0	586	128	19278	0	0	0	0	0	0	0	0	0	0	0	0	0	0	0	0	0	0	0	0	0	0	0	0	0	0	0	0	0	0	0	0	0	184	2788	48288	2476	13454	118	7472	2180	28828	4242	0	766	1500	1322	9800	314	5372	0	758	160	4208	9298	5880	10126	4132	4652	108	
291184	Cerebelum_7b_L	0	0	0	0	0	0	0	0	0	0	0	0	0	0	0	0	0	0	0	0	0	0	0	0	0	0	0	0	0	0	0	0	0	0	0	0	0	0	0	0	0	0	0	0	0	0	0	94	0	0	0	0	0	0	1178	0	0	0	0	0	0	0	0	0	0	0	0	0	0	0	0	0	0	0	0	0	0	0	0	0	0	0	0	0	0	0	0	0	482	0	11430	1458	38372	7198	108	132	766	356	3912	766	0	5858	38378	6708	8130	1652	3216	0	0	102	318	138	6158	7316	1366	0	
200472	Cerebelum_7b_R	0	0	0	0	0	0	0	0	0	0	0	0	0	0	0	0	0	0	0	0	0	0	0	0	0	0	0	0	0	0	0	0	0	0	0	0	0	0	0	0	0	0	0	0	0	0	0	0	0	0	0	0	0	0	0	112	0	0	0	0	0	0	0	0	0	0	0	0	0	0	0	0	0	0	0	0	0	0	0	0	0	0	0	0	0	0	0	0	0	116	92	7966	7262	26688	0	142	0	194	186	1500	5858	0	4556	28002	0	5408	0	0	0	104	106	252	5690	5470	532	0	
325824	Cerebelum_8_L	0	0	0	0	0	0	0	0	0	0	0	0	0	0	0	0	0	0	0	0	0	0	0	0	0	0	0	0	0	0	0	0	0	0	0	0	0	0	0	0	0	0	0	0	0	0	0	112	0	0	0	0	0	0	1260	0	0	0	0	0	0	0	0	0	0	0	0	0	0	0	0	0	0	0	0	0	0	0	0	0	0	0	0	0	0	0	0	0	660	0	13938	1868	36190	5820	294	272	1484	678	4966	1322	38378	4556	0	7042	17568	3060	5420	0	0	236	656	316	5898	8272	2646	0	
385572	Cerebelum_8_R	0	0	0	0	0	0	0	0	0	0	0	0	0	0	0	0	0	0	0	0	0	0	0	0	0	0	0	0	0	0	0	0	0	0	0	0	0	0	0	0	0	0	0	0	0	0	166	282	0	0	0	0	0	0	0	1470	0	0	0	0	0	0	0	0	0	0	0	0	0	0	0	0	0	0	0	0	0	0	0	0	0	0	0	0	0	0	0	0	0	456	1814	25208	7972	39946	132	3058	1272	4200	1270	9800	6708	28002	7042	0	582	19732	0	900	0	2610	3358	472	11628	9568	5138	0	
135120	Cerebelum_9_L	0	0	0	0	0	0	0	0	0	0	0	0	0	0	0	0	0	0	0	0	0	0	0	0	0	0	0	0	0	0	0	0	0	0	0	0	0	0	0	0	0	0	0	0	0	0	298	102	0	0	0	0	0	0	318	0	0	0	0	0	0	0	0	0	0	0	0	0	0	0	0	0	0	0	0	0	0	0	0	0	0	0	0	0	0	0	0	0	220	0	4178	156	8388	204	1838	98	3414	182	4280	314	8130	0	17568	582	0	1864	6944	0	460	572	1324	858	1292	1496	1886	594	
188532	Cerebelum_9_R	0	0	0	0	0	0	0	0	0	0	0	0	0	0	0	0	0	0	0	0	0	0	0	0	0	0	0	0	0	0	0	0	0	0	0	0	0	0	0	0	0	0	0	0	0	0	252	758	0	0	0	0	0	0	0	688	0	0	0	0	0	0	0	0	0	0	0	0	0	0	0	0	0	0	0	0	0	0	0	0	0	0	0	0	0	0	0	0	0	0	1424	6678	2142	8510	180	1868	632	830	2026	5372	1652	5408	3060	19732	1864	0	0	2272	268	1662	1524	3548	5024	6332	8844	1716	
44940	Cerebelum_10_L	0	0	0	0	0	0	0	0	0	0	0	0	0	0	0	0	0	0	0	0	0	0	0	0	0	0	0	0	0	0	0	0	0	0	0	0	0	0	0	0	0	0	0	0	0	0	0	0	0	0	0	0	0	0	118	0	0	0	0	0	0	0	0	0	0	0	0	0	0	0	0	0	0	0	0	0	0	0	0	0	0	0	0	0	0	0	0	0	188	0	1528	0	3648	0	0	0	94	0	466	0	3216	0	5420	0	6944	0	0	0	0	0	0	0	274	274	300	0	
14868	Cerebelum_10_R	0	0	0	0	0	0	0	0	0	0	0	0	0	0	0	0	0	0	0	0	0	0	0	0	0	0	0	0	0	0	0	0	0	0	0	0	0	0	0	0	0	0	0	0	0	0	0	0	0	0	0	0	0	0	0	0	0	0	0	0	0	0	0	0	0	0	0	0	0	0	0	0	0	0	0	0	0	0	0	0	0	0	0	0	0	0	0	0	0	0	0	556	0	288	0	96	0	276	92	758	0	0	0	900	0	2272	0	0	0	0	0	204	556	588	848	0	
15608	Vermis_1_2	0	0	0	0	0	0	0	0	0	0	0	0	0	0	0	0	0	0	0	0	0	0	0	0	0	0	0	0	0	0	0	0	0	0	0	0	0	0	0	0	0	0	0	0	0	0	0	0	0	0	0	0	0	0	0	0	0	0	0	0	0	0	0	0	0	0	0	0	0	0	0	0	0	0	0	0	0	0	0	0	0	0	0	0	0	0	0	0	0	0	182	0	0	0	770	122	1064	0	372	160	0	0	0	0	460	268	0	0	0	2544	1250	286	0	0	326	0	
89864	Vermis_3	0	0	0	0	0	0	0	0	0	0	0	0	0	0	0	0	0	0	0	0	0	0	0	0	0	0	0	0	0	0	0	0	0	0	0	0	0	0	224	0	0	0	0	0	0	0	134	222	0	0	0	0	0	0	0	400	0	0	0	0	0	0	0	0	0	0	0	0	0	0	0	0	0	0	0	0	0	0	0	0	0	0	0	0	0	0	0	0	0	0	564	3896	474	3290	1062	5988	1702	3670	966	4208	102	104	236	2610	572	1662	0	0	2544	0	4092	948	2688	866	1612	96	
161664	Vermis_4_5	0	0	0	0	0	0	0	0	0	0	0	0	0	0	0	0	0	0	0	0	0	0	0	0	0	0	0	0	0	0	0	0	0	0	0	0	0	0	0	0	0	0	0	0	0	0	1646	4578	0	0	0	0	0	0	362	2494	0	0	0	0	0	0	0	0	0	0	0	0	0	0	0	0	0	0	0	0	0	0	0	0	0	0	0	0	0	0	0	0	0	0	2464	7164	1004	4154	958	2408	6872	9704	4208	9298	318	106	656	3358	1324	1524	0	0	1250	4092	0	3482	3538	1188	1604	1078	
