data	data	435868	237772	668488	743012	171348	63348	502232	325292	47024	47772	284656	211344	223120	157112	128100	75184	258340	123508	676576	838796	54680	56524	183968	264416	7448	59308	31920	52000	506820	336292	114272	267144	91996	528516	156080	120468	223424	344044	91648	221120	24728	50240	255940	380572	185756	425172	238232	278284	201604	411448	478728	295660	156992	95872	385128	463184	321124	219348	171056	107420	227408	104656	68040	94908	87052	127656	290132	505056	183664	177608	161776	528528	211520	342324	50416	27432	164872	180916	65596	20288	160296	108160	62180	53624	299584	297244	11524	17680	213396	219180	492020	424108	297628	283104	40480	88140	267928	263272	490652	449752	214636	148136	285852	313028	154136	200512	24932	24244	20712	47776	219676	239876	220584	132336	126832	46224	
data	data	Precentral_L	Precentral_R	Frontal_Sup_L	Frontal_Sup_R	Frontal_Sup_Orb_L	Frontal_Sup_Orb_R	Frontal_Mid_L	Frontal_Mid_R	Frontal_Mid_Orb_L	Frontal_Mid_Orb_R	Frontal_Inf_Oper_L	Frontal_Inf_Oper_R	Frontal_Inf_Tri_L	Frontal_Inf_Tri_R	Frontal_Inf_Orb_L	Frontal_Inf_Orb_R	Rolandic_Oper_L	Rolandic_Oper_R	Supp_Motor_Area_L	Supp_Motor_Area_R	Olfactory_L	Olfactory_R	Frontal_Sup_Medial_L	Frontal_Sup_Medial_R	Frontal_Med_Orb_L	Frontal_Med_Orb_R	Rectus_L	Rectus_R	Insula_L	Insula_R	Cingulum_Ant_L	Cingulum_Ant_R	Cingulum_Mid_L	Cingulum_Mid_R	Cingulum_Post_L	Cingulum_Post_R	Hippocampus_L	Hippocampus_R	ParaHippocampal_L	ParaHippocampal_R	Amygdala_L	Amygdala_R	Calcarine_L	Calcarine_R	Cuneus_L	Cuneus_R	Lingual_L	Lingual_R	Occipital_Sup_L	Occipital_Sup_R	Occipital_Mid_L	Occipital_Mid_R	Occipital_Inf_L	Occipital_Inf_R	Fusiform_L	Fusiform_R	Postcentral_L	Postcentral_R	Parietal_Sup_L	Parietal_Sup_R	Parietal_Inf_L	Parietal_Inf_R	SupraMarginal_L	SupraMarginal_R	Angular_L	Angular_R	Precuneus_L	Precuneus_R	Paracentral_Lobule_L	Paracentral_Lobule_R	Caudate_L	Caudate_R	Putamen_L	Putamen_R	Pallidum_L	Pallidum_R	Thalamus_L	Thalamus_R	Heschl_L	Heschl_R	Temporal_Sup_L	Temporal_Sup_R	Temporal_Pole_Sup_L	Temporal_Pole_Sup_R	Temporal_Mid_L	Temporal_Mid_R	Temporal_Pole_Mid_L	Temporal_Pole_Mid_R	Temporal_Inf_L	Temporal_Inf_R	Cerebelum_Crus1_L	Cerebelum_Crus1_R	Cerebelum_Crus2_L	Cerebelum_Crus2_R	Cerebelum_3_L	Cerebelum_3_R	Cerebelum_4_5_L	Cerebelum_4_5_R	Cerebelum_6_L	Cerebelum_6_R	Cerebelum_7b_L	Cerebelum_7b_R	Cerebelum_8_L	Cerebelum_8_R	Cerebelum_9_L	Cerebelum_9_R	Cerebelum_10_L	Cerebelum_10_R	Vermis_1_2	Vermis_3	Vermis_4_5	Vermis_6	Vermis_7	Vermis_8	Vermis_9	Vermis_10	
435868	Precentral_L	0	2406	6300	716	0	0	31040	0	0	0	15988	0	1278	0	0	0	17336	0	3126	1212	0	0	0	0	0	0	0	0	20238	0	0	0	464	284	7638	3252	10506	1524	2098	0	0	0	752	0	1008	0	394	214	382	0	796	0	274	0	1768	0	32346	0	508	0	3302	0	176	0	232	0	2358	104	9042	0	4994	1024	7554	0	1380	0	14616	3118	3688	0	1304	0	0	0	512	0	0	0	400	0	0	0	0	0	0	0	0	0	0	0	0	0	0	0	0	0	0	0	0	282	0	0	0	0	0	0	
237772	Precentral_R	2406	0	768	6324	0	0	850	7606	0	0	0	6104	0	0	0	0	0	980	946	9164	0	0	0	0	0	0	0	0	0	2876	0	0	0	4936	1512	1824	766	6426	0	256	0	0	0	1092	0	636	0	304	0	72	0	246	0	0	0	196	78	20354	0	242	0	552	0	1010	0	84	0	2098	488	8860	2428	4222	100	2348	130	0	8644	9228	0	172	0	436	0	0	0	676	0	0	0	170	0	0	0	0	0	0	0	0	0	0	0	0	0	0	0	0	0	0	0	276	0	0	0	0	0	0	
668488	Frontal_Sup_L	6300	768	0	7670	13514	0	50056	4198	852	814	20118	306	16588	1702	5808	600	8512	0	59702	6610	0	0	26230	1802	252	0	0	0	26402	1034	10226	1350	828	4348	0	0	1564	0	0	0	0	0	0	0	0	0	0	0	0	0	0	0	0	0	0	0	1472	0	0	0	150	0	0	0	0	0	0	0	596	0	7912	11888	14388	206	6498	0	8170	3012	126	0	640	0	1032	0	0	0	0	0	0	0	0	0	0	0	0	0	0	0	0	0	0	0	0	0	0	0	0	0	0	0	0	0	0	0	0	0	
743012	Frontal_Sup_R	716	6324	7670	0	82	3772	580	45820	0	1462	0	16222	0	11224	0	3118	0	7150	20642	69536	0	168	4014	30370	90	2990	0	734	148	15960	202	19456	1440	28858	156	276	0	3092	0	328	0	122	0	0	0	0	0	0	0	0	0	0	0	0	0	104	0	2312	0	132	0	160	0	72	0	0	0	138	664	550	2110	36846	0	23894	0	522	0	808	0	88	0	384	0	0	0	0	0	0	0	0	0	0	0	0	0	0	0	0	0	0	0	0	0	0	0	0	0	0	0	0	0	0	0	0	0	0	
171348	Frontal_Sup_Orb_L	0	0	13514	82	0	0	8168	98	10784	0	874	0	5736	0	15640	0	0	0	1266	0	1064	0	1976	0	790	0	2528	0	14446	0	1658	0	0	0	0	0	0	0	0	0	0	0	0	0	0	0	0	0	0	0	0	0	0	0	0	0	0	0	0	0	0	0	0	0	0	0	0	0	0	0	374	310	5260	0	0	0	0	0	0	0	72	0	1034	0	0	0	0	0	0	0	0	0	0	0	0	0	0	0	0	0	0	0	0	0	0	0	0	0	0	0	0	0	0	0	0	0	
63348	Frontal_Sup_Orb_R	0	0	0	3772	0	0	0	234	0	1158	0	166	0	308	0	840	0	0	0	364	390	736	0	2374	0	5744	0	6134	0	956	0	452	0	0	0	0	0	0	0	0	0	0	0	0	0	0	0	0	0	0	0	0	0	0	0	0	0	0	0	0	0	0	0	0	0	0	0	0	0	0	396	3896	124	3630	0	0	0	0	0	0	0	0	0	0	0	0	0	0	0	0	0	0	0	0	0	0	0	0	0	0	0	0	0	0	0	0	0	0	0	0	0	0	0	0	0	0	
502232	Frontal_Mid_L	31040	850	50056	580	8168	0	0	156	760	0	19844	0	28840	0	7270	0	13618	0	9560	668	0	0	12226	342	0	0	0	0	27234	0	7804	126	792	392	352	158	2520	0	208	0	0	0	0	0	72	0	0	150	0	0	120	0	0	0	320	0	6056	0	114	0	0	0	0	0	0	0	100	0	72	0	2132	898	8534	0	626	0	4942	498	1234	0	1080	0	150	0	120	0	0	0	76	0	0	0	0	0	0	0	0	0	0	0	0	0	0	0	0	0	0	0	0	258	0	0	0	0	0	0	
325292	Frontal_Mid_R	0	7606	4198	45820	98	234	156	0	0	558	0	16662	0	12144	0	2312	0	2704	7832	12598	0	0	82	3710	0	0	0	0	174	8154	0	3396	200	6408	0	0	0	2178	0	114	0	0	0	0	0	0	0	0	0	0	0	0	0	0	0	90	0	134	0	0	0	0	0	0	0	0	0	0	104	0	1834	15854	0	6650	0	0	0	642	0	0	0	0	0	0	0	0	0	0	0	0	0	0	0	0	0	0	0	0	0	0	0	0	0	0	0	0	0	0	0	0	0	0	0	0	0	0	
47024	Frontal_Mid_Orb_L	0	0	852	0	10784	0	760	0	0	0	0	0	252	0	8704	0	0	0	0	0	78	0	136	0	122	0	1256	0	394	0	92	0	0	0	0	0	0	0	0	0	0	0	0	0	0	0	0	0	0	0	0	0	0	0	0	0	0	0	0	0	0	0	0	0	0	0	0	0	0	0	0	0	82	0	0	0	0	0	0	0	0	0	0	0	0	0	0	0	0	0	0	0	0	0	0	0	0	0	0	0	0	0	0	0	0	0	0	0	0	0	0	0	0	0	0	0	
47772	Frontal_Mid_Orb_R	0	0	814	1462	0	1158	0	558	0	0	0	248	0	2416	0	6644	0	0	834	966	0	0	0	0	0	0	0	0	0	3116	0	0	0	524	0	0	0	0	0	0	0	0	0	0	0	0	0	0	0	0	0	0	0	0	0	0	0	0	0	0	0	0	0	0	0	0	0	0	0	0	150	3830	0	1166	0	0	0	0	0	0	0	0	0	0	0	0	0	0	0	0	0	0	0	0	0	0	0	0	0	0	0	0	0	0	0	0	0	0	0	0	0	0	0	0	0	0	
284656	Frontal_Inf_Oper_L	15988	0	20118	0	874	0	19844	0	0	0	0	0	16566	0	284	0	18686	0	15272	0	0	0	0	0	0	0	0	0	23780	0	110	0	0	0	0	0	578	0	0	0	0	0	0	0	0	0	0	120	0	0	0	0	0	0	0	0	3886	0	0	0	0	0	0	0	0	0	0	0	0	0	794	790	530	0	0	0	376	0	1162	0	1194	0	1376	0	0	0	0	0	0	0	0	0	0	0	0	0	0	0	0	0	0	0	0	0	0	0	0	0	0	0	0	0	0	0	0	0	
211344	Frontal_Inf_Oper_R	0	6104	306	16222	0	166	0	16662	0	248	0	0	0	13620	0	322	0	6470	400	7708	0	0	0	132	0	0	0	0	0	14068	0	120	0	3782	0	0	0	2680	0	252	0	0	0	0	0	0	0	0	0	0	0	0	0	0	0	182	0	1672	0	0	0	0	0	0	0	0	0	0	0	0	0	5650	0	8016	0	0	0	444	0	0	0	324	0	122	0	0	0	0	0	0	0	0	0	0	0	0	0	0	0	0	0	0	0	0	0	0	0	0	0	0	0	0	0	0	0	0	
223120	Frontal_Inf_Tri_L	1278	0	16588	0	5736	0	28840	0	252	0	16566	0	0	0	10012	0	944	0	6568	0	0	0	1290	0	0	0	0	0	18402	0	552	0	1080	0	0	0	0	0	0	0	0	0	0	0	0	0	0	0	0	0	0	0	0	0	0	0	362	0	0	0	0	0	0	0	0	0	0	0	0	0	686	1044	990	0	0	0	0	0	0	0	0	0	370	0	0	0	0	0	0	0	0	0	0	0	0	0	0	0	0	0	0	0	0	0	0	0	0	0	0	0	0	0	0	0	0	0	
157112	Frontal_Inf_Tri_R	0	0	1702	11224	0	308	0	12144	0	2416	0	13620	0	0	0	4440	0	496	1830	5914	0	0	0	414	0	0	0	0	0	10732	0	514	0	4822	0	0	0	110	0	0	0	0	0	0	0	0	0	0	0	0	0	0	0	0	0	0	0	0	0	0	0	0	0	0	0	0	0	0	0	0	580	6170	0	1120	0	0	0	0	0	0	0	0	0	0	0	0	0	0	0	0	0	0	0	0	0	0	0	0	0	0	0	0	0	0	0	0	0	0	0	0	0	0	0	0	0	0	
128100	Frontal_Inf_Orb_L	0	0	5808	0	15640	0	7270	0	8704	0	284	0	10012	0	0	0	0	0	224	0	810	0	610	0	116	0	674	0	8446	0	348	0	336	0	0	0	0	0	0	0	0	0	0	0	0	0	0	0	0	0	0	0	0	0	0	0	0	0	0	0	0	0	0	0	0	0	0	0	0	0	0	0	1774	0	0	0	0	0	0	0	678	0	1848	0	468	0	0	0	0	0	0	0	0	0	0	0	0	0	0	0	0	0	0	0	0	0	0	0	0	0	0	0	0	0	0	0	
75184	Frontal_Inf_Orb_R	0	0	600	3118	0	840	0	2312	0	6644	0	322	0	4440	0	0	0	76	628	1296	0	600	0	88	0	0	0	720	0	6638	0	0	0	548	0	0	0	0	0	178	0	78	0	0	0	0	0	0	0	0	0	0	0	0	0	186	0	0	0	0	0	0	0	0	0	0	0	0	0	0	88	4336	0	2568	0	0	0	0	0	0	0	410	0	764	0	114	0	0	0	0	0	0	0	0	0	0	0	0	0	0	0	0	0	0	0	0	0	0	0	0	0	0	0	0	0	0	
258340	Rolandic_Oper_L	17336	0	8512	0	0	0	13618	0	0	0	18686	0	944	0	0	0	0	0	7440	0	0	0	0	0	0	0	0	0	23900	0	0	0	0	0	0	0	608	0	170	0	0	0	78	0	0	0	0	0	0	0	2002	0	504	0	1038	0	13832	0	736	0	1000	0	1460	0	82	0	130	0	94	0	120	0	328	0	0	0	198	0	4152	0	6076	0	1256	0	4068	0	0	0	802	0	0	0	0	0	0	0	0	0	0	0	0	0	0	0	0	0	0	0	0	0	0	0	0	0	0	0	
123508	Rolandic_Oper_R	0	980	0	7150	0	0	0	2704	0	0	0	6470	0	496	0	76	0	0	0	5096	0	0	0	0	0	0	0	0	0	13634	0	0	0	78	0	0	0	2638	0	108	0	0	0	0	0	0	0	0	0	0	0	0	0	0	0	80	0	5110	0	268	0	126	0	2976	0	0	0	282	0	0	0	3078	0	7072	0	0	0	0	0	812	0	2286	0	116	0	118	0	0	0	0	0	0	0	0	0	0	0	0	0	0	0	0	0	0	0	0	0	0	0	0	0	0	0	0	0	0	
676576	Supp_Motor_Area_L	3126	946	59702	20642	1266	0	9560	7832	0	834	15272	400	6568	1830	224	628	7440	0	0	54194	0	0	4546	7858	0	0	0	0	14304	1186	1318	10106	7056	24700	190	96	1274	1166	0	276	0	0	0	0	0	0	0	0	0	0	0	0	0	0	98	108	1132	0	0	0	100	0	0	0	0	0	0	0	16034	0	8782	19062	10542	3568	3692	828	670	7570	116	0	572	0	874	0	0	0	0	0	0	0	0	0	0	0	0	0	0	0	0	0	0	0	0	0	0	0	0	0	0	0	0	0	0	0	0	0	
838796	Supp_Motor_Area_R	1212	9164	6610	69536	0	364	668	12598	0	966	0	7708	0	5914	0	1296	0	5096	54194	0	0	98	882	15454	0	0	0	146	140	9226	412	13822	4996	60800	1026	4590	0	8450	92	2890	0	134	0	266	0	130	0	0	0	78	0	0	0	0	0	2180	0	6714	0	162	0	268	0	100	0	114	0	1740	9632	14896	1086	34640	136	22480	0	3192	0	17288	0	252	0	1160	0	0	0	2700	0	0	0	1700	0	0	0	0	0	0	0	0	0	0	0	0	0	0	0	0	0	0	0	0	0	0	0	0	0	0	
54680	Olfactory_L	0	0	0	0	1064	390	0	0	78	0	0	0	0	0	810	0	0	0	0	0	0	4890	0	0	0	392	2722	1136	2454	0	2254	2052	0	0	0	0	126	0	312	0	484	0	0	0	0	0	0	0	0	0	0	0	0	0	0	0	0	0	0	0	0	0	0	0	0	0	0	0	0	0	4310	1616	628	196	0	0	0	0	0	0	0	0	1426	0	0	0	0	0	0	0	0	0	0	0	0	0	0	0	0	0	0	0	0	0	0	0	0	0	0	0	0	0	0	0	0	0	
56524	Olfactory_R	0	0	0	168	0	736	0	0	0	0	0	0	0	0	0	600	0	0	0	98	4890	0	0	74	0	624	2136	2268	0	1266	2234	2870	0	0	0	0	0	0	0	474	0	370	0	0	0	0	0	0	0	0	0	0	0	0	0	0	0	0	0	0	0	0	0	0	0	0	0	0	0	0	5062	2766	822	456	0	0	0	0	0	0	0	0	0	348	0	0	0	0	0	0	0	0	0	0	0	0	0	0	0	0	0	0	0	0	0	0	0	0	0	0	0	0	0	0	0	0	
183968	Frontal_Sup_Medial_L	0	0	26230	4014	1976	0	12226	82	136	0	0	0	1290	0	610	0	0	0	4546	882	0	0	0	11006	658	322	0	0	532	0	10702	7230	2844	4574	0	0	0	0	0	0	0	0	0	0	0	0	0	0	0	0	0	0	0	0	0	0	0	0	0	0	0	0	0	0	0	0	0	0	0	0	130	100	1894	0	0	0	0	0	0	0	0	0	0	0	0	0	0	0	0	0	0	0	0	0	0	0	0	0	0	0	0	0	0	0	0	0	0	0	0	0	0	0	0	0	0	0	
264416	Frontal_Sup_Medial_R	0	0	1802	30370	0	2374	342	3710	0	0	0	132	0	414	0	88	0	0	7858	15454	0	74	11006	0	386	4440	0	488	0	632	722	25752	592	15890	0	0	0	0	0	0	0	0	0	0	0	0	0	0	0	0	0	0	0	0	0	0	0	0	0	0	0	0	0	0	0	0	0	0	0	0	0	5592	0	4090	0	0	0	0	0	0	0	0	0	0	0	0	0	0	0	0	0	0	0	0	0	0	0	0	0	0	0	0	0	0	0	0	0	0	0	0	0	0	0	0	0	0	
7448	Frontal_Med_Orb_L	0	0	252	90	790	0	0	0	122	0	0	0	0	0	116	0	0	0	0	0	0	0	658	386	0	386	172	0	0	0	574	0	0	0	0	0	0	0	0	0	0	0	0	0	0	0	0	0	0	0	0	0	0	0	0	0	0	0	0	0	0	0	0	0	0	0	0	0	0	0	0	0	178	0	0	0	0	0	0	0	0	0	0	0	0	0	0	0	0	0	0	0	0	0	0	0	0	0	0	0	0	0	0	0	0	0	0	0	0	0	0	0	0	0	0	0	
59308	Frontal_Med_Orb_R	0	0	0	2990	0	5744	0	0	0	0	0	0	0	0	0	0	0	0	0	0	392	624	322	4440	386	0	0	6430	0	0	376	3010	0	0	0	0	0	0	0	0	0	0	0	0	0	0	0	0	0	0	0	0	0	0	0	0	0	0	0	0	0	0	0	0	0	0	0	0	0	0	176	2780	0	1984	0	0	0	0	0	0	0	0	0	0	0	0	0	0	0	0	0	0	0	0	0	0	0	0	0	0	0	0	0	0	0	0	0	0	0	0	0	0	0	0	0	0	
31920	Rectus_L	0	0	0	0	2528	0	0	0	1256	0	0	0	0	0	674	0	0	0	0	0	2722	2136	0	0	172	0	0	504	78	0	1918	1092	0	0	0	0	0	0	0	0	0	0	0	0	0	0	0	0	0	0	0	0	0	0	0	0	0	0	0	0	0	0	0	0	0	0	0	0	0	0	2030	566	210	74	0	0	0	0	0	0	0	0	0	0	0	0	0	0	0	0	0	0	0	0	0	0	0	0	0	0	0	0	0	0	0	0	0	0	0	0	0	0	0	0	0	0	
52000	Rectus_R	0	0	0	734	0	6134	0	0	0	0	0	0	0	0	0	720	0	0	0	146	1136	2268	0	488	0	6430	504	0	0	872	404	2080	0	0	0	0	0	0	0	0	0	102	0	0	0	0	0	0	0	0	0	0	0	0	0	0	0	0	0	0	0	0	0	0	0	0	0	0	0	0	996	1896	214	876	0	0	0	0	0	0	0	0	0	0	0	0	0	0	0	0	0	0	0	0	0	0	0	0	0	0	0	0	0	0	0	0	0	0	0	0	0	0	0	0	0	0	
506820	Insula_L	20238	0	26402	148	14446	0	27234	174	394	0	23780	0	18402	0	8446	0	23900	0	14304	140	2454	0	532	0	0	0	78	0	0	0	610	0	0	0	0	0	11908	0	1486	0	1406	0	0	0	0	0	0	216	0	0	522	0	366	0	2490	0	12472	0	80	0	1082	0	440	0	200	0	0	0	78	0	1282	1474	15390	0	0	0	1492	0	5418	0	4566	0	5546	0	1346	0	0	0	2468	0	0	0	0	0	0	0	0	0	0	0	0	0	0	0	0	0	0	0	0	0	0	0	0	0	0	0	
336292	Insula_R	0	2876	1034	15960	0	956	0	8154	0	3116	0	14068	0	10732	0	6638	0	13634	1186	9226	0	1266	0	632	0	0	0	872	0	0	0	880	0	1916	0	0	0	11658	0	3796	0	680	0	244	0	308	0	0	0	214	0	76	0	0	0	3826	0	3948	0	0	0	854	0	218	0	872	0	640	0	740	212	12086	0	22490	0	72	0	0	0	1544	0	4402	0	1700	0	2602	0	0	0	1818	0	0	0	0	0	0	0	0	0	0	0	0	0	0	0	0	0	0	0	0	0	0	0	0	0	0	
114272	Cingulum_Ant_L	0	0	10226	202	1658	0	7804	0	92	0	110	0	552	0	348	0	0	0	1318	412	2254	2234	10702	722	574	376	1918	404	610	0	0	6374	782	972	0	0	0	0	0	0	0	0	0	0	0	0	0	0	0	0	0	0	0	0	0	0	0	0	0	0	0	0	0	0	0	0	0	0	0	0	2156	908	3308	120	0	0	0	0	0	0	0	0	0	0	0	0	0	0	0	0	0	0	0	0	0	0	0	0	0	0	0	0	0	0	0	0	0	0	0	0	0	0	0	0	0	0	
267144	Cingulum_Ant_R	0	0	1350	19456	0	452	126	3396	0	0	0	120	0	514	0	0	0	0	10106	13822	2052	2870	7230	25752	0	3010	1092	2080	0	880	6374	0	1402	19958	0	0	0	0	0	0	0	0	0	0	0	0	0	0	0	0	0	0	0	0	0	0	0	0	0	0	0	0	0	0	0	0	0	0	0	0	1708	6272	100	3450	0	0	0	0	0	0	0	0	0	0	0	0	0	0	0	0	0	0	0	0	0	0	0	0	0	0	0	0	0	0	0	0	0	0	0	0	0	0	0	0	0	0	
91996	Cingulum_Mid_L	464	0	828	1440	0	0	792	200	0	0	0	0	1080	0	336	0	0	0	7056	4996	0	0	2844	592	0	0	0	0	0	0	782	1402	0	8076	1832	998	0	0	0	0	0	0	0	0	2658	0	0	0	682	0	442	0	0	0	0	0	0	0	0	0	0	0	0	0	0	0	2988	240	4358	608	0	190	0	0	0	0	0	0	0	0	0	0	0	0	114	0	0	0	0	0	0	0	0	0	0	0	0	0	0	0	0	0	0	0	0	0	0	0	0	0	0	0	0	0	0	0	
528516	Cingulum_Mid_R	284	4936	4348	28858	0	0	392	6408	0	524	0	3782	0	4822	0	548	0	78	24700	60800	0	0	4574	15890	0	0	0	0	0	1916	972	19958	8076	0	1250	8398	0	1734	0	1912	0	0	0	1708	0	2250	0	0	0	822	0	496	0	0	0	1684	0	6476	0	0	0	542	0	530	0	516	758	11012	2032	21864	140	4698	0	674	0	0	0	92	0	0	0	620	0	0	0	1298	0	0	0	886	0	0	0	0	0	0	0	0	0	0	0	0	0	0	0	0	0	0	0	0	0	0	0	0	0	0	
156080	Cingulum_Post_L	7638	1512	0	156	0	0	352	0	0	0	0	0	0	0	0	0	0	0	190	1026	0	0	0	0	0	0	0	0	0	0	0	0	1832	1250	0	6768	6316	2032	2528	0	0	0	7830	386	4278	170	2008	0	958	0	142	0	372	0	1262	0	592	0	0	0	0	0	0	0	0	0	12546	1592	6862	272	106	356	0	0	0	0	3952	2158	0	0	0	0	0	0	0	0	0	0	454	0	0	0	0	0	0	0	0	0	0	0	0	0	0	0	0	0	0	0	0	0	144	0	0	0	0	0	
120468	Cingulum_Post_R	3252	1824	0	276	0	0	158	0	0	0	0	0	0	0	0	0	0	0	96	4590	0	0	0	0	0	0	0	0	0	0	0	0	998	8398	6768	0	3112	3540	118	462	0	0	0	1440	98	312	0	1900	0	0	0	0	0	0	0	480	0	0	0	0	0	0	0	0	0	0	996	8952	94	4286	0	480	0	0	0	0	4534	2836	0	0	0	0	0	0	0	0	0	0	0	0	0	0	0	0	0	0	0	0	0	0	0	0	0	0	0	0	0	0	0	0	234	0	0	0	0	0	
223424	Hippocampus_L	10506	766	1564	0	0	0	2520	0	0	0	578	0	0	0	0	0	608	0	1274	0	126	0	0	0	0	0	0	0	11908	0	0	0	0	0	6316	3112	0	1944	12826	0	5492	0	2998	0	0	0	3660	82	0	0	0	0	262	0	10558	0	2496	0	0	0	0	0	0	0	0	0	4308	108	0	0	0	84	6570	0	436	0	4536	1904	2658	0	1662	0	268	0	968	0	0	0	7954	0	0	0	0	0	0	0	0	0	0	0	0	0	0	0	0	0	0	0	0	660	0	0	0	0	0	0	
344044	Hippocampus_R	1524	6426	0	3092	0	0	0	2178	0	0	0	2680	0	110	0	0	0	2638	1166	8450	0	0	0	0	0	0	0	0	0	11658	0	0	0	1734	2032	3540	1944	0	132	27768	0	9040	0	942	0	638	0	3132	0	470	0	154	0	0	0	25374	0	2686	0	0	0	1582	0	268	0	1678	162	4744	0	2156	0	3102	0	17056	0	1824	1604	4174	0	682	0	1170	0	1284	0	2554	0	0	0	7456	0	0	0	0	0	0	0	472	0	150	0	0	0	0	0	0	0	0	0	162	234	0	0	0	0	0	
91648	ParaHippocampal_L	2098	0	0	0	0	0	208	0	0	0	0	0	0	0	0	0	170	0	0	92	312	0	0	0	0	0	0	0	1486	0	0	0	0	0	2528	118	12826	132	0	0	1816	0	2128	0	0	0	3966	268	0	0	86	0	738	0	7010	0	768	0	0	0	442	0	504	0	82	0	2686	0	172	0	0	0	788	86	204	0	252	164	0	0	216	0	268	0	0	0	0	0	1292	0	158	0	0	0	178	96	296	0	184	0	0	0	0	0	0	0	0	0	176	830	0	0	0	0	0	0	
221120	ParaHippocampal_R	0	256	0	328	0	0	0	114	0	0	0	252	0	0	0	178	0	108	276	2890	0	474	0	0	0	0	0	0	0	3796	0	0	0	1912	0	462	0	27768	0	0	0	6448	0	1800	0	1028	0	5148	0	472	0	208	0	0	0	27360	0	1432	0	0	0	1590	0	286	0	1698	0	5550	0	2186	0	864	0	2952	0	1272	0	634	0	284	0	300	0	1852	0	1836	0	398	0	3942	0	302	0	0	0	0	0	1292	0	480	0	0	0	0	0	0	0	0	0	132	0	0	0	0	0	0	
24728	Amygdala_L	0	0	0	0	0	0	0	0	0	0	0	0	0	0	0	0	0	0	0	0	484	0	0	0	0	0	0	0	1406	0	0	0	0	0	0	0	5492	0	1816	0	0	0	0	0	0	0	0	0	0	0	0	0	0	0	1838	0	0	0	0	0	0	0	0	0	0	0	0	0	0	0	0	0	0	0	0	0	0	0	0	0	0	0	344	0	0	0	0	0	984	0	0	0	0	0	0	0	0	0	0	0	0	0	0	0	0	0	0	0	0	0	0	0	0	0	0	0	
50240	Amygdala_R	0	0	0	122	0	0	0	0	0	0	0	0	0	0	0	78	0	0	0	134	0	370	0	0	0	0	0	102	0	680	0	0	0	0	0	0	0	9040	0	6448	0	0	0	0	0	0	0	0	0	0	0	0	0	0	0	5212	0	0	0	0	0	0	0	0	0	0	0	0	0	0	0	134	0	640	0	0	0	0	0	0	0	0	0	1914	0	0	0	72	0	174	0	0	0	0	0	0	0	0	0	0	0	0	0	0	0	0	0	0	0	0	0	0	0	0	0	0	
255940	Calcarine_L	752	0	0	0	0	0	0	0	0	0	0	0	0	0	0	0	78	0	0	0	0	0	0	0	0	0	0	0	0	0	0	0	0	0	7830	0	2998	0	2128	0	0	0	0	9014	15144	4584	12042	3492	10830	3122	16370	1890	5022	0	3448	72	2518	0	394	0	322	0	0	0	126	0	17586	1216	4044	0	0	0	0	0	0	0	0	0	0	0	90	0	0	0	952	188	0	0	1490	0	0	0	0	0	0	0	0	0	0	0	0	0	0	0	0	0	0	0	0	0	228	0	0	0	0	0	
380572	Calcarine_R	0	1092	0	0	0	0	0	0	0	0	0	0	0	0	0	0	0	0	0	266	0	0	0	0	0	0	0	0	0	244	0	0	0	1708	386	1440	0	942	0	1800	0	0	9014	0	2286	32764	3584	22010	0	25326	0	19728	0	9078	0	8994	0	3080	0	194	0	146	0	74	0	138	2256	29038	0	1698	0	0	0	0	0	0	0	0	0	0	0	0	0	0	0	7302	0	0	0	4088	0	0	0	0	0	0	0	142	0	328	0	0	0	0	0	0	0	0	0	0	834	306	0	0	0	0	
185756	Cuneus_L	1008	0	0	0	0	0	72	0	0	0	0	0	0	0	0	0	0	0	0	0	0	0	0	0	0	0	0	0	0	0	0	0	2658	0	4278	98	0	0	0	0	0	0	15144	2286	0	4624	746	0	21224	738	9914	408	884	70	746	0	1384	0	1138	0	138	0	0	0	0	0	18652	890	5244	0	0	0	0	0	0	0	0	0	0	0	0	0	0	0	276	0	0	0	258	0	0	0	0	0	0	0	0	0	0	0	0	0	0	0	0	0	0	0	0	0	0	0	0	0	0	0	
425172	Cuneus_R	0	636	0	0	0	0	0	0	0	0	0	0	0	0	0	0	0	0	0	130	0	0	0	0	0	0	0	0	0	308	0	0	0	2250	170	312	0	638	0	1028	0	0	4584	32764	4624	0	696	2492	320	54002	86	19650	0	2444	0	1812	0	1918	0	6660	0	984	0	454	0	1842	5666	48200	0	1346	0	0	0	0	0	0	0	0	0	0	0	650	0	0	0	10884	0	0	0	4956	0	0	0	0	0	0	0	0	0	0	0	0	0	0	0	0	0	0	0	0	80	0	0	0	0	0	
238232	Lingual_L	394	0	0	0	0	0	0	0	0	0	0	0	0	0	0	0	0	0	0	0	0	0	0	0	0	0	0	0	0	0	0	0	0	0	2008	0	3660	0	3966	0	0	0	12042	3584	746	696	0	4584	4458	1004	16774	684	9140	182	17498	792	0	0	0	0	0	0	0	0	0	0	3986	226	182	0	0	0	0	0	0	0	0	0	0	0	0	0	0	0	0	0	0	0	514	0	4542	666	288	0	516	108	7462	304	11178	1200	0	0	70	0	0	0	0	0	0	316	2698	2126	522	0	0	0	
278284	Lingual_R	214	304	0	0	0	0	150	0	0	0	120	0	0	0	0	0	0	0	0	0	0	0	0	0	0	0	0	0	216	0	0	0	0	0	0	1900	82	3132	268	5148	0	0	3492	22010	0	2492	4584	0	0	4806	0	3452	0	5962	848	26298	0	856	0	0	0	0	0	0	0	0	96	12030	0	100	0	0	0	0	0	0	554	570	0	0	0	0	0	0	0	152	0	0	0	1072	1580	3990	74	0	0	634	818	6402	3544	8542	0	0	0	82	0	0	0	0	0	162	6124	5820	390	0	0	72	
201604	Occipital_Sup_L	382	0	0	0	0	0	0	0	0	0	0	0	0	0	0	0	0	0	0	0	0	0	0	0	0	0	0	0	0	0	0	0	682	0	958	0	0	0	0	0	0	0	10830	0	21224	320	4458	0	0	0	35302	0	1872	0	300	0	1204	0	7350	0	1308	0	0	0	164	0	11914	0	1582	0	0	0	0	0	0	0	0	0	0	0	0	0	0	0	952	0	0	0	0	0	0	0	0	0	0	0	0	0	0	0	0	0	0	0	0	0	0	0	0	0	0	0	0	0	0	0	
411448	Occipital_Sup_R	0	72	0	0	0	0	0	0	0	0	0	0	0	0	0	0	0	0	0	78	0	0	0	0	0	0	0	0	0	214	0	0	0	822	0	0	0	470	0	472	0	0	3122	25326	738	54002	1004	4806	0	0	0	36680	0	3798	0	2018	0	1562	0	9394	0	1766	0	574	0	4500	2728	35074	0	216	0	0	0	0	0	0	0	0	0	0	0	638	0	0	0	10774	0	0	0	4876	0	0	0	0	0	0	0	0	0	0	0	0	0	0	0	0	0	0	0	0	0	0	0	0	0	0	
478728	Occipital_Mid_L	796	0	0	0	0	0	120	0	0	0	0	0	0	0	0	0	2002	0	0	0	0	0	0	0	0	0	0	0	522	0	0	0	442	0	142	0	0	0	86	0	0	0	16370	0	9914	86	16774	0	35302	0	0	0	22218	0	10150	0	7472	0	22798	0	25614	0	2006	0	14720	0	9644	0	2792	0	0	0	0	0	0	0	0	0	146	0	4686	0	0	0	30630	0	0	0	3862	0	0	0	0	0	0	0	0	0	70	0	0	0	0	0	0	0	0	0	0	0	0	0	0	0	0	0	
295660	Occipital_Mid_R	0	246	0	0	0	0	0	0	0	0	0	0	0	0	0	0	0	0	0	0	0	0	0	0	0	0	0	0	0	76	0	0	0	496	0	0	0	154	0	208	0	0	1890	19728	408	19650	684	3452	0	36680	0	0	0	6990	0	960	0	1034	0	2874	0	2560	0	928	0	12192	974	12484	0	684	0	0	0	0	0	0	0	0	0	0	0	764	0	0	0	18324	0	0	0	3390	0	0	0	0	0	0	0	0	0	0	0	0	0	0	0	0	0	0	0	0	0	0	0	0	0	0	
156992	Occipital_Inf_L	274	0	0	0	0	0	0	0	0	0	0	0	0	0	0	0	504	0	0	0	0	0	0	0	0	0	0	0	366	0	0	0	0	0	372	0	262	0	738	0	0	0	5022	0	884	0	9140	0	1872	0	22218	0	0	0	14836	0	2138	0	1500	0	1608	0	668	0	234	0	1848	0	820	0	0	0	0	0	0	0	0	0	324	0	336	0	0	0	3122	0	0	0	7920	0	0	0	0	0	0	0	308	0	878	0	0	0	0	0	0	0	0	0	0	0	304	0	0	0	0	0	
95872	Occipital_Inf_R	0	0	0	0	0	0	0	0	0	0	0	0	0	0	0	0	0	0	0	0	0	0	0	0	0	0	0	0	0	0	0	0	0	0	0	0	0	0	0	0	0	0	0	9078	70	2444	182	5962	0	3798	0	6990	0	0	178	6766	0	0	0	70	0	0	0	0	0	0	170	1942	0	0	0	0	0	0	0	0	0	0	0	0	0	0	0	0	0	2150	0	0	0	5010	156	306	0	0	0	0	0	240	438	974	0	0	0	0	0	0	0	0	0	0	326	686	0	0	0	0	
385128	Fusiform_L	1768	0	0	0	0	0	320	0	0	0	0	0	0	0	0	0	1038	0	98	0	0	0	0	0	0	0	0	0	2490	0	0	0	0	0	1262	0	10558	0	7010	0	1838	0	3448	0	746	0	17498	848	300	0	10150	0	14836	178	0	620	1988	0	2160	0	3206	0	846	0	456	0	2884	0	1308	0	0	0	688	0	0	0	86	0	2366	0	2778	0	1262	0	3472	0	150	0	20148	0	21496	734	756	0	294	0	12408	516	30350	1346	122	0	158	0	206	0	0	0	0	312	2620	2280	162	0	0	0	
463184	Fusiform_R	0	196	0	104	0	0	0	90	0	0	0	182	0	0	0	186	0	80	108	2180	0	0	0	0	0	0	0	0	0	3826	0	0	0	1684	0	480	0	25374	0	27360	0	5212	72	8994	0	1812	792	26298	0	2018	0	960	0	6766	620	0	0	1226	0	0	0	1560	0	260	0	1656	0	7422	0	1834	0	220	0	1884	0	776	0	336	0	216	0	1248	0	6422	0	4982	0	3182	0	17460	1332	16742	158	224	0	582	634	10852	2874	21632	86	0	114	198	0	120	0	0	0	98	5228	4354	286	0	0	0	
321124	Postcentral_L	32346	78	1472	0	0	0	6056	0	0	0	3886	0	362	0	0	0	13832	0	1132	0	0	0	0	0	0	0	0	0	12472	0	0	0	0	0	592	0	2496	0	768	0	0	0	2518	0	1384	0	0	0	1204	0	7472	0	2138	0	1988	0	0	0	8198	0	18038	0	7374	0	304	0	6402	0	5806	0	1954	0	4220	0	792	0	4622	0	2710	0	3222	0	0	0	3436	0	0	0	1288	0	0	0	0	0	0	0	0	0	0	0	0	0	0	0	0	0	0	0	0	0	0	0	0	0	0	0	
219348	Postcentral_R	0	20354	0	2312	0	0	0	134	0	0	0	1672	0	0	0	0	0	5110	0	6714	0	0	0	0	0	0	0	0	0	3948	0	0	0	6476	0	0	0	2686	0	1432	0	0	0	3080	0	1918	0	856	0	1562	0	1034	0	0	0	1226	0	0	0	5852	0	5204	0	11386	0	1220	86	8836	0	11466	0	0	0	1272	0	0	0	0	0	128	0	1052	0	0	0	1836	0	0	0	822	0	0	0	0	0	0	0	0	0	0	0	0	0	0	0	0	0	0	0	0	0	0	0	0	0	0	
171056	Parietal_Sup_L	508	0	0	0	0	0	114	0	0	0	0	0	0	0	0	0	736	0	0	0	0	0	0	0	0	0	0	0	80	0	0	0	0	0	0	0	0	0	0	0	0	0	394	0	1138	0	0	0	7350	0	22798	0	1500	0	2160	0	8198	0	0	0	15452	0	104	0	628	0	9524	0	1206	0	0	0	0	0	0	0	0	0	0	0	1944	0	0	0	9582	0	0	0	2112	0	0	0	0	0	0	0	0	0	0	0	0	0	0	0	0	0	0	0	0	0	0	0	0	0	0	0	
107420	Parietal_Sup_R	0	242	0	132	0	0	0	0	0	0	0	0	0	0	0	0	0	268	0	162	0	0	0	0	0	0	0	0	0	0	0	0	0	0	0	0	0	0	0	0	0	0	0	194	0	6660	0	0	0	9394	0	2874	0	70	0	0	0	5852	0	0	0	3630	0	1970	0	2594	284	15464	0	904	0	0	0	0	0	0	0	0	0	0	0	364	0	0	0	1306	0	0	0	1346	0	0	0	0	0	0	0	0	0	0	0	0	0	0	0	0	0	0	0	0	0	0	0	0	0	0	
227408	Parietal_Inf_L	3302	0	150	0	0	0	0	0	0	0	0	0	0	0	0	0	1000	0	100	0	0	0	0	0	0	0	0	0	1082	0	0	0	0	0	0	0	0	0	442	0	0	0	322	0	138	0	0	0	1308	0	25614	0	1608	0	3206	0	18038	0	15452	0	0	0	10600	0	12642	0	588	0	434	0	0	0	242	0	0	0	0	0	0	0	3180	0	0	0	11582	0	0	0	2674	0	0	0	0	0	0	0	0	0	0	0	0	0	0	0	0	0	0	0	0	0	0	0	0	0	0	0	
104656	Parietal_Inf_R	0	552	0	160	0	0	0	0	0	0	0	0	0	0	0	0	0	126	0	268	0	0	0	0	0	0	0	0	0	854	0	0	0	542	0	0	0	1582	0	1590	0	0	0	146	0	984	0	0	0	1766	0	2560	0	0	0	1560	0	5204	0	3630	0	0	0	8726	0	14840	0	2352	0	598	0	0	0	0	0	0	0	0	0	0	0	270	0	0	0	2768	0	0	0	1250	0	0	0	0	0	0	0	0	0	0	0	0	0	0	0	0	0	0	0	0	0	0	0	0	0	0	
68040	SupraMarginal_L	176	0	0	0	0	0	0	0	0	0	0	0	0	0	0	0	1460	0	0	0	0	0	0	0	0	0	0	0	440	0	0	0	0	0	0	0	0	0	504	0	0	0	0	0	0	0	0	0	0	0	2006	0	668	0	846	0	7374	0	104	0	10600	0	0	0	3102	0	0	0	0	0	0	0	104	0	0	0	0	0	0	0	3122	0	0	0	2980	0	0	0	534	0	0	0	0	0	0	0	0	0	0	0	0	0	0	0	0	0	0	0	0	0	0	0	0	0	0	0	
94908	SupraMarginal_R	0	1010	0	72	0	0	0	0	0	0	0	0	0	0	0	0	0	2976	0	100	0	0	0	0	0	0	0	0	0	218	0	0	0	530	0	0	0	268	0	286	0	0	0	74	0	454	0	0	0	574	0	928	0	0	0	260	0	11386	0	1970	0	8726	0	0	0	5752	0	2110	0	986	0	0	0	0	0	0	0	0	0	284	0	4402	0	0	0	3572	0	0	0	516	0	0	0	0	0	0	0	0	0	0	0	0	0	0	0	0	0	0	0	0	0	0	0	0	0	0	
87052	Angular_L	232	0	0	0	0	0	0	0	0	0	0	0	0	0	0	0	82	0	0	0	0	0	0	0	0	0	0	0	200	0	0	0	0	0	0	0	0	0	82	0	0	0	126	0	0	0	0	0	164	0	14720	0	234	0	456	0	304	0	628	0	12642	0	3102	0	0	0	0	0	0	0	0	0	0	0	0	0	0	0	0	0	1748	0	0	0	8520	0	0	0	286	0	0	0	0	0	0	0	0	0	0	0	0	0	0	0	0	0	0	0	0	0	0	0	0	0	0	0	
127656	Angular_R	0	84	0	0	0	0	0	0	0	0	0	0	0	0	0	0	0	0	0	114	0	0	0	0	0	0	0	0	0	872	0	0	0	516	0	0	0	1678	0	1698	0	0	0	138	0	1842	0	0	0	4500	0	12192	0	0	0	1656	0	1220	0	2594	0	14840	0	5752	0	0	0	1952	0	506	0	0	0	0	0	0	0	0	0	0	0	2174	0	0	0	7700	0	0	0	1800	0	0	0	0	0	0	0	0	0	0	0	0	0	0	0	0	0	0	0	0	0	0	0	0	0	0	
290132	Precuneus_L	2358	0	0	0	0	0	100	0	0	0	0	0	0	0	0	0	130	0	0	0	0	0	0	0	0	0	0	0	0	0	0	0	2988	758	12546	996	4308	162	2686	0	0	0	17586	2256	18652	5666	3986	96	11914	2728	9644	974	1848	170	2884	0	6402	86	9524	284	588	0	0	0	0	0	0	7318	12226	0	0	0	0	0	0	0	150	82	0	0	318	0	0	0	1066	0	0	0	1344	128	0	0	0	0	0	0	0	0	0	0	0	0	0	0	0	0	0	0	0	0	114	0	0	0	0	0	
505056	Precuneus_R	104	2098	0	138	0	0	0	0	0	0	0	0	0	0	0	0	0	282	0	1740	0	0	0	0	0	0	0	0	0	640	0	0	240	11012	1592	8952	108	4744	0	5550	0	0	1216	29038	890	48200	226	12030	0	35074	0	12484	0	1942	0	7422	0	8836	0	15464	0	2352	0	2110	0	1952	7318	0	0	8558	0	0	0	0	0	0	108	456	0	0	0	986	0	0	0	10672	0	0	0	6660	0	0	0	0	0	0	0	448	0	0	0	0	0	0	0	0	0	0	0	0	886	0	0	0	0	0	
183664	Paracentral_Lobule_L	9042	488	596	664	0	0	72	104	0	0	0	0	0	0	0	0	94	0	16034	9632	0	0	0	0	0	0	0	0	78	0	0	0	4358	2032	6862	94	0	0	172	0	0	0	4044	0	5244	0	182	0	1582	0	2792	0	820	0	1308	0	5806	0	1206	0	434	0	0	0	0	0	12226	0	0	114	240	1854	314	294	290	144	228	972	0	0	192	0	0	0	756	0	0	0	468	0	0	0	0	0	0	0	0	0	0	0	0	0	0	0	0	0	0	0	0	0	0	0	0	0	0	0	
177608	Paracentral_Lobule_R	0	8860	0	550	0	0	0	0	0	0	0	0	0	0	0	0	0	0	0	14896	0	0	0	0	0	0	0	0	0	740	0	0	608	21864	272	4286	0	2156	0	2186	0	0	0	1698	0	1346	0	100	0	216	0	684	0	0	0	1834	0	11466	0	904	0	598	0	986	0	506	0	8558	114	0	0	200	0	0	0	0	0	0	0	0	0	782	0	0	0	1556	0	0	0	838	0	0	0	0	0	0	0	0	0	0	0	0	0	0	0	0	0	0	0	0	0	0	0	0	0	0	
161776	Caudate_L	4994	2428	7912	2110	374	396	2132	1834	0	150	794	0	686	580	0	88	120	0	8782	1086	4310	5062	130	0	0	176	2030	996	1282	212	2156	1708	0	140	106	0	0	0	0	0	0	0	0	0	0	0	0	0	0	0	0	0	0	0	0	0	1954	0	0	0	0	0	0	0	0	0	0	0	240	0	0	6984	5684	362	1804	0	10810	276	0	0	0	0	0	0	0	0	0	0	0	0	0	0	0	0	0	0	0	0	0	0	0	0	0	0	0	0	0	0	0	0	0	0	0	0	0	0	
528528	Caudate_R	1024	4222	11888	36846	310	3896	898	15854	0	3830	790	5650	1044	6170	0	4336	0	3078	19062	34640	1616	2766	100	5592	0	2780	566	1896	1474	12086	908	6272	190	4698	356	480	84	3102	0	864	0	134	0	0	0	0	0	0	0	0	0	0	0	0	0	220	0	0	0	0	0	0	0	0	0	0	0	0	1854	200	6984	0	1266	25460	280	1960	660	25492	0	0	0	0	0	0	0	0	0	0	0	0	0	0	0	0	0	0	0	0	0	0	0	0	0	0	0	0	0	0	0	386	0	0	0	0	0	0	
211520	Putamen_L	7554	100	14388	0	5260	124	8534	0	82	0	530	0	990	0	1774	0	328	0	10542	136	628	822	1894	0	178	0	210	214	15390	0	3308	100	0	0	0	0	6570	0	788	0	0	0	0	0	0	0	0	0	0	0	0	0	0	0	688	0	4220	0	0	0	242	0	104	0	0	0	0	0	314	0	5684	1266	0	0	6820	0	3194	288	160	0	722	0	1164	0	104	0	0	0	346	0	0	0	0	0	0	0	0	0	0	0	0	0	0	0	0	0	0	0	0	0	0	0	0	0	0	0	
342324	Putamen_R	0	2348	206	23894	0	3630	0	6650	0	1166	0	8016	0	1120	0	2568	0	7072	3568	22480	196	456	0	4090	0	1984	74	876	0	22490	120	3450	0	674	0	0	0	17056	86	2952	0	640	0	0	0	0	0	0	0	0	0	0	0	0	0	1884	0	1272	0	0	0	0	0	0	0	0	0	0	294	0	362	25460	0	0	0	2624	74	696	0	84	0	396	0	0	0	0	0	0	0	154	0	0	0	0	0	0	0	0	0	0	0	0	0	0	0	0	0	0	0	0	0	0	0	0	0	0	
50416	Pallidum_L	1380	130	6498	0	0	0	626	0	0	0	0	0	0	0	0	0	0	0	3692	0	0	0	0	0	0	0	0	0	0	0	0	0	0	0	0	0	436	0	204	0	0	0	0	0	0	0	0	0	0	0	0	0	0	0	0	0	792	0	0	0	0	0	0	0	0	0	0	0	290	0	1804	280	6820	0	0	0	2044	212	0	0	0	0	0	0	0	0	0	0	0	0	0	0	0	0	0	0	0	0	0	0	0	0	0	0	0	0	0	0	0	0	0	0	0	0	0	0	
27432	Pallidum_R	0	0	0	522	0	0	0	0	0	0	0	0	0	0	0	0	0	0	828	3192	0	0	0	0	0	0	0	0	0	72	0	0	0	0	0	0	0	1824	0	1272	0	0	0	0	0	0	0	0	0	0	0	0	0	0	0	776	0	0	0	0	0	0	0	0	0	0	0	0	144	0	0	1960	0	2624	0	0	0	502	0	0	0	0	0	0	0	0	0	0	0	0	0	0	0	0	0	0	0	0	0	0	0	0	0	0	0	0	0	0	0	0	0	0	0	0	0	0	
164872	Thalamus_L	14616	8644	8170	0	0	0	4942	0	0	0	376	0	0	0	0	0	198	0	670	0	0	0	0	0	0	0	0	0	1492	0	0	0	0	0	3952	4534	4536	1604	252	0	0	0	0	0	0	0	0	554	0	0	0	0	0	0	86	0	4622	0	0	0	0	0	0	0	0	0	150	108	228	0	10810	660	3194	74	2044	0	0	4980	100	0	92	0	0	0	0	0	0	0	250	0	0	0	0	0	0	0	0	0	0	0	0	0	0	0	0	0	0	0	0	498	0	0	0	0	0	0	
180916	Thalamus_R	3118	9228	3012	808	0	0	498	642	0	0	0	444	0	0	0	0	0	0	7570	17288	0	0	0	0	0	0	0	0	0	0	0	0	0	92	2158	2836	1904	4174	164	634	0	0	0	0	0	0	0	570	0	0	0	0	0	0	0	336	0	0	0	0	0	0	0	0	0	0	82	456	972	0	276	25492	288	696	212	502	4980	0	0	0	0	0	0	0	0	0	0	0	0	0	0	0	0	0	0	0	0	110	0	0	0	0	0	0	0	0	0	0	0	790	126	0	0	0	0	0	
65596	Heschl_L	3688	0	126	0	0	0	1234	0	0	0	1162	0	0	0	0	0	4152	0	116	0	0	0	0	0	0	0	0	0	5418	0	0	0	0	0	0	0	2658	0	0	0	0	0	0	0	0	0	0	0	0	0	146	0	324	0	2366	0	2710	0	0	0	0	0	0	0	0	0	0	0	0	0	0	0	160	0	0	0	100	0	0	0	2506	0	0	0	4562	0	0	0	1370	0	0	0	0	0	0	0	0	0	0	0	0	0	0	0	0	0	0	0	0	0	0	0	0	0	0	0	
20288	Heschl_R	0	172	0	88	0	0	0	0	0	0	0	0	0	0	0	0	0	812	0	252	0	0	0	0	0	0	0	0	0	1544	0	0	0	0	0	0	0	682	0	284	0	0	0	0	0	0	0	0	0	0	0	0	0	0	0	216	0	128	0	0	0	0	0	284	0	0	0	0	0	0	0	0	0	84	0	0	0	0	0	0	0	3810	0	0	0	1314	0	0	0	474	0	0	0	0	0	0	0	0	0	0	0	0	0	0	0	0	0	0	0	0	0	0	0	0	0	0	
160296	Temporal_Sup_L	1304	0	640	0	72	0	1080	0	0	0	1194	0	0	0	678	0	6076	0	572	0	0	0	0	0	0	0	0	0	4566	0	0	0	0	0	0	0	1662	0	216	0	0	0	90	0	0	0	0	0	0	0	4686	0	336	0	2778	0	3222	0	1944	0	3180	0	3122	0	1748	0	318	0	192	0	0	0	722	0	0	0	92	0	2506	0	0	0	2950	0	24196	0	0	0	10006	0	0	0	0	0	0	0	0	0	0	0	0	0	0	0	0	0	0	0	0	0	0	0	0	0	0	0	
108160	Temporal_Sup_R	0	436	0	384	0	0	0	0	0	0	0	324	0	0	0	410	0	2286	0	1160	0	0	0	0	0	0	0	0	0	4402	0	0	0	620	0	0	0	1170	0	300	0	0	0	0	0	650	0	0	0	638	0	764	0	0	0	1248	0	1052	0	364	0	270	0	4402	0	2174	0	986	0	782	0	0	0	396	0	0	0	0	0	3810	0	0	0	3086	0	18394	0	0	0	3572	0	0	0	0	0	0	0	0	0	0	0	0	0	0	0	0	0	0	0	0	0	0	0	0	0	0	
62180	Temporal_Pole_Sup_L	0	0	1032	0	1034	0	150	0	0	0	1376	0	370	0	1848	0	1256	0	874	0	1426	0	0	0	0	0	0	0	5546	0	0	0	0	0	0	0	268	0	268	0	344	0	0	0	0	0	0	0	0	0	0	0	0	0	1262	0	0	0	0	0	0	0	0	0	0	0	0	0	0	0	0	0	1164	0	0	0	0	0	0	0	2950	0	0	0	5310	0	1526	0	3086	0	0	0	0	0	0	0	0	0	0	0	0	0	0	0	0	0	0	0	0	0	0	0	0	0	0	0	
53624	Temporal_Pole_Sup_R	0	0	0	0	0	0	0	0	0	0	0	122	0	0	0	764	0	116	0	0	0	348	0	0	0	0	0	0	0	1700	0	0	0	0	0	0	0	1284	0	1852	0	1914	0	0	0	0	0	0	0	0	0	0	0	0	0	6422	0	0	0	0	0	0	0	0	0	0	0	0	0	0	0	0	0	0	0	0	0	0	0	0	0	3086	0	0	0	3938	0	3178	0	2088	0	0	0	0	0	0	0	0	0	0	0	0	0	0	0	0	0	0	0	0	0	0	0	0	0	0	
299584	Temporal_Mid_L	512	0	0	0	0	0	120	0	0	0	0	0	0	0	468	0	4068	0	0	0	0	0	0	0	0	0	0	0	1346	0	0	0	114	0	0	0	968	0	0	0	0	0	952	0	276	0	0	0	952	0	30630	0	3122	0	3472	0	3436	0	9582	0	11582	0	2980	0	8520	0	1066	0	756	0	0	0	104	0	0	0	0	0	4562	0	24196	0	5310	0	0	0	2424	0	28274	0	0	0	0	0	0	0	0	0	0	0	0	0	0	0	0	0	0	0	0	0	0	0	0	0	0	0	
297244	Temporal_Mid_R	0	676	0	0	0	0	0	0	0	0	0	0	0	0	0	114	0	118	0	2700	0	0	0	0	0	0	0	0	0	2602	0	0	0	1298	0	0	0	2554	0	1836	0	0	188	7302	0	10884	0	152	0	10774	0	18324	0	2150	0	4982	0	1836	0	1306	0	2768	0	3572	0	7700	0	10672	0	1556	0	0	0	0	0	0	0	0	0	1314	0	18394	0	3938	0	0	0	750	0	28162	0	0	0	0	0	0	0	0	0	0	0	0	0	0	0	0	0	0	0	0	0	0	0	0	0	0	
11524	Temporal_Pole_Mid_L	0	0	0	0	0	0	0	0	0	0	0	0	0	0	0	0	0	0	0	0	0	0	0	0	0	0	0	0	0	0	0	0	0	0	0	0	0	0	0	0	0	0	0	0	0	0	0	0	0	0	0	0	0	0	150	0	0	0	0	0	0	0	0	0	0	0	0	0	0	0	0	0	0	0	0	0	0	0	0	0	0	0	1526	0	2424	0	0	0	1662	0	0	0	0	0	0	0	0	0	0	0	0	0	0	0	0	0	0	0	0	0	0	0	0	0	0	0	
17680	Temporal_Pole_Mid_R	0	0	0	0	0	0	0	0	0	0	0	0	0	0	0	0	0	0	0	0	0	0	0	0	0	0	0	0	0	0	0	0	0	0	0	0	0	0	0	398	0	72	0	0	0	0	0	0	0	0	0	0	0	0	0	3182	0	0	0	0	0	0	0	0	0	0	0	0	0	0	0	0	0	0	0	0	0	0	0	0	0	0	0	3178	0	750	0	0	0	1260	0	0	0	0	0	0	0	0	0	0	0	0	0	0	0	0	0	0	0	0	0	0	0	0	0	0	
213396	Temporal_Inf_L	400	0	0	0	0	0	76	0	0	0	0	0	0	0	0	0	802	0	0	0	0	0	0	0	0	0	0	0	2468	0	0	0	0	0	454	0	7954	0	1292	0	984	0	1490	0	258	0	514	0	0	0	3862	0	7920	0	20148	0	1288	0	2112	0	2674	0	534	0	286	0	1344	0	468	0	0	0	346	0	0	0	250	0	1370	0	10006	0	3086	0	28274	0	1662	0	0	0	3062	0	580	0	0	0	0	0	288	0	312	0	134	0	0	0	0	0	0	0	0	0	0	0	0	0	
219180	Temporal_Inf_R	0	170	0	0	0	0	0	0	0	0	0	0	0	0	0	0	0	0	0	1700	0	0	0	0	0	0	0	0	0	1818	0	0	0	886	0	0	0	7456	0	3942	0	174	0	4088	0	4956	0	1072	0	4876	0	3390	0	5010	0	17460	0	822	0	1346	0	1250	0	516	0	1800	128	6660	0	838	0	0	0	154	0	0	0	0	0	474	0	3572	0	2088	0	28162	0	1260	0	0	0	2096	0	136	0	96	0	210	0	868	0	0	0	0	0	116	0	0	0	0	0	0	0	0	0	0	
492020	Cerebelum_Crus1_L	0	0	0	0	0	0	0	0	0	0	0	0	0	0	0	0	0	0	0	0	0	0	0	0	0	0	0	0	0	0	0	0	0	0	0	0	0	0	158	0	0	0	0	0	0	0	4542	1580	0	0	0	0	0	156	21496	1332	0	0	0	0	0	0	0	0	0	0	0	0	0	0	0	0	0	0	0	0	0	0	0	0	0	0	0	0	0	0	0	0	3062	0	0	6352	42990	5352	1066	638	16842	1538	57604	7638	14020	1546	16270	3932	4926	1982	600	182	0	146	4494	10204	9754	3010	2380	218	
424108	Cerebelum_Crus1_R	0	0	0	0	0	0	0	0	0	0	0	0	0	0	0	0	0	0	0	0	0	0	0	0	0	0	0	0	0	0	0	0	0	0	0	0	0	0	0	302	0	0	0	0	0	0	666	3990	0	0	0	0	0	306	734	16742	0	0	0	0	0	0	0	0	0	0	0	0	0	0	0	0	0	0	0	0	0	0	0	0	0	0	0	0	0	0	0	0	0	2096	6352	0	2406	32236	134	2528	1834	17996	7330	57386	740	5636	1374	13710	896	3556	0	660	92	432	7206	11912	10366	1032	1178	226	
297628	Cerebelum_Crus2_L	0	0	0	0	0	0	0	0	0	0	0	0	0	0	0	0	0	0	0	0	0	0	0	0	0	0	0	0	0	0	0	0	0	0	0	0	0	0	0	0	0	0	0	0	0	0	288	74	0	0	0	0	0	0	756	158	0	0	0	0	0	0	0	0	0	0	0	0	0	0	0	0	0	0	0	0	0	0	0	0	0	0	0	0	0	0	0	0	580	0	42990	2406	0	4098	336	262	2930	450	11716	2472	31288	2182	27066	2020	3022	484	904	0	0	0	846	2366	5844	2654	622	0	
283104	Cerebelum_Crus2_R	0	0	0	0	0	0	0	0	0	0	0	0	0	0	0	0	0	0	0	0	0	0	0	0	0	0	0	0	0	0	0	0	0	0	0	0	0	0	0	0	0	0	0	0	0	0	0	0	0	0	0	0	0	0	0	224	0	0	0	0	0	0	0	0	0	0	0	0	0	0	0	0	0	0	0	0	0	0	0	0	0	0	0	0	0	0	0	0	0	136	5352	32236	4098	0	0	564	412	1370	2144	9174	2052	23738	2546	30566	724	6408	74	1210	0	110	250	1924	10944	3354	1772	170	
40480	Cerebelum_3_L	0	0	0	0	0	0	0	0	0	0	0	0	0	0	0	0	0	0	0	0	0	0	0	0	0	0	0	0	0	0	0	0	0	0	0	0	0	0	178	0	0	0	0	0	0	0	516	0	0	0	0	0	0	0	294	0	0	0	0	0	0	0	0	0	0	0	0	0	0	0	0	0	0	0	0	0	0	0	0	0	0	0	0	0	0	0	0	0	0	0	1066	134	336	0	0	426	6298	626	1796	354	120	0	124	0	1112	288	0	0	978	1340	3204	542	0	0	256	252	
88140	Cerebelum_3_R	0	0	0	0	0	0	0	0	0	0	0	0	0	0	0	0	0	0	0	0	0	0	0	0	0	0	0	0	0	0	0	0	0	0	0	0	0	0	96	0	0	0	0	0	0	0	108	634	0	0	0	0	0	0	0	582	0	0	0	0	0	0	0	0	0	0	0	0	0	0	0	0	0	0	0	0	0	0	0	0	0	0	0	0	0	0	0	0	0	96	638	2528	262	564	426	0	1110	11050	1216	7576	166	0	302	1402	362	2328	0	84	1154	3026	1968	2040	1320	1008	1502	522	
267928	Cerebelum_4_5_L	0	0	0	0	0	0	0	0	0	0	0	0	0	0	0	0	0	0	0	0	0	0	0	0	0	0	0	0	0	0	0	0	0	0	0	0	0	0	296	0	0	0	0	0	0	0	7462	818	0	0	0	0	308	0	12408	634	0	0	0	0	0	0	0	0	0	0	0	0	0	0	0	0	0	0	0	0	0	0	0	0	0	0	0	0	0	0	0	0	0	0	16842	1834	2930	412	6298	1110	0	3986	32360	2976	968	88	3092	1180	7428	2792	608	70	498	1060	14554	3682	1894	834	2460	2082	
263272	Cerebelum_4_5_R	0	0	0	0	0	0	0	0	0	0	0	0	0	0	0	0	0	0	0	0	0	0	0	0	0	0	0	0	0	0	0	0	0	0	0	0	0	472	0	1292	0	0	0	142	0	0	304	6402	0	0	0	0	0	240	516	10852	0	0	0	0	0	0	0	0	0	0	0	448	0	0	0	0	0	0	0	0	0	110	0	0	0	0	0	0	0	0	0	0	0	210	1538	17996	450	1370	626	11050	3986	0	3732	31048	346	140	658	2776	804	4150	0	110	1484	2774	13626	3790	2314	1542	2506	1832	
490652	Cerebelum_6_L	0	0	0	0	0	0	0	0	0	0	0	0	0	0	0	0	0	0	0	0	0	0	0	0	0	0	0	0	0	0	0	0	0	0	0	0	0	0	184	0	0	0	0	0	0	0	11178	3544	0	0	70	0	878	438	30350	2874	0	0	0	0	0	0	0	0	0	0	0	0	0	0	0	0	0	0	0	0	0	0	0	0	0	0	0	0	0	0	0	0	288	0	57604	7330	11716	2144	1796	1216	32360	3732	0	11702	3660	574	6782	2906	6252	3014	512	172	142	448	12108	16448	6610	2272	2946	1076	
449752	Cerebelum_6_R	0	0	0	0	0	0	0	0	0	0	0	0	0	0	0	0	0	0	0	0	0	0	0	0	0	0	0	0	0	0	0	0	0	0	0	0	0	150	0	480	0	0	0	328	0	0	1200	8542	0	0	0	0	0	974	1346	21632	0	0	0	0	0	0	0	0	0	0	0	0	0	0	0	0	0	0	0	0	0	0	0	0	0	0	0	0	0	0	0	0	0	868	7638	57386	2472	9174	354	7576	2976	31048	11702	0	722	1060	1124	6246	868	3222	0	712	332	1260	12706	18308	8532	1530	1832	576	
214636	Cerebelum_7b_L	0	0	0	0	0	0	0	0	0	0	0	0	0	0	0	0	0	0	0	0	0	0	0	0	0	0	0	0	0	0	0	0	0	0	0	0	0	0	0	0	0	0	0	0	0	0	0	0	0	0	0	0	0	0	122	86	0	0	0	0	0	0	0	0	0	0	0	0	0	0	0	0	0	0	0	0	0	0	0	0	0	0	0	0	0	0	0	0	312	0	14020	740	31288	2052	120	166	968	346	3660	722	0	1590	31874	4052	3626	732	870	0	0	0	466	722	3074	4966	744	0	
148136	Cerebelum_7b_R	0	0	0	0	0	0	0	0	0	0	0	0	0	0	0	0	0	0	0	0	0	0	0	0	0	0	0	0	0	0	0	0	0	0	0	0	0	0	0	0	0	0	0	0	0	0	0	0	0	0	0	0	0	0	0	0	0	0	0	0	0	0	0	0	0	0	0	0	0	0	0	0	0	0	0	0	0	0	0	0	0	0	0	0	0	0	0	0	0	0	1546	5636	2182	23738	0	0	88	140	574	1060	1590	0	1618	23030	238	4948	0	842	0	0	0	430	3060	2416	932	0	
285852	Cerebelum_8_L	0	0	0	0	0	0	0	0	0	0	0	0	0	0	0	0	0	0	0	0	0	0	0	0	0	0	0	0	0	0	0	0	0	0	0	0	0	0	0	0	0	0	0	0	0	0	70	0	0	0	0	0	0	0	158	114	0	0	0	0	0	0	0	0	0	0	0	0	0	0	0	0	0	0	0	0	0	0	0	0	0	0	0	0	0	0	0	0	134	0	16270	1374	27066	2546	124	302	3092	658	6782	1124	31874	1618	0	6596	18516	2840	2616	296	0	0	566	722	5602	8422	3290	154	
313028	Cerebelum_8_R	0	0	0	0	0	0	0	0	0	0	0	0	0	0	0	0	0	0	0	0	0	0	0	0	0	0	0	0	0	0	0	0	0	0	0	0	0	0	0	0	0	0	0	0	0	0	0	82	0	0	0	0	0	0	0	198	0	0	0	0	0	0	0	0	0	0	0	0	0	0	0	0	0	0	0	0	0	0	0	0	0	0	0	0	0	0	0	0	0	0	3932	13710	2020	30566	0	1402	1180	2776	2906	6246	4052	23030	6596	0	2390	25654	164	2446	0	206	394	2328	8928	8730	6120	458	
154136	Cerebelum_9_L	0	0	0	0	0	0	0	0	0	0	0	0	0	0	0	0	0	0	0	0	0	0	0	0	0	0	0	0	0	0	0	0	0	0	0	0	0	0	0	0	0	0	0	0	0	0	0	0	0	0	0	0	0	0	206	0	0	0	0	0	0	0	0	0	0	0	0	0	0	0	0	0	0	0	0	0	0	0	0	0	0	0	0	0	0	0	0	0	0	0	4926	896	3022	724	1112	362	7428	804	6252	868	3626	238	18516	2390	0	3784	4944	224	0	154	1636	2028	3698	3100	4756	1374	
200512	Cerebelum_9_R	0	0	0	0	0	0	0	0	0	0	0	0	0	0	0	0	0	0	0	0	0	0	0	0	0	0	0	0	0	0	0	0	0	0	0	0	0	0	0	0	0	0	0	0	0	0	0	0	0	0	0	0	0	0	0	120	0	0	0	0	0	0	0	0	0	0	0	0	0	0	0	0	0	0	0	0	0	0	0	0	0	0	0	0	0	0	0	0	0	116	1982	3556	484	6408	288	2328	2792	4150	3014	3222	732	4948	2840	25654	3784	0	192	3130	278	628	2306	4306	5576	4696	9334	3392	
24932	Cerebelum_10_L	0	0	0	0	0	0	0	0	0	0	0	0	0	0	0	0	0	0	0	0	0	0	0	0	0	0	0	0	0	0	0	0	0	0	0	0	0	0	0	0	0	0	0	0	0	0	0	0	0	0	0	0	0	0	0	0	0	0	0	0	0	0	0	0	0	0	0	0	0	0	0	0	0	0	0	0	0	0	0	0	0	0	0	0	0	0	0	0	0	0	600	0	904	74	0	0	608	0	512	0	870	0	2616	164	4944	192	0	0	0	0	0	0	398	190	394	0	
24244	Cerebelum_10_R	0	0	0	0	0	0	0	0	0	0	0	0	0	0	0	0	0	0	0	0	0	0	0	0	0	0	0	0	0	0	0	0	0	0	0	0	0	0	0	0	0	0	0	0	0	0	0	0	0	0	0	0	0	0	0	0	0	0	0	0	0	0	0	0	0	0	0	0	0	0	0	0	0	0	0	0	0	0	0	0	0	0	0	0	0	0	0	0	0	0	182	660	0	1210	0	84	70	110	172	712	0	842	296	2446	224	3130	0	0	0	0	0	190	500	538	660	96	
20712	Vermis_1_2	0	0	0	0	0	0	0	0	0	0	0	0	0	0	0	0	0	0	0	0	0	0	0	0	0	0	0	0	0	0	0	0	0	0	0	0	0	0	176	0	0	0	0	0	0	0	0	0	0	0	0	0	0	0	0	0	0	0	0	0	0	0	0	0	0	0	0	0	0	0	0	0	0	0	0	0	0	0	0	0	0	0	0	0	0	0	0	0	0	0	0	92	0	0	978	1154	498	1484	142	332	0	0	0	0	0	278	0	0	0	3496	1374	276	0	0	0	76	
47776	Vermis_3	282	276	0	0	0	0	258	0	0	0	0	0	0	0	0	0	0	0	0	0	0	0	0	0	0	0	0	0	0	0	0	0	0	0	0	0	660	162	830	132	0	0	0	0	0	0	316	162	0	0	0	0	0	0	312	98	0	0	0	0	0	0	0	0	0	0	0	0	0	0	0	386	0	0	0	0	498	790	0	0	0	0	0	0	0	0	0	0	0	0	146	432	0	110	1340	3026	1060	2774	448	1260	0	0	0	206	154	628	0	0	3496	0	2044	786	210	122	234	250	
219676	Vermis_4_5	0	0	0	0	0	0	0	0	0	0	0	0	0	0	0	0	0	0	0	0	0	0	0	0	0	0	0	0	0	0	0	0	0	0	144	234	0	234	0	0	0	0	228	834	0	80	2698	6124	0	0	0	0	304	326	2620	5228	0	0	0	0	0	0	0	0	0	0	114	886	0	0	0	0	0	0	0	0	0	126	0	0	0	0	0	0	0	0	0	0	0	0	4494	7206	846	250	3204	1968	14554	13626	12108	12706	466	0	566	394	1636	2306	0	0	1374	2044	0	6090	156	0	1012	2652	
239876	Vermis_6	0	0	0	0	0	0	0	0	0	0	0	0	0	0	0	0	0	0	0	0	0	0	0	0	0	0	0	0	0	0	0	0	0	0	0	0	0	0	0	0	0	0	0	306	0	0	2126	5820	0	0	0	0	0	686	2280	4354	0	0	0	0	0	0	0	0	0	0	0	0	0	0	0	0	0	0	0	0	0	0	0	0	0	0	0	0	0	0	0	0	0	0	10204	11912	2366	1924	542	2040	3682	3790	16448	18308	722	430	722	2328	2028	4306	0	190	276	786	6090	0	6240	2022	3758	3252	
220584	Vermis_7	0	0	0	0	0	0	0	0	0	0	0	0	0	0	0	0	0	0	0	0	0	0	0	0	0	0	0	0	0	0	0	0	0	0	0	0	0	0	0	0	0	0	0	0	0	0	522	390	0	0	0	0	0	0	162	286	0	0	0	0	0	0	0	0	0	0	0	0	0	0	0	0	0	0	0	0	0	0	0	0	0	0	0	0	0	0	0	0	0	0	9754	10366	5844	10944	0	1320	1894	2314	6610	8532	3074	3060	5602	8928	3698	5576	398	500	0	210	156	6240	0	7126	6138	648	
132336	Vermis_8	0	0	0	0	0	0	0	0	0	0	0	0	0	0	0	0	0	0	0	0	0	0	0	0	0	0	0	0	0	0	0	0	0	0	0	0	0	0	0	0	0	0	0	0	0	0	0	0	0	0	0	0	0	0	0	0	0	0	0	0	0	0	0	0	0	0	0	0	0	0	0	0	0	0	0	0	0	0	0	0	0	0	0	0	0	0	0	0	0	0	3010	1032	2654	3354	0	1008	834	1542	2272	1530	4966	2416	8422	8730	3100	4696	190	538	0	122	0	2022	7126	0	5730	874	
126832	Vermis_9	0	0	0	0	0	0	0	0	0	0	0	0	0	0	0	0	0	0	0	0	0	0	0	0	0	0	0	0	0	0	0	0	0	0	0	0	0	0	0	0	0	0	0	0	0	0	0	0	0	0	0	0	0	0	0	0	0	0	0	0	0	0	0	0	0	0	0	0	0	0	0	0	0	0	0	0	0	0	0	0	0	0	0	0	0	0	0	0	0	0	2380	1178	622	1772	256	1502	2460	2506	2946	1832	744	932	3290	6120	4756	9334	394	660	0	234	1012	3758	6138	5730	0	2860	
