data	data	295112	203108	998272	798720	198220	77924	360680	219256	79416	27936	217272	196320	257228	170036	140812	98724	169848	149412	806176	878804	54732	68412	338688	380824	23544	151188	11888	25088	472996	377452	306360	510068	205704	497280	157388	170136	162480	206304	47152	91016	11364	48744	364512	440764	220152	297524	306004	293676	277560	286488	584972	257888	198156	126392	248848	369588	322676	275072	175632	75976	253904	76916	160416	117268	120684	60424	320036	403488	138748	145192	186788	418380	344472	330792	39724	34728	127900	103548	64576	40284	184668	137524	44304	120680	320604	276588	22836	67984	303160	365136	363888	447288	251028	331528	20900	27536	272716	202924	419692	441404	245300	195112	228068	297056	112400	106200	23944	17076	21492	31880	233116	247008	184328	139020	72028	16744	
data	data	Precentral_L	Precentral_R	Frontal_Sup_L	Frontal_Sup_R	Frontal_Sup_Orb_L	Frontal_Sup_Orb_R	Frontal_Mid_L	Frontal_Mid_R	Frontal_Mid_Orb_L	Frontal_Mid_Orb_R	Frontal_Inf_Oper_L	Frontal_Inf_Oper_R	Frontal_Inf_Tri_L	Frontal_Inf_Tri_R	Frontal_Inf_Orb_L	Frontal_Inf_Orb_R	Rolandic_Oper_L	Rolandic_Oper_R	Supp_Motor_Area_L	Supp_Motor_Area_R	Olfactory_L	Olfactory_R	Frontal_Sup_Medial_L	Frontal_Sup_Medial_R	Frontal_Med_Orb_L	Frontal_Med_Orb_R	Rectus_L	Rectus_R	Insula_L	Insula_R	Cingulum_Ant_L	Cingulum_Ant_R	Cingulum_Mid_L	Cingulum_Mid_R	Cingulum_Post_L	Cingulum_Post_R	Hippocampus_L	Hippocampus_R	ParaHippocampal_L	ParaHippocampal_R	Amygdala_L	Amygdala_R	Calcarine_L	Calcarine_R	Cuneus_L	Cuneus_R	Lingual_L	Lingual_R	Occipital_Sup_L	Occipital_Sup_R	Occipital_Mid_L	Occipital_Mid_R	Occipital_Inf_L	Occipital_Inf_R	Fusiform_L	Fusiform_R	Postcentral_L	Postcentral_R	Parietal_Sup_L	Parietal_Sup_R	Parietal_Inf_L	Parietal_Inf_R	SupraMarginal_L	SupraMarginal_R	Angular_L	Angular_R	Precuneus_L	Precuneus_R	Paracentral_Lobule_L	Paracentral_Lobule_R	Caudate_L	Caudate_R	Putamen_L	Putamen_R	Pallidum_L	Pallidum_R	Thalamus_L	Thalamus_R	Heschl_L	Heschl_R	Temporal_Sup_L	Temporal_Sup_R	Temporal_Pole_Sup_L	Temporal_Pole_Sup_R	Temporal_Mid_L	Temporal_Mid_R	Temporal_Pole_Mid_L	Temporal_Pole_Mid_R	Temporal_Inf_L	Temporal_Inf_R	Cerebelum_Crus1_L	Cerebelum_Crus1_R	Cerebelum_Crus2_L	Cerebelum_Crus2_R	Cerebelum_3_L	Cerebelum_3_R	Cerebelum_4_5_L	Cerebelum_4_5_R	Cerebelum_6_L	Cerebelum_6_R	Cerebelum_7b_L	Cerebelum_7b_R	Cerebelum_8_L	Cerebelum_8_R	Cerebelum_9_L	Cerebelum_9_R	Cerebelum_10_L	Cerebelum_10_R	Vermis_1_2	Vermis_3	Vermis_4_5	Vermis_6	Vermis_7	Vermis_8	Vermis_9	Vermis_10	
295112	Precentral_L	0	584	12702	3464	0	0	13610	240	0	0	11140	112	720	0	0	0	5380	0	8346	9570	0	0	0	0	0	0	0	0	5294	0	0	656	2084	3708	2402	358	940	252	0	0	0	0	190	0	0	0	0	0	0	0	1792	0	682	0	0	126	23300	0	358	0	7078	0	7164	0	258	0	778	0	11962	0	1758	1198	626	312	0	0	684	0	1494	0	1330	0	0	0	1396	0	0	0	3212	296	0	0	0	0	0	0	0	0	0	0	0	0	0	0	0	0	0	0	0	0	0	0	0	0	0	0	
203108	Precentral_R	584	0	3326	5944	0	0	332	7292	0	0	0	5634	0	0	0	0	0	2952	2676	8198	0	0	0	0	0	0	0	0	1054	3674	0	0	0	1090	0	512	126	1098	0	102	0	0	0	1236	0	1202	0	0	0	846	0	1062	0	1168	0	882	160	26882	0	670	0	616	0	1292	0	0	0	3502	0	3096	2612	474	240	1980	0	114	114	454	0	868	0	134	0	0	0	2564	0	0	0	4792	0	0	0	0	0	0	0	0	0	0	0	0	0	0	0	0	0	0	0	0	0	0	0	0	0	0	
998272	Frontal_Sup_L	12702	3326	0	14854	21438	448	55336	8262	2316	0	9680	1062	13232	352	5748	0	8160	770	97326	20218	0	0	45016	5910	866	1562	692	0	33618	1264	18852	6410	15492	5664	616	1124	4956	1084	248	0	0	0	0	0	0	0	0	0	0	0	0	0	0	0	0	0	6906	668	0	0	952	0	454	0	0	0	0	0	1994	102	7036	3420	35218	1442	5252	130	12390	222	1356	0	1922	0	340	120	118	0	0	0	490	0	0	0	0	0	0	0	0	0	0	0	0	0	0	0	0	0	0	0	0	0	0	0	0	0	0	0	
798720	Frontal_Sup_R	3464	5944	14854	0	100	1722	996	24034	0	196	788	6592	888	7436	0	2198	0	8338	30034	88542	0	274	7856	33274	0	4262	0	0	1238	13606	4894	29268	2160	26246	0	110	324	3972	0	682	0	106	0	0	0	0	0	0	0	0	0	0	0	0	0	1462	2974	1924	0	0	508	266	454	1038	0	0	0	0	0	112	2920	21198	752	15142	338	3000	1460	11562	0	472	0	226	0	412	0	2660	0	0	0	6082	0	0	0	0	0	0	0	0	0	0	0	0	0	0	0	0	0	0	0	0	0	0	0	0	0	0	
198220	Frontal_Sup_Orb_L	0	0	21438	100	0	126	4096	0	7622	0	1414	0	3658	0	6344	0	430	0	2596	0	1210	0	9652	316	1764	406	1738	0	9506	0	9280	1606	2460	0	0	0	0	0	0	0	138	0	0	0	0	0	0	0	0	0	0	0	0	0	0	0	0	0	0	0	0	0	0	0	0	0	0	0	0	0	538	536	11328	192	0	0	0	0	0	0	120	0	496	0	0	0	0	0	0	0	0	0	0	0	0	0	0	0	0	0	0	0	0	0	0	0	0	0	0	0	0	0	0	0	0	0	
77924	Frontal_Sup_Orb_R	0	0	448	1722	126	0	0	1510	0	3438	0	0	0	210	0	2186	0	0	0	110	0	724	1096	2972	858	8852	0	4458	0	320	1720	2224	0	0	0	0	0	0	0	0	0	0	0	0	0	0	0	0	0	0	0	0	0	0	0	0	0	0	0	0	0	0	0	0	0	0	0	0	0	0	0	3832	0	2156	0	0	0	0	0	0	0	0	0	0	0	0	0	0	0	0	0	0	0	0	0	0	0	0	0	0	0	0	0	0	0	0	0	0	0	0	0	0	0	0	0	0	
360680	Frontal_Mid_L	13610	332	55336	996	4096	0	0	636	3566	0	7336	328	23472	180	6144	0	1702	126	9554	594	0	0	7766	648	0	0	0	0	13152	234	3206	3304	7336	314	0	0	586	0	0	0	0	0	0	0	0	0	0	0	0	0	0	0	0	0	0	0	2786	0	0	0	1818	0	318	0	0	0	0	0	0	0	2954	3322	2138	520	0	0	128	0	974	0	718	0	0	0	0	0	0	0	110	0	0	0	0	0	0	0	0	0	0	0	0	0	0	0	0	0	0	0	0	0	0	0	0	0	0	0	
219256	Frontal_Mid_R	240	7292	8262	24034	0	1510	636	0	0	1638	470	8358	412	9962	0	2512	0	4248	8942	3092	0	0	352	3220	0	228	0	0	362	3774	1766	6354	746	2068	0	0	112	124	0	0	0	0	0	0	0	0	0	0	0	0	0	0	0	0	0	0	0	1768	0	0	0	0	0	314	0	0	0	0	0	0	1352	1734	0	2138	0	418	0	0	0	772	0	0	0	0	0	136	0	0	0	282	0	0	0	0	0	0	0	0	0	0	0	0	0	0	0	0	0	0	0	0	0	0	0	0	0	0	
79416	Frontal_Mid_Orb_L	0	0	2316	0	7622	0	3566	0	0	0	0	0	2902	0	12698	0	0	0	304	0	142	0	0	0	0	0	202	0	5104	0	0	0	160	0	0	0	0	0	0	0	0	0	0	0	0	0	0	0	0	0	0	0	0	0	0	0	0	0	0	0	0	0	0	0	0	0	0	0	0	0	0	0	4260	0	0	0	0	0	0	0	0	0	432	0	0	0	0	0	0	0	0	0	0	0	0	0	0	0	0	0	0	0	0	0	0	0	0	0	0	0	0	0	0	0	0	0	
27936	Frontal_Mid_Orb_R	0	0	0	196	0	3438	0	1638	0	0	0	0	0	880	0	4922	0	0	0	214	0	0	0	0	0	0	0	152	0	642	0	370	0	186	0	0	0	0	0	0	0	0	0	0	0	0	0	0	0	0	0	0	0	0	0	0	0	0	0	0	0	0	0	0	0	0	0	0	0	0	0	946	0	384	0	0	0	0	0	0	0	0	0	0	0	0	0	0	0	0	0	0	0	0	0	0	0	0	0	0	0	0	0	0	0	0	0	0	0	0	0	0	0	0	0	0	
217272	Frontal_Inf_Oper_L	11140	0	9680	788	1414	0	7336	470	0	0	0	914	14190	478	376	0	5692	144	5570	196	0	0	594	746	0	122	0	0	16644	518	1472	2286	732	0	298	160	946	224	0	0	0	0	0	0	0	0	0	0	0	0	0	0	0	0	0	0	4236	0	0	0	3786	0	1614	0	0	0	0	0	154	0	4094	4244	2948	186	0	0	394	0	1490	0	1194	0	904	0	0	0	0	0	262	0	0	0	0	0	0	0	0	0	0	0	0	0	0	0	0	0	0	0	0	0	0	0	0	0	0	0	
196320	Frontal_Inf_Oper_R	112	5634	1062	6592	0	0	328	8358	0	0	914	0	934	14852	0	642	0	4766	1994	6342	0	0	0	3278	0	810	0	0	244	15058	770	5018	0	4920	0	0	0	378	0	0	0	0	0	0	0	0	0	0	0	0	0	0	0	0	0	230	0	5250	0	0	0	0	0	0	0	0	0	0	0	0	384	3698	0	3616	0	0	0	0	0	284	0	210	0	936	0	0	0	0	0	546	0	0	0	0	0	0	0	0	0	0	0	0	0	0	0	0	0	0	0	0	0	0	0	0	0	0	
257228	Frontal_Inf_Tri_L	720	0	13232	888	3658	0	23472	412	2902	0	14190	934	0	416	13266	0	1518	186	3688	370	0	0	2108	1032	0	0	0	0	24986	518	4924	3196	3676	0	0	0	100	0	0	0	0	0	0	0	0	0	0	0	0	0	0	0	0	0	0	0	490	0	0	0	188	0	0	0	0	0	0	0	0	0	924	1976	3048	154	0	0	0	0	490	0	454	0	498	0	0	0	0	0	0	0	0	0	0	0	0	0	0	0	0	0	0	0	0	0	0	0	0	0	0	0	0	0	0	0	0	0	
170036	Frontal_Inf_Tri_R	0	0	352	7436	0	210	180	9962	0	880	478	14852	416	0	0	4430	0	466	1968	4050	0	0	0	4426	0	1150	0	0	116	15650	534	7028	0	2538	0	0	0	0	0	0	0	0	0	0	0	0	0	0	0	0	0	0	0	0	0	0	0	0	0	0	0	0	0	0	0	0	0	0	0	0	250	3868	0	3618	0	0	0	0	0	0	0	0	0	160	0	0	0	0	0	0	0	0	0	0	0	0	0	0	0	0	0	0	0	0	0	0	0	0	0	0	0	0	0	0	0	0	
140812	Frontal_Inf_Orb_L	0	0	5748	0	6344	0	6144	0	12698	0	376	0	13266	0	0	0	0	0	1596	0	824	0	392	0	0	0	108	0	12540	0	632	352	986	0	0	0	0	0	0	0	0	0	0	0	0	0	0	0	0	0	0	0	0	0	0	0	0	0	0	0	0	0	0	0	0	0	0	0	0	0	564	140	6438	0	0	0	0	0	0	0	0	0	1258	0	0	0	0	0	0	0	0	0	0	0	0	0	0	0	0	0	0	0	0	0	0	0	0	0	0	0	0	0	0	0	0	0	
98724	Frontal_Inf_Orb_R	0	0	0	2198	0	2186	0	2512	0	4922	0	642	0	4430	0	0	0	726	1666	2196	0	252	0	380	0	0	0	370	0	11092	0	1020	0	1850	0	0	0	0	0	0	0	0	0	0	0	0	0	0	0	0	0	0	0	0	0	126	0	0	0	0	0	0	0	0	0	0	0	0	0	0	0	1630	0	2446	0	0	0	0	0	394	0	3806	0	3478	0	716	0	218	0	106	0	0	0	0	0	0	0	0	0	0	0	0	0	0	0	0	0	0	0	0	0	0	0	0	0	0	
169848	Rolandic_Oper_L	5380	0	8160	0	430	0	1702	0	0	0	5692	0	1518	0	0	0	0	0	4488	220	0	0	0	0	0	0	0	0	14242	0	0	0	0	0	226	0	176	0	0	0	0	0	0	0	0	0	0	0	0	0	1138	0	542	0	0	0	8224	0	0	0	2348	0	4680	0	308	0	166	0	628	0	426	0	1150	0	0	0	100	0	5314	0	9582	0	702	0	4924	0	0	0	2458	0	0	0	0	0	0	0	0	0	0	0	0	0	0	0	0	0	0	0	0	0	0	0	0	0	0	0	
149412	Rolandic_Oper_R	0	2952	770	8338	0	0	126	4248	0	0	144	4766	186	466	0	726	0	0	1362	7366	0	0	0	118	0	0	0	0	0	17302	630	1870	0	3094	0	0	0	548	0	0	0	0	0	0	0	0	0	0	0	0	0	0	0	0	0	158	0	3408	0	0	0	134	0	2242	0	0	0	0	0	0	0	990	0	3692	0	0	0	130	0	3920	0	2830	0	1426	0	450	0	0	0	314	0	0	0	0	0	0	0	0	0	0	0	0	0	0	0	0	0	0	0	0	0	0	0	0	0	0	
806176	Supp_Motor_Area_L	8346	2676	97326	30034	2596	0	9554	8942	304	0	5570	1994	3688	1968	1596	1666	4488	1362	0	59246	0	0	6626	10608	0	98	0	0	13514	3076	3376	8262	14476	32334	1072	1542	4008	1078	188	0	0	0	0	0	0	0	0	0	0	0	0	0	0	0	0	0	5226	484	0	0	752	0	434	0	0	0	0	222	4266	738	4172	3736	18038	2864	4120	122	14600	178	540	0	614	0	0	132	0	0	0	0	236	0	0	0	0	0	0	0	0	0	0	0	0	0	0	0	0	0	0	0	0	0	0	0	0	0	0	0	
878804	Supp_Motor_Area_R	9570	8198	20218	88542	0	110	594	3092	0	214	196	6342	370	4050	0	2196	220	7366	59246	0	0	162	2372	12796	0	614	0	0	828	12732	2650	14150	8822	61864	596	3370	228	4122	0	614	0	0	0	1134	0	362	0	0	122	0	1116	288	264	2344	0	1830	3390	2078	494	0	1344	298	938	808	0	0	0	2760	3266	11288	2626	17636	1270	12614	502	2556	912	12656	0	292	0	214	0	578	226	5650	0	0	0	11102	0	0	0	0	0	0	0	0	0	0	0	0	0	0	0	0	0	0	0	0	0	0	0	0	0	0	
54732	Olfactory_L	0	0	0	0	1210	0	0	0	142	0	0	0	0	0	824	0	0	0	0	0	0	4330	0	0	182	112	316	108	1922	0	1894	1044	0	0	0	0	142	0	0	0	192	0	0	0	0	0	0	0	0	0	0	0	0	0	0	0	0	0	0	0	0	0	0	0	0	0	0	0	0	0	4892	3634	4864	778	152	300	0	0	0	0	0	0	328	0	0	0	0	0	0	0	0	0	0	0	0	0	0	0	0	0	0	0	0	0	0	0	0	0	0	0	0	0	0	0	0	0	
68412	Olfactory_R	0	0	0	274	0	724	0	0	0	0	0	0	0	0	0	252	0	0	0	162	4330	0	0	156	0	1646	0	1268	0	1924	2010	3088	0	0	0	0	0	0	0	0	0	0	0	0	0	0	0	0	0	0	0	0	0	0	0	0	0	0	0	0	0	0	0	0	0	0	0	0	0	0	4944	6328	4278	2082	156	584	0	0	0	0	0	0	0	0	0	0	0	0	0	0	0	0	0	0	0	0	0	0	0	0	0	0	0	0	0	0	0	0	0	0	0	0	0	0	0	0	
338688	Frontal_Sup_Medial_L	0	0	45016	7856	9652	1096	7766	352	0	0	594	0	2108	0	392	0	0	0	6626	2372	0	0	0	20586	1582	3288	734	0	3118	0	23282	15148	5006	6544	0	0	0	0	0	0	0	0	0	0	0	0	0	0	0	0	0	0	0	0	0	0	0	0	0	0	0	0	0	0	0	0	0	0	0	0	798	1338	3256	834	0	0	0	0	0	0	0	0	0	0	0	0	0	0	0	0	0	0	0	0	0	0	0	0	0	0	0	0	0	0	0	0	0	0	0	0	0	0	0	0	0	0	
380824	Frontal_Sup_Medial_R	0	0	5910	33274	316	2972	648	3220	0	0	746	3278	1032	4426	0	380	0	118	10608	12796	0	156	20586	0	306	11966	0	0	1224	3180	7706	29244	1084	15950	0	0	0	0	0	0	0	0	0	0	0	0	0	0	0	0	0	0	0	0	0	0	0	0	0	0	0	0	0	0	0	0	0	0	0	0	450	10604	346	7886	0	0	0	0	0	0	0	0	0	0	0	0	0	0	0	0	0	0	0	0	0	0	0	0	0	0	0	0	0	0	0	0	0	0	0	0	0	0	0	0	0	0	
23544	Frontal_Med_Orb_L	0	0	866	0	1764	858	0	0	0	0	0	0	0	0	0	0	0	0	0	0	182	0	1582	306	0	2006	708	0	0	0	2906	474	0	0	0	0	0	0	0	0	0	0	0	0	0	0	0	0	0	0	0	0	0	0	0	0	0	0	0	0	0	0	0	0	0	0	0	0	0	0	0	120	0	0	0	0	0	0	0	0	0	0	0	0	0	0	0	0	0	0	0	0	0	0	0	0	0	0	0	0	0	0	0	0	0	0	0	0	0	0	0	0	0	0	0	0	
151188	Frontal_Med_Orb_R	0	0	1562	4262	406	8852	0	228	0	0	122	810	0	1150	0	0	0	0	98	614	112	1646	3288	11966	2006	0	0	3036	0	1290	4462	10762	0	252	0	0	0	0	0	0	0	0	0	0	0	0	0	0	0	0	0	0	0	0	0	0	0	0	0	0	0	0	0	0	0	0	0	0	0	0	0	10638	0	8032	0	0	0	0	0	0	0	0	0	0	0	0	0	0	0	0	0	0	0	0	0	0	0	0	0	0	0	0	0	0	0	0	0	0	0	0	0	0	0	0	0	0	
11888	Rectus_L	0	0	692	0	1738	0	0	0	202	0	0	0	0	0	108	0	0	0	0	0	316	0	734	0	708	0	0	0	0	0	1040	0	0	0	0	0	0	0	0	0	0	0	0	0	0	0	0	0	0	0	0	0	0	0	0	0	0	0	0	0	0	0	0	0	0	0	0	0	0	0	192	0	214	0	0	0	0	0	0	0	0	0	0	0	0	0	0	0	0	0	0	0	0	0	0	0	0	0	0	0	0	0	0	0	0	0	0	0	0	0	0	0	0	0	0	0	
25088	Rectus_R	0	0	0	0	0	4458	0	0	0	152	0	0	0	0	0	370	0	0	0	0	108	1268	0	0	0	3036	0	0	0	1098	0	432	0	0	0	0	0	0	0	0	0	0	0	0	0	0	0	0	0	0	0	0	0	0	0	0	0	0	0	0	0	0	0	0	0	0	0	0	0	0	0	944	0	678	0	0	0	0	0	0	0	0	0	0	0	0	0	0	0	0	0	0	0	0	0	0	0	0	0	0	0	0	0	0	0	0	0	0	0	0	0	0	0	0	0	0	
472996	Insula_L	5294	1054	33618	1238	9506	0	13152	362	5104	0	16644	244	24986	116	12540	0	14242	0	13514	828	1922	0	3118	1224	0	0	0	0	0	146	5350	3168	2380	112	824	538	7616	488	644	0	420	0	0	0	0	0	0	0	0	0	256	0	182	0	1632	0	2466	284	0	0	1458	0	722	0	0	0	126	0	422	0	3500	2354	21370	156	114	0	926	158	5952	0	5820	0	2024	0	1706	0	190	0	4288	0	0	0	0	0	0	0	0	0	0	0	0	0	0	0	0	0	0	0	0	0	0	0	0	0	0	0	
377452	Insula_R	0	3674	1264	13606	0	320	234	3774	0	642	518	15058	518	15650	0	11092	0	17302	3076	12732	0	1924	0	3180	0	1290	0	1098	146	0	894	7894	132	5722	0	0	0	2590	0	306	0	0	0	0	0	0	0	0	0	0	0	0	0	0	0	2168	0	3364	0	0	0	0	0	0	0	0	0	0	0	0	212	6000	0	20890	0	612	0	326	0	3894	0	10806	0	5916	0	4608	0	286	0	5008	0	0	0	0	0	0	0	0	0	0	0	0	0	0	0	0	0	0	0	0	0	0	0	0	0	0	
306360	Cingulum_Ant_L	0	0	18852	4894	9280	1720	3206	1766	0	0	1472	770	4924	534	632	0	0	630	3376	2650	1894	2010	23282	7706	2906	4462	1040	0	5350	894	0	21130	5526	2204	478	0	0	0	0	0	0	0	0	0	0	0	0	0	0	0	0	0	0	0	0	0	0	0	0	0	0	0	0	0	0	0	0	0	0	0	5014	5808	5996	2430	0	344	0	0	0	0	0	0	0	0	0	0	0	0	0	0	0	0	0	0	0	0	0	0	0	0	0	0	0	0	0	0	0	0	0	0	0	0	0	0	0	0	
510068	Cingulum_Ant_R	656	0	6410	29268	1606	2224	3304	6354	0	370	2286	5018	3196	7028	352	1020	0	1870	8262	14150	1044	3088	15148	29244	474	10762	0	432	3168	7894	21130	0	2014	17254	0	0	0	220	0	0	0	0	0	0	0	0	0	0	0	0	0	0	0	0	0	0	174	0	0	0	0	0	0	0	0	0	0	0	0	0	3448	28444	2158	14922	0	498	0	0	0	144	0	0	0	0	0	0	0	0	0	0	0	0	0	0	0	0	0	0	0	0	0	0	0	0	0	0	0	0	0	0	0	0	0	0	0	0	
205704	Cingulum_Mid_L	2084	0	15492	2160	2460	0	7336	746	160	0	732	0	3676	0	986	0	0	0	14476	8822	0	0	5006	1084	0	0	0	0	2380	132	5526	2014	0	11022	3086	1186	0	0	0	0	0	0	224	0	0	192	0	0	732	0	1182	0	0	0	0	0	358	0	214	0	186	0	0	0	0	0	3366	604	3000	218	176	0	1718	0	0	0	0	0	0	0	0	0	0	0	0	0	0	0	116	0	0	0	0	0	0	0	0	0	0	0	0	0	0	0	0	0	0	0	0	0	0	0	0	0	0	0	
497280	Cingulum_Mid_R	3708	1090	5664	26246	0	0	314	2068	0	186	0	4920	0	2538	0	1850	0	3094	32334	61864	0	0	6544	15950	0	252	0	0	112	5722	2204	17254	11022	0	614	5828	0	0	0	0	0	0	0	2778	0	1522	0	230	0	202	844	864	238	982	0	0	270	1264	336	0	246	0	0	0	0	0	810	6898	1540	9632	0	2464	0	1736	0	0	0	0	0	0	0	0	0	570	210	1344	0	0	0	2282	0	0	0	0	0	0	0	0	0	0	0	0	0	0	0	0	0	0	0	0	0	0	0	0	0	0	
157388	Cingulum_Post_L	2402	0	616	0	0	0	0	0	0	0	298	0	0	0	0	0	226	0	1072	596	0	0	0	0	0	0	0	0	824	0	478	0	3086	614	0	7224	6940	2570	1792	0	0	0	7422	158	442	110	1082	0	0	100	2610	102	1210	0	136	688	2582	0	316	0	2414	0	692	0	1486	0	10264	820	2974	196	606	0	560	0	0	0	2884	0	150	0	624	0	0	0	2898	0	0	0	4886	1358	186	0	0	0	0	0	0	0	0	0	0	0	0	0	0	0	0	0	0	0	0	0	0	0	0	0	
170136	Cingulum_Post_R	358	512	1124	110	0	0	0	0	0	0	160	0	0	0	0	0	0	0	1542	3370	0	0	0	0	0	0	0	0	538	0	0	0	1186	5828	7224	0	4314	7044	282	132	0	0	0	3158	0	778	0	4082	0	590	0	694	0	1582	0	1874	344	638	0	0	0	0	0	0	0	0	746	12308	0	2338	1084	0	1086	0	0	0	6518	714	98	0	0	146	0	0	0	2644	0	0	156	9070	0	0	0	0	0	0	0	0	0	0	0	0	0	0	0	0	0	0	0	0	696	0	0	0	0	0	
162480	Hippocampus_L	940	126	4956	324	0	0	586	112	0	0	946	0	100	0	0	0	176	0	4008	228	142	0	0	0	0	0	0	0	7616	0	0	0	0	0	6940	4314	0	2740	5698	0	2246	0	1798	0	0	0	1426	228	0	0	182	0	270	0	5354	0	344	0	0	0	0	0	0	0	0	0	3272	628	0	0	1222	214	5818	120	892	0	4464	0	1336	0	1172	0	276	0	1118	0	140	0	8464	0	178	0	0	0	0	0	0	0	0	0	0	0	0	0	0	0	0	0	0	126	0	0	0	0	0	0	
206304	Hippocampus_R	252	1098	1084	3972	0	0	0	124	0	0	224	378	0	0	0	0	0	548	1078	4122	0	0	0	0	0	0	0	0	488	2590	0	220	0	0	2570	7044	2740	0	246	11400	0	6590	0	132	0	0	0	1014	0	0	0	0	0	0	0	20340	262	1090	0	0	0	0	0	0	0	0	0	2282	0	0	738	514	1028	7116	0	480	4700	5836	0	124	0	354	0	970	0	610	0	258	0	7938	0	0	0	0	0	0	0	212	0	98	0	0	0	0	0	0	0	0	0	0	288	0	0	0	0	0	
47152	ParaHippocampal_L	0	0	248	0	0	0	0	0	0	0	0	0	0	0	0	0	0	0	188	0	0	0	0	0	0	0	0	0	644	0	0	0	0	0	1792	282	5698	246	0	0	550	0	1570	0	0	0	3670	198	0	0	492	0	250	0	2664	0	0	0	0	0	0	0	0	0	0	0	2484	104	0	0	0	0	448	0	0	0	256	0	0	0	0	0	276	0	0	0	144	0	606	0	124	0	0	0	0	144	0	0	0	0	0	0	0	0	0	0	0	0	0	498	0	0	0	0	0	0	
91016	ParaHippocampal_R	0	102	0	682	0	0	0	0	0	0	0	0	0	0	0	0	0	0	0	614	0	0	0	0	0	0	0	0	0	306	0	0	0	0	0	132	0	11400	0	0	0	6292	0	436	0	0	0	1920	0	0	0	0	0	0	0	13108	0	114	0	0	0	0	0	0	0	0	0	1408	0	0	0	116	0	2294	0	254	0	1464	0	0	0	0	0	1732	0	0	0	1700	0	766	0	0	0	0	0	0	0	668	0	0	0	0	0	0	0	0	0	0	0	0	0	0	0	0	0	0	
11364	Amygdala_L	0	0	0	0	138	0	0	0	0	0	0	0	0	0	0	0	0	0	0	0	192	0	0	0	0	0	0	0	420	0	0	0	0	0	0	0	2246	0	550	0	0	0	0	0	0	0	0	0	0	0	0	0	0	0	1194	0	0	0	0	0	0	0	0	0	0	0	0	0	0	0	0	0	222	0	0	0	0	0	0	0	0	0	0	0	0	0	0	0	720	0	0	0	0	0	0	0	0	0	0	0	0	0	0	0	0	0	0	0	0	0	0	0	0	0	0	0	
48744	Amygdala_R	0	0	0	106	0	0	0	0	0	0	0	0	0	0	0	0	0	0	0	0	0	0	0	0	0	0	0	0	0	0	0	0	0	0	0	0	0	6590	0	6292	0	0	0	0	0	0	0	0	0	0	0	0	0	0	0	6322	0	0	0	0	0	0	0	0	0	0	0	0	0	0	0	166	0	1112	0	0	0	294	0	0	0	0	0	1924	0	0	0	1358	0	208	0	0	0	0	0	0	0	0	0	0	0	0	0	0	0	0	0	0	0	0	0	0	0	0	0	0	
364512	Calcarine_L	190	0	0	0	0	0	0	0	0	0	0	0	0	0	0	0	0	0	0	0	0	0	0	0	0	0	0	0	0	0	0	0	224	0	7422	0	1798	0	1570	0	0	0	0	8152	21980	4786	18496	4014	19134	1728	36202	0	9990	122	2586	114	824	0	1570	0	1664	0	436	0	930	0	24890	720	1104	0	0	0	0	0	0	0	0	0	0	0	0	0	0	0	3922	0	0	0	6782	0	626	0	0	0	0	0	0	0	0	0	0	0	0	0	0	0	0	0	0	0	0	280	0	0	0	0	
440764	Calcarine_R	0	1236	0	0	0	0	0	0	0	0	0	0	0	0	0	0	0	0	0	1134	0	0	0	0	0	0	0	0	0	0	0	0	0	2778	158	3158	0	132	0	436	0	0	8152	0	2172	31974	3220	29586	0	29984	0	25790	0	11132	0	8366	0	5020	0	878	0	0	0	0	0	236	1020	31428	0	6262	0	0	0	0	0	0	0	0	0	0	0	0	0	0	0	2456	0	0	0	10876	0	0	0	0	0	0	0	0	0	384	0	0	0	0	0	0	0	0	0	0	160	2254	0	0	0	0	
220152	Cuneus_L	0	0	0	0	0	0	0	0	0	0	0	0	0	0	0	0	0	0	0	0	0	0	0	0	0	0	0	0	0	0	0	0	0	0	442	0	0	0	0	0	0	0	21980	2172	0	5878	3020	0	27242	1208	20078	0	2912	0	578	0	578	0	3742	0	166	0	0	0	178	0	13692	858	1076	0	0	0	0	0	0	0	0	0	0	0	0	0	0	0	1428	0	0	0	2622	0	226	0	0	0	0	0	0	0	0	0	0	0	0	0	0	0	0	0	0	0	0	0	0	0	0	0	
297524	Cuneus_R	0	1202	0	0	0	0	0	0	0	0	0	0	0	0	0	0	0	0	0	362	0	0	0	0	0	0	0	0	0	0	0	0	192	1522	110	778	0	0	0	0	0	0	4786	31974	5878	0	774	5734	390	35998	0	17122	0	1672	0	1156	0	4154	0	3440	0	0	0	0	0	330	1598	24522	0	2652	0	0	0	0	0	0	0	0	0	0	0	0	0	0	0	1126	0	0	0	922	0	0	0	0	0	0	0	0	0	0	0	0	0	0	0	0	0	0	0	0	0	368	0	0	0	0	
306004	Lingual_L	0	0	0	0	0	0	0	0	0	0	0	0	0	0	0	0	0	0	0	0	0	0	0	0	0	0	0	0	0	0	0	0	0	0	1082	0	1426	0	3670	0	0	0	18496	3220	3020	774	0	6294	7384	740	22298	478	7098	114	16288	916	0	0	232	0	0	0	0	0	0	0	5826	164	0	0	0	0	0	0	0	0	0	0	0	0	0	0	0	0	0	0	0	0	596	0	5794	1388	476	230	176	126	11646	1670	16518	2892	0	0	0	0	230	164	0	0	448	480	4578	4676	1394	0	0	0	
293676	Lingual_R	0	0	0	0	0	0	0	0	0	0	0	0	0	0	0	0	0	0	0	0	0	0	0	0	0	0	0	0	0	0	0	0	0	230	0	4082	228	1014	198	1920	0	0	4014	29586	0	5734	6294	0	0	6126	0	3364	0	3958	1494	17840	0	288	0	0	0	0	0	0	0	0	0	12422	0	278	0	0	0	0	0	0	0	0	0	0	0	0	0	0	0	1148	0	0	0	6836	1752	2558	196	396	0	142	2286	4056	5408	6418	0	0	0	164	840	140	0	0	0	0	4128	9414	1738	0	148	0	
277560	Occipital_Sup_L	0	0	0	0	0	0	0	0	0	0	0	0	0	0	0	0	0	0	0	122	0	0	0	0	0	0	0	0	0	0	0	0	732	0	0	0	0	0	0	0	0	0	19134	0	27242	390	7384	0	0	0	42684	0	3446	0	616	0	2336	0	12846	0	1198	0	0	0	850	0	16210	0	2290	0	0	0	0	0	0	0	0	0	0	0	0	0	0	0	268	0	0	0	1032	0	0	0	0	0	0	0	0	0	0	0	0	0	0	0	0	0	0	0	0	0	0	0	0	0	0	0	
286488	Occipital_Sup_R	0	846	0	0	0	0	0	0	0	0	0	0	0	0	0	0	0	0	0	0	0	0	0	0	0	0	0	0	0	0	0	0	0	202	100	590	0	0	0	0	0	0	1728	29984	1208	35998	740	6126	0	0	0	27238	0	3554	0	2554	0	2804	0	5928	0	256	0	0	0	1750	804	17392	0	486	0	0	0	0	0	0	0	0	0	0	0	0	0	0	0	1478	0	0	0	872	0	0	0	0	0	0	0	0	0	168	0	0	0	0	0	0	0	0	0	0	0	438	0	0	0	0	
584972	Occipital_Mid_L	1792	0	0	0	0	0	0	0	0	0	0	0	0	0	0	0	1138	0	0	1116	0	0	0	0	0	0	0	0	256	0	0	0	1182	844	2610	0	182	0	492	0	0	0	36202	0	20078	0	22298	0	42684	0	0	0	32390	0	7670	0	8896	0	19262	0	10990	0	664	0	15200	0	23628	0	6034	0	0	0	0	0	0	0	0	0	320	0	1058	0	0	0	22462	0	0	0	12092	0	814	0	0	0	0	0	0	0	132	0	0	0	0	0	0	0	0	0	0	0	0	0	0	0	0	0	
257888	Occipital_Mid_R	0	1062	0	0	0	0	0	0	0	0	0	0	0	0	0	0	0	0	0	288	0	0	0	0	0	0	0	0	0	0	0	0	0	864	102	694	0	0	0	0	0	0	0	25790	0	17122	478	3364	0	27238	0	0	0	6198	0	2776	0	4396	0	348	0	300	0	0	0	7750	540	12990	0	4418	0	0	0	0	0	0	0	0	0	0	0	332	0	0	0	8454	0	0	0	3182	0	0	0	0	0	0	0	0	0	0	0	0	0	0	0	0	0	0	0	0	0	258	0	0	0	0	
198156	Occipital_Inf_L	682	0	0	0	0	0	0	0	0	0	0	0	0	0	0	0	542	0	0	264	0	0	0	0	0	0	0	0	182	0	0	0	0	238	1210	0	270	0	250	0	0	0	9990	0	2912	0	7098	0	3446	0	32390	0	0	0	7950	0	280	0	238	0	234	0	124	0	290	0	5592	0	714	0	0	0	0	0	0	0	0	0	322	0	322	0	0	0	7610	0	0	0	12986	0	2104	0	0	0	0	0	242	0	374	0	0	0	0	0	0	0	0	0	0	0	110	112	0	0	0	0	
126392	Occipital_Inf_R	0	1168	0	0	0	0	0	0	0	0	0	0	0	0	0	0	0	0	0	2344	0	0	0	0	0	0	0	0	0	0	0	0	0	982	0	1582	0	0	0	0	0	0	122	11132	0	1672	114	3958	0	3554	0	6198	0	0	0	4942	0	294	0	0	0	0	0	0	0	0	0	4348	0	1442	0	0	0	0	0	0	0	0	0	0	0	0	0	0	0	2618	0	0	0	16084	0	0	0	0	0	0	0	0	114	266	0	0	0	0	0	0	0	0	0	0	0	262	0	0	0	0	
248848	Fusiform_L	0	0	0	0	0	0	0	0	0	0	0	0	0	0	0	0	0	0	0	0	0	0	0	0	0	0	0	0	1632	0	0	0	0	0	136	0	5354	0	2664	0	1194	0	2586	0	578	0	16288	1494	616	0	7670	0	7950	0	0	314	0	0	0	0	0	0	0	0	0	0	1538	0	0	0	0	0	386	0	0	0	0	0	142	0	386	0	702	0	1198	0	580	0	11040	0	13900	886	780	142	0	0	12708	1094	22430	1004	172	0	0	0	0	0	0	0	0	0	2902	2936	1022	0	0	0	
369588	Fusiform_R	126	882	0	1462	0	0	0	0	0	0	0	230	0	0	0	126	0	158	0	1830	0	0	0	0	0	0	0	0	0	2168	0	0	0	0	688	1874	0	20340	0	13108	0	6322	114	8366	0	1156	916	17840	0	2554	0	2776	0	4942	314	0	0	824	0	0	0	0	0	0	0	0	0	3514	0	0	200	0	0	4272	0	242	0	520	0	0	0	1172	0	8978	0	3498	0	6852	0	24404	984	8016	0	298	0	110	1912	6584	2192	12180	0	0	0	132	902	0	0	0	0	0	3340	4158	1106	0	112	0	
322676	Postcentral_L	23300	160	6906	2974	0	0	2786	0	0	0	4236	0	490	0	0	0	8224	0	5226	3390	0	0	0	0	0	0	0	0	2466	0	0	174	358	270	2582	344	344	262	0	0	0	0	824	0	578	0	0	0	2336	0	8896	0	280	0	0	0	0	0	15264	0	29494	0	13158	0	2134	0	4254	0	9402	0	126	360	0	0	0	0	616	0	1330	0	4542	0	0	0	1988	0	0	0	1264	0	0	0	0	0	0	0	0	0	0	0	0	0	0	0	0	0	0	0	0	0	0	0	0	0	0	0	
275072	Postcentral_R	0	26882	668	1924	0	0	0	1768	0	0	0	5250	0	0	0	0	0	3408	484	2078	0	0	0	0	0	0	0	0	284	3364	0	0	0	1264	0	638	0	1090	0	114	0	0	0	5020	0	4154	0	288	0	2804	0	4396	0	294	0	824	0	0	0	7220	0	9286	0	13642	0	358	242	18358	0	7736	664	220	140	1724	0	0	0	452	0	498	0	622	0	0	0	6082	0	0	0	3296	0	0	0	0	0	0	0	0	0	0	0	0	0	0	0	0	0	0	0	0	0	0	0	0	0	0	
175632	Parietal_Sup_L	358	0	0	0	0	0	0	0	0	0	0	0	0	0	0	0	0	0	0	494	0	0	0	0	0	0	0	0	0	0	0	0	214	336	316	0	0	0	0	0	0	0	1570	0	3742	0	232	0	12846	0	19262	0	238	0	0	0	15264	0	0	0	14566	0	0	0	2278	0	11902	0	3268	0	0	0	0	0	0	0	0	0	0	0	0	0	0	0	930	0	0	0	0	0	0	0	0	0	0	0	0	0	0	0	0	0	0	0	0	0	0	0	0	0	0	0	0	0	0	0	
75976	Parietal_Sup_R	0	670	0	0	0	0	0	0	0	0	0	0	0	0	0	0	0	0	0	0	0	0	0	0	0	0	0	0	0	0	0	0	0	0	0	0	0	0	0	0	0	0	0	878	0	3440	0	0	0	5928	0	348	0	0	0	0	0	7220	0	0	0	5108	0	1410	0	1438	164	9168	0	1570	0	0	0	0	0	0	0	0	0	0	0	0	0	0	0	646	0	0	0	0	0	0	0	0	0	0	0	0	0	0	0	0	0	0	0	0	0	0	0	0	0	0	0	0	0	0	
253904	Parietal_Inf_L	7078	0	952	508	0	0	1818	0	0	0	3786	0	188	0	0	0	2348	0	752	1344	0	0	0	0	0	0	0	0	1458	0	0	0	186	246	2414	0	0	0	0	0	0	0	1664	0	166	0	0	0	1198	0	10990	0	234	0	0	0	29494	0	14566	0	0	0	19412	0	11724	0	2630	0	2460	0	0	0	0	0	0	0	0	0	122	0	2638	0	0	0	4592	0	0	0	1984	0	0	0	0	0	0	0	0	0	0	0	0	0	0	0	0	0	0	0	0	0	0	0	0	0	0	0	
76916	Parietal_Inf_R	0	616	0	266	0	0	0	0	0	0	0	0	0	0	0	0	0	134	0	298	0	0	0	0	0	0	0	0	0	0	0	0	0	0	0	0	0	0	0	0	0	0	0	0	0	0	0	0	0	256	0	300	0	0	0	0	0	9286	0	5108	0	0	0	13018	0	4056	0	630	0	0	0	0	0	0	0	0	0	0	0	0	0	178	0	0	0	3674	0	0	0	638	0	0	0	0	0	0	0	0	0	0	0	0	0	0	0	0	0	0	0	0	0	0	0	0	0	0	
160416	SupraMarginal_L	7164	0	454	454	0	0	318	0	0	0	1614	0	0	0	0	0	4680	0	434	938	0	0	0	0	0	0	0	0	722	0	0	0	0	0	692	0	0	0	0	0	0	0	436	0	0	0	0	0	0	0	664	0	124	0	0	0	13158	0	0	0	19412	0	0	0	5122	0	442	0	1598	0	0	0	0	0	0	0	0	0	418	0	9298	0	0	0	8730	0	0	0	3336	0	0	0	0	0	0	0	0	0	0	0	0	0	0	0	0	0	0	0	0	0	0	0	0	0	0	0	
117268	SupraMarginal_R	0	1292	0	1038	0	0	0	314	0	0	0	0	0	0	0	0	0	2242	0	808	0	0	0	0	0	0	0	0	0	0	0	0	0	0	0	0	0	0	0	0	0	0	0	0	0	0	0	0	0	0	0	0	0	0	0	0	0	13642	0	1410	0	13018	0	0	0	4398	0	0	0	0	0	0	0	0	0	0	0	0	0	126	0	6316	0	0	0	11430	0	0	0	2600	0	0	0	0	0	0	0	0	0	0	0	0	0	0	0	0	0	0	0	0	0	0	0	0	0	0	
120684	Angular_L	258	0	0	0	0	0	0	0	0	0	0	0	0	0	0	0	308	0	0	0	0	0	0	0	0	0	0	0	0	0	0	0	0	0	1486	0	0	0	0	0	0	0	930	0	178	0	0	0	850	0	15200	0	290	0	0	0	2134	0	2278	0	11724	0	5122	0	0	0	1106	0	842	0	0	0	0	0	0	0	0	0	0	0	3010	0	0	0	11734	0	0	0	2892	0	0	0	0	0	0	0	0	0	0	0	0	0	0	0	0	0	0	0	0	0	0	0	0	0	0	0	
60424	Angular_R	0	0	0	0	0	0	0	0	0	0	0	0	0	0	0	0	0	0	0	0	0	0	0	0	0	0	0	0	0	0	0	0	0	0	0	0	0	0	0	0	0	0	0	236	0	330	0	0	0	1750	0	7750	0	0	0	0	0	358	0	1438	0	4056	0	4398	0	0	0	0	0	0	0	0	0	0	0	0	0	0	0	0	0	3384	0	0	0	6008	0	0	0	504	0	0	0	0	0	0	0	0	0	0	0	0	0	0	0	0	0	0	0	0	0	0	0	0	0	0	
320036	Precuneus_L	778	0	0	0	0	0	0	0	0	0	0	0	0	0	0	0	166	0	0	0	0	0	0	0	0	0	0	0	126	0	0	0	3366	810	10264	746	3272	0	2484	0	0	0	24890	1020	13692	1598	5826	0	16210	804	23628	540	5592	0	1538	0	4254	242	11902	164	2630	0	442	0	1106	0	0	3752	5074	568	0	0	0	0	0	0	0	0	0	0	0	0	0	0	4218	0	0	0	7704	108	504	0	0	0	0	0	0	0	0	0	0	0	0	0	0	0	0	0	0	0	0	0	0	0	0	0	
403488	Precuneus_R	0	3502	0	0	0	0	0	0	0	0	0	0	0	0	0	0	0	0	222	2760	0	0	0	0	0	0	0	0	0	0	0	0	604	6898	820	12308	628	2282	104	1408	0	0	720	31428	858	24522	164	12422	0	17392	0	12990	0	4348	0	3514	0	18358	0	9168	0	630	0	0	0	0	3752	0	0	13088	0	0	0	0	0	0	354	0	0	0	0	0	0	0	0	5510	0	0	0	10036	0	0	0	0	0	0	0	112	0	0	0	0	0	0	0	0	0	0	0	0	842	0	0	0	0	0	
138748	Paracentral_Lobule_L	11962	0	1994	0	0	0	0	0	0	0	154	0	0	0	0	0	628	0	4266	3266	0	0	0	0	0	0	0	0	422	0	0	0	3000	1540	2974	0	0	0	0	0	0	0	1104	0	1076	0	0	0	2290	0	6034	0	714	0	0	0	9402	0	3268	0	2460	0	1598	0	842	0	5074	0	0	748	0	0	98	0	0	0	0	0	0	0	434	0	0	0	1890	0	0	0	1988	148	0	0	0	0	0	0	0	0	0	0	0	0	0	0	0	0	0	0	0	0	0	0	0	0	0	0	
145192	Paracentral_Lobule_R	0	3096	102	112	0	0	0	0	0	0	0	0	0	0	0	0	0	0	738	11288	0	0	0	0	0	0	0	0	0	0	0	0	218	9632	196	2338	0	0	0	0	0	0	0	6262	0	2652	0	278	0	486	0	4418	0	1442	0	0	0	7736	0	1570	0	0	0	0	0	0	568	13088	748	0	0	0	0	0	0	0	0	0	0	0	0	0	0	0	0	2656	0	0	0	2972	0	0	0	0	0	0	0	0	0	0	0	0	0	0	0	0	0	0	0	0	0	0	0	0	0	0	
186788	Caudate_L	1758	2612	7036	2920	538	0	2954	1352	0	0	4094	384	924	250	564	0	426	0	4172	2626	4892	4944	798	450	0	0	192	0	3500	212	5014	3448	176	0	606	1084	1222	738	0	0	0	0	0	0	0	0	0	0	0	0	0	0	0	0	0	200	126	664	0	0	0	0	0	0	0	0	0	0	0	0	0	11340	12540	1784	880	612	4700	662	0	0	0	0	0	0	0	0	0	0	0	0	0	0	0	0	0	0	0	0	0	0	0	0	0	0	0	0	0	0	0	0	0	0	0	0	0	0	
418380	Caudate_R	1198	474	3420	21198	536	3832	3322	1734	0	946	4244	3698	1976	3868	140	1630	0	990	3736	17636	3634	6328	1338	10604	120	10638	0	944	2354	6000	5808	28444	0	2464	0	0	214	514	0	116	0	166	0	0	0	0	0	0	0	0	0	0	0	0	0	0	360	220	0	0	0	0	0	0	0	0	0	0	0	0	11340	0	5026	22320	218	2406	564	12472	0	0	0	0	0	0	0	0	0	0	0	0	0	0	0	0	0	0	0	0	0	0	0	0	0	0	0	0	0	0	0	0	0	0	0	0	0	0	
344472	Putamen_L	626	240	35218	752	11328	0	2138	0	4260	0	2948	0	3048	0	6438	0	1150	0	18038	1270	4864	4278	3256	346	0	0	214	0	21370	0	5996	2158	1718	0	560	1086	5818	1028	448	0	222	0	0	0	0	0	0	0	0	0	0	0	0	0	386	0	0	140	0	0	0	0	0	0	0	0	0	0	98	0	12540	5026	0	826	6416	568	4020	114	0	0	274	0	508	0	0	0	0	0	504	0	0	0	0	0	0	0	0	0	0	0	0	0	0	0	0	0	0	0	0	0	0	0	0	0	0	0	
330792	Putamen_R	312	1980	1442	15142	192	2156	520	2138	0	384	186	3616	154	3618	0	2446	0	3692	2864	12614	778	2082	834	7886	0	8032	0	678	156	20890	2430	14922	0	1736	0	0	120	7116	0	2294	0	1112	0	0	0	0	0	0	0	0	0	0	0	0	0	4272	0	1724	0	0	0	0	0	0	0	0	0	0	0	0	1784	22320	826	0	0	3796	108	1120	0	318	0	628	0	546	0	654	0	320	0	2458	0	0	0	0	0	0	0	0	0	0	0	0	0	0	0	0	0	0	0	0	0	0	0	0	0	0	
39724	Pallidum_L	0	0	5252	338	0	0	0	0	0	0	0	0	0	0	0	0	0	0	4120	502	152	156	0	0	0	0	0	0	114	0	0	0	0	0	0	0	892	0	0	0	0	0	0	0	0	0	0	0	0	0	0	0	0	0	0	0	0	0	0	0	0	0	0	0	0	0	0	0	0	0	880	218	6416	0	0	0	822	0	0	0	0	0	0	0	0	0	0	0	0	0	0	0	0	0	0	0	0	0	0	0	0	0	0	0	0	0	0	0	0	0	0	0	0	0	0	0	
34728	Pallidum_R	0	114	130	3000	0	0	0	418	0	0	0	0	0	0	0	0	0	0	122	2556	300	584	0	0	0	0	0	0	0	612	344	498	0	0	0	0	0	480	0	254	0	0	0	0	0	0	0	0	0	0	0	0	0	0	0	242	0	0	0	0	0	0	0	0	0	0	0	0	0	0	612	2406	568	3796	0	0	0	164	0	0	0	0	0	0	0	0	0	0	0	164	0	0	0	0	0	0	0	0	0	0	0	0	0	0	0	0	0	0	0	0	0	0	0	0	0	0	
127900	Thalamus_L	684	114	12390	1460	0	0	128	0	0	0	394	0	0	0	0	0	100	0	14600	912	0	0	0	0	0	0	0	0	926	0	0	0	0	0	2884	6518	4464	4700	256	0	0	0	0	0	0	0	0	0	0	0	0	0	0	0	0	0	616	0	0	0	0	0	0	0	0	0	0	354	0	0	4700	564	4020	108	822	0	0	1748	0	0	100	0	0	0	118	0	0	0	270	0	0	0	0	0	0	0	0	0	0	0	0	0	0	0	0	0	0	0	0	0	0	0	0	0	0	0	
103548	Thalamus_R	0	454	222	11562	0	0	0	0	0	0	0	0	0	0	0	0	0	130	178	12656	0	0	0	0	0	0	0	0	158	326	0	0	0	0	0	714	0	5836	0	1464	0	294	0	0	0	0	0	0	0	0	0	0	0	0	0	520	0	452	0	0	0	0	0	0	0	0	0	0	0	0	662	12472	114	1120	0	164	1748	0	0	0	0	0	0	0	0	0	0	0	0	528	0	0	0	0	0	0	0	0	0	0	0	0	0	0	0	0	0	0	0	0	0	0	0	0	0	0	
64576	Heschl_L	1494	0	1356	0	0	0	974	0	0	0	1490	0	490	0	0	0	5314	0	540	0	0	0	0	0	0	0	0	0	5952	0	0	0	0	0	150	98	1336	0	0	0	0	0	0	0	0	0	0	0	0	0	320	0	322	0	142	0	1330	0	0	0	122	0	418	0	0	0	0	0	0	0	0	0	0	0	0	0	0	0	0	0	3396	0	0	0	2702	0	0	0	4202	0	140	0	0	0	0	0	0	0	0	0	0	0	0	0	0	0	0	0	0	0	0	0	0	0	0	0	
40284	Heschl_R	0	868	0	472	0	0	0	772	0	0	0	284	0	0	0	394	0	3920	0	292	0	0	0	0	0	0	0	0	0	3894	0	144	0	0	0	0	0	124	0	0	0	0	0	0	0	0	0	0	0	0	0	0	0	0	0	0	0	498	0	0	0	0	0	126	0	0	0	0	0	0	0	0	0	318	0	0	0	0	0	0	0	5258	0	384	0	1526	0	0	0	868	0	0	0	0	0	0	0	0	0	0	0	0	0	0	0	0	0	0	0	0	0	0	0	0	0	0	
184668	Temporal_Sup_L	1330	0	1922	0	120	0	718	0	0	0	1194	0	454	0	0	0	9582	0	614	0	0	0	0	0	0	0	0	0	5820	0	0	0	0	0	624	0	1172	0	0	0	0	0	0	0	0	0	0	0	0	0	1058	0	322	0	386	0	4542	0	0	0	2638	0	9298	0	3010	0	0	0	434	0	0	0	274	0	0	0	100	0	3396	0	0	0	3236	0	29166	0	148	0	10776	0	0	0	0	0	0	0	0	0	0	0	0	0	0	0	0	0	0	0	0	0	0	0	0	0	0	0	
137524	Temporal_Sup_R	0	134	0	226	0	0	0	0	0	0	0	210	0	0	0	3806	0	2830	0	214	0	0	0	0	0	0	0	0	0	10806	0	0	0	0	0	146	0	354	0	0	0	0	0	0	0	0	0	0	0	0	0	332	0	0	0	1172	0	622	0	0	0	178	0	6316	0	3384	0	0	0	0	0	0	0	628	0	0	0	0	0	5258	0	0	0	8026	0	16990	0	1302	0	5828	0	0	0	0	0	0	0	0	0	0	0	0	0	0	0	0	0	0	0	0	0	0	0	0	0	0	
44304	Temporal_Pole_Sup_L	0	0	340	0	496	0	0	0	432	0	904	0	498	0	1258	0	702	0	0	0	328	0	0	0	0	0	0	0	2024	0	0	0	0	0	0	0	276	0	276	0	0	0	0	0	0	0	0	0	0	0	0	0	0	0	702	0	0	0	0	0	0	0	0	0	0	0	0	0	0	0	0	0	508	0	0	0	0	0	0	0	3236	0	0	0	4498	0	3850	0	1824	0	0	0	0	0	0	0	0	0	0	0	0	0	0	0	0	0	0	0	0	0	0	0	0	0	0	0	
120680	Temporal_Pole_Sup_R	0	0	120	412	0	0	0	0	0	0	0	936	0	160	0	3478	0	1426	132	578	0	0	0	0	0	0	0	0	0	5916	0	0	0	570	0	0	0	970	0	1732	0	1924	0	0	0	0	0	0	0	0	0	0	0	0	0	8978	0	0	0	0	0	0	0	0	0	0	0	0	0	0	0	0	0	546	0	0	0	0	0	384	0	8026	0	0	0	6912	0	12010	0	5130	0	0	0	0	0	0	0	0	0	0	0	0	0	0	0	0	0	0	0	0	0	0	0	0	0	0	
320604	Temporal_Mid_L	1396	0	118	0	0	0	0	0	0	0	0	0	0	0	0	0	4924	0	0	226	0	0	0	0	0	0	0	0	1706	0	0	0	0	210	2898	0	1118	0	0	0	0	0	3922	0	1428	0	0	0	268	0	22462	0	7610	0	1198	0	1988	0	930	0	4592	0	8730	0	11734	0	4218	0	1890	0	0	0	0	0	0	0	118	0	2702	0	29166	0	4498	0	0	0	4156	0	35738	0	358	0	0	0	0	0	0	0	0	0	0	0	0	0	0	0	0	0	0	0	0	0	0	0	0	0	
276588	Temporal_Mid_R	0	2564	0	2660	0	0	0	136	0	0	0	0	0	0	0	716	0	450	0	5650	0	0	0	0	0	0	0	0	0	4608	0	0	0	1344	0	2644	0	610	0	0	0	0	0	2456	0	1126	0	1148	0	1478	0	8454	0	2618	0	3498	0	6082	0	646	0	3674	0	11430	0	6008	0	5510	0	2656	0	0	0	654	0	0	0	0	0	1526	0	16990	0	6912	0	0	0	5110	0	28936	0	0	0	0	0	0	0	0	0	0	0	0	0	0	0	0	0	0	0	0	0	0	0	0	0	0	
22836	Temporal_Pole_Mid_L	0	0	0	0	0	0	0	0	0	0	0	0	0	0	0	0	0	0	0	0	0	0	0	0	0	0	0	0	190	0	0	0	0	0	0	0	140	0	144	0	0	0	0	0	0	0	0	0	0	0	0	0	0	0	580	0	0	0	0	0	0	0	0	0	0	0	0	0	0	0	0	0	0	0	0	0	0	0	0	0	148	0	3850	0	4156	0	0	0	2210	0	0	0	0	0	0	0	0	0	0	0	0	0	0	0	0	0	0	0	0	0	0	0	0	0	0	0	
67984	Temporal_Pole_Mid_R	0	0	0	0	0	0	0	0	0	0	0	0	0	0	0	218	0	0	0	0	0	0	0	0	0	0	0	0	0	286	0	0	0	0	0	0	0	258	0	1700	0	1358	0	0	0	0	0	0	0	0	0	0	0	0	0	6852	0	0	0	0	0	0	0	0	0	0	0	0	0	0	0	0	0	320	0	0	0	0	0	0	0	1302	0	12010	0	5110	0	0	0	4578	0	0	0	0	0	0	0	0	0	0	0	0	0	0	0	0	0	0	0	0	0	0	0	0	0	0	
303160	Temporal_Inf_L	3212	0	490	0	0	0	110	0	0	0	262	0	0	0	0	0	2458	0	236	0	0	0	0	0	0	0	0	0	4288	0	0	0	116	0	4886	156	8464	0	606	0	720	0	6782	0	2622	0	596	0	1032	0	12092	0	12986	0	11040	0	1264	0	0	0	1984	0	3336	0	2892	0	7704	0	1988	0	0	0	504	0	0	0	270	0	4202	0	10776	0	1824	0	35738	0	2210	0	0	0	3222	0	164	0	0	0	0	0	348	0	0	0	0	0	0	0	0	0	0	0	0	0	0	0	0	0	
365136	Temporal_Inf_R	296	4792	0	6082	0	0	0	282	0	0	0	546	0	0	0	106	0	314	0	11102	0	0	0	0	0	0	0	0	0	5008	0	0	0	2282	1358	9070	0	7938	0	766	0	208	0	10876	0	922	0	6836	0	872	0	3182	0	16084	0	24404	0	3296	0	0	0	638	0	2600	0	504	108	10036	148	2972	0	0	0	2458	0	164	0	528	0	868	0	5828	0	5130	0	28936	0	4578	0	0	0	450	0	0	0	0	0	0	0	0	0	0	0	0	0	0	0	0	0	0	0	0	0	0	0	0	
363888	Cerebelum_Crus1_L	0	0	0	0	0	0	0	0	0	0	0	0	0	0	0	0	0	0	0	0	0	0	0	0	0	0	0	0	0	0	0	0	0	0	186	0	178	0	124	0	0	0	626	0	226	0	5794	1752	0	0	814	0	2104	0	13900	984	0	0	0	0	0	0	0	0	0	0	504	0	0	0	0	0	0	0	0	0	0	0	140	0	0	0	0	0	358	0	0	0	3222	0	0	4814	28344	2702	0	0	11606	532	46064	4558	13532	110	14896	730	1994	562	1258	152	0	0	2174	6558	8578	926	942	0	
447288	Cerebelum_Crus1_R	0	0	0	0	0	0	0	0	0	0	0	0	0	0	0	0	0	0	0	0	0	0	0	0	0	0	0	0	0	0	0	0	0	0	0	0	0	0	0	0	0	0	0	0	0	0	1388	2558	0	0	0	0	0	0	886	8016	0	0	0	0	0	0	0	0	0	0	0	0	0	0	0	0	0	0	0	0	0	0	0	0	0	0	0	0	0	0	0	0	0	450	4814	0	2818	38574	116	1212	3116	18290	6702	56434	312	11786	272	23788	1502	2646	204	728	134	422	10636	12396	10896	1402	1038	108	
251028	Cerebelum_Crus2_L	0	0	0	0	0	0	0	0	0	0	0	0	0	0	0	0	0	0	0	0	0	0	0	0	0	0	0	0	0	0	0	0	0	0	0	0	0	0	0	0	0	0	0	0	0	0	476	196	0	0	0	0	0	0	780	0	0	0	0	0	0	0	0	0	0	0	0	0	0	0	0	0	0	0	0	0	0	0	0	0	0	0	0	0	0	0	0	0	164	0	28344	2818	0	14184	0	0	186	0	3948	878	29282	4814	17936	4648	1046	172	360	0	0	0	0	800	9410	5072	0	0	
331528	Cerebelum_Crus2_R	0	0	0	0	0	0	0	0	0	0	0	0	0	0	0	0	0	0	0	0	0	0	0	0	0	0	0	0	0	0	0	0	0	0	0	0	0	0	0	0	0	0	0	0	0	0	230	396	0	0	0	0	0	0	142	298	0	0	0	0	0	0	0	0	0	0	0	0	0	0	0	0	0	0	0	0	0	0	0	0	0	0	0	0	0	0	0	0	0	0	2702	38574	14184	0	0	0	800	1126	1074	10978	9866	24996	3500	32818	274	3216	0	254	0	0	1112	2180	11032	5390	622	0	
20900	Cerebelum_3_L	0	0	0	0	0	0	0	0	0	0	0	0	0	0	0	0	0	0	0	0	0	0	0	0	0	0	0	0	0	0	0	0	0	0	0	0	0	0	0	0	0	0	0	0	0	0	176	0	0	0	0	0	0	0	0	0	0	0	0	0	0	0	0	0	0	0	0	0	0	0	0	0	0	0	0	0	0	0	0	0	0	0	0	0	0	0	0	0	0	0	0	116	0	0	0	160	5022	128	770	216	0	0	0	0	336	0	0	0	790	1562	778	396	0	0	0	0	
27536	Cerebelum_3_R	0	0	0	0	0	0	0	0	0	0	0	0	0	0	0	0	0	0	0	0	0	0	0	0	0	0	0	0	0	0	0	0	0	0	0	0	0	0	144	0	0	0	0	0	0	0	126	142	0	0	0	0	0	0	0	110	0	0	0	0	0	0	0	0	0	0	0	0	0	0	0	0	0	0	0	0	0	0	0	0	0	0	0	0	0	0	0	0	0	0	0	1212	0	0	160	0	940	3460	170	3090	0	0	0	0	0	0	0	0	1196	1734	1284	0	0	0	0	0	
272716	Cerebelum_4_5_L	0	0	0	0	0	0	0	0	0	0	0	0	0	0	0	0	0	0	0	0	0	0	0	0	0	0	0	0	0	0	0	0	0	0	0	0	0	0	0	0	0	0	0	0	0	0	11646	2286	0	0	0	0	242	0	12708	1912	0	0	0	0	0	0	0	0	0	0	0	0	0	0	0	0	0	0	0	0	0	0	0	0	0	0	0	0	0	0	0	0	0	0	11606	3116	186	800	5022	940	0	6370	31700	8120	242	0	144	0	5768	2332	736	140	1044	1830	17418	6316	222	312	1890	1310	
202924	Cerebelum_4_5_R	0	0	0	0	0	0	0	0	0	0	0	0	0	0	0	0	0	0	0	0	0	0	0	0	0	0	0	0	0	0	0	0	0	0	0	0	0	212	0	668	0	0	0	0	0	0	1670	4056	0	0	0	0	0	0	1094	6584	0	0	0	0	0	0	0	0	0	0	0	112	0	0	0	0	0	0	0	0	0	0	0	0	0	0	0	0	0	0	0	0	0	0	532	18290	0	1126	128	3460	6370	0	3338	29300	0	0	0	216	988	526	0	0	182	778	19050	1936	0	0	296	550	
419692	Cerebelum_6_L	0	0	0	0	0	0	0	0	0	0	0	0	0	0	0	0	0	0	0	0	0	0	0	0	0	0	0	0	0	0	0	0	0	0	0	0	0	0	0	0	0	0	0	0	0	0	16518	5408	0	0	132	0	374	114	22430	2192	0	0	0	0	0	0	0	0	0	0	0	0	0	0	0	0	0	0	0	0	0	0	0	0	0	0	0	0	0	0	0	0	348	0	46064	6702	3948	1074	770	170	31700	3338	0	10570	5782	0	5858	428	4912	1872	1852	402	622	682	10606	16916	4560	1350	1828	324	
441404	Cerebelum_6_R	0	0	0	0	0	0	0	0	0	0	0	0	0	0	0	0	0	0	0	0	0	0	0	0	0	0	0	0	0	0	0	0	0	0	0	0	0	98	0	0	0	0	0	384	0	0	2892	6418	0	168	0	0	0	266	1004	12180	0	0	0	0	0	0	0	0	0	0	0	0	0	0	0	0	0	0	0	0	0	0	0	0	0	0	0	0	0	0	0	0	0	0	4558	56434	878	10978	216	3090	8120	29300	10570	0	124	1988	182	9222	3398	4244	304	1700	470	1002	18046	17992	8324	2298	3176	678	
245300	Cerebelum_7b_L	0	0	0	0	0	0	0	0	0	0	0	0	0	0	0	0	0	0	0	0	0	0	0	0	0	0	0	0	0	0	0	0	0	0	0	0	0	0	0	0	0	0	0	0	0	0	0	0	0	0	0	0	0	0	172	0	0	0	0	0	0	0	0	0	0	0	0	0	0	0	0	0	0	0	0	0	0	0	0	0	0	0	0	0	0	0	0	0	0	0	13532	312	29282	9866	0	0	242	0	5782	124	0	7820	29638	8472	2296	180	376	0	0	0	0	196	5418	8844	98	0	
195112	Cerebelum_7b_R	0	0	0	0	0	0	0	0	0	0	0	0	0	0	0	0	0	0	0	0	0	0	0	0	0	0	0	0	0	0	0	0	0	0	0	0	0	0	0	0	0	0	0	0	0	0	0	0	0	0	0	0	0	0	0	0	0	0	0	0	0	0	0	0	0	0	0	0	0	0	0	0	0	0	0	0	0	0	0	0	0	0	0	0	0	0	0	0	0	0	110	11786	4814	24996	0	0	0	0	0	1988	7820	0	5754	29454	0	1852	0	0	0	0	0	0	1622	7360	0	0	
228068	Cerebelum_8_L	0	0	0	0	0	0	0	0	0	0	0	0	0	0	0	0	0	0	0	0	0	0	0	0	0	0	0	0	0	0	0	0	0	0	0	0	0	0	0	0	0	0	0	0	0	0	0	0	0	0	0	0	0	0	0	0	0	0	0	0	0	0	0	0	0	0	0	0	0	0	0	0	0	0	0	0	0	0	0	0	0	0	0	0	0	0	0	0	0	0	14896	272	17936	3500	0	0	144	0	5858	182	29638	5754	0	8224	11402	756	2040	0	0	0	0	306	3490	8650	986	0	
297056	Cerebelum_8_R	0	0	0	0	0	0	0	0	0	0	0	0	0	0	0	0	0	0	0	0	0	0	0	0	0	0	0	0	0	0	0	0	0	0	0	0	0	0	0	0	0	0	0	0	0	0	0	164	0	0	0	0	0	0	0	132	0	0	0	0	0	0	0	0	0	0	0	0	0	0	0	0	0	0	0	0	0	0	0	0	0	0	0	0	0	0	0	0	0	0	730	23788	4648	32818	0	0	0	216	428	9222	8472	29454	8224	0	176	12330	0	438	0	0	132	950	4886	10036	1284	0	
112400	Cerebelum_9_L	0	0	0	0	0	0	0	0	0	0	0	0	0	0	0	0	0	0	0	0	0	0	0	0	0	0	0	0	0	0	0	0	0	0	0	0	0	0	0	0	0	0	0	0	0	0	230	840	0	0	0	0	0	0	0	902	0	0	0	0	0	0	0	0	0	0	0	0	0	0	0	0	0	0	0	0	0	0	0	0	0	0	0	0	0	0	0	0	0	0	1994	1502	1046	274	336	0	5768	988	4912	3398	2296	0	11402	176	0	2066	3948	230	0	0	3334	5004	752	1576	2882	344	
106200	Cerebelum_9_R	0	0	0	0	0	0	0	0	0	0	0	0	0	0	0	0	0	0	0	0	0	0	0	0	0	0	0	0	0	0	0	0	0	0	0	0	0	0	0	0	0	0	0	0	0	0	164	140	0	0	0	0	0	0	0	0	0	0	0	0	0	0	0	0	0	0	0	0	0	0	0	0	0	0	0	0	0	0	0	0	0	0	0	0	0	0	0	0	0	0	562	2646	172	3216	0	0	2332	526	1872	4244	180	1852	756	12330	2066	0	102	1728	240	284	2112	4362	1808	3092	5128	1186	
23944	Cerebelum_10_L	0	0	0	0	0	0	0	0	0	0	0	0	0	0	0	0	0	0	0	0	0	0	0	0	0	0	0	0	0	0	0	0	0	0	0	0	0	0	0	0	0	0	0	0	0	0	0	0	0	0	0	0	0	0	0	0	0	0	0	0	0	0	0	0	0	0	0	0	0	0	0	0	0	0	0	0	0	0	0	0	0	0	0	0	0	0	0	0	0	0	1258	204	360	0	0	0	736	0	1852	304	376	0	2040	0	3948	102	0	0	0	0	0	556	0	108	128	0	
17076	Cerebelum_10_R	0	0	0	0	0	0	0	0	0	0	0	0	0	0	0	0	0	0	0	0	0	0	0	0	0	0	0	0	0	0	0	0	0	0	0	0	0	0	0	0	0	0	0	0	0	0	0	0	0	0	0	0	0	0	0	0	0	0	0	0	0	0	0	0	0	0	0	0	0	0	0	0	0	0	0	0	0	0	0	0	0	0	0	0	0	0	0	0	0	0	152	728	0	254	0	0	140	0	402	1700	0	0	0	438	230	1728	0	0	0	0	0	692	296	830	948	0	
21492	Vermis_1_2	0	0	0	0	0	0	0	0	0	0	0	0	0	0	0	0	0	0	0	0	0	0	0	0	0	0	0	0	0	0	0	0	0	0	0	0	0	0	0	0	0	0	0	0	0	0	448	0	0	0	0	0	0	0	0	0	0	0	0	0	0	0	0	0	0	0	0	0	0	0	0	0	0	0	0	0	0	0	0	0	0	0	0	0	0	0	0	0	0	0	0	134	0	0	790	1196	1044	182	622	470	0	0	0	0	0	240	0	0	0	4134	1354	132	0	0	0	0	
31880	Vermis_3	0	0	0	0	0	0	0	0	0	0	0	0	0	0	0	0	0	0	0	0	0	0	0	0	0	0	0	0	0	0	0	0	0	0	0	0	126	0	498	0	0	0	0	0	0	0	480	0	0	0	0	0	0	0	0	0	0	0	0	0	0	0	0	0	0	0	0	0	0	0	0	0	0	0	0	0	0	0	0	0	0	0	0	0	0	0	0	0	0	0	0	422	0	0	1562	1734	1830	778	682	1002	0	0	0	0	0	284	0	0	4134	0	2212	196	0	0	0	0	
233116	Vermis_4_5	0	0	0	0	0	0	0	0	0	0	0	0	0	0	0	0	0	0	0	0	0	0	0	0	0	0	0	0	0	0	0	0	0	0	0	696	0	288	0	0	0	0	0	160	0	0	4578	4128	0	0	0	0	110	0	2902	3340	0	0	0	0	0	0	0	0	0	0	0	842	0	0	0	0	0	0	0	0	0	0	0	0	0	0	0	0	0	0	0	0	0	0	2174	10636	0	1112	778	1284	17418	19050	10606	18046	0	0	0	132	3334	2112	0	0	1354	2212	0	5570	112	186	1558	1840	
247008	Vermis_6	0	0	0	0	0	0	0	0	0	0	0	0	0	0	0	0	0	0	0	0	0	0	0	0	0	0	0	0	0	0	0	0	0	0	0	0	0	0	0	0	0	0	280	2254	0	368	4676	9414	0	438	0	258	112	262	2936	4158	0	0	0	0	0	0	0	0	0	0	0	0	0	0	0	0	0	0	0	0	0	0	0	0	0	0	0	0	0	0	0	0	0	0	6558	12396	800	2180	396	0	6316	1936	16916	17992	196	0	306	950	5004	4362	556	692	132	196	5570	0	7570	1940	4218	1166	
184328	Vermis_7	0	0	0	0	0	0	0	0	0	0	0	0	0	0	0	0	0	0	0	0	0	0	0	0	0	0	0	0	0	0	0	0	0	0	0	0	0	0	0	0	0	0	0	0	0	0	1394	1738	0	0	0	0	0	0	1022	1106	0	0	0	0	0	0	0	0	0	0	0	0	0	0	0	0	0	0	0	0	0	0	0	0	0	0	0	0	0	0	0	0	0	0	8578	10896	9410	11032	0	0	222	0	4560	8324	5418	1622	3490	4886	752	1808	0	296	0	0	112	7570	0	5100	2828	0	
139020	Vermis_8	0	0	0	0	0	0	0	0	0	0	0	0	0	0	0	0	0	0	0	0	0	0	0	0	0	0	0	0	0	0	0	0	0	0	0	0	0	0	0	0	0	0	0	0	0	0	0	0	0	0	0	0	0	0	0	0	0	0	0	0	0	0	0	0	0	0	0	0	0	0	0	0	0	0	0	0	0	0	0	0	0	0	0	0	0	0	0	0	0	0	926	1402	5072	5390	0	0	312	0	1350	2298	8844	7360	8650	10036	1576	3092	108	830	0	0	186	1940	5100	0	5038	0	
72028	Vermis_9	0	0	0	0	0	0	0	0	0	0	0	0	0	0	0	0	0	0	0	0	0	0	0	0	0	0	0	0	0	0	0	0	0	0	0	0	0	0	0	0	0	0	0	0	0	0	0	148	0	0	0	0	0	0	0	112	0	0	0	0	0	0	0	0	0	0	0	0	0	0	0	0	0	0	0	0	0	0	0	0	0	0	0	0	0	0	0	0	0	0	942	1038	0	622	0	0	1890	296	1828	3176	98	0	986	1284	2882	5128	128	948	0	0	1558	4218	2828	5038	0	866	
