data	data	537296	245852	1.31082e+06	1.26985e+06	211564	170596	678752	504844	91980	49420	458852	177020	419428	149524	219500	106944	321012	114248	887960	1.17041e+06	97940	141712	820980	733588	83048	137492	75484	90100	716620	356940	785556	750792	415236	904332	94924	145912	283872	271840	70568	101904	51508	45232	167544	330760	56404	363672	197316	248720	168872	371460	332732	126144	110592	87912	308740	399136	333220	264940	209896	88956	220628	111840	132316	131620	105608	106292	226072	425392	315048	167748	383608	529932	509812	363208	67260	78868	150320	197024	82684	29768	268172	91792	284268	59452	263516	153200	46164	20572	190324	141740	382264	369556	292872	310148	20708	32684	261504	178388	354740	323784	200812	138136	274052	241356	93824	100056	16020	3540	13100	31440	216308	138128	141908	124192	81804	29620	
data	data	Precentral_L	Precentral_R	Frontal_Sup_L	Frontal_Sup_R	Frontal_Sup_Orb_L	Frontal_Sup_Orb_R	Frontal_Mid_L	Frontal_Mid_R	Frontal_Mid_Orb_L	Frontal_Mid_Orb_R	Frontal_Inf_Oper_L	Frontal_Inf_Oper_R	Frontal_Inf_Tri_L	Frontal_Inf_Tri_R	Frontal_Inf_Orb_L	Frontal_Inf_Orb_R	Rolandic_Oper_L	Rolandic_Oper_R	Supp_Motor_Area_L	Supp_Motor_Area_R	Olfactory_L	Olfactory_R	Frontal_Sup_Medial_L	Frontal_Sup_Medial_R	Frontal_Med_Orb_L	Frontal_Med_Orb_R	Rectus_L	Rectus_R	Insula_L	Insula_R	Cingulum_Ant_L	Cingulum_Ant_R	Cingulum_Mid_L	Cingulum_Mid_R	Cingulum_Post_L	Cingulum_Post_R	Hippocampus_L	Hippocampus_R	ParaHippocampal_L	ParaHippocampal_R	Amygdala_L	Amygdala_R	Calcarine_L	Calcarine_R	Cuneus_L	Cuneus_R	Lingual_L	Lingual_R	Occipital_Sup_L	Occipital_Sup_R	Occipital_Mid_L	Occipital_Mid_R	Occipital_Inf_L	Occipital_Inf_R	Fusiform_L	Fusiform_R	Postcentral_L	Postcentral_R	Parietal_Sup_L	Parietal_Sup_R	Parietal_Inf_L	Parietal_Inf_R	SupraMarginal_L	SupraMarginal_R	Angular_L	Angular_R	Precuneus_L	Precuneus_R	Paracentral_Lobule_L	Paracentral_Lobule_R	Caudate_L	Caudate_R	Putamen_L	Putamen_R	Pallidum_L	Pallidum_R	Thalamus_L	Thalamus_R	Heschl_L	Heschl_R	Temporal_Sup_L	Temporal_Sup_R	Temporal_Pole_Sup_L	Temporal_Pole_Sup_R	Temporal_Mid_L	Temporal_Mid_R	Temporal_Pole_Mid_L	Temporal_Pole_Mid_R	Temporal_Inf_L	Temporal_Inf_R	Cerebelum_Crus1_L	Cerebelum_Crus1_R	Cerebelum_Crus2_L	Cerebelum_Crus2_R	Cerebelum_3_L	Cerebelum_3_R	Cerebelum_4_5_L	Cerebelum_4_5_R	Cerebelum_6_L	Cerebelum_6_R	Cerebelum_7b_L	Cerebelum_7b_R	Cerebelum_8_L	Cerebelum_8_R	Cerebelum_9_L	Cerebelum_9_R	Cerebelum_10_L	Cerebelum_10_R	Vermis_1_2	Vermis_3	Vermis_4_5	Vermis_6	Vermis_7	Vermis_8	Vermis_9	Vermis_10	
537296	Precentral_L	0	2854	20630	3480	0	0	31064	1128	0	0	23950	0	12294	0	0	0	11346	0	7424	6964	0	0	1638	870	0	0	0	0	13638	0	3814	520	284	5304	666	474	12256	430	1318	0	166	0	0	0	0	0	314	0	0	0	1184	0	158	0	462	0	39298	358	740	0	3840	0	1272	0	318	0	214	0	14366	688	3082	142	9538	96	1856	0	15578	804	5318	0	3268	0	2844	0	270	0	0	0	128	0	0	0	0	0	0	0	0	0	0	0	0	0	0	0	0	0	0	0	0	0	0	0	0	0	0	0	
245852	Precentral_R	2854	0	842	9830	0	0	862	7624	0	0	0	6944	0	192	0	0	168	1358	774	2868	0	124	100	162	0	0	0	0	162	2740	196	142	0	1310	392	3124	338	6536	166	416	0	0	0	2162	0	1692	0	640	0	2416	0	562	0	886	0	2990	2362	35664	0	0	0	1142	0	2270	0	0	0	4190	590	4580	468	1168	186	1528	0	226	330	3392	0	254	0	298	0	0	0	692	0	0	0	1904	0	0	0	0	0	0	0	0	0	0	0	0	0	0	0	0	0	0	0	0	110	0	0	0	0	0	
1.31082e+06	Frontal_Sup_L	20630	842	0	28902	13534	340	92014	6380	2974	0	19458	374	21276	244	7162	0	19964	0	70470	31178	0	0	66202	22510	1866	602	0	0	43816	434	39942	16718	14268	18782	0	108	3906	164	498	0	0	0	0	0	0	0	98	0	0	0	0	0	0	0	326	0	9492	130	0	0	326	0	436	0	0	0	0	0	1968	0	15512	4568	32954	778	1142	0	3796	278	1324	0	7164	0	9356	0	202	0	0	0	0	0	0	0	0	0	0	0	0	0	0	0	0	0	0	0	0	0	0	0	0	0	0	0	0	0	0	0	
1.26985e+06	Frontal_Sup_R	3480	9830	28902	0	208	5366	8164	64836	0	708	2702	10434	2830	7142	154	2034	1312	4206	28444	93714	0	292	32822	68288	198	1754	0	196	2984	17014	22650	47930	17024	52116	320	274	860	6404	394	932	0	0	0	130	0	142	0	114	0	190	0	0	0	0	0	198	306	1070	0	0	0	0	0	202	0	0	0	210	1466	268	11270	30334	3670	15852	280	2290	1150	16636	0	0	780	134	1130	186	0	0	0	0	0	0	0	0	0	0	0	0	0	0	0	0	0	0	0	0	0	0	0	0	0	0	0	0	0	0	0	0	
211564	Frontal_Sup_Orb_L	0	0	13534	208	0	386	4152	0	12574	0	788	0	4150	0	17090	0	200	0	1134	128	2640	1214	3678	516	6326	968	5896	520	10874	0	4824	438	0	0	0	0	0	0	166	0	830	0	0	0	0	0	0	0	0	0	0	0	0	0	0	0	0	0	0	0	0	0	0	0	0	0	0	0	0	0	1612	782	8966	302	0	0	0	0	0	0	98	0	788	0	0	0	0	0	0	0	0	0	0	0	0	0	0	0	0	0	0	0	0	0	0	0	0	0	0	0	0	0	0	0	0	0	
170596	Frontal_Sup_Orb_R	0	0	340	5366	386	0	0	3174	0	5068	0	184	0	1112	148	4596	0	0	548	2206	1202	2942	568	4654	1076	12754	978	9376	0	1582	700	5752	112	556	0	0	0	0	0	0	322	0	0	0	0	0	0	0	0	0	0	0	0	0	0	0	0	0	0	0	0	0	0	0	0	0	0	0	0	0	1726	8912	988	7132	0	838	0	0	0	0	0	0	0	0	0	0	0	0	0	0	0	0	0	0	0	0	0	0	0	0	0	0	0	0	0	0	0	0	0	0	0	0	0	0	0	0	
678752	Frontal_Mid_L	31064	862	92014	8164	4152	0	0	2286	2646	0	18376	0	42466	0	5416	0	4714	0	20998	10510	0	0	19796	4736	0	0	0	0	12816	0	15222	2872	5234	8362	0	0	1840	0	188	0	0	0	0	0	0	0	0	0	0	0	0	0	0	0	118	0	5616	0	0	0	252	0	150	0	0	0	0	0	304	0	2446	870	6524	112	956	0	1764	0	590	0	2340	0	2600	0	0	0	0	0	0	0	0	0	0	0	0	0	0	0	0	0	0	0	0	0	0	0	0	0	0	0	0	0	0	0	0	0	
504844	Frontal_Mid_R	1128	7624	6380	64836	0	3174	2286	0	0	3676	932	9732	962	19216	0	1948	278	1936	7514	15090	0	0	8584	22932	0	184	0	0	1054	13020	3922	9494	5406	18768	0	0	0	630	0	0	0	0	0	0	0	0	0	0	0	0	0	0	0	0	0	0	170	1668	0	0	0	0	0	0	0	0	0	0	168	0	6810	7078	2250	1724	174	0	756	540	0	0	180	0	198	0	0	0	0	0	0	0	0	0	0	0	0	0	0	0	0	0	0	0	0	0	0	0	0	0	0	0	0	0	0	0	0	0	
91980	Frontal_Mid_Orb_L	0	0	2974	0	12574	0	2646	0	0	0	0	0	3474	0	15636	0	0	0	0	0	352	338	156	0	448	0	1642	112	3174	0	352	94	0	0	0	0	0	0	0	0	0	0	0	0	0	0	0	0	0	0	0	0	0	0	0	0	0	0	0	0	0	0	0	0	0	0	0	0	0	0	434	166	988	114	0	0	0	0	0	0	0	0	316	0	0	0	0	0	0	0	0	0	0	0	0	0	0	0	0	0	0	0	0	0	0	0	0	0	0	0	0	0	0	0	0	0	
49420	Frontal_Mid_Orb_R	0	0	0	708	0	5068	0	3676	0	0	0	156	0	2820	0	8008	0	0	0	106	0	124	0	0	0	422	0	676	0	1262	0	0	0	0	0	0	0	0	0	0	0	0	0	0	0	0	0	0	0	0	0	0	0	0	0	0	0	0	0	0	0	0	0	0	0	0	0	0	0	0	0	318	0	1168	0	198	0	0	0	0	0	0	0	0	0	0	0	0	0	0	0	0	0	0	0	0	0	0	0	0	0	0	0	0	0	0	0	0	0	0	0	0	0	0	0	0	
458852	Frontal_Inf_Oper_L	23950	0	19458	2702	788	0	18376	932	0	0	0	0	30102	0	1582	0	19810	0	7070	1540	0	0	11488	896	858	0	0	0	25622	0	17838	2420	1386	1716	0	0	322	0	0	0	0	0	0	0	0	0	0	0	0	0	0	0	0	0	0	0	11344	0	0	0	98	0	0	0	0	0	0	0	0	0	1402	250	3656	0	0	0	0	0	1050	0	9104	0	13666	0	0	0	0	0	0	0	0	0	0	0	0	0	0	0	0	0	0	0	0	0	0	0	0	0	0	0	0	0	0	0	0	0	
177020	Frontal_Inf_Oper_R	0	6944	374	10434	0	184	0	9732	0	156	0	0	0	7930	0	840	0	8222	910	8928	0	0	0	816	0	0	0	0	0	12884	0	172	0	1516	0	0	0	676	0	0	0	0	0	556	0	562	0	230	0	776	0	156	0	0	0	100	0	5964	0	0	0	192	0	350	0	0	0	798	0	0	166	3142	0	3074	0	386	0	214	0	516	0	202	0	278	0	130	0	0	0	0	0	0	0	0	0	0	0	0	0	0	0	0	0	0	0	0	0	0	0	0	0	0	0	0	0	0	
419428	Frontal_Inf_Tri_L	12294	0	21276	2830	4150	0	42466	962	3474	0	30102	0	0	0	13698	0	3392	0	5280	1160	0	0	10378	1408	292	0	0	0	22454	0	13568	2780	2242	1742	0	0	0	0	0	0	0	0	0	0	0	0	0	0	0	0	0	0	0	0	0	0	4574	0	0	0	0	0	0	0	0	0	0	0	0	0	484	630	3654	0	0	0	0	0	0	0	1642	0	2782	0	0	0	0	0	0	0	0	0	0	0	0	0	0	0	0	0	0	0	0	0	0	0	0	0	0	0	0	0	0	0	0	0	
149524	Frontal_Inf_Tri_R	0	192	244	7142	0	1112	0	19216	0	2820	0	7930	0	0	0	5780	0	524	1152	5312	0	0	354	1566	0	0	0	132	0	12288	0	552	98	2996	0	0	0	124	0	0	0	0	0	0	0	0	0	0	0	0	0	0	0	0	0	0	0	178	0	0	0	0	0	0	0	0	0	0	0	0	344	3154	0	1552	0	0	0	0	0	0	0	0	0	0	0	0	0	0	0	0	0	0	0	0	0	0	0	0	0	0	0	0	0	0	0	0	0	0	0	0	0	0	0	0	0	0	
219500	Frontal_Inf_Orb_L	0	0	7162	154	17090	148	5416	0	15636	0	1582	0	13698	0	0	0	320	0	808	126	3582	874	566	172	152	114	2434	200	19372	0	884	204	170	0	0	0	270	0	424	0	1276	0	0	0	0	0	0	0	0	0	0	0	0	0	0	0	0	0	0	0	0	0	0	0	0	0	0	0	0	0	1254	612	8082	188	0	0	0	0	0	0	436	0	5814	0	530	0	0	0	0	0	0	0	0	0	0	0	0	0	0	0	0	0	0	0	0	0	0	0	0	0	0	0	0	0	0	0	
106944	Frontal_Inf_Orb_R	0	0	0	2034	0	4596	0	1948	0	8008	0	840	0	5780	0	0	0	0	212	1248	0	1228	96	216	0	190	0	1514	0	12754	0	104	0	234	0	0	0	330	0	0	0	520	0	0	0	0	0	0	0	0	0	0	0	0	0	0	0	0	0	0	0	0	0	0	0	0	0	0	0	0	216	1874	188	6650	0	646	0	0	0	0	0	660	0	1274	0	112	0	0	0	0	0	0	0	0	0	0	0	0	0	0	0	0	0	0	0	0	0	0	0	0	0	0	0	0	0	0	
321012	Rolandic_Oper_L	11346	168	19964	1312	200	0	4714	278	0	0	19810	0	3392	0	320	0	0	0	6138	1294	0	0	2692	148	324	0	0	0	27320	0	5170	560	266	642	0	0	1540	0	0	0	0	0	0	0	0	0	0	0	0	0	1204	0	148	0	480	0	11726	0	294	0	142	0	1738	0	0	0	108	0	132	0	1154	0	1720	0	0	0	0	0	3028	0	14112	0	15090	0	1282	0	0	0	550	0	0	0	0	0	0	0	0	0	0	0	0	0	0	0	0	0	0	0	0	0	0	0	0	0	0	0	
114248	Rolandic_Oper_R	0	1358	0	4206	0	0	0	1936	0	0	0	8222	0	524	0	0	0	0	304	7628	0	0	0	280	0	0	0	0	0	14334	0	0	0	232	0	0	0	2368	0	0	0	0	0	244	0	200	0	0	0	212	0	0	0	0	0	0	0	4448	0	0	0	0	0	1424	0	0	0	244	156	0	0	670	0	3068	0	462	0	646	0	2748	0	732	0	372	0	106	0	0	0	0	0	0	0	0	0	0	0	0	0	0	0	0	0	0	0	0	0	0	0	0	0	0	0	0	0	0	
887960	Supp_Motor_Area_L	7424	774	70470	28444	1134	548	20998	7514	0	0	7070	910	5280	1152	808	212	6138	304	0	78666	0	0	14632	12406	0	308	0	0	16442	1174	8960	6340	16080	44084	590	210	1196	288	142	0	0	0	0	0	0	0	0	0	0	0	0	0	0	0	0	0	416	258	0	0	0	0	0	102	0	0	150	0	35538	7086	8604	3858	10354	2414	2312	0	3100	176	0	0	3088	0	5826	0	0	0	0	0	0	0	0	0	0	0	0	0	0	0	0	0	0	0	0	0	0	0	0	0	0	0	0	0	0	0	0	0	
1.17041e+06	Supp_Motor_Area_R	6964	2868	31178	93714	128	2206	10510	15090	0	106	1540	8928	1160	5312	126	1248	1294	7628	78666	0	0	250	7352	23284	0	1242	0	104	3230	11640	6982	13516	16446	65484	1278	2458	2410	6254	494	694	0	134	0	322	0	370	0	228	0	534	0	182	0	0	0	186	726	3046	0	0	148	0	0	462	0	0	110	1016	25580	20052	9834	32666	3614	18882	322	4146	4304	23332	218	356	788	158	1236	212	98	158	0	0	0	0	0	0	0	0	0	0	0	0	0	0	0	0	0	0	0	0	0	0	0	0	0	0	0	0	0	0	
97940	Olfactory_L	0	0	0	0	2640	1202	0	0	352	0	0	0	0	0	3582	0	0	0	0	0	0	7064	0	0	574	1028	3766	1726	3074	0	2834	2068	0	0	0	0	356	0	438	0	1180	0	0	0	0	0	0	0	0	0	0	0	0	0	0	0	0	0	0	0	0	0	0	0	0	0	0	0	0	0	6946	4016	3108	1478	0	436	0	0	0	0	0	0	1102	0	0	0	0	0	0	0	0	0	0	0	0	0	0	0	0	0	0	0	0	0	0	0	0	0	0	0	0	0	0	0	0	0	
141712	Olfactory_R	0	124	0	292	1214	2942	0	0	338	124	0	0	0	0	874	1228	0	0	0	250	7064	0	0	0	912	2372	3712	4474	120	1604	2854	3232	0	0	0	0	0	0	0	94	838	486	0	0	0	0	0	0	0	0	0	0	0	0	0	0	0	0	0	0	0	0	0	0	0	0	0	0	0	0	11788	9830	7424	3172	326	2606	0	444	0	0	0	0	0	118	0	0	0	0	0	0	0	0	0	0	0	0	0	0	0	0	0	0	0	0	0	0	0	0	0	0	0	0	0	0	0	0	
820980	Frontal_Sup_Medial_L	1638	100	66202	32822	3678	568	19796	8584	156	0	11488	0	10378	354	566	96	2692	0	14632	7352	0	0	0	48024	4002	1176	0	0	6800	1258	53910	41564	23276	32896	0	140	0	0	0	0	0	0	0	0	0	0	0	0	0	0	0	0	0	0	0	0	582	0	0	0	0	0	0	0	0	0	0	0	0	0	984	4610	6276	338	0	0	0	0	0	0	1434	0	2118	0	0	0	0	0	0	0	0	0	0	0	0	0	0	0	0	0	0	0	0	0	0	0	0	0	0	0	0	0	0	0	0	0	
733588	Frontal_Sup_Medial_R	870	162	22510	68288	516	4654	4736	22932	0	0	896	816	1408	1566	172	216	148	280	12406	23284	0	0	48024	0	1404	4868	0	0	764	3804	23936	47812	9868	36306	0	0	0	0	0	0	0	0	0	0	0	0	0	0	0	0	0	0	0	0	0	0	0	0	0	0	0	0	0	0	0	0	0	0	0	0	1250	16798	1114	3996	0	838	0	0	0	0	0	0	152	0	0	0	0	0	0	0	0	0	0	0	0	0	0	0	0	0	0	0	0	0	0	0	0	0	0	0	0	0	0	0	0	0	
83048	Frontal_Med_Orb_L	0	0	1866	198	6326	1076	0	0	448	0	858	0	292	0	152	0	324	0	0	0	574	912	4002	1404	0	5052	3136	1694	104	0	7572	1770	0	0	0	0	0	0	0	0	0	0	0	0	0	0	0	0	0	0	0	0	0	0	0	0	0	0	0	0	0	0	0	0	0	0	0	0	0	0	780	418	2316	250	0	0	0	0	0	0	0	0	0	0	0	0	0	0	0	0	0	0	0	0	0	0	0	0	0	0	0	0	0	0	0	0	0	0	0	0	0	0	0	0	0	0	
137492	Frontal_Med_Orb_R	0	0	602	1754	968	12754	0	184	0	422	0	0	0	0	114	190	0	0	308	1242	1028	2372	1176	4868	5052	0	1536	8222	0	0	3260	8314	248	482	0	0	0	0	0	0	108	0	0	0	0	0	0	0	0	0	0	0	0	0	0	0	0	0	0	0	0	0	0	0	0	0	0	0	0	0	1052	6326	524	5264	0	376	0	0	0	0	0	0	0	0	0	0	0	0	0	0	0	0	0	0	0	0	0	0	0	0	0	0	0	0	0	0	0	0	0	0	0	0	0	0	0	0	
75484	Rectus_L	0	0	0	0	5896	978	0	0	1642	0	0	0	0	0	2434	0	0	0	0	0	3766	3712	0	0	3136	1536	0	1748	354	0	1594	1394	0	0	0	0	0	0	0	0	702	0	0	0	0	0	0	0	0	0	0	0	0	0	0	0	0	0	0	0	0	0	0	0	0	0	0	0	0	0	3966	2004	1914	776	0	190	0	0	0	0	0	0	0	0	0	0	0	0	0	0	0	0	0	0	0	0	0	0	0	0	0	0	0	0	0	0	0	0	0	0	0	0	0	0	0	0	
90100	Rectus_R	0	0	0	196	520	9376	0	0	112	676	0	0	0	132	200	1514	0	0	0	104	1726	4474	0	0	1694	8222	1748	0	0	1152	1400	3106	0	0	0	0	0	0	0	0	326	0	0	0	0	0	0	0	0	0	0	0	0	0	0	0	0	0	0	0	0	0	0	0	0	0	0	0	0	0	2098	2820	1086	2368	0	0	0	0	0	0	0	0	0	0	0	0	0	0	0	0	0	0	0	0	0	0	0	0	0	0	0	0	0	0	0	0	0	0	0	0	0	0	0	0	0	0	
716620	Insula_L	13638	162	43816	2984	10874	0	12816	1054	3174	0	25622	0	22454	0	19372	0	27320	0	16442	3230	3074	120	6800	764	104	0	354	0	0	0	14792	1508	1032	1592	144	130	15962	142	1346	0	2970	0	0	0	0	0	0	0	0	0	1380	0	0	0	3342	0	6110	0	666	0	270	0	718	0	0	0	174	0	418	0	4040	390	29988	152	208	0	1246	272	6336	0	18410	0	23154	0	4916	0	0	0	2328	0	0	0	0	0	0	0	0	0	0	0	0	0	0	0	0	0	0	0	0	0	0	0	0	0	0	0	
356940	Insula_R	0	2740	434	17014	0	1582	0	13020	0	1262	0	12884	0	12288	0	12754	0	14334	1174	11640	0	1604	1258	3804	0	0	0	1152	0	0	280	1942	476	3168	208	304	272	8536	0	1078	0	1022	0	124	0	152	0	112	0	170	0	0	0	120	0	2156	0	2634	0	0	0	0	0	0	0	0	0	262	114	0	582	7532	222	21464	0	1308	340	2236	0	2264	0	2922	0	3072	0	2482	0	116	0	1856	0	0	0	0	0	0	0	0	0	0	0	0	0	0	0	0	0	0	0	0	0	0	0	0	0	0	
785556	Cingulum_Ant_L	3814	196	39942	22650	4824	700	15222	3922	352	0	17838	0	13568	0	884	0	5170	0	8960	6982	2834	2854	53910	23936	7572	3260	1594	1400	14792	280	0	46306	19410	22508	624	0	156	0	0	0	0	0	0	0	0	0	0	0	0	0	0	0	0	0	0	0	748	0	0	0	0	0	0	0	0	0	256	0	170	0	9456	8214	17582	2584	546	194	304	0	0	0	2386	0	3878	0	0	0	0	0	0	0	0	0	0	0	0	0	0	0	0	0	0	0	0	0	0	0	0	0	0	0	0	0	0	0	0	0	
750792	Cingulum_Ant_R	520	142	16718	47930	438	5752	2872	9494	94	0	2420	172	2780	552	204	104	560	0	6340	13516	2068	3232	41564	47812	1770	8314	1394	3106	1508	1942	46306	0	20408	41868	0	314	0	0	0	0	0	0	0	0	0	0	0	0	0	0	0	0	0	0	0	0	104	0	0	0	0	0	0	0	0	0	0	0	134	0	3436	24234	2168	10874	110	1390	0	0	0	0	250	0	482	0	0	0	0	0	0	0	0	0	0	0	0	0	0	0	0	0	0	0	0	0	0	0	0	0	0	0	0	0	0	0	0	0	
415236	Cingulum_Mid_L	284	0	14268	17024	0	112	5234	5406	0	0	1386	0	2242	98	170	0	266	0	16080	16446	0	0	23276	9868	0	248	0	0	1032	476	19410	20408	0	36774	3706	952	0	0	0	0	0	0	280	0	0	0	0	0	0	0	108	0	0	0	0	0	0	0	0	0	0	0	0	0	0	0	2134	196	5302	2720	178	940	160	0	0	0	0	0	0	0	184	0	250	0	0	0	0	0	0	0	0	0	0	0	0	0	0	0	0	0	0	0	0	0	0	0	0	0	0	0	0	0	0	0	0	0	
904332	Cingulum_Mid_R	5304	1310	18782	52116	0	556	8362	18768	0	0	1716	1516	1742	2996	0	234	642	232	44084	65484	0	0	32896	36306	0	482	0	0	1592	3168	22508	41868	36774	0	1112	5768	562	352	0	0	0	0	0	260	0	306	0	140	0	280	0	0	0	0	0	150	534	1236	0	0	0	0	0	0	0	0	94	2814	15422	10518	4060	4818	1836	570	162	0	124	580	116	0	366	0	548	0	0	0	0	0	0	0	0	0	0	0	0	0	0	0	0	0	0	0	0	0	0	0	0	0	0	0	0	0	0	0	0	0	
94924	Cingulum_Post_L	666	392	0	320	0	0	0	0	0	0	0	0	0	0	0	0	0	0	590	1278	0	0	0	0	0	0	0	0	144	208	624	0	3706	1112	0	8320	3926	3076	786	490	0	0	2962	0	0	0	1004	452	248	0	1102	0	502	0	648	0	298	332	196	0	0	0	0	0	0	0	5992	1068	2654	432	0	0	0	0	0	0	98	1966	464	0	208	0	0	0	374	0	0	0	164	0	0	0	0	0	0	0	192	270	0	0	0	0	0	0	0	0	0	0	0	0	198	0	0	0	0	0	
145912	Cingulum_Post_R	474	3124	108	274	0	0	0	0	0	0	0	0	0	0	0	0	0	0	210	2458	0	0	140	0	0	0	0	0	130	304	0	314	952	5768	8320	0	3062	5624	274	760	0	0	0	1844	0	1410	0	3126	0	1216	0	138	0	934	0	3794	114	3286	0	244	0	258	0	0	0	430	202	10734	698	3638	0	0	0	0	0	0	194	1842	428	0	182	168	0	0	112	354	0	0	0	1752	0	0	0	0	0	0	0	410	0	0	0	0	0	0	0	0	0	0	0	0	3152	0	0	0	0	0	
283872	Hippocampus_L	12256	338	3906	860	0	0	1840	0	0	0	322	0	0	0	270	0	1540	0	1196	2410	356	0	0	0	0	0	0	0	15962	272	156	0	0	562	3926	3062	0	3660	9046	496	5722	0	586	0	0	0	2164	382	0	0	392	0	286	0	11690	0	2136	0	214	0	854	0	252	0	0	0	2142	1016	1130	444	994	0	9526	110	858	0	7518	4490	6184	0	4658	0	3230	0	3534	0	242	0	7902	0	0	0	0	0	0	0	618	226	0	0	0	0	0	0	0	0	0	0	0	0	0	0	0	0	0	0	
271840	Hippocampus_R	430	6536	164	6404	0	0	0	630	0	0	0	676	0	124	0	330	0	2368	288	6254	0	0	0	0	0	0	0	0	142	8536	0	0	0	352	3076	5624	3660	0	1282	15238	0	7510	0	500	0	370	0	3536	0	430	0	102	0	294	0	18152	0	3210	0	0	0	104	0	284	0	94	144	3908	186	714	224	0	0	11892	0	810	222	6394	418	1092	178	1094	0	1598	106	1160	0	0	0	6184	0	0	0	0	0	0	0	1612	0	126	0	0	0	0	0	0	0	0	0	0	1158	0	0	0	0	0	
70568	ParaHippocampal_L	1318	166	498	394	166	0	188	0	0	0	0	0	0	0	424	0	0	0	142	494	438	0	0	0	0	0	0	0	1346	0	0	0	0	0	786	274	9046	1282	0	162	1100	0	460	0	0	0	2430	262	0	0	144	0	174	0	4016	0	232	0	0	0	0	0	0	0	0	0	986	260	348	108	0	0	1110	0	0	0	898	1106	0	0	262	0	922	0	260	0	522	0	504	0	0	0	0	0	392	362	960	0	0	0	0	0	0	0	0	0	0	0	126	216	0	0	0	0	0	0	
101904	ParaHippocampal_R	0	416	0	932	0	0	0	0	0	0	0	0	0	0	0	0	0	0	0	694	0	94	0	0	0	0	0	0	0	1078	0	0	0	0	490	760	496	15238	162	0	0	5334	0	0	0	0	0	3582	0	0	0	0	0	0	0	9904	0	0	0	0	0	0	0	0	0	0	0	1202	0	0	0	0	0	1556	0	324	0	972	0	284	0	268	0	1490	0	116	0	548	0	566	0	126	0	0	164	176	106	1934	0	214	0	0	0	320	0	1140	0	0	0	0	266	0	0	0	0	0	
51508	Amygdala_L	166	0	0	0	830	322	0	0	0	0	0	0	0	0	1276	0	0	0	0	0	1180	838	0	0	0	108	702	326	2970	0	0	0	0	0	0	0	5722	0	1100	0	0	0	0	0	0	0	0	0	0	0	0	0	0	0	2294	0	0	0	0	0	0	0	0	0	0	0	0	0	168	0	1098	474	1270	0	0	144	376	0	0	0	762	0	1826	0	954	0	110	0	738	0	0	0	0	0	0	0	0	0	0	0	0	0	0	0	0	0	0	0	0	0	0	0	0	0	0	0	
45232	Amygdala_R	0	0	0	0	0	0	0	0	0	0	0	0	0	0	0	520	0	0	0	134	0	486	0	0	0	0	0	0	0	1022	0	0	0	0	0	0	0	7510	0	5334	0	0	0	0	0	0	0	0	0	0	0	0	0	0	0	4962	0	0	0	0	0	0	0	0	0	0	0	0	0	0	0	130	0	348	0	0	0	326	0	0	0	0	0	1740	0	0	0	104	0	0	0	0	0	0	0	0	0	0	0	0	0	0	0	0	0	0	0	0	0	0	0	0	0	0	0	0	
167544	Calcarine_L	0	0	0	0	0	0	0	0	0	0	0	0	0	0	0	0	0	0	0	0	0	0	0	0	0	0	0	0	0	0	0	0	280	0	2962	0	586	0	460	0	0	0	0	7472	4896	5366	8668	2142	9624	3354	14528	588	2628	0	3060	178	0	0	1454	0	0	0	0	0	0	0	12596	1030	232	0	0	0	0	0	0	0	0	0	0	0	0	0	0	0	926	0	0	0	244	0	0	0	0	0	0	0	226	0	140	0	0	0	0	0	0	0	0	0	0	0	0	132	0	0	0	0	
330760	Calcarine_R	0	2162	0	130	0	0	0	0	0	0	0	556	0	0	0	0	0	244	0	322	0	0	0	0	0	0	0	0	0	124	0	0	0	260	0	1844	0	500	0	0	0	0	7472	0	660	35332	402	14290	0	32954	0	5454	0	2028	0	8640	0	5766	0	998	0	2142	0	5442	0	530	1038	29874	0	1750	0	0	0	0	0	0	0	0	0	108	0	1682	0	0	0	1620	0	0	0	890	0	0	0	0	0	0	0	0	0	0	0	0	0	0	0	0	0	0	0	0	166	0	0	0	0	0	
56404	Cuneus_L	0	0	0	0	0	0	0	0	0	0	0	0	0	0	0	0	0	0	0	0	0	0	0	0	0	0	0	0	0	0	0	0	0	0	0	0	0	0	0	0	0	0	4896	660	0	3280	0	0	7510	488	1634	0	244	0	0	0	0	0	2370	0	0	0	0	0	0	0	5446	1562	0	0	0	0	0	0	0	0	0	0	0	0	0	0	0	0	112	0	0	0	0	0	0	0	0	0	0	0	0	0	0	0	0	0	0	0	0	0	0	0	0	0	0	0	0	0	0	0	
363672	Cuneus_R	0	1692	0	142	0	0	0	0	0	0	0	562	0	0	0	0	0	200	0	370	0	0	0	0	0	0	0	0	0	152	0	0	0	306	0	1410	0	370	0	0	0	0	5366	35332	3280	0	0	8122	108	45846	0	8594	0	2304	0	6416	0	3490	0	2876	0	1944	0	4910	0	1136	2144	38756	0	636	0	0	0	0	0	0	0	0	0	100	0	1060	0	0	0	3126	0	0	0	920	0	0	0	0	0	0	0	0	0	0	0	0	0	0	0	0	0	0	0	0	166	0	0	0	0	0	
197316	Lingual_L	314	0	98	0	0	0	0	0	0	0	0	0	0	0	0	0	0	0	0	0	0	0	0	0	0	0	0	0	0	0	0	0	0	0	1004	0	2164	0	2430	0	0	0	8668	402	0	0	0	1574	1786	0	11278	0	4664	0	12534	340	162	0	702	0	0	0	0	0	0	0	5568	0	188	0	0	0	0	0	0	0	274	0	0	0	0	0	0	0	682	0	0	0	464	0	8134	776	2070	508	0	0	9316	716	13716	1144	0	0	0	0	0	0	0	0	0	0	3310	2406	1266	0	0	0	
248720	Lingual_R	0	640	0	114	0	0	0	0	0	0	0	230	0	0	0	0	0	0	0	228	0	0	0	0	0	0	0	0	0	112	0	0	0	140	452	3126	382	3536	262	3582	0	0	2142	14290	0	8122	1574	0	0	9032	0	1520	0	1848	296	12716	0	968	0	0	0	422	0	1272	0	142	0	10102	0	200	0	0	0	120	0	0	0	714	0	0	0	132	0	0	0	540	0	0	0	890	952	7144	478	896	154	206	2318	8568	2426	10564	0	0	0	0	0	0	0	0	0	0	4640	4988	1180	0	0	0	
168872	Occipital_Sup_L	0	0	0	0	0	0	0	0	0	0	0	0	0	0	0	0	0	0	0	0	0	0	0	0	0	0	0	0	0	0	0	0	0	0	248	0	0	0	0	0	0	0	9624	0	7510	108	1786	0	0	0	23414	0	3182	0	764	0	382	0	15038	0	1100	0	0	0	1206	0	17456	0	396	0	0	0	0	0	0	0	0	0	0	0	0	0	0	0	1614	0	0	0	608	0	0	0	0	0	0	0	0	0	0	0	0	0	0	0	0	0	0	0	0	0	0	0	0	0	0	0	
371460	Occipital_Sup_R	0	2416	0	190	0	0	0	0	0	0	0	776	0	0	0	0	0	212	0	534	0	0	0	0	0	0	0	0	0	170	0	0	0	280	0	1216	0	430	0	0	0	0	3354	32954	488	45846	0	9032	0	0	0	14126	0	2964	0	8316	0	4236	0	4148	0	2382	0	4914	0	2808	190	35834	0	560	0	96	0	0	0	0	122	0	0	132	0	1156	0	0	0	4642	0	0	0	1034	0	0	0	0	0	0	0	0	0	0	0	0	0	0	0	0	0	0	0	0	172	0	0	0	0	0	
332732	Occipital_Mid_L	1184	0	0	0	0	0	0	0	0	0	0	0	0	0	0	0	1204	0	0	0	0	0	0	0	0	0	0	0	1380	0	0	0	108	0	1102	0	392	0	144	0	0	0	14528	0	1634	0	11278	0	23414	0	0	0	16012	0	7284	0	3896	0	23556	0	10344	0	3892	0	10000	0	17088	0	3046	0	0	0	0	0	0	0	0	0	0	0	956	0	0	0	11918	0	0	0	2006	0	0	0	0	0	0	0	0	0	0	0	0	0	0	0	0	0	0	0	0	0	0	0	0	0	0	0	
126144	Occipital_Mid_R	0	562	0	0	0	0	0	0	0	0	0	156	0	0	0	0	0	0	0	182	0	0	0	0	0	0	0	0	0	0	0	0	0	0	0	138	0	102	0	0	0	0	588	5454	0	8594	0	1520	0	14126	0	0	0	2484	0	2882	0	602	0	3422	0	848	0	0	0	7586	0	5970	0	0	0	0	0	0	0	0	0	0	0	0	0	0	0	0	0	6940	0	0	0	916	0	0	0	0	0	0	0	0	0	0	0	0	0	0	0	0	0	0	0	0	0	0	0	0	0	0	
110592	Occipital_Inf_L	158	0	0	0	0	0	0	0	0	0	0	0	0	0	0	0	148	0	0	0	0	0	0	0	0	0	0	0	0	0	0	0	0	0	502	0	286	0	174	0	0	0	2628	0	244	0	4664	0	3182	0	16012	0	0	0	8414	0	1180	0	2124	0	946	0	1358	0	326	0	3570	0	1022	0	0	0	0	0	0	0	0	0	0	0	160	0	0	0	3964	0	0	0	4084	0	150	0	0	0	0	0	0	0	0	0	0	0	0	0	0	0	0	0	0	0	0	0	0	0	0	0	
87912	Occipital_Inf_R	0	886	0	0	0	0	0	0	0	0	0	0	0	0	0	0	0	0	0	0	0	0	0	0	0	0	0	0	0	120	0	0	0	0	0	934	0	294	0	0	0	0	0	2028	0	2304	0	1848	0	2964	0	2484	0	0	0	11452	0	1296	0	390	0	388	0	132	0	732	0	2790	0	210	0	0	0	0	0	0	0	0	0	770	0	1106	0	0	0	2202	0	0	0	5108	0	264	0	0	0	0	382	780	118	962	0	0	0	0	0	0	0	0	0	0	790	222	0	0	0	0	
308740	Fusiform_L	462	0	326	0	0	0	118	0	0	0	0	0	0	0	0	0	480	0	0	0	0	0	0	0	0	0	0	0	3342	0	0	0	0	0	648	0	11690	0	4016	0	2294	0	3060	0	0	0	12534	296	764	0	7284	0	8414	0	0	140	1010	0	418	0	1440	0	2130	0	168	0	1838	0	930	0	0	0	1112	0	0	0	188	0	1566	0	2242	0	2356	0	5434	0	2914	0	17852	0	20320	0	1688	0	0	0	7584	198	23270	208	770	0	572	0	0	0	0	0	0	0	1830	336	128	0	0	0	
399136	Fusiform_R	0	2990	0	198	0	0	0	0	0	0	0	100	0	0	0	0	0	0	0	186	0	0	0	0	0	0	0	0	0	2156	0	0	0	150	0	3794	0	18152	0	9904	0	4962	178	8640	0	6416	340	12716	0	8316	0	2882	0	11452	140	0	0	4954	0	1660	0	1394	0	222	0	2030	0	9704	0	904	0	0	0	392	0	0	0	0	0	1324	0	3990	0	3754	0	4628	0	1214	0	16822	482	17442	102	428	0	190	1410	6212	948	19348	0	0	0	224	0	0	0	0	0	0	3182	2400	536	0	0	0	
333220	Postcentral_L	39298	2362	9492	306	0	0	5616	170	0	0	11344	0	4574	0	0	0	11726	0	416	726	0	0	582	0	0	0	0	0	6110	0	748	104	0	534	298	114	2136	0	232	0	0	0	0	0	0	0	162	0	382	0	3896	0	1180	0	1010	0	0	284	7464	0	21098	0	11510	0	654	0	1932	0	7106	158	520	0	1222	0	136	0	1178	194	2536	0	3214	0	404	0	2680	0	0	0	802	0	0	0	0	0	0	0	0	0	0	0	0	0	0	0	0	0	0	0	0	0	0	0	0	0	0	0	
264940	Postcentral_R	358	35664	130	1070	0	0	0	1668	0	0	0	5964	0	178	0	0	0	4448	258	3046	0	0	0	0	0	0	0	0	0	2634	0	0	0	1236	332	3286	0	3210	0	0	0	0	0	5766	0	3490	0	968	0	4236	0	602	0	1296	0	4954	284	0	0	2272	0	6628	0	11666	0	1106	0	9272	754	8314	0	218	0	1046	0	176	96	176	0	570	0	808	0	0	0	1128	0	0	0	3046	0	0	0	0	0	0	0	0	0	0	0	0	0	0	0	0	0	0	0	0	116	0	0	0	0	0	
209896	Parietal_Sup_L	740	0	0	0	0	0	0	0	0	0	0	0	0	0	0	0	294	0	0	0	0	0	0	0	0	0	0	0	666	0	0	0	0	0	196	0	214	0	0	0	0	0	1454	0	2370	0	702	0	15038	0	23556	0	2124	0	418	0	7464	0	0	0	16432	0	3184	0	7848	0	17198	0	2436	0	0	0	0	0	0	0	0	0	0	0	576	0	0	0	1510	0	0	0	528	0	0	0	0	0	0	0	0	0	0	0	0	0	0	0	0	0	0	0	0	0	0	0	0	0	0	0	
88956	Parietal_Sup_R	0	0	0	0	0	0	0	0	0	0	0	0	0	0	0	0	0	0	0	0	0	0	0	0	0	0	0	0	0	0	0	0	0	0	0	244	0	0	0	0	0	0	0	998	0	2876	0	0	0	4148	0	3422	0	390	0	1660	0	2272	0	0	0	8998	0	608	0	12618	0	5190	0	720	0	0	0	0	0	0	0	0	0	0	0	218	0	0	0	0	0	0	0	116	0	0	0	0	0	0	0	0	0	0	0	0	0	0	0	0	0	0	0	0	0	0	0	0	0	0	
220628	Parietal_Inf_L	3840	0	326	0	0	0	252	0	0	0	98	0	0	0	0	0	142	0	0	148	0	0	0	0	0	0	0	0	270	0	0	0	0	0	0	0	854	0	0	0	0	0	0	0	0	0	0	0	1100	0	10344	0	946	0	1440	0	21098	0	16432	0	0	0	20208	0	19256	0	2258	0	2138	0	0	0	0	0	0	0	170	0	0	0	632	0	0	0	5950	0	0	0	2412	0	0	0	0	0	0	0	0	0	0	0	0	0	0	0	0	0	0	0	0	0	0	0	0	0	0	0	
111840	Parietal_Inf_R	0	1142	0	0	0	0	0	0	0	0	0	192	0	0	0	0	0	0	0	0	0	0	0	0	0	0	0	0	0	0	0	0	0	0	0	258	0	104	0	0	0	0	0	2142	0	1944	0	422	0	2382	0	848	0	388	0	1394	0	6628	0	8998	0	0	0	10278	0	13236	0	2718	0	0	0	0	0	0	0	0	0	0	0	0	0	280	0	0	0	1528	0	0	0	1038	0	0	0	0	0	0	0	0	0	0	0	0	0	0	0	0	0	0	0	0	0	0	0	0	0	0	
132316	SupraMarginal_L	1272	0	436	0	0	0	150	0	0	0	0	0	0	0	0	0	1738	0	0	0	0	0	0	0	0	0	0	0	718	0	0	0	0	0	0	0	252	0	0	0	0	0	0	0	0	0	0	0	0	0	3892	0	1358	0	2130	0	11510	0	3184	0	20208	0	0	0	5146	0	0	0	176	0	0	0	0	0	0	0	0	0	0	0	3842	0	0	0	6788	0	0	0	3358	0	0	0	0	0	0	0	0	0	0	0	0	0	0	0	0	0	0	0	0	0	0	0	0	0	0	0	
131620	SupraMarginal_R	0	2270	0	202	0	0	0	0	0	0	0	350	0	0	0	0	0	1424	102	462	0	0	0	0	0	0	0	0	0	0	0	0	0	0	0	0	0	284	0	0	0	0	0	5442	0	4910	0	1272	0	4914	0	0	0	132	0	222	0	11666	0	608	0	10278	0	0	0	5272	0	4986	126	0	0	130	0	0	0	0	0	0	0	0	0	3704	0	0	0	5756	0	0	0	1298	0	0	0	0	0	0	0	0	0	0	0	0	0	0	0	0	0	0	0	0	0	0	0	0	0	0	
105608	Angular_L	318	0	0	0	0	0	0	0	0	0	0	0	0	0	0	0	0	0	0	0	0	0	0	0	0	0	0	0	0	0	0	0	0	0	0	0	0	0	0	0	0	0	0	0	0	0	0	0	1206	0	10000	0	326	0	168	0	654	0	7848	0	19256	0	5146	0	0	0	1026	0	0	0	0	0	0	0	0	0	0	0	0	0	560	0	0	0	5572	0	0	0	724	0	0	0	0	0	0	0	0	0	0	0	0	0	0	0	0	0	0	0	0	0	0	0	0	0	0	0	
106292	Angular_R	0	0	0	0	0	0	0	0	0	0	0	0	0	0	0	0	0	0	0	0	0	0	0	0	0	0	0	0	0	0	0	0	0	0	0	430	0	94	0	0	0	0	0	530	0	1136	0	142	0	2808	0	7586	0	732	0	2030	0	1106	0	12618	0	13236	0	5272	0	0	0	2076	0	0	0	0	0	0	0	0	0	0	0	0	0	1352	0	0	0	1722	0	0	0	276	0	0	0	0	0	0	0	0	0	0	0	0	0	0	0	0	0	0	0	0	0	0	0	0	0	0	
226072	Precuneus_L	214	0	0	0	0	0	0	0	0	0	0	0	0	0	0	0	108	0	150	110	0	0	0	0	0	0	0	0	174	0	256	0	2134	94	5992	202	2142	144	986	0	0	0	12596	1038	5446	2144	5568	0	17456	190	17088	0	3570	0	1838	0	1932	0	17198	0	2258	0	0	0	1026	0	0	3878	3046	112	0	0	0	0	0	0	0	126	0	0	0	0	0	0	2238	0	0	0	704	0	0	0	0	0	0	0	878	0	0	0	0	0	0	0	0	0	0	0	0	0	0	0	0	0	0	0	
425392	Precuneus_R	0	4190	0	210	0	0	0	0	0	0	0	798	0	0	0	0	0	244	0	1016	0	0	0	0	0	0	0	0	0	262	0	0	196	2814	1068	10734	1016	3908	260	1202	0	0	1030	29874	1562	38756	0	10102	0	35834	0	5970	0	2790	0	9704	0	9272	0	5190	0	2718	0	4986	0	2076	3878	0	0	7120	0	98	0	0	0	0	176	886	148	180	0	1620	0	0	0	4148	0	0	0	2362	0	0	0	0	0	0	0	876	0	0	0	0	0	0	0	0	0	0	0	0	3422	0	0	0	0	0	
315048	Paracentral_Lobule_L	14366	590	1968	1466	0	0	304	168	0	0	0	0	0	0	0	0	132	156	35538	25580	0	0	0	0	0	0	0	0	418	114	170	134	5302	15422	2654	698	1130	186	348	0	168	0	232	0	0	0	188	0	396	0	3046	0	1022	0	930	0	7106	754	2436	0	2138	0	176	126	0	0	3046	0	0	7118	3282	214	2606	316	2292	0	10290	158	0	0	190	0	0	0	2056	0	0	0	394	0	0	0	0	0	0	0	0	0	0	0	0	0	0	0	0	0	0	0	0	0	0	0	0	0	0	0	
167748	Paracentral_Lobule_R	688	4580	0	268	0	0	0	0	0	0	0	0	0	0	0	0	0	0	7086	20052	0	0	0	0	0	0	0	0	0	0	0	0	2720	10518	432	3638	444	714	108	0	0	0	0	1750	0	636	0	200	0	560	0	0	0	210	0	904	158	8314	0	720	0	0	0	0	0	0	112	7120	7118	0	180	1364	0	0	0	0	498	2092	0	0	0	144	0	0	0	122	0	0	0	252	0	0	0	0	0	0	0	0	0	0	0	0	0	0	0	0	0	0	0	0	172	0	0	0	0	0	
383608	Caudate_L	3082	468	15512	11270	1612	1726	2446	6810	434	0	1402	166	484	344	1254	216	1154	0	8604	9834	6946	11788	984	1250	780	1052	3966	2098	4040	582	9456	3436	178	4060	0	0	994	224	0	0	1098	0	0	0	0	0	0	0	0	0	0	0	0	0	0	0	520	0	0	0	0	0	0	0	0	0	0	0	3282	180	0	11530	31576	4052	7982	2676	7720	952	0	0	680	0	904	0	0	0	0	0	0	0	0	0	0	0	0	0	0	0	0	0	0	0	0	0	0	0	0	0	0	0	0	0	0	0	0	0	
529932	Caudate_R	142	1168	4568	30334	782	8912	870	7078	166	318	250	3142	630	3154	612	1874	0	670	3858	32666	4016	9830	4610	16798	418	6326	2004	2820	390	7532	8214	24234	940	4818	0	0	0	0	0	0	474	130	0	0	0	0	0	0	0	96	0	0	0	0	0	0	0	218	0	0	0	0	0	130	0	0	0	98	214	1364	11530	0	7730	24462	368	7400	262	16242	0	0	0	0	0	104	0	0	0	0	0	0	0	0	0	0	0	0	0	0	0	0	0	0	0	0	0	0	0	0	0	0	0	0	0	0	0	0	
509812	Putamen_L	9538	186	32954	3670	8966	988	6524	2250	988	0	3656	0	3654	0	8082	188	1720	0	10354	3614	3108	7424	6276	1114	2316	524	1914	1086	29988	222	17582	2168	160	1836	0	0	9526	0	1110	0	1270	0	0	0	0	0	0	0	0	0	0	0	0	0	1112	0	1222	0	0	0	0	0	0	0	0	0	0	0	2606	0	31576	7730	0	2162	10620	2408	3146	504	220	0	2408	0	2894	0	866	0	0	0	476	0	0	0	0	0	0	0	0	0	0	0	0	0	0	0	0	0	0	0	0	0	0	0	0	0	0	0	
363208	Putamen_R	96	1528	778	15852	302	7132	112	1724	114	1168	0	3074	0	1552	188	6650	0	3068	2414	18882	1478	3172	338	3996	250	5264	776	2368	152	21464	2584	10874	0	570	0	0	110	11892	0	1556	0	348	0	0	0	0	0	120	0	0	0	0	0	0	0	392	0	1046	0	0	0	0	0	0	0	0	0	0	316	0	4052	24462	2162	0	0	8636	684	4442	0	0	0	426	0	1552	0	1488	0	0	0	0	0	0	0	0	0	0	0	0	0	0	0	0	0	0	0	0	0	0	0	0	0	0	0	0	0	0	
67260	Pallidum_L	1856	0	1142	280	0	0	956	174	0	0	0	0	0	0	0	0	0	0	2312	322	0	326	0	0	0	0	0	0	208	0	546	110	0	162	0	0	858	0	0	0	0	0	0	0	0	0	0	0	0	0	0	0	0	0	0	0	136	0	0	0	0	0	0	0	0	0	0	0	2292	0	7982	368	10620	0	0	130	2738	112	0	0	0	0	0	0	0	0	0	0	0	0	0	0	0	0	0	0	0	0	0	0	0	0	0	0	0	0	0	0	0	0	0	0	0	0	0	0	
78868	Pallidum_R	0	226	0	2290	0	838	0	0	0	198	0	386	0	0	0	646	0	462	0	4146	436	2606	0	838	0	376	190	0	0	1308	194	1390	0	0	0	0	0	810	0	324	144	0	0	0	0	0	0	0	0	0	0	0	0	0	0	0	0	176	0	0	0	0	0	0	0	0	0	0	0	0	2676	7400	2408	8636	130	0	0	200	0	0	0	0	0	0	0	0	0	0	0	0	0	0	0	0	0	0	0	0	0	0	0	0	0	0	0	0	0	0	0	0	0	0	0	0	0	0	
150320	Thalamus_L	15578	330	3796	1150	0	0	1764	756	0	0	0	0	0	0	0	0	0	0	3100	4304	0	0	0	0	0	0	0	0	1246	340	304	0	0	124	98	194	7518	222	898	0	376	0	0	0	0	0	274	0	0	122	0	0	0	0	188	0	1178	96	0	0	170	0	0	0	0	0	0	176	10290	498	7720	262	3146	684	2738	0	0	3420	942	0	408	0	136	0	364	0	0	0	250	0	0	0	0	0	0	0	0	0	0	0	0	0	0	0	0	0	0	0	0	0	0	0	0	0	0	0	
197024	Thalamus_R	804	3392	278	16636	0	0	0	540	0	0	0	214	0	0	0	0	0	646	176	23332	0	444	0	0	0	0	0	0	272	2236	0	0	0	580	1966	1842	4490	6394	1106	972	0	326	0	0	0	0	0	714	0	0	0	0	0	0	0	0	194	176	0	0	0	0	0	0	0	0	126	886	158	2092	952	16242	504	4442	112	200	3420	0	498	0	250	0	0	0	186	0	0	0	104	0	0	0	0	0	0	0	0	466	0	0	0	0	0	0	0	0	0	0	0	0	144	0	0	0	0	0	
82684	Heschl_L	5318	0	1324	0	0	0	590	0	0	0	1050	0	0	0	0	0	3028	0	0	218	0	0	0	0	0	0	0	0	6336	0	0	0	0	116	464	428	6184	418	0	0	0	0	0	0	0	0	0	0	0	0	0	0	0	0	1566	0	2536	0	0	0	0	0	0	0	0	0	0	148	0	0	0	0	220	0	0	0	942	498	0	0	5124	0	0	0	3530	0	0	0	1304	0	0	0	0	0	0	0	0	0	0	0	0	0	0	0	0	0	0	0	0	0	0	0	0	0	0	0	
29768	Heschl_R	0	254	0	0	0	0	0	0	0	0	0	516	0	0	0	0	0	2748	0	356	0	0	0	0	0	0	0	0	0	2264	0	0	0	0	0	0	0	1092	0	284	0	0	0	108	0	100	0	0	0	132	0	0	0	770	0	1324	0	570	0	0	0	0	0	0	0	0	0	180	0	0	0	0	0	0	0	0	0	0	0	0	0	2806	0	0	0	238	0	0	0	1142	0	0	0	0	0	0	0	0	0	0	0	0	0	0	0	0	0	0	0	0	0	0	0	0	0	0	
268172	Temporal_Sup_L	3268	0	7164	780	98	0	2340	180	0	0	9104	0	1642	0	436	0	14112	0	3088	788	0	0	1434	0	0	0	0	0	18410	0	2386	250	184	366	208	182	4658	178	262	0	762	0	0	0	0	0	0	0	0	0	956	0	160	0	2242	0	3214	0	576	0	632	0	3842	0	560	0	0	0	190	0	680	0	2408	0	0	0	408	250	5124	0	0	0	14002	0	20286	0	0	0	6276	0	0	0	0	0	0	0	0	0	0	0	0	0	0	0	0	0	0	0	0	0	0	0	0	0	0	0	
91792	Temporal_Sup_R	0	298	0	134	0	0	0	0	0	0	0	202	0	0	0	660	0	732	0	158	0	0	0	0	0	0	0	0	0	2922	0	0	0	0	0	168	0	1094	0	268	0	0	0	1682	0	1060	0	132	0	1156	0	0	0	1106	0	3990	0	808	0	218	0	280	0	3704	0	1352	0	1620	0	144	0	0	0	426	0	0	0	0	0	2806	0	0	0	2358	0	11722	0	546	0	4150	0	0	0	0	0	0	0	0	0	0	0	0	0	0	0	0	0	0	0	0	0	0	0	0	0	0	
284268	Temporal_Pole_Sup_L	2844	0	9356	1130	788	0	2600	198	316	0	13666	0	2782	0	5814	0	15090	0	5826	1236	1102	0	2118	152	0	0	0	0	23154	0	3878	482	250	548	0	0	3230	0	922	0	1826	0	0	0	0	0	0	0	0	0	0	0	0	0	2356	0	404	0	0	0	0	0	0	0	0	0	0	0	0	0	904	0	2894	0	0	0	136	0	0	0	14002	0	0	0	10612	0	5634	0	5884	0	0	0	0	0	0	0	0	0	0	0	0	0	0	0	0	0	0	0	0	0	0	0	0	0	0	0	
59452	Temporal_Pole_Sup_R	0	0	0	186	0	0	0	0	0	0	0	278	0	0	0	1274	0	372	0	212	0	118	0	0	0	0	0	0	0	3072	0	0	0	0	0	0	0	1598	0	1490	0	1740	0	0	0	0	0	0	0	0	0	0	0	0	0	3754	0	0	0	0	0	0	0	0	0	0	0	0	0	0	0	104	0	1552	0	0	0	0	0	0	0	2358	0	0	0	5222	0	3756	0	2640	0	0	0	0	0	0	0	0	0	0	0	0	0	0	0	0	0	0	0	0	0	0	0	0	0	0	
263516	Temporal_Mid_L	270	0	202	0	0	0	0	0	0	0	0	0	0	0	530	0	1282	0	0	98	0	0	0	0	0	0	0	0	4916	0	0	0	0	0	374	112	3534	106	260	0	954	0	926	0	112	0	682	0	1614	0	11918	0	3964	0	5434	0	2680	0	1510	0	5950	0	6788	0	5572	0	2238	0	2056	0	0	0	866	0	0	0	364	186	3530	0	20286	0	10612	0	0	0	7316	0	24516	0	0	0	0	0	0	0	0	0	0	0	0	0	0	0	0	0	0	0	0	0	0	0	0	0	0	0	
153200	Temporal_Mid_R	0	692	0	0	0	0	0	0	0	0	0	130	0	0	0	112	0	106	0	158	0	0	0	0	0	0	0	0	0	2482	0	0	0	0	0	354	0	1160	0	116	0	0	0	1620	0	3126	0	540	0	4642	0	6940	0	2202	0	4628	0	1128	0	0	0	1528	0	5756	0	1722	0	4148	0	122	0	0	0	1488	0	0	0	0	0	238	0	11722	0	5222	0	0	0	2734	0	11784	0	0	0	0	0	0	0	0	0	0	0	0	0	0	0	0	0	0	0	0	0	0	0	0	0	0	
46164	Temporal_Pole_Mid_L	0	0	0	0	0	0	0	0	0	0	0	0	0	0	0	0	0	0	0	0	0	0	0	0	0	0	0	0	0	0	0	0	0	0	0	0	242	0	522	0	110	0	0	0	0	0	0	0	0	0	0	0	0	0	2914	0	0	0	0	0	0	0	0	0	0	0	0	0	0	0	0	0	0	0	0	0	0	0	0	0	0	0	5634	0	7316	0	0	0	6344	0	0	0	0	0	0	0	0	0	0	0	0	0	0	0	0	0	0	0	0	0	0	0	0	0	0	0	
20572	Temporal_Pole_Mid_R	0	0	0	0	0	0	0	0	0	0	0	0	0	0	0	0	0	0	0	0	0	0	0	0	0	0	0	0	0	116	0	0	0	0	0	0	0	0	0	548	0	104	0	0	0	0	0	0	0	0	0	0	0	0	0	1214	0	0	0	0	0	0	0	0	0	0	0	0	0	0	0	0	0	0	0	0	0	0	0	0	0	546	0	3756	0	2734	0	0	0	1268	0	0	0	0	0	0	0	0	0	0	0	0	0	0	0	0	0	0	0	0	0	0	0	0	0	0	
190324	Temporal_Inf_L	128	0	0	0	0	0	0	0	0	0	0	0	0	0	0	0	550	0	0	0	0	0	0	0	0	0	0	0	2328	0	0	0	0	0	164	0	7902	0	504	0	738	0	244	0	0	0	464	0	608	0	2006	0	4084	0	17852	0	802	0	528	0	2412	0	3358	0	724	0	704	0	394	0	0	0	476	0	0	0	250	104	1304	0	6276	0	5884	0	24516	0	6344	0	0	0	1772	0	1034	0	0	0	0	0	488	0	220	0	0	0	0	0	0	0	0	0	0	0	0	0	0	0	
141740	Temporal_Inf_R	0	1904	0	0	0	0	0	0	0	0	0	0	0	0	0	0	0	0	0	0	0	0	0	0	0	0	0	0	0	1856	0	0	0	0	0	1752	0	6184	0	566	0	0	0	890	0	920	0	890	0	1034	0	916	0	5108	0	16822	0	3046	0	116	0	1038	0	1298	0	276	0	2362	0	252	0	0	0	0	0	0	0	0	0	1142	0	4150	0	2640	0	11784	0	1268	0	0	0	1750	0	0	0	0	0	0	0	248	0	0	0	0	0	0	0	0	0	0	658	0	0	0	0	0	
382264	Cerebelum_Crus1_L	0	0	0	0	0	0	0	0	0	0	0	0	0	0	0	0	0	0	0	0	0	0	0	0	0	0	0	0	0	0	0	0	0	0	0	0	0	0	0	0	0	0	0	0	0	0	8134	952	0	0	0	0	150	0	20320	482	0	0	0	0	0	0	0	0	0	0	0	0	0	0	0	0	0	0	0	0	0	0	0	0	0	0	0	0	0	0	0	0	1772	0	0	2634	35834	2278	262	0	20188	582	55778	2476	11364	132	11782	330	1546	130	118	0	0	0	5064	3858	4108	364	390	104	
369556	Cerebelum_Crus1_R	0	0	0	0	0	0	0	0	0	0	0	0	0	0	0	0	0	0	0	0	0	0	0	0	0	0	0	0	0	0	0	0	0	0	0	0	0	0	0	126	0	0	0	0	0	0	776	7144	0	0	0	0	0	264	0	17442	0	0	0	0	0	0	0	0	0	0	0	0	0	0	0	0	0	0	0	0	0	0	0	0	0	0	0	0	0	0	0	0	0	1750	2634	0	1732	32592	0	1504	2504	17058	2678	53992	114	4578	286	10738	0	1030	0	134	0	540	6716	9214	6376	1318	1152	386	
292872	Cerebelum_Crus2_L	0	0	0	0	0	0	0	0	0	0	0	0	0	0	0	0	0	0	0	0	0	0	0	0	0	0	0	0	0	0	0	0	0	0	0	0	0	0	0	0	0	0	0	0	0	0	2070	478	0	0	0	0	0	0	1688	102	0	0	0	0	0	0	0	0	0	0	0	0	0	0	0	0	0	0	0	0	0	0	0	0	0	0	0	0	0	0	0	0	1034	0	35834	1732	0	8028	0	114	2076	132	7324	1290	31806	1920	28304	1502	4680	652	912	0	98	168	930	1874	7938	2718	866	166	
310148	Cerebelum_Crus2_R	0	0	0	0	0	0	0	0	0	0	0	0	0	0	0	0	0	0	0	0	0	0	0	0	0	0	0	0	0	0	0	0	0	0	0	0	0	0	0	0	0	0	0	0	0	0	508	896	0	0	0	0	0	0	0	428	0	0	0	0	0	0	0	0	0	0	0	0	0	0	0	0	0	0	0	0	0	0	0	0	0	0	0	0	0	0	0	0	0	0	2278	32592	8028	0	0	878	1750	3824	2002	9386	2170	24204	3876	31480	206	5812	0	110	252	978	3538	2386	9614	5194	2330	354	
20708	Cerebelum_3_L	0	0	0	0	0	0	0	0	0	0	0	0	0	0	0	0	0	0	0	0	0	0	0	0	0	0	0	0	0	0	0	0	0	0	0	0	0	0	392	164	0	0	0	0	0	0	0	154	0	0	0	0	0	0	0	0	0	0	0	0	0	0	0	0	0	0	0	0	0	0	0	0	0	0	0	0	0	0	0	0	0	0	0	0	0	0	0	0	0	0	262	0	0	0	0	718	5992	0	282	0	130	0	312	0	320	0	0	0	416	1212	0	0	0	0	0	0	
32684	Cerebelum_3_R	0	0	0	0	0	0	0	0	0	0	0	0	0	0	0	0	0	0	0	0	0	0	0	0	0	0	0	0	0	0	0	0	0	0	0	0	0	0	362	176	0	0	0	0	0	0	0	206	0	0	0	0	0	0	0	190	0	0	0	0	0	0	0	0	0	0	0	0	0	0	0	0	0	0	0	0	0	0	0	0	0	0	0	0	0	0	0	0	0	0	0	1504	114	878	718	0	876	2544	102	1746	0	0	250	1442	0	492	0	0	248	2440	452	0	396	644	562	0	
261504	Cerebelum_4_5_L	0	0	0	0	0	0	0	0	0	0	0	0	0	0	0	0	0	0	0	0	0	0	0	0	0	0	0	0	0	0	0	0	0	0	192	0	618	0	960	106	0	0	226	0	0	0	9316	2318	0	0	0	0	0	382	7584	1410	0	0	0	0	0	0	0	0	0	0	878	0	0	0	0	0	0	0	0	0	0	0	0	0	0	0	0	0	0	0	0	0	0	0	20188	2504	2076	1750	5992	876	0	3944	30164	3796	1180	0	4074	1496	1962	696	120	0	148	706	15438	3122	1352	2010	2008	1160	
178388	Cerebelum_4_5_R	0	0	0	0	0	0	0	0	0	0	0	0	0	0	0	0	0	0	0	0	0	0	0	0	0	0	0	0	0	0	0	0	0	0	270	410	226	1612	0	1934	0	0	0	0	0	0	716	8568	0	0	0	0	0	780	198	6212	0	0	0	0	0	0	0	0	0	0	0	876	0	0	0	0	0	0	0	0	0	466	0	0	0	0	0	0	0	0	0	0	0	0	582	17058	132	3824	0	2544	3944	0	1672	22594	0	0	252	2362	0	396	0	0	0	828	8406	1042	316	450	414	110	
354740	Cerebelum_6_L	0	0	0	0	0	0	0	0	0	0	0	0	0	0	0	0	0	0	0	0	0	0	0	0	0	0	0	0	0	0	0	0	0	0	0	0	0	0	0	0	0	0	140	0	0	0	13716	2426	0	0	0	0	0	118	23270	948	0	0	0	0	0	0	0	0	0	0	0	0	0	0	0	0	0	0	0	0	0	0	0	0	0	0	0	0	0	0	0	0	488	0	55778	2678	7324	2002	282	102	30164	1672	0	3110	2840	0	4476	718	1452	398	0	0	0	106	10864	6532	3514	1062	968	222	
323784	Cerebelum_6_R	0	0	0	0	0	0	0	0	0	0	0	0	0	0	0	0	0	0	0	0	0	0	0	0	0	0	0	0	0	0	0	0	0	0	0	0	0	126	0	214	0	0	0	0	0	0	1144	10564	0	0	0	0	0	962	208	19348	0	0	0	0	0	0	0	0	0	0	0	0	0	0	0	0	0	0	0	0	0	0	0	0	0	0	0	0	0	0	0	0	0	248	2476	53992	1290	9386	0	1746	3796	22594	3110	0	96	0	164	2944	0	340	0	0	0	348	9024	11530	4928	524	526	264	
200812	Cerebelum_7b_L	0	0	0	0	0	0	0	0	0	0	0	0	0	0	0	0	0	0	0	0	0	0	0	0	0	0	0	0	0	0	0	0	0	0	0	0	0	0	0	0	0	0	0	0	0	0	0	0	0	0	0	0	0	0	770	0	0	0	0	0	0	0	0	0	0	0	0	0	0	0	0	0	0	0	0	0	0	0	0	0	0	0	0	0	0	0	0	0	220	0	11364	114	31806	2170	130	0	1180	0	2840	96	0	2166	31232	1812	6958	302	972	0	0	0	454	270	1600	3448	390	112	
138136	Cerebelum_7b_R	0	0	0	0	0	0	0	0	0	0	0	0	0	0	0	0	0	0	0	0	0	0	0	0	0	0	0	0	0	0	0	0	0	0	0	0	0	0	0	0	0	0	0	0	0	0	0	0	0	0	0	0	0	0	0	0	0	0	0	0	0	0	0	0	0	0	0	0	0	0	0	0	0	0	0	0	0	0	0	0	0	0	0	0	0	0	0	0	0	0	132	4578	1920	24204	0	0	0	0	0	0	2166	0	2234	24154	0	5450	0	0	0	0	0	0	1698	2532	0	0	
274052	Cerebelum_8_L	0	0	0	0	0	0	0	0	0	0	0	0	0	0	0	0	0	0	0	0	0	0	0	0	0	0	0	0	0	0	0	0	0	0	0	0	0	0	0	0	0	0	0	0	0	0	0	0	0	0	0	0	0	0	572	0	0	0	0	0	0	0	0	0	0	0	0	0	0	0	0	0	0	0	0	0	0	0	0	0	0	0	0	0	0	0	0	0	0	0	11782	286	28304	3876	312	250	4074	252	4476	164	31232	2234	0	5364	20820	2294	2354	0	162	374	1960	526	3026	8724	3034	574	
241356	Cerebelum_8_R	0	0	0	0	0	0	0	0	0	0	0	0	0	0	0	0	0	0	0	0	0	0	0	0	0	0	0	0	0	0	0	0	0	0	0	0	0	0	0	320	0	0	0	0	0	0	0	0	0	0	0	0	0	0	0	224	0	0	0	0	0	0	0	0	0	0	0	0	0	0	0	0	0	0	0	0	0	0	0	0	0	0	0	0	0	0	0	0	0	0	330	10738	1502	31480	0	1442	1496	2362	718	2944	1812	24154	5364	0	382	15838	0	542	286	1152	2798	504	3300	7310	3340	340	
93824	Cerebelum_9_L	0	0	0	0	0	0	0	0	0	0	0	0	0	0	0	0	0	0	0	0	0	0	0	0	0	0	0	0	0	0	0	0	0	0	0	0	0	0	0	0	0	0	0	0	0	0	0	0	0	0	0	0	0	0	0	0	0	0	0	0	0	0	0	0	0	0	0	0	0	0	0	0	0	0	0	0	0	0	0	0	0	0	0	0	0	0	0	0	0	0	1546	0	4680	206	320	0	1962	0	1452	0	6958	0	20820	382	0	658	3534	0	0	138	684	742	250	1220	1086	274	
100056	Cerebelum_9_R	0	0	0	0	0	0	0	0	0	0	0	0	0	0	0	0	0	0	0	0	0	0	0	0	0	0	0	0	0	0	0	0	0	0	0	0	0	0	0	1140	0	0	0	0	0	0	0	0	0	0	0	0	0	0	0	0	0	0	0	0	0	0	0	0	0	0	0	0	0	0	0	0	0	0	0	0	0	0	0	0	0	0	0	0	0	0	0	0	0	0	130	1030	652	5812	0	492	696	396	398	340	302	5450	2294	15838	658	0	0	984	380	644	960	122	1992	4126	4382	810	
16020	Cerebelum_10_L	0	0	0	0	0	0	0	0	0	0	0	0	0	0	0	0	0	0	0	0	0	0	0	0	0	0	0	0	0	0	0	0	0	0	0	0	0	0	0	0	0	0	0	0	0	0	0	0	0	0	0	0	0	0	0	0	0	0	0	0	0	0	0	0	0	0	0	0	0	0	0	0	0	0	0	0	0	0	0	0	0	0	0	0	0	0	0	0	0	0	118	0	912	0	0	0	120	0	0	0	972	0	2354	0	3534	0	0	0	0	0	0	0	0	0	0	0	
3540	Cerebelum_10_R	0	0	0	0	0	0	0	0	0	0	0	0	0	0	0	0	0	0	0	0	0	0	0	0	0	0	0	0	0	0	0	0	0	0	0	0	0	0	0	0	0	0	0	0	0	0	0	0	0	0	0	0	0	0	0	0	0	0	0	0	0	0	0	0	0	0	0	0	0	0	0	0	0	0	0	0	0	0	0	0	0	0	0	0	0	0	0	0	0	0	0	134	0	110	0	0	0	0	0	0	0	0	0	542	0	984	0	0	0	0	0	0	0	0	0	0	
13100	Vermis_1_2	0	0	0	0	0	0	0	0	0	0	0	0	0	0	0	0	0	0	0	0	0	0	0	0	0	0	0	0	0	0	0	0	0	0	0	0	0	0	126	0	0	0	0	0	0	0	0	0	0	0	0	0	0	0	0	0	0	0	0	0	0	0	0	0	0	0	0	0	0	0	0	0	0	0	0	0	0	0	0	0	0	0	0	0	0	0	0	0	0	0	0	0	98	252	416	248	148	0	0	0	0	0	162	286	0	380	0	0	0	2906	588	0	256	342	342	0	
31440	Vermis_3	0	0	0	0	0	0	0	0	0	0	0	0	0	0	0	0	0	0	0	0	0	0	0	0	0	0	0	0	0	0	0	0	0	0	0	0	0	0	216	0	0	0	0	0	0	0	0	0	0	0	0	0	0	0	0	0	0	0	0	0	0	0	0	0	0	0	0	0	0	0	0	0	0	0	0	0	0	0	0	0	0	0	0	0	0	0	0	0	0	0	0	540	168	978	1212	2440	706	828	106	348	0	0	374	1152	138	644	0	0	2906	0	1000	0	528	768	668	0	
216308	Vermis_4_5	0	110	0	0	0	0	0	0	0	0	0	0	0	0	0	0	0	0	0	0	0	0	0	0	0	0	0	0	0	0	0	0	0	0	198	3152	0	1158	0	266	0	0	0	166	0	166	3310	4640	0	172	0	0	0	790	1830	3182	0	116	0	0	0	0	0	0	0	0	0	3422	0	172	0	0	0	0	0	0	0	144	0	0	0	0	0	0	0	0	0	0	0	658	5064	6716	930	3538	0	452	15438	8406	10864	9024	454	0	1960	2798	684	960	0	0	588	1000	0	6022	1872	2988	3102	1642	
138128	Vermis_6	0	0	0	0	0	0	0	0	0	0	0	0	0	0	0	0	0	0	0	0	0	0	0	0	0	0	0	0	0	0	0	0	0	0	0	0	0	0	0	0	0	0	132	0	0	0	2406	4988	0	0	0	0	0	222	336	2400	0	0	0	0	0	0	0	0	0	0	0	0	0	0	0	0	0	0	0	0	0	0	0	0	0	0	0	0	0	0	0	0	0	0	3858	9214	1874	2386	0	0	3122	1042	6532	11530	270	0	526	504	742	122	0	0	0	0	6022	0	5290	1750	2074	1722	
