data	data	500280	463500	770624	638164	104176	44600	600904	228148	133308	20416	193764	241676	225612	93420	183384	69988	213804	99504	706212	535556	54404	64544	286008	235288	23064	53960	63196	32628	526964	228004	222028	365764	112908	366532	199328	228136	375896	393192	133776	205712	44072	44372	316180	351300	218124	515384	378608	387380	246100	465876	565472	204636	178136	132100	441228	488848	384032	231344	262308	78744	210148	64452	119480	97084	236088	128464	428320	480368	359140	317404	200144	309768	246556	218764	46000	17144	211624	270844	99260	28204	182672	106204	73480	34268	353548	248792	10176	6788	373300	221668	550576	564032	338436	454132	75680	101296	458128	296012	611160	586456	270360	246132	292804	410568	142300	272640	29740	32220	48456	104528	353764	264256	265392	193688	181004	53640	
data	data	Precentral_L	Precentral_R	Frontal_Sup_L	Frontal_Sup_R	Frontal_Sup_Orb_L	Frontal_Sup_Orb_R	Frontal_Mid_L	Frontal_Mid_R	Frontal_Mid_Orb_L	Frontal_Mid_Orb_R	Frontal_Inf_Oper_L	Frontal_Inf_Oper_R	Frontal_Inf_Tri_L	Frontal_Inf_Tri_R	Frontal_Inf_Orb_L	Frontal_Inf_Orb_R	Rolandic_Oper_L	Rolandic_Oper_R	Supp_Motor_Area_L	Supp_Motor_Area_R	Olfactory_L	Olfactory_R	Frontal_Sup_Medial_L	Frontal_Sup_Medial_R	Frontal_Med_Orb_L	Frontal_Med_Orb_R	Rectus_L	Rectus_R	Insula_L	Insula_R	Cingulum_Ant_L	Cingulum_Ant_R	Cingulum_Mid_L	Cingulum_Mid_R	Cingulum_Post_L	Cingulum_Post_R	Hippocampus_L	Hippocampus_R	ParaHippocampal_L	ParaHippocampal_R	Amygdala_L	Amygdala_R	Calcarine_L	Calcarine_R	Cuneus_L	Cuneus_R	Lingual_L	Lingual_R	Occipital_Sup_L	Occipital_Sup_R	Occipital_Mid_L	Occipital_Mid_R	Occipital_Inf_L	Occipital_Inf_R	Fusiform_L	Fusiform_R	Postcentral_L	Postcentral_R	Parietal_Sup_L	Parietal_Sup_R	Parietal_Inf_L	Parietal_Inf_R	SupraMarginal_L	SupraMarginal_R	Angular_L	Angular_R	Precuneus_L	Precuneus_R	Paracentral_Lobule_L	Paracentral_Lobule_R	Caudate_L	Caudate_R	Putamen_L	Putamen_R	Pallidum_L	Pallidum_R	Thalamus_L	Thalamus_R	Heschl_L	Heschl_R	Temporal_Sup_L	Temporal_Sup_R	Temporal_Pole_Sup_L	Temporal_Pole_Sup_R	Temporal_Mid_L	Temporal_Mid_R	Temporal_Pole_Mid_L	Temporal_Pole_Mid_R	Temporal_Inf_L	Temporal_Inf_R	Cerebelum_Crus1_L	Cerebelum_Crus1_R	Cerebelum_Crus2_L	Cerebelum_Crus2_R	Cerebelum_3_L	Cerebelum_3_R	Cerebelum_4_5_L	Cerebelum_4_5_R	Cerebelum_6_L	Cerebelum_6_R	Cerebelum_7b_L	Cerebelum_7b_R	Cerebelum_8_L	Cerebelum_8_R	Cerebelum_9_L	Cerebelum_9_R	Cerebelum_10_L	Cerebelum_10_R	Vermis_1_2	Vermis_3	Vermis_4_5	Vermis_6	Vermis_7	Vermis_8	Vermis_9	Vermis_10	
500280	Precentral_L	0	2994	14884	402	0	0	24980	0	358	0	9202	210	2026	0	402	0	10752	232	6074	7532	0	0	122	0	0	0	0	0	11594	954	0	82	154	3298	6724	7904	14598	6584	676	2412	0	0	152	0	0	0	94	1048	0	0	278	0	128	0	162	348	25114	366	206	0	3336	0	142	0	710	0	1194	326	18060	7432	7716	372	9796	0	3384	0	21942	4630	6116	86	1100	0	0	0	270	0	0	0	158	186	0	0	0	0	0	0	0	0	0	0	0	0	0	0	0	0	0	0	0	0	138	0	0	0	0	0	
463500	Precentral_R	2994	0	3478	27594	0	0	1384	18042	0	0	242	13946	390	510	0	94	94	3062	7932	10222	0	0	0	0	0	0	0	0	302	6072	600	2580	182	828	1690	3780	1434	10158	0	2400	0	98	112	992	0	2512	0	350	0	802	0	668	0	140	0	1486	486	21442	0	0	112	300	0	1184	0	0	328	5756	2474	10790	1058	14970	164	9360	130	746	3012	30368	0	112	0	560	0	0	0	340	0	0	0	888	0	0	0	0	0	0	0	0	0	0	0	0	0	0	0	0	0	0	0	0	0	0	0	0	0	0	
770624	Frontal_Sup_L	14884	3478	0	11482	3162	0	78526	2952	3952	0	12950	1120	13492	108	4802	146	11310	96	80644	8776	208	0	34136	2330	1526	0	0	0	25118	334	13078	5638	5192	3130	1284	1104	3222	2536	274	436	0	0	0	0	0	0	0	138	0	0	0	0	0	0	350	96	2864	304	0	0	440	0	0	0	150	0	254	0	1254	340	5286	2554	9796	146	1530	184	2750	1530	1384	0	1580	0	862	0	0	0	0	0	94	0	0	0	0	0	0	0	0	0	0	0	0	0	0	0	0	0	0	0	0	0	0	0	0	0	0	0	
638164	Frontal_Sup_R	402	27594	11482	0	0	1580	6066	20116	0	1356	134	14052	576	6612	152	6028	0	5152	21194	45432	0	0	10730	32156	0	1568	0	0	598	8748	3760	29328	1570	19468	198	252	136	1926	0	938	0	0	0	0	0	0	0	180	0	0	0	0	0	0	0	250	0	216	0	0	0	0	0	0	0	0	0	0	788	450	468	16534	0	5964	0	496	156	13932	0	0	0	0	0	252	0	0	0	0	0	92	0	0	0	0	0	0	0	0	0	0	0	0	0	0	0	0	0	0	0	0	0	0	0	0	0	0	
104176	Frontal_Sup_Orb_L	0	0	3162	0	0	140	496	0	7546	0	0	0	310	0	8302	0	0	0	452	0	2126	1506	1768	0	1992	0	6082	346	4160	0	2694	196	0	0	0	0	0	0	92	0	388	0	0	0	0	0	0	0	0	0	0	0	0	0	0	0	0	0	0	0	0	0	0	0	0	0	0	0	0	0	1696	816	7208	0	0	0	0	0	0	0	0	0	610	0	0	0	0	0	0	0	0	0	0	0	0	0	0	0	0	0	0	0	0	0	0	0	0	0	0	0	0	0	0	0	0	0	
44600	Frontal_Sup_Orb_R	0	0	0	1580	140	0	0	146	0	532	0	0	0	0	126	624	0	0	0	0	374	768	0	2432	0	4770	424	3792	0	162	0	754	0	0	0	0	0	0	0	0	0	0	0	0	0	0	0	0	0	0	0	0	0	0	0	0	0	0	0	0	0	0	0	0	0	0	0	0	0	0	554	1914	0	3208	0	0	0	0	0	0	0	0	0	0	0	0	0	0	0	0	0	0	0	0	0	0	0	0	0	0	0	0	0	0	0	0	0	0	0	0	0	0	0	0	0	0	
600904	Frontal_Mid_L	24980	1384	78526	6066	496	0	0	2260	3508	0	13010	1038	22586	144	4418	146	8276	82	36062	2396	0	0	19132	1540	0	0	0	0	19390	332	8348	4268	4484	2992	904	736	3074	1766	210	248	0	0	0	0	0	0	0	0	0	0	0	0	0	0	176	0	2316	0	0	0	562	0	0	0	172	0	228	0	342	298	6330	2800	5386	164	1114	148	2948	1156	1628	0	1178	0	704	0	0	0	0	0	0	0	0	0	0	0	0	0	0	0	0	0	0	0	0	0	0	0	0	0	0	0	0	0	0	0	0	0	
228148	Frontal_Mid_R	0	18042	2952	20116	0	146	2260	0	0	514	146	17466	310	7594	0	3004	0	3374	3910	1836	0	0	622	3096	0	0	0	0	186	6640	3190	7552	0	1758	0	0	0	1294	0	296	0	0	0	0	0	0	0	0	0	0	0	0	0	0	0	356	0	0	0	0	0	0	0	0	0	0	0	0	0	0	120	1466	0	4048	0	336	0	1444	0	0	0	0	0	0	0	0	0	0	0	0	0	0	0	0	0	0	0	0	0	0	0	0	0	0	0	0	0	0	0	0	0	0	0	0	0	0	
133308	Frontal_Mid_Orb_L	358	0	3952	0	7546	0	3508	0	0	0	1368	0	5628	0	20010	0	324	0	2534	0	232	210	100	0	88	0	1672	0	12648	0	388	106	0	0	0	0	692	0	102	0	318	0	0	0	0	0	0	0	0	0	0	0	0	0	224	0	0	0	0	0	0	0	0	0	0	0	0	0	0	0	722	630	2438	0	0	0	0	0	0	0	422	0	288	0	0	0	0	0	146	0	0	0	0	0	0	0	0	0	0	0	0	0	0	0	0	0	0	0	0	0	0	0	0	0	0	0	
20416	Frontal_Mid_Orb_R	0	0	0	1356	0	532	0	514	0	0	0	0	0	308	0	4898	0	0	124	598	0	0	0	190	0	0	0	0	0	280	0	0	0	296	0	0	0	0	0	0	0	0	0	0	0	0	0	0	0	0	0	0	0	0	0	0	0	0	0	0	0	0	0	0	0	0	0	0	0	0	0	0	0	1112	0	0	0	0	0	0	0	0	0	0	0	0	0	0	0	0	0	0	0	0	0	0	0	0	0	0	0	0	0	0	0	0	0	0	0	0	0	0	0	0	0	0	
193764	Frontal_Inf_Oper_L	9202	242	12950	134	0	0	13010	146	1368	0	0	178	12256	0	1446	0	11060	0	9048	100	0	0	658	0	0	0	0	0	12110	0	480	218	328	0	0	0	588	0	240	0	0	0	0	0	0	0	0	0	0	0	0	0	0	0	268	0	2058	0	0	0	0	0	0	0	0	0	0	0	0	0	1096	1246	946	172	90	0	168	0	1600	0	1740	0	1736	0	0	0	0	0	0	0	0	0	0	0	0	0	0	0	0	0	0	0	0	0	0	0	0	0	0	0	0	0	0	0	0	0	
241676	Frontal_Inf_Oper_R	210	13946	1120	14052	0	0	1038	17466	0	0	178	0	494	10010	0	1100	0	8582	2576	8172	0	0	622	2304	0	0	0	0	376	14738	1790	5688	0	2208	196	236	192	2514	0	498	0	0	0	0	0	0	0	0	0	0	0	0	0	0	0	522	0	216	0	0	0	0	0	0	0	0	0	0	136	0	0	958	0	6424	0	260	110	1238	0	0	0	166	0	406	0	0	0	0	0	96	0	0	0	0	0	0	0	0	0	0	0	0	0	0	0	0	0	0	0	0	0	0	0	0	0	0	
225612	Frontal_Inf_Tri_L	2026	390	13492	576	310	0	22586	310	5628	0	12256	494	0	88	9776	150	758	0	9464	212	90	0	2098	374	0	0	0	0	21020	146	2446	1014	638	232	0	0	118	0	0	0	0	0	0	0	0	0	0	0	0	0	0	0	0	0	0	0	0	0	0	0	0	0	0	0	0	0	0	0	0	0	1636	2656	858	262	0	0	0	0	0	0	316	0	386	0	0	0	0	0	0	0	0	0	0	0	0	0	0	0	0	0	0	0	0	0	0	0	0	0	0	0	0	0	0	0	0	0	
93420	Frontal_Inf_Tri_R	0	510	108	6612	0	0	144	7594	0	308	0	10010	88	0	0	3980	0	0	1352	2906	0	0	424	1704	0	0	0	0	116	6966	180	626	0	1812	0	0	0	0	0	0	0	0	0	0	0	0	0	0	0	0	0	0	0	0	0	0	0	0	0	0	0	0	0	0	0	0	0	0	0	0	0	0	0	1270	0	0	0	0	0	0	0	0	0	0	0	0	0	0	0	0	0	0	0	0	0	0	0	0	0	0	0	0	0	0	0	0	0	0	0	0	0	0	0	0	0	0	
183384	Frontal_Inf_Orb_L	402	0	4802	152	8302	126	4418	0	20010	0	1446	0	9776	0	0	0	342	0	3412	0	1820	1008	146	142	0	0	2096	242	18924	0	640	284	0	0	0	0	890	0	292	0	930	0	0	0	0	0	0	0	0	0	0	0	0	0	482	0	0	0	0	0	0	0	0	0	0	0	0	0	0	0	1968	1294	4962	0	0	0	104	0	0	0	448	0	1654	0	0	0	0	0	178	0	0	0	0	0	0	0	0	0	0	0	0	0	0	0	0	0	0	0	0	0	0	0	0	0	0	0	
69988	Frontal_Inf_Orb_R	0	94	146	6028	0	624	146	3004	0	4898	0	1100	150	3980	0	0	0	0	880	3318	0	512	330	854	0	0	0	192	142	4242	0	136	0	1774	0	0	0	0	0	0	0	210	0	0	0	0	0	0	0	0	0	0	0	0	0	0	0	0	0	0	0	0	0	0	0	0	0	0	0	0	0	0	0	2234	0	0	0	0	0	0	0	0	0	0	0	0	0	0	0	0	0	0	0	0	0	0	0	0	0	0	0	0	0	0	0	0	0	0	0	0	0	0	0	0	0	0	
213804	Rolandic_Oper_L	10752	94	11310	0	0	0	8276	0	324	0	11060	0	758	0	342	0	0	0	9736	236	0	0	1062	0	0	0	0	0	18350	0	314	0	442	0	0	0	414	0	0	0	0	0	0	0	0	0	268	0	190	0	2178	0	406	0	162	0	7794	0	332	0	244	0	1770	0	674	0	574	0	598	0	770	124	1834	0	700	0	372	0	4216	0	6080	0	966	0	2166	0	0	0	1014	0	0	0	0	0	0	0	0	0	0	0	0	0	0	0	0	0	0	0	0	0	0	0	0	0	0	0	
99504	Rolandic_Oper_R	232	3062	96	5152	0	0	82	3374	0	0	0	8582	0	0	0	0	0	0	92	2180	0	0	0	0	0	0	0	0	0	11354	0	0	0	0	266	316	286	1464	0	180	0	0	0	0	0	0	0	0	0	0	0	0	0	0	0	424	0	1262	0	0	0	0	0	1212	0	0	0	0	216	88	0	894	0	4116	0	824	284	958	0	358	0	1348	0	420	0	166	0	0	0	464	0	0	0	0	0	0	0	0	0	0	0	0	0	0	0	0	0	0	0	0	0	0	0	0	0	0	
706212	Supp_Motor_Area_L	6074	7932	80644	21194	452	0	36062	3910	2534	124	9048	2576	9464	1352	3412	880	9736	92	0	39498	0	0	8752	3932	120	0	0	0	19348	526	5846	6244	7722	20004	1086	834	1238	2058	136	188	0	0	0	0	90	0	0	0	0	0	0	0	0	0	158	0	1268	284	0	0	0	0	0	0	0	0	154	82	5224	3632	7866	2918	12018	160	476	220	1640	1338	416	0	1324	0	820	0	0	0	0	0	0	0	0	0	0	0	0	0	0	0	0	0	0	0	0	0	0	0	0	0	0	0	0	0	0	0	0	0	
535556	Supp_Motor_Area_R	7532	10222	8776	45432	0	0	2396	1836	0	598	100	8172	212	2906	0	3318	236	2180	39498	0	0	0	3186	5846	0	0	0	0	388	2704	2728	13112	2764	38932	1492	2782	0	438	0	0	0	0	0	0	164	0	0	0	84	86	0	0	0	108	0	374	658	1338	0	0	110	0	0	0	0	0	258	468	13278	28534	464	10414	248	618	178	338	502	902	0	0	0	228	0	108	0	296	0	0	0	236	0	0	0	0	0	0	0	0	0	0	0	0	0	0	0	0	0	0	0	0	0	0	0	0	0	0	
54404	Olfactory_L	0	0	208	0	2126	374	0	0	232	0	0	0	90	0	1820	0	0	0	0	0	0	3836	0	0	176	0	3890	1108	2046	0	1464	892	0	0	0	0	396	0	726	0	1298	0	0	0	0	0	0	0	0	0	0	0	0	0	430	0	0	0	0	0	0	0	0	0	0	0	0	0	0	0	3298	1364	332	0	0	0	0	0	0	0	0	0	1096	0	0	0	0	0	0	0	0	0	0	0	0	0	0	0	0	0	0	0	0	0	0	0	0	0	0	0	0	0	0	0	0	0	
64544	Olfactory_R	0	0	0	0	1506	768	0	0	210	0	0	0	0	0	1008	512	0	0	0	0	3836	0	0	0	224	382	3978	2168	0	1870	2210	1722	0	0	0	0	0	0	0	158	0	656	0	0	0	0	0	0	0	0	0	0	0	0	0	0	0	0	0	0	0	0	0	0	0	0	0	0	0	0	5330	4054	1494	186	0	0	0	0	0	0	0	0	0	0	0	0	0	0	0	0	0	0	0	0	0	0	0	0	0	0	0	0	0	0	0	0	0	0	0	0	0	0	0	0	0	0	
286008	Frontal_Sup_Medial_L	122	0	34136	10730	1768	0	19132	622	100	0	658	622	2098	424	146	330	1062	0	8752	3186	0	0	0	16034	2092	106	102	0	2244	0	11686	11044	4722	10232	0	0	0	0	0	0	0	0	0	0	0	0	0	0	0	0	0	0	0	0	0	0	0	0	0	0	0	0	0	0	0	0	0	0	0	0	0	126	728	0	0	0	0	0	0	0	0	0	0	0	0	0	0	0	0	0	0	0	0	0	0	0	0	0	0	0	0	0	0	0	0	0	0	0	0	0	0	0	0	0	0	0	
235288	Frontal_Sup_Medial_R	0	0	2330	32156	0	2432	1540	3096	0	190	0	2304	374	1704	142	854	0	0	3932	5846	0	0	16034	0	0	3810	0	302	466	0	1476	19818	328	9664	0	0	0	204	0	0	0	0	0	0	0	0	0	0	0	0	0	0	0	0	0	0	0	0	0	0	0	0	0	0	0	0	0	0	0	0	90	3858	0	4694	0	0	0	0	0	0	0	0	0	0	0	0	0	0	0	0	0	0	0	0	0	0	0	0	0	0	0	0	0	0	0	0	0	0	0	0	0	0	0	0	0	0	
23064	Frontal_Med_Orb_L	0	0	1526	0	1992	0	0	0	88	0	0	0	0	0	0	0	0	0	120	0	176	224	2092	0	0	620	654	122	84	0	1822	572	0	0	0	0	0	0	0	0	0	0	0	0	0	0	0	0	0	0	0	0	0	0	0	0	0	0	0	0	0	0	0	0	0	0	0	0	0	0	252	502	566	120	0	0	0	0	0	0	0	0	0	0	0	0	0	0	0	0	0	0	0	0	0	0	0	0	0	0	0	0	0	0	0	0	0	0	0	0	0	0	0	0	0	0	
53960	Frontal_Med_Orb_R	0	0	0	1568	0	4770	0	0	0	0	0	0	0	0	0	0	0	0	0	0	0	382	106	3810	620	0	0	2952	0	0	1076	3292	0	0	0	0	0	0	0	0	0	0	0	0	0	0	0	0	0	0	0	0	0	0	0	0	0	0	0	0	0	0	0	0	0	0	0	0	0	0	0	4970	0	3434	0	0	0	0	0	0	0	0	0	0	0	0	0	0	0	0	0	0	0	0	0	0	0	0	0	0	0	0	0	0	0	0	0	0	0	0	0	0	0	0	0	0	
63196	Rectus_L	0	0	0	0	6082	424	0	0	1672	0	0	0	0	0	2096	0	0	0	0	0	3890	3978	102	0	654	0	0	1212	300	0	3084	930	0	0	0	0	0	0	0	0	142	0	0	0	0	0	0	0	0	0	0	0	0	0	0	0	0	0	0	0	0	0	0	0	0	0	0	0	0	0	3608	1500	1766	0	0	0	0	0	0	0	0	0	158	0	0	0	0	0	0	0	0	0	0	0	0	0	0	0	0	0	0	0	0	0	0	0	0	0	0	0	0	0	0	0	0	0	
32628	Rectus_R	0	0	0	0	346	3792	0	0	0	0	0	0	0	0	242	192	0	0	0	0	1108	2168	0	302	122	2952	1212	0	0	370	712	854	0	0	0	0	0	0	0	0	0	0	0	0	0	0	0	0	0	0	0	0	0	0	0	0	0	0	0	0	0	0	0	0	0	0	0	0	0	0	1030	796	116	0	0	0	0	0	0	0	0	0	0	0	0	0	0	0	0	0	0	0	0	0	0	0	0	0	0	0	0	0	0	0	0	0	0	0	0	0	0	0	0	0	0	0	
526964	Insula_L	11594	302	25118	598	4160	0	19390	186	12648	0	12110	376	21020	116	18924	142	18350	0	19348	388	2046	0	2244	466	84	0	300	0	0	188	2998	888	560	98	998	408	14088	384	1832	216	2710	0	170	0	0	0	184	92	0	0	710	0	350	0	3110	0	6230	0	0	0	120	0	336	0	116	0	662	0	118	0	4606	3900	11762	252	178	0	3200	200	10594	0	8410	0	5634	0	2462	0	0	0	4808	0	0	0	0	0	0	0	0	0	0	0	0	0	0	0	0	0	0	0	0	0	0	0	0	0	0	0	
228004	Insula_R	954	6072	334	8748	0	162	332	6640	0	280	0	14738	146	6966	0	4242	0	11354	526	2704	0	1870	0	0	0	0	0	370	188	0	0	176	0	476	804	1190	918	5410	0	1386	0	724	0	0	0	0	0	0	0	0	0	0	0	0	0	3020	0	1722	0	0	0	0	0	654	0	0	0	0	722	0	0	738	0	14776	0	102	900	2416	0	1062	0	4812	0	1010	0	910	0	0	0	3224	0	122	0	0	0	0	0	0	0	102	0	0	0	0	0	0	0	0	0	0	0	0	0	0	0	0	
222028	Cingulum_Ant_L	0	600	13078	3760	2694	0	8348	3190	388	0	480	1790	2446	180	640	0	314	0	5846	2728	1464	2210	11686	1476	1822	1076	3084	712	2998	0	0	17206	3660	6018	462	0	0	0	0	0	0	0	0	0	0	0	0	0	0	0	0	0	0	0	0	0	0	0	0	0	0	0	0	0	0	0	0	0	0	0	3326	3468	2964	640	0	0	0	0	102	0	158	0	0	0	0	0	0	0	0	0	0	0	0	0	0	0	0	0	0	0	0	0	0	0	0	0	0	0	0	0	0	0	0	0	0	0	
365764	Cingulum_Ant_R	82	2580	5638	29328	196	754	4268	7552	106	0	218	5688	1014	626	284	136	0	0	6244	13112	892	1722	11044	19818	572	3292	930	854	888	176	17206	0	1580	16736	0	150	0	322	0	0	0	0	0	0	0	0	0	0	0	0	0	0	0	0	0	0	0	0	0	0	0	0	0	0	0	0	0	0	0	130	1728	18266	148	8212	0	0	0	390	0	0	0	0	0	0	0	0	0	0	0	0	0	0	0	0	0	0	0	0	0	0	0	0	0	0	0	0	0	0	0	0	0	0	0	0	0	0	
112908	Cingulum_Mid_L	154	182	5192	1570	0	0	4484	0	0	0	328	0	638	0	0	0	442	0	7722	2764	0	0	4722	328	0	0	0	0	560	0	3660	1580	0	6064	2868	0	0	0	0	0	0	0	292	0	2292	356	0	0	1758	104	600	0	0	0	0	0	98	0	1106	0	0	0	0	0	124	0	3950	546	1304	666	0	0	0	0	0	0	0	0	0	0	0	0	0	0	0	0	0	0	0	0	0	0	0	0	0	0	0	0	0	0	0	0	0	0	0	0	0	0	0	0	0	0	0	0	0	0	
366532	Cingulum_Mid_R	3298	828	3130	19468	0	0	2992	1758	0	296	0	2208	232	1812	0	1774	0	0	20004	38932	0	0	10232	9664	0	0	0	0	98	476	6018	16736	6064	0	1934	5560	0	0	0	0	0	0	0	340	0	1258	0	0	0	244	0	316	0	0	0	0	0	890	0	0	0	0	0	0	0	0	1440	4142	7588	12900	0	496	0	138	0	0	0	0	0	0	0	0	0	0	0	0	0	0	0	0	0	0	0	0	0	0	0	0	0	0	0	0	0	0	0	0	0	0	0	0	0	0	0	0	0	0	
199328	Cingulum_Post_L	6724	1690	1284	198	0	0	904	0	0	0	0	196	0	0	0	0	0	266	1086	1492	0	0	0	0	0	0	0	0	998	804	462	0	2868	1934	0	11584	12930	6928	2330	2408	0	0	4824	0	834	324	696	1238	236	0	238	0	0	0	442	360	1416	392	234	0	0	0	0	0	104	0	8832	1540	9620	1556	108	0	0	0	0	0	3728	2738	1376	0	156	0	0	0	390	0	0	0	710	142	0	0	0	0	0	0	0	0	0	0	0	0	0	0	0	0	0	0	0	0	344	0	0	0	0	0	
228136	Cingulum_Post_R	7904	3780	1104	252	0	0	736	0	0	0	0	236	0	0	0	0	0	316	834	2782	0	0	0	0	0	0	0	0	408	1190	0	150	0	5560	11584	0	7228	13990	406	5344	0	0	0	1424	0	814	0	4032	0	296	0	538	0	410	0	2414	0	2226	0	0	0	0	0	84	0	0	730	9434	4012	5938	134	0	0	0	0	0	7580	6034	428	128	110	0	0	0	0	422	0	0	154	1180	0	104	0	0	0	0	0	0	0	0	0	0	0	0	0	0	0	0	0	0	1638	0	0	0	0	0	
375896	Hippocampus_L	14598	1434	3222	136	0	0	3074	0	692	0	588	192	118	0	890	0	414	286	1238	0	396	0	0	0	0	0	0	0	14088	918	0	0	0	0	12930	7228	0	6328	16438	2130	6648	0	5934	0	110	0	3476	1040	0	0	296	0	516	0	15042	378	1616	96	0	0	0	0	0	0	0	0	8610	464	3648	0	184	0	8452	0	806	0	9958	3144	5358	0	2252	0	2994	0	4264	0	0	0	14640	154	86	0	0	0	0	0	108	0	0	0	0	0	0	0	0	0	0	0	0	0	336	0	0	0	0	0	
393192	Hippocampus_R	6584	10158	2536	1926	0	0	1766	1294	0	0	0	2514	0	0	0	0	0	1464	2058	438	0	0	0	204	0	0	0	0	384	5410	0	322	0	0	6928	13990	6328	0	222	29630	0	7600	0	1590	0	406	0	7122	0	442	0	118	0	940	0	26140	0	2078	0	0	0	0	0	650	0	0	0	5592	3200	766	0	256	0	9802	0	572	6754	12626	386	1154	98	2510	0	386	0	1432	0	0	118	6420	0	1170	0	0	0	84	0	194	0	1012	0	0	0	0	0	0	0	0	0	0	822	0	0	0	0	0	
133776	ParaHippocampal_L	676	0	274	0	92	0	210	0	102	0	240	0	0	0	292	0	0	0	136	0	726	0	0	0	0	0	0	0	1832	0	0	0	0	0	2330	406	16438	222	0	88	2580	0	4070	0	106	0	5298	96	0	0	570	0	1612	0	12422	0	152	0	0	0	0	0	0	0	0	0	4400	0	124	0	0	0	1910	0	0	0	910	0	0	0	134	0	678	0	1466	0	0	0	4170	0	214	0	0	0	354	0	774	0	532	0	0	0	0	0	0	0	0	0	98	154	0	0	0	0	0	0	
205712	ParaHippocampal_R	2412	2400	436	938	0	0	248	296	0	0	0	498	0	0	0	0	0	180	188	0	0	158	0	0	0	0	0	0	216	1386	0	0	0	0	2408	5344	2130	29630	88	0	0	5784	0	730	0	88	0	6390	0	106	0	0	0	304	0	16440	0	134	0	0	0	0	0	0	0	0	0	2718	738	0	0	148	0	2388	0	490	2728	7106	252	348	0	520	0	612	0	224	0	330	96	1186	0	1206	0	0	0	256	0	866	0	1230	0	0	0	0	0	0	0	0	0	0	482	0	0	0	0	0	
44072	Amygdala_L	0	0	0	0	388	0	0	0	318	0	0	0	0	0	930	0	0	0	0	0	1298	0	0	0	0	0	142	0	2710	0	0	0	0	0	0	0	6648	0	2580	0	0	0	0	0	0	0	0	0	0	0	0	0	0	0	3530	0	0	0	0	0	0	0	0	0	0	0	0	0	0	0	0	0	0	0	0	0	142	0	0	0	0	0	2156	0	0	0	0	0	1194	0	0	0	0	0	0	0	0	0	0	0	0	0	0	0	0	0	0	0	0	0	0	0	0	0	0	0	
44372	Amygdala_R	0	98	0	0	0	0	0	0	0	0	0	0	0	0	0	210	0	0	0	0	0	656	0	0	0	0	0	0	0	724	0	0	0	0	0	0	0	7600	0	5784	0	0	0	0	0	0	0	0	0	0	0	0	0	0	0	5428	0	0	0	0	0	0	0	0	0	0	0	0	0	0	0	0	0	910	0	0	0	120	0	0	0	0	0	656	0	0	0	0	0	0	0	0	0	0	0	0	0	0	0	0	0	0	0	0	0	0	0	0	0	0	0	0	0	0	0	0	
316180	Calcarine_L	152	112	0	0	0	0	0	0	0	0	0	0	0	0	0	0	0	0	0	0	0	0	0	0	0	0	0	0	170	0	0	0	292	0	4824	0	5934	0	4070	0	0	0	0	10892	17840	9772	20738	2636	11656	2534	24920	158	9108	0	5808	158	1470	126	154	0	152	0	0	0	272	0	14694	1332	1360	152	0	0	0	0	0	0	0	0	374	0	0	0	0	0	4008	0	0	0	1722	0	0	0	0	0	0	0	0	0	228	0	0	0	0	0	0	0	0	0	0	0	138	134	0	0	0	0	
351300	Calcarine_R	0	992	0	0	0	0	0	0	0	0	0	0	0	0	0	0	0	0	0	0	0	0	0	0	0	0	0	0	0	0	0	0	0	340	0	1424	0	1590	0	730	0	0	10892	0	4460	37654	7460	27444	558	25922	0	6916	0	7830	0	11284	0	2020	0	458	0	0	0	0	0	300	914	18654	0	2302	0	0	0	0	0	0	0	0	0	126	0	110	0	0	0	2920	0	0	0	1768	0	0	0	0	0	0	0	0	0	150	0	0	0	0	0	0	0	0	0	0	432	0	0	0	0	0	
218124	Cuneus_L	0	0	0	0	0	0	0	0	0	0	0	0	0	0	0	0	0	0	90	164	0	0	0	0	0	0	0	0	0	0	0	0	2292	0	834	0	110	0	106	0	0	0	17840	4460	0	6348	4036	0	27148	1632	15150	152	828	0	392	0	892	0	7262	0	990	0	0	0	340	0	13946	1066	1514	164	0	0	0	0	0	0	0	0	0	0	0	0	0	0	1210	0	0	0	96	0	0	0	0	0	0	0	0	0	0	0	0	0	0	0	0	0	0	0	0	0	0	0	0	0	0	0	
515384	Cuneus_R	0	2512	0	0	0	0	0	0	0	0	0	0	0	0	0	0	0	0	0	0	0	0	0	0	0	0	0	0	0	0	0	0	356	1258	324	814	0	406	0	88	0	0	9772	37654	6348	0	5938	12094	780	58848	0	10804	0	1508	0	6970	0	11318	0	6414	0	1306	0	1876	0	3476	3290	43444	0	11358	0	0	0	0	0	0	0	0	0	92	0	996	0	0	0	11616	0	0	0	5766	0	0	0	0	0	0	0	0	0	0	0	0	0	0	0	0	0	0	0	0	266	0	0	0	0	0	
378608	Lingual_L	94	0	0	0	0	0	0	0	0	0	0	0	0	0	0	0	268	0	0	0	0	0	0	0	0	0	0	0	184	0	0	0	0	0	696	0	3476	0	5298	0	0	0	20738	7460	4036	5938	0	5418	2718	2912	25474	212	17316	292	21716	1828	568	0	152	0	0	0	0	0	160	0	5446	890	298	0	0	0	118	0	0	0	0	0	322	0	144	0	0	0	3132	96	0	0	1578	0	3080	2330	530	1062	190	352	9764	4152	9916	4688	0	0	0	204	0	278	0	0	164	326	7378	3830	1752	146	184	0	
387380	Lingual_R	1048	350	138	180	0	0	0	0	0	0	0	0	0	0	0	0	0	0	0	0	0	0	0	0	0	0	0	0	92	0	0	0	0	0	1238	4032	1040	7122	96	6390	0	0	2636	27444	0	12094	5418	0	0	11826	0	3038	108	11600	832	24202	0	138	0	0	0	0	0	0	0	0	0	12334	318	214	0	86	0	0	0	0	1114	1558	86	0	0	0	0	0	0	862	0	0	0	1162	1570	5024	382	1412	132	994	4566	8284	3322	10058	106	164	0	748	0	384	0	0	0	180	7680	6122	3036	352	378	0	
246100	Occipital_Sup_L	0	0	0	0	0	0	0	0	0	0	0	0	0	0	0	0	190	0	0	84	0	0	0	0	0	0	0	0	0	0	0	0	1758	0	236	0	0	0	0	0	0	0	11656	558	27148	780	2718	0	0	92	34826	0	1668	0	372	0	2294	0	15340	0	2508	0	124	0	2894	0	15264	150	1330	0	0	0	0	0	0	0	0	0	0	0	100	0	0	0	960	0	0	0	0	0	0	0	0	0	0	0	0	0	0	0	0	0	0	0	0	0	0	0	0	0	0	0	0	0	0	0	
465876	Occipital_Sup_R	0	802	0	0	0	0	0	0	0	0	0	0	0	0	0	0	0	0	0	86	0	0	0	0	0	0	0	0	0	0	0	0	104	244	0	296	0	442	0	106	0	0	2534	25922	1632	58848	2912	11826	92	0	0	20706	0	2754	0	7594	0	4960	0	9284	0	4704	0	2952	0	12322	876	30548	0	6784	0	0	0	0	0	0	0	0	0	114	0	1126	0	0	0	15160	0	0	0	7100	0	0	0	0	0	0	0	0	0	0	0	0	0	0	0	0	0	0	0	0	108	0	0	0	0	0	
565472	Occipital_Mid_L	278	0	0	0	0	0	0	0	0	0	0	0	0	0	0	0	2178	0	0	0	0	0	0	0	0	0	0	0	710	0	0	0	600	0	238	0	296	0	570	0	0	0	24920	0	15150	0	25474	0	34826	0	0	0	25848	0	12112	0	17202	0	21144	0	14160	0	2888	0	24734	0	21484	0	11114	0	0	0	0	0	0	0	0	0	554	0	1346	0	0	0	17976	0	0	0	4904	0	0	0	0	0	0	0	174	0	930	110	0	0	0	0	0	0	0	0	0	0	342	474	0	0	0	0	
204636	Occipital_Mid_R	0	668	0	0	0	0	0	0	0	0	0	0	0	0	0	0	0	0	0	0	0	0	0	0	0	0	0	0	0	0	0	0	0	316	0	538	0	118	0	0	0	0	158	6916	152	10804	212	3038	0	20706	0	0	0	4830	0	3568	0	2302	0	2418	0	2790	0	378	0	12934	0	7972	0	2126	0	0	0	0	0	0	0	0	0	128	0	308	0	0	0	16426	0	0	0	2324	0	0	0	0	0	0	0	0	0	0	0	0	0	0	0	0	0	0	0	0	188	0	0	0	0	0	
178136	Occipital_Inf_L	128	0	0	0	0	0	0	0	0	0	0	0	0	0	0	0	406	0	0	0	0	0	0	0	0	0	0	0	350	0	0	0	0	0	0	0	516	0	1612	0	0	0	9108	0	828	0	17316	108	1668	0	25848	0	0	0	14850	0	534	0	0	0	0	0	150	0	86	0	1150	0	250	0	0	0	0	0	0	0	0	0	488	0	316	0	0	0	4250	0	0	0	4196	0	254	154	0	0	0	0	120	0	2078	528	0	0	0	0	0	102	0	0	0	0	476	1096	0	0	102	0	
132100	Occipital_Inf_R	0	140	0	0	0	0	0	0	0	0	0	0	0	0	0	0	0	0	0	108	0	0	0	0	0	0	0	0	0	0	0	0	0	0	0	410	0	940	0	304	0	0	0	7830	0	1508	292	11600	0	2754	0	4830	0	0	148	15322	0	232	0	0	0	0	0	88	0	220	0	4768	0	386	0	0	0	0	0	0	0	0	0	204	0	140	0	0	0	1890	0	0	0	3580	222	204	0	0	0	0	750	1850	418	2508	0	0	0	0	0	0	0	0	0	0	1844	450	110	0	0	0	
441228	Fusiform_L	162	0	350	0	0	0	176	0	224	0	268	0	0	0	482	0	162	0	158	0	430	0	0	0	0	0	0	0	3110	0	0	0	0	0	442	0	15042	0	12422	0	3530	0	5808	0	392	0	21716	832	372	0	12112	0	14850	148	0	478	148	0	0	0	0	0	0	0	0	0	1390	0	0	0	0	0	2508	0	0	0	208	0	182	0	1354	0	1334	0	1142	0	212	0	17178	0	27178	706	888	314	964	166	20610	1012	36578	2300	176	0	0	0	148	708	0	0	0	106	4422	3404	748	198	666	0	
488848	Fusiform_R	348	1486	96	250	0	0	0	356	0	0	0	522	0	0	0	0	0	424	0	374	0	0	0	0	0	0	0	0	0	3020	0	0	0	0	360	2414	378	26140	0	16440	0	5428	158	11284	0	6970	1828	24202	0	7594	0	3568	0	15322	478	0	0	930	0	224	0	0	0	0	0	0	130	8576	212	1948	0	0	0	2964	0	162	344	2638	0	772	0	3534	0	3416	0	2114	0	640	0	13440	744	19126	0	1378	0	282	3426	11704	1692	24786	0	0	0	898	0	202	0	0	0	0	5892	2146	568	0	96	0	
384032	Postcentral_L	25114	486	2864	0	0	0	2316	0	0	0	2058	0	0	0	0	0	7794	0	1268	658	0	0	0	0	0	0	0	0	6230	0	0	0	98	0	1416	0	1616	0	152	0	0	0	1470	0	892	0	568	0	2294	0	17202	0	534	0	148	0	0	0	17206	0	22452	0	7872	0	13532	0	18074	0	16000	638	1022	0	3410	0	1236	0	1144	0	3200	0	1564	0	0	0	5594	0	0	0	3894	0	0	0	0	0	0	0	0	0	0	0	0	0	0	0	0	0	0	0	0	0	0	0	0	0	0	0	
231344	Postcentral_R	366	21442	304	216	0	0	0	0	0	0	0	216	0	0	0	0	0	1262	284	1338	0	0	0	0	0	0	0	0	0	1722	0	0	0	890	392	2226	96	2078	0	134	0	0	126	2020	0	11318	0	138	0	4960	0	2302	0	232	0	930	0	0	0	2150	0	2914	0	11032	0	546	462	15074	412	19604	112	650	0	1522	0	376	200	748	0	138	0	660	0	0	0	2320	0	0	0	1674	0	0	0	0	0	0	0	0	0	0	0	0	0	0	0	0	0	0	0	0	86	0	0	0	0	0	
262308	Parietal_Sup_L	206	0	0	0	0	0	0	0	0	0	0	0	0	0	0	0	332	0	0	0	0	0	0	0	0	0	0	0	0	0	0	0	1106	0	234	0	0	0	0	0	0	0	154	0	7262	0	152	0	15340	0	21144	0	0	0	0	0	17206	0	0	0	12468	0	2378	0	12002	0	26664	0	8820	0	0	0	0	0	0	0	0	0	0	0	498	0	0	0	2776	0	0	0	2412	0	0	0	0	0	0	0	0	0	0	0	0	0	0	0	0	0	0	0	0	0	0	0	0	0	0	0	
78744	Parietal_Sup_R	0	0	0	0	0	0	0	0	0	0	0	0	0	0	0	0	0	0	0	0	0	0	0	0	0	0	0	0	0	0	0	0	0	0	0	0	0	0	0	0	0	0	0	458	0	6414	0	0	0	9284	0	2418	0	0	0	224	0	2150	0	0	0	2052	0	418	0	3390	268	8648	0	2722	0	0	0	0	0	0	0	0	0	0	0	0	0	0	0	748	0	0	0	178	0	0	0	0	0	0	0	0	0	0	0	0	0	0	0	0	0	0	0	0	0	0	0	0	0	0	
210148	Parietal_Inf_L	3336	112	440	0	0	0	562	0	0	0	0	0	0	0	0	0	244	0	0	110	0	0	0	0	0	0	0	0	120	0	0	0	0	0	0	0	0	0	0	0	0	0	152	0	990	0	0	0	2508	0	14160	0	0	0	0	0	22452	0	12468	0	0	0	9618	0	18632	0	7846	0	4672	110	0	0	0	0	0	0	0	0	0	0	270	0	0	0	3220	0	0	0	3052	0	0	0	0	0	0	0	0	0	0	0	0	0	0	0	0	0	0	0	0	0	0	0	0	0	0	0	
64452	Parietal_Inf_R	0	300	0	0	0	0	0	0	0	0	0	0	0	0	0	0	0	0	0	0	0	0	0	0	0	0	0	0	0	0	0	0	0	0	0	0	0	0	0	0	0	0	0	0	0	1306	0	0	0	4704	0	2790	0	0	0	0	0	2914	0	2052	0	0	0	5510	0	9438	0	1596	0	0	0	0	0	0	0	0	0	0	0	0	0	136	0	0	0	684	0	0	0	796	0	0	0	0	0	0	0	0	0	0	0	0	0	0	0	0	0	0	0	0	0	0	0	0	0	0	
119480	SupraMarginal_L	142	0	0	0	0	0	0	0	0	0	0	0	0	0	0	0	1770	0	0	0	0	0	0	0	0	0	0	0	336	0	0	0	0	0	0	0	0	0	0	0	0	0	0	0	0	0	0	0	124	0	2888	0	150	0	0	0	7872	0	2378	0	9618	0	0	0	7712	0	3104	0	2904	0	0	0	0	0	0	0	0	0	0	0	4860	0	0	0	8894	0	0	0	6988	0	0	0	0	0	0	0	0	0	0	0	0	0	0	0	0	0	0	0	0	0	0	0	0	0	0	0	
97084	SupraMarginal_R	0	1184	0	0	0	0	0	0	0	0	0	0	0	0	0	0	0	1212	0	0	0	0	0	0	0	0	0	0	0	654	0	0	0	0	0	84	0	650	0	0	0	0	0	0	0	1876	0	0	0	2952	0	378	0	88	0	0	0	11032	0	418	0	5510	0	0	0	7860	0	2032	0	818	0	0	0	0	0	0	0	0	0	102	0	3874	0	0	0	5288	0	0	0	2530	0	0	0	0	0	0	0	0	0	0	0	0	0	0	0	0	0	0	0	0	0	0	0	0	0	0	
236088	Angular_L	710	0	150	0	0	0	172	0	0	0	0	0	0	0	0	0	674	0	0	0	0	0	0	0	0	0	0	0	116	0	0	0	124	0	104	0	0	0	0	0	0	0	272	0	340	0	160	0	2894	0	24734	0	86	0	0	0	13532	0	12002	0	18632	0	7712	0	0	0	10486	0	7446	0	0	0	0	0	0	0	0	0	0	0	1910	0	0	0	9216	0	0	0	6572	0	0	0	0	0	0	0	0	0	0	0	0	0	0	0	0	0	0	0	0	0	0	0	0	0	0	0	
128464	Angular_R	0	0	0	0	0	0	0	0	0	0	0	0	0	0	0	0	0	0	0	0	0	0	0	0	0	0	0	0	0	0	0	0	0	0	0	0	0	0	0	0	0	0	0	300	0	3476	0	0	0	12322	0	12934	0	220	0	0	0	546	0	3390	0	9438	0	7860	0	0	0	2944	0	130	0	0	0	0	0	0	0	0	0	92	0	1424	0	0	0	7274	0	0	0	1882	0	0	0	0	0	0	0	0	0	0	0	0	0	0	0	0	0	0	0	0	0	0	0	0	0	0	
428320	Precuneus_L	1194	328	254	0	0	0	228	0	0	0	0	0	0	0	0	0	574	0	154	258	0	0	0	0	0	0	0	0	662	0	0	0	3950	1440	8832	730	8610	0	4400	0	0	0	14694	914	13946	3290	5446	0	15264	876	21484	0	1150	0	1390	130	18074	462	26664	268	7846	0	3104	0	10486	0	0	5954	15342	1052	0	0	0	0	0	0	84	0	1116	0	818	0	0	0	7644	0	0	0	5048	0	0	0	0	0	0	0	0	0	0	0	0	0	0	0	0	0	0	0	0	0	0	0	0	0	0	0	
480368	Precuneus_R	326	5756	0	0	0	0	0	0	0	0	0	0	0	0	0	0	0	0	82	468	0	0	0	0	0	0	0	0	0	0	0	0	546	4142	1540	9434	464	5592	0	2718	0	0	1332	18654	1066	43444	890	12334	150	30548	0	7972	0	4768	0	8576	0	15074	0	8648	0	1596	0	2032	0	2944	5954	0	96	16612	0	0	0	0	0	0	486	130	0	208	0	1052	0	0	0	11544	0	0	0	9062	0	202	0	0	0	0	0	558	0	0	0	0	0	0	0	0	0	0	0	0	3184	0	0	0	0	0	
359140	Paracentral_Lobule_L	18060	2474	1254	788	0	0	342	0	0	0	0	136	0	0	0	0	598	216	5224	13278	0	0	0	0	0	0	0	0	118	722	0	0	1304	7588	9620	4012	3648	3200	124	738	0	0	1360	0	1514	0	298	318	1330	0	11114	0	250	0	0	212	16000	412	8820	0	4672	0	2904	0	7446	0	15342	96	0	10664	2300	92	2474	0	836	0	2216	2054	0	0	842	0	0	0	7214	0	0	0	5230	116	0	0	0	0	0	0	0	0	0	0	0	0	0	0	0	0	0	0	0	0	0	0	0	0	0	0	
317404	Paracentral_Lobule_R	7432	10790	340	450	0	0	298	0	0	0	0	0	0	0	0	0	0	88	3632	28534	0	0	0	0	0	0	0	0	0	0	0	130	666	12900	1556	5938	0	766	0	0	0	0	152	2302	164	11358	0	214	0	6784	0	2126	0	386	0	1948	638	19604	0	2722	110	0	0	818	0	130	1052	16612	10664	0	536	818	274	0	186	0	436	566	0	88	0	630	0	0	0	2214	0	0	0	1566	0	0	0	0	0	0	0	0	0	0	0	0	0	0	0	0	0	0	0	0	84	0	0	0	0	0	
200144	Caudate_L	7716	1058	5286	468	1696	554	6330	120	722	0	1096	0	1636	0	1968	0	770	0	7866	464	3298	5330	0	90	252	0	3608	1030	4606	0	3326	1728	0	0	108	134	184	0	0	0	0	0	0	0	0	0	0	0	0	0	0	0	0	0	0	0	1022	112	0	0	0	0	0	0	0	0	0	0	2300	536	0	10012	12556	280	2754	0	7800	866	130	0	0	0	260	0	0	0	0	0	0	0	0	0	0	0	0	0	0	0	0	0	0	0	0	0	0	0	0	0	0	0	0	0	0	0	0	0	
309768	Caudate_R	372	14970	2554	16534	816	1914	2800	1466	630	0	1246	958	2656	0	1294	0	124	894	2918	10414	1364	4054	126	3858	502	4970	1500	796	3900	738	3468	18266	0	496	0	0	0	256	0	148	0	0	0	0	0	0	0	86	0	0	0	0	0	0	0	0	0	650	0	0	0	0	0	0	0	0	0	0	92	818	10012	0	2998	11932	108	1608	306	19146	0	0	0	0	126	0	0	0	0	0	0	0	0	0	0	0	0	0	0	0	0	0	0	0	0	0	0	0	0	0	0	0	0	0	0	0	0	0	
246556	Putamen_L	9796	164	9796	0	7208	0	5386	0	2438	0	946	0	858	0	4962	0	1834	0	12018	248	332	1494	728	0	566	0	1766	116	11762	0	2964	148	0	0	0	0	8452	0	1910	0	0	0	0	0	0	0	118	0	0	0	0	0	0	0	2508	0	3410	0	0	0	0	0	0	0	0	0	0	0	2474	274	12556	2998	0	112	6990	0	2740	0	184	0	508	0	1164	0	0	0	0	0	1350	0	0	0	0	0	0	0	0	0	0	0	0	0	0	0	0	0	0	0	0	0	0	0	0	0	0	0	
218764	Putamen_R	0	9360	146	5964	0	3208	164	4048	0	1112	172	6424	262	1270	0	2234	0	4116	160	618	0	186	0	4694	120	3434	0	0	252	14776	640	8212	0	138	0	0	0	9802	0	2388	0	910	0	0	0	0	0	0	0	0	0	0	0	0	0	2964	0	1522	0	0	0	0	0	0	0	0	0	0	0	0	280	11932	112	0	0	1710	0	3286	0	114	0	1350	0	274	0	0	0	0	0	1028	0	0	0	0	0	0	0	0	0	0	0	0	0	0	0	0	0	0	0	0	0	0	0	0	0	0	
46000	Pallidum_L	3384	130	1530	0	0	0	1114	0	0	0	90	0	0	0	0	0	700	0	476	178	0	0	0	0	0	0	0	0	178	0	0	0	0	0	0	0	806	0	0	0	0	0	0	0	0	0	0	0	0	0	0	0	0	0	0	0	1236	0	0	0	0	0	0	0	0	0	0	0	836	186	2754	108	6990	0	0	0	2304	0	0	0	0	0	0	0	0	0	0	0	0	0	0	0	0	0	0	0	0	0	0	0	0	0	0	0	0	0	0	0	0	0	0	0	0	0	0	0	
17144	Pallidum_R	0	746	184	496	0	0	148	336	0	0	0	260	0	0	0	0	0	824	220	338	0	0	0	0	0	0	0	0	0	102	0	0	0	0	0	0	0	572	0	490	0	0	0	0	0	0	0	0	0	0	0	0	0	0	0	162	0	376	0	0	0	0	0	0	0	0	0	0	0	0	0	1608	0	1710	0	0	0	0	0	0	0	0	0	0	0	0	0	0	0	0	0	0	0	0	0	0	0	0	0	0	0	0	0	0	0	0	0	0	0	0	0	0	0	0	0	0	
211624	Thalamus_L	21942	3012	2750	156	0	0	2948	0	0	0	168	110	0	0	104	0	372	284	1640	502	0	0	0	0	0	0	0	0	3200	900	0	0	0	0	3728	7580	9958	6754	910	2728	142	0	0	0	0	0	0	1114	0	0	0	0	0	0	208	344	1144	200	0	0	0	0	0	0	0	0	84	486	2216	436	7800	306	2740	0	2304	0	0	10078	610	90	362	0	0	0	2124	0	0	0	2900	158	0	0	0	0	0	0	0	0	0	0	0	0	0	0	0	0	0	0	0	0	220	0	0	0	0	0	
270844	Thalamus_R	4630	30368	1530	13932	0	0	1156	1444	0	0	0	1238	0	0	0	0	0	958	1338	902	0	0	0	0	0	0	0	0	200	2416	0	390	0	0	2738	6034	3144	12626	0	7106	0	120	0	0	0	0	0	1558	0	0	0	0	0	0	0	2638	0	748	0	0	0	0	0	0	0	0	0	130	2054	566	866	19146	0	3286	0	0	10078	0	196	174	0	220	0	0	0	0	0	0	0	1188	0	150	0	0	0	0	0	0	0	154	0	0	0	0	0	0	0	0	0	0	0	0	0	0	0	0	
99260	Heschl_L	6116	0	1384	0	0	0	1628	0	0	0	1600	0	0	0	0	0	4216	0	416	0	0	0	0	0	0	0	0	0	10594	0	102	0	0	0	1376	428	5358	386	0	252	0	0	374	0	0	0	322	86	0	0	554	0	488	0	182	0	3200	0	0	0	0	0	0	0	0	0	1116	0	0	0	130	0	184	0	0	0	610	196	0	0	2042	0	0	0	3254	0	0	0	3036	0	0	0	0	0	0	0	0	0	0	0	0	0	0	0	0	0	0	0	0	0	0	0	0	0	0	0	
28204	Heschl_R	86	112	0	0	0	0	0	0	0	0	0	0	0	0	0	0	0	358	0	0	0	0	0	0	0	0	0	0	0	1062	0	0	0	0	0	128	0	1154	0	348	0	0	0	126	0	92	0	0	0	114	0	128	0	204	0	772	0	138	0	0	0	0	0	102	0	92	0	208	0	88	0	0	0	114	0	0	90	174	0	0	0	4894	0	0	0	2042	0	0	0	1476	0	0	0	0	0	0	0	0	0	0	0	0	0	0	0	0	0	0	0	0	0	0	0	0	0	0	
182672	Temporal_Sup_L	1100	0	1580	0	0	0	1178	0	422	0	1740	0	316	0	448	0	6080	0	1324	0	0	0	0	0	0	0	0	0	8410	0	158	0	0	0	156	110	2252	98	134	0	0	0	0	0	0	0	144	0	100	0	1346	0	316	0	1354	0	1564	0	498	0	270	0	4860	0	1910	0	818	0	842	0	0	0	508	0	0	0	362	0	2042	0	0	0	2856	0	26806	0	0	0	19234	0	0	0	0	0	0	0	0	0	0	0	0	0	0	0	0	0	0	0	0	0	0	0	0	0	0	0	
106204	Temporal_Sup_R	0	560	0	0	0	0	0	0	0	0	0	166	0	0	0	0	0	1348	0	228	0	0	0	0	0	0	0	0	0	4812	0	0	0	0	0	0	0	2510	0	520	0	0	0	110	0	996	0	0	0	1126	0	308	0	140	0	3534	0	660	0	0	0	136	0	3874	0	1424	0	1052	0	630	0	0	0	1350	0	0	0	220	0	4894	0	0	0	2720	0	10960	0	0	0	8824	0	0	0	0	0	0	0	0	0	0	0	0	0	0	0	0	0	0	0	0	0	0	0	0	0	0	
73480	Temporal_Pole_Sup_L	0	0	862	0	610	0	704	0	288	0	1736	0	386	0	1654	0	966	0	820	0	1096	0	0	0	0	0	158	0	5634	0	0	0	0	0	0	0	2994	0	678	0	2156	0	0	0	0	0	0	0	0	0	0	0	0	0	1334	0	0	0	0	0	0	0	0	0	0	0	0	0	0	0	260	126	1164	0	0	0	0	0	0	0	2856	0	0	0	5340	0	1770	0	3148	0	0	0	0	0	0	0	0	0	0	0	0	0	0	0	0	0	0	0	0	0	0	0	0	0	0	0	
34268	Temporal_Pole_Sup_R	0	0	0	252	0	0	0	0	0	0	0	406	0	0	0	0	0	420	0	108	0	0	0	0	0	0	0	0	0	1010	0	0	0	0	0	0	0	386	0	612	0	656	0	0	0	0	0	0	0	0	0	0	0	0	0	3416	0	0	0	0	0	0	0	0	0	0	0	0	0	0	0	0	0	274	0	0	0	0	0	0	0	2720	0	0	0	1824	0	1336	0	3714	0	0	0	0	0	0	0	0	0	0	0	0	0	0	0	0	0	0	0	0	0	0	0	0	0	0	
353548	Temporal_Mid_L	270	0	0	0	0	0	0	0	0	0	0	0	0	0	0	0	2166	0	0	0	0	0	0	0	0	0	0	0	2462	0	0	0	0	0	390	0	4264	0	1466	0	0	0	4008	0	1210	0	3132	0	960	0	17976	0	4250	0	1142	0	5594	0	2776	0	3220	0	8894	0	9216	0	7644	0	7214	0	0	0	0	0	0	0	2124	0	3254	0	26806	0	5340	0	0	0	1912	0	49084	0	0	0	0	0	0	0	0	0	0	0	0	0	0	0	0	0	0	0	0	0	0	0	0	0	0	0	
248792	Temporal_Mid_R	0	340	0	0	0	0	0	0	0	0	0	0	0	0	0	0	0	166	0	296	0	0	0	0	0	0	0	0	0	910	0	0	0	0	0	422	0	1432	0	224	0	0	0	2920	0	11616	96	862	0	15160	0	16426	0	1890	0	2114	0	2320	0	748	0	684	0	5288	0	7274	0	11544	0	2214	0	0	0	0	0	0	0	0	0	2042	0	10960	0	1824	0	0	0	532	0	23986	0	0	0	0	0	0	0	0	0	0	0	0	0	0	0	0	0	0	0	0	106	0	0	0	0	0	
10176	Temporal_Pole_Mid_L	0	0	0	0	0	0	0	0	0	0	0	0	0	0	0	0	0	0	0	0	0	0	0	0	0	0	0	0	0	0	0	0	0	0	0	0	0	0	0	0	0	0	0	0	0	0	0	0	0	0	0	0	0	0	212	0	0	0	0	0	0	0	0	0	0	0	0	0	0	0	0	0	0	0	0	0	0	0	0	0	0	0	1770	0	1912	0	0	0	1194	0	0	0	0	0	0	0	0	0	0	0	0	0	0	0	0	0	0	0	0	0	0	0	0	0	0	0	
6788	Temporal_Pole_Mid_R	0	0	0	0	0	0	0	0	0	0	0	0	0	0	0	0	0	0	0	0	0	0	0	0	0	0	0	0	0	0	0	0	0	0	0	0	0	0	0	330	0	0	0	0	0	0	0	0	0	0	0	0	0	0	0	640	0	0	0	0	0	0	0	0	0	0	0	0	0	0	0	0	0	0	0	0	0	0	0	0	0	0	0	1336	0	532	0	0	0	556	0	0	0	0	0	0	0	0	0	0	0	0	0	0	0	0	0	0	0	0	0	0	0	0	0	0	
373300	Temporal_Inf_L	158	0	94	0	0	0	0	0	146	0	0	0	0	0	178	0	1014	0	0	0	0	0	0	0	0	0	0	0	4808	0	0	0	0	0	710	154	14640	118	4170	96	1194	0	1722	0	96	0	1578	0	0	0	4904	0	4196	0	17178	0	3894	0	2412	0	3052	0	6988	0	6572	0	5048	0	5230	0	0	0	1350	0	0	0	2900	0	3036	0	19234	0	3148	0	49084	0	1194	0	0	0	9046	0	1834	0	0	0	402	0	4238	0	488	0	346	0	0	0	0	0	0	0	0	0	0	0	0	0	
221668	Temporal_Inf_R	186	888	0	92	0	0	0	0	0	0	0	96	0	0	0	0	0	464	0	236	0	0	0	0	0	0	0	0	0	3224	0	0	0	0	142	1180	154	6420	0	1186	0	0	0	1768	0	5766	0	1162	0	7100	0	2324	0	3580	0	13440	0	1674	0	178	0	796	0	2530	0	1882	0	9062	116	1566	0	0	0	1028	0	0	158	1188	0	1476	0	8824	0	3714	0	23986	0	556	0	0	0	1712	0	186	0	0	0	0	0	406	0	0	0	220	0	0	0	0	0	0	168	0	0	0	0	0	
550576	Cerebelum_Crus1_L	0	0	0	0	0	0	0	0	0	0	0	0	0	0	0	0	0	0	0	0	0	0	0	0	0	0	0	0	0	0	0	0	0	0	0	0	86	0	214	0	0	0	0	0	0	0	3080	1570	0	0	0	0	254	222	27178	744	0	0	0	0	0	0	0	0	0	0	0	0	0	0	0	0	0	0	0	0	0	0	0	0	0	0	0	0	0	0	0	0	9046	0	0	2960	31722	2904	3502	1654	30486	2338	71512	5780	12848	618	14372	1462	4694	5642	644	1068	1250	2260	8484	9274	6524	3322	5714	1860	
564032	Cerebelum_Crus1_R	0	0	0	0	0	0	0	0	0	0	0	0	0	0	0	0	0	0	0	0	0	0	0	0	0	0	0	0	0	122	0	0	0	0	0	104	0	1170	0	1206	0	0	0	0	0	0	2330	5024	0	0	0	0	154	204	706	19126	0	0	0	0	0	0	0	0	0	0	0	202	0	0	0	0	0	0	0	0	0	150	0	0	0	0	0	0	0	0	0	0	0	1712	2960	0	1574	48790	152	4188	5910	22494	4696	71374	592	11906	134	34372	0	6716	0	606	0	2544	10318	7544	8928	2158	1850	0	
338436	Cerebelum_Crus2_L	0	0	0	0	0	0	0	0	0	0	0	0	0	0	0	0	0	0	0	0	0	0	0	0	0	0	0	0	0	0	0	0	0	0	0	0	0	0	0	0	0	0	0	0	0	0	530	382	0	0	0	0	0	0	888	0	0	0	0	0	0	0	0	0	0	0	0	0	0	0	0	0	0	0	0	0	0	0	0	0	0	0	0	0	0	0	0	0	1834	0	31722	1574	0	15298	124	0	524	0	6450	1110	36754	7936	28010	5042	3622	922	638	296	0	0	0	1202	16454	6122	1554	230	
454132	Cerebelum_Crus2_R	0	0	0	0	0	0	0	0	0	0	0	0	0	0	0	0	0	0	0	0	0	0	0	0	0	0	0	0	0	0	0	0	0	0	0	0	0	0	0	0	0	0	0	0	0	0	1062	1412	0	0	0	0	0	0	314	1378	0	0	0	0	0	0	0	0	0	0	0	0	0	0	0	0	0	0	0	0	0	0	0	0	0	0	0	0	0	0	0	0	0	186	2904	48790	15298	0	0	1450	1850	3422	2366	18462	5802	32434	3398	46784	94	6180	0	298	0	768	2350	2568	19638	6214	1644	0	
75680	Cerebelum_3_L	0	0	0	0	0	0	0	0	0	0	0	0	0	0	0	0	0	0	0	0	0	0	0	0	0	0	0	0	0	0	0	0	0	0	0	0	0	0	354	0	0	0	0	0	0	0	190	132	0	0	0	0	0	0	964	0	0	0	0	0	0	0	0	0	0	0	0	0	0	0	0	0	0	0	0	0	0	0	0	0	0	0	0	0	0	0	0	0	0	0	3502	152	124	0	0	512	11942	194	6074	640	100	0	276	0	3144	474	98	0	2140	3408	2024	696	0	0	378	322	
101296	Cerebelum_3_R	0	0	0	0	0	0	0	0	0	0	0	0	0	0	0	0	0	0	0	0	0	0	0	0	0	0	0	0	0	0	0	0	0	0	0	0	0	84	0	256	0	0	0	0	0	0	352	994	0	0	0	0	0	0	166	282	0	0	0	0	0	0	0	0	0	0	0	0	0	0	0	0	0	0	0	0	0	0	0	0	0	0	0	0	0	0	0	0	0	0	1654	4188	0	1450	512	0	3404	7040	3056	8014	0	150	0	1608	282	3148	0	304	494	4722	3578	1784	472	464	1502	688	
458128	Cerebelum_4_5_L	0	0	0	0	0	0	0	0	0	0	0	0	0	0	0	0	0	0	0	0	0	0	0	0	0	0	0	0	0	0	0	0	0	0	0	0	108	0	774	0	0	0	0	0	0	0	9764	4566	0	0	174	0	120	750	20610	3426	0	0	0	0	0	0	0	0	0	0	0	0	0	0	0	0	0	0	0	0	0	0	0	0	0	0	0	0	0	0	0	0	402	0	30486	5910	524	1850	11942	3404	0	10470	51360	11874	382	240	908	1602	6134	3148	196	0	2696	5790	28010	5936	542	368	2250	2348	
296012	Cerebelum_4_5_R	0	0	0	0	0	0	0	0	0	0	0	0	0	0	0	0	0	0	0	0	0	0	0	0	0	0	0	0	0	0	0	0	0	0	0	0	0	194	0	866	0	0	0	0	0	0	4152	8284	0	0	0	0	0	1850	1012	11704	0	0	0	0	0	0	0	0	0	0	0	558	0	0	0	0	0	0	0	0	0	0	0	0	0	0	0	0	0	0	0	0	0	0	2338	22494	0	3422	194	7040	10470	0	5128	38298	0	160	0	2474	146	2074	0	142	256	2670	17532	1730	842	792	1184	0	
611160	Cerebelum_6_L	0	0	0	0	0	0	0	0	0	0	0	0	0	0	0	0	0	0	0	0	0	0	0	0	0	0	0	0	0	0	0	0	0	0	0	0	0	0	532	0	0	0	228	0	0	0	9916	3322	0	0	930	0	2078	418	36578	1692	0	0	0	0	0	0	0	0	0	0	0	0	0	0	0	0	0	0	0	0	0	0	0	0	0	0	0	0	0	0	0	0	4238	0	71512	4696	6450	2366	6074	3056	51360	5128	0	11382	4696	220	2854	1118	5188	7918	338	962	2282	4214	19700	16670	4612	2708	7206	2938	
586456	Cerebelum_6_R	0	0	0	0	0	0	0	0	0	0	0	0	0	0	0	0	0	0	0	0	0	0	0	0	0	0	0	0	0	102	0	0	0	0	0	0	0	1012	0	1230	0	0	0	150	0	0	4688	10058	0	0	110	0	528	2508	2300	24786	0	0	0	0	0	0	0	0	0	0	0	0	0	0	0	0	0	0	0	0	0	154	0	0	0	0	0	0	0	0	0	0	0	406	5780	71374	1110	18462	640	8014	11874	38298	11382	0	476	2264	102	10878	96	8036	0	692	758	4272	19574	14236	7752	3646	5480	0	
270360	Cerebelum_7b_L	0	0	0	0	0	0	0	0	0	0	0	0	0	0	0	0	0	0	0	0	0	0	0	0	0	0	0	0	0	0	0	0	0	0	0	0	0	0	0	0	0	0	0	0	0	0	0	106	0	0	0	0	0	0	176	0	0	0	0	0	0	0	0	0	0	0	0	0	0	0	0	0	0	0	0	0	0	0	0	0	0	0	0	0	0	0	0	0	488	0	12848	592	36754	5802	100	0	382	0	4696	476	0	6346	37308	5586	6036	1426	608	0	0	0	0	138	5886	8128	1298	0	
246132	Cerebelum_7b_R	0	0	0	0	0	0	0	0	0	0	0	0	0	0	0	0	0	0	0	0	0	0	0	0	0	0	0	0	0	0	0	0	0	0	0	0	0	0	0	0	0	0	0	0	0	0	0	164	0	0	0	0	0	0	0	0	0	0	0	0	0	0	0	0	0	0	0	0	0	0	0	0	0	0	0	0	0	0	0	0	0	0	0	0	0	0	0	0	0	0	618	11906	7936	32434	0	150	240	160	220	2264	6346	0	4632	35112	0	5178	0	0	0	108	310	248	7416	6940	684	0	
292804	Cerebelum_8_L	0	0	0	0	0	0	0	0	0	0	0	0	0	0	0	0	0	0	0	0	0	0	0	0	0	0	0	0	0	0	0	0	0	0	0	0	0	0	0	0	0	0	0	0	0	0	0	0	0	0	0	0	0	0	0	0	0	0	0	0	0	0	0	0	0	0	0	0	0	0	0	0	0	0	0	0	0	0	0	0	0	0	0	0	0	0	0	0	346	0	14372	134	28010	3398	276	0	908	0	2854	102	37308	4632	0	5780	23714	3050	5102	0	0	0	0	0	3846	9348	3090	132	
410568	Cerebelum_8_R	0	0	0	0	0	0	0	0	0	0	0	0	0	0	0	0	0	0	0	0	0	0	0	0	0	0	0	0	0	0	0	0	0	0	0	0	0	0	0	0	0	0	0	0	0	0	204	748	0	0	0	0	0	0	0	898	0	0	0	0	0	0	0	0	0	0	0	0	0	0	0	0	0	0	0	0	0	0	0	0	0	0	0	0	0	0	0	0	0	220	1462	34372	5042	46784	0	1608	1602	2474	1118	10878	5586	35112	5780	0	324	26890	0	812	108	1004	2008	960	8470	8528	2292	0	
142300	Cerebelum_9_L	0	0	0	0	0	0	0	0	0	0	0	0	0	0	0	0	0	0	0	0	0	0	0	0	0	0	0	0	0	0	0	0	0	0	0	0	0	0	0	0	0	0	0	0	0	0	0	0	0	0	0	0	0	0	148	0	0	0	0	0	0	0	0	0	0	0	0	0	0	0	0	0	0	0	0	0	0	0	0	0	0	0	0	0	0	0	0	0	0	0	4694	0	3622	94	3144	282	6134	146	5188	96	6036	0	23714	324	0	2176	7018	0	124	250	1556	1362	442	906	2398	1296	
272640	Cerebelum_9_R	0	0	0	0	0	0	0	0	0	0	0	0	0	0	0	0	0	0	0	0	0	0	0	0	0	0	0	0	0	0	0	0	0	0	0	0	0	0	0	0	0	0	0	0	0	0	278	384	0	0	0	0	102	0	708	202	0	0	0	0	0	0	0	0	0	0	0	0	0	0	0	0	0	0	0	0	0	0	0	0	0	0	0	0	0	0	0	0	0	0	5642	6716	922	6180	474	3148	3148	2074	7918	8036	1426	5178	3050	26890	2176	0	102	3696	1274	2456	3398	10058	5814	8042	13608	3220	
29740	Cerebelum_10_L	0	0	0	0	0	0	0	0	0	0	0	0	0	0	0	0	0	0	0	0	0	0	0	0	0	0	0	0	0	0	0	0	0	0	0	0	0	0	0	0	0	0	0	0	0	0	0	0	0	0	0	0	0	0	0	0	0	0	0	0	0	0	0	0	0	0	0	0	0	0	0	0	0	0	0	0	0	0	0	0	0	0	0	0	0	0	0	0	0	0	644	0	638	0	98	0	196	0	338	0	608	0	5102	0	7018	102	0	0	0	0	0	0	0	0	126	0	
32220	Cerebelum_10_R	0	0	0	0	0	0	0	0	0	0	0	0	0	0	0	0	0	0	0	0	0	0	0	0	0	0	0	0	0	0	0	0	0	0	0	0	0	0	0	0	0	0	0	0	0	0	0	0	0	0	0	0	0	0	0	0	0	0	0	0	0	0	0	0	0	0	0	0	0	0	0	0	0	0	0	0	0	0	0	0	0	0	0	0	0	0	0	0	0	0	1068	606	296	298	0	304	0	142	962	692	0	0	0	812	0	3696	0	0	120	230	0	1488	1608	1680	1892	216	
48456	Vermis_1_2	0	0	0	0	0	0	0	0	0	0	0	0	0	0	0	0	0	0	0	0	0	0	0	0	0	0	0	0	0	0	0	0	0	0	0	0	0	0	98	0	0	0	0	0	0	0	164	0	0	0	0	0	0	0	0	0	0	0	0	0	0	0	0	0	0	0	0	0	0	0	0	0	0	0	0	0	0	0	0	0	0	0	0	0	0	0	0	0	0	0	1250	0	0	0	2140	494	2696	256	2282	758	0	0	0	108	124	1274	0	120	0	7294	2710	1194	0	0	774	492	
104528	Vermis_3	0	0	0	0	0	0	0	0	0	0	0	0	0	0	0	0	0	0	0	0	0	0	0	0	0	0	0	0	0	0	0	0	0	0	0	0	0	0	154	0	0	0	0	0	0	0	326	180	0	0	0	0	0	0	106	0	0	0	0	0	0	0	0	0	0	0	0	0	0	0	0	0	0	0	0	0	0	0	0	0	0	0	0	0	0	0	0	0	0	0	2260	2544	0	768	3408	4722	5790	2670	4214	4272	0	108	0	1004	250	2456	0	230	7294	0	5518	1762	140	148	1182	758	
353764	Vermis_4_5	138	0	0	0	0	0	0	0	0	0	0	0	0	0	0	0	0	0	0	0	0	0	0	0	0	0	0	0	0	0	0	0	0	0	344	1638	336	822	0	482	0	0	138	432	0	266	7378	7680	0	108	342	188	476	1844	4422	5892	0	86	0	0	0	0	0	0	0	0	0	3184	0	84	0	0	0	0	0	0	220	0	0	0	0	0	0	0	0	106	0	0	0	168	8484	10318	0	2350	2024	3578	28010	17532	19700	19574	0	310	0	2008	1556	3398	0	0	2710	5518	0	7394	582	450	2228	2384	
264256	Vermis_6	0	0	0	0	0	0	0	0	0	0	0	0	0	0	0	0	0	0	0	0	0	0	0	0	0	0	0	0	0	0	0	0	0	0	0	0	0	0	0	0	0	0	134	0	0	0	3830	6122	0	0	474	0	1096	450	3404	2146	0	0	0	0	0	0	0	0	0	0	0	0	0	0	0	0	0	0	0	0	0	0	0	0	0	0	0	0	0	0	0	0	0	0	9274	7544	1202	2568	696	1784	5936	1730	16670	14236	138	248	0	960	1362	10058	0	1488	1194	1762	7394	0	8536	4880	10248	4564	
