data	data	314660	102940	1.32283e+06	1.05204e+06	310140	218632	546632	243360	171560	48788	325640	152792	337576	136564	242924	124932	297440	94208	961696	951732	106684	124444	588504	548240	104464	183164	56688	52740	913936	323220	437240	692356	218236	698168	87280	116708	369304	245044	107004	194836	36840	81568	274608	313624	176208	257800	299144	405116	134988	336672	441468	330440	146104	92320	380236	447764	304464	128580	112692	61416	249520	78540	133708	99244	135940	111832	266616	322096	93728	62700	593556	396896	595644	328444	89240	77844	132440	166388	157016	52308	247856	174376	142464	60632	328212	259988	59192	37396	267656	198800	560904	514828	295480	314384	28308	73172	377948	377148	541664	560856	228592	161128	295324	217732	166388	152708	26896	13352	36160	93624	334288	302448	160436	98852	94672	71100	
data	data	Precentral_L	Precentral_R	Frontal_Sup_L	Frontal_Sup_R	Frontal_Sup_Orb_L	Frontal_Sup_Orb_R	Frontal_Mid_L	Frontal_Mid_R	Frontal_Mid_Orb_L	Frontal_Mid_Orb_R	Frontal_Inf_Oper_L	Frontal_Inf_Oper_R	Frontal_Inf_Tri_L	Frontal_Inf_Tri_R	Frontal_Inf_Orb_L	Frontal_Inf_Orb_R	Rolandic_Oper_L	Rolandic_Oper_R	Supp_Motor_Area_L	Supp_Motor_Area_R	Olfactory_L	Olfactory_R	Frontal_Sup_Medial_L	Frontal_Sup_Medial_R	Frontal_Med_Orb_L	Frontal_Med_Orb_R	Rectus_L	Rectus_R	Insula_L	Insula_R	Cingulum_Ant_L	Cingulum_Ant_R	Cingulum_Mid_L	Cingulum_Mid_R	Cingulum_Post_L	Cingulum_Post_R	Hippocampus_L	Hippocampus_R	ParaHippocampal_L	ParaHippocampal_R	Amygdala_L	Amygdala_R	Calcarine_L	Calcarine_R	Cuneus_L	Cuneus_R	Lingual_L	Lingual_R	Occipital_Sup_L	Occipital_Sup_R	Occipital_Mid_L	Occipital_Mid_R	Occipital_Inf_L	Occipital_Inf_R	Fusiform_L	Fusiform_R	Postcentral_L	Postcentral_R	Parietal_Sup_L	Parietal_Sup_R	Parietal_Inf_L	Parietal_Inf_R	SupraMarginal_L	SupraMarginal_R	Angular_L	Angular_R	Precuneus_L	Precuneus_R	Paracentral_Lobule_L	Paracentral_Lobule_R	Caudate_L	Caudate_R	Putamen_L	Putamen_R	Pallidum_L	Pallidum_R	Thalamus_L	Thalamus_R	Heschl_L	Heschl_R	Temporal_Sup_L	Temporal_Sup_R	Temporal_Pole_Sup_L	Temporal_Pole_Sup_R	Temporal_Mid_L	Temporal_Mid_R	Temporal_Pole_Mid_L	Temporal_Pole_Mid_R	Temporal_Inf_L	Temporal_Inf_R	Cerebelum_Crus1_L	Cerebelum_Crus1_R	Cerebelum_Crus2_L	Cerebelum_Crus2_R	Cerebelum_3_L	Cerebelum_3_R	Cerebelum_4_5_L	Cerebelum_4_5_R	Cerebelum_6_L	Cerebelum_6_R	Cerebelum_7b_L	Cerebelum_7b_R	Cerebelum_8_L	Cerebelum_8_R	Cerebelum_9_L	Cerebelum_9_R	Cerebelum_10_L	Cerebelum_10_R	Vermis_1_2	Vermis_3	Vermis_4_5	Vermis_6	Vermis_7	Vermis_8	Vermis_9	Vermis_10	
314660	Precentral_L	0	0	13750	1330	0	0	21818	0	0	0	14058	0	3780	0	0	0	8626	0	8170	3114	0	0	602	238	0	0	0	0	11190	0	114	238	1032	878	2130	114	4206	0	398	0	0	0	412	0	548	0	178	0	0	0	2124	0	1210	0	596	0	28616	0	0	0	5812	0	1246	0	690	0	474	0	4182	0	918	422	4322	0	750	0	922	378	3374	0	1860	0	222	0	1390	0	0	0	898	0	0	0	0	0	0	0	0	0	0	0	0	0	0	0	0	0	0	0	0	0	0	0	0	0	0	0	
102940	Precentral_R	0	0	308	11024	0	0	0	6962	0	0	0	2836	0	0	0	0	0	660	320	3690	0	0	0	0	0	0	0	0	0	652	0	0	0	626	0	140	0	1536	0	0	0	0	0	0	0	120	0	0	0	190	0	628	0	0	0	0	0	9940	0	0	0	1628	0	2558	0	194	0	562	0	1676	794	136	118	552	0	0	956	424	0	122	0	392	0	0	0	1054	0	0	0	672	0	0	0	0	0	0	0	0	0	0	0	0	0	0	0	0	0	0	0	0	0	0	0	0	0	0	
1.32283e+06	Frontal_Sup_L	13750	308	0	20234	20942	1534	69300	1714	5014	150	12784	564	18092	616	8784	314	7792	0	109124	30488	940	684	52262	14502	5198	532	0	0	51122	366	21092	19732	7578	25314	1212	318	20352	0	878	0	0	0	0	0	0	0	0	0	0	0	0	0	230	0	1500	0	2974	0	0	0	298	0	0	0	0	0	0	0	596	0	27018	3042	49358	822	6044	396	16226	1262	3332	0	1102	0	1848	0	194	0	0	0	1586	0	0	0	0	0	0	0	0	0	0	0	0	0	0	0	0	0	0	0	0	0	0	0	0	0	0	0	
1.05204e+06	Frontal_Sup_R	1330	11024	20234	0	1788	11594	1716	32828	346	700	5314	9332	1114	6344	632	4040	3258	4812	25272	85986	312	1640	14076	44140	488	8374	0	0	7768	13086	7668	43416	2610	38984	424	802	1178	5320	1074	1154	0	0	0	132	0	180	0	634	0	206	0	730	0	0	0	998	636	2146	0	0	0	674	0	634	0	146	110	942	124	188	23732	26602	3158	17118	532	4394	2026	13844	190	0	114	1374	1436	572	0	1404	0	0	0	864	0	0	0	0	0	0	0	0	0	0	0	0	0	0	0	0	0	0	0	0	0	0	0	0	0	0	
310140	Frontal_Sup_Orb_L	0	0	20942	1788	0	0	2608	0	19064	0	848	0	1628	0	13246	0	492	0	7118	1896	924	0	12754	1218	11198	276	5592	0	11168	0	8506	1696	730	1194	0	0	762	0	0	0	138	0	0	0	0	0	0	0	0	0	0	0	0	0	200	0	0	0	0	0	0	0	0	0	0	0	0	0	0	0	9894	242	17310	0	0	0	0	0	0	0	0	0	1342	0	0	0	0	0	296	0	0	0	0	0	0	0	0	0	0	0	0	0	0	0	0	0	0	0	0	0	0	0	0	0	0	0	
218632	Frontal_Sup_Orb_R	0	0	1534	11594	0	0	124	1708	0	6488	282	336	0	1456	0	7002	0	0	1956	5988	500	1594	1864	9166	522	12768	184	5972	288	3124	1372	9984	608	3614	0	0	0	120	0	0	0	0	0	0	0	0	0	0	0	0	0	0	0	0	0	0	0	0	0	0	0	0	0	0	0	0	0	0	0	0	2408	10298	218	5596	0	206	0	198	0	0	0	244	0	0	0	0	0	0	0	0	0	0	0	0	0	0	0	0	0	0	0	0	0	0	0	0	0	0	0	0	0	0	0	0	0	0	
546632	Frontal_Mid_L	21818	0	69300	1716	2608	124	0	162	3892	0	10576	0	40494	0	5368	0	3660	0	11852	1970	0	0	18686	2842	118	0	0	0	34986	0	6298	2230	1702	2732	464	0	9134	0	368	0	0	0	0	0	0	0	0	0	0	0	240	0	330	0	524	0	2948	0	0	0	694	0	0	0	0	0	0	0	0	0	2480	390	7814	0	610	0	188	132	2810	0	260	0	284	0	0	0	0	0	512	0	0	0	0	0	0	0	0	0	0	0	0	0	0	0	0	0	0	0	0	0	0	0	0	0	0	0	
243360	Frontal_Mid_R	0	6962	1714	32828	0	1708	162	0	0	1946	728	6262	176	12660	0	2666	330	210	2438	5526	0	0	2562	9424	0	242	0	0	850	5120	1692	9646	504	7004	0	0	0	1100	0	0	0	0	0	0	0	0	0	0	0	0	0	0	0	0	0	0	0	614	0	0	0	158	0	212	0	0	0	0	0	0	988	302	138	2498	0	246	448	1274	0	0	0	138	204	0	0	0	0	0	0	0	0	0	0	0	0	0	0	0	0	0	0	0	0	0	0	0	0	0	0	0	0	0	0	0	0	0	
171560	Frontal_Mid_Orb_L	0	0	5014	346	19064	0	3892	0	0	0	340	0	4110	0	18700	0	392	0	1690	490	146	0	1430	184	2272	0	3322	0	8902	0	1962	226	0	288	0	0	168	0	0	0	0	0	0	0	0	0	0	0	0	0	0	0	0	0	0	0	0	0	0	0	0	0	0	0	0	0	0	0	0	0	3618	0	8038	0	0	0	0	0	0	0	0	0	1186	0	0	0	0	0	0	0	0	0	0	0	0	0	0	0	0	0	0	0	0	0	0	0	0	0	0	0	0	0	0	0	0	0	
48788	Frontal_Mid_Orb_R	0	0	150	700	0	6488	0	1946	0	0	0	0	0	970	0	7334	0	0	234	382	0	148	200	532	0	190	0	578	0	2202	0	476	0	458	0	0	0	0	0	0	0	0	0	0	0	0	0	0	0	0	0	0	0	0	0	0	0	0	0	0	0	0	0	0	0	0	0	0	0	0	0	546	0	860	0	0	0	0	0	0	0	0	0	0	0	0	0	0	0	0	0	0	0	0	0	0	0	0	0	0	0	0	0	0	0	0	0	0	0	0	0	0	0	0	0	0	
325640	Frontal_Inf_Oper_L	14058	0	12784	5314	848	282	10576	728	340	0	0	432	16158	470	1278	282	14770	0	8864	7216	0	0	4604	2940	206	0	0	0	25278	144	1404	1970	130	4838	0	0	1690	0	0	0	0	0	0	0	0	0	0	0	0	0	0	0	218	0	350	0	7484	0	0	0	730	0	166	0	0	0	0	0	0	0	5674	0	1490	0	0	0	0	0	2976	0	1880	0	3584	0	144	0	0	0	520	0	0	0	0	0	0	0	0	0	0	0	0	0	0	0	0	0	0	0	0	0	0	0	0	0	0	0	
152792	Frontal_Inf_Oper_R	0	2836	564	9332	0	336	0	6262	0	0	432	0	150	9936	0	238	206	3978	548	6976	0	0	0	648	0	800	0	0	440	12516	0	974	0	588	0	0	0	1330	0	124	0	0	0	0	0	0	0	0	0	0	0	0	0	0	0	0	0	2750	0	0	0	358	0	810	0	0	0	0	0	0	2802	1752	528	5198	0	112	188	468	0	158	0	1206	142	710	0	0	0	0	0	0	0	0	0	0	0	0	0	0	0	0	0	0	0	0	0	0	0	0	0	0	0	0	0	0	0	0	
337576	Frontal_Inf_Tri_L	3780	0	18092	1114	1628	0	40494	176	4110	0	16158	150	0	164	14872	0	3280	0	3264	1328	0	0	5558	1068	146	0	0	0	36470	0	2826	1240	644	1484	0	0	2332	0	0	0	0	0	0	0	0	0	0	0	0	0	0	0	0	0	288	0	856	0	0	0	0	0	0	0	0	0	0	0	0	0	1404	0	2336	0	0	0	0	0	1426	0	554	0	1146	0	0	0	0	0	400	0	0	0	0	0	0	0	0	0	0	0	0	0	0	0	0	0	0	0	0	0	0	0	0	0	0	0	
136564	Frontal_Inf_Tri_R	0	0	616	6344	0	1456	0	12660	0	970	470	9936	164	0	0	3444	204	286	726	2926	0	0	392	1616	0	734	0	0	478	14212	0	1898	0	1524	0	0	0	296	0	0	0	0	0	0	0	0	0	0	0	0	0	0	0	0	0	0	0	0	0	0	0	0	0	0	0	0	0	0	0	0	1862	1174	408	2878	0	0	0	0	0	0	0	466	142	0	0	0	0	0	0	0	0	0	0	0	0	0	0	0	0	0	0	0	0	0	0	0	0	0	0	0	0	0	0	0	0	0	
242924	Frontal_Inf_Orb_L	0	0	8784	632	13246	0	5368	0	18700	0	1278	0	14872	0	0	0	518	0	3062	828	992	0	2662	412	112	0	740	0	27834	0	1948	1040	458	860	0	0	516	0	366	0	344	0	0	0	0	0	0	0	0	0	0	0	0	0	0	0	0	0	0	0	0	0	0	0	0	0	0	0	0	0	1608	0	10862	0	0	0	0	0	0	0	0	0	3420	0	0	0	0	0	0	0	0	0	0	0	0	0	0	0	0	0	0	0	0	0	0	0	0	0	0	0	0	0	0	0	0	0	
124932	Frontal_Inf_Orb_R	0	0	314	4040	0	7002	0	2666	0	7334	282	238	0	3444	0	0	134	0	1044	2438	0	1344	794	2228	0	438	0	1374	288	12912	0	1752	0	2020	0	0	0	150	0	290	0	298	0	0	0	0	0	0	0	0	0	0	0	0	0	0	0	0	0	0	0	0	0	0	0	0	0	0	0	0	202	1598	0	6138	0	158	0	0	0	0	0	590	0	956	0	0	0	0	0	0	0	0	0	0	0	0	0	0	0	0	0	0	0	0	0	0	0	0	0	0	0	0	0	0	0	0	
297440	Rolandic_Oper_L	8626	0	7792	3258	492	0	3660	330	392	0	14770	206	3280	204	518	134	0	0	5824	4954	0	0	1676	1188	0	0	0	0	27410	0	134	820	0	2830	0	260	2384	0	152	0	0	0	0	0	0	0	0	0	0	0	1082	0	852	0	464	0	12530	0	0	0	4994	0	4330	0	456	0	0	0	0	0	3290	0	1714	0	0	0	342	308	8068	0	9910	0	3726	0	3236	0	0	0	2124	0	0	0	0	0	0	0	0	0	0	0	0	0	0	0	0	0	0	0	0	0	0	0	0	0	0	0	
94208	Rolandic_Oper_R	0	660	0	4812	0	0	0	210	0	0	0	3978	0	286	0	0	0	0	330	3044	0	0	0	166	0	192	0	0	0	11066	0	190	0	112	0	0	0	1088	0	0	0	0	0	0	0	0	0	0	0	0	0	266	0	0	0	0	0	3128	0	0	0	1534	0	3074	0	326	0	0	0	0	256	304	0	2234	0	0	0	0	0	2958	0	5022	0	1114	0	380	0	0	0	374	0	0	0	0	0	0	0	0	0	0	0	0	0	0	0	0	0	0	0	0	0	0	0	0	0	0	
961696	Supp_Motor_Area_L	8170	320	109124	25272	7118	1956	11852	2438	1690	234	8864	548	3264	726	3062	1044	5824	330	0	46210	912	662	16248	10984	1206	1242	0	0	26566	1178	7516	15612	10010	27970	2376	304	15298	0	388	0	0	0	0	0	0	0	0	0	0	0	172	0	0	0	582	0	2798	0	0	0	288	0	130	0	120	0	0	112	3322	142	23256	4692	39228	1580	5372	384	16270	1036	1302	0	960	0	1528	0	236	0	0	0	820	0	0	0	0	0	0	0	0	0	0	0	0	0	0	0	0	0	0	0	0	0	0	0	0	0	0	0	
951732	Supp_Motor_Area_R	3114	3690	30488	85986	1896	5988	1970	5526	490	382	7216	6976	1328	2926	828	2438	4954	3044	46210	0	298	1438	8314	19554	326	6358	0	0	10382	7580	2930	24078	6908	53906	728	2866	1196	562	502	156	0	0	0	378	0	678	0	224	0	796	0	462	0	0	0	164	1176	1356	0	0	220	442	0	288	0	110	384	3074	3096	8568	25652	27570	4478	9980	596	2740	2446	13590	394	0	408	634	1586	390	0	248	0	0	0	206	0	0	0	0	0	0	0	0	0	0	0	0	0	0	0	0	0	0	0	0	0	0	0	0	0	0	
106684	Olfactory_L	0	0	940	312	924	500	0	0	146	0	0	0	0	0	992	0	0	0	912	298	0	6188	0	0	686	1360	1314	862	2232	0	4040	2234	0	0	0	0	784	0	754	0	906	0	0	0	0	0	0	0	0	0	0	0	0	0	158	0	0	0	0	0	0	0	0	0	0	0	0	0	0	0	9452	4142	6038	1752	3308	1210	0	256	0	0	0	0	642	0	0	0	0	0	0	0	0	0	0	0	0	0	0	0	0	0	0	0	0	0	0	0	0	0	0	0	0	0	0	0	0	0	
124444	Olfactory_R	0	0	684	1640	0	1594	0	0	0	148	0	0	0	0	0	1344	0	0	662	1438	6188	0	0	0	0	2426	0	3280	252	2090	2152	3136	0	0	0	0	0	828	0	1380	0	2136	0	0	0	0	0	0	0	0	0	0	0	0	0	528	0	0	0	0	0	0	0	0	0	0	0	0	0	0	8002	9052	2288	4800	2360	2942	0	386	0	0	0	0	0	486	0	0	0	0	0	0	0	0	0	0	0	0	0	0	0	0	0	0	0	0	0	0	0	0	0	0	0	0	0	0	0	0	
588504	Frontal_Sup_Medial_L	602	0	52262	14076	12754	1864	18686	2562	1430	200	4604	0	5558	392	2662	794	1676	0	16248	8314	0	0	0	33554	7986	1156	192	0	11284	494	32246	23520	9988	19888	0	0	682	0	0	0	0	0	0	0	0	0	0	0	0	0	0	0	0	0	0	0	0	0	0	0	0	0	0	0	0	0	0	0	0	0	4484	0	2838	0	0	0	0	0	352	0	0	0	784	0	0	0	0	0	120	0	0	0	0	0	0	0	0	0	0	0	0	0	0	0	0	0	0	0	0	0	0	0	0	0	0	0	
548240	Frontal_Sup_Medial_R	238	0	14502	44140	1218	9166	2842	9424	184	532	2940	648	1068	1616	412	2228	1188	166	10984	19554	0	0	33554	0	1014	5924	0	0	3748	2842	14342	43416	4072	30414	0	0	0	0	0	0	0	0	0	0	0	0	0	0	0	0	0	0	0	0	0	0	0	0	0	0	0	0	0	0	0	0	0	0	0	0	3706	4474	882	1752	0	0	0	0	0	0	0	268	662	0	0	0	0	0	0	0	0	0	0	0	0	0	0	0	0	0	0	0	0	0	0	0	0	0	0	0	0	0	0	0	0	0	
104464	Frontal_Med_Orb_L	0	0	5198	488	11198	522	118	0	2272	0	206	0	146	0	112	0	0	0	1206	326	686	0	7986	1014	0	2316	3436	408	474	0	6772	790	254	306	0	0	0	0	0	0	0	0	0	0	0	0	0	0	0	0	0	0	0	0	0	0	0	0	0	0	0	0	0	0	0	0	0	0	0	0	3056	0	2942	0	0	0	0	0	0	0	0	0	0	0	0	0	0	0	0	0	0	0	0	0	0	0	0	0	0	0	0	0	0	0	0	0	0	0	0	0	0	0	0	0	0	0	
183164	Frontal_Med_Orb_R	0	0	532	8374	276	12768	0	242	0	190	0	800	0	734	0	438	0	192	1242	6358	1360	2426	1156	5924	2316	0	1430	5674	242	1030	3636	12406	0	624	0	0	0	0	0	0	0	0	0	0	0	0	0	0	0	0	0	0	0	0	0	0	0	0	0	0	0	0	0	0	0	0	0	0	0	0	2474	12504	712	4816	244	352	110	0	0	0	0	0	0	0	0	0	0	0	0	0	0	0	0	0	0	0	0	0	0	0	0	0	0	0	0	0	0	0	0	0	0	0	0	0	0	0	
56688	Rectus_L	0	0	0	0	5592	184	0	0	3322	0	0	0	0	0	740	0	0	0	0	0	1314	0	192	0	3436	1430	0	1088	366	0	1652	0	0	0	0	0	0	0	0	0	146	0	0	0	0	0	0	0	0	0	0	0	0	0	0	0	0	0	0	0	0	0	0	0	0	0	0	0	0	0	4382	0	4352	0	148	0	0	0	0	0	0	0	0	0	0	0	0	0	0	0	0	0	0	0	0	0	0	0	0	0	0	0	0	0	0	0	0	0	0	0	0	0	0	0	0	0	
52740	Rectus_R	0	0	0	0	0	5972	0	0	0	578	0	0	0	0	0	1374	0	0	0	0	862	3280	0	0	408	5674	1088	0	0	274	0	452	0	0	0	0	0	0	0	166	0	118	0	0	0	0	0	0	0	0	0	0	0	0	0	0	0	0	0	0	0	0	0	0	0	0	0	0	0	0	774	3300	134	1646	156	114	0	0	0	0	0	0	0	0	0	0	0	0	0	0	0	0	0	0	0	0	0	0	0	0	0	0	0	0	0	0	0	0	0	0	0	0	0	0	0	0	
913936	Insula_L	11190	0	51122	7768	11168	288	34986	850	8902	0	25278	440	36470	478	27834	288	27410	0	26566	10382	2232	252	11284	3748	474	242	366	0	0	174	4734	4024	996	7478	184	120	28558	0	2344	0	1568	0	0	0	0	0	0	0	0	0	416	0	1344	0	5278	0	8046	0	0	0	3598	0	1944	0	212	0	0	0	0	0	10332	436	31456	0	0	0	478	204	15780	0	9426	0	7160	0	3346	0	354	0	6960	0	0	0	0	0	0	0	0	0	0	0	0	0	0	0	0	0	0	0	0	0	0	0	0	0	0	0	
323220	Insula_R	0	652	366	13086	0	3124	0	5120	0	2202	144	12516	0	14212	0	12912	0	11066	1178	7580	0	2090	494	2842	0	1030	0	274	174	0	0	2868	0	1578	0	0	0	7286	0	1284	0	1374	0	0	0	0	0	142	0	130	0	624	0	0	0	2122	0	838	0	0	0	638	0	796	0	246	0	0	0	0	1038	2896	196	23962	0	1136	114	334	0	4360	0	9780	0	2126	0	2662	0	0	0	2018	0	0	0	0	0	0	0	0	0	0	0	0	0	0	0	0	0	0	0	0	0	0	0	0	0	0	
437240	Cingulum_Ant_L	114	0	21092	7668	8506	1372	6298	1692	1962	0	1404	0	2826	0	1948	0	134	0	7516	2930	4040	2152	32246	14342	6772	3636	1652	0	4734	0	0	27288	10538	9380	0	0	628	0	0	0	0	0	0	0	0	0	0	0	0	0	0	0	0	0	0	0	0	0	0	0	0	0	0	0	0	0	0	0	0	0	16280	3100	10132	2024	2336	1074	196	0	480	0	128	0	0	0	0	0	0	0	0	0	0	0	0	0	0	0	0	0	0	0	0	0	0	0	0	0	0	0	0	0	0	0	0	0	0	0	
692356	Cingulum_Ant_R	238	0	19732	43416	1696	9984	2230	9646	226	476	1970	974	1240	1898	1040	1752	820	190	15612	24078	2234	3136	23520	43416	790	12406	0	452	4024	2868	27288	0	6874	39524	0	0	336	0	0	0	0	0	0	0	0	0	0	0	0	0	0	0	0	0	0	0	0	0	0	0	0	0	0	0	0	0	0	0	0	0	12212	16114	3430	5984	1726	1732	0	0	150	0	0	310	434	0	0	0	0	0	0	0	0	0	0	0	0	0	0	0	0	0	0	0	0	0	0	0	0	0	0	0	0	0	0	0	0	0	
218236	Cingulum_Mid_L	1032	0	7578	2610	730	608	1702	504	0	0	130	0	644	0	458	0	0	0	10010	6908	0	0	9988	4072	254	0	0	0	996	0	10538	6874	0	15434	6142	964	0	0	0	0	0	0	568	0	982	0	0	0	972	206	3506	0	0	0	0	0	188	0	1020	0	820	0	0	0	146	0	5002	1248	3186	1080	760	144	380	0	0	0	114	208	0	0	0	0	0	0	236	0	0	0	0	176	0	0	0	0	0	0	0	0	0	0	0	0	0	0	0	0	0	0	0	0	0	0	0	0	0	0	
698168	Cingulum_Mid_R	878	626	25314	38984	1194	3614	2732	7004	288	458	4838	588	1484	1524	860	2020	2830	112	27970	53906	0	0	19888	30414	306	624	0	0	7478	1578	9380	39524	15434	0	1052	4920	336	586	0	0	0	0	0	534	0	1104	0	114	0	1336	0	722	0	0	0	136	0	248	0	0	0	0	0	0	0	0	1452	8024	2132	6234	11948	1006	1446	0	0	0	0	860	140	0	110	0	1318	0	0	532	0	0	0	724	0	0	0	0	0	0	0	0	0	0	0	0	0	0	0	0	0	0	0	0	220	0	0	0	0	0	
87280	Cingulum_Post_L	2130	0	1212	424	0	0	464	0	0	0	0	0	0	0	0	0	0	0	2376	728	0	0	0	0	0	0	0	0	184	0	0	0	6142	1052	0	4318	1220	652	606	0	0	0	1870	0	532	0	1134	0	836	0	2464	0	1100	0	342	0	0	0	148	0	414	0	298	0	336	0	5378	1086	1566	0	0	614	336	0	0	0	898	1950	0	0	0	0	0	0	178	374	0	0	0	278	0	0	0	0	0	0	0	0	0	0	0	0	0	0	0	0	0	0	0	0	0	0	0	0	0	0	
116708	Cingulum_Post_R	114	140	318	802	0	0	0	0	0	0	0	0	0	0	0	0	260	0	304	2866	0	0	0	0	0	0	0	0	120	0	0	0	964	4920	4318	0	896	3460	406	888	0	0	0	1310	0	2450	0	1042	0	2162	0	2026	0	120	0	0	172	0	0	0	246	0	0	0	0	0	3150	11132	154	752	0	740	774	0	0	0	1978	4374	0	0	0	0	0	0	0	2264	0	0	0	1746	0	0	0	0	0	0	0	0	0	0	0	0	0	0	0	0	0	0	0	0	986	0	0	0	0	0	
369304	Hippocampus_L	4206	0	20352	1178	762	0	9134	0	168	0	1690	0	2332	0	516	0	2384	0	15298	1196	784	0	682	0	0	0	0	0	28558	0	628	336	0	336	1220	896	0	338	12184	126	5918	0	704	0	0	0	1698	702	0	0	0	0	1170	0	11782	0	1688	0	0	0	476	0	244	0	0	0	1338	0	0	0	1530	454	19646	178	344	0	2970	2422	8772	0	3298	0	1934	0	1048	290	842	0	9658	242	0	0	0	0	0	0	0	0	0	0	0	0	0	0	0	0	0	0	0	0	0	0	0	0	0	0	
245044	Hippocampus_R	0	1536	0	5320	0	120	0	1100	0	0	0	1330	0	296	0	150	0	1088	0	562	0	828	0	0	0	0	0	0	0	7286	0	0	0	586	652	3460	338	0	412	21550	0	12418	0	1006	0	230	0	6098	0	208	0	752	0	232	0	19536	0	334	0	0	0	154	0	278	0	122	0	4130	0	0	156	238	0	11272	0	1814	334	2636	0	718	0	2020	0	974	0	1454	0	262	0	6924	0	216	0	0	0	0	0	888	0	216	0	0	0	0	0	0	0	0	0	0	288	0	0	0	0	0	
107004	ParaHippocampal_L	398	0	878	1074	0	0	368	0	0	0	0	0	0	0	366	0	152	0	388	502	754	0	0	0	0	0	0	0	2344	0	0	0	0	0	606	406	12184	412	0	144	2220	0	728	0	0	0	4358	868	0	0	326	0	1482	0	9262	0	118	0	0	0	0	0	0	0	0	0	1294	0	0	0	0	0	1860	172	404	0	494	2090	968	0	388	0	946	0	0	188	668	0	1516	154	360	0	0	0	472	0	534	0	356	0	0	0	0	0	0	0	0	0	0	300	0	0	0	0	0	0	
194836	ParaHippocampal_R	0	0	0	1154	0	0	0	0	0	0	0	124	0	0	0	290	0	0	0	156	0	1380	0	0	0	0	0	166	0	1284	0	0	0	0	0	888	126	21550	144	0	0	9102	0	1500	0	554	0	10870	0	332	0	570	0	1036	0	21894	0	0	0	0	0	0	0	0	0	0	0	3154	0	0	0	264	0	3764	0	1282	0	572	0	0	0	150	0	2966	0	246	0	2666	0	3054	0	1198	0	0	0	0	0	2908	0	1794	0	0	0	0	0	0	0	0	0	0	146	134	0	0	0	0	
36840	Amygdala_L	0	0	0	0	138	0	0	0	0	0	0	0	0	0	344	0	0	0	0	0	906	0	0	0	0	0	146	0	1568	0	0	0	0	0	0	0	5918	0	2220	0	0	0	0	0	0	0	0	0	0	0	0	0	0	0	2266	0	0	0	0	0	0	0	0	0	0	0	0	0	0	0	204	0	694	0	0	0	0	0	0	0	148	0	1748	0	478	0	932	0	710	0	0	0	0	0	0	0	0	0	0	0	0	0	0	0	0	0	0	0	0	0	0	0	0	0	0	0	
81568	Amygdala_R	0	0	0	0	0	0	0	0	0	0	0	0	0	0	0	298	0	0	0	0	0	2136	0	0	0	0	0	118	0	1374	0	0	0	0	0	0	0	12418	0	9102	0	0	0	0	0	0	0	654	0	0	0	0	0	0	0	7684	0	0	0	0	0	0	0	0	0	0	0	0	0	0	0	0	0	1454	0	0	0	0	0	0	0	0	0	2032	0	0	0	660	0	1920	0	142	0	0	0	0	0	632	0	160	0	0	0	0	0	0	0	0	0	0	0	0	0	0	0	0	
274608	Calcarine_L	412	0	0	0	0	0	0	0	0	0	0	0	0	0	0	0	0	0	0	0	0	0	0	0	0	0	0	0	0	0	0	0	568	0	1870	0	704	0	728	0	0	0	0	11838	16358	8472	13200	4816	12746	4750	27894	220	2142	0	1812	286	2290	0	1624	0	1868	0	126	0	1674	0	15384	718	2200	0	0	0	0	0	0	0	0	0	0	0	0	0	0	0	1630	0	0	0	0	0	0	0	0	0	0	0	296	226	136	0	0	0	0	0	0	0	0	0	0	0	316	0	0	0	0	0	
313624	Calcarine_R	0	0	0	132	0	0	0	0	0	0	0	0	0	0	0	0	0	0	0	378	0	0	0	0	0	0	0	0	0	0	0	0	0	534	0	1310	0	1006	0	1500	0	0	11838	0	2478	24406	730	25530	404	25830	340	19916	110	4114	274	6738	0	0	0	0	0	0	0	0	0	0	874	16394	0	274	0	0	0	0	0	0	0	224	0	0	0	0	0	0	0	5214	0	0	0	1538	0	342	0	0	0	0	240	1066	486	500	0	0	0	0	0	0	0	0	0	0	1748	344	0	0	0	0	
176208	Cuneus_L	548	0	0	0	0	0	0	0	0	0	0	0	0	0	0	0	0	0	0	0	0	0	0	0	0	0	0	0	0	0	0	0	982	0	532	0	0	0	0	0	0	0	16358	2478	0	5512	644	346	15608	1410	16908	0	472	0	308	148	2326	0	2530	0	2100	0	306	0	1766	0	12810	514	2378	0	0	0	0	0	0	0	0	0	0	0	0	0	0	0	1002	0	0	0	118	0	0	0	0	0	0	0	0	0	0	0	0	0	0	0	0	0	0	0	0	0	0	0	0	0	0	0	
257800	Cuneus_R	0	120	0	180	0	0	0	0	0	0	0	0	0	0	0	0	0	0	0	678	0	0	0	0	0	0	0	0	0	0	0	0	0	1104	0	2450	0	230	0	554	0	0	8472	24406	5512	0	0	7140	652	31630	216	9306	0	358	0	1784	0	0	0	1386	0	0	0	0	0	0	5088	22608	0	552	0	0	0	0	0	0	0	146	0	0	0	0	0	0	0	2620	0	0	0	1406	0	0	0	0	0	0	0	0	0	0	0	0	0	0	0	0	0	0	0	0	302	0	0	0	0	0	
299144	Lingual_L	178	0	0	0	0	0	0	0	0	0	0	0	0	0	0	0	0	0	0	0	0	0	0	0	0	0	0	0	0	0	0	0	0	0	1134	0	1698	0	4358	0	0	0	13200	730	644	0	0	7618	3378	164	17414	382	8884	566	19144	3456	0	0	0	0	0	0	0	0	0	0	4048	0	0	0	0	0	0	0	0	0	0	168	0	0	0	0	0	0	244	0	0	0	402	0	4098	806	300	0	0	192	12596	7228	14874	4188	0	0	0	0	0	744	0	0	284	348	10310	4752	0	0	206	836	
405116	Lingual_R	0	0	0	634	0	0	0	0	0	0	0	0	0	0	0	0	0	0	0	224	0	0	0	0	0	0	0	0	0	142	0	0	0	114	0	1042	702	6098	868	10870	0	654	4816	25530	346	7140	7618	0	0	9312	486	10794	880	8512	3514	28698	0	0	0	0	0	0	0	0	0	0	0	6782	0	0	0	0	0	868	0	306	0	1110	0	0	0	0	0	0	0	642	0	0	0	1538	3620	2832	552	0	138	0	5122	10150	10558	9954	0	0	0	0	258	0	0	0	126	584	10210	8214	0	0	0	0	
134988	Occipital_Sup_L	0	0	0	0	0	0	0	0	0	0	0	0	0	0	0	0	0	0	0	0	0	0	0	0	0	0	0	0	0	0	0	0	972	0	836	0	0	0	0	0	0	0	12746	404	15608	652	3378	0	0	0	21904	0	468	0	502	0	0	0	2454	0	228	0	140	0	260	0	5978	210	0	0	0	0	0	0	0	0	0	0	0	0	0	0	0	0	754	0	0	0	0	0	0	0	0	0	0	0	0	0	0	0	0	0	0	0	0	0	0	0	0	0	0	0	0	0	0	0	
336672	Occipital_Sup_R	0	190	0	206	0	0	0	0	0	0	0	0	0	0	0	0	0	0	0	796	0	0	0	0	0	0	0	0	0	130	0	0	206	1336	0	2162	0	208	0	332	0	0	4750	25830	1410	31630	164	9312	0	0	0	31334	0	1284	0	3636	0	938	0	4610	0	704	0	658	0	7924	3186	21022	0	974	0	0	0	0	0	0	0	0	0	180	0	1318	0	0	0	8610	0	0	0	2340	0	0	0	0	0	0	0	210	180	186	0	0	0	0	0	0	0	0	0	0	380	0	0	0	0	0	
441468	Occipital_Mid_L	2124	0	0	0	0	0	240	0	0	0	0	0	0	0	0	0	1082	0	172	0	0	0	0	0	0	0	0	0	416	0	0	0	3506	0	2464	0	0	0	326	0	0	0	27894	340	16908	216	17414	486	21904	0	0	0	17446	0	9056	304	4402	0	9408	0	13358	0	1464	0	17694	0	15602	0	3958	0	0	112	0	0	0	0	0	0	506	0	2038	0	0	0	22666	0	0	0	2796	0	0	0	0	0	0	0	1116	800	1120	238	0	0	0	0	0	0	0	0	0	0	956	202	0	0	0	0	
330440	Occipital_Mid_R	0	628	0	730	0	0	0	0	0	0	0	0	0	0	0	0	0	266	0	462	0	0	0	0	0	0	0	0	0	624	0	0	0	722	0	2026	0	752	0	570	0	0	220	19916	0	9306	382	10794	0	31334	0	0	0	5466	252	5534	0	1358	0	2254	0	3026	0	3482	0	18170	1258	11950	0	354	0	0	0	0	0	0	0	192	0	586	0	3036	0	0	0	22500	0	0	0	4828	0	0	0	0	0	0	190	556	466	266	0	0	0	0	0	0	0	0	0	0	582	182	0	0	0	0	
146104	Occipital_Inf_L	1210	0	230	0	0	0	330	0	0	0	218	0	0	0	0	0	852	0	0	0	0	0	0	0	0	0	0	0	1344	0	0	0	0	0	1100	0	1170	0	1482	0	0	0	2142	110	472	0	8884	880	468	0	17446	0	0	0	12116	588	236	0	0	0	334	0	342	0	738	0	686	0	218	0	0	0	240	0	0	0	0	0	2382	0	954	0	0	0	3604	0	0	0	4864	0	196	192	0	0	0	0	1294	1186	1998	622	0	0	0	0	0	0	0	0	0	0	1514	410	0	0	0	0	
92320	Occipital_Inf_R	0	0	0	0	0	0	0	0	0	0	0	0	0	0	0	0	0	0	0	0	0	0	0	0	0	0	0	0	0	0	0	0	0	0	0	120	0	232	0	1036	0	0	0	4114	0	358	566	8512	0	1284	0	5466	0	0	222	11352	0	0	0	0	0	0	0	0	0	152	0	732	0	0	0	0	0	0	0	0	0	0	0	112	0	162	0	0	0	1090	0	0	0	3766	242	150	0	0	0	0	0	598	1048	2694	0	0	0	0	0	0	0	0	0	0	314	1838	0	0	0	0	
380236	Fusiform_L	596	0	1500	0	200	0	524	0	0	0	350	0	288	0	0	0	464	0	582	0	158	0	0	0	0	0	0	0	5278	0	0	0	0	0	342	0	11782	0	9262	0	2266	0	1812	274	308	0	19144	3514	502	0	9056	252	12116	222	0	2508	242	0	0	0	0	0	0	0	0	0	916	0	0	0	0	0	2334	0	0	0	0	0	2132	0	2504	0	3252	0	3634	0	2972	0	17752	0	15664	726	0	0	0	0	14968	4114	23832	3114	0	0	228	0	0	200	0	0	0	0	5810	2222	0	0	0	202	
447764	Fusiform_R	0	0	0	998	0	0	0	0	0	0	0	0	0	0	0	0	0	0	0	164	0	528	0	0	0	0	0	0	0	2122	0	0	0	136	0	0	0	19536	0	21894	0	7684	286	6738	148	1784	3456	28698	0	3636	304	5534	588	11352	2508	0	0	130	0	0	0	0	0	0	0	0	0	1788	0	154	0	0	0	3436	0	892	0	0	0	114	0	2128	0	3078	0	2398	0	3038	0	14738	2156	9010	0	264	134	508	3410	15986	6094	18908	0	0	0	0	312	242	0	0	0	2090	9166	5216	0	0	228	170	
304464	Postcentral_L	28616	0	2974	636	0	0	2948	0	0	0	7484	0	856	0	0	0	12530	0	2798	1176	0	0	0	0	0	0	0	0	8046	0	0	0	188	0	0	172	1688	0	118	0	0	0	2290	0	2326	0	0	0	0	0	4402	0	236	0	242	0	0	0	8424	0	24926	0	9100	0	2142	0	6076	0	6204	0	228	244	724	0	0	0	312	390	5004	0	6182	0	0	0	1940	0	0	0	610	0	0	0	0	0	0	0	0	0	0	0	0	0	0	0	0	0	0	0	0	0	0	0	0	0	0	0	
128580	Postcentral_R	0	9940	0	2146	0	0	0	614	0	0	0	2750	0	0	0	0	0	3128	0	1356	0	0	0	0	0	0	0	0	0	838	0	0	0	248	0	0	0	334	0	0	0	0	0	0	0	0	0	0	0	938	0	1358	0	0	0	130	0	0	0	3432	0	10034	0	15992	0	1152	0	3086	0	4072	328	0	0	116	0	0	0	0	0	248	0	1174	0	0	0	140	0	0	0	736	0	0	0	0	0	0	0	0	0	0	0	0	0	0	0	0	0	0	0	0	0	0	0	0	0	0	
112692	Parietal_Sup_L	0	0	0	0	0	0	0	0	0	0	0	0	0	0	0	0	0	0	0	0	0	0	0	0	0	0	0	0	0	0	0	0	1020	0	148	0	0	0	0	0	0	0	1624	0	2530	0	0	0	2454	0	9408	0	0	0	0	0	8424	0	0	0	10662	0	0	0	1522	0	15358	306	2890	0	0	0	0	0	0	0	0	0	0	0	0	0	0	0	0	0	0	0	0	0	0	0	0	0	0	0	0	0	0	0	0	0	0	0	0	0	0	0	0	0	0	0	0	0	0	0	
61416	Parietal_Sup_R	0	0	0	0	0	0	0	0	0	0	0	0	0	0	0	0	0	0	0	0	0	0	0	0	0	0	0	0	0	0	0	0	0	0	0	0	0	0	0	0	0	0	0	0	0	1386	0	0	0	4610	0	2254	0	0	0	0	0	3432	0	0	0	2474	0	642	0	3472	1618	8884	0	350	0	0	0	0	0	0	0	0	0	0	0	170	0	0	0	1076	0	0	0	340	0	0	0	0	0	0	0	0	0	0	0	0	0	0	0	0	0	0	0	0	0	0	0	0	0	0	
249520	Parietal_Inf_L	5812	0	298	0	0	0	694	0	0	0	730	0	0	0	0	0	4994	0	288	220	0	0	0	0	0	0	0	0	3598	0	0	0	820	0	414	246	476	0	0	0	0	0	1868	0	2100	0	0	0	228	0	13358	0	334	0	0	0	24926	0	10662	0	0	0	18734	0	13398	0	3984	0	2988	0	0	0	508	0	0	0	280	320	890	0	5882	0	0	0	5536	0	0	0	174	0	0	0	0	0	0	0	0	0	0	0	0	0	0	0	0	0	0	0	0	0	0	0	0	0	0	0	
78540	Parietal_Inf_R	0	1628	0	674	0	0	0	158	0	0	0	358	0	0	0	0	0	1534	0	442	0	0	0	0	0	0	0	0	0	638	0	0	0	0	0	0	0	154	0	0	0	0	0	0	0	0	0	0	0	704	0	3026	0	0	0	0	0	10034	0	2474	0	0	0	10380	0	5864	0	0	0	0	130	0	0	0	0	0	0	0	0	198	0	544	0	0	0	114	0	0	0	216	0	0	0	0	0	0	0	0	0	0	0	0	0	0	0	0	0	0	0	0	0	0	0	0	0	0	
133708	SupraMarginal_L	1246	0	0	0	0	0	0	0	0	0	166	0	0	0	0	0	4330	0	130	0	0	0	0	0	0	0	0	0	1944	0	0	0	0	0	298	0	244	0	0	0	0	0	126	0	306	0	0	0	140	0	1464	0	342	0	0	0	9100	0	0	0	18734	0	0	0	5354	0	286	0	190	0	0	0	116	0	0	0	0	0	516	0	11462	0	0	0	9906	0	0	0	454	0	0	0	0	0	0	0	0	0	0	0	0	0	0	0	0	0	0	0	0	0	0	0	0	0	0	0	
99244	SupraMarginal_R	0	2558	0	634	0	0	0	212	0	0	0	810	0	0	0	0	0	3074	0	288	0	0	0	0	0	0	0	0	0	796	0	0	0	0	0	0	0	278	0	0	0	0	0	0	0	0	0	0	0	658	0	3482	0	0	0	0	0	15992	0	642	0	10380	0	0	0	3204	0	0	0	0	140	0	0	0	0	0	0	0	0	366	0	4894	0	0	0	1032	0	0	0	182	0	0	0	0	0	0	0	0	0	0	0	0	0	0	0	0	0	0	0	0	0	0	0	0	0	0	
135940	Angular_L	690	0	0	0	0	0	0	0	0	0	0	0	0	0	0	0	456	0	120	0	0	0	0	0	0	0	0	0	212	0	0	0	146	0	336	0	0	0	0	0	0	0	1674	0	1766	0	0	0	260	0	17694	0	738	0	0	0	2142	0	1522	0	13398	0	5354	0	0	0	2390	0	1018	0	0	0	0	0	0	0	0	0	138	0	1572	0	0	0	14146	0	0	0	2198	0	0	0	0	0	0	0	0	0	0	0	0	0	0	0	0	0	0	0	0	0	0	0	0	0	0	0	
111832	Angular_R	0	194	0	146	0	0	0	0	0	0	0	0	0	0	0	0	0	326	0	110	0	0	0	0	0	0	0	0	0	246	0	0	0	0	0	0	0	122	0	0	0	0	0	0	0	0	0	0	0	7924	0	18170	0	152	0	0	0	1152	0	3472	0	5864	0	3204	0	0	0	170	0	0	0	0	0	0	0	0	0	0	0	266	0	4598	0	0	0	8500	0	0	0	1300	0	0	0	0	0	0	0	0	0	0	0	0	0	0	0	0	0	0	0	0	0	0	0	0	0	0	
266616	Precuneus_L	474	0	0	110	0	0	0	0	0	0	0	0	0	0	0	0	0	0	0	384	0	0	0	0	0	0	0	0	0	0	0	0	5002	1452	5378	3150	1338	0	1294	0	0	0	15384	874	12810	5088	4048	0	5978	3186	15602	1258	686	0	916	0	6076	0	15358	1618	3984	0	286	0	2390	0	0	12464	4748	260	0	0	0	0	0	0	0	142	0	0	0	0	0	0	632	344	0	0	120	474	0	0	0	0	0	0	0	0	0	0	0	0	0	0	0	0	0	0	0	0	0	0	0	0	0	0	
322096	Precuneus_R	0	562	0	942	0	0	0	0	0	0	0	0	0	0	0	0	0	0	112	3074	0	0	0	0	0	0	0	0	0	0	0	0	1248	8024	1086	11132	0	4130	0	3154	0	0	718	16394	514	22608	0	6782	210	21022	0	11950	0	732	0	1788	0	3086	306	8884	0	0	0	0	0	170	12464	0	258	4528	0	0	0	0	0	0	114	1236	0	0	0	204	0	0	0	6394	0	0	0	4616	0	0	0	0	0	0	0	120	0	134	0	0	0	0	0	0	0	0	0	0	2240	112	0	0	0	0	
93728	Paracentral_Lobule_L	4182	0	596	124	0	0	0	0	0	0	0	0	0	0	0	0	0	0	3322	3096	0	0	0	0	0	0	0	0	0	0	0	0	3186	2132	1566	154	0	0	0	0	0	0	2200	0	2378	0	0	0	0	0	3958	0	218	0	0	0	6204	0	2890	0	2988	0	190	0	1018	0	4748	258	0	800	0	0	0	0	0	0	0	0	0	0	0	0	0	0	656	0	0	0	0	0	0	0	0	0	0	0	0	0	0	0	0	0	0	0	0	0	0	0	0	0	0	0	0	0	0	0	
62700	Paracentral_Lobule_R	0	1676	0	188	0	0	0	0	0	0	0	0	0	0	0	0	0	0	142	8568	0	0	0	0	0	0	0	0	0	0	0	0	1080	6234	0	752	0	0	0	0	0	0	0	274	0	552	0	0	0	974	0	354	0	0	0	154	0	4072	0	350	0	0	0	0	0	0	260	4528	800	0	0	0	0	0	0	0	0	0	0	0	0	0	0	0	0	0	0	0	0	392	0	0	0	0	0	0	0	0	0	0	0	0	0	0	0	0	0	0	0	0	0	0	0	0	0	0	
593556	Caudate_L	918	794	27018	23732	9894	2408	2480	988	3618	0	5674	2802	1404	1862	1608	202	3290	256	23256	25652	9452	8002	4484	3706	3056	2474	4382	774	10332	1038	16280	12212	760	11948	0	0	1530	156	0	0	204	0	0	0	0	0	0	0	0	0	0	0	0	0	0	0	228	328	0	0	0	130	0	140	0	0	0	0	0	0	0	14806	27120	4278	5696	2960	6798	3400	322	0	200	0	1606	0	0	120	0	0	0	0	0	0	0	0	0	0	0	0	0	0	0	0	0	0	0	0	0	0	0	0	0	0	0	0	0	0	
396896	Caudate_R	422	136	3042	26602	242	10298	390	302	0	546	0	1752	0	1174	0	1598	0	304	4692	27570	4142	9052	0	4474	0	12504	0	3300	436	2896	3100	16114	144	1006	614	740	454	238	0	264	0	0	0	0	0	0	0	0	0	0	112	0	0	0	0	0	244	0	0	0	0	0	0	0	0	0	0	0	0	0	14806	0	2358	17718	1948	4520	854	16738	0	0	0	360	0	0	0	128	0	0	0	114	0	0	0	0	0	0	0	0	0	0	0	0	0	0	0	0	0	0	0	0	0	0	0	0	0	0	
595644	Putamen_L	4322	118	49358	3158	17310	218	7814	138	8038	0	1490	528	2336	408	10862	0	1714	0	39228	4478	6038	2288	2838	882	2942	712	4352	134	31456	196	10132	3430	380	1446	336	774	19646	0	1860	0	694	0	0	0	0	0	0	0	0	0	0	0	240	0	2334	0	724	0	0	0	508	0	116	0	0	0	0	0	0	0	27120	2358	0	1596	8644	736	4842	898	894	0	590	0	1644	0	166	0	114	0	2244	0	0	0	0	0	0	0	0	0	0	0	0	0	0	0	0	0	0	0	0	0	0	0	0	0	0	0	
328444	Putamen_R	0	552	822	17118	0	5596	0	2498	0	860	0	5198	0	2878	0	6138	0	2234	1580	9980	1752	4800	0	1752	0	4816	0	1646	0	23962	2024	5984	0	0	0	0	178	11272	172	3764	0	1454	0	0	0	0	0	868	0	0	0	0	0	0	0	3436	0	116	0	0	0	0	0	0	0	0	0	0	0	0	4278	17718	1596	0	1396	8156	202	2892	0	130	0	2990	0	358	0	200	0	0	0	856	0	0	0	0	0	0	0	0	0	0	0	0	0	0	0	0	0	0	0	0	0	0	0	0	0	0	
89240	Pallidum_L	750	0	6044	532	0	0	610	0	0	0	0	0	0	0	0	0	0	0	5372	596	3308	2360	0	0	0	244	148	156	0	0	2336	1726	0	0	0	0	344	0	404	0	0	0	0	0	0	0	0	0	0	0	0	0	0	0	0	0	0	0	0	0	0	0	0	0	0	0	0	0	0	0	5696	1948	8644	1396	0	700	1148	158	0	0	0	0	0	0	0	0	0	0	0	0	0	0	0	0	0	0	0	0	0	0	0	0	0	0	0	0	0	0	0	0	0	0	0	0	0	0	
77844	Pallidum_R	0	0	396	4394	0	206	0	246	0	0	0	112	0	0	0	158	0	0	384	2740	1210	2942	0	0	0	352	0	114	0	1136	1074	1732	0	0	0	0	0	1814	0	1282	0	0	0	0	0	0	0	306	0	0	0	0	0	0	0	892	0	0	0	0	0	0	0	0	0	0	0	0	0	0	2960	4520	736	8156	700	0	0	360	0	0	0	0	0	0	0	0	0	0	0	0	0	0	0	0	0	0	0	0	0	0	0	0	0	0	0	0	0	0	0	0	0	0	0	0	0	0	
132440	Thalamus_L	922	956	16226	2026	0	0	188	448	0	0	0	188	0	0	0	0	342	0	16270	2446	0	0	0	0	0	110	0	0	478	114	196	0	114	0	898	1978	2970	334	494	0	0	0	0	0	0	0	0	0	0	0	0	0	0	0	0	0	312	0	0	0	280	0	0	0	0	0	0	114	0	0	6798	854	4842	202	1148	0	0	3506	0	0	0	0	0	0	0	254	0	0	0	212	0	0	0	0	0	0	0	0	0	0	0	0	0	0	0	0	0	0	0	0	0	0	0	0	0	0	
166388	Thalamus_R	378	424	1262	13844	0	198	132	1274	0	0	0	468	0	0	0	0	308	0	1036	13590	256	386	0	0	0	0	0	0	204	334	0	0	208	860	1950	4374	2422	2636	2090	572	0	0	0	224	0	146	168	1110	0	0	0	192	0	0	0	0	390	0	0	0	320	0	0	0	0	0	142	1236	0	0	3400	16738	898	2892	158	360	3506	0	0	0	0	0	0	0	0	1182	0	0	0	926	0	0	0	0	0	0	0	0	0	0	0	0	0	0	0	0	0	0	0	0	0	0	0	0	0	0	
157016	Heschl_L	3374	0	3332	190	0	0	2810	0	0	0	2976	0	1426	0	0	0	8068	0	1302	394	0	0	352	0	0	0	0	0	15780	0	480	150	0	140	0	0	8772	0	968	0	0	0	0	0	0	0	0	0	0	0	506	0	2382	0	2132	0	5004	0	0	0	890	0	516	0	138	0	0	0	0	0	322	0	894	0	0	0	0	0	0	0	6342	0	0	0	3142	0	0	0	5726	0	0	0	0	0	0	0	0	0	0	0	0	0	0	0	0	0	0	0	0	0	0	0	0	0	0	0	
52308	Heschl_R	0	122	0	0	0	0	0	0	0	0	0	158	0	0	0	0	0	2958	0	0	0	0	0	0	0	0	0	0	0	4360	0	0	0	0	0	0	0	718	0	0	0	0	0	0	0	0	0	0	0	180	0	586	0	112	0	114	0	248	0	0	0	198	0	366	0	266	0	0	0	0	0	0	0	130	0	0	0	0	0	0	0	7882	0	0	0	4198	0	0	0	3558	0	0	0	0	0	0	0	0	0	0	0	0	0	0	0	0	0	0	0	0	0	0	0	0	0	0	
247856	Temporal_Sup_L	1860	0	1102	114	0	0	260	0	0	0	1880	0	554	0	0	0	9910	0	960	408	0	0	0	0	0	0	0	0	9426	0	128	0	0	110	0	0	3298	0	388	0	148	0	0	0	0	0	0	0	0	0	2038	0	954	0	2504	0	6182	0	0	0	5882	0	11462	0	1572	0	0	0	0	0	200	0	590	0	0	0	0	0	6342	0	0	0	5856	0	31600	0	776	0	17424	0	0	0	0	0	0	0	0	0	0	0	0	0	0	0	0	0	0	0	0	0	0	0	0	0	0	0	
174376	Temporal_Sup_R	0	392	0	1374	0	244	0	138	0	0	0	1206	0	466	0	590	0	5022	0	634	0	0	0	268	0	0	0	0	0	9780	0	310	0	0	0	0	0	2020	0	150	0	0	0	0	0	0	0	0	0	1318	0	3036	0	162	0	2128	0	1174	0	170	0	544	0	4894	0	4598	0	204	0	0	0	360	0	2990	0	0	0	0	0	7882	0	0	0	6872	0	20460	0	1172	0	6630	0	0	0	0	0	0	0	0	0	0	0	0	0	0	0	0	0	0	0	0	0	0	0	0	0	0	
142464	Temporal_Pole_Sup_L	222	0	1848	1436	1342	0	284	204	1186	0	3584	142	1146	142	3420	0	3726	0	1528	1586	642	0	784	662	0	0	0	0	7160	0	0	434	0	1318	0	0	1934	0	946	0	1748	0	0	0	0	0	0	0	0	0	0	0	0	0	3252	0	0	0	0	0	0	0	0	0	0	0	0	0	0	0	1606	0	1644	0	0	0	0	0	0	0	5856	0	0	0	7520	0	6698	0	7232	0	0	0	0	0	0	0	0	0	0	0	0	0	0	0	0	0	0	0	0	0	0	0	0	0	0	0	
60632	Temporal_Pole_Sup_R	0	0	0	572	0	0	0	0	0	0	0	710	0	0	0	956	0	1114	0	390	0	486	0	0	0	0	0	0	0	2126	0	0	0	0	0	0	0	974	0	2966	0	2032	0	0	0	0	0	0	0	0	0	0	0	0	0	3078	0	0	0	0	0	0	0	0	0	0	0	0	0	0	0	0	0	358	0	0	0	0	0	0	0	6872	0	0	0	2528	0	4230	0	924	0	0	0	0	0	0	0	0	0	0	0	0	0	0	0	0	0	0	0	0	0	0	0	0	0	0	
328212	Temporal_Mid_L	1390	0	194	0	0	0	0	0	0	0	144	0	0	0	0	0	3236	0	236	0	0	0	0	0	0	0	0	0	3346	0	0	0	236	0	178	0	1048	0	0	0	478	0	1630	0	1002	0	244	0	754	0	22666	0	3604	0	3634	0	1940	0	0	0	5536	0	9906	0	14146	0	632	0	656	0	0	0	166	0	0	0	0	0	3142	0	31600	0	7520	0	0	0	8658	0	36184	0	0	0	0	0	0	0	0	0	0	0	0	0	0	0	0	0	0	0	0	0	0	0	0	0	0	0	
259988	Temporal_Mid_R	0	1054	0	1404	0	0	0	0	0	0	0	0	0	0	0	0	0	380	0	248	0	0	0	0	0	0	0	0	0	2662	0	0	0	532	374	2264	290	1454	188	246	0	0	0	5214	0	2620	0	642	0	8610	0	22500	0	1090	0	2398	0	140	0	1076	0	114	0	1032	0	8500	344	6394	0	0	120	128	0	200	0	0	254	1182	0	4198	0	20460	0	2528	0	0	0	3750	0	25240	0	0	0	0	0	0	0	0	0	0	0	0	0	0	0	0	0	0	0	0	164	0	0	0	0	0	
59192	Temporal_Pole_Mid_L	0	0	0	0	0	0	0	0	0	0	0	0	0	0	0	0	0	0	0	0	0	0	0	0	0	0	0	0	354	0	0	0	0	0	0	0	842	0	668	0	932	0	0	0	0	0	0	0	0	0	0	0	0	0	2972	0	0	0	0	0	0	0	0	0	0	0	0	0	0	0	0	0	114	0	0	0	0	0	0	0	776	0	6698	0	8658	0	0	0	7582	0	0	0	0	0	0	0	0	0	0	0	0	0	0	0	0	0	0	0	0	0	0	0	0	0	0	0	
37396	Temporal_Pole_Mid_R	0	0	0	0	0	0	0	0	0	0	0	0	0	0	0	0	0	0	0	0	0	0	0	0	0	0	0	0	0	0	0	0	0	0	0	0	0	262	0	2666	0	660	0	0	0	0	0	0	0	0	0	0	0	0	0	3038	0	0	0	0	0	0	0	0	0	0	0	0	0	0	0	0	0	0	0	0	0	0	0	0	0	1172	0	4230	0	3750	0	0	0	2920	0	0	0	0	0	0	0	0	0	0	0	0	0	0	0	0	0	0	0	0	0	0	0	0	0	0	
267656	Temporal_Inf_L	898	0	1586	0	296	0	512	0	0	0	520	0	400	0	0	0	2124	0	820	0	0	0	120	0	0	0	0	0	6960	0	0	0	0	0	0	0	9658	0	1516	0	710	0	0	0	118	0	402	0	0	0	2796	0	4864	0	17752	0	610	0	0	0	174	0	454	0	2198	0	120	0	0	0	0	0	2244	0	0	0	0	0	5726	0	17424	0	7232	0	36184	0	7582	0	0	0	1324	0	0	0	0	0	126	0	378	0	0	0	0	0	0	0	0	0	0	0	0	0	0	0	0	0	
198800	Temporal_Inf_R	0	672	0	864	0	0	0	0	0	0	0	0	0	0	0	0	0	374	0	206	0	0	0	0	0	0	0	0	0	2018	0	0	176	724	278	1746	242	6924	154	3054	0	1920	0	1538	0	1406	0	1538	0	2340	0	4828	0	3766	0	14738	0	736	0	340	0	216	0	182	0	1300	474	4616	0	392	0	114	0	856	0	0	212	926	0	3558	0	6630	0	924	0	25240	0	2920	0	0	0	0	0	0	0	0	0	0	0	124	0	0	0	0	0	0	0	0	0	0	134	0	0	0	0	0	
560904	Cerebelum_Crus1_L	0	0	0	0	0	0	0	0	0	0	0	0	0	0	0	0	0	0	0	0	0	0	0	0	0	0	0	0	0	0	0	0	0	0	0	0	0	0	360	0	0	0	0	0	0	0	4098	3620	0	0	0	0	196	242	15664	2156	0	0	0	0	0	0	0	0	0	0	0	0	0	0	0	0	0	0	0	0	0	0	0	0	0	0	0	0	0	0	0	0	1324	0	0	9386	40910	4644	1142	258	29688	4264	62368	11650	22078	376	26206	0	6558	318	2394	0	1108	1840	7454	12276	5896	1056	548	374	
514828	Cerebelum_Crus1_R	0	0	0	0	0	0	0	0	0	0	0	0	0	0	0	0	0	0	0	0	0	0	0	0	0	0	0	0	0	0	0	0	0	0	0	0	0	216	0	1198	0	142	0	342	0	0	806	2832	0	0	0	0	192	150	726	9010	0	0	0	0	0	0	0	0	0	0	0	0	0	0	0	0	0	0	0	0	0	0	0	0	0	0	0	0	0	0	0	0	0	0	9386	0	6220	32750	186	6018	3676	23630	8996	63244	4416	10726	4852	17220	2504	5132	300	1048	244	3482	6636	15214	9188	2230	3300	1202	
295480	Cerebelum_Crus2_L	0	0	0	0	0	0	0	0	0	0	0	0	0	0	0	0	0	0	0	0	0	0	0	0	0	0	0	0	0	0	0	0	0	0	0	0	0	0	0	0	0	0	0	0	0	0	300	552	0	0	0	0	0	0	0	0	0	0	0	0	0	0	0	0	0	0	0	0	0	0	0	0	0	0	0	0	0	0	0	0	0	0	0	0	0	0	0	0	0	0	40910	6220	0	7504	0	0	388	0	6428	4360	29858	1116	27042	0	4156	0	572	0	0	0	0	5736	9952	2646	0	0	
314384	Cerebelum_Crus2_R	0	0	0	0	0	0	0	0	0	0	0	0	0	0	0	0	0	0	0	0	0	0	0	0	0	0	0	0	0	0	0	0	0	0	0	0	0	0	0	0	0	0	0	0	0	0	0	0	0	0	0	0	0	0	0	264	0	0	0	0	0	0	0	0	0	0	0	0	0	0	0	0	0	0	0	0	0	0	0	0	0	0	0	0	0	0	0	0	0	0	4644	32750	7504	0	0	414	188	1114	1496	10410	5870	25218	5930	28972	1232	7628	0	148	0	0	0	5722	11442	5262	732	252	
28308	Cerebelum_3_L	0	0	0	0	0	0	0	0	0	0	0	0	0	0	0	0	0	0	0	0	0	0	0	0	0	0	0	0	0	0	0	0	0	0	0	0	0	0	472	0	0	0	0	0	0	0	0	138	0	0	0	0	0	0	0	134	0	0	0	0	0	0	0	0	0	0	0	0	0	0	0	0	0	0	0	0	0	0	0	0	0	0	0	0	0	0	0	0	0	0	1142	186	0	0	0	0	4114	812	1282	330	0	0	0	0	524	136	0	0	1042	2058	1218	354	0	0	0	212	
73172	Cerebelum_3_R	0	0	0	0	0	0	0	0	0	0	0	0	0	0	0	0	0	0	0	0	0	0	0	0	0	0	0	0	0	0	0	0	0	0	0	0	0	0	0	0	0	0	0	0	0	0	192	0	0	0	0	0	0	0	0	508	0	0	0	0	0	0	0	0	0	0	0	0	0	0	0	0	0	0	0	0	0	0	0	0	0	0	0	0	0	0	0	0	0	0	258	6018	0	414	0	0	814	8454	366	9086	0	0	0	152	116	1114	0	0	718	4752	1960	338	0	0	616	710	
377948	Cerebelum_4_5_L	0	0	0	0	0	0	0	0	0	0	0	0	0	0	0	0	0	0	0	0	0	0	0	0	0	0	0	0	0	0	0	0	0	0	0	0	0	0	534	0	0	0	296	240	0	0	12596	5122	0	0	1116	190	1294	0	14968	3410	0	0	0	0	0	0	0	0	0	0	0	0	0	0	0	0	0	0	0	0	0	0	0	0	0	0	0	0	0	0	0	0	126	0	29688	3676	388	188	4114	814	0	14214	40368	7118	0	130	834	320	6300	2184	626	0	2576	4152	22200	4706	364	140	1156	2826	
377148	Cerebelum_4_5_R	0	0	0	0	0	0	0	0	0	0	0	0	0	0	0	0	0	0	0	0	0	0	0	0	0	0	0	0	0	0	0	0	0	0	0	0	0	888	0	2908	0	632	226	1066	0	0	7228	10150	0	210	800	556	1186	598	4114	15986	0	0	0	0	0	0	0	0	0	0	0	120	0	0	0	0	0	0	0	0	0	0	0	0	0	0	0	0	0	0	0	0	0	0	4264	23630	0	1114	812	8454	14214	0	9856	35236	0	272	152	340	1996	2234	130	322	1274	6244	24086	3894	0	0	1574	1808	
541664	Cerebelum_6_L	0	0	0	0	0	0	0	0	0	0	0	0	0	0	0	0	0	0	0	0	0	0	0	0	0	0	0	0	0	0	0	0	0	0	0	0	0	0	356	0	0	0	136	486	0	0	14874	10558	0	180	1120	466	1998	1048	23832	6094	0	0	0	0	0	0	0	0	0	0	0	0	0	0	0	0	0	0	0	0	0	0	0	0	0	0	0	0	0	0	0	0	378	0	62368	8996	6428	1496	1282	366	40368	9856	0	16256	3780	0	8430	218	5390	836	2572	0	1234	1970	15530	17922	2044	122	834	1008	
560856	Cerebelum_6_R	0	0	0	0	0	0	0	0	0	0	0	0	0	0	0	0	0	0	0	0	0	0	0	0	0	0	0	0	0	0	0	0	0	0	0	0	0	216	0	1794	0	160	0	500	0	0	4188	9954	0	186	238	266	622	2694	3114	18908	0	0	0	0	0	0	0	0	0	0	0	134	0	0	0	0	0	0	0	0	0	0	0	0	0	0	0	0	0	0	0	0	0	124	11650	63244	4360	10410	330	9086	7118	35236	16256	0	2694	3446	3250	4422	2544	4908	306	1490	546	5776	14752	22682	5548	1112	4442	1722	
228592	Cerebelum_7b_L	0	0	0	0	0	0	0	0	0	0	0	0	0	0	0	0	0	0	0	0	0	0	0	0	0	0	0	0	0	0	0	0	0	0	0	0	0	0	0	0	0	0	0	0	0	0	0	0	0	0	0	0	0	0	0	0	0	0	0	0	0	0	0	0	0	0	0	0	0	0	0	0	0	0	0	0	0	0	0	0	0	0	0	0	0	0	0	0	0	0	22078	4416	29858	5870	0	0	0	0	3780	2694	0	1180	26656	286	3452	0	290	0	0	0	0	2722	7626	3388	0	0	
161128	Cerebelum_7b_R	0	0	0	0	0	0	0	0	0	0	0	0	0	0	0	0	0	0	0	0	0	0	0	0	0	0	0	0	0	0	0	0	0	0	0	0	0	0	0	0	0	0	0	0	0	0	0	0	0	0	0	0	0	0	0	0	0	0	0	0	0	0	0	0	0	0	0	0	0	0	0	0	0	0	0	0	0	0	0	0	0	0	0	0	0	0	0	0	0	0	376	10726	1116	25218	0	0	130	272	0	3446	1180	0	1670	24434	456	5600	0	0	0	0	138	418	1730	2844	528	282	
295324	Cerebelum_8_L	0	0	0	0	0	0	0	0	0	0	0	0	0	0	0	0	0	0	0	0	0	0	0	0	0	0	0	0	0	0	0	0	0	0	0	0	0	0	0	0	0	0	0	0	0	0	0	0	0	0	0	0	0	0	228	0	0	0	0	0	0	0	0	0	0	0	0	0	0	0	0	0	0	0	0	0	0	0	0	0	0	0	0	0	0	0	0	0	0	0	26206	4852	27042	5930	0	0	834	152	8430	3250	26656	1670	0	2802	18770	394	1316	0	0	0	166	3630	6266	7066	1338	664	
217732	Cerebelum_8_R	0	0	0	0	0	0	0	0	0	0	0	0	0	0	0	0	0	0	0	0	0	0	0	0	0	0	0	0	0	0	0	0	0	0	0	0	0	0	0	0	0	0	0	0	0	0	0	0	0	0	0	0	0	0	0	0	0	0	0	0	0	0	0	0	0	0	0	0	0	0	0	0	0	0	0	0	0	0	0	0	0	0	0	0	0	0	0	0	0	0	0	17220	0	28972	0	152	320	340	218	4422	286	24434	2802	0	2020	14952	170	432	0	0	242	1146	2720	5350	1830	838	
166388	Cerebelum_9_L	0	0	0	0	0	0	0	0	0	0	0	0	0	0	0	0	0	0	0	0	0	0	0	0	0	0	0	0	0	0	0	0	0	0	0	0	0	0	0	0	0	0	0	0	0	0	0	258	0	0	0	0	0	0	0	312	0	0	0	0	0	0	0	0	0	0	0	0	0	0	0	0	0	0	0	0	0	0	0	0	0	0	0	0	0	0	0	0	0	0	6558	2504	4156	1232	524	116	6300	1996	5390	2544	3452	456	18770	2020	0	2430	3350	0	0	162	3498	4952	2008	3780	3636	2790	
152708	Cerebelum_9_R	0	0	0	0	0	0	0	0	0	0	0	0	0	0	0	0	0	0	0	0	0	0	0	0	0	0	0	0	0	0	0	0	0	0	0	0	0	0	0	0	0	0	0	0	0	0	744	0	0	0	0	0	0	0	200	242	0	0	0	0	0	0	0	0	0	0	0	0	0	0	0	0	0	0	0	0	0	0	0	0	0	0	0	0	0	0	0	0	0	0	318	5132	0	7628	136	1114	2184	2234	836	4908	0	5600	394	14952	2430	0	0	1878	704	1198	3708	2960	1466	2252	7898	5238	
26896	Cerebelum_10_L	0	0	0	0	0	0	0	0	0	0	0	0	0	0	0	0	0	0	0	0	0	0	0	0	0	0	0	0	0	0	0	0	0	0	0	0	0	0	0	0	0	0	0	0	0	0	0	0	0	0	0	0	0	0	0	0	0	0	0	0	0	0	0	0	0	0	0	0	0	0	0	0	0	0	0	0	0	0	0	0	0	0	0	0	0	0	0	0	0	0	2394	300	572	0	0	0	626	130	2572	306	290	0	1316	170	3350	0	0	0	0	0	136	650	256	160	220	0	
13352	Cerebelum_10_R	0	0	0	0	0	0	0	0	0	0	0	0	0	0	0	0	0	0	0	0	0	0	0	0	0	0	0	0	0	0	0	0	0	0	0	0	0	0	0	0	0	0	0	0	0	0	0	0	0	0	0	0	0	0	0	0	0	0	0	0	0	0	0	0	0	0	0	0	0	0	0	0	0	0	0	0	0	0	0	0	0	0	0	0	0	0	0	0	0	0	0	1048	0	148	0	0	0	322	0	1490	0	0	0	432	0	1878	0	0	0	0	0	574	0	0	644	140	
36160	Vermis_1_2	0	0	0	0	0	0	0	0	0	0	0	0	0	0	0	0	0	0	0	0	0	0	0	0	0	0	0	0	0	0	0	0	0	0	0	0	0	0	0	0	0	0	0	0	0	0	284	126	0	0	0	0	0	0	0	0	0	0	0	0	0	0	0	0	0	0	0	0	0	0	0	0	0	0	0	0	0	0	0	0	0	0	0	0	0	0	0	0	0	0	1108	244	0	0	1042	718	2576	1274	1234	546	0	0	0	0	0	704	0	0	0	5100	2470	140	0	0	204	310	
93624	Vermis_3	0	0	0	0	0	0	0	0	0	0	0	0	0	0	0	0	0	0	0	0	0	0	0	0	0	0	0	0	0	0	0	0	0	0	0	0	0	0	300	0	0	0	0	0	0	0	348	584	0	0	0	0	0	0	0	2090	0	0	0	0	0	0	0	0	0	0	0	0	0	0	0	0	0	0	0	0	0	0	0	0	0	0	0	0	0	0	0	0	0	0	1840	3482	0	0	2058	4752	4152	6244	1970	5776	0	0	0	0	162	1198	0	0	5100	0	5250	322	0	0	522	662	
334288	Vermis_4_5	0	0	0	0	0	0	0	0	0	0	0	0	0	0	0	0	0	0	0	0	0	0	0	0	0	0	0	0	0	0	0	0	0	220	0	986	0	288	0	146	0	0	316	1748	0	302	10310	10210	0	380	956	582	1514	314	5810	9166	0	0	0	0	0	0	0	0	0	0	0	2240	0	0	0	0	0	0	0	0	0	0	0	0	0	0	0	0	0	164	0	0	0	134	7454	6636	0	0	1218	1960	22200	24086	15530	14752	0	138	166	242	3498	3708	136	0	2470	5250	0	5902	0	0	2098	3914	
