data	data	319156	305088	965784	797376	183440	112156	630132	364416	142924	46768	243172	342096	253272	278620	224980	193684	196632	150324	941460	888072	90020	88424	620388	466728	39696	93728	76900	88388	629996	395956	349848	547776	292128	878464	96044	163820	278664	305824	94712	111972	47660	62408	159860	248048	112000	359644	140396	308388	217576	409516	372144	200488	91416	108836	322324	419952	300008	139228	249088	185224	226296	77808	72012	85556	102624	85552	347028	329216	138220	173084	392472	506896	415484	468984	45336	110632	120512	252852	97520	18540	140084	124572	61012	28300	329476	222592	20488	6396	306860	234004	518392	500732	353852	314496	34144	37668	247556	214588	489220	487064	275600	194816	303628	273500	144328	132576	21624	9060	11376	54232	175492	265948	201992	143044	92228	32116	
data	data	Precentral_L	Precentral_R	Frontal_Sup_L	Frontal_Sup_R	Frontal_Sup_Orb_L	Frontal_Sup_Orb_R	Frontal_Mid_L	Frontal_Mid_R	Frontal_Mid_Orb_L	Frontal_Mid_Orb_R	Frontal_Inf_Oper_L	Frontal_Inf_Oper_R	Frontal_Inf_Tri_L	Frontal_Inf_Tri_R	Frontal_Inf_Orb_L	Frontal_Inf_Orb_R	Rolandic_Oper_L	Rolandic_Oper_R	Supp_Motor_Area_L	Supp_Motor_Area_R	Olfactory_L	Olfactory_R	Frontal_Sup_Medial_L	Frontal_Sup_Medial_R	Frontal_Med_Orb_L	Frontal_Med_Orb_R	Rectus_L	Rectus_R	Insula_L	Insula_R	Cingulum_Ant_L	Cingulum_Ant_R	Cingulum_Mid_L	Cingulum_Mid_R	Cingulum_Post_L	Cingulum_Post_R	Hippocampus_L	Hippocampus_R	ParaHippocampal_L	ParaHippocampal_R	Amygdala_L	Amygdala_R	Calcarine_L	Calcarine_R	Cuneus_L	Cuneus_R	Lingual_L	Lingual_R	Occipital_Sup_L	Occipital_Sup_R	Occipital_Mid_L	Occipital_Mid_R	Occipital_Inf_L	Occipital_Inf_R	Fusiform_L	Fusiform_R	Postcentral_L	Postcentral_R	Parietal_Sup_L	Parietal_Sup_R	Parietal_Inf_L	Parietal_Inf_R	SupraMarginal_L	SupraMarginal_R	Angular_L	Angular_R	Precuneus_L	Precuneus_R	Paracentral_Lobule_L	Paracentral_Lobule_R	Caudate_L	Caudate_R	Putamen_L	Putamen_R	Pallidum_L	Pallidum_R	Thalamus_L	Thalamus_R	Heschl_L	Heschl_R	Temporal_Sup_L	Temporal_Sup_R	Temporal_Pole_Sup_L	Temporal_Pole_Sup_R	Temporal_Mid_L	Temporal_Mid_R	Temporal_Pole_Mid_L	Temporal_Pole_Mid_R	Temporal_Inf_L	Temporal_Inf_R	Cerebelum_Crus1_L	Cerebelum_Crus1_R	Cerebelum_Crus2_L	Cerebelum_Crus2_R	Cerebelum_3_L	Cerebelum_3_R	Cerebelum_4_5_L	Cerebelum_4_5_R	Cerebelum_6_L	Cerebelum_6_R	Cerebelum_7b_L	Cerebelum_7b_R	Cerebelum_8_L	Cerebelum_8_R	Cerebelum_9_L	Cerebelum_9_R	Cerebelum_10_L	Cerebelum_10_R	Vermis_1_2	Vermis_3	Vermis_4_5	Vermis_6	Vermis_7	Vermis_8	Vermis_9	Vermis_10	
319156	Precentral_L	0	770	8056	130	0	0	26654	0	0	0	14188	0	3370	138	0	150	6246	0	7198	750	0	0	0	0	0	0	0	0	18368	0	0	0	0	116	0	0	7442	0	342	0	0	0	94	0	0	0	0	0	314	0	1944	0	448	0	496	0	32636	494	558	0	3188	0	552	0	0	0	638	0	2764	0	300	574	5260	0	98	0	1284	554	8010	0	1144	0	0	0	2154	0	0	0	2156	0	0	0	0	0	0	0	0	0	0	0	0	0	0	0	0	0	0	0	0	0	0	0	0	0	0	0	
305088	Precentral_R	770	0	392	17664	0	0	302	12984	0	0	0	15314	0	810	0	0	0	1252	5114	10616	0	0	0	364	0	0	0	0	308	6310	0	158	1270	3016	0	278	1112	4450	202	374	0	0	0	202	0	86	0	0	0	0	0	0	0	154	0	1608	320	15730	0	154	0	182	0	880	0	0	0	248	1342	6352	362	7370	808	7658	536	2258	3656	15924	0	286	0	614	0	0	0	856	0	0	0	1898	0	0	0	0	0	0	0	0	0	0	0	0	0	0	0	0	0	0	0	0	0	0	0	0	0	0	
965784	Frontal_Sup_L	8056	392	0	12512	10484	472	80666	974	5052	82	12362	834	14088	1452	10192	1714	5654	566	69006	18622	0	0	62378	16338	772	554	212	0	27038	1042	18340	17366	8014	19210	0	0	6712	0	188	0	0	0	0	0	0	0	0	0	0	0	98	0	0	0	126	0	5384	202	0	0	1198	0	492	0	0	0	0	0	294	0	11850	2964	20364	1640	2108	130	784	442	1006	0	1196	0	430	0	444	0	0	0	396	0	0	0	0	0	0	0	0	0	0	0	0	0	0	0	0	0	0	0	0	0	0	0	0	0	0	0	
797376	Frontal_Sup_R	130	17664	12512	0	100	3314	5412	41226	268	496	136	11616	350	7240	372	4372	224	7862	14544	44368	0	0	22664	39870	0	2922	0	766	776	10564	9182	32506	6056	30140	0	108	376	2222	196	472	0	0	0	0	0	0	0	0	0	0	0	0	0	0	0	972	0	2060	0	0	0	0	0	0	0	0	0	0	404	292	2484	19760	1032	20190	0	8718	430	10336	0	106	0	162	0	272	0	0	0	0	0	444	0	0	0	0	0	0	0	0	0	0	0	0	0	0	0	0	0	0	0	0	0	0	0	0	0	0	
183440	Frontal_Sup_Orb_L	0	0	10484	100	0	0	4234	0	14858	0	516	0	3746	0	19800	0	0	0	972	434	2794	220	2948	0	4992	0	7294	0	9060	0	2590	92	0	318	0	0	126	0	0	0	0	0	0	0	0	0	0	0	0	0	0	0	0	0	0	0	0	0	0	0	0	0	0	0	0	0	0	0	0	0	1848	222	3346	0	0	0	0	0	0	0	0	0	726	0	0	0	0	0	0	0	0	0	0	0	0	0	0	0	0	0	0	0	0	0	0	0	0	0	0	0	0	0	0	0	0	0	
112156	Frontal_Sup_Orb_R	0	0	472	3314	0	0	0	1074	0	1780	0	0	0	606	0	2664	0	0	100	0	462	1972	786	4194	1084	11112	504	9882	124	524	2542	4856	0	232	0	0	0	0	0	0	0	468	0	0	0	0	0	0	0	0	0	0	0	0	0	0	0	0	0	0	0	0	0	0	0	0	0	0	0	0	590	3418	280	3038	0	0	0	0	0	0	0	0	0	0	0	0	0	0	0	0	0	0	0	0	0	0	0	0	0	0	0	0	0	0	0	0	0	0	0	0	0	0	0	0	0	0	
630132	Frontal_Mid_L	26654	302	80666	5412	4234	0	0	530	5828	0	14832	148	30180	858	6862	976	5172	84	15578	3848	0	0	24332	5458	0	0	0	0	25466	216	5970	6170	3694	7826	0	0	3408	0	98	0	0	0	0	0	0	0	0	0	0	0	156	0	0	0	172	0	8274	0	102	0	1896	0	0	0	0	0	0	0	284	0	4990	1170	8216	476	200	0	636	202	1418	0	1010	0	0	0	480	0	0	0	582	0	0	0	0	0	0	0	0	0	0	0	0	0	0	0	0	0	0	0	0	0	0	0	0	0	0	0	
364416	Frontal_Mid_R	0	12984	974	41226	0	1074	530	0	0	616	0	20638	0	21276	0	1506	0	3210	1850	4596	0	0	3168	6134	0	0	0	0	0	9602	986	6010	1202	6230	0	0	162	4706	114	1674	0	0	0	0	0	0	0	0	0	0	0	0	0	0	0	2394	0	1010	0	0	0	0	0	0	0	0	0	0	0	0	1188	3350	202	15164	124	5436	210	1918	0	0	0	0	0	0	0	0	0	0	0	744	0	0	0	0	0	0	0	0	0	0	0	0	0	0	0	0	0	0	0	0	0	0	0	0	0	0	
142924	Frontal_Mid_Orb_L	0	0	5052	268	14858	0	5828	0	0	0	746	0	4332	88	19222	114	94	0	2196	1746	242	0	696	286	572	0	1224	0	4104	0	488	250	0	1578	0	0	0	0	0	0	0	0	0	0	0	0	0	0	0	0	0	0	0	0	0	0	0	0	0	0	0	0	0	0	0	0	0	0	0	0	3798	310	3038	0	0	0	106	0	0	0	0	0	226	0	0	0	0	0	0	0	0	0	0	0	0	0	0	0	0	0	0	0	0	0	0	0	0	0	0	0	0	0	0	0	0	0	
46768	Frontal_Mid_Orb_R	0	0	82	496	0	1780	0	616	0	0	0	0	0	870	0	8350	0	0	502	580	0	560	0	0	0	0	0	682	0	1918	0	116	0	576	0	0	0	0	0	0	0	474	0	0	0	0	0	0	0	0	0	0	0	0	0	0	0	0	0	0	0	0	0	0	0	0	0	0	0	0	0	884	0	4790	0	108	0	0	0	0	0	0	0	0	0	0	0	0	0	0	0	0	0	0	0	0	0	0	0	0	0	0	0	0	0	0	0	0	0	0	0	0	0	0	0	0	
243172	Frontal_Inf_Oper_L	14188	0	12362	136	516	0	14832	0	746	0	0	0	14520	0	1508	0	9976	0	8202	3472	0	0	1314	134	0	0	0	0	20482	0	756	94	122	464	0	0	986	0	0	0	0	0	0	0	0	0	0	0	0	0	0	0	0	0	0	0	7980	0	0	0	0	0	0	0	0	0	0	0	0	0	3412	84	2840	0	0	0	0	0	384	0	1402	0	674	0	0	0	0	0	0	0	0	0	0	0	0	0	0	0	0	0	0	0	0	0	0	0	0	0	0	0	0	0	0	0	0	0	
342096	Frontal_Inf_Oper_R	0	15314	834	11616	0	0	148	20638	0	0	0	0	82	14648	0	336	0	11440	4510	10406	0	0	744	3172	0	0	0	0	86	29796	150	1302	280	9070	0	0	0	3446	0	1384	0	0	0	0	0	0	0	0	0	0	0	0	0	0	0	1946	0	2250	0	0	0	0	0	0	0	0	0	0	0	0	1194	5382	210	14560	0	3808	0	580	0	108	0	232	0	660	0	0	0	0	0	716	0	0	0	0	0	0	0	0	0	0	0	0	0	0	0	0	0	0	0	0	0	0	0	0	0	0	
253272	Frontal_Inf_Tri_L	3370	0	14088	350	3746	0	30180	0	4332	0	14520	82	0	0	9590	0	1560	0	4974	1270	0	0	2788	368	0	0	0	0	25080	84	2058	428	328	926	0	0	0	0	0	0	0	0	0	0	0	0	0	0	0	0	0	0	0	0	0	0	1594	0	0	0	0	0	0	0	0	0	0	0	0	0	2464	158	1836	144	0	0	0	0	0	0	0	0	318	0	0	0	0	0	0	0	0	0	0	0	0	0	0	0	0	0	0	0	0	0	0	0	0	0	0	0	0	0	0	0	0	0	
278620	Frontal_Inf_Tri_R	138	810	1452	7240	0	606	858	21276	88	870	0	14648	0	0	136	14450	0	1468	2914	3178	0	0	3048	4518	0	0	0	0	192	16924	708	4708	1088	7764	0	0	0	1508	0	950	0	0	0	0	0	0	0	0	0	0	0	0	0	0	0	1052	0	0	0	0	0	0	0	0	0	0	0	0	0	0	3082	13622	910	6898	0	604	164	1242	0	0	0	0	0	0	0	0	0	0	0	196	0	0	0	0	0	0	0	0	0	0	0	0	0	0	0	0	0	0	0	0	0	0	0	0	0	0	
224980	Frontal_Inf_Orb_L	0	0	10192	372	19800	0	6862	0	19222	0	1508	0	9590	136	0	176	116	0	3358	2320	1600	150	1280	378	0	0	1438	0	15874	122	1166	326	0	2028	0	0	0	0	142	0	0	0	0	0	0	0	0	0	0	0	0	0	0	0	0	0	0	0	0	0	0	0	0	0	0	0	0	0	0	0	5660	476	6684	86	0	0	174	0	0	0	0	0	1254	0	0	0	0	0	0	0	0	0	0	0	0	0	0	0	0	0	0	0	0	0	0	0	0	0	0	0	0	0	0	0	0	0	
193684	Frontal_Inf_Orb_R	150	0	1714	4372	0	2664	976	1506	114	8350	0	336	0	14450	176	0	0	0	3814	3656	104	1764	2338	2712	0	0	0	1846	222	7452	388	2876	1132	5172	0	0	0	0	0	0	0	876	0	0	0	0	0	0	0	0	0	0	0	0	0	0	94	0	0	0	0	0	0	0	0	0	0	0	0	0	2246	12824	628	9200	0	408	188	1542	0	0	0	0	0	552	0	0	0	0	0	0	0	0	0	0	0	0	0	0	0	0	0	0	0	0	0	0	0	0	0	0	0	0	0	0	0	0	
196632	Rolandic_Oper_L	6246	0	5654	224	0	0	5172	0	94	0	9976	0	1560	0	116	0	0	0	6888	2392	0	0	200	0	0	0	0	0	20772	0	86	0	0	386	0	0	1020	0	0	0	0	0	0	0	0	0	0	0	104	0	1438	0	256	0	88	0	9350	0	158	0	2346	0	1020	0	180	0	156	0	770	0	2120	0	2168	0	184	0	0	0	3390	0	7662	0	360	0	3448	0	0	0	2332	0	0	0	0	0	0	0	0	0	0	0	0	0	0	0	0	0	0	0	0	0	0	0	0	0	0	0	
150324	Rolandic_Oper_R	0	1252	566	7862	0	0	84	3210	0	0	0	11440	0	1468	0	0	0	0	3146	9334	0	0	222	420	0	0	0	0	0	16430	0	90	0	3324	0	0	0	638	0	102	0	0	0	0	0	0	0	0	0	0	0	0	0	0	0	98	0	2736	0	0	0	284	0	1442	0	0	0	0	0	154	336	1144	0	4778	0	272	0	168	0	876	0	2256	0	628	0	220	0	0	0	182	0	0	0	0	0	0	0	0	0	0	0	0	0	0	0	0	0	0	0	0	0	0	0	0	0	0	
941460	Supp_Motor_Area_L	7198	5114	69006	14544	972	100	15578	1850	2196	502	8202	4510	4974	2914	3358	3814	6888	3146	0	73894	0	0	19392	3956	0	0	0	0	16884	5056	5430	6618	14862	39976	470	1274	4492	686	336	0	0	0	0	0	0	0	0	0	0	0	0	0	0	0	210	138	5930	916	0	0	396	0	352	0	0	0	104	0	3934	2152	24004	14894	30858	8128	7414	1606	12346	7012	342	0	1002	0	230	244	0	0	0	0	326	0	0	0	0	0	0	0	0	0	0	0	0	0	0	0	0	0	0	0	0	0	0	0	0	0	0	0	
888072	Supp_Motor_Area_R	750	10616	18622	44368	434	0	3848	4596	1746	580	3472	10406	1270	3178	2320	3656	2392	9334	73894	0	0	0	4522	7780	0	0	0	0	5968	11066	1746	2992	12134	60536	1084	4536	558	1676	114	178	0	0	0	194	0	598	0	98	0	562	0	0	0	0	0	576	240	2076	0	484	0	148	0	410	0	0	192	1784	7170	19158	17792	24966	4250	15996	602	6186	8994	16884	0	96	420	602	176	444	0	1058	0	0	0	1508	0	0	0	0	0	0	0	0	0	0	0	0	0	0	0	0	0	0	0	0	0	0	0	0	0	0	
90020	Olfactory_L	0	0	0	0	2794	462	0	0	242	0	0	0	0	0	1600	104	0	0	0	0	0	6184	0	0	352	0	6346	2618	3722	0	2810	1842	0	0	0	0	282	0	1126	0	720	0	0	0	0	0	0	0	0	0	0	0	0	0	184	0	0	0	0	0	0	0	0	0	0	0	0	0	0	0	7994	3002	2292	0	0	0	0	0	0	0	0	0	334	0	0	0	0	0	0	0	0	0	0	0	0	0	0	0	0	0	0	0	0	0	0	0	0	0	0	0	0	0	0	0	0	0	
88424	Olfactory_R	0	0	0	0	220	1972	0	0	0	560	0	0	0	0	150	1764	0	0	0	0	6184	0	0	0	0	104	3668	4524	304	2430	2014	2224	0	0	0	0	0	0	0	408	0	2556	0	0	0	0	0	0	0	0	0	0	0	0	0	0	0	0	0	0	0	0	0	0	0	0	0	0	0	0	7638	4964	2144	272	0	0	0	0	0	0	0	0	0	112	0	0	0	0	0	0	0	0	0	0	0	0	0	0	0	0	0	0	0	0	0	0	0	0	0	0	0	0	0	0	0	0	
620388	Frontal_Sup_Medial_L	0	0	62378	22664	2948	786	24332	3168	696	0	1314	744	2788	3048	1280	2338	200	222	19392	4522	0	0	0	36524	2128	1516	840	176	3886	868	23422	32352	14638	32126	302	0	90	0	0	0	0	0	0	0	0	0	0	0	0	0	0	0	0	0	0	0	0	0	0	0	0	0	0	0	0	0	0	0	0	0	2420	2054	2752	1280	0	0	0	0	0	0	0	0	0	0	0	0	0	0	0	0	0	0	0	0	0	0	0	0	0	0	0	0	0	0	0	0	0	0	0	0	0	0	0	0	0	0	
466728	Frontal_Sup_Medial_R	0	364	16338	39870	0	4194	5458	6134	286	0	134	3172	368	4518	378	2712	0	420	3956	7780	0	0	36524	0	172	7312	0	860	606	3474	11104	33798	4346	26448	0	0	0	0	0	0	0	0	0	0	0	0	0	0	0	0	0	0	0	0	0	0	0	0	0	0	0	0	0	0	0	0	0	0	0	0	2028	6286	536	3312	0	476	0	0	0	0	0	0	0	0	0	0	0	0	0	0	0	0	0	0	0	0	0	0	0	0	0	0	0	0	0	0	0	0	0	0	0	0	0	0	0	0	
39696	Frontal_Med_Orb_L	0	0	772	0	4992	1084	0	0	572	0	0	0	0	0	0	0	0	0	0	0	352	0	2128	172	0	1390	3382	654	0	0	3376	300	0	0	0	0	0	0	0	0	0	0	0	0	0	0	0	0	0	0	0	0	0	0	0	0	0	0	0	0	0	0	0	0	0	0	0	0	0	0	318	0	356	0	0	0	0	0	0	0	0	0	0	0	0	0	0	0	0	0	0	0	0	0	0	0	0	0	0	0	0	0	0	0	0	0	0	0	0	0	0	0	0	0	0	0	
93728	Frontal_Med_Orb_R	0	0	554	2922	0	11112	0	0	0	0	0	0	0	0	0	0	0	0	0	0	0	104	1516	7312	1390	0	196	6000	92	0	4354	8618	0	206	0	0	0	0	0	0	0	0	0	0	0	0	0	0	0	0	0	0	0	0	0	0	0	0	0	0	0	0	0	0	0	0	0	0	0	0	0	2162	234	92	0	0	0	0	0	0	0	0	0	0	0	0	0	0	0	0	0	0	0	0	0	0	0	0	0	0	0	0	0	0	0	0	0	0	0	0	0	0	0	0	0	0	
76900	Rectus_L	0	0	212	0	7294	504	0	0	1224	0	0	0	0	0	1438	0	0	0	0	0	6346	3668	840	0	3382	196	0	2076	340	0	3070	994	0	0	0	0	0	0	0	0	0	0	0	0	0	0	0	0	0	0	0	0	0	0	0	0	0	0	0	0	0	0	0	0	0	0	0	0	0	0	4902	1630	334	0	0	0	0	0	0	0	0	0	0	0	0	0	0	0	0	0	0	0	0	0	0	0	0	0	0	0	0	0	0	0	0	0	0	0	0	0	0	0	0	0	0	0	
88388	Rectus_R	0	0	0	766	0	9882	0	0	0	682	0	0	0	0	0	1846	0	0	0	0	2618	4524	176	860	654	6000	2076	0	0	370	1748	4340	98	380	0	0	0	0	0	0	0	752	0	0	0	0	0	0	0	0	0	0	0	0	0	0	0	0	0	0	0	0	0	0	0	0	0	0	0	0	2464	2580	356	1022	0	0	0	0	0	0	0	0	0	0	0	0	0	0	0	0	0	0	0	0	0	0	0	0	0	0	0	0	0	0	0	0	0	0	0	0	0	0	0	0	0	0	
629996	Insula_L	18368	308	27038	776	9060	124	25466	0	4104	0	20482	86	25080	192	15874	222	20772	0	16884	5968	3722	304	3886	606	0	92	340	0	0	100	3714	884	258	1390	0	0	17630	0	2412	0	4524	0	0	0	0	0	0	0	138	0	1284	0	108	0	3942	0	8762	120	190	0	2278	0	946	0	0	0	186	0	478	0	8422	700	24350	238	150	0	742	308	12888	0	6730	0	1904	0	3396	0	0	0	6072	0	0	0	0	0	0	0	0	0	0	0	0	0	0	0	0	0	0	0	0	0	0	0	0	0	0	0	
395956	Insula_R	0	6310	1042	10564	0	524	216	9602	0	1918	0	29796	84	16924	122	7452	0	16430	5056	11066	0	2430	868	3474	0	0	0	370	100	0	194	1638	340	9386	0	0	0	6190	0	1778	0	4238	0	0	0	0	0	0	0	0	0	0	0	150	0	1968	0	1288	0	0	0	0	0	166	0	0	0	0	0	0	1838	10176	488	24618	0	1274	0	916	0	2210	0	1430	0	1538	0	348	0	0	0	1458	0	0	0	0	0	0	0	0	0	0	0	0	0	0	0	0	0	0	0	0	0	0	0	0	0	0	
349848	Cingulum_Ant_L	0	0	18340	9182	2590	2542	5970	986	488	0	756	150	2058	708	1166	388	86	0	5430	1746	2810	2014	23422	11104	3376	4354	3070	1748	3714	194	0	27934	7734	9314	192	0	0	0	0	0	0	0	0	0	0	0	0	0	0	0	0	0	0	0	0	0	0	0	0	0	0	0	0	0	0	0	0	0	0	0	9496	1364	10054	444	0	0	0	0	0	0	0	0	0	0	0	0	0	0	0	0	0	0	0	0	0	0	0	0	0	0	0	0	0	0	0	0	0	0	0	0	0	0	0	0	0	0	
547776	Cingulum_Ant_R	0	158	17366	32506	92	4856	6170	6010	250	116	94	1302	428	4708	326	2876	0	90	6618	2992	1842	2224	32352	33798	300	8618	994	4340	884	1638	27934	0	10102	37474	0	0	0	182	0	0	0	0	0	0	0	0	0	0	0	0	0	0	0	0	0	0	0	0	0	0	0	0	0	0	0	0	0	0	0	0	4498	10930	1592	6608	0	620	0	0	0	0	0	0	0	0	0	0	0	0	0	0	0	0	0	0	0	0	0	0	0	0	0	0	0	0	0	0	0	0	0	0	0	0	0	0	0	0	
292128	Cingulum_Mid_L	0	1270	8014	6056	0	0	3694	1202	0	0	122	280	328	1088	0	1132	0	0	14862	12134	0	0	14638	4346	0	0	0	98	258	340	7734	10102	0	32292	3916	1224	0	0	0	0	0	0	360	0	1088	624	0	124	832	520	140	0	0	0	0	0	0	0	206	0	342	0	0	0	0	0	4252	2024	4518	1260	406	2056	90	1802	0	194	0	96	0	0	0	0	0	0	0	0	0	0	0	0	0	0	0	0	0	0	0	0	0	0	0	0	0	0	0	0	0	0	0	0	0	0	0	0	0	0	
878464	Cingulum_Mid_R	116	3016	19210	30140	318	232	7826	6230	1578	576	464	9070	926	7764	2028	5172	386	3324	39976	60536	0	0	32126	26448	0	206	0	380	1390	9386	9314	37474	32292	0	2184	9108	84	722	0	0	0	0	154	784	252	2570	0	604	270	1274	0	0	0	0	0	318	0	2190	0	784	0	240	0	0	0	0	2088	8102	5396	13270	7508	12824	2422	6884	0	958	2506	5916	0	0	0	264	0	358	0	412	0	0	0	882	0	0	0	0	0	0	0	0	0	0	0	0	0	0	0	0	0	0	0	0	0	0	0	0	0	0	
96044	Cingulum_Post_L	0	0	0	0	0	0	0	0	0	0	0	0	0	0	0	0	0	0	470	1084	0	0	302	0	0	0	0	0	0	0	192	0	3916	2184	0	8430	4046	3740	3014	914	0	0	2262	0	536	356	1224	0	764	0	1032	0	558	0	408	550	86	0	474	0	100	0	0	0	0	0	3890	1242	2858	662	0	0	0	0	0	0	154	2318	0	0	0	0	0	0	110	0	0	0	0	146	0	0	0	0	0	0	0	0	0	0	0	0	0	0	0	0	0	0	0	0	0	0	0	0	0	0	
163820	Cingulum_Post_R	0	278	0	108	0	0	0	0	0	0	0	0	0	0	0	0	0	0	1274	4536	0	0	0	0	0	0	0	0	0	0	0	0	1224	9108	8430	0	2394	5224	1466	1108	0	0	216	898	0	5744	358	1340	0	4102	0	460	0	348	0	1550	0	444	0	3102	0	422	0	172	0	500	1632	13368	446	4434	0	0	0	0	0	0	0	1702	0	0	0	426	0	0	0	2022	0	0	0	2900	0	0	0	0	0	0	0	0	0	0	0	0	0	0	0	0	0	0	0	0	174	0	0	0	0	0	
278664	Hippocampus_L	7442	1112	6712	376	126	0	3408	162	0	0	986	0	0	0	0	0	1020	0	4492	558	282	0	90	0	0	0	0	0	17630	0	0	0	0	84	4046	2394	0	3914	13490	1038	8166	302	712	0	0	0	2040	376	0	0	0	0	454	0	10858	496	666	114	0	0	0	0	0	0	0	0	868	364	172	0	240	338	20594	286	554	0	3998	4178	2958	0	1030	0	402	0	582	0	0	0	8262	0	202	0	136	0	0	0	0	0	186	0	0	0	0	0	0	0	0	0	0	436	0	0	0	0	0	0	
305824	Hippocampus_R	0	4450	0	2222	0	0	0	4706	0	0	0	3446	0	1508	0	0	0	638	686	1676	0	0	0	0	0	0	0	0	0	6190	0	182	0	722	3740	5224	3914	0	2750	14816	0	9248	190	190	0	546	502	1086	0	1780	0	868	0	512	0	21046	0	834	0	2188	0	1250	0	1406	0	2018	286	2762	188	1056	0	118	0	15190	0	390	318	6958	0	640	0	4996	0	100	0	3396	0	0	0	15878	0	0	0	0	0	0	0	0	0	0	0	0	0	0	0	0	0	0	0	0	102	0	0	0	0	0	
94712	ParaHippocampal_L	342	202	188	196	0	0	98	114	0	0	0	0	0	0	142	0	0	0	336	114	1126	0	0	0	0	0	0	0	2412	0	0	0	0	0	3014	1466	13490	2750	0	866	2442	222	662	0	0	0	2338	342	0	0	0	0	222	0	4092	446	0	0	0	0	0	0	0	0	0	0	786	354	0	0	0	0	1970	268	160	0	866	2618	0	0	0	0	542	0	0	0	0	0	880	0	0	0	0	0	180	0	484	0	88	0	0	0	0	0	0	0	0	0	94	444	0	0	0	0	0	0	
111972	ParaHippocampal_R	0	374	0	472	0	0	0	1674	0	0	0	1384	0	950	0	0	0	102	0	178	0	408	0	0	0	0	0	0	0	1778	0	0	0	0	914	1108	1038	14816	866	0	0	4146	104	432	0	132	214	3058	0	158	0	102	0	492	0	11954	0	0	0	0	0	0	0	0	0	0	0	738	0	0	0	0	0	4232	0	140	0	2078	0	282	0	176	0	436	0	100	0	172	0	630	0	0	0	0	0	0	0	148	0	0	0	0	0	0	0	0	0	0	0	0	0	0	0	0	0	0	
47660	Amygdala_L	0	0	0	0	0	0	0	0	0	0	0	0	0	0	0	0	0	0	0	0	720	0	0	0	0	0	0	0	4524	0	0	0	0	0	0	0	8166	0	2442	0	0	0	0	0	0	0	0	0	0	0	0	0	0	0	3444	0	0	0	0	0	0	0	0	0	0	0	0	0	0	0	0	0	1912	0	0	0	0	0	0	0	0	0	680	0	0	0	0	0	1942	0	0	0	0	0	0	0	0	0	0	0	0	0	0	0	0	0	0	0	0	0	0	0	0	0	0	0	
62408	Amygdala_R	0	0	0	0	0	468	0	0	0	474	0	0	0	0	0	876	0	0	0	0	0	2556	0	0	0	0	0	752	0	4238	0	0	0	0	0	0	302	9248	222	4146	0	0	0	0	0	0	0	0	0	0	0	0	0	0	0	4128	0	0	0	0	0	0	0	0	0	0	0	0	0	0	0	0	0	2534	0	0	0	0	0	0	0	0	0	548	0	0	0	0	0	712	0	0	0	0	0	0	0	0	0	0	0	0	0	0	0	0	0	0	0	0	0	0	0	0	0	0	
159860	Calcarine_L	94	0	0	0	0	0	0	0	0	0	0	0	0	0	0	0	0	0	0	0	0	0	0	0	0	0	0	0	0	0	0	0	360	154	2262	216	712	190	662	104	0	0	0	9582	10818	7106	4956	5422	7826	5404	8050	1384	1078	668	218	2740	0	0	346	0	0	0	0	0	142	0	8376	356	368	0	0	0	0	0	0	0	0	94	0	0	0	0	0	0	0	148	0	0	0	0	0	0	0	0	0	0	94	0	0	0	0	0	0	0	0	0	0	0	0	0	0	0	0	0	0	0	
248048	Calcarine_R	0	202	0	0	0	0	0	0	0	0	0	0	0	0	0	0	0	0	0	194	0	0	0	0	0	0	0	0	0	0	0	0	0	784	0	898	0	190	0	432	0	0	9582	0	1528	25836	268	15592	0	22516	0	11196	0	5488	0	8234	0	0	0	1028	0	0	0	0	0	0	842	8266	0	402	0	0	0	0	0	0	0	0	0	0	0	124	0	0	0	6428	0	0	0	3750	0	0	0	0	0	0	0	0	100	0	0	0	0	0	0	0	0	0	0	0	0	144	0	0	0	0	
112000	Cuneus_L	0	0	0	0	0	0	0	0	0	0	0	0	0	0	0	0	0	0	0	0	0	0	0	0	0	0	0	0	0	0	0	0	1088	252	536	0	0	0	0	0	0	0	10818	1528	0	3634	702	128	16394	550	6428	92	530	0	0	0	140	0	1436	0	198	0	0	0	0	0	10760	542	244	0	0	0	0	0	0	0	0	0	0	0	0	0	0	0	0	0	0	0	0	0	0	0	0	0	0	0	0	0	0	0	0	0	0	0	0	0	0	0	0	0	0	0	0	0	0	0	
359644	Cuneus_R	0	86	0	0	0	0	0	0	0	0	0	0	0	0	0	0	0	0	0	598	0	0	0	0	0	0	0	0	0	0	0	0	624	2570	356	5744	0	546	0	132	0	0	7106	25836	3634	0	120	7872	110	45088	0	9886	0	2034	0	4804	0	1324	0	11182	0	568	0	190	0	580	6648	29422	148	4824	0	0	0	0	0	0	0	0	0	0	0	510	0	0	0	5684	0	0	0	1596	0	0	0	0	0	0	0	0	0	0	0	0	0	0	0	0	0	0	0	0	0	0	0	0	0	0	
140396	Lingual_L	0	0	0	0	0	0	0	0	0	0	0	0	0	0	0	0	0	0	0	0	0	0	0	0	0	0	0	0	0	0	0	0	0	0	1224	358	2040	502	2338	214	0	0	4956	268	702	120	0	1336	1130	116	5186	0	2492	0	11560	328	0	0	0	0	0	0	0	0	0	0	1302	0	0	0	0	0	0	0	0	0	284	454	0	0	0	0	0	0	0	0	0	0	0	0	5250	580	0	0	176	88	9358	168	10972	760	0	0	0	0	138	0	0	0	0	134	2264	3194	206	0	0	0	
308388	Lingual_R	0	0	0	0	0	0	0	0	0	0	0	0	0	0	0	0	0	0	0	98	0	0	0	0	0	0	0	0	0	0	0	0	124	604	0	1340	376	1086	342	3058	0	0	5422	15592	128	7872	1336	0	0	9038	0	4194	0	6742	1948	24194	0	0	0	812	0	0	0	0	0	0	432	5990	0	152	0	0	0	0	0	0	168	182	0	0	0	114	0	0	0	1924	0	0	0	848	4604	5110	694	228	470	0	2466	5626	9220	11420	0	0	0	0	516	0	0	0	0	464	6856	11502	902	0	0	0	
217576	Occipital_Sup_L	314	0	0	0	0	0	0	0	0	0	0	0	0	0	0	0	104	0	0	0	0	0	0	0	0	0	0	0	138	0	0	0	832	270	764	0	0	0	0	0	0	0	7826	0	16394	110	1130	0	0	0	27552	0	1276	0	0	0	328	0	18936	0	2414	0	0	0	666	0	21396	382	958	0	0	0	0	0	0	0	0	0	202	0	0	0	0	0	4704	0	0	0	2092	0	0	0	0	0	0	0	0	0	0	0	0	0	0	0	0	0	0	0	0	0	0	0	0	0	0	0	
409516	Occipital_Sup_R	0	0	0	0	0	0	0	0	0	0	0	0	0	0	0	0	0	0	0	562	0	0	0	0	0	0	0	0	0	0	0	0	520	1274	0	4102	0	1780	0	158	0	0	5404	22516	550	45088	116	9038	0	0	0	24592	0	3558	0	6086	0	1258	0	18796	0	1368	0	664	0	4338	4044	25914	144	4404	0	0	0	0	0	0	0	0	0	0	0	2364	0	0	0	11940	0	0	0	4008	0	0	0	0	0	0	0	0	0	84	0	0	0	0	0	0	0	0	0	0	0	88	0	0	0	0	
372144	Occipital_Mid_L	1944	0	98	0	0	0	156	0	0	0	0	0	0	0	0	0	1438	0	0	0	0	0	0	0	0	0	0	0	1284	0	0	0	140	0	1032	0	0	0	0	0	0	0	8050	0	6428	0	5186	0	27552	0	0	0	16046	0	1328	0	1968	0	24512	0	10694	0	158	0	17104	0	22654	0	4884	0	0	0	0	0	0	0	0	0	1810	0	450	0	0	0	20310	0	0	0	10846	0	0	0	0	0	0	0	0	0	0	0	0	0	0	0	0	0	0	0	0	0	0	0	0	0	0	0	
200488	Occipital_Mid_R	0	0	0	0	0	0	0	0	0	0	0	0	0	0	0	0	0	0	0	0	0	0	0	0	0	0	0	0	0	0	0	0	0	0	0	460	0	868	0	102	0	0	1384	11196	92	9886	0	4194	0	24592	0	0	0	6468	0	4316	0	0	0	3310	0	1362	0	430	0	9586	368	2622	0	164	0	0	0	0	0	0	0	0	0	0	0	1454	0	0	0	13472	0	0	0	3618	0	0	0	0	0	0	0	0	0	148	0	0	0	0	0	0	0	0	0	0	0	152	0	0	0	0	
91416	Occipital_Inf_L	448	0	0	0	0	0	0	0	0	0	0	0	0	0	0	0	256	0	0	0	0	0	0	0	0	0	0	0	108	0	0	0	0	0	558	0	454	0	222	0	0	0	1078	0	530	0	2492	0	1276	0	16046	0	0	0	6936	0	582	0	408	0	448	0	0	0	1656	0	966	0	2156	0	0	0	0	0	0	0	0	0	154	0	0	0	0	0	4900	0	0	0	4034	0	0	0	0	0	0	0	0	0	0	0	0	0	0	0	0	0	0	0	0	0	0	0	0	0	0	0	
108836	Occipital_Inf_R	0	154	0	0	0	0	0	0	0	0	0	0	0	0	0	0	0	0	0	0	0	0	0	0	0	0	0	0	0	150	0	0	0	0	0	348	0	512	0	492	0	0	668	5488	0	2034	0	6742	0	3558	0	6468	0	0	0	10070	0	0	0	320	0	0	0	0	0	0	204	832	0	100	0	0	0	0	0	0	0	0	0	0	0	100	0	0	0	3052	0	0	0	4462	514	0	0	0	0	0	342	1818	862	2154	0	0	0	0	0	0	0	0	0	0	1694	1280	0	0	0	0	
322324	Fusiform_L	496	0	126	0	0	0	172	0	0	0	0	0	0	0	0	0	88	0	210	0	184	0	0	0	0	0	0	0	3942	0	0	0	0	0	408	0	10858	0	4092	0	3444	0	218	0	0	0	11560	1948	0	0	1328	0	6936	0	0	834	148	0	0	0	0	0	0	0	0	0	0	0	750	0	0	0	1074	0	0	0	136	98	0	0	382	0	3296	0	1558	0	1034	0	15960	0	26886	696	3892	168	222	0	13912	0	32668	1386	2362	0	1388	0	118	0	0	0	0	0	974	4404	806	0	0	0	
419952	Fusiform_R	0	1608	0	972	0	0	0	2394	0	0	0	1946	0	1052	0	0	0	98	138	576	0	0	0	0	0	0	0	0	0	1968	0	0	0	318	550	1550	496	21046	446	11954	0	4128	2740	8234	0	4804	328	24194	0	6086	0	4316	0	10070	834	0	0	212	0	260	0	0	0	0	0	0	188	1594	0	326	0	0	0	6274	0	100	0	1158	0	276	0	858	0	2214	0	3074	0	902	0	10900	3498	12024	356	98	518	276	1992	9270	6780	18176	0	0	0	0	580	0	0	0	0	298	6026	8418	484	0	0	0	
300008	Postcentral_L	32636	320	5384	0	0	0	8274	0	0	0	7980	0	1594	0	0	94	9350	0	5930	240	0	0	0	0	0	0	0	0	8762	0	0	0	0	0	86	0	666	0	0	0	0	0	0	0	140	0	0	0	328	0	1968	0	582	0	148	0	0	404	7678	0	23906	0	7742	0	344	0	4962	0	6596	0	0	374	792	0	0	0	0	282	2602	0	3122	0	0	0	3796	0	0	0	2922	0	0	0	0	0	0	0	0	0	0	0	0	0	0	0	0	0	0	0	0	0	0	0	0	0	0	0	
139228	Postcentral_R	494	15730	202	2060	0	0	0	1010	0	0	0	2250	0	0	0	0	0	2736	916	2076	0	0	0	0	0	0	0	0	120	1288	0	0	0	2190	0	444	114	834	0	0	0	0	0	0	0	1324	0	0	0	1258	0	0	0	0	0	212	404	0	0	3736	0	5410	0	11400	0	514	136	2994	0	4904	0	0	0	1312	0	404	82	390	0	156	0	1812	0	0	0	126	0	0	0	576	0	0	0	0	0	0	0	0	0	0	0	0	0	0	0	0	0	0	0	0	0	0	0	0	0	0	
249088	Parietal_Sup_L	558	0	0	0	0	0	102	0	0	0	0	0	0	0	0	0	158	0	0	0	0	0	0	0	0	0	0	0	190	0	0	0	206	0	474	0	0	0	0	0	0	0	346	0	1436	0	0	0	18936	0	24512	0	408	0	0	0	7678	0	0	0	16332	0	0	0	3954	0	32272	112	3098	0	0	0	0	0	0	0	0	0	308	0	94	0	0	0	8632	0	0	0	4738	0	0	0	0	0	0	0	0	0	0	0	0	0	0	0	0	0	0	0	0	0	0	0	0	0	0	0	
185224	Parietal_Sup_R	0	154	0	0	0	0	0	0	0	0	0	0	0	0	0	0	0	0	0	484	0	0	0	0	0	0	0	0	0	0	0	0	0	784	0	3102	0	2188	0	0	0	0	0	1028	0	11182	0	812	0	18796	0	3310	0	320	0	260	0	3736	0	0	0	6268	0	2306	0	4572	1970	18798	0	2236	0	0	0	0	0	0	0	0	0	0	0	1382	0	0	0	4784	0	0	0	4140	0	0	0	0	0	0	0	0	0	0	0	0	0	0	0	0	0	0	0	0	0	0	0	0	0	0	
226296	Parietal_Inf_L	3188	0	1198	0	0	0	1896	0	0	0	0	0	0	0	0	0	2346	0	396	0	0	0	0	0	0	0	0	0	2278	0	0	0	342	0	100	0	0	0	0	0	0	0	0	0	198	0	0	0	2414	0	10694	0	448	0	0	0	23906	0	16332	0	0	0	10124	0	11334	0	9582	0	2260	0	0	0	0	0	0	0	0	0	344	0	2268	0	0	0	8248	0	0	0	3252	0	0	0	0	0	0	0	0	0	0	0	0	0	0	0	0	0	0	0	0	0	0	0	0	0	0	0	
77808	Parietal_Inf_R	0	182	0	0	0	0	0	0	0	0	0	0	0	0	0	0	0	284	0	148	0	0	0	0	0	0	0	0	0	0	0	0	0	240	0	422	0	1250	0	0	0	0	0	0	0	568	0	0	0	1368	0	1362	0	0	0	0	0	5410	0	6268	0	0	0	9126	0	6942	0	604	0	294	0	0	0	0	0	0	0	0	0	0	0	2588	0	0	0	526	0	0	0	1322	0	0	0	0	0	0	0	0	0	0	0	0	0	0	0	0	0	0	0	0	0	0	0	0	0	0	
72012	SupraMarginal_L	552	0	492	0	0	0	0	0	0	0	0	0	0	0	0	0	1020	0	352	0	0	0	0	0	0	0	0	0	946	0	0	0	0	0	0	0	0	0	0	0	0	0	0	0	0	0	0	0	0	0	158	0	0	0	0	0	7742	0	0	0	10124	0	0	0	3018	0	0	0	0	0	0	0	0	0	0	0	0	0	94	0	4950	0	0	0	6420	0	0	0	138	0	0	0	0	0	0	0	0	0	0	0	0	0	0	0	0	0	0	0	0	0	0	0	0	0	0	0	
85556	SupraMarginal_R	0	880	0	0	0	0	0	0	0	0	0	0	0	0	0	0	0	1442	0	410	0	0	0	0	0	0	0	0	0	166	0	0	0	0	0	172	0	1406	0	0	0	0	0	0	0	190	0	0	0	664	0	430	0	0	0	0	0	11400	0	2306	0	9126	0	0	0	3690	0	198	0	502	0	0	0	0	0	0	0	0	0	138	0	6806	0	0	0	1268	0	0	0	1584	0	0	0	0	0	0	0	0	0	0	0	0	0	0	0	0	0	0	0	0	0	0	0	0	0	0	
102624	Angular_L	0	0	0	0	0	0	0	0	0	0	0	0	0	0	0	0	180	0	0	0	0	0	0	0	0	0	0	0	0	0	0	0	0	0	0	0	0	0	0	0	0	0	142	0	0	0	0	0	666	0	17104	0	1656	0	0	0	344	0	3954	0	11334	0	3018	0	0	0	3140	0	94	0	0	0	0	0	0	0	0	0	0	0	608	0	0	0	7108	0	0	0	1964	0	0	0	0	0	0	0	0	0	0	0	0	0	0	0	0	0	0	0	0	0	0	0	0	0	0	0	
85552	Angular_R	0	0	0	0	0	0	0	0	0	0	0	0	0	0	0	0	0	0	0	0	0	0	0	0	0	0	0	0	0	0	0	0	0	0	0	500	0	2018	0	0	0	0	0	0	0	580	0	0	0	4338	0	9586	0	0	0	0	0	514	0	4572	0	6942	0	3690	0	0	0	624	0	0	0	0	0	0	0	0	0	0	0	0	0	4044	0	0	0	3334	0	0	0	2034	0	0	0	0	0	0	0	0	0	0	0	0	0	0	0	0	0	0	0	0	0	0	0	0	0	0	
347028	Precuneus_L	638	0	0	0	0	0	0	0	0	0	0	0	0	0	0	0	156	0	104	192	0	0	0	0	0	0	0	0	186	0	0	0	4252	2088	3890	1632	868	286	786	0	0	0	8376	842	10760	6648	1302	432	21396	4044	22654	368	966	204	0	188	4962	136	32272	1970	9582	0	0	0	3140	0	0	10058	3544	610	0	0	0	0	0	0	0	188	310	0	0	0	0	0	8214	508	0	0	4320	352	0	0	0	0	0	0	90	0	0	0	0	0	0	0	0	0	0	0	0	0	0	0	0	0	0	0	
329216	Precuneus_R	0	248	0	0	0	0	0	0	0	0	0	0	0	0	0	0	0	0	0	1784	0	0	0	0	0	0	0	0	0	0	0	0	2024	8102	1242	13368	364	2762	354	738	0	0	356	8266	542	29422	0	5990	382	25914	0	2622	0	832	0	1594	0	2994	112	18798	0	604	0	198	0	624	10058	0	300	8496	0	0	0	0	0	0	0	682	0	0	0	838	0	0	0	8062	0	0	0	5650	0	0	0	0	0	0	0	0	0	0	0	0	0	0	0	0	0	0	0	0	286	0	0	0	0	0	
138220	Paracentral_Lobule_L	2764	1342	294	404	0	0	284	0	0	0	0	0	0	0	0	0	770	0	3934	7170	0	0	0	0	0	0	0	0	478	0	0	0	4518	5396	2858	446	172	188	0	0	0	0	368	0	244	148	0	0	958	144	4884	0	2156	0	750	0	6596	0	3098	0	2260	0	0	0	94	0	3544	300	0	4062	0	286	398	0	0	0	276	318	192	0	192	0	0	0	3816	0	0	0	2842	166	0	0	0	0	0	0	0	0	0	0	0	0	0	0	0	0	0	0	0	0	0	0	0	0	0	0	
173084	Paracentral_Lobule_R	0	6352	0	292	0	0	0	0	0	0	0	0	0	0	0	0	0	154	2152	19158	0	0	0	0	0	0	0	0	0	0	0	0	1260	13270	662	4434	0	1056	0	0	0	0	0	402	0	4824	0	152	0	4404	0	164	0	100	0	326	0	4904	0	2236	0	294	0	502	0	0	610	8496	4062	0	0	372	0	0	0	0	0	1184	0	0	0	906	0	0	0	1364	0	0	0	2450	0	0	0	0	0	0	0	0	0	0	0	0	0	0	0	0	0	0	0	0	0	0	0	0	0	0	
392472	Caudate_L	300	362	11850	2484	1848	590	4990	1188	3798	0	3412	1194	2464	3082	5660	2246	2120	336	24004	17792	7994	7638	2420	2028	318	0	4902	2464	8422	1838	9496	4498	406	7508	0	0	240	0	0	0	0	0	0	0	0	0	0	0	0	0	0	0	0	0	0	0	0	0	0	0	0	0	0	0	0	0	0	0	0	0	0	13676	21686	1686	1266	284	7020	196	0	0	382	0	148	0	0	0	0	0	0	0	0	0	0	0	0	0	0	0	0	0	0	0	0	0	0	0	0	0	0	0	0	0	0	0	0	0	
506896	Caudate_R	574	7370	2964	19760	222	3418	1170	3350	310	884	84	5382	158	13622	476	12824	0	1144	14894	24966	3002	4964	2054	6286	0	2162	1630	2580	700	10176	1364	10930	2056	12824	0	0	338	118	0	0	0	0	0	0	0	0	0	0	0	0	0	0	0	0	0	0	374	0	0	0	0	0	0	0	0	0	0	0	286	372	13676	0	4112	22196	154	5408	3432	28682	0	0	0	0	0	0	0	0	0	0	0	0	0	0	0	0	0	0	0	0	0	0	0	0	0	0	0	0	0	0	0	0	0	0	0	0	0	0	
415484	Putamen_L	5260	808	20364	1032	3346	280	8216	202	3038	0	2840	210	1836	910	6684	628	2168	0	30858	4250	2292	2144	2752	536	356	234	334	356	24350	488	10054	1592	90	2422	0	0	20594	0	1970	0	1912	0	0	0	0	0	0	0	0	0	0	0	0	0	1074	0	792	0	0	0	0	0	0	0	0	0	0	0	398	0	21686	4112	0	612	6814	168	3884	858	152	0	380	0	222	0	0	0	0	0	1184	0	0	0	0	0	0	0	0	0	0	0	0	0	0	0	0	0	0	0	0	0	0	0	0	0	0	0	
468984	Putamen_R	0	7658	1640	20190	0	3038	476	15164	0	4790	0	14560	144	6898	86	9200	0	4778	8128	15996	0	272	1280	3312	0	92	0	1022	238	24618	444	6608	1802	6884	0	0	286	15190	268	4232	0	2534	0	0	0	0	0	0	0	0	0	0	0	0	0	6274	0	1312	0	0	0	0	0	0	0	0	0	0	0	0	1686	22196	612	0	0	14780	106	2258	0	498	0	402	0	150	0	116	0	0	0	2274	0	0	0	0	0	0	0	0	0	0	0	0	0	0	0	0	0	0	0	0	0	0	0	0	0	0	
45336	Pallidum_L	98	536	2108	0	0	0	200	124	0	0	0	0	0	0	0	0	184	0	7414	602	0	0	0	0	0	0	0	0	150	0	0	0	0	0	0	0	554	0	160	0	0	0	0	0	0	0	0	0	0	0	0	0	0	0	0	0	0	0	0	0	0	0	0	0	0	0	0	0	0	0	1266	154	6814	0	0	0	2304	0	0	0	0	0	0	0	0	0	0	0	0	0	0	0	0	0	0	0	0	0	0	0	0	0	0	0	0	0	0	0	0	0	0	0	0	0	0	0	
110632	Pallidum_R	0	2258	130	8718	0	0	0	5436	0	108	0	3808	0	604	0	408	0	272	1606	6186	0	0	0	476	0	0	0	0	0	1274	0	620	194	958	0	0	0	390	0	140	0	0	0	0	0	0	0	0	0	0	0	0	0	0	0	100	0	404	0	0	0	0	0	0	0	0	0	0	0	0	284	5408	168	14780	0	0	0	502	0	84	0	0	0	0	0	0	0	0	0	0	0	0	0	0	0	0	0	0	0	0	0	0	0	0	0	0	0	0	0	0	0	0	0	0	0	0	
120512	Thalamus_L	1284	3656	784	430	0	0	636	210	106	0	0	0	0	164	174	188	0	0	12346	8994	0	0	0	0	0	0	0	0	742	0	0	0	0	2506	154	0	3998	318	866	0	0	0	0	0	0	0	284	168	0	0	0	0	0	0	136	0	0	82	0	0	0	0	0	0	0	0	0	0	276	0	7020	3432	3884	106	2304	0	0	5008	0	0	0	0	0	0	0	0	0	0	0	0	0	0	0	0	0	0	0	0	0	0	0	0	0	0	0	0	0	0	0	0	0	0	0	0	0	0	
252852	Thalamus_R	554	15924	442	10336	0	0	202	1918	0	0	0	580	0	1242	0	1542	0	168	7012	16884	0	0	0	0	0	0	0	0	308	916	0	0	96	5916	2318	1702	4178	6958	2618	2078	0	0	94	0	0	0	454	182	0	0	0	0	0	0	98	1158	282	390	0	0	0	0	0	0	0	0	188	682	318	1184	196	28682	858	2258	0	502	5008	0	0	0	0	0	0	0	0	0	0	0	0	0	0	0	0	0	0	0	0	0	0	0	0	0	0	0	0	0	0	0	0	0	0	0	0	0	0	0	
97520	Heschl_L	8010	0	1006	0	0	0	1418	0	0	0	384	0	0	0	0	0	3390	0	342	0	0	0	0	0	0	0	0	0	12888	0	0	0	0	0	0	0	2958	0	0	0	0	0	0	0	0	0	0	0	202	0	1810	0	154	0	0	0	2602	0	308	0	344	0	94	0	0	0	310	0	192	0	0	0	152	0	0	0	0	0	0	0	3700	0	0	0	5264	0	0	0	3232	0	0	0	0	0	0	0	0	0	0	0	0	0	0	0	0	0	0	0	0	0	0	0	0	0	0	0	
18540	Heschl_R	0	286	0	106	0	0	0	0	0	0	0	108	0	0	0	0	0	876	0	96	0	0	0	0	0	0	0	0	0	2210	0	0	0	0	0	0	0	640	0	282	0	0	0	0	0	0	0	0	0	0	0	0	0	0	0	276	0	156	0	0	0	0	0	138	0	0	0	0	0	0	0	0	0	498	0	84	0	0	0	0	0	2680	0	0	0	346	0	0	0	488	0	0	0	0	0	0	0	0	0	0	0	0	0	0	0	0	0	0	0	0	0	0	0	0	0	0	
140084	Temporal_Sup_L	1144	0	1196	0	0	0	1010	0	0	0	1402	0	0	0	0	0	7662	0	1002	420	0	0	0	0	0	0	0	0	6730	0	0	0	0	0	0	0	1030	0	0	0	0	0	0	0	0	0	0	0	0	0	450	0	0	0	382	0	3122	0	94	0	2268	0	4950	0	608	0	0	0	192	0	382	0	380	0	0	0	0	0	3700	0	0	0	1148	0	20502	0	0	0	10268	0	0	0	0	0	0	0	0	0	0	0	0	0	0	0	0	0	0	0	0	0	0	0	0	0	0	0	
124572	Temporal_Sup_R	0	614	0	162	0	0	0	0	0	0	0	232	0	0	0	0	0	2256	0	602	0	0	0	0	0	0	0	0	0	1430	0	0	0	264	0	426	0	4996	0	176	0	0	0	124	0	510	0	114	0	2364	0	1454	0	100	0	858	0	1812	0	1382	0	2588	0	6806	0	4044	0	838	0	906	0	0	0	402	0	0	0	0	0	2680	0	0	0	988	0	12756	0	0	0	10402	0	0	0	0	0	0	0	0	0	0	0	0	0	0	0	0	0	0	0	0	0	0	0	0	0	0	
61012	Temporal_Pole_Sup_L	0	0	430	0	726	0	0	0	226	0	674	0	318	0	1254	0	360	0	230	176	334	0	0	0	0	0	0	0	1904	0	0	0	0	0	0	0	402	0	542	0	680	0	0	0	0	0	0	0	0	0	0	0	0	0	3296	0	0	0	0	0	0	0	0	0	0	0	0	0	0	0	148	0	222	0	0	0	0	0	0	0	1148	0	0	0	6122	0	3314	0	8000	0	0	0	0	0	0	0	0	0	0	0	0	0	0	0	0	0	0	0	0	0	0	0	0	0	0	0	
28300	Temporal_Pole_Sup_R	0	0	0	272	0	0	0	0	0	0	0	660	0	0	0	552	0	628	244	444	0	112	0	0	0	0	0	0	0	1538	0	0	0	358	0	0	0	100	0	436	0	548	0	0	0	0	0	0	0	0	0	0	0	0	0	2214	0	0	0	0	0	0	0	0	0	0	0	0	0	0	0	0	0	150	0	0	0	0	0	0	0	988	0	0	0	326	0	1202	0	3378	0	0	0	0	0	0	0	0	0	0	0	0	0	0	0	0	0	0	0	0	0	0	0	0	0	0	
329476	Temporal_Mid_L	2154	0	444	0	0	0	480	0	0	0	0	0	0	0	0	0	3448	0	0	0	0	0	0	0	0	0	0	0	3396	0	0	0	0	0	110	0	582	0	0	0	0	0	0	0	0	0	0	0	4704	0	20310	0	4900	0	1558	0	3796	0	8632	0	8248	0	6420	0	7108	0	8214	0	3816	0	0	0	0	0	0	0	0	0	5264	0	20502	0	6122	0	0	0	2580	0	41848	0	102	0	0	0	0	0	0	0	0	0	0	0	0	0	0	0	0	0	0	0	0	0	0	0	0	0	
222592	Temporal_Mid_R	0	856	0	0	0	0	0	0	0	0	0	0	0	0	0	0	0	220	0	1058	0	0	0	0	0	0	0	0	0	348	0	0	0	412	0	2022	0	3396	0	100	0	0	148	6428	0	5684	0	1924	0	11940	0	13472	0	3052	0	3074	0	126	0	4784	0	526	0	1268	0	3334	508	8062	0	1364	0	0	0	116	0	0	0	0	0	346	0	12756	0	326	0	0	0	148	0	23498	0	0	0	0	0	0	0	0	0	0	0	0	0	0	0	0	0	0	0	0	0	0	0	0	0	0	
20488	Temporal_Pole_Mid_L	0	0	0	0	0	0	0	0	0	0	0	0	0	0	0	0	0	0	0	0	0	0	0	0	0	0	0	0	0	0	0	0	0	0	0	0	0	0	0	0	0	0	0	0	0	0	0	0	0	0	0	0	0	0	1034	0	0	0	0	0	0	0	0	0	0	0	0	0	0	0	0	0	0	0	0	0	0	0	0	0	0	0	3314	0	2580	0	0	0	3316	0	0	0	0	0	0	0	0	0	0	0	0	0	0	0	0	0	0	0	0	0	0	0	0	0	0	0	
6396	Temporal_Pole_Mid_R	0	0	0	0	0	0	0	0	0	0	0	0	0	0	0	0	0	0	0	0	0	0	0	0	0	0	0	0	0	0	0	0	0	0	0	0	0	0	0	172	0	0	0	0	0	0	0	0	0	0	0	0	0	0	0	902	0	0	0	0	0	0	0	0	0	0	0	0	0	0	0	0	0	0	0	0	0	0	0	0	0	0	0	1202	0	148	0	0	0	774	0	0	0	0	0	0	0	0	0	0	0	0	0	0	0	0	0	0	0	0	0	0	0	0	0	0	
306860	Temporal_Inf_L	2156	0	396	0	0	0	582	0	0	0	0	0	0	0	0	0	2332	0	326	0	0	0	0	0	0	0	0	0	6072	0	0	0	0	0	0	0	8262	0	880	0	1942	0	0	0	0	0	0	0	2092	0	10846	0	4034	0	15960	0	2922	0	4738	0	3252	0	138	0	1964	0	4320	0	2842	0	0	0	1184	0	0	0	0	0	3232	0	10268	0	8000	0	41848	0	3316	0	0	0	5434	0	1838	0	0	0	96	0	1548	0	514	0	96	0	0	0	0	0	0	0	0	0	0	0	0	0	
234004	Temporal_Inf_R	0	1898	0	444	0	0	0	744	0	0	0	716	0	196	0	0	0	182	0	1508	0	0	0	0	0	0	0	0	0	1458	0	0	0	882	146	2900	0	15878	0	630	0	712	0	3750	0	1596	0	848	0	4008	0	3618	0	4462	0	10900	0	576	0	4140	0	1322	0	1584	0	2034	352	5650	166	2450	0	0	0	2274	0	0	0	0	0	488	0	10402	0	3378	0	23498	0	774	0	0	0	438	0	0	0	0	0	0	0	0	0	0	0	0	0	0	0	0	0	0	0	0	0	0	0	0	
518392	Cerebelum_Crus1_L	0	0	0	0	0	0	0	0	0	0	0	0	0	0	0	0	0	0	0	0	0	0	0	0	0	0	0	0	0	0	0	0	0	0	0	0	202	0	0	0	0	0	0	0	0	0	5250	4604	0	0	0	0	0	514	26886	3498	0	0	0	0	0	0	0	0	0	0	0	0	0	0	0	0	0	0	0	0	0	0	0	0	0	0	0	0	102	0	0	0	5434	0	0	7286	43088	2254	802	0	21422	520	59664	9354	17542	724	16018	192	5482	266	908	0	0	324	1620	12460	9642	1504	1486	148	
500732	Cerebelum_Crus1_R	0	0	0	0	0	0	0	0	0	0	0	0	0	0	0	0	0	0	0	0	0	0	0	0	0	0	0	0	0	0	0	0	0	0	0	0	0	0	0	0	0	0	0	0	0	0	580	5110	0	0	0	0	0	0	696	12024	0	0	0	0	0	0	0	0	0	0	0	0	0	0	0	0	0	0	0	0	0	0	0	0	0	0	0	0	0	0	0	0	0	438	7286	0	2622	34416	798	2316	2730	23888	8686	61410	214	9820	246	17888	1198	8400	0	1126	314	3324	10794	15380	10800	3004	3502	1356	
353852	Cerebelum_Crus2_L	0	0	0	0	0	0	0	0	0	0	0	0	0	0	0	0	0	0	0	0	0	0	0	0	0	0	0	0	0	0	0	0	0	0	0	0	136	0	0	0	0	0	0	0	0	0	0	694	0	0	0	0	0	0	3892	356	0	0	0	0	0	0	0	0	0	0	0	0	0	0	0	0	0	0	0	0	0	0	0	0	0	0	0	0	0	0	0	0	1838	0	43088	2622	0	6126	158	0	1306	0	10652	2648	40998	3796	33816	1092	6100	260	1058	0	0	0	0	2894	8698	3388	1188	122	
314496	Cerebelum_Crus2_R	0	0	0	0	0	0	0	0	0	0	0	0	0	0	0	0	0	0	0	0	0	0	0	0	0	0	0	0	0	0	0	0	0	0	0	0	0	0	0	0	0	0	0	0	0	0	0	228	0	0	0	0	0	0	168	98	0	0	0	0	0	0	0	0	0	0	0	0	0	0	0	0	0	0	0	0	0	0	0	0	0	0	0	0	0	0	0	0	0	0	2254	34416	6126	0	0	216	106	694	1496	7658	4998	29792	5152	31692	1220	7764	0	340	0	280	504	2350	10804	5748	2886	258	
34144	Cerebelum_3_L	0	0	0	0	0	0	0	0	0	0	0	0	0	0	0	0	0	0	0	0	0	0	0	0	0	0	0	0	0	0	0	0	0	0	0	0	0	0	180	0	0	0	0	0	0	0	176	470	0	0	0	0	0	0	222	518	0	0	0	0	0	0	0	0	0	0	0	0	0	0	0	0	0	0	0	0	0	0	0	0	0	0	0	0	0	0	0	0	0	0	802	798	158	0	0	142	4748	208	3090	1060	0	0	0	0	644	0	0	0	686	972	840	1090	136	0	0	132	
37668	Cerebelum_3_R	0	0	0	0	0	0	0	0	0	0	0	0	0	0	0	0	0	0	0	0	0	0	0	0	0	0	0	0	0	0	0	0	0	0	0	0	0	0	0	0	0	0	0	0	0	0	88	0	0	0	0	0	0	0	0	276	0	0	0	0	0	0	0	0	0	0	0	0	0	0	0	0	0	0	0	0	0	0	0	0	0	0	0	0	0	0	0	0	0	0	0	2316	0	216	142	0	180	4956	0	5912	0	0	0	168	0	390	0	0	548	2974	342	0	102	108	116	0	
247556	Cerebelum_4_5_L	0	0	0	0	0	0	0	0	0	0	0	0	0	0	0	0	0	0	0	0	0	0	0	0	0	0	0	0	0	0	0	0	0	0	0	0	0	0	484	0	0	0	94	0	0	0	9358	2466	0	0	0	0	0	342	13912	1992	0	0	0	0	0	0	0	0	0	0	90	0	0	0	0	0	0	0	0	0	0	0	0	0	0	0	0	0	0	0	0	0	96	0	21422	2730	1306	106	4748	180	0	2198	38306	3832	798	0	678	0	3494	0	460	0	144	1634	7932	4222	0	0	156	598	
214588	Cerebelum_4_5_R	0	0	0	0	0	0	0	0	0	0	0	0	0	0	0	0	0	0	0	0	0	0	0	0	0	0	0	0	0	0	0	0	0	0	0	0	0	0	0	148	0	0	0	0	0	0	168	5626	0	0	0	0	0	1818	0	9270	0	0	0	0	0	0	0	0	0	0	0	0	0	0	0	0	0	0	0	0	0	0	0	0	0	0	0	0	0	0	0	0	0	0	520	23888	0	694	208	4956	2198	0	1410	35548	0	0	0	254	112	104	0	0	0	3334	15570	1468	0	0	0	0	
489220	Cerebelum_6_L	0	0	0	0	0	0	0	0	0	0	0	0	0	0	0	0	0	0	0	0	0	0	0	0	0	0	0	0	0	0	0	0	0	0	0	0	186	0	88	0	0	0	0	100	0	0	10972	9220	0	0	0	0	0	862	32668	6780	0	0	0	0	0	0	0	0	0	0	0	0	0	0	0	0	0	0	0	0	0	0	0	0	0	0	0	0	0	0	0	0	1548	0	59664	8686	10652	1496	3090	0	38306	1410	0	12690	4558	188	3020	0	4392	246	268	0	0	1064	5180	19860	5364	590	856	606	
487064	Cerebelum_6_R	0	0	0	0	0	0	0	0	0	0	0	0	0	0	0	0	0	0	0	0	0	0	0	0	0	0	0	0	0	0	0	0	0	0	0	0	0	0	0	0	0	0	0	0	0	0	760	11420	0	84	0	148	0	2154	1386	18176	0	0	0	0	0	0	0	0	0	0	0	0	0	0	0	0	0	0	0	0	0	0	0	0	0	0	0	0	0	0	0	0	0	0	9354	61410	2648	7658	1060	5912	3832	35548	12690	0	0	1162	88	4870	1368	4244	0	1086	330	4552	14650	20226	9954	2468	2900	1394	
275600	Cerebelum_7b_L	0	0	0	0	0	0	0	0	0	0	0	0	0	0	0	0	0	0	0	0	0	0	0	0	0	0	0	0	0	0	0	0	0	0	0	0	0	0	0	0	0	0	0	0	0	0	0	0	0	0	0	0	0	0	2362	0	0	0	0	0	0	0	0	0	0	0	0	0	0	0	0	0	0	0	0	0	0	0	0	0	0	0	0	0	0	0	0	0	514	0	17542	214	40998	4998	0	0	798	0	4558	0	0	4102	40730	2840	6774	0	1606	0	0	0	0	0	4290	5040	434	0	
194816	Cerebelum_7b_R	0	0	0	0	0	0	0	0	0	0	0	0	0	0	0	0	0	0	0	0	0	0	0	0	0	0	0	0	0	0	0	0	0	0	0	0	0	0	0	0	0	0	0	0	0	0	0	0	0	0	0	0	0	0	0	0	0	0	0	0	0	0	0	0	0	0	0	0	0	0	0	0	0	0	0	0	0	0	0	0	0	0	0	0	0	0	0	0	0	0	724	9820	3796	29792	0	0	0	0	188	1162	4102	0	4402	27650	730	4406	0	0	0	0	0	278	4592	4892	874	0	
303628	Cerebelum_8_L	0	0	0	0	0	0	0	0	0	0	0	0	0	0	0	0	0	0	0	0	0	0	0	0	0	0	0	0	0	0	0	0	0	0	0	0	0	0	0	0	0	0	0	0	0	0	0	0	0	0	0	0	0	0	1388	0	0	0	0	0	0	0	0	0	0	0	0	0	0	0	0	0	0	0	0	0	0	0	0	0	0	0	0	0	0	0	0	0	96	0	16018	246	33816	5152	0	0	678	0	3020	88	40730	4402	0	6446	20968	944	2464	0	0	0	0	82	4376	9174	1726	0	
273500	Cerebelum_8_R	0	0	0	0	0	0	0	0	0	0	0	0	0	0	0	0	0	0	0	0	0	0	0	0	0	0	0	0	0	0	0	0	0	0	0	0	0	0	0	0	0	0	0	0	0	0	0	0	0	0	0	0	0	0	0	0	0	0	0	0	0	0	0	0	0	0	0	0	0	0	0	0	0	0	0	0	0	0	0	0	0	0	0	0	0	0	0	0	0	0	192	17888	1092	31692	0	168	0	254	0	4870	2840	27650	6446	0	2380	19496	0	752	106	230	254	386	4022	10692	4902	438	
144328	Cerebelum_9_L	0	0	0	0	0	0	0	0	0	0	0	0	0	0	0	0	0	0	0	0	0	0	0	0	0	0	0	0	0	0	0	0	0	0	0	0	0	0	0	0	0	0	0	0	0	0	138	516	0	0	0	0	0	0	118	580	0	0	0	0	0	0	0	0	0	0	0	0	0	0	0	0	0	0	0	0	0	0	0	0	0	0	0	0	0	0	0	0	0	0	5482	1198	6100	1220	644	0	3494	112	4392	1368	6774	730	20968	2380	0	800	3854	0	0	0	922	2312	1674	3518	2206	664	
132576	Cerebelum_9_R	0	0	0	0	0	0	0	0	0	0	0	0	0	0	0	0	0	0	0	0	0	0	0	0	0	0	0	0	0	0	0	0	0	0	0	0	0	0	0	0	0	0	0	0	0	0	0	0	0	0	0	0	0	0	0	0	0	0	0	0	0	0	0	0	0	0	0	0	0	0	0	0	0	0	0	0	0	0	0	0	0	0	0	0	0	0	0	0	0	0	266	8400	260	7764	0	390	0	104	246	4244	0	4406	944	19496	800	0	0	812	368	402	290	1600	3348	4270	5970	1908	
21624	Cerebelum_10_L	0	0	0	0	0	0	0	0	0	0	0	0	0	0	0	0	0	0	0	0	0	0	0	0	0	0	0	0	0	0	0	0	0	0	0	0	0	0	0	0	0	0	0	0	0	0	0	0	0	0	0	0	0	0	0	0	0	0	0	0	0	0	0	0	0	0	0	0	0	0	0	0	0	0	0	0	0	0	0	0	0	0	0	0	0	0	0	0	0	0	908	0	1058	0	0	0	460	0	268	0	1606	0	2464	0	3854	0	0	0	0	0	0	0	0	100	94	0	
9060	Cerebelum_10_R	0	0	0	0	0	0	0	0	0	0	0	0	0	0	0	0	0	0	0	0	0	0	0	0	0	0	0	0	0	0	0	0	0	0	0	0	0	0	0	0	0	0	0	0	0	0	0	0	0	0	0	0	0	0	0	0	0	0	0	0	0	0	0	0	0	0	0	0	0	0	0	0	0	0	0	0	0	0	0	0	0	0	0	0	0	0	0	0	0	0	0	1126	0	340	0	0	0	0	0	1086	0	0	0	752	0	812	0	0	0	0	0	0	154	134	126	0	
11376	Vermis_1_2	0	0	0	0	0	0	0	0	0	0	0	0	0	0	0	0	0	0	0	0	0	0	0	0	0	0	0	0	0	0	0	0	0	0	0	0	0	0	94	0	0	0	0	0	0	0	0	0	0	0	0	0	0	0	0	0	0	0	0	0	0	0	0	0	0	0	0	0	0	0	0	0	0	0	0	0	0	0	0	0	0	0	0	0	0	0	0	0	0	0	0	314	0	0	686	548	144	0	0	330	0	0	0	106	0	368	0	0	0	2524	130	0	138	148	158	0	
54232	Vermis_3	0	0	0	0	0	0	0	0	0	0	0	0	0	0	0	0	0	0	0	0	0	0	0	0	0	0	0	0	0	0	0	0	0	0	0	0	436	0	444	0	0	0	0	0	0	0	134	464	0	0	0	0	0	0	0	298	0	0	0	0	0	0	0	0	0	0	0	0	0	0	0	0	0	0	0	0	0	0	0	0	0	0	0	0	0	0	0	0	0	0	324	3324	0	280	972	2974	1634	3334	1064	4552	0	0	0	230	0	402	0	0	2524	0	3060	344	98	106	118	0	
175492	Vermis_4_5	0	0	0	0	0	0	0	0	0	0	0	0	0	0	0	0	0	0	0	0	0	0	0	0	0	0	0	0	0	0	0	0	0	0	0	174	0	102	0	0	0	0	0	0	0	0	2264	6856	0	0	0	0	0	1694	974	6026	0	0	0	0	0	0	0	0	0	0	0	286	0	0	0	0	0	0	0	0	0	0	0	0	0	0	0	0	0	0	0	0	0	0	1620	10794	0	504	840	342	7932	15570	5180	14650	0	0	0	254	922	290	0	0	130	3060	0	5536	0	0	318	1428	
265948	Vermis_6	0	0	0	0	0	0	0	0	0	0	0	0	0	0	0	0	0	0	0	0	0	0	0	0	0	0	0	0	0	0	0	0	0	0	0	0	0	0	0	0	0	0	0	144	0	0	3194	11502	0	88	0	152	0	1280	4404	8418	0	0	0	0	0	0	0	0	0	0	0	0	0	0	0	0	0	0	0	0	0	0	0	0	0	0	0	0	0	0	0	0	0	0	12460	15380	2894	2350	1090	0	4222	1468	19860	20226	0	278	82	386	2312	1600	0	0	0	344	5536	0	8122	964	1600	2618	
201992	Vermis_7	0	0	0	0	0	0	0	0	0	0	0	0	0	0	0	0	0	0	0	0	0	0	0	0	0	0	0	0	0	0	0	0	0	0	0	0	0	0	0	0	0	0	0	0	0	0	206	902	0	0	0	0	0	0	806	484	0	0	0	0	0	0	0	0	0	0	0	0	0	0	0	0	0	0	0	0	0	0	0	0	0	0	0	0	0	0	0	0	0	0	9642	10800	8698	10804	136	102	0	0	5364	9954	4290	4592	4376	4022	1674	3348	0	154	138	98	0	8122	0	6690	4642	952	
