data	data	599748	345040	938508	913528	146552	96560	521820	324020	72684	33072	325540	195124	348740	178316	221600	59068	204180	130368	636636	776816	70616	85248	390784	460256	32496	76964	60532	45312	678712	306276	387720	643772	169312	620824	227104	325148	415268	302764	186020	186064	58916	47880	237844	301320	132212	300084	278652	283072	170016	315920	459468	165620	154620	84000	503480	262616	440600	290112	213072	163764	288616	124288	185680	169100	156392	90232	268340	371580	256896	172600	357548	427976	354216	305408	71584	28584	314584	269292	166132	23352	168936	89924	108452	47020	379492	190892	26688	8948	189620	207560	648172	469856	401504	370132	49484	90992	300128	237004	540864	439624	293016	156980	329668	330300	134592	147428	25192	13036	44668	62416	231080	264480	295464	178964	149260	53104	
data	data	Precentral_L	Precentral_R	Frontal_Sup_L	Frontal_Sup_R	Frontal_Sup_Orb_L	Frontal_Sup_Orb_R	Frontal_Mid_L	Frontal_Mid_R	Frontal_Mid_Orb_L	Frontal_Mid_Orb_R	Frontal_Inf_Oper_L	Frontal_Inf_Oper_R	Frontal_Inf_Tri_L	Frontal_Inf_Tri_R	Frontal_Inf_Orb_L	Frontal_Inf_Orb_R	Rolandic_Oper_L	Rolandic_Oper_R	Supp_Motor_Area_L	Supp_Motor_Area_R	Olfactory_L	Olfactory_R	Frontal_Sup_Medial_L	Frontal_Sup_Medial_R	Frontal_Med_Orb_L	Frontal_Med_Orb_R	Rectus_L	Rectus_R	Insula_L	Insula_R	Cingulum_Ant_L	Cingulum_Ant_R	Cingulum_Mid_L	Cingulum_Mid_R	Cingulum_Post_L	Cingulum_Post_R	Hippocampus_L	Hippocampus_R	ParaHippocampal_L	ParaHippocampal_R	Amygdala_L	Amygdala_R	Calcarine_L	Calcarine_R	Cuneus_L	Cuneus_R	Lingual_L	Lingual_R	Occipital_Sup_L	Occipital_Sup_R	Occipital_Mid_L	Occipital_Mid_R	Occipital_Inf_L	Occipital_Inf_R	Fusiform_L	Fusiform_R	Postcentral_L	Postcentral_R	Parietal_Sup_L	Parietal_Sup_R	Parietal_Inf_L	Parietal_Inf_R	SupraMarginal_L	SupraMarginal_R	Angular_L	Angular_R	Precuneus_L	Precuneus_R	Paracentral_Lobule_L	Paracentral_Lobule_R	Caudate_L	Caudate_R	Putamen_L	Putamen_R	Pallidum_L	Pallidum_R	Thalamus_L	Thalamus_R	Heschl_L	Heschl_R	Temporal_Sup_L	Temporal_Sup_R	Temporal_Pole_Sup_L	Temporal_Pole_Sup_R	Temporal_Mid_L	Temporal_Mid_R	Temporal_Pole_Mid_L	Temporal_Pole_Mid_R	Temporal_Inf_L	Temporal_Inf_R	Cerebelum_Crus1_L	Cerebelum_Crus1_R	Cerebelum_Crus2_L	Cerebelum_Crus2_R	Cerebelum_3_L	Cerebelum_3_R	Cerebelum_4_5_L	Cerebelum_4_5_R	Cerebelum_6_L	Cerebelum_6_R	Cerebelum_7b_L	Cerebelum_7b_R	Cerebelum_8_L	Cerebelum_8_R	Cerebelum_9_L	Cerebelum_9_R	Cerebelum_10_L	Cerebelum_10_R	Vermis_1_2	Vermis_3	Vermis_4_5	Vermis_6	Vermis_7	Vermis_8	Vermis_9	Vermis_10	
599748	Precentral_L	0	11578	21228	10120	0	86	19180	1878	0	0	17412	492	3292	0	352	0	7948	138	8992	8718	0	0	564	582	0	0	0	0	13352	1024	1798	2366	400	3942	7708	8964	7320	3976	1092	1468	488	0	250	0	0	2190	1308	0	0	2560	476	92	160	338	686	162	31558	2268	0	0	5908	352	1082	560	0	0	772	350	27316	1772	3962	3386	2722	1024	1602	206	20884	5340	5514	0	1256	254	88	0	2284	1840	0	0	682	2212	0	0	0	0	0	0	0	0	0	0	0	0	0	0	0	0	0	0	0	0	0	0	0	0	0	0	
345040	Precentral_R	11578	0	674	32406	0	0	266	14214	0	0	0	3360	0	0	0	0	0	1858	2934	18190	0	0	0	154	0	0	0	0	552	3170	172	548	152	3276	2324	3372	1008	4756	260	272	0	0	0	0	0	662	118	0	0	804	0	166	0	152	148	110	2950	12418	0	272	564	652	240	3838	0	456	184	946	7986	3714	2832	2514	2666	2570	292	280	2664	10796	128	590	78	1294	0	0	392	2024	0	0	0	1524	0	0	0	0	0	0	0	0	0	0	0	0	0	0	0	0	0	0	0	0	0	0	0	0	0	0	
938508	Frontal_Sup_L	21228	674	0	5894	8814	98	76750	2300	2954	0	26498	470	26254	126	11146	0	8706	606	66982	11128	160	84	49960	6112	1276	124	262	0	39052	878	19104	8758	9140	6340	202	224	2934	324	348	182	208	0	0	0	0	0	0	0	0	0	0	0	0	0	506	0	5106	198	0	0	1018	0	578	0	0	0	0	0	3018	0	3916	3260	16696	370	4956	0	4212	884	3820	0	2114	0	578	154	996	0	0	0	574	0	0	0	0	0	0	0	0	0	0	0	0	0	0	0	0	0	0	0	0	0	0	0	0	0	0	0	
913528	Frontal_Sup_R	10120	32406	5894	0	0	7962	2190	36780	0	916	716	11366	920	14578	422	3144	134	7672	17076	55154	0	0	10436	49640	0	3656	0	1142	1888	15178	6988	41458	3474	33610	1380	2200	1082	2284	144	496	0	0	0	0	0	230	154	0	0	260	0	0	0	0	446	150	2268	2166	0	126	426	186	170	1328	0	0	274	908	7476	216	6760	18168	854	9096	190	2990	2956	12634	462	520	0	638	0	586	364	606	0	0	0	650	0	0	0	0	0	0	0	0	0	0	0	0	0	0	0	0	0	0	0	0	0	0	0	0	0	0	
146552	Frontal_Sup_Orb_L	0	0	8814	0	0	0	1472	0	11870	0	0	0	200	0	10302	0	0	0	0	0	1878	1038	4620	0	3398	108	7870	234	5334	0	5278	994	0	0	0	0	106	0	0	0	194	0	0	0	0	0	0	0	0	0	0	0	0	0	0	0	0	0	0	0	0	0	0	0	0	0	0	0	0	0	1838	508	6148	0	662	0	0	0	0	0	0	0	410	0	0	0	0	0	0	0	0	0	0	0	0	0	0	0	0	0	0	0	0	0	0	0	0	0	0	0	0	0	0	0	0	0	
96560	Frontal_Sup_Orb_R	86	0	98	7962	0	0	0	860	0	3698	0	334	98	474	92	2692	0	0	92	2050	0	486	264	5824	78	5128	0	4132	128	998	354	5998	0	0	0	0	0	0	0	0	0	0	0	0	0	0	0	0	0	0	0	0	0	0	0	0	0	0	0	0	0	0	0	0	0	0	0	0	0	0	920	3846	0	1302	0	0	96	190	0	0	0	0	0	0	0	0	0	0	0	0	0	0	0	0	0	0	0	0	0	0	0	0	0	0	0	0	0	0	0	0	0	0	0	0	0	0	
521820	Frontal_Mid_L	19180	266	76750	2190	1472	0	0	1754	3162	0	14720	160	34174	0	14582	0	1732	182	13736	1292	0	0	19800	1994	0	0	0	0	18060	214	8542	3876	2096	2542	276	336	1416	388	0	252	0	0	0	0	0	0	0	0	0	0	0	0	0	0	206	0	1118	186	0	0	220	0	0	0	0	0	0	0	158	0	1694	2678	1188	758	178	0	1200	430	3296	0	304	0	164	0	1468	0	0	0	520	0	0	0	0	0	0	0	0	0	0	0	0	0	0	0	0	0	0	0	0	0	0	0	0	0	0	0	
324020	Frontal_Mid_R	1878	14214	2300	36780	0	860	1754	0	0	1630	668	10956	424	15316	0	3608	110	3354	2914	6490	0	0	2058	6642	0	0	0	0	1150	5414	3006	4602	1814	10002	206	444	256	1896	0	310	0	0	0	0	0	0	0	0	0	0	0	0	0	0	0	120	276	1888	0	114	0	164	0	974	0	0	0	0	114	0	3388	2850	1750	4928	84	1086	358	1998	234	0	0	216	0	88	86	120	0	0	0	118	0	0	0	0	0	0	0	0	0	0	0	0	0	0	0	0	0	0	0	0	0	0	0	0	0	0	
72684	Frontal_Mid_Orb_L	0	0	2954	0	11870	0	3162	0	0	0	0	0	898	0	11590	0	0	0	0	0	96	0	346	0	218	0	1994	0	702	0	564	0	0	0	0	0	0	0	0	0	0	0	0	0	0	0	0	0	0	0	0	0	0	0	0	0	0	0	0	0	0	0	0	0	0	0	0	0	0	0	112	0	1466	0	168	0	0	0	0	0	0	0	202	0	0	0	0	0	0	0	0	0	0	0	0	0	0	0	0	0	0	0	0	0	0	0	0	0	0	0	0	0	0	0	0	0	
33072	Frontal_Mid_Orb_R	0	0	0	916	0	3698	0	1630	0	0	0	0	0	360	0	7134	0	0	0	0	0	116	0	104	0	0	0	196	0	710	0	170	0	0	0	0	0	0	0	0	0	0	0	0	0	0	0	0	0	0	0	0	0	0	0	0	0	0	0	0	0	0	0	0	0	0	0	0	0	0	80	84	0	1338	0	0	0	0	0	0	0	0	0	0	0	0	0	0	0	0	0	0	0	0	0	0	0	0	0	0	0	0	0	0	0	0	0	0	0	0	0	0	0	0	0	0	
325540	Frontal_Inf_Oper_L	17412	0	26498	716	0	0	14720	668	0	0	0	0	23424	90	316	0	11556	0	17352	300	0	0	3248	294	0	0	0	0	21584	0	5860	1424	1172	1100	0	0	628	0	218	0	0	0	0	0	0	0	0	0	0	0	0	0	0	0	306	0	3166	0	0	0	144	0	0	0	0	0	0	0	0	0	408	142	2404	0	0	0	256	0	1884	0	3156	0	1628	0	334	0	0	0	362	0	0	0	0	0	0	0	0	0	0	0	0	0	0	0	0	0	0	0	0	0	0	0	0	0	0	0	
195124	Frontal_Inf_Oper_R	492	3360	470	11366	0	334	160	10956	0	0	0	0	82	12436	0	0	0	6802	3448	11300	0	0	142	1894	0	0	0	0	222	10288	102	1548	0	6502	0	0	84	766	0	220	0	0	0	0	0	0	0	0	0	0	0	0	0	0	0	106	0	1330	0	0	0	0	0	0	0	0	0	0	0	0	3652	1966	144	5054	0	208	0	1014	0	0	0	214	0	900	0	0	0	0	0	0	0	0	0	0	0	0	0	0	0	0	0	0	0	0	0	0	0	0	0	0	0	0	0	0	0	0	
348740	Frontal_Inf_Tri_L	3292	0	26254	920	200	98	34174	424	898	0	23424	82	0	0	22246	0	1318	102	12400	428	0	0	5164	586	0	0	0	0	22162	164	4268	1840	1108	962	0	0	212	0	0	0	0	0	0	0	0	0	0	0	0	0	0	0	0	0	0	0	98	0	0	0	0	0	0	0	0	0	0	0	226	0	4236	590	1736	246	208	0	2140	0	268	0	862	0	944	0	90	0	0	0	0	0	0	0	0	0	0	0	0	0	0	0	0	0	0	0	0	0	0	0	0	0	0	0	0	0	0	0	
178316	Frontal_Inf_Tri_R	0	0	126	14578	0	474	0	15316	0	360	90	12436	0	0	0	2464	0	0	3754	8566	0	0	274	3512	0	0	0	0	238	12254	176	3200	156	7618	0	0	0	0	0	0	0	0	0	0	0	0	0	0	0	0	0	0	0	0	0	0	0	0	0	0	0	0	0	0	0	0	0	0	0	0	1850	876	0	840	0	0	0	0	0	0	0	0	0	0	0	0	0	0	0	0	0	0	0	0	0	0	0	0	0	0	0	0	0	0	0	0	0	0	0	0	0	0	0	0	0	0	
221600	Frontal_Inf_Orb_L	352	0	11146	422	10302	92	14582	0	11590	0	316	0	22246	0	0	0	0	86	1148	142	1812	936	1858	378	0	0	2038	222	13442	134	1104	1592	108	118	0	0	510	0	174	0	260	0	0	0	0	0	0	0	0	0	0	0	0	0	0	0	0	0	0	0	0	0	0	0	0	0	0	0	240	0	4984	892	3468	268	316	0	2126	0	0	0	0	0	1396	0	0	0	0	0	0	0	0	0	0	0	0	0	0	0	0	0	0	0	0	0	0	0	0	0	0	0	0	0	0	0	0	0	
59068	Frontal_Inf_Orb_R	0	0	0	3144	0	2692	0	3608	0	7134	0	0	0	2464	0	0	0	0	0	266	0	940	0	420	0	102	0	270	0	4174	0	448	0	0	0	0	0	118	0	136	0	422	0	0	0	0	0	0	0	0	0	0	0	0	0	0	0	0	0	0	0	0	0	0	0	0	0	0	0	0	0	598	0	2598	0	0	0	0	0	0	0	0	0	0	0	0	0	0	0	0	0	0	0	0	0	0	0	0	0	0	0	0	0	0	0	0	0	0	0	0	0	0	0	0	0	0	
204180	Rolandic_Oper_L	7948	0	8706	134	0	0	1732	110	0	0	11556	0	1318	0	0	0	0	0	3422	0	0	0	146	0	0	0	0	0	21722	0	366	146	100	90	188	208	1068	172	172	134	0	0	196	0	0	0	0	0	116	0	1348	0	188	0	858	0	9910	0	852	0	2708	0	1324	0	822	0	552	0	922	0	86	0	1260	0	0	0	464	142	7180	0	6952	0	960	0	4496	0	0	0	1316	0	0	0	0	0	0	0	0	0	0	0	0	0	0	0	0	0	0	0	0	0	0	0	0	0	0	0	
130368	Rolandic_Oper_R	138	1858	606	7672	0	0	182	3354	0	0	0	6802	102	0	86	0	0	0	844	8046	0	0	0	0	0	0	0	0	186	16092	0	0	0	258	0	0	0	1352	0	252	0	0	0	0	0	0	0	0	0	0	0	0	0	0	0	168	0	2380	0	108	0	108	0	2136	0	0	0	0	0	0	318	502	0	3752	0	136	0	1060	0	1222	0	3282	0	1838	0	204	0	0	0	140	0	0	0	0	0	0	0	0	0	0	0	0	0	0	0	0	0	0	0	0	0	0	0	0	0	0	
636636	Supp_Motor_Area_L	8992	2934	66982	17076	0	92	13736	2914	0	0	17352	3448	12400	3754	1148	0	3422	844	0	41488	0	0	10846	5828	0	0	0	0	16836	1958	9274	10246	12058	24482	974	570	1042	160	288	90	0	0	0	128	0	138	0	0	0	200	0	0	0	0	390	0	2016	152	0	0	160	0	0	0	0	0	0	338	3556	1316	4260	2614	6120	1080	478	0	492	556	1244	0	1018	0	98	108	162	0	0	0	360	100	0	0	0	0	0	0	0	0	0	0	0	0	0	0	0	0	0	0	0	0	0	0	0	0	0	0	
776816	Supp_Motor_Area_R	8718	18190	11128	55154	0	2050	1292	6490	0	0	300	11300	428	8566	142	266	0	8046	41488	0	0	92	3332	16976	0	1272	0	436	1304	10306	2852	20296	4094	54620	2530	4166	660	312	142	102	0	0	0	564	96	1314	0	0	0	2664	0	826	0	498	82	0	3020	3584	0	1088	276	1312	152	5638	0	1448	270	3448	9410	17700	3910	13536	1276	6264	378	1338	478	1948	374	614	0	2042	0	1086	90	2960	0	0	0	1674	0	0	0	0	0	0	0	0	0	0	0	0	0	0	0	0	0	0	0	0	0	0	0	0	0	0	
70616	Olfactory_L	0	0	160	0	1878	0	0	0	96	0	0	0	0	0	1812	0	0	0	0	0	0	5344	0	0	176	0	2024	602	2886	0	2426	2536	0	0	0	0	370	0	138	0	1064	0	0	0	0	0	0	0	0	0	0	0	0	0	0	0	0	0	0	0	0	0	0	0	0	0	0	0	0	0	6150	3182	3208	770	0	0	0	0	0	0	0	0	486	0	0	0	0	0	0	0	0	0	0	0	0	0	0	0	0	0	0	0	0	0	0	0	0	0	0	0	0	0	0	0	0	0	
85248	Olfactory_R	0	0	84	0	1038	486	0	0	0	116	0	0	0	0	936	940	0	0	0	92	5344	0	0	172	0	242	1250	1332	1590	1734	1728	2556	0	0	0	0	0	232	0	238	824	732	0	0	0	0	0	0	0	0	0	0	0	0	0	80	0	0	0	0	0	0	0	0	0	0	0	0	0	0	7750	5080	5146	1794	390	0	0	0	0	0	0	0	546	172	0	0	0	0	0	0	0	0	0	0	0	0	0	0	0	0	0	0	0	0	0	0	0	0	0	0	0	0	0	0	0	0	
390784	Frontal_Sup_Medial_L	564	0	49960	10436	4620	264	19800	2058	346	0	3248	142	5164	274	1858	0	146	0	10846	3332	0	0	0	16334	3212	290	1348	0	6026	422	19616	12658	7046	11034	0	0	0	0	0	0	0	0	0	0	0	0	0	0	0	0	0	0	0	0	0	0	0	0	0	0	0	0	0	0	0	0	0	0	0	0	1222	628	1800	496	108	0	0	94	0	0	0	0	0	0	0	0	0	0	0	0	0	0	0	0	0	0	0	0	0	0	0	0	0	0	0	0	0	0	0	0	0	0	0	0	0	0	
460256	Frontal_Sup_Medial_R	582	154	6112	49640	0	5824	1994	6642	0	104	294	1894	586	3512	378	420	0	0	5828	16976	0	172	16334	0	172	6472	0	1502	606	5212	7246	42824	1606	20468	176	160	0	0	0	0	0	0	0	0	0	96	0	0	0	108	0	0	0	0	0	0	200	0	0	0	0	0	0	0	0	0	0	0	0	0	3814	12730	118	8426	0	0	262	484	0	0	0	0	0	0	0	0	0	0	0	0	0	0	0	0	0	0	0	0	0	0	0	0	0	0	0	0	0	0	0	0	0	0	0	0	0	0	
32496	Frontal_Med_Orb_L	0	0	1276	0	3398	78	0	0	218	0	0	0	0	0	0	0	0	0	0	0	176	0	3212	172	0	482	2836	168	0	0	3656	206	0	0	0	0	0	0	0	0	0	0	0	0	0	0	0	0	0	0	0	0	0	0	0	0	0	0	0	0	0	0	0	0	0	0	0	0	0	0	144	0	226	0	0	0	0	0	0	0	0	0	0	0	0	0	0	0	0	0	0	0	0	0	0	0	0	0	0	0	0	0	0	0	0	0	0	0	0	0	0	0	0	0	0	0	
76964	Frontal_Med_Orb_R	0	0	124	3656	108	5128	0	0	0	0	0	0	0	0	0	102	0	0	0	1272	0	242	290	6472	482	0	156	4650	0	114	2118	6182	0	0	0	0	0	0	0	0	0	0	0	0	0	0	0	0	0	0	0	0	0	0	0	0	0	0	0	0	0	0	0	0	0	0	0	0	0	0	162	4282	84	2858	0	0	0	0	0	0	0	0	0	0	0	0	0	0	0	0	0	0	0	0	0	0	0	0	0	0	0	0	0	0	0	0	0	0	0	0	0	0	0	0	0	0	
60532	Rectus_L	0	0	262	0	7870	0	0	0	1994	0	0	0	0	0	2038	0	0	0	0	0	2024	1250	1348	0	2836	156	0	506	788	0	4950	1130	0	0	0	0	0	0	0	0	0	0	0	0	0	0	0	0	0	0	0	0	0	0	0	0	0	0	0	0	0	0	0	0	0	0	0	0	0	0	1542	436	982	0	154	0	0	0	0	0	0	0	0	0	0	0	0	0	0	0	0	0	0	0	0	0	0	0	0	0	0	0	0	0	0	0	0	0	0	0	0	0	0	0	0	0	
45312	Rectus_R	0	0	0	1142	234	4132	0	0	0	196	0	0	0	0	222	270	0	0	0	436	602	1332	0	1502	168	4650	506	0	80	240	690	2658	0	0	0	0	0	0	0	0	0	0	0	0	0	0	0	0	0	0	0	0	0	0	0	0	0	0	0	0	0	0	0	0	0	0	0	0	0	0	446	2034	98	1018	0	0	0	0	0	0	0	0	0	0	0	0	0	0	0	0	0	0	0	0	0	0	0	0	0	0	0	0	0	0	0	0	0	0	0	0	0	0	0	0	0	0	
678712	Insula_L	13352	552	39052	1888	5334	128	18060	1150	702	0	21584	222	22162	238	13442	0	21722	186	16836	1304	2886	1590	6026	606	0	0	788	80	0	304	6280	3166	1750	1462	604	826	14562	932	4904	650	4516	0	0	0	0	0	156	0	0	0	788	0	286	0	7620	0	8754	88	98	0	1588	0	102	0	0	0	174	0	608	0	4400	2128	22430	566	574	0	5816	1052	18288	0	10034	0	9562	0	7252	0	250	0	6468	0	128	0	0	0	0	0	166	0	134	0	0	0	0	0	0	0	0	0	0	0	0	0	0	0	0	0	
306276	Insula_R	1024	3170	878	15178	0	998	214	5414	0	710	0	10288	164	12254	134	4174	0	16092	1958	10306	0	1734	422	5212	0	114	0	240	304	0	262	5358	212	2436	340	972	568	7256	0	1516	0	1834	0	0	0	0	0	0	0	0	0	0	0	110	0	1706	0	2060	0	182	0	186	0	82	0	0	0	0	192	120	652	1942	94	15668	0	150	782	5748	0	2892	0	3852	0	2806	0	460	0	0	0	1718	0	0	0	0	0	0	0	0	0	0	0	0	0	0	0	0	0	0	0	0	0	0	0	0	0	0	
387720	Cingulum_Ant_L	1798	172	19104	6988	5278	354	8542	3006	564	0	5860	102	4268	176	1104	0	366	0	9274	2852	2426	1728	19616	7246	3656	2118	4950	690	6280	262	0	24612	10070	9208	480	0	0	0	0	0	0	0	0	0	0	0	0	0	0	0	0	0	0	0	0	0	120	0	0	0	0	0	0	0	0	0	0	0	0	0	8510	10172	6842	2466	392	0	514	1112	474	0	108	0	0	0	0	0	0	0	0	0	0	0	0	0	0	0	0	0	0	0	0	0	0	0	0	0	0	0	0	0	0	0	0	0	0	0	
643772	Cingulum_Ant_R	2366	548	8758	41458	994	5998	3876	4602	0	170	1424	1548	1840	3200	1592	448	146	0	10246	20296	2536	2556	12658	42824	206	6182	1130	2658	3166	5358	24612	0	5358	28558	354	314	250	126	0	0	0	0	0	0	0	168	0	0	0	200	0	0	0	0	0	0	340	0	0	0	0	0	0	0	0	0	0	0	118	134	13678	35094	3244	15408	330	0	1366	2944	506	0	0	0	0	0	0	0	0	0	0	0	0	0	0	0	0	0	0	0	0	0	0	0	0	0	0	0	0	0	0	0	0	0	0	0	0	0	
169312	Cingulum_Mid_L	400	152	9140	3474	0	0	2096	1814	0	0	1172	0	1108	156	108	0	100	0	12058	4094	0	0	7046	1606	0	0	0	0	1750	212	10070	5358	0	13746	2738	666	0	0	0	0	0	0	182	0	306	202	0	0	0	200	110	0	0	0	0	0	90	0	0	0	0	0	0	0	0	0	1084	392	1688	304	586	88	106	118	0	0	0	0	136	0	0	0	0	0	0	0	0	0	0	0	0	0	0	0	0	0	0	0	0	0	0	0	0	0	0	0	0	0	0	0	0	0	0	0	0	0	
620824	Cingulum_Mid_R	3942	3276	6340	33610	0	0	2542	10002	0	0	1100	6502	962	7618	118	0	90	258	24482	54620	0	0	11034	20468	0	0	0	0	1462	2436	9208	28558	13746	0	2878	7840	0	0	0	0	0	0	0	1908	0	1430	0	236	0	2530	0	1014	0	760	0	0	1550	2540	0	936	0	934	0	4126	0	1332	974	8048	5758	14690	2866	590	0	928	0	0	0	196	176	0	0	760	0	0	0	1900	0	0	0	1138	0	0	0	0	0	0	0	0	0	0	0	0	0	0	0	0	0	0	0	0	0	0	0	0	0	0	
227104	Cingulum_Post_L	7708	2324	202	1380	0	0	276	206	0	0	0	0	0	0	0	0	188	0	974	2530	0	0	0	176	0	0	0	0	604	340	480	354	2738	2878	0	19668	6692	3720	2470	2380	0	0	1210	0	326	3368	302	90	92	4318	1190	244	1104	440	4114	164	4966	1258	136	0	728	148	974	256	514	0	4362	1156	4044	1138	364	270	0	104	0	0	2450	1208	452	0	116	496	0	0	3314	4798	0	0	268	4782	0	0	0	0	0	0	0	0	0	0	0	0	0	0	0	0	0	0	0	0	0	0	0	0	0	0	
325148	Cingulum_Post_R	8964	3372	224	2200	0	0	336	444	0	0	0	0	0	0	0	0	208	0	570	4166	0	0	0	160	0	0	0	0	826	972	0	314	666	7840	19668	0	5678	8918	1594	5448	0	0	0	2208	0	5966	318	2616	0	7720	0	1504	502	2098	2530	480	3630	2504	0	132	396	164	292	380	0	114	736	20202	3376	2582	322	260	0	104	0	0	4746	4118	732	0	0	248	0	0	474	6760	0	0	0	11430	0	80	0	0	0	0	0	0	0	0	0	0	0	0	0	0	0	0	0	0	282	0	0	0	0	0	
415268	Hippocampus_L	7320	1008	2934	1082	106	0	1416	256	0	0	628	84	212	0	510	0	1068	0	1042	660	370	0	0	0	0	0	0	0	14562	568	0	250	0	0	6692	5678	0	5884	25868	3988	7572	94	1972	0	0	0	5276	596	0	0	470	0	3166	0	31912	358	894	324	0	0	656	0	826	0	446	0	3768	562	1892	0	1258	728	12126	398	2754	0	15158	5458	3424	0	2572	0	3766	0	5770	0	422	0	8286	156	812	0	0	0	0	78	418	0	660	0	0	0	0	0	0	0	0	0	0	420	0	0	0	0	0	0	
302764	Hippocampus_R	3976	4756	324	2284	0	0	388	1896	0	0	0	766	0	0	0	118	172	1352	160	312	0	232	0	0	0	0	0	0	932	7256	0	126	0	0	3720	8918	5884	0	1752	25602	0	7538	0	1172	0	0	444	3762	0	0	0	0	448	532	2310	16376	274	1446	0	0	146	0	0	0	0	0	172	4856	614	0	130	282	228	9830	136	940	5170	12108	846	532	0	628	0	1744	380	268	0	0	0	5878	0	88	0	0	0	0	0	496	0	0	0	0	0	0	0	0	0	0	0	92	590	0	0	0	0	0	
186020	ParaHippocampal_L	1092	260	348	144	0	0	0	0	0	0	218	0	0	0	174	0	172	0	288	142	138	0	0	0	0	0	0	0	4904	0	0	0	0	0	2470	1594	25868	1752	0	1490	3674	90	1200	0	0	0	5030	236	0	0	280	0	1942	0	19076	164	0	0	0	0	0	0	0	0	0	0	2086	434	704	0	344	0	3688	272	0	0	3950	1086	0	0	1294	0	1694	0	178	0	460	0	1814	0	378	0	0	0	420	0	858	0	512	0	0	0	0	0	0	0	0	0	0	92	0	0	0	0	0	0	
186064	ParaHippocampal_R	1468	272	182	496	0	0	252	310	0	0	0	220	0	0	0	136	134	252	90	102	0	238	0	0	0	0	0	0	650	1516	0	0	0	0	2380	5448	3988	25602	1490	0	0	5106	0	526	0	0	364	3470	0	0	0	0	404	0	2006	11558	164	0	0	0	102	0	0	0	0	0	146	2706	208	0	0	0	138	4912	94	572	2706	5732	592	0	0	0	0	2264	266	0	0	230	0	1668	0	196	0	0	0	0	0	1126	0	260	0	0	0	0	0	0	0	0	0	0	290	0	0	0	0	0	
58916	Amygdala_L	488	0	208	0	194	0	0	0	0	0	0	0	0	0	260	0	0	0	0	0	1064	824	0	0	0	0	0	0	4516	0	0	0	0	0	0	0	7572	0	3674	0	0	0	0	0	0	0	0	0	0	0	0	0	0	0	2452	0	0	0	0	0	0	0	0	0	0	0	0	0	426	0	1408	772	1592	214	0	0	916	0	0	0	78	0	1922	0	130	0	280	0	468	0	0	0	0	0	0	0	0	0	0	0	0	0	0	0	0	0	0	0	0	0	0	0	0	0	0	0	
47880	Amygdala_R	0	0	0	0	0	0	0	0	0	0	0	0	0	0	0	422	0	0	0	0	0	732	0	0	0	0	0	0	0	1834	0	0	0	0	0	0	94	7538	90	5106	0	0	0	0	0	0	0	0	0	0	0	0	0	0	0	3418	0	0	0	0	0	0	0	0	0	0	0	0	0	0	0	0	0	1982	0	0	0	0	0	0	0	0	0	2466	0	0	0	0	0	258	0	0	0	0	0	0	0	0	0	0	0	0	0	0	0	0	0	0	0	0	0	0	0	0	0	0	
237844	Calcarine_L	250	0	0	0	0	0	0	0	0	0	0	0	0	0	0	0	196	0	0	0	0	0	0	0	0	0	0	0	0	0	0	0	182	0	1210	0	1972	0	1200	0	0	0	0	4624	10154	1228	12802	3224	7530	0	28562	0	8446	0	4696	0	2092	0	1868	0	1524	0	772	0	2218	0	16848	90	912	0	0	0	0	0	0	0	466	0	0	0	576	0	0	0	4790	0	0	0	278	0	0	0	0	0	0	0	114	0	98	0	0	0	0	0	0	0	0	0	0	0	0	0	0	0	0	0	
301320	Calcarine_R	0	0	0	0	0	0	0	0	0	0	0	0	0	0	0	0	0	0	128	564	0	0	0	0	0	0	0	0	0	0	0	0	0	1908	0	2208	0	1172	0	526	0	0	4624	0	3856	25772	4096	24336	0	18466	0	8158	0	6326	0	5612	0	5056	0	2112	0	0	0	0	0	0	302	27328	0	2238	0	0	0	0	0	0	0	0	0	0	0	0	0	0	0	2022	0	0	0	3058	88	260	0	0	0	0	0	90	100	0	0	0	0	0	0	0	0	0	0	0	90	164	0	0	0	0	
132212	Cuneus_L	0	0	0	0	0	0	0	0	0	0	0	0	0	0	0	0	0	0	0	96	0	0	0	0	0	0	0	0	0	0	0	0	306	0	326	0	0	0	0	0	0	0	10154	3856	0	4972	910	1464	15424	1106	11588	0	838	0	0	0	450	0	2736	0	0	0	0	0	0	0	9754	460	858	0	0	0	0	0	0	0	0	0	0	0	0	0	0	0	808	0	0	0	0	0	0	0	0	0	0	0	0	0	0	0	0	0	0	0	0	0	0	0	0	0	0	0	0	0	0	0	
300084	Cuneus_R	2190	662	0	230	0	0	0	0	0	0	0	0	0	0	0	0	0	0	138	1314	0	0	0	96	0	0	0	0	0	0	0	168	202	1430	3368	5966	0	0	0	0	0	0	1228	25772	4972	0	974	6174	0	37660	0	11700	0	1650	0	996	1260	4760	0	5716	0	1200	0	96	0	214	1740	21436	1496	2072	196	146	0	0	0	0	100	0	0	0	0	0	0	0	0	1982	0	0	0	640	0	98	0	0	0	0	0	0	0	0	0	0	0	0	0	0	0	0	0	0	0	0	0	0	0	0	
278652	Lingual_L	1308	118	0	154	0	0	0	0	0	0	0	0	0	0	0	0	0	0	0	0	0	0	0	0	0	0	0	0	156	0	0	0	0	0	302	318	5276	444	5030	364	0	0	12802	4096	910	974	0	5468	3086	266	13792	0	9000	0	21198	102	130	0	110	100	0	0	0	0	0	0	4358	356	1036	0	0	0	158	0	0	0	3232	526	144	0	0	0	0	0	114	0	0	0	0	0	9478	1150	0	0	178	0	10766	470	14276	1368	0	0	0	0	0	0	0	0	0	140	2662	3190	220	0	0	0	
283072	Lingual_R	0	0	0	0	0	0	0	0	0	0	0	0	0	0	0	0	0	0	0	0	0	0	0	0	0	0	0	0	0	0	0	0	0	236	90	2616	596	3762	236	3470	0	0	3224	24336	1464	6174	5468	0	0	5348	0	2886	288	2424	2008	15028	0	524	0	150	0	0	0	0	0	0	0	12534	0	380	0	0	0	0	0	0	98	364	0	0	0	0	0	0	0	462	0	0	0	356	5416	3722	0	0	0	212	2348	5228	7358	7694	0	0	0	0	0	0	0	0	0	94	6084	8494	364	0	0	0	
170016	Occipital_Sup_L	0	0	0	0	0	0	0	0	0	0	0	0	0	0	0	0	116	0	0	0	0	0	0	0	0	0	0	0	0	0	0	0	0	0	92	0	0	0	0	0	0	0	7530	0	15424	0	3086	0	0	0	29384	0	1010	0	0	0	1836	0	12000	0	2468	0	776	0	954	0	8334	0	118	0	0	0	0	0	0	0	0	0	0	0	262	0	0	0	1618	0	0	0	0	0	0	0	0	0	0	0	0	0	0	0	0	0	0	0	0	0	0	0	0	0	0	0	0	0	0	0	
315920	Occipital_Sup_R	2560	804	0	260	0	0	0	0	0	0	0	0	0	0	0	0	0	0	200	2664	0	0	0	108	0	0	0	0	0	0	0	200	200	2530	4318	7720	0	0	0	0	0	0	0	18466	1106	37660	266	5348	0	0	0	22464	0	3336	0	2036	1378	5464	0	7824	0	2952	0	270	0	2960	162	15944	1754	2538	228	158	0	0	0	0	108	0	0	0	0	0	0	0	0	2420	0	0	0	1440	0	114	0	0	0	0	0	0	0	0	0	0	0	0	0	0	0	0	0	0	0	0	0	0	0	0	
459468	Occipital_Mid_L	476	0	0	0	0	0	0	0	0	0	0	0	0	0	0	0	1348	0	0	0	0	0	0	0	0	0	0	0	788	0	0	0	110	0	1190	0	470	0	280	0	0	0	28562	0	11588	0	13792	0	29384	0	0	0	21842	0	7154	0	11958	78	24340	0	12872	0	3882	0	13660	0	21446	0	1612	0	0	0	0	0	0	0	0	0	318	0	1646	0	0	0	17822	0	0	0	2352	0	204	0	0	0	0	0	0	0	362	0	0	0	0	0	0	0	0	0	0	0	0	198	0	0	0	0	
165620	Occipital_Mid_R	92	166	0	0	0	0	0	0	0	0	0	0	0	0	0	0	0	0	0	826	0	0	0	0	0	0	0	0	0	0	0	0	0	1014	244	1504	0	0	0	0	0	0	0	8158	0	11700	0	2886	0	22464	0	0	0	3294	0	1374	0	1746	0	2394	0	1312	0	126	0	5166	132	8298	0	648	0	0	0	0	0	0	0	0	0	0	0	0	0	0	0	8368	0	0	0	898	0	0	0	0	0	0	0	0	0	0	0	0	0	0	0	0	0	0	0	0	0	0	0	0	0	0	
154620	Occipital_Inf_L	160	0	0	0	0	0	0	0	0	0	0	0	0	0	0	0	188	0	0	0	0	0	0	0	0	0	0	0	286	0	0	0	0	0	1104	502	3166	448	1942	404	0	0	8446	0	838	0	9000	288	1010	0	21842	0	0	0	14732	0	298	0	88	0	168	0	0	0	162	0	2672	112	0	0	0	0	94	0	0	0	812	174	0	0	0	0	0	0	2160	0	0	0	2448	0	546	96	0	0	0	0	538	0	1648	146	0	0	0	0	0	0	0	0	0	0	298	494	0	0	0	0	
84000	Occipital_Inf_R	338	152	0	0	0	0	0	0	0	0	0	0	0	0	0	0	0	0	0	498	0	0	0	0	0	0	0	0	0	110	0	0	0	760	440	2098	0	532	0	0	0	0	0	6326	0	1650	0	2424	0	3336	0	3294	0	0	0	3258	142	318	0	0	0	0	0	0	0	0	90	6674	158	360	0	0	0	0	0	0	0	0	0	0	0	0	0	0	0	878	0	0	0	7272	0	644	0	0	0	0	0	0	0	126	0	0	0	0	0	0	0	0	0	0	0	122	0	0	0	0	
503480	Fusiform_L	686	148	506	446	0	0	206	0	0	0	306	0	0	0	0	0	858	0	390	82	0	0	0	0	0	0	0	0	7620	0	0	0	0	0	4114	2530	31912	2310	19076	2006	2452	0	4696	0	0	0	21198	2008	0	0	7154	0	14732	0	0	340	630	0	120	0	572	0	536	0	510	0	3914	436	238	0	206	0	2810	0	0	0	6668	1868	1110	0	2840	0	3878	0	5662	0	1838	0	14496	0	23118	1234	1072	0	626	0	12652	624	29218	1682	96	0	98	0	0	0	0	0	0	0	2826	3970	416	0	0	0	
262616	Fusiform_R	162	110	0	150	0	0	0	120	0	0	0	106	0	0	0	0	0	168	0	0	0	80	0	0	0	0	0	0	0	1706	0	0	0	0	164	480	358	16376	164	11558	0	3418	0	5612	0	996	102	15028	0	2036	0	1374	0	3258	340	0	0	0	0	0	0	0	0	0	0	0	0	2904	0	0	0	0	0	3696	0	336	146	2544	0	160	0	486	0	3194	0	450	0	1318	0	9760	3230	8724	90	164	0	80	308	6236	3418	12462	0	0	0	94	0	0	0	0	0	0	2236	5034	372	0	0	0	
440600	Postcentral_L	31558	2950	5106	2268	0	0	1118	276	0	0	3166	0	98	0	0	0	9910	0	2016	3020	0	0	0	200	0	0	0	0	8754	0	120	340	90	1550	4966	3630	894	274	0	164	0	0	2092	0	450	1260	130	0	1836	1378	11958	0	298	142	630	0	0	1184	15802	0	36468	276	14928	406	3120	0	5716	142	8916	1574	250	1230	294	182	0	144	612	1608	6148	0	4382	294	0	0	9602	1548	0	0	1158	1674	0	0	0	0	0	0	0	0	0	0	0	0	0	0	0	0	0	0	0	0	0	0	0	0	0	0	
290112	Postcentral_R	2268	12418	198	2166	0	0	186	1888	0	0	0	1330	0	0	0	0	0	2380	152	3584	0	0	0	0	0	0	0	0	88	2060	0	0	0	2540	1258	2504	324	1446	0	0	0	0	0	5056	0	4760	0	524	0	5464	78	1746	0	318	0	0	1184	0	0	19894	144	16476	0	18578	0	5934	0	9798	628	8816	0	0	90	710	0	0	408	1324	0	124	0	1722	0	0	228	2822	0	0	0	1440	0	0	0	0	0	0	0	0	0	0	0	0	0	0	0	0	0	0	0	0	0	0	0	0	0	0	
213072	Parietal_Sup_L	0	0	0	0	0	0	0	0	0	0	0	0	0	0	0	0	852	0	0	0	0	0	0	0	0	0	0	0	98	0	0	0	0	0	136	0	0	0	0	0	0	0	1868	0	2736	0	110	0	12000	0	24340	0	88	0	120	0	15802	0	0	0	20016	0	4376	0	5842	0	14530	0	130	0	0	0	0	0	0	0	0	0	0	0	790	0	0	0	2470	0	0	0	232	0	0	0	0	0	0	0	0	0	0	0	0	0	0	0	0	0	0	0	0	0	0	0	0	0	0	0	
163764	Parietal_Sup_R	0	272	0	126	0	0	0	114	0	0	0	0	0	0	0	0	0	108	0	1088	0	0	0	0	0	0	0	0	0	182	0	0	0	936	0	132	0	0	0	0	0	0	0	2112	0	5716	100	150	0	7824	0	2394	0	0	0	0	0	19894	0	0	0	16796	0	7412	0	4240	0	9224	0	1772	0	0	0	0	0	0	0	0	0	0	0	410	0	0	0	500	0	0	0	380	0	0	0	0	0	0	0	0	0	0	0	0	0	0	0	0	0	0	0	0	0	0	0	0	0	0	
288616	Parietal_Inf_L	5908	564	1018	426	0	0	220	0	0	0	144	0	0	0	0	0	2708	0	160	276	0	0	0	0	0	0	0	0	1588	0	0	0	0	0	728	396	656	146	0	102	0	0	1524	0	0	0	0	0	2468	0	12872	0	168	0	572	0	36468	144	20016	0	0	0	26942	0	12054	0	4024	0	128	0	0	428	0	0	0	0	200	474	434	0	1762	144	0	0	6786	300	0	0	1098	262	0	0	0	0	0	0	0	0	0	0	0	0	0	0	0	0	0	0	0	0	0	0	0	0	0	0	
124288	Parietal_Inf_R	352	652	0	186	0	0	0	164	0	0	0	0	0	0	0	0	0	108	0	1312	0	0	0	0	0	0	0	0	0	186	0	0	0	934	148	164	0	0	0	0	0	0	0	0	0	1200	0	0	0	2952	0	1312	0	0	0	0	276	16476	0	16796	0	0	0	11434	0	4352	0	690	188	982	0	0	0	0	0	0	0	0	0	0	0	438	0	0	0	468	0	0	0	374	0	0	0	0	0	0	0	0	0	0	0	0	0	0	0	0	0	0	0	0	0	0	0	0	0	0	
185680	SupraMarginal_L	1082	240	578	170	0	0	0	0	0	0	0	0	0	0	0	0	1324	0	0	152	0	0	0	0	0	0	0	0	102	0	0	0	0	0	974	292	826	0	0	0	0	0	772	0	0	0	0	0	776	0	3882	0	0	0	536	0	14928	0	4376	0	26942	0	0	0	10584	0	2810	0	106	0	0	0	0	0	0	0	0	0	432	0	5150	108	0	0	13672	288	0	0	1486	252	0	0	0	0	0	0	0	0	0	0	0	0	0	0	0	0	0	0	0	0	0	0	0	0	0	0	
169100	SupraMarginal_R	560	3838	0	1328	0	0	0	974	0	0	0	0	0	0	0	0	0	2136	0	5638	0	0	0	0	0	0	0	0	0	82	0	0	0	4126	256	380	0	0	0	0	0	0	0	0	0	96	0	0	0	270	0	126	0	0	0	0	406	18578	0	7412	0	11434	0	0	0	7966	0	354	262	5526	0	0	0	0	0	0	0	0	0	94	0	4502	0	0	130	5864	0	0	0	2212	0	0	0	0	0	0	0	0	0	0	0	0	0	0	0	0	0	0	0	0	0	0	0	0	0	0	
156392	Angular_L	0	0	0	0	0	0	0	0	0	0	0	0	0	0	0	0	822	0	0	0	0	0	0	0	0	0	0	0	0	0	0	0	0	0	514	0	446	0	0	0	0	0	2218	0	0	0	0	0	954	0	13660	0	162	0	510	0	3120	0	5842	0	12054	0	10584	0	0	0	3688	0	1108	0	0	0	0	0	0	0	0	0	414	0	1752	0	0	0	17868	0	0	0	2480	0	0	0	0	0	0	0	0	0	0	0	0	0	0	0	0	0	0	0	0	0	0	0	0	0	0	0	
90232	Angular_R	0	456	0	0	0	0	0	0	0	0	0	0	0	0	0	0	0	0	0	1448	0	0	0	0	0	0	0	0	0	0	0	0	0	1332	0	114	0	0	0	0	0	0	0	0	0	214	0	0	0	2960	0	5166	0	0	0	0	0	5934	0	4240	0	4352	0	7966	0	0	0	824	0	2196	0	0	0	0	0	0	0	0	0	0	0	2404	0	0	0	5172	0	0	0	338	0	0	0	0	0	0	0	0	0	0	0	0	0	0	0	0	0	0	0	0	0	0	0	0	0	0	
268340	Precuneus_L	772	184	0	274	0	0	0	0	0	0	0	0	0	0	0	0	552	0	0	270	0	0	0	0	0	0	0	0	174	0	0	0	1084	974	4362	736	3768	172	2086	146	0	0	16848	302	9754	1740	4358	0	8334	162	21446	132	2672	90	3914	0	5716	0	14530	0	4024	0	2810	0	3688	0	0	3824	3206	0	0	0	0	0	0	0	1402	278	200	0	1084	0	0	0	7030	152	0	0	612	124	0	0	0	0	0	0	82	0	102	0	0	0	0	0	0	0	0	0	0	0	0	0	0	0	0	0	
371580	Precuneus_R	350	946	0	908	0	0	0	0	0	0	0	0	0	0	0	0	0	0	338	3448	0	0	0	0	0	0	0	0	0	0	0	0	392	8048	1156	20202	562	4856	434	2706	0	0	90	27328	460	21436	356	12534	0	15944	0	8298	112	6674	436	2904	142	9798	0	9224	0	690	0	354	0	824	3824	0	380	5582	0	0	0	0	0	0	306	540	0	0	0	0	0	0	0	3606	0	0	0	8454	0	270	0	0	0	0	0	234	0	0	0	0	0	0	0	0	0	0	0	0	644	0	0	0	0	0	
256896	Paracentral_Lobule_L	27316	7986	3018	7476	0	0	158	114	0	0	0	0	226	0	240	0	922	0	3556	9410	0	0	0	0	0	0	0	0	608	192	0	118	1688	5758	4044	3376	1892	614	704	208	426	0	912	0	858	1496	1036	0	118	1754	1612	0	0	158	238	0	8916	628	130	0	128	188	106	262	1108	0	3206	380	0	3540	1566	198	598	0	500	0	12676	1416	452	0	144	228	0	0	1988	804	0	0	104	950	0	0	0	0	0	0	0	0	0	0	0	0	0	0	0	0	0	0	0	0	0	0	0	0	0	0	
172600	Paracentral_Lobule_R	1772	3714	0	216	0	0	0	0	0	0	0	0	0	0	0	0	0	0	1316	17700	0	0	0	0	0	0	0	0	0	120	0	134	304	14690	1138	2582	0	0	0	0	0	0	0	2238	0	2072	0	380	0	2538	0	648	0	360	0	0	1574	8816	0	1772	0	982	0	5526	0	2196	0	5582	3540	0	0	232	0	0	0	0	100	244	0	0	0	1000	0	0	0	2260	0	0	0	554	0	0	0	0	0	0	0	0	0	0	0	0	0	0	0	0	0	0	0	0	0	0	0	0	0	0	
357548	Caudate_L	3962	2832	3916	6760	1838	920	1694	3388	112	80	408	3652	4236	1850	4984	0	86	318	4260	3910	6150	7750	1222	3814	144	162	1542	446	4400	652	8510	13678	586	2866	364	322	1258	130	344	0	1408	0	0	0	0	196	0	0	0	228	0	0	0	0	206	0	250	0	0	0	0	0	0	0	0	0	0	0	1566	0	0	19696	24976	5624	4680	254	13534	1100	130	0	216	0	1014	0	0	0	0	0	150	0	0	0	0	0	0	0	0	0	0	0	0	0	0	0	0	0	0	0	0	0	0	0	0	0	0	0	
427976	Caudate_R	3386	2514	3260	18168	508	3846	2678	2850	0	84	142	1966	590	876	892	598	0	502	2614	13536	3182	5080	628	12730	0	4282	436	2034	2128	1942	10172	35094	88	590	270	260	728	282	0	0	772	0	0	0	0	146	0	0	0	158	0	0	0	0	0	0	1230	0	0	0	428	0	0	0	0	0	0	0	198	232	19696	0	9584	19314	2196	2592	3010	14404	414	0	0	0	458	220	0	0	0	0	0	0	0	0	0	0	0	0	0	0	0	0	0	0	0	0	0	0	0	0	0	0	0	0	0	0	0	0	
354216	Putamen_L	2722	2666	16696	854	6148	0	1188	1750	1466	0	2404	144	1736	0	3468	0	1260	0	6120	1276	3208	5146	1800	118	226	84	982	98	22430	94	6842	3244	106	0	0	0	12126	228	3688	138	1592	0	0	0	0	0	158	0	0	0	0	0	94	0	2810	0	294	90	0	0	0	0	0	0	0	0	0	0	598	0	24976	9584	0	2530	10640	198	2754	1562	166	0	2210	0	4566	0	100	0	0	0	1590	0	140	0	0	0	0	0	0	0	0	0	0	0	0	0	0	0	0	0	0	0	0	0	0	0	0	0	
305408	Putamen_R	1024	2570	370	9096	0	1302	758	4928	0	1338	0	5054	246	840	268	2598	0	3752	1080	6264	770	1794	496	8426	0	2858	0	1018	566	15668	2466	15408	118	928	104	104	398	9830	272	4912	214	1982	0	0	0	0	0	0	0	0	0	0	0	0	0	3696	182	710	0	0	0	0	0	0	0	0	0	0	0	0	5624	19314	2530	0	352	2572	164	5064	0	0	0	368	110	1348	0	84	0	0	0	766	0	0	0	0	0	0	0	0	0	0	0	0	0	0	0	0	0	0	0	0	0	0	0	0	0	0	
71584	Pallidum_L	1602	292	4956	190	662	0	178	84	168	0	0	0	208	0	316	0	0	0	478	378	0	390	108	0	0	0	154	0	574	0	392	330	0	0	0	0	2754	136	0	94	0	0	0	0	0	0	0	0	0	0	0	0	0	0	0	0	0	0	0	0	0	0	0	0	0	0	0	0	500	0	4680	2196	10640	352	0	94	1744	1142	0	0	0	0	0	0	0	0	0	0	0	0	0	0	0	0	0	0	0	0	0	0	0	0	0	0	0	0	0	0	0	0	0	0	0	0	0	0	
28584	Pallidum_R	206	280	0	2990	0	0	0	1086	0	0	0	208	0	0	0	0	0	136	0	1338	0	0	0	0	0	0	0	0	0	150	0	0	0	0	0	0	0	940	0	572	0	0	0	0	0	0	0	0	0	0	0	0	0	0	0	336	144	0	0	0	0	0	0	0	0	0	0	0	0	0	254	2592	198	2572	94	0	0	196	0	0	0	0	0	0	0	0	0	0	0	0	0	0	0	0	0	0	0	0	0	0	0	0	0	0	0	0	0	0	0	0	0	0	0	0	0	0	
314584	Thalamus_L	20884	2664	4212	2956	0	96	1200	358	0	0	256	0	2140	0	2126	0	464	0	492	478	0	0	0	262	0	0	0	0	5816	782	514	1366	0	0	2450	4746	15158	5170	3950	2706	916	0	466	0	0	100	3232	98	0	108	0	0	812	0	6668	146	612	408	0	0	200	0	0	0	0	0	1402	306	12676	100	13534	3010	2754	164	1744	0	0	15256	4316	0	750	0	248	0	3118	106	0	0	2366	146	284	0	0	0	0	0	0	0	0	0	0	0	0	0	0	0	0	0	0	0	0	0	0	0	0	0	
269292	Thalamus_R	5340	10796	884	12634	0	190	430	1998	0	0	0	1014	0	0	0	0	142	1060	556	1948	0	0	94	484	0	0	0	0	1052	5748	1112	2944	0	196	1208	4118	5458	12108	1086	5732	0	0	0	0	0	0	526	364	0	0	0	0	174	0	1868	2544	1608	1324	0	0	474	0	0	0	0	0	278	540	1416	244	1100	14404	1562	5064	1142	196	15256	0	1006	416	0	896	0	86	712	466	0	0	200	2448	0	0	0	0	0	0	0	0	0	0	0	0	0	0	0	0	0	0	0	0	0	0	0	0	0	0	
166132	Heschl_L	5514	128	3820	462	0	0	3296	234	0	0	1884	0	268	0	0	0	7180	0	1244	374	0	0	0	0	0	0	0	0	18288	0	474	506	136	176	452	732	3424	846	0	592	0	0	0	0	0	0	144	0	0	0	318	0	0	0	1110	0	6148	0	0	0	434	0	432	0	414	0	200	0	452	0	130	414	166	0	0	0	4316	1006	0	0	4648	0	0	0	9878	0	0	0	2826	0	0	0	0	0	0	0	0	0	0	0	0	0	0	0	0	0	0	0	0	0	0	0	0	0	0	0	
23352	Heschl_R	0	590	0	520	0	0	0	0	0	0	0	0	0	0	0	0	0	1222	0	614	0	0	0	0	0	0	0	0	0	2892	0	0	0	0	0	0	0	532	0	0	0	0	0	0	0	0	0	0	0	0	0	0	0	0	0	160	0	124	0	0	0	0	0	94	0	0	0	0	0	0	0	0	0	0	0	0	0	416	0	0	0	3688	0	0	0	330	0	0	0	494	0	0	0	0	0	0	0	0	0	0	0	0	0	0	0	0	0	0	0	0	0	0	0	0	0	0	
168936	Temporal_Sup_L	1256	78	2114	0	0	0	304	0	0	0	3156	0	862	0	0	0	6952	0	1018	0	0	0	0	0	0	0	0	0	10034	0	108	0	0	0	116	0	2572	0	1294	0	78	0	576	0	0	0	0	0	262	0	1646	0	0	0	2840	0	4382	0	790	0	1762	0	5150	0	1752	0	1084	0	144	0	216	0	2210	0	0	0	750	0	4648	0	0	0	4850	0	17520	0	112	0	3832	0	0	0	0	0	0	0	0	0	0	0	0	0	0	0	0	0	0	0	0	0	0	0	0	0	0	0	
89924	Temporal_Sup_R	254	1294	0	638	0	0	0	216	0	0	0	214	0	0	0	0	0	3282	0	2042	0	0	0	0	0	0	0	0	0	3852	0	0	0	760	496	248	0	628	0	0	0	0	0	0	0	0	0	0	0	0	0	0	0	0	0	486	294	1722	0	410	144	438	108	4502	0	2404	0	0	228	1000	0	0	0	368	0	0	0	896	0	3688	0	0	0	1442	0	9954	0	270	0	2684	0	0	0	0	0	0	0	0	0	0	0	0	0	0	0	0	0	0	0	0	0	0	0	0	0	0	
108452	Temporal_Pole_Sup_L	88	0	578	0	410	0	164	0	202	0	1628	0	944	0	1396	0	960	0	98	0	486	546	0	0	0	0	0	0	9562	0	0	0	0	0	0	0	3766	0	1694	0	1922	0	0	0	0	0	0	0	0	0	0	0	0	0	3878	0	0	0	0	0	0	0	0	0	0	0	0	0	0	0	1014	458	4566	110	0	0	248	0	0	0	4850	0	0	0	7046	0	2686	0	4926	0	0	0	0	0	0	0	0	0	0	0	0	0	0	0	0	0	0	0	0	0	0	0	0	0	0	0	
47020	Temporal_Pole_Sup_R	0	0	154	586	0	0	0	88	0	0	0	900	0	0	0	0	0	1838	108	1086	0	172	0	0	0	0	0	0	0	2806	0	0	0	0	0	0	0	1744	0	2264	0	2466	0	0	0	0	0	0	0	0	0	0	0	0	0	3194	0	0	0	0	0	0	0	0	0	0	0	0	0	0	0	220	0	1348	0	0	0	86	0	0	0	1442	0	0	0	856	0	1132	0	1020	0	0	0	0	0	0	0	0	0	0	0	0	0	0	0	0	0	0	0	0	0	0	0	0	0	0	
379492	Temporal_Mid_L	2284	392	996	364	0	0	1468	86	0	0	334	0	90	0	0	0	4496	0	162	90	0	0	0	0	0	0	0	0	7252	0	0	0	0	0	3314	474	5770	380	178	266	130	0	4790	0	808	0	114	0	1618	0	17822	0	2160	0	5662	0	9602	228	2470	0	6786	0	13672	130	17868	0	7030	0	1988	0	0	0	100	0	0	0	3118	712	9878	0	17520	0	7046	0	0	106	4604	0	25302	86	0	0	0	0	0	0	0	0	0	0	0	0	0	0	0	0	0	0	0	0	0	0	0	0	0	0	
190892	Temporal_Mid_R	1840	2024	0	606	0	0	0	120	0	0	0	0	0	0	0	0	0	204	0	2960	0	0	0	0	0	0	0	0	0	460	0	0	0	1900	4798	6760	0	268	0	0	0	0	0	2022	0	1982	0	462	0	2420	0	8368	0	878	0	450	1548	2822	0	500	300	468	288	5864	0	5172	152	3606	804	2260	0	0	0	84	0	0	106	466	0	330	0	9954	0	856	106	0	0	1042	0	20196	0	0	0	0	0	0	0	0	0	0	0	0	0	0	0	0	0	0	0	0	0	0	0	0	0	0	
26688	Temporal_Pole_Mid_L	0	0	0	0	0	0	0	0	0	0	0	0	0	0	0	0	0	0	0	0	0	0	0	0	0	0	0	0	250	0	0	0	0	0	0	0	422	0	460	0	280	0	0	0	0	0	0	0	0	0	0	0	0	0	1838	0	0	0	0	0	0	0	0	0	0	0	0	0	0	0	0	0	0	0	0	0	0	0	0	0	112	0	2686	0	4604	0	0	0	2692	0	0	0	0	0	0	0	0	0	0	0	0	0	0	0	0	0	0	0	0	0	0	0	0	0	0	0	
8948	Temporal_Pole_Mid_R	0	0	0	0	0	0	0	0	0	0	0	0	0	0	0	0	0	0	0	0	0	0	0	0	0	0	0	0	0	0	0	0	0	0	0	0	0	0	0	230	0	0	0	0	0	0	0	0	0	0	0	0	0	0	0	1318	0	0	0	0	0	0	0	0	0	0	0	0	0	0	0	0	0	0	0	0	0	0	0	0	0	270	0	1132	0	1042	0	0	0	482	0	0	0	0	0	0	0	0	0	0	0	0	0	0	0	0	0	0	0	0	0	0	0	0	0	0	
189620	Temporal_Inf_L	682	0	574	0	0	0	520	0	0	0	362	0	0	0	0	0	1316	0	360	0	0	0	0	0	0	0	0	0	6468	0	0	0	0	0	268	0	8286	0	1814	0	468	0	278	0	0	0	0	0	0	0	2352	0	2448	0	14496	0	1158	0	232	0	1098	0	1486	0	2480	0	612	0	104	0	150	0	1590	0	0	0	2366	200	2826	0	3832	0	4926	0	25302	0	2692	0	0	0	2456	0	0	0	0	0	108	0	500	0	0	0	0	0	0	0	0	0	0	0	0	0	0	0	0	0	
207560	Temporal_Inf_R	2212	1524	0	650	0	0	0	118	0	0	0	0	0	0	0	0	0	140	100	1674	0	0	0	0	0	0	0	0	0	1718	0	0	0	1138	4782	11430	156	5878	0	1668	0	258	0	3058	0	640	0	356	0	1440	0	898	0	7272	0	9760	1674	1440	0	380	262	374	252	2212	0	338	124	8454	950	554	0	0	0	766	0	0	146	2448	0	494	0	2684	0	1020	86	20196	0	482	0	0	0	1414	0	0	0	0	0	0	0	160	0	0	0	0	0	0	0	0	0	0	0	0	0	0	0	0	
648172	Cerebelum_Crus1_L	0	0	0	0	0	0	0	0	0	0	0	0	0	0	0	0	0	0	0	0	0	0	0	0	0	0	0	0	128	0	0	0	0	0	0	0	812	0	378	0	0	0	0	88	0	0	9478	5416	0	0	204	0	546	0	23118	3230	0	0	0	0	0	0	0	0	0	0	0	0	0	0	0	0	140	0	0	0	284	0	0	0	0	0	0	0	0	0	0	0	2456	0	0	10492	41766	7984	3180	1004	29618	2274	71642	10864	14746	2906	15470	4056	3744	2284	848	116	588	940	9978	17478	16802	4198	3468	1362	
469856	Cerebelum_Crus1_R	0	0	0	0	0	0	0	0	0	0	0	0	0	0	0	0	0	0	0	0	0	0	0	0	0	0	0	0	0	0	0	0	0	0	0	80	0	88	0	196	0	0	0	260	0	98	1150	3722	0	114	0	0	96	644	1234	8724	0	0	0	0	0	0	0	0	0	0	0	270	0	0	0	0	0	0	0	0	0	0	0	0	0	0	0	0	0	0	0	0	0	1414	10492	0	3804	37324	0	5224	1222	24744	6456	62504	984	3224	1192	21080	0	2278	0	0	1444	2362	7554	11532	11084	1506	828	0	
401504	Cerebelum_Crus2_L	0	0	0	0	0	0	0	0	0	0	0	0	0	0	0	0	0	0	0	0	0	0	0	0	0	0	0	0	0	0	0	0	0	0	0	0	0	0	0	0	0	0	0	0	0	0	0	0	0	0	0	0	0	0	1072	90	0	0	0	0	0	0	0	0	0	0	0	0	0	0	0	0	0	0	0	0	0	0	0	0	0	0	0	0	0	0	0	0	0	0	41766	3804	0	13066	662	610	2196	744	9606	2588	40478	6592	34190	7526	5166	1228	486	240	290	172	672	3068	16894	4970	2094	482	
370132	Cerebelum_Crus2_R	0	0	0	0	0	0	0	0	0	0	0	0	0	0	0	0	0	0	0	0	0	0	0	0	0	0	0	0	0	0	0	0	0	0	0	0	0	0	0	0	0	0	0	0	0	0	0	0	0	0	0	0	0	0	0	164	0	0	0	0	0	0	0	0	0	0	0	0	0	0	0	0	0	0	0	0	0	0	0	0	0	0	0	0	0	0	0	0	0	0	7984	37324	13066	0	0	1484	108	2692	1112	10684	7914	22414	5448	41390	546	4974	136	432	570	376	302	722	16976	5430	2818	0	
49484	Cerebelum_3_L	0	0	0	0	0	0	0	0	0	0	0	0	0	0	0	0	0	0	0	0	0	0	0	0	0	0	0	0	0	0	0	0	0	0	0	0	0	0	420	0	0	0	0	0	0	0	178	0	0	0	0	0	0	0	626	0	0	0	0	0	0	0	0	0	0	0	0	0	0	0	0	0	0	0	0	0	0	0	0	0	0	0	0	0	0	0	0	0	0	0	3180	0	662	0	0	122	9042	116	4300	186	170	0	184	0	208	0	0	0	1322	1900	1512	266	0	0	118	230	
90992	Cerebelum_3_R	0	0	0	0	0	0	0	0	0	0	0	0	0	0	0	0	0	0	0	0	0	0	0	0	0	0	0	0	0	0	0	0	0	0	0	0	78	0	0	0	0	0	0	0	0	0	0	212	0	0	0	0	0	0	0	80	0	0	0	0	0	0	0	0	0	0	0	0	0	0	0	0	0	0	0	0	0	0	0	0	0	0	0	0	0	0	0	0	0	0	1004	5224	610	1484	122	0	800	6070	1034	9418	400	128	728	2072	348	1174	0	0	2910	2868	1696	1296	2124	2038	1364	214	
300128	Cerebelum_4_5_L	0	0	0	0	0	0	0	0	0	0	0	0	0	0	0	0	0	0	0	0	0	0	0	0	0	0	0	0	166	0	0	0	0	0	0	0	418	0	858	0	0	0	114	0	0	0	10766	2348	0	0	0	0	538	0	12652	308	0	0	0	0	0	0	0	0	0	0	82	0	0	0	0	0	0	0	0	0	0	0	0	0	0	0	0	0	0	0	0	0	108	0	29618	1222	2196	108	9042	800	0	2796	40154	2604	810	0	952	0	2546	716	304	0	1316	3124	16090	4164	548	368	988	1240	
237004	Cerebelum_4_5_R	0	0	0	0	0	0	0	0	0	0	0	0	0	0	0	0	0	0	0	0	0	0	0	0	0	0	0	0	0	0	0	0	0	0	0	0	0	496	0	1126	0	0	0	90	0	0	470	5228	0	0	0	0	0	0	624	6236	0	0	0	0	0	0	0	0	0	0	0	234	0	0	0	0	0	0	0	0	0	0	0	0	0	0	0	0	0	0	0	0	0	0	2274	24744	744	2692	116	6070	2796	0	2720	34460	598	316	554	2458	78	476	0	80	396	2528	14000	2656	1226	854	676	486	
540864	Cerebelum_6_L	0	0	0	0	0	0	0	0	0	0	0	0	0	0	0	0	0	0	0	0	0	0	0	0	0	0	0	0	134	0	0	0	0	0	0	0	660	0	512	0	0	0	98	100	0	0	14276	7358	0	0	362	0	1648	0	29218	3418	0	0	0	0	0	0	0	0	0	0	102	0	0	0	0	0	0	0	0	0	0	0	0	0	0	0	0	0	0	0	0	0	500	0	71642	6456	9606	1112	4300	1034	40154	2720	0	9266	3654	200	3304	526	4380	2612	830	0	658	1084	14628	19496	5382	3234	3728	2040	
439624	Cerebelum_6_R	0	0	0	0	0	0	0	0	0	0	0	0	0	0	0	0	0	0	0	0	0	0	0	0	0	0	0	0	0	0	0	0	0	0	0	0	0	0	0	260	0	0	0	0	0	0	1368	7694	0	0	0	0	146	126	1682	12462	0	0	0	0	0	0	0	0	0	0	0	0	0	0	0	0	0	0	0	0	0	0	0	0	0	0	0	0	0	0	0	0	0	160	10864	62504	2588	10684	186	9418	2604	34460	9266	0	536	1200	338	6362	82	570	0	110	2246	3484	13098	15222	7484	1708	900	0	
293016	Cerebelum_7b_L	0	0	0	0	0	0	0	0	0	0	0	0	0	0	0	0	0	0	0	0	0	0	0	0	0	0	0	0	0	0	0	0	0	0	0	0	0	0	0	0	0	0	0	0	0	0	0	0	0	0	0	0	0	0	96	0	0	0	0	0	0	0	0	0	0	0	0	0	0	0	0	0	0	0	0	0	0	0	0	0	0	0	0	0	0	0	0	0	0	0	14746	984	40478	7914	170	400	810	598	3654	536	0	4562	37668	6608	7554	888	886	264	196	86	214	698	8890	5514	1792	302	
156980	Cerebelum_7b_R	0	0	0	0	0	0	0	0	0	0	0	0	0	0	0	0	0	0	0	0	0	0	0	0	0	0	0	0	0	0	0	0	0	0	0	0	0	0	0	0	0	0	0	0	0	0	0	0	0	0	0	0	0	0	0	0	0	0	0	0	0	0	0	0	0	0	0	0	0	0	0	0	0	0	0	0	0	0	0	0	0	0	0	0	0	0	0	0	0	0	2906	3224	6592	22414	0	128	0	316	200	1200	4562	0	2434	21648	210	2286	114	0	0	0	0	0	5938	3444	874	0	
329668	Cerebelum_8_L	0	0	0	0	0	0	0	0	0	0	0	0	0	0	0	0	0	0	0	0	0	0	0	0	0	0	0	0	0	0	0	0	0	0	0	0	0	0	0	0	0	0	0	0	0	0	0	0	0	0	0	0	0	0	98	0	0	0	0	0	0	0	0	0	0	0	0	0	0	0	0	0	0	0	0	0	0	0	0	0	0	0	0	0	0	0	0	0	0	0	15470	1192	34190	5448	184	728	952	554	3304	338	37668	2434	0	7208	21546	4022	2398	482	210	88	192	886	8606	9484	6104	1048	
330300	Cerebelum_8_R	0	0	0	0	0	0	0	0	0	0	0	0	0	0	0	0	0	0	0	0	0	0	0	0	0	0	0	0	0	0	0	0	0	0	0	0	0	0	0	0	0	0	0	0	0	0	0	0	0	0	0	0	0	0	0	94	0	0	0	0	0	0	0	0	0	0	0	0	0	0	0	0	0	0	0	0	0	0	0	0	0	0	0	0	0	0	0	0	0	0	4056	21080	7526	41390	0	2072	0	2458	526	6362	6608	21648	7208	0	1192	14558	196	960	730	428	338	180	10342	9310	5644	244	
134592	Cerebelum_9_L	0	0	0	0	0	0	0	0	0	0	0	0	0	0	0	0	0	0	0	0	0	0	0	0	0	0	0	0	0	0	0	0	0	0	0	0	0	0	0	0	0	0	0	0	0	0	0	0	0	0	0	0	0	0	0	0	0	0	0	0	0	0	0	0	0	0	0	0	0	0	0	0	0	0	0	0	0	0	0	0	0	0	0	0	0	0	0	0	0	0	3744	0	5166	546	208	348	2546	78	4380	82	7554	210	21546	1192	0	2504	4202	0	156	132	976	1292	1706	2522	4034	2172	
147428	Cerebelum_9_R	0	0	0	0	0	0	0	0	0	0	0	0	0	0	0	0	0	0	0	0	0	0	0	0	0	0	0	0	0	0	0	0	0	0	0	0	0	0	0	0	0	0	0	0	0	0	0	0	0	0	0	0	0	0	0	0	0	0	0	0	0	0	0	0	0	0	0	0	0	0	0	0	0	0	0	0	0	0	0	0	0	0	0	0	0	0	0	0	0	0	2284	2278	1228	4974	0	1174	716	476	2612	570	888	2286	4022	14558	2504	0	294	2006	184	0	822	3674	5112	7166	10516	3370	
25192	Cerebelum_10_L	0	0	0	0	0	0	0	0	0	0	0	0	0	0	0	0	0	0	0	0	0	0	0	0	0	0	0	0	0	0	0	0	0	0	0	0	0	0	0	0	0	0	0	0	0	0	0	0	0	0	0	0	0	0	0	0	0	0	0	0	0	0	0	0	0	0	0	0	0	0	0	0	0	0	0	0	0	0	0	0	0	0	0	0	0	0	0	0	0	0	848	0	486	136	0	0	304	0	830	0	886	114	2398	196	4202	294	0	0	0	0	0	0	432	542	628	300	
13036	Cerebelum_10_R	0	0	0	0	0	0	0	0	0	0	0	0	0	0	0	0	0	0	0	0	0	0	0	0	0	0	0	0	0	0	0	0	0	0	0	0	0	0	0	0	0	0	0	0	0	0	0	0	0	0	0	0	0	0	0	0	0	0	0	0	0	0	0	0	0	0	0	0	0	0	0	0	0	0	0	0	0	0	0	0	0	0	0	0	0	0	0	0	0	0	116	0	240	432	0	0	0	80	0	110	264	0	482	960	0	2006	0	0	0	0	0	0	526	456	846	0	
44668	Vermis_1_2	0	0	0	0	0	0	0	0	0	0	0	0	0	0	0	0	0	0	0	0	0	0	0	0	0	0	0	0	0	0	0	0	0	0	0	0	0	0	0	0	0	0	0	0	0	0	0	0	0	0	0	0	0	0	0	0	0	0	0	0	0	0	0	0	0	0	0	0	0	0	0	0	0	0	0	0	0	0	0	0	0	0	0	0	0	0	0	0	0	0	588	1444	290	570	1322	2910	1316	396	658	2246	196	0	210	730	156	184	0	0	0	4162	1830	814	884	742	348	338	
