data	data	479356	225960	1.08282e+06	1.20532e+06	203420	86424	482120	246784	81384	33688	207088	219416	241160	181900	140320	120840	220632	137452	595624	1.2746e+06	58616	83060	406032	369840	36536	116672	46400	91548	549332	394464	368264	448380	145084	533572	164644	157084	219952	287560	88764	142552	20544	70800	180704	256252	132012	233132	261352	302080	174056	250772	554496	253660	194156	77660	379820	372552	297612	196276	256308	106072	134024	116908	87916	93676	123312	108020	265660	315252	213776	189348	236216	425348	299492	397744	49976	40972	103804	186192	77348	25076	204996	95988	89708	78836	343116	171640	33644	23292	278796	171220	486432	397244	318460	294576	18200	58764	337244	231420	433424	362840	247468	149984	374380	263124	128412	116588	13760	11572	23168	42876	278384	181024	233024	182084	107652	20400	
data	data	Precentral_L	Precentral_R	Frontal_Sup_L	Frontal_Sup_R	Frontal_Sup_Orb_L	Frontal_Sup_Orb_R	Frontal_Mid_L	Frontal_Mid_R	Frontal_Mid_Orb_L	Frontal_Mid_Orb_R	Frontal_Inf_Oper_L	Frontal_Inf_Oper_R	Frontal_Inf_Tri_L	Frontal_Inf_Tri_R	Frontal_Inf_Orb_L	Frontal_Inf_Orb_R	Rolandic_Oper_L	Rolandic_Oper_R	Supp_Motor_Area_L	Supp_Motor_Area_R	Olfactory_L	Olfactory_R	Frontal_Sup_Medial_L	Frontal_Sup_Medial_R	Frontal_Med_Orb_L	Frontal_Med_Orb_R	Rectus_L	Rectus_R	Insula_L	Insula_R	Cingulum_Ant_L	Cingulum_Ant_R	Cingulum_Mid_L	Cingulum_Mid_R	Cingulum_Post_L	Cingulum_Post_R	Hippocampus_L	Hippocampus_R	ParaHippocampal_L	ParaHippocampal_R	Amygdala_L	Amygdala_R	Calcarine_L	Calcarine_R	Cuneus_L	Cuneus_R	Lingual_L	Lingual_R	Occipital_Sup_L	Occipital_Sup_R	Occipital_Mid_L	Occipital_Mid_R	Occipital_Inf_L	Occipital_Inf_R	Fusiform_L	Fusiform_R	Postcentral_L	Postcentral_R	Parietal_Sup_L	Parietal_Sup_R	Parietal_Inf_L	Parietal_Inf_R	SupraMarginal_L	SupraMarginal_R	Angular_L	Angular_R	Precuneus_L	Precuneus_R	Paracentral_Lobule_L	Paracentral_Lobule_R	Caudate_L	Caudate_R	Putamen_L	Putamen_R	Pallidum_L	Pallidum_R	Thalamus_L	Thalamus_R	Heschl_L	Heschl_R	Temporal_Sup_L	Temporal_Sup_R	Temporal_Pole_Sup_L	Temporal_Pole_Sup_R	Temporal_Mid_L	Temporal_Mid_R	Temporal_Pole_Mid_L	Temporal_Pole_Mid_R	Temporal_Inf_L	Temporal_Inf_R	Cerebelum_Crus1_L	Cerebelum_Crus1_R	Cerebelum_Crus2_L	Cerebelum_Crus2_R	Cerebelum_3_L	Cerebelum_3_R	Cerebelum_4_5_L	Cerebelum_4_5_R	Cerebelum_6_L	Cerebelum_6_R	Cerebelum_7b_L	Cerebelum_7b_R	Cerebelum_8_L	Cerebelum_8_R	Cerebelum_9_L	Cerebelum_9_R	Cerebelum_10_L	Cerebelum_10_R	Vermis_1_2	Vermis_3	Vermis_4_5	Vermis_6	Vermis_7	Vermis_8	Vermis_9	Vermis_10	
479356	Precentral_L	0	5492	9072	7250	146	0	26626	188	0	0	11040	276	1202	0	0	0	10304	0	6652	17330	0	0	142	0	0	0	0	0	11266	0	238	0	158	5522	5404	4104	4922	2356	178	332	0	0	0	0	0	0	0	0	204	0	7656	0	6748	0	3914	554	35968	576	2230	0	2102	0	924	0	0	0	680	148	13518	3364	1708	1062	4936	538	1572	536	4978	1898	4062	0	3266	0	0	0	3612	0	0	0	2560	164	0	0	0	0	0	0	0	0	0	0	0	0	0	0	0	0	0	0	0	0	0	0	0	0	0	0	
225960	Precentral_R	5492	0	3936	8994	0	0	1840	8312	0	0	0	5496	0	0	0	0	0	1954	3372	17594	0	0	0	0	0	0	0	0	0	2162	0	0	710	1596	382	546	454	2050	152	0	0	0	0	450	0	0	0	262	0	190	0	236	0	272	0	1264	0	18090	0	0	0	302	0	1210	0	0	0	720	4114	7370	276	588	272	4108	180	300	0	1086	0	366	0	1376	0	0	0	2428	0	0	0	2478	0	0	0	0	0	0	0	0	0	0	0	0	0	0	0	0	0	0	0	0	0	0	0	0	0	0	
1.08282e+06	Frontal_Sup_L	9072	3936	0	35158	20968	264	61728	1726	4414	0	11220	648	17736	416	7220	702	10388	304	69528	43400	0	0	50398	10020	2388	406	328	0	40552	1832	29246	9054	4726	11694	0	0	3874	172	266	0	0	0	0	0	0	0	0	0	0	0	0	0	0	0	626	0	598	716	0	0	0	0	0	0	0	0	0	0	2636	0	12462	8262	24968	3550	5892	292	6774	2360	1008	0	4922	0	1370	0	160	232	0	0	624	172	0	0	0	0	0	0	0	0	0	0	0	0	0	0	0	0	0	0	0	0	0	0	0	0	0	0	
1.20532e+06	Frontal_Sup_R	7250	8994	35158	0	568	5140	10330	38570	0	2002	3142	17050	1108	14132	0	8348	506	10240	22650	134422	0	298	14060	38608	0	5532	0	1486	3366	28708	7708	28000	3616	22512	298	208	466	9708	268	1664	0	262	0	0	0	0	0	0	0	0	172	0	0	0	0	4622	494	1224	136	0	0	218	0	332	0	0	0	0	2318	596	9408	36054	2268	30384	0	3730	214	18260	0	222	316	440	0	3008	0	340	0	0	0	1524	0	0	0	0	0	0	0	0	0	0	0	0	0	0	0	0	0	0	0	0	0	0	0	0	0	0	
203420	Frontal_Sup_Orb_L	146	0	20968	568	0	0	5444	0	12892	0	376	0	4212	0	13854	0	0	0	618	516	352	0	5556	738	3004	162	3204	0	9894	0	7012	364	0	0	0	0	0	0	0	0	0	0	0	0	0	0	0	0	0	0	0	0	0	0	0	0	0	0	0	0	0	0	0	0	0	0	0	0	0	0	826	230	9436	0	0	0	0	0	0	0	0	0	1338	0	0	0	0	0	0	0	0	0	0	0	0	0	0	0	0	0	0	0	0	0	0	0	0	0	0	0	0	0	0	0	0	0	
86424	Frontal_Sup_Orb_R	0	0	264	5140	0	0	0	684	0	3564	0	0	0	340	0	1914	0	0	144	2326	0	734	232	2436	0	7106	0	7640	0	946	226	2770	0	180	0	0	0	0	0	0	0	444	0	0	0	0	0	0	0	0	0	0	0	0	0	0	0	0	0	0	0	0	0	0	0	0	0	0	0	0	0	3524	0	2598	0	0	0	0	0	0	0	0	0	0	0	0	0	0	0	0	0	0	0	0	0	0	0	0	0	0	0	0	0	0	0	0	0	0	0	0	0	0	0	0	0	0	
482120	Frontal_Mid_L	26626	1840	61728	10330	5444	0	0	152	4156	0	7986	372	29444	0	5918	140	6178	0	3788	10410	0	0	14942	1368	0	0	0	0	17326	0	9122	1672	582	1570	144	144	810	0	0	0	0	0	0	0	0	0	0	0	0	0	344	0	0	0	0	0	2950	228	286	0	0	0	0	0	0	0	0	0	0	0	2226	966	4514	286	838	288	2898	548	780	0	1716	0	0	0	0	0	0	0	0	0	0	0	0	0	0	0	0	0	0	0	0	0	0	0	0	0	0	0	0	0	0	0	0	0	0	0	
246784	Frontal_Mid_R	188	8312	1726	38570	0	684	152	0	0	2376	0	8482	0	17284	0	5108	0	2324	1082	5090	0	0	406	1288	0	0	0	0	290	9504	0	920	0	898	0	0	248	2132	190	0	0	0	0	0	0	0	0	0	0	0	0	200	0	0	0	388	0	1562	0	0	0	288	0	358	0	0	0	0	0	0	582	2192	0	6216	0	2054	0	1700	0	0	0	138	0	0	0	204	0	0	0	256	0	0	0	0	0	0	0	0	0	0	0	0	0	0	0	0	0	0	0	0	0	0	0	0	0	0	
81384	Frontal_Mid_Orb_L	0	0	4414	0	12892	0	4156	0	0	0	0	0	3406	0	12162	0	0	0	190	0	0	0	0	0	0	0	1548	0	1646	0	0	0	0	0	0	0	0	0	0	0	0	0	0	0	0	0	0	0	0	0	0	0	0	0	0	0	0	0	0	0	0	0	0	0	0	0	0	0	0	0	0	0	278	0	0	0	0	0	0	0	0	0	0	0	0	0	0	0	0	0	0	0	0	0	0	0	0	0	0	0	0	0	0	0	0	0	0	0	0	0	0	0	0	0	0	0	
33688	Frontal_Mid_Orb_R	0	0	0	2002	0	3564	0	2376	0	0	0	0	0	640	0	5296	0	0	0	784	0	0	0	0	0	0	0	208	0	440	0	0	0	0	0	0	0	0	0	0	0	0	0	0	0	0	0	0	0	0	0	0	0	0	0	0	0	0	0	0	0	0	0	0	0	0	0	0	0	0	0	562	0	972	0	0	0	0	0	0	0	0	0	0	0	0	0	0	0	0	0	0	0	0	0	0	0	0	0	0	0	0	0	0	0	0	0	0	0	0	0	0	0	0	0	0	
207088	Frontal_Inf_Oper_L	11040	0	11220	3142	376	0	7986	0	0	0	0	228	12146	136	136	196	11458	0	2460	3074	0	0	1378	188	0	0	0	0	17442	0	3976	370	0	158	0	0	302	0	0	0	0	0	0	0	0	0	0	0	0	0	0	0	0	0	0	0	3638	0	0	0	0	0	0	0	0	0	0	0	0	0	1200	240	680	0	0	0	790	0	1202	0	6184	0	2198	0	0	0	0	0	0	0	0	0	0	0	0	0	0	0	0	0	0	0	0	0	0	0	0	0	0	0	0	0	0	0	0	0	
219416	Frontal_Inf_Oper_R	276	5496	648	17050	0	0	372	8482	0	0	228	0	0	13910	0	0	0	7082	290	16166	0	0	0	152	0	0	0	0	0	21896	0	0	0	0	0	0	0	212	0	0	0	0	0	0	0	0	0	0	0	0	0	0	0	0	0	138	0	4126	0	0	0	0	0	0	0	0	0	0	0	0	404	3266	0	5794	0	136	0	0	0	0	0	320	0	3264	0	0	0	0	0	0	0	0	0	0	0	0	0	0	0	0	0	0	0	0	0	0	0	0	0	0	0	0	0	0	0	0	
241160	Frontal_Inf_Tri_L	1202	0	17736	1108	4212	0	29444	0	3406	0	12146	0	0	0	12010	0	276	0	1438	1010	0	0	3076	180	0	0	0	0	23082	0	5118	418	0	220	0	0	0	0	0	0	0	0	0	0	0	0	0	0	0	0	0	0	0	0	0	0	140	0	0	0	0	0	0	0	0	0	0	0	0	0	656	200	2696	0	0	0	276	0	0	0	0	0	530	0	0	0	0	0	0	0	0	0	0	0	0	0	0	0	0	0	0	0	0	0	0	0	0	0	0	0	0	0	0	0	0	0	
181900	Frontal_Inf_Tri_R	0	0	416	14132	0	340	0	17284	0	640	136	13910	0	0	0	4944	0	600	202	9666	0	0	156	516	0	0	0	0	248	19682	0	526	0	382	0	0	0	0	0	0	0	0	0	0	0	0	0	0	0	0	0	0	0	0	0	0	0	0	0	0	0	0	0	0	0	0	0	0	0	0	490	2494	0	4030	0	156	0	0	0	0	0	0	0	0	0	0	0	0	0	0	0	0	0	0	0	0	0	0	0	0	0	0	0	0	0	0	0	0	0	0	0	0	0	0	0	0	
140320	Frontal_Inf_Orb_L	0	0	7220	0	13854	0	5918	0	12162	0	136	0	12010	0	0	0	0	0	344	0	922	0	242	0	0	0	172	0	10696	0	0	0	0	0	0	0	278	0	322	0	0	0	0	0	0	0	0	0	0	0	0	0	0	0	0	0	0	0	0	0	0	0	0	0	0	0	0	0	0	0	0	0	3572	0	0	0	0	0	0	0	0	0	2312	0	0	0	0	0	0	0	0	0	0	0	0	0	0	0	0	0	0	0	0	0	0	0	0	0	0	0	0	0	0	0	0	0	
120840	Frontal_Inf_Orb_R	0	0	702	8348	0	1914	140	5108	0	5296	196	0	0	4944	0	0	0	146	622	5324	156	1060	266	560	0	0	0	394	234	9764	188	1116	0	972	0	0	0	0	0	0	0	578	0	0	0	0	0	0	0	0	0	0	0	0	0	0	0	0	0	0	0	0	0	0	0	0	0	0	0	0	798	4320	384	6202	0	0	0	154	0	0	0	0	0	534	0	0	0	0	0	0	0	0	0	0	0	0	0	0	0	0	0	0	0	0	0	0	0	0	0	0	0	0	0	0	0	0	
220632	Rolandic_Oper_L	10304	0	10388	506	0	0	6178	0	0	0	11458	0	276	0	0	0	0	0	3866	518	0	0	0	0	0	0	0	0	23260	0	0	0	0	0	218	0	416	0	0	0	0	0	0	0	0	0	0	0	0	0	1642	0	1434	0	1168	0	8422	0	720	0	162	0	1762	0	0	0	464	0	194	0	492	0	248	0	0	0	648	0	6566	0	15106	0	1462	0	1370	0	0	0	1068	0	0	0	0	0	0	0	0	0	0	0	0	0	0	0	0	0	0	0	0	0	0	0	0	0	0	0	
137452	Rolandic_Oper_R	0	1954	304	10240	0	0	0	2324	0	0	0	7082	0	600	0	146	0	0	222	8798	0	0	0	0	0	0	0	0	0	15092	0	0	0	150	0	0	0	634	0	0	0	0	0	0	0	0	0	0	0	0	0	0	0	0	0	0	0	4522	0	0	0	0	0	2388	0	0	0	0	0	652	0	908	0	3266	0	0	0	140	0	2632	0	3126	0	3546	0	0	0	0	0	0	0	0	0	0	0	0	0	0	0	0	0	0	0	0	0	0	0	0	0	0	0	0	0	0	0	0	
595624	Supp_Motor_Area_L	6652	3372	69528	22650	618	144	3788	1082	190	0	2460	290	1438	202	344	622	3866	222	0	58474	0	0	5650	3190	0	302	0	0	13960	940	7694	6884	8068	24282	314	0	2136	232	166	0	0	0	0	0	0	0	0	0	0	0	0	0	0	0	418	0	220	634	0	0	0	0	0	0	0	0	472	164	10942	500	7002	4994	10306	1998	950	514	3600	1858	710	0	1826	0	474	0	0	0	0	0	470	0	0	0	0	0	0	0	0	0	0	0	0	0	0	0	0	0	0	0	0	0	0	0	0	0	0	0	
1.2746e+06	Supp_Motor_Area_R	17330	17594	43400	134422	516	2326	10410	5090	0	784	3074	16166	1010	9666	0	5324	518	8798	58474	0	0	288	4024	13800	0	1240	0	344	3346	25164	6138	15832	5826	53694	2516	4208	596	7554	140	1352	0	246	0	914	0	368	0	568	0	836	176	1002	194	364	0	5600	530	4600	0	0	0	0	0	716	0	0	0	2162	16172	22152	8846	32654	2262	23316	346	2260	168	16484	0	568	320	1810	0	2992	0	3300	0	0	0	4408	0	0	0	0	0	0	0	0	0	0	0	0	0	0	0	0	0	0	0	0	0	0	0	0	0	0	
58616	Olfactory_L	0	0	0	0	352	0	0	0	0	0	0	0	0	0	922	156	0	0	0	0	0	5088	0	0	0	636	2930	2340	1656	208	2486	2824	0	0	0	0	404	0	522	0	392	0	0	0	0	0	0	0	0	0	0	0	0	0	0	0	0	0	0	0	0	0	0	0	0	0	0	0	0	0	4450	1196	2436	0	0	0	0	0	0	0	0	0	310	0	0	0	0	0	0	0	0	0	0	0	0	0	0	0	0	0	0	0	0	0	0	0	0	0	0	0	0	0	0	0	0	0	
83060	Olfactory_R	0	0	0	298	0	734	0	0	0	0	0	0	0	0	0	1060	0	0	0	288	5088	0	0	0	0	924	2658	3970	0	2906	2768	3872	0	0	0	0	0	0	0	0	0	2040	0	0	0	0	0	0	0	0	0	0	0	0	0	0	0	0	0	0	0	0	0	0	0	0	0	0	0	0	7122	3652	2580	1402	0	0	0	0	0	0	0	0	0	168	0	0	0	0	0	0	0	0	0	0	0	0	0	0	0	0	0	0	0	0	0	0	0	0	0	0	0	0	0	0	0	0	
406032	Frontal_Sup_Medial_L	142	0	50398	14060	5556	232	14942	406	0	0	1378	0	3076	156	242	266	0	0	5650	4024	0	0	0	25580	3774	1802	276	262	2068	0	26408	19454	6082	14618	0	0	0	0	0	0	0	0	0	0	0	0	0	0	0	0	0	0	0	0	0	0	0	0	0	0	0	0	0	0	0	0	0	0	0	0	212	314	1218	420	0	0	0	0	0	0	0	0	0	0	0	0	0	0	0	0	0	0	0	0	0	0	0	0	0	0	0	0	0	0	0	0	0	0	0	0	0	0	0	0	0	0	
369840	Frontal_Sup_Medial_R	0	0	10020	38608	738	2436	1368	1288	0	0	188	152	180	516	0	560	0	0	3190	13800	0	0	25580	0	504	8852	0	2056	192	530	9372	31106	1636	18490	0	0	0	0	0	0	0	0	0	0	0	0	0	0	0	0	0	0	0	0	0	0	0	0	0	0	0	0	0	0	0	0	0	0	0	0	380	7218	248	5498	0	214	0	0	0	0	0	0	0	0	0	0	0	0	0	0	0	0	0	0	0	0	0	0	0	0	0	0	0	0	0	0	0	0	0	0	0	0	0	0	0	0	
36536	Frontal_Med_Orb_L	0	0	2388	0	3004	0	0	0	0	0	0	0	0	0	0	0	0	0	0	0	0	0	3774	504	0	1636	812	536	0	0	4948	666	0	0	0	0	0	0	0	0	0	0	0	0	0	0	0	0	0	0	0	0	0	0	0	0	0	0	0	0	0	0	0	0	0	0	0	0	0	0	0	0	0	0	0	0	0	0	0	0	0	0	0	0	0	0	0	0	0	0	0	0	0	0	0	0	0	0	0	0	0	0	0	0	0	0	0	0	0	0	0	0	0	0	0	0	
116672	Frontal_Med_Orb_R	0	0	406	5532	162	7106	0	0	0	0	0	0	0	0	0	0	0	0	302	1240	636	924	1802	8852	1636	0	646	9254	0	0	3464	7390	0	798	0	0	0	0	0	0	0	0	0	0	0	0	0	0	0	0	0	0	0	0	0	0	0	0	0	0	0	0	0	0	0	0	0	0	0	0	478	4500	0	3208	0	0	0	0	0	0	0	0	0	0	0	0	0	0	0	0	0	0	0	0	0	0	0	0	0	0	0	0	0	0	0	0	0	0	0	0	0	0	0	0	0	0	
46400	Rectus_L	0	0	328	0	3204	0	0	0	1548	0	0	0	0	0	172	0	0	0	0	0	2930	2658	276	0	812	646	0	1472	0	0	3628	2028	0	0	0	0	0	0	0	0	0	0	0	0	0	0	0	0	0	0	0	0	0	0	0	0	0	0	0	0	0	0	0	0	0	0	0	0	0	0	2350	458	690	0	0	0	0	0	0	0	0	0	0	0	0	0	0	0	0	0	0	0	0	0	0	0	0	0	0	0	0	0	0	0	0	0	0	0	0	0	0	0	0	0	0	0	
91548	Rectus_R	0	0	0	1486	0	7640	0	0	0	208	0	0	0	0	0	394	0	0	0	344	2340	3970	262	2056	536	9254	1472	0	0	756	2606	5362	0	0	0	0	0	0	0	0	0	456	0	0	0	0	0	0	0	0	0	0	0	0	0	0	0	0	0	0	0	0	0	0	0	0	0	0	0	0	1946	2388	902	1396	0	0	0	0	0	0	0	0	0	0	0	0	0	0	0	0	0	0	0	0	0	0	0	0	0	0	0	0	0	0	0	0	0	0	0	0	0	0	0	0	0	0	
549332	Insula_L	11266	0	40552	3366	9894	0	17326	290	1646	0	17442	0	23082	248	10696	234	23260	0	13960	3346	1656	0	2068	192	0	0	0	0	0	0	2678	580	0	412	540	428	7772	304	1220	224	658	0	0	0	0	0	0	0	0	0	1204	0	1322	0	4542	0	7014	0	550	0	584	0	202	0	0	0	366	0	0	0	3778	712	19080	0	0	0	5008	670	6438	0	14162	0	6030	0	2088	0	0	0	5576	0	0	0	0	0	0	0	0	0	0	0	0	0	0	0	0	0	0	0	0	0	0	0	0	0	0	0	
394464	Insula_R	0	2162	1832	28708	0	946	0	9504	0	440	0	21896	0	19682	0	9764	0	15092	940	25164	208	2906	0	530	0	0	0	756	0	0	0	654	0	506	0	0	0	2244	0	582	0	1862	0	0	0	0	0	0	0	0	0	0	0	0	0	1232	0	2866	0	0	0	0	0	164	0	0	0	0	0	508	442	6854	0	24680	0	150	0	430	0	2434	0	5162	0	3916	0	1486	0	0	0	530	0	0	0	0	0	0	0	0	0	0	0	0	0	0	0	0	0	0	0	0	0	0	0	0	0	0	
368264	Cingulum_Ant_L	238	0	29246	7708	7012	226	9122	0	0	0	3976	0	5118	0	0	188	0	0	7694	6138	2486	2768	26408	9372	4948	3464	3628	2606	2678	0	0	19070	5556	5366	0	0	0	0	0	0	0	0	0	0	0	0	0	0	0	0	0	0	0	0	0	0	0	0	0	0	0	0	0	0	0	0	0	0	0	0	7334	2960	7714	972	0	0	136	0	0	0	0	0	0	0	0	0	0	0	0	0	0	0	0	0	0	0	0	0	0	0	0	0	0	0	0	0	0	0	0	0	0	0	0	0	0	0	
448380	Cingulum_Ant_R	0	0	9054	28000	364	2770	1672	920	0	0	370	0	418	526	0	1116	0	0	6884	15832	2824	3872	19454	31106	666	7390	2028	5362	580	654	19070	0	4994	25898	0	0	0	0	0	0	0	0	0	0	0	0	0	0	0	0	0	0	0	0	0	0	0	0	0	0	0	0	0	0	0	0	0	0	0	0	4650	16350	1960	8636	0	548	0	222	0	0	0	0	0	0	0	0	0	0	0	0	0	0	0	0	0	0	0	0	0	0	0	0	0	0	0	0	0	0	0	0	0	0	0	0	0	0	
145084	Cingulum_Mid_L	158	710	4726	3616	0	0	582	0	0	0	0	0	0	0	0	0	0	0	8068	5826	0	0	6082	1636	0	0	0	0	0	0	5556	4994	0	13618	2374	658	0	0	0	0	0	0	0	0	1240	374	0	0	992	152	1060	0	302	0	0	0	0	0	0	0	0	0	0	0	0	0	5508	936	2944	430	0	0	0	0	0	0	0	0	0	0	0	0	0	0	0	0	0	0	0	0	0	0	0	0	0	0	0	0	0	0	0	0	0	0	0	0	0	0	0	0	0	0	0	0	0	0	
533572	Cingulum_Mid_R	5522	1596	11694	22512	0	180	1570	898	0	0	158	0	220	382	0	972	0	150	24282	53694	0	0	14618	18490	0	798	0	0	412	506	5366	25898	13618	0	2850	5844	0	0	0	0	0	0	0	1320	0	2424	0	536	0	2560	0	1584	0	140	0	200	300	3998	0	412	0	1068	0	1850	0	1022	770	9750	9206	14622	348	198	0	402	0	0	0	0	0	0	0	340	0	0	0	890	0	0	0	616	0	0	0	0	0	0	0	0	0	0	0	0	0	0	0	0	0	0	0	0	0	0	0	0	0	0	
164644	Cingulum_Post_L	5404	382	0	298	0	0	144	0	0	0	0	0	0	0	0	0	218	0	314	2516	0	0	0	0	0	0	0	0	540	0	0	0	2374	2850	0	12104	4368	5106	3320	2008	0	0	1640	256	484	0	1218	0	464	0	3016	0	4438	0	5028	1050	1670	214	406	0	0	0	0	0	242	0	6252	1400	4208	2116	0	0	0	140	0	0	166	2660	256	0	140	0	0	0	1506	0	0	0	918	0	0	0	0	0	0	0	0	0	0	0	0	0	0	0	0	0	0	0	0	0	488	0	0	0	0	0	
157084	Cingulum_Post_R	4104	546	0	208	0	0	144	0	0	0	0	0	0	0	0	0	0	0	0	4208	0	0	0	0	0	0	0	0	428	0	0	0	658	5844	12104	0	2946	5792	1810	1894	0	0	0	2440	0	550	152	1840	0	212	138	162	396	1122	548	2266	1106	366	0	0	0	0	0	0	0	0	1200	10948	2110	3398	0	0	0	0	0	0	170	2234	230	0	0	0	0	0	0	614	0	0	0	1940	0	0	0	0	0	0	0	0	0	0	0	0	0	0	0	0	0	0	0	0	3714	0	0	0	0	0	
219952	Hippocampus_L	4922	454	3874	466	0	0	810	248	0	0	302	0	0	0	278	0	416	0	2136	596	404	0	0	0	0	0	0	0	7772	0	0	0	0	0	4368	2946	0	3220	11850	2214	4088	0	1204	0	0	0	2930	236	0	0	152	0	0	0	11510	578	3450	0	0	0	0	0	0	0	0	0	2264	0	0	0	502	0	8302	138	3280	0	5268	3252	2876	0	1498	0	738	0	1132	0	0	0	8736	0	0	0	0	0	0	0	220	0	0	0	0	0	0	0	0	0	0	0	0	138	208	0	0	0	0	0	
287560	Hippocampus_R	2356	2050	172	9708	0	0	0	2132	0	0	0	212	0	0	0	0	0	634	232	7554	0	0	0	0	0	0	0	0	304	2244	0	0	0	0	5106	5792	3220	0	2234	20072	0	8798	0	0	0	0	252	1782	0	0	224	0	170	0	248	30176	664	846	0	0	0	0	0	0	0	0	402	1710	880	520	0	1874	0	8712	0	204	408	5934	176	0	0	814	0	1156	0	1218	0	460	0	10588	0	0	0	0	0	0	0	542	0	136	0	0	0	0	0	0	0	0	0	218	646	0	0	0	0	0	
88764	ParaHippocampal_L	178	152	266	268	0	0	0	190	0	0	0	0	0	0	322	0	0	0	166	140	522	0	0	0	0	0	0	0	1220	0	0	0	0	0	3320	1810	11850	2234	0	1558	792	0	1450	0	0	0	3950	188	0	0	0	0	0	0	4496	502	0	0	0	0	0	0	0	0	0	0	2210	0	0	0	0	0	1236	0	0	0	1238	1418	0	0	0	0	664	0	0	0	218	0	692	0	0	0	0	0	326	0	546	0	0	0	0	0	0	0	0	0	0	0	0	260	0	0	0	0	0	0	
142552	ParaHippocampal_R	332	0	0	1664	0	0	0	0	0	0	0	0	0	0	0	0	0	0	0	1352	0	0	0	0	0	0	0	0	224	582	0	0	0	0	2008	1894	2214	20072	1558	0	0	5670	0	0	0	0	152	2666	0	0	0	0	0	0	0	15178	260	0	0	0	0	0	0	0	0	0	0	684	0	0	0	496	0	2048	0	0	312	3744	136	0	0	0	0	2222	0	0	0	726	0	2322	0	324	0	0	0	236	0	1434	0	500	0	0	0	0	0	0	0	0	0	266	0	0	0	0	0	0	
20544	Amygdala_L	0	0	0	0	0	0	0	0	0	0	0	0	0	0	0	0	0	0	0	0	392	0	0	0	0	0	0	0	658	0	0	0	0	0	0	0	4088	0	792	0	0	0	0	0	0	0	0	0	0	0	0	0	0	0	2108	0	0	0	0	0	0	0	0	0	0	0	0	0	0	0	0	0	426	0	0	0	0	0	0	0	0	0	378	0	0	0	158	0	1272	0	0	0	0	0	0	0	0	0	0	0	0	0	0	0	0	0	0	0	0	0	0	0	0	0	0	0	
70800	Amygdala_R	0	0	0	262	0	444	0	0	0	0	0	0	0	0	0	578	0	0	0	246	0	2040	0	0	0	0	0	456	0	1862	0	0	0	0	0	0	0	8798	0	5670	0	0	0	0	0	0	0	0	0	0	0	0	0	0	0	6118	0	0	0	0	0	0	0	0	0	0	0	0	0	0	0	326	0	1878	0	0	0	250	0	0	0	0	0	2474	0	140	0	688	0	3170	0	0	0	0	0	0	0	0	0	0	0	0	0	0	0	0	0	0	0	0	0	0	0	0	0	0	
180704	Calcarine_L	0	0	0	0	0	0	0	0	0	0	0	0	0	0	0	0	0	0	0	0	0	0	0	0	0	0	0	0	0	0	0	0	0	0	1640	0	1204	0	1450	0	0	0	0	4036	9718	2314	11238	680	7578	1038	19366	696	7018	0	2758	0	0	0	432	0	0	0	0	0	0	0	11366	0	162	0	0	0	0	0	0	0	0	0	0	0	0	0	0	0	1212	0	0	0	260	0	316	0	0	0	0	0	1596	0	1044	0	0	0	0	0	450	0	0	0	0	0	2240	540	0	0	0	0	
256252	Calcarine_R	0	450	0	0	0	0	0	0	0	0	0	0	0	0	0	0	0	0	0	914	0	0	0	0	0	0	0	0	0	0	0	0	0	1320	256	2440	0	0	0	0	0	0	4036	0	2114	20410	808	21754	0	19466	0	21512	0	5448	0	3838	0	1096	0	0	0	0	0	0	0	0	178	15736	0	1688	0	0	0	0	0	0	0	0	0	0	0	0	0	0	0	3306	0	0	0	1116	0	0	0	0	0	0	0	0	0	0	0	0	0	0	0	0	0	0	0	0	240	0	0	0	0	0	
132012	Cuneus_L	0	0	0	0	0	0	0	0	0	0	0	0	0	0	0	0	0	0	0	0	0	0	0	0	0	0	0	0	0	0	0	0	1240	0	484	0	0	0	0	0	0	0	9718	2114	0	3366	918	0	17710	458	11282	0	2574	0	578	0	0	0	2384	0	0	0	0	0	0	0	11336	704	634	0	0	0	0	0	0	0	0	0	0	0	0	0	0	0	506	0	0	0	0	0	0	0	0	0	0	0	0	0	0	0	0	0	0	0	0	0	0	0	0	0	0	0	0	0	0	0	
233132	Cuneus_R	0	0	0	0	0	0	0	0	0	0	0	0	0	0	0	0	0	0	0	368	0	0	0	0	0	0	0	0	0	0	0	0	374	2424	0	550	0	0	0	0	0	0	2314	20410	3366	0	320	4372	0	30574	0	15302	0	356	0	180	0	920	0	3962	0	1010	0	328	0	278	2672	23136	0	1514	0	0	0	0	0	0	0	0	0	0	0	0	0	0	0	1836	0	0	0	0	0	0	0	0	0	0	0	0	0	0	0	0	0	0	0	0	0	0	0	0	0	0	0	0	0	0	
261352	Lingual_L	0	0	0	0	0	0	0	0	0	0	0	0	0	0	0	0	0	0	0	0	0	0	0	0	0	0	0	0	0	0	0	0	0	0	1218	152	2930	252	3950	152	0	0	11238	808	918	320	0	3924	1812	306	7256	230	2514	0	18082	284	0	0	0	0	0	0	0	0	0	0	4358	0	0	0	0	0	0	0	0	0	546	0	0	0	0	0	0	0	0	0	0	0	722	0	15366	1004	1018	204	0	0	13592	1832	19858	1406	378	0	552	0	218	0	0	0	0	168	6656	4830	1448	0	174	0	
302080	Lingual_R	0	262	0	0	0	0	0	0	0	0	0	0	0	0	0	0	0	0	0	568	0	0	0	0	0	0	0	0	0	0	0	0	0	536	0	1840	236	1782	188	2666	0	0	680	21754	0	4372	3924	0	0	6158	0	6626	0	6616	1756	16598	0	358	0	0	0	0	0	0	0	0	0	8798	0	700	0	0	0	0	0	0	0	0	0	0	0	0	0	0	0	2028	0	0	0	306	5208	6166	0	316	0	332	5234	9538	6638	10426	0	0	1214	0	0	0	0	0	0	316	8944	5562	2394	0	0	0	
174056	Occipital_Sup_L	204	0	0	0	0	0	0	0	0	0	0	0	0	0	0	0	0	0	0	0	0	0	0	0	0	0	0	0	0	0	0	0	992	0	464	0	0	0	0	0	0	0	7578	0	17710	0	1812	0	0	0	30060	0	2294	0	958	0	602	0	7764	0	1598	0	0	0	2416	0	8710	160	658	0	0	0	0	0	0	0	0	0	0	0	0	0	0	0	2730	0	0	0	318	0	0	0	0	0	0	0	0	0	0	0	0	0	0	0	0	0	0	0	0	0	0	0	0	0	0	0	
250772	Occipital_Sup_R	0	190	0	0	0	0	0	0	0	0	0	0	0	0	0	0	0	0	0	836	0	0	0	0	0	0	0	0	0	0	0	0	152	2560	0	212	0	0	0	0	0	0	1038	19466	458	30574	306	6158	0	0	0	24252	0	982	0	738	0	2930	0	6464	0	2400	0	0	0	2152	222	17404	168	2988	0	0	0	0	0	0	0	0	0	0	0	0	0	0	0	2504	0	0	0	232	0	0	0	0	0	0	0	0	0	0	0	0	0	0	0	0	0	0	0	0	0	0	0	0	0	0	
554496	Occipital_Mid_L	7656	0	0	172	0	0	344	0	0	0	0	0	0	0	0	0	1642	0	0	176	0	0	0	0	0	0	0	0	1204	0	0	0	1060	0	3016	138	152	224	0	0	0	0	19366	0	11282	0	7256	0	30060	0	0	0	30602	0	9078	0	13386	0	38300	0	11430	0	2558	0	20648	0	16838	0	7676	0	0	0	136	0	0	0	0	0	224	0	1558	0	0	0	31980	0	0	0	9086	0	0	0	0	0	0	0	0	0	0	0	0	0	0	0	0	0	0	0	0	0	0	0	0	0	0	0	
253660	Occipital_Mid_R	0	236	0	0	0	0	0	200	0	0	0	0	0	0	0	0	0	0	0	1002	0	0	0	0	0	0	0	0	0	0	0	0	0	1584	0	162	0	0	0	0	0	0	696	21512	0	15302	230	6626	0	24252	0	0	0	5022	0	1802	0	1754	0	2568	0	7622	0	846	0	14720	0	8072	0	1854	0	0	0	0	0	0	0	0	0	0	0	234	0	0	0	9908	0	0	0	626	0	0	0	0	0	0	0	0	0	0	0	0	0	0	0	0	0	0	0	0	0	0	0	0	0	0	
194156	Occipital_Inf_L	6748	0	0	0	0	0	0	0	0	0	0	0	0	0	0	0	1434	0	0	194	0	0	0	0	0	0	0	0	1322	0	0	0	302	0	4438	396	0	170	0	0	0	0	7018	0	2574	0	2514	0	2294	0	30602	0	0	0	12288	0	1478	0	902	0	0	0	168	0	686	0	4826	0	2230	0	0	0	0	0	0	0	0	0	186	0	894	0	0	0	8062	0	0	0	5352	0	0	0	0	0	0	0	0	0	0	0	0	0	0	0	0	0	0	0	0	0	0	0	0	0	0	0	
77660	Occipital_Inf_R	0	272	0	0	0	0	0	0	0	0	0	0	0	0	0	0	0	0	0	364	0	0	0	0	0	0	0	0	0	0	0	0	0	140	0	1122	0	0	0	0	0	0	0	5448	0	356	0	6616	0	982	0	5022	0	0	0	7260	0	0	0	0	0	0	0	0	0	0	0	1180	0	320	0	0	0	0	0	0	0	0	0	0	0	0	0	0	0	810	0	0	0	3232	140	1056	0	0	0	0	0	656	0	2040	0	0	0	0	0	0	0	0	0	0	696	638	480	0	0	0	
379820	Fusiform_L	3914	0	626	0	0	0	0	0	0	0	0	0	0	0	0	0	1168	0	418	0	0	0	0	0	0	0	0	0	4542	0	0	0	0	0	5028	548	11510	248	4496	0	2108	0	2758	0	578	0	18082	1756	958	0	9078	0	12288	0	0	0	1292	0	570	0	0	0	250	0	262	0	2178	0	474	0	0	0	1500	0	0	0	846	0	2720	0	2038	0	1220	0	6408	0	874	0	18180	0	22830	636	2010	202	138	0	10068	526	24966	614	666	0	2170	0	0	0	0	0	0	0	2608	2830	730	0	0	0	
372552	Fusiform_R	554	1264	0	4622	0	0	0	388	0	0	0	138	0	0	0	0	0	0	0	5600	0	0	0	0	0	0	0	0	0	1232	0	0	0	200	1050	2266	578	30176	502	15178	0	6118	0	3838	0	180	284	16598	0	738	0	1802	0	7260	0	0	0	374	0	0	0	0	0	0	0	0	0	1856	288	998	0	1552	0	5880	0	0	0	1918	0	0	0	472	0	3416	0	2786	0	1928	0	17730	892	12796	0	712	0	296	808	5864	770	16104	0	726	340	808	0	0	0	0	0	0	2898	2292	1206	0	0	0	
297612	Postcentral_L	35968	0	598	494	0	0	2950	0	0	0	3638	0	140	0	0	0	8422	0	220	530	0	0	0	0	0	0	0	0	7014	0	0	0	0	300	1670	1106	3450	664	0	260	0	0	0	0	0	0	0	0	602	0	13386	0	1478	0	1292	0	0	0	12578	0	16366	0	7892	0	1478	0	6098	0	4690	308	506	0	1254	0	546	0	1872	676	3034	0	4036	0	0	0	1930	0	0	0	1360	0	0	0	0	0	0	0	0	0	0	0	0	0	0	0	0	0	0	0	0	0	0	0	0	0	0	0	
196276	Postcentral_R	576	18090	716	1224	0	0	228	1562	0	0	0	4126	0	0	0	0	0	4522	634	4600	0	0	0	0	0	0	0	0	0	2866	0	0	0	3998	214	366	0	846	0	0	0	0	0	1096	0	920	0	358	0	2930	0	1754	0	0	0	374	0	0	0	5678	0	7076	0	12960	0	1142	0	5542	738	8010	0	222	0	1570	0	0	0	142	0	380	0	1322	0	0	0	734	0	0	0	622	0	0	0	0	0	0	0	0	0	0	0	0	0	0	0	0	0	0	0	0	0	0	0	0	0	0	
256308	Parietal_Sup_L	2230	0	0	136	0	0	286	0	0	0	0	0	0	0	0	0	720	0	0	0	0	0	0	0	0	0	0	0	550	0	0	0	0	0	406	0	0	0	0	0	0	0	432	0	2384	0	0	0	7764	0	38300	0	902	0	570	0	12578	0	0	0	9674	0	2366	0	6570	0	18008	206	3846	0	0	0	0	0	0	0	0	0	0	0	1072	0	0	0	13152	0	0	0	6002	0	0	0	0	0	0	0	0	0	0	0	0	0	0	0	0	0	0	0	0	0	0	0	0	0	0	0	
106072	Parietal_Sup_R	0	0	0	0	0	0	0	0	0	0	0	0	0	0	0	0	0	0	0	0	0	0	0	0	0	0	0	0	0	0	0	0	0	412	0	0	0	0	0	0	0	0	0	0	0	3962	0	0	0	6464	0	2568	0	0	0	0	0	5678	0	0	0	10406	0	1476	0	6794	1540	12676	0	1060	0	0	0	0	0	0	0	0	0	0	0	0	0	0	0	0	0	0	0	0	0	0	0	0	0	0	0	0	0	0	0	0	0	0	0	0	0	0	0	0	0	0	0	0	0	0	
134024	Parietal_Inf_L	2102	0	0	0	0	0	0	0	0	0	0	0	0	0	0	0	162	0	0	0	0	0	0	0	0	0	0	0	584	0	0	0	0	0	0	0	0	0	0	0	0	0	0	0	0	0	0	0	1598	0	11430	0	0	0	0	0	16366	0	9674	0	0	0	8672	0	13068	0	2166	0	638	0	0	0	0	0	0	0	0	0	0	0	0	0	0	0	400	0	0	0	152	0	0	0	0	0	0	0	0	0	0	0	0	0	0	0	0	0	0	0	0	0	0	0	0	0	0	0	
116908	Parietal_Inf_R	0	302	0	218	0	0	0	288	0	0	0	0	0	0	0	0	0	0	0	0	0	0	0	0	0	0	0	0	0	0	0	0	0	1068	0	0	0	0	0	0	0	0	0	0	0	1010	0	0	0	2400	0	7622	0	0	0	0	0	7076	0	10406	0	0	0	8604	0	14550	0	3920	200	644	0	0	0	0	0	0	0	0	0	0	0	0	0	0	0	146	0	0	0	0	0	0	0	0	0	0	0	0	0	0	0	0	0	0	0	0	0	0	0	0	0	0	0	0	0	0	
87916	SupraMarginal_L	924	0	0	0	0	0	0	0	0	0	0	0	0	0	0	0	1762	0	0	0	0	0	0	0	0	0	0	0	202	0	0	0	0	0	0	0	0	0	0	0	0	0	0	0	0	0	0	0	0	0	2558	0	168	0	250	0	7892	0	2366	0	8672	0	0	0	5276	0	980	0	274	0	0	0	0	0	0	0	0	0	0	0	5740	0	0	0	3782	0	0	0	3112	0	0	0	0	0	0	0	0	0	0	0	0	0	0	0	0	0	0	0	0	0	0	0	0	0	0	0	
93676	SupraMarginal_R	0	1210	0	332	0	0	0	358	0	0	0	0	0	0	0	0	0	2388	0	716	0	0	0	0	0	0	0	0	0	164	0	0	0	1850	0	0	0	0	0	0	0	0	0	0	0	328	0	0	0	0	0	846	0	0	0	0	0	12960	0	1476	0	8604	0	0	0	3120	0	2056	166	854	0	0	0	0	0	0	0	0	0	0	0	4796	0	0	0	3138	0	0	0	1476	0	0	0	0	0	0	0	0	0	0	0	0	0	0	0	0	0	0	0	0	0	0	0	0	0	0	
123312	Angular_L	0	0	0	0	0	0	0	0	0	0	0	0	0	0	0	0	0	0	0	0	0	0	0	0	0	0	0	0	0	0	0	0	0	0	242	0	0	0	0	0	0	0	0	0	0	0	0	0	2416	0	20648	0	686	0	262	0	1478	0	6570	0	13068	0	5276	0	0	0	1244	0	420	0	0	0	0	0	0	0	0	0	0	0	1266	0	0	0	6722	0	0	0	1358	0	0	0	0	0	0	0	0	0	0	0	0	0	0	0	0	0	0	0	0	0	0	0	0	0	0	0	
108020	Angular_R	0	0	0	0	0	0	0	0	0	0	0	0	0	0	0	0	0	0	0	0	0	0	0	0	0	0	0	0	0	0	0	0	0	1022	0	0	0	0	0	0	0	0	0	0	0	278	0	0	0	2152	0	14720	0	0	0	0	0	1142	0	6794	0	14550	0	3120	0	0	0	1936	176	420	0	0	0	0	0	0	0	0	0	0	0	2618	0	0	0	5082	0	0	0	0	0	0	0	0	0	0	0	0	0	0	0	0	0	0	0	0	0	0	0	0	0	0	0	0	0	0	
265660	Precuneus_L	680	0	0	0	0	0	0	0	0	0	0	0	0	0	0	0	464	0	472	0	0	0	0	0	0	0	0	0	366	0	0	0	5508	770	6252	1200	2264	402	2210	0	0	0	11366	178	11336	2672	4358	0	8710	222	16838	0	4826	0	2178	0	6098	0	18008	1540	2166	0	980	0	1244	0	0	7220	5822	0	0	0	0	0	0	0	0	162	0	0	418	0	0	0	3362	0	0	0	1934	0	0	0	0	0	0	0	264	0	0	0	0	0	0	0	0	0	0	0	0	0	340	0	0	0	0	0	
315252	Precuneus_R	148	720	0	0	0	0	0	0	0	0	0	0	0	0	0	0	0	0	164	2162	0	0	0	0	0	0	0	0	0	0	0	0	936	9750	1400	10948	0	1710	0	684	0	0	0	15736	704	23136	0	8798	160	17404	0	8072	0	1180	0	1856	0	5542	206	12676	0	3920	0	2056	0	1936	7220	0	828	7044	0	0	0	0	0	0	0	0	0	0	0	328	0	0	0	3680	0	0	0	2062	0	0	0	0	0	0	0	302	0	0	0	0	0	0	0	0	0	0	0	0	4158	0	0	0	0	0	
213776	Paracentral_Lobule_L	13518	4114	2636	2318	0	0	0	0	0	0	0	0	0	0	0	0	194	0	10942	16172	0	0	0	0	0	0	0	0	0	0	0	0	2944	9206	4208	2110	0	880	0	0	0	0	162	0	634	0	0	0	658	168	7676	0	2230	0	474	288	4690	738	3846	0	638	200	274	166	420	176	5822	828	0	4478	0	600	0	0	0	0	0	646	0	0	204	0	0	0	866	232	0	0	224	308	0	0	0	0	0	0	0	0	0	0	0	0	0	0	0	0	0	0	0	0	0	0	0	0	0	0	
189348	Paracentral_Lobule_R	3364	7370	0	596	0	0	0	0	0	0	0	0	0	0	0	0	0	652	500	22152	0	0	0	0	0	0	0	0	0	508	0	0	430	14622	2116	3398	0	520	0	0	0	0	0	1688	0	1514	0	700	0	2988	0	1854	0	320	0	998	308	8010	0	1060	0	644	0	854	0	420	0	7044	4478	0	0	0	0	0	0	0	0	0	0	256	0	816	0	0	0	2332	0	0	0	2162	0	0	0	0	0	0	0	0	0	0	0	0	0	0	0	0	0	0	0	0	0	0	0	0	0	0	
236216	Caudate_L	1708	276	12462	9408	826	0	2226	582	0	0	1200	404	656	490	0	798	492	0	7002	8846	4450	7122	212	380	0	478	2350	1946	3778	442	7334	4650	0	348	0	0	502	0	0	0	0	0	0	0	0	0	0	0	0	0	0	0	0	0	0	0	506	0	0	0	0	0	0	0	0	0	0	0	0	0	0	8910	16546	854	2752	394	5898	524	0	0	356	0	0	0	0	0	0	0	0	0	0	0	0	0	0	0	0	0	0	0	0	0	0	0	0	0	0	0	0	0	0	0	0	0	0	0	
425348	Caudate_R	1062	588	8262	36054	230	3524	966	2192	0	562	240	3266	200	2494	0	4320	0	908	4994	32654	1196	3652	314	7218	0	4500	458	2388	712	6854	2960	16350	0	198	0	0	0	1874	0	496	0	326	0	0	0	0	0	0	0	0	0	0	0	0	0	1552	0	222	0	0	0	0	0	0	0	0	0	0	600	0	8910	0	3814	24744	154	2452	0	17038	0	0	0	0	0	642	0	0	0	0	0	534	0	0	0	0	0	0	0	0	0	0	0	0	0	0	0	0	0	0	0	0	0	0	0	0	0	0	
299492	Putamen_L	4936	272	24968	2268	9436	0	4514	0	278	0	680	0	2696	0	3572	384	248	0	10306	2262	2436	2580	1218	248	0	0	690	902	19080	0	7714	1960	0	0	0	0	8302	0	1236	0	426	0	0	0	0	0	0	0	0	0	136	0	0	0	1500	0	1254	0	0	0	0	0	0	0	0	0	0	0	0	0	16546	3814	0	554	6728	260	1830	140	0	0	466	0	1670	0	162	0	0	0	1074	0	0	0	0	0	0	0	0	0	0	0	0	0	0	0	0	0	0	0	0	0	0	0	0	0	0	0	
397744	Putamen_R	538	4108	3550	30384	0	2598	286	6216	0	972	0	5794	0	4030	0	6202	0	3266	1998	23316	0	1402	420	5498	0	3208	0	1396	0	24680	972	8636	0	402	140	0	138	8712	0	2048	0	1878	0	0	0	0	0	0	0	0	0	0	0	0	0	5880	0	1570	0	0	0	0	0	0	0	0	0	0	0	0	854	24744	554	0	0	5998	0	1534	0	422	0	320	0	1560	0	416	0	0	0	2232	0	0	0	0	0	0	0	0	0	0	0	0	0	0	0	0	0	0	0	0	0	0	0	0	0	0	
49976	Pallidum_L	1572	180	5892	0	0	0	838	0	0	0	0	0	0	0	0	0	0	0	950	346	0	0	0	0	0	0	0	0	0	0	0	0	0	0	0	0	3280	0	0	0	0	0	0	0	0	0	0	0	0	0	0	0	0	0	0	0	546	0	0	0	0	0	0	0	0	0	0	0	0	0	2752	154	6728	0	0	0	1750	0	0	0	0	0	0	0	0	0	0	0	0	0	0	0	0	0	0	0	0	0	0	0	0	0	0	0	0	0	0	0	0	0	0	0	0	0	0	0	
40972	Pallidum_R	536	300	292	3730	0	0	288	2054	0	0	0	136	0	156	0	0	0	0	514	2260	0	0	0	214	0	0	0	0	0	150	0	548	0	0	0	0	0	204	0	0	0	0	0	0	0	0	0	0	0	0	0	0	0	0	0	0	0	0	0	0	0	0	0	0	0	0	0	0	0	0	394	2452	260	5998	0	0	0	0	0	0	0	0	0	0	0	0	0	0	0	0	0	0	0	0	0	0	0	0	0	0	0	0	0	0	0	0	0	0	0	0	0	0	0	0	0	0	
103804	Thalamus_L	4978	0	6774	214	0	0	2898	0	0	0	790	0	276	0	0	0	648	0	3600	168	0	0	0	0	0	0	0	0	5008	0	136	0	0	0	166	170	5268	408	1238	312	0	0	0	0	0	0	546	0	0	0	0	0	0	0	846	0	1872	0	0	0	0	0	0	0	0	0	0	0	0	0	5898	0	1830	0	1750	0	0	4080	820	0	406	0	0	0	320	0	0	0	482	0	0	0	0	0	0	0	0	0	0	0	0	0	0	0	0	0	0	0	0	0	0	0	0	0	0	0	
186192	Thalamus_R	1898	1086	2360	18260	0	0	548	1700	0	0	0	0	0	0	0	154	0	140	1858	16484	0	0	0	0	0	0	0	0	670	430	0	222	0	0	2660	2234	3252	5934	1418	3744	0	250	0	0	0	0	0	0	0	0	0	0	0	0	0	1918	676	142	0	0	0	0	0	0	0	0	162	0	646	0	524	17038	140	1534	0	0	4080	0	354	0	0	182	0	0	0	136	0	0	0	262	0	0	0	0	0	0	0	0	0	0	0	0	0	0	0	0	0	0	0	0	0	0	0	0	0	0	
77348	Heschl_L	4062	0	1008	0	0	0	780	0	0	0	1202	0	0	0	0	0	6566	0	710	0	0	0	0	0	0	0	0	0	6438	0	0	0	0	0	256	230	2876	176	0	136	0	0	0	0	0	0	0	0	0	0	224	0	186	0	2720	0	3034	0	0	0	0	0	0	0	0	0	0	0	0	0	0	0	0	0	0	0	820	354	0	0	2936	0	0	0	2018	0	0	0	1942	0	0	0	0	0	0	0	0	0	0	0	0	0	0	0	0	0	0	0	0	0	0	0	0	0	0	0	
25076	Heschl_R	0	366	0	222	0	0	0	0	0	0	0	0	0	0	0	0	0	2632	0	568	0	0	0	0	0	0	0	0	0	2434	0	0	0	0	0	0	0	0	0	0	0	0	0	0	0	0	0	0	0	0	0	0	0	0	0	0	0	380	0	0	0	0	0	0	0	0	0	0	0	256	0	0	0	422	0	0	0	0	0	0	0	4838	0	0	0	420	0	0	0	0	0	0	0	0	0	0	0	0	0	0	0	0	0	0	0	0	0	0	0	0	0	0	0	0	0	0	
204996	Temporal_Sup_L	3266	0	4922	316	0	0	1716	0	0	0	6184	0	0	0	0	0	15106	0	1826	320	0	0	0	0	0	0	0	0	14162	0	0	0	0	0	140	0	1498	0	0	0	0	0	0	0	0	0	0	0	0	0	1558	0	894	0	2038	0	4036	0	1072	0	0	0	5740	0	1266	0	418	0	204	0	356	0	466	0	0	0	406	0	2936	0	0	0	4294	0	18476	0	0	0	8882	0	0	0	0	0	0	0	0	0	0	0	0	0	0	0	0	0	0	0	0	0	0	0	0	0	0	0	
95988	Temporal_Sup_R	0	1376	0	440	0	0	0	138	0	0	0	320	0	0	0	0	0	3126	0	1810	0	0	0	0	0	0	0	0	0	5162	0	0	0	340	0	0	0	814	0	0	0	0	0	0	0	0	0	0	0	0	0	234	0	0	0	472	0	1322	0	0	0	0	0	4796	0	2618	0	328	0	816	0	0	0	320	0	0	0	182	0	4838	0	0	0	2660	0	14614	0	268	0	1000	0	0	0	0	0	0	0	0	0	0	0	0	0	0	0	0	0	0	0	0	0	0	0	0	0	0	
89708	Temporal_Pole_Sup_L	0	0	1370	0	1338	0	0	0	0	0	2198	0	530	0	2312	0	1462	0	474	0	310	0	0	0	0	0	0	0	6030	0	0	0	0	0	0	0	738	0	664	0	378	0	0	0	0	0	0	0	0	0	0	0	0	0	1220	0	0	0	0	0	0	0	0	0	0	0	0	0	0	0	0	0	1670	0	0	0	0	0	0	0	4294	0	0	0	8526	0	5486	0	5854	0	0	0	0	0	0	0	0	0	0	0	0	0	0	0	0	0	0	0	0	0	0	0	0	0	0	0	
78836	Temporal_Pole_Sup_R	0	0	0	3008	0	0	0	0	0	0	0	3264	0	0	0	534	0	3546	0	2992	0	168	0	0	0	0	0	0	0	3916	0	0	0	0	0	0	0	1156	0	2222	0	2474	0	0	0	0	0	0	0	0	0	0	0	0	0	3416	0	0	0	0	0	0	0	0	0	0	0	0	0	0	0	642	0	1560	0	0	0	0	0	0	0	2660	0	0	0	2284	0	3298	0	2278	0	0	0	0	0	0	0	0	0	0	0	0	0	0	0	0	0	0	0	0	0	0	0	0	0	0	
343116	Temporal_Mid_L	3612	0	160	0	0	0	0	0	0	0	0	0	0	0	0	0	1370	0	0	0	0	0	0	0	0	0	0	0	2088	0	0	0	0	0	1506	0	1132	0	0	0	0	0	1212	0	506	0	0	0	2730	0	31980	0	8062	0	6408	0	1930	0	13152	0	400	0	3782	0	6722	0	3362	0	866	0	0	0	162	0	0	0	320	0	2018	0	18476	0	8526	0	0	0	5748	0	45328	0	0	0	0	0	0	0	0	0	0	0	0	0	0	0	0	0	0	0	0	0	0	0	0	0	0	0	
171640	Temporal_Mid_R	0	2428	232	340	0	0	0	204	0	0	0	0	0	0	0	0	0	0	0	3300	0	0	0	0	0	0	0	0	0	1486	0	0	0	890	0	614	0	1218	0	0	0	140	0	3306	0	1836	0	2028	0	2504	0	9908	0	810	0	2786	0	734	0	0	0	146	0	3138	0	5082	0	3680	232	2332	0	0	0	416	0	0	0	136	0	420	0	14614	0	2284	0	0	0	2036	0	16540	0	0	0	0	0	0	0	0	0	0	0	0	0	0	0	0	0	0	0	0	0	0	0	0	0	0	
33644	Temporal_Pole_Mid_L	0	0	0	0	0	0	0	0	0	0	0	0	0	0	0	0	0	0	0	0	0	0	0	0	0	0	0	0	0	0	0	0	0	0	0	0	0	0	218	0	158	0	0	0	0	0	0	0	0	0	0	0	0	0	874	0	0	0	0	0	0	0	0	0	0	0	0	0	0	0	0	0	0	0	0	0	0	0	0	0	0	0	5486	0	5748	0	0	0	4338	0	0	0	0	0	0	0	0	0	0	0	0	0	0	0	0	0	0	0	0	0	0	0	0	0	0	0	
23292	Temporal_Pole_Mid_R	0	0	0	0	0	0	0	0	0	0	0	0	0	0	0	0	0	0	0	0	0	0	0	0	0	0	0	0	0	0	0	0	0	0	0	0	0	460	0	726	0	688	0	0	0	0	0	0	0	0	0	0	0	0	0	1928	0	0	0	0	0	0	0	0	0	0	0	0	0	0	0	0	0	0	0	0	0	0	0	0	0	268	0	3298	0	2036	0	0	0	2242	0	0	0	0	0	0	0	0	0	0	0	0	0	0	0	0	0	0	0	0	0	0	0	0	0	0	
278796	Temporal_Inf_L	2560	0	624	0	0	0	0	0	0	0	0	0	0	0	0	0	1068	0	470	0	0	0	0	0	0	0	0	0	5576	0	0	0	0	0	918	0	8736	0	692	0	1272	0	260	0	0	0	722	0	318	0	9086	0	5352	0	18180	0	1360	0	6002	0	152	0	3112	0	1358	0	1934	0	224	0	0	0	1074	0	0	0	482	0	1942	0	8882	0	5854	0	45328	0	4338	0	0	0	864	0	244	0	0	0	0	0	0	0	0	0	414	0	0	0	0	0	0	0	0	0	0	0	0	0	
171220	Temporal_Inf_R	164	2478	172	1524	0	0	0	256	0	0	0	0	0	0	0	0	0	0	0	4408	0	0	0	0	0	0	0	0	0	530	0	0	0	616	0	1940	0	10588	0	2322	0	3170	0	1116	0	0	0	306	0	232	0	626	0	3232	0	17730	0	622	0	0	0	0	0	1476	0	0	0	2062	308	2162	0	534	0	2232	0	0	0	262	0	0	0	1000	0	2278	0	16540	0	2242	0	0	0	1332	0	322	0	0	0	0	0	168	0	246	0	252	0	0	0	0	0	0	162	0	0	0	0	0	
486432	Cerebelum_Crus1_L	0	0	0	0	0	0	0	0	0	0	0	0	0	0	0	0	0	0	0	0	0	0	0	0	0	0	0	0	0	0	0	0	0	0	0	0	0	0	0	0	0	0	316	0	0	0	15366	5208	0	0	0	0	0	140	22830	892	0	0	0	0	0	0	0	0	0	0	0	0	0	0	0	0	0	0	0	0	0	0	0	0	0	0	0	0	0	0	0	0	864	0	0	5182	34020	2832	1002	286	27630	4592	54016	5494	9838	398	22620	888	2784	214	310	0	0	326	10372	6686	6748	950	412	0	
397244	Cerebelum_Crus1_R	0	0	0	0	0	0	0	0	0	0	0	0	0	0	0	0	0	0	0	0	0	0	0	0	0	0	0	0	0	0	0	0	0	0	0	0	0	0	0	324	0	0	0	0	0	0	1004	6166	0	0	0	0	0	1056	636	12796	0	0	0	0	0	0	0	0	0	0	0	0	0	0	0	0	0	0	0	0	0	0	0	0	0	0	0	0	0	0	0	0	0	1332	5182	0	1316	33120	0	3828	2582	16150	4274	45580	338	8990	2226	15158	596	2142	0	188	208	436	5728	7662	12246	4902	2456	0	
318460	Cerebelum_Crus2_L	0	0	0	0	0	0	0	0	0	0	0	0	0	0	0	0	0	0	0	0	0	0	0	0	0	0	0	0	0	0	0	0	0	0	0	0	0	0	0	0	0	0	0	0	0	0	1018	0	0	0	0	0	0	0	2010	0	0	0	0	0	0	0	0	0	0	0	0	0	0	0	0	0	0	0	0	0	0	0	0	0	0	0	0	0	0	0	0	0	244	0	34020	1316	0	8030	182	0	3424	0	6168	0	37564	3696	35108	4858	7054	430	622	0	0	136	364	540	7682	4154	610	0	
294576	Cerebelum_Crus2_R	0	0	0	0	0	0	0	0	0	0	0	0	0	0	0	0	0	0	0	0	0	0	0	0	0	0	0	0	0	0	0	0	0	0	0	0	0	0	0	0	0	0	0	0	0	0	204	316	0	0	0	0	0	0	202	712	0	0	0	0	0	0	0	0	0	0	0	0	0	0	0	0	0	0	0	0	0	0	0	0	0	0	0	0	0	0	0	0	0	322	2832	33120	8030	0	0	896	742	2496	1220	6460	5322	21166	5134	26870	970	4266	0	428	246	264	628	1308	13286	7268	2580	0	
18200	Cerebelum_3_L	0	0	0	0	0	0	0	0	0	0	0	0	0	0	0	0	0	0	0	0	0	0	0	0	0	0	0	0	0	0	0	0	0	0	0	0	0	0	326	0	0	0	0	0	0	0	0	0	0	0	0	0	0	0	138	0	0	0	0	0	0	0	0	0	0	0	0	0	0	0	0	0	0	0	0	0	0	0	0	0	0	0	0	0	0	0	0	0	0	0	1002	0	182	0	0	0	4198	0	1232	0	0	0	398	0	506	0	0	0	188	528	402	0	0	0	0	0	
58764	Cerebelum_3_R	0	0	0	0	0	0	0	0	0	0	0	0	0	0	0	0	0	0	0	0	0	0	0	0	0	0	0	0	0	0	0	0	0	0	0	0	0	0	0	236	0	0	0	0	0	0	0	332	0	0	0	0	0	0	0	296	0	0	0	0	0	0	0	0	0	0	0	0	0	0	0	0	0	0	0	0	0	0	0	0	0	0	0	0	0	0	0	0	0	0	286	3828	0	896	0	0	404	5518	282	5316	0	200	312	648	170	1574	0	0	726	1982	1014	912	982	1704	1764	0	
337244	Cerebelum_4_5_L	0	0	0	0	0	0	0	0	0	0	0	0	0	0	0	0	0	0	0	0	0	0	0	0	0	0	0	0	0	0	0	0	0	0	0	0	220	0	546	0	0	0	1596	0	0	0	13592	5234	0	0	0	0	0	0	10068	808	0	0	0	0	0	0	0	0	0	0	264	0	0	0	0	0	0	0	0	0	0	0	0	0	0	0	0	0	0	0	0	0	0	0	27630	2582	3424	742	4198	404	0	6620	35688	4844	2354	0	11650	642	5644	834	0	0	284	808	18928	4154	1260	1320	1284	1000	
231420	Cerebelum_4_5_R	0	0	0	0	0	0	0	0	0	0	0	0	0	0	0	0	0	0	0	0	0	0	0	0	0	0	0	0	0	0	0	0	0	0	0	0	0	542	0	1434	0	0	0	0	0	0	1832	9538	0	0	0	0	0	656	526	5864	0	0	0	0	0	0	0	0	0	0	0	302	0	0	0	0	0	0	0	0	0	0	0	0	0	0	0	0	0	0	0	0	0	0	4592	16150	0	2496	0	5518	6620	0	5368	27806	140	996	2850	2316	0	854	0	0	0	1140	14524	678	920	1142	906	0	
433424	Cerebelum_6_L	0	0	0	0	0	0	0	0	0	0	0	0	0	0	0	0	0	0	0	0	0	0	0	0	0	0	0	0	0	0	0	0	0	0	0	0	0	0	0	0	0	0	1044	0	0	0	19858	6638	0	0	0	0	0	0	24966	770	0	0	0	0	0	0	0	0	0	0	0	0	0	0	0	0	0	0	0	0	0	0	0	0	0	0	0	0	0	0	0	0	0	0	54016	4274	6168	1220	1232	282	35688	5368	0	5478	3492	0	11918	220	2636	362	0	0	0	304	15330	10602	3408	338	390	710	
362840	Cerebelum_6_R	0	0	0	0	0	0	0	0	0	0	0	0	0	0	0	0	0	0	0	0	0	0	0	0	0	0	0	0	0	0	0	0	0	0	0	0	0	136	0	500	0	0	0	0	0	0	1406	10426	0	0	0	0	0	2040	614	16104	0	0	0	0	0	0	0	0	0	0	0	0	0	0	0	0	0	0	0	0	0	0	0	0	0	0	0	0	0	0	0	0	0	168	5494	45580	0	6460	0	5316	4844	27806	5478	0	0	3308	2784	6956	596	762	0	0	0	936	12538	9234	7584	3274	1076	0	
247468	Cerebelum_7b_L	0	0	0	0	0	0	0	0	0	0	0	0	0	0	0	0	0	0	0	0	0	0	0	0	0	0	0	0	0	0	0	0	0	0	0	0	0	0	0	0	0	0	0	0	0	0	378	0	0	0	0	0	0	0	666	0	0	0	0	0	0	0	0	0	0	0	0	0	0	0	0	0	0	0	0	0	0	0	0	0	0	0	0	0	0	0	0	0	0	0	9838	338	37564	5322	0	0	2354	140	3492	0	0	3992	33168	5944	7084	434	666	0	0	0	328	138	5442	5924	522	0	
149984	Cerebelum_7b_R	0	0	0	0	0	0	0	0	0	0	0	0	0	0	0	0	0	0	0	0	0	0	0	0	0	0	0	0	0	0	0	0	0	0	0	0	0	0	0	0	0	0	0	0	0	0	0	0	0	0	0	0	0	0	0	726	0	0	0	0	0	0	0	0	0	0	0	0	0	0	0	0	0	0	0	0	0	0	0	0	0	0	0	0	0	0	0	0	0	246	398	8990	3696	21166	0	200	0	996	0	3308	3992	0	3092	19476	0	1636	0	0	0	0	0	0	3750	3176	144	0	
374380	Cerebelum_8_L	0	0	0	0	0	0	0	0	0	0	0	0	0	0	0	0	0	0	0	0	0	0	0	0	0	0	0	0	0	0	0	0	0	0	0	0	0	0	0	0	0	0	0	0	0	0	552	1214	0	0	0	0	0	0	2170	340	0	0	0	0	0	0	0	0	0	0	0	0	0	0	0	0	0	0	0	0	0	0	0	0	0	0	0	0	0	0	0	0	414	0	22620	2226	35108	5134	398	312	11650	2850	11918	2784	33168	3092	0	8236	15188	1902	1512	200	0	316	4564	1100	5876	9522	2824	0	
263124	Cerebelum_8_R	0	0	0	0	0	0	0	0	0	0	0	0	0	0	0	0	0	0	0	0	0	0	0	0	0	0	0	0	0	0	0	0	0	0	0	0	0	0	0	0	0	0	0	0	0	0	0	0	0	0	0	0	0	0	0	808	0	0	0	0	0	0	0	0	0	0	0	0	0	0	0	0	0	0	0	0	0	0	0	0	0	0	0	0	0	0	0	0	0	252	888	15158	4858	26870	0	648	642	2316	220	6956	5944	19476	8236	0	1156	13292	0	822	0	0	512	230	8384	10802	3092	0	
128412	Cerebelum_9_L	0	0	0	0	0	0	0	0	0	0	0	0	0	0	0	0	0	0	0	0	0	0	0	0	0	0	0	0	0	0	0	0	0	0	0	0	0	0	0	0	0	0	450	0	0	0	218	0	0	0	0	0	0	0	0	0	0	0	0	0	0	0	0	0	0	0	0	0	0	0	0	0	0	0	0	0	0	0	0	0	0	0	0	0	0	0	0	0	0	0	2784	596	7054	970	506	170	5644	0	2636	596	7084	0	15188	1156	0	1560	3770	0	440	506	1940	2886	2430	2492	2590	540	
116588	Cerebelum_9_R	0	0	0	0	0	0	0	0	0	0	0	0	0	0	0	0	0	0	0	0	0	0	0	0	0	0	0	0	0	0	0	0	0	0	0	0	0	0	0	0	0	0	0	0	0	0	0	0	0	0	0	0	0	0	0	0	0	0	0	0	0	0	0	0	0	0	0	0	0	0	0	0	0	0	0	0	0	0	0	0	0	0	0	0	0	0	0	0	0	0	214	2142	430	4266	0	1574	834	854	362	762	434	1636	1902	13292	1560	0	0	2318	1148	1370	1322	2136	3718	6460	8190	1370	
13760	Cerebelum_10_L	0	0	0	0	0	0	0	0	0	0	0	0	0	0	0	0	0	0	0	0	0	0	0	0	0	0	0	0	0	0	0	0	0	0	0	0	0	0	0	0	0	0	0	0	0	0	0	0	0	0	0	0	0	0	0	0	0	0	0	0	0	0	0	0	0	0	0	0	0	0	0	0	0	0	0	0	0	0	0	0	0	0	0	0	0	0	0	0	0	0	310	0	622	0	0	0	0	0	0	0	666	0	1512	0	3770	0	0	0	0	0	0	0	0	0	0	0	
11572	Cerebelum_10_R	0	0	0	0	0	0	0	0	0	0	0	0	0	0	0	0	0	0	0	0	0	0	0	0	0	0	0	0	0	0	0	0	0	0	0	0	0	0	0	0	0	0	0	0	0	0	0	0	0	0	0	0	0	0	0	0	0	0	0	0	0	0	0	0	0	0	0	0	0	0	0	0	0	0	0	0	0	0	0	0	0	0	0	0	0	0	0	0	0	0	0	188	0	428	0	0	0	0	0	0	0	0	200	822	0	2318	0	0	0	0	0	0	434	692	704	0	
23168	Vermis_1_2	0	0	0	0	0	0	0	0	0	0	0	0	0	0	0	0	0	0	0	0	0	0	0	0	0	0	0	0	0	0	0	0	0	0	0	0	0	0	0	0	0	0	0	0	0	0	0	0	0	0	0	0	0	0	0	0	0	0	0	0	0	0	0	0	0	0	0	0	0	0	0	0	0	0	0	0	0	0	0	0	0	0	0	0	0	0	0	0	0	0	0	208	0	246	188	726	284	0	0	0	0	0	0	0	440	1148	0	0	0	2688	1002	1118	718	1144	1466	208	
42876	Vermis_3	0	0	0	0	0	0	0	0	0	0	0	0	0	0	0	0	0	0	0	0	0	0	0	0	0	0	0	0	0	0	0	0	0	0	0	0	138	218	260	266	0	0	0	0	0	0	168	316	0	0	0	0	0	0	0	0	0	0	0	0	0	0	0	0	0	0	0	0	0	0	0	0	0	0	0	0	0	0	0	0	0	0	0	0	0	0	0	0	0	0	326	436	136	264	528	1982	808	1140	304	936	0	0	316	0	506	1370	0	0	2688	0	2108	1720	910	1490	1938	166	
278384	Vermis_4_5	0	0	0	0	0	0	0	0	0	0	0	0	0	0	0	0	0	0	0	0	0	0	0	0	0	0	0	0	0	0	0	0	0	0	488	3714	208	646	0	0	0	0	2240	240	0	0	6656	8944	0	0	0	0	0	696	2608	2898	0	0	0	0	0	0	0	0	0	0	340	4158	0	0	0	0	0	0	0	0	0	0	0	0	0	0	0	0	0	0	0	0	0	162	10372	5728	364	628	402	1014	18928	14524	15330	12538	328	0	4564	512	1940	1322	0	0	1002	2108	0	7120	902	1256	2278	2034	
181024	Vermis_6	0	0	0	0	0	0	0	0	0	0	0	0	0	0	0	0	0	0	0	0	0	0	0	0	0	0	0	0	0	0	0	0	0	0	0	0	0	0	0	0	0	0	540	0	0	0	4830	5562	0	0	0	0	0	638	2830	2292	0	0	0	0	0	0	0	0	0	0	0	0	0	0	0	0	0	0	0	0	0	0	0	0	0	0	0	0	0	0	0	0	0	0	6686	7662	540	1308	0	912	4154	678	10602	9234	138	0	1100	230	2886	2136	0	0	1118	1720	7120	0	7546	2946	3520	1584	
233024	Vermis_7	0	0	0	0	0	0	0	0	0	0	0	0	0	0	0	0	0	0	0	0	0	0	0	0	0	0	0	0	0	0	0	0	0	0	0	0	0	0	0	0	0	0	0	0	0	0	1448	2394	0	0	0	0	0	480	730	1206	0	0	0	0	0	0	0	0	0	0	0	0	0	0	0	0	0	0	0	0	0	0	0	0	0	0	0	0	0	0	0	0	0	0	6748	12246	7682	13286	0	982	1260	920	3408	7584	5442	3750	5876	8384	2430	3718	0	434	718	910	902	7546	0	10810	4960	258	
182084	Vermis_8	0	0	0	0	0	0	0	0	0	0	0	0	0	0	0	0	0	0	0	0	0	0	0	0	0	0	0	0	0	0	0	0	0	0	0	0	0	0	0	0	0	0	0	0	0	0	0	0	0	0	0	0	0	0	0	0	0	0	0	0	0	0	0	0	0	0	0	0	0	0	0	0	0	0	0	0	0	0	0	0	0	0	0	0	0	0	0	0	0	0	950	4902	4154	7268	0	1704	1320	1142	338	3274	5924	3176	9522	10802	2492	6460	0	692	1144	1490	1256	2946	10810	0	8446	830	
107652	Vermis_9	0	0	0	0	0	0	0	0	0	0	0	0	0	0	0	0	0	0	0	0	0	0	0	0	0	0	0	0	0	0	0	0	0	0	0	0	0	0	0	0	0	0	0	0	0	0	174	0	0	0	0	0	0	0	0	0	0	0	0	0	0	0	0	0	0	0	0	0	0	0	0	0	0	0	0	0	0	0	0	0	0	0	0	0	0	0	0	0	0	0	412	2456	610	2580	0	1764	1284	906	390	1076	522	144	2824	3092	2590	8190	0	704	1466	1938	2278	3520	4960	8446	0	1500	
