data	data	670472	280840	1.12596e+06	933572	144484	93028	507652	427108	94668	46700	333044	184552	320212	201944	152776	96432	209004	89184	866888	701388	53528	65152	297184	369004	32840	94652	48452	90268	610916	332672	300360	507944	149752	498540	133496	162400	298828	286956	133176	187308	38196	45324	297712	309992	279132	260000	273268	327916	269296	236856	518512	174624	94404	119956	387556	426544	270020	181552	125428	107980	230640	160004	73928	133044	147704	132240	388332	385208	294400	168108	314688	383660	421748	372028	50212	27220	174264	171644	140240	44552	191244	128408	114196	60464	300852	231472	52880	17336	275676	232080	487920	437252	331744	376916	44764	70348	298648	255636	403752	408896	276040	194480	375840	410328	134900	131796	28328	17036	25132	73340	238348	179964	245492	126116	74580	49820	
data	data	Precentral_L	Precentral_R	Frontal_Sup_L	Frontal_Sup_R	Frontal_Sup_Orb_L	Frontal_Sup_Orb_R	Frontal_Mid_L	Frontal_Mid_R	Frontal_Mid_Orb_L	Frontal_Mid_Orb_R	Frontal_Inf_Oper_L	Frontal_Inf_Oper_R	Frontal_Inf_Tri_L	Frontal_Inf_Tri_R	Frontal_Inf_Orb_L	Frontal_Inf_Orb_R	Rolandic_Oper_L	Rolandic_Oper_R	Supp_Motor_Area_L	Supp_Motor_Area_R	Olfactory_L	Olfactory_R	Frontal_Sup_Medial_L	Frontal_Sup_Medial_R	Frontal_Med_Orb_L	Frontal_Med_Orb_R	Rectus_L	Rectus_R	Insula_L	Insula_R	Cingulum_Ant_L	Cingulum_Ant_R	Cingulum_Mid_L	Cingulum_Mid_R	Cingulum_Post_L	Cingulum_Post_R	Hippocampus_L	Hippocampus_R	ParaHippocampal_L	ParaHippocampal_R	Amygdala_L	Amygdala_R	Calcarine_L	Calcarine_R	Cuneus_L	Cuneus_R	Lingual_L	Lingual_R	Occipital_Sup_L	Occipital_Sup_R	Occipital_Mid_L	Occipital_Mid_R	Occipital_Inf_L	Occipital_Inf_R	Fusiform_L	Fusiform_R	Postcentral_L	Postcentral_R	Parietal_Sup_L	Parietal_Sup_R	Parietal_Inf_L	Parietal_Inf_R	SupraMarginal_L	SupraMarginal_R	Angular_L	Angular_R	Precuneus_L	Precuneus_R	Paracentral_Lobule_L	Paracentral_Lobule_R	Caudate_L	Caudate_R	Putamen_L	Putamen_R	Pallidum_L	Pallidum_R	Thalamus_L	Thalamus_R	Heschl_L	Heschl_R	Temporal_Sup_L	Temporal_Sup_R	Temporal_Pole_Sup_L	Temporal_Pole_Sup_R	Temporal_Mid_L	Temporal_Mid_R	Temporal_Pole_Mid_L	Temporal_Pole_Mid_R	Temporal_Inf_L	Temporal_Inf_R	Cerebelum_Crus1_L	Cerebelum_Crus1_R	Cerebelum_Crus2_L	Cerebelum_Crus2_R	Cerebelum_3_L	Cerebelum_3_R	Cerebelum_4_5_L	Cerebelum_4_5_R	Cerebelum_6_L	Cerebelum_6_R	Cerebelum_7b_L	Cerebelum_7b_R	Cerebelum_8_L	Cerebelum_8_R	Cerebelum_9_L	Cerebelum_9_R	Cerebelum_10_L	Cerebelum_10_R	Vermis_1_2	Vermis_3	Vermis_4_5	Vermis_6	Vermis_7	Vermis_8	Vermis_9	Vermis_10	
670472	Precentral_L	0	11288	34728	9866	0	0	28230	4194	0	0	15112	836	3746	112	142	0	11746	0	36062	14196	0	0	378	388	0	0	0	0	16814	176	694	286	792	2836	4178	1962	8764	2212	1630	392	0	0	362	0	392	0	396	306	658	0	2186	0	140	0	4092	0	25108	0	506	0	4020	0	738	0	524	0	1316	394	27654	2334	8996	1296	4622	484	1576	0	17794	2934	9556	0	2698	0	424	0	940	0	0	0	1030	0	0	0	0	0	0	0	0	0	0	0	0	0	0	0	0	0	0	0	0	0	0	0	0	0	0	0	
280840	Precentral_R	11288	0	6114	14796	0	0	1954	13556	0	0	0	2696	0	314	0	0	0	1146	6454	8498	0	0	0	370	0	0	0	0	324	2766	0	332	0	2928	1118	1130	656	5246	360	1412	0	0	0	136	0	114	324	348	0	662	0	336	0	458	0	2958	0	11194	0	1050	0	2166	0	1762	0	194	0	1062	8656	7480	2036	2122	126	4122	0	1234	1094	4522	0	196	0	236	0	0	0	592	0	0	0	1782	0	0	0	0	0	0	0	0	0	0	0	0	0	0	0	0	0	0	0	0	0	0	0	0	0	0	
1.12596e+06	Frontal_Sup_L	34728	6114	0	12138	12846	0	74028	6930	6158	200	27084	1818	27734	562	5864	220	8120	0	108848	14810	0	0	38958	4002	660	0	1806	0	34628	614	20886	4116	7310	3636	116	166	7722	390	1330	128	0	0	0	0	0	0	0	0	0	0	0	0	0	0	622	0	2782	0	0	0	0	0	174	0	0	0	0	0	7268	310	16806	2624	33084	1154	5304	0	10926	2114	1570	0	1270	0	1756	0	166	0	0	0	378	0	0	0	0	0	0	0	0	0	0	0	0	0	0	0	0	0	0	0	0	0	0	0	0	0	0	0	
933572	Frontal_Sup_R	9866	14796	12138	0	0	6738	5284	59020	0	1982	460	8524	418	11870	236	3578	0	2328	15710	62860	114	394	6740	37840	0	2202	0	1674	970	11786	5366	40680	930	37656	524	704	1598	4934	866	2390	0	110	0	0	0	0	176	0	0	160	0	0	0	0	0	498	0	658	0	0	0	0	0	182	0	0	0	274	2382	0	11228	30484	2600	24260	462	2398	3808	13394	0	0	0	0	0	536	0	0	0	0	0	0	0	0	0	0	0	0	0	0	0	0	0	0	0	0	0	0	0	0	0	0	0	0	0	0	0	0	
144484	Frontal_Sup_Orb_L	0	0	12846	0	0	0	1398	0	11570	0	126	0	834	0	7644	0	0	0	804	0	1438	0	5202	168	2712	136	6308	0	6398	0	4898	162	0	0	0	0	0	0	0	0	0	0	0	0	0	0	0	0	0	0	0	0	0	0	0	0	0	0	0	0	0	0	0	0	0	0	0	0	0	0	590	0	8766	0	0	0	0	0	0	0	0	0	242	0	0	0	0	0	0	0	0	0	0	0	0	0	0	0	0	0	0	0	0	0	0	0	0	0	0	0	0	0	0	0	0	0	
93028	Frontal_Sup_Orb_R	0	0	0	6738	0	0	0	644	0	4866	0	0	0	0	0	2822	0	0	0	772	0	844	126	3262	0	5438	0	7960	0	500	146	2464	0	130	0	0	0	0	0	0	0	0	0	0	0	0	0	0	0	0	0	0	0	0	0	0	0	0	0	0	0	0	0	0	0	0	0	0	0	0	134	5560	0	3862	0	0	0	246	0	0	0	0	0	0	0	0	0	0	0	0	0	0	0	0	0	0	0	0	0	0	0	0	0	0	0	0	0	0	0	0	0	0	0	0	0	0	
507652	Frontal_Mid_L	28230	1954	74028	5284	1398	0	0	3206	4070	0	23782	1038	37290	184	4814	0	3254	0	13058	3560	0	0	13252	840	0	0	0	0	12774	226	4542	644	364	400	182	230	810	428	208	0	0	0	0	0	0	0	0	0	0	0	0	0	0	0	0	0	762	0	0	0	0	0	0	0	0	0	0	0	1084	160	5010	446	2024	534	242	0	874	744	638	0	240	0	1018	0	0	0	0	0	0	0	0	0	0	0	0	0	0	0	0	0	0	0	0	0	0	0	0	0	0	0	0	0	0	0	0	0	
427108	Frontal_Mid_R	4194	13556	6930	59020	0	644	3206	0	0	1262	334	12240	120	18784	0	3298	0	762	6960	6912	0	0	230	2546	0	0	0	0	494	9034	2086	8710	144	5314	0	0	512	3994	318	2320	0	0	0	0	0	0	0	0	0	0	0	0	0	0	0	648	0	200	0	0	0	0	0	0	0	0	0	0	164	0	5456	7392	1350	12010	436	2400	1798	7776	0	0	0	0	0	0	0	0	0	0	0	0	0	0	0	0	0	0	0	0	0	0	0	0	0	0	0	0	0	0	0	0	0	0	0	0	0	0	
94668	Frontal_Mid_Orb_L	0	0	6158	0	11570	0	4070	0	0	0	0	0	3420	0	12498	0	0	0	222	0	128	0	370	0	0	0	720	0	3840	0	384	0	0	0	0	0	0	0	0	0	0	0	0	0	0	0	0	0	0	0	0	0	0	0	0	0	0	0	0	0	0	0	0	0	0	0	0	0	0	0	0	0	3630	0	0	0	0	0	0	0	0	0	324	0	0	0	0	0	0	0	0	0	0	0	0	0	0	0	0	0	0	0	0	0	0	0	0	0	0	0	0	0	0	0	0	0	
46700	Frontal_Mid_Orb_R	0	0	200	1982	0	4866	0	1262	0	0	0	0	264	194	198	6942	0	0	0	860	0	0	0	1188	0	786	0	1260	300	314	0	238	0	358	0	0	0	264	0	180	0	0	0	0	0	0	0	0	0	0	0	0	0	0	0	0	0	0	0	0	0	0	0	0	0	0	0	0	0	0	0	640	0	1054	0	0	0	0	0	0	0	0	0	0	0	0	0	0	0	0	0	0	0	0	0	0	0	0	0	0	0	0	0	0	0	0	0	0	0	0	0	0	0	0	0	0	
333044	Frontal_Inf_Oper_L	15112	0	27084	460	126	0	23782	334	0	0	0	638	27146	458	1604	0	11540	0	14588	128	0	0	2586	364	0	0	112	0	18222	482	3246	384	248	0	0	0	790	0	112	0	0	0	0	0	0	0	0	0	0	0	0	0	0	0	214	0	3562	0	0	0	0	0	0	0	0	0	0	0	0	0	1996	366	3528	418	0	0	186	0	1598	0	1814	0	3178	0	116	0	0	0	0	0	0	0	0	0	0	0	0	0	0	0	0	0	0	0	0	0	0	0	0	0	0	0	0	0	0	0	
184552	Frontal_Inf_Oper_R	836	2696	1818	8524	0	0	1038	12240	0	0	638	0	0	13428	0	842	0	4000	1116	6700	0	0	0	112	0	0	0	0	1102	20378	624	2630	0	3492	0	0	0	932	0	360	0	0	0	0	0	0	0	0	0	0	0	0	0	0	0	130	0	890	0	0	0	0	0	0	0	0	0	0	0	0	1366	742	210	4010	0	0	0	438	0	0	0	0	0	984	0	0	0	0	0	0	0	0	0	0	0	0	0	0	0	0	0	0	0	0	0	0	0	0	0	0	0	0	0	0	0	0	
320212	Frontal_Inf_Tri_L	3746	0	27734	418	834	0	37290	120	3420	264	27146	0	0	0	14238	276	1280	0	7828	0	0	0	2860	670	0	0	0	0	22444	0	2628	212	402	0	0	0	0	0	0	0	0	0	0	0	0	0	0	0	0	0	0	0	0	0	0	0	560	0	0	0	0	0	0	0	0	0	0	0	0	0	1490	584	1996	656	0	0	0	0	0	0	164	0	846	0	0	0	0	0	0	0	0	0	0	0	0	0	0	0	0	0	0	0	0	0	0	0	0	0	0	0	0	0	0	0	0	0	
201944	Frontal_Inf_Tri_R	112	314	562	11870	0	0	184	18784	0	194	458	13428	0	0	0	3772	0	572	398	7232	0	0	0	916	0	0	0	0	696	19848	758	5816	114	5718	0	0	0	782	0	318	0	0	0	0	0	0	0	0	0	0	0	0	0	0	0	162	0	112	0	0	0	0	0	0	0	0	0	0	0	0	984	2134	172	4256	0	0	0	306	0	0	0	0	0	0	0	0	0	0	0	0	0	0	0	0	0	0	0	0	0	0	0	0	0	0	0	0	0	0	0	0	0	0	0	0	0	0	
152776	Frontal_Inf_Orb_L	142	0	5864	236	7644	0	4814	0	12498	198	1604	0	14238	0	0	202	0	0	648	0	1556	0	266	434	0	0	1208	0	15006	0	116	0	134	0	0	0	0	0	116	0	170	0	0	0	0	0	0	0	0	0	0	0	0	0	0	0	0	0	0	0	0	0	0	0	0	0	0	0	0	0	520	362	6814	0	0	0	0	0	0	0	0	0	1598	0	0	0	0	0	0	0	0	0	0	0	0	0	0	0	0	0	0	0	0	0	0	0	0	0	0	0	0	0	0	0	0	0	
96432	Frontal_Inf_Orb_R	0	0	220	3578	0	2822	0	3298	0	6942	0	842	276	3772	202	0	0	330	152	1698	0	536	0	1560	0	0	0	1006	310	7798	0	576	0	968	0	0	0	292	0	206	0	0	0	0	0	0	0	0	0	0	0	0	0	0	0	0	0	0	0	0	0	0	0	0	0	0	0	0	0	0	0	1286	0	3822	0	0	0	0	0	0	0	1606	0	3004	0	808	0	306	0	0	0	0	0	0	0	0	0	0	0	0	0	0	0	0	0	0	0	0	0	0	0	0	0	0	0	0	
209004	Rolandic_Oper_L	11746	0	8120	0	0	0	3254	0	0	0	11540	0	1280	0	0	0	0	0	7552	0	0	0	0	0	0	0	0	0	17432	0	0	0	0	0	0	0	1062	0	236	0	0	0	290	0	218	0	130	0	110	0	1530	0	246	0	2222	0	9208	0	114	0	278	0	1348	0	270	0	550	0	0	0	168	0	814	0	0	0	222	0	9230	0	9462	0	3172	0	1900	0	0	0	798	0	0	0	0	0	0	0	0	0	0	0	0	0	0	0	0	0	0	0	0	0	0	0	0	0	0	0	
89184	Rolandic_Oper_R	0	1146	0	2328	0	0	0	762	0	0	0	4000	0	572	0	330	0	0	0	1994	0	0	0	0	0	0	0	0	0	11080	0	0	0	176	0	0	0	1232	0	340	0	0	0	0	0	0	0	0	0	0	0	0	0	114	0	1554	0	2970	0	0	0	0	0	2184	0	178	0	0	0	186	0	268	0	3168	0	0	0	400	0	3168	0	4470	0	1048	0	214	0	0	0	710	0	0	0	0	0	0	0	0	0	0	0	0	0	0	0	0	0	0	0	0	0	0	0	0	0	0	
866888	Supp_Motor_Area_L	36062	6454	108848	15710	804	0	13058	6960	222	0	14588	1116	7828	398	648	152	7552	0	0	35138	0	0	10192	3966	0	0	0	0	21038	352	11648	6670	10862	18692	250	0	6590	300	930	0	0	0	0	0	0	0	0	0	0	0	0	0	0	0	554	0	2342	0	0	0	0	0	0	0	0	0	214	0	19592	1500	13608	2948	24874	1032	5130	0	8138	1970	1388	0	1176	0	1470	0	144	0	0	0	336	0	0	0	0	0	0	0	0	0	0	0	0	0	0	0	0	0	0	0	0	0	0	0	0	0	0	0	
701388	Supp_Motor_Area_R	14196	8498	14810	62860	0	772	3560	6912	0	860	128	6700	0	7232	0	1698	0	1994	35138	0	0	0	1054	13746	0	0	0	0	262	9390	856	17764	4020	54874	452	2916	918	1622	480	740	0	0	0	478	0	320	0	400	0	324	0	0	0	138	0	950	0	922	0	0	0	0	0	0	0	0	0	1674	12824	13264	6798	17450	1218	11674	0	228	2190	4608	0	0	0	114	0	494	0	0	0	0	0	174	0	0	0	0	0	0	0	0	0	0	0	0	0	0	0	0	0	0	0	0	0	0	0	0	0	0	
53528	Olfactory_L	0	0	0	114	1438	0	0	0	128	0	0	0	0	0	1556	0	0	0	0	0	0	3374	0	0	434	732	1268	644	1730	0	2468	1216	0	0	0	0	0	0	118	0	272	0	0	0	0	0	0	0	0	0	0	0	0	0	0	0	0	0	0	0	0	0	0	0	0	0	0	0	0	0	5124	1660	3924	116	0	0	0	0	0	0	0	0	448	0	0	0	0	0	0	0	0	0	0	0	0	0	0	0	0	0	0	0	0	0	0	0	0	0	0	0	0	0	0	0	0	0	
65152	Olfactory_R	0	0	0	394	0	844	0	0	0	0	0	0	0	0	0	536	0	0	0	0	3374	0	0	208	0	2038	246	2786	0	1118	2188	3746	0	0	0	0	0	0	0	0	0	274	0	0	0	0	0	0	0	0	0	0	0	0	0	0	0	0	0	0	0	0	0	0	0	0	0	0	0	0	5438	4466	3902	860	0	158	0	0	0	0	0	0	0	0	0	0	0	0	0	0	0	0	0	0	0	0	0	0	0	0	0	0	0	0	0	0	0	0	0	0	0	0	0	0	0	0	
297184	Frontal_Sup_Medial_L	378	0	38958	6740	5202	126	13252	230	370	0	2586	0	2860	0	266	0	0	0	10192	1054	0	0	0	15726	2602	658	732	0	990	0	21862	11382	4084	6366	0	0	0	0	0	0	0	0	0	0	0	0	0	0	0	0	0	0	0	0	0	0	0	0	0	0	0	0	0	0	0	0	0	0	0	0	366	166	1322	122	0	0	0	0	0	0	0	0	0	0	0	0	0	0	0	0	0	0	0	0	0	0	0	0	0	0	0	0	0	0	0	0	0	0	0	0	0	0	0	0	0	0	
369004	Frontal_Sup_Medial_R	388	370	4002	37840	168	3262	840	2546	0	1188	364	112	670	916	434	1560	0	0	3966	13746	0	208	15726	0	716	5584	0	3176	902	850	6956	34062	264	21078	302	360	254	486	130	0	0	0	0	0	0	0	118	0	0	0	0	0	0	0	0	0	0	0	0	0	0	0	0	0	0	0	0	0	0	0	524	12872	294	6656	0	0	164	448	0	0	0	0	0	0	0	0	0	0	0	0	0	0	0	0	0	0	0	0	0	0	0	0	0	0	0	0	0	0	0	0	0	0	0	0	0	0	
32840	Frontal_Med_Orb_L	0	0	660	0	2712	0	0	0	0	0	0	0	0	0	0	0	0	0	0	0	434	0	2602	716	0	1286	1858	316	0	0	4210	172	0	0	0	0	0	0	0	0	0	0	0	0	0	0	0	0	0	0	0	0	0	0	0	0	0	0	0	0	0	0	0	0	0	0	0	0	0	0	742	0	712	0	0	0	0	0	0	0	0	0	0	0	0	0	0	0	0	0	0	0	0	0	0	0	0	0	0	0	0	0	0	0	0	0	0	0	0	0	0	0	0	0	0	0	
94652	Frontal_Med_Orb_R	0	0	0	2202	136	5438	0	0	0	786	0	0	0	0	0	0	0	0	0	0	732	2038	658	5584	1286	0	352	9428	0	0	2118	6994	0	0	0	0	0	0	0	0	0	0	0	0	0	0	0	0	0	0	0	0	0	0	0	0	0	0	0	0	0	0	0	0	0	0	0	0	0	0	1034	4280	766	3494	0	0	0	0	0	0	0	0	0	0	0	0	0	0	0	0	0	0	0	0	0	0	0	0	0	0	0	0	0	0	0	0	0	0	0	0	0	0	0	0	0	0	
48452	Rectus_L	0	0	1806	0	6308	0	0	0	720	0	112	0	0	0	1208	0	0	0	0	0	1268	246	732	0	1858	352	0	306	1046	0	3286	0	0	0	0	0	0	0	0	0	0	0	0	0	0	0	0	0	0	0	0	0	0	0	0	0	0	0	0	0	0	0	0	0	0	0	0	0	0	0	1690	172	3116	0	0	0	0	0	0	0	0	0	0	0	0	0	0	0	0	0	0	0	0	0	0	0	0	0	0	0	0	0	0	0	0	0	0	0	0	0	0	0	0	0	0	0	
90268	Rectus_R	0	0	0	1674	0	7960	0	0	0	1260	0	0	0	0	0	1006	0	0	0	0	644	2786	0	3176	316	9428	306	0	0	520	864	5356	0	0	0	0	0	0	0	0	0	0	0	0	0	0	0	0	0	0	0	0	0	0	0	0	0	0	0	0	0	0	0	0	0	0	0	0	0	0	1004	4914	714	3206	0	0	0	0	0	0	0	0	0	0	0	0	0	0	0	0	0	0	0	0	0	0	0	0	0	0	0	0	0	0	0	0	0	0	0	0	0	0	0	0	0	0	
610916	Insula_L	16814	324	34628	970	6398	0	12774	494	3840	300	18222	1102	22444	696	15006	310	17432	0	21038	262	1730	0	990	902	0	0	1046	0	0	648	686	164	178	0	190	266	17246	246	1786	0	3946	0	350	0	194	0	148	0	0	0	716	0	216	0	10028	0	8144	0	0	0	740	0	552	0	350	0	472	0	0	0	5102	1020	26908	812	0	0	686	176	16434	0	9742	0	6016	0	4922	0	0	0	8466	0	186	0	0	0	0	0	0	0	0	0	0	0	0	0	0	0	0	0	0	0	0	0	0	0	0	0	
332672	Insula_R	176	2766	614	11786	0	500	226	9034	0	314	482	20378	0	19848	0	7798	0	11080	352	9390	0	1118	0	850	0	0	0	520	648	0	602	4126	0	4892	0	0	0	6544	0	2840	0	1660	0	0	0	0	0	228	0	0	0	0	0	290	0	4116	0	1550	0	0	0	0	0	558	0	0	0	0	0	148	1004	2592	190	18776	0	0	0	706	0	4288	0	6286	0	3372	0	1992	0	0	0	1696	0	0	0	0	0	0	0	0	0	0	0	0	0	0	0	0	0	0	0	0	0	0	0	0	0	0	
300360	Cingulum_Ant_L	694	0	20886	5366	4898	146	4542	2086	384	0	3246	624	2628	758	116	0	0	0	11648	856	2468	2188	21862	6956	4210	2118	3286	864	686	602	0	17900	7032	1794	190	0	0	0	0	0	0	0	0	0	0	0	0	0	0	0	0	0	0	0	0	0	0	0	0	0	0	0	0	0	0	0	128	0	0	0	6926	1936	8798	1358	0	0	0	0	0	0	0	0	0	0	0	0	0	0	0	0	0	0	0	0	0	0	0	0	0	0	0	0	0	0	0	0	0	0	0	0	0	0	0	0	0	0	
507944	Cingulum_Ant_R	286	332	4116	40680	162	2464	644	8710	0	238	384	2630	212	5816	0	576	0	0	6670	17764	1216	3746	11382	34062	172	6994	0	5356	164	4126	17900	0	2886	30822	286	328	230	454	118	0	0	0	0	0	0	0	0	0	0	0	0	0	0	0	0	0	0	0	0	0	0	0	0	0	0	0	0	0	0	0	3902	20500	2870	14150	0	132	140	352	0	0	0	0	0	0	0	0	0	0	0	0	0	0	0	0	0	0	0	0	0	0	0	0	0	0	0	0	0	0	0	0	0	0	0	0	0	0	
149752	Cingulum_Mid_L	792	0	7310	930	0	0	364	144	0	0	248	0	402	114	134	0	0	0	10862	4020	0	0	4084	264	0	0	0	0	178	0	7032	2886	0	8186	6422	332	0	0	0	0	0	0	564	0	1438	0	0	0	2490	0	1618	0	0	0	0	0	360	0	552	0	142	0	0	0	0	0	5598	178	6666	272	0	164	0	130	0	0	0	0	0	0	0	0	0	0	0	0	0	0	0	0	0	0	0	0	0	0	0	0	0	0	0	0	0	0	0	0	0	0	0	0	0	0	0	0	0	0	
498540	Cingulum_Mid_R	2836	2928	3636	37656	0	130	400	5314	0	358	0	3492	0	5718	0	968	0	176	18692	54874	0	0	6366	21078	0	0	0	0	0	4892	1794	30822	8186	0	662	4598	0	540	0	332	0	0	0	896	0	1628	0	246	0	2082	0	172	0	0	0	404	0	1488	0	0	0	0	0	0	0	0	548	5270	4152	8158	0	3632	0	4022	0	0	0	0	0	0	0	0	0	0	0	0	0	0	0	124	0	0	0	0	0	0	0	0	0	0	0	0	0	0	0	0	0	0	0	0	0	0	0	0	0	0	
133496	Cingulum_Post_L	4178	1118	116	524	0	0	182	0	0	0	0	0	0	0	0	0	0	0	250	452	0	0	0	302	0	0	0	0	190	0	190	286	6422	662	0	6108	5178	3964	2874	1134	0	0	2664	0	1810	0	2874	1082	1108	0	1238	0	0	0	522	184	442	0	112	0	0	0	0	0	0	0	7230	746	8310	290	0	262	294	0	0	0	1544	1726	0	0	0	0	0	0	180	0	0	0	0	0	0	0	0	0	0	0	0	0	0	0	0	0	0	0	0	0	0	0	0	0	0	0	0	0	0	0	
162400	Cingulum_Post_R	1962	1130	166	704	0	0	230	0	0	0	0	0	0	0	0	0	0	0	0	2916	0	0	0	360	0	0	0	0	266	0	0	328	332	4598	6108	0	4164	6712	2030	2196	0	0	0	4052	0	2344	1856	5912	0	1548	0	226	0	330	358	3282	138	1820	0	0	0	0	0	0	0	0	504	13224	0	4152	0	316	412	0	0	0	2908	2738	0	0	0	0	0	0	0	156	0	0	0	362	0	0	0	0	0	0	0	0	0	0	0	0	0	0	0	0	0	0	0	0	360	0	0	0	0	0	
298828	Hippocampus_L	8764	656	7722	1598	0	0	810	512	0	0	790	0	0	0	0	0	1062	0	6590	918	0	0	0	254	0	0	0	0	17246	0	0	230	0	0	5178	4164	0	3966	16396	1240	7556	0	870	0	0	0	5364	1080	0	0	120	0	0	0	12666	160	2596	0	0	0	188	0	116	0	0	0	2386	988	294	0	1136	234	13412	0	1154	0	3400	1508	4680	0	1744	0	1058	0	150	0	0	0	5356	0	894	0	152	0	0	0	564	0	1174	0	122	0	196	0	0	0	0	0	0	0	0	0	0	0	0	0	
286956	Hippocampus_R	2212	5246	390	4934	0	0	428	3994	0	264	0	932	0	782	0	292	0	1232	300	1622	0	0	0	486	0	0	0	0	246	6544	0	454	0	540	3964	6712	3966	0	2022	27942	0	6964	0	818	0	0	1738	4188	0	0	0	0	0	256	332	18276	118	314	0	0	0	0	0	0	0	0	160	4262	0	0	110	408	508	13138	0	558	3240	5772	0	1308	0	1642	0	306	0	574	0	0	0	1738	0	0	0	0	0	124	0	536	0	586	0	0	0	0	0	0	0	0	0	0	0	0	0	0	0	0	
133176	ParaHippocampal_L	1630	360	1330	866	0	0	208	318	0	0	112	0	0	0	116	0	236	0	930	480	118	0	0	130	0	0	0	0	1786	0	0	118	0	0	2874	2030	16396	2022	0	656	2302	0	1762	0	516	0	5292	496	0	0	1340	0	572	0	7396	136	226	0	0	0	0	0	0	0	0	0	2558	408	0	0	616	130	3634	0	142	0	1138	710	146	0	132	0	750	0	156	0	652	0	408	0	118	0	0	0	212	0	950	0	788	0	186	0	0	0	0	0	0	0	0	0	0	0	0	0	0	0	
187308	ParaHippocampal_R	392	1412	128	2390	0	0	0	2320	0	180	0	360	0	318	0	206	0	340	0	740	0	0	0	0	0	0	0	0	0	2840	0	0	0	332	1134	2196	1240	27942	656	0	0	6678	0	518	0	0	610	4434	0	0	0	0	0	242	0	14206	0	0	0	0	0	0	0	0	0	0	0	2260	0	0	0	0	126	7978	0	434	894	2008	0	700	0	780	0	1756	0	358	0	328	0	1050	0	164	0	0	0	940	0	1062	0	464	0	0	0	0	0	0	0	0	214	324	0	0	0	0	0	0	
38196	Amygdala_L	0	0	0	0	0	0	0	0	0	0	0	0	0	0	170	0	0	0	0	0	272	0	0	0	0	0	0	0	3946	0	0	0	0	0	0	0	7556	0	2302	0	0	0	0	0	0	0	0	0	0	0	0	0	0	0	2520	0	0	0	0	0	0	0	0	0	0	0	0	0	0	0	0	0	850	0	0	0	0	0	0	0	0	0	1190	0	0	0	0	0	292	0	0	0	0	0	0	0	0	0	0	0	0	0	0	0	0	0	0	0	0	0	0	0	0	0	0	0	
45324	Amygdala_R	0	0	0	110	0	0	0	0	0	0	0	0	0	0	0	0	0	0	0	0	0	274	0	0	0	0	0	0	0	1660	0	0	0	0	0	0	0	6964	0	6678	0	0	0	0	0	0	0	0	0	0	0	0	0	0	0	3634	0	0	0	0	0	0	0	0	0	0	0	0	0	0	0	0	0	1796	0	0	0	0	0	0	0	0	0	1546	0	0	0	0	0	0	0	0	0	0	0	0	0	0	0	0	0	0	0	0	0	0	0	0	0	0	0	0	0	0	0	0	
297712	Calcarine_L	362	0	0	0	0	0	0	0	0	0	0	0	0	0	0	0	290	0	0	0	0	0	0	0	0	0	0	0	350	0	0	0	564	0	2664	0	870	0	1762	0	0	0	0	4744	23172	3104	13834	2046	16178	950	32948	0	6294	0	5456	0	634	0	248	0	378	0	0	0	354	0	25172	726	1320	0	0	0	0	0	0	0	0	0	266	0	320	0	0	0	2972	0	0	0	878	0	0	0	0	0	0	0	0	0	0	0	0	0	0	0	0	0	0	0	0	0	0	0	0	0	0	0	
309992	Calcarine_R	0	136	0	0	0	0	0	0	0	0	0	0	0	0	0	0	0	0	0	478	0	0	0	0	0	0	0	0	0	0	0	0	0	896	0	4052	0	818	0	518	0	0	4744	0	3750	27106	1182	22332	0	18440	0	9914	0	10120	0	6668	0	2504	0	0	0	236	0	152	0	230	1004	25806	0	2898	0	0	0	0	0	0	0	0	0	0	0	0	0	0	0	3008	0	0	0	7652	0	0	0	0	0	0	0	0	0	0	0	0	0	0	0	0	0	0	0	0	352	0	0	0	0	0	
279132	Cuneus_L	392	0	0	0	0	0	0	0	0	0	0	0	0	0	0	0	218	0	0	0	0	0	0	0	0	0	0	0	194	0	0	0	1438	0	1810	0	0	0	516	0	0	0	23172	3750	0	6208	4342	674	27826	1114	22360	256	1526	0	3486	0	978	0	2734	0	1404	0	0	0	476	0	26780	1530	3386	0	0	0	0	0	0	0	0	0	222	0	132	0	0	0	2042	0	0	0	600	0	0	0	0	0	0	0	0	0	0	0	0	0	0	0	0	0	0	0	0	0	0	0	0	0	0	0	
260000	Cuneus_R	0	114	0	0	0	0	0	0	0	0	0	0	0	0	0	0	0	0	0	320	0	0	0	0	0	0	0	0	0	0	0	0	0	1628	0	2344	0	0	0	0	0	0	3104	27106	6208	0	226	5766	376	31416	0	9536	0	1134	0	850	0	2350	0	1110	0	214	0	114	0	236	4402	26566	0	2190	0	0	0	0	0	0	0	0	0	0	0	0	0	0	0	1340	0	0	0	1158	0	0	0	0	0	0	0	0	0	0	0	0	0	0	0	0	0	0	0	0	192	0	0	0	0	0	
273268	Lingual_L	396	324	0	176	0	0	0	0	0	0	0	0	0	0	0	0	130	0	0	0	0	0	0	118	0	0	0	0	148	0	0	0	0	0	2874	1856	5364	1738	5292	610	0	0	13834	1182	4342	226	0	3110	6874	246	14624	0	5152	0	11434	796	132	0	152	0	0	0	0	0	0	0	7856	446	118	0	0	0	0	0	0	0	840	526	154	0	166	0	0	0	682	0	0	0	464	0	7016	954	378	200	318	402	10538	1680	13280	1568	0	0	320	302	0	0	0	0	0	0	3236	2862	1198	0	0	0	
327916	Lingual_R	306	348	0	0	0	0	0	0	0	0	0	0	0	0	0	0	0	0	0	400	0	0	0	0	0	0	0	0	0	228	0	0	0	246	1082	5912	1080	4188	496	4434	0	0	2046	22332	674	5766	3110	0	0	6470	0	3106	0	9784	434	24414	0	780	0	0	0	0	0	0	0	0	126	12214	0	1154	0	0	0	0	0	0	878	1038	0	0	0	0	0	0	0	1012	0	0	0	4046	1728	6226	136	240	0	218	2068	8660	3422	9394	0	0	0	124	0	0	0	0	0	134	7030	5610	864	0	0	0	
269296	Occipital_Sup_L	658	0	0	0	0	0	0	0	0	0	0	0	0	0	0	0	110	0	0	0	0	0	0	0	0	0	0	0	0	0	0	0	2490	0	1108	0	0	0	0	0	0	0	16178	0	27826	376	6874	0	0	194	34676	0	1272	0	646	0	2158	0	7792	0	3602	0	0	0	308	0	21288	844	3844	0	0	0	0	0	0	0	0	0	0	0	0	0	0	0	2196	0	0	0	208	0	0	0	0	0	0	0	0	0	0	0	0	0	0	0	0	0	0	0	0	0	0	0	0	0	0	0	
236856	Occipital_Sup_R	0	662	0	160	0	0	0	0	0	0	0	0	0	0	0	0	0	0	0	324	0	0	0	0	0	0	0	0	0	0	0	0	0	2082	0	1548	0	0	0	0	0	0	950	18440	1114	31416	246	6470	194	0	0	17224	0	1414	0	1170	0	4356	0	3474	0	850	0	516	0	2434	1616	17176	0	3138	0	0	0	0	0	0	0	0	0	0	0	220	0	0	0	530	0	0	0	704	0	0	0	0	0	0	0	0	0	0	0	0	0	0	0	0	0	0	0	0	0	0	0	0	0	0	
518512	Occipital_Mid_L	2186	0	0	0	0	0	0	0	0	0	0	0	0	0	0	0	1530	0	0	0	0	0	0	0	0	0	0	0	716	0	0	0	1618	0	1238	0	120	0	1340	0	0	0	32948	0	22360	0	14624	0	34676	0	0	0	16294	0	7496	0	6888	0	12844	0	19048	0	720	0	17036	0	28162	180	7582	0	0	0	0	0	0	0	0	0	980	0	1276	0	0	0	21448	0	0	0	5946	0	0	0	0	0	0	0	0	0	0	0	0	0	0	0	0	0	0	0	0	0	0	0	0	0	0	0	
174624	Occipital_Mid_R	0	336	0	0	0	0	0	0	0	0	0	0	0	0	0	0	0	0	0	0	0	0	0	0	0	0	0	0	0	0	0	0	0	172	0	226	0	0	0	0	0	0	0	9914	256	9536	0	3106	0	17224	0	0	0	4686	0	1348	0	2190	0	1956	0	4122	0	480	0	12678	254	6870	0	1264	0	0	0	0	0	0	0	0	0	0	0	234	0	0	0	8474	0	0	0	1842	0	0	0	0	0	0	0	0	0	0	0	0	0	0	0	0	0	0	0	0	144	0	0	0	0	0	
94404	Occipital_Inf_L	140	0	0	0	0	0	0	0	0	0	0	0	0	0	0	0	246	0	0	0	0	0	0	0	0	0	0	0	216	0	0	0	0	0	0	0	0	0	572	0	0	0	6294	0	1526	0	5152	0	1272	0	16294	0	0	0	5246	0	164	0	0	0	0	0	0	0	0	0	2486	0	0	0	0	0	0	0	0	0	0	0	282	0	280	0	0	0	2634	0	0	0	3398	0	0	0	0	0	0	0	334	0	546	0	0	0	0	0	0	0	0	0	0	0	0	120	0	0	0	0	
119956	Occipital_Inf_R	0	458	0	0	0	0	0	0	0	0	0	0	0	0	0	0	0	114	0	138	0	0	0	0	0	0	0	0	0	290	0	0	0	0	0	330	0	256	0	242	0	0	0	10120	0	1134	0	9784	0	1414	0	4686	0	0	0	9848	0	824	0	0	0	154	0	0	0	0	0	4306	0	704	0	0	0	0	0	0	0	0	0	134	0	0	0	0	0	2400	0	0	0	10958	0	178	0	0	0	0	0	214	0	698	0	0	0	0	0	0	0	0	0	0	212	382	0	0	0	0	
387556	Fusiform_L	4092	0	622	0	0	0	0	0	0	0	214	0	0	0	0	0	2222	0	554	0	0	0	0	0	0	0	0	0	10028	0	0	0	0	0	522	358	12666	332	7396	0	2520	0	5456	0	3486	0	11434	434	646	0	7496	0	5246	0	0	286	1972	0	146	0	336	0	0	0	318	0	6660	0	750	0	0	0	1302	0	0	0	192	194	6058	0	5520	0	2146	0	5454	0	1448	0	19192	0	20112	264	3170	0	0	116	12628	460	24902	368	652	0	930	0	0	0	0	0	0	0	1186	914	378	0	0	0	
426544	Fusiform_R	0	2958	0	498	0	0	0	648	0	0	0	130	0	162	0	0	0	1554	0	950	0	0	0	0	0	0	0	0	0	4116	0	0	0	404	184	3282	160	18276	136	14206	0	3634	0	6668	0	850	796	24414	0	1170	0	1348	0	9848	286	0	0	1438	0	146	0	230	0	326	0	0	0	6812	0	1850	0	0	0	1712	0	228	0	516	0	2652	0	5652	0	3442	0	5542	0	1398	0	18680	1368	16038	0	2720	0	258	1482	11214	2172	19348	0	126	164	2344	0	0	0	0	0	0	5998	2354	384	0	0	0	
270020	Postcentral_L	25108	0	2782	0	0	0	762	0	0	0	3562	0	560	0	0	0	9208	0	2342	0	0	0	0	0	0	0	0	0	8144	0	0	0	360	0	442	138	2596	118	226	0	0	0	634	0	978	0	132	0	2158	0	6888	0	164	0	1972	0	0	0	4584	0	19256	0	8298	0	2666	0	4116	0	10450	0	116	0	826	0	0	0	840	0	8072	0	4684	0	0	0	1162	0	0	0	666	0	0	0	0	0	0	0	0	0	0	0	0	0	0	0	0	0	0	0	0	0	0	0	0	0	0	0	
181552	Postcentral_R	0	11194	0	658	0	0	0	200	0	0	0	890	0	112	0	0	0	2970	0	922	0	0	0	0	0	0	0	0	0	1550	0	0	0	1488	0	1820	0	314	0	0	0	0	0	2504	0	2350	0	780	0	4356	0	2190	0	824	0	1438	0	0	0	6182	0	6034	0	9270	0	874	208	13802	0	12366	0	190	0	348	0	0	0	176	0	390	0	1004	0	0	0	1132	0	0	0	2030	0	0	0	0	0	0	0	0	0	0	0	0	0	0	0	0	0	0	0	0	210	0	0	0	0	0	
125428	Parietal_Sup_L	506	0	0	0	0	0	0	0	0	0	0	0	0	0	0	0	114	0	0	0	0	0	0	0	0	0	0	0	0	0	0	0	552	0	112	0	0	0	0	0	0	0	248	0	2734	0	152	0	7792	0	12844	0	0	0	146	0	4584	0	0	0	12316	0	592	0	2014	0	15772	0	1690	0	0	0	0	0	0	0	0	0	0	0	0	0	0	0	284	0	0	0	262	0	0	0	0	0	0	0	0	0	0	0	0	0	0	0	0	0	0	0	0	0	0	0	0	0	0	0	
107980	Parietal_Sup_R	0	1050	0	0	0	0	0	0	0	0	0	0	0	0	0	0	0	0	0	0	0	0	0	0	0	0	0	0	0	0	0	0	0	0	0	0	0	0	0	0	0	0	0	0	0	1110	0	0	0	3474	0	1956	0	0	0	146	0	6182	0	0	0	13102	0	3648	0	6248	728	10398	0	550	0	0	0	0	0	0	0	0	0	172	0	736	0	0	0	3378	0	0	0	1112	0	0	0	0	0	0	0	0	0	0	0	0	0	0	0	0	0	0	0	0	0	0	0	0	0	0	
230640	Parietal_Inf_L	4020	0	0	0	0	0	0	0	0	0	0	0	0	0	0	0	278	0	0	0	0	0	0	0	0	0	0	0	740	0	0	0	142	0	0	0	188	0	0	0	0	0	378	0	1404	0	0	0	3602	0	19048	0	0	0	336	0	19256	0	12316	0	0	0	10162	0	24698	0	4256	0	2518	0	0	0	0	0	0	0	178	0	550	0	600	0	0	0	7888	0	0	0	2762	0	0	0	0	0	0	0	0	0	0	0	0	0	0	0	0	0	0	0	0	0	0	0	0	0	0	0	
160004	Parietal_Inf_R	0	2166	0	0	0	0	0	0	0	0	0	0	0	0	0	0	0	0	0	0	0	0	0	0	0	0	0	0	0	0	0	0	0	0	0	0	0	0	0	0	0	0	0	236	0	214	0	0	0	850	0	4122	0	154	0	230	0	6034	0	13102	0	0	0	16236	0	18540	0	2626	0	652	0	0	0	0	0	0	0	0	0	190	0	2408	0	0	0	9658	0	0	0	2584	0	0	0	0	0	0	0	0	0	0	0	0	0	0	0	0	0	0	0	0	0	0	0	0	0	0	
73928	SupraMarginal_L	738	0	174	0	0	0	0	0	0	0	0	0	0	0	0	0	1348	0	0	0	0	0	0	0	0	0	0	0	552	0	0	0	0	0	0	0	116	0	0	0	0	0	0	0	0	0	0	0	0	0	720	0	0	0	0	0	8298	0	592	0	10162	0	0	0	4528	0	812	0	0	0	0	0	0	0	0	0	0	0	450	0	4178	0	0	0	2938	0	0	0	1358	0	0	0	0	0	0	0	0	0	0	0	0	0	0	0	0	0	0	0	0	0	0	0	0	0	0	0	
133044	SupraMarginal_R	0	1762	0	182	0	0	0	0	0	0	0	0	0	0	0	0	0	2184	0	0	0	0	0	0	0	0	0	0	0	558	0	0	0	0	0	0	0	0	0	0	0	0	0	152	0	114	0	0	0	516	0	480	0	0	0	326	0	9270	0	3648	0	16236	0	0	0	10958	0	266	0	322	0	0	0	0	0	0	0	0	0	246	0	6038	0	0	0	9848	0	0	0	3416	0	0	0	0	0	0	0	0	0	0	0	0	0	0	0	0	0	0	0	0	0	0	0	0	0	0	
147704	Angular_L	524	0	0	0	0	0	0	0	0	0	0	0	0	0	0	0	270	0	0	0	0	0	0	0	0	0	0	0	350	0	0	0	0	0	0	0	0	0	0	0	0	0	354	0	476	0	0	0	308	0	17036	0	0	0	318	0	2666	0	2014	0	24698	0	4528	0	0	0	2378	0	1088	0	0	0	0	0	0	0	0	0	338	0	1076	0	0	0	12482	0	0	0	2948	0	0	0	0	0	0	0	0	0	0	0	0	0	0	0	0	0	0	0	0	0	0	0	0	0	0	0	
132240	Angular_R	0	194	0	0	0	0	0	0	0	0	0	0	0	0	0	0	0	178	0	0	0	0	0	0	0	0	0	0	0	0	0	0	0	0	0	0	0	0	0	0	0	0	0	230	0	236	0	0	0	2434	0	12678	0	0	0	0	0	874	0	6248	0	18540	0	10958	0	0	0	498	0	554	0	0	0	0	0	0	0	0	0	0	0	2688	0	0	0	8736	0	0	0	1074	0	0	0	0	0	0	0	0	0	0	0	0	0	0	0	0	0	0	0	0	0	0	0	0	0	0	
388332	Precuneus_L	1316	0	0	0	0	0	0	0	0	0	0	0	0	0	0	0	550	0	214	0	0	0	0	0	0	0	0	0	472	0	128	0	5598	548	7230	504	2386	160	2558	0	0	0	25172	1004	26780	4402	7856	126	21288	1616	28162	254	2486	0	6660	0	4116	208	15772	728	4256	0	812	0	2378	0	0	6810	6880	160	0	0	0	0	0	0	0	0	362	0	394	0	0	0	2542	0	0	0	1278	0	0	0	0	0	0	0	0	0	0	0	0	0	0	0	0	0	0	0	0	0	0	0	0	0	0	0	
385208	Precuneus_R	394	1062	0	274	0	0	0	0	0	0	0	0	0	0	0	0	0	0	0	1674	0	0	0	0	0	0	0	0	0	0	0	0	178	5270	746	13224	988	4262	408	2260	0	0	726	25806	1530	26566	446	12214	844	17176	180	6870	0	4306	0	6812	0	13802	0	10398	0	2626	0	266	0	498	6810	0	0	10848	0	0	176	0	0	0	1292	752	0	0	0	0	0	0	0	3386	0	0	0	5348	0	0	0	0	0	0	0	0	0	0	0	0	0	0	0	0	0	0	0	0	2186	0	0	0	0	0	
294400	Paracentral_Lobule_L	27654	8656	7268	2382	0	0	1084	164	0	0	0	0	0	0	0	0	0	0	19592	12824	0	0	0	0	0	0	0	0	0	0	0	0	6666	4152	8310	0	294	0	0	0	0	0	1320	0	3386	0	118	0	3844	0	7582	0	0	0	750	0	10450	0	1690	0	2518	0	0	0	1088	0	6880	0	0	4084	294	590	0	0	204	0	2334	118	0	0	0	0	0	0	686	0	0	0	218	0	0	0	0	0	0	0	0	0	0	0	0	0	0	0	0	0	0	0	0	0	0	0	0	0	0	0	
168108	Paracentral_Lobule_R	2334	7480	310	0	0	0	160	0	0	0	0	0	0	0	0	0	0	186	1500	13264	0	0	0	0	0	0	0	0	0	148	0	0	272	8158	290	4152	0	0	0	0	0	0	0	2898	0	2190	0	1154	0	3138	0	1264	0	704	0	1850	0	12366	0	550	0	652	0	322	0	554	160	10848	4084	0	0	0	0	0	0	0	0	0	0	130	0	216	0	0	0	1122	0	0	0	1384	0	0	0	0	0	0	0	0	0	0	0	0	0	0	0	0	0	0	0	0	214	0	0	0	0	0	
314688	Caudate_L	8996	2036	16806	11228	590	134	5010	5456	0	0	1996	1366	1490	984	520	0	168	0	13608	6798	5124	5438	366	524	742	1034	1690	1004	5102	1004	6926	3902	0	0	0	0	1136	110	616	0	0	0	0	0	0	0	0	0	0	0	0	0	0	0	0	0	116	0	0	0	0	0	0	0	0	0	0	0	294	0	0	8510	21446	2056	2754	428	9332	504	0	0	0	0	0	0	0	0	0	0	0	0	0	0	0	0	0	0	0	0	0	0	0	0	0	0	0	0	0	0	0	0	0	0	0	0	0	0	
383660	Caudate_R	1296	2122	2624	30484	0	5560	446	7392	0	640	366	742	584	2134	362	1286	0	268	2948	17450	1660	4466	166	12872	0	4280	172	4914	1020	2592	1936	20500	164	3632	262	316	234	408	130	0	0	0	0	0	0	0	0	0	0	0	0	0	0	0	0	0	0	190	0	0	0	0	0	0	0	0	0	0	590	0	8510	0	5098	20728	482	2074	606	17006	0	0	0	118	0	0	0	0	0	0	0	0	0	0	0	0	0	0	0	0	0	0	0	0	0	0	0	0	0	0	0	0	0	0	0	0	0	0	
421748	Putamen_L	4622	126	33084	2600	8766	0	2024	1350	3630	0	3528	210	1996	172	6814	0	814	0	24874	1218	3924	3902	1322	294	712	766	3116	714	26908	190	8798	2870	0	0	294	412	13412	508	3634	126	850	0	0	0	0	0	0	0	0	0	0	0	0	0	1302	0	826	0	0	0	0	0	0	0	0	0	0	176	0	0	21446	5098	0	1176	5954	400	2090	346	494	0	674	0	1508	0	114	0	0	0	690	0	0	0	0	0	0	0	0	0	0	0	0	0	0	0	0	0	0	0	0	0	0	0	0	0	0	0	
372028	Putamen_R	484	4122	1154	24260	0	3862	534	12010	0	1054	418	4010	656	4256	0	3822	0	3168	1032	11674	116	860	122	6656	0	3494	0	3206	812	18776	1358	14150	130	4022	0	0	0	13138	0	7978	0	1796	0	0	0	0	0	0	0	0	0	0	0	0	0	1712	0	348	0	0	0	0	0	0	0	0	0	0	0	0	2056	20728	1176	0	0	2804	0	2776	0	446	0	404	0	324	0	0	0	0	0	110	0	0	0	0	0	0	0	0	0	0	0	0	0	0	0	0	0	0	0	0	0	0	0	0	0	0	
50212	Pallidum_L	1576	0	5304	462	0	0	242	436	0	0	0	0	0	0	0	0	0	0	5130	0	0	0	0	0	0	0	0	0	0	0	0	0	0	0	0	0	1154	0	142	0	0	0	0	0	0	0	0	0	0	0	0	0	0	0	0	0	0	0	0	0	0	0	0	0	0	0	0	0	204	0	2754	482	5954	0	0	0	1266	0	0	0	0	0	0	0	0	0	0	0	0	0	0	0	0	0	0	0	0	0	0	0	0	0	0	0	0	0	0	0	0	0	0	0	0	0	0	0	
27220	Pallidum_R	0	1234	0	2398	0	0	0	2400	0	0	0	0	0	0	0	0	0	0	0	228	0	158	0	0	0	0	0	0	0	0	0	132	0	0	0	0	0	558	0	434	0	0	0	0	0	0	0	0	0	0	0	0	0	0	0	228	0	0	0	0	0	0	0	0	0	0	0	0	0	0	428	2074	400	2804	0	0	0	134	0	0	0	0	0	0	0	0	0	0	0	0	0	0	0	0	0	0	0	0	0	0	0	0	0	0	0	0	0	0	0	0	0	0	0	0	0	0	
174264	Thalamus_L	17794	1094	10926	3808	0	0	874	1798	0	0	186	0	0	0	0	0	222	0	8138	2190	0	0	0	164	0	0	0	0	686	0	0	140	0	0	1544	2908	3400	3240	1138	894	0	0	0	0	0	0	840	878	0	0	0	0	0	0	192	0	840	0	0	0	178	0	0	0	0	0	0	1292	2334	0	9332	606	2090	0	1266	0	0	6140	0	0	0	0	0	0	0	0	0	0	0	0	0	0	0	0	0	0	0	0	0	0	0	0	0	0	0	0	0	0	0	0	0	0	0	0	0	0	
171644	Thalamus_R	2934	4522	2114	13394	0	246	744	7776	0	0	0	438	0	306	0	0	0	400	1970	4608	0	0	0	448	0	0	0	0	176	706	0	352	0	0	1726	2738	1508	5772	710	2008	0	0	0	0	0	0	526	1038	0	0	0	0	0	0	194	516	0	176	0	0	0	0	0	0	0	0	0	752	118	0	504	17006	346	2776	0	134	6140	0	0	0	0	0	0	0	0	0	0	0	0	0	0	0	0	0	0	0	0	0	0	0	0	0	0	0	0	0	0	0	0	0	0	0	0	0	0	0	
140240	Heschl_L	9556	0	1570	0	0	0	638	0	0	0	1598	0	0	0	0	0	9230	0	1388	0	0	0	0	0	0	0	0	0	16434	0	0	0	0	0	0	0	4680	0	146	0	0	0	266	0	222	0	154	0	0	0	980	0	282	0	6058	0	8072	0	0	0	550	0	450	0	338	0	362	0	0	0	0	0	494	0	0	0	0	0	0	0	3312	0	0	0	1904	0	0	0	1436	0	0	0	0	0	0	0	0	0	0	0	0	0	0	0	0	0	0	0	0	0	0	0	0	0	0	0	
44552	Heschl_R	0	196	0	0	0	0	0	0	0	0	0	0	0	0	0	0	0	3168	0	0	0	0	0	0	0	0	0	0	0	4288	0	0	0	0	0	0	0	1308	0	700	0	0	0	0	0	0	0	0	0	0	0	0	0	134	0	2652	0	390	0	172	0	190	0	246	0	0	0	0	0	130	0	0	0	446	0	0	0	0	0	0	0	5130	0	0	0	1456	0	0	0	1670	0	0	0	0	0	0	0	0	0	0	0	0	0	0	0	0	0	0	0	0	0	0	0	0	0	0	
191244	Temporal_Sup_L	2698	0	1270	0	0	0	240	0	0	0	1814	0	164	0	0	0	9462	0	1176	0	0	0	0	0	0	0	0	0	9742	0	0	0	0	0	0	0	1744	0	132	0	0	0	320	0	132	0	166	0	0	0	1276	0	280	0	5520	0	4684	0	0	0	600	0	4178	0	1076	0	394	0	0	0	0	0	674	0	0	0	0	0	3312	0	0	0	3982	0	23394	0	1314	0	15878	0	0	0	0	0	0	0	0	0	0	0	0	0	0	0	0	0	0	0	0	0	0	0	0	0	0	0	
128408	Temporal_Sup_R	0	236	0	0	0	0	0	0	0	0	0	0	0	0	0	1606	0	4470	0	114	0	0	0	0	0	0	0	0	0	6286	0	0	0	0	0	0	0	1642	0	780	0	0	0	0	0	0	0	0	0	220	0	234	0	0	0	5652	0	1004	0	736	0	2408	0	6038	0	2688	0	0	0	216	0	118	0	404	0	0	0	0	0	5130	0	0	0	2790	0	13846	0	118	0	7468	0	0	0	0	0	0	0	0	0	0	0	0	0	0	0	0	0	0	0	0	0	0	0	0	0	0	
114196	Temporal_Pole_Sup_L	424	0	1756	0	242	0	1018	0	324	0	3178	0	846	0	1598	0	3172	0	1470	0	448	0	0	0	0	0	0	0	6016	0	0	0	0	0	0	0	1058	0	750	0	1190	0	0	0	0	0	0	0	0	0	0	0	0	0	2146	0	0	0	0	0	0	0	0	0	0	0	0	0	0	0	0	0	1508	0	0	0	0	0	0	0	3982	0	0	0	8602	0	8676	0	8694	0	0	0	0	0	0	0	0	0	0	0	0	0	0	0	0	0	0	0	0	0	0	0	0	0	0	0	
60464	Temporal_Pole_Sup_R	0	0	0	536	0	0	0	0	0	0	0	984	0	0	0	3004	0	1048	0	494	0	0	0	0	0	0	0	0	0	3372	0	0	0	0	0	0	0	306	0	1756	0	1546	0	0	0	0	0	0	0	0	0	0	0	0	0	3442	0	0	0	0	0	0	0	0	0	0	0	0	0	0	0	0	0	324	0	0	0	0	0	0	0	2790	0	0	0	5020	0	3134	0	2476	0	0	0	0	0	0	0	0	0	0	0	0	0	0	0	0	0	0	0	0	0	0	0	0	0	0	
300852	Temporal_Mid_L	940	0	166	0	0	0	0	0	0	0	116	0	0	0	0	0	1900	0	144	0	0	0	0	0	0	0	0	0	4922	0	0	0	0	0	180	0	150	0	156	0	0	0	2972	0	2042	0	682	0	2196	0	21448	0	2634	0	5454	0	1162	0	284	0	7888	0	2938	0	12482	0	2542	0	686	0	0	0	114	0	0	0	0	0	1904	0	23394	0	8602	0	0	0	6910	0	35418	0	0	0	0	0	0	0	0	0	0	0	0	0	0	0	0	0	0	0	0	0	0	0	0	0	0	0	
231472	Temporal_Mid_R	0	592	0	0	0	0	0	0	0	0	0	0	0	0	0	808	0	214	0	0	0	0	0	0	0	0	0	0	0	1992	0	0	0	0	0	156	0	574	0	358	0	0	0	3008	0	1340	0	1012	0	530	0	8474	0	2400	0	5542	0	1132	0	3378	0	9658	0	9848	0	8736	0	3386	0	1122	0	0	0	0	0	0	0	0	0	1456	0	13846	0	5020	0	0	0	1914	0	28806	0	200	0	0	0	0	0	0	0	0	0	0	0	0	0	0	0	0	0	0	234	0	0	0	0	0	
52880	Temporal_Pole_Mid_L	0	0	0	0	0	0	0	0	0	0	0	0	0	0	0	0	0	0	0	0	0	0	0	0	0	0	0	0	0	0	0	0	0	0	0	0	0	0	652	0	0	0	0	0	0	0	0	0	0	0	0	0	0	0	1448	0	0	0	0	0	0	0	0	0	0	0	0	0	0	0	0	0	0	0	0	0	0	0	0	0	1314	0	8676	0	6910	0	0	0	7440	0	0	0	0	0	0	0	0	0	0	0	0	0	0	0	0	0	0	0	0	0	0	0	0	0	0	0	
17336	Temporal_Pole_Mid_R	0	0	0	0	0	0	0	0	0	0	0	0	0	0	0	306	0	0	0	0	0	0	0	0	0	0	0	0	0	0	0	0	0	0	0	0	0	0	0	328	0	0	0	0	0	0	0	0	0	0	0	0	0	0	0	1398	0	0	0	0	0	0	0	0	0	0	0	0	0	0	0	0	0	0	0	0	0	0	0	0	0	118	0	3134	0	1914	0	0	0	1470	0	0	0	0	0	0	0	0	0	0	0	0	0	0	0	0	0	0	0	0	0	0	0	0	0	0	
275676	Temporal_Inf_L	1030	0	378	0	0	0	0	0	0	0	0	0	0	0	0	0	798	0	336	0	0	0	0	0	0	0	0	0	8466	0	0	0	0	0	0	0	5356	0	408	0	292	0	878	0	600	0	464	0	208	0	5946	0	3398	0	19192	0	666	0	262	0	2762	0	1358	0	2948	0	1278	0	218	0	0	0	690	0	0	0	0	0	1436	0	15878	0	8694	0	35418	0	7440	0	0	0	5884	0	1668	0	0	0	500	0	2510	0	182	0	296	0	0	0	0	0	0	0	0	0	0	0	0	0	
232080	Temporal_Inf_R	0	1782	0	0	0	0	0	0	0	0	0	0	0	0	0	0	0	710	0	174	0	0	0	0	0	0	0	0	0	1696	0	0	0	124	0	362	0	1738	0	1050	0	0	0	7652	0	1158	0	4046	0	704	0	1842	0	10958	0	18680	0	2030	0	1112	0	2584	0	3416	0	1074	0	5348	0	1384	0	0	0	110	0	0	0	0	0	1670	0	7468	0	2476	0	28806	0	1470	0	0	0	2492	0	492	0	0	0	144	0	752	0	0	0	300	0	0	0	0	0	0	236	0	0	0	0	0	
487920	Cerebelum_Crus1_L	0	0	0	0	0	0	0	0	0	0	0	0	0	0	0	0	0	0	0	0	0	0	0	0	0	0	0	0	186	0	0	0	0	0	0	0	894	0	118	0	0	0	0	0	0	0	7016	1728	0	0	0	0	0	0	20112	1368	0	0	0	0	0	0	0	0	0	0	0	0	0	0	0	0	0	0	0	0	0	0	0	0	0	0	0	0	0	0	0	0	5884	0	0	7218	36042	7286	824	1472	23460	3222	49904	6300	10644	1096	17868	6132	910	1270	116	134	168	1768	6576	8484	11524	2110	1186	940	
437252	Cerebelum_Crus1_R	0	0	0	0	0	0	0	0	0	0	0	0	0	0	0	0	0	0	0	0	0	0	0	0	0	0	0	0	0	0	0	0	0	0	0	0	0	0	0	164	0	0	0	0	0	0	954	6226	0	0	0	0	0	178	264	16038	0	0	0	0	0	0	0	0	0	0	0	0	0	0	0	0	0	0	0	0	0	0	0	0	0	0	0	0	0	200	0	0	0	2492	7218	0	3686	37498	192	2534	2388	18522	5042	52338	1050	7276	1722	21364	320	2196	0	554	150	1162	8050	9850	7656	672	356	314	
331744	Cerebelum_Crus2_L	0	0	0	0	0	0	0	0	0	0	0	0	0	0	0	0	0	0	0	0	0	0	0	0	0	0	0	0	0	0	0	0	0	0	0	0	152	0	0	0	0	0	0	0	0	0	378	136	0	0	0	0	0	0	3170	0	0	0	0	0	0	0	0	0	0	0	0	0	0	0	0	0	0	0	0	0	0	0	0	0	0	0	0	0	0	0	0	0	1668	0	36042	3686	0	8560	274	416	3102	536	9530	1326	35884	4026	30258	3258	5798	434	1162	0	0	366	1432	1892	9352	2074	498	462	
376916	Cerebelum_Crus2_R	0	0	0	0	0	0	0	0	0	0	0	0	0	0	0	0	0	0	0	0	0	0	0	0	0	0	0	0	0	0	0	0	0	0	0	0	0	0	0	0	0	0	0	0	0	0	200	240	0	0	0	0	0	0	0	2720	0	0	0	0	0	0	0	0	0	0	0	0	0	0	0	0	0	0	0	0	0	0	0	0	0	0	0	0	0	0	0	0	0	492	7286	37498	8560	0	468	1222	1052	4368	996	14142	7368	25618	6142	40134	714	5178	0	1168	258	1344	1674	1126	14046	3098	1042	304	
44764	Cerebelum_3_L	0	0	0	0	0	0	0	0	0	0	0	0	0	0	0	0	0	0	0	0	0	0	0	0	0	0	0	0	0	0	0	0	0	0	0	0	0	0	212	0	0	0	0	0	0	0	318	0	0	0	0	0	0	0	0	0	0	0	0	0	0	0	0	0	0	0	0	0	0	0	0	0	0	0	0	0	0	0	0	0	0	0	0	0	0	0	0	0	0	0	824	192	274	468	0	152	5592	0	1186	126	234	0	2018	1160	2314	448	164	0	716	2046	736	210	1228	1030	508	226	
70348	Cerebelum_3_R	0	0	0	0	0	0	0	0	0	0	0	0	0	0	0	0	0	0	0	0	0	0	0	0	0	0	0	0	0	0	0	0	0	0	0	0	0	124	0	940	0	0	0	0	0	0	402	218	0	0	0	0	0	0	116	258	0	0	0	0	0	0	0	0	0	0	0	0	0	0	0	0	0	0	0	0	0	0	0	0	0	0	0	0	0	0	0	0	0	0	1472	2534	416	1222	152	0	1718	5992	1140	4254	260	0	1422	1574	0	1074	0	0	606	3226	2850	470	1182	808	744	0	
298648	Cerebelum_4_5_L	0	0	0	0	0	0	0	0	0	0	0	0	0	0	0	0	0	0	0	0	0	0	0	0	0	0	0	0	0	0	0	0	0	0	0	0	564	0	950	0	0	0	0	0	0	0	10538	2068	0	0	0	0	334	0	12628	1482	0	0	0	0	0	0	0	0	0	0	0	0	0	0	0	0	0	0	0	0	0	0	0	0	0	0	0	0	0	0	0	0	500	0	23460	2388	3102	1052	5592	1718	0	5052	35172	3808	1750	202	7494	2456	2676	684	242	0	142	2496	12608	2934	2428	1044	832	928	
255636	Cerebelum_4_5_R	0	0	0	0	0	0	0	0	0	0	0	0	0	0	0	0	0	0	0	0	0	0	0	0	0	0	0	0	0	0	0	0	0	0	0	0	0	536	0	1062	0	0	0	0	0	0	1680	8660	0	0	0	0	0	214	460	11214	0	0	0	0	0	0	0	0	0	0	0	0	0	0	0	0	0	0	0	0	0	0	0	0	0	0	0	0	0	0	0	0	0	144	3222	18522	536	4368	0	5992	5052	0	4028	29164	380	618	1648	5026	0	600	0	0	0	2572	16676	2764	1396	376	366	542	
403752	Cerebelum_6_L	0	0	0	0	0	0	0	0	0	0	0	0	0	0	0	0	0	0	0	0	0	0	0	0	0	0	0	0	0	0	0	0	0	0	0	0	1174	0	788	0	0	0	0	0	0	0	13280	3422	0	0	0	0	546	0	24902	2172	0	0	0	0	0	0	0	0	0	0	0	0	0	0	0	0	0	0	0	0	0	0	0	0	0	0	0	0	0	0	0	0	2510	0	49904	5042	9530	996	1186	1140	35172	4028	0	7346	1834	146	5662	1274	1124	1050	160	0	116	838	8544	11270	3556	796	914	1454	
408896	Cerebelum_6_R	0	0	0	0	0	0	0	0	0	0	0	0	0	0	0	0	0	0	0	0	0	0	0	0	0	0	0	0	0	0	0	0	0	0	0	0	0	586	0	464	0	0	0	0	0	0	1568	9394	0	0	0	0	0	698	368	19348	0	0	0	0	0	0	0	0	0	0	0	0	0	0	0	0	0	0	0	0	0	0	0	0	0	0	0	0	0	0	0	0	0	752	6300	52338	1326	14142	126	4254	3808	29164	7346	0	330	1288	1422	11338	278	704	0	0	340	2166	13238	13374	4974	930	1064	1020	
276040	Cerebelum_7b_L	0	0	0	0	0	0	0	0	0	0	0	0	0	0	0	0	0	0	0	0	0	0	0	0	0	0	0	0	0	0	0	0	0	0	0	0	122	0	186	0	0	0	0	0	0	0	0	0	0	0	0	0	0	0	652	0	0	0	0	0	0	0	0	0	0	0	0	0	0	0	0	0	0	0	0	0	0	0	0	0	0	0	0	0	0	0	0	0	182	0	10644	1050	35884	7368	234	260	1750	380	1834	330	0	4680	39926	5776	10854	402	2134	0	0	198	624	130	7732	4022	506	160	
194480	Cerebelum_7b_R	0	0	0	0	0	0	0	0	0	0	0	0	0	0	0	0	0	0	0	0	0	0	0	0	0	0	0	0	0	0	0	0	0	0	0	0	0	0	0	0	0	0	0	0	0	0	0	0	0	0	0	0	0	0	0	126	0	0	0	0	0	0	0	0	0	0	0	0	0	0	0	0	0	0	0	0	0	0	0	0	0	0	0	0	0	0	0	0	0	0	1096	7276	4026	25618	0	0	202	618	146	1288	4680	0	2634	33074	218	6508	0	588	0	224	318	244	4696	3092	362	206	
375840	Cerebelum_8_L	0	0	0	0	0	0	0	0	0	0	0	0	0	0	0	0	0	0	0	0	0	0	0	0	0	0	0	0	0	0	0	0	0	0	0	0	196	0	0	0	0	0	0	0	0	0	320	0	0	0	0	0	0	0	930	164	0	0	0	0	0	0	0	0	0	0	0	0	0	0	0	0	0	0	0	0	0	0	0	0	0	0	0	0	0	0	0	0	296	0	17868	1722	30258	6142	2018	1422	7494	1648	5662	1422	39926	2634	0	10520	22756	1578	4556	168	422	1876	4416	1256	9422	7870	2250	708	
410328	Cerebelum_8_R	0	0	0	0	0	0	0	0	0	0	0	0	0	0	0	0	0	0	0	0	0	0	0	0	0	0	0	0	0	0	0	0	0	0	0	0	0	0	0	0	0	0	0	0	0	0	302	124	0	0	0	0	0	0	0	2344	0	0	0	0	0	0	0	0	0	0	0	0	0	0	0	0	0	0	0	0	0	0	0	0	0	0	0	0	0	0	0	0	0	300	6132	21364	3258	40134	1160	1574	2456	5026	1274	11338	5776	33074	10520	0	2046	20892	0	2800	752	2222	4194	1692	11946	8866	2654	944	
134900	Cerebelum_9_L	0	0	0	0	0	0	0	0	0	0	0	0	0	0	0	0	0	0	0	0	0	0	0	0	0	0	0	0	0	0	0	0	0	0	0	0	0	0	0	0	0	0	0	0	0	0	0	0	0	0	0	0	0	0	0	0	0	0	0	0	0	0	0	0	0	0	0	0	0	0	0	0	0	0	0	0	0	0	0	0	0	0	0	0	0	0	0	0	0	0	910	320	5798	714	2314	0	2676	0	1124	278	10854	218	22756	2046	0	1366	5630	0	400	440	506	716	2544	2634	2202	1004	
131796	Cerebelum_9_R	0	0	0	0	0	0	0	0	0	0	0	0	0	0	0	0	0	0	0	0	0	0	0	0	0	0	0	0	0	0	0	0	0	0	0	0	0	0	0	0	0	0	0	0	0	0	0	0	0	0	0	0	0	0	0	0	0	0	0	0	0	0	0	0	0	0	0	0	0	0	0	0	0	0	0	0	0	0	0	0	0	0	0	0	0	0	0	0	0	0	1270	2196	434	5178	448	1074	684	600	1050	704	402	6508	1578	20892	1366	0	0	2920	780	952	880	2170	2810	3604	4922	2476	
28328	Cerebelum_10_L	0	0	0	0	0	0	0	0	0	0	0	0	0	0	0	0	0	0	0	0	0	0	0	0	0	0	0	0	0	0	0	0	0	0	0	0	0	0	0	0	0	0	0	0	0	0	0	0	0	0	0	0	0	0	0	0	0	0	0	0	0	0	0	0	0	0	0	0	0	0	0	0	0	0	0	0	0	0	0	0	0	0	0	0	0	0	0	0	0	0	116	0	1162	0	164	0	242	0	160	0	2134	0	4556	0	5630	0	0	0	0	0	0	0	0	0	0	0	
17036	Cerebelum_10_R	0	0	0	0	0	0	0	0	0	0	0	0	0	0	0	0	0	0	0	0	0	0	0	0	0	0	0	0	0	0	0	0	0	0	0	0	0	0	0	0	0	0	0	0	0	0	0	0	0	0	0	0	0	0	0	0	0	0	0	0	0	0	0	0	0	0	0	0	0	0	0	0	0	0	0	0	0	0	0	0	0	0	0	0	0	0	0	0	0	0	134	554	0	1168	0	0	0	0	0	0	0	588	168	2800	0	2920	0	0	0	0	0	0	186	0	0	0	
25132	Vermis_1_2	0	0	0	0	0	0	0	0	0	0	0	0	0	0	0	0	0	0	0	0	0	0	0	0	0	0	0	0	0	0	0	0	0	0	0	0	0	0	0	214	0	0	0	0	0	0	0	0	0	0	0	0	0	0	0	0	0	0	0	0	0	0	0	0	0	0	0	0	0	0	0	0	0	0	0	0	0	0	0	0	0	0	0	0	0	0	0	0	0	0	168	150	0	258	716	606	142	0	116	340	0	0	422	752	400	780	0	0	0	3556	0	226	956	1102	1112	550	
73340	Vermis_3	0	0	0	0	0	0	0	0	0	0	0	0	0	0	0	0	0	0	0	0	0	0	0	0	0	0	0	0	0	0	0	0	0	0	0	0	0	0	0	324	0	0	0	0	0	0	0	134	0	0	0	0	0	0	0	0	0	0	0	0	0	0	0	0	0	0	0	0	0	0	0	0	0	0	0	0	0	0	0	0	0	0	0	0	0	0	0	0	0	0	1768	1162	366	1344	2046	3226	2496	2572	838	2166	198	224	1876	2222	440	952	0	0	3556	0	2070	880	2260	1468	1358	724	
238348	Vermis_4_5	0	0	0	0	0	0	0	0	0	0	0	0	0	0	0	0	0	0	0	0	0	0	0	0	0	0	0	0	0	0	0	0	0	0	0	360	0	0	0	0	0	0	0	352	0	192	3236	7030	0	0	0	144	0	212	1186	5998	0	210	0	0	0	0	0	0	0	0	0	2186	0	214	0	0	0	0	0	0	0	0	0	0	0	0	0	0	0	234	0	0	0	236	6576	8050	1432	1674	736	2850	12608	16676	8544	13238	624	318	4416	4194	506	880	0	0	0	2070	0	5530	2750	1362	914	1436	
179964	Vermis_6	0	0	0	0	0	0	0	0	0	0	0	0	0	0	0	0	0	0	0	0	0	0	0	0	0	0	0	0	0	0	0	0	0	0	0	0	0	0	0	0	0	0	0	0	0	0	2862	5610	0	0	0	0	120	382	914	2354	0	0	0	0	0	0	0	0	0	0	0	0	0	0	0	0	0	0	0	0	0	0	0	0	0	0	0	0	0	0	0	0	0	0	8484	9850	1892	1126	210	470	2934	2764	11270	13374	130	244	1256	1692	716	2170	0	0	226	880	5530	0	5448	1718	2076	3280	
245492	Vermis_7	0	0	0	0	0	0	0	0	0	0	0	0	0	0	0	0	0	0	0	0	0	0	0	0	0	0	0	0	0	0	0	0	0	0	0	0	0	0	0	0	0	0	0	0	0	0	1198	864	0	0	0	0	0	0	378	384	0	0	0	0	0	0	0	0	0	0	0	0	0	0	0	0	0	0	0	0	0	0	0	0	0	0	0	0	0	0	0	0	0	0	11524	7656	9352	14046	1228	1182	2428	1396	3556	4974	7732	4696	9422	11946	2544	2810	0	186	956	2260	2750	5448	0	6746	3336	1748	
