data	data	426692	390788	902812	731316	112252	174432	305052	239516	77964	44420	205468	238628	235600	132264	168176	128924	271504	160196	787340	787356	75872	100136	333460	448748	34936	231144	40568	65900	602648	439428	274720	498996	212780	518372	207364	243424	296304	495648	100136	350868	49688	57028	359700	373632	199952	295020	414940	472924	269000	464104	488256	225544	119388	178560	470260	661184	456076	193452	201284	211656	279000	142900	190484	147648	138516	293792	490932	519288	520952	228644	195860	533056	344712	568376	64068	63648	243044	291472	80364	45776	192636	181376	123048	38720	337088	342300	20956	24920	288164	272592	735960	818048	565880	549152	87724	93032	610148	448472	835200	833792	388108	195084	468752	517364	190084	182116	33444	21784	53124	155172	477524	388344	308432	208000	130568	40568	
data	data	Precentral_L	Precentral_R	Frontal_Sup_L	Frontal_Sup_R	Frontal_Sup_Orb_L	Frontal_Sup_Orb_R	Frontal_Mid_L	Frontal_Mid_R	Frontal_Mid_Orb_L	Frontal_Mid_Orb_R	Frontal_Inf_Oper_L	Frontal_Inf_Oper_R	Frontal_Inf_Tri_L	Frontal_Inf_Tri_R	Frontal_Inf_Orb_L	Frontal_Inf_Orb_R	Rolandic_Oper_L	Rolandic_Oper_R	Supp_Motor_Area_L	Supp_Motor_Area_R	Olfactory_L	Olfactory_R	Frontal_Sup_Medial_L	Frontal_Sup_Medial_R	Frontal_Med_Orb_L	Frontal_Med_Orb_R	Rectus_L	Rectus_R	Insula_L	Insula_R	Cingulum_Ant_L	Cingulum_Ant_R	Cingulum_Mid_L	Cingulum_Mid_R	Cingulum_Post_L	Cingulum_Post_R	Hippocampus_L	Hippocampus_R	ParaHippocampal_L	ParaHippocampal_R	Amygdala_L	Amygdala_R	Calcarine_L	Calcarine_R	Cuneus_L	Cuneus_R	Lingual_L	Lingual_R	Occipital_Sup_L	Occipital_Sup_R	Occipital_Mid_L	Occipital_Mid_R	Occipital_Inf_L	Occipital_Inf_R	Fusiform_L	Fusiform_R	Postcentral_L	Postcentral_R	Parietal_Sup_L	Parietal_Sup_R	Parietal_Inf_L	Parietal_Inf_R	SupraMarginal_L	SupraMarginal_R	Angular_L	Angular_R	Precuneus_L	Precuneus_R	Paracentral_Lobule_L	Paracentral_Lobule_R	Caudate_L	Caudate_R	Putamen_L	Putamen_R	Pallidum_L	Pallidum_R	Thalamus_L	Thalamus_R	Heschl_L	Heschl_R	Temporal_Sup_L	Temporal_Sup_R	Temporal_Pole_Sup_L	Temporal_Pole_Sup_R	Temporal_Mid_L	Temporal_Mid_R	Temporal_Pole_Mid_L	Temporal_Pole_Mid_R	Temporal_Inf_L	Temporal_Inf_R	Cerebelum_Crus1_L	Cerebelum_Crus1_R	Cerebelum_Crus2_L	Cerebelum_Crus2_R	Cerebelum_3_L	Cerebelum_3_R	Cerebelum_4_5_L	Cerebelum_4_5_R	Cerebelum_6_L	Cerebelum_6_R	Cerebelum_7b_L	Cerebelum_7b_R	Cerebelum_8_L	Cerebelum_8_R	Cerebelum_9_L	Cerebelum_9_R	Cerebelum_10_L	Cerebelum_10_R	Vermis_1_2	Vermis_3	Vermis_4_5	Vermis_6	Vermis_7	Vermis_8	Vermis_9	Vermis_10	
426692	Precentral_L	0	3010	24210	464	0	0	10424	0	0	0	6510	0	1210	0	112	0	8774	0	8928	5688	0	0	88	138	0	0	0	0	12538	212	0	110	144	1114	2098	2590	12340	1558	656	246	150	0	340	0	0	0	374	248	0	0	294	0	0	0	982	200	30838	0	130	0	682	0	282	0	0	0	568	306	19424	1428	2564	366	10696	102	5758	0	21652	3492	3552	0	2146	0	1066	0	958	0	0	0	1130	0	106	0	0	0	0	0	232	0	118	0	0	0	0	0	0	0	0	0	0	0	0	0	0	0	0	0	
390788	Precentral_R	3010	0	2566	9090	0	0	0	7072	0	0	0	12128	0	680	0	86	982	3984	1200	11096	0	0	0	212	0	136	0	0	1258	4262	0	270	0	142	1788	3860	2042	15340	0	5504	0	252	0	0	0	0	0	2580	0	196	0	0	0	0	198	5266	1840	10660	0	360	98	1348	0	2878	0	246	590	1838	3852	14644	204	6694	594	9248	288	2642	4846	31222	600	430	334	864	0	0	152	732	0	0	294	1174	0	200	0	0	0	0	0	588	0	376	0	0	0	0	0	0	0	0	0	120	238	0	0	0	0	0	
902812	Frontal_Sup_L	24210	2566	0	7360	6792	392	44110	864	2058	0	16968	126	19420	0	8050	130	11638	0	76350	13120	512	0	37956	6290	1094	728	0	0	44744	242	17756	6692	9890	5662	344	0	2088	206	112	0	130	0	112	0	0	0	0	142	0	0	116	0	0	0	114	0	10692	164	0	0	458	0	234	0	0	0	592	0	8308	432	10140	5356	24352	2904	3708	0	626	936	2484	0	3950	0	6032	0	350	0	0	0	604	0	0	0	0	0	0	0	0	0	0	0	0	0	0	0	0	0	0	0	0	0	0	0	0	0	0	0	
731316	Frontal_Sup_R	464	9090	7360	0	0	8170	1086	28880	0	3106	274	13946	556	6300	0	5568	0	4688	11912	51106	0	180	9922	39576	0	12878	0	0	574	17888	4394	35988	3042	20504	0	86	0	1666	0	928	0	130	0	0	0	0	0	0	0	0	0	0	0	0	0	712	196	1816	0	184	0	224	0	98	0	0	0	0	834	900	1168	27140	370	27184	146	2434	178	1812	0	0	0	0	0	0	0	0	0	0	0	0	0	0	0	0	0	0	0	0	0	0	0	0	0	0	0	0	0	0	0	0	0	0	0	0	0	0	
112252	Frontal_Sup_Orb_L	0	0	6792	0	0	0	1144	0	7178	0	122	0	872	0	10538	0	0	0	574	0	2304	0	4938	0	2782	0	2692	0	4548	0	3152	0	0	0	0	0	0	0	0	0	342	0	0	0	0	0	0	0	0	0	0	0	0	0	0	0	0	0	0	0	0	0	0	0	0	0	0	0	0	0	92	0	7682	0	0	0	0	0	0	0	0	0	374	0	0	0	0	0	0	0	0	0	0	0	0	0	0	0	0	0	0	0	0	0	0	0	0	0	0	0	0	0	0	0	0	0	
174432	Frontal_Sup_Orb_R	0	0	392	8170	0	0	0	602	0	1518	0	952	0	730	0	1678	0	0	1870	3010	1368	2804	160	7452	108	12438	836	7190	0	1588	320	7914	0	340	0	0	0	118	0	88	0	144	0	0	0	0	0	0	0	0	0	0	0	0	0	0	0	0	0	0	0	0	0	0	0	0	0	0	100	0	1462	11806	498	10858	0	322	0	380	0	0	0	0	0	0	0	0	0	0	0	0	0	0	0	0	0	0	0	0	0	0	0	0	0	0	0	0	0	0	0	0	0	0	0	0	0	0	
305052	Frontal_Mid_L	10424	0	44110	1086	1144	0	0	0	3046	0	9866	0	22406	0	7900	0	1258	0	11180	1430	556	0	6638	672	0	0	0	0	17154	0	1002	634	2366	702	0	0	522	0	0	0	160	0	0	0	0	0	0	0	0	0	0	0	0	0	0	0	838	0	0	0	0	0	0	0	0	0	0	0	230	0	556	416	3434	236	1050	0	116	0	264	0	492	0	638	0	0	0	0	0	0	0	0	0	0	0	0	0	0	0	0	0	0	0	0	0	0	0	0	0	0	0	0	0	0	0	0	0	
239516	Frontal_Mid_R	0	7072	864	28880	0	602	0	0	0	2238	0	17558	0	12968	0	4194	0	1356	2016	6560	0	0	466	1926	0	180	0	0	0	9390	390	1572	300	2514	94	224	102	1550	0	566	0	0	0	0	0	0	0	0	0	0	0	0	0	0	0	464	0	646	0	0	0	166	0	224	0	0	0	202	0	0	270	5368	0	6950	0	968	198	720	0	0	0	0	0	0	0	0	0	0	0	0	0	0	0	0	0	0	0	0	0	0	0	0	0	0	0	0	0	0	0	0	0	0	0	0	0	0	
77964	Frontal_Mid_Orb_L	0	0	2058	0	7178	0	3046	0	0	0	0	0	3678	0	11580	0	0	0	772	0	896	0	300	0	0	0	1278	0	4124	0	288	0	0	0	0	0	0	0	0	0	142	0	0	0	0	0	0	0	0	0	0	0	0	0	0	0	0	0	0	0	0	0	0	0	0	0	0	0	0	0	100	0	3302	0	0	0	0	0	0	0	0	0	240	0	0	0	0	0	0	0	0	0	0	0	0	0	0	0	0	0	0	0	0	0	0	0	0	0	0	0	0	0	0	0	0	0	
44420	Frontal_Mid_Orb_R	0	0	0	3106	0	1518	0	2238	0	0	0	460	0	458	0	6014	0	0	760	2694	0	0	0	644	0	0	0	0	0	546	0	290	0	532	0	0	0	0	0	0	0	0	0	0	0	0	0	0	0	0	0	0	0	0	0	0	0	0	0	0	0	0	0	0	0	0	0	0	0	0	0	2152	0	586	0	0	0	212	0	0	0	0	0	0	0	0	0	0	0	0	0	0	0	0	0	0	0	0	0	0	0	0	0	0	0	0	0	0	0	0	0	0	0	0	0	0	
205468	Frontal_Inf_Oper_L	6510	0	16968	274	122	0	9866	0	0	0	0	0	13244	0	286	0	8912	0	11434	436	0	0	980	412	0	0	0	0	15554	0	640	330	0	240	0	0	342	0	0	0	0	0	0	0	0	0	0	0	0	0	0	0	0	0	0	0	2908	0	0	0	0	0	0	0	0	0	0	0	338	0	422	0	1818	0	0	0	0	0	632	0	4270	0	5796	0	0	0	0	0	0	0	0	0	0	0	0	0	0	0	0	0	0	0	0	0	0	0	0	0	0	0	0	0	0	0	0	0	
238628	Frontal_Inf_Oper_R	0	12128	126	13946	0	952	0	17558	0	460	0	0	0	10732	0	950	0	4372	488	6940	0	0	116	1888	0	1420	0	0	0	20624	724	3750	0	1282	112	270	132	1556	0	456	0	0	0	0	0	0	0	0	0	0	0	0	0	0	0	406	0	2008	0	0	0	294	0	302	0	0	166	384	0	122	272	4430	0	7922	0	918	220	756	0	0	0	132	0	0	0	0	0	0	0	0	0	0	0	0	0	0	0	0	0	0	0	0	0	0	0	0	0	0	0	0	0	0	0	0	0	0	
235600	Frontal_Inf_Tri_L	1210	0	19420	556	872	0	22406	0	3678	0	13244	0	0	0	12416	0	806	0	8220	680	396	0	2346	574	0	0	0	0	22766	0	1382	514	266	422	0	0	102	0	0	0	118	0	0	0	0	0	0	0	0	0	0	0	0	0	0	0	192	0	0	0	0	0	0	0	0	0	0	0	210	0	528	310	2876	132	0	0	0	0	0	0	238	0	920	0	0	0	0	0	0	0	0	0	0	0	0	0	0	0	0	0	0	0	0	0	0	0	0	0	0	0	0	0	0	0	0	0	
132264	Frontal_Inf_Tri_R	0	680	0	6300	0	730	0	12968	0	458	0	10732	0	0	0	4588	0	668	1818	3482	0	0	0	2518	0	858	0	0	0	12806	0	1178	0	4012	0	0	0	0	0	0	0	0	0	0	0	0	0	0	0	0	0	0	0	0	0	0	0	0	0	0	0	0	0	0	0	0	0	0	0	0	0	1100	0	1236	0	0	0	0	0	0	0	0	0	0	0	0	0	0	0	0	0	0	0	0	0	0	0	0	0	0	0	0	0	0	0	0	0	0	0	0	0	0	0	0	0	0	
168176	Frontal_Inf_Orb_L	112	0	8050	0	10538	0	7900	0	11580	0	286	0	12416	0	0	0	0	0	2972	90	1976	0	912	0	0	0	1160	0	15412	0	510	0	0	0	0	0	0	0	0	0	298	0	0	0	0	0	0	0	0	0	0	0	0	0	0	0	0	0	0	0	0	0	0	0	0	0	0	0	172	0	362	90	7744	0	0	0	0	0	0	0	0	0	1508	0	0	0	0	0	0	0	0	0	0	0	0	0	0	0	0	0	0	0	0	0	0	0	0	0	0	0	0	0	0	0	0	0	
128924	Frontal_Inf_Orb_R	0	86	130	5568	0	1678	0	4194	0	6014	0	950	0	4588	0	0	0	0	1786	5524	334	2328	0	2270	0	432	0	1444	0	10150	432	1224	0	2014	0	0	0	414	0	0	0	892	0	0	0	0	0	0	0	0	0	0	0	0	0	0	0	0	0	0	0	0	0	0	0	0	0	0	0	0	370	5350	86	5856	0	126	0	222	0	0	0	0	0	0	0	0	0	0	0	0	0	0	0	0	0	0	0	0	0	0	0	0	0	0	0	0	0	0	0	0	0	0	0	0	0	0	
271504	Rolandic_Oper_L	8774	982	11638	0	0	0	1258	0	0	0	8912	0	806	0	0	0	0	0	5858	1856	0	0	0	0	0	0	0	0	17884	0	0	0	0	0	140	0	306	0	0	0	0	0	258	0	0	0	0	0	0	0	556	0	162	0	90	0	16308	0	96	0	3960	0	10030	0	428	0	4402	0	8096	124	556	0	1064	0	476	0	320	502	5450	0	10518	0	5872	0	5504	0	0	0	2566	0	0	0	0	0	0	0	0	0	0	0	0	0	0	0	0	0	0	0	0	0	0	0	0	0	0	0	
160196	Rolandic_Oper_R	0	3984	0	4688	0	0	0	1356	0	0	0	4372	0	668	0	0	0	0	0	3998	0	0	0	164	0	116	0	0	0	15178	108	414	0	0	132	286	86	2562	0	728	0	260	0	236	0	480	0	0	0	880	0	0	0	106	0	1116	0	6026	0	668	0	470	0	3908	0	406	1012	2424	0	566	0	3380	0	4992	0	436	112	1300	0	1928	0	7534	0	1210	0	1188	0	0	0	392	0	0	0	0	0	0	0	0	0	228	0	0	0	0	0	0	0	0	0	0	0	0	0	0	0	0	
787340	Supp_Motor_Area_L	8928	1200	76350	11912	574	1870	11180	2016	772	760	11434	488	8220	1818	2972	1786	5858	0	0	45056	0	0	11300	9618	0	2444	0	0	25258	1868	8758	8118	15020	29084	1384	540	624	264	0	0	0	0	126	0	234	0	0	0	0	0	0	0	0	0	0	114	2978	624	0	242	86	198	0	0	0	0	1408	318	28424	936	9204	11270	12766	6846	492	144	268	328	688	0	2810	0	5344	0	88	0	0	0	260	0	0	0	0	0	0	0	0	0	0	0	0	0	0	0	0	0	0	0	0	0	0	0	0	0	0	0	
787356	Supp_Motor_Area_R	5688	11096	13120	51106	0	3010	1430	6560	0	2694	436	6940	680	3482	90	5524	1856	3998	45056	0	86	376	1260	13912	0	4710	0	158	2128	13024	1776	11374	6740	44870	1348	3298	328	1604	0	682	0	178	96	0	258	158	0	166	0	232	124	0	0	0	0	1326	2258	3420	0	580	102	616	0	654	0	190	648	1990	24016	19284	1130	27332	2920	18540	2020	564	1764	8010	394	0	266	212	96	0	220	1200	0	0	196	1924	0	0	0	0	0	0	0	0	0	154	0	0	0	0	0	0	0	0	0	0	0	0	0	0	0	0	
75872	Olfactory_L	0	0	512	0	2304	1368	556	0	896	0	0	0	396	0	1976	334	0	0	0	86	0	4718	0	0	578	568	2548	1892	3094	620	2652	1232	0	0	0	0	224	0	362	0	866	0	0	0	0	0	0	0	0	0	0	0	0	0	0	0	0	0	0	0	0	0	0	0	0	0	0	0	0	0	4538	2376	1960	1182	0	0	0	0	0	0	0	0	98	0	0	0	0	0	0	0	0	0	0	0	0	0	0	0	0	0	0	0	0	0	0	0	0	0	0	0	0	0	0	0	0	0	
100136	Olfactory_R	0	0	0	180	0	2804	0	0	0	0	0	0	0	0	0	2328	0	0	0	376	4718	0	0	356	230	2354	1766	5048	0	4124	3236	3134	0	0	0	0	0	668	0	336	0	466	0	0	0	0	0	0	0	0	0	0	0	0	0	102	0	0	0	0	0	0	0	0	0	0	0	0	0	0	5706	5986	2412	3496	242	0	0	0	0	0	0	0	0	0	0	0	0	0	0	0	0	0	0	0	0	0	0	0	0	0	0	0	0	0	0	0	0	0	0	0	0	0	0	0	0	0	
333460	Frontal_Sup_Medial_L	88	0	37956	9922	4938	160	6638	466	300	0	980	116	2346	0	912	0	0	0	11300	1260	0	0	0	18000	3172	622	236	0	3566	146	20408	14086	8842	10930	158	0	0	0	0	0	0	0	0	0	0	0	0	0	0	0	0	0	0	0	0	0	0	0	0	0	0	0	0	0	0	0	0	0	488	0	1518	1020	5418	608	0	0	130	0	0	0	0	0	0	0	0	0	0	0	0	0	0	0	0	0	0	0	0	0	0	0	0	0	0	0	0	0	0	0	0	0	0	0	0	0	0	0	
448748	Frontal_Sup_Medial_R	138	212	6290	39576	0	7452	672	1926	0	644	412	1888	574	2518	0	2270	0	164	9618	13912	0	356	18000	0	122	14382	0	190	360	3528	5594	35880	2374	16352	0	0	0	272	0	172	0	0	0	0	0	0	0	0	0	0	0	0	0	0	0	128	0	0	0	0	0	0	0	0	0	0	0	0	394	0	428	20374	238	15426	0	950	88	500	0	0	0	0	0	0	0	0	0	0	0	0	0	0	0	0	0	0	0	0	0	0	0	0	0	0	0	0	0	0	0	0	0	0	0	0	0	0	
34936	Frontal_Med_Orb_L	0	0	1094	0	2782	108	0	0	0	0	0	0	0	0	0	0	0	0	0	0	578	230	3172	122	0	552	1432	0	0	0	4296	678	0	0	0	0	0	0	0	0	0	0	0	0	0	0	0	0	0	0	0	0	0	0	0	0	0	0	0	0	0	0	0	0	0	0	0	0	0	0	656	178	1590	0	0	0	0	0	0	0	0	0	0	0	0	0	0	0	0	0	0	0	0	0	0	0	0	0	0	0	0	0	0	0	0	0	0	0	0	0	0	0	0	0	0	0	
231144	Frontal_Med_Orb_R	0	136	728	12878	0	12438	0	180	0	0	0	1420	0	858	0	432	0	116	2444	4710	568	2354	622	14382	552	0	358	5094	0	1394	1054	16946	0	676	0	0	0	158	0	106	0	0	0	0	0	0	0	0	0	0	0	0	0	0	0	0	0	0	0	0	0	0	0	0	0	0	0	0	218	0	722	17392	220	15244	0	724	0	448	0	0	0	0	0	0	0	0	0	0	0	0	0	0	0	0	0	0	0	0	0	0	0	0	0	0	0	0	0	0	0	0	0	0	0	0	0	0	
40568	Rectus_L	0	0	0	0	2692	836	0	0	1278	0	0	0	0	0	1160	0	0	0	0	0	2548	1766	236	0	1432	358	0	1150	190	152	1540	526	0	0	0	0	0	0	0	0	0	0	0	0	0	0	0	0	0	0	0	0	0	0	0	0	0	0	0	0	0	0	0	0	0	0	0	0	0	0	2064	424	1728	204	0	0	0	0	0	0	0	0	0	0	0	0	0	0	0	0	0	0	0	0	0	0	0	0	0	0	0	0	0	0	0	0	0	0	0	0	0	0	0	0	0	0	
65900	Rectus_R	0	0	0	0	0	7190	0	0	0	0	0	0	0	0	0	1444	0	0	0	158	1892	5048	0	190	0	5094	1150	0	0	1454	474	1732	0	0	0	0	0	0	0	0	0	0	0	0	0	0	0	0	0	0	0	0	0	0	0	0	0	0	0	0	0	0	0	0	0	0	0	0	0	0	1802	2804	648	1870	0	0	0	0	0	0	0	0	0	0	0	0	0	0	0	0	0	0	0	0	0	0	0	0	0	0	0	0	0	0	0	0	0	0	0	0	0	0	0	0	0	0	
602648	Insula_L	12538	1258	44744	574	4548	0	17154	0	4124	0	15554	0	22766	0	15412	0	17884	0	25258	2128	3094	0	3566	360	0	0	190	0	0	0	2758	776	584	510	408	0	11072	112	666	0	3144	0	550	0	0	0	226	0	86	0	810	0	170	0	1952	0	9260	0	0	0	1668	0	2888	0	90	0	2456	0	8158	216	3044	788	20916	294	430	0	2060	544	7854	0	7774	0	9962	0	3304	0	216	0	4250	0	0	0	0	0	0	0	176	0	0	0	0	0	0	0	0	0	0	0	0	0	0	0	0	0	0	0	
439428	Insula_R	212	4262	242	17888	0	1588	0	9390	0	546	0	20624	0	12806	0	10150	0	15178	1868	13024	620	4124	146	3528	0	1394	152	1454	0	0	1302	3690	0	4038	692	1830	748	12374	0	3656	0	2206	0	0	0	140	0	358	0	660	0	0	0	0	0	5060	0	1812	0	324	0	126	0	742	0	226	414	1860	126	1142	820	6828	226	23848	0	752	1182	2918	104	5230	98	8438	0	652	0	2512	0	0	0	2024	0	204	0	0	0	0	0	164	0	712	0	0	0	0	0	0	0	0	0	0	280	0	0	0	0	0	
274720	Cingulum_Ant_L	0	0	17756	4394	3152	320	1002	390	288	0	640	724	1382	0	510	432	0	108	8758	1776	2652	3236	20408	5594	4296	1054	1540	474	2758	1302	0	15176	8160	7222	0	0	0	140	0	0	0	0	0	0	0	0	0	0	0	0	0	0	0	0	0	0	0	0	0	0	0	0	0	0	0	0	0	0	950	0	5504	4054	8308	2684	0	100	116	0	0	0	0	0	0	0	0	0	0	0	0	0	0	0	0	0	0	0	0	0	0	0	0	0	0	0	0	0	0	0	0	0	0	0	0	0	0	0	
498996	Cingulum_Ant_R	110	270	6692	35988	0	7914	634	1572	0	290	330	3750	514	1178	0	1224	0	414	8118	11374	1232	3134	14086	35880	678	16946	526	1732	776	3690	15176	0	5070	22432	0	0	0	686	0	382	0	0	0	0	0	0	0	0	0	0	0	0	0	0	0	284	0	0	0	0	0	0	0	0	0	0	0	0	630	0	1752	22880	918	18292	0	1382	88	474	0	0	0	0	0	0	0	0	0	0	0	0	0	0	0	0	0	0	0	0	0	0	0	0	0	0	0	0	0	0	0	0	0	0	0	0	0	0	
212780	Cingulum_Mid_L	144	0	9890	3042	0	0	2366	300	0	0	0	0	266	0	0	0	0	0	15020	6740	0	0	8842	2374	0	0	0	0	584	0	8160	5070	0	17246	6272	1442	0	0	0	0	0	0	284	0	2324	0	0	0	0	0	0	0	0	0	0	0	248	0	150	0	0	0	0	0	0	0	6320	2084	6008	614	104	162	154	94	0	0	0	0	0	0	0	0	0	0	86	0	0	0	0	0	0	0	0	0	0	0	0	0	0	0	0	0	0	0	0	0	0	0	0	0	0	0	0	0	0	0	
518372	Cingulum_Mid_R	1114	142	5662	20504	0	340	702	2514	0	532	240	1282	422	4012	0	2014	0	0	29084	44870	0	0	10930	16352	0	676	0	0	510	4038	7222	22432	17246	0	2332	7180	0	494	0	236	0	0	0	336	268	1298	0	742	0	1662	102	226	0	340	0	932	0	2702	0	672	0	346	0	224	0	1292	1814	8546	14744	9946	132	2272	464	2010	194	344	0	110	0	0	0	0	0	0	140	2230	0	0	0	1370	0	0	0	0	0	0	0	0	0	0	0	0	0	0	0	0	0	0	0	0	646	0	0	0	0	0	
207364	Cingulum_Post_L	2098	1788	344	0	0	0	0	94	0	0	0	112	0	0	0	0	140	132	1384	1348	0	0	158	0	0	0	0	0	408	692	0	0	6272	2332	0	9892	6890	3994	790	488	0	0	9014	0	2424	148	6640	290	176	0	1660	0	320	0	1730	816	1278	0	240	0	236	0	0	0	0	0	16292	2002	3862	634	0	0	0	0	0	0	4144	2992	592	220	718	202	0	0	2782	310	0	0	2644	346	0	0	0	0	0	0	966	100	0	114	0	0	0	0	0	0	0	0	0	0	434	0	0	0	0	0	
243424	Cingulum_Post_R	2590	3860	0	86	0	0	0	224	0	0	0	270	0	0	0	0	0	286	540	3298	0	0	0	0	0	0	0	0	0	1830	0	0	1442	7180	9892	0	4100	11214	0	3076	0	0	90	614	0	606	0	6456	0	1118	194	94	0	432	436	6014	1346	298	0	810	0	422	0	0	0	1430	1810	14692	3010	1718	0	0	0	196	0	0	8316	7492	328	490	430	506	0	0	468	1324	0	0	608	2860	0	110	0	0	0	0	0	514	0	736	0	0	0	0	0	0	0	0	0	0	5856	0	0	0	0	0	
296304	Hippocampus_L	12340	2042	2088	0	0	0	522	102	0	0	342	132	102	0	0	0	306	86	624	328	224	0	0	0	0	0	0	0	11072	748	0	0	0	0	6890	4100	0	3884	10556	518	7440	0	2520	0	0	0	4782	470	0	0	406	0	160	0	17190	424	2836	0	0	0	0	0	0	0	0	0	3518	1068	2438	0	442	104	6024	104	398	0	9720	3408	1584	256	2482	260	1806	0	3790	378	696	0	11572	220	984	0	484	0	0	0	1618	106	1174	0	168	0	116	0	0	0	0	0	0	0	0	0	0	0	0	0	
495648	Hippocampus_R	1558	15340	206	1666	0	118	0	1550	0	0	0	1556	0	0	0	414	0	2562	264	1604	0	668	0	272	0	158	0	0	112	12374	140	686	0	494	3994	11214	3884	0	0	40252	0	7400	0	2732	0	182	0	10924	0	186	110	0	0	240	408	38814	802	670	0	0	0	166	0	538	0	180	370	8898	1732	1274	0	298	0	15752	0	3204	6498	11292	318	1472	390	3732	0	1250	298	2926	0	682	504	6046	0	2708	0	1060	0	112	0	4404	0	5892	0	0	0	802	0	0	0	0	0	0	1472	0	0	0	0	0	
100136	ParaHippocampal_L	656	0	112	0	0	0	0	0	0	0	0	0	0	0	0	0	0	0	0	0	362	0	0	0	0	0	0	0	666	0	0	0	0	0	790	0	10556	0	0	0	2446	0	798	0	0	0	4570	122	0	0	0	0	0	0	9948	0	150	0	0	0	0	0	0	0	0	0	2252	0	96	0	0	0	562	0	0	0	776	0	0	0	0	0	494	0	164	0	328	0	658	0	2712	0	2064	0	396	90	4132	0	3052	0	392	0	440	0	0	0	0	0	100	184	0	0	0	0	0	0	
350868	ParaHippocampal_R	246	5504	0	928	0	88	0	566	0	0	0	456	0	0	0	0	0	728	0	682	0	336	0	172	0	106	0	0	0	3656	0	382	0	236	488	3076	518	40252	0	0	0	5736	0	3288	0	158	0	12288	0	0	0	0	0	262	0	36608	144	0	0	0	0	0	0	148	0	0	122	6112	352	630	0	180	0	9784	0	2216	1074	5290	0	114	0	1160	0	2552	0	932	0	2258	0	2542	0	3996	0	1504	0	254	0	8372	0	6066	0	0	0	1494	0	514	0	0	0	0	864	0	0	0	0	0	
49688	Amygdala_L	150	0	130	0	342	0	160	0	142	0	0	0	118	0	298	0	0	0	0	0	866	0	0	0	0	0	0	0	3144	0	0	0	0	0	0	0	7440	0	2446	0	0	0	0	0	0	0	0	0	0	0	0	0	0	0	3994	0	0	0	0	0	0	0	0	0	0	0	0	0	0	0	0	0	708	0	0	0	188	0	0	0	116	0	1630	0	110	0	620	0	2242	0	0	0	0	0	0	0	0	0	0	0	0	0	0	0	0	0	0	0	0	0	0	0	0	0	0	0	
57028	Amygdala_R	0	252	0	130	0	144	0	0	0	0	0	0	0	0	0	892	0	260	0	178	0	466	0	0	0	0	0	0	0	2206	0	0	0	0	0	0	0	7400	0	5736	0	0	0	0	0	0	0	0	0	0	0	0	0	0	0	3162	0	0	0	0	0	0	0	0	0	0	0	0	0	0	0	176	0	1752	0	0	0	164	0	0	0	0	0	2548	0	0	0	1560	0	1488	0	0	0	0	0	0	0	0	0	0	0	0	0	0	0	0	0	0	0	0	0	0	0	0	0	0	
359700	Calcarine_L	340	0	112	0	0	0	0	0	0	0	0	0	0	0	0	0	258	0	126	96	0	0	0	0	0	0	0	0	550	0	0	0	284	0	9014	90	2520	0	798	0	0	0	0	7890	17594	4186	20652	3816	17458	2030	22574	1484	4710	694	12288	172	4808	0	3626	0	1118	0	0	0	106	0	23766	1200	1802	0	0	0	0	0	0	0	0	0	380	0	190	0	0	0	3002	0	0	0	5736	0	318	452	0	0	0	0	1028	0	800	560	0	0	0	0	0	0	0	0	0	0	508	628	86	0	0	0	
373632	Calcarine_R	0	0	0	0	0	0	0	0	0	0	0	0	0	0	0	0	0	236	0	0	0	0	0	0	0	0	0	0	0	0	0	0	0	336	0	614	0	2732	0	3288	0	0	7890	0	2878	25356	2188	29520	402	21726	436	10674	0	15058	0	16652	0	128	0	3280	0	346	0	938	0	1326	2578	20932	0	204	0	0	0	0	0	0	0	0	0	0	0	856	0	0	0	3406	0	0	0	10888	0	1010	0	0	0	0	0	142	0	358	0	0	0	0	0	0	0	0	0	0	108	330	0	0	0	0	
199952	Cuneus_L	0	0	0	0	0	0	0	0	0	0	0	0	0	0	0	0	0	0	234	258	0	0	0	0	0	0	0	0	0	0	0	0	2324	268	2424	0	0	0	0	0	0	0	17594	2878	0	4662	1316	448	21074	1932	13560	222	466	320	1098	0	1996	0	5164	284	978	0	88	0	226	0	15320	1282	1702	0	0	0	0	0	0	0	0	0	0	0	94	0	0	0	1486	0	0	0	278	0	0	0	0	0	0	0	0	0	0	0	0	0	0	0	0	0	0	0	0	0	0	0	0	0	0	0	
295020	Cuneus_R	0	0	0	0	0	0	0	0	0	0	0	0	0	0	0	0	0	480	0	158	0	0	0	0	0	0	0	0	0	140	0	0	0	1298	148	606	0	182	0	158	0	0	4186	25356	4662	0	626	6614	98	39694	0	13334	0	4936	0	1170	0	720	0	7984	0	1154	0	1346	0	2584	4142	18340	0	324	0	0	0	0	0	0	0	0	0	0	0	1454	0	0	0	4432	0	0	0	1030	0	0	0	0	0	0	0	0	0	0	0	0	0	0	0	0	0	0	0	0	154	0	0	0	0	0	
414940	Lingual_L	374	0	0	0	0	0	0	0	0	0	0	0	0	0	0	0	0	0	0	0	0	0	0	0	0	0	0	0	226	0	0	0	0	0	6640	0	4782	0	4570	0	0	0	20652	2188	1316	626	0	6194	3454	480	11558	376	6018	546	19472	1604	482	0	370	0	224	0	0	0	0	0	9416	0	270	0	0	0	0	0	0	0	226	0	192	0	178	0	0	0	1090	0	0	0	1296	0	12494	10246	1878	1332	292	138	15078	5210	21126	12040	338	98	542	1170	344	0	0	0	0	0	9406	8096	2736	0	86	0	
472924	Lingual_R	248	2580	142	0	0	0	0	0	0	0	0	0	0	0	0	0	0	0	0	166	0	0	0	0	0	0	0	0	0	358	0	0	0	742	290	6456	470	10924	122	12288	0	0	3816	29520	448	6614	6194	0	0	6264	636	3192	752	9238	2018	29680	254	0	0	926	0	242	0	174	0	1068	1630	20578	178	318	0	0	0	182	0	0	894	2440	0	0	0	90	0	0	0	1210	0	0	0	5274	1988	10706	160	1274	0	464	4332	10112	7220	11970	0	0	0	738	0	0	0	0	0	154	10626	7016	876	0	118	92	
269000	Occipital_Sup_L	0	0	0	0	0	0	0	0	0	0	0	0	0	0	0	0	0	0	0	0	0	0	0	0	0	0	0	0	86	0	0	0	0	0	176	0	0	0	0	0	0	0	17458	402	21074	98	3454	0	0	0	42764	0	1024	0	664	0	2254	0	15252	0	8568	0	610	0	6752	0	7914	220	356	0	0	0	0	0	0	0	0	0	0	0	404	0	0	0	4076	0	0	0	720	0	0	0	0	0	0	0	0	0	88	0	0	0	0	0	0	0	0	0	0	0	0	86	0	0	0	0	
464104	Occipital_Sup_R	0	196	0	0	0	0	0	0	0	0	0	0	0	0	0	0	0	880	0	232	0	0	0	0	0	0	0	0	0	660	0	0	0	1662	0	1118	0	186	0	0	0	0	2030	21726	1932	39694	480	6264	0	0	0	28666	0	7230	0	1294	0	3276	0	22756	0	5252	0	2298	0	26022	4552	21432	162	2942	0	0	0	0	0	0	0	0	0	578	0	5062	0	0	0	18190	0	0	0	4602	0	112	0	0	0	0	0	0	0	0	0	0	0	0	0	0	0	0	0	0	430	136	0	0	0	0	
488256	Occipital_Mid_L	294	0	116	0	0	0	0	0	0	0	0	0	0	0	0	0	556	0	0	124	0	0	0	0	0	0	0	0	810	0	0	0	0	102	1660	194	406	110	0	0	0	0	22574	436	13560	0	11558	636	42764	0	0	0	18452	0	10620	116	5336	0	21894	0	20472	0	1760	0	20154	0	8826	208	2228	96	0	0	0	0	0	0	0	0	546	0	1944	0	0	0	20998	0	0	0	9546	0	164	1132	0	0	0	0	0	0	1318	1152	0	0	0	0	0	0	0	0	0	0	0	1266	0	0	0	0	
225544	Occipital_Mid_R	0	0	0	0	0	0	0	0	0	0	0	0	0	0	0	0	0	0	0	0	0	0	0	0	0	0	0	0	0	0	0	0	0	226	0	94	0	0	0	0	0	0	1484	10674	222	13334	376	3192	0	28666	0	0	0	11414	0	1152	0	770	0	5278	0	4432	0	130	0	13338	218	1938	0	760	0	0	0	0	0	0	0	0	0	0	0	0	0	0	0	13576	0	0	0	1498	0	0	0	0	0	0	0	0	0	0	0	0	0	0	0	0	0	0	0	0	0	0	0	0	0	0	
119388	Occipital_Inf_L	0	0	0	0	0	0	0	0	0	0	0	0	0	0	0	0	162	0	0	0	0	0	0	0	0	0	0	0	170	0	0	0	0	0	320	0	160	0	0	0	0	0	4710	0	466	0	6018	752	1024	0	18452	0	0	0	10190	0	1152	0	1158	0	794	0	0	0	196	0	1194	0	472	0	0	0	0	0	0	0	0	0	158	0	134	0	0	0	2024	0	0	0	3674	0	412	1366	0	0	0	0	0	0	1616	1370	0	0	0	0	0	0	0	0	0	0	0	1550	0	0	0	0	
178560	Occipital_Inf_R	0	0	0	0	0	0	0	0	0	0	0	0	0	0	0	0	0	106	0	0	0	0	0	0	0	0	0	0	0	0	0	0	0	340	0	432	0	240	0	262	0	0	694	15058	320	4936	546	9238	0	7230	0	11414	0	0	0	10712	0	282	0	1082	0	922	0	860	0	1534	300	3376	0	398	0	0	0	0	0	0	0	0	0	0	0	634	0	0	0	5634	0	0	0	9612	0	662	0	0	0	0	160	278	416	714	0	0	0	0	0	0	0	0	0	0	368	520	0	0	0	0	
470260	Fusiform_L	982	198	114	0	0	0	0	0	0	0	0	0	0	0	0	0	90	0	0	0	0	0	0	0	0	0	0	0	1952	0	0	0	0	0	1730	436	17190	408	9948	0	3994	0	12288	0	1098	0	19472	2018	664	0	10620	0	10190	0	0	294	1442	0	760	0	446	0	0	0	0	0	6842	308	700	0	0	0	690	0	0	0	1040	418	94	0	784	0	1516	0	3990	0	1580	0	17860	0	28060	3808	11056	498	394	0	13822	534	29948	3846	1670	0	2348	0	342	0	0	0	0	0	1476	4306	866	0	0	0	
661184	Fusiform_R	200	5266	0	712	0	0	0	464	0	0	0	406	0	0	0	0	0	1116	114	1326	0	102	0	128	0	0	0	0	0	5060	0	284	0	932	816	6014	424	38814	0	36608	0	3162	172	16652	0	1170	1604	29680	0	1294	116	1152	0	10712	294	0	126	342	0	188	0	386	0	652	0	570	540	13124	628	1964	0	130	0	6640	0	1818	830	3440	0	1042	0	3678	0	2342	188	6100	0	2114	112	23746	786	24996	0	5540	0	396	3066	13982	3328	27498	0	96	0	5610	0	550	0	198	0	214	5416	2778	240	90	196	118	
456076	Postcentral_L	30838	1840	10692	196	0	0	838	0	0	0	2908	0	192	0	0	0	16308	0	2978	2258	0	0	0	0	0	0	0	0	9260	0	0	0	248	0	1278	1346	2836	802	150	144	0	0	4808	0	1996	0	482	254	2254	0	5336	0	1152	0	1442	126	0	0	9632	0	21310	0	19230	0	462	0	17858	0	24980	422	352	0	1368	0	892	0	6958	1658	4134	0	5400	0	628	0	6302	0	0	0	2914	0	0	134	0	0	0	0	0	0	174	136	0	0	0	0	0	0	0	0	0	0	0	132	0	0	0	0	
193452	Postcentral_R	0	10660	164	1816	0	0	0	646	0	0	0	2008	0	0	0	0	0	6026	624	3420	0	0	0	0	0	0	0	0	0	1812	0	0	0	2702	0	298	0	670	0	0	0	0	0	128	0	720	0	0	0	3276	0	770	0	282	0	342	0	0	0	8796	0	6780	0	14358	0	3434	1346	5852	632	10658	0	208	0	632	0	128	0	112	0	544	0	2586	0	0	0	2672	0	0	0	1624	0	0	0	0	0	0	0	0	0	0	0	0	0	0	0	0	0	0	0	0	0	0	0	0	0	0	
201284	Parietal_Sup_L	130	0	0	0	0	0	0	0	0	0	0	0	0	0	0	0	96	0	0	0	0	0	0	0	0	0	0	0	0	0	0	0	150	0	240	0	0	0	0	0	0	0	3626	0	5164	0	370	0	15252	0	21894	0	1158	0	760	0	9632	0	0	0	17392	0	836	0	7270	0	9632	258	1322	0	0	0	0	0	0	0	0	0	0	0	908	0	0	0	3920	0	0	0	104	0	0	126	0	0	0	0	0	0	138	126	0	0	0	0	0	0	0	0	0	0	0	138	0	0	0	0	
211656	Parietal_Sup_R	0	360	0	184	0	0	0	0	0	0	0	0	0	0	0	0	0	668	242	580	0	0	0	0	0	0	0	0	0	324	0	0	0	672	0	810	0	0	0	0	0	0	0	3280	284	7984	0	926	0	22756	0	5278	0	1082	0	188	0	8796	0	0	0	5652	0	2492	0	16386	904	13038	340	2658	0	0	0	0	0	0	0	0	0	138	0	1038	0	0	0	6342	0	0	0	2118	0	0	0	0	0	0	0	0	0	0	0	0	0	0	0	0	0	0	0	0	308	0	0	0	0	0	
279000	Parietal_Inf_L	682	98	458	0	0	0	0	0	0	0	0	0	0	0	0	0	3960	0	86	102	0	0	0	0	0	0	0	0	1668	0	0	0	0	0	236	0	0	0	0	0	0	0	1118	0	978	0	224	0	8568	0	20472	0	794	0	446	0	21310	0	17392	0	0	0	22514	0	17504	0	4038	0	4516	0	0	0	0	0	0	0	0	0	414	0	4444	0	0	0	6204	0	0	0	770	0	0	120	0	0	0	0	0	0	132	120	0	0	0	0	0	0	0	0	0	0	0	132	0	0	0	0	
142900	Parietal_Inf_R	0	1348	0	224	0	0	0	166	0	0	0	294	0	0	0	0	0	470	198	616	0	0	0	0	0	0	0	0	0	126	0	0	0	346	0	422	0	166	0	0	0	0	0	346	0	1154	0	242	0	5252	0	4432	0	922	0	386	0	6780	0	5652	0	0	0	10932	0	17874	1820	5008	238	504	0	0	0	96	0	0	0	0	0	0	0	944	0	0	0	3878	0	0	0	474	0	0	0	0	0	0	0	0	0	0	0	0	0	0	0	0	0	0	0	0	140	0	0	0	0	0	
190484	SupraMarginal_L	282	0	234	0	0	0	0	0	0	0	0	0	0	0	0	0	10030	0	0	0	0	0	0	0	0	0	0	0	2888	0	0	0	0	0	0	0	0	0	0	0	0	0	0	0	88	0	0	0	610	0	1760	0	0	0	0	0	19230	0	836	0	22514	0	0	0	3656	0	5762	0	8608	0	0	0	0	0	0	0	0	0	548	0	6566	0	0	0	9542	0	0	0	2088	0	0	0	0	0	0	0	0	0	0	0	0	0	0	0	0	0	0	0	0	0	0	0	0	0	0	0	
147648	SupraMarginal_R	0	2878	0	98	0	0	0	224	0	0	0	302	0	0	0	0	0	3908	0	654	0	0	0	0	0	0	0	0	0	742	0	0	0	224	0	0	0	538	0	148	0	0	0	938	0	1346	0	174	0	2298	0	130	0	860	0	652	0	14358	0	2492	0	10932	0	0	0	6536	3194	7510	0	1850	0	0	0	0	0	0	0	0	0	156	0	7520	0	0	0	2286	0	0	0	876	0	0	0	0	0	0	0	0	0	0	0	0	0	0	0	0	0	0	0	0	0	0	0	0	0	0	
138516	Angular_L	0	0	0	0	0	0	0	0	0	0	0	0	0	0	0	0	428	0	0	0	0	0	0	0	0	0	0	0	90	0	0	0	0	0	0	0	0	0	0	0	0	0	106	0	226	0	0	0	6752	0	20154	0	196	0	0	0	462	0	7270	0	17504	0	3656	0	0	0	706	0	370	0	0	0	0	0	0	0	0	0	0	0	1662	0	0	0	8778	0	0	0	898	0	0	0	0	0	0	0	0	0	0	0	0	0	0	0	0	0	0	0	0	0	0	0	0	0	0	0	
293792	Angular_R	0	246	0	0	0	0	0	0	0	0	0	0	0	0	0	0	0	406	0	190	0	0	0	0	0	0	0	0	0	226	0	0	0	1292	0	1430	0	180	0	0	0	0	0	1326	0	2584	0	1068	0	26022	0	13338	0	1534	0	570	0	3434	0	16386	0	17874	0	6536	0	0	4156	13316	192	2926	0	0	0	0	0	0	0	0	0	214	0	5206	0	0	0	22842	0	0	0	2968	0	0	0	0	0	0	0	0	0	0	0	0	0	0	0	0	0	0	0	0	434	0	0	0	0	0	
490932	Precuneus_L	568	590	592	0	0	0	0	0	0	0	0	166	0	0	0	0	4402	1012	1408	648	0	0	0	0	0	0	0	0	2456	414	0	0	6320	1814	16292	1810	3518	370	2252	122	0	0	23766	2578	15320	4142	9416	1630	7914	4552	8826	218	1194	300	6842	540	17858	1346	9632	904	4038	1820	5762	3194	706	4156	0	20876	18374	128	0	0	146	0	0	0	422	0	574	0	1946	1494	0	0	8386	3070	0	0	6668	402	266	0	0	0	0	0	358	0	162	0	0	0	0	0	0	0	0	0	0	0	786	0	0	0	0	0	
519288	Precuneus_R	306	1838	0	0	0	0	0	202	0	0	0	384	0	0	0	0	0	2424	318	1990	0	0	0	0	0	0	0	0	0	1860	0	0	2084	8546	2002	14692	1068	8898	0	6112	0	0	1200	20932	1282	18340	0	20578	220	21432	208	1938	0	3376	308	13124	0	5852	258	13038	0	5008	0	7510	0	13316	20876	0	734	4708	0	0	0	118	0	0	2346	2440	86	236	154	4216	0	0	186	8470	0	0	368	6318	0	306	0	0	0	0	0	928	0	414	0	0	0	0	0	0	0	0	0	0	6096	0	0	0	0	0	
520952	Paracentral_Lobule_L	19424	3852	8308	834	0	100	230	0	0	0	338	0	210	0	172	0	8096	0	28424	24016	0	0	488	394	0	218	0	0	8158	126	950	630	6008	14744	3862	3010	2438	1732	96	352	0	0	1802	0	1702	0	270	178	356	162	2228	0	472	0	700	628	24980	632	1322	340	4516	238	8608	0	370	192	18374	734	0	6006	4472	1522	6790	396	2142	0	11646	2734	2082	0	3518	0	248	0	8026	106	0	0	4572	202	0	0	0	0	0	0	0	0	0	0	0	0	0	0	0	0	0	0	0	0	0	0	0	0	0	0	
228644	Paracentral_Lobule_R	1428	14644	432	900	0	0	0	0	0	0	0	122	0	0	0	0	124	566	936	19284	0	0	0	0	0	0	0	0	216	1142	0	0	614	9946	634	1718	0	1274	0	630	0	0	0	204	0	324	0	318	0	2942	96	760	0	398	0	1964	422	10658	0	2658	0	504	0	1850	0	2926	128	4708	6006	0	94	1044	312	800	250	264	1724	9040	0	136	0	756	0	0	146	3784	0	0	0	4244	0	0	0	0	0	0	0	0	0	162	0	0	0	0	0	0	0	0	0	0	90	0	0	0	0	0	
195860	Caudate_L	2564	204	10140	1168	92	1462	556	270	100	0	422	272	528	0	362	370	556	0	9204	1130	4538	5706	1518	428	656	722	2064	1802	3044	820	5504	1752	104	132	0	0	442	0	0	0	0	0	0	0	0	0	0	0	0	0	0	0	0	0	0	0	352	0	0	0	0	0	0	0	0	0	0	0	4472	94	0	7806	12946	2758	1972	0	6802	1710	0	0	0	0	386	0	0	0	0	0	0	0	0	0	0	0	0	0	0	0	0	0	0	0	0	0	0	0	0	0	0	0	0	0	0	0	0	0	
533056	Caudate_R	366	6694	5356	27140	0	11806	416	5368	0	2152	0	4430	310	1100	90	5350	0	3380	11270	27332	2376	5986	1020	20374	178	17392	424	2804	788	6828	4054	22880	162	2272	0	0	104	298	0	180	0	176	0	0	0	0	0	0	0	0	0	0	0	0	0	130	0	208	0	0	0	0	0	0	0	0	0	0	1522	1044	7806	0	2432	37676	402	3450	1248	9662	0	0	0	0	0	92	0	0	0	0	0	0	0	0	0	0	0	0	0	0	0	0	0	0	0	0	0	0	0	0	0	0	0	0	0	0	0	0	
344712	Putamen_L	10696	594	24352	370	7682	498	3434	0	3302	0	1818	0	2876	0	7744	86	1064	0	12766	2920	1960	2412	5418	238	1590	220	1728	648	20916	226	8308	918	154	464	0	0	6024	0	562	0	708	0	0	0	0	0	0	0	0	0	0	0	0	0	690	0	1368	0	0	0	0	0	0	0	0	0	146	0	6790	312	12946	2432	0	462	8390	0	1584	542	154	0	1020	0	2048	0	252	0	0	0	424	0	0	0	0	0	0	0	100	0	0	0	0	0	0	0	0	0	0	0	0	0	0	0	0	0	0	0	
568376	Putamen_R	102	9248	2904	27184	0	10858	236	6950	0	586	0	7922	132	1236	0	5856	0	4992	6846	18540	1182	3496	608	15426	0	15244	204	1870	294	23848	2684	18292	94	2010	0	196	104	15752	0	9784	0	1752	0	0	0	0	0	182	0	0	0	0	0	0	0	6640	0	632	0	0	0	96	0	0	0	0	0	118	396	800	2758	37676	462	0	0	7938	262	4322	0	0	0	690	0	100	0	288	0	0	0	482	0	904	0	356	0	0	0	816	0	1510	0	0	0	328	0	0	0	0	0	0	0	0	0	0	0	0	
64068	Pallidum_L	5758	288	3708	146	0	0	1050	0	0	0	0	0	0	0	0	0	476	0	492	2020	0	242	0	0	0	0	0	0	430	0	0	0	0	194	0	0	398	0	0	0	0	0	0	0	0	0	0	0	0	0	0	0	0	0	0	0	892	0	0	0	0	0	0	0	0	0	0	0	2142	250	1972	402	8390	0	0	0	2212	572	0	0	0	0	0	0	0	0	0	0	0	0	0	0	0	0	0	0	0	0	0	0	0	0	0	0	0	0	0	0	0	0	0	0	0	0	0	0	
63648	Pallidum_R	0	2642	0	2434	0	322	0	968	0	0	0	918	0	0	0	126	0	436	144	564	0	0	0	950	0	724	0	0	0	752	100	1382	0	344	0	0	0	3204	0	2216	0	0	0	0	0	0	0	0	0	0	0	0	0	0	0	1818	0	128	0	0	0	0	0	0	0	0	0	0	0	264	0	3450	0	7938	0	0	0	0	0	0	0	0	0	0	0	0	0	0	0	0	0	0	0	0	0	0	0	0	0	0	0	0	0	0	0	0	0	0	0	0	0	0	0	0	0	0	
243044	Thalamus_L	21652	4846	626	178	0	0	116	198	0	0	0	220	0	0	0	0	320	112	268	1764	0	0	130	88	0	0	0	0	2060	1182	116	88	0	0	4144	8316	9720	6498	776	1074	188	0	0	0	0	0	226	894	0	0	0	0	0	0	1040	830	6958	0	0	0	0	0	0	0	0	0	422	2346	11646	1724	6802	1248	1584	262	2212	0	0	14464	340	364	430	346	244	0	350	440	0	0	764	340	0	96	0	0	0	0	0	238	0	108	0	0	0	0	0	0	0	0	0	124	0	0	0	0	0	0	
291472	Thalamus_R	3492	31222	936	1812	0	380	0	720	0	212	0	756	0	0	0	222	502	1300	328	8010	0	0	0	500	0	448	0	0	544	2918	0	474	0	110	2992	7492	3408	11292	0	5290	0	164	0	0	0	0	0	2440	0	0	0	0	0	0	418	3440	1658	112	0	0	0	0	0	0	0	0	0	2440	2734	9040	1710	9662	542	4322	572	0	14464	0	264	422	322	892	0	0	220	478	0	0	484	352	0	692	0	336	0	0	0	1140	0	722	0	0	0	202	0	0	0	0	0	132	0	0	0	0	0	0	
80364	Heschl_L	3552	600	2484	0	0	0	264	0	0	0	632	0	0	0	0	0	5450	0	688	394	0	0	0	0	0	0	0	0	7854	104	0	0	0	0	592	328	1584	318	0	0	0	0	380	0	0	0	192	0	0	0	546	0	158	0	94	0	4134	0	0	0	414	0	548	0	0	0	574	86	2082	0	0	0	154	0	0	0	340	264	0	0	2186	0	262	0	1048	0	0	0	1780	0	0	0	0	0	0	0	96	0	0	0	0	0	0	0	0	0	0	0	0	0	0	0	0	0	0	0	
45776	Heschl_R	0	430	0	0	0	0	0	0	0	0	0	0	0	0	0	0	0	1928	0	0	0	0	0	0	0	0	0	0	0	5230	0	0	0	0	220	490	256	1472	0	114	0	0	0	0	0	0	0	0	0	578	0	0	0	0	0	1042	0	544	0	138	0	0	0	156	0	214	0	236	0	136	0	0	0	0	0	0	364	422	0	0	0	5662	0	0	0	2336	0	0	0	920	0	0	0	0	0	0	0	0	0	0	0	0	0	0	0	0	0	0	0	0	0	0	0	0	0	0	
192636	Temporal_Sup_L	2146	334	3950	0	0	0	492	0	0	0	4270	0	238	0	0	0	10518	0	2810	266	0	0	0	0	0	0	0	0	7774	98	0	0	0	0	718	430	2482	390	0	0	116	0	190	0	94	0	178	0	404	0	1944	0	134	0	784	0	5400	0	908	0	4444	0	6566	0	1662	0	1946	154	3518	0	0	0	1020	0	0	0	430	322	2186	0	0	0	5630	0	15934	0	0	0	5438	0	0	0	0	0	0	0	0	0	0	0	0	0	0	0	0	0	0	0	0	0	0	0	0	0	0	0	
181376	Temporal_Sup_R	0	864	0	0	0	0	0	0	0	0	0	132	0	0	0	0	0	7534	0	212	0	0	0	0	0	0	0	0	0	8438	0	0	0	0	202	506	260	3732	0	1160	0	0	0	856	0	1454	0	90	0	5062	0	0	0	634	0	3678	0	2586	0	1038	0	944	0	7520	0	5206	1494	4216	0	756	0	0	0	690	0	0	346	892	0	5662	0	0	0	1996	0	17850	0	128	0	3958	0	118	0	0	0	0	0	0	0	474	0	0	0	0	0	0	0	0	0	0	0	0	0	0	0	0	
123048	Temporal_Pole_Sup_L	1066	0	6032	0	374	0	638	0	240	0	5796	0	920	0	1508	0	5872	0	5344	96	98	0	0	0	0	0	0	0	9962	0	0	0	0	0	0	0	1806	0	494	0	1630	0	0	0	0	0	0	0	0	0	0	0	0	0	1516	0	628	0	0	0	0	0	0	0	0	0	0	0	248	0	386	0	2048	0	0	0	244	0	262	0	5630	0	0	0	3428	0	2668	0	2590	0	0	0	0	0	0	0	0	0	0	0	0	0	0	0	0	0	0	0	0	0	0	0	0	0	0	0	
38720	Temporal_Pole_Sup_R	0	0	0	0	0	0	0	0	0	0	0	0	0	0	0	0	0	1210	0	0	0	0	0	0	0	0	0	0	0	652	0	0	0	0	0	0	0	1250	0	2552	0	2548	0	0	0	0	0	0	0	0	0	0	0	0	0	2342	0	0	0	0	0	0	0	0	0	0	0	0	0	0	0	92	0	100	0	0	0	0	0	0	0	1996	0	0	0	1476	0	3706	0	1436	0	0	0	0	0	0	0	0	0	0	0	0	0	0	0	0	0	0	0	0	0	0	0	0	0	0	
337088	Temporal_Mid_L	958	152	350	0	0	0	0	0	0	0	0	0	0	0	0	0	5504	0	88	220	0	0	0	0	0	0	0	0	3304	0	0	0	86	140	2782	468	3790	298	164	0	110	0	3002	0	1486	0	1090	0	4076	0	20998	0	2024	0	3990	188	6302	0	3920	0	6204	0	9542	0	8778	0	8386	186	8026	146	0	0	252	0	0	0	350	220	1048	0	15934	0	3428	0	0	0	1838	0	38630	86	0	0	0	0	0	0	0	0	0	0	0	0	0	0	0	0	0	0	0	0	0	0	0	0	0	0	
342300	Temporal_Mid_R	0	732	0	0	0	0	0	0	0	0	0	0	0	0	0	0	0	1188	0	1200	0	0	0	0	0	0	0	0	0	2512	0	0	0	2230	310	1324	378	2926	0	932	0	0	0	3406	0	4432	0	1210	0	18190	0	13576	0	5634	0	6100	0	2672	0	6342	0	3878	0	2286	0	22842	3070	8470	106	3784	0	0	0	288	0	0	440	478	0	2336	0	17850	0	1476	0	0	0	646	86	26992	0	266	0	0	0	0	0	0	0	316	0	0	0	0	0	0	0	0	0	0	246	0	0	0	0	0	
20956	Temporal_Pole_Mid_L	0	0	0	0	0	0	0	0	0	0	0	0	0	0	0	0	0	0	0	0	0	0	0	0	0	0	0	0	216	0	0	0	0	0	0	0	696	0	328	0	620	0	0	0	0	0	0	0	0	0	0	0	0	0	1580	0	0	0	0	0	0	0	0	0	0	0	0	0	0	0	0	0	0	0	0	0	0	0	0	0	0	0	2668	0	1838	0	0	0	2532	0	0	0	0	0	0	0	0	0	0	0	0	0	0	0	0	0	0	0	0	0	0	0	0	0	0	0	
24920	Temporal_Pole_Mid_R	0	0	0	0	0	0	0	0	0	0	0	0	0	0	0	0	0	0	0	0	0	0	0	0	0	0	0	0	0	0	0	0	0	0	0	0	0	682	0	2258	0	1560	0	0	0	0	0	0	0	0	0	0	0	0	0	2114	0	0	0	0	0	0	0	0	0	0	0	0	0	0	0	0	0	0	0	0	0	0	0	0	0	128	0	3706	0	646	0	0	0	1366	0	0	0	0	0	0	0	0	0	0	0	0	0	0	0	0	0	0	0	0	0	0	0	0	0	0	
288164	Temporal_Inf_L	1130	294	604	0	0	0	0	0	0	0	0	0	0	0	0	0	2566	0	260	196	0	0	0	0	0	0	0	0	4250	0	0	0	0	0	2644	608	11572	504	658	0	2242	0	5736	0	278	0	1296	0	720	0	9546	0	3674	0	17860	112	2914	0	104	0	770	0	2088	0	898	0	6668	368	4572	0	0	0	424	0	0	0	764	484	1780	0	5438	0	2590	0	38630	86	2532	0	0	0	3120	0	882	0	0	0	466	0	1190	0	228	0	150	0	0	0	0	0	0	0	186	0	0	0	0	0	
272592	Temporal_Inf_R	0	1174	0	0	0	0	0	0	0	0	0	0	0	0	0	0	0	392	0	1924	0	0	0	0	0	0	0	0	0	2024	0	0	0	1370	346	2860	220	6046	0	2542	0	1488	0	10888	0	1030	0	5274	0	4602	0	1498	0	9612	0	23746	0	1624	0	2118	0	474	0	876	0	2968	402	6318	202	4244	0	0	0	482	0	0	340	352	0	920	0	3958	0	1436	86	26992	0	1366	0	0	0	2066	0	408	0	0	0	138	0	598	0	0	0	148	0	0	0	0	0	0	744	0	0	0	0	0	
735960	Cerebelum_Crus1_L	106	0	0	0	0	0	0	0	0	0	0	0	0	0	0	0	0	0	0	0	0	0	0	0	0	0	0	0	0	0	0	0	0	0	0	0	984	0	2712	0	0	0	318	0	0	0	12494	1988	0	0	164	0	412	0	28060	786	0	0	0	0	0	0	0	0	0	0	266	0	0	0	0	0	0	0	0	0	0	0	0	0	0	0	0	0	0	0	0	0	3120	0	0	16908	54356	10228	2790	402	38420	4228	75644	17074	17980	958	20710	3768	4832	1262	1376	0	672	1952	11072	16618	11816	996	1626	882	
818048	Cerebelum_Crus1_R	0	200	0	0	0	0	0	0	0	0	0	0	0	0	0	0	0	0	0	0	0	0	0	0	0	0	0	0	0	204	0	0	0	0	0	110	0	2708	0	3996	0	0	452	1010	0	0	10246	10706	0	112	1132	0	1366	662	3808	24996	134	0	126	0	120	0	0	0	0	0	0	306	0	0	0	0	0	904	0	0	96	692	0	0	0	118	0	0	0	266	0	0	0	2066	16908	0	4870	48004	284	4136	12562	34642	29102	84380	716	4432	940	31862	608	2058	0	1132	180	2608	19400	26308	12836	2292	1974	254	
565880	Cerebelum_Crus2_L	0	0	0	0	0	0	0	0	0	0	0	0	0	0	0	0	0	0	0	0	0	0	0	0	0	0	0	0	0	0	0	0	0	0	0	0	484	0	2064	0	0	0	0	0	0	0	1878	160	0	0	0	0	0	0	11056	0	0	0	0	0	0	0	0	0	0	0	0	0	0	0	0	0	0	0	0	0	0	0	0	0	0	0	0	0	0	0	0	0	882	0	54356	4870	0	17974	2124	0	17092	396	28916	4362	43626	12386	37722	7732	4186	280	1264	0	136	754	1178	3698	16068	6912	384	0	
549152	Cerebelum_Crus2_R	0	0	0	0	0	0	0	0	0	0	0	0	0	0	0	0	0	0	0	0	0	0	0	0	0	0	0	0	0	0	0	0	0	0	0	0	0	1060	0	1504	0	0	0	0	0	0	1332	1274	0	0	0	0	0	0	498	5540	0	0	0	0	0	0	0	0	0	0	0	0	0	0	0	0	0	356	0	0	0	336	0	0	0	0	0	0	0	0	0	0	0	408	10228	48004	17974	0	328	2310	4798	9608	12118	28302	12030	23872	7506	35920	470	1550	0	720	220	1246	5196	10768	19248	8214	1506	132	
87724	Cerebelum_3_L	0	0	0	0	0	0	0	0	0	0	0	0	0	0	0	0	0	0	0	0	0	0	0	0	0	0	0	0	0	0	0	0	0	0	0	0	0	0	396	0	0	0	0	0	0	0	292	0	0	0	0	0	0	0	394	0	0	0	0	0	0	0	0	0	0	0	0	0	0	0	0	0	0	0	0	0	0	0	0	0	0	0	0	0	0	0	0	0	0	0	2790	284	2124	328	0	784	11076	554	2976	396	1072	0	2544	746	3228	1164	148	0	1954	6148	2438	518	222	554	630	102	
93032	Cerebelum_3_R	0	0	0	0	0	0	0	0	0	0	0	0	0	0	0	0	0	0	0	0	0	0	0	0	0	0	0	0	0	0	0	0	0	0	0	0	0	112	90	254	0	0	0	0	0	0	138	464	0	0	0	0	0	0	0	396	0	0	0	0	0	0	0	0	0	0	0	0	0	0	0	0	0	0	0	0	0	0	0	0	0	0	0	0	0	0	0	0	0	0	402	4136	0	2310	784	0	1560	7578	702	5724	94	0	292	3664	378	3432	0	0	186	8138	2884	502	458	902	936	0	
610148	Cerebelum_4_5_L	232	0	0	0	0	0	0	0	0	0	0	0	0	0	0	0	0	0	0	0	0	0	0	0	0	0	0	0	176	0	0	0	0	0	966	0	1618	0	4132	0	0	0	1028	0	0	0	15078	4332	0	0	0	0	0	160	13822	3066	0	0	0	0	0	0	0	0	0	0	358	0	0	0	0	0	100	0	0	0	0	0	96	0	0	0	0	0	0	0	0	0	466	0	38420	12562	17092	4798	11076	1560	0	12638	50466	14892	6094	216	11406	5600	8752	4262	602	0	3470	8238	28386	8282	2608	2142	4256	1626	
448472	Cerebelum_4_5_R	0	588	0	0	0	0	0	0	0	0	0	0	0	0	0	0	0	0	0	0	0	0	0	0	0	0	0	0	0	164	0	0	0	0	100	514	106	4404	0	8372	0	0	0	142	0	0	5210	10112	0	0	0	0	0	278	534	13982	0	0	0	0	0	0	0	0	0	0	0	928	0	0	0	0	0	816	0	0	238	1140	0	0	0	0	0	0	0	0	0	0	0	138	4228	34642	396	9608	554	7578	12638	0	8976	44234	298	194	464	12130	772	3322	0	556	0	5084	22178	3980	1224	1308	1812	294	
835200	Cerebelum_6_L	118	0	0	0	0	0	0	0	0	0	0	0	0	0	0	0	0	0	0	0	0	0	0	0	0	0	0	0	0	0	0	0	0	0	0	0	1174	0	3052	0	0	0	800	0	0	0	21126	7220	88	0	1318	0	1616	416	29948	3328	174	0	138	0	132	0	0	0	0	0	162	0	0	0	0	0	0	0	0	0	0	0	0	0	0	0	0	0	0	0	0	0	1190	0	75644	29102	28916	12118	2976	702	50466	8976	0	31596	9716	736	12572	4062	4920	1740	1258	0	892	2358	19302	31218	11736	1260	2248	1086	
833792	Cerebelum_6_R	0	376	0	0	0	0	0	0	0	0	0	0	0	0	0	0	0	228	0	154	0	0	0	0	0	0	0	0	0	712	0	0	0	0	114	736	0	5892	0	6066	0	0	560	358	0	0	12040	11970	0	0	1152	0	1370	714	3846	27498	136	0	126	0	120	0	0	0	0	0	0	414	0	162	0	0	0	1510	0	0	108	722	0	0	0	474	0	0	0	316	0	0	0	598	17074	84380	4362	28302	396	5724	14892	44234	31596	0	668	2158	882	25522	974	2608	0	1906	192	3668	24152	29136	11374	1812	2058	354	
388108	Cerebelum_7b_L	0	0	0	0	0	0	0	0	0	0	0	0	0	0	0	0	0	0	0	0	0	0	0	0	0	0	0	0	0	0	0	0	0	0	0	0	168	0	392	0	0	0	0	0	0	0	338	0	0	0	0	0	0	0	1670	0	0	0	0	0	0	0	0	0	0	0	0	0	0	0	0	0	0	0	0	0	0	0	0	0	0	0	0	0	0	0	0	0	228	0	17980	716	43626	12030	1072	94	6094	298	9716	668	0	10404	47428	8618	6510	834	1308	0	630	1366	1710	628	9774	9174	580	0	
195084	Cerebelum_7b_R	0	0	0	0	0	0	0	0	0	0	0	0	0	0	0	0	0	0	0	0	0	0	0	0	0	0	0	0	0	0	0	0	0	0	0	0	0	0	0	0	0	0	0	0	0	0	98	0	0	0	0	0	0	0	0	96	0	0	0	0	0	0	0	0	0	0	0	0	0	0	0	0	0	0	0	0	0	0	0	0	0	0	0	0	0	0	0	0	0	0	958	4432	12386	23872	0	0	216	194	736	2158	10404	0	5760	20492	0	530	0	0	0	0	402	356	8344	6108	0	0	
468752	Cerebelum_8_L	0	0	0	0	0	0	0	0	0	0	0	0	0	0	0	0	0	0	0	0	0	0	0	0	0	0	0	0	0	0	0	0	0	0	0	0	116	0	440	0	0	0	0	0	0	0	542	0	0	0	0	0	0	0	2348	0	0	0	0	0	0	0	0	0	0	0	0	0	0	0	0	0	0	0	0	0	0	0	0	0	0	0	0	0	0	0	0	0	150	0	20710	940	37722	7506	2544	292	11406	464	12572	882	47428	5760	0	12412	28588	3788	4666	0	1042	2300	2892	808	7420	13906	4034	698	
517364	Cerebelum_8_R	0	0	0	0	0	0	0	0	0	0	0	0	0	0	0	0	0	0	0	0	0	0	0	0	0	0	0	0	0	0	0	0	0	0	0	0	0	802	0	1494	0	0	0	0	0	0	1170	738	0	0	0	0	0	0	0	5610	0	0	0	0	0	0	0	0	0	0	0	0	0	0	0	0	0	328	0	0	0	202	0	0	0	0	0	0	0	0	0	0	0	148	3768	31862	7732	35920	746	3664	5600	12130	4062	25522	8618	20492	12412	0	2806	21484	342	3324	788	3820	9760	2062	9558	15674	5310	734	
190084	Cerebelum_9_L	0	0	0	0	0	0	0	0	0	0	0	0	0	0	0	0	0	0	0	0	0	0	0	0	0	0	0	0	0	0	0	0	0	0	0	0	0	0	0	0	0	0	0	0	0	0	344	0	0	0	0	0	0	0	342	0	0	0	0	0	0	0	0	0	0	0	0	0	0	0	0	0	0	0	0	0	0	0	0	0	0	0	0	0	0	0	0	0	0	0	4832	608	4186	470	3228	378	8752	772	4920	974	6510	0	28588	2806	0	4534	5152	0	1034	2264	2886	1694	460	3058	4604	1646	
182116	Cerebelum_9_R	0	0	0	0	0	0	0	0	0	0	0	0	0	0	0	0	0	0	0	0	0	0	0	0	0	0	0	0	0	0	0	0	0	0	0	0	0	0	0	514	0	0	0	0	0	0	0	0	0	0	0	0	0	0	0	550	0	0	0	0	0	0	0	0	0	0	0	0	0	0	0	0	0	0	0	0	0	0	0	0	0	0	0	0	0	0	0	0	0	0	1262	2058	280	1550	1164	3432	4262	3322	1740	2608	834	530	3788	21484	4534	0	520	2950	1924	5788	6006	1974	1684	5694	7802	2804	
33444	Cerebelum_10_L	0	0	0	0	0	0	0	0	0	0	0	0	0	0	0	0	0	0	0	0	0	0	0	0	0	0	0	0	0	0	0	0	0	0	0	0	0	0	0	0	0	0	0	0	0	0	0	0	0	0	0	0	0	0	0	0	0	0	0	0	0	0	0	0	0	0	0	0	0	0	0	0	0	0	0	0	0	0	0	0	0	0	0	0	0	0	0	0	0	0	1376	0	1264	0	148	0	602	0	1258	0	1308	0	4666	342	5152	520	0	0	0	86	0	0	0	0	0	0	
21784	Cerebelum_10_R	0	0	0	0	0	0	0	0	0	0	0	0	0	0	0	0	0	0	0	0	0	0	0	0	0	0	0	0	0	0	0	0	0	0	0	0	0	0	0	0	0	0	0	0	0	0	0	0	0	0	0	0	0	0	0	198	0	0	0	0	0	0	0	0	0	0	0	0	0	0	0	0	0	0	0	0	0	0	0	0	0	0	0	0	0	0	0	0	0	0	0	1132	0	720	0	0	0	556	0	1906	0	0	0	3324	0	2950	0	0	0	0	0	0	0	0	106	0	
