data	data	452280	218104	932572	971308	240396	123796	471364	250220	90672	39496	254800	185508	291128	351056	187628	105424	134924	116488	819168	1.05441e+06	87412	120464	525596	525116	127340	154916	69880	84072	565708	350864	429076	608348	155240	671448	149764	179100	224308	334668	83076	217428	33980	64920	315800	435892	192076	463128	277948	303340	162404	519952	584732	347788	169608	176876	337608	504804	287164	182888	159152	99336	281336	101524	117472	145080	178420	154368	419996	559572	270056	315748	277312	418996	310612	374152	36348	63860	157716	212048	79384	68236	181756	212004	68480	73840	324240	238092	31804	27356	309604	314784	436480	372952	317988	273296	27996	63196	256272	183732	459880	382584	207800	133720	314136	287948	172616	141392	30912	13144	32112	79784	225588	217656	208328	108152	114436	22856	
data	data	Precentral_L	Precentral_R	Frontal_Sup_L	Frontal_Sup_R	Frontal_Sup_Orb_L	Frontal_Sup_Orb_R	Frontal_Mid_L	Frontal_Mid_R	Frontal_Mid_Orb_L	Frontal_Mid_Orb_R	Frontal_Inf_Oper_L	Frontal_Inf_Oper_R	Frontal_Inf_Tri_L	Frontal_Inf_Tri_R	Frontal_Inf_Orb_L	Frontal_Inf_Orb_R	Rolandic_Oper_L	Rolandic_Oper_R	Supp_Motor_Area_L	Supp_Motor_Area_R	Olfactory_L	Olfactory_R	Frontal_Sup_Medial_L	Frontal_Sup_Medial_R	Frontal_Med_Orb_L	Frontal_Med_Orb_R	Rectus_L	Rectus_R	Insula_L	Insula_R	Cingulum_Ant_L	Cingulum_Ant_R	Cingulum_Mid_L	Cingulum_Mid_R	Cingulum_Post_L	Cingulum_Post_R	Hippocampus_L	Hippocampus_R	ParaHippocampal_L	ParaHippocampal_R	Amygdala_L	Amygdala_R	Calcarine_L	Calcarine_R	Cuneus_L	Cuneus_R	Lingual_L	Lingual_R	Occipital_Sup_L	Occipital_Sup_R	Occipital_Mid_L	Occipital_Mid_R	Occipital_Inf_L	Occipital_Inf_R	Fusiform_L	Fusiform_R	Postcentral_L	Postcentral_R	Parietal_Sup_L	Parietal_Sup_R	Parietal_Inf_L	Parietal_Inf_R	SupraMarginal_L	SupraMarginal_R	Angular_L	Angular_R	Precuneus_L	Precuneus_R	Paracentral_Lobule_L	Paracentral_Lobule_R	Caudate_L	Caudate_R	Putamen_L	Putamen_R	Pallidum_L	Pallidum_R	Thalamus_L	Thalamus_R	Heschl_L	Heschl_R	Temporal_Sup_L	Temporal_Sup_R	Temporal_Pole_Sup_L	Temporal_Pole_Sup_R	Temporal_Mid_L	Temporal_Mid_R	Temporal_Pole_Mid_L	Temporal_Pole_Mid_R	Temporal_Inf_L	Temporal_Inf_R	Cerebelum_Crus1_L	Cerebelum_Crus1_R	Cerebelum_Crus2_L	Cerebelum_Crus2_R	Cerebelum_3_L	Cerebelum_3_R	Cerebelum_4_5_L	Cerebelum_4_5_R	Cerebelum_6_L	Cerebelum_6_R	Cerebelum_7b_L	Cerebelum_7b_R	Cerebelum_8_L	Cerebelum_8_R	Cerebelum_9_L	Cerebelum_9_R	Cerebelum_10_L	Cerebelum_10_R	Vermis_1_2	Vermis_3	Vermis_4_5	Vermis_6	Vermis_7	Vermis_8	Vermis_9	Vermis_10	
452280	Precentral_L	0	2992	14858	3506	0	0	24802	202	0	0	17652	262	3084	270	0	0	8224	0	6186	4264	0	0	106	0	0	0	0	0	13474	92	236	270	684	924	8888	2540	6782	686	622	0	0	0	550	190	264	184	396	0	0	210	4052	96	490	234	394	218	31592	0	1172	0	4162	0	622	0	434	0	3968	404	14202	696	3602	1470	2780	306	780	122	18900	4278	3688	0	1786	0	0	0	1622	0	0	0	486	184	0	0	0	0	0	0	0	0	0	0	0	0	0	0	0	0	0	0	0	0	0	0	0	0	0	0	
218104	Precentral_R	2992	0	104	5164	0	0	0	4866	0	0	0	3548	0	0	0	0	0	2016	1516	10224	0	0	0	0	0	0	0	0	0	1834	0	0	112	2058	1072	1980	418	6286	0	1276	0	0	304	832	348	1052	0	586	0	1308	258	772	0	1700	0	3008	0	14620	0	494	0	3098	0	5116	0	596	430	2172	2666	6290	224	2244	0	1956	0	100	1678	6644	0	604	0	994	0	0	0	1186	0	0	0	2306	0	0	0	0	0	0	0	0	0	0	0	0	0	0	0	0	0	0	0	0	0	0	0	0	0	0	
932572	Frontal_Sup_L	14858	104	0	17590	16546	232	60718	638	4038	0	14260	968	18112	2120	8926	90	6248	0	85190	22708	0	0	50726	10868	4642	746	218	208	37440	936	19294	6314	4522	7886	406	92	3786	0	352	0	0	0	0	0	0	0	0	0	0	0	0	0	0	0	414	0	1018	0	0	0	0	0	0	0	0	0	128	0	842	140	10596	1468	17492	644	654	0	4590	466	118	0	3848	0	1258	0	202	0	0	0	626	0	0	0	0	0	0	0	0	0	0	0	0	0	0	0	0	0	0	0	0	0	0	0	0	0	0	0	
971308	Frontal_Sup_R	3506	5164	17590	0	632	7888	5564	40576	0	2094	132	14780	294	25620	180	8114	0	6262	21908	78594	0	464	12852	47198	814	5426	254	842	230	22110	8338	33874	1232	15952	224	304	102	3290	0	1156	0	308	0	180	0	0	0	168	0	0	104	0	0	284	0	946	0	792	0	0	0	0	0	0	0	0	0	308	1424	884	5290	29218	584	29440	0	6942	708	12446	0	342	0	314	0	754	0	202	0	0	0	456	0	0	0	0	0	0	0	0	0	0	0	0	0	0	0	0	0	0	0	0	0	0	0	0	0	0	
240396	Frontal_Sup_Orb_L	0	0	16546	632	0	218	4488	134	12630	0	644	0	6262	336	17380	0	0	0	1212	118	1036	152	11070	1542	9390	928	3418	296	16076	344	5720	2180	0	0	0	0	0	0	0	0	242	0	0	0	0	0	0	0	0	0	0	0	0	0	0	0	0	0	0	0	0	0	0	0	0	0	0	0	0	0	358	508	5310	240	0	0	0	0	0	0	0	0	788	0	0	0	0	0	0	0	0	0	0	0	0	0	0	0	0	0	0	0	0	0	0	0	0	0	0	0	0	0	0	0	0	0	
123796	Frontal_Sup_Orb_R	0	0	232	7888	218	0	0	2380	0	5348	0	0	0	718	0	4098	0	0	0	680	88	1298	1190	6832	718	8448	180	6812	0	2488	1088	3418	0	0	0	0	0	0	0	0	0	0	0	0	0	0	0	0	0	0	0	0	0	0	0	0	0	0	0	0	0	0	0	0	0	0	0	0	0	0	114	2532	0	5018	0	0	0	112	0	0	0	0	0	0	0	0	0	0	0	0	0	0	0	0	0	0	0	0	0	0	0	0	0	0	0	0	0	0	0	0	0	0	0	0	0	0	
471364	Frontal_Mid_L	24802	0	60718	5564	4488	0	0	572	4534	0	21836	1254	33122	1572	5238	0	1266	0	11364	4604	0	0	15422	1882	266	0	0	0	14580	388	4166	1158	1824	1006	228	0	1032	0	170	0	0	0	96	0	0	0	110	0	0	0	412	0	0	0	0	0	2476	0	0	0	140	0	0	0	0	0	250	0	152	0	3778	834	878	310	0	0	588	140	1344	0	484	0	0	0	360	0	0	0	274	0	0	0	0	0	0	0	0	0	0	0	0	0	0	0	0	0	0	0	0	0	0	0	0	0	0	0	
250220	Frontal_Mid_R	202	4866	638	40576	134	2380	572	0	0	4108	0	8402	0	21282	0	6414	0	450	1314	2548	0	0	1008	7352	136	764	0	104	100	4132	870	3122	0	1520	148	174	0	1130	0	292	0	0	0	0	0	0	0	150	0	0	0	0	0	0	0	0	0	114	0	0	0	0	0	0	0	0	0	0	0	0	1942	2190	0	3380	0	144	290	2162	0	0	0	0	0	0	0	0	0	0	0	0	0	0	0	0	0	0	0	0	0	0	0	0	0	0	0	0	0	0	0	0	0	0	0	0	0	0	
90672	Frontal_Mid_Orb_L	0	0	4038	0	12630	0	4534	0	0	0	0	0	2972	0	15192	0	0	0	0	0	164	0	218	0	208	0	1734	0	1996	0	0	0	0	0	0	0	0	0	0	0	0	0	0	0	0	0	0	0	0	0	0	0	0	0	0	0	0	0	0	0	0	0	0	0	0	0	0	0	0	0	158	0	1276	0	0	0	0	0	0	0	0	0	216	0	0	0	0	0	0	0	0	0	0	0	0	0	0	0	0	0	0	0	0	0	0	0	0	0	0	0	0	0	0	0	0	0	
39496	Frontal_Mid_Orb_R	0	0	0	2094	0	5348	0	4108	0	0	0	0	0	1312	0	5228	0	0	0	0	0	0	0	188	0	248	0	642	0	206	0	0	0	0	0	0	0	0	0	0	0	0	0	0	0	0	0	0	0	0	0	0	0	0	0	0	0	0	0	0	0	0	0	0	0	0	0	0	0	0	0	118	0	256	0	0	0	0	0	0	0	0	0	0	0	0	0	0	0	0	0	0	0	0	0	0	0	0	0	0	0	0	0	0	0	0	0	0	0	0	0	0	0	0	0	0	
254800	Frontal_Inf_Oper_L	17652	0	14260	132	644	0	21836	0	0	0	0	800	16004	918	226	0	7070	0	11184	120	0	0	1428	98	226	0	0	0	16048	0	3824	1412	0	0	0	0	778	0	94	0	0	0	0	0	0	0	0	0	0	0	256	0	0	0	0	0	4304	0	0	0	136	0	0	0	0	0	168	0	124	0	1442	92	922	0	0	0	288	0	1158	0	2592	0	588	0	312	0	0	0	264	0	0	0	0	0	0	0	0	0	0	0	0	0	0	0	0	0	0	0	0	0	0	0	0	0	0	0	
185508	Frontal_Inf_Oper_R	262	3548	968	14780	0	0	1254	8402	0	0	800	0	212	21864	0	384	0	4588	1556	6712	0	0	114	738	0	0	0	0	268	8114	292	1598	0	1098	0	0	0	1752	0	708	0	0	0	0	0	0	0	174	0	0	0	0	0	0	0	320	0	906	0	0	0	0	0	0	0	0	0	0	0	0	3252	1710	214	3620	0	306	0	1104	0	314	0	210	0	612	0	0	0	0	0	0	0	0	0	0	0	0	0	0	0	0	0	0	0	0	0	0	0	0	0	0	0	0	0	0	0	0	
291128	Frontal_Inf_Tri_L	3084	0	18112	294	6262	0	33122	0	2972	0	16004	212	0	356	13338	0	166	0	3900	138	0	0	6362	526	1396	246	0	0	27450	120	6434	2318	0	0	0	0	0	0	0	0	0	0	0	0	0	0	0	0	0	0	198	0	0	0	0	0	414	0	0	0	0	0	0	0	0	0	0	0	0	0	476	168	516	106	0	0	0	0	0	0	102	0	442	0	184	0	0	0	146	0	0	0	0	0	0	0	0	0	0	0	0	0	0	0	0	0	0	0	0	0	0	0	0	0	0	0	
351056	Frontal_Inf_Tri_R	270	0	2120	25620	336	718	1572	21282	0	1312	918	21864	356	0	88	6082	0	88	7064	14170	0	0	3670	14764	334	430	0	0	374	13044	2384	14702	128	9474	0	0	0	660	0	188	0	0	0	0	0	0	0	156	0	0	0	0	0	0	0	0	0	0	0	0	0	0	0	0	0	0	0	0	0	0	3654	4334	686	1988	0	134	0	564	0	0	0	0	0	0	0	0	0	0	0	0	0	0	0	0	0	0	0	0	0	0	0	0	0	0	0	0	0	0	0	0	0	0	0	0	0	0	
187628	Frontal_Inf_Orb_L	0	0	8926	180	17380	0	5238	0	15192	0	226	0	13338	88	0	0	0	0	636	0	1380	0	3060	364	1004	200	882	0	15994	0	1940	604	0	0	0	0	122	0	0	0	366	0	0	0	0	0	0	0	0	0	0	0	0	0	0	0	0	0	0	0	0	0	0	0	0	0	0	0	0	0	148	120	4060	0	0	0	0	0	0	0	0	0	2366	0	0	0	0	0	0	0	0	0	0	0	0	0	0	0	0	0	0	0	0	0	0	0	0	0	0	0	0	0	0	0	0	0	
105424	Frontal_Inf_Orb_R	0	0	90	8114	0	4098	0	6414	0	5228	0	384	0	6082	0	0	0	0	510	906	0	1360	404	1598	0	310	0	900	0	8942	208	1528	0	954	0	0	0	292	0	214	0	272	0	0	0	0	0	0	0	0	0	0	0	0	0	0	0	0	0	0	0	0	0	0	0	0	0	0	0	0	0	836	0	2742	0	0	0	0	0	0	0	0	0	326	0	0	0	0	0	0	0	0	0	0	0	0	0	0	0	0	0	0	0	0	0	0	0	0	0	0	0	0	0	0	0	0	
134924	Rolandic_Oper_L	8224	0	6248	0	0	0	1266	0	0	0	7070	0	166	0	0	0	0	0	6438	0	0	0	0	0	0	0	0	0	12716	0	0	0	0	0	0	0	814	0	104	0	0	0	0	0	0	0	0	0	0	0	906	0	0	0	124	0	5762	0	574	0	422	0	1610	0	186	0	558	0	240	0	0	0	1020	0	120	0	198	0	2982	0	7328	0	708	0	794	0	0	0	884	0	0	0	0	0	0	0	0	0	0	0	0	0	0	0	0	0	0	0	0	0	0	0	0	0	0	0	
116488	Rolandic_Oper_R	0	2016	0	6262	0	0	0	450	0	0	0	4588	0	88	0	0	0	0	0	2592	0	0	0	0	0	0	0	0	0	10562	0	0	0	192	0	0	0	1522	0	792	0	0	0	124	0	294	0	0	0	502	0	194	0	346	0	1162	0	3038	0	0	0	170	0	4392	0	586	0	476	0	246	0	374	0	2906	0	710	0	420	0	2568	0	6686	0	1306	0	1190	0	0	0	1490	0	0	0	0	0	0	0	0	0	0	0	0	0	0	0	0	0	0	0	0	0	0	0	0	0	0	
819168	Supp_Motor_Area_L	6186	1516	85190	21908	1212	0	11364	1314	0	0	11184	1556	3900	7064	636	510	6438	0	0	64200	0	0	12014	8272	514	0	0	0	23524	1358	9396	11578	9312	35542	274	860	1712	128	154	0	0	0	0	334	0	840	0	0	0	928	94	430	0	514	364	572	1152	166	0	0	0	0	0	0	0	0	386	1276	15270	1192	12056	1556	20684	702	3778	166	934	768	0	0	4046	0	1136	0	190	148	0	0	552	534	0	0	0	0	0	0	0	0	0	0	0	0	0	0	0	0	0	0	0	0	0	0	0	0	0	0	
1.05441e+06	Supp_Motor_Area_R	4264	10224	22708	78594	118	680	4604	2548	0	0	120	6712	138	14170	0	906	0	2592	64200	0	0	0	5524	15726	144	1438	0	0	164	8188	4030	22108	7164	65122	1830	10150	108	1984	0	754	0	164	118	4836	0	8298	0	1006	0	10280	220	5110	0	3844	0	4754	128	7202	114	496	0	508	0	2492	0	926	986	16304	14086	26930	5220	21874	614	13736	0	1100	386	8420	0	770	0	1204	0	250	0	2602	0	0	0	5010	0	0	0	0	0	0	0	114	0	0	0	0	0	0	0	0	0	0	0	0	90	0	0	0	0	0	
87412	Olfactory_L	0	0	0	0	1036	88	0	0	164	0	0	0	0	0	1380	0	0	0	0	0	0	6264	0	88	916	1430	3448	2010	2248	0	2884	3264	0	0	0	0	100	0	202	0	518	0	0	0	0	0	0	0	0	0	0	0	0	0	0	0	0	0	0	0	0	0	0	0	0	0	0	0	0	0	7226	3744	4212	1648	0	336	0	0	0	0	0	0	500	0	0	0	0	0	0	0	0	0	0	0	0	0	0	0	0	0	0	0	0	0	0	0	0	0	0	0	0	0	0	0	0	0	
120464	Olfactory_R	0	0	0	464	152	1298	0	0	0	0	0	0	0	0	0	1360	0	0	0	0	6264	0	0	204	750	3294	2974	4658	0	2698	2134	5108	0	0	0	0	0	804	0	1006	0	1608	0	0	0	0	0	0	0	0	0	0	0	0	0	0	0	0	0	0	0	0	0	0	0	0	0	0	0	0	8328	8032	5008	2848	104	1004	0	0	0	0	0	0	0	132	0	0	0	0	0	0	0	0	0	0	0	0	0	0	0	0	0	0	0	0	0	0	0	0	0	0	0	0	0	0	0	0	
525596	Frontal_Sup_Medial_L	106	0	50726	12852	11070	1190	15422	1008	218	0	1428	114	6362	3670	3060	404	0	0	12014	5524	0	0	0	35422	9018	3042	538	476	10356	1988	30482	19750	5352	13426	0	0	0	0	0	0	0	0	0	0	0	0	0	0	0	0	0	0	0	0	0	0	0	0	0	0	0	0	0	0	0	0	0	0	0	0	760	2778	3234	856	0	0	0	0	0	0	0	0	152	0	0	0	0	0	0	0	0	0	0	0	0	0	0	0	0	0	0	0	0	0	0	0	0	0	0	0	0	0	0	0	0	0	
525116	Frontal_Sup_Medial_R	0	0	10868	47198	1542	6832	1882	7352	0	188	98	738	526	14764	364	1598	0	0	8272	15726	88	204	35422	0	2420	9296	446	1372	504	5700	13034	38488	448	21912	0	0	0	0	0	0	0	0	0	0	0	0	0	0	0	0	0	0	0	0	0	0	0	0	0	0	0	0	0	0	0	0	0	0	0	0	262	8294	174	6286	0	130	0	130	0	0	0	0	0	0	0	0	0	0	0	0	0	0	0	0	0	0	0	0	0	0	0	0	0	0	0	0	0	0	0	0	0	0	0	0	0	0	
127340	Frontal_Med_Orb_L	0	0	4642	814	9390	718	266	136	208	0	226	0	1396	334	1004	0	0	0	514	144	916	750	9018	2420	0	3978	2398	964	3702	344	9106	4536	0	0	0	0	0	0	0	0	0	0	0	0	0	0	0	0	0	0	0	0	0	0	0	0	0	0	0	0	0	0	0	0	0	0	0	0	0	0	1452	1166	2458	670	0	0	0	0	0	0	0	0	0	0	0	0	0	0	0	0	0	0	0	0	0	0	0	0	0	0	0	0	0	0	0	0	0	0	0	0	0	0	0	0	0	0	
154916	Frontal_Med_Orb_R	0	0	746	5426	928	8448	0	764	0	248	0	0	246	430	200	310	0	0	0	1438	1430	3294	3042	9296	3978	0	1698	7494	260	774	4160	9826	0	0	0	0	0	0	0	0	0	0	0	0	0	0	0	0	0	0	0	0	0	0	0	0	0	0	0	0	0	0	0	0	0	0	0	0	0	0	1406	5088	594	5840	0	0	0	94	0	0	0	0	0	0	0	0	0	0	0	0	0	0	0	0	0	0	0	0	0	0	0	0	0	0	0	0	0	0	0	0	0	0	0	0	0	0	
69880	Rectus_L	0	0	218	254	3418	180	0	0	1734	0	0	0	0	0	882	0	0	0	0	0	3448	2974	538	446	2398	1698	0	2202	194	0	3348	2576	0	0	0	0	0	0	0	0	0	0	0	0	0	0	0	0	0	0	0	0	0	0	0	0	0	0	0	0	0	0	0	0	0	0	0	0	0	0	4230	1526	2120	556	0	0	0	0	0	0	0	0	0	0	0	0	0	0	0	0	0	0	0	0	0	0	0	0	0	0	0	0	0	0	0	0	0	0	0	0	0	0	0	0	0	0	
84072	Rectus_R	0	0	208	842	296	6812	0	104	0	642	0	0	0	0	0	900	0	0	0	0	2010	4658	476	1372	964	7494	2202	0	0	642	1488	3950	0	0	0	0	0	0	0	0	0	0	0	0	0	0	0	0	0	0	0	0	0	0	0	0	0	0	0	0	0	0	0	0	0	0	0	0	0	0	1936	2844	978	1218	0	0	0	0	0	0	0	0	0	0	0	0	0	0	0	0	0	0	0	0	0	0	0	0	0	0	0	0	0	0	0	0	0	0	0	0	0	0	0	0	0	0	
565708	Insula_L	13474	0	37440	230	16076	0	14580	100	1996	0	16048	268	27450	374	15994	0	12716	0	23524	164	2248	0	10356	504	3702	260	194	0	0	150	9118	3064	92	0	148	0	10024	0	794	0	1808	0	150	0	0	0	150	0	0	0	1234	0	0	0	2132	0	6970	0	750	0	2520	0	238	0	308	0	1248	0	806	0	950	206	18456	118	0	0	770	0	6530	0	6324	0	5352	0	1648	0	238	0	2860	0	0	0	0	0	0	0	0	0	0	0	0	0	0	0	0	0	0	0	0	0	0	0	0	0	0	0	
350864	Insula_R	92	1834	936	22110	344	2488	388	4132	0	206	0	8114	120	13044	0	8942	0	10562	1358	8188	0	2698	1988	5700	344	774	0	642	150	0	2538	8426	0	1098	0	0	0	9136	0	4254	0	2276	0	96	0	0	0	144	0	0	0	0	0	308	0	4344	0	1660	0	0	0	0	0	150	0	0	0	88	0	208	1338	5704	652	20654	0	542	0	666	0	2632	0	5600	0	2190	0	1746	0	0	0	3694	0	0	0	0	0	0	0	0	0	134	0	0	0	0	0	0	0	0	0	0	0	0	0	0	0	0	
429076	Cingulum_Ant_L	236	0	19294	8338	5720	1088	4166	870	0	0	3824	292	6434	2384	1940	208	0	0	9396	4030	2884	2134	30482	13034	9106	4160	3348	1488	9118	2538	0	31482	6752	5170	544	0	0	0	0	0	0	0	0	0	0	0	0	0	0	0	0	0	0	0	0	0	0	0	0	0	0	0	0	0	0	0	0	0	124	0	5150	6802	8482	3372	0	0	0	0	0	0	0	0	148	0	0	0	0	0	0	0	0	0	0	0	0	0	0	0	0	0	0	0	0	0	0	0	0	0	0	0	0	0	0	0	0	0	
608348	Cingulum_Ant_R	270	0	6314	33874	2180	3418	1158	3122	0	0	1412	1598	2318	14702	604	1528	0	0	11578	22108	3264	5108	19750	38488	4536	9826	2576	3950	3064	8426	31482	0	1344	21674	0	0	0	146	0	0	0	0	0	0	0	0	0	0	0	0	0	0	0	0	0	0	0	0	0	0	0	0	0	0	0	0	0	0	0	0	4746	24228	3096	11912	0	206	0	168	0	0	0	0	0	0	0	0	0	0	0	0	0	0	0	0	0	0	0	0	0	0	0	0	0	0	0	0	0	0	0	0	0	0	0	0	0	0	
155240	Cingulum_Mid_L	684	112	4522	1232	0	0	1824	0	0	0	0	0	0	128	0	0	0	0	9312	7164	0	0	5352	448	0	0	0	0	92	0	6752	1344	0	12496	3724	592	0	0	0	0	0	0	632	0	1358	122	0	0	1404	100	3116	0	0	0	0	0	958	0	756	0	756	0	0	0	104	0	4506	1500	5808	324	0	0	0	0	0	0	0	0	0	0	0	0	0	0	250	0	0	0	148	0	0	0	0	0	0	0	0	0	0	0	0	0	0	0	0	0	0	0	0	0	0	0	0	0	0	0	
671448	Cingulum_Mid_R	924	2058	7886	15952	0	0	1006	1520	0	0	0	1098	0	9474	0	954	0	192	35542	65122	0	0	13426	21912	0	0	0	0	0	1098	5170	21674	12496	0	1790	10698	0	432	0	190	0	0	0	5042	0	11762	0	1022	0	12162	138	5570	0	1484	0	1778	0	4464	240	246	0	456	0	1594	0	812	2242	21804	8524	20462	0	138	0	232	0	0	0	0	0	224	0	878	0	0	0	1522	0	0	0	2314	0	0	0	0	0	0	0	0	0	0	0	0	0	0	0	0	0	0	0	0	0	0	0	0	0	0	
149764	Cingulum_Post_L	8888	1072	406	224	0	0	228	148	0	0	0	0	0	0	0	0	0	0	274	1830	0	0	0	0	0	0	0	0	148	0	544	0	3724	1790	0	5676	7010	766	1180	0	0	0	3366	0	1018	0	1474	0	124	0	1930	0	0	0	336	0	2000	0	394	0	1092	0	0	0	300	0	10432	836	5766	504	218	380	416	0	116	0	5916	3756	222	0	86	0	0	0	128	0	0	0	164	0	0	0	0	0	0	0	0	0	0	0	0	0	0	0	0	0	0	0	0	0	0	0	0	0	0	0	
179100	Cingulum_Post_R	2540	1980	92	304	0	0	0	174	0	0	0	0	0	0	0	0	0	0	860	10150	0	0	0	0	0	0	0	0	0	0	0	0	592	10698	5676	0	1308	5602	0	606	0	0	158	2070	0	2964	0	1690	0	2648	0	1210	0	114	0	364	0	502	0	0	0	0	0	192	0	132	1620	15476	2540	5902	0	446	0	0	0	0	4136	6700	0	0	0	0	0	0	0	0	0	0	0	0	0	0	0	0	0	0	0	0	0	0	0	0	0	0	0	0	0	0	0	0	104	0	0	0	0	0	
224308	Hippocampus_L	6782	418	3786	102	0	0	1032	0	0	0	778	0	0	0	122	0	814	0	1712	108	100	0	0	0	0	0	0	0	10024	0	0	0	0	0	7010	1308	0	694	8804	0	5818	0	3128	0	274	0	4056	0	0	0	1484	0	378	0	10668	0	2566	0	646	0	1990	0	138	0	656	0	7946	0	826	0	368	0	5342	0	756	0	4952	1342	2612	0	1612	0	834	0	1442	0	236	0	8284	0	90	0	0	0	0	0	116	0	0	0	0	0	0	0	0	0	0	0	0	0	0	0	0	0	0	0	
334668	Hippocampus_R	686	6286	0	3290	0	0	0	1130	0	0	0	1752	0	660	0	292	0	1522	128	1984	0	804	0	0	0	0	0	0	0	9136	0	146	0	432	766	5602	694	0	0	28734	0	8712	0	3226	0	928	0	4032	0	660	0	502	0	2910	0	26396	0	1110	0	0	0	158	0	842	0	288	0	8092	138	494	0	384	0	10174	0	984	722	6254	0	1986	0	5608	0	2160	0	3388	0	174	0	9524	0	104	0	0	0	218	0	2002	0	1012	0	0	0	0	0	0	0	0	0	0	108	0	0	0	0	0	
83076	ParaHippocampal_L	622	0	352	0	0	0	170	0	0	0	94	0	0	0	0	0	104	0	154	0	202	0	0	0	0	0	0	0	794	0	0	0	0	0	1180	0	8804	0	0	0	1324	0	2220	0	282	0	4244	0	0	0	1040	0	1358	0	7016	0	260	0	0	0	176	0	0	0	0	0	3254	0	232	0	0	0	868	0	0	0	498	0	98	0	0	0	398	0	188	0	494	0	1496	0	1032	0	122	0	210	0	924	0	1100	0	114	0	114	0	0	0	0	0	0	0	0	0	0	0	0	0	
217428	ParaHippocampal_R	0	1276	0	1156	0	0	0	292	0	0	0	708	0	188	0	214	0	792	0	754	0	1006	0	0	0	0	0	0	0	4254	0	0	0	190	0	606	0	28734	0	0	0	8290	0	1200	0	374	0	3788	0	402	0	268	0	828	0	21982	0	380	0	0	0	104	0	482	0	220	0	3078	0	196	0	90	0	3876	0	428	0	1128	0	1194	0	2702	0	3348	0	2106	0	1752	0	4590	0	332	0	102	0	330	0	3236	0	1548	0	0	0	90	0	0	0	0	0	0	0	0	100	0	0	0	
33980	Amygdala_L	0	0	0	0	242	0	0	0	0	0	0	0	0	0	366	0	0	0	0	0	518	0	0	0	0	0	0	0	1808	0	0	0	0	0	0	0	5818	0	1324	0	0	0	0	0	0	0	0	0	0	0	0	0	0	0	3760	0	0	0	0	0	0	0	0	0	0	0	0	0	0	0	0	0	412	0	0	0	0	0	0	0	0	0	584	0	0	0	198	0	1960	0	0	0	0	0	0	0	0	0	0	0	0	0	0	0	0	0	0	0	0	0	0	0	0	0	0	0	
64920	Amygdala_R	0	0	0	308	0	0	0	0	0	0	0	0	0	0	0	272	0	0	0	164	0	1608	0	0	0	0	0	0	0	2276	0	0	0	0	0	0	0	8712	0	8290	0	0	0	0	0	0	0	0	0	0	0	0	0	0	0	5912	0	0	0	0	0	0	0	0	0	0	0	0	0	0	0	0	0	864	0	0	0	0	0	0	0	0	0	3020	0	0	0	440	0	438	0	0	0	0	0	0	0	156	0	0	0	0	0	0	0	0	0	0	0	0	0	0	0	0	0	0	
315800	Calcarine_L	550	304	0	0	0	0	96	0	0	0	0	0	0	0	0	0	0	0	0	118	0	0	0	0	0	0	0	0	150	0	0	0	632	0	3366	158	3128	0	2220	0	0	0	0	9110	18340	4882	15770	4206	8892	1504	28664	318	11844	192	7982	220	1024	0	378	0	788	0	0	0	102	0	22062	994	3002	98	0	0	0	0	0	0	0	0	302	0	0	0	0	0	2402	0	0	0	2278	0	350	214	0	0	0	0	0	412	0	426	0	0	0	0	0	0	0	0	0	0	422	0	0	0	0	0	
435892	Calcarine_R	190	832	0	180	0	0	0	0	0	0	0	0	0	0	0	0	0	124	334	4836	0	0	0	0	0	0	0	0	0	96	0	0	0	5042	0	2070	0	3226	0	1200	0	0	9110	0	5930	32648	2980	26684	312	28560	192	18966	0	12592	0	17750	0	1296	0	182	0	142	0	260	0	230	2442	26186	1182	5388	0	0	0	0	0	0	0	0	0	714	0	272	0	0	0	1206	0	0	0	4488	0	0	0	0	0	0	0	104	0	0	0	0	0	0	0	0	0	0	0	0	0	0	0	0	0	0	
192076	Cuneus_L	264	348	0	0	0	0	0	0	0	0	0	0	0	0	0	0	0	0	0	0	0	0	0	0	0	0	0	0	0	0	0	0	1358	0	1018	0	274	0	282	0	0	0	18340	5930	0	9460	1688	1316	16244	2266	13098	798	1268	266	996	422	316	0	552	0	300	0	0	0	0	0	14312	1600	2176	0	0	0	0	0	0	0	0	0	0	0	0	0	0	0	712	0	0	0	434	0	0	0	0	0	0	0	0	0	0	0	0	0	0	0	0	0	0	0	0	0	0	0	0	0	0	0	
463128	Cuneus_R	184	1052	0	0	0	0	0	0	0	0	0	0	0	0	0	0	0	294	840	8298	0	0	0	0	0	0	0	0	0	0	0	0	122	11762	0	2964	0	928	0	374	0	0	4882	32648	9460	0	764	10768	376	50064	224	19540	0	2586	0	4750	0	3300	0	2734	0	738	0	732	0	1060	5040	34950	1790	9396	0	0	0	0	0	0	0	0	0	128	0	1550	0	0	0	3620	0	0	0	3646	0	0	0	0	0	0	0	0	0	0	0	0	0	0	0	0	0	0	0	0	0	0	0	0	0	0	
277948	Lingual_L	396	0	0	0	0	0	110	0	0	0	0	0	0	0	0	0	0	0	0	0	0	0	0	0	0	0	0	0	150	0	0	0	0	0	1474	0	4056	0	4244	0	0	0	15770	2980	1688	764	0	4128	3698	590	13994	0	8010	0	14894	370	134	0	188	0	0	0	0	0	0	0	5316	154	146	0	0	0	0	0	0	0	316	0	94	0	0	0	0	0	474	0	0	0	328	0	9272	2318	688	716	468	0	10030	1032	15686	2872	240	0	414	382	0	0	0	0	0	220	4544	4298	1328	0	0	0	
303340	Lingual_R	0	586	0	168	0	0	0	150	0	0	0	174	0	156	0	0	0	0	0	1006	0	0	0	0	0	0	0	0	0	144	0	0	0	1022	0	1690	0	4032	0	3788	0	0	4206	26684	1316	10768	4128	0	0	12002	86	6712	0	5380	782	16552	0	278	0	0	0	0	0	0	0	0	1196	9962	248	1006	0	0	0	536	0	0	0	708	0	270	0	0	0	0	0	0	0	0	0	1036	2208	2398	1088	564	130	756	1418	3594	4834	5408	0	0	90	418	580	0	0	0	0	132	3904	6318	1058	0	0	0	
162404	Occipital_Sup_L	0	0	0	0	0	0	0	0	0	0	0	0	0	0	0	0	0	0	0	0	0	0	0	0	0	0	0	0	0	0	0	0	1404	0	124	0	0	0	0	0	0	0	8892	312	16244	376	3698	0	0	0	29778	0	1270	0	938	0	392	0	5616	0	1034	0	0	0	228	0	9882	124	316	0	0	0	0	0	0	0	0	0	0	0	0	0	0	0	202	0	0	0	372	0	0	0	0	0	0	0	0	0	0	0	0	0	0	0	0	0	0	0	0	0	0	0	0	0	0	0	
519952	Occipital_Sup_R	210	1308	0	0	0	0	0	0	0	0	0	0	0	0	0	0	0	502	928	10280	0	0	0	0	0	0	0	0	0	0	0	0	100	12162	0	2648	0	660	0	402	0	0	1504	28560	2266	50064	590	12002	0	0	0	39678	0	4212	0	7076	0	3534	0	5996	0	1784	0	1862	0	7060	1960	33656	1934	12898	0	0	0	0	0	0	0	0	0	264	0	3008	0	0	0	5686	0	0	0	5182	0	0	0	0	0	0	0	0	0	0	0	0	0	0	0	0	0	0	0	0	0	0	0	0	0	0	
584732	Occipital_Mid_L	4052	258	0	104	0	0	412	0	0	0	256	0	198	0	0	0	906	0	94	220	0	0	0	0	0	0	0	0	1234	0	0	0	3116	138	1930	0	1484	0	1040	0	0	0	28664	192	13098	224	13994	86	29778	0	0	0	24274	0	11002	0	9870	0	18098	0	25454	0	2384	0	24742	0	28462	184	5418	96	0	0	452	0	0	0	0	0	1720	0	2806	0	0	0	26022	0	0	0	9786	0	118	0	0	0	0	0	0	0	0	0	0	0	0	0	0	0	0	0	0	0	0	0	0	0	0	0	
347788	Occipital_Mid_R	96	772	0	0	0	0	0	0	0	0	0	0	0	0	0	0	0	194	430	5110	0	0	0	0	0	0	0	0	0	0	0	0	0	5570	0	1210	0	502	0	268	0	0	318	18966	798	19540	0	6712	0	39678	0	0	0	6944	0	8826	0	1070	0	3316	0	1520	0	974	0	14092	1068	13352	1060	4488	0	0	0	0	0	0	0	0	0	338	0	2426	0	0	0	10932	0	0	0	3324	0	0	0	0	0	0	0	0	0	0	0	0	0	0	0	0	0	0	0	0	0	0	0	0	0	0	
169608	Occipital_Inf_L	490	0	0	0	0	0	0	0	0	0	0	0	0	0	0	0	0	0	0	0	0	0	0	0	0	0	0	0	0	0	0	0	0	0	0	0	378	0	1358	0	0	0	11844	0	1268	0	8010	0	1270	0	24274	0	0	0	12338	0	510	0	274	0	380	0	230	0	490	0	5926	0	794	0	0	0	0	0	0	0	0	0	188	0	1200	0	0	0	5850	0	0	0	7198	0	334	0	0	0	0	0	0	0	200	0	0	0	0	0	0	0	0	0	0	0	0	0	0	0	0	0	
176876	Occipital_Inf_R	234	1700	0	284	0	0	0	0	0	0	0	0	0	0	0	0	0	346	514	3844	0	0	0	0	0	0	0	0	0	308	0	0	0	1484	0	114	0	2910	0	828	0	0	192	12592	266	2586	0	5380	0	4212	0	6944	0	0	0	17442	0	234	0	98	0	192	0	398	0	350	228	4682	1410	3124	0	0	0	0	0	0	0	0	0	2254	0	960	0	0	0	1356	0	0	0	10358	0	0	0	0	0	0	0	228	0	148	0	0	0	0	0	0	0	0	0	0	238	0	0	0	0	0	
337608	Fusiform_L	394	0	414	0	0	0	0	0	0	0	0	0	0	0	0	0	124	0	364	0	0	0	0	0	0	0	0	0	2132	0	0	0	0	0	336	0	10668	0	7016	0	3760	0	7982	0	996	0	14894	782	938	0	11002	0	12338	0	0	216	324	0	136	0	256	0	0	0	0	0	5038	0	440	0	0	0	656	0	0	0	0	0	1024	0	1084	0	1508	0	2500	0	1970	0	16168	0	18728	472	1546	0	0	0	10138	220	23902	742	958	0	1196	0	0	0	0	0	0	0	2722	2306	414	0	0	0	
504804	Fusiform_R	218	3008	0	946	0	0	0	0	0	0	0	320	0	0	0	0	0	1162	572	4754	0	0	0	0	0	0	0	0	0	4344	0	0	0	1778	0	364	0	26396	0	21982	0	5912	220	17750	422	4750	370	16552	0	7076	0	8826	0	17442	216	0	0	674	0	190	0	398	0	1268	0	912	460	9730	1426	3314	0	0	0	1982	0	142	0	272	0	3262	0	5828	0	5340	0	5324	0	2762	0	24310	786	8370	408	438	0	234	226	6850	1364	14042	0	108	0	434	130	0	0	0	0	86	2574	2702	676	0	0	0	
287164	Postcentral_L	31592	0	1018	0	0	0	2476	0	0	0	4304	0	414	0	0	0	5762	0	1152	128	0	0	0	0	0	0	0	0	6970	0	0	0	958	0	2000	0	2566	0	260	0	0	0	1024	0	316	0	134	0	392	0	9870	0	510	0	324	0	0	0	7866	0	26558	0	7028	0	2238	0	7430	0	8260	0	424	0	1914	0	180	0	304	0	2068	0	3676	0	0	0	2268	0	0	0	1198	0	0	0	0	0	0	0	0	0	0	0	0	0	0	0	0	0	0	0	0	0	0	0	0	0	0	0	
182888	Postcentral_R	0	14620	0	792	0	0	0	114	0	0	0	906	0	0	0	0	0	3038	166	7202	0	0	0	0	0	0	0	0	0	1660	0	0	0	4464	0	502	0	1110	0	380	0	0	0	1296	0	3300	0	278	0	3534	0	1070	0	234	0	674	0	0	0	4756	0	5644	0	12660	0	1082	132	6382	518	9344	0	154	0	996	0	0	0	510	0	116	0	1288	0	0	0	1272	0	0	0	1250	0	0	0	0	0	0	0	0	0	0	0	0	0	0	0	0	0	0	0	0	0	0	0	0	0	0	
159152	Parietal_Sup_L	1172	0	0	0	0	0	0	0	0	0	0	0	0	0	0	0	574	0	0	114	0	0	0	0	0	0	0	0	750	0	0	0	756	240	394	0	646	0	0	0	0	0	378	0	552	0	188	0	5616	0	18098	0	274	0	136	0	7866	0	0	280	13468	0	376	0	4508	0	15538	1070	1810	0	0	0	170	0	0	0	0	0	212	0	1318	0	0	0	1972	0	0	0	1100	0	0	0	0	0	0	0	0	0	0	0	0	0	0	0	0	0	0	0	0	0	0	0	0	0	0	0	
99336	Parietal_Sup_R	0	494	0	0	0	0	0	0	0	0	0	0	0	0	0	0	0	0	0	496	0	0	0	0	0	0	0	0	0	0	0	0	0	246	0	0	0	0	0	0	0	0	0	182	0	2734	0	0	0	5996	0	3316	0	98	0	190	0	4756	280	0	0	5084	0	2992	0	5784	2762	8990	184	3636	0	0	0	0	0	0	0	0	0	214	0	502	0	0	0	234	0	0	0	498	0	0	0	0	0	0	0	0	0	0	0	0	0	0	0	0	0	0	0	0	0	0	0	0	0	0	
281336	Parietal_Inf_L	4162	0	0	0	0	0	140	0	0	0	136	0	0	0	0	0	422	0	0	0	0	0	0	0	0	0	0	0	2520	0	0	0	756	0	1092	0	1990	0	176	0	0	0	788	0	300	0	0	0	1034	0	25454	0	380	0	256	0	26558	0	13468	0	0	0	13414	0	19782	0	7692	0	2838	0	0	0	540	0	0	0	0	0	740	0	1082	0	0	0	8224	0	0	0	6724	0	0	0	0	0	0	0	0	0	0	0	0	0	0	0	0	0	0	0	0	0	0	0	0	0	0	0	
101524	Parietal_Inf_R	0	3098	0	0	0	0	0	0	0	0	0	0	0	0	0	0	0	170	0	508	0	0	0	0	0	0	0	0	0	0	0	0	0	456	0	0	0	158	0	104	0	0	0	142	0	738	0	0	0	1784	0	1520	0	192	0	398	0	5644	0	5084	0	0	0	14010	0	10224	0	1006	0	584	0	0	0	0	0	0	0	0	0	696	0	1768	0	0	0	732	0	0	0	1746	0	0	0	0	0	0	0	0	0	0	0	0	0	0	0	0	0	0	0	0	0	0	0	0	0	0	
117472	SupraMarginal_L	622	0	0	0	0	0	0	0	0	0	0	0	0	0	0	0	1610	0	0	0	0	0	0	0	0	0	0	0	238	0	0	0	0	0	0	0	138	0	0	0	0	0	0	0	0	0	0	0	0	0	2384	0	230	0	0	0	7028	0	376	0	13414	0	0	0	6450	0	314	0	134	0	0	0	0	0	0	0	0	0	474	0	4670	0	0	0	10516	0	0	0	10138	0	0	0	0	0	0	0	0	0	0	0	0	0	0	0	0	0	0	0	0	0	0	0	0	0	0	0	
145080	SupraMarginal_R	0	5116	0	0	0	0	0	0	0	0	0	0	0	0	0	0	0	4392	0	2492	0	0	0	0	0	0	0	0	0	150	0	0	0	1594	0	192	0	842	0	482	0	0	0	260	0	732	0	0	0	1862	0	974	0	398	0	1268	0	12660	0	2992	0	14010	0	0	0	5788	0	1388	0	2264	0	0	0	0	0	0	0	0	0	550	0	7768	0	0	0	2012	0	0	0	2354	0	0	0	0	0	0	0	0	0	0	0	0	0	0	0	0	0	0	0	0	0	0	0	0	0	0	
178420	Angular_L	434	0	0	0	0	0	0	0	0	0	0	0	0	0	0	0	186	0	0	0	0	0	0	0	0	0	0	0	308	0	0	0	104	0	300	0	656	0	0	0	0	0	102	0	0	0	0	0	228	0	24742	0	490	0	0	0	2238	0	4508	0	19782	0	6450	0	0	0	2638	0	684	0	0	0	128	0	0	0	0	0	1140	0	2406	0	0	0	13222	0	0	0	8464	0	0	0	0	0	0	0	0	0	0	0	0	0	0	0	0	0	0	0	0	0	0	0	0	0	0	0	
154368	Angular_R	0	596	0	0	0	0	0	0	0	0	0	0	0	0	0	0	0	586	0	926	0	0	0	0	0	0	0	0	0	0	0	0	0	812	0	132	0	288	0	220	0	0	0	230	0	1060	0	0	0	7060	0	14092	0	350	0	912	0	1082	0	5784	0	10224	0	5788	0	0	0	1766	0	1200	0	0	0	0	0	0	0	0	0	1040	0	8544	0	0	0	10288	0	0	0	4204	0	0	0	0	0	0	0	0	0	0	0	0	0	0	0	0	0	0	0	0	0	0	0	0	0	0	
419996	Precuneus_L	3968	430	128	0	0	0	250	0	0	0	168	0	0	0	0	0	558	0	386	986	0	0	0	0	0	0	0	0	1248	0	0	0	4506	2242	10432	1620	7946	0	3254	0	0	0	22062	2442	14312	5040	5316	1196	9882	1960	28462	1068	5926	228	5038	460	7430	132	15538	2762	7692	0	314	0	2638	0	0	11976	7504	2216	0	0	340	0	0	0	574	0	628	0	1308	0	0	0	4254	0	0	0	3048	0	130	0	0	0	0	0	0	0	0	0	0	0	0	0	0	0	0	0	0	0	0	0	0	0	0	0	
559572	Precuneus_R	404	2172	0	308	0	0	0	0	0	0	0	0	0	0	0	0	0	476	1276	16304	0	0	0	0	0	0	0	0	0	88	0	0	1500	21804	836	15476	0	8092	0	3078	0	0	994	26186	1600	34950	154	9962	124	33656	184	13352	0	4682	0	9730	0	6382	1070	8990	0	1006	0	1388	0	1766	11976	0	3226	21730	0	0	0	0	0	0	0	1094	0	604	0	2114	0	0	0	4598	0	0	0	6010	0	0	0	0	0	0	0	260	0	0	0	0	0	0	0	0	0	0	0	0	184	0	0	0	0	0	
270056	Paracentral_Lobule_L	14202	2666	842	1424	0	0	152	0	0	0	124	0	0	0	0	0	240	0	15270	14086	0	0	0	0	0	0	0	0	806	0	124	0	5808	8524	5766	2540	826	138	232	0	0	0	3002	1182	2176	1790	146	248	316	1934	5418	1060	794	1410	440	1426	8260	518	1810	184	2838	0	134	0	684	0	7504	3226	0	4818	406	562	1752	196	1640	144	714	590	198	108	266	0	0	0	1576	218	0	0	342	1228	0	0	0	0	0	0	0	0	0	0	0	0	0	0	0	0	0	0	0	0	0	0	0	0	0	0	
315748	Paracentral_Lobule_R	696	6290	140	884	0	0	0	0	0	0	0	0	0	0	0	0	0	246	1192	26930	0	0	0	0	0	0	0	0	0	208	0	0	324	20462	504	5902	0	494	0	196	0	0	98	5388	0	9396	0	1006	0	12898	96	4488	0	3124	0	3314	0	9344	0	3636	0	584	0	2264	0	1200	2216	21730	4818	0	0	0	0	0	0	0	0	0	0	328	0	1066	0	0	0	2234	0	0	0	4092	0	0	0	0	0	0	0	0	0	0	0	0	0	0	0	0	0	0	0	0	86	0	0	0	0	0	
277312	Caudate_L	3602	224	10596	5290	358	114	3778	1942	158	0	1442	3252	476	3654	148	0	0	0	12056	5220	7226	8328	760	262	1452	1406	4230	1936	950	1338	5150	4746	0	0	218	0	368	0	0	0	0	0	0	0	0	0	0	0	0	0	0	0	0	0	0	0	424	0	0	0	0	0	0	0	0	0	0	0	406	0	0	10804	15356	3820	2214	1256	10022	3574	100	0	0	0	0	0	0	0	0	0	0	0	0	0	0	0	0	0	0	0	0	0	0	0	0	0	0	0	0	0	0	0	0	0	0	0	0	0	
418996	Caudate_R	1470	2244	1468	29218	508	2532	834	2190	0	118	92	1710	168	4334	120	836	0	374	1556	21874	3744	8032	2778	8294	1166	5088	1526	2844	206	5704	6802	24228	0	138	380	446	0	384	0	90	0	0	0	0	0	0	0	0	0	0	0	0	0	0	0	0	0	154	0	0	0	0	0	0	0	0	0	0	562	0	10804	0	5426	23426	296	6110	1656	17568	0	0	0	0	0	0	0	0	0	0	0	0	0	0	0	0	0	0	0	0	0	0	0	0	0	0	0	0	0	0	0	0	0	0	0	0	0	0	
310612	Putamen_L	2780	0	17492	584	5310	0	878	0	1276	0	922	214	516	686	4060	0	1020	0	20684	614	4212	5008	3234	174	2458	594	2120	978	18456	652	8482	3096	0	0	416	0	5342	0	868	0	412	0	0	0	0	0	0	0	0	0	452	0	0	0	656	0	1914	0	170	0	540	0	0	0	128	0	340	0	1752	0	15356	5426	0	2182	5934	810	1422	0	250	0	1682	0	2232	0	118	0	0	0	404	0	0	0	0	0	0	0	0	0	0	0	0	0	0	0	0	0	0	0	0	0	0	0	0	0	0	0	
374152	Putamen_R	306	1956	644	29440	240	5018	310	3380	0	256	0	3620	106	1988	0	2742	0	2906	702	13736	1648	2848	856	6286	670	5840	556	1218	118	20654	3372	11912	0	232	0	0	0	10174	0	3876	0	864	0	0	0	0	0	536	0	0	0	0	0	0	0	1982	0	996	0	0	0	0	0	0	0	0	0	0	196	0	3820	23426	2182	0	0	7404	120	4584	0	536	0	982	0	1226	0	146	0	0	0	244	0	0	0	0	0	0	0	88	0	134	0	0	0	0	0	0	0	0	0	0	0	0	0	0	0	0	
36348	Pallidum_L	780	0	654	0	0	0	0	0	0	0	0	0	0	0	0	0	120	0	3778	0	0	104	0	0	0	0	0	0	0	0	0	0	0	0	116	0	756	0	0	0	0	0	0	0	0	0	0	0	0	0	0	0	0	0	0	0	180	0	0	0	0	0	0	0	0	0	0	0	1640	0	2214	296	5934	0	0	0	1602	0	0	0	0	0	0	0	0	0	0	0	0	0	0	0	0	0	0	0	0	0	0	0	0	0	0	0	0	0	0	0	0	0	0	0	0	0	0	0	
63860	Pallidum_R	122	100	0	6942	0	0	0	144	0	0	0	306	0	134	0	0	0	710	166	1100	336	1004	0	130	0	0	0	0	0	542	0	206	0	0	0	0	0	984	0	428	0	0	0	0	0	0	0	0	0	0	0	0	0	0	0	142	0	0	0	0	0	0	0	0	0	0	0	0	144	0	1256	6110	810	7404	0	0	0	2320	0	262	0	128	0	0	0	0	0	0	0	0	0	0	0	0	0	0	0	0	0	0	0	0	0	0	0	0	0	0	0	0	0	0	0	0	0	0	
157716	Thalamus_L	18900	1678	4590	708	0	0	588	290	0	0	288	0	0	0	0	0	198	0	934	386	0	0	0	0	0	0	0	0	770	0	0	0	0	0	5916	4136	4952	722	498	0	0	0	0	0	0	0	316	0	0	0	0	0	0	0	0	0	304	0	0	0	0	0	0	0	0	0	574	0	714	0	10022	1656	1422	120	1602	0	0	16464	110	0	0	0	0	0	0	0	0	0	0	0	0	0	0	0	0	0	0	0	0	0	0	0	0	0	0	0	0	0	0	0	0	0	0	0	0	0	
212048	Thalamus_R	4278	6644	466	12446	0	112	140	2162	0	0	0	1104	0	564	0	0	0	420	768	8420	0	0	0	130	0	94	0	0	0	666	0	168	0	0	3756	6700	1342	6254	0	1128	0	0	0	0	0	0	0	708	0	0	0	0	0	0	0	272	0	510	0	0	0	0	0	0	0	0	0	1094	590	0	3574	17568	0	4584	0	2320	16464	0	0	0	0	108	0	0	0	86	0	0	0	202	0	0	0	0	0	0	0	182	0	0	0	0	0	0	0	0	0	0	0	0	0	0	0	0	0	0	
79384	Heschl_L	3688	0	118	0	0	0	1344	0	0	0	1158	0	0	0	0	0	2982	0	0	0	0	0	0	0	0	0	0	0	6530	0	0	0	0	0	222	0	2612	0	98	0	0	0	302	0	0	0	94	0	0	0	1720	0	188	0	1024	0	2068	0	212	0	740	0	474	0	1140	0	628	0	198	0	100	0	250	0	0	0	110	0	0	0	3076	0	0	0	3902	0	0	0	4714	0	0	0	0	0	0	0	0	0	0	0	0	0	0	0	0	0	0	0	0	0	0	0	0	0	0	0	
68236	Heschl_R	0	604	0	342	0	0	0	0	0	0	0	314	0	0	0	0	0	2568	0	770	0	0	0	0	0	0	0	0	0	2632	0	0	0	224	0	0	0	1986	0	1194	0	0	0	714	0	128	0	270	0	264	0	338	0	2254	0	3262	0	116	0	214	0	696	0	550	0	1040	0	604	108	328	0	0	0	536	0	262	0	0	0	0	0	5810	0	776	0	1284	0	0	0	3930	0	0	0	0	0	0	0	0	0	0	0	0	0	0	0	0	0	0	0	0	0	0	0	0	0	0	
181756	Temporal_Sup_L	1786	0	3848	0	0	0	484	0	0	0	2592	0	102	0	0	0	7328	0	4046	0	0	0	0	0	0	0	0	0	6324	0	0	0	0	0	86	0	1612	0	0	0	0	0	0	0	0	0	0	0	0	0	2806	0	1200	0	1084	0	3676	0	1318	0	1082	0	4670	0	2406	0	1308	0	266	0	0	0	1682	0	0	0	0	0	3076	0	0	0	2358	0	21412	0	126	0	14200	0	0	0	0	0	0	0	0	0	0	0	0	0	0	0	0	0	0	0	0	0	0	0	0	0	0	0	
212004	Temporal_Sup_R	0	994	0	314	0	0	0	0	0	0	0	210	0	0	0	0	0	6686	0	1204	0	0	0	0	0	0	0	0	0	5600	0	0	0	878	0	0	0	5608	0	2702	0	0	0	272	0	1550	0	0	0	3008	0	2426	0	960	0	5828	0	1288	0	502	0	1768	0	7768	0	8544	0	2114	0	1066	0	0	0	982	0	128	0	108	0	5810	0	0	0	4378	0	19758	0	282	0	13174	0	0	0	0	0	0	0	0	0	92	0	0	0	0	0	0	0	0	0	0	0	0	0	0	0	0	
68480	Temporal_Pole_Sup_L	0	0	1258	0	788	0	0	0	216	0	588	0	442	0	2366	0	708	0	1136	0	500	0	152	0	0	0	0	0	5352	0	148	0	0	0	0	0	834	0	398	0	584	0	0	0	0	0	0	0	0	0	0	0	0	0	1508	0	0	0	0	0	0	0	0	0	0	0	0	0	0	0	0	0	2232	0	0	0	0	0	0	0	2358	0	0	0	4760	0	4802	0	3110	0	0	0	0	0	0	0	0	0	0	0	0	0	0	0	0	0	0	0	0	0	0	0	0	0	0	0	
73840	Temporal_Pole_Sup_R	0	0	0	754	0	0	0	0	0	0	0	612	0	0	0	326	0	1306	0	250	0	132	0	0	0	0	0	0	0	2190	0	0	0	0	0	0	0	2160	0	3348	0	3020	0	0	0	0	0	0	0	0	0	0	0	0	0	5340	0	0	0	0	0	0	0	0	0	0	0	0	0	0	0	0	0	1226	0	0	0	0	0	776	0	4378	0	0	0	3448	0	4580	0	3074	0	0	0	0	0	0	0	0	0	0	0	0	0	0	0	0	0	0	0	0	0	0	0	0	0	0	
324240	Temporal_Mid_L	1622	0	202	0	0	0	360	0	0	0	312	0	184	0	0	0	794	0	190	0	0	0	0	0	0	0	0	0	1648	0	0	0	250	0	128	0	1442	0	188	0	0	0	2402	0	712	0	474	0	202	0	26022	0	5850	0	2500	0	2268	0	1972	0	8224	0	10516	0	13222	0	4254	0	1576	0	0	0	118	0	0	0	0	0	3902	0	21412	0	4760	0	0	0	4436	0	39866	0	112	0	0	0	0	0	0	0	0	0	0	0	0	0	0	0	0	0	0	0	0	0	0	0	0	0	
238092	Temporal_Mid_R	0	1186	0	202	0	0	0	0	0	0	0	0	0	0	0	0	0	1190	148	2602	0	0	0	0	0	0	0	0	0	1746	0	0	0	1522	0	0	0	3388	0	2106	0	0	0	1206	0	3620	0	0	0	5686	0	10932	0	1356	0	5324	0	1272	0	234	0	732	0	2012	0	10288	0	4598	218	2234	0	0	0	146	0	0	0	86	0	1284	0	19758	0	3448	0	0	0	1386	0	28938	0	96	0	0	0	0	0	0	0	102	0	0	0	0	0	0	0	0	0	0	0	0	0	0	0	0	
31804	Temporal_Pole_Mid_L	0	0	0	0	0	0	0	0	0	0	0	0	0	0	0	0	0	0	0	0	0	0	0	0	0	0	0	0	238	0	0	0	0	0	0	0	236	0	494	0	198	0	0	0	0	0	0	0	0	0	0	0	0	0	1970	0	0	0	0	0	0	0	0	0	0	0	0	0	0	0	0	0	0	0	0	0	0	0	0	0	126	0	4802	0	4436	0	0	0	3402	0	0	0	0	0	0	0	0	0	0	0	0	0	0	0	0	0	0	0	0	0	0	0	0	0	0	0	
27356	Temporal_Pole_Mid_R	0	0	0	0	0	0	0	0	0	0	0	0	0	0	0	0	0	0	0	0	0	0	0	0	0	0	0	0	0	0	0	0	0	0	0	0	0	174	0	1752	0	440	0	0	0	0	0	0	0	0	0	0	0	0	0	2762	0	0	0	0	0	0	0	0	0	0	0	0	0	0	0	0	0	0	0	0	0	0	0	0	0	282	0	4580	0	1386	0	0	0	2302	0	0	0	0	0	0	0	0	0	0	0	0	0	0	0	0	0	0	0	0	0	0	0	0	0	0	
309604	Temporal_Inf_L	486	0	626	0	0	0	274	0	0	0	264	0	146	0	0	0	884	0	552	0	0	0	0	0	0	0	0	0	2860	0	0	0	148	0	164	0	8284	0	1496	0	1960	0	2278	0	434	0	328	0	372	0	9786	0	7198	0	16168	0	1198	0	1100	0	6724	0	10138	0	8464	0	3048	0	342	0	0	0	404	0	0	0	0	0	4714	0	14200	0	3110	0	39866	0	3402	0	0	0	2178	0	284	0	0	0	0	0	560	0	184	0	178	0	0	0	0	0	0	0	0	0	0	0	0	0	
314784	Temporal_Inf_R	184	2306	0	456	0	0	0	0	0	0	0	0	0	0	0	0	0	1490	534	5010	0	0	0	0	0	0	0	0	0	3694	0	0	0	2314	0	0	0	9524	0	4590	0	438	0	4488	0	3646	0	1036	0	5182	0	3324	0	10358	0	24310	0	1250	0	498	0	1746	0	2354	0	4204	0	6010	1228	4092	0	0	0	244	0	0	0	202	0	3930	0	13174	0	3074	0	28938	0	2302	0	0	0	694	0	0	0	0	0	178	0	234	0	0	0	0	0	0	0	0	0	0	156	0	0	0	0	0	
436480	Cerebelum_Crus1_L	0	0	0	0	0	0	0	0	0	0	0	0	0	0	0	0	0	0	0	0	0	0	0	0	0	0	0	0	0	0	0	0	0	0	0	0	90	0	1032	0	0	0	350	0	0	0	9272	2208	0	0	118	0	334	0	18728	786	0	0	0	0	0	0	0	0	0	0	130	0	0	0	0	0	0	0	0	0	0	0	0	0	0	0	0	0	112	0	0	0	2178	0	0	2658	33262	1982	842	428	19744	878	54998	4064	13014	124	19106	1630	4668	1152	1670	118	410	878	6156	7318	4720	1380	1574	128	
372952	Cerebelum_Crus1_R	0	0	0	0	0	0	0	0	0	0	0	0	0	0	0	0	0	0	0	0	0	0	0	0	0	0	0	0	0	0	0	0	0	0	0	0	0	104	0	332	0	0	214	0	0	0	2318	2398	0	0	0	0	0	0	472	8370	0	0	0	0	0	0	0	0	0	0	0	0	0	0	0	0	0	0	0	0	0	0	0	0	0	0	0	0	0	96	0	0	0	694	2658	0	1922	29776	0	3342	3542	15418	5934	46938	0	7466	512	20106	920	2474	0	0	152	2728	10234	8736	7844	490	286	0	
317988	Cerebelum_Crus2_L	0	0	0	0	0	0	0	0	0	0	0	0	0	0	0	0	0	0	0	0	0	0	0	0	0	0	0	0	0	0	0	0	0	0	0	0	0	0	122	0	0	0	0	0	0	0	688	1088	0	0	0	0	0	0	1546	408	0	0	0	0	0	0	0	0	0	0	0	0	0	0	0	0	0	0	0	0	0	0	0	0	0	0	0	0	0	0	0	0	284	0	33262	1922	0	6800	180	130	2500	202	12210	2114	34976	2660	33706	2676	5848	638	2686	0	202	294	768	3664	4456	1914	940	110	
273296	Cerebelum_Crus2_R	0	0	0	0	0	0	0	0	0	0	0	0	0	0	0	0	0	0	0	0	0	0	0	0	0	0	0	0	0	0	0	0	0	0	0	0	0	0	0	102	0	0	0	0	0	0	716	564	0	0	0	0	0	0	0	438	0	0	0	0	0	0	0	0	0	0	0	0	0	0	0	0	0	0	0	0	0	0	0	0	0	0	0	0	0	0	0	0	0	0	1982	29776	6800	0	0	474	304	934	2404	9020	588	21520	1554	34984	1248	4854	0	106	0	320	666	3224	10398	2342	1330	0	
27996	Cerebelum_3_L	0	0	0	0	0	0	0	0	0	0	0	0	0	0	0	0	0	0	0	0	0	0	0	0	0	0	0	0	0	0	0	0	0	0	0	0	0	0	210	0	0	0	0	0	0	0	468	130	0	0	0	0	0	0	0	0	0	0	0	0	0	0	0	0	0	0	0	0	0	0	0	0	0	0	0	0	0	0	0	0	0	0	0	0	0	0	0	0	0	0	842	0	180	0	0	184	4096	0	1184	88	0	0	404	0	560	142	0	0	836	1916	844	682	506	112	614	0	
63196	Cerebelum_3_R	0	0	0	0	0	0	0	0	0	0	0	0	0	0	0	0	0	0	0	0	0	0	0	0	0	0	0	0	0	0	0	0	0	0	0	0	0	218	0	330	0	0	0	0	0	0	0	756	0	0	0	0	0	0	0	234	0	0	0	0	0	0	0	0	0	0	0	0	0	0	0	0	0	0	0	0	0	0	0	0	0	0	0	0	0	0	0	0	0	0	428	3342	130	474	184	0	650	4910	730	6246	0	164	264	714	530	628	0	0	968	4540	1308	1002	1070	712	1066	0	
256272	Cerebelum_4_5_L	0	0	0	0	0	0	0	0	0	0	0	0	0	0	0	0	0	0	0	0	0	0	0	0	0	0	0	0	0	0	0	0	0	0	0	0	116	0	924	0	0	0	0	0	0	0	10030	1418	0	0	0	0	0	0	10138	226	0	0	0	0	0	0	0	0	0	0	0	0	0	0	0	0	0	0	0	0	0	0	0	0	0	0	0	0	0	0	0	0	0	0	19744	3542	2500	304	4096	650	0	2436	31460	4740	1462	0	4310	312	3190	502	578	0	792	1792	15154	3974	964	282	1522	978	
183732	Cerebelum_4_5_R	0	0	0	0	0	0	0	0	0	0	0	0	0	0	0	0	0	0	0	114	0	0	0	0	0	0	0	0	0	0	0	0	0	0	0	0	0	2002	0	3236	0	156	412	104	0	0	1032	3594	0	0	0	0	0	228	220	6850	0	0	0	0	0	0	0	0	0	0	0	260	0	0	0	0	0	88	0	0	0	182	0	0	0	0	0	0	0	0	0	0	0	178	878	15418	202	934	0	4910	2436	0	1358	25682	0	314	314	1606	104	354	0	166	96	3588	12376	768	934	498	274	0	
459880	Cerebelum_6_L	0	0	0	0	0	0	0	0	0	0	0	0	0	0	0	0	0	0	0	0	0	0	0	0	0	0	0	0	0	0	0	0	0	0	0	0	0	0	1100	0	0	0	0	0	0	0	15686	4834	0	0	0	0	200	0	23902	1364	0	0	0	0	0	0	0	0	0	0	0	0	0	0	0	0	0	0	0	0	0	0	0	0	0	0	0	0	0	0	0	0	560	0	54998	5934	12210	2404	1184	730	31460	1358	0	8432	4366	228	8704	1852	6680	1774	786	108	770	1456	11462	16424	5248	1130	2244	352	
382584	Cerebelum_6_R	0	0	0	0	0	0	0	0	0	0	0	0	0	0	0	0	0	0	0	0	0	0	0	0	0	0	0	0	0	134	0	0	0	0	0	0	0	1012	0	1548	0	0	426	0	0	0	2872	5408	0	0	0	0	0	148	742	14042	0	0	0	0	0	0	0	0	0	0	0	0	0	0	0	0	0	134	0	0	0	0	0	0	0	92	0	0	0	102	0	0	0	234	4064	46938	2114	9020	88	6246	4740	25682	8432	0	0	2498	690	8328	1660	1492	0	260	326	4540	15246	12124	7552	1404	856	98	
207800	Cerebelum_7b_L	0	0	0	0	0	0	0	0	0	0	0	0	0	0	0	0	0	0	0	0	0	0	0	0	0	0	0	0	0	0	0	0	0	0	0	0	0	0	114	0	0	0	0	0	0	0	240	0	0	0	0	0	0	0	958	0	0	0	0	0	0	0	0	0	0	0	0	0	0	0	0	0	0	0	0	0	0	0	0	0	0	0	0	0	0	0	0	0	184	0	13014	0	34976	588	0	0	1462	0	4366	0	0	310	35184	1326	5326	182	1910	0	0	0	130	94	1216	2134	186	0	
133720	Cerebelum_7b_R	0	0	0	0	0	0	0	0	0	0	0	0	0	0	0	0	0	0	0	0	0	0	0	0	0	0	0	0	0	0	0	0	0	0	0	0	0	0	0	0	0	0	0	0	0	0	0	0	0	0	0	0	0	0	0	108	0	0	0	0	0	0	0	0	0	0	0	0	0	0	0	0	0	0	0	0	0	0	0	0	0	0	0	0	0	0	0	0	0	0	124	7466	2660	21520	0	164	0	314	228	2498	310	0	362	24094	0	4236	0	0	0	100	120	328	1354	634	240	0	
314136	Cerebelum_8_L	0	0	0	0	0	0	0	0	0	0	0	0	0	0	0	0	0	0	0	0	0	0	0	0	0	0	0	0	0	0	0	0	0	0	0	0	0	0	114	0	0	0	0	0	0	0	414	90	0	0	0	0	0	0	1196	0	0	0	0	0	0	0	0	0	0	0	0	0	0	0	0	0	0	0	0	0	0	0	0	0	0	0	0	0	0	0	0	0	178	0	19106	512	33706	1554	404	264	4310	314	8704	690	35184	362	0	3946	20684	2914	3590	356	206	488	1622	426	5028	6772	3742	192	
287948	Cerebelum_8_R	0	0	0	0	0	0	0	0	0	0	0	0	0	0	0	0	0	0	0	0	0	0	0	0	0	0	0	0	0	0	0	0	0	0	0	0	0	0	0	90	0	0	0	0	0	0	382	418	0	0	0	0	0	0	0	434	0	0	0	0	0	0	0	0	0	0	0	0	0	0	0	0	0	0	0	0	0	0	0	0	0	0	0	0	0	0	0	0	0	0	1630	20106	2676	34984	0	714	312	1606	1852	8328	1326	24094	3946	0	2720	17296	0	528	154	526	1232	1750	8766	5026	2938	140	
172616	Cerebelum_9_L	0	0	0	0	0	0	0	0	0	0	0	0	0	0	0	0	0	0	0	0	0	0	0	0	0	0	0	0	0	0	0	0	0	0	0	0	0	0	0	0	0	0	0	0	0	0	0	580	0	0	0	0	0	0	0	130	0	0	0	0	0	0	0	0	0	0	0	0	0	0	0	0	0	0	0	0	0	0	0	0	0	0	0	0	0	0	0	0	0	0	4668	920	5848	1248	560	530	3190	104	6680	1660	5326	0	20684	2720	0	4780	4064	652	700	994	1172	3852	4928	4078	5566	674	
141392	Cerebelum_9_R	0	0	0	0	0	0	0	0	0	0	0	0	0	0	0	0	0	0	0	0	0	0	0	0	0	0	0	0	0	0	0	0	0	0	0	0	0	0	0	0	0	0	0	0	0	0	0	0	0	0	0	0	0	0	0	0	0	0	0	0	0	0	0	0	0	0	0	0	0	0	0	0	0	0	0	0	0	0	0	0	0	0	0	0	0	0	0	0	0	0	1152	2474	638	4854	142	628	502	354	1774	1492	182	4236	2914	17296	4780	0	0	1552	658	904	1018	2370	6440	5428	7544	1364	
30912	Cerebelum_10_L	0	0	0	0	0	0	0	0	0	0	0	0	0	0	0	0	0	0	0	0	0	0	0	0	0	0	0	0	0	0	0	0	0	0	0	0	0	0	0	0	0	0	0	0	0	0	0	0	0	0	0	0	0	0	0	0	0	0	0	0	0	0	0	0	0	0	0	0	0	0	0	0	0	0	0	0	0	0	0	0	0	0	0	0	0	0	0	0	0	0	1670	0	2686	0	0	0	578	0	786	0	1910	0	3590	0	4064	0	0	0	0	0	172	0	0	0	0	0	
13144	Cerebelum_10_R	0	0	0	0	0	0	0	0	0	0	0	0	0	0	0	0	0	0	0	0	0	0	0	0	0	0	0	0	0	0	0	0	0	0	0	0	0	0	0	0	0	0	0	0	0	0	0	0	0	0	0	0	0	0	0	0	0	0	0	0	0	0	0	0	0	0	0	0	0	0	0	0	0	0	0	0	0	0	0	0	0	0	0	0	0	0	0	0	0	0	118	0	0	106	0	0	0	166	108	260	0	0	356	528	652	1552	0	0	0	0	0	0	966	916	844	0	
32112	Vermis_1_2	0	0	0	0	0	0	0	0	0	0	0	0	0	0	0	0	0	0	0	0	0	0	0	0	0	0	0	0	0	0	0	0	0	0	0	0	0	0	0	0	0	0	0	0	0	0	0	0	0	0	0	0	0	0	0	0	0	0	0	0	0	0	0	0	0	0	0	0	0	0	0	0	0	0	0	0	0	0	0	0	0	0	0	0	0	0	0	0	0	0	410	152	202	0	836	968	792	96	770	326	0	0	206	154	700	658	0	0	0	4196	1004	1376	1080	532	1488	110	
79784	Vermis_3	0	0	0	0	0	0	0	0	0	0	0	0	0	0	0	0	0	0	0	0	0	0	0	0	0	0	0	0	0	0	0	0	0	0	0	0	0	0	0	0	0	0	0	0	0	0	220	132	0	0	0	0	0	0	0	86	0	0	0	0	0	0	0	0	0	0	0	0	0	0	0	0	0	0	0	0	0	0	0	0	0	0	0	0	0	0	0	0	0	0	878	2728	294	320	1916	4540	1792	3588	1456	4540	0	100	488	526	994	904	0	0	4196	0	3608	1958	1650	790	2102	86	
