data	data	515808	431056	684508	699620	206872	147604	377804	346908	86176	55776	232724	206276	308692	133632	202040	170324	278812	197584	515712	735128	157460	167020	474504	378616	67084	113120	73580	123784	593552	332124	486104	475776	202956	510684	330484	306908	395588	419120	195108	307820	63240	80512	327724	359616	212172	345528	390348	365580	155580	316608	425160	214476	156400	105704	476300	608932	447612	276920	115068	129736	271556	133780	181976	169404	165168	177224	386956	569012	216836	296704	442832	371096	341404	365956	51416	41796	244980	289920	140176	89748	258276	198584	142724	88244	412352	279928	35784	77588	302552	282200	625904	467080	415004	437916	48640	58396	306820	254644	494736	471240	241340	188952	297620	275744	118704	154200	21132	8612	37200	71612	254220	229332	317232	127092	129524	57956	
data	data	Precentral_L	Precentral_R	Frontal_Sup_L	Frontal_Sup_R	Frontal_Sup_Orb_L	Frontal_Sup_Orb_R	Frontal_Mid_L	Frontal_Mid_R	Frontal_Mid_Orb_L	Frontal_Mid_Orb_R	Frontal_Inf_Oper_L	Frontal_Inf_Oper_R	Frontal_Inf_Tri_L	Frontal_Inf_Tri_R	Frontal_Inf_Orb_L	Frontal_Inf_Orb_R	Rolandic_Oper_L	Rolandic_Oper_R	Supp_Motor_Area_L	Supp_Motor_Area_R	Olfactory_L	Olfactory_R	Frontal_Sup_Medial_L	Frontal_Sup_Medial_R	Frontal_Med_Orb_L	Frontal_Med_Orb_R	Rectus_L	Rectus_R	Insula_L	Insula_R	Cingulum_Ant_L	Cingulum_Ant_R	Cingulum_Mid_L	Cingulum_Mid_R	Cingulum_Post_L	Cingulum_Post_R	Hippocampus_L	Hippocampus_R	ParaHippocampal_L	ParaHippocampal_R	Amygdala_L	Amygdala_R	Calcarine_L	Calcarine_R	Cuneus_L	Cuneus_R	Lingual_L	Lingual_R	Occipital_Sup_L	Occipital_Sup_R	Occipital_Mid_L	Occipital_Mid_R	Occipital_Inf_L	Occipital_Inf_R	Fusiform_L	Fusiform_R	Postcentral_L	Postcentral_R	Parietal_Sup_L	Parietal_Sup_R	Parietal_Inf_L	Parietal_Inf_R	SupraMarginal_L	SupraMarginal_R	Angular_L	Angular_R	Precuneus_L	Precuneus_R	Paracentral_Lobule_L	Paracentral_Lobule_R	Caudate_L	Caudate_R	Putamen_L	Putamen_R	Pallidum_L	Pallidum_R	Thalamus_L	Thalamus_R	Heschl_L	Heschl_R	Temporal_Sup_L	Temporal_Sup_R	Temporal_Pole_Sup_L	Temporal_Pole_Sup_R	Temporal_Mid_L	Temporal_Mid_R	Temporal_Pole_Mid_L	Temporal_Pole_Mid_R	Temporal_Inf_L	Temporal_Inf_R	Cerebelum_Crus1_L	Cerebelum_Crus1_R	Cerebelum_Crus2_L	Cerebelum_Crus2_R	Cerebelum_3_L	Cerebelum_3_R	Cerebelum_4_5_L	Cerebelum_4_5_R	Cerebelum_6_L	Cerebelum_6_R	Cerebelum_7b_L	Cerebelum_7b_R	Cerebelum_8_L	Cerebelum_8_R	Cerebelum_9_L	Cerebelum_9_R	Cerebelum_10_L	Cerebelum_10_R	Vermis_1_2	Vermis_3	Vermis_4_5	Vermis_6	Vermis_7	Vermis_8	Vermis_9	Vermis_10	
515808	Precentral_L	0	8340	13260	6396	0	0	12404	1822	0	0	10110	182	2026	0	0	0	9636	110	5608	7092	152	0	484	0	0	0	0	0	7516	362	2406	442	2364	322	10358	5550	5206	3502	522	702	268	0	670	116	1026	0	512	112	282	0	824	0	90	0	432	152	34722	166	96	0	2052	0	650	0	504	0	2976	338	11070	2422	20454	2110	6452	216	5420	138	31172	9582	3592	122	950	136	76	0	818	0	0	0	312	0	0	0	0	0	0	0	0	0	0	0	0	0	0	0	0	0	0	0	0	0	0	0	0	0	0	0	
431056	Precentral_R	8340	0	1032	19578	0	120	442	19912	0	0	378	14134	252	1134	0	182	462	9148	4658	20016	72	120	130	360	0	0	0	96	548	4068	278	924	0	3814	1228	5122	316	2992	0	1326	0	0	0	2444	0	2870	0	1422	0	1130	0	782	0	850	0	2178	1352	18794	0	496	0	1242	0	2136	0	876	0	8704	3718	15012	2404	6908	132	5820	0	1772	988	5148	292	900	0	1468	0	0	0	2174	0	0	0	2334	0	0	0	0	0	0	0	0	0	0	0	0	0	0	0	0	0	0	0	0	0	0	0	0	0	0	
684508	Frontal_Sup_L	13260	1032	0	6434	16224	0	63640	1330	4266	0	7146	130	21138	114	14284	162	4010	0	40032	7956	832	114	39986	6822	2166	442	512	74	22262	76	20070	5036	2386	3436	386	82	802	252	0	0	246	0	0	0	0	0	0	0	0	0	0	0	0	0	184	0	2620	0	0	0	188	0	0	0	0	0	138	0	1004	0	7516	886	10926	602	2954	0	3612	224	576	0	954	0	1762	0	384	0	82	0	502	0	0	0	0	0	0	0	0	0	0	0	0	0	0	0	0	0	0	0	0	0	0	0	0	0	0	0	
699620	Frontal_Sup_R	6396	19578	6434	0	0	6464	2484	42154	0	1730	814	9798	620	7460	0	7494	440	5626	15784	53810	518	1226	9324	33210	64	3970	122	1710	978	10908	5568	27224	2332	16856	772	774	328	2406	0	752	0	0	0	126	0	70	0	158	0	0	0	0	0	0	0	488	940	1254	0	0	0	0	0	136	0	0	0	350	1724	70	4086	15076	632	11388	0	914	818	4560	262	74	0	304	0	74	0	92	0	0	0	86	0	0	0	0	0	0	0	0	0	0	0	0	0	0	0	0	0	0	0	0	0	0	0	0	0	0	
206872	Frontal_Sup_Orb_L	0	0	16224	0	0	68	7162	0	11746	0	88	0	2628	0	19074	0	0	0	128	0	3256	470	5636	1038	5510	498	6548	196	8914	0	7614	602	0	0	0	0	594	0	0	0	874	0	0	0	0	0	0	0	0	0	0	0	0	0	0	0	0	0	0	0	0	0	0	0	0	0	0	0	0	0	1056	180	1630	72	0	0	0	0	0	0	0	0	1630	0	0	0	0	0	0	0	0	0	0	0	0	0	0	0	0	0	0	0	0	0	0	0	0	0	0	0	0	0	0	0	0	0	
147604	Frontal_Sup_Orb_R	0	120	0	6464	68	0	0	3094	0	6858	0	0	0	1006	0	7738	0	0	0	788	1768	5058	158	3168	122	7420	468	11504	120	2182	348	3560	0	106	0	0	0	0	0	0	160	0	0	0	0	0	0	0	0	0	0	0	0	0	0	0	0	0	0	0	0	0	0	0	0	0	0	0	0	0	1794	4742	1010	3890	0	0	0	0	0	0	0	0	0	88	0	0	0	0	0	0	0	0	0	0	0	0	0	0	0	0	0	0	0	0	0	0	0	0	0	0	0	0	0	0	0	0	
377804	Frontal_Mid_L	12404	442	63640	2484	7162	0	0	854	5534	0	5044	74	30620	64	12092	0	892	0	4844	1918	272	0	16014	2074	94	0	148	0	6620	74	6072	1200	268	814	100	108	134	170	0	0	0	0	0	0	0	0	0	0	0	0	0	0	0	0	0	0	580	0	0	0	0	0	0	0	0	0	0	0	0	0	3382	130	832	70	184	0	300	412	342	0	0	0	440	0	0	0	0	0	0	0	0	0	0	0	0	0	0	0	0	0	0	0	0	0	0	0	0	0	0	0	0	0	0	0	0	0	
346908	Frontal_Mid_R	1822	19912	1330	42154	0	3094	854	0	0	4174	478	13254	368	13960	0	11948	78	3622	4298	6832	0	98	2406	7598	0	0	0	100	366	4700	1804	7258	536	4854	120	136	68	1184	0	520	0	0	0	0	0	0	0	0	0	0	0	0	0	0	0	532	0	614	0	0	0	0	0	0	0	0	0	76	80	0	2734	1678	182	4646	0	776	182	1278	0	198	0	380	0	0	0	84	0	0	0	88	0	0	0	0	0	0	0	0	0	0	0	0	0	0	0	0	0	0	0	0	0	0	0	0	0	0	
86176	Frontal_Mid_Orb_L	0	0	4266	0	11746	0	5534	0	0	0	0	0	2416	0	13606	0	0	0	0	0	154	0	248	0	952	0	2180	0	690	0	818	0	0	0	0	0	0	0	0	0	0	0	0	0	0	0	0	0	0	0	0	0	0	0	0	0	0	0	0	0	0	0	0	0	0	0	0	0	0	0	0	0	0	0	0	0	0	0	0	0	0	0	478	0	0	0	0	0	0	0	0	0	0	0	0	0	0	0	0	0	0	0	0	0	0	0	0	0	0	0	0	0	0	0	0	0	
55776	Frontal_Mid_Orb_R	0	0	0	1730	0	6858	0	4174	0	0	0	0	0	1330	0	8048	0	0	0	282	202	390	0	474	0	338	0	1226	0	718	0	454	0	92	0	0	0	0	0	0	0	0	0	0	0	0	0	0	0	0	0	0	0	0	0	0	0	0	0	0	0	0	0	0	0	0	0	0	0	0	268	640	156	508	0	0	0	0	0	0	0	0	0	0	0	0	0	0	0	0	0	0	0	0	0	0	0	0	0	0	0	0	0	0	0	0	0	0	0	0	0	0	0	0	0	0	
232724	Frontal_Inf_Oper_L	10110	378	7146	814	88	0	5044	478	0	0	0	0	19302	0	838	100	12954	0	5588	556	296	74	3096	112	0	0	0	0	18240	0	6696	752	122	0	112	118	648	202	0	0	0	0	0	0	0	0	0	0	0	0	0	0	0	0	98	0	2514	0	0	0	0	0	0	0	0	0	0	0	0	0	6326	632	2862	212	94	0	718	296	842	0	2852	0	4428	0	430	0	0	0	194	0	0	0	0	0	0	0	0	0	0	0	0	0	0	0	0	0	0	0	0	0	0	0	0	0	0	0	
206276	Frontal_Inf_Oper_R	182	14134	130	9798	0	0	74	13254	0	0	0	0	0	6854	0	484	0	14018	120	6988	0	0	200	420	0	0	0	0	68	13972	440	2182	0	338	192	196	154	1964	0	1018	0	0	0	74	0	0	0	0	0	0	0	0	0	0	0	1122	0	2158	0	0	0	0	0	0	0	0	0	142	0	0	202	1166	0	7814	0	520	134	1138	0	288	0	782	0	76	0	172	0	0	0	170	0	0	0	0	0	0	0	0	0	0	0	0	0	0	0	0	0	0	0	0	0	0	0	0	0	0	
308692	Frontal_Inf_Tri_L	2026	252	21138	620	2628	0	30620	368	2416	0	19302	0	0	0	10240	80	5278	0	2898	468	224	66	8864	214	102	0	0	0	21800	0	9842	382	274	98	0	0	328	0	0	0	0	0	0	0	0	0	0	0	0	0	0	0	0	0	100	0	298	0	0	0	0	0	0	0	0	0	0	0	0	0	2928	336	2740	148	0	0	102	106	80	0	2162	0	4306	0	304	0	0	0	208	0	0	0	0	0	0	0	0	0	0	0	0	0	0	0	0	0	0	0	0	0	0	0	0	0	0	0	
133632	Frontal_Inf_Tri_R	0	1134	114	7460	0	1006	64	13960	0	1330	0	6854	0	0	0	9012	0	1084	834	1266	0	0	1590	3214	0	0	0	0	0	8618	108	1706	218	3452	0	0	0	0	0	0	0	0	0	0	0	0	0	0	0	0	0	0	0	0	0	0	0	200	0	0	0	0	0	0	0	0	0	0	0	0	70	80	0	3442	0	0	0	0	0	0	0	0	0	0	0	0	0	0	0	0	0	0	0	0	0	0	0	0	0	0	0	0	0	0	0	0	0	0	0	0	0	0	0	0	0	0	
202040	Frontal_Inf_Orb_L	0	0	14284	0	19074	0	12092	0	13606	0	838	0	10240	0	0	0	150	0	136	0	2692	214	2146	216	554	112	1752	90	10860	0	3814	184	0	0	0	0	444	0	86	0	626	0	0	0	0	0	0	0	0	0	0	0	0	0	0	0	0	0	0	0	0	0	0	0	0	0	0	0	0	0	636	88	1496	0	0	0	0	0	0	0	336	0	4182	0	72	0	0	0	0	0	0	0	0	0	0	0	0	0	0	0	0	0	0	0	0	0	0	0	0	0	0	0	0	0	0	0	
170324	Frontal_Inf_Orb_R	0	182	162	7494	0	7738	0	11948	0	8048	100	484	80	9012	0	0	0	0	1244	3020	670	2378	1092	2172	0	0	246	3140	122	9128	204	1390	194	3116	0	0	0	300	0	130	0	0	0	0	0	0	0	0	0	0	0	0	0	0	0	166	0	0	0	0	0	0	0	0	0	0	0	0	0	0	904	3448	530	4482	0	0	0	0	0	0	0	594	0	862	0	122	0	170	0	90	0	0	0	0	0	0	0	0	0	0	0	0	0	0	0	0	0	0	0	0	0	0	0	0	0	0	
278812	Rolandic_Oper_L	9636	462	4010	440	0	0	892	78	0	0	12954	0	5278	0	150	0	0	0	3578	182	96	0	892	0	0	0	0	0	26304	84	1284	134	0	0	710	664	2952	866	242	120	0	0	186	0	132	0	82	0	0	0	946	0	96	0	596	0	16030	0	0	0	612	0	2220	0	390	0	216	0	174	0	10884	240	3626	0	542	0	2862	1082	8826	0	8562	0	3374	0	4490	0	0	0	1230	0	0	0	0	0	0	0	0	0	0	0	0	0	0	0	0	0	0	0	0	0	0	0	0	0	0	0	
197584	Rolandic_Oper_R	110	9148	0	5626	0	0	0	3622	0	0	0	14018	0	1084	0	0	0	0	0	5496	0	0	64	106	0	0	0	0	0	15816	0	400	0	96	106	142	86	2500	0	1046	0	0	0	120	0	0	0	74	0	0	0	0	0	0	0	1194	0	5192	0	0	0	66	0	2954	0	82	0	242	0	0	110	2368	0	9110	0	3018	80	1404	0	4568	0	6450	0	436	0	844	0	222	0	792	0	0	0	0	0	0	0	0	0	0	0	0	0	0	0	0	0	0	0	0	0	0	0	0	0	0	
515712	Supp_Motor_Area_L	5608	4658	40032	15784	128	0	4844	4298	0	0	5588	120	2898	834	136	1244	3578	0	0	42462	80	0	9070	7004	88	0	0	0	11208	66	11332	6394	8634	19912	832	490	438	594	0	0	0	0	0	0	0	72	0	0	84	0	352	0	0	0	198	0	1620	0	122	0	304	0	284	0	266	0	466	290	11262	1288	10894	1290	12840	868	1322	0	1538	750	270	0	942	0	1000	0	528	0	94	0	558	0	0	0	0	0	0	0	0	0	0	0	0	0	0	0	0	0	0	0	0	0	0	0	0	0	0	0	
735128	Supp_Motor_Area_R	7092	20016	7956	53810	0	788	1918	6832	0	282	556	6988	468	1266	0	3020	182	5496	42462	0	108	616	3398	10004	0	154	0	586	584	7604	4002	14238	6926	38396	1502	8286	214	1510	0	810	0	200	0	2256	0	3998	0	1108	0	2886	0	776	0	620	0	1390	126	6348	0	752	0	852	0	1128	0	754	258	10338	9124	25518	2604	17310	318	5420	80	940	804	8576	74	182	0	708	0	72	0	2146	0	0	0	1828	0	0	0	0	0	0	0	0	0	0	0	0	0	0	0	0	0	0	0	0	0	0	0	0	0	0	
157460	Olfactory_L	152	72	832	518	3256	1768	272	0	154	202	296	0	224	0	2692	670	96	0	80	108	0	9418	308	382	1274	1562	4594	3136	4040	428	5208	3836	0	0	0	0	1018	0	346	0	2534	0	0	0	0	0	0	0	0	0	0	0	0	0	480	0	0	0	0	0	0	0	0	0	0	0	0	0	0	0	14002	5422	6796	1422	0	0	160	322	0	0	0	0	510	0	0	0	0	0	140	0	0	0	0	0	0	0	0	0	0	0	0	0	0	0	0	0	0	0	0	0	0	0	0	0	0	0	
167020	Olfactory_R	0	120	114	1226	470	5058	0	98	0	390	74	0	66	0	214	2378	0	0	0	616	9418	0	156	716	358	3306	2228	8752	464	2760	3000	5522	0	0	0	0	0	130	0	142	546	188	0	0	0	0	0	0	0	0	0	0	0	0	0	76	0	0	0	0	0	0	0	0	0	0	0	0	0	0	11836	10926	7832	3488	254	0	106	380	0	0	0	0	0	102	0	0	0	0	0	0	0	0	0	0	0	0	0	0	0	0	0	0	0	0	0	0	0	0	0	0	0	0	0	0	0	0	
474504	Frontal_Sup_Medial_L	484	130	39986	9324	5636	158	16014	2406	248	0	3096	200	8864	1590	2146	1092	892	64	9070	3398	308	156	0	27568	5010	2298	624	226	12494	342	35460	17090	6010	16450	0	0	80	0	0	0	0	0	0	0	0	0	0	0	0	0	0	0	0	0	0	0	70	0	0	0	0	0	0	0	0	0	0	0	0	0	1670	680	3358	1078	0	0	150	86	80	0	290	0	876	0	0	0	0	0	0	0	0	0	0	0	0	0	0	0	0	0	0	0	0	0	0	0	0	0	0	0	0	0	0	0	0	0	
378616	Frontal_Sup_Medial_R	0	360	6822	33210	1038	3168	2074	7598	0	474	112	420	214	3214	216	2172	0	106	7004	10004	382	716	27568	0	1738	7418	380	1472	566	1332	8682	27406	1688	19004	0	0	0	0	0	0	0	0	0	0	0	0	0	0	0	0	0	0	0	0	0	0	0	0	0	0	0	0	0	0	0	0	0	0	0	0	508	6148	418	5612	0	0	0	0	0	0	0	0	64	0	0	0	0	0	0	0	0	0	0	0	0	0	0	0	0	0	0	0	0	0	0	0	0	0	0	0	0	0	0	0	0	0	
67084	Frontal_Med_Orb_L	0	0	2166	64	5510	122	94	0	952	0	0	0	102	0	554	0	0	0	88	0	1274	358	5010	1738	0	1848	3218	192	318	0	6482	952	0	0	0	0	0	0	0	0	0	0	0	0	0	0	0	0	0	0	0	0	0	0	0	0	0	0	0	0	0	0	0	0	0	0	0	0	0	0	1142	306	906	146	0	0	0	0	0	0	0	0	0	0	0	0	0	0	0	0	0	0	0	0	0	0	0	0	0	0	0	0	0	0	0	0	0	0	0	0	0	0	0	0	0	0	
113120	Frontal_Med_Orb_R	0	0	442	3970	498	7420	0	0	0	338	0	0	0	0	112	0	0	0	0	154	1562	3306	2298	7418	1848	0	606	7616	192	0	2938	8386	134	450	0	0	0	0	0	0	88	0	0	0	0	0	0	0	0	0	0	0	0	0	0	0	0	0	0	0	0	0	0	0	0	0	0	0	0	0	960	4152	420	1252	0	0	0	0	0	0	0	0	0	0	0	0	0	0	0	0	0	0	0	0	0	0	0	0	0	0	0	0	0	0	0	0	0	0	0	0	0	0	0	0	0	0	
73580	Rectus_L	0	0	512	122	6548	468	148	0	2180	0	0	0	0	0	1752	246	0	0	0	0	4594	2228	624	380	3218	606	0	1270	1576	166	3730	872	0	0	0	0	70	0	0	0	570	0	0	0	0	0	0	0	0	0	0	0	0	0	0	0	0	0	0	0	0	0	0	0	0	0	0	0	0	0	3216	488	946	144	0	0	0	0	0	0	0	0	116	0	0	0	0	0	0	0	0	0	0	0	0	0	0	0	0	0	0	0	0	0	0	0	0	0	0	0	0	0	0	0	0	0	
123784	Rectus_R	0	96	74	1710	196	11504	0	100	0	1226	0	0	0	0	90	3140	0	0	0	586	3136	8752	226	1472	192	7616	1270	0	264	1760	654	4944	0	0	0	0	0	0	0	0	304	0	0	0	0	0	0	0	0	0	0	0	0	0	0	0	0	0	0	0	0	0	0	0	0	0	0	0	0	0	3124	4842	1800	2814	0	0	0	0	0	0	0	0	0	0	0	0	0	0	0	0	0	0	0	0	0	0	0	0	0	0	0	0	0	0	0	0	0	0	0	0	0	0	0	0	0	0	
593552	Insula_L	7516	548	22262	978	8914	120	6620	366	690	0	18240	68	21800	0	10860	122	26304	0	11208	584	4040	464	12494	566	318	192	1576	264	0	168	18588	662	368	0	1428	1242	12582	1276	1750	182	2896	0	182	0	100	0	188	0	0	0	644	0	0	0	5528	0	8184	0	0	0	608	0	1306	0	310	0	248	0	218	0	10556	944	19560	246	412	0	3364	1514	8092	0	12342	0	8218	0	6520	0	622	0	8116	0	64	0	0	0	0	0	298	0	136	0	0	0	0	0	0	0	0	0	0	0	0	0	0	0	0	0	
332124	Insula_R	362	4068	76	10908	0	2182	74	4700	0	718	0	13972	0	8618	0	9128	84	15816	66	7604	428	2760	342	1332	0	0	166	1760	168	0	98	1230	64	620	1362	1462	1196	8606	166	3808	0	398	0	200	0	64	88	96	0	0	0	0	0	64	102	4646	132	2104	0	0	110	0	146	592	0	0	0	416	0	182	638	2034	350	22606	0	1508	168	2582	210	5930	574	8762	0	1678	572	2560	0	314	158	1868	0	0	0	0	0	0	0	182	0	84	0	0	0	0	0	0	0	0	0	0	0	0	0	0	0	0	
486104	Cingulum_Ant_L	2406	278	20070	5568	7614	348	6072	1804	818	0	6696	440	9842	108	3814	204	1284	0	11332	4002	5208	3000	35460	8682	6482	2938	3730	654	18588	98	0	26122	7034	8658	0	0	186	92	0	0	190	0	0	0	0	0	0	0	0	0	0	0	0	0	0	0	106	0	0	0	0	0	0	0	0	0	0	0	0	0	10572	4466	12808	2788	0	0	510	220	116	0	324	0	1320	0	0	0	0	0	0	0	0	0	0	0	0	0	0	0	0	0	0	0	0	0	0	0	0	0	0	0	0	0	0	0	0	0	
475776	Cingulum_Ant_R	442	924	5036	27224	602	3560	1200	7258	0	454	752	2182	382	1706	184	1390	134	400	6394	14238	3836	5522	17090	27406	952	8386	872	4944	662	1230	26122	0	4774	24492	0	0	0	134	0	0	84	0	0	0	0	0	0	0	0	0	0	0	0	0	0	0	0	0	0	0	0	0	0	0	0	0	0	0	0	0	4876	16372	2920	12186	0	0	308	258	0	0	0	0	0	0	0	0	0	0	0	0	0	0	0	0	0	0	0	0	0	0	0	0	0	0	0	0	0	0	0	0	0	0	0	0	0	0	
202956	Cingulum_Mid_L	2364	0	2386	2332	0	0	268	536	0	0	122	0	274	218	0	194	0	0	8634	6926	0	0	6010	1688	0	134	0	0	368	64	7034	4774	0	18142	4884	728	98	0	0	0	0	0	676	0	1146	276	158	0	1148	460	3286	0	294	0	124	0	2828	68	2116	0	494	0	156	0	138	0	8308	1290	9256	476	134	0	0	144	0	0	118	0	0	0	0	0	0	0	206	0	0	0	0	0	0	0	0	0	0	0	0	0	0	0	0	0	0	0	0	0	0	0	0	0	0	0	0	0	0	0	
510684	Cingulum_Mid_R	322	3814	3436	16856	0	106	814	4854	0	92	0	338	98	3452	0	3116	0	96	19912	38396	0	0	16450	19004	0	450	0	0	0	620	8658	24492	18142	0	2570	7808	0	114	0	90	0	0	0	1590	158	6750	0	912	78	5722	0	494	0	124	0	176	0	4614	104	1994	0	406	0	652	0	648	2014	15170	2712	13008	208	262	64	1776	0	0	178	98	0	0	0	194	0	0	0	668	0	0	0	358	0	0	0	0	0	0	0	0	0	0	0	0	0	0	0	0	0	0	0	0	110	0	0	0	0	0	
330484	Cingulum_Post_L	10358	1228	386	772	0	0	100	120	0	0	112	192	0	0	0	0	710	106	832	1502	0	0	0	0	0	0	0	0	1428	1362	0	0	4884	2570	0	17878	15888	8606	7912	1696	0	0	5130	376	3090	318	7368	662	1486	100	3560	0	2470	0	3130	462	3764	170	104	0	954	0	912	0	146	0	14022	2180	7364	952	298	284	144	84	120	0	6220	10902	2212	748	2248	352	0	0	3030	0	0	0	1088	0	72	0	0	0	0	0	0	0	78	0	0	0	0	0	0	0	0	0	0	0	0	0	0	0	0	0	
306908	Cingulum_Post_R	5550	5122	82	774	0	0	108	136	0	0	118	196	0	0	0	0	664	142	490	8286	0	0	0	0	0	0	0	0	1242	1462	0	0	728	7808	17878	0	10336	10902	3708	3678	0	0	540	1320	466	1900	2532	3934	192	624	1400	0	1182	0	1174	2006	1038	2500	70	0	500	134	578	260	0	136	2794	12462	1150	7862	232	290	84	86	0	0	6126	11368	2008	774	2096	432	0	0	2452	100	0	0	654	184	0	0	0	0	0	0	0	0	0	0	0	0	0	0	0	0	0	0	0	0	404	0	0	0	0	0	
395588	Hippocampus_L	5206	316	802	328	594	0	134	68	0	0	648	154	328	0	444	0	2952	86	438	214	1018	0	80	0	0	0	70	0	12582	1196	186	0	98	0	15888	10336	0	7260	20572	1466	7882	0	5342	82	454	0	11230	628	92	0	3970	0	2562	0	17420	386	2392	0	0	0	670	0	764	0	90	0	8212	304	188	0	738	194	5584	0	530	0	7202	8034	3246	696	5856	270	1656	0	5612	0	588	0	8274	0	442	0	0	0	0	0	1452	0	758	0	0	0	152	0	300	0	0	0	0	0	0	0	78	0	0	0	
419120	Hippocampus_R	3502	2992	252	2406	0	0	170	1184	0	0	202	1964	0	0	0	300	866	2500	594	1510	0	130	0	0	0	0	0	0	1276	8606	92	134	0	114	8606	10902	7260	0	1780	34262	0	10204	118	1684	0	214	760	5456	0	0	0	66	64	116	486	26942	948	804	0	0	388	0	400	176	0	0	606	4868	0	266	850	2100	116	9508	0	646	4390	15234	1644	4158	1624	4522	0	1130	1756	2416	0	908	388	9140	72	100	0	108	0	0	0	1684	0	540	0	0	0	90	0	0	0	0	0	0	160	0	106	0	0	0	
195108	ParaHippocampal_L	522	0	0	0	0	0	0	0	0	0	0	0	0	0	86	0	242	0	0	0	346	0	0	0	0	0	0	0	1750	166	0	0	0	0	7912	3708	20572	1780	0	702	2950	0	4068	0	330	0	11506	436	76	0	3850	0	2620	0	12280	0	368	0	0	0	0	0	0	0	0	0	6236	216	100	0	0	0	1004	0	0	0	1858	1736	292	126	394	0	1896	0	1064	0	1596	0	1982	0	422	0	0	0	156	0	1210	0	576	0	0	0	144	0	210	0	0	0	0	0	0	0	66	0	0	0	
307820	ParaHippocampal_R	702	1326	0	752	0	0	0	520	0	0	0	1018	0	0	0	130	120	1046	0	810	0	142	0	0	0	0	0	0	182	3808	0	0	0	90	1696	3678	1466	34262	702	0	0	10320	0	2914	0	254	352	7178	0	0	0	120	0	202	102	30116	116	472	0	0	0	0	0	212	0	66	432	5282	0	400	104	462	0	6162	0	448	1150	4236	278	3424	66	4334	0	5856	0	1836	0	4650	0	5448	0	164	0	134	0	218	82	2520	0	600	0	0	0	102	0	104	0	0	0	0	80	0	248	144	72	0	
63240	Amygdala_L	268	0	246	0	874	160	0	0	0	0	0	0	0	0	626	0	0	0	0	0	2534	546	0	0	0	88	570	304	2896	0	190	84	0	0	0	0	7882	0	2950	0	0	0	0	0	0	0	0	0	0	0	0	0	0	0	4498	0	0	0	0	0	0	0	0	0	0	0	0	0	0	0	930	208	1252	0	0	0	250	0	0	0	162	0	1366	0	292	0	298	0	2146	0	0	0	0	0	0	0	0	0	0	0	0	0	0	0	0	0	0	0	0	0	0	0	0	0	0	0	
80512	Amygdala_R	0	0	0	0	0	0	0	0	0	0	0	0	0	0	0	0	0	0	0	200	0	188	0	0	0	0	0	0	0	398	0	0	0	0	0	0	0	10204	0	10320	0	0	0	0	0	0	0	0	0	0	0	0	0	0	0	8844	0	0	0	0	0	0	0	0	0	0	0	0	0	0	0	68	0	664	0	0	0	296	0	0	0	0	0	3640	0	96	0	2540	0	2692	0	0	0	0	0	0	0	106	0	0	0	0	0	0	0	0	0	0	0	0	0	0	0	0	0	0	
327724	Calcarine_L	670	0	0	0	0	0	0	0	0	0	0	0	0	0	0	0	186	0	0	0	0	0	0	0	0	0	0	0	182	0	0	0	676	0	5130	540	5342	118	4068	0	0	0	0	10652	20322	6510	19556	3840	11338	2482	20888	556	5442	164	6740	374	2498	0	82	0	368	0	240	0	152	0	24006	2012	916	0	0	0	0	0	0	0	240	110	300	0	106	0	0	0	3326	0	0	0	2392	0	330	76	0	0	0	0	268	82	348	106	0	0	0	0	0	0	0	0	0	0	128	0	0	0	0	0	
359616	Calcarine_R	116	2444	0	126	0	0	0	0	0	0	0	74	0	0	0	0	0	120	0	2256	0	0	0	0	0	0	0	0	0	200	0	0	0	1590	376	1320	82	1684	0	2914	0	0	10652	0	4590	25666	1150	24992	110	15618	0	13132	0	9294	0	15744	0	1972	0	206	0	230	0	978	0	616	1058	25118	142	3110	0	76	0	76	0	0	0	236	0	452	0	666	0	0	0	2604	0	0	0	5524	428	156	102	100	0	0	0	88	370	362	0	0	0	0	0	0	0	0	0	0	114	574	200	0	0	0	
212172	Cuneus_L	1026	0	0	0	0	0	0	0	0	0	0	0	0	0	0	0	132	0	0	0	0	0	0	0	0	0	0	0	100	0	0	0	1146	158	3090	466	454	0	330	0	0	0	20322	4590	0	7098	1504	480	17812	1794	8866	116	2106	0	976	0	3092	0	362	0	232	0	180	0	106	0	17666	4432	1742	0	0	0	0	0	0	0	0	0	170	0	66	0	0	0	3356	0	0	0	1990	0	126	0	0	0	0	0	0	0	0	0	0	0	0	0	0	0	0	0	0	0	0	0	0	0	0	0	
345528	Cuneus_R	0	2870	0	70	0	0	0	0	0	0	0	0	0	0	0	0	0	0	72	3998	0	0	0	0	0	0	0	0	0	64	0	0	276	6750	318	1900	0	214	0	254	0	0	6510	25666	7098	0	206	4962	946	31516	160	7440	0	2006	0	2738	0	3122	274	5794	0	1238	0	1730	0	1508	6432	31890	348	6756	0	0	0	0	0	0	0	0	0	252	0	570	0	0	0	3968	0	0	0	2508	74	0	0	0	0	0	0	0	82	80	0	0	0	0	0	0	0	0	0	0	0	104	0	0	0	0	
390348	Lingual_L	512	0	0	0	0	0	0	0	0	0	0	0	0	0	0	0	82	0	0	0	0	0	0	0	0	0	0	0	188	88	0	0	158	0	7368	2532	11230	760	11506	352	0	0	19556	1150	1504	206	0	3500	3000	0	14562	74	6910	0	21122	1814	1170	0	0	0	252	0	158	0	114	0	12496	190	426	0	0	0	0	0	0	0	1022	680	538	70	76	0	0	0	1128	0	0	0	1208	0	9788	3426	1586	862	822	408	14930	2350	14394	5068	350	124	368	158	232	240	122	0	414	502	5038	4004	1706	82	280	218	
365580	Lingual_R	112	1422	0	158	0	0	0	0	0	0	0	0	0	0	0	0	0	74	0	1108	0	0	0	0	0	0	0	0	0	96	0	0	0	912	662	3934	628	5456	436	7178	0	0	3840	24992	480	4962	3500	0	0	3896	0	4860	0	5326	940	25236	0	1124	0	0	0	104	0	256	0	232	520	18258	0	2412	0	80	0	206	0	0	304	2004	0	286	0	584	0	0	0	842	0	0	0	2710	2852	8402	714	1212	214	862	1738	6142	3690	10616	0	0	0	80	82	134	0	0	262	224	7074	6492	1476	80	180	134	
155580	Occipital_Sup_L	282	0	0	0	0	0	0	0	0	0	0	0	0	0	0	0	0	0	84	0	0	0	0	0	0	0	0	0	0	0	0	0	1148	78	1486	192	92	0	76	0	0	0	11338	110	17812	946	3000	0	0	0	19020	0	1694	0	728	0	788	0	4010	0	1556	0	78	0	556	0	9078	2332	1134	0	0	0	0	0	0	0	0	0	0	0	0	0	0	0	172	0	0	0	0	0	0	0	0	0	0	0	0	0	0	0	0	0	0	0	0	0	0	0	0	0	0	0	0	0	0	0	
316608	Occipital_Sup_R	0	1130	0	0	0	0	0	0	0	0	0	0	0	0	0	0	0	0	0	2886	0	0	0	0	0	0	0	0	0	0	0	0	460	5722	100	624	0	0	0	0	0	0	2482	15618	1794	31516	0	3896	0	0	0	17298	0	1602	0	1176	0	5962	0	11596	0	4666	0	2524	0	6524	1924	20922	428	8046	0	0	0	0	0	0	0	0	0	0	0	196	0	0	0	6746	0	0	0	2466	0	0	0	0	0	0	0	0	0	0	0	0	0	0	0	0	0	0	0	0	0	0	0	0	0	0	
425160	Occipital_Mid_L	824	0	0	0	0	0	0	0	0	0	0	0	0	0	0	0	946	0	352	0	0	0	0	0	0	0	0	0	644	0	0	0	3286	0	3560	1400	3970	0	3850	0	0	0	20888	0	8866	160	14562	0	19020	0	0	0	20570	0	8704	0	11530	0	14450	0	13890	0	2250	0	12670	0	14376	364	4156	0	0	0	0	0	0	0	158	0	790	0	868	0	0	0	19192	0	0	0	4548	0	432	208	0	0	0	0	0	0	644	156	0	0	0	0	0	0	0	0	0	0	0	76	220	0	0	0	
214476	Occipital_Mid_R	0	782	0	0	0	0	0	0	0	0	0	0	0	0	0	0	0	0	0	776	0	0	0	0	0	0	0	0	0	0	0	0	0	494	0	0	0	66	0	120	0	0	556	13132	116	7440	74	4860	0	17298	0	0	0	5806	0	3410	0	1644	0	1410	0	4924	0	3330	0	16210	0	4810	0	2014	0	0	0	0	0	0	0	0	0	0	0	466	0	0	0	14764	0	0	0	2736	0	0	0	0	0	0	0	0	0	0	0	0	0	0	0	0	0	0	0	0	0	0	0	0	0	0	
156400	Occipital_Inf_L	90	0	0	0	0	0	0	0	0	0	0	0	0	0	0	0	96	0	0	0	0	0	0	0	0	0	0	0	0	0	0	0	294	0	2470	1182	2562	64	2620	0	0	0	5442	0	2106	0	6910	0	1694	0	20570	0	0	0	10054	0	544	0	254	0	236	0	0	0	362	0	3256	0	358	0	0	0	0	0	0	0	0	64	366	0	246	0	0	0	4628	0	0	0	7030	0	1262	478	120	126	0	0	122	0	1368	376	0	0	0	0	0	0	0	0	0	0	0	250	600	0	0	0	
105704	Occipital_Inf_R	0	850	0	0	0	0	0	0	0	0	0	0	0	0	0	0	0	0	0	620	0	0	0	0	0	0	0	0	0	64	0	0	0	124	0	0	0	116	0	202	0	0	164	9294	0	2006	0	5326	0	1602	0	5806	0	0	0	7490	0	802	0	0	0	84	0	354	0	212	0	3872	0	806	0	0	0	0	0	0	0	0	0	134	0	190	0	0	0	2000	0	0	0	8604	174	400	100	150	0	0	0	0	94	536	0	0	0	0	0	0	0	0	0	0	68	410	198	0	0	0	
476300	Fusiform_L	432	0	184	0	0	0	0	0	0	0	98	0	100	0	0	0	596	0	198	0	480	0	0	0	0	0	0	0	5528	102	0	0	124	0	3130	1174	17420	486	12280	102	4498	0	6740	0	976	0	21122	940	728	0	8704	0	10054	0	0	644	864	0	100	0	302	0	68	0	212	0	5306	0	176	0	0	0	1670	0	0	0	610	534	2244	0	5642	0	3532	0	7176	0	2352	0	22998	0	27614	966	8738	268	376	0	12330	156	30658	1114	246	0	480	88	570	68	66	0	144	152	854	1530	856	82	168	0	
608932	Fusiform_R	152	2178	0	488	0	0	0	532	0	0	0	1122	0	0	0	166	0	1194	0	1390	0	76	0	0	0	0	0	0	0	4646	0	0	0	176	462	2006	386	26942	0	30116	0	8844	374	15744	0	2738	1814	25236	0	1176	0	3410	0	7490	644	0	0	1000	0	0	0	128	0	388	0	182	0	11426	0	1298	0	192	0	6478	0	198	158	1138	64	3162	142	5264	0	7228	156	5304	0	5788	0	27696	2412	24730	694	4886	0	762	896	11678	2418	25690	0	0	186	634	146	272	0	0	0	170	3910	5032	2392	392	274	0	
447612	Postcentral_L	34722	1352	2620	940	0	0	580	0	0	0	2514	0	298	0	0	0	16030	0	1620	126	0	0	70	0	0	0	0	0	8184	132	106	0	2828	0	3764	1038	2392	948	368	116	0	0	2498	0	3092	0	1170	0	788	0	11530	0	544	0	864	0	0	0	7540	0	29828	0	16622	0	11914	0	6096	0	12274	0	11758	322	4916	0	1720	0	4572	1242	5880	94	1670	0	0	0	5350	0	0	0	774	0	0	0	0	0	0	0	0	0	0	0	0	0	0	0	0	0	0	0	0	0	0	0	0	0	0	0	
276920	Postcentral_R	166	18794	0	1254	0	0	0	614	0	0	0	2158	0	200	0	0	0	5192	0	6348	0	0	0	0	0	0	0	0	0	2104	0	0	68	4614	170	2500	0	804	0	472	0	0	0	1972	0	3122	0	1124	0	5962	0	1644	0	802	0	1000	0	0	0	8528	0	12094	0	13516	0	4186	182	15372	136	12524	0	1266	0	1116	0	462	0	218	0	994	0	914	0	0	0	2860	0	0	0	2926	0	0	0	0	0	0	0	0	0	0	0	0	0	0	0	0	0	0	0	0	82	0	0	0	0	0	
115068	Parietal_Sup_L	96	0	0	0	0	0	0	0	0	0	0	0	0	0	0	0	0	0	122	0	0	0	0	0	0	0	0	0	0	0	0	0	2116	104	104	70	0	0	0	0	0	0	82	0	362	274	0	0	4010	0	14450	0	254	0	100	0	7540	0	0	0	12984	0	134	0	1046	0	10766	1182	1670	0	0	0	0	0	0	0	0	0	0	0	0	0	0	0	68	0	0	0	0	0	0	0	0	0	0	0	0	0	0	0	0	0	0	0	0	0	0	0	0	0	0	0	0	0	0	0	
129736	Parietal_Sup_R	0	496	0	0	0	0	0	0	0	0	0	0	0	0	0	0	0	0	0	752	0	0	0	0	0	0	0	0	0	0	0	0	0	1994	0	0	0	0	0	0	0	0	0	206	0	5794	0	0	0	11596	0	1410	0	0	0	0	0	8528	0	0	0	9880	0	2614	0	5462	788	11204	132	3130	0	0	0	0	0	0	0	0	0	0	0	0	0	0	0	512	0	0	0	370	0	0	0	0	0	0	0	0	0	0	0	0	0	0	0	0	0	0	0	0	0	0	0	0	0	0	
271556	Parietal_Inf_L	2052	0	188	0	0	0	0	0	0	0	0	0	0	0	0	0	612	0	304	0	0	0	0	0	0	0	0	0	608	110	0	0	494	0	954	500	670	388	0	0	0	0	368	0	232	0	252	0	1556	0	13890	0	236	0	302	0	29828	0	12984	0	0	0	25310	0	23288	0	2212	0	4400	0	104	0	0	0	66	0	326	422	352	84	2752	0	0	0	9510	0	0	0	424	0	0	0	0	0	0	0	0	0	0	0	0	0	0	0	0	0	0	0	0	0	0	0	0	0	0	0	
133780	Parietal_Inf_R	0	1242	0	0	0	0	0	0	0	0	0	0	0	0	0	0	0	66	0	852	0	0	0	0	0	0	0	0	0	0	0	0	0	406	0	134	0	0	0	0	0	0	0	230	0	1238	0	104	0	4666	0	4924	0	84	0	128	0	12094	0	9880	0	0	0	10728	0	13758	0	2844	0	1364	0	0	0	0	0	0	0	0	0	0	0	234	0	0	0	1202	0	0	0	712	0	0	0	0	0	0	0	0	0	0	0	0	0	0	0	0	0	0	0	0	0	0	0	0	0	0	
181976	SupraMarginal_L	650	0	0	0	0	0	0	0	0	0	0	0	0	0	0	0	2220	0	284	0	0	0	0	0	0	0	0	0	1306	146	0	0	156	0	912	578	764	400	0	0	0	0	240	0	180	0	158	0	78	0	2250	0	0	0	68	0	16622	0	134	0	25310	0	0	0	14000	0	394	0	1996	0	92	0	0	0	0	0	226	424	650	122	6958	0	0	0	13304	0	0	0	366	0	0	0	0	0	0	0	0	0	0	0	0	0	0	0	0	0	0	0	0	0	0	0	0	0	0	0	
169404	SupraMarginal_R	0	2136	0	136	0	0	0	0	0	0	0	0	0	0	0	0	0	2954	0	1128	0	0	0	0	0	0	0	0	0	592	0	0	0	652	0	260	0	176	0	212	0	0	0	978	0	1730	0	256	0	2524	0	3330	0	354	0	388	0	13516	0	2614	0	10728	0	0	0	17728	0	4182	66	1538	0	124	0	88	0	80	0	0	0	568	0	5984	0	0	0	8878	0	0	0	802	0	0	0	0	0	0	0	0	0	0	0	0	0	0	0	0	0	0	0	0	0	0	0	0	0	0	
165168	Angular_L	504	0	0	0	0	0	0	0	0	0	0	0	0	0	0	0	390	0	266	0	0	0	0	0	0	0	0	0	310	0	0	0	138	0	146	0	90	0	0	0	0	0	152	0	106	0	114	0	556	0	12670	0	362	0	212	0	11914	0	1046	0	23288	0	14000	0	0	0	268	0	3044	0	0	0	0	0	0	0	108	0	138	0	1046	0	0	0	10940	0	0	0	776	0	0	0	0	0	0	0	0	0	0	0	0	0	0	0	0	0	0	0	0	0	0	0	0	0	0	0	
177224	Angular_R	0	876	0	0	0	0	0	0	0	0	0	0	0	0	0	0	0	82	0	754	0	0	0	0	0	0	0	0	0	0	0	0	0	648	0	136	0	0	0	66	0	0	0	616	0	1508	0	232	0	6524	0	16210	0	212	0	182	0	4186	0	5462	0	13758	0	17728	0	0	0	2816	0	1450	0	0	0	0	0	0	0	0	0	0	0	3732	0	0	0	10838	0	0	0	596	0	0	0	0	0	0	0	0	0	0	0	0	0	0	0	0	0	0	0	0	0	0	0	0	0	0	
386956	Precuneus_L	2976	0	138	0	0	0	0	0	0	0	0	0	0	0	0	0	216	0	466	258	0	0	0	0	0	0	0	0	248	0	0	0	8308	2014	14022	2794	8212	606	6236	432	0	0	24006	1058	17666	6432	12496	520	9078	1924	14376	0	3256	0	5306	0	6096	182	10766	788	2212	0	394	0	268	0	0	14088	6864	484	0	0	0	0	0	0	522	318	372	0	118	0	0	0	3868	72	0	0	2624	0	212	0	0	0	0	0	64	0	122	0	0	0	0	0	0	0	0	0	0	0	0	0	0	0	0	0	
569012	Precuneus_R	338	8704	0	350	0	0	0	76	0	0	0	142	0	0	0	0	0	242	290	10338	0	0	0	0	0	0	0	0	0	416	0	0	1290	15170	2180	12462	304	4868	216	5282	0	0	2012	25118	4432	31890	190	18258	2332	20922	364	4810	0	3872	0	11426	0	15372	1182	11204	0	2844	0	4182	0	2816	14088	0	1014	22494	0	240	0	96	0	0	172	1154	0	724	0	1626	0	0	0	7106	0	0	0	8408	76	0	0	0	0	0	0	386	86	142	0	0	0	0	0	0	0	0	0	0	678	122	0	0	0	0	
216836	Paracentral_Lobule_L	11070	3718	1004	1724	0	0	0	80	0	0	0	0	0	0	0	0	174	0	11262	9124	0	0	0	0	0	0	0	0	218	0	0	0	9256	2712	7364	1150	188	0	100	0	0	0	916	142	1742	348	426	0	1134	428	4156	0	358	0	176	0	12274	136	1670	132	4400	0	1996	66	3044	0	6864	1014	0	4672	532	104	530	0	686	0	116	98	66	0	80	0	0	0	846	0	0	0	122	0	0	0	0	0	0	0	0	0	0	0	0	0	0	0	0	0	0	0	0	0	0	0	0	0	0	0	
296704	Paracentral_Lobule_R	2422	15012	0	70	0	0	0	0	0	0	0	0	0	0	0	0	0	0	1288	25518	0	0	0	0	0	0	0	0	0	182	0	0	476	13008	952	7862	0	266	0	400	0	0	0	3110	0	6756	0	2412	0	8046	0	2014	0	806	0	1298	0	12524	0	3130	0	1364	0	1538	0	1450	484	22494	4672	0	0	0	0	0	0	0	0	0	0	156	0	592	0	0	0	4474	0	0	0	3430	0	0	0	0	0	0	0	0	0	0	0	0	0	0	0	0	0	0	0	0	146	0	0	0	0	0	
442832	Caudate_L	20454	2404	7516	4086	1056	1794	3382	2734	0	268	6326	202	2928	70	636	904	10884	110	10894	2604	14002	11836	1670	508	1142	960	3216	3124	10556	638	10572	4876	134	208	298	232	738	850	0	104	930	0	0	0	0	0	0	0	0	0	0	0	0	0	0	0	11758	0	0	0	104	0	92	0	0	0	0	0	532	0	0	15172	23382	4892	2558	404	10534	2426	1978	0	1102	0	322	0	194	0	0	0	120	0	0	0	0	0	0	0	0	0	0	0	0	0	0	0	0	0	0	0	0	0	0	0	0	0	0	0	
371096	Caudate_R	2110	6908	886	15076	180	4742	130	1678	0	640	632	1166	336	80	88	3448	240	2368	1290	17310	5422	10926	680	6148	306	4152	488	4842	944	2034	4466	16372	0	262	284	290	194	2100	0	462	208	68	0	76	0	0	0	80	0	0	0	0	0	0	0	192	322	1266	0	0	0	0	0	124	0	0	0	240	104	0	15172	0	8700	20416	658	2662	1728	13294	90	194	0	208	0	0	0	0	0	0	0	66	0	0	0	0	0	0	0	0	0	0	0	0	0	0	0	0	0	0	0	0	0	0	0	0	0	0	
341404	Putamen_L	6452	132	10926	632	1630	1010	832	182	0	156	2862	0	2740	0	1496	530	3626	0	12840	318	6796	7832	3358	418	906	420	946	1800	19560	350	12808	2920	0	64	144	84	5584	116	1004	0	1252	0	0	0	0	0	0	0	0	0	0	0	0	0	1670	0	4916	0	0	0	0	0	0	0	0	0	0	0	530	0	23382	8700	0	3138	5638	128	1910	304	1262	0	2016	0	1846	0	614	0	148	0	1686	0	0	0	0	0	0	0	88	0	0	0	0	0	0	0	0	0	0	0	0	0	0	0	0	0	0	0	
365956	Putamen_R	216	5820	602	11388	72	3890	70	4646	0	508	212	7814	148	3442	0	4482	0	9110	868	5420	1422	3488	1078	5612	146	1252	144	2814	246	22606	2788	12186	144	1776	84	86	0	9508	0	6162	0	664	0	76	0	0	0	206	0	0	0	0	0	0	0	6478	0	1116	0	0	0	0	0	88	0	0	0	96	0	0	4892	20416	3138	0	138	5244	108	2730	0	978	0	3198	0	562	0	880	0	226	0	1144	0	0	0	0	0	0	0	350	0	0	0	0	0	0	0	0	0	0	0	0	0	0	0	0	0	0	
51416	Pallidum_L	5420	0	2954	0	0	0	184	0	0	0	94	0	0	0	0	0	542	0	1322	80	0	254	0	0	0	0	0	0	412	0	0	0	0	0	120	0	530	0	0	0	0	0	0	0	0	0	0	0	0	0	0	0	0	0	0	0	1720	0	0	0	66	0	0	0	0	0	0	0	686	0	2558	658	5638	138	0	114	1948	100	170	0	0	0	0	0	0	0	0	0	0	0	0	0	0	0	0	0	0	0	0	0	0	0	0	0	0	0	0	0	0	0	0	0	0	0	0	0	
41796	Pallidum_R	138	1772	0	914	0	0	0	776	0	0	0	520	0	0	0	0	0	3018	0	940	0	0	0	0	0	0	0	0	0	1508	0	0	0	0	0	0	0	646	0	448	0	0	0	0	0	0	0	0	0	0	0	0	0	0	0	198	0	462	0	0	0	0	0	80	0	0	0	0	0	0	404	2662	128	5244	114	0	0	112	0	420	0	394	0	0	0	0	0	0	0	0	0	0	0	0	0	0	0	0	0	0	0	0	0	0	0	0	0	0	0	0	0	0	0	0	0	0	
244980	Thalamus_L	31172	988	3612	818	0	0	300	182	0	0	718	134	102	0	0	0	2862	80	1538	804	160	106	150	0	0	0	0	0	3364	168	510	308	118	178	6220	6126	7202	4390	1858	1150	250	0	240	0	0	0	1022	304	0	0	158	0	0	0	610	158	4572	0	0	0	326	0	226	0	108	0	522	172	116	0	10534	1728	1910	108	1948	0	0	17810	2186	0	940	100	0	0	770	0	0	0	354	0	0	0	0	0	0	0	0	0	0	0	0	0	0	0	0	0	0	0	0	0	0	0	0	0	0	0	
289920	Thalamus_R	9582	5148	224	4560	0	0	412	1278	0	0	296	1138	106	0	0	0	1082	1404	750	8576	322	380	86	0	0	0	0	0	1514	2582	220	258	0	98	10902	11368	8034	15234	1736	4236	0	296	110	236	0	0	680	2004	0	0	0	0	64	0	534	1138	1242	218	0	0	422	0	424	0	0	0	318	1154	98	0	2426	13294	304	2730	100	112	17810	0	1790	794	1688	580	0	0	1890	116	0	0	446	78	0	0	0	0	0	0	0	256	0	0	0	0	0	0	0	0	0	0	0	0	82	0	0	0	0	0	
140176	Heschl_L	3592	292	576	262	0	0	342	0	0	0	842	0	80	0	0	0	8826	0	270	74	0	0	80	0	0	0	0	0	8092	210	116	0	0	0	2212	2008	3246	1644	292	278	0	0	300	0	170	0	538	0	0	0	790	0	366	0	2244	64	5880	0	0	0	352	0	650	0	138	0	372	0	66	0	1978	90	1262	0	170	0	2186	1790	0	120	6768	0	0	0	6858	0	0	0	3602	0	0	0	0	0	0	0	0	0	0	0	0	0	0	0	0	0	0	0	0	0	0	0	0	0	0	0	
89748	Heschl_R	122	900	0	74	0	0	0	198	0	0	0	288	0	0	0	0	0	4568	0	182	0	0	0	0	0	0	0	0	0	5930	0	0	0	0	748	774	696	4158	126	3424	0	0	0	452	0	252	70	286	0	0	0	0	0	134	0	3162	94	994	0	0	84	0	122	568	0	0	0	724	0	156	0	194	0	978	0	420	0	794	120	0	340	7966	0	0	322	1236	0	0	0	3138	0	0	0	0	0	0	0	0	0	80	0	0	0	0	0	0	0	0	0	0	0	0	0	0	0	0	
258276	Temporal_Sup_L	950	0	954	0	0	0	0	0	0	0	2852	0	2162	0	336	0	8562	0	942	0	0	0	290	0	0	0	0	0	12342	574	324	0	0	0	2248	2096	5856	1624	394	66	162	0	106	0	66	0	76	0	0	0	868	0	246	0	5642	142	1670	0	0	0	2752	0	6958	0	1046	0	118	0	80	0	1102	0	2016	0	0	0	940	1688	6768	340	0	94	6932	0	30006	0	84	0	16190	0	88	0	0	0	0	0	230	0	156	0	0	0	0	0	0	0	0	0	0	0	0	0	0	0	0	0	
198584	Temporal_Sup_R	136	1468	0	304	0	0	0	380	0	0	0	782	0	0	0	594	0	6450	0	708	0	0	0	0	0	0	0	0	0	8762	0	0	0	194	352	432	270	4522	0	4334	0	0	0	666	0	570	0	584	0	196	0	466	0	190	0	5264	0	914	0	0	0	234	0	5984	0	3732	0	1626	0	592	0	208	0	3198	0	394	100	580	0	7966	94	0	0	4102	110	21210	0	2370	0	8120	0	0	0	0	0	0	0	0	0	134	0	0	0	0	0	0	0	0	0	0	0	0	0	0	0	0	
142724	Temporal_Pole_Sup_L	76	0	1762	0	1630	0	440	0	478	0	4428	0	4306	0	4182	0	3374	0	1000	0	510	0	876	64	0	0	116	0	8218	0	1320	0	0	0	0	0	1656	0	1896	0	1366	0	0	0	0	0	0	0	0	0	0	0	0	0	3532	0	0	0	0	0	0	0	0	0	0	0	0	0	0	0	322	0	1846	0	0	0	0	0	0	0	6932	0	0	0	9698	0	4610	0	6724	0	0	0	0	0	0	0	0	0	0	0	0	0	0	0	0	0	0	0	0	0	0	0	0	0	0	0	
88244	Temporal_Pole_Sup_R	0	0	0	74	0	88	0	0	0	0	0	76	0	0	0	862	0	436	0	72	0	102	0	0	0	0	0	0	0	1678	0	0	0	0	0	0	0	1130	0	5856	0	3640	0	0	0	0	0	0	0	0	0	0	0	0	0	7228	0	0	0	0	0	0	0	0	0	0	0	0	0	0	0	0	0	562	0	0	0	0	0	0	0	4102	0	0	0	4312	0	11792	0	2112	0	0	0	0	0	0	0	0	0	0	0	0	0	0	0	0	0	0	0	0	0	0	0	0	0	0	
412352	Temporal_Mid_L	818	0	384	0	0	0	0	0	0	0	430	0	304	0	72	0	4490	0	528	0	0	0	0	0	0	0	0	0	6520	572	0	0	206	0	3030	2452	5612	1756	1064	0	292	0	3326	0	3356	0	1128	0	172	0	19192	0	4628	0	7176	156	5350	0	68	0	9510	0	13304	0	10940	0	3868	0	846	0	194	0	614	0	0	0	770	1890	6858	322	30006	110	9698	0	0	0	3722	0	39636	0	412	0	0	0	0	0	198	0	196	0	0	0	0	0	0	0	0	0	0	0	0	0	0	0	0	0	
279928	Temporal_Mid_R	0	2174	0	92	0	0	0	84	0	0	0	172	0	0	0	122	0	844	0	2146	0	0	0	0	0	0	0	0	0	2560	0	0	0	668	0	100	0	2416	0	1836	0	96	0	2604	0	3968	0	842	0	6746	0	14764	0	2000	0	5304	0	2860	0	512	0	1202	0	8878	0	10838	72	7106	0	4474	0	0	0	880	0	0	0	116	0	1236	0	21210	0	4312	0	0	0	5308	0	21214	0	0	0	0	0	0	0	72	0	136	0	0	0	0	0	0	0	0	0	0	0	0	0	0	0	0	
35784	Temporal_Pole_Mid_L	0	0	82	0	0	0	0	0	0	0	0	0	0	0	0	0	0	0	94	0	0	0	0	0	0	0	0	0	622	0	0	0	0	0	0	0	588	0	1596	0	298	0	0	0	0	0	0	0	0	0	0	0	0	0	2352	0	0	0	0	0	0	0	0	0	0	0	0	0	0	0	0	0	148	0	0	0	0	0	0	0	84	0	4610	0	3722	0	0	0	3696	0	0	0	0	0	0	0	0	0	0	0	0	0	0	0	0	0	0	0	0	0	0	0	0	0	0	0	
77588	Temporal_Pole_Mid_R	0	0	0	0	0	0	0	0	0	0	0	0	0	0	0	170	0	222	0	0	0	0	0	0	0	0	0	0	0	314	0	0	0	0	0	0	0	908	0	4650	0	2540	0	0	0	0	0	0	0	0	0	0	0	0	0	5788	0	0	0	0	0	0	0	0	0	0	0	0	0	0	0	0	0	226	0	0	0	0	0	0	0	2370	0	11792	0	5308	0	0	0	4506	0	0	0	0	0	0	0	0	0	0	0	0	0	0	0	0	0	0	0	0	0	0	0	0	0	0	
302552	Temporal_Inf_L	312	0	502	0	0	0	0	0	0	0	194	0	208	0	0	0	1230	0	558	0	140	0	0	0	0	0	0	0	8116	158	0	0	0	0	1088	654	8274	388	1982	0	2146	0	2392	0	1990	0	1208	0	0	0	4548	0	7030	0	22998	0	774	0	0	0	424	0	366	0	776	0	2624	0	122	0	120	0	1686	0	0	0	354	446	3602	0	16190	0	6724	0	39636	0	3696	0	0	0	4778	0	492	0	0	0	644	0	1706	0	0	0	0	0	0	0	0	0	0	0	0	0	0	0	0	0	
282200	Temporal_Inf_R	0	2334	0	86	0	0	0	88	0	0	0	170	0	0	0	90	0	792	0	1828	0	0	0	0	0	0	0	0	0	1868	0	0	0	358	0	184	0	9140	0	5448	0	2692	0	5524	0	2508	0	2710	0	2466	0	2736	0	8604	0	27696	0	2926	0	370	0	712	0	802	0	596	0	8408	0	3430	0	66	0	1144	0	0	0	78	0	3138	0	8120	0	2112	0	21214	0	4506	0	0	0	3736	0	924	0	0	0	434	0	1062	0	0	0	0	0	0	0	0	0	0	0	0	0	0	0	0	
625904	Cerebelum_Crus1_L	0	0	0	0	0	0	0	0	0	0	0	0	0	0	0	0	0	0	0	0	0	0	0	0	0	0	0	0	64	0	0	0	0	0	72	0	442	72	422	0	0	0	330	428	126	74	9788	2852	0	0	432	0	1262	174	27614	2412	0	0	0	0	0	0	0	0	0	0	212	76	0	0	0	0	0	0	0	0	0	0	0	0	88	0	0	0	412	0	0	0	4778	0	0	10594	47472	13226	2106	820	23540	2456	60088	10426	14202	2614	15210	5900	4064	2640	442	0	1094	1928	5060	10588	19044	2276	3556	1476	
467080	Cerebelum_Crus1_R	0	0	0	0	0	0	0	0	0	0	0	0	0	0	0	0	0	0	0	0	0	0	0	0	0	0	0	0	0	0	0	0	0	0	0	0	0	100	0	164	0	0	76	156	0	0	3426	8402	0	0	208	0	478	400	966	24730	0	0	0	0	0	0	0	0	0	0	0	0	0	0	0	0	0	0	0	0	0	0	0	0	0	0	0	0	0	0	0	0	0	3736	10594	0	5738	38438	140	1140	2036	19006	5820	52486	1426	6084	1930	10560	490	828	0	0	170	244	11320	8808	11688	998	646	108	
415004	Cerebelum_Crus2_L	0	0	0	0	0	0	0	0	0	0	0	0	0	0	0	0	0	0	0	0	0	0	0	0	0	0	0	0	0	0	0	0	0	0	0	0	0	0	0	0	0	0	0	102	0	0	1586	714	0	0	0	0	120	100	8738	694	0	0	0	0	0	0	0	0	0	0	0	0	0	0	0	0	0	0	0	0	0	0	0	0	0	0	0	0	0	0	0	0	492	0	47472	5738	0	13728	450	156	3918	732	17128	4038	34444	5456	28888	4492	4076	880	606	0	96	274	980	2942	14552	2580	954	376	
437916	Cerebelum_Crus2_R	0	0	0	0	0	0	0	0	0	0	0	0	0	0	0	0	0	0	0	0	0	0	0	0	0	0	0	0	0	0	0	0	0	0	0	0	0	108	0	134	0	0	0	100	0	0	862	1212	0	0	0	0	126	150	268	4886	0	0	0	0	0	0	0	0	0	0	0	0	0	0	0	0	0	0	0	0	0	0	0	0	0	0	0	0	0	0	0	0	0	924	13226	38438	13728	0	140	370	938	4830	2764	16972	7302	28420	8468	31750	1536	6542	0	540	0	204	3048	2832	21088	4098	2454	500	
48640	Cerebelum_3_L	0	0	0	0	0	0	0	0	0	0	0	0	0	0	0	0	0	0	0	0	0	0	0	0	0	0	0	0	0	0	0	0	0	0	0	0	0	0	156	0	0	0	0	0	0	0	822	214	0	0	0	0	0	0	376	0	0	0	0	0	0	0	0	0	0	0	0	0	0	0	0	0	0	0	0	0	0	0	0	0	0	0	0	0	0	0	0	0	0	0	2106	140	450	140	0	90	8368	76	3080	190	154	0	268	0	1086	378	182	0	530	2144	1492	606	310	82	444	436	
58396	Cerebelum_3_R	0	0	0	0	0	0	0	0	0	0	0	0	0	0	0	0	0	0	0	0	0	0	0	0	0	0	0	0	0	0	0	0	0	0	0	0	0	0	0	218	0	0	0	0	0	0	408	862	0	0	0	0	0	0	0	762	0	0	0	0	0	0	0	0	0	0	0	0	0	0	0	0	0	0	0	0	0	0	0	0	0	0	0	0	0	0	0	0	0	0	820	1140	156	370	90	0	1152	4694	868	4504	0	126	66	346	0	930	0	110	760	4528	2560	1332	600	610	998	188	
306820	Cerebelum_4_5_L	0	0	0	0	0	0	0	0	0	0	0	0	0	0	0	0	0	0	0	0	0	0	0	0	0	0	0	0	298	0	0	0	0	0	0	0	1452	0	1210	82	0	0	268	0	0	0	14930	1738	0	0	0	0	122	0	12330	896	0	0	0	0	0	0	0	0	0	0	64	0	0	0	0	0	88	0	0	0	0	0	0	0	230	0	0	0	198	0	0	0	644	0	23540	2036	3918	938	8368	1152	0	3082	32968	4560	1354	212	2254	432	2800	1260	622	0	2814	4904	11770	4656	1258	512	1806	1644	
254644	Cerebelum_4_5_R	0	0	0	0	0	0	0	0	0	0	0	0	0	0	0	0	0	0	0	0	0	0	0	0	0	0	0	0	0	182	0	0	0	0	0	0	0	1684	0	2520	0	106	82	88	0	0	2350	6142	0	0	0	0	0	0	156	11678	0	0	0	0	0	0	0	0	0	0	0	386	0	0	0	0	0	350	0	0	0	256	0	0	0	0	0	0	0	72	0	0	0	434	2456	19006	732	4830	76	4694	3082	0	2056	31028	168	514	582	2280	156	1344	0	172	304	1204	16720	2772	3102	1482	1774	302	
494736	Cerebelum_6_L	0	0	0	0	0	0	0	0	0	0	0	0	0	0	0	0	0	0	0	0	0	0	0	0	0	0	0	0	136	0	0	0	0	0	78	0	758	0	576	0	0	0	348	370	0	82	14394	3690	0	0	644	0	1368	94	30658	2418	0	0	0	0	0	0	0	0	0	0	122	86	0	0	0	0	0	0	0	0	0	0	0	0	156	0	0	0	196	0	0	0	1706	0	60088	5820	17128	2764	3080	868	32968	2056	0	8552	3630	382	3704	1348	2792	3036	654	0	1462	2414	7498	12652	7056	2316	4580	2640	
471240	Cerebelum_6_R	0	0	0	0	0	0	0	0	0	0	0	0	0	0	0	0	0	0	0	0	0	0	0	0	0	0	0	0	0	84	0	0	0	0	0	0	0	540	0	600	0	0	106	362	0	80	5068	10616	0	0	156	0	376	536	1114	25690	0	0	0	0	0	0	0	0	0	0	0	142	0	0	0	0	0	0	0	0	0	0	0	80	0	134	0	0	0	136	0	0	0	1062	10426	52486	4038	16972	190	4504	4560	31028	8552	0	430	1590	842	2590	334	1136	0	324	856	1756	18952	13928	9094	1624	2274	252	
241340	Cerebelum_7b_L	0	0	0	0	0	0	0	0	0	0	0	0	0	0	0	0	0	0	0	0	0	0	0	0	0	0	0	0	0	0	0	0	0	0	0	0	0	0	0	0	0	0	0	0	0	0	350	0	0	0	0	0	0	0	246	0	0	0	0	0	0	0	0	0	0	0	0	0	0	0	0	0	0	0	0	0	0	0	0	0	0	0	0	0	0	0	0	0	0	0	14202	1426	34444	7302	154	0	1354	168	3630	430	0	4830	32150	3566	3688	558	956	0	0	72	216	268	6852	3162	496	150	
188952	Cerebelum_7b_R	0	0	0	0	0	0	0	0	0	0	0	0	0	0	0	0	0	0	0	0	0	0	0	0	0	0	0	0	0	0	0	0	0	0	0	0	0	0	0	0	0	0	0	0	0	0	124	0	0	0	0	0	0	0	0	0	0	0	0	0	0	0	0	0	0	0	0	0	0	0	0	0	0	0	0	0	0	0	0	0	0	0	0	0	0	0	0	0	0	0	2614	6084	5456	28420	0	126	212	514	382	1590	4830	0	3504	25388	378	4654	0	176	0	76	512	206	5620	3054	318	238	
297620	Cerebelum_8_L	0	0	0	0	0	0	0	0	0	0	0	0	0	0	0	0	0	0	0	0	0	0	0	0	0	0	0	0	0	0	0	0	0	0	0	0	152	0	144	0	0	0	0	0	0	0	368	0	0	0	0	0	0	0	480	186	0	0	0	0	0	0	0	0	0	0	0	0	0	0	0	0	0	0	0	0	0	0	0	0	0	0	0	0	0	0	0	0	0	0	15210	1930	28888	8468	268	66	2254	582	3704	842	32150	3504	0	7440	16964	2820	2778	0	0	98	402	250	8892	6734	3034	202	
275744	Cerebelum_8_R	0	0	0	0	0	0	0	0	0	0	0	0	0	0	0	0	0	0	0	0	0	0	0	0	0	0	0	0	0	0	0	0	0	0	0	0	0	90	0	102	0	0	0	0	0	0	158	80	0	0	0	0	0	0	88	634	0	0	0	0	0	0	0	0	0	0	0	0	0	0	0	0	0	0	0	0	0	0	0	0	0	0	0	0	0	0	0	0	0	0	5900	10560	4492	31750	0	346	432	2280	1348	2590	3566	25388	7440	0	1990	16356	64	670	0	214	1216	562	10832	5190	2986	548	
118704	Cerebelum_9_L	0	0	0	0	0	0	0	0	0	0	0	0	0	0	0	0	0	0	0	0	0	0	0	0	0	0	0	0	0	0	0	0	0	0	0	0	300	0	210	0	0	0	0	0	0	0	232	82	0	0	0	0	0	0	570	146	0	0	0	0	0	0	0	0	0	0	0	0	0	0	0	0	0	0	0	0	0	0	0	0	0	0	0	0	0	0	0	0	0	0	4064	490	4076	1536	1086	0	2800	156	2792	334	3688	378	16964	1990	0	2198	3390	0	0	94	442	1174	2978	3208	3044	930	
154200	Cerebelum_9_R	0	0	0	0	0	0	0	0	0	0	0	0	0	0	0	0	0	0	0	0	0	0	0	0	0	0	0	0	0	0	0	0	0	0	0	0	0	0	0	104	0	0	0	0	0	0	240	134	0	0	0	0	0	0	68	272	0	0	0	0	0	0	0	0	0	0	0	0	0	0	0	0	0	0	0	0	0	0	0	0	0	0	0	0	0	0	0	0	0	0	2640	828	880	6542	378	930	1260	1344	3036	1136	558	4654	2820	16356	2198	0	0	1130	242	890	1930	3612	5320	5894	8000	3704	
