data	data	486308	321916	858164	782976	211696	96380	423628	369284	72808	16784	193012	328340	225728	148336	171532	90492	216092	113140	678012	911616	125972	128564	349944	271372	47472	100380	114980	105932	509824	278976	340608	361824	132048	501332	216916	284052	260864	300376	63660	117760	60496	48320	309780	440080	228756	358244	368388	345180	245312	388504	555256	267500	176484	97420	395512	490224	310640	264800	176264	156920	250700	119468	161172	116836	139332	144944	435644	587836	249596	293252	418212	360892	234008	333092	40916	15640	178676	241688	95800	65696	198360	97744	78976	20944	381496	221256	27896	7728	270264	246792	606564	553192	295304	310152	40372	37668	294780	217556	499832	557852	189844	162204	254740	255448	85616	92628	9892	6048	36060	57028	232580	252580	310032	89400	49148	17684	
data	data	Precentral_L	Precentral_R	Frontal_Sup_L	Frontal_Sup_R	Frontal_Sup_Orb_L	Frontal_Sup_Orb_R	Frontal_Mid_L	Frontal_Mid_R	Frontal_Mid_Orb_L	Frontal_Mid_Orb_R	Frontal_Inf_Oper_L	Frontal_Inf_Oper_R	Frontal_Inf_Tri_L	Frontal_Inf_Tri_R	Frontal_Inf_Orb_L	Frontal_Inf_Orb_R	Rolandic_Oper_L	Rolandic_Oper_R	Supp_Motor_Area_L	Supp_Motor_Area_R	Olfactory_L	Olfactory_R	Frontal_Sup_Medial_L	Frontal_Sup_Medial_R	Frontal_Med_Orb_L	Frontal_Med_Orb_R	Rectus_L	Rectus_R	Insula_L	Insula_R	Cingulum_Ant_L	Cingulum_Ant_R	Cingulum_Mid_L	Cingulum_Mid_R	Cingulum_Post_L	Cingulum_Post_R	Hippocampus_L	Hippocampus_R	ParaHippocampal_L	ParaHippocampal_R	Amygdala_L	Amygdala_R	Calcarine_L	Calcarine_R	Cuneus_L	Cuneus_R	Lingual_L	Lingual_R	Occipital_Sup_L	Occipital_Sup_R	Occipital_Mid_L	Occipital_Mid_R	Occipital_Inf_L	Occipital_Inf_R	Fusiform_L	Fusiform_R	Postcentral_L	Postcentral_R	Parietal_Sup_L	Parietal_Sup_R	Parietal_Inf_L	Parietal_Inf_R	SupraMarginal_L	SupraMarginal_R	Angular_L	Angular_R	Precuneus_L	Precuneus_R	Paracentral_Lobule_L	Paracentral_Lobule_R	Caudate_L	Caudate_R	Putamen_L	Putamen_R	Pallidum_L	Pallidum_R	Thalamus_L	Thalamus_R	Heschl_L	Heschl_R	Temporal_Sup_L	Temporal_Sup_R	Temporal_Pole_Sup_L	Temporal_Pole_Sup_R	Temporal_Mid_L	Temporal_Mid_R	Temporal_Pole_Mid_L	Temporal_Pole_Mid_R	Temporal_Inf_L	Temporal_Inf_R	Cerebelum_Crus1_L	Cerebelum_Crus1_R	Cerebelum_Crus2_L	Cerebelum_Crus2_R	Cerebelum_3_L	Cerebelum_3_R	Cerebelum_4_5_L	Cerebelum_4_5_R	Cerebelum_6_L	Cerebelum_6_R	Cerebelum_7b_L	Cerebelum_7b_R	Cerebelum_8_L	Cerebelum_8_R	Cerebelum_9_L	Cerebelum_9_R	Cerebelum_10_L	Cerebelum_10_R	Vermis_1_2	Vermis_3	Vermis_4_5	Vermis_6	Vermis_7	Vermis_8	Vermis_9	Vermis_10	
486308	Precentral_L	0	4944	11120	4922	0	0	15048	2938	0	0	10782	3698	3700	658	0	0	9874	0	7908	7482	0	0	984	148	0	0	0	0	11182	94	1452	302	1122	644	11250	3192	5282	972	514	0	0	0	1038	0	146	0	954	0	0	0	2492	0	230	0	608	0	36674	768	438	0	5822	0	4216	0	714	0	3476	224	25380	0	9172	882	3684	0	1114	0	9494	4864	2808	0	3062	0	156	0	3136	0	0	0	1390	0	0	0	0	0	0	0	0	0	0	0	0	0	0	0	0	0	0	0	0	0	0	0	0	0	0	0	
321916	Precentral_R	4944	0	4754	10316	0	0	1074	22284	0	0	0	17402	0	252	0	0	0	2742	6754	11838	0	0	0	0	0	0	0	0	978	1430	0	112	0	562	1228	4346	2004	1888	92	206	0	0	104	418	0	348	88	134	0	402	0	510	0	0	94	728	316	19720	0	148	140	176	0	834	0	0	246	3570	4230	5496	8552	5738	772	2626	310	312	592	3594	1126	0	212	162	0	0	988	1022	0	0	572	1472	0	0	0	0	0	0	0	0	0	0	0	0	0	0	0	0	0	0	0	0	0	0	0	0	0	0	
858164	Frontal_Sup_L	11120	4754	0	17616	8788	0	57554	9270	2220	0	12940	4868	16838	862	8000	324	6122	0	74836	22338	90	0	40042	4462	808	0	0	0	32012	0	18568	5298	2914	4908	536	986	3538	1284	386	0	0	0	110	0	0	0	160	0	0	0	0	0	0	0	384	0	1966	706	0	0	378	0	0	0	0	0	212	760	1630	0	11182	1658	13082	322	4772	0	8940	2450	530	0	2648	0	2358	0	262	0	0	0	290	0	0	0	0	0	0	0	0	0	0	0	0	0	0	0	0	0	0	0	0	0	0	0	0	0	0	0	
782976	Frontal_Sup_R	4922	10316	17616	0	0	1600	3784	25130	0	0	0	11030	0	7842	0	4844	0	5196	26450	85942	0	0	9412	29690	0	2560	0	150	2060	11156	6838	29490	1416	21920	358	558	0	2190	0	336	0	228	156	0	0	0	0	0	0	0	100	0	0	0	0	110	146	1114	0	0	0	0	0	0	0	0	154	212	2330	0	7020	23104	2188	17716	236	1054	1056	11258	0	256	0	100	0	0	0	0	0	0	0	144	0	0	0	0	0	0	0	0	0	0	0	0	0	0	0	0	0	0	0	0	0	0	0	0	0	0	
211696	Frontal_Sup_Orb_L	0	0	8788	0	0	816	830	0	13344	0	224	0	3626	0	19698	0	0	0	1244	0	6084	3212	3476	0	3538	566	7906	1908	13908	0	3940	1106	0	0	0	0	144	0	274	0	234	0	0	0	0	0	0	0	0	0	0	0	0	0	0	0	0	0	0	0	0	0	0	0	0	0	0	0	0	0	3610	1454	5096	180	0	0	0	0	0	0	0	0	642	0	0	0	0	0	0	0	0	0	0	0	0	0	0	0	0	0	0	0	0	0	0	0	0	0	0	0	0	0	0	0	0	0	
96380	Frontal_Sup_Orb_R	0	0	0	1600	816	0	0	0	0	2378	0	0	0	0	0	2518	0	0	0	238	1638	3828	236	2062	450	8172	1786	9524	0	450	518	2062	0	0	0	0	0	0	0	0	0	0	0	0	0	0	0	0	0	0	0	0	0	0	0	0	0	0	0	0	0	0	0	0	0	0	0	0	0	0	1776	4734	0	3278	0	0	0	0	0	0	0	0	0	126	0	0	0	0	0	0	0	0	0	0	0	0	0	0	0	0	0	0	0	0	0	0	0	0	0	0	0	0	0	0	0	0	
423628	Frontal_Mid_L	15048	1074	57554	3784	830	0	0	5796	1506	0	14314	7518	33292	2740	8396	126	720	0	10278	3684	0	0	15088	754	0	0	0	0	13282	0	6026	1046	276	886	108	0	162	0	0	0	0	0	0	0	0	0	0	0	0	0	0	0	0	0	0	0	818	500	0	0	668	0	0	0	0	0	0	92	0	0	3244	144	666	0	178	0	0	134	0	0	88	0	994	0	0	0	0	0	0	0	0	0	0	0	0	0	0	0	0	0	0	0	0	0	0	0	0	0	0	0	0	0	0	0	0	0	
369284	Frontal_Mid_R	2938	22284	9270	25130	0	0	5796	0	0	1758	0	25988	0	15204	0	1884	0	812	7752	6968	0	0	562	3102	0	0	0	0	3826	3556	306	2050	0	2880	428	292	2582	904	128	196	0	0	114	0	0	0	104	0	0	0	0	0	0	0	126	190	872	2822	0	0	428	0	0	0	0	0	218	252	330	0	18844	2432	2424	2920	1178	170	354	590	1250	0	246	134	0	0	1102	0	0	0	672	274	0	0	0	0	0	0	0	0	0	0	0	0	0	0	0	0	0	0	0	0	0	0	0	0	0	0	
72808	Frontal_Mid_Orb_L	0	0	2220	0	13344	0	1506	0	0	0	0	0	1576	0	13032	0	0	0	92	0	192	0	112	0	0	0	1484	0	1866	0	0	0	0	0	0	0	0	0	0	0	0	0	0	0	0	0	0	0	0	0	0	0	0	0	0	0	0	0	0	0	0	0	0	0	0	0	0	0	0	0	0	0	808	0	0	0	0	0	0	0	0	0	172	0	0	0	0	0	0	0	0	0	0	0	0	0	0	0	0	0	0	0	0	0	0	0	0	0	0	0	0	0	0	0	0	0	
16784	Frontal_Mid_Orb_R	0	0	0	0	0	2378	0	1758	0	0	0	0	0	914	0	3232	0	0	0	0	0	0	0	0	0	0	0	0	0	0	0	0	0	0	0	0	0	0	0	0	0	0	0	0	0	0	0	0	0	0	0	0	0	0	0	0	0	0	0	0	0	0	0	0	0	0	0	0	0	0	0	0	0	110	0	0	0	0	0	0	0	0	0	0	0	0	0	0	0	0	0	0	0	0	0	0	0	0	0	0	0	0	0	0	0	0	0	0	0	0	0	0	0	0	0	0	
193012	Frontal_Inf_Oper_L	10782	0	12940	0	224	0	14314	0	0	0	0	756	13336	694	560	0	8586	0	6252	0	0	0	538	0	0	0	0	0	14808	0	752	254	0	0	166	0	376	0	0	0	0	0	0	0	0	0	0	0	0	0	0	0	0	0	0	0	2954	0	0	0	472	0	0	0	0	0	0	0	0	0	1452	0	806	0	172	0	170	130	658	0	1236	0	3012	0	106	0	0	0	0	0	0	0	0	0	0	0	0	0	0	0	0	0	0	0	0	0	0	0	0	0	0	0	0	0	0	0	
328340	Frontal_Inf_Oper_R	3698	17402	4868	11030	0	0	7518	25988	0	0	756	0	596	12572	0	764	0	4704	3196	9682	0	0	664	960	0	0	0	0	1636	13692	1164	2650	0	1860	316	470	2468	1872	128	264	0	0	100	0	0	0	94	0	0	0	0	0	0	0	126	242	804	6444	0	0	424	0	0	0	0	0	174	298	0	0	10186	608	1892	5006	898	212	312	1610	1248	0	238	252	0	0	1094	0	0	0	668	322	0	0	0	0	0	0	0	0	0	0	0	0	0	0	0	0	0	0	0	0	0	0	0	0	0	0	
225728	Frontal_Inf_Tri_L	3700	0	16838	0	3626	0	33292	0	1576	0	13336	596	0	516	14346	0	108	0	2894	156	86	0	994	0	0	0	0	0	16990	0	1024	218	0	0	0	0	0	0	0	0	0	0	0	0	0	0	0	0	0	0	0	0	0	0	0	0	234	0	0	0	214	0	0	0	0	0	0	0	0	0	198	0	510	0	0	0	0	0	0	0	0	0	1412	0	0	0	0	0	0	0	0	0	0	0	0	0	0	0	0	0	0	0	0	0	0	0	0	0	0	0	0	0	0	0	0	0	
148336	Frontal_Inf_Tri_R	658	252	862	7842	0	0	2740	15204	0	914	694	12572	516	0	0	4358	0	98	2466	5830	0	0	714	2212	0	0	0	0	162	7460	718	2682	0	3680	0	0	0	0	0	0	0	0	0	0	0	0	0	0	0	0	0	0	0	0	0	0	0	0	0	0	0	0	0	0	0	0	0	0	0	0	150	132	0	1252	0	0	0	0	0	0	0	0	0	0	0	0	0	0	0	0	0	0	0	0	0	0	0	0	0	0	0	0	0	0	0	0	0	0	0	0	0	0	0	0	0	0	
171532	Frontal_Inf_Orb_L	0	0	8000	0	19698	0	8396	0	13032	0	560	0	14346	0	0	0	0	0	696	0	1978	98	558	0	172	0	1074	0	10572	0	520	0	0	0	0	0	358	0	0	0	226	0	0	0	0	0	0	0	0	0	0	0	0	0	0	0	0	0	0	0	0	0	0	0	0	0	0	0	0	0	270	96	3588	0	0	0	0	0	0	0	118	0	1410	0	0	0	0	0	0	0	0	0	0	0	0	0	0	0	0	0	0	0	0	0	0	0	0	0	0	0	0	0	0	0	0	0	
90492	Frontal_Inf_Orb_R	0	0	324	4844	0	2518	126	1884	0	3232	0	764	0	4358	0	0	0	0	1536	5620	0	1488	0	96	0	0	0	1162	0	5540	0	184	0	1962	0	0	0	0	0	352	0	0	0	0	0	0	0	0	0	0	0	0	0	0	0	0	0	0	0	0	0	0	0	0	0	0	0	0	0	0	0	3738	0	5002	0	0	0	0	0	0	0	0	0	516	0	0	0	0	0	0	0	0	0	0	0	0	0	0	0	0	0	0	0	0	0	0	0	0	0	0	0	0	0	0	0	0	
216092	Rolandic_Oper_L	9874	0	6122	0	0	0	720	0	0	0	8586	0	108	0	0	0	0	0	5390	0	0	0	652	0	0	0	0	0	13244	0	1010	0	0	0	144	0	478	0	0	0	0	0	418	0	258	0	0	0	400	0	6068	0	1578	0	634	0	10254	0	3204	0	2914	0	3058	0	744	0	1306	0	576	0	960	0	416	0	90	0	314	0	5356	0	10960	0	1036	0	7948	0	0	0	3226	0	0	0	0	0	0	0	0	0	0	0	0	0	0	0	0	0	0	0	0	0	0	0	0	0	0	0	
113140	Rolandic_Oper_R	0	2742	0	5196	0	0	0	812	0	0	0	4704	0	98	0	0	0	0	0	5288	0	0	0	0	0	0	0	0	0	8510	0	0	0	0	0	1242	0	2806	0	0	0	0	0	0	0	0	0	0	0	0	0	0	0	0	0	1094	0	5102	0	170	0	622	0	3032	0	180	0	1022	0	226	0	826	0	3450	0	484	0	1156	0	2978	0	2748	0	102	0	764	0	0	0	1216	0	0	0	0	0	0	0	0	0	0	0	0	0	0	0	0	0	0	0	0	0	0	0	0	0	0	
678012	Supp_Motor_Area_L	7908	6754	74836	26450	1244	0	10278	7752	92	0	6252	3196	2894	2466	696	1536	5390	0	0	52812	94	0	8308	1638	0	0	0	0	19390	682	7940	6192	9542	24196	616	1194	2378	1304	148	0	0	0	1052	0	0	0	124	0	0	0	88	0	0	0	348	0	398	676	0	0	250	0	0	0	0	0	734	878	10418	0	10026	1484	10556	664	464	0	312	1672	138	0	2742	0	1356	0	118	0	0	0	330	0	0	0	0	0	0	0	0	0	0	0	0	0	0	0	0	0	0	0	0	0	0	0	0	0	0	0	
911616	Supp_Motor_Area_R	7482	11838	22338	85942	0	238	3684	6968	0	0	0	9682	156	5830	0	5620	0	5288	52812	0	0	0	4422	8310	0	254	0	0	704	10500	2750	14750	5888	59002	5636	15326	0	2300	0	344	0	156	284	2444	0	874	0	1644	0	1758	0	1672	0	0	0	164	86	2862	0	366	0	312	0	272	0	348	716	10082	14310	20394	4156	19166	2482	16234	126	1372	232	2790	0	308	0	304	0	0	0	1214	0	0	0	616	0	0	0	0	0	0	0	0	0	0	0	0	0	0	0	0	0	0	0	0	0	0	0	0	0	0	
125972	Olfactory_L	0	0	90	0	6084	1638	0	0	192	0	0	0	86	0	1978	0	0	0	94	0	0	8588	0	110	1450	1614	8856	4058	3538	0	4190	2872	0	0	0	0	362	0	714	0	1160	0	0	0	0	0	0	0	0	0	0	0	0	0	0	0	0	0	0	0	0	0	0	0	0	0	0	0	0	0	9012	4042	762	758	0	0	0	0	0	0	320	0	418	0	0	0	0	0	0	0	0	0	0	0	0	0	0	0	0	0	0	0	0	0	0	0	0	0	0	0	0	0	0	0	0	0	
128564	Olfactory_R	0	0	0	0	3212	3828	0	0	0	0	0	0	0	0	98	1488	0	0	0	0	8588	0	0	160	1044	2756	7494	6912	0	2244	3214	3330	0	0	0	0	0	0	0	608	0	1138	0	0	0	0	0	0	0	0	0	0	0	0	0	0	0	0	0	0	0	0	0	0	0	0	0	0	0	0	9786	5936	588	1292	0	0	0	0	0	0	0	0	0	566	0	0	0	0	0	0	0	0	0	0	0	0	0	0	0	0	0	0	0	0	0	0	0	0	0	0	0	0	0	0	0	0	
349944	Frontal_Sup_Medial_L	984	0	40042	9412	3476	236	15088	562	112	0	538	664	994	714	558	0	652	0	8308	4422	0	0	0	20944	2254	836	0	0	4548	188	30866	9854	1770	8102	0	0	0	0	0	0	0	0	0	0	0	0	0	0	0	0	0	0	0	0	0	0	646	0	0	0	92	0	0	0	0	0	0	0	0	0	1676	906	4530	638	0	0	182	178	0	0	0	0	0	0	0	0	0	0	0	0	0	0	0	0	0	0	0	0	0	0	0	0	0	0	0	0	0	0	0	0	0	0	0	0	0	0	
271372	Frontal_Sup_Medial_R	148	0	4462	29690	0	2062	754	3102	0	0	0	960	0	2212	0	96	0	0	1638	8310	110	160	20944	0	286	5834	106	580	0	740	8064	22940	0	11222	0	0	0	0	0	0	0	0	0	0	0	0	0	0	0	0	0	0	0	0	0	0	0	0	0	0	0	0	0	0	0	0	0	0	0	0	206	6260	0	4800	0	0	0	0	0	0	0	0	0	0	0	0	0	0	0	0	0	0	0	0	0	0	0	0	0	0	0	0	0	0	0	0	0	0	0	0	0	0	0	0	0	0	
47472	Frontal_Med_Orb_L	0	0	808	0	3538	450	0	0	0	0	0	0	0	0	172	0	0	0	0	0	1450	1044	2254	286	0	548	2618	672	164	0	5696	508	0	0	0	0	0	0	0	0	0	0	0	0	0	0	0	0	0	0	0	0	0	0	0	0	0	0	0	0	0	0	0	0	0	0	0	0	0	0	1774	590	1164	0	0	0	0	0	0	0	0	0	0	0	0	0	0	0	0	0	0	0	0	0	0	0	0	0	0	0	0	0	0	0	0	0	0	0	0	0	0	0	0	0	0	0	
100380	Frontal_Med_Orb_R	0	0	0	2560	566	8172	0	0	0	0	0	0	0	0	0	0	0	0	0	254	1614	2756	836	5834	548	0	1446	7318	0	0	1832	7314	0	0	0	0	0	0	0	0	0	0	0	0	0	0	0	0	0	0	0	0	0	0	0	0	0	0	0	0	0	0	0	0	0	0	0	0	0	0	1530	4880	0	2730	0	0	0	0	0	0	0	0	0	0	0	0	0	0	0	0	0	0	0	0	0	0	0	0	0	0	0	0	0	0	0	0	0	0	0	0	0	0	0	0	0	0	
114980	Rectus_L	0	0	0	0	7906	1786	0	0	1484	0	0	0	0	0	1074	0	0	0	0	0	8856	7494	0	106	2618	1446	0	4380	460	0	4676	2448	0	0	0	0	0	0	0	0	0	0	0	0	0	0	0	0	0	0	0	0	0	0	0	0	0	0	0	0	0	0	0	0	0	0	0	0	0	0	8200	3444	514	598	0	0	0	0	0	0	0	0	0	0	0	0	0	0	0	0	0	0	0	0	0	0	0	0	0	0	0	0	0	0	0	0	0	0	0	0	0	0	0	0	0	0	
105932	Rectus_R	0	0	0	150	1908	9524	0	0	0	0	0	0	0	0	0	1162	0	0	0	0	4058	6912	0	580	672	7318	4380	0	0	618	1876	4812	0	0	0	0	0	0	0	94	0	0	0	0	0	0	0	0	0	0	0	0	0	0	0	0	0	0	0	0	0	0	0	0	0	0	0	0	0	0	3934	3236	0	1548	0	0	0	0	0	0	0	0	0	184	0	0	0	0	0	0	0	0	0	0	0	0	0	0	0	0	0	0	0	0	0	0	0	0	0	0	0	0	0	0	0	0	
509824	Insula_L	11182	978	32012	2060	13908	0	13282	3826	1866	0	14808	1636	16990	162	10572	0	13244	0	19390	704	3538	0	4548	0	164	0	460	0	0	0	3742	158	0	0	954	0	13500	0	1554	0	3998	0	624	0	0	0	320	0	0	0	1096	0	596	0	3508	0	7026	0	0	0	704	0	2544	0	0	0	1066	0	182	0	5960	224	13486	0	150	0	1110	122	5380	0	8596	0	4990	0	2532	0	0	0	5368	0	0	0	0	0	0	0	0	0	92	0	0	0	0	0	0	0	0	0	0	0	0	0	0	0	0	0	
278976	Insula_R	94	1430	0	11156	0	450	0	3556	0	0	0	13692	0	7460	0	5540	0	8510	682	10500	0	2244	188	740	0	0	0	618	0	0	0	212	0	1128	0	1714	0	8860	0	2060	0	1510	0	0	0	0	0	0	0	0	0	216	0	0	0	4086	0	904	0	390	0	838	0	3456	0	2788	0	1138	0	168	0	748	0	19172	0	404	0	1728	0	7488	0	6094	0	652	0	2372	0	0	0	4502	0	0	0	0	0	0	0	0	0	0	0	0	0	0	0	0	0	0	0	0	0	0	0	0	0	0	
340608	Cingulum_Ant_L	1452	0	18568	6838	3940	518	6026	306	0	0	752	1164	1024	718	520	0	1010	0	7940	2750	4190	3214	30866	8064	5696	1832	4676	1876	3742	0	0	20600	4108	4466	0	0	92	0	0	0	0	0	0	0	0	0	0	0	0	0	0	0	0	0	0	0	956	0	0	0	110	0	0	0	0	0	0	0	0	0	7734	3926	8378	1402	130	0	368	352	0	0	0	0	0	0	0	0	0	0	0	0	0	0	0	0	0	0	0	0	0	0	0	0	0	0	0	0	0	0	0	0	0	0	0	0	0	0	
361824	Cingulum_Ant_R	302	112	5298	29490	1106	2062	1046	2050	0	0	254	2650	218	2682	0	184	0	0	6192	14750	2872	3330	9854	22940	508	7314	2448	4812	158	212	20600	0	1768	16222	202	90	0	0	0	0	0	0	0	0	0	0	0	0	0	0	0	0	0	0	0	0	0	0	0	0	0	0	0	0	0	0	0	0	0	0	3712	10124	0	5350	0	0	0	0	0	0	0	0	0	0	0	0	0	0	0	0	0	0	0	0	0	0	0	0	0	0	0	0	0	0	0	0	0	0	0	0	0	0	0	0	0	0	
132048	Cingulum_Mid_L	1122	0	2914	1416	0	0	276	0	0	0	0	0	0	0	0	0	0	0	9542	5888	0	0	1770	0	0	0	0	0	0	0	4108	1768	0	13262	3122	1340	0	0	0	0	0	0	1590	0	924	820	284	0	108	862	1528	0	0	0	0	0	124	270	0	0	0	0	0	0	0	0	5148	2730	3930	398	0	0	0	0	0	0	0	0	0	0	0	0	0	0	780	0	0	0	0	0	0	0	0	0	0	0	0	0	0	0	0	0	0	0	0	0	0	0	0	0	0	0	0	0	0	0	
501332	Cingulum_Mid_R	644	562	4908	21920	0	0	886	2880	0	0	0	1860	0	3680	0	1962	0	0	24196	59002	0	0	8102	11222	0	0	0	0	0	1128	4466	16222	13262	0	5582	14218	0	0	0	0	0	0	204	2520	114	3210	0	1998	0	3898	0	1132	0	0	0	0	0	1908	0	344	0	276	0	136	0	312	1410	13700	6298	14064	0	336	0	1024	0	0	0	0	0	0	0	0	0	0	0	734	0	0	0	346	0	0	0	0	0	0	0	0	0	0	0	0	0	0	0	0	0	0	0	0	0	0	0	0	0	0	
216916	Cingulum_Post_L	11250	1228	536	358	0	0	108	428	0	0	166	316	0	0	0	0	144	0	616	5636	0	0	0	0	0	0	0	0	954	0	0	202	3122	5582	0	12966	6676	1884	924	98	0	0	3314	964	1998	238	2686	726	660	476	580	412	0	0	730	172	904	766	0	178	112	0	132	0	0	86	9492	3318	6484	5262	784	354	0	0	0	0	6250	6564	400	0	224	98	0	0	254	312	0	0	182	152	0	0	0	0	0	0	0	0	0	0	0	0	0	0	0	0	0	0	0	0	0	0	0	0	0	0	
284052	Cingulum_Post_R	3192	4346	986	558	0	0	0	292	0	0	0	470	0	0	0	0	0	1242	1194	15326	0	0	0	0	0	0	0	0	0	1714	0	90	1340	14218	12966	0	3060	9668	0	1966	0	0	0	2436	0	956	0	2996	0	1438	0	1118	0	0	0	508	0	1786	0	450	0	218	0	90	0	206	708	19436	2104	12984	758	690	0	1552	0	0	6390	11078	0	114	0	242	0	0	0	644	0	0	0	496	0	0	0	0	0	0	0	0	0	0	0	0	0	0	0	0	0	0	0	0	0	0	0	0	0	0	
260864	Hippocampus_L	5282	2004	3538	0	144	0	162	2582	0	0	376	2468	0	0	358	0	478	0	2378	0	362	0	0	0	0	0	0	0	13500	0	92	0	0	0	6676	3060	0	1958	8822	140	9874	0	2380	0	0	0	4646	0	0	0	0	0	0	0	15012	146	1582	0	0	0	0	0	0	0	0	0	4726	734	0	0	2742	0	5372	0	322	0	6360	3408	2054	0	2770	0	782	0	2464	0	280	0	10118	0	0	0	0	0	0	0	116	0	164	0	0	0	0	0	0	0	0	0	0	0	0	0	0	0	0	0	
300376	Hippocampus_R	972	1888	1284	2190	0	0	0	904	0	0	0	1872	0	0	0	0	0	2806	1304	2300	0	0	0	0	0	0	0	0	0	8860	0	0	0	0	1884	9668	1958	0	98	18278	0	8740	0	4080	0	600	0	4446	0	0	0	132	0	0	0	18300	0	1512	0	0	0	0	0	0	0	0	146	11420	0	0	838	244	0	15666	0	278	1934	7906	0	988	0	1688	0	438	0	1338	0	0	0	13126	0	0	0	0	0	0	0	102	0	0	0	0	0	0	0	0	0	0	0	0	0	0	0	0	0	0	
63660	ParaHippocampal_L	514	92	386	0	274	0	0	128	0	0	0	128	0	0	0	0	0	0	148	0	714	0	0	0	0	0	0	0	1554	0	0	0	0	0	924	0	8822	98	0	0	2052	0	438	0	0	0	3322	0	0	0	0	0	0	0	7214	0	86	0	0	0	0	0	0	0	0	0	1268	0	0	0	140	0	718	0	0	0	556	140	0	0	156	0	260	0	0	0	392	0	924	0	0	0	0	0	0	0	382	0	0	0	0	0	0	0	0	0	0	0	0	0	0	0	0	0	0	0	
117760	ParaHippocampal_R	0	206	0	336	0	0	0	196	0	0	0	264	0	0	0	352	0	0	0	344	0	608	0	0	0	0	0	94	0	2060	0	0	0	0	98	1966	140	18278	0	0	0	3716	0	1936	0	200	0	3310	0	0	0	0	0	0	0	9090	0	190	0	0	0	0	0	0	0	0	0	4218	0	0	0	0	0	3626	0	140	148	2120	0	132	0	126	0	866	0	258	0	302	0	3400	0	0	0	0	0	0	0	160	0	0	0	0	0	0	0	0	0	0	0	0	0	0	0	0	0	0	
60496	Amygdala_L	0	0	0	0	234	0	0	0	0	0	0	0	0	0	226	0	0	0	0	0	1160	0	0	0	0	0	0	0	3998	0	0	0	0	0	0	0	9874	0	2052	0	0	0	0	0	0	0	0	0	0	0	0	0	0	0	6064	0	0	0	0	0	0	0	0	0	0	0	0	0	0	0	0	0	472	0	0	0	88	0	0	0	626	0	404	0	802	0	300	0	3948	0	0	0	0	0	0	0	0	0	0	0	0	0	0	0	0	0	0	0	0	0	0	0	0	0	0	0	
48320	Amygdala_R	0	0	0	228	0	0	0	0	0	0	0	0	0	0	0	0	0	0	0	156	0	1138	0	0	0	0	0	0	0	1510	0	0	0	0	0	0	0	8740	0	3716	0	0	0	0	0	0	0	0	0	0	0	0	0	0	0	4546	0	0	0	0	0	0	0	0	0	0	0	0	0	0	0	86	0	886	0	0	0	0	0	0	0	0	0	756	0	148	0	0	0	2250	0	0	0	0	0	0	0	0	0	0	0	0	0	0	0	0	0	0	0	0	0	0	0	0	0	0	
309780	Calcarine_L	1038	104	110	156	0	0	0	114	0	0	0	100	0	0	0	0	418	0	1052	284	0	0	0	0	0	0	0	0	624	0	0	0	1590	204	3314	0	2380	0	438	0	0	0	0	7394	14088	5096	21888	2864	10056	1768	23690	986	8188	466	4246	308	936	0	0	0	166	0	180	0	100	0	26266	396	3242	0	124	0	0	0	0	0	106	0	838	0	134	0	0	0	6832	0	0	0	2516	0	0	90	0	0	0	0	0	0	0	0	0	0	0	0	0	0	0	0	0	0	0	0	0	0	0	0	
440080	Calcarine_R	0	418	0	0	0	0	0	0	0	0	0	0	0	0	0	0	0	0	0	2444	0	0	0	0	0	0	0	0	0	0	0	0	0	2520	964	2436	0	4080	0	1936	0	0	7394	0	6028	29116	3536	29150	806	25398	254	16092	238	7566	0	9286	0	4340	0	5218	0	0	0	0	0	0	684	36440	0	6198	198	140	0	422	0	0	0	170	0	0	0	0	0	0	0	7428	0	0	0	7610	0	0	0	0	0	0	0	0	0	220	0	0	0	0	0	0	0	0	0	0	122	1188	0	0	0	0	
228756	Cuneus_L	146	0	0	0	0	0	0	0	0	0	0	0	0	0	0	0	258	0	0	0	0	0	0	0	0	0	0	0	0	0	0	0	924	114	1998	0	0	0	0	0	0	0	14088	6028	0	9148	2458	758	25104	4132	16962	926	3894	212	640	164	148	86	3140	0	782	0	262	0	592	0	17484	1938	254	86	0	0	0	0	0	0	0	0	0	0	262	0	0	0	1390	0	0	0	0	0	0	0	0	0	0	0	0	0	0	0	0	0	0	0	0	0	0	0	0	0	0	0	0	0	0	0	
358244	Cuneus_R	0	348	0	0	0	0	0	0	0	0	0	0	0	0	0	0	0	0	0	874	0	0	0	0	0	0	0	0	0	0	0	0	820	3210	238	956	0	600	0	200	0	0	5096	29116	9148	0	944	5430	1552	45862	292	14242	246	946	0	680	0	4700	0	6374	0	340	0	94	0	286	5562	31372	358	4362	0	0	0	0	0	0	0	0	0	0	0	0	0	0	0	3434	0	0	0	1260	0	0	0	0	0	0	0	0	0	0	0	0	0	0	0	0	0	0	0	0	0	180	0	0	0	0	
368388	Lingual_L	954	88	160	0	0	0	0	104	0	0	0	94	0	0	0	0	0	0	124	0	0	0	0	0	0	0	0	0	320	0	0	0	284	0	2686	0	4646	0	3322	0	0	0	21888	3536	2458	944	0	4904	4222	898	14480	800	10876	586	21942	1624	490	0	0	0	88	0	0	0	0	0	13470	0	1752	0	118	0	0	0	0	0	236	102	196	0	0	0	0	0	1888	0	0	0	1834	0	14030	1162	370	0	174	104	16380	1792	18798	2190	0	0	120	0	126	204	0	0	148	218	3706	1960	426	0	0	172	
345180	Lingual_R	0	134	0	0	0	0	0	0	0	0	0	0	0	0	0	0	0	0	0	1644	0	0	0	0	0	0	0	0	0	0	0	0	0	1998	726	2996	0	4446	0	3310	0	0	2864	29150	758	5430	4904	0	0	7874	132	8668	146	9402	1382	19982	0	1380	0	1962	0	0	0	0	0	0	94	16986	0	2968	142	0	0	192	0	0	0	270	0	0	0	0	0	0	0	1052	0	0	0	2074	3804	3374	278	138	0	390	858	3814	5014	8968	0	0	0	0	0	0	0	0	0	86	4070	7414	1316	0	0	0	
245312	Occipital_Sup_L	0	0	0	0	0	0	0	0	0	0	0	0	0	0	0	0	400	0	0	0	0	0	0	0	0	0	0	0	0	0	0	0	108	0	660	0	0	0	0	0	0	0	10056	806	25104	1552	4222	0	0	118	36100	0	5846	0	1312	0	328	0	9854	0	2582	0	512	0	2338	0	17852	144	518	0	0	0	0	0	0	0	0	0	88	0	612	0	0	0	1360	0	0	0	184	0	0	0	0	0	0	0	0	0	0	0	0	0	0	0	0	0	0	0	0	0	0	0	0	0	0	0	
388504	Occipital_Sup_R	0	402	0	0	0	0	0	0	0	0	0	0	0	0	0	0	0	0	0	1758	0	0	0	0	0	0	0	0	0	0	0	0	862	3898	476	1438	0	0	0	0	0	0	1768	25398	4132	45862	898	7874	118	0	0	25918	0	1336	0	1130	0	6170	0	11564	0	1406	0	276	0	3422	5184	31234	356	5690	0	0	0	0	0	0	0	0	0	0	0	0	0	0	0	4166	0	0	0	1268	0	0	0	0	0	0	0	0	0	0	0	0	0	0	0	0	0	0	0	0	0	248	0	0	0	0	
555256	Occipital_Mid_L	2492	0	0	100	0	0	0	0	0	0	0	0	0	0	0	0	6068	0	88	0	0	0	0	0	0	0	0	0	1096	0	0	0	1528	0	580	0	0	0	0	0	0	0	23690	254	16962	292	14480	132	36100	0	0	0	25342	0	7566	0	7348	0	20832	0	15374	0	5824	0	13838	0	31626	198	5808	0	0	0	0	0	0	0	0	0	1380	0	4516	0	0	0	30888	0	0	0	3226	0	0	0	0	0	0	0	0	0	0	0	0	0	0	0	0	0	0	0	0	0	0	0	0	0	0	0	
267500	Occipital_Mid_R	0	510	0	0	0	0	0	0	0	0	0	0	0	0	0	0	0	0	0	1672	0	0	0	0	0	0	0	0	0	216	0	0	0	1132	412	1118	0	132	0	0	0	0	986	16092	926	14242	800	8668	0	25918	0	0	0	6538	0	3620	0	1046	0	1332	0	2926	0	692	0	10852	1202	10588	0	3108	0	0	0	0	0	0	0	0	0	208	0	332	0	0	0	14540	0	0	0	3604	0	90	0	0	0	0	0	0	0	162	0	0	0	0	0	0	0	0	0	0	0	86	0	0	0	0	
176484	Occipital_Inf_L	230	0	0	0	0	0	0	0	0	0	0	0	0	0	0	0	1578	0	0	0	0	0	0	0	0	0	0	0	596	0	0	0	0	0	0	0	0	0	0	0	0	0	8188	238	3894	246	10876	146	5846	0	25342	0	0	0	13218	0	170	0	0	0	114	0	654	0	0	0	3430	0	120	0	0	0	0	0	0	0	0	0	2062	0	438	0	0	0	3110	0	0	0	4524	0	1284	0	0	0	0	0	652	0	1286	0	0	0	0	0	0	0	0	0	0	0	0	0	0	0	0	0	
97420	Occipital_Inf_R	0	0	0	0	0	0	0	0	0	0	0	0	0	0	0	0	0	0	0	0	0	0	0	0	0	0	0	0	0	0	0	0	0	0	0	0	0	0	0	0	0	0	466	7566	212	946	586	9402	0	1336	0	6538	0	0	0	9362	0	0	0	0	0	0	0	0	0	0	0	1278	0	98	0	0	0	0	0	0	0	0	0	0	0	0	0	0	0	2550	0	0	0	3802	432	226	0	0	0	0	0	88	656	1722	0	0	0	0	0	0	0	0	0	0	114	1190	140	0	0	0	
395512	Fusiform_L	608	94	384	0	0	0	0	126	0	0	0	126	0	0	0	0	634	0	348	0	0	0	0	0	0	0	0	0	3508	0	0	0	0	0	730	0	15012	0	7214	0	6064	0	4246	0	640	0	21942	1382	1312	0	7566	0	13218	0	0	1090	202	0	0	0	0	0	0	0	0	0	2862	0	166	0	124	0	530	0	0	0	740	0	1504	0	2668	0	2322	0	4326	0	2196	0	20382	0	23900	1366	2262	110	160	0	9236	764	25216	2680	648	0	658	86	0	0	0	0	0	0	2622	3370	412	0	0	0	
490224	Fusiform_R	0	728	0	110	0	0	0	190	0	0	0	242	0	0	0	0	0	1094	0	164	0	0	0	0	0	0	0	0	0	4086	0	0	0	0	172	508	146	18300	0	9090	0	4546	308	9286	164	680	1624	19982	0	1130	0	3620	0	9362	1090	0	0	290	0	0	0	0	0	0	0	0	0	3214	0	164	0	0	0	4654	0	94	142	1572	0	1614	0	1980	0	1126	0	2170	0	480	0	22638	4448	27622	484	3000	158	734	4464	14578	7244	33890	0	1070	142	1212	322	346	0	0	198	678	9878	6820	912	0	152	0	
310640	Postcentral_L	36674	316	1966	146	0	0	818	872	0	0	2954	804	234	0	0	0	10254	0	398	86	0	0	646	0	0	0	0	0	7026	0	956	0	124	0	904	0	1582	0	86	0	0	0	936	0	148	0	490	0	328	0	7348	0	170	0	202	0	0	0	7814	0	22698	0	11268	0	2824	0	3126	0	8874	0	3010	0	1724	0	566	0	310	0	2874	0	4340	0	0	0	7778	0	0	0	1646	0	0	0	0	0	0	0	0	0	0	0	0	0	0	0	0	0	0	0	0	0	0	0	0	0	0	0	
264800	Postcentral_R	768	19720	706	1114	0	0	500	2822	0	0	0	6444	0	0	0	0	0	5102	676	2862	0	0	0	0	0	0	0	0	0	904	0	0	270	1908	766	1786	0	1512	0	190	0	0	0	4340	86	4700	0	1380	0	6170	0	1046	0	0	0	290	0	0	0	6472	0	5768	0	6354	0	3050	1424	12642	190	18888	2290	1492	0	2240	0	282	158	1554	0	280	0	860	0	0	0	1752	0	0	0	642	0	0	0	0	0	0	0	0	0	0	0	0	0	0	0	0	0	0	0	0	0	0	0	0	0	0	
176264	Parietal_Sup_L	438	0	0	0	0	0	0	0	0	0	0	0	0	0	0	0	3204	0	0	0	0	0	0	0	0	0	0	0	0	0	0	0	0	0	0	0	0	0	0	0	0	0	0	0	3140	0	0	0	9854	0	20832	0	0	0	0	0	7814	0	0	0	13200	0	2306	0	4476	0	13538	0	1704	0	0	0	0	0	0	0	0	0	0	0	3342	0	0	0	4080	0	0	0	204	0	0	0	0	0	0	0	0	0	0	0	0	0	0	0	0	0	0	0	0	0	0	0	0	0	0	0	
156920	Parietal_Sup_R	0	148	0	0	0	0	0	0	0	0	0	0	0	0	0	0	0	170	0	366	0	0	0	0	0	0	0	0	0	390	0	0	0	344	178	450	0	0	0	0	0	0	0	5218	0	6374	0	1962	0	11564	0	1332	0	0	0	0	0	6472	0	0	0	9676	0	5904	0	9608	204	10768	0	3190	0	0	0	0	0	0	0	0	0	342	0	498	0	0	0	2806	0	0	0	496	0	0	0	0	0	0	0	0	0	0	0	0	0	0	0	0	0	0	0	0	0	0	0	0	0	0	
250700	Parietal_Inf_L	5822	140	378	0	0	0	668	428	0	0	472	424	214	0	0	0	2914	0	250	0	0	0	92	0	0	0	0	0	704	0	110	0	0	0	112	0	0	0	0	0	0	0	166	0	782	0	88	0	2582	0	15374	0	114	0	0	0	22698	0	13200	0	0	0	17766	0	19774	0	3238	0	3298	0	508	0	0	0	0	0	0	0	0	0	2914	0	0	0	8392	0	0	0	1728	0	0	0	0	0	0	0	0	0	0	0	0	0	0	0	0	0	0	0	0	0	0	0	0	0	0	0	
119468	Parietal_Inf_R	0	176	0	0	0	0	0	0	0	0	0	0	0	0	0	0	0	622	0	312	0	0	0	0	0	0	0	0	0	838	0	0	0	276	0	218	0	0	0	0	0	0	0	0	0	340	0	0	0	1406	0	2926	0	0	0	0	0	5768	0	9676	0	0	0	10788	0	16414	124	1146	0	3568	0	0	0	0	0	0	0	0	0	690	0	918	0	0	0	3082	0	0	0	446	0	0	0	0	0	0	0	0	0	0	0	0	0	0	0	0	0	0	0	0	0	0	0	0	0	0	
161172	SupraMarginal_L	4216	0	0	0	0	0	0	0	0	0	0	0	0	0	0	0	3058	0	0	0	0	0	0	0	0	0	0	0	2544	0	0	0	0	0	132	0	0	0	0	0	0	0	180	0	262	0	0	0	512	0	5824	0	654	0	0	0	11268	0	2306	0	17766	0	0	0	10446	0	1308	0	1334	0	98	0	114	0	0	0	0	0	0	0	4058	0	0	0	12262	0	0	0	2244	0	0	0	0	0	0	0	0	0	0	0	0	0	0	0	0	0	0	0	0	0	0	0	0	0	0	0	
116836	SupraMarginal_R	0	834	0	0	0	0	0	0	0	0	0	0	0	0	0	0	0	3032	0	272	0	0	0	0	0	0	0	0	0	3456	0	0	0	136	0	90	0	0	0	0	0	0	0	0	0	94	0	0	0	276	0	692	0	0	0	0	0	6354	0	5904	0	10788	0	0	0	9972	0	570	0	2884	0	0	0	0	0	0	0	0	0	3172	0	5470	0	0	0	3826	0	0	0	596	0	0	0	0	0	0	0	0	0	0	0	0	0	0	0	0	0	0	0	0	0	0	0	0	0	0	
139332	Angular_L	714	0	0	0	0	0	0	0	0	0	0	0	0	0	0	0	744	0	0	0	0	0	0	0	0	0	0	0	0	0	0	0	0	0	0	0	0	0	0	0	0	0	100	0	592	0	0	0	2338	0	13838	0	0	0	0	0	2824	0	4476	0	19774	0	10446	0	0	0	1938	0	924	0	0	0	0	0	0	0	0	0	0	0	730	0	0	0	8722	0	0	0	1506	0	0	0	0	0	0	0	0	0	0	0	0	0	0	0	0	0	0	0	0	0	0	0	0	0	0	0	
144944	Angular_R	0	0	0	0	0	0	0	0	0	0	0	0	0	0	0	0	0	180	0	348	0	0	0	0	0	0	0	0	0	2788	0	0	0	312	86	206	0	0	0	0	0	0	0	0	0	286	0	0	0	3422	0	10852	0	0	0	0	0	3050	0	9608	0	16414	0	9972	0	0	0	740	0	2562	0	0	0	0	0	0	0	0	0	2596	0	3074	0	0	0	5340	0	0	0	636	0	0	0	0	0	0	0	0	0	0	0	0	0	0	0	0	0	0	0	0	0	0	0	0	0	0	
435644	Precuneus_L	3476	246	212	154	0	0	0	218	0	0	0	174	0	0	0	0	1306	0	734	716	0	0	0	0	0	0	0	0	1066	0	0	0	5148	1410	9492	708	4726	146	1268	0	0	0	26266	684	17484	5562	13470	94	17852	5184	31626	1202	3430	0	2862	0	3126	1424	13538	204	3238	124	1308	0	1938	0	0	11182	7184	1110	268	0	0	0	0	0	584	182	602	0	1784	0	0	0	10778	0	0	0	2332	0	0	0	0	0	0	0	0	0	0	0	0	0	0	0	0	0	0	0	0	0	0	0	0	0	0	0	
587836	Precuneus_R	224	3570	760	212	0	0	92	252	0	0	0	298	0	0	0	0	0	1022	878	10082	0	0	0	0	0	0	0	0	0	1138	0	0	2730	13700	3318	19436	734	11420	0	4218	0	0	396	36440	1938	31372	0	16986	144	31234	198	10588	0	1278	0	3214	0	12642	0	10768	0	1146	0	570	0	740	11182	0	1742	22516	880	218	0	1386	0	0	762	2306	0	0	0	922	0	0	0	10470	0	0	0	7796	0	0	0	0	0	0	0	0	0	0	0	0	0	0	0	0	0	0	0	0	0	0	0	0	0	0	
249596	Paracentral_Lobule_L	25380	4230	1630	2330	0	0	0	330	0	0	0	0	0	0	0	0	576	0	10418	14310	0	0	0	0	0	0	0	0	182	0	0	0	3930	6298	6484	2104	0	0	0	0	0	0	3242	0	254	358	1752	0	518	356	5808	0	120	0	166	0	8874	190	1704	0	3298	0	1334	0	924	0	7184	1742	0	1720	362	0	0	0	0	0	564	0	0	0	528	0	0	0	4332	0	0	0	1266	0	0	0	0	0	0	0	0	0	0	0	0	0	0	0	0	0	0	0	0	0	0	0	0	0	0	0	
293252	Paracentral_Lobule_R	0	5496	0	0	0	0	0	0	0	0	0	0	0	0	0	0	0	226	0	20394	0	0	0	0	0	0	0	0	0	168	0	0	398	14064	5262	12984	0	0	0	0	0	0	0	6198	86	4362	0	2968	0	5690	0	3108	0	98	0	164	0	18888	0	3190	0	3568	0	2884	0	2562	1110	22516	1720	0	0	120	0	0	0	0	0	0	0	164	0	1974	0	0	0	4954	0	0	0	1310	0	0	0	0	0	0	0	0	0	0	0	0	0	0	0	0	0	0	0	0	0	0	0	0	0	0	
418212	Caudate_L	9172	8552	11182	7020	3610	1776	3244	18844	0	0	1452	10186	198	150	270	0	960	0	10026	4156	9012	9786	1676	206	1774	1530	8200	3934	5960	0	7734	3712	0	0	784	758	2742	838	140	0	0	0	124	198	0	0	118	142	0	0	0	0	0	0	124	0	3010	2290	0	0	508	0	98	0	0	0	268	880	362	0	0	13608	13916	3042	2032	0	10278	5066	1298	0	370	0	0	0	1106	0	0	0	684	0	0	0	0	0	0	0	0	0	0	0	0	0	0	0	0	0	0	0	0	0	0	0	0	0	0	0	
360892	Caudate_R	882	5738	1658	23104	1454	4734	144	2432	0	0	0	608	0	132	96	3738	0	826	1484	19166	4042	5936	906	6260	590	4880	3444	3236	224	748	3926	10124	0	336	354	690	0	244	0	0	0	86	0	140	0	0	0	0	0	0	0	0	0	0	0	0	0	1492	0	0	0	0	0	0	0	0	0	218	0	120	13608	0	4322	21426	0	1204	4666	20692	0	244	0	0	0	0	0	0	0	0	0	92	0	0	0	0	0	0	0	0	0	0	0	0	0	0	0	0	0	0	0	0	0	0	0	0	0	0	
234008	Putamen_L	3684	772	13082	2188	5096	0	666	2424	808	0	806	1892	510	0	3588	0	416	0	10556	2482	762	588	4530	0	1164	0	514	0	13486	0	8378	0	0	0	0	0	5372	0	718	0	472	0	0	0	0	0	0	0	0	0	0	0	0	0	530	0	1724	0	0	0	0	0	114	0	0	0	0	0	0	0	13916	4322	0	1874	5982	0	1912	404	94	0	486	0	504	0	88	0	0	0	100	0	0	0	0	0	0	0	0	0	0	0	0	0	0	0	0	0	0	0	0	0	0	0	0	0	0	0	
333092	Putamen_R	0	2626	322	17716	180	3278	0	2920	0	110	0	5006	0	1252	0	5002	0	3450	664	16234	758	1292	638	4800	0	2730	598	1548	0	19172	1402	5350	0	1024	0	1552	0	15666	0	3626	0	886	0	422	0	0	0	192	0	0	0	0	0	0	0	4654	0	2240	0	0	0	0	0	0	0	0	0	1386	0	0	3042	21426	1874	0	0	1706	0	3114	0	380	0	1040	0	154	0	598	0	0	0	4516	0	0	0	0	0	0	0	0	0	0	0	0	0	0	0	0	0	0	0	0	0	0	0	0	0	0	
40916	Pallidum_L	1114	310	4772	236	0	0	178	1178	0	0	172	898	0	0	0	0	90	0	464	126	0	0	0	0	0	0	0	0	150	0	130	0	0	0	0	0	322	0	0	0	0	0	0	0	0	0	0	0	0	0	0	0	0	0	0	0	566	0	0	0	0	0	0	0	0	0	0	0	0	0	2032	0	5982	0	0	0	1738	0	0	0	0	0	0	0	0	0	0	0	0	0	0	0	0	0	0	0	0	0	0	0	0	0	0	0	0	0	0	0	0	0	0	0	0	0	0	0	
15640	Pallidum_R	0	312	0	1054	0	0	0	170	0	0	0	212	0	0	0	0	0	484	0	1372	0	0	0	0	0	0	0	0	0	404	0	0	0	0	0	0	0	278	0	140	0	0	0	0	0	0	0	0	0	0	0	0	0	0	0	94	0	282	0	0	0	0	0	0	0	0	0	0	0	0	0	1204	0	1706	0	0	0	0	0	108	0	0	0	0	0	0	0	0	0	0	0	0	0	0	0	0	0	0	0	0	0	0	0	0	0	0	0	0	0	0	0	0	0	0	0	0	
178676	Thalamus_L	9494	592	8940	1056	0	0	0	354	0	0	170	312	0	0	0	0	314	0	312	232	0	0	182	0	0	0	0	0	1110	0	368	0	0	0	6250	6390	6360	1934	556	148	88	0	106	0	0	0	236	0	0	0	0	0	0	0	740	142	310	158	0	0	0	0	0	0	0	0	584	762	564	0	10278	4666	1912	0	1738	0	0	20426	194	0	334	0	0	0	202	0	0	0	824	0	0	0	0	0	0	0	0	0	0	0	0	0	0	0	0	0	0	0	0	0	0	0	0	0	0	0	
241688	Thalamus_R	4864	3594	2450	11258	0	0	134	590	0	0	130	1610	0	0	0	0	0	1156	1672	2790	0	0	178	0	0	0	0	0	122	1728	352	0	0	0	6564	11078	3408	7906	140	2120	0	0	0	170	0	0	102	270	0	0	0	0	0	0	0	1572	0	1554	0	0	0	0	0	0	0	0	182	2306	0	0	5066	20692	404	3114	0	0	20426	0	0	0	0	530	0	0	0	136	0	0	0	476	0	0	0	0	0	0	0	0	0	0	0	0	0	0	0	0	0	0	0	0	0	0	0	0	0	0	
95800	Heschl_L	2808	1126	530	0	0	0	0	1250	0	0	658	1248	0	0	0	0	5356	0	138	0	0	0	0	0	0	0	0	0	5380	0	0	0	0	0	400	0	2054	0	0	0	0	0	838	0	0	0	196	0	88	0	1380	0	2062	0	1504	0	2874	0	0	0	0	0	0	0	0	0	602	0	0	0	1298	0	94	0	0	0	194	0	0	0	4796	0	0	0	4832	0	0	0	6194	0	0	0	0	0	0	0	0	0	0	0	0	0	0	0	0	0	0	0	0	0	0	0	0	0	0	0	
65696	Heschl_R	0	0	0	256	0	0	0	0	0	0	0	0	0	0	0	0	0	2978	0	308	0	0	0	0	0	0	0	0	0	7488	0	0	0	0	0	114	0	988	0	132	0	0	0	0	0	0	0	0	0	0	0	208	0	0	0	1614	0	280	0	342	0	690	0	3172	0	2596	0	0	0	164	0	244	0	380	0	108	0	0	0	0	0	6784	0	0	0	1630	0	0	0	2372	0	0	0	0	0	0	0	0	0	0	0	0	0	0	0	0	0	0	0	0	0	0	0	0	0	0	
198360	Temporal_Sup_L	3062	212	2648	0	0	0	88	246	0	0	1236	238	0	0	118	0	10960	0	2742	0	320	0	0	0	0	0	0	0	8596	0	0	0	0	0	224	0	2770	0	156	0	626	0	134	0	262	0	0	0	612	0	4516	0	438	0	2668	0	4340	0	3342	0	2914	0	4058	0	730	0	1784	0	528	0	370	0	486	0	0	0	334	0	4796	0	0	0	3674	0	17398	0	0	0	11554	0	0	0	0	0	0	0	0	0	0	0	0	0	0	0	0	0	0	0	0	0	0	0	0	0	0	0	
97744	Temporal_Sup_R	0	162	0	100	0	0	0	134	0	0	0	252	0	0	0	0	0	2748	0	304	0	0	0	0	0	0	0	0	0	6094	0	0	0	0	98	242	0	1688	0	126	0	0	0	0	0	0	0	0	0	0	0	332	0	0	0	1980	0	860	0	498	0	918	0	5470	0	3074	0	922	0	1974	0	0	0	1040	0	0	0	530	0	6784	0	0	0	862	0	8100	0	0	0	3580	0	0	0	0	0	0	0	0	0	0	0	0	0	0	0	0	0	0	0	0	0	0	0	0	0	0	
78976	Temporal_Pole_Sup_L	156	0	2358	0	642	0	994	0	172	0	3012	0	1412	0	1410	0	1036	0	1356	0	418	0	0	0	0	0	0	0	4990	0	0	0	0	0	0	0	782	0	260	0	404	0	0	0	0	0	0	0	0	0	0	0	0	0	2322	0	0	0	0	0	0	0	0	0	0	0	0	0	0	0	0	0	504	0	0	0	0	0	0	0	3674	0	0	0	6328	0	4014	0	3244	0	0	0	0	0	0	0	0	0	0	0	0	0	0	0	0	0	0	0	0	0	0	0	0	0	0	0	
20944	Temporal_Pole_Sup_R	0	0	0	0	0	126	0	0	0	0	0	0	0	0	0	516	0	102	0	0	0	566	0	0	0	0	0	184	0	652	0	0	0	0	0	0	0	438	0	866	0	756	0	0	0	0	0	0	0	0	0	0	0	0	0	1126	0	0	0	0	0	0	0	0	0	0	0	0	0	0	0	0	0	154	0	0	0	0	0	0	0	862	0	0	0	924	0	1978	0	1222	0	0	0	0	0	0	0	0	0	0	0	0	0	0	0	0	0	0	0	0	0	0	0	0	0	0	
381496	Temporal_Mid_L	3136	988	262	0	0	0	0	1102	0	0	106	1094	0	0	0	0	7948	0	118	0	0	0	0	0	0	0	0	0	2532	0	0	0	780	0	254	0	2464	0	0	0	802	0	6832	0	1390	0	1888	0	1360	0	30888	0	3110	0	4326	0	7778	0	4080	0	8392	0	12262	0	8722	0	10778	0	4332	0	1106	0	88	0	0	0	202	0	4832	0	17398	0	6328	0	0	0	3346	0	29724	0	0	0	0	0	0	0	0	0	0	0	0	0	0	0	0	0	0	0	0	0	0	0	0	0	0	0	
221256	Temporal_Mid_R	0	1022	0	0	0	0	0	0	0	0	0	0	0	0	0	0	0	764	0	1214	0	0	0	0	0	0	0	0	0	2372	0	0	0	734	312	644	0	1338	0	258	0	148	0	7428	0	3434	0	1052	0	4166	0	14540	0	2550	0	2170	0	1752	0	2806	0	3082	0	3826	0	5340	0	10470	0	4954	0	0	0	598	0	0	0	136	0	1630	0	8100	0	924	0	0	0	502	0	22362	0	0	0	0	0	0	0	0	0	0	0	0	0	0	0	0	0	0	0	0	0	0	0	0	0	0	
27896	Temporal_Pole_Mid_L	0	0	0	0	0	0	0	0	0	0	0	0	0	0	0	0	0	0	0	0	0	0	0	0	0	0	0	0	0	0	0	0	0	0	0	0	280	0	392	0	300	0	0	0	0	0	0	0	0	0	0	0	0	0	2196	0	0	0	0	0	0	0	0	0	0	0	0	0	0	0	0	0	0	0	0	0	0	0	0	0	0	0	4014	0	3346	0	0	0	3420	0	0	0	0	0	0	0	0	0	0	0	0	0	0	0	0	0	0	0	0	0	0	0	0	0	0	0	
7728	Temporal_Pole_Mid_R	0	0	0	0	0	0	0	0	0	0	0	0	0	0	0	0	0	0	0	0	0	0	0	0	0	0	0	0	0	0	0	0	0	0	0	0	0	0	0	302	0	0	0	0	0	0	0	0	0	0	0	0	0	0	0	480	0	0	0	0	0	0	0	0	0	0	0	0	0	0	0	0	0	0	0	0	0	0	0	0	0	0	0	1978	0	502	0	0	0	602	0	0	0	0	0	0	0	0	0	0	0	0	0	0	0	0	0	0	0	0	0	0	0	0	0	0	
270264	Temporal_Inf_L	1390	572	290	0	0	0	0	672	0	0	0	668	0	0	0	0	3226	0	330	0	0	0	0	0	0	0	0	0	5368	0	0	0	0	0	182	0	10118	0	924	0	3948	0	2516	0	0	0	1834	0	184	0	3226	0	4524	0	20382	0	1646	0	204	0	1728	0	2244	0	1506	0	2332	0	1266	0	684	0	100	0	0	0	824	0	6194	0	11554	0	3244	0	29724	0	3420	0	0	0	4614	0	1188	0	0	0	338	0	1708	0	260	0	0	0	0	0	0	0	0	0	0	0	0	0	0	0	
246792	Temporal_Inf_R	0	1472	0	144	0	0	0	274	0	0	0	322	0	0	0	0	0	1216	0	616	0	0	0	0	0	0	0	0	0	4502	0	0	0	346	152	496	0	13126	0	3400	0	2250	0	7610	0	1260	0	2074	0	1268	0	3604	0	3802	0	22638	0	642	0	496	0	446	0	596	0	636	0	7796	0	1310	0	92	0	4516	0	0	0	476	0	2372	0	3580	0	1222	0	22362	0	602	0	0	0	4084	0	328	0	0	0	122	0	1146	0	0	0	0	0	0	0	0	0	0	0	0	0	0	0	0	
606564	Cerebelum_Crus1_L	0	0	0	0	0	0	0	0	0	0	0	0	0	0	0	0	0	0	0	0	0	0	0	0	0	0	0	0	0	0	0	0	0	0	0	0	0	0	0	0	0	0	0	0	0	0	14030	3804	0	0	0	0	1284	432	23900	4448	0	0	0	0	0	0	0	0	0	0	0	0	0	0	0	0	0	0	0	0	0	0	0	0	0	0	0	0	0	0	0	0	4614	0	0	18314	40268	9558	350	186	19686	2548	56680	20198	11464	3306	16098	5682	1162	326	0	0	256	202	6448	15212	20582	1906	138	200	
553192	Cerebelum_Crus1_R	0	0	0	0	0	0	0	0	0	0	0	0	0	0	0	0	0	0	0	0	0	0	0	0	0	0	0	0	0	0	0	0	0	0	0	0	0	0	0	0	0	0	90	0	0	0	1162	3374	0	0	0	90	0	226	1366	27622	0	0	0	0	0	0	0	0	0	0	0	0	0	0	0	0	0	0	0	0	0	0	0	0	0	0	0	0	0	0	0	0	0	4084	18314	0	5570	36894	278	1042	5988	15770	14554	59830	3134	9498	5772	14362	924	1224	96	0	340	1150	11308	13612	16796	1552	574	0	
295304	Cerebelum_Crus2_L	0	0	0	0	0	0	0	0	0	0	0	0	0	0	0	0	0	0	0	0	0	0	0	0	0	0	0	0	0	0	0	0	0	0	0	0	0	0	0	0	0	0	0	0	0	0	370	278	0	0	0	0	0	0	2262	484	0	0	0	0	0	0	0	0	0	0	0	0	0	0	0	0	0	0	0	0	0	0	0	0	0	0	0	0	0	0	0	0	1188	0	40268	5570	0	8562	0	0	1060	246	7136	4298	28186	4478	19164	4890	1402	132	0	0	0	92	378	2962	11620	2496	130	0	
310152	Cerebelum_Crus2_R	0	0	0	0	0	0	0	0	0	0	0	0	0	0	0	0	0	0	0	0	0	0	0	0	0	0	0	0	0	0	0	0	0	0	0	0	0	0	0	0	0	0	0	0	0	0	0	138	0	0	0	0	0	0	110	3000	0	0	0	0	0	0	0	0	0	0	0	0	0	0	0	0	0	0	0	0	0	0	0	0	0	0	0	0	0	0	0	0	0	328	9558	36894	8562	0	0	0	212	796	1812	10806	5050	25172	6670	26582	598	672	0	0	0	0	264	1424	13116	2998	314	0	
40372	Cerebelum_3_L	0	0	0	0	0	0	0	0	0	0	0	0	0	0	0	0	0	0	0	0	0	0	0	0	0	0	0	0	0	0	0	0	0	0	0	0	0	0	0	0	0	0	0	0	0	0	174	0	0	0	0	0	0	0	160	158	0	0	0	0	0	0	0	0	0	0	0	0	0	0	0	0	0	0	0	0	0	0	0	0	0	0	0	0	0	0	0	0	0	0	350	278	0	0	0	182	7986	202	778	316	0	0	298	468	850	278	228	0	1822	3246	1664	134	614	0	0	0	
37668	Cerebelum_3_R	0	0	0	0	0	0	0	0	0	0	0	0	0	0	0	0	0	0	0	0	0	0	0	0	0	0	0	0	0	0	0	0	0	0	0	0	0	0	0	0	0	0	0	0	0	0	104	390	0	0	0	0	0	0	0	734	0	0	0	0	0	0	0	0	0	0	0	0	0	0	0	0	0	0	0	0	0	0	0	0	0	0	0	0	0	0	0	0	0	0	186	1042	0	0	182	0	794	2970	582	2834	0	0	0	264	206	874	0	0	1804	2908	1242	592	322	346	458	0	
294780	Cerebelum_4_5_L	0	0	0	0	0	0	0	0	0	0	0	0	0	0	0	0	0	0	0	0	0	0	0	0	0	0	0	0	0	0	0	0	0	0	0	0	116	0	382	0	0	0	0	0	0	0	16380	858	0	0	0	0	652	0	9236	4464	0	0	0	0	0	0	0	0	0	0	0	0	0	0	0	0	0	0	0	0	0	0	0	0	0	0	0	0	0	0	0	0	338	0	19686	5988	1060	212	7986	794	0	6258	30106	7188	156	0	1570	1122	4456	1748	576	0	1908	2612	13838	3512	2432	102	520	1134	
217556	Cerebelum_4_5_R	0	0	0	0	0	0	0	0	0	0	0	0	0	0	0	0	0	0	0	0	0	0	0	0	0	0	0	0	0	0	0	0	0	0	0	0	0	102	0	160	0	0	0	0	0	0	1792	3814	0	0	0	0	0	88	764	14578	0	0	0	0	0	0	0	0	0	0	0	0	0	0	0	0	0	0	0	0	0	0	0	0	0	0	0	0	0	0	0	0	0	122	2548	15770	246	796	202	2970	6258	0	4636	25008	0	138	0	754	492	2022	0	134	796	2360	16202	2260	1220	1102	1134	310	
499832	Cerebelum_6_L	0	0	0	0	0	0	0	0	0	0	0	0	0	0	0	0	0	0	0	0	0	0	0	0	0	0	0	0	92	0	0	0	0	0	0	0	164	0	0	0	0	0	0	0	0	0	18798	5014	0	0	0	0	1286	656	25216	7244	0	0	0	0	0	0	0	0	0	0	0	0	0	0	0	0	0	0	0	0	0	0	0	0	0	0	0	0	0	0	0	0	1708	0	56680	14554	7136	1812	778	582	30106	4636	0	21408	1856	206	3294	1704	1658	1124	244	0	600	696	10668	20072	8238	450	606	630	
557852	Cerebelum_6_R	0	0	0	0	0	0	0	0	0	0	0	0	0	0	0	0	0	0	0	0	0	0	0	0	0	0	0	0	0	0	0	0	0	0	0	0	0	0	0	0	0	0	0	220	0	0	2190	8968	0	0	0	162	0	1722	2680	33890	0	0	0	0	0	0	0	0	0	0	0	0	0	0	0	0	0	0	0	0	0	0	0	0	0	0	0	0	0	0	0	0	0	1146	20198	59830	4298	10806	316	2834	7188	25008	21408	0	1972	2332	4750	4636	1382	2164	124	314	760	2376	15252	21302	15328	1964	1406	0	
189844	Cerebelum_7b_L	0	0	0	0	0	0	0	0	0	0	0	0	0	0	0	0	0	0	0	0	0	0	0	0	0	0	0	0	0	0	0	0	0	0	0	0	0	0	0	0	0	0	0	0	0	0	0	0	0	0	0	0	0	0	648	0	0	0	0	0	0	0	0	0	0	0	0	0	0	0	0	0	0	0	0	0	0	0	0	0	0	0	0	0	0	0	0	0	260	0	11464	3134	28186	5050	0	0	156	0	1856	1972	0	3482	22812	3434	2542	0	100	0	0	0	0	138	7282	2406	0	0	
162204	Cerebelum_7b_R	0	0	0	0	0	0	0	0	0	0	0	0	0	0	0	0	0	0	0	0	0	0	0	0	0	0	0	0	0	0	0	0	0	0	0	0	0	0	0	0	0	0	0	0	0	0	0	0	0	0	0	0	0	0	0	1070	0	0	0	0	0	0	0	0	0	0	0	0	0	0	0	0	0	0	0	0	0	0	0	0	0	0	0	0	0	0	0	0	0	0	3306	9498	4478	25172	0	0	0	138	206	2332	3482	0	2848	19430	170	600	0	0	0	0	0	0	6124	2036	212	0	
254740	Cerebelum_8_L	0	0	0	0	0	0	0	0	0	0	0	0	0	0	0	0	0	0	0	0	0	0	0	0	0	0	0	0	0	0	0	0	0	0	0	0	0	0	0	0	0	0	0	0	0	0	120	0	0	0	0	0	0	0	658	142	0	0	0	0	0	0	0	0	0	0	0	0	0	0	0	0	0	0	0	0	0	0	0	0	0	0	0	0	0	0	0	0	0	0	16098	5772	19164	6670	298	0	1570	0	3294	4750	22812	2848	0	8382	12206	1600	952	0	0	0	140	320	13156	5432	986	0	
255448	Cerebelum_8_R	0	0	0	0	0	0	0	0	0	0	0	0	0	0	0	0	0	0	0	0	0	0	0	0	0	0	0	0	0	0	0	0	0	0	0	0	0	0	0	0	0	0	0	0	0	0	0	0	0	0	0	0	0	0	86	1212	0	0	0	0	0	0	0	0	0	0	0	0	0	0	0	0	0	0	0	0	0	0	0	0	0	0	0	0	0	0	0	0	0	0	5682	14362	4890	26582	468	264	1122	754	1704	4636	3434	19430	8382	0	1894	10838	98	624	126	338	168	260	12380	6074	1916	0	
85616	Cerebelum_9_L	0	0	0	0	0	0	0	0	0	0	0	0	0	0	0	0	0	0	0	0	0	0	0	0	0	0	0	0	0	0	0	0	0	0	0	0	0	0	0	0	0	0	0	0	0	0	126	0	0	0	0	0	0	0	0	322	0	0	0	0	0	0	0	0	0	0	0	0	0	0	0	0	0	0	0	0	0	0	0	0	0	0	0	0	0	0	0	0	0	0	1162	924	1402	598	850	206	4456	492	1658	1382	2542	170	12206	1894	0	1772	2034	0	280	378	1636	1558	2204	962	1014	580	
92628	Cerebelum_9_R	0	0	0	0	0	0	0	0	0	0	0	0	0	0	0	0	0	0	0	0	0	0	0	0	0	0	0	0	0	0	0	0	0	0	0	0	0	0	0	0	0	0	0	0	0	0	204	0	0	0	0	0	0	0	0	346	0	0	0	0	0	0	0	0	0	0	0	0	0	0	0	0	0	0	0	0	0	0	0	0	0	0	0	0	0	0	0	0	0	0	326	1224	132	672	278	874	1748	2022	1124	2164	0	600	1600	10838	1772	0	290	1212	492	924	1948	2166	3246	3766	4884	1462	
9892	Cerebelum_10_L	0	0	0	0	0	0	0	0	0	0	0	0	0	0	0	0	0	0	0	0	0	0	0	0	0	0	0	0	0	0	0	0	0	0	0	0	0	0	0	0	0	0	0	0	0	0	0	0	0	0	0	0	0	0	0	0	0	0	0	0	0	0	0	0	0	0	0	0	0	0	0	0	0	0	0	0	0	0	0	0	0	0	0	0	0	0	0	0	0	0	0	96	0	0	228	0	576	0	244	124	100	0	952	98	2034	290	0	0	0	0	204	0	0	0	0	0	
6048	Cerebelum_10_R	0	0	0	0	0	0	0	0	0	0	0	0	0	0	0	0	0	0	0	0	0	0	0	0	0	0	0	0	0	0	0	0	0	0	0	0	0	0	0	0	0	0	0	0	0	0	0	0	0	0	0	0	0	0	0	0	0	0	0	0	0	0	0	0	0	0	0	0	0	0	0	0	0	0	0	0	0	0	0	0	0	0	0	0	0	0	0	0	0	0	0	0	0	0	0	0	0	134	0	314	0	0	0	624	0	1212	0	0	0	0	0	0	162	288	290	0	
36060	Vermis_1_2	0	0	0	0	0	0	0	0	0	0	0	0	0	0	0	0	0	0	0	0	0	0	0	0	0	0	0	0	0	0	0	0	0	0	0	0	0	0	0	0	0	0	0	0	0	0	148	0	0	0	0	0	0	0	0	198	0	0	0	0	0	0	0	0	0	0	0	0	0	0	0	0	0	0	0	0	0	0	0	0	0	0	0	0	0	0	0	0	0	0	256	340	0	0	1822	1804	1908	796	600	760	0	0	0	126	280	492	0	0	0	5168	2602	498	116	0	116	0	
57028	Vermis_3	0	0	0	0	0	0	0	0	0	0	0	0	0	0	0	0	0	0	0	0	0	0	0	0	0	0	0	0	0	0	0	0	0	0	0	0	0	0	0	0	0	0	0	0	0	0	218	86	0	0	0	0	0	0	0	678	0	0	0	0	0	0	0	0	0	0	0	0	0	0	0	0	0	0	0	0	0	0	0	0	0	0	0	0	0	0	0	0	0	0	202	1150	92	0	3246	2908	2612	2360	696	2376	0	0	0	338	378	924	0	0	5168	0	3112	778	410	318	464	0	
232580	Vermis_4_5	0	0	0	0	0	0	0	0	0	0	0	0	0	0	0	0	0	0	0	0	0	0	0	0	0	0	0	0	0	0	0	0	0	0	0	0	0	0	0	0	0	0	0	122	0	0	3706	4070	0	0	0	0	0	114	2622	9878	0	0	0	0	0	0	0	0	0	0	0	0	0	0	0	0	0	0	0	0	0	0	0	0	0	0	0	0	0	0	0	0	0	0	6448	11308	378	264	1664	1242	13838	16202	10668	15252	0	0	140	168	1636	1948	204	0	2602	3112	0	5754	440	98	728	1684	
252580	Vermis_6	0	0	0	0	0	0	0	0	0	0	0	0	0	0	0	0	0	0	0	0	0	0	0	0	0	0	0	0	0	0	0	0	0	0	0	0	0	0	0	0	0	0	0	1188	0	180	1960	7414	0	248	0	86	0	1190	3370	6820	0	0	0	0	0	0	0	0	0	0	0	0	0	0	0	0	0	0	0	0	0	0	0	0	0	0	0	0	0	0	0	0	0	0	15212	13612	2962	1424	134	592	3512	2260	20072	21302	138	0	320	260	1558	2166	0	0	498	778	5754	0	7794	442	1526	1518	
