data	data	460532	244088	694224	623480	155748	147268	485444	221244	124296	30492	173072	122084	244740	102344	218064	139732	184080	80992	569012	619712	93848	94748	321428	306236	25832	84676	37064	58080	634952	339868	225712	376888	111868	454644	136228	169360	217500	302612	97976	203544	32620	70104	236444	356148	131780	265620	264652	414396	168260	323932	461184	309912	112284	78900	299116	452024	238036	185644	116364	79464	218424	80540	125064	91344	121544	99056	356888	395780	174872	145456	382952	375352	393440	293080	49772	27396	100232	124784	66144	27784	196876	108924	73996	84540	336096	213952	33264	46632	260792	214872	383804	377072	304592	241084	42720	102452	252624	225628	471772	481708	198388	127992	257604	266980	136048	180588	20368	15424	35920	112480	234136	276516	181808	126216	150108	33716	
data	data	Precentral_L	Precentral_R	Frontal_Sup_L	Frontal_Sup_R	Frontal_Sup_Orb_L	Frontal_Sup_Orb_R	Frontal_Mid_L	Frontal_Mid_R	Frontal_Mid_Orb_L	Frontal_Mid_Orb_R	Frontal_Inf_Oper_L	Frontal_Inf_Oper_R	Frontal_Inf_Tri_L	Frontal_Inf_Tri_R	Frontal_Inf_Orb_L	Frontal_Inf_Orb_R	Rolandic_Oper_L	Rolandic_Oper_R	Supp_Motor_Area_L	Supp_Motor_Area_R	Olfactory_L	Olfactory_R	Frontal_Sup_Medial_L	Frontal_Sup_Medial_R	Frontal_Med_Orb_L	Frontal_Med_Orb_R	Rectus_L	Rectus_R	Insula_L	Insula_R	Cingulum_Ant_L	Cingulum_Ant_R	Cingulum_Mid_L	Cingulum_Mid_R	Cingulum_Post_L	Cingulum_Post_R	Hippocampus_L	Hippocampus_R	ParaHippocampal_L	ParaHippocampal_R	Amygdala_L	Amygdala_R	Calcarine_L	Calcarine_R	Cuneus_L	Cuneus_R	Lingual_L	Lingual_R	Occipital_Sup_L	Occipital_Sup_R	Occipital_Mid_L	Occipital_Mid_R	Occipital_Inf_L	Occipital_Inf_R	Fusiform_L	Fusiform_R	Postcentral_L	Postcentral_R	Parietal_Sup_L	Parietal_Sup_R	Parietal_Inf_L	Parietal_Inf_R	SupraMarginal_L	SupraMarginal_R	Angular_L	Angular_R	Precuneus_L	Precuneus_R	Paracentral_Lobule_L	Paracentral_Lobule_R	Caudate_L	Caudate_R	Putamen_L	Putamen_R	Pallidum_L	Pallidum_R	Thalamus_L	Thalamus_R	Heschl_L	Heschl_R	Temporal_Sup_L	Temporal_Sup_R	Temporal_Pole_Sup_L	Temporal_Pole_Sup_R	Temporal_Mid_L	Temporal_Mid_R	Temporal_Pole_Mid_L	Temporal_Pole_Mid_R	Temporal_Inf_L	Temporal_Inf_R	Cerebelum_Crus1_L	Cerebelum_Crus1_R	Cerebelum_Crus2_L	Cerebelum_Crus2_R	Cerebelum_3_L	Cerebelum_3_R	Cerebelum_4_5_L	Cerebelum_4_5_R	Cerebelum_6_L	Cerebelum_6_R	Cerebelum_7b_L	Cerebelum_7b_R	Cerebelum_8_L	Cerebelum_8_R	Cerebelum_9_L	Cerebelum_9_R	Cerebelum_10_L	Cerebelum_10_R	Vermis_1_2	Vermis_3	Vermis_4_5	Vermis_6	Vermis_7	Vermis_8	Vermis_9	Vermis_10	
460532	Precentral_L	0	972	14712	3264	0	0	17086	0	136	0	9296	0	1820	0	284	0	13214	126	14138	10552	304	0	106	0	0	0	0	0	17280	194	78	188	444	4524	2280	1000	5746	366	862	0	236	0	106	0	628	0	0	0	162	0	4104	76	356	0	372	0	28514	320	2768	0	7630	0	1906	72	102	0	2124	128	20832	606	5190	3176	4714	366	3062	156	13870	2574	1476	0	3188	0	482	0	1160	72	0	0	700	66	0	0	0	0	0	0	0	0	0	0	0	0	0	0	0	0	0	0	0	0	0	0	0	0	0	0	
244088	Precentral_R	972	0	426	11708	404	0	204	8556	142	0	0	13000	0	1164	154	0	0	3346	688	6080	0	0	96	0	0	0	0	0	480	8858	104	0	96	3212	400	3218	228	4458	0	548	0	0	0	284	0	194	0	1074	0	344	0	954	0	0	0	474	282	16434	0	510	0	2854	0	4034	0	460	130	2284	682	7598	2736	2556	920	2956	0	96	430	3334	0	242	0	398	0	0	0	530	0	0	0	712	0	0	0	0	0	0	0	0	0	0	0	0	0	0	0	0	0	0	0	0	0	0	0	0	0	0	
694224	Frontal_Sup_L	14712	426	0	10768	9056	0	51556	458	2526	0	1682	84	12386	134	7096	414	1166	106	60690	15528	146	0	45074	6512	512	0	0	0	24064	428	14304	5772	4482	8538	150	194	1872	66	270	0	110	0	0	0	62	0	0	64	0	0	326	96	0	0	0	0	686	326	0	0	188	0	0	0	0	0	176	190	2072	0	9990	730	21548	264	4318	104	3912	280	0	0	82	0	306	0	110	0	0	0	0	0	0	0	0	0	0	0	0	0	0	0	0	0	0	0	0	0	0	0	0	0	0	0	0	0	0	0	
623480	Frontal_Sup_R	3264	11708	10768	0	1336	5432	3270	21950	1046	0	0	2268	1036	3392	2078	4338	0	586	17050	52332	0	0	7788	32972	0	2128	0	0	3478	8128	5422	30862	1210	16764	210	178	150	2564	0	336	0	0	0	0	0	0	0	78	0	0	0	88	0	0	0	106	142	1148	0	0	0	0	0	0	0	0	0	100	836	0	15174	17990	5484	8992	0	1638	830	4710	0	0	0	104	0	0	0	164	0	0	0	112	0	0	0	0	0	0	0	0	0	0	0	0	0	0	0	0	0	0	0	0	0	0	0	0	0	0	
155748	Frontal_Sup_Orb_L	0	404	9056	1336	0	0	2874	504	12624	0	90	90	2126	0	7500	0	0	0	2522	1560	1508	0	3426	296	1464	0	4598	0	7004	124	1882	168	382	1378	0	0	0	0	96	0	146	0	0	0	0	0	0	0	0	0	0	0	0	0	0	0	0	438	0	0	0	0	0	0	0	0	0	0	0	0	3588	162	10320	0	0	0	0	0	0	0	0	0	208	0	0	0	0	0	0	0	0	0	0	0	0	0	0	0	0	0	0	0	0	0	0	0	0	0	0	0	0	0	0	0	0	0	
147268	Frontal_Sup_Orb_R	0	0	0	5432	0	0	0	2408	0	4012	0	320	0	410	0	5592	0	0	156	2192	1174	2528	0	5238	0	7646	126	7230	0	2802	62	3228	0	260	0	0	0	0	0	0	0	162	0	0	0	0	0	0	0	0	0	0	0	0	0	0	0	0	0	0	0	0	0	0	0	0	0	0	98	0	1306	11316	820	8428	0	260	0	428	0	0	0	0	0	0	0	0	0	0	0	0	0	0	0	0	0	0	0	0	0	0	0	0	0	0	0	0	0	0	0	0	0	0	0	0	0	0	
485444	Frontal_Mid_L	17086	204	51556	3270	2874	0	0	258	5034	0	14670	0	29618	0	12474	76	7144	0	7058	2774	340	0	20032	1802	0	0	0	0	41724	102	3362	964	1570	1480	104	0	1588	0	226	0	282	0	0	0	0	0	0	0	0	0	0	0	0	0	0	0	362	104	0	0	0	0	0	0	0	0	0	0	376	0	3674	160	6982	0	132	0	272	242	0	0	1800	0	946	0	0	0	0	0	0	0	0	0	0	0	0	0	0	0	0	0	0	0	0	0	0	0	0	0	0	0	0	0	0	0	0	0	
221244	Frontal_Mid_R	0	8556	458	21950	504	2408	258	0	188	2160	0	6848	80	14982	226	5852	0	456	1904	7004	0	0	522	3134	0	0	0	0	588	7536	332	2110	0	4638	0	0	0	188	0	0	0	0	0	0	0	0	0	0	0	0	0	0	0	0	0	0	0	1116	0	0	0	252	0	510	0	0	0	0	0	0	4726	5736	1420	3636	0	0	156	0	0	0	0	94	0	94	0	0	0	0	0	0	0	0	0	0	0	0	0	0	0	0	0	0	0	0	0	0	0	0	0	0	0	0	0	0	0	0	
124296	Frontal_Mid_Orb_L	136	142	2526	1046	12624	0	5034	188	0	0	0	0	3280	0	14298	0	0	0	1392	1146	354	0	494	0	430	0	2664	0	7304	0	980	0	0	398	0	0	0	0	0	0	0	0	0	0	0	0	0	0	0	0	0	0	0	0	0	0	0	126	0	0	0	0	0	0	0	0	0	0	0	0	1802	84	5700	0	0	0	0	0	0	0	0	0	0	0	0	0	0	0	0	0	0	0	0	0	0	0	0	0	0	0	0	0	0	0	0	0	0	0	0	0	0	0	0	0	0	0	
30492	Frontal_Mid_Orb_R	0	0	0	0	0	4012	0	2160	0	0	0	0	0	898	0	4798	0	0	0	0	0	88	0	0	0	0	0	250	0	334	0	0	0	0	0	0	0	0	0	0	0	0	0	0	0	0	0	0	0	0	0	0	0	0	0	0	0	0	0	0	0	0	0	0	0	0	0	0	0	0	0	1138	0	1568	0	0	0	0	0	0	0	0	0	0	0	0	0	0	0	0	0	0	0	0	0	0	0	0	0	0	0	0	0	0	0	0	0	0	0	0	0	0	0	0	0	0	
173072	Frontal_Inf_Oper_L	9296	0	1682	0	90	0	14670	0	0	0	0	0	11760	0	250	0	8690	0	774	0	98	0	356	0	0	0	0	0	24114	0	0	0	0	0	0	0	1206	0	132	0	68	0	0	0	0	0	0	0	0	0	916	0	0	0	0	0	1914	0	578	0	526	0	136	0	0	0	356	0	84	0	0	0	1654	0	0	0	0	0	208	0	4580	0	2302	0	96	0	0	0	0	0	0	0	0	0	0	0	0	0	0	0	0	0	0	0	0	0	0	0	0	0	0	0	0	0	0	0	
122084	Frontal_Inf_Oper_R	0	13000	84	2268	90	320	0	6848	0	0	0	0	0	3942	0	524	0	3242	92	1462	0	0	274	854	0	0	0	0	92	13480	208	1484	0	1180	0	0	0	460	0	0	0	0	0	0	0	0	0	0	0	0	0	178	0	0	0	0	0	1074	0	0	0	380	0	696	0	0	0	0	0	0	898	3374	182	2848	0	86	110	0	0	0	0	310	0	1002	0	0	0	0	0	0	0	0	0	0	0	0	0	0	0	0	0	0	0	0	0	0	0	0	0	0	0	0	0	0	0	0	
244740	Frontal_Inf_Tri_L	1820	0	12386	1036	2126	0	29618	80	3280	0	11760	0	0	0	15804	0	298	0	3720	1234	0	0	3126	214	0	0	0	0	30586	0	146	72	72	334	0	0	330	0	74	0	0	0	0	0	0	0	0	0	0	0	0	0	0	0	0	0	0	0	0	0	0	0	0	0	0	0	0	0	0	0	856	0	2706	0	0	0	0	0	0	0	76	0	616	0	0	0	0	0	0	0	0	0	0	0	0	0	0	0	0	0	0	0	0	0	0	0	0	0	0	0	0	0	0	0	0	0	
102344	Frontal_Inf_Tri_R	0	1164	134	3392	0	410	0	14982	0	898	0	3942	0	0	0	5550	0	270	328	2150	0	0	90	1136	0	0	0	0	0	9132	80	1250	0	870	0	0	0	92	0	0	0	0	0	0	0	0	0	0	0	0	0	0	0	0	0	0	0	0	0	0	0	0	0	0	0	0	0	0	0	0	110	2652	0	2338	0	0	0	0	0	0	0	86	0	116	0	0	0	0	0	0	0	0	0	0	0	0	0	0	0	0	0	0	0	0	0	0	0	0	0	0	0	0	0	0	0	0	
218064	Frontal_Inf_Orb_L	284	154	7096	2078	7500	0	12474	226	14298	0	250	0	15804	0	0	0	0	0	3666	2246	1574	0	1816	112	0	0	1090	0	25300	0	120	68	0	474	0	0	94	0	116	0	128	0	0	0	0	0	0	0	0	0	0	0	0	0	0	0	0	0	0	0	0	0	0	0	0	0	0	0	0	0	3168	0	8162	0	0	0	0	0	0	0	0	0	734	0	0	0	0	0	0	0	0	0	0	0	0	0	0	0	0	0	0	0	0	0	0	0	0	0	0	0	0	0	0	0	0	0	
139732	Frontal_Inf_Orb_R	0	0	414	4338	0	5592	76	5852	0	4798	0	524	0	5550	0	0	0	0	1454	2164	0	1304	344	982	0	0	0	2164	0	18514	136	2428	174	2642	0	0	0	644	0	728	0	772	0	0	0	0	0	0	0	0	0	0	0	0	0	760	0	0	0	0	0	0	0	0	0	0	0	0	0	0	332	1526	0	4262	0	66	0	0	0	0	0	0	0	1192	0	0	0	0	0	134	0	0	0	0	0	0	0	0	0	0	0	0	0	0	0	0	0	0	0	0	0	0	0	0	0	0	
184080	Rolandic_Oper_L	13214	0	1166	0	0	0	7144	0	0	0	8690	0	298	0	0	0	0	0	1122	0	0	0	0	0	0	0	0	0	22080	0	0	0	0	0	0	0	948	0	0	0	0	0	0	0	0	0	0	0	94	0	1598	0	276	0	158	0	10946	0	904	0	1588	0	3516	0	128	0	460	0	0	0	0	0	544	0	0	0	0	0	2816	0	10144	0	1150	0	1706	0	0	0	1350	0	0	0	0	0	0	0	0	0	0	0	0	0	0	0	0	0	0	0	0	0	0	0	0	0	0	0	
80992	Rolandic_Oper_R	126	3346	106	586	0	0	0	456	0	0	0	3242	0	270	0	0	0	0	110	692	0	0	0	0	0	0	0	0	0	12922	0	0	0	312	0	0	0	462	0	64	0	0	0	84	0	156	0	0	0	72	0	608	0	78	0	72	0	3192	0	0	0	0	0	2062	0	104	0	402	0	0	120	86	74	1744	0	84	0	250	0	1552	0	3998	0	1084	0	1102	0	0	0	878	0	0	0	0	0	0	0	0	0	0	0	0	0	0	0	0	0	0	0	0	0	0	0	0	0	0	
569012	Supp_Motor_Area_L	14138	688	60690	17050	2522	156	7058	1904	1392	0	774	92	3720	328	3666	1454	1122	110	0	36234	118	0	5052	3314	0	104	0	0	13620	1128	7898	6816	6474	20398	788	414	1532	210	166	0	92	0	206	0	260	0	90	126	88	76	328	238	0	0	0	0	438	414	0	0	174	144	0	160	0	0	848	282	11248	116	13668	1414	20234	888	6136	212	4664	366	0	0	78	0	276	0	112	0	0	0	0	0	0	0	0	0	0	0	0	0	0	0	0	0	0	0	0	0	0	0	0	0	0	0	0	0	0	0	
619712	Supp_Motor_Area_R	10552	6080	15528	52332	1560	2192	2774	7004	1146	0	0	1462	1234	2150	2246	2164	0	692	36234	0	0	0	2268	7724	0	494	0	0	3864	5260	1588	9254	4212	43034	1268	5966	746	1662	0	300	0	0	0	782	0	106	0	1570	0	266	0	452	0	0	0	164	554	2140	0	0	0	0	0	0	0	0	174	3698	7002	7578	13530	17650	5612	6612	84	1578	1610	4786	78	0	0	122	0	0	0	420	0	0	0	298	0	0	0	0	0	0	0	0	0	0	0	0	0	0	0	0	0	0	0	0	0	0	0	0	0	0	
93848	Olfactory_L	304	0	146	0	1508	1174	340	0	354	0	98	0	0	0	1574	0	0	0	118	0	0	6546	0	0	1116	232	2068	1398	3450	0	2184	2052	0	0	0	0	476	0	1036	0	1722	0	0	0	0	0	0	0	0	0	0	0	0	0	0	0	0	0	0	0	0	0	0	0	0	0	0	0	0	0	8260	4142	4220	1996	0	0	0	0	0	0	0	0	410	0	0	0	0	0	0	0	0	0	0	0	0	0	0	0	0	0	0	0	0	0	0	0	0	0	0	0	0	0	0	0	0	0	
94748	Olfactory_R	0	0	0	0	0	2528	0	0	0	88	0	0	0	0	0	1304	0	0	0	0	6546	0	0	0	182	2038	568	3698	0	2668	2074	3122	0	0	0	0	0	728	0	404	0	1438	0	0	0	0	0	0	0	0	0	0	0	0	0	0	0	0	0	0	0	0	0	0	0	0	0	0	0	0	6378	6702	3634	2794	0	0	0	318	0	0	0	0	0	162	0	0	0	0	0	0	0	0	0	0	0	0	0	0	0	0	0	0	0	0	0	0	0	0	0	0	0	0	0	0	0	0	
321428	Frontal_Sup_Medial_L	106	96	45074	7788	3426	0	20032	522	494	0	356	274	3126	90	1816	344	0	0	5052	2268	0	0	0	20338	1256	174	0	0	4960	866	12828	11220	2736	7006	0	0	0	228	0	0	0	0	0	0	0	0	0	0	0	0	0	140	0	0	0	0	0	256	0	0	0	0	0	0	0	0	0	146	0	0	3672	318	3306	400	0	0	0	0	0	0	0	0	0	0	0	0	0	0	0	0	0	0	0	0	0	0	0	0	0	0	0	0	0	0	0	0	0	0	0	0	0	0	0	0	0	0	
306236	Frontal_Sup_Medial_R	0	0	6512	32972	296	5238	1802	3134	0	0	0	854	214	1136	112	982	0	0	3314	7724	0	0	20338	0	326	4450	0	0	292	2270	6232	29924	720	13340	0	0	0	0	0	0	0	0	0	0	0	0	0	0	0	0	0	0	0	0	0	0	0	0	0	0	0	0	0	0	0	0	0	0	84	0	440	6928	124	2752	0	222	0	386	0	0	0	0	0	0	0	0	0	0	0	0	0	0	0	0	0	0	0	0	0	0	0	0	0	0	0	0	0	0	0	0	0	0	0	0	0	0	
25832	Frontal_Med_Orb_L	0	0	512	0	1464	0	0	0	430	0	0	0	0	0	0	0	0	0	0	0	1116	182	1256	326	0	446	1912	0	0	0	2422	218	0	0	0	0	0	0	0	0	0	0	0	0	0	0	0	0	0	0	0	0	0	0	0	0	0	0	0	0	0	0	0	0	0	0	0	0	0	0	1484	128	902	118	0	0	0	0	0	0	0	0	0	0	0	0	0	0	0	0	0	0	0	0	0	0	0	0	0	0	0	0	0	0	0	0	0	0	0	0	0	0	0	0	0	0	
84676	Frontal_Med_Orb_R	0	0	0	2128	0	7646	0	0	0	0	0	0	0	0	0	0	0	0	104	494	232	2038	174	4450	446	0	0	4226	0	0	736	5248	0	0	0	0	0	0	0	0	0	0	0	0	0	0	0	0	0	0	0	0	0	0	0	0	0	0	0	0	0	0	0	0	0	0	0	0	84	0	350	7796	122	5618	0	240	0	206	0	0	0	0	0	0	0	0	0	0	0	0	0	0	0	0	0	0	0	0	0	0	0	0	0	0	0	0	0	0	0	0	0	0	0	0	0	0	
37064	Rectus_L	0	0	0	0	4598	126	0	0	2664	0	0	0	0	0	1090	0	0	0	0	0	2068	568	0	0	1912	0	0	270	608	0	1066	202	0	0	0	0	0	0	0	0	0	0	0	0	0	0	0	0	0	0	0	0	0	0	0	0	0	0	0	0	0	0	0	0	0	0	0	0	0	0	1320	250	1574	216	0	0	0	0	0	0	0	0	0	0	0	0	0	0	0	0	0	0	0	0	0	0	0	0	0	0	0	0	0	0	0	0	0	0	0	0	0	0	0	0	0	0	
58080	Rectus_R	0	0	0	0	0	7230	0	0	0	250	0	0	0	0	0	2164	0	0	0	0	1398	3698	0	0	0	4226	270	0	0	2054	74	664	0	0	0	0	0	64	0	0	0	286	0	0	0	0	0	0	0	0	0	0	0	0	0	0	0	0	0	0	0	0	0	0	0	0	0	0	0	0	1428	1952	928	2354	0	0	0	0	0	0	0	0	0	0	0	0	0	0	0	0	0	0	0	0	0	0	0	0	0	0	0	0	0	0	0	0	0	0	0	0	0	0	0	0	0	0	
634952	Insula_L	17280	480	24064	3478	7004	0	41724	588	7304	0	24114	92	30586	0	25300	0	22080	0	13620	3864	3450	0	4960	292	0	0	608	0	0	68	772	160	92	1046	490	378	14614	116	1726	0	2662	0	0	0	0	0	0	0	110	0	1812	0	248	0	1404	0	7236	260	902	0	862	0	1888	0	0	0	492	0	168	0	4226	128	21818	0	0	0	366	344	2766	0	8824	0	5962	0	2484	0	0	0	2164	0	0	0	0	0	0	0	0	0	0	0	0	0	0	0	0	0	0	0	0	0	0	0	0	0	0	0	
339868	Insula_R	194	8858	428	8128	124	2802	102	7536	0	334	0	13480	0	9132	0	18514	0	12922	1128	5260	0	2668	866	2270	0	0	0	2054	68	0	502	3378	104	2866	0	78	0	8798	0	2410	0	3632	0	202	0	268	0	118	0	184	0	1622	0	196	0	2178	126	1776	0	0	0	268	0	522	0	288	0	1000	92	0	556	6138	258	20300	0	210	0	530	0	1456	0	5450	0	3316	0	1944	0	0	0	2300	0	0	0	0	0	0	0	0	0	0	0	0	0	0	0	0	0	0	0	0	0	0	0	0	0	0	
225712	Cingulum_Ant_L	78	104	14304	5422	1882	62	3362	332	980	0	0	208	146	80	120	136	0	0	7898	1588	2184	2074	12828	6232	2422	736	1066	74	772	502	0	15584	4568	3994	106	0	0	290	0	0	0	0	0	0	0	0	0	0	0	0	0	84	0	0	0	0	0	230	0	0	0	0	0	0	0	0	0	0	132	0	9754	2800	7754	1512	0	0	0	456	0	0	0	0	0	0	0	0	0	0	0	0	0	0	0	0	0	0	0	0	0	0	0	0	0	0	0	0	0	0	0	0	0	0	0	0	0	0	
376888	Cingulum_Ant_R	188	0	5772	30862	168	3228	964	2110	0	0	0	1484	72	1250	68	2428	0	0	6816	9254	2052	3122	11220	29924	218	5248	202	664	160	3378	15584	0	1880	19228	0	0	0	0	0	0	0	0	0	0	0	0	0	0	0	0	0	0	0	0	0	0	82	0	0	0	0	0	0	0	0	0	0	0	100	0	4518	18116	1052	5586	0	324	94	1028	0	0	0	0	0	0	0	0	0	0	0	0	0	0	0	0	0	0	0	0	0	0	0	0	0	0	0	0	0	0	0	0	0	0	0	0	0	0	
111868	Cingulum_Mid_L	444	96	4482	1210	382	0	1570	0	0	0	0	0	72	0	0	174	0	0	6474	4212	0	0	2736	720	0	0	0	0	92	104	4568	1880	0	11656	1190	172	0	0	0	0	0	0	150	810	1402	188	0	476	0	170	64	304	0	0	0	0	370	0	0	0	0	0	0	0	0	0	3798	2350	2374	606	494	0	144	0	0	0	0	0	0	0	0	0	0	0	0	0	0	0	0	0	0	0	0	0	0	0	0	0	0	0	0	0	0	0	0	0	0	0	0	0	0	0	0	0	0	0	
454644	Cingulum_Mid_R	4524	3212	8538	16764	1378	260	1480	4638	398	0	0	1180	334	870	474	2642	0	312	20398	43034	0	0	7006	13340	0	0	0	0	1046	2866	3994	19228	11656	0	944	7222	76	442	0	166	0	0	0	2310	0	410	0	2666	0	890	0	1772	0	0	0	174	0	984	0	0	0	0	0	0	0	0	472	10336	4790	7772	9422	2736	1822	208	0	0	352	674	0	0	0	0	0	0	0	976	0	0	0	134	0	0	0	0	0	0	0	0	0	0	0	0	0	0	0	0	0	0	0	0	0	0	0	0	0	0	
136228	Cingulum_Post_L	2280	400	150	210	0	0	104	0	0	0	0	0	0	0	0	0	0	0	788	1268	0	0	0	0	0	0	0	0	490	0	106	0	1190	944	0	8914	6200	2762	2836	96	0	0	4148	64	1276	0	2828	116	402	0	3438	0	1288	0	1138	0	968	162	0	0	192	0	130	0	0	0	9556	1696	4102	512	142	344	132	224	0	0	658	3458	532	0	116	0	0	0	1502	0	0	0	252	0	0	0	0	0	0	0	0	0	0	0	0	0	0	0	0	0	0	0	0	0	0	0	0	0	0	0	
169360	Cingulum_Post_R	1000	3218	194	178	0	0	0	0	0	0	0	0	0	0	0	0	0	0	414	5966	0	0	0	0	0	0	0	0	378	78	0	0	172	7222	8914	0	4622	4820	1210	564	0	0	72	848	108	296	210	5950	254	92	184	166	0	0	670	340	464	3498	0	0	194	0	124	0	0	0	2086	15498	498	7356	104	350	162	280	0	0	888	3466	322	0	0	0	0	0	0	372	0	0	0	348	0	0	0	0	0	0	0	0	0	0	0	0	0	0	0	0	0	0	0	0	530	0	0	0	0	0	
217500	Hippocampus_L	5746	228	1872	150	0	0	1588	0	0	0	1206	0	330	0	94	0	948	0	1532	746	476	0	0	0	0	0	0	0	14614	0	0	0	0	76	6200	4622	0	2660	11962	96	5326	0	2034	0	0	0	3382	0	0	0	408	0	70	0	7458	0	2640	0	132	0	618	0	286	0	0	0	3002	664	362	0	692	104	7772	226	568	0	3094	3214	2070	0	1494	0	1582	0	386	0	222	0	5798	0	0	0	0	0	0	0	0	0	0	0	0	0	0	0	0	0	0	0	0	0	0	0	0	0	0	0	
302612	Hippocampus_R	366	4458	66	2564	0	0	0	188	0	0	0	460	0	92	0	644	0	462	210	1662	0	728	228	0	0	0	0	64	116	8798	290	0	0	442	2762	4820	2660	0	778	25268	0	11540	0	1196	0	158	224	6832	0	168	0	364	0	188	440	21948	304	940	0	70	0	0	0	114	0	68	210	6810	162	1374	1148	876	762	11060	0	1448	80	3758	106	784	0	1236	0	2948	0	2380	0	510	0	11194	0	128	0	0	194	98	316	510	0	170	0	0	0	0	0	0	0	0	0	0	364	0	0	0	0	0	
97976	ParaHippocampal_L	862	0	270	0	96	0	226	0	0	0	132	0	74	0	116	0	0	0	166	0	1036	0	0	0	0	0	0	0	1726	0	0	0	0	0	2836	1210	11962	778	0	0	1942	0	1804	0	68	0	4514	0	80	0	582	0	968	0	8286	0	132	0	0	0	136	0	114	0	0	0	2108	564	72	0	0	0	1214	0	0	0	214	972	270	0	116	0	422	0	724	0	760	0	1436	0	0	0	0	0	0	0	0	0	0	0	0	0	0	0	0	0	0	0	0	0	0	0	0	0	0	0	
203544	ParaHippocampal_R	0	548	0	336	0	0	0	0	0	0	0	0	0	0	0	728	0	64	0	300	0	404	0	0	0	0	0	0	0	2410	0	0	0	166	96	564	96	25268	0	0	0	8658	0	1250	0	70	0	4118	0	0	0	136	0	500	0	25028	88	638	0	0	0	0	0	0	0	0	0	2560	0	528	272	150	92	3172	0	882	0	608	0	310	0	288	0	6896	0	2010	0	2800	0	6604	62	378	0	0	0	122	144	1618	0	544	0	0	0	76	0	0	0	0	0	0	96	0	94	0	0	0	
32620	Amygdala_L	236	0	110	0	146	0	282	0	0	0	68	0	0	0	128	0	0	0	92	0	1722	0	0	0	0	0	0	0	2662	0	0	0	0	0	0	0	5326	0	1942	0	0	0	0	0	0	0	0	0	0	0	0	0	0	0	1544	0	0	0	0	0	0	0	0	0	0	0	0	0	0	0	0	0	220	0	0	0	0	0	0	0	0	0	886	0	0	0	360	0	586	0	0	0	0	0	0	0	0	0	0	0	0	0	0	0	0	0	0	0	0	0	0	0	0	0	0	0	
70104	Amygdala_R	0	0	0	0	0	162	0	0	0	0	0	0	0	0	0	772	0	0	0	0	0	1438	0	0	0	0	0	286	0	3632	0	0	0	0	0	0	0	11540	0	8658	0	0	0	0	0	0	0	0	0	0	0	0	0	0	0	2600	0	0	0	0	0	0	0	0	0	0	0	0	0	0	0	76	0	1526	0	0	0	64	0	0	0	0	0	3538	0	0	0	352	0	186	0	0	0	0	0	0	0	222	0	0	0	0	0	0	0	0	0	0	0	0	0	0	0	0	0	0	
236444	Calcarine_L	106	0	0	0	0	0	0	0	0	0	0	0	0	0	0	0	0	0	206	0	0	0	0	0	0	0	0	0	0	0	0	0	150	0	4148	72	2034	0	1804	0	0	0	0	6762	8196	4892	11408	2074	9404	2508	22642	300	3694	0	1978	192	724	0	720	0	646	0	0	0	1246	0	24072	272	2198	0	0	0	0	0	0	0	0	0	260	0	256	0	0	0	4200	0	0	0	996	0	0	0	0	0	0	0	0	0	0	0	0	0	0	0	0	0	0	0	0	0	62	0	0	0	0	0	
356148	Calcarine_R	0	284	0	0	0	0	0	0	0	0	0	0	0	0	0	0	0	84	0	782	0	0	0	0	0	0	0	0	0	202	0	0	810	2310	64	848	0	1196	0	1250	0	0	6762	0	4542	27656	556	31482	194	29930	0	20492	0	4622	0	7654	0	676	0	1140	0	0	0	0	0	92	2790	22268	0	1130	98	0	66	0	0	0	0	0	0	0	0	126	0	0	0	6130	0	0	0	1164	0	70	0	0	0	0	0	80	80	90	0	0	0	0	0	0	0	0	0	0	290	64	0	0	0	0	
131780	Cuneus_L	628	0	62	0	0	0	0	0	0	0	0	0	0	0	0	0	0	0	260	0	0	0	0	0	0	0	0	0	0	0	0	0	1402	0	1276	108	0	0	68	0	0	0	8196	4542	0	8038	780	332	10478	2168	5728	164	116	0	68	0	1416	0	960	0	108	0	0	0	0	0	15210	1030	2482	0	0	0	0	0	0	0	0	0	0	0	0	0	0	0	270	0	0	0	0	0	0	0	0	0	0	0	0	0	0	0	0	0	0	0	0	0	0	0	0	0	0	0	0	0	0	0	
265620	Cuneus_R	0	194	0	0	0	0	0	0	0	0	0	0	0	0	0	0	0	156	0	106	0	0	0	0	0	0	0	0	0	268	0	0	188	410	0	296	0	158	0	70	0	0	4892	27656	8038	0	132	8576	588	32462	172	12838	0	532	0	1820	210	470	0	5118	0	0	0	0	0	0	5088	19806	0	516	292	0	76	0	0	0	0	0	0	0	0	0	0	0	0	1468	0	0	0	146	0	0	0	0	0	0	0	0	0	0	0	0	0	0	0	0	0	0	0	0	68	0	0	0	0	0	
264652	Lingual_L	0	0	0	0	0	0	0	0	0	0	0	0	0	0	0	0	0	0	90	0	0	0	0	0	0	0	0	0	0	0	0	0	0	0	2828	210	3382	224	4514	0	0	0	11408	556	780	132	0	3370	3326	100	10168	0	3668	832	17514	2306	118	0	116	0	64	0	0	0	62	0	8232	190	644	0	0	0	0	74	0	0	0	230	136	0	0	0	0	0	1046	0	0	0	360	0	7398	2494	1026	118	272	82	8718	1888	15656	4586	154	0	212	68	440	138	0	0	88	208	3982	4806	2764	0	180	368	
414396	Lingual_R	0	1074	64	78	0	0	0	0	0	0	0	0	0	0	0	0	0	0	126	1570	0	0	0	0	0	0	0	0	0	118	0	0	476	2666	116	5950	0	6832	0	4118	0	0	2074	31482	332	8576	3370	0	0	14626	0	11800	0	5988	660	22114	0	5340	0	530	0	0	0	0	0	0	564	26602	158	8864	140	0	90	126	0	0	0	246	0	0	0	96	0	0	0	2176	0	0	0	2628	846	3440	142	0	148	216	1504	4798	3792	8098	0	0	0	130	74	124	0	0	0	222	4672	5670	1362	92	98	0	
168260	Occipital_Sup_L	162	0	0	0	0	0	0	0	0	0	0	0	0	0	0	0	94	0	88	0	0	0	0	0	0	0	0	0	110	0	0	0	0	0	402	254	0	0	80	0	0	0	9404	194	10478	588	3326	0	0	76	27384	0	186	0	272	0	294	0	5428	0	646	0	192	0	788	0	20656	366	394	0	0	0	0	0	0	0	0	0	128	0	296	0	0	0	1420	0	0	0	424	0	0	0	0	0	0	0	0	0	0	0	0	0	0	0	0	0	0	0	0	0	0	0	0	0	0	0	
323932	Occipital_Sup_R	0	344	0	0	0	0	0	0	0	0	0	0	0	0	0	0	0	72	76	266	0	0	0	0	0	0	0	0	0	184	0	0	170	890	0	92	0	168	0	0	0	0	2508	29930	2168	32462	100	14626	76	0	0	31040	0	2262	0	3012	184	840	0	9534	0	494	0	0	0	3838	2370	20138	0	396	348	0	108	0	0	0	0	96	0	0	0	0	0	0	0	2976	0	0	0	198	0	0	0	0	0	0	0	0	0	0	0	0	0	0	0	0	0	0	0	0	0	0	0	0	0	0	
461184	Occipital_Mid_L	4104	0	326	0	0	0	0	0	0	0	916	0	0	0	0	0	1598	0	328	0	0	0	0	0	0	0	0	0	1812	0	0	0	64	0	3438	184	408	0	582	0	0	0	22642	0	5728	172	10168	0	27384	0	0	0	18320	0	5600	0	5352	0	12972	0	15404	0	2392	0	18580	0	29002	254	1272	0	78	0	0	0	0	0	0	0	1838	0	3326	0	0	0	28588	0	0	0	7760	0	0	0	0	0	0	0	0	0	0	0	0	0	0	0	0	0	0	0	0	0	0	0	0	0	0	0	
309912	Occipital_Mid_R	76	954	96	88	0	0	0	0	0	0	0	178	0	0	0	0	0	608	238	452	0	0	140	0	0	0	0	0	0	1622	84	0	304	1772	0	166	0	364	0	136	0	0	300	20492	164	12838	0	11800	0	31040	0	0	0	4500	0	3760	72	1486	0	5310	0	3944	0	502	0	15898	1226	13480	88	788	632	150	320	140	0	0	0	196	0	354	0	1766	0	0	0	15330	0	0	0	1102	0	0	0	0	0	0	0	0	0	0	0	0	0	0	0	0	0	0	0	0	0	0	0	0	0	0	
112284	Occipital_Inf_L	356	0	0	0	0	0	0	0	0	0	0	0	0	0	0	0	276	0	0	0	0	0	0	0	0	0	0	0	248	0	0	0	0	0	1288	0	70	0	968	0	0	0	3694	0	116	0	3668	0	186	0	18320	0	0	0	6450	0	728	0	234	0	2386	0	1234	0	2420	0	2908	0	0	0	0	0	0	0	0	0	0	0	302	0	610	0	0	0	6800	0	0	0	2880	0	0	0	0	0	0	0	0	0	0	0	0	0	0	0	0	0	0	0	0	0	0	0	0	0	0	0	
78900	Occipital_Inf_R	0	0	0	0	0	0	0	0	0	0	0	0	0	0	0	0	0	78	0	0	0	0	0	0	0	0	0	0	0	196	0	0	0	0	0	0	0	188	0	500	0	0	0	4622	0	532	832	5988	0	2262	0	4500	0	0	764	6916	0	90	0	0	0	0	0	0	0	0	0	904	0	0	68	0	0	0	0	0	0	70	0	0	0	92	0	0	0	840	0	0	0	1532	766	1298	86	0	0	0	0	276	1130	2606	0	0	0	0	0	0	0	0	0	0	280	964	1070	0	0	0	
299116	Fusiform_L	372	0	0	0	0	0	0	0	0	0	0	0	0	0	0	0	158	0	0	0	0	0	0	0	0	0	0	0	1404	0	0	0	0	0	1138	670	7458	440	8286	0	1544	0	1978	0	68	0	17514	660	272	0	5600	0	6450	764	0	1192	176	0	88	0	1368	0	450	0	1284	0	1960	264	0	0	0	0	198	0	0	0	156	634	762	0	1272	0	1772	0	4500	0	1962	0	14482	0	16708	1986	1128	0	88	0	9992	330	23632	2582	234	0	206	0	0	0	0	0	0	0	1008	2000	2306	0	62	0	
452024	Fusiform_R	0	474	0	106	0	0	0	0	0	0	0	0	0	0	0	760	0	72	0	164	0	0	0	0	0	0	0	0	0	2178	0	0	0	174	0	340	0	21948	0	25028	0	2600	192	7654	0	1820	2306	22114	0	3012	0	3760	0	6916	1192	0	94	724	0	0	0	0	0	0	0	0	0	2752	0	638	256	0	0	1400	0	226	0	200	0	576	0	1266	0	5700	0	4936	0	3886	0	25904	1330	18504	252	326	0	858	868	10172	3850	23556	0	0	0	696	160	342	64	0	0	402	5206	5344	2160	280	274	0	
238036	Postcentral_L	28514	282	686	142	0	0	362	0	0	0	1914	0	0	0	0	0	10946	0	438	554	0	0	0	0	0	0	0	0	7236	126	0	82	370	0	968	464	2640	304	132	88	0	0	724	0	1416	210	118	0	294	184	5352	72	728	0	176	94	0	330	6842	234	18520	0	7920	62	324	0	4460	320	3374	0	2200	186	908	124	82	78	490	348	1064	0	3242	140	416	0	1186	0	0	0	416	136	0	0	0	0	0	0	0	0	0	0	0	0	0	0	0	0	0	0	0	0	0	0	0	0	0	0	
185644	Postcentral_R	320	16434	326	1148	438	0	104	1116	126	0	0	1074	0	0	0	0	0	3192	414	2140	0	0	256	0	0	0	0	0	260	1776	230	0	0	984	162	3498	0	940	0	638	0	0	0	676	0	470	0	5340	0	840	0	1486	0	90	0	724	330	0	0	1826	0	5278	0	13010	0	518	104	6724	80	9858	2254	1262	1330	562	0	0	88	118	0	134	0	628	0	0	0	2122	0	0	0	1394	0	0	0	0	0	0	0	0	0	0	0	0	0	0	0	0	0	0	0	0	0	0	0	0	0	0	
116364	Parietal_Sup_L	2768	0	0	0	0	0	0	0	0	0	578	0	0	0	0	0	904	0	0	0	0	0	0	0	0	0	0	0	902	0	0	0	0	0	0	0	132	0	0	0	0	0	720	0	960	0	116	0	5428	0	12972	0	234	0	88	0	6842	0	0	0	10718	0	108	0	4298	0	9190	0	258	0	0	0	0	0	0	0	0	0	0	0	136	0	0	0	510	0	0	0	320	0	0	0	0	0	0	0	0	0	0	0	0	0	0	0	0	0	0	0	0	0	0	0	0	0	0	0	
79464	Parietal_Sup_R	0	510	0	0	0	0	0	0	0	0	0	0	0	0	0	0	0	0	0	0	0	0	0	0	0	0	0	0	0	0	0	0	0	0	0	0	0	70	0	0	0	0	0	1140	0	5118	0	530	0	9534	0	5310	0	0	0	0	234	1826	0	0	0	2766	0	678	0	4166	0	7068	0	418	270	0	0	0	0	0	0	0	0	0	0	0	0	0	0	94	0	0	0	0	0	0	0	0	0	0	0	0	0	0	0	0	0	0	0	0	0	0	0	0	0	0	0	0	0	0	
218424	Parietal_Inf_L	7630	0	188	0	0	0	0	0	0	0	526	0	0	0	0	0	1588	0	174	0	0	0	0	0	0	0	0	0	862	0	0	0	0	0	192	194	618	0	136	0	0	0	646	0	108	0	64	0	646	0	15404	0	2386	0	1368	0	18520	0	10718	0	0	0	14782	0	16344	0	2186	0	146	0	0	0	0	0	0	0	78	130	866	0	1780	0	0	0	6164	0	0	0	4768	0	0	0	0	0	0	0	0	0	0	0	0	0	0	0	0	0	0	0	0	0	0	0	0	0	0	0	
80540	Parietal_Inf_R	0	2854	0	0	0	0	0	252	0	0	0	380	0	0	0	0	0	0	144	0	0	0	0	0	0	0	0	0	0	268	0	0	0	0	0	0	0	0	0	0	0	0	0	0	0	0	0	0	0	494	0	3944	0	0	0	0	0	5278	0	2766	0	0	0	10918	0	12066	0	0	0	0	158	368	82	298	0	0	0	0	0	0	0	0	0	0	0	0	0	0	0	0	0	0	0	0	0	0	0	0	0	0	0	0	0	0	0	0	0	0	0	0	0	0	0	0	0	0	
125064	SupraMarginal_L	1906	0	0	0	0	0	0	0	0	0	136	0	0	0	0	0	3516	0	0	0	0	0	0	0	0	0	0	0	1888	0	0	0	0	0	130	124	286	0	114	0	0	0	0	0	0	0	0	0	192	0	2392	0	1234	0	450	0	7920	0	108	0	14782	0	0	0	4382	0	270	0	0	0	0	0	0	0	0	0	68	102	874	0	7446	0	0	0	7962	0	0	0	6250	0	0	0	0	0	0	0	0	0	0	0	0	0	0	0	0	0	0	0	0	0	0	0	0	0	0	0	
91344	SupraMarginal_R	72	4034	0	0	0	0	0	510	0	0	0	696	0	0	0	0	0	2062	160	0	0	0	0	0	0	0	0	0	0	522	0	0	0	0	0	0	0	114	0	0	0	0	0	0	0	0	0	0	0	0	0	502	0	0	0	0	62	13010	0	678	0	10918	0	0	0	4180	0	146	0	0	186	530	90	378	0	0	0	0	0	98	0	3572	0	0	0	2198	0	0	0	954	0	0	0	0	0	0	0	0	0	0	0	0	0	0	0	0	0	0	0	0	0	0	0	0	0	0	
121544	Angular_L	102	0	0	0	0	0	0	0	0	0	0	0	0	0	0	0	128	0	0	0	0	0	0	0	0	0	0	0	0	0	0	0	0	0	0	0	0	0	0	0	0	0	1246	0	0	0	62	0	788	0	18580	0	2420	0	1284	0	324	0	4298	0	16344	0	4382	0	0	0	1326	0	0	0	0	0	0	0	0	0	0	0	654	0	638	0	0	0	6350	0	0	0	1846	0	0	0	0	0	0	0	0	0	0	0	0	0	0	0	0	0	0	0	0	0	0	0	0	0	0	0	
99056	Angular_R	0	460	0	0	0	0	0	0	0	0	0	0	0	0	0	0	0	104	0	0	0	0	0	0	0	0	0	0	0	288	0	0	0	0	0	0	0	68	0	0	0	0	0	92	0	0	0	0	0	3838	0	15898	0	0	0	0	0	518	0	4166	0	12066	0	4180	0	0	0	92	0	76	0	0	0	106	0	0	0	0	0	158	0	2496	0	0	0	4478	0	0	0	444	0	0	0	0	0	0	0	0	0	0	0	0	0	0	0	0	0	0	0	0	0	0	0	0	0	0	
356888	Precuneus_L	2124	130	176	0	0	0	0	0	0	0	356	0	0	0	0	0	460	0	848	174	0	0	0	0	0	0	0	0	492	0	0	0	3798	472	9556	2086	3002	210	2108	0	0	0	24072	2790	15210	5088	8232	564	20656	2370	29002	1226	2908	0	1960	0	4460	104	9190	0	2186	0	270	0	1326	0	0	6432	6696	418	0	0	0	0	0	0	0	108	444	0	620	0	0	0	4726	254	0	0	1140	0	0	0	0	0	0	0	0	0	0	0	0	0	0	0	0	0	0	0	0	0	0	0	0	0	0	0	
395780	Precuneus_R	128	2284	190	100	0	0	0	0	0	0	0	0	0	0	0	0	0	402	282	3698	0	0	146	0	0	0	0	0	0	1000	0	0	2350	10336	1696	15498	664	6810	564	2560	0	0	272	22268	1030	19806	190	26602	366	20138	254	13480	0	904	264	2752	320	6724	0	7068	0	0	0	146	0	92	6432	0	386	11912	808	0	348	0	0	0	0	678	0	0	0	428	0	0	0	2172	0	0	0	2232	0	66	0	0	0	0	0	0	0	76	0	0	0	0	0	0	0	0	0	0	968	0	0	0	0	0	
174872	Paracentral_Lobule_L	20832	682	2072	836	0	98	376	0	0	0	84	0	0	0	0	0	0	0	11248	7002	0	0	0	84	0	84	0	0	168	92	132	100	2374	4790	4102	498	362	162	72	0	0	0	2198	0	2482	0	644	158	394	0	1272	88	0	0	0	0	3374	80	258	0	146	0	0	0	0	0	6696	386	0	1200	1118	2656	1606	418	1022	0	3388	1602	0	0	0	0	0	0	0	0	0	0	0	0	0	0	0	0	0	0	0	0	0	0	0	0	0	0	0	0	0	0	0	0	0	0	0	0	0	0	
145456	Paracentral_Lobule_R	606	7598	0	0	0	0	0	0	0	0	0	0	0	0	0	0	0	0	116	7578	0	0	0	0	0	0	0	0	0	0	0	0	606	7772	512	7356	0	1374	0	528	0	0	0	1130	0	516	0	8864	0	396	0	788	0	0	0	638	0	9858	0	418	0	0	0	0	0	76	418	11912	1200	0	0	0	0	0	0	0	0	104	0	0	0	190	0	0	0	1250	0	0	0	924	0	0	0	0	0	0	0	0	0	0	0	0	0	0	0	0	0	0	0	0	0	0	0	0	0	0	
382952	Caudate_L	5190	2736	9990	15174	3588	1306	3674	4726	1802	0	0	898	856	110	3168	332	0	120	13668	13530	8260	6378	3672	440	1484	350	1320	1428	4226	556	9754	4518	494	9422	142	104	692	1148	0	272	0	0	0	98	0	292	0	140	0	348	78	632	0	68	0	256	2200	2254	0	270	0	158	0	186	0	0	0	808	1118	0	0	8096	23092	3504	1482	90	8116	1730	0	0	0	322	0	0	76	164	0	0	0	306	0	0	0	0	0	0	64	0	0	0	0	0	0	0	0	0	0	0	0	0	0	0	0	0	0	0	
375352	Caudate_R	3176	2556	730	17990	162	11316	160	5736	84	1138	0	3374	0	2652	0	1526	0	86	1414	17650	4142	6702	318	6928	128	7796	250	1952	128	6138	2800	18116	0	2736	344	350	104	876	0	150	0	76	0	0	0	0	0	0	0	0	0	150	0	0	0	0	186	1262	0	0	0	368	0	530	0	0	0	0	2656	0	8096	0	3150	25626	0	1894	890	13084	0	0	0	0	0	0	0	0	0	0	0	0	0	0	0	0	0	0	0	0	0	0	0	0	0	0	0	0	0	0	0	0	0	0	0	0	0	0	
393440	Putamen_L	4714	920	21548	5484	10320	820	6982	1420	5700	0	1654	182	2706	0	8162	0	544	74	20234	5612	4220	3634	3306	124	902	122	1574	928	21818	258	7754	1052	144	1822	132	162	7772	762	1214	92	220	0	0	66	0	76	0	90	0	108	0	320	0	0	198	0	908	1330	0	0	0	82	0	90	0	0	0	348	1606	0	23092	3150	0	2242	6046	0	426	692	0	0	150	0	462	0	0	0	0	0	150	0	0	0	0	0	0	0	0	0	0	0	0	0	0	0	0	0	0	0	0	0	0	0	0	0	0	0	
293080	Putamen_R	366	2956	264	8992	0	8428	0	3636	0	1568	0	2848	0	2338	0	4262	0	1744	888	6612	1996	2794	400	2752	118	5618	216	2354	0	20300	1512	5586	0	208	224	280	226	11060	0	3172	0	1526	0	0	0	0	74	126	0	0	0	140	0	0	0	1400	124	562	0	0	0	298	0	378	0	106	0	0	418	0	3504	25626	2242	0	0	3442	102	2114	0	0	0	266	0	126	0	68	0	0	0	66	0	0	0	0	0	0	114	0	0	0	0	0	0	0	0	0	0	0	0	0	0	0	0	0	0	0	
49772	Pallidum_L	3062	0	4318	0	0	0	132	0	0	0	0	0	0	0	0	0	0	0	6136	84	0	0	0	0	0	0	0	0	0	0	0	0	0	0	0	0	568	0	0	0	0	0	0	0	0	0	0	0	0	0	0	0	0	0	0	0	82	0	0	0	0	0	0	0	0	0	0	0	1022	0	1482	0	6046	0	0	0	1954	0	0	0	0	0	0	0	0	0	0	0	0	0	0	0	0	0	0	0	0	0	0	0	0	0	0	0	0	0	0	0	0	0	0	0	0	0	0	0	
27396	Pallidum_R	156	96	104	1638	0	260	0	0	0	0	0	86	0	0	0	66	0	84	212	1578	0	0	0	222	0	240	0	0	0	210	0	324	0	0	0	0	0	1448	0	882	0	0	0	0	0	0	0	0	0	0	0	0	0	0	0	226	78	0	0	0	0	0	0	0	0	0	0	0	0	0	90	1894	0	3442	0	0	0	362	0	0	0	0	0	0	0	0	0	0	0	0	0	0	0	0	0	0	0	0	0	0	0	0	0	0	0	0	0	0	0	0	0	0	0	0	0	0	
100232	Thalamus_L	13870	430	3912	830	0	0	272	156	0	0	0	110	0	0	0	0	0	0	4664	1610	0	0	0	0	0	0	0	0	366	0	0	94	0	352	658	888	3094	80	214	0	0	0	0	0	0	0	0	0	0	0	0	0	0	0	156	0	490	88	0	0	78	0	68	0	0	0	0	0	3388	0	8116	890	426	102	1954	0	0	2442	236	0	0	0	0	0	0	0	0	0	82	0	0	0	0	0	0	0	0	0	0	0	0	0	0	0	0	0	0	0	0	0	0	0	0	0	0	0	
124784	Thalamus_R	2574	3334	280	4710	0	428	242	0	0	0	0	0	0	0	0	0	0	250	366	4786	0	318	0	386	0	206	0	0	344	530	456	1028	0	674	3458	3466	3214	3758	972	608	0	64	0	0	0	0	230	246	0	96	0	196	0	70	634	200	348	118	0	0	130	0	102	0	0	0	108	678	1602	104	1730	13084	692	2114	0	362	2442	0	318	0	0	0	0	0	0	130	0	0	0	142	0	0	0	0	0	0	64	0	0	0	0	0	0	0	0	0	0	0	0	0	0	0	0	0	0	0	
66144	Heschl_L	1476	0	0	0	0	0	0	0	0	0	208	0	0	0	0	0	2816	0	0	78	0	0	0	0	0	0	0	0	2766	0	0	0	0	0	532	322	2070	106	270	0	0	0	260	0	0	0	136	0	128	0	1838	0	302	0	762	0	1064	0	0	0	866	0	874	0	654	0	444	0	0	0	0	0	0	0	0	0	236	318	0	0	3156	0	146	0	5526	0	0	0	5718	0	0	0	0	0	0	0	0	0	0	0	0	0	0	0	0	0	0	0	0	0	0	0	0	0	0	0	
27784	Heschl_R	0	242	0	0	0	0	0	0	0	0	0	0	0	0	0	0	0	1552	0	0	0	0	0	0	0	0	0	0	0	1456	0	0	0	0	0	0	0	784	0	310	0	0	0	0	0	0	0	0	0	0	0	354	0	0	0	576	0	134	0	0	0	0	0	98	0	158	0	0	0	0	0	0	0	0	0	0	0	0	0	0	0	4666	0	0	0	2054	0	0	0	1508	0	0	0	0	0	0	0	0	0	0	0	0	0	0	0	0	0	0	0	0	0	0	0	0	0	0	
196876	Temporal_Sup_L	3188	0	82	0	0	0	1800	0	0	0	4580	0	76	0	0	0	10144	0	78	0	0	0	0	0	0	0	0	0	8824	0	0	0	0	0	116	0	1494	0	116	0	0	0	256	0	0	0	0	0	296	0	3326	0	610	0	1272	0	3242	0	136	0	1780	0	7446	0	638	0	620	0	0	0	0	0	150	0	0	0	0	0	3156	0	0	0	3818	0	26562	0	0	0	14632	0	0	0	0	0	0	0	0	0	0	0	0	0	0	0	0	0	0	0	0	0	0	0	0	0	0	0	
108924	Temporal_Sup_R	0	398	0	104	0	0	0	94	0	0	0	310	0	86	0	0	0	3998	0	122	0	0	0	0	0	0	0	0	0	5450	0	0	0	0	0	0	0	1236	0	288	0	0	0	126	0	0	0	96	0	0	0	1766	0	92	0	1266	140	628	0	0	0	0	0	3572	0	2496	0	428	0	190	322	0	0	266	0	0	0	0	0	4666	0	0	0	3326	0	16116	0	1228	0	5652	0	0	0	0	0	0	0	0	0	0	0	0	0	0	0	0	0	0	0	0	0	0	0	0	0	0	
73996	Temporal_Pole_Sup_L	482	0	306	0	208	0	946	0	0	0	2302	0	616	0	734	0	1150	0	276	0	410	0	0	0	0	0	0	0	5962	0	0	0	0	0	0	0	1582	0	422	0	886	0	0	0	0	0	0	0	0	0	0	0	0	0	1772	0	416	0	0	0	0	0	0	0	0	0	0	0	0	0	0	0	462	0	0	0	0	0	146	0	3818	0	0	0	5946	0	4536	0	3620	0	0	0	0	0	0	0	0	0	0	0	0	0	0	0	0	0	0	0	0	0	0	0	0	0	0	0	
84540	Temporal_Pole_Sup_R	0	0	0	0	0	0	0	94	0	0	0	1002	0	116	0	1192	0	1084	0	0	0	162	0	0	0	0	0	0	0	3316	0	0	0	0	0	0	0	2948	0	6896	0	3538	0	0	0	0	0	0	0	0	0	0	0	0	0	5700	0	0	0	0	0	0	0	0	0	0	0	0	0	0	0	0	0	126	0	0	0	0	0	0	0	3326	0	0	0	4102	0	5750	0	2918	0	0	0	0	0	0	0	0	0	0	0	0	0	0	0	0	0	0	0	0	0	0	0	0	0	0	
336096	Temporal_Mid_L	1160	0	110	0	0	0	0	0	0	0	96	0	0	0	0	0	1706	0	112	0	0	0	0	0	0	0	0	0	2484	0	0	0	0	0	1502	0	386	0	724	0	0	0	4200	0	270	0	1046	0	1420	0	28588	0	6800	0	4500	0	1186	0	510	0	6164	0	7962	0	6350	0	4726	0	0	0	76	0	0	0	0	0	0	0	5526	0	26562	0	5946	0	0	0	4792	0	43144	0	0	0	0	0	0	0	0	0	0	0	0	0	0	0	0	0	0	0	0	0	0	0	0	0	0	0	
213952	Temporal_Mid_R	72	530	0	164	0	0	0	0	0	0	0	0	0	0	0	0	0	1102	0	420	0	0	0	0	0	0	0	0	0	1944	0	0	0	976	0	372	0	2380	0	2010	0	0	0	6130	0	1468	0	2176	0	2976	0	15330	0	840	0	4936	0	2122	0	94	0	0	0	2198	0	4478	254	2172	0	1250	164	0	0	68	0	0	0	130	0	2054	0	16116	0	4102	0	0	0	4948	0	23000	0	0	0	0	0	0	0	0	0	0	0	0	0	0	0	0	0	0	0	0	0	0	0	0	0	0	
33264	Temporal_Pole_Mid_L	0	0	0	0	0	0	0	0	0	0	0	0	0	0	0	0	0	0	0	0	0	0	0	0	0	0	0	0	0	0	0	0	0	0	0	0	222	0	760	0	360	0	0	0	0	0	0	0	0	0	0	0	0	0	1962	0	0	0	0	0	0	0	0	0	0	0	0	0	0	0	0	0	0	0	0	0	0	0	0	0	0	0	4536	0	4792	0	0	0	4000	0	0	0	0	0	0	0	0	0	0	0	0	0	0	0	0	0	0	0	0	0	0	0	0	0	0	0	
46632	Temporal_Pole_Mid_R	0	0	0	0	0	0	0	0	0	0	0	0	0	0	0	0	0	0	0	0	0	0	0	0	0	0	0	0	0	0	0	0	0	0	0	0	0	510	0	2800	0	352	0	0	0	0	0	0	0	0	0	0	0	0	0	3886	0	0	0	0	0	0	0	0	0	0	0	0	0	0	0	0	0	0	0	0	0	0	0	0	0	1228	0	5750	0	4948	0	0	0	3842	0	0	0	0	0	0	0	0	0	0	0	0	0	0	0	0	0	0	0	0	0	0	0	0	0	0	
260792	Temporal_Inf_L	700	0	0	0	0	0	0	0	0	0	0	0	0	0	0	0	1350	0	0	0	0	0	0	0	0	0	0	0	2164	0	0	0	0	0	252	0	5798	0	1436	0	586	0	996	0	0	0	360	0	424	0	7760	0	2880	0	14482	0	416	0	320	0	4768	0	6250	0	1846	0	1140	0	0	0	0	0	150	0	0	0	82	0	5718	0	14632	0	3620	0	43144	0	4000	0	0	0	2750	0	504	0	0	0	62	0	642	0	602	0	562	0	0	0	0	0	0	0	0	0	0	0	0	0	
214872	Temporal_Inf_R	66	712	0	112	0	0	0	0	0	0	0	0	0	0	0	134	0	878	0	298	0	0	0	0	0	0	0	0	0	2300	0	0	0	134	0	348	0	11194	0	6604	0	186	0	1164	0	146	0	2628	0	198	0	1102	0	1532	0	25904	136	1394	0	0	0	0	0	954	0	444	0	2232	0	924	306	0	0	66	0	0	0	142	0	1508	0	5652	0	2918	0	23000	0	3842	0	0	0	4636	0	278	0	0	0	426	0	2598	0	0	0	340	0	0	0	0	0	0	0	0	0	0	0	0	
383804	Cerebelum_Crus1_L	0	0	0	0	0	0	0	0	0	0	0	0	0	0	0	0	0	0	0	0	0	0	0	0	0	0	0	0	0	0	0	0	0	0	0	0	0	0	0	62	0	0	0	0	0	0	7398	846	0	0	0	0	0	766	16708	1330	0	0	0	0	0	0	0	0	0	0	0	0	0	0	0	0	0	0	0	0	0	0	0	0	0	0	0	0	0	0	0	0	2750	0	0	3776	33612	3550	134	178	13114	582	42144	5662	12110	616	17948	4218	3582	1528	810	462	0	160	556	4004	10120	1606	1570	0	
377072	Cerebelum_Crus1_R	0	0	0	0	0	0	0	0	0	0	0	0	0	0	0	0	0	0	0	0	0	0	0	0	0	0	0	0	0	0	0	0	0	0	0	0	0	128	0	378	0	0	0	70	0	0	2494	3440	0	0	0	0	0	1298	1986	18504	0	0	0	0	0	0	0	0	0	0	0	66	0	0	0	0	0	0	0	0	0	0	0	0	0	0	0	0	0	0	0	0	0	4636	3776	0	2116	27582	158	2256	1416	14162	5950	48064	158	3322	514	18812	876	2064	0	462	118	1230	6466	6458	6392	1848	1336	0	
304592	Cerebelum_Crus2_L	0	0	0	0	0	0	0	0	0	0	0	0	0	0	0	0	0	0	0	0	0	0	0	0	0	0	0	0	0	0	0	0	0	0	0	0	0	0	0	0	0	0	0	0	0	0	1026	142	0	0	0	0	0	86	1128	252	0	0	0	0	0	0	0	0	0	0	0	0	0	0	0	0	0	0	0	0	0	0	0	0	0	0	0	0	0	0	0	0	504	0	33612	2116	0	6446	0	104	356	404	3806	2328	37002	2916	33758	6350	4052	1030	588	432	0	0	108	1246	8984	2492	1028	0	
241084	Cerebelum_Crus2_R	0	0	0	0	0	0	0	0	0	0	0	0	0	0	0	0	0	0	0	0	0	0	0	0	0	0	0	0	0	0	0	0	0	0	0	0	0	0	0	0	0	0	0	0	0	0	118	0	0	0	0	0	0	0	0	326	0	0	0	0	0	0	0	0	0	0	0	0	0	0	0	0	0	0	0	0	0	0	0	0	0	0	0	0	0	0	0	0	0	278	3550	27582	6446	0	0	282	0	724	318	5610	1910	24022	2534	34990	412	1076	0	410	0	96	288	276	6764	1828	702	0	
42720	Cerebelum_3_L	0	0	0	0	0	0	0	0	0	0	0	0	0	0	0	0	0	0	0	0	0	0	0	0	0	0	0	0	0	0	0	0	0	0	0	0	0	194	0	0	0	0	0	0	0	0	272	148	0	0	0	0	0	0	88	0	0	0	0	0	0	0	0	0	0	0	0	0	0	0	0	0	0	0	0	0	0	0	0	0	0	0	0	0	0	0	0	0	0	0	134	158	0	0	0	392	5866	126	2436	790	0	0	0	0	1328	1078	92	0	1426	2450	1194	1572	0	276	1068	272	
102452	Cerebelum_3_R	0	0	0	0	0	0	0	0	0	0	0	0	0	0	0	0	0	0	0	0	0	0	0	0	0	0	0	0	0	0	0	0	0	0	0	0	0	98	0	122	0	0	0	0	0	0	82	216	0	0	0	0	0	0	0	858	0	0	0	0	0	0	0	0	0	0	0	0	0	0	0	0	0	0	0	0	0	0	0	0	0	0	0	0	0	0	0	0	0	0	178	2256	104	282	392	0	1168	8536	3562	9198	0	0	84	452	798	3330	0	0	1176	5408	3312	3640	246	2592	3038	98	
252624	Cerebelum_4_5_L	0	0	0	0	0	0	0	0	0	0	0	0	0	0	0	0	0	0	0	0	0	0	0	0	0	0	0	0	0	0	0	0	0	0	0	0	0	316	0	144	0	0	0	0	0	0	8718	1504	0	0	0	0	0	0	9992	868	0	0	0	0	0	0	0	0	0	0	0	0	0	0	64	0	0	114	0	0	0	64	0	0	0	0	0	0	0	0	0	0	62	0	13114	1416	356	0	5866	1168	0	2700	34006	4576	678	0	806	0	4536	3502	336	0	1912	4532	11112	7406	104	626	3758	1956	
225628	Cerebelum_4_5_R	0	0	0	0	0	0	0	0	0	0	0	0	0	0	0	0	0	0	0	0	0	0	0	0	0	0	0	0	0	0	0	0	0	0	0	0	0	510	0	1618	0	222	0	80	0	0	1888	4798	0	0	0	0	0	276	330	10172	0	0	0	0	0	0	0	0	0	0	0	0	0	0	0	0	0	0	0	0	0	0	0	0	0	0	0	0	0	0	0	0	0	426	582	14162	404	724	126	8536	2700	0	4794	30222	0	0	86	952	470	2150	0	222	64	2984	14116	4300	744	1934	1994	228	
471772	Cerebelum_6_L	0	0	0	0	0	0	0	0	0	0	0	0	0	0	0	0	0	0	0	0	0	0	0	0	0	0	0	0	0	0	0	0	0	0	0	0	0	0	0	0	0	0	0	80	0	0	15656	3792	0	0	0	0	0	1130	23632	3850	0	0	0	0	0	0	0	0	0	0	0	0	0	0	0	0	0	0	0	0	0	0	0	0	0	0	0	0	0	0	0	0	642	0	42144	5950	3806	318	2436	3562	34006	4794	0	15000	2366	0	4290	604	5280	6886	666	0	1552	5454	11466	19188	5290	3888	7004	1154	
481708	Cerebelum_6_R	0	0	0	0	0	0	0	0	0	0	0	0	0	0	0	0	0	0	0	0	0	0	0	0	0	0	0	0	0	0	0	0	0	0	0	0	0	170	0	544	0	0	0	90	0	0	4586	8098	0	0	0	0	0	2606	2582	23556	0	0	0	0	0	0	0	0	0	0	0	76	0	0	0	0	0	0	0	0	0	0	0	0	0	0	0	0	0	0	0	0	0	2598	5662	48064	2328	5610	790	9198	4576	30222	15000	0	194	124	556	5486	2630	6396	232	1184	646	4256	14204	18294	9206	5122	5494	474	
198388	Cerebelum_7b_L	0	0	0	0	0	0	0	0	0	0	0	0	0	0	0	0	0	0	0	0	0	0	0	0	0	0	0	0	0	0	0	0	0	0	0	0	0	0	0	0	0	0	0	0	0	0	154	0	0	0	0	0	0	0	234	0	0	0	0	0	0	0	0	0	0	0	0	0	0	0	0	0	0	0	0	0	0	0	0	0	0	0	0	0	0	0	0	0	602	0	12110	158	37002	1910	0	0	678	0	2366	194	0	2126	32884	1608	3050	74	308	0	0	0	70	172	1526	1892	76	0	
127992	Cerebelum_7b_R	0	0	0	0	0	0	0	0	0	0	0	0	0	0	0	0	0	0	0	0	0	0	0	0	0	0	0	0	0	0	0	0	0	0	0	0	0	0	0	0	0	0	0	0	0	0	0	0	0	0	0	0	0	0	0	0	0	0	0	0	0	0	0	0	0	0	0	0	0	0	0	0	0	0	0	0	0	0	0	0	0	0	0	0	0	0	0	0	0	0	616	3322	2916	24022	0	0	0	0	0	124	2126	0	1920	23902	62	1444	0	0	0	0	0	0	2142	1400	0	0	
257604	Cerebelum_8_L	0	0	0	0	0	0	0	0	0	0	0	0	0	0	0	0	0	0	0	0	0	0	0	0	0	0	0	0	0	0	0	0	0	0	0	0	0	0	0	0	0	0	0	0	0	0	212	0	0	0	0	0	0	0	206	0	0	0	0	0	0	0	0	0	0	0	0	0	0	0	0	0	0	0	0	0	0	0	0	0	0	0	0	0	0	0	0	0	562	0	17948	514	33758	2534	0	84	806	86	4290	556	32884	1920	0	3694	18000	240	2164	0	0	80	84	356	2900	4044	880	0	
266980	Cerebelum_8_R	0	0	0	0	0	0	0	0	0	0	0	0	0	0	0	0	0	0	0	0	0	0	0	0	0	0	0	0	0	0	0	0	0	0	0	0	0	0	0	76	0	0	0	0	0	0	68	130	0	0	0	0	0	0	0	696	0	0	0	0	0	0	0	0	0	0	0	0	0	0	0	0	0	0	0	0	0	0	0	0	0	0	0	0	0	0	0	0	0	340	4218	18812	6350	34990	0	452	0	952	604	5486	1608	23902	3694	0	722	14878	0	814	66	190	352	778	7630	3998	1684	0	
136048	Cerebelum_9_L	0	0	0	0	0	0	0	0	0	0	0	0	0	0	0	0	0	0	0	0	0	0	0	0	0	0	0	0	0	0	0	0	0	0	0	0	0	0	0	0	0	0	0	0	0	0	440	74	0	0	0	0	0	0	0	160	0	0	0	0	0	0	0	0	0	0	0	0	0	0	0	0	0	0	0	0	0	0	0	0	0	0	0	0	0	0	0	0	0	0	3582	876	4052	412	1328	798	4536	470	5280	2630	3050	62	18000	722	0	2260	3726	0	258	932	1532	4778	1572	2110	3432	952	
180588	Cerebelum_9_R	0	0	0	0	0	0	0	0	0	0	0	0	0	0	0	0	0	0	0	0	0	0	0	0	0	0	0	0	0	0	0	0	0	0	0	0	0	0	0	0	0	0	0	0	0	0	138	124	0	0	0	0	0	0	0	342	0	0	0	0	0	0	0	0	0	0	0	0	0	0	0	0	0	0	0	0	0	0	0	0	0	0	0	0	0	0	0	0	0	0	1528	2064	1030	1076	1078	3330	3502	2150	6886	6396	74	1444	240	14878	2260	0	178	1522	1278	4708	5520	8418	3108	5504	9372	2146	
20368	Cerebelum_10_L	0	0	0	0	0	0	0	0	0	0	0	0	0	0	0	0	0	0	0	0	0	0	0	0	0	0	0	0	0	0	0	0	0	0	0	0	0	0	0	0	0	0	0	0	0	0	0	0	0	0	0	0	0	0	0	64	0	0	0	0	0	0	0	0	0	0	0	0	0	0	0	0	0	0	0	0	0	0	0	0	0	0	0	0	0	0	0	0	0	0	810	0	588	0	92	0	336	0	666	232	308	0	2164	0	3726	178	0	0	0	0	0	474	132	180	234	0	
15424	Cerebelum_10_R	0	0	0	0	0	0	0	0	0	0	0	0	0	0	0	0	0	0	0	0	0	0	0	0	0	0	0	0	0	0	0	0	0	0	0	0	0	0	0	0	0	0	0	0	0	0	0	0	0	0	0	0	0	0	0	0	0	0	0	0	0	0	0	0	0	0	0	0	0	0	0	0	0	0	0	0	0	0	0	0	0	0	0	0	0	0	0	0	0	0	462	462	432	410	0	0	0	222	0	1184	0	0	0	814	0	1522	0	0	0	0	0	76	1032	710	386	0	
35920	Vermis_1_2	0	0	0	0	0	0	0	0	0	0	0	0	0	0	0	0	0	0	0	0	0	0	0	0	0	0	0	0	0	0	0	0	0	0	0	0	0	0	0	0	0	0	0	0	0	0	88	0	0	0	0	0	0	0	0	0	0	0	0	0	0	0	0	0	0	0	0	0	0	0	0	0	0	0	0	0	0	0	0	0	0	0	0	0	0	0	0	0	0	0	0	118	0	0	1426	1176	1912	64	1552	646	0	0	0	66	258	1278	0	0	0	4500	1946	1296	0	226	1204	204	
112480	Vermis_3	0	0	0	0	0	0	0	0	0	0	0	0	0	0	0	0	0	0	0	0	0	0	0	0	0	0	0	0	0	0	0	0	0	0	0	0	0	0	0	0	0	0	0	0	0	0	208	222	0	0	0	0	0	0	0	402	0	0	0	0	0	0	0	0	0	0	0	0	0	0	0	0	0	0	0	0	0	0	0	0	0	0	0	0	0	0	0	0	0	0	160	1230	0	96	2450	5408	4532	2984	5454	4256	0	0	80	190	932	4708	0	0	4500	0	6052	4958	182	2482	4340	414	
234136	Vermis_4_5	0	0	0	0	0	0	0	0	0	0	0	0	0	0	0	0	0	0	0	0	0	0	0	0	0	0	0	0	0	0	0	0	0	0	0	530	0	364	0	96	0	0	62	290	0	68	3982	4672	0	0	0	0	0	280	1008	5206	0	0	0	0	0	0	0	0	0	0	0	968	0	0	0	0	0	0	0	0	0	0	0	0	0	0	0	0	0	0	0	0	0	0	556	6466	108	288	1194	3312	11112	14116	11466	14204	70	0	84	352	1532	5520	0	0	1946	6052	0	10612	150	2134	5206	3062	
276516	Vermis_6	0	0	0	0	0	0	0	0	0	0	0	0	0	0	0	0	0	0	0	0	0	0	0	0	0	0	0	0	0	0	0	0	0	0	0	0	0	0	0	0	0	0	0	64	0	0	4806	5670	0	0	0	0	0	964	2000	5344	0	0	0	0	0	0	0	0	0	0	0	0	0	0	0	0	0	0	0	0	0	0	0	0	0	0	0	0	0	0	0	0	0	0	4004	6458	1246	276	1572	3640	7406	4300	19188	18294	172	0	356	778	4778	8418	474	76	1296	4958	10612	0	4898	4484	8532	3194	
