data	data	364732	214340	1.10932e+06	939156	165260	114032	562936	310300	110724	66268	260148	187972	324092	185600	199560	170572	264364	143636	737020	721808	73908	68416	345248	450324	63608	112768	46780	48664	609176	367044	425224	679232	229460	576196	176324	171728	207424	282724	81848	174224	18464	52300	235348	291988	129752	219272	386864	341192	158356	258560	445160	241792	180612	69508	390736	376848	280868	178972	114604	66908	176584	101300	109412	125816	75944	101756	285672	268052	144232	223824	310908	403236	386652	284916	72080	35460	132656	169144	87924	61492	210376	177956	50392	93128	337320	225240	37912	47212	261288	185956	454064	419712	480160	327556	25988	57436	291140	227680	514652	406064	354120	204720	366144	391948	153956	209576	23792	24384	41736	73696	211664	261984	310988	243616	159916	31520	
data	data	Precentral_L	Precentral_R	Frontal_Sup_L	Frontal_Sup_R	Frontal_Sup_Orb_L	Frontal_Sup_Orb_R	Frontal_Mid_L	Frontal_Mid_R	Frontal_Mid_Orb_L	Frontal_Mid_Orb_R	Frontal_Inf_Oper_L	Frontal_Inf_Oper_R	Frontal_Inf_Tri_L	Frontal_Inf_Tri_R	Frontal_Inf_Orb_L	Frontal_Inf_Orb_R	Rolandic_Oper_L	Rolandic_Oper_R	Supp_Motor_Area_L	Supp_Motor_Area_R	Olfactory_L	Olfactory_R	Frontal_Sup_Medial_L	Frontal_Sup_Medial_R	Frontal_Med_Orb_L	Frontal_Med_Orb_R	Rectus_L	Rectus_R	Insula_L	Insula_R	Cingulum_Ant_L	Cingulum_Ant_R	Cingulum_Mid_L	Cingulum_Mid_R	Cingulum_Post_L	Cingulum_Post_R	Hippocampus_L	Hippocampus_R	ParaHippocampal_L	ParaHippocampal_R	Amygdala_L	Amygdala_R	Calcarine_L	Calcarine_R	Cuneus_L	Cuneus_R	Lingual_L	Lingual_R	Occipital_Sup_L	Occipital_Sup_R	Occipital_Mid_L	Occipital_Mid_R	Occipital_Inf_L	Occipital_Inf_R	Fusiform_L	Fusiform_R	Postcentral_L	Postcentral_R	Parietal_Sup_L	Parietal_Sup_R	Parietal_Inf_L	Parietal_Inf_R	SupraMarginal_L	SupraMarginal_R	Angular_L	Angular_R	Precuneus_L	Precuneus_R	Paracentral_Lobule_L	Paracentral_Lobule_R	Caudate_L	Caudate_R	Putamen_L	Putamen_R	Pallidum_L	Pallidum_R	Thalamus_L	Thalamus_R	Heschl_L	Heschl_R	Temporal_Sup_L	Temporal_Sup_R	Temporal_Pole_Sup_L	Temporal_Pole_Sup_R	Temporal_Mid_L	Temporal_Mid_R	Temporal_Pole_Mid_L	Temporal_Pole_Mid_R	Temporal_Inf_L	Temporal_Inf_R	Cerebelum_Crus1_L	Cerebelum_Crus1_R	Cerebelum_Crus2_L	Cerebelum_Crus2_R	Cerebelum_3_L	Cerebelum_3_R	Cerebelum_4_5_L	Cerebelum_4_5_R	Cerebelum_6_L	Cerebelum_6_R	Cerebelum_7b_L	Cerebelum_7b_R	Cerebelum_8_L	Cerebelum_8_R	Cerebelum_9_L	Cerebelum_9_R	Cerebelum_10_L	Cerebelum_10_R	Vermis_1_2	Vermis_3	Vermis_4_5	Vermis_6	Vermis_7	Vermis_8	Vermis_9	Vermis_10	
364732	Precentral_L	0	944	19682	1208	0	0	17056	0	0	0	12400	0	2900	0	94	0	7400	0	9082	4440	0	0	112	0	0	0	0	0	9428	0	438	150	1084	2160	3806	2114	3382	236	498	0	0	0	224	0	0	0	436	0	96	0	5582	0	1104	0	884	0	29204	0	1244	0	2604	0	708	0	288	0	1882	0	14392	2972	2262	604	1420	186	408	0	8452	456	1716	0	1418	0	0	0	3060	0	0	0	2150	0	0	0	0	0	0	0	0	0	0	0	0	0	0	0	0	0	0	0	0	0	0	0	0	0	0	0	
214340	Precentral_R	944	0	658	11830	0	0	0	5748	0	0	0	5582	0	464	0	0	0	2512	1850	6822	0	0	0	502	0	196	0	0	98	1520	0	1412	414	2986	2720	4132	2504	7178	478	1084	0	0	0	0	0	0	164	274	0	108	0	128	152	0	1028	776	164	8276	0	0	0	460	0	1272	0	0	0	214	1056	9156	610	4838	634	1228	490	176	1338	10270	332	778	0	940	0	0	0	230	0	0	0	312	0	0	0	0	0	0	0	132	0	0	0	0	0	0	0	0	0	0	0	0	0	0	0	0	0	0	
1.10932e+06	Frontal_Sup_L	19682	658	0	15326	7050	0	82496	900	2572	0	18224	386	24152	372	6896	272	17222	168	93238	24118	0	0	37434	7068	1122	202	234	0	42314	470	22650	10068	8260	11564	366	460	2848	102	314	0	0	0	0	0	0	0	94	0	0	0	236	0	378	0	456	0	9164	0	0	0	1140	0	2480	0	0	0	0	0	1412	386	15386	1474	31258	620	7470	124	13324	482	1620	0	3408	0	178	0	2444	0	0	0	1920	0	0	0	0	0	0	0	0	0	0	0	0	0	0	0	0	0	0	0	0	0	0	0	0	0	0	0	
939156	Frontal_Sup_R	1208	11830	15326	0	0	5506	986	45338	0	2650	1952	12114	688	15714	0	6874	1840	4946	18810	64184	0	110	7408	50610	0	4646	0	528	2598	20912	9488	50508	2672	15882	378	418	492	3690	236	1810	0	0	0	0	0	0	130	144	0	0	0	0	0	0	136	692	104	1102	0	0	0	366	0	538	0	182	0	0	122	402	9442	33998	1546	14518	98	2540	948	18852	0	348	0	728	0	156	0	0	0	0	0	0	0	0	0	0	0	0	0	134	0	0	0	0	0	0	0	0	0	0	0	0	0	0	0	0	0	0	
165260	Frontal_Sup_Orb_L	0	0	7050	0	0	0	702	0	15296	0	0	0	224	0	14716	0	0	0	238	0	2864	392	3618	100	4604	300	5202	0	8522	0	4350	218	0	0	0	0	504	0	0	0	322	0	0	0	0	0	0	0	0	0	0	0	0	0	304	0	0	0	0	0	0	0	0	0	0	0	0	0	0	0	2606	276	9788	0	0	0	0	0	0	0	0	0	128	0	0	0	0	0	306	0	0	0	0	0	0	0	0	0	0	0	0	0	0	0	0	0	0	0	0	0	0	0	0	0	0	0	
114032	Frontal_Sup_Orb_R	0	0	0	5506	0	0	0	2642	0	8078	0	264	0	184	0	8566	0	0	0	230	0	794	478	3614	154	6588	0	5470	0	4280	690	2078	0	0	0	0	0	378	0	210	0	0	0	0	0	0	0	0	0	0	0	0	0	0	0	0	0	0	0	0	0	0	0	0	0	0	0	0	0	0	0	1436	0	5376	0	0	0	0	0	0	0	0	0	0	0	0	0	0	0	0	0	0	0	0	0	0	0	0	0	0	0	0	0	0	0	0	0	0	0	0	0	0	0	0	0	0	
562936	Frontal_Mid_L	17056	0	82496	986	702	0	0	0	3008	0	19478	0	45064	0	6100	0	8314	0	14350	2758	0	0	15876	2060	0	0	0	0	28002	0	9994	2164	3362	4136	0	0	704	0	94	0	0	0	0	0	0	0	0	0	0	0	0	0	0	0	362	0	4586	0	0	0	148	0	212	0	0	0	0	0	0	0	1182	186	4488	0	248	0	856	0	274	0	1112	0	0	0	524	0	0	0	586	0	0	0	0	0	0	0	0	0	0	0	0	0	0	0	0	0	0	0	0	0	0	0	0	0	0	0	
310300	Frontal_Mid_R	0	5748	900	45338	0	2642	0	0	0	4588	0	8866	0	19818	0	9802	0	2426	1226	2452	0	0	668	6642	0	544	0	0	0	10774	1378	10126	170	3268	0	0	0	1522	0	828	0	0	0	0	0	0	0	0	0	0	0	0	0	0	0	104	0	432	0	0	0	214	0	276	0	134	0	0	0	0	826	4922	0	4548	0	1506	0	1692	0	360	0	410	0	0	0	0	0	0	0	0	0	0	0	0	0	0	0	0	0	0	0	0	0	0	0	0	0	0	0	0	0	0	0	0	0	0	
110724	Frontal_Mid_Orb_L	0	0	2572	0	15296	0	3008	0	0	0	0	0	1278	0	16898	0	0	0	0	0	778	0	260	0	1004	108	1654	0	6770	0	760	96	0	0	0	0	470	0	0	0	0	0	0	0	0	0	0	0	0	0	0	0	0	0	294	0	0	0	0	0	0	0	0	0	0	0	0	0	0	0	722	0	3098	0	0	0	0	0	0	0	0	0	0	0	0	0	0	0	296	0	0	0	0	0	0	0	0	0	0	0	0	0	0	0	0	0	0	0	0	0	0	0	0	0	0	0	
66268	Frontal_Mid_Orb_R	0	0	0	2650	0	8078	0	4588	0	0	0	0	0	600	0	8618	0	0	96	278	0	450	122	598	0	724	0	1354	0	1770	0	778	154	584	0	0	0	0	0	0	0	0	0	0	0	0	0	0	0	0	0	0	0	0	0	0	0	0	0	0	0	0	0	0	0	0	0	0	0	0	0	366	0	1232	0	0	0	0	0	0	0	0	0	94	0	0	0	0	0	0	0	0	0	0	0	0	0	0	0	0	0	0	0	0	0	0	0	0	0	0	0	0	0	0	0	0	
260148	Frontal_Inf_Oper_L	12400	0	18224	1952	0	0	19478	0	0	0	0	130	20898	0	1048	0	9008	0	5042	3674	0	0	648	112	0	0	0	0	17520	0	3136	1410	842	1756	0	0	0	0	0	0	0	0	0	0	0	0	0	0	0	0	0	0	0	0	0	0	4720	0	0	0	0	0	0	0	0	0	0	0	0	0	2382	1744	1122	524	0	0	0	0	188	0	1636	0	480	0	0	0	0	0	0	0	0	0	0	0	0	0	0	0	0	0	0	0	0	0	0	0	0	0	0	0	0	0	0	0	0	0	
187972	Frontal_Inf_Oper_R	0	5582	386	12114	0	264	0	8866	0	0	130	0	0	14858	0	1852	230	5308	424	4080	0	0	166	3788	0	0	0	0	242	16030	958	5450	0	328	0	0	0	806	0	332	0	0	0	0	0	0	0	0	0	0	0	0	0	0	0	160	0	978	0	0	0	170	0	434	0	0	0	0	0	0	482	2394	0	3428	0	262	0	1110	0	478	0	886	0	1010	0	0	0	0	0	0	0	0	0	0	0	0	0	0	0	0	0	0	0	0	0	0	0	0	0	0	0	0	0	0	0	0	
324092	Frontal_Inf_Tri_L	2900	0	24152	688	224	0	45064	0	1278	0	20898	0	0	0	13476	0	776	0	7908	2928	0	0	4150	462	0	0	0	0	23842	0	3820	1668	2264	2504	0	0	0	0	0	0	0	0	0	0	0	0	0	0	0	0	0	0	0	0	0	0	842	0	0	0	0	0	0	0	0	0	0	0	0	0	718	370	842	174	0	0	0	0	0	0	0	0	98	0	0	0	0	0	0	0	0	0	0	0	0	0	0	0	0	0	0	0	0	0	0	0	0	0	0	0	0	0	0	0	0	0	
185600	Frontal_Inf_Tri_R	0	464	372	15714	0	184	0	19818	0	600	0	14858	0	0	0	5584	116	314	762	1714	0	0	378	4912	0	0	0	0	118	12566	1810	7492	146	2062	0	0	0	0	0	0	0	0	0	0	0	0	0	0	0	0	0	0	0	0	0	0	0	160	0	0	0	0	0	0	0	0	0	0	0	0	250	1608	0	696	0	0	0	102	0	0	0	0	0	0	0	0	0	0	0	0	0	0	0	0	0	0	0	0	0	0	0	0	0	0	0	0	0	0	0	0	0	0	0	0	0	0	
199560	Frontal_Inf_Orb_L	94	0	6896	0	14716	0	6100	0	16898	0	1048	0	13476	0	0	0	234	0	740	170	2952	344	0	0	652	108	1984	0	21584	0	554	198	0	138	0	0	500	0	100	0	230	0	0	0	0	0	0	0	0	0	0	0	0	0	302	0	0	0	0	0	0	0	0	0	0	0	0	0	0	0	2160	250	6596	0	0	0	0	0	0	0	122	0	318	0	0	0	0	0	316	0	0	0	0	0	0	0	0	0	0	0	0	0	0	0	0	0	0	0	0	0	0	0	0	0	0	0	
170572	Frontal_Inf_Orb_R	0	0	272	6874	0	8566	0	9802	0	8618	0	1852	0	5584	0	0	0	0	930	2598	0	1002	1400	4972	0	0	0	1236	0	10540	802	7844	1158	5982	0	0	0	578	0	260	0	0	0	0	0	0	0	0	0	0	0	0	0	0	0	0	0	0	0	0	0	0	0	0	0	0	0	0	0	0	0	842	0	3338	0	0	0	0	0	0	0	0	0	236	0	0	0	0	0	0	0	0	0	0	0	0	0	0	0	0	0	0	0	0	0	0	0	0	0	0	0	0	0	0	0	0	
264364	Rolandic_Oper_L	7400	0	17222	1840	0	0	8314	0	0	0	9008	230	776	116	234	0	0	0	9410	2122	0	0	186	0	0	0	0	0	32332	0	1230	632	122	344	0	0	702	0	0	0	0	0	0	0	0	0	0	0	0	0	1146	0	976	0	0	0	7126	0	0	0	436	0	3036	0	162	0	0	0	114	0	2392	874	1812	180	490	0	0	0	4414	0	9922	0	882	0	3908	0	0	0	2092	0	0	0	0	0	0	0	0	0	0	0	0	0	0	0	0	0	0	0	0	0	0	0	0	0	0	0	
143636	Rolandic_Oper_R	0	2512	168	4946	0	0	0	2426	0	0	0	5308	0	314	0	0	0	0	140	2576	0	0	140	518	0	464	0	0	0	14828	400	2958	0	238	0	0	0	1926	0	324	0	0	0	0	0	0	0	0	0	0	0	0	0	0	0	264	0	2566	0	0	0	1094	0	2394	0	924	0	0	0	304	212	3242	0	4592	0	808	0	248	0	5992	0	8444	0	202	0	148	0	0	0	198	0	0	0	0	0	0	0	0	0	0	0	0	0	0	0	0	0	0	0	0	0	0	0	0	0	0	
737020	Supp_Motor_Area_L	9082	1850	93238	18810	238	0	14350	1226	0	96	5042	424	7908	762	740	930	9410	140	0	47024	0	0	5144	4832	156	0	0	0	17408	700	7132	10962	13662	25072	626	288	2246	0	198	0	0	0	0	0	0	0	0	0	0	0	160	0	272	0	244	0	4038	0	0	0	952	0	2208	0	0	0	0	0	2132	3012	12198	1380	19000	518	6014	404	10054	336	1258	0	1860	0	0	0	1638	0	0	0	1136	0	0	0	0	0	0	0	0	0	0	0	0	0	0	0	0	0	0	0	0	0	0	0	0	0	0	0	
721808	Supp_Motor_Area_R	4440	6822	24118	64184	0	230	2758	2452	0	278	3674	4080	2928	1714	170	2598	2122	2576	47024	0	0	0	2164	16460	0	1402	0	256	3938	6498	4342	24520	6946	41828	2626	4944	0	184	0	0	0	0	0	456	0	0	0	360	0	196	0	520	0	0	0	304	406	2662	0	0	0	134	0	344	0	102	0	970	5202	19920	8424	18870	2118	6142	662	1052	0	1874	0	228	0	392	0	0	0	732	0	0	0	558	0	0	0	0	0	0	0	0	0	0	0	0	0	0	0	0	0	0	0	0	0	0	0	0	0	0	
73908	Olfactory_L	0	0	0	0	2864	0	0	0	778	0	0	0	0	0	2952	0	0	0	0	0	0	3334	0	0	2008	624	2638	454	3550	0	3062	1192	0	0	0	0	0	0	0	0	524	0	0	0	0	0	0	0	0	0	0	0	0	0	0	0	0	0	0	0	0	0	0	0	0	0	0	0	0	0	6950	2242	3606	0	0	0	0	0	0	0	0	0	176	0	0	0	0	0	0	0	0	0	0	0	0	0	0	0	0	0	0	0	0	0	0	0	0	0	0	0	0	0	0	0	0	0	
68416	Olfactory_R	0	0	0	110	392	794	0	0	0	450	0	0	0	0	344	1002	0	0	0	0	3334	0	0	0	0	418	242	1716	406	1034	2230	2214	0	0	0	0	0	220	0	126	222	314	0	0	0	0	0	0	0	0	0	0	0	0	0	0	0	0	0	0	0	0	0	0	0	0	0	0	0	0	5928	6918	3486	1020	468	444	0	190	0	0	0	0	0	186	0	0	0	0	0	0	0	0	0	0	0	0	0	0	0	0	0	0	0	0	0	0	0	0	0	0	0	0	0	0	0	0	
345248	Frontal_Sup_Medial_L	112	0	37434	7408	3618	478	15876	668	260	122	648	166	4150	378	0	1400	186	140	5144	2164	0	0	0	20620	3764	1136	312	0	1792	140	28860	15138	6158	10544	0	0	0	0	0	0	0	0	0	0	0	0	0	0	0	0	0	0	0	0	0	0	0	0	0	0	0	0	0	0	0	0	0	0	0	0	868	500	2340	100	0	0	0	0	0	0	0	0	0	0	0	0	0	0	0	0	0	0	0	0	0	0	0	0	0	0	0	0	0	0	0	0	0	0	0	0	0	0	0	0	0	0	
450324	Frontal_Sup_Medial_R	0	502	7068	50610	100	3614	2060	6642	0	598	112	3788	462	4912	0	4972	0	518	4832	16460	0	0	20620	0	654	6800	0	882	212	6478	10832	40570	1466	16278	0	0	0	154	0	0	0	0	0	0	0	0	0	0	0	0	0	0	0	0	0	0	0	162	0	0	0	0	0	0	0	0	0	0	0	0	224	7430	170	4712	0	0	0	144	0	0	0	124	0	0	0	0	0	0	0	0	0	0	0	0	0	0	0	0	0	0	0	0	0	0	0	0	0	0	0	0	0	0	0	0	0	0	
63608	Frontal_Med_Orb_L	0	0	1122	0	4604	154	0	0	1004	0	0	0	0	0	652	0	0	0	156	0	2008	0	3764	654	0	1842	2660	236	640	0	6096	988	0	0	0	0	0	0	0	0	0	0	0	0	0	0	0	0	0	0	0	0	0	0	0	0	0	0	0	0	0	0	0	0	0	0	0	0	0	0	2216	110	2898	0	0	0	0	0	0	0	0	0	0	0	0	0	0	0	0	0	0	0	0	0	0	0	0	0	0	0	0	0	0	0	0	0	0	0	0	0	0	0	0	0	0	0	
112768	Frontal_Med_Orb_R	0	196	202	4646	300	6588	0	544	108	724	0	0	0	0	108	0	0	464	0	1402	624	418	1136	6800	1842	0	378	5282	152	264	1840	8772	0	0	0	0	0	0	0	0	0	0	0	0	0	0	0	0	0	0	0	0	0	0	0	0	0	0	0	0	0	0	0	0	0	0	0	0	0	0	798	6650	350	5370	0	120	0	208	0	98	0	0	0	0	0	0	0	0	0	0	0	0	0	0	0	0	0	0	0	0	0	0	0	0	0	0	0	0	0	0	0	0	0	0	0	0	
46780	Rectus_L	0	0	234	0	5202	0	0	0	1654	0	0	0	0	0	1984	0	0	0	0	0	2638	242	312	0	2660	378	0	248	1352	0	1746	258	0	0	0	0	0	0	0	0	0	0	0	0	0	0	0	0	0	0	0	0	0	0	0	0	0	0	0	0	0	0	0	0	0	0	0	0	0	0	2644	144	1694	0	0	0	0	0	0	0	0	0	0	0	0	0	0	0	0	0	0	0	0	0	0	0	0	0	0	0	0	0	0	0	0	0	0	0	0	0	0	0	0	0	0	0	
48664	Rectus_R	0	0	0	528	0	5470	0	0	0	1354	0	0	0	0	0	1236	0	0	0	256	454	1716	0	882	236	5282	248	0	0	500	518	1766	0	0	0	0	0	0	0	0	0	0	0	0	0	0	0	0	0	0	0	0	0	0	0	0	0	0	0	0	0	0	0	0	0	0	0	0	0	0	386	2188	274	1038	0	0	0	0	0	0	0	0	0	0	0	0	0	0	0	0	0	0	0	0	0	0	0	0	0	0	0	0	0	0	0	0	0	0	0	0	0	0	0	0	0	0	
609176	Insula_L	9428	98	42314	2598	8522	0	28002	0	6770	0	17520	242	23842	118	21584	0	32332	0	17408	3938	3550	406	1792	212	640	152	1352	0	0	0	2984	1348	1392	1434	234	218	5878	146	972	0	846	0	94	0	0	0	0	0	0	0	992	0	1392	0	2424	0	5178	0	0	0	624	0	394	0	0	0	0	0	0	0	5416	1280	21428	280	302	0	478	0	5478	0	9240	0	1426	0	4488	0	0	0	5402	0	0	0	0	0	0	0	0	0	0	0	0	0	0	0	0	0	0	0	0	0	0	0	0	0	0	0	
367044	Insula_R	0	1520	470	20912	0	4280	0	10774	0	1770	0	16030	0	12566	0	10540	0	14828	700	6498	0	1034	140	6478	0	264	0	500	0	0	876	8282	0	644	568	580	534	8238	146	1910	0	168	0	0	0	0	0	168	0	0	0	0	0	104	236	3928	0	790	0	0	0	326	0	964	0	220	0	0	0	340	356	4342	0	17168	0	882	0	986	0	3494	0	8824	0	2988	0	3034	0	0	0	2658	0	0	0	0	0	0	0	364	0	100	0	0	0	0	0	0	0	0	0	0	0	0	0	0	0	0	
425224	Cingulum_Ant_L	438	0	22650	9488	4350	690	9994	1378	760	0	3136	958	3820	1810	554	802	1230	400	7132	4342	3062	2230	28860	10832	6096	1840	1746	518	2984	876	0	28742	10672	11528	662	628	0	0	0	0	0	0	0	0	0	0	0	0	0	0	0	0	0	0	0	0	0	0	0	0	0	0	0	0	0	0	0	0	0	0	9948	5180	10664	1366	148	0	0	98	0	0	0	0	0	0	0	0	0	0	0	0	0	0	0	0	0	0	0	0	0	0	0	0	0	0	0	0	0	0	0	0	0	0	0	0	0	0	
679232	Cingulum_Ant_R	150	1412	10068	50508	218	2078	2164	10126	96	778	1410	5450	1668	7492	198	7844	632	2958	10962	24520	1192	2214	15138	40570	988	8772	258	1766	1348	8282	28742	0	6638	31316	120	610	0	520	0	220	0	0	0	0	0	0	0	0	0	0	0	0	0	0	0	0	0	620	0	0	0	158	0	174	0	0	0	0	0	112	4184	30464	2462	9230	198	422	0	1016	0	560	0	590	0	0	0	0	0	0	0	0	0	0	0	0	0	0	0	0	0	0	0	0	0	0	0	0	0	0	0	0	0	0	0	0	0	0	
229460	Cingulum_Mid_L	1084	414	8260	2672	0	0	3362	170	0	154	842	0	2264	146	0	1158	122	0	13662	6946	0	0	6158	1466	0	0	0	0	1392	0	10672	6638	0	14774	4002	612	0	0	0	0	0	0	1522	0	482	136	730	0	2328	0	4798	0	226	0	0	0	458	0	1162	0	230	0	0	0	190	0	8482	826	3044	1118	0	112	0	0	0	0	0	0	0	0	0	0	0	0	1366	0	0	0	220	0	0	0	0	0	0	0	330	0	0	0	0	0	0	0	0	0	0	0	0	0	0	0	0	0	0	0	
576196	Cingulum_Mid_R	2160	2986	11564	15882	0	0	4136	3268	0	584	1756	328	2504	2062	138	5982	344	238	25072	41828	0	0	10544	16278	0	0	0	0	1434	644	11528	31316	14774	0	2520	8336	0	0	0	0	0	0	0	2264	0	2418	0	498	0	3900	0	2182	0	0	0	278	104	12008	0	328	0	0	0	320	0	670	654	12202	3374	24320	134	442	708	112	562	0	0	0	0	0	0	390	0	0	0	1666	0	0	0	358	0	0	0	0	0	0	0	0	0	0	0	0	0	0	0	0	0	0	0	0	0	0	0	0	0	0	
176324	Cingulum_Post_L	3806	2720	366	378	0	0	0	0	0	0	0	0	0	0	0	0	0	0	626	2626	0	0	0	0	0	0	0	0	234	568	662	120	4002	2520	0	10658	7830	5428	2968	650	0	0	4950	382	136	316	4938	168	276	232	1912	192	470	0	2144	356	580	0	0	0	94	0	0	0	0	0	7660	1190	5106	2120	0	0	0	434	0	0	1046	4254	712	0	130	94	0	0	174	0	0	0	130	0	0	0	0	0	0	0	1804	0	0	0	0	0	0	0	0	0	0	0	0	0	0	0	0	0	0	0	
171728	Cingulum_Post_R	2114	4132	460	418	0	0	0	0	0	0	0	0	0	0	0	0	0	0	288	4944	0	0	0	0	0	0	0	0	218	580	628	610	612	8336	10658	0	6442	7722	1938	1692	0	0	116	1166	0	398	356	1994	0	192	258	218	328	0	2090	1370	508	1750	0	0	0	0	0	0	0	0	600	5544	1420	6118	0	134	118	436	0	0	1690	5482	712	0	130	138	0	0	0	254	0	0	114	0	0	0	0	0	0	0	0	276	0	0	0	0	0	0	0	0	0	0	0	0	162	0	0	0	0	0	
207424	Hippocampus_L	3382	2504	2848	492	504	0	704	0	470	0	0	0	0	0	500	0	702	0	2246	0	0	0	0	0	0	0	0	0	5878	534	0	0	0	0	7830	6442	0	5170	9726	602	2888	0	1062	0	0	0	2818	0	0	0	956	0	1410	0	12302	318	1546	0	0	0	214	0	0	0	0	0	2032	96	0	0	394	0	6016	432	532	0	3904	4666	2526	0	720	0	668	0	142	0	0	0	7194	0	94	0	0	0	0	0	102	0	146	0	0	0	0	0	0	0	0	0	0	0	0	0	0	0	0	0	
282724	Hippocampus_R	236	7178	102	3690	0	378	0	1522	0	0	0	806	0	0	0	578	0	1926	0	184	0	220	0	154	0	0	0	0	146	8238	0	520	0	0	5428	7722	5170	0	1600	23688	0	7050	0	518	0	0	258	2858	0	0	212	236	282	270	1870	22496	0	220	0	0	0	0	0	112	0	0	178	2462	0	116	0	514	0	10740	0	408	930	6360	546	932	108	1618	0	3574	0	548	0	446	94	2592	0	0	0	0	0	0	0	2556	0	648	0	0	0	0	0	0	0	0	0	0	124	0	0	0	0	0	
81848	ParaHippocampal_L	498	478	314	236	0	0	94	0	0	0	0	0	0	0	100	0	0	0	198	0	0	0	0	0	0	0	0	0	972	146	0	0	0	0	2968	1938	9726	1600	0	404	606	0	1010	0	0	0	4068	0	0	0	1598	0	658	0	5760	198	256	0	0	0	0	0	0	0	0	0	1612	0	0	0	0	0	942	0	0	0	910	1470	0	0	162	0	272	0	0	0	0	0	1008	0	100	0	0	0	0	0	252	0	370	0	0	0	0	0	0	0	0	0	0	0	0	0	0	0	0	0	
174224	ParaHippocampal_R	0	1084	0	1810	0	210	0	828	0	0	0	332	0	0	0	260	0	324	0	0	0	126	0	0	0	0	0	0	0	1910	0	220	0	0	650	1692	602	23688	404	0	0	6606	0	726	0	0	0	4942	0	0	0	0	0	0	114	19166	0	0	0	0	0	0	0	0	0	0	106	2250	0	0	0	236	0	6542	0	206	0	1280	0	218	0	342	0	4484	0	138	0	1746	0	172	0	0	0	0	0	0	0	3300	0	288	0	0	0	0	0	0	0	0	0	0	110	0	0	0	0	0	
18464	Amygdala_L	0	0	0	0	322	0	0	0	0	0	0	0	0	0	230	0	0	0	0	0	524	222	0	0	0	0	0	0	846	0	0	0	0	0	0	0	2888	0	606	0	0	0	0	0	0	0	0	0	0	0	0	0	0	0	840	0	0	0	0	0	0	0	0	0	0	0	0	0	0	0	494	224	1308	0	0	0	276	0	0	0	0	0	136	0	0	0	0	0	316	0	0	0	0	0	0	0	0	0	0	0	0	0	0	0	0	0	0	0	0	0	0	0	0	0	0	0	
52300	Amygdala_R	0	0	0	0	0	0	0	0	0	0	0	0	0	0	0	0	0	0	0	0	0	314	0	0	0	0	0	0	0	168	0	0	0	0	0	0	0	7050	0	6606	0	0	0	0	0	0	0	0	0	0	0	0	0	0	0	5222	0	0	0	0	0	0	0	0	0	0	0	0	0	0	0	0	0	2668	0	0	0	0	0	0	0	0	0	3482	0	0	0	640	0	0	0	0	0	0	0	0	0	0	0	0	0	0	0	0	0	0	0	0	0	0	0	0	0	0	0	0	
235348	Calcarine_L	224	0	0	0	0	0	0	0	0	0	0	0	0	0	0	0	0	0	0	0	0	0	0	0	0	0	0	0	94	0	0	0	1522	0	4950	116	1062	0	1010	0	0	0	0	7070	11096	3406	20894	3472	8956	1626	21964	950	2456	0	2320	0	202	0	238	0	126	0	0	0	0	0	15036	192	1320	0	0	0	0	0	0	0	0	0	180	0	0	0	0	0	2310	0	0	0	174	0	0	0	0	0	0	0	4394	0	146	0	0	0	0	0	0	0	0	0	0	0	0	168	0	0	0	0	
291988	Calcarine_R	0	0	0	0	0	0	0	0	0	0	0	0	0	0	0	0	0	0	0	456	0	0	0	0	0	0	0	0	0	0	0	0	0	2264	382	1166	0	518	0	726	0	0	7070	0	3226	21564	2670	24744	502	20080	128	20048	0	3900	132	6552	0	1748	0	126	0	0	0	0	0	174	1286	16010	0	1968	0	0	0	0	0	0	0	0	0	0	0	100	0	0	0	3590	0	0	0	2670	0	0	0	0	0	0	128	272	582	116	0	0	0	0	0	0	0	0	0	0	358	738	0	0	0	0	
129752	Cuneus_L	0	0	0	0	0	0	0	0	0	0	0	0	0	0	0	0	0	0	0	0	0	0	0	0	0	0	0	0	0	0	0	0	482	0	136	0	0	0	0	0	0	0	11096	3226	0	5070	2528	582	16120	1462	9530	134	0	0	608	0	0	0	1940	0	692	0	0	0	0	0	8738	704	592	0	0	0	0	0	0	0	0	0	0	0	0	0	0	0	488	0	0	0	0	0	0	0	0	0	0	0	748	0	0	0	0	0	0	0	0	0	0	0	0	0	0	0	0	0	0	0	
219272	Cuneus_R	0	0	0	0	0	0	0	0	0	0	0	0	0	0	0	0	0	0	0	0	0	0	0	0	0	0	0	0	0	0	0	0	136	2418	316	398	0	0	0	0	0	0	3406	21564	5070	0	524	5894	304	29372	124	8162	0	834	0	914	0	546	0	3358	0	0	0	0	0	204	4696	19392	0	816	0	0	0	0	0	0	0	0	0	0	0	0	0	0	0	366	0	0	0	454	0	0	0	0	0	0	0	0	152	0	0	0	0	0	0	0	0	0	0	0	0	216	0	0	0	0	
386864	Lingual_L	436	164	94	130	0	0	0	0	0	0	0	0	0	0	0	0	0	0	0	0	0	0	0	0	0	0	0	0	0	0	0	0	730	0	4938	356	2818	258	4068	0	0	0	20894	2670	2528	524	0	8522	2552	516	27036	550	12802	404	20240	2852	254	0	0	0	0	0	0	0	0	0	10288	0	890	0	0	0	0	0	0	0	284	408	182	0	0	0	0	0	800	0	0	0	136	0	4360	3306	1890	0	0	94	12292	2178	16076	5426	0	0	112	0	752	318	0	0	0	130	5308	9574	1528	0	310	454	
341192	Lingual_R	0	274	0	144	0	0	0	0	0	0	0	0	0	0	0	0	0	0	0	360	0	0	0	0	0	0	0	0	0	168	0	0	0	498	168	1994	0	2858	0	4942	0	0	3472	24744	582	5894	8522	0	196	8238	138	9592	226	3698	1872	22008	0	274	0	0	0	0	0	0	0	0	154	7182	0	596	0	0	0	0	0	0	0	288	0	0	0	0	0	0	0	1554	0	0	0	1940	1194	5628	1446	150	0	0	2136	8286	8030	10244	0	0	0	0	122	142	0	0	0	0	5974	11758	2570	0	194	146	
158356	Occipital_Sup_L	96	0	0	0	0	0	0	0	0	0	0	0	0	0	0	0	0	0	0	0	0	0	0	0	0	0	0	0	0	0	0	0	2328	0	276	0	0	0	0	0	0	0	8956	502	16120	304	2552	196	0	102	22446	0	102	0	734	0	228	0	8400	0	2772	0	0	0	148	0	11728	0	690	0	0	0	0	0	0	0	0	0	0	0	0	0	0	0	392	0	0	0	0	0	0	0	0	0	0	0	106	0	0	0	0	0	0	0	0	0	0	0	0	0	0	0	0	0	0	0	
258560	Occipital_Sup_R	0	108	0	0	0	0	0	0	0	0	0	0	0	0	0	0	0	0	0	196	0	0	0	0	0	0	0	0	0	0	0	0	0	3900	232	192	0	0	0	0	0	0	1626	20080	1462	29372	516	8238	102	0	0	24758	0	1852	0	2308	0	1240	0	5244	0	410	0	0	0	3080	2716	14926	0	1450	0	0	0	0	0	0	0	0	0	0	0	0	0	0	0	3936	0	0	0	788	0	0	0	0	0	0	0	0	234	0	0	0	0	0	0	0	0	0	0	0	0	314	0	0	0	0	
445160	Occipital_Mid_L	5582	0	236	0	0	0	0	0	0	0	0	0	0	0	0	0	1146	0	160	0	0	0	0	0	0	0	0	0	992	0	0	0	4798	0	1912	258	956	212	1598	0	0	0	21964	128	9530	124	27036	138	22446	0	0	0	22956	0	12644	0	7734	0	9138	0	12324	0	458	0	8398	0	17824	0	5276	0	0	0	0	0	0	0	132	172	2370	0	604	0	0	0	17498	0	0	0	3392	0	624	0	0	0	0	0	1302	0	356	0	0	0	0	0	0	0	0	0	0	0	162	0	0	0	0	0	
241792	Occipital_Mid_R	0	128	0	0	0	0	0	0	0	0	0	0	0	0	0	0	0	0	0	520	0	0	0	0	0	0	0	0	0	0	0	0	0	2182	192	218	0	236	0	0	0	0	950	20048	134	8162	550	9592	0	24758	0	0	0	5204	0	2720	0	1358	0	1282	0	398	0	0	0	7438	950	8686	0	1560	0	0	0	0	0	0	0	0	0	0	0	108	0	0	0	18590	0	0	0	4208	0	0	0	0	0	0	0	0	308	0	0	0	0	0	0	0	0	0	0	0	0	416	0	0	0	0	
180612	Occipital_Inf_L	1104	152	378	0	0	0	0	0	0	0	0	0	0	0	0	0	976	0	272	0	0	0	0	0	0	0	0	0	1392	0	0	0	226	0	470	328	1410	282	658	0	0	0	2456	0	0	0	12802	226	102	0	22956	0	0	0	17478	106	796	0	280	0	534	0	0	0	750	0	588	0	308	0	0	0	154	0	0	0	168	270	3324	0	590	0	0	0	6062	0	0	0	6554	0	1324	210	102	0	0	0	1048	128	2116	312	0	0	0	0	0	0	0	0	0	0	418	496	0	0	0	0	
69508	Occipital_Inf_R	0	0	0	0	0	0	0	0	0	0	0	0	0	0	0	0	0	0	0	0	0	0	0	0	0	0	0	0	0	104	0	0	0	0	0	0	0	270	0	0	0	0	0	3900	0	834	404	3698	0	1852	0	5204	0	0	162	6418	0	0	0	0	0	0	0	0	0	0	0	358	0	0	0	0	0	0	0	0	0	0	0	192	0	0	0	0	0	2288	0	0	0	6636	0	188	0	0	0	0	0	250	422	644	0	0	0	0	0	0	0	0	0	0	186	634	110	0	0	0	
390736	Fusiform_L	884	1028	456	136	304	0	362	0	294	0	0	0	0	0	302	0	0	0	244	0	0	0	0	0	0	0	0	0	2424	236	0	0	0	0	2144	2090	12302	1870	5760	114	840	0	2320	132	608	0	20240	1872	734	0	12644	0	17478	162	0	1060	348	0	0	0	0	0	0	0	0	0	278	0	0	0	0	0	2604	146	0	0	1136	1924	1176	0	1120	0	1336	0	1344	0	454	0	13736	0	19932	1608	2800	518	0	102	12470	894	28838	2426	1162	0	1246	266	730	354	0	0	0	128	2456	3486	926	154	230	0	
376848	Fusiform_R	0	776	0	692	0	0	0	104	0	0	0	160	0	0	0	0	0	264	0	304	0	0	0	0	0	0	0	0	0	3928	0	0	0	278	356	1370	318	22496	198	19166	0	5222	0	6552	0	914	2852	22008	0	2308	0	2720	106	6418	1060	0	0	230	0	0	0	0	0	0	0	0	0	2644	0	468	0	0	0	4306	0	130	0	566	0	834	0	1796	0	6578	0	1790	0	3598	0	11862	606	9448	698	278	0	0	1112	11338	3114	14874	0	96	0	776	0	224	0	0	0	0	4256	4846	1250	0	136	0	
280868	Postcentral_L	29204	164	9164	104	0	0	4586	0	0	0	4720	0	842	0	0	0	7126	0	4038	406	0	0	0	0	0	0	0	0	5178	0	0	0	458	104	580	508	1546	0	256	0	0	0	202	0	0	0	254	0	228	0	7734	0	796	0	348	0	0	0	7730	0	19538	0	8576	0	2342	0	4158	0	7538	270	120	98	692	0	140	0	678	0	2676	0	3814	0	0	0	2218	0	0	0	1300	0	0	0	0	0	0	0	0	0	0	0	0	0	0	0	0	0	0	0	0	0	0	0	0	0	0	0	
178972	Postcentral_R	0	8276	0	1102	0	0	0	432	0	0	0	978	0	160	0	0	0	2566	0	2662	0	0	0	162	0	0	0	0	0	790	0	620	0	12008	0	1750	0	220	0	0	0	0	0	1748	0	546	0	274	0	1240	0	1358	0	0	0	230	0	0	0	4428	0	7848	0	10982	0	1392	148	6856	0	15286	0	586	0	300	0	0	0	0	0	212	0	1532	0	0	0	1580	0	0	0	1214	0	0	0	0	0	0	0	0	0	0	0	0	0	0	0	0	0	0	0	0	0	0	0	0	0	0	
114604	Parietal_Sup_L	1244	0	0	0	0	0	0	0	0	0	0	0	0	0	0	0	0	0	0	0	0	0	0	0	0	0	0	0	0	0	0	0	1162	0	0	0	0	0	0	0	0	0	238	0	1940	0	0	0	8400	0	9138	0	280	0	0	0	7730	0	0	0	8950	0	0	0	1198	0	13228	0	2266	0	0	0	0	0	0	0	0	0	0	0	0	0	0	0	1116	0	0	0	412	0	0	0	0	0	0	0	0	0	0	0	0	0	0	0	0	0	0	0	0	0	0	0	0	0	0	0	
66908	Parietal_Sup_R	0	0	0	0	0	0	0	0	0	0	0	0	0	0	0	0	0	0	0	0	0	0	0	0	0	0	0	0	0	0	0	0	0	328	0	0	0	0	0	0	0	0	0	126	0	3358	0	0	0	5244	0	1282	0	0	0	0	0	4428	0	0	0	4640	0	1400	0	4208	342	7330	0	474	0	0	0	0	0	0	0	0	0	0	0	0	0	0	0	0	0	0	0	294	0	0	0	0	0	0	0	0	0	0	0	0	0	0	0	0	0	0	0	0	0	0	0	0	0	0	
176584	Parietal_Inf_L	2604	0	1140	0	0	0	148	0	0	0	0	0	0	0	0	0	436	0	952	0	0	0	0	0	0	0	0	0	624	0	0	0	230	0	94	0	214	0	0	0	0	0	126	0	692	0	0	0	2772	0	12324	0	534	0	0	0	19538	0	8950	0	0	0	12536	0	11034	0	1686	0	1732	0	0	0	0	0	0	0	114	0	0	0	780	0	0	0	6430	0	0	0	2602	0	0	0	0	0	0	0	0	0	0	0	0	0	0	0	0	0	0	0	0	0	0	0	0	0	0	0	
101300	Parietal_Inf_R	0	460	0	366	0	0	0	214	0	0	0	170	0	0	0	0	0	1094	0	134	0	0	0	0	0	0	0	0	0	326	0	158	0	0	0	0	0	0	0	0	0	0	0	0	0	0	0	0	0	410	0	398	0	0	0	0	0	7848	0	4640	0	0	0	17842	0	10610	0	100	0	122	0	158	0	0	0	0	0	0	0	132	0	1204	0	0	0	554	0	0	0	3710	0	0	0	0	0	0	0	0	0	0	0	0	0	0	0	0	0	0	0	0	0	0	0	0	0	0	
109412	SupraMarginal_L	708	0	2480	0	0	0	212	0	0	0	0	0	0	0	0	0	3036	0	2208	0	0	0	0	0	0	0	0	0	394	0	0	0	0	0	0	0	0	0	0	0	0	0	0	0	0	0	0	0	0	0	458	0	0	0	0	0	8576	0	0	0	12536	0	0	0	3638	0	0	0	0	0	0	0	0	0	0	0	0	0	394	0	8132	0	0	0	9810	0	0	0	2124	0	0	0	0	0	0	0	0	0	0	0	0	0	0	0	0	0	0	0	0	0	0	0	0	0	0	0	
125816	SupraMarginal_R	0	1272	0	538	0	0	0	276	0	0	0	434	0	0	0	0	0	2394	0	344	0	0	0	0	0	0	0	0	0	964	0	174	0	320	0	0	0	112	0	0	0	0	0	0	0	0	0	0	0	0	0	0	0	0	0	0	0	10982	0	1400	0	17842	0	0	0	9732	0	128	0	562	0	174	0	0	0	0	0	0	0	184	0	6170	0	0	0	1652	0	0	0	7254	0	0	0	0	0	0	0	0	0	0	0	0	0	0	0	0	0	0	0	0	0	0	0	0	0	0	
75944	Angular_L	288	0	0	0	0	0	0	0	0	0	0	0	0	0	0	0	162	0	0	0	0	0	0	0	0	0	0	0	0	0	0	0	190	0	0	0	0	0	0	0	0	0	0	0	0	0	0	0	148	0	8398	0	750	0	0	0	2342	0	1198	0	11034	0	3638	0	0	0	1360	0	308	0	0	0	0	0	0	0	0	0	0	0	434	0	0	0	5948	0	0	0	1774	0	0	0	0	0	0	0	0	0	0	0	0	0	0	0	0	0	0	0	0	0	0	0	0	0	0	0	
101756	Angular_R	0	0	0	182	0	0	0	134	0	0	0	0	0	0	0	0	0	924	0	102	0	0	0	0	0	0	0	0	0	220	0	0	0	670	0	0	0	0	0	0	0	0	0	174	0	204	0	0	0	3080	0	7438	0	0	0	0	0	1392	0	4208	0	10610	0	9732	0	0	0	1174	0	592	0	0	0	0	0	0	0	0	0	118	0	3520	0	0	0	5212	0	0	0	1192	0	0	0	0	0	0	0	0	0	0	0	0	0	0	0	0	0	0	0	0	0	0	0	0	0	0	
285672	Precuneus_L	1882	0	0	0	0	0	0	0	0	0	0	0	0	0	0	0	0	0	0	0	0	0	0	0	0	0	0	0	0	0	0	0	8482	654	7660	600	2032	178	1612	106	0	0	15036	1286	8738	4696	10288	154	11728	2716	17824	950	588	0	278	0	4158	148	13228	342	1686	0	0	0	1360	0	0	8544	6266	218	0	0	0	0	0	0	0	0	0	0	0	0	0	0	4514	0	0	0	544	0	0	0	0	0	0	0	4340	0	0	0	0	0	0	0	0	0	0	0	0	0	0	0	0	0	0	0	
268052	Precuneus_R	0	214	0	0	0	0	0	0	0	0	0	0	0	0	0	0	0	0	0	970	0	0	0	0	0	0	0	0	0	0	0	0	826	12202	1190	5544	96	2462	0	2250	0	0	192	16010	704	19392	0	7182	0	14926	0	8686	0	358	0	2644	0	6856	0	7330	0	100	0	128	0	1174	8544	0	0	8112	0	0	0	0	0	0	0	196	0	0	0	408	0	0	0	3692	0	0	0	922	0	0	0	0	0	0	0	524	0	0	0	0	0	0	0	0	0	0	0	0	192	0	0	0	0	0	
144232	Paracentral_Lobule_L	14392	1056	1412	122	0	0	0	0	0	0	0	0	0	0	0	0	114	0	2132	5202	0	0	0	0	0	0	0	0	0	0	0	0	3044	3374	5106	1420	0	0	0	0	0	0	1320	0	592	0	890	0	690	0	5276	0	308	0	0	0	7538	0	2266	0	1732	0	0	0	308	0	6266	0	0	3592	0	0	112	0	0	0	0	0	0	0	0	0	0	0	1990	0	0	0	1410	0	0	0	0	0	0	0	452	0	0	0	0	0	0	0	0	0	0	0	0	0	0	0	0	0	0	0	
223824	Paracentral_Lobule_R	2972	9156	386	402	0	0	0	0	0	0	0	0	0	0	0	0	0	304	3012	19920	0	0	0	0	0	0	0	0	0	340	0	112	1118	24320	2120	6118	0	116	0	0	0	0	0	1968	0	816	0	596	0	1450	0	1560	0	0	0	468	270	15286	0	474	0	122	0	562	0	592	218	8112	3592	0	0	130	610	0	526	0	0	0	0	186	0	742	0	0	0	2338	0	0	0	898	0	0	0	0	0	0	0	0	0	0	0	0	0	0	0	0	0	0	0	0	0	0	0	0	0	0	
310908	Caudate_L	2262	610	15386	9442	2606	0	1182	826	722	0	2382	482	718	250	2160	0	2392	212	12198	8424	6950	5928	868	224	2216	798	2644	386	5416	356	9948	4184	0	134	0	0	394	0	0	0	494	0	0	0	0	0	0	0	0	0	0	0	0	0	0	0	120	0	0	0	0	0	0	0	0	0	0	0	0	0	0	13788	20292	3996	3722	1562	8472	308	0	0	0	0	0	0	0	0	0	0	0	0	0	0	0	0	0	0	0	0	0	0	0	0	0	0	0	0	0	0	0	0	0	0	0	0	0	0	
403236	Caudate_R	604	4838	1474	33998	276	1436	186	4922	0	366	1744	2394	370	1608	250	842	874	3242	1380	18870	2242	6918	500	7430	110	6650	144	2188	1280	4342	5180	30464	112	442	0	134	0	514	0	236	224	0	0	0	0	0	0	0	0	0	0	0	0	0	0	0	98	586	0	0	0	158	0	174	0	0	0	0	0	130	13788	0	4338	14364	680	3860	818	12714	0	546	0	580	0	0	0	0	0	0	0	0	0	0	0	0	0	0	0	0	0	0	0	0	0	0	0	0	0	0	0	0	0	0	0	0	0	0	
386652	Putamen_L	1420	634	31258	1546	9788	0	4488	0	3098	0	1122	0	842	0	6596	0	1812	0	19000	2118	3606	3486	2340	170	2898	350	1694	274	21428	0	10664	2462	0	708	0	118	6016	0	942	0	1308	0	0	0	0	0	0	0	0	0	0	0	154	0	2604	0	692	0	0	0	0	0	0	0	0	0	0	0	112	610	20292	4338	0	1676	10232	170	3572	0	220	0	2006	0	224	0	1188	0	0	0	3050	0	0	0	0	0	0	0	0	0	0	0	0	0	0	0	0	0	0	0	0	0	0	0	0	0	0	0	
284916	Putamen_R	186	1228	620	14518	0	5376	0	4548	0	1232	524	3428	174	696	0	3338	180	4592	518	6142	0	1020	100	4712	0	5370	0	1038	280	17168	1366	9230	0	112	434	436	432	10740	0	6542	0	2668	0	0	0	0	0	0	0	0	0	0	0	0	146	4306	0	300	0	0	0	0	0	0	0	0	0	0	0	0	3996	14364	1676	0	382	2278	0	914	0	714	0	1212	0	2496	0	112	0	272	0	108	0	0	0	0	0	0	0	234	0	0	0	0	0	0	0	0	0	0	0	0	0	0	0	0	0	0	
72080	Pallidum_L	408	490	7470	98	0	0	248	0	0	0	0	0	0	0	0	0	490	0	6014	662	0	468	0	0	0	0	0	0	302	0	148	198	0	562	0	0	532	0	0	0	0	0	0	0	0	0	0	0	0	0	0	0	0	0	0	0	140	0	0	0	0	0	0	0	0	0	0	0	0	526	3722	680	10232	382	0	126	2142	0	0	0	0	0	0	0	0	0	0	0	0	0	0	0	0	0	0	0	0	0	0	0	0	0	0	0	0	0	0	0	0	0	0	0	0	0	0	0	
35460	Pallidum_R	0	176	124	2540	0	0	0	1506	0	0	0	262	0	0	0	0	0	808	404	1052	0	444	0	0	0	120	0	0	0	882	0	422	0	0	0	0	0	408	0	206	0	0	0	0	0	0	0	0	0	0	0	0	0	0	0	130	0	0	0	0	0	0	0	0	0	0	0	0	0	0	1562	3860	170	2278	126	0	0	250	0	0	0	0	0	0	0	0	0	0	0	0	0	0	0	0	0	0	0	0	0	0	0	0	0	0	0	0	0	0	0	0	0	0	0	0	0	0	
132656	Thalamus_L	8452	1338	13324	948	0	0	856	0	0	0	0	0	0	0	0	0	0	0	10054	0	0	0	0	0	0	0	0	0	478	0	0	0	0	0	1046	1690	3904	930	910	0	276	0	0	0	0	0	284	0	0	0	132	0	168	0	1136	0	678	0	0	0	114	0	0	0	0	0	0	0	0	0	8472	818	3572	0	2142	0	0	4138	112	0	0	0	0	0	0	0	0	0	356	0	0	0	0	0	0	0	0	0	0	0	0	0	0	0	0	0	0	0	0	0	0	0	0	0	0	0	
169144	Thalamus_R	456	10270	482	18852	0	0	0	1692	0	0	0	1110	0	102	0	0	0	248	336	1874	0	190	0	144	0	208	0	0	0	986	98	1016	0	0	4254	5482	4666	6360	1470	1280	0	0	0	0	0	0	408	288	0	0	172	0	270	0	1924	566	0	0	0	0	0	0	0	0	0	0	0	196	0	0	308	12714	0	914	0	250	4138	0	258	0	98	146	0	0	0	0	0	0	124	0	0	0	0	0	0	0	0	222	0	0	0	0	0	0	0	0	0	0	0	0	0	0	0	0	0	0	
87924	Heschl_L	1716	332	1620	0	0	0	274	0	0	0	188	0	0	0	0	0	4414	0	1258	0	0	0	0	0	0	0	0	0	5478	0	0	0	0	0	712	712	2526	546	0	0	0	0	180	0	0	0	182	0	0	0	2370	0	3324	0	1176	0	2676	0	0	0	0	0	394	0	0	0	0	0	0	0	0	0	220	0	0	0	112	258	0	0	5732	0	0	0	5138	0	0	0	2424	0	0	0	0	0	0	0	0	0	0	0	0	0	0	0	0	0	0	0	0	0	0	0	0	0	0	0	
61492	Heschl_R	0	778	0	348	0	0	0	360	0	0	0	478	0	0	0	0	0	5992	0	228	0	0	0	0	0	98	0	0	0	3494	0	560	0	0	0	0	0	932	0	218	0	0	0	0	0	0	0	0	0	0	0	0	0	192	0	834	0	212	0	0	0	132	0	184	0	118	0	0	0	186	0	546	0	714	0	0	0	0	0	0	0	9320	0	0	0	1898	0	0	0	2924	0	0	0	0	0	0	0	0	0	0	0	0	0	0	0	0	0	0	0	0	0	0	0	0	0	0	
210376	Temporal_Sup_L	1418	0	3408	0	0	0	1112	0	0	0	1636	0	0	0	122	0	9922	0	1860	0	0	0	0	0	0	0	0	0	9240	0	0	0	0	0	130	130	720	108	162	0	0	0	0	0	0	0	0	0	0	0	604	0	590	0	1120	0	3814	0	0	0	780	0	8132	0	434	0	0	0	0	0	0	0	2006	0	0	0	0	98	5732	0	0	0	4090	0	31744	0	346	0	15730	0	0	0	0	0	0	0	0	0	0	0	0	0	0	0	0	0	0	0	0	0	0	0	0	0	0	0	
177956	Temporal_Sup_R	0	940	0	728	0	0	0	410	0	0	0	886	0	0	0	0	0	8444	0	392	0	0	0	124	0	0	0	0	0	8824	0	590	0	390	94	138	0	1618	0	342	0	0	0	100	0	0	0	0	0	0	0	108	0	0	0	1796	0	1532	0	0	0	1204	0	6170	0	3520	0	408	0	742	0	580	0	1212	0	0	0	146	0	9320	0	0	0	6414	0	21740	0	2288	0	7648	0	0	0	0	0	0	0	130	0	0	0	0	0	0	0	0	0	0	0	0	0	0	0	0	0	0	
50392	Temporal_Pole_Sup_L	0	0	178	0	128	0	0	0	0	0	480	0	98	0	318	0	882	0	0	0	176	0	0	0	0	0	0	0	1426	0	0	0	0	0	0	0	668	0	272	0	136	0	0	0	0	0	0	0	0	0	0	0	0	0	1336	0	0	0	0	0	0	0	0	0	0	0	0	0	0	0	0	0	224	0	0	0	0	0	0	0	4090	0	0	0	5946	0	5028	0	3810	0	0	0	0	0	0	0	0	0	0	0	0	0	0	0	0	0	0	0	0	0	0	0	0	0	0	0	
93128	Temporal_Pole_Sup_R	0	0	0	156	0	0	0	0	0	94	0	1010	0	0	0	236	0	202	0	0	0	186	0	0	0	0	0	0	0	2988	0	0	0	0	0	0	0	3574	0	4484	0	3482	0	0	0	0	0	0	0	0	0	0	0	0	0	6578	0	0	0	0	0	0	0	0	0	0	0	0	0	0	0	0	0	2496	0	0	0	0	0	0	0	6414	0	0	0	6496	0	5980	0	2188	0	0	0	0	0	0	0	0	0	0	0	0	0	0	0	0	0	0	0	0	0	0	0	0	0	0	
337320	Temporal_Mid_L	3060	0	2444	0	0	0	524	0	0	0	0	0	0	0	0	0	3908	0	1638	0	0	0	0	0	0	0	0	0	4488	0	0	0	1366	0	174	0	142	0	0	0	0	0	2310	0	488	0	800	0	392	0	17498	0	6062	0	1344	0	2218	0	1116	0	6430	0	9810	0	5948	0	4514	0	1990	0	0	0	1188	0	0	0	0	0	5138	0	31744	0	5946	0	0	0	8438	0	37346	0	0	0	0	0	0	0	196	0	0	0	0	0	0	0	0	0	0	0	0	0	0	0	0	0	0	0	
225240	Temporal_Mid_R	0	230	0	0	0	0	0	0	0	0	0	0	0	0	0	0	0	148	0	732	0	0	0	0	0	0	0	0	0	3034	0	0	0	1666	0	254	0	548	0	138	0	0	0	3590	0	366	0	1554	0	3936	0	18590	0	2288	0	1790	0	1580	0	0	0	554	0	1652	0	5212	0	3692	0	2338	0	0	0	112	0	0	0	0	0	1898	0	21740	0	6496	0	0	0	4844	0	23638	0	0	0	0	0	0	0	0	0	0	0	0	0	0	0	0	0	0	0	0	0	0	0	0	0	0	
37912	Temporal_Pole_Mid_L	0	0	0	0	0	0	0	0	0	0	0	0	0	0	0	0	0	0	0	0	0	0	0	0	0	0	0	0	0	0	0	0	0	0	0	0	0	0	0	0	0	0	0	0	0	0	0	0	0	0	0	0	0	0	454	0	0	0	0	0	0	0	0	0	0	0	0	0	0	0	0	0	0	0	0	0	0	0	0	0	346	0	5028	0	8438	0	0	0	4690	0	0	0	0	0	0	0	0	0	0	0	0	0	0	0	0	0	0	0	0	0	0	0	0	0	0	0	
47212	Temporal_Pole_Mid_R	0	0	0	0	0	0	0	0	0	0	0	0	0	0	0	0	0	0	0	0	0	0	0	0	0	0	0	0	0	0	0	0	0	0	0	0	0	446	0	1746	0	640	0	0	0	0	0	0	0	0	0	0	0	0	0	3598	0	0	0	0	0	0	0	0	0	0	0	0	0	0	0	0	0	272	0	0	0	0	0	0	0	2288	0	5980	0	4844	0	0	0	3792	0	0	0	0	0	0	0	0	0	0	0	0	0	0	0	0	0	0	0	0	0	0	0	0	0	0	
261288	Temporal_Inf_L	2150	0	1920	0	306	0	586	0	296	0	0	0	0	0	316	0	2092	0	1136	0	0	0	0	0	0	0	0	0	5402	0	0	0	220	0	130	114	7194	94	1008	0	316	0	174	0	0	0	136	0	0	0	3392	0	6554	0	13736	0	1300	0	412	0	2602	0	2124	0	1774	0	544	0	1410	0	0	0	3050	0	0	0	356	124	2424	0	15730	0	3810	0	37346	0	4690	0	0	0	3552	0	472	0	0	0	0	0	918	0	306	0	428	0	0	0	0	0	0	0	0	0	0	0	0	0	
185956	Temporal_Inf_R	0	312	0	0	0	0	0	0	0	0	0	0	0	0	0	0	0	198	0	558	0	0	0	0	0	0	0	0	0	2658	0	0	0	358	0	0	0	2592	0	172	0	0	0	2670	0	454	0	1940	0	788	0	4208	0	6636	0	11862	0	1214	0	294	0	3710	0	7254	0	1192	0	922	0	898	0	0	0	108	0	0	0	0	0	2924	0	7648	0	2188	0	23638	0	3792	0	0	0	1250	0	94	0	0	0	94	0	146	0	0	0	206	0	0	0	0	0	0	0	0	0	0	0	0	
454064	Cerebelum_Crus1_L	0	0	0	0	0	0	0	0	0	0	0	0	0	0	0	0	0	0	0	0	0	0	0	0	0	0	0	0	0	0	0	0	0	0	0	0	94	0	100	0	0	0	0	0	0	0	4360	1194	0	0	624	0	1324	0	19932	606	0	0	0	0	0	0	0	0	0	0	0	0	0	0	0	0	0	0	0	0	0	0	0	0	0	0	0	0	0	0	0	0	3552	0	0	2778	31906	8424	488	212	14620	296	50582	2780	17646	1442	20696	5140	7800	3364	658	112	130	262	980	5260	12310	3978	2954	428	
419712	Cerebelum_Crus1_R	0	0	0	0	0	0	0	0	0	0	0	0	0	0	0	0	0	0	0	0	0	0	0	0	0	0	0	0	0	0	0	0	0	0	0	0	0	0	0	0	0	0	0	0	0	0	3306	5628	0	0	0	0	210	188	1608	9448	0	0	0	0	0	0	0	0	0	0	0	0	0	0	0	0	0	0	0	0	0	0	0	0	0	0	0	0	0	0	0	0	0	1250	2778	0	5702	25876	0	1038	1962	19850	5636	53436	242	6196	270	20258	188	4690	0	1524	184	500	7582	9290	14420	3470	3020	106	
480160	Cerebelum_Crus2_L	0	0	0	0	0	0	0	0	0	0	0	0	0	0	0	0	0	0	0	0	0	0	0	0	0	0	0	0	0	0	0	0	0	0	0	0	0	0	0	0	0	0	0	0	0	0	1890	1446	0	0	0	0	102	0	2800	698	0	0	0	0	0	0	0	0	0	0	0	0	0	0	0	0	0	0	0	0	0	0	0	0	0	0	0	0	0	0	0	0	472	0	31906	5702	0	19038	0	110	1048	518	12762	4258	46786	10840	34678	14802	6470	3726	196	108	0	0	134	3386	22136	12226	1842	0	
327556	Cerebelum_Crus2_R	0	0	0	0	0	0	0	0	0	0	0	0	0	0	0	0	0	0	0	0	0	0	0	0	0	0	0	0	0	0	0	0	0	0	0	0	0	0	0	0	0	0	0	0	0	0	0	150	0	0	0	0	0	0	518	278	0	0	0	0	0	0	0	0	0	0	0	0	0	0	0	0	0	0	0	0	0	0	0	0	0	0	0	0	0	0	0	0	0	94	8424	25876	19038	0	0	126	316	574	2376	4858	5612	26736	2532	36224	204	4656	0	286	0	0	172	320	18632	4786	990	0	
25988	Cerebelum_3_L	0	0	0	0	0	0	0	0	0	0	0	0	0	0	0	0	0	0	0	0	0	0	0	0	0	0	0	0	0	0	0	0	0	0	0	0	0	0	0	0	0	0	0	0	0	0	0	0	0	0	0	0	0	0	0	0	0	0	0	0	0	0	0	0	0	0	0	0	0	0	0	0	0	0	0	0	0	0	0	0	0	0	0	0	0	0	0	0	0	0	488	0	0	0	0	228	6398	0	1536	0	0	0	0	0	264	0	0	0	1074	1994	1012	0	0	0	0	0	
57436	Cerebelum_3_R	0	0	0	0	0	0	0	0	0	0	0	0	0	0	0	0	0	0	0	0	0	0	0	0	0	0	0	0	0	0	0	0	0	0	0	0	0	0	0	0	0	0	0	0	0	0	94	0	0	0	0	0	0	0	102	0	0	0	0	0	0	0	0	0	0	0	0	0	0	0	0	0	0	0	0	0	0	0	0	0	0	0	0	0	0	0	0	0	0	0	212	1038	110	126	228	0	1088	4326	1370	2696	200	0	0	104	260	1686	142	0	2054	6202	2194	1984	318	230	1694	260	
291140	Cerebelum_4_5_L	0	0	0	0	0	0	0	0	0	0	0	0	0	0	0	0	0	0	0	0	0	0	0	0	0	0	0	0	0	0	0	0	330	0	1804	0	102	0	252	0	0	0	4394	128	748	0	12292	2136	106	0	1302	0	1048	0	12470	1112	0	0	0	0	0	0	0	0	0	0	4340	0	452	0	0	0	0	0	0	0	0	0	0	0	0	0	0	0	196	0	0	0	0	0	14620	1962	1048	316	6398	1088	0	3742	32988	3170	910	0	1128	228	3584	1774	634	0	2356	3632	14522	4440	404	246	1516	1652	
227680	Cerebelum_4_5_R	0	132	0	134	0	0	0	0	0	0	0	0	0	0	0	0	0	0	0	0	0	0	0	0	0	0	0	0	0	364	0	0	0	0	0	276	0	2556	0	3300	0	0	0	272	0	0	2178	8286	0	0	0	0	128	250	894	11338	0	0	0	0	0	0	0	0	0	0	0	524	0	0	0	0	0	234	0	0	0	222	0	0	0	130	0	0	0	0	0	0	0	94	296	19850	518	574	0	4326	3742	0	2318	28062	0	184	0	374	202	780	0	0	614	2064	13374	2848	1054	206	920	222	
514652	Cerebelum_6_L	0	0	0	0	0	0	0	0	0	0	0	0	0	0	0	0	0	0	0	0	0	0	0	0	0	0	0	0	0	0	0	0	0	0	0	0	146	0	370	0	0	0	146	582	0	152	16076	8030	0	234	356	308	2116	422	28838	3114	0	0	0	0	0	0	0	0	0	0	0	0	0	0	0	0	0	0	0	0	0	0	0	0	0	0	0	0	0	0	0	0	918	0	50582	5636	12762	2376	1536	1370	32988	2318	0	8466	10488	162	11058	1050	5558	4206	1068	250	1490	2458	9110	18028	5384	2134	4082	958	
406064	Cerebelum_6_R	0	0	0	0	0	0	0	0	0	0	0	0	0	0	0	0	0	0	0	0	0	0	0	0	0	0	0	0	0	100	0	0	0	0	0	0	0	648	0	288	0	0	0	116	0	0	5426	10244	0	0	0	0	312	644	2426	14874	0	0	0	0	0	0	0	0	0	0	0	0	0	0	0	0	0	0	0	0	0	0	0	0	0	0	0	0	0	0	0	0	0	146	2780	53436	4258	4858	0	2696	3170	28062	8466	0	164	2014	204	6244	230	3942	0	1702	336	974	11032	13958	11628	3898	3596	160	
354120	Cerebelum_7b_L	0	0	0	0	0	0	0	0	0	0	0	0	0	0	0	0	0	0	0	0	0	0	0	0	0	0	0	0	0	0	0	0	0	0	0	0	0	0	0	0	0	0	0	0	0	0	0	0	0	0	0	0	0	0	1162	0	0	0	0	0	0	0	0	0	0	0	0	0	0	0	0	0	0	0	0	0	0	0	0	0	0	0	0	0	0	0	0	0	306	0	17646	242	46786	5612	0	200	910	0	10488	164	0	8042	42306	11964	7170	2842	372	0	0	200	238	538	5646	12524	1582	120	
204720	Cerebelum_7b_R	0	0	0	0	0	0	0	0	0	0	0	0	0	0	0	0	0	0	0	0	0	0	0	0	0	0	0	0	0	0	0	0	0	0	0	0	0	0	0	0	0	0	0	0	0	0	0	0	0	0	0	0	0	0	0	96	0	0	0	0	0	0	0	0	0	0	0	0	0	0	0	0	0	0	0	0	0	0	0	0	0	0	0	0	0	0	0	0	0	0	1442	6196	10840	26736	0	0	0	184	162	2014	8042	0	3538	28728	124	1328	0	150	0	0	102	0	5570	6780	328	0	
366144	Cerebelum_8_L	0	0	0	0	0	0	0	0	0	0	0	0	0	0	0	0	0	0	0	0	0	0	0	0	0	0	0	0	0	0	0	0	0	0	0	0	0	0	0	0	0	0	0	0	0	0	112	0	0	0	0	0	0	0	1246	0	0	0	0	0	0	0	0	0	0	0	0	0	0	0	0	0	0	0	0	0	0	0	0	0	0	0	0	0	0	0	0	0	428	0	20696	270	34678	2532	0	0	1128	0	11058	204	42306	3538	0	12378	20424	5154	2440	0	0	0	202	890	4704	14196	4252	236	
391948	Cerebelum_8_R	0	0	0	0	0	0	0	0	0	0	0	0	0	0	0	0	0	0	0	0	0	0	0	0	0	0	0	0	0	0	0	0	0	0	0	0	0	0	0	0	0	0	0	0	0	0	0	0	0	0	0	0	0	0	266	776	0	0	0	0	0	0	0	0	0	0	0	0	0	0	0	0	0	0	0	0	0	0	0	0	0	0	0	0	0	0	0	0	0	206	5140	20258	14802	36224	0	104	228	374	1050	6244	11964	28728	12378	0	2002	18518	0	846	0	0	190	576	12566	17430	5104	0	
153956	Cerebelum_9_L	0	0	0	0	0	0	0	0	0	0	0	0	0	0	0	0	0	0	0	0	0	0	0	0	0	0	0	0	0	0	0	0	0	0	0	0	0	0	0	0	0	0	0	0	0	0	752	122	0	0	0	0	0	0	730	0	0	0	0	0	0	0	0	0	0	0	0	0	0	0	0	0	0	0	0	0	0	0	0	0	0	0	0	0	0	0	0	0	0	0	7800	188	6470	204	264	260	3584	202	5558	230	7170	124	20424	2002	0	3288	3484	0	130	270	1328	2248	1132	3990	4106	918	
209576	Cerebelum_9_R	0	0	0	0	0	0	0	0	0	0	0	0	0	0	0	0	0	0	0	0	0	0	0	0	0	0	0	0	0	0	0	0	0	0	0	0	0	0	0	0	0	0	0	0	0	0	318	142	0	0	0	0	0	0	354	224	0	0	0	0	0	0	0	0	0	0	0	0	0	0	0	0	0	0	0	0	0	0	0	0	0	0	0	0	0	0	0	0	0	0	3364	4690	3726	4656	0	1686	1774	780	4206	3942	2842	1328	5154	18518	3288	0	624	2704	830	1936	2736	5604	7324	9202	10996	1840	
23792	Cerebelum_10_L	0	0	0	0	0	0	0	0	0	0	0	0	0	0	0	0	0	0	0	0	0	0	0	0	0	0	0	0	0	0	0	0	0	0	0	0	0	0	0	0	0	0	0	0	0	0	0	0	0	0	0	0	0	0	0	0	0	0	0	0	0	0	0	0	0	0	0	0	0	0	0	0	0	0	0	0	0	0	0	0	0	0	0	0	0	0	0	0	0	0	658	0	196	0	0	142	634	0	1068	0	372	0	2440	0	3484	624	0	0	0	160	212	794	0	194	680	238	
24384	Cerebelum_10_R	0	0	0	0	0	0	0	0	0	0	0	0	0	0	0	0	0	0	0	0	0	0	0	0	0	0	0	0	0	0	0	0	0	0	0	0	0	0	0	0	0	0	0	0	0	0	0	0	0	0	0	0	0	0	0	0	0	0	0	0	0	0	0	0	0	0	0	0	0	0	0	0	0	0	0	0	0	0	0	0	0	0	0	0	0	0	0	0	0	0	112	1524	108	286	0	0	0	0	250	1702	0	150	0	846	0	2704	0	0	0	0	0	496	1170	1364	1480	0	
41736	Vermis_1_2	0	0	0	0	0	0	0	0	0	0	0	0	0	0	0	0	0	0	0	0	0	0	0	0	0	0	0	0	0	0	0	0	0	0	0	0	0	0	0	0	0	0	0	0	0	0	0	0	0	0	0	0	0	0	0	0	0	0	0	0	0	0	0	0	0	0	0	0	0	0	0	0	0	0	0	0	0	0	0	0	0	0	0	0	0	0	0	0	0	0	130	184	0	0	1074	2054	2356	614	1490	336	0	0	0	0	130	830	0	0	0	6712	3348	778	0	0	644	188	
73696	Vermis_3	0	0	0	0	0	0	0	0	0	0	0	0	0	0	0	0	0	0	0	0	0	0	0	0	0	0	0	0	0	0	0	0	0	0	0	0	0	0	0	0	0	0	0	0	0	0	130	0	0	0	0	0	0	0	128	0	0	0	0	0	0	0	0	0	0	0	0	0	0	0	0	0	0	0	0	0	0	0	0	0	0	0	0	0	0	0	0	0	0	0	262	500	0	0	1994	6202	3632	2064	2458	974	200	0	0	0	270	1936	160	0	6712	0	4772	2016	120	194	1740	384	
211664	Vermis_4_5	0	0	0	0	0	0	0	0	0	0	0	0	0	0	0	0	0	0	0	0	0	0	0	0	0	0	0	0	0	0	0	0	0	0	0	162	0	124	0	110	0	0	0	358	0	0	5308	5974	0	0	162	0	418	186	2456	4256	0	0	0	0	0	0	0	0	0	0	0	192	0	0	0	0	0	0	0	0	0	0	0	0	0	0	0	0	0	0	0	0	0	0	980	7582	134	172	1012	2194	14522	13374	9110	11032	238	102	202	190	1328	2736	212	0	3348	4772	0	7730	280	242	2446	2188	
261984	Vermis_6	0	0	0	0	0	0	0	0	0	0	0	0	0	0	0	0	0	0	0	0	0	0	0	0	0	0	0	0	0	0	0	0	0	0	0	0	0	0	0	0	0	0	168	738	0	216	9574	11758	0	314	0	416	496	634	3486	4846	0	0	0	0	0	0	0	0	0	0	0	0	0	0	0	0	0	0	0	0	0	0	0	0	0	0	0	0	0	0	0	0	0	0	5260	9290	3386	320	0	1984	4440	2848	18028	13958	538	0	890	576	2248	5604	794	496	778	2016	7730	0	5946	2388	6126	2702	
