data	data	607788	258904	724268	624368	139108	124248	510836	283564	69972	15760	247488	151520	288540	57868	145472	62540	142984	102312	668124	523356	86096	94424	244804	294776	34440	134896	86564	109192	564748	218044	138680	432396	174012	405896	83204	143452	192476	259748	41712	187596	21212	45968	167232	208516	128104	177496	271908	203744	181312	212808	348084	147392	76036	52512	313360	357024	253052	223420	98564	82032	226060	119408	124812	93532	178904	161736	203616	261808	346176	174264	171584	244004	228688	311412	48888	35816	159480	95584	66568	19128	166640	99372	54840	53804	238948	210920	15220	13452	218708	163448	465360	496796	308604	361952	40692	52560	252104	209332	409908	425232	211860	142436	304556	353164	142112	95088	27516	2352	17820	55304	164444	203372	237108	137588	81424	30536	
data	data	Precentral_L	Precentral_R	Frontal_Sup_L	Frontal_Sup_R	Frontal_Sup_Orb_L	Frontal_Sup_Orb_R	Frontal_Mid_L	Frontal_Mid_R	Frontal_Mid_Orb_L	Frontal_Mid_Orb_R	Frontal_Inf_Oper_L	Frontal_Inf_Oper_R	Frontal_Inf_Tri_L	Frontal_Inf_Tri_R	Frontal_Inf_Orb_L	Frontal_Inf_Orb_R	Rolandic_Oper_L	Rolandic_Oper_R	Supp_Motor_Area_L	Supp_Motor_Area_R	Olfactory_L	Olfactory_R	Frontal_Sup_Medial_L	Frontal_Sup_Medial_R	Frontal_Med_Orb_L	Frontal_Med_Orb_R	Rectus_L	Rectus_R	Insula_L	Insula_R	Cingulum_Ant_L	Cingulum_Ant_R	Cingulum_Mid_L	Cingulum_Mid_R	Cingulum_Post_L	Cingulum_Post_R	Hippocampus_L	Hippocampus_R	ParaHippocampal_L	ParaHippocampal_R	Amygdala_L	Amygdala_R	Calcarine_L	Calcarine_R	Cuneus_L	Cuneus_R	Lingual_L	Lingual_R	Occipital_Sup_L	Occipital_Sup_R	Occipital_Mid_L	Occipital_Mid_R	Occipital_Inf_L	Occipital_Inf_R	Fusiform_L	Fusiform_R	Postcentral_L	Postcentral_R	Parietal_Sup_L	Parietal_Sup_R	Parietal_Inf_L	Parietal_Inf_R	SupraMarginal_L	SupraMarginal_R	Angular_L	Angular_R	Precuneus_L	Precuneus_R	Paracentral_Lobule_L	Paracentral_Lobule_R	Caudate_L	Caudate_R	Putamen_L	Putamen_R	Pallidum_L	Pallidum_R	Thalamus_L	Thalamus_R	Heschl_L	Heschl_R	Temporal_Sup_L	Temporal_Sup_R	Temporal_Pole_Sup_L	Temporal_Pole_Sup_R	Temporal_Mid_L	Temporal_Mid_R	Temporal_Pole_Mid_L	Temporal_Pole_Mid_R	Temporal_Inf_L	Temporal_Inf_R	Cerebelum_Crus1_L	Cerebelum_Crus1_R	Cerebelum_Crus2_L	Cerebelum_Crus2_R	Cerebelum_3_L	Cerebelum_3_R	Cerebelum_4_5_L	Cerebelum_4_5_R	Cerebelum_6_L	Cerebelum_6_R	Cerebelum_7b_L	Cerebelum_7b_R	Cerebelum_8_L	Cerebelum_8_R	Cerebelum_9_L	Cerebelum_9_R	Cerebelum_10_L	Cerebelum_10_R	Vermis_1_2	Vermis_3	Vermis_4_5	Vermis_6	Vermis_7	Vermis_8	Vermis_9	Vermis_10	
607788	Precentral_L	0	5072	15376	216	0	0	17178	220	0	0	7842	0	1936	0	0	0	9816	0	26076	8464	0	0	0	0	0	0	0	0	16280	0	0	0	530	5360	1974	874	8398	1118	0	400	0	0	0	0	0	0	0	0	0	0	2556	0	0	0	1156	762	34136	5434	816	0	3940	0	2756	0	2116	0	770	0	52826	8794	7432	0	13694	0	7128	0	22198	90	5292	0	4180	0	0	0	216	0	0	0	472	0	0	0	0	0	0	0	0	0	0	0	0	0	0	0	0	0	0	0	0	0	0	0	0	0	0	0	
258904	Precentral_R	5072	0	1968	3426	0	0	638	6310	0	0	446	3658	528	0	72	0	0	3494	4164	12236	0	0	0	0	0	0	0	0	674	1460	0	0	630	836	1812	2466	0	2908	0	1016	0	0	0	294	0	210	0	0	0	296	0	74	0	0	0	820	0	25296	0	170	0	1060	0	1124	0	870	86	2382	6204	11284	348	6508	166	4008	0	1156	0	11578	0	292	0	202	0	0	0	746	0	0	0	464	0	0	0	0	0	0	0	0	0	0	0	0	0	0	0	0	0	0	0	0	0	0	0	0	0	0	
724268	Frontal_Sup_L	15376	1968	0	5506	7230	0	60422	2464	4780	0	17918	1834	22432	0	7096	0	4106	1508	66634	8476	114	0	27474	794	956	0	128	0	26524	1214	9338	2256	10888	1372	0	0	1604	1202	0	780	0	0	0	0	0	0	0	0	0	0	0	0	0	0	122	380	1968	920	0	246	0	346	196	212	0	100	0	0	11226	886	7000	4296	9542	2380	862	384	6340	0	206	0	402	152	1290	0	0	94	0	0	92	98	0	0	0	0	0	0	0	0	0	0	0	0	0	0	0	0	0	0	0	0	0	0	0	0	0	0	
624368	Frontal_Sup_R	216	3426	5506	0	0	6704	1608	42910	0	1306	1274	8886	1376	2160	142	3730	288	2868	9514	42224	0	968	12226	35908	268	6194	0	1730	3476	8222	1664	33206	1920	27024	0	0	0	3516	0	1504	0	0	0	0	0	0	0	0	0	0	0	0	0	0	0	722	0	1454	0	78	0	178	0	308	0	0	0	0	0	0	564	11404	864	19864	0	1808	0	2536	0	134	0	186	0	0	0	0	0	0	0	120	0	0	0	0	0	0	0	0	0	0	0	0	0	0	0	0	0	0	0	0	0	0	0	0	0	0	
139108	Frontal_Sup_Orb_L	0	0	7230	0	0	0	1240	0	11096	0	0	0	1018	0	11898	0	0	0	300	0	3402	902	2058	0	3428	0	5710	796	5630	0	4448	964	0	0	0	0	0	0	132	0	0	0	0	0	0	0	0	0	0	0	0	0	0	0	0	0	0	0	0	0	0	0	0	0	0	0	0	0	0	0	832	292	8178	0	0	0	0	0	0	0	0	0	0	0	0	0	0	0	0	0	0	0	0	0	0	0	0	0	0	0	0	0	0	0	0	0	0	0	0	0	0	0	0	0	0	0	
124248	Frontal_Sup_Orb_R	0	0	0	6704	0	0	0	802	0	2476	0	0	0	306	0	4128	0	0	0	0	0	2564	82	7080	152	13028	0	8044	0	2732	0	6262	0	0	0	0	0	80	0	0	0	0	0	0	0	0	0	0	0	0	0	0	0	0	0	0	0	0	0	0	0	0	0	0	0	0	0	0	0	0	0	1468	0	6132	0	84	0	0	0	0	0	0	0	0	0	0	0	0	0	0	0	0	0	0	0	0	0	0	0	0	0	0	0	0	0	0	0	0	0	0	0	0	0	0	0	0	
510836	Frontal_Mid_L	17178	638	60422	1608	1240	0	0	768	3006	0	18868	1040	37100	0	6412	0	1706	514	17208	1168	160	0	8644	362	0	0	0	0	36764	360	2696	322	11820	218	0	0	2158	0	0	0	0	0	0	0	0	0	0	0	0	0	178	0	0	0	330	0	1274	80	0	0	648	0	0	0	90	0	0	0	790	0	6128	1450	9766	90	396	210	0	0	276	0	282	0	158	0	0	0	0	0	648	0	122	0	0	0	0	0	0	0	122	0	0	0	0	0	0	0	0	0	0	0	0	0	0	0	0	0	
283564	Frontal_Mid_R	220	6310	2464	42910	0	802	768	0	0	892	424	10682	570	6790	76	5472	0	2814	2202	3554	0	256	2002	5902	0	428	0	238	1042	5364	1158	5732	184	5622	0	0	0	2634	0	1398	0	0	0	0	0	0	0	0	0	0	0	0	0	0	0	818	0	2292	0	78	0	180	0	326	0	0	0	0	0	0	406	3270	0	11704	0	1240	0	1672	0	218	0	396	0	0	0	0	0	0	0	272	0	0	0	0	0	0	0	0	0	0	0	0	0	0	0	0	0	0	0	0	0	0	0	0	0	0	
69972	Frontal_Mid_Orb_L	0	0	4780	0	11096	0	3006	0	0	0	0	0	1186	0	9842	0	0	0	240	0	0	0	0	0	314	0	704	0	2310	0	78	0	0	0	0	0	0	0	0	0	0	0	0	0	0	0	0	0	0	0	0	0	0	0	0	0	0	0	0	0	0	0	0	0	0	0	0	0	0	0	0	0	1430	0	0	0	0	0	0	0	0	0	0	0	0	0	0	0	0	0	0	0	0	0	0	0	0	0	0	0	0	0	0	0	0	0	0	0	0	0	0	0	0	0	0	0	
15760	Frontal_Mid_Orb_R	0	0	0	1306	0	2476	0	892	0	0	0	0	0	318	0	2720	0	0	0	0	0	0	0	0	0	0	0	0	0	0	0	0	0	0	0	0	0	0	0	0	0	0	0	0	0	0	0	0	0	0	0	0	0	0	0	0	0	0	0	0	0	0	0	0	0	0	0	0	0	0	0	0	0	168	0	0	0	0	0	0	0	0	0	0	0	0	0	0	0	0	0	0	0	0	0	0	0	0	0	0	0	0	0	0	0	0	0	0	0	0	0	0	0	0	0	0	
247488	Frontal_Inf_Oper_L	7842	446	17918	1274	0	0	18868	424	0	0	0	0	24880	0	1684	0	5958	0	7812	1470	0	0	0	0	0	0	0	0	21174	0	0	0	1104	76	0	0	1788	0	0	0	0	0	0	0	0	0	0	0	0	0	128	0	0	0	164	0	3178	0	0	0	0	0	0	0	0	0	0	0	0	0	862	122	1646	0	0	0	0	0	474	0	1310	0	2306	0	0	0	0	0	668	0	84	0	0	0	0	0	0	0	84	0	0	0	0	0	0	0	0	0	0	0	0	0	0	0	0	0	
151520	Frontal_Inf_Oper_R	0	3658	1834	8886	0	0	1040	10682	0	0	0	0	0	5492	0	0	0	9626	1834	2368	0	0	0	530	0	0	0	0	2344	10144	774	1780	0	324	0	0	0	838	0	510	0	0	0	0	0	0	0	0	0	0	0	0	0	0	0	228	0	2654	0	0	0	0	0	226	0	0	0	0	0	0	714	2788	0	4198	0	516	0	324	0	506	0	828	0	114	0	0	0	0	0	0	0	0	0	0	0	0	0	0	0	0	0	0	0	0	0	0	0	0	0	0	0	0	0	0	0	0	
288540	Frontal_Inf_Tri_L	1936	528	22432	1376	1018	0	37100	570	1186	0	24880	0	0	0	9984	0	402	94	8102	1448	0	0	472	0	0	0	0	0	24766	0	432	80	2232	72	0	0	132	0	0	0	0	0	0	0	0	0	0	0	0	0	0	0	0	0	0	0	208	108	0	0	0	0	0	90	0	0	0	0	0	0	1438	358	2586	0	0	0	0	0	0	0	0	0	240	0	0	0	0	0	0	0	0	0	0	0	0	0	0	0	0	0	0	0	0	0	0	0	0	0	0	0	0	0	0	0	0	0	
57868	Frontal_Inf_Tri_R	0	0	0	2160	0	306	0	6790	0	318	0	5492	0	0	0	2656	0	182	156	422	0	0	0	902	0	278	0	92	260	5282	470	1992	0	278	0	0	0	0	0	0	0	0	0	0	0	0	0	0	0	0	0	0	0	0	0	0	0	0	0	0	0	0	0	0	0	0	0	0	0	0	0	316	0	582	0	0	0	0	0	0	0	0	0	0	0	0	0	0	0	0	0	0	0	0	0	0	0	0	0	0	0	0	0	0	0	0	0	0	0	0	0	0	0	0	0	0	
145472	Frontal_Inf_Orb_L	0	72	7096	142	11898	0	6412	76	9842	0	1684	0	9984	0	0	0	0	0	888	100	2772	0	166	0	112	0	2310	0	12070	0	146	0	538	0	0	0	548	0	186	0	306	0	0	0	0	0	0	0	0	0	0	0	0	0	0	0	0	0	0	0	0	0	0	0	0	0	0	0	0	0	442	92	4116	0	0	0	0	0	0	0	0	0	738	0	0	0	0	0	0	0	0	0	0	0	0	0	0	0	0	0	0	0	0	0	0	0	0	0	0	0	0	0	0	0	0	0	
62540	Frontal_Inf_Orb_R	0	0	0	3730	0	4128	0	5472	0	2720	0	0	0	2656	0	0	0	0	76	92	0	1270	0	594	0	622	0	718	0	5446	0	1260	0	92	0	0	0	74	0	0	0	110	0	0	0	0	0	0	0	0	0	0	0	0	0	0	0	0	0	0	0	0	0	0	0	0	0	0	0	0	0	98	0	1388	0	0	0	0	0	0	0	294	0	430	0	0	0	0	0	0	0	0	0	0	0	0	0	0	0	0	0	0	0	0	0	0	0	0	0	0	0	0	0	0	0	0	
142984	Rolandic_Oper_L	9816	0	4106	288	0	0	1706	0	0	0	5958	0	402	0	0	0	0	0	5594	202	0	0	0	0	0	0	0	0	12768	0	0	0	166	0	0	0	1572	0	0	0	0	0	80	0	0	0	82	0	308	0	1044	0	0	0	790	0	9508	0	0	0	140	0	2688	0	142	0	90	0	0	0	436	0	862	0	478	0	0	0	2802	0	7454	0	790	0	458	0	0	0	762	0	0	0	0	0	0	0	0	0	0	0	0	0	0	0	0	0	0	0	0	0	0	0	0	0	0	0	
102312	Rolandic_Oper_R	0	3494	1508	2868	0	0	514	2814	0	0	0	9626	94	182	0	0	0	0	1412	1110	0	0	0	0	0	0	0	0	866	7612	204	188	0	0	0	0	0	1120	0	230	0	0	0	0	0	0	0	0	0	0	0	0	0	0	0	106	0	3994	0	0	0	0	0	1568	0	0	0	0	0	0	390	984	0	3420	0	696	0	0	0	2050	0	3480	0	626	0	0	0	0	0	0	0	0	0	0	0	0	0	0	0	0	0	0	0	0	0	0	0	0	0	0	0	0	0	0	0	0	
668124	Supp_Motor_Area_L	26076	4164	66634	9514	300	0	17208	2202	240	0	7812	1834	8102	156	888	76	5594	1412	0	39586	0	0	5206	1902	0	0	0	0	14082	1628	1706	6918	6332	21258	418	172	1692	1232	0	782	0	0	0	0	0	0	0	0	0	0	0	0	0	0	0	436	2908	1612	0	228	0	282	0	72	0	0	74	0	22990	5016	10524	3296	12976	2700	946	242	11694	78	220	0	1380	154	1008	0	0	0	0	0	0	100	0	0	0	0	0	0	0	0	0	0	0	0	0	0	0	0	0	0	0	0	0	0	0	0	0	0	
523356	Supp_Motor_Area_R	8464	12236	8476	42224	0	0	1168	3554	0	0	1470	2368	1448	422	100	92	202	1110	39586	0	0	0	3542	6174	0	0	0	0	3166	2530	1406	17524	8048	44028	548	858	0	1610	0	560	0	0	0	0	0	0	0	0	0	0	0	0	0	0	0	276	178	2012	0	0	0	0	0	0	0	0	422	186	9446	18246	520	11242	362	3488	0	878	0	1508	0	0	0	0	0	0	0	0	0	0	0	0	0	0	0	0	0	0	0	0	0	0	0	0	0	0	0	0	0	0	0	0	0	0	0	0	0	0	
86096	Olfactory_L	0	0	114	0	3402	0	160	0	0	0	0	0	0	0	2772	0	0	0	0	0	0	5182	0	0	598	220	7206	3230	3842	0	2292	2630	0	0	0	0	1824	0	1436	0	1128	0	0	0	0	0	0	0	0	0	0	0	0	0	120	0	0	0	0	0	0	0	0	0	0	0	0	0	0	0	4324	952	1074	0	0	0	0	0	0	0	0	0	542	0	0	0	0	0	0	0	0	0	0	0	0	0	0	0	0	0	0	0	0	0	0	0	0	0	0	0	0	0	0	0	0	0	
94424	Olfactory_R	0	0	0	968	902	2564	0	256	0	0	0	0	0	0	0	1270	0	0	0	0	5182	0	0	598	502	2046	5908	7870	0	2198	2694	4768	0	0	0	0	0	0	0	0	0	394	0	0	0	0	0	0	0	0	0	0	0	0	0	0	0	0	0	0	0	0	0	0	0	0	0	0	0	0	4922	3414	264	244	0	108	0	0	0	0	0	0	0	140	0	0	0	0	0	0	0	0	0	0	0	0	0	0	0	0	0	0	0	0	0	0	0	0	0	0	0	0	0	0	0	0	
244804	Frontal_Sup_Medial_L	0	0	27474	12226	2058	82	8644	2002	0	0	0	0	472	0	166	0	0	0	5206	3542	0	0	0	16678	1986	942	88	0	688	0	10290	13106	4024	12380	0	0	0	0	0	0	0	0	0	0	0	0	0	0	0	0	0	0	0	0	0	0	0	0	0	0	0	0	0	0	0	0	0	0	0	0	0	0	162	186	0	0	0	0	0	0	0	0	0	0	0	0	0	0	0	0	0	0	0	0	0	0	0	0	0	0	0	0	0	0	0	0	0	0	0	0	0	0	0	0	0	0	
294776	Frontal_Sup_Medial_R	0	0	794	35908	0	7080	362	5902	0	0	0	530	0	902	0	594	0	0	1902	6174	0	598	16678	0	958	10578	0	1784	0	3546	742	25550	84	15666	0	0	0	288	0	0	0	0	0	0	0	0	0	0	0	0	0	0	0	0	0	0	0	0	0	0	0	0	0	0	0	0	0	0	0	0	0	1640	0	9024	0	104	0	0	0	0	0	0	0	0	0	0	0	0	0	0	0	0	0	0	0	0	0	0	0	0	0	0	0	0	0	0	0	0	0	0	0	0	0	0	0	0	
34440	Frontal_Med_Orb_L	0	0	956	268	3428	152	0	0	314	0	0	0	0	0	112	0	0	0	0	0	598	502	1986	958	0	1200	1362	564	0	0	3448	706	0	0	0	0	0	0	0	0	0	0	0	0	0	0	0	0	0	0	0	0	0	0	0	0	0	0	0	0	0	0	0	0	0	0	0	0	0	0	202	192	272	0	0	0	0	0	0	0	0	0	0	0	0	0	0	0	0	0	0	0	0	0	0	0	0	0	0	0	0	0	0	0	0	0	0	0	0	0	0	0	0	0	0	0	
134896	Frontal_Med_Orb_R	0	0	0	6194	0	13028	0	428	0	0	0	0	0	278	0	622	0	0	0	0	220	2046	942	10578	1200	0	268	9042	0	1076	82	9258	0	0	0	0	0	0	0	0	0	0	0	0	0	0	0	0	0	0	0	0	0	0	0	0	0	0	0	0	0	0	0	0	0	0	0	0	0	0	168	3434	0	8500	0	84	0	0	0	0	0	0	0	0	0	0	0	0	0	0	0	0	0	0	0	0	0	0	0	0	0	0	0	0	0	0	0	0	0	0	0	0	0	0	0	0	
86564	Rectus_L	0	0	128	0	5710	0	0	0	704	0	0	0	0	0	2310	0	0	0	0	0	7206	5908	88	0	1362	268	0	3730	810	0	4168	3458	0	0	0	0	0	0	0	0	0	0	0	0	0	0	0	0	0	0	0	0	0	0	0	0	0	0	0	0	0	0	0	0	0	0	0	0	0	0	4844	1596	992	0	0	0	0	0	0	0	0	0	0	0	0	0	0	0	0	0	0	0	0	0	0	0	0	0	0	0	0	0	0	0	0	0	0	0	0	0	0	0	0	0	0	0	
109192	Rectus_R	0	0	0	1730	796	8044	0	238	0	0	0	0	0	92	0	718	0	0	0	0	3230	7870	0	1784	564	9042	3730	0	0	918	2254	6338	0	0	0	0	0	0	0	0	0	0	0	0	0	0	0	0	0	0	0	0	0	0	0	0	0	0	0	0	0	0	0	0	0	0	0	0	0	0	2096	3780	88	1284	0	0	0	0	0	0	0	0	0	0	0	0	0	0	0	0	0	0	0	0	0	0	0	0	0	0	0	0	0	0	0	0	0	0	0	0	0	0	0	0	0	0	
564748	Insula_L	16280	674	26524	3476	5630	0	36764	1042	2310	0	21174	2344	24766	260	12070	0	12768	866	14082	3166	3842	0	688	0	0	0	810	0	0	936	784	166	5120	150	92	190	15822	312	1624	0	2490	0	0	0	0	0	0	0	0	0	348	0	0	0	4750	0	8618	120	0	0	90	0	744	88	224	0	0	0	106	0	5334	2642	15672	276	482	338	656	0	7724	0	7606	0	3726	0	184	0	0	0	4098	0	658	0	0	0	0	0	0	0	668	0	0	0	0	0	0	0	0	0	0	0	0	0	0	0	0	0	
218044	Insula_R	0	1460	1214	8222	0	2732	360	5364	0	0	0	10144	0	5282	0	5446	0	7612	1628	2530	0	2198	0	3546	0	1076	0	918	936	0	306	6868	0	646	0	0	0	5504	0	2580	0	1460	0	0	0	0	0	0	0	0	0	0	0	0	0	1312	0	2054	0	0	0	0	0	126	0	100	0	178	0	0	158	2764	0	16108	0	264	0	778	0	1176	0	2974	0	2250	0	328	0	0	0	254	0	0	0	0	0	0	0	0	0	166	0	0	0	0	0	0	0	0	0	0	0	0	0	0	0	0	
138680	Cingulum_Ant_L	0	0	9338	1664	4448	0	2696	1158	78	0	0	774	432	470	146	0	0	204	1706	1406	2292	2694	10290	742	3448	82	4168	2254	784	306	0	9880	2398	1610	0	0	0	88	0	0	0	0	0	0	0	0	0	0	0	0	0	0	0	0	0	0	0	0	0	0	0	0	0	0	0	0	0	0	0	0	1060	1740	362	442	0	180	0	0	0	0	0	0	0	0	0	0	0	0	0	0	0	0	0	0	0	0	0	0	0	0	0	0	0	0	0	0	0	0	0	0	0	0	0	0	0	0	
432396	Cingulum_Ant_R	0	0	2256	33206	964	6262	322	5732	0	0	0	1780	80	1992	0	1260	0	188	6918	17524	2630	4768	13106	25550	706	9258	3458	6338	166	6868	9880	0	2348	19862	0	0	0	808	0	82	0	0	0	0	0	0	0	0	0	0	0	0	0	0	0	0	0	0	0	0	0	0	0	0	0	0	0	0	0	0	1318	13844	0	15474	0	1250	0	0	0	0	0	0	0	0	0	0	0	0	0	0	0	0	0	0	0	0	0	0	0	0	0	0	0	0	0	0	0	0	0	0	0	0	0	0	0	0	
174012	Cingulum_Mid_L	530	630	10888	1920	0	0	11820	184	0	0	1104	0	2232	0	538	0	166	0	6332	8048	0	0	4024	84	0	0	0	0	5120	0	2398	2348	0	9202	4300	500	0	0	0	0	0	0	232	0	224	0	0	0	200	0	910	0	0	0	0	0	184	418	0	0	1134	0	396	0	990	0	4838	0	882	1992	490	0	1748	0	0	0	0	0	0	0	0	0	0	0	0	0	0	0	0	0	0	0	0	0	0	0	0	0	0	0	0	0	0	0	0	0	0	0	0	0	0	0	0	0	0	0	
405896	Cingulum_Mid_R	5360	836	1372	27024	0	0	218	5622	0	0	76	324	72	278	0	92	0	0	21258	44028	0	0	12380	15666	0	0	0	0	150	646	1610	19862	9202	0	530	5136	0	90	0	0	0	0	0	584	0	834	0	0	0	828	0	386	0	158	0	216	0	4180	0	0	0	0	0	0	0	98	1214	2486	6506	11068	0	1158	0	570	0	188	0	162	0	0	0	0	0	0	0	210	0	0	0	270	0	0	0	0	0	0	0	0	0	0	0	0	0	0	0	0	0	0	0	0	0	0	0	0	0	0	
83204	Cingulum_Post_L	1974	1812	0	0	0	0	0	0	0	0	0	0	0	0	0	0	0	0	418	548	0	0	0	0	0	0	0	0	92	0	0	0	4300	530	0	8594	2506	1030	100	734	0	0	1140	0	304	0	600	0	118	0	124	0	0	0	178	2240	2088	1982	82	0	138	0	0	0	0	0	3044	896	4938	708	0	0	0	0	0	0	0	0	72	0	0	0	0	0	0	74	0	0	0	238	0	0	0	0	0	0	0	0	0	0	0	0	0	0	0	0	0	0	0	0	0	0	0	0	0	0	
143452	Cingulum_Post_R	874	2466	0	0	0	0	0	0	0	0	0	0	0	0	0	0	0	0	172	858	0	0	0	0	0	0	0	0	190	0	0	0	500	5136	8594	0	2826	3670	822	738	0	0	0	3292	0	706	0	1468	0	688	0	258	0	314	0	5340	0	3966	0	72	0	382	0	0	0	1250	1300	14678	668	1070	0	72	200	0	0	0	1412	0	88	0	0	194	0	0	0	4638	0	0	0	2428	0	0	0	0	0	0	0	0	0	0	0	0	0	0	0	0	0	0	0	0	396	0	0	0	0	0	
192476	Hippocampus_L	8398	0	1604	0	0	0	2158	0	0	0	1788	0	132	0	548	0	1572	0	1692	0	1824	0	0	0	0	0	0	0	15822	0	0	0	0	0	2506	2826	0	2028	7416	0	3998	0	1266	0	0	0	1036	120	0	0	130	0	0	0	7752	0	1754	0	0	0	0	0	0	0	90	0	1868	768	1744	0	0	0	5712	0	252	0	3878	0	2028	0	1758	0	1770	0	146	0	0	0	7640	0	798	0	0	0	106	0	74	0	860	0	0	0	0	0	0	0	0	0	80	296	0	0	0	0	0	0	
259748	Hippocampus_R	1118	2908	1202	3516	0	80	0	2634	0	0	0	838	0	0	0	74	0	1120	1232	1610	0	0	0	288	0	0	0	0	312	5504	88	808	0	90	1030	3670	2028	0	796	28794	0	7304	0	0	0	0	0	1066	0	0	0	0	0	0	0	23048	0	630	0	0	0	0	0	254	0	0	0	1804	520	620	0	556	282	14704	0	402	2002	5020	106	278	0	606	0	1648	0	758	0	176	0	6630	0	0	0	0	0	0	0	640	0	814	0	0	0	0	0	0	0	0	0	0	266	0	0	0	0	0	
41712	ParaHippocampal_L	0	0	0	0	132	0	0	0	0	0	0	0	0	0	186	0	0	0	0	0	1436	0	0	0	0	0	0	0	1624	0	0	0	0	0	100	822	7416	796	0	0	684	0	246	0	0	0	1262	150	0	0	0	0	0	0	2586	0	0	0	0	0	0	0	0	0	0	0	428	458	0	0	0	0	280	0	0	0	982	0	0	0	0	0	342	0	0	0	0	0	156	0	0	0	0	0	186	0	146	0	0	0	0	0	0	0	0	0	0	0	100	338	0	0	0	0	0	0	
187596	ParaHippocampal_R	400	1016	780	1504	0	0	0	1398	0	0	0	510	0	0	0	0	0	230	782	560	0	0	0	0	0	0	0	0	0	2580	0	82	0	0	734	738	0	28794	0	0	0	4636	0	520	0	0	0	2012	0	0	0	0	0	0	0	22764	0	208	0	0	0	0	0	76	0	0	0	1066	404	0	0	72	0	7388	0	186	0	2370	0	120	0	312	0	3452	0	308	0	1486	0	3724	0	160	0	0	0	0	0	1280	0	980	0	0	0	88	0	0	0	0	0	0	78	0	0	0	0	0	
21212	Amygdala_L	0	0	0	0	0	0	0	0	0	0	0	0	0	0	306	0	0	0	0	0	1128	0	0	0	0	0	0	0	2490	0	0	0	0	0	0	0	3998	0	684	0	0	0	0	0	0	0	0	0	0	0	0	0	0	0	792	0	0	0	0	0	0	0	0	0	0	0	0	0	0	0	0	0	0	0	0	0	0	0	0	0	0	0	702	0	0	0	0	0	506	0	0	0	0	0	0	0	0	0	0	0	0	0	0	0	0	0	0	0	0	0	0	0	0	0	0	0	
45968	Amygdala_R	0	0	0	0	0	0	0	0	0	0	0	0	0	0	0	110	0	0	0	0	0	394	0	0	0	0	0	0	0	1460	0	0	0	0	0	0	0	7304	0	4636	0	0	0	0	0	0	0	0	0	0	0	0	0	0	0	4866	0	0	0	0	0	0	0	0	0	0	0	0	0	0	0	0	0	226	0	0	0	0	0	0	0	0	0	3516	0	0	0	472	0	0	0	0	0	0	0	0	0	0	0	0	0	0	0	0	0	0	0	0	0	0	0	0	0	0	0	0	
167232	Calcarine_L	0	0	0	0	0	0	0	0	0	0	0	0	0	0	0	0	80	0	0	0	0	0	0	0	0	0	0	0	0	0	0	0	232	0	1140	0	1266	0	246	0	0	0	0	1018	13254	920	12472	174	10342	354	19910	0	1272	0	1002	0	0	0	236	0	0	0	0	0	272	0	12876	110	536	0	0	0	0	0	0	0	0	0	0	0	128	0	0	0	5654	0	0	0	122	0	0	0	0	0	0	0	0	0	0	0	0	0	0	0	0	0	0	0	0	0	0	0	0	0	0	0	
208516	Calcarine_R	0	294	0	0	0	0	0	0	0	0	0	0	0	0	0	0	0	0	0	0	0	0	0	0	0	0	0	0	0	0	0	0	0	584	0	3292	0	0	0	520	0	0	1018	0	1264	17034	424	13188	0	17332	0	9380	0	4300	0	7988	0	364	0	520	0	0	0	0	0	292	180	15530	0	84	0	0	0	0	0	0	0	0	0	0	0	0	0	0	0	6812	0	0	0	3696	0	82	0	0	0	0	0	0	0	80	0	0	0	0	0	0	0	0	0	0	0	0	0	0	0	0	
128104	Cuneus_L	0	0	0	0	0	0	0	0	0	0	0	0	0	0	0	0	0	0	0	0	0	0	0	0	0	0	0	0	0	0	0	0	224	0	304	0	0	0	0	0	0	0	13254	1264	0	3158	1528	0	18844	1472	11274	0	88	0	0	0	0	0	1274	0	0	0	0	0	258	0	7554	740	384	0	0	0	0	0	0	0	0	0	0	0	0	0	0	0	2326	0	0	0	106	0	0	0	0	0	0	0	0	0	0	0	0	0	0	0	0	0	0	0	0	0	0	0	0	0	0	0	
177496	Cuneus_R	0	210	0	0	0	0	0	0	0	0	0	0	0	0	0	0	0	0	0	0	0	0	0	0	0	0	0	0	0	0	0	0	0	834	0	706	0	0	0	0	0	0	920	17034	3158	0	74	3706	0	27794	0	6218	0	1378	0	538	0	624	0	2346	0	752	0	120	0	2440	1912	13162	0	186	0	0	0	0	0	0	0	0	0	0	0	114	0	0	0	3012	0	0	0	1510	0	0	0	0	0	0	0	0	0	0	0	0	0	0	0	0	0	0	0	0	0	0	0	0	0	0	
271908	Lingual_L	0	0	0	0	0	0	0	0	0	0	0	0	0	0	0	0	82	0	0	0	0	0	0	0	0	0	0	0	0	0	0	0	0	0	600	0	1036	0	1262	0	0	0	12472	424	1528	74	0	608	1992	0	14760	0	7392	0	17702	0	88	0	0	0	0	0	0	0	0	0	7848	0	92	0	0	0	0	0	0	0	0	0	0	0	106	0	0	0	1260	0	0	0	436	0	17726	172	4144	954	146	0	13184	0	22628	146	100	262	378	136	132	0	0	0	96	230	1596	2314	1664	184	0	0	
203744	Lingual_R	0	0	0	0	0	0	0	0	0	0	0	0	0	0	0	0	0	0	0	0	0	0	0	0	0	0	0	0	0	0	0	0	0	0	0	1468	120	1066	150	2012	0	0	174	13188	0	3706	608	0	0	5240	0	3764	0	1706	0	12212	0	0	0	0	0	0	0	0	0	0	0	6408	0	0	0	0	0	0	0	0	0	108	0	0	0	0	0	0	0	718	0	0	0	358	810	12446	314	2398	76	212	308	5174	1240	12972	0	0	0	128	116	0	0	0	0	82	3684	5704	3202	0	0	0	
181312	Occipital_Sup_L	0	0	0	0	0	0	0	0	0	0	0	0	0	0	0	0	308	0	0	0	0	0	0	0	0	0	0	0	0	0	0	0	200	0	118	0	0	0	0	0	0	0	10342	0	18844	0	1992	0	0	0	32764	0	202	0	290	0	0	0	7260	0	750	0	86	0	1988	0	9230	0	560	0	0	0	0	0	0	0	0	0	0	0	234	0	0	0	4440	0	0	0	1048	0	0	0	0	0	0	0	0	0	0	0	0	0	0	0	0	0	0	0	0	0	0	0	0	0	0	0	
212808	Occipital_Sup_R	0	296	0	0	0	0	0	0	0	0	0	0	0	0	0	0	0	0	0	0	0	0	0	0	0	0	0	0	0	0	0	0	0	828	0	688	0	0	0	0	0	0	354	17332	1472	27794	0	5240	0	0	0	13538	0	1592	0	494	0	788	0	6130	0	2038	0	266	0	8776	276	11552	0	206	0	0	0	0	0	0	0	0	0	0	0	234	0	0	0	4862	0	0	0	1648	0	0	0	0	0	0	0	0	0	0	0	0	0	0	0	0	0	0	0	0	0	0	0	0	0	0	
348084	Occipital_Mid_L	2556	0	0	0	0	0	178	0	0	0	128	0	0	0	0	0	1044	0	0	0	0	0	0	0	0	0	0	0	348	0	0	0	910	0	124	0	130	0	0	0	0	0	19910	0	11274	0	14760	0	32764	0	0	0	13622	0	6570	0	2498	0	7870	0	8996	0	1382	0	16690	0	11004	0	1138	0	114	0	156	0	134	0	0	0	92	0	1304	0	0	0	14842	0	0	0	3504	0	0	0	0	0	0	0	0	0	0	0	0	0	0	0	0	0	0	0	0	0	0	0	0	0	0	0	
147392	Occipital_Mid_R	0	74	0	0	0	0	0	0	0	0	0	0	0	0	0	0	0	0	0	0	0	0	0	0	0	0	0	0	0	0	0	0	0	386	0	258	0	0	0	0	0	0	0	9380	0	6218	0	3764	0	13538	0	0	0	4588	0	1840	0	224	0	2788	0	3004	0	0	0	10474	0	2590	0	134	0	0	0	0	0	0	0	0	0	0	0	90	0	0	0	12214	0	0	0	2132	0	0	0	0	0	0	0	0	0	0	0	0	0	0	0	0	0	0	0	0	0	0	0	0	0	0	
76036	Occipital_Inf_L	0	0	0	0	0	0	0	0	0	0	0	0	0	0	0	0	0	0	0	0	0	0	0	0	0	0	0	0	0	0	0	0	0	0	0	0	0	0	0	0	0	0	1272	0	88	0	7392	0	202	0	13622	0	0	0	7968	0	0	0	0	0	0	0	0	0	0	0	126	0	0	0	0	0	0	0	0	0	0	0	0	0	242	0	0	0	1498	0	0	0	4140	0	476	0	228	0	0	0	0	0	764	0	0	0	0	0	0	0	0	0	0	0	0	0	0	0	0	0	
52512	Occipital_Inf_R	0	0	0	0	0	0	0	0	0	0	0	0	0	0	0	0	0	0	0	0	0	0	0	0	0	0	0	0	0	0	0	0	0	158	0	314	0	0	0	0	0	0	0	4300	0	1378	0	1706	0	1592	0	4588	0	0	0	2896	0	178	0	0	0	0	0	0	0	0	0	1386	0	0	0	0	0	0	0	0	0	0	0	0	0	0	0	0	0	2410	0	0	0	5216	0	0	0	0	0	0	0	0	0	134	0	0	0	0	0	0	0	0	0	0	0	0	0	0	0	0	
313360	Fusiform_L	1156	0	122	0	0	0	330	0	0	0	164	0	0	0	0	0	790	0	0	0	120	0	0	0	0	0	0	0	4750	0	0	0	0	0	178	0	7752	0	2586	0	792	0	1002	0	0	0	17702	0	290	0	6570	0	7968	0	0	0	580	0	0	0	160	0	100	0	190	0	718	0	94	0	0	0	572	0	0	0	0	0	3194	0	4792	0	1312	0	3166	0	932	0	18410	0	26382	0	950	0	0	0	10202	0	31124	0	86	0	272	0	0	0	0	0	0	0	840	236	96	0	0	0	
357024	Fusiform_R	762	820	380	722	0	0	0	818	0	0	0	228	0	0	0	0	0	106	436	276	0	0	0	0	0	0	0	0	0	1312	0	0	0	216	2240	5340	0	23048	0	22764	0	4866	0	7988	0	538	0	12212	0	494	0	1840	0	2896	0	0	0	760	0	0	0	492	0	774	0	326	0	6774	794	150	0	0	0	3040	0	0	0	718	0	214	0	974	0	3950	0	3318	0	612	0	14924	0	20680	0	522	0	164	0	4298	94	21854	0	142	0	1166	0	0	0	0	0	0	646	706	118	0	0	0	
253052	Postcentral_L	34136	0	1968	0	0	0	1274	0	0	0	3178	0	208	0	0	0	9508	0	2908	178	0	0	0	0	0	0	0	0	8618	0	0	0	184	0	2088	0	1754	0	0	0	0	0	0	0	0	0	88	0	0	0	2498	0	0	0	580	0	0	0	6376	0	18590	0	6708	0	2004	0	3722	0	3158	0	1586	0	3372	0	2210	0	98	0	3138	0	4180	0	0	0	1420	0	0	0	796	0	0	0	0	0	0	0	0	0	0	0	0	0	0	0	0	0	0	0	0	0	0	0	0	0	0	0	
223420	Postcentral_R	5434	25296	920	1454	0	0	80	2292	0	0	0	2654	108	0	0	0	0	3994	1612	2012	0	0	0	0	0	0	0	0	120	2054	0	0	418	4180	1982	3966	0	630	0	208	0	0	0	364	0	624	0	0	0	788	0	224	0	178	0	760	0	0	0	4406	0	5352	0	7038	0	1818	0	4378	6800	9438	0	1234	0	1286	0	0	0	642	0	242	0	1024	0	0	0	3420	0	0	0	2280	0	0	0	0	0	0	0	0	0	0	0	0	0	0	0	0	0	0	0	0	0	0	0	0	0	0	
98564	Parietal_Sup_L	816	0	0	0	0	0	0	0	0	0	0	0	0	0	0	0	0	0	0	0	0	0	0	0	0	0	0	0	0	0	0	0	0	0	82	0	0	0	0	0	0	0	236	0	1274	0	0	0	7260	0	7870	0	0	0	0	0	6376	0	0	0	8518	0	0	0	3166	0	12358	0	1222	0	0	0	0	0	0	0	0	0	0	0	0	0	0	0	104	0	0	0	0	0	0	0	0	0	0	0	0	0	0	0	0	0	0	0	0	0	0	0	0	0	0	0	0	0	0	0	
82032	Parietal_Sup_R	0	170	246	78	0	0	0	78	0	0	0	0	0	0	0	0	0	0	228	0	0	0	0	0	0	0	0	0	0	0	0	0	0	0	0	72	0	0	0	0	0	0	0	520	0	2346	0	0	0	6130	0	2788	0	0	0	0	0	4406	0	0	0	5532	0	2158	0	6360	764	7232	0	1494	0	260	0	0	0	0	0	0	0	0	0	0	0	0	0	154	0	0	0	0	0	0	0	0	0	0	0	0	0	0	0	0	0	0	0	0	0	0	0	0	0	0	0	0	0	0	
226060	Parietal_Inf_L	3940	0	0	0	0	0	648	0	0	0	0	0	0	0	0	0	140	0	0	0	0	0	0	0	0	0	0	0	90	0	0	0	1134	0	138	0	0	0	0	0	0	0	0	0	0	0	0	0	750	0	8996	0	0	0	160	0	18590	0	8518	0	0	0	16752	0	27704	0	4782	0	2154	0	98	0	0	0	186	0	0	0	0	0	3098	0	0	0	9870	0	0	0	5282	0	0	0	0	0	0	0	0	0	0	0	0	0	0	0	0	0	0	0	0	0	0	0	0	0	0	0	
119408	Parietal_Inf_R	0	1060	346	178	0	0	0	180	0	0	0	0	0	0	0	0	0	0	282	0	0	0	0	0	0	0	0	0	0	0	0	0	0	0	0	382	0	0	0	0	0	0	0	0	0	752	0	0	0	2038	0	3004	0	0	0	492	0	5352	0	5532	0	0	0	13662	0	16862	0	2948	0	406	0	410	0	0	0	0	0	0	0	0	0	1674	0	0	0	3250	0	0	0	894	0	0	0	0	0	0	0	0	0	0	0	0	0	0	0	0	0	0	0	0	0	0	0	0	0	0	
124812	SupraMarginal_L	2756	0	196	0	0	0	0	0	0	0	0	0	0	0	0	0	2688	0	0	0	0	0	0	0	0	0	0	0	744	0	0	0	396	0	0	0	0	0	0	0	0	0	0	0	0	0	0	0	86	0	1382	0	0	0	100	0	6708	0	0	0	16752	0	0	0	9768	0	364	0	0	0	96	0	332	0	352	0	0	0	176	0	5248	0	0	0	10174	0	0	0	4088	0	0	0	0	0	0	0	0	0	0	0	0	0	0	0	0	0	0	0	0	0	0	0	0	0	0	0	
93532	SupraMarginal_R	0	1124	212	308	0	0	0	326	0	0	0	226	90	0	0	0	0	1568	72	0	0	0	0	0	0	0	0	0	88	126	0	0	0	0	0	0	0	254	0	76	0	0	0	0	0	120	0	0	0	266	0	0	0	0	0	774	0	7038	0	2158	0	13662	0	0	0	7422	0	832	0	300	0	386	0	0	0	0	0	0	0	0	0	6782	0	0	0	1380	0	0	0	1176	0	0	0	0	0	0	0	0	0	0	0	0	0	0	0	0	0	0	0	0	0	0	0	0	0	0	
178904	Angular_L	2116	0	0	0	0	0	90	0	0	0	0	0	0	0	0	0	142	0	0	0	0	0	0	0	0	0	0	0	224	0	0	0	990	0	0	0	90	0	0	0	0	0	272	0	258	0	0	0	1988	0	16690	0	0	0	190	0	2004	0	3166	0	27704	0	9768	0	0	0	2992	0	454	0	78	0	110	0	92	0	0	0	106	0	2934	0	0	0	11900	0	0	0	5094	0	0	0	0	0	0	0	0	0	0	0	0	0	0	0	0	0	0	0	0	0	0	0	0	0	0	0	
161736	Angular_R	0	870	100	0	0	0	0	0	0	0	0	0	0	0	0	0	0	0	0	0	0	0	0	0	0	0	0	0	0	100	0	0	0	98	0	1250	0	0	0	0	0	0	0	292	0	2440	0	0	0	8776	0	10474	0	0	0	326	0	1818	0	6360	0	16862	0	7422	0	0	0	6190	0	372	0	154	0	0	0	0	0	0	0	0	0	5342	0	0	0	10370	0	0	0	1252	0	0	0	0	0	0	0	0	0	0	0	0	0	0	0	0	0	0	0	0	0	0	0	0	0	0	
203616	Precuneus_L	770	86	0	0	0	0	0	0	0	0	0	0	0	0	0	0	90	0	74	422	0	0	0	0	0	0	0	0	0	0	0	0	4838	1214	3044	1300	1868	0	428	0	0	0	12876	180	7554	1912	7848	0	9230	276	11004	0	126	0	718	0	3722	0	12358	764	4782	0	364	0	2992	0	0	5458	1906	262	0	0	0	0	0	0	0	0	0	0	86	0	0	0	3172	0	0	0	84	0	0	0	0	0	0	0	0	0	0	0	0	0	0	0	0	0	0	0	0	0	0	0	0	0	0	0	
261808	Precuneus_R	0	2382	0	0	0	0	0	0	0	0	0	0	0	0	0	0	0	0	0	186	0	0	0	0	0	0	0	0	0	178	0	0	0	2486	896	14678	768	1804	458	1066	0	0	110	15530	740	13162	0	6408	0	11552	0	2590	0	1386	0	6774	0	4378	0	7232	0	2948	0	832	0	6190	5458	0	0	4394	0	204	0	0	0	0	332	144	0	0	0	430	0	0	0	10202	0	0	0	4346	0	0	0	0	0	0	0	0	0	0	0	0	0	0	0	0	0	0	0	0	660	0	0	0	0	0	
346176	Paracentral_Lobule_L	52826	6204	11226	0	0	0	790	0	0	0	0	0	0	0	0	0	0	0	22990	9446	0	0	0	0	0	0	0	0	106	0	0	0	882	6506	4938	668	1744	520	0	404	0	0	536	0	384	0	92	0	560	0	1138	0	0	0	94	794	3158	6800	1222	0	2154	0	0	0	454	0	1906	0	0	9138	4000	78	356	0	1026	0	19530	98	0	0	0	0	0	0	320	0	0	0	0	0	0	0	0	0	0	0	0	0	0	0	0	0	0	0	0	0	0	0	0	0	0	0	0	0	0	0	
174264	Paracentral_Lobule_R	8794	11284	886	0	0	0	0	0	0	0	0	0	0	0	0	0	0	0	5016	18246	0	0	0	0	0	0	0	0	0	0	0	0	1992	11068	708	1070	0	620	0	0	0	0	0	84	0	186	0	0	0	206	0	134	0	0	0	150	0	9438	0	1494	0	406	0	300	0	372	262	4394	9138	0	0	122	0	0	0	0	0	218	0	0	0	0	0	0	0	378	0	0	0	166	0	0	0	0	0	0	0	0	0	0	0	0	0	0	0	0	0	0	0	0	0	0	0	0	0	0	
171584	Caudate_L	7432	348	7000	564	832	0	6128	406	0	0	862	714	1438	0	442	0	436	390	10524	520	4324	4922	0	0	202	168	4844	2096	5334	158	1060	1318	490	0	0	0	0	0	0	0	0	0	0	0	0	0	0	0	0	0	114	0	0	0	0	0	1586	0	0	0	98	0	96	0	78	0	0	0	4000	0	0	2528	7110	0	1230	0	6000	0	0	0	0	0	0	0	0	0	0	0	0	0	0	0	0	0	0	0	0	0	0	0	0	0	0	0	0	0	0	0	0	0	0	0	0	0	0	0	
244004	Caudate_R	0	6508	4296	11404	292	1468	1450	3270	0	0	122	2788	358	316	92	98	0	984	3296	11242	952	3414	0	1640	192	3434	1596	3780	2642	2764	1740	13844	0	1158	0	72	0	556	0	72	0	0	0	0	0	0	0	0	0	0	0	0	0	0	0	0	0	1234	0	260	0	410	0	386	0	154	0	204	78	122	2528	0	128	10252	0	3508	0	16774	0	0	0	0	0	0	0	124	0	0	0	0	0	0	0	0	0	0	0	0	0	0	0	0	0	0	0	0	0	0	0	0	0	0	0	0	0	0	
228688	Putamen_L	13694	166	9542	864	8178	0	9766	0	1430	0	1646	0	2586	0	4116	0	862	0	12976	362	1074	264	162	0	272	0	992	88	15672	0	362	0	1748	0	0	200	5712	282	280	0	0	0	0	0	0	0	0	0	0	0	156	0	0	0	572	0	3372	0	0	0	0	0	332	0	110	0	0	0	356	0	7110	128	0	0	6326	0	1200	0	200	0	132	0	540	0	0	0	0	0	368	0	72	0	0	0	0	0	0	0	74	0	0	0	0	0	0	0	0	0	0	0	0	0	0	0	0	0	
311412	Putamen_R	0	4008	2380	19864	0	6132	90	11704	0	168	0	4198	0	582	0	1388	0	3420	2700	3488	0	244	186	9024	0	8500	0	1284	276	16108	442	15474	0	570	0	0	0	14704	0	7388	0	226	0	0	0	0	0	0	0	0	0	0	0	0	0	3040	0	1286	0	0	0	0	0	0	0	0	0	0	0	0	0	10252	0	0	0	3888	0	1732	0	132	0	166	0	0	0	0	0	0	0	580	0	0	0	0	0	0	0	82	0	0	0	0	0	0	0	0	0	0	0	0	0	0	0	0	0	0	
48888	Pallidum_L	7128	0	862	0	0	0	396	0	0	0	0	0	0	0	0	0	478	0	946	0	0	0	0	0	0	0	0	0	482	0	0	0	0	0	0	0	252	0	0	0	0	0	0	0	0	0	0	0	0	0	134	0	0	0	0	0	2210	0	0	0	186	0	352	0	92	0	0	0	1026	0	1230	0	6326	0	0	0	2216	0	128	0	0	0	0	0	0	0	0	0	0	0	0	0	0	0	0	0	0	0	0	0	0	0	0	0	0	0	0	0	0	0	0	0	0	0	0	0	
35816	Pallidum_R	0	1156	384	1808	0	84	210	1240	0	0	0	516	0	0	0	0	0	696	242	878	0	108	0	104	0	84	0	0	338	264	180	1250	0	188	0	0	0	402	0	186	0	0	0	0	0	0	0	0	0	0	0	0	0	0	0	0	0	0	0	0	0	0	0	0	0	0	0	0	0	0	0	3508	0	3888	0	0	0	194	0	0	0	0	0	0	0	0	0	0	0	0	0	0	0	0	0	0	0	0	0	0	0	0	0	0	0	0	0	0	0	0	0	0	0	0	0	0	
159480	Thalamus_L	22198	0	6340	0	0	0	0	0	0	0	0	0	0	0	0	0	0	0	11694	0	0	0	0	0	0	0	0	0	656	0	0	0	0	0	0	1412	3878	2002	982	0	0	0	0	0	0	0	0	0	0	0	0	0	0	0	0	0	98	0	0	0	0	0	0	0	0	0	0	332	19530	0	6000	0	1200	0	2216	0	0	966	236	0	0	0	0	0	0	0	0	0	0	0	0	0	0	0	0	0	0	0	0	0	0	0	0	0	0	0	0	0	0	0	0	0	0	0	0	0	
95584	Thalamus_R	90	11578	0	2536	0	0	0	1672	0	0	0	324	0	0	0	0	0	0	78	1508	0	0	0	0	0	0	0	0	0	778	0	0	0	162	0	0	0	5020	0	2370	0	0	0	0	0	0	0	108	0	0	0	0	0	0	0	718	0	642	0	0	0	0	0	0	0	0	0	144	98	218	0	16774	0	1732	0	194	966	0	0	0	0	0	0	0	0	0	0	0	0	0	0	0	0	0	0	0	0	82	0	0	0	0	0	0	0	0	0	0	0	0	0	0	0	0	0	0	
66568	Heschl_L	5292	0	206	0	0	0	276	0	0	0	474	0	0	0	0	0	2802	0	220	0	0	0	0	0	0	0	0	0	7724	0	0	0	0	0	72	88	2028	106	0	0	0	0	0	0	0	0	0	0	0	0	92	0	0	0	3194	0	3138	0	0	0	0	0	176	0	106	0	0	0	0	0	0	0	200	0	128	0	236	0	0	0	4724	0	0	0	556	0	0	0	1446	0	0	0	0	0	0	0	0	0	0	0	0	0	0	0	0	0	0	0	0	0	0	0	0	0	0	0	
19128	Heschl_R	0	292	0	134	0	0	0	218	0	0	0	506	0	0	0	0	0	2050	0	0	0	0	0	0	0	0	0	0	0	1176	0	0	0	0	0	0	0	278	0	120	0	0	0	0	0	0	0	0	0	0	0	0	0	0	0	214	0	242	0	0	0	0	0	0	0	0	0	0	0	0	0	0	0	132	0	0	0	0	0	0	0	3494	0	260	0	330	0	0	0	118	0	0	0	0	0	0	0	0	0	0	0	0	0	0	0	0	0	0	0	0	0	0	0	0	0	0	
166640	Temporal_Sup_L	4180	0	402	0	0	0	282	0	0	0	1310	0	0	0	0	0	7454	0	1380	0	0	0	0	0	0	0	0	0	7606	0	0	0	0	0	0	0	1758	0	0	0	0	0	128	0	0	0	106	0	234	0	1304	0	242	0	4792	0	4180	0	0	0	3098	0	5248	0	2934	0	86	0	0	0	0	0	132	0	0	0	0	0	4724	0	0	0	3978	0	17166	0	164	0	9664	0	382	0	0	0	0	0	0	0	386	0	0	0	0	0	0	0	0	0	0	0	0	0	0	0	0	0	
99372	Temporal_Sup_R	0	202	152	186	0	0	0	396	0	0	0	828	0	0	0	294	0	3480	154	0	0	0	0	0	0	0	0	0	0	2974	0	0	0	0	0	194	0	606	0	312	0	0	0	0	0	114	0	0	0	234	0	90	0	0	0	974	0	1024	0	0	0	1674	0	6782	0	5342	0	430	0	0	0	0	0	166	0	0	0	0	0	3494	0	0	0	5218	0	12398	0	144	0	1746	0	0	0	0	0	0	0	0	0	78	0	0	0	0	0	0	0	0	0	0	0	0	0	0	0	0	
54840	Temporal_Pole_Sup_L	0	0	1290	0	0	0	158	0	0	0	2306	0	240	0	738	0	790	0	1008	0	542	0	0	0	0	0	0	0	3726	0	0	0	0	0	0	0	1770	0	342	0	702	0	0	0	0	0	0	0	0	0	0	0	0	0	1312	0	0	0	0	0	0	0	0	0	0	0	0	0	0	0	0	0	540	0	0	0	0	0	0	0	3978	0	0	0	3390	0	1970	0	2618	0	0	0	0	0	0	0	0	0	0	0	0	0	0	0	0	0	0	0	0	0	0	0	0	0	0	0	
53804	Temporal_Pole_Sup_R	0	0	0	0	0	0	0	0	0	0	0	114	0	0	0	430	0	626	0	0	0	140	0	0	0	0	0	0	0	2250	0	0	0	0	0	0	0	1648	0	3452	0	3516	0	0	0	0	0	0	0	0	0	0	0	0	0	3950	0	0	0	0	0	0	0	0	0	0	0	0	0	0	0	0	0	0	0	0	0	0	0	260	0	5218	0	0	0	1630	0	3062	0	606	0	0	0	0	0	0	0	0	0	0	0	0	0	0	0	0	0	0	0	0	0	0	0	0	0	0	
238948	Temporal_Mid_L	216	0	0	0	0	0	0	0	0	0	0	0	0	0	0	0	458	0	0	0	0	0	0	0	0	0	0	0	184	0	0	0	0	0	0	0	146	0	0	0	0	0	5654	0	2326	0	1260	0	4440	0	14842	0	1498	0	3166	0	1420	0	104	0	9870	0	10174	0	11900	0	3172	0	320	0	0	0	0	0	0	0	0	0	556	0	17166	0	3390	0	0	0	2188	0	24128	0	560	0	0	0	0	0	0	0	336	0	0	0	0	0	0	0	0	0	0	0	0	0	0	0	0	0	
210920	Temporal_Mid_R	0	746	94	0	0	0	0	0	0	0	0	0	0	0	0	0	0	0	0	0	0	0	0	0	0	0	0	0	0	328	0	0	0	210	74	4638	0	758	0	308	0	0	0	6812	0	3012	0	718	0	4862	0	12214	0	2410	0	3318	0	3420	0	154	0	3250	0	1380	0	10370	0	10202	0	378	0	124	0	0	0	0	0	0	0	330	0	12398	0	1630	0	0	0	682	0	20640	0	0	0	0	0	0	0	0	0	0	0	0	0	0	0	0	0	0	0	0	0	0	0	0	0	0	
15220	Temporal_Pole_Mid_L	0	0	0	0	0	0	0	0	0	0	0	0	0	0	0	0	0	0	0	0	0	0	0	0	0	0	0	0	0	0	0	0	0	0	0	0	0	0	0	0	0	0	0	0	0	0	0	0	0	0	0	0	0	0	932	0	0	0	0	0	0	0	0	0	0	0	0	0	0	0	0	0	0	0	0	0	0	0	0	0	164	0	1970	0	2188	0	0	0	2356	0	0	0	0	0	0	0	0	0	0	0	0	0	0	0	0	0	0	0	0	0	0	0	0	0	0	0	
13452	Temporal_Pole_Mid_R	0	0	0	0	0	0	0	0	0	0	0	0	0	0	0	0	0	0	0	0	0	0	0	0	0	0	0	0	0	0	0	0	0	0	0	0	0	176	0	1486	0	472	0	0	0	0	0	0	0	0	0	0	0	0	0	612	0	0	0	0	0	0	0	0	0	0	0	0	0	0	0	0	0	0	0	0	0	0	0	0	0	144	0	3062	0	682	0	0	0	92	0	0	0	0	0	0	0	0	0	0	0	0	0	0	0	0	0	0	0	0	0	0	0	0	0	0	
218708	Temporal_Inf_L	472	0	92	0	0	0	648	0	0	0	668	0	0	0	0	0	762	0	0	0	0	0	0	0	0	0	0	0	4098	0	0	0	0	0	0	0	7640	0	156	0	506	0	122	0	106	0	436	0	1048	0	3504	0	4140	0	18410	0	796	0	0	0	5282	0	4088	0	5094	0	84	0	0	0	0	0	368	0	0	0	0	0	1446	0	9664	0	2618	0	24128	0	2356	0	0	0	6164	0	570	0	0	0	420	0	3056	0	264	0	148	0	0	0	0	0	0	0	0	0	0	0	0	0	
163448	Temporal_Inf_R	0	464	98	120	0	0	0	272	0	0	0	0	0	0	0	0	0	0	100	0	0	0	0	0	0	0	0	0	0	254	0	0	0	270	238	2428	0	6630	0	3724	0	0	0	3696	0	1510	0	358	0	1648	0	2132	0	5216	0	14924	0	2280	0	0	0	894	0	1176	0	1252	0	4346	0	166	0	0	0	580	0	0	0	0	0	118	0	1746	0	606	0	20640	0	92	0	0	0	1974	0	410	0	0	0	0	0	640	0	102	0	620	0	0	0	0	0	0	0	0	0	0	0	0	
465360	Cerebelum_Crus1_L	0	0	0	0	0	0	122	0	0	0	84	0	0	0	0	0	0	0	0	0	0	0	0	0	0	0	0	0	658	0	0	0	0	0	0	0	798	0	0	0	0	0	0	0	0	0	17726	810	0	0	0	0	476	0	26382	0	0	0	0	0	0	0	0	0	0	0	0	0	0	0	0	0	72	0	0	0	0	0	0	0	382	0	0	0	560	0	0	0	6164	0	0	1200	37336	2266	1346	0	25894	0	67440	1334	11186	110	11608	256	2896	0	598	0	184	228	4658	5240	4470	122	74	0	
496796	Cerebelum_Crus1_R	0	0	0	0	0	0	0	0	0	0	0	0	0	0	0	0	0	0	0	0	0	0	0	0	0	0	0	0	0	0	0	0	0	0	0	0	0	0	0	160	0	0	0	82	0	0	172	12446	0	0	0	0	0	0	0	20680	0	0	0	0	0	0	0	0	0	0	0	0	0	0	0	0	0	0	0	0	0	0	0	0	0	0	0	0	0	0	0	0	0	1974	1200	0	618	38016	0	2172	854	24246	1938	70902	0	7996	230	28514	342	1052	0	0	84	978	8182	13162	11136	714	396	152	
308604	Cerebelum_Crus2_L	0	0	0	0	0	0	0	0	0	0	0	0	0	0	0	0	0	0	0	0	0	0	0	0	0	0	0	0	0	0	0	0	0	0	0	0	0	0	0	0	0	0	0	0	0	0	4144	314	0	0	0	0	228	0	950	0	0	0	0	0	0	0	0	0	0	0	0	0	0	0	0	0	0	0	0	0	0	0	0	0	0	0	0	0	0	0	0	0	570	0	37336	618	0	8048	1048	0	5728	0	9982	522	35000	1768	26472	1226	3426	0	1290	0	174	206	1200	3404	8162	2486	0	0	
361952	Cerebelum_Crus2_R	0	0	0	0	0	0	0	0	0	0	0	0	0	0	0	0	0	0	0	0	0	0	0	0	0	0	0	0	0	0	0	0	0	0	0	0	0	0	0	0	0	0	0	0	0	0	954	2398	0	0	0	0	0	0	0	522	0	0	0	0	0	0	0	0	0	0	0	0	0	0	0	0	0	0	0	0	0	0	0	0	0	0	0	0	0	0	0	0	0	410	2266	38016	8048	0	524	660	1108	3488	2520	13400	3724	18196	6198	31980	1494	1674	0	0	108	598	1564	11056	21176	6902	1450	542	
40692	Cerebelum_3_L	0	0	0	0	0	0	0	0	0	0	0	0	0	0	0	0	0	0	0	0	0	0	0	0	0	0	0	0	0	0	0	0	0	0	0	0	106	0	186	0	0	0	0	0	0	0	146	76	0	0	0	0	0	0	0	0	0	0	0	0	0	0	0	0	0	0	0	0	0	0	0	0	0	0	0	0	0	0	0	0	0	0	0	0	0	0	0	0	0	0	1346	0	1048	524	0	0	5854	0	704	0	326	106	2158	174	2966	0	110	0	906	1286	794	458	756	224	92	0	
52560	Cerebelum_3_R	0	0	0	0	0	0	0	0	0	0	0	0	0	0	0	0	0	0	0	0	0	0	0	0	0	0	0	0	0	0	0	0	0	0	0	0	0	0	0	0	0	0	0	0	0	0	0	212	0	0	0	0	0	0	0	164	0	0	0	0	0	0	0	0	0	0	0	0	0	0	0	0	0	0	0	0	0	0	0	0	0	0	0	0	0	0	0	0	0	0	0	2172	0	660	0	0	88	5536	0	3574	0	0	0	1956	0	1920	0	0	154	3902	1646	180	778	1652	1560	126	
252104	Cerebelum_4_5_L	0	0	0	0	0	0	0	0	0	0	0	0	0	0	0	0	0	0	0	0	0	0	0	0	0	0	0	0	0	0	0	0	0	0	0	0	74	0	146	0	0	0	0	0	0	0	13184	308	0	0	0	0	0	0	10202	0	0	0	0	0	0	0	0	0	0	0	0	0	0	0	0	0	0	0	0	0	0	0	0	0	0	0	0	0	0	0	0	0	420	0	25894	854	5728	1108	5854	88	0	180	33658	822	714	106	4182	454	5410	182	250	0	584	844	8870	3044	1458	298	430	706	
209332	Cerebelum_4_5_R	0	0	0	0	0	0	0	0	0	0	0	0	0	0	0	0	0	0	0	0	0	0	0	0	0	0	0	0	0	0	0	0	0	0	0	0	0	640	0	1280	0	0	0	0	0	0	0	5174	0	0	0	0	0	0	0	4298	0	0	0	0	0	0	0	0	0	0	0	0	0	0	0	0	0	82	0	0	0	82	0	0	0	0	0	0	0	0	0	0	0	0	0	24246	0	3488	0	5536	180	0	90	32544	0	1088	0	8662	0	990	0	0	76	2822	9358	730	1288	1132	880	0	
409908	Cerebelum_6_L	0	0	0	0	0	0	122	0	0	0	84	0	0	0	0	0	0	0	0	0	0	0	0	0	0	0	0	0	668	0	0	0	0	0	0	0	860	0	0	0	0	0	0	0	0	0	22628	1240	0	0	0	0	764	0	31124	94	0	0	0	0	0	0	0	0	0	0	0	0	0	0	0	0	74	0	0	0	0	0	0	0	386	0	0	0	336	0	0	0	3056	0	67440	1938	9982	2520	704	0	33658	90	0	1920	1366	312	2950	332	1824	0	180	0	0	0	5738	7946	4194	238	186	0	
425232	Cerebelum_6_R	0	0	0	0	0	0	0	0	0	0	0	0	0	0	0	0	0	0	0	0	0	0	0	0	0	0	0	0	0	166	0	0	0	0	0	0	0	814	0	980	0	0	0	80	0	0	146	12972	0	0	0	0	0	134	0	21854	0	0	0	0	0	0	0	0	0	0	0	0	0	0	0	0	0	0	0	0	0	0	0	0	0	78	0	0	0	0	0	0	0	640	1334	70902	522	13400	0	3574	822	32544	1920	0	0	2050	188	14752	282	750	0	0	72	1374	10410	11506	7396	608	346	0	
211860	Cerebelum_7b_L	0	0	0	0	0	0	0	0	0	0	0	0	0	0	0	0	0	0	0	0	0	0	0	0	0	0	0	0	0	0	0	0	0	0	0	0	0	0	0	0	0	0	0	0	0	0	100	0	0	0	0	0	0	0	86	0	0	0	0	0	0	0	0	0	0	0	0	0	0	0	0	0	0	0	0	0	0	0	0	0	0	0	0	0	0	0	0	0	264	0	11186	0	35000	3724	326	0	714	0	1366	0	0	1042	34830	1836	5782	110	1566	0	0	0	114	188	4464	2970	262	0	
142436	Cerebelum_7b_R	0	0	0	0	0	0	0	0	0	0	0	0	0	0	0	0	0	0	0	0	0	0	0	0	0	0	0	0	0	0	0	0	0	0	0	0	0	0	0	0	0	0	0	0	0	0	262	0	0	0	0	0	0	0	0	142	0	0	0	0	0	0	0	0	0	0	0	0	0	0	0	0	0	0	0	0	0	0	0	0	0	0	0	0	0	0	0	0	0	102	110	7996	1768	18196	106	0	106	1088	312	2050	1042	0	2588	23678	426	2122	0	0	0	0	0	928	3460	4126	524	86	
304556	Cerebelum_8_L	0	0	0	0	0	0	0	0	0	0	0	0	0	0	0	0	0	0	0	0	0	0	0	0	0	0	0	0	0	0	0	0	0	0	0	0	0	0	0	0	0	0	0	0	0	0	378	0	0	0	0	0	0	0	272	0	0	0	0	0	0	0	0	0	0	0	0	0	0	0	0	0	0	0	0	0	0	0	0	0	0	0	0	0	0	0	0	0	148	0	11608	230	26472	6198	2158	0	4182	0	2950	188	34830	2588	0	7518	25242	1296	4568	0	134	230	492	992	6526	9630	3142	306	
353164	Cerebelum_8_R	0	0	0	0	0	0	0	0	0	0	0	0	0	0	0	0	0	0	0	0	0	0	0	0	0	0	0	0	0	0	0	0	0	0	0	0	0	0	0	88	0	0	0	0	0	0	136	128	0	0	0	0	0	0	0	1166	0	0	0	0	0	0	0	0	0	0	0	0	0	0	0	0	0	0	0	0	0	0	0	0	0	0	0	0	0	0	0	0	0	620	256	28514	1226	31980	174	1956	454	8662	332	14752	1836	23678	7518	0	2552	17804	0	336	240	1434	3220	1956	6978	11596	6110	880	
142112	Cerebelum_9_L	0	0	0	0	0	0	0	0	0	0	0	0	0	0	0	0	0	0	0	0	0	0	0	0	0	0	0	0	0	0	0	0	0	0	0	0	0	0	0	0	0	0	0	0	0	0	132	116	0	0	0	0	0	0	0	0	0	0	0	0	0	0	0	0	0	0	0	0	0	0	0	0	0	0	0	0	0	0	0	0	0	0	0	0	0	0	0	0	0	0	2896	342	3426	1494	2966	0	5410	0	1824	282	5782	426	25242	2552	0	1256	5196	0	194	290	1402	1954	1680	2476	3034	684	
95088	Cerebelum_9_R	0	0	0	0	0	0	0	0	0	0	0	0	0	0	0	0	0	0	0	0	0	0	0	0	0	0	0	0	0	0	0	0	0	0	0	0	0	0	0	0	0	0	0	0	0	0	0	0	0	0	0	0	0	0	0	0	0	0	0	0	0	0	0	0	0	0	0	0	0	0	0	0	0	0	0	0	0	0	0	0	0	0	0	0	0	0	0	0	0	0	0	1052	0	1674	0	1920	182	990	0	750	110	2122	1296	17804	1256	0	0	840	148	1804	1152	1720	1130	3440	6160	1994	
27516	Cerebelum_10_L	0	0	0	0	0	0	0	0	0	0	0	0	0	0	0	0	0	0	0	0	0	0	0	0	0	0	0	0	0	0	0	0	0	0	0	0	0	0	0	0	0	0	0	0	0	0	0	0	0	0	0	0	0	0	0	0	0	0	0	0	0	0	0	0	0	0	0	0	0	0	0	0	0	0	0	0	0	0	0	0	0	0	0	0	0	0	0	0	0	0	598	0	1290	0	110	0	250	0	180	0	1566	0	4568	0	5196	0	0	0	0	0	0	0	0	0	0	0	
2352	Cerebelum_10_R	0	0	0	0	0	0	0	0	0	0	0	0	0	0	0	0	0	0	0	0	0	0	0	0	0	0	0	0	0	0	0	0	0	0	0	0	0	0	0	0	0	0	0	0	0	0	0	0	0	0	0	0	0	0	0	0	0	0	0	0	0	0	0	0	0	0	0	0	0	0	0	0	0	0	0	0	0	0	0	0	0	0	0	0	0	0	0	0	0	0	0	0	0	0	0	0	0	0	0	0	0	0	0	336	0	840	0	0	0	0	0	0	0	0	0	0	
17820	Vermis_1_2	0	0	0	0	0	0	0	0	0	0	0	0	0	0	0	0	0	0	0	0	0	0	0	0	0	0	0	0	0	0	0	0	0	0	0	0	80	0	100	0	0	0	0	0	0	0	96	0	0	0	0	0	0	0	0	0	0	0	0	0	0	0	0	0	0	0	0	0	0	0	0	0	0	0	0	0	0	0	0	0	0	0	0	0	0	0	0	0	0	0	184	84	174	108	906	154	584	76	0	72	0	0	134	240	194	148	0	0	0	3478	1404	0	200	300	194	0	
55304	Vermis_3	0	0	0	0	0	0	0	0	0	0	0	0	0	0	0	0	0	0	0	0	0	0	0	0	0	0	0	0	0	0	0	0	0	0	0	0	296	0	338	0	0	0	0	0	0	0	230	82	0	0	0	0	0	0	0	0	0	0	0	0	0	0	0	0	0	0	0	0	0	0	0	0	0	0	0	0	0	0	0	0	0	0	0	0	0	0	0	0	0	0	228	978	206	598	1286	3902	844	2822	0	1374	0	0	230	1434	290	1804	0	0	3478	0	2874	146	836	1764	1480	132	
164444	Vermis_4_5	0	0	0	0	0	0	0	0	0	0	0	0	0	0	0	0	0	0	0	0	0	0	0	0	0	0	0	0	0	0	0	0	0	0	0	396	0	266	0	78	0	0	0	0	0	0	1596	3684	0	0	0	0	0	0	840	646	0	0	0	0	0	0	0	0	0	0	0	660	0	0	0	0	0	0	0	0	0	0	0	0	0	0	0	0	0	0	0	0	0	0	4658	8182	1200	1564	794	1646	8870	9358	5738	10410	114	0	492	3220	1402	1152	0	0	1404	2874	0	4684	1538	1098	1644	2014	
203372	Vermis_6	0	0	0	0	0	0	0	0	0	0	0	0	0	0	0	0	0	0	0	0	0	0	0	0	0	0	0	0	0	0	0	0	0	0	0	0	0	0	0	0	0	0	0	0	0	0	2314	5704	0	0	0	0	0	0	236	706	0	0	0	0	0	0	0	0	0	0	0	0	0	0	0	0	0	0	0	0	0	0	0	0	0	0	0	0	0	0	0	0	0	0	5240	13162	3404	11056	458	180	3044	730	7946	11506	188	928	992	1956	1954	1720	0	0	0	146	4684	0	15878	2316	2238	3000	
237108	Vermis_7	0	0	0	0	0	0	0	0	0	0	0	0	0	0	0	0	0	0	0	0	0	0	0	0	0	0	0	0	0	0	0	0	0	0	0	0	0	0	0	0	0	0	0	0	0	0	1664	3202	0	0	0	0	0	0	96	118	0	0	0	0	0	0	0	0	0	0	0	0	0	0	0	0	0	0	0	0	0	0	0	0	0	0	0	0	0	0	0	0	0	0	4470	11136	8162	21176	756	778	1458	1288	4194	7396	4464	3460	6526	6978	1680	1130	0	0	200	836	1538	15878	0	7148	2022	800	
137588	Vermis_8	0	0	0	0	0	0	0	0	0	0	0	0	0	0	0	0	0	0	0	0	0	0	0	0	0	0	0	0	0	0	0	0	0	0	0	0	0	0	0	0	0	0	0	0	0	0	184	0	0	0	0	0	0	0	0	0	0	0	0	0	0	0	0	0	0	0	0	0	0	0	0	0	0	0	0	0	0	0	0	0	0	0	0	0	0	0	0	0	0	0	122	714	2486	6902	224	1652	298	1132	238	608	2970	4126	9630	11596	2476	3440	0	0	300	1764	1098	2316	7148	0	6006	1364	
81424	Vermis_9	0	0	0	0	0	0	0	0	0	0	0	0	0	0	0	0	0	0	0	0	0	0	0	0	0	0	0	0	0	0	0	0	0	0	0	0	0	0	0	0	0	0	0	0	0	0	0	0	0	0	0	0	0	0	0	0	0	0	0	0	0	0	0	0	0	0	0	0	0	0	0	0	0	0	0	0	0	0	0	0	0	0	0	0	0	0	0	0	0	0	74	396	0	1450	92	1560	430	880	186	346	262	524	3142	6110	3034	6160	0	0	194	1480	1644	2238	2022	6006	0	2482	
30536	Vermis_10	0	0	0	0	0	0	0	0	0	0	0	0	0	0	0	0	0	0	0	0	0	0	0	0	0	0	0	0	0	0	0	0	0	0	0	0	0	0	0	0	0	0	0	0	0	0	0	0	0	0	0	0	0	0	0	0	0	0	0	0	0	0	0	0	0	0	0	0	0	0	0	0	0	0	0	0	0	0	0	0	0	0	0	0	0	0	0	0	0	0	0	152	0	542	0	126	706	0	0	0	0	86	306	880	684	1994	0	0	0	132	2014	3000	800	1364	2482	0	
