data	data	425788	268736	891824	570756	250560	142668	462500	216596	137048	68552	215236	208012	295132	214120	157324	124948	227772	136376	842132	903316	86224	92032	297404	266960	16128	60812	47832	63964	567760	363404	204356	408936	174756	637428	259484	182092	270208	374296	124692	271536	45228	67832	315524	401028	210120	445896	374248	353512	262736	400056	534840	268292	156224	148340	482428	592268	328084	251528	111524	126372	276400	125796	144848	156556	233768	158036	246376	370604	214312	332104	230452	318740	366264	293516	80392	25468	147056	202896	85220	31028	223752	191548	83700	71524	426396	238976	23516	26848	352092	197816	685888	658308	407916	497328	81576	92548	464356	358800	715340	601148	304616	202984	395444	363336	165880	168864	28880	9944	34036	83272	399880	483652	303244	271312	156012	60000	
data	data	Precentral_L	Precentral_R	Frontal_Sup_L	Frontal_Sup_R	Frontal_Sup_Orb_L	Frontal_Sup_Orb_R	Frontal_Mid_L	Frontal_Mid_R	Frontal_Mid_Orb_L	Frontal_Mid_Orb_R	Frontal_Inf_Oper_L	Frontal_Inf_Oper_R	Frontal_Inf_Tri_L	Frontal_Inf_Tri_R	Frontal_Inf_Orb_L	Frontal_Inf_Orb_R	Rolandic_Oper_L	Rolandic_Oper_R	Supp_Motor_Area_L	Supp_Motor_Area_R	Olfactory_L	Olfactory_R	Frontal_Sup_Medial_L	Frontal_Sup_Medial_R	Frontal_Med_Orb_L	Frontal_Med_Orb_R	Rectus_L	Rectus_R	Insula_L	Insula_R	Cingulum_Ant_L	Cingulum_Ant_R	Cingulum_Mid_L	Cingulum_Mid_R	Cingulum_Post_L	Cingulum_Post_R	Hippocampus_L	Hippocampus_R	ParaHippocampal_L	ParaHippocampal_R	Amygdala_L	Amygdala_R	Calcarine_L	Calcarine_R	Cuneus_L	Cuneus_R	Lingual_L	Lingual_R	Occipital_Sup_L	Occipital_Sup_R	Occipital_Mid_L	Occipital_Mid_R	Occipital_Inf_L	Occipital_Inf_R	Fusiform_L	Fusiform_R	Postcentral_L	Postcentral_R	Parietal_Sup_L	Parietal_Sup_R	Parietal_Inf_L	Parietal_Inf_R	SupraMarginal_L	SupraMarginal_R	Angular_L	Angular_R	Precuneus_L	Precuneus_R	Paracentral_Lobule_L	Paracentral_Lobule_R	Caudate_L	Caudate_R	Putamen_L	Putamen_R	Pallidum_L	Pallidum_R	Thalamus_L	Thalamus_R	Heschl_L	Heschl_R	Temporal_Sup_L	Temporal_Sup_R	Temporal_Pole_Sup_L	Temporal_Pole_Sup_R	Temporal_Mid_L	Temporal_Mid_R	Temporal_Pole_Mid_L	Temporal_Pole_Mid_R	Temporal_Inf_L	Temporal_Inf_R	Cerebelum_Crus1_L	Cerebelum_Crus1_R	Cerebelum_Crus2_L	Cerebelum_Crus2_R	Cerebelum_3_L	Cerebelum_3_R	Cerebelum_4_5_L	Cerebelum_4_5_R	Cerebelum_6_L	Cerebelum_6_R	Cerebelum_7b_L	Cerebelum_7b_R	Cerebelum_8_L	Cerebelum_8_R	Cerebelum_9_L	Cerebelum_9_R	Cerebelum_10_L	Cerebelum_10_R	Vermis_1_2	Vermis_3	Vermis_4_5	Vermis_6	Vermis_7	Vermis_8	Vermis_9	Vermis_10	
425788	Precentral_L	0	350	12440	458	0	0	17298	0	0	0	11118	0	1118	0	0	0	11490	0	15408	9466	0	0	0	0	0	0	0	0	8668	0	0	0	1054	7330	4878	1910	6110	1408	502	814	0	0	0	0	158	0	196	0	594	0	2282	0	0	0	1712	664	27718	0	0	0	6076	0	4326	0	2148	0	264	112	17616	2872	1096	492	4276	100	1950	0	8940	2486	4592	0	3060	0	0	0	3634	0	0	0	2972	0	0	204	0	0	0	0	0	260	0	274	0	0	0	0	0	0	0	0	0	0	0	0	0	0	0	0	
268736	Precentral_R	350	0	2136	3956	0	0	0	10498	0	0	0	5406	0	0	0	0	0	1500	1996	7642	0	0	0	0	0	0	0	0	252	1920	0	0	0	3572	1380	2786	168	3234	0	882	0	0	0	1692	0	2690	0	100	0	1978	0	902	0	3196	0	4988	846	28404	0	778	0	3838	0	4694	0	916	0	4072	114	20070	376	100	762	736	116	0	0	194	0	0	0	1894	0	0	0	982	0	0	0	1500	0	752	0	0	0	0	0	0	0	0	0	0	0	0	0	0	0	0	0	0	0	0	0	0	0	0	
891824	Frontal_Sup_L	12440	2136	0	4216	19174	0	56372	5436	6584	0	16048	500	24612	142	6396	0	13448	194	88336	10028	320	0	40164	1470	372	0	126	0	41126	650	12632	4042	3190	2006	360	204	5588	548	276	110	210	0	0	0	0	0	0	0	0	0	0	0	0	0	1012	0	3192	144	0	0	0	0	164	0	0	0	0	0	2222	118	8892	3472	26250	1866	5390	346	2688	932	1050	0	3410	0	2516	0	666	0	0	0	2126	0	0	0	0	0	0	0	0	0	0	0	0	0	0	0	0	0	0	0	0	0	0	0	0	0	0	0	
570756	Frontal_Sup_R	458	3956	4216	0	284	7528	160	23650	0	2916	0	14542	168	11822	0	5434	0	6400	13850	49282	0	0	6766	28982	0	1504	0	0	320	16144	2246	24478	694	15924	206	144	0	3772	0	1266	0	0	0	0	0	0	0	0	0	0	0	0	0	0	0	1056	0	474	0	0	0	0	0	108	0	0	0	0	364	562	960	9694	346	12416	146	1360	108	9602	0	0	0	238	0	648	0	0	0	0	0	0	0	0	0	0	0	0	0	184	0	0	0	0	0	0	0	0	0	0	0	0	0	0	0	0	0	0	
250560	Frontal_Sup_Orb_L	0	0	19174	284	0	156	6622	120	14428	0	666	150	4504	0	12772	0	0	0	4812	484	2016	774	3538	0	2710	0	4418	386	18350	90	3058	1866	144	0	0	0	134	0	122	0	636	0	0	0	0	0	0	0	0	0	0	0	0	0	0	0	0	0	0	0	0	0	0	0	0	0	0	0	0	0	4934	2058	14912	272	0	0	0	146	0	0	0	0	544	0	0	0	0	0	0	0	0	0	0	0	0	0	0	0	0	0	0	0	0	0	0	0	0	0	0	0	0	0	0	0	0	0	
142668	Frontal_Sup_Orb_R	0	0	0	7528	156	0	0	2106	0	8362	0	184	0	1234	144	7098	0	0	122	1978	764	2118	1142	6738	0	5422	404	4552	100	2916	136	3994	0	0	0	0	0	0	0	0	0	388	0	0	0	0	0	0	0	0	0	0	0	0	0	0	0	0	0	0	0	0	0	0	0	0	0	0	0	0	954	3812	274	8708	0	0	0	0	0	0	0	0	0	0	0	0	0	0	0	0	0	0	0	0	0	0	0	0	0	0	0	0	0	0	0	0	0	0	0	0	0	0	0	0	0	0	
462500	Frontal_Mid_L	17298	0	56372	160	6622	0	0	112	6914	0	14034	106	34542	0	8340	0	6568	0	14426	672	0	0	18534	764	0	0	0	0	18204	0	4124	902	1512	1124	106	0	2326	0	290	0	0	0	0	0	0	0	0	0	0	0	314	0	0	0	182	0	1464	0	0	0	232	0	0	0	370	0	100	0	482	0	1318	590	7524	0	838	0	440	96	1026	0	654	0	584	0	480	0	0	0	504	0	0	0	0	0	0	0	0	0	0	0	0	0	0	0	0	0	0	0	0	0	0	0	0	0	0	0	
216596	Frontal_Mid_R	0	10498	5436	23650	120	2106	112	0	0	3390	0	8922	0	13304	0	5966	0	2576	5910	4792	0	0	242	2386	0	0	0	0	226	6234	320	1970	230	2204	0	0	134	484	0	94	0	0	0	0	0	0	0	0	0	0	0	0	0	0	0	0	0	1528	0	0	0	314	0	538	0	0	0	0	0	838	786	156	502	1896	0	0	0	258	0	0	0	0	0	176	0	0	0	0	0	0	0	0	0	0	0	0	0	0	0	0	0	0	0	0	0	0	0	0	0	0	0	0	0	0	0	0	
137048	Frontal_Mid_Orb_L	0	0	6584	0	14428	0	6914	0	0	0	254	0	9074	0	11796	0	0	0	1832	0	488	126	1548	0	528	0	1412	0	7156	0	568	444	852	290	0	0	0	0	0	0	294	0	0	0	0	0	0	0	0	0	0	0	0	0	0	0	0	0	0	0	0	0	0	0	0	0	0	0	0	0	324	162	3264	0	0	0	0	0	0	0	0	0	186	0	0	0	0	0	0	0	0	0	0	0	0	0	0	0	0	0	0	0	0	0	0	0	0	0	0	0	0	0	0	0	0	0	
68552	Frontal_Mid_Orb_R	0	0	0	2916	0	8362	0	3390	0	0	0	134	0	1608	0	11238	0	0	120	428	0	0	0	396	0	0	0	256	0	2148	0	244	0	158	0	0	0	0	0	0	0	0	0	0	0	0	0	0	0	0	0	0	0	0	0	0	0	0	0	0	0	0	0	0	0	0	0	0	0	0	0	364	0	2514	0	0	0	0	0	0	0	0	0	0	0	0	0	0	0	0	0	0	0	0	0	0	0	0	0	0	0	0	0	0	0	0	0	0	0	0	0	0	0	0	0	0	
215236	Frontal_Inf_Oper_L	11118	0	16048	0	666	0	14034	0	254	0	0	0	8622	0	0	0	15256	0	12798	0	0	0	0	0	0	0	0	0	16332	0	0	172	0	0	0	0	370	0	0	0	0	0	0	0	0	0	0	0	0	0	0	0	0	0	0	0	3150	0	0	0	0	0	0	0	0	0	0	0	0	0	200	134	1976	0	0	0	122	0	1232	0	1846	0	3288	0	0	0	0	0	0	0	0	0	0	0	0	0	0	0	0	0	0	0	0	0	0	0	0	0	0	0	0	0	0	0	0	0	
208012	Frontal_Inf_Oper_R	0	5406	500	14542	150	184	106	8922	0	134	0	0	0	12322	0	890	0	8060	5650	13730	0	0	0	918	0	0	0	0	134	15476	328	2848	0	3660	0	0	0	336	0	92	0	0	0	0	0	0	0	0	0	0	0	0	0	0	0	0	0	2854	0	0	0	146	0	256	0	0	0	0	0	328	254	618	0	3518	0	0	0	98	0	0	0	404	0	1142	0	0	0	0	0	0	0	0	0	0	0	0	0	0	0	0	0	0	0	0	0	0	0	0	0	0	0	0	0	0	0	0	
295132	Frontal_Inf_Tri_L	1118	0	24612	168	4504	0	34542	0	9074	0	8622	0	0	98	13244	0	784	0	11898	630	0	0	7686	494	0	0	0	0	18748	118	1738	844	2044	816	0	0	0	0	0	0	0	0	0	0	0	0	0	0	0	0	0	0	0	0	0	0	116	0	0	0	0	0	0	0	0	0	0	0	0	0	1616	376	3220	0	0	0	0	176	0	0	112	0	168	0	0	0	0	0	0	0	0	0	0	0	0	0	0	0	0	0	0	0	0	0	0	0	0	0	0	0	0	0	0	0	0	0	
214120	Frontal_Inf_Tri_R	0	0	142	11822	0	1234	0	13304	0	1608	0	12322	98	0	0	7626	0	408	3414	5674	0	0	2006	5856	0	0	0	0	0	20424	824	7330	990	9024	0	0	0	0	0	0	0	0	0	0	0	0	0	0	0	0	0	0	0	0	0	0	0	0	0	0	0	0	0	0	0	0	0	0	0	0	0	456	0	2342	0	0	0	0	0	0	0	0	0	156	0	0	0	0	0	0	0	0	0	0	0	0	0	0	0	0	0	0	0	0	0	0	0	0	0	0	0	0	0	0	0	0	
157324	Frontal_Inf_Orb_L	0	0	6396	0	12772	144	8340	0	11796	0	0	0	13244	0	0	0	0	0	1756	92	1478	514	726	0	0	0	1486	240	10036	0	560	344	364	118	0	0	0	0	0	0	338	0	0	0	0	0	0	0	0	0	0	0	0	0	0	0	0	0	0	0	0	0	0	0	0	0	0	0	0	0	1662	470	5138	0	0	0	0	160	0	0	0	0	488	0	0	0	0	0	0	0	0	0	0	0	0	0	0	0	0	0	0	0	0	0	0	0	0	0	0	0	0	0	0	0	0	0	
124948	Frontal_Inf_Orb_R	0	0	0	5434	0	7098	0	5966	0	11238	0	890	0	7626	0	0	0	236	540	1116	0	554	340	1336	0	0	0	554	0	8188	212	1840	180	1786	0	0	0	0	0	0	0	106	0	0	0	0	0	0	0	0	0	0	0	0	0	0	0	0	0	0	0	0	0	0	0	0	0	0	0	0	104	434	0	2048	0	0	0	0	0	0	0	1792	0	2266	0	468	0	122	0	0	0	0	0	0	0	0	0	0	0	0	0	0	0	0	0	0	0	0	0	0	0	0	0	0	0	0	
227772	Rolandic_Oper_L	11490	0	13448	0	0	0	6568	0	0	0	15256	0	784	0	0	0	0	0	9382	0	0	0	0	0	0	0	0	0	17506	0	0	0	0	0	0	0	320	0	210	0	0	0	210	0	0	0	128	0	616	0	2304	0	104	0	560	0	7684	0	200	0	356	0	2018	0	1666	0	300	0	0	0	0	0	1058	0	246	0	160	0	5420	0	7932	0	3080	0	3588	0	0	0	1292	0	0	0	0	0	0	0	0	0	0	0	0	0	0	0	0	0	0	0	0	0	0	0	0	0	0	0	
136376	Rolandic_Oper_R	0	1500	194	6400	0	0	0	2576	0	0	0	8060	0	408	0	236	0	0	1030	6602	0	0	0	0	0	0	0	0	0	14764	0	0	0	0	0	0	0	906	0	392	0	0	0	0	0	0	0	0	0	0	0	0	0	114	0	1112	0	3502	0	0	0	0	0	3298	0	0	0	112	0	0	98	694	0	3124	0	514	0	156	0	2220	0	7602	0	1386	0	726	0	0	0	206	0	256	0	0	0	0	0	0	0	0	0	0	0	0	0	0	0	0	0	0	0	0	0	0	0	0	
842132	Supp_Motor_Area_L	15408	1996	88336	13850	4812	122	14426	5910	1832	120	12798	5650	11898	3414	1756	540	9382	1030	0	48008	134	0	7000	6992	0	184	0	0	28056	4196	7816	10338	10758	27584	3688	754	3412	532	124	108	126	0	0	0	0	0	0	0	0	0	0	0	0	0	1138	0	5508	136	0	0	186	0	890	0	0	0	0	0	8952	1382	6902	3626	20266	2206	4200	376	1106	652	704	0	4162	0	2156	216	776	0	0	0	2436	0	0	0	0	0	0	0	0	0	0	0	0	0	0	0	0	0	0	0	0	0	0	0	0	0	0	0	
903316	Supp_Motor_Area_R	9466	7642	10028	49282	484	1978	672	4792	0	428	0	13730	630	5674	92	1116	0	6602	48008	0	0	0	928	10538	0	1080	0	0	700	13006	2976	17084	8006	66936	13508	7112	1226	4676	0	2160	0	0	0	1012	0	484	0	636	0	136	0	102	0	508	226	3644	5356	3224	0	0	1912	0	0	0	0	0	128	3060	15520	23196	2290	29448	2726	15788	2882	2820	4258	18940	0	0	0	440	0	700	0	0	0	0	0	118	0	806	0	0	0	0	0	430	0	308	0	0	0	0	0	0	0	0	0	0	0	0	0	0	0	0	
86224	Olfactory_L	0	0	320	0	2016	764	0	0	488	0	0	0	0	0	1478	0	0	0	134	0	0	5820	0	0	308	194	3046	2638	2736	0	2314	2392	0	0	0	0	252	0	416	0	1390	758	0	0	0	0	0	0	0	0	0	0	0	0	0	0	0	0	0	0	0	0	0	0	0	0	0	0	0	0	6666	4250	3282	1012	0	0	0	0	0	0	0	0	438	0	0	0	0	0	0	0	0	0	0	0	0	0	0	0	0	0	0	0	0	0	0	0	0	0	0	0	0	0	0	0	0	0	
92032	Olfactory_R	0	0	0	0	774	2118	0	0	126	0	0	0	0	0	514	554	0	0	0	0	5820	0	0	0	0	418	2224	4812	376	1012	1820	2242	0	0	0	0	0	0	0	0	272	1312	0	0	0	0	0	0	0	0	0	0	0	0	0	0	0	0	0	0	0	0	0	0	0	0	0	0	0	0	8068	7180	3852	2236	160	0	0	0	0	0	0	0	0	126	0	0	0	0	0	0	0	0	0	0	0	0	0	0	0	0	0	0	0	0	0	0	0	0	0	0	0	0	0	0	0	0	
297404	Frontal_Sup_Medial_L	0	0	40164	6766	3538	1142	18534	242	1548	0	0	0	7686	2006	726	340	0	0	7000	928	0	0	0	15216	920	848	0	0	2190	1904	13342	8182	4752	8770	0	0	0	0	0	0	0	0	0	0	0	0	0	0	0	0	0	0	0	0	0	0	0	0	0	0	0	0	0	0	0	0	0	0	0	0	534	106	1144	174	0	0	0	0	0	0	0	0	0	0	0	0	0	0	0	0	0	0	0	0	0	0	0	0	0	0	0	0	0	0	0	0	0	0	0	0	0	0	0	0	0	0	
266960	Frontal_Sup_Medial_R	0	0	1470	28982	0	6738	764	2386	0	396	0	918	494	5856	0	1336	0	0	6992	10538	0	0	15216	0	94	3802	0	178	168	5660	1630	18996	714	14986	0	0	0	0	0	0	0	0	0	0	0	0	0	0	0	0	0	0	0	0	0	0	0	0	0	0	0	0	0	0	0	0	0	0	0	0	0	1322	0	3844	0	0	0	0	0	0	0	0	0	0	0	0	0	0	0	0	0	0	0	0	0	0	0	0	0	0	0	0	0	0	0	0	0	0	0	0	0	0	0	0	0	0	
16128	Frontal_Med_Orb_L	0	0	372	0	2710	0	0	0	528	0	0	0	0	0	0	0	0	0	0	0	308	0	920	94	0	344	932	0	0	0	942	390	0	0	0	0	0	0	0	0	0	0	0	0	0	0	0	0	0	0	0	0	0	0	0	0	0	0	0	0	0	0	0	0	0	0	0	0	0	0	152	212	0	160	0	0	0	0	0	0	0	0	0	0	0	0	0	0	0	0	0	0	0	0	0	0	0	0	0	0	0	0	0	0	0	0	0	0	0	0	0	0	0	0	0	0	
60812	Frontal_Med_Orb_R	0	0	0	1504	0	5422	0	0	0	0	0	0	0	0	0	0	0	0	184	1080	194	418	848	3802	344	0	138	2844	0	0	356	4124	0	0	0	0	0	0	0	0	0	196	0	0	0	0	0	0	0	0	0	0	0	0	0	0	0	0	0	0	0	0	0	0	0	0	0	0	0	0	196	4058	0	4698	0	0	0	0	0	0	0	0	0	0	0	0	0	0	0	0	0	0	0	0	0	0	0	0	0	0	0	0	0	0	0	0	0	0	0	0	0	0	0	0	0	0	
47832	Rectus_L	0	0	126	0	4418	404	0	0	1412	0	0	0	0	0	1486	0	0	0	0	0	3046	2224	0	0	932	138	0	1330	1120	0	1136	1020	0	0	0	0	0	0	0	0	446	164	0	0	0	0	0	0	0	0	0	0	0	0	0	0	0	0	0	0	0	0	0	0	0	0	0	0	0	0	2532	1152	712	118	0	0	0	0	0	0	0	0	0	0	0	0	0	0	0	0	0	0	0	0	0	0	0	0	0	0	0	0	0	0	0	0	0	0	0	0	0	0	0	0	0	0	
63964	Rectus_R	0	0	0	0	386	4552	0	0	0	256	0	0	0	0	240	554	0	0	0	0	2638	4812	0	178	0	2844	1330	0	226	294	988	2360	0	0	0	0	0	0	0	0	158	992	0	0	0	0	0	0	0	0	0	0	0	0	0	0	0	0	0	0	0	0	0	0	0	0	0	0	0	0	2806	3846	1072	1450	0	0	0	0	0	0	0	0	0	0	0	0	0	0	0	0	0	0	0	0	0	0	0	0	0	0	0	0	0	0	0	0	0	0	0	0	0	0	0	0	0	0	
567760	Insula_L	8668	252	41126	320	18350	100	18204	226	7156	0	16332	134	18748	0	10036	0	17506	0	28056	700	2736	376	2190	168	0	0	1120	226	0	0	2892	1664	600	224	366	166	8988	172	1110	0	2858	0	252	0	220	0	330	0	260	0	1256	0	148	0	3294	0	3634	0	0	0	122	0	234	0	350	0	450	0	182	0	4020	1844	20502	366	252	0	1018	188	7944	0	7860	0	6620	0	4488	0	0	0	6276	0	0	0	0	0	0	0	0	0	0	0	0	0	0	0	0	0	0	0	0	0	0	0	0	0	0	0	
363404	Insula_R	0	1920	650	16144	90	2916	0	6234	0	2148	0	15476	118	20424	0	8188	0	14764	4196	13006	0	1012	1904	5660	0	0	0	294	0	0	812	7532	1018	7966	104	154	0	6678	0	1746	0	2090	0	0	0	0	0	0	0	0	0	0	0	92	0	3274	0	2350	0	0	0	0	0	0	0	0	0	0	0	380	272	894	0	17074	0	152	0	648	0	2454	0	5268	0	2488	0	1746	0	122	0	1112	0	132	0	0	0	0	0	0	0	0	0	0	0	0	0	0	0	0	0	0	0	0	0	0	0	0	
204356	Cingulum_Ant_L	0	0	12632	2246	3058	136	4124	320	568	0	0	328	1738	824	560	212	0	0	7816	2976	2314	1820	13342	1630	942	356	1136	988	2892	812	0	14950	5990	4208	0	0	0	0	0	0	0	134	0	0	0	0	0	0	0	0	0	0	0	0	0	0	0	0	0	0	0	0	0	0	0	0	0	0	0	0	5030	3032	3778	1286	0	0	0	0	0	0	0	0	0	0	0	0	0	0	0	0	0	0	0	0	0	0	0	0	0	0	0	0	0	0	0	0	0	0	0	0	0	0	0	0	0	0	
408936	Cingulum_Ant_R	0	0	4042	24478	1866	3994	902	1970	444	244	172	2848	844	7330	344	1840	0	0	10338	17084	2392	2242	8182	18996	390	4124	1020	2360	1664	7532	14950	0	2834	22560	100	132	0	0	0	0	0	310	0	0	0	0	0	0	0	0	0	0	0	0	0	0	0	0	0	0	0	0	0	0	0	0	0	0	0	0	5358	18814	1558	9734	0	0	0	476	0	0	0	0	0	0	0	0	0	0	0	0	0	0	0	0	0	0	0	0	0	0	0	0	0	0	0	0	0	0	0	0	0	0	0	0	0	0	
174756	Cingulum_Mid_L	1054	0	3190	694	144	0	1512	230	852	0	0	0	2044	990	364	180	0	0	10758	8006	0	0	4752	714	0	0	0	0	600	1018	5990	2834	0	14884	6120	984	0	0	0	0	0	0	188	0	2982	0	0	0	2216	0	1522	0	0	0	128	0	692	0	0	0	0	0	0	0	96	0	5664	758	3950	570	0	198	138	222	140	0	0	0	0	0	0	0	0	0	0	0	0	0	0	0	0	0	0	0	0	0	0	0	0	0	0	0	0	0	0	0	0	0	0	0	0	0	0	0	0	0	
637428	Cingulum_Mid_R	7330	3572	2006	15924	0	0	1124	2204	290	158	0	3660	816	9024	118	1786	0	0	27584	66936	0	0	8770	14986	0	0	0	0	224	7966	4208	22560	14884	0	14304	9906	516	776	0	392	0	0	0	3188	0	1774	0	210	0	626	0	522	0	548	218	2072	5214	2290	0	0	1916	0	0	0	0	0	774	8376	15254	25524	476	1446	1076	718	1652	0	1748	308	0	0	0	0	0	0	0	98	0	0	0	112	0	550	0	0	0	0	0	0	0	0	0	0	0	0	0	0	0	0	0	0	0	0	0	0	0	0	
259484	Cingulum_Post_L	4878	1380	360	206	0	0	106	0	0	0	0	0	0	0	0	0	0	0	3688	13508	0	0	0	0	0	0	0	0	366	104	0	100	6120	14304	0	9750	4980	3576	3482	2148	0	0	1242	0	4026	152	2010	208	416	0	408	0	110	0	2950	1708	5936	176	0	0	1954	0	0	0	0	0	8758	1488	7450	11758	154	104	332	194	636	0	2330	2700	152	0	0	0	0	0	424	0	0	0	524	0	144	476	0	0	0	0	0	1000	162	604	0	0	0	0	0	0	0	0	0	0	0	0	0	0	0	0	
182092	Cingulum_Post_R	1910	2786	204	144	0	0	0	0	0	0	0	0	0	0	0	0	0	0	754	7112	0	0	0	0	0	0	0	0	166	154	0	132	984	9906	9750	0	3476	6538	942	3894	0	0	0	1552	0	858	0	1764	0	0	0	0	0	396	208	4826	842	2362	0	0	90	0	0	0	0	0	586	8676	1350	7100	0	230	0	380	0	0	2302	4406	160	0	0	0	0	0	0	0	0	0	204	0	0	1296	0	0	0	0	0	1582	0	908	0	0	0	116	0	0	0	0	0	0	0	0	0	0	0	0	
270208	Hippocampus_L	6110	168	5588	0	134	0	2326	134	0	0	370	0	0	0	0	0	320	0	3412	1226	252	0	0	0	0	0	0	0	8988	0	0	0	0	516	4980	3476	0	3630	14386	2230	7274	0	518	0	0	0	3270	500	0	0	104	0	0	0	13680	1700	548	0	0	0	0	0	0	0	106	0	2362	308	1606	312	270	0	9414	264	3114	0	6038	3320	1834	0	2558	0	1872	0	1878	0	154	0	11114	0	270	396	0	0	0	0	274	980	266	554	0	0	0	0	0	0	0	0	0	0	0	0	0	0	0	0	
374296	Hippocampus_R	1408	3234	548	3772	0	0	0	484	0	0	0	336	0	0	0	0	0	906	532	4676	0	0	0	0	0	0	0	0	172	6678	0	0	0	776	3576	6538	3630	0	954	36258	0	8934	0	738	0	300	256	3712	0	200	0	104	0	504	232	38504	0	1276	0	0	0	92	0	382	0	0	0	3896	828	1596	0	280	124	9160	0	586	2412	9590	146	746	0	2414	0	2534	0	3280	0	796	198	6536	0	3480	0	0	0	0	208	5210	0	2950	0	0	0	350	0	0	0	0	0	0	116	0	0	0	0	0	
124692	ParaHippocampal_L	502	0	276	0	122	0	290	0	0	0	0	0	0	0	0	0	210	0	124	0	416	0	0	0	0	0	0	0	1110	0	0	0	0	0	3482	942	14386	954	0	738	2086	0	536	0	190	0	4412	602	0	0	104	0	452	0	11042	500	0	0	0	0	0	0	0	0	0	0	2950	308	0	0	154	0	1344	0	0	0	2188	854	344	0	294	0	254	0	444	0	110	0	2754	0	1942	0	0	0	342	262	1442	414	1950	0	0	0	0	0	0	0	0	0	106	414	0	0	0	0	0	0	
271536	ParaHippocampal_R	814	882	110	1266	0	0	0	94	0	0	0	92	0	0	0	0	0	392	108	2160	0	0	0	0	0	0	0	0	0	1746	0	0	0	392	2148	3894	2230	36258	738	0	0	5406	0	380	0	104	178	4248	0	0	0	0	0	294	152	31222	0	144	0	0	0	0	0	202	0	0	0	2856	450	340	0	208	0	3620	0	524	1254	6106	0	418	0	1492	0	2690	0	1588	0	1246	166	3060	0	3316	0	0	0	0	146	6400	0	3700	0	0	0	434	0	0	0	0	0	0	100	0	0	0	0	0	
45228	Amygdala_L	0	0	210	0	636	0	0	0	294	0	0	0	0	0	338	0	0	0	126	0	1390	272	0	0	0	0	446	158	2858	0	0	0	0	0	0	0	7274	0	2086	0	0	0	0	0	0	0	0	0	0	0	0	0	0	0	2940	0	0	0	0	0	0	0	0	0	0	0	0	0	0	0	362	160	572	0	0	0	0	0	0	0	0	0	1192	0	0	0	0	0	1300	0	0	0	0	0	0	0	0	0	0	0	0	0	0	0	0	0	0	0	0	0	0	0	0	0	0	0	
67832	Amygdala_R	0	0	0	0	0	388	0	0	0	0	0	0	0	0	0	106	0	0	0	0	758	1312	0	0	0	196	164	992	0	2090	134	310	0	0	0	0	0	8934	0	5406	0	0	0	0	0	0	0	0	0	0	0	0	0	0	0	5272	0	0	0	0	0	0	0	0	0	0	0	0	0	0	812	1172	544	1066	0	0	0	0	0	0	0	0	0	2834	0	176	0	328	0	922	0	0	0	0	0	0	0	0	0	0	0	0	0	0	0	0	0	0	0	0	0	0	0	0	0	0	
315524	Calcarine_L	0	0	0	0	0	0	0	0	0	0	0	0	0	0	0	0	210	0	0	0	0	0	0	0	0	0	0	0	252	0	0	0	188	0	1242	0	518	0	536	0	0	0	0	11772	17130	9790	14918	3600	12390	4920	34066	1484	8944	288	3480	424	952	0	0	148	264	0	0	0	594	106	11122	1254	266	104	0	0	0	0	0	0	0	0	154	0	0	0	0	0	7154	0	0	0	1710	0	920	106	0	92	0	92	1248	476	1780	272	0	0	0	110	0	98	0	0	0	0	1566	574	112	186	150	0	
401028	Calcarine_R	0	1692	0	0	0	0	0	0	0	0	0	0	0	0	0	0	0	0	0	1012	0	0	0	0	0	0	0	0	0	0	0	0	0	3188	0	1552	0	738	0	380	0	0	11772	0	5718	38400	2246	22016	650	29464	276	15150	0	10656	0	14352	0	1892	0	964	0	290	0	266	0	1304	968	24062	140	3588	0	0	0	0	0	0	0	0	0	0	0	302	0	0	0	3468	0	0	0	3008	0	396	0	0	0	0	0	0	136	144	0	0	0	0	0	0	0	0	0	0	164	160	0	0	0	0	
210120	Cuneus_L	158	0	0	0	0	0	0	0	0	0	0	0	0	0	0	0	0	0	0	0	0	0	0	0	0	0	0	0	220	0	0	0	2982	0	4026	0	0	0	190	0	0	0	17130	5718	0	8588	926	758	22464	2896	17090	246	756	158	1012	140	648	0	1110	0	456	0	0	0	840	0	12740	1350	234	0	0	0	0	0	0	0	0	0	0	0	0	0	0	0	1742	0	0	0	482	0	0	0	0	0	0	0	0	0	0	0	0	0	0	0	0	0	0	0	0	0	0	0	0	0	0	0	
445896	Cuneus_R	0	2690	0	0	0	0	0	0	0	0	0	0	0	0	0	0	0	0	0	484	0	0	0	0	0	0	0	0	0	0	0	0	0	1774	152	858	0	300	0	104	0	0	9790	38400	8588	0	1162	5444	798	53492	290	23328	0	3210	0	1732	0	2816	0	9302	0	3140	0	2076	0	6694	3916	27680	96	3154	0	0	0	226	0	0	0	0	0	0	0	2178	0	0	0	7434	0	0	0	1640	0	0	0	0	0	0	0	0	0	0	0	0	0	0	0	0	0	0	0	0	0	0	0	0	0	0	
374248	Lingual_L	196	0	0	0	0	0	0	0	0	0	0	0	0	0	0	0	128	0	0	0	0	0	0	0	0	0	0	0	330	0	0	0	0	0	2010	0	3270	256	4412	178	0	0	14918	2246	926	1162	0	6172	2532	140	11018	0	11578	0	27194	516	0	0	0	0	0	0	0	0	0	0	4012	184	110	0	0	0	102	0	0	0	708	154	242	0	0	0	0	0	498	0	0	0	530	0	20012	994	794	326	142	110	22750	728	30558	1656	162	0	478	158	214	166	0	0	0	104	4980	5816	500	370	274	110	
353512	Lingual_R	0	100	0	0	0	0	0	0	0	0	0	0	0	0	0	0	0	0	0	636	0	0	0	0	0	0	0	0	0	0	0	0	0	210	208	1764	500	3712	602	4248	0	0	3600	22016	758	5444	6172	0	116	3634	386	1870	940	5214	2276	22384	0	0	0	0	0	0	0	0	0	116	92	7724	0	268	0	262	0	0	0	0	178	1638	0	0	0	0	0	0	0	192	0	0	0	124	4928	10790	1364	1150	244	624	3338	9502	10118	14182	0	0	266	178	98	0	0	0	0	220	8154	12380	1300	236	180	120	
262736	Occipital_Sup_L	594	0	0	0	0	0	0	0	0	0	0	0	0	0	0	0	616	0	0	0	0	0	0	0	0	0	0	0	260	0	0	0	2216	0	416	0	0	0	0	0	0	0	12390	650	22464	798	2532	116	0	256	41838	0	1192	0	150	0	1820	0	9032	0	7086	0	992	0	11302	0	8398	0	164	0	0	0	0	0	0	0	0	0	0	0	648	0	0	0	4246	0	0	0	1192	0	0	0	0	0	0	0	0	0	0	0	0	0	0	0	0	0	0	0	0	0	0	0	0	0	0	0	
400056	Occipital_Sup_R	0	1978	0	0	0	0	0	0	0	0	0	0	0	0	0	0	0	0	0	136	0	0	0	0	0	0	0	0	0	0	0	0	0	626	0	0	0	200	0	0	0	0	4920	29464	2896	53492	140	3634	256	0	0	34480	0	3180	0	1264	0	2126	0	14036	0	3194	0	1988	0	9100	1296	19268	0	1894	0	0	0	250	0	0	0	0	0	0	0	1630	0	0	0	7216	0	0	0	1364	0	0	0	0	0	0	0	0	0	0	0	0	0	0	0	0	0	0	0	0	0	0	0	0	0	0	
534840	Occipital_Mid_L	2282	0	0	0	0	0	314	0	0	0	0	0	0	0	0	0	2304	0	0	0	0	0	0	0	0	0	0	0	1256	0	0	0	1522	0	408	0	104	0	104	0	0	0	34066	276	17090	290	11018	386	41838	0	0	0	23176	0	5222	0	9256	0	13028	0	15982	0	2568	0	28836	0	13100	0	674	0	0	0	0	0	0	0	0	0	478	0	1848	0	0	0	29378	0	0	0	7392	0	366	0	0	0	0	0	552	0	1570	0	0	0	0	0	0	0	0	0	0	0	300	436	0	0	0	0	
268292	Occipital_Mid_R	0	902	0	0	0	0	0	0	0	0	0	0	0	0	0	0	0	0	0	102	0	0	0	0	0	0	0	0	0	0	0	0	0	522	0	0	0	104	0	0	0	0	1484	15150	246	23328	0	1870	0	34480	0	0	0	4864	0	906	0	1408	0	8754	0	1746	0	612	0	12568	852	10808	0	1362	0	0	0	0	0	0	0	0	0	0	0	886	0	0	0	9692	0	0	0	1500	0	0	0	0	0	0	0	0	0	0	0	0	0	0	0	0	0	0	0	0	0	0	0	0	0	0	
156224	Occipital_Inf_L	0	0	0	0	0	0	0	0	0	0	0	0	0	0	0	0	104	0	0	0	0	0	0	0	0	0	0	0	148	0	0	0	0	0	110	0	0	0	452	0	0	0	8944	0	756	0	11578	940	1192	0	23176	0	0	0	9992	140	728	0	0	0	118	0	0	0	502	0	906	0	0	0	0	0	0	0	0	0	0	0	204	0	0	0	0	0	5080	0	0	0	4880	0	906	104	0	0	0	0	1446	0	3372	340	0	0	0	0	0	0	0	0	0	0	788	1206	0	0	0	0	
148340	Occipital_Inf_R	0	3196	0	0	0	0	0	0	0	0	0	0	0	0	0	0	0	114	0	508	0	0	0	0	0	0	0	0	0	92	0	0	0	548	0	396	0	504	0	294	0	0	288	10656	158	3210	0	5214	0	3180	0	4864	0	0	0	12256	0	2702	0	154	0	372	0	372	0	1024	0	3240	0	2510	0	0	0	0	0	0	0	0	0	0	0	604	0	0	0	4826	0	0	0	8400	196	968	0	0	0	0	204	378	412	1010	0	0	0	0	0	0	0	0	0	0	634	686	0	0	0	0	
482428	Fusiform_L	1712	0	1012	0	0	0	182	0	0	0	0	0	0	0	0	0	560	0	1138	226	0	0	0	0	0	0	0	0	3294	0	0	0	128	218	2950	208	13680	232	11042	152	2940	0	3480	0	1012	0	27194	2276	150	0	5222	0	9992	0	0	460	768	0	0	0	122	0	0	0	128	0	4238	110	700	194	0	0	1600	0	0	0	1212	236	1880	0	3098	0	1042	0	7094	0	1014	0	20258	0	32502	1122	1026	766	406	0	19370	348	39260	1832	246	184	700	582	136	0	0	0	0	166	3768	3868	806	692	280	0	
592268	Fusiform_R	664	4988	0	1056	0	0	0	0	0	0	0	0	0	0	0	0	0	1112	0	3644	0	0	0	0	0	0	0	0	0	3274	0	0	0	2072	1708	4826	1700	38504	500	31222	0	5272	424	14352	140	1732	516	22384	0	1264	0	906	140	12256	460	0	0	3086	0	0	0	556	0	2714	0	1172	0	10790	344	4164	0	130	0	2118	0	302	966	4690	0	682	0	5378	0	5570	0	6298	0	2252	134	20814	798	20810	134	420	190	486	1564	13352	2300	19926	0	0	158	524	0	0	0	0	0	170	4324	3346	138	108	0	110	
328084	Postcentral_L	27718	846	3192	0	0	0	1464	0	0	0	3150	0	116	0	0	0	7684	0	5508	5356	0	0	0	0	0	0	0	0	3634	0	0	0	692	5214	5936	842	548	0	0	0	0	0	952	0	648	0	0	0	1820	0	9256	0	728	0	768	0	0	0	6024	0	22486	0	12688	0	2614	0	3888	0	7554	4762	292	0	236	0	116	0	808	0	3582	0	5384	0	0	0	5884	0	0	0	1652	0	0	0	0	0	0	0	0	0	0	0	0	0	0	0	0	0	0	0	0	0	0	0	0	0	0	0	
251528	Postcentral_R	0	28404	144	474	0	0	0	1528	0	0	0	2854	0	0	0	0	0	3502	136	3224	0	0	0	0	0	0	0	0	0	2350	0	0	0	2290	176	2362	0	1276	0	144	0	0	0	1892	0	2816	0	0	0	2126	0	1408	0	2702	0	3086	0	0	0	2726	0	10344	0	17326	0	1442	0	5484	0	20274	0	110	0	442	0	0	0	0	0	128	0	2184	0	0	0	780	0	0	0	1346	0	284	0	0	0	0	0	0	0	0	0	0	0	0	0	0	0	0	0	0	0	0	0	0	0	0	
111524	Parietal_Sup_L	0	0	0	0	0	0	0	0	0	0	0	0	0	0	0	0	200	0	0	0	0	0	0	0	0	0	0	0	0	0	0	0	0	0	0	0	0	0	0	0	0	0	0	0	1110	0	0	0	9032	0	13028	0	0	0	0	0	6024	0	0	0	10328	0	0	0	3320	0	10964	0	1416	0	0	0	0	0	0	0	0	0	0	0	162	0	0	0	178	0	0	0	0	0	0	0	0	0	0	0	0	0	0	0	0	0	0	0	0	0	0	0	0	0	0	0	0	0	0	0	
126372	Parietal_Sup_R	0	778	0	0	0	0	0	0	0	0	0	0	0	0	0	0	0	0	0	0	0	0	0	0	0	0	0	0	0	0	0	0	0	0	0	0	0	0	0	0	0	0	148	964	0	9302	0	0	0	14036	0	8754	0	154	0	0	0	2726	0	0	0	4678	0	1274	0	8568	380	8866	0	1558	0	0	0	0	0	0	0	0	0	0	0	180	0	0	0	690	0	0	0	130	0	0	0	0	0	0	0	0	0	0	0	0	0	0	0	0	0	0	0	0	0	0	0	0	0	0	
276400	Parietal_Inf_L	6076	0	0	0	0	0	232	0	0	0	0	0	0	0	0	0	356	0	186	1912	0	0	0	0	0	0	0	0	122	0	0	0	0	1916	1954	90	0	0	0	0	0	0	264	0	456	0	0	0	7086	0	15982	0	118	0	122	0	22486	0	10328	0	0	0	18792	0	21624	0	4506	0	4236	1874	0	0	0	0	0	0	92	0	0	0	2846	0	0	0	9916	0	0	0	4628	0	0	0	0	0	0	0	0	0	0	0	0	0	0	0	0	0	0	0	0	0	0	0	0	0	0	0	
125796	Parietal_Inf_R	0	3838	0	0	0	0	0	314	0	0	0	146	0	0	0	0	0	0	0	0	0	0	0	0	0	0	0	0	0	0	0	0	0	0	0	0	0	92	0	0	0	0	0	290	0	3140	0	0	0	3194	0	1746	0	372	0	556	0	10344	0	4678	0	0	0	14202	0	12382	0	780	0	1598	0	0	0	0	0	0	0	0	0	0	0	1554	0	0	0	1876	0	0	0	1796	0	0	0	0	0	0	0	0	0	0	0	0	0	0	0	0	0	0	0	0	0	0	0	0	0	0	
144848	SupraMarginal_L	4326	0	164	0	0	0	0	0	0	0	0	0	0	0	0	0	2018	0	890	0	0	0	0	0	0	0	0	0	234	0	0	0	0	0	0	0	0	0	0	0	0	0	0	0	0	0	0	0	992	0	2568	0	0	0	0	0	12688	0	0	0	18792	0	0	0	9422	0	0	0	232	0	0	0	0	0	0	0	0	0	302	0	8162	0	0	0	9006	0	0	0	2628	0	0	0	0	0	0	0	0	0	0	0	0	0	0	0	0	0	0	0	0	0	0	0	0	0	0	0	
156556	SupraMarginal_R	0	4694	0	108	0	0	0	538	0	0	0	256	0	0	0	0	0	3298	0	0	0	0	0	0	0	0	0	0	0	0	0	0	0	0	0	0	0	382	0	202	0	0	0	266	0	2076	0	0	0	1988	0	612	0	372	0	2714	0	17326	0	1274	0	14202	0	0	0	6552	0	640	0	1134	0	0	0	0	0	0	0	0	0	444	0	12234	0	0	0	3770	0	0	0	2908	0	288	0	0	0	0	0	0	0	0	0	0	0	0	0	0	0	0	0	0	0	0	0	0	0	0	
233768	Angular_L	2148	0	0	0	0	0	370	0	0	0	0	0	0	0	0	0	1666	0	0	0	0	0	0	0	0	0	0	0	350	0	0	0	96	0	0	0	106	0	0	0	0	0	594	0	840	0	0	0	11302	0	28836	0	502	0	128	0	2614	0	3320	0	21624	0	9422	0	0	0	3216	0	298	0	0	0	0	0	0	0	0	0	0	0	3826	0	0	0	18504	0	0	0	7122	0	0	0	0	0	0	0	0	0	0	0	0	0	0	0	0	0	0	0	0	0	0	0	0	0	0	0	
158036	Angular_R	0	916	0	0	0	0	0	0	0	0	0	0	0	0	0	0	0	0	0	0	0	0	0	0	0	0	0	0	0	0	0	0	0	0	0	0	0	0	0	0	0	0	106	1304	0	6694	0	116	0	9100	0	12568	0	1024	0	1172	0	1442	0	8568	0	12382	0	6552	0	0	154	2174	0	872	0	0	0	0	0	0	0	0	0	0	0	4262	0	0	0	6756	0	0	0	2856	0	0	0	0	0	0	0	0	0	0	0	0	0	0	0	0	0	0	0	0	0	0	0	0	0	0	
246376	Precuneus_L	264	0	0	0	0	0	100	0	0	0	0	0	0	0	0	0	300	0	0	128	0	0	0	0	0	0	0	0	450	0	0	0	5664	774	8758	586	2362	0	2950	0	0	0	11122	968	12740	3916	4012	92	8398	1296	13100	852	906	0	4238	0	3888	0	10964	380	4506	0	0	0	3216	154	0	7564	1544	162	0	0	0	0	0	0	300	0	184	0	142	0	0	0	4336	0	0	0	1466	0	196	0	0	0	0	0	0	0	210	0	0	0	0	0	0	0	0	0	0	0	0	0	0	0	0	0	
370604	Precuneus_R	112	4072	0	0	0	0	0	0	0	0	0	0	0	0	0	0	0	112	0	3060	0	0	0	0	0	0	0	0	0	0	0	0	758	8376	1488	8676	308	3896	308	2856	0	0	1254	24062	1350	27680	184	7724	0	19268	0	10808	0	3240	110	10790	0	5484	0	8866	0	780	0	640	0	2174	7564	0	492	8810	0	102	0	228	0	0	0	888	0	0	0	1796	0	0	0	2834	0	0	0	1420	0	1102	0	0	0	0	0	918	0	564	0	0	0	0	0	0	0	0	0	0	148	0	0	0	0	0	
214312	Paracentral_Lobule_L	17616	114	2222	364	0	0	482	0	0	0	0	0	0	0	0	0	0	0	8952	15520	0	0	0	0	0	0	0	0	182	0	0	0	3950	15254	7450	1350	1606	828	0	450	0	0	266	140	234	96	110	0	164	0	674	0	0	0	700	344	7554	0	1416	0	4236	0	232	0	298	0	1544	492	0	5850	380	0	1330	0	1006	0	1566	822	0	0	112	0	0	0	452	0	0	0	382	0	0	122	0	0	0	0	0	126	0	168	0	0	0	0	0	0	0	0	0	0	0	0	0	0	0	0	
332104	Paracentral_Lobule_R	2872	20070	118	562	0	0	0	838	0	0	0	328	0	0	0	0	0	0	1382	23196	0	0	0	0	0	0	0	0	0	380	0	0	570	25524	11758	7100	312	1596	0	340	0	0	104	3588	0	3154	0	268	0	1894	0	1362	0	2510	194	4164	4762	20274	0	1558	1874	1598	0	1134	0	872	162	8810	5850	0	128	162	206	0	392	0	1050	94	0	0	0	834	0	0	0	516	0	0	0	1070	0	522	0	0	0	0	0	0	0	0	0	0	0	0	0	0	0	0	0	0	0	0	0	0	0	0	
230452	Caudate_L	1096	376	8892	960	4934	954	1318	786	324	0	200	254	1616	0	1662	104	0	98	6902	2290	6666	8068	534	0	152	196	2532	2806	4020	272	5030	5358	0	476	154	0	270	0	154	0	362	812	0	0	0	0	0	0	0	0	0	0	0	0	0	0	292	0	0	0	0	0	0	0	0	0	0	0	380	128	0	12790	12590	3476	2780	340	11100	722	0	0	0	0	0	0	0	0	0	0	0	0	0	0	0	0	0	0	0	0	0	0	0	0	0	0	0	0	0	0	0	0	0	0	0	0	0	0	
318740	Caudate_R	492	100	3472	9694	2058	3812	590	156	162	364	134	618	376	456	470	434	0	694	3626	29448	4250	7180	106	1322	212	4058	1152	3846	1844	894	3032	18814	198	1446	104	230	0	280	0	208	160	1172	0	0	0	0	0	262	0	0	0	0	0	0	0	130	0	110	0	0	0	0	0	0	0	0	0	102	0	162	12790	0	4228	15760	292	2230	1316	14000	0	144	0	90	0	0	0	0	0	0	0	0	0	0	0	0	0	0	0	90	0	0	0	0	0	0	0	0	0	0	0	0	0	0	0	0	0	0	
366264	Putamen_L	4276	762	26250	346	14912	274	7524	502	3264	0	1976	0	3220	0	5138	0	1058	0	20266	2726	3282	3852	1144	0	0	0	712	1072	20502	0	3778	1558	138	1076	332	0	9414	124	1344	0	572	544	0	0	0	0	102	0	0	0	0	0	0	0	1600	0	236	0	0	0	0	0	0	0	0	0	0	0	1330	206	12590	4228	0	1946	10426	116	2388	206	302	0	1338	0	1060	0	556	0	0	0	2564	0	0	0	0	0	0	0	0	0	0	0	0	0	0	0	0	0	0	0	0	0	0	0	0	0	0	0	
293516	Putamen_R	100	736	1866	12416	272	8708	0	1896	0	2514	0	3518	0	2342	0	2048	0	3124	2206	15788	1012	2236	174	3844	160	4698	118	1450	366	17074	1286	9734	222	718	194	380	264	9160	0	3620	0	1066	0	0	0	226	0	0	0	250	0	0	0	0	0	2118	0	442	0	0	0	0	0	0	0	0	0	228	0	0	3476	15760	1946	0	224	2928	296	2152	0	366	0	462	0	224	0	152	0	0	0	198	0	0	0	0	0	0	0	0	0	0	0	0	0	0	0	0	0	0	0	0	0	0	0	0	0	0	
80392	Pallidum_L	1950	116	5390	146	0	0	838	0	0	0	0	0	0	0	0	0	246	0	4200	2882	0	160	0	0	0	0	0	0	252	0	0	0	140	1652	636	0	3114	0	0	0	0	0	0	0	0	0	0	0	0	0	0	0	0	0	0	0	116	0	0	0	0	0	0	0	0	0	0	0	1006	392	2780	292	10426	224	0	0	3238	0	0	0	0	0	0	0	0	0	0	0	0	0	0	0	0	0	0	0	0	0	0	0	0	0	0	0	0	0	0	0	0	0	0	0	0	0	0	0	
25468	Pallidum_R	0	0	346	1360	0	0	0	0	0	0	0	0	0	0	0	0	0	514	376	2820	0	0	0	0	0	0	0	0	0	152	0	0	0	0	0	0	0	586	0	524	0	0	0	0	0	0	0	0	0	0	0	0	0	0	0	302	0	0	0	0	0	0	0	0	0	0	0	0	0	0	340	2230	116	2928	0	0	0	0	0	140	0	0	0	0	0	0	0	0	0	0	0	0	0	0	0	0	0	0	0	0	0	0	0	0	0	0	0	0	0	0	0	0	0	0	0	0	
147056	Thalamus_L	8940	0	2688	108	0	0	440	0	0	0	122	0	0	0	0	0	160	0	1106	4258	0	0	0	0	0	0	0	0	1018	0	0	0	0	1748	2330	2302	6038	2412	2188	1254	0	0	0	0	0	0	708	178	0	0	0	0	0	0	1212	966	808	0	0	0	92	0	0	0	0	0	300	0	1566	1050	11100	1316	2388	296	3238	0	0	8900	146	0	156	0	0	0	184	0	0	0	1036	0	0	210	0	0	0	0	0	260	0	306	0	0	0	0	0	0	0	0	0	0	0	0	0	0	0	0	
202896	Thalamus_R	2486	194	932	9602	146	0	96	258	0	0	0	98	176	0	160	0	0	156	652	18940	0	0	0	0	0	0	0	0	188	648	0	476	0	308	2700	4406	3320	9590	854	6106	0	0	0	0	0	0	154	1638	0	0	0	0	0	0	236	4690	0	0	0	0	0	0	0	0	0	0	0	888	822	94	722	14000	206	2152	0	0	8900	0	140	0	0	186	0	0	0	0	0	0	230	0	0	956	0	0	0	0	0	1640	0	1188	0	0	0	114	0	0	0	0	0	0	0	0	0	0	0	0	
85220	Heschl_L	4592	0	1050	0	0	0	1026	0	0	0	1232	0	0	0	0	0	5420	0	704	0	0	0	0	0	0	0	0	0	7944	0	0	0	0	0	152	160	1834	146	344	0	0	0	154	0	0	0	242	0	0	0	478	0	204	0	1880	0	3582	0	0	0	0	0	302	0	0	0	184	0	0	0	0	0	302	0	0	0	146	140	0	0	3724	0	0	0	3652	0	0	0	3016	0	0	0	0	0	0	0	0	0	0	0	0	0	0	0	0	0	0	0	0	0	0	0	0	0	0	0	
31028	Heschl_R	0	0	0	0	0	0	0	0	0	0	0	0	0	0	0	0	0	2220	0	0	0	0	0	0	0	0	0	0	0	2454	0	0	0	0	0	0	0	746	0	418	0	0	0	0	0	0	0	0	0	0	0	0	0	0	0	682	0	128	0	0	0	0	0	444	0	0	0	0	0	0	0	144	0	366	0	140	0	0	0	0	0	5580	0	0	0	2012	0	0	0	180	0	0	0	0	0	0	0	0	0	0	0	0	0	0	0	0	0	0	0	0	0	0	0	0	0	0	
223752	Temporal_Sup_L	3060	0	3410	0	0	0	654	0	0	0	1846	0	112	0	0	0	7932	0	4162	0	0	0	0	0	0	0	0	0	7860	0	0	0	0	0	0	0	2558	0	294	0	0	0	0	0	0	0	0	0	648	0	1848	0	0	0	3098	0	5384	0	162	0	2846	0	8162	0	3826	0	142	0	112	0	0	0	1338	0	0	0	156	0	3724	0	0	0	4448	0	28392	0	176	0	15280	0	130	0	0	0	0	0	0	0	116	0	0	0	0	0	0	0	0	0	0	0	0	0	0	0	0	0	
191548	Temporal_Sup_R	0	1894	0	238	0	0	0	0	0	0	0	404	0	0	0	1792	0	7602	0	440	0	0	0	0	0	0	0	0	0	5268	0	0	0	0	0	0	0	2414	0	1492	0	0	0	302	0	2178	0	0	0	1630	0	886	0	604	0	5378	0	2184	0	180	0	1554	0	12234	0	4262	0	1796	0	834	0	90	0	462	0	0	0	186	0	5580	0	0	0	4570	0	22056	0	894	0	6214	0	156	0	0	0	0	0	0	0	0	0	0	0	0	0	0	0	0	0	0	0	0	0	0	0	0	
83700	Temporal_Pole_Sup_L	0	0	2516	0	544	0	584	0	186	0	3288	0	168	0	488	0	3080	0	2156	0	438	0	0	0	0	0	0	0	6620	0	0	0	0	0	0	0	1872	0	254	0	1192	0	0	0	0	0	0	0	0	0	0	0	0	0	1042	0	0	0	0	0	0	0	0	0	0	0	0	0	0	0	0	0	1060	0	0	0	0	0	0	0	4448	0	0	0	4896	0	2726	0	4292	0	0	0	0	0	0	0	0	0	0	0	0	0	0	0	0	0	0	0	0	0	0	0	0	0	0	0	
71524	Temporal_Pole_Sup_R	0	0	0	648	0	0	0	176	0	0	0	1142	0	156	0	2266	0	1386	216	700	0	126	0	0	0	0	0	0	0	2488	0	0	0	0	0	0	0	2534	0	2690	0	2834	0	0	0	0	0	0	0	0	0	0	0	0	0	5570	0	0	0	0	0	0	0	0	0	0	0	0	0	0	0	0	0	224	0	0	0	0	0	0	0	4570	0	0	0	2826	0	3194	0	2016	0	0	0	0	0	0	0	0	0	0	0	0	0	0	0	0	0	0	0	0	0	0	0	0	0	0	
426396	Temporal_Mid_L	3634	0	666	0	0	0	480	0	0	0	0	0	0	0	0	0	3588	0	776	0	0	0	0	0	0	0	0	0	4488	0	0	0	0	0	424	0	1878	0	444	0	0	0	7154	0	1742	0	498	0	4246	0	29378	0	5080	0	7094	0	5884	0	178	0	9916	0	9006	0	18504	0	4336	0	452	0	0	0	556	0	0	0	184	0	3652	0	28392	0	4896	0	0	0	3934	0	51296	0	224	0	0	0	0	0	0	0	218	0	0	0	0	0	0	0	0	0	0	0	0	0	0	0	0	0	
238976	Temporal_Mid_R	0	982	0	0	0	0	0	0	0	0	0	0	0	0	0	468	0	726	0	0	0	0	0	0	0	0	0	0	0	1746	0	0	0	98	0	0	0	3280	0	1588	0	176	0	3468	0	7434	0	192	0	7216	0	9692	0	4826	0	6298	0	780	0	690	0	1876	0	3770	0	6756	0	2834	0	516	0	0	0	152	0	0	0	0	0	2012	0	22056	0	2826	0	0	0	2536	0	24494	0	0	0	0	0	0	0	0	0	0	0	0	0	0	0	0	0	0	0	0	0	0	0	0	0	0	
23516	Temporal_Pole_Mid_L	0	0	0	0	0	0	0	0	0	0	0	0	0	0	0	0	0	0	0	0	0	0	0	0	0	0	0	0	0	0	0	0	0	0	0	0	154	0	110	0	0	0	0	0	0	0	0	0	0	0	0	0	0	0	1014	0	0	0	0	0	0	0	0	0	0	0	0	0	0	0	0	0	0	0	0	0	0	0	0	0	176	0	2726	0	3934	0	0	0	3644	0	0	0	0	0	0	0	0	0	0	0	0	0	0	0	0	0	0	0	0	0	0	0	0	0	0	0	
26848	Temporal_Pole_Mid_R	0	0	0	0	0	0	0	0	0	0	0	0	0	0	0	122	0	0	0	0	0	0	0	0	0	0	0	0	0	122	0	0	0	0	0	0	0	796	0	1246	0	328	0	0	0	0	0	0	0	0	0	0	0	0	0	2252	0	0	0	0	0	0	0	0	0	0	0	0	0	0	0	0	0	0	0	0	0	0	0	0	0	894	0	3194	0	2536	0	0	0	1934	0	0	0	0	0	0	0	0	0	0	0	0	0	0	0	0	0	0	0	0	0	0	0	0	0	0	
352092	Temporal_Inf_L	2972	0	2126	0	0	0	504	0	0	0	0	0	0	0	0	0	1292	0	2436	0	0	0	0	0	0	0	0	0	6276	0	0	0	0	0	524	204	11114	198	2754	166	1300	0	1710	0	482	0	530	0	1192	0	7392	0	4880	0	20258	134	1652	0	0	0	4628	0	2628	0	7122	0	1466	0	382	0	0	0	2564	0	0	0	1036	230	3016	0	15280	0	4292	0	51296	0	3644	0	0	0	4140	0	118	0	206	0	958	0	2944	0	0	0	0	0	0	0	0	0	0	0	0	0	0	0	0	0	
197816	Temporal_Inf_R	0	1500	0	0	0	0	0	0	0	0	0	0	0	0	0	0	0	206	0	118	0	0	0	0	0	0	0	0	0	1112	0	0	0	112	0	0	0	6536	0	3060	0	922	0	3008	0	1640	0	124	0	1364	0	1500	0	8400	0	20814	0	1346	0	130	0	1796	0	2908	0	2856	0	1420	0	1070	0	0	0	198	0	0	0	0	0	180	0	6214	0	2016	0	24494	0	1934	0	0	0	1224	0	0	0	0	0	202	0	504	0	0	0	0	0	0	0	0	0	0	0	0	0	0	0	0	
685888	Cerebelum_Crus1_L	0	0	0	0	0	0	0	0	0	0	0	0	0	0	0	0	0	0	0	0	0	0	0	0	0	0	0	0	0	0	0	0	0	0	144	0	270	0	1942	0	0	0	920	0	0	0	20012	4928	0	0	366	0	906	196	32502	798	0	0	0	0	0	0	0	0	0	0	196	0	0	0	0	0	0	0	0	0	0	0	0	0	130	0	0	0	224	0	0	0	4140	0	0	11738	42654	12342	1734	400	31284	3220	73088	11884	12726	2284	19688	2276	1192	180	650	0	120	384	9332	21016	13852	2396	830	0	
658308	Cerebelum_Crus1_R	204	752	0	0	0	0	0	0	0	0	0	0	0	0	0	0	0	256	0	806	0	0	0	0	0	0	0	0	0	132	0	0	0	550	476	1296	396	3480	0	3316	0	0	106	396	0	0	994	10790	0	0	0	0	104	968	1122	20810	0	284	0	0	0	0	0	288	0	0	0	1102	122	522	0	0	0	0	0	0	210	956	0	0	0	156	0	0	0	0	0	0	0	1224	11738	0	3712	48076	680	2916	4986	28640	15702	69480	664	9816	3014	20610	326	2602	0	380	174	1034	14506	25246	8358	2772	1134	770	
407916	Cerebelum_Crus2_L	0	0	0	0	0	0	0	0	0	0	0	0	0	0	0	0	0	0	0	0	0	0	0	0	0	0	0	0	0	0	0	0	0	0	0	0	0	0	0	0	0	0	0	0	0	0	794	1364	0	0	0	0	0	0	1026	134	0	0	0	0	0	0	0	0	0	0	0	0	0	0	0	0	0	0	0	0	0	0	0	0	0	0	0	0	0	0	0	0	118	0	42654	3712	0	14160	232	282	1996	432	10452	2860	40072	4334	37872	1904	7080	136	1776	0	0	0	878	8346	17042	4086	216	0	
497328	Cerebelum_Crus2_R	0	0	0	0	0	0	0	0	0	0	0	0	0	0	0	0	0	0	0	0	0	0	0	0	0	0	0	0	0	0	0	0	0	0	0	0	0	0	0	0	0	0	92	0	0	0	326	1150	0	0	0	0	0	0	766	420	0	0	0	0	0	0	0	0	0	0	0	0	0	0	0	0	0	0	0	0	0	0	0	0	0	0	0	0	0	0	0	0	0	0	12342	48076	14160	0	770	1806	4094	3534	7424	18776	7948	28174	6524	37028	404	4490	0	568	136	614	4710	11670	21018	8930	2152	562	
81576	Cerebelum_3_L	0	0	0	0	0	0	0	0	0	0	0	0	0	0	0	0	0	0	0	0	0	0	0	0	0	0	0	0	0	0	0	0	0	0	0	0	0	0	342	0	0	0	0	0	0	0	142	244	0	0	0	0	0	0	406	190	0	0	0	0	0	0	0	0	0	0	0	0	0	0	0	0	0	0	0	0	0	0	0	0	0	0	0	0	0	0	0	0	206	0	1734	680	232	770	0	320	9614	102	3562	808	226	232	1036	724	1910	1172	130	0	1380	2762	4064	2040	1534	2052	1626	548	
92548	Cerebelum_3_R	0	0	0	0	0	0	0	0	0	0	0	0	0	0	0	0	0	0	0	0	0	0	0	0	0	0	0	0	0	0	0	0	0	0	0	0	0	0	262	0	0	0	92	0	0	0	110	624	0	0	0	0	0	0	0	486	0	0	0	0	0	0	0	0	0	0	0	0	0	0	0	0	0	0	0	0	0	0	0	0	0	0	0	0	0	0	0	0	0	0	400	2916	282	1806	320	0	656	7884	206	6482	0	710	0	2188	0	2984	0	0	630	6184	4458	914	624	2414	2392	250	
464356	Cerebelum_4_5_L	0	0	0	0	0	0	0	0	0	0	0	0	0	0	0	0	0	0	0	0	0	0	0	0	0	0	0	0	0	0	0	0	0	0	0	0	274	208	1442	146	0	0	1248	0	0	0	22750	3338	0	0	552	0	1446	204	19370	1564	0	0	0	0	0	0	0	0	0	0	0	0	0	0	0	0	0	0	0	0	0	0	0	0	0	0	0	0	0	0	0	0	958	0	31284	4986	1996	4094	9614	656	0	2906	47546	6920	1392	1184	3604	3198	5272	2110	296	0	1306	2710	19834	11438	5192	5786	3672	1682	
358800	Cerebelum_4_5_R	260	0	0	184	0	0	0	0	0	0	0	0	0	0	0	0	0	0	0	430	0	0	0	0	0	0	0	0	0	0	0	0	0	0	1000	1582	980	5210	414	6400	0	0	476	0	0	0	728	9502	0	0	0	0	0	378	348	13352	0	0	0	0	0	0	0	0	0	0	0	918	126	0	0	90	0	0	0	0	260	1640	0	0	0	0	0	0	0	0	0	0	0	202	3220	28640	432	3534	102	7884	2906	0	5072	39192	152	758	1336	2962	272	1834	0	130	98	2418	18454	8816	1236	2520	2212	740	
715340	Cerebelum_6_L	0	0	0	0	0	0	0	0	0	0	0	0	0	0	0	0	0	0	0	0	0	0	0	0	0	0	0	0	0	0	0	0	0	0	162	0	266	0	1950	0	0	0	1780	136	0	0	30558	10118	0	0	1570	0	3372	412	39260	2300	0	0	0	0	0	0	0	0	0	0	210	0	0	0	0	0	0	0	0	0	0	0	0	0	116	0	0	0	218	0	0	0	2944	0	73088	15702	10452	7424	3562	206	47546	5072	0	17878	2868	1030	8058	2876	2514	586	240	0	322	674	16858	31366	7640	3844	1744	748	
601148	Cerebelum_6_R	274	0	0	0	0	0	0	0	0	0	0	0	0	0	0	0	0	0	0	308	0	0	0	0	0	0	0	0	0	0	0	0	0	0	604	908	554	2950	0	3700	0	0	272	144	0	0	1656	14182	0	0	0	0	340	1010	1832	19926	0	0	0	0	0	0	0	0	0	0	0	564	168	0	0	0	0	0	0	0	306	1188	0	0	0	0	0	0	0	0	0	0	0	504	11884	69480	2860	18776	808	6482	6920	39192	17878	0	558	936	2946	6390	486	1082	0	382	192	2172	20850	28314	5610	2852	1312	822	
304616	Cerebelum_7b_L	0	0	0	0	0	0	0	0	0	0	0	0	0	0	0	0	0	0	0	0	0	0	0	0	0	0	0	0	0	0	0	0	0	0	0	0	0	0	0	0	0	0	0	0	0	0	162	0	0	0	0	0	0	0	246	0	0	0	0	0	0	0	0	0	0	0	0	0	0	0	0	0	0	0	0	0	0	0	0	0	0	0	0	0	0	0	0	0	0	0	12726	664	40072	7948	226	0	1392	152	2868	558	0	2668	43972	3938	10890	340	2112	0	0	0	586	1914	9886	8336	448	204	
202984	Cerebelum_7b_R	0	0	0	0	0	0	0	0	0	0	0	0	0	0	0	0	0	0	0	0	0	0	0	0	0	0	0	0	0	0	0	0	0	0	0	0	0	0	0	0	0	0	0	0	0	0	0	0	0	0	0	0	0	0	184	0	0	0	0	0	0	0	0	0	0	0	0	0	0	0	0	0	0	0	0	0	0	0	0	0	0	0	0	0	0	0	0	0	0	0	2284	9816	4334	28174	232	710	1184	758	1030	936	2668	0	1542	27754	138	4584	0	194	0	250	1988	678	5562	4794	1698	0	
395444	Cerebelum_8_L	0	0	0	0	0	0	0	0	0	0	0	0	0	0	0	0	0	0	0	0	0	0	0	0	0	0	0	0	0	0	0	0	0	0	0	0	0	0	0	0	0	0	0	0	0	0	478	266	0	0	0	0	0	0	700	158	0	0	0	0	0	0	0	0	0	0	0	0	0	0	0	0	0	0	0	0	0	0	0	0	0	0	0	0	0	0	0	0	0	0	19688	3014	37872	6524	1036	0	3604	1336	8058	2946	43972	1542	0	6398	23488	1016	3928	0	92	130	1654	5720	8654	12278	2526	644	
363336	Cerebelum_8_R	0	0	0	0	0	0	0	0	0	0	0	0	0	0	0	0	0	0	0	0	0	0	0	0	0	0	0	0	0	0	0	0	0	0	0	116	0	350	0	434	0	0	110	0	0	0	158	178	0	0	0	0	0	0	582	524	0	0	0	0	0	0	0	0	0	0	0	0	0	0	0	0	0	0	0	0	0	114	0	0	0	0	0	0	0	0	0	0	0	0	2276	20610	1904	37028	724	2188	3198	2962	2876	6390	3938	27754	6398	0	1606	21562	0	1010	114	1016	5544	2268	5744	15142	6164	686	
165880	Cerebelum_9_L	0	0	0	0	0	0	0	0	0	0	0	0	0	0	0	0	0	0	0	0	0	0	0	0	0	0	0	0	0	0	0	0	0	0	0	0	0	0	0	0	0	0	0	0	0	0	214	98	0	0	0	0	0	0	136	0	0	0	0	0	0	0	0	0	0	0	0	0	0	0	0	0	0	0	0	0	0	0	0	0	0	0	0	0	0	0	0	0	0	0	1192	326	7080	404	1910	0	5272	272	2514	486	10890	138	23488	1606	0	3258	5308	0	366	326	1416	2900	2200	4332	4832	1976	
168864	Cerebelum_9_R	0	0	0	0	0	0	0	0	0	0	0	0	0	0	0	0	0	0	0	0	0	0	0	0	0	0	0	0	0	0	0	0	0	0	0	0	0	0	0	0	0	0	98	0	0	0	166	0	0	0	0	0	0	0	0	0	0	0	0	0	0	0	0	0	0	0	0	0	0	0	0	0	0	0	0	0	0	0	0	0	0	0	0	0	0	0	0	0	0	0	180	2602	136	4490	1172	2984	2110	1834	586	1082	340	4584	1016	21562	3258	0	0	1416	1108	2862	3968	3444	2128	8034	9690	3582	
28880	Cerebelum_10_L	0	0	0	0	0	0	0	0	0	0	0	0	0	0	0	0	0	0	0	0	0	0	0	0	0	0	0	0	0	0	0	0	0	0	0	0	0	0	0	0	0	0	0	0	0	0	0	0	0	0	0	0	0	0	0	0	0	0	0	0	0	0	0	0	0	0	0	0	0	0	0	0	0	0	0	0	0	0	0	0	0	0	0	0	0	0	0	0	0	0	650	0	1776	0	130	0	296	0	240	0	2112	0	3928	0	5308	0	0	0	0	0	0	0	0	0	0	0	
9944	Cerebelum_10_R	0	0	0	0	0	0	0	0	0	0	0	0	0	0	0	0	0	0	0	0	0	0	0	0	0	0	0	0	0	0	0	0	0	0	0	0	0	0	0	0	0	0	0	0	0	0	0	0	0	0	0	0	0	0	0	0	0	0	0	0	0	0	0	0	0	0	0	0	0	0	0	0	0	0	0	0	0	0	0	0	0	0	0	0	0	0	0	0	0	0	0	380	0	568	0	0	0	130	0	382	0	194	0	1010	0	1416	0	0	0	0	98	0	0	300	336	158	
34036	Vermis_1_2	0	0	0	0	0	0	0	0	0	0	0	0	0	0	0	0	0	0	0	0	0	0	0	0	0	0	0	0	0	0	0	0	0	0	0	0	0	0	106	0	0	0	0	0	0	0	0	0	0	0	0	0	0	0	0	0	0	0	0	0	0	0	0	0	0	0	0	0	0	0	0	0	0	0	0	0	0	0	0	0	0	0	0	0	0	0	0	0	0	0	120	174	0	136	1380	630	1306	98	322	192	0	0	92	114	366	1108	0	0	0	4130	2694	922	610	1118	1116	284	
83272	Vermis_3	0	0	0	0	0	0	0	0	0	0	0	0	0	0	0	0	0	0	0	0	0	0	0	0	0	0	0	0	0	0	0	0	0	0	0	0	0	0	414	0	0	0	0	0	0	0	104	220	0	0	0	0	0	0	166	170	0	0	0	0	0	0	0	0	0	0	0	0	0	0	0	0	0	0	0	0	0	0	0	0	0	0	0	0	0	0	0	0	0	0	384	1034	0	614	2762	6184	2710	2418	674	2172	0	250	130	1016	326	2862	0	0	4130	0	5526	1382	686	2440	2508	354	
