data	data	528184	243672	888880	946548	148672	46212	621716	258564	91332	9820	215624	170096	237140	186112	141284	55460	247092	96864	698432	869984	40584	70668	440768	378876	31236	83216	63992	71736	896976	331976	314440	400636	217804	540952	155484	169504	334172	361228	139908	254488	48580	61676	245836	321460	187800	307708	377848	470940	197576	347792	473808	243964	204824	173852	536104	637564	294156	173836	208200	166648	276252	144992	135188	119112	137612	183732	326060	462464	302656	239572	323588	339840	352996	406076	54084	23864	205096	301508	200496	23728	263604	137404	75092	27832	373812	280152	22592	9200	401128	180480	654676	643448	473540	370576	72328	74056	368488	286016	645160	686280	349504	234652	426112	381148	172260	178348	23420	6144	39204	94956	340184	371088	313800	175648	128300	42332	
data	data	Precentral_L	Precentral_R	Frontal_Sup_L	Frontal_Sup_R	Frontal_Sup_Orb_L	Frontal_Sup_Orb_R	Frontal_Mid_L	Frontal_Mid_R	Frontal_Mid_Orb_L	Frontal_Mid_Orb_R	Frontal_Inf_Oper_L	Frontal_Inf_Oper_R	Frontal_Inf_Tri_L	Frontal_Inf_Tri_R	Frontal_Inf_Orb_L	Frontal_Inf_Orb_R	Rolandic_Oper_L	Rolandic_Oper_R	Supp_Motor_Area_L	Supp_Motor_Area_R	Olfactory_L	Olfactory_R	Frontal_Sup_Medial_L	Frontal_Sup_Medial_R	Frontal_Med_Orb_L	Frontal_Med_Orb_R	Rectus_L	Rectus_R	Insula_L	Insula_R	Cingulum_Ant_L	Cingulum_Ant_R	Cingulum_Mid_L	Cingulum_Mid_R	Cingulum_Post_L	Cingulum_Post_R	Hippocampus_L	Hippocampus_R	ParaHippocampal_L	ParaHippocampal_R	Amygdala_L	Amygdala_R	Calcarine_L	Calcarine_R	Cuneus_L	Cuneus_R	Lingual_L	Lingual_R	Occipital_Sup_L	Occipital_Sup_R	Occipital_Mid_L	Occipital_Mid_R	Occipital_Inf_L	Occipital_Inf_R	Fusiform_L	Fusiform_R	Postcentral_L	Postcentral_R	Parietal_Sup_L	Parietal_Sup_R	Parietal_Inf_L	Parietal_Inf_R	SupraMarginal_L	SupraMarginal_R	Angular_L	Angular_R	Precuneus_L	Precuneus_R	Paracentral_Lobule_L	Paracentral_Lobule_R	Caudate_L	Caudate_R	Putamen_L	Putamen_R	Pallidum_L	Pallidum_R	Thalamus_L	Thalamus_R	Heschl_L	Heschl_R	Temporal_Sup_L	Temporal_Sup_R	Temporal_Pole_Sup_L	Temporal_Pole_Sup_R	Temporal_Mid_L	Temporal_Mid_R	Temporal_Pole_Mid_L	Temporal_Pole_Mid_R	Temporal_Inf_L	Temporal_Inf_R	Cerebelum_Crus1_L	Cerebelum_Crus1_R	Cerebelum_Crus2_L	Cerebelum_Crus2_R	Cerebelum_3_L	Cerebelum_3_R	Cerebelum_4_5_L	Cerebelum_4_5_R	Cerebelum_6_L	Cerebelum_6_R	Cerebelum_7b_L	Cerebelum_7b_R	Cerebelum_8_L	Cerebelum_8_R	Cerebelum_9_L	Cerebelum_9_R	Cerebelum_10_L	Cerebelum_10_R	Vermis_1_2	Vermis_3	Vermis_4_5	Vermis_6	Vermis_7	Vermis_8	Vermis_9	Vermis_10	
528184	Precentral_L	0	998	19232	2086	0	0	33256	0	0	0	13526	0	1064	0	0	0	7746	0	7622	10144	0	0	126	0	0	0	0	0	20074	0	164	234	526	5042	2516	652	9230	312	2806	292	0	0	628	0	212	0	208	0	636	0	6112	0	5522	0	3964	0	21042	242	4622	0	8276	0	470	0	1092	0	1092	0	26980	5248	1606	1500	2132	0	284	0	4602	2382	10000	0	3072	0	0	0	6150	0	0	0	7418	0	766	0	0	0	0	0	0	0	186	0	0	0	0	0	0	0	0	0	0	0	0	0	0	0	0	0	
243672	Precentral_R	998	0	266	18002	0	0	0	10252	0	0	0	4806	0	0	0	0	0	4126	886	8606	0	0	0	0	0	0	0	0	168	5384	0	240	0	762	884	438	522	5502	296	1226	0	0	0	576	0	124	0	106	0	664	0	450	0	194	284	2714	0	15440	0	478	0	348	0	1904	0	274	0	1246	1270	4924	270	5358	124	4818	0	222	462	12146	0	518	0	976	0	0	0	800	0	0	160	1622	0	0	0	0	0	0	0	0	0	0	0	0	0	0	0	0	0	0	0	0	0	0	0	0	0	0	
888880	Frontal_Sup_L	19232	266	0	7564	10782	0	84940	414	4224	0	7186	150	16844	232	5828	0	5796	0	55248	10436	0	0	47654	11858	1030	0	710	0	42746	0	9138	4664	9440	7720	0	0	6366	0	958	0	0	0	144	0	0	0	134	0	0	0	1736	0	1946	0	1196	0	3990	0	1036	0	1870	0	112	0	370	0	154	0	3834	0	6140	718	19552	0	3550	0	7038	634	4548	0	8204	0	228	0	2782	0	0	0	3098	0	0	0	0	0	0	0	0	0	0	0	0	0	0	0	0	0	0	0	0	0	0	0	0	0	0	0	
946548	Frontal_Sup_R	2086	18002	7564	0	186	2190	2590	37298	0	566	1714	9614	764	15868	336	3744	1916	1794	22820	77670	0	116	18584	43044	260	4672	220	1808	7418	13004	6188	31708	2094	21502	420	334	1026	7114	264	2702	0	0	106	640	0	88	0	88	0	162	540	240	622	0	224	2374	156	840	0	120	0	0	0	192	0	0	110	1094	4848	458	5440	24316	2580	17954	1152	1170	1402	28524	996	304	1408	734	468	0	1340	706	0	0	1312	1366	0	0	0	0	0	0	0	0	0	0	0	0	0	0	0	0	0	0	0	0	0	0	0	0	0	0	
148672	Frontal_Sup_Orb_L	0	0	10782	186	0	0	3438	0	11902	0	250	0	5400	0	8518	0	0	0	446	162	230	0	3798	510	2422	0	3836	0	10936	0	4630	0	0	0	0	0	0	0	0	0	0	0	0	0	0	0	0	0	0	0	0	0	0	0	0	0	0	0	0	0	0	0	0	0	0	0	0	0	0	0	528	0	6110	0	0	0	252	0	0	0	0	0	0	0	0	0	0	0	0	0	0	0	0	0	0	0	0	0	0	0	0	0	0	0	0	0	0	0	0	0	0	0	0	0	0	0	
46212	Frontal_Sup_Orb_R	0	0	0	2190	0	0	0	0	0	280	0	0	0	0	0	868	0	0	0	0	0	654	0	1708	160	5762	0	7194	0	862	406	0	0	0	0	0	0	0	0	0	0	0	0	0	0	0	0	0	0	0	0	0	0	0	0	0	0	0	0	0	0	0	0	0	0	0	0	0	0	0	0	1418	0	1604	0	0	0	0	0	0	0	0	0	0	0	0	0	0	0	0	0	0	0	0	0	0	0	0	0	0	0	0	0	0	0	0	0	0	0	0	0	0	0	0	0	0	
621716	Frontal_Mid_L	33256	0	84940	2590	3438	0	0	94	4058	0	8548	0	20500	0	4122	0	4356	0	13858	2282	0	0	16042	2666	0	0	0	0	29072	0	1162	462	9066	2520	0	0	4330	0	856	0	0	0	302	0	86	0	142	0	144	0	3506	0	3476	0	1146	0	4594	0	2834	0	5044	0	262	0	900	0	296	0	354	0	584	0	7758	0	2044	0	3456	0	9452	0	5878	0	0	0	4992	0	0	0	5390	0	0	0	0	0	0	0	0	0	0	0	0	0	0	0	0	0	0	0	0	0	0	0	0	0	0	0	
258564	Frontal_Mid_R	0	10252	414	37298	0	0	94	0	0	1028	0	9512	0	17786	0	1900	0	2108	3742	8718	0	0	1268	3986	0	0	0	0	454	9120	726	3286	0	4064	0	0	0	296	0	0	0	0	0	98	0	0	0	0	0	0	0	0	0	0	0	0	0	650	0	0	0	0	0	174	0	0	0	130	0	124	1520	1106	322	7068	0	206	0	1832	0	0	0	0	0	0	0	0	0	0	0	0	0	0	0	0	0	0	0	0	0	0	0	0	0	0	0	0	0	0	0	0	0	0	0	0	0	0	
91332	Frontal_Mid_Orb_L	0	0	4224	0	11902	0	4058	0	0	0	92	0	4752	0	10614	0	0	0	0	0	0	0	208	0	0	0	1012	0	5840	0	286	0	0	0	0	0	0	0	0	0	0	0	0	0	0	0	0	0	0	0	0	0	0	0	0	0	0	0	0	0	0	0	0	0	0	0	0	0	0	0	0	0	2678	0	0	0	0	0	0	0	0	0	0	0	0	0	0	0	0	0	0	0	0	0	0	0	0	0	0	0	0	0	0	0	0	0	0	0	0	0	0	0	0	0	0	0	
9820	Frontal_Mid_Orb_R	0	0	0	566	0	280	0	1028	0	0	0	0	0	224	0	1642	0	0	0	216	0	0	0	0	0	86	0	204	0	408	0	0	0	0	0	0	0	0	0	0	0	0	0	0	0	0	0	0	0	0	0	0	0	0	0	0	0	0	0	0	0	0	0	0	0	0	0	0	0	0	0	0	0	256	0	0	0	0	0	0	0	0	0	0	0	0	0	0	0	0	0	0	0	0	0	0	0	0	0	0	0	0	0	0	0	0	0	0	0	0	0	0	0	0	0	0	
215624	Frontal_Inf_Oper_L	13526	0	7186	1714	250	0	8548	0	92	0	0	0	9270	0	2748	0	9238	0	5708	1566	0	0	148	96	0	0	0	0	20226	0	562	530	162	184	0	0	312	0	0	0	0	0	0	0	0	0	0	0	0	0	438	0	220	0	0	0	2122	0	980	0	1410	0	110	0	94	0	0	0	0	0	2894	168	1776	0	0	0	0	0	6010	0	5284	0	2576	0	898	0	0	0	766	0	0	0	0	0	0	0	0	0	0	0	0	0	0	0	0	0	0	0	0	0	0	0	0	0	0	0	
170096	Frontal_Inf_Oper_R	0	4806	150	9614	0	0	0	9512	0	0	0	0	0	10814	0	0	0	4576	884	6078	0	0	1008	1152	0	0	0	0	0	12360	578	2442	0	2802	0	0	0	2592	0	1228	0	0	0	0	0	0	0	0	0	0	0	0	0	0	0	1884	0	942	0	0	0	0	0	0	0	0	0	0	0	0	0	0	0	9902	0	0	0	1356	0	136	0	130	0	0	0	0	0	0	0	102	0	0	0	0	0	0	0	0	0	0	0	0	0	0	0	0	0	0	0	0	0	0	0	0	0	0	
237140	Frontal_Inf_Tri_L	1064	0	16844	764	5400	0	20500	0	4752	0	9270	0	0	0	14610	0	1292	0	1862	630	0	0	5496	682	140	0	212	0	23192	0	4170	556	2690	950	0	0	114	0	0	0	0	0	0	0	0	0	0	0	0	0	0	0	0	0	0	0	120	0	0	0	0	0	0	0	0	0	0	0	0	0	598	0	1726	0	0	0	0	0	0	0	394	0	542	0	0	0	0	0	0	0	0	0	0	0	0	0	0	0	0	0	0	0	0	0	0	0	0	0	0	0	0	0	0	0	0	0	
186112	Frontal_Inf_Tri_R	0	0	232	15868	0	0	0	17786	0	224	0	10814	0	0	0	3914	0	0	2360	10214	0	0	1214	2668	0	0	0	0	276	12998	1036	4832	96	4588	0	0	0	114	0	0	0	0	0	0	0	0	0	0	0	0	0	0	0	0	0	0	0	0	0	0	0	0	0	0	0	0	0	0	0	0	1018	380	252	2068	0	0	0	104	0	0	0	0	0	0	0	0	0	0	0	0	0	0	0	0	0	0	0	0	0	0	0	0	0	0	0	0	0	0	0	0	0	0	0	0	0	0	
141284	Frontal_Inf_Orb_L	0	0	5828	336	8518	0	4122	0	10614	0	2748	0	14610	0	0	0	240	0	434	298	458	0	1036	110	0	0	746	0	13192	0	1536	280	364	172	0	0	0	0	0	0	0	0	0	0	0	0	0	0	0	0	0	0	0	0	0	0	92	0	0	0	0	0	0	0	0	0	0	0	0	0	294	0	3940	0	0	0	0	0	0	0	0	0	674	0	0	0	0	0	0	0	0	0	0	0	0	0	0	0	0	0	0	0	0	0	0	0	0	0	0	0	0	0	0	0	0	0	
55460	Frontal_Inf_Orb_R	0	0	0	3744	0	868	0	1900	0	1642	0	0	0	3914	0	0	0	0	174	2324	0	1168	0	0	0	0	0	1212	220	6770	0	186	0	0	0	0	0	192	0	130	0	228	0	0	0	0	0	0	0	0	0	0	0	0	0	0	0	0	0	0	0	0	0	0	0	0	0	0	0	0	422	1074	0	1562	0	0	0	0	0	0	0	0	0	0	0	0	0	0	0	0	0	0	0	0	0	0	0	0	0	0	0	0	0	0	0	0	0	0	0	0	0	0	0	0	0	0	
247092	Rolandic_Oper_L	7746	0	5796	1916	0	0	4356	0	0	0	9238	0	1292	0	240	0	0	0	4996	1884	0	0	212	0	0	0	0	0	22756	0	0	190	516	0	0	0	250	0	0	0	0	0	238	0	0	0	112	0	0	0	3066	0	2416	0	274	0	8340	0	1158	0	794	0	2012	0	0	0	282	0	0	0	2566	116	612	0	0	0	0	0	8008	0	13670	0	2348	0	8566	0	0	0	7580	0	0	0	0	0	0	0	0	0	0	0	0	0	0	0	0	0	0	0	0	0	0	0	0	0	0	0	
96864	Rolandic_Oper_R	0	4126	0	1794	0	0	0	2108	0	0	0	4576	0	0	0	0	0	0	118	1374	0	0	0	0	0	0	0	0	0	11612	0	0	0	0	0	0	0	774	0	266	0	0	0	174	0	0	0	108	0	0	0	0	0	142	0	696	0	4482	0	0	0	0	0	2804	0	0	0	106	0	0	0	0	0	3684	0	0	0	196	0	2476	0	5118	0	0	0	802	0	0	0	896	0	0	0	0	0	0	0	0	0	0	0	0	0	0	0	0	0	0	0	0	0	0	0	0	0	0	
698432	Supp_Motor_Area_L	7622	886	55248	22820	446	0	13858	3742	0	0	5708	884	1862	2360	434	174	4996	118	0	52754	0	0	10308	6796	252	0	420	0	19462	1470	4344	9984	13026	25838	2178	654	3626	2688	0	1190	0	0	0	124	0	0	0	0	0	0	574	0	620	0	960	1410	2760	0	386	0	482	0	0	0	132	0	208	514	16420	426	9258	4670	14330	6672	1920	1246	748	728	1980	0	3828	0	370	0	884	114	0	0	1036	268	0	0	0	0	0	0	0	0	0	0	0	0	0	0	0	0	0	0	0	0	0	0	0	0	0	0	
869984	Supp_Motor_Area_R	10144	8606	10436	77670	162	0	2282	8718	0	216	1566	6078	630	10214	298	2324	1884	1374	52754	0	0	0	3214	9340	86	0	156	0	7224	9032	3004	15818	6260	44264	3172	4242	1156	4772	416	2184	0	0	108	694	228	424	0	178	0	722	544	530	630	176	406	2116	88	4766	0	504	0	118	0	86	0	98	354	3270	25106	21168	4666	18756	2114	15448	390	2242	1416	10728	1026	0	1554	132	440	0	1340	376	0	0	1426	840	0	0	0	0	0	0	0	0	0	88	0	0	0	0	0	0	0	0	0	0	0	0	0	0	0	0	
40584	Olfactory_L	0	0	0	0	230	0	0	0	0	0	0	0	0	0	458	0	0	0	0	0	0	3904	0	0	0	0	2786	1496	836	0	1376	1294	0	0	0	0	0	0	0	0	0	0	0	0	0	0	0	0	0	0	0	0	0	0	0	0	0	0	0	0	0	0	0	0	0	0	0	0	0	0	3982	2318	738	714	0	0	0	0	0	0	0	0	160	0	0	0	0	0	0	0	0	0	0	0	0	0	0	0	0	0	0	0	0	0	0	0	0	0	0	0	0	0	0	0	0	0	
70668	Olfactory_R	0	0	0	116	0	654	0	0	0	0	0	0	0	0	0	1168	0	0	0	0	3904	0	0	102	0	396	2610	3026	0	2860	1542	1956	0	0	0	0	0	236	0	124	0	1224	0	0	0	0	0	0	0	0	0	0	0	0	0	98	0	0	0	0	0	0	0	0	0	0	0	0	0	0	6228	4754	2214	2122	0	0	0	0	0	0	0	0	0	0	0	0	0	0	0	0	0	0	0	0	0	0	0	0	0	0	0	0	0	0	0	0	0	0	0	0	0	0	0	0	0	0	
440768	Frontal_Sup_Medial_L	126	0	47654	18584	3798	0	16042	1268	208	0	148	1008	5496	1214	1036	0	212	0	10308	3214	0	0	0	36668	1802	534	196	0	10836	138	17290	12574	9398	13334	0	0	0	0	0	0	0	0	0	0	0	0	0	0	0	0	0	0	128	0	0	0	0	0	0	0	0	0	0	0	0	0	0	0	0	0	926	830	4318	570	0	0	0	0	166	0	0	0	0	0	168	0	0	0	192	0	0	0	0	0	0	0	0	0	0	0	0	0	0	0	0	0	0	0	0	0	0	0	0	0	0	0	
378876	Frontal_Sup_Medial_R	0	0	11858	43044	510	1708	2666	3986	0	0	96	1152	682	2668	110	0	0	0	6796	9340	0	102	36668	0	682	7208	0	1786	988	390	6414	21766	1562	12672	0	0	0	0	0	0	0	0	0	0	0	0	0	0	0	0	0	0	0	0	0	0	0	0	0	0	0	0	0	0	0	0	0	0	0	0	316	6398	276	7594	0	0	0	0	0	0	0	0	0	0	0	0	0	0	0	0	0	0	0	0	0	0	0	0	0	0	0	0	0	0	0	0	0	0	0	0	0	0	0	0	0	0	
31236	Frontal_Med_Orb_L	0	0	1030	260	2422	160	0	0	0	0	0	0	140	0	0	0	0	0	252	86	0	0	1802	682	0	1104	2026	108	924	0	3456	122	0	0	0	0	0	0	0	0	0	0	0	0	0	0	0	0	0	0	0	0	0	0	0	0	0	0	0	0	0	0	0	0	0	0	0	0	0	0	484	0	304	0	0	0	256	0	0	0	0	0	0	0	0	0	0	0	0	0	0	0	0	0	0	0	0	0	0	0	0	0	0	0	0	0	0	0	0	0	0	0	0	0	0	0	
83216	Frontal_Med_Orb_R	0	0	0	4672	0	5762	0	0	0	86	0	0	0	0	0	0	0	0	0	0	0	396	534	7208	1104	0	0	7310	0	0	2982	4006	0	0	0	0	0	0	0	0	0	0	0	0	0	0	0	0	0	0	0	0	0	0	0	0	0	0	0	0	0	0	0	0	0	0	0	0	0	0	0	3254	0	4294	0	0	0	0	0	0	0	0	0	0	0	0	0	0	0	0	0	0	0	0	0	0	0	0	0	0	0	0	0	0	0	0	0	0	0	0	0	0	0	0	0	0	
63992	Rectus_L	0	0	710	220	3836	0	0	0	1012	0	0	0	212	0	746	0	0	0	420	156	2786	2610	196	0	2026	0	0	1288	2112	0	5214	1376	0	0	0	0	0	0	0	0	0	0	0	0	0	0	0	0	0	0	0	0	0	0	0	0	0	0	0	0	0	0	0	0	0	0	0	0	0	0	3674	1360	1158	430	0	0	454	0	0	0	0	0	0	0	0	0	0	0	0	0	0	0	0	0	0	0	0	0	0	0	0	0	0	0	0	0	0	0	0	0	0	0	0	0	0	0	
71736	Rectus_R	0	0	0	1808	0	7194	0	0	0	204	0	0	0	0	0	1212	0	0	0	0	1496	3026	0	1786	108	7310	1288	0	0	1690	1344	2442	0	0	0	0	0	0	0	0	0	100	0	0	0	0	0	0	0	0	0	0	0	0	0	0	0	0	0	0	0	0	0	0	0	0	0	0	0	0	1416	2256	166	1022	0	0	0	0	0	0	0	0	0	0	0	0	0	0	0	0	0	0	0	0	0	0	0	0	0	0	0	0	0	0	0	0	0	0	0	0	0	0	0	0	0	0	
896976	Insula_L	20074	168	42746	7418	10936	0	29072	454	5840	0	20226	0	23192	276	13192	220	22756	0	19462	7224	836	0	10836	988	924	0	2112	0	0	150	17986	2514	2562	1834	0	0	15412	0	538	0	2238	0	398	0	0	0	264	0	0	0	3212	0	6424	0	5992	0	5356	0	810	0	982	0	694	0	114	0	392	0	902	0	18542	708	27098	0	1132	0	12130	528	21686	0	21504	0	7472	0	11752	0	0	0	16846	0	1062	0	0	0	0	0	0	0	302	0	0	0	0	0	0	0	0	0	0	0	0	0	0	0	0	0	
331976	Insula_R	0	5384	0	13004	0	862	0	9120	0	408	0	12360	0	12998	0	6770	0	11612	1470	9032	0	2860	138	390	0	0	0	1690	150	0	156	1226	0	702	0	0	0	8774	0	3576	0	2812	0	242	0	0	0	148	0	92	0	0	0	214	0	5776	0	2792	0	0	0	0	0	304	0	0	0	180	100	156	598	856	184	30496	0	0	0	3234	0	2024	0	6746	0	130	0	2650	0	0	0	3572	0	0	0	0	0	0	0	0	0	0	0	0	0	0	0	0	0	0	0	0	0	0	0	0	0	0	
314440	Cingulum_Ant_L	164	0	9138	6188	4630	406	1162	726	286	0	562	578	4170	1036	1536	0	0	0	4344	3004	1376	1542	17290	6414	3456	2982	5214	1344	17986	156	0	15932	2952	5356	0	0	240	0	0	0	0	0	0	0	0	0	0	0	0	0	0	0	0	0	0	0	0	0	0	0	0	0	0	0	0	0	0	0	272	0	13186	3258	10722	2132	808	0	6438	234	0	0	0	0	0	0	0	0	0	0	0	0	0	0	0	0	0	0	0	0	0	0	0	0	0	0	0	0	0	0	0	0	0	0	0	0	0	0	
400636	Cingulum_Ant_R	234	240	4664	31708	0	0	462	3286	0	0	530	2442	556	4832	280	186	190	0	9984	15818	1294	1956	12574	21766	122	4006	1376	2442	2514	1226	15932	0	3306	17258	0	0	0	0	0	0	0	0	0	0	0	0	0	0	0	0	0	0	0	0	0	0	0	0	0	0	0	0	0	0	0	0	0	0	280	0	4860	18750	3068	10346	0	0	312	1228	0	0	180	0	110	0	0	0	0	0	0	0	0	0	0	0	0	0	0	0	0	0	0	0	0	0	0	0	0	0	0	0	0	0	0	0	0	0	
217804	Cingulum_Mid_L	526	0	9440	2094	0	0	9066	0	0	0	162	0	2690	96	364	0	516	0	13026	6260	0	0	9398	1562	0	0	0	0	2562	0	2952	3306	0	14484	4360	582	0	0	0	0	0	0	1762	144	3402	112	0	0	1310	164	750	0	296	0	0	0	368	0	122	0	192	0	0	0	0	0	7346	622	5874	516	172	0	510	106	0	0	0	0	460	0	0	0	0	0	608	106	0	0	514	0	0	0	0	0	0	0	0	0	0	0	0	0	0	0	0	0	0	0	0	0	0	0	0	0	0	0	
540952	Cingulum_Mid_R	5042	762	7720	21502	0	0	2520	4064	0	0	184	2802	950	4588	172	0	0	0	25838	44264	0	0	13334	12672	0	0	0	0	1834	702	5356	17258	14484	0	1740	10260	96	174	0	0	0	0	0	2466	470	3956	0	982	0	4160	0	1734	0	0	0	264	0	4208	0	1432	0	1032	0	444	0	662	3358	16536	11852	13726	236	502	338	424	0	98	0	0	0	0	204	0	0	0	0	2662	0	0	0	194	0	0	0	0	0	0	0	0	0	0	0	0	0	0	0	0	0	0	0	0	218	0	0	0	0	0	
155484	Cingulum_Post_L	2516	884	0	420	0	0	0	0	0	0	0	0	0	0	0	0	0	0	2178	3172	0	0	0	0	0	0	0	0	0	0	0	0	4360	1740	0	8734	5214	4246	3582	3666	0	0	3574	138	828	294	1976	936	88	0	92	0	336	0	2140	192	1142	698	0	0	0	0	0	0	0	0	8274	924	7134	2264	0	178	0	0	0	0	0	4374	0	0	0	0	0	0	90	0	0	0	904	0	0	0	0	0	0	0	0	140	0	0	0	0	0	0	0	0	0	0	0	0	314	0	0	0	0	0	
169504	Cingulum_Post_R	652	438	0	334	0	0	0	0	0	0	0	0	0	0	0	0	0	0	654	4242	0	0	0	0	0	0	0	0	0	0	0	0	582	10260	8734	0	2210	4586	1662	3378	0	0	0	5058	782	1142	0	3514	0	912	0	404	0	458	882	1000	0	1970	0	356	0	266	0	128	0	158	4038	15214	1092	4092	0	0	0	0	0	0	0	2526	0	0	0	0	0	0	0	310	0	0	400	854	0	0	0	0	0	0	0	356	0	0	0	0	0	0	0	0	0	0	0	0	1108	0	0	0	0	0	
334172	Hippocampus_L	9230	522	6366	1026	0	0	4330	0	0	0	312	0	114	0	0	0	250	0	3626	1156	0	0	0	0	0	0	0	0	15412	0	240	0	0	96	5214	2210	0	3892	17734	3304	9228	0	1324	0	0	0	2458	808	0	0	194	0	718	0	19870	0	554	0	506	0	642	0	0	0	132	0	1892	0	1856	0	1706	124	8568	0	316	0	9072	5152	2552	0	1866	0	2916	0	1742	0	286	0	16398	0	492	0	0	0	0	0	132	122	242	0	0	0	0	0	0	0	0	0	0	0	184	0	0	0	0	0	
361228	Hippocampus_R	312	5502	0	7114	0	0	0	296	0	0	0	2592	0	114	0	192	0	774	2688	4772	0	236	0	0	0	0	0	0	0	8774	0	0	0	174	4246	4586	3892	0	2528	34880	0	10006	0	376	0	0	0	4814	0	0	0	0	0	0	1572	30012	0	200	0	0	0	0	0	0	0	0	444	2210	228	486	0	954	0	15200	0	1456	484	11216	0	346	0	2482	0	1818	0	1500	0	0	724	6542	0	426	0	0	0	0	0	1946	0	866	0	0	0	0	0	0	0	0	0	0	634	0	0	0	0	0	
139908	ParaHippocampal_L	2806	296	958	264	0	0	856	0	0	0	0	0	0	0	0	0	0	0	0	416	0	0	0	0	0	0	0	0	538	0	0	0	0	0	3582	1662	17734	2528	0	2214	1990	0	1076	0	0	0	2560	564	0	0	0	0	0	0	11962	0	0	0	0	0	0	0	0	0	0	0	914	0	790	0	282	102	1058	0	0	0	4372	3324	94	0	168	0	126	0	0	0	0	0	4880	0	438	0	0	0	242	0	472	86	496	0	0	0	0	0	0	0	0	0	0	0	104	0	0	0	0	0	
254488	ParaHippocampal_R	292	1226	0	2702	0	0	0	0	0	0	0	1228	0	0	0	130	0	266	1190	2184	0	124	0	0	0	0	0	0	0	3576	0	0	0	0	3666	3378	3304	34880	2214	0	0	6964	0	0	0	0	0	4688	0	0	0	0	0	0	1354	20406	0	0	0	0	0	0	0	0	0	0	338	982	156	0	0	758	0	9142	0	1248	460	8452	0	0	0	226	0	1594	0	552	0	150	602	2902	0	754	0	120	0	192	0	2544	0	1578	0	0	0	90	0	0	0	0	0	0	530	0	102	0	0	0	
48580	Amygdala_L	0	0	0	0	0	0	0	0	0	0	0	0	0	0	0	0	0	0	0	0	0	0	0	0	0	0	0	0	2238	0	0	0	0	0	0	0	9228	0	1990	0	0	0	0	0	0	0	0	0	0	0	0	0	0	0	4660	0	0	0	0	0	0	0	0	0	0	0	0	0	0	0	194	0	260	0	0	0	0	0	0	0	0	0	2226	0	188	0	362	0	2944	0	0	0	0	0	0	0	0	0	0	0	0	0	0	0	0	0	0	0	0	0	0	0	0	0	0	0	
61676	Amygdala_R	0	0	0	0	0	0	0	0	0	0	0	0	0	0	0	228	0	0	0	0	0	1224	0	0	0	0	0	100	0	2812	0	0	0	0	0	0	0	10006	0	6964	0	0	0	0	0	0	0	0	0	0	0	0	0	0	0	6526	0	0	0	0	0	0	0	0	0	0	0	0	0	0	0	0	0	422	0	0	0	0	0	0	0	0	0	2218	0	0	0	0	0	338	0	0	0	0	0	0	0	0	0	0	0	0	0	0	0	0	0	0	0	0	0	0	0	0	0	0	
245836	Calcarine_L	628	0	144	106	0	0	302	0	0	0	0	0	0	0	0	0	238	0	0	108	0	0	0	0	0	0	0	0	398	0	0	0	1762	0	3574	0	1324	0	1076	0	0	0	0	4636	16356	3792	13486	1790	12612	2004	18244	240	4048	234	2598	176	3340	0	1632	0	686	0	684	0	622	0	19290	418	406	0	0	0	0	0	0	0	0	0	244	0	0	0	0	0	3394	0	0	0	1302	0	164	0	0	0	0	0	96	0	456	134	0	0	0	0	0	0	0	0	0	0	0	174	0	0	0	0	
321460	Calcarine_R	0	576	0	640	0	0	0	98	0	0	0	0	0	0	0	0	0	174	124	694	0	0	0	0	0	0	0	0	0	242	0	0	144	2466	138	5058	0	376	0	0	0	0	4636	0	3258	25232	780	25292	424	21542	0	11096	0	3638	0	8220	0	1642	0	1646	0	778	0	878	0	772	1678	27030	116	3450	0	0	0	0	0	0	0	0	0	0	0	178	0	0	0	4218	0	0	0	2344	0	0	0	0	0	0	0	362	104	90	0	0	0	0	0	0	0	0	0	0	372	224	0	0	0	0	
187800	Cuneus_L	212	0	0	0	0	0	86	0	0	0	0	0	0	0	0	0	0	0	0	228	0	0	0	0	0	0	0	0	0	0	0	0	3402	470	828	782	0	0	0	0	0	0	16356	3258	0	6896	2902	414	18702	1024	9818	0	556	0	1210	0	1468	0	3314	0	522	0	480	0	378	0	15526	4358	260	112	0	0	0	0	0	0	0	0	0	0	0	0	0	0	338	0	0	0	0	0	0	0	0	0	0	0	0	0	0	0	0	0	0	0	0	0	0	0	0	0	0	0	0	0	0	0	
307708	Cuneus_R	0	124	0	88	0	0	0	0	0	0	0	0	0	0	0	0	0	0	0	424	0	0	0	0	0	0	0	0	0	0	0	0	112	3956	294	1142	0	0	0	0	0	0	3792	25232	6896	0	308	11794	620	32378	0	8966	0	954	0	1142	0	270	214	5956	0	550	0	378	0	1180	9298	29718	0	1316	0	0	0	0	0	0	0	0	0	0	0	160	0	0	0	6038	0	0	0	328	0	0	0	0	0	0	0	0	0	0	0	0	0	0	0	0	0	0	0	0	118	108	0	0	0	0	
377848	Lingual_L	208	0	134	0	0	0	142	0	0	0	0	0	0	0	0	0	112	0	0	0	0	0	0	0	0	0	0	0	264	0	0	0	0	0	1976	0	2458	0	2560	0	0	0	13486	780	2902	308	0	9822	5470	268	9530	176	9794	3974	24746	5286	308	0	154	0	0	0	0	0	0	0	8466	124	0	0	0	0	0	0	0	0	246	0	136	0	0	0	0	0	1494	0	0	0	1064	0	8558	5546	986	0	686	132	11200	1048	22210	11216	0	0	0	0	0	0	0	0	120	342	7798	12074	532	88	0	0	
470940	Lingual_R	0	106	0	88	0	0	0	0	0	0	0	0	0	0	0	0	0	108	0	178	0	0	0	0	0	0	0	0	0	148	0	0	0	982	936	3514	808	4814	564	4688	0	0	1790	25292	414	11794	9822	0	92	12434	0	6860	764	10796	3914	32920	0	216	0	86	0	352	0	406	0	328	568	10204	0	354	0	0	0	160	0	294	0	1746	0	0	0	100	0	0	0	1428	0	0	152	542	4648	9974	1276	406	164	236	1856	8092	11748	21090	128	0	362	0	0	0	0	0	0	162	8720	14242	1486	118	0	0	
197576	Occipital_Sup_L	636	0	0	0	0	0	144	0	0	0	0	0	0	0	0	0	0	0	0	0	0	0	0	0	0	0	0	0	0	0	0	0	1310	0	88	0	0	0	0	0	0	0	12612	424	18702	620	5470	92	0	154	28418	0	1632	0	2254	0	1664	0	10302	0	1020	0	290	0	300	0	10194	390	184	0	0	0	0	0	0	0	0	0	0	0	0	0	0	0	1746	0	0	0	142	0	0	0	0	0	0	0	0	0	0	0	0	0	0	0	0	0	0	0	0	0	0	0	0	0	0	0	
347792	Occipital_Sup_R	0	664	0	162	0	0	0	0	0	0	0	0	0	0	0	0	0	0	0	722	0	0	0	0	0	0	0	0	0	92	0	0	164	4160	0	912	0	0	0	0	0	0	2004	21542	1024	32378	268	12434	154	0	0	18608	0	2248	0	2148	0	1116	0	17482	0	2824	0	926	0	7672	4140	26692	0	6284	0	0	0	0	0	0	0	0	0	122	0	390	0	0	0	6346	0	0	0	126	0	0	0	0	0	0	0	0	0	0	0	0	0	0	0	0	0	0	0	0	0	92	0	0	0	0	
473808	Occipital_Mid_L	6112	0	1736	540	0	0	3506	0	0	0	438	0	0	0	0	0	3066	0	574	544	0	0	0	0	0	0	0	0	3212	0	0	0	750	0	92	0	194	0	0	0	0	0	18244	0	9818	0	9530	0	28418	0	0	0	16906	0	4620	0	15692	0	18378	0	24136	0	8604	0	20088	0	11538	0	2186	0	0	0	184	0	0	0	110	0	1672	0	1376	0	0	0	20100	0	0	0	4344	0	0	0	0	0	0	0	92	0	104	0	0	0	0	0	0	0	0	0	0	0	0	0	0	0	0	0	
243964	Occipital_Mid_R	0	450	0	240	0	0	0	0	0	0	0	0	0	0	0	0	0	0	0	530	0	0	0	0	0	0	0	0	0	0	0	0	0	1734	0	404	0	0	0	0	0	0	240	11096	0	8966	176	6860	0	18608	0	0	0	7692	0	4914	0	788	0	3178	0	3070	0	742	0	12406	1380	9756	0	2452	0	0	0	0	0	0	0	0	0	0	0	2384	0	0	0	21116	0	0	0	2322	0	0	0	0	0	0	0	0	120	162	0	0	0	0	0	0	0	0	0	0	0	196	0	0	0	0	
204824	Occipital_Inf_L	5522	0	1946	622	0	0	3476	0	0	0	220	0	0	0	0	0	2416	0	620	630	0	0	128	0	0	0	0	0	6424	0	0	0	296	0	336	0	718	0	0	0	0	0	4048	0	556	0	9794	764	1632	0	16906	0	0	164	10460	160	844	0	342	0	616	0	724	0	86	0	3068	0	1452	0	0	0	0	0	0	0	0	0	2978	0	292	0	0	0	8044	0	0	0	8500	0	1622	522	0	0	110	0	1064	0	2062	758	0	0	0	0	0	0	0	0	0	0	658	832	0	0	0	0	
173852	Occipital_Inf_R	0	194	0	0	0	0	0	0	0	0	0	0	0	0	0	0	0	142	0	176	0	0	0	0	0	0	0	0	0	214	0	0	0	0	0	458	0	0	0	0	0	0	234	3638	0	954	3974	10796	0	2248	0	7692	164	0	1812	15412	0	160	0	0	0	0	0	0	0	0	0	1472	0	180	0	0	0	0	0	0	0	0	0	94	0	100	0	0	0	744	0	0	0	3840	2592	2264	444	124	94	0	546	1018	6040	9748	0	0	208	0	0	0	0	0	0	0	1922	6836	392	0	0	0	
536104	Fusiform_L	3964	284	1196	224	0	0	1146	0	0	0	0	0	0	0	0	0	274	0	960	406	0	0	0	0	0	0	0	0	5992	0	0	0	0	0	2140	882	19870	1572	11962	1354	4660	0	2598	0	1210	0	24746	3914	2254	0	4620	0	10460	1812	0	2178	100	0	0	0	0	0	0	0	0	0	2108	0	668	0	146	92	1808	0	0	0	3008	2440	3200	0	1398	0	1230	0	2148	0	1100	0	21216	0	30260	4700	2442	0	796	160	17494	820	38702	6900	1276	0	1054	0	186	0	0	0	96	304	5242	6106	174	0	0	0	
637564	Fusiform_R	0	2714	0	2374	0	0	0	0	0	0	0	1884	0	0	0	0	0	696	1410	2116	0	98	0	0	0	0	0	0	0	5776	0	0	0	264	192	1000	0	30012	0	20406	0	6526	176	8220	0	1142	5286	32920	0	2148	0	4914	160	15412	2178	0	0	274	0	0	0	270	0	328	0	254	198	5796	0	454	0	662	0	9458	0	360	0	1944	0	474	0	2086	0	4756	0	2906	0	964	0	14810	3306	27306	632	2448	138	1358	2856	16428	7326	38322	98	316	324	2820	0	490	0	0	0	1056	9656	7990	1066	458	370	0	
294156	Postcentral_L	21042	0	3990	156	0	0	4594	0	0	0	2122	0	120	0	92	0	8340	0	2760	88	0	0	0	0	0	0	0	0	5356	0	0	0	368	0	1142	0	554	0	0	0	0	0	3340	0	1468	0	308	0	1664	0	15692	0	844	0	100	0	0	0	13468	0	24086	0	7420	0	2204	0	6556	0	4062	0	802	0	466	0	122	0	156	0	2586	0	4832	0	0	0	4928	0	0	0	1250	0	0	0	0	0	0	0	0	0	0	0	0	0	0	0	0	0	0	0	0	0	0	0	0	0	0	0	
173836	Postcentral_R	242	15440	0	840	0	0	0	650	0	0	0	942	0	0	0	0	0	4482	0	4766	0	0	0	0	0	0	0	0	0	2792	0	0	0	4208	698	1970	0	200	0	0	0	0	0	1642	0	270	0	216	0	1116	0	788	0	160	0	274	0	0	0	4288	0	5796	0	11590	0	2566	88	4426	502	11448	0	0	0	736	0	0	0	112	0	302	0	1532	0	0	0	916	0	0	0	920	0	0	0	0	0	0	0	0	0	0	0	0	0	0	0	0	0	0	0	0	0	0	0	0	0	0	
208200	Parietal_Sup_L	4622	0	1036	0	0	0	2834	0	0	0	980	0	0	0	0	0	1158	0	386	0	0	0	0	0	0	0	0	0	810	0	0	0	122	0	0	0	506	0	0	0	0	0	1632	0	3314	214	154	0	10302	0	18378	0	342	0	0	0	13468	0	0	0	19482	0	1388	0	4048	0	9944	528	1262	0	108	0	598	0	202	0	564	0	474	0	1002	0	0	0	3584	0	0	0	658	0	0	0	0	0	0	0	0	0	0	0	0	0	0	0	0	0	0	0	0	0	0	0	0	0	0	0	
166648	Parietal_Sup_R	0	478	0	120	0	0	0	0	0	0	0	0	0	0	0	0	0	0	0	504	0	0	0	0	0	0	0	0	0	0	0	0	0	1432	0	356	0	0	0	0	0	0	0	1646	0	5956	0	86	0	17482	0	3178	0	0	0	0	0	4288	0	0	0	10036	0	1238	0	12332	286	16380	0	5794	0	0	0	0	0	0	0	0	0	0	0	164	0	0	0	1568	0	0	0	0	0	0	0	0	0	0	0	0	0	0	0	0	0	0	0	0	0	0	0	0	0	0	0	0	0	0	
276252	Parietal_Inf_L	8276	0	1870	0	0	0	5044	0	0	0	1410	0	0	0	0	0	794	0	482	0	0	0	0	0	0	0	0	0	982	0	0	0	192	0	0	0	642	0	0	0	0	0	686	0	522	0	0	0	1020	0	24136	0	616	0	0	0	24086	0	19482	0	0	0	14448	0	19500	0	1358	0	1276	0	140	0	796	0	268	0	644	0	584	0	742	0	0	0	7432	0	0	0	698	0	0	0	0	0	0	0	0	0	0	0	0	0	0	0	0	0	0	0	0	0	0	0	0	0	0	0	
144992	Parietal_Inf_R	0	348	0	0	0	0	0	0	0	0	0	0	0	0	0	0	0	0	0	118	0	0	0	0	0	0	0	0	0	0	0	0	0	1032	0	266	0	0	0	0	0	0	0	778	0	550	0	352	0	2824	0	3070	0	0	0	270	0	5796	0	10036	0	0	0	11048	0	21618	116	2120	0	3210	0	0	0	0	0	0	0	0	0	0	0	2196	0	0	0	6414	0	0	0	334	0	0	0	0	0	0	0	0	0	0	0	0	0	0	0	0	0	0	0	0	0	0	0	0	0	0	
135188	SupraMarginal_L	470	0	112	0	0	0	262	0	0	0	110	0	0	0	0	0	2012	0	0	0	0	0	0	0	0	0	0	0	694	0	0	0	0	0	0	0	0	0	0	0	0	0	684	0	480	0	0	0	290	0	8604	0	724	0	0	0	7420	0	1388	0	14448	0	0	0	8926	0	504	0	0	0	0	0	0	0	0	0	0	0	352	0	6534	0	0	0	12368	0	0	0	1212	0	0	0	0	0	0	0	0	0	0	0	0	0	0	0	0	0	0	0	0	0	0	0	0	0	0	0	
119112	SupraMarginal_R	0	1904	0	192	0	0	0	174	0	0	0	0	0	0	0	0	0	2804	0	86	0	0	0	0	0	0	0	0	0	304	0	0	0	444	0	128	0	0	0	0	0	0	0	878	0	378	0	406	0	926	0	742	0	0	0	328	0	11590	0	1238	0	11048	0	0	0	7466	0	1550	0	2108	0	0	0	0	0	0	0	0	0	0	0	5808	0	0	0	8650	0	0	0	404	0	0	0	0	0	0	0	0	0	0	0	0	0	0	0	0	0	0	0	0	0	0	0	0	0	0	
137612	Angular_L	1092	0	370	0	0	0	900	0	0	0	94	0	0	0	0	0	0	0	132	0	0	0	0	0	0	0	0	0	114	0	0	0	0	0	0	0	132	0	0	0	0	0	622	0	378	0	0	0	300	0	20088	0	86	0	0	0	2204	0	4048	0	19500	0	8926	0	0	0	512	0	86	0	0	0	128	0	0	0	140	0	0	0	1898	0	0	0	7056	0	0	0	0	0	0	0	0	0	0	0	0	0	0	0	0	0	0	0	0	0	0	0	0	0	0	0	0	0	0	0	
183732	Angular_R	0	274	0	0	0	0	0	0	0	0	0	0	0	0	0	0	0	0	0	98	0	0	0	0	0	0	0	0	0	0	0	0	0	662	0	158	0	0	0	0	0	0	0	772	0	1180	0	328	0	7672	0	12406	0	0	0	254	0	2566	0	12332	0	21618	0	7466	0	0	206	2860	0	2074	0	0	0	0	0	0	0	0	0	0	0	5634	0	0	0	13028	0	0	0	278	0	0	0	0	0	0	0	0	0	0	0	0	0	0	0	0	0	0	0	0	0	0	0	0	0	0	
326060	Precuneus_L	1092	0	154	110	0	0	296	0	0	0	0	0	0	0	0	0	282	0	208	354	0	0	0	0	0	0	0	0	392	0	0	0	7346	3358	8274	4038	1892	444	914	338	0	0	19290	1678	15526	9298	8466	568	10194	4140	11538	1380	3068	0	2108	198	6556	88	9944	286	1358	116	504	0	512	206	0	15046	1786	1340	0	0	0	0	0	0	0	238	242	0	0	0	0	0	3746	1572	0	0	1302	118	248	0	0	0	0	0	130	0	402	0	0	0	0	0	0	0	0	0	0	0	346	0	0	0	0	0	
462464	Precuneus_R	0	1246	0	1094	0	0	0	130	0	0	0	0	0	0	0	0	0	106	514	3270	0	0	0	0	0	0	0	0	0	180	0	0	622	16536	924	15214	0	2210	0	982	0	0	418	27030	4358	29718	124	10204	390	26692	0	9756	0	1472	0	5796	0	4426	528	16380	0	2120	0	1550	0	2860	15046	0	340	12654	0	0	0	0	0	0	0	534	0	148	0	340	0	0	0	10174	0	0	0	2426	0	0	0	0	0	0	0	1830	0	0	0	0	0	0	0	0	0	0	0	0	890	0	0	0	0	0	
302656	Paracentral_Lobule_L	26980	1270	3834	4848	0	0	354	0	0	0	0	0	0	0	0	0	0	0	16420	25106	0	0	0	0	0	0	0	0	902	100	272	280	5874	11852	7134	1092	1856	228	790	156	0	0	406	116	260	0	0	0	184	0	2186	0	1452	0	668	0	4062	502	1262	0	1276	0	0	0	86	0	1786	340	0	9342	1844	2192	1248	290	1150	0	5488	2538	304	0	88	0	0	0	1722	0	0	0	1188	0	0	0	0	0	0	0	0	0	0	0	0	0	0	0	0	0	0	0	0	0	0	0	0	0	0	0	
239572	Paracentral_Lobule_R	5248	4924	0	458	0	0	0	124	0	0	0	0	0	0	0	0	0	0	426	21168	0	0	0	0	0	0	0	0	0	156	0	0	516	13726	2264	4092	0	486	0	0	0	0	0	3450	112	1316	0	354	0	6284	0	2452	0	180	0	454	0	11448	0	5794	0	3210	0	2108	0	2074	1340	12654	9342	0	0	176	0	0	0	0	0	202	0	102	0	230	0	0	0	2232	0	0	0	592	0	0	0	0	0	0	0	0	0	0	0	0	0	0	0	0	0	0	0	0	92	0	0	0	0	0	
323588	Caudate_L	1606	270	6140	5440	528	0	584	1520	0	0	2894	0	598	1018	294	422	2566	0	9258	4666	3982	6228	926	316	484	0	3674	1416	18542	598	13186	4860	172	236	0	0	1706	0	282	0	194	0	0	0	0	0	0	0	0	0	0	0	0	0	146	0	802	0	108	0	140	0	0	0	0	0	0	0	1844	0	0	11952	20152	4190	4236	0	18134	1498	182	0	1996	0	1372	0	94	0	0	0	342	0	0	0	0	0	0	0	0	0	0	0	0	0	0	0	0	0	0	0	0	0	0	0	0	0	0	0	
339840	Caudate_R	1500	5358	718	24316	0	1418	0	1106	0	0	168	0	0	380	0	1074	116	0	4670	18756	2318	4754	830	6398	0	3254	1360	2256	708	856	3258	18750	0	502	178	0	124	954	102	758	0	0	0	0	0	0	0	0	0	0	0	0	0	0	92	662	0	0	0	0	0	0	0	0	0	0	0	0	2192	176	11952	0	5108	17078	636	1238	2472	21278	0	0	96	0	0	0	0	0	0	0	0	0	0	0	0	0	0	0	0	0	0	0	0	0	0	0	0	0	0	0	0	0	0	0	0	0	0	0	
352996	Putamen_L	2132	124	19552	2580	6110	0	7758	322	2678	0	1776	0	1726	252	3940	0	612	0	14330	2114	738	2214	4318	276	304	0	1158	166	27098	184	10722	3068	510	338	0	0	8568	0	1058	0	260	0	0	0	0	0	0	0	0	0	184	0	0	0	1808	0	466	0	598	0	796	0	0	0	128	0	0	0	1248	0	20152	5108	0	2868	6316	0	2734	0	130	0	3346	0	2344	0	0	0	0	0	1286	0	0	0	0	0	0	0	0	0	0	0	0	0	0	0	0	0	0	0	0	0	0	0	0	0	0	0	
406076	Putamen_R	0	4818	0	17954	0	1604	0	7068	0	256	0	9902	0	2068	0	1562	0	3684	6672	15448	714	2122	570	7594	0	4294	430	1022	0	30496	2132	10346	106	424	0	0	0	15200	0	9142	0	422	0	0	0	0	0	160	0	0	0	0	0	0	0	9458	0	736	0	0	0	0	0	0	0	0	0	0	290	0	4190	17078	2868	0	114	2018	0	5300	0	0	0	1096	0	0	0	800	0	0	0	2254	0	134	0	0	0	0	0	244	0	248	0	0	0	0	0	0	0	0	0	0	0	0	0	0	0	0	
54084	Pallidum_L	284	0	3550	1152	0	0	2044	0	0	0	0	0	0	0	0	0	0	0	1920	390	0	0	0	0	0	0	0	0	1132	0	808	0	0	0	0	0	316	0	0	0	0	0	0	0	0	0	0	0	0	0	0	0	0	0	0	0	122	0	202	0	268	0	0	0	0	0	0	0	1150	0	4236	636	6316	114	0	0	2140	138	0	0	124	0	0	0	0	0	0	0	0	0	0	0	0	0	0	0	0	0	0	0	0	0	0	0	0	0	0	0	0	0	0	0	0	0	0	0	
23864	Pallidum_R	0	222	0	1170	0	0	0	206	0	0	0	0	0	0	0	0	0	0	1246	2242	0	0	0	0	0	0	0	0	0	0	0	0	0	98	0	0	0	1456	0	1248	0	0	0	0	0	0	0	294	0	0	0	0	0	0	0	360	0	0	0	0	0	0	0	0	0	0	0	0	0	0	0	1238	0	2018	0	0	0	134	0	0	0	0	0	0	0	0	0	0	0	0	0	0	0	0	0	0	0	0	0	0	0	0	0	0	0	0	0	0	0	0	0	0	0	0	0	0	
205096	Thalamus_L	4602	462	7038	1402	252	0	3456	0	0	0	0	0	0	0	0	0	0	0	748	1416	0	0	0	0	256	0	454	0	12130	0	6438	312	0	0	0	0	9072	484	4372	460	0	0	0	0	0	0	246	0	0	0	110	0	0	0	3008	0	156	0	564	0	644	0	0	0	140	0	0	0	5488	0	18134	2472	2734	0	2140	0	0	9472	126	0	1308	0	0	0	146	0	0	0	2306	0	0	0	0	0	0	0	0	0	0	0	0	0	0	0	0	0	0	0	0	0	0	0	0	0	0	0	
301508	Thalamus_R	2382	12146	634	28524	0	0	0	1832	0	0	0	1356	0	104	0	0	0	196	728	10728	0	0	0	0	0	0	0	0	528	3234	234	1228	0	0	4374	2526	5152	11216	3324	8452	0	0	0	0	0	0	0	1746	0	0	0	0	0	0	2440	1944	0	112	0	0	0	0	0	0	0	0	238	534	2538	202	1498	21278	0	5300	138	134	9472	0	0	0	0	380	0	0	0	314	0	0	1284	1534	0	0	0	0	0	0	0	462	0	0	0	0	0	0	0	0	0	0	0	0	308	0	0	0	0	0	
200496	Heschl_L	10000	0	4548	996	0	0	9452	0	0	0	6010	0	0	0	0	0	8008	0	1980	1026	0	0	166	0	0	0	0	0	21686	0	0	0	460	0	0	0	2552	0	94	0	0	0	244	0	0	0	136	0	0	0	1672	0	2978	0	3200	0	2586	0	474	0	584	0	352	0	0	0	242	0	304	0	182	0	130	0	0	0	126	0	0	0	2868	0	0	0	6506	0	0	0	9832	0	574	0	0	0	0	0	0	0	280	0	0	0	0	0	0	0	0	0	0	0	0	0	0	0	0	0	
23728	Heschl_R	0	518	0	304	0	0	0	0	0	0	0	136	0	0	0	0	0	2476	0	0	0	0	0	0	0	0	0	0	0	2024	0	0	0	0	0	0	0	346	0	0	0	0	0	0	0	0	0	0	0	122	0	0	0	94	0	474	0	302	0	0	0	0	0	0	0	0	0	148	0	102	0	0	0	0	0	0	0	0	0	0	0	3078	0	0	0	630	0	0	0	1110	0	0	0	0	0	0	0	0	0	0	0	0	0	0	0	0	0	0	0	0	0	0	0	0	0	0	
263604	Temporal_Sup_L	3072	0	8204	1408	0	0	5878	0	0	0	5284	0	394	0	0	0	13670	0	3828	1554	0	0	0	0	0	0	0	0	21504	0	0	180	0	204	0	0	1866	0	168	0	0	0	0	0	0	0	0	0	0	0	1376	0	292	0	1398	0	4832	0	1002	0	742	0	6534	0	1898	0	0	0	88	0	1996	96	3346	0	124	0	1308	0	2868	0	0	0	2726	0	21368	0	0	0	12594	0	0	0	0	0	0	0	0	0	0	0	0	0	0	0	0	0	0	0	0	0	0	0	0	0	0	0	
137404	Temporal_Sup_R	0	976	0	734	0	0	0	0	0	0	0	130	0	0	0	0	0	5118	0	132	0	0	0	0	0	0	0	0	0	6746	0	0	0	0	0	0	0	2482	0	226	0	0	0	178	0	160	0	100	0	390	0	2384	0	100	0	2086	0	1532	0	164	0	2196	0	5808	0	5634	0	340	0	230	0	0	0	1096	0	0	0	380	0	3078	0	0	0	154	0	18072	0	568	0	7508	0	0	0	0	0	0	0	0	0	0	0	0	0	0	0	0	0	0	0	0	0	0	0	0	0	0	
75092	Temporal_Pole_Sup_L	0	0	228	468	0	0	0	0	0	0	2576	0	542	0	674	0	2348	0	370	440	160	0	0	0	0	0	0	0	7472	0	0	110	0	0	0	0	2916	0	126	0	2226	0	0	0	0	0	0	0	0	0	0	0	0	0	1230	0	0	0	0	0	0	0	0	0	0	0	0	0	0	0	1372	0	2344	0	0	0	0	0	0	0	2726	0	0	0	3048	0	2982	0	3188	0	0	0	0	0	0	0	0	0	0	0	0	0	0	0	0	0	0	0	0	0	0	0	0	0	0	0	
27832	Temporal_Pole_Sup_R	0	0	0	0	0	0	0	0	0	0	0	0	0	0	0	0	0	0	0	0	0	0	0	0	0	0	0	0	0	130	0	0	0	0	0	0	0	1818	0	1594	0	2218	0	0	0	0	0	0	0	0	0	0	0	0	0	4756	0	0	0	0	0	0	0	0	0	0	0	0	0	0	0	0	0	0	0	0	0	0	0	0	0	154	0	0	0	960	0	934	0	1352	0	0	0	0	0	0	0	0	0	0	0	0	0	0	0	0	0	0	0	0	0	0	0	0	0	0	
373812	Temporal_Mid_L	6150	0	2782	1340	0	0	4992	0	0	0	898	0	0	0	0	0	8566	0	884	1340	0	0	168	0	0	0	0	0	11752	0	0	0	608	0	90	0	1742	0	0	0	188	0	3394	0	338	0	1494	0	1746	0	20100	0	8044	0	2148	0	4928	0	3584	0	7432	0	12368	0	7056	0	3746	0	1722	0	94	0	0	0	0	0	146	0	6506	0	21368	0	3048	0	0	0	3500	0	32644	0	0	0	0	0	0	0	0	0	0	0	0	0	0	0	0	0	0	0	0	0	0	0	0	0	0	0	
280152	Temporal_Mid_R	0	800	0	706	0	0	0	0	0	0	0	0	0	0	0	0	0	802	114	376	0	0	0	0	0	0	0	0	0	2650	0	0	106	2662	0	310	0	1500	0	552	0	0	0	4218	0	6038	0	1428	0	6346	0	21116	0	744	0	2906	0	916	0	1568	0	6414	0	8650	0	13028	1572	10174	0	2232	0	0	0	800	0	0	0	314	0	630	0	18072	0	960	0	0	0	1430	0	19942	0	0	0	0	0	0	0	0	0	0	0	0	0	0	0	0	0	0	0	0	0	0	0	0	0	0	
22592	Temporal_Pole_Mid_L	0	0	0	0	0	0	0	0	0	0	0	0	0	0	0	0	0	0	0	0	0	0	0	0	0	0	0	0	0	0	0	0	0	0	0	0	286	0	0	0	362	0	0	0	0	0	0	0	0	0	0	0	0	0	1100	0	0	0	0	0	0	0	0	0	0	0	0	0	0	0	0	0	0	0	0	0	0	0	0	0	0	0	2982	0	3500	0	0	0	3066	0	0	0	0	0	0	0	0	0	0	0	0	0	0	0	0	0	0	0	0	0	0	0	0	0	0	0	
9200	Temporal_Pole_Mid_R	0	0	0	0	0	0	0	0	0	0	0	0	0	0	0	0	0	0	0	0	0	0	0	0	0	0	0	0	0	0	0	0	0	0	0	0	0	0	0	150	0	0	0	0	0	0	0	0	0	0	0	0	0	0	0	964	0	0	0	0	0	0	0	0	0	0	0	0	0	0	0	0	0	0	0	0	0	0	0	0	0	568	0	934	0	1430	0	0	0	554	0	0	0	0	0	0	0	0	0	0	0	0	0	0	0	0	0	0	0	0	0	0	0	0	0	0	
401128	Temporal_Inf_L	7418	160	3098	1312	0	0	5390	0	0	0	766	0	0	0	0	0	7580	0	1036	1426	0	0	192	0	0	0	0	0	16846	0	0	0	514	0	904	400	16398	724	4880	602	2944	0	1302	0	0	0	1064	152	142	0	4344	0	8500	0	21216	0	1250	0	658	0	698	0	1212	0	0	0	1302	0	1188	0	342	0	1286	0	0	0	2306	1284	9832	0	12594	0	3188	0	32644	0	3066	0	0	0	10664	0	2206	0	162	0	1288	0	3306	0	448	0	330	0	0	0	0	0	0	0	0	0	0	0	0	0	
180480	Temporal_Inf_R	0	1622	0	1366	0	0	0	0	0	0	0	102	0	0	0	0	0	896	268	840	0	0	0	0	0	0	0	0	0	3572	0	0	0	194	0	854	0	6542	0	2902	0	338	0	2344	0	328	0	542	0	126	0	2322	0	3840	0	14810	0	920	0	0	0	334	0	404	0	278	118	2426	0	592	0	0	0	2254	0	0	0	1534	0	1110	0	7508	0	1352	0	19942	0	554	0	0	0	5014	0	404	0	0	0	146	0	1048	0	106	0	388	0	0	0	0	0	0	0	0	0	0	0	0	
654676	Cerebelum_Crus1_L	766	0	0	0	0	0	0	0	0	0	0	0	0	0	0	0	0	0	0	0	0	0	0	0	0	0	0	0	1062	0	0	0	0	0	0	0	492	0	438	0	0	0	164	0	0	0	8558	4648	0	0	0	0	1622	2592	30260	3306	0	0	0	0	0	0	0	0	0	0	248	0	0	0	0	0	0	0	0	0	0	0	574	0	0	0	0	0	0	0	0	0	10664	0	0	10198	43822	4154	2420	716	23730	2002	60116	13980	20056	2296	25116	3448	3264	2756	220	0	428	1226	5772	15002	13408	3774	3584	456	
643448	Cerebelum_Crus1_R	0	0	0	0	0	0	0	0	0	0	0	0	0	0	0	0	0	0	0	0	0	0	0	0	0	0	0	0	0	0	0	0	0	0	0	0	0	426	0	754	0	0	0	0	0	0	5546	9974	0	0	0	0	522	2264	4700	27306	0	0	0	0	0	0	0	0	0	0	0	0	0	0	0	0	0	134	0	0	0	0	0	0	0	0	0	0	0	0	0	0	0	5014	10198	0	5562	38448	390	4628	6696	22664	13268	66458	2190	8084	2098	26878	392	4612	0	212	420	3390	19496	14130	10534	2350	1754	232	
473540	Cerebelum_Crus2_L	0	0	0	0	0	0	0	0	0	0	0	0	0	0	0	0	0	0	0	0	0	0	0	0	0	0	0	0	0	0	0	0	0	0	0	0	0	0	0	0	0	0	0	0	0	0	986	1276	0	0	0	0	0	444	2442	632	0	0	0	0	0	0	0	0	0	0	0	0	0	0	0	0	0	0	0	0	0	0	0	0	0	0	0	0	0	0	0	0	2206	0	43822	5562	0	13678	642	194	2392	608	7640	3422	46804	9708	43928	9144	8556	1802	1292	0	0	320	228	4090	18202	4424	2148	178	
370576	Cerebelum_Crus2_R	0	0	0	0	0	0	0	0	0	0	0	0	0	0	0	0	0	0	0	0	0	0	0	0	0	0	0	0	0	0	0	0	0	0	0	0	0	0	0	120	0	0	0	0	0	0	0	406	0	0	0	0	0	124	0	2448	0	0	0	0	0	0	0	0	0	0	0	0	0	0	0	0	0	0	0	0	0	0	0	0	0	0	0	0	0	0	0	0	0	404	4154	38448	13678	0	98	184	160	918	536	6646	7036	30374	6098	45892	454	7010	0	158	0	0	0	1004	15602	2266	964	106	
72328	Cerebelum_3_L	0	0	0	0	0	0	0	0	0	0	0	0	0	0	0	0	0	0	0	0	0	0	0	0	0	0	0	0	0	0	0	0	0	0	0	0	0	0	242	0	0	0	0	0	0	0	686	164	0	0	0	0	110	94	796	138	0	0	0	0	0	0	0	0	0	0	0	0	0	0	0	0	0	0	0	0	0	0	0	0	0	0	0	0	0	0	0	0	162	0	2420	390	642	98	0	124	10918	154	4596	738	324	0	1212	352	2388	576	124	0	874	1102	1202	1800	984	1248	876	630	
74056	Cerebelum_3_R	0	0	0	0	0	0	0	0	0	0	0	0	0	0	0	0	0	0	0	0	0	0	0	0	0	0	0	0	0	0	0	0	0	0	0	0	0	0	0	192	0	0	0	0	0	0	132	236	0	0	0	0	0	0	160	1358	0	0	0	0	0	0	0	0	0	0	0	0	0	0	0	0	0	0	0	0	0	0	0	0	0	0	0	0	0	0	0	0	0	0	716	4628	194	184	124	0	540	6144	962	7936	0	0	234	240	120	570	0	0	306	6052	1592	1078	1168	1128	1034	0	
368488	Cerebelum_4_5_L	0	0	0	0	0	0	0	0	0	0	0	0	0	0	0	0	0	0	0	0	0	0	0	0	0	0	0	0	0	0	0	0	0	0	0	0	132	0	472	0	0	0	96	0	0	0	11200	1856	0	0	92	0	1064	546	17494	2856	0	0	0	0	0	0	0	0	0	0	130	0	0	0	0	0	0	0	0	0	0	0	0	0	0	0	0	0	0	0	0	0	1288	0	23730	6696	2392	160	10918	540	0	4364	42772	8406	1746	108	4146	460	5920	712	340	0	2132	2888	16352	5832	1688	1946	1420	1350	
286016	Cerebelum_4_5_R	0	0	0	0	0	0	0	0	0	0	0	0	0	0	0	0	0	0	0	0	0	0	0	0	0	0	0	0	0	0	0	0	0	0	140	356	122	1946	86	2544	0	0	0	362	0	0	1048	8092	0	0	0	0	0	1018	820	16428	0	0	0	0	0	0	0	0	0	0	0	1830	0	0	0	0	0	244	0	0	0	462	0	0	0	0	0	0	0	0	0	0	0	146	2002	22664	608	918	154	6144	4364	0	1968	37936	164	0	548	1278	136	1820	0	226	162	2616	16960	680	2248	1982	1786	0	
645160	Cerebelum_6_L	186	0	0	0	0	0	0	0	0	0	0	0	0	0	0	0	0	0	0	0	0	0	0	0	0	0	0	0	302	0	0	0	0	0	0	0	242	0	496	0	0	0	456	104	0	0	22210	11748	0	0	104	120	2062	6040	38702	7326	0	0	0	0	0	0	0	0	0	0	402	0	0	0	0	0	0	0	0	0	0	0	280	0	0	0	0	0	0	0	0	0	3306	0	60116	13268	7640	536	4596	962	42772	1968	0	22800	3900	124	6576	296	4720	1168	154	0	1152	2058	13972	27390	4702	3056	2772	1796	
686280	Cerebelum_6_R	0	0	0	0	0	0	0	0	0	0	0	0	0	0	0	0	0	0	0	88	0	0	0	0	0	0	0	0	0	0	0	0	0	0	0	0	0	866	0	1578	0	0	134	90	0	0	11216	21090	0	0	0	162	758	9748	6900	38322	0	0	0	0	0	0	0	0	0	0	0	0	0	0	0	0	0	248	0	0	0	0	0	0	0	0	0	0	0	0	0	0	0	1048	13980	66458	3422	6646	738	7936	8406	37936	22800	0	668	598	1702	7158	558	2596	0	344	444	4514	25864	25614	6998	2882	2630	0	
349504	Cerebelum_7b_L	0	0	0	0	0	0	0	0	0	0	0	0	0	0	0	0	0	0	0	0	0	0	0	0	0	0	0	0	0	0	0	0	0	0	0	0	0	0	0	0	0	0	0	0	0	0	0	128	0	0	0	0	0	0	1276	98	0	0	0	0	0	0	0	0	0	0	0	0	0	0	0	0	0	0	0	0	0	0	0	0	0	0	0	0	0	0	0	0	448	0	20056	2190	46804	7036	324	0	1746	164	3900	668	0	6138	47508	5420	12540	962	2324	0	0	88	0	872	9190	3836	930	106	
234652	Cerebelum_7b_R	0	0	0	0	0	0	0	0	0	0	0	0	0	0	0	0	0	0	0	0	0	0	0	0	0	0	0	0	0	0	0	0	0	0	0	0	0	0	0	0	0	0	0	0	0	0	0	0	0	0	0	0	0	0	0	316	0	0	0	0	0	0	0	0	0	0	0	0	0	0	0	0	0	0	0	0	0	0	0	0	0	0	0	0	0	0	0	0	0	106	2296	8084	9708	30374	0	0	108	0	124	598	6138	0	5522	33100	282	6686	0	114	0	0	0	310	9958	3308	194	0	
426112	Cerebelum_8_L	0	0	0	0	0	0	0	0	0	0	0	0	0	0	0	0	0	0	0	0	0	0	0	0	0	0	0	0	0	0	0	0	0	0	0	0	0	0	0	0	0	0	0	0	0	0	0	362	0	0	0	0	0	208	1054	324	0	0	0	0	0	0	0	0	0	0	0	0	0	0	0	0	0	0	0	0	0	0	0	0	0	0	0	0	0	0	0	0	330	0	25116	2098	43928	6098	1212	234	4146	548	6576	1702	47508	5522	0	7770	25382	3826	3224	0	88	364	252	1658	10398	9160	3684	284	
381148	Cerebelum_8_R	0	0	0	0	0	0	0	0	0	0	0	0	0	0	0	0	0	0	0	0	0	0	0	0	0	0	0	0	0	0	0	0	0	0	0	0	0	0	0	90	0	0	0	0	0	0	0	0	0	0	0	0	0	0	0	2820	0	0	0	0	0	0	0	0	0	0	0	0	0	0	0	0	0	0	0	0	0	0	0	0	0	0	0	0	0	0	0	0	0	388	3448	26878	9144	45892	352	240	460	1278	296	7158	5420	33100	7770	0	916	23830	0	580	0	128	88	330	11402	6002	2258	306	
172260	Cerebelum_9_L	0	0	0	0	0	0	0	0	0	0	0	0	0	0	0	0	0	0	0	0	0	0	0	0	0	0	0	0	0	0	0	0	0	0	0	0	0	0	0	0	0	0	0	0	0	0	0	0	0	0	0	0	0	0	186	0	0	0	0	0	0	0	0	0	0	0	0	0	0	0	0	0	0	0	0	0	0	0	0	0	0	0	0	0	0	0	0	0	0	0	3264	392	8556	454	2388	120	5920	136	4720	558	12540	282	25382	916	0	1502	4032	0	556	498	1352	2984	2318	2716	2430	1928	
178348	Cerebelum_9_R	0	0	0	0	0	0	0	0	0	0	0	0	0	0	0	0	0	0	0	0	0	0	0	0	0	0	0	0	0	0	0	0	0	0	0	0	0	0	0	0	0	0	0	0	0	0	0	0	0	0	0	0	0	0	0	490	0	0	0	0	0	0	0	0	0	0	0	0	0	0	0	0	0	0	0	0	0	0	0	0	0	0	0	0	0	0	0	0	0	0	2756	4612	1802	7010	576	570	712	1820	1168	2596	962	6686	3826	23830	1502	0	0	1200	530	1106	832	1590	5770	7504	7616	2108	
23420	Cerebelum_10_L	0	0	0	0	0	0	0	0	0	0	0	0	0	0	0	0	0	0	0	0	0	0	0	0	0	0	0	0	0	0	0	0	0	0	0	0	0	0	0	0	0	0	0	0	0	0	0	0	0	0	0	0	0	0	0	0	0	0	0	0	0	0	0	0	0	0	0	0	0	0	0	0	0	0	0	0	0	0	0	0	0	0	0	0	0	0	0	0	0	0	220	0	1292	0	124	0	340	0	154	0	2324	0	3224	0	4032	0	0	0	0	0	0	0	0	0	0	0	
6144	Cerebelum_10_R	0	0	0	0	0	0	0	0	0	0	0	0	0	0	0	0	0	0	0	0	0	0	0	0	0	0	0	0	0	0	0	0	0	0	0	0	0	0	0	0	0	0	0	0	0	0	0	0	0	0	0	0	0	0	0	0	0	0	0	0	0	0	0	0	0	0	0	0	0	0	0	0	0	0	0	0	0	0	0	0	0	0	0	0	0	0	0	0	0	0	0	212	0	158	0	0	0	226	0	344	0	114	0	580	0	1200	0	0	0	0	0	0	144	0	94	0	
39204	Vermis_1_2	0	0	0	0	0	0	0	0	0	0	0	0	0	0	0	0	0	0	0	0	0	0	0	0	0	0	0	0	0	0	0	0	0	0	0	0	0	0	0	0	0	0	0	0	0	0	120	0	0	0	0	0	0	0	96	0	0	0	0	0	0	0	0	0	0	0	0	0	0	0	0	0	0	0	0	0	0	0	0	0	0	0	0	0	0	0	0	0	0	0	428	420	0	0	874	306	2132	162	1152	444	0	0	88	0	556	530	0	0	0	4706	3186	1258	754	1158	738	494	
94956	Vermis_3	0	0	0	0	0	0	0	0	0	0	0	0	0	0	0	0	0	0	0	0	0	0	0	0	0	0	0	0	0	0	0	0	0	0	0	0	0	0	0	0	0	0	0	0	0	0	342	162	0	0	0	0	0	0	304	1056	0	0	0	0	0	0	0	0	0	0	0	0	0	0	0	0	0	0	0	0	0	0	0	0	0	0	0	0	0	0	0	0	0	0	1226	3390	320	0	1102	6052	2888	2616	2058	4514	88	0	364	128	498	1106	0	0	4706	0	5798	2382	2024	2298	1844	212	
340184	Vermis_4_5	0	0	0	0	0	0	0	0	0	0	0	0	0	0	0	0	0	0	0	0	0	0	0	0	0	0	0	0	0	0	0	0	0	218	314	1108	184	634	104	530	0	0	0	372	0	118	7798	8720	0	0	0	0	658	1922	5242	9656	0	0	0	0	0	0	0	0	0	0	346	890	0	92	0	0	0	0	0	0	0	308	0	0	0	0	0	0	0	0	0	0	0	0	5772	19496	228	0	1202	1592	16352	16960	13972	25864	0	0	252	88	1352	832	0	0	3186	5798	0	11624	1402	1818	1592	1496	
