data	data	407236	486788	772772	786856	196960	187328	452640	197200	79692	47048	144088	150072	177572	80552	163164	105112	193584	142544	647112	690712	106884	111032	351132	364980	71308	153588	61752	61056	627812	356632	436316	577456	167752	438196	157868	156428	245640	308188	95740	221988	47888	68064	300556	430504	243132	371852	330232	368428	197168	362172	410924	322160	143180	103292	286868	461188	276620	202616	105780	90924	145424	66896	107868	70256	81872	64880	351724	430500	101148	187972	339056	509696	403860	455880	69900	22688	122576	245536	55688	37800	159148	101796	125376	59828	271580	234476	28676	20000	256456	222588	453028	458748	555272	503176	40588	79108	331068	244168	381884	483772	418512	196608	446340	354540	110280	179976	15244	4696	30920	75368	312392	192840	381656	304728	136948	59972	
data	data	Precentral_L	Precentral_R	Frontal_Sup_L	Frontal_Sup_R	Frontal_Sup_Orb_L	Frontal_Sup_Orb_R	Frontal_Mid_L	Frontal_Mid_R	Frontal_Mid_Orb_L	Frontal_Mid_Orb_R	Frontal_Inf_Oper_L	Frontal_Inf_Oper_R	Frontal_Inf_Tri_L	Frontal_Inf_Tri_R	Frontal_Inf_Orb_L	Frontal_Inf_Orb_R	Rolandic_Oper_L	Rolandic_Oper_R	Supp_Motor_Area_L	Supp_Motor_Area_R	Olfactory_L	Olfactory_R	Frontal_Sup_Medial_L	Frontal_Sup_Medial_R	Frontal_Med_Orb_L	Frontal_Med_Orb_R	Rectus_L	Rectus_R	Insula_L	Insula_R	Cingulum_Ant_L	Cingulum_Ant_R	Cingulum_Mid_L	Cingulum_Mid_R	Cingulum_Post_L	Cingulum_Post_R	Hippocampus_L	Hippocampus_R	ParaHippocampal_L	ParaHippocampal_R	Amygdala_L	Amygdala_R	Calcarine_L	Calcarine_R	Cuneus_L	Cuneus_R	Lingual_L	Lingual_R	Occipital_Sup_L	Occipital_Sup_R	Occipital_Mid_L	Occipital_Mid_R	Occipital_Inf_L	Occipital_Inf_R	Fusiform_L	Fusiform_R	Postcentral_L	Postcentral_R	Parietal_Sup_L	Parietal_Sup_R	Parietal_Inf_L	Parietal_Inf_R	SupraMarginal_L	SupraMarginal_R	Angular_L	Angular_R	Precuneus_L	Precuneus_R	Paracentral_Lobule_L	Paracentral_Lobule_R	Caudate_L	Caudate_R	Putamen_L	Putamen_R	Pallidum_L	Pallidum_R	Thalamus_L	Thalamus_R	Heschl_L	Heschl_R	Temporal_Sup_L	Temporal_Sup_R	Temporal_Pole_Sup_L	Temporal_Pole_Sup_R	Temporal_Mid_L	Temporal_Mid_R	Temporal_Pole_Mid_L	Temporal_Pole_Mid_R	Temporal_Inf_L	Temporal_Inf_R	Cerebelum_Crus1_L	Cerebelum_Crus1_R	Cerebelum_Crus2_L	Cerebelum_Crus2_R	Cerebelum_3_L	Cerebelum_3_R	Cerebelum_4_5_L	Cerebelum_4_5_R	Cerebelum_6_L	Cerebelum_6_R	Cerebelum_7b_L	Cerebelum_7b_R	Cerebelum_8_L	Cerebelum_8_R	Cerebelum_9_L	Cerebelum_9_R	Cerebelum_10_L	Cerebelum_10_R	Vermis_1_2	Vermis_3	Vermis_4_5	Vermis_6	Vermis_7	Vermis_8	Vermis_9	Vermis_10	
407236	Precentral_L	0	6756	4290	1068	0	0	14490	0	0	0	9164	0	1810	0	0	0	9026	0	2244	9520	0	0	184	0	0	0	0	0	19452	154	332	0	984	7784	1846	376	6494	0	1232	0	0	0	2530	0	2052	0	478	0	742	0	3284	0	1350	0	680	0	35142	284	1446	0	2582	0	2408	0	0	0	1532	0	7446	4684	1782	1130	6790	206	1676	0	15698	1556	1882	0	2092	0	412	0	3654	0	0	0	2782	0	0	0	0	0	0	0	112	0	0	0	0	0	0	0	0	0	0	0	0	0	0	0	0	0	0	0	
486788	Precentral_R	6756	0	1370	23920	0	0	228	8814	0	0	0	15774	0	1000	0	174	168	2844	6338	15710	0	230	0	0	0	0	0	0	694	6118	452	294	720	8840	1162	2404	888	5860	0	1276	0	96	0	2588	0	1872	0	1174	0	1456	0	544	0	470	0	1666	122	21626	0	476	0	1190	0	3020	0	0	408	4928	4518	8798	3090	18634	3224	8444	1162	106	1272	28036	440	588	0	1046	0	86	0	4196	0	0	0	5860	0	0	0	0	0	0	0	0	0	0	0	0	0	0	0	0	0	0	0	0	224	0	0	0	0	0	
772772	Frontal_Sup_L	4290	1370	0	5230	12948	88	71170	194	3382	0	4622	0	11894	0	9646	0	3564	0	76830	12000	1344	0	36332	1718	2828	252	2300	0	30800	276	20996	5030	7564	4452	128	0	3390	0	248	0	168	0	0	0	94	0	156	0	0	0	0	0	0	0	1270	0	140	122	0	0	0	0	0	0	0	0	94	0	242	80	16750	1336	20930	332	1406	0	2784	232	0	0	2002	0	2562	0	0	0	0	0	800	0	0	0	0	0	0	0	0	0	0	0	0	0	0	0	0	0	0	0	0	0	0	0	0	0	0	0	
786856	Frontal_Sup_R	1068	23920	5230	0	632	12320	1018	25596	0	2022	0	4638	0	2560	0	5694	128	4674	14870	55032	80	332	10772	41642	82	6626	0	532	1578	13932	7188	39604	698	17012	192	572	0	3718	0	1460	0	106	0	0	0	84	0	1012	0	102	0	0	0	0	0	1022	384	906	0	0	0	0	0	0	0	0	0	616	884	130	7484	28778	2076	19980	590	716	624	20342	0	174	232	136	238	570	0	156	0	0	0	234	0	0	0	0	0	0	0	164	0	0	0	0	0	0	0	0	0	0	0	0	266	0	0	0	0	0	
196960	Frontal_Sup_Orb_L	0	0	12948	632	0	1102	3552	0	11938	0	0	0	1762	0	11160	0	78	0	2454	122	2420	178	8666	1730	7150	1312	6696	662	3460	0	11784	2976	84	100	0	0	0	0	0	0	154	0	0	0	0	0	0	0	0	0	0	0	0	0	0	0	0	0	0	0	0	0	0	0	0	0	0	0	0	0	432	148	3486	0	0	0	0	0	0	0	0	0	1294	0	0	0	0	0	0	0	0	0	0	0	0	0	0	0	0	0	0	0	0	0	0	0	0	0	0	0	0	0	0	0	0	0	
187328	Frontal_Sup_Orb_R	0	0	88	12320	1102	0	0	1290	0	7044	0	0	0	0	0	2026	0	0	108	544	0	2284	2240	14186	732	14634	0	5588	0	940	3104	12402	0	204	0	0	0	328	0	270	0	314	0	0	0	0	0	0	0	0	0	0	0	0	0	158	0	0	0	0	0	0	0	0	0	0	0	0	0	0	80	6698	0	4980	0	0	0	0	0	0	0	0	0	0	0	0	0	0	0	0	0	0	0	0	0	0	0	0	0	0	0	0	0	0	0	0	0	0	0	0	0	0	0	0	0	0	
452640	Frontal_Mid_L	14490	228	71170	1018	3552	0	0	0	2026	0	10382	0	28948	0	5584	0	4248	0	19210	2120	0	0	15564	318	0	0	0	0	22800	120	3834	884	4250	1054	0	0	1626	0	112	0	0	0	206	0	296	0	108	0	110	0	80	0	0	0	96	0	1584	0	0	0	0	0	0	0	0	0	78	0	0	0	1806	328	4412	136	1248	0	1048	176	0	0	572	0	414	0	84	0	0	0	0	0	0	0	0	0	0	0	0	0	0	0	0	0	0	0	0	0	0	0	0	0	0	0	0	0	0	0	
197200	Frontal_Mid_R	0	8814	194	25596	0	1290	0	0	0	522	0	3066	0	8848	0	4090	0	506	1152	4060	0	0	470	4102	0	396	0	0	0	5898	232	3426	0	1714	0	394	0	2664	0	994	0	98	0	0	0	0	0	698	0	0	0	0	0	0	0	774	0	900	0	88	0	116	0	0	0	0	0	552	0	0	168	3760	0	10790	0	0	0	1626	0	0	0	0	0	204	0	0	0	0	0	0	0	0	0	0	0	0	0	136	0	0	0	0	0	0	0	0	0	0	0	0	262	0	0	0	0	0	
79692	Frontal_Mid_Orb_L	0	0	3382	0	11938	0	2026	0	0	0	0	0	2228	0	12576	0	0	0	0	0	160	0	0	0	1204	0	1056	0	868	0	1138	0	0	0	0	0	0	0	0	0	0	0	0	0	0	0	0	0	0	0	0	0	0	0	0	0	0	0	0	0	0	0	0	0	0	0	0	0	0	0	0	0	2016	0	0	0	0	0	0	0	0	0	1254	0	0	0	0	0	0	0	0	0	0	0	0	0	0	0	0	0	0	0	0	0	0	0	0	0	0	0	0	0	0	0	0	0	
47048	Frontal_Mid_Orb_R	0	0	0	2022	0	7044	0	522	0	0	0	0	0	168	0	2692	0	0	0	298	0	0	0	2058	0	1348	0	260	0	214	0	1816	0	0	0	0	0	0	0	0	0	0	0	0	0	0	0	0	0	0	0	0	0	0	0	0	0	0	0	0	0	0	0	0	0	0	0	0	0	0	0	2728	0	2354	0	0	0	0	0	0	0	0	0	0	0	0	0	0	0	0	0	0	0	0	0	0	0	0	0	0	0	0	0	0	0	0	0	0	0	0	0	0	0	0	0	0	
144088	Frontal_Inf_Oper_L	9164	0	4622	0	0	0	10382	0	0	0	0	0	9918	0	222	0	6128	0	3052	168	0	0	352	0	0	0	0	0	12964	0	1906	0	0	0	0	0	1928	0	0	0	0	0	0	0	0	0	0	0	0	0	0	0	0	0	98	0	3402	0	0	0	0	0	0	0	0	0	0	0	0	0	2108	0	1996	0	152	0	586	0	144	0	658	0	2094	0	0	0	0	0	0	0	0	0	0	0	0	0	0	0	0	0	0	0	0	0	0	0	0	0	0	0	0	0	0	0	0	0	
150072	Frontal_Inf_Oper_R	0	15774	0	4638	0	0	0	3066	0	0	0	0	0	5892	0	152	0	4338	498	3172	0	0	0	238	0	0	0	0	0	14462	0	1062	0	114	0	0	0	1942	0	254	0	0	0	0	0	0	0	124	0	0	0	0	0	0	0	608	0	2260	0	86	0	424	0	246	0	0	0	88	0	0	0	3532	0	6688	0	0	0	244	0	174	0	694	0	1126	0	2098	0	0	0	1042	0	0	0	0	0	0	0	0	0	0	0	0	0	0	0	0	0	0	0	0	0	0	0	0	0	0	
177572	Frontal_Inf_Tri_L	1810	0	11894	0	1762	0	28948	0	2228	0	9918	0	0	0	9766	0	554	0	2742	0	0	0	304	0	0	0	0	0	16302	0	246	0	114	0	0	0	310	0	0	0	0	0	0	0	0	0	0	0	0	0	0	0	0	0	0	0	396	0	0	0	0	0	0	0	0	0	0	0	0	0	78	0	1132	0	0	0	0	0	0	0	0	0	282	0	0	0	0	0	0	0	0	0	0	0	0	0	0	0	0	0	0	0	0	0	0	0	0	0	0	0	0	0	0	0	0	0	
80552	Frontal_Inf_Tri_R	0	1000	0	2560	0	0	0	8848	0	168	0	5892	0	0	0	1794	0	1186	656	1778	0	0	0	330	0	0	0	0	0	9694	102	1236	0	184	0	0	0	82	0	0	0	0	0	0	0	0	0	0	0	0	0	0	0	0	0	0	0	0	0	0	0	0	0	0	0	0	0	0	0	0	0	1192	0	3392	0	0	0	0	0	0	0	0	0	182	0	0	0	0	0	0	0	0	0	0	0	0	0	0	0	0	0	0	0	0	0	0	0	0	0	0	0	0	0	0	0	0	
163164	Frontal_Inf_Orb_L	0	0	9646	0	11160	0	5584	0	12576	0	222	0	9766	0	0	0	290	0	1900	0	2938	0	0	0	922	0	1502	0	12340	0	1106	0	0	0	0	0	482	0	246	0	406	0	0	0	0	0	0	0	0	0	0	0	0	0	250	0	0	0	0	0	0	0	0	0	0	0	0	0	0	0	0	0	5998	0	0	0	0	0	0	0	176	0	3968	0	0	0	0	0	104	0	0	0	0	0	0	0	0	0	0	0	0	0	0	0	0	0	0	0	0	0	0	0	0	0	0	0	
105112	Frontal_Inf_Orb_R	0	174	0	5694	0	2026	0	4090	0	2692	0	152	0	1794	0	0	0	78	1732	5416	0	550	0	1366	0	0	0	340	0	6206	0	5082	0	838	0	0	0	460	0	404	0	98	0	0	0	0	0	0	0	0	0	0	0	0	0	272	0	0	0	0	0	0	0	0	0	0	0	0	0	0	0	4964	0	6212	0	0	0	0	0	0	0	464	0	1108	0	242	0	0	0	102	0	0	0	0	0	0	0	0	0	0	0	0	0	0	0	0	0	0	0	0	0	0	0	0	0	0	
193584	Rolandic_Oper_L	9026	168	3564	128	78	0	4248	0	0	0	6128	0	554	0	290	0	0	0	2034	558	0	0	222	0	0	0	0	0	25502	0	2070	0	0	86	178	0	2424	0	208	0	0	0	176	0	0	0	194	0	0	0	0	0	0	0	134	0	9654	0	0	0	234	0	1988	0	0	0	202	0	0	0	2548	122	3050	0	1292	0	2574	124	3602	0	5784	0	2196	0	3168	0	0	0	2284	0	0	0	0	0	0	0	0	0	0	0	0	0	0	0	0	0	0	0	0	0	0	0	0	0	0	0	
142544	Rolandic_Oper_R	0	2844	0	4674	0	0	0	506	0	0	0	4338	0	1186	0	78	0	0	408	4444	0	0	0	0	0	0	0	0	0	18104	0	88	0	0	0	0	0	834	0	94	0	0	0	0	0	84	0	0	0	136	0	0	0	0	0	118	0	4460	0	0	0	134	0	3376	0	0	0	138	0	340	0	1674	0	9432	0	0	0	1324	0	3214	0	4168	0	1584	0	1528	0	0	0	1964	0	0	0	0	0	0	0	0	0	0	0	0	0	0	0	0	0	0	0	0	0	0	0	0	0	0	
647112	Supp_Motor_Area_L	2244	6338	76830	14870	2454	108	19210	1152	0	0	3052	498	2742	656	1900	1732	2034	408	0	41144	126	0	9770	3536	250	166	0	0	19940	2022	12174	10322	12436	17258	2238	342	2756	0	152	0	98	0	0	0	146	0	78	0	0	0	0	0	0	0	1188	0	214	122	0	0	0	0	0	0	0	0	258	0	3650	200	16852	4322	16548	1508	518	0	2176	278	0	0	1712	0	2036	0	0	0	0	0	792	0	0	0	0	0	0	0	0	0	0	0	0	0	0	0	0	0	0	0	0	0	0	0	0	0	0	0	
690712	Supp_Motor_Area_R	9520	15710	12000	55032	122	544	2120	4060	0	298	168	3172	0	1778	0	5416	558	4444	41144	0	112	394	1512	7764	0	144	0	98	3176	10962	1252	17542	4666	38998	2042	3618	0	1444	0	502	0	0	0	242	0	408	0	108	0	280	0	292	0	0	0	440	976	1522	0	0	0	0	0	0	0	0	524	2562	4314	12858	13116	24722	2362	14578	0	398	224	13934	0	112	306	0	354	412	0	0	0	0	0	0	0	0	0	0	0	0	0	0	0	0	0	0	0	0	0	0	0	0	0	0	0	0	0	0	0	0	
106884	Olfactory_L	0	0	1344	80	2420	0	0	0	160	0	0	0	0	0	2938	0	0	0	126	112	0	4988	0	0	1274	258	3320	384	4894	0	5256	1344	0	0	0	0	958	0	834	0	1520	0	0	0	0	0	0	0	0	0	0	0	0	0	620	0	0	0	0	0	0	0	0	0	0	0	0	0	0	0	7136	4364	5782	1066	558	0	124	162	0	0	256	0	866	0	0	0	0	0	298	0	0	0	0	0	0	0	0	0	0	0	0	0	0	0	0	0	0	0	0	0	0	0	0	0	0	0	
111032	Olfactory_R	0	230	0	332	178	2284	0	0	0	0	0	0	0	0	0	550	0	0	0	394	4988	0	178	406	130	3406	198	3984	0	3222	2736	3498	0	0	0	0	0	688	0	752	0	1658	0	0	0	0	0	0	0	0	0	0	0	0	0	366	0	0	0	0	0	0	0	0	0	0	0	0	0	0	6298	9852	4134	2338	1414	412	0	526	0	0	0	0	0	364	0	0	0	0	0	0	0	0	0	0	0	0	0	0	0	0	0	0	0	0	0	0	0	0	0	0	0	0	0	0	0	0	
351132	Frontal_Sup_Medial_L	184	0	36332	10772	8666	2240	15564	470	0	0	352	0	304	0	0	0	222	0	9770	1512	0	178	0	19206	3430	2904	222	666	770	0	25160	18456	7382	8382	0	0	126	0	0	0	0	0	0	0	0	0	0	0	0	0	0	0	0	0	0	0	0	0	0	0	0	0	0	0	0	0	0	0	0	0	1026	168	1016	0	0	0	86	0	0	0	0	0	0	0	0	0	0	0	0	0	0	0	0	0	0	0	0	0	0	0	0	0	0	0	0	0	0	0	0	0	0	0	0	0	0	0	
364980	Frontal_Sup_Medial_R	0	0	1718	41642	1730	14186	318	4102	0	2058	0	238	0	330	0	1366	0	0	3536	7764	0	406	19206	0	238	10994	0	2082	0	826	9960	37060	548	12140	0	0	0	0	0	0	0	0	0	0	0	0	0	0	0	0	0	0	0	0	0	0	0	0	0	0	0	0	0	0	0	0	0	0	0	0	0	5502	0	4540	0	0	0	0	0	0	0	0	0	0	0	0	0	0	0	0	0	0	0	0	0	0	0	0	0	0	0	0	0	0	0	0	0	0	0	0	0	0	0	0	0	0	
71308	Frontal_Med_Orb_L	0	0	2828	82	7150	732	0	0	1204	0	0	0	0	0	922	0	0	0	250	0	1274	130	3430	238	0	1908	4368	240	534	0	8372	818	0	0	0	0	0	0	0	0	0	0	0	0	0	0	0	0	0	0	0	0	0	0	0	0	0	0	0	0	0	0	0	0	0	0	0	0	0	0	516	0	564	0	0	0	0	0	0	0	0	0	94	0	0	0	0	0	0	0	0	0	0	0	0	0	0	0	0	0	0	0	0	0	0	0	0	0	0	0	0	0	0	0	0	0	
153588	Frontal_Med_Orb_R	0	0	252	6626	1312	14634	0	396	0	1348	0	0	0	0	0	0	0	0	166	144	258	3406	2904	10994	1908	0	188	6002	0	128	4850	11790	0	298	0	0	0	0	0	0	0	0	0	0	0	0	0	0	0	0	0	0	0	0	0	0	0	0	0	0	0	0	0	0	0	0	0	0	0	0	114	6376	0	2700	0	0	0	0	0	0	0	0	0	0	0	0	0	0	0	0	0	0	0	0	0	0	0	0	0	0	0	0	0	0	0	0	0	0	0	0	0	0	0	0	0	0	
61752	Rectus_L	0	0	2300	0	6696	0	0	0	1056	0	0	0	0	0	1502	0	0	0	0	0	3320	198	222	0	4368	188	0	152	1310	0	5584	190	0	0	0	0	0	0	0	0	118	0	0	0	0	0	0	0	0	0	0	0	0	0	0	0	0	0	0	0	0	0	0	0	0	0	0	0	0	0	1282	104	2132	0	0	0	0	0	0	0	0	0	154	0	0	0	0	0	0	0	0	0	0	0	0	0	0	0	0	0	0	0	0	0	0	0	0	0	0	0	0	0	0	0	0	0	
61056	Rectus_R	0	0	0	532	662	5588	0	0	0	260	0	0	0	0	0	340	0	0	0	98	384	3984	666	2082	240	6002	152	0	0	598	956	3568	0	0	0	0	0	0	0	0	0	94	0	0	0	0	0	0	0	0	0	0	0	0	0	0	0	0	0	0	0	0	0	0	0	0	0	0	0	0	300	3008	164	618	0	0	0	114	0	0	0	0	0	118	0	0	0	0	0	0	0	0	0	0	0	0	0	0	0	0	0	0	0	0	0	0	0	0	0	0	0	0	0	0	0	0	
627812	Insula_L	19452	694	30800	1578	3460	0	22800	0	868	0	12964	0	16302	0	12340	0	25502	0	19940	3176	4894	0	770	0	534	0	1310	0	0	0	3490	270	240	758	582	202	18416	0	2672	0	3016	0	548	0	596	0	878	0	120	0	148	0	88	0	5524	0	12550	0	0	0	202	0	3162	0	0	0	676	0	0	0	8000	762	28304	0	2120	0	9482	882	2750	0	10836	0	9648	0	2758	0	0	0	6648	0	0	0	0	0	0	0	86	0	0	0	0	0	0	0	0	0	0	0	0	0	108	0	0	0	0	0	
356632	Insula_R	154	6118	276	13932	0	940	120	5898	0	214	0	14462	0	9694	0	6206	0	18104	2022	10962	0	3222	0	826	0	128	0	598	0	0	208	4508	0	488	0	0	0	7014	0	3218	0	2798	0	0	0	0	0	228	0	0	0	0	0	0	0	3208	102	2138	0	0	0	130	0	0	0	0	78	280	0	120	432	9066	234	35784	0	460	0	1854	0	3796	0	4330	0	2468	0	568	0	0	0	930	0	0	0	0	0	0	0	0	0	0	0	0	0	0	0	0	0	0	0	0	0	0	0	0	0	0	
436316	Cingulum_Ant_L	332	452	20996	7188	11784	3104	3834	232	1138	0	1906	0	246	102	1106	0	2070	0	12174	1252	5256	2736	25160	9960	8372	4850	5584	956	3490	208	0	27648	8568	5562	636	0	166	0	0	0	0	0	0	0	0	0	0	0	0	0	0	0	0	0	0	0	0	0	0	0	0	0	0	0	0	0	0	0	0	0	16182	6170	12634	3534	548	502	542	86	0	0	140	0	752	0	0	0	0	0	0	0	0	0	0	0	0	0	0	0	0	0	0	0	0	0	0	0	0	0	0	0	0	0	0	0	0	0	
577456	Cingulum_Ant_R	0	294	5030	39604	2976	12402	884	3426	0	1816	0	1062	0	1236	0	5082	0	88	10322	17542	1344	3498	18456	37060	818	11790	190	3568	270	4508	27648	0	4368	23234	0	0	0	370	0	0	0	0	0	0	0	0	0	0	0	0	0	0	0	0	0	0	0	0	0	0	0	0	0	0	0	0	0	0	0	0	5040	24072	4044	15506	354	402	138	286	0	0	0	0	0	0	0	0	0	0	0	0	0	0	0	0	0	0	0	0	0	0	0	0	0	0	0	0	0	0	0	0	0	0	0	0	0	0	
167752	Cingulum_Mid_L	984	720	7564	698	84	0	4250	0	0	0	0	0	114	0	0	0	0	0	12436	4666	0	0	7382	548	0	0	0	0	240	0	8568	4368	0	12848	5948	2502	0	0	0	0	0	0	212	82	1162	152	0	0	686	160	126	0	0	0	0	0	0	172	0	0	0	0	0	0	0	0	1848	1554	1586	1832	254	0	130	0	0	0	0	0	0	0	0	0	0	0	0	0	0	0	0	0	0	0	0	0	0	0	0	0	0	0	0	0	0	0	0	0	0	0	0	0	0	0	0	0	0	0	
438196	Cingulum_Mid_R	7784	8840	4452	17012	100	204	1054	1714	0	0	0	114	0	184	0	838	86	0	17258	38998	0	0	8382	12140	0	298	0	0	758	488	5562	23234	12848	0	2624	9236	0	254	0	0	0	0	0	1300	0	2116	0	86	0	1226	0	674	0	0	0	0	0	3568	0	108	0	0	0	0	0	0	1852	8838	4096	16672	2092	656	206	308	0	0	146	262	0	0	0	0	0	0	0	98	0	0	0	96	0	0	0	0	0	0	0	0	0	0	0	0	0	0	0	0	0	0	0	0	236	0	0	0	0	0	
157868	Cingulum_Post_L	1846	1162	128	192	0	0	0	0	0	0	0	0	0	0	0	0	178	0	2238	2042	0	0	0	0	0	0	0	0	582	0	636	0	5948	2624	0	6312	2760	0	714	0	0	0	8818	0	900	0	6400	0	138	0	2122	0	554	0	198	0	148	604	0	0	128	0	146	0	0	0	10606	1016	2368	1374	128	98	82	0	0	0	986	1472	690	0	176	0	0	0	1474	0	0	0	690	0	0	0	0	0	0	0	6138	0	0	0	0	0	0	0	0	0	0	0	0	0	4118	0	0	0	0	0	
156428	Cingulum_Post_R	376	2404	0	572	0	0	0	394	0	0	0	0	0	0	0	0	0	0	342	3618	0	0	0	0	0	0	0	0	202	0	0	0	2502	9236	6312	0	1074	3216	0	290	0	0	206	1728	0	786	104	5230	0	666	0	880	0	434	0	198	84	3110	0	0	0	0	0	0	0	0	1678	14702	500	6130	0	124	0	0	0	0	558	3060	224	0	0	0	0	0	0	450	0	0	0	742	0	0	0	0	0	0	104	242	0	0	0	0	0	0	0	0	0	0	0	0	5736	0	0	0	0	0	
245640	Hippocampus_L	6494	888	3390	0	0	0	1626	0	0	0	1928	0	310	0	482	0	2424	0	2756	0	958	0	126	0	0	0	0	0	18416	0	166	0	0	0	2760	1074	0	0	12096	0	7360	0	896	0	0	0	3228	0	0	0	0	0	90	0	13512	0	4304	0	0	0	0	0	118	0	0	0	1976	0	0	0	152	0	5982	0	206	0	3978	1598	2634	0	3634	0	2714	0	1292	0	420	0	11078	0	0	0	0	0	0	0	1484	0	0	0	0	0	0	0	0	0	0	0	0	0	270	0	0	0	0	0	
308188	Hippocampus_R	0	5860	0	3718	0	328	0	2664	0	0	0	1942	0	82	0	460	0	834	0	1444	0	688	0	0	0	0	0	0	0	7014	0	370	0	254	0	3216	0	0	0	33870	0	10780	0	448	0	0	0	8856	0	0	0	0	0	0	0	30276	0	756	0	0	0	0	0	0	0	0	0	4570	0	458	146	710	92	13622	0	578	0	4274	0	330	0	2764	0	2438	0	1308	0	304	0	4716	0	142	0	0	0	168	0	1366	0	210	0	0	0	0	0	0	0	0	0	0	2038	0	0	0	0	0	
95740	ParaHippocampal_L	1232	0	248	0	0	0	112	0	0	0	0	0	0	0	246	0	208	0	152	0	834	0	0	0	0	0	0	0	2672	0	0	0	0	0	714	0	12096	0	0	0	3700	0	992	0	0	0	5950	0	0	0	0	0	0	0	7604	0	596	0	0	0	0	0	0	0	0	0	2262	0	110	0	0	0	398	0	0	0	630	114	194	0	382	0	544	0	120	0	214	0	1376	0	164	0	0	0	178	98	2928	0	464	0	0	0	0	0	0	0	0	0	0	224	114	0	0	0	0	0	
221988	ParaHippocampal_R	0	1276	0	1460	0	270	0	994	0	0	0	254	0	0	0	404	0	94	0	502	0	752	0	0	0	0	0	0	0	3218	0	0	0	0	0	290	0	33870	0	0	0	8896	0	158	0	0	0	8506	0	0	0	0	0	96	0	28204	0	0	0	0	0	0	0	0	0	0	0	1794	0	0	0	118	0	7230	0	526	0	996	0	0	0	972	0	2092	0	930	0	560	0	3314	0	346	0	0	0	300	0	1850	0	494	0	0	0	0	0	0	0	0	0	0	228	0	0	0	0	0	
47888	Amygdala_L	0	0	168	0	154	0	0	0	0	0	0	0	0	0	406	0	0	0	98	0	1520	0	0	0	0	0	118	0	3016	0	0	0	0	0	0	0	7360	0	3700	0	0	0	0	0	0	0	0	0	0	0	0	0	0	0	3964	0	0	0	0	0	0	0	0	0	0	0	0	0	0	0	0	0	180	0	0	0	0	0	0	0	402	0	1176	0	0	0	320	0	1362	0	0	0	0	0	0	0	0	0	0	0	0	0	0	0	0	0	0	0	0	0	0	0	0	0	0	0	
68064	Amygdala_R	0	96	0	106	0	314	0	98	0	0	0	0	0	0	0	98	0	0	0	0	0	1658	0	0	0	0	0	94	0	2798	0	0	0	0	0	0	0	10780	0	8896	0	0	0	0	0	0	0	0	0	0	0	0	0	0	0	5970	0	0	0	0	0	0	0	0	0	0	0	0	0	0	0	0	0	944	0	0	0	0	0	0	0	0	0	2102	0	0	0	0	0	78	0	0	0	0	0	0	0	0	0	0	0	0	0	0	0	0	0	0	0	0	0	0	0	0	0	0	
300556	Calcarine_L	2530	0	0	0	0	0	206	0	0	0	0	0	0	0	0	0	176	0	0	0	0	0	0	0	0	0	0	0	548	0	0	0	212	0	8818	206	896	0	992	0	0	0	0	10194	15790	4486	20132	3510	7938	1498	17564	142	5384	172	1094	120	4156	0	1828	0	654	0	422	0	382	0	21626	240	3638	0	0	0	0	0	0	0	0	0	0	0	184	0	0	0	4288	0	0	0	1728	0	0	0	0	0	0	0	6150	0	0	0	0	0	0	0	0	0	0	0	0	0	2374	0	0	0	0	0	
430504	Calcarine_R	0	2588	0	0	0	0	0	0	0	0	0	0	0	0	0	0	0	0	0	242	0	0	0	0	0	0	0	0	0	0	0	0	82	1300	0	1728	0	448	0	158	0	0	10194	0	13060	40320	5248	22620	212	31262	0	23038	0	7470	0	4648	0	4446	0	1986	0	0	0	0	0	0	1306	25612	0	3328	0	0	0	0	0	0	0	0	0	0	0	0	0	0	0	8380	0	0	0	5200	0	0	0	0	0	0	0	0	0	0	0	0	0	0	0	0	0	0	0	0	376	0	0	0	0	0	
243132	Cuneus_L	2052	0	94	0	0	0	296	0	0	0	0	0	0	0	0	0	0	0	146	0	0	0	0	0	0	0	0	0	596	0	0	0	1162	0	900	0	0	0	0	0	0	0	15790	13060	0	13096	4340	880	22922	4440	15128	1302	2238	226	170	0	1152	0	916	110	0	0	0	0	0	0	17146	454	1136	0	0	0	0	0	0	0	0	0	0	0	0	0	0	0	0	810	0	0	0	632	0	0	0	0	0	0	234	0	0	0	0	0	0	0	0	0	0	0	0	0	138	0	0	0	0	0	
371852	Cuneus_R	0	1872	0	84	0	0	0	0	0	0	0	0	0	0	0	0	0	84	0	408	0	0	0	0	0	0	0	0	0	0	0	0	152	2116	0	786	0	0	0	0	0	0	4486	40320	13096	0	156	2470	292	40610	182	22690	0	1922	0	446	0	4644	0	5064	0	148	0	196	0	150	3978	28000	78	5142	0	0	0	0	0	0	0	0	0	0	0	146	0	0	0	3976	0	0	0	2232	0	0	0	0	0	0	0	0	0	0	0	0	0	0	0	0	0	0	0	0	0	0	0	0	0	0	
330232	Lingual_L	478	0	156	0	0	0	108	0	0	0	0	0	0	0	0	0	194	0	78	0	0	0	0	0	0	0	0	0	878	0	0	0	0	0	6400	104	3228	0	5950	0	0	0	20132	5248	4340	156	0	6018	4638	914	17542	1426	9082	1078	13780	748	140	0	0	0	0	0	0	0	292	0	12070	402	206	0	0	0	234	0	0	0	330	0	96	0	266	0	0	0	1120	884	0	0	608	512	7248	246	2394	394	0	0	14270	304	12150	534	88	0	142	0	100	0	0	0	0	0	3626	2004	1780	0	0	0	
368428	Lingual_R	0	1174	0	1012	0	0	0	698	0	0	0	124	0	0	0	0	0	0	0	108	0	0	0	0	0	0	0	0	0	228	0	0	0	86	0	5230	0	8856	0	8506	0	0	3510	22620	880	2470	6018	0	0	3300	0	4316	0	5344	824	23780	0	136	0	0	0	0	0	0	0	0	160	11952	0	96	0	0	0	460	0	0	0	2474	0	0	0	126	0	0	0	1736	0	0	0	1428	2186	4410	3080	2490	138	914	1762	9508	4038	11452	160	0	144	454	0	140	0	0	0	166	11516	8600	4962	252	190	0	
197168	Occipital_Sup_L	742	0	0	0	0	0	110	0	0	0	0	0	0	0	0	0	0	0	0	0	0	0	0	0	0	0	0	0	120	0	0	0	686	0	138	0	0	0	0	0	0	0	7938	212	22922	292	4638	0	0	0	26886	0	3048	0	160	0	366	0	9178	0	734	0	0	0	156	0	19102	0	402	0	0	0	0	0	0	0	0	0	0	0	0	0	0	0	658	0	0	0	96	0	0	0	0	0	0	0	0	0	0	0	0	0	0	0	0	0	0	0	0	0	0	0	0	0	0	0	
362172	Occipital_Sup_R	0	1456	0	102	0	0	0	0	0	0	0	0	0	0	0	0	0	136	0	280	0	0	0	0	0	0	0	0	0	0	0	0	160	1226	0	666	0	0	0	0	0	0	1498	31262	4440	40610	914	3300	0	0	0	32780	0	2000	0	852	0	4560	0	10090	0	796	0	322	0	2856	4570	27468	0	4416	0	0	0	0	0	0	0	0	0	0	0	176	0	0	0	2552	0	0	0	1598	0	0	0	0	0	0	0	0	0	0	0	0	0	0	0	0	0	0	0	0	0	0	0	0	0	0	
410924	Occipital_Mid_L	3284	0	0	0	0	0	80	0	0	0	0	0	0	0	0	0	0	0	0	0	0	0	0	0	0	0	0	0	148	0	0	0	126	0	2122	0	0	0	0	0	0	0	17564	0	15128	182	17542	0	26886	0	0	0	28102	0	2146	0	1884	0	10000	0	10744	0	588	0	18294	0	14980	0	1896	0	0	0	0	0	0	0	0	0	94	0	386	0	0	0	24268	0	0	0	6986	0	0	0	0	0	0	0	1136	0	100	0	0	0	0	0	0	0	0	0	0	0	796	0	0	0	0	0	
322160	Occipital_Mid_R	0	544	0	0	0	0	0	0	0	0	0	0	0	0	0	0	0	0	0	292	0	0	0	0	0	0	0	0	0	0	0	0	0	674	0	880	0	0	0	0	0	0	142	23038	1302	22690	1426	4316	0	32780	0	0	0	7454	0	1204	0	1544	0	4562	0	4418	0	160	0	10700	1942	15728	0	1804	0	0	0	0	0	0	0	0	0	0	0	324	0	0	0	19602	0	0	0	3554	0	0	0	0	0	0	0	0	0	0	0	0	0	0	0	0	0	0	0	0	0	0	0	0	0	0	
143180	Occipital_Inf_L	1350	0	0	0	0	0	0	0	0	0	0	0	0	0	0	0	0	0	0	0	0	0	0	0	0	0	0	0	88	0	0	0	0	0	554	0	90	0	0	0	0	0	5384	0	2238	0	9082	0	3048	0	28102	0	0	0	3954	0	524	0	352	0	1004	0	220	0	1604	0	2980	0	488	0	0	0	0	0	0	0	0	0	200	0	0	0	0	0	4944	0	0	0	4472	0	152	0	0	0	0	0	444	0	120	0	0	0	0	0	0	0	0	0	0	0	196	0	0	0	0	0	
103292	Occipital_Inf_R	0	470	0	0	0	0	0	0	0	0	0	0	0	0	0	0	0	0	0	0	0	0	0	0	0	0	0	0	0	0	0	0	0	0	0	434	0	0	0	96	0	0	172	7470	226	1922	1078	5344	0	2000	0	7454	0	0	0	7520	0	588	0	0	0	0	0	0	0	0	0	2256	0	358	0	0	0	0	0	0	0	0	0	0	0	0	0	0	0	4076	0	0	0	5822	156	298	216	294	0	0	0	430	174	1116	0	0	0	80	0	0	0	0	0	0	478	584	534	0	0	0	
286868	Fusiform_L	680	0	1270	0	0	0	96	0	0	0	98	0	0	0	250	0	134	0	1188	0	620	0	0	0	0	0	0	0	5524	0	0	0	0	0	198	0	13512	0	7604	0	3964	0	1094	0	170	0	13780	824	160	0	2146	0	3954	0	0	232	458	0	0	0	148	0	186	0	0	0	596	0	0	0	0	0	1180	0	0	0	262	0	668	0	1836	0	3310	0	2556	0	1876	0	18160	0	16098	156	2238	308	648	0	9106	208	21786	336	324	0	370	0	132	0	0	0	0	0	768	1112	1110	0	0	0	
461188	Fusiform_R	0	1666	0	1022	0	158	0	774	0	0	0	608	0	0	0	272	0	118	0	440	0	366	0	0	0	0	0	0	0	3208	0	0	0	0	0	198	0	30276	0	28204	0	5970	120	4648	0	446	748	23780	0	852	0	1204	0	7520	232	0	0	202	0	0	0	0	0	0	0	0	0	1562	0	0	0	188	0	7568	0	410	0	414	0	0	0	1886	0	4912	0	2366	0	2202	0	14818	1318	14274	2152	2620	0	1008	1064	13790	2416	22738	182	80	178	608	0	210	0	0	0	252	6934	6748	4002	408	254	0	
276620	Postcentral_L	35142	122	140	384	0	0	1584	0	0	0	3402	0	396	0	0	0	9654	0	214	976	0	0	0	0	0	0	0	0	12550	102	0	0	0	0	148	84	4304	0	596	0	0	0	4156	0	1152	0	140	0	366	0	1884	0	524	0	458	0	0	0	5882	0	14020	0	10202	0	0	0	3618	0	2684	0	752	214	5918	150	1726	0	2062	366	2466	0	2754	0	156	0	3940	0	0	0	2922	0	0	0	0	0	0	0	0	0	0	0	0	0	0	0	0	0	0	0	0	0	0	0	0	0	0	0	
202616	Postcentral_R	284	21626	122	906	0	0	0	900	0	0	0	2260	0	0	0	0	0	4460	122	1522	0	0	0	0	0	0	0	0	0	2138	0	0	172	3568	604	3110	0	756	0	0	0	0	0	4446	0	4644	0	136	0	4560	0	1544	0	588	0	202	0	0	0	3184	0	4532	0	8330	0	290	796	9568	398	8096	186	1022	0	1222	0	0	0	284	0	444	0	528	0	0	0	2074	0	0	0	1498	0	0	0	0	0	0	0	0	0	0	0	0	0	0	0	0	0	0	0	0	186	0	0	0	0	0	
105780	Parietal_Sup_L	1446	0	0	0	0	0	0	0	0	0	0	0	0	0	0	0	0	0	0	0	0	0	0	0	0	0	0	0	0	0	0	0	0	0	0	0	0	0	0	0	0	0	1828	0	916	0	0	0	9178	0	10000	0	352	0	0	0	5882	0	0	0	8754	0	0	0	1100	0	12016	0	1028	0	0	0	0	0	0	0	0	0	0	0	0	0	0	0	390	0	0	0	0	0	0	0	0	0	0	0	0	0	0	0	0	0	0	0	0	0	0	0	0	0	0	0	0	0	0	0	
90924	Parietal_Sup_R	0	476	0	0	0	0	0	88	0	0	0	86	0	0	0	0	0	0	0	0	0	0	0	0	0	0	0	0	0	0	0	0	0	108	0	0	0	0	0	0	0	0	0	1986	110	5064	0	0	0	10090	0	4562	0	0	0	0	0	3184	0	0	0	2846	0	628	0	1670	2716	10336	0	408	0	0	0	0	0	0	0	0	0	176	0	284	0	0	0	334	0	0	0	310	0	0	0	0	0	0	0	0	0	0	0	0	0	0	0	0	0	0	0	0	0	0	0	0	0	0	
145424	Parietal_Inf_L	2582	0	0	0	0	0	0	0	0	0	0	0	0	0	0	0	234	0	0	0	0	0	0	0	0	0	0	0	202	0	0	0	0	0	128	0	0	0	0	0	0	0	654	0	0	0	0	0	734	0	10744	0	1004	0	148	0	14020	0	8754	0	0	0	14080	0	10586	0	620	0	106	0	0	0	0	0	0	0	0	0	262	0	2344	0	0	0	4136	0	0	0	1374	0	0	0	0	0	0	0	0	0	0	0	0	0	0	0	0	0	0	0	0	0	0	0	0	0	0	0	
66896	Parietal_Inf_R	0	1190	0	0	0	0	0	116	0	0	0	424	0	0	0	0	0	134	0	0	0	0	0	0	0	0	0	0	0	130	0	0	0	0	0	0	0	0	0	0	0	0	0	0	0	148	0	0	0	796	0	4418	0	0	0	0	0	4532	0	2846	0	0	0	6122	0	8750	0	370	0	0	0	0	0	0	0	0	0	0	0	264	0	756	0	0	0	1620	0	0	0	832	0	0	0	0	0	0	0	0	0	0	0	0	0	0	0	0	0	0	0	0	0	0	0	0	0	0	
107868	SupraMarginal_L	2408	0	0	0	0	0	0	0	0	0	0	0	0	0	0	0	1988	0	0	0	0	0	0	0	0	0	0	0	3162	0	0	0	0	0	146	0	118	0	0	0	0	0	422	0	0	0	0	0	0	0	588	0	220	0	186	0	10202	0	0	0	14080	0	0	0	2736	0	290	0	0	0	0	114	226	0	188	0	0	0	1264	0	6830	0	0	0	6190	0	0	0	2576	0	0	0	0	0	0	0	0	0	0	0	0	0	0	0	0	0	0	0	0	0	0	0	0	0	0	0	
70256	SupraMarginal_R	0	3020	0	0	0	0	0	0	0	0	0	246	0	0	0	0	0	3376	0	0	0	0	0	0	0	0	0	0	0	0	0	0	0	0	0	0	0	0	0	0	0	0	0	0	0	196	0	0	0	322	0	160	0	0	0	0	0	8330	0	628	0	6122	0	0	0	2236	0	290	0	0	0	0	0	0	0	0	0	0	0	0	0	3424	0	0	0	3052	0	0	0	3726	0	0	0	0	0	0	0	0	0	0	0	0	0	0	0	0	0	0	0	0	0	0	0	0	0	0	
81872	Angular_L	0	0	0	0	0	0	0	0	0	0	0	0	0	0	0	0	0	0	0	0	0	0	0	0	0	0	0	0	0	0	0	0	0	0	0	0	0	0	0	0	0	0	382	0	0	0	292	0	156	0	18294	0	1604	0	0	0	0	0	1100	0	10586	0	2736	0	0	0	0	0	0	0	0	0	0	0	0	0	0	0	0	0	404	0	0	0	5030	0	0	0	352	0	0	0	0	0	0	0	0	0	0	0	0	0	0	0	0	0	0	0	0	0	0	0	0	0	0	0	
64880	Angular_R	0	0	0	0	0	0	0	0	0	0	0	0	0	0	0	0	0	0	0	0	0	0	0	0	0	0	0	0	0	0	0	0	0	0	0	0	0	0	0	0	0	0	0	0	0	150	0	0	0	2856	0	10700	0	0	0	0	0	290	0	1670	0	8750	0	2236	0	0	0	220	0	0	0	0	0	0	0	0	0	0	0	0	0	1530	0	0	0	3730	0	0	0	308	0	0	0	0	0	0	0	0	0	0	0	0	0	0	0	0	0	0	0	0	0	0	0	0	0	0	
351724	Precuneus_L	1532	408	94	0	0	0	78	0	0	0	0	0	0	0	0	0	202	0	258	524	0	0	0	0	0	0	0	0	676	78	0	0	1848	1852	10606	1678	1976	0	2262	0	0	0	21626	1306	17146	3978	12070	160	19102	4570	14980	1942	2980	0	596	0	3618	796	12016	2716	620	0	290	0	0	0	0	13460	2950	1710	0	0	0	0	0	0	0	0	0	0	148	0	0	0	2410	94	0	0	1298	0	0	0	0	0	0	0	6036	0	0	0	0	0	0	0	0	0	0	0	0	0	3172	0	0	0	0	0	
430500	Precuneus_R	0	4928	0	616	0	0	0	552	0	0	0	88	0	0	0	0	0	138	0	2562	0	0	0	0	0	0	0	0	0	280	0	0	1554	8838	1016	14702	0	4570	0	1794	0	0	240	25612	454	28000	402	11952	0	27468	0	15728	0	2256	0	1562	0	9568	0	10336	0	370	0	290	0	220	13460	0	398	10070	0	180	0	98	0	0	0	1698	0	80	0	214	0	0	0	3282	0	0	0	3152	0	0	0	0	0	0	0	1068	0	0	0	0	0	0	0	0	0	0	0	0	5454	0	0	0	0	0	
101148	Paracentral_Lobule_L	7446	4518	242	884	0	0	0	0	0	0	0	0	0	0	0	0	0	0	3650	4314	0	0	0	0	0	0	0	0	0	0	0	0	1586	4096	2368	500	0	0	110	0	0	0	3638	0	1136	78	206	0	402	0	1896	0	488	0	0	0	2684	398	1028	0	106	0	0	0	0	0	2950	398	0	3200	0	444	0	0	0	0	0	442	0	0	0	0	0	0	716	0	0	0	298	0	0	0	0	0	0	0	158	0	0	0	0	0	0	0	0	0	0	0	0	0	194	0	0	0	0	0	
187972	Paracentral_Lobule_R	4684	8798	80	130	0	0	0	0	0	0	0	0	0	0	0	0	0	340	200	12858	0	0	0	0	0	0	0	0	0	120	0	0	1832	16672	1374	6130	0	458	0	0	0	0	0	3328	0	5142	0	96	0	4416	0	1804	0	358	0	0	0	8096	0	408	0	0	0	0	0	0	1710	10070	3200	0	0	234	0	136	0	0	0	336	0	0	0	0	0	0	0	346	0	0	0	396	0	0	0	0	0	0	0	0	0	0	0	0	0	0	0	0	0	0	0	0	234	0	0	0	0	0	
339056	Caudate_L	1782	3090	16750	7484	432	80	1806	168	0	0	2108	0	78	0	0	0	2548	0	16852	13116	7136	6298	1026	0	516	114	1282	300	8000	432	16182	5040	254	2092	128	0	152	146	0	0	0	0	0	0	0	0	0	0	0	0	0	0	0	0	0	0	752	186	0	0	0	0	0	0	0	0	0	0	0	0	0	13266	23800	2450	4468	994	4402	1490	0	0	830	0	1498	0	0	0	0	0	0	0	0	0	0	0	0	0	0	0	0	0	0	0	0	0	0	0	0	0	0	0	0	0	0	0	0	0	
509696	Caudate_R	1130	18634	1336	28778	148	6698	328	3760	0	2728	0	3532	0	1192	0	4964	122	1674	4322	24722	4364	9852	168	5502	0	6376	104	3008	762	9066	6170	24072	0	656	98	124	0	710	0	118	0	0	0	0	0	0	0	0	0	0	0	0	0	0	0	188	214	1022	0	0	0	0	114	0	0	0	0	180	444	234	13266	0	6360	28540	2536	2610	1096	21650	0	224	0	114	0	320	0	250	0	0	0	268	0	0	0	0	0	0	0	0	0	0	0	0	0	0	0	0	0	0	0	0	0	0	0	0	0	0	
403860	Putamen_L	6790	3224	20930	2076	3486	0	4412	0	2016	0	1996	0	1132	0	5998	0	3050	0	16548	2362	5782	4134	1016	0	564	0	2132	164	28304	234	12634	4044	130	206	82	0	5982	92	398	0	180	0	0	0	0	0	234	0	0	0	0	0	0	0	1180	0	5918	0	0	0	0	0	226	0	0	0	0	0	0	0	23800	6360	0	2024	8866	572	1536	702	360	0	3710	0	4790	0	208	0	0	0	1346	0	0	0	0	0	0	0	0	0	0	0	0	0	0	0	0	0	0	0	0	0	0	0	0	0	0	0	
455880	Putamen_R	206	8444	332	19980	0	4980	136	10790	0	2354	0	6688	0	3392	0	6212	0	9432	1508	14578	1066	2338	0	4540	0	2700	0	618	0	35784	3534	15506	0	308	0	0	0	13622	0	7230	0	944	0	0	0	0	0	460	0	0	0	0	0	0	0	7568	150	1222	0	0	0	0	0	0	0	0	0	98	0	136	2450	28540	2024	0	746	2108	0	2192	0	1068	0	244	0	858	0	134	0	0	0	720	0	0	0	0	0	0	0	0	0	0	0	0	0	0	0	0	0	0	0	0	0	0	0	0	0	0	
69900	Pallidum_L	1676	1162	1406	590	0	0	1248	0	0	0	152	0	0	0	0	0	1292	0	518	0	558	1414	0	0	0	0	0	0	2120	0	548	354	0	0	0	0	206	0	0	0	0	0	0	0	0	0	0	0	0	0	0	0	0	0	0	0	1726	0	0	0	0	0	188	0	0	0	0	0	0	0	4468	2536	8866	746	0	430	2002	530	0	0	118	0	0	0	0	0	0	0	96	0	0	0	0	0	0	0	0	0	0	0	0	0	0	0	0	0	0	0	0	0	0	0	0	0	0	0	
22688	Pallidum_R	0	106	0	716	0	0	0	0	0	0	0	0	0	0	0	0	0	0	0	398	0	412	0	0	0	0	0	0	0	460	502	402	0	0	0	0	0	578	0	526	0	0	0	0	0	0	0	0	0	0	0	0	0	0	0	410	0	0	0	0	0	0	0	0	0	0	0	0	0	0	994	2610	572	2108	430	0	0	120	0	0	0	0	0	0	0	0	0	0	0	0	0	0	0	0	0	0	0	0	0	0	0	0	0	0	0	0	0	0	0	0	0	0	0	0	0	0	
122576	Thalamus_L	15698	1272	2784	624	0	0	1048	0	0	0	586	0	0	0	0	0	2574	0	2176	224	124	0	86	0	0	0	0	0	9482	0	542	138	0	146	986	558	3978	0	630	0	0	0	0	0	0	0	330	0	0	0	0	0	0	0	262	0	2062	0	0	0	0	0	0	0	0	0	0	0	0	0	4402	1096	1536	0	2002	0	0	4024	1266	0	246	0	0	0	0	0	0	0	108	0	0	0	0	0	0	0	298	0	0	0	0	0	0	0	0	0	0	0	0	0	0	0	0	0	0	0	
245536	Thalamus_R	1556	28036	232	20342	0	0	176	1626	0	0	0	244	0	0	0	0	124	1324	278	13934	162	526	0	0	0	0	0	114	882	1854	86	286	0	262	1472	3060	1598	4274	114	996	0	0	0	0	0	0	0	2474	0	0	0	0	0	0	0	414	366	284	0	0	0	0	0	0	0	0	0	1698	442	336	1490	21650	702	2192	530	120	4024	0	688	228	78	0	0	0	0	0	0	0	0	0	0	0	0	0	0	0	0	486	0	0	0	0	0	0	0	0	0	0	0	0	1008	0	0	0	0	0	
55688	Heschl_L	1882	440	0	0	0	0	0	0	0	0	144	0	0	0	0	0	3602	0	0	0	0	0	0	0	0	0	0	0	2750	0	0	0	0	0	690	224	2634	0	194	0	0	0	0	0	0	0	96	0	0	0	94	0	200	0	668	0	2466	0	0	0	262	0	1264	0	0	0	0	0	0	0	0	0	360	0	0	0	1266	688	0	0	3032	0	0	0	2384	0	0	0	2422	0	0	0	0	0	0	0	82	0	0	0	0	0	0	0	0	0	0	0	0	0	0	0	0	0	0	0	
37800	Heschl_R	0	588	0	174	0	0	0	0	0	0	0	174	0	0	0	0	0	3214	0	112	0	0	0	0	0	0	0	0	0	3796	0	0	0	0	0	0	0	330	0	0	0	0	0	0	0	0	0	0	0	0	0	0	0	0	0	0	0	444	0	176	0	264	0	0	0	0	0	80	0	0	0	224	0	1068	0	0	0	228	0	0	0	4896	0	0	0	1668	0	0	0	1464	0	0	0	0	0	0	0	0	0	0	0	0	0	0	0	0	0	0	0	0	0	0	0	0	0	0	
159148	Temporal_Sup_L	2092	0	2002	232	0	0	572	0	0	0	658	0	0	0	176	0	5784	0	1712	306	256	0	0	0	0	0	0	0	10836	0	140	0	0	0	176	0	3634	0	382	0	402	0	184	0	0	0	266	0	0	0	386	0	0	0	1836	0	2754	0	0	0	2344	0	6830	0	404	0	148	0	0	0	830	0	3710	0	118	0	246	78	3032	0	0	0	3880	0	16692	0	0	0	6476	0	0	0	0	0	0	0	0	0	0	0	0	0	0	0	0	0	0	0	0	0	0	0	0	0	0	0	
101796	Temporal_Sup_R	0	1046	0	136	0	0	0	0	0	0	0	694	0	0	0	464	0	4168	0	0	0	0	0	0	0	0	0	0	0	4330	0	0	0	0	0	0	0	2764	0	972	0	0	0	0	0	146	0	126	0	176	0	324	0	0	0	1886	0	528	0	284	0	756	0	3424	0	1530	0	214	0	0	0	114	0	244	0	0	0	0	0	4896	0	0	0	748	0	12348	0	82	0	8498	0	0	0	0	0	0	0	0	0	0	0	0	0	0	0	0	0	0	0	0	0	0	0	0	0	0	
125376	Temporal_Pole_Sup_L	412	0	2562	238	1294	0	414	0	1254	0	2094	0	282	0	3968	0	2196	0	2036	354	866	0	0	0	94	0	154	0	9648	0	752	0	0	0	0	0	2714	0	544	0	1176	0	0	0	0	0	0	0	0	0	0	0	0	0	3310	0	156	0	0	0	0	0	0	0	0	0	0	0	0	0	1498	0	4790	0	0	0	0	0	0	0	3880	0	0	0	6806	0	3124	0	6072	0	0	0	0	0	0	0	0	0	0	0	0	0	0	0	0	0	0	0	0	0	0	0	0	0	0	0	
59828	Temporal_Pole_Sup_R	0	86	0	570	0	0	0	204	0	0	0	1126	0	182	0	1108	0	1584	0	412	0	364	0	0	0	0	0	118	0	2468	0	0	0	0	0	0	0	2438	0	2092	0	2102	0	0	0	0	0	0	0	0	0	0	0	0	0	4912	0	0	0	0	0	0	0	0	0	0	0	0	0	0	0	320	0	858	0	0	0	0	0	0	0	748	0	0	0	1628	0	3724	0	2870	0	0	0	0	0	0	0	0	0	0	0	0	0	0	0	0	0	0	0	0	0	0	0	0	0	0	
271580	Temporal_Mid_L	3654	0	0	0	0	0	84	0	0	0	0	0	0	0	0	0	3168	0	0	0	0	0	0	0	0	0	0	0	2758	0	0	0	0	0	1474	0	1292	0	120	0	0	0	4288	0	0	0	1120	0	658	0	24268	0	4944	0	2556	0	3940	0	390	0	4136	0	6190	0	5030	0	2410	0	716	0	0	0	208	0	0	0	0	0	2384	0	16692	0	6806	0	0	0	3718	0	31728	0	0	0	0	0	0	0	666	0	0	0	0	0	0	0	0	0	0	0	0	0	392	0	0	0	0	0	
234476	Temporal_Mid_R	0	4196	0	156	0	0	0	0	0	0	0	2098	0	0	0	242	0	1528	0	0	0	0	0	0	0	0	0	0	0	568	0	0	0	98	0	450	0	1308	0	930	0	0	0	8380	810	3976	884	1736	0	2552	0	19602	0	4076	0	2366	0	2074	0	334	0	1620	0	3052	0	3730	94	3282	0	346	0	250	0	134	0	0	0	0	0	1668	0	12348	0	1628	0	0	0	938	0	29784	0	0	0	0	0	0	0	0	0	0	0	0	0	0	0	0	0	0	0	0	0	0	0	0	0	0	
28676	Temporal_Pole_Mid_L	0	0	0	0	0	0	0	0	0	0	0	0	0	0	0	0	0	0	0	0	0	0	0	0	0	0	0	0	0	0	0	0	0	0	0	0	420	0	214	0	320	0	0	0	0	0	0	0	0	0	0	0	0	0	1876	0	0	0	0	0	0	0	0	0	0	0	0	0	0	0	0	0	0	0	0	0	0	0	0	0	0	0	3124	0	3718	0	0	0	4666	0	0	0	0	0	0	0	0	0	0	0	0	0	0	0	0	0	0	0	0	0	0	0	0	0	0	0	
20000	Temporal_Pole_Mid_R	0	0	0	0	0	0	0	0	0	0	0	0	0	0	0	0	0	0	0	0	0	0	0	0	0	0	0	0	0	0	0	0	0	0	0	0	0	304	0	560	0	0	0	0	0	0	0	0	0	0	0	0	0	0	0	2202	0	0	0	0	0	0	0	0	0	0	0	0	0	0	0	0	0	0	0	0	0	0	0	0	0	82	0	3724	0	938	0	0	0	2190	0	0	0	0	0	0	0	0	0	0	0	0	0	0	0	0	0	0	0	0	0	0	0	0	0	0	
256456	Temporal_Inf_L	2782	0	800	0	0	0	0	0	0	0	0	0	0	0	104	0	2284	0	792	0	298	0	0	0	0	0	0	0	6648	0	0	0	0	0	690	0	11078	0	1376	0	1362	0	1728	0	0	0	608	0	96	0	6986	0	4472	0	18160	0	2922	0	0	0	1374	0	2576	0	352	0	1298	0	298	0	0	0	1346	0	96	0	108	0	2422	0	6476	0	6072	0	31728	0	4666	0	0	0	2252	0	500	0	146	0	1166	0	1172	0	356	0	478	0	0	0	0	0	0	0	160	0	0	0	0	0	
222588	Temporal_Inf_R	0	5860	0	234	0	0	0	0	0	0	0	1042	0	0	0	102	0	1964	0	0	0	0	0	0	0	0	0	0	0	930	0	0	0	96	0	742	0	4716	0	3314	0	78	0	5200	632	2232	512	1428	0	1598	0	3554	0	5822	0	14818	0	1498	0	310	0	832	0	3726	0	308	0	3152	0	396	0	268	0	720	0	0	0	0	0	1464	0	8498	0	2870	0	29784	0	2190	0	0	0	404	0	0	0	0	0	0	0	0	0	0	0	0	0	0	0	0	0	0	0	0	0	0	0	0	
453028	Cerebelum_Crus1_L	0	0	0	0	0	0	0	0	0	0	0	0	0	0	0	0	0	0	0	0	0	0	0	0	0	0	0	0	0	0	0	0	0	0	0	0	0	0	164	0	0	0	0	0	0	0	7248	2186	0	0	0	0	152	156	16098	1318	0	0	0	0	0	0	0	0	0	0	0	0	0	0	0	0	0	0	0	0	0	0	0	0	0	0	0	0	0	0	0	0	2252	0	0	1426	43108	1934	1128	108	18192	918	52468	2584	22870	80	27320	982	5782	1052	600	0	0	160	2228	4984	5466	1690	1132	728	
458748	Cerebelum_Crus1_R	0	0	0	0	0	0	0	0	0	0	0	0	0	0	0	0	0	0	0	0	0	0	0	0	0	0	0	0	0	0	0	0	0	0	0	0	0	142	0	346	0	0	0	0	0	0	246	4410	0	0	0	0	0	298	156	14274	0	0	0	0	0	0	0	0	0	0	0	0	0	0	0	0	0	0	0	0	0	0	0	0	0	0	0	0	0	0	0	0	0	404	1426	0	12586	43452	0	3832	1230	15360	1452	47586	6920	8490	5914	21658	142	3804	0	0	608	2014	5496	4142	15134	6294	1366	192	
555272	Cerebelum_Crus2_L	0	0	0	0	0	0	0	0	0	0	0	0	0	0	0	0	0	0	0	0	0	0	0	0	0	0	0	0	0	0	0	0	0	0	0	0	0	0	0	0	0	0	0	0	0	0	2394	3080	0	0	0	0	0	216	2238	2152	0	0	0	0	0	0	0	0	0	0	0	0	0	0	0	0	0	0	0	0	0	0	0	0	0	0	0	0	0	0	0	0	500	0	43108	12586	0	21868	366	768	3530	2986	11152	10898	51600	4554	48160	5828	4110	1118	270	0	136	606	2804	4600	22802	11618	1074	514	
503176	Cerebelum_Crus2_R	0	0	0	0	0	0	0	0	0	0	0	0	0	0	0	0	0	0	0	0	0	0	0	0	0	0	0	0	0	0	0	0	0	0	0	0	0	0	0	0	0	0	0	0	0	0	394	2490	0	0	0	0	0	294	308	2620	0	0	0	0	0	0	0	0	0	0	0	0	0	0	0	0	0	0	0	0	0	0	0	0	0	0	0	0	0	0	0	0	0	0	1934	43452	21868	0	0	1550	1274	4116	1654	19058	15262	28696	11786	37054	286	6364	0	92	284	1094	4200	3184	24582	13944	2744	1004	
40588	Cerebelum_3_L	0	0	0	0	0	0	0	0	0	0	0	0	0	0	0	0	0	0	0	0	0	0	0	0	0	0	0	0	0	0	0	0	0	0	0	0	0	0	178	0	0	0	0	0	0	0	0	138	0	0	0	0	0	0	648	0	0	0	0	0	0	0	0	0	0	0	0	0	0	0	0	0	0	0	0	0	0	0	0	0	0	0	0	0	0	0	0	0	146	0	1128	0	366	0	0	498	8194	0	1992	0	170	0	186	0	678	236	0	0	898	2308	1436	292	92	244	248	218	
79108	Cerebelum_3_R	0	0	0	0	0	0	0	0	0	0	0	0	0	0	0	0	0	0	0	0	0	0	0	0	0	0	0	0	0	0	0	0	0	0	0	0	0	168	98	300	0	0	0	0	0	0	0	914	0	0	0	0	0	0	0	1008	0	0	0	0	0	0	0	0	0	0	0	0	0	0	0	0	0	0	0	0	0	0	0	0	0	0	0	0	0	0	0	0	0	0	108	3832	768	1550	498	0	822	5644	296	6412	604	94	584	976	130	1138	0	0	1524	4564	2982	168	1622	1514	1038	198	
331068	Cerebelum_4_5_L	112	0	0	0	0	0	0	0	0	0	0	0	0	0	0	0	0	0	0	0	0	0	0	0	0	0	0	0	86	0	0	0	0	0	6138	104	1484	0	2928	0	0	0	6150	0	234	0	14270	1762	0	0	1136	0	444	0	9106	1064	0	0	0	0	0	0	0	0	0	0	6036	0	158	0	0	0	0	0	0	0	298	0	82	0	0	0	0	0	666	0	0	0	1166	0	18192	1230	3530	1274	8194	822	0	1616	32170	4122	2592	128	3384	1150	4112	1282	398	0	1182	2586	13952	4590	1430	1716	1518	940	
244168	Cerebelum_4_5_R	0	0	0	164	0	0	0	136	0	0	0	0	0	0	0	0	0	0	0	0	0	0	0	0	0	0	0	0	0	0	0	0	0	0	0	242	0	1366	0	1850	0	0	0	0	0	0	304	9508	0	0	0	0	0	430	208	13790	0	0	0	0	0	0	0	0	0	0	0	1068	0	0	0	0	0	0	0	0	0	486	0	0	0	0	0	0	0	0	0	0	0	0	918	15360	2986	4116	0	5644	1616	0	1622	28080	2410	150	2144	1510	0	934	0	0	220	2216	13176	2010	3740	2644	776	260	
381884	Cerebelum_6_L	0	0	0	0	0	0	0	0	0	0	0	0	0	0	0	0	0	0	0	0	0	0	0	0	0	0	0	0	0	0	0	0	0	0	0	0	0	0	464	0	0	0	0	0	0	0	12150	4038	0	0	100	0	120	174	21786	2416	0	0	0	0	0	0	0	0	0	0	0	0	0	0	0	0	0	0	0	0	0	0	0	0	0	0	0	0	0	0	0	0	1172	0	52468	1452	11152	1654	1992	296	32170	1622	0	4318	4172	154	5528	1186	2490	1680	292	0	132	348	5854	9364	5334	2094	1774	996	
483772	Cerebelum_6_R	0	0	0	0	0	0	0	0	0	0	0	0	0	0	0	0	0	0	0	0	0	0	0	0	0	0	0	0	0	0	0	0	0	0	0	0	0	210	0	494	0	0	0	0	0	0	534	11452	0	0	0	0	0	1116	336	22738	0	0	0	0	0	0	0	0	0	0	0	0	0	0	0	0	0	0	0	0	0	0	0	0	0	0	0	0	0	0	0	0	0	0	2584	47586	10898	19058	0	6412	4122	28080	4318	0	5376	824	5108	7394	300	3982	0	0	808	3258	14754	10374	17572	7892	3938	368	
418512	Cerebelum_7b_L	0	0	0	0	0	0	0	0	0	0	0	0	0	0	0	0	0	0	0	0	0	0	0	0	0	0	0	0	0	0	0	0	0	0	0	0	0	0	0	0	0	0	0	0	0	0	88	160	0	0	0	0	0	0	324	182	0	0	0	0	0	0	0	0	0	0	0	0	0	0	0	0	0	0	0	0	0	0	0	0	0	0	0	0	0	0	0	0	356	0	22870	6920	51600	15262	170	604	2592	2410	4172	5376	0	5798	49114	6694	5132	462	650	0	94	502	2048	202	11890	13272	312	0	
196608	Cerebelum_7b_R	0	0	0	0	0	0	0	0	0	0	0	0	0	0	0	0	0	0	0	0	0	0	0	0	0	0	0	0	0	0	0	0	0	0	0	0	0	0	0	0	0	0	0	0	0	0	0	0	0	0	0	0	0	0	0	80	0	0	0	0	0	0	0	0	0	0	0	0	0	0	0	0	0	0	0	0	0	0	0	0	0	0	0	0	0	0	0	0	0	0	80	8490	4554	28696	0	94	128	150	154	824	5798	0	5282	29140	214	4198	0	0	0	0	228	108	2646	7162	278	0	
446340	Cerebelum_8_L	0	0	0	0	0	0	0	0	0	0	0	0	0	0	0	0	0	0	0	0	0	0	0	0	0	0	0	0	0	0	0	0	0	0	0	0	0	0	0	0	0	0	0	0	0	0	142	144	0	0	0	0	0	0	370	178	0	0	0	0	0	0	0	0	0	0	0	0	0	0	0	0	0	0	0	0	0	0	0	0	0	0	0	0	0	0	0	0	478	0	27320	5914	48160	11786	186	584	3384	2144	5528	5108	49114	5282	0	7672	14466	2006	1858	0	104	488	1976	452	9074	16088	2522	642	
354540	Cerebelum_8_R	0	0	0	0	0	0	0	0	0	0	0	0	0	0	0	0	0	0	0	0	0	0	0	0	0	0	0	0	0	0	0	0	0	0	0	0	0	0	0	0	0	0	0	0	0	0	0	454	0	0	0	0	0	80	0	608	0	0	0	0	0	0	0	0	0	0	0	0	0	0	0	0	0	0	0	0	0	0	0	0	0	0	0	0	0	0	0	0	0	0	982	21658	5828	37054	0	976	1150	1510	1186	7394	6694	29140	7672	0	820	19472	0	562	156	466	1762	1232	9988	13814	5236	1376	
110280	Cerebelum_9_L	0	0	0	0	0	0	0	0	0	0	0	0	0	0	0	0	0	0	0	0	0	0	0	0	0	0	0	0	0	0	0	0	0	0	0	0	0	0	0	0	0	0	0	0	0	0	100	0	0	0	0	0	0	0	132	0	0	0	0	0	0	0	0	0	0	0	0	0	0	0	0	0	0	0	0	0	0	0	0	0	0	0	0	0	0	0	0	0	0	0	5782	142	4110	286	678	130	4112	0	2490	300	5132	214	14466	820	0	1488	3554	0	304	456	2060	1722	454	2512	2372	1324	
179976	Cerebelum_9_R	0	0	0	0	0	0	0	0	0	0	0	0	0	0	0	0	0	0	0	0	0	0	0	0	0	0	0	0	0	0	0	0	0	0	0	0	0	0	0	0	0	0	0	0	0	0	0	140	0	0	0	0	0	0	0	210	0	0	0	0	0	0	0	0	0	0	0	0	0	0	0	0	0	0	0	0	0	0	0	0	0	0	0	0	0	0	0	0	0	0	1052	3804	1118	6364	236	1138	1282	934	1680	3982	462	4198	2006	19472	1488	0	0	986	252	966	2330	3118	7232	10120	10972	4446	
15244	Cerebelum_10_L	0	0	0	0	0	0	0	0	0	0	0	0	0	0	0	0	0	0	0	0	0	0	0	0	0	0	0	0	0	0	0	0	0	0	0	0	0	0	0	0	0	0	0	0	0	0	0	0	0	0	0	0	0	0	0	0	0	0	0	0	0	0	0	0	0	0	0	0	0	0	0	0	0	0	0	0	0	0	0	0	0	0	0	0	0	0	0	0	0	0	600	0	270	0	0	0	398	0	292	0	650	0	1858	0	3554	0	0	0	0	0	0	0	0	0	0	0	
4696	Cerebelum_10_R	0	0	0	0	0	0	0	0	0	0	0	0	0	0	0	0	0	0	0	0	0	0	0	0	0	0	0	0	0	0	0	0	0	0	0	0	0	0	0	0	0	0	0	0	0	0	0	0	0	0	0	0	0	0	0	0	0	0	0	0	0	0	0	0	0	0	0	0	0	0	0	0	0	0	0	0	0	0	0	0	0	0	0	0	0	0	0	0	0	0	0	0	0	92	0	0	0	0	0	0	0	0	0	562	0	986	0	0	0	0	0	0	154	254	300	0	
30920	Vermis_1_2	0	0	0	0	0	0	0	0	0	0	0	0	0	0	0	0	0	0	0	0	0	0	0	0	0	0	0	0	0	0	0	0	0	0	0	0	0	0	0	0	0	0	0	0	0	0	0	0	0	0	0	0	0	0	0	0	0	0	0	0	0	0	0	0	0	0	0	0	0	0	0	0	0	0	0	0	0	0	0	0	0	0	0	0	0	0	0	0	0	0	0	608	136	284	898	1524	1182	220	132	808	94	0	104	156	304	252	0	0	0	5574	2182	0	354	374	274	0	
75368	Vermis_3	0	0	0	0	0	0	0	0	0	0	0	0	0	0	0	0	0	0	0	0	0	0	0	0	0	0	0	0	0	0	0	0	0	0	0	0	0	0	224	0	0	0	0	0	0	0	0	166	0	0	0	0	0	0	0	252	0	0	0	0	0	0	0	0	0	0	0	0	0	0	0	0	0	0	0	0	0	0	0	0	0	0	0	0	0	0	0	0	0	0	160	2014	606	1094	2308	4564	2586	2216	348	3258	502	0	488	466	456	966	0	0	5574	0	5092	460	1398	1396	940	150	
312392	Vermis_4_5	0	224	0	266	0	0	0	262	0	0	0	0	0	0	0	0	0	0	0	0	0	0	0	0	0	0	0	0	108	0	0	0	0	236	4118	5736	270	2038	114	228	0	0	2374	376	138	0	3626	11516	0	0	796	0	196	478	768	6934	0	186	0	0	0	0	0	0	0	0	3172	5454	194	234	0	0	0	0	0	0	0	1008	0	0	0	0	0	0	392	0	0	0	160	0	2228	5496	2804	4200	1436	2982	13952	13176	5854	14754	2048	228	1976	1762	2060	2330	0	0	2182	5092	0	7580	3960	3622	2762	2110	
192840	Vermis_6	0	0	0	0	0	0	0	0	0	0	0	0	0	0	0	0	0	0	0	0	0	0	0	0	0	0	0	0	0	0	0	0	0	0	0	0	0	0	0	0	0	0	0	0	0	0	2004	8600	0	0	0	0	0	584	1112	6748	0	0	0	0	0	0	0	0	0	0	0	0	0	0	0	0	0	0	0	0	0	0	0	0	0	0	0	0	0	0	0	0	0	0	4984	4142	4600	3184	292	168	4590	2010	9364	10374	202	108	452	1232	1722	3118	0	0	0	460	7580	0	8948	3326	3510	3006	
