data	data	673396	281792	736728	618240	185632	154688	464052	285140	135540	27072	340368	206196	267500	143604	173804	89800	324172	113976	667316	609144	165272	150808	269344	350752	32936	77208	104796	116688	629916	270472	359024	497192	190388	533760	175948	189924	263816	257016	92932	184400	44616	54672	164768	247256	102172	240816	242056	307736	105268	197868	383836	204668	165772	81580	477132	433984	354280	229044	176888	149136	201508	54224	125384	75036	158760	58404	225784	357424	326096	254200	440448	499988	334652	271156	57484	20496	185836	133240	94544	36624	198816	120468	110740	63816	278184	245972	36056	48244	339156	316104	522728	490176	482384	500804	54028	79920	393504	313324	547832	535508	243456	191772	509004	557076	121088	160756	16580	12784	23440	88648	301036	206960	347832	270952	125412	33292	
data	data	Precentral_L	Precentral_R	Frontal_Sup_L	Frontal_Sup_R	Frontal_Sup_Orb_L	Frontal_Sup_Orb_R	Frontal_Mid_L	Frontal_Mid_R	Frontal_Mid_Orb_L	Frontal_Mid_Orb_R	Frontal_Inf_Oper_L	Frontal_Inf_Oper_R	Frontal_Inf_Tri_L	Frontal_Inf_Tri_R	Frontal_Inf_Orb_L	Frontal_Inf_Orb_R	Rolandic_Oper_L	Rolandic_Oper_R	Supp_Motor_Area_L	Supp_Motor_Area_R	Olfactory_L	Olfactory_R	Frontal_Sup_Medial_L	Frontal_Sup_Medial_R	Frontal_Med_Orb_L	Frontal_Med_Orb_R	Rectus_L	Rectus_R	Insula_L	Insula_R	Cingulum_Ant_L	Cingulum_Ant_R	Cingulum_Mid_L	Cingulum_Mid_R	Cingulum_Post_L	Cingulum_Post_R	Hippocampus_L	Hippocampus_R	ParaHippocampal_L	ParaHippocampal_R	Amygdala_L	Amygdala_R	Calcarine_L	Calcarine_R	Cuneus_L	Cuneus_R	Lingual_L	Lingual_R	Occipital_Sup_L	Occipital_Sup_R	Occipital_Mid_L	Occipital_Mid_R	Occipital_Inf_L	Occipital_Inf_R	Fusiform_L	Fusiform_R	Postcentral_L	Postcentral_R	Parietal_Sup_L	Parietal_Sup_R	Parietal_Inf_L	Parietal_Inf_R	SupraMarginal_L	SupraMarginal_R	Angular_L	Angular_R	Precuneus_L	Precuneus_R	Paracentral_Lobule_L	Paracentral_Lobule_R	Caudate_L	Caudate_R	Putamen_L	Putamen_R	Pallidum_L	Pallidum_R	Thalamus_L	Thalamus_R	Heschl_L	Heschl_R	Temporal_Sup_L	Temporal_Sup_R	Temporal_Pole_Sup_L	Temporal_Pole_Sup_R	Temporal_Mid_L	Temporal_Mid_R	Temporal_Pole_Mid_L	Temporal_Pole_Mid_R	Temporal_Inf_L	Temporal_Inf_R	Cerebelum_Crus1_L	Cerebelum_Crus1_R	Cerebelum_Crus2_L	Cerebelum_Crus2_R	Cerebelum_3_L	Cerebelum_3_R	Cerebelum_4_5_L	Cerebelum_4_5_R	Cerebelum_6_L	Cerebelum_6_R	Cerebelum_7b_L	Cerebelum_7b_R	Cerebelum_8_L	Cerebelum_8_R	Cerebelum_9_L	Cerebelum_9_R	Cerebelum_10_L	Cerebelum_10_R	Vermis_1_2	Vermis_3	Vermis_4_5	Vermis_6	Vermis_7	Vermis_8	Vermis_9	Vermis_10	
673396	Precentral_L	0	5766	24220	3382	0	0	17970	2922	0	0	12322	1790	3246	114	0	0	15798	136	24862	12128	524	0	0	140	0	0	0	0	14802	224	282	306	1064	8870	3706	3766	10430	2106	844	1596	334	0	0	116	0	0	0	200	108	0	3858	0	1528	0	1442	232	37978	370	1532	0	3918	0	2462	0	596	0	3206	630	29536	4324	12370	2346	10908	548	9116	166	25964	862	3508	0	1808	0	210	0	1984	0	0	0	1222	0	0	0	0	0	0	0	0	0	0	0	0	0	0	0	0	0	0	0	0	0	0	0	0	0	0	0	
281792	Precentral_R	5766	0	638	3442	0	0	964	8454	0	0	252	9690	120	674	0	0	184	4158	2256	8796	278	0	0	0	0	0	0	0	254	1952	600	292	72	3302	874	1378	86	5594	0	1158	0	0	0	360	0	0	0	300	0	0	0	182	0	1206	0	808	998	10742	0	104	0	568	0	1642	0	78	0	344	3770	13534	2510	10050	392	2298	240	420	1120	20528	0	220	0	684	0	0	0	3350	0	0	0	3214	0	0	0	0	0	0	0	0	0	0	0	0	0	0	0	0	0	0	0	0	0	0	0	0	0	0	
736728	Frontal_Sup_L	24220	638	0	7118	6754	0	67880	1418	1524	0	20452	566	18934	422	1750	0	11752	280	67616	6556	0	0	33878	6164	356	142	218	0	23834	470	16012	3914	4260	3944	0	122	546	0	68	0	0	0	0	0	0	0	0	0	0	0	0	0	0	0	134	0	2478	0	86	0	0	0	0	0	0	0	264	0	8752	0	6784	1288	11180	202	2428	0	312	156	140	0	1232	0	1052	0	0	0	0	0	68	0	0	0	0	0	0	0	0	0	0	0	0	0	0	0	0	0	0	0	0	0	0	0	0	0	0	0	
618240	Frontal_Sup_R	3382	3442	7118	0	0	5738	2506	45140	0	204	1294	10086	680	9464	0	2166	248	3416	15152	36994	0	68	8646	39400	74	1174	0	0	1528	8166	5240	37774	5316	24602	0	0	0	218	0	0	0	0	0	0	0	0	0	0	0	0	0	0	0	0	0	0	0	990	0	0	0	0	0	0	0	0	0	0	1092	0	1850	15332	0	9076	0	706	0	624	0	0	0	0	214	0	0	0	0	0	0	0	0	0	0	0	0	0	0	0	0	0	0	0	0	0	0	0	0	0	0	0	0	0	0	0	0	0	
185632	Frontal_Sup_Orb_L	0	0	6754	0	0	790	548	0	10444	0	498	0	438	0	12812	214	464	0	220	0	5464	2200	2308	484	1436	138	10522	1252	10128	0	4564	772	0	0	0	0	330	0	74	0	88	0	0	0	0	0	0	0	0	0	0	0	0	0	0	0	0	0	0	0	0	0	0	0	0	0	0	0	0	0	4582	1328	12638	348	0	0	0	0	0	0	138	0	756	0	0	0	84	0	0	0	0	0	0	0	0	0	0	0	0	0	0	0	0	0	0	0	0	0	0	0	0	0	0	0	0	0	
154688	Frontal_Sup_Orb_R	0	0	0	5738	790	0	0	1314	354	5312	0	652	0	1878	620	6350	0	368	0	120	3012	5442	0	3118	354	5904	1478	11552	208	2316	480	2724	0	0	0	0	0	0	0	0	0	0	0	0	0	0	0	0	0	0	0	0	0	0	0	0	0	0	0	0	0	0	0	0	0	0	0	0	0	0	3116	4822	1262	7666	0	0	0	0	0	0	0	0	0	266	0	0	0	128	0	0	0	0	0	0	0	0	0	0	0	0	0	0	0	0	0	0	0	0	0	0	0	0	0	0	0	0	
464052	Frontal_Mid_L	17970	964	67880	2506	548	0	0	666	2390	0	15752	458	31344	80	1642	0	7110	0	17708	1830	0	0	12728	2492	0	0	0	0	19196	108	8252	2278	2616	2272	0	0	490	74	0	0	0	0	0	0	0	0	0	0	0	0	0	0	0	0	0	0	2100	124	0	0	0	0	0	0	0	0	0	0	122	0	3040	606	2790	396	1466	152	652	0	0	0	648	0	576	0	0	0	0	0	0	0	0	0	0	0	0	0	0	0	0	0	0	0	0	0	0	0	0	0	0	0	0	0	0	0	0	0	
285140	Frontal_Mid_R	2922	8454	1418	45140	0	1314	666	0	0	538	204	12944	128	14050	0	1444	172	1476	6570	11798	172	0	808	8656	0	0	0	0	248	3512	982	4964	580	4480	0	0	0	0	0	0	0	0	0	0	0	0	0	0	0	0	0	0	0	0	0	0	180	536	0	0	0	0	0	0	0	0	0	0	0	0	1788	4218	128	1504	0	480	0	96	0	0	0	0	0	0	0	0	0	0	0	0	0	0	0	0	0	0	0	0	0	0	0	0	0	0	0	0	0	0	0	0	0	0	0	0	0	0	
135540	Frontal_Mid_Orb_L	0	0	1524	0	10444	354	2390	0	0	0	1084	0	4676	0	17412	74	258	0	70	0	2228	1414	0	0	0	0	4232	728	10430	0	920	598	0	0	0	0	192	0	0	0	0	0	0	0	0	0	0	0	0	0	0	0	0	0	0	0	0	0	0	0	0	0	0	0	0	0	0	0	0	0	2370	860	4890	292	0	0	0	0	0	0	84	0	246	0	0	0	0	0	0	0	0	0	0	0	0	0	0	0	0	0	0	0	0	0	0	0	0	0	0	0	0	0	0	0	0	0	
27072	Frontal_Mid_Orb_R	0	0	0	204	0	5312	0	538	0	0	0	0	0	1388	0	3000	0	0	0	0	106	200	0	0	0	0	0	688	0	818	0	0	0	0	0	0	0	0	0	0	0	0	0	0	0	0	0	0	0	0	0	0	0	0	0	0	0	0	0	0	0	0	0	0	0	0	0	0	0	0	108	254	68	852	0	0	0	0	0	0	0	0	0	0	0	0	0	0	0	0	0	0	0	0	0	0	0	0	0	0	0	0	0	0	0	0	0	0	0	0	0	0	0	0	0	0	
340368	Frontal_Inf_Oper_L	12322	252	20452	1294	498	0	15752	204	1084	0	0	238	21710	0	1026	0	16328	0	14358	2314	0	0	1732	470	768	86	0	0	28210	0	5260	996	742	546	0	0	0	0	0	0	0	0	0	0	0	0	0	0	0	0	0	0	0	0	0	0	2324	0	0	0	0	0	0	0	0	0	0	0	0	0	7848	3088	3622	0	120	0	456	0	148	0	2778	0	3158	0	0	0	0	0	0	0	0	0	0	0	0	0	0	0	0	0	0	0	0	0	0	0	0	0	0	0	0	0	0	0	0	0	
206196	Frontal_Inf_Oper_R	1790	9690	566	10086	0	652	458	12944	0	0	238	0	162	13592	0	490	208	6146	1454	6588	192	0	0	2986	0	0	0	0	232	10652	706	5052	0	602	0	0	0	184	0	0	0	0	0	0	0	0	0	0	0	0	0	0	0	0	0	0	148	2528	0	0	0	0	0	0	0	0	0	0	0	0	2370	7840	222	3872	0	0	0	164	0	0	0	214	0	70	0	0	0	0	0	0	0	0	0	0	0	0	0	0	0	0	0	0	0	0	0	0	0	0	0	0	0	0	0	0	0	0	
267500	Frontal_Inf_Tri_L	3246	120	18934	680	438	0	31344	128	4676	0	21710	162	0	0	6118	0	1338	0	8000	924	0	0	1172	316	88	0	0	0	21882	0	3872	1004	1138	650	0	0	0	0	0	0	0	0	0	0	0	0	0	0	0	0	0	0	0	0	0	0	90	0	0	0	0	0	0	0	0	0	0	0	0	0	3590	1048	516	0	0	0	0	0	0	0	254	0	312	0	0	0	0	0	0	0	0	0	0	0	0	0	0	0	0	0	0	0	0	0	0	0	0	0	0	0	0	0	0	0	0	0	
143604	Frontal_Inf_Tri_R	114	674	422	9464	0	1878	80	14050	0	1388	0	13592	0	0	0	5608	88	364	992	2580	0	0	0	908	0	0	0	0	90	9272	0	4254	0	500	0	0	0	0	0	0	0	0	0	0	0	0	0	0	0	0	0	0	0	0	0	0	0	304	0	0	0	0	0	0	0	0	0	0	0	0	604	3828	0	748	0	0	0	0	0	0	0	0	0	0	0	0	0	0	0	0	0	0	0	0	0	0	0	0	0	0	0	0	0	0	0	0	0	0	0	0	0	0	0	0	0	0	
173804	Frontal_Inf_Orb_L	0	0	1750	0	12812	620	1642	0	17412	0	1026	0	6118	0	0	122	304	0	114	0	4212	1032	98	0	0	0	4056	708	18354	0	776	132	0	0	0	0	340	0	78	0	226	0	0	0	0	0	0	0	0	0	0	0	0	0	0	0	0	0	0	0	0	0	0	0	0	0	0	0	0	0	3166	446	8134	94	0	0	68	0	0	0	88	0	2876	0	0	0	98	0	0	0	0	0	0	0	0	0	0	0	0	0	0	0	0	0	0	0	0	0	0	0	0	0	0	0	0	0	
89800	Frontal_Inf_Orb_R	0	0	0	2166	214	6350	0	1444	74	3000	0	490	0	5608	122	0	0	0	0	226	738	4000	0	0	0	0	270	3806	0	7596	0	356	0	0	0	0	0	0	0	328	0	86	0	0	0	0	0	0	0	0	0	0	0	0	0	0	0	0	0	0	0	0	0	0	0	0	0	0	0	0	1038	2834	408	996	0	0	0	0	0	0	0	618	0	1700	0	0	0	432	0	0	0	0	0	0	0	0	0	0	0	0	0	0	0	0	0	0	0	0	0	0	0	0	0	0	0	0	
324172	Rolandic_Oper_L	15798	184	11752	248	464	0	7110	172	258	0	16328	208	1338	88	304	0	0	0	13036	356	0	0	860	114	694	0	0	0	30528	0	1870	100	0	0	206	0	652	0	70	0	0	0	356	0	0	0	0	0	0	0	1302	0	3310	0	3920	0	10168	0	482	0	812	0	2984	0	672	0	704	0	994	0	5508	812	4562	0	298	0	1366	104	2910	0	9298	0	2224	0	2974	0	0	0	3486	0	102	0	0	0	0	0	0	0	0	0	0	0	0	0	0	0	0	0	0	0	0	0	0	0	0	0	
113976	Rolandic_Oper_R	136	4158	280	3416	0	368	0	1476	0	0	0	6146	0	364	0	0	0	0	422	7218	0	0	0	1000	0	0	0	0	0	8940	238	1270	0	92	0	0	0	800	0	156	0	0	0	0	0	0	0	0	0	0	0	0	0	0	0	0	0	4146	0	0	0	0	0	1774	0	0	0	0	0	538	682	2126	0	4254	0	0	174	496	0	1496	0	3564	0	216	0	726	0	0	0	316	0	0	0	0	0	0	0	0	0	0	0	0	0	0	0	0	0	0	0	0	0	0	0	0	0	0	
667316	Supp_Motor_Area_L	24862	2256	67616	15152	220	0	17708	6570	70	0	14358	1454	8000	992	114	0	13036	422	0	36596	0	0	7258	6620	376	92	0	0	14104	822	8868	7464	8412	21896	994	338	692	206	110	0	0	0	0	0	0	0	0	0	0	0	0	0	0	0	196	0	3142	124	86	0	0	0	0	0	0	0	486	124	14588	384	10634	3514	7878	586	1280	96	364	380	196	0	1510	0	412	0	0	0	0	0	0	0	0	0	0	0	0	0	0	0	0	0	0	0	0	0	0	0	0	0	0	0	0	0	0	0	0	0	
609144	Supp_Motor_Area_R	12128	8796	6556	36994	0	120	1830	11798	0	0	2314	6588	924	2580	0	226	356	7218	36596	0	70	0	1490	9026	0	0	0	0	2326	4388	4016	17140	6876	44262	1392	2878	0	1338	0	102	0	0	0	280	0	0	0	126	0	0	0	0	0	144	0	514	930	4108	0	80	0	0	0	440	0	0	210	1180	17806	16096	4002	17736	504	4404	0	686	768	454	0	324	80	792	372	0	0	668	0	0	0	1540	0	0	0	0	0	0	0	0	0	0	0	0	0	0	0	0	0	0	0	0	0	0	0	0	0	0	
165272	Olfactory_L	524	278	0	0	5464	3012	0	172	2228	106	0	192	0	0	4212	738	0	0	0	70	0	9330	0	0	242	290	5624	4580	4560	304	4778	3112	0	0	0	0	1706	0	482	0	1334	0	0	0	0	0	0	0	0	0	0	0	0	0	272	0	0	0	0	0	0	0	0	0	0	0	0	0	76	0	11888	7288	4924	1994	0	0	1790	0	0	0	0	0	978	0	0	0	88	0	0	0	0	0	0	0	0	0	0	0	0	0	0	0	0	0	0	0	0	0	0	0	0	0	0	0	0	0	
150808	Olfactory_R	0	0	0	68	2200	5442	0	0	1414	200	0	0	0	0	1032	4000	0	0	0	0	9330	0	0	0	86	610	3632	8258	324	2686	3242	2562	0	0	0	0	0	420	0	734	0	1144	0	0	0	0	0	0	0	0	0	0	0	0	0	0	0	0	0	0	0	0	0	0	0	0	0	0	0	0	10454	9788	4306	1856	0	0	0	82	0	0	0	0	0	1194	0	0	0	340	0	0	0	0	0	0	0	0	0	0	0	0	0	0	0	0	0	0	0	0	0	0	0	0	0	0	0	0	
269344	Frontal_Sup_Medial_L	0	0	33878	8646	2308	0	12728	808	0	0	1732	0	1172	0	98	0	860	0	7258	1490	0	0	0	16694	2208	388	70	0	3004	0	16154	8536	4554	7736	0	0	0	0	0	0	0	0	0	0	0	0	0	0	0	0	0	0	0	0	0	0	0	0	0	0	0	0	0	0	0	0	0	0	0	0	1136	246	2606	0	0	0	0	0	0	0	156	0	206	0	0	0	0	0	0	0	0	0	0	0	0	0	0	0	0	0	0	0	0	0	0	0	0	0	0	0	0	0	0	0	0	0	
350752	Frontal_Sup_Medial_R	140	0	6164	39400	484	3118	2492	8656	0	0	470	2986	316	908	0	0	114	1000	6620	9026	0	0	16694	0	632	4736	0	0	582	3598	5564	25818	970	11276	0	0	0	0	0	0	0	0	0	0	0	0	0	0	0	0	0	0	0	0	0	0	0	0	0	0	0	0	0	0	0	0	0	0	0	0	904	13334	372	9002	0	0	0	0	0	0	0	0	0	0	0	0	0	0	0	0	0	0	0	0	0	0	0	0	0	0	0	0	0	0	0	0	0	0	0	0	0	0	0	0	0	0	
32936	Frontal_Med_Orb_L	0	0	356	74	1436	354	0	0	0	0	768	0	88	0	0	0	694	0	376	0	242	86	2208	632	0	746	1460	0	846	0	3170	254	0	0	0	0	0	0	0	0	0	0	0	0	0	0	0	0	0	0	0	0	0	0	0	0	0	0	0	0	0	0	0	0	0	0	0	0	0	0	1026	168	1128	0	0	0	94	0	0	0	118	0	144	0	0	0	0	0	0	0	0	0	0	0	0	0	0	0	0	0	0	0	0	0	0	0	0	0	0	0	0	0	0	0	0	0	
77208	Frontal_Med_Orb_R	0	0	142	1174	138	5904	0	0	0	0	86	0	0	0	0	0	0	0	92	0	290	610	388	4736	746	0	316	5158	106	0	1470	6460	0	0	0	0	0	0	0	0	0	0	0	0	0	0	0	0	0	0	0	0	0	0	0	0	0	0	0	0	0	0	0	0	0	0	0	0	0	0	152	4906	196	5534	0	0	0	0	0	0	0	0	0	0	0	0	0	0	0	0	0	0	0	0	0	0	0	0	0	0	0	0	0	0	0	0	0	0	0	0	0	0	0	0	0	0	
104796	Rectus_L	0	0	218	0	10522	1478	0	0	4232	0	0	0	0	0	4056	270	0	0	0	0	5624	3632	70	0	1460	316	0	2766	1888	0	3776	1932	0	0	0	0	0	0	0	0	0	0	0	0	0	0	0	0	0	0	0	0	0	0	0	0	0	0	0	0	0	0	0	0	0	0	0	0	0	0	5572	1934	1932	610	0	0	110	0	0	0	0	0	0	0	0	0	0	0	0	0	0	0	0	0	0	0	0	0	0	0	0	0	0	0	0	0	0	0	0	0	0	0	0	0	0	0	
116688	Rectus_R	0	0	0	0	1252	11552	0	0	728	688	0	0	0	0	708	3806	0	0	0	0	4580	8258	0	0	0	5158	2766	0	230	964	1582	2838	0	0	0	0	0	0	0	98	0	0	0	0	0	0	0	0	0	0	0	0	0	0	0	0	0	0	0	0	0	0	0	0	0	0	0	0	0	0	4174	5084	1470	1842	0	0	0	0	0	0	0	0	0	386	0	0	0	180	0	0	0	0	0	0	0	0	0	0	0	0	0	0	0	0	0	0	0	0	0	0	0	0	0	0	0	0	
629916	Insula_L	14802	254	23834	1528	10128	208	19196	248	10430	0	28210	232	21882	90	18354	0	30528	0	14104	2326	4560	324	3004	582	846	106	1888	230	0	96	8040	1698	2026	1128	322	366	10892	332	1834	264	1888	0	0	0	0	0	0	0	0	0	0	0	940	0	4332	0	6320	0	240	0	310	0	652	0	0	0	264	0	388	0	11752	3350	19092	0	234	0	5580	164	5460	0	8220	0	6270	0	1790	0	220	0	2600	0	0	0	0	0	0	0	0	0	0	0	0	0	0	0	0	0	0	0	0	0	0	0	0	0	0	0	
270472	Insula_R	224	1952	470	8166	0	2316	108	3512	0	818	0	10652	0	9272	0	7596	0	8940	822	4388	304	2686	0	3598	0	0	0	964	96	0	560	3678	0	262	0	0	0	6916	0	2278	0	1306	0	0	0	0	0	0	0	0	0	0	0	0	0	5286	0	836	0	0	0	0	0	0	0	0	0	0	0	80	1764	6254	314	18128	0	0	0	708	0	1632	0	7816	0	3034	0	2662	0	658	0	4072	0	0	0	0	0	0	0	108	0	0	0	0	0	0	0	0	0	0	0	0	0	0	0	0	0	0	
359024	Cingulum_Ant_L	282	600	16012	5240	4564	480	8252	982	920	0	5260	706	3872	0	776	0	1870	238	8868	4016	4778	3242	16154	5564	3170	1470	3776	1582	8040	560	0	21384	8148	6838	152	0	0	0	0	0	0	0	0	0	0	0	0	0	0	0	0	0	0	0	0	0	70	0	0	0	0	0	0	0	0	0	0	0	0	0	13314	6446	8186	2310	0	0	340	172	0	0	416	0	462	0	0	0	0	0	0	0	0	0	0	0	0	0	0	0	0	0	0	0	0	0	0	0	0	0	0	0	0	0	0	0	0	0	
497192	Cingulum_Ant_R	306	292	3914	37774	772	2724	2278	4964	598	0	996	5052	1004	4254	132	356	100	1270	7464	17140	3112	2562	8536	25818	254	6460	1932	2838	1698	3678	21384	0	8840	27506	0	76	0	0	0	0	0	0	0	0	0	0	0	0	0	0	0	0	0	0	0	0	0	108	0	0	0	0	0	0	0	0	0	0	0	0	3848	24926	734	12504	0	0	146	246	0	0	0	0	0	0	0	0	0	0	0	0	0	0	0	0	0	0	0	0	0	0	0	0	0	0	0	0	0	0	0	0	0	0	0	0	0	0	
190388	Cingulum_Mid_L	1064	72	4260	5316	0	0	2616	580	0	0	742	0	1138	0	0	0	0	0	8412	6876	0	0	4554	970	0	0	0	0	2026	0	8148	8840	0	20118	5542	834	0	0	0	0	0	0	290	0	272	294	0	0	176	0	494	162	0	0	0	0	0	0	204	0	0	0	0	0	0	0	3814	702	6238	230	74	136	0	0	0	0	0	0	0	0	0	0	0	0	0	0	0	0	0	0	0	0	0	0	0	0	0	0	0	0	0	0	0	0	0	0	0	0	0	0	0	0	0	0	0	0	
533760	Cingulum_Mid_R	8870	3302	3944	24602	0	0	2272	4480	0	0	546	602	650	500	0	0	0	92	21896	44262	0	0	7736	11276	0	0	0	0	1128	262	6838	27506	20118	0	2280	9376	0	250	0	0	0	0	0	2488	0	2158	0	470	0	1214	0	1076	0	820	0	272	954	6848	0	1810	0	0	0	0	0	0	1158	10366	15722	16214	172	566	0	94	0	0	312	0	0	0	0	0	0	0	0	394	0	0	0	984	0	0	0	0	0	0	0	0	0	0	0	0	0	0	0	0	0	0	0	0	0	0	0	0	0	0	
175948	Cingulum_Post_L	3706	874	0	0	0	0	0	0	0	0	0	0	0	0	0	0	206	0	994	1392	0	0	0	0	0	0	0	0	322	0	152	0	5542	2280	0	12534	6588	3630	2630	2600	0	0	4462	0	1106	0	1190	914	0	0	734	0	998	0	1176	446	3748	308	470	0	168	0	0	0	172	0	10728	2360	9462	1412	0	0	0	0	0	0	2048	188	864	0	94	0	0	0	322	0	0	0	400	366	0	0	0	0	0	0	0	0	0	0	0	0	0	0	0	0	0	0	0	0	388	0	0	0	0	0	
189924	Cingulum_Post_R	3766	1378	122	0	0	0	0	0	0	0	0	0	0	0	0	0	0	0	338	2878	0	0	0	0	0	0	0	0	366	0	0	76	834	9376	12534	0	6256	6838	2004	4664	0	0	0	3032	0	162	170	3624	0	0	0	274	0	694	436	1312	1606	2108	0	86	0	0	0	0	0	0	1556	10516	3878	3992	0	0	0	0	0	0	4444	768	986	0	0	0	0	0	0	486	0	0	164	2706	0	0	0	0	0	0	0	132	0	0	0	0	0	0	0	0	0	0	0	0	400	0	0	0	0	0	
263816	Hippocampus_L	10430	86	546	0	330	0	490	0	192	0	0	0	0	0	340	0	652	0	692	0	1706	0	0	0	0	0	0	0	10892	0	0	0	0	0	6588	6256	0	3848	13686	3118	7832	0	582	0	0	0	2682	948	0	0	130	0	550	0	16704	266	1150	0	0	0	330	0	220	0	430	0	2408	1562	72	0	256	90	4748	0	84	0	7880	238	5542	0	1774	0	1990	0	1070	0	964	0	10908	0	0	0	0	0	0	0	98	104	0	0	0	0	0	0	0	0	0	0	0	78	366	0	0	0	0	0	
257016	Hippocampus_R	2106	5594	0	218	0	0	74	0	0	0	0	184	0	0	0	0	0	800	206	1338	0	420	0	0	0	0	0	0	332	6916	0	0	0	250	3630	6838	3848	0	1156	24942	0	5988	0	442	0	0	0	2910	0	0	0	0	0	160	308	21014	286	138	0	0	0	0	0	0	0	0	0	4080	318	980	76	534	0	8922	0	222	4162	5632	776	390	0	1056	0	582	0	1090	0	242	118	7638	0	164	0	0	0	0	0	1090	0	338	0	0	0	0	0	0	0	0	0	0	0	0	0	0	0	0	
92932	ParaHippocampal_L	844	0	68	0	74	0	0	0	0	0	0	0	0	0	78	0	70	0	110	0	482	0	0	0	0	0	0	0	1834	0	0	0	0	0	2630	2004	13686	1156	0	968	3372	0	442	0	0	0	2580	242	0	0	0	0	544	0	7268	0	0	0	0	0	0	0	0	0	0	0	1428	634	0	0	0	0	386	0	0	0	1674	88	170	0	434	0	394	0	322	0	206	0	1902	0	0	0	0	0	0	86	102	0	0	0	0	0	0	0	0	0	0	0	0	104	84	0	0	0	0	0	
184400	ParaHippocampal_R	1596	1158	0	0	0	0	0	0	0	0	0	0	0	0	0	328	0	156	0	102	0	734	0	0	0	0	0	98	264	2278	0	0	0	0	2600	4664	3118	24942	968	0	0	5572	0	304	0	0	0	4700	0	0	0	0	0	520	274	16182	78	0	0	0	0	0	0	0	0	0	0	3358	0	0	0	348	0	3630	0	128	3390	2918	650	0	0	124	0	1618	0	86	0	1196	102	1776	0	174	0	0	0	104	0	1584	0	378	0	0	0	0	0	0	0	0	0	0	0	0	0	0	0	0	
44616	Amygdala_L	334	0	0	0	88	0	0	0	0	0	0	0	0	0	226	0	0	0	0	0	1334	0	0	0	0	0	0	0	1888	0	0	0	0	0	0	0	7832	0	3372	0	0	0	0	0	0	0	0	0	0	0	0	0	0	0	3426	0	0	0	0	0	0	0	0	0	0	0	0	0	0	0	116	0	472	0	0	0	838	0	0	0	0	0	870	0	0	0	428	0	1084	0	0	0	0	0	0	0	0	0	0	0	0	0	0	0	0	0	0	0	0	0	0	0	0	0	0	0	
54672	Amygdala_R	0	0	0	0	0	0	0	0	0	0	0	0	0	0	0	86	0	0	0	0	0	1144	0	0	0	0	0	0	0	1306	0	0	0	0	0	0	0	5988	0	5572	0	0	0	0	0	0	0	0	0	0	0	0	0	0	0	6274	0	0	0	0	0	0	0	0	0	0	0	0	0	0	0	0	0	804	0	0	0	148	0	0	0	0	0	2490	0	0	0	1628	0	1896	0	0	0	0	0	0	0	0	0	0	0	0	0	0	0	0	0	0	0	0	0	0	0	0	0	0	
164768	Calcarine_L	0	0	0	0	0	0	0	0	0	0	0	0	0	0	0	0	356	0	0	0	0	0	0	0	0	0	0	0	0	0	0	0	290	0	4462	0	582	0	442	0	0	0	0	7332	7350	5670	9896	2852	5020	2404	16638	270	2828	176	2618	0	68	0	806	0	268	0	0	0	284	0	9808	358	0	0	0	0	0	0	0	0	0	0	0	0	126	0	0	0	932	72	0	0	476	0	0	0	0	0	0	0	0	0	0	0	0	0	0	0	0	0	0	0	0	0	0	0	0	0	0	0	
247256	Calcarine_R	116	360	0	0	0	0	0	0	0	0	0	0	0	0	0	0	0	0	0	280	0	0	0	0	0	0	0	0	0	0	0	0	0	2488	0	3032	0	442	0	304	0	0	7332	0	2062	19200	2546	21202	0	13964	0	8594	0	6792	0	3460	0	1892	0	266	0	0	0	0	0	126	174	18562	132	2506	0	0	0	0	0	0	0	0	0	0	0	0	0	0	0	3456	0	0	0	4340	0	0	0	0	0	0	0	0	0	0	0	0	0	0	0	0	0	0	0	0	0	0	0	0	0	0	
102172	Cuneus_L	0	0	0	0	0	0	0	0	0	0	0	0	0	0	0	0	0	0	0	0	0	0	0	0	0	0	0	0	0	0	0	0	272	0	1106	0	0	0	0	0	0	0	7350	2062	0	3394	1126	242	14592	772	10468	0	440	0	320	0	104	0	1616	0	346	0	0	0	368	0	6002	366	0	0	0	0	0	0	0	0	0	0	0	0	0	0	0	0	140	0	0	0	0	0	0	0	0	0	0	0	0	0	0	0	0	0	0	0	0	0	0	0	0	0	0	0	0	0	0	0	
240816	Cuneus_R	0	0	0	0	0	0	0	0	0	0	0	0	0	0	0	0	0	0	0	0	0	0	0	0	0	0	0	0	0	0	0	0	294	2158	0	162	0	0	0	0	0	0	5670	19200	3394	0	1648	5204	0	27484	0	10806	0	954	0	416	0	2112	0	11638	0	428	0	260	0	876	1076	20704	0	1306	0	0	0	0	0	0	0	0	0	0	0	248	0	0	0	2480	0	0	0	1890	0	0	0	0	0	0	0	0	0	0	0	0	0	0	0	0	0	0	0	0	0	0	0	0	0	0	
242056	Lingual_L	0	0	0	0	0	0	0	0	0	0	0	0	0	0	0	0	0	0	0	0	0	0	0	0	0	0	0	0	0	0	0	0	0	0	1190	170	2682	0	2580	0	0	0	9896	2546	1126	1648	0	3220	2296	458	10166	0	5444	0	14560	84	0	0	0	0	0	0	0	0	0	0	3364	0	0	0	0	0	0	0	0	0	212	0	0	0	0	0	0	0	126	0	0	0	510	0	9008	1132	2354	612	0	342	10422	1130	17356	2486	112	0	1136	1092	242	740	0	0	0	290	3326	3518	1730	916	734	72	
307736	Lingual_R	200	300	0	0	0	0	0	0	0	0	0	0	0	0	0	0	0	0	0	126	0	0	0	0	0	0	0	0	0	0	0	0	0	470	914	3624	948	2910	242	4700	0	0	2852	21202	242	5204	3220	0	0	4628	0	2944	188	3666	818	15922	0	204	0	0	0	0	0	0	0	0	208	11314	108	262	0	290	0	0	0	0	390	676	96	0	0	0	0	0	0	1144	0	0	0	3154	2826	8284	1154	1232	0	250	2794	6994	5586	12972	136	142	714	554	124	238	0	0	92	200	6170	6550	2356	888	360	86	
105268	Occipital_Sup_L	108	0	0	0	0	0	0	0	0	0	0	0	0	0	0	0	0	0	0	0	0	0	0	0	0	0	0	0	0	0	0	0	176	0	0	0	0	0	0	0	0	0	5020	0	14592	0	2296	0	0	0	18276	0	168	0	230	0	228	0	4020	0	794	0	0	0	744	0	5638	0	0	0	0	0	0	0	0	0	0	0	0	0	0	0	0	0	344	0	0	0	0	0	0	0	0	0	0	0	0	0	0	0	0	0	0	0	0	0	0	0	0	0	0	0	0	0	0	0	
197868	Occipital_Sup_R	0	0	0	0	0	0	0	0	0	0	0	0	0	0	0	0	0	0	0	0	0	0	0	0	0	0	0	0	0	0	0	0	0	1214	0	0	0	0	0	0	0	0	2404	13964	772	27484	458	4628	0	0	0	13350	0	994	0	914	0	1702	0	10932	0	708	0	216	0	1662	160	12254	0	990	0	0	0	0	0	0	0	0	0	0	0	244	0	0	0	2334	0	0	0	1550	0	0	0	0	0	0	0	0	0	0	0	0	0	0	0	0	0	0	0	0	0	0	0	0	0	0	
383836	Occipital_Mid_L	3858	0	0	0	0	0	0	0	0	0	0	0	0	0	0	0	1302	0	0	0	0	0	0	0	0	0	0	0	0	0	0	0	494	0	734	0	130	0	0	0	0	0	16638	0	10468	0	10166	0	18276	0	0	0	14998	0	7022	0	9102	0	21540	0	12376	0	1332	0	19458	0	12394	0	3766	0	84	0	0	0	0	0	0	0	72	0	490	0	0	0	19582	0	0	0	4274	0	360	102	348	0	0	0	0	0	1326	380	0	0	0	0	0	0	0	0	0	0	0	616	230	0	0	0	
204668	Occipital_Mid_R	0	182	0	0	0	0	0	0	0	0	0	0	0	0	0	0	0	0	0	0	0	0	0	0	0	0	0	0	0	0	0	0	162	1076	0	274	0	0	0	0	0	0	270	8594	0	10806	0	2944	0	13350	0	0	0	4960	0	1762	0	5490	0	6156	0	722	0	364	0	7520	194	13170	0	2910	0	0	0	0	0	0	0	0	0	0	0	646	0	0	0	14940	0	0	0	5842	0	0	0	0	0	0	0	0	0	0	0	0	0	0	0	0	0	0	0	0	0	0	0	0	0	0	
165772	Occipital_Inf_L	1528	0	0	0	0	0	0	0	0	0	0	0	0	0	0	0	3310	0	0	0	0	0	0	0	0	0	0	0	940	0	0	0	0	0	998	0	550	0	544	0	0	0	2828	0	440	0	5444	188	168	0	14998	0	0	0	17586	0	2178	0	366	0	638	0	896	0	310	0	2334	0	1774	0	100	0	0	0	0	0	0	0	1652	0	1196	0	0	0	6918	0	0	0	7950	0	322	166	246	0	0	0	980	138	2616	534	0	0	0	0	0	0	0	0	0	0	884	974	192	0	0	0	
81580	Occipital_Inf_R	0	1206	0	0	0	0	0	0	0	0	0	0	0	0	0	0	0	0	0	144	0	0	0	0	0	0	0	0	0	0	0	0	0	820	0	694	0	160	0	520	0	0	176	6792	0	954	0	3666	0	994	0	4960	0	0	0	4910	0	886	0	328	0	162	0	0	0	160	0	2754	0	1764	0	0	0	0	0	0	0	0	0	0	0	0	0	0	0	2578	0	0	0	6034	0	0	0	0	0	0	0	0	0	128	0	0	0	0	0	0	0	0	0	0	0	0	0	0	0	0	
477132	Fusiform_L	1442	0	134	0	0	0	0	0	0	0	0	0	0	0	0	0	3920	0	196	0	272	0	0	0	0	0	0	0	4332	0	0	0	0	0	1176	436	16704	308	7268	274	3426	0	2618	0	320	0	14560	818	230	0	7022	0	17586	0	0	0	1716	0	220	0	1152	0	1426	0	926	0	2030	96	1330	0	192	0	598	0	0	0	718	0	6528	0	5274	0	3434	0	6476	0	2220	0	32022	0	23530	498	6020	686	348	0	12296	776	32734	1168	546	0	1904	864	522	164	218	0	0	102	2646	2138	1200	644	162	0	
433984	Fusiform_R	232	808	0	0	0	0	0	0	0	0	0	0	0	0	0	0	0	0	0	514	0	0	0	0	0	0	0	0	0	5286	0	0	0	272	446	1312	266	21014	0	16182	0	6274	0	3460	0	416	84	15922	0	914	0	1762	0	4910	0	0	130	168	0	0	0	0	0	0	0	0	0	1318	222	768	0	114	0	960	0	0	332	660	110	432	0	5122	0	5420	0	4158	0	4152	0	27196	666	22726	570	2800	0	1346	566	12934	936	31144	326	832	1084	2648	0	658	0	116	0	262	2216	1398	1018	1096	314	0	
354280	Postcentral_L	37978	998	2478	0	0	0	2100	180	0	0	2324	148	90	0	0	0	10168	0	3142	930	0	0	0	0	0	0	0	0	6320	0	70	0	0	954	3748	1606	1150	286	0	78	0	0	68	0	104	0	0	0	228	0	9102	0	2178	0	1716	130	0	70	11188	0	19874	0	10560	0	3530	0	11696	70	13752	674	4708	254	2188	0	314	0	1574	104	1900	0	2238	0	0	0	2580	0	0	0	1376	216	0	0	0	0	0	0	0	0	0	0	0	0	0	0	0	0	0	0	0	0	0	0	0	0	0	0	
229044	Postcentral_R	370	10742	0	990	0	0	124	536	0	0	0	2528	0	304	0	0	0	4146	124	4108	0	0	0	0	0	0	0	0	0	836	0	108	0	6848	308	2108	0	138	0	0	0	0	0	1892	0	2112	0	204	0	1702	0	5490	0	886	0	168	70	0	0	7840	0	5028	0	8376	0	1332	0	12836	884	20812	242	684	0	100	0	0	212	464	0	0	0	542	0	0	0	4392	0	0	0	3936	0	0	0	0	0	0	0	0	0	0	0	0	0	0	0	0	0	0	0	0	0	0	0	0	0	0	
176888	Parietal_Sup_L	1532	0	86	0	0	0	0	0	0	0	0	0	0	0	0	0	482	0	86	0	0	0	0	0	0	0	0	0	240	0	0	0	204	0	470	0	0	0	0	0	0	0	806	0	1616	0	0	0	4020	0	21540	0	366	0	220	0	11188	0	0	0	15664	0	1910	0	9686	0	12706	0	2584	0	88	0	0	0	0	0	0	0	90	0	298	0	0	0	1710	0	0	0	852	0	0	0	0	0	0	0	0	0	0	0	0	0	0	0	0	0	0	0	0	0	0	0	0	0	0	0	
149136	Parietal_Sup_R	0	104	0	0	0	0	0	0	0	0	0	0	0	0	0	0	0	0	0	80	0	0	0	0	0	0	0	0	0	0	0	0	0	1810	0	86	0	0	0	0	0	0	0	266	0	11638	0	0	0	10932	0	6156	0	328	0	0	0	7840	0	0	0	4470	0	2258	0	2006	226	16290	0	2304	0	0	0	0	0	0	0	0	0	0	0	334	0	0	0	4182	0	0	0	3258	0	0	0	0	0	0	0	0	0	0	0	0	0	0	0	0	0	0	0	0	0	0	0	0	0	0	
201508	Parietal_Inf_L	3918	0	0	0	0	0	0	0	0	0	0	0	0	0	0	0	812	0	0	0	0	0	0	0	0	0	0	0	310	0	0	0	0	0	168	0	330	0	0	0	0	0	268	0	346	0	0	0	794	0	12376	0	638	0	1152	0	19874	0	15664	0	0	0	16094	0	15188	0	2850	0	1292	0	152	0	0	0	0	0	0	0	432	0	1502	0	0	0	2780	0	0	0	3814	0	0	0	0	0	0	0	0	0	0	0	0	0	0	0	0	0	0	0	0	0	0	0	0	0	0	0	
54224	Parietal_Inf_R	0	568	0	0	0	0	0	0	0	0	0	0	0	0	0	0	0	0	0	0	0	0	0	0	0	0	0	0	0	0	0	0	0	0	0	0	0	0	0	0	0	0	0	0	0	428	0	0	0	708	0	722	0	162	0	0	0	5028	0	4470	0	0	0	9172	0	3570	0	250	0	1706	0	0	0	0	0	0	0	0	0	0	0	156	0	0	0	98	0	0	0	74	0	0	0	0	0	0	0	0	0	0	0	0	0	0	0	0	0	0	0	0	0	0	0	0	0	0	
125384	SupraMarginal_L	2462	0	0	0	0	0	0	0	0	0	0	0	0	0	0	0	2984	0	0	0	0	0	0	0	0	0	0	0	652	0	0	0	0	0	0	0	220	0	0	0	0	0	0	0	0	0	0	0	0	0	1332	0	896	0	1426	0	10560	0	1910	0	16094	0	0	0	5932	0	924	0	498	0	398	0	0	0	0	0	0	0	568	0	5520	0	0	0	5366	0	0	0	4950	0	0	0	0	0	0	0	0	0	0	0	0	0	0	0	0	0	0	0	0	0	0	0	0	0	0	0	
75036	SupraMarginal_R	0	1642	0	0	0	0	0	0	0	0	0	0	0	0	0	0	0	1774	0	440	0	0	0	0	0	0	0	0	0	0	0	0	0	0	0	0	0	0	0	0	0	0	0	0	0	260	0	0	0	216	0	364	0	0	0	0	0	8376	0	2258	0	9172	0	0	0	2326	0	216	0	3102	70	154	0	0	0	0	0	142	0	0	0	3636	0	0	0	1902	0	0	0	1468	0	0	0	0	0	0	0	0	0	0	0	0	0	0	0	0	0	0	0	0	0	0	0	0	0	0	
158760	Angular_L	596	0	0	0	0	0	0	0	0	0	0	0	0	0	0	0	672	0	0	0	0	0	0	0	0	0	0	0	0	0	0	0	0	0	172	0	430	0	0	0	0	0	284	0	368	0	0	0	744	0	19458	0	310	0	926	0	3530	0	9686	0	15188	0	5932	0	0	0	2474	0	1140	0	0	0	0	0	0	0	0	0	502	0	1500	0	0	0	10112	0	0	0	5356	0	0	0	0	0	0	0	0	0	0	0	0	0	0	0	0	0	0	0	0	0	0	0	0	0	0	0	
58404	Angular_R	0	78	0	0	0	0	0	0	0	0	0	0	0	0	0	0	0	0	0	0	0	0	0	0	0	0	0	0	0	0	0	0	0	0	0	0	0	0	0	0	0	0	0	126	0	876	0	0	0	1662	0	7520	0	160	0	0	0	1332	0	2006	0	3570	0	2326	0	0	0	926	0	688	0	0	0	0	0	0	0	0	0	0	0	2394	0	0	0	4658	0	0	0	880	0	0	0	0	0	0	0	0	0	0	0	0	0	0	0	0	0	0	0	0	0	0	0	0	0	0	
225784	Precuneus_L	3206	0	264	0	0	0	0	0	0	0	0	0	0	0	0	0	704	0	486	210	0	0	0	0	0	0	0	0	264	0	0	0	3814	1158	10728	1556	2408	0	1428	0	0	0	9808	174	6002	1076	3364	208	5638	160	12394	194	2334	0	2030	0	11696	0	12706	226	2850	0	924	0	2474	0	0	2838	6364	148	152	0	0	0	0	0	124	0	0	0	288	0	0	0	1690	0	0	0	804	0	0	0	0	0	0	0	0	0	0	0	0	0	0	0	0	0	0	0	0	0	0	0	0	0	0	0	
357424	Precuneus_R	630	344	0	0	0	0	0	0	0	0	0	0	0	0	0	0	0	0	124	1180	0	0	0	0	0	0	0	0	0	0	0	0	702	10366	2360	10516	1562	4080	634	3358	0	0	358	18562	366	20704	0	11314	0	12254	0	13170	0	2754	96	1318	70	12836	0	16290	0	250	0	216	0	926	2838	0	572	10094	0	0	0	0	0	0	1576	92	0	0	0	240	0	0	0	7854	0	0	0	7530	0	0	0	0	0	0	0	198	0	0	0	0	0	0	0	0	0	0	0	0	378	0	0	0	0	0	
326096	Paracentral_Lobule_L	29536	3770	8752	1092	0	0	122	0	0	0	0	0	0	0	0	0	994	0	14588	17806	76	0	0	0	0	0	0	0	388	0	0	0	6238	15722	9462	3878	72	318	0	0	0	0	0	132	0	0	0	108	0	0	3766	0	1774	0	1330	222	13752	884	2584	0	1292	0	498	0	1140	0	6364	572	0	7470	1492	786	362	0	1186	0	600	618	234	0	428	0	0	0	1206	0	0	0	1078	356	0	0	0	0	0	0	0	0	0	0	0	0	0	0	0	0	0	0	0	0	0	0	0	0	0	0	
254200	Paracentral_Lobule_R	4324	13534	0	0	0	0	0	0	0	0	0	0	0	0	0	0	0	538	384	16096	0	0	0	0	0	0	0	0	0	80	0	0	230	16214	1412	3992	0	980	0	0	0	0	0	2506	0	1306	0	262	0	990	0	2910	0	1764	0	768	674	20812	0	2304	0	1706	0	3102	0	688	148	10094	7470	0	0	132	0	0	0	0	748	148	0	168	0	762	0	0	0	5118	0	0	0	4736	0	0	0	0	0	0	0	0	0	0	0	0	0	0	0	0	0	0	0	0	0	0	0	0	0	0	
440448	Caudate_L	12370	2510	6784	1850	4582	3116	3040	1788	2370	108	7848	2370	3590	604	3166	1038	5508	682	10634	4002	11888	10454	1136	904	1026	152	5572	4174	11752	1764	13314	3848	74	172	0	0	256	76	0	0	116	0	0	0	0	0	0	0	0	0	84	0	100	0	192	0	4708	242	88	0	152	0	398	70	0	0	152	0	1492	0	0	27974	21954	4198	2268	1312	5750	1768	340	0	1134	0	1084	0	0	0	0	0	126	0	0	0	0	0	0	0	0	0	0	0	0	0	0	0	0	0	0	0	0	0	0	0	0	0	0	0	
499988	Caudate_R	2346	10050	1288	15332	1328	4822	606	4218	860	254	3088	7840	1048	3828	446	2834	812	2126	3514	17736	7288	9788	246	13334	168	4906	1934	5084	3350	6254	6446	24926	136	566	0	0	90	534	0	348	0	0	0	0	0	0	0	290	0	0	0	0	0	0	0	114	254	684	0	0	0	0	0	154	0	0	0	0	786	132	27974	0	7804	18540	158	3196	2434	16810	0	0	328	0	562	0	0	0	0	0	0	0	0	0	0	0	0	0	0	0	0	0	0	0	0	0	0	0	0	0	0	0	0	0	0	0	0	0	
334652	Putamen_L	10908	392	11180	0	12638	1262	2790	128	4890	68	3622	222	516	0	8134	408	4562	0	7878	504	4924	4306	2606	372	1128	196	1932	1470	19092	314	8186	734	0	0	0	0	4748	0	386	0	472	0	0	0	0	0	0	0	0	0	0	0	0	0	598	0	2188	0	0	0	0	0	0	0	0	0	0	0	362	0	21954	7804	0	2042	6492	836	1706	70	256	0	1202	0	474	0	0	0	0	0	374	0	0	0	0	0	0	0	0	0	0	0	0	0	0	0	0	0	0	0	0	0	0	0	0	0	0	0	
271156	Putamen_R	548	2298	202	9076	348	7666	396	1504	292	852	0	3872	0	748	94	996	0	4254	586	4404	1994	1856	0	9002	0	5534	610	1842	0	18128	2310	12504	0	94	0	0	0	8922	0	3630	0	804	0	0	0	0	0	0	0	0	0	0	0	0	0	960	0	100	0	0	0	0	0	0	0	0	0	0	0	0	4198	18540	2042	0	0	1724	122	2326	0	0	0	100	0	100	0	0	0	0	0	0	0	0	0	0	0	0	0	0	0	0	0	0	0	0	0	0	0	0	0	0	0	0	0	0	0	0	
57484	Pallidum_L	9116	240	2428	0	0	0	1466	0	0	0	120	0	0	0	0	0	298	0	1280	0	0	0	0	0	0	0	0	0	234	0	0	0	0	0	0	0	84	0	0	0	0	0	0	0	0	0	0	0	0	0	0	0	0	0	0	0	314	0	0	0	0	0	0	0	0	0	0	0	1186	0	2268	158	6492	0	0	0	3058	0	0	0	0	0	0	0	0	0	0	0	0	0	0	0	0	0	0	0	0	0	0	0	0	0	0	0	0	0	0	0	0	0	0	0	0	0	0	0	
20496	Pallidum_R	166	420	0	706	0	0	152	480	0	0	0	0	0	0	0	0	0	0	96	686	0	0	0	0	0	0	0	0	0	0	0	0	0	0	0	0	0	222	0	128	0	0	0	0	0	0	0	0	0	0	0	0	0	0	0	0	0	0	0	0	0	0	0	0	0	0	0	0	0	0	1312	3196	836	1724	0	0	0	124	0	0	0	0	0	0	0	0	0	0	0	0	0	0	0	0	0	0	0	0	0	0	0	0	0	0	0	0	0	0	0	0	0	0	0	0	0	0	
185836	Thalamus_L	25964	1120	312	0	0	0	652	0	0	0	456	0	0	0	68	0	1366	174	364	768	1790	0	0	0	94	0	110	0	5580	0	340	146	0	312	2048	4444	7880	4162	1674	3390	838	0	0	0	0	0	212	390	0	0	0	0	0	0	718	332	1574	212	0	0	0	0	0	0	0	0	124	1576	600	748	5750	2434	1706	122	3058	0	0	7328	1366	0	126	0	184	0	0	0	0	0	306	0	0	0	0	0	0	0	0	0	0	0	0	0	0	0	0	0	0	0	0	0	0	0	0	0	0	0	
133240	Thalamus_R	862	20528	156	624	0	0	0	96	0	0	0	164	0	0	0	0	104	496	380	454	0	82	0	0	0	0	0	0	164	708	172	246	0	0	188	768	238	5632	88	2918	0	148	0	0	0	0	0	676	0	0	0	0	0	0	0	660	104	464	0	0	0	0	0	142	0	0	0	92	618	148	1768	16810	70	2326	0	124	7328	0	0	0	0	0	0	0	0	0	0	0	0	74	0	0	0	0	0	0	0	0	0	0	0	0	0	0	0	0	0	0	0	0	0	0	0	0	0	0	
94544	Heschl_L	3508	0	140	0	0	0	0	0	0	0	148	0	0	0	0	0	2910	0	196	0	0	0	0	0	0	0	0	0	5460	0	0	0	0	0	864	986	5542	776	170	650	0	0	0	0	0	0	0	96	0	0	72	0	1652	0	6528	110	1900	0	90	0	432	0	568	0	502	0	0	0	234	0	340	0	256	0	0	0	1366	0	0	0	3424	0	0	0	1764	0	0	0	5948	0	424	0	148	0	0	0	0	0	68	0	0	0	0	0	0	0	0	0	0	0	0	0	0	0	0	0	
36624	Heschl_R	0	220	0	0	0	0	0	0	0	0	0	0	0	0	0	0	0	1496	0	324	0	0	0	0	0	0	0	0	0	1632	0	0	0	0	0	0	0	390	0	0	0	0	0	0	0	0	0	0	0	0	0	0	0	0	0	432	0	0	0	0	0	0	0	0	0	0	0	0	0	168	0	0	0	0	0	0	0	0	0	0	0	5616	0	90	0	4748	0	0	0	3196	0	0	0	0	0	0	0	0	0	0	0	0	0	0	0	0	0	0	0	0	0	0	0	0	0	0	
198816	Temporal_Sup_L	1808	0	1232	0	138	0	648	0	84	0	2778	0	254	0	88	0	9298	0	1510	80	0	0	156	0	118	0	0	0	8220	0	416	0	0	0	94	0	1774	0	434	0	0	0	126	0	0	0	0	0	0	0	490	0	1196	0	5274	0	2238	0	298	0	1502	0	5520	0	1500	0	288	0	428	0	1134	328	1202	0	0	0	126	0	3424	0	0	0	5524	0	20328	0	186	0	18368	0	578	0	150	0	0	0	0	0	70	0	0	0	0	0	0	0	0	0	0	0	0	0	0	0	0	0	
120468	Temporal_Sup_R	0	684	0	0	0	0	0	0	0	0	0	214	0	0	0	618	0	3564	0	792	0	0	0	0	0	0	0	0	0	7816	0	0	0	0	0	0	0	1056	0	124	0	0	0	0	0	248	0	0	0	244	0	646	0	0	0	5122	0	542	0	334	0	156	0	3636	0	2394	0	240	0	762	0	0	0	100	0	0	0	0	0	5616	0	0	0	3620	0	13356	0	834	0	7422	0	0	0	0	0	0	0	94	0	0	0	0	0	0	0	0	0	0	0	0	0	0	0	0	0	0	
110740	Temporal_Pole_Sup_L	210	0	1052	214	756	0	576	0	246	0	3158	0	312	0	2876	0	2224	0	412	372	978	0	206	0	144	0	0	0	6270	0	462	0	0	0	0	0	1990	0	394	0	870	0	0	0	0	0	0	0	0	0	0	0	0	0	3434	0	0	0	0	0	0	0	0	0	0	0	0	0	0	0	1084	562	474	0	0	0	184	0	0	0	5524	0	0	0	7002	0	5480	0	7904	0	0	0	0	0	0	0	0	0	0	0	0	0	0	0	0	0	0	0	0	0	0	0	0	0	0	0	
63816	Temporal_Pole_Sup_R	0	0	0	0	0	266	0	0	0	0	0	70	0	0	0	1700	0	216	0	0	0	1194	0	0	0	0	0	386	0	3034	0	0	0	0	0	0	0	582	0	1618	0	2490	0	0	0	0	0	0	0	0	0	0	0	0	0	5420	0	0	0	0	0	0	0	0	0	0	0	0	0	0	0	0	0	100	0	0	0	0	0	90	0	3620	0	0	0	1222	0	5244	0	4656	0	0	0	0	0	0	0	0	0	0	0	0	0	0	0	0	0	0	0	0	0	0	0	0	0	0	
278184	Temporal_Mid_L	1984	0	0	0	0	0	0	0	0	0	0	0	0	0	0	0	2974	0	0	0	0	0	0	0	0	0	0	0	1790	0	0	0	0	0	322	0	1070	0	322	0	0	0	932	0	140	0	126	0	344	0	19582	0	6918	0	6476	0	2580	0	1710	0	2780	0	5366	0	10112	0	1690	0	1206	0	0	0	0	0	0	0	0	0	1764	0	20328	0	7002	0	0	0	4312	0	37162	0	100	0	0	0	0	0	0	0	0	0	0	0	0	0	0	0	0	0	0	0	0	0	0	0	0	0	
245972	Temporal_Mid_R	0	3350	0	0	0	0	0	0	0	0	0	0	0	0	0	0	0	726	0	668	0	0	0	0	0	0	0	0	0	2662	0	0	0	394	0	486	0	1090	0	86	0	0	72	3456	0	2480	0	1144	0	2334	0	14940	0	2578	0	4158	0	4392	0	4182	0	98	0	1902	0	4658	0	7854	0	5118	0	0	0	0	0	0	0	0	0	4748	0	13356	0	1222	0	0	0	3508	0	31250	0	0	0	0	0	0	0	74	0	0	0	0	0	0	0	0	0	0	0	0	0	0	0	0	0	0	
36056	Temporal_Pole_Mid_L	0	0	0	0	84	0	0	0	0	0	0	0	0	0	98	0	0	0	0	0	88	0	0	0	0	0	0	0	220	0	0	0	0	0	0	0	964	0	206	0	428	0	0	0	0	0	0	0	0	0	0	0	0	0	2220	0	0	0	0	0	0	0	0	0	0	0	0	0	0	0	0	0	0	0	0	0	0	0	0	0	186	0	5480	0	4312	0	0	0	3742	0	0	0	0	0	0	0	0	0	0	0	0	0	0	0	0	0	0	0	0	0	0	0	0	0	0	0	
48244	Temporal_Pole_Mid_R	0	0	0	0	0	128	0	0	0	0	0	0	0	0	0	432	0	0	0	0	0	340	0	0	0	0	0	180	0	658	0	0	0	0	0	0	0	242	0	1196	0	1628	0	0	0	0	0	0	0	0	0	0	0	0	0	4152	0	0	0	0	0	0	0	0	0	0	0	0	0	0	0	0	0	0	0	0	0	0	0	0	0	834	0	5244	0	3508	0	0	0	5580	0	0	0	0	0	0	0	0	0	0	0	0	0	0	0	0	0	0	0	0	0	0	0	0	0	0	
339156	Temporal_Inf_L	1222	0	68	0	0	0	0	0	0	0	0	0	0	0	0	0	3486	0	0	0	0	0	0	0	0	0	0	0	2600	0	0	0	0	0	400	164	10908	118	1902	102	1084	0	476	0	0	0	510	0	0	0	4274	0	7950	0	32022	0	1376	0	852	0	3814	0	4950	0	5356	0	804	0	1078	0	126	0	374	0	0	0	306	0	5948	0	18368	0	7904	0	37162	0	3742	0	0	0	5196	0	1666	0	0	0	846	0	1872	0	276	0	276	0	0	0	0	0	0	0	0	0	0	0	0	0	
316104	Temporal_Inf_R	0	3214	0	0	0	0	0	0	0	0	0	0	0	0	0	0	0	316	0	1540	0	0	0	0	0	0	0	0	0	4072	0	0	0	984	366	2706	0	7638	0	1776	0	1896	0	4340	0	1890	0	3154	0	1550	0	5842	0	6034	0	27196	216	3936	0	3258	0	74	0	1468	0	880	0	7530	356	4736	0	0	0	0	0	0	0	74	0	3196	0	7422	0	4656	0	31250	0	5580	0	0	0	5046	0	1108	0	0	0	408	0	1336	0	332	0	556	0	0	0	0	0	0	120	0	0	0	0	0	
522728	Cerebelum_Crus1_L	0	0	0	0	0	0	0	0	0	0	0	0	0	0	0	0	102	0	0	0	0	0	0	0	0	0	0	0	0	0	0	0	0	0	0	0	0	0	0	0	0	0	0	0	0	0	9008	2826	0	0	360	0	322	0	23530	666	0	0	0	0	0	0	0	0	0	0	0	0	0	0	0	0	0	0	0	0	0	0	424	0	578	0	0	0	100	0	0	0	5196	0	0	7262	49656	8772	522	446	16370	3856	52712	9802	13056	488	16826	4998	580	526	98	0	256	916	8082	8610	10284	3142	718	274	
490176	Cerebelum_Crus1_R	0	0	0	0	0	0	0	0	0	0	0	0	0	0	0	0	0	0	0	0	0	0	0	0	0	0	0	0	0	0	0	0	0	0	0	0	0	164	0	174	0	0	0	0	0	0	1132	8284	0	0	102	0	166	0	498	22726	0	0	0	0	0	0	0	0	0	0	0	0	0	0	0	0	0	0	0	0	0	0	0	0	0	0	0	0	0	0	0	0	0	5046	7262	0	6546	43670	74	916	3406	10252	8448	54884	1576	10436	4854	22468	306	1878	0	178	82	370	7092	8930	8920	3346	648	254	
482384	Cerebelum_Crus2_L	0	0	0	0	0	0	0	0	0	0	0	0	0	0	0	0	0	0	0	0	0	0	0	0	0	0	0	0	0	0	0	0	0	0	0	0	0	0	0	0	0	0	0	0	0	0	2354	1154	0	0	348	0	246	0	6020	570	0	0	0	0	0	0	0	0	0	0	0	0	0	0	0	0	0	0	0	0	0	0	148	0	150	0	0	0	0	0	0	0	1666	0	49656	6546	0	17832	256	508	6432	5406	19884	8822	30974	4334	30234	14160	462	598	112	102	170	854	4822	4282	15726	5582	606	176	
500804	Cerebelum_Crus2_R	0	0	0	0	0	0	0	0	0	0	0	0	0	0	0	0	0	0	0	0	0	0	0	0	0	0	0	0	0	0	0	0	0	0	0	0	0	0	0	0	0	0	0	0	0	0	612	1232	0	0	0	0	0	0	686	2800	0	0	0	0	0	0	0	0	0	0	0	0	0	0	0	0	0	0	0	0	0	0	0	0	0	0	0	0	0	0	0	0	0	1108	8772	43670	17832	0	198	714	3388	5662	8140	19488	5314	31070	13462	50168	488	1764	0	624	76	652	3582	4690	16872	6470	680	188	
54028	Cerebelum_3_L	0	0	0	0	0	0	0	0	0	0	0	0	0	0	0	0	0	0	0	0	0	0	0	0	0	0	0	0	0	0	0	0	0	0	0	0	0	0	0	0	0	0	0	0	0	0	0	0	0	0	0	0	0	0	348	0	0	0	0	0	0	0	0	0	0	0	0	0	0	0	0	0	0	0	0	0	0	0	0	0	0	0	0	0	0	0	0	0	0	0	522	74	256	198	0	334	8350	790	1604	326	90	0	1638	1026	2488	392	184	0	1204	2220	2412	308	864	794	502	90	
79920	Cerebelum_3_R	0	0	0	0	0	0	0	0	0	0	0	0	0	0	0	0	0	0	0	0	0	0	0	0	0	0	0	0	0	0	0	0	0	0	0	0	0	0	86	104	0	0	0	0	0	0	342	250	0	0	0	0	0	0	0	1346	0	0	0	0	0	0	0	0	0	0	0	0	0	0	0	0	0	0	0	0	0	0	0	0	0	0	0	0	0	0	0	0	0	0	446	916	508	714	334	0	1734	5222	636	2828	178	80	1942	2836	664	3770	0	402	346	5048	2074	384	1830	2394	2358	188	
393504	Cerebelum_4_5_L	0	0	0	0	0	0	0	0	0	0	0	0	0	0	0	0	0	0	0	0	0	0	0	0	0	0	0	0	0	0	0	0	0	0	0	0	98	0	102	0	0	0	0	0	0	0	10422	2794	0	0	0	0	980	0	12296	566	0	0	0	0	0	0	0	0	0	0	0	0	0	0	0	0	0	0	0	0	0	0	0	0	0	0	0	0	0	0	0	0	846	0	16370	3406	6432	3388	8350	1734	0	6856	34488	6346	1390	464	12596	7710	7916	3722	600	0	1466	3836	18212	4996	7116	5748	4082	1424	
313324	Cerebelum_4_5_R	0	0	0	0	0	0	0	0	0	0	0	0	0	0	0	0	0	0	0	0	0	0	0	0	0	0	0	0	0	108	0	0	0	0	0	132	104	1090	0	1584	0	0	0	0	0	0	1130	6994	0	0	0	0	138	0	776	12934	0	0	0	0	0	0	0	0	0	0	0	198	0	0	0	0	0	0	0	0	0	0	0	0	0	94	0	0	0	74	0	0	0	408	3856	10252	5406	5662	790	5222	6856	0	5302	24076	1134	312	8378	9954	1856	3594	0	264	98	2820	15636	2448	8382	5190	2990	420	
547832	Cerebelum_6_L	0	0	0	0	0	0	0	0	0	0	0	0	0	0	0	0	0	0	0	0	0	0	0	0	0	0	0	0	0	0	0	0	0	0	0	0	0	0	0	0	0	0	0	0	0	0	17356	5586	0	0	1326	0	2616	0	32734	936	0	0	0	0	0	0	0	0	0	0	0	0	0	0	0	0	0	0	0	0	0	0	68	0	70	0	0	0	0	0	0	0	1872	0	52712	8448	19884	8140	1604	636	34488	5302	0	13506	2572	228	9890	5164	2466	1012	582	0	524	1324	13224	14582	10436	2824	1274	530	
535508	Cerebelum_6_R	0	0	0	0	0	0	0	0	0	0	0	0	0	0	0	0	0	0	0	0	0	0	0	0	0	0	0	0	0	0	0	0	0	0	0	0	0	338	0	378	0	0	0	0	0	0	2486	12972	0	0	380	0	534	128	1168	31144	0	0	0	0	0	0	0	0	0	0	0	0	0	0	0	0	0	0	0	0	0	0	0	0	0	0	0	0	0	0	0	0	0	1336	9802	54884	8822	19488	326	2828	6346	24076	13506	0	2352	3082	7330	11344	636	2712	0	552	178	1078	12210	14778	13384	5072	1448	656	
243456	Cerebelum_7b_L	0	0	0	0	0	0	0	0	0	0	0	0	0	0	0	0	0	0	0	0	0	0	0	0	0	0	0	0	0	0	0	0	0	0	0	0	0	0	0	0	0	0	0	0	0	0	112	136	0	0	0	0	0	0	546	326	0	0	0	0	0	0	0	0	0	0	0	0	0	0	0	0	0	0	0	0	0	0	0	0	0	0	0	0	0	0	0	0	276	0	13056	1576	30974	5314	90	178	1390	1134	2572	2352	0	3074	33312	8486	1126	938	516	0	0	150	814	126	4534	7690	930	0	
191772	Cerebelum_7b_R	0	0	0	0	0	0	0	0	0	0	0	0	0	0	0	0	0	0	0	0	0	0	0	0	0	0	0	0	0	0	0	0	0	0	0	0	0	0	0	0	0	0	0	0	0	0	0	142	0	0	0	0	0	0	0	832	0	0	0	0	0	0	0	0	0	0	0	0	0	0	0	0	0	0	0	0	0	0	0	0	0	0	0	0	0	0	0	0	0	332	488	10436	4334	31070	0	80	464	312	228	3082	3074	0	3756	31022	0	458	0	324	0	0	166	98	1968	3220	0	0	
509004	Cerebelum_8_L	0	0	0	0	0	0	0	0	0	0	0	0	0	0	0	0	0	0	0	0	0	0	0	0	0	0	0	0	0	0	0	0	0	0	0	0	0	0	0	0	0	0	0	0	0	0	1136	714	0	0	0	0	0	0	1904	1084	0	0	0	0	0	0	0	0	0	0	0	0	0	0	0	0	0	0	0	0	0	0	0	0	0	0	0	0	0	0	0	0	276	0	16826	4854	30234	13462	1638	1942	12596	8378	9890	7330	33312	3756	0	26348	15996	6334	2248	152	328	2450	6806	984	15010	21604	6416	494	
557076	Cerebelum_8_R	0	0	0	0	0	0	0	0	0	0	0	0	0	0	0	0	0	0	0	0	0	0	0	0	0	0	0	0	0	0	0	0	0	0	0	0	0	0	0	0	0	0	0	0	0	0	1092	554	0	0	0	0	0	0	864	2648	0	0	0	0	0	0	0	0	0	0	0	0	0	0	0	0	0	0	0	0	0	0	0	0	0	0	0	0	0	0	0	0	0	556	4998	22468	14160	50168	1026	2836	7710	9954	5164	11344	8486	31022	26348	0	3926	18596	0	1156	272	2870	5658	574	16738	20008	6978	364	
121088	Cerebelum_9_L	0	0	0	0	0	0	0	0	0	0	0	0	0	0	0	0	0	0	0	0	0	0	0	0	0	0	0	0	0	0	0	0	0	0	0	0	0	0	0	0	0	0	0	0	0	0	242	124	0	0	0	0	0	0	522	0	0	0	0	0	0	0	0	0	0	0	0	0	0	0	0	0	0	0	0	0	0	0	0	0	0	0	0	0	0	0	0	0	0	0	580	306	462	488	2488	664	7916	1856	2466	636	1126	0	15996	3926	0	2670	3732	0	96	750	2142	1200	2044	4228	2914	970	
160756	Cerebelum_9_R	0	0	0	0	0	0	0	0	0	0	0	0	0	0	0	0	0	0	0	0	0	0	0	0	0	0	0	0	0	0	0	0	0	0	0	0	0	0	0	0	0	0	0	0	0	0	740	238	0	0	0	0	0	0	164	658	0	0	0	0	0	0	0	0	0	0	0	0	0	0	0	0	0	0	0	0	0	0	0	0	0	0	0	0	0	0	0	0	0	0	526	1878	598	1764	392	3770	3722	3594	1012	2712	938	458	6334	18596	2670	0	0	1608	282	3128	2974	1062	3304	7820	7738	1698	
16580	Cerebelum_10_L	0	0	0	0	0	0	0	0	0	0	0	0	0	0	0	0	0	0	0	0	0	0	0	0	0	0	0	0	0	0	0	0	0	0	0	0	0	0	0	0	0	0	0	0	0	0	0	0	0	0	0	0	0	0	218	0	0	0	0	0	0	0	0	0	0	0	0	0	0	0	0	0	0	0	0	0	0	0	0	0	0	0	0	0	0	0	0	0	0	0	98	0	112	0	184	0	600	0	582	0	516	0	2248	0	3732	0	0	0	0	0	0	0	0	0	0	0	
12784	Cerebelum_10_R	0	0	0	0	0	0	0	0	0	0	0	0	0	0	0	0	0	0	0	0	0	0	0	0	0	0	0	0	0	0	0	0	0	0	0	0	0	0	0	0	0	0	0	0	0	0	0	0	0	0	0	0	0	0	0	116	0	0	0	0	0	0	0	0	0	0	0	0	0	0	0	0	0	0	0	0	0	0	0	0	0	0	0	0	0	0	0	0	0	0	0	178	102	624	0	402	0	264	0	552	0	324	152	1156	0	1608	0	0	0	346	100	0	136	216	116	0	
23440	Vermis_1_2	0	0	0	0	0	0	0	0	0	0	0	0	0	0	0	0	0	0	0	0	0	0	0	0	0	0	0	0	0	0	0	0	0	0	0	0	0	0	0	0	0	0	0	0	0	0	0	92	0	0	0	0	0	0	0	0	0	0	0	0	0	0	0	0	0	0	0	0	0	0	0	0	0	0	0	0	0	0	0	0	0	0	0	0	0	0	0	0	0	0	256	82	170	76	1204	346	1466	98	524	178	0	0	328	272	96	282	0	0	0	3542	1508	170	380	272	378	0	
88648	Vermis_3	0	0	0	0	0	0	0	0	0	0	0	0	0	0	0	0	0	0	0	0	0	0	0	0	0	0	0	0	0	0	0	0	0	0	0	0	78	0	104	0	0	0	0	0	0	0	290	200	0	0	0	0	0	0	102	262	0	0	0	0	0	0	0	0	0	0	0	0	0	0	0	0	0	0	0	0	0	0	0	0	0	0	0	0	0	0	0	0	0	0	916	370	854	652	2220	5048	3836	2820	1324	1078	150	0	2450	2870	750	3128	0	346	3542	0	3540	548	2392	1996	2124	334	
301036	Vermis_4_5	0	0	0	0	0	0	0	0	0	0	0	0	0	0	0	0	0	0	0	0	0	0	0	0	0	0	0	0	0	0	0	0	0	0	388	400	366	0	84	0	0	0	0	0	0	0	3326	6170	0	0	0	0	884	0	2646	2216	0	0	0	0	0	0	0	0	0	0	0	378	0	0	0	0	0	0	0	0	0	0	0	0	0	0	0	0	0	0	0	0	0	120	8082	7092	4822	3582	2412	2074	18212	15636	13224	12210	814	166	6806	5658	2142	2974	0	100	1508	3540	0	6254	5918	4572	3576	2166	
