data	data	432872	231208	943152	815720	129244	145116	502912	251480	94676	33628	258452	196228	266516	172616	187424	90408	274424	112292	669820	689256	50976	78548	377768	466580	39564	200100	75864	130536	601144	438948	375616	546676	150380	475020	210104	172724	209336	317976	80300	179220	36564	91896	296908	348612	193296	265444	230672	241324	186432	247288	523168	245496	161508	110244	295856	389708	250840	200332	211992	111252	350668	168800	122572	133068	216556	100128	326840	393352	298792	209804	315020	336640	259436	238168	66468	20804	201044	151340	75300	38464	206592	88520	125344	38200	301680	253856	14104	40200	235900	225100	459144	351412	306088	266076	11268	57632	239796	216532	377076	317936	206992	118348	258300	200976	108492	75840	8624	5016	28224	34252	133400	172964	284456	105840	70744	17900	
data	data	Precentral_L	Precentral_R	Frontal_Sup_L	Frontal_Sup_R	Frontal_Sup_Orb_L	Frontal_Sup_Orb_R	Frontal_Mid_L	Frontal_Mid_R	Frontal_Mid_Orb_L	Frontal_Mid_Orb_R	Frontal_Inf_Oper_L	Frontal_Inf_Oper_R	Frontal_Inf_Tri_L	Frontal_Inf_Tri_R	Frontal_Inf_Orb_L	Frontal_Inf_Orb_R	Rolandic_Oper_L	Rolandic_Oper_R	Supp_Motor_Area_L	Supp_Motor_Area_R	Olfactory_L	Olfactory_R	Frontal_Sup_Medial_L	Frontal_Sup_Medial_R	Frontal_Med_Orb_L	Frontal_Med_Orb_R	Rectus_L	Rectus_R	Insula_L	Insula_R	Cingulum_Ant_L	Cingulum_Ant_R	Cingulum_Mid_L	Cingulum_Mid_R	Cingulum_Post_L	Cingulum_Post_R	Hippocampus_L	Hippocampus_R	ParaHippocampal_L	ParaHippocampal_R	Amygdala_L	Amygdala_R	Calcarine_L	Calcarine_R	Cuneus_L	Cuneus_R	Lingual_L	Lingual_R	Occipital_Sup_L	Occipital_Sup_R	Occipital_Mid_L	Occipital_Mid_R	Occipital_Inf_L	Occipital_Inf_R	Fusiform_L	Fusiform_R	Postcentral_L	Postcentral_R	Parietal_Sup_L	Parietal_Sup_R	Parietal_Inf_L	Parietal_Inf_R	SupraMarginal_L	SupraMarginal_R	Angular_L	Angular_R	Precuneus_L	Precuneus_R	Paracentral_Lobule_L	Paracentral_Lobule_R	Caudate_L	Caudate_R	Putamen_L	Putamen_R	Pallidum_L	Pallidum_R	Thalamus_L	Thalamus_R	Heschl_L	Heschl_R	Temporal_Sup_L	Temporal_Sup_R	Temporal_Pole_Sup_L	Temporal_Pole_Sup_R	Temporal_Mid_L	Temporal_Mid_R	Temporal_Pole_Mid_L	Temporal_Pole_Mid_R	Temporal_Inf_L	Temporal_Inf_R	Cerebelum_Crus1_L	Cerebelum_Crus1_R	Cerebelum_Crus2_L	Cerebelum_Crus2_R	Cerebelum_3_L	Cerebelum_3_R	Cerebelum_4_5_L	Cerebelum_4_5_R	Cerebelum_6_L	Cerebelum_6_R	Cerebelum_7b_L	Cerebelum_7b_R	Cerebelum_8_L	Cerebelum_8_R	Cerebelum_9_L	Cerebelum_9_R	Cerebelum_10_L	Cerebelum_10_R	Vermis_1_2	Vermis_3	Vermis_4_5	Vermis_6	Vermis_7	Vermis_8	Vermis_9	Vermis_10	
432872	Precentral_L	0	5058	14714	2298	0	0	20618	534	0	0	7966	0	1502	0	0	0	9356	90	14818	7310	0	0	398	0	0	0	0	0	7254	202	2648	822	1408	1962	9350	1838	1896	1118	72	248	0	0	966	0	1112	0	386	0	0	0	1362	0	232	0	324	198	19690	270	672	0	2208	0	458	0	200	0	2544	134	28178	3910	12088	2376	4562	0	3288	0	10496	1148	2614	0	2094	0	378	0	610	0	0	0	458	0	0	0	0	0	0	0	0	0	0	0	0	0	0	0	0	0	0	0	0	0	0	0	0	0	0	0	
231208	Precentral_R	5058	0	1866	4568	0	0	2718	6336	0	0	288	4484	0	1470	0	0	146	3246	2500	8786	0	0	402	620	0	0	0	0	358	1682	486	1726	262	706	268	638	152	1270	0	1060	0	0	0	876	0	350	0	172	0	108	0	264	0	378	0	1818	102	17104	0	0	0	562	0	2508	0	0	166	1648	2600	10992	3134	8302	422	2612	222	534	1390	5198	0	200	76	224	122	0	0	1230	0	0	0	1194	0	0	0	0	0	0	0	0	0	0	0	0	0	0	0	0	0	0	0	0	0	0	0	0	0	0	
943152	Frontal_Sup_L	14714	1866	0	18538	9072	0	65440	1064	8006	0	12460	972	13428	448	14544	0	13788	146	70756	25306	440	0	44270	6776	1184	288	950	104	40346	1324	28664	9682	4698	6790	310	290	912	1266	86	80	0	0	0	0	0	0	0	0	0	0	0	0	0	0	84	0	1210	128	0	0	252	0	94	88	0	0	102	0	2366	124	13446	4538	13632	540	3106	576	3494	1440	918	0	2620	0	3454	0	0	0	0	0	356	0	0	0	0	0	0	0	0	0	0	0	0	0	0	0	0	0	0	0	0	0	0	0	0	0	0	0	
815720	Frontal_Sup_R	2298	4568	18538	0	0	13892	2438	37798	0	998	1152	11640	312	7308	0	5936	78	3876	19126	55066	0	2276	8404	46978	494	15920	0	8662	962	26696	4066	42842	802	21442	206	380	0	2880	0	158	0	898	0	0	0	0	0	0	0	0	0	0	0	0	0	80	0	456	0	0	0	92	0	168	0	0	0	114	1468	0	2806	12674	292	9110	0	1008	394	9866	0	148	0	94	0	0	0	0	0	0	0	0	0	0	0	0	0	0	0	0	0	0	0	0	0	0	0	0	0	0	0	0	0	0	0	0	0	0	
129244	Frontal_Sup_Orb_L	0	0	9072	0	0	0	3216	0	10222	0	0	0	578	0	9166	0	0	0	136	0	1788	178	3998	0	4096	156	8290	0	3272	0	5478	0	0	0	0	0	0	0	0	0	0	0	0	0	0	0	0	0	0	0	0	0	0	0	0	0	0	0	0	0	0	0	0	0	0	0	0	0	0	0	1146	0	3138	0	0	0	0	0	0	0	0	0	692	0	0	0	0	0	0	0	0	0	0	0	0	0	0	0	0	0	0	0	0	0	0	0	0	0	0	0	0	0	0	0	0	0	
145116	Frontal_Sup_Orb_R	0	0	0	13892	0	0	0	644	0	3324	0	0	0	0	0	2568	0	0	0	0	0	2524	380	11198	82	13182	0	10126	0	6934	140	3652	0	0	0	0	0	150	0	0	0	856	0	0	0	0	0	0	0	0	0	0	0	0	0	0	0	0	0	0	0	0	0	0	0	0	0	0	0	0	0	884	0	2022	0	0	0	0	0	0	0	0	0	0	0	0	0	0	0	0	0	0	0	0	0	0	0	0	0	0	0	0	0	0	0	0	0	0	0	0	0	0	0	0	0	0	
502912	Frontal_Mid_L	20618	2718	65440	2438	3216	0	0	872	6038	0	14580	0	38254	0	13920	0	4170	0	6594	3078	0	0	10158	758	88	0	114	0	22440	0	10834	1504	688	350	374	150	576	400	0	0	0	0	0	0	0	0	0	0	0	0	0	0	0	0	0	0	648	234	0	0	126	0	0	0	0	0	952	0	484	786	6414	2734	1568	0	210	0	3010	898	266	0	1082	0	1348	0	0	0	0	0	326	0	0	0	0	0	0	0	0	0	0	0	0	0	0	0	0	0	0	0	0	0	0	0	0	0	0	0	
251480	Frontal_Mid_R	534	6336	1064	37798	0	644	872	0	0	3400	730	7360	0	15480	0	8586	180	1202	1012	5636	0	0	688	3856	0	326	0	232	630	11576	674	5948	0	3640	0	0	0	734	0	0	0	0	0	0	0	0	0	0	0	0	0	0	0	0	0	0	0	396	0	0	0	0	0	0	0	0	0	0	0	0	668	1848	76	2676	0	352	80	248	106	0	76	0	76	0	0	0	0	0	0	0	0	0	0	0	0	0	0	0	0	0	0	0	0	0	0	0	0	0	0	0	0	0	0	0	0	0	
94676	Frontal_Mid_Orb_L	0	0	8006	0	10222	0	6038	0	0	0	0	0	1156	0	15312	0	0	0	0	0	0	0	228	0	292	0	942	0	2772	0	264	0	0	0	0	0	0	0	0	0	0	0	0	0	0	0	0	0	0	0	0	0	0	0	0	0	0	0	0	0	0	0	0	0	0	0	0	0	0	0	102	0	408	0	0	0	0	0	0	0	0	0	1596	0	0	0	0	0	0	0	0	0	0	0	0	0	0	0	0	0	0	0	0	0	0	0	0	0	0	0	0	0	0	0	0	0	
33628	Frontal_Mid_Orb_R	0	0	0	998	0	3324	0	3400	0	0	0	80	0	512	0	7160	0	0	0	0	0	74	0	0	0	184	0	288	0	794	0	0	0	0	0	0	0	0	0	0	0	0	0	0	0	0	0	0	0	0	0	0	0	0	0	0	0	0	0	0	0	0	0	0	0	0	0	0	0	0	0	0	0	0	0	0	0	0	0	0	0	0	0	0	0	0	0	0	0	0	0	0	0	0	0	0	0	0	0	0	0	0	0	0	0	0	0	0	0	0	0	0	0	0	0	0	
258452	Frontal_Inf_Oper_L	7966	288	12460	1152	0	0	14580	730	0	0	0	0	14652	0	828	0	17240	0	5724	530	0	0	1388	534	0	102	0	100	21636	116	5230	1228	200	0	0	0	94	108	0	0	0	0	0	0	0	0	0	0	0	0	0	0	0	0	0	0	2146	0	0	0	74	0	0	0	0	0	0	0	0	0	3800	1680	1382	0	0	0	124	0	1292	0	4496	0	7242	0	0	0	0	0	104	0	0	0	0	0	0	0	0	0	0	0	0	0	0	0	0	0	0	0	0	0	0	0	0	0	0	0	
196228	Frontal_Inf_Oper_R	0	4484	972	11640	0	0	0	7360	0	80	0	0	0	12820	0	546	0	7534	1762	8084	0	0	266	2424	0	334	0	266	0	22774	262	3888	0	4450	0	96	0	546	0	164	0	0	0	76	0	0	0	0	0	0	0	0	0	0	0	280	0	2288	0	0	0	0	0	94	0	0	0	178	0	86	234	1454	0	1654	0	0	74	276	0	162	0	240	0	132	0	0	0	0	0	134	0	0	0	0	0	0	0	0	0	0	0	0	0	0	0	0	0	0	0	0	0	0	0	0	0	0	
266516	Frontal_Inf_Tri_L	1502	0	13428	312	578	0	38254	0	1156	0	14652	0	0	0	13324	0	5520	0	2352	132	0	0	3986	324	0	0	0	0	27362	0	2268	256	536	0	0	0	0	0	0	0	0	0	0	0	0	0	0	0	0	0	0	0	0	0	0	0	446	0	0	0	0	0	0	0	0	0	0	0	0	0	422	266	444	0	0	0	180	0	150	0	1380	0	3558	0	0	0	0	0	470	0	0	0	0	0	0	0	0	0	0	0	0	0	0	0	0	0	0	0	0	0	0	0	0	0	0	0	
172616	Frontal_Inf_Tri_R	0	1470	448	7308	0	0	0	15480	0	512	0	12820	0	0	0	6684	0	3274	2320	3694	0	0	160	1986	0	358	0	302	0	18658	114	2972	0	3974	0	0	0	0	0	0	0	0	0	0	0	0	0	0	0	0	0	0	0	0	0	0	0	1158	0	0	0	0	0	0	0	0	0	0	0	0	0	952	0	1460	0	0	0	0	0	98	0	106	0	0	0	0	0	0	0	0	0	0	0	0	0	0	0	0	0	0	0	0	0	0	0	0	0	0	0	0	0	0	0	0	0	0	
187424	Frontal_Inf_Orb_L	0	0	14544	0	9166	0	13920	0	15312	0	828	0	13324	0	0	0	314	0	296	0	1246	0	1116	0	0	0	1326	0	14892	0	1072	0	0	0	0	0	286	0	0	0	0	0	0	0	0	0	0	0	0	0	0	0	0	0	0	0	0	0	0	0	0	0	0	0	0	0	0	0	0	0	734	0	1780	0	0	0	0	0	0	0	92	0	3366	0	0	0	0	0	98	0	0	0	0	0	0	0	0	0	0	0	0	0	0	0	0	0	0	0	0	0	0	0	0	0	0	0	
90408	Frontal_Inf_Orb_R	0	0	0	5936	0	2568	0	8586	0	7160	0	546	0	6684	0	0	0	0	82	276	0	160	0	1158	0	606	0	456	0	9132	0	978	0	222	0	0	0	0	0	0	0	0	0	0	0	0	0	0	0	0	0	0	0	0	0	0	0	0	0	0	0	0	0	0	0	0	0	0	0	0	0	200	0	106	0	0	0	0	0	0	0	88	0	184	0	76	0	0	0	0	0	0	0	0	0	0	0	0	0	0	0	0	0	0	0	0	0	0	0	0	0	0	0	0	0	0	
274424	Rolandic_Oper_L	9356	146	13788	78	0	0	4170	180	0	0	17240	0	5520	0	314	0	0	0	4708	0	0	0	1036	0	0	0	0	0	29328	0	1272	310	190	0	0	0	170	0	0	0	0	0	0	0	0	0	0	0	0	0	1382	0	196	0	140	0	9184	0	3288	0	3328	0	1514	0	978	0	668	0	914	0	1676	348	1160	0	392	0	0	0	5028	0	9856	0	6472	0	2190	0	0	0	692	0	0	0	0	0	0	0	0	0	0	0	0	0	0	0	0	0	0	0	0	0	0	0	0	0	0	0	
112292	Rolandic_Oper_R	90	3246	146	3876	0	0	0	1202	0	0	0	7534	0	3274	0	0	0	0	256	2816	0	0	0	192	0	0	0	0	0	10482	0	348	0	674	0	198	0	1102	0	258	0	0	0	72	0	102	0	0	0	182	0	112	0	72	0	340	0	4800	0	0	0	180	0	2394	0	0	0	704	0	298	0	600	0	1392	0	82	120	516	0	3754	0	2908	0	302	0	1134	0	0	0	388	0	0	0	0	0	0	0	0	0	0	0	0	0	0	0	0	0	0	0	0	0	0	0	0	0	0	
669820	Supp_Motor_Area_L	14818	2500	70756	19126	136	0	6594	1012	0	0	5724	1762	2352	2320	296	82	4708	256	0	45162	0	0	13182	2490	0	118	0	0	11210	3182	11286	8702	5654	20292	3304	648	2434	1144	0	106	0	0	0	0	0	0	0	0	0	0	0	0	0	0	0	0	778	122	0	0	434	104	446	110	0	0	180	276	22740	858	12420	4358	13414	492	5556	454	6452	1262	234	0	1174	0	1446	0	0	0	0	0	244	0	0	0	0	0	0	0	0	0	0	0	0	0	0	0	0	0	0	0	0	0	0	0	0	0	0	0	
689256	Supp_Motor_Area_R	7310	8786	25306	55066	0	0	3078	5636	0	0	530	8084	132	3694	0	276	0	2816	45162	0	0	0	2476	8734	0	324	0	212	524	11858	2062	12878	3732	42570	782	5034	0	1030	0	296	0	0	0	2060	0	1050	0	558	0	548	0	458	0	554	0	800	0	1420	0	948	0	684	0	682	0	0	110	6098	10244	22340	3032	15364	516	2576	164	1290	462	10966	0	250	0	494	0	0	0	1830	0	0	0	742	0	0	0	0	0	0	0	0	0	0	0	0	0	0	0	0	0	0	0	0	0	0	0	0	0	0	
50976	Olfactory_L	0	0	440	0	1788	0	0	0	0	0	0	0	0	0	1246	0	0	0	0	0	0	2842	158	0	276	0	3084	0	2190	0	2554	898	0	0	0	0	710	0	176	0	708	0	0	0	0	0	0	0	0	0	0	0	0	0	120	0	0	0	0	0	0	0	0	0	0	0	0	0	0	0	3830	2162	1744	488	0	0	0	0	0	0	0	0	74	0	0	0	0	0	0	0	0	0	0	0	0	0	0	0	0	0	0	0	0	0	0	0	0	0	0	0	0	0	0	0	0	0	
78548	Olfactory_R	0	0	0	2276	178	2524	0	0	0	74	0	0	0	0	0	160	0	0	0	0	2842	0	0	2004	86	2720	1916	3276	0	2104	2158	2100	0	0	0	0	0	0	0	86	0	432	0	0	0	0	0	0	0	0	0	0	0	0	0	110	0	0	0	0	0	0	0	0	0	0	0	0	0	0	4630	5852	2740	896	0	0	0	0	0	0	0	0	0	110	0	0	0	0	0	0	0	0	0	0	0	0	0	0	0	0	0	0	0	0	0	0	0	0	0	0	0	0	0	0	0	0	
377768	Frontal_Sup_Medial_L	398	402	44270	8404	3998	380	10158	688	228	0	1388	266	3986	160	1116	0	1036	0	13182	2476	158	0	0	21318	2636	1694	1298	180	6016	366	28660	14554	4032	9336	0	0	0	0	0	0	0	0	0	0	0	0	0	0	0	0	0	0	0	0	0	0	0	0	0	0	0	0	0	0	0	0	0	0	0	0	1308	1542	2160	542	0	0	0	0	0	0	158	0	314	0	0	0	0	0	76	0	0	0	0	0	0	0	0	0	0	0	0	0	0	0	0	0	0	0	0	0	0	0	0	0	0	0	
466580	Frontal_Sup_Medial_R	0	620	6776	46978	0	11198	758	3856	0	0	534	2424	324	1986	0	1158	0	192	2490	8734	0	2004	21318	0	670	19344	0	9300	530	12950	6908	40820	884	16854	0	0	0	294	0	0	0	852	0	0	0	0	0	0	0	0	0	0	0	0	0	0	0	0	0	0	0	0	0	0	0	0	0	0	0	0	394	6068	72	5912	0	88	0	0	0	0	0	0	0	0	0	0	0	0	0	0	0	0	0	0	0	0	0	0	0	0	0	0	0	0	0	0	0	0	0	0	0	0	0	0	0	0	
39564	Frontal_Med_Orb_L	0	0	1184	494	4096	82	88	0	292	0	0	0	0	0	0	0	0	0	0	0	276	86	2636	670	0	1132	2764	142	0	0	5156	366	0	0	0	0	0	0	0	0	0	0	0	0	0	0	0	0	0	0	0	0	0	0	0	0	0	0	0	0	0	0	0	0	0	0	0	0	0	0	242	0	76	0	0	0	0	0	0	0	0	0	0	0	0	0	0	0	0	0	0	0	0	0	0	0	0	0	0	0	0	0	0	0	0	0	0	0	0	0	0	0	0	0	0	0	
200100	Frontal_Med_Orb_R	0	0	288	15920	156	13182	0	326	0	184	102	334	0	358	0	606	0	0	118	324	0	2720	1694	19344	1132	0	518	13394	74	6028	1972	12334	0	298	0	0	0	150	0	0	0	864	0	0	0	0	0	0	0	0	0	0	0	0	0	0	0	0	0	0	0	0	0	0	0	0	0	0	0	0	0	3084	0	4546	0	0	0	0	0	0	0	0	0	0	0	0	0	0	0	0	0	0	0	0	0	0	0	0	0	0	0	0	0	0	0	0	0	0	0	0	0	0	0	0	0	0	
75864	Rectus_L	0	0	950	0	8290	0	114	0	942	0	0	0	0	0	1326	0	0	0	0	0	3084	1916	1298	0	2764	518	0	372	500	0	7122	856	0	0	0	0	0	0	0	0	0	0	0	0	0	0	0	0	0	0	0	0	0	0	0	0	0	0	0	0	0	0	0	0	0	0	0	0	0	0	3048	1608	2750	474	0	0	0	0	0	0	0	0	0	0	0	0	0	0	0	0	0	0	0	0	0	0	0	0	0	0	0	0	0	0	0	0	0	0	0	0	0	0	0	0	0	0	
130536	Rectus_R	0	0	104	8662	0	10126	0	232	0	288	100	266	0	302	0	456	0	0	0	212	0	3276	180	9300	142	13394	372	0	72	2810	938	8046	0	146	0	0	0	0	0	0	0	74	0	0	0	0	0	0	0	0	0	0	0	0	0	0	0	0	0	0	0	0	0	0	0	0	0	0	0	0	0	3260	0	2510	0	0	0	0	0	0	0	0	0	0	0	0	0	0	0	0	0	0	0	0	0	0	0	0	0	0	0	0	0	0	0	0	0	0	0	0	0	0	0	0	0	0	
601144	Insula_L	7254	358	40346	962	3272	0	22440	630	2772	0	21636	0	27362	0	14892	0	29328	0	11210	524	2190	0	6016	530	0	74	500	72	0	0	6104	1014	688	0	410	0	9190	184	614	0	2874	0	198	0	0	0	0	0	0	0	594	0	322	0	3398	0	6812	0	2716	0	4686	0	638	0	810	0	740	0	1266	0	5518	1534	17720	0	512	0	3156	0	7504	0	11164	0	6674	0	3718	0	0	0	7446	0	0	0	0	0	0	0	0	0	0	0	0	0	0	0	0	0	0	0	0	0	0	0	0	0	0	0	
438948	Insula_R	202	1682	1324	26696	0	6934	0	11576	0	794	116	22774	0	18658	0	9132	0	10482	3182	11858	0	2104	366	12950	0	6028	0	2810	0	0	410	11338	0	6956	138	432	0	6670	0	2422	0	1800	0	208	0	124	0	122	0	110	0	108	0	318	0	3820	0	526	0	0	0	0	0	268	0	0	0	518	134	384	392	3556	0	14554	0	154	260	980	0	2026	0	4186	0	1156	0	1578	0	120	0	4038	0	0	0	0	0	0	0	0	0	0	0	0	0	0	0	0	0	0	0	0	0	0	0	0	0	0	
375616	Cingulum_Ant_L	2648	486	28664	4066	5478	140	10834	674	264	0	5230	262	2268	114	1072	0	1272	0	11286	2062	2554	2158	28660	6908	5156	1972	7122	938	6104	410	0	13430	5648	3946	666	0	128	134	0	0	0	0	0	0	0	0	0	0	0	0	0	0	0	0	0	0	520	0	0	0	82	0	0	0	0	0	0	0	0	0	10074	4300	7458	1560	0	0	156	90	190	0	320	0	154	0	0	0	0	0	150	0	0	0	0	0	0	0	0	0	0	0	0	0	0	0	0	0	0	0	0	0	0	0	0	0	0	0	
546676	Cingulum_Ant_R	822	1726	9682	42842	0	3652	1504	5948	0	0	1228	3888	256	2972	0	978	310	348	8702	12878	898	2100	14554	40820	366	12334	856	8046	1014	11338	13430	0	1848	27608	0	0	0	552	0	0	0	0	0	0	0	0	0	0	0	0	0	0	0	0	0	0	0	0	0	0	0	0	0	0	0	0	0	0	0	0	1520	22172	490	14826	0	386	0	98	116	0	122	0	108	0	0	0	0	0	0	0	0	0	0	0	0	0	0	0	0	0	0	0	0	0	0	0	0	0	0	0	0	0	0	0	0	0	
150380	Cingulum_Mid_L	1408	262	4698	802	0	0	688	0	0	0	200	0	536	0	0	0	190	0	5654	3732	0	0	4032	884	0	0	0	0	688	0	5648	1848	0	8824	5840	1352	260	0	72	0	0	0	1144	204	752	134	148	0	360	0	4290	0	114	0	0	0	1236	0	2346	0	1036	0	0	0	0	0	6806	606	5802	1602	162	0	174	0	156	0	176	0	0	0	94	0	0	0	230	0	0	0	0	0	0	0	0	0	0	0	0	0	0	0	0	0	0	0	0	0	0	0	0	0	0	0	0	0	0	0	
475020	Cingulum_Mid_R	1962	706	6790	21442	0	0	350	3640	0	0	0	4450	0	3974	0	222	0	674	20292	42570	0	0	9336	16854	0	298	0	146	0	6956	3946	27608	8824	0	952	7122	0	74	0	74	0	0	0	2802	0	2862	0	938	0	2000	0	738	0	306	0	336	0	2028	0	1224	0	420	0	130	0	0	1086	10982	5990	13516	0	1216	0	432	0	0	0	100	0	0	0	154	0	0	0	694	0	0	0	294	0	0	0	0	0	0	0	0	0	0	0	0	0	0	0	0	0	0	0	0	0	0	0	0	0	0	
210104	Cingulum_Post_L	9350	268	310	206	0	0	374	0	0	0	0	0	0	0	0	0	0	0	3304	782	0	0	0	0	0	0	0	0	410	138	666	0	5840	952	0	6444	7646	3058	3708	1230	0	0	8602	0	2932	94	4068	194	616	0	2932	0	750	0	1292	324	410	0	126	0	192	0	0	0	0	0	15294	1562	11524	92	962	0	544	0	246	0	5392	834	312	0	0	0	0	0	604	0	0	0	210	0	0	0	0	0	0	0	0	164	0	0	0	0	0	0	0	0	0	0	0	0	94	0	0	0	0	0	
172724	Cingulum_Post_R	1838	638	290	380	0	0	150	0	0	0	0	96	0	0	0	0	0	198	648	5034	0	0	0	0	0	0	0	0	0	432	0	0	1352	7122	6444	0	868	8420	0	4512	0	0	0	2812	0	1010	0	3564	0	818	0	302	0	582	0	4506	0	358	0	98	0	0	0	0	0	0	1112	9690	2018	4276	1044	134	0	334	0	0	8406	3844	0	188	0	0	0	0	0	384	0	0	0	1482	0	0	0	0	0	0	0	470	0	0	0	0	0	0	0	0	0	0	0	0	508	0	0	0	0	0	
209336	Hippocampus_L	1896	152	912	0	0	0	576	0	0	0	94	0	0	0	286	0	170	0	2434	0	710	0	0	0	0	0	0	0	9190	0	128	0	260	0	7646	868	0	578	11716	206	6784	0	5472	0	1028	0	3296	74	0	0	1024	0	486	0	12596	0	278	0	0	0	150	0	88	0	0	0	6992	394	2690	0	180	0	6480	0	2118	0	3246	72	2050	0	428	0	374	0	1166	0	0	0	8992	0	74	0	0	0	0	0	0	0	210	0	0	0	0	0	0	0	0	0	0	104	0	0	0	0	0	0	
317976	Hippocampus_R	1118	1270	1266	2880	0	150	400	734	0	0	108	546	0	0	0	0	0	1102	1144	1030	0	0	0	294	0	150	0	0	184	6670	134	552	0	74	3058	8420	578	0	0	23314	0	13462	0	1626	0	104	0	3802	0	0	0	74	0	466	0	28898	0	510	0	0	0	0	0	0	0	0	82	4664	908	248	1432	934	204	11152	0	522	5826	4736	0	834	0	198	0	1076	0	3190	0	1796	0	15630	0	0	0	0	0	0	0	950	0	0	0	0	0	0	0	0	0	0	0	0	488	0	0	0	0	0	
80300	ParaHippocampal_L	72	0	86	0	0	0	0	0	0	0	0	0	0	0	0	0	0	0	0	0	176	0	0	0	0	0	0	0	614	0	0	0	72	0	3708	0	11716	0	0	0	1348	0	3652	0	770	0	3414	0	0	0	800	0	372	0	5506	0	0	0	0	0	0	0	0	0	0	0	4018	0	218	0	0	0	760	0	0	0	212	0	0	0	78	0	0	0	232	0	0	0	508	0	320	0	240	0	0	0	168	0	562	0	84	0	278	0	0	0	0	0	0	166	0	0	0	0	0	0	
179220	ParaHippocampal_R	248	1060	80	158	0	0	0	0	0	0	0	164	0	0	0	0	0	258	106	296	0	86	0	0	0	0	0	0	0	2422	0	0	0	74	1230	4512	206	23314	0	0	0	5666	0	1810	0	132	0	3746	0	0	0	116	0	1002	0	22836	0	198	0	0	0	0	0	0	0	0	0	3776	206	340	190	0	0	2956	0	200	1670	940	0	552	0	114	0	350	0	598	0	352	0	5506	0	0	0	0	0	84	0	1790	0	266	0	0	0	0	0	0	0	0	0	0	0	0	0	0	0	0	
36564	Amygdala_L	0	0	0	0	0	0	0	0	0	0	0	0	0	0	0	0	0	0	0	0	708	0	0	0	0	0	0	0	2874	0	0	0	0	0	0	0	6784	0	1348	0	0	0	0	0	0	0	0	0	0	0	0	0	0	0	3038	0	0	0	0	0	0	0	0	0	0	0	0	0	0	0	228	0	1514	0	0	0	0	0	0	0	0	0	136	0	0	0	0	0	1652	0	0	0	0	0	0	0	0	0	0	0	0	0	0	0	0	0	0	0	0	0	0	0	0	0	0	0	
91896	Amygdala_R	0	0	0	898	0	856	0	0	0	0	0	0	0	0	0	0	0	0	0	0	0	432	0	852	0	864	0	74	0	1800	0	0	0	0	0	0	0	13462	0	5666	0	0	0	0	0	0	0	0	0	0	0	0	0	0	0	9304	0	0	0	0	0	0	0	0	0	0	0	0	0	0	0	118	0	2230	0	0	0	148	0	0	0	0	0	1758	0	980	0	1946	0	4560	0	0	0	0	0	0	0	0	0	0	0	0	0	0	0	0	0	0	0	0	0	0	0	0	0	0	
296908	Calcarine_L	966	0	0	0	0	0	0	0	0	0	0	0	0	0	0	0	0	0	0	0	0	0	0	0	0	0	0	0	198	0	0	0	1144	0	8602	0	5472	0	3652	0	0	0	0	7632	17598	6392	17226	2148	11510	2124	25398	292	10412	370	3356	172	88	0	100	0	234	0	0	0	0	0	19438	912	1430	0	0	0	0	0	0	0	0	0	94	0	0	0	0	0	1150	0	0	0	344	0	0	0	0	0	0	0	0	0	0	0	0	0	0	0	0	0	0	0	0	0	0	0	0	0	0	0	
348612	Calcarine_R	0	876	0	0	0	0	0	0	0	0	0	76	0	0	0	0	0	72	0	2060	0	0	0	0	0	0	0	0	0	208	0	0	204	2802	0	2812	0	1626	0	1810	0	0	7632	0	4672	29478	1212	23900	0	19694	0	13804	0	10590	0	11948	0	2112	0	520	0	1296	0	214	0	138	2100	25296	190	3756	0	0	0	0	0	0	0	0	0	0	0	0	0	0	0	1592	0	0	0	1206	0	0	0	0	0	0	0	142	0	0	0	0	0	0	0	0	0	0	0	0	268	0	0	0	0	0	
193296	Cuneus_L	1112	0	0	0	0	0	0	0	0	0	0	0	0	0	0	0	0	0	0	0	0	0	0	0	0	0	0	0	0	0	0	0	752	0	2932	0	1028	0	770	0	0	0	17598	4672	0	7068	2748	450	20406	1630	14238	586	2846	0	390	0	0	0	1266	0	228	0	0	0	0	0	11304	1716	1682	0	0	0	0	0	0	0	0	0	0	0	0	0	0	0	922	0	0	0	228	0	0	0	0	0	0	0	0	0	0	0	0	0	0	0	0	0	0	0	0	0	76	0	0	0	0	0	
265444	Cuneus_R	0	350	0	0	0	0	0	0	0	0	0	0	0	0	0	0	0	102	0	1050	0	0	0	0	0	0	0	0	0	124	0	0	134	2862	94	1010	0	104	0	132	0	0	6392	29478	7068	0	414	4508	0	28258	0	10932	0	2334	0	1856	0	2486	0	1992	0	1338	0	358	0	184	3812	21620	146	1780	0	0	0	0	0	0	0	0	0	0	0	92	0	0	0	1448	0	0	0	144	0	0	0	0	0	0	0	0	0	0	0	0	0	0	0	0	0	0	0	0	120	0	0	0	0	0	
230672	Lingual_L	386	0	0	0	0	0	0	0	0	0	0	0	0	0	0	0	0	0	0	0	0	0	0	0	0	0	0	0	0	0	0	0	148	0	4068	0	3296	0	3414	0	0	0	17226	1212	2748	414	0	2082	5334	154	15806	0	10180	0	12774	80	0	0	0	0	88	0	0	0	0	0	6116	0	324	0	0	0	0	0	0	0	80	0	0	0	0	0	0	0	404	0	0	0	136	0	3660	1444	322	96	0	0	7128	0	8638	1366	250	0	236	0	0	0	0	0	0	166	2142	2444	974	0	0	0	
241324	Lingual_R	0	172	0	0	0	0	0	0	0	0	0	0	0	0	0	0	0	0	0	558	0	0	0	0	0	0	0	0	0	122	0	0	0	938	194	3564	74	3802	0	3746	0	0	2148	23900	450	4508	2082	0	0	2770	0	2166	0	4484	562	16114	0	390	0	0	0	166	0	0	0	0	256	11634	0	1124	0	0	0	0	0	0	320	0	0	0	0	0	0	0	0	214	0	0	0	562	1816	5312	298	268	0	78	1052	4750	2688	7578	0	0	134	0	0	0	0	0	0	0	3818	5068	782	0	0	0	
186432	Occipital_Sup_L	0	0	0	0	0	0	0	0	0	0	0	0	0	0	0	0	0	0	0	0	0	0	0	0	0	0	0	0	0	0	0	0	360	0	616	0	0	0	0	0	0	0	11510	0	20406	0	5334	0	0	0	30830	0	5230	0	510	0	0	0	5568	0	610	0	0	0	352	0	10290	122	84	0	0	0	0	0	0	0	0	0	0	0	0	0	0	0	1394	0	0	0	0	0	0	0	0	0	0	0	0	0	0	0	0	0	0	0	0	0	0	0	0	0	0	0	0	0	0	0	
247288	Occipital_Sup_R	0	108	0	0	0	0	0	0	0	0	0	0	0	0	0	0	0	182	0	548	0	0	0	0	0	0	0	0	0	110	0	0	0	2000	0	818	0	0	0	0	0	0	2124	19694	1630	28258	154	2770	0	0	0	21544	0	3990	0	3294	0	2366	0	6678	0	4840	0	592	0	3060	1408	14100	0	1584	0	0	0	0	0	0	0	0	0	94	0	250	0	0	0	1370	0	0	0	78	0	0	0	0	0	0	0	0	0	0	0	0	0	0	0	0	0	0	0	0	0	0	0	0	0	0	
523168	Occipital_Mid_L	1362	0	0	0	0	0	0	0	0	0	0	0	0	0	0	0	1382	0	0	0	0	0	0	0	0	0	0	0	594	0	0	0	4290	0	2932	0	1024	0	800	0	0	0	25398	0	14238	0	15806	0	30830	0	0	0	24594	0	8354	0	7590	0	21362	0	26594	0	1490	0	20132	0	20392	82	2588	0	0	0	0	0	0	0	74	0	154	0	1500	0	0	0	21852	0	0	0	6012	0	86	0	0	0	0	0	0	0	72	0	0	0	0	0	0	0	0	0	0	0	0	0	0	0	0	0	
245496	Occipital_Mid_R	0	264	0	0	0	0	0	0	0	0	0	0	0	0	0	0	0	112	0	458	0	0	0	0	0	0	0	0	0	108	0	0	0	738	0	302	0	74	0	116	0	0	292	13804	586	10932	0	2166	0	21544	0	0	0	7230	0	3490	0	1556	0	5588	0	13080	0	732	0	14574	432	8356	0	1172	0	0	0	0	0	0	0	0	0	0	0	370	0	0	0	13586	0	0	0	1086	0	0	0	0	0	0	0	0	0	0	0	0	0	0	0	0	0	0	0	0	0	0	0	0	0	0	
161508	Occipital_Inf_L	232	0	0	0	0	0	0	0	0	0	0	0	0	0	0	0	196	0	0	0	0	0	0	0	0	0	0	0	322	0	0	0	114	0	750	0	486	0	372	0	0	0	10412	0	2846	0	10180	0	5230	0	24594	0	0	0	10244	0	90	0	0	0	482	0	86	0	416	0	2266	0	332	0	0	0	0	0	0	0	0	0	420	0	324	0	0	0	4266	0	0	0	4684	0	164	0	0	0	0	0	350	0	490	0	0	0	0	0	0	0	0	0	0	0	276	130	0	0	0	0	
110244	Occipital_Inf_R	0	378	0	0	0	0	0	0	0	0	0	0	0	0	0	0	0	72	0	554	0	0	0	0	0	0	0	0	0	318	0	0	0	306	0	582	0	466	0	1002	0	0	370	10590	0	2334	0	4484	0	3990	0	7230	0	0	0	8594	0	684	0	252	0	1296	0	206	0	0	0	4888	0	836	0	0	0	0	0	0	0	0	0	0	0	112	0	0	0	2520	0	0	0	2914	0	0	0	0	0	0	0	0	0	144	0	0	0	0	0	0	0	0	0	0	0	0	0	0	0	0	
295856	Fusiform_L	324	0	84	0	0	0	0	0	0	0	0	0	0	0	0	0	140	0	0	0	120	0	0	0	0	0	0	0	3398	0	0	0	0	0	1292	0	12596	0	5506	0	3038	0	3356	0	390	0	12774	562	510	0	8354	0	10244	0	0	0	208	0	0	0	136	0	0	0	0	0	1476	0	350	0	0	0	1326	0	0	0	112	0	1628	0	986	0	880	0	1924	0	204	0	11674	0	15746	450	2488	174	0	76	11306	178	22426	466	1530	0	2254	0	0	88	0	0	128	0	2474	2638	1388	264	262	0	
389708	Fusiform_R	198	1818	0	80	0	0	0	0	0	0	0	280	0	0	0	0	0	340	0	800	0	110	0	0	0	0	0	0	0	3820	0	0	0	336	324	4506	0	28898	0	22836	0	9304	172	11948	0	1856	80	16114	0	3294	0	3490	0	8594	0	0	0	578	0	114	0	300	0	122	0	0	146	7404	146	1070	76	0	0	4200	0	178	334	520	0	682	0	344	0	2464	0	3640	0	2802	0	20102	758	8204	80	434	0	178	92	4924	780	10608	0	110	92	86	0	0	0	0	0	0	1192	2602	294	0	0	0	
250840	Postcentral_L	19690	102	1210	0	0	0	648	0	0	0	2146	0	446	0	0	0	9184	0	778	0	0	0	0	0	0	0	0	0	6812	0	520	0	1236	0	410	0	278	0	0	0	0	0	88	0	0	0	0	0	0	0	7590	0	90	0	208	0	0	0	15778	0	25088	0	10164	0	5048	0	5534	0	3214	0	1666	166	86	0	0	0	0	0	1938	0	3846	0	0	0	1042	0	0	0	414	0	0	0	0	0	0	0	0	0	0	0	0	0	0	0	0	0	0	0	0	0	0	0	0	0	0	0	
200332	Postcentral_R	270	17104	128	456	0	0	234	396	0	0	0	2288	0	1158	0	0	0	4800	122	1420	0	0	0	0	0	0	0	0	0	526	0	0	0	2028	0	358	0	510	0	198	0	0	0	2112	0	2486	0	390	0	2366	0	1556	0	684	0	578	0	0	0	5678	0	5812	0	14430	0	358	0	12500	0	5454	478	860	0	1128	0	0	178	858	0	270	0	598	0	0	0	6504	0	0	0	2892	0	0	0	0	0	0	0	0	0	0	0	0	0	0	0	0	0	0	0	0	0	0	0	0	0	0	
211992	Parietal_Sup_L	672	0	0	0	0	0	0	0	0	0	0	0	0	0	0	0	3288	0	0	0	0	0	0	0	0	0	0	0	2716	0	0	0	2346	0	126	0	0	0	0	0	0	0	100	0	1266	0	0	0	5568	0	21362	0	0	0	0	0	15778	0	0	0	22394	0	1996	0	6636	0	15396	208	2024	0	0	0	0	0	0	0	0	0	0	0	2014	0	0	0	1612	0	0	0	494	0	0	0	0	0	0	0	0	0	0	0	0	0	0	0	0	0	0	0	0	0	0	0	0	0	0	0	
111252	Parietal_Sup_R	0	0	0	0	0	0	0	0	0	0	0	0	0	0	0	0	0	0	0	948	0	0	0	0	0	0	0	0	0	0	0	0	0	1224	0	98	0	0	0	0	0	0	0	520	0	1992	0	0	0	6678	0	5588	0	252	0	114	0	5678	0	0	0	12632	0	1528	0	5840	206	9050	0	2372	0	0	0	0	0	0	0	0	0	0	0	0	0	0	0	772	0	0	0	134	0	0	0	0	0	0	0	0	0	0	0	0	0	0	0	0	0	0	0	0	0	0	0	0	0	0	
350668	Parietal_Inf_L	2208	0	252	0	0	0	126	0	0	0	74	0	0	0	0	0	3328	0	434	0	0	0	0	0	0	0	0	0	4686	0	82	0	1036	0	192	0	150	0	0	0	0	0	234	0	228	0	88	0	610	0	26594	0	482	0	136	0	25088	0	22394	0	0	0	19346	0	37462	0	3312	0	1630	0	108	0	0	0	0	0	0	0	296	0	2916	0	0	0	15420	0	0	0	6422	0	0	0	0	0	0	0	0	0	0	0	0	0	0	0	0	0	0	0	0	0	0	0	0	0	0	0	
168800	Parietal_Inf_R	0	562	0	92	0	0	0	0	0	0	0	0	0	0	0	0	0	180	104	684	0	0	0	0	0	0	0	0	0	0	0	0	0	420	0	0	0	0	0	0	0	0	0	1296	0	1338	0	166	0	4840	0	13080	0	1296	0	300	0	5812	0	12632	0	0	0	11372	0	14284	0	3370	0	1034	0	222	0	0	0	0	0	0	0	78	0	174	0	0	0	9406	0	0	0	1658	0	0	0	0	0	0	0	0	0	0	0	0	0	0	0	0	0	0	0	0	0	0	0	0	0	0	
122572	SupraMarginal_L	458	0	94	0	0	0	0	0	0	0	0	0	0	0	0	0	1514	0	446	0	0	0	0	0	0	0	0	0	638	0	0	0	0	0	0	0	88	0	0	0	0	0	0	0	0	0	0	0	0	0	1490	0	86	0	0	0	10164	0	1996	0	19346	0	0	0	9254	0	310	0	588	0	0	0	0	0	0	0	0	0	240	0	6162	0	0	0	7126	0	0	0	1286	0	0	0	0	0	0	0	0	0	0	0	0	0	0	0	0	0	0	0	0	0	0	0	0	0	0	0	
133068	SupraMarginal_R	0	2508	88	168	0	0	0	0	0	0	0	94	0	0	0	0	0	2394	110	682	0	0	0	0	0	0	0	0	0	268	0	0	0	130	0	0	0	0	0	0	0	0	0	214	0	358	0	0	0	592	0	732	0	206	0	122	0	14430	0	1528	0	11372	0	0	0	5000	0	1896	0	1058	0	416	0	0	0	0	0	0	0	278	0	5714	0	0	0	12250	0	0	0	3926	0	0	0	0	0	0	0	0	0	0	0	0	0	0	0	0	0	0	0	0	0	0	0	0	0	0	
216556	Angular_L	200	0	0	0	0	0	0	0	0	0	0	0	0	0	0	0	978	0	0	0	0	0	0	0	0	0	0	0	810	0	0	0	0	0	0	0	0	0	0	0	0	0	0	0	0	0	0	0	352	0	20132	0	416	0	0	0	5048	0	6636	0	37462	0	9254	0	0	0	820	0	346	0	0	0	0	0	0	0	0	0	0	0	1584	0	0	0	17934	0	0	0	6306	0	0	0	0	0	0	0	0	0	0	0	0	0	0	0	0	0	0	0	0	0	0	0	0	0	0	0	
100128	Angular_R	0	0	0	0	0	0	0	0	0	0	0	0	0	0	0	0	0	0	0	0	0	0	0	0	0	0	0	0	0	0	0	0	0	0	0	0	0	0	0	0	0	0	0	138	0	184	0	0	0	3060	0	14574	0	0	0	0	0	358	0	5840	0	14284	0	5000	0	0	0	278	0	0	0	0	0	0	0	0	0	0	0	0	0	2024	0	0	0	4206	0	0	0	118	0	0	0	0	0	0	0	0	0	0	0	0	0	0	0	0	0	0	0	0	0	0	0	0	0	0	
326840	Precuneus_L	2544	166	102	0	0	0	952	0	0	0	0	0	0	0	0	0	668	0	180	110	0	0	0	0	0	0	0	0	740	0	0	0	6806	1086	15294	1112	6992	82	4018	0	0	0	19438	2100	11304	3812	6116	256	10290	1408	20392	432	2266	0	1476	146	5534	0	15396	206	3312	0	310	0	820	0	0	6228	6304	304	90	82	158	0	0	0	1072	104	312	0	530	0	0	0	1836	0	0	0	534	0	0	0	0	0	0	0	0	0	0	0	0	0	0	0	0	0	0	0	0	0	0	0	0	0	0	0	
393352	Precuneus_R	134	1648	0	114	0	0	0	0	0	0	0	178	0	0	0	0	0	704	276	6098	0	0	0	0	0	0	0	0	0	518	0	0	606	10982	1562	9690	394	4664	0	3776	0	0	912	25296	1716	21620	0	11634	122	14100	82	8356	0	4888	0	7404	0	12500	208	9050	0	3370	0	1896	0	278	6228	0	500	14054	0	0	0	0	0	0	1070	120	0	256	0	652	0	0	0	5336	0	0	0	2166	0	0	0	0	0	0	0	688	0	0	0	0	0	0	0	0	0	0	0	0	830	0	0	0	0	0	
298792	Paracentral_Lobule_L	28178	2600	2366	1468	0	0	484	0	0	0	0	0	0	0	0	0	914	0	22740	10244	0	0	0	0	0	0	0	0	1266	134	0	0	5802	5990	11524	2018	2690	908	218	206	0	0	1430	190	1682	146	324	0	84	0	2588	0	332	0	350	146	3214	0	2024	0	1630	0	588	0	346	0	6304	500	0	3040	3808	888	4768	0	3538	0	9358	986	92	0	182	0	0	0	820	0	0	0	288	0	0	0	0	0	0	0	0	0	0	0	0	0	0	0	0	0	0	0	0	0	0	0	0	0	0	0	
209804	Paracentral_Lobule_R	3910	10992	124	0	0	0	786	0	0	0	0	86	0	0	0	0	0	298	858	22340	0	0	0	0	0	0	0	0	0	384	0	0	1602	13516	92	4276	0	248	0	340	0	0	0	3756	0	1780	0	1124	0	1584	0	1172	0	836	0	1070	0	5454	0	2372	0	1034	0	1058	0	0	304	14054	3040	0	348	98	106	0	0	0	382	788	0	182	0	622	0	0	0	2862	0	0	0	1024	0	0	0	0	0	0	0	0	0	0	0	0	0	0	0	0	0	0	0	0	0	0	0	0	0	0	
315020	Caudate_L	12088	3134	13446	2806	1146	0	6414	668	102	0	3800	234	422	0	734	0	1676	0	12420	3032	3830	4630	1308	394	242	0	3048	0	5518	392	10074	1520	162	0	962	1044	180	1432	0	190	228	0	0	0	0	0	0	0	0	0	0	0	0	0	0	76	1666	478	0	0	108	0	0	0	0	0	90	0	3808	348	0	13654	16766	1458	3356	152	14758	1928	100	0	482	0	1006	0	0	0	0	0	0	0	0	0	0	0	0	0	0	0	0	0	0	0	0	0	0	0	0	0	0	0	0	0	0	0	0	0	
336640	Caudate_R	2376	8302	4538	12674	0	884	2734	1848	0	0	1680	1454	266	952	0	200	348	600	4358	15364	2162	5852	1542	6068	0	3084	1608	3260	1534	3556	4300	22172	0	1216	0	134	0	934	0	0	0	118	0	0	0	0	0	0	0	0	0	0	0	0	0	0	166	860	0	0	0	222	0	416	0	0	82	0	888	98	13654	0	4822	12782	366	1570	1870	13394	0	208	202	120	386	0	0	96	0	0	0	0	0	0	0	0	0	0	0	0	0	0	0	0	0	0	0	0	0	0	0	0	0	0	0	0	0	0	
259436	Putamen_L	4562	422	13632	292	3138	0	1568	76	408	0	1382	0	444	0	1780	0	1160	0	13414	516	1744	2740	2160	72	76	0	2750	0	17720	0	7458	490	174	0	544	0	6480	204	760	0	1514	0	0	0	0	0	0	0	0	0	0	0	0	0	1326	0	86	0	0	0	0	0	0	0	0	0	158	0	4768	106	16766	4822	0	816	8062	0	2848	136	88	0	574	0	222	0	0	0	0	0	1260	0	0	0	0	0	0	0	0	0	0	0	0	0	0	0	0	0	0	0	0	0	0	0	0	0	0	0	
238168	Putamen_R	0	2612	540	9110	0	2022	0	2676	0	0	0	1654	0	1460	0	106	0	1392	492	2576	488	896	542	5912	0	4546	474	2510	0	14554	1560	14826	0	432	0	334	0	11152	0	2956	0	2230	0	0	0	0	0	0	0	0	0	0	0	0	0	4200	0	1128	0	0	0	0	0	0	0	0	0	0	0	0	1458	12782	816	0	0	2724	320	2254	0	338	0	196	0	128	0	826	0	98	0	3764	0	0	0	0	0	0	0	0	0	0	0	0	0	0	0	0	0	0	0	0	0	0	0	0	0	0	
66468	Pallidum_L	3288	222	3106	0	0	0	210	0	0	0	0	0	0	0	0	0	392	0	5556	164	0	0	0	0	0	0	0	0	512	0	0	0	156	0	246	0	2118	0	0	0	0	0	0	0	0	0	0	0	0	0	0	0	0	0	0	0	0	0	0	0	0	0	0	0	0	0	0	0	3538	0	3356	366	8062	0	0	0	1720	222	0	0	0	0	0	0	0	0	0	0	0	0	0	0	0	0	0	0	0	0	0	0	0	0	0	0	0	0	0	0	0	0	0	0	0	0	0	0	
20804	Pallidum_R	0	534	576	1008	0	0	0	352	0	0	0	0	0	0	0	0	0	82	454	1290	0	0	0	88	0	0	0	0	0	154	0	386	0	0	0	0	0	522	0	200	0	0	0	0	0	0	0	0	0	0	0	0	0	0	0	178	0	0	0	0	0	0	0	0	0	0	0	0	0	0	152	1570	0	2724	0	0	0	0	0	0	0	0	0	0	0	0	0	0	0	132	0	0	0	0	0	0	0	0	0	0	0	0	0	0	0	0	0	0	0	0	0	0	0	0	0	0	
201044	Thalamus_L	10496	1390	3494	394	0	0	3010	80	0	0	124	74	180	0	0	0	0	120	6452	462	0	0	0	0	0	0	0	0	3156	260	156	0	176	0	5392	8406	3246	5826	212	1670	0	0	0	0	0	0	80	320	0	0	74	0	0	0	112	334	0	178	0	0	0	0	0	0	0	0	1072	1070	9358	382	14758	1870	2848	320	1720	0	0	10064	92	116	0	0	0	0	314	0	0	0	316	0	0	0	0	0	0	0	0	274	0	0	0	0	0	0	0	0	0	0	0	0	74	0	0	0	0	0	
151340	Thalamus_R	1148	5198	1440	9866	0	0	898	248	0	0	0	276	0	0	0	0	0	516	1262	10966	0	0	0	0	0	0	0	0	0	980	90	98	0	100	834	3844	72	4736	0	940	0	148	0	0	0	0	0	0	0	0	0	0	0	0	0	520	0	858	0	0	0	0	0	0	0	0	104	120	986	788	1928	13394	136	2254	222	0	10064	0	0	292	0	112	0	0	0	0	0	0	0	232	0	0	0	0	0	0	0	0	0	0	0	0	0	0	0	0	0	0	0	0	0	0	0	0	0	0	
75300	Heschl_L	2614	0	918	0	0	0	266	106	0	0	1292	0	150	0	0	0	5028	0	234	0	0	0	0	0	0	0	0	0	7504	0	190	116	0	0	312	0	2050	0	0	0	0	0	94	0	0	0	0	0	0	0	154	0	420	0	1628	0	1938	0	0	0	296	0	240	0	0	0	312	0	92	0	100	0	88	0	0	0	92	0	0	0	5258	0	0	0	2376	0	0	0	3782	0	0	0	0	0	0	0	0	0	0	0	0	0	0	0	0	0	0	0	0	0	0	0	0	0	0	0	
38464	Heschl_R	0	200	0	148	0	0	0	0	0	0	0	162	0	98	0	0	0	3754	0	250	0	0	0	0	0	0	0	0	0	2026	0	0	0	0	0	188	0	834	0	552	0	0	0	0	0	0	0	0	0	94	0	0	0	0	0	682	0	270	0	0	0	78	0	278	0	0	0	256	0	182	0	208	0	338	0	0	116	292	0	0	0	5362	0	148	0	2200	0	0	0	516	0	0	0	0	0	0	0	0	0	0	0	0	0	0	0	0	0	0	0	0	0	0	0	0	0	0	
206592	Temporal_Sup_L	2094	76	2620	0	0	0	1082	76	0	0	4496	0	1380	0	92	0	9856	0	1174	0	0	0	158	0	0	0	0	0	11164	0	320	122	94	0	0	0	428	0	78	0	0	0	0	0	0	0	0	0	0	0	1500	0	324	0	986	0	3846	0	2014	0	2916	0	6162	0	1584	0	530	0	182	0	482	202	574	0	0	0	0	0	5258	0	0	0	7240	0	23768	0	0	0	10418	0	0	0	0	0	0	0	0	0	0	0	0	0	0	0	0	0	0	0	0	0	0	0	0	0	0	0	
88520	Temporal_Sup_R	0	224	0	94	0	0	0	0	0	0	0	240	0	106	0	88	0	2908	0	494	0	0	0	0	0	0	0	0	0	4186	0	0	0	154	0	0	0	198	0	114	0	0	0	0	0	92	0	0	0	250	0	370	0	112	0	344	0	598	0	0	0	174	0	5714	0	2024	0	652	0	622	0	120	0	196	0	0	0	112	0	5362	0	0	0	3440	0	13420	0	376	0	1476	0	0	0	0	0	0	0	0	0	0	0	0	0	0	0	0	0	0	0	0	0	0	0	0	0	0	
125344	Temporal_Pole_Sup_L	378	122	3454	0	692	0	1348	76	1596	0	7242	0	3558	0	3366	0	6472	0	1446	0	74	0	314	0	0	0	0	0	6674	0	154	108	0	0	0	0	374	0	0	0	136	0	0	0	0	0	0	0	0	0	0	0	0	0	880	0	0	0	0	0	0	0	0	0	0	0	0	0	0	0	1006	386	222	0	0	0	0	0	0	0	7240	0	0	0	5956	0	1924	0	7474	0	0	0	0	0	0	0	0	0	0	0	0	0	0	0	0	0	0	0	0	0	0	0	0	0	0	0	
38200	Temporal_Pole_Sup_R	0	0	0	0	0	0	0	0	0	0	0	132	0	0	0	184	0	302	0	0	0	110	0	0	0	0	0	0	0	1156	0	0	0	0	0	0	0	1076	0	350	0	1758	0	0	0	0	0	0	0	0	0	0	0	0	0	2464	0	0	0	0	0	0	0	0	0	0	0	0	0	0	0	0	0	128	0	0	0	0	0	148	0	3440	0	0	0	2946	0	2604	0	2302	0	0	0	0	0	0	0	0	0	0	0	0	0	0	0	0	0	0	0	0	0	0	0	0	0	0	
301680	Temporal_Mid_L	610	0	0	0	0	0	0	0	0	0	0	0	0	0	0	0	2190	0	0	0	0	0	0	0	0	0	0	0	3718	0	0	0	230	0	604	0	1166	0	232	0	0	0	1150	0	922	0	404	0	1394	0	21852	0	4266	0	1924	0	1042	0	1612	0	15420	0	7126	0	17934	0	1836	0	820	0	0	0	0	0	0	0	314	0	2376	0	23768	0	5956	0	0	0	2150	0	29824	0	0	0	0	0	0	0	0	0	0	0	0	0	0	0	0	0	0	0	0	0	0	0	0	0	0	0	
253856	Temporal_Mid_R	0	1230	0	0	0	0	0	0	0	0	0	0	0	0	0	76	0	1134	0	1830	0	0	0	0	0	0	0	0	0	1578	0	0	0	694	0	384	0	3190	0	598	0	980	0	1592	0	1448	0	214	0	1370	0	13586	0	2520	0	3640	0	6504	0	772	0	9406	0	12250	0	4206	0	5336	0	2862	0	96	0	826	0	0	0	0	0	2200	0	13420	0	2946	0	0	0	4334	0	25706	0	0	0	0	0	0	0	0	0	0	0	0	0	0	0	0	0	0	0	0	0	0	0	0	0	0	
14104	Temporal_Pole_Mid_L	0	0	0	0	0	0	0	0	0	0	0	0	0	0	0	0	0	0	0	0	0	0	0	0	0	0	0	0	0	0	0	0	0	0	0	0	0	0	0	0	0	0	0	0	0	0	0	0	0	0	0	0	0	0	204	0	0	0	0	0	0	0	0	0	0	0	0	0	0	0	0	0	0	0	0	0	0	0	0	0	0	0	1924	0	2150	0	0	0	2774	0	0	0	0	0	0	0	0	0	0	0	0	0	0	0	0	0	0	0	0	0	0	0	0	0	0	0	
40200	Temporal_Pole_Mid_R	0	0	0	0	0	0	0	0	0	0	0	0	0	0	0	0	0	0	0	0	0	0	0	0	0	0	0	0	0	120	0	0	0	0	0	0	0	1796	0	352	0	1946	0	0	0	0	0	0	0	0	0	0	0	0	0	2802	0	0	0	0	0	0	0	0	0	0	0	0	0	0	0	0	0	98	0	0	0	0	0	0	0	376	0	2604	0	4334	0	0	0	5672	0	0	0	0	0	0	0	0	0	0	0	0	0	0	0	0	0	0	0	0	0	0	0	0	0	0	
235900	Temporal_Inf_L	458	0	356	0	0	0	326	0	0	0	104	0	470	0	98	0	692	0	244	0	0	0	76	0	0	0	0	0	7446	0	150	0	0	0	210	0	8992	0	508	0	1652	0	344	0	228	0	136	0	0	0	6012	0	4684	0	11674	0	414	0	494	0	6422	0	1286	0	6306	0	534	0	288	0	0	0	1260	0	0	0	316	0	3782	0	10418	0	7474	0	29824	0	2774	0	0	0	968	0	204	0	0	0	0	0	0	0	168	0	158	0	0	0	0	0	0	0	0	0	0	0	0	0	
225100	Temporal_Inf_R	0	1194	0	0	0	0	0	0	0	0	0	134	0	0	0	0	0	388	0	742	0	0	0	0	0	0	0	0	0	4038	0	0	0	294	0	1482	0	15630	0	5506	0	4560	0	1206	0	144	0	562	0	78	0	1086	0	2914	0	20102	0	2892	0	134	0	1658	0	3926	0	118	0	2166	0	1024	0	0	0	3764	0	132	0	232	0	516	0	1476	0	2302	0	25706	0	5672	0	0	0	560	0	0	0	0	0	78	0	134	0	0	0	0	0	0	0	0	0	0	0	0	0	0	0	0	
459144	Cerebelum_Crus1_L	0	0	0	0	0	0	0	0	0	0	0	0	0	0	0	0	0	0	0	0	0	0	0	0	0	0	0	0	0	0	0	0	0	0	0	0	74	0	320	0	0	0	0	0	0	0	3660	1816	0	0	86	0	164	0	15746	758	0	0	0	0	0	0	0	0	0	0	0	0	0	0	0	0	0	0	0	0	0	0	0	0	0	0	0	0	0	0	0	0	968	0	0	8186	31120	6576	262	1792	19492	3410	44038	7552	14050	588	19014	4732	2944	1336	228	186	1202	934	3904	9610	19242	3004	2270	308	
351412	Cerebelum_Crus1_R	0	0	0	0	0	0	0	0	0	0	0	0	0	0	0	0	0	0	0	0	0	0	0	0	0	0	0	0	0	0	0	0	0	0	0	0	0	0	0	0	0	0	0	0	0	0	1444	5312	0	0	0	0	0	0	450	8204	0	0	0	0	0	0	0	0	0	0	0	0	0	0	0	0	0	0	0	0	0	0	0	0	0	0	0	0	0	0	0	0	0	560	8186	0	5646	30422	0	2374	984	17096	5532	40212	628	8024	846	12712	180	1740	0	0	238	434	5098	8154	10476	562	192	0	
306088	Cerebelum_Crus2_L	0	0	0	0	0	0	0	0	0	0	0	0	0	0	0	0	0	0	0	0	0	0	0	0	0	0	0	0	0	0	0	0	0	0	0	0	0	0	240	0	0	0	0	0	0	0	322	298	0	0	0	0	0	0	2488	80	0	0	0	0	0	0	0	0	0	0	0	0	0	0	0	0	0	0	0	0	0	0	0	0	0	0	0	0	0	0	0	0	204	0	31120	5646	0	8348	0	558	2354	1194	7866	2338	31166	3532	28894	2492	3408	792	0	98	408	206	542	1866	12060	3008	1516	0	
266076	Cerebelum_Crus2_R	0	0	0	0	0	0	0	0	0	0	0	0	0	0	0	0	0	0	0	0	0	0	0	0	0	0	0	0	0	0	0	0	0	0	0	0	0	0	0	0	0	0	0	0	0	0	96	268	0	0	0	0	0	0	174	434	0	0	0	0	0	0	0	0	0	0	0	0	0	0	0	0	0	0	0	0	0	0	0	0	0	0	0	0	0	0	0	0	0	0	6576	30422	8348	0	0	1150	1852	5144	2456	8338	3466	19020	4060	20610	1678	788	0	236	134	260	290	926	11770	3732	810	0	
11268	Cerebelum_3_L	0	0	0	0	0	0	0	0	0	0	0	0	0	0	0	0	0	0	0	0	0	0	0	0	0	0	0	0	0	0	0	0	0	0	0	0	0	0	0	0	0	0	0	0	0	0	0	0	0	0	0	0	0	0	0	0	0	0	0	0	0	0	0	0	0	0	0	0	0	0	0	0	0	0	0	0	0	0	0	0	0	0	0	0	0	0	0	0	0	0	262	0	0	0	0	0	4002	0	400	0	0	0	0	0	0	0	0	0	100	642	154	0	74	0	0	0	
57632	Cerebelum_3_R	0	0	0	0	0	0	0	0	0	0	0	0	0	0	0	0	0	0	0	0	0	0	0	0	0	0	0	0	0	0	0	0	0	0	0	0	0	0	0	84	0	0	0	0	0	0	0	78	0	0	0	0	0	0	76	178	0	0	0	0	0	0	0	0	0	0	0	0	0	0	0	0	0	0	0	0	0	0	0	0	0	0	0	0	0	0	0	0	0	0	1792	2374	558	1150	0	0	520	5704	636	4720	180	124	646	2150	560	292	156	0	182	2754	278	282	2622	392	328	0	
239796	Cerebelum_4_5_L	0	0	0	0	0	0	0	0	0	0	0	0	0	0	0	0	0	0	0	0	0	0	0	0	0	0	0	0	0	0	0	0	0	0	0	0	0	0	168	0	0	0	0	0	0	0	7128	1052	0	0	0	0	350	0	11306	92	0	0	0	0	0	0	0	0	0	0	0	0	0	0	0	0	0	0	0	0	0	0	0	0	0	0	0	0	0	0	0	0	0	0	19492	984	2354	1852	4002	520	0	1920	30562	1960	2004	0	2498	2116	4342	1082	682	0	614	920	9282	3326	5170	2062	1600	458	
216532	Cerebelum_4_5_R	0	0	0	0	0	0	0	0	0	0	0	0	0	0	0	0	0	0	0	0	0	0	0	0	0	0	0	0	0	0	0	0	0	0	164	470	0	950	0	1790	0	0	0	142	0	0	0	4750	0	0	0	0	0	0	178	4924	0	0	0	0	0	0	0	0	0	0	0	688	0	0	0	0	0	0	0	0	274	0	0	0	0	0	0	0	0	0	0	0	0	78	3410	17096	1194	5144	0	5704	1920	0	1682	26932	498	702	1108	4956	1866	1394	156	88	114	1726	6312	1494	6002	2484	1876	0	
377076	Cerebelum_6_L	0	0	0	0	0	0	0	0	0	0	0	0	0	0	0	0	0	0	0	0	0	0	0	0	0	0	0	0	0	0	0	0	0	0	0	0	210	0	562	0	0	0	0	0	0	0	8638	2688	0	0	72	0	490	0	22426	780	0	0	0	0	0	0	0	0	0	0	0	0	0	0	0	0	0	0	0	0	0	0	0	0	0	0	0	0	0	0	0	0	0	0	44038	5532	7866	2456	400	636	30562	1682	0	6468	5318	0	7010	1772	3084	868	608	82	864	436	7568	12352	9176	1646	1498	750	
317936	Cerebelum_6_R	0	0	0	0	0	0	0	0	0	0	0	0	0	0	0	0	0	0	0	0	0	0	0	0	0	0	0	0	0	0	0	0	0	0	0	0	0	0	0	266	0	0	0	0	0	0	1366	7578	0	0	0	0	0	144	466	10608	0	0	0	0	0	0	0	0	0	0	0	0	0	0	0	0	0	0	0	0	0	0	0	0	0	0	0	0	0	0	0	0	0	134	7552	40212	2338	8338	0	4720	1960	26932	6468	0	278	1256	886	4928	1074	270	116	194	918	1160	7354	11126	8940	834	414	138	
206992	Cerebelum_7b_L	0	0	0	0	0	0	0	0	0	0	0	0	0	0	0	0	0	0	0	0	0	0	0	0	0	0	0	0	0	0	0	0	0	0	0	0	0	0	84	0	0	0	0	0	0	0	250	0	0	0	0	0	0	0	1530	0	0	0	0	0	0	0	0	0	0	0	0	0	0	0	0	0	0	0	0	0	0	0	0	0	0	0	0	0	0	0	0	0	168	0	14050	628	31166	3466	0	180	2004	498	5318	278	0	2132	26780	772	3772	580	0	0	192	0	396	1024	4434	2576	1218	0	
118348	Cerebelum_7b_R	0	0	0	0	0	0	0	0	0	0	0	0	0	0	0	0	0	0	0	0	0	0	0	0	0	0	0	0	0	0	0	0	0	0	0	0	0	0	0	0	0	0	0	0	0	0	0	0	0	0	0	0	0	0	0	110	0	0	0	0	0	0	0	0	0	0	0	0	0	0	0	0	0	0	0	0	0	0	0	0	0	0	0	0	0	0	0	0	0	0	588	8024	3532	19020	0	124	0	702	0	1256	2132	0	2040	15694	260	1642	0	0	0	0	0	0	2436	1540	74	0	
258300	Cerebelum_8_L	0	0	0	0	0	0	0	0	0	0	0	0	0	0	0	0	0	0	0	0	0	0	0	0	0	0	0	0	0	0	0	0	0	0	0	0	0	0	278	0	0	0	0	0	0	0	236	134	0	0	0	0	0	0	2254	92	0	0	0	0	0	0	0	0	0	0	0	0	0	0	0	0	0	0	0	0	0	0	0	0	0	0	0	0	0	0	0	0	158	0	19014	846	28894	4060	0	646	2498	1108	7010	886	26780	2040	0	2124	12654	1100	424	0	278	418	540	1342	7328	4000	2008	0	
200976	Cerebelum_8_R	0	0	0	0	0	0	0	0	0	0	0	0	0	0	0	0	0	0	0	0	0	0	0	0	0	0	0	0	0	0	0	0	0	0	0	0	0	0	0	0	0	0	0	0	0	0	0	0	0	0	0	0	0	0	0	86	0	0	0	0	0	0	0	0	0	0	0	0	0	0	0	0	0	0	0	0	0	0	0	0	0	0	0	0	0	0	0	0	0	0	4732	12712	2492	20610	0	2150	2116	4956	1772	4928	772	15694	2124	0	2242	9244	160	500	96	962	210	126	7870	2860	1074	0	
108492	Cerebelum_9_L	0	0	0	0	0	0	0	0	0	0	0	0	0	0	0	0	0	0	0	0	0	0	0	0	0	0	0	0	0	0	0	0	0	0	0	0	0	0	0	0	0	0	0	0	0	0	0	0	0	0	0	0	0	0	0	0	0	0	0	0	0	0	0	0	0	0	0	0	0	0	0	0	0	0	0	0	0	0	0	0	0	0	0	0	0	0	0	0	0	0	2944	180	3408	1678	0	560	4342	1866	3084	1074	3772	260	12654	2242	0	1798	1402	0	204	386	1018	1102	4208	3202	2360	502	
75840	Cerebelum_9_R	0	0	0	0	0	0	0	0	0	0	0	0	0	0	0	0	0	0	0	0	0	0	0	0	0	0	0	0	0	0	0	0	0	0	0	0	0	0	0	0	0	0	0	0	0	0	0	0	0	0	0	0	0	0	88	0	0	0	0	0	0	0	0	0	0	0	0	0	0	0	0	0	0	0	0	0	0	0	0	0	0	0	0	0	0	0	0	0	0	0	1336	1740	792	788	0	292	1082	1394	868	270	580	1642	1100	9244	1798	0	0	876	94	0	512	1404	3086	3684	3852	1398	
8624	Cerebelum_10_L	0	0	0	0	0	0	0	0	0	0	0	0	0	0	0	0	0	0	0	0	0	0	0	0	0	0	0	0	0	0	0	0	0	0	0	0	0	0	0	0	0	0	0	0	0	0	0	0	0	0	0	0	0	0	0	0	0	0	0	0	0	0	0	0	0	0	0	0	0	0	0	0	0	0	0	0	0	0	0	0	0	0	0	0	0	0	0	0	0	0	228	0	0	0	0	156	682	156	608	116	0	0	424	160	1402	0	0	0	0	166	0	0	214	0	0	0	
5016	Cerebelum_10_R	0	0	0	0	0	0	0	0	0	0	0	0	0	0	0	0	0	0	0	0	0	0	0	0	0	0	0	0	0	0	0	0	0	0	0	0	0	0	0	0	0	0	0	0	0	0	0	0	0	0	0	0	0	0	0	0	0	0	0	0	0	0	0	0	0	0	0	0	0	0	0	0	0	0	0	0	0	0	0	0	0	0	0	0	0	0	0	0	0	0	186	0	98	236	0	0	0	88	82	194	0	0	0	500	0	876	0	0	0	0	0	0	248	0	0	0	
28224	Vermis_1_2	0	0	0	0	0	0	0	0	0	0	0	0	0	0	0	0	0	0	0	0	0	0	0	0	0	0	0	0	0	0	0	0	0	0	0	0	0	0	0	0	0	0	0	0	0	0	0	0	0	0	0	0	0	0	128	0	0	0	0	0	0	0	0	0	0	0	0	0	0	0	0	0	0	0	0	0	0	0	0	0	0	0	0	0	0	0	0	0	0	0	1202	238	408	134	100	182	614	114	864	918	192	0	278	96	204	94	0	0	0	3170	2032	1502	1310	254	78	0	
34252	Vermis_3	0	0	0	0	0	0	0	0	0	0	0	0	0	0	0	0	0	0	0	0	0	0	0	0	0	0	0	0	0	0	0	0	0	0	0	0	104	0	166	0	0	0	0	0	0	0	166	0	0	0	0	0	0	0	0	0	0	0	0	0	0	0	0	0	0	0	0	0	0	0	0	0	0	0	0	0	0	0	0	0	0	0	0	0	0	0	0	0	0	0	934	434	206	260	642	2754	920	1726	436	1160	0	0	418	962	386	0	166	0	3170	0	820	132	1164	0	0	0	
133400	Vermis_4_5	0	0	0	0	0	0	0	0	0	0	0	0	0	0	0	0	0	0	0	0	0	0	0	0	0	0	0	0	0	0	0	0	0	0	94	508	0	488	0	0	0	0	0	268	76	120	2142	3818	0	0	0	0	276	0	2474	1192	0	0	0	0	0	0	0	0	0	0	0	830	0	0	0	0	0	0	0	0	74	0	0	0	0	0	0	0	0	0	0	0	0	0	3904	5098	542	290	154	278	9282	6312	7568	7354	396	0	540	210	1018	512	0	0	2032	820	0	5072	1312	374	222	1050	
172964	Vermis_6	0	0	0	0	0	0	0	0	0	0	0	0	0	0	0	0	0	0	0	0	0	0	0	0	0	0	0	0	0	0	0	0	0	0	0	0	0	0	0	0	0	0	0	0	0	0	2444	5068	0	0	0	0	130	0	2638	2602	0	0	0	0	0	0	0	0	0	0	0	0	0	0	0	0	0	0	0	0	0	0	0	0	0	0	0	0	0	0	0	0	0	0	9610	8154	1866	926	0	282	3326	1494	12352	11126	1024	0	1342	126	1102	1404	0	0	1502	132	5072	0	6550	2114	1970	2126	
284456	Vermis_7	0	0	0	0	0	0	0	0	0	0	0	0	0	0	0	0	0	0	0	0	0	0	0	0	0	0	0	0	0	0	0	0	0	0	0	0	0	0	0	0	0	0	0	0	0	0	974	782	0	0	0	0	0	0	1388	294	0	0	0	0	0	0	0	0	0	0	0	0	0	0	0	0	0	0	0	0	0	0	0	0	0	0	0	0	0	0	0	0	0	0	19242	10476	12060	11770	74	2622	5170	6002	9176	8940	4434	2436	7328	7870	4208	3086	214	248	1310	1164	1312	6550	0	7714	4894	490	
