data	data	470056	293796	922084	841368	199080	94512	501308	423152	97332	105864	277988	228088	354692	200368	166984	139808	267040	130876	675492	710732	80132	78016	516796	527008	36408	82064	62420	53824	653532	340388	430600	688912	227928	514628	131956	158936	274036	362280	108964	248460	34540	61572	197812	368992	144456	300200	215708	277732	180904	389244	441572	331496	93996	81664	345132	480916	323072	139680	101632	92520	218272	79876	158644	69296	138740	112672	210228	333264	121748	78780	245160	364308	320360	291460	45596	30796	146036	170076	67068	38804	240196	117852	126628	71760	285048	223996	35952	28480	249556	177044	531672	364356	320160	308836	57316	79520	340820	289544	523492	383072	188188	119152	278964	312608	164384	159356	42544	20116	29788	56984	246196	252892	233556	110528	80856	25136	
data	data	Precentral_L	Precentral_R	Frontal_Sup_L	Frontal_Sup_R	Frontal_Sup_Orb_L	Frontal_Sup_Orb_R	Frontal_Mid_L	Frontal_Mid_R	Frontal_Mid_Orb_L	Frontal_Mid_Orb_R	Frontal_Inf_Oper_L	Frontal_Inf_Oper_R	Frontal_Inf_Tri_L	Frontal_Inf_Tri_R	Frontal_Inf_Orb_L	Frontal_Inf_Orb_R	Rolandic_Oper_L	Rolandic_Oper_R	Supp_Motor_Area_L	Supp_Motor_Area_R	Olfactory_L	Olfactory_R	Frontal_Sup_Medial_L	Frontal_Sup_Medial_R	Frontal_Med_Orb_L	Frontal_Med_Orb_R	Rectus_L	Rectus_R	Insula_L	Insula_R	Cingulum_Ant_L	Cingulum_Ant_R	Cingulum_Mid_L	Cingulum_Mid_R	Cingulum_Post_L	Cingulum_Post_R	Hippocampus_L	Hippocampus_R	ParaHippocampal_L	ParaHippocampal_R	Amygdala_L	Amygdala_R	Calcarine_L	Calcarine_R	Cuneus_L	Cuneus_R	Lingual_L	Lingual_R	Occipital_Sup_L	Occipital_Sup_R	Occipital_Mid_L	Occipital_Mid_R	Occipital_Inf_L	Occipital_Inf_R	Fusiform_L	Fusiform_R	Postcentral_L	Postcentral_R	Parietal_Sup_L	Parietal_Sup_R	Parietal_Inf_L	Parietal_Inf_R	SupraMarginal_L	SupraMarginal_R	Angular_L	Angular_R	Precuneus_L	Precuneus_R	Paracentral_Lobule_L	Paracentral_Lobule_R	Caudate_L	Caudate_R	Putamen_L	Putamen_R	Pallidum_L	Pallidum_R	Thalamus_L	Thalamus_R	Heschl_L	Heschl_R	Temporal_Sup_L	Temporal_Sup_R	Temporal_Pole_Sup_L	Temporal_Pole_Sup_R	Temporal_Mid_L	Temporal_Mid_R	Temporal_Pole_Mid_L	Temporal_Pole_Mid_R	Temporal_Inf_L	Temporal_Inf_R	Cerebelum_Crus1_L	Cerebelum_Crus1_R	Cerebelum_Crus2_L	Cerebelum_Crus2_R	Cerebelum_3_L	Cerebelum_3_R	Cerebelum_4_5_L	Cerebelum_4_5_R	Cerebelum_6_L	Cerebelum_6_R	Cerebelum_7b_L	Cerebelum_7b_R	Cerebelum_8_L	Cerebelum_8_R	Cerebelum_9_L	Cerebelum_9_R	Cerebelum_10_L	Cerebelum_10_R	Vermis_1_2	Vermis_3	Vermis_4_5	Vermis_6	Vermis_7	Vermis_8	Vermis_9	Vermis_10	
470056	Precentral_L	0	3946	10106	904	0	0	21132	0	0	0	21720	0	2500	0	0	0	14798	0	7606	5258	0	0	1184	80	0	0	0	0	12140	0	2314	246	3650	1728	5076	1762	7792	1086	1710	486	0	0	628	0	726	0	358	0	966	0	5764	0	360	0	848	146	41142	0	1802	0	4068	0	780	0	572	0	2518	184	13424	920	1790	2236	7684	0	698	0	9360	3120	1892	0	2798	0	876	0	1414	0	0	0	730	0	0	0	0	0	0	0	0	0	0	0	0	0	0	0	0	0	0	0	0	0	0	0	0	0	0	0	
293796	Precentral_R	3946	0	982	7484	0	0	994	19064	0	0	0	10918	0	2268	0	0	0	6062	1956	3618	0	0	88	228	0	0	0	0	144	3816	126	826	306	1210	1034	2956	208	6318	0	2580	0	0	0	82	0	414	0	78	0	778	0	654	0	254	0	2422	0	13406	0	100	0	424	0	566	0	640	0	1084	640	1730	1506	14704	110	6654	0	1572	954	17922	0	256	0	490	0	108	0	838	0	0	0	1306	0	0	0	0	0	0	0	74	0	0	0	0	0	0	0	0	0	0	0	0	0	0	0	0	0	0	
922084	Frontal_Sup_L	10106	982	0	8614	11118	0	61988	2240	2926	74	14976	360	29316	258	6198	134	9696	0	56194	13754	0	0	50318	10084	3046	98	0	0	46014	550	33336	11406	13940	6896	196	0	1226	174	240	0	0	0	0	0	0	0	0	0	0	0	84	0	0	0	0	0	4286	0	0	0	100	0	80	0	0	0	0	0	126	0	14696	386	20556	100	3030	0	2860	316	640	0	3882	0	3206	0	236	0	0	0	0	0	0	0	0	0	0	0	0	0	0	0	0	0	0	0	0	0	0	0	0	0	0	0	0	0	0	0	
841368	Frontal_Sup_R	904	7484	8614	0	0	4646	1094	45070	0	7876	182	10298	648	13120	0	10320	92	5260	24708	66252	0	0	10242	48022	0	3472	0	290	682	18502	4166	49104	4072	25574	96	206	178	3888	230	1142	0	0	0	0	0	0	0	0	0	0	0	0	0	0	0	640	72	434	0	0	0	0	0	0	0	0	0	0	732	98	3808	18652	256	13196	0	1178	260	3322	0	250	0	154	0	1124	0	0	0	0	0	0	0	0	0	0	0	0	0	74	0	0	0	0	0	0	0	0	0	0	0	0	0	0	0	0	0	0	
199080	Frontal_Sup_Orb_L	0	0	11118	0	0	0	3350	0	11758	0	450	0	4334	0	13336	0	0	0	500	0	3918	1628	3698	218	3554	0	5636	218	14196	0	7194	1270	0	0	0	0	0	0	0	0	0	0	0	0	0	0	0	0	0	0	0	0	0	0	0	0	0	0	0	0	0	0	0	0	0	0	0	0	0	0	2116	1336	8846	300	0	0	0	0	0	0	0	0	566	0	0	0	0	0	0	0	0	0	0	0	0	0	0	0	0	0	0	0	0	0	0	0	0	0	0	0	0	0	0	0	0	0	
94512	Frontal_Sup_Orb_R	0	0	0	4646	0	0	0	1306	0	1842	0	124	0	296	0	1992	0	0	100	542	358	1926	136	4238	0	6226	274	6494	0	1858	164	2522	0	0	0	0	0	202	0	124	0	0	0	0	0	0	0	0	0	0	0	0	0	0	0	0	0	0	0	0	0	0	0	0	0	0	0	0	0	0	448	4160	0	7278	0	0	0	0	0	0	0	0	0	0	0	0	0	0	0	0	0	0	0	0	0	0	0	0	0	0	0	0	0	0	0	0	0	0	0	0	0	0	0	0	0	0	
501308	Frontal_Mid_L	21132	994	61988	1094	3350	0	0	322	4550	0	16334	0	42184	0	8672	0	5432	0	10692	2432	0	0	14050	1376	190	0	0	0	24352	0	7256	1888	5684	1882	260	0	1094	0	364	0	0	0	0	0	130	0	128	0	0	0	0	0	0	0	74	0	1944	0	0	0	134	0	0	0	0	0	154	0	0	138	812	266	3744	0	478	0	1318	166	86	0	1824	0	1600	0	86	0	0	0	0	0	0	0	0	0	0	0	0	0	0	0	0	0	0	0	0	0	0	0	0	0	0	0	0	0	0	0	
423152	Frontal_Mid_R	0	19064	2240	45070	0	1306	322	0	0	9370	0	16166	80	24586	0	10552	0	5396	2442	9396	0	0	734	9538	0	160	0	120	150	9260	666	10284	114	3834	0	80	0	3216	0	1486	0	0	0	0	0	0	0	0	0	0	0	0	0	0	0	782	0	1414	0	0	0	0	0	0	0	0	0	0	0	0	4762	6706	286	8756	0	1688	78	726	0	122	0	122	0	502	0	0	0	0	0	0	0	0	0	0	0	0	0	0	0	0	0	0	0	0	0	0	0	0	0	0	0	0	0	0	0	0	
97332	Frontal_Mid_Orb_L	0	0	2926	0	11758	0	4550	0	0	0	0	0	5068	0	14718	0	0	0	0	0	330	106	0	0	0	0	764	0	4384	0	236	84	0	0	0	0	0	0	0	0	0	0	0	0	0	0	0	0	0	0	0	0	0	0	0	0	0	0	0	0	0	0	0	0	0	0	0	0	0	0	168	116	3188	0	0	0	0	0	0	0	0	0	270	0	0	0	0	0	0	0	0	0	0	0	0	0	0	0	0	0	0	0	0	0	0	0	0	0	0	0	0	0	0	0	0	0	
105864	Frontal_Mid_Orb_R	0	0	74	7876	0	1842	0	9370	0	0	0	1204	0	2298	0	12608	0	0	494	2498	0	0	0	1288	0	0	0	388	0	3496	0	4130	0	338	0	0	0	86	0	0	0	0	0	0	0	0	0	0	0	0	0	0	0	0	0	0	0	0	0	0	0	0	0	0	0	0	0	0	0	0	174	1694	0	2998	0	0	0	0	0	0	0	0	0	76	0	0	0	0	0	0	0	0	0	0	0	0	0	0	0	0	0	0	0	0	0	0	0	0	0	0	0	0	0	0	0	0	
277988	Frontal_Inf_Oper_L	21720	0	14976	182	450	0	16334	0	0	0	0	0	10996	0	180	0	16380	0	2186	234	0	0	4214	222	196	0	0	0	18612	0	5466	384	962	158	0	0	1086	0	240	0	0	0	0	0	0	0	0	0	0	0	0	0	0	0	0	0	7458	0	0	0	78	0	0	0	0	0	0	0	0	0	794	0	3520	0	496	0	256	0	844	0	4902	0	5144	0	324	0	0	0	0	0	0	0	0	0	0	0	0	0	0	0	0	0	0	0	0	0	0	0	0	0	0	0	0	0	0	0	
228088	Frontal_Inf_Oper_R	0	10918	360	10298	0	124	0	16166	0	1204	0	0	0	13078	0	1394	0	6416	1326	4746	0	0	222	1128	0	0	0	0	0	19860	616	4656	0	658	0	0	0	2132	0	1092	0	0	0	0	0	0	0	0	0	0	0	0	0	0	0	550	0	2786	0	0	0	0	0	90	0	0	0	0	0	0	1360	2622	208	6780	0	1494	0	328	0	0	0	0	0	1432	0	0	0	0	0	0	0	0	0	0	0	0	0	0	0	0	0	0	0	0	0	0	0	0	0	0	0	0	0	0	0	0	
354692	Frontal_Inf_Tri_L	2500	0	29316	648	4334	0	42184	80	5068	0	10996	0	0	0	12720	0	998	0	7212	1388	0	0	9480	1708	264	0	0	0	32052	68	5766	1500	3396	1786	0	0	0	0	0	0	0	0	0	0	0	0	0	0	0	0	0	0	0	0	0	0	494	0	0	0	0	0	0	0	0	0	0	0	0	0	226	0	1886	0	0	0	0	0	0	0	314	0	962	0	0	0	0	0	0	0	0	0	0	0	0	0	0	0	0	0	0	0	0	0	0	0	0	0	0	0	0	0	0	0	0	0	
200368	Frontal_Inf_Tri_R	0	2268	258	13120	0	296	0	24586	0	2298	0	13078	0	0	0	3282	0	774	1854	3634	0	0	568	4090	0	0	0	126	0	14104	504	6420	90	3978	0	0	0	504	0	184	0	0	0	0	0	0	0	0	0	0	0	0	0	0	0	0	0	688	0	0	0	0	0	0	0	0	0	0	0	0	166	1390	0	1468	0	204	0	74	0	0	0	0	0	178	0	0	0	0	0	0	0	0	0	0	0	0	0	0	0	0	0	0	0	0	0	0	0	0	0	0	0	0	0	0	0	0	
166984	Frontal_Inf_Orb_L	0	0	6198	0	13336	0	8672	0	14718	0	180	0	12720	0	0	0	0	0	252	0	3114	110	332	0	74	0	1960	0	13072	0	740	120	78	0	0	0	860	0	190	0	460	0	0	0	0	0	0	0	0	0	0	0	0	0	238	0	0	0	0	0	0	0	0	0	0	0	0	0	0	0	288	108	3940	0	0	0	0	0	0	0	0	0	1652	0	0	0	0	0	80	0	0	0	0	0	0	0	0	0	0	0	0	0	0	0	0	0	0	0	0	0	0	0	0	0	0	0	
139808	Frontal_Inf_Orb_R	0	0	134	10320	0	1992	0	10552	0	12608	0	1394	0	3282	0	0	0	0	714	3136	0	808	98	2100	0	0	0	596	0	6820	0	4698	0	696	0	0	0	502	0	328	0	164	0	0	0	0	0	0	0	0	0	0	0	0	0	304	0	0	0	0	0	0	0	0	0	0	0	0	0	0	176	2224	0	4380	0	0	0	0	0	0	0	470	0	1192	0	216	0	0	0	0	0	0	0	0	0	0	0	0	0	0	0	0	0	0	0	0	0	0	0	0	0	0	0	0	0	0	
267040	Rolandic_Oper_L	14798	0	9696	92	0	0	5432	0	0	0	16380	0	998	0	0	0	0	0	1320	152	0	0	780	0	0	0	0	0	20026	0	1596	154	124	0	84	0	2378	0	420	0	0	0	174	0	0	0	0	0	562	0	4078	0	238	0	1364	0	11642	0	1116	0	826	0	5410	0	200	0	636	0	504	0	234	78	1748	0	152	0	140	0	3900	0	16930	0	5728	0	1838	0	0	0	1514	0	78	0	0	0	0	0	0	0	0	0	0	0	0	0	0	0	0	0	0	0	0	0	0	0	0	0	
130876	Rolandic_Oper_R	0	6062	0	5260	0	0	0	5396	0	0	0	6416	0	774	0	0	0	0	260	3444	0	0	0	282	0	0	0	0	0	10760	0	812	0	154	0	0	0	2870	0	842	0	0	0	0	0	0	0	0	0	96	0	0	0	0	0	582	0	4692	0	0	0	0	0	2824	0	0	0	272	0	0	90	298	0	4720	0	460	0	170	0	2590	0	3320	0	1910	0	82	0	0	0	0	0	0	0	0	0	0	0	0	0	0	0	0	0	0	0	0	0	0	0	0	0	0	0	0	0	0	
675492	Supp_Motor_Area_L	7606	1956	56194	24708	500	100	10692	2442	0	494	2186	1326	7212	1854	252	714	1320	260	0	52808	0	0	14740	12350	122	0	0	0	12664	2278	12098	18266	14610	24590	102	0	1168	190	92	0	0	0	0	0	84	0	0	0	0	0	134	0	0	0	0	0	1494	0	84	0	110	0	86	0	0	0	116	0	7022	168	13734	1964	14984	414	4970	0	5540	260	0	0	532	0	156	0	0	0	0	0	0	0	0	0	0	0	0	0	0	0	0	0	0	0	0	0	0	0	0	0	0	0	0	0	0	0	0	0	
710732	Supp_Motor_Area_R	5258	3618	13754	66252	0	542	2432	9396	0	2498	234	4746	1388	3634	0	3136	152	3444	52808	0	0	0	6552	22334	0	888	0	0	1256	8302	3522	35160	8462	42154	2178	5442	0	668	0	240	0	0	0	484	0	84	0	0	0	166	0	120	0	0	0	164	106	1054	0	0	0	0	0	0	0	0	0	880	2586	6234	1864	20682	206	7518	0	1150	286	544	0	132	0	106	0	550	0	0	0	0	0	0	0	0	0	0	0	0	0	0	0	0	0	0	0	0	0	0	0	0	0	0	0	0	0	0	0	0	
80132	Olfactory_L	0	0	0	0	3918	358	0	0	330	0	0	0	0	0	3114	0	0	0	0	0	0	4826	0	0	236	108	5748	1396	2090	0	2372	1338	0	0	0	0	662	0	786	0	832	0	0	0	0	0	0	0	0	0	0	0	0	0	742	0	0	0	0	0	0	0	0	0	0	0	0	0	0	0	5940	2544	1216	488	0	0	0	0	0	0	0	0	506	0	0	0	82	0	434	0	0	0	0	0	0	0	0	0	0	0	0	0	0	0	0	0	0	0	0	0	0	0	0	0	0	0	
78016	Olfactory_R	0	0	0	0	1628	1926	0	0	106	0	0	0	0	0	110	808	0	0	0	0	4826	0	0	0	0	836	3558	3604	0	1902	2130	2192	0	0	0	0	0	482	0	282	0	510	0	0	0	0	0	0	0	0	0	0	0	0	0	0	0	0	0	0	0	0	0	0	0	0	0	0	0	0	6462	4696	1670	1280	0	0	0	0	0	0	0	0	0	0	0	0	0	0	0	0	0	0	0	0	0	0	0	0	0	0	0	0	0	0	0	0	0	0	0	0	0	0	0	0	0	0	
516796	Frontal_Sup_Medial_L	1184	88	50318	10242	3698	136	14050	734	0	0	4214	222	9480	568	332	98	780	0	14740	6552	0	0	0	28672	2764	638	0	0	12424	594	33660	23992	13252	16344	0	0	192	0	70	0	0	0	0	0	0	0	0	0	0	0	0	0	0	0	0	0	264	0	0	0	0	0	0	0	0	0	0	0	0	0	2698	1068	3564	368	0	0	0	0	0	0	190	0	208	0	0	0	0	0	0	0	0	0	0	0	0	0	0	0	0	0	0	0	0	0	0	0	0	0	0	0	0	0	0	0	0	0	
527008	Frontal_Sup_Medial_R	80	228	10084	48022	218	4238	1376	9538	0	1288	222	1128	1708	4090	0	2100	0	282	12350	22334	0	0	28672	0	264	5502	0	186	1544	4554	10768	46276	3058	29162	0	0	0	286	0	92	0	0	0	0	0	0	0	0	0	0	0	0	0	0	0	0	0	0	0	0	0	0	0	0	0	0	0	0	0	0	506	7796	452	5024	0	0	0	0	0	0	0	0	0	76	0	0	0	0	0	0	0	0	0	0	0	0	0	0	0	0	0	0	0	0	0	0	0	0	0	0	0	0	0	0	0	0	
36408	Frontal_Med_Orb_L	0	0	3046	0	3554	0	190	0	0	0	196	0	264	0	74	0	0	0	122	0	236	0	2764	264	0	294	540	0	736	0	4032	656	0	0	0	0	0	0	0	0	0	0	0	0	0	0	0	0	0	0	0	0	0	0	0	0	0	0	0	0	0	0	0	0	0	0	0	0	0	0	316	0	920	0	0	0	0	0	0	0	0	0	0	0	0	0	0	0	0	0	0	0	0	0	0	0	0	0	0	0	0	0	0	0	0	0	0	0	0	0	0	0	0	0	0	0	
82064	Frontal_Med_Orb_R	0	0	98	3472	0	6226	0	160	0	0	0	0	0	0	0	0	0	0	0	888	108	836	638	5502	294	0	102	4386	0	0	1202	6552	0	468	0	0	0	0	0	0	0	0	0	0	0	0	0	0	0	0	0	0	0	0	0	0	0	0	0	0	0	0	0	0	0	0	0	0	0	0	0	5288	0	4812	0	0	0	0	0	0	0	0	0	0	0	0	0	0	0	0	0	0	0	0	0	0	0	0	0	0	0	0	0	0	0	0	0	0	0	0	0	0	0	0	0	0	
62420	Rectus_L	0	0	0	0	5636	274	0	0	764	0	0	0	0	0	1960	0	0	0	0	0	5748	3558	0	0	540	102	0	1158	958	0	2444	980	0	0	0	0	0	0	0	0	0	0	0	0	0	0	0	0	0	0	0	0	0	0	0	0	0	0	0	0	0	0	0	0	0	0	0	0	0	0	3800	1704	1416	168	0	0	0	0	0	0	0	0	0	0	0	0	0	0	0	0	0	0	0	0	0	0	0	0	0	0	0	0	0	0	0	0	0	0	0	0	0	0	0	0	0	0	
53824	Rectus_R	0	0	0	290	218	6494	0	120	0	388	0	0	0	126	0	596	0	0	0	0	1396	3604	0	186	0	4386	1158	0	0	712	526	1310	0	0	0	0	0	110	0	68	0	0	0	0	0	0	0	0	0	0	0	0	0	0	0	0	0	0	0	0	0	0	0	0	0	0	0	0	0	0	1218	2132	118	1756	0	0	0	0	0	0	0	0	0	0	0	0	0	0	0	0	0	0	0	0	0	0	0	0	0	0	0	0	0	0	0	0	0	0	0	0	0	0	0	0	0	0	
653532	Insula_L	12140	144	46014	682	14196	0	24352	150	4384	0	18612	0	32052	0	13072	0	20026	0	12664	1256	2090	0	12424	1544	736	0	958	0	0	100	11776	1590	2012	1398	1114	782	15088	790	2480	606	480	0	200	0	0	0	120	0	172	0	1482	0	70	0	3124	166	8168	0	444	0	982	0	2596	0	84	0	486	0	138	0	1094	82	19570	0	102	0	776	782	4646	0	11794	0	8228	0	1866	0	364	0	3380	0	138	0	0	0	0	0	0	0	0	0	0	0	0	0	0	0	0	0	0	0	0	0	0	0	0	0	
340388	Insula_R	0	3816	550	18502	0	1858	0	9260	0	3496	0	19860	68	14104	0	6820	0	10760	2278	8302	0	1902	594	4554	0	0	0	712	100	0	438	8444	124	3414	70	124	0	8198	0	3240	0	810	0	0	0	0	0	0	0	102	0	0	0	0	0	2312	0	1348	0	0	0	0	0	0	0	0	0	182	0	0	1360	2196	204	16242	0	392	0	476	0	2762	0	6086	0	2302	0	1570	0	0	0	262	0	0	0	0	0	0	0	0	0	0	0	0	0	0	0	0	0	0	0	0	0	0	0	0	0	0	
430600	Cingulum_Ant_L	2314	126	33336	4166	7194	164	7256	666	236	0	5466	616	5766	504	740	0	1596	0	12098	3522	2372	2130	33660	10768	4032	1202	2444	526	11776	438	0	23944	7084	3932	0	0	216	0	88	0	0	0	0	0	0	0	0	0	0	0	0	0	0	0	0	0	670	0	0	0	0	0	0	0	0	0	0	0	0	0	9388	2932	10420	912	84	0	0	0	0	0	256	0	260	0	0	0	0	0	0	0	0	0	0	0	0	0	0	0	0	0	0	0	0	0	0	0	0	0	0	0	0	0	0	0	0	0	
688912	Cingulum_Ant_R	246	826	11406	49104	1270	2522	1888	10284	84	4130	384	4656	1500	6420	120	4698	154	812	18266	35160	1338	2192	23992	46276	656	6552	980	1310	1590	8444	23944	0	4524	31816	0	0	0	554	0	180	0	0	0	0	0	0	0	0	0	0	0	0	0	0	0	0	0	0	0	0	0	0	0	0	0	0	0	0	0	0	3696	22484	1468	8258	0	0	0	144	0	0	0	0	0	128	0	0	0	0	0	0	0	0	0	0	0	0	0	0	0	0	0	0	0	0	0	0	0	0	0	0	0	0	0	0	0	0	
227928	Cingulum_Mid_L	3650	306	13940	4072	0	0	5684	114	0	0	962	0	3396	90	78	0	124	0	14610	8462	0	0	13252	3058	0	0	0	0	2012	124	7084	4524	0	10216	1964	690	0	0	0	0	0	0	226	78	622	84	78	0	1292	88	1532	0	106	0	0	0	404	0	0	0	268	0	0	0	278	0	2682	322	5094	124	80	298	354	0	0	0	1414	0	0	0	0	0	0	0	128	0	0	0	0	0	0	0	0	0	0	0	0	0	0	0	0	0	0	0	0	0	0	0	0	0	0	0	0	0	0	0	
514628	Cingulum_Mid_R	1728	1210	6896	25574	0	0	1882	3834	0	338	158	658	1786	3978	0	696	0	154	24590	42154	0	0	16344	29162	0	468	0	0	1398	3414	3932	31816	10216	0	2472	7998	0	406	0	0	0	0	0	4238	0	2504	0	264	0	3202	0	1386	0	278	0	844	0	1700	0	232	0	0	0	0	0	0	216	8556	1620	8084	0	526	0	162	0	0	0	0	0	0	0	0	0	0	0	240	0	0	0	0	0	0	0	0	0	0	0	0	0	0	0	0	0	0	0	0	0	0	0	0	0	0	0	0	0	0	
131956	Cingulum_Post_L	5076	1034	196	96	0	0	260	0	0	0	0	0	0	0	0	0	84	0	102	2178	0	0	0	0	0	0	0	0	1114	70	0	0	1964	2472	0	9724	6472	3952	2402	2238	0	0	2034	0	1340	0	1508	0	0	0	68	0	0	0	410	868	490	522	0	0	364	0	0	0	0	0	4614	1324	1054	2090	82	104	132	0	0	0	4482	4292	536	0	100	0	0	0	0	0	0	0	130	0	0	0	0	0	0	0	0	0	0	0	0	0	0	0	0	0	0	0	0	0	0	0	0	0	0	0	
158936	Cingulum_Post_R	1762	2956	0	206	0	0	0	80	0	0	0	0	0	0	0	0	0	0	0	5442	0	0	0	0	0	0	0	0	782	124	0	0	690	7998	9724	0	3534	6762	332	3432	0	0	0	1282	0	558	0	1362	0	500	0	0	0	0	94	2274	170	1800	0	0	276	0	0	0	0	0	192	9054	0	6096	146	166	0	0	0	0	5600	5536	280	0	0	0	0	0	0	0	0	0	0	0	0	0	0	0	0	0	0	74	0	0	0	0	0	0	0	0	0	0	0	0	184	0	0	0	0	0	
274036	Hippocampus_L	7792	208	1226	178	0	0	1094	0	0	0	1086	0	0	0	860	0	2378	0	1168	0	662	0	192	0	0	0	0	0	15088	0	216	0	0	0	6472	3534	0	3544	15262	1868	5902	0	1966	0	76	0	4034	0	0	0	772	0	0	0	9338	680	4878	0	410	0	1320	0	324	0	0	0	4322	862	118	0	112	0	7412	0	710	0	4596	3478	3440	0	3368	0	2758	0	3492	0	1004	0	8222	0	168	0	0	0	0	0	152	0	184	0	0	0	0	0	0	0	0	0	0	92	0	0	0	0	0	0	
362280	Hippocampus_R	1086	6318	174	3888	0	202	0	3216	0	86	0	2132	0	504	0	502	0	2870	190	668	0	482	0	286	0	0	0	110	790	8198	0	554	0	406	3952	6762	3544	0	450	34434	0	10276	0	2300	0	124	0	3384	0	192	0	132	0	78	108	31038	174	572	0	0	276	78	0	304	0	0	136	7518	0	298	174	1180	0	11720	0	114	3734	7648	272	1156	0	3120	0	2494	0	2948	0	734	0	4582	0	0	0	0	0	490	0	972	0	364	0	0	0	0	0	184	0	0	0	0	462	0	0	0	0	0	
108964	ParaHippocampal_L	1710	0	240	230	0	0	364	0	0	0	240	0	0	0	190	0	420	0	92	0	786	0	70	0	0	0	0	0	2480	0	88	0	0	0	2402	332	15262	450	0	184	1980	0	1594	0	68	0	4310	0	0	0	166	0	0	0	6982	108	1088	0	74	0	266	0	0	0	0	0	2870	162	0	0	106	0	1584	0	0	0	976	492	236	0	676	0	826	0	390	0	696	0	1824	0	150	0	0	0	88	0	452	0	230	0	0	0	100	0	180	0	0	0	86	182	0	0	0	0	0	0	
248460	ParaHippocampal_R	486	2580	0	1142	0	124	0	1486	0	0	0	1092	0	184	0	328	0	842	0	240	0	282	0	92	0	0	0	68	606	3240	0	180	0	0	2238	3432	1868	34434	184	0	0	8228	0	1416	0	0	0	4848	0	68	0	0	0	0	0	25198	126	262	0	0	206	0	0	234	0	0	82	3986	0	0	0	100	0	6374	0	98	1744	3648	234	552	0	1598	0	3522	0	922	0	1722	0	958	0	0	0	0	0	548	0	1598	0	452	0	0	0	0	0	182	0	0	0	0	196	0	0	0	0	0	
34540	Amygdala_L	0	0	0	0	0	0	0	0	0	0	0	0	0	0	460	0	0	0	0	0	832	0	0	0	0	0	0	0	480	0	0	0	0	0	0	0	5902	0	1980	0	0	0	0	0	0	0	0	0	0	0	0	0	0	0	3134	0	0	0	0	0	0	0	0	0	0	0	0	0	0	0	84	0	0	0	0	0	0	0	0	0	0	0	1164	0	304	0	772	0	2158	0	0	0	0	0	0	0	0	0	0	0	0	0	0	0	0	0	0	0	0	0	0	0	0	0	0	0	
61572	Amygdala_R	0	0	0	0	0	0	0	0	0	0	0	0	0	0	0	164	0	0	0	0	0	510	0	0	0	0	0	0	0	810	0	0	0	0	0	0	0	10276	0	8228	0	0	0	0	0	0	0	0	0	0	0	0	0	0	0	5324	0	0	0	0	0	0	0	0	0	0	0	0	0	0	0	0	0	916	0	0	0	0	0	0	0	0	0	2914	0	144	0	802	0	698	0	0	0	0	0	0	0	0	0	0	0	0	0	0	0	0	0	0	0	0	0	0	0	0	0	0	
197812	Calcarine_L	628	0	0	0	0	0	0	0	0	0	0	0	0	0	0	0	174	0	0	0	0	0	0	0	0	0	0	0	200	0	0	0	226	0	2034	0	1966	0	1594	0	0	0	0	5962	11394	4594	12046	1412	10250	1912	17870	722	1666	0	5448	0	778	0	0	0	86	0	130	0	168	0	11644	272	2594	0	0	0	0	0	0	0	0	0	288	0	252	0	0	0	1144	0	0	0	1000	0	152	0	0	0	0	0	0	0	300	0	0	0	0	0	0	0	0	0	0	0	0	0	0	0	0	0	
368992	Calcarine_R	0	82	0	0	0	0	0	0	0	0	0	0	0	0	0	0	0	0	0	484	0	0	0	0	0	0	0	0	0	0	0	0	78	4238	0	1282	0	2300	0	1416	0	0	5962	0	3282	29648	2010	28048	498	31600	250	21326	0	5942	0	13562	0	444	0	542	0	0	0	0	0	0	478	20910	128	1626	0	0	0	0	0	0	0	0	0	0	0	112	0	0	0	5148	0	0	0	2570	0	0	0	0	0	0	0	0	0	132	0	0	0	0	0	0	0	0	0	0	72	326	0	0	0	0	
144456	Cuneus_L	726	0	0	0	0	0	130	0	0	0	0	0	0	0	0	0	0	0	84	0	0	0	0	0	0	0	0	0	0	0	0	0	622	0	1340	0	76	0	68	0	0	0	11394	3282	0	5110	1450	116	19464	1466	12746	184	586	0	310	0	758	0	938	0	122	0	0	0	120	0	7448	946	2118	0	0	0	0	0	0	0	0	0	0	0	0	0	0	0	374	0	0	0	250	0	0	0	0	0	0	0	0	0	0	0	0	0	0	0	0	0	0	0	0	0	0	0	0	0	0	0	
300200	Cuneus_R	0	414	0	0	0	0	0	0	0	0	0	0	0	0	0	0	0	0	0	84	0	0	0	0	0	0	0	0	0	0	0	0	84	2504	0	558	0	124	0	0	0	0	4594	29648	5110	0	1182	7394	472	38800	234	17156	0	1746	0	2932	0	1550	0	5172	0	1064	0	236	0	1076	1958	22122	0	842	0	0	0	0	0	0	0	0	0	74	0	358	0	0	0	1822	0	0	0	790	0	0	0	0	0	0	0	0	0	0	0	0	0	0	0	0	0	0	0	0	0	0	0	0	0	0	
215708	Lingual_L	358	0	0	0	0	0	128	0	0	0	0	0	0	0	0	0	0	0	0	0	0	0	0	0	0	0	0	0	120	0	0	0	78	0	1508	0	4034	0	4310	0	0	0	12046	2010	1450	1182	0	1752	2306	736	9408	368	2152	0	15660	162	98	0	0	0	0	0	0	0	0	0	8214	132	640	0	0	0	0	0	0	0	424	0	0	0	104	0	0	0	78	0	0	0	256	0	10104	310	600	0	0	0	6942	848	14174	552	0	0	0	90	0	0	0	0	0	0	3228	1100	114	0	78	0	
277732	Lingual_R	0	78	0	0	0	0	0	0	0	0	0	0	0	0	0	0	0	0	0	0	0	0	0	0	0	0	0	0	0	0	0	0	0	264	0	1362	0	3384	0	4848	0	0	1412	28048	116	7394	1752	0	0	11004	0	9400	0	2668	116	19860	0	138	0	272	0	0	0	0	0	0	70	7472	0	162	0	0	0	0	0	0	0	0	0	0	0	294	0	0	0	2176	0	0	0	424	1036	4172	378	874	70	972	828	6440	1534	7796	0	104	0	1044	0	360	0	0	0	86	3334	4538	1912	424	250	0	
180904	Occipital_Sup_L	966	0	0	0	0	0	0	0	0	0	0	0	0	0	0	0	562	0	0	0	0	0	0	0	0	0	0	0	172	0	0	0	1292	0	0	0	0	0	0	0	0	0	10250	498	19464	472	2306	0	0	118	32022	0	1852	0	648	0	1832	0	3886	0	900	0	464	0	1242	0	8262	0	544	0	0	0	0	0	0	0	0	0	0	0	516	0	0	0	1352	0	0	0	832	0	0	0	0	0	0	0	0	0	0	0	0	0	0	0	0	0	0	0	0	0	0	0	0	0	0	0	
389244	Occipital_Sup_R	0	778	0	0	0	0	0	0	0	0	0	0	0	0	0	0	0	96	0	166	0	0	0	0	0	0	0	0	0	102	0	0	88	3202	0	500	0	192	0	68	0	0	1912	31600	1466	38800	736	11004	118	0	0	41696	0	3152	0	4730	0	3602	0	8308	0	2354	0	526	0	4480	1052	23004	0	1238	0	0	0	0	0	0	0	0	0	160	0	966	0	0	0	5406	0	0	0	2880	0	0	0	0	0	0	0	0	0	76	0	0	0	0	0	0	0	0	0	0	0	164	0	0	0	0	
441572	Occipital_Mid_L	5764	0	84	0	0	0	0	0	0	0	0	0	0	0	0	0	4078	0	134	0	0	0	0	0	0	0	0	0	1482	0	0	0	1532	0	68	0	772	0	166	0	0	0	17870	250	12746	234	9408	0	32022	0	0	0	17746	0	6164	0	8684	0	11624	0	14768	0	5468	0	19726	0	10962	0	3962	0	0	0	658	0	118	0	0	0	1004	0	3756	0	0	0	20906	0	0	0	8280	0	0	0	0	0	0	0	0	0	350	0	0	0	0	0	0	0	0	0	0	0	0	0	0	0	0	0	
331496	Occipital_Mid_R	0	654	0	0	0	0	0	0	0	0	0	0	0	0	0	0	0	0	0	120	0	0	0	0	0	0	0	0	0	0	0	0	0	1386	0	0	0	132	0	0	0	0	722	21326	184	17156	368	9400	0	41696	0	0	0	4050	0	3860	0	2500	0	7808	0	3694	0	286	0	13858	830	10958	0	488	0	0	0	0	0	0	0	0	0	138	0	1900	0	0	0	17552	0	0	0	4440	0	0	0	0	0	0	0	0	0	76	0	0	0	0	0	0	0	0	0	0	0	166	0	0	0	0	
93996	Occipital_Inf_L	360	0	0	0	0	0	0	0	0	0	0	0	0	0	0	0	238	0	0	0	0	0	0	0	0	0	0	0	70	0	0	0	106	0	0	0	0	0	0	0	0	0	1666	0	586	0	2152	0	1852	0	17746	0	0	0	6886	0	176	0	0	0	0	0	286	0	168	0	684	0	234	0	0	0	0	0	0	0	0	0	0	0	424	0	0	0	4888	0	0	0	7626	0	0	0	0	0	0	0	0	0	850	0	0	0	0	0	0	0	0	0	0	0	0	0	0	0	0	0	
81664	Occipital_Inf_R	0	254	0	0	0	0	0	0	0	0	0	0	0	0	0	0	0	0	0	0	0	0	0	0	0	0	0	0	0	0	0	0	0	278	0	0	0	78	0	0	0	0	0	5942	0	1746	0	2668	0	3152	0	4050	0	0	0	11154	0	198	0	0	0	0	0	0	0	0	0	2468	0	0	0	0	0	0	0	0	0	0	0	0	0	0	0	0	0	2410	0	0	0	6434	0	0	0	0	0	0	0	0	0	0	0	0	0	0	0	0	0	0	0	0	0	0	0	0	0	0	
345132	Fusiform_L	848	0	0	0	0	0	74	0	0	0	0	0	0	0	238	0	1364	0	0	0	742	0	0	0	0	0	0	0	3124	0	0	0	0	0	410	94	9338	108	6982	0	3134	0	5448	0	310	0	15660	116	648	0	6164	0	6886	0	0	0	628	0	0	0	132	0	470	0	0	0	3710	0	180	0	94	0	674	0	0	0	384	90	2942	0	2936	0	2464	0	3594	0	2666	0	16648	0	22512	0	3404	0	68	0	10718	384	26668	96	1688	0	2426	0	1808	0	894	0	0	0	1498	1102	0	0	0	0	
480916	Fusiform_R	146	2422	0	640	0	0	0	782	0	0	0	550	0	0	0	304	0	582	0	164	0	0	0	0	0	0	0	0	166	2312	0	0	0	844	868	2274	680	31038	108	25198	0	5324	0	13562	0	2932	162	19860	0	4730	0	3860	0	11154	0	0	0	710	0	82	0	566	0	864	0	738	80	10268	0	318	0	78	0	2120	0	0	692	1558	0	848	0	4386	0	5600	0	9240	0	3650	0	22612	248	12144	74	1630	0	314	84	6456	394	15824	0	202	0	1512	0	764	0	186	0	0	1394	3100	968	92	0	0	
323072	Postcentral_L	41142	0	4286	72	0	0	1944	0	0	0	7458	0	494	0	0	0	11642	0	1494	106	0	0	264	0	0	0	0	0	8168	0	670	0	404	0	490	170	4878	174	1088	126	0	0	778	0	758	0	98	0	1832	0	8684	0	176	0	628	0	0	0	5282	0	19168	0	11074	0	1442	0	5332	0	3022	0	308	0	5222	0	382	0	1216	196	2072	0	5120	0	192	0	2512	0	0	0	972	0	0	0	0	0	0	0	0	0	0	0	0	0	0	0	0	0	0	0	0	0	0	0	0	0	0	0	
139680	Postcentral_R	0	13406	0	434	0	0	0	1414	0	0	0	2786	0	688	0	0	0	4692	0	1054	0	0	0	0	0	0	0	0	0	1348	0	0	0	1700	522	1800	0	572	0	262	0	0	0	444	0	1550	0	138	0	3602	0	2500	0	198	0	710	0	0	0	3832	0	3130	0	8676	0	942	90	4316	0	3288	0	216	0	1656	0	186	0	0	0	936	0	1104	0	0	0	1234	0	0	0	414	0	0	0	0	0	0	0	0	0	0	0	0	0	0	0	0	0	0	0	0	0	0	0	0	0	0	
101632	Parietal_Sup_L	1802	0	0	0	0	0	0	0	0	0	0	0	0	0	0	0	1116	0	84	0	0	0	0	0	0	0	0	0	444	0	0	0	0	0	0	0	410	0	74	0	0	0	0	0	938	0	0	0	3886	0	11624	0	0	0	0	0	5282	0	0	0	9538	0	1414	0	3120	0	7602	0	2034	0	0	0	300	0	0	0	0	0	100	0	602	0	0	0	372	0	0	0	74	0	0	0	0	0	0	0	0	0	0	0	0	0	0	0	0	0	0	0	0	0	0	0	0	0	0	0	
92520	Parietal_Sup_R	0	100	0	0	0	0	0	0	0	0	0	0	0	0	0	0	0	0	0	0	0	0	0	0	0	0	0	0	0	0	0	0	0	232	0	0	0	0	0	0	0	0	0	542	0	5172	0	272	0	8308	0	7808	0	0	0	82	0	3832	0	0	0	4170	0	544	0	6954	284	7534	0	112	0	0	0	0	0	0	0	0	0	0	0	114	0	0	0	200	0	0	0	0	0	0	0	0	0	0	0	0	0	0	0	0	0	0	0	0	0	0	0	0	0	0	0	0	0	0	
218272	Parietal_Inf_L	4068	0	100	0	0	0	134	0	0	0	78	0	0	0	0	0	826	0	110	0	0	0	0	0	0	0	0	0	982	0	0	0	268	0	364	276	1320	276	266	206	0	0	86	0	122	0	0	0	900	0	14768	0	0	0	132	0	19168	0	9538	0	0	0	19440	0	20090	0	3680	0	2476	0	0	0	990	0	0	0	292	266	172	0	1828	0	0	0	5576	0	0	0	338	0	0	0	0	0	0	0	0	0	0	0	0	0	0	0	0	0	0	0	0	0	0	0	0	0	0	0	
79876	Parietal_Inf_R	0	424	0	0	0	0	0	0	0	0	0	0	0	0	0	0	0	0	0	0	0	0	0	0	0	0	0	0	0	0	0	0	0	0	0	0	0	78	0	0	0	0	0	0	0	1064	0	0	0	2354	0	3694	0	0	0	566	0	3130	0	4170	0	0	0	6730	0	13130	0	1952	0	0	0	0	0	0	0	0	0	0	0	390	0	428	0	0	0	1096	0	0	0	732	0	0	0	0	0	0	0	0	0	0	0	0	0	0	0	0	0	0	0	0	0	0	0	0	0	0	
158644	SupraMarginal_L	780	0	80	0	0	0	0	0	0	0	0	0	0	0	0	0	5410	0	86	0	0	0	0	0	0	0	0	0	2596	0	0	0	0	0	0	0	324	0	0	0	0	0	130	0	0	0	0	0	464	0	5468	0	286	0	470	0	11074	0	1414	0	19440	0	0	0	8186	0	706	0	388	0	0	0	76	0	0	0	0	0	604	0	11996	0	0	0	8358	0	0	0	986	0	0	0	0	0	0	0	0	0	0	0	0	0	0	0	0	0	0	0	0	0	0	0	0	0	0	0	
69296	SupraMarginal_R	0	566	0	0	0	0	0	0	0	0	0	90	0	0	0	0	0	2824	0	0	0	0	0	0	0	0	0	0	0	0	0	0	0	0	0	0	0	304	0	234	0	0	0	0	0	236	0	0	0	526	0	286	0	0	0	864	0	8676	0	544	0	6730	0	0	0	4582	0	1164	0	0	0	0	0	0	0	0	0	0	0	2306	0	3948	0	0	0	232	0	0	0	536	0	0	0	0	0	0	0	0	0	0	0	0	0	0	0	0	0	0	0	0	0	0	0	0	0	0	
138740	Angular_L	572	0	0	0	0	0	0	0	0	0	0	0	0	0	0	0	200	0	0	0	0	0	0	0	0	0	0	0	84	0	0	0	278	0	0	0	0	0	0	0	0	0	168	0	120	0	0	0	1242	0	19726	0	168	0	0	0	1442	0	3120	0	20090	0	8186	0	0	0	984	0	624	0	0	0	0	0	0	0	0	0	0	0	1348	0	0	0	10100	0	0	0	918	0	0	0	0	0	0	0	0	0	0	0	0	0	0	0	0	0	0	0	0	0	0	0	0	0	0	0	
112672	Angular_R	0	640	0	0	0	0	0	0	0	0	0	0	0	0	0	0	0	0	0	0	0	0	0	0	0	0	0	0	0	0	0	0	0	0	0	0	0	0	0	0	0	0	0	0	0	1076	0	0	0	4480	0	13858	0	0	0	738	0	942	0	6954	0	13130	0	4582	0	0	0	1866	0	0	0	0	0	0	0	0	0	0	0	400	0	2820	0	0	0	3864	0	0	0	986	0	0	0	0	0	0	0	0	0	0	0	0	0	0	0	0	0	0	0	0	0	0	0	0	0	0	
210228	Precuneus_L	2518	0	0	0	0	0	154	0	0	0	0	0	0	0	0	0	636	0	116	0	0	0	0	0	0	0	0	0	486	0	0	0	2682	216	4614	192	4322	136	2870	82	0	0	11644	478	7448	1958	8214	70	8262	1052	10962	830	684	0	3710	80	5332	90	7602	284	3680	0	706	0	984	0	0	3416	5916	96	0	0	192	0	0	0	0	116	180	0	508	0	0	0	724	0	0	0	572	0	132	0	0	0	0	0	0	0	168	0	0	0	0	0	0	0	0	0	0	0	0	0	0	0	0	0	
333264	Precuneus_R	184	1084	0	0	0	0	0	0	0	0	0	0	0	0	0	0	0	272	0	880	0	0	0	0	0	0	0	0	0	182	0	0	322	8556	1324	9054	862	7518	162	3986	0	0	272	20910	946	22122	132	7472	0	23004	0	10958	0	2468	0	10268	0	4316	0	7534	0	1952	0	1164	0	1866	3416	0	152	4740	0	0	0	0	0	0	1018	1162	0	234	0	920	0	0	0	1848	0	0	0	2072	0	0	0	0	0	0	0	266	0	112	0	0	0	0	0	0	0	0	0	0	922	0	0	0	0	0	
121748	Paracentral_Lobule_L	13424	640	126	732	0	0	0	0	0	0	0	0	0	0	0	0	504	0	7022	2586	0	0	0	0	0	0	0	0	138	0	0	0	5094	1620	1054	0	118	0	0	0	0	0	2594	128	2118	0	640	0	544	0	3962	0	234	0	180	0	3022	0	2034	0	2476	0	388	0	624	0	5916	152	0	300	90	0	210	0	82	0	730	0	102	0	388	0	0	0	704	0	0	0	198	0	0	0	0	0	0	0	0	0	0	0	0	0	0	0	0	0	0	0	0	0	0	0	0	0	0	0	
78780	Paracentral_Lobule_R	920	1730	0	98	0	0	138	0	0	0	0	0	0	0	0	0	0	0	168	6234	0	0	0	0	0	0	0	0	0	0	0	0	124	8084	2090	6096	0	298	0	0	0	0	0	1626	0	842	0	162	0	1238	0	488	0	0	0	318	0	3288	0	112	0	0	0	0	0	0	96	4740	300	0	0	76	0	0	0	0	0	0	0	0	0	0	0	0	0	124	0	0	0	0	0	0	0	0	0	0	0	0	0	0	0	0	0	0	0	0	0	0	0	0	0	0	0	0	0	0	
245160	Caudate_L	1790	1506	14696	3808	2116	448	812	4762	168	174	794	1360	226	166	288	176	234	90	13734	1864	5940	6462	2698	506	316	0	3800	1218	1094	1360	9388	3696	80	0	82	146	112	174	106	0	84	0	0	0	0	0	0	0	0	0	0	0	0	0	94	0	308	0	0	0	0	0	0	0	0	0	0	0	90	0	0	9152	14506	848	2378	118	7568	880	0	0	78	0	86	0	0	0	0	0	0	0	0	0	0	0	0	0	0	0	0	0	0	0	0	0	0	0	0	0	0	0	0	0	0	0	0	0	
364308	Caudate_R	2236	14704	386	18652	1336	4160	266	6706	116	1694	0	2622	0	1390	108	2224	78	298	1964	20682	2544	4696	1068	7796	0	5288	1704	2132	82	2196	2932	22484	298	526	104	166	0	1180	0	100	0	0	0	0	0	0	0	0	0	0	0	0	0	0	0	78	0	216	0	0	0	0	0	0	0	0	0	0	0	76	9152	0	2956	13574	404	3240	1508	16032	0	0	0	0	0	0	0	0	0	0	0	0	0	0	0	0	0	0	0	0	0	0	0	0	0	0	0	0	0	0	0	0	0	0	0	0	0	0	
320360	Putamen_L	7684	110	20556	256	8846	0	3744	286	3188	0	3520	208	1886	0	3940	0	1748	0	14984	206	1216	1670	3564	452	920	0	1416	118	19570	204	10420	1468	354	0	132	0	7412	0	1584	0	0	0	0	0	0	0	0	0	0	0	658	0	0	0	674	0	5222	0	300	0	990	0	76	0	0	0	192	0	210	0	14506	2956	0	340	6868	112	2474	0	218	0	898	0	702	0	338	0	0	0	784	0	0	0	0	0	0	0	0	0	0	0	0	0	0	0	0	0	0	0	0	0	0	0	0	0	0	0	
291460	Putamen_R	0	6654	100	13196	300	7278	0	8756	0	2998	0	6780	0	1468	0	4380	0	4720	414	7518	488	1280	368	5024	0	4812	168	1756	0	16242	912	8258	0	162	0	0	0	11720	0	6374	0	916	0	0	0	0	0	0	0	0	0	0	0	0	0	2120	0	1656	0	0	0	0	0	0	0	0	0	0	0	0	848	13574	340	0	0	3392	0	304	0	0	0	326	0	128	0	0	0	0	0	0	0	0	0	0	0	0	0	0	0	0	0	0	0	0	0	0	0	0	0	0	0	0	0	0	0	0	
45596	Pallidum_L	698	0	3030	0	0	0	478	0	0	0	496	0	0	0	0	0	152	0	4970	0	0	0	0	0	0	0	0	0	102	0	84	0	0	0	0	0	710	0	0	0	0	0	0	0	0	0	0	0	0	0	118	0	0	0	0	0	382	0	0	0	0	0	0	0	0	0	0	0	82	0	2378	404	6868	0	0	0	1682	164	0	0	0	0	0	0	0	0	0	0	0	0	0	0	0	0	0	0	0	0	0	0	0	0	0	0	0	0	0	0	0	0	0	0	0	0	0	0	
30796	Pallidum_R	0	1572	0	1178	0	0	0	1688	0	0	0	1494	0	204	0	0	0	460	0	1150	0	0	0	0	0	0	0	0	0	392	0	0	0	0	0	0	0	114	0	98	0	0	0	0	0	0	0	0	0	0	0	0	0	0	0	0	0	186	0	0	0	0	0	0	0	0	0	0	0	0	118	3240	112	3392	0	0	0	0	0	0	0	0	0	0	0	0	0	0	0	0	0	0	0	0	0	0	0	0	0	0	0	0	0	0	0	0	0	0	0	0	0	0	0	0	0	0	
146036	Thalamus_L	9360	954	2860	260	0	0	1318	78	0	0	256	0	0	0	0	0	140	0	5540	286	0	0	0	0	0	0	0	0	776	0	0	0	1414	0	4482	5600	4596	3734	976	1744	0	0	0	0	0	0	424	0	0	0	0	0	0	0	384	692	1216	0	0	0	292	0	0	0	0	0	0	1018	730	0	7568	1508	2474	0	1682	0	0	10346	226	0	84	0	0	0	0	0	0	0	0	0	0	0	0	0	0	0	0	0	0	0	0	0	0	0	0	0	0	0	0	0	0	0	0	0	0	0	
170076	Thalamus_R	3120	17922	316	3322	0	0	166	726	0	0	0	328	0	74	0	0	0	170	260	544	0	0	0	0	0	0	0	0	782	476	0	144	0	0	4292	5536	3478	7648	492	3648	0	0	0	0	0	0	0	0	0	0	0	0	0	0	90	1558	196	0	0	0	266	0	0	0	0	0	116	1162	0	0	880	16032	0	304	164	0	10346	0	266	0	0	0	0	0	0	0	0	0	0	0	0	0	0	0	0	0	0	214	0	0	0	0	0	0	0	0	0	0	0	0	0	0	0	0	0	0	
67068	Heschl_L	1892	0	640	0	0	0	86	0	0	0	844	0	0	0	0	0	3900	0	0	0	0	0	0	0	0	0	0	0	4646	0	0	0	0	0	536	280	3440	272	236	234	0	0	288	0	0	0	0	0	0	0	1004	0	0	0	2942	0	2072	0	100	0	172	0	604	0	0	0	180	0	102	0	0	0	218	0	0	0	226	266	0	0	4208	0	138	0	1332	0	0	0	2676	0	0	0	0	0	0	0	0	0	0	0	0	0	0	0	0	0	0	0	0	0	0	0	0	0	0	0	
38804	Heschl_R	0	256	0	250	0	0	0	122	0	0	0	0	0	0	0	0	0	2590	0	132	0	0	0	0	0	0	0	0	0	2762	0	0	0	0	0	0	0	1156	0	552	0	0	0	0	0	74	0	0	0	160	0	138	0	0	0	848	0	936	0	0	0	390	0	2306	0	400	0	234	0	0	0	0	0	0	0	0	0	0	0	0	0	4652	0	0	0	1322	0	0	0	122	0	0	0	0	0	0	0	0	0	0	0	0	0	0	0	0	0	0	0	0	0	0	0	0	0	0	
240196	Temporal_Sup_L	2798	0	3882	0	0	0	1824	0	0	0	4902	0	314	0	0	0	16930	0	532	0	0	0	190	0	0	0	0	0	11794	0	256	0	0	0	100	0	3368	0	676	0	0	0	252	0	0	0	104	0	516	0	3756	0	424	0	2936	0	5120	0	602	0	1828	0	11996	0	1348	0	508	0	388	0	78	0	898	0	0	0	84	0	4208	0	0	0	7640	0	20316	0	0	0	9414	0	116	0	0	0	0	0	0	0	0	0	0	0	0	0	0	0	0	0	0	0	0	0	0	0	0	0	
117852	Temporal_Sup_R	0	490	0	154	0	0	0	122	0	0	0	0	0	0	0	470	0	3320	0	106	0	0	0	0	0	0	0	0	0	6086	0	0	0	0	0	0	0	3120	0	1598	0	0	0	112	0	358	0	294	0	966	0	1900	0	0	0	4386	0	1104	0	114	0	428	0	3948	0	2820	0	920	0	0	0	0	0	326	0	0	0	0	0	4652	0	0	0	3436	0	15134	0	250	0	2312	0	0	0	0	0	0	0	0	0	0	0	0	0	0	0	0	0	0	0	0	0	0	0	0	0	0	
126628	Temporal_Pole_Sup_L	876	0	3206	0	566	0	1600	0	270	0	5144	0	962	0	1652	0	5728	0	156	0	506	0	208	0	0	0	0	0	8228	0	260	0	0	0	0	0	2758	0	826	0	1164	0	0	0	0	0	0	0	0	0	0	0	0	0	2464	0	192	0	0	0	0	0	0	0	0	0	0	0	0	0	86	0	702	0	0	0	0	0	138	0	7640	0	0	0	7918	0	4558	0	5506	0	0	0	0	0	0	0	0	0	0	0	0	0	0	0	0	0	0	0	0	0	0	0	0	0	0	0	
71760	Temporal_Pole_Sup_R	0	108	0	1124	0	0	0	502	0	76	0	1432	0	178	0	1192	0	1910	0	550	0	0	0	76	0	0	0	0	0	2302	0	128	0	0	0	0	0	2494	0	3522	0	2914	0	0	0	0	0	0	0	0	0	0	0	0	0	5600	0	0	0	0	0	0	0	0	0	0	0	0	0	0	0	0	0	128	0	0	0	0	0	0	0	3436	0	0	0	3920	0	3616	0	672	0	0	0	0	0	0	0	0	0	0	0	0	0	0	0	0	0	0	0	0	0	0	0	0	0	0	
285048	Temporal_Mid_L	1414	0	236	0	0	0	86	0	0	0	324	0	0	0	0	0	1838	0	0	0	0	0	0	0	0	0	0	0	1866	0	0	0	128	0	0	0	3492	0	390	0	304	0	1144	0	374	0	78	0	1352	0	20906	0	4888	0	3594	0	2512	0	372	0	5576	0	8358	0	10100	0	724	0	704	0	0	0	338	0	0	0	0	0	1332	0	20316	0	7918	0	0	0	3718	0	37986	0	156	0	0	0	0	0	0	0	0	0	0	0	0	0	0	0	0	0	0	0	0	0	0	0	0	0	
223996	Temporal_Mid_R	0	838	0	0	0	0	0	0	0	0	0	0	0	0	0	216	0	82	0	0	0	0	0	0	0	0	0	0	0	1570	0	0	0	240	0	0	0	2948	0	922	0	144	0	5148	0	1822	0	2176	0	5406	0	17552	0	2410	0	9240	0	1234	0	200	0	1096	0	232	0	3864	0	1848	0	124	0	0	0	0	0	0	0	0	0	1322	0	15134	0	3920	0	0	0	2280	0	30030	0	0	0	0	0	0	0	0	0	0	0	0	0	0	0	0	0	0	0	0	0	0	0	0	0	0	
35952	Temporal_Pole_Mid_L	0	0	0	0	0	0	0	0	0	0	0	0	0	0	0	0	0	0	0	0	82	0	0	0	0	0	0	0	364	0	0	0	0	0	0	0	1004	0	696	0	772	0	0	0	0	0	0	0	0	0	0	0	0	0	2666	0	0	0	0	0	0	0	0	0	0	0	0	0	0	0	0	0	0	0	0	0	0	0	0	0	0	0	4558	0	3718	0	0	0	4116	0	0	0	0	0	0	0	0	0	0	0	0	0	0	0	0	0	0	0	0	0	0	0	0	0	0	0	
28480	Temporal_Pole_Mid_R	0	0	0	0	0	0	0	0	0	0	0	0	0	0	0	0	0	0	0	0	0	0	0	0	0	0	0	0	0	0	0	0	0	0	0	0	0	734	0	1722	0	802	0	0	0	0	0	0	0	0	0	0	0	0	0	3650	0	0	0	0	0	0	0	0	0	0	0	0	0	0	0	0	0	0	0	0	0	0	0	0	0	250	0	3616	0	2280	0	0	0	1186	0	0	0	0	0	0	0	0	0	0	0	0	0	0	0	0	0	0	0	0	0	0	0	0	0	0	
249556	Temporal_Inf_L	730	0	0	0	0	0	0	0	0	0	0	0	0	0	80	0	1514	0	0	0	434	0	0	0	0	0	0	0	3380	0	0	0	0	0	130	0	8222	0	1824	0	2158	0	1000	0	250	0	256	0	832	0	8280	0	7626	0	16648	0	972	0	74	0	338	0	986	0	918	0	572	0	198	0	0	0	784	0	0	0	0	0	2676	0	9414	0	5506	0	37986	0	4116	0	0	0	4086	0	1186	0	0	0	344	0	1040	0	106	0	112	0	0	0	0	0	0	0	0	0	0	0	0	0	
177044	Temporal_Inf_R	0	1306	0	0	0	0	0	0	0	0	0	0	0	0	0	0	0	0	0	0	0	0	0	0	0	0	0	0	0	262	0	0	0	0	0	0	0	4582	0	958	0	698	0	2570	0	790	0	424	0	2880	0	4440	0	6434	0	22612	0	414	0	0	0	732	0	536	0	986	0	2072	0	0	0	0	0	0	0	0	0	0	0	122	0	2312	0	672	0	30030	0	1186	0	0	0	1048	0	456	0	0	0	0	0	0	0	0	0	0	0	0	0	0	0	0	0	0	0	0	0	0	
531672	Cerebelum_Crus1_L	0	0	0	0	0	0	0	0	0	0	0	0	0	0	0	0	78	0	0	0	0	0	0	0	0	0	0	0	138	0	0	0	0	0	0	0	168	0	150	0	0	0	152	0	0	0	10104	1036	0	0	0	0	0	0	22512	248	0	0	0	0	0	0	0	0	0	0	132	0	0	0	0	0	0	0	0	0	0	0	0	0	116	0	0	0	156	0	0	0	4086	0	0	1724	44888	5236	2024	80	30248	2688	67928	3158	10404	2066	16304	1230	4780	182	538	0	70	180	10582	10824	9564	1186	514	362	
364356	Cerebelum_Crus1_R	0	0	0	0	0	0	0	0	0	0	0	0	0	0	0	0	0	0	0	0	0	0	0	0	0	0	0	0	0	0	0	0	0	0	0	0	0	0	0	0	0	0	0	0	0	0	310	4172	0	0	0	0	0	0	0	12144	0	0	0	0	0	0	0	0	0	0	0	0	0	0	0	0	0	0	0	0	0	0	0	0	0	0	0	0	0	0	0	0	0	1048	1724	0	718	36738	0	2806	844	20578	2538	50894	0	4532	164	15630	0	2342	0	190	0	266	6898	9474	6512	826	830	0	
320160	Cerebelum_Crus2_L	0	0	0	0	0	0	0	0	0	0	0	0	0	0	0	0	0	0	0	0	0	0	0	0	0	0	0	0	0	0	0	0	0	0	0	0	0	0	0	0	0	0	0	0	0	0	600	378	0	0	0	0	0	0	3404	74	0	0	0	0	0	0	0	0	0	0	0	0	0	0	0	0	0	0	0	0	0	0	0	0	0	0	0	0	0	0	0	0	1186	0	44888	718	0	5026	1336	0	11752	750	21850	1552	21766	1806	20254	894	3964	86	448	0	0	110	1718	5276	8018	1608	322	296	
308836	Cerebelum_Crus2_R	0	0	0	0	0	0	0	0	0	0	0	0	0	0	0	0	0	0	0	0	0	0	0	0	0	0	0	0	0	0	0	0	0	0	0	0	0	0	0	0	0	0	0	0	0	0	0	874	0	0	0	0	0	0	0	1630	0	0	0	0	0	0	0	0	0	0	0	0	0	0	0	0	0	0	0	0	0	0	0	0	0	0	0	0	0	0	0	0	0	456	5236	36738	5026	0	416	1660	850	9760	3304	15088	876	15822	2078	25490	286	2576	0	270	0	246	2668	7808	12684	1832	652	92	
57316	Cerebelum_3_L	0	0	0	0	0	0	0	0	0	0	0	0	0	0	0	0	0	0	0	0	0	0	0	0	0	0	0	0	0	0	0	0	0	0	0	0	0	0	88	0	0	0	0	0	0	0	0	70	0	0	0	0	0	0	68	0	0	0	0	0	0	0	0	0	0	0	0	0	0	0	0	0	0	0	0	0	0	0	0	0	0	0	0	0	0	0	0	0	0	0	2024	0	1336	416	0	0	8596	184	1988	76	556	152	2494	208	4308	0	314	0	492	1056	1108	1016	1560	436	112	0	
79520	Cerebelum_3_R	0	0	0	0	0	0	0	0	0	0	0	0	0	0	0	0	0	0	0	0	0	0	0	0	0	0	0	0	0	0	0	0	0	0	0	0	0	490	0	548	0	0	0	0	0	0	0	972	0	0	0	0	0	0	0	314	0	0	0	0	0	0	0	0	0	0	0	0	0	0	0	0	0	0	0	0	0	0	0	0	0	0	0	0	0	0	0	0	0	0	80	2806	0	1660	0	0	108	6000	182	3428	0	126	78	3996	0	5574	0	0	990	5060	2784	698	884	1210	1646	126	
340820	Cerebelum_4_5_L	0	0	0	0	0	0	0	0	0	0	0	0	0	0	0	0	0	0	0	0	0	0	0	0	0	0	0	0	0	0	0	0	0	0	0	0	152	0	452	0	0	0	0	0	0	0	6942	828	0	0	0	0	0	0	10718	84	0	0	0	0	0	0	0	0	0	0	0	0	0	0	0	0	0	0	0	0	0	0	0	0	0	0	0	0	0	0	0	0	344	0	30248	844	11752	850	8596	108	0	3408	41154	1328	4400	208	10142	692	9542	566	2564	0	318	870	15562	3168	2458	1050	884	178	
289544	Cerebelum_4_5_R	0	74	0	74	0	0	0	0	0	0	0	0	0	0	0	0	0	0	0	0	0	0	0	0	0	0	0	0	0	0	0	0	0	0	0	74	0	972	0	1598	0	0	0	0	0	0	848	6440	0	0	0	0	0	0	384	6456	0	0	0	0	0	0	0	0	0	0	0	266	0	0	0	0	0	0	0	0	0	214	0	0	0	0	0	0	0	0	0	0	0	0	2688	20578	750	9760	184	6000	3408	0	3472	29052	0	1396	124	14186	0	5538	0	1322	0	1014	16452	5138	3738	1590	982	0	
523492	Cerebelum_6_L	0	0	0	0	0	0	0	0	0	0	0	0	0	0	0	0	0	0	0	0	0	0	0	0	0	0	0	0	0	0	0	0	0	0	0	0	184	0	230	0	0	0	300	0	0	0	14174	1534	0	0	350	0	850	0	26668	394	0	0	0	0	0	0	0	0	0	0	168	0	0	0	0	0	0	0	0	0	0	0	0	0	0	0	0	0	0	0	0	0	1040	0	67928	2538	21850	3304	1988	182	41154	3472	0	4548	7090	1746	11600	1968	8670	200	2178	0	68	172	13398	13058	6768	1094	542	338	
383072	Cerebelum_6_R	0	0	0	0	0	0	0	0	0	0	0	0	0	0	0	0	0	0	0	0	0	0	0	0	0	0	0	0	0	0	0	0	0	0	0	0	0	364	0	452	0	0	0	132	0	0	552	7796	0	76	0	76	0	0	96	15824	0	0	0	0	0	0	0	0	0	0	0	112	0	0	0	0	0	0	0	0	0	0	0	0	0	0	0	0	0	0	0	0	0	0	3158	50894	1552	15088	76	3428	1328	29052	4548	0	80	1722	126	10982	0	4736	0	998	0	462	11666	14892	8872	1462	934	0	
188188	Cerebelum_7b_L	0	0	0	0	0	0	0	0	0	0	0	0	0	0	0	0	0	0	0	0	0	0	0	0	0	0	0	0	0	0	0	0	0	0	0	0	0	0	0	0	0	0	0	0	0	0	0	0	0	0	0	0	0	0	1688	0	0	0	0	0	0	0	0	0	0	0	0	0	0	0	0	0	0	0	0	0	0	0	0	0	0	0	0	0	0	0	0	0	106	0	10404	0	21766	876	556	0	4400	0	7090	80	0	390	29266	192	9770	0	2864	0	0	0	84	316	2244	2002	0	0	
119152	Cerebelum_7b_R	0	0	0	0	0	0	0	0	0	0	0	0	0	0	0	0	0	0	0	0	0	0	0	0	0	0	0	0	0	0	0	0	0	0	0	0	0	0	0	0	0	0	0	0	0	0	0	104	0	0	0	0	0	0	0	202	0	0	0	0	0	0	0	0	0	0	0	0	0	0	0	0	0	0	0	0	0	0	0	0	0	0	0	0	0	0	0	0	0	0	2066	4532	1806	15822	152	126	208	1396	1746	1722	390	0	804	19390	134	1288	0	80	0	0	318	2734	4038	518	0	0	
278964	Cerebelum_8_L	0	0	0	0	0	0	0	0	0	0	0	0	0	0	0	0	0	0	0	0	0	0	0	0	0	0	0	0	0	0	0	0	0	0	0	0	0	0	100	0	0	0	0	0	0	0	0	0	0	0	0	0	0	0	2426	0	0	0	0	0	0	0	0	0	0	0	0	0	0	0	0	0	0	0	0	0	0	0	0	0	0	0	0	0	0	0	0	0	112	0	16304	164	20254	2078	2494	78	10142	124	11600	126	29266	804	0	1090	24276	308	4922	0	142	198	790	1052	5072	4804	756	0	
312608	Cerebelum_8_R	0	0	0	0	0	0	0	0	0	0	0	0	0	0	0	0	0	0	0	0	0	0	0	0	0	0	0	0	0	0	0	0	0	0	0	0	0	0	0	0	0	0	0	0	0	0	90	1044	0	0	0	0	0	0	0	1512	0	0	0	0	0	0	0	0	0	0	0	0	0	0	0	0	0	0	0	0	0	0	0	0	0	0	0	0	0	0	0	0	0	0	1230	15630	894	25490	208	3996	692	14186	1968	10982	192	19390	1090	0	296	24810	0	3028	824	1816	4290	5458	6862	6054	3910	362	
164384	Cerebelum_9_L	0	0	0	0	0	0	0	0	0	0	0	0	0	0	0	0	0	0	0	0	0	0	0	0	0	0	0	0	0	0	0	0	0	0	0	0	0	0	180	0	0	0	0	0	0	0	0	0	0	0	0	0	0	0	1808	0	0	0	0	0	0	0	0	0	0	0	0	0	0	0	0	0	0	0	0	0	0	0	0	0	0	0	0	0	0	0	0	0	0	0	4780	0	3964	286	4308	0	9542	0	8670	0	9770	134	24276	296	0	940	6550	0	294	302	632	594	1974	1040	1358	494	
159356	Cerebelum_9_R	0	0	0	0	0	0	0	0	0	0	0	0	0	0	0	0	0	0	0	0	0	0	0	0	0	0	0	0	0	0	0	0	0	0	0	0	0	184	0	182	0	0	0	0	0	0	0	360	0	0	0	0	0	0	0	764	0	0	0	0	0	0	0	0	0	0	0	0	0	0	0	0	0	0	0	0	0	0	0	0	0	0	0	0	0	0	0	0	0	0	182	2342	86	2576	0	5574	566	5538	200	4736	0	1288	308	24810	940	0	0	3844	2494	4518	2176	1806	1688	4360	6792	1364	
42544	Cerebelum_10_L	0	0	0	0	0	0	0	0	0	0	0	0	0	0	0	0	0	0	0	0	0	0	0	0	0	0	0	0	0	0	0	0	0	0	0	0	0	0	0	0	0	0	0	0	0	0	0	0	0	0	0	0	0	0	894	0	0	0	0	0	0	0	0	0	0	0	0	0	0	0	0	0	0	0	0	0	0	0	0	0	0	0	0	0	0	0	0	0	0	0	538	0	448	0	314	0	2564	0	2178	0	2864	0	4922	0	6550	0	0	0	0	0	0	0	0	0	0	0	
20116	Cerebelum_10_R	0	0	0	0	0	0	0	0	0	0	0	0	0	0	0	0	0	0	0	0	0	0	0	0	0	0	0	0	0	0	0	0	0	0	0	0	0	0	0	0	0	0	0	0	0	0	0	0	0	0	0	0	0	0	0	186	0	0	0	0	0	0	0	0	0	0	0	0	0	0	0	0	0	0	0	0	0	0	0	0	0	0	0	0	0	0	0	0	0	0	0	190	0	270	0	0	0	1322	0	998	0	80	0	3028	0	3844	0	0	0	68	72	0	0	0	0	0	
29788	Vermis_1_2	0	0	0	0	0	0	0	0	0	0	0	0	0	0	0	0	0	0	0	0	0	0	0	0	0	0	0	0	0	0	0	0	0	0	0	0	0	0	86	0	0	0	0	0	0	0	0	0	0	0	0	0	0	0	0	0	0	0	0	0	0	0	0	0	0	0	0	0	0	0	0	0	0	0	0	0	0	0	0	0	0	0	0	0	0	0	0	0	0	0	70	0	0	0	492	990	318	0	68	0	0	0	142	824	294	2494	0	0	0	5894	658	574	312	606	898	174	
56984	Vermis_3	0	0	0	0	0	0	0	0	0	0	0	0	0	0	0	0	0	0	0	0	0	0	0	0	0	0	0	0	0	0	0	0	0	0	0	0	92	0	182	0	0	0	0	0	0	0	0	86	0	0	0	0	0	0	0	0	0	0	0	0	0	0	0	0	0	0	0	0	0	0	0	0	0	0	0	0	0	0	0	0	0	0	0	0	0	0	0	0	0	0	180	266	110	246	1056	5060	870	1014	172	462	0	0	198	1816	302	4518	0	68	5894	0	1508	706	596	1152	1758	180	
246196	Vermis_4_5	0	0	0	0	0	0	0	0	0	0	0	0	0	0	0	0	0	0	0	0	0	0	0	0	0	0	0	0	0	0	0	0	0	0	0	184	0	462	0	196	0	0	0	72	0	0	3228	3334	0	0	0	0	0	0	1498	1394	0	0	0	0	0	0	0	0	0	0	0	922	0	0	0	0	0	0	0	0	0	0	0	0	0	0	0	0	0	0	0	0	0	0	10582	6898	1718	2668	1108	2784	15562	16452	13398	11666	84	318	790	4290	632	2176	0	72	658	1508	0	8116	4100	2528	2838	862	
252892	Vermis_6	0	0	0	0	0	0	0	0	0	0	0	0	0	0	0	0	0	0	0	0	0	0	0	0	0	0	0	0	0	0	0	0	0	0	0	0	0	0	0	0	0	0	0	326	0	0	1100	4538	0	164	0	166	0	0	1102	3100	0	0	0	0	0	0	0	0	0	0	0	0	0	0	0	0	0	0	0	0	0	0	0	0	0	0	0	0	0	0	0	0	0	0	10824	9474	5276	7808	1016	698	3168	5138	13058	14892	316	2734	1052	5458	594	1806	0	0	574	706	8116	0	14304	3884	3186	1868	
233556	Vermis_7	0	0	0	0	0	0	0	0	0	0	0	0	0	0	0	0	0	0	0	0	0	0	0	0	0	0	0	0	0	0	0	0	0	0	0	0	0	0	0	0	0	0	0	0	0	0	114	1912	0	0	0	0	0	0	0	968	0	0	0	0	0	0	0	0	0	0	0	0	0	0	0	0	0	0	0	0	0	0	0	0	0	0	0	0	0	0	0	0	0	0	9564	6512	8018	12684	1560	884	2458	3738	6768	8872	2244	4038	5072	6862	1974	1688	0	0	312	596	4100	14304	0	7398	2678	1460	
