data	data	340168	182072	713332	584508	110532	103956	388568	235876	45652	17976	280824	225696	294940	199240	167644	66740	167536	146228	629632	664164	64844	72608	354016	309008	24296	57412	48160	53452	556136	414756	282736	415232	171408	478092	120308	142368	215872	288880	69492	200196	31712	78240	239228	364044	227796	360232	371096	410900	224292	322932	470316	335768	233436	99048	402532	480624	220028	117188	142144	106256	207712	139348	129136	103404	145928	162052	322332	420736	273588	125576	388812	353324	334512	322832	75860	32652	153368	195500	83532	12952	228364	80668	61824	50964	300880	203812	12740	16372	290784	149476	596704	544180	334536	330904	38260	87212	439644	388812	629380	524892	220744	144668	274388	312980	127800	153284	19932	38084	21808	69052	387980	297468	272136	129576	125144	38088	
data	data	Precentral_L	Precentral_R	Frontal_Sup_L	Frontal_Sup_R	Frontal_Sup_Orb_L	Frontal_Sup_Orb_R	Frontal_Mid_L	Frontal_Mid_R	Frontal_Mid_Orb_L	Frontal_Mid_Orb_R	Frontal_Inf_Oper_L	Frontal_Inf_Oper_R	Frontal_Inf_Tri_L	Frontal_Inf_Tri_R	Frontal_Inf_Orb_L	Frontal_Inf_Orb_R	Rolandic_Oper_L	Rolandic_Oper_R	Supp_Motor_Area_L	Supp_Motor_Area_R	Olfactory_L	Olfactory_R	Frontal_Sup_Medial_L	Frontal_Sup_Medial_R	Frontal_Med_Orb_L	Frontal_Med_Orb_R	Rectus_L	Rectus_R	Insula_L	Insula_R	Cingulum_Ant_L	Cingulum_Ant_R	Cingulum_Mid_L	Cingulum_Mid_R	Cingulum_Post_L	Cingulum_Post_R	Hippocampus_L	Hippocampus_R	ParaHippocampal_L	ParaHippocampal_R	Amygdala_L	Amygdala_R	Calcarine_L	Calcarine_R	Cuneus_L	Cuneus_R	Lingual_L	Lingual_R	Occipital_Sup_L	Occipital_Sup_R	Occipital_Mid_L	Occipital_Mid_R	Occipital_Inf_L	Occipital_Inf_R	Fusiform_L	Fusiform_R	Postcentral_L	Postcentral_R	Parietal_Sup_L	Parietal_Sup_R	Parietal_Inf_L	Parietal_Inf_R	SupraMarginal_L	SupraMarginal_R	Angular_L	Angular_R	Precuneus_L	Precuneus_R	Paracentral_Lobule_L	Paracentral_Lobule_R	Caudate_L	Caudate_R	Putamen_L	Putamen_R	Pallidum_L	Pallidum_R	Thalamus_L	Thalamus_R	Heschl_L	Heschl_R	Temporal_Sup_L	Temporal_Sup_R	Temporal_Pole_Sup_L	Temporal_Pole_Sup_R	Temporal_Mid_L	Temporal_Mid_R	Temporal_Pole_Mid_L	Temporal_Pole_Mid_R	Temporal_Inf_L	Temporal_Inf_R	Cerebelum_Crus1_L	Cerebelum_Crus1_R	Cerebelum_Crus2_L	Cerebelum_Crus2_R	Cerebelum_3_L	Cerebelum_3_R	Cerebelum_4_5_L	Cerebelum_4_5_R	Cerebelum_6_L	Cerebelum_6_R	Cerebelum_7b_L	Cerebelum_7b_R	Cerebelum_8_L	Cerebelum_8_R	Cerebelum_9_L	Cerebelum_9_R	Cerebelum_10_L	Cerebelum_10_R	Vermis_1_2	Vermis_3	Vermis_4_5	Vermis_6	Vermis_7	Vermis_8	Vermis_9	Vermis_10	
340168	Precentral_L	0	1474	9592	554	0	0	15546	898	0	0	7662	124	1758	128	0	0	6410	478	15376	5316	0	0	0	0	0	0	0	0	6064	638	1622	352	330	3050	1886	1532	5008	368	214	0	0	0	218	0	0	0	246	0	0	0	1056	0	216	0	332	0	19252	0	0	0	800	0	246	0	0	0	668	108	20754	642	6444	1536	4202	176	998	92	16152	2404	2046	0	3012	0	116	0	1144	0	0	0	844	0	0	0	0	0	0	0	0	0	0	0	0	0	0	0	0	0	0	0	0	0	0	0	0	0	0	0	
182072	Precentral_R	1474	0	676	4252	0	0	572	8596	0	0	0	3076	0	0	0	0	0	1486	2104	7214	0	0	0	0	0	0	0	0	184	1216	0	0	408	202	1476	1674	766	4452	118	826	0	0	0	102	478	0	0	100	118	0	88	234	0	0	88	926	78	10058	0	146	0	180	0	978	0	330	526	770	2044	6892	4900	3474	3882	960	2576	310	1040	5652	70	90	0	784	0	0	0	1378	0	0	0	1012	0	0	0	0	0	0	0	0	0	0	0	0	0	0	0	0	0	0	0	0	0	0	0	0	0	0	
713332	Frontal_Sup_L	9592	676	0	7036	8130	0	59948	2652	2410	0	16680	1936	17772	1024	10260	0	3880	748	52772	10166	0	0	41260	6746	794	0	130	0	27760	2390	13332	8460	5076	7906	168	162	2196	98	114	0	0	0	0	0	0	0	0	0	0	0	212	0	68	0	344	0	2394	0	0	0	0	0	0	0	0	0	0	0	154	0	8562	3002	10106	1120	462	72	2490	242	622	0	2118	0	1164	142	496	0	0	0	622	0	0	0	0	0	0	0	0	0	0	0	0	0	0	0	0	0	0	0	0	0	0	0	0	0	0	0	
584508	Frontal_Sup_R	554	4252	7036	0	0	3460	1428	28674	0	322	120	12406	220	9962	68	2522	0	5360	12206	48218	0	0	10240	33138	0	1300	0	0	340	13618	3556	32628	1226	25582	0	76	110	2894	0	642	0	260	0	0	0	0	0	102	0	0	0	0	0	0	0	284	0	764	0	0	0	0	0	70	0	0	0	0	74	0	2254	8326	688	10886	410	1432	176	3718	0	0	0	234	0	418	0	0	0	0	0	0	0	0	0	0	0	0	0	0	0	0	0	0	0	0	0	0	0	0	0	0	0	0	0	0	0	0	
110532	Frontal_Sup_Orb_L	0	0	8130	0	0	0	1620	0	7612	0	0	0	1760	0	7994	0	0	0	220	0	706	94	5736	476	3174	300	4590	0	3686	0	3666	296	0	0	0	0	0	0	0	0	0	0	0	0	0	0	0	0	0	0	0	0	0	0	0	0	0	0	0	0	0	0	0	0	0	0	0	0	0	0	284	70	4618	0	0	0	0	0	0	0	0	0	234	0	0	0	0	0	0	0	0	0	0	0	0	0	0	0	0	0	0	0	0	0	0	0	0	0	0	0	0	0	0	0	0	0	
103956	Frontal_Sup_Orb_R	0	0	0	3460	0	0	0	710	0	3982	0	98	0	630	0	3930	0	0	0	216	682	1750	172	3544	78	6772	252	7194	0	2286	182	3488	0	0	0	0	0	324	0	74	0	196	0	0	0	0	0	0	0	0	0	0	0	0	0	0	0	0	0	0	0	0	0	0	0	0	0	0	0	0	790	5336	180	5508	0	144	0	0	0	0	0	0	0	0	0	0	0	0	0	0	0	0	0	0	0	0	0	0	0	0	0	0	0	0	0	0	0	0	0	0	0	0	0	0	0	0	
388568	Frontal_Mid_L	15546	572	59948	1428	1620	0	0	1276	1280	0	13142	260	30438	192	8068	0	814	508	7564	820	0	0	14190	1596	0	0	0	0	13076	764	4984	1982	2472	798	104	86	710	0	0	0	0	0	0	0	0	0	0	0	0	0	0	0	0	0	122	0	292	0	0	0	0	0	0	0	0	0	0	0	120	0	4774	2066	574	272	0	0	510	80	214	0	466	0	288	0	128	0	0	0	140	0	0	0	0	0	0	0	0	0	0	0	0	0	0	0	0	0	0	0	0	0	0	0	0	0	0	0	
235876	Frontal_Mid_R	898	8596	2652	28674	0	710	1276	0	0	690	192	7556	96	11168	68	4222	94	1742	3568	5882	0	0	672	3236	0	0	0	0	638	7314	168	1434	74	3728	0	0	280	1014	0	192	0	0	0	0	0	0	0	0	0	0	0	0	0	0	0	100	0	242	0	0	0	0	0	0	0	0	0	0	0	0	6026	3772	3392	3548	1992	116	388	976	68	0	0	164	0	320	0	0	0	0	0	0	0	0	0	0	0	0	0	0	0	0	0	0	0	0	0	0	0	0	0	0	0	0	0	0	0	0	
45652	Frontal_Mid_Orb_L	0	0	2410	0	7612	0	1280	0	0	0	0	0	832	0	7342	0	0	0	0	0	78	78	156	0	94	0	946	0	846	0	106	0	0	0	0	0	0	0	0	0	0	0	0	0	0	0	0	0	0	0	0	0	0	0	0	0	0	0	0	0	0	0	0	0	0	0	0	0	0	0	82	0	964	0	0	0	0	0	0	0	0	0	0	0	0	0	0	0	0	0	0	0	0	0	0	0	0	0	0	0	0	0	0	0	0	0	0	0	0	0	0	0	0	0	0	0	
17976	Frontal_Mid_Orb_R	0	0	0	322	0	3982	0	690	0	0	0	0	0	404	0	2062	0	0	0	0	0	0	0	0	0	208	0	362	0	234	0	0	0	0	0	0	0	0	0	0	0	0	0	0	0	0	0	0	0	0	0	0	0	0	0	0	0	0	0	0	0	0	0	0	0	0	0	0	0	0	0	278	0	446	0	0	0	0	0	0	0	0	0	0	0	0	0	0	0	0	0	0	0	0	0	0	0	0	0	0	0	0	0	0	0	0	0	0	0	0	0	0	0	0	0	0	
280824	Frontal_Inf_Oper_L	7662	0	16680	120	0	0	13142	192	0	0	0	438	20530	494	1280	0	5632	76	13606	180	0	0	1674	136	0	0	0	0	29352	572	8270	478	80	0	0	0	986	0	78	0	0	0	0	0	0	0	0	0	0	0	96	0	0	0	294	0	3182	0	0	0	0	0	0	0	0	0	0	0	0	0	3510	520	2566	0	0	0	838	0	936	0	3868	0	2322	0	380	0	0	0	242	0	0	0	0	0	0	0	0	0	0	0	0	0	0	0	0	0	0	0	0	0	0	0	0	0	0	0	
225696	Frontal_Inf_Oper_R	124	3076	1936	12406	0	98	260	7556	0	0	438	0	362	14026	154	0	0	8050	2278	10646	0	0	1020	284	0	0	0	0	684	22866	174	1620	0	2154	0	0	0	2456	0	1448	0	196	0	0	0	0	0	0	0	0	0	0	0	0	0	370	0	584	0	0	0	0	0	0	0	0	0	0	0	0	5446	2682	736	6856	0	206	104	504	0	0	0	342	0	706	0	0	0	0	0	0	0	0	0	0	0	0	0	0	0	0	0	0	0	0	0	0	0	0	0	0	0	0	0	0	0	0	
294940	Frontal_Inf_Tri_L	1758	0	17772	220	1760	0	30438	96	832	0	20530	362	0	302	19688	0	0	0	5730	124	0	0	3920	408	0	0	0	0	29340	428	6636	356	1410	152	0	0	0	0	0	0	0	0	0	0	0	0	0	0	0	0	0	0	0	0	0	0	548	0	0	0	0	0	0	0	0	0	0	0	0	0	3360	186	834	0	0	0	0	0	0	0	0	0	280	0	0	0	0	0	0	0	0	0	0	0	0	0	0	0	0	0	0	0	0	0	0	0	0	0	0	0	0	0	0	0	0	0	
199240	Frontal_Inf_Tri_R	128	0	1024	9962	0	630	192	11168	0	404	494	14026	302	0	68	5084	0	220	1216	4414	0	0	584	1812	0	224	0	0	778	23886	546	5308	0	3388	0	0	0	1076	0	624	0	148	0	0	0	0	0	0	0	0	0	0	0	0	0	256	0	0	0	0	0	0	0	0	0	0	0	0	0	0	4238	3552	900	2776	0	0	0	122	0	0	0	0	0	70	0	0	0	0	0	0	0	0	0	0	0	0	0	0	0	0	0	0	0	0	0	0	0	0	0	0	0	0	0	0	0	0	
167644	Frontal_Inf_Orb_L	0	0	10260	68	7994	0	8068	68	7342	0	1280	154	19688	68	0	0	0	0	1376	0	1010	96	694	0	0	0	964	0	16970	194	358	140	704	0	0	0	130	0	132	0	100	0	0	0	0	0	0	0	0	0	0	0	0	0	72	0	0	0	0	0	0	0	0	0	0	0	0	0	0	0	1114	194	3254	0	0	0	0	0	0	0	0	0	1330	0	0	0	0	0	0	0	0	0	0	0	0	0	0	0	0	0	0	0	0	0	0	0	0	0	0	0	0	0	0	0	0	0	
66740	Frontal_Inf_Orb_R	0	0	0	2522	0	3930	0	4222	0	2062	0	0	0	5084	0	0	0	0	0	80	0	908	0	660	0	0	0	1362	0	7868	0	1144	0	336	0	0	0	120	0	180	0	214	0	0	0	0	0	0	0	0	0	0	0	0	0	0	0	0	0	0	0	0	0	0	0	0	0	0	0	0	144	724	0	1612	0	0	0	0	0	0	0	0	0	198	0	0	0	0	0	0	0	0	0	0	0	0	0	0	0	0	0	0	0	0	0	0	0	0	0	0	0	0	0	0	0	0	
167536	Rolandic_Oper_L	6410	0	3880	0	0	0	814	94	0	0	5632	0	0	0	0	0	0	0	7674	0	0	0	0	0	0	0	0	0	15392	76	1732	0	0	0	0	0	1262	0	170	0	0	0	178	0	0	0	222	0	0	0	1688	0	628	0	602	0	7750	0	0	0	264	0	4364	0	118	0	292	0	272	0	384	104	622	0	0	0	936	0	3278	0	12244	0	1188	0	3110	0	0	0	2388	0	0	0	0	0	0	0	0	0	0	0	0	0	0	0	0	0	0	0	0	0	0	0	0	0	0	0	
146228	Rolandic_Oper_R	478	1486	748	5360	0	0	508	1742	0	0	76	8050	0	220	0	0	0	0	634	6180	0	0	120	0	0	0	0	0	378	16212	0	760	0	482	0	0	178	1744	0	696	0	0	0	0	0	0	0	0	0	0	0	0	0	0	0	282	0	3302	0	0	0	102	0	1282	0	160	130	574	0	90	2776	1820	1488	5442	96	834	396	2108	0	1144	0	2890	0	1636	0	386	0	0	0	124	0	0	0	0	0	0	0	0	0	0	0	0	0	0	0	0	0	0	0	0	0	0	0	0	0	0	
629632	Supp_Motor_Area_L	15376	2104	52772	12206	220	0	7564	3568	0	0	13606	2278	5730	1216	1376	0	7674	634	0	31888	0	0	9798	5030	94	0	0	0	22726	2296	5706	5694	10888	20296	210	0	4624	258	328	82	0	0	76	112	92	288	98	0	0	274	818	270	192	0	1338	0	6456	0	0	0	166	0	100	0	0	0	304	496	8904	176	9052	2658	14360	3566	5482	164	3152	286	1294	0	4380	0	772	84	1194	0	0	0	1970	0	0	0	0	0	0	0	0	0	0	0	0	0	0	0	0	0	0	0	0	0	0	0	0	0	0	0	
664164	Supp_Motor_Area_R	5316	7214	10166	48218	0	216	820	5882	0	0	180	10646	124	4414	0	80	0	6180	31888	0	0	0	3086	8538	0	94	0	0	330	12792	872	16012	7408	37856	1520	4024	168	2540	0	1370	0	406	78	468	584	980	0	842	140	788	0	840	0	0	0	958	290	2120	0	164	0	262	0	120	0	282	802	4168	13322	15366	1806	23764	616	12742	328	1532	370	18718	0	68	0	280	0	302	0	384	0	0	0	238	0	0	0	0	0	0	0	0	0	0	0	0	0	0	0	0	0	0	0	0	0	0	0	0	0	0	
64844	Olfactory_L	0	0	0	0	706	682	0	0	78	0	0	0	0	0	1010	0	0	0	0	0	0	5346	0	0	150	82	2380	1570	1560	0	2304	2632	0	0	0	0	206	0	500	0	382	0	0	0	0	0	0	0	0	0	0	0	0	0	244	0	0	0	0	0	0	0	0	0	0	0	0	0	0	0	5720	3740	1906	164	0	0	0	0	0	0	0	0	1060	0	0	0	0	0	0	0	0	0	0	0	0	0	0	0	0	0	0	0	0	0	0	0	0	0	0	0	0	0	0	0	0	0	
72608	Olfactory_R	0	0	0	0	94	1750	0	0	78	0	0	0	0	0	96	908	0	0	0	0	5346	0	0	0	0	402	1828	3044	0	2124	2264	2898	0	0	0	0	0	136	0	350	0	1248	0	0	0	0	0	0	0	0	0	0	0	0	0	0	0	0	0	0	0	0	0	0	0	0	0	0	0	0	6172	4746	2094	350	0	0	0	0	0	0	0	0	0	376	0	0	0	0	0	0	0	0	0	0	0	0	0	0	0	0	0	0	0	0	0	0	0	0	0	0	0	0	0	0	0	0	
354016	Frontal_Sup_Medial_L	0	0	41260	10240	5736	172	14190	672	156	0	1674	1020	3920	584	694	0	0	120	9798	3086	0	0	0	26002	2130	526	372	0	3778	1328	16452	11184	4206	10652	0	0	0	0	0	0	0	0	0	0	0	0	0	0	0	0	0	0	0	0	0	0	0	0	0	0	0	0	0	0	0	0	0	0	0	0	2900	476	3044	636	0	0	0	0	0	0	0	0	0	0	0	0	0	0	0	0	0	0	0	0	0	0	0	0	0	0	0	0	0	0	0	0	0	0	0	0	0	0	0	0	0	0	
309008	Frontal_Sup_Medial_R	0	0	6746	33138	476	3544	1596	3236	0	0	136	284	408	1812	0	660	0	0	5030	8538	0	0	26002	0	292	3318	0	162	464	2654	6056	24690	506	16832	0	0	0	266	0	0	0	0	0	0	0	0	0	0	0	0	0	0	0	0	0	0	0	0	0	0	0	0	0	0	0	0	0	0	0	0	300	3154	284	3778	0	142	0	0	0	0	0	0	0	0	0	0	0	0	0	0	0	0	0	0	0	0	0	0	0	0	0	0	0	0	0	0	0	0	0	0	0	0	0	0	0	0	
24296	Frontal_Med_Orb_L	0	0	794	0	3174	78	0	0	94	0	0	0	0	0	0	0	0	0	94	0	150	0	2130	292	0	954	1552	152	102	0	2046	120	0	0	0	0	0	0	0	0	0	0	0	0	0	0	0	0	0	0	0	0	0	0	0	0	0	0	0	0	0	0	0	0	0	0	0	0	0	0	180	0	236	0	0	0	0	0	0	0	0	0	0	0	0	0	0	0	0	0	0	0	0	0	0	0	0	0	0	0	0	0	0	0	0	0	0	0	0	0	0	0	0	0	0	0	
57412	Frontal_Med_Orb_R	0	0	0	1300	300	6772	0	0	0	208	0	0	0	224	0	0	0	0	0	94	82	402	526	3318	954	0	176	3920	0	308	472	3512	0	0	0	0	0	0	0	0	0	0	0	0	0	0	0	0	0	0	0	0	0	0	0	0	0	0	0	0	0	0	0	0	0	0	0	0	0	0	88	3544	0	2506	0	0	0	0	0	0	0	0	0	0	0	0	0	0	0	0	0	0	0	0	0	0	0	0	0	0	0	0	0	0	0	0	0	0	0	0	0	0	0	0	0	0	
48160	Rectus_L	0	0	130	0	4590	252	0	0	946	0	0	0	0	0	964	0	0	0	0	0	2380	1828	372	0	1552	176	0	1014	556	0	3040	1096	0	0	0	0	0	0	0	0	0	0	0	0	0	0	0	0	0	0	0	0	0	0	0	0	0	0	0	0	0	0	0	0	0	0	0	0	0	0	2054	928	2202	0	0	0	0	0	0	0	0	0	0	0	0	0	0	0	0	0	0	0	0	0	0	0	0	0	0	0	0	0	0	0	0	0	0	0	0	0	0	0	0	0	0	0	
53452	Rectus_R	0	0	0	0	0	7194	0	0	0	362	0	0	0	0	0	1362	0	0	0	0	1570	3044	0	162	152	3920	1014	0	0	858	778	1974	0	0	0	0	0	0	0	0	0	280	0	0	0	0	0	0	0	0	0	0	0	0	0	0	0	0	0	0	0	0	0	0	0	0	0	0	0	0	1384	1712	572	388	0	0	0	0	0	0	0	0	0	0	0	0	0	0	0	0	0	0	0	0	0	0	0	0	0	0	0	0	0	0	0	0	0	0	0	0	0	0	0	0	0	0	
556136	Insula_L	6064	184	27760	340	3686	0	13076	638	846	0	29352	684	29340	778	16970	0	15392	378	22726	330	1560	0	3778	464	102	0	556	0	0	1144	8680	864	1070	180	136	0	11280	0	1406	0	1396	0	320	0	0	0	298	0	0	0	1730	0	1006	0	5198	0	2038	0	0	0	144	0	810	0	70	0	432	0	318	0	6792	1114	14366	90	0	0	3384	104	6944	0	13054	0	6286	0	5194	0	72	0	7144	0	0	0	0	0	0	0	0	0	0	0	0	0	0	0	0	0	0	0	0	0	0	0	0	0	0	0	
414756	Insula_R	638	1216	2390	13618	0	2286	764	7314	0	234	572	22866	428	23886	194	7868	76	16212	2296	12792	0	2124	1328	2654	0	308	0	858	1144	0	740	7250	0	2930	0	68	166	9084	0	5076	0	4084	0	68	0	0	0	102	0	0	0	194	0	0	0	3792	0	548	0	0	0	0	0	96	0	0	0	242	0	0	8200	7008	2062	19906	0	148	418	2562	0	826	0	2602	0	2270	0	1254	0	0	0	1616	0	0	0	0	0	0	0	0	0	0	0	0	0	0	0	0	0	0	0	0	0	0	0	0	0	0	
282736	Cingulum_Ant_L	1622	0	13332	3556	3666	182	4984	168	106	0	8270	174	6636	546	358	0	1732	0	5706	872	2304	2264	16452	6056	2046	472	3040	778	8680	740	0	14058	4254	3344	274	0	750	0	0	0	0	0	0	0	0	0	0	0	0	0	0	0	0	0	212	0	304	0	0	0	0	0	0	0	0	0	0	0	0	0	9664	3142	8418	488	0	0	0	0	0	0	1136	0	376	0	0	0	0	0	206	0	0	0	0	0	0	0	0	0	0	0	0	0	0	0	0	0	0	0	0	0	0	0	0	0	0	0	
415232	Cingulum_Ant_R	352	0	8460	32628	296	3488	1982	1434	0	0	478	1620	356	5308	140	1144	0	760	5694	16012	2632	2898	11184	24690	120	3512	1096	1974	864	7250	14058	0	1378	19616	0	0	0	270	0	0	0	0	0	0	0	0	0	0	0	0	0	0	0	0	0	0	0	0	0	0	0	0	0	0	0	0	0	0	0	0	7168	17454	3238	7562	0	136	0	194	0	0	70	0	0	100	0	0	0	0	0	0	0	0	0	0	0	0	0	0	0	0	0	0	0	0	0	0	0	0	0	0	0	0	0	0	0	0	
171408	Cingulum_Mid_L	330	408	5076	1226	0	0	2472	74	0	0	80	0	1410	0	704	0	0	0	10888	7408	0	0	4206	506	0	0	0	0	1070	0	4254	1378	0	11174	3924	260	0	0	0	0	0	0	140	0	4322	80	88	0	3346	94	2908	90	874	0	104	0	562	0	130	100	780	194	156	0	290	172	5822	814	4614	760	616	180	118	96	372	0	0	0	0	0	0	0	0	0	462	0	0	0	572	0	0	0	0	0	0	0	0	0	0	0	0	0	0	0	0	0	0	0	0	0	0	0	0	0	0	0	
478092	Cingulum_Mid_R	3050	202	7906	25582	0	0	798	3728	0	0	0	2154	152	3388	0	336	0	482	20296	37856	0	0	10652	16832	0	0	0	0	180	2930	3344	19616	11174	0	2112	5976	0	260	0	176	0	0	0	1160	134	4862	0	1014	0	4736	0	3358	0	0	0	274	70	1342	0	830	0	1358	0	246	0	1264	2010	15880	8686	7656	276	932	0	2818	0	82	0	250	0	0	0	82	0	0	0	390	0	0	0	154	0	0	0	0	0	0	0	0	0	0	0	0	0	0	0	0	0	0	0	0	0	0	0	0	0	0	
120308	Cingulum_Post_L	1886	1476	168	0	0	0	104	0	0	0	0	0	0	0	0	0	0	0	210	1520	0	0	0	0	0	0	0	0	136	0	274	0	3924	2112	0	8122	4650	912	1324	0	0	0	2868	0	2152	262	2798	0	570	0	124	0	80	0	320	0	96	0	0	0	0	0	0	0	0	0	10080	1324	5134	1042	0	250	0	0	0	0	2494	3408	94	0	0	0	0	0	130	0	0	0	110	0	0	0	0	0	0	0	0	0	0	0	0	0	0	0	0	0	0	0	0	0	0	0	0	0	0	0	
142368	Cingulum_Post_R	1532	1674	162	76	0	0	86	0	0	0	0	0	0	0	0	0	0	0	0	4024	0	0	0	0	0	0	0	0	0	68	0	0	260	5976	8122	0	2592	4004	222	1736	0	0	0	1430	0	1406	94	4682	0	790	0	1014	0	0	124	1572	0	768	0	0	0	0	0	0	0	74	1262	13902	700	2952	70	254	0	0	0	0	2914	5006	80	0	0	0	0	0	0	814	0	0	0	312	0	0	0	0	0	0	0	230	0	0	0	0	0	0	0	0	0	0	0	0	200	0	0	0	0	0	
215872	Hippocampus_L	5008	766	2196	110	0	0	710	280	0	0	986	0	0	0	130	0	1262	178	4624	168	206	0	0	0	0	0	0	0	11280	166	750	0	0	0	4650	2592	0	1078	8604	122	5582	0	1740	0	0	0	3180	82	0	0	236	0	312	0	11256	106	266	0	0	0	0	0	0	0	0	0	3902	0	1664	0	1296	262	7534	172	332	116	4644	1876	2108	0	1872	0	1854	0	1246	0	128	0	10048	0	70	0	0	0	0	0	88	0	98	0	0	0	0	0	0	0	0	0	0	0	0	0	0	0	0	0	
288880	Hippocampus_R	368	4452	98	2894	0	324	0	1014	0	0	0	2456	0	1076	0	120	0	1744	258	2540	0	136	0	266	0	0	0	0	0	9084	0	270	0	260	912	4004	1078	0	398	29604	0	11488	0	1324	0	0	96	3990	0	0	0	114	0	172	114	24316	190	408	0	0	0	0	0	0	0	0	74	4940	0	860	390	622	314	15702	172	1588	726	5452	0	128	0	512	0	1332	0	476	0	114	0	4266	0	0	0	0	70	0	106	646	0	0	0	0	0	0	0	0	0	0	0	122	260	0	0	0	0	0	
69492	ParaHippocampal_L	214	118	114	0	0	0	0	0	0	0	78	0	0	0	132	0	170	0	328	0	500	0	0	0	0	0	0	0	1406	0	0	0	0	0	1324	222	8604	398	0	156	1644	0	924	0	0	0	2456	188	0	0	426	0	282	0	5144	108	0	0	0	0	0	0	0	0	0	0	1674	0	140	0	0	0	792	0	0	0	320	180	0	0	448	0	728	0	244	0	92	0	1340	0	484	0	0	0	760	106	1334	0	640	0	0	0	0	0	0	0	0	0	128	400	0	0	0	0	0	0	
200196	ParaHippocampal_R	0	826	0	642	0	74	0	192	0	0	0	1448	0	624	0	180	0	696	82	1370	0	350	0	0	0	0	0	0	0	5076	0	0	0	176	0	1736	122	29604	156	0	0	7498	0	1280	0	88	0	4016	0	0	0	176	0	498	0	20494	0	122	0	0	0	0	0	0	0	0	0	3734	0	846	114	142	0	7704	0	714	0	1044	0	128	0	300	0	2372	0	386	0	682	0	1982	0	350	0	0	0	130	130	1200	0	456	0	0	0	0	0	0	0	0	0	70	88	0	0	0	0	0	
31712	Amygdala_L	0	0	0	0	0	0	0	0	0	0	0	0	0	0	100	0	0	0	0	0	382	0	0	0	0	0	0	0	1396	0	0	0	0	0	0	0	5582	0	1644	0	0	0	0	0	0	0	0	0	0	0	0	0	0	0	2944	0	0	0	0	0	0	0	0	0	0	0	0	0	0	0	72	0	398	0	0	0	340	124	0	0	0	0	1056	0	238	0	72	0	1508	0	0	0	0	0	0	0	0	0	0	0	0	0	0	0	0	0	0	0	0	0	0	0	0	0	0	0	
78240	Amygdala_R	0	0	0	260	0	196	0	0	0	0	0	196	0	148	0	214	0	0	0	406	0	1248	0	0	0	0	0	280	0	4084	0	0	0	0	0	0	0	11488	0	7498	0	0	0	0	0	0	0	0	0	0	0	0	0	0	0	4394	0	0	0	0	0	0	0	0	0	0	0	0	0	0	0	80	0	3920	0	0	0	138	0	0	0	0	0	2630	0	0	0	202	0	1738	0	0	0	0	0	0	0	0	0	0	0	0	0	0	0	0	0	0	0	0	0	0	0	0	0	0	
239228	Calcarine_L	218	0	0	0	0	0	0	0	0	0	0	0	0	0	0	0	178	0	76	78	0	0	0	0	0	0	0	0	320	0	0	0	140	0	2868	0	1740	0	924	0	0	0	0	11688	14182	8632	20074	3686	8514	1338	13410	372	6626	82	2792	256	242	0	0	0	76	0	0	0	0	0	10174	1224	942	70	0	0	0	0	0	0	0	0	0	0	142	0	0	0	712	0	0	0	800	0	1424	108	0	80	0	0	2042	286	1090	0	0	0	0	0	164	0	0	0	0	0	1598	148	98	0	0	0	
364044	Calcarine_R	0	102	0	0	0	0	0	0	0	0	0	0	0	0	0	0	0	0	112	468	0	0	0	0	0	0	0	0	0	68	0	0	0	1160	0	1430	0	1324	0	1280	0	0	11688	0	9972	35428	4442	24628	676	25616	294	18786	118	7312	70	7728	0	166	0	274	0	252	0	106	0	312	798	17186	0	226	0	0	0	0	0	0	0	0	0	0	0	0	0	0	0	6262	0	0	0	1642	0	0	0	0	0	0	86	402	74	106	0	0	0	0	0	0	0	0	0	0	1348	80	0	0	0	0	
227796	Cuneus_L	0	478	0	0	0	0	0	0	0	0	0	0	0	0	0	0	0	0	92	584	0	0	0	0	0	0	0	0	0	0	0	0	4322	134	2152	0	0	0	0	0	0	0	14182	9972	0	12540	1574	550	24438	2226	8522	124	1380	0	108	0	1978	0	1284	0	760	0	0	0	98	0	17344	2892	5174	490	0	0	0	0	0	0	0	0	0	0	0	0	0	0	316	0	0	0	184	0	0	0	0	0	0	0	0	0	0	0	0	0	0	0	0	0	0	0	0	0	0	0	0	0	0	0	
360232	Cuneus_R	0	0	0	0	0	0	0	0	0	0	0	0	0	0	0	0	0	0	288	980	0	0	0	0	0	0	0	0	0	0	0	0	80	4862	262	1406	0	0	0	88	0	0	8632	35428	12540	0	1570	4906	912	41952	318	20970	102	1558	0	1196	0	232	0	3374	0	988	0	172	0	1232	6132	27482	0	372	0	0	0	0	0	0	0	0	0	0	0	0	0	0	0	1574	0	0	0	360	0	0	0	0	0	0	0	0	0	0	0	0	0	0	0	0	0	0	0	0	148	0	0	0	0	0	
371096	Lingual_L	246	0	0	0	0	0	0	0	0	0	0	0	0	0	0	0	222	0	98	0	0	0	0	0	0	0	0	0	298	0	0	0	88	0	2798	94	3180	96	2456	0	0	0	20074	4442	1574	1570	0	10338	3954	1018	15836	494	13884	250	21794	3044	144	0	0	0	0	0	0	0	0	0	5768	108	666	0	0	0	96	0	0	0	0	0	96	0	190	0	0	0	1032	0	0	0	1198	0	8768	2456	70	304	102	154	14994	4932	16064	4364	86	0	112	0	372	92	0	0	0	134	8550	5368	1212	0	184	84	
410900	Lingual_R	0	100	0	102	0	0	0	0	0	0	0	0	0	0	0	0	0	0	0	842	0	0	0	0	0	0	0	0	0	102	0	0	0	1014	0	4682	82	3990	188	4016	0	0	3686	24628	550	4906	10338	0	94	6098	524	6720	480	6478	3658	26914	0	408	0	98	0	68	0	0	0	80	164	12264	102	830	0	120	0	192	0	0	0	734	0	0	0	0	0	0	0	2568	0	0	0	1408	4600	3944	130	252	200	476	7922	12324	12390	9210	0	0	0	0	190	0	0	0	0	208	13688	9682	1006	0	0	0	
224292	Occipital_Sup_L	0	118	0	0	0	0	0	0	0	0	0	0	0	0	0	0	0	0	0	140	0	0	0	0	0	0	0	0	0	0	0	0	3346	0	570	0	0	0	0	0	0	0	8514	676	24438	912	3954	94	0	0	29022	0	3196	0	498	0	1674	0	11618	0	1624	0	0	0	172	0	18154	458	1996	114	0	0	0	0	0	0	0	0	0	0	0	0	0	0	452	0	0	0	406	0	0	0	0	0	0	0	0	0	0	0	0	0	0	0	0	0	0	0	0	0	0	0	0	0	0	0	
322932	Occipital_Sup_R	0	0	0	0	0	0	0	0	0	0	0	0	0	0	0	0	0	0	274	788	0	0	0	0	0	0	0	0	0	0	0	0	94	4736	0	790	0	0	0	0	0	0	1338	25616	2226	41952	1018	6098	0	0	0	33370	0	2256	0	2508	0	240	0	4928	0	1740	0	248	0	3974	3066	21648	0	298	0	0	0	0	0	0	0	0	0	0	0	0	0	0	0	1688	0	0	0	464	0	0	0	0	0	0	0	0	0	0	0	0	0	0	0	0	0	0	0	0	108	0	0	0	0	0	
470316	Occipital_Mid_L	1056	88	212	0	0	0	0	0	0	0	96	0	0	0	0	0	1688	0	818	0	0	0	0	0	0	0	0	0	1730	0	0	0	2908	0	124	0	236	0	426	0	0	0	13410	294	8522	318	15836	524	29022	0	0	0	35572	0	8756	74	7588	0	13124	0	16806	0	1842	0	19244	0	14280	180	9146	0	72	0	0	0	0	0	0	0	928	0	1296	0	0	0	21652	0	0	0	6084	0	164	0	0	0	0	0	270	150	336	0	0	0	0	0	0	0	0	0	0	0	212	74	0	0	0	0	
335768	Occipital_Mid_R	0	234	0	0	0	0	0	0	0	0	0	0	0	0	0	0	0	0	270	840	0	0	0	0	0	0	0	0	0	194	0	0	90	3358	0	1014	0	114	0	176	0	0	372	18786	124	20970	494	6720	0	33370	0	0	0	6024	110	5188	0	670	0	4124	0	6084	0	1656	0	14030	1986	17222	0	508	0	0	0	0	0	0	0	0	0	0	0	1358	0	0	0	16220	0	0	0	3790	122	0	0	0	0	0	144	346	280	210	0	0	0	0	0	0	0	0	0	0	384	302	0	0	0	0	
233436	Occipital_Inf_L	216	0	68	0	0	0	0	0	0	0	0	0	0	0	0	0	628	0	192	0	0	0	0	0	0	0	0	0	1006	0	0	0	874	0	80	0	312	0	282	0	0	0	6626	118	1380	102	13884	480	3196	0	35572	0	0	0	13986	144	1298	0	932	0	1368	0	376	0	396	0	2908	76	1088	0	0	0	0	0	0	0	0	0	1292	0	1284	0	0	0	11106	0	0	0	12396	0	344	0	0	0	0	0	704	298	964	86	0	0	0	0	0	0	0	0	0	0	490	166	0	0	0	0	
99048	Occipital_Inf_R	0	0	0	0	0	0	0	0	0	0	0	0	0	0	0	0	0	0	0	0	0	0	0	0	0	0	0	0	0	0	0	0	0	0	0	0	0	172	0	498	0	0	82	7312	0	1558	250	6478	0	2256	0	6024	0	0	158	11540	0	0	0	0	0	0	0	0	0	0	0	1178	0	0	0	0	0	90	0	0	0	0	0	0	0	0	0	0	0	2368	0	0	0	6062	246	112	0	0	0	0	276	538	528	610	0	0	0	0	0	0	0	0	0	0	560	628	0	0	0	0	
402532	Fusiform_L	332	88	344	0	0	0	122	0	0	0	294	0	0	0	72	0	602	0	1338	0	244	0	0	0	0	0	0	0	5198	0	212	0	104	0	320	124	11256	114	5144	0	2944	0	2792	70	108	0	21794	3658	498	0	8756	110	13986	158	0	2188	120	0	0	0	0	0	82	0	0	0	1052	0	254	0	192	0	2068	0	0	0	332	128	3282	0	3418	0	1462	0	4116	0	552	0	19606	0	21740	1036	1116	0	0	0	15264	3166	27544	2578	518	0	228	0	0	0	90	0	0	0	5018	2902	432	0	0	0	
480624	Fusiform_R	0	926	0	284	0	0	0	100	0	0	0	370	0	256	0	0	0	282	0	958	0	0	0	0	0	0	0	0	0	3792	0	0	0	274	0	1572	106	24316	108	20494	0	4394	256	7728	0	1196	3044	26914	0	2508	74	5188	144	11540	2188	0	0	260	0	0	0	0	0	0	0	0	0	3336	0	1126	76	0	0	4518	0	334	0	434	0	222	0	666	0	1958	0	2306	0	1194	0	13738	3850	16252	242	1146	0	386	4510	14212	8254	21302	0	72	0	264	482	124	0	80	0	94	9710	8894	998	0	260	0	
220028	Postcentral_L	19252	78	2394	0	0	0	292	0	0	0	3182	0	548	0	0	0	7750	0	6456	290	0	0	0	0	0	0	0	0	2038	0	304	0	562	70	96	0	266	190	0	0	0	0	242	0	1978	0	144	0	1674	0	7588	0	1298	0	120	0	0	0	7584	0	13622	0	7210	0	1202	0	5252	0	8544	0	94	0	276	0	0	0	208	72	932	0	4294	0	0	0	2990	0	0	0	922	0	0	0	0	0	0	0	0	0	0	0	0	0	0	0	0	0	0	0	0	0	0	0	0	0	0	0	
117188	Postcentral_R	0	10058	0	764	0	0	0	242	0	0	0	584	0	0	0	0	0	3302	0	2120	0	0	0	0	0	0	0	0	0	548	0	0	0	1342	0	768	0	408	0	122	0	0	0	166	0	232	0	408	0	240	0	670	0	0	0	260	0	0	0	4994	0	3480	0	10138	0	624	234	7326	70	5030	848	0	858	330	302	0	0	200	0	0	0	278	0	0	0	1304	0	0	0	344	0	0	0	0	0	0	0	0	0	0	0	0	0	0	0	0	0	0	0	0	0	0	0	0	0	0	
142144	Parietal_Sup_L	0	0	0	0	0	0	0	0	0	0	0	0	0	0	0	0	0	0	0	0	0	0	0	0	0	0	0	0	0	0	0	0	130	0	0	0	0	0	0	0	0	0	0	0	1284	0	0	0	11618	0	13124	0	932	0	0	0	7584	0	0	0	14362	0	0	0	5676	0	13368	238	1652	0	0	0	0	0	0	0	0	0	0	0	0	0	0	0	290	0	0	0	814	0	0	0	0	0	0	0	0	0	0	0	0	0	0	0	0	0	0	0	0	0	0	0	0	0	0	0	
106256	Parietal_Sup_R	0	146	0	0	0	0	0	0	0	0	0	0	0	0	0	0	0	0	0	164	0	0	0	0	0	0	0	0	0	0	0	0	100	830	0	0	0	0	0	0	0	0	0	274	0	3374	0	98	0	4928	0	4124	0	0	0	0	0	4994	0	0	0	10742	0	534	0	10308	1038	11098	0	290	0	0	0	0	0	0	0	0	0	0	0	0	0	0	0	86	0	0	0	0	0	0	0	0	0	0	0	0	0	0	0	0	0	0	0	0	0	0	0	0	0	0	0	0	0	0	
207712	Parietal_Inf_L	800	0	0	0	0	0	0	0	0	0	0	0	0	0	0	0	264	0	166	0	0	0	0	0	0	0	0	0	144	0	0	0	780	0	0	0	0	0	0	0	0	0	76	0	760	0	0	0	1624	0	16806	0	1368	0	0	0	13622	0	14362	0	0	0	15608	0	22592	0	2104	0	3090	0	0	0	0	0	0	0	0	0	0	0	2520	0	0	0	4282	0	0	0	2888	0	0	0	0	0	0	0	0	0	0	0	0	0	0	0	0	0	0	0	0	0	0	0	0	0	0	0	
139348	Parietal_Inf_R	0	180	0	0	0	0	0	0	0	0	0	0	0	0	0	0	0	102	0	262	0	0	0	0	0	0	0	0	0	0	0	0	194	1358	0	0	0	0	0	0	0	0	0	252	0	988	0	68	0	1740	0	6084	0	0	0	0	0	3480	0	10742	0	0	0	11598	0	20752	458	4954	0	350	0	0	0	0	0	0	0	0	0	0	0	990	0	0	0	3658	0	0	0	1464	0	0	0	0	0	0	0	0	0	0	0	0	0	0	0	0	0	0	0	0	0	0	0	0	0	0	
129136	SupraMarginal_L	246	0	0	0	0	0	0	0	0	0	0	0	0	0	0	0	4364	0	100	0	0	0	0	0	0	0	0	0	810	0	0	0	156	0	0	0	0	0	0	0	0	0	0	0	0	0	0	0	0	0	1842	0	376	0	82	0	7210	0	0	0	15608	0	0	0	7902	0	304	0	594	0	0	0	0	0	0	0	0	0	186	0	8426	0	0	0	9958	0	0	0	6404	0	0	0	0	0	0	0	0	0	0	0	0	0	0	0	0	0	0	0	0	0	0	0	0	0	0	0	
103404	SupraMarginal_R	0	978	0	70	0	0	0	0	0	0	0	0	0	0	0	0	0	1282	0	120	0	0	0	0	0	0	0	0	0	96	0	0	0	246	0	0	0	0	0	0	0	0	0	106	0	172	0	0	0	248	0	1656	0	0	0	0	0	10138	0	534	0	11598	0	0	0	8126	284	1528	0	338	68	0	0	0	0	0	0	0	0	92	0	5268	0	0	0	6288	0	0	0	2466	0	0	0	0	0	0	0	0	0	0	0	0	0	0	0	0	0	0	0	0	0	0	0	0	0	0	
145928	Angular_L	0	0	0	0	0	0	0	0	0	0	0	0	0	0	0	0	118	0	0	0	0	0	0	0	0	0	0	0	70	0	0	0	290	0	0	0	0	0	0	0	0	0	0	0	98	0	0	0	172	0	19244	0	396	0	0	0	1202	0	5676	0	22592	0	7902	0	0	0	1060	0	2388	0	0	0	0	0	0	0	0	0	0	0	2390	0	0	0	8550	0	0	0	816	0	0	0	0	0	0	0	0	0	0	0	0	0	0	0	0	0	0	0	0	0	0	0	0	0	0	0	
162052	Angular_R	0	330	0	0	0	0	0	0	0	0	0	0	0	0	0	0	0	160	0	282	0	0	0	0	0	0	0	0	0	0	0	0	172	1264	0	74	0	0	0	0	0	0	0	312	0	1232	0	80	0	3974	0	14030	0	0	0	0	0	624	0	10308	0	20752	0	8126	0	0	424	4182	76	366	0	0	0	0	0	0	0	0	0	0	0	5014	0	0	0	8422	0	0	0	822	0	0	0	0	0	0	0	0	0	0	0	0	0	0	0	0	0	0	0	0	0	0	0	0	0	0	
322332	Precuneus_L	668	526	0	0	0	0	0	0	0	0	0	0	0	0	0	0	292	130	304	802	0	0	0	0	0	0	0	0	432	0	0	0	5822	2010	10080	1262	3902	74	1674	0	0	0	10174	798	17344	6132	5768	164	18154	3066	14280	1986	2908	0	1052	0	5252	234	13368	1038	2104	458	304	284	1060	424	0	11878	9350	770	0	0	0	0	0	0	0	118	82	0	242	94	0	0	2532	170	0	0	1600	0	0	0	0	0	0	0	0	0	0	0	0	0	0	0	0	0	0	0	0	0	0	0	0	0	0	0	
420736	Precuneus_R	108	770	0	0	0	0	0	0	0	0	0	0	0	0	0	0	0	574	496	4168	0	0	0	0	0	0	0	0	0	242	0	0	814	15880	1324	13902	0	4940	0	3734	0	0	1224	17186	2892	27482	108	12264	458	21648	180	17222	76	1178	0	3336	0	7326	238	11098	0	4954	0	1528	0	4182	11878	0	1086	5992	0	0	0	0	0	0	68	618	0	106	0	472	0	0	0	6280	0	0	0	1610	0	0	0	0	0	0	0	328	0	0	0	0	0	0	0	0	0	0	0	0	398	0	0	0	0	0	
273588	Paracentral_Lobule_L	20754	2044	154	74	0	0	120	0	0	0	0	0	0	0	0	0	272	0	8904	13322	0	0	0	0	0	0	0	0	318	0	0	0	4614	8686	5134	700	1664	0	140	0	0	0	942	0	5174	0	666	102	1996	0	9146	0	1088	0	254	0	8544	70	1652	0	3090	0	594	0	2388	76	9350	1086	0	5660	2476	546	1392	0	838	0	7102	800	0	0	234	0	0	0	3924	0	0	0	704	0	0	0	0	0	0	0	0	0	0	0	0	0	0	0	0	0	0	0	0	0	0	0	0	0	0	0	
125576	Paracentral_Lobule_R	642	6892	0	0	0	0	0	0	0	0	0	0	0	0	0	0	0	90	176	15366	0	0	0	0	0	0	0	0	0	0	0	0	760	7656	1042	2952	0	860	0	846	0	0	70	226	490	372	0	830	114	298	0	508	0	0	0	1126	0	5030	0	290	0	350	0	338	0	366	770	5992	5660	0	138	128	0	0	0	0	124	222	0	0	0	226	0	0	0	1298	0	0	0	540	0	0	0	0	0	0	0	0	0	0	0	0	0	0	0	0	0	0	0	0	0	0	0	0	0	0	
388812	Caudate_L	6444	4900	8562	2254	284	790	4774	6026	82	0	3510	5446	3360	4238	1114	144	384	2776	9052	1806	5720	6172	2900	300	180	88	2054	1384	6792	8200	9664	7168	616	276	0	70	1296	390	0	114	72	0	0	0	0	0	0	0	0	0	72	0	0	0	192	76	94	848	0	0	0	0	0	68	0	0	0	0	2476	138	0	17626	29176	3680	8788	1042	7988	1078	132	0	582	0	160	338	82	0	0	0	368	0	0	0	0	0	0	0	0	0	0	0	0	0	0	0	0	0	0	0	0	0	0	0	0	0	0	0	
353324	Caudate_R	1536	3474	3002	8326	70	5336	2066	3772	0	278	520	2682	186	3552	194	724	104	1820	2658	23764	3740	4746	476	3154	0	3544	928	1712	1114	7008	3142	17454	180	932	250	254	262	622	0	142	0	80	0	0	0	0	0	120	0	0	0	0	0	0	0	0	0	0	0	0	0	0	0	0	0	0	0	0	546	128	17626	0	6828	14100	196	2266	932	20014	0	0	0	0	0	102	0	0	0	0	0	0	0	0	0	0	0	0	0	0	0	0	0	0	0	0	0	0	0	0	0	0	0	0	0	0	0	0	
334512	Putamen_L	4202	3882	10106	688	4618	180	574	3392	964	0	2566	736	834	900	3254	0	622	1488	14360	616	1906	2094	3044	284	236	0	2202	572	14366	2062	8418	3238	118	0	0	0	7534	314	792	0	398	0	0	0	0	0	96	0	0	0	0	0	0	0	2068	0	276	858	0	0	0	0	0	0	0	0	0	0	1392	0	29176	6828	0	2226	11148	702	4772	568	84	0	1246	0	1130	114	280	0	0	0	2732	0	0	0	0	0	0	0	0	0	0	0	0	0	0	0	0	0	0	0	0	0	0	0	0	0	0	0	
322832	Putamen_R	176	960	1120	10886	0	5508	272	3548	0	446	0	6856	0	2776	0	1612	0	5442	3566	12742	164	350	636	3778	0	2506	0	388	90	19906	488	7562	96	2818	0	0	172	15702	0	7704	0	3920	0	0	0	0	0	192	0	0	0	0	0	90	0	4518	0	330	0	0	0	0	0	0	0	0	0	0	0	0	3680	14100	2226	0	854	3732	98	6806	0	158	0	1082	0	356	0	118	0	0	0	760	0	0	0	0	0	0	0	126	0	0	0	0	0	0	0	0	0	0	0	0	0	0	0	0	0	0	
75860	Pallidum_L	998	2576	462	410	0	0	0	1992	0	0	0	0	0	0	0	0	0	96	5482	328	0	0	0	0	0	0	0	0	0	0	0	0	372	0	0	0	332	172	0	0	0	0	0	0	0	0	0	0	0	0	0	0	0	0	0	0	0	302	0	0	0	0	0	0	0	0	0	0	838	0	8788	196	11148	854	0	248	1942	394	0	0	0	0	0	0	0	0	0	0	0	0	0	0	0	0	0	0	0	0	0	0	0	0	0	0	0	0	0	0	0	0	0	0	0	0	0	0	
32652	Pallidum_R	92	310	72	1432	0	144	0	116	0	0	0	206	0	0	0	0	0	834	164	1532	0	0	0	142	0	0	0	0	0	148	0	136	0	82	0	0	116	1588	0	714	0	0	0	0	0	0	0	0	0	0	0	0	0	0	0	334	0	0	0	0	0	0	0	0	0	0	0	0	0	0	1042	2266	702	3732	248	0	0	174	0	0	0	0	0	0	0	0	0	0	0	0	0	0	0	0	0	0	0	0	0	0	0	0	0	0	0	0	0	0	0	0	0	0	0	0	0	0	
153368	Thalamus_L	16152	1040	2490	176	0	0	510	388	0	0	838	104	0	0	0	0	936	396	3152	370	0	0	0	0	0	0	0	0	3384	418	0	0	0	0	2494	2914	4644	726	320	0	340	0	0	0	0	0	0	0	0	0	0	0	0	0	332	0	208	0	0	0	0	0	0	0	0	0	0	68	7102	124	7988	932	4772	98	1942	0	0	9790	388	0	570	0	0	0	0	0	0	0	578	0	0	0	0	0	0	0	0	0	0	0	0	0	0	0	0	0	0	0	0	0	0	0	0	0	0	0	
195500	Thalamus_R	2404	5652	242	3718	0	0	80	976	0	0	0	504	0	122	0	0	0	2108	286	18718	0	0	0	0	0	0	0	0	104	2562	0	194	0	250	3408	5006	1876	5452	180	1044	124	138	0	0	0	0	0	734	0	0	0	0	0	0	128	434	72	200	0	0	0	0	0	0	0	0	118	618	800	222	1078	20014	568	6806	394	174	9790	0	0	0	0	342	0	0	0	0	0	0	0	0	0	0	0	0	0	0	0	0	0	0	0	0	0	0	0	0	0	0	0	0	110	0	0	0	0	0	
83532	Heschl_L	2046	70	622	0	0	0	214	68	0	0	936	0	0	0	0	0	3278	0	1294	0	0	0	0	0	0	0	0	0	6944	0	0	0	0	0	94	80	2108	0	0	0	0	0	0	0	0	0	96	0	0	0	928	0	1292	0	3282	0	932	0	0	0	0	0	186	0	0	0	82	0	0	0	132	0	84	0	0	0	388	0	0	0	5364	0	0	0	5362	0	0	0	5592	0	152	0	0	0	0	0	0	0	140	0	0	0	0	0	0	0	0	0	0	0	0	0	0	0	0	0	
12952	Heschl_R	0	90	0	0	0	0	0	0	0	0	0	0	0	0	0	0	0	1144	0	68	0	0	0	0	0	0	0	0	0	826	0	0	0	0	0	0	0	128	0	128	0	0	0	0	0	0	0	0	0	0	0	0	0	0	0	222	0	0	0	0	0	0	0	92	0	0	0	106	0	0	0	0	0	158	0	0	0	0	0	0	0	2958	0	0	0	374	0	0	0	182	0	0	0	0	0	0	0	0	0	0	0	0	0	0	0	0	0	0	0	0	0	0	0	0	0	0	
228364	Temporal_Sup_L	3012	0	2118	0	0	0	466	0	0	0	3868	0	0	0	0	0	12244	0	4380	0	0	0	0	0	0	0	0	0	13054	0	1136	70	0	0	0	0	1872	0	448	0	0	0	142	0	0	0	190	0	0	0	1296	0	1284	0	3418	0	4294	0	0	0	2520	0	8426	0	2390	0	242	0	234	0	582	0	1246	0	0	0	570	0	5364	0	0	0	2366	0	24206	0	0	0	12744	0	0	0	0	0	0	0	0	0	0	0	0	0	0	0	0	0	0	0	0	0	0	0	0	0	0	0	
80668	Temporal_Sup_R	0	784	0	234	0	0	0	164	0	0	0	342	0	0	0	0	0	2890	0	280	0	0	0	0	0	0	0	0	0	2602	0	0	0	82	0	0	0	512	0	300	0	0	0	0	0	0	0	0	0	0	0	1358	0	0	0	666	0	278	0	0	0	990	0	5268	0	5014	94	472	0	226	0	0	0	1082	0	0	0	342	0	2958	0	0	0	1378	0	10258	0	156	0	1604	0	0	0	0	0	0	0	0	0	0	0	0	0	0	0	0	0	0	0	0	0	0	0	0	0	0	
61824	Temporal_Pole_Sup_L	116	0	1164	0	234	0	288	0	0	0	2322	0	280	0	1330	0	1188	0	772	0	1060	0	0	0	0	0	0	0	6286	0	376	0	0	0	0	0	1854	0	728	0	1056	0	0	0	0	0	0	0	0	0	0	0	0	0	1462	0	0	0	0	0	0	0	0	0	0	0	0	0	0	0	160	0	1130	0	0	0	0	0	0	0	2366	0	0	0	2930	0	1520	0	2290	0	0	0	0	0	0	0	0	0	0	0	0	0	0	0	0	0	0	0	0	0	0	0	0	0	0	0	
50964	Temporal_Pole_Sup_R	0	0	142	418	0	0	0	320	0	0	0	706	0	70	0	198	0	1636	84	302	0	376	0	0	0	0	0	0	0	2270	0	100	0	0	0	0	0	1332	0	2372	0	2630	0	0	0	0	0	0	0	0	0	0	0	0	0	1958	0	0	0	0	0	0	0	0	0	0	0	0	0	0	338	102	114	356	0	0	0	0	0	0	0	1378	0	0	0	2754	0	3234	0	2292	0	0	0	0	0	0	0	0	0	0	0	0	0	0	0	0	0	0	0	0	0	0	0	0	0	0	
300880	Temporal_Mid_L	1144	0	496	0	0	0	128	0	0	0	380	0	0	0	0	0	3110	0	1194	0	0	0	0	0	0	0	0	0	5194	0	0	0	462	0	130	0	1246	0	244	0	238	0	712	0	316	0	1032	0	452	0	21652	0	11106	0	4116	0	2990	0	290	0	4282	0	9958	0	8550	0	2532	0	3924	0	82	0	280	0	0	0	0	0	5362	0	24206	0	2930	0	0	0	1802	0	29900	0	0	0	0	0	0	0	0	0	0	0	0	0	0	0	0	0	0	0	0	0	0	0	0	0	0	0	
203812	Temporal_Mid_R	0	1378	0	0	0	0	0	0	0	0	0	0	0	0	0	0	0	386	0	384	0	0	0	0	0	0	0	0	0	1254	0	0	0	390	0	814	0	476	0	386	0	0	0	6262	0	1574	0	2568	0	1688	0	16220	0	2368	0	2306	0	1304	0	86	0	3658	0	6288	0	8422	170	6280	0	1298	0	0	0	118	0	0	0	0	0	374	0	10258	0	2754	0	0	0	1442	0	21000	0	0	0	0	0	0	0	0	0	0	0	0	0	0	0	0	0	0	0	0	0	0	0	0	0	0	
12740	Temporal_Pole_Mid_L	0	0	0	0	0	0	0	0	0	0	0	0	0	0	0	0	0	0	0	0	0	0	0	0	0	0	0	0	72	0	0	0	0	0	0	0	128	0	92	0	72	0	0	0	0	0	0	0	0	0	0	0	0	0	552	0	0	0	0	0	0	0	0	0	0	0	0	0	0	0	0	0	0	0	0	0	0	0	0	0	0	0	1520	0	1802	0	0	0	2132	0	0	0	0	0	0	0	0	0	0	0	0	0	0	0	0	0	0	0	0	0	0	0	0	0	0	0	
16372	Temporal_Pole_Mid_R	0	0	0	0	0	0	0	0	0	0	0	0	0	0	0	0	0	0	0	0	0	0	0	0	0	0	0	0	0	0	0	0	0	0	0	0	0	114	0	682	0	202	0	0	0	0	0	0	0	0	0	0	0	0	0	1194	0	0	0	0	0	0	0	0	0	0	0	0	0	0	0	0	0	0	0	0	0	0	0	0	0	156	0	3234	0	1442	0	0	0	1162	0	0	0	0	0	0	0	0	0	0	0	0	0	0	0	0	0	0	0	0	0	0	0	0	0	0	
290784	Temporal_Inf_L	844	0	622	0	0	0	140	0	0	0	242	0	0	0	0	0	2388	0	1970	0	0	0	0	0	0	0	0	0	7144	0	206	0	572	0	110	0	10048	0	1340	0	1508	0	800	0	184	0	1198	0	406	0	6084	0	12396	0	19606	0	922	0	814	0	2888	0	6404	0	816	0	1600	0	704	0	368	0	2732	0	0	0	578	0	5592	0	12744	0	2290	0	29900	0	2132	0	0	0	3430	0	674	0	0	0	504	0	2268	0	224	0	0	0	0	0	0	0	0	0	0	0	0	0	0	0	
149476	Temporal_Inf_R	0	1012	0	0	0	0	0	0	0	0	0	0	0	0	0	0	0	124	0	238	0	0	0	0	0	0	0	0	0	1616	0	0	0	154	0	312	0	4266	0	1982	0	1738	0	1642	0	360	0	1408	0	464	0	3790	0	6062	0	13738	0	344	0	0	0	1464	0	2466	0	822	0	1610	0	540	0	0	0	760	0	0	0	0	0	182	0	1604	0	2292	0	21000	0	1162	0	0	0	1082	0	276	0	0	0	70	0	158	0	0	0	0	0	0	0	0	0	0	0	0	0	0	0	0	
596704	Cerebelum_Crus1_L	0	0	0	0	0	0	0	0	0	0	0	0	0	0	0	0	0	0	0	0	0	0	0	0	0	0	0	0	0	0	0	0	0	0	0	0	70	0	484	0	0	0	1424	0	0	0	8768	4600	0	0	164	122	344	246	21740	3850	0	0	0	0	0	0	0	0	0	0	0	0	0	0	0	0	0	0	0	0	0	0	152	0	0	0	0	0	0	0	0	0	3430	0	0	9474	36770	7750	1088	434	35506	6930	67248	9422	11198	2112	13290	3830	3182	722	410	122	274	926	13346	12534	12384	1800	1798	408	
544180	Cerebelum_Crus1_R	0	0	0	0	0	0	0	0	0	0	0	0	0	0	0	0	0	0	0	0	0	0	0	0	0	0	0	0	0	0	0	0	0	0	0	0	0	0	0	350	0	0	108	0	0	0	2456	3944	0	0	0	0	0	112	1036	16252	0	0	0	0	0	0	0	0	0	0	0	0	0	0	0	0	0	0	0	0	0	0	0	0	0	0	0	0	0	0	0	0	0	1082	9474	0	3924	39268	432	7566	4466	27058	13272	60112	452	4724	1008	19480	1312	4036	0	2720	314	3346	11940	15826	11108	1658	2934	320	
334536	Cerebelum_Crus2_L	0	0	0	0	0	0	0	0	0	0	0	0	0	0	0	0	0	0	0	0	0	0	0	0	0	0	0	0	0	0	0	0	0	0	0	0	0	0	0	0	0	0	0	0	0	0	70	130	0	0	0	0	0	0	1116	242	0	0	0	0	0	0	0	0	0	0	0	0	0	0	0	0	0	0	0	0	0	0	0	0	0	0	0	0	0	0	0	0	674	0	36770	3924	0	9742	0	0	748	328	10004	2364	33026	5514	27702	7868	3318	1056	372	164	0	0	310	3544	12298	4458	1398	128	
330904	Cerebelum_Crus2_R	0	0	0	0	0	0	0	0	0	0	0	0	0	0	0	0	0	0	0	0	0	0	0	0	0	0	0	0	0	0	0	0	0	0	0	0	0	0	0	0	0	0	80	0	0	0	304	252	0	0	0	0	0	0	0	1146	0	0	0	0	0	0	0	0	0	0	0	0	0	0	0	0	0	0	0	0	0	0	0	0	0	0	0	0	0	0	0	0	0	276	7750	39268	9742	0	0	282	778	866	3476	8908	4640	19602	6246	33970	376	2326	0	2256	0	92	604	3322	14900	3356	634	0	
38260	Cerebelum_3_L	0	0	0	0	0	0	0	0	0	0	0	0	0	0	0	0	0	0	0	0	0	0	0	0	0	0	0	0	0	0	0	0	0	0	0	0	0	70	760	0	0	0	0	0	0	0	102	200	0	0	0	0	0	0	0	0	0	0	0	0	0	0	0	0	0	0	0	0	0	0	0	0	0	0	0	0	0	0	0	0	0	0	0	0	0	0	0	0	0	0	1088	432	0	0	0	754	6976	346	1720	728	90	0	82	0	134	0	0	0	1198	3100	1350	0	0	0	0	0	
87212	Cerebelum_3_R	0	0	0	0	0	0	0	0	0	0	0	0	0	0	0	0	0	0	0	0	0	0	0	0	0	0	0	0	0	0	0	0	0	0	0	0	0	0	106	130	0	0	0	0	0	0	154	476	0	0	0	0	0	0	0	386	0	0	0	0	0	0	0	0	0	0	0	0	0	0	0	0	0	0	0	0	0	0	0	0	0	0	0	0	0	0	0	0	0	0	434	7566	0	282	754	0	1384	8960	476	10898	0	0	0	386	166	2130	0	84	484	4188	2578	356	216	198	628	186	
439644	Cerebelum_4_5_L	0	0	0	0	0	0	0	0	0	0	0	0	0	0	0	0	0	0	0	0	0	0	0	0	0	0	0	0	0	0	0	0	0	0	0	0	88	106	1334	130	0	0	2042	86	0	0	14994	7922	0	0	270	144	704	276	15264	4510	0	0	0	0	0	0	0	0	0	0	0	0	0	0	0	0	0	0	0	0	0	0	0	0	0	0	0	0	0	0	0	0	504	0	35506	4466	748	778	6976	1384	0	15134	47660	6808	1030	0	1714	316	5102	1348	618	144	912	3274	28374	4430	1366	252	832	2276	
388812	Cerebelum_4_5_R	0	0	0	0	0	0	0	0	0	0	0	0	0	0	0	0	0	0	0	0	0	0	0	0	0	0	0	0	0	0	0	0	0	0	0	230	0	646	0	1200	0	0	286	402	0	0	4932	12324	0	0	150	346	298	538	3166	14212	0	0	0	0	0	0	0	0	0	0	0	328	0	0	0	0	0	126	0	0	0	0	0	0	0	0	0	0	0	0	0	0	0	70	6930	27058	328	866	346	8960	15134	0	11170	35744	0	0	0	662	1930	1950	0	204	530	3658	28064	7882	960	298	1654	824	
629380	Cerebelum_6_L	0	0	0	0	0	0	0	0	0	0	0	0	0	0	0	0	0	0	0	0	0	0	0	0	0	0	0	0	0	0	0	0	0	0	0	0	98	0	640	0	0	0	1090	74	0	0	16064	12390	0	0	336	280	964	528	27544	8254	0	0	0	0	0	0	0	0	0	0	0	0	0	0	0	0	0	0	0	0	0	0	140	0	0	0	0	0	0	0	0	0	2268	0	67248	13272	10004	3476	1720	476	47660	11170	0	17420	4850	0	4656	496	4494	614	728	0	322	1048	19844	21932	9256	790	1976	568	
524892	Cerebelum_6_R	0	0	0	0	0	0	0	0	0	0	0	0	0	0	0	0	0	0	0	0	0	0	0	0	0	0	0	0	0	0	0	0	0	0	0	0	0	0	0	456	0	0	0	106	0	0	4364	9210	0	0	0	210	86	610	2578	21302	0	0	0	0	0	0	0	0	0	0	0	0	0	0	0	0	0	0	0	0	0	0	0	0	0	0	0	0	0	0	0	0	0	158	9422	60112	2364	8908	728	10898	6808	35744	17420	0	92	544	324	4694	1984	4556	0	2206	702	4454	16912	20366	7586	1974	4068	500	
220744	Cerebelum_7b_L	0	0	0	0	0	0	0	0	0	0	0	0	0	0	0	0	0	0	0	0	0	0	0	0	0	0	0	0	0	0	0	0	0	0	0	0	0	0	0	0	0	0	0	0	0	0	86	0	0	0	0	0	0	0	518	0	0	0	0	0	0	0	0	0	0	0	0	0	0	0	0	0	0	0	0	0	0	0	0	0	0	0	0	0	0	0	0	0	224	0	11198	452	33026	4640	90	0	1030	0	4850	92	0	3416	28120	5754	3560	1192	560	108	0	0	68	104	5326	4518	1440	0	
144668	Cerebelum_7b_R	0	0	0	0	0	0	0	0	0	0	0	0	0	0	0	0	0	0	0	0	0	0	0	0	0	0	0	0	0	0	0	0	0	0	0	0	0	0	0	0	0	0	0	0	0	0	0	0	0	0	0	0	0	0	0	72	0	0	0	0	0	0	0	0	0	0	0	0	0	0	0	0	0	0	0	0	0	0	0	0	0	0	0	0	0	0	0	0	0	0	2112	4724	5514	19602	0	0	0	0	0	544	3416	0	3450	21324	0	3054	0	366	0	0	0	0	5272	2574	310	0	
274388	Cerebelum_8_L	0	0	0	0	0	0	0	0	0	0	0	0	0	0	0	0	0	0	0	0	0	0	0	0	0	0	0	0	0	0	0	0	0	0	0	0	0	0	0	0	0	0	0	0	0	0	112	0	0	0	0	0	0	0	228	0	0	0	0	0	0	0	0	0	0	0	0	0	0	0	0	0	0	0	0	0	0	0	0	0	0	0	0	0	0	0	0	0	0	0	13290	1008	27702	6246	82	0	1714	0	4656	324	28120	3450	0	10390	12420	3084	2066	324	0	0	158	152	8836	8870	3962	0	
312980	Cerebelum_8_R	0	0	0	0	0	0	0	0	0	0	0	0	0	0	0	0	0	0	0	0	0	0	0	0	0	0	0	0	0	0	0	0	0	0	0	0	0	0	0	0	0	0	0	0	0	0	0	0	0	0	0	0	0	0	0	264	0	0	0	0	0	0	0	0	0	0	0	0	0	0	0	0	0	0	0	0	0	0	0	0	0	0	0	0	0	0	0	0	0	0	3830	19480	7868	33970	0	386	316	662	496	4694	5754	21324	10390	0	1652	15560	78	5078	0	90	272	84	11404	8200	4360	278	
127800	Cerebelum_9_L	0	0	0	0	0	0	0	0	0	0	0	0	0	0	0	0	0	0	0	0	0	0	0	0	0	0	0	0	0	0	0	0	0	0	0	0	0	0	0	0	0	0	164	0	0	0	372	190	0	0	0	0	0	0	0	482	0	0	0	0	0	0	0	0	0	0	0	0	0	0	0	0	0	0	0	0	0	0	0	0	0	0	0	0	0	0	0	0	0	0	3182	1312	3318	376	134	166	5102	1930	4494	1984	3560	0	12420	1652	0	2388	4442	86	72	218	2746	3024	2028	1936	4968	1154	
153284	Cerebelum_9_R	0	0	0	0	0	0	0	0	0	0	0	0	0	0	0	0	0	0	0	0	0	0	0	0	0	0	0	0	0	0	0	0	0	0	0	0	0	0	0	0	0	0	0	0	0	0	92	0	0	0	0	0	0	0	0	124	0	0	0	0	0	0	0	0	0	0	0	0	0	0	0	0	0	0	0	0	0	0	0	0	0	0	0	0	0	0	0	0	0	0	722	4036	1056	2326	0	2130	1348	1950	614	4556	1192	3054	3084	15560	2388	0	0	2940	0	272	2912	2338	4734	6364	9734	3116	
19932	Cerebelum_10_L	0	0	0	0	0	0	0	0	0	0	0	0	0	0	0	0	0	0	0	0	0	0	0	0	0	0	0	0	0	0	0	0	0	0	0	0	0	0	0	0	0	0	0	0	0	0	0	0	0	0	0	0	0	0	90	0	0	0	0	0	0	0	0	0	0	0	0	0	0	0	0	0	0	0	0	0	0	0	0	0	0	0	0	0	0	0	0	0	0	0	410	0	372	0	0	0	618	0	728	0	560	0	2066	78	4442	0	0	0	70	84	92	0	116	124	116	0	
38084	Cerebelum_10_R	0	0	0	0	0	0	0	0	0	0	0	0	0	0	0	0	0	0	0	0	0	0	0	0	0	0	0	0	0	0	0	0	0	0	0	0	0	0	0	0	0	0	0	0	0	0	0	0	0	0	0	0	0	0	0	80	0	0	0	0	0	0	0	0	0	0	0	0	0	0	0	0	0	0	0	0	0	0	0	0	0	0	0	0	0	0	0	0	0	0	122	2720	164	2256	0	84	144	204	0	2206	108	366	324	5078	86	2940	0	0	0	0	228	146	678	466	382	260	
21808	Vermis_1_2	0	0	0	0	0	0	0	0	0	0	0	0	0	0	0	0	0	0	0	0	0	0	0	0	0	0	0	0	0	0	0	0	0	0	0	0	0	0	128	0	0	0	0	0	0	0	0	0	0	0	0	0	0	0	0	0	0	0	0	0	0	0	0	0	0	0	0	0	0	0	0	0	0	0	0	0	0	0	0	0	0	0	0	0	0	0	0	0	0	0	274	314	0	0	1198	484	912	530	322	702	0	0	0	0	72	0	70	0	0	4562	1154	114	68	0	0	0	
69052	Vermis_3	0	0	0	0	0	0	0	0	0	0	0	0	0	0	0	0	0	0	0	0	0	0	0	0	0	0	0	0	0	0	0	0	0	0	0	0	0	122	400	70	0	0	0	0	0	0	134	208	0	0	0	0	0	0	0	94	0	0	0	0	0	0	0	0	0	0	0	0	0	0	0	0	0	0	0	0	0	0	0	0	0	0	0	0	0	0	0	0	0	0	926	3346	0	92	3100	4188	3274	3658	1048	4454	0	0	0	90	218	272	84	0	4562	0	3926	134	0	0	126	0	
387980	Vermis_4_5	0	0	0	0	0	0	0	0	0	0	0	0	0	0	0	0	0	0	0	0	0	0	0	0	0	0	0	0	0	0	0	0	0	0	0	200	0	260	0	88	0	0	1598	1348	0	148	8550	13688	0	108	212	384	490	560	5018	9710	0	0	0	0	0	0	0	0	0	0	0	398	0	0	0	0	0	0	0	0	0	110	0	0	0	0	0	0	0	0	0	0	0	0	13346	11940	310	604	1350	2578	28374	28064	19844	16912	68	0	158	272	2746	2912	92	228	1154	3926	0	9152	1310	226	2274	3280	
297468	Vermis_6	0	0	0	0	0	0	0	0	0	0	0	0	0	0	0	0	0	0	0	0	0	0	0	0	0	0	0	0	0	0	0	0	0	0	0	0	0	0	0	0	0	0	148	80	0	0	5368	9682	0	0	74	302	166	628	2902	8894	0	0	0	0	0	0	0	0	0	0	0	0	0	0	0	0	0	0	0	0	0	0	0	0	0	0	0	0	0	0	0	0	0	0	12534	15826	3544	3322	0	356	4430	7882	21932	20366	104	0	152	84	3024	2338	0	146	114	134	9152	0	8912	844	3500	1794	
