data	data	614584	289872	1.01868e+06	982244	96444	65804	612620	376760	67908	30612	300128	380980	256676	229248	139796	73108	193800	142988	849204	759084	56092	84796	501888	480784	22992	111976	76576	100040	592160	519812	485516	638432	209856	653788	297140	351576	170596	176436	63944	102984	32496	58864	189700	302096	157368	262320	244652	377628	186724	264000	377024	210416	168204	44060	344956	396648	311148	233524	140204	87108	246732	145724	129872	142724	152436	130364	238840	432396	334432	162480	304400	551876	256372	330396	36580	16344	126220	136928	68236	14800	180304	120776	59452	59268	275784	223704	13436	16436	277408	154052	473092	485432	404704	382488	45352	91516	278764	267956	436636	403212	268064	177376	289760	356756	104128	127400	16104	4108	30504	58848	247740	193520	257580	202860	96040	41644	
data	data	Precentral_L	Precentral_R	Frontal_Sup_L	Frontal_Sup_R	Frontal_Sup_Orb_L	Frontal_Sup_Orb_R	Frontal_Mid_L	Frontal_Mid_R	Frontal_Mid_Orb_L	Frontal_Mid_Orb_R	Frontal_Inf_Oper_L	Frontal_Inf_Oper_R	Frontal_Inf_Tri_L	Frontal_Inf_Tri_R	Frontal_Inf_Orb_L	Frontal_Inf_Orb_R	Rolandic_Oper_L	Rolandic_Oper_R	Supp_Motor_Area_L	Supp_Motor_Area_R	Olfactory_L	Olfactory_R	Frontal_Sup_Medial_L	Frontal_Sup_Medial_R	Frontal_Med_Orb_L	Frontal_Med_Orb_R	Rectus_L	Rectus_R	Insula_L	Insula_R	Cingulum_Ant_L	Cingulum_Ant_R	Cingulum_Mid_L	Cingulum_Mid_R	Cingulum_Post_L	Cingulum_Post_R	Hippocampus_L	Hippocampus_R	ParaHippocampal_L	ParaHippocampal_R	Amygdala_L	Amygdala_R	Calcarine_L	Calcarine_R	Cuneus_L	Cuneus_R	Lingual_L	Lingual_R	Occipital_Sup_L	Occipital_Sup_R	Occipital_Mid_L	Occipital_Mid_R	Occipital_Inf_L	Occipital_Inf_R	Fusiform_L	Fusiform_R	Postcentral_L	Postcentral_R	Parietal_Sup_L	Parietal_Sup_R	Parietal_Inf_L	Parietal_Inf_R	SupraMarginal_L	SupraMarginal_R	Angular_L	Angular_R	Precuneus_L	Precuneus_R	Paracentral_Lobule_L	Paracentral_Lobule_R	Caudate_L	Caudate_R	Putamen_L	Putamen_R	Pallidum_L	Pallidum_R	Thalamus_L	Thalamus_R	Heschl_L	Heschl_R	Temporal_Sup_L	Temporal_Sup_R	Temporal_Pole_Sup_L	Temporal_Pole_Sup_R	Temporal_Mid_L	Temporal_Mid_R	Temporal_Pole_Mid_L	Temporal_Pole_Mid_R	Temporal_Inf_L	Temporal_Inf_R	Cerebelum_Crus1_L	Cerebelum_Crus1_R	Cerebelum_Crus2_L	Cerebelum_Crus2_R	Cerebelum_3_L	Cerebelum_3_R	Cerebelum_4_5_L	Cerebelum_4_5_R	Cerebelum_6_L	Cerebelum_6_R	Cerebelum_7b_L	Cerebelum_7b_R	Cerebelum_8_L	Cerebelum_8_R	Cerebelum_9_L	Cerebelum_9_R	Cerebelum_10_L	Cerebelum_10_R	Vermis_1_2	Vermis_3	Vermis_4_5	Vermis_6	Vermis_7	Vermis_8	Vermis_9	Vermis_10	
614584	Precentral_L	0	6586	15710	1824	0	0	30038	1976	0	0	10602	200	2144	0	0	0	9964	382	10834	6378	0	0	0	0	0	0	0	0	12764	646	210	202	260	6316	12638	23710	2354	1084	262	958	0	0	146	976	0	246	0	456	326	220	1842	258	1290	472	534	8576	32774	5894	1836	0	9702	766	4426	564	1456	188	540	4016	36048	3644	3322	590	1354	778	774	0	5140	514	6266	0	3170	402	0	0	2640	272	0	0	5400	1242	0	0	0	0	0	0	0	0	0	0	0	0	0	0	0	0	0	0	0	0	190	0	0	0	0	0	
289872	Precentral_R	6586	0	3400	10252	0	0	4152	15566	0	0	1378	3708	204	0	0	0	382	2016	5540	4936	0	0	0	0	0	0	0	0	1694	1846	436	246	380	2002	912	1918	0	1740	0	1048	0	0	0	1776	0	204	0	646	0	178	0	1392	0	752	0	4648	566	11532	0	148	0	1776	0	4914	0	0	0	1212	6184	5286	2162	7932	916	706	106	0	2050	11114	0	184	0	1178	0	384	0	2304	0	0	0	3984	0	0	0	0	0	0	0	154	0	0	0	0	0	0	0	0	0	0	0	0	206	0	0	0	0	0	
1.01868e+06	Frontal_Sup_L	15710	3400	0	20530	9704	0	71656	3516	6788	0	9276	2304	14868	750	9842	0	9096	606	90396	23852	0	0	56268	12124	1378	0	1866	0	32486	3108	25748	11890	5522	12226	0	500	1860	136	112	0	0	0	0	0	0	0	0	0	0	0	0	0	0	0	428	0	3164	902	110	0	416	124	1202	178	0	0	0	108	1636	634	3868	2652	22446	914	3462	0	1810	238	936	0	4156	0	488	120	290	0	0	0	1542	0	0	0	0	0	0	0	0	0	0	0	0	0	0	0	0	0	0	0	0	0	0	0	0	0	0	0	
982244	Frontal_Sup_R	1824	10252	20530	0	0	3254	6036	51238	0	3164	4004	13000	1022	10890	0	6512	1092	10920	22128	53720	0	726	18934	44572	0	5724	0	3248	4316	26252	12732	37508	2800	18588	704	132	0	2656	0	758	0	124	0	0	240	0	0	0	258	0	0	0	0	0	0	868	130	1002	0	0	0	298	0	324	0	0	634	0	454	0	3202	40144	586	29832	0	2440	276	8048	0	760	208	944	204	768	0	0	0	0	0	142	0	0	0	0	0	0	0	0	0	0	0	0	0	0	0	0	0	0	0	0	0	0	0	0	0	0	
96444	Frontal_Sup_Orb_L	0	0	9704	0	0	0	626	0	8672	0	0	0	298	0	7378	0	0	0	0	0	1508	0	2114	0	2244	0	4578	0	2270	0	2970	0	0	0	0	0	0	0	0	0	638	0	0	0	0	0	0	0	0	0	0	0	0	0	0	0	0	0	0	0	0	0	0	0	0	0	0	0	0	0	120	0	4964	0	0	0	0	0	0	0	0	0	138	0	0	0	0	0	0	0	0	0	0	0	0	0	0	0	0	0	0	0	0	0	0	0	0	0	0	0	0	0	0	0	0	0	
65804	Frontal_Sup_Orb_R	0	0	0	3254	0	0	0	804	0	3884	0	0	0	140	0	2312	0	0	0	0	0	674	0	1726	0	7374	0	9322	0	1074	144	942	0	0	0	0	0	0	0	0	0	0	0	0	0	0	0	0	0	0	0	0	0	0	0	0	0	0	0	0	0	0	0	0	0	0	0	0	0	0	0	578	0	674	0	0	0	0	0	0	0	0	0	0	0	0	0	0	0	0	0	0	0	0	0	0	0	0	0	0	0	0	0	0	0	0	0	0	0	0	0	0	0	0	0	0	
612620	Frontal_Mid_L	30038	4152	71656	6036	626	0	0	5434	2602	0	11128	2578	31448	524	9246	0	1982	782	16180	3494	0	0	20978	3684	0	0	0	0	24636	3516	11448	6888	3762	3588	280	600	602	228	0	0	0	0	0	0	0	0	0	0	0	0	0	0	0	0	0	260	5238	472	456	0	2840	0	860	108	176	0	0	0	336	584	4804	2766	3832	1482	0	0	1126	114	2246	0	402	0	0	92	0	0	0	0	0	0	0	0	0	0	0	0	0	0	0	0	0	0	0	0	0	0	0	0	0	0	0	0	0	0	0	0	
376760	Frontal_Mid_R	1976	15566	3516	51238	0	804	5434	0	0	2122	7064	9122	1694	9654	0	5290	1540	2686	3496	3762	0	136	458	1238	0	0	0	262	6964	6590	2314	2082	128	1766	0	92	0	512	0	160	0	0	0	0	0	0	0	0	0	0	0	0	0	0	0	588	174	1230	0	0	0	614	0	1118	0	0	0	0	116	0	4266	14632	852	9274	0	0	926	5332	120	184	220	214	162	580	0	0	0	0	0	112	0	0	0	0	0	0	0	0	0	0	0	0	0	0	0	0	0	0	0	0	0	0	0	0	0	0	
67908	Frontal_Mid_Orb_L	0	0	6788	0	8672	0	2602	0	0	0	0	0	1200	0	10696	0	0	0	0	0	0	0	0	0	0	0	228	0	2016	0	0	0	0	0	0	0	0	0	0	0	0	0	0	0	0	0	0	0	0	0	0	0	0	0	0	0	0	0	0	0	0	0	0	0	0	0	0	0	0	0	0	0	1752	0	0	0	0	0	0	0	0	0	0	0	0	0	0	0	0	0	0	0	0	0	0	0	0	0	0	0	0	0	0	0	0	0	0	0	0	0	0	0	0	0	0	0	
30612	Frontal_Mid_Orb_R	0	0	0	3164	0	3884	0	2122	0	0	0	0	0	152	0	3628	0	0	0	0	0	0	0	112	0	796	0	1224	0	0	0	0	0	0	0	0	0	0	0	0	0	0	0	0	0	0	0	0	0	0	0	0	0	0	0	0	0	0	0	0	0	0	0	0	0	0	0	0	0	0	0	224	0	0	0	0	0	0	0	0	0	0	0	0	0	0	0	0	0	0	0	0	0	0	0	0	0	0	0	0	0	0	0	0	0	0	0	0	0	0	0	0	0	0	0	0	
300128	Frontal_Inf_Oper_L	10602	1378	9276	4004	0	0	11128	7064	0	0	0	5028	19630	146	258	0	9780	312	7048	622	0	0	280	292	0	0	0	0	25388	4872	1450	972	0	306	0	0	102	0	0	0	0	0	0	0	0	0	0	0	0	0	0	0	0	0	0	0	4398	408	662	0	2638	0	478	106	278	0	0	0	0	0	8112	6242	948	1378	0	0	196	0	572	0	2024	0	1560	126	0	0	0	0	0	0	0	0	0	0	0	0	0	0	0	0	0	0	0	0	0	0	0	0	0	0	0	0	0	0	0	0	
380980	Frontal_Inf_Oper_R	200	3708	2304	13000	0	0	2578	9122	0	0	5028	0	2796	21210	0	236	802	5356	6502	12094	0	0	3268	6326	0	0	0	0	5932	36226	5164	12058	114	10966	0	0	0	0	0	0	0	0	0	0	0	0	0	0	0	0	0	0	0	0	0	178	0	1220	0	0	0	332	0	472	0	0	0	0	0	0	4906	10596	358	4614	0	0	794	120	0	0	0	132	222	1556	0	0	0	0	0	0	0	0	0	0	0	0	0	0	0	0	0	0	0	0	0	0	0	0	0	0	0	0	0	0	0	0	
256676	Frontal_Inf_Tri_L	2144	204	14868	1022	298	0	31448	1694	1200	0	19630	2796	0	156	11662	0	624	0	3694	482	0	0	1332	296	0	0	0	0	20680	3224	2052	912	92	376	0	0	0	0	0	0	0	0	0	0	0	0	0	0	0	0	0	0	0	0	0	0	0	0	0	0	0	0	0	0	0	0	0	0	0	0	2872	2560	1378	276	0	0	104	0	0	0	0	0	262	0	0	0	0	0	0	0	0	0	0	0	0	0	0	0	0	0	0	0	0	0	0	0	0	0	0	0	0	0	0	0	0	0	
229248	Frontal_Inf_Tri_R	0	0	750	10890	0	140	524	9654	0	152	146	21210	156	0	0	2686	0	450	4262	6380	0	0	3014	6418	0	0	0	0	282	16260	2014	9496	0	8032	0	0	0	0	0	0	0	0	0	0	0	0	0	0	0	0	0	0	0	0	0	0	0	0	0	0	0	0	0	0	0	0	0	0	0	0	300	8566	98	2222	0	0	142	380	0	0	0	0	0	0	0	0	0	0	0	0	0	0	0	0	0	0	0	0	0	0	0	0	0	0	0	0	0	0	0	0	0	0	0	0	0	0	
139796	Frontal_Inf_Orb_L	0	0	9842	0	7378	0	9246	0	10696	0	258	0	11662	0	0	0	0	0	358	0	2016	0	0	0	0	0	698	0	10272	0	168	0	0	0	0	0	152	0	304	0	634	0	0	0	0	0	0	0	0	0	0	0	0	0	0	0	0	0	0	0	0	0	0	0	0	0	0	0	0	0	0	0	5132	0	0	0	0	0	0	0	0	0	1082	0	0	0	0	0	0	0	0	0	0	0	0	0	0	0	0	0	0	0	0	0	0	0	0	0	0	0	0	0	0	0	0	0	
73108	Frontal_Inf_Orb_R	0	0	0	6512	0	2312	0	5290	0	3628	0	236	0	2686	0	0	0	0	0	176	0	1090	0	386	0	252	0	2224	0	6564	0	228	0	0	0	0	0	0	0	0	0	0	0	0	0	0	0	0	0	0	0	0	0	0	0	0	0	0	0	0	0	0	0	0	0	0	0	0	0	0	0	2484	0	2086	0	0	0	0	0	0	0	0	0	400	0	0	0	0	0	0	0	0	0	0	0	0	0	0	0	0	0	0	0	0	0	0	0	0	0	0	0	0	0	0	0	0	
193800	Rolandic_Oper_L	9964	382	9096	1092	0	0	1982	1540	0	0	9780	802	624	0	0	0	0	168	7960	178	0	0	0	120	0	0	0	0	17718	892	96	238	0	0	0	0	0	0	0	0	0	0	0	0	0	0	0	0	0	0	440	0	0	0	0	0	8228	112	852	0	1588	0	2682	0	1112	0	0	0	96	0	2872	1484	182	480	0	0	162	0	2092	0	8068	0	1730	0	1214	0	0	0	874	0	0	0	0	0	0	0	0	0	0	0	0	0	0	0	0	0	0	0	0	0	0	0	0	0	0	0	
142988	Rolandic_Oper_R	382	2016	606	10920	0	0	782	2686	0	0	312	5356	0	450	0	0	168	0	1100	5552	0	0	0	0	0	0	0	0	472	19548	616	402	0	606	0	0	0	0	0	0	0	0	0	0	0	0	0	0	0	0	0	0	0	0	0	0	0	3806	0	0	0	392	0	2148	0	0	0	0	0	0	1142	0	320	1528	0	0	1572	0	0	1844	0	4036	0	2622	0	110	0	0	0	0	0	0	0	0	0	0	0	0	0	0	0	0	0	0	0	0	0	0	0	0	0	0	0	0	0	0	
849204	Supp_Motor_Area_L	10834	5540	90396	22128	0	0	16180	3496	0	0	7048	6502	3694	4262	358	0	7960	1100	0	62112	0	0	13604	7808	0	0	0	0	22656	5642	8852	10246	10724	37008	152	928	2576	0	138	0	0	0	0	0	0	0	0	0	0	0	0	0	0	0	728	0	3052	1676	104	0	358	256	1148	286	0	0	124	694	12376	3262	5228	1874	16920	1030	4244	0	378	162	684	0	4878	0	330	202	328	0	0	0	2336	0	0	0	0	0	0	0	0	0	0	0	0	0	0	0	0	0	0	0	0	0	0	0	0	0	0	0	
759084	Supp_Motor_Area_R	6378	4936	23852	53720	0	0	3494	3762	0	0	622	12094	482	6380	0	176	178	5552	62112	0	0	0	3674	11920	0	0	0	0	764	15444	9322	15804	12172	58360	1230	2568	0	1344	0	330	0	146	0	178	438	0	0	0	398	0	0	230	0	0	0	390	158	558	0	0	0	100	0	104	0	0	1106	2452	14100	15368	648	12564	284	9592	0	1392	440	524	0	0	0	302	0	642	0	168	0	0	0	232	0	0	0	0	0	0	0	0	0	0	0	0	0	0	0	0	0	0	0	0	358	0	0	0	0	0	
56092	Olfactory_L	0	0	0	0	1508	0	0	0	0	0	0	0	0	0	2016	0	0	0	0	0	0	4448	0	0	0	928	3780	502	2940	0	2070	1628	0	0	0	0	382	0	442	0	974	0	0	0	0	0	0	0	0	0	0	0	0	0	0	0	0	0	0	0	0	0	0	0	0	0	0	0	0	0	3618	1726	530	0	0	0	0	0	0	0	0	0	554	0	0	0	0	0	0	0	0	0	0	0	0	0	0	0	0	0	0	0	0	0	0	0	0	0	0	0	0	0	0	0	0	0	
84796	Olfactory_R	0	0	0	726	0	674	0	136	0	0	0	0	0	0	0	1090	0	0	0	0	4448	0	0	278	0	2118	4838	3732	0	2558	3212	3750	0	0	0	0	0	610	0	194	0	902	0	0	0	0	0	0	0	0	0	0	0	0	0	0	0	0	0	0	0	0	0	0	0	0	0	0	0	0	6630	4072	1394	882	0	0	0	0	0	0	0	0	0	154	0	0	0	0	0	0	0	0	0	0	0	0	0	0	0	0	0	0	0	0	0	0	0	0	0	0	0	0	0	0	0	0	
501888	Frontal_Sup_Medial_L	0	0	56268	18934	2114	0	20978	458	0	0	280	3268	1332	3014	0	0	0	0	13604	3674	0	0	0	31890	1810	500	960	0	2110	4166	28766	25746	6312	19506	0	0	0	0	0	0	0	0	0	0	0	0	0	0	0	0	0	0	0	0	0	0	0	0	0	0	0	0	0	0	0	0	0	0	0	0	568	2646	1466	574	0	0	0	0	0	0	0	0	0	0	0	0	0	0	0	0	0	0	0	0	0	0	0	0	0	0	0	0	0	0	0	0	0	0	0	0	0	0	0	0	0	0	
480784	Frontal_Sup_Medial_R	0	0	12124	44572	0	1726	3684	1238	0	112	292	6326	296	6418	0	386	120	0	7808	11920	0	278	31890	0	244	7896	0	2124	626	6648	9518	36332	926	25946	0	0	0	0	0	0	0	0	0	0	0	0	0	0	0	0	0	0	0	0	0	0	0	0	0	0	0	0	0	0	0	0	0	0	0	0	558	12464	116	7804	0	0	0	0	0	0	0	0	0	0	0	0	0	0	0	0	0	0	0	0	0	0	0	0	0	0	0	0	0	0	0	0	0	0	0	0	0	0	0	0	0	0	
22992	Frontal_Med_Orb_L	0	0	1378	0	2244	0	0	0	0	0	0	0	0	0	0	0	0	0	0	0	0	0	1810	244	0	672	1504	0	0	0	2944	450	0	0	0	0	0	0	0	0	0	0	0	0	0	0	0	0	0	0	0	0	0	0	0	0	0	0	0	0	0	0	0	0	0	0	0	0	0	0	130	0	120	0	0	0	0	0	0	0	0	0	0	0	0	0	0	0	0	0	0	0	0	0	0	0	0	0	0	0	0	0	0	0	0	0	0	0	0	0	0	0	0	0	0	0	
111976	Frontal_Med_Orb_R	0	0	0	5724	0	7374	0	0	0	796	0	0	0	0	0	252	0	0	0	0	928	2118	500	7896	672	0	1100	10568	0	0	4100	8368	0	0	0	0	0	0	0	0	0	0	0	0	0	0	0	0	0	0	0	0	0	0	0	0	0	0	0	0	0	0	0	0	0	0	0	0	0	0	832	3036	224	1500	0	0	0	0	0	0	0	0	0	0	0	0	0	0	0	0	0	0	0	0	0	0	0	0	0	0	0	0	0	0	0	0	0	0	0	0	0	0	0	0	0	0	
76576	Rectus_L	0	0	1866	0	4578	0	0	0	228	0	0	0	0	0	698	0	0	0	0	0	3780	4838	960	0	1504	1100	0	1240	140	0	5528	1886	0	0	0	0	0	0	0	0	0	0	0	0	0	0	0	0	0	0	0	0	0	0	0	0	0	0	0	0	0	0	0	0	0	0	0	0	0	0	5048	2894	1870	130	0	0	0	0	0	0	0	0	0	0	0	0	0	0	0	0	0	0	0	0	0	0	0	0	0	0	0	0	0	0	0	0	0	0	0	0	0	0	0	0	0	0	
100040	Rectus_R	0	0	0	3248	0	9322	0	262	0	1224	0	0	0	0	0	2224	0	0	0	0	502	3732	0	2124	0	10568	1240	0	0	1674	2436	4900	0	0	0	0	0	0	0	0	0	0	0	0	0	0	0	0	0	0	0	0	0	0	0	0	0	0	0	0	0	0	0	0	0	0	0	0	0	0	1904	2744	502	1414	0	0	0	0	0	0	0	0	0	0	0	0	0	0	0	0	0	0	0	0	0	0	0	0	0	0	0	0	0	0	0	0	0	0	0	0	0	0	0	0	0	0	
592160	Insula_L	12764	1694	32486	4316	2270	0	24636	6964	2016	0	25388	5932	20680	282	10272	0	17718	472	22656	764	2940	0	2110	626	0	0	140	0	0	5856	3418	2362	152	742	894	766	7910	0	952	0	2268	0	0	0	0	0	0	0	0	0	0	0	456	0	2096	0	4376	502	532	0	1184	92	1368	162	104	0	0	398	0	0	10350	7200	13518	1732	0	0	956	0	8594	0	8838	0	3252	176	1526	0	0	0	6222	0	0	0	0	0	0	0	0	0	0	0	0	0	0	0	0	0	0	0	0	0	0	0	0	0	0	0	
519812	Insula_R	646	1846	3108	26252	0	1074	3516	6590	0	0	4872	36226	3224	16260	0	6564	892	19548	5642	15444	0	2558	4166	6648	0	0	0	1674	5856	0	5622	13020	180	10356	0	0	0	2562	0	648	0	1218	0	0	0	0	0	0	0	0	0	0	0	0	0	700	0	394	0	0	0	0	0	102	0	0	0	0	0	0	5138	14600	832	18222	0	0	696	1402	0	1248	112	3796	404	3492	0	1174	0	0	0	1382	0	0	0	0	0	0	0	0	0	0	0	0	0	0	0	0	0	0	0	0	0	0	0	0	0	0	
485516	Cingulum_Ant_L	210	436	25748	12732	2970	144	11448	2314	0	0	1450	5164	2052	2014	168	0	96	616	8852	9322	2070	3212	28766	9518	2944	4100	5528	2436	3418	5622	0	35616	9592	10456	2320	0	0	0	0	0	0	0	0	0	2084	0	0	0	2108	0	0	0	0	0	0	0	0	144	0	0	0	0	0	0	0	0	2848	0	0	0	7254	8338	4822	3568	0	0	102	0	0	0	0	0	0	156	0	0	0	0	0	0	0	0	0	0	0	0	0	0	0	0	0	0	0	0	0	0	0	0	0	0	0	0	0	0	0	0	
638432	Cingulum_Ant_R	202	246	11890	37508	0	942	6888	2082	0	0	972	12058	912	9496	0	228	238	402	10246	15804	1628	3750	25746	36332	450	8368	1886	4900	2362	13020	35616	0	4476	29406	0	0	0	0	0	0	0	0	0	0	0	0	0	0	0	0	0	0	0	0	0	0	0	0	0	0	0	0	0	0	0	0	0	0	0	0	5022	22328	1510	11786	0	0	192	116	0	0	0	0	0	208	0	0	0	0	0	0	0	0	0	0	0	0	0	0	0	0	0	0	0	0	0	0	0	0	0	0	0	0	0	0	0	0	
209856	Cingulum_Mid_L	260	380	5522	2800	0	0	3762	128	0	0	0	114	92	0	0	0	0	0	10724	12172	0	0	6312	926	0	0	0	0	152	180	9592	4476	0	16652	5238	966	0	0	0	0	0	0	0	0	4370	0	0	0	4372	0	944	0	0	0	0	0	0	0	0	0	0	0	0	0	0	0	8064	396	3480	1620	0	0	0	0	0	0	0	0	0	0	0	0	0	0	854	0	0	0	380	0	0	0	0	0	0	0	0	0	0	0	0	0	0	0	0	0	0	0	0	0	0	0	0	0	0	0	
653788	Cingulum_Mid_R	6316	2002	12226	18588	0	0	3588	1766	0	0	306	10966	376	8032	0	0	0	606	37008	58360	0	0	19506	25946	0	0	0	0	742	10356	10456	29406	16652	0	3312	8924	0	0	0	0	0	0	0	350	150	136	0	210	146	178	0	278	0	0	0	166	104	1160	0	0	0	92	0	0	0	140	626	6484	14526	10252	426	3356	130	1114	0	0	156	0	0	0	0	0	0	190	0	230	0	0	0	136	0	0	0	0	0	0	0	0	0	0	0	0	0	0	0	0	0	0	0	0	718	0	0	0	0	0	
297140	Cingulum_Post_L	12638	912	0	704	0	0	280	0	0	0	0	0	0	0	0	0	0	0	152	1230	0	0	0	0	0	0	0	0	894	0	2320	0	5238	3312	0	33794	5008	228	1572	652	0	0	1684	800	4042	0	1086	772	3514	128	666	144	1482	730	2202	4438	5136	8274	0	136	96	1026	298	978	0	0	10150	12902	8752	2844	0	0	0	0	0	0	596	0	394	0	0	858	0	0	452	242	0	0	1366	1280	0	0	0	0	0	260	212	630	0	0	0	0	0	0	0	0	0	0	0	142	924	0	0	0	0	0	
351576	Cingulum_Post_R	23710	1918	500	132	0	0	600	92	0	0	0	0	0	0	0	0	0	0	928	2568	0	0	0	0	0	0	0	0	766	0	0	0	966	8924	33794	0	6214	1830	2502	1392	0	0	0	1510	0	382	0	2126	0	308	298	420	516	894	1002	5416	5620	10502	0	162	94	1212	298	1064	0	144	828	17376	19862	4006	504	0	0	0	0	0	3930	122	518	0	0	894	0	0	358	506	0	0	1064	1858	0	0	0	0	0	654	0	1284	0	0	0	0	0	0	0	0	0	0	0	324	2896	0	0	0	0	0	
170596	Hippocampus_L	2354	0	1860	0	0	0	602	0	0	0	102	0	0	0	152	0	0	0	2576	0	382	0	0	0	0	0	0	0	7910	0	0	0	0	0	5008	6214	0	1640	8676	1182	5392	0	582	0	0	0	1780	1192	0	0	0	0	98	0	7842	0	364	0	0	0	0	0	0	0	0	0	1526	1520	516	0	320	0	2618	0	128	0	5658	0	2134	0	878	0	758	0	1480	0	0	0	8946	0	0	0	0	0	0	560	476	1024	0	0	0	0	0	0	0	0	0	0	0	324	524	0	0	0	0	0	
176436	Hippocampus_R	1084	1740	136	2656	0	0	228	512	0	0	0	0	0	0	0	0	0	0	0	1344	0	610	0	0	0	0	0	0	0	2562	0	0	0	0	228	1830	1640	0	1022	13258	0	11262	0	0	0	0	0	2060	0	0	0	0	0	0	0	19634	0	0	0	0	0	0	0	0	0	0	0	2034	966	0	156	724	0	5682	0	0	736	6704	0	0	0	0	0	1900	0	150	0	244	0	4682	0	0	0	0	0	860	0	1160	0	0	0	0	0	0	0	0	0	0	0	286	128	0	0	0	0	0	
63944	ParaHippocampal_L	262	0	112	0	0	0	0	0	0	0	0	0	0	0	304	0	0	0	138	0	442	0	0	0	0	0	0	0	952	0	0	0	0	0	1572	2502	8676	1022	0	618	792	0	162	0	0	0	1858	574	0	0	136	0	0	0	3690	0	0	0	0	0	0	0	0	0	0	0	242	756	156	0	0	0	686	0	0	0	1330	0	0	0	0	0	414	0	0	0	0	0	1102	0	0	0	0	0	924	410	1384	510	0	0	0	0	0	0	0	0	0	0	0	246	0	0	0	0	0	0	
102984	ParaHippocampal_R	958	1048	0	758	0	0	0	160	0	0	0	0	0	0	0	0	0	0	0	330	0	194	0	0	0	0	0	0	0	648	0	0	0	0	652	1392	1182	13258	618	0	0	3746	0	0	0	0	0	3148	0	0	0	0	0	0	0	9202	0	0	0	0	0	0	0	0	0	0	0	1988	958	0	0	332	0	1462	0	0	150	2636	0	0	0	0	0	852	0	0	0	446	0	442	0	0	0	0	0	1644	0	2564	0	0	0	0	0	0	0	0	0	0	0	608	116	0	0	0	0	0	
32496	Amygdala_L	0	0	0	0	638	0	0	0	0	0	0	0	0	0	634	0	0	0	0	0	974	0	0	0	0	0	0	0	2268	0	0	0	0	0	0	0	5392	0	792	0	0	0	0	0	0	0	0	0	0	0	0	0	0	0	3350	0	0	0	0	0	0	0	0	0	0	0	0	0	0	0	0	0	482	0	0	0	0	0	0	0	0	0	292	0	0	0	0	0	1426	0	0	0	0	0	0	0	0	0	0	0	0	0	0	0	0	0	0	0	0	0	0	0	0	0	0	0	
58864	Amygdala_R	0	0	0	124	0	0	0	0	0	0	0	0	0	0	0	0	0	0	0	146	0	902	0	0	0	0	0	0	0	1218	0	0	0	0	0	0	0	11262	0	3746	0	0	0	0	0	0	0	0	0	0	0	0	0	0	0	5234	0	0	0	0	0	0	0	0	0	0	0	0	0	0	0	140	0	958	0	0	0	198	0	0	0	0	0	2528	0	112	0	256	0	2608	0	0	0	0	0	0	0	0	0	0	0	0	0	0	0	0	0	0	0	0	0	0	0	0	0	0	
189700	Calcarine_L	146	0	0	0	0	0	0	0	0	0	0	0	0	0	0	0	0	0	0	0	0	0	0	0	0	0	0	0	0	0	0	0	0	0	1684	0	582	0	162	0	0	0	0	2826	13818	662	12944	2328	9116	188	16118	0	6824	0	5468	334	0	0	118	0	104	0	0	0	0	0	8704	570	120	0	0	0	0	0	0	0	0	0	0	0	0	0	0	0	836	0	0	0	1476	0	762	96	162	0	0	0	2216	0	1174	274	0	0	0	0	0	192	0	0	0	0	2406	1408	138	378	164	352	
302096	Calcarine_R	976	1776	0	0	0	0	0	0	0	0	0	0	0	0	0	0	0	0	0	178	0	0	0	0	0	0	0	0	0	0	0	0	0	350	800	1510	0	0	0	0	0	0	2826	0	2538	26078	352	27538	0	23102	0	12666	0	2844	0	11660	118	580	0	618	0	0	0	326	0	0	1972	18906	826	462	0	0	0	0	0	0	0	0	0	0	0	856	0	0	0	5222	0	0	0	4964	0	0	0	0	0	0	0	0	0	0	0	0	0	0	0	0	0	0	0	0	1004	0	0	0	0	0	
157368	Cuneus_L	0	0	0	240	0	0	0	0	0	0	0	0	0	0	0	0	0	0	0	438	0	0	0	0	0	0	0	0	0	0	2084	0	4370	150	4042	0	0	0	0	0	0	0	13818	2538	0	3282	862	338	19622	948	7462	0	1306	0	982	110	0	0	400	0	94	0	0	0	0	0	12418	1334	0	0	0	0	0	0	0	0	0	0	0	0	0	0	0	0	764	0	0	0	1082	0	0	0	0	0	0	0	0	0	0	0	0	0	0	0	0	0	0	0	0	0	0	0	0	0	0	0	
262320	Cuneus_R	246	204	0	0	0	0	0	0	0	0	0	0	0	0	0	0	0	0	0	0	0	0	0	0	0	0	0	0	0	0	0	0	0	136	0	382	0	0	0	0	0	0	662	26078	3282	0	0	12344	0	30534	0	11822	0	140	0	1874	0	550	0	4656	0	190	0	92	0	1410	4358	23404	284	1146	0	0	0	0	0	0	0	0	0	0	0	196	0	0	0	4754	0	0	0	1444	0	0	0	0	0	0	0	0	0	0	0	0	0	0	0	0	0	0	0	0	972	0	0	0	0	0	
244652	Lingual_L	0	0	0	0	0	0	0	0	0	0	0	0	0	0	0	0	0	0	0	0	0	0	0	0	0	0	0	0	0	0	0	0	0	0	1086	0	1780	0	1858	0	0	0	12944	352	862	0	0	2716	3442	0	12842	0	5830	0	16726	146	0	0	0	0	0	0	0	0	0	0	3586	0	0	0	0	0	0	0	0	0	302	0	0	0	0	0	0	0	0	0	0	0	196	0	9180	792	1882	170	140	0	16040	122	17016	1198	120	0	126	0	0	216	0	0	0	0	4536	4294	840	406	184	396	
377628	Lingual_R	456	646	0	0	0	0	0	0	0	0	0	0	0	0	0	0	0	0	0	0	0	0	0	0	0	0	0	0	0	0	0	0	0	210	772	2126	1192	2060	574	3148	0	0	2328	27538	338	12344	2716	0	0	14186	124	6650	516	1864	2104	20828	0	280	0	418	0	0	0	0	0	0	688	14286	534	118	0	0	0	0	0	0	0	150	0	0	0	150	0	0	0	682	0	0	0	2324	4184	8852	1626	1686	0	1708	382	9230	6810	12152	0	0	0	212	0	0	0	0	0	800	5474	10492	2856	0	0	0	
186724	Occipital_Sup_L	326	0	0	258	0	0	0	0	0	0	0	0	0	0	0	0	0	0	0	398	0	0	0	0	0	0	0	0	0	0	2108	0	4372	146	3514	0	0	0	0	0	0	0	9116	0	19622	0	3442	0	0	0	23108	0	1146	0	364	0	450	0	7296	0	2658	0	0	0	554	0	12366	0	332	0	0	0	0	0	0	0	0	0	0	0	0	0	0	0	994	0	0	0	792	0	0	0	0	0	0	0	0	0	0	0	0	0	0	0	0	0	0	0	0	0	0	0	0	0	0	0	
264000	Occipital_Sup_R	220	178	0	0	0	0	0	0	0	0	0	0	0	0	0	0	0	0	0	0	0	0	0	0	0	0	0	0	0	0	0	0	0	178	128	308	0	0	0	0	0	0	188	23102	948	30534	0	14186	0	0	0	21440	0	1064	0	5794	0	218	0	3766	0	284	0	0	0	4204	1184	12834	248	900	0	0	0	0	0	0	0	0	0	0	0	344	0	0	0	7774	0	0	0	1976	0	0	0	0	0	0	0	0	0	0	0	0	0	0	0	0	0	0	0	0	0	0	0	0	0	0	
377024	Occipital_Mid_L	1842	0	0	0	0	0	0	0	0	0	0	0	0	0	0	0	440	0	0	0	0	0	0	0	0	0	0	0	0	0	0	0	944	0	666	298	0	0	136	0	0	0	16118	0	7462	0	12842	124	23108	0	0	0	23356	0	16294	0	4866	0	10548	0	11514	0	776	0	15648	0	11168	106	3008	0	0	0	0	0	0	0	0	0	0	0	538	0	0	0	18278	0	0	0	6128	0	1334	0	0	0	0	0	156	0	434	94	0	0	0	0	0	0	0	0	0	0	98	188	0	0	0	0	
210416	Occipital_Mid_R	258	1392	0	0	0	0	0	0	0	0	0	0	0	0	0	0	0	0	0	230	0	0	0	0	0	0	0	0	0	0	0	0	0	278	144	420	0	0	0	0	0	0	0	12666	0	11822	0	6650	0	21440	0	0	0	2472	0	4398	0	434	0	3554	0	3430	0	172	0	8972	0	5938	332	1346	0	0	0	0	0	0	0	0	0	0	0	1122	0	0	0	16488	0	0	0	1250	0	0	0	0	0	0	0	0	0	0	0	0	0	0	0	0	0	0	0	0	0	0	0	0	0	0	
168204	Occipital_Inf_L	1290	0	0	0	0	0	0	0	0	0	0	0	0	0	0	0	0	0	0	0	0	0	0	0	0	0	0	0	456	0	0	0	0	0	1482	516	98	0	0	0	0	0	6824	0	1306	0	5830	516	1146	0	23356	0	0	0	19334	162	360	0	774	0	518	0	0	0	182	0	4090	242	404	0	0	0	0	0	0	0	0	0	168	0	0	0	0	0	4008	0	0	0	7250	0	1276	164	0	0	0	0	176	0	986	430	0	0	0	0	0	0	0	0	0	0	106	652	0	0	0	0	
44060	Occipital_Inf_R	472	752	0	0	0	0	0	0	0	0	0	0	0	0	0	0	0	0	0	0	0	0	0	0	0	0	0	0	0	0	0	0	0	0	730	894	0	0	0	0	0	0	0	2844	0	140	0	1864	0	1064	0	2472	0	0	0	4848	0	0	0	0	0	0	0	0	0	0	0	1114	204	0	0	0	0	0	0	0	0	0	0	0	0	0	0	0	0	1380	0	0	0	2920	0	138	0	0	0	0	0	0	0	0	0	0	0	0	0	0	0	0	0	0	194	0	0	0	0	0	
344956	Fusiform_L	534	0	428	0	0	0	0	0	0	0	0	0	0	0	0	0	0	0	728	0	0	0	0	0	0	0	0	0	2096	0	0	0	0	0	2202	1002	7842	0	3690	0	3350	0	5468	0	982	0	16726	2104	364	0	16294	0	19334	0	0	360	124	0	94	0	0	0	0	0	94	0	4230	494	112	0	0	0	492	0	0	0	408	0	284	0	146	0	460	0	1168	0	180	0	11158	0	19152	966	2632	186	382	0	10736	0	25888	1684	1078	0	1474	354	0	0	0	0	0	0	892	3022	672	412	0	0	
396648	Fusiform_R	8576	4648	0	868	0	0	260	588	0	0	0	178	0	0	0	0	0	0	0	390	0	0	0	0	0	0	0	0	0	700	0	0	0	166	4438	5416	0	19634	0	9202	0	5234	334	11660	110	1874	146	20828	0	5794	0	4398	162	4848	360	0	0	0	0	0	92	0	0	0	0	0	128	7282	7030	306	0	754	0	1584	0	0	942	5500	0	182	0	828	0	1388	0	1364	0	2136	0	11878	192	15748	96	930	0	630	0	6690	612	16474	0	106	0	364	0	0	0	0	0	334	2482	1040	420	0	0	0	
311148	Postcentral_L	32774	566	3164	130	0	0	5238	174	0	0	4398	0	0	0	0	0	8228	0	3052	158	0	0	0	0	0	0	0	0	4376	0	0	0	0	104	5136	5620	364	0	0	0	0	0	0	118	0	0	0	0	450	0	4866	0	360	0	124	0	0	3134	10658	0	26832	296	6200	252	7890	0	1572	1540	7112	452	694	0	0	0	0	0	984	0	1052	0	2694	234	0	0	2170	0	0	0	2150	258	0	0	0	0	0	0	0	0	0	0	0	0	0	0	0	0	0	0	0	0	0	0	0	0	0	0	
233524	Postcentral_R	5894	11532	902	1002	0	0	472	1230	0	0	408	1220	0	0	0	0	112	3806	1676	558	0	0	0	0	0	0	0	0	502	394	144	0	0	1160	8274	10502	0	0	0	0	0	0	0	580	0	550	0	280	0	218	0	434	0	0	0	0	3134	0	0	2928	0	12460	0	16834	0	536	0	7706	3676	8002	866	110	0	0	0	0	1778	142	0	0	0	4180	0	0	0	1752	0	0	0	166	0	0	0	0	0	0	0	0	0	0	0	0	0	0	0	0	0	0	0	0	642	0	0	0	0	0	
140204	Parietal_Sup_L	1836	0	110	0	0	0	456	0	0	0	662	0	0	0	0	0	852	0	104	0	0	0	0	0	0	0	0	0	532	0	0	0	0	0	0	0	0	0	0	0	0	0	118	0	400	0	0	0	7296	0	10548	0	774	0	94	0	10658	0	0	0	13536	0	236	0	6988	0	9826	96	424	0	0	0	0	0	0	0	0	0	0	0	442	0	0	0	2136	0	0	0	1978	0	0	0	0	0	0	0	0	0	0	0	0	0	0	0	0	0	0	0	0	0	0	0	0	0	0	0	
87108	Parietal_Sup_R	0	148	0	0	0	0	0	0	0	0	0	0	0	0	0	0	0	0	0	0	0	0	0	0	0	0	0	0	0	0	0	0	0	0	136	162	0	0	0	0	0	0	0	618	0	4656	0	418	0	3766	0	3554	0	0	0	0	0	2928	0	0	0	9270	0	1590	0	7504	214	6534	0	900	0	0	0	0	0	0	0	0	0	0	0	292	0	0	0	864	0	0	0	0	0	0	0	0	0	0	0	0	0	0	0	0	0	0	0	0	0	0	0	0	0	0	0	0	0	0	
246732	Parietal_Inf_L	9702	0	416	0	0	0	2840	0	0	0	2638	0	0	0	0	0	1588	0	358	0	0	0	0	0	0	0	0	0	1184	0	0	0	0	0	96	94	0	0	0	0	0	0	104	0	94	0	0	0	2658	0	11514	0	518	0	0	92	26832	0	13536	0	0	0	15004	0	19918	0	1292	0	372	0	0	0	0	0	0	0	0	0	0	0	1264	0	0	0	7834	0	0	0	3418	0	0	0	0	0	0	0	0	0	0	0	0	0	0	0	0	0	0	0	0	0	0	0	0	0	0	0	
145724	Parietal_Inf_R	766	1776	124	298	0	0	0	614	0	0	0	332	0	0	0	0	0	392	256	100	0	0	0	0	0	0	0	0	92	0	0	0	0	92	1026	1212	0	0	0	0	0	0	0	0	0	190	0	0	0	284	0	3430	0	0	0	0	296	12460	0	9270	0	0	0	16162	0	14770	0	3130	374	0	118	0	0	0	0	0	144	0	0	0	0	1652	0	0	0	2786	0	0	0	458	0	0	0	0	0	0	0	0	0	0	0	0	0	0	0	0	0	0	0	0	258	0	0	0	0	0	
129872	SupraMarginal_L	4426	0	1202	0	0	0	860	0	0	0	478	0	0	0	0	0	2682	0	1148	0	0	0	0	0	0	0	0	0	1368	0	0	0	0	0	298	298	0	0	0	0	0	0	0	0	0	0	0	0	0	0	776	0	0	0	0	0	6200	0	236	0	15004	0	0	0	6354	0	0	184	574	0	0	0	0	0	0	0	0	0	252	0	9842	0	0	0	10390	0	0	0	2364	0	0	0	0	0	0	0	0	0	0	0	0	0	0	0	0	0	0	0	0	0	0	0	0	0	0	0	
142724	SupraMarginal_R	564	4914	178	324	0	0	108	1118	0	0	106	472	0	0	0	0	0	2148	286	104	0	0	0	0	0	0	0	0	162	102	0	0	0	0	978	1064	0	0	0	0	0	0	0	326	0	92	0	0	0	0	0	172	0	0	0	0	252	16834	0	1590	0	16162	0	0	0	5032	0	4918	108	124	764	0	0	0	0	0	2158	0	0	0	0	6942	0	0	0	2928	0	0	0	210	0	0	0	0	0	0	0	0	0	0	0	0	0	0	0	0	0	0	0	0	122	0	0	0	0	0	
152436	Angular_L	1456	0	0	0	0	0	176	0	0	0	278	0	0	0	0	0	1112	0	0	0	0	0	0	0	0	0	0	0	104	0	0	0	0	0	0	0	0	0	0	0	0	0	0	0	0	0	0	0	554	0	15648	0	182	0	94	0	7890	0	6988	0	19918	0	6354	0	0	0	512	0	158	0	0	0	0	0	0	0	0	0	0	0	3384	0	0	0	8810	0	0	0	2600	0	0	0	0	0	0	0	0	0	0	0	0	0	0	0	0	0	0	0	0	0	0	0	0	0	0	0	
130364	Angular_R	188	0	0	0	0	0	0	0	0	0	0	0	0	0	0	0	0	0	0	0	0	0	0	0	0	0	0	0	0	0	0	0	0	140	0	144	0	0	0	0	0	0	0	0	0	1410	0	0	0	4204	0	8972	0	0	0	0	0	536	0	7504	0	14770	0	5032	0	0	0	5694	196	148	0	0	0	0	0	0	0	0	0	0	0	3972	0	0	0	11346	0	0	0	926	0	0	0	0	0	0	0	0	0	0	0	0	0	0	0	0	0	0	0	0	0	0	0	0	0	0	
238840	Precuneus_L	540	0	0	634	0	0	0	0	0	0	0	0	0	0	0	0	0	0	124	1106	0	0	0	0	0	0	0	0	0	0	2848	0	8064	626	10150	828	1526	0	242	0	0	0	8704	1972	12418	4358	3586	688	12366	1184	11168	0	4090	0	4230	128	1572	0	9826	214	1292	0	0	0	512	0	0	5364	2360	162	0	0	0	0	0	0	0	0	0	0	0	0	0	0	2802	0	0	0	2726	0	0	0	0	0	0	0	502	0	0	0	0	0	0	0	0	0	0	0	0	0	508	0	0	0	0	0	
432396	Precuneus_R	4016	1212	108	0	0	0	0	0	0	0	0	0	0	0	0	0	0	0	694	2452	0	0	0	0	0	0	0	0	398	0	0	0	396	6484	12902	17376	1520	2034	756	1988	0	0	570	18906	1334	23404	0	14286	0	12834	106	5938	242	1114	494	7282	1540	7706	96	6534	0	3130	184	4918	0	5694	5364	0	3434	8564	0	0	0	0	0	0	130	0	0	0	0	4916	0	0	0	11900	0	0	0	3228	0	130	0	0	0	850	0	2634	0	132	0	0	0	0	0	0	0	0	0	602	5666	0	0	0	0	0	
334432	Paracentral_Lobule_L	36048	6184	1636	454	0	0	336	116	0	0	0	0	0	0	0	0	96	0	12376	14100	0	0	0	0	0	0	0	0	0	0	0	0	3480	14526	8752	19862	516	966	156	958	0	0	120	826	0	284	0	534	332	248	3008	332	404	204	112	7030	7112	3676	424	0	372	374	574	108	158	196	2360	3434	0	7434	496	0	0	0	0	0	2460	454	156	0	264	0	0	0	764	296	0	0	1008	904	0	0	0	0	0	0	0	0	0	0	0	0	0	0	0	0	0	0	0	0	196	0	0	0	0	0	
162480	Paracentral_Lobule_R	3644	5286	634	0	0	0	584	0	0	0	0	0	0	0	0	0	0	0	3262	15368	0	0	0	0	0	0	0	0	0	0	0	0	1620	10252	2844	4006	0	0	0	0	0	0	0	462	0	1146	0	118	0	900	0	1346	0	0	0	306	452	8002	0	900	0	0	0	124	0	148	162	8564	7434	0	0	0	0	0	0	0	0	0	0	0	0	832	0	0	0	2132	0	0	0	308	0	0	0	0	0	0	0	0	0	0	0	0	0	0	0	0	0	0	0	0	404	0	0	0	0	0	
304400	Caudate_L	3322	2162	3868	3202	120	0	4804	4266	0	0	8112	4906	2872	300	0	0	2872	1142	5228	648	3618	6630	568	558	130	832	5048	1904	10350	5138	7254	5022	0	426	0	504	320	156	0	0	0	0	0	0	0	0	0	0	0	0	0	0	0	0	0	0	694	866	0	0	0	118	0	764	0	0	0	0	496	0	0	15528	16098	4312	1792	302	13476	0	102	0	374	234	502	156	0	0	0	0	0	104	0	0	0	0	0	0	0	0	0	0	0	0	0	0	0	0	0	0	0	0	0	0	0	0	0	0	
551876	Caudate_R	590	7932	2652	40144	0	578	2766	14632	0	224	6242	10596	2560	8566	0	2484	1484	0	1874	12564	1726	4072	2646	12464	0	3036	2894	2744	7200	14600	8338	22328	0	3356	0	0	0	724	0	332	0	140	0	0	0	0	0	0	0	0	0	0	0	0	0	754	0	110	0	0	0	0	0	0	0	0	0	0	0	0	15528	0	5326	28728	0	2232	582	19180	0	0	314	0	362	136	0	0	0	0	0	198	0	0	0	0	0	0	0	0	0	0	0	0	0	0	0	0	0	0	0	0	0	0	0	0	0	0	
256372	Putamen_L	1354	916	22446	586	4964	0	3832	852	1752	0	948	358	1378	98	5132	0	182	320	16920	284	530	1394	1466	116	120	224	1870	502	13518	832	4822	1510	0	130	0	0	2618	0	686	0	482	0	0	0	0	0	0	0	0	0	0	0	0	0	492	0	0	0	0	0	0	0	0	0	0	0	0	0	0	0	16098	5326	0	1618	5904	188	3234	92	0	0	564	0	302	0	0	0	0	0	1226	0	0	0	0	0	0	0	0	0	0	0	0	0	0	0	0	0	0	0	0	0	0	0	0	0	0	0	
330396	Putamen_R	778	706	914	29832	0	674	1482	9274	0	0	1378	4614	276	2222	0	2086	480	1528	1030	9592	0	882	574	7804	0	1500	130	1414	1732	18222	3568	11786	0	1114	0	0	0	5682	0	1462	0	958	0	0	0	0	0	0	0	0	0	0	0	0	0	1584	0	0	0	0	0	0	0	0	0	0	0	0	0	0	4312	28728	1618	0	0	1506	730	2232	0	0	150	192	98	248	0	0	0	0	0	106	0	0	0	0	0	0	0	0	0	0	0	0	0	0	0	0	0	0	0	0	0	0	0	0	0	0	
36580	Pallidum_L	774	106	3462	0	0	0	0	0	0	0	0	0	0	0	0	0	0	0	4244	0	0	0	0	0	0	0	0	0	0	0	0	0	0	0	0	0	128	0	0	0	0	0	0	0	0	0	0	0	0	0	0	0	0	0	0	0	0	0	0	0	0	0	0	0	0	0	0	0	0	0	1792	0	5904	0	0	0	1880	0	0	0	0	0	0	0	0	0	0	0	0	0	0	0	0	0	0	0	0	0	0	0	0	0	0	0	0	0	0	0	0	0	0	0	0	0	0	0	
16344	Pallidum_R	0	0	0	2440	0	0	0	0	0	0	0	0	0	0	0	0	0	0	0	1392	0	0	0	0	0	0	0	0	0	0	0	0	0	0	0	0	0	0	0	0	0	0	0	0	0	0	0	0	0	0	0	0	0	0	0	0	0	0	0	0	0	0	0	0	0	0	0	0	0	0	302	2232	188	1506	0	0	0	112	0	0	0	0	0	0	0	0	0	0	0	0	0	0	0	0	0	0	0	0	0	0	0	0	0	0	0	0	0	0	0	0	0	0	0	0	0	0	
126220	Thalamus_L	5140	2050	1810	276	0	0	1126	926	0	0	196	794	104	142	0	0	162	1572	378	440	0	0	0	0	0	0	0	0	956	696	102	192	0	156	596	3930	5658	736	1330	150	0	0	0	0	0	0	302	0	0	0	0	0	0	0	408	942	984	1778	0	0	0	144	0	2158	0	0	0	130	2460	0	13476	582	3234	730	1880	0	0	1016	822	0	0	426	0	0	260	0	0	0	1300	460	0	0	0	0	0	0	0	0	0	0	0	0	0	0	0	0	0	0	0	0	0	0	0	0	0	0	
136928	Thalamus_R	514	11114	238	8048	0	0	114	5332	0	0	0	120	0	380	0	0	0	0	162	524	0	0	0	0	0	0	0	0	0	1402	0	116	0	0	0	122	0	6704	0	2636	0	198	0	0	0	0	0	150	0	0	0	0	0	0	0	5500	0	142	0	0	0	0	0	0	0	0	0	0	454	0	0	19180	92	2232	0	112	1016	0	0	0	0	128	0	0	0	0	0	0	0	1642	0	0	0	0	0	92	0	0	0	0	0	0	0	0	0	0	0	0	0	0	0	0	0	0	0	0	
68236	Heschl_L	6266	0	936	0	0	0	2246	120	0	0	572	0	0	0	0	0	2092	0	684	0	0	0	0	0	0	0	0	0	8594	0	0	0	0	0	394	518	2134	0	0	0	0	0	0	0	0	0	0	0	0	0	0	0	168	0	284	0	1052	0	0	0	0	0	252	0	0	0	0	0	156	0	102	0	0	0	0	0	822	0	0	0	1796	0	0	0	1320	0	0	0	3610	0	0	0	0	0	0	0	0	0	0	0	0	0	0	0	0	0	0	0	0	0	0	0	0	0	0	0	
14800	Heschl_R	0	184	0	760	0	0	0	184	0	0	0	0	0	0	0	0	0	1844	0	0	0	0	0	0	0	0	0	0	0	1248	0	0	0	0	0	0	0	0	0	0	0	0	0	0	0	0	0	0	0	0	0	0	0	0	0	182	0	0	0	0	0	0	0	0	0	0	0	0	0	0	0	0	0	0	0	0	0	0	0	0	0	2594	0	0	0	214	0	0	0	190	0	0	0	0	0	0	0	0	0	0	0	0	0	0	0	0	0	0	0	0	0	0	0	0	0	0	
180304	Temporal_Sup_L	3170	0	4156	208	0	0	402	220	0	0	2024	0	0	0	0	0	8068	0	4878	0	0	0	0	0	0	0	0	0	8838	112	0	0	0	0	0	0	878	0	0	0	0	0	0	0	0	0	0	0	0	0	538	0	0	0	146	0	2694	0	442	0	1264	0	9842	0	3384	0	0	0	264	0	374	314	564	150	0	0	0	0	1796	0	0	0	2228	0	23926	0	0	0	9272	0	0	0	0	0	0	0	0	0	0	0	0	0	0	0	0	0	0	0	0	0	0	0	0	0	0	0	
120776	Temporal_Sup_R	402	1178	0	944	0	0	0	214	0	0	0	132	0	0	0	0	0	4036	0	302	0	0	0	0	0	0	0	0	0	3796	0	0	0	0	858	894	0	0	0	0	0	0	0	856	0	196	0	150	0	344	0	1122	0	0	0	828	234	4180	0	292	0	1652	0	6942	0	3972	0	4916	0	832	234	0	0	192	0	0	426	128	0	2594	0	0	0	2282	0	12652	0	200	0	2408	0	0	0	0	0	0	0	0	0	0	0	0	0	0	0	0	0	0	0	0	0	0	0	0	0	0	
59452	Temporal_Pole_Sup_L	0	0	488	204	138	0	0	162	0	0	1560	222	262	0	1082	0	1730	0	330	0	554	0	0	0	0	0	0	0	3252	404	0	0	0	0	0	0	758	0	414	0	292	0	0	0	0	0	0	0	0	0	0	0	0	0	460	0	0	0	0	0	0	0	0	0	0	0	0	0	0	0	502	362	302	98	0	0	0	0	0	0	2228	0	0	0	6338	0	2516	0	5068	0	0	0	0	0	0	0	0	0	0	0	0	0	0	0	0	0	0	0	0	0	0	0	0	0	0	0	
59268	Temporal_Pole_Sup_R	0	384	120	768	0	0	92	580	0	0	126	1556	0	0	0	400	0	2622	202	642	0	154	0	0	0	0	0	0	176	3492	156	208	0	190	0	0	0	1900	0	852	0	2528	0	0	0	0	0	0	0	0	0	0	0	0	0	1388	0	0	0	0	0	0	0	0	0	0	0	0	0	0	156	136	0	248	0	0	0	0	0	0	0	2282	0	0	0	4094	0	2198	0	1984	0	0	0	0	0	0	0	0	0	0	0	0	0	0	0	0	0	0	0	0	0	0	0	0	0	0	
275784	Temporal_Mid_L	2640	0	290	0	0	0	0	0	0	0	0	0	0	0	0	0	1214	0	328	0	0	0	0	0	0	0	0	0	1526	0	0	0	854	0	452	358	1480	0	0	0	0	0	836	0	764	0	0	0	994	0	18278	0	4008	0	1168	0	2170	0	2136	0	7834	0	10390	0	8810	0	2802	0	764	0	0	0	0	0	0	0	260	0	1320	0	23926	0	6338	0	0	0	2312	0	33640	0	0	0	0	0	0	0	0	0	0	0	0	0	0	0	0	0	0	0	0	0	0	0	0	0	0	0	
223704	Temporal_Mid_R	272	2304	0	0	0	0	0	0	0	0	0	0	0	0	0	0	0	110	0	168	0	0	0	0	0	0	0	0	0	1174	0	0	0	230	242	506	0	150	0	0	0	112	0	5222	0	4754	0	682	0	7774	0	16488	0	1380	0	1364	0	1752	0	864	0	2786	0	2928	0	11346	0	11900	296	2132	0	0	0	0	0	0	0	0	0	214	0	12652	0	4094	0	0	0	1638	0	16106	0	0	0	0	0	0	0	0	0	0	0	0	0	0	0	0	0	0	0	0	212	0	0	0	0	0	
13436	Temporal_Pole_Mid_L	0	0	0	0	0	0	0	0	0	0	0	0	0	0	0	0	0	0	0	0	0	0	0	0	0	0	0	0	0	0	0	0	0	0	0	0	0	0	0	0	0	0	0	0	0	0	0	0	0	0	0	0	0	0	180	0	0	0	0	0	0	0	0	0	0	0	0	0	0	0	0	0	0	0	0	0	0	0	0	0	0	0	2516	0	2312	0	0	0	1710	0	0	0	0	0	0	0	0	0	0	0	0	0	0	0	0	0	0	0	0	0	0	0	0	0	0	0	
16436	Temporal_Pole_Mid_R	0	0	0	0	0	0	0	0	0	0	0	0	0	0	0	0	0	0	0	0	0	0	0	0	0	0	0	0	0	0	0	0	0	0	0	0	0	244	0	446	0	256	0	0	0	0	0	0	0	0	0	0	0	0	0	2136	0	0	0	0	0	0	0	0	0	0	0	0	0	0	0	0	0	0	0	0	0	0	0	0	0	200	0	2198	0	1638	0	0	0	1100	0	0	0	0	0	0	0	0	0	0	0	0	0	0	0	0	0	0	0	0	0	0	0	0	0	0	
277408	Temporal_Inf_L	5400	0	1542	0	0	0	0	0	0	0	0	0	0	0	0	0	874	0	2336	0	0	0	0	0	0	0	0	0	6222	0	0	0	380	0	1366	1064	8946	0	1102	0	1426	0	1476	0	1082	0	196	0	792	0	6128	0	7250	0	11158	0	2150	0	1978	0	3418	0	2364	0	2600	0	2726	0	1008	0	0	0	1226	0	0	0	1300	0	3610	0	9272	0	5068	0	33640	0	1710	0	0	0	4358	0	480	0	224	0	622	0	1644	0	208	0	358	0	0	0	0	0	0	0	0	0	0	0	0	0	
154052	Temporal_Inf_R	1242	3984	0	142	0	0	0	112	0	0	0	0	0	0	0	0	0	0	0	232	0	0	0	0	0	0	0	0	0	1382	0	0	0	136	1280	1858	0	4682	0	442	0	2608	0	4964	0	1444	0	2324	0	1976	0	1250	0	2920	0	11878	258	166	0	0	0	458	0	210	0	926	0	3228	904	308	104	198	0	106	0	0	460	1642	0	190	0	2408	0	1984	0	16106	0	1100	0	0	0	1084	0	0	0	0	0	0	0	98	0	0	0	0	0	0	0	0	0	0	232	0	0	0	0	0	
473092	Cerebelum_Crus1_L	0	0	0	0	0	0	0	0	0	0	0	0	0	0	0	0	0	0	0	0	0	0	0	0	0	0	0	0	0	0	0	0	0	0	0	0	0	0	0	0	0	0	762	0	0	0	9180	4184	0	0	1334	0	1276	0	19152	192	0	0	0	0	0	0	0	0	0	0	0	0	0	0	0	0	0	0	0	0	0	0	0	0	0	0	0	0	0	0	0	0	4358	0	0	4746	38462	3274	3590	0	24328	722	59482	3956	11824	114	15402	1958	2470	758	454	0	0	0	3386	8040	8092	3136	990	924	
485432	Cerebelum_Crus1_R	0	0	0	0	0	0	0	0	0	0	0	0	0	0	0	0	0	0	0	0	0	0	0	0	0	0	0	0	0	0	0	0	0	0	0	0	0	0	0	0	0	0	96	0	0	0	792	8852	0	0	0	0	164	138	966	15748	0	0	0	0	0	0	0	0	0	0	0	130	0	0	0	0	0	0	0	0	0	0	0	0	0	0	0	0	0	0	0	0	0	1084	4746	0	5632	36486	0	4072	1412	26782	2660	57168	1322	7960	1802	24710	116	1868	0	0	338	1808	11554	7968	11462	3688	1096	96	
404704	Cerebelum_Crus2_L	0	0	0	0	0	0	0	0	0	0	0	0	0	0	0	0	0	0	0	0	0	0	0	0	0	0	0	0	0	0	0	0	0	0	0	0	0	0	0	0	0	0	162	0	0	0	1882	1626	0	0	0	0	0	0	2632	96	0	0	0	0	0	0	0	0	0	0	0	0	0	0	0	0	0	0	0	0	0	0	0	0	0	0	0	0	0	0	0	0	480	0	38462	5632	0	10256	820	158	7208	746	14948	3450	36166	4292	31088	4222	5522	922	828	0	126	0	2418	3924	14248	7616	1482	940	
382488	Cerebelum_Crus2_R	0	0	0	0	0	0	0	0	0	0	0	0	0	0	0	0	0	0	0	0	0	0	0	0	0	0	0	0	0	0	0	0	0	0	0	0	0	0	0	0	0	0	0	0	0	0	170	1686	0	0	0	0	0	0	186	930	0	0	0	0	0	0	0	0	0	0	0	0	0	0	0	0	0	0	0	0	0	0	0	0	0	0	0	0	0	0	0	0	0	0	3274	36486	10256	0	96	2642	802	8158	1634	12612	5142	23358	3038	36926	500	5934	98	0	696	1212	4974	3220	15408	8650	2932	224	
45352	Cerebelum_3_L	0	0	0	0	0	0	0	0	0	0	0	0	0	0	0	0	0	0	0	0	0	0	0	0	0	0	0	0	0	0	0	0	0	0	0	0	0	0	924	0	0	0	0	0	0	0	140	0	0	0	0	0	0	0	382	0	0	0	0	0	0	0	0	0	0	0	0	0	0	0	0	0	0	0	0	0	0	0	0	0	0	0	0	0	0	0	0	0	224	0	3590	0	820	96	0	0	7456	0	4200	0	426	0	426	114	362	156	0	0	812	946	940	180	156	202	124	0	
91516	Cerebelum_3_R	0	0	0	0	0	0	0	0	0	0	0	0	0	0	0	0	0	0	0	0	0	0	0	0	0	0	0	0	0	0	0	0	0	0	260	654	560	860	410	1644	0	0	0	0	0	0	0	1708	0	0	0	0	0	0	0	630	0	0	0	0	0	0	0	0	0	0	0	850	0	0	0	0	0	0	0	0	0	92	0	0	0	0	0	0	0	0	0	0	0	0	0	4072	158	2642	0	0	102	7640	0	4690	0	1328	94	4596	0	1138	0	0	1332	3686	2002	106	1680	1468	1244	112	
278764	Cerebelum_4_5_L	0	0	0	0	0	0	0	0	0	0	0	0	0	0	0	0	0	0	0	0	0	0	0	0	0	0	0	0	0	0	0	0	0	0	212	0	476	0	1384	0	0	0	2216	0	0	0	16040	382	0	0	156	0	176	0	10736	0	0	0	0	0	0	0	0	0	0	0	502	0	0	0	0	0	0	0	0	0	0	0	0	0	0	0	0	0	0	0	0	0	622	0	24328	1412	7208	802	7456	102	0	554	35534	1792	1490	0	1482	584	1532	1092	112	0	762	856	10318	3376	912	1766	1204	1806	
267956	Cerebelum_4_5_R	0	154	0	0	0	0	0	0	0	0	0	0	0	0	0	0	0	0	0	0	0	0	0	0	0	0	0	0	0	0	0	0	0	0	630	1284	1024	1160	510	2564	0	0	0	0	0	0	122	9230	0	0	0	0	0	0	0	6690	0	0	0	0	0	0	0	0	0	0	0	2634	0	0	0	0	0	0	0	0	0	0	0	0	0	0	0	0	0	0	0	0	0	0	722	26782	746	8158	0	7640	554	0	344	30324	0	3410	0	8806	0	584	0	0	248	3108	11128	752	3030	948	692	0	
436636	Cerebelum_6_L	0	0	0	0	0	0	0	0	0	0	0	0	0	0	0	0	0	0	0	0	0	0	0	0	0	0	0	0	0	0	0	0	0	0	0	0	0	0	0	0	0	0	1174	0	0	0	17016	6810	0	0	434	0	986	0	25888	612	0	0	0	0	0	0	0	0	0	0	0	0	0	0	0	0	0	0	0	0	0	0	0	0	0	0	0	0	0	0	0	0	1644	0	59482	2660	14948	1634	4200	0	35534	344	0	4484	4056	0	4862	626	2556	1090	340	0	140	0	5572	12474	4246	1986	1124	1396	
403212	Cerebelum_6_R	0	0	0	0	0	0	0	0	0	0	0	0	0	0	0	0	0	0	0	0	0	0	0	0	0	0	0	0	0	0	0	0	0	0	0	0	0	0	0	0	0	0	274	0	0	0	1198	12152	0	0	94	0	430	0	1684	16474	0	0	0	0	0	0	0	0	0	0	0	132	0	0	0	0	0	0	0	0	0	0	0	0	0	0	0	0	0	0	0	0	0	98	3956	57168	3450	12612	0	4690	1792	30324	4484	0	0	4240	0	11284	122	412	0	0	222	1838	13664	10366	7384	794	268	0	
268064	Cerebelum_7b_L	0	0	0	0	0	0	0	0	0	0	0	0	0	0	0	0	0	0	0	0	0	0	0	0	0	0	0	0	0	0	0	0	0	0	0	0	0	0	0	0	0	0	0	0	0	0	120	0	0	0	0	0	0	0	1078	0	0	0	0	0	0	0	0	0	0	0	0	0	0	0	0	0	0	0	0	0	0	0	0	0	0	0	0	0	0	0	0	0	208	0	11824	1322	36166	5142	426	0	1490	0	4056	0	0	3618	38742	4322	9016	700	998	0	0	0	178	200	5088	7786	1214	338	
177376	Cerebelum_7b_R	0	0	0	0	0	0	0	0	0	0	0	0	0	0	0	0	0	0	0	0	0	0	0	0	0	0	0	0	0	0	0	0	0	0	0	0	0	0	0	0	0	0	0	0	0	0	0	0	0	0	0	0	0	0	0	106	0	0	0	0	0	0	0	0	0	0	0	0	0	0	0	0	0	0	0	0	0	0	0	0	0	0	0	0	0	0	0	0	0	0	114	7960	4292	23358	0	1328	0	3410	0	4240	3618	0	1390	27232	0	4496	0	0	0	784	620	0	2500	3070	170	0	
289760	Cerebelum_8_L	0	0	0	0	0	0	0	0	0	0	0	0	0	0	0	0	0	0	0	0	0	0	0	0	0	0	0	0	0	0	0	0	0	0	0	0	0	0	0	0	0	0	0	0	0	0	126	0	0	0	0	0	0	0	1474	0	0	0	0	0	0	0	0	0	0	0	0	0	0	0	0	0	0	0	0	0	0	0	0	0	0	0	0	0	0	0	0	0	358	0	15402	1802	31088	3038	426	94	1482	0	4862	0	38742	1390	0	5266	19428	1022	2136	94	154	0	282	444	4226	9318	1746	480	
356756	Cerebelum_8_R	0	0	0	0	0	0	0	0	0	0	0	0	0	0	0	0	0	0	0	0	0	0	0	0	0	0	0	0	0	0	0	0	0	0	0	0	0	0	0	0	0	0	0	0	0	0	0	212	0	0	0	0	0	0	354	364	0	0	0	0	0	0	0	0	0	0	0	0	0	0	0	0	0	0	0	0	0	0	0	0	0	0	0	0	0	0	0	0	0	0	1958	24710	4222	36926	114	4596	584	8806	626	11284	4322	27232	5266	0	624	16310	122	396	698	2154	3924	574	7240	10740	3708	312	
104128	Cerebelum_9_L	0	0	0	0	0	0	0	0	0	0	0	0	0	0	0	0	0	0	0	0	0	0	0	0	0	0	0	0	0	0	0	0	0	0	0	0	0	0	0	0	0	0	0	0	0	0	0	0	0	0	0	0	0	0	0	0	0	0	0	0	0	0	0	0	0	0	0	0	0	0	0	0	0	0	0	0	0	0	0	0	0	0	0	0	0	0	0	0	0	0	2470	116	5522	500	362	0	1532	0	2556	122	9016	0	19428	624	0	804	2558	0	228	186	654	990	1482	1696	748	470	
127400	Cerebelum_9_R	0	0	0	0	0	0	0	0	0	0	0	0	0	0	0	0	0	0	0	0	0	0	0	0	0	0	0	0	0	0	0	0	0	0	0	0	0	0	0	0	0	0	192	0	0	0	216	0	0	0	0	0	0	0	0	0	0	0	0	0	0	0	0	0	0	0	0	0	0	0	0	0	0	0	0	0	0	0	0	0	0	0	0	0	0	0	0	0	0	0	758	1868	922	5934	156	1138	1092	584	1090	412	700	4496	1022	16310	804	0	140	1090	1228	792	1644	1678	4866	6454	6238	1876	
16104	Cerebelum_10_L	0	0	0	0	0	0	0	0	0	0	0	0	0	0	0	0	0	0	0	0	0	0	0	0	0	0	0	0	0	0	0	0	0	0	0	0	0	0	0	0	0	0	0	0	0	0	0	0	0	0	0	0	0	0	0	0	0	0	0	0	0	0	0	0	0	0	0	0	0	0	0	0	0	0	0	0	0	0	0	0	0	0	0	0	0	0	0	0	0	0	454	0	828	98	0	0	112	0	340	0	998	0	2136	122	2558	140	0	0	0	0	0	0	150	116	0	0	
4108	Cerebelum_10_R	0	0	0	0	0	0	0	0	0	0	0	0	0	0	0	0	0	0	0	0	0	0	0	0	0	0	0	0	0	0	0	0	0	0	0	0	0	0	0	0	0	0	0	0	0	0	0	0	0	0	0	0	0	0	0	0	0	0	0	0	0	0	0	0	0	0	0	0	0	0	0	0	0	0	0	0	0	0	0	0	0	0	0	0	0	0	0	0	0	0	0	0	0	0	0	0	0	0	0	0	0	0	94	396	0	1090	0	0	0	0	0	0	0	238	236	0	
30504	Vermis_1_2	0	0	0	0	0	0	0	0	0	0	0	0	0	0	0	0	0	0	0	0	0	0	0	0	0	0	0	0	0	0	0	0	0	0	0	0	0	0	0	0	0	0	0	0	0	0	0	0	0	0	0	0	0	0	0	0	0	0	0	0	0	0	0	0	0	0	0	0	0	0	0	0	0	0	0	0	0	0	0	0	0	0	0	0	0	0	0	0	0	0	0	338	126	696	812	1332	762	248	140	222	0	0	154	698	228	1228	0	0	0	3368	1034	132	1184	1242	1200	108	
58848	Vermis_3	0	0	0	0	0	0	0	0	0	0	0	0	0	0	0	0	0	0	0	0	0	0	0	0	0	0	0	0	0	0	0	0	0	0	142	324	324	286	246	608	0	0	0	0	0	0	0	800	0	0	0	0	0	0	0	334	0	0	0	0	0	0	0	0	0	0	0	602	0	0	0	0	0	0	0	0	0	0	0	0	0	0	0	0	0	0	0	0	0	0	0	1808	0	1212	946	3686	856	3108	0	1838	0	784	0	2154	186	792	0	0	3368	0	1896	114	1070	1018	830	92	
247740	Vermis_4_5	190	206	0	0	0	0	0	0	0	0	0	0	0	0	0	0	0	0	0	358	0	0	0	0	0	0	0	0	0	0	0	0	0	718	924	2896	524	128	0	116	0	0	2406	1004	0	972	4536	5474	0	0	98	0	106	194	892	2482	0	642	0	0	0	258	0	122	0	0	508	5666	196	404	0	0	0	0	0	0	0	0	0	0	0	0	0	0	0	212	0	0	0	232	3386	11554	2418	4974	940	2002	10318	11128	5572	13664	178	620	282	3924	654	1644	0	0	1034	1896	0	6126	2568	2664	1796	2064	
193520	Vermis_6	0	0	0	0	0	0	0	0	0	0	0	0	0	0	0	0	0	0	0	0	0	0	0	0	0	0	0	0	0	0	0	0	0	0	0	0	0	0	0	0	0	0	1408	0	0	0	4294	10492	0	0	188	0	652	0	3022	1040	0	0	0	0	0	0	0	0	0	0	0	0	0	0	0	0	0	0	0	0	0	0	0	0	0	0	0	0	0	0	0	0	0	0	8040	7968	3924	3220	180	106	3376	752	12474	10366	200	0	444	574	990	1678	0	0	132	114	6126	0	7922	2986	2010	2082	
