data	data	481860	363368	1.07274e+06	865032	225904	97684	600764	354672	104104	51560	308028	321752	303696	240660	243140	88304	298188	90620	899204	679748	82928	61136	460532	446648	31804	84564	49488	55180	612164	429772	323208	505536	151172	480564	138584	117852	302644	284368	82828	133144	37756	48536	218864	242464	220880	342440	185660	249624	181776	315764	404136	189568	194944	103656	358892	401168	296756	318212	178996	122720	268268	89260	157500	115272	182680	125072	292768	371192	230408	247304	276960	476232	329820	354484	71816	20460	121672	134852	97976	21308	234496	71860	105596	45480	284064	147628	29840	13836	287884	227280	483224	382336	386400	376896	23828	33928	232052	157152	464688	392140	297660	155080	392124	266088	172112	86132	48348	7840	10012	24272	150300	225848	230644	144852	65340	18356	
data	data	Precentral_L	Precentral_R	Frontal_Sup_L	Frontal_Sup_R	Frontal_Sup_Orb_L	Frontal_Sup_Orb_R	Frontal_Mid_L	Frontal_Mid_R	Frontal_Mid_Orb_L	Frontal_Mid_Orb_R	Frontal_Inf_Oper_L	Frontal_Inf_Oper_R	Frontal_Inf_Tri_L	Frontal_Inf_Tri_R	Frontal_Inf_Orb_L	Frontal_Inf_Orb_R	Rolandic_Oper_L	Rolandic_Oper_R	Supp_Motor_Area_L	Supp_Motor_Area_R	Olfactory_L	Olfactory_R	Frontal_Sup_Medial_L	Frontal_Sup_Medial_R	Frontal_Med_Orb_L	Frontal_Med_Orb_R	Rectus_L	Rectus_R	Insula_L	Insula_R	Cingulum_Ant_L	Cingulum_Ant_R	Cingulum_Mid_L	Cingulum_Mid_R	Cingulum_Post_L	Cingulum_Post_R	Hippocampus_L	Hippocampus_R	ParaHippocampal_L	ParaHippocampal_R	Amygdala_L	Amygdala_R	Calcarine_L	Calcarine_R	Cuneus_L	Cuneus_R	Lingual_L	Lingual_R	Occipital_Sup_L	Occipital_Sup_R	Occipital_Mid_L	Occipital_Mid_R	Occipital_Inf_L	Occipital_Inf_R	Fusiform_L	Fusiform_R	Postcentral_L	Postcentral_R	Parietal_Sup_L	Parietal_Sup_R	Parietal_Inf_L	Parietal_Inf_R	SupraMarginal_L	SupraMarginal_R	Angular_L	Angular_R	Precuneus_L	Precuneus_R	Paracentral_Lobule_L	Paracentral_Lobule_R	Caudate_L	Caudate_R	Putamen_L	Putamen_R	Pallidum_L	Pallidum_R	Thalamus_L	Thalamus_R	Heschl_L	Heschl_R	Temporal_Sup_L	Temporal_Sup_R	Temporal_Pole_Sup_L	Temporal_Pole_Sup_R	Temporal_Mid_L	Temporal_Mid_R	Temporal_Pole_Mid_L	Temporal_Pole_Mid_R	Temporal_Inf_L	Temporal_Inf_R	Cerebelum_Crus1_L	Cerebelum_Crus1_R	Cerebelum_Crus2_L	Cerebelum_Crus2_R	Cerebelum_3_L	Cerebelum_3_R	Cerebelum_4_5_L	Cerebelum_4_5_R	Cerebelum_6_L	Cerebelum_6_R	Cerebelum_7b_L	Cerebelum_7b_R	Cerebelum_8_L	Cerebelum_8_R	Cerebelum_9_L	Cerebelum_9_R	Cerebelum_10_L	Cerebelum_10_R	Vermis_1_2	Vermis_3	Vermis_4_5	Vermis_6	Vermis_7	Vermis_8	Vermis_9	Vermis_10	
481860	Precentral_L	0	2856	8486	2608	0	0	31192	1292	0	0	17220	0	1096	0	0	0	18648	0	3474	6276	0	0	0	0	0	0	0	0	15376	0	206	0	818	3962	4236	558	10626	310	1438	110	0	0	628	0	718	0	264	0	0	0	1778	0	2310	0	1700	0	24928	2842	3680	0	6314	0	2258	0	1054	0	1264	0	11958	5534	7914	436	5190	0	1344	0	14942	272	5158	0	4334	0	0	0	1032	0	0	0	2290	0	0	0	0	0	0	0	0	0	0	0	0	0	0	0	0	0	0	0	0	0	0	0	0	0	0	0	
363368	Precentral_R	2856	0	3482	5578	0	0	1034	7544	0	0	138	19718	0	170	0	0	588	1510	6416	10180	0	0	0	318	0	0	0	0	1064	4598	0	386	648	5198	268	234	344	9634	0	2232	0	0	0	248	0	432	0	0	0	388	0	404	0	580	0	3202	216	16198	0	174	0	378	0	1100	0	282	0	1316	6958	9624	4842	19386	1096	7034	218	134	1090	16588	436	220	0	472	0	0	0	922	0	0	0	3608	0	0	0	0	0	0	0	0	0	0	0	0	0	0	0	0	0	0	0	0	0	0	0	0	0	0	
1.07274e+06	Frontal_Sup_L	8486	3482	0	17178	15082	0	81062	3088	5746	118	18612	1592	24814	588	14536	0	12960	216	108710	16902	1136	0	47464	5194	838	0	258	0	35680	1044	14722	3248	3038	4032	0	0	4242	440	154	0	0	0	0	0	0	0	0	0	0	0	0	0	0	0	494	132	1726	440	0	0	0	0	0	0	0	0	0	0	9922	1058	12448	6262	24900	1380	7278	0	3328	1648	1764	0	4390	0	3276	0	202	0	0	0	1058	0	0	0	0	0	0	0	0	0	0	0	0	0	0	0	0	0	0	0	0	0	0	0	0	0	0	0	
865032	Frontal_Sup_R	2608	5578	17178	0	750	3398	4510	37992	0	1006	1460	16842	1394	12940	696	2690	536	2566	26002	58944	152	0	13598	45818	0	2430	0	576	2650	23132	9754	44774	3516	22718	0	0	118	1722	0	172	0	0	0	0	0	0	0	0	0	0	0	0	0	0	0	768	0	158	0	0	0	0	0	0	0	0	0	0	1864	182	5824	30768	1234	16558	152	1196	0	4298	0	0	236	0	486	320	0	0	0	0	0	252	0	0	0	0	0	0	0	0	0	0	0	0	0	0	0	0	0	0	0	0	0	0	0	0	0	0	
225904	Frontal_Sup_Orb_L	0	0	15082	750	0	0	2118	362	11688	0	3352	0	6346	0	17152	0	0	0	5914	248	3836	700	5742	184	3466	0	5692	160	13248	0	3832	352	0	0	0	0	0	268	0	128	0	0	0	0	0	0	0	0	0	0	0	0	0	0	0	0	0	0	0	0	0	0	0	0	0	0	0	0	0	0	2678	864	7282	0	0	0	0	666	0	0	0	0	842	0	0	0	0	0	0	0	0	0	0	0	0	0	0	0	0	0	0	0	0	0	0	0	0	0	0	0	0	0	0	0	0	0	
97684	Frontal_Sup_Orb_R	0	0	0	3398	0	0	0	592	0	4606	0	0	0	0	0	4302	0	0	0	0	294	1236	242	4654	0	6910	296	6098	0	848	790	5570	0	0	0	0	0	0	0	0	0	0	0	0	0	0	0	0	0	0	0	0	0	0	0	0	0	0	0	0	0	0	0	0	0	0	0	0	0	0	322	5228	0	3456	0	0	0	0	0	0	0	0	0	0	0	0	0	0	0	0	0	0	0	0	0	0	0	0	0	0	0	0	0	0	0	0	0	0	0	0	0	0	0	0	0	0	
600764	Frontal_Mid_L	31192	1034	81062	4510	2118	0	0	2600	3942	0	12586	362	34644	318	7012	0	7232	0	27202	1984	0	0	22540	1546	0	0	0	0	13696	428	5420	834	256	788	0	0	4388	0	442	0	0	0	0	0	0	0	0	0	0	0	0	0	0	0	306	0	1438	0	0	0	0	0	0	0	0	0	0	0	602	182	5774	1738	6214	310	1498	0	9200	182	1598	0	2326	0	0	0	340	0	0	0	538	0	0	0	0	0	0	0	0	0	0	0	0	0	0	0	0	0	0	0	0	0	0	0	0	0	0	0	
354672	Frontal_Mid_R	1292	7544	3088	37992	362	592	2600	0	0	1520	1068	20360	1008	16728	256	4430	348	2876	4394	5444	0	0	666	7308	0	0	0	0	1340	15984	850	4246	0	2542	0	0	0	4996	0	1178	0	0	0	0	0	0	0	0	0	0	0	0	0	0	0	2194	0	0	0	0	0	0	0	0	0	0	0	0	154	0	2796	9268	400	8148	0	0	0	1778	0	0	168	0	344	320	0	0	0	0	0	754	0	0	0	0	0	0	0	0	0	0	0	0	0	0	0	0	0	0	0	0	0	0	0	0	0	0	
104104	Frontal_Mid_Orb_L	0	0	5746	0	11688	0	3942	0	0	0	776	0	4324	0	15322	0	0	0	1134	0	506	198	1508	0	262	0	1064	0	3388	0	306	0	0	0	0	0	0	0	0	0	0	0	0	0	0	0	0	0	0	0	0	0	0	0	0	0	0	0	0	0	0	0	0	0	0	0	0	0	0	0	286	180	914	0	0	0	0	0	0	0	0	0	508	0	0	0	0	0	0	0	0	0	0	0	0	0	0	0	0	0	0	0	0	0	0	0	0	0	0	0	0	0	0	0	0	0	
51560	Frontal_Mid_Orb_R	0	0	118	1006	0	4606	0	1520	0	0	0	126	0	2466	0	10474	0	0	122	500	0	0	0	0	0	0	0	0	0	2722	0	482	0	0	0	0	0	0	0	0	0	0	0	0	0	0	0	0	0	0	0	0	0	0	0	0	0	0	0	0	0	0	0	0	0	0	0	0	0	0	0	506	0	1132	0	0	0	0	0	0	0	0	0	0	0	0	0	0	0	0	0	0	0	0	0	0	0	0	0	0	0	0	0	0	0	0	0	0	0	0	0	0	0	0	0	0	
308028	Frontal_Inf_Oper_L	17220	138	18612	1460	3352	0	12586	1068	776	0	0	0	18274	0	2008	0	17692	0	11616	624	166	0	1390	286	0	0	0	0	21546	126	628	0	0	0	0	0	1392	0	220	0	0	0	0	0	0	0	0	0	0	0	0	0	0	0	500	0	3370	0	212	0	330	0	0	0	0	0	0	0	180	0	2130	2102	1762	524	120	0	1258	252	1856	0	3360	0	4408	0	0	0	0	0	470	0	0	0	0	0	0	0	0	0	0	0	0	0	0	0	0	0	0	0	0	0	0	0	0	0	0	0	
321752	Frontal_Inf_Oper_R	0	19718	1592	16842	0	0	362	20360	0	126	0	0	274	15324	0	230	0	4830	2384	4100	0	0	466	2408	0	0	0	0	296	28670	522	3824	158	1834	0	0	0	5688	0	1736	0	0	0	0	0	0	0	0	0	0	0	0	0	0	0	2784	0	2506	0	0	0	0	0	0	0	0	0	112	0	0	1822	5216	384	11318	0	186	156	1384	0	0	0	230	0	854	0	270	0	0	0	1910	0	0	0	0	0	0	0	0	0	0	0	0	0	0	0	0	0	0	0	0	0	0	0	0	0	0	
303696	Frontal_Inf_Tri_L	1096	0	24814	1394	6346	0	34644	1008	4324	0	18274	274	0	224	14022	0	502	0	8732	520	452	0	4722	588	0	0	0	0	18958	320	2150	272	0	140	0	0	0	0	0	0	0	0	0	0	0	0	0	0	0	0	0	0	0	0	0	0	0	0	0	0	0	0	0	0	0	0	0	0	0	0	1408	2380	2252	688	0	0	0	238	0	0	176	0	930	0	0	0	0	0	0	0	0	0	0	0	0	0	0	0	0	0	0	0	0	0	0	0	0	0	0	0	0	0	0	0	0	0	
240660	Frontal_Inf_Tri_R	0	170	588	12940	0	0	318	16728	0	2466	0	15324	224	0	0	5894	0	0	2832	7554	0	0	1088	5284	0	0	0	0	0	28674	764	7584	258	4454	0	0	0	0	0	0	0	0	0	0	0	0	0	0	0	0	0	0	0	0	0	0	0	0	0	0	0	0	0	0	0	0	0	0	0	0	320	3542	232	2976	0	0	0	116	0	0	0	0	0	0	0	0	0	0	0	0	0	0	0	0	0	0	0	0	0	0	0	0	0	0	0	0	0	0	0	0	0	0	0	0	0	0	
243140	Frontal_Inf_Orb_L	0	0	14536	696	17152	0	7012	256	15322	0	2008	0	14022	0	0	0	0	0	4892	172	3414	220	5490	136	176	0	856	0	17136	0	3512	172	0	0	0	0	144	212	120	0	0	0	0	0	0	0	0	0	0	0	0	0	0	0	0	0	0	0	0	0	0	0	0	0	0	0	0	0	0	0	1180	424	10200	0	0	0	0	422	0	0	0	0	1688	0	0	0	0	0	0	0	0	0	0	0	0	0	0	0	0	0	0	0	0	0	0	0	0	0	0	0	0	0	0	0	0	0	
88304	Frontal_Inf_Orb_R	0	0	0	2690	0	4302	0	4430	0	10474	0	230	0	5894	0	0	0	0	152	836	0	972	0	420	0	0	0	1156	0	7716	0	828	0	374	0	0	0	0	0	120	0	0	0	0	0	0	0	0	0	0	0	0	0	0	0	0	0	0	0	0	0	0	0	0	0	0	0	0	0	0	0	954	0	2604	0	0	0	0	0	0	0	0	0	0	0	0	0	0	0	0	0	0	0	0	0	0	0	0	0	0	0	0	0	0	0	0	0	0	0	0	0	0	0	0	0	0	
298188	Rolandic_Oper_L	18648	588	12960	536	0	0	7232	348	0	0	17692	0	502	0	0	0	0	0	8336	514	0	0	0	0	0	0	0	0	20334	0	0	0	0	280	0	0	1076	0	164	0	0	0	306	0	156	0	0	0	0	0	1186	0	2414	0	1222	0	12712	0	1222	0	1872	0	4950	0	772	0	346	0	1016	330	1902	366	512	0	128	0	1780	134	7174	0	13352	0	3110	0	794	0	0	0	2128	0	0	0	0	0	0	0	0	0	0	0	0	0	0	0	0	0	0	0	0	0	0	0	0	0	0	0	
90620	Rolandic_Oper_R	0	1510	216	2566	0	0	0	2876	0	0	0	4830	0	0	0	0	0	0	258	116	0	0	0	0	0	0	0	0	0	9612	0	332	0	0	0	0	0	1512	0	128	0	0	0	0	0	0	0	0	0	0	0	0	0	0	0	946	0	3754	0	0	0	0	0	3176	0	0	0	0	0	0	232	2228	0	3286	0	932	0	0	0	1862	0	3610	0	992	0	0	0	0	0	336	0	0	0	0	0	0	0	0	0	0	0	0	0	0	0	0	0	0	0	0	0	0	0	0	0	0	
899204	Supp_Motor_Area_L	3474	6416	108710	26002	5914	0	27202	4394	1134	122	11616	2384	8732	2832	4892	152	8336	258	0	45160	486	0	19864	5356	0	0	0	0	28136	3120	9844	6904	10294	19196	180	0	2702	706	128	0	0	0	0	0	0	0	0	0	0	0	0	0	0	0	484	208	540	1268	0	0	0	0	0	0	0	0	0	0	9538	3176	13492	7558	20656	2526	5614	0	192	1618	384	0	3520	0	2970	0	178	0	0	0	1034	0	0	0	0	0	0	0	0	0	0	0	0	0	0	0	0	0	0	0	0	0	0	0	0	0	0	0	
679748	Supp_Motor_Area_R	6276	10180	16902	58944	248	0	1984	5444	0	500	624	4100	520	7554	172	836	514	116	45160	0	0	0	4038	12196	0	0	0	0	1160	7766	2856	14130	8580	50394	618	3044	0	496	0	0	0	0	0	0	0	0	0	270	0	0	0	0	0	256	0	0	110	9146	0	0	0	0	0	0	0	0	0	2304	12444	25496	2712	14934	776	2158	244	1022	0	1542	278	0	0	0	124	0	0	0	0	0	0	706	0	0	0	0	0	0	0	0	0	0	0	0	0	0	0	0	0	0	0	0	0	0	0	0	0	0	
82928	Olfactory_L	0	0	1136	152	3836	294	0	0	506	0	166	0	452	0	3414	0	0	0	486	0	0	5484	338	0	0	0	3018	858	4358	0	1974	1000	0	0	0	0	1048	0	390	0	696	0	0	0	0	0	0	0	0	0	0	0	0	0	252	0	0	0	0	0	0	0	0	0	0	0	0	0	0	0	6094	2720	2260	0	0	0	0	188	0	0	0	0	344	0	0	0	0	0	0	0	0	0	0	0	0	0	0	0	0	0	0	0	0	0	0	0	0	0	0	0	0	0	0	0	0	0	
61136	Olfactory_R	0	0	0	0	700	1236	0	0	198	0	0	0	0	0	220	972	0	0	0	0	5484	0	0	0	0	404	2636	2280	0	1726	2026	1566	0	0	0	0	0	0	0	132	0	598	0	0	0	0	0	0	0	0	0	0	0	0	0	0	0	0	0	0	0	0	0	0	0	0	0	0	0	0	5314	3202	1582	292	0	0	0	0	0	0	0	0	0	0	0	0	0	0	0	0	0	0	0	0	0	0	0	0	0	0	0	0	0	0	0	0	0	0	0	0	0	0	0	0	0	0	
460532	Frontal_Sup_Medial_L	0	0	47464	13598	5742	242	22540	666	1508	0	1390	466	4722	1088	5490	0	0	0	19864	4038	338	0	0	24158	2740	1454	300	0	2634	1294	27134	17450	6330	11776	0	0	0	0	0	0	0	0	0	0	0	0	0	0	0	0	0	0	0	0	0	0	0	0	0	0	0	0	0	0	0	0	0	0	0	0	302	564	4346	482	0	0	0	146	0	0	0	0	0	0	0	0	0	0	0	0	0	0	0	0	0	0	0	0	0	0	0	0	0	0	0	0	0	0	0	0	0	0	0	0	0	0	
446648	Frontal_Sup_Medial_R	0	318	5194	45818	184	4654	1546	7308	0	0	286	2408	588	5284	136	420	0	0	5356	12196	0	0	24158	0	1130	7460	0	1354	132	6090	11076	35888	638	16346	0	0	0	0	0	0	0	0	0	0	0	0	0	0	0	0	0	0	0	0	0	0	0	0	0	0	0	0	0	0	0	0	0	0	0	0	368	16376	156	9908	0	0	0	548	0	0	0	0	0	0	0	0	0	0	0	0	0	0	0	0	0	0	0	0	0	0	0	0	0	0	0	0	0	0	0	0	0	0	0	0	0	0	
31804	Frontal_Med_Orb_L	0	0	838	0	3466	0	0	0	262	0	0	0	0	0	176	0	0	0	0	0	0	0	2740	1130	0	1464	1796	0	0	0	2844	466	0	0	0	0	0	0	0	0	0	0	0	0	0	0	0	0	0	0	0	0	0	0	0	0	0	0	0	0	0	0	0	0	0	0	0	0	0	0	110	0	610	0	0	0	0	0	0	0	0	0	0	0	0	0	0	0	0	0	0	0	0	0	0	0	0	0	0	0	0	0	0	0	0	0	0	0	0	0	0	0	0	0	0	0	
84564	Frontal_Med_Orb_R	0	0	0	2430	0	6910	0	0	0	0	0	0	0	0	0	0	0	0	0	0	0	404	1454	7460	1464	0	126	5766	0	0	2596	7034	0	0	0	0	0	0	0	0	0	0	0	0	0	0	0	0	0	0	0	0	0	0	0	0	0	0	0	0	0	0	0	0	0	0	0	0	0	0	0	4416	0	2222	0	0	0	0	0	0	0	0	0	0	0	0	0	0	0	0	0	0	0	0	0	0	0	0	0	0	0	0	0	0	0	0	0	0	0	0	0	0	0	0	0	0	
49488	Rectus_L	0	0	258	0	5692	296	0	0	1064	0	0	0	0	0	856	0	0	0	0	0	3018	2636	300	0	1796	126	0	870	138	0	1310	382	0	0	0	0	0	0	0	0	0	0	0	0	0	0	0	0	0	0	0	0	0	0	0	0	0	0	0	0	0	0	0	0	0	0	0	0	0	0	3080	1396	1526	0	0	0	0	0	0	0	0	0	0	0	0	0	0	0	0	0	0	0	0	0	0	0	0	0	0	0	0	0	0	0	0	0	0	0	0	0	0	0	0	0	0	0	
55180	Rectus_R	0	0	0	576	160	6098	0	0	0	0	0	0	0	0	0	1156	0	0	0	0	858	2280	0	1354	0	5766	870	0	0	778	358	2974	0	0	0	0	0	0	0	0	0	0	0	0	0	0	0	0	0	0	0	0	0	0	0	0	0	0	0	0	0	0	0	0	0	0	0	0	0	0	744	2364	0	1254	0	0	0	0	0	0	0	0	0	0	0	0	0	0	0	0	0	0	0	0	0	0	0	0	0	0	0	0	0	0	0	0	0	0	0	0	0	0	0	0	0	0	
612164	Insula_L	15376	1064	35680	2650	13248	0	13696	1340	3388	0	21546	296	18958	0	17136	0	20334	0	28136	1160	4358	0	2634	132	0	0	138	0	0	160	3900	236	0	228	0	0	17886	550	1732	254	2434	0	204	0	0	0	0	0	0	0	154	0	1206	0	5308	122	4984	0	374	0	736	0	696	0	0	0	202	0	428	232	4928	1920	16180	120	592	0	3608	1472	6892	0	10070	0	7164	0	2214	0	248	0	7378	0	0	0	0	0	0	0	0	0	0	0	0	0	0	0	0	0	0	0	0	0	0	0	0	0	0	0	
429772	Insula_R	0	4598	1044	23132	0	848	428	15984	0	2722	126	28670	320	28674	0	7716	0	9612	3120	7766	0	1726	1294	6090	0	0	0	778	160	0	962	8204	414	4264	0	0	0	8378	0	2140	0	2714	0	0	0	0	0	0	0	0	0	0	0	0	0	4390	0	2044	0	0	0	0	0	878	0	0	0	0	112	0	680	5606	368	18956	0	214	0	352	0	710	0	1958	0	1580	0	1440	0	112	0	3602	0	0	0	0	0	0	0	0	0	0	0	0	0	0	0	0	0	0	0	0	0	0	0	0	0	0	
323208	Cingulum_Ant_L	206	0	14722	9754	3832	790	5420	850	306	0	628	522	2150	764	3512	0	0	0	9844	2856	1974	2026	27134	11076	2844	2596	1310	358	3900	962	0	21850	7074	5074	0	0	0	224	0	0	0	0	0	0	0	0	0	0	0	0	0	0	0	0	0	0	0	0	0	0	0	0	0	0	0	0	0	0	264	0	5012	2004	8548	768	0	0	0	450	0	0	0	0	0	0	0	0	0	0	0	0	0	0	0	0	0	0	0	0	0	0	0	0	0	0	0	0	0	0	0	0	0	0	0	0	0	0	
505536	Cingulum_Ant_R	0	386	3248	44774	352	5570	834	4246	0	482	0	3824	272	7584	172	828	0	332	6904	14130	1000	1566	17450	35888	466	7034	382	2974	236	8204	21850	0	4252	22910	0	0	0	226	0	0	0	0	0	0	0	0	0	0	0	0	0	0	0	0	0	0	0	0	0	0	0	0	0	0	0	0	0	0	0	0	1094	18066	850	13718	0	0	0	664	0	0	0	0	0	0	0	0	0	0	0	0	0	0	0	0	0	0	0	0	0	0	0	0	0	0	0	0	0	0	0	0	0	0	0	0	0	0	
151172	Cingulum_Mid_L	818	648	3038	3516	0	0	256	0	0	0	0	158	0	258	0	0	0	0	10294	8580	0	0	6330	638	0	0	0	0	0	414	7074	4252	0	14152	3596	266	0	0	0	0	0	0	0	0	472	0	0	122	0	0	0	0	0	0	0	0	160	0	0	0	0	0	0	0	0	0	1792	708	6560	1172	312	0	0	0	0	0	0	0	0	0	0	0	0	0	0	0	0	0	0	0	0	0	0	0	0	0	0	0	0	0	0	0	0	0	0	0	0	0	0	0	0	0	0	0	0	0	
480564	Cingulum_Mid_R	3962	5198	4032	22718	0	0	788	2542	0	0	0	1834	140	4454	0	374	280	0	19196	50394	0	0	11776	16346	0	0	0	0	228	4264	5074	22910	14152	0	770	4712	0	300	0	0	0	0	0	160	0	474	0	440	0	0	0	0	0	224	0	0	0	5986	0	0	0	0	0	0	0	0	430	5042	8232	20918	288	294	170	420	0	0	0	0	238	0	0	0	0	0	0	0	0	0	0	522	0	0	0	0	0	0	0	0	0	0	0	0	0	0	0	0	0	0	0	0	0	0	0	0	0	0	
138584	Cingulum_Post_L	4236	268	0	0	0	0	0	0	0	0	0	0	0	0	0	0	0	0	180	618	0	0	0	0	0	0	0	0	0	0	0	0	3596	770	0	6532	9906	1830	2492	468	0	0	6708	0	3352	0	2056	0	1054	0	898	0	372	0	562	270	1822	346	0	0	0	0	0	0	172	0	11258	654	5984	734	0	0	0	0	0	0	1034	340	0	0	0	0	0	0	118	0	0	0	662	0	0	0	0	0	0	0	0	0	0	0	0	0	0	0	0	0	0	0	0	0	0	0	0	0	0	0	
117852	Cingulum_Post_R	558	234	0	0	0	0	0	0	0	0	0	0	0	0	0	0	0	0	0	3044	0	0	0	0	0	0	0	0	0	0	0	0	266	4712	6532	0	3480	4986	328	1460	0	0	0	1774	0	590	0	3906	0	258	0	160	0	912	0	950	0	1778	0	0	0	0	0	0	0	0	528	10964	696	5296	0	0	0	0	0	0	1708	992	0	0	0	0	0	0	0	322	0	0	0	2042	0	0	0	0	0	0	0	0	0	0	0	0	0	0	0	0	0	0	0	0	450	0	0	0	0	0	
302644	Hippocampus_L	10626	344	4242	118	0	0	4388	0	0	0	1392	0	0	0	144	0	1076	0	2702	0	1048	0	0	0	0	0	0	0	17886	0	0	0	0	0	9906	3480	0	2310	10690	540	7962	0	6886	0	690	0	2938	0	314	0	646	0	266	0	11472	290	2328	0	0	0	0	0	0	0	136	0	8108	486	748	0	460	0	7268	0	830	0	3216	514	2814	0	4784	0	1160	0	2934	0	258	0	12922	0	0	0	0	0	0	0	0	0	0	0	0	0	0	0	0	0	0	0	0	0	0	0	0	0	0	0	
284368	Hippocampus_R	310	9634	440	1722	268	0	0	4996	0	0	0	5688	0	0	212	0	0	1512	706	496	0	0	0	0	0	0	0	0	550	8378	224	226	0	300	1830	4986	2310	0	236	19614	0	7740	0	514	0	0	0	2676	0	0	0	0	0	162	0	26246	0	1164	0	0	0	0	0	334	0	0	202	3668	0	508	440	584	118	17902	0	140	1108	2846	0	442	0	716	0	994	0	298	0	0	0	8156	0	0	0	0	0	0	0	0	0	0	0	0	0	0	0	0	0	0	0	0	588	0	0	0	0	0	
82828	ParaHippocampal_L	1438	0	154	0	0	0	442	0	0	0	220	0	0	0	120	0	164	0	128	0	390	0	0	0	0	0	0	0	1732	0	0	0	0	0	2492	328	10690	236	0	0	1300	0	2444	0	326	0	2440	0	0	0	314	0	724	0	6516	0	392	0	0	0	0	0	0	0	0	0	3068	174	0	0	0	0	788	0	0	0	0	0	536	0	450	0	396	0	0	0	262	0	2632	0	0	0	0	0	0	0	118	0	0	0	0	0	0	0	0	0	0	0	0	0	0	0	0	0	0	0	
133144	ParaHippocampal_R	110	2232	0	172	128	0	0	1178	0	0	0	1736	0	0	0	120	0	128	0	0	0	132	0	0	0	0	0	0	254	2140	0	0	0	0	468	1460	540	19614	0	0	0	3842	0	1146	0	0	0	3148	0	0	0	0	0	374	0	16140	0	302	0	0	0	0	0	0	0	0	0	1990	0	172	146	194	0	3194	0	0	372	936	0	0	0	164	0	1502	0	0	0	394	0	1842	0	0	0	0	0	0	0	168	0	0	0	0	0	0	0	0	0	0	0	0	134	0	0	0	0	0	
37756	Amygdala_L	0	0	0	0	0	0	0	0	0	0	0	0	0	0	0	0	0	0	0	0	696	0	0	0	0	0	0	0	2434	0	0	0	0	0	0	0	7962	0	1300	0	0	0	0	0	0	0	0	0	0	0	0	0	0	0	2994	0	0	0	0	0	0	0	0	0	0	0	0	0	0	0	0	0	300	0	0	0	0	0	0	0	0	0	522	0	354	0	192	0	2124	0	0	0	0	0	0	0	0	0	0	0	0	0	0	0	0	0	0	0	0	0	0	0	0	0	0	0	
48536	Amygdala_R	0	0	0	0	0	0	0	0	0	0	0	0	0	0	0	0	0	0	0	0	0	598	0	0	0	0	0	0	0	2714	0	0	0	0	0	0	0	7740	0	3842	0	0	0	0	0	0	0	0	0	0	0	0	0	0	0	5434	0	0	0	0	0	0	0	0	0	0	0	0	0	0	0	0	0	1608	0	0	0	0	0	0	0	0	0	1798	0	0	0	312	0	222	0	0	0	0	0	0	0	0	0	0	0	0	0	0	0	0	0	0	0	0	0	0	0	0	0	0	
218864	Calcarine_L	628	0	0	0	0	0	0	0	0	0	0	0	0	0	0	0	306	0	0	0	0	0	0	0	0	0	0	0	204	0	0	0	0	0	6708	0	6886	0	2444	0	0	0	0	2496	17836	1884	7896	902	7570	1242	15534	0	5472	0	2686	0	4016	0	652	0	626	0	118	0	586	0	17736	0	752	0	0	0	0	0	0	0	0	0	138	0	328	0	0	0	1900	0	0	0	1886	0	0	0	0	0	0	0	0	0	0	0	0	0	0	0	0	0	0	0	0	0	0	0	0	0	0	0	
242464	Calcarine_R	0	248	0	0	0	0	0	0	0	0	0	0	0	0	0	0	0	0	0	0	0	0	0	0	0	0	0	0	0	0	0	0	0	160	0	1774	0	514	0	1146	0	0	2496	0	4186	28338	430	19664	0	22648	0	8088	0	4670	0	5126	0	1138	0	0	0	0	0	146	0	0	978	13988	0	738	0	0	0	0	0	0	0	0	0	0	0	0	0	0	0	2438	0	0	0	2202	0	0	0	0	0	0	0	0	0	0	0	0	0	0	0	0	0	0	0	0	116	0	0	0	0	0	
220880	Cuneus_L	718	0	0	0	0	0	0	0	0	0	0	0	0	0	0	0	156	0	0	0	0	0	0	0	0	0	0	0	0	0	0	0	472	0	3352	0	690	0	326	0	0	0	17836	4186	0	8970	1376	140	17512	5182	14726	454	3188	148	1136	112	4308	0	1234	0	634	0	158	0	346	0	17498	1712	2174	0	0	0	0	0	0	0	0	0	0	0	0	0	0	0	1006	0	0	0	690	0	0	0	0	0	0	0	0	0	0	0	0	0	0	0	0	0	0	0	0	0	0	0	0	0	0	0	
342440	Cuneus_R	0	432	0	0	0	0	0	0	0	0	0	0	0	0	0	0	0	0	0	0	0	0	0	0	0	0	0	0	0	0	0	0	0	474	0	590	0	0	0	0	0	0	1884	28338	8970	0	134	8076	0	47528	0	12006	0	1974	0	1610	0	10480	0	9744	0	118	0	1678	0	1890	3686	26318	0	2332	0	0	0	0	0	0	0	0	0	0	0	0	0	0	0	1756	0	0	0	1202	0	0	0	0	0	0	0	0	0	0	0	0	0	0	0	0	0	0	0	0	0	0	0	0	0	0	
185660	Lingual_L	264	0	0	0	0	0	0	0	0	0	0	0	0	0	0	0	0	0	0	0	0	0	0	0	0	0	0	0	0	0	0	0	0	0	2056	0	2938	0	2440	0	0	0	7896	430	1376	134	0	1956	3530	0	14100	0	7062	0	10716	332	110	0	0	0	0	0	0	0	0	0	4262	0	0	0	0	0	0	0	0	0	126	0	0	0	0	0	0	0	180	0	0	0	572	0	4070	614	706	246	0	0	8138	1068	9094	1694	0	0	0	0	0	202	0	0	0	0	3014	2264	408	132	358	342	
249624	Lingual_R	0	0	0	0	0	0	0	0	0	0	0	0	0	0	0	0	0	0	0	270	0	0	0	0	0	0	0	0	0	0	0	0	122	440	0	3906	0	2676	0	3148	0	0	902	19664	140	8076	1956	0	0	6674	0	2276	0	3104	1298	14080	0	1768	0	0	0	0	0	0	0	0	0	12150	0	1962	0	0	0	0	0	0	0	0	0	0	0	0	0	0	0	570	0	0	0	1900	3752	1728	980	450	0	826	1006	3690	6618	7998	216	0	256	0	0	0	0	0	0	0	3266	6228	716	0	0	0	
181776	Occipital_Sup_L	0	0	0	0	0	0	0	0	0	0	0	0	0	0	0	0	0	0	0	0	0	0	0	0	0	0	0	0	0	0	0	0	0	0	1054	0	314	0	0	0	0	0	7570	0	17512	0	3530	0	0	0	33104	0	1258	0	414	0	346	0	7242	0	1730	0	1132	0	2354	0	12242	152	0	0	0	0	0	0	0	0	0	0	0	0	0	0	0	0	816	0	0	0	118	0	0	0	0	0	0	0	0	0	0	0	0	0	0	0	0	0	0	0	0	0	0	0	0	0	0	0	
315764	Occipital_Sup_R	0	388	0	0	0	0	0	0	0	0	0	0	0	0	0	0	0	0	0	0	0	0	0	0	0	0	0	0	0	0	0	0	0	0	0	258	0	0	0	0	0	0	1242	22648	5182	47528	0	6674	0	0	0	18844	0	1434	0	2096	0	9134	0	9974	0	398	0	2218	0	4348	2780	18984	0	812	0	0	0	0	0	0	0	0	0	0	0	0	0	0	0	2276	0	0	0	664	0	0	0	0	0	0	0	0	0	0	0	0	0	0	0	0	0	0	0	0	0	0	0	0	0	0	
404136	Occipital_Mid_L	1778	0	0	0	0	0	0	0	0	0	0	0	0	0	0	0	1186	0	0	0	0	0	0	0	0	0	0	0	154	0	0	0	0	0	898	0	646	0	314	0	0	0	15534	0	14726	0	14100	0	33104	0	0	0	31590	0	10778	0	2230	0	8976	0	10250	0	3820	0	15010	0	13814	0	172	0	0	0	0	0	0	0	0	0	588	0	978	0	0	0	16700	0	0	0	4480	0	0	0	0	0	0	0	114	0	128	0	0	0	0	0	0	0	0	0	0	0	0	0	0	0	0	0	
189568	Occipital_Mid_R	0	404	0	0	0	0	0	0	0	0	0	0	0	0	0	0	0	0	0	0	0	0	0	0	0	0	0	0	0	0	0	0	0	0	0	160	0	0	0	0	0	0	0	8088	454	12006	0	2276	0	18844	0	0	0	5106	0	2450	0	1834	0	2184	0	1394	0	1360	0	13346	440	7624	0	386	0	0	0	0	0	0	0	0	0	0	0	698	0	0	0	13292	0	0	0	2438	0	0	0	0	0	0	0	0	0	0	0	0	0	0	0	0	0	0	0	0	0	0	0	0	0	0	
194944	Occipital_Inf_L	2310	0	0	0	0	0	0	0	0	0	0	0	0	0	0	0	2414	0	0	0	0	0	0	0	0	0	0	0	1206	0	0	0	0	0	372	0	266	0	724	0	0	0	5472	0	3188	0	7062	0	1258	0	31590	0	0	0	14866	0	1466	0	594	0	1790	0	1020	0	1302	0	3738	0	466	0	0	0	0	0	0	0	0	0	2700	0	1420	0	0	0	5758	0	0	0	6362	0	0	0	0	0	0	0	0	0	128	0	0	0	0	0	0	0	0	0	0	0	0	0	0	0	0	0	
103656	Occipital_Inf_R	0	580	0	0	0	0	0	0	0	0	0	0	0	0	0	0	0	0	0	256	0	0	0	0	0	0	0	0	0	0	0	0	0	224	0	912	0	162	0	374	0	0	0	4670	148	1974	0	3104	0	1434	0	5106	0	0	0	4706	0	2080	0	362	0	614	0	632	0	168	0	6628	0	1054	0	0	0	0	0	0	0	0	0	0	0	0	0	0	0	2158	0	0	0	11784	224	0	0	0	0	0	0	600	254	1024	0	0	0	0	0	0	0	0	0	0	326	270	0	0	0	0	
358892	Fusiform_L	1700	0	494	0	0	0	306	0	0	0	500	0	0	0	0	0	1222	0	484	0	252	0	0	0	0	0	0	0	5308	0	0	0	0	0	562	0	11472	0	6516	0	2994	0	2686	0	1136	0	10716	1298	414	0	10778	0	14866	0	0	1018	718	0	0	0	524	0	404	0	278	0	1934	0	0	0	0	0	744	0	0	0	0	0	4754	0	4850	0	1556	0	3260	0	1482	0	18002	0	20504	910	1358	506	184	0	11100	240	23738	2180	114	0	480	0	198	0	126	0	0	0	842	3030	708	0	0	0	
401168	Fusiform_R	0	3202	132	768	0	0	0	2194	0	0	0	2784	0	0	0	0	0	946	208	0	0	0	0	0	0	0	0	0	122	4390	0	0	0	0	270	950	290	26246	0	16140	0	5434	0	5126	112	1610	332	14080	0	2096	0	2450	0	4706	1018	0	0	518	0	0	0	0	0	0	0	0	0	1594	0	0	130	190	0	8216	0	0	262	746	0	204	0	930	0	4776	0	504	0	1382	0	13876	3232	16286	934	422	0	426	200	10300	4418	25550	328	144	386	644	0	202	0	0	0	302	2664	4822	390	0	0	0	
296756	Postcentral_L	24928	216	1726	0	0	0	1438	0	0	0	3370	0	0	0	0	0	12712	0	540	110	0	0	0	0	0	0	0	0	4984	0	0	0	160	0	1822	0	2328	0	392	0	0	0	4016	0	4308	0	110	0	346	0	2230	0	1466	0	718	0	0	0	15948	0	24826	0	12200	0	2866	0	5914	0	2780	0	2102	0	170	0	0	0	3540	0	2810	0	4896	0	0	0	1080	0	0	0	1326	0	0	0	0	0	0	0	0	0	0	0	0	0	0	0	0	0	0	0	0	0	0	0	0	0	0	0	
318212	Postcentral_R	2842	16198	440	158	0	0	0	0	0	0	0	2506	0	0	0	0	0	3754	1268	9146	0	0	0	0	0	0	0	0	0	2044	0	0	0	5986	346	1778	0	1164	0	302	0	0	0	1138	0	10480	0	1768	0	9134	0	1834	0	2080	0	518	0	0	0	9896	0	6300	0	14066	0	2872	240	19826	1868	16478	1206	2758	342	1042	0	0	224	898	0	264	0	932	0	0	0	1452	0	0	0	3558	0	0	0	0	0	0	0	0	0	0	0	0	0	0	0	0	0	0	0	0	0	0	0	0	0	0	
178996	Parietal_Sup_L	3680	0	0	0	0	0	0	0	0	0	212	0	0	0	0	0	1222	0	0	0	0	0	0	0	0	0	0	0	374	0	0	0	0	0	0	0	0	0	0	0	0	0	652	0	1234	0	0	0	7242	0	8976	0	594	0	0	0	15948	0	0	0	21762	0	4410	0	5870	0	13756	458	0	0	0	0	0	0	0	0	0	0	0	0	870	0	0	0	1452	0	0	0	786	0	0	0	0	0	0	0	0	0	0	0	0	0	0	0	0	0	0	0	0	0	0	0	0	0	0	0	
122720	Parietal_Sup_R	0	174	0	0	0	0	0	0	0	0	0	0	0	0	0	0	0	0	0	0	0	0	0	0	0	0	0	0	0	0	0	0	0	0	0	0	0	0	0	0	0	0	0	0	0	9744	0	0	0	9974	0	2184	0	362	0	0	0	9896	0	0	0	6418	0	3176	0	4264	956	12348	0	1256	0	0	0	0	0	0	0	0	0	0	0	0	0	0	0	140	0	0	0	468	0	0	0	0	0	0	0	0	0	0	0	0	0	0	0	0	0	0	0	0	0	0	0	0	0	0	
268268	Parietal_Inf_L	6314	0	0	0	0	0	0	0	0	0	330	0	0	0	0	0	1872	0	0	0	0	0	0	0	0	0	0	0	736	0	0	0	0	0	0	0	0	0	0	0	0	0	626	0	634	0	0	0	1730	0	10250	0	1790	0	524	0	24826	0	21762	0	0	0	20750	0	24768	0	3452	0	0	0	0	0	0	0	0	0	138	0	118	0	1808	0	0	0	9546	0	0	0	2160	0	0	0	0	0	0	0	0	0	0	0	0	0	0	0	0	0	0	0	0	0	0	0	0	0	0	0	
89260	Parietal_Inf_R	0	378	0	0	0	0	0	0	0	0	0	0	0	0	0	0	0	0	0	0	0	0	0	0	0	0	0	0	0	0	0	0	0	0	0	0	0	0	0	0	0	0	0	0	0	118	0	0	0	398	0	1394	0	614	0	0	0	6300	0	6418	0	0	0	8640	0	13806	0	1814	0	160	0	0	0	0	0	0	0	0	0	0	0	0	0	0	0	2648	0	0	0	1942	0	0	0	0	0	0	0	0	0	0	0	0	0	0	0	0	0	0	0	0	0	0	0	0	0	0	
157500	SupraMarginal_L	2258	0	0	0	0	0	0	0	0	0	0	0	0	0	0	0	4950	0	0	0	0	0	0	0	0	0	0	0	696	0	0	0	0	0	0	0	0	0	0	0	0	0	118	0	158	0	0	0	1132	0	3820	0	1020	0	404	0	12200	0	4410	0	20750	0	0	0	11014	0	1032	0	0	0	0	0	0	0	0	0	0	0	0	0	5538	0	0	0	8330	0	0	0	920	0	0	0	0	0	0	0	0	0	0	0	0	0	0	0	0	0	0	0	0	0	0	0	0	0	0	0	
115272	SupraMarginal_R	0	1100	0	0	0	0	0	0	0	0	0	0	0	0	0	0	0	3176	0	0	0	0	0	0	0	0	0	0	0	878	0	0	0	0	0	0	0	334	0	0	0	0	0	146	0	1678	0	0	0	2218	0	1360	0	632	0	0	0	14066	0	3176	0	8640	0	0	0	5382	0	3240	0	0	0	0	0	0	0	0	0	0	0	244	0	4908	0	0	0	2308	0	0	0	4150	0	0	0	0	0	0	0	0	0	0	0	0	0	0	0	0	0	0	0	0	0	0	0	0	0	0	
182680	Angular_L	1054	0	0	0	0	0	0	0	0	0	0	0	0	0	0	0	772	0	0	0	0	0	0	0	0	0	0	0	0	0	0	0	0	0	172	0	136	0	0	0	0	0	586	0	346	0	0	0	2354	0	15010	0	1302	0	278	0	2866	0	5870	0	24768	0	11014	0	0	0	1912	0	0	0	0	0	0	0	0	0	0	0	124	0	2914	0	0	0	17922	0	0	0	1940	0	0	0	0	0	0	0	0	0	0	0	0	0	0	0	0	0	0	0	0	0	0	0	0	0	0	0	
125072	Angular_R	0	282	0	0	0	0	0	0	0	0	0	0	0	0	0	0	0	0	0	0	0	0	0	0	0	0	0	0	0	0	0	0	0	0	0	0	0	0	0	0	0	0	0	0	0	1890	0	0	0	4348	0	13346	0	168	0	0	0	2872	0	4264	0	13806	0	5382	0	0	0	2698	0	128	0	0	0	0	0	0	0	0	0	0	0	1508	0	0	0	9076	0	0	0	2768	0	0	0	0	0	0	0	0	0	0	0	0	0	0	0	0	0	0	0	0	0	0	0	0	0	0	
292768	Precuneus_L	1264	0	0	0	0	0	0	0	0	0	0	0	0	0	0	0	346	0	0	0	0	0	0	0	0	0	0	0	202	0	0	0	1792	430	11258	528	8108	202	3068	0	0	0	17736	978	17498	3686	4262	0	12242	2780	13814	440	3738	0	1934	0	5914	240	13756	956	3452	0	1032	0	1912	0	0	5572	3570	172	0	0	0	0	0	0	0	0	0	0	386	0	0	0	1222	0	0	0	1894	0	0	0	0	0	0	0	0	0	0	0	0	0	0	0	0	0	0	0	0	0	0	0	0	0	0	0	
371192	Precuneus_R	0	1316	0	0	0	0	0	0	0	0	0	112	0	0	0	0	0	0	0	2304	0	0	0	0	0	0	0	0	0	0	0	0	708	5042	654	10964	486	3668	174	1990	0	0	0	13988	1712	26318	0	12150	152	18984	0	7624	0	6628	0	1594	0	19826	458	12348	0	1814	0	3240	0	2698	5572	0	840	11498	0	0	0	0	0	0	0	0	0	0	0	0	0	0	0	2894	0	0	0	6882	0	0	0	0	0	0	0	134	0	0	0	0	0	0	0	0	0	0	0	0	824	0	0	0	0	0	
230408	Paracentral_Lobule_L	11958	6958	9922	1864	0	0	602	154	0	0	180	0	0	0	0	0	1016	0	9538	12444	0	0	0	0	0	0	0	0	428	112	264	0	6560	8232	5984	696	748	0	0	0	0	0	752	0	2174	0	0	0	0	0	172	0	466	0	0	0	2780	1868	0	0	0	0	0	0	0	0	3570	840	0	9220	3338	942	3850	140	4640	0	1548	338	338	0	324	0	0	0	0	0	0	0	244	0	0	0	0	0	0	0	0	0	0	0	0	0	0	0	0	0	0	0	0	0	0	0	0	0	0	0	
247304	Paracentral_Lobule_R	5534	9624	1058	182	0	0	182	0	0	0	0	0	0	0	0	0	330	0	3176	25496	0	0	0	0	0	0	0	0	232	0	0	0	1172	20918	734	5296	0	508	0	172	0	0	0	738	0	2332	0	1962	0	812	0	386	0	1054	0	0	0	16478	0	1256	0	160	0	0	0	128	172	11498	9220	0	382	0	172	0	0	0	0	132	284	0	0	0	0	0	0	326	0	0	0	1546	0	0	0	0	0	0	0	0	0	0	0	0	0	0	0	0	0	0	0	0	0	0	0	0	0	0	
276960	Caudate_L	7914	4842	12448	5824	2678	322	5774	2796	286	0	2130	1822	1408	320	1180	0	1902	232	13492	2712	6094	5314	302	368	110	0	3080	744	4928	680	5012	1094	312	288	0	0	460	440	0	146	0	0	0	0	0	0	0	0	0	0	0	0	0	0	0	130	2102	1206	0	0	0	0	0	0	0	0	0	0	3338	382	0	11932	11504	1216	1988	0	4456	1280	202	0	598	0	692	0	0	0	0	0	0	0	0	0	0	0	0	0	0	0	0	0	0	0	0	0	0	0	0	0	0	0	0	0	0	0	0	0	
476232	Caudate_R	436	19386	6262	30768	864	5228	1738	9268	180	506	2102	5216	2380	3542	424	954	366	2228	7558	14934	2720	3202	564	16376	0	4416	1396	2364	1920	5606	2004	18066	0	294	0	0	0	584	0	194	0	0	0	0	0	0	0	0	0	0	0	0	0	0	0	190	0	2758	0	0	0	0	0	0	0	0	0	0	942	0	11932	0	3518	20746	112	2640	784	19280	0	424	130	354	260	0	0	0	0	0	0	0	0	0	0	0	0	0	0	0	0	0	0	0	0	0	0	0	0	0	0	0	0	0	0	0	0	0	
329820	Putamen_L	5190	1096	24900	1234	7282	0	6214	400	914	0	1762	384	2252	232	10200	0	512	0	20656	776	2260	1582	4346	156	610	0	1526	0	16180	368	8548	850	0	170	0	0	7268	118	788	0	300	0	0	0	0	0	0	0	0	0	0	0	0	0	744	0	170	342	0	0	0	0	0	0	0	0	0	0	3850	172	11504	3518	0	324	8864	0	2192	366	232	0	1250	0	348	0	652	0	0	0	1308	0	0	0	0	0	0	0	0	0	0	0	0	0	0	0	0	0	0	0	0	0	0	0	0	0	0	0	
354484	Putamen_R	0	7034	1380	16558	0	3456	310	8148	0	1132	524	11318	688	2976	0	2604	0	3286	2526	2158	0	292	482	9908	0	2222	0	1254	120	18956	768	13718	0	420	0	0	0	17902	0	3194	0	1608	0	0	0	0	0	0	0	0	0	0	0	0	0	8216	0	1042	0	0	0	0	0	0	0	0	0	0	140	0	1216	20746	324	0	0	3230	0	2062	0	738	0	800	0	670	0	278	0	0	0	2838	0	0	0	0	0	0	0	0	0	0	0	0	0	0	0	0	0	0	0	0	0	0	0	0	0	0	
71816	Pallidum_L	1344	218	7278	152	0	0	1498	0	0	0	120	0	0	0	0	0	128	0	5614	244	0	0	0	0	0	0	0	0	592	0	0	0	0	0	0	0	830	0	0	0	0	0	0	0	0	0	0	0	0	0	0	0	0	0	0	0	0	0	0	0	0	0	0	0	0	0	0	0	4640	0	1988	112	8864	0	0	0	2286	0	0	0	0	0	0	0	0	0	0	0	0	0	0	0	0	0	0	0	0	0	0	0	0	0	0	0	0	0	0	0	0	0	0	0	0	0	0	0	
20460	Pallidum_R	0	134	0	1196	0	0	0	0	0	0	0	186	0	0	0	0	0	932	0	1022	0	0	0	0	0	0	0	0	0	214	0	0	0	0	0	0	0	140	0	0	0	0	0	0	0	0	0	0	0	0	0	0	0	0	0	0	0	0	0	0	0	0	0	0	0	0	0	0	0	0	0	2640	0	3230	0	0	0	0	0	310	0	226	0	0	0	0	0	0	0	0	0	0	0	0	0	0	0	0	0	0	0	0	0	0	0	0	0	0	0	0	0	0	0	0	0	0	
121672	Thalamus_L	14942	1090	3328	0	0	0	9200	0	0	0	1258	156	0	0	0	0	1780	0	192	0	0	0	0	0	0	0	0	0	3608	0	0	0	0	0	1034	1708	3216	1108	0	372	0	0	0	0	0	0	126	0	0	0	0	0	0	0	0	262	3540	224	0	0	138	0	0	0	0	0	0	0	1548	0	4456	784	2192	0	2286	0	0	1738	426	0	124	0	0	0	0	0	0	0	0	0	0	0	0	0	0	0	0	0	0	0	0	0	0	0	0	0	0	0	0	0	0	0	0	0	0	0	
134852	Thalamus_R	272	16588	1648	4298	666	0	182	1778	0	0	252	1384	238	116	422	0	134	0	1618	1542	188	0	146	548	0	0	0	0	1472	352	450	664	0	0	340	992	514	2846	0	936	0	0	0	0	0	0	0	0	0	0	0	0	0	0	0	746	0	898	0	0	0	0	0	0	0	0	0	0	338	132	1280	19280	366	2062	0	0	1738	0	0	0	0	0	0	0	0	0	0	0	0	0	0	0	0	0	0	0	0	0	0	0	0	0	0	0	0	0	0	0	0	0	0	0	0	0	0	0	
97976	Heschl_L	5158	436	1764	0	0	0	1598	0	0	0	1856	0	0	0	0	0	7174	0	384	278	0	0	0	0	0	0	0	0	6892	0	0	0	0	238	0	0	2814	0	536	0	0	0	138	0	0	0	0	0	0	0	588	0	2700	0	4754	0	2810	0	0	0	118	0	0	0	124	0	0	0	338	284	202	0	232	0	0	0	426	0	0	0	2188	0	0	0	660	0	0	0	4298	0	0	0	0	0	0	0	0	0	0	0	0	0	0	0	0	0	0	0	0	0	0	0	0	0	0	0	
21308	Heschl_R	0	220	0	0	0	0	0	0	0	0	0	0	0	0	0	0	0	1862	0	0	0	0	0	0	0	0	0	0	0	710	0	0	0	0	0	0	0	442	0	0	0	0	0	0	0	0	0	0	0	0	0	0	0	0	0	204	0	264	0	0	0	0	0	244	0	0	0	0	0	0	0	424	0	738	0	310	0	0	0	0	0	3544	0	0	0	574	0	0	0	1118	0	0	0	0	0	0	0	0	0	0	0	0	0	0	0	0	0	0	0	0	0	0	0	0	0	0	
234496	Temporal_Sup_L	4334	0	4390	236	0	0	2326	168	0	0	3360	0	176	0	0	0	13352	0	3520	0	0	0	0	0	0	0	0	0	10070	0	0	0	0	0	0	0	4784	0	450	0	0	0	328	0	0	0	0	0	0	0	978	0	1420	0	4850	0	4896	0	870	0	1808	0	5538	0	2914	0	386	0	324	0	598	130	1250	0	0	0	124	0	2188	0	0	0	4956	0	19602	0	322	0	16600	0	0	0	0	0	0	0	0	0	0	0	0	0	0	0	0	0	0	0	0	0	0	0	0	0	0	0	
71860	Temporal_Sup_R	0	472	0	0	0	0	0	0	0	0	0	230	0	0	0	0	0	3610	0	0	0	0	0	0	0	0	0	0	0	1958	0	0	0	0	0	0	0	716	0	164	0	0	0	0	0	0	0	0	0	0	0	698	0	0	0	930	0	932	0	0	0	0	0	4908	0	1508	0	0	0	0	0	354	0	800	0	226	0	0	0	3544	0	0	0	1426	0	6904	0	312	0	6238	0	0	0	0	0	0	0	0	0	0	0	0	0	0	0	0	0	0	0	0	0	0	0	0	0	0	
105596	Temporal_Pole_Sup_L	0	0	3276	486	842	0	0	344	508	0	4408	0	930	0	1688	0	3110	0	2970	124	344	0	0	0	0	0	0	0	7164	0	0	0	0	0	0	0	1160	0	396	0	522	0	0	0	0	0	0	0	0	0	0	0	0	0	1556	0	0	0	0	0	0	0	0	0	0	0	0	0	0	0	692	260	348	0	0	0	0	0	0	0	4956	0	0	0	7116	0	4286	0	5312	0	0	0	0	0	0	0	0	0	0	0	0	0	0	0	0	0	0	0	0	0	0	0	0	0	0	0	
45480	Temporal_Pole_Sup_R	0	0	0	320	0	0	0	320	0	0	0	854	0	0	0	0	0	992	0	0	0	0	0	0	0	0	0	0	0	1580	0	0	0	0	0	0	0	994	0	1502	0	1798	0	0	0	0	0	0	0	0	0	0	0	0	0	4776	0	0	0	0	0	0	0	0	0	0	0	0	0	0	0	0	0	670	0	0	0	0	0	0	0	1426	0	0	0	2584	0	2514	0	2410	0	0	0	0	0	0	0	0	0	0	0	0	0	0	0	0	0	0	0	0	0	0	0	0	0	0	
284064	Temporal_Mid_L	1032	0	202	0	0	0	340	0	0	0	0	0	0	0	0	0	794	0	178	0	0	0	0	0	0	0	0	0	2214	0	0	0	0	0	118	0	2934	0	0	0	354	0	1900	0	1006	0	180	0	816	0	16700	0	5758	0	3260	0	1080	0	1452	0	9546	0	8330	0	17922	0	1222	0	0	0	0	0	652	0	0	0	0	0	660	0	19602	0	7116	0	0	0	4182	0	32482	0	0	0	0	0	0	0	0	0	0	0	0	0	0	0	0	0	0	0	0	0	0	0	0	0	0	0	
147628	Temporal_Mid_R	0	922	0	0	0	0	0	0	0	0	0	270	0	0	0	0	0	0	0	0	0	0	0	0	0	0	0	0	0	1440	0	0	0	0	0	322	0	298	0	0	0	0	0	2438	0	1756	0	570	0	2276	0	13292	0	2158	0	504	0	1452	0	140	0	2648	0	2308	0	9076	0	2894	0	326	0	0	0	278	0	0	0	0	0	574	0	6904	0	2584	0	0	0	1390	0	16994	0	0	0	0	0	0	0	0	0	0	0	0	0	0	0	0	0	0	0	0	0	0	0	0	0	0	
29840	Temporal_Pole_Mid_L	0	0	0	0	0	0	0	0	0	0	0	0	0	0	0	0	0	0	0	0	0	0	0	0	0	0	0	0	248	0	0	0	0	0	0	0	258	0	262	0	192	0	0	0	0	0	0	0	0	0	0	0	0	0	1482	0	0	0	0	0	0	0	0	0	0	0	0	0	0	0	0	0	0	0	0	0	0	0	0	0	322	0	4286	0	4182	0	0	0	3688	0	0	0	0	0	0	0	0	0	0	0	0	0	0	0	0	0	0	0	0	0	0	0	0	0	0	0	
13836	Temporal_Pole_Mid_R	0	0	0	0	0	0	0	0	0	0	0	0	0	0	0	0	0	0	0	0	0	0	0	0	0	0	0	0	0	112	0	0	0	0	0	0	0	0	0	394	0	312	0	0	0	0	0	0	0	0	0	0	0	0	0	1382	0	0	0	0	0	0	0	0	0	0	0	0	0	0	0	0	0	0	0	0	0	0	0	0	0	312	0	2514	0	1390	0	0	0	502	0	0	0	0	0	0	0	0	0	0	0	0	0	0	0	0	0	0	0	0	0	0	0	0	0	0	
287884	Temporal_Inf_L	2290	0	1058	0	0	0	538	0	0	0	470	0	0	0	0	0	2128	0	1034	0	0	0	0	0	0	0	0	0	7378	0	0	0	0	0	662	0	12922	0	2632	0	2124	0	1886	0	690	0	572	0	118	0	4480	0	6362	0	18002	0	1326	0	786	0	2160	0	920	0	1940	0	1894	0	244	0	0	0	1308	0	0	0	0	0	4298	0	16600	0	5312	0	32482	0	3688	0	0	0	3950	0	432	0	0	0	268	0	636	0	0	0	352	0	0	0	0	0	0	0	0	0	0	0	0	0	
227280	Temporal_Inf_R	0	3608	0	252	0	0	0	754	0	0	0	1910	0	0	0	0	0	336	0	706	0	0	0	0	0	0	0	0	0	3602	0	0	0	522	0	2042	0	8156	0	1842	0	222	0	2202	0	1202	0	1900	0	664	0	2438	0	11784	0	13876	0	3558	0	468	0	1942	0	4150	0	2768	0	6882	0	1546	0	0	0	2838	0	0	0	0	0	1118	0	6238	0	2410	0	16994	0	502	0	0	0	2698	0	0	0	182	0	506	0	822	0	0	0	0	0	0	0	0	0	0	0	0	0	0	0	0	
483224	Cerebelum_Crus1_L	0	0	0	0	0	0	0	0	0	0	0	0	0	0	0	0	0	0	0	0	0	0	0	0	0	0	0	0	0	0	0	0	0	0	0	0	0	0	0	0	0	0	0	0	0	0	4070	3752	0	0	0	0	0	224	20504	3232	0	0	0	0	0	0	0	0	0	0	0	0	0	0	0	0	0	0	0	0	0	0	0	0	0	0	0	0	0	0	0	0	3950	0	0	8692	38214	7632	490	0	19566	514	59898	10192	10410	184	16758	960	3022	440	1502	0	0	0	2064	12152	9618	2312	1260	0	
382336	Cerebelum_Crus1_R	0	0	0	0	0	0	0	0	0	0	0	0	0	0	0	0	0	0	0	0	0	0	0	0	0	0	0	0	0	0	0	0	0	0	0	0	0	0	0	0	0	0	0	0	0	0	614	1728	0	0	0	0	0	0	910	16286	0	0	0	0	0	0	0	0	0	0	0	0	0	0	0	0	0	0	0	0	0	0	0	0	0	0	0	0	0	0	0	0	0	2698	8692	0	3890	31156	112	2330	852	11446	8150	47254	2826	6834	3654	18246	744	1792	0	238	0	0	2406	8794	8030	1128	358	0	
386400	Cerebelum_Crus2_L	0	0	0	0	0	0	0	0	0	0	0	0	0	0	0	0	0	0	0	0	0	0	0	0	0	0	0	0	0	0	0	0	0	0	0	0	0	0	0	0	0	0	0	0	0	0	706	980	0	0	0	0	0	0	1358	934	0	0	0	0	0	0	0	0	0	0	0	0	0	0	0	0	0	0	0	0	0	0	0	0	0	0	0	0	0	0	0	0	432	0	38214	3890	0	16584	0	0	910	0	9928	2788	40034	3208	38102	2196	7524	0	2892	0	0	0	242	3546	15152	2998	582	0	
376896	Cerebelum_Crus2_R	0	0	0	0	0	0	0	0	0	0	0	0	0	0	0	0	0	0	0	0	0	0	0	0	0	0	0	0	0	0	0	0	0	0	0	0	0	0	0	0	0	0	0	0	0	0	246	450	0	0	0	0	0	0	506	422	0	0	0	0	0	0	0	0	0	0	0	0	0	0	0	0	0	0	0	0	0	0	0	0	0	0	0	0	0	0	0	0	0	0	7632	31156	16584	0	0	0	206	714	2398	6044	12482	24044	13448	33986	2788	2586	204	446	0	0	786	2344	22060	6408	508	0	
23828	Cerebelum_3_L	0	0	0	0	0	0	0	0	0	0	0	0	0	0	0	0	0	0	0	0	0	0	0	0	0	0	0	0	0	0	0	0	0	0	0	0	0	0	0	0	0	0	0	0	0	0	0	0	0	0	0	0	0	0	184	0	0	0	0	0	0	0	0	0	0	0	0	0	0	0	0	0	0	0	0	0	0	0	0	0	0	0	0	0	0	0	0	0	0	0	490	112	0	0	0	200	4336	0	1370	306	0	0	0	0	1002	398	0	0	326	864	510	716	124	492	484	0	
33928	Cerebelum_3_R	0	0	0	0	0	0	0	0	0	0	0	0	0	0	0	0	0	0	0	0	0	0	0	0	0	0	0	0	0	0	0	0	0	0	0	0	0	0	0	0	0	0	0	0	0	0	0	826	0	0	0	0	0	0	0	426	0	0	0	0	0	0	0	0	0	0	0	0	0	0	0	0	0	0	0	0	0	0	0	0	0	0	0	0	0	0	0	0	0	182	0	2330	0	0	200	0	388	4036	232	3486	0	0	0	0	176	608	0	0	478	1916	880	246	0	242	312	0	
232052	Cerebelum_4_5_L	0	0	0	0	0	0	0	0	0	0	0	0	0	0	0	0	0	0	0	0	0	0	0	0	0	0	0	0	0	0	0	0	0	0	0	0	0	0	118	0	0	0	0	0	0	0	8138	1006	0	0	114	0	0	0	11100	200	0	0	0	0	0	0	0	0	0	0	0	0	0	0	0	0	0	0	0	0	0	0	0	0	0	0	0	0	0	0	0	0	268	0	19566	852	910	206	4336	388	0	3002	33086	3206	200	0	1034	0	3740	1420	410	0	276	732	12280	4210	198	1436	2112	1482	
157152	Cerebelum_4_5_R	0	0	0	0	0	0	0	0	0	0	0	0	0	0	0	0	0	0	0	0	0	0	0	0	0	0	0	0	0	0	0	0	0	0	0	0	0	0	0	168	0	0	0	0	0	0	1068	3690	0	0	0	0	0	600	240	10300	0	0	0	0	0	0	0	0	0	0	0	134	0	0	0	0	0	0	0	0	0	0	0	0	0	0	0	0	0	0	0	0	0	506	514	11446	0	714	0	4036	3002	0	2254	25946	0	0	0	186	180	894	0	0	0	1276	9972	972	0	176	302	0	
464688	Cerebelum_6_L	0	0	0	0	0	0	0	0	0	0	0	0	0	0	0	0	0	0	0	0	0	0	0	0	0	0	0	0	0	0	0	0	0	0	0	0	0	0	0	0	0	0	0	0	0	0	9094	6618	0	0	128	0	128	254	23738	4418	0	0	0	0	0	0	0	0	0	0	0	0	0	0	0	0	0	0	0	0	0	0	0	0	0	0	0	0	0	0	0	0	636	0	59898	8150	9928	2398	1370	232	33086	2254	0	15540	2432	0	5610	112	4112	1822	874	0	0	200	9204	19796	4252	2592	2576	892	
392140	Cerebelum_6_R	0	0	0	0	0	0	0	0	0	0	0	0	0	0	0	0	0	0	0	0	0	0	0	0	0	0	0	0	0	0	0	0	0	0	0	0	0	0	0	0	0	0	0	0	0	0	1694	7998	0	0	0	0	0	1024	2180	25550	0	0	0	0	0	0	0	0	0	0	0	0	0	0	0	0	0	0	0	0	0	0	0	0	0	0	0	0	0	0	0	0	0	822	10192	47254	2788	6044	306	3486	3206	25946	15540	0	1232	566	1448	4128	708	1576	0	152	0	704	9872	16386	3010	1296	828	134	
297660	Cerebelum_7b_L	0	0	0	0	0	0	0	0	0	0	0	0	0	0	0	0	0	0	0	0	0	0	0	0	0	0	0	0	0	0	0	0	0	0	0	0	0	0	0	0	0	0	0	0	0	0	0	216	0	0	0	0	0	0	114	328	0	0	0	0	0	0	0	0	0	0	0	0	0	0	0	0	0	0	0	0	0	0	0	0	0	0	0	0	0	0	0	0	0	0	10410	2826	40034	12482	0	0	200	0	2432	1232	0	5018	39802	4794	8846	0	2568	0	0	0	0	1498	10560	5104	366	0	
155080	Cerebelum_7b_R	0	0	0	0	0	0	0	0	0	0	0	0	0	0	0	0	0	0	0	0	0	0	0	0	0	0	0	0	0	0	0	0	0	0	0	0	0	0	0	0	0	0	0	0	0	0	0	0	0	0	0	0	0	0	0	144	0	0	0	0	0	0	0	0	0	0	0	0	0	0	0	0	0	0	0	0	0	0	0	0	0	0	0	0	0	0	0	0	0	0	184	6834	3208	24044	0	0	0	0	0	566	5018	0	5734	21698	1008	696	130	114	0	0	0	0	3888	4274	0	0	
392124	Cerebelum_8_L	0	0	0	0	0	0	0	0	0	0	0	0	0	0	0	0	0	0	0	0	0	0	0	0	0	0	0	0	0	0	0	0	0	0	0	0	0	0	0	0	0	0	0	0	0	0	0	256	0	0	0	0	0	0	480	386	0	0	0	0	0	0	0	0	0	0	0	0	0	0	0	0	0	0	0	0	0	0	0	0	0	0	0	0	0	0	0	0	352	0	16758	3654	38102	13448	0	0	1034	0	5610	1448	39802	5734	0	10670	25256	874	6544	0	0	0	0	1822	12238	10208	1386	0	
266088	Cerebelum_8_R	0	0	0	0	0	0	0	0	0	0	0	0	0	0	0	0	0	0	0	0	0	0	0	0	0	0	0	0	0	0	0	0	0	0	0	0	0	0	0	0	0	0	0	0	0	0	0	0	0	0	0	0	0	0	0	644	0	0	0	0	0	0	0	0	0	0	0	0	0	0	0	0	0	0	0	0	0	0	0	0	0	0	0	0	0	0	0	0	0	0	960	18246	2196	33986	0	0	0	186	112	4128	4794	21698	10670	0	3656	13624	188	888	0	0	130	170	6698	9004	1066	0	
172112	Cerebelum_9_L	0	0	0	0	0	0	0	0	0	0	0	0	0	0	0	0	0	0	0	0	0	0	0	0	0	0	0	0	0	0	0	0	0	0	0	0	0	0	0	0	0	0	0	0	0	0	0	0	0	0	0	0	0	0	198	0	0	0	0	0	0	0	0	0	0	0	0	0	0	0	0	0	0	0	0	0	0	0	0	0	0	0	0	0	0	0	0	0	0	0	3022	744	7524	2788	1002	176	3740	180	4112	708	8846	1008	25256	3656	0	1484	8436	0	0	138	1166	1930	3384	4228	1970	360	
86132	Cerebelum_9_R	0	0	0	0	0	0	0	0	0	0	0	0	0	0	0	0	0	0	0	0	0	0	0	0	0	0	0	0	0	0	0	0	0	0	0	0	0	0	0	0	0	0	0	0	0	0	202	0	0	0	0	0	0	0	0	202	0	0	0	0	0	0	0	0	0	0	0	0	0	0	0	0	0	0	0	0	0	0	0	0	0	0	0	0	0	0	0	0	0	0	440	1792	0	2586	398	608	1420	894	1822	1576	0	696	874	13624	1484	0	0	2082	0	494	1508	2474	848	3038	3178	826	
48348	Cerebelum_10_L	0	0	0	0	0	0	0	0	0	0	0	0	0	0	0	0	0	0	0	0	0	0	0	0	0	0	0	0	0	0	0	0	0	0	0	0	0	0	0	0	0	0	0	0	0	0	0	0	0	0	0	0	0	0	126	0	0	0	0	0	0	0	0	0	0	0	0	0	0	0	0	0	0	0	0	0	0	0	0	0	0	0	0	0	0	0	0	0	0	0	1502	0	2892	204	0	0	410	0	874	0	2568	130	6544	188	8436	0	0	0	0	0	0	0	138	162	0	0	
7840	Cerebelum_10_R	0	0	0	0	0	0	0	0	0	0	0	0	0	0	0	0	0	0	0	0	0	0	0	0	0	0	0	0	0	0	0	0	0	0	0	0	0	0	0	0	0	0	0	0	0	0	0	0	0	0	0	0	0	0	0	0	0	0	0	0	0	0	0	0	0	0	0	0	0	0	0	0	0	0	0	0	0	0	0	0	0	0	0	0	0	0	0	0	0	0	0	238	0	446	0	0	0	0	0	152	0	114	0	888	0	2082	0	0	0	0	0	0	0	0	0	0	
10012	Vermis_1_2	0	0	0	0	0	0	0	0	0	0	0	0	0	0	0	0	0	0	0	0	0	0	0	0	0	0	0	0	0	0	0	0	0	0	0	0	0	0	0	0	0	0	0	0	0	0	0	0	0	0	0	0	0	0	0	0	0	0	0	0	0	0	0	0	0	0	0	0	0	0	0	0	0	0	0	0	0	0	0	0	0	0	0	0	0	0	0	0	0	0	0	0	0	0	326	478	276	0	0	0	0	0	0	0	0	0	0	0	0	3550	376	0	0	0	0	0	
24272	Vermis_3	0	0	0	0	0	0	0	0	0	0	0	0	0	0	0	0	0	0	0	0	0	0	0	0	0	0	0	0	0	0	0	0	0	0	0	0	0	0	0	0	0	0	0	0	0	0	0	0	0	0	0	0	0	0	0	302	0	0	0	0	0	0	0	0	0	0	0	0	0	0	0	0	0	0	0	0	0	0	0	0	0	0	0	0	0	0	0	0	0	0	0	0	0	0	864	1916	732	1276	200	704	0	0	0	0	138	494	0	0	3550	0	1322	210	0	180	248	0	
150300	Vermis_4_5	0	0	0	0	0	0	0	0	0	0	0	0	0	0	0	0	0	0	0	0	0	0	0	0	0	0	0	0	0	0	0	0	0	0	0	450	0	588	0	134	0	0	0	116	0	0	3014	3266	0	0	0	0	0	326	842	2664	0	0	0	0	0	0	0	0	0	0	0	824	0	0	0	0	0	0	0	0	0	0	0	0	0	0	0	0	0	0	0	0	0	0	2064	2406	242	786	510	880	12280	9972	9204	9872	0	0	0	130	1166	1508	0	0	376	1322	0	4796	164	1422	2156	1670	
225848	Vermis_6	0	0	0	0	0	0	0	0	0	0	0	0	0	0	0	0	0	0	0	0	0	0	0	0	0	0	0	0	0	0	0	0	0	0	0	0	0	0	0	0	0	0	0	0	0	0	2264	6228	0	0	0	0	0	270	3030	4822	0	0	0	0	0	0	0	0	0	0	0	0	0	0	0	0	0	0	0	0	0	0	0	0	0	0	0	0	0	0	0	0	0	0	12152	8794	3546	2344	716	246	4210	972	19796	16386	1498	0	1822	170	1930	2474	0	0	0	210	4796	0	4672	3878	4088	1610	
230644	Vermis_7	0	0	0	0	0	0	0	0	0	0	0	0	0	0	0	0	0	0	0	0	0	0	0	0	0	0	0	0	0	0	0	0	0	0	0	0	0	0	0	0	0	0	0	0	0	0	408	716	0	0	0	0	0	0	708	390	0	0	0	0	0	0	0	0	0	0	0	0	0	0	0	0	0	0	0	0	0	0	0	0	0	0	0	0	0	0	0	0	0	0	9618	8030	15152	22060	124	0	198	0	4252	3010	10560	3888	12238	6698	3384	848	138	0	0	0	164	4672	0	5954	2112	0	
144852	Vermis_8	0	0	0	0	0	0	0	0	0	0	0	0	0	0	0	0	0	0	0	0	0	0	0	0	0	0	0	0	0	0	0	0	0	0	0	0	0	0	0	0	0	0	0	0	0	0	132	0	0	0	0	0	0	0	0	0	0	0	0	0	0	0	0	0	0	0	0	0	0	0	0	0	0	0	0	0	0	0	0	0	0	0	0	0	0	0	0	0	0	0	2312	1128	2998	6408	492	242	1436	176	2592	1296	5104	4274	10208	9004	4228	3038	162	0	0	180	1422	3878	5954	0	5160	602	
