data	data	368800	190832	1.02944e+06	735048	155016	145588	349684	353224	81692	31200	433808	262452	250328	215936	141844	113672	367472	225888	555700	669636	105288	119296	565456	440740	56596	95256	53244	66856	706892	510476	405848	523932	186912	546532	205772	187452	234492	375600	126360	191956	48284	98892	238220	290704	220816	254540	363280	371272	238776	287356	508228	254828	183220	133264	414224	501824	391644	234384	157328	84860	263104	114068	210712	167956	132276	135436	330304	454168	150504	65116	525856	503820	467264	430008	83180	73548	216756	194772	165056	65176	259424	164176	136132	122084	416600	266844	37296	50192	229384	247692	514136	362824	320668	296600	32232	75372	270640	217176	499012	454724	263012	142304	327920	313136	174972	201692	52116	48388	23920	69896	182204	277660	238572	147240	119448	22260	
data	data	Precentral_L	Precentral_R	Frontal_Sup_L	Frontal_Sup_R	Frontal_Sup_Orb_L	Frontal_Sup_Orb_R	Frontal_Mid_L	Frontal_Mid_R	Frontal_Mid_Orb_L	Frontal_Mid_Orb_R	Frontal_Inf_Oper_L	Frontal_Inf_Oper_R	Frontal_Inf_Tri_L	Frontal_Inf_Tri_R	Frontal_Inf_Orb_L	Frontal_Inf_Orb_R	Rolandic_Oper_L	Rolandic_Oper_R	Supp_Motor_Area_L	Supp_Motor_Area_R	Olfactory_L	Olfactory_R	Frontal_Sup_Medial_L	Frontal_Sup_Medial_R	Frontal_Med_Orb_L	Frontal_Med_Orb_R	Rectus_L	Rectus_R	Insula_L	Insula_R	Cingulum_Ant_L	Cingulum_Ant_R	Cingulum_Mid_L	Cingulum_Mid_R	Cingulum_Post_L	Cingulum_Post_R	Hippocampus_L	Hippocampus_R	ParaHippocampal_L	ParaHippocampal_R	Amygdala_L	Amygdala_R	Calcarine_L	Calcarine_R	Cuneus_L	Cuneus_R	Lingual_L	Lingual_R	Occipital_Sup_L	Occipital_Sup_R	Occipital_Mid_L	Occipital_Mid_R	Occipital_Inf_L	Occipital_Inf_R	Fusiform_L	Fusiform_R	Postcentral_L	Postcentral_R	Parietal_Sup_L	Parietal_Sup_R	Parietal_Inf_L	Parietal_Inf_R	SupraMarginal_L	SupraMarginal_R	Angular_L	Angular_R	Precuneus_L	Precuneus_R	Paracentral_Lobule_L	Paracentral_Lobule_R	Caudate_L	Caudate_R	Putamen_L	Putamen_R	Pallidum_L	Pallidum_R	Thalamus_L	Thalamus_R	Heschl_L	Heschl_R	Temporal_Sup_L	Temporal_Sup_R	Temporal_Pole_Sup_L	Temporal_Pole_Sup_R	Temporal_Mid_L	Temporal_Mid_R	Temporal_Pole_Mid_L	Temporal_Pole_Mid_R	Temporal_Inf_L	Temporal_Inf_R	Cerebelum_Crus1_L	Cerebelum_Crus1_R	Cerebelum_Crus2_L	Cerebelum_Crus2_R	Cerebelum_3_L	Cerebelum_3_R	Cerebelum_4_5_L	Cerebelum_4_5_R	Cerebelum_6_L	Cerebelum_6_R	Cerebelum_7b_L	Cerebelum_7b_R	Cerebelum_8_L	Cerebelum_8_R	Cerebelum_9_L	Cerebelum_9_R	Cerebelum_10_L	Cerebelum_10_R	Vermis_1_2	Vermis_3	Vermis_4_5	Vermis_6	Vermis_7	Vermis_8	Vermis_9	Vermis_10	
368800	Precentral_L	0	2422	14188	2028	0	0	17494	2086	0	0	24522	2618	3510	240	0	0	10878	3998	7416	1560	0	0	4092	144	0	0	0	0	6338	3226	208	418	438	190	1636	1808	604	1086	0	168	0	0	0	0	0	0	0	0	0	0	768	0	0	0	0	168	30194	2236	176	0	1346	0	2236	226	540	0	168	360	4338	0	15156	1682	2062	532	94	106	2994	1102	1312	246	1836	150	0	0	946	0	0	0	110	0	0	0	0	0	0	0	0	0	0	0	0	0	0	0	0	0	0	0	0	0	0	0	0	0	0	0	
190832	Precentral_R	2422	0	446	13060	0	132	152	14134	0	0	2046	6324	0	1098	0	0	626	1664	486	7252	82	120	542	754	0	0	0	0	436	402	0	300	86	1846	0	214	0	214	0	0	0	0	0	0	0	488	0	0	0	766	0	236	0	0	0	0	838	18588	0	436	0	658	94	1458	0	192	0	2544	284	2518	2446	4602	164	310	0	0	234	3532	0	0	0	0	0	0	0	88	0	0	0	102	0	0	0	0	0	0	0	0	0	0	0	0	0	0	0	0	0	0	0	0	0	0	0	0	0	0	
1.02944e+06	Frontal_Sup_L	14188	446	0	18954	9778	228	54630	1524	2318	0	13232	694	15846	720	4356	0	11664	432	76256	19214	0	458	60836	7364	844	242	190	0	34536	1196	18600	10140	7774	11646	2616	1906	2758	1556	144	328	264	0	0	0	858	0	0	90	294	0	556	0	0	0	216	262	10408	240	418	0	3742	0	2552	0	274	0	1494	254	2180	0	12424	3616	30186	1332	6568	574	15496	1546	4640	0	2986	0	1094	0	2112	0	0	0	428	0	0	0	0	0	0	0	0	0	0	0	0	0	0	0	0	0	0	0	0	0	0	0	0	0	0	0	
735048	Frontal_Sup_R	2028	13060	18954	0	134	7950	516	35810	0	758	1288	7648	0	9504	0	2290	1954	5596	11324	54498	408	1048	9810	33838	278	1940	0	434	2704	12484	5580	27374	2282	19676	972	1222	306	5346	0	144	0	0	0	626	0	134	0	230	0	220	0	218	0	138	0	492	2220	4298	0	114	464	396	102	1218	0	0	0	1292	448	0	6494	18850	2914	10912	1228	1918	1690	9468	304	372	176	264	0	110	0	428	0	0	0	628	0	0	0	0	0	0	0	0	0	0	0	0	0	0	0	0	0	0	0	0	0	0	0	0	0	0	
155016	Frontal_Sup_Orb_L	0	0	9778	134	0	442	3732	0	10986	0	0	0	4322	0	10922	0	0	0	128	0	1612	108	3442	842	5644	960	5440	260	5134	0	3888	290	0	0	0	0	0	0	0	0	0	0	0	0	0	0	0	0	0	0	0	0	0	0	0	0	0	0	0	0	0	0	0	0	0	0	0	0	0	0	1810	178	5296	164	0	0	0	0	0	0	0	0	1996	0	0	0	0	0	0	0	0	0	0	0	0	0	0	0	0	0	0	0	0	0	0	0	0	0	0	0	0	0	0	0	0	0	
145588	Frontal_Sup_Orb_R	0	132	228	7950	442	0	0	1912	0	2728	0	1948	0	1106	0	3612	0	672	0	138	100	1112	624	7118	1376	7518	258	6914	0	4212	1218	6582	0	442	0	0	0	0	0	0	0	0	0	0	0	0	0	0	0	0	0	0	0	0	0	0	0	326	0	0	0	102	0	134	0	100	0	0	0	0	134	6988	90	6476	0	0	0	0	0	0	0	0	0	102	0	0	0	0	0	0	0	0	0	0	0	0	0	0	0	0	0	0	0	0	0	0	0	0	0	0	0	0	0	0	0	0	
349684	Frontal_Mid_L	17494	152	54630	516	3732	0	0	214	2496	0	8634	0	24244	0	3380	0	3440	0	5792	582	0	0	13528	648	0	0	0	0	16024	0	5698	712	500	754	298	282	286	144	0	0	0	0	0	0	0	0	0	0	0	0	0	0	0	0	0	0	2674	0	0	0	0	0	422	0	0	0	0	0	156	0	2398	266	2098	0	84	0	884	140	334	0	554	0	652	0	0	0	0	0	0	0	0	0	0	0	0	0	0	0	0	0	0	0	0	0	0	0	0	0	0	0	0	0	0	0	0	0	
353224	Frontal_Mid_R	2086	14134	1524	35810	0	1912	214	0	0	978	2670	14270	0	23868	0	2822	1002	4332	584	4106	0	376	3138	10846	0	104	0	0	666	8202	1666	10870	0	3200	0	0	0	184	0	0	0	0	0	0	0	0	0	0	0	0	0	0	0	0	0	0	990	3550	0	122	0	600	0	1334	0	86	0	0	0	0	4104	6006	678	4146	298	1640	116	2518	0	372	0	170	0	0	0	102	0	0	0	216	0	0	0	0	0	0	0	0	0	0	0	0	0	0	0	0	0	0	0	0	0	0	0	0	0	0	
81692	Frontal_Mid_Orb_L	0	0	2318	0	10986	0	2496	0	0	0	0	0	2054	0	13246	0	0	0	0	0	110	0	0	0	1122	156	1556	0	2864	0	206	0	0	0	0	0	0	0	0	0	0	0	0	0	0	0	0	0	0	0	0	0	0	0	0	0	0	0	0	0	0	0	0	0	0	0	0	0	0	0	254	0	2516	0	0	0	0	0	0	0	0	0	962	0	0	0	0	0	0	0	0	0	0	0	0	0	0	0	0	0	0	0	0	0	0	0	0	0	0	0	0	0	0	0	0	0	
31200	Frontal_Mid_Orb_R	0	0	0	758	0	2728	0	978	0	0	0	0	0	534	0	6078	0	0	0	0	0	0	0	264	0	588	0	440	0	1282	0	156	0	0	0	0	0	0	0	0	0	0	0	0	0	0	0	0	0	0	0	0	0	0	0	0	0	0	0	0	0	0	0	0	0	0	0	0	0	0	0	582	0	1212	0	0	0	0	0	0	0	0	0	0	0	0	0	0	0	0	0	0	0	0	0	0	0	0	0	0	0	0	0	0	0	0	0	0	0	0	0	0	0	0	0	0	
433808	Frontal_Inf_Oper_L	24522	2046	13232	1288	0	0	8634	2670	0	0	0	4756	18450	868	274	0	21150	4748	6594	756	0	0	8910	992	0	0	0	0	29542	5590	4302	1844	84	872	182	170	664	202	0	0	0	0	0	0	0	0	0	0	0	0	0	0	0	0	0	0	12646	2470	0	0	130	0	1244	268	0	0	0	0	0	0	21224	2868	3340	612	0	140	226	0	1452	296	3600	182	2158	0	706	0	0	0	0	0	0	0	0	0	0	0	0	0	0	0	0	0	0	0	0	0	0	0	0	0	0	0	0	0	0	0	
262452	Frontal_Inf_Oper_R	2618	6324	694	7648	0	1948	0	14270	0	0	4756	0	126	15324	0	924	2218	6648	374	2936	0	0	2676	6552	0	514	0	306	2366	16954	638	8512	0	2210	0	0	0	0	0	0	0	0	0	0	0	0	0	0	0	0	0	0	0	0	0	0	1028	1780	0	0	0	0	250	0	0	0	0	0	0	0	5130	9164	164	4738	0	176	0	140	0	152	294	168	124	382	0	0	0	0	0	0	0	0	0	0	0	0	0	0	0	0	0	0	0	0	0	0	0	0	0	0	0	0	0	0	0	0	
250328	Frontal_Inf_Tri_L	3510	0	15846	0	4322	0	24244	0	2054	0	18450	126	0	0	7122	0	2532	0	2076	0	0	0	5634	210	0	0	0	0	25734	114	4524	202	184	122	0	0	0	0	0	0	0	0	0	0	0	0	0	0	0	0	0	0	0	0	0	0	1158	0	0	0	0	0	0	0	0	0	0	0	0	0	1370	0	1068	0	0	0	0	0	0	0	496	0	3698	0	368	0	0	0	0	0	0	0	0	0	0	0	0	0	0	0	0	0	0	0	0	0	0	0	0	0	0	0	0	0	0	0	
215936	Frontal_Inf_Tri_R	240	1098	720	9504	0	1106	0	23868	0	534	868	15324	0	0	0	5560	286	886	336	2256	0	0	2748	6514	0	0	0	0	672	15038	1222	9278	0	2560	0	0	0	0	0	0	0	0	0	0	0	0	0	0	0	0	0	0	0	0	0	0	86	286	0	0	0	0	0	0	0	0	0	0	0	0	1340	2916	158	2254	0	168	0	142	0	0	0	0	0	0	0	0	0	0	0	0	0	0	0	0	0	0	0	0	0	0	0	0	0	0	0	0	0	0	0	0	0	0	0	0	0	0	
141844	Frontal_Inf_Orb_L	0	0	4356	0	10922	0	3380	0	13246	0	274	0	7122	0	0	0	164	0	0	0	1682	100	648	0	174	0	1638	0	11286	0	950	114	0	0	0	0	0	0	230	0	0	0	0	0	0	0	0	0	0	0	0	0	0	0	0	0	0	0	0	0	0	0	0	0	0	0	0	0	0	0	1540	180	5444	146	0	0	0	0	0	0	0	0	7326	0	0	0	0	0	0	0	0	0	0	0	0	0	0	0	0	0	0	0	0	0	0	0	0	0	0	0	0	0	0	0	0	0	
113672	Frontal_Inf_Orb_R	0	0	0	2290	0	3612	0	2822	0	6078	0	924	0	5560	0	0	0	1346	0	0	112	980	0	494	0	216	0	1282	0	17592	116	1262	0	0	0	0	0	0	0	88	0	114	0	0	0	0	0	0	0	0	0	0	0	0	0	138	0	0	0	0	0	0	0	0	0	0	0	0	0	0	110	1918	78	4716	0	0	0	0	0	0	0	718	0	4030	0	88	0	152	0	0	0	0	0	0	0	0	0	0	0	0	0	0	0	0	0	0	0	0	0	0	0	0	0	0	0	0	
367472	Rolandic_Oper_L	10878	626	11664	1954	0	0	3440	1002	0	0	21150	2218	2532	286	164	0	0	1916	3526	1812	0	92	3098	770	0	0	0	0	33184	2670	992	1402	218	970	376	220	1024	194	0	0	0	0	0	0	198	0	0	0	0	0	200	0	0	0	0	0	15460	778	174	0	2438	0	8966	120	196	0	268	0	138	0	11232	1868	6470	480	356	200	1018	194	9016	88	12458	0	1844	0	1198	0	0	0	0	0	0	0	0	0	0	0	0	0	0	0	0	0	0	0	0	0	0	0	0	0	0	0	0	0	0	0	
225888	Rolandic_Oper_R	3998	1664	432	5596	0	672	0	4332	0	0	4748	6648	0	886	0	1346	1916	0	432	1780	0	0	772	1952	0	324	0	222	1592	22248	198	2240	0	1714	0	0	0	652	0	0	0	0	0	134	0	0	0	0	0	0	0	96	0	0	0	156	974	5308	0	0	0	270	258	4436	0	312	0	240	158	0	5028	3964	170	7510	0	830	0	224	0	5912	226	6550	0	1712	0	1374	0	0	0	738	0	0	0	0	0	0	0	0	0	0	0	0	0	0	0	0	0	0	0	0	0	0	0	0	0	0	
555700	Supp_Motor_Area_L	7416	486	76256	11324	128	0	5792	584	0	0	6594	374	2076	336	0	0	3526	432	0	21956	0	0	23162	3096	0	0	0	0	9514	1128	7382	6102	11454	13732	2858	2022	1410	1024	106	204	216	0	192	82	1012	130	0	0	302	230	650	0	0	0	176	204	4086	356	448	0	1856	0	1006	0	266	0	2016	1552	4816	236	5434	2702	9012	1452	1668	84	9670	786	3016	84	1348	0	0	0	1922	0	0	0	366	0	0	0	0	0	0	0	0	0	0	0	0	0	0	0	0	0	0	0	0	0	0	0	0	0	0	0	
669636	Supp_Motor_Area_R	1560	7252	19214	54498	0	138	582	4106	0	0	756	2936	0	2256	0	0	1812	1780	21956	0	294	506	8284	12022	0	82	0	0	2544	4832	2520	8364	6336	45366	1532	3884	346	5648	122	166	0	0	0	2526	94	3604	0	402	0	5540	0	1820	0	150	0	444	2236	3774	0	620	484	290	88	1026	0	252	722	22274	13290	6298	4876	15902	2344	5686	794	352	2648	11080	262	272	156	192	0	0	0	1626	0	0	0	1000	0	0	0	0	0	0	0	0	0	0	0	0	0	0	0	0	0	0	0	0	0	0	0	0	0	0	
105288	Olfactory_L	0	82	0	408	1612	100	0	0	110	0	0	0	0	0	1682	112	0	0	0	294	0	5718	0	0	160	180	2220	110	2798	198	3832	2094	0	0	0	0	454	0	450	0	1206	0	0	0	0	0	0	0	0	0	0	0	0	0	326	0	0	0	0	0	0	0	0	0	0	0	0	0	0	0	8988	5810	6852	3388	1028	1222	0	296	0	0	90	0	824	0	0	0	0	0	0	0	0	0	0	0	0	0	0	0	0	0	0	0	0	0	0	0	0	0	0	0	0	0	0	0	0	0	
119296	Olfactory_R	0	120	458	1048	108	1112	0	376	0	0	0	0	0	0	100	980	92	0	0	506	5718	0	0	238	122	1298	260	2390	0	1352	3254	3070	0	0	0	0	0	202	0	178	0	626	0	0	0	0	0	0	0	0	0	0	0	0	0	120	308	0	0	0	0	0	0	0	0	0	0	0	0	0	7440	11334	5380	5242	2030	2920	0	626	0	0	0	0	0	640	0	0	0	0	0	0	0	0	0	0	0	0	0	0	0	0	0	0	0	0	0	0	0	0	0	0	0	0	0	0	0	0	
565456	Frontal_Sup_Medial_L	4092	542	60836	9810	3442	624	13528	3138	0	0	8910	2676	5634	2748	648	0	3098	772	23162	8284	0	0	0	26794	1884	608	210	0	10332	1148	28258	16884	7542	17120	244	226	348	262	0	0	0	0	0	0	0	0	0	0	0	0	0	0	0	0	0	0	2302	680	0	0	356	0	154	214	0	0	0	0	0	0	3790	1676	5970	802	0	0	598	280	356	0	924	0	344	0	314	0	0	0	164	0	0	0	0	0	0	0	0	0	0	0	0	0	0	0	0	0	0	0	0	0	0	0	0	0	0	0	
440740	Frontal_Sup_Medial_R	144	754	7364	33838	842	7118	648	10846	0	264	992	6552	210	6514	0	494	770	1952	3096	12022	0	238	26794	0	1120	6610	160	1756	1240	5756	11898	32396	668	21482	0	0	0	206	0	0	0	0	0	0	0	0	0	0	0	0	0	0	0	0	0	0	172	970	0	0	0	0	0	302	0	0	0	0	0	0	1220	7558	562	4376	0	162	0	202	0	102	0	0	0	0	0	0	0	0	0	0	0	0	0	0	0	0	0	0	0	0	0	0	0	0	0	0	0	0	0	0	0	0	0	0	0	0	
56596	Frontal_Med_Orb_L	0	0	844	278	5644	1376	0	0	1122	0	0	0	0	0	174	0	0	0	0	0	160	122	1884	1120	0	2864	4346	662	0	88	5054	606	0	0	0	0	0	0	0	0	0	0	0	0	0	0	0	0	0	0	0	0	0	0	0	0	0	0	0	0	0	0	0	0	0	0	0	0	0	0	476	422	656	400	0	0	0	0	0	0	0	0	0	0	0	0	0	0	0	0	0	0	0	0	0	0	0	0	0	0	0	0	0	0	0	0	0	0	0	0	0	0	0	0	0	0	
95256	Frontal_Med_Orb_R	0	0	242	1940	960	7518	0	104	156	588	0	514	0	0	0	216	0	324	0	82	180	1298	608	6610	2864	0	542	6462	0	660	3264	3718	0	124	0	0	0	0	0	0	0	0	0	0	0	0	0	0	0	0	0	0	0	0	0	0	0	84	0	0	0	0	0	0	0	0	0	0	0	0	242	4490	106	3732	0	0	0	0	0	0	0	0	0	0	0	0	0	0	0	0	0	0	0	0	0	0	0	0	0	0	0	0	0	0	0	0	0	0	0	0	0	0	0	0	0	0	
53244	Rectus_L	0	0	190	0	5440	258	0	0	1556	0	0	0	0	0	1638	0	0	0	0	0	2220	260	210	160	4346	542	0	496	696	0	3178	82	0	0	0	0	0	0	0	0	88	0	0	0	0	0	0	0	0	0	0	0	0	0	0	0	0	0	0	0	0	0	0	0	0	0	0	0	0	0	2866	290	1686	176	0	0	0	0	0	0	0	0	244	0	0	0	0	0	0	0	0	0	0	0	0	0	0	0	0	0	0	0	0	0	0	0	0	0	0	0	0	0	0	0	0	0	
66856	Rectus_R	0	0	0	434	260	6914	0	0	0	440	0	306	0	0	0	1282	0	222	0	0	110	2390	0	1756	662	6462	496	0	0	698	690	1596	0	0	0	0	0	0	0	0	0	126	0	0	0	0	0	0	0	0	0	0	0	0	0	0	0	216	0	0	0	0	0	96	0	0	0	0	0	0	80	4044	0	4002	0	0	0	0	0	0	0	0	0	146	0	0	0	0	0	0	0	0	0	0	0	0	0	0	0	0	0	0	0	0	0	0	0	0	0	0	0	0	0	0	0	0	
706892	Insula_L	6338	436	34536	2704	5134	0	16024	666	2864	0	29542	2366	25734	672	11286	0	33184	1592	9514	2544	2798	0	10332	1240	0	0	696	0	0	3366	6670	2178	734	1348	782	366	4536	324	1116	84	1332	0	0	0	616	0	142	0	186	0	692	0	0	0	3434	0	6286	536	704	0	5692	0	6006	100	712	0	922	102	122	0	15924	2478	25222	486	412	102	1742	250	14446	134	19534	80	7370	0	10912	0	92	0	4972	0	0	0	0	0	0	0	0	0	0	0	0	0	0	0	0	0	0	0	0	0	0	0	0	0	0	0	
510476	Insula_R	3226	402	1196	12484	0	4212	0	8202	0	1282	5590	16954	114	15038	0	17592	2670	22248	1128	4832	198	1352	1148	5756	88	660	0	698	3366	0	1036	12752	0	4592	84	174	0	4506	0	818	0	1648	0	394	0	0	0	84	0	0	0	568	0	206	0	4270	652	2832	0	0	0	852	116	2028	0	300	0	846	578	0	6552	13600	378	26506	0	414	142	478	0	7296	218	14556	118	6850	0	5320	0	314	0	2724	0	0	0	0	0	0	0	0	0	0	0	0	0	0	0	0	0	0	0	0	0	0	0	0	0	0	
405848	Cingulum_Ant_L	208	0	18600	5580	3888	1218	5698	1666	206	0	4302	638	4524	1222	950	116	992	198	7382	2520	3832	3254	28258	11898	5054	3264	3178	690	6670	1036	0	23338	7118	10432	0	0	160	0	0	0	0	0	0	0	0	0	0	0	0	0	0	0	0	0	0	0	152	0	0	0	0	0	0	0	0	0	0	0	0	0	11322	6104	10238	4024	120	774	0	0	0	0	860	0	580	0	492	0	0	0	168	0	0	0	0	0	0	0	0	0	0	0	0	0	0	0	0	0	0	0	0	0	0	0	0	0	0	0	
523932	Cingulum_Ant_R	418	300	10140	27374	290	6582	712	10870	0	156	1844	8512	202	9278	114	1262	1402	2240	6102	8364	2094	3070	16884	32396	606	3718	82	1596	2178	12752	23338	0	3558	22840	0	0	0	0	0	0	0	0	0	0	0	0	0	0	0	0	0	0	0	0	0	0	322	330	0	0	0	0	0	128	0	0	0	0	0	0	5888	21756	2822	8504	0	618	0	114	0	0	0	0	84	126	0	0	0	0	0	0	0	0	0	0	0	0	0	0	0	0	0	0	0	0	0	0	0	0	0	0	0	0	0	0	0	0	
186912	Cingulum_Mid_L	438	86	7774	2282	0	0	500	0	0	0	84	0	184	0	0	0	218	0	11454	6336	0	0	7542	668	0	0	0	0	734	0	7118	3558	0	15414	5152	1852	0	0	0	0	0	0	402	0	800	194	0	0	476	162	2390	0	0	0	0	0	340	0	1570	126	226	0	0	0	0	0	8238	3458	2210	852	180	0	256	0	0	0	0	0	0	0	0	0	0	0	182	0	0	0	0	0	0	0	0	0	0	0	0	0	0	0	0	0	0	0	0	0	0	0	0	0	0	0	0	0	0	0	
546532	Cingulum_Mid_R	190	1846	11646	19676	0	442	754	3200	0	0	872	2210	122	2560	0	0	970	1714	13732	45366	0	0	17120	21482	0	124	0	0	1348	4592	10432	22840	15414	0	2694	3772	0	568	0	0	0	0	0	1652	92	3958	0	190	0	4744	0	1272	0	0	0	132	354	1506	90	744	78	170	0	428	0	198	2680	21458	7986	5834	1828	5240	544	4614	0	0	78	294	0	140	0	86	0	0	0	812	0	0	0	378	0	0	0	0	0	0	0	0	0	0	0	0	0	0	0	0	0	0	0	0	0	0	0	0	0	0	
205772	Cingulum_Post_L	1636	0	2616	972	0	0	298	0	0	0	182	0	0	0	0	0	376	0	2858	1532	0	0	244	0	0	0	0	0	782	84	0	0	5152	2694	0	15344	6872	5922	2030	1372	0	0	3716	254	2478	888	1356	286	1276	662	1792	0	0	108	164	1268	1368	0	998	0	318	0	108	0	0	0	12294	6202	386	0	1980	530	1894	310	0	0	6784	2410	278	0	154	0	0	0	1142	0	0	0	296	220	0	0	0	0	0	0	0	0	0	0	0	0	0	0	0	0	0	0	0	0	0	0	0	0	0	0	
187452	Cingulum_Post_R	1808	214	1906	1222	0	0	282	0	0	0	170	0	0	0	0	0	220	0	2022	3884	0	0	226	0	0	0	0	0	366	174	0	0	1852	3772	15344	0	3754	10644	526	2452	0	0	224	1762	146	622	638	1650	108	414	392	224	0	282	0	2270	1368	318	304	0	182	0	0	106	0	0	2574	11660	1028	122	1942	800	1758	306	0	0	6912	2964	86	0	78	0	0	0	428	368	0	0	216	556	0	0	0	0	0	0	0	0	0	0	0	0	0	0	0	0	0	0	0	0	80	0	0	0	0	0	
234492	Hippocampus_L	604	0	2758	306	0	0	286	0	0	0	664	0	0	0	0	0	1024	0	1410	346	454	0	348	0	0	0	0	0	4536	0	160	0	0	0	6872	3754	0	3056	14976	1040	8010	0	3002	98	168	0	5312	532	0	0	306	0	744	82	11078	776	1058	0	0	0	80	0	124	0	96	0	4554	350	0	0	388	168	7702	134	538	0	3408	716	432	0	3168	0	1314	0	8188	0	122	0	11476	148	0	0	0	0	0	0	138	130	0	0	0	0	0	0	0	0	0	0	0	112	0	0	0	0	0	0	
375600	Hippocampus_R	1086	214	1556	5346	0	0	144	184	0	0	202	0	0	0	0	0	194	652	1024	5648	0	202	262	206	0	0	0	0	324	4506	0	0	0	568	5922	10644	3056	0	794	21360	0	14544	0	3928	0	486	670	7670	0	196	0	1202	0	1576	0	26688	678	1216	0	0	0	130	0	2670	0	0	232	5002	380	0	1556	606	1884	11436	224	922	5992	6440	0	696	80	1866	0	3262	234	6172	0	660	182	11732	0	0	0	0	0	0	0	2294	0	0	0	0	0	0	0	0	0	0	0	0	200	0	0	0	0	0	
126360	ParaHippocampal_L	0	0	144	0	0	0	0	0	0	0	0	0	0	0	230	0	0	0	106	122	450	0	0	0	0	0	0	0	1116	0	0	0	0	0	2030	526	14976	794	0	418	3788	0	2390	0	228	0	6328	574	102	0	1178	0	346	0	9068	238	78	0	78	0	0	0	0	0	0	0	2876	0	0	0	0	220	930	236	398	0	534	862	0	0	594	0	2586	0	2638	0	1488	0	3510	120	0	0	0	0	248	0	354	126	0	0	0	0	0	0	0	0	0	0	0	152	0	0	0	0	0	0	
191956	ParaHippocampal_R	168	0	328	144	0	0	0	0	0	0	0	0	0	0	0	88	0	0	204	166	0	178	0	0	0	0	0	0	84	818	0	0	0	0	1372	2452	1040	21360	418	0	0	9206	0	1754	0	316	240	9616	0	112	0	702	0	836	0	20138	122	82	0	0	0	0	0	0	0	0	106	1804	0	0	230	0	582	1170	182	142	1358	2106	0	238	0	200	0	3494	0	712	0	2472	0	3178	0	222	0	0	0	1172	0	3690	0	280	0	0	0	0	0	80	0	0	0	272	344	0	0	0	0	0	
48284	Amygdala_L	0	0	264	0	0	0	0	0	0	0	0	0	0	0	0	0	0	0	216	0	1206	0	0	0	0	0	88	0	1332	0	0	0	0	0	0	0	8010	0	3788	0	0	0	0	0	0	0	0	0	0	0	0	0	0	0	3932	0	0	0	0	0	0	0	0	0	0	0	0	0	0	0	404	0	922	0	0	0	154	0	0	0	404	0	1156	0	466	0	570	0	1230	0	0	0	0	0	0	0	0	0	0	0	0	0	0	0	0	0	0	0	0	0	0	0	0	0	0	0	
98892	Amygdala_R	0	0	0	0	0	0	0	0	0	0	0	0	0	0	0	114	0	0	0	0	0	626	0	0	0	0	0	126	0	1648	0	0	0	0	0	0	0	14544	0	9206	0	0	0	0	0	0	0	498	0	0	0	0	0	0	0	11036	0	0	0	0	0	0	0	0	0	0	0	0	0	0	0	218	0	2184	0	0	0	118	0	98	0	418	0	3386	0	1138	0	1216	0	2388	0	0	0	0	0	0	0	484	0	0	0	0	0	0	0	0	0	0	0	0	0	0	0	0	0	0	
238220	Calcarine_L	0	0	0	0	0	0	0	0	0	0	0	0	0	0	0	0	0	0	192	0	0	0	0	0	0	0	0	0	0	0	0	0	402	0	3716	224	3002	0	2390	0	0	0	0	7892	12672	2610	19436	4694	11756	1654	20458	1058	6414	616	2252	1160	140	0	264	0	106	0	0	0	0	0	12906	1260	406	0	0	0	0	0	0	0	0	0	162	0	0	0	0	0	760	96	0	0	158	0	0	0	0	0	0	0	88	0	86	0	0	0	0	0	0	0	0	0	0	0	80	0	0	0	0	0	
290704	Calcarine_R	0	0	0	626	0	0	0	0	0	0	0	0	0	0	0	0	0	134	82	2526	0	0	0	0	0	0	0	0	0	394	0	0	0	1652	254	1762	98	3928	0	1754	0	0	7892	0	2984	16444	2056	24452	204	13384	352	15494	0	6230	0	9196	0	170	0	0	0	0	0	266	0	290	2294	18256	1504	0	0	0	0	304	0	0	112	440	0	0	0	156	0	0	0	6232	0	0	0	1374	0	90	0	0	0	0	0	736	0	122	0	0	0	0	0	0	0	0	0	0	1108	0	0	0	0	0	
220816	Cuneus_L	0	0	858	0	0	0	0	0	0	0	0	0	0	0	0	0	198	0	1012	94	0	0	0	0	0	0	0	0	616	0	0	0	800	92	2478	146	168	0	228	0	0	0	12672	2984	0	6894	2424	198	26022	3352	17232	268	1052	0	258	0	328	0	2476	0	266	0	98	0	0	0	20524	3466	370	0	0	0	278	0	0	0	0	0	978	0	0	0	0	0	1392	0	0	0	186	0	0	0	0	0	0	0	0	0	0	0	0	0	0	0	0	0	0	0	0	0	0	0	0	0	0	0	
254540	Cuneus_R	0	488	0	134	0	0	0	0	0	0	0	0	0	0	0	0	0	0	130	3604	0	0	0	0	0	0	0	0	0	0	0	0	194	3958	888	622	0	486	0	316	0	0	2610	16444	6894	0	430	3154	822	32070	584	8546	0	476	0	938	0	1798	172	3008	0	1022	0	0	0	668	7168	25130	1236	924	0	0	0	0	0	0	0	134	0	0	0	0	0	0	0	1844	0	0	0	298	0	0	0	0	0	0	0	0	0	0	0	0	0	0	0	0	0	0	0	0	80	0	0	0	0	0	
363280	Lingual_L	0	0	0	0	0	0	0	0	0	0	0	0	0	0	0	0	0	0	0	0	0	0	0	0	0	0	0	0	142	0	0	0	0	0	1356	638	5312	670	6328	240	0	0	19436	2056	2424	430	0	4586	4730	346	26858	146	13972	512	20622	1592	600	0	458	0	472	0	126	0	138	0	4734	172	0	0	0	0	308	0	0	0	340	142	84	0	126	0	0	0	4328	0	0	0	2084	0	4574	1402	614	0	842	86	13198	540	12350	3232	390	0	1230	140	1344	1520	690	786	0	0	3438	5604	690	540	1512	410	
371272	Lingual_R	0	0	90	230	0	0	0	0	0	0	0	0	0	0	0	0	0	0	0	402	0	0	0	0	0	0	0	0	0	84	0	0	0	190	286	1650	532	7670	574	9616	0	498	4694	24452	198	3154	4586	0	0	3432	940	9906	978	10782	2714	27408	0	0	0	0	0	0	0	0	0	0	324	7078	162	0	0	0	310	138	192	88	364	996	0	0	0	0	0	80	0	2378	0	0	78	1382	1558	4186	504	526	0	1600	894	9012	5794	11852	0	0	0	686	0	688	0	0	0	1766	6290	8874	2362	204	204	0	
238776	Occipital_Sup_L	0	0	294	0	0	0	0	0	0	0	0	0	0	0	0	0	0	0	302	0	0	0	0	0	0	0	0	0	186	0	0	0	476	0	1276	108	0	0	102	0	0	0	11756	204	26022	822	4730	0	0	444	34618	0	2824	0	398	0	1238	0	10308	0	2820	0	430	0	386	0	16836	1586	236	0	0	0	0	0	0	0	0	0	252	0	0	0	0	0	650	0	0	0	84	0	0	0	0	0	0	0	0	0	0	0	0	0	0	0	0	0	0	0	0	0	0	0	0	0	0	0	
287356	Occipital_Sup_R	0	766	0	220	0	0	0	0	0	0	0	0	0	0	0	0	0	0	230	5540	0	0	0	0	0	0	0	0	0	0	0	0	162	4744	662	414	0	196	0	112	0	0	1654	13384	3352	32070	346	3432	444	0	348	21534	0	738	0	880	0	2866	0	6760	0	3572	0	714	0	6590	4944	21494	1876	1534	0	0	0	0	0	0	0	0	0	0	0	0	0	0	0	1484	0	0	0	616	0	0	0	0	0	0	0	0	0	0	0	0	0	0	0	0	0	0	0	0	0	0	0	0	0	0	
508228	Occipital_Mid_L	768	0	556	0	0	0	0	0	0	0	0	0	0	0	0	0	200	0	650	0	0	0	0	0	0	0	0	0	692	0	0	0	2390	0	1792	392	306	0	1178	0	0	0	20458	352	17232	584	26858	940	34618	348	0	0	20326	0	12706	210	8060	0	17018	0	14158	0	3110	0	14848	0	16040	1212	1356	0	0	0	98	0	0	0	0	0	4442	0	494	0	0	0	23006	0	0	0	3376	0	272	362	98	0	0	0	324	0	1006	578	0	0	0	0	0	0	0	0	0	0	0	592	108	0	0	0	
254828	Occipital_Mid_R	0	236	0	218	0	0	0	0	0	0	0	0	0	0	0	0	0	96	0	1820	0	0	0	0	0	0	0	0	0	568	0	0	0	1272	0	224	0	1202	0	702	0	0	1058	15494	268	8546	146	9906	0	21534	0	0	0	7004	0	7282	0	2028	0	2776	0	3696	0	2140	0	15870	236	6606	990	372	0	172	0	308	0	0	0	182	0	0	0	524	0	0	0	11186	0	0	0	2408	0	0	0	0	0	0	0	138	0	88	0	0	0	0	0	0	0	0	0	0	118	0	0	0	0	0	
183220	Occipital_Inf_L	0	0	0	0	0	0	0	0	0	0	0	0	0	0	0	0	0	0	0	0	0	0	0	0	0	0	0	0	0	0	0	0	0	0	0	0	744	0	346	0	0	0	6414	0	1052	0	13972	978	2824	0	20326	0	0	160	18050	422	0	0	0	0	0	0	0	0	0	0	108	0	0	0	0	0	92	0	0	0	0	0	0	0	0	0	0	0	3152	0	0	0	5640	0	3478	948	222	0	206	0	3264	0	5416	1606	0	0	0	0	100	0	142	0	0	0	0	1690	258	0	0	0	
133264	Occipital_Inf_R	0	0	0	138	0	0	0	0	0	0	0	0	0	0	0	0	0	0	0	150	0	0	0	0	0	0	0	0	0	206	0	0	0	0	108	282	82	1576	0	836	0	0	616	6230	0	476	512	10782	0	738	0	7004	160	0	492	14314	0	282	0	0	0	0	0	294	0	0	0	872	0	0	0	0	0	172	0	0	88	0	0	0	0	120	0	0	0	1924	0	0	0	5974	276	802	100	0	0	0	140	1702	1258	4020	0	0	0	0	0	0	0	0	0	424	1594	1672	216	0	0	0	
414224	Fusiform_L	0	0	216	0	0	0	0	0	0	0	0	0	0	0	0	0	0	0	176	0	326	0	0	0	0	0	0	0	3434	0	0	0	0	0	164	0	11078	0	9068	0	3932	0	2252	0	258	0	20622	2714	398	0	12706	0	18050	492	0	1392	396	0	288	0	292	0	0	0	0	0	784	0	0	0	0	0	1896	0	0	0	316	0	0	0	2056	0	4512	0	9534	0	2338	0	22988	0	14088	3024	974	0	894	0	15566	0	24020	5190	534	0	480	264	404	260	530	0	0	0	294	5948	1280	426	258	0	
501824	Fusiform_R	168	0	262	492	0	0	0	0	0	0	0	0	0	0	0	138	0	156	204	444	0	120	0	0	0	0	0	0	0	4270	0	0	0	132	1268	2270	776	26688	238	20138	0	11036	1160	9196	0	938	1592	27408	0	880	210	7282	422	14314	1392	0	122	500	0	0	0	94	0	180	0	0	114	2622	136	0	206	0	336	8154	0	304	1056	1698	0	738	0	1456	0	10448	0	7216	0	5688	100	24398	1082	6682	356	502	0	1530	278	10072	3436	14586	0	0	0	532	0	340	0	0	0	1564	3554	5350	1666	118	104	0	
391644	Postcentral_L	30194	838	10408	2220	0	0	2674	990	0	0	12646	1028	1158	86	0	0	15460	974	4086	2236	0	308	2302	172	0	0	0	0	6286	652	152	322	340	354	1368	1368	1058	678	78	122	0	0	140	0	328	0	600	0	1238	0	8060	0	0	0	396	122	0	604	8820	0	20962	0	10934	0	5548	0	1788	290	4572	0	7616	1236	5184	382	1028	384	1908	672	3818	0	5274	0	0	0	3118	0	0	0	242	0	0	0	0	0	0	0	0	0	0	0	0	0	0	0	0	0	0	0	0	0	0	0	0	0	0	0	
234384	Postcentral_R	2236	18588	240	4298	0	326	0	3550	0	0	2470	1780	0	286	0	0	778	5308	356	3774	0	0	680	970	0	84	0	216	536	2832	0	330	0	1506	0	318	0	1216	0	82	0	0	0	170	0	1798	0	0	0	2866	0	2028	0	282	0	500	604	0	0	5866	0	9588	156	15362	0	2180	0	3560	548	1938	2534	1088	146	1936	0	204	88	464	0	1820	136	2318	0	106	0	3874	0	0	0	2272	0	0	0	0	0	0	0	0	0	0	0	0	0	0	0	0	0	0	0	0	0	0	0	0	0	0	
157328	Parietal_Sup_L	176	0	418	0	0	0	0	0	0	0	0	0	0	0	0	0	174	0	448	0	0	0	0	0	0	0	0	0	704	0	0	0	1570	90	998	304	0	0	78	0	0	0	264	0	2476	172	458	0	10308	0	17018	0	0	0	288	0	8820	0	0	0	15916	0	934	0	3642	0	10214	538	848	0	0	0	0	0	0	0	0	0	286	0	154	0	0	0	1254	0	0	0	114	0	0	0	0	0	0	0	0	0	0	0	0	0	0	0	0	0	0	0	0	0	0	0	0	0	0	0	
84860	Parietal_Sup_R	0	436	0	114	0	0	0	122	0	0	0	0	0	0	0	0	0	0	0	620	0	0	0	0	0	0	0	0	0	0	0	0	126	744	0	0	0	0	0	0	0	0	0	0	0	3008	0	0	0	6760	0	2776	0	0	0	0	0	5866	0	0	0	6100	0	1406	0	6850	666	5764	96	692	0	0	0	78	0	0	0	0	0	0	0	0	0	0	0	0	0	0	0	206	0	0	0	0	0	0	0	0	0	0	0	0	0	0	0	0	0	0	0	0	0	0	0	0	0	0	
263104	Parietal_Inf_L	1346	0	3742	464	0	0	0	0	0	0	130	0	0	0	0	0	2438	0	1856	484	0	0	356	0	0	0	0	0	5692	0	0	0	226	78	318	182	80	0	0	0	0	0	106	0	266	0	472	0	2820	0	14158	0	0	0	292	0	20962	0	15916	0	0	0	23422	0	15324	0	1160	86	1428	0	474	0	570	0	110	0	0	0	2134	0	2680	0	0	0	11400	0	0	0	380	0	0	0	0	0	0	0	0	0	0	0	0	0	0	0	0	0	0	0	0	0	0	0	0	0	0	0	
114068	Parietal_Inf_R	0	658	0	396	0	102	0	600	0	0	0	0	0	0	0	0	0	270	0	290	0	0	0	0	0	0	0	0	0	852	0	0	0	170	0	0	0	130	0	0	0	0	0	0	0	1022	0	0	0	3572	0	3696	0	0	0	94	0	9588	0	6100	0	0	0	12798	0	11344	0	618	122	0	0	264	0	754	0	100	0	316	0	0	0	156	0	0	0	988	0	0	0	2034	0	0	0	0	0	0	0	0	0	0	0	0	0	0	0	0	0	0	0	0	0	0	0	0	0	0	
210712	SupraMarginal_L	2236	94	2552	102	0	0	422	0	0	0	1244	250	0	0	0	0	8966	258	1006	88	0	0	154	0	0	0	0	0	6006	116	0	0	0	0	108	0	124	0	0	0	0	0	0	0	98	0	126	0	430	0	3110	0	0	0	0	0	10934	156	934	0	23422	0	0	0	7092	0	152	0	662	0	782	110	290	0	0	0	0	0	4852	0	12794	0	0	0	15318	0	0	0	368	0	0	0	0	0	0	0	0	0	0	0	0	0	0	0	0	0	0	0	0	0	0	0	0	0	0	0	
167956	SupraMarginal_R	226	1458	0	1218	0	134	0	1334	0	0	268	0	0	0	0	0	120	4436	0	1026	0	0	214	302	0	0	0	96	100	2028	0	128	0	428	0	106	0	2670	0	0	0	0	0	266	0	0	0	0	0	714	0	2140	0	294	0	180	0	15362	0	1406	0	12798	0	0	0	8534	0	482	340	0	310	344	0	1596	0	214	90	582	0	1772	0	9440	0	0	0	5386	0	0	0	5436	0	0	0	0	0	0	0	0	0	0	0	0	0	0	0	0	0	0	0	0	0	0	0	0	0	0	
132276	Angular_L	540	0	274	0	0	0	0	0	0	0	0	0	0	0	0	0	196	0	266	0	0	0	0	0	0	0	0	0	712	0	0	0	0	0	0	0	96	0	0	0	0	0	0	0	0	0	138	0	386	0	14848	0	0	0	0	0	5548	0	3642	0	15324	0	7092	0	0	0	286	0	1036	0	0	0	0	0	0	0	0	0	1608	0	1846	0	0	0	11846	0	0	0	454	0	0	0	0	0	0	0	0	0	0	0	0	0	0	0	0	0	0	0	0	0	0	0	0	0	0	0	
135436	Angular_R	0	192	0	0	0	100	0	86	0	0	0	0	0	0	0	0	0	312	0	252	0	0	0	0	0	0	0	0	0	300	0	0	0	198	0	0	0	0	0	0	0	0	0	290	0	668	0	0	0	6590	0	15870	0	0	0	0	0	2180	0	6850	0	11344	0	8534	0	0	0	504	186	0	0	230	0	212	0	0	0	0	0	104	0	5194	0	0	0	6280	0	0	0	1242	0	0	0	0	0	0	0	0	0	0	0	0	0	0	0	0	0	0	0	0	0	0	0	0	0	0	
330304	Precuneus_L	168	0	1494	0	0	0	0	0	0	0	0	0	0	0	0	0	268	0	2016	722	0	0	0	0	0	0	0	0	922	0	0	0	8238	2680	12294	2574	4554	232	2876	106	0	0	12906	2294	20524	7168	4734	324	16836	4944	16040	236	108	0	784	114	1788	0	10214	666	1160	0	152	0	286	0	0	17470	2256	1248	0	0	402	0	0	0	0	0	1340	0	114	0	0	0	1616	0	0	0	284	0	0	0	0	0	0	0	0	0	0	0	0	0	0	0	0	0	0	0	0	0	0	0	0	0	0	0	
454168	Precuneus_R	360	2544	254	1292	0	0	0	0	0	0	0	0	0	0	0	0	0	240	1552	22274	0	0	0	0	0	0	0	0	102	846	0	0	3458	21458	6202	11660	350	5002	0	1804	0	0	1260	18256	3466	25130	172	7078	1586	21494	1212	6606	0	872	0	2622	290	3560	538	5764	86	618	0	482	0	504	17470	0	11050	8200	104	418	106	532	0	0	128	204	0	232	0	294	0	0	126	4670	0	0	0	1732	0	0	0	0	0	0	0	282	0	0	0	0	0	0	0	0	0	0	0	0	542	0	0	0	0	0	
150504	Paracentral_Lobule_L	4338	284	2180	448	0	0	156	0	0	0	0	0	0	0	0	0	138	158	4816	13290	0	0	0	0	0	0	0	0	122	578	0	0	2210	7986	386	1028	0	380	0	0	0	0	406	1504	370	1236	0	162	236	1876	1356	990	0	0	0	136	4572	548	848	96	1428	122	662	340	1036	186	2256	11050	0	1626	0	126	0	432	0	0	0	0	262	126	102	106	0	0	914	1064	0	0	0	580	0	0	0	0	0	0	0	0	0	0	0	0	0	0	0	0	0	0	0	0	0	0	0	0	0	0	
65116	Paracentral_Lobule_R	0	2518	0	0	0	0	0	0	0	0	0	0	0	0	0	0	0	0	236	6298	0	0	0	0	0	0	0	0	0	0	0	0	852	5834	0	122	0	0	0	0	0	0	0	0	0	924	0	0	0	1534	0	372	0	0	0	0	0	1938	0	692	0	0	0	0	0	0	1248	8200	1626	0	0	0	0	0	0	0	0	0	0	0	0	0	0	0	0	164	0	0	0	0	0	0	0	0	0	0	0	0	0	0	0	0	0	0	0	0	0	0	0	0	0	0	0	0	0	0	
525856	Caudate_L	15156	2446	12424	6494	1810	134	2398	4104	254	0	21224	5130	1370	1340	1540	110	11232	5028	5434	4876	8988	7440	3790	1220	476	242	2866	80	15924	6552	11322	5888	180	1828	1980	1942	388	1556	0	230	404	0	0	0	0	0	0	0	0	0	0	0	0	0	0	206	7616	2534	0	0	474	0	782	310	0	0	0	104	0	0	0	17634	24066	7782	4288	4392	9694	2942	592	300	1942	184	662	0	454	0	0	0	170	0	0	0	0	0	0	0	0	0	0	0	0	0	0	0	0	0	0	0	0	0	0	0	0	0	0	0	
503820	Caudate_R	1682	4602	3616	18850	178	6988	266	6006	0	582	2868	9164	0	2916	180	1918	1868	3964	2702	15902	5810	11334	1676	7558	422	4490	290	4044	2478	13600	6104	21756	0	5240	530	800	168	606	220	0	0	218	0	0	0	0	0	0	0	0	0	172	0	0	0	0	1236	1088	0	0	0	264	110	344	0	230	0	418	126	0	17634	0	7388	24312	2514	5372	2020	16276	0	86	210	84	116	314	0	0	0	0	0	0	0	0	0	0	0	0	0	0	0	0	0	0	0	0	0	0	0	0	0	0	0	0	0	0	0	0	
467264	Putamen_L	2062	164	30186	2914	5296	90	2098	678	2516	0	3340	164	1068	158	5444	78	6470	170	9012	2344	6852	5380	5970	562	656	106	1686	0	25222	378	10238	2822	256	544	1894	1758	7702	1884	930	582	922	0	0	0	278	0	308	310	0	0	98	0	92	0	1896	336	5184	146	0	0	570	0	290	0	0	0	402	106	0	0	24066	7388	0	4186	10728	2456	11234	2438	2070	0	3678	0	1082	0	1624	0	0	0	1856	130	0	0	0	0	0	0	0	84	0	0	0	0	0	0	0	0	0	0	0	0	0	0	0	0	0	0	
430008	Putamen_R	532	310	1332	10912	164	6476	0	4146	0	1212	612	4738	0	2254	146	4716	480	7510	1452	5686	3388	5242	802	4376	400	3732	176	4002	486	26506	4024	8504	0	4614	310	306	134	11436	236	1170	0	2184	0	304	0	0	0	138	0	0	0	308	0	172	0	8154	382	1936	0	78	0	754	0	1596	0	212	0	532	432	0	7782	24312	4186	0	1052	6686	896	5186	0	1254	0	1614	0	2094	0	4092	0	494	0	5558	0	0	0	0	0	0	0	94	0	0	0	0	0	0	0	0	0	0	0	0	0	0	0	0	0	0	
83180	Pallidum_L	94	0	6568	1228	0	0	84	298	0	0	0	0	0	0	0	0	356	0	1668	794	1028	2030	0	0	0	0	0	0	412	0	120	0	0	0	0	0	538	224	398	182	0	0	0	0	0	0	0	192	0	0	0	0	0	0	0	0	1028	0	0	0	110	0	0	0	0	0	0	0	0	0	4288	2514	10728	1052	0	1456	3052	1070	0	0	0	0	0	0	0	0	0	0	0	0	0	0	0	0	0	0	0	78	0	0	0	0	0	0	0	0	0	0	0	0	0	0	0	0	0	0	
73548	Pallidum_R	106	0	574	1918	0	0	0	1640	0	0	140	176	0	168	0	0	200	830	84	352	1222	2920	0	162	0	0	0	0	102	414	774	618	0	0	0	0	0	922	0	142	0	0	0	0	0	0	0	88	0	0	0	0	0	0	0	304	384	204	0	0	0	100	0	214	0	0	0	0	0	0	4392	5372	2456	6686	1456	0	108	1082	0	110	0	0	0	90	0	0	0	0	0	180	0	0	0	0	0	0	0	84	0	0	0	0	0	0	0	0	0	0	0	0	0	0	0	0	0	0	
216756	Thalamus_L	2994	234	15496	1690	0	0	884	116	0	0	226	0	0	0	0	0	1018	0	9670	2648	0	0	598	0	0	0	0	0	1742	142	0	0	0	78	6784	6912	3408	5992	534	1358	154	0	0	112	0	0	340	364	0	0	0	0	0	88	316	1056	1908	88	0	0	0	0	0	90	0	0	0	128	0	0	9694	2020	11234	896	3052	108	0	12338	194	0	184	0	0	0	568	100	0	0	576	246	0	0	0	0	0	0	0	0	0	0	0	0	0	0	0	0	0	0	0	0	0	0	0	0	0	0	
194772	Thalamus_R	1102	3532	1546	9468	0	0	140	2518	0	0	0	140	0	142	0	0	194	224	786	11080	296	626	280	202	0	0	0	0	250	478	0	114	0	294	2410	2964	716	6440	862	2106	0	118	0	440	0	134	142	996	0	0	0	182	0	0	0	1698	672	464	0	0	0	316	0	582	0	0	0	204	0	0	2942	16276	2438	5186	1070	1082	12338	0	0	0	0	78	0	0	0	442	0	0	0	676	0	0	0	0	0	0	0	0	0	0	0	0	0	0	0	0	0	0	0	0	0	0	0	0	0	0	
165056	Heschl_L	1312	0	4640	304	0	0	334	0	0	0	1452	0	0	0	0	0	9016	0	3016	262	0	0	356	0	0	0	0	0	14446	0	0	0	0	0	278	86	432	0	0	0	0	0	162	0	978	0	84	0	252	0	4442	0	0	0	0	0	3818	0	286	0	2134	0	4852	0	1608	0	1340	0	262	0	592	0	2070	0	0	0	194	0	0	0	9438	0	0	0	13262	0	0	0	820	0	0	0	0	0	0	0	0	0	0	0	0	0	0	0	0	0	0	0	0	0	0	0	0	0	0	0	
65176	Heschl_R	246	0	0	372	0	0	0	372	0	0	296	152	0	0	0	0	88	5912	84	272	0	0	0	102	0	0	0	0	134	7296	0	0	0	140	0	0	0	696	0	238	0	98	0	0	0	0	0	0	0	0	0	0	0	0	0	738	0	1820	0	0	0	0	0	1772	0	104	0	232	126	0	300	86	0	1254	0	110	0	0	0	0	0	7642	0	218	0	826	0	0	0	862	0	0	0	0	0	0	0	0	0	0	0	0	0	0	0	0	0	0	0	0	0	0	0	0	0	0	
259424	Temporal_Sup_L	1836	0	2986	176	0	0	554	0	0	0	3600	294	496	0	0	0	12458	226	1348	156	90	0	924	0	0	0	0	0	19534	218	860	0	0	0	154	78	3168	80	594	0	404	0	0	0	0	0	126	0	0	0	494	0	0	0	2056	0	5274	136	154	0	2680	0	12794	0	1846	0	114	0	102	0	1942	210	3678	0	0	0	184	0	9438	0	0	0	6332	0	25840	0	1064	0	5014	0	0	0	0	0	0	0	0	0	0	0	0	0	0	0	0	0	0	0	0	0	0	0	0	0	0	0	
164176	Temporal_Sup_R	150	0	0	264	0	0	0	170	0	0	182	168	0	0	0	718	0	6550	0	192	0	0	0	0	0	0	0	0	80	14556	0	0	0	86	0	0	0	1866	0	200	0	418	0	156	0	0	0	0	0	0	0	524	0	120	0	1456	0	2318	0	0	0	156	0	9440	0	5194	0	294	106	0	184	84	0	1614	0	0	0	78	0	7642	0	0	0	4476	0	20248	0	498	0	1900	0	0	0	0	0	0	0	0	0	0	0	0	0	0	0	0	0	0	0	0	0	0	0	0	0	0	
136132	Temporal_Pole_Sup_L	0	0	1094	0	1996	0	652	0	962	0	2158	124	3698	0	7326	0	1844	0	0	0	824	0	344	0	0	0	244	0	7370	118	580	84	0	0	0	0	1314	0	2586	0	1156	0	0	0	0	0	0	0	0	0	0	0	0	0	4512	0	0	0	0	0	0	0	0	0	0	0	0	0	0	0	662	116	1082	0	0	0	0	0	0	0	6332	0	0	0	9114	0	4610	0	7164	0	0	0	0	0	0	0	0	0	0	0	0	0	0	0	0	0	0	0	0	0	0	0	0	0	0	0	
122084	Temporal_Pole_Sup_R	0	0	0	110	0	102	0	0	0	0	0	382	0	0	0	4030	0	1712	0	0	0	640	0	0	0	0	0	146	0	6850	0	126	0	0	0	0	0	3262	0	3494	0	3386	0	0	0	0	0	80	0	0	0	0	0	0	0	10448	0	106	0	0	0	0	0	0	0	0	0	0	0	0	0	314	0	2094	0	90	0	0	0	218	0	4476	0	0	0	5378	0	5872	0	7726	0	0	0	0	0	0	0	0	0	0	0	0	0	0	0	0	0	0	0	0	0	0	0	0	0	0	
416600	Temporal_Mid_L	946	0	2112	0	0	0	0	0	0	0	706	0	368	0	0	0	1198	0	1922	0	0	0	314	0	0	0	0	0	10912	0	492	0	182	0	1142	428	8188	234	2638	0	466	0	760	0	1392	0	4328	0	650	0	23006	0	3152	0	9534	0	3118	0	1254	0	11400	0	15318	0	11846	0	1616	126	914	0	454	0	1624	0	0	0	568	0	13262	0	25840	0	9114	0	0	0	5954	0	30822	0	0	0	0	0	0	0	0	0	0	0	0	0	0	0	0	0	0	0	0	0	0	0	0	0	0	0	
266844	Temporal_Mid_R	0	88	0	428	0	0	0	102	0	0	0	0	0	0	0	88	0	1374	0	1626	0	0	0	0	0	0	0	0	0	5320	0	0	0	812	0	368	0	6172	0	712	0	1138	96	6232	0	1844	0	2378	0	1484	0	11186	0	1924	0	7216	0	3874	0	0	0	988	0	5386	0	6280	0	4670	1064	164	0	0	0	4092	0	0	100	442	0	826	0	20248	0	5378	0	0	0	3042	0	26192	0	0	0	0	0	0	0	88	0	0	0	0	0	0	0	0	0	0	0	0	0	0	0	0	0	0	
37296	Temporal_Pole_Mid_L	0	0	0	0	0	0	0	0	0	0	0	0	0	0	0	0	0	0	0	0	0	0	0	0	0	0	0	0	92	0	0	0	0	0	0	0	122	0	1488	0	570	0	0	0	0	0	0	0	0	0	0	0	0	0	2338	0	0	0	0	0	0	0	0	0	0	0	0	0	0	0	0	0	0	0	0	0	0	0	0	0	1064	0	4610	0	5954	0	0	0	2410	0	0	0	0	0	0	0	0	0	0	0	0	0	0	0	0	0	0	0	0	0	0	0	0	0	0	0	
50192	Temporal_Pole_Mid_R	0	0	0	0	0	0	0	0	0	0	0	0	0	0	0	152	0	0	0	0	0	0	0	0	0	0	0	0	0	314	0	0	0	0	0	0	0	660	0	2472	0	1216	0	0	0	0	0	0	0	0	0	0	0	0	0	5688	0	0	0	0	0	0	0	0	0	0	0	0	0	0	0	0	0	494	0	0	0	0	0	0	0	498	0	5872	0	3042	0	0	0	4688	0	0	0	0	0	0	0	0	0	0	0	0	0	0	0	0	0	0	0	0	0	0	0	0	0	0	
229384	Temporal_Inf_L	110	0	428	0	0	0	0	0	0	0	0	0	0	0	0	0	0	0	366	0	0	0	164	0	0	0	0	0	4972	0	168	0	0	0	296	216	11476	182	3510	0	1230	0	158	0	186	0	2084	78	84	0	3376	0	5640	0	22988	100	242	0	114	0	380	0	368	0	454	0	284	0	0	0	170	0	1856	0	0	0	576	0	820	0	5014	0	7164	0	30822	0	2410	0	0	0	3228	0	544	0	0	0	360	0	1108	96	216	0	548	0	0	0	0	0	0	0	0	106	0	0	0	0	
247692	Temporal_Inf_R	0	102	0	628	0	0	0	216	0	0	0	0	0	0	0	0	0	738	0	1000	0	0	0	0	0	0	0	0	0	2724	0	0	0	378	220	556	148	11732	120	3178	0	2388	0	1374	0	298	0	1382	0	616	0	2408	0	5974	0	24398	0	2272	0	206	0	2034	0	5436	0	1242	0	1732	580	0	0	0	130	5558	0	180	246	676	0	862	0	1900	0	7726	0	26192	0	4688	0	0	0	724	0	82	0	0	0	358	0	318	0	0	0	126	0	0	0	0	0	0	0	0	0	0	0	0	
514136	Cerebelum_Crus1_L	0	0	0	0	0	0	0	0	0	0	0	0	0	0	0	0	0	0	0	0	0	0	0	0	0	0	0	0	0	0	0	0	0	0	0	0	0	0	0	0	0	0	0	0	0	0	4574	1558	0	0	272	0	3478	276	14088	1082	0	0	0	0	0	0	0	0	0	0	0	0	0	0	0	0	0	0	0	0	0	0	0	0	0	0	0	0	0	0	0	0	3228	0	0	3950	32654	5312	1728	0	15442	396	52870	7200	22622	1496	31540	4716	10218	4552	2532	362	112	212	1458	8772	12526	4710	3032	100	
362824	Cerebelum_Crus1_R	0	0	0	0	0	0	0	0	0	0	0	0	0	0	0	0	0	0	0	0	0	0	0	0	0	0	0	0	0	0	0	0	0	0	0	0	0	0	0	222	0	0	0	90	0	0	1402	4186	0	0	362	0	948	802	3024	6682	0	0	0	0	0	0	0	0	0	0	0	0	0	0	0	0	0	0	0	0	0	0	0	0	0	0	0	0	0	0	0	0	0	724	3950	0	2208	27380	0	6464	424	12988	6462	46234	110	7872	92	24168	162	1146	0	1534	338	2140	1450	8976	7112	1104	476	180	
320668	Cerebelum_Crus2_L	0	0	0	0	0	0	0	0	0	0	0	0	0	0	0	0	0	0	0	0	0	0	0	0	0	0	0	0	0	0	0	0	0	0	0	0	0	0	0	0	0	0	0	0	0	0	614	504	0	0	98	0	222	100	974	356	0	0	0	0	0	0	0	0	0	0	0	0	0	0	0	0	0	0	0	0	0	0	0	0	0	0	0	0	0	0	0	0	544	0	32654	2208	0	12296	0	0	560	0	8666	2376	37398	5752	28838	4526	2564	3178	0	0	0	0	132	1498	10344	3018	914	0	
296600	Cerebelum_Crus2_R	0	0	0	0	0	0	0	0	0	0	0	0	0	0	0	0	0	0	0	0	0	0	0	0	0	0	0	0	0	0	0	0	0	0	0	0	0	0	0	0	0	0	0	0	0	0	0	526	0	0	0	0	0	0	0	502	0	0	0	0	0	0	0	0	0	0	0	0	0	0	0	0	0	0	0	0	0	0	0	0	0	0	0	0	0	0	0	0	0	82	5312	27380	12296	0	0	148	568	1096	718	9582	5632	22202	3004	31684	1794	6862	96	1232	94	342	1110	1442	10974	2668	876	78	
32232	Cerebelum_3_L	0	0	0	0	0	0	0	0	0	0	0	0	0	0	0	0	0	0	0	0	0	0	0	0	0	0	0	0	0	0	0	0	0	0	0	0	0	0	248	0	0	0	0	0	0	0	842	0	0	0	0	0	206	0	894	0	0	0	0	0	0	0	0	0	0	0	0	0	0	0	0	0	0	0	0	0	0	0	0	0	0	0	0	0	0	0	0	0	0	0	1728	0	0	0	0	0	6124	0	2368	0	0	0	0	0	1446	104	772	0	388	814	182	0	0	0	0	0	
75372	Cerebelum_3_R	0	0	0	0	0	0	0	0	0	0	0	0	0	0	0	0	0	0	0	0	0	0	0	0	0	0	0	0	0	0	0	0	0	0	0	0	0	0	0	1172	0	0	0	0	0	0	86	1600	0	0	0	0	0	0	0	1530	0	0	0	0	0	0	0	0	0	0	0	0	0	0	0	0	0	0	0	0	0	0	0	0	0	0	0	0	0	0	0	0	0	0	0	6464	0	148	0	0	116	10628	0	9244	0	108	0	408	0	1058	0	0	1258	3148	226	186	0	0	120	186	
270640	Cerebelum_4_5_L	0	0	0	0	0	0	0	0	0	0	0	0	0	0	0	0	0	0	0	0	0	0	0	0	0	0	0	0	0	0	0	0	0	0	0	0	138	0	354	0	0	0	88	0	0	0	13198	894	0	0	324	0	3264	140	15566	278	0	0	0	0	0	0	0	0	0	0	0	0	0	0	0	0	0	0	0	0	0	0	0	0	0	0	0	0	0	0	0	0	360	0	15442	424	560	568	6124	116	0	2126	29106	2922	1072	202	2860	812	6434	2912	4094	1658	494	1372	9470	5378	374	2048	3262	886	
217176	Cerebelum_4_5_R	0	0	0	0	0	0	0	0	0	0	0	0	0	0	0	0	0	0	0	0	0	0	0	0	0	0	0	0	0	0	0	0	0	0	0	0	130	2294	126	3690	0	484	0	736	0	0	540	9012	0	0	0	138	0	1702	0	10072	0	0	0	0	0	0	0	0	0	0	0	282	0	0	0	0	84	94	78	84	0	0	0	0	0	0	0	0	0	88	0	0	0	358	396	12988	0	1096	0	10628	2126	0	1034	24864	0	650	324	2134	924	922	568	772	942	5442	9516	1770	548	212	398	342	
499012	Cerebelum_6_L	0	0	0	0	0	0	0	0	0	0	0	0	0	0	0	0	0	0	0	0	0	0	0	0	0	0	0	0	0	0	0	0	0	0	0	0	0	0	0	0	0	0	86	0	0	0	12350	5794	0	0	1006	0	5416	1258	24020	3436	0	0	0	0	0	0	0	0	0	0	0	0	0	0	0	0	0	0	0	0	0	0	0	0	0	0	0	0	0	0	0	0	1108	0	52870	6462	8666	718	2368	0	29106	1034	0	13292	9318	220	17848	1434	9234	2126	4320	420	340	744	4016	17202	5736	4052	3196	310	
454724	Cerebelum_6_R	0	0	0	0	0	0	0	0	0	0	0	0	0	0	0	0	0	0	0	0	0	0	0	0	0	0	0	0	0	0	0	0	0	0	0	0	0	0	0	280	0	0	0	122	0	0	3232	11852	0	0	578	88	1606	4020	5190	14586	0	0	0	0	0	0	0	0	0	0	0	0	0	0	0	0	0	0	0	0	0	0	0	0	0	0	0	0	0	0	0	0	96	318	7200	46234	2376	9582	0	9244	2922	24864	13292	0	170	2528	496	13096	1226	2310	686	3790	824	4436	9452	18538	8706	1984	1012	426	
263012	Cerebelum_7b_L	0	0	0	0	0	0	0	0	0	0	0	0	0	0	0	0	0	0	0	0	0	0	0	0	0	0	0	0	0	0	0	0	0	0	0	0	0	0	0	0	0	0	0	0	0	0	390	0	0	0	0	0	0	0	534	0	0	0	0	0	0	0	0	0	0	0	0	0	0	0	0	0	0	0	0	0	0	0	0	0	0	0	0	0	0	0	0	0	216	0	22622	110	37398	5632	0	0	1072	0	9318	170	0	2886	30484	3758	2544	2922	414	0	0	0	148	100	6484	3388	916	0	
142304	Cerebelum_7b_R	0	0	0	0	0	0	0	0	0	0	0	0	0	0	0	0	0	0	0	0	0	0	0	0	0	0	0	0	0	0	0	0	0	0	0	0	0	0	0	0	0	0	0	0	0	0	0	0	0	0	0	0	0	0	0	0	0	0	0	0	0	0	0	0	0	0	0	0	0	0	0	0	0	0	0	0	0	0	0	0	0	0	0	0	0	0	0	0	0	0	1496	7872	5752	22202	0	108	202	650	220	2528	2886	0	362	18348	206	2092	0	0	0	288	494	194	4428	824	0	0	
327920	Cerebelum_8_L	0	0	0	0	0	0	0	0	0	0	0	0	0	0	0	0	0	0	0	0	0	0	0	0	0	0	0	0	0	0	0	0	0	0	0	0	0	0	0	0	0	0	0	0	0	0	1230	0	0	0	0	0	0	0	480	0	0	0	0	0	0	0	0	0	0	0	0	0	0	0	0	0	0	0	0	0	0	0	0	0	0	0	0	0	0	0	0	0	548	0	31540	92	28838	3004	0	0	2860	324	17848	496	30484	362	0	4220	15686	5226	1960	90	0	108	1096	974	6462	6594	3438	0	
313136	Cerebelum_8_R	0	0	0	0	0	0	0	0	0	0	0	0	0	0	0	0	0	0	0	0	0	0	0	0	0	0	0	0	0	0	0	0	0	0	0	0	0	0	0	0	0	0	0	0	0	0	140	686	0	0	0	0	0	0	264	532	0	0	0	0	0	0	0	0	0	0	0	0	0	0	0	0	0	0	0	0	0	0	0	0	0	0	0	0	0	0	0	0	0	126	4716	24168	4526	31684	0	408	812	2134	1434	13096	3758	18348	4220	0	3460	17648	96	1262	234	836	1842	2338	10032	4932	2706	130	
174972	Cerebelum_9_L	0	0	0	0	0	0	0	0	0	0	0	0	0	0	0	0	0	0	0	0	0	0	0	0	0	0	0	0	0	0	0	0	0	0	0	0	0	0	0	0	0	0	0	0	0	0	1344	0	0	0	0	0	100	0	404	0	0	0	0	0	0	0	0	0	0	0	0	0	0	0	0	0	0	0	0	0	0	0	0	0	0	0	0	0	0	0	0	0	0	0	10218	162	2564	1794	1446	0	6434	924	9234	1226	2544	206	15686	3460	0	6094	5674	218	276	472	2680	2296	2750	4162	3750	1368	
201692	Cerebelum_9_R	0	0	0	0	0	0	0	0	0	0	0	0	0	0	0	0	0	0	0	0	0	0	0	0	0	0	0	0	0	0	0	0	0	0	0	0	0	0	0	80	0	0	0	0	0	0	1520	688	0	0	0	0	0	0	260	340	0	0	0	0	0	0	0	0	0	0	0	0	0	0	0	0	0	0	0	0	0	0	0	0	0	0	0	0	0	0	0	0	0	0	4552	1146	3178	6862	104	1058	2912	922	2126	2310	2922	2092	5226	17648	6094	0	160	3070	1052	1248	4388	5674	6814	6906	8014	1480	
52116	Cerebelum_10_L	0	0	0	0	0	0	0	0	0	0	0	0	0	0	0	0	0	0	0	0	0	0	0	0	0	0	0	0	0	0	0	0	0	0	0	0	0	0	0	0	0	0	0	0	0	0	690	0	0	0	0	0	142	0	530	0	0	0	0	0	0	0	0	0	0	0	0	0	0	0	0	0	0	0	0	0	0	0	0	0	0	0	0	0	0	0	0	0	0	0	2532	0	0	96	772	0	4094	568	4320	686	414	0	1960	96	5674	160	0	80	0	0	1158	762	180	464	594	86	
