data	data	349820	185104	861508	622428	105680	73268	468924	270776	67992	25644	305584	239324	218056	186424	158844	270532	272368	133300	860364	825936	60936	78596	306500	253244	19788	47056	42124	59716	508588	307992	286108	315940	161056	478008	86452	74268	258164	273856	58780	131780	41144	64312	205484	246324	179592	221092	193480	210336	148696	235256	399596	251992	131840	62820	238820	270836	269604	122944	137028	147284	205284	113504	119792	94744	150180	126952	240052	224840	219636	142644	187152	386972	321332	235348	54308	14688	100496	186380	84860	16092	247696	85588	86924	38268	250948	184324	29000	15040	221252	154512	464528	421132	317616	256324	34964	48020	250912	224324	443776	419976	158784	81884	207812	183368	109128	72296	5936	2540	10160	30788	162604	208052	171680	39212	44888	24612	
data	data	Precentral_L	Precentral_R	Frontal_Sup_L	Frontal_Sup_R	Frontal_Sup_Orb_L	Frontal_Sup_Orb_R	Frontal_Mid_L	Frontal_Mid_R	Frontal_Mid_Orb_L	Frontal_Mid_Orb_R	Frontal_Inf_Oper_L	Frontal_Inf_Oper_R	Frontal_Inf_Tri_L	Frontal_Inf_Tri_R	Frontal_Inf_Orb_L	Frontal_Inf_Orb_R	Rolandic_Oper_L	Rolandic_Oper_R	Supp_Motor_Area_L	Supp_Motor_Area_R	Olfactory_L	Olfactory_R	Frontal_Sup_Medial_L	Frontal_Sup_Medial_R	Frontal_Med_Orb_L	Frontal_Med_Orb_R	Rectus_L	Rectus_R	Insula_L	Insula_R	Cingulum_Ant_L	Cingulum_Ant_R	Cingulum_Mid_L	Cingulum_Mid_R	Cingulum_Post_L	Cingulum_Post_R	Hippocampus_L	Hippocampus_R	ParaHippocampal_L	ParaHippocampal_R	Amygdala_L	Amygdala_R	Calcarine_L	Calcarine_R	Cuneus_L	Cuneus_R	Lingual_L	Lingual_R	Occipital_Sup_L	Occipital_Sup_R	Occipital_Mid_L	Occipital_Mid_R	Occipital_Inf_L	Occipital_Inf_R	Fusiform_L	Fusiform_R	Postcentral_L	Postcentral_R	Parietal_Sup_L	Parietal_Sup_R	Parietal_Inf_L	Parietal_Inf_R	SupraMarginal_L	SupraMarginal_R	Angular_L	Angular_R	Precuneus_L	Precuneus_R	Paracentral_Lobule_L	Paracentral_Lobule_R	Caudate_L	Caudate_R	Putamen_L	Putamen_R	Pallidum_L	Pallidum_R	Thalamus_L	Thalamus_R	Heschl_L	Heschl_R	Temporal_Sup_L	Temporal_Sup_R	Temporal_Pole_Sup_L	Temporal_Pole_Sup_R	Temporal_Mid_L	Temporal_Mid_R	Temporal_Pole_Mid_L	Temporal_Pole_Mid_R	Temporal_Inf_L	Temporal_Inf_R	Cerebelum_Crus1_L	Cerebelum_Crus1_R	Cerebelum_Crus2_L	Cerebelum_Crus2_R	Cerebelum_3_L	Cerebelum_3_R	Cerebelum_4_5_L	Cerebelum_4_5_R	Cerebelum_6_L	Cerebelum_6_R	Cerebelum_7b_L	Cerebelum_7b_R	Cerebelum_8_L	Cerebelum_8_R	Cerebelum_9_L	Cerebelum_9_R	Cerebelum_10_L	Cerebelum_10_R	Vermis_1_2	Vermis_3	Vermis_4_5	Vermis_6	Vermis_7	Vermis_8	Vermis_9	Vermis_10	
349820	Precentral_L	0	0	25848	84	0	0	17670	0	0	0	12946	0	950	0	0	140	14754	0	13844	450	0	0	0	0	0	0	0	0	9748	0	114	0	898	0	2878	0	10472	0	240	0	0	0	704	0	650	0	118	0	0	0	1820	0	0	0	0	0	27618	0	1034	0	856	0	134	0	482	0	1080	0	13464	108	254	468	4972	0	990	0	502	320	3192	0	4158	0	80	0	460	0	0	0	410	0	0	0	0	0	0	0	0	0	0	0	0	0	0	0	0	0	0	0	0	0	0	0	0	0	0	0	
185104	Precentral_R	0	0	0	10998	0	0	0	17400	0	0	0	10496	0	262	0	0	0	3166	3264	11092	0	0	0	540	0	0	0	0	0	3446	0	0	0	1562	104	158	100	5544	0	0	0	0	0	0	0	0	0	0	0	0	0	0	0	0	0	0	0	14000	0	962	0	1696	0	1050	0	0	0	220	90	2572	0	142	0	768	0	0	138	336	0	208	0	616	0	0	0	918	0	0	0	704	0	0	0	0	0	0	0	0	0	0	0	0	0	0	0	0	0	0	0	0	0	0	0	0	0	0	
861508	Frontal_Sup_L	25848	0	0	820	4772	0	78038	290	3350	0	22976	2996	9962	4128	4654	7508	19406	624	66996	7410	0	0	46732	478	198	0	588	0	23106	4230	18444	2876	8542	1786	0	0	7416	0	312	0	0	0	0	0	0	0	0	0	0	0	162	0	0	0	250	0	10062	0	100	0	100	0	102	0	114	0	0	0	756	0	3178	7400	16838	608	2826	0	156	336	3036	0	8360	0	1596	0	84	0	0	0	204	0	0	0	0	0	0	0	0	0	0	0	0	0	0	0	0	0	0	0	0	0	0	0	0	0	0	0	
622428	Frontal_Sup_R	84	10998	820	0	0	4956	508	33698	0	874	0	8776	0	1744	0	2220	0	6552	13972	66308	0	264	8344	35520	0	3348	0	1900	0	6604	10990	27664	708	19826	234	348	308	8490	0	1918	0	0	0	0	0	0	0	0	0	0	0	0	0	0	0	400	108	3716	0	120	0	270	0	164	0	0	0	0	202	154	166	7000	102	6158	204	1232	1312	11588	0	342	0	0	0	0	0	0	0	0	0	0	0	0	0	0	0	0	0	0	0	0	0	0	0	0	0	0	0	0	0	0	0	0	0	0	0	0	
105680	Frontal_Sup_Orb_L	0	0	4772	0	0	0	1572	0	7640	0	0	0	1328	0	8516	0	0	0	124	0	1780	0	3268	0	3330	0	7028	0	3310	0	5070	0	0	0	0	0	0	0	0	0	328	0	0	0	0	0	0	0	0	0	0	0	0	0	0	0	0	0	0	0	0	0	0	0	0	0	0	0	0	0	1532	0	3052	0	0	0	0	0	0	0	0	0	190	0	0	0	0	0	0	0	0	0	0	0	0	0	0	0	0	0	0	0	0	0	0	0	0	0	0	0	0	0	0	0	0	0	
73268	Frontal_Sup_Orb_R	0	0	0	4956	0	0	0	424	0	3082	0	0	0	0	0	2910	0	0	0	0	864	2674	0	1404	0	3986	0	7260	0	574	1160	2686	0	0	0	0	0	0	0	0	0	106	0	0	0	0	0	0	0	0	0	0	0	0	0	0	0	0	0	0	0	0	0	0	0	0	0	0	0	0	544	2530	376	1098	0	0	0	0	0	0	0	0	0	0	0	0	0	0	0	0	0	0	0	0	0	0	0	0	0	0	0	0	0	0	0	0	0	0	0	0	0	0	0	0	0	0	
468924	Frontal_Mid_L	17670	0	78038	508	1572	0	0	0	3274	0	14572	1398	20322	3966	4392	5660	3418	92	11898	718	0	0	22148	204	0	0	0	0	12034	1800	6610	1320	3004	980	112	0	2196	0	0	0	0	0	0	0	0	0	0	0	0	0	532	0	0	0	0	0	2762	0	382	0	262	0	0	0	164	0	218	0	270	0	3360	2688	2966	224	0	0	112	288	1472	0	382	0	390	0	84	0	0	0	0	0	0	0	0	0	0	0	0	0	0	0	0	0	0	0	0	0	0	0	0	0	0	0	0	0	0	0	
270776	Frontal_Mid_R	0	17400	290	33698	0	424	0	0	0	1324	236	11286	110	8204	0	3462	82	2242	3752	17274	0	0	234	3894	0	0	0	0	0	3628	528	3226	436	7352	86	108	86	5652	0	782	0	0	0	0	0	0	0	0	0	0	0	0	0	0	0	246	0	2902	0	296	0	514	0	314	0	0	0	0	0	0	0	494	0	3108	0	114	94	224	0	310	0	212	80	0	0	420	0	0	0	264	0	0	0	0	0	0	0	0	0	0	0	0	0	0	0	0	0	0	0	0	0	0	0	0	0	0	
67992	Frontal_Mid_Orb_L	0	0	3350	0	7640	0	3274	0	0	0	0	0	2270	0	10876	0	0	0	0	0	0	0	286	0	104	0	1400	0	1722	0	672	0	0	0	0	0	0	0	0	0	0	0	0	0	0	0	0	0	0	0	0	0	0	0	0	0	0	0	0	0	0	0	0	0	0	0	0	0	0	0	160	0	2242	0	0	0	0	0	0	0	0	0	0	0	0	0	0	0	0	0	0	0	0	0	0	0	0	0	0	0	0	0	0	0	0	0	0	0	0	0	0	0	0	0	0	0	
25644	Frontal_Mid_Orb_R	0	0	0	874	0	3082	0	1324	0	0	0	0	0	0	0	4436	0	0	0	0	0	262	0	0	0	0	0	700	0	326	0	106	0	0	0	0	0	0	0	0	0	108	0	0	0	0	0	0	0	0	0	0	0	0	0	0	0	0	0	0	0	0	0	0	0	0	0	0	0	0	0	788	0	816	0	0	0	0	0	0	0	0	0	0	0	0	0	0	0	0	0	0	0	0	0	0	0	0	0	0	0	0	0	0	0	0	0	0	0	0	0	0	0	0	0	0	
305584	Frontal_Inf_Oper_L	12946	0	22976	0	0	0	14572	236	0	0	0	1998	11124	1720	0	6276	19232	164	13738	596	0	0	454	0	0	0	0	0	14142	2926	878	312	296	152	0	0	228	0	0	0	0	0	0	0	0	0	0	0	0	0	0	0	0	0	112	0	2274	0	0	0	0	0	0	0	0	0	0	0	0	0	3254	6070	408	992	0	0	0	198	754	0	8254	0	5396	0	0	0	0	0	114	0	0	0	0	0	0	0	0	0	0	0	0	0	0	0	0	0	0	0	0	0	0	0	0	0	0	0	
239324	Frontal_Inf_Oper_R	0	10496	2996	8776	0	0	1398	11286	0	0	1998	0	786	11126	0	2574	332	5822	9356	15666	0	0	330	1928	0	0	0	0	0	17634	374	1252	590	10612	0	0	0	280	0	0	0	0	0	0	0	0	0	0	0	0	0	0	0	0	0	0	0	262	0	0	0	0	0	0	0	0	0	0	0	0	270	626	0	2254	0	0	0	90	0	298	0	0	250	0	0	0	0	0	0	0	0	0	0	0	0	0	0	0	0	0	0	0	0	0	0	0	0	0	0	0	0	0	0	0	0	0	
218056	Frontal_Inf_Tri_L	950	0	9962	0	1328	0	20322	110	2270	0	11124	786	0	1286	12342	3470	1296	0	3228	456	0	0	488	0	0	0	0	0	20766	856	2622	198	138	0	0	0	0	0	0	0	0	0	0	0	0	0	0	0	0	0	0	0	0	0	0	0	0	0	0	0	0	0	0	0	0	0	0	0	0	132	6750	3100	3196	0	0	0	0	410	0	0	240	0	1202	0	0	0	0	0	0	0	0	0	0	0	0	0	0	0	0	0	0	0	0	0	0	0	0	0	0	0	0	0	0	0	0	0	
186424	Frontal_Inf_Tri_R	0	262	4128	1744	0	0	3966	8204	0	0	1720	11126	1286	0	92	19286	256	370	5948	4786	0	0	684	686	0	0	0	0	2770	9912	1018	2756	614	4466	0	0	0	208	0	176	0	0	0	0	0	0	0	0	0	0	0	0	0	0	0	0	0	0	0	0	0	0	0	0	0	0	0	0	0	0	1106	4802	0	578	0	0	0	0	0	0	0	0	262	0	0	0	0	0	0	0	0	0	0	0	0	0	0	0	0	0	0	0	0	0	0	0	0	0	0	0	0	0	0	0	0	0	
158844	Frontal_Inf_Orb_L	0	0	4654	0	8516	0	4392	0	10876	0	0	0	12342	92	0	106	0	0	608	144	2194	0	306	0	90	0	2368	0	15866	0	3246	0	0	0	0	0	0	0	102	0	542	0	0	0	0	0	0	0	0	0	0	0	0	0	0	0	0	0	0	0	0	0	0	0	0	0	0	0	0	0	2870	272	8716	0	0	0	0	174	0	0	0	0	946	0	0	0	0	0	0	0	0	0	0	0	0	0	0	0	0	0	0	0	0	0	0	0	0	0	0	0	0	0	0	0	0	0	
270532	Frontal_Inf_Orb_R	140	0	7508	2220	0	2910	5660	3462	0	4436	6276	2574	3470	19286	106	0	934	236	7818	4274	226	2054	732	698	0	104	0	1610	5780	11388	1232	3146	304	2318	0	0	0	0	0	0	0	1258	0	0	0	0	0	0	0	0	0	0	0	0	0	0	0	0	0	0	0	0	0	0	0	0	0	0	0	0	3060	22556	312	5350	0	0	0	800	0	0	0	0	1028	0	0	0	0	0	0	0	0	0	0	0	0	0	0	0	0	0	0	0	0	0	0	0	0	0	0	0	0	0	0	0	0	0	
272368	Rolandic_Oper_L	14754	0	19406	0	0	0	3418	82	0	0	19232	332	1296	256	0	934	0	0	13634	186	0	0	0	0	0	0	0	0	15106	676	0	0	0	0	0	0	2450	0	0	0	0	0	646	0	566	0	102	0	0	0	472	0	0	0	320	0	10406	0	92	0	192	0	2260	0	352	0	612	0	522	0	344	1012	1936	494	146	0	0	0	3876	0	15576	0	3360	0	590	0	0	0	546	0	0	0	0	0	0	0	0	0	0	0	0	0	0	0	0	0	0	0	0	0	0	0	0	0	0	0	
133300	Rolandic_Oper_R	0	3166	624	6552	0	0	92	2242	0	0	164	5822	0	370	0	236	0	0	4012	11974	0	0	0	0	0	0	0	0	0	11052	0	0	0	730	0	0	0	1200	0	466	0	0	0	0	0	0	0	0	0	0	0	0	0	0	0	184	0	3156	0	0	0	0	0	2416	0	0	0	0	0	0	0	1432	0	5152	0	670	0	0	0	2488	0	2234	0	102	0	114	0	0	0	0	0	0	0	0	0	0	0	0	0	0	0	0	0	0	0	0	0	0	0	0	0	0	0	0	0	0	
860364	Supp_Motor_Area_L	13844	3264	66996	13972	124	0	11898	3752	0	0	13738	9356	3228	5948	608	7818	13634	4012	0	56852	0	0	4368	4384	0	0	0	0	16690	7538	2276	5522	11828	25714	1434	706	8072	730	1010	154	0	0	0	0	0	0	0	166	0	0	136	0	0	0	250	0	5852	560	80	0	0	0	0	0	0	0	0	130	22236	1710	3998	15700	24650	2438	7260	0	11582	3858	1338	0	7086	0	1218	0	110	0	0	0	212	0	0	0	0	0	0	0	0	0	0	0	0	0	0	0	0	0	0	0	0	142	0	0	0	0	0	0	
825936	Supp_Motor_Area_R	450	11092	7410	66308	0	0	718	17274	0	0	596	15666	456	4786	144	4274	186	11974	56852	0	0	0	1154	9972	0	0	0	0	1008	12866	756	6452	9150	56626	780	2514	354	7264	0	1890	0	0	0	242	0	118	0	106	0	92	0	776	0	0	0	646	192	3572	0	206	0	302	0	138	0	180	0	2592	4278	29130	1156	19284	494	7742	346	1312	2442	22622	0	524	0	136	202	0	0	2146	0	0	0	3020	0	0	0	0	0	0	0	0	0	0	0	0	0	0	0	0	0	0	0	0	0	0	0	0	0	0	
60936	Olfactory_L	0	0	0	0	1780	864	0	0	0	0	0	0	0	0	2194	226	0	0	0	0	0	3708	0	0	0	0	906	936	2788	0	1982	322	0	0	0	0	84	0	162	0	830	0	0	0	0	0	0	0	0	0	0	0	0	0	0	0	0	0	0	0	0	0	0	0	0	0	0	0	0	0	5128	3054	3220	1640	298	0	0	0	0	0	0	0	346	0	0	0	0	0	0	0	0	0	0	0	0	0	0	0	0	0	0	0	0	0	0	0	0	0	0	0	0	0	0	0	0	0	
78596	Olfactory_R	0	0	0	264	0	2674	0	0	0	262	0	0	0	0	0	2054	0	0	0	0	3708	0	0	0	0	788	0	4484	0	2430	2358	2214	0	0	0	0	0	0	0	0	0	306	0	0	0	0	0	0	0	0	0	0	0	0	0	0	0	0	0	0	0	0	0	0	0	0	0	0	0	0	4916	6758	2738	2932	326	0	0	0	0	0	0	0	0	86	0	0	0	0	0	0	0	0	0	0	0	0	0	0	0	0	0	0	0	0	0	0	0	0	0	0	0	0	0	0	0	0	
306500	Frontal_Sup_Medial_L	0	0	46732	8344	3268	0	22148	234	286	0	454	330	488	684	306	732	0	0	4368	1154	0	0	0	13480	1246	0	240	0	784	344	19352	8750	8918	7870	0	0	0	0	0	0	0	0	0	0	0	0	0	0	0	0	0	0	0	0	0	0	0	0	0	0	0	0	0	0	0	0	0	0	0	0	758	272	1708	0	0	0	0	0	0	0	0	0	0	0	0	0	0	0	0	0	0	0	0	0	0	0	0	0	0	0	0	0	0	0	0	0	0	0	0	0	0	0	0	0	0	0	
253244	Frontal_Sup_Medial_R	0	540	478	35520	0	1404	204	3894	0	0	0	1928	0	686	0	698	0	0	4384	9972	0	0	13480	0	98	3428	0	414	0	358	8112	22868	374	16610	0	0	0	0	0	0	0	0	0	0	0	0	0	0	0	0	0	0	0	0	0	0	0	0	0	0	0	0	0	0	0	0	0	0	0	0	0	902	0	270	0	0	0	0	0	0	0	0	0	0	0	0	0	0	0	0	0	0	0	0	0	0	0	0	0	0	0	0	0	0	0	0	0	0	0	0	0	0	0	0	0	0	
19788	Frontal_Med_Orb_L	0	0	198	0	3330	0	0	0	104	0	0	0	0	0	90	0	0	0	0	0	0	0	1246	98	0	378	1134	0	0	0	2722	134	0	0	0	0	0	0	0	0	0	0	0	0	0	0	0	0	0	0	0	0	0	0	0	0	0	0	0	0	0	0	0	0	0	0	0	0	0	0	256	0	204	0	0	0	0	0	0	0	0	0	0	0	0	0	0	0	0	0	0	0	0	0	0	0	0	0	0	0	0	0	0	0	0	0	0	0	0	0	0	0	0	0	0	0	
47056	Frontal_Med_Orb_R	0	0	0	3348	0	3986	0	0	0	0	0	0	0	0	0	104	0	0	0	0	0	788	0	3428	378	0	0	3736	0	0	1862	4404	0	0	0	0	0	0	0	0	0	0	0	0	0	0	0	0	0	0	0	0	0	0	0	0	0	0	0	0	0	0	0	0	0	0	0	0	0	0	0	1028	0	466	0	0	0	0	0	0	0	0	0	0	0	0	0	0	0	0	0	0	0	0	0	0	0	0	0	0	0	0	0	0	0	0	0	0	0	0	0	0	0	0	0	0	
42124	Rectus_L	0	0	588	0	7028	0	0	0	1400	0	0	0	0	0	2368	0	0	0	0	0	906	0	240	0	1134	0	0	0	1200	0	2180	492	0	0	0	0	0	0	0	0	134	0	0	0	0	0	0	0	0	0	0	0	0	0	0	0	0	0	0	0	0	0	0	0	0	0	0	0	0	0	1764	0	1628	0	0	0	0	0	0	0	0	0	0	0	0	0	0	0	0	0	0	0	0	0	0	0	0	0	0	0	0	0	0	0	0	0	0	0	0	0	0	0	0	0	0	0	
59716	Rectus_R	0	0	0	1900	0	7260	0	0	0	700	0	0	0	0	0	1610	0	0	0	0	936	4484	0	414	0	3736	0	0	0	1024	848	2128	0	0	0	0	0	0	0	0	0	112	0	0	0	0	0	0	0	0	0	0	0	0	0	0	0	0	0	0	0	0	0	0	0	0	0	0	0	0	570	2774	366	914	82	0	0	0	0	0	0	0	0	0	0	0	0	0	0	0	0	0	0	0	0	0	0	0	0	0	0	0	0	0	0	0	0	0	0	0	0	0	0	0	0	0	
508588	Insula_L	9748	0	23106	0	3310	0	12034	0	1722	0	14142	0	20766	2770	15866	5780	15106	0	16690	1008	2788	0	784	0	0	0	1200	0	0	0	3878	168	156	0	286	0	19294	0	772	0	4608	0	0	0	0	0	84	0	0	0	1074	0	0	0	3360	0	4060	0	594	0	402	0	140	0	530	0	410	0	2218	214	11390	5146	21804	86	88	0	320	1068	8434	0	9824	0	3218	0	714	0	0	0	3134	0	0	0	0	0	0	0	0	0	0	0	0	0	0	0	0	0	0	0	0	0	0	0	0	0	0	0	
307992	Insula_R	0	3446	4230	6604	0	574	1800	3628	0	326	2926	17634	856	9912	0	11388	676	11052	7538	12866	0	2430	344	358	0	0	0	1024	0	0	528	2036	620	5584	0	0	0	5818	0	1966	0	2184	0	0	0	0	0	0	0	0	0	0	0	0	0	2836	0	462	0	226	0	238	0	0	0	0	0	0	0	0	418	2274	82	16426	0	108	0	270	0	1048	0	4344	634	1386	0	2036	0	0	0	2860	0	0	0	0	0	0	0	0	0	0	0	0	0	0	0	0	0	0	0	0	0	0	0	0	0	0	
286108	Cingulum_Ant_L	114	0	18444	10990	5070	1160	6610	528	672	0	878	374	2622	1018	3246	1232	0	0	2276	756	1982	2358	19352	8112	2722	1862	2180	848	3878	528	0	20786	5192	2258	472	0	0	0	0	0	0	0	0	0	0	0	0	0	0	0	0	0	0	0	0	0	0	0	0	0	0	0	0	0	0	0	0	0	0	0	6010	2994	4288	1124	118	0	0	0	0	0	0	0	0	0	0	0	0	0	0	0	0	0	0	0	0	0	0	0	0	0	0	0	0	0	0	0	0	0	0	0	0	0	0	0	0	0	
315940	Cingulum_Ant_R	0	0	2876	27664	0	2686	1320	3226	0	106	312	1252	198	2756	0	3146	0	0	5522	6452	322	2214	8750	22868	134	4404	492	2128	168	2036	20786	0	2366	21200	0	0	0	270	0	0	0	0	0	0	0	0	0	0	0	0	0	0	0	0	0	0	0	0	0	0	0	0	0	0	0	0	0	0	0	0	1506	7160	372	3192	0	0	0	0	0	0	0	0	86	0	0	0	0	0	0	0	0	0	0	0	0	0	0	0	0	0	0	0	0	0	0	0	0	0	0	0	0	0	0	0	0	0	
161056	Cingulum_Mid_L	898	0	8542	708	0	0	3004	436	0	0	296	590	138	614	0	304	0	0	11828	9150	0	0	8918	374	0	0	0	0	156	620	5192	2366	0	11876	3200	508	0	0	0	0	0	0	0	0	0	0	0	0	254	0	402	0	0	0	0	0	310	0	84	0	0	0	0	0	0	0	1626	362	4266	1614	0	1450	0	0	0	0	86	356	0	0	0	0	0	0	0	0	0	0	0	0	0	0	0	0	0	0	0	0	0	0	0	0	0	0	0	0	0	0	0	0	0	0	0	0	0	0	
478008	Cingulum_Mid_R	0	1562	1786	19826	0	0	980	7352	0	0	152	10612	0	4466	0	2318	0	730	25714	56626	0	0	7870	16610	0	0	0	0	0	5584	2258	21200	11876	0	418	3258	0	620	0	148	0	0	0	1306	0	2838	0	0	0	2102	0	1544	0	0	0	90	0	1542	0	312	0	212	0	0	0	332	556	10364	1516	11612	0	474	0	784	0	0	0	0	0	0	0	0	0	0	0	886	0	0	0	568	0	0	0	0	0	0	0	0	0	0	0	0	0	0	0	0	0	0	0	0	0	0	0	0	0	0	
86452	Cingulum_Post_L	2878	104	0	234	0	0	112	86	0	0	0	0	0	0	0	0	0	0	1434	780	0	0	0	0	0	0	0	0	286	0	472	0	3200	418	0	3864	3348	1568	574	106	0	0	2986	0	1294	0	982	116	350	0	1406	0	0	0	278	0	334	0	636	0	228	0	0	0	0	0	5570	528	5074	0	0	0	330	152	0	0	2734	570	194	0	0	0	0	0	0	0	0	0	0	0	0	0	0	0	0	0	0	0	0	0	0	0	0	0	0	0	0	0	0	0	0	0	0	0	0	0	
74268	Cingulum_Post_R	0	158	0	348	0	0	0	108	0	0	0	0	0	0	0	0	0	0	706	2514	0	0	0	0	0	0	0	0	0	0	0	0	508	3258	3864	0	1954	4032	0	482	0	0	0	260	0	158	0	862	0	0	0	314	0	0	0	0	0	238	0	0	0	0	0	0	0	0	206	6584	1886	1704	0	0	86	236	0	0	3590	2246	0	0	0	0	0	0	0	376	0	0	0	324	0	0	0	0	0	0	0	0	0	0	0	0	0	0	0	0	0	0	0	0	132	0	0	0	0	0	
258164	Hippocampus_L	10472	100	7416	308	0	0	2196	86	0	0	228	0	0	0	0	0	2450	0	8072	354	84	0	0	0	0	0	0	0	19294	0	0	0	0	0	3348	1954	0	1662	8578	168	6932	0	528	0	0	0	1440	278	0	0	232	0	148	0	7788	0	950	0	0	0	0	0	0	0	0	0	1338	290	7150	0	0	128	14432	156	1474	0	4990	680	5000	0	2614	0	330	0	596	0	0	0	4668	0	0	0	0	0	82	0	0	0	0	0	0	0	0	0	0	0	0	0	0	88	0	0	0	0	0	0	
273856	Hippocampus_R	0	5544	0	8490	0	0	0	5652	0	0	0	280	0	208	0	0	0	1200	730	7264	0	0	0	0	0	0	0	0	0	5818	0	270	0	620	1568	4032	1662	0	92	21028	0	11114	0	256	0	100	0	2058	0	0	0	112	0	0	0	16426	0	268	0	0	0	162	0	316	0	0	0	2854	1508	238	0	0	244	15188	0	476	2032	4766	0	124	0	658	0	400	0	3488	0	152	0	9218	0	0	0	0	0	0	0	192	0	0	0	0	0	0	0	0	0	0	0	0	120	0	0	0	0	0	
58780	ParaHippocampal_L	240	0	312	0	0	0	0	0	0	0	0	0	0	0	102	0	0	0	1010	0	162	0	0	0	0	0	0	0	772	0	0	0	0	0	574	0	8578	92	0	0	1728	0	370	0	0	0	2770	0	0	0	1068	0	1346	0	3234	0	0	0	0	0	0	0	0	0	0	0	1012	0	920	0	132	0	1586	0	136	0	346	0	136	0	120	0	106	0	962	0	0	0	850	0	0	0	0	0	174	86	88	0	0	0	0	0	0	0	0	0	0	0	136	242	0	0	0	0	0	0	
131780	ParaHippocampal_R	0	0	0	1918	0	0	0	782	0	0	0	0	0	176	0	0	0	466	154	1890	0	0	0	0	0	0	0	0	0	1966	0	0	0	148	106	482	168	21028	0	0	0	5828	0	528	0	132	0	3608	0	0	0	160	0	0	0	12770	0	0	0	0	0	0	0	0	0	0	0	1606	130	0	0	0	0	6546	0	366	130	776	0	0	0	0	0	966	0	132	0	708	0	1746	0	0	0	0	0	0	0	390	0	84	0	0	0	0	0	0	0	0	0	0	0	0	0	0	0	0	
41144	Amygdala_L	0	0	0	0	328	0	0	0	0	0	0	0	0	0	542	0	0	0	0	0	830	0	0	0	0	0	134	0	4608	0	0	0	0	0	0	0	6932	0	1728	0	0	0	0	0	0	0	0	0	0	0	0	0	0	0	2500	0	0	0	0	0	0	0	0	0	0	0	0	0	0	0	364	0	1350	0	0	0	0	0	0	0	0	0	578	0	0	0	0	0	678	0	0	0	0	0	0	0	0	0	0	0	0	0	0	0	0	0	0	0	0	0	0	0	0	0	0	0	
64312	Amygdala_R	0	0	0	0	0	106	0	0	0	108	0	0	0	0	0	1258	0	0	0	0	0	306	0	0	0	0	0	112	0	2184	0	0	0	0	0	0	0	11114	0	5828	0	0	0	0	0	0	0	0	0	0	0	0	0	0	0	5066	0	0	0	0	0	0	0	0	0	0	0	0	0	0	0	244	0	2676	0	0	0	158	0	0	0	0	0	996	0	602	0	266	0	1132	0	0	0	0	0	0	0	0	0	0	0	0	0	0	0	0	0	0	0	0	0	0	0	0	0	0	
205484	Calcarine_L	704	0	0	0	0	0	0	0	0	0	0	0	0	0	0	0	646	0	0	0	0	0	0	0	0	0	0	0	0	0	0	0	0	0	2986	0	528	0	370	0	0	0	0	3784	22274	2796	10860	1154	11248	1088	16534	618	2070	182	998	0	986	0	544	0	1632	0	1054	0	578	0	17422	228	342	0	0	0	0	0	0	0	0	0	0	0	154	0	0	0	478	0	0	0	484	0	0	0	0	0	0	0	0	0	0	0	0	0	0	0	0	0	0	0	0	0	0	0	0	0	0	0	
246324	Calcarine_R	0	0	0	0	0	0	0	0	0	0	0	0	0	0	0	0	0	0	0	242	0	0	0	0	0	0	0	0	0	0	0	0	0	1306	0	260	0	256	0	528	0	0	3784	0	3200	23030	604	12266	0	24320	0	22136	0	5986	0	4446	0	0	0	4226	0	0	0	0	0	214	1012	11046	0	256	0	0	0	0	0	0	0	0	0	0	0	0	0	0	0	2868	0	0	0	862	0	136	0	0	0	0	0	0	0	96	0	0	0	0	0	0	0	0	0	0	82	0	0	0	0	0	
179592	Cuneus_L	650	0	0	0	0	0	0	0	0	0	0	0	0	0	0	0	566	0	0	0	0	0	0	0	0	0	0	0	0	0	0	0	0	0	1294	0	0	0	0	0	0	0	22274	3200	0	5212	2596	0	19242	1316	10662	382	390	0	222	0	928	0	1008	250	1502	0	996	0	488	0	14058	1452	262	0	0	0	0	0	0	0	0	0	0	0	140	0	0	0	356	0	0	0	350	0	0	0	0	0	0	0	0	0	0	0	0	0	0	0	0	0	0	0	0	0	0	0	0	0	0	0	
221092	Cuneus_R	0	0	0	0	0	0	0	0	0	0	0	0	0	0	0	0	0	0	0	118	0	0	0	0	0	0	0	0	0	0	0	0	0	2838	0	158	0	100	0	132	0	0	2796	23030	5212	0	104	1274	170	28168	0	14498	0	444	0	174	0	166	82	6258	0	0	0	0	0	0	5126	18852	0	168	0	0	0	0	0	0	0	0	0	0	0	0	0	0	0	448	0	0	0	230	0	0	0	0	0	0	0	0	0	0	0	0	0	0	0	0	0	0	0	0	0	0	0	0	0	0	
193480	Lingual_L	118	0	0	0	0	0	0	0	0	0	0	0	0	0	0	0	102	0	0	0	0	0	0	0	0	0	0	0	84	0	0	0	0	0	982	0	1440	0	2770	0	0	0	10860	604	2596	104	0	1940	2280	108	21286	0	10652	0	10628	510	0	0	0	0	0	0	0	0	94	0	5380	0	176	0	0	0	88	0	0	0	0	0	0	0	0	0	0	0	1690	0	0	0	1162	0	2646	530	0	0	0	0	4608	726	7482	1460	0	0	0	0	0	0	0	0	0	0	1524	2110	0	0	0	0	
210336	Lingual_R	0	0	0	0	0	0	0	0	0	0	0	0	0	0	0	0	0	0	166	106	0	0	0	0	0	0	0	0	0	0	0	0	0	0	116	862	278	2058	0	3608	0	0	1154	12266	0	1274	1940	0	0	2078	0	3578	0	6152	732	17780	0	0	0	0	0	0	0	0	0	0	0	3800	196	0	0	0	238	0	0	0	190	358	0	0	0	0	0	0	0	112	0	0	0	398	1290	5376	0	286	0	0	2628	8576	3700	10508	0	0	0	0	108	0	0	0	0	114	7994	4638	372	0	0	138	
148696	Occipital_Sup_L	0	0	0	0	0	0	0	0	0	0	0	0	0	0	0	0	0	0	0	0	0	0	0	0	0	0	0	0	0	0	0	0	254	0	350	0	0	0	0	0	0	0	11248	0	19242	170	2280	0	0	0	25182	0	268	0	106	0	0	0	5922	0	236	0	0	0	0	0	7940	1150	0	0	0	0	0	0	0	0	0	0	0	0	0	0	0	0	0	0	0	0	0	0	0	0	0	0	0	0	0	0	0	0	0	0	0	0	0	0	0	0	0	0	0	0	0	0	0	0	
235256	Occipital_Sup_R	0	0	0	0	0	0	0	0	0	0	0	0	0	0	0	0	0	0	0	92	0	0	0	0	0	0	0	0	0	0	0	0	0	2102	0	0	0	0	0	0	0	0	1088	24320	1316	28168	108	2078	0	0	0	28140	0	736	0	0	0	356	0	11404	0	368	0	0	0	3592	1230	11306	0	110	0	0	0	0	0	0	0	0	0	0	0	0	0	0	0	1114	0	0	0	0	0	0	0	0	0	0	0	0	0	0	0	0	0	0	0	0	0	0	0	0	0	0	0	0	0	0	
399596	Occipital_Mid_L	1820	0	162	0	0	0	532	0	0	0	0	0	0	0	0	0	472	0	136	0	0	0	0	0	0	0	0	0	1074	0	0	0	402	0	1406	0	232	0	1068	0	0	0	16534	0	10662	0	21286	0	25182	0	0	0	25026	0	10474	0	4198	0	14708	0	12468	0	948	0	19004	0	13572	0	3444	0	0	0	0	0	0	0	0	0	326	0	534	0	0	0	8942	0	0	0	3430	0	1054	0	0	0	0	0	0	0	702	0	0	0	0	0	0	0	0	0	0	0	0	0	0	0	0	0	
251992	Occipital_Mid_R	0	0	0	0	0	0	0	0	0	0	0	0	0	0	0	0	0	0	0	776	0	0	0	0	0	0	0	0	0	0	0	0	0	1544	0	314	0	112	0	160	0	0	618	22136	382	14498	0	3578	0	28140	0	0	0	5754	0	1662	0	152	0	8656	0	4720	0	0	0	16748	174	7414	0	772	0	0	0	0	0	0	0	0	0	0	0	0	0	0	0	6362	0	0	0	1324	0	0	0	0	0	0	0	0	0	0	0	0	0	0	0	0	0	0	0	0	0	0	0	0	0	0	
131840	Occipital_Inf_L	0	0	0	0	0	0	0	0	0	0	0	0	0	0	0	0	0	0	0	0	0	0	0	0	0	0	0	0	0	0	0	0	0	0	0	0	148	0	1346	0	0	0	2070	0	390	0	10652	0	268	0	25026	0	0	0	11456	0	0	0	0	0	0	0	0	0	374	0	646	0	0	0	0	0	0	0	0	0	0	0	204	0	138	0	0	0	4844	0	0	0	5616	0	1610	0	0	0	0	0	0	0	1132	0	0	0	0	0	0	0	0	0	0	0	0	0	0	0	0	0	
62820	Occipital_Inf_R	0	0	0	0	0	0	0	0	0	0	0	0	0	0	0	0	0	0	0	0	0	0	0	0	0	0	0	0	0	0	0	0	0	0	0	0	0	0	0	0	0	0	182	5986	0	444	0	6152	0	736	0	5754	0	0	0	7302	0	0	0	162	0	0	0	0	0	396	0	244	0	0	0	0	0	0	0	0	0	0	0	0	0	166	0	0	0	730	0	0	0	2288	0	550	0	0	0	0	0	0	0	168	0	0	0	0	0	0	0	0	0	0	150	0	0	0	0	0	
238820	Fusiform_L	0	0	250	0	0	0	0	0	0	0	112	0	0	0	0	0	320	0	250	0	0	0	0	0	0	0	0	0	3360	0	0	0	0	0	278	0	7788	0	3234	0	2500	0	998	0	222	0	10628	732	106	0	10474	0	11456	0	0	478	0	0	0	0	0	0	0	0	0	0	580	0	0	0	0	0	1348	0	0	0	136	0	0	0	1666	0	946	0	1810	0	688	0	9948	0	12880	438	0	0	168	0	11810	950	18532	892	0	0	0	0	0	0	0	0	0	0	2166	946	320	0	0	0	
270836	Fusiform_R	0	0	0	400	0	0	0	246	0	0	0	0	0	0	0	0	0	184	0	646	0	0	0	0	0	0	0	0	0	2836	0	0	0	90	0	0	0	16426	0	12770	0	5066	0	4446	0	174	510	17780	0	0	0	1662	0	7302	478	0	0	0	0	0	0	0	0	0	0	436	0	420	0	160	0	0	0	4424	0	158	0	328	0	0	0	1878	0	2904	0	1990	0	964	0	11506	1082	6482	0	0	0	118	2116	7852	2284	12204	0	0	0	86	110	0	0	0	0	0	4470	2134	296	0	0	0	
269604	Postcentral_L	27618	0	10062	108	0	0	2762	0	0	0	2274	0	0	0	0	0	10406	0	5852	192	0	0	0	0	0	0	0	0	4060	0	0	0	310	0	334	0	950	0	0	0	0	0	986	0	928	0	0	0	0	0	4198	0	0	0	0	0	0	0	8374	0	22170	0	11014	0	2210	0	4532	0	7786	0	0	386	214	0	0	0	0	408	1988	0	3458	0	0	0	772	0	0	0	450	0	0	0	0	0	0	0	0	0	0	0	0	0	0	0	0	0	0	0	0	0	0	0	0	0	0	0	
122944	Postcentral_R	0	14000	0	3716	0	0	0	2902	0	0	0	262	0	0	0	0	0	3156	560	3572	0	0	0	0	0	0	0	0	0	462	0	0	0	1542	0	238	0	268	0	0	0	0	0	0	0	166	0	0	0	356	0	152	0	0	0	0	0	0	0	7152	0	5426	0	7938	0	246	0	2720	0	3548	0	0	0	118	0	0	0	0	0	0	0	530	0	0	0	982	0	0	0	1460	0	0	0	0	0	0	0	0	0	0	0	0	0	0	0	0	0	0	0	0	0	0	0	0	0	0	
137028	Parietal_Sup_L	1034	0	100	0	0	0	382	0	0	0	0	0	0	0	0	0	92	0	80	0	0	0	0	0	0	0	0	0	594	0	0	0	84	0	636	0	0	0	0	0	0	0	544	0	1008	82	0	0	5922	0	14708	0	0	0	0	0	8374	0	0	0	13420	0	388	0	2734	0	15202	608	2522	0	0	0	0	0	0	0	0	0	0	0	0	0	0	0	0	0	0	0	0	0	0	0	0	0	0	0	0	0	0	0	0	0	0	0	0	0	0	0	0	0	0	0	0	0	0	0	
147284	Parietal_Sup_R	0	962	0	120	0	0	0	296	0	0	0	0	0	0	0	0	0	0	0	206	0	0	0	0	0	0	0	0	0	226	0	0	0	312	0	0	0	0	0	0	0	0	0	4226	250	6258	0	0	0	11404	0	8656	0	162	0	0	0	7152	0	0	0	10476	0	3114	0	7852	698	9500	0	366	0	0	0	0	0	0	0	0	0	0	0	0	0	0	0	1282	0	0	0	124	0	0	0	0	0	0	0	0	0	0	0	0	0	0	0	0	0	0	0	0	0	0	0	0	0	0	
205284	Parietal_Inf_L	856	0	100	0	0	0	262	0	0	0	0	0	0	0	0	0	192	0	0	0	0	0	0	0	0	0	0	0	402	0	0	0	0	0	228	0	0	0	0	0	0	0	1632	0	1502	0	0	0	236	0	12468	0	0	0	0	0	22170	0	13420	0	0	0	15134	0	21450	0	4058	0	2292	0	0	0	0	0	0	0	0	0	0	0	580	0	0	0	3740	0	0	0	1920	0	0	0	0	0	0	0	0	0	0	0	0	0	0	0	0	0	0	0	0	0	0	0	0	0	0	0	
113504	Parietal_Inf_R	0	1696	0	270	0	0	0	514	0	0	0	0	0	0	0	0	0	0	0	302	0	0	0	0	0	0	0	0	0	238	0	0	0	212	0	0	0	162	0	0	0	0	0	0	0	0	0	0	0	368	0	4720	0	0	0	0	0	5426	0	10476	0	0	0	12572	0	13136	0	104	0	108	0	0	0	0	0	0	0	0	0	0	0	1026	0	0	0	5124	0	0	0	298	0	0	0	0	0	0	0	0	0	0	0	0	0	0	0	0	0	0	0	0	0	0	0	0	0	0	
119792	SupraMarginal_L	134	0	102	0	0	0	0	0	0	0	0	0	0	0	0	0	2260	0	0	0	0	0	0	0	0	0	0	0	140	0	0	0	0	0	0	0	0	0	0	0	0	0	1054	0	996	0	0	0	0	0	948	0	0	0	0	0	11014	0	388	0	15134	0	0	0	8616	0	998	0	210	0	0	0	0	0	0	0	0	0	362	0	5376	0	0	0	9630	0	0	0	2534	0	0	0	0	0	0	0	0	0	0	0	0	0	0	0	0	0	0	0	0	0	0	0	0	0	0	0	
94744	SupraMarginal_R	0	1050	0	164	0	0	0	314	0	0	0	0	0	0	0	0	0	2416	0	138	0	0	0	0	0	0	0	0	0	0	0	0	0	0	0	0	0	316	0	0	0	0	0	0	0	0	0	0	0	0	0	0	0	0	0	0	0	7938	0	3114	0	12572	0	0	0	4694	0	0	0	0	0	0	0	0	0	0	0	0	0	0	0	5364	0	0	0	8626	0	0	0	666	0	0	0	0	0	0	0	0	0	0	0	0	0	0	0	0	0	0	0	0	0	0	0	0	0	0	
150180	Angular_L	482	0	114	0	0	0	164	0	0	0	0	0	0	0	0	0	352	0	0	0	0	0	0	0	0	0	0	0	530	0	0	0	0	0	0	0	0	0	0	0	0	0	578	0	488	0	94	0	0	0	19004	0	374	0	0	0	2210	0	2734	0	21450	0	8616	0	0	0	1252	0	1844	0	0	0	0	0	0	0	0	0	88	0	1806	0	0	0	9964	0	0	0	2946	0	0	0	0	0	0	0	0	0	0	0	0	0	0	0	0	0	0	0	0	0	0	0	0	0	0	0	
126952	Angular_R	0	0	0	0	0	0	0	0	0	0	0	0	0	0	0	0	0	0	0	180	0	0	0	0	0	0	0	0	0	0	0	0	0	332	0	0	0	0	0	0	0	0	0	214	0	0	0	0	0	3592	0	16748	0	396	0	436	0	246	0	7852	0	13136	0	4694	0	0	0	726	0	152	0	0	0	0	0	0	0	0	0	0	0	2368	0	0	0	10986	0	0	0	1418	0	0	0	0	0	0	0	0	0	0	0	0	0	0	0	0	0	0	0	0	0	0	0	0	0	0	
240052	Precuneus_L	1080	0	0	0	0	0	218	0	0	0	0	0	0	0	0	0	612	0	0	0	0	0	0	0	0	0	0	0	410	0	0	0	1626	556	5570	206	1338	0	1012	0	0	0	17422	1012	14058	5126	5380	0	7940	1230	13572	174	646	0	580	0	4532	0	15202	698	4058	0	998	0	1252	0	0	9092	3548	0	0	0	0	0	0	0	80	0	0	0	202	0	0	0	304	0	0	0	292	0	0	0	0	0	0	0	0	0	0	0	0	0	0	0	0	0	0	0	0	0	0	0	0	0	0	0	
224840	Precuneus_R	0	220	0	0	0	0	0	0	0	0	0	0	0	0	0	0	0	0	130	2592	0	0	0	0	0	0	0	0	0	0	0	0	362	10364	528	6584	290	2854	0	1606	0	0	228	11046	1452	18852	0	3800	1150	11306	0	7414	0	244	0	420	0	2720	608	9500	0	104	0	0	0	726	9092	0	380	3404	0	0	0	0	0	0	300	312	0	0	0	0	0	0	0	2566	0	0	0	1062	0	0	0	0	0	0	0	0	0	0	0	0	0	0	0	0	0	0	0	0	204	0	0	0	0	0	
219636	Paracentral_Lobule_L	13464	90	756	202	0	0	270	0	0	0	0	0	0	0	0	0	522	0	22236	4278	0	0	0	0	0	0	0	0	2218	0	0	0	4266	1516	5074	1886	7150	1508	920	130	0	0	342	0	262	0	176	196	0	0	3444	0	0	0	0	0	7786	0	2522	0	2292	0	210	0	1844	0	3548	380	0	2764	616	236	4740	112	686	0	8956	806	750	0	184	0	0	0	214	0	0	0	124	0	0	0	0	0	0	0	0	0	0	0	0	0	0	0	0	0	0	0	0	142	0	0	0	0	0	0	
142644	Paracentral_Lobule_R	108	2572	0	154	0	0	0	0	0	0	0	0	132	0	0	0	0	0	1710	29130	0	0	0	0	0	0	0	0	214	0	0	0	1614	11612	0	1704	0	238	0	0	0	0	0	256	0	168	0	0	0	110	0	772	0	0	0	160	0	3548	0	366	0	108	0	0	0	152	0	3404	2764	0	528	1502	0	0	0	0	706	2808	0	0	0	0	0	0	0	2000	0	0	0	2782	0	0	0	0	0	0	0	0	0	0	0	0	0	0	0	0	0	0	0	0	0	0	0	0	0	0	
187152	Caudate_L	254	0	3178	166	1532	544	3360	0	160	0	3254	270	6750	1106	2870	3060	344	0	3998	1156	5128	4916	758	0	256	0	1764	570	11390	418	6010	1506	0	0	0	0	0	0	132	0	364	0	0	0	0	0	0	0	0	0	0	0	0	0	0	0	0	0	0	0	0	0	0	0	0	0	0	0	616	528	0	9528	11260	2180	678	0	1776	1688	0	0	0	0	108	0	0	0	0	0	0	0	0	0	0	0	0	0	0	0	0	0	0	0	0	0	0	0	0	0	0	0	0	0	0	0	0	0	
386972	Caudate_R	468	142	7400	7000	0	2530	2688	494	0	788	6070	626	3100	4802	272	22556	1012	1432	15700	19284	3054	6758	272	902	0	1028	0	2774	5146	2274	2994	7160	1450	474	0	0	128	0	0	0	0	244	0	0	0	0	0	0	0	0	0	0	0	0	0	0	386	0	0	0	0	0	0	0	0	0	0	0	236	1502	9528	0	4066	14148	756	998	1214	28578	80	0	0	0	972	0	0	0	0	0	0	0	0	0	0	0	0	0	0	0	0	0	0	0	0	0	0	0	0	0	0	0	0	0	0	0	0	0	
321332	Putamen_L	4972	0	16838	102	3052	376	2966	0	2242	0	408	0	3196	0	8716	312	1936	0	24650	494	3220	2738	1708	0	204	0	1628	366	21804	82	4288	372	0	0	330	86	14432	244	1586	0	1350	0	0	0	0	0	88	238	0	0	0	0	0	0	1348	0	214	0	0	0	0	0	0	0	0	0	0	0	4740	0	11260	4066	0	1278	8854	0	966	492	318	0	1400	0	200	0	0	0	0	0	506	0	0	0	0	0	0	0	0	0	0	0	0	0	0	0	0	0	0	0	0	0	0	0	0	0	0	0	
235348	Putamen_R	0	768	608	6158	0	1098	224	3108	0	816	992	2254	0	578	0	5350	494	5152	2438	7742	1640	2932	0	270	0	466	0	914	86	16426	1124	3192	0	784	152	236	156	15188	0	6546	0	2676	0	0	0	0	0	0	0	0	0	0	0	0	0	4424	0	118	0	0	0	0	0	0	0	0	0	0	112	0	2180	14148	1278	0	0	1910	204	828	0	576	0	176	436	0	0	88	0	0	0	628	0	0	0	0	0	0	0	0	0	0	0	0	0	0	0	0	0	0	0	0	0	0	0	0	0	0	
54308	Pallidum_L	990	0	2826	204	0	0	0	0	0	0	0	0	0	0	0	0	146	0	7260	346	298	326	0	0	0	0	0	82	88	0	118	0	0	0	0	0	1474	0	136	0	0	0	0	0	0	0	0	0	0	0	0	0	0	0	0	0	0	0	0	0	0	0	0	0	0	0	0	0	686	0	678	756	8854	0	0	0	1278	608	0	0	0	0	0	0	0	0	0	0	0	0	0	0	0	0	0	0	0	0	0	0	0	0	0	0	0	0	0	0	0	0	0	0	0	0	0	0	
14688	Pallidum_R	0	0	0	1232	0	0	0	114	0	0	0	0	0	0	0	0	0	670	0	1312	0	0	0	0	0	0	0	0	0	108	0	0	0	0	0	0	0	476	0	366	0	0	0	0	0	0	0	0	0	0	0	0	0	0	0	158	0	0	0	0	0	0	0	0	0	0	0	0	0	0	0	998	0	1910	0	0	0	0	0	0	0	0	0	0	0	0	0	0	0	0	0	0	0	0	0	0	0	0	0	0	0	0	0	0	0	0	0	0	0	0	0	0	0	0	0	0	
100496	Thalamus_L	502	138	156	1312	0	0	112	94	0	0	0	0	0	0	0	0	0	0	11582	2442	0	0	0	0	0	0	0	0	320	0	0	0	86	0	2734	3590	4990	2032	346	130	0	0	0	0	0	0	0	190	0	0	0	0	0	0	136	0	0	0	0	0	0	0	0	0	0	0	80	300	8956	706	1776	1214	966	204	1278	0	0	3576	164	0	0	0	0	0	0	0	0	0	0	0	0	0	0	0	0	0	0	0	0	0	0	0	0	0	0	0	0	0	0	136	0	0	0	0	0	0	
186380	Thalamus_R	320	336	336	11588	0	0	288	224	0	0	198	90	410	0	174	800	0	0	3858	22622	0	0	0	0	0	0	0	0	1068	270	0	0	356	0	570	2246	680	4766	0	776	0	158	0	0	0	0	0	358	0	0	0	0	0	0	0	328	408	0	0	0	0	0	0	0	0	0	0	312	806	2808	1688	28578	492	828	608	0	3576	0	0	0	0	0	0	0	0	0	0	0	0	266	0	0	0	0	0	0	0	0	0	0	0	0	0	0	0	0	0	0	0	0	0	0	0	0	0	0	
84860	Heschl_L	3192	0	3036	0	0	0	1472	0	0	0	754	0	0	0	0	0	3876	0	1338	0	0	0	0	0	0	0	0	0	8434	0	0	0	0	0	194	0	5000	0	136	0	0	0	0	0	0	0	0	0	0	0	326	0	204	0	0	0	1988	0	0	0	0	0	362	0	88	0	0	0	750	0	0	80	318	0	0	0	164	0	0	0	3998	0	0	0	3600	0	0	0	3120	0	0	0	0	0	0	0	0	0	0	0	0	0	0	0	0	0	0	0	0	0	0	0	0	0	0	0	
16092	Heschl_R	0	208	0	342	0	0	0	310	0	0	0	298	0	0	0	0	0	2488	0	524	0	0	0	0	0	0	0	0	0	1048	0	0	0	0	0	0	0	124	0	0	0	0	0	0	0	0	0	0	0	0	0	0	0	0	0	0	0	0	0	0	0	0	0	0	0	0	0	0	0	0	0	0	0	576	0	0	0	0	0	0	0	1648	0	0	0	124	0	0	0	356	0	0	0	0	0	0	0	0	0	0	0	0	0	0	0	0	0	0	0	0	0	0	0	0	0	0	
247696	Temporal_Sup_L	4158	0	8360	0	0	0	382	0	0	0	8254	0	240	0	0	0	15576	0	7086	0	0	0	0	0	0	0	0	0	9824	0	0	0	0	0	0	0	2614	0	120	0	0	0	154	0	140	0	0	0	0	0	534	0	138	0	1666	0	3458	0	0	0	580	0	5376	0	1806	0	202	0	184	0	0	0	1400	0	0	0	0	0	3998	0	0	0	2340	0	27172	0	106	0	17980	0	0	0	0	0	0	0	0	0	0	0	0	0	0	0	0	0	0	0	0	0	0	0	0	0	0	0	
85588	Temporal_Sup_R	0	616	0	0	0	0	0	212	0	0	0	0	0	0	0	0	0	2234	0	136	0	0	0	0	0	0	0	0	0	4344	0	0	0	0	0	0	0	658	0	0	0	0	0	0	0	0	0	0	0	0	0	0	0	166	0	1878	0	530	0	0	0	1026	0	5364	0	2368	0	0	0	0	0	0	0	176	0	0	0	0	0	1648	0	0	0	3640	0	10916	0	214	0	6668	0	0	0	0	0	0	0	0	0	0	0	0	0	0	0	0	0	0	0	0	0	0	0	0	0	0	
86924	Temporal_Pole_Sup_L	80	0	1596	0	190	0	390	80	0	0	5396	250	1202	262	946	1028	3360	0	1218	202	346	0	0	0	0	0	0	0	3218	634	0	86	0	0	0	0	330	0	106	0	578	0	0	0	0	0	0	0	0	0	0	0	0	0	946	0	0	0	0	0	0	0	0	0	0	0	0	0	0	0	108	972	200	436	0	0	0	0	0	0	2340	0	0	0	6332	0	5652	0	4978	0	0	0	0	0	0	0	0	0	0	0	0	0	0	0	0	0	0	0	0	0	0	0	0	0	0	0	
38268	Temporal_Pole_Sup_R	0	0	0	0	0	0	0	0	0	0	0	0	0	0	0	0	0	102	0	0	0	86	0	0	0	0	0	0	0	1386	0	0	0	0	0	0	0	400	0	966	0	996	0	0	0	0	0	0	0	0	0	0	0	0	0	2904	0	0	0	0	0	0	0	0	0	0	0	0	0	0	0	0	0	0	0	0	0	0	0	0	0	3640	0	0	0	2920	0	3512	0	2222	0	0	0	0	0	0	0	0	0	0	0	0	0	0	0	0	0	0	0	0	0	0	0	0	0	0	
250948	Temporal_Mid_L	460	0	84	0	0	0	84	0	0	0	0	0	0	0	0	0	590	0	110	0	0	0	0	0	0	0	0	0	714	0	0	0	0	0	0	0	596	0	962	0	0	0	478	0	356	0	1690	0	0	0	8942	0	4844	0	1810	0	772	0	0	0	3740	0	9630	0	9964	0	304	0	214	0	0	0	0	0	0	0	0	0	3600	0	27172	0	6332	0	0	0	4180	0	37846	0	0	0	0	0	0	0	0	0	0	0	0	0	0	0	0	0	0	0	0	0	0	0	0	0	0	0	
184324	Temporal_Mid_R	0	918	0	0	0	0	0	420	0	0	0	0	0	0	0	0	0	114	0	2146	0	0	0	0	0	0	0	0	0	2036	0	0	0	886	0	376	0	3488	0	132	0	602	0	2868	0	448	0	112	0	1114	0	6362	0	730	0	1990	0	982	0	1282	0	5124	0	8626	0	10986	0	2566	0	2000	0	0	0	88	0	0	0	0	0	124	0	10916	0	2920	0	0	0	1070	0	20736	0	0	0	0	0	0	0	0	0	0	0	0	0	0	0	0	0	0	0	0	0	0	0	0	0	0	
29000	Temporal_Pole_Mid_L	0	0	0	0	0	0	0	0	0	0	0	0	0	0	0	0	0	0	0	0	0	0	0	0	0	0	0	0	0	0	0	0	0	0	0	0	0	0	0	0	0	0	0	0	0	0	0	0	0	0	0	0	0	0	688	0	0	0	0	0	0	0	0	0	0	0	0	0	0	0	0	0	0	0	0	0	0	0	0	0	106	0	5652	0	4180	0	0	0	3874	0	0	0	0	0	0	0	0	0	0	0	0	0	0	0	0	0	0	0	0	0	0	0	0	0	0	0	
15040	Temporal_Pole_Mid_R	0	0	0	0	0	0	0	0	0	0	0	0	0	0	0	0	0	0	0	0	0	0	0	0	0	0	0	0	0	0	0	0	0	0	0	0	0	152	0	708	0	266	0	0	0	0	0	0	0	0	0	0	0	0	0	964	0	0	0	0	0	0	0	0	0	0	0	0	0	0	0	0	0	0	0	0	0	0	0	0	0	214	0	3512	0	1070	0	0	0	634	0	0	0	0	0	0	0	0	0	0	0	0	0	0	0	0	0	0	0	0	0	0	0	0	0	0	
221252	Temporal_Inf_L	410	0	204	0	0	0	0	0	0	0	114	0	0	0	0	0	546	0	212	0	0	0	0	0	0	0	0	0	3134	0	0	0	0	0	0	0	4668	0	850	0	678	0	484	0	350	0	1162	0	0	0	3430	0	5616	0	9948	0	450	0	0	0	1920	0	2534	0	2946	0	292	0	124	0	0	0	506	0	0	0	0	0	3120	0	17980	0	4978	0	37846	0	3874	0	0	0	1810	0	0	0	0	0	0	0	440	0	0	0	0	0	0	0	0	0	0	0	0	0	0	0	0	0	
154512	Temporal_Inf_R	0	704	0	0	0	0	0	264	0	0	0	0	0	0	0	0	0	0	0	3020	0	0	0	0	0	0	0	0	0	2860	0	0	0	568	0	324	0	9218	0	1746	0	1132	0	862	0	230	0	398	0	0	0	1324	0	2288	0	11506	0	1460	0	124	0	298	0	666	0	1418	0	1062	0	2782	0	0	0	628	0	0	0	266	0	356	0	6668	0	2222	0	20736	0	634	0	0	0	842	0	0	0	0	0	124	0	526	0	0	0	0	0	0	0	0	0	0	0	0	0	0	0	0	
464528	Cerebelum_Crus1_L	0	0	0	0	0	0	0	0	0	0	0	0	0	0	0	0	0	0	0	0	0	0	0	0	0	0	0	0	0	0	0	0	0	0	0	0	0	0	0	0	0	0	0	0	0	0	2646	1290	0	0	1054	0	1610	0	12880	1082	0	0	0	0	0	0	0	0	0	0	0	0	0	0	0	0	0	0	0	0	0	0	0	0	0	0	0	0	0	0	0	0	1810	0	0	4288	35130	5064	2506	0	26956	1704	66066	5326	7472	1346	18306	1824	7938	254	232	0	106	442	4356	11010	7442	714	1264	146	
421132	Cerebelum_Crus1_R	0	0	0	0	0	0	0	0	0	0	0	0	0	0	0	0	0	0	0	0	0	0	0	0	0	0	0	0	0	0	0	0	0	0	0	0	0	0	0	0	0	0	0	136	0	0	530	5376	0	0	0	0	0	550	438	6482	0	0	0	0	0	0	0	0	0	0	0	0	0	0	0	0	0	0	0	0	0	0	0	0	0	0	0	0	0	0	0	0	0	842	4288	0	2314	31228	186	5308	730	24690	5838	65418	0	2062	102	19038	120	4384	0	162	224	1614	5060	13768	7496	928	1076	178	
317616	Cerebelum_Crus2_L	0	0	0	0	0	0	0	0	0	0	0	0	0	0	0	0	0	0	0	0	0	0	0	0	0	0	0	0	0	0	0	0	0	0	0	0	0	0	0	0	0	0	0	0	0	0	0	0	0	0	0	0	0	0	0	0	0	0	0	0	0	0	0	0	0	0	0	0	0	0	0	0	0	0	0	0	0	0	0	0	0	0	0	0	0	0	0	0	0	0	35130	2314	0	9450	160	0	706	0	12550	2092	26126	4668	31210	4252	10530	174	182	0	0	0	204	4764	12182	1404	710	0	
256324	Cerebelum_Crus2_R	0	0	0	0	0	0	0	0	0	0	0	0	0	0	0	0	0	0	0	0	0	0	0	0	0	0	0	0	0	0	0	0	0	0	0	0	0	0	0	0	0	0	0	0	0	0	0	286	0	0	0	0	0	0	0	0	0	0	0	0	0	0	0	0	0	0	0	0	0	0	0	0	0	0	0	0	0	0	0	0	0	0	0	0	0	0	0	0	0	0	5064	31228	9450	0	0	0	90	272	2032	8574	4096	12250	2178	26752	104	4064	0	0	0	0	190	4558	14688	1432	854	0	
34964	Cerebelum_3_L	0	0	0	0	0	0	0	0	0	0	0	0	0	0	0	0	0	0	0	0	0	0	0	0	0	0	0	0	0	0	0	0	0	0	0	0	82	0	174	0	0	0	0	0	0	0	0	0	0	0	0	0	0	0	168	0	0	0	0	0	0	0	0	0	0	0	0	0	0	0	0	0	0	0	0	0	0	0	0	0	0	0	0	0	0	0	0	0	0	0	2506	186	160	0	0	84	6058	264	4186	366	126	0	0	0	188	0	0	0	530	1066	1238	100	0	0	0	0	
48020	Cerebelum_3_R	0	0	0	0	0	0	0	0	0	0	0	0	0	0	0	0	0	0	0	0	0	0	0	0	0	0	0	0	0	0	0	0	0	0	0	0	0	0	86	0	0	0	0	0	0	0	0	0	0	0	0	0	0	0	0	118	0	0	0	0	0	0	0	0	0	0	0	0	0	0	0	0	0	0	0	0	0	0	0	0	0	0	0	0	0	0	0	0	0	0	0	5308	0	0	84	0	164	6818	0	8016	0	0	0	0	0	160	0	0	374	2156	448	192	0	0	86	0	
250912	Cerebelum_4_5_L	0	0	0	0	0	0	0	0	0	0	0	0	0	0	0	0	0	0	0	0	0	0	0	0	0	0	0	0	0	0	0	0	0	0	0	0	0	0	88	0	0	0	0	0	0	0	4608	2628	0	0	0	0	0	0	11810	2116	0	0	0	0	0	0	0	0	0	0	0	0	0	0	0	0	0	0	0	0	0	0	0	0	0	0	0	0	0	0	0	0	0	0	26956	730	706	90	6058	164	0	4068	40988	3396	414	0	636	0	2746	514	0	0	392	1272	11002	2292	0	0	570	1212	
224324	Cerebelum_4_5_R	0	0	0	0	0	0	0	0	0	0	0	0	0	0	0	0	0	0	0	0	0	0	0	0	0	0	0	0	0	0	0	0	0	0	0	0	0	192	0	390	0	0	0	0	0	0	726	8576	0	0	0	0	0	0	950	7852	0	0	0	0	0	0	0	0	0	0	0	0	0	0	0	0	0	0	0	0	0	0	0	0	0	0	0	0	0	0	0	0	0	124	1704	24690	0	272	264	6818	4068	0	3088	35646	0	0	0	0	132	250	0	0	88	1240	12308	2302	0	0	0	482	
443776	Cerebelum_6_L	0	0	0	0	0	0	0	0	0	0	0	0	0	0	0	0	0	0	0	0	0	0	0	0	0	0	0	0	0	0	0	0	0	0	0	0	0	0	0	0	0	0	0	0	0	0	7482	3700	0	0	702	0	1132	0	18532	2284	0	0	0	0	0	0	0	0	0	0	0	0	0	0	0	0	0	0	0	0	0	0	0	0	0	0	0	0	0	0	0	0	440	0	66066	5838	12550	2032	4186	0	40988	3088	0	8584	2844	344	4862	566	6118	226	180	0	118	594	7348	14484	4520	494	1384	202	
419976	Cerebelum_6_R	0	0	0	0	0	0	0	0	0	0	0	0	0	0	0	0	0	0	0	0	0	0	0	0	0	0	0	0	0	0	0	0	0	0	0	0	0	0	0	84	0	0	0	96	0	0	1460	10508	0	0	0	0	0	168	892	12204	0	0	0	0	0	0	0	0	0	0	0	0	0	0	0	0	0	0	0	0	0	0	0	0	0	0	0	0	0	0	0	0	0	526	5326	65418	2092	8574	366	8016	3396	35646	8584	0	0	158	0	2632	168	2630	0	192	290	1934	11190	17584	5962	1312	2036	544	
158784	Cerebelum_7b_L	0	0	0	0	0	0	0	0	0	0	0	0	0	0	0	0	0	0	0	0	0	0	0	0	0	0	0	0	0	0	0	0	0	0	0	0	0	0	0	0	0	0	0	0	0	0	0	0	0	0	0	0	0	0	0	0	0	0	0	0	0	0	0	0	0	0	0	0	0	0	0	0	0	0	0	0	0	0	0	0	0	0	0	0	0	0	0	0	0	0	7472	0	26126	4096	126	0	414	0	2844	0	0	2180	22660	2314	5112	0	100	0	0	0	86	244	4724	894	0	0	
81884	Cerebelum_7b_R	0	0	0	0	0	0	0	0	0	0	0	0	0	0	0	0	0	0	0	0	0	0	0	0	0	0	0	0	0	0	0	0	0	0	0	0	0	0	0	0	0	0	0	0	0	0	0	0	0	0	0	0	0	0	0	0	0	0	0	0	0	0	0	0	0	0	0	0	0	0	0	0	0	0	0	0	0	0	0	0	0	0	0	0	0	0	0	0	0	0	1346	2062	4668	12250	0	0	0	0	344	158	2180	0	1038	10320	0	380	0	0	0	0	0	474	5214	508	0	0	
207812	Cerebelum_8_L	0	0	0	0	0	0	0	0	0	0	0	0	0	0	0	0	0	0	0	0	0	0	0	0	0	0	0	0	0	0	0	0	0	0	0	0	0	0	0	0	0	0	0	0	0	0	0	0	0	0	0	0	0	0	0	0	0	0	0	0	0	0	0	0	0	0	0	0	0	0	0	0	0	0	0	0	0	0	0	0	0	0	0	0	0	0	0	0	0	0	18306	102	31210	2178	0	0	636	0	4862	0	22660	1038	0	2456	14406	162	682	0	0	0	246	136	2804	1798	224	0	
183368	Cerebelum_8_R	0	0	0	0	0	0	0	0	0	0	0	0	0	0	0	0	0	0	0	0	0	0	0	0	0	0	0	0	0	0	0	0	0	0	0	0	0	0	0	0	0	0	0	0	0	0	0	0	0	0	0	0	0	0	0	86	0	0	0	0	0	0	0	0	0	0	0	0	0	0	0	0	0	0	0	0	0	0	0	0	0	0	0	0	0	0	0	0	0	0	1824	19038	4252	26752	0	0	0	0	566	2632	2314	10320	2456	0	518	10520	0	266	0	0	0	1040	6344	2024	732	0	
109128	Cerebelum_9_L	0	0	0	0	0	0	0	0	0	0	0	0	0	0	0	0	0	0	0	0	0	0	0	0	0	0	0	0	0	0	0	0	0	0	0	0	0	0	0	0	0	0	0	0	0	0	0	108	0	0	0	0	0	0	0	110	0	0	0	0	0	0	0	0	0	0	0	0	0	0	0	0	0	0	0	0	0	0	0	0	0	0	0	0	0	0	0	0	0	0	7938	120	10530	104	188	0	2746	132	6118	168	5112	0	14406	518	0	786	1592	0	142	106	482	500	512	294	1340	512	
72296	Cerebelum_9_R	0	0	0	0	0	0	0	0	0	0	0	0	0	0	0	0	0	0	0	0	0	0	0	0	0	0	0	0	0	0	0	0	0	0	0	0	0	0	0	0	0	0	0	0	0	0	0	0	0	0	0	0	0	0	0	0	0	0	0	0	0	0	0	0	0	0	0	0	0	0	0	0	0	0	0	0	0	0	0	0	0	0	0	0	0	0	0	0	0	0	254	4384	174	4064	0	160	514	250	226	2630	0	380	162	10520	786	0	0	650	0	134	1116	2672	996	1244	2978	1854	
5936	Cerebelum_10_L	0	0	0	0	0	0	0	0	0	0	0	0	0	0	0	0	0	0	0	0	0	0	0	0	0	0	0	0	0	0	0	0	0	0	0	0	0	0	0	0	0	0	0	0	0	0	0	0	0	0	0	0	0	0	0	0	0	0	0	0	0	0	0	0	0	0	0	0	0	0	0	0	0	0	0	0	0	0	0	0	0	0	0	0	0	0	0	0	0	0	232	0	182	0	0	0	0	0	180	0	100	0	682	0	1592	0	0	0	0	0	0	0	0	0	0	0	
2540	Cerebelum_10_R	0	0	0	0	0	0	0	0	0	0	0	0	0	0	0	0	0	0	0	0	0	0	0	0	0	0	0	0	0	0	0	0	0	0	0	0	0	0	0	0	0	0	0	0	0	0	0	0	0	0	0	0	0	0	0	0	0	0	0	0	0	0	0	0	0	0	0	0	0	0	0	0	0	0	0	0	0	0	0	0	0	0	0	0	0	0	0	0	0	0	0	162	0	0	0	0	0	0	0	192	0	0	0	266	0	650	0	0	0	0	0	0	0	0	0	0	
10160	Vermis_1_2	0	0	0	0	0	0	0	0	0	0	0	0	0	0	0	0	0	0	0	0	0	0	0	0	0	0	0	0	0	0	0	0	0	0	0	0	0	0	136	0	0	0	0	0	0	0	0	0	0	0	0	0	0	0	0	0	0	0	0	0	0	0	0	0	0	0	0	0	0	0	0	0	0	0	0	0	0	0	0	0	0	0	0	0	0	0	0	0	0	0	106	224	0	0	530	374	392	88	118	290	0	0	0	0	142	0	0	0	0	2224	354	102	0	0	0	0	
30788	Vermis_3	0	0	0	0	0	0	0	0	0	0	0	0	0	0	0	0	0	0	142	0	0	0	0	0	0	0	0	0	0	0	0	0	0	0	0	0	88	0	242	0	0	0	0	0	0	0	0	114	0	0	0	0	0	0	0	0	0	0	0	0	0	0	0	0	0	0	0	0	142	0	0	0	0	0	0	0	136	0	0	0	0	0	0	0	0	0	0	0	0	0	442	1614	0	0	1066	2156	1272	1240	594	1934	0	0	0	0	106	134	0	0	2224	0	1528	220	0	0	0	0	
162604	Vermis_4_5	0	0	0	0	0	0	0	0	0	0	0	0	0	0	0	0	0	0	0	0	0	0	0	0	0	0	0	0	0	0	0	0	0	0	0	132	0	120	0	0	0	0	0	82	0	0	1524	7994	0	0	0	0	0	150	2166	4470	0	0	0	0	0	0	0	0	0	0	0	204	0	0	0	0	0	0	0	0	0	0	0	0	0	0	0	0	0	0	0	0	0	0	4356	5060	204	190	1238	448	11002	12308	7348	11190	86	0	246	0	482	1116	0	0	354	1528	0	4222	0	0	628	2454	
208052	Vermis_6	0	0	0	0	0	0	0	0	0	0	0	0	0	0	0	0	0	0	0	0	0	0	0	0	0	0	0	0	0	0	0	0	0	0	0	0	0	0	0	0	0	0	0	0	0	0	2110	4638	0	0	0	0	0	0	946	2134	0	0	0	0	0	0	0	0	0	0	0	0	0	0	0	0	0	0	0	0	0	0	0	0	0	0	0	0	0	0	0	0	0	0	11010	13768	4764	4558	100	192	2292	2302	14484	17584	244	474	136	1040	500	2672	0	0	102	220	4222	0	7058	1280	2814	2382	
171680	Vermis_7	0	0	0	0	0	0	0	0	0	0	0	0	0	0	0	0	0	0	0	0	0	0	0	0	0	0	0	0	0	0	0	0	0	0	0	0	0	0	0	0	0	0	0	0	0	0	0	372	0	0	0	0	0	0	320	296	0	0	0	0	0	0	0	0	0	0	0	0	0	0	0	0	0	0	0	0	0	0	0	0	0	0	0	0	0	0	0	0	0	0	7442	7496	12182	14688	0	0	0	0	4520	5962	4724	5214	2804	6344	512	996	0	0	0	0	0	7058	0	2788	1898	224	
39212	Vermis_8	0	0	0	0	0	0	0	0	0	0	0	0	0	0	0	0	0	0	0	0	0	0	0	0	0	0	0	0	0	0	0	0	0	0	0	0	0	0	0	0	0	0	0	0	0	0	0	0	0	0	0	0	0	0	0	0	0	0	0	0	0	0	0	0	0	0	0	0	0	0	0	0	0	0	0	0	0	0	0	0	0	0	0	0	0	0	0	0	0	0	714	928	1404	1432	0	0	0	0	494	1312	894	508	1798	2024	294	1244	0	0	0	0	0	1280	2788	0	2182	310	
44888	Vermis_9	0	0	0	0	0	0	0	0	0	0	0	0	0	0	0	0	0	0	0	0	0	0	0	0	0	0	0	0	0	0	0	0	0	0	0	0	0	0	0	0	0	0	0	0	0	0	0	0	0	0	0	0	0	0	0	0	0	0	0	0	0	0	0	0	0	0	0	0	0	0	0	0	0	0	0	0	0	0	0	0	0	0	0	0	0	0	0	0	0	0	1264	1076	710	854	0	86	570	0	1384	2036	0	0	224	732	1340	2978	0	0	0	0	628	2814	1898	2182	0	1668	
24612	Vermis_10	0	0	0	0	0	0	0	0	0	0	0	0	0	0	0	0	0	0	0	0	0	0	0	0	0	0	0	0	0	0	0	0	0	0	0	0	0	0	0	0	0	0	0	0	0	0	0	138	0	0	0	0	0	0	0	0	0	0	0	0	0	0	0	0	0	0	0	0	0	0	0	0	0	0	0	0	0	0	0	0	0	0	0	0	0	0	0	0	0	0	146	178	0	0	0	0	1212	482	202	544	0	0	0	0	512	1854	0	0	0	0	2454	2382	224	310	1668	0	
