data	data	665036	291608	1.37838e+06	906324	246176	125636	732120	411460	128604	45504	562584	312432	456896	161108	205616	103256	231668	190168	1.1841e+06	1.14636e+06	124636	120800	466716	693220	34196	97208	82796	59000	773064	426024	372972	702024	253264	838540	147624	196972	382560	388412	171336	315044	76580	74828	230364	317048	183224	301320	438280	319944	240144	402296	597980	320072	179900	105064	599232	620916	330200	251456	170996	148772	283236	155140	107376	122200	177732	168632	371240	500132	392724	217088	446520	806932	361832	426332	74548	64676	241548	211044	111540	59088	263632	175072	92100	65044	349004	266200	15632	25244	414072	172632	639160	576832	254812	296836	75496	92976	419944	279856	568148	519636	240628	130536	292896	318748	200824	192060	22772	19168	51712	167540	269412	191804	279636	115448	129800	77288	
data	data	Precentral_L	Precentral_R	Frontal_Sup_L	Frontal_Sup_R	Frontal_Sup_Orb_L	Frontal_Sup_Orb_R	Frontal_Mid_L	Frontal_Mid_R	Frontal_Mid_Orb_L	Frontal_Mid_Orb_R	Frontal_Inf_Oper_L	Frontal_Inf_Oper_R	Frontal_Inf_Tri_L	Frontal_Inf_Tri_R	Frontal_Inf_Orb_L	Frontal_Inf_Orb_R	Rolandic_Oper_L	Rolandic_Oper_R	Supp_Motor_Area_L	Supp_Motor_Area_R	Olfactory_L	Olfactory_R	Frontal_Sup_Medial_L	Frontal_Sup_Medial_R	Frontal_Med_Orb_L	Frontal_Med_Orb_R	Rectus_L	Rectus_R	Insula_L	Insula_R	Cingulum_Ant_L	Cingulum_Ant_R	Cingulum_Mid_L	Cingulum_Mid_R	Cingulum_Post_L	Cingulum_Post_R	Hippocampus_L	Hippocampus_R	ParaHippocampal_L	ParaHippocampal_R	Amygdala_L	Amygdala_R	Calcarine_L	Calcarine_R	Cuneus_L	Cuneus_R	Lingual_L	Lingual_R	Occipital_Sup_L	Occipital_Sup_R	Occipital_Mid_L	Occipital_Mid_R	Occipital_Inf_L	Occipital_Inf_R	Fusiform_L	Fusiform_R	Postcentral_L	Postcentral_R	Parietal_Sup_L	Parietal_Sup_R	Parietal_Inf_L	Parietal_Inf_R	SupraMarginal_L	SupraMarginal_R	Angular_L	Angular_R	Precuneus_L	Precuneus_R	Paracentral_Lobule_L	Paracentral_Lobule_R	Caudate_L	Caudate_R	Putamen_L	Putamen_R	Pallidum_L	Pallidum_R	Thalamus_L	Thalamus_R	Heschl_L	Heschl_R	Temporal_Sup_L	Temporal_Sup_R	Temporal_Pole_Sup_L	Temporal_Pole_Sup_R	Temporal_Mid_L	Temporal_Mid_R	Temporal_Pole_Mid_L	Temporal_Pole_Mid_R	Temporal_Inf_L	Temporal_Inf_R	Cerebelum_Crus1_L	Cerebelum_Crus1_R	Cerebelum_Crus2_L	Cerebelum_Crus2_R	Cerebelum_3_L	Cerebelum_3_R	Cerebelum_4_5_L	Cerebelum_4_5_R	Cerebelum_6_L	Cerebelum_6_R	Cerebelum_7b_L	Cerebelum_7b_R	Cerebelum_8_L	Cerebelum_8_R	Cerebelum_9_L	Cerebelum_9_R	Cerebelum_10_L	Cerebelum_10_R	Vermis_1_2	Vermis_3	Vermis_4_5	Vermis_6	Vermis_7	Vermis_8	Vermis_9	Vermis_10	
665036	Precentral_L	0	3102	28802	820	0	0	33620	184	0	0	13050	1426	2472	0	0	0	7144	0	12850	8040	0	0	968	450	0	0	0	0	14160	188	1234	966	1800	4008	3914	3608	11892	2990	1494	1454	0	0	0	0	0	0	1120	184	372	144	1804	110	1130	0	3062	1412	37782	408	554	112	8124	110	1512	172	1048	0	1026	916	37552	5828	7808	6150	8508	234	3334	172	20482	6632	4720	120	3746	0	224	0	1706	118	0	0	2986	0	180	0	0	0	0	0	0	0	0	0	0	0	0	0	0	0	0	0	0	280	0	0	0	0	0	0	
291608	Precentral_R	3102	0	2528	8960	1256	0	436	12296	0	0	528	14266	148	1240	0	0	204	2022	1682	7876	0	0	248	758	0	0	0	0	472	2060	212	786	0	1826	520	3412	454	8866	0	4930	0	0	0	212	0	364	0	354	0	470	0	704	0	754	0	5522	776	12890	0	280	0	1760	0	3480	0	258	112	1722	2872	6424	4940	4490	0	2028	246	0	3448	7086	0	692	0	608	0	0	0	1460	0	0	0	546	0	110	0	0	0	0	0	0	0	108	0	0	0	0	0	0	0	0	0	0	0	0	0	0	0	0	
1.37838e+06	Frontal_Sup_L	28802	2528	0	12916	14080	508	92708	8698	3104	236	39980	3464	34302	2066	5086	366	11678	902	106886	32042	0	0	43860	23594	816	212	260	0	42720	2056	21426	15564	13112	25180	474	290	5226	576	770	218	194	0	0	0	0	0	136	0	0	0	146	0	188	0	932	192	4482	698	0	0	1540	154	242	190	0	0	204	144	9158	416	17732	10202	22044	2260	4036	404	6600	3050	1474	0	2542	0	1466	0	488	204	0	0	964	0	0	0	0	0	0	0	0	0	0	0	0	0	0	0	0	0	0	0	0	0	0	0	0	0	0	0	
906324	Frontal_Sup_R	820	8960	12916	0	1010	7632	4654	36008	0	1810	5440	5522	4566	4164	0	2328	224	8502	25812	71214	0	424	8812	48706	0	4440	0	1608	2114	11604	2402	41932	634	27060	0	126	234	4320	0	2658	0	652	0	0	0	284	0	0	0	352	0	244	0	0	0	2616	0	3200	0	172	0	326	0	558	0	136	0	796	1016	404	6294	41480	1368	19898	228	3392	554	6602	0	1220	0	1004	0	744	0	638	0	0	0	328	0	0	0	0	0	0	0	0	0	0	0	0	0	0	0	0	0	0	0	0	0	0	0	0	0	0	
246176	Frontal_Sup_Orb_L	0	1256	14080	1010	0	402	1980	1354	13470	210	0	1292	1230	156	15246	0	0	0	3236	286	4226	1404	2202	792	4452	484	8040	0	12492	458	4688	1522	0	0	0	0	1420	120	1412	0	2428	0	0	0	0	0	0	0	0	0	0	0	0	0	116	0	0	0	0	0	0	0	0	0	0	0	0	0	0	0	6166	3498	9626	708	0	0	0	0	0	0	0	0	1626	0	0	0	0	0	0	0	0	0	0	0	0	0	0	0	0	0	0	0	0	0	0	0	0	0	0	0	0	0	0	0	0	0	
125636	Frontal_Sup_Orb_R	0	0	508	7632	402	0	0	568	0	3966	0	158	0	138	0	3096	0	0	1020	2204	0	864	0	4608	0	6374	244	6174	380	2894	262	6386	0	108	0	0	0	224	0	122	0	476	0	0	0	0	0	0	0	0	0	0	0	0	0	0	0	0	0	0	0	0	0	0	0	0	0	0	0	0	954	7494	0	5562	0	0	0	0	0	0	0	0	0	0	0	0	0	0	0	0	0	0	0	0	0	0	0	0	0	0	0	0	0	0	0	0	0	0	0	0	0	0	0	0	0	0	
732120	Frontal_Mid_L	33620	436	92708	4654	1980	0	0	3506	4560	0	24970	816	35132	1136	5662	0	5462	0	23662	9528	0	0	11750	8214	0	0	0	0	22078	640	6318	3036	8118	10462	422	202	5712	214	1154	122	0	0	0	0	0	0	334	0	0	0	202	0	230	0	1574	110	4696	0	0	0	1910	0	0	0	130	0	212	0	4930	0	3282	2482	6110	354	1984	140	4422	1410	1348	0	1914	0	0	0	466	0	0	0	1546	0	0	0	0	0	0	0	0	0	0	0	0	0	0	0	0	0	0	0	0	0	0	0	0	0	0	0	
411460	Frontal_Mid_R	184	12296	8698	36008	1354	568	3506	0	0	1826	4676	11494	3754	17394	0	3828	198	4148	12534	20288	0	0	3990	8748	0	0	0	0	1168	8862	274	3134	160	13300	0	0	0	1590	0	1024	0	452	0	0	0	0	0	0	0	0	0	0	0	0	0	904	0	1692	0	0	0	406	0	674	0	0	0	0	0	0	3268	6020	0	5432	0	0	0	108	0	364	0	408	0	548	0	186	0	0	0	264	0	0	0	0	0	0	0	0	0	0	0	0	0	0	0	0	0	0	0	0	0	0	0	0	0	0	
128604	Frontal_Mid_Orb_L	0	0	3104	0	13470	0	4560	0	0	0	0	0	3174	0	18856	0	0	0	188	0	1668	460	0	0	0	0	1604	0	8660	0	250	128	0	0	0	0	1206	0	860	0	1664	0	0	0	0	0	0	0	0	0	0	0	0	0	110	0	0	0	0	0	0	0	0	0	0	0	0	0	0	0	356	448	2456	148	0	0	0	0	0	0	0	0	932	0	0	0	0	0	0	0	0	0	0	0	0	0	0	0	0	0	0	0	0	0	0	0	0	0	0	0	0	0	0	0	0	0	
45504	Frontal_Mid_Orb_R	0	0	236	1810	210	3966	0	1826	0	0	0	0	0	358	0	6778	0	0	342	426	0	0	0	400	0	346	0	242	212	1764	0	1378	0	0	0	0	0	0	0	0	0	0	0	0	0	0	0	0	0	0	0	0	0	0	0	0	0	0	0	0	0	0	0	0	0	0	0	0	0	0	438	1458	0	562	0	0	0	0	0	0	0	0	0	0	0	0	0	0	0	0	0	0	0	0	0	0	0	0	0	0	0	0	0	0	0	0	0	0	0	0	0	0	0	0	0	0	
562584	Frontal_Inf_Oper_L	13050	528	39980	5440	0	0	24970	4676	0	0	0	898	35312	970	0	300	13030	132	33476	11700	0	0	9526	4522	0	0	0	0	33496	734	1630	3834	2378	11028	0	0	2202	0	460	0	0	0	0	0	0	0	236	0	0	0	192	0	0	0	1624	0	5508	0	0	0	454	0	0	0	0	0	0	0	0	0	4500	2792	1328	346	0	0	374	0	1016	0	3714	0	2710	0	340	0	0	0	1650	0	126	0	0	0	0	0	0	0	110	0	0	0	0	0	0	0	0	0	0	0	0	0	0	0	0	0	
312432	Frontal_Inf_Oper_R	1426	14266	3464	5522	1292	158	816	11494	0	0	898	0	460	10376	0	518	220	6742	10682	13520	0	0	370	1326	0	0	0	0	822	23180	440	1324	330	5314	0	0	0	1504	0	708	0	0	0	0	0	112	0	0	0	164	0	146	0	0	0	490	578	5440	0	214	0	1628	0	2384	0	0	0	422	0	242	4884	11862	0	7356	0	0	0	252	0	224	0	800	0	1328	0	518	0	0	0	0	0	0	0	0	0	0	0	0	0	0	0	0	0	0	0	0	0	0	0	0	0	0	0	0	0	0	
456896	Frontal_Inf_Tri_L	2472	148	34302	4566	1230	0	35132	3754	3174	0	35312	460	0	766	9010	178	212	0	22166	10226	0	0	8940	3716	0	0	0	0	27140	552	2540	3560	3022	9544	0	0	174	0	0	0	0	0	0	0	0	0	0	0	0	0	0	0	0	0	0	0	0	0	0	0	0	0	0	0	0	0	0	0	0	0	2724	1750	1120	166	0	0	0	0	0	0	0	0	392	0	0	0	0	0	0	0	0	0	0	0	0	0	0	0	0	0	0	0	0	0	0	0	0	0	0	0	0	0	0	0	0	0	
161108	Frontal_Inf_Tri_R	0	1240	2066	4164	156	138	1136	17394	0	358	970	10376	766	0	0	3634	0	384	3386	4280	0	0	504	2546	0	0	0	0	372	12650	580	2642	116	3420	0	0	0	0	0	0	0	0	0	0	0	0	0	0	0	0	0	0	0	0	0	0	0	152	0	0	0	0	0	0	0	0	0	0	0	0	690	5006	0	1428	0	0	0	0	0	0	0	0	0	0	0	0	0	0	0	0	0	0	0	0	0	0	0	0	0	0	0	0	0	0	0	0	0	0	0	0	0	0	0	0	0	0	
205616	Frontal_Inf_Orb_L	0	0	5086	0	15246	0	5662	0	18856	0	0	0	9010	0	0	0	0	0	476	0	4610	674	562	0	764	0	3234	0	20566	0	1342	0	132	0	0	0	1696	0	2012	0	3178	0	0	0	0	0	0	0	0	0	0	0	0	0	468	0	0	0	0	0	0	0	0	0	0	0	0	0	0	0	1018	458	3256	0	0	0	0	0	0	0	0	0	3864	0	146	0	282	0	210	0	0	0	0	0	0	0	0	0	0	0	0	0	0	0	0	0	0	0	0	0	0	0	0	0	0	0	
103256	Frontal_Inf_Orb_R	0	0	366	2328	0	3096	0	3828	0	6778	300	518	178	3634	0	0	0	296	1156	1392	0	1524	0	552	0	144	0	714	400	12656	0	1382	0	356	0	0	0	142	0	178	0	286	0	0	0	0	0	0	0	0	0	0	0	0	0	0	0	0	0	0	0	0	0	0	0	0	0	0	0	0	742	4142	190	2744	0	0	0	0	0	0	0	442	0	1164	0	0	0	0	0	0	0	0	0	0	0	0	0	0	0	0	0	0	0	0	0	0	0	0	0	0	0	0	0	0	0	0	
231668	Rolandic_Oper_L	7144	204	11678	224	0	0	5462	198	0	0	13030	220	212	0	0	0	0	0	8092	126	0	0	0	164	0	0	0	0	23330	0	0	182	0	0	184	166	1112	190	0	182	0	0	0	0	0	0	162	0	0	0	1170	0	410	0	966	174	8512	0	498	0	1032	0	1358	0	394	0	0	0	344	0	1168	536	432	0	0	0	620	0	8338	0	11296	0	2558	0	2448	0	0	0	1318	0	0	0	0	0	0	0	0	0	0	0	0	0	0	0	0	0	0	0	0	0	0	0	0	0	0	0	
190168	Rolandic_Oper_R	0	2022	902	8502	0	0	0	4148	0	0	132	6742	0	384	0	296	0	0	3464	8650	0	0	770	1706	0	0	0	0	0	12730	0	542	302	2704	0	0	0	1664	0	890	0	0	0	0	0	508	0	0	0	610	0	346	0	0	0	942	0	6690	0	254	0	158	0	3458	0	122	224	1740	0	526	238	1816	0	5024	0	0	0	118	0	5444	0	7072	0	2026	0	1218	0	0	0	0	0	0	0	0	0	0	0	0	0	0	0	0	0	0	0	0	0	0	0	0	0	0	0	0	0	0	
1.1841e+06	Supp_Motor_Area_L	12850	1682	106886	25812	3236	1020	23662	12534	188	342	33476	10682	22166	3386	476	1156	8092	3464	0	78120	0	0	14024	16112	0	198	0	0	27992	10780	9010	15596	13368	51372	424	0	1350	378	178	164	130	0	0	0	0	0	0	0	0	0	250	0	0	0	430	134	1014	936	0	0	170	146	192	200	0	0	0	262	10888	2096	12312	20528	15108	3920	2314	486	1940	2922	310	334	1930	156	1384	302	356	238	0	0	484	0	0	0	0	0	0	0	0	0	0	0	0	0	0	0	0	0	0	0	0	0	0	0	0	0	0	0	
1.14636e+06	Supp_Motor_Area_R	8040	7876	32042	71214	286	2204	9528	20288	0	426	11700	13520	10226	4280	0	1392	126	8650	78120	0	0	168	12432	29420	0	438	0	246	2548	16676	4024	23124	6638	68258	712	1938	836	4036	176	2736	0	604	0	0	0	342	0	0	0	384	130	274	0	118	120	3106	1576	3452	0	178	0	396	0	630	0	118	120	1502	15076	20540	3650	35106	2176	15978	284	3366	326	5002	0	1306	0	1062	0	846	0	648	0	0	0	438	0	0	0	0	0	0	0	0	0	0	0	0	0	0	0	0	0	0	0	0	0	0	0	0	0	0	
124636	Olfactory_L	0	0	0	0	4226	0	0	0	1668	0	0	0	0	0	4610	0	0	0	0	0	0	8538	0	0	310	0	4794	188	3460	116	4102	2088	0	0	0	0	122	0	1502	0	1318	0	0	0	0	0	0	0	0	0	0	0	0	0	128	0	0	0	0	0	0	0	0	0	0	0	0	0	0	0	8500	7060	4246	2888	194	916	0	0	0	0	0	0	1344	0	0	0	0	0	0	0	0	0	0	0	0	0	0	0	0	0	0	0	0	0	0	0	0	0	0	0	0	0	0	0	0	0	
120800	Olfactory_R	0	0	0	424	1404	864	0	0	460	0	0	0	0	0	674	1524	0	0	0	168	8538	0	0	408	140	638	3170	1446	0	1592	4420	3550	0	0	0	0	0	176	0	436	0	784	0	0	0	0	0	0	0	0	0	0	0	0	0	0	0	0	0	0	0	0	0	0	0	0	0	0	0	0	8694	9374	4832	4456	342	1642	0	0	0	0	0	0	0	244	0	0	0	0	0	0	0	0	0	0	0	0	0	0	0	0	0	0	0	0	0	0	0	0	0	0	0	0	0	0	0	0	
466716	Frontal_Sup_Medial_L	968	248	43860	8812	2202	0	11750	3990	0	0	9526	370	8940	504	562	0	0	770	14024	12432	0	0	0	34250	1744	850	440	0	2192	816	20570	20590	6964	20684	0	0	0	136	0	0	0	0	0	0	0	0	0	0	0	0	0	0	0	0	0	0	0	276	0	0	0	0	0	0	0	0	0	0	0	0	830	2694	662	702	0	0	0	0	0	0	0	0	0	0	0	0	0	0	0	0	0	0	0	0	0	0	0	0	0	0	0	0	0	0	0	0	0	0	0	0	0	0	0	0	0	0	
693220	Frontal_Sup_Medial_R	450	758	23594	48706	792	4608	8214	8748	0	400	4522	1326	3716	2546	0	552	164	1706	16112	29420	0	408	34250	0	656	7756	166	2704	1326	3582	11338	50848	2798	32392	0	0	0	962	0	656	0	322	0	0	0	0	0	0	0	0	0	0	0	0	0	536	0	474	0	0	0	0	0	0	0	0	0	0	226	0	3174	24324	0	8450	0	140	380	1684	0	0	0	202	0	244	0	110	0	0	0	168	0	0	0	0	0	0	0	0	0	0	0	0	0	0	0	0	0	0	0	0	0	0	0	0	0	0	
34196	Frontal_Med_Orb_L	0	0	816	0	4452	0	0	0	0	0	0	0	0	0	764	0	0	0	0	0	310	140	1744	656	0	1050	2702	0	0	0	3462	394	0	0	0	0	0	0	0	0	0	0	0	0	0	0	0	0	0	0	0	0	0	0	0	0	0	0	0	0	0	0	0	0	0	0	0	0	0	0	352	138	118	0	0	0	0	0	0	0	0	0	0	0	0	0	0	0	0	0	0	0	0	0	0	0	0	0	0	0	0	0	0	0	0	0	0	0	0	0	0	0	0	0	0	0	
97208	Frontal_Med_Orb_R	0	0	212	4440	484	6374	0	0	0	346	0	0	0	0	0	144	0	0	198	438	0	638	850	7756	1050	0	698	6384	0	180	1838	6566	0	196	0	0	0	0	0	0	0	0	0	0	0	0	0	0	0	0	0	0	0	0	0	0	0	0	0	0	0	0	0	0	0	0	0	0	0	0	176	6108	0	3528	0	0	0	0	0	0	0	0	0	0	0	0	0	0	0	0	0	0	0	0	0	0	0	0	0	0	0	0	0	0	0	0	0	0	0	0	0	0	0	0	0	0	
82796	Rectus_L	0	0	260	0	8040	244	0	0	1604	0	0	0	0	0	3234	0	0	0	0	0	4794	3170	440	166	2702	698	0	636	1182	0	4650	1078	0	0	0	0	0	0	108	0	522	0	0	0	0	0	0	0	0	0	0	0	0	0	0	0	0	0	0	0	0	0	0	0	0	0	0	0	0	0	3090	2666	958	942	0	0	0	0	0	0	0	0	214	0	0	0	0	0	0	0	0	0	0	0	0	0	0	0	0	0	0	0	0	0	0	0	0	0	0	0	0	0	0	0	0	0	
59000	Rectus_R	0	0	0	1608	0	6174	0	0	0	242	0	0	0	0	0	714	0	0	0	246	188	1446	0	2704	0	6384	636	0	0	552	270	2824	0	0	0	0	0	0	0	0	0	0	0	0	0	0	0	0	0	0	0	0	0	0	0	0	0	0	0	0	0	0	0	0	0	0	0	0	0	0	146	2810	0	2556	0	0	0	0	0	0	0	0	0	0	0	0	0	0	0	0	0	0	0	0	0	0	0	0	0	0	0	0	0	0	0	0	0	0	0	0	0	0	0	0	0	0	
773064	Insula_L	14160	472	42720	2114	12492	380	22078	1168	8660	212	33496	822	27140	372	20566	400	23330	0	27992	2548	3460	0	2192	1326	0	0	1182	0	0	724	2346	2546	2386	1850	642	328	21088	452	4678	362	4872	0	0	0	0	0	660	0	0	0	706	0	704	0	6994	350	8400	0	636	0	1846	0	258	0	346	0	348	0	342	176	7474	6116	13402	510	434	0	3198	2624	8214	0	11548	0	6460	0	3946	0	240	0	7684	0	414	0	0	0	0	0	296	0	326	0	0	0	0	0	0	0	0	0	0	324	0	0	0	0	0	0	
426024	Insula_R	188	2060	2056	11604	458	2894	640	8862	0	1764	734	23180	552	12650	0	12656	0	12730	10780	16676	116	1592	816	3582	0	180	0	552	724	0	746	5374	278	5642	252	298	188	5750	0	2384	0	1106	0	0	0	0	0	0	0	0	0	0	0	0	0	2894	0	1594	0	0	0	0	0	310	0	0	0	328	0	198	1688	14714	150	21378	0	0	154	646	0	4660	0	7676	0	3000	0	2432	0	0	0	1018	0	0	0	0	0	0	0	108	0	0	0	0	0	0	0	0	0	0	0	0	0	0	0	0	0	0	
372972	Cingulum_Ant_L	1234	212	21426	2402	4688	262	6318	274	250	0	1630	440	2540	580	1342	0	0	0	9010	4024	4102	4420	20570	11338	3462	1838	4650	270	2346	746	0	26328	9368	6840	256	0	132	0	0	0	0	0	0	0	0	0	0	0	0	0	0	0	0	0	0	0	636	0	0	0	0	0	0	0	0	0	0	0	0	0	12338	8732	6860	4122	0	500	0	0	0	0	0	0	0	0	0	0	0	0	0	0	0	0	0	0	0	0	0	0	0	0	0	0	0	0	0	0	0	0	0	0	0	0	0	0	0	0	
702024	Cingulum_Ant_R	966	786	15564	41932	1522	6386	3036	3134	128	1378	3834	1324	3560	2642	0	1382	182	542	15596	23124	2088	3550	20590	50848	394	6566	1078	2824	2546	5374	26328	0	3092	27736	0	0	0	310	0	188	0	266	0	0	0	0	0	0	0	0	0	0	0	0	0	0	444	326	0	0	0	0	0	0	0	0	0	0	298	0	10562	40520	2816	12492	0	508	440	1810	0	0	0	0	0	0	0	0	0	0	0	0	0	0	0	0	0	0	0	0	0	0	0	0	0	0	0	0	0	0	0	0	0	0	0	0	0	0	
253264	Cingulum_Mid_L	1800	0	13112	634	0	0	8118	160	0	0	2378	330	3022	116	132	0	0	302	13368	6638	0	0	6964	2798	0	0	0	0	2386	278	9368	3092	0	15852	2520	968	0	0	0	0	0	0	202	0	564	382	516	108	1580	378	3882	176	196	0	624	0	472	246	744	0	590	0	396	0	224	0	6316	2892	6222	1924	450	410	0	140	0	0	0	0	0	108	0	0	0	0	1198	0	0	0	1194	0	162	0	0	0	0	0	0	0	0	0	0	0	0	0	0	0	0	0	0	0	0	0	0	0	0	0	
838540	Cingulum_Mid_R	4008	1826	25180	27060	0	108	10462	13300	0	0	11028	5314	9544	3420	0	356	0	2704	51372	68258	0	0	20684	32392	0	196	0	0	1850	5642	6840	27736	15852	0	2142	5560	0	602	0	456	0	0	0	744	0	2996	0	748	0	3642	0	2902	0	362	0	1260	754	3296	0	210	0	0	0	0	0	0	912	8656	8064	14360	934	12454	116	1608	0	0	0	168	0	348	0	252	0	152	0	272	0	0	0	168	0	0	0	0	0	0	0	0	0	0	0	0	0	0	0	0	0	0	0	0	0	0	0	0	0	0	
147624	Cingulum_Post_L	3914	520	474	0	0	0	422	0	0	0	0	0	0	0	0	0	184	0	424	712	0	0	0	0	0	0	0	0	642	252	256	0	2520	2142	0	8028	6856	4558	1886	2746	0	0	2526	110	930	154	2106	416	1066	128	774	0	370	0	912	2782	1054	0	186	0	0	0	0	0	0	0	8948	2722	2948	568	208	0	308	0	202	0	3668	1972	548	440	168	0	0	0	170	0	0	0	550	0	0	0	0	0	0	0	0	342	0	0	0	0	0	0	0	0	0	0	0	0	0	0	0	0	0	0	
196972	Cingulum_Post_R	3608	3412	290	126	0	0	202	0	0	0	0	0	0	0	0	0	166	0	0	1938	0	0	0	0	0	0	0	0	328	298	0	0	968	5560	8028	0	3302	10356	448	5754	0	0	118	1376	242	1120	438	2558	910	900	636	820	0	500	118	7730	130	2052	334	0	0	0	0	0	0	0	2340	11176	1606	3018	244	0	0	0	0	0	7148	5624	156	498	0	150	0	0	0	276	0	0	0	688	0	0	0	0	0	0	0	552	0	0	0	0	0	0	0	0	0	0	0	116	128	0	0	0	0	0	
382560	Hippocampus_L	11892	454	5226	234	1420	0	5712	0	1206	0	2202	0	174	0	1696	0	1112	0	1350	836	122	0	0	0	0	0	0	0	21088	188	132	0	0	0	6856	3302	0	3232	19068	1806	10422	0	2854	0	0	0	6918	0	0	0	580	0	366	0	16882	1798	2500	0	0	0	468	0	0	0	0	0	5788	152	1550	190	1478	2364	11750	0	1730	134	7120	3784	4054	326	4138	0	504	0	2732	0	0	0	10008	0	108	0	0	0	116	0	638	0	0	0	0	0	0	0	0	0	0	0	0	520	0	0	0	0	0	0	
388412	Hippocampus_R	2990	8866	576	4320	120	224	214	1590	0	0	0	1504	0	0	0	142	190	1664	378	4036	0	176	136	962	0	0	0	0	452	5750	0	310	0	602	4558	10356	3232	0	430	39552	0	8260	0	802	0	0	364	3298	0	0	0	0	0	580	0	37694	176	760	0	0	0	0	0	0	0	0	322	4908	1028	1250	562	502	0	12606	0	484	5598	6858	156	2154	0	2120	0	462	0	2438	0	0	0	4394	0	368	0	0	0	0	0	1618	0	1114	0	0	0	0	0	0	0	0	0	0	0	0	0	0	0	0	
171336	ParaHippocampal_L	1494	0	770	0	1412	0	1154	0	860	0	460	0	0	0	2012	0	0	0	178	176	1502	0	0	0	0	0	108	0	4678	0	0	0	0	0	1886	448	19068	430	0	146	5432	0	1572	0	0	0	7650	0	130	0	1188	0	254	0	14658	140	140	0	0	0	0	0	0	0	0	0	2966	0	200	0	214	0	3468	0	288	0	954	374	0	0	1174	0	1338	0	112	0	212	0	3442	0	358	0	0	0	350	0	1366	0	722	0	0	0	0	0	0	0	0	0	0	184	0	0	0	0	0	0	
315044	ParaHippocampal_R	1454	4930	218	2658	0	122	122	1024	0	0	0	708	0	0	0	178	182	890	164	2736	0	436	0	656	0	0	0	0	362	2384	0	188	0	456	2746	5754	1806	39552	146	0	0	9490	0	1226	0	0	0	5966	0	170	0	0	0	596	0	35840	144	296	0	0	0	0	0	0	0	0	282	4580	310	972	254	282	0	7646	0	422	1968	2934	154	602	0	1696	0	2206	0	714	0	1172	0	2214	0	514	0	0	0	0	0	3668	0	1332	0	0	0	0	0	0	0	0	0	0	0	0	0	0	0	0	
76580	Amygdala_L	0	0	194	0	2428	0	0	0	1664	0	0	0	0	0	3178	0	0	0	130	0	1318	0	0	0	0	0	522	0	4872	0	0	0	0	0	0	0	10422	0	5432	0	0	0	0	0	0	0	0	0	0	0	0	0	0	0	4374	0	0	0	0	0	0	0	0	0	0	0	0	0	0	0	0	0	978	0	0	0	0	0	0	0	0	0	990	0	0	0	128	0	1456	0	0	0	0	0	0	0	204	0	0	0	0	0	0	0	0	0	0	0	0	0	0	0	0	0	0	0	
74828	Amygdala_R	0	0	0	652	0	476	0	452	0	0	0	0	0	0	0	286	0	0	0	604	0	784	0	322	0	0	0	0	0	1106	0	266	0	0	0	0	0	8260	0	9490	0	0	0	0	0	0	0	0	0	0	0	0	0	0	0	7440	0	0	0	0	0	0	0	0	0	0	0	0	0	0	0	300	0	1718	0	0	0	0	0	0	0	0	0	2172	0	0	0	1046	0	2040	0	0	0	0	0	0	0	0	0	0	0	0	0	0	0	0	0	0	0	0	0	0	0	0	0	0	
230364	Calcarine_L	0	0	0	0	0	0	0	0	0	0	0	0	0	0	0	0	0	0	0	0	0	0	0	0	0	0	0	0	0	0	0	0	202	0	2526	118	2854	0	1572	0	0	0	0	8010	16006	4066	18216	2642	10966	3668	17922	216	2602	156	3612	202	0	0	0	0	0	0	0	0	162	0	12772	2062	0	0	0	0	0	0	0	0	0	0	0	0	0	0	0	0	1478	0	0	0	1950	0	144	0	0	0	0	0	276	122	204	116	0	0	0	0	0	0	0	0	0	0	340	0	0	0	0	0	
317048	Calcarine_R	0	212	0	0	0	0	0	0	0	0	0	0	0	0	0	0	0	0	0	0	0	0	0	0	0	0	0	0	0	0	0	0	0	744	110	1376	0	802	0	1226	0	0	8010	0	3846	21902	6142	22278	736	24734	392	12268	0	5446	0	10428	0	1610	0	420	0	0	0	0	0	150	1012	24710	0	618	0	0	0	0	0	0	0	0	0	0	0	174	0	0	0	4636	0	0	0	1764	0	0	0	0	0	0	358	642	346	224	0	0	0	0	0	0	0	0	0	0	756	452	0	0	0	0	
183224	Cuneus_L	0	0	0	0	0	0	0	0	0	0	0	0	0	0	0	0	0	0	0	0	0	0	0	0	0	0	0	0	0	0	0	0	564	0	930	242	0	0	0	0	0	0	16006	3846	0	6502	6572	644	18458	1984	14390	142	1872	0	2208	0	0	0	912	0	0	0	0	0	0	0	10716	2040	192	0	0	0	0	0	0	0	0	0	0	0	0	0	0	0	1658	0	0	0	1734	0	0	0	0	0	0	0	0	0	0	0	0	0	0	0	0	0	0	0	0	0	0	0	0	0	0	0	
301320	Cuneus_R	0	364	0	284	0	0	0	0	0	0	0	112	0	0	0	0	0	508	0	342	0	0	0	0	0	0	0	0	0	0	0	0	382	2996	154	1120	0	0	0	0	0	0	4066	21902	6502	0	2242	4428	390	39958	172	18690	0	1692	0	1468	0	2342	0	2954	0	746	0	418	0	1092	3802	25942	0	926	0	0	0	0	0	0	0	0	0	0	0	990	0	0	0	2862	0	0	0	318	0	0	0	0	0	0	138	152	0	0	0	0	0	0	0	0	0	0	0	0	206	0	0	0	0	0	
438280	Lingual_L	1120	0	136	0	0	0	334	0	0	0	236	0	0	0	0	0	162	0	0	0	0	0	0	0	0	0	0	0	660	0	0	0	516	0	2106	438	6918	364	7650	0	0	0	18216	6142	6572	2242	0	7298	6662	3584	26928	164	10774	260	29196	1234	292	0	0	0	546	0	456	0	506	0	9740	1304	1210	0	0	0	184	0	0	0	1094	292	0	0	814	0	0	0	1646	0	0	0	2498	0	5770	2492	0	0	322	152	16108	2686	14124	3404	0	0	0	0	140	0	0	0	0	344	6202	4590	1822	0	0	490	
319944	Lingual_R	184	354	0	0	0	0	0	0	0	0	0	0	0	0	0	0	0	0	0	0	0	0	0	0	0	0	0	0	0	0	0	0	108	748	416	2558	0	3298	0	5966	0	0	2642	22278	644	4428	7298	0	286	9186	252	3156	0	3398	390	22450	0	864	0	0	0	0	0	0	0	0	540	13690	154	386	0	0	0	0	0	0	210	612	0	0	0	0	0	0	0	456	0	0	0	476	1298	6232	0	0	0	852	3196	12074	3504	9108	0	0	0	0	0	0	0	0	0	582	9056	5534	1108	0	0	0	
240144	Occipital_Sup_L	372	0	0	0	0	0	0	0	0	0	0	0	0	0	0	0	0	0	0	0	0	0	0	0	0	0	0	0	0	0	0	0	1580	0	1066	910	0	0	130	0	0	0	10966	736	18458	390	6662	286	0	0	35198	0	844	0	1674	110	114	0	6666	0	1392	0	886	0	858	0	17930	3006	900	0	0	0	0	0	0	0	0	0	0	0	226	0	0	0	5198	0	0	0	2982	0	414	0	0	0	0	0	0	118	0	0	0	0	0	0	0	0	0	0	0	0	0	0	0	0	0	0	
402296	Occipital_Sup_R	144	470	0	352	0	0	0	0	0	0	0	164	0	0	0	0	0	610	0	384	0	0	0	0	0	0	0	0	0	0	0	0	378	3642	128	900	0	0	0	170	0	0	3668	24734	1984	39958	3584	9186	0	0	0	35562	0	2848	0	4222	0	3320	0	10418	0	4020	0	742	0	8408	3900	28722	0	1472	132	114	0	0	0	0	0	0	0	0	0	1256	0	0	0	4064	0	0	0	476	0	0	0	0	0	0	278	274	0	0	0	0	0	0	0	0	0	0	0	0	464	0	0	0	0	0	
597980	Occipital_Mid_L	1804	0	146	0	0	0	202	0	0	0	192	0	0	0	0	0	1170	0	250	130	0	0	0	0	0	0	0	0	706	0	0	0	3882	0	774	636	580	0	1188	0	0	0	17922	392	14390	172	26928	252	35198	0	0	0	19422	0	17618	0	6026	0	20114	0	22158	0	4676	0	20066	0	25252	2446	11926	0	0	0	0	0	0	0	0	0	400	0	1988	0	0	0	25326	0	0	0	11340	0	2228	0	0	0	0	0	490	0	492	0	0	0	0	0	0	0	0	0	0	0	0	108	0	0	0	0	
320072	Occipital_Mid_R	110	704	0	244	0	0	0	0	0	0	0	146	0	0	0	0	0	346	0	274	0	0	0	0	0	0	0	0	0	0	0	0	176	2902	0	820	0	0	0	0	0	0	216	12268	142	18690	164	3156	0	35562	0	0	0	6090	0	5376	0	3964	0	8440	0	5244	0	348	0	15014	962	17752	0	3030	144	0	0	0	0	0	0	0	0	0	0	1558	0	0	0	14698	0	0	0	1386	0	0	0	0	0	0	0	0	0	0	0	0	0	0	0	0	0	0	0	0	110	0	0	0	0	0	
179900	Occipital_Inf_L	1130	0	188	0	0	0	230	0	0	0	0	0	0	0	0	0	410	0	0	0	0	0	0	0	0	0	0	0	704	0	0	0	196	0	370	0	366	0	254	0	0	0	2602	0	1872	0	10774	0	844	0	19422	0	0	0	18766	0	1372	0	0	0	624	0	276	0	342	0	2136	0	542	0	0	0	0	0	0	0	0	0	724	0	740	0	0	0	5304	0	0	0	10032	0	1696	0	0	0	0	0	3694	0	3964	0	0	0	0	0	0	0	0	0	0	0	376	0	0	0	0	0	
105064	Occipital_Inf_R	0	754	0	0	0	0	0	0	0	0	0	0	0	0	0	0	0	0	0	118	0	0	0	0	0	0	0	0	0	0	0	0	0	362	0	500	0	580	0	596	0	0	156	5446	0	1692	260	3398	0	2848	0	6090	0	0	0	11028	0	1478	0	0	0	0	0	0	0	0	0	3156	0	1188	0	0	0	0	0	0	0	0	0	0	0	136	0	0	0	4044	0	0	0	4260	0	494	0	0	0	0	206	1030	216	1112	0	0	0	0	0	0	0	0	0	0	988	396	0	0	0	0	
599232	Fusiform_L	3062	0	932	0	116	0	1574	0	110	0	1624	0	0	0	468	0	966	0	430	120	128	0	0	0	0	0	0	0	6994	0	0	0	624	0	912	118	16882	0	14658	0	4374	0	3612	0	2208	0	29196	390	1674	0	17618	0	18766	0	0	312	1888	0	170	0	2112	0	640	0	1646	0	5366	128	1608	0	0	0	1952	0	0	0	368	0	2590	0	9432	0	2744	0	9448	0	702	0	32928	0	28020	1266	0	0	184	0	24368	762	34690	1834	136	0	0	0	178	0	0	0	128	338	2766	2130	702	0	0	524	
620916	Fusiform_R	1412	5522	192	2616	0	0	110	904	0	0	0	490	0	0	0	0	174	942	134	3106	0	0	0	536	0	0	0	0	350	2894	0	0	0	1260	2782	7730	1798	37694	140	35840	0	7440	202	10428	0	1468	1234	22450	110	4222	0	5376	0	11028	312	0	144	3244	0	0	0	122	0	228	0	0	346	12692	274	4348	186	164	0	6630	0	266	1792	2022	154	1174	0	4314	0	4062	0	5590	0	1652	0	18902	650	19004	0	1248	0	394	1578	14196	1226	22200	0	0	0	324	0	0	0	0	0	992	6096	2708	640	0	0	0	
330200	Postcentral_L	37782	776	4482	0	0	0	4696	0	0	0	5508	578	0	0	0	0	8512	0	1014	1576	0	0	0	0	0	0	0	0	8400	0	636	444	472	754	1054	130	2500	176	140	144	0	0	0	0	0	0	292	0	114	0	6026	0	1372	0	1888	144	0	168	7714	0	23166	0	7734	0	2678	0	2366	224	11906	1480	2566	732	2112	0	260	0	750	0	4472	0	4184	0	288	0	944	0	0	0	1746	0	0	0	0	0	0	0	0	0	0	0	0	0	0	0	0	0	0	0	0	0	0	0	0	0	0	0	
251456	Postcentral_R	408	12890	698	3200	0	0	0	1692	0	0	0	5440	0	152	0	0	0	6690	936	3452	0	0	276	474	0	0	0	0	0	1594	0	326	246	3296	0	2052	0	760	0	296	0	0	0	1610	0	2342	0	864	0	3320	0	3964	0	1478	0	3244	168	0	0	7024	0	8984	0	14086	0	2384	840	10428	136	10610	806	892	0	904	0	0	0	180	0	344	0	1884	0	0	0	3674	0	0	0	684	0	0	0	0	0	0	0	0	0	0	0	0	0	0	0	0	0	0	0	0	0	0	0	0	0	0	
170996	Parietal_Sup_L	554	0	0	0	0	0	0	0	0	0	0	0	0	0	0	0	498	0	0	0	0	0	0	0	0	0	0	0	636	0	0	0	744	0	186	334	0	0	0	0	0	0	0	0	912	0	0	0	6666	0	20114	0	0	0	170	0	7714	0	0	0	18030	0	368	0	5166	0	14346	1496	6360	0	0	0	0	0	0	0	0	0	136	0	380	0	0	0	406	0	0	0	282	0	0	0	0	0	0	0	0	0	0	0	0	0	0	0	0	0	0	0	0	0	0	0	0	0	0	0	
148772	Parietal_Sup_R	112	280	0	172	0	0	0	0	0	0	0	214	0	0	0	0	0	254	0	178	0	0	0	0	0	0	0	0	0	0	0	0	0	210	0	0	0	0	0	0	0	0	0	420	0	2954	0	0	0	10418	0	8440	0	0	0	0	0	7024	0	0	0	13774	0	830	0	13810	518	9498	0	416	172	114	0	0	0	0	0	0	0	0	0	838	0	0	0	3282	0	0	0	458	0	0	0	0	0	0	0	0	0	0	0	0	0	0	0	0	0	0	0	0	0	0	0	0	0	0	
283236	Parietal_Inf_L	8124	0	1540	0	0	0	1910	0	0	0	454	0	0	0	0	0	1032	0	170	0	0	0	0	0	0	0	0	0	1846	0	0	0	590	0	0	0	468	0	0	0	0	0	0	0	0	0	546	0	1392	0	22158	0	624	0	2112	0	23166	0	18030	0	0	0	13292	0	21418	0	3984	416	5878	0	0	0	258	0	0	0	0	0	388	0	2218	0	0	0	3212	0	0	0	4172	0	2220	0	0	0	0	0	0	0	0	0	0	0	0	0	0	0	0	0	0	0	0	0	0	0	0	0	
155140	Parietal_Inf_R	110	1760	154	326	0	0	0	406	0	0	0	1628	0	0	0	0	0	158	146	396	0	0	0	0	0	0	0	0	0	0	0	0	0	0	0	0	0	0	0	0	0	0	0	0	0	746	0	0	0	4020	0	5244	0	0	0	122	0	8984	0	13774	0	0	0	9154	0	18914	508	3108	0	584	256	138	0	0	0	0	0	0	0	0	0	752	0	0	0	5174	0	0	0	1008	0	0	0	0	0	0	0	0	0	0	0	0	0	0	0	0	0	0	0	0	0	0	0	0	0	0	
107376	SupraMarginal_L	1512	0	242	0	0	0	0	0	0	0	0	0	0	0	0	0	1358	0	192	0	0	0	0	0	0	0	0	0	258	0	0	0	396	0	0	0	0	0	0	0	0	0	0	0	0	0	456	0	886	0	4676	0	276	0	640	0	7734	0	368	0	13292	0	0	0	5222	0	858	374	554	0	0	0	312	0	0	0	0	0	290	0	8730	0	0	0	4150	0	0	0	750	0	162	0	0	0	0	0	0	0	0	0	0	0	0	0	0	0	0	0	0	0	0	0	0	0	0	0	
122200	SupraMarginal_R	172	3480	190	558	0	0	0	674	0	0	0	2384	0	0	0	0	0	3458	200	630	0	0	0	0	0	0	0	0	0	310	0	0	0	0	0	0	0	0	0	0	0	0	0	0	0	418	0	0	0	742	0	348	0	0	0	228	0	14086	0	830	0	9154	0	0	0	5200	518	2786	0	1368	318	276	0	0	0	0	0	0	0	370	0	6200	0	0	0	5014	0	0	0	1188	0	0	0	0	0	0	0	0	0	0	0	0	0	0	0	0	0	0	0	0	0	0	0	0	0	0	
177732	Angular_L	1048	0	0	0	0	0	130	0	0	0	0	0	0	0	0	0	394	0	0	0	0	0	0	0	0	0	0	0	346	0	0	0	224	0	0	0	0	0	0	0	0	0	162	0	0	0	506	0	858	0	20066	0	342	0	1646	0	2678	0	5166	0	21418	0	5222	0	0	0	2128	286	934	0	0	0	0	0	0	0	0	0	174	0	3646	0	0	0	12220	0	0	0	5684	0	3588	0	0	0	0	0	0	0	0	0	0	0	0	0	0	0	0	0	0	0	0	0	0	0	0	0	
168632	Angular_R	0	258	0	136	0	0	0	0	0	0	0	0	0	0	0	0	0	122	0	118	0	0	0	0	0	0	0	0	0	0	0	0	0	0	0	0	0	0	0	0	0	0	0	150	0	1092	0	0	0	8408	0	15014	0	0	0	0	0	2384	0	13810	0	18914	0	5200	0	0	196	1680	0	336	0	0	0	0	0	0	0	0	0	0	0	4290	0	0	0	10870	0	0	0	1338	0	0	0	0	0	0	0	0	0	0	0	0	0	0	0	0	0	0	0	0	0	0	0	0	0	0	
371240	Precuneus_L	1026	112	204	0	0	0	212	0	0	0	0	0	0	0	0	0	0	224	0	120	0	0	0	0	0	0	0	0	348	0	0	0	6316	912	8948	2340	5788	322	2966	282	0	0	12772	1012	10716	3802	9740	540	17930	3900	25252	962	2136	0	5366	346	2366	840	14346	518	3984	508	858	518	2128	196	0	15624	5912	162	134	0	182	0	122	0	134	0	370	0	356	454	0	0	5128	158	0	0	4786	110	528	0	0	0	0	0	164	316	124	0	0	0	0	0	0	0	0	0	0	0	0	0	0	0	0	0	
500132	Precuneus_R	916	1722	144	796	0	0	0	0	0	0	0	422	0	0	0	0	0	1740	262	1502	0	0	0	0	0	0	0	0	0	328	0	0	2892	8656	2722	11176	152	4908	0	4580	0	0	2062	24710	2040	25942	1304	13690	3006	28722	2446	17752	0	3156	128	12692	224	10428	1496	9498	416	3108	374	2786	286	1680	15624	0	1032	6826	296	220	0	282	0	0	934	410	0	446	0	2936	0	0	758	5188	0	0	498	1746	112	124	0	0	0	0	0	1310	0	0	0	0	0	0	0	0	0	0	0	0	460	0	0	0	0	0	
392724	Paracentral_Lobule_L	37552	2872	9158	1016	0	0	4930	0	0	0	0	0	0	0	0	0	344	0	10888	15076	0	0	0	226	0	0	0	0	342	0	0	298	6222	8064	2948	1606	1550	1028	200	310	0	0	0	0	192	0	1210	154	900	0	11926	0	542	0	1608	274	11906	136	6360	0	5878	0	554	0	934	0	5912	1032	0	11594	2326	3536	780	0	986	0	14966	4712	134	0	930	0	0	0	1296	0	0	0	844	0	110	0	0	0	0	0	0	0	0	0	0	0	0	0	0	0	0	0	0	0	0	0	0	0	0	0	
217088	Paracentral_Lobule_R	5828	6424	416	404	0	0	0	0	0	0	0	242	0	0	0	0	0	526	2096	20540	0	0	0	0	0	0	0	0	176	198	0	0	1924	14360	568	3018	190	1250	0	972	0	0	0	618	0	926	0	386	0	1472	0	3030	0	1188	0	4348	1480	10610	0	416	0	584	0	1368	0	336	162	6826	11594	0	162	414	140	0	0	0	134	380	0	218	0	800	0	0	0	1188	0	0	0	632	0	0	0	0	0	0	0	0	0	0	0	0	0	0	0	0	0	0	0	0	0	0	0	0	0	0	
446520	Caudate_L	7808	4940	17732	6294	6166	954	3282	3268	356	438	4500	4884	2724	690	1018	742	1168	238	12312	3650	8500	8694	830	3174	352	176	3090	146	7474	1688	12338	10562	450	934	208	244	1478	562	214	254	0	0	0	0	0	0	0	0	0	132	0	144	0	0	0	186	2566	806	0	172	0	256	0	318	0	0	134	296	2326	162	0	25472	20130	5970	5956	3428	8988	620	158	0	0	0	210	0	0	298	0	0	0	0	0	0	0	0	0	0	0	0	0	0	0	0	0	0	0	0	0	0	0	0	0	0	0	0	0	0	
806932	Caudate_R	6150	4490	10202	41480	3498	7494	2482	6020	448	1458	2792	11862	1750	5006	458	4142	536	1816	20528	35106	7060	9374	2694	24324	138	6108	2666	2810	6116	14714	8732	40520	410	12454	0	0	2364	502	0	282	0	300	0	0	0	0	0	0	0	114	0	0	0	0	0	164	732	892	0	114	0	138	0	276	0	0	0	220	3536	414	25472	0	9078	24916	936	5430	1982	18752	0	0	0	260	0	458	0	296	0	0	0	0	0	0	0	0	0	0	0	0	0	0	0	0	0	0	0	0	0	0	0	0	0	0	0	0	0	0	
361832	Putamen_L	8508	0	22044	1368	9626	0	6110	0	2456	0	1328	0	1120	0	3256	190	432	0	15108	2176	4246	4832	662	0	118	0	958	0	13402	150	6860	2816	0	116	308	0	11750	0	3468	0	978	0	0	0	0	0	184	0	0	0	0	0	0	0	1952	0	2112	0	0	0	258	0	312	0	0	0	182	0	780	140	20130	9078	0	3378	9354	3124	2482	508	438	0	502	0	166	0	202	0	0	0	1248	0	0	0	0	0	0	0	0	0	0	0	0	0	0	0	0	0	0	0	0	0	0	0	0	0	0	0	
426332	Putamen_R	234	2028	2260	19898	708	5562	354	5432	148	562	346	7356	166	1428	0	2744	0	5024	3920	15978	2888	4456	702	8450	0	3528	942	2556	510	21378	4122	12492	140	1608	0	0	0	12606	0	7646	0	1718	0	0	0	0	0	0	0	0	0	0	0	0	0	6630	0	904	0	0	0	0	0	0	0	0	0	282	0	0	5970	24916	3378	0	132	4148	508	1576	0	1266	0	1256	0	588	0	388	0	0	0	536	0	0	0	0	0	0	0	248	0	550	0	0	0	0	0	0	0	0	0	0	0	0	0	0	0	0	
74548	Pallidum_L	3334	246	4036	228	0	0	1984	0	0	0	0	0	0	0	0	0	0	0	2314	284	194	342	0	0	0	0	0	0	434	0	0	0	0	0	202	0	1730	0	288	0	0	0	0	0	0	0	0	0	0	0	0	0	0	0	0	0	260	0	0	0	0	0	0	0	0	0	122	0	986	0	5956	936	9354	132	0	764	2970	0	178	0	0	0	0	0	0	0	0	0	0	0	0	0	0	0	0	0	0	0	0	0	0	0	0	0	0	0	0	0	0	0	0	0	0	0	0	0	
64676	Pallidum_R	172	0	404	3392	0	0	140	0	0	0	0	0	0	0	0	0	0	0	486	3366	916	1642	0	140	0	0	0	0	0	0	500	508	0	0	0	0	134	484	0	422	0	0	0	0	0	0	0	0	0	0	0	0	0	0	0	266	0	0	0	0	0	0	0	0	0	0	0	0	0	0	3428	5430	3124	4148	764	0	240	2232	0	0	0	0	0	0	0	0	0	0	0	0	0	0	0	0	0	0	0	0	0	0	0	0	0	0	0	0	0	0	0	0	0	0	0	0	0	0	
241548	Thalamus_L	20482	3448	6600	554	0	0	4422	0	0	0	374	0	0	0	0	0	620	0	1940	326	0	0	0	380	0	0	0	0	3198	154	0	440	0	0	3668	7148	7120	5598	954	1968	0	0	0	0	0	0	1094	210	0	0	0	0	0	0	368	1792	750	0	0	0	0	0	0	0	0	0	134	934	14966	134	8988	1982	2482	508	2970	240	0	10674	540	284	608	0	0	0	332	0	0	0	610	0	0	0	0	0	0	0	0	0	0	0	0	0	0	0	0	0	0	0	0	780	0	0	0	0	0	0	
211044	Thalamus_R	6632	7086	3050	6602	0	0	1410	108	0	0	0	252	0	0	0	0	0	118	2922	5002	0	0	0	1684	0	0	0	0	2624	646	0	1810	0	168	1972	5624	3784	6858	374	2934	0	0	0	0	0	0	292	612	0	0	0	0	0	0	0	2022	0	180	0	0	0	0	0	0	0	0	0	410	4712	380	620	18752	508	1576	0	2232	10674	0	0	484	0	162	0	0	0	0	0	0	0	0	0	0	0	0	0	0	0	246	0	0	0	0	0	0	0	0	0	0	0	0	0	0	0	0	0	0	
111540	Heschl_L	4720	0	1474	0	0	0	1348	0	0	0	1016	0	0	0	0	0	8338	0	310	0	0	0	0	0	0	0	0	0	8214	0	0	0	0	0	548	156	4054	156	0	154	0	0	0	0	0	0	0	0	0	0	400	0	724	0	2590	154	4472	0	136	0	388	0	290	0	174	0	370	0	134	0	158	0	438	0	178	0	540	0	0	0	6468	0	438	0	4070	0	0	0	3024	0	136	0	0	0	0	0	0	0	0	0	0	0	0	0	0	0	0	0	0	0	0	0	0	0	0	0	
59088	Heschl_R	120	692	0	1220	0	0	0	364	0	0	0	224	0	0	0	0	0	5444	334	1306	0	0	0	0	0	0	0	0	0	4660	0	0	108	348	440	498	326	2154	0	602	0	0	0	0	0	0	0	0	0	0	0	0	0	0	0	1174	0	344	0	0	0	0	0	370	0	0	0	446	0	218	0	0	0	1266	0	0	284	484	0	0	0	5012	0	0	0	880	0	0	0	226	0	0	0	0	0	0	0	0	0	0	0	0	0	0	0	0	0	0	0	0	0	0	0	0	0	0	
263632	Temporal_Sup_L	3746	0	2542	0	0	0	1914	0	0	0	3714	0	0	0	0	0	11296	0	1930	0	0	0	0	0	0	0	0	0	11548	0	0	0	0	0	168	0	4138	0	1174	0	0	0	0	0	0	0	814	0	226	0	1988	0	740	0	9432	0	4184	0	380	0	2218	0	8730	0	3646	0	356	0	930	0	0	0	502	0	0	0	608	0	6468	0	0	0	4130	0	26096	0	154	0	14832	0	2264	0	0	0	0	0	194	0	754	0	0	0	0	0	0	0	0	0	0	0	0	0	0	0	0	0	
175072	Temporal_Sup_R	0	608	0	1004	0	0	0	408	0	0	0	800	0	0	0	442	0	7072	156	1062	0	0	0	202	0	0	0	0	0	7676	0	0	0	252	0	150	0	2120	0	1696	0	0	0	174	0	990	0	0	0	1256	0	1558	0	136	0	4314	0	1884	0	838	0	752	0	6200	0	4290	454	2936	0	800	0	260	0	1256	0	0	0	162	0	5012	0	0	0	3416	0	20778	0	624	0	5400	0	0	0	0	0	0	0	398	0	0	0	0	0	0	0	0	0	0	0	0	0	0	0	0	0	0	
92100	Temporal_Pole_Sup_L	224	0	1466	0	1626	0	0	0	932	0	2710	0	392	0	3864	0	2558	0	1384	0	1344	0	0	0	0	0	214	0	6460	0	0	0	0	0	0	0	504	0	1338	0	990	0	0	0	0	0	0	0	0	0	0	0	0	0	2744	0	288	0	0	0	0	0	0	0	0	0	0	0	0	0	210	0	166	0	0	0	0	0	438	0	4130	0	0	0	4558	0	2376	0	5134	0	0	0	0	0	0	0	0	0	0	0	0	0	0	0	0	0	0	0	0	0	0	0	0	0	0	0	
65044	Temporal_Pole_Sup_R	0	0	0	744	0	0	0	548	0	0	0	1328	0	0	0	1164	0	2026	302	846	0	244	0	244	0	0	0	0	0	3000	0	0	0	152	0	0	0	462	0	2206	0	2172	0	0	0	0	0	0	0	0	0	0	0	0	0	4062	0	0	0	0	0	0	0	0	0	0	0	0	0	0	0	458	0	588	0	0	0	0	0	0	0	3416	0	0	0	1584	0	3534	0	3442	0	0	0	0	0	0	0	0	0	0	0	0	0	0	0	0	0	0	0	0	0	0	0	0	0	0	
349004	Temporal_Mid_L	1706	0	488	0	0	0	466	0	0	0	340	0	0	0	146	0	2448	0	356	0	0	0	0	0	0	0	0	0	3946	0	0	0	1198	0	170	0	2732	0	112	0	0	0	1478	0	1658	0	1646	0	5198	0	25326	0	5304	0	9448	0	944	0	406	0	3212	0	4150	0	12220	0	5128	758	1296	0	0	0	202	0	0	0	332	0	4070	0	26096	0	4558	0	0	0	1902	0	40934	0	3900	0	0	0	0	0	0	0	228	0	0	0	0	0	0	0	0	0	0	0	0	0	0	0	0	0	
266200	Temporal_Mid_R	118	1460	204	638	0	0	0	186	0	0	0	518	0	0	0	0	0	1218	238	648	0	0	0	110	0	0	0	0	0	2432	0	0	0	272	0	276	0	2438	0	714	0	0	0	4636	0	2862	0	456	0	4064	0	14698	0	4044	0	5590	0	3674	0	3282	0	5174	0	5014	0	10870	158	5188	0	1188	298	296	0	388	0	0	0	0	0	880	0	20778	0	1584	0	0	0	2640	0	23868	0	0	0	0	0	0	0	0	0	0	0	0	0	0	0	0	0	0	0	0	0	0	0	0	0	0	
15632	Temporal_Pole_Mid_L	0	0	0	0	0	0	0	0	0	0	0	0	0	0	282	0	0	0	0	0	0	0	0	0	0	0	0	0	240	0	0	0	0	0	0	0	0	0	212	0	128	0	0	0	0	0	0	0	0	0	0	0	0	0	702	0	0	0	0	0	0	0	0	0	0	0	0	0	0	0	0	0	0	0	0	0	0	0	0	0	154	0	2376	0	1902	0	0	0	1820	0	0	0	0	0	0	0	0	0	0	0	0	0	0	0	0	0	0	0	0	0	0	0	0	0	0	0	
25244	Temporal_Pole_Mid_R	0	0	0	0	0	0	0	0	0	0	0	0	0	0	0	0	0	0	0	0	0	0	0	0	0	0	0	0	0	0	0	0	0	0	0	0	0	0	0	1172	0	1046	0	0	0	0	0	0	0	0	0	0	0	0	0	1652	0	0	0	0	0	0	0	0	0	0	0	0	0	0	0	0	0	0	0	0	0	0	0	0	0	624	0	3534	0	2640	0	0	0	1954	0	0	0	0	0	0	0	0	0	0	0	0	0	0	0	0	0	0	0	0	0	0	0	0	0	0	
414072	Temporal_Inf_L	2986	0	964	0	0	0	1546	0	0	0	1650	0	0	0	210	0	1318	0	484	0	0	0	0	0	0	0	0	0	7684	0	0	0	1194	0	550	0	10008	0	3442	0	1456	0	1950	0	1734	0	2498	0	2982	0	11340	0	10032	0	32928	0	1746	0	282	0	4172	0	750	0	5684	0	4786	498	844	0	0	0	1248	0	0	0	610	0	3024	0	14832	0	5134	0	40934	0	1820	0	0	0	16610	0	0	0	0	0	1756	0	5202	0	0	0	0	0	0	0	0	0	0	148	0	0	0	0	0	0	
172632	Temporal_Inf_R	0	546	0	328	0	0	0	264	0	0	0	0	0	0	0	0	0	0	0	438	0	0	0	168	0	0	0	0	0	1018	0	0	0	168	0	688	0	4394	0	2214	0	2040	0	1764	0	318	0	476	0	476	0	1386	0	4260	0	18902	0	684	0	458	0	1008	0	1188	0	1338	110	1746	0	632	0	0	0	536	0	0	0	0	0	226	0	5400	0	3442	0	23868	0	1954	0	0	0	2644	0	234	0	0	0	254	0	746	0	0	0	0	0	0	0	0	0	0	0	0	0	0	0	0	
639160	Cerebelum_Crus1_L	180	0	0	0	0	0	0	0	0	0	126	0	0	0	0	0	0	0	0	0	0	0	0	0	0	0	0	0	414	0	0	0	162	0	0	0	108	0	358	0	0	0	144	0	0	0	5770	1298	414	0	2228	0	1696	0	28020	650	0	0	0	0	2220	0	162	0	3588	0	528	112	110	0	0	0	0	0	0	0	0	0	136	0	2264	0	0	0	3900	0	0	0	16610	0	0	7894	26632	3802	3086	1078	29302	1462	66410	8728	16804	808	16608	3618	11632	2602	1502	0	2828	4672	6908	8540	15636	1988	3696	2146	
576832	Cerebelum_Crus1_R	0	110	0	0	0	0	0	0	0	0	0	0	0	0	0	0	0	0	0	0	0	0	0	0	0	0	0	0	0	0	0	0	0	0	0	0	0	368	0	514	0	0	0	0	0	0	2492	6232	0	0	0	0	0	494	1266	19004	0	0	0	0	0	0	0	0	0	0	0	124	0	0	0	0	0	0	0	0	0	0	0	0	0	0	0	0	0	0	0	0	0	2644	7894	0	730	35372	1746	6456	6174	21888	9002	63792	484	4624	1090	24574	1750	9892	260	1986	1040	8158	12432	11378	13606	3772	4558	2510	
254812	Cerebelum_Crus2_L	0	0	0	0	0	0	0	0	0	0	0	0	0	0	0	0	0	0	0	0	0	0	0	0	0	0	0	0	0	0	0	0	0	0	0	0	0	0	0	0	0	0	0	0	0	0	0	0	0	0	0	0	0	0	0	0	0	0	0	0	0	0	0	0	0	0	0	0	0	0	0	0	0	0	0	0	0	0	0	0	0	0	0	0	0	0	0	0	0	0	26632	730	0	4768	0	0	0	0	2738	498	33526	2350	30428	4426	6946	1780	0	0	0	0	0	358	7126	2654	1946	500	
296836	Cerebelum_Crus2_R	0	0	0	0	0	0	0	0	0	0	0	0	0	0	0	0	0	0	0	0	0	0	0	0	0	0	0	0	0	0	0	0	0	0	0	0	0	0	0	0	0	0	0	0	0	0	0	0	0	0	0	0	0	0	0	1248	0	0	0	0	0	0	0	0	0	0	0	0	0	0	0	0	0	0	0	0	0	0	0	0	0	0	0	0	0	0	0	0	0	234	3802	35372	4768	0	158	902	242	1198	382	8332	2796	21280	2586	37224	1638	9026	0	1244	0	758	388	232	9914	1380	2546	768	
75496	Cerebelum_3_L	0	0	0	0	0	0	0	0	0	0	0	0	0	0	0	0	0	0	0	0	0	0	0	0	0	0	0	0	0	0	0	0	0	0	0	0	116	0	350	0	0	0	0	0	0	0	322	0	0	0	0	0	0	0	184	0	0	0	0	0	0	0	0	0	0	0	0	0	0	0	0	0	0	0	0	0	0	0	0	0	0	0	0	0	0	0	0	0	0	0	3086	1746	0	158	0	1632	8598	280	3864	1676	206	0	250	222	1792	1044	144	0	1972	6706	1668	436	684	220	392	0	
92976	Cerebelum_3_R	0	0	0	0	0	0	0	0	0	0	0	0	0	0	0	0	0	0	0	0	0	0	0	0	0	0	0	0	0	0	0	0	0	0	0	0	0	0	0	0	0	0	0	0	0	0	152	852	0	0	0	0	0	0	0	394	0	0	0	0	0	0	0	0	0	0	0	0	0	0	0	0	0	0	0	0	0	0	0	0	0	0	0	0	0	0	0	0	0	0	1078	6456	0	902	1632	0	2052	6410	1230	8498	142	0	0	894	266	1886	0	0	468	8320	2004	728	962	550	612	0	
419944	Cerebelum_4_5_L	0	0	0	0	0	0	0	0	0	0	0	0	0	0	0	0	0	0	0	0	0	0	0	0	0	0	0	0	296	0	0	0	0	0	0	0	638	0	1366	0	204	0	276	358	0	138	16108	3196	0	278	490	0	3694	206	24368	1578	0	0	0	0	0	0	0	0	0	0	164	0	0	0	0	0	0	0	0	0	0	0	0	0	194	0	0	0	0	0	0	0	1756	0	29302	6174	0	242	8598	2052	0	7134	47392	7798	710	0	918	372	4326	752	140	0	3760	8324	18360	3860	1470	310	522	2148	
279856	Cerebelum_4_5_R	0	0	0	0	0	0	0	0	0	0	0	0	0	0	0	0	0	0	0	0	0	0	0	0	0	0	0	0	0	108	0	0	0	0	342	552	0	1618	0	3668	0	0	122	642	0	152	2686	12074	118	274	0	0	0	1030	762	14196	0	0	0	0	0	0	0	0	0	0	316	1310	0	0	0	0	0	248	0	0	0	246	0	0	0	398	0	0	0	0	0	0	0	254	1462	21888	0	1198	280	6410	7134	0	2960	30754	0	0	122	892	0	548	0	0	370	6004	15846	1480	758	270	234	202	
568148	Cerebelum_6_L	0	0	0	0	0	0	0	0	0	0	110	0	0	0	0	0	0	0	0	0	0	0	0	0	0	0	0	0	326	0	0	0	0	0	0	0	0	0	722	0	0	0	204	346	0	0	14124	3504	0	0	492	0	3964	216	34690	1226	0	0	0	0	0	0	0	0	0	0	124	0	0	0	0	0	0	0	0	0	0	0	0	0	754	0	0	0	228	0	0	0	5202	0	66410	9002	2738	382	3864	1230	47392	2960	0	11218	5108	0	6244	550	9614	1096	1500	0	3026	5292	11538	12826	10230	1212	1910	2500	
519636	Cerebelum_6_R	0	108	0	0	0	0	0	0	0	0	0	0	0	0	0	0	0	0	0	0	0	0	0	0	0	0	0	0	0	0	0	0	0	0	0	0	0	1114	0	1332	0	0	116	224	0	0	3404	9108	0	0	0	0	0	1112	1834	22200	0	0	0	0	0	0	0	0	0	0	0	0	0	0	0	0	0	550	0	0	0	0	0	0	0	0	0	0	0	0	0	0	0	746	8728	63792	498	8332	1676	8498	7798	30754	11218	0	452	0	1026	6742	1364	5034	262	1548	1386	9096	15514	14474	9860	3614	3960	2344	
240628	Cerebelum_7b_L	0	0	0	0	0	0	0	0	0	0	0	0	0	0	0	0	0	0	0	0	0	0	0	0	0	0	0	0	0	0	0	0	0	0	0	0	0	0	0	0	0	0	0	0	0	0	0	0	0	0	0	0	0	0	136	0	0	0	0	0	0	0	0	0	0	0	0	0	0	0	0	0	0	0	0	0	0	0	0	0	0	0	0	0	0	0	0	0	0	0	16804	484	33526	2796	206	142	710	0	5108	452	0	1724	33338	3554	7964	1424	714	0	0	298	280	112	5088	3436	1596	422	
130536	Cerebelum_7b_R	0	0	0	0	0	0	0	0	0	0	0	0	0	0	0	0	0	0	0	0	0	0	0	0	0	0	0	0	0	0	0	0	0	0	0	0	0	0	0	0	0	0	0	0	0	0	0	0	0	0	0	0	0	0	0	0	0	0	0	0	0	0	0	0	0	0	0	0	0	0	0	0	0	0	0	0	0	0	0	0	0	0	0	0	0	0	0	0	0	0	808	4624	2350	21280	0	0	0	0	0	0	1724	0	1472	23174	172	5756	0	0	0	0	0	0	2292	1616	0	0	
292896	Cerebelum_8_L	0	0	0	0	0	0	0	0	0	0	0	0	0	0	0	0	0	0	0	0	0	0	0	0	0	0	0	0	0	0	0	0	0	0	0	0	0	0	0	0	0	0	0	0	0	0	0	0	0	0	0	0	0	0	0	0	0	0	0	0	0	0	0	0	0	0	0	0	0	0	0	0	0	0	0	0	0	0	0	0	0	0	0	0	0	0	0	0	0	0	16608	1090	30428	2586	250	0	918	122	6244	1026	33338	1472	0	4218	24114	2122	2028	0	0	184	184	296	8560	5768	3714	1178	
318748	Cerebelum_8_R	0	0	0	0	0	0	0	0	0	0	0	0	0	0	0	0	0	0	0	0	0	0	0	0	0	0	0	0	0	0	0	0	0	0	0	0	0	0	0	0	0	0	0	0	0	0	0	0	0	0	0	0	0	0	0	324	0	0	0	0	0	0	0	0	0	0	0	0	0	0	0	0	0	0	0	0	0	0	0	0	0	0	0	0	0	0	0	0	0	0	3618	24574	4426	37224	222	894	372	892	550	6742	3554	23174	4218	0	2958	23326	0	1660	130	1034	598	218	9510	3880	4022	1254	
200824	Cerebelum_9_L	0	0	0	0	0	0	0	0	0	0	0	0	0	0	0	0	0	0	0	0	0	0	0	0	0	0	0	0	0	0	0	0	0	0	0	0	0	0	0	0	0	0	0	0	0	0	140	0	0	0	0	0	0	0	178	0	0	0	0	0	0	0	0	0	0	0	0	0	0	0	0	0	0	0	0	0	0	0	0	0	0	0	0	0	0	0	0	0	0	0	11632	1750	6946	1638	1792	266	4326	0	9614	1364	7964	172	24114	2958	0	4306	3696	0	266	720	366	846	6224	2566	5086	1482	
192060	Cerebelum_9_R	0	0	0	0	0	0	0	0	0	0	0	0	0	0	0	0	0	0	0	0	0	0	0	0	0	0	0	0	0	0	0	0	0	0	0	0	0	0	0	0	0	0	0	0	0	0	0	0	0	0	0	0	0	0	0	0	0	0	0	0	0	0	0	0	0	0	0	0	0	0	0	0	0	0	0	0	0	0	0	0	0	0	0	0	0	0	0	0	0	0	2602	9892	1780	9026	1044	1886	752	548	1096	5034	1424	5756	2122	23326	4306	0	292	1944	316	2296	326	2278	5408	3538	6802	2236	
22772	Cerebelum_10_L	0	0	0	0	0	0	0	0	0	0	0	0	0	0	0	0	0	0	0	0	0	0	0	0	0	0	0	0	0	0	0	0	0	0	0	0	0	0	0	0	0	0	0	0	0	0	0	0	0	0	0	0	0	0	0	0	0	0	0	0	0	0	0	0	0	0	0	0	0	0	0	0	0	0	0	0	0	0	0	0	0	0	0	0	0	0	0	0	0	0	1502	260	0	0	144	0	140	0	1500	262	714	0	2028	0	3696	292	0	0	0	0	0	0	680	0	168	0	
