data	data	640328	338508	1.07686e+06	900456	169304	168668	578984	313956	74612	47424	384024	240416	296664	258748	168664	138688	335796	132768	902252	895256	100388	156632	324588	307072	67496	171480	89836	126648	682556	526568	459244	597112	211812	637988	362620	373060	435740	597416	170360	380096	47088	64628	373564	392772	273588	438608	402364	468036	257272	410572	584412	333900	206552	84452	568488	508492	342912	220768	141144	96292	228464	113940	187044	142412	166728	116388	472608	671224	131720	182380	353296	353364	455732	408552	56100	75872	373292	315396	140200	83608	350812	225532	160372	98612	434024	227852	24016	32584	437660	300600	448052	405808	322136	331092	41692	65760	314868	240176	478784	430392	280128	165828	322924	307436	112928	138708	16256	13224	33884	71080	259912	243208	229292	151164	94988	24700	
data	data	Precentral_L	Precentral_R	Frontal_Sup_L	Frontal_Sup_R	Frontal_Sup_Orb_L	Frontal_Sup_Orb_R	Frontal_Mid_L	Frontal_Mid_R	Frontal_Mid_Orb_L	Frontal_Mid_Orb_R	Frontal_Inf_Oper_L	Frontal_Inf_Oper_R	Frontal_Inf_Tri_L	Frontal_Inf_Tri_R	Frontal_Inf_Orb_L	Frontal_Inf_Orb_R	Rolandic_Oper_L	Rolandic_Oper_R	Supp_Motor_Area_L	Supp_Motor_Area_R	Olfactory_L	Olfactory_R	Frontal_Sup_Medial_L	Frontal_Sup_Medial_R	Frontal_Med_Orb_L	Frontal_Med_Orb_R	Rectus_L	Rectus_R	Insula_L	Insula_R	Cingulum_Ant_L	Cingulum_Ant_R	Cingulum_Mid_L	Cingulum_Mid_R	Cingulum_Post_L	Cingulum_Post_R	Hippocampus_L	Hippocampus_R	ParaHippocampal_L	ParaHippocampal_R	Amygdala_L	Amygdala_R	Calcarine_L	Calcarine_R	Cuneus_L	Cuneus_R	Lingual_L	Lingual_R	Occipital_Sup_L	Occipital_Sup_R	Occipital_Mid_L	Occipital_Mid_R	Occipital_Inf_L	Occipital_Inf_R	Fusiform_L	Fusiform_R	Postcentral_L	Postcentral_R	Parietal_Sup_L	Parietal_Sup_R	Parietal_Inf_L	Parietal_Inf_R	SupraMarginal_L	SupraMarginal_R	Angular_L	Angular_R	Precuneus_L	Precuneus_R	Paracentral_Lobule_L	Paracentral_Lobule_R	Caudate_L	Caudate_R	Putamen_L	Putamen_R	Pallidum_L	Pallidum_R	Thalamus_L	Thalamus_R	Heschl_L	Heschl_R	Temporal_Sup_L	Temporal_Sup_R	Temporal_Pole_Sup_L	Temporal_Pole_Sup_R	Temporal_Mid_L	Temporal_Mid_R	Temporal_Pole_Mid_L	Temporal_Pole_Mid_R	Temporal_Inf_L	Temporal_Inf_R	Cerebelum_Crus1_L	Cerebelum_Crus1_R	Cerebelum_Crus2_L	Cerebelum_Crus2_R	Cerebelum_3_L	Cerebelum_3_R	Cerebelum_4_5_L	Cerebelum_4_5_R	Cerebelum_6_L	Cerebelum_6_R	Cerebelum_7b_L	Cerebelum_7b_R	Cerebelum_8_L	Cerebelum_8_R	Cerebelum_9_L	Cerebelum_9_R	Cerebelum_10_L	Cerebelum_10_R	Vermis_1_2	Vermis_3	Vermis_4_5	Vermis_6	Vermis_7	Vermis_8	Vermis_9	Vermis_10	
640328	Precentral_L	0	4558	29094	6776	0	0	37664	490	0	0	19056	354	2528	148	0	0	7926	0	14718	5192	0	0	0	0	0	0	0	0	9260	1212	234	0	596	1220	10404	5286	9228	4684	708	2588	112	0	1710	154	1790	0	820	1380	770	0	1964	0	492	0	2326	1052	33256	420	390	0	5988	0	4196	250	1194	0	5750	1144	7476	0	14264	346	9412	1354	3342	222	25098	5836	6500	218	1494	528	602	0	690	404	0	0	858	856	138	0	0	0	0	0	0	832	132	0	0	0	0	0	0	0	0	0	0	0	480	0	0	0	0	0	
338508	Precentral_R	4558	0	5094	17434	0	0	1612	10266	0	0	550	11464	874	1122	0	0	332	4058	4292	9214	0	118	0	0	0	0	0	0	884	2624	952	360	366	2308	4102	7204	782	6604	0	2444	0	0	0	498	164	450	0	1090	0	364	0	838	0	138	0	1426	936	15752	0	402	142	2830	0	7066	0	286	852	2822	528	1046	1504	6954	1112	2890	0	1664	2380	12364	152	468	0	442	0	0	0	708	0	0	0	726	0	0	0	0	0	0	0	642	0	0	0	0	0	0	0	0	0	0	0	0	0	0	0	0	0	0	
1.07686e+06	Frontal_Sup_L	29094	5094	0	11568	10434	0	72230	3020	2408	0	22388	2180	28502	520	6802	0	9978	0	106884	18324	0	0	41428	1536	2086	0	0	0	24474	1056	25710	2794	7212	4988	988	1018	3330	4230	182	560	0	0	0	0	0	0	0	252	284	0	478	0	0	0	492	304	7274	548	202	0	2098	0	2834	438	638	0	568	332	1186	0	16540	1292	19612	4598	6184	948	8028	2012	1966	0	3708	0	3356	0	632	0	0	0	286	208	0	0	0	0	0	0	0	112	0	0	0	0	0	0	0	0	0	0	0	0	0	0	0	0	0	0	
900456	Frontal_Sup_R	6776	17434	11568	0	136	8490	3048	37292	0	1620	1764	5768	628	13928	0	5790	974	1506	22992	80894	122	178	7082	35932	698	4826	0	178	2088	14740	5004	38102	1620	29602	4668	7432	390	3964	110	1686	0	0	0	120	256	144	0	482	0	0	128	0	0	0	108	984	918	1384	0	0	138	308	0	1134	0	0	836	1478	1712	468	5378	18124	2010	12994	0	3858	5852	10218	132	0	346	134	656	290	0	0	0	0	0	320	0	0	0	0	0	0	0	288	0	0	0	0	0	0	0	0	0	0	0	0	0	0	0	0	0	0	
169304	Frontal_Sup_Orb_L	0	0	10434	136	0	0	4382	0	10614	0	0	0	3446	0	14562	0	0	0	666	0	2798	424	6708	512	4830	320	7774	346	5720	0	6580	860	258	0	0	0	0	0	108	0	0	0	0	0	0	0	0	0	0	0	0	0	0	0	0	0	0	0	0	0	0	0	0	0	0	0	0	0	0	0	1322	142	1592	118	0	0	0	0	0	0	0	0	0	0	0	0	0	0	0	0	0	0	0	0	0	0	0	0	0	0	0	0	0	0	0	0	0	0	0	0	0	0	0	0	0	0	
168668	Frontal_Sup_Orb_R	0	0	0	8490	0	0	0	1206	0	5624	0	292	0	1348	0	10634	0	0	0	260	0	4924	138	6384	486	11234	514	9146	0	7488	232	5740	0	0	0	0	0	634	0	622	0	364	0	0	0	0	0	0	0	0	0	0	0	0	0	508	0	0	0	0	0	0	0	0	0	0	0	0	0	0	0	3800	0	3528	0	236	0	0	0	0	0	0	0	502	0	0	0	0	0	0	0	0	0	0	0	0	0	0	0	0	0	0	0	0	0	0	0	0	0	0	0	0	0	0	0	0	
578984	Frontal_Mid_L	37664	1612	72230	3048	4382	0	0	280	2026	0	11092	524	26138	0	5448	0	5496	0	16802	1674	0	0	14796	170	484	0	0	0	15006	398	5102	686	980	596	1142	1300	3516	2962	188	1180	0	0	0	128	0	0	122	646	126	0	224	0	0	0	290	384	3242	224	0	0	1550	0	1372	156	598	0	480	558	594	0	7064	168	3234	1942	1762	0	16984	2056	1630	0	2792	154	2710	0	542	108	0	0	0	224	0	0	0	0	0	0	0	344	0	0	0	0	0	0	0	0	0	0	0	0	162	0	0	0	0	0	
313956	Frontal_Mid_R	490	10266	3020	37292	0	1206	280	0	0	1974	244	12780	142	21800	0	2502	0	936	6754	11276	0	0	1472	6980	0	0	0	0	0	7238	2908	8770	0	7674	142	176	144	1622	0	148	0	0	0	0	0	0	0	0	0	0	0	0	0	0	0	140	0	938	0	0	0	218	0	840	0	0	0	140	0	0	770	732	326	3282	0	224	390	742	0	0	0	0	0	0	0	0	0	0	0	0	0	0	0	0	0	0	0	0	0	0	0	0	0	0	0	0	0	0	0	0	0	0	0	0	0	0	
74612	Frontal_Mid_Orb_L	0	0	2408	0	10614	0	2026	0	0	0	0	0	2928	0	13506	0	0	0	0	0	0	0	922	0	240	0	1894	0	1544	0	748	0	0	0	0	0	0	0	0	0	0	0	0	0	0	0	0	0	0	0	0	0	0	0	0	0	0	0	0	0	0	0	0	0	0	0	0	0	0	0	210	0	266	0	0	0	0	0	0	0	0	0	0	0	0	0	0	0	0	0	0	0	0	0	0	0	0	0	0	0	0	0	0	0	0	0	0	0	0	0	0	0	0	0	0	0	
47424	Frontal_Mid_Orb_R	0	0	0	1620	0	5624	0	1974	0	0	0	0	0	1244	0	8064	0	0	0	0	0	306	0	414	0	842	0	984	0	1188	0	626	0	0	0	0	0	0	0	0	0	0	0	0	0	0	0	0	0	0	0	0	0	0	0	0	0	0	0	0	0	0	0	0	0	0	0	0	0	0	0	434	0	392	0	0	0	0	0	0	0	0	0	0	0	0	0	0	0	0	0	0	0	0	0	0	0	0	0	0	0	0	0	0	0	0	0	0	0	0	0	0	0	0	0	0	
384024	Frontal_Inf_Oper_L	19056	550	22388	1764	0	0	11092	244	0	0	0	1100	15002	108	1034	238	18522	0	15468	1828	0	0	604	0	0	0	0	0	20640	818	7440	526	522	262	0	0	528	948	0	0	0	0	0	0	0	0	0	0	238	0	506	0	0	0	522	0	9060	0	130	0	2152	0	3872	0	1256	0	184	0	0	0	7032	318	6350	1274	0	188	196	0	642	0	6852	0	8810	0	1152	0	0	0	596	0	0	0	0	0	0	0	0	0	0	0	0	0	0	0	0	0	0	0	0	0	0	0	0	0	0	0	
240416	Frontal_Inf_Oper_R	354	11464	2180	5768	0	292	524	12780	0	0	1100	0	1034	13956	0	2308	294	4350	3304	5666	0	0	190	966	0	204	0	0	454	14980	4058	10194	0	2568	124	174	138	1828	0	236	0	0	0	0	0	0	0	0	0	0	0	0	0	0	0	218	0	4306	0	144	0	906	0	2612	0	0	0	188	0	0	1380	2444	666	3792	0	364	406	692	0	202	140	0	260	0	0	0	0	0	0	0	0	0	0	0	0	0	0	0	0	0	0	0	0	0	0	0	0	0	0	0	0	0	0	0	0	0	
296664	Frontal_Inf_Tri_L	2528	874	28502	628	3446	0	26138	142	2928	0	15002	1034	0	0	9024	0	1232	0	7850	726	0	0	2800	0	968	0	0	0	21266	310	12610	668	422	358	0	0	0	1624	0	0	0	0	0	0	0	0	0	0	0	0	0	0	0	0	0	0	810	0	0	0	0	0	0	0	0	0	0	0	0	0	2022	182	788	1972	0	124	0	0	162	0	284	0	908	0	0	0	0	0	0	0	0	0	0	0	0	0	0	0	0	0	0	0	0	0	0	0	0	0	0	0	0	0	0	0	0	0	
258748	Frontal_Inf_Tri_R	148	1122	520	13928	0	1348	0	21800	0	1244	108	13956	0	0	0	3814	0	1454	4332	6352	0	0	670	6998	190	1032	0	0	170	18874	3698	14996	0	5858	0	0	0	908	0	0	0	0	0	0	0	0	0	0	0	0	0	0	0	0	0	0	0	288	0	0	0	0	0	132	0	0	0	0	0	0	572	1478	440	2486	0	0	156	302	0	0	0	0	0	0	0	0	0	0	0	0	0	0	0	0	0	0	0	0	0	0	0	0	0	0	0	0	0	0	0	0	0	0	0	0	0	0	
168664	Frontal_Inf_Orb_L	0	0	6802	0	14562	0	5448	0	13506	0	1034	0	9024	0	0	0	0	0	678	0	4026	0	3326	0	368	0	2154	0	10964	0	4876	282	278	0	0	0	1280	0	304	0	780	0	0	0	0	0	0	0	0	0	0	0	0	0	676	0	0	0	0	0	0	0	0	0	0	0	0	0	0	0	570	0	1402	0	0	0	0	0	0	0	166	0	1402	0	0	0	0	0	424	0	0	0	0	0	0	0	0	0	0	0	0	0	0	0	0	0	0	0	0	0	0	0	0	0	0	0	
138688	Frontal_Inf_Orb_R	0	0	0	5790	0	10634	0	2502	0	8064	238	2308	0	3814	0	0	0	258	452	620	0	1836	0	3312	0	3822	0	1654	120	11160	176	4312	0	440	0	0	0	752	0	604	0	126	0	0	0	0	0	0	0	0	0	0	0	0	0	598	0	0	0	0	0	0	0	0	0	0	0	0	0	0	0	1450	0	1746	0	144	0	0	0	0	0	340	0	968	0	428	0	0	0	676	0	0	0	0	0	0	0	0	0	0	0	0	0	0	0	0	0	0	0	0	0	0	0	0	0	0	
335796	Rolandic_Oper_L	7926	332	9978	974	0	0	5496	0	0	0	18522	294	1232	0	0	0	0	0	5848	836	0	0	128	0	0	0	0	0	27828	268	1494	0	294	0	414	340	1492	652	140	190	0	0	914	0	628	0	366	0	814	0	3888	0	452	0	1590	0	10564	0	288	0	1018	0	3896	0	388	0	734	0	0	0	5064	108	8742	504	0	0	696	288	8898	0	17380	0	9412	0	4080	0	0	0	2322	0	0	0	0	0	0	0	0	0	186	0	0	0	0	0	0	0	0	0	0	0	0	0	0	0	0	0	
132768	Rolandic_Oper_R	0	4058	0	1506	0	0	0	936	0	0	0	4350	0	1454	0	258	0	0	352	1484	0	0	0	122	0	0	0	0	0	11722	118	910	0	812	0	0	0	1976	0	296	0	0	0	374	0	1054	0	194	0	1000	0	540	0	0	0	632	0	7438	0	128	0	470	0	1946	0	262	426	1802	0	196	0	644	0	3912	0	622	182	390	0	6680	0	5786	0	222	0	670	0	0	0	460	0	0	0	0	0	0	0	0	0	0	0	0	0	0	0	0	0	0	0	0	0	0	0	0	0	0	
902252	Supp_Motor_Area_L	14718	4292	106884	22992	666	0	16802	6754	0	0	15468	3304	7850	4332	678	452	5848	352	0	52210	0	0	11134	2182	154	0	0	0	8858	4300	16162	15162	18530	34394	4120	652	914	1406	0	174	0	0	0	0	210	0	0	0	334	0	486	0	0	0	254	0	6448	462	200	0	1962	0	2790	358	634	0	726	298	5698	252	14066	4766	16092	3504	3750	934	910	728	624	0	1330	0	1096	0	242	0	0	0	228	0	0	0	0	0	0	0	0	0	0	0	0	0	0	0	0	0	0	0	0	0	0	0	0	0	0	0	
895256	Supp_Motor_Area_R	5192	9214	18324	80894	0	260	1674	11276	0	0	1828	5666	726	6352	0	620	836	1484	52210	0	0	0	2650	7338	0	286	0	0	1694	7426	5026	20282	8770	66118	3132	11286	0	2836	0	1216	0	0	140	3782	174	5764	0	1486	0	4330	0	3452	0	274	0	974	330	2528	0	266	0	552	0	910	0	0	762	14874	2050	16624	5224	19742	1486	11818	0	3542	1952	6436	0	0	318	208	668	198	0	554	0	0	0	630	0	0	0	0	0	0	0	178	0	0	0	0	0	0	0	0	0	0	0	0	786	0	0	0	0	0	
100388	Olfactory_L	0	0	0	122	2798	0	0	0	0	0	0	0	0	0	4026	0	0	0	0	0	0	4256	0	0	574	1456	4012	1764	5844	0	2324	2070	0	0	0	0	1908	0	1616	0	1872	0	0	0	0	0	0	0	0	0	0	0	0	0	1088	0	0	0	0	0	0	0	0	0	0	0	0	0	0	0	5292	2142	2744	834	148	182	752	422	0	0	392	0	894	0	116	0	0	0	546	0	0	0	0	0	0	0	0	0	0	0	0	0	0	0	0	0	0	0	0	0	0	0	0	0	0	0	
156632	Olfactory_R	0	118	0	178	424	4924	0	0	0	306	0	0	0	0	0	1836	0	0	0	0	4256	0	0	152	386	6364	4202	10816	0	4884	2200	4990	0	0	0	0	0	1312	0	1236	0	742	0	0	0	0	0	0	0	0	0	0	0	0	0	1138	0	0	0	0	0	0	0	0	0	0	0	0	0	0	6176	10274	3812	4594	142	904	0	430	0	0	0	120	0	1008	0	0	0	0	0	224	0	0	0	0	0	0	0	0	0	168	0	0	0	0	0	0	0	0	0	0	0	0	0	0	0	0	
324588	Frontal_Sup_Medial_L	0	0	41428	7082	6708	138	14796	1472	922	0	604	190	2800	670	3326	0	128	0	11134	2650	0	0	0	13618	2912	442	214	0	5532	518	19650	10496	4832	7752	0	0	0	244	0	0	0	0	0	0	0	0	0	0	0	0	0	0	0	0	0	0	0	0	0	0	0	0	0	0	0	0	0	0	0	0	378	120	1026	328	0	0	0	0	0	0	0	0	184	0	0	0	0	0	0	0	0	0	0	0	0	0	0	0	0	0	0	0	0	0	0	0	0	0	0	0	0	0	0	0	0	0	
307072	Frontal_Sup_Medial_R	0	0	1536	35932	512	6384	170	6980	0	414	0	966	0	6998	0	3312	0	122	2182	7338	0	152	13618	0	2272	7240	0	292	0	8084	2640	29830	216	11566	0	0	0	0	0	0	0	0	0	0	0	0	0	0	0	0	0	0	0	0	0	0	0	0	0	0	0	0	0	0	0	0	0	0	0	0	0	1878	0	2646	0	256	0	0	0	0	0	0	0	0	0	0	0	0	0	0	0	0	0	0	0	0	0	0	0	0	0	0	0	0	0	0	0	0	0	0	0	0	0	0	0	0	
67496	Frontal_Med_Orb_L	0	0	2086	698	4830	486	484	0	240	0	0	0	968	190	368	0	0	0	154	0	574	386	2912	2272	0	3082	2134	412	1376	430	5596	1682	0	0	0	0	0	0	0	0	0	0	0	0	0	0	0	0	0	0	0	0	0	0	0	0	0	0	0	0	0	0	0	0	0	0	0	0	0	0	898	372	762	356	0	0	0	0	0	0	0	0	0	0	0	0	0	0	0	0	0	0	0	0	0	0	0	0	0	0	0	0	0	0	0	0	0	0	0	0	0	0	0	0	0	0	
171480	Frontal_Med_Orb_R	0	0	0	4826	320	11234	0	0	0	842	0	204	0	1032	0	3822	0	0	0	286	1456	6364	442	7240	3082	0	2010	10280	0	5026	1822	10062	0	0	0	0	0	0	0	0	0	0	0	0	0	0	0	0	0	0	0	0	0	0	0	0	0	0	0	0	0	0	0	0	0	0	0	0	0	0	1502	6470	596	5636	0	346	0	0	0	0	0	0	0	840	0	0	0	0	0	0	0	0	0	0	0	0	0	0	0	0	0	0	0	0	0	0	0	0	0	0	0	0	0	0	0	0	
89836	Rectus_L	0	0	0	0	7774	514	0	0	1894	0	0	0	0	0	2154	0	0	0	0	0	4012	4202	214	0	2134	2010	0	3184	488	222	3190	2106	0	0	0	0	0	0	0	0	0	0	0	0	0	0	0	0	0	0	0	0	0	0	0	0	0	0	0	0	0	0	0	0	0	0	0	0	0	0	4090	2648	2620	1084	0	256	0	0	0	0	0	0	0	122	0	0	0	0	0	0	0	0	0	0	0	0	0	0	0	0	0	0	0	0	0	0	0	0	0	0	0	0	0	0	0	0	
126648	Rectus_R	0	0	0	178	346	9146	0	0	0	984	0	0	0	0	0	1654	0	0	0	0	1764	10816	0	292	412	10280	3184	0	0	3416	1478	4846	0	0	0	0	0	354	0	308	0	126	0	0	0	0	0	0	0	0	0	0	0	0	0	358	0	0	0	0	0	0	0	0	0	0	0	0	0	0	1418	7090	602	3242	0	0	0	0	0	0	0	0	0	1030	0	0	0	0	0	0	0	0	0	0	0	0	0	0	0	0	0	0	0	0	0	0	0	0	0	0	0	0	0	0	0	0	
682556	Insula_L	9260	884	24474	2088	5720	0	15006	0	1544	0	20640	454	21266	170	10964	120	27828	0	8858	1694	5844	0	5532	0	1376	0	488	0	0	602	20510	906	314	338	4028	3816	14120	3118	2640	1564	3266	0	668	0	156	0	844	968	298	0	1826	0	950	0	9000	212	7728	0	180	0	1146	0	2220	0	326	0	1228	352	0	0	5334	210	25358	490	0	118	5054	2532	13214	0	15200	0	10518	0	4670	0	334	0	8426	0	290	0	0	0	0	0	432	626	594	0	0	0	0	0	0	0	0	0	0	0	344	0	0	0	0	0	
526568	Insula_R	1212	2624	1056	14740	0	7488	398	7238	0	1188	818	14980	310	18874	0	11160	268	11722	4300	7426	0	4884	518	8084	430	5026	222	3416	602	0	4238	20836	0	4544	904	1224	860	12160	176	3018	0	614	0	582	0	424	0	414	0	372	0	372	0	134	0	6118	0	3230	0	0	0	160	0	590	0	0	344	1240	0	0	1190	5524	1238	22798	0	642	1172	2202	0	6148	150	12688	268	6422	0	4710	0	0	0	6230	0	0	0	0	0	0	0	0	0	364	0	0	0	0	0	0	0	0	0	0	0	0	0	0	0	0	
459244	Cingulum_Ant_L	234	952	25710	5004	6580	232	5102	2908	748	0	7440	4058	12610	3698	4876	176	1494	118	16162	5026	2324	2200	19650	2640	5596	1822	3190	1478	20510	4238	0	18986	8210	6046	0	0	0	0	0	0	184	0	0	0	0	0	0	0	0	0	0	0	0	0	0	0	0	0	0	0	0	0	0	0	0	0	0	0	0	0	8242	3890	11574	2806	0	714	0	0	0	0	544	0	1532	118	0	0	0	0	0	0	0	0	0	0	0	0	0	0	0	0	0	0	0	0	0	0	0	0	0	0	0	0	0	0	0	0	
597112	Cingulum_Ant_R	0	360	2794	38102	860	5740	686	8770	0	626	526	10194	668	14996	282	4312	0	910	15162	20282	2070	4990	10496	29830	1682	10062	2106	4846	906	20836	18986	0	1816	26490	0	0	0	416	0	0	0	0	0	0	0	0	0	0	0	0	0	0	0	0	0	0	0	0	0	0	0	0	0	0	0	0	0	0	0	0	2818	17314	1976	13360	0	1718	0	0	0	0	0	0	142	426	0	0	0	0	0	0	0	0	0	0	0	0	0	0	0	0	0	0	0	0	0	0	0	0	0	0	0	0	0	0	0	0	
211812	Cingulum_Mid_L	596	366	7212	1620	258	0	980	0	0	0	522	0	422	0	278	0	294	0	18530	8770	0	0	4832	216	0	0	0	0	314	0	8210	1816	0	15340	4650	830	0	0	0	0	0	0	1066	0	3220	674	166	0	1240	580	2070	356	0	0	0	0	198	680	552	0	258	0	0	0	0	0	4234	2506	7340	2280	462	0	328	0	0	0	0	0	0	0	200	0	184	0	716	0	0	0	540	0	0	0	0	0	0	0	0	0	0	0	0	0	0	0	0	0	0	0	0	0	0	0	0	0	0	0	
637988	Cingulum_Mid_R	1220	2308	4988	29602	0	0	596	7674	0	0	262	2568	358	5858	0	440	0	812	34394	66118	0	0	7752	11566	0	0	0	0	338	4544	6046	26490	15340	0	2576	8328	0	556	0	0	0	0	154	3508	280	10722	0	1054	0	9024	0	3818	0	0	0	144	0	2662	0	156	0	0	0	110	0	0	2148	20472	734	15418	232	3672	228	2476	0	126	0	0	0	0	0	178	0	0	0	154	0	0	0	136	0	0	0	0	0	0	0	0	0	0	0	0	0	0	0	0	0	0	0	0	654	0	0	0	0	0	
362620	Cingulum_Post_L	10404	4102	988	4668	0	0	1142	142	0	0	0	124	0	0	0	0	414	0	4120	3132	0	0	0	0	0	0	0	0	4028	904	0	0	4650	2576	0	16106	11484	8848	3454	5036	0	0	5878	332	7194	514	2982	3848	2134	248	2340	0	200	0	1656	516	2720	138	382	0	676	0	510	0	228	0	19926	6362	9706	316	190	0	5310	464	0	0	5884	5334	810	236	900	336	0	0	1062	230	0	0	1074	360	0	0	0	0	0	0	0	2366	144	0	0	0	0	0	0	0	0	0	0	0	1482	0	0	0	0	0	
373060	Cingulum_Post_R	5286	7204	1018	7432	0	0	1300	176	0	0	0	174	0	0	0	0	340	0	652	11286	0	0	0	0	0	0	0	0	3816	1224	0	0	830	8328	16106	0	8786	13910	2568	8554	0	0	526	2006	1896	2058	1220	6694	776	1222	474	606	166	118	1620	1874	1714	518	114	0	640	0	530	166	240	0	5702	17616	524	4126	0	0	5664	622	0	0	9398	8540	374	340	914	534	0	0	458	354	0	0	988	896	0	0	0	0	0	0	0	2806	0	0	0	0	0	0	0	0	0	0	0	0	2506	0	0	0	0	0	
435740	Hippocampus_L	9228	782	3330	390	0	0	3516	144	0	0	528	138	0	0	1280	0	1492	0	914	0	1908	0	0	0	0	0	0	0	14120	860	0	0	0	0	11484	8786	0	8406	17838	4932	6596	0	3038	208	170	0	9422	3424	0	0	1034	0	1690	0	26554	632	3042	0	0	0	604	0	428	0	144	0	6684	2006	0	0	330	0	11336	466	382	0	9278	4542	4036	238	4772	328	1518	0	1460	232	400	0	14238	352	1106	0	302	0	0	0	1714	1912	2090	0	0	0	114	0	0	0	0	0	0	0	972	0	0	0	0	0	
597416	Hippocampus_R	4684	6604	4230	3964	0	634	2962	1622	0	0	948	1828	1624	908	0	752	652	1976	1406	2836	0	1312	244	0	0	0	0	354	3118	12160	0	416	0	556	8848	13910	8406	0	2410	41382	0	8276	0	3108	0	398	1124	13108	0	300	330	678	182	568	1634	35984	1500	1142	0	0	502	202	396	392	200	0	980	8932	0	136	976	520	4454	18350	0	1324	8768	12180	372	1960	994	6162	114	1384	452	3628	0	456	1000	15162	0	244	0	0	0	0	0	5658	0	1562	0	0	0	0	0	0	0	0	0	0	2170	0	0	0	0	0	
170360	ParaHippocampal_L	708	0	182	110	108	0	188	0	0	0	0	0	0	0	304	0	140	0	0	0	1616	0	0	0	0	0	0	0	2640	176	0	0	0	0	3454	2568	17838	2410	0	1714	2796	0	1650	150	0	0	8634	1290	0	0	258	0	154	0	15324	142	144	0	0	0	0	0	0	0	0	0	2686	1356	0	0	0	0	1024	0	0	0	3076	896	504	0	652	0	614	0	166	0	394	0	1890	0	1186	0	508	0	0	0	2558	490	1956	0	156	0	146	0	0	0	0	0	0	0	224	0	0	0	0	0	
380096	ParaHippocampal_R	2588	2444	560	1686	0	622	1180	148	0	0	0	236	0	0	0	604	190	296	174	1216	0	1236	0	0	0	0	0	308	1564	3018	0	0	0	0	5036	8554	4932	41382	1714	0	0	7842	0	1840	0	178	862	12832	0	0	202	212	158	120	1326	29316	706	280	0	0	246	0	192	0	0	0	296	6000	0	0	0	164	2164	5206	0	1028	7046	8494	120	202	624	534	0	2518	314	696	0	1998	876	4346	0	304	0	0	0	194	0	6998	0	1750	0	0	0	0	0	0	0	0	0	0	2176	0	0	0	0	0	
47088	Amygdala_L	112	0	0	0	0	0	0	0	0	0	0	0	0	0	780	0	0	0	0	0	1872	0	0	0	0	0	0	0	3266	0	184	0	0	0	0	0	6596	0	2796	0	0	0	0	0	0	0	0	0	0	0	0	0	0	0	3388	0	0	0	0	0	0	0	0	0	0	0	0	0	0	0	0	0	514	0	0	0	828	0	0	0	0	0	1040	0	0	0	242	0	1926	0	0	0	0	0	0	0	0	0	0	0	0	0	0	0	0	0	0	0	0	0	0	0	0	0	0	0	
64628	Amygdala_R	0	0	0	0	0	364	0	0	0	0	0	0	0	0	0	126	0	0	0	0	0	742	0	0	0	0	0	126	0	614	0	0	0	0	0	0	0	8276	0	7842	0	0	0	0	0	0	0	0	0	0	0	0	0	0	0	8258	0	0	0	0	0	0	0	0	0	0	0	0	0	0	0	0	0	370	0	0	0	0	0	0	0	0	0	2892	0	0	0	1358	0	1198	0	0	0	0	0	0	0	0	0	148	0	0	0	0	0	0	0	0	0	0	0	0	0	0	0	0	
373564	Calcarine_L	1710	0	0	0	0	0	0	0	0	0	0	0	0	0	0	0	914	0	0	140	0	0	0	0	0	0	0	0	668	0	0	0	1066	154	5878	526	3038	0	1650	0	0	0	0	7588	20776	3902	22142	3914	12170	1488	36242	644	5906	0	5888	134	904	0	1002	0	250	0	160	0	296	0	20926	2874	2956	110	0	0	0	0	0	0	162	0	360	0	846	0	0	0	8766	0	0	0	7710	0	306	0	0	0	0	0	256	0	1362	0	0	0	0	0	0	0	0	0	0	0	340	532	126	0	0	0	
392772	Calcarine_R	154	498	0	120	0	0	128	0	0	0	0	0	0	0	0	0	0	374	0	3782	0	0	0	0	0	0	0	0	0	582	0	0	0	3508	332	2006	208	3108	150	1840	0	0	7588	0	5950	30562	1414	27620	346	25100	244	19122	0	4434	108	8186	0	978	0	112	0	0	0	0	0	0	2418	30514	0	4044	0	0	0	0	0	0	286	0	0	482	0	1770	0	0	0	2054	0	0	0	4162	0	0	0	0	0	0	0	250	142	496	0	0	0	0	0	0	0	0	0	0	360	662	192	0	0	0	
273588	Cuneus_L	1790	164	0	256	0	0	0	0	0	0	0	0	0	0	0	0	628	0	210	174	0	0	0	0	0	0	0	0	156	0	0	0	3220	280	7194	1896	170	0	0	0	0	0	20776	5950	0	7700	3174	650	23302	2632	16072	312	258	0	282	0	514	0	2658	0	222	0	172	0	176	0	22294	5566	3660	0	0	0	0	0	0	0	0	0	0	0	428	0	0	0	2190	0	0	0	1668	0	0	0	0	0	0	0	0	0	0	0	0	0	0	0	0	0	0	0	0	0	0	0	0	0	0	0	
438608	Cuneus_R	0	450	0	144	0	0	0	0	0	0	0	0	0	0	0	0	0	1054	0	5764	0	0	0	0	0	0	0	0	0	424	0	0	674	10722	514	2058	0	398	0	178	0	0	3902	30562	7700	0	418	6780	206	46540	0	19458	0	846	0	1480	0	4188	0	4462	0	450	0	470	0	574	10778	44224	166	7080	0	0	0	0	0	0	0	0	0	294	0	1180	0	0	0	3032	0	0	0	1408	0	0	0	0	0	0	0	0	0	188	0	0	0	0	0	0	0	0	0	0	308	230	0	0	0	0	
402364	Lingual_L	820	0	0	0	0	0	122	0	0	0	0	0	0	0	0	0	366	0	0	0	0	0	0	0	0	0	0	0	844	0	0	0	166	0	2982	1220	9422	1124	8634	862	0	0	22142	1414	3174	418	0	4866	3060	170	18348	122	11814	0	26218	274	278	0	0	0	0	0	0	0	0	0	7966	1200	874	0	0	0	222	0	0	0	1778	464	828	0	764	0	0	0	1648	0	0	0	1922	0	7820	1432	1034	322	318	0	14250	456	20404	1700	202	0	332	0	934	0	0	0	0	258	6068	6932	1538	0	336	320	
468036	Lingual_R	1380	1090	252	482	0	0	646	0	0	0	0	0	0	0	0	0	0	194	0	1486	0	0	0	0	0	0	0	0	968	414	0	0	0	1054	3848	6694	3424	13108	1290	12832	0	0	3914	27620	650	6780	4866	0	122	8366	1374	6436	1048	5090	1688	19618	422	508	0	0	150	0	124	0	0	0	824	15068	0	1362	0	0	1282	126	0	0	3656	3316	0	184	376	248	0	0	192	334	0	0	320	2634	2454	5532	746	744	148	150	2662	10130	6138	11840	0	0	236	472	408	230	154	0	0	126	8982	12002	2396	108	264	236	
257272	Occipital_Sup_L	770	0	284	0	0	0	126	0	0	0	238	0	0	0	0	0	814	0	334	0	0	0	0	0	0	0	0	0	298	0	0	0	1240	0	2134	776	0	0	0	0	0	0	12170	346	23302	206	3060	122	0	0	31066	0	790	0	518	0	1978	0	17004	0	3162	0	242	0	828	0	19322	1338	1164	0	252	0	256	0	0	0	0	0	0	0	320	0	0	0	2210	0	0	0	1966	0	0	0	0	0	0	0	0	0	0	0	0	0	0	0	0	0	0	0	0	0	0	0	0	0	0	0	
410572	Occipital_Sup_R	0	364	0	0	0	0	0	0	0	0	0	0	0	0	0	0	0	1000	0	4330	0	0	0	0	0	0	0	0	0	372	0	0	580	9024	248	1222	0	300	0	0	0	0	1488	25100	2632	46540	170	8366	0	0	0	29268	0	1200	0	1994	0	4076	0	6896	0	2020	0	616	0	4084	7620	34830	130	5654	0	0	0	0	0	0	0	0	0	246	0	770	0	0	0	2182	0	0	0	1054	0	0	0	0	0	0	0	0	0	328	0	0	0	0	0	0	0	0	0	0	108	324	150	0	0	0	
584412	Occipital_Mid_L	1964	0	478	128	0	0	224	0	0	0	506	0	0	0	0	0	3888	0	486	0	0	0	0	0	0	0	0	0	1826	0	0	0	2070	0	2340	474	1034	330	258	202	0	0	36242	244	16072	0	18348	1374	31066	0	0	0	15734	0	8450	0	3652	0	13092	0	12032	0	4084	0	19422	0	14978	238	1972	0	342	0	352	0	0	0	374	250	782	0	5070	0	0	0	40896	0	0	0	21714	0	446	210	206	116	0	0	684	120	3376	0	0	0	0	0	0	0	0	0	0	0	1592	2198	270	0	0	0	
333900	Occipital_Mid_R	0	838	0	0	0	0	0	0	0	0	0	0	0	0	0	0	0	540	0	3452	0	0	0	0	0	0	0	0	0	372	0	0	356	3818	0	606	0	678	0	212	0	0	644	19122	312	19458	122	6436	0	29268	0	0	0	8024	0	4332	0	1766	0	2398	0	4948	0	1648	0	15860	2564	19748	0	3600	0	0	0	0	0	0	0	0	0	386	0	1030	0	0	0	11458	0	0	0	2550	0	0	0	0	0	0	0	0	0	182	0	0	0	0	0	0	0	0	0	0	0	222	0	0	0	0	
206552	Occipital_Inf_L	492	0	0	0	0	0	0	0	0	0	0	0	0	0	0	0	452	0	0	0	0	0	0	0	0	0	0	0	950	0	0	0	0	0	200	166	1690	182	154	158	0	0	5906	0	258	0	11814	1048	790	0	15734	0	0	0	23238	0	186	0	0	0	0	0	138	0	0	0	1370	0	158	0	0	0	0	0	0	0	398	142	1500	0	3148	0	0	0	6264	0	0	0	13892	0	2308	162	160	0	0	0	1642	0	4684	204	0	0	0	0	0	0	0	0	0	0	1564	1924	200	0	0	0	
84452	Occipital_Inf_R	0	138	0	0	0	0	0	0	0	0	0	0	0	0	0	0	0	0	0	274	0	0	0	0	0	0	0	0	0	134	0	0	0	0	0	118	0	568	0	120	0	0	0	4434	0	846	0	5090	0	1200	0	8024	0	0	0	7882	0	0	0	0	0	0	0	152	0	0	0	1178	0	126	0	0	0	0	0	0	0	0	0	442	0	484	0	0	0	2382	0	0	0	4952	0	362	0	0	0	0	0	482	0	1434	0	0	0	0	0	0	0	0	0	0	402	702	300	0	0	0	
568488	Fusiform_L	2326	0	492	108	0	0	290	0	0	0	522	0	0	0	676	0	1590	0	254	0	1088	0	0	0	0	0	0	0	9000	0	0	0	0	0	1656	1620	26554	1634	15324	1326	3388	0	5888	108	282	0	26218	1688	518	0	8450	0	23238	0	0	176	864	0	0	0	0	0	224	0	0	0	3528	884	396	0	0	0	3472	0	0	0	3254	992	4136	0	8000	0	2282	0	8320	0	1724	0	30164	0	22080	518	4192	0	228	0	16392	372	29852	582	1396	0	1144	0	124	0	176	0	0	0	2048	1902	584	0	0	0	
508492	Fusiform_R	1052	1426	304	984	0	508	384	140	0	0	0	218	0	0	0	598	0	632	0	974	0	1138	0	0	0	0	0	358	212	6118	0	0	0	144	516	1874	632	35984	142	29316	0	8258	134	8186	0	1480	274	19618	0	1994	0	4332	0	7882	176	0	150	430	0	0	0	0	0	130	0	0	0	5080	0	192	0	0	544	6782	0	714	1878	4996	0	2656	0	6152	0	6770	0	3620	0	3818	150	32254	126	10598	0	680	0	564	232	7524	326	16574	0	116	0	254	0	0	0	0	0	0	1698	2574	676	0	0	0	
342912	Postcentral_L	33256	936	7274	918	0	0	3242	0	0	0	9060	0	810	0	0	0	10564	0	6448	330	0	0	0	0	0	0	0	0	7728	0	0	0	198	0	2720	1714	3042	1500	144	706	0	0	904	0	514	0	278	422	1978	0	3652	0	186	0	864	150	0	0	5208	0	19330	0	11380	0	1584	0	4362	182	2388	0	3882	0	5976	376	1276	0	3320	1200	4428	0	3806	0	1196	0	802	0	0	0	822	0	0	0	0	0	0	0	0	266	0	0	0	0	0	0	0	0	0	0	0	0	134	0	0	0	0	0	
220768	Postcentral_R	420	15752	548	1384	0	0	224	938	0	0	0	4306	0	288	0	0	0	7438	462	2528	0	0	0	0	0	0	0	0	0	3230	0	0	680	2662	138	518	0	1142	0	280	0	0	0	978	0	4188	0	508	0	4076	0	1766	0	0	0	430	0	0	0	5678	0	6410	0	14992	0	366	1386	9584	0	5106	630	1338	112	3238	0	1680	334	1410	0	866	0	1090	0	0	0	662	0	0	0	618	0	0	0	0	0	0	0	0	0	0	0	0	0	0	0	0	0	0	0	0	0	0	0	0	0	0	
141144	Parietal_Sup_L	390	0	202	0	0	0	0	0	0	0	130	0	0	0	0	0	288	0	200	0	0	0	0	0	0	0	0	0	180	0	0	0	552	0	382	114	0	0	0	0	0	0	1002	0	2658	0	0	0	17004	0	13092	0	0	0	0	0	5208	0	0	0	8314	0	152	0	906	0	15890	276	1414	0	178	0	228	0	0	0	0	0	0	0	140	0	0	0	848	0	0	0	824	0	0	0	0	0	0	0	0	0	0	0	0	0	0	0	0	0	0	0	0	0	0	0	0	0	0	0	
96292	Parietal_Sup_R	0	402	0	0	0	0	0	0	0	0	0	144	0	0	0	0	0	128	0	266	0	0	0	0	0	0	0	0	0	0	0	0	0	156	0	0	0	0	0	0	0	0	0	112	0	4462	0	0	0	6896	0	2398	0	0	0	0	0	5678	0	0	0	7606	0	1682	0	4134	728	9226	0	872	0	0	0	0	0	0	0	0	0	0	0	410	0	0	0	2196	0	0	0	650	0	0	0	0	0	0	0	0	0	0	0	0	0	0	0	0	0	0	0	0	0	0	0	0	0	0	
228464	Parietal_Inf_L	5988	142	2098	138	0	0	1550	0	0	0	2152	0	0	0	0	0	1018	0	1962	0	0	0	0	0	0	0	0	0	1146	0	0	0	258	0	676	640	604	502	0	246	0	0	250	0	222	0	0	150	3162	0	12032	0	0	0	0	0	19330	0	8314	0	0	0	16624	0	18002	0	3158	0	1270	0	174	0	1198	0	154	0	624	422	266	0	2796	0	0	0	5308	0	0	0	1656	0	0	0	0	0	0	0	0	0	0	0	0	0	0	0	0	0	0	0	0	0	0	0	0	0	0	0	
113940	Parietal_Inf_R	0	2830	0	308	0	0	0	218	0	0	0	906	0	0	0	0	0	470	0	552	0	0	0	0	0	0	0	0	0	160	0	0	0	0	0	0	0	202	0	0	0	0	0	0	0	450	0	0	0	2020	0	4948	0	0	0	0	0	6410	0	7606	0	0	0	12210	0	14902	138	1078	0	188	0	0	0	0	0	0	0	142	0	0	0	276	0	0	0	712	0	0	0	244	0	0	0	0	0	0	0	0	0	0	0	0	0	0	0	0	0	0	0	0	0	0	0	0	0	0	
187044	SupraMarginal_L	4196	0	2834	0	0	0	1372	0	0	0	3872	0	0	0	0	0	3896	0	2790	0	0	0	0	0	0	0	0	0	2220	0	0	0	0	0	510	530	428	396	0	192	0	0	160	0	172	0	0	124	242	0	4084	0	138	0	224	0	11380	0	152	0	16624	0	0	0	12770	0	284	0	0	0	108	0	970	0	0	0	476	322	1566	0	9286	0	220	0	9616	0	0	0	1368	0	0	0	0	0	0	0	0	0	0	0	0	0	0	0	0	0	0	0	0	0	0	0	0	0	0	0	
142412	SupraMarginal_R	250	7066	438	1134	0	0	156	840	0	0	0	2612	0	132	0	0	0	1946	358	910	0	0	0	0	0	0	0	0	0	590	0	0	0	110	0	166	0	392	0	0	0	0	0	0	0	470	0	0	0	616	0	1648	0	152	0	130	0	14992	0	1682	0	12210	0	0	0	7420	122	1122	0	206	538	274	0	170	0	164	0	472	0	378	0	7742	0	0	0	2998	0	0	0	600	0	0	0	0	0	0	0	0	0	0	0	0	0	0	0	0	0	0	0	0	0	0	0	0	0	0	
166728	Angular_L	1194	0	638	0	0	0	598	0	0	0	1256	0	0	0	0	0	388	0	634	0	0	0	0	0	0	0	0	0	326	0	0	0	0	0	228	240	144	200	0	0	0	0	296	0	176	0	0	0	828	0	19422	0	0	0	0	0	1584	0	906	0	18002	0	12770	0	0	0	770	0	150	0	0	0	164	0	0	0	244	178	0	0	4874	0	0	0	14610	0	0	0	2544	0	0	0	0	0	0	0	0	0	0	0	0	0	0	0	0	0	0	0	0	0	0	0	0	0	0	0	
116388	Angular_R	0	286	0	0	0	0	0	0	0	0	0	0	0	0	0	0	0	262	0	0	0	0	0	0	0	0	0	0	0	0	0	0	0	0	0	0	0	0	0	0	0	0	0	0	0	574	0	0	0	4084	0	15860	0	0	0	0	0	366	0	4134	0	14902	0	7420	0	0	0	670	0	0	0	0	0	0	0	0	0	0	0	0	0	2566	0	0	0	6734	0	0	0	336	0	0	0	0	0	0	0	0	0	0	0	0	0	0	0	0	0	0	0	0	0	0	0	0	0	0	
472608	Precuneus_L	5750	852	568	836	0	0	480	0	0	0	184	0	0	0	0	0	734	426	726	762	0	0	0	0	0	0	0	0	1228	344	0	0	4234	2148	19926	5702	6684	980	2686	296	0	0	20926	2418	22294	10778	7966	824	19322	7620	14978	2564	1370	0	3528	0	4362	1386	15890	728	3158	138	284	122	770	0	0	21632	8680	598	304	0	930	0	0	0	516	0	816	112	502	148	0	0	2022	0	0	0	2018	0	0	0	0	0	0	0	158	0	570	0	0	0	0	0	0	0	0	0	0	0	326	0	0	0	0	0	
671224	Precuneus_R	1144	2822	332	1478	0	0	558	140	0	0	0	188	0	0	0	0	0	1802	298	14874	0	0	0	0	0	0	0	0	352	1240	0	0	2506	20472	6362	17616	2006	8932	1356	6000	0	0	2874	30514	5566	44224	1200	15068	1338	34830	238	19748	0	1178	884	5080	182	9584	276	9226	0	1078	0	1122	0	670	21632	0	496	18092	0	0	494	0	0	0	2472	1438	0	704	140	2344	0	0	150	4166	0	0	446	4058	0	0	0	0	0	0	0	822	0	108	0	0	0	0	0	0	0	0	0	0	2692	0	0	0	0	0	
131720	Paracentral_Lobule_L	7476	528	1186	1712	0	0	594	0	0	0	0	0	0	0	0	0	0	0	5698	2050	0	0	0	0	0	0	0	0	0	0	0	0	7340	734	9706	524	0	0	0	0	0	0	2956	0	3660	166	874	0	1164	130	1972	0	158	0	396	0	2388	0	1414	0	1270	0	0	0	150	0	8680	496	0	914	0	0	0	0	0	0	372	124	0	0	0	0	0	0	522	0	0	0	506	0	0	0	0	0	0	0	0	0	0	0	0	0	0	0	0	0	0	0	0	0	0	0	0	0	0	0	
182380	Paracentral_Lobule_R	0	1046	0	468	0	0	0	0	0	0	0	0	0	0	0	0	0	196	252	16624	0	0	0	0	0	0	0	0	0	0	0	0	2280	15418	316	4126	0	136	0	0	0	0	110	4044	0	7080	0	1362	0	5654	0	3600	0	126	0	192	0	5106	0	872	0	188	0	206	0	0	598	18092	914	0	0	0	0	0	0	0	0	0	0	0	0	344	0	0	0	560	0	0	0	536	0	0	0	0	0	0	0	0	0	0	0	0	0	0	0	0	0	0	0	0	744	0	0	0	0	0	
353296	Caudate_L	14264	1504	16540	5378	1322	0	7064	770	210	0	7032	1380	2022	572	570	0	5064	0	14066	5224	5292	6176	378	0	898	1502	4090	1418	5334	1190	8242	2818	462	232	190	0	330	976	0	0	0	0	0	0	0	0	0	0	252	0	342	0	0	0	0	0	3882	630	178	0	174	0	108	538	0	0	304	0	0	0	0	8604	19066	4806	2262	2180	6314	820	778	0	1100	0	1800	0	0	0	0	0	0	0	0	0	0	0	0	0	0	0	0	0	0	0	0	0	0	0	0	0	0	0	0	0	0	0	0	0	
353364	Caudate_R	346	6954	1292	18124	142	3800	168	732	0	434	318	2444	182	1478	0	1450	108	644	4766	19742	2142	10274	120	1878	372	6470	2648	7090	210	5524	3890	17314	0	3672	0	0	0	520	0	164	0	0	0	0	0	0	0	0	0	0	0	0	0	0	0	0	0	1338	0	0	0	0	0	274	0	0	0	0	0	0	8604	0	4576	17642	0	4424	1052	12272	0	0	0	0	112	976	0	0	0	0	0	0	0	0	0	0	0	0	0	0	0	0	0	0	0	0	0	0	0	0	0	0	0	0	0	0	0	0	
455732	Putamen_L	9412	1112	19612	2010	1592	0	3234	326	266	0	6350	666	788	440	1402	0	8742	0	16092	1486	2744	3812	1026	0	762	596	2620	602	25358	1238	11574	1976	328	228	5310	5664	11336	4454	1024	2164	514	0	0	0	0	0	222	1282	256	0	352	0	0	0	3472	544	5976	112	228	0	1198	0	970	0	164	0	930	494	0	0	19066	4576	0	2994	5780	1142	6518	3804	1282	200	2054	324	1120	0	504	238	0	0	2562	368	190	0	0	0	0	0	270	856	482	0	0	0	0	0	0	0	0	0	0	0	476	0	0	0	0	0	
408552	Putamen_R	1354	2890	4598	12994	118	3528	1942	3282	0	392	1274	3792	1972	2486	0	1746	504	3912	3504	11818	834	4594	328	2646	356	5636	1084	3242	490	22798	2806	13360	0	2476	464	622	466	18350	0	5206	0	370	0	0	0	0	0	126	0	0	0	0	0	0	0	6782	376	3238	0	0	0	0	0	170	0	0	0	0	0	0	4806	17642	2994	0	0	6498	1246	3244	0	592	134	1784	148	2882	0	502	0	0	0	2188	0	0	0	0	0	0	0	0	0	690	0	0	0	0	0	0	0	0	0	0	0	0	0	0	0	0	
56100	Pallidum_L	3342	0	6184	0	0	0	1762	0	0	0	0	0	0	0	0	0	0	0	3750	0	148	142	0	0	0	0	0	0	0	0	0	0	0	0	0	0	382	0	0	0	0	0	0	0	0	0	0	0	0	0	0	0	0	0	0	0	1276	0	0	0	154	0	0	0	0	0	0	0	0	0	2262	0	5780	0	0	0	2868	0	0	0	0	0	0	0	0	0	0	0	0	0	0	0	0	0	0	0	0	0	0	0	0	0	0	0	0	0	0	0	0	0	0	0	0	0	0	0	
75872	Pallidum_R	222	1664	948	3858	0	236	0	224	0	0	188	364	124	0	0	144	0	622	934	3542	182	904	0	256	0	346	256	0	118	642	714	1718	0	126	0	0	0	1324	0	1028	0	0	0	0	0	0	0	0	0	0	0	0	0	0	0	714	0	1680	0	0	0	0	0	164	0	0	0	0	0	0	2180	4424	1142	6498	0	0	112	212	0	126	0	0	0	0	0	0	0	0	0	0	0	0	0	0	0	0	0	0	0	0	0	0	0	0	0	0	0	0	0	0	0	0	0	0	0	0	
373292	Thalamus_L	25098	2380	8028	5852	0	0	16984	390	0	0	196	406	0	156	0	0	696	182	910	1952	752	0	0	0	0	0	0	0	5054	1172	0	0	0	0	5884	9398	9278	8768	3076	7046	828	0	162	286	0	0	1778	3656	0	0	374	0	398	0	3254	1878	3320	334	0	0	624	0	476	0	244	0	516	2472	372	0	6314	1052	6518	1246	2868	112	0	22802	902	108	1062	468	206	0	722	416	0	0	1916	1388	0	0	0	0	0	0	122	2310	142	0	0	0	0	0	0	0	0	0	0	0	1342	0	0	0	0	0	
315396	Thalamus_R	5836	12364	2012	10218	0	0	2056	742	0	0	0	692	0	302	0	0	288	390	728	6436	422	430	0	0	0	0	0	0	2532	2202	0	0	0	0	5334	8540	4542	12180	896	8494	0	0	0	0	0	0	464	3316	0	0	250	0	142	0	992	4996	1200	1410	0	0	422	142	322	472	178	0	0	1438	124	0	820	12272	3804	3244	0	212	22802	0	298	194	668	698	0	394	336	694	0	0	838	3710	0	0	0	0	0	0	0	1956	0	0	0	0	0	0	0	0	0	0	0	0	1254	0	0	0	0	0	
140200	Heschl_L	6500	152	1966	132	0	0	1630	0	0	0	642	0	162	0	0	0	8898	0	624	0	0	0	0	0	0	0	0	0	13214	0	0	0	0	0	810	374	4036	372	504	120	0	0	360	0	0	0	828	0	0	0	782	0	1500	0	4136	0	4428	0	0	0	266	0	1566	0	0	0	816	0	0	0	778	0	1282	0	0	0	902	298	0	0	6902	0	2382	0	920	0	0	0	1218	0	346	0	0	0	0	0	0	0	254	0	0	0	0	0	0	0	0	0	0	0	0	0	0	0	0	0	
83608	Heschl_R	218	468	0	0	0	0	0	0	0	0	0	202	0	0	0	0	0	6680	0	0	0	0	0	0	0	0	0	0	0	6148	0	0	0	0	236	340	238	1960	0	202	0	0	0	482	0	294	0	184	0	246	0	386	0	442	0	2656	0	866	0	0	0	0	0	378	0	0	112	704	0	0	0	0	200	592	0	126	108	194	0	0	0	10700	0	204	0	3044	0	0	0	3194	0	0	0	0	0	0	0	0	0	0	0	0	0	0	0	0	0	0	0	0	0	0	0	0	0	0	
350812	Temporal_Sup_L	1494	0	3708	346	0	0	2792	0	0	0	6852	140	284	0	166	0	17380	0	1330	318	392	0	0	0	0	0	0	0	15200	150	544	0	200	0	900	914	4772	994	652	624	0	0	846	0	428	0	764	376	320	0	5070	0	3148	0	8000	0	3806	0	140	0	2796	0	9286	0	4874	0	502	140	0	0	1100	0	2054	134	0	0	1062	668	6902	0	0	0	12270	0	30492	0	380	0	18294	0	570	0	0	0	0	0	0	286	378	0	0	0	0	0	0	0	0	0	0	0	168	0	0	0	0	0	
225532	Temporal_Sup_R	528	442	0	134	0	0	154	0	0	0	0	0	0	0	0	340	0	5786	0	208	0	120	0	0	0	0	0	0	0	12688	0	0	0	178	336	534	328	6162	0	534	0	0	0	1770	0	1180	0	248	0	770	0	1030	0	484	0	6152	0	1090	0	410	0	276	0	7742	0	2566	148	2344	0	344	0	0	324	1784	0	0	468	698	0	10700	0	0	0	4652	0	23942	0	472	0	14700	0	0	0	0	0	0	0	0	0	0	0	0	0	0	0	0	0	0	0	0	0	0	0	0	0	0	
160372	Temporal_Pole_Sup_L	602	0	3356	656	0	0	2710	0	0	0	8810	260	908	0	1402	0	9412	0	1096	668	894	0	184	0	0	0	0	0	10518	268	1532	142	184	0	0	0	1518	114	614	0	1040	0	0	0	0	0	0	0	0	0	0	0	0	0	2282	0	1196	0	0	0	0	0	220	0	0	0	0	0	0	0	1800	112	1120	148	0	0	206	0	2382	0	12270	0	0	0	5630	0	2962	0	2970	0	0	0	0	0	0	0	0	0	0	0	0	0	0	0	0	0	0	0	0	0	0	0	0	0	0	0	
98612	Temporal_Pole_Sup_R	0	0	0	290	0	502	0	0	0	0	0	0	0	0	0	968	0	222	0	198	0	1008	0	0	0	840	122	1030	0	6422	118	426	0	0	0	0	0	1384	0	2518	0	2892	0	0	0	0	0	0	0	0	0	0	0	0	0	6770	0	0	0	0	0	0	0	0	0	0	0	0	0	0	0	976	0	2882	0	0	0	394	0	204	0	4652	0	0	0	3662	0	3710	0	7116	0	0	0	0	0	0	0	0	0	0	0	0	0	0	0	0	0	0	0	0	0	0	0	0	0	0	
434024	Temporal_Mid_L	690	0	632	0	0	0	542	0	0	0	1152	0	0	0	0	0	4080	0	242	0	116	0	0	0	0	0	0	0	4670	0	0	0	716	0	1062	458	1460	452	166	314	0	0	8766	0	2190	0	1648	192	2210	0	40896	0	6264	0	8320	0	802	0	848	0	5308	0	9616	0	14610	0	2022	150	522	0	0	0	504	0	0	0	722	336	920	0	30492	0	5630	0	0	0	2766	0	53536	0	674	0	0	0	0	0	0	0	316	0	0	0	0	0	0	0	0	0	0	0	0	0	0	0	0	0	
227852	Temporal_Mid_R	404	708	0	0	0	0	108	0	0	0	0	0	0	0	0	428	0	670	0	554	0	0	0	0	0	0	0	0	0	4710	0	0	0	154	230	354	232	3628	0	696	0	0	0	2054	0	3032	0	334	0	2182	0	11458	0	2382	0	3620	0	662	0	2196	0	712	0	2998	0	6734	0	4166	0	560	0	0	238	502	0	0	416	694	0	3044	0	23942	0	3662	0	0	0	1806	0	23656	0	0	0	0	0	0	0	0	0	0	0	0	0	0	0	0	0	0	0	0	0	0	0	0	0	0	
24016	Temporal_Pole_Mid_L	0	0	0	0	0	0	0	0	0	0	0	0	0	0	0	0	0	0	0	0	0	0	0	0	0	0	0	0	334	0	0	0	0	0	0	0	400	0	394	0	242	0	0	0	0	0	0	0	0	0	0	0	0	0	1724	0	0	0	0	0	0	0	0	0	0	0	0	0	0	0	0	0	0	0	0	0	0	0	0	0	380	0	2962	0	2766	0	0	0	2806	0	0	0	0	0	0	0	0	0	0	0	0	0	0	0	0	0	0	0	0	0	0	0	0	0	0	0	
32584	Temporal_Pole_Mid_R	0	0	0	0	0	0	0	0	0	0	0	0	0	0	0	0	0	0	0	0	0	0	0	0	0	0	0	0	0	0	0	0	0	0	0	0	0	456	0	1998	0	1358	0	0	0	0	0	0	0	0	0	0	0	0	0	3818	0	0	0	0	0	0	0	0	0	0	0	0	0	0	0	0	0	0	0	0	0	0	0	0	0	472	0	3710	0	1806	0	0	0	2674	0	0	0	0	0	0	0	0	0	0	0	0	0	0	0	0	0	0	0	0	0	0	0	0	0	0	
437660	Temporal_Inf_L	858	0	286	0	0	0	0	0	0	0	596	0	0	0	424	0	2322	0	228	0	546	0	0	0	0	0	0	0	8426	0	0	0	540	0	1074	988	14238	1000	1890	876	1926	0	7710	0	1668	0	1922	320	1966	0	21714	0	13892	0	30164	150	822	0	824	0	1656	0	1368	0	2544	0	2018	446	506	0	0	0	2562	0	0	0	1916	838	1218	0	18294	0	2970	0	53536	0	2806	0	0	0	4060	0	926	0	0	0	386	212	2496	0	314	0	204	0	0	0	0	0	0	0	184	0	0	0	0	0	
300600	Temporal_Inf_R	856	726	208	320	0	0	224	0	0	0	0	0	0	0	0	676	0	460	0	630	0	224	0	0	0	0	0	0	0	6230	0	0	0	136	360	896	352	15162	0	4346	0	1198	0	4162	0	1408	0	2634	0	1054	0	2550	0	4952	0	32254	0	618	0	650	0	244	0	600	0	336	0	4058	0	536	0	0	368	2188	0	0	1388	3710	0	3194	0	14700	0	7116	0	23656	0	2674	0	0	0	1016	0	322	0	0	0	110	0	678	0	0	0	0	0	0	0	0	0	0	120	0	0	0	0	0	
448052	Cerebelum_Crus1_L	138	0	0	0	0	0	0	0	0	0	0	0	0	0	0	0	0	0	0	0	0	0	0	0	0	0	0	0	290	0	0	0	0	0	0	0	1106	0	1186	0	0	0	306	0	0	0	7820	2454	0	0	446	0	2308	0	22080	126	0	0	0	0	0	0	0	0	0	0	0	0	0	0	0	0	190	0	0	0	0	0	346	0	570	0	0	0	674	0	0	0	4060	0	0	4512	37356	3598	1258	252	25240	964	51840	3150	13260	466	13286	1014	2056	688	534	0	650	1006	4838	5556	6702	622	740	338	
405808	Cerebelum_Crus1_R	0	0	0	0	0	0	0	0	0	0	0	0	0	0	0	0	0	0	0	0	0	0	0	0	0	0	0	0	0	0	0	0	0	0	0	0	0	244	0	304	0	0	0	0	0	0	1432	5532	0	0	210	0	162	362	518	10598	0	0	0	0	0	0	0	0	0	0	0	0	0	0	0	0	0	0	0	0	0	0	0	0	0	0	0	0	0	0	0	0	0	1016	4512	0	2994	36952	406	2710	1634	14300	4134	49410	1034	9192	1738	16690	346	3700	0	326	644	1318	5430	9882	10700	2378	1966	130	
322136	Cerebelum_Crus2_L	0	0	0	0	0	0	0	0	0	0	0	0	0	0	0	0	0	0	0	0	0	0	0	0	0	0	0	0	0	0	0	0	0	0	0	0	302	0	508	0	0	0	0	0	0	0	1034	746	0	0	206	0	160	0	4192	0	0	0	0	0	0	0	0	0	0	0	0	0	0	0	0	0	0	0	0	0	0	0	0	0	0	0	0	0	0	0	0	0	926	0	37356	2994	0	13486	202	0	2970	0	10718	870	29778	4292	25490	3122	3110	380	200	0	0	112	280	2098	13006	2058	344	128	
331092	Cerebelum_Crus2_R	0	0	0	0	0	0	0	0	0	0	0	0	0	0	0	0	0	0	0	0	0	0	0	0	0	0	0	0	0	0	0	0	0	0	0	0	0	0	0	0	0	0	0	0	0	0	322	744	0	0	116	0	0	0	0	680	0	0	0	0	0	0	0	0	0	0	0	0	0	0	0	0	0	0	0	0	0	0	0	0	0	0	0	0	0	0	0	0	0	322	3598	36952	13486	0	372	956	820	2138	1188	15518	9212	17636	7242	24268	248	3258	0	336	666	1032	1704	2244	13950	4976	1436	126	
41692	Cerebelum_3_L	0	0	0	0	0	0	0	0	0	0	0	0	0	0	0	0	0	0	0	0	0	0	0	0	0	0	0	0	0	0	0	0	0	0	0	0	0	0	0	0	0	0	0	0	0	0	318	148	0	0	0	0	0	0	228	0	0	0	0	0	0	0	0	0	0	0	0	0	0	0	0	0	0	0	0	0	0	0	0	0	0	0	0	0	0	0	0	0	0	0	1258	406	202	372	0	130	5980	280	2070	770	132	0	260	372	1288	236	130	0	1076	2194	2026	394	0	162	230	184	
65760	Cerebelum_3_R	0	0	0	0	0	0	0	0	0	0	0	0	0	0	0	0	0	0	0	0	0	0	0	0	0	0	0	0	0	0	0	0	0	0	0	0	0	0	0	194	0	0	0	0	0	0	0	150	0	0	0	0	0	0	0	564	0	0	0	0	0	0	0	0	0	0	0	0	0	0	0	0	0	0	0	0	0	0	0	0	0	0	0	0	0	0	0	0	0	0	252	2710	0	956	130	0	380	6320	350	6058	0	0	366	1642	130	1772	0	132	512	4120	1822	756	858	1208	1498	0	
314868	Cerebelum_4_5_L	0	0	0	0	0	0	0	0	0	0	0	0	0	0	0	0	0	0	0	0	0	0	0	0	0	0	0	0	432	0	0	0	0	0	0	0	1714	0	2558	0	0	0	256	0	0	0	14250	2662	0	0	684	0	1642	0	16392	232	0	0	0	0	0	0	0	0	0	0	158	0	0	0	0	0	270	0	0	0	122	0	0	0	0	0	0	0	0	0	0	0	386	0	25240	1634	2970	820	5980	380	0	1938	37234	4556	1630	0	2598	790	3514	836	870	0	1470	2538	12948	4820	146	276	1102	1386	
240176	Cerebelum_4_5_R	832	642	112	288	0	0	344	0	0	0	0	0	0	0	0	0	0	0	0	178	0	0	0	0	0	0	0	0	626	0	0	0	0	0	2366	2806	1912	5658	490	6998	0	0	0	250	0	0	456	10130	0	0	120	0	0	482	372	7524	266	0	0	0	0	0	0	0	0	0	0	822	0	0	0	0	856	0	0	0	2310	1956	0	0	286	0	0	0	0	0	0	0	212	110	964	14300	0	2138	280	6320	1938	0	1436	23788	0	458	206	2030	0	958	0	212	118	1532	11068	1234	320	582	802	0	
478784	Cerebelum_6_L	132	0	0	0	0	0	0	0	0	0	0	0	0	0	0	0	186	0	0	0	0	0	0	0	0	0	0	0	594	0	0	0	0	0	144	0	2090	0	1956	0	0	0	1362	142	0	0	20404	6138	0	0	3376	0	4684	0	29852	326	0	0	0	0	0	0	0	0	0	0	570	0	0	0	0	0	482	0	0	0	142	0	254	0	378	0	0	0	316	0	0	0	2496	0	51840	4134	10718	1188	2070	350	37234	1436	0	5336	5186	0	5236	908	3824	1076	1190	0	1068	1554	10534	12298	3796	496	1220	676	
430392	Cerebelum_6_R	0	0	0	0	0	0	0	0	0	0	0	0	0	0	0	0	0	0	0	0	0	168	0	0	0	0	0	0	0	364	0	0	0	0	0	0	0	1562	0	1750	0	148	0	496	0	188	1700	11840	0	328	0	182	204	1434	582	16574	0	0	0	0	0	0	0	0	0	0	0	108	0	0	0	0	0	690	0	0	0	0	0	0	0	0	0	0	0	0	0	0	0	678	3150	49410	870	15518	770	6058	4556	23788	5336	0	462	3704	1082	10870	704	4464	108	772	1026	2672	11890	14656	7584	2948	3242	560	
280128	Cerebelum_7b_L	0	0	0	0	0	0	0	0	0	0	0	0	0	0	0	0	0	0	0	0	0	0	0	0	0	0	0	0	0	0	0	0	0	0	0	0	0	0	156	0	0	0	0	0	0	0	202	0	0	0	0	0	0	0	1396	0	0	0	0	0	0	0	0	0	0	0	0	0	0	0	0	0	0	0	0	0	0	0	0	0	0	0	0	0	0	0	0	0	314	0	13260	1034	29778	9212	132	0	1630	0	5186	462	0	6074	39240	6542	6874	628	220	0	0	132	276	674	9212	6858	572	0	
165828	Cerebelum_7b_R	0	0	0	0	0	0	0	0	0	0	0	0	0	0	0	0	0	0	0	0	0	0	0	0	0	0	0	0	0	0	0	0	0	0	0	0	0	0	0	0	0	0	0	0	0	0	0	0	0	0	0	0	0	0	0	116	0	0	0	0	0	0	0	0	0	0	0	0	0	0	0	0	0	0	0	0	0	0	0	0	0	0	0	0	0	0	0	0	0	0	466	9192	4292	17636	0	0	0	458	0	3704	6074	0	5816	22342	0	3584	0	0	0	0	108	0	3956	4974	196	0	
322924	Cerebelum_8_L	0	0	0	0	0	0	0	0	0	0	0	0	0	0	0	0	0	0	0	0	0	0	0	0	0	0	0	0	0	0	0	0	0	0	0	0	114	0	146	0	0	0	0	0	0	0	332	236	0	0	0	0	0	0	1144	0	0	0	0	0	0	0	0	0	0	0	0	0	0	0	0	0	0	0	0	0	0	0	0	0	0	0	0	0	0	0	0	0	204	0	13286	1738	25490	7242	260	366	2598	206	5236	1082	39240	5816	0	9800	17188	2030	1038	0	294	588	1258	1520	8400	11860	2502	248	
307436	Cerebelum_8_R	0	0	0	0	0	0	0	0	0	0	0	0	0	0	0	0	0	0	0	0	0	0	0	0	0	0	0	0	0	0	0	0	0	0	0	0	0	0	0	0	0	0	0	0	0	0	0	472	0	0	0	0	0	0	0	254	0	0	0	0	0	0	0	0	0	0	0	0	0	0	0	0	0	0	0	0	0	0	0	0	0	0	0	0	0	0	0	0	0	0	1014	16690	3122	24268	372	1642	790	2030	908	10870	6542	22342	9800	0	1292	19578	0	1518	756	1738	1988	2540	7316	11508	4058	310	
112928	Cerebelum_9_L	0	0	0	0	0	0	0	0	0	0	0	0	0	0	0	0	0	0	0	0	0	0	0	0	0	0	0	0	0	0	0	0	0	0	0	0	0	0	0	0	0	0	0	0	0	0	934	408	0	0	0	0	0	0	124	0	0	0	0	0	0	0	0	0	0	0	0	0	0	0	0	0	0	0	0	0	0	0	0	0	0	0	0	0	0	0	0	0	0	0	2056	346	3110	248	1288	130	3514	0	3824	704	6874	0	17188	1292	0	1474	2864	0	204	364	1576	2210	720	1906	2592	514	
