data	data	490196	231052	680280	767052	149868	129668	429876	213472	83516	88960	332948	282644	299496	271920	161788	196216	276260	248100	758192	918192	85516	97232	442032	412848	47944	79368	62172	72376	622676	739792	399436	500628	270916	583148	198580	182008	266456	288484	112980	156928	65728	66672	255900	376980	272820	315620	289936	321124	272464	338020	512104	293236	229044	75228	400036	365828	300848	228384	146432	211740	263060	224388	140752	110276	249280	163668	375576	465628	360036	329576	363804	497468	219924	371304	44192	14784	176140	210560	85316	41188	208456	135220	128004	83916	338948	207508	17392	13604	282736	206872	434444	375976	291072	298712	27928	64108	255848	187668	432780	372416	218000	108052	236944	210120	96952	144688	19052	3252	23528	51980	182504	244340	236136	153380	124212	43428	
data	data	Precentral_L	Precentral_R	Frontal_Sup_L	Frontal_Sup_R	Frontal_Sup_Orb_L	Frontal_Sup_Orb_R	Frontal_Mid_L	Frontal_Mid_R	Frontal_Mid_Orb_L	Frontal_Mid_Orb_R	Frontal_Inf_Oper_L	Frontal_Inf_Oper_R	Frontal_Inf_Tri_L	Frontal_Inf_Tri_R	Frontal_Inf_Orb_L	Frontal_Inf_Orb_R	Rolandic_Oper_L	Rolandic_Oper_R	Supp_Motor_Area_L	Supp_Motor_Area_R	Olfactory_L	Olfactory_R	Frontal_Sup_Medial_L	Frontal_Sup_Medial_R	Frontal_Med_Orb_L	Frontal_Med_Orb_R	Rectus_L	Rectus_R	Insula_L	Insula_R	Cingulum_Ant_L	Cingulum_Ant_R	Cingulum_Mid_L	Cingulum_Mid_R	Cingulum_Post_L	Cingulum_Post_R	Hippocampus_L	Hippocampus_R	ParaHippocampal_L	ParaHippocampal_R	Amygdala_L	Amygdala_R	Calcarine_L	Calcarine_R	Cuneus_L	Cuneus_R	Lingual_L	Lingual_R	Occipital_Sup_L	Occipital_Sup_R	Occipital_Mid_L	Occipital_Mid_R	Occipital_Inf_L	Occipital_Inf_R	Fusiform_L	Fusiform_R	Postcentral_L	Postcentral_R	Parietal_Sup_L	Parietal_Sup_R	Parietal_Inf_L	Parietal_Inf_R	SupraMarginal_L	SupraMarginal_R	Angular_L	Angular_R	Precuneus_L	Precuneus_R	Paracentral_Lobule_L	Paracentral_Lobule_R	Caudate_L	Caudate_R	Putamen_L	Putamen_R	Pallidum_L	Pallidum_R	Thalamus_L	Thalamus_R	Heschl_L	Heschl_R	Temporal_Sup_L	Temporal_Sup_R	Temporal_Pole_Sup_L	Temporal_Pole_Sup_R	Temporal_Mid_L	Temporal_Mid_R	Temporal_Pole_Mid_L	Temporal_Pole_Mid_R	Temporal_Inf_L	Temporal_Inf_R	Cerebelum_Crus1_L	Cerebelum_Crus1_R	Cerebelum_Crus2_L	Cerebelum_Crus2_R	Cerebelum_3_L	Cerebelum_3_R	Cerebelum_4_5_L	Cerebelum_4_5_R	Cerebelum_6_L	Cerebelum_6_R	Cerebelum_7b_L	Cerebelum_7b_R	Cerebelum_8_L	Cerebelum_8_R	Cerebelum_9_L	Cerebelum_9_R	Cerebelum_10_L	Cerebelum_10_R	Vermis_1_2	Vermis_3	Vermis_4_5	Vermis_6	Vermis_7	Vermis_8	Vermis_9	Vermis_10	
490196	Precentral_L	0	6134	9848	4924	0	84	11716	1412	0	0	9458	996	808	238	0	350	9146	1334	27686	22758	0	0	0	844	0	0	0	0	7974	2018	0	282	564	2678	1436	1186	4024	764	0	322	0	0	418	0	880	0	0	0	1804	0	1910	0	142	0	218	90	30286	1916	206	0	2886	0	1970	326	1856	0	2192	262	23408	4610	4532	6004	8896	3174	5654	612	5600	412	1560	0	1764	0	0	0	2108	0	0	0	418	0	0	0	0	0	0	0	0	0	0	0	0	0	0	0	0	0	0	0	0	0	0	0	0	0	0	0	
231052	Precentral_R	6134	0	1704	14250	0	0	514	7078	0	0	116	4548	0	124	0	0	92	2630	4282	8642	0	0	0	0	0	0	0	0	108	4840	0	0	166	594	466	918	0	3322	0	118	0	84	0	1122	0	696	0	142	0	620	0	490	0	306	0	2308	640	18960	0	832	0	186	0	958	0	0	454	3252	2678	6698	260	2904	0	2404	0	218	132	5764	0	358	0	242	0	0	0	404	0	0	0	1768	0	0	0	0	0	0	0	0	0	0	0	0	0	0	0	0	0	0	0	0	0	0	0	0	0	0	
680280	Frontal_Sup_L	9848	1704	0	9430	8754	0	70474	2556	4132	102	12586	938	19278	678	10478	486	3752	1478	57004	6538	136	0	49452	10762	682	272	104	0	14028	2778	17292	5760	5608	3088	0	0	0	78	0	0	0	0	0	0	0	0	0	0	0	0	0	0	0	0	0	0	1328	276	0	0	0	0	178	0	0	0	0	0	2290	114	1200	614	1186	880	362	0	0	194	0	0	472	0	636	154	0	0	0	0	0	0	0	0	0	0	0	0	0	0	0	0	0	0	0	0	0	0	0	0	0	0	0	0	0	0	0	0	
767052	Frontal_Sup_R	4924	14250	9430	0	0	4232	2150	31658	0	1684	762	6168	562	16980	0	7326	182	13292	11864	55620	0	110	17850	44742	364	1800	0	0	448	27786	6836	32206	3506	21060	0	0	0	2542	0	610	0	0	0	0	0	0	0	0	0	0	0	0	0	0	0	246	636	434	0	0	0	0	0	0	0	0	0	0	1778	356	684	16846	206	16136	0	228	0	3306	0	0	0	256	134	1210	0	0	0	0	0	126	0	0	0	0	0	0	0	0	0	0	0	0	0	0	0	0	0	0	0	0	0	0	0	0	0	0	
149868	Frontal_Sup_Orb_L	0	0	8754	0	0	0	1298	0	11434	0	84	0	3688	0	15706	0	0	0	242	0	2342	0	2062	166	6360	1102	6796	0	6792	0	4864	100	0	0	0	0	0	0	212	0	182	0	0	0	0	0	0	0	0	0	0	0	0	0	0	0	0	0	0	0	0	0	0	0	0	0	0	0	0	0	370	0	2028	0	0	0	0	0	0	0	0	0	352	0	0	0	0	0	0	0	0	0	0	0	0	0	0	0	0	0	0	0	0	0	0	0	0	0	0	0	0	0	0	0	0	0	
129668	Frontal_Sup_Orb_R	84	0	0	4232	0	0	0	2094	0	8678	140	0	0	414	0	4912	128	0	0	586	562	2900	148	3046	348	7606	444	8444	88	2202	518	4390	0	0	0	0	0	0	0	140	0	126	0	0	0	0	0	0	0	0	0	0	0	0	0	0	0	0	0	0	0	0	0	0	0	0	0	0	0	0	604	7784	0	4114	0	0	0	0	0	0	0	0	102	0	0	0	0	0	0	0	0	0	0	0	0	0	0	0	0	0	0	0	0	0	0	0	0	0	0	0	0	0	0	0	0	0	
429876	Frontal_Mid_L	11716	514	70474	2150	1298	0	0	146	3438	0	13008	274	30980	422	6108	378	2274	0	17726	572	0	0	22196	2164	0	0	0	0	11056	748	6370	1084	4438	1430	0	0	0	0	0	0	0	0	0	0	0	0	0	0	0	0	0	0	0	0	0	0	1214	0	0	0	0	0	0	0	0	0	0	0	942	172	194	108	410	0	342	0	98	0	84	0	314	0	96	0	0	0	0	0	0	0	0	0	0	0	0	0	0	0	0	0	0	0	0	0	0	0	0	0	0	0	0	0	0	0	0	0	
213472	Frontal_Mid_R	1412	7078	2556	31658	0	2094	146	0	0	1746	646	6144	282	14378	0	3360	100	1420	3126	6396	0	0	994	3524	0	0	0	0	268	6580	264	1904	410	2588	0	0	0	96	0	0	0	0	0	0	0	0	0	0	0	0	0	0	0	0	0	0	0	500	0	0	0	0	0	0	0	0	0	146	0	0	334	3880	94	2264	0	0	0	250	0	0	0	0	0	98	0	0	0	0	0	0	0	0	0	0	0	0	0	0	0	0	0	0	0	0	0	0	0	0	0	0	0	0	0	0	0	0	
83516	Frontal_Mid_Orb_L	0	0	4132	0	11434	0	3438	0	0	0	0	0	2690	0	15612	0	0	0	0	0	446	0	0	0	372	0	1258	0	1234	0	398	0	0	0	0	0	0	0	0	0	0	0	0	0	0	0	0	0	0	0	0	0	0	0	0	0	0	0	0	0	0	0	0	0	0	0	0	0	0	0	0	0	222	0	0	0	0	0	0	0	0	0	522	0	0	0	0	0	0	0	0	0	0	0	0	0	0	0	0	0	0	0	0	0	0	0	0	0	0	0	0	0	0	0	0	0	
88960	Frontal_Mid_Orb_R	0	0	102	1684	0	8678	0	1746	0	0	470	82	0	788	0	13322	416	0	108	1614	86	316	0	0	0	1136	88	1976	376	2436	146	348	0	0	0	0	0	0	0	0	0	0	0	0	0	0	0	0	0	0	0	0	0	0	0	0	0	0	0	0	0	0	0	0	0	0	0	0	0	0	704	2772	0	4864	0	0	0	0	0	0	0	0	222	0	0	0	0	0	0	0	0	0	0	0	0	0	0	0	0	0	0	0	0	0	0	0	0	0	0	0	0	0	0	0	0	0	
332948	Frontal_Inf_Oper_L	9458	116	12586	762	84	140	13008	646	0	470	0	11636	14872	916	186	742	13418	1354	14172	476	0	0	1272	556	0	0	0	0	22288	13474	4272	1434	288	614	0	0	0	0	0	0	0	0	0	0	0	0	0	0	0	0	0	0	0	0	0	0	3960	0	0	0	0	0	0	0	0	0	0	0	208	0	9216	3660	994	656	0	0	0	0	142	0	1106	0	6328	626	228	0	0	0	110	0	0	0	0	0	0	0	0	0	0	0	0	0	0	0	0	0	0	0	0	0	0	0	0	0	0	0	
282644	Frontal_Inf_Oper_R	996	4548	938	6168	0	0	274	6144	0	82	11636	0	5820	7392	0	534	2078	8942	2942	8184	0	0	588	238	0	0	0	0	8988	30394	2920	1980	214	2664	0	0	0	116	0	0	0	0	0	0	0	0	0	0	0	0	0	0	0	0	0	0	0	834	0	0	0	0	0	106	0	0	0	0	90	126	7902	5958	1148	4072	0	82	0	426	0	0	82	132	2056	3528	0	0	0	0	0	0	0	0	0	0	0	0	0	0	0	0	0	0	0	0	0	0	0	0	0	0	0	0	0	0	0	0	
299496	Frontal_Inf_Tri_L	808	0	19278	562	3688	0	30980	282	2690	0	14872	5820	0	900	12296	404	252	0	2864	446	0	0	4282	252	0	0	0	0	27742	6220	7448	1290	980	806	0	0	0	0	0	0	0	0	0	0	0	0	0	0	0	0	0	0	0	0	0	0	0	0	0	0	0	0	0	0	0	0	0	0	0	0	2774	1142	254	180	0	0	0	0	0	0	0	0	236	0	0	0	0	0	0	0	0	0	0	0	0	0	0	0	0	0	0	0	0	0	0	0	0	0	0	0	0	0	0	0	0	0	
271920	Frontal_Inf_Tri_R	238	124	678	16980	0	414	422	14378	0	788	916	7392	900	0	0	13546	0	736	3570	7182	0	0	4394	5808	0	0	0	0	596	32520	1556	7256	956	9478	0	0	0	0	0	0	0	0	0	0	0	0	0	0	0	0	0	0	0	0	0	0	0	0	0	0	0	0	0	0	0	0	0	0	0	0	1242	1788	892	996	0	0	0	0	0	0	0	0	0	214	0	0	0	0	0	0	0	0	0	0	0	0	0	0	0	0	0	0	0	0	0	0	0	0	0	0	0	0	0	0	0	0	
161788	Frontal_Inf_Orb_L	0	0	10478	0	15706	0	6108	0	15612	0	186	0	12296	0	0	0	0	0	332	0	1518	0	294	0	0	0	1420	0	11068	0	1408	0	0	0	0	0	0	0	180	0	260	0	0	0	0	0	0	0	0	0	0	0	0	0	0	0	0	0	0	0	0	0	0	0	0	0	0	0	0	0	248	0	1354	0	0	0	0	0	0	0	0	0	2426	0	0	0	0	0	0	0	0	0	0	0	0	0	0	0	0	0	0	0	0	0	0	0	0	0	0	0	0	0	0	0	0	0	
196216	Frontal_Inf_Orb_R	350	0	486	7326	0	4912	378	3360	0	13322	742	534	404	13546	0	0	406	0	1108	3482	134	854	2660	2670	0	0	0	1218	670	18310	458	2488	898	4778	0	0	0	0	0	78	0	100	0	0	0	0	0	0	0	0	0	0	0	0	0	0	0	0	0	0	0	0	0	0	0	0	0	0	0	0	812	4488	108	6542	0	0	0	0	0	0	0	0	212	274	0	0	0	0	0	0	0	0	0	0	0	0	0	0	0	0	0	0	0	0	0	0	0	0	0	0	0	0	0	0	0	0	
276260	Rolandic_Oper_L	9146	92	3752	182	0	128	2274	100	0	416	13418	2078	252	0	0	406	0	1646	9940	228	0	0	0	338	0	0	0	0	30022	3600	130	370	0	88	0	0	302	80	0	0	0	0	0	0	0	0	0	0	96	0	488	0	572	0	1128	0	11642	0	0	0	602	0	3898	0	940	0	0	0	1074	0	7666	1780	2252	618	76	0	350	104	4290	0	11270	0	5300	610	2554	0	0	0	1832	0	0	0	0	0	0	0	0	0	0	0	0	0	0	0	0	0	0	0	0	0	0	0	0	0	0	0	
248100	Rolandic_Oper_R	1334	2630	1478	13292	0	0	0	1420	0	0	1354	8942	0	736	0	0	1646	0	2702	14580	0	0	0	0	0	0	0	0	1630	28054	552	114	0	756	0	118	0	384	0	0	0	0	0	0	0	0	0	0	0	0	0	0	0	0	0	630	0	5282	0	0	0	0	0	2996	0	0	108	298	426	356	3334	6876	166	2770	0	264	152	3726	0	2942	186	4908	726	4320	0	1002	0	0	0	860	0	0	0	0	0	0	0	0	0	0	0	0	0	0	0	0	0	0	0	0	0	0	0	0	0	0	
758192	Supp_Motor_Area_L	27686	4282	57004	11864	242	0	17726	3126	0	108	14172	2942	2864	3570	332	1108	9940	2702	0	53034	336	0	5236	3110	0	0	132	0	10376	9490	12968	6148	20944	35440	1018	158	276	250	104	82	0	0	0	0	0	0	0	0	0	0	0	0	0	0	178	0	4786	642	0	0	0	0	394	124	0	0	0	80	19312	7986	6596	2392	7948	3736	1718	148	82	234	160	0	2312	76	918	166	84	0	0	0	254	0	0	0	0	0	0	0	0	0	0	0	0	0	0	0	0	0	0	0	0	0	0	0	0	0	0	0	
918192	Supp_Motor_Area_R	22758	8642	6538	55620	0	586	572	6396	0	1614	476	8184	446	7182	0	3482	228	14580	53034	0	0	0	1776	7446	0	0	0	0	490	24812	3164	13374	13074	52764	1746	3016	0	3100	0	1074	0	80	0	978	78	968	0	204	0	582	0	640	0	0	0	452	532	3448	0	102	0	86	0	740	0	0	556	3588	22492	47534	2030	21772	136	18176	74	1802	1636	12258	0	0	0	328	0	1350	0	106	0	0	0	194	0	0	0	0	0	0	0	0	0	0	0	0	0	0	0	0	0	0	0	0	0	0	0	0	0	0	
85516	Olfactory_L	0	0	136	0	2342	562	0	0	446	86	0	0	0	0	1518	134	0	0	336	0	0	5590	0	0	402	0	4244	1734	3826	164	3236	1766	0	0	0	0	0	0	1012	0	796	0	0	0	0	0	0	0	0	0	0	0	0	0	0	0	0	0	0	0	0	0	0	0	0	0	0	0	0	0	6450	4898	2196	426	0	0	0	0	0	0	0	0	458	0	0	0	0	0	0	0	0	0	0	0	0	0	0	0	0	0	0	0	0	0	0	0	0	0	0	0	0	0	0	0	0	0	
97232	Olfactory_R	0	0	0	110	0	2900	0	0	0	316	0	0	0	0	0	854	0	0	0	0	5590	0	0	0	168	1716	2262	4496	0	2202	2482	3096	0	0	0	0	0	136	0	318	0	882	0	0	0	0	0	0	0	0	0	0	0	0	0	0	0	0	0	0	0	0	0	0	0	0	0	0	0	0	7594	9032	2696	1604	0	0	0	0	0	0	0	0	0	162	0	0	0	0	0	0	0	0	0	0	0	0	0	0	0	0	0	0	0	0	0	0	0	0	0	0	0	0	0	0	0	0	
442032	Frontal_Sup_Medial_L	0	0	49452	17850	2062	148	22196	994	0	0	1272	588	4282	4394	294	2660	0	0	5236	1776	0	0	0	31250	1632	1034	0	0	3862	4902	19756	21554	5512	14514	0	0	0	0	0	0	0	0	0	0	0	0	0	0	0	0	0	0	0	0	0	0	0	0	0	0	0	0	0	0	0	0	0	0	0	0	558	1366	460	1322	0	0	0	0	0	0	0	0	90	0	0	0	0	0	0	0	0	0	0	0	0	0	0	0	0	0	0	0	0	0	0	0	0	0	0	0	0	0	0	0	0	0	
412848	Frontal_Sup_Medial_R	844	0	10762	44742	166	3046	2164	3524	0	0	556	238	252	5808	0	2670	338	0	3110	7446	0	0	31250	0	1204	4046	0	0	440	6014	8844	33394	2620	15262	0	0	0	0	0	0	0	0	0	0	0	0	0	0	0	0	0	0	0	0	0	0	0	0	0	0	0	0	0	0	0	0	0	0	0	0	672	10912	150	5680	0	0	0	0	0	0	0	0	270	0	0	0	0	0	0	0	0	0	0	0	0	0	0	0	0	0	0	0	0	0	0	0	0	0	0	0	0	0	0	0	0	0	
47944	Frontal_Med_Orb_L	0	0	682	364	6360	348	0	0	372	0	0	0	0	0	0	0	0	0	0	0	402	168	1632	1204	0	2818	2832	200	176	0	4584	672	0	0	0	0	0	0	0	0	0	0	0	0	0	0	0	0	0	0	0	0	0	0	0	0	0	0	0	0	0	0	0	0	0	0	0	0	0	0	186	294	560	118	0	0	0	0	0	0	0	0	0	0	0	0	0	0	0	0	0	0	0	0	0	0	0	0	0	0	0	0	0	0	0	0	0	0	0	0	0	0	0	0	0	0	
79368	Frontal_Med_Orb_R	0	0	272	1800	1102	7606	0	0	0	1136	0	0	0	0	0	0	0	0	0	0	0	1716	1034	4046	2818	0	0	4570	0	0	2228	6068	0	0	0	0	0	0	0	0	0	0	0	0	0	0	0	0	0	0	0	0	0	0	0	0	0	0	0	0	0	0	0	0	0	0	0	0	0	0	0	4034	0	1254	0	0	0	0	0	0	0	0	0	0	0	0	0	0	0	0	0	0	0	0	0	0	0	0	0	0	0	0	0	0	0	0	0	0	0	0	0	0	0	0	0	0	
62172	Rectus_L	0	0	104	0	6796	444	0	0	1258	88	0	0	0	0	1420	0	0	0	132	0	4244	2262	0	0	2832	0	0	1188	464	0	3204	662	0	0	0	0	0	0	0	0	0	0	0	0	0	0	0	0	0	0	0	0	0	0	0	0	0	0	0	0	0	0	0	0	0	0	0	0	0	0	2606	1744	1494	144	0	0	0	0	0	0	0	0	0	0	0	0	0	0	0	0	0	0	0	0	0	0	0	0	0	0	0	0	0	0	0	0	0	0	0	0	0	0	0	0	0	0	
72376	Rectus_R	0	0	0	0	0	8444	0	0	0	1976	0	0	0	0	0	1218	0	0	0	0	1734	4496	0	0	200	4570	1188	0	0	1492	1234	2810	0	0	0	0	0	0	0	0	0	86	0	0	0	0	0	0	0	0	0	0	0	0	0	0	0	0	0	0	0	0	0	0	0	0	0	0	0	0	1162	3776	212	1590	0	0	0	0	0	0	0	0	0	0	0	0	0	0	0	0	0	0	0	0	0	0	0	0	0	0	0	0	0	0	0	0	0	0	0	0	0	0	0	0	0	0	
622676	Insula_L	7974	108	14028	448	6792	88	11056	268	1234	376	22288	8988	27742	596	11068	670	30022	1630	10376	490	3826	0	3862	440	176	0	464	0	0	10110	9982	1430	706	680	326	312	9000	328	2600	80	3282	0	92	0	208	0	478	84	426	0	1214	0	1760	0	6652	0	9742	0	0	0	390	0	1334	0	1816	0	458	114	912	76	12826	3022	16228	730	0	0	1958	118	8164	0	12870	0	6700	606	8410	0	0	0	10104	0	0	0	0	0	0	0	0	0	0	0	0	0	0	0	0	0	0	0	0	0	0	0	0	0	0	0	
739792	Insula_R	2018	4840	2778	27786	0	2202	748	6580	0	2436	13474	30394	6220	32520	0	18310	3600	28054	9490	24812	164	2202	4902	6014	0	0	0	1492	10110	0	4552	8628	1154	13770	0	116	0	5266	0	1790	0	2746	0	0	0	0	0	0	0	0	0	0	0	0	0	3084	0	1412	0	0	0	0	0	88	0	0	0	110	354	352	10886	15342	1532	26492	0	0	166	5204	0	4162	250	6044	3010	6394	84	2744	0	0	0	3018	0	0	0	0	0	0	0	0	0	0	0	0	0	0	0	0	0	0	0	0	0	0	0	0	0	0	
399436	Cingulum_Ant_L	0	0	17292	6836	4864	518	6370	264	398	146	4272	2920	7448	1556	1408	458	130	552	12968	3164	3236	2482	19756	8844	4584	2228	3204	1234	9982	4552	0	23612	12792	6532	342	0	0	0	0	0	0	0	0	0	0	0	0	0	0	0	0	0	0	0	0	0	0	0	0	0	0	0	0	0	0	0	0	0	0	0	8906	4870	8850	1696	0	0	0	0	0	0	0	0	310	142	0	0	0	0	0	0	0	0	0	0	0	0	0	0	0	0	0	0	0	0	0	0	0	0	0	0	0	0	0	0	0	0	
500628	Cingulum_Ant_R	282	0	5760	32206	100	4390	1084	1904	0	348	1434	1980	1290	7256	0	2488	370	114	6148	13374	1766	3096	21554	33394	672	6068	662	2810	1430	8628	23612	0	7600	24904	0	0	0	0	0	0	0	0	0	0	0	0	0	0	0	0	0	0	0	0	0	0	0	0	0	0	0	0	0	0	0	0	0	0	0	0	4162	17600	1644	9916	0	0	0	0	0	0	0	0	268	0	0	0	0	0	0	0	0	0	0	0	0	0	0	0	0	0	0	0	0	0	0	0	0	0	0	0	0	0	0	0	0	0	
270916	Cingulum_Mid_L	564	166	5608	3506	0	0	4438	410	0	0	288	214	980	956	0	898	0	0	20944	13074	0	0	5512	2620	0	0	0	0	706	1154	12792	7600	0	24424	4004	650	0	0	0	0	0	0	260	164	2150	210	0	0	2242	186	934	0	242	0	0	0	432	286	246	0	390	0	0	0	262	0	7640	1430	3610	2686	126	0	0	0	94	0	186	0	0	0	0	0	0	0	174	0	0	0	0	0	0	0	0	0	0	0	0	0	0	0	0	0	0	0	0	0	0	0	0	0	0	0	0	0	0	0	
583148	Cingulum_Mid_R	2678	594	3088	21060	0	0	1430	2588	0	0	614	2664	806	9478	0	4778	88	756	35440	52764	0	0	14514	15262	0	0	0	0	680	13770	6532	24904	24424	0	2410	2250	0	172	0	90	0	0	0	1730	238	2826	0	164	0	2606	0	1418	0	0	0	148	0	1492	0	368	0	288	0	0	0	0	2320	7306	8356	13134	264	1082	0	3714	0	0	0	0	0	0	0	0	0	0	0	164	0	0	0	122	0	0	0	0	0	0	0	0	0	0	0	0	0	0	0	0	0	0	0	0	0	0	0	0	0	0	
198580	Cingulum_Post_L	1436	466	0	0	0	0	0	0	0	0	0	0	0	0	0	0	0	0	1018	1746	0	0	0	0	0	0	0	0	326	0	342	0	4004	2410	0	15452	7676	5524	1550	1914	0	0	2948	366	1464	306	1714	2568	1270	136	1696	86	844	0	218	528	3246	1248	714	82	122	0	0	0	110	0	10508	5586	8864	2426	356	0	0	0	0	0	4658	1550	696	0	116	0	0	0	536	0	0	0	116	0	0	0	0	0	0	0	0	86	0	0	0	0	0	0	0	0	0	0	0	0	262	0	0	0	0	0	
182008	Cingulum_Post_R	1186	918	0	0	0	0	0	0	0	0	0	0	0	0	0	0	0	118	158	3016	0	0	0	0	0	0	0	0	312	116	0	0	650	2250	15452	0	5784	7824	938	2614	0	0	88	1322	0	490	280	4618	0	216	0	184	0	0	0	1460	656	2622	0	196	0	0	0	78	0	0	2842	11262	6134	5018	416	0	0	0	0	0	6356	3576	666	0	98	0	0	0	0	0	0	0	0	692	0	0	0	0	0	0	0	114	0	0	0	0	0	0	0	0	0	0	0	0	284	0	0	0	0	0	
266456	Hippocampus_L	4024	0	0	0	0	0	0	0	0	0	0	0	0	0	0	0	302	0	276	0	0	0	0	0	0	0	0	0	9000	0	0	0	0	0	7676	5784	0	3884	15164	1158	11334	0	2130	0	0	0	5968	1838	0	0	330	0	1972	0	17624	190	1176	0	0	0	0	0	0	0	260	0	4464	2530	2480	0	290	0	4754	0	990	0	5620	708	2284	0	2784	0	1056	0	2054	0	116	0	12308	0	80	0	0	0	0	0	204	82	140	0	0	0	0	0	0	0	0	0	0	0	194	0	0	0	0	0	
288484	Hippocampus_R	764	3322	78	2542	0	0	0	96	0	0	0	116	0	0	0	0	80	384	250	3100	0	136	0	0	0	0	0	0	328	5266	0	0	0	172	5524	7824	3884	0	282	23992	0	11294	0	1016	0	84	118	5674	0	0	0	106	0	1240	0	23444	88	108	0	0	0	0	0	0	0	0	402	4650	2898	1102	216	518	0	10470	0	156	4242	6896	514	1148	94	1182	0	1158	0	1592	0	0	0	5172	0	0	0	0	0	0	0	520	0	0	0	0	0	0	0	0	0	0	0	0	0	0	0	0	0	0	
112980	ParaHippocampal_L	0	0	0	0	212	0	0	0	0	0	0	0	0	0	180	0	0	0	104	0	1012	0	0	0	0	0	0	0	2600	0	0	0	0	0	1550	938	15164	282	0	0	4806	0	736	0	0	0	5400	248	0	0	0	0	1948	0	10760	0	104	0	0	0	0	0	0	0	0	0	1726	664	0	0	242	0	1004	0	0	0	884	0	0	0	260	0	536	0	296	0	260	0	3428	0	258	0	0	0	0	0	488	0	400	0	0	0	0	0	0	0	0	0	0	0	0	0	0	0	0	0	
156928	ParaHippocampal_R	322	118	0	610	0	140	0	0	0	0	0	0	0	0	0	78	0	0	82	1074	0	318	0	0	0	0	0	0	80	1790	0	0	0	90	1914	2614	1158	23992	0	0	0	7272	0	464	0	84	0	3710	0	0	0	102	0	1418	0	14808	0	0	0	0	0	0	0	0	0	0	0	1462	898	232	0	84	0	4348	0	106	1570	2884	94	272	0	180	0	968	0	218	0	544	0	876	0	0	0	0	0	84	0	1294	0	112	0	0	0	0	0	0	0	0	0	0	0	0	0	0	0	0	
65728	Amygdala_L	0	0	0	0	182	0	0	0	0	0	0	0	0	0	260	0	0	0	0	0	796	0	0	0	0	0	0	0	3282	0	0	0	0	0	0	0	11334	0	4806	0	0	0	0	0	0	0	0	0	0	0	0	0	0	0	6796	0	0	0	0	0	0	0	0	0	0	0	0	0	116	0	98	0	608	0	0	0	344	0	0	0	0	0	814	0	196	0	102	0	3130	0	0	0	0	0	0	0	0	0	0	0	0	0	0	0	0	0	0	0	0	0	0	0	0	0	0	0	
66672	Amygdala_R	0	84	0	0	0	126	0	0	0	0	0	0	0	0	0	100	0	0	0	80	0	882	0	0	0	0	0	86	0	2746	0	0	0	0	0	0	0	11294	0	7272	0	0	0	0	0	0	0	0	0	0	0	0	0	0	0	6156	0	0	0	0	0	0	0	0	0	0	0	0	0	80	0	138	0	1884	0	0	0	274	0	0	0	0	0	1408	0	0	0	102	0	538	0	0	0	0	0	0	0	86	0	0	0	0	0	0	0	0	0	0	0	0	0	0	0	0	0	0	
255900	Calcarine_L	418	0	0	0	0	0	0	0	0	0	0	0	0	0	0	0	0	0	0	0	0	0	0	0	0	0	0	0	92	0	0	0	260	0	2948	88	2130	0	736	0	0	0	0	9602	12418	6328	15258	4700	6582	2458	26770	908	12986	192	6466	608	472	0	88	0	422	0	78	0	490	0	10914	964	0	0	0	0	0	0	0	0	0	0	416	0	76	0	0	0	1144	0	0	0	668	0	0	0	0	0	0	0	0	0	270	0	0	0	0	0	0	0	0	0	0	0	0	0	0	0	0	0	
376980	Calcarine_R	0	1122	0	0	0	0	0	0	0	0	0	0	0	0	0	0	0	0	0	978	0	0	0	0	0	0	0	0	0	0	0	0	164	1730	366	1322	0	1016	0	464	0	0	9602	0	4370	31930	4402	24842	0	24722	0	15540	0	5648	0	9550	0	5040	0	2896	0	1768	0	276	0	148	2310	28854	194	2674	0	0	0	0	0	0	0	0	0	0	0	90	0	0	0	2238	0	0	0	4234	0	0	0	0	0	0	0	0	0	0	0	0	0	0	0	0	0	0	0	0	0	0	0	0	0	0	
272820	Cuneus_L	880	0	0	0	0	0	0	0	0	0	0	0	0	0	0	0	0	0	0	78	0	0	0	0	0	0	0	0	208	0	0	0	2150	238	1464	0	0	0	0	0	0	0	12418	4370	0	7370	1396	398	33248	3212	20626	1738	2586	0	1284	0	1620	74	6990	214	3792	208	348	0	2932	0	20882	2774	356	116	0	0	0	0	0	0	0	0	142	0	158	0	0	0	1338	328	0	0	474	0	0	0	0	0	0	0	0	0	0	0	0	0	0	0	0	0	0	0	0	0	0	0	0	0	0	0	
315620	Cuneus_R	0	696	0	0	0	0	0	0	0	0	0	0	0	0	0	0	0	0	0	968	0	0	0	0	0	0	0	0	0	0	0	0	210	2826	306	490	0	84	0	84	0	0	6328	31930	7370	0	1468	5836	0	34040	72	12860	0	1682	0	1666	0	2870	0	3692	0	2462	0	200	0	352	7938	26168	174	2084	0	0	0	0	0	0	0	0	0	0	0	102	0	0	0	1884	0	0	0	968	0	0	0	0	0	0	0	0	0	0	0	0	0	0	0	0	0	0	0	0	0	0	0	0	0	0	
289936	Lingual_L	0	0	0	0	0	0	0	0	0	0	0	0	0	0	0	0	0	0	0	0	0	0	0	0	0	0	0	0	478	0	0	0	0	0	1714	280	5968	118	5400	0	0	0	15258	4402	1396	1468	0	6422	1584	1124	12618	718	10812	126	18812	648	82	0	0	0	0	0	0	0	0	0	3836	636	0	0	0	0	326	0	0	0	642	0	0	0	134	0	0	0	292	0	0	0	1580	0	5790	2082	366	300	218	0	11040	786	14790	2394	0	0	124	0	0	124	0	0	114	308	3370	4516	1412	120	122	118	
321124	Lingual_R	0	142	0	0	0	0	0	0	0	0	0	0	0	0	0	0	0	0	0	204	0	0	0	0	0	0	0	0	84	0	0	0	0	164	2568	4618	1838	5674	248	3710	0	0	4700	24842	398	5836	6422	0	0	10236	0	7228	0	2970	842	14576	0	690	0	310	0	0	0	0	0	0	756	11972	786	594	0	0	0	0	0	0	1960	1392	114	0	0	0	0	0	0	218	0	0	0	904	3086	4514	1100	658	0	0	2486	4886	6038	7564	104	0	0	0	0	0	0	0	0	88	5344	6652	1046	0	0	0	
272464	Occipital_Sup_L	1804	0	0	0	0	0	0	0	0	0	0	0	0	0	0	0	96	0	0	0	0	0	0	0	0	0	0	0	426	0	0	0	2242	0	1270	0	0	0	0	0	0	0	6582	0	33248	0	1584	0	0	0	31736	0	2920	0	966	0	2018	0	12134	0	6116	0	574	0	5344	0	23140	1960	212	0	0	0	0	0	0	0	72	0	74	0	246	0	0	0	1202	0	0	0	266	0	0	0	0	0	0	0	0	0	0	0	0	0	0	0	0	0	0	0	0	0	0	0	0	0	0	0	
338020	Occipital_Sup_R	0	620	0	0	0	0	0	0	0	0	0	0	0	0	0	0	0	0	0	582	0	0	0	0	0	0	0	0	0	0	0	0	186	2606	136	216	0	0	0	0	0	0	2458	24722	3212	34040	1124	10236	0	0	0	27434	0	696	0	1376	0	2142	0	10284	0	5634	0	902	0	6218	8268	21204	78	1124	0	0	0	0	0	0	0	0	0	0	0	750	0	0	0	2116	0	0	0	646	0	0	0	0	0	0	0	0	0	0	0	0	0	0	0	0	0	0	0	0	0	0	0	0	0	0	
512104	Occipital_Mid_L	1910	0	0	0	0	0	0	0	0	0	0	0	0	0	0	0	488	0	0	0	0	0	0	0	0	0	0	0	1214	0	0	0	934	0	1696	0	330	0	0	0	0	0	26770	0	20626	72	12618	0	31736	0	0	0	35500	0	10626	0	3848	0	14692	0	20562	0	7008	0	23062	0	13626	282	638	0	0	0	256	0	0	0	532	0	894	0	1310	0	0	0	21968	0	0	0	2564	0	0	0	0	0	0	0	0	0	290	0	0	0	0	0	0	0	0	0	0	0	0	0	0	0	0	0	
293236	Occipital_Mid_R	0	490	0	0	0	0	0	0	0	0	0	0	0	0	0	0	0	0	0	640	0	0	0	0	0	0	0	0	0	0	0	0	0	1418	86	184	0	106	0	102	0	0	908	15540	1738	12860	718	7228	0	27434	0	0	0	3752	0	2068	0	2422	0	11944	0	11958	0	414	0	15304	2046	12340	102	1114	0	0	0	0	0	0	0	0	0	0	0	1006	0	0	0	10626	0	0	0	2070	0	0	0	0	0	0	0	0	0	0	0	0	0	0	0	0	0	0	0	0	0	0	0	0	0	0	
229044	Occipital_Inf_L	142	0	0	0	0	0	0	0	0	0	0	0	0	0	0	0	572	0	0	0	0	0	0	0	0	0	0	0	1760	0	0	0	242	0	844	0	1972	0	1948	0	0	0	12986	0	2586	0	10812	0	2920	0	35500	0	0	0	16992	0	1034	0	0	0	190	0	0	0	846	0	4296	92	540	0	0	0	540	0	0	0	192	0	1238	0	612	0	0	0	9278	0	0	0	6044	0	108	0	0	0	0	0	0	0	236	0	0	0	0	0	0	0	0	0	0	0	0	0	0	0	0	0	
75228	Occipital_Inf_R	0	306	0	0	0	0	0	0	0	0	0	0	0	0	0	0	0	0	0	0	0	0	0	0	0	0	0	0	0	0	0	0	0	0	0	0	0	1240	0	1418	0	0	192	5648	0	1682	126	2970	0	696	0	3752	0	0	0	5984	0	1278	0	766	0	784	0	262	0	282	0	2876	0	80	0	0	0	88	0	0	0	0	0	0	0	122	0	0	0	2864	0	0	0	4198	0	0	0	0	0	0	0	0	0	0	0	0	0	0	0	0	0	0	0	0	0	0	0	0	0	0	
400036	Fusiform_L	218	0	0	0	0	0	0	0	0	0	0	0	0	0	0	0	1128	0	178	0	0	0	0	0	0	0	0	0	6652	0	0	0	0	0	218	0	17624	0	10760	0	6796	0	6466	0	1284	0	18812	842	966	0	10626	0	16992	0	0	226	1288	0	0	0	0	0	0	0	310	0	1394	0	384	0	266	0	1874	0	0	0	252	0	4232	0	4202	0	1318	0	5600	0	394	0	22450	0	16630	496	842	138	0	0	10904	112	21608	600	0	0	226	92	256	78	0	0	0	0	1606	1980	484	102	112	0	
365828	Fusiform_R	90	2308	0	246	0	0	0	0	0	0	0	0	0	0	0	0	0	630	0	452	0	0	0	0	0	0	0	0	0	3084	0	0	0	148	528	1460	190	23444	0	14808	0	6156	608	9550	0	1666	648	14576	0	1376	0	2068	0	5984	226	0	0	786	0	300	0	716	0	610	0	568	124	6722	338	1082	0	0	0	3364	0	0	314	2360	0	1640	0	3104	0	3016	0	3446	0	698	0	24700	1518	8104	262	446	0	928	612	6506	2172	13280	0	0	0	134	0	0	0	0	0	0	1760	2874	184	0	0	0	
300848	Postcentral_L	30286	640	1328	636	0	0	1214	0	0	0	3960	0	0	0	0	0	11642	0	4786	532	0	0	0	0	0	0	0	0	9742	0	0	0	432	0	3246	656	1176	88	104	0	0	0	472	0	1620	0	82	0	2018	0	3848	0	1034	0	1288	0	0	0	6536	0	17312	0	6754	0	4422	0	4168	278	10580	282	1928	0	1274	0	74	0	1414	0	3246	0	3728	0	0	0	6022	0	0	0	1576	0	0	0	0	0	0	0	0	0	0	0	0	0	0	0	0	0	0	0	0	0	0	0	0	0	0	0	
228384	Postcentral_R	1916	18960	276	434	0	0	0	500	0	0	0	834	0	0	0	0	0	5282	642	3448	0	0	0	0	0	0	0	0	0	1412	0	0	286	1492	1248	2622	0	108	0	0	0	0	0	5040	74	2870	0	690	0	2142	0	2422	0	1278	0	786	0	0	0	8420	0	8660	0	12644	0	1576	1042	14272	692	7662	0	198	0	1350	0	146	0	562	0	238	0	1020	0	0	0	356	0	0	0	592	0	0	0	0	0	0	0	0	0	0	0	0	0	0	0	0	0	0	0	0	0	0	0	0	0	0	
146432	Parietal_Sup_L	206	0	0	0	0	0	0	0	0	0	0	0	0	0	0	0	0	0	0	0	0	0	0	0	0	0	0	0	0	0	0	0	246	0	714	0	0	0	0	0	0	0	88	0	6990	0	0	0	12134	0	14692	0	0	0	0	0	6536	0	0	0	13372	0	0	0	4878	0	12646	292	422	0	0	0	0	0	0	0	0	0	0	0	0	0	0	0	0	0	0	0	0	0	0	0	0	0	0	0	0	0	0	0	0	0	0	0	0	0	0	0	0	0	0	0	0	0	0	0	
211740	Parietal_Sup_R	0	832	0	0	0	0	0	0	0	0	0	0	0	0	0	0	0	0	0	102	0	0	0	0	0	0	0	0	0	0	0	0	0	368	82	196	0	0	0	0	0	0	0	2896	214	3692	0	310	0	10284	0	11944	0	766	0	300	0	8420	0	0	0	26346	0	2602	0	14224	942	10046	0	658	0	0	0	0	0	0	0	0	0	0	0	1300	0	0	0	7376	0	0	0	1970	0	0	0	0	0	0	0	0	0	0	0	0	0	0	0	0	0	0	0	0	0	0	0	0	0	0	
263060	Parietal_Inf_L	2886	0	0	0	0	0	0	0	0	0	0	0	0	0	0	0	602	0	0	0	0	0	0	0	0	0	0	0	390	0	0	0	390	0	122	0	0	0	0	0	0	0	422	0	3792	0	0	0	6116	0	20562	0	190	0	0	0	17312	0	13372	0	0	0	18786	0	30904	0	4592	190	770	0	0	0	124	0	0	0	156	0	130	0	3138	0	0	0	5706	0	0	0	878	0	0	0	0	0	0	0	0	0	0	0	0	0	0	0	0	0	0	0	0	0	0	0	0	0	0	0	
224388	Parietal_Inf_R	0	186	0	0	0	0	0	0	0	0	0	0	0	0	0	0	0	0	0	86	0	0	0	0	0	0	0	0	0	0	0	0	0	288	0	0	0	0	0	0	0	0	0	1768	208	2462	0	0	0	5634	0	11958	0	784	0	716	0	8660	0	26346	0	0	0	12422	0	21960	920	4660	0	250	0	0	0	0	0	0	0	0	0	0	0	1826	0	0	0	8042	0	0	0	3018	0	0	0	0	0	0	0	0	0	0	0	0	0	0	0	0	0	0	0	0	0	0	0	0	0	0	
140752	SupraMarginal_L	1970	0	178	0	0	0	0	0	0	0	0	0	0	0	0	0	3898	0	394	0	0	0	0	0	0	0	0	0	1334	0	0	0	0	0	0	0	0	0	0	0	0	0	78	0	348	0	0	0	574	0	7008	0	0	0	0	0	6754	0	0	0	18786	0	0	0	14346	0	162	76	214	0	286	0	112	0	0	0	134	0	138	0	5658	0	0	0	7640	0	0	0	288	0	0	0	0	0	0	0	0	0	0	0	0	0	0	0	0	0	0	0	0	0	0	0	0	0	0	0	
110276	SupraMarginal_R	326	958	0	0	0	0	0	0	0	0	0	106	0	0	0	0	0	2996	124	740	0	0	0	0	0	0	0	0	0	88	0	0	0	0	0	78	0	0	0	0	0	0	0	276	0	200	0	0	0	902	0	414	0	262	0	610	0	12644	0	2602	0	12422	0	0	0	6368	766	1860	78	810	0	0	0	0	0	0	0	0	0	262	0	5354	0	0	0	2002	0	0	0	1890	0	0	0	0	0	0	0	0	0	0	0	0	0	0	0	0	0	0	0	0	0	0	0	0	0	0	
249280	Angular_L	1856	0	0	0	0	0	0	0	0	0	0	0	0	0	0	0	940	0	0	0	0	0	0	0	0	0	0	0	1816	0	0	0	262	0	110	0	260	0	0	0	0	0	490	0	2932	0	0	0	5344	0	23062	0	846	0	310	0	4422	0	4878	0	30904	0	14346	0	0	0	2744	298	106	0	0	0	228	0	0	0	364	0	908	0	5790	0	0	0	17846	0	0	0	3578	0	0	0	0	0	0	0	0	0	0	0	0	0	0	0	0	0	0	0	0	0	0	0	0	0	0	0	
163668	Angular_R	0	0	0	0	0	0	0	0	0	0	0	0	0	0	0	0	0	0	0	0	0	0	0	0	0	0	0	0	0	0	0	0	0	0	0	0	0	0	0	0	0	0	0	148	0	352	0	0	0	6218	0	15304	0	282	0	568	0	1576	0	14224	0	21960	0	6368	0	0	96	634	0	150	0	0	0	0	0	0	0	0	0	0	0	3586	0	0	0	8404	0	0	0	1964	0	0	0	0	0	0	0	0	0	0	0	0	0	0	0	0	0	0	0	0	0	0	0	0	0	0	
375576	Precuneus_L	2192	454	0	0	0	0	0	0	0	0	0	0	0	0	0	0	0	108	0	556	0	0	0	0	0	0	0	0	458	0	0	0	7640	2320	10508	2842	4464	402	1726	0	0	0	10914	2310	20882	7938	3836	756	23140	8268	13626	2046	4296	0	1394	124	4168	1042	12646	942	4592	920	162	766	2744	96	0	18068	2956	1278	132	0	0	0	118	0	626	0	234	0	156	454	0	0	1610	166	0	0	508	118	0	0	0	0	0	0	0	0	0	0	0	0	0	0	0	0	0	0	0	0	86	0	0	0	0	0	
465628	Precuneus_R	262	3252	0	0	0	0	0	146	0	0	0	0	0	0	0	0	0	298	80	3588	0	0	0	0	0	0	0	0	114	110	0	0	1430	7306	5586	11262	2530	4650	664	1462	0	0	964	28854	2774	26168	636	11972	1960	21204	282	12340	92	2876	0	6722	278	14272	292	10046	190	4660	76	1860	298	634	18068	0	1334	11350	0	0	0	0	0	0	1014	232	266	0	0	1016	0	0	0	2484	0	0	0	4458	0	0	0	0	0	0	0	106	0	0	0	0	0	0	0	0	0	0	0	0	296	0	0	0	0	0	
360036	Paracentral_Lobule_L	23408	2678	2290	1778	0	0	942	0	0	0	208	90	0	0	0	0	1074	426	19312	22492	0	0	0	0	0	0	0	0	912	354	0	0	3610	8356	8864	6134	2480	2898	0	898	116	0	0	194	356	174	0	786	212	78	638	102	540	0	384	338	10580	692	422	0	770	0	214	78	106	0	2956	1334	0	18516	5312	1268	1912	260	2018	0	14670	3748	102	0	460	0	0	0	942	0	0	0	536	0	0	0	0	0	0	0	0	0	0	0	0	0	0	0	0	0	0	0	0	0	0	0	0	0	0	0	
329576	Paracentral_Lobule_R	4610	6698	114	356	0	0	172	0	0	0	0	126	0	0	0	0	0	356	7986	47534	0	0	0	0	0	0	0	0	76	352	0	0	2686	13134	2426	5018	0	1102	0	232	0	80	0	2674	116	2084	0	594	0	1124	0	1114	0	80	0	1082	282	7662	0	658	0	250	0	810	0	150	1278	11350	18516	0	1062	6680	124	188	74	0	1630	11098	0	0	0	142	0	0	0	176	0	0	0	732	0	0	0	0	0	0	0	0	0	0	0	0	0	0	0	0	0	0	0	0	0	0	0	0	0	0	
363804	Caudate_L	4532	260	1200	684	370	604	194	334	0	704	9216	7902	2774	1242	248	812	7666	3334	6596	2030	6450	7594	558	672	186	0	2606	1162	12826	10886	8906	4162	126	264	356	416	290	216	242	0	98	0	0	0	0	0	0	0	0	0	0	0	0	0	266	0	1928	0	0	0	0	0	286	0	0	0	132	0	5312	1062	0	20656	14634	3082	2298	0	11484	4008	0	0	2000	0	4092	912	308	0	0	0	724	0	0	0	0	0	0	0	0	0	0	0	0	0	0	0	0	0	0	0	0	0	0	0	0	0	0	0	
497468	Caudate_R	6004	2904	614	16846	0	7784	108	3880	0	2772	3660	5958	1142	1788	0	4488	1780	6876	2392	21772	4898	9032	1366	10912	294	4034	1744	3776	3022	15342	4870	17600	0	1082	0	0	0	518	0	84	0	138	0	0	0	0	0	0	0	0	0	0	0	0	0	0	0	198	0	0	0	0	0	0	0	0	0	0	1268	6680	20656	0	4196	24042	124	1730	1378	16490	0	0	104	120	1420	848	0	0	0	0	0	0	0	0	0	0	0	0	0	0	0	0	0	0	0	0	0	0	0	0	0	0	0	0	0	0	0	0	
219924	Putamen_L	8896	0	1186	206	2028	0	410	94	222	0	994	1148	254	892	1354	108	2252	166	7948	136	2196	2696	460	150	560	0	1494	212	16228	1532	8850	1644	0	0	0	0	4754	0	1004	0	608	0	0	0	0	0	326	0	0	0	256	0	540	0	1874	0	1274	0	0	0	124	0	112	0	228	0	0	0	1912	124	14634	4196	0	874	5442	0	2518	0	0	0	1922	0	610	0	504	0	0	0	1810	0	0	0	0	0	0	0	0	0	0	0	0	0	0	0	0	0	0	0	0	0	0	0	0	0	0	0	
371304	Putamen_R	3174	2404	880	16136	0	4114	0	2264	0	4864	656	4072	180	996	0	6542	618	2770	3736	18176	426	1604	1322	5680	118	1254	144	1590	730	26492	1696	9916	0	3714	0	0	0	10470	0	4348	0	1884	0	0	0	0	0	0	0	0	0	0	0	88	0	3364	0	1350	0	0	0	0	0	0	0	0	0	0	260	188	3082	24042	874	0	0	1718	0	5772	0	0	0	186	262	190	0	314	0	0	0	992	0	0	0	0	0	0	0	0	0	0	0	0	0	0	0	0	0	0	0	0	0	0	0	0	0	0	
44192	Pallidum_L	5654	0	362	0	0	0	342	0	0	0	0	0	0	0	0	0	76	0	1718	74	0	0	0	0	0	0	0	0	0	0	0	0	94	0	0	0	990	0	0	0	0	0	0	0	0	0	0	0	0	0	0	0	0	0	0	0	74	0	0	0	0	0	0	0	0	0	118	0	2018	74	2298	124	5442	0	0	0	2638	0	0	0	0	0	0	0	0	0	0	0	0	0	0	0	0	0	0	0	0	0	0	0	0	0	0	0	0	0	0	0	0	0	0	0	0	0	0	0	
14784	Pallidum_R	612	218	0	228	0	0	0	0	0	0	0	82	0	0	0	0	0	264	148	1802	0	0	0	0	0	0	0	0	0	0	0	0	0	0	0	0	0	156	0	106	0	0	0	0	0	0	0	0	0	0	0	0	0	0	0	0	0	146	0	0	0	0	0	0	0	0	0	0	0	0	0	1730	0	1718	0	0	0	182	0	0	0	0	0	0	0	0	0	0	0	0	0	0	0	0	0	0	0	0	0	0	0	0	0	0	0	0	0	0	0	0	0	0	0	0	0	0	
176140	Thalamus_L	5600	132	0	0	0	0	98	0	0	0	0	0	0	0	0	0	350	152	82	1636	0	0	0	0	0	0	0	0	1958	166	0	0	186	0	4658	6356	5620	4242	884	1570	344	0	0	0	0	0	642	1960	72	0	532	0	192	0	252	314	1414	0	0	0	156	0	134	0	364	0	626	1014	14670	1630	11484	1378	2518	0	2638	0	0	10398	338	0	422	0	0	0	696	0	0	0	0	0	0	0	0	0	0	0	0	90	0	0	0	0	0	0	0	0	0	0	0	0	102	0	0	0	0	0	
210560	Thalamus_R	412	5764	194	3306	0	0	0	250	0	0	0	426	0	0	0	0	104	3726	234	12258	0	0	0	0	0	0	0	0	118	5204	0	0	0	0	1550	3576	708	6896	0	2884	0	274	0	0	0	0	0	1392	0	0	0	0	0	0	0	2360	0	562	0	0	0	0	0	0	0	0	0	232	3748	11098	4008	16490	0	5772	0	182	10398	0	0	92	0	304	0	0	0	100	0	0	0	520	0	0	0	0	0	0	0	138	0	0	0	0	0	0	0	0	0	0	0	0	0	0	0	0	0	0	
85316	Heschl_L	1560	0	0	0	0	0	84	0	0	0	142	0	0	0	0	0	4290	0	160	0	0	0	0	0	0	0	0	0	8164	0	0	0	0	0	696	666	2284	514	0	94	0	0	416	0	142	0	0	114	74	0	894	0	1238	0	4232	0	3246	0	0	0	130	0	138	0	908	0	234	266	102	0	0	0	0	0	0	0	338	0	0	0	3668	0	0	0	3202	0	0	0	4662	0	0	0	0	0	0	0	0	0	0	0	0	0	0	0	0	0	0	0	0	0	0	0	0	0	0	0	
41188	Heschl_R	0	358	0	0	0	0	0	0	0	0	0	0	0	0	0	0	0	2942	0	0	0	0	0	0	0	0	0	0	0	4162	0	0	0	0	0	0	0	1148	0	272	0	0	0	0	0	0	0	0	0	0	0	0	0	0	0	1640	0	238	0	0	0	0	0	262	0	0	0	0	0	0	0	0	0	0	0	0	0	92	0	0	0	3842	0	100	0	3426	0	0	0	2112	0	0	0	0	0	0	0	0	0	0	0	0	0	0	0	0	0	0	0	0	0	0	0	0	0	0	
208456	Temporal_Sup_L	1764	0	472	0	0	0	314	0	0	0	1106	82	0	0	0	0	11270	186	2312	0	0	0	0	0	0	0	0	0	12870	250	0	0	0	0	116	98	2784	94	260	0	0	0	76	0	158	0	134	0	246	0	1310	0	612	0	4202	0	3728	0	0	0	3138	0	5658	0	5790	0	156	0	460	0	2000	104	1922	0	0	0	422	0	3668	0	0	0	2110	0	22152	0	0	0	12204	0	0	0	0	0	0	0	0	0	0	0	0	0	0	0	0	0	0	0	0	0	0	0	0	0	0	0	
135220	Temporal_Sup_R	0	242	0	256	0	0	0	0	0	0	0	132	0	0	0	0	0	4908	76	328	0	0	0	0	0	0	0	0	0	6044	0	0	0	0	0	0	0	1182	0	180	0	0	0	90	0	102	0	0	0	750	0	1006	0	122	0	3104	0	1020	0	1300	0	1826	0	5354	0	3586	454	1016	0	142	0	120	0	186	0	0	0	304	0	3842	0	0	0	4828	0	17558	0	120	0	7432	0	0	0	0	0	0	0	0	0	0	0	0	0	0	0	0	0	0	0	0	0	0	0	0	0	0	
128004	Temporal_Pole_Sup_L	0	0	636	134	352	102	96	0	522	222	6328	2056	236	0	2426	212	5300	726	918	0	458	0	90	270	0	0	0	0	6700	3010	310	268	0	0	0	0	1056	0	536	0	814	0	0	0	0	0	0	0	0	0	0	0	0	0	1318	0	0	0	0	0	0	0	0	0	0	0	0	0	0	0	4092	1420	610	262	0	0	0	0	0	0	2110	0	0	330	9656	0	2840	0	7586	0	0	0	0	0	0	0	0	0	0	0	0	0	0	0	0	0	0	0	0	0	0	0	0	0	0	0	
83916	Temporal_Pole_Sup_R	0	0	154	1210	0	0	0	98	0	0	626	3528	0	214	0	274	610	4320	166	1350	0	162	0	0	0	0	0	0	606	6394	142	0	0	0	0	0	0	1158	0	968	0	1408	0	0	0	0	0	0	0	0	0	0	0	0	0	3016	0	0	0	0	0	0	0	0	0	0	0	0	0	0	912	848	0	190	0	0	0	0	0	100	0	4828	330	0	0	2100	0	2234	0	4012	0	0	0	0	0	0	0	0	0	0	0	0	0	0	0	0	0	0	0	0	0	0	0	0	0	0	
338948	Temporal_Mid_L	2108	0	0	0	0	0	0	0	0	0	228	0	0	0	0	0	2554	0	84	0	0	0	0	0	0	0	0	0	8410	84	0	0	174	0	536	0	2054	0	296	0	196	0	1144	0	1338	0	292	0	1202	0	21968	0	9278	0	5600	0	6022	0	0	0	5706	0	7640	0	17846	0	1610	0	942	0	308	0	504	0	0	0	696	0	3202	0	22152	0	9656	0	0	0	2688	0	32956	0	0	0	0	0	0	0	0	0	0	0	0	0	0	0	0	0	0	0	0	0	0	0	0	0	0	0	
207508	Temporal_Mid_R	0	404	0	0	0	0	0	0	0	0	0	0	0	0	0	0	0	1002	0	106	0	0	0	0	0	0	0	0	0	2744	0	0	0	164	0	0	0	1592	0	218	0	0	0	2238	328	1884	0	218	0	2116	0	10626	0	2864	0	3446	0	356	0	7376	0	8042	0	2002	0	8404	166	2484	0	176	0	0	0	314	0	0	0	100	0	3426	0	17558	0	2100	0	0	0	1072	0	20228	0	0	0	0	0	0	0	0	0	0	0	0	0	0	0	0	0	0	0	0	0	0	0	0	0	0	
17392	Temporal_Pole_Mid_L	0	0	0	0	0	0	0	0	0	0	0	0	0	0	0	0	0	0	0	0	0	0	0	0	0	0	0	0	0	0	0	0	0	0	0	0	116	0	260	0	102	0	0	0	0	0	0	0	0	0	0	0	0	0	394	0	0	0	0	0	0	0	0	0	0	0	0	0	0	0	0	0	0	0	0	0	0	0	0	0	0	0	2840	0	2688	0	0	0	2296	0	0	0	0	0	0	0	0	0	0	0	0	0	0	0	0	0	0	0	0	0	0	0	0	0	0	0	
13604	Temporal_Pole_Mid_R	0	0	0	0	0	0	0	0	0	0	0	0	0	0	0	0	0	0	0	0	0	0	0	0	0	0	0	0	0	0	0	0	0	0	0	0	0	0	0	544	0	102	0	0	0	0	0	0	0	0	0	0	0	0	0	698	0	0	0	0	0	0	0	0	0	0	0	0	0	0	0	0	0	0	0	0	0	0	0	0	0	120	0	2234	0	1072	0	0	0	2032	0	0	0	0	0	0	0	0	0	0	0	0	0	0	0	0	0	0	0	0	0	0	0	0	0	0	
282736	Temporal_Inf_L	418	0	0	0	0	0	0	0	0	0	110	0	0	0	0	0	1832	0	254	0	0	0	0	0	0	0	0	0	10104	0	0	0	0	0	116	0	12308	0	3428	0	3130	0	668	0	474	0	1580	0	266	0	2564	0	6044	0	22450	0	1576	0	0	0	878	0	288	0	3578	0	508	0	536	0	724	0	1810	0	0	0	0	0	4662	0	12204	0	7586	0	32956	0	2296	0	0	0	4078	0	624	0	0	0	290	0	726	0	72	0	230	0	0	0	0	0	0	0	0	0	0	0	0	0	
206872	Temporal_Inf_R	0	1768	0	126	0	0	0	0	0	0	0	0	0	0	0	0	0	860	0	194	0	0	0	0	0	0	0	0	0	3018	0	0	0	122	0	692	0	5172	0	876	0	538	0	4234	0	968	0	904	0	646	0	2070	0	4198	0	24700	0	592	0	1970	0	3018	0	1890	0	1964	118	4458	0	732	0	0	0	992	0	0	0	520	0	2112	0	7432	0	4012	0	20228	0	2032	0	0	0	280	0	0	0	0	0	0	0	0	0	0	0	0	0	0	0	0	0	0	0	0	0	0	0	0	
434444	Cerebelum_Crus1_L	0	0	0	0	0	0	0	0	0	0	0	0	0	0	0	0	0	0	0	0	0	0	0	0	0	0	0	0	0	0	0	0	0	0	0	0	80	0	258	0	0	0	0	0	0	0	5790	3086	0	0	0	0	108	0	16630	1518	0	0	0	0	0	0	0	0	0	0	0	0	0	0	0	0	0	0	0	0	0	0	0	0	0	0	0	0	0	0	0	0	4078	0	0	8644	30576	6842	284	566	17574	420	47984	8116	10282	1150	13440	3456	1868	1768	314	0	678	936	3192	12962	10050	2334	1988	250	
375976	Cerebelum_Crus1_R	0	0	0	0	0	0	0	0	0	0	0	0	0	0	0	0	0	0	0	0	0	0	0	0	0	0	0	0	0	0	0	0	0	0	0	0	0	0	0	0	0	0	0	0	0	0	2082	4514	0	0	0	0	0	0	496	8104	0	0	0	0	0	0	0	0	0	0	0	0	0	0	0	0	0	0	0	0	0	0	0	0	0	0	0	0	0	0	0	0	0	280	8644	0	4018	25786	0	2986	1724	14646	8714	45282	2504	2912	1986	10382	236	3624	0	136	178	1238	7672	11902	10722	4092	3128	0	
291072	Cerebelum_Crus2_L	0	0	0	0	0	0	0	0	0	0	0	0	0	0	0	0	0	0	0	0	0	0	0	0	0	0	0	0	0	0	0	0	0	0	0	0	0	0	0	0	0	0	0	0	0	0	366	1100	0	0	0	0	0	0	842	262	0	0	0	0	0	0	0	0	0	0	0	0	0	0	0	0	0	0	0	0	0	0	0	0	0	0	0	0	0	0	0	0	624	0	30576	4018	0	9974	80	88	1010	94	7128	1554	30268	4166	26086	3818	2704	728	750	0	0	0	102	3328	11672	3194	1004	0	
298712	Cerebelum_Crus2_R	0	0	0	0	0	0	0	0	0	0	0	0	0	0	0	0	0	0	0	0	0	0	0	0	0	0	0	0	0	0	0	0	0	0	0	0	0	0	0	0	0	0	0	0	0	0	300	658	0	0	0	0	0	0	138	446	0	0	0	0	0	0	0	0	0	0	0	0	0	0	0	0	0	0	0	0	0	0	0	0	0	0	0	0	0	0	0	0	0	0	6842	25786	9974	0	0	1424	286	2162	2422	10090	7086	16692	4944	24452	278	4526	0	212	152	592	836	2790	16894	5842	3532	0	
27928	Cerebelum_3_L	0	0	0	0	0	0	0	0	0	0	0	0	0	0	0	0	0	0	0	0	0	0	0	0	0	0	0	0	0	0	0	0	0	0	0	0	0	0	0	0	0	0	0	0	0	0	218	0	0	0	0	0	0	0	0	0	0	0	0	0	0	0	0	0	0	0	0	0	0	0	0	0	0	0	0	0	0	0	0	0	0	0	0	0	0	0	0	0	0	0	284	0	80	0	0	86	4236	0	1150	0	0	0	0	0	742	530	0	0	718	2542	1158	658	0	428	628	506	
64108	Cerebelum_3_R	0	0	0	0	0	0	0	0	0	0	0	0	0	0	0	0	0	0	0	0	0	0	0	0	0	0	0	0	0	0	0	0	0	0	0	0	0	0	0	84	0	0	0	0	0	0	0	0	0	0	0	0	0	0	0	928	0	0	0	0	0	0	0	0	0	0	0	0	0	0	0	0	0	0	0	0	0	0	0	0	0	0	0	0	0	0	0	0	0	0	566	2986	88	1424	86	0	516	5568	560	6120	0	0	0	766	96	1300	0	0	652	2698	2440	1242	1294	1316	1324	0	
255848	Cerebelum_4_5_L	0	0	0	0	0	0	0	0	0	0	0	0	0	0	0	0	0	0	0	0	0	0	0	0	0	0	0	0	0	0	0	0	0	0	0	0	204	0	488	0	0	0	0	0	0	0	11040	2486	0	0	0	0	0	0	10904	612	0	0	0	0	0	0	0	0	0	0	0	0	0	0	0	0	0	0	0	0	0	0	0	0	0	0	0	0	0	0	0	0	290	0	17574	1724	1010	286	4236	516	0	3620	32850	2832	228	0	1324	230	5918	1892	244	0	1254	3142	12716	3962	434	1598	2252	2058	
187668	Cerebelum_4_5_R	0	0	0	0	0	0	0	0	0	0	0	0	0	0	0	0	0	0	0	0	0	0	0	0	0	0	0	0	0	0	0	0	0	0	86	114	82	520	0	1294	0	86	0	0	0	0	786	4886	0	0	0	0	0	0	112	6506	0	0	0	0	0	0	0	0	0	0	0	106	0	0	0	0	0	0	0	0	90	138	0	0	0	0	0	0	0	0	0	0	0	0	420	14646	94	2162	0	5568	3620	0	2128	26494	0	0	0	1230	454	2498	0	82	0	1556	11316	738	1916	2054	2052	0	
432780	Cerebelum_6_L	0	0	0	0	0	0	0	0	0	0	0	0	0	0	0	0	0	0	0	0	0	0	0	0	0	0	0	0	0	0	0	0	0	0	0	0	140	0	400	0	0	0	270	0	0	0	14790	6038	0	0	290	0	236	0	21608	2172	0	0	0	0	0	0	0	0	0	0	0	0	0	0	0	0	0	0	0	0	0	0	0	0	0	0	0	0	0	0	0	0	726	0	47984	8714	7128	2422	1150	560	32850	2128	0	10730	1664	0	2904	706	3462	2986	504	0	888	1264	8386	19506	5422	2952	3428	1982	
372416	Cerebelum_6_R	0	0	0	0	0	0	0	0	0	0	0	0	0	0	0	0	0	0	0	0	0	0	0	0	0	0	0	0	0	0	0	0	0	0	0	0	0	0	0	112	0	0	0	0	0	0	2394	7564	0	0	0	0	0	0	600	13280	0	0	0	0	0	0	0	0	0	0	0	0	0	0	0	0	0	0	0	0	0	0	0	0	0	0	0	0	0	0	0	0	0	0	8116	45282	1554	10090	0	6120	2832	26494	10730	0	428	264	318	3788	282	3696	0	408	188	1604	11360	15002	6700	3764	3238	0	
218000	Cerebelum_7b_L	0	0	0	0	0	0	0	0	0	0	0	0	0	0	0	0	0	0	0	0	0	0	0	0	0	0	0	0	0	0	0	0	0	0	0	0	0	0	0	0	0	0	0	0	0	0	0	104	0	0	0	0	0	0	0	0	0	0	0	0	0	0	0	0	0	0	0	0	0	0	0	0	0	0	0	0	0	0	0	0	0	0	0	0	0	0	0	0	72	0	10282	2504	30268	7086	0	0	228	0	1664	428	0	3740	30256	4268	4390	426	864	0	0	0	0	478	7446	3824	672	0	
108052	Cerebelum_7b_R	0	0	0	0	0	0	0	0	0	0	0	0	0	0	0	0	0	0	0	0	0	0	0	0	0	0	0	0	0	0	0	0	0	0	0	0	0	0	0	0	0	0	0	0	0	0	0	0	0	0	0	0	0	0	0	0	0	0	0	0	0	0	0	0	0	0	0	0	0	0	0	0	0	0	0	0	0	0	0	0	0	0	0	0	0	0	0	0	0	0	1150	2912	4166	16692	0	0	0	0	0	264	3740	0	2466	15478	0	1024	0	0	0	0	0	0	4084	1896	154	0	
236944	Cerebelum_8_L	0	0	0	0	0	0	0	0	0	0	0	0	0	0	0	0	0	0	0	0	0	0	0	0	0	0	0	0	0	0	0	0	0	0	0	0	0	0	0	0	0	0	0	0	0	0	124	0	0	0	0	0	0	0	226	0	0	0	0	0	0	0	0	0	0	0	0	0	0	0	0	0	0	0	0	0	0	0	0	0	0	0	0	0	0	0	0	0	230	0	13440	1986	26086	4944	0	0	1324	0	2904	318	30256	2466	0	5034	13314	524	2754	0	0	0	88	246	5776	5054	1378	0	
210120	Cerebelum_8_R	0	0	0	0	0	0	0	0	0	0	0	0	0	0	0	0	0	0	0	0	0	0	0	0	0	0	0	0	0	0	0	0	0	0	0	0	0	0	0	0	0	0	0	0	0	0	0	0	0	0	0	0	0	0	92	134	0	0	0	0	0	0	0	0	0	0	0	0	0	0	0	0	0	0	0	0	0	0	0	0	0	0	0	0	0	0	0	0	0	0	3456	10382	3818	24452	0	766	230	1230	706	3788	4268	15478	5034	0	526	12214	0	352	0	328	416	230	7544	6290	3326	0	
96952	Cerebelum_9_L	0	0	0	0	0	0	0	0	0	0	0	0	0	0	0	0	0	0	0	0	0	0	0	0	0	0	0	0	0	0	0	0	0	0	0	0	0	0	0	0	0	0	0	0	0	0	0	0	0	0	0	0	0	0	256	0	0	0	0	0	0	0	0	0	0	0	0	0	0	0	0	0	0	0	0	0	0	0	0	0	0	0	0	0	0	0	0	0	0	0	1868	236	2704	278	742	96	5918	454	3462	282	4390	0	13314	526	0	1624	3948	0	0	0	1464	1524	564	1472	1996	1358	
144688	Cerebelum_9_R	0	0	0	0	0	0	0	0	0	0	0	0	0	0	0	0	0	0	0	0	0	0	0	0	0	0	0	0	0	0	0	0	0	0	0	0	0	0	0	0	0	0	0	0	0	0	124	0	0	0	0	0	0	0	78	0	0	0	0	0	0	0	0	0	0	0	0	0	0	0	0	0	0	0	0	0	0	0	0	0	0	0	0	0	0	0	0	0	0	0	1768	3624	728	4526	530	1300	1892	2498	2986	3696	426	1024	524	12214	1624	0	0	436	370	714	1924	5190	4776	7170	8424	3778	
19052	Cerebelum_10_L	0	0	0	0	0	0	0	0	0	0	0	0	0	0	0	0	0	0	0	0	0	0	0	0	0	0	0	0	0	0	0	0	0	0	0	0	0	0	0	0	0	0	0	0	0	0	0	0	0	0	0	0	0	0	0	0	0	0	0	0	0	0	0	0	0	0	0	0	0	0	0	0	0	0	0	0	0	0	0	0	0	0	0	0	0	0	0	0	0	0	314	0	750	0	0	0	244	0	504	0	864	0	2754	0	3948	0	0	0	0	0	0	74	0	0	74	0	
3252	Cerebelum_10_R	0	0	0	0	0	0	0	0	0	0	0	0	0	0	0	0	0	0	0	0	0	0	0	0	0	0	0	0	0	0	0	0	0	0	0	0	0	0	0	0	0	0	0	0	0	0	0	0	0	0	0	0	0	0	0	0	0	0	0	0	0	0	0	0	0	0	0	0	0	0	0	0	0	0	0	0	0	0	0	0	0	0	0	0	0	0	0	0	0	0	0	136	0	212	0	0	0	82	0	408	0	0	0	352	0	436	0	0	0	0	0	0	0	0	0	0	
23528	Vermis_1_2	0	0	0	0	0	0	0	0	0	0	0	0	0	0	0	0	0	0	0	0	0	0	0	0	0	0	0	0	0	0	0	0	0	0	0	0	0	0	0	0	0	0	0	0	0	0	114	0	0	0	0	0	0	0	0	0	0	0	0	0	0	0	0	0	0	0	0	0	0	0	0	0	0	0	0	0	0	0	0	0	0	0	0	0	0	0	0	0	0	0	678	178	0	152	718	652	1254	0	888	188	0	0	0	0	0	370	0	0	0	3686	1302	528	270	380	406	0	
51980	Vermis_3	0	0	0	0	0	0	0	0	0	0	0	0	0	0	0	0	0	0	0	0	0	0	0	0	0	0	0	0	0	0	0	0	0	0	0	0	0	0	0	0	0	0	0	0	0	0	308	88	0	0	0	0	0	0	0	0	0	0	0	0	0	0	0	0	0	0	0	0	0	0	0	0	0	0	0	0	0	0	0	0	0	0	0	0	0	0	0	0	0	0	936	1238	0	592	2542	2698	3142	1556	1264	1604	0	0	0	328	0	714	0	0	3686	0	2318	828	640	754	754	0	
182504	Vermis_4_5	0	0	0	0	0	0	0	0	0	0	0	0	0	0	0	0	0	0	0	0	0	0	0	0	0	0	0	0	0	0	0	0	0	0	262	284	194	0	0	0	0	0	0	0	0	0	3370	5344	0	0	0	0	0	0	1606	1760	0	0	0	0	0	0	0	0	0	0	86	296	0	0	0	0	0	0	0	0	102	0	0	0	0	0	0	0	0	0	0	0	0	0	3192	7672	102	836	1158	2440	12716	11316	8386	11360	0	0	88	416	1464	1924	0	0	1302	2318	0	6690	340	548	1018	2662	
