data	data	497984	231448	846680	635520	119056	120420	362588	222932	62696	34276	246588	214640	267500	99624	252988	77360	186228	100688	718296	535368	100596	112452	250784	276148	41404	48432	77232	85928	622452	380760	203240	370136	125616	479404	65144	84140	221168	232304	100396	152228	40072	64968	188600	282184	145860	273932	211096	307016	143116	309768	436656	216332	143232	122176	435356	478288	318024	195744	159928	159164	186596	106456	74716	80380	117828	138424	200776	380768	217676	183600	191700	465084	312380	332636	66520	15108	111244	264208	62200	14964	202260	94684	112184	47832	226624	218300	27752	20256	224316	186904	821568	639076	397556	397636	82828	115948	452580	369988	711984	731140	385916	218924	557992	402656	201680	178456	25144	17608	28092	109800	299952	408048	389452	163300	127100	37644	
data	data	Precentral_L	Precentral_R	Frontal_Sup_L	Frontal_Sup_R	Frontal_Sup_Orb_L	Frontal_Sup_Orb_R	Frontal_Mid_L	Frontal_Mid_R	Frontal_Mid_Orb_L	Frontal_Mid_Orb_R	Frontal_Inf_Oper_L	Frontal_Inf_Oper_R	Frontal_Inf_Tri_L	Frontal_Inf_Tri_R	Frontal_Inf_Orb_L	Frontal_Inf_Orb_R	Rolandic_Oper_L	Rolandic_Oper_R	Supp_Motor_Area_L	Supp_Motor_Area_R	Olfactory_L	Olfactory_R	Frontal_Sup_Medial_L	Frontal_Sup_Medial_R	Frontal_Med_Orb_L	Frontal_Med_Orb_R	Rectus_L	Rectus_R	Insula_L	Insula_R	Cingulum_Ant_L	Cingulum_Ant_R	Cingulum_Mid_L	Cingulum_Mid_R	Cingulum_Post_L	Cingulum_Post_R	Hippocampus_L	Hippocampus_R	ParaHippocampal_L	ParaHippocampal_R	Amygdala_L	Amygdala_R	Calcarine_L	Calcarine_R	Cuneus_L	Cuneus_R	Lingual_L	Lingual_R	Occipital_Sup_L	Occipital_Sup_R	Occipital_Mid_L	Occipital_Mid_R	Occipital_Inf_L	Occipital_Inf_R	Fusiform_L	Fusiform_R	Postcentral_L	Postcentral_R	Parietal_Sup_L	Parietal_Sup_R	Parietal_Inf_L	Parietal_Inf_R	SupraMarginal_L	SupraMarginal_R	Angular_L	Angular_R	Precuneus_L	Precuneus_R	Paracentral_Lobule_L	Paracentral_Lobule_R	Caudate_L	Caudate_R	Putamen_L	Putamen_R	Pallidum_L	Pallidum_R	Thalamus_L	Thalamus_R	Heschl_L	Heschl_R	Temporal_Sup_L	Temporal_Sup_R	Temporal_Pole_Sup_L	Temporal_Pole_Sup_R	Temporal_Mid_L	Temporal_Mid_R	Temporal_Pole_Mid_L	Temporal_Pole_Mid_R	Temporal_Inf_L	Temporal_Inf_R	Cerebelum_Crus1_L	Cerebelum_Crus1_R	Cerebelum_Crus2_L	Cerebelum_Crus2_R	Cerebelum_3_L	Cerebelum_3_R	Cerebelum_4_5_L	Cerebelum_4_5_R	Cerebelum_6_L	Cerebelum_6_R	Cerebelum_7b_L	Cerebelum_7b_R	Cerebelum_8_L	Cerebelum_8_R	Cerebelum_9_L	Cerebelum_9_R	Cerebelum_10_L	Cerebelum_10_R	Vermis_1_2	Vermis_3	Vermis_4_5	Vermis_6	Vermis_7	Vermis_8	Vermis_9	Vermis_10	
497984	Precentral_L	0	2146	24502	2496	0	0	12378	530	0	0	11454	150	3378	0	0	0	8806	486	20576	7400	0	0	0	244	0	0	0	0	18544	184	226	1178	388	3894	284	620	8750	424	1762	140	134	0	0	0	0	94	0	0	0	126	5266	0	2546	0	3702	0	31640	1192	3248	0	3116	0	868	332	356	198	392	144	13490	2020	2126	5622	10782	118	1936	0	15294	5456	3300	0	2166	0	148	0	852	0	0	0	1388	0	0	0	0	0	0	0	0	0	0	0	0	0	0	0	0	0	0	0	0	0	0	0	0	0	0	0	
231448	Precentral_R	2146	0	2468	7720	0	0	128	5836	0	0	0	3308	0	116	0	0	0	2468	3562	4896	0	0	0	368	0	0	0	0	0	6366	202	926	468	3672	0	280	0	2394	0	484	0	0	0	770	0	1292	0	0	0	994	0	246	0	0	0	504	0	19712	0	1686	0	980	0	1728	0	1070	0	2412	1564	7092	588	3676	928	7634	0	1406	172	10540	0	266	0	670	0	0	0	942	0	0	0	1044	0	0	0	0	0	0	0	0	0	0	0	0	0	0	0	0	0	0	0	0	0	0	0	0	0	0	
846680	Frontal_Sup_L	24502	2468	0	8146	3738	196	53044	2924	2290	0	20078	552	17890	0	11454	0	9750	300	87280	7376	0	0	29120	1886	2368	0	0	0	36358	860	9868	4446	4336	1396	0	0	2854	390	404	0	94	0	0	0	0	0	0	0	0	0	164	0	0	0	222	0	914	410	258	0	250	0	0	0	0	96	0	0	3846	258	7998	12764	25358	1316	4702	202	3200	5524	608	0	5672	0	3210	0	0	0	0	0	0	0	0	0	0	0	0	0	0	0	0	0	0	0	0	0	0	0	0	0	0	0	0	0	0	0	0	0	
635520	Frontal_Sup_R	2496	7720	8146	0	0	5050	98	26832	0	808	0	9994	0	2492	148	2880	0	4298	17098	48492	0	0	11484	36934	0	778	0	0	412	17736	2574	25452	1940	17312	0	0	0	2324	0	650	0	176	0	0	0	0	0	162	0	0	0	0	0	0	0	416	0	0	0	0	0	0	0	0	0	0	0	0	2796	0	822	20628	114	18438	0	232	0	19732	0	0	0	0	0	0	0	0	0	0	0	96	0	0	0	0	0	0	0	0	0	0	0	0	0	0	0	0	0	0	0	0	0	0	0	0	0	0	
119056	Frontal_Sup_Orb_L	0	0	3738	0	0	574	464	0	10382	0	0	0	1158	0	12596	0	0	0	602	0	3436	1890	822	0	1464	0	5642	700	6236	0	1978	198	0	0	0	0	266	0	192	0	362	0	0	0	0	0	0	0	0	0	0	0	0	0	0	0	0	0	0	0	0	0	0	0	0	0	0	0	0	0	2380	832	2960	376	0	0	0	0	0	0	0	0	280	0	0	0	0	0	0	0	0	0	0	0	0	0	0	0	0	0	0	0	0	0	0	0	0	0	0	0	0	0	0	0	0	0	
120420	Frontal_Sup_Orb_R	0	0	196	5050	574	0	0	864	0	2906	0	0	0	0	434	2268	0	0	182	0	2182	4736	238	4106	496	5892	1580	9830	0	804	1022	3576	0	284	0	0	0	0	0	0	0	292	0	0	0	0	0	0	0	0	0	0	0	0	0	0	0	0	0	0	0	0	0	0	0	0	0	0	0	0	1838	5586	202	4958	0	0	0	114	0	0	0	0	0	0	0	0	0	0	0	0	0	0	0	0	0	0	0	0	0	0	0	0	0	0	0	0	0	0	0	0	0	0	0	0	0	0	
362588	Frontal_Mid_L	12378	128	53044	98	464	0	0	0	1018	0	13852	326	23236	0	8902	0	5180	0	15158	182	0	0	9852	198	1128	0	0	0	16578	322	3572	426	1674	126	0	0	1090	0	130	0	0	0	0	0	0	0	0	0	0	0	168	0	0	0	0	0	632	0	232	0	112	0	0	0	0	0	0	0	0	0	822	752	3382	0	1020	0	1302	214	470	0	2556	0	570	0	0	0	0	0	0	0	0	0	0	0	0	0	0	0	0	0	0	0	0	0	0	0	0	0	0	0	0	0	0	0	0	0	
222932	Frontal_Mid_R	530	5836	2924	26832	0	864	0	0	0	1188	0	11182	0	13912	0	4124	0	1444	3756	4132	0	0	796	2642	0	0	0	0	0	10924	328	2780	0	1204	0	0	0	854	0	230	0	0	0	0	0	0	0	0	0	0	0	0	0	0	0	128	0	294	0	0	0	0	0	94	0	0	0	0	218	0	132	2832	0	10346	0	216	0	724	0	0	0	0	0	0	0	0	0	0	0	0	0	0	0	0	0	0	0	0	0	0	0	0	0	0	0	0	0	0	0	0	0	0	0	0	0	0	
62696	Frontal_Mid_Orb_L	0	0	2290	0	10382	0	1018	0	0	0	0	0	1022	0	10722	0	0	0	0	0	0	0	0	0	366	0	1284	0	2684	0	362	0	0	0	0	0	0	0	0	0	0	0	0	0	0	0	0	0	0	0	0	0	0	0	0	0	0	0	0	0	0	0	0	0	0	0	0	0	0	0	0	0	1218	0	0	0	0	0	0	0	0	0	0	0	0	0	0	0	0	0	0	0	0	0	0	0	0	0	0	0	0	0	0	0	0	0	0	0	0	0	0	0	0	0	0	0	
34276	Frontal_Mid_Orb_R	0	0	0	808	0	2906	0	1188	0	0	0	0	0	386	0	6654	0	0	0	116	0	436	0	346	0	0	0	554	0	1222	0	0	0	0	0	0	0	0	0	0	0	122	0	0	0	0	0	0	0	0	0	0	0	0	0	0	0	0	0	0	0	0	0	0	0	0	0	0	0	0	0	504	0	1896	0	0	0	0	0	0	0	0	0	0	0	0	0	0	0	0	0	0	0	0	0	0	0	0	0	0	0	0	0	0	0	0	0	0	0	0	0	0	0	0	0	0	
246588	Frontal_Inf_Oper_L	11454	0	20078	0	0	0	13852	0	0	0	0	600	13124	0	378	0	12090	106	17002	0	0	0	0	0	0	0	0	0	16486	608	116	98	0	0	0	0	390	0	144	0	0	0	0	0	0	0	0	0	0	0	0	0	0	0	0	0	974	132	0	0	0	0	0	104	0	0	0	0	0	0	676	558	766	198	144	0	0	0	1108	0	7202	0	4906	0	0	0	0	0	0	0	0	0	0	0	0	0	0	0	0	0	0	0	0	0	0	0	0	0	0	0	0	0	0	0	0	0	
214640	Frontal_Inf_Oper_R	150	3308	552	9994	0	0	326	11182	0	0	600	0	1190	9698	598	308	0	6466	2604	12000	0	0	412	886	0	0	0	0	1754	25942	662	2010	0	6172	0	0	0	256	0	0	0	0	0	0	0	0	0	0	0	0	0	0	0	0	0	0	0	1160	0	0	0	0	0	0	0	0	0	0	0	0	1410	3150	0	3940	0	132	0	0	0	182	0	276	0	0	0	0	0	0	0	0	0	0	0	0	0	0	0	0	0	0	0	0	0	0	0	0	0	0	0	0	0	0	0	0	0	0	
267500	Frontal_Inf_Tri_L	3378	0	17890	0	1158	0	23236	0	1022	0	13124	1190	0	108	20096	0	898	0	7118	0	0	0	3566	0	128	0	0	0	31356	1234	2328	152	1416	0	0	0	88	0	0	0	0	0	0	0	0	0	0	0	0	0	0	0	0	0	0	0	0	0	0	0	0	0	0	0	0	0	0	0	0	0	942	774	846	312	0	0	0	0	588	0	408	0	394	0	0	0	0	0	0	0	0	0	0	0	0	0	0	0	0	0	0	0	0	0	0	0	0	0	0	0	0	0	0	0	0	0	
99624	Frontal_Inf_Tri_R	0	116	0	2492	0	0	0	13912	0	386	0	9698	108	0	0	2922	0	630	650	1448	0	0	220	320	0	0	0	0	238	10868	538	1916	0	1712	0	0	0	0	0	0	0	0	0	0	0	0	0	0	0	0	0	0	0	0	0	0	0	0	0	0	0	0	0	0	0	0	0	0	0	0	330	544	0	764	0	0	0	0	0	0	0	0	0	0	0	0	0	0	0	0	0	0	0	0	0	0	0	0	0	0	0	0	0	0	0	0	0	0	0	0	0	0	0	0	0	0	
252988	Frontal_Inf_Orb_L	0	0	11454	148	12596	434	8902	0	10722	0	378	598	20096	0	0	0	0	0	1720	0	4140	1528	3230	252	302	0	2918	530	26246	624	2916	346	850	0	0	0	706	0	736	0	634	0	0	0	0	0	0	0	0	0	0	0	0	0	0	0	0	0	0	0	0	0	0	0	0	0	0	0	0	0	3822	1758	5776	500	0	0	132	0	0	0	148	0	1352	0	0	0	0	0	0	0	0	0	0	0	0	0	0	0	0	0	0	0	0	0	0	0	0	0	0	0	0	0	0	0	0	0	
77360	Frontal_Inf_Orb_R	0	0	0	2880	0	2268	0	4124	0	6654	0	308	0	2922	0	0	0	0	234	468	132	2178	148	528	0	0	104	2306	0	6836	0	804	0	948	0	0	0	0	0	0	0	408	0	0	0	0	0	0	0	0	0	0	0	0	0	0	0	0	0	0	0	0	0	0	0	0	0	0	0	0	178	1194	0	3058	0	0	0	0	0	0	0	0	0	0	0	0	0	0	0	0	0	0	0	0	0	0	0	0	0	0	0	0	0	0	0	0	0	0	0	0	0	0	0	0	0	0	
186228	Rolandic_Oper_L	8806	0	9750	0	0	0	5180	0	0	0	12090	0	898	0	0	0	0	0	7726	0	0	0	0	0	0	0	0	0	16014	0	0	0	0	0	0	0	1122	0	168	0	0	0	0	0	0	0	0	0	0	0	986	0	0	0	306	0	6500	0	302	0	794	0	2028	0	152	0	0	0	176	0	0	0	436	0	0	0	0	0	3450	0	11788	0	4222	0	0	0	0	0	220	0	0	0	0	0	0	0	0	0	0	0	0	0	0	0	0	0	0	0	0	0	0	0	0	0	0	0	
100688	Rolandic_Oper_R	486	2468	300	4298	0	0	0	1444	0	0	106	6466	0	630	0	0	0	0	410	4300	0	0	0	0	0	0	0	0	124	13734	106	122	0	902	0	0	0	438	0	132	0	0	0	0	0	0	0	0	0	116	0	0	0	0	0	0	0	4280	0	88	0	100	0	1436	0	290	0	102	0	0	0	176	98	3224	0	196	0	164	0	1804	0	1630	0	0	0	174	0	0	0	0	0	0	0	0	0	0	0	0	0	0	0	0	0	0	0	0	0	0	0	0	0	0	0	0	0	0	
718296	Supp_Motor_Area_L	20576	3562	87280	17098	602	182	15158	3756	0	0	17002	2604	7118	650	1720	234	7726	410	0	31052	0	0	3778	5360	430	0	0	0	22314	3622	3852	7444	6270	14406	0	0	1988	382	390	0	0	0	0	0	0	0	0	0	0	0	0	0	0	0	212	0	360	392	0	0	0	120	0	98	0	270	0	0	14180	1280	5002	13520	17880	1338	1538	234	346	6842	562	0	4902	0	3106	0	0	0	0	0	0	0	0	0	0	0	0	0	0	0	0	0	0	0	0	0	0	0	0	0	0	0	0	0	0	0	0	0	
535368	Supp_Motor_Area_R	7400	4896	7376	48492	0	0	182	4132	0	116	0	12000	0	1448	0	468	0	4300	31052	0	0	0	972	6854	0	0	0	0	98	15108	1754	9822	5754	42682	148	120	0	1936	0	474	0	0	0	406	0	272	0	152	0	214	0	106	0	0	0	728	0	2628	0	146	0	0	0	0	0	0	136	972	12190	17278	284	8072	234	4814	104	138	314	9668	0	0	0	338	0	0	0	266	0	0	0	640	0	0	0	0	0	0	0	0	0	0	0	0	0	0	0	0	0	0	0	0	0	0	0	0	0	0	
100596	Olfactory_L	0	0	0	0	3436	2182	0	0	0	0	0	0	0	0	4140	132	0	0	0	0	0	7114	0	0	266	134	5514	2900	3442	0	2812	1688	0	0	0	0	790	0	1102	0	914	0	0	0	0	0	0	0	0	0	0	0	0	0	0	0	0	0	0	0	0	0	0	0	0	0	0	0	0	0	6580	3196	1120	1834	0	0	0	0	0	0	0	0	1002	0	0	0	0	0	0	0	0	0	0	0	0	0	0	0	0	0	0	0	0	0	0	0	0	0	0	0	0	0	0	0	0	0	
112452	Olfactory_R	0	0	0	0	1890	4736	0	0	0	436	0	0	0	0	1528	2178	0	0	0	0	7114	0	0	0	114	218	4722	6740	326	3120	2470	1928	0	0	0	0	142	288	0	210	0	1446	0	0	0	0	0	0	0	0	0	0	0	0	0	0	0	0	0	0	0	0	0	0	0	0	0	0	0	0	7032	5666	1298	2624	0	0	0	0	0	0	0	0	0	0	0	0	0	0	0	0	0	0	0	0	0	0	0	0	0	0	0	0	0	0	0	0	0	0	0	0	0	0	0	0	0	0	
250784	Frontal_Sup_Medial_L	0	0	29120	11484	822	238	9852	796	0	0	0	412	3566	220	3230	148	0	0	3778	972	0	0	0	14182	2668	160	0	0	4610	462	11366	9970	2170	11302	0	0	0	0	0	0	0	0	0	0	0	0	0	0	0	0	0	0	0	0	0	0	0	0	0	0	0	0	0	0	0	0	0	0	0	0	722	406	2454	282	0	0	0	0	0	0	0	0	0	0	0	0	0	0	0	0	0	0	0	0	0	0	0	0	0	0	0	0	0	0	0	0	0	0	0	0	0	0	0	0	0	0	
276148	Frontal_Sup_Medial_R	244	368	1886	36934	0	4106	198	2642	0	346	0	886	0	320	252	528	0	0	5360	6854	0	0	14182	0	396	2402	0	130	480	1946	2904	23112	156	12358	0	0	0	222	0	0	0	0	0	0	0	0	0	0	0	0	0	0	0	0	0	0	0	0	0	0	0	0	0	0	0	0	0	0	0	0	768	10744	0	6734	0	0	0	616	0	0	0	0	0	0	0	0	0	0	0	0	0	0	0	0	0	0	0	0	0	0	0	0	0	0	0	0	0	0	0	0	0	0	0	0	0	0	
41404	Frontal_Med_Orb_L	0	0	2368	0	1464	496	1128	0	366	0	0	0	128	0	302	0	0	0	430	0	266	114	2668	396	0	1624	730	88	398	0	4722	738	0	0	0	0	0	0	0	0	0	0	0	0	0	0	0	0	0	0	0	0	0	0	0	0	0	0	0	0	0	0	0	0	0	0	0	0	0	0	218	326	1504	228	0	0	0	0	0	0	0	0	0	0	0	0	0	0	0	0	0	0	0	0	0	0	0	0	0	0	0	0	0	0	0	0	0	0	0	0	0	0	0	0	0	0	
48432	Frontal_Med_Orb_R	0	0	0	778	0	5892	0	0	0	0	0	0	0	0	0	0	0	0	0	0	134	218	160	2402	1624	0	122	4190	0	0	1580	2862	0	0	0	0	0	0	0	0	0	0	0	0	0	0	0	0	0	0	0	0	0	0	0	0	0	0	0	0	0	0	0	0	0	0	0	0	0	0	0	2354	0	1900	0	0	0	0	0	0	0	0	0	0	0	0	0	0	0	0	0	0	0	0	0	0	0	0	0	0	0	0	0	0	0	0	0	0	0	0	0	0	0	0	0	0	
77232	Rectus_L	0	0	0	0	5642	1580	0	0	1284	0	0	0	0	0	2918	104	0	0	0	0	5514	4722	0	0	730	122	0	2188	772	0	2626	926	0	0	0	0	252	0	0	0	0	0	0	0	0	0	0	0	0	0	0	0	0	0	0	0	0	0	0	0	0	0	0	0	0	0	0	0	0	0	4762	2244	962	1268	0	0	0	0	0	0	0	0	0	0	0	0	0	0	0	0	0	0	0	0	0	0	0	0	0	0	0	0	0	0	0	0	0	0	0	0	0	0	0	0	0	0	
85928	Rectus_R	0	0	0	0	700	9830	0	0	0	554	0	0	0	0	530	2306	0	0	0	0	2900	6740	0	130	88	4190	2188	0	0	1574	1212	2040	0	0	0	0	0	0	0	0	0	450	0	0	0	0	0	0	0	0	0	0	0	0	0	0	0	0	0	0	0	0	0	0	0	0	0	0	0	0	2314	3290	278	1650	0	0	0	0	0	0	0	0	0	0	0	0	0	0	0	0	0	0	0	0	0	0	0	0	0	0	0	0	0	0	0	0	0	0	0	0	0	0	0	0	0	0	
622452	Insula_L	18544	0	36358	412	6236	0	16578	0	2684	0	16486	1754	31356	238	26246	0	16014	124	22314	98	3442	326	4610	480	398	0	772	0	0	1846	3558	702	1418	88	236	386	18248	398	5444	104	2986	0	0	0	0	0	0	0	0	0	602	0	162	0	4458	0	9436	0	404	0	284	0	0	0	0	0	0	0	252	0	3782	2794	19372	614	0	0	2174	456	6220	0	9068	0	6782	0	664	0	104	0	2714	0	0	0	0	0	0	0	0	0	0	0	0	0	0	0	0	0	0	0	0	0	0	0	0	0	0	0	
380760	Insula_R	184	6366	860	17736	0	804	322	10924	0	1222	608	25942	1234	10868	624	6836	0	13734	3622	15108	0	3120	462	1946	0	0	0	1574	1846	0	1788	5822	0	7840	0	0	0	4340	0	1318	0	3242	0	0	0	166	0	0	0	312	0	0	0	0	0	704	0	3766	0	650	0	428	0	0	0	416	0	416	0	138	1468	4112	0	20426	0	0	0	1212	0	1284	0	2072	0	1056	0	432	0	0	0	1030	0	0	0	0	0	0	0	0	0	0	0	0	0	0	0	0	0	0	0	0	0	0	0	0	0	0	
203240	Cingulum_Ant_L	226	202	9868	2574	1978	1022	3572	328	362	0	116	662	2328	538	2916	0	0	106	3852	1754	2812	2470	11366	2904	4722	1580	2626	1212	3558	1788	0	13360	2858	1484	0	0	0	0	0	0	0	0	0	0	0	0	0	0	0	0	0	0	0	0	0	0	0	0	0	0	0	0	0	0	0	0	0	0	0	0	3130	4148	6874	2184	0	0	0	140	0	0	0	0	0	0	0	0	0	0	0	0	0	0	0	0	0	0	0	0	0	0	0	0	0	0	0	0	0	0	0	0	0	0	0	0	0	0	
370136	Cingulum_Ant_R	1178	926	4446	25452	198	3576	426	2780	0	0	98	2010	152	1916	346	804	0	122	7444	9822	1688	1928	9970	23112	738	2862	926	2040	702	5822	13360	0	1602	20372	0	0	0	394	0	0	0	0	0	0	0	0	0	0	0	0	0	0	0	0	0	0	0	0	0	0	0	0	0	0	0	0	0	0	320	0	2432	22932	408	10280	0	0	0	1484	0	0	0	0	0	0	0	0	0	0	0	0	0	0	0	0	0	0	0	0	0	0	0	0	0	0	0	0	0	0	0	0	0	0	0	0	0	0	
125616	Cingulum_Mid_L	388	468	4336	1940	0	0	1674	0	0	0	0	0	1416	0	850	0	0	0	6270	5754	0	0	2170	156	0	0	0	0	1418	0	2858	1602	0	7878	2786	168	166	0	90	0	0	0	286	444	464	390	0	0	414	0	1170	112	98	0	0	0	160	106	100	0	92	0	0	0	126	0	3088	884	3852	1302	940	1456	2498	0	1726	0	0	564	0	0	0	0	0	0	148	0	0	0	0	0	0	0	0	0	0	0	0	0	0	0	0	0	0	0	0	0	0	0	0	0	0	0	0	0	0	0	
479404	Cingulum_Mid_R	3894	3672	1396	17312	0	284	126	1204	0	0	0	6172	0	1712	0	948	0	902	14406	42682	0	0	11302	12358	0	0	0	0	88	7840	1484	20372	7878	0	1482	3158	0	892	0	138	0	0	0	4094	0	6540	0	204	116	5410	246	1314	0	0	0	370	0	4796	0	2572	0	424	0	0	0	564	1938	13222	9622	20568	156	1318	144	1624	0	0	0	1142	0	0	0	152	0	0	0	866	0	0	0	598	0	0	0	0	0	0	0	0	0	0	0	0	0	0	0	0	0	0	0	0	0	0	0	0	0	0	
65144	Cingulum_Post_L	284	0	0	0	0	0	0	0	0	0	0	0	0	0	0	0	0	0	0	148	0	0	0	0	0	0	0	0	236	0	0	0	2786	1482	0	5884	2050	1716	1146	192	0	0	1254	374	462	1158	514	114	128	1040	428	152	98	0	202	0	172	0	0	186	0	0	0	0	0	0	4508	1964	2100	146	0	0	0	0	0	0	1300	130	100	0	0	0	0	0	118	0	0	0	0	0	0	0	0	0	0	0	0	0	0	0	0	0	0	0	0	0	0	0	0	0	0	0	0	0	0	0	
84140	Cingulum_Post_R	620	280	0	0	0	0	0	0	0	0	0	0	0	0	0	0	0	0	0	120	0	0	0	0	0	0	0	0	386	0	0	0	168	3158	5884	0	1474	5804	404	672	0	0	0	1796	0	2322	0	932	0	2226	0	548	0	0	0	1184	0	252	0	346	0	96	0	0	0	128	754	6488	0	840	0	0	0	0	0	0	1882	1026	98	0	0	0	0	0	0	806	0	0	0	1376	0	0	0	0	0	0	0	0	0	0	0	0	0	0	0	0	0	0	0	0	0	0	0	0	0	0	
221168	Hippocampus_L	8750	0	2854	0	266	0	1090	0	0	0	390	0	88	0	706	0	1122	0	1988	0	790	142	0	0	0	0	252	0	18248	0	0	0	166	0	2050	1474	0	996	12476	110	6492	0	342	0	0	0	674	0	0	0	346	0	0	0	9082	0	4466	0	100	0	100	0	0	0	0	0	760	122	836	0	150	1506	9116	88	1156	0	4628	1466	3348	0	2638	0	1686	0	638	0	202	0	6684	0	0	0	0	0	0	0	0	0	0	0	0	0	0	0	0	0	0	0	0	0	0	0	0	0	0	0	
232304	Hippocampus_R	424	2394	390	2324	0	0	0	854	0	0	0	256	0	0	0	0	0	438	382	1936	0	288	0	222	0	0	0	0	398	4340	0	394	0	892	1716	5804	996	0	342	23898	0	10574	0	264	0	0	0	2040	0	0	0	0	0	0	0	22402	0	974	0	0	0	0	0	0	0	122	0	2412	0	628	0	504	0	11030	0	446	1410	4122	94	274	0	228	0	1110	0	228	0	100	0	6468	0	0	0	0	116	0	150	632	138	238	0	0	0	0	162	144	0	0	0	0	0	166	0	144	144	0	
100396	ParaHippocampal_L	1762	0	404	0	192	0	130	0	0	0	144	0	0	0	736	0	168	0	390	0	1102	0	0	0	0	0	0	0	5444	0	0	0	90	0	1146	404	12476	342	0	0	2056	0	172	0	0	0	1590	0	0	0	522	0	286	0	9790	0	582	0	0	0	0	0	0	0	0	0	856	0	382	0	166	0	1194	0	0	0	882	0	0	0	982	0	1396	0	482	0	820	0	2640	0	0	0	0	0	0	104	136	0	90	0	0	0	0	0	0	0	0	0	0	140	0	0	0	0	0	0	
152228	ParaHippocampal_R	140	484	0	650	0	0	0	230	0	0	0	0	0	0	0	0	0	132	0	474	0	210	0	0	0	0	0	0	104	1318	0	0	0	138	192	672	110	23898	0	0	0	5290	0	1010	0	0	0	3220	0	0	0	0	0	92	0	17644	0	288	0	0	0	0	0	0	0	0	0	1860	0	0	0	0	0	4634	0	196	286	1598	0	0	0	0	0	1808	0	160	0	1646	0	2782	0	0	0	0	224	96	330	1412	334	432	0	0	138	140	336	316	0	0	0	0	0	348	146	296	300	0	
40072	Amygdala_L	134	0	94	0	362	0	0	0	0	0	0	0	0	0	634	0	0	0	0	0	914	0	0	0	0	0	0	0	2986	0	0	0	0	0	0	0	6492	0	2056	0	0	0	0	0	0	0	0	0	0	0	0	0	0	0	2598	0	0	0	0	0	0	0	0	0	0	0	0	0	0	0	0	0	596	0	0	0	246	0	0	0	0	0	1394	0	0	0	224	0	1306	0	0	0	0	0	0	0	0	0	0	0	0	0	0	0	0	0	0	0	0	0	0	0	0	0	0	0	
64968	Amygdala_R	0	0	0	176	0	292	0	0	0	122	0	0	0	0	0	408	0	0	0	0	0	1446	0	0	0	0	0	450	0	3242	0	0	0	0	0	0	0	10574	0	5290	0	0	0	0	0	0	0	0	0	0	0	0	0	0	0	5918	0	0	0	0	0	0	0	0	0	0	0	0	0	0	0	106	0	1500	0	0	0	90	0	0	0	0	0	1942	0	0	0	432	0	496	0	0	0	0	0	0	0	0	0	0	0	0	0	0	0	0	0	0	0	0	0	0	0	0	0	0	
188600	Calcarine_L	0	0	0	0	0	0	0	0	0	0	0	0	0	0	0	0	0	0	0	0	0	0	0	0	0	0	0	0	0	0	0	0	286	0	1254	0	342	0	172	0	0	0	0	8282	11132	4002	13898	2168	10494	2326	20480	1278	2426	88	2214	280	246	0	226	0	112	0	0	0	438	0	9818	662	376	0	0	0	0	0	0	0	0	0	0	0	0	0	0	0	1170	130	0	0	0	0	0	0	0	0	0	0	0	0	0	0	0	0	0	0	0	0	0	0	0	0	0	0	0	0	0	0	
282184	Calcarine_R	0	770	0	0	0	0	0	0	0	0	0	0	0	0	0	0	0	0	0	406	0	0	0	0	0	0	0	0	0	0	0	0	444	4094	374	1796	0	264	0	1010	0	0	8282	0	3818	22026	1004	17616	150	18922	0	11306	0	3582	0	5706	0	1328	0	722	0	212	0	0	0	174	1192	24396	110	3548	0	0	0	0	0	0	0	0	0	0	0	0	0	0	0	5724	0	0	0	1872	0	0	0	0	0	0	0	0	0	108	0	0	0	0	0	0	0	0	0	0	0	136	0	0	0	0	
145860	Cuneus_L	0	0	0	0	0	0	0	0	0	0	0	0	0	0	0	0	0	0	0	0	0	0	0	0	0	0	0	0	0	0	0	0	464	0	462	0	0	0	0	0	0	0	11132	3818	0	5100	1332	412	14630	1980	12158	282	518	0	238	0	456	0	1826	0	424	0	0	0	1306	0	13382	876	594	0	0	0	0	0	0	0	0	0	0	0	0	0	0	0	1540	0	0	0	0	0	0	0	0	0	0	0	0	0	0	0	0	0	0	0	0	0	0	0	0	0	0	0	0	0	0	0	
273932	Cuneus_R	94	1292	0	0	0	0	0	0	0	0	0	0	0	0	0	0	0	0	0	272	0	0	0	0	0	0	0	0	0	166	0	0	390	6540	1158	2322	0	0	0	0	0	0	4002	22026	5100	0	162	3570	126	34902	0	5632	0	278	0	326	0	2060	0	7114	0	748	0	0	0	1292	4122	27600	358	3682	0	0	0	0	0	0	0	0	0	0	0	0	0	0	0	1412	0	0	0	220	0	0	0	0	0	0	0	0	0	0	0	0	0	0	0	0	0	0	0	0	0	0	0	0	0	0	
211096	Lingual_L	0	0	0	0	0	0	0	0	0	0	0	0	0	0	0	0	0	0	0	0	0	0	0	0	0	0	0	0	0	0	0	0	0	0	514	0	674	0	1590	0	0	0	13898	1004	1332	162	0	2076	3296	90	13816	278	4582	144	18232	334	0	0	0	0	0	0	0	0	0	0	3314	0	0	0	0	0	0	0	0	0	0	0	0	0	0	0	0	0	300	0	0	0	520	0	10114	456	174	302	0	0	7424	758	12112	980	140	0	152	0	0	0	0	0	0	0	3232	2860	688	0	0	0	
307016	Lingual_R	0	0	0	162	0	0	0	0	0	0	0	0	0	0	0	0	0	0	0	152	0	0	0	0	0	0	0	0	0	0	0	0	0	204	114	932	0	2040	0	3220	0	0	2168	17616	412	3570	2076	0	0	5484	0	6138	0	8966	1066	24248	0	0	0	0	0	0	0	0	0	0	0	6270	0	158	0	0	0	0	0	0	0	232	0	0	0	0	0	0	0	1448	0	0	0	1770	4592	3540	514	136	562	604	4746	7954	7662	13544	402	0	496	0	1566	0	0	0	0	184	8904	8396	880	0	156	224	
143116	Occipital_Sup_L	0	0	0	0	0	0	0	0	0	0	0	0	0	0	0	0	0	0	0	0	0	0	0	0	0	0	0	0	0	0	0	0	414	116	128	0	0	0	0	0	0	0	10494	150	14630	126	3296	0	0	0	22074	0	742	0	196	0	0	0	8658	0	1440	0	0	0	164	0	7942	654	0	0	0	0	0	0	0	0	0	0	0	0	0	0	0	0	334	0	0	0	0	0	0	0	0	0	0	0	0	0	0	0	0	0	0	0	0	0	0	0	0	0	0	0	0	0	0	0	
309768	Occipital_Sup_R	126	994	0	0	0	0	0	0	0	0	0	0	0	0	0	0	0	116	0	214	0	0	0	0	0	0	0	0	0	312	0	0	0	5410	1040	2226	0	0	0	0	0	0	2326	18922	1980	34902	90	5484	0	0	0	17710	0	1246	0	938	0	1714	0	14528	0	2806	0	0	0	6206	3150	27146	520	1730	0	0	0	0	0	0	0	0	0	150	0	188	0	0	0	2494	0	0	0	216	0	0	0	0	0	0	0	0	0	0	0	0	0	0	0	0	0	0	0	0	0	0	0	0	0	0	
436656	Occipital_Mid_L	5266	0	164	0	0	0	168	0	0	0	0	0	0	0	0	0	986	0	0	0	0	0	0	0	0	0	0	0	602	0	0	0	1170	246	428	0	346	0	522	0	0	0	20480	0	12158	0	13816	0	22074	0	0	0	26580	0	12234	0	13796	0	19102	0	12234	0	2198	0	14270	0	12854	112	2388	0	0	0	92	0	0	0	98	0	586	0	2078	0	0	0	17080	0	0	0	4098	0	0	0	0	0	0	0	0	0	102	0	0	0	0	0	0	0	0	0	0	0	0	0	0	0	0	0	
216332	Occipital_Mid_R	0	246	0	0	0	0	0	0	0	0	0	0	0	0	0	0	0	0	0	106	0	0	0	0	0	0	0	0	0	0	0	0	112	1314	152	548	0	0	0	0	0	0	1278	11306	282	5632	278	6138	0	17710	0	0	0	5384	0	2164	0	752	0	4560	0	5426	0	126	0	15202	638	8510	0	780	0	0	0	0	0	0	0	0	0	0	0	182	0	0	0	16646	0	0	0	2540	0	0	0	0	0	0	0	0	0	0	0	0	0	0	0	0	0	0	0	0	0	154	0	0	0	0	
143232	Occipital_Inf_L	2546	0	0	0	0	0	0	0	0	0	0	0	0	0	0	0	0	0	0	0	0	0	0	0	0	0	0	0	162	0	0	0	98	0	98	0	0	0	286	0	0	0	2426	0	518	0	4582	0	742	0	26580	0	0	0	13184	0	4420	0	234	0	192	0	172	0	1768	0	1352	0	230	0	0	0	0	0	0	0	0	0	0	0	0	0	0	0	6648	0	0	0	3492	0	448	0	0	0	0	0	216	150	642	0	0	0	0	0	0	0	0	0	0	0	110	320	0	0	0	0	
122176	Occipital_Inf_R	0	0	0	0	0	0	0	0	0	0	0	0	0	0	0	0	0	0	0	0	0	0	0	0	0	0	0	0	0	0	0	0	0	0	0	0	0	0	0	92	0	0	88	3582	0	278	144	8966	0	1246	0	5384	0	0	172	10260	0	0	0	0	0	0	0	0	0	0	0	682	0	0	0	0	0	0	0	0	0	0	0	0	0	0	0	0	0	3432	0	0	0	3914	1106	414	110	0	340	0	2280	3304	2128	5572	220	0	262	0	878	0	0	0	0	0	3902	2044	148	0	0	140	
435356	Fusiform_L	3702	0	222	0	0	0	0	0	0	0	0	0	0	0	0	0	306	0	212	0	0	0	0	0	0	0	0	0	4458	0	0	0	0	0	202	0	9082	0	9790	0	2598	0	2214	0	238	0	18232	1066	196	0	12234	0	13184	172	0	388	4576	0	0	0	398	0	0	0	898	0	1260	0	808	0	0	0	516	0	0	0	126	0	1848	0	2110	0	1442	0	3964	0	1156	0	18506	0	32550	1476	776	450	330	0	16886	1944	32240	2292	902	0	1228	684	748	0	322	0	0	0	2516	4444	1786	0	0	0	
478288	Fusiform_R	0	504	0	416	0	0	0	128	0	0	0	0	0	0	0	0	0	0	0	728	0	0	0	0	0	0	0	0	0	704	0	0	0	370	0	1184	0	22402	0	17644	0	5918	280	5706	0	326	334	24248	0	938	0	2164	0	10260	388	0	0	362	0	0	0	0	0	0	0	0	0	3912	0	488	0	0	0	3438	0	212	0	510	0	0	0	360	0	5074	0	1830	0	1944	0	13984	3252	23412	412	986	662	1452	3886	18332	4974	32830	410	600	826	1100	1690	328	0	0	0	946	8660	5676	954	322	474	204	
318024	Postcentral_L	31640	0	914	0	0	0	632	0	0	0	974	0	0	0	0	0	6500	0	360	0	0	0	0	0	0	0	0	0	9436	0	0	0	160	0	172	0	4466	0	582	0	0	0	246	0	456	0	0	0	0	0	13796	0	4420	0	4576	0	0	0	16994	0	26904	0	8758	0	2910	0	2024	0	5138	0	332	432	4646	0	680	0	976	398	2612	0	3542	0	0	0	1334	0	0	0	2002	0	0	0	0	0	0	0	0	0	0	0	0	0	0	0	0	0	0	0	0	0	0	0	0	0	0	0	
195744	Postcentral_R	1192	19712	410	0	0	0	0	294	0	0	132	1160	0	0	0	0	0	4280	392	2628	0	0	0	0	0	0	0	0	0	3766	0	0	106	4796	0	252	0	974	0	288	0	0	0	1328	0	2060	0	0	0	1714	0	752	0	0	0	362	0	0	0	6754	0	5066	0	10524	0	1474	162	5582	612	8362	0	118	274	2530	0	286	0	150	0	110	0	2718	0	0	0	4110	0	0	0	2442	0	0	0	0	0	0	0	0	0	0	0	0	0	0	0	0	0	0	0	0	0	0	0	0	0	0	
159928	Parietal_Sup_L	3248	0	258	0	0	0	232	0	0	0	0	0	0	0	0	0	302	0	0	0	0	0	0	0	0	0	0	0	404	0	0	0	100	0	0	0	100	0	0	0	0	0	226	0	1826	0	0	0	8658	0	19102	0	234	0	0	0	16994	0	0	0	14482	0	1222	0	2024	0	8252	790	640	0	0	120	0	0	0	0	104	128	120	0	280	0	0	0	118	0	0	0	0	0	0	0	0	0	0	0	0	0	0	0	0	0	0	0	0	0	0	0	0	0	0	0	0	0	0	0	
159164	Parietal_Sup_R	0	1686	0	0	0	0	0	0	0	0	0	0	0	0	0	0	0	88	0	146	0	0	0	0	0	0	0	0	0	650	0	0	0	2572	186	346	0	0	0	0	0	0	0	722	0	7114	0	0	0	14528	0	4560	0	0	0	0	0	6754	0	0	0	7532	0	2426	0	7014	1116	17814	166	2262	0	0	0	0	0	0	0	0	0	96	0	214	0	0	0	1344	0	0	0	246	0	0	0	0	0	0	0	0	0	0	0	0	0	0	0	0	0	0	0	0	0	0	0	0	0	0	
186596	Parietal_Inf_L	3116	0	250	0	0	0	112	0	0	0	0	0	0	0	0	0	794	0	0	0	0	0	0	0	0	0	0	0	284	0	0	0	92	0	0	0	100	0	0	0	0	0	112	0	424	0	0	0	1440	0	12234	0	192	0	398	0	26904	0	14482	0	0	0	9960	0	14562	0	792	0	274	0	0	188	0	0	0	0	0	188	202	0	1754	0	0	0	3602	0	0	0	842	0	0	0	0	0	0	0	0	0	0	0	0	0	0	0	0	0	0	0	0	0	0	0	0	0	0	0	
106456	Parietal_Inf_R	0	980	0	0	0	0	0	0	0	0	0	0	0	0	0	0	0	100	120	0	0	0	0	0	0	0	0	0	0	428	0	0	0	424	0	96	0	0	0	0	0	0	0	212	0	748	0	0	0	2806	0	5426	0	0	0	0	0	5066	0	7532	0	0	0	8150	0	14746	170	2320	132	240	0	0	0	158	0	0	0	0	0	0	0	510	0	0	0	2302	0	0	0	562	0	0	0	0	0	0	0	0	0	0	0	0	0	0	0	0	0	0	0	0	0	0	0	0	0	0	
74716	SupraMarginal_L	868	0	0	0	0	0	0	0	0	0	0	0	0	0	0	0	2028	0	0	0	0	0	0	0	0	0	0	0	0	0	0	0	0	0	0	0	0	0	0	0	0	0	0	0	0	0	0	0	0	0	2198	0	172	0	0	0	8758	0	1222	0	9960	0	0	0	3862	0	0	0	0	0	0	0	0	0	0	0	0	0	0	0	4814	0	0	0	3038	0	0	0	438	0	0	0	0	0	0	0	0	0	0	0	0	0	0	0	0	0	0	0	0	0	0	0	0	0	0	0	
80380	SupraMarginal_R	332	1728	0	0	0	0	0	94	0	0	104	0	0	0	0	0	0	1436	98	0	0	0	0	0	0	0	0	0	0	0	0	0	0	0	0	0	0	0	0	0	0	0	0	0	0	0	0	0	0	0	0	126	0	0	0	0	0	10524	0	2426	0	8150	0	0	0	3804	0	98	0	0	0	0	0	0	0	0	0	0	0	0	0	4360	0	0	0	4358	0	0	0	2552	0	0	0	0	0	0	0	0	0	0	0	0	0	0	0	0	0	0	0	0	0	0	0	0	0	0	
117828	Angular_L	356	0	0	0	0	0	0	0	0	0	0	0	0	0	0	0	152	0	0	0	0	0	0	0	0	0	0	0	0	0	0	0	126	0	0	0	0	0	0	0	0	0	438	0	1306	0	0	0	164	0	14270	0	1768	0	898	0	2910	0	2024	0	14562	0	3862	0	0	0	1458	0	318	0	0	0	0	0	0	0	0	0	0	0	1350	0	0	0	10552	0	0	0	2400	0	0	0	0	0	0	0	0	0	0	0	0	0	0	0	0	0	0	0	0	0	0	0	0	0	0	0	
138424	Angular_R	198	1070	96	0	0	0	0	0	0	0	0	0	0	0	0	0	0	290	270	0	0	0	0	0	0	0	0	0	0	416	0	0	0	564	0	128	0	122	0	0	0	0	0	174	0	1292	0	0	0	6206	0	15202	0	0	0	0	0	1474	0	7014	0	14746	0	3804	0	0	274	3120	262	306	0	0	0	390	0	0	0	0	0	0	0	2234	0	0	0	7360	0	0	0	2200	0	0	0	0	0	0	0	0	0	0	0	0	0	0	0	0	0	0	0	0	0	0	0	0	0	0	
200776	Precuneus_L	392	0	0	0	0	0	0	0	0	0	0	0	0	0	0	0	0	0	0	136	0	0	0	0	0	0	0	0	0	0	0	0	3088	1938	4508	754	760	0	856	0	0	0	9818	1192	13382	4122	3314	0	7942	3150	12854	638	1352	0	1260	0	2024	162	8252	1116	792	170	0	0	1458	274	0	9444	1998	778	0	0	0	0	0	0	0	0	0	0	0	0	0	0	2014	276	0	0	174	0	0	0	0	0	0	0	0	0	0	0	0	0	0	0	0	0	0	0	0	0	0	0	0	0	0	0	
380768	Precuneus_R	144	2412	0	0	0	0	0	0	0	0	0	0	0	0	0	0	0	102	0	972	0	0	0	0	0	0	0	0	0	416	0	0	884	13222	1964	6488	122	2412	0	1860	0	0	662	24396	876	27600	0	6270	654	27146	112	8510	0	682	0	3912	0	5582	790	17814	0	2320	0	98	0	3120	9444	0	582	8388	0	0	0	0	0	0	88	236	0	124	0	154	0	0	0	7172	0	0	0	2498	0	0	0	0	0	0	0	0	0	0	0	0	0	0	0	0	0	0	0	0	156	0	0	0	0	0	
217676	Paracentral_Lobule_L	13490	1564	3846	2796	0	0	0	218	0	0	0	0	0	0	0	0	176	0	14180	12190	0	0	0	0	0	0	0	0	252	0	0	320	3852	9622	2100	0	836	0	382	0	0	0	376	110	594	358	0	0	0	520	2388	0	230	0	808	0	5138	612	640	166	274	132	0	0	318	262	1998	582	0	5186	1062	7212	1952	0	802	0	726	8396	1058	0	302	0	0	0	180	0	0	0	632	0	0	0	0	0	0	0	0	0	0	0	0	0	0	0	0	0	0	0	0	0	0	0	0	0	0	0	
183600	Paracentral_Lobule_R	2020	7092	258	0	0	0	0	0	0	0	0	0	0	0	0	0	0	0	1280	17278	0	0	0	0	0	0	0	0	0	138	0	0	1302	20568	146	840	0	628	0	0	0	0	0	3548	0	3682	0	158	0	1730	0	780	0	0	0	488	0	8362	0	2262	0	240	0	0	0	306	778	8388	5186	0	0	250	92	0	0	0	0	1602	0	162	0	408	0	0	0	1002	0	0	0	826	0	0	0	0	0	0	0	0	0	0	0	0	0	0	0	0	0	0	0	0	0	0	0	0	0	0	
191700	Caudate_L	2126	588	7998	822	2380	1838	822	132	0	0	676	1410	942	330	3822	178	0	0	5002	284	6580	7032	722	768	218	0	4762	2314	3782	1468	3130	2432	940	156	0	0	150	0	166	0	0	0	0	0	0	0	0	0	0	0	0	0	0	0	0	0	332	0	0	0	0	0	0	0	0	0	0	0	1062	0	0	9984	10086	2628	1592	0	5020	1176	0	0	0	0	0	0	0	0	0	0	0	0	0	0	0	0	0	0	0	0	0	0	0	0	0	0	0	0	0	0	0	0	0	0	0	0	0	0	
465084	Caudate_R	5622	3676	12764	20628	832	5586	752	2832	0	504	558	3150	774	544	1758	1194	0	176	13520	8072	3196	5666	406	10744	326	2354	2244	3290	2794	4112	4148	22932	1456	1318	0	0	1506	504	0	0	0	106	0	0	0	0	0	0	0	0	0	0	0	0	0	0	432	118	120	0	188	0	0	0	0	0	0	0	7212	250	9984	0	4954	18672	2998	1418	3982	32170	0	0	0	0	0	0	0	0	0	0	0	0	0	0	0	0	0	0	0	0	0	0	0	0	0	0	0	0	0	0	0	0	0	0	0	0	0	0	
312380	Putamen_L	10782	928	25358	114	2960	202	3382	0	1218	0	766	0	846	0	5776	0	436	98	17880	234	1120	1298	2454	0	1504	0	962	278	19372	0	6874	408	2498	144	0	0	9116	0	1194	0	596	0	0	0	0	0	0	0	0	0	92	0	0	0	516	0	4646	274	0	0	0	0	0	0	0	0	0	0	1952	92	10086	4954	0	624	9004	0	1220	3120	0	0	382	0	332	0	0	0	0	0	98	0	0	0	0	0	0	0	0	0	0	0	0	0	0	0	0	0	0	0	0	0	0	0	0	0	0	0	
332636	Putamen_R	118	7634	1316	18438	376	4958	0	10346	0	1896	198	3940	312	764	500	3058	0	3224	1338	4814	1834	2624	282	6734	228	1900	1268	1650	614	20426	2184	10280	0	1624	0	0	88	11030	0	4634	0	1500	0	0	0	0	0	0	0	0	0	0	0	0	0	3438	0	2530	0	0	0	158	0	0	0	390	0	0	0	0	2628	18672	624	0	0	2142	0	1876	0	354	0	90	0	0	0	0	0	0	0	1148	0	0	0	0	0	0	0	138	0	0	0	0	0	0	0	0	0	0	0	0	0	0	0	0	0	0	
66520	Pallidum_L	1936	0	4702	0	0	0	1020	0	0	0	144	0	0	0	0	0	0	0	1538	104	0	0	0	0	0	0	0	0	0	0	0	0	1726	0	0	0	1156	0	0	0	0	0	0	0	0	0	0	0	0	0	0	0	0	0	0	0	680	0	0	0	0	0	0	0	0	0	0	0	802	0	1592	2998	9004	0	0	0	2930	2928	0	0	0	0	0	0	0	0	0	0	0	0	0	0	0	0	0	0	0	0	0	0	0	0	0	0	0	0	0	0	0	0	0	0	0	0	0	0	
15108	Pallidum_R	0	1406	202	232	0	0	0	216	0	0	0	132	0	0	0	0	0	196	234	138	0	0	0	0	0	0	0	0	0	0	0	0	0	0	0	0	0	446	0	196	0	0	0	0	0	0	0	0	0	0	0	0	0	0	0	212	0	286	0	0	0	0	0	0	0	0	0	0	0	0	0	1418	0	2142	0	0	0	0	0	0	0	0	0	0	0	0	0	0	0	98	0	0	0	0	0	0	0	0	0	0	0	0	0	0	0	0	0	0	0	0	0	0	0	0	0	0	
111244	Thalamus_L	15294	172	3200	0	0	0	1302	0	0	0	0	0	0	0	132	0	0	0	346	314	0	0	0	0	0	0	0	0	2174	0	0	0	0	0	1300	1882	4628	1410	882	286	246	0	0	0	0	0	0	0	0	0	98	0	0	0	126	0	976	0	104	0	0	0	0	0	0	0	0	88	726	0	5020	3982	1220	0	2930	0	0	5622	944	0	0	0	0	0	0	0	0	0	218	0	0	0	0	0	0	0	0	0	0	0	0	0	0	0	0	0	0	0	0	0	0	0	0	0	0	0	
264208	Thalamus_R	5456	10540	5524	19732	0	114	214	724	0	0	0	0	0	0	0	0	0	164	6842	9668	0	0	0	616	0	0	0	0	456	1212	140	1484	564	1142	130	1026	1466	4122	0	1598	0	90	0	0	0	0	0	232	0	0	0	0	0	0	0	510	398	150	128	0	188	0	0	0	0	0	0	236	8396	1602	1176	32170	3120	1876	2928	0	5622	0	0	0	0	138	0	0	0	112	0	0	0	98	0	0	0	0	0	0	0	0	0	0	0	0	0	0	0	0	0	0	0	0	0	0	0	0	0	0	
62200	Heschl_L	3300	0	608	0	0	0	470	0	0	0	1108	0	588	0	0	0	3450	0	562	0	0	0	0	0	0	0	0	0	6220	0	0	0	0	0	100	98	3348	94	0	0	0	0	0	0	0	0	0	0	0	0	586	0	0	0	1848	0	2612	0	120	0	202	0	0	0	0	0	0	0	1058	0	0	0	0	0	0	0	944	0	0	0	1660	0	0	0	320	0	0	0	1804	0	0	0	0	0	0	0	0	0	0	0	0	0	0	0	0	0	0	0	0	0	0	0	0	0	0	0	
14964	Heschl_R	0	266	0	0	0	0	0	0	0	0	0	182	0	0	0	0	0	1804	0	0	0	0	0	0	0	0	0	0	0	1284	0	0	0	0	0	0	0	274	0	0	0	0	0	0	0	0	0	0	0	150	0	0	0	0	0	0	0	110	0	96	0	0	0	0	0	0	0	124	0	162	0	0	0	354	0	0	0	0	0	0	0	2308	0	0	0	188	0	0	0	180	0	0	0	0	0	0	0	0	0	0	0	0	0	0	0	0	0	0	0	0	0	0	0	0	0	0	
202260	Temporal_Sup_L	2166	0	5672	0	0	0	2556	0	0	0	7202	0	408	0	148	0	11788	0	4902	0	0	0	0	0	0	0	0	0	9068	0	0	0	0	0	0	0	2638	0	982	0	0	0	0	0	0	0	0	0	0	0	2078	0	0	0	2110	0	3542	0	280	0	1754	0	4814	0	1350	0	0	0	302	0	0	0	382	0	0	0	0	0	1660	0	0	0	6608	0	18920	0	0	0	9800	0	0	0	0	0	0	0	0	0	0	0	0	0	0	0	0	0	0	0	0	0	0	0	0	0	0	0	
94684	Temporal_Sup_R	0	670	0	0	0	0	0	0	0	0	0	276	0	0	0	0	0	1630	0	338	0	0	0	0	0	0	0	0	0	2072	0	0	0	152	0	0	0	228	0	0	0	0	0	0	0	0	0	0	0	188	0	182	0	0	0	360	0	2718	0	214	0	510	0	4360	0	2234	0	154	0	408	0	0	0	90	0	0	0	138	0	2308	0	0	0	1936	0	17094	0	0	0	9082	0	0	0	0	0	0	0	0	0	0	0	0	0	0	0	0	0	0	0	0	0	0	0	0	0	0	
112184	Temporal_Pole_Sup_L	148	0	3210	0	280	0	570	0	0	0	4906	0	394	0	1352	0	4222	0	3106	0	1002	0	0	0	0	0	0	0	6782	0	0	0	0	0	0	0	1686	0	1396	0	1394	0	0	0	0	0	0	0	0	0	0	0	0	0	1442	0	0	0	0	0	0	0	0	0	0	0	0	0	0	0	0	0	332	0	0	0	0	0	0	0	6608	0	0	0	7188	0	4420	0	5654	0	0	0	0	0	0	0	0	0	0	0	0	0	0	0	0	0	0	0	0	0	0	0	0	0	0	0	
47832	Temporal_Pole_Sup_R	0	0	0	0	0	0	0	0	0	0	0	0	0	0	0	0	0	0	0	0	0	0	0	0	0	0	0	0	0	1056	0	0	0	0	0	0	0	1110	0	1808	0	1942	0	0	0	0	0	0	0	0	0	0	0	0	0	5074	0	0	0	0	0	0	0	0	0	0	0	0	0	0	0	0	0	0	0	0	0	0	0	0	0	1936	0	0	0	2176	0	3706	0	5108	0	0	0	0	0	0	0	0	0	0	0	0	0	0	0	0	0	0	0	0	0	0	0	0	0	0	
226624	Temporal_Mid_L	852	0	0	0	0	0	0	0	0	0	0	0	0	0	0	0	0	0	0	0	0	0	0	0	0	0	0	0	664	0	0	0	148	0	118	0	638	0	482	0	0	0	1170	0	1540	0	300	0	334	0	17080	0	6648	0	3964	0	1334	0	118	0	3602	0	3038	0	10552	0	2014	0	180	0	0	0	0	0	0	0	0	0	320	0	18920	0	7188	0	0	0	3596	0	28512	0	0	0	0	0	0	0	0	0	0	0	0	0	0	0	0	0	0	0	0	0	0	0	0	0	0	0	
218300	Temporal_Mid_R	0	942	0	0	0	0	0	0	0	0	0	0	0	0	0	0	0	174	0	266	0	0	0	0	0	0	0	0	0	432	0	0	0	866	0	806	0	228	0	160	0	0	130	5724	0	1412	0	1448	0	2494	0	16646	0	3432	0	1830	0	4110	0	1344	0	2302	0	4358	0	7360	276	7172	0	1002	0	0	0	0	0	0	0	112	0	188	0	17094	0	2176	0	0	0	1018	0	23648	0	0	0	0	0	0	0	0	0	0	0	0	0	0	0	0	0	0	0	0	0	0	0	0	0	0	
27752	Temporal_Pole_Mid_L	0	0	0	0	0	0	0	0	0	0	0	0	0	0	0	0	0	0	0	0	0	0	0	0	0	0	0	0	104	0	0	0	0	0	0	0	202	0	820	0	224	0	0	0	0	0	0	0	0	0	0	0	0	0	1156	0	0	0	0	0	0	0	0	0	0	0	0	0	0	0	0	0	0	0	0	0	0	0	0	0	0	0	4420	0	3596	0	0	0	3354	0	0	0	0	0	0	0	0	0	0	0	0	0	0	0	0	0	0	0	0	0	0	0	0	0	0	0	
20256	Temporal_Pole_Mid_R	0	0	0	0	0	0	0	0	0	0	0	0	0	0	0	0	0	0	0	0	0	0	0	0	0	0	0	0	0	0	0	0	0	0	0	0	0	100	0	1646	0	432	0	0	0	0	0	0	0	0	0	0	0	0	0	1944	0	0	0	0	0	0	0	0	0	0	0	0	0	0	0	0	0	0	0	0	0	0	0	0	0	0	0	3706	0	1018	0	0	0	1282	0	0	0	0	0	0	0	0	0	0	0	0	0	0	0	0	0	0	0	0	0	0	0	0	0	0	
224316	Temporal_Inf_L	1388	0	0	0	0	0	0	0	0	0	0	0	0	0	0	0	220	0	0	0	0	0	0	0	0	0	0	0	2714	0	0	0	0	0	0	0	6684	0	2640	0	1306	0	0	0	0	0	520	0	0	0	4098	0	3492	0	18506	0	2002	0	0	0	842	0	438	0	2400	0	174	0	632	0	0	0	98	0	0	0	218	0	1804	0	9800	0	5654	0	28512	0	3354	0	0	0	7102	0	1638	0	96	0	1638	0	3926	0	168	0	94	0	0	0	0	0	0	0	0	0	0	0	0	0	
186904	Temporal_Inf_R	0	1044	0	96	0	0	0	0	0	0	0	0	0	0	0	0	0	0	0	640	0	0	0	0	0	0	0	0	0	1030	0	0	0	598	0	1376	0	6468	0	2782	0	496	0	1872	0	220	0	1770	0	216	0	2540	0	3914	0	13984	0	2442	0	246	0	562	0	2552	0	2200	0	2498	0	826	0	0	0	1148	0	98	0	98	0	180	0	9082	0	5108	0	23648	0	1282	0	0	0	1958	0	0	0	0	0	214	0	264	0	0	0	0	0	0	0	0	0	0	0	0	0	0	0	0	
821568	Cerebelum_Crus1_L	0	0	0	0	0	0	0	0	0	0	0	0	0	0	0	0	0	0	0	0	0	0	0	0	0	0	0	0	0	0	0	0	0	0	0	0	0	0	0	0	0	0	0	0	0	0	10114	4592	0	0	0	0	448	1106	32550	3252	0	0	0	0	0	0	0	0	0	0	0	0	0	0	0	0	0	0	0	0	0	0	0	0	0	0	0	0	0	0	0	0	7102	0	0	22316	46730	10352	1084	1088	31846	6540	75602	23570	30052	2042	34890	6344	2464	870	544	0	276	974	9926	23000	18816	1062	778	454	
639076	Cerebelum_Crus1_R	0	0	0	0	0	0	0	0	0	0	0	0	0	0	0	0	0	0	0	0	0	0	0	0	0	0	0	0	0	0	0	0	0	0	0	0	0	0	0	0	0	0	0	0	0	0	456	3540	0	0	0	0	0	414	1476	23412	0	0	0	0	0	0	0	0	0	0	0	0	0	0	0	0	0	0	0	0	0	0	0	0	0	0	0	0	0	0	0	0	0	1958	22316	0	11826	41912	320	3950	3496	19422	12990	61302	9026	15092	14342	26894	1150	1968	0	286	0	2628	5900	12742	17882	1984	854	0	
397556	Cerebelum_Crus2_L	0	0	0	0	0	0	0	0	0	0	0	0	0	0	0	0	0	0	0	0	0	0	0	0	0	0	0	0	0	0	0	0	0	0	0	0	0	0	0	0	0	0	0	0	0	0	174	514	0	0	0	0	0	110	776	412	0	0	0	0	0	0	0	0	0	0	0	0	0	0	0	0	0	0	0	0	0	0	0	0	0	0	0	0	0	0	0	0	1638	0	46730	11826	0	15378	0	0	974	200	7658	7624	37244	6962	27774	5704	430	166	0	0	0	0	494	6136	17812	1890	152	0	
397636	Cerebelum_Crus2_R	0	0	0	0	0	0	0	0	0	0	0	0	0	0	0	0	0	0	0	0	0	0	0	0	0	0	0	0	0	0	0	0	0	0	0	0	0	0	0	0	0	0	0	0	0	0	302	136	0	0	0	0	0	0	450	986	0	0	0	0	0	0	0	0	0	0	0	0	0	0	0	0	0	0	0	0	0	0	0	0	0	0	0	0	0	0	0	0	0	0	10352	41912	15378	0	0	308	566	820	3364	10212	13746	26816	13308	30354	324	1866	0	242	0	150	234	3296	19070	3862	764	0	
82828	Cerebelum_3_L	0	0	0	0	0	0	0	0	0	0	0	0	0	0	0	0	0	0	0	0	0	0	0	0	0	0	0	0	0	0	0	0	0	0	0	0	0	116	0	224	0	0	0	0	0	0	0	562	0	0	0	0	0	340	330	662	0	0	0	0	0	0	0	0	0	0	0	0	0	0	0	0	0	0	0	0	0	0	0	0	0	0	0	0	0	0	0	0	96	0	1084	320	0	0	0	1198	9914	1258	3040	2588	112	0	634	106	3868	1960	468	0	1118	3090	1518	2912	174	1684	1894	144	
115948	Cerebelum_3_R	0	0	0	0	0	0	0	0	0	0	0	0	0	0	0	0	0	0	0	0	0	0	0	0	0	0	0	0	0	0	0	0	0	0	0	0	0	0	104	96	0	0	0	0	0	0	0	604	0	0	0	0	0	0	0	1452	0	0	0	0	0	0	0	0	0	0	0	0	0	0	0	0	0	0	0	0	0	0	0	0	0	0	0	0	0	0	0	0	0	0	1088	3950	0	308	1198	0	3334	9520	2412	8770	220	124	1236	796	1972	2492	0	154	1022	7094	3028	2960	1072	840	1678	450	
452580	Cerebelum_4_5_L	0	0	0	0	0	0	0	0	0	0	0	0	0	0	0	0	0	0	0	0	0	0	0	0	0	0	0	0	0	0	0	0	0	0	0	0	0	150	136	330	0	0	0	0	0	0	7424	4746	0	0	0	0	216	2280	16886	3886	0	0	0	0	0	0	0	0	0	0	0	0	0	0	0	0	0	0	0	0	0	0	0	0	0	0	0	0	0	0	0	0	1638	0	31846	3496	974	566	9914	3334	0	8226	46872	11648	3050	152	7090	1780	8602	3554	1104	96	1596	4588	20740	9626	2418	1954	3268	2104	
369988	Cerebelum_4_5_R	0	0	0	0	0	0	0	0	0	0	0	0	0	0	0	0	0	0	0	0	0	0	0	0	0	0	0	0	0	0	0	0	0	0	0	0	0	632	0	1412	0	0	0	0	0	0	758	7954	0	0	0	0	150	3304	1944	18332	0	0	0	0	0	0	0	0	0	0	0	0	0	0	0	0	0	138	0	0	0	0	0	0	0	0	0	0	0	0	0	0	0	214	6540	19422	200	820	1258	9520	8226	0	10248	38144	738	286	3222	2670	2648	3004	0	360	354	6364	18908	9050	3100	1606	1946	1522	
711984	Cerebelum_6_L	0	0	0	0	0	0	0	0	0	0	0	0	0	0	0	0	0	0	0	0	0	0	0	0	0	0	0	0	0	0	0	0	0	0	0	0	0	138	90	334	0	0	0	0	0	0	12112	7662	0	0	102	0	642	2128	32240	4974	0	0	0	0	0	0	0	0	0	0	0	0	0	0	0	0	0	0	0	0	0	0	0	0	0	0	0	0	0	0	0	0	3926	0	75602	12990	7658	3364	3040	2412	46872	10248	0	24096	8130	556	17392	5136	7948	2304	1154	206	534	2342	16468	28448	10182	1722	2282	558	
731140	Cerebelum_6_R	0	0	0	0	0	0	0	0	0	0	0	0	0	0	0	0	0	0	0	0	0	0	0	0	0	0	0	0	0	0	0	0	0	0	0	0	0	238	0	432	0	0	0	108	0	0	980	13544	0	0	0	0	0	5572	2292	32830	0	0	0	0	0	0	0	0	0	0	0	0	0	0	0	0	0	0	0	0	0	0	0	0	0	0	0	0	0	0	0	0	0	264	23570	61302	7624	10212	2588	8770	11648	38144	24096	0	5774	3984	14150	12298	7276	5052	242	652	206	5908	14738	25468	16218	4210	4826	354	
385916	Cerebelum_7b_L	0	0	0	0	0	0	0	0	0	0	0	0	0	0	0	0	0	0	0	0	0	0	0	0	0	0	0	0	0	0	0	0	0	0	0	0	0	0	0	0	0	0	0	0	0	0	140	402	0	0	0	0	0	220	902	410	0	0	0	0	0	0	0	0	0	0	0	0	0	0	0	0	0	0	0	0	0	0	0	0	0	0	0	0	0	0	0	0	168	0	30052	9026	37244	13746	112	220	3050	738	8130	5774	0	7740	39762	8176	1466	608	822	0	0	152	1250	3506	14952	3712	478	0	
218924	Cerebelum_7b_R	0	0	0	0	0	0	0	0	0	0	0	0	0	0	0	0	0	0	0	0	0	0	0	0	0	0	0	0	0	0	0	0	0	0	0	0	0	0	0	0	0	0	0	0	0	0	0	0	0	0	0	0	0	0	0	600	0	0	0	0	0	0	0	0	0	0	0	0	0	0	0	0	0	0	0	0	0	0	0	0	0	0	0	0	0	0	0	0	0	0	2042	15092	6962	26816	0	124	152	286	556	3984	7740	0	6766	25042	0	1028	0	146	0	96	114	240	7704	3794	178	0	
557992	Cerebelum_8_L	0	0	0	0	0	0	0	0	0	0	0	0	0	0	0	0	0	0	0	0	0	0	0	0	0	0	0	0	0	0	0	0	0	0	0	0	0	0	0	138	0	0	0	0	0	0	152	496	0	0	0	0	0	262	1228	826	0	0	0	0	0	0	0	0	0	0	0	0	0	0	0	0	0	0	0	0	0	0	0	0	0	0	0	0	0	0	0	0	94	0	34890	14342	27774	13308	634	1236	7090	3222	17392	14150	39762	6766	0	19148	20706	3646	2230	286	0	774	2132	6510	21980	13540	4282	0	
402656	Cerebelum_8_R	0	0	0	0	0	0	0	0	0	0	0	0	0	0	0	0	0	0	0	0	0	0	0	0	0	0	0	0	0	0	0	0	0	0	0	0	0	0	0	140	0	0	0	0	0	0	0	0	0	0	0	0	0	0	684	1100	0	0	0	0	0	0	0	0	0	0	0	0	0	0	0	0	0	0	0	0	0	0	0	0	0	0	0	0	0	0	0	0	0	0	6344	26894	5704	30354	106	796	1780	2670	5136	12298	8176	25042	19148	0	2284	19888	0	1022	0	578	594	1230	15190	10776	3252	142	
201680	Cerebelum_9_L	0	0	0	0	0	0	0	0	0	0	0	0	0	0	0	0	0	0	0	0	0	0	0	0	0	0	0	0	0	0	0	0	0	0	0	0	0	162	0	336	0	0	0	0	0	0	0	1566	0	0	0	0	0	878	748	1690	0	0	0	0	0	0	0	0	0	0	0	0	0	0	0	0	0	0	0	0	0	0	0	0	0	0	0	0	0	0	0	0	0	0	2464	1150	430	324	3868	1972	8602	2648	7948	7276	1466	0	20706	2284	0	4468	5318	200	248	1426	2012	8420	1444	4792	5122	872	
178456	Cerebelum_9_R	0	0	0	0	0	0	0	0	0	0	0	0	0	0	0	0	0	0	0	0	0	0	0	0	0	0	0	0	0	0	0	0	0	0	0	0	0	144	0	316	0	0	0	0	0	0	0	0	0	0	0	0	0	0	0	328	0	0	0	0	0	0	0	0	0	0	0	0	0	0	0	0	0	0	0	0	0	0	0	0	0	0	0	0	0	0	0	0	0	0	870	1968	166	1866	1960	2492	3554	3004	2304	5052	608	1028	3646	19888	4468	0	0	2740	482	1784	2708	5866	3868	6154	9232	2732	
25144	Cerebelum_10_L	0	0	0	0	0	0	0	0	0	0	0	0	0	0	0	0	0	0	0	0	0	0	0	0	0	0	0	0	0	0	0	0	0	0	0	0	0	0	0	0	0	0	0	0	0	0	0	0	0	0	0	0	0	0	322	0	0	0	0	0	0	0	0	0	0	0	0	0	0	0	0	0	0	0	0	0	0	0	0	0	0	0	0	0	0	0	0	0	0	0	544	0	0	0	468	0	1104	0	1154	242	822	0	2230	0	5318	0	0	0	0	0	0	168	200	0	0	0	
17608	Cerebelum_10_R	0	0	0	0	0	0	0	0	0	0	0	0	0	0	0	0	0	0	0	0	0	0	0	0	0	0	0	0	0	0	0	0	0	0	0	0	0	0	0	0	0	0	0	0	0	0	0	0	0	0	0	0	0	0	0	0	0	0	0	0	0	0	0	0	0	0	0	0	0	0	0	0	0	0	0	0	0	0	0	0	0	0	0	0	0	0	0	0	0	0	0	286	0	242	0	154	96	360	206	652	0	146	286	1022	200	2740	0	0	0	0	0	246	718	578	758	114	
28092	Vermis_1_2	0	0	0	0	0	0	0	0	0	0	0	0	0	0	0	0	0	0	0	0	0	0	0	0	0	0	0	0	0	0	0	0	0	0	0	0	0	0	0	0	0	0	0	0	0	0	0	0	0	0	0	0	0	0	0	0	0	0	0	0	0	0	0	0	0	0	0	0	0	0	0	0	0	0	0	0	0	0	0	0	0	0	0	0	0	0	0	0	0	0	276	0	0	0	1118	1022	1596	354	534	206	0	0	0	0	248	482	0	0	0	5588	1548	496	0	0	294	284	
109800	Vermis_3	0	0	0	0	0	0	0	0	0	0	0	0	0	0	0	0	0	0	0	0	0	0	0	0	0	0	0	0	0	0	0	0	0	0	0	0	0	0	140	0	0	0	0	0	0	0	0	184	0	0	0	0	0	0	0	946	0	0	0	0	0	0	0	0	0	0	0	0	0	0	0	0	0	0	0	0	0	0	0	0	0	0	0	0	0	0	0	0	0	0	974	2628	0	150	3090	7094	4588	6364	2342	5908	152	96	774	578	1426	1784	0	0	5588	0	5454	2186	626	428	1032	368	
299952	Vermis_4_5	0	0	0	0	0	0	0	0	0	0	0	0	0	0	0	0	0	0	0	0	0	0	0	0	0	0	0	0	0	0	0	0	0	0	0	0	0	0	0	0	0	0	0	0	0	0	3232	8904	0	0	0	0	110	3902	2516	8660	0	0	0	0	0	0	0	0	0	0	0	156	0	0	0	0	0	0	0	0	0	0	0	0	0	0	0	0	0	0	0	0	0	0	9926	5900	494	234	1518	3028	20740	18908	16468	14738	1250	114	2132	594	2012	2708	0	0	1548	5454	0	9124	666	0	1590	3350	
408048	Vermis_6	0	0	0	0	0	0	0	0	0	0	0	0	0	0	0	0	0	0	0	0	0	0	0	0	0	0	0	0	0	0	0	0	0	0	0	0	0	166	0	348	0	0	0	136	0	0	2860	8396	0	0	0	154	320	2044	4444	5676	0	0	0	0	0	0	0	0	0	0	0	0	0	0	0	0	0	0	0	0	0	0	0	0	0	0	0	0	0	0	0	0	0	0	23000	12742	6136	3296	2912	2960	9626	9050	28448	25468	3506	240	6510	1230	8420	5866	168	246	496	2186	9124	0	5998	3118	5608	3126	
389452	Vermis_7	0	0	0	0	0	0	0	0	0	0	0	0	0	0	0	0	0	0	0	0	0	0	0	0	0	0	0	0	0	0	0	0	0	0	0	0	0	0	0	146	0	0	0	0	0	0	688	880	0	0	0	0	0	148	1786	954	0	0	0	0	0	0	0	0	0	0	0	0	0	0	0	0	0	0	0	0	0	0	0	0	0	0	0	0	0	0	0	0	0	0	18816	17882	17812	19070	174	1072	2418	3100	10182	16218	14952	7704	21980	15190	1444	3868	200	718	0	626	666	5998	0	6218	3816	0	
