data	data	546372	308244	896004	596352	184064	80792	604104	259984	98840	52440	207336	274964	216640	245592	226672	146240	237660	129056	622744	688856	107060	142140	243420	287700	32256	62808	81740	94768	614436	363660	158456	318012	109148	498644	224200	202132	343384	491092	131376	356012	33320	103976	246600	296752	207376	323752	326624	312588	226624	294548	549156	293376	184036	151688	388740	479528	285816	160800	135188	75372	248844	84996	138388	103392	180388	126824	413972	436684	237084	95620	275668	484496	294636	527292	40728	65296	258608	274340	95828	42076	231564	176120	116428	106168	437648	275024	40952	31236	297844	280900	440072	519104	263820	239740	55688	80876	344028	313132	509732	503692	168872	48708	277108	223396	120444	117120	17556	21472	32844	79508	301380	221728	226796	107540	111008	32476	
data	data	Precentral_L	Precentral_R	Frontal_Sup_L	Frontal_Sup_R	Frontal_Sup_Orb_L	Frontal_Sup_Orb_R	Frontal_Mid_L	Frontal_Mid_R	Frontal_Mid_Orb_L	Frontal_Mid_Orb_R	Frontal_Inf_Oper_L	Frontal_Inf_Oper_R	Frontal_Inf_Tri_L	Frontal_Inf_Tri_R	Frontal_Inf_Orb_L	Frontal_Inf_Orb_R	Rolandic_Oper_L	Rolandic_Oper_R	Supp_Motor_Area_L	Supp_Motor_Area_R	Olfactory_L	Olfactory_R	Frontal_Sup_Medial_L	Frontal_Sup_Medial_R	Frontal_Med_Orb_L	Frontal_Med_Orb_R	Rectus_L	Rectus_R	Insula_L	Insula_R	Cingulum_Ant_L	Cingulum_Ant_R	Cingulum_Mid_L	Cingulum_Mid_R	Cingulum_Post_L	Cingulum_Post_R	Hippocampus_L	Hippocampus_R	ParaHippocampal_L	ParaHippocampal_R	Amygdala_L	Amygdala_R	Calcarine_L	Calcarine_R	Cuneus_L	Cuneus_R	Lingual_L	Lingual_R	Occipital_Sup_L	Occipital_Sup_R	Occipital_Mid_L	Occipital_Mid_R	Occipital_Inf_L	Occipital_Inf_R	Fusiform_L	Fusiform_R	Postcentral_L	Postcentral_R	Parietal_Sup_L	Parietal_Sup_R	Parietal_Inf_L	Parietal_Inf_R	SupraMarginal_L	SupraMarginal_R	Angular_L	Angular_R	Precuneus_L	Precuneus_R	Paracentral_Lobule_L	Paracentral_Lobule_R	Caudate_L	Caudate_R	Putamen_L	Putamen_R	Pallidum_L	Pallidum_R	Thalamus_L	Thalamus_R	Heschl_L	Heschl_R	Temporal_Sup_L	Temporal_Sup_R	Temporal_Pole_Sup_L	Temporal_Pole_Sup_R	Temporal_Mid_L	Temporal_Mid_R	Temporal_Pole_Mid_L	Temporal_Pole_Mid_R	Temporal_Inf_L	Temporal_Inf_R	Cerebelum_Crus1_L	Cerebelum_Crus1_R	Cerebelum_Crus2_L	Cerebelum_Crus2_R	Cerebelum_3_L	Cerebelum_3_R	Cerebelum_4_5_L	Cerebelum_4_5_R	Cerebelum_6_L	Cerebelum_6_R	Cerebelum_7b_L	Cerebelum_7b_R	Cerebelum_8_L	Cerebelum_8_R	Cerebelum_9_L	Cerebelum_9_R	Cerebelum_10_L	Cerebelum_10_R	Vermis_1_2	Vermis_3	Vermis_4_5	Vermis_6	Vermis_7	Vermis_8	Vermis_9	Vermis_10	
546372	Precentral_L	0	6328	17548	620	0	0	41644	0	0	0	12854	0	910	0	0	0	15286	0	10498	3372	0	0	94	0	0	0	0	0	16134	0	0	0	342	206	8026	4462	9562	2774	438	770	0	0	234	0	356	0	200	788	158	0	2250	0	256	0	98	0	37272	0	228	0	8280	0	2216	0	622	0	2578	804	20814	1914	442	656	4164	0	840	0	14732	4438	6696	0	3432	0	0	0	5430	0	0	0	1168	0	0	0	0	0	0	0	0	0	0	0	0	0	0	0	0	0	0	0	0	252	0	0	0	0	0	0	
308244	Precentral_R	6328	0	4922	11140	0	0	912	12946	0	0	0	11808	0	890	0	78	120	6008	2306	4498	0	0	0	0	0	0	0	0	306	5388	0	0	130	1826	1558	2816	524	10768	0	2974	0	0	0	270	0	386	0	550	0	278	0	182	0	578	0	1602	0	12966	0	212	0	3320	0	4948	0	396	264	1730	6622	4026	470	1944	86	6650	0	1008	2914	10184	0	512	0	872	0	0	0	950	0	0	0	1956	0	0	0	0	0	0	0	0	0	0	0	0	0	0	0	0	0	0	0	0	0	0	0	0	0	0	
896004	Frontal_Sup_L	17548	4922	0	5112	8046	0	70052	200	5770	0	16198	314	16396	266	15456	130	13684	0	74974	24874	162	0	29298	3758	252	0	0	0	33644	144	8516	2550	1586	7342	1380	904	3644	442	182	202	0	90	0	0	82	0	0	88	0	0	550	0	0	0	0	0	3486	98	92	0	258	0	0	0	164	0	422	0	4776	0	3300	13240	14252	352	4050	312	16536	14172	330	0	2554	0	666	0	108	0	0	0	76	0	0	0	0	0	0	0	0	0	0	0	0	0	0	0	0	0	0	0	0	0	0	0	0	0	0	0	
596352	Frontal_Sup_R	620	11140	5112	0	0	2806	1490	26286	0	432	340	12870	404	15862	0	1608	428	4140	8232	42248	0	212	7846	30738	110	3082	0	2724	2638	5246	2254	23484	160	19956	94	250	406	5324	0	2170	0	0	0	0	0	0	0	94	0	0	0	0	0	0	0	666	0	220	0	0	0	0	0	92	0	0	0	84	1112	0	7182	16194	1612	21802	0	3218	252	3772	0	286	82	294	0	0	0	94	0	0	0	408	0	0	0	0	0	0	0	0	0	0	0	0	0	0	0	0	0	0	0	0	0	0	0	0	0	0	
184064	Frontal_Sup_Orb_L	0	0	8046	0	0	0	4372	0	14648	0	0	0	1066	0	18838	0	0	0	0	0	5870	2366	1540	0	3904	86	8450	78	6022	0	3340	488	0	0	0	0	0	0	0	0	122	0	0	0	0	0	0	0	0	0	0	0	0	0	0	0	0	0	0	0	0	0	0	0	0	0	0	0	0	0	4842	2312	3754	374	0	0	0	0	0	0	0	0	1514	0	0	0	0	0	0	0	0	0	0	0	0	0	0	0	0	0	0	0	0	0	0	0	0	0	0	0	0	0	0	0	0	0	
80792	Frontal_Sup_Orb_R	0	0	0	2806	0	0	0	356	0	4326	0	0	0	0	0	4298	0	0	0	0	128	1556	0	1884	0	3162	0	6980	0	1442	0	2270	0	0	0	0	0	264	0	250	0	508	0	0	0	0	0	0	0	0	0	0	0	0	0	0	0	0	0	0	0	0	0	0	0	0	0	0	0	0	274	4786	222	4646	0	0	0	0	0	0	0	0	0	238	0	0	0	0	0	0	0	0	0	0	0	0	0	0	0	0	0	0	0	0	0	0	0	0	0	0	0	0	0	0	0	0	
604104	Frontal_Mid_L	41644	912	70052	1490	4372	0	0	0	4418	0	7926	0	28050	0	12504	0	7974	0	12470	4924	0	0	12586	650	0	0	0	0	20676	0	1428	320	706	2018	1380	230	4984	208	250	78	0	0	218	0	336	0	130	0	132	0	2224	0	110	0	0	0	18090	0	262	0	4850	0	1770	0	682	0	1340	0	1194	0	422	2564	6608	78	1268	94	6554	2700	3532	0	1638	0	0	0	2642	0	0	0	364	0	0	0	0	0	0	0	0	0	0	0	0	0	0	0	0	0	0	0	0	0	0	0	0	0	0	0	
259984	Frontal_Mid_R	0	12946	200	26286	0	356	0	0	0	1006	0	12840	0	16590	0	2964	0	3342	1062	10262	0	0	680	3050	0	0	0	0	156	5918	146	2872	0	4992	0	0	132	3062	0	1108	0	0	0	0	0	0	0	0	0	0	0	0	0	0	0	412	0	1346	0	0	0	340	0	596	0	0	0	0	0	0	3490	1384	172	9542	0	748	146	1346	0	106	0	134	0	0	0	0	0	0	0	260	0	0	0	0	0	0	0	0	0	0	0	0	0	0	0	0	0	0	0	0	0	0	0	0	0	0	
98840	Frontal_Mid_Orb_L	0	0	5770	0	14648	0	4418	0	0	0	0	0	1404	0	12992	0	0	0	0	0	1282	800	0	0	620	0	2632	0	1618	0	272	0	0	0	0	0	0	0	0	0	0	0	0	0	0	0	0	0	0	0	0	0	0	0	0	0	0	0	0	0	0	0	0	0	0	0	0	0	0	0	1492	636	836	0	0	0	0	0	0	0	0	0	0	0	0	0	0	0	0	0	0	0	0	0	0	0	0	0	0	0	0	0	0	0	0	0	0	0	0	0	0	0	0	0	0	0	
52440	Frontal_Mid_Orb_R	0	0	0	432	0	4326	0	1006	0	0	0	188	0	356	0	9144	0	78	0	96	0	920	0	134	0	0	0	452	0	1046	0	318	0	0	0	0	0	84	0	0	0	120	0	0	0	0	0	0	0	0	0	0	0	0	0	0	0	0	0	0	0	0	0	0	0	0	0	0	0	0	0	2876	0	4534	0	0	0	110	0	0	0	0	0	0	0	0	0	0	0	0	0	0	0	0	0	0	0	0	0	0	0	0	0	0	0	0	0	0	0	0	0	0	0	0	0	0	
207336	Frontal_Inf_Oper_L	12854	0	16198	340	0	0	7926	0	0	0	0	224	8484	224	374	0	14050	0	10876	950	0	0	946	0	0	0	0	0	16830	0	1764	144	0	1362	340	0	608	0	0	0	0	0	0	0	0	0	0	0	0	0	0	0	0	0	0	0	2936	0	0	0	0	0	0	0	0	0	272	0	0	0	80	0	200	0	0	0	0	0	1006	0	1980	0	2460	0	154	0	0	0	86	0	0	0	0	0	0	0	0	0	0	0	0	0	0	0	0	0	0	0	0	0	0	0	0	0	0	0	
274964	Frontal_Inf_Oper_R	0	11808	314	12870	0	0	0	12840	0	188	224	0	242	20648	0	256	0	7238	562	11076	0	0	328	1660	0	0	0	0	464	19510	0	2254	0	3582	0	98	88	3812	0	1400	0	0	0	94	0	0	0	0	0	0	0	0	0	164	0	1078	0	1970	0	0	0	186	0	320	0	0	0	174	0	0	1686	1672	144	12976	0	1358	120	1800	0	422	0	584	0	0	0	202	0	0	0	1070	0	0	0	0	0	0	0	0	0	0	0	0	0	0	0	0	0	0	0	0	0	0	0	0	0	0	
216640	Frontal_Inf_Tri_L	910	0	16396	404	1066	0	28050	0	1404	0	8484	242	0	254	11324	0	368	0	5264	1002	0	0	2988	0	0	0	0	0	25356	0	2134	120	170	1092	0	0	0	0	0	0	0	0	0	0	0	0	0	0	0	0	0	0	0	0	0	0	0	0	0	0	0	0	0	0	0	0	0	0	0	0	252	0	612	0	0	0	0	0	0	0	78	0	350	0	0	0	0	0	0	0	0	0	0	0	0	0	0	0	0	0	0	0	0	0	0	0	0	0	0	0	0	0	0	0	0	0	
245592	Frontal_Inf_Tri_R	0	890	266	15862	0	0	0	16590	0	356	224	20648	254	0	0	8532	0	898	1712	9042	0	0	1392	5880	0	0	0	0	416	13944	112	4492	100	7340	0	0	0	516	0	254	0	0	0	0	0	0	0	0	0	0	0	0	0	0	0	0	0	0	0	0	0	0	0	0	0	0	0	0	0	0	3530	3544	98	5240	0	228	232	204	0	0	0	0	0	0	0	0	0	0	0	0	0	0	0	0	0	0	0	0	0	0	0	0	0	0	0	0	0	0	0	0	0	0	0	0	0	0	
226672	Frontal_Inf_Orb_L	0	0	15456	0	18838	0	12504	0	12992	0	374	0	11324	0	0	0	0	0	598	132	4686	1770	666	0	838	0	3508	0	15682	0	814	0	80	158	0	0	0	0	0	0	114	0	0	0	0	0	0	0	0	0	0	0	0	0	0	0	0	0	0	0	0	0	0	0	0	0	0	0	0	0	3916	1418	5046	0	0	0	0	0	0	0	0	0	2422	0	0	0	0	0	0	0	0	0	0	0	0	0	0	0	0	0	0	0	0	0	0	0	0	0	0	0	0	0	0	0	0	0	
146240	Frontal_Inf_Orb_R	0	78	130	1608	0	4298	0	2964	0	9144	0	256	0	8532	0	0	0	276	86	646	102	2900	0	214	0	0	0	2868	0	11176	0	852	0	0	0	0	0	322	0	362	0	590	0	0	0	0	0	0	0	0	0	0	0	0	0	120	0	0	0	0	0	0	0	0	0	0	0	0	0	0	890	8382	178	10496	0	142	172	142	0	0	0	1674	0	2936	0	206	0	378	0	0	0	0	0	0	0	0	0	0	0	0	0	0	0	0	0	0	0	0	0	0	0	0	0	0	0	0	
237660	Rolandic_Oper_L	15286	120	13684	428	0	0	7974	0	0	0	14050	0	368	0	0	0	0	0	9942	1306	0	0	0	0	0	0	0	0	17244	0	0	0	120	1038	488	92	972	98	0	0	0	0	0	0	0	0	0	0	0	0	860	0	498	0	76	0	10984	0	336	0	1278	0	2378	0	228	0	326	0	344	0	166	0	250	0	104	0	266	100	3398	0	7492	0	2478	0	2724	0	0	0	1334	0	0	0	0	0	0	0	0	0	0	0	0	0	0	0	0	0	0	0	0	0	0	0	0	0	0	0	
129056	Rolandic_Oper_R	0	6008	0	4140	0	0	0	3342	0	78	0	7238	0	898	0	276	0	0	0	4298	0	0	0	0	0	0	0	0	0	15274	0	0	0	354	0	0	0	2360	0	390	0	0	0	0	0	0	0	0	0	0	0	0	0	238	0	502	0	5438	0	0	0	188	0	1740	0	184	0	0	0	0	284	226	0	2194	0	0	0	122	0	3970	0	3578	0	212	0	454	0	0	0	542	0	0	0	0	0	0	0	0	0	0	0	0	0	0	0	0	0	0	0	0	0	0	0	0	0	0	
622744	Supp_Motor_Area_L	10498	2306	74974	8232	0	0	12470	1062	0	0	10876	562	5264	1712	598	86	9942	0	0	46548	0	0	4096	5024	0	0	0	0	21210	354	3360	4752	6050	20204	908	400	2996	308	184	130	0	0	0	0	0	0	0	0	0	0	0	0	0	0	0	0	670	110	0	0	0	0	0	0	0	0	248	0	13308	640	4916	6286	9756	664	3592	322	6254	6888	0	0	2236	0	376	0	0	0	0	0	0	0	0	0	0	0	0	0	0	0	0	0	0	0	0	0	0	0	0	0	0	0	0	0	0	0	0	0	
688856	Supp_Motor_Area_R	3372	4498	24874	42248	0	0	4924	10262	0	96	950	11076	1002	9042	132	646	1306	4298	46548	0	0	0	1648	7126	0	0	0	0	8794	7836	958	5422	3948	48052	956	4452	3088	2300	314	1268	0	94	0	0	0	0	0	0	0	0	0	0	0	0	186	330	0	1270	0	0	0	0	0	0	0	0	0	370	7926	11478	9802	19374	5642	9738	78	2156	998	12264	0	236	396	210	310	0	0	0	0	0	0	134	0	0	0	0	0	0	0	0	0	0	0	0	0	0	0	0	0	0	0	0	0	0	0	0	0	0	
107060	Olfactory_L	0	0	162	0	5870	128	0	0	1282	0	0	0	0	0	4686	102	0	0	0	0	0	6478	0	0	1110	178	4826	526	4734	0	1758	1004	0	0	0	0	94	100	318	90	432	180	0	0	0	0	0	0	0	0	0	0	0	0	0	0	0	0	0	0	0	0	0	0	0	0	0	0	0	0	8154	4750	2498	980	0	0	0	0	0	0	106	0	2894	0	90	0	0	0	0	0	0	0	0	0	0	0	0	0	0	0	0	0	0	0	0	0	0	0	0	0	0	0	0	0	0	0	
142140	Olfactory_R	0	0	0	212	2366	1556	0	0	800	920	0	0	0	0	1770	2900	0	0	0	0	6478	0	0	150	338	654	3958	4112	152	2322	1810	2678	0	0	0	0	0	658	0	582	0	1384	0	0	0	0	0	0	0	0	0	0	0	0	0	0	0	0	0	0	0	0	0	0	0	0	0	0	0	0	9826	12026	5128	7242	0	560	0	0	0	0	0	0	120	368	0	0	0	0	0	0	0	0	0	0	0	0	0	0	0	0	0	0	0	0	0	0	0	0	0	0	0	0	0	0	0	0	
243420	Frontal_Sup_Medial_L	94	0	29298	7846	1540	0	12586	680	0	0	946	328	2988	1392	666	0	0	0	4096	1648	0	0	0	18008	1438	662	0	0	2900	436	10598	7872	2760	8274	0	0	0	0	0	0	0	0	0	0	0	0	0	0	0	0	0	0	0	0	0	0	0	0	0	0	0	0	0	0	0	0	0	0	0	0	110	292	3976	276	0	0	0	0	0	0	0	0	0	0	0	0	0	0	0	0	0	0	0	0	0	0	0	0	0	0	0	0	0	0	0	0	0	0	0	0	0	0	0	0	0	0	
287700	Frontal_Sup_Medial_R	0	0	3758	30738	0	1884	650	3050	0	134	0	1660	0	5880	0	214	0	0	5024	7126	0	150	18008	0	666	4846	0	1886	0	940	3532	25288	196	14182	0	0	0	0	0	0	0	0	0	0	0	0	0	0	0	0	0	0	0	0	0	0	0	0	0	0	0	0	0	0	0	0	0	0	0	0	566	6908	124	6440	0	0	0	0	0	0	0	0	0	0	0	0	0	0	0	0	0	0	0	0	0	0	0	0	0	0	0	0	0	0	0	0	0	0	0	0	0	0	0	0	0	0	
32256	Frontal_Med_Orb_L	0	0	252	110	3904	0	0	0	620	0	0	0	0	0	838	0	0	0	0	0	1110	338	1438	666	0	1042	2014	100	0	0	2398	214	0	0	0	0	0	0	0	0	0	0	0	0	0	0	0	0	0	0	0	0	0	0	0	0	0	0	0	0	0	0	0	0	0	0	0	0	0	0	672	192	220	0	0	0	0	0	0	0	0	0	0	0	0	0	0	0	0	0	0	0	0	0	0	0	0	0	0	0	0	0	0	0	0	0	0	0	0	0	0	0	0	0	0	0	
62808	Frontal_Med_Orb_R	0	0	0	3082	86	3162	0	0	0	0	0	0	0	0	0	0	0	0	0	0	178	654	662	4846	1042	0	188	5536	0	0	766	3842	0	0	0	0	0	0	0	0	0	0	0	0	0	0	0	0	0	0	0	0	0	0	0	0	0	0	0	0	0	0	0	0	0	0	0	0	0	0	224	3524	444	3168	0	0	0	0	0	0	0	0	0	0	0	0	0	0	0	0	0	0	0	0	0	0	0	0	0	0	0	0	0	0	0	0	0	0	0	0	0	0	0	0	0	0	
81740	Rectus_L	0	0	0	0	8450	0	0	0	2632	0	0	0	0	0	3508	0	0	0	0	0	4826	3958	0	0	2014	188	0	206	182	0	2866	1296	0	0	0	0	0	0	0	0	0	104	0	0	0	0	0	0	0	0	0	0	0	0	0	0	0	0	0	0	0	0	0	0	0	0	0	0	0	0	4390	3926	1024	1216	0	0	0	0	0	0	0	0	84	0	0	0	0	0	0	0	0	0	0	0	0	0	0	0	0	0	0	0	0	0	0	0	0	0	0	0	0	0	0	0	0	0	
94768	Rectus_R	0	0	0	2724	78	6980	0	0	0	452	0	0	0	0	0	2868	0	0	0	0	526	4112	0	1886	100	5536	206	0	0	1350	128	4374	0	0	0	0	0	348	0	322	0	694	0	0	0	0	0	0	0	0	0	0	0	0	0	0	0	0	0	0	0	0	0	0	0	0	0	0	0	0	902	6706	698	6250	0	0	0	0	0	0	0	0	0	144	0	0	0	0	0	0	0	0	0	0	0	0	0	0	0	0	0	0	0	0	0	0	0	0	0	0	0	0	0	0	0	0	
614436	Insula_L	16134	306	33644	2638	6022	0	20676	156	1618	0	16830	464	25356	416	15682	0	17244	0	21210	8794	4734	152	2900	0	0	0	182	0	0	126	3780	436	376	5698	2036	500	15456	484	1780	122	2032	0	0	0	0	0	154	112	0	0	1594	0	344	0	2834	0	5762	0	0	0	1050	0	238	0	110	0	1282	0	1118	0	5996	186	19624	0	0	0	1670	476	8246	0	9800	0	7888	0	6338	0	0	0	4412	0	0	0	0	0	0	0	0	0	0	0	0	0	0	0	0	0	0	0	0	0	0	0	0	0	0	0	
363660	Insula_R	0	5388	144	5246	0	1442	0	5918	0	1046	0	19510	0	13944	0	11176	0	15274	354	7836	0	2322	436	940	0	0	0	1350	126	0	0	580	0	1728	0	166	0	10570	0	3910	0	1722	0	188	0	0	0	0	0	0	0	0	0	418	0	4332	0	3962	0	0	0	76	0	730	0	0	0	282	0	0	1724	4648	178	25764	0	826	126	604	0	2904	0	9720	0	7566	0	1738	0	482	0	4434	0	0	0	0	0	0	0	0	0	0	0	0	0	0	0	0	0	0	0	0	0	0	0	0	0	0	
158456	Cingulum_Ant_L	0	0	8516	2254	3340	0	1428	146	272	0	1764	0	2134	112	814	0	0	0	3360	958	1758	1810	10598	3532	2398	766	2866	128	3780	0	0	9178	2922	1860	0	0	0	0	0	0	0	0	0	0	0	0	0	0	0	0	0	0	0	0	0	0	0	0	0	0	0	0	0	0	0	0	0	0	0	0	1746	3168	5720	1900	0	0	0	0	0	0	0	0	0	0	0	0	0	0	0	0	0	0	0	0	0	0	0	0	0	0	0	0	0	0	0	0	0	0	0	0	0	0	0	0	0	0	
318012	Cingulum_Ant_R	0	0	2550	23484	488	2270	320	2872	0	318	144	2254	120	4492	0	852	0	0	4752	5422	1004	2678	7872	25288	214	3842	1296	4374	436	580	9178	0	558	17186	0	0	0	84	0	0	0	140	0	0	0	0	0	0	0	0	0	0	0	0	0	0	0	0	0	0	0	0	0	0	0	0	0	0	0	0	1428	16590	1244	14676	0	0	0	0	0	0	0	0	0	0	0	0	0	0	0	0	0	0	0	0	0	0	0	0	0	0	0	0	0	0	0	0	0	0	0	0	0	0	0	0	0	0	
109148	Cingulum_Mid_L	342	130	1586	160	0	0	706	0	0	0	0	0	170	100	80	0	120	0	6050	3948	0	0	2760	196	0	0	0	0	376	0	2922	558	0	9422	4370	574	188	0	0	0	0	0	110	0	188	252	0	0	726	192	868	84	0	0	0	0	128	94	754	134	138	0	0	0	0	0	5590	2328	6646	1036	0	0	0	0	0	0	0	0	236	0	0	0	0	0	312	0	0	0	0	0	0	0	0	0	0	0	0	0	0	0	0	0	0	0	0	0	0	0	0	0	0	0	0	0	0	0	
498644	Cingulum_Mid_R	206	1826	7342	19956	0	0	2018	4992	0	0	1362	3582	1092	7340	158	0	1038	354	20204	48052	0	0	8274	14182	0	0	0	0	5698	1728	1860	17186	9422	0	2164	7194	1042	182	84	78	0	0	0	1758	82	5114	0	0	534	4656	0	2970	0	218	0	234	0	2456	0	622	0	0	0	0	0	192	4852	14878	1160	9626	6220	666	2120	754	0	0	0	0	0	0	310	0	512	0	0	566	0	0	0	206	0	0	0	0	0	0	0	0	0	0	0	0	0	0	0	0	0	0	0	0	0	0	0	0	0	0	
224200	Cingulum_Post_L	8026	1558	1380	94	0	0	1380	0	0	0	340	0	0	0	0	0	488	0	908	956	0	0	0	0	0	0	0	0	2036	0	0	0	4370	2164	0	9514	11912	3814	892	1150	0	0	4474	208	2006	164	944	1386	678	108	2326	0	0	0	80	0	1442	78	186	0	478	0	514	0	584	0	14982	3470	11102	1204	0	0	116	0	0	0	7284	4674	652	0	404	0	0	0	1432	0	0	0	142	0	0	0	0	0	0	0	0	0	0	0	0	0	0	0	0	0	0	0	0	0	0	0	0	0	0	0	
202132	Cingulum_Post_R	4462	2816	904	250	0	0	230	0	0	0	0	98	0	0	0	0	92	0	400	4452	0	0	0	0	0	0	0	0	500	166	0	0	574	7194	9514	0	2958	9118	160	2842	0	0	0	2896	86	1656	0	3830	108	974	0	1162	0	440	0	598	0	1310	0	0	0	0	0	0	0	0	2286	13752	3830	5302	0	0	0	156	0	0	7790	6980	0	0	0	0	0	0	0	282	0	0	0	712	0	0	0	0	0	0	0	0	0	0	0	0	0	0	0	0	0	0	0	0	186	0	0	0	0	0	
343384	Hippocampus_L	9562	524	3644	406	0	0	4984	132	0	0	608	88	0	0	0	0	972	0	2996	3088	94	0	0	0	0	0	0	0	15456	0	0	0	188	1042	11912	2958	0	2646	16856	738	6752	0	6574	0	2062	0	6178	868	184	0	2708	0	228	0	12122	0	832	0	0	0	318	0	84	0	462	0	11126	666	2304	0	1790	0	11550	0	1172	0	7222	2326	2382	0	2648	0	752	0	2200	0	220	0	6292	0	0	0	0	0	0	0	490	0	184	0	0	0	0	0	0	0	0	0	0	102	0	0	0	0	0	0	
491092	Hippocampus_R	2774	10768	442	5324	0	264	208	3062	0	84	0	3812	0	516	0	322	98	2360	308	2300	100	658	0	0	0	0	0	348	484	10570	0	84	0	182	3814	9118	2646	0	160	45624	0	14620	0	2592	0	478	0	9274	0	240	0	856	0	3860	0	31348	0	1442	0	0	0	170	0	624	0	566	0	7860	2202	184	376	982	218	20232	0	3696	4222	7988	0	1064	0	3046	0	2152	0	4980	0	182	0	11642	0	120	0	0	0	102	0	1226	0	350	0	0	0	0	0	0	0	0	0	0	222	0	0	0	0	0	
131376	ParaHippocampal_L	438	0	182	0	0	0	250	0	0	0	0	0	0	0	0	0	0	0	184	314	318	0	0	0	0	0	0	0	1780	0	0	0	0	84	892	160	16856	160	0	94	2738	0	1562	0	416	0	8242	186	96	0	2620	0	1954	0	10620	0	0	0	0	0	92	0	0	0	150	0	1982	162	0	0	164	0	1672	0	0	0	1816	0	0	0	284	0	2718	0	1198	0	1654	0	2042	0	124	0	0	0	134	0	858	0	378	0	0	0	0	0	0	0	0	0	0	114	0	0	0	0	0	0	
356012	ParaHippocampal_R	770	2974	202	2170	0	250	78	1108	0	0	0	1400	0	254	0	362	0	390	130	1268	90	582	0	0	0	0	0	322	122	3910	0	0	0	78	1150	2842	738	45624	94	0	0	11858	0	1086	0	160	0	9488	0	140	0	714	0	4874	0	30148	0	200	0	0	0	0	0	76	0	498	0	4072	450	0	274	804	160	11430	0	2232	1418	3490	0	242	0	2022	0	4988	0	4402	0	3808	0	7374	0	558	0	0	0	156	0	2590	0	1014	0	0	0	116	0	0	0	0	0	0	138	0	118	0	0	0	
33320	Amygdala_L	0	0	0	0	122	0	0	0	0	0	0	0	0	0	114	0	0	0	0	0	432	0	0	0	0	0	0	0	2032	0	0	0	0	0	0	0	6752	0	2738	0	0	0	0	0	0	0	0	0	0	0	0	0	0	0	2578	0	0	0	0	0	0	0	0	0	0	0	0	0	0	0	0	0	480	0	0	0	0	0	0	0	0	0	990	0	0	0	82	0	340	0	0	0	0	0	0	0	0	0	0	0	0	0	0	0	0	0	0	0	0	0	0	0	0	0	0	0	
103976	Amygdala_R	0	0	90	0	0	508	0	0	0	120	0	0	0	0	0	590	0	0	0	94	180	1384	0	0	0	0	104	694	0	1722	0	140	0	0	0	0	0	14620	0	11858	0	0	0	0	0	0	0	0	0	0	0	0	0	0	0	6352	0	0	0	0	0	0	0	0	0	0	0	0	0	0	536	1482	274	3606	0	0	0	142	0	0	0	200	0	4206	0	184	0	1128	0	1026	0	0	0	0	0	0	0	616	0	132	0	0	0	0	0	0	0	0	0	0	0	0	0	0	0	0	
246600	Calcarine_L	234	0	0	0	0	0	218	0	0	0	0	0	0	0	0	0	0	0	0	0	0	0	0	0	0	0	0	0	0	0	0	0	110	0	4474	0	6574	0	1562	0	0	0	0	6708	15058	6112	12302	1798	10724	2840	23670	950	2444	0	1416	288	426	0	158	0	574	0	368	0	950	0	16568	420	310	0	0	0	0	0	0	0	0	0	148	0	106	0	0	0	2474	0	0	0	186	0	0	334	0	0	0	0	246	442	106	366	0	0	0	76	0	232	0	0	0	0	902	114	0	0	0	312	
296752	Calcarine_R	0	270	0	0	0	0	0	0	0	0	0	94	0	0	0	0	0	0	0	0	0	0	0	0	0	0	0	0	0	188	0	0	0	1758	208	2896	0	2592	0	1086	0	0	6708	0	5358	24054	540	17654	856	21008	312	18502	0	5542	0	8268	0	782	0	94	0	0	0	0	0	0	1130	20376	0	196	0	0	0	96	0	0	0	0	0	84	0	158	0	0	0	3630	0	0	0	3568	0	0	0	0	0	0	0	118	0	0	0	0	0	0	0	0	0	0	0	0	250	0	0	0	0	0	
207376	Cuneus_L	356	0	82	0	0	0	336	0	0	0	0	0	0	0	0	0	0	0	0	0	0	0	0	0	0	0	0	0	0	0	0	0	188	82	2006	86	2062	0	416	0	0	0	15058	5358	0	10374	1712	418	18184	4016	14290	684	662	0	1196	128	468	0	732	0	654	0	172	0	878	0	16924	3332	370	0	0	0	0	0	0	0	0	0	86	0	84	0	0	0	1988	0	0	0	306	0	0	0	0	0	0	0	0	0	0	0	0	0	0	0	0	0	0	0	0	0	0	0	0	0	0	0	
323752	Cuneus_R	0	386	0	0	0	0	0	0	0	0	0	0	0	0	0	0	0	0	0	0	0	0	0	0	0	0	0	0	0	0	0	0	252	5114	164	1656	0	478	0	160	0	0	6112	24054	10374	0	142	4896	3484	38722	774	16542	0	1958	0	1822	0	832	896	3866	0	162	0	0	0	556	7990	28116	0	308	0	0	0	0	0	0	0	0	0	0	0	0	0	0	0	1404	0	0	0	656	0	0	0	0	0	0	0	0	0	0	0	0	0	0	0	0	0	0	0	0	0	0	0	0	0	0	
326624	Lingual_L	200	0	0	0	0	0	130	0	0	0	0	0	0	0	0	0	0	0	0	0	0	0	0	0	0	0	0	0	154	0	0	0	0	0	944	0	6178	0	8242	0	0	0	12302	540	1712	142	0	4226	4592	98	25866	90	10620	160	20694	878	0	0	0	0	166	0	142	0	246	0	4582	0	0	0	0	0	112	0	0	0	1030	0	0	0	160	0	0	0	1162	0	0	0	880	0	3528	4050	98	0	338	238	12040	6218	10166	5092	0	0	126	0	80	602	0	0	96	218	10206	2592	822	0	0	554	
312588	Lingual_R	788	550	88	94	0	0	0	0	0	0	0	0	0	0	0	0	0	0	0	0	0	0	0	0	0	0	0	0	112	0	0	0	0	0	1386	3830	868	9274	186	9488	0	0	1798	17654	418	4896	4226	0	154	6086	756	6106	1234	5864	3124	16908	0	0	0	0	0	0	0	0	0	0	0	8510	452	0	0	0	0	148	0	0	1598	1580	0	0	0	0	0	0	0	618	0	0	0	846	2282	1498	0	134	122	598	4560	7610	8384	5632	0	0	156	0	232	0	0	0	0	156	8774	5886	450	0	98	82	
226624	Occipital_Sup_L	158	0	0	0	0	0	132	0	0	0	0	0	0	0	0	0	0	0	0	0	0	0	0	0	0	0	0	0	0	0	0	0	726	534	678	108	184	0	96	0	0	0	10724	856	18184	3484	4592	154	0	1398	27300	864	774	0	1670	0	468	0	9382	104	3544	0	108	0	1026	0	18724	3886	184	0	0	0	0	0	0	0	0	0	0	0	0	0	0	0	2668	92	0	0	136	0	0	0	0	0	0	0	96	90	90	0	0	0	0	0	0	0	0	0	0	0	98	0	0	0	0	0	
294548	Occipital_Sup_R	0	278	0	0	0	0	0	0	0	0	0	0	0	0	0	0	0	0	0	0	0	0	0	0	0	0	0	0	0	0	0	0	192	4656	108	974	0	240	0	140	0	0	2840	21008	4016	38722	98	6086	1398	0	122	24490	0	2478	0	2250	0	878	534	4292	0	558	0	0	0	2860	4178	20140	0	196	0	0	0	0	0	0	0	0	0	86	0	176	0	0	0	1638	0	0	0	1642	0	0	0	0	0	0	0	0	0	0	0	0	0	0	0	0	0	0	0	0	0	0	0	0	0	0	
549156	Occipital_Mid_L	2250	0	550	0	0	0	2224	0	0	0	0	0	0	0	0	0	860	0	0	0	0	0	0	0	0	0	0	0	1594	0	0	0	868	0	2326	0	2708	0	2620	0	0	0	23670	312	14290	774	25866	756	27300	122	0	0	24058	0	17938	116	4830	0	8802	0	15218	0	4474	0	19644	0	19844	920	2242	0	0	0	0	0	0	0	332	0	2904	0	2024	0	0	0	28480	0	0	0	8026	0	140	218	0	0	0	0	1516	1132	1088	314	0	0	0	0	0	0	0	0	0	0	1228	0	0	0	0	0	
293376	Occipital_Mid_R	0	182	0	0	0	0	0	0	0	0	0	0	0	0	0	0	0	0	0	0	0	0	0	0	0	0	0	0	0	0	0	0	84	2970	0	1162	0	856	0	714	0	0	950	18502	684	16542	90	6106	864	24490	0	0	0	6680	0	6036	0	1574	274	1446	0	1222	0	1542	0	12458	2596	15534	0	0	0	0	0	0	0	0	0	0	0	94	0	2304	0	0	0	16266	0	0	0	4296	0	0	0	0	0	0	0	82	0	0	0	0	0	0	0	0	0	0	0	0	88	0	0	0	0	0	
184036	Occipital_Inf_L	256	0	0	0	0	0	110	0	0	0	0	0	0	0	0	0	498	0	0	0	0	0	0	0	0	0	0	0	344	0	0	0	0	0	0	0	228	0	1954	0	0	0	2444	0	662	0	10620	1234	774	0	24058	0	0	0	18254	0	336	0	100	0	588	0	2280	0	1934	0	590	0	0	0	0	0	0	0	0	0	0	0	446	0	1072	0	0	0	7900	0	0	0	8420	0	322	0	0	0	0	0	1784	1178	2134	76	0	0	0	0	0	0	0	0	0	0	1282	140	0	0	0	0	
151688	Occipital_Inf_R	0	578	0	0	0	0	0	0	0	0	0	164	0	0	0	0	0	238	0	0	0	0	0	0	0	0	0	0	0	418	0	0	0	218	0	440	0	3860	0	4874	0	0	0	5542	0	1958	160	5864	0	2478	0	6680	0	0	0	18670	0	252	0	0	0	94	0	104	0	0	0	3074	0	154	0	0	0	114	0	0	0	0	0	354	0	778	0	0	0	2428	0	0	0	13682	0	0	0	0	0	0	238	856	0	882	0	0	0	0	0	0	0	0	0	0	692	0	0	0	0	0	
388740	Fusiform_L	98	0	0	0	0	0	0	0	0	0	0	0	0	0	0	0	76	0	0	186	0	0	0	0	0	0	0	0	2834	0	0	0	0	0	80	0	12122	0	10620	0	2578	0	1416	0	1196	0	20694	3124	1670	0	17938	0	18254	0	0	114	90	0	0	0	102	0	158	0	248	0	336	0	0	0	0	0	1560	0	0	0	134	0	92	0	2658	0	2762	0	4560	0	1410	0	15566	0	17078	218	3696	0	0	0	14826	2422	25198	628	556	0	1816	0	298	0	0	0	0	0	3520	1352	86	0	0	0	
479528	Fusiform_R	0	1602	0	666	0	0	0	412	0	0	0	1078	0	0	0	120	0	502	0	330	0	0	0	0	0	0	0	0	0	4332	0	0	0	234	0	598	0	31348	0	30148	0	6352	288	8268	128	1822	878	16908	0	2250	116	6036	0	18670	114	0	0	396	0	0	0	118	0	148	0	544	0	4566	0	160	0	0	0	5370	0	1108	0	486	0	418	0	3848	0	5252	0	10942	0	1026	0	24764	884	9662	0	338	0	110	1264	9802	1490	15464	0	0	0	334	116	122	0	0	0	0	4614	2450	462	78	152	76	
285816	Postcentral_L	37272	0	3486	0	0	0	18090	0	0	0	2936	0	0	0	0	0	10984	0	670	0	0	0	0	0	0	0	0	0	5762	0	0	0	128	0	1442	0	832	0	0	0	0	0	426	0	468	0	0	0	468	0	4830	0	336	0	90	0	0	0	8166	0	22398	0	5264	0	2240	0	4508	0	2006	0	0	0	0	0	0	0	548	0	2488	0	2766	0	0	0	3476	0	0	0	828	0	0	0	0	0	0	0	0	0	0	0	0	0	0	0	0	0	0	0	0	0	0	0	0	0	0	0	
160800	Postcentral_R	0	12966	98	220	0	0	0	1346	0	0	0	1970	0	0	0	0	0	5438	110	1270	0	0	0	0	0	0	0	0	0	3962	0	0	94	2456	78	1310	0	1442	0	200	0	0	0	782	0	832	0	0	0	878	0	1574	0	252	0	396	0	0	0	4164	0	7458	0	13772	0	1114	178	3796	204	4754	0	256	0	1152	0	300	0	290	0	744	0	1772	0	0	0	2152	0	0	0	620	0	0	0	0	0	0	0	0	0	0	0	0	0	0	0	0	0	0	0	0	0	0	0	0	0	0	
135188	Parietal_Sup_L	228	0	92	0	0	0	262	0	0	0	0	0	0	0	0	0	336	0	0	0	0	0	0	0	0	0	0	0	0	0	0	0	754	0	186	0	0	0	0	0	0	0	158	0	732	896	0	0	9382	534	8802	274	100	0	0	0	8166	0	0	136	14406	0	464	0	2266	0	14204	3912	350	0	0	0	0	0	0	0	0	0	0	0	0	0	0	0	874	0	0	0	80	0	0	0	0	0	0	0	0	0	0	0	0	0	0	0	0	0	0	0	0	0	0	0	0	0	0	0	
75372	Parietal_Sup_R	0	212	0	0	0	0	0	0	0	0	0	0	0	0	0	0	0	0	0	0	0	0	0	0	0	0	0	0	0	0	0	0	134	622	0	0	0	0	0	0	0	0	0	94	0	3866	0	0	104	4292	0	1446	0	0	0	0	0	4164	136	0	0	3546	0	454	0	4058	3046	10952	0	350	0	0	0	0	0	0	0	0	0	0	0	0	0	0	0	210	0	0	0	0	0	0	0	0	0	0	0	0	0	0	0	0	0	0	0	0	0	0	0	0	0	0	0	0	0	0	
248844	Parietal_Inf_L	8280	0	258	0	0	0	4850	0	0	0	0	0	0	0	0	0	1278	0	0	0	0	0	0	0	0	0	0	0	1050	0	0	0	138	0	478	0	318	0	92	0	0	0	574	0	654	0	166	0	3544	0	15218	0	588	0	102	0	22398	0	14406	0	0	0	13422	0	20980	0	2602	0	184	0	0	0	0	0	0	0	186	0	378	0	1542	0	0	0	9044	0	0	0	1692	0	0	0	0	0	0	0	0	0	0	0	0	0	0	0	0	0	0	0	0	0	0	0	0	0	0	0	
84996	Parietal_Inf_R	0	3320	0	0	0	0	0	340	0	0	0	186	0	0	0	0	0	188	0	0	0	0	0	0	0	0	0	0	0	76	0	0	0	0	0	0	0	170	0	0	0	0	0	0	0	162	0	0	0	558	0	1222	0	94	0	118	0	7458	0	3546	0	0	0	11584	0	9052	112	374	0	0	0	178	0	130	0	0	0	0	0	234	0	644	0	0	0	1166	0	0	0	1586	0	0	0	0	0	0	0	0	0	0	0	0	0	0	0	0	0	0	0	0	0	0	0	0	0	0	
138388	SupraMarginal_L	2216	0	0	0	0	0	1770	0	0	0	0	0	0	0	0	0	2378	0	0	0	0	0	0	0	0	0	0	0	238	0	0	0	0	0	514	0	84	0	0	0	0	0	368	0	172	0	142	0	108	0	4474	0	2280	0	158	0	5264	0	464	0	13422	0	0	0	12718	0	830	0	0	0	0	0	0	0	0	0	0	0	0	0	5610	0	0	0	12604	0	0	0	3380	0	0	0	0	0	0	0	0	0	0	0	0	0	0	0	0	0	0	0	0	0	0	0	0	0	0	0	
103392	SupraMarginal_R	0	4948	0	92	0	0	0	596	0	0	0	320	0	0	0	0	0	1740	0	0	0	0	0	0	0	0	0	0	0	730	0	0	0	0	0	0	0	624	0	76	0	0	0	0	0	0	0	0	0	0	0	1542	0	104	0	148	0	13772	0	454	0	11584	0	0	0	5210	0	166	0	0	0	0	0	180	0	96	0	78	0	246	0	4084	0	0	0	2548	0	0	0	2358	0	0	0	0	0	0	0	0	0	0	0	0	0	0	0	0	0	0	0	0	0	0	0	0	0	0	
180388	Angular_L	622	0	164	0	0	0	682	0	0	0	0	0	0	0	0	0	228	0	0	0	0	0	0	0	0	0	0	0	110	0	0	0	0	0	584	0	462	0	150	0	0	0	950	0	878	0	246	0	1026	0	19644	0	1934	0	248	0	2240	0	2266	0	20980	0	12718	0	0	0	1976	0	424	0	0	0	0	0	0	0	82	0	144	0	1710	0	0	0	16228	0	0	0	3498	0	0	0	0	0	0	0	0	0	0	0	0	0	0	0	0	0	0	0	0	0	0	0	0	0	0	0	
126824	Angular_R	0	396	0	0	0	0	0	0	0	0	0	0	0	0	0	0	0	184	0	0	0	0	0	0	0	0	0	0	0	0	0	0	0	192	0	0	0	566	0	498	0	0	0	0	0	556	0	0	0	2860	0	12458	0	0	0	544	0	1114	0	4058	0	9052	0	5210	0	0	306	1242	0	0	0	0	0	0	0	0	0	0	0	0	0	5920	0	0	0	13442	0	0	0	4814	0	0	0	0	0	0	0	0	0	0	0	0	0	0	0	0	0	0	0	0	0	0	0	0	0	0	
413972	Precuneus_L	2578	264	422	0	0	0	1340	0	0	0	272	0	0	0	0	0	326	0	248	0	0	0	0	0	0	0	0	0	1282	0	0	0	5590	4852	14982	2286	11126	0	1982	0	0	0	16568	1130	16924	7990	4582	0	18724	4178	19844	2596	590	0	336	0	4508	178	14204	3046	2602	112	830	0	1976	306	0	24280	6630	478	0	0	80	0	0	0	832	0	666	0	424	0	0	0	3984	344	0	0	494	0	0	0	0	0	0	0	0	0	0	0	0	0	0	0	0	0	0	0	0	0	0	0	0	0	0	0	
436684	Precuneus_R	804	1730	0	84	0	0	0	0	0	0	0	174	0	0	0	0	0	0	0	370	0	0	0	0	0	0	0	0	0	282	0	0	2328	14878	3470	13752	666	7860	162	4072	0	0	420	20376	3332	28116	0	8510	3886	20140	920	15534	0	3074	0	4566	0	3796	3912	10952	0	374	0	166	0	1242	24280	0	812	2698	0	0	0	204	0	0	1542	864	0	0	0	160	0	0	198	4348	0	0	0	2744	0	0	0	0	0	0	0	156	0	0	0	0	0	0	0	0	0	0	0	0	388	0	0	0	0	0	
237084	Paracentral_Lobule_L	20814	6622	4776	1112	0	0	1194	0	0	0	0	0	0	0	0	0	344	0	13308	7926	0	0	0	0	0	0	0	0	1118	0	0	0	6646	1160	11102	3830	2304	2202	0	450	0	0	310	0	370	0	0	452	184	0	2242	0	0	0	0	0	2006	204	350	0	184	0	0	0	424	0	6630	812	0	2878	384	1526	676	0	774	0	6662	4718	562	0	94	0	0	0	1192	0	0	0	0	0	0	0	0	0	0	0	0	0	0	0	0	0	0	0	0	0	0	0	0	0	0	0	0	0	0	0	
95620	Paracentral_Lobule_R	1914	4026	0	0	0	0	0	0	0	0	0	0	0	0	0	0	0	0	640	11478	0	0	0	0	0	0	0	0	0	0	0	0	1036	9626	1204	5302	0	184	0	0	0	0	0	196	0	308	0	0	0	196	0	0	0	154	0	160	0	4754	0	350	0	0	0	0	0	0	478	2698	2878	0	0	0	0	0	0	0	0	0	0	0	0	0	0	0	0	0	0	0	0	228	0	0	0	0	0	0	0	0	0	0	0	0	0	0	0	0	0	0	0	0	0	0	0	0	0	0	
275668	Caudate_L	442	470	3300	7182	4842	274	422	3490	1492	0	80	1686	252	3530	3916	890	166	284	4916	9802	8154	9826	110	566	672	224	4390	902	5996	1724	1746	1428	0	6220	0	0	1790	376	164	274	0	536	0	0	0	0	0	0	0	0	0	0	0	0	0	0	0	0	0	0	0	0	0	0	0	0	0	0	384	0	0	13082	13368	6226	1260	2012	7002	604	0	0	0	0	1362	0	0	0	0	0	0	0	0	0	0	0	0	0	0	0	0	0	0	0	0	0	0	0	0	0	0	0	0	0	0	0	0	0	
484496	Caudate_R	656	1944	13240	16194	2312	4786	2564	1384	636	2876	0	1672	0	3544	1418	8382	0	226	6286	19374	4750	12026	292	6908	192	3524	3926	6706	186	4648	3168	16590	0	666	0	0	0	982	0	804	0	1482	0	0	0	0	0	0	0	0	0	0	0	0	0	0	0	256	0	0	0	178	0	0	0	0	0	0	1526	0	13082	0	5920	37882	0	3856	3790	21086	0	0	0	0	110	218	0	0	0	0	0	0	0	0	0	0	0	0	0	0	0	0	0	0	0	0	0	0	0	0	0	0	0	0	0	0	0	0	
294636	Putamen_L	4164	86	14252	1612	3754	222	6608	172	836	0	200	144	612	98	5046	178	250	0	9756	5642	2498	5128	3976	124	220	444	1024	698	19624	178	5720	1244	0	2120	116	0	11550	218	1672	160	480	274	0	0	0	0	112	0	0	0	0	0	0	0	1560	0	0	0	0	0	0	0	0	0	0	0	80	0	676	0	13368	5920	0	2758	5206	1056	2968	0	0	0	514	0	984	0	178	0	84	0	754	0	0	0	0	0	0	0	0	0	0	0	0	0	0	0	0	0	0	0	0	0	0	0	0	0	0	0	
527292	Putamen_R	0	6650	352	21802	374	4646	78	9542	0	4534	0	12976	0	5240	0	10496	0	2194	664	9738	980	7242	276	6440	0	3168	1216	6250	0	25764	1900	14676	0	754	0	156	0	20232	0	11430	0	3606	0	96	0	0	0	148	0	0	0	0	0	114	0	5370	0	1152	0	0	0	130	0	180	0	0	0	204	0	0	6226	37882	2758	0	0	6570	0	3434	0	542	0	1026	0	1418	0	580	0	192	0	2248	0	0	0	0	0	0	0	0	0	0	0	0	0	0	0	0	0	0	0	0	0	0	0	0	0	0	
40728	Pallidum_L	840	0	4050	0	0	0	1268	0	0	0	0	0	0	0	0	0	104	0	3592	78	0	0	0	0	0	0	0	0	0	0	0	0	0	0	0	0	1172	0	0	0	0	0	0	0	0	0	0	0	0	0	0	0	0	0	0	0	0	0	0	0	0	0	0	0	0	0	0	0	774	0	1260	0	5206	0	0	0	2020	0	0	0	0	0	0	0	0	0	0	0	0	0	0	0	0	0	0	0	0	0	0	0	0	0	0	0	0	0	0	0	0	0	0	0	0	0	0	0	
65296	Pallidum_R	0	1008	312	3218	0	0	94	748	0	0	0	1358	0	228	0	142	0	0	322	2156	0	560	0	0	0	0	0	0	0	826	0	0	0	0	0	0	0	3696	0	2232	0	0	0	0	0	0	0	0	0	0	0	0	0	0	0	1108	0	300	0	0	0	0	0	96	0	0	0	0	0	0	2012	3856	1056	6570	0	0	0	362	0	0	0	184	0	204	0	0	0	0	0	0	0	0	0	0	0	0	0	0	0	0	0	0	0	0	0	0	0	0	0	0	0	0	0	0	0	0	
258608	Thalamus_L	14732	2914	16536	252	0	0	6554	146	0	0	0	120	0	232	0	172	266	0	6254	998	0	0	0	0	0	0	0	0	1670	126	0	0	0	0	7284	7790	7222	4222	1816	1418	0	0	0	0	0	0	1030	1598	0	0	332	0	0	0	134	0	548	0	0	0	186	0	0	0	82	0	832	1542	6662	0	7002	3790	2968	0	2020	0	0	18418	0	0	394	0	0	0	270	0	0	0	238	0	0	0	0	0	86	0	0	0	0	0	0	0	0	0	0	0	0	0	0	448	0	0	0	0	0	0	
274340	Thalamus_R	4438	10184	14172	3772	0	0	2700	1346	0	110	0	1800	0	204	0	142	100	122	6888	12264	0	0	0	0	0	0	0	0	476	604	0	0	0	0	4674	6980	2326	7988	0	3490	0	142	0	0	0	0	0	1580	0	0	0	0	0	0	0	486	0	290	0	0	0	0	0	78	0	0	0	864	4718	0	604	21086	0	3434	0	362	18418	0	0	0	0	0	0	0	0	0	0	0	0	226	0	0	0	0	0	0	0	0	0	0	0	0	0	0	0	0	0	0	0	102	0	0	0	0	0	0	
95828	Heschl_L	6696	0	330	0	0	0	3532	0	0	0	1006	0	0	0	0	0	3398	0	0	0	0	0	0	0	0	0	0	0	8246	0	0	0	236	0	652	0	2382	0	0	0	0	0	148	0	86	0	0	0	0	0	2904	0	446	0	92	0	2488	0	0	0	378	0	0	0	144	0	666	0	562	0	0	0	0	0	0	0	0	0	0	0	4232	0	0	0	6902	0	0	0	2388	0	0	0	0	0	0	0	0	0	0	0	0	0	0	0	0	0	0	0	0	0	0	0	0	0	0	0	
42076	Heschl_R	0	512	0	286	0	0	0	106	0	0	0	422	0	0	0	0	0	3970	0	236	0	0	0	0	0	0	0	0	0	2904	0	0	0	0	0	0	0	1064	0	242	0	0	0	84	0	0	0	0	0	86	0	94	0	354	0	418	0	744	0	0	0	234	0	246	0	0	0	0	0	0	0	0	0	542	0	0	0	0	0	0	0	6558	0	142	0	498	0	0	0	1296	0	0	0	0	0	0	0	0	0	0	0	0	0	0	0	0	0	0	0	0	0	0	0	0	0	0	
231564	Temporal_Sup_L	3432	0	2554	82	0	0	1638	0	0	0	1980	0	78	0	0	0	7492	0	2236	396	106	0	0	0	0	0	0	0	9800	0	0	0	0	310	404	0	2648	0	284	0	0	0	106	0	84	0	160	0	0	0	2024	0	1072	0	2658	0	2766	0	0	0	1542	0	5610	0	1710	0	424	0	94	0	0	0	514	0	0	0	394	0	4232	0	0	0	5782	0	32452	0	272	0	20446	0	0	0	0	0	0	0	0	0	0	0	0	0	0	0	0	0	0	0	0	0	0	0	0	0	0	0	
176120	Temporal_Sup_R	0	872	0	294	0	0	0	134	0	0	0	584	0	0	0	1674	0	3578	0	210	0	0	0	0	0	0	0	0	0	9720	0	0	0	0	0	0	0	3046	0	2022	0	200	0	158	0	0	0	0	0	176	0	2304	0	778	0	3848	0	1772	0	0	0	644	0	4084	0	5920	0	160	0	0	0	0	0	1026	0	184	0	0	0	6558	0	0	0	7194	0	21942	0	524	0	8454	0	0	0	0	0	0	0	0	0	0	0	0	0	0	0	0	0	0	0	0	0	0	0	0	0	0	
116428	Temporal_Pole_Sup_L	0	0	666	0	1514	0	0	0	0	0	2460	0	350	0	2422	0	2478	0	376	310	2894	120	0	0	0	0	84	0	7888	0	0	0	0	512	0	0	752	0	2718	0	990	0	0	0	0	0	0	0	0	0	0	0	0	0	2762	0	0	0	0	0	0	0	0	0	0	0	0	0	0	0	1362	110	984	0	0	0	0	0	0	0	5782	0	0	0	8900	0	5590	0	6190	0	0	0	0	0	0	0	0	0	0	0	0	0	0	0	0	0	0	0	0	0	0	0	0	0	0	0	
106168	Temporal_Pole_Sup_R	0	0	0	0	0	238	0	0	0	0	0	0	0	0	0	2936	0	212	0	0	0	368	0	0	0	0	0	144	0	7566	0	0	0	0	0	0	0	2152	0	4988	0	4206	0	0	0	0	0	0	0	0	0	0	0	0	0	5252	0	0	0	0	0	0	0	0	0	0	0	0	0	0	0	218	0	1418	0	204	0	0	0	142	0	7194	0	0	0	6212	0	5590	0	4044	0	0	0	0	0	0	0	0	0	0	0	0	0	0	0	0	0	0	0	0	0	0	0	0	0	0	
437648	Temporal_Mid_L	5430	0	108	0	0	0	2642	0	0	0	154	0	0	0	0	0	2724	0	0	0	90	0	0	0	0	0	0	0	6338	0	0	0	312	0	1432	0	2200	0	1198	0	0	0	2474	0	1988	0	1162	0	2668	0	28480	0	7900	0	4560	0	3476	0	874	0	9044	0	12604	0	16228	0	3984	198	1192	0	0	0	178	0	0	0	270	0	6902	0	32452	0	8900	0	0	0	5584	0	45078	0	0	0	0	0	0	0	0	0	0	0	0	0	0	0	0	0	0	0	0	0	0	0	0	0	0	0	
275024	Temporal_Mid_R	0	950	0	94	0	0	0	0	0	0	0	202	0	0	0	206	0	454	0	0	0	0	0	0	0	0	0	0	0	1738	0	0	0	566	0	282	0	4980	0	4402	0	184	0	3630	0	1404	0	618	92	1638	0	16266	0	2428	0	10942	0	2152	0	210	0	1166	0	2548	0	13442	344	4348	0	0	0	0	0	580	0	0	0	0	0	498	0	21942	0	6212	0	0	0	1600	0	31394	0	0	0	0	0	0	0	0	0	0	0	0	0	0	0	0	0	0	0	0	0	0	0	0	0	0	
40952	Temporal_Pole_Mid_L	0	0	0	0	0	0	0	0	0	0	0	0	0	0	0	0	0	0	0	0	0	0	0	0	0	0	0	0	0	0	0	0	0	0	0	0	220	0	1654	0	82	0	0	0	0	0	0	0	0	0	0	0	0	0	1410	0	0	0	0	0	0	0	0	0	0	0	0	0	0	0	0	0	84	0	0	0	0	0	0	0	272	0	5590	0	5584	0	0	0	5580	0	0	0	0	0	0	0	0	0	0	0	0	0	0	0	0	0	0	0	0	0	0	0	0	0	0	0	
31236	Temporal_Pole_Mid_R	0	0	0	0	0	0	0	0	0	0	0	0	0	0	0	378	0	0	0	0	0	0	0	0	0	0	0	0	0	482	0	0	0	0	0	0	0	182	0	3808	0	1128	0	0	0	0	0	0	0	0	0	0	0	0	0	1026	0	0	0	0	0	0	0	0	0	0	0	0	0	0	0	0	0	192	0	0	0	0	0	0	0	524	0	5590	0	1600	0	0	0	708	0	0	0	0	0	0	0	0	0	0	0	0	0	0	0	0	0	0	0	0	0	0	0	0	0	0	
297844	Temporal_Inf_L	1168	0	76	0	0	0	364	0	0	0	86	0	0	0	0	0	1334	0	0	0	0	0	0	0	0	0	0	0	4412	0	0	0	0	0	142	0	6292	0	2042	0	340	0	186	0	306	0	880	0	136	0	8026	0	8420	0	15566	0	828	0	80	0	1692	0	3380	0	3498	0	494	0	0	0	0	0	754	0	0	0	238	0	2388	0	20446	0	6190	0	45078	0	5580	0	0	0	4056	0	1672	0	0	0	142	0	1644	0	532	0	454	0	0	0	0	0	0	0	0	0	0	0	0	0	
280900	Temporal_Inf_R	0	1956	0	408	0	0	0	260	0	0	0	1070	0	0	0	0	0	542	0	134	0	0	0	0	0	0	0	0	0	4434	0	0	0	206	0	712	0	11642	0	7374	0	1026	0	3568	0	656	0	846	0	1642	0	4296	0	13682	0	24764	0	620	0	0	0	1586	0	2358	0	4814	0	2744	0	228	0	0	0	2248	0	0	0	226	0	1296	0	8454	0	4044	0	31394	0	708	0	0	0	392	0	0	0	0	0	0	0	120	0	0	0	0	0	0	0	0	0	0	0	0	0	0	0	0	
440072	Cerebelum_Crus1_L	0	0	0	0	0	0	0	0	0	0	0	0	0	0	0	0	0	0	0	0	0	0	0	0	0	0	0	0	0	0	0	0	0	0	0	0	0	0	124	0	0	0	0	0	0	0	3528	2282	0	0	140	0	322	0	17078	884	0	0	0	0	0	0	0	0	0	0	0	0	0	0	0	0	0	0	0	0	0	0	0	0	0	0	0	0	0	0	0	0	4056	0	0	4702	33394	3888	1548	460	21346	2628	57264	5422	10396	1416	20990	512	6428	90	1130	0	378	800	5542	5992	5772	410	1006	108	
519104	Cerebelum_Crus1_R	0	0	0	0	0	0	0	0	0	0	0	0	0	0	0	0	0	0	0	0	0	0	0	0	0	0	0	0	0	0	0	0	0	0	0	0	0	120	0	558	0	0	334	0	0	0	4050	1498	0	0	218	0	0	0	218	9662	0	0	0	0	0	0	0	0	0	0	0	0	0	0	0	0	0	0	0	0	0	0	0	0	0	0	0	0	0	0	0	0	0	392	4702	0	1768	28914	1152	6972	5584	26752	6664	65766	870	1020	2086	22660	1470	7494	136	1734	896	4326	14168	13812	13256	3438	6190	672	
263820	Cerebelum_Crus2_L	0	0	0	0	0	0	0	0	0	0	0	0	0	0	0	0	0	0	0	0	0	0	0	0	0	0	0	0	0	0	0	0	0	0	0	0	0	0	0	0	0	0	0	0	0	0	98	0	0	0	0	0	0	0	3696	0	0	0	0	0	0	0	0	0	0	0	0	0	0	0	0	0	0	0	0	0	0	0	0	0	0	0	0	0	0	0	0	0	1672	0	33394	1768	0	6370	82	0	1818	0	12870	1042	21040	2582	25378	1884	4658	244	0	0	0	0	116	2460	7604	2612	522	0	
239740	Cerebelum_Crus2_R	0	0	0	0	0	0	0	0	0	0	0	0	0	0	0	0	0	0	0	0	0	0	0	0	0	0	0	0	0	0	0	0	0	0	0	0	0	0	0	0	0	0	0	0	0	0	0	134	0	0	0	0	0	0	0	338	0	0	0	0	0	0	0	0	0	0	0	0	0	0	0	0	0	0	0	0	0	0	0	0	0	0	0	0	0	0	0	0	0	0	3888	28914	6370	0	0	78	0	218	2058	6618	4450	6372	4318	24566	720	5144	0	492	0	80	384	3144	12730	4884	3398	572	
55688	Cerebelum_3_L	0	0	0	0	0	0	0	0	0	0	0	0	0	0	0	0	0	0	0	0	0	0	0	0	0	0	0	0	0	0	0	0	0	0	0	0	0	0	134	0	0	0	0	0	0	0	338	122	0	0	0	0	0	0	0	0	0	0	0	0	0	0	0	0	0	0	0	0	0	0	0	0	0	0	0	0	86	0	0	0	0	0	0	0	0	0	0	0	0	0	1548	1152	82	0	0	596	8508	692	2402	1268	0	0	220	0	826	0	94	0	1976	4382	3312	106	0	0	0	0	
80876	Cerebelum_3_R	0	0	0	0	0	0	0	0	0	0	0	0	0	0	0	0	0	0	0	0	0	0	0	0	0	0	0	0	0	0	0	0	0	0	0	0	0	102	0	156	0	0	0	0	0	0	238	598	0	0	0	0	0	0	0	110	0	0	0	0	0	0	0	0	0	0	0	0	0	0	0	0	0	0	0	0	0	0	0	0	0	0	0	0	0	0	0	0	0	0	460	6972	0	78	596	0	1180	8914	492	10806	0	0	0	156	0	650	0	0	930	5520	1774	250	108	0	246	102	
344028	Cerebelum_4_5_L	0	0	0	0	0	0	0	0	0	0	0	0	0	0	0	0	0	0	0	0	0	0	0	0	0	0	0	0	0	0	0	0	0	0	0	0	490	0	858	0	0	0	246	0	0	0	12040	4560	96	0	1516	0	1784	238	14826	1264	0	0	0	0	0	0	0	0	0	0	0	0	0	0	0	0	0	0	0	0	0	0	0	0	0	0	0	0	0	0	0	0	142	0	21346	5584	1818	0	8508	1180	0	10476	36596	6966	924	0	3722	0	4954	302	954	0	1994	4126	21690	2042	0	0	0	772	
313132	Cerebelum_4_5_R	0	0	0	0	0	0	0	0	0	0	0	0	0	0	0	0	0	0	0	0	0	0	0	0	0	0	0	0	0	0	0	0	0	0	0	0	0	1226	0	2590	0	616	442	118	0	0	6218	7610	90	0	1132	82	1178	856	2422	9802	0	0	0	0	0	0	0	0	0	0	0	156	0	0	0	0	0	0	0	0	0	0	0	0	0	0	0	0	0	0	0	0	0	0	2628	26752	0	218	692	8914	10476	0	6410	37364	0	0	438	852	382	680	108	102	120	2568	20094	1442	800	330	454	204	
509732	Cerebelum_6_L	0	0	0	0	0	0	0	0	0	0	0	0	0	0	0	0	0	0	0	0	0	0	0	0	0	0	0	0	0	0	0	0	0	0	0	0	184	0	378	0	0	0	106	0	0	0	10166	8384	90	0	1088	0	2134	0	25198	1490	0	0	0	0	0	0	0	0	0	0	0	0	0	0	0	0	0	0	0	0	0	0	0	0	0	0	0	0	0	0	0	0	1644	0	57264	6664	12870	2058	2402	492	36596	6410	0	8934	6876	208	17722	2040	6714	388	1484	0	412	960	12728	12758	4694	1176	1968	186	
503692	Cerebelum_6_R	0	0	0	0	0	0	0	0	0	0	0	0	0	0	0	0	0	0	0	0	0	0	0	0	0	0	0	0	0	0	0	0	0	0	0	0	0	350	0	1014	0	132	366	0	0	0	5092	5632	0	0	314	0	76	882	628	15464	0	0	0	0	0	0	0	0	0	0	0	0	0	0	0	0	0	0	0	0	0	0	0	0	0	0	0	0	0	0	0	0	0	120	5422	65766	1042	6618	1268	10806	6966	37364	8934	0	668	0	1362	9040	1096	5408	150	1908	922	5212	18440	16120	9586	2516	4688	474	
168872	Cerebelum_7b_L	0	0	0	0	0	0	0	0	0	0	0	0	0	0	0	0	0	0	0	0	0	0	0	0	0	0	0	0	0	0	0	0	0	0	0	0	0	0	0	0	0	0	0	0	0	0	0	0	0	0	0	0	0	0	556	0	0	0	0	0	0	0	0	0	0	0	0	0	0	0	0	0	0	0	0	0	0	0	0	0	0	0	0	0	0	0	0	0	532	0	10396	870	21040	4450	0	0	924	0	6876	668	0	2274	18134	2882	2496	190	228	0	0	0	0	1588	6068	3816	448	0	
48708	Cerebelum_7b_R	0	0	0	0	0	0	0	0	0	0	0	0	0	0	0	0	0	0	0	0	0	0	0	0	0	0	0	0	0	0	0	0	0	0	0	0	0	0	0	0	0	0	0	0	0	0	0	0	0	0	0	0	0	0	0	0	0	0	0	0	0	0	0	0	0	0	0	0	0	0	0	0	0	0	0	0	0	0	0	0	0	0	0	0	0	0	0	0	0	0	1416	1020	2582	6372	0	0	0	0	208	0	2274	0	1478	2954	0	174	0	0	0	0	0	106	3250	2520	0	0	
277108	Cerebelum_8_L	0	0	0	0	0	0	0	0	0	0	0	0	0	0	0	0	0	0	0	0	0	0	0	0	0	0	0	0	0	0	0	0	0	0	0	0	0	0	0	0	0	0	0	0	0	0	126	156	0	0	0	0	0	0	1816	0	0	0	0	0	0	0	0	0	0	0	0	0	0	0	0	0	0	0	0	0	0	0	0	0	0	0	0	0	0	0	0	0	454	0	20990	2086	25378	4318	220	0	3722	438	17722	1362	18134	1478	0	5058	12392	578	1042	0	0	0	794	3630	7610	6970	1976	104	
223396	Cerebelum_8_R	0	0	0	0	0	0	0	0	0	0	0	0	0	0	0	0	0	0	0	0	0	0	0	0	0	0	0	0	0	0	0	0	0	0	0	0	0	0	0	116	0	0	76	0	0	0	0	0	0	0	0	0	0	0	0	334	0	0	0	0	0	0	0	0	0	0	0	0	0	0	0	0	0	0	0	0	0	0	0	0	0	0	0	0	0	0	0	0	0	0	512	22660	1884	24566	0	156	0	852	2040	9040	2882	2954	5058	0	1286	9102	0	1064	0	106	386	2744	10792	6212	5732	1144	
120444	Cerebelum_9_L	0	0	0	0	0	0	0	0	0	0	0	0	0	0	0	0	0	0	0	0	0	0	0	0	0	0	0	0	0	0	0	0	0	0	0	0	0	0	0	0	0	0	0	0	0	0	80	232	0	0	0	0	0	0	298	116	0	0	0	0	0	0	0	0	0	0	0	0	0	0	0	0	0	0	0	0	0	0	0	0	0	0	0	0	0	0	0	0	0	0	6428	1470	4658	720	826	0	4954	382	6714	1096	2496	0	12392	1286	0	898	2816	0	186	272	2632	2240	1932	1832	2724	542	
117120	Cerebelum_9_R	0	0	0	0	0	0	0	0	0	0	0	0	0	0	0	0	0	0	0	0	0	0	0	0	0	0	0	0	0	0	0	0	0	0	0	0	0	0	0	0	0	0	232	0	0	0	602	0	0	0	0	0	0	0	0	122	0	0	0	0	0	0	0	0	0	0	0	0	0	0	0	0	0	0	0	0	0	0	0	0	0	0	0	0	0	0	0	0	0	0	90	7494	244	5144	0	650	302	680	388	5408	190	174	578	9102	898	0	0	1736	526	442	1926	4460	4390	2382	7164	3236	
17556	Cerebelum_10_L	0	0	0	0	0	0	0	0	0	0	0	0	0	0	0	0	0	0	0	0	0	0	0	0	0	0	0	0	0	0	0	0	0	0	0	0	0	0	0	0	0	0	0	0	0	0	0	0	0	0	0	0	0	0	0	0	0	0	0	0	0	0	0	0	0	0	0	0	0	0	0	0	0	0	0	0	0	0	0	0	0	0	0	0	0	0	0	0	0	0	1130	136	0	0	94	0	954	108	1484	150	228	0	1042	0	2816	0	0	0	0	0	228	408	0	0	0	0	
21472	Cerebelum_10_R	0	0	0	0	0	0	0	0	0	0	0	0	0	0	0	0	0	0	0	0	0	0	0	0	0	0	0	0	0	0	0	0	0	0	0	0	0	0	0	0	0	0	0	0	0	0	0	0	0	0	0	0	0	0	0	0	0	0	0	0	0	0	0	0	0	0	0	0	0	0	0	0	0	0	0	0	0	0	0	0	0	0	0	0	0	0	0	0	0	0	0	1734	0	492	0	0	0	102	0	1908	0	0	0	1064	0	1736	0	0	0	0	0	948	690	452	1276	334	
32844	Vermis_1_2	0	0	0	0	0	0	0	0	0	0	0	0	0	0	0	0	0	0	0	0	0	0	0	0	0	0	0	0	0	0	0	0	0	0	0	0	0	0	0	0	0	0	0	0	0	0	96	0	0	0	0	0	0	0	0	0	0	0	0	0	0	0	0	0	0	0	0	0	0	0	0	0	0	0	0	0	0	0	0	0	0	0	0	0	0	0	0	0	0	0	378	896	0	0	1976	930	1994	120	412	922	0	0	0	0	186	526	0	0	0	5438	2086	172	0	0	170	120	
79508	Vermis_3	252	0	0	0	0	0	0	0	0	0	0	0	0	0	0	0	0	0	0	0	0	0	0	0	0	0	0	0	0	0	0	0	0	0	0	0	102	0	114	0	0	0	0	0	0	0	218	156	0	0	0	0	0	0	0	0	0	0	0	0	0	0	0	0	0	0	0	0	0	0	0	0	0	0	0	0	448	102	0	0	0	0	0	0	0	0	0	0	0	0	800	4326	0	80	4382	5520	4126	2568	960	5212	0	0	0	106	272	442	0	0	5438	0	3710	192	0	0	148	80	
301380	Vermis_4_5	0	0	0	0	0	0	0	0	0	0	0	0	0	0	0	0	0	0	0	0	0	0	0	0	0	0	0	0	0	0	0	0	0	0	0	186	0	222	0	138	0	0	902	250	0	0	10206	8774	98	0	1228	88	1282	692	3520	4614	0	0	0	0	0	0	0	0	0	0	0	388	0	0	0	0	0	0	0	0	0	0	0	0	0	0	0	0	0	0	0	0	0	0	5542	14168	116	384	3312	1774	21690	20094	12728	18440	0	0	794	386	2632	1926	228	0	2086	3710	0	5406	170	0	276	2240	
