data	data	557488	394324	873044	739020	172492	112608	501268	423048	72868	41332	214036	200704	261396	219372	184912	107456	342800	204032	647724	571832	64852	73336	340300	344156	47904	93888	53400	46236	716364	420576	231800	368204	163832	417788	125864	183248	453664	503416	253088	365384	78080	72420	233060	400084	202228	474564	360236	367544	230024	422252	558956	288656	285124	99320	578192	631432	391620	299704	270316	223056	272052	123492	178104	148556	158836	212952	332068	567688	205648	268228	217184	325332	364652	426896	56524	50888	214368	272668	180576	73068	303864	228916	119948	94764	380160	301852	24948	21504	407272	348108	493968	359192	281524	261548	72496	86304	371040	270516	519208	442580	215992	133188	336388	313768	120216	207500	40056	32660	46024	63660	183784	201532	187464	185048	147572	33948	
data	data	Precentral_L	Precentral_R	Frontal_Sup_L	Frontal_Sup_R	Frontal_Sup_Orb_L	Frontal_Sup_Orb_R	Frontal_Mid_L	Frontal_Mid_R	Frontal_Mid_Orb_L	Frontal_Mid_Orb_R	Frontal_Inf_Oper_L	Frontal_Inf_Oper_R	Frontal_Inf_Tri_L	Frontal_Inf_Tri_R	Frontal_Inf_Orb_L	Frontal_Inf_Orb_R	Rolandic_Oper_L	Rolandic_Oper_R	Supp_Motor_Area_L	Supp_Motor_Area_R	Olfactory_L	Olfactory_R	Frontal_Sup_Medial_L	Frontal_Sup_Medial_R	Frontal_Med_Orb_L	Frontal_Med_Orb_R	Rectus_L	Rectus_R	Insula_L	Insula_R	Cingulum_Ant_L	Cingulum_Ant_R	Cingulum_Mid_L	Cingulum_Mid_R	Cingulum_Post_L	Cingulum_Post_R	Hippocampus_L	Hippocampus_R	ParaHippocampal_L	ParaHippocampal_R	Amygdala_L	Amygdala_R	Calcarine_L	Calcarine_R	Cuneus_L	Cuneus_R	Lingual_L	Lingual_R	Occipital_Sup_L	Occipital_Sup_R	Occipital_Mid_L	Occipital_Mid_R	Occipital_Inf_L	Occipital_Inf_R	Fusiform_L	Fusiform_R	Postcentral_L	Postcentral_R	Parietal_Sup_L	Parietal_Sup_R	Parietal_Inf_L	Parietal_Inf_R	SupraMarginal_L	SupraMarginal_R	Angular_L	Angular_R	Precuneus_L	Precuneus_R	Paracentral_Lobule_L	Paracentral_Lobule_R	Caudate_L	Caudate_R	Putamen_L	Putamen_R	Pallidum_L	Pallidum_R	Thalamus_L	Thalamus_R	Heschl_L	Heschl_R	Temporal_Sup_L	Temporal_Sup_R	Temporal_Pole_Sup_L	Temporal_Pole_Sup_R	Temporal_Mid_L	Temporal_Mid_R	Temporal_Pole_Mid_L	Temporal_Pole_Mid_R	Temporal_Inf_L	Temporal_Inf_R	Cerebelum_Crus1_L	Cerebelum_Crus1_R	Cerebelum_Crus2_L	Cerebelum_Crus2_R	Cerebelum_3_L	Cerebelum_3_R	Cerebelum_4_5_L	Cerebelum_4_5_R	Cerebelum_6_L	Cerebelum_6_R	Cerebelum_7b_L	Cerebelum_7b_R	Cerebelum_8_L	Cerebelum_8_R	Cerebelum_9_L	Cerebelum_9_R	Cerebelum_10_L	Cerebelum_10_R	Vermis_1_2	Vermis_3	Vermis_4_5	Vermis_6	Vermis_7	Vermis_8	Vermis_9	Vermis_10	
557488	Precentral_L	0	2392	18578	360	84	0	28276	96	0	0	13230	0	2926	0	1450	0	14246	0	5658	10512	0	0	252	0	0	0	0	0	19994	0	302	0	102	3358	1380	1040	9314	1062	1238	968	0	0	180	94	212	160	168	458	300	0	2928	0	3934	0	3776	0	38832	176	1884	0	6214	0	3346	0	276	0	506	578	18346	7642	5398	914	8212	0	1192	0	17406	2770	7386	0	3274	0	112	0	2224	0	0	0	2930	0	98	0	0	0	0	0	0	0	0	0	0	0	0	0	0	0	0	0	0	0	0	0	0	0	0	0	
394324	Precentral_R	2392	0	874	18058	0	0	224	20082	0	0	0	4300	0	544	0	216	0	4080	2044	4780	0	0	0	0	0	0	0	0	126	4930	0	0	0	322	120	518	778	11958	606	3884	0	0	0	2256	0	2586	234	492	0	2024	0	1100	0	360	152	8760	134	24482	0	932	0	2824	0	7016	0	1312	0	4540	1244	6342	518	8418	176	3158	0	848	3656	19818	0	752	0	2124	0	884	0	1732	0	0	0	7184	0	0	0	0	0	0	82	0	0	0	0	0	0	0	0	0	0	0	0	186	0	0	0	0	0	0	
873044	Frontal_Sup_L	18578	874	0	9848	12676	0	62742	1416	1554	0	10162	86	17126	232	7010	0	8824	0	79782	11708	0	0	38002	4038	1604	0	898	0	31934	0	14334	3258	3648	3850	0	94	6564	108	1858	0	0	0	0	0	0	98	0	0	0	0	0	0	222	0	2602	0	2812	0	118	0	164	0	0	0	0	0	0	226	886	598	17432	2836	25854	1364	5852	0	11604	2588	428	0	4304	0	844	0	778	0	0	0	1888	0	0	0	0	0	0	0	216	0	0	0	0	0	0	0	0	0	0	0	0	0	0	0	0	0	0	0	
739020	Frontal_Sup_R	360	18058	9848	0	0	5480	2474	53078	0	1166	0	8742	112	14854	0	2606	0	4032	8414	45678	0	0	13782	39930	194	2988	0	284	116	11418	5562	26454	1960	18286	138	214	96	5280	0	2214	0	0	0	508	0	500	0	116	0	424	0	270	0	174	0	3906	100	1886	0	292	0	114	0	970	0	596	0	1022	0	700	658	14654	328	14036	0	2938	318	12024	0	1008	0	3164	0	436	0	1350	0	0	0	3200	0	0	0	0	0	0	0	0	0	0	0	0	0	0	0	0	0	0	0	0	0	0	0	0	0	0	
172492	Frontal_Sup_Orb_L	84	0	12676	0	0	86	3152	0	9074	0	472	0	3566	0	9782	0	116	0	2828	0	1904	0	5862	0	4742	374	6298	0	10230	0	5538	208	0	0	0	0	0	0	0	0	370	0	0	0	0	0	0	0	0	0	0	0	0	0	0	0	0	0	0	0	0	0	0	0	0	0	0	0	0	0	122	0	7522	0	0	0	0	0	0	0	100	0	1140	0	0	0	0	0	0	0	0	0	0	0	0	0	0	0	0	0	0	0	0	0	0	0	0	0	0	0	0	0	0	0	0	0	
112608	Frontal_Sup_Orb_R	0	0	0	5480	86	0	0	2478	0	4402	0	0	0	560	0	6496	0	0	0	0	0	1094	194	4006	458	7628	790	7224	0	1004	724	2350	0	0	0	0	0	0	0	0	0	0	0	0	0	0	0	0	0	0	0	0	0	0	0	0	0	0	0	0	0	0	0	0	0	0	0	0	0	0	0	4912	0	6418	0	0	0	0	0	0	0	0	0	0	0	0	0	0	0	0	0	0	0	0	0	0	0	0	0	0	0	0	0	0	0	0	0	0	0	0	0	0	0	0	0	0	
501268	Frontal_Mid_L	28276	224	62742	2474	3152	0	0	528	2848	0	13516	0	34254	0	9412	0	5520	0	10494	1068	0	0	16514	2652	266	0	0	0	21002	0	3338	1620	864	1984	0	114	2892	128	506	88	0	0	0	0	0	0	0	0	0	0	0	0	470	0	928	0	4030	0	122	0	192	0	94	0	0	0	0	0	142	0	3484	404	5330	124	634	0	2986	350	1576	0	1274	0	980	0	172	0	0	0	866	0	0	0	0	0	0	0	0	0	0	0	0	0	0	0	0	0	0	0	0	0	0	0	0	0	0	0	
423048	Frontal_Mid_R	96	20082	1416	53078	0	2478	528	0	0	3628	0	13950	0	17792	0	5954	0	8074	1610	7566	0	0	1930	8360	0	0	0	0	0	11580	216	2894	94	3454	0	0	0	4004	0	1266	0	0	0	216	0	134	0	0	0	94	0	108	0	0	0	3356	0	3914	0	0	0	172	0	778	0	230	0	314	0	0	242	4504	0	9944	0	2002	0	5032	0	1028	0	3688	0	2156	0	864	0	0	0	2698	0	0	0	0	0	0	0	0	0	0	0	0	0	0	0	0	0	0	0	0	0	0	0	0	0	0	
72868	Frontal_Mid_Orb_L	0	0	1554	0	9074	0	2848	0	0	0	150	0	3008	0	12794	0	0	0	378	0	398	0	0	0	128	0	1094	0	3356	0	0	0	0	0	0	0	0	0	0	0	138	0	0	0	0	0	0	0	0	0	0	0	0	0	0	0	0	0	0	0	0	0	0	0	0	0	0	0	0	0	0	0	1058	0	0	0	0	0	0	0	0	0	456	0	0	0	0	0	0	0	0	0	0	0	0	0	0	0	0	0	0	0	0	0	0	0	0	0	0	0	0	0	0	0	0	0	
41332	Frontal_Mid_Orb_R	0	0	0	1166	0	4402	0	3628	0	0	0	154	0	1152	0	8302	0	0	0	0	0	0	0	98	0	0	0	334	0	268	0	0	0	0	0	0	0	0	0	0	0	0	0	0	0	0	0	0	0	0	0	0	0	0	0	0	0	0	0	0	0	0	0	0	0	0	0	0	0	0	0	456	0	706	0	0	0	0	0	0	0	0	0	0	0	0	0	0	0	0	0	0	0	0	0	0	0	0	0	0	0	0	0	0	0	0	0	0	0	0	0	0	0	0	0	0	
214036	Frontal_Inf_Oper_L	13230	0	10162	0	472	0	13516	0	150	0	0	0	12270	0	652	0	14420	0	5882	0	0	0	486	0	0	0	0	0	16930	0	96	0	0	0	0	0	1438	0	268	0	0	0	0	0	0	0	0	0	0	0	0	0	362	0	588	0	4846	0	0	0	0	0	0	0	0	0	0	0	0	0	0	0	2206	0	0	0	414	0	2686	0	3880	0	1774	0	0	0	0	0	290	0	0	0	0	0	0	0	0	0	0	0	0	0	0	0	0	0	0	0	0	0	0	0	0	0	0	0	
200704	Frontal_Inf_Oper_R	0	4300	86	8742	0	0	0	13950	0	154	0	0	0	13924	0	702	0	8982	132	1650	0	0	90	1738	0	0	0	0	0	12768	0	3188	0	140	0	0	0	2418	0	754	0	0	0	0	0	0	0	0	0	0	0	0	0	0	0	2158	0	2630	0	0	0	0	0	114	0	110	0	82	0	0	0	2640	0	6788	0	616	0	5698	0	1112	0	1876	0	830	0	408	0	0	0	1572	0	0	0	0	0	0	0	0	0	0	0	0	0	0	0	0	0	0	0	0	0	0	0	0	0	0	
261396	Frontal_Inf_Tri_L	2926	0	17126	112	3566	0	34254	0	3008	0	12270	0	0	0	17042	0	2286	0	5858	0	0	0	2640	216	170	0	0	0	22932	0	334	0	0	188	0	0	292	0	0	0	0	0	0	0	0	0	0	0	0	0	0	0	0	0	138	0	478	0	0	0	0	0	0	0	0	0	0	0	0	0	0	0	1426	0	0	0	0	0	218	0	850	0	2368	0	0	0	0	0	0	0	0	0	0	0	0	0	0	0	0	0	0	0	0	0	0	0	0	0	0	0	0	0	0	0	0	0	
219372	Frontal_Inf_Tri_R	0	544	232	14854	0	560	0	17792	0	1152	0	13924	0	0	0	5154	0	762	832	6110	0	0	208	4458	0	0	0	0	0	19962	180	4786	0	2542	0	0	0	456	0	144	0	0	0	0	0	0	0	0	0	0	0	0	0	0	0	334	0	296	0	0	0	0	0	0	0	0	0	0	0	0	84	4018	0	6056	0	428	0	3484	0	0	0	142	0	0	0	0	0	0	0	192	0	0	0	0	0	0	0	0	0	0	0	0	0	0	0	0	0	0	0	0	0	0	0	0	0	0	
184912	Frontal_Inf_Orb_L	1450	0	7010	0	9782	0	9412	0	12794	0	652	0	17042	0	0	0	192	0	2576	0	1882	0	974	0	276	0	1250	0	17642	0	84	0	0	0	0	0	476	0	154	0	496	0	0	0	0	0	0	0	0	0	0	0	0	0	184	0	136	0	0	0	0	0	0	0	0	0	0	0	0	0	0	0	3462	0	0	0	0	0	0	0	110	0	4138	0	82	0	80	0	120	0	0	0	0	0	0	0	0	0	0	0	0	0	0	0	0	0	0	0	0	0	0	0	0	0	0	0	
107456	Frontal_Inf_Orb_R	0	216	0	2606	0	6496	0	5954	0	8302	0	702	0	5154	0	0	0	806	0	132	0	1394	0	338	0	0	0	1508	0	8194	0	244	0	98	0	0	0	338	0	274	0	338	0	0	0	0	0	0	0	0	0	0	0	0	0	162	0	0	0	0	0	0	0	0	0	0	0	0	0	0	0	2190	0	2860	0	92	0	474	0	132	0	1430	0	3062	0	232	0	0	0	0	0	0	0	0	0	0	0	0	0	0	0	0	0	0	0	0	0	0	0	0	0	0	0	0	0	0	
342800	Rolandic_Oper_L	14246	0	8824	0	116	0	5520	0	0	0	14420	0	2286	0	192	0	0	0	7238	0	0	0	86	0	0	0	0	0	29280	0	0	0	84	0	162	0	2508	0	420	0	0	0	516	0	380	0	358	0	722	0	5962	0	4002	0	2088	0	14454	0	1914	0	1652	0	4684	0	362	0	846	0	296	0	0	0	2976	0	164	0	590	0	13426	0	15666	0	2398	0	6588	0	0	0	5974	0	0	0	0	0	0	0	0	0	0	0	0	0	0	0	0	0	0	0	0	0	0	0	0	0	0	0	
204032	Rolandic_Oper_R	0	4080	0	4032	0	0	0	8074	0	0	0	8982	0	762	0	806	0	0	0	514	0	0	0	828	0	0	0	0	0	18036	0	890	0	0	0	92	0	2386	0	916	0	0	0	684	0	758	0	0	0	808	0	694	0	100	0	2350	0	4826	0	142	0	0	0	4054	0	246	0	1202	0	88	0	1114	0	5544	0	256	0	2244	0	6728	0	12108	0	3710	0	1684	0	0	0	2278	0	0	0	0	0	0	0	0	0	0	0	0	0	0	0	0	0	0	0	0	0	0	0	0	0	0	
647724	Supp_Motor_Area_L	5658	2044	79782	8414	2828	0	10494	1610	378	0	5882	132	5858	832	2576	0	7238	0	0	32868	0	0	9552	2842	212	0	0	0	21932	672	6000	4330	12208	14392	1256	532	5320	0	1728	0	0	0	0	0	100	0	0	0	130	0	0	0	142	0	2464	0	1264	0	0	0	0	0	0	0	0	0	1210	126	5238	5116	14910	1504	22468	960	5482	84	5270	2206	300	0	3888	0	652	0	750	0	0	0	1812	0	0	0	0	0	0	0	216	0	0	0	0	0	0	0	0	0	0	0	0	0	0	0	0	0	0	0	
571832	Supp_Motor_Area_R	10512	4780	11708	45678	0	0	1068	7566	0	0	0	1650	0	6110	0	132	0	514	32868	0	0	0	2664	8930	0	0	0	0	0	5196	2622	10670	10872	38186	418	3544	0	1782	0	334	0	0	0	884	0	848	0	224	0	348	0	232	0	234	0	1922	350	2034	0	310	0	0	0	414	0	404	838	3508	13550	28420	532	7190	180	4112	0	1730	366	4360	0	268	0	1506	0	0	0	978	0	0	0	2370	0	0	0	0	0	0	0	0	0	0	0	0	0	0	0	0	0	0	0	0	0	0	0	0	0	0	
64852	Olfactory_L	0	0	0	0	1904	0	0	0	398	0	0	0	0	0	1882	0	0	0	0	0	0	5002	0	0	184	222	1228	134	3376	262	1442	632	0	0	0	0	262	0	332	0	1080	0	0	0	0	0	0	0	0	0	0	0	0	0	0	0	0	0	0	0	0	0	0	0	0	0	0	0	0	0	5242	4252	2606	812	80	0	0	0	0	0	354	0	740	0	0	0	0	0	0	0	0	0	0	0	0	0	0	0	0	0	0	0	0	0	0	0	0	0	0	0	0	0	0	0	0	0	
73336	Olfactory_R	0	0	0	0	0	1094	0	0	0	0	0	0	0	0	0	1394	0	0	0	0	5002	0	0	0	366	1788	890	2080	0	2556	1830	2320	0	0	0	0	0	136	0	164	0	500	0	0	0	0	0	0	0	0	0	0	0	0	0	0	0	0	0	0	0	0	0	0	0	0	0	0	0	0	5450	6780	2306	1538	110	84	0	0	0	0	0	0	0	280	0	0	0	0	0	0	0	0	0	0	0	0	0	0	0	0	0	0	0	0	0	0	0	0	0	0	0	0	0	0	0	0	
340300	Frontal_Sup_Medial_L	252	0	38002	13782	5862	194	16514	1930	0	0	486	90	2640	208	974	0	86	0	9552	2664	0	0	0	20262	2694	396	596	0	1708	88	17558	15012	5446	10584	0	0	0	0	0	0	0	0	0	0	0	0	0	0	0	0	0	0	0	0	0	0	0	0	0	0	0	0	0	0	0	0	0	0	0	0	452	130	1760	112	0	0	0	116	0	0	0	0	0	0	0	0	0	0	0	0	0	0	0	0	0	0	0	0	0	0	0	0	0	0	0	0	0	0	0	0	0	0	0	0	0	0	
344156	Frontal_Sup_Medial_R	0	0	4038	39930	0	4006	2652	8360	0	98	0	1738	216	4458	0	338	0	828	2842	8930	0	0	20262	0	328	5210	0	478	170	4144	6958	26918	804	14946	0	0	0	0	0	0	0	0	0	0	0	0	0	0	0	0	0	0	0	0	0	0	0	0	0	0	0	0	0	0	0	0	0	0	0	0	80	5908	180	6306	0	104	0	534	0	0	0	234	0	80	0	0	0	0	0	0	0	0	0	0	0	0	0	0	0	0	0	0	0	0	0	0	0	0	0	0	0	0	0	0	0	0	
47904	Frontal_Med_Orb_L	0	0	1604	194	4742	458	266	0	128	0	0	0	170	0	276	0	0	0	212	0	184	366	2694	328	0	2204	3224	310	584	0	3664	764	0	0	0	0	0	0	0	0	0	0	0	0	0	0	0	0	0	0	0	0	0	0	0	0	0	0	0	0	0	0	0	0	0	0	0	0	0	0	146	266	1032	0	0	0	0	0	0	0	0	0	136	0	0	0	0	0	0	0	0	0	0	0	0	0	0	0	0	0	0	0	0	0	0	0	0	0	0	0	0	0	0	0	0	0	
93888	Frontal_Med_Orb_R	0	0	0	2988	374	7628	0	0	0	0	0	0	0	0	0	0	0	0	0	0	222	1788	396	5210	2204	0	1674	5276	0	178	1846	6728	0	0	0	0	0	0	0	0	0	0	0	0	0	0	0	0	0	0	0	0	0	0	0	0	0	0	0	0	0	0	0	0	0	0	0	0	0	0	0	6108	0	4324	0	0	0	0	0	0	0	0	0	0	0	0	0	0	0	0	0	0	0	0	0	0	0	0	0	0	0	0	0	0	0	0	0	0	0	0	0	0	0	0	0	0	
53400	Rectus_L	0	0	898	0	6298	790	0	0	1094	0	0	0	0	0	1250	0	0	0	0	0	1228	890	596	0	3224	1674	0	1390	820	0	2190	366	0	0	0	0	0	0	0	0	144	0	0	0	0	0	0	0	0	0	0	0	0	0	0	0	0	0	0	0	0	0	0	0	0	0	0	0	0	0	780	712	2060	0	0	0	0	0	0	0	0	0	296	0	0	0	0	0	0	0	0	0	0	0	0	0	0	0	0	0	0	0	0	0	0	0	0	0	0	0	0	0	0	0	0	0	
46236	Rectus_R	0	0	0	284	0	7224	0	0	0	334	0	0	0	0	0	1508	0	0	0	0	134	2080	0	478	310	5276	1390	0	0	810	246	644	0	0	0	0	0	0	0	0	0	0	0	0	0	0	0	0	0	0	0	0	0	0	0	0	0	0	0	0	0	0	0	0	0	0	0	0	0	0	0	2164	0	236	0	0	0	0	0	0	0	0	0	0	0	0	0	0	0	0	0	0	0	0	0	0	0	0	0	0	0	0	0	0	0	0	0	0	0	0	0	0	0	0	0	0	
716364	Insula_L	19994	126	31934	116	10230	0	21002	0	3356	0	16930	0	22932	0	17642	0	29280	0	21932	0	3376	0	1708	170	584	0	820	0	0	0	860	0	0	140	488	378	20622	438	4082	404	5618	0	516	0	356	0	370	182	702	0	5320	0	6988	0	10678	0	12490	0	1010	0	1052	0	2532	0	164	0	710	0	242	0	372	0	18358	0	276	0	2882	208	15912	0	13674	0	6662	0	7986	0	150	0	12030	0	156	0	0	0	0	0	854	0	188	0	0	0	0	0	0	0	0	0	0	0	0	0	0	0	0	0	
420576	Insula_R	0	4930	0	11418	0	1004	0	11580	0	268	0	12768	0	19962	0	8194	0	18036	672	5196	262	2556	88	4144	0	178	0	810	0	0	218	4292	0	2240	0	224	0	10176	0	4362	0	1698	0	1362	0	354	0	0	0	324	0	234	0	188	0	9378	0	2386	0	128	0	0	0	286	0	176	0	1516	0	210	190	2736	0	24934	0	826	0	4620	0	5062	0	10780	0	6108	0	4082	0	0	0	8812	0	146	0	0	0	0	0	0	0	174	0	0	0	0	0	0	0	0	0	0	0	0	0	0	0	0	
231800	Cingulum_Ant_L	302	0	14334	5562	5538	724	3338	216	0	0	96	0	334	180	84	0	0	0	6000	2622	1442	1830	17558	6958	3664	1846	2190	246	860	218	0	16302	4846	4152	0	0	0	0	0	0	0	0	0	0	0	0	0	0	0	0	0	0	0	0	0	0	0	0	0	0	0	0	0	0	0	0	0	0	0	0	3954	2816	6106	1462	0	0	0	120	0	0	0	0	0	0	0	0	0	0	0	0	0	0	0	0	0	0	0	0	0	0	0	0	0	0	0	0	0	0	0	0	0	0	0	0	0	0	
368204	Cingulum_Ant_R	0	0	3258	26454	208	2350	1620	2894	0	0	0	3188	0	4786	0	244	0	890	4330	10670	632	2320	15012	26918	764	6728	366	644	0	4292	16302	0	2880	20654	0	116	0	0	0	0	0	0	0	0	0	0	0	0	0	0	0	0	0	0	0	0	0	0	0	0	0	0	0	0	0	0	0	0	0	0	1152	12902	424	9650	0	292	0	948	0	0	0	214	0	0	0	0	0	0	0	0	0	0	0	0	0	0	0	0	0	0	0	0	0	0	0	0	0	0	0	0	0	0	0	0	0	0	
163832	Cingulum_Mid_L	102	0	3648	1960	0	0	864	94	0	0	0	0	0	0	0	0	84	0	12208	10872	0	0	5446	804	0	0	0	0	0	0	4846	2880	0	15046	3782	2830	0	0	0	0	0	0	0	0	670	0	0	0	978	0	636	0	96	0	0	0	332	0	554	0	0	0	0	0	0	0	5972	612	4642	1670	0	0	156	0	0	0	0	132	0	0	0	0	0	0	0	0	0	0	0	0	0	0	0	0	0	0	0	0	0	0	0	0	0	0	0	0	0	0	0	0	0	0	0	0	0	0	
417788	Cingulum_Mid_R	3358	322	3850	18286	0	0	1984	3454	0	0	0	140	188	2542	0	98	0	0	14392	38186	0	0	10584	14946	0	0	0	0	140	2240	4152	20654	15046	0	2434	8594	0	268	0	0	0	0	0	966	0	854	0	550	0	384	0	452	0	162	0	588	0	5454	0	126	0	0	0	0	0	542	1460	4996	6026	16518	0	322	84	522	0	0	0	142	0	0	0	452	0	0	0	1544	0	0	0	892	0	0	0	0	0	0	0	0	0	0	0	0	0	0	0	0	0	0	0	0	0	0	0	0	0	0	
125864	Cingulum_Post_L	1380	120	0	138	0	0	0	0	0	0	0	0	0	0	0	0	162	0	1256	418	0	0	0	0	0	0	0	0	488	0	0	0	3782	2434	0	8328	4196	3432	1904	2998	0	0	2618	382	926	0	3372	1422	792	0	672	0	848	0	1266	410	1668	0	388	0	0	0	0	0	0	0	7866	1874	4742	498	0	0	0	0	0	0	570	210	446	0	0	0	0	0	282	0	0	0	472	172	0	0	0	0	0	0	0	0	0	0	0	0	0	0	0	0	0	0	0	0	0	0	0	0	0	0	
183248	Cingulum_Post_R	1040	518	94	214	0	0	114	0	0	0	0	0	0	0	0	0	0	92	532	3544	0	0	0	0	0	0	0	0	378	224	0	116	2830	8594	8328	0	3478	8568	1414	5874	0	0	266	5128	156	1108	1464	6280	0	118	0	0	100	304	562	3132	272	1028	0	0	0	0	0	0	0	0	2612	10856	668	5158	0	0	0	0	0	0	1690	1520	378	0	0	0	0	0	0	0	0	0	0	2482	0	0	0	0	0	0	0	0	0	0	0	0	0	0	0	0	0	0	0	0	390	0	0	0	0	0	
453664	Hippocampus_L	9314	778	6564	96	0	0	2892	0	0	0	1438	0	292	0	476	0	2508	0	5320	0	262	0	0	0	0	0	0	0	20622	0	0	0	0	0	4196	3478	0	3126	31048	2750	12586	0	1818	0	0	0	5922	1920	0	0	258	0	4290	0	28328	128	3966	0	176	0	354	0	144	0	0	0	2992	172	112	0	1128	0	16626	0	1572	0	7652	1362	4420	0	5694	0	2896	0	4216	0	494	0	15942	0	1048	0	0	0	288	132	2762	0	1454	0	0	0	138	0	192	0	112	0	0	266	112	0	0	0	0	0	
503416	Hippocampus_R	1062	11958	108	5280	0	0	128	4004	0	0	0	2418	0	456	0	338	0	2386	0	1782	0	136	0	0	0	0	0	0	438	10176	0	0	0	268	3432	8568	3126	0	1334	47762	0	12940	138	2154	0	244	1186	9688	0	92	0	0	90	0	420	44624	298	848	0	0	0	0	0	0	0	0	254	5672	0	1112	0	80	126	22842	0	2390	2006	6828	380	378	0	984	0	1196	0	742	0	0	0	17774	102	1698	0	500	106	790	164	3222	0	2516	0	0	88	410	0	266	0	0	0	190	490	0	142	186	192	0	
253088	ParaHippocampal_L	1238	606	1858	0	0	0	506	0	0	0	268	0	0	0	154	0	420	0	1728	0	332	0	0	0	0	0	0	0	4082	0	0	0	0	0	1904	1414	31048	1334	0	1132	4928	0	1020	0	0	0	7304	1104	0	0	268	0	1564	0	21352	0	576	0	0	0	0	0	0	0	0	0	1738	84	0	0	86	0	6354	0	126	0	2824	836	246	0	1908	0	1892	0	1368	0	922	0	5734	0	2760	0	128	0	816	168	6096	0	4914	0	0	0	216	0	402	0	254	0	0	532	0	0	0	0	0	0	
365384	ParaHippocampal_R	968	3884	0	2214	0	0	88	1266	0	0	0	754	0	144	0	274	0	916	0	334	0	164	0	0	0	0	0	0	404	4362	0	0	0	0	2998	5874	2750	47762	1132	0	0	9766	148	1436	0	130	944	10192	0	0	0	0	80	0	358	29790	276	160	0	0	0	0	0	0	0	0	210	3984	0	204	0	0	0	13280	0	2104	1576	5718	366	0	0	200	0	3112	0	0	0	1674	0	3646	140	2752	0	906	0	1048	92	5094	130	3992	0	0	136	746	0	416	0	0	0	164	472	120	234	296	312	0	
78080	Amygdala_L	0	0	0	0	370	0	0	0	138	0	0	0	0	0	496	0	0	0	0	0	1080	0	0	0	0	0	144	0	5618	0	0	0	0	0	0	0	12586	0	4928	0	0	0	0	0	0	0	0	0	0	0	0	0	0	0	5342	0	0	0	0	0	0	0	0	0	0	0	0	0	0	0	338	0	1074	0	0	0	0	0	0	0	560	0	2732	0	534	0	824	0	2174	0	0	0	0	0	0	0	102	0	0	0	0	0	0	0	0	0	0	0	0	0	0	0	0	0	0	0	
72420	Amygdala_R	0	0	0	0	0	0	0	0	0	0	0	0	0	0	0	338	0	0	0	0	0	500	0	0	0	0	0	0	0	1698	0	0	0	0	0	0	0	12940	0	9766	0	0	0	0	0	0	0	0	0	0	0	0	0	0	0	5534	0	0	0	0	0	0	0	0	0	0	0	0	0	0	0	0	0	2544	0	0	0	0	0	0	0	0	0	2398	0	0	0	128	0	188	0	0	0	0	0	0	0	176	0	0	0	0	0	0	0	0	0	0	0	0	0	0	0	0	0	0	
233060	Calcarine_L	180	0	0	0	0	0	0	0	0	0	0	0	0	0	0	0	516	0	0	0	0	0	0	0	0	0	0	0	516	0	0	0	0	0	2618	266	1818	138	1020	148	0	0	0	9218	12634	7208	17862	3076	9018	2000	16674	0	7230	0	2232	0	1638	0	352	0	190	0	96	0	202	0	12998	1524	968	0	0	0	0	0	0	0	126	0	222	0	120	0	0	0	2454	0	0	0	784	0	80	0	0	0	102	0	170	0	132	0	0	0	0	0	0	0	0	0	0	0	0	0	0	0	0	0	
400084	Calcarine_R	94	2256	0	508	0	0	0	216	0	0	0	0	0	0	0	0	0	684	0	884	0	0	0	0	0	0	0	0	0	1362	0	0	0	966	382	5128	0	2154	0	1436	0	0	9218	0	5098	31442	2604	25794	232	22156	152	12816	0	6116	0	5802	0	7222	0	936	0	0	0	220	0	762	1688	31862	0	6660	0	0	0	0	0	0	0	88	0	348	0	1016	0	0	0	6118	0	0	0	5148	0	0	0	0	0	0	0	168	0	120	0	0	0	0	0	0	0	0	0	0	102	84	0	0	0	0	
202228	Cuneus_L	212	0	0	0	0	0	0	0	0	0	0	0	0	0	0	0	380	0	100	0	0	0	0	0	0	0	0	0	356	0	0	0	670	0	926	156	0	0	0	0	0	0	12634	5098	0	7380	2560	0	20644	1372	16434	0	2784	0	248	0	2154	0	4628	0	794	0	230	0	892	0	12656	2678	3202	0	0	0	0	0	0	0	0	0	0	0	110	0	0	0	1642	0	0	0	174	0	0	0	0	0	0	0	0	0	0	0	0	0	0	0	0	0	0	0	0	0	0	0	0	0	0	0	
474564	Cuneus_R	160	2586	98	500	0	0	0	134	0	0	0	0	0	0	0	0	0	758	0	848	0	0	0	0	0	0	0	0	0	354	0	0	0	854	0	1108	0	244	0	130	0	0	7208	31442	7380	0	1296	6242	260	50634	86	16960	0	1270	0	1670	0	9404	0	19778	0	2298	0	2620	0	4948	4406	48428	0	2356	0	0	0	0	0	0	0	112	0	178	0	1334	0	0	0	6606	0	0	0	2592	0	0	0	0	0	0	0	0	0	0	0	0	0	0	0	0	0	0	0	0	0	0	0	0	0	0	
360236	Lingual_L	168	234	0	0	0	0	0	0	0	0	0	0	0	0	0	0	358	0	0	0	0	0	0	0	0	0	0	0	370	0	0	0	0	0	3372	1464	5922	1186	7304	944	0	0	17862	2604	2560	1296	0	4026	2862	428	14540	0	12982	0	24614	360	1242	0	190	0	0	0	0	0	82	0	9528	482	682	0	0	0	116	0	0	0	972	372	202	0	90	0	0	0	926	0	0	0	1560	0	7632	1308	592	258	1612	272	13512	2346	16140	2974	160	0	574	190	314	214	162	0	250	320	4260	3678	792	174	330	154	
367544	Lingual_R	458	492	0	116	0	0	0	0	0	0	0	0	0	0	0	0	0	0	0	224	0	0	0	0	0	0	0	0	182	0	0	0	0	550	1422	6280	1920	9688	1104	10192	0	0	3076	25794	0	6242	4026	0	88	4390	138	2774	0	8366	1094	20898	134	1020	0	108	0	0	0	0	0	0	606	12738	0	982	0	0	132	136	0	232	828	2458	172	0	0	0	0	0	0	1220	0	0	0	7028	2352	4162	254	324	668	790	4532	6854	4900	8504	104	0	344	138	212	246	0	0	232	450	5944	4438	394	122	296	204	
230024	Occipital_Sup_L	300	0	0	0	0	0	0	0	0	0	0	0	0	0	0	0	722	0	130	0	0	0	0	0	0	0	0	0	702	0	0	0	978	0	792	0	0	0	0	0	0	0	9018	232	20644	260	2862	88	0	0	32016	0	5556	0	580	0	1162	0	15540	0	2616	0	90	0	882	0	16378	282	2102	0	0	0	0	0	0	0	0	0	0	0	0	0	0	0	880	0	0	0	200	0	0	0	0	0	0	0	0	0	0	0	0	0	0	0	0	0	0	0	0	0	0	0	0	0	0	0	
422252	Occipital_Sup_R	0	2024	0	424	0	0	0	94	0	0	0	0	0	0	0	0	0	808	0	348	0	0	0	0	0	0	0	0	0	324	0	0	0	384	0	118	0	92	0	0	0	0	2000	22156	1372	50634	428	4390	0	0	0	27294	0	2234	0	1488	0	6724	0	23204	0	5774	0	2816	0	10066	318	33240	0	1176	0	0	0	0	0	0	0	102	0	162	0	1280	0	0	0	6480	0	0	0	3172	0	0	0	0	0	0	0	0	0	0	0	0	0	0	0	0	0	0	0	0	0	0	0	0	0	0	
558956	Occipital_Mid_L	2928	0	0	0	0	0	0	0	0	0	0	0	0	0	0	0	5962	0	0	0	0	0	0	0	0	0	0	0	5320	0	0	0	636	0	672	0	258	0	268	0	0	0	16674	152	16434	86	14540	138	32016	0	0	0	31398	0	5924	0	12162	0	31598	0	26514	0	8424	0	19524	0	17100	0	3452	0	0	0	0	0	0	0	0	0	1430	0	5020	0	0	0	16654	0	0	0	3096	0	108	0	0	0	164	0	340	0	366	0	0	0	0	0	0	0	0	0	0	0	120	0	0	0	0	0	
288656	Occipital_Mid_R	0	1100	0	270	0	0	0	108	0	0	0	0	0	0	0	0	0	694	0	232	0	0	0	0	0	0	0	0	0	234	0	0	0	452	0	0	0	0	0	0	0	0	0	12816	0	16960	0	2774	0	27294	0	0	0	4376	0	1546	0	2912	0	7012	0	5748	0	1592	0	17512	154	10948	0	914	0	0	0	0	0	0	0	0	0	126	0	1946	0	0	0	20406	0	0	0	6202	0	0	0	0	0	0	0	0	0	0	0	0	0	0	0	0	0	0	0	0	0	0	0	0	0	0	
285124	Occipital_Inf_L	3934	0	222	0	0	0	470	0	0	0	362	0	0	0	0	0	4002	0	142	0	0	0	0	0	0	0	0	0	6988	0	0	0	96	0	848	100	4290	90	1564	80	0	0	7230	0	2784	0	12982	0	5556	0	31398	0	0	0	19662	0	2522	0	2830	0	1232	0	1582	0	420	0	4898	0	1478	0	0	0	664	0	110	0	434	0	3730	0	1586	0	0	0	8456	0	0	0	6562	0	826	0	0	0	222	0	592	112	1180	0	0	0	0	0	0	0	0	0	0	0	198	128	0	0	0	0	
99320	Occipital_Inf_R	0	360	0	174	0	0	0	0	0	0	0	0	0	0	0	0	0	100	0	234	0	0	0	0	0	0	0	0	0	188	0	0	0	162	0	304	0	0	0	0	0	0	0	6116	0	1270	0	8366	0	2234	0	4376	0	0	0	10906	0	500	0	138	0	0	0	0	0	0	0	2108	0	400	0	0	0	0	0	0	0	0	0	0	0	116	0	0	0	2448	0	0	0	8468	0	116	0	0	0	0	0	0	0	404	0	0	0	0	0	0	0	0	0	0	0	172	0	0	0	0	
578192	Fusiform_L	3776	152	2602	0	0	0	928	0	0	0	588	0	138	0	184	0	2088	0	2464	0	0	0	0	0	0	0	0	0	10678	0	0	0	0	0	1266	562	28328	420	21352	358	5342	0	2232	0	248	0	24614	1094	580	0	5924	0	19662	0	0	164	1666	0	194	0	326	0	438	0	0	0	1428	0	422	0	0	0	4492	0	126	0	1252	212	3374	0	5322	0	3834	0	6816	0	1464	0	29980	0	24554	788	1108	174	1254	0	18114	1368	34474	1746	392	0	1322	84	1172	0	656	0	0	0	2040	1860	684	100	116	0	
631432	Fusiform_R	0	8760	0	3906	0	0	0	3356	0	0	0	2158	0	334	0	162	0	2350	0	1922	0	0	0	0	0	0	0	0	0	9378	0	0	0	588	410	3132	128	44624	0	29790	0	5534	0	5802	0	1670	360	20898	0	1488	0	1546	0	10906	164	0	0	1864	0	248	0	0	0	90	0	0	0	6208	0	1830	0	0	0	16308	0	1044	326	2112	0	628	0	1564	0	5292	0	3452	0	1980	0	34468	850	20182	158	3188	92	1276	902	11702	1672	25642	176	240	430	3492	226	1118	0	86	0	182	1862	2590	862	922	1086	0	
391620	Postcentral_L	38832	134	2812	100	0	0	4030	0	0	0	4846	0	478	0	136	0	14454	0	1264	350	0	0	0	0	0	0	0	0	12490	0	0	0	332	0	1668	272	3966	298	576	276	0	0	1638	0	2154	0	1242	134	1162	0	12162	0	2522	0	1666	0	0	0	13508	0	19604	0	10372	0	2566	0	5028	200	7234	136	1032	0	3646	0	156	0	3218	132	8528	0	5582	0	0	0	2856	0	0	0	2018	0	0	0	0	0	0	0	0	0	0	0	0	0	0	0	0	0	0	0	0	0	0	0	0	0	0	0	
299704	Postcentral_R	176	24482	0	1886	0	0	0	3914	0	0	0	2630	0	296	0	0	0	4826	0	2034	0	0	0	0	0	0	0	0	0	2386	0	0	0	5454	0	1028	0	848	0	160	0	0	0	7222	0	9404	0	1020	0	6724	0	2912	0	500	0	1864	0	0	0	6518	0	5720	0	16672	0	2410	98	16488	334	12214	0	0	0	402	0	0	0	636	0	750	0	2144	0	178	0	3830	0	0	0	1692	0	0	0	0	0	0	0	0	0	0	0	0	0	0	0	0	0	0	0	0	0	0	0	0	0	0	
270316	Parietal_Sup_L	1884	0	118	0	0	0	122	0	0	0	0	0	0	0	0	0	1914	0	0	0	0	0	0	0	0	0	0	0	1010	0	0	0	554	0	388	0	176	0	0	0	0	0	352	0	4628	0	190	0	15540	0	31598	0	2830	0	194	0	13508	0	0	0	23072	0	4728	0	5764	0	20408	108	1182	0	0	0	0	0	0	0	0	0	268	0	2064	0	0	0	1512	0	0	0	1046	0	0	0	0	0	0	0	0	0	0	0	0	0	0	0	0	0	0	0	0	0	0	0	0	0	0	0	
223056	Parietal_Sup_R	0	932	0	292	0	0	0	0	0	0	0	0	0	0	0	0	0	142	0	310	0	0	0	0	0	0	0	0	0	128	0	0	0	126	0	0	0	0	0	0	0	0	0	936	0	19778	0	108	0	23204	0	7012	0	138	0	248	0	6518	0	0	0	9538	0	2804	0	9668	1040	23108	0	1248	0	0	0	0	0	0	0	84	0	0	0	644	0	0	0	2298	0	0	0	1224	0	0	0	0	0	0	0	0	0	0	0	0	0	0	0	0	0	0	0	0	0	0	0	0	0	0	
272052	Parietal_Inf_L	6214	0	164	0	0	0	192	0	0	0	0	0	0	0	0	0	1652	0	0	0	0	0	0	0	0	0	0	0	1052	0	0	0	0	0	0	0	354	0	0	0	0	0	190	0	794	0	0	0	2616	0	26514	0	1232	0	326	0	19604	0	23072	0	0	0	16274	0	20604	0	2514	0	486	0	0	0	0	0	0	0	0	0	332	0	3380	0	0	0	6630	0	0	0	1830	0	0	0	0	0	0	0	0	0	0	0	0	0	0	0	0	0	0	0	0	0	0	0	0	0	0	0	
123492	Parietal_Inf_R	0	2824	0	114	0	0	0	172	0	0	0	0	0	0	0	0	0	0	0	0	0	0	0	0	0	0	0	0	0	0	0	0	0	0	0	0	0	0	0	0	0	0	0	0	0	2298	0	0	0	5774	0	5748	0	0	0	0	0	5720	0	9538	0	0	0	11050	0	15270	0	2574	0	0	0	0	0	0	0	0	0	0	0	0	0	210	0	0	0	454	0	0	0	0	0	0	0	0	0	0	0	0	0	0	0	0	0	0	0	0	0	0	0	0	0	0	0	0	0	0	
178104	SupraMarginal_L	3346	0	0	0	0	0	94	0	0	0	0	0	0	0	0	0	4684	0	0	0	0	0	0	0	0	0	0	0	2532	0	0	0	0	0	0	0	144	0	0	0	0	0	96	0	230	0	0	0	90	0	8424	0	1582	0	438	0	10372	0	4728	0	16274	0	0	0	10070	0	276	0	112	0	0	0	0	0	0	0	0	0	594	0	12032	0	0	0	10564	0	0	0	2370	0	0	0	0	0	0	0	0	0	0	0	0	0	0	0	0	0	0	0	0	0	0	0	0	0	0	0	
148556	SupraMarginal_R	0	7016	0	970	0	0	0	778	0	0	0	114	0	0	0	0	0	4054	0	414	0	0	0	0	0	0	0	0	0	286	0	0	0	0	0	0	0	0	0	0	0	0	0	220	0	2620	0	0	0	2816	0	1592	0	0	0	90	0	16672	0	2804	0	11050	0	0	0	7984	0	2770	0	80	0	0	0	0	0	0	0	308	0	678	0	6648	0	0	0	4008	0	0	0	306	0	0	0	0	0	0	0	0	0	0	0	0	0	0	0	0	0	0	0	0	0	0	0	0	0	0	
158836	Angular_L	276	0	0	0	0	0	0	0	0	0	0	0	0	0	0	0	362	0	0	0	0	0	0	0	0	0	0	0	164	0	0	0	0	0	0	0	0	0	0	0	0	0	202	0	892	0	82	0	882	0	19524	0	420	0	0	0	2566	0	5764	0	20604	0	10070	0	0	0	1410	0	472	0	0	0	0	0	0	0	0	0	0	0	2498	0	0	0	10906	0	0	0	2324	0	0	0	0	0	0	0	0	0	0	0	0	0	0	0	0	0	0	0	0	0	0	0	0	0	0	0	
212952	Angular_R	0	1312	0	596	0	0	0	230	0	0	0	110	0	0	0	0	0	246	0	404	0	0	0	0	0	0	0	0	0	176	0	0	0	542	0	0	0	0	0	0	0	0	0	762	0	4948	0	0	0	10066	0	17512	0	0	0	0	0	2410	0	9668	0	15270	0	7984	0	0	0	5678	0	646	0	0	0	0	0	0	0	96	0	274	0	8706	0	0	0	17478	0	0	0	1362	0	0	0	0	0	0	0	0	0	0	0	0	0	0	0	0	0	0	0	0	0	0	0	0	0	0	
332068	Precuneus_L	506	0	0	0	0	0	0	0	0	0	0	0	0	0	0	0	846	0	1210	838	0	0	0	0	0	0	0	0	710	0	0	0	5972	1460	7866	2612	2992	254	1738	210	0	0	12998	1688	12656	4406	9528	606	16378	318	17100	154	4898	0	1428	0	5028	98	20408	1040	2514	0	276	0	1410	0	0	12524	6680	1830	0	0	0	0	0	0	186	0	252	0	588	0	0	0	2572	0	0	0	1256	0	0	0	0	0	0	0	0	0	0	0	0	0	0	0	0	0	0	0	0	0	0	0	0	0	0	0	
567688	Precuneus_R	578	4540	226	1022	0	0	0	314	0	0	0	82	0	0	0	0	0	1202	126	3508	0	0	0	0	0	0	0	0	0	1516	0	0	612	4996	1874	10856	172	5672	84	3984	0	0	1524	31862	2678	48428	482	12738	282	33240	0	10948	0	2108	0	6208	200	16488	108	23108	0	2574	0	2770	0	5678	12524	0	366	12286	0	0	0	0	0	0	0	590	0	472	0	1946	0	0	0	7358	0	0	0	4794	0	0	0	0	0	0	0	194	0	0	0	0	0	0	0	0	0	0	0	0	526	0	0	0	0	0	
205648	Paracentral_Lobule_L	18346	1244	886	0	0	0	142	0	0	0	0	0	0	0	0	0	296	0	5238	13550	0	0	0	0	0	0	0	0	242	0	0	0	4642	6026	4742	668	112	0	0	0	0	0	968	0	3202	0	682	0	2102	0	3452	0	1478	0	422	0	7234	334	1182	0	486	0	112	0	472	0	6680	366	0	10918	492	470	98	0	0	0	2320	838	132	0	104	0	0	0	1466	0	0	0	680	0	0	0	0	0	0	0	0	0	0	0	0	0	0	0	0	0	0	0	0	0	0	0	0	0	0	0	
268228	Paracentral_Lobule_R	7642	6342	598	700	0	0	0	0	0	0	0	0	0	0	0	0	0	88	5116	28420	0	0	0	0	0	0	0	0	0	210	0	0	1670	16518	498	5158	0	1112	0	204	0	0	0	6660	0	2356	0	982	0	1176	0	914	0	400	0	1830	136	12214	0	1248	0	0	0	80	0	646	1830	12286	10918	0	0	382	0	0	0	0	0	466	0	0	0	604	0	0	0	2148	0	0	0	2562	0	0	0	0	0	0	0	0	0	0	0	0	0	0	0	0	0	0	0	0	0	0	0	0	0	0	
217184	Caudate_L	5398	518	17432	658	122	0	3484	242	0	0	0	0	0	84	0	0	0	0	14910	532	5242	5450	452	80	146	0	780	0	372	190	3954	1152	0	0	0	0	1128	0	86	0	338	0	0	0	0	0	0	0	0	0	0	0	0	0	0	0	1032	0	0	0	0	0	0	0	0	0	0	0	492	0	0	8418	12090	2626	2964	462	15838	1920	0	0	0	0	0	0	0	0	0	0	0	0	0	0	0	0	0	0	0	0	0	0	0	0	0	0	0	0	0	0	0	0	0	0	0	0	0	0	
325332	Caudate_R	914	8418	2836	14654	0	4912	404	4504	0	456	0	2640	0	4018	0	2190	0	1114	1504	7190	4252	6780	130	5908	266	6108	712	2164	0	2736	2816	12902	0	322	0	0	0	80	0	0	0	0	0	0	0	0	0	0	0	0	0	0	0	0	0	0	0	0	0	0	0	0	0	0	0	0	0	0	470	382	8418	0	3198	20272	210	2382	1894	24078	0	0	0	284	0	148	0	0	0	0	0	0	0	0	0	0	0	0	0	0	0	0	0	0	0	0	0	0	0	0	0	0	0	0	0	0	0	0	
364652	Putamen_L	8212	176	25854	328	7522	0	5330	0	1058	0	2206	0	1426	0	3462	0	2976	0	22468	180	2606	2306	1760	180	1032	0	2060	0	18358	0	6106	424	156	84	0	0	16626	126	6354	0	1074	0	0	0	0	0	116	132	0	0	0	0	664	0	4492	0	3646	0	0	0	0	0	0	0	0	0	0	0	98	0	12090	3198	0	1296	7232	104	3210	200	1124	0	524	0	424	0	210	0	0	0	2386	0	164	0	0	0	0	0	366	0	200	0	0	0	0	0	0	0	0	0	0	0	0	0	0	0	0	0	
426896	Putamen_R	0	3158	1364	14036	0	6418	124	9944	0	706	0	6788	0	6056	0	2860	0	5544	960	4112	812	1538	112	6306	0	4324	0	236	0	24934	1462	9650	0	522	0	0	0	22842	0	13280	0	2544	0	0	0	0	0	136	0	0	0	0	0	0	0	16308	0	402	0	0	0	0	0	0	0	0	0	0	0	0	2626	20272	1296	0	0	5838	0	4704	0	356	0	770	0	494	0	1278	0	0	0	5920	0	652	0	164	154	0	178	320	0	812	0	0	0	136	0	0	0	0	0	0	0	0	0	0	0	0	
56524	Pallidum_L	1192	0	5852	0	0	0	634	0	0	0	0	0	0	0	0	0	164	0	5482	0	80	110	0	0	0	0	0	0	276	0	0	0	0	0	0	0	1572	0	126	0	0	0	0	0	0	0	0	0	0	0	0	0	110	0	126	0	156	0	0	0	0	0	0	0	0	0	0	0	0	0	2964	210	7232	0	0	0	1782	106	88	0	0	0	0	0	0	0	0	0	0	0	0	0	0	0	0	0	0	0	0	0	0	0	0	0	0	0	0	0	0	0	0	0	0	0	0	0	
50888	Pallidum_R	0	848	0	2938	0	0	0	2002	0	0	0	616	0	428	0	92	0	256	84	1730	0	84	0	104	0	0	0	0	0	826	0	292	0	0	0	0	0	2390	0	2104	0	0	0	0	0	0	0	232	0	0	0	0	0	0	0	1044	0	0	0	0	0	0	0	0	0	0	0	0	0	0	462	2382	104	5838	0	0	0	588	0	0	0	0	0	0	0	0	0	0	0	0	0	0	0	0	0	0	0	0	0	0	0	0	0	0	0	0	0	0	0	0	0	0	0	0	0	0	
214368	Thalamus_L	17406	3656	11604	318	0	0	2986	0	0	0	414	0	0	0	0	0	590	0	5270	366	0	0	0	0	0	0	0	0	2882	0	0	0	0	0	570	1690	7652	2006	2824	1576	0	0	126	0	0	0	972	828	0	0	0	0	434	0	1252	326	3218	0	0	0	0	0	0	0	0	0	186	0	2320	0	15838	1894	3210	0	1782	0	0	9564	830	0	290	0	0	0	720	0	0	0	1584	0	0	0	0	0	0	0	0	0	0	0	0	0	0	0	0	0	0	0	0	0	0	0	0	0	0	0	
272668	Thalamus_R	2770	19818	2588	12024	0	0	350	5032	0	0	0	5698	0	3484	0	474	0	2244	2206	4360	0	0	116	534	0	0	0	0	208	4620	120	948	132	142	210	1520	1362	6828	836	5718	0	0	0	88	0	112	372	2458	0	102	0	0	0	0	212	2112	132	636	0	84	0	0	0	308	0	96	0	590	838	466	1920	24078	200	4704	106	588	9564	0	112	464	0	556	0	194	0	0	0	0	0	308	0	0	0	0	0	0	106	0	0	0	0	0	0	0	0	0	0	0	0	322	164	0	0	0	0	0	
180576	Heschl_L	7386	0	428	0	0	0	1576	0	0	0	2686	0	218	0	0	0	13426	0	300	0	0	0	0	0	0	0	0	0	15912	0	0	0	0	0	446	378	4420	380	246	366	0	0	222	0	0	0	202	172	0	0	1430	0	3730	0	3374	0	8528	0	268	0	332	0	594	0	0	0	252	0	132	0	0	0	1124	0	88	0	830	112	0	0	6128	0	0	0	6928	0	0	0	7674	0	0	0	0	0	0	0	0	0	0	0	0	0	0	0	0	0	0	0	0	0	0	0	0	0	0	0	
73068	Heschl_R	0	752	0	1008	0	0	0	1028	0	0	0	1112	0	0	0	132	0	6728	0	268	0	0	0	0	0	0	0	0	0	5062	0	0	0	0	0	0	0	378	0	0	0	0	0	348	0	178	0	0	0	162	0	126	0	0	0	628	0	750	0	0	0	0	0	678	0	274	0	472	0	0	0	0	0	356	0	0	0	464	0	0	0	10496	0	448	0	2992	0	0	0	1694	0	0	0	0	0	0	0	0	0	0	0	0	0	0	0	0	0	0	0	0	0	0	0	0	0	0	
303864	Temporal_Sup_L	3274	0	4304	0	100	0	1274	0	0	0	3880	0	850	0	110	0	15666	0	3888	0	354	0	0	0	0	0	0	0	13674	0	0	0	0	0	0	0	5694	0	1908	0	560	0	120	0	110	0	90	0	0	0	5020	0	1586	0	5322	0	5582	0	2064	0	3380	0	12032	0	2498	0	588	0	104	0	0	0	524	0	0	0	290	0	6128	0	0	0	6402	0	30854	0	0	0	13458	0	0	0	0	0	0	0	244	0	0	0	0	0	0	0	0	0	0	0	0	0	0	0	0	0	0	0	
228916	Temporal_Sup_R	0	2124	0	3164	0	0	0	3688	0	0	0	1876	0	142	0	1430	0	12108	0	1506	0	0	0	234	0	0	0	0	0	10780	0	214	0	452	0	0	0	984	0	200	0	0	0	1016	0	1334	0	0	0	1280	0	1946	0	116	0	1564	0	2144	0	644	0	210	0	6648	0	8706	0	1946	0	604	0	284	0	770	0	0	0	556	0	10496	0	0	0	6546	0	22370	0	512	0	5864	0	0	0	0	0	0	0	0	0	0	0	0	0	0	0	0	0	0	0	0	0	0	0	0	0	0	
119948	Temporal_Pole_Sup_L	112	0	844	0	1140	0	980	0	456	0	1774	0	2368	0	4138	0	2398	0	652	0	740	0	0	0	136	0	296	0	6662	0	0	0	0	0	0	0	2896	0	1892	0	2732	0	0	0	0	0	0	0	0	0	0	0	0	0	3834	0	0	0	0	0	0	0	0	0	0	0	0	0	0	0	0	0	424	0	0	0	0	0	0	0	6402	0	0	0	8278	0	3300	0	7376	0	0	0	0	0	0	0	144	0	0	0	0	0	0	0	0	0	0	0	0	0	0	0	0	0	0	0	
94764	Temporal_Pole_Sup_R	0	884	0	436	0	0	0	2156	0	0	0	830	0	0	0	3062	0	3710	0	0	0	280	0	80	0	0	0	0	0	6108	0	0	0	0	0	0	0	1196	0	3112	0	2398	0	0	0	0	0	0	0	0	0	0	0	0	0	5292	0	178	0	0	0	0	0	0	0	0	0	0	0	0	0	148	0	494	0	0	0	194	0	448	0	6546	0	0	0	4738	0	3734	0	1358	0	0	0	0	0	0	0	0	0	0	0	0	0	0	0	0	0	0	0	0	0	0	0	0	0	0	
380160	Temporal_Mid_L	2224	0	778	0	0	0	172	0	0	0	0	0	0	0	82	0	6588	0	750	0	0	0	0	0	0	0	0	0	7986	0	0	0	0	0	282	0	4216	0	1368	0	534	0	2454	0	1642	0	926	0	880	0	16654	0	8456	0	6816	0	2856	0	1512	0	6630	0	10564	0	10906	0	2572	0	1466	0	0	0	210	0	0	0	720	0	6928	0	30854	0	8278	0	0	0	2868	0	40820	0	0	0	0	0	0	0	88	0	0	0	0	0	0	0	0	0	0	0	0	0	0	0	0	0	0	0	
301852	Temporal_Mid_R	0	1732	0	1350	0	0	0	864	0	0	0	408	0	0	0	232	0	1684	0	978	0	0	0	0	0	0	0	0	0	4082	0	0	0	1544	0	0	0	742	0	0	0	0	0	6118	0	6606	0	1220	0	6480	0	20406	0	2448	0	3452	0	3830	0	2298	0	454	0	4008	0	17478	0	7358	0	2148	0	0	0	1278	0	0	0	0	0	2992	0	22370	0	4738	0	0	0	1676	0	19952	0	0	0	0	0	0	0	0	0	0	0	0	0	0	0	0	0	0	0	0	0	0	0	0	0	0	
24948	Temporal_Pole_Mid_L	0	0	0	0	0	0	0	0	0	0	0	0	0	0	80	0	0	0	0	0	0	0	0	0	0	0	0	0	150	0	0	0	0	0	0	0	494	0	922	0	824	0	0	0	0	0	0	0	0	0	0	0	0	0	1464	0	0	0	0	0	0	0	0	0	0	0	0	0	0	0	0	0	0	0	0	0	0	0	0	0	0	0	3300	0	2868	0	0	0	2372	0	0	0	0	0	0	0	0	0	0	0	0	0	0	0	0	0	0	0	0	0	0	0	0	0	0	0	
21504	Temporal_Pole_Mid_R	0	0	0	0	0	0	0	0	0	0	0	0	0	0	0	0	0	0	0	0	0	0	0	0	0	0	0	0	0	0	0	0	0	0	0	0	0	0	0	1674	0	128	0	0	0	0	0	0	0	0	0	0	0	0	0	1980	0	0	0	0	0	0	0	0	0	0	0	0	0	0	0	0	0	0	0	0	0	0	0	0	0	512	0	3734	0	1676	0	0	0	1048	0	0	0	0	0	0	0	0	0	0	0	0	0	0	0	0	0	0	0	0	0	0	0	0	0	0	
407272	Temporal_Inf_L	2930	0	1888	0	0	0	866	0	0	0	290	0	0	0	120	0	5974	0	1812	0	0	0	0	0	0	0	0	0	12030	0	0	0	0	0	472	0	15942	0	5734	0	2174	0	784	0	174	0	1560	0	200	0	3096	0	6562	0	29980	0	2018	0	1046	0	1830	0	2370	0	2324	0	1256	0	680	0	0	0	2386	0	0	0	1584	0	7674	0	13458	0	7376	0	40820	0	2372	0	0	0	10334	0	1362	0	290	0	2900	0	7686	0	260	0	628	0	216	0	178	0	0	0	0	0	0	0	0	0	
348108	Temporal_Inf_R	0	7184	0	3200	0	0	0	2698	0	0	0	1572	0	192	0	0	0	2278	0	2370	0	0	0	0	0	0	0	0	0	8812	0	0	0	892	172	2482	0	17774	0	3646	0	188	0	5148	0	2592	0	7028	0	3172	0	6202	0	8468	0	34468	0	1692	0	1224	0	0	0	306	0	1362	0	4794	0	2562	0	0	0	5920	0	0	0	308	0	1694	0	5864	0	1358	0	19952	0	1048	0	0	0	3430	0	678	0	0	0	0	0	556	0	146	0	622	0	0	0	0	0	0	0	0	0	0	0	0	
493968	Cerebelum_Crus1_L	98	0	0	0	0	0	0	0	0	0	0	0	0	0	0	0	0	0	0	0	0	0	0	0	0	0	0	0	156	0	0	0	0	0	0	0	1048	102	2760	140	0	0	80	0	0	0	7632	2352	0	0	108	0	826	0	24554	850	0	0	0	0	0	0	0	0	0	0	0	0	0	0	0	0	164	0	0	0	0	0	0	0	0	0	0	0	0	0	0	0	10334	0	0	3094	29496	3348	3842	1112	22208	4010	51554	6904	10636	832	18206	4114	3502	2480	1834	446	1008	1166	5024	7186	7226	3252	2732	568	
359192	Cerebelum_Crus1_R	0	0	0	0	0	0	0	0	0	0	0	0	0	0	0	0	0	0	0	0	0	0	0	0	0	0	0	0	0	146	0	0	0	0	0	0	0	1698	0	2752	0	0	0	0	0	0	1308	4162	0	0	0	0	0	116	788	20182	0	0	0	0	0	0	0	0	0	0	0	0	0	0	0	0	0	652	0	0	0	0	0	0	0	0	0	0	0	0	0	0	0	3430	3094	0	1684	26920	104	4196	2314	13686	3104	45000	898	4604	1308	18688	110	2612	0	520	142	1248	3910	4928	4132	780	380	0	
281524	Cerebelum_Crus2_L	0	0	0	0	0	0	0	0	0	0	0	0	0	0	0	0	0	0	0	0	0	0	0	0	0	0	0	0	0	0	0	0	0	0	0	0	0	0	128	0	0	0	0	0	0	0	592	254	0	0	0	0	0	0	1108	158	0	0	0	0	0	0	0	0	0	0	0	0	0	0	0	0	0	0	0	0	0	0	0	0	0	0	0	0	0	0	0	0	1362	0	29496	1684	0	6404	406	218	3054	840	6264	1398	30422	2886	29180	4552	2356	940	1680	360	200	234	1166	1396	7716	3722	486	100	
261548	Cerebelum_Crus2_R	0	0	0	0	0	0	0	0	0	0	0	0	0	0	0	0	0	0	0	0	0	0	0	0	0	0	0	0	0	0	0	0	0	0	0	0	0	500	0	906	0	0	0	0	0	0	258	324	0	0	0	0	0	0	174	3188	0	0	0	0	0	0	0	0	0	0	0	0	0	0	0	0	0	164	0	0	0	0	0	0	0	0	0	0	0	0	0	0	0	678	3348	26920	6404	0	0	386	350	1712	690	8150	3038	19124	3048	30364	102	5104	0	1664	0	94	590	1506	8242	3462	284	0	
72496	Cerebelum_3_L	0	0	0	0	0	0	0	0	0	0	0	0	0	0	0	0	0	0	0	0	0	0	0	0	0	0	0	0	0	0	0	0	0	0	0	0	288	106	816	0	0	0	102	0	0	0	1612	668	0	0	164	0	222	0	1254	92	0	0	0	0	0	0	0	0	0	0	0	0	0	0	0	0	0	154	0	0	0	0	0	0	0	0	0	0	0	0	0	0	290	0	3842	104	406	0	0	208	9418	702	6570	690	180	0	638	0	1246	426	0	0	938	1484	1066	958	270	518	582	234	
86304	Cerebelum_3_R	0	0	0	0	0	0	0	0	0	0	0	0	0	0	0	0	0	0	0	0	0	0	0	0	0	0	0	0	0	0	0	0	0	0	0	0	132	790	168	1048	0	0	0	0	0	0	272	790	0	0	0	0	0	0	0	1276	0	0	0	0	0	0	0	0	0	0	0	0	0	0	0	0	0	0	0	0	0	0	0	0	0	0	0	0	0	0	0	0	0	0	1112	4196	218	386	208	0	1286	6384	1654	7744	98	0	422	582	218	1918	0	0	1636	3612	1540	1672	694	1220	1680	196	
371040	Cerebelum_4_5_L	0	82	216	0	0	0	0	0	0	0	0	0	0	0	0	0	0	0	216	0	0	0	0	0	0	0	0	0	854	0	0	0	0	0	0	0	2762	164	6096	92	102	0	170	0	0	0	13512	4532	0	0	340	0	592	0	18114	902	0	0	0	0	0	0	0	0	0	0	0	0	0	0	0	0	366	178	0	0	0	106	0	0	244	0	144	0	88	0	0	0	2900	0	22208	2314	3054	350	9418	1286	0	9150	37652	7048	1814	0	4926	486	4302	1226	1090	0	1478	2106	13572	4754	424	1284	1874	932	
270516	Cerebelum_4_5_R	0	0	0	0	0	0	0	0	0	0	0	0	0	0	0	0	0	0	0	0	0	0	0	0	0	0	0	0	0	0	0	0	0	0	0	0	0	3222	0	5094	0	176	0	168	0	0	2346	6854	0	0	0	0	112	0	1368	11702	0	0	0	0	0	0	0	0	0	0	0	194	0	0	0	0	0	320	0	0	0	0	0	0	0	0	0	0	0	0	0	0	0	0	4010	13686	840	1712	702	6384	9150	0	7628	27162	468	128	1562	1860	454	2070	0	108	688	2040	13524	3486	1630	1874	2234	302	
519208	Cerebelum_6_L	0	0	0	0	0	0	0	0	0	0	0	0	0	0	0	0	0	0	0	0	0	0	0	0	0	0	0	0	188	0	0	0	0	0	0	0	1454	0	4914	130	0	0	132	0	0	0	16140	4900	0	0	366	0	1180	0	34474	1672	0	0	0	0	0	0	0	0	0	0	0	0	0	0	0	0	200	0	0	0	0	0	0	0	0	0	0	0	0	0	0	0	7686	0	51554	3104	6264	690	6570	1654	37652	7628	0	11188	3120	98	7220	1080	5198	3192	1224	168	1622	1654	9700	12698	3564	3520	4376	1430	
442580	Cerebelum_6_R	0	0	0	0	0	0	0	0	0	0	0	0	0	0	0	0	0	0	0	0	0	0	0	0	0	0	0	0	0	174	0	0	0	0	0	0	0	2516	0	3992	0	0	0	120	0	0	2974	8504	0	0	0	0	0	404	1746	25642	0	0	0	0	0	0	0	0	0	0	0	0	0	0	0	0	0	812	0	0	0	0	0	0	0	0	0	0	0	0	0	0	0	556	6904	45000	1398	8150	690	7744	7048	27162	11188	0	804	606	2430	8302	772	4154	0	500	854	2786	10072	13248	5342	4420	4090	186	
215992	Cerebelum_7b_L	0	0	0	0	0	0	0	0	0	0	0	0	0	0	0	0	0	0	0	0	0	0	0	0	0	0	0	0	0	0	0	0	0	0	0	0	0	0	0	0	0	0	0	0	0	0	160	104	0	0	0	0	0	0	392	176	0	0	0	0	0	0	0	0	0	0	0	0	0	0	0	0	0	0	0	0	0	0	0	0	0	0	0	0	0	0	0	0	260	0	10636	898	30422	3038	180	98	1814	468	3120	804	0	1618	31058	4098	4884	1172	1460	274	98	90	426	692	4368	4300	766	122	
133188	Cerebelum_7b_R	0	0	0	0	0	0	0	0	0	0	0	0	0	0	0	0	0	0	0	0	0	0	0	0	0	0	0	0	0	0	0	0	0	0	0	0	0	0	0	0	0	0	0	0	0	0	0	0	0	0	0	0	0	0	0	240	0	0	0	0	0	0	0	0	0	0	0	0	0	0	0	0	0	0	0	0	0	0	0	0	0	0	0	0	0	0	0	0	0	146	832	4604	2886	19124	0	0	0	128	98	606	1618	0	1628	22482	110	4534	0	1138	0	0	0	178	3064	2906	272	0	
336388	Cerebelum_8_L	0	0	0	0	0	0	0	0	0	0	0	0	0	0	0	0	0	0	0	0	0	0	0	0	0	0	0	0	0	0	0	0	0	0	0	0	138	88	216	136	0	0	0	0	0	0	574	344	0	0	0	0	0	0	1322	430	0	0	0	0	0	0	0	0	0	0	0	0	0	0	0	0	0	0	0	0	0	0	0	0	0	0	0	0	0	0	0	0	628	0	18206	1308	29180	3048	638	422	4926	1562	7220	2430	31058	1628	0	7434	15914	6272	5524	922	288	294	1524	1794	6606	10296	5412	412	
313768	Cerebelum_8_R	0	0	0	0	0	0	0	0	0	0	0	0	0	0	0	0	0	0	0	0	0	0	0	0	0	0	0	0	0	0	0	0	0	0	0	0	0	410	0	746	0	0	0	0	0	0	190	138	0	0	0	0	0	0	84	3492	0	0	0	0	0	0	0	0	0	0	0	0	0	0	0	0	0	136	0	0	0	0	0	0	0	0	0	0	0	0	0	0	0	622	4114	18688	4552	30364	0	582	486	1860	1080	8302	4098	22482	7434	0	860	20586	114	2958	144	210	444	1932	8730	8156	2890	0	
120216	Cerebelum_9_L	0	0	0	0	0	0	0	0	0	0	0	0	0	0	0	0	0	0	0	0	0	0	0	0	0	0	0	0	0	0	0	0	0	0	0	0	192	0	402	0	0	0	0	0	0	0	314	212	0	0	0	0	0	0	1172	226	0	0	0	0	0	0	0	0	0	0	0	0	0	0	0	0	0	0	0	0	0	0	0	0	0	0	0	0	0	0	0	0	216	0	3502	110	2356	102	1246	218	4302	454	5198	772	4884	110	15914	860	0	2582	4924	138	254	124	332	1528	834	2426	3244	960	
207500	Cerebelum_9_R	0	0	0	0	0	0	0	0	0	0	0	0	0	0	0	0	0	0	0	0	0	0	0	0	0	0	0	0	0	0	0	0	0	0	0	0	0	266	0	416	0	0	0	0	0	0	214	246	0	0	0	0	0	0	0	1118	0	0	0	0	0	0	0	0	0	0	0	0	0	0	0	0	0	0	0	0	0	0	0	0	0	0	0	0	0	0	0	0	0	0	2480	2612	940	5104	426	1918	1226	2070	3192	4154	1172	4534	6272	20586	2582	0	234	3528	1506	1134	924	4476	6202	10656	11500	2062	
40056	Cerebelum_10_L	0	0	0	0	0	0	0	0	0	0	0	0	0	0	0	0	0	0	0	0	0	0	0	0	0	0	0	0	0	0	0	0	0	0	0	0	112	0	254	0	0	0	0	0	0	0	162	0	0	0	0	0	0	0	656	0	0	0	0	0	0	0	0	0	0	0	0	0	0	0	0	0	0	0	0	0	0	0	0	0	0	0	0	0	0	0	0	0	178	0	1834	0	1680	0	0	0	1090	0	1224	0	1460	0	5524	114	4924	234	0	0	0	0	98	0	0	230	254	0	
32660	Cerebelum_10_R	0	0	0	0	0	0	0	0	0	0	0	0	0	0	0	0	0	0	0	0	0	0	0	0	0	0	0	0	0	0	0	0	0	0	0	0	0	0	0	0	0	0	0	0	0	0	0	0	0	0	0	0	0	0	0	86	0	0	0	0	0	0	0	0	0	0	0	0	0	0	0	0	0	0	0	0	0	0	0	0	0	0	0	0	0	0	0	0	0	0	446	520	360	1664	0	0	0	108	168	500	274	1138	922	2958	138	3528	0	0	0	0	0	246	1132	1166	976	0	
46024	Vermis_1_2	0	0	0	0	0	0	0	0	0	0	0	0	0	0	0	0	0	0	0	0	0	0	0	0	0	0	0	0	0	0	0	0	0	0	0	0	0	0	0	0	0	0	0	0	0	0	250	232	0	0	0	0	0	0	0	0	0	0	0	0	0	0	0	0	0	0	0	0	0	0	0	0	0	0	0	0	0	0	0	0	0	0	0	0	0	0	0	0	0	0	1008	142	200	0	938	1636	1478	688	1622	854	98	0	288	144	254	1506	0	0	0	4808	1610	1890	408	996	1590	372	
