data	data	594868	310404	871840	952856	212724	206252	481248	284356	120596	68984	177848	107676	232644	198420	196100	176184	175292	220208	686020	827328	78264	115800	399356	386876	56932	126632	33812	76096	611796	506852	464324	578580	154000	383264	306228	359228	461604	559872	112108	361504	30628	50660	283008	344580	112292	260432	329168	395008	224860	361840	429968	217280	146852	65388	527248	606836	407220	211356	167784	151716	255768	64492	176984	130928	193352	96000	364192	502912	187392	184092	340192	508620	396144	465592	70700	32872	216048	378936	92544	37824	264484	171268	92556	83288	350356	268632	31412	35256	329624	277780	545180	364440	333652	335176	61504	77376	365768	300356	531860	426476	289080	112432	424308	351436	141992	116076	22848	6940	39892	66016	304688	228796	214256	131836	91140	47712	
data	data	Precentral_L	Precentral_R	Frontal_Sup_L	Frontal_Sup_R	Frontal_Sup_Orb_L	Frontal_Sup_Orb_R	Frontal_Mid_L	Frontal_Mid_R	Frontal_Mid_Orb_L	Frontal_Mid_Orb_R	Frontal_Inf_Oper_L	Frontal_Inf_Oper_R	Frontal_Inf_Tri_L	Frontal_Inf_Tri_R	Frontal_Inf_Orb_L	Frontal_Inf_Orb_R	Rolandic_Oper_L	Rolandic_Oper_R	Supp_Motor_Area_L	Supp_Motor_Area_R	Olfactory_L	Olfactory_R	Frontal_Sup_Medial_L	Frontal_Sup_Medial_R	Frontal_Med_Orb_L	Frontal_Med_Orb_R	Rectus_L	Rectus_R	Insula_L	Insula_R	Cingulum_Ant_L	Cingulum_Ant_R	Cingulum_Mid_L	Cingulum_Mid_R	Cingulum_Post_L	Cingulum_Post_R	Hippocampus_L	Hippocampus_R	ParaHippocampal_L	ParaHippocampal_R	Amygdala_L	Amygdala_R	Calcarine_L	Calcarine_R	Cuneus_L	Cuneus_R	Lingual_L	Lingual_R	Occipital_Sup_L	Occipital_Sup_R	Occipital_Mid_L	Occipital_Mid_R	Occipital_Inf_L	Occipital_Inf_R	Fusiform_L	Fusiform_R	Postcentral_L	Postcentral_R	Parietal_Sup_L	Parietal_Sup_R	Parietal_Inf_L	Parietal_Inf_R	SupraMarginal_L	SupraMarginal_R	Angular_L	Angular_R	Precuneus_L	Precuneus_R	Paracentral_Lobule_L	Paracentral_Lobule_R	Caudate_L	Caudate_R	Putamen_L	Putamen_R	Pallidum_L	Pallidum_R	Thalamus_L	Thalamus_R	Heschl_L	Heschl_R	Temporal_Sup_L	Temporal_Sup_R	Temporal_Pole_Sup_L	Temporal_Pole_Sup_R	Temporal_Mid_L	Temporal_Mid_R	Temporal_Pole_Mid_L	Temporal_Pole_Mid_R	Temporal_Inf_L	Temporal_Inf_R	Cerebelum_Crus1_L	Cerebelum_Crus1_R	Cerebelum_Crus2_L	Cerebelum_Crus2_R	Cerebelum_3_L	Cerebelum_3_R	Cerebelum_4_5_L	Cerebelum_4_5_R	Cerebelum_6_L	Cerebelum_6_R	Cerebelum_7b_L	Cerebelum_7b_R	Cerebelum_8_L	Cerebelum_8_R	Cerebelum_9_L	Cerebelum_9_R	Cerebelum_10_L	Cerebelum_10_R	Vermis_1_2	Vermis_3	Vermis_4_5	Vermis_6	Vermis_7	Vermis_8	Vermis_9	Vermis_10	
594868	Precentral_L	0	2612	11302	1984	108	0	20730	842	0	0	13598	188	3100	0	170	0	9132	2262	3034	2684	0	0	1906	76	166	0	0	0	21264	5420	4358	458	428	202	12878	13226	21492	12118	718	1806	0	0	1330	0	0	0	340	0	234	0	2568	0	1314	0	4650	1302	46852	396	400	0	2112	0	872	0	176	0	2140	672	8114	856	520	774	7912	3488	1044	232	9118	11974	6224	456	4334	962	0	0	2178	238	0	0	4220	426	362	0	0	0	0	0	0	178	80	124	0	0	0	0	0	0	0	0	0	0	0	0	0	0	0	0	
310404	Precentral_R	2612	0	2388	10034	0	0	0	7678	0	0	0	5772	0	414	0	0	0	5392	2432	8552	0	0	80	0	0	72	0	0	0	5616	290	548	0	1020	3326	6162	1846	7972	0	4278	0	0	0	886	0	422	0	312	0	956	0	132	0	134	0	3810	0	23526	0	590	0	562	0	2392	0	0	960	3296	1740	9292	2342	2542	0	5152	0	246	2404	8384	0	336	0	1432	0	0	0	2018	0	0	0	2930	0	0	0	0	0	0	0	530	0	826	0	0	0	0	0	0	0	0	0	0	566	0	0	0	0	0	
871840	Frontal_Sup_L	11302	2388	0	17078	12594	156	68030	1384	4234	0	7348	0	13288	114	9114	772	3738	198	60600	18776	0	0	40710	7512	3226	194	0	0	29654	694	24234	8370	2600	4862	658	294	2730	504	322	218	0	0	0	0	0	0	0	0	0	0	0	0	0	0	1682	118	3264	204	98	0	318	0	506	0	0	0	100	108	450	116	21348	3454	26076	910	7490	0	3496	1090	422	0	3212	0	678	0	972	0	0	0	1730	0	0	0	0	0	0	0	0	0	0	0	0	0	0	0	0	0	0	0	0	182	0	0	0	0	0	0	
952856	Frontal_Sup_R	1984	10034	17078	0	0	9642	3232	29538	0	1674	0	4280	0	15930	0	7808	0	9596	32782	71504	126	198	15068	44864	0	4170	0	782	206	24794	14478	42516	1484	15732	1438	1684	1318	7946	0	5096	0	0	0	0	0	0	0	110	0	0	0	0	0	0	0	2508	316	634	0	0	0	0	0	0	0	0	0	100	352	990	6678	30620	664	17686	0	1264	1676	12872	0	288	0	814	0	0	0	220	0	0	0	540	0	0	0	0	0	0	0	1038	0	76	0	0	0	0	0	0	0	0	0	0	0	0	0	0	0	0	
212724	Frontal_Sup_Orb_L	108	0	12594	0	0	150	3400	0	18510	0	626	0	5374	0	15838	0	0	0	348	0	1342	234	6290	118	5886	170	4194	114	13938	0	5348	246	0	0	0	0	100	0	0	0	0	0	0	0	0	0	0	0	0	0	0	0	0	0	0	0	0	0	0	0	0	0	0	0	0	0	0	0	0	0	698	160	9928	0	0	0	0	0	0	0	0	0	648	0	0	0	0	0	0	0	0	0	0	0	0	0	0	0	0	0	0	0	0	0	0	0	0	0	0	0	0	0	0	0	0	0	
206252	Frontal_Sup_Orb_R	0	0	156	9642	150	0	0	4280	0	9062	0	358	0	1274	0	6266	0	124	1306	4496	1512	4340	1046	9084	484	10840	312	8554	0	2134	1698	9002	0	256	0	0	0	0	0	0	0	0	0	0	0	0	0	0	0	0	0	0	0	0	0	0	0	0	0	0	0	0	0	0	0	0	0	0	0	0	1654	10496	882	3538	0	0	0	180	0	0	0	0	0	0	0	0	0	0	0	0	0	0	0	0	0	0	0	0	0	0	0	0	0	0	0	0	0	0	0	0	0	0	0	0	0	0	
481248	Frontal_Mid_L	20730	0	68030	3232	3400	0	0	0	3336	0	11850	0	29508	0	10402	132	2438	0	7308	2132	0	0	15268	1542	602	0	0	0	22086	0	14402	1816	718	990	510	484	1746	436	176	0	0	0	0	0	0	0	0	0	0	0	0	0	0	0	590	0	2692	0	0	0	0	0	0	0	0	0	0	224	0	0	2512	672	6114	0	602	0	1296	218	178	0	1188	0	180	0	304	0	0	0	580	0	0	0	0	0	0	0	0	0	0	0	0	0	0	0	0	0	0	0	0	0	0	0	0	0	0	0	
284356	Frontal_Mid_R	842	7678	1384	29538	0	4280	0	0	0	4176	0	4476	0	21394	0	7438	0	5666	1150	2014	0	0	1070	3832	0	156	0	76	0	18752	860	3770	0	642	882	922	830	2686	0	1434	0	0	0	0	0	0	0	0	0	0	0	0	0	0	0	1472	0	370	0	0	0	0	0	0	0	0	0	0	0	0	992	1860	0	5996	0	424	230	2034	0	218	0	392	0	392	0	278	0	0	0	468	0	0	0	0	0	0	0	1104	0	0	0	0	0	0	0	0	0	0	0	0	0	0	0	0	0	0	
120596	Frontal_Mid_Orb_L	0	0	4234	0	18510	0	3336	0	0	0	256	0	3308	0	14406	0	0	0	0	0	218	0	236	0	342	0	1844	0	7148	0	328	0	0	0	0	0	74	0	0	0	0	0	0	0	0	0	0	0	0	0	0	0	0	0	0	0	0	0	0	0	0	0	0	0	0	0	0	0	0	0	212	0	5514	0	0	0	0	0	0	0	0	0	332	0	0	0	0	0	0	0	0	0	0	0	0	0	0	0	0	0	0	0	0	0	0	0	0	0	0	0	0	0	0	0	0	0	
68984	Frontal_Mid_Orb_R	0	0	0	1674	0	9062	0	4176	0	0	0	0	0	1136	0	7902	0	0	248	562	354	568	0	116	0	156	80	1564	0	1622	0	488	0	0	0	0	0	0	0	0	0	0	0	0	0	0	0	0	0	0	0	0	0	0	0	0	0	0	0	0	0	0	0	0	0	0	0	0	0	0	358	2116	184	2024	0	0	0	0	0	0	0	0	0	102	0	0	0	0	0	0	0	0	0	0	0	0	0	0	0	0	0	0	0	0	0	0	0	0	0	0	0	0	0	0	0	0	
177848	Frontal_Inf_Oper_L	13598	0	7348	0	626	0	11850	0	256	0	0	0	12094	0	1256	0	8376	0	530	0	0	0	524	0	0	0	0	0	16068	0	1542	140	0	0	0	0	224	0	0	0	0	0	0	0	0	0	0	0	0	0	0	0	0	0	0	0	6306	0	0	0	0	0	0	0	0	0	0	0	0	0	0	0	2256	0	0	0	0	0	1120	0	2896	0	1658	0	256	0	0	0	0	0	0	0	0	0	0	0	0	0	0	0	0	0	0	0	0	0	0	0	0	0	0	0	0	0	0	0	
107676	Frontal_Inf_Oper_R	188	5772	0	4280	0	358	0	4476	0	0	0	0	0	7348	0	532	0	5494	764	1684	0	0	124	448	0	0	0	0	0	8234	340	1928	0	0	192	198	186	802	0	376	0	0	0	0	0	0	0	0	0	0	0	0	0	0	0	438	0	3364	0	0	0	0	0	0	0	0	0	0	0	0	0	370	0	3878	0	0	0	468	0	82	0	588	0	298	0	120	0	0	0	286	0	0	0	0	0	0	0	222	0	0	0	0	0	0	0	0	0	0	0	0	0	0	0	0	0	0	
232644	Frontal_Inf_Tri_L	3100	0	13288	0	5374	0	29508	0	3308	0	12094	0	0	0	17726	0	660	0	610	0	0	0	1840	0	152	0	0	0	24162	0	1138	0	0	0	0	0	0	0	0	0	0	0	0	0	0	0	0	0	0	0	0	0	0	0	0	0	464	0	0	0	0	0	0	0	0	0	0	0	0	0	0	0	1584	0	0	0	0	0	116	0	324	0	874	0	0	0	0	0	0	0	0	0	0	0	0	0	0	0	0	0	0	0	0	0	0	0	0	0	0	0	0	0	0	0	0	0	
198420	Frontal_Inf_Tri_R	0	414	114	15930	0	1274	0	21394	0	1136	0	7348	0	0	0	8838	0	780	532	2324	0	0	514	4650	0	0	0	0	0	26258	520	3662	0	1248	0	0	0	148	0	0	0	0	0	0	0	0	0	0	0	0	0	0	0	0	0	0	0	134	0	0	0	0	0	0	0	0	0	0	0	0	0	700	0	720	0	0	0	382	0	0	0	90	0	100	0	0	0	0	0	0	0	0	0	0	0	0	0	0	0	0	0	0	0	0	0	0	0	0	0	0	0	0	0	0	0	0	
196100	Frontal_Inf_Orb_L	170	0	9114	0	15838	0	10402	0	14406	0	1256	0	17726	0	0	0	0	0	250	0	2352	184	1078	0	128	0	920	0	16066	0	346	0	0	0	0	0	664	0	84	0	148	0	0	0	0	0	0	0	0	0	0	0	0	0	334	0	0	0	0	0	0	0	0	0	0	0	0	0	0	0	698	110	3882	0	0	0	0	0	0	0	84	0	1554	0	0	0	0	0	256	0	0	0	0	0	0	0	0	0	0	0	0	0	0	0	0	0	0	0	0	0	0	0	0	0	0	0	
176184	Frontal_Inf_Orb_R	0	0	772	7808	0	6266	132	7438	0	7902	0	532	0	8838	0	0	0	618	780	2224	532	2026	4080	5228	0	164	140	2118	0	10072	384	3416	336	5740	0	0	0	190	0	164	0	148	0	0	0	0	0	0	0	0	0	0	0	0	0	164	0	0	0	0	0	0	0	0	0	0	0	0	0	0	502	2396	188	3562	0	0	0	0	0	0	0	1190	0	1770	0	168	0	0	0	104	0	0	0	0	0	0	0	0	0	0	0	0	0	0	0	0	0	0	0	0	0	0	0	0	0	0	
175292	Rolandic_Oper_L	9132	0	3738	0	0	0	2438	0	0	0	8376	0	660	0	0	0	0	0	680	0	0	0	0	0	0	0	0	0	16204	0	0	0	480	0	0	0	1790	0	0	0	0	0	214	0	0	0	0	0	0	0	154	0	110	0	2852	0	12780	0	1078	0	966	0	2038	0	0	0	1854	0	180	0	0	0	560	0	0	0	0	0	5502	0	10974	0	1324	0	1280	0	0	0	1940	0	342	0	0	0	0	0	0	0	0	0	0	0	0	0	0	0	0	0	0	0	0	0	0	0	0	0	
220208	Rolandic_Oper_R	2262	5392	198	9596	0	124	0	5666	0	0	0	5494	0	780	0	618	0	0	600	2938	0	80	0	232	0	0	0	0	0	23488	0	776	0	0	2200	2280	2098	3274	0	874	0	0	0	0	0	0	0	0	0	0	0	0	0	0	0	868	0	7318	0	74	0	0	0	3674	0	0	0	120	0	0	138	208	0	10972	0	150	346	3256	0	2236	0	8244	0	1940	0	564	0	0	0	484	0	0	0	0	0	0	0	432	0	110	0	0	0	0	0	0	0	0	0	0	0	0	0	0	0	0	
686020	Supp_Motor_Area_L	3034	2432	60600	32782	348	1306	7308	1150	0	248	530	764	610	532	250	780	680	600	0	65410	0	0	6630	3766	282	718	0	94	7370	1452	12736	15680	9164	21686	1098	592	1548	486	244	306	0	0	0	0	0	0	0	0	0	0	0	0	0	0	1124	272	1700	216	90	0	196	0	266	0	0	0	0	128	16492	3258	17322	7048	13400	2094	5756	0	5326	998	304	0	1628	0	214	0	658	0	0	0	1216	0	0	0	0	0	0	0	0	0	0	88	0	0	0	0	0	0	0	0	0	0	0	0	0	0	0	0	
827328	Supp_Motor_Area_R	2684	8552	18776	71504	0	4496	2132	2014	0	562	0	1684	0	2324	0	2224	0	2938	65410	0	0	92	3040	13758	0	2136	0	330	492	6440	8824	25924	7076	34048	3170	5770	416	1570	0	1060	0	0	204	856	0	320	0	194	84	452	128	76	0	0	142	1472	1424	502	0	254	264	0	0	264	0	0	476	2400	17302	23644	6502	32116	940	8956	360	906	790	10028	0	0	0	272	0	0	0	614	0	0	0	1740	0	0	0	0	0	0	0	98	0	264	0	0	0	0	0	0	0	0	0	0	174	0	0	0	0	0	
78264	Olfactory_L	0	0	0	126	1342	1512	0	0	218	354	0	0	0	0	2352	532	0	0	0	0	0	5724	0	112	282	498	1726	1760	2314	170	1922	1258	0	0	0	0	670	0	198	0	522	0	0	0	0	0	0	0	0	0	0	0	0	0	306	0	0	0	0	0	0	0	0	0	0	0	0	0	0	0	7502	2596	3068	970	0	0	0	0	0	0	0	0	878	0	0	0	0	0	220	0	0	0	0	0	0	0	0	0	0	0	0	0	0	0	0	0	0	0	0	0	0	0	0	0	0	0	
115800	Olfactory_R	0	0	0	198	234	4340	0	0	0	568	0	0	0	0	184	2026	0	80	0	92	5724	0	0	254	290	3364	698	4320	0	2596	2726	4060	0	0	0	0	0	552	0	382	0	674	0	0	0	0	0	0	0	0	0	0	0	0	0	196	0	0	0	0	0	0	0	0	0	0	0	0	0	0	7460	8228	4356	3668	182	156	0	76	0	0	0	0	0	108	0	0	0	0	0	0	0	0	0	0	0	0	0	108	0	0	0	0	0	0	0	0	0	0	0	0	0	0	0	0	0	0	
399356	Frontal_Sup_Medial_L	1906	80	40710	15068	6290	1046	15268	1070	236	0	524	124	1840	514	1078	4080	0	0	6630	3040	0	0	0	21576	4332	2200	0	0	4172	360	29728	18224	2438	11020	0	0	182	0	0	0	0	0	0	0	0	0	0	0	0	0	0	0	0	0	0	0	0	0	0	0	0	0	0	0	0	0	0	0	0	0	1372	2172	1594	522	0	0	182	100	0	0	0	0	0	0	0	0	0	0	0	0	0	0	0	0	0	0	0	0	0	0	0	0	0	0	0	0	0	0	0	0	0	0	0	0	0	0	
386876	Frontal_Sup_Medial_R	76	0	7512	44864	118	9084	1542	3832	0	116	0	448	0	4650	0	5228	0	232	3766	13758	112	254	21576	0	276	8946	0	948	0	4328	7972	25698	334	12504	0	0	0	0	0	0	0	0	0	0	0	0	0	0	0	0	0	0	0	0	0	0	0	0	0	0	0	0	0	0	0	0	0	0	0	0	480	12424	178	1612	0	0	152	418	0	0	0	0	0	0	0	0	0	0	0	0	0	0	0	0	0	0	0	0	0	0	0	0	0	0	0	0	0	0	0	0	0	0	0	0	0	0	
56932	Frontal_Med_Orb_L	166	0	3226	0	5886	484	602	0	342	0	0	0	152	0	128	0	0	0	282	0	282	290	4332	276	0	1082	1686	310	854	0	6102	474	0	0	0	0	0	0	0	0	0	0	0	0	0	0	0	0	0	0	0	0	0	0	0	0	0	0	0	0	0	0	0	0	0	0	0	0	0	0	812	212	398	88	0	0	0	0	0	0	0	0	0	0	0	0	0	0	0	0	0	0	0	0	0	0	0	0	0	0	0	0	0	0	0	0	0	0	0	0	0	0	0	0	0	0	
126632	Frontal_Med_Orb_R	0	72	194	4170	170	10840	0	156	0	156	0	0	0	0	0	164	0	0	718	2136	498	3364	2200	8946	1082	0	136	5072	0	0	3188	9532	0	0	0	0	0	0	0	0	0	0	0	0	0	0	0	0	0	0	0	0	0	0	0	0	0	0	0	0	0	0	0	0	0	0	0	0	0	0	590	7360	210	1976	0	0	106	280	0	0	0	0	0	0	0	0	0	0	0	0	0	0	0	0	0	0	0	0	0	0	0	0	0	0	0	0	0	0	0	0	0	0	0	0	0	0	
33812	Rectus_L	0	0	0	0	4194	312	0	0	1844	80	0	0	0	0	920	140	0	0	0	0	1726	698	0	0	1686	136	0	376	114	0	1392	224	0	0	0	0	0	0	0	0	0	0	0	0	0	0	0	0	0	0	0	0	0	0	0	0	0	0	0	0	0	0	0	0	0	0	0	0	0	0	1782	296	882	104	0	0	0	0	0	0	0	0	0	0	0	0	0	0	0	0	0	0	0	0	0	0	0	0	0	0	0	0	0	0	0	0	0	0	0	0	0	0	0	0	0	0	
76096	Rectus_R	0	0	0	782	114	8554	0	76	0	1564	0	0	0	0	0	2118	0	0	94	330	1760	4320	0	948	310	5072	376	0	0	978	590	2112	0	0	0	0	0	0	0	0	0	0	0	0	0	0	0	0	0	0	0	0	0	0	0	0	0	0	0	0	0	0	0	0	0	0	0	0	0	0	1752	3420	1084	1694	0	0	0	0	0	0	0	0	0	0	0	0	0	0	0	0	0	0	0	0	0	0	0	0	0	0	0	0	0	0	0	0	0	0	0	0	0	0	0	0	0	0	
611796	Insula_L	21264	0	29654	206	13938	0	22086	0	7148	0	16068	0	24162	0	16066	0	16204	0	7370	492	2314	0	4172	0	854	0	114	0	0	82	5770	530	270	0	986	770	15376	524	1492	116	1750	0	530	0	0	0	334	0	0	0	130	0	108	0	9344	0	15840	0	416	0	450	0	294	0	0	0	1148	82	230	0	160	164	20280	0	186	0	1048	80	9752	0	14710	0	7854	0	4658	0	252	0	7714	0	356	0	0	0	0	0	0	0	0	0	0	0	0	0	0	0	0	0	0	0	0	0	0	0	0	0	
506852	Insula_R	5420	5616	694	24794	0	2134	0	18752	0	1622	0	8234	0	26258	0	10072	0	23488	1452	6440	170	2596	360	4328	0	0	0	978	82	0	238	3602	0	956	5524	5850	5306	10554	0	3026	0	798	0	126	0	0	0	124	0	0	0	0	0	0	124	4096	0	4380	0	130	0	0	0	0	0	0	0	412	0	80	704	2026	0	26974	0	444	778	8112	0	3674	0	10530	0	3860	0	2380	0	0	0	3852	0	0	0	0	0	0	0	956	0	182	0	0	0	0	0	0	0	0	0	0	138	0	0	0	0	0	
464324	Cingulum_Ant_L	4358	290	24234	14478	5348	1698	14402	860	328	0	1542	340	1138	520	346	384	0	0	12736	8824	1922	2726	29728	7972	6102	3188	1392	590	5770	238	0	33838	5304	6526	892	74	348	78	0	0	0	0	0	0	0	0	0	0	0	0	0	0	0	0	126	0	104	0	0	0	0	0	0	0	0	0	0	0	0	0	8816	10984	7524	4394	172	264	600	586	0	0	0	0	0	0	0	0	0	0	78	0	0	0	0	0	0	0	0	0	0	0	0	0	0	0	0	0	0	0	0	0	0	0	0	0	0	0	
578580	Cingulum_Ant_R	458	548	8370	42516	246	9002	1816	3770	0	488	140	1928	0	3662	0	3416	0	776	15680	25924	1258	4060	18224	25698	474	9532	224	2112	530	3602	33838	0	3646	20194	126	94	88	200	0	74	0	0	0	0	0	0	0	0	0	0	0	0	0	0	0	0	0	0	0	0	0	0	0	0	0	0	0	0	0	86	4378	27868	2598	7794	0	422	1184	1794	0	0	0	160	0	292	0	0	0	0	0	0	0	0	0	0	0	0	0	0	0	0	0	0	0	0	0	0	0	0	0	0	0	0	0	0	0	0	
154000	Cingulum_Mid_L	428	0	2600	1484	0	0	718	0	0	0	0	0	0	0	0	336	480	0	9164	7076	0	0	2438	334	0	0	0	0	270	0	5304	3646	0	14710	5880	750	0	0	0	0	0	0	1316	312	330	0	0	0	536	0	784	0	108	0	450	0	386	0	608	0	564	0	390	0	188	0	7242	1674	2566	698	0	0	0	0	0	0	0	0	0	0	492	0	0	0	1142	0	0	0	1596	0	0	0	0	0	0	0	0	0	0	0	0	0	0	0	0	0	0	0	0	0	0	0	0	0	0	0	
383264	Cingulum_Mid_R	202	1020	4862	15732	0	256	990	642	0	0	0	0	0	1248	0	5740	0	0	21686	34048	0	0	11020	12504	0	0	0	0	0	956	6526	20194	14710	0	3808	5172	0	152	0	116	0	0	0	1586	0	842	0	274	0	492	0	174	0	0	0	182	0	922	0	264	0	122	0	282	0	0	1474	7054	6532	7562	246	584	212	0	222	0	0	0	0	0	0	116	0	0	0	434	0	0	0	256	0	0	0	0	0	0	0	0	0	0	0	0	0	0	0	0	0	0	0	0	216	0	0	0	0	0	
306228	Cingulum_Post_L	12878	3326	658	1438	0	0	510	882	0	0	0	192	0	0	0	0	0	2200	1098	3170	0	0	0	0	0	0	0	0	986	5524	892	126	5880	3808	0	21108	15876	13980	1656	2720	0	0	3848	248	212	160	1838	136	0	0	156	0	104	0	1712	2196	758	486	0	0	0	0	0	0	0	0	7568	3348	3858	2158	146	560	0	3468	0	238	4100	10860	752	462	154	894	0	0	142	262	0	0	1008	612	0	0	0	0	0	0	360	190	118	390	0	0	0	0	0	0	0	0	0	0	704	0	0	0	0	0	
359228	Cingulum_Post_R	13226	6162	294	1684	0	0	484	922	0	0	0	198	0	0	0	0	0	2280	592	5770	0	0	0	0	0	0	0	0	770	5850	74	94	750	5172	21108	0	14042	18410	540	5282	0	0	0	2420	0	390	386	4074	0	200	0	0	0	0	912	4984	548	1892	0	0	0	0	72	0	0	0	1060	13964	2874	5368	158	670	0	3690	0	244	6336	13088	610	554	114	1050	0	0	74	516	0	0	730	3244	0	0	0	0	0	0	0	322	84	798	0	0	0	0	0	0	0	0	0	0	4484	0	0	0	0	0	
461604	Hippocampus_L	21492	1846	2730	1318	100	0	1746	830	74	0	224	186	0	0	664	0	1790	2098	1548	416	670	0	182	0	0	0	0	0	15376	5306	348	88	0	0	15876	14042	0	12794	14762	2022	5576	0	1292	0	0	0	5434	130	0	0	0	0	76	0	23320	1252	5070	408	0	0	92	0	190	0	0	0	4582	1208	286	0	336	624	8964	3262	716	238	5918	10554	3692	440	2986	818	2254	0	2492	220	418	0	16330	356	340	0	0	0	0	0	1112	192	442	82	74	0	106	0	0	0	0	0	0	110	282	0	0	0	0	0	
559872	Hippocampus_R	12118	7972	504	7946	0	0	436	2686	0	0	0	802	0	148	0	190	0	3274	486	1570	0	552	0	0	0	0	0	0	524	10554	78	200	0	152	13980	18410	12794	0	418	42440	0	8018	0	1156	0	0	288	4476	0	106	0	0	0	0	672	39586	362	1134	0	158	0	0	72	170	0	0	316	6728	484	618	404	1474	0	20418	0	920	6324	19616	424	960	86	3576	0	974	0	1468	0	202	524	7070	0	172	0	0	0	0	0	6668	0	4376	0	0	0	0	0	0	0	0	0	0	1702	0	0	0	0	0	
112108	ParaHippocampal_L	718	0	322	0	0	0	176	0	0	0	0	0	0	0	84	0	0	0	244	0	198	0	0	0	0	0	0	0	1492	0	0	0	0	0	1656	540	14762	418	0	238	2232	0	720	0	0	0	6384	114	0	0	0	0	0	0	11794	88	416	0	0	0	0	0	0	0	0	0	2802	366	0	0	0	0	1754	0	138	0	400	110	0	0	332	0	648	0	86	0	480	0	3280	0	404	0	0	0	184	0	1598	0	394	0	74	0	202	0	0	0	0	0	0	0	206	0	0	0	0	0	
361504	ParaHippocampal_R	1806	4278	218	5096	0	0	0	1434	0	0	0	376	0	0	0	164	0	874	306	1060	0	382	0	0	0	0	0	0	116	3026	0	74	0	116	2720	5282	2022	42440	238	0	0	6328	0	1206	0	0	152	9088	0	0	0	0	0	0	158	35648	78	372	0	0	0	0	0	0	0	0	198	5450	426	516	196	620	0	13098	0	640	1998	6630	76	100	0	980	0	2790	0	582	0	2132	132	2702	0	364	0	146	0	2048	0	8282	0	3762	0	0	0	162	0	114	0	0	0	320	1230	0	0	0	0	0	
30628	Amygdala_L	0	0	0	0	0	0	0	0	0	0	0	0	0	0	148	0	0	0	0	0	522	0	0	0	0	0	0	0	1750	0	0	0	0	0	0	0	5576	0	2232	0	0	0	0	0	0	0	0	0	0	0	0	0	0	0	2480	0	0	0	0	0	0	0	0	0	0	0	0	0	0	0	0	0	410	0	0	0	0	0	0	0	78	0	1174	0	0	0	368	0	576	0	0	0	0	0	0	0	0	0	0	0	0	0	0	0	0	0	0	0	0	0	0	0	0	0	0	0	
50660	Amygdala_R	0	0	0	0	0	0	0	0	0	0	0	0	0	0	0	148	0	0	0	0	0	674	0	0	0	0	0	0	0	798	0	0	0	0	0	0	0	8018	0	6328	0	0	0	0	0	0	0	0	0	0	0	0	0	0	0	5892	0	0	0	0	0	0	0	0	0	0	0	0	0	0	136	0	0	1132	0	0	0	0	0	0	0	0	0	1648	0	0	0	274	0	0	0	0	0	0	0	0	0	282	0	0	0	0	0	0	0	0	0	0	0	0	0	0	0	0	0	0	
283008	Calcarine_L	1330	0	0	0	0	0	0	0	0	0	0	0	0	0	0	0	214	0	0	204	0	0	0	0	0	0	0	0	530	0	0	0	1316	0	3848	0	1292	0	720	0	0	0	0	4314	10616	1504	10522	1754	17372	1460	26272	404	6478	122	10480	496	1100	0	2240	0	1184	0	330	0	2926	0	21088	80	730	0	0	0	0	0	0	0	0	0	0	0	172	0	0	0	3376	0	0	0	2338	0	1370	0	0	0	0	0	822	72	1154	0	0	0	0	0	0	0	0	0	0	0	1274	0	0	0	0	0	
344580	Calcarine_R	0	886	0	0	0	0	0	0	0	0	0	0	0	0	0	0	0	0	0	856	0	0	0	0	0	0	0	0	0	126	0	0	312	1586	248	2420	0	1156	0	1206	0	0	4314	0	3742	23374	550	24898	948	32278	628	10046	0	4686	0	11646	0	580	0	958	0	0	0	0	0	356	3348	24016	228	1014	0	0	0	0	0	0	0	78	0	0	0	108	0	0	0	6614	0	0	0	7988	0	0	0	0	0	0	0	122	96	468	0	0	0	0	0	0	0	0	0	0	112	298	0	0	0	0	
112292	Cuneus_L	0	0	0	0	0	0	0	0	0	0	0	0	0	0	0	0	0	0	0	0	0	0	0	0	0	0	0	0	0	0	0	0	330	0	212	0	0	0	0	0	0	0	10616	3742	0	4972	130	780	12112	2938	6768	374	140	166	134	542	0	0	1956	716	0	0	0	0	0	0	7688	1728	0	0	0	0	0	0	0	0	0	0	0	0	0	0	0	0	102	0	0	0	0	0	0	0	0	0	0	0	0	0	0	0	0	0	0	0	0	0	0	0	0	0	0	0	0	0	0	0	
260432	Cuneus_R	0	422	0	0	0	0	0	0	0	0	0	0	0	0	0	0	0	0	0	320	0	0	0	0	0	0	0	0	0	0	0	0	0	842	160	390	0	0	0	0	0	0	1504	23374	4972	0	96	7082	104	32752	86	10548	0	750	0	1816	0	354	0	7554	0	0	0	0	0	374	7580	24486	106	620	0	0	0	0	0	0	0	0	0	0	0	0	0	0	0	2644	0	0	0	1104	0	0	0	0	0	0	0	0	0	104	0	0	0	0	0	0	0	0	0	0	0	72	0	0	0	0	
329168	Lingual_L	340	0	0	0	0	0	0	0	0	0	0	0	0	0	0	0	0	0	0	0	0	0	0	0	0	0	0	0	334	0	0	0	0	0	1838	386	5434	288	6384	152	0	0	10522	550	130	96	0	2982	2500	138	8054	0	6436	0	23328	298	246	0	100	0	88	0	0	0	348	0	7006	264	0	0	0	0	174	0	0	0	410	78	112	0	0	0	0	0	318	0	0	0	632	0	17630	368	2910	598	504	0	17088	1118	22954	800	2104	154	3480	132	620	0	0	0	0	154	9006	3438	1286	0	138	136	
395008	Lingual_R	0	312	0	110	0	0	0	0	0	0	0	0	0	0	0	0	0	0	0	194	0	0	0	0	0	0	0	0	0	124	0	0	0	274	136	4074	130	4476	114	9088	0	0	1754	24898	780	7082	2982	0	0	12312	0	4462	0	3952	780	27722	0	340	0	246	0	0	0	0	0	86	710	12834	82	346	0	0	0	484	0	0	172	370	0	0	0	84	0	0	0	536	0	0	0	3760	4582	5720	1308	1638	0	2012	5052	8890	7640	12218	494	586	876	758	160	108	0	0	0	318	7578	8278	3482	0	0	0	
224860	Occipital_Sup_L	234	0	0	0	0	0	0	0	0	0	0	0	0	0	0	0	0	0	0	84	0	0	0	0	0	0	0	0	0	0	0	0	536	0	0	0	0	0	0	0	0	0	17372	948	12112	104	2500	0	0	0	34432	0	1876	0	376	0	690	0	15594	0	6768	0	340	0	3914	0	11260	330	190	0	0	0	0	0	0	0	0	0	0	0	0	0	0	0	2770	0	0	0	0	0	0	0	0	0	0	0	0	0	0	0	0	0	0	0	0	0	0	0	0	0	0	0	0	0	0	0	
361840	Occipital_Sup_R	0	956	0	0	0	0	0	0	0	0	0	0	0	0	0	0	0	0	0	452	0	0	0	0	0	0	0	0	0	0	0	0	0	492	0	200	0	106	0	0	0	0	1460	32278	2938	32752	138	12312	0	0	0	30556	0	3412	0	4558	0	1042	0	9560	0	496	0	802	0	6148	5522	23088	100	984	0	0	0	0	0	0	0	0	0	0	0	0	0	0	0	7588	0	0	0	2582	0	0	0	0	0	0	0	0	0	234	0	0	0	0	0	0	0	0	0	0	0	164	0	0	0	0	
429968	Occipital_Mid_L	2568	0	0	0	0	0	0	0	0	0	0	0	0	0	0	0	154	0	0	128	0	0	0	0	0	0	0	0	130	0	0	0	784	0	156	0	0	0	0	0	0	0	26272	628	6768	86	8054	0	34432	0	0	0	21818	0	7486	0	3850	0	12460	0	18190	0	4876	0	25908	0	8116	90	1786	86	0	0	0	0	0	0	0	0	0	0	900	0	0	0	23180	0	0	0	5404	0	120	0	0	0	0	0	106	0	350	0	0	0	0	0	0	0	0	0	0	0	98	0	0	0	0	0	
217280	Occipital_Mid_R	0	132	0	0	0	0	0	0	0	0	0	0	0	0	0	0	0	0	0	76	0	0	0	0	0	0	0	0	0	0	0	0	0	174	0	0	0	0	0	0	0	0	404	10046	374	10548	0	4462	0	30556	0	0	0	3834	0	2336	0	234	0	4262	0	1128	0	974	0	10302	2886	10530	74	446	0	0	0	0	0	0	0	0	0	0	0	0	0	0	0	12666	0	0	0	2052	0	0	0	0	0	0	0	0	0	144	0	0	0	0	0	0	0	0	0	0	0	0	0	0	0	0	
146852	Occipital_Inf_L	1314	0	0	0	0	0	0	0	0	0	0	0	0	0	0	0	110	0	0	0	0	0	0	0	0	0	0	0	108	0	0	0	108	0	104	0	76	0	0	0	0	0	6478	0	140	0	6436	0	1876	0	21818	0	0	0	12964	0	1168	0	264	0	732	0	1038	0	2898	0	1512	0	1088	0	0	0	0	0	0	0	0	0	0	0	134	0	0	0	5600	0	0	0	5780	0	618	0	0	0	0	0	210	0	660	0	0	0	0	0	0	0	0	0	0	0	192	0	0	0	0	0	
65388	Occipital_Inf_R	0	134	0	0	0	0	0	0	0	0	0	0	0	0	0	0	0	0	0	0	0	0	0	0	0	0	0	0	0	0	0	0	0	0	0	0	0	0	0	0	0	0	122	4686	166	750	0	3952	0	3412	0	3834	0	0	0	5462	0	110	0	0	0	0	0	0	0	0	86	354	0	96	0	0	0	0	0	0	0	0	0	0	0	0	0	0	0	1532	0	0	0	2462	216	208	78	0	0	0	472	398	626	1736	0	0	102	0	0	0	0	0	0	0	726	822	152	0	0	0	
527248	Fusiform_L	4650	0	1682	0	0	0	590	0	0	0	0	0	0	0	334	0	2852	0	1124	142	306	0	0	0	0	0	0	0	9344	124	126	0	450	0	1712	912	23320	672	11794	158	2480	0	10480	0	134	0	23328	780	376	0	7486	0	12964	0	0	84	3690	0	704	0	802	0	1208	0	1486	0	7410	166	1134	0	0	0	3956	0	214	0	1020	234	1850	0	4192	0	2388	0	8384	0	2328	0	28968	0	22864	92	4352	260	0	0	10958	210	25794	166	2252	0	2832	0	222	0	0	0	0	0	2758	1510	736	0	0	80	
606836	Fusiform_R	1302	3810	118	2508	0	0	0	1472	0	0	0	438	0	0	0	164	0	868	272	1472	0	196	0	0	0	0	0	0	0	4096	0	0	0	182	2196	4984	1252	39586	88	35648	0	5892	496	11646	542	1816	298	27722	0	4558	0	2336	0	5462	84	0	0	512	0	296	0	0	0	86	0	104	414	8858	406	990	112	240	0	11552	0	480	1036	4006	0	194	0	1904	0	5146	0	4468	0	2364	0	23564	628	17088	272	3832	0	776	1002	12730	1696	27596	100	0	188	2552	84	202	0	0	0	0	3078	2728	630	0	0	0	
407220	Postcentral_L	46852	0	3264	316	0	0	2692	0	0	0	6306	0	464	0	0	0	12780	0	1700	1424	0	0	0	0	0	0	0	0	15840	0	104	0	386	0	758	548	5070	362	416	78	0	0	1100	0	0	0	246	0	690	0	3850	0	1168	0	3690	0	0	0	7840	0	30172	0	19376	0	3304	0	3128	76	3378	0	302	0	4926	0	432	0	1140	104	6978	0	7628	0	0	0	1960	0	0	0	2468	0	294	0	0	0	0	0	0	0	0	0	0	0	0	0	0	0	0	0	0	0	0	0	0	0	0	0	
211356	Postcentral_R	396	23526	204	634	0	0	0	370	0	0	0	3364	0	134	0	0	0	7318	216	502	0	0	0	0	0	0	0	0	0	4380	0	0	0	922	486	1892	408	1134	0	372	0	0	0	580	0	354	0	340	0	1042	0	234	0	110	0	512	0	0	0	4138	0	6964	0	17866	0	394	2680	6148	114	3474	176	72	0	2490	0	0	0	544	0	624	0	4346	0	0	0	3732	0	0	0	1852	0	0	0	0	0	0	0	144	0	0	0	0	0	0	0	0	0	0	0	0	490	0	0	0	0	0	
167784	Parietal_Sup_L	400	0	98	0	0	0	0	0	0	0	0	0	0	0	0	0	1078	0	90	0	0	0	0	0	0	0	0	0	416	0	0	0	608	0	0	0	0	0	0	0	0	0	2240	0	1956	0	100	0	15594	0	12460	0	264	0	704	0	7840	0	0	0	14038	0	3044	0	3144	0	15480	890	552	0	0	0	86	0	0	0	0	0	0	0	1286	0	0	0	1128	0	0	0	396	0	0	0	0	0	0	0	0	0	0	0	0	0	0	0	0	0	0	0	0	0	0	0	0	0	0	0	
151716	Parietal_Sup_R	0	590	0	0	0	0	0	0	0	0	0	0	0	0	0	0	0	74	0	254	0	0	0	0	0	0	0	0	0	130	0	0	0	264	0	0	0	158	0	0	0	0	0	958	716	7554	0	246	0	9560	0	4262	0	0	0	296	0	4138	0	0	0	3944	0	2990	0	3212	2662	22100	114	778	0	0	0	0	0	0	0	0	0	262	0	2396	0	0	0	5096	0	0	0	3104	0	0	0	0	0	0	0	0	0	0	0	0	0	0	0	0	0	0	0	0	0	0	0	0	0	0	
255768	Parietal_Inf_L	2112	0	318	0	0	0	0	0	0	0	0	0	0	0	0	0	966	0	196	264	0	0	0	0	0	0	0	0	450	0	0	0	564	0	0	0	92	0	0	0	0	0	1184	0	0	0	88	0	6768	0	18190	0	732	0	802	0	30172	0	14038	0	0	0	21290	0	17166	0	3106	0	486	0	0	0	136	0	0	0	104	0	110	0	2296	0	0	0	5224	0	0	0	1030	0	0	0	0	0	0	0	0	0	0	0	0	0	0	0	0	0	0	0	0	0	0	0	0	0	0	0	
64492	Parietal_Inf_R	0	562	0	0	0	0	0	0	0	0	0	0	0	0	0	0	0	0	0	0	0	0	0	0	0	0	0	0	0	0	0	0	0	122	0	0	0	0	0	0	0	0	0	0	0	0	0	0	0	496	0	1128	0	0	0	0	0	6964	0	3944	0	0	0	10120	0	6840	150	1102	0	148	0	0	0	0	0	0	0	0	0	0	0	300	0	0	0	370	0	0	0	0	0	0	0	0	0	0	0	0	0	0	0	0	0	0	0	0	0	0	0	0	0	0	0	0	0	0	
176984	SupraMarginal_L	872	0	506	0	0	0	0	0	0	0	0	0	0	0	0	0	2038	0	266	0	0	0	0	0	0	0	0	0	294	0	0	0	390	0	0	72	190	72	0	0	0	0	330	0	0	0	0	0	340	0	4876	0	1038	0	1208	0	19376	0	3044	0	21290	0	0	0	11344	0	1018	0	0	0	0	0	0	0	0	0	140	0	194	0	8392	0	0	0	9338	0	0	0	1864	0	0	0	0	0	0	0	0	0	0	0	0	0	0	0	0	0	0	0	0	0	0	0	0	0	0	0	
130928	SupraMarginal_R	0	2392	0	0	0	0	0	0	0	0	0	0	0	0	0	0	0	3674	0	264	0	0	0	0	0	0	0	0	0	0	0	0	0	282	0	0	0	170	0	0	0	0	0	0	0	0	0	0	0	802	0	974	0	0	0	86	0	17866	0	2990	0	10120	0	0	0	7840	330	2464	0	650	0	0	0	0	0	0	0	0	0	152	0	6896	0	0	0	5294	0	0	0	2218	0	0	0	0	0	0	0	0	0	0	0	0	0	0	0	0	0	0	0	0	0	0	0	0	0	0	
193352	Angular_L	176	0	0	0	0	0	0	0	0	0	0	0	0	0	0	0	0	0	0	0	0	0	0	0	0	0	0	0	0	0	0	0	188	0	0	0	0	0	0	0	0	0	2926	0	0	0	348	0	3914	0	25908	0	2898	0	1486	0	3304	0	3144	0	17166	0	11344	0	0	0	272	0	104	0	0	0	0	0	0	0	0	0	0	0	4088	0	0	0	17506	0	0	0	1904	0	0	0	0	0	0	0	0	0	0	0	0	0	0	0	0	0	0	0	0	0	0	0	0	0	0	0	
96000	Angular_R	0	0	0	0	0	0	0	0	0	0	0	0	0	0	0	0	0	0	0	0	0	0	0	0	0	0	0	0	0	0	0	0	0	0	0	0	0	0	0	0	0	0	0	356	0	374	0	86	0	6148	0	10302	0	0	0	104	0	394	0	3212	0	6840	0	7840	0	0	208	1544	0	102	0	0	0	0	0	0	0	0	0	0	0	2270	0	0	0	7280	0	0	0	940	0	0	0	0	0	0	0	0	0	0	0	0	0	0	0	0	0	0	0	0	0	0	0	0	0	0	
364192	Precuneus_L	2140	960	100	0	0	0	0	0	0	0	0	0	0	0	0	0	1854	0	0	476	0	0	0	0	0	0	0	0	1148	0	0	0	7242	1474	7568	1060	4582	316	2802	198	0	0	21088	3348	7688	7580	7006	710	11260	5522	8116	2886	1512	86	7410	414	3128	2680	15480	2662	3106	150	1018	330	272	208	0	21218	2258	1660	0	0	0	0	0	0	160	0	228	0	1758	0	0	0	1306	1028	0	0	2930	602	678	0	0	0	0	0	1224	0	614	0	80	0	86	0	0	0	0	0	0	0	686	0	0	0	0	0	
502912	Precuneus_R	672	3296	108	100	0	0	224	0	0	0	0	0	0	0	0	0	0	120	128	2400	0	0	0	0	0	0	0	0	82	412	0	0	1674	7054	3348	13964	1208	6728	366	5450	0	0	80	24016	1728	24486	264	12834	330	23088	90	10530	0	354	166	8858	76	6148	890	22100	0	1102	0	2464	0	1544	21218	0	842	5704	0	0	0	268	0	0	1520	1534	126	320	0	2594	0	0	0	10798	0	0	150	12074	0	0	0	0	0	0	0	772	0	684	0	0	0	0	0	0	0	0	0	0	4370	0	0	0	0	0	
187392	Paracentral_Lobule_L	8114	1740	450	352	0	0	0	0	0	0	0	0	0	0	0	0	180	0	16492	17302	0	0	0	0	0	0	0	0	230	0	0	0	2566	6532	3858	2874	286	484	0	426	0	0	730	228	0	106	0	82	190	100	1786	74	1088	0	1134	406	3378	114	552	114	486	0	0	0	104	0	2258	842	0	7580	1616	850	442	74	476	0	4132	1106	0	0	130	0	0	0	472	0	0	0	882	0	126	0	0	0	0	0	0	0	0	152	0	0	0	0	0	0	0	0	0	0	0	0	0	0	0	0	
184092	Paracentral_Lobule_R	856	9292	116	990	0	0	0	0	0	0	0	0	0	0	0	0	0	0	3258	23644	0	0	0	0	0	0	0	0	0	80	0	86	698	7562	2158	5368	0	618	0	516	0	0	0	1014	0	620	0	346	0	984	86	446	0	96	0	990	0	3474	0	778	0	148	0	650	0	102	1660	5704	7580	0	366	3280	0	0	0	0	430	3136	0	0	0	344	0	0	0	1850	0	0	0	2126	0	0	0	0	0	0	0	0	0	150	0	0	0	0	0	0	0	0	0	0	444	0	0	0	0	0	
340192	Caudate_L	520	2342	21348	6678	698	1654	2512	992	212	358	0	0	0	0	698	502	0	138	17322	6502	7502	7460	1372	480	812	590	1782	1752	160	704	8816	4378	0	246	146	158	336	404	0	196	0	136	0	0	0	0	0	0	0	0	0	0	0	0	0	112	302	176	0	0	0	0	0	0	0	0	0	0	1616	366	0	19714	20322	5384	3522	1590	12196	4708	0	0	0	0	0	0	0	0	0	0	0	0	0	0	0	0	0	0	0	0	0	0	0	0	0	0	0	0	0	0	0	182	0	0	0	0	0	0	
508620	Caudate_R	774	2542	3454	30620	160	10496	672	1860	0	2116	0	370	0	700	110	2396	0	208	7048	32116	2596	8228	2172	12424	212	7360	296	3420	164	2026	10984	27868	0	584	560	670	624	1474	0	620	0	0	0	0	0	0	0	0	0	0	0	0	0	0	0	240	0	72	0	0	0	0	0	0	0	0	0	0	850	3280	19714	0	8444	20084	468	2864	3810	16560	0	0	0	0	0	0	0	0	0	0	0	0	0	0	0	0	0	0	0	0	0	0	0	0	0	0	0	0	0	0	0	0	0	0	0	0	0	0	
396144	Putamen_L	7912	0	26076	664	9928	882	6114	0	5514	184	2256	0	1584	0	3882	188	560	0	13400	940	3068	4356	1594	178	398	210	882	1084	20280	0	7524	2598	0	212	0	0	8964	0	1754	0	410	0	0	0	0	0	174	0	0	0	0	0	0	0	3956	0	4926	0	86	0	136	0	0	0	0	0	0	0	442	0	20322	8444	0	2680	9614	1262	2884	154	250	0	2532	0	1136	0	1312	0	74	0	4092	0	0	0	0	0	0	0	0	0	0	0	0	0	0	0	0	0	0	0	0	0	0	0	0	0	0	0	
465592	Putamen_R	3488	5152	910	17686	0	3538	0	5996	0	2024	0	3878	0	720	0	3562	0	10972	2094	8956	970	3668	522	1612	88	1976	104	1694	0	26974	4394	7794	0	0	3468	3690	3262	20418	0	13098	0	1132	0	0	0	0	0	484	0	0	0	0	0	0	0	11552	0	2490	0	0	0	0	0	0	0	0	0	268	74	0	5384	20084	2680	0	0	2884	1028	8516	0	480	0	3786	0	828	0	954	0	0	0	2780	0	98	0	0	0	0	0	4058	0	434	0	0	0	0	0	0	0	0	0	0	94	0	0	0	0	0	
70700	Pallidum_L	1044	0	7490	0	0	0	602	0	0	0	0	0	0	0	0	0	0	0	5756	360	0	182	0	0	0	0	0	0	186	0	172	0	0	222	0	0	716	0	138	0	0	0	0	0	0	0	0	0	0	0	0	0	0	0	214	0	432	0	0	0	0	0	0	0	0	0	0	0	476	0	3522	468	9614	0	0	0	3640	0	0	0	0	0	0	0	0	0	0	0	116	0	0	0	0	0	0	0	0	0	0	0	0	0	0	0	0	0	0	0	0	0	0	0	0	0	0	0	
32872	Pallidum_R	232	246	0	1264	0	0	0	424	0	0	0	0	0	0	0	0	0	150	0	906	0	156	0	0	0	0	0	0	0	444	264	422	0	0	238	244	238	920	0	640	0	0	0	0	0	0	0	0	0	0	0	0	0	0	0	480	0	0	0	0	0	0	0	0	0	0	0	0	0	0	1590	2864	1262	2884	0	0	80	294	0	0	0	0	0	0	0	0	0	0	0	0	0	0	0	0	0	0	0	194	0	0	0	0	0	0	0	0	0	0	0	0	0	0	0	0	0	0	
216048	Thalamus_L	9118	2404	3496	1676	0	0	1296	230	0	0	0	0	0	0	0	0	0	346	5326	790	0	0	182	152	0	106	0	0	1048	778	600	1184	0	0	4100	6336	5918	6324	400	1998	0	0	0	0	0	0	410	172	0	0	0	0	0	0	1020	1036	1140	0	0	0	104	0	140	0	0	0	160	1520	4132	430	12196	3810	2884	1028	3640	80	0	17686	534	110	268	274	0	0	146	102	0	0	940	254	0	0	0	0	0	0	0	0	0	0	0	0	0	0	0	0	0	0	0	0	0	0	0	0	0	0	
378936	Thalamus_R	11974	8384	1090	12872	0	180	218	2034	0	0	0	468	0	382	0	0	0	3256	998	10028	0	76	100	418	0	280	0	0	80	8112	586	1794	0	0	10860	13088	10554	19616	110	6630	0	0	0	78	0	0	78	370	0	0	0	0	0	0	234	4006	104	544	0	0	0	0	0	0	0	0	0	1534	1106	3136	4708	16560	154	8516	0	294	17686	0	74	858	0	2178	0	0	0	596	0	0	182	1788	0	0	0	0	0	0	0	326	0	170	0	0	0	0	0	0	0	0	0	0	0	0	0	0	0	0	
92544	Heschl_L	6224	0	422	0	0	0	178	0	0	0	1120	0	116	0	0	0	5502	0	304	0	0	0	0	0	0	0	0	0	9752	0	0	0	0	0	752	610	3692	424	0	76	0	0	0	0	0	0	112	0	0	0	0	0	0	0	1850	0	6978	0	0	0	110	0	194	0	0	0	228	126	0	0	0	0	250	0	0	0	534	74	0	0	4668	0	0	0	1050	0	0	0	788	0	138	0	0	0	0	0	0	0	0	0	0	0	0	0	0	0	0	0	0	0	0	0	0	0	0	0	
37824	Heschl_R	456	336	0	288	0	0	0	218	0	0	0	82	0	0	0	0	0	2236	0	0	0	0	0	0	0	0	0	0	0	3674	0	0	0	0	462	554	440	960	0	100	0	0	0	0	0	0	0	0	0	0	0	0	0	0	0	194	0	624	0	262	0	0	0	152	0	0	0	320	0	0	0	0	0	480	0	0	110	858	0	0	0	4484	0	510	0	866	0	0	0	172	0	0	0	0	0	0	0	0	0	74	0	0	0	0	0	0	0	0	0	0	0	0	0	0	0	0	
264484	Temporal_Sup_L	4334	0	3212	0	0	0	1188	0	0	0	2896	0	324	0	84	0	10974	0	1628	0	0	0	0	0	0	0	0	0	14710	0	0	0	492	0	154	114	2986	86	332	0	78	0	172	0	0	0	0	0	0	0	900	0	134	0	4192	0	7628	0	1286	0	2296	0	8392	0	4088	0	1758	0	130	0	0	0	2532	0	0	0	268	0	4668	0	0	0	6690	0	31716	0	192	0	11446	0	162	0	0	0	0	0	0	0	0	0	0	0	0	0	0	0	0	0	0	0	0	0	0	0	0	0	
171268	Temporal_Sup_R	962	1432	0	814	0	0	0	392	0	0	0	588	0	90	0	1190	0	8244	0	272	0	0	0	0	0	0	0	0	0	10530	0	160	0	116	894	1050	818	3576	0	980	0	0	0	108	0	0	0	84	0	0	0	0	0	0	0	1904	0	4346	0	2396	0	300	0	6896	0	2270	0	2594	0	344	0	0	0	3786	0	0	274	2178	0	4484	0	0	0	5332	0	11906	0	450	0	3568	0	0	0	0	0	0	0	146	0	160	0	0	0	0	0	0	0	0	0	0	0	0	0	0	0	0	
92556	Temporal_Pole_Sup_L	0	0	678	0	648	0	180	0	332	0	1658	0	874	0	1554	0	1324	0	214	0	878	0	0	0	0	0	0	0	7854	0	0	0	0	0	0	0	2254	0	648	0	1174	0	0	0	0	0	0	0	0	0	0	0	0	0	2388	0	0	0	0	0	0	0	0	0	0	0	0	0	0	0	0	0	1136	0	0	0	0	0	0	0	6690	0	0	0	6718	0	3522	0	5554	0	0	0	0	0	0	0	0	0	0	0	0	0	0	0	0	0	0	0	0	0	0	0	0	0	0	0	
83288	Temporal_Pole_Sup_R	0	0	0	0	0	0	0	392	0	102	0	298	0	100	0	1770	0	1940	0	0	0	108	0	0	0	0	0	0	0	3860	0	292	0	0	0	0	0	974	0	2790	0	1648	0	0	0	0	0	0	0	0	0	0	0	0	0	5146	0	0	0	0	0	0	0	0	0	0	0	0	0	0	0	0	0	828	0	0	0	0	0	510	0	5332	0	0	0	5544	0	5910	0	4000	0	0	0	0	0	0	0	100	0	0	0	0	0	0	0	0	0	0	0	0	0	0	0	0	0	0	
350356	Temporal_Mid_L	2178	0	972	0	0	0	304	0	0	0	256	0	0	0	0	0	1280	0	658	0	0	0	0	0	0	0	0	0	4658	0	0	0	1142	0	142	74	2492	0	86	0	0	0	3376	0	102	0	318	0	2770	0	23180	0	5600	0	8384	0	1960	0	1128	0	5224	0	9338	0	17506	0	1306	0	472	0	0	0	1312	0	0	0	146	0	1050	0	31716	0	6718	0	0	0	3822	0	35436	0	72	0	0	0	0	0	0	0	0	0	0	0	0	0	0	0	0	0	0	0	0	0	0	0	0	0	
268632	Temporal_Mid_R	238	2018	0	220	0	0	0	278	0	0	0	120	0	0	0	168	0	564	0	614	0	0	0	0	0	0	0	0	0	2380	0	0	0	434	262	516	220	1468	0	582	0	0	0	6614	0	2644	0	536	0	7588	0	12666	0	1532	0	4468	0	3732	0	5096	0	370	0	5294	0	7280	1028	10798	0	1850	0	0	0	954	0	0	102	596	0	866	0	11906	0	5544	0	0	0	3964	0	28642	0	0	0	0	0	0	0	0	0	164	0	0	0	0	0	0	0	0	0	0	0	0	0	0	0	0	
31412	Temporal_Pole_Mid_L	0	0	0	0	0	0	0	0	0	0	0	0	0	0	0	0	0	0	0	0	0	0	0	0	0	0	0	0	252	0	0	0	0	0	0	0	418	0	480	0	368	0	0	0	0	0	0	0	0	0	0	0	0	0	2328	0	0	0	0	0	0	0	0	0	0	0	0	0	0	0	0	0	74	0	0	0	0	0	0	0	192	0	3522	0	3822	0	0	0	4250	0	0	0	0	0	0	0	0	0	0	0	0	0	0	0	0	0	0	0	0	0	0	0	0	0	0	0	
35256	Temporal_Pole_Mid_R	0	0	0	0	0	0	0	0	0	0	0	0	0	0	0	0	0	0	0	0	0	0	0	0	0	0	0	0	0	0	0	0	0	0	0	0	0	202	0	2132	0	274	0	0	0	0	0	0	0	0	0	0	0	0	0	2364	0	0	0	0	0	0	0	0	0	0	0	0	0	0	0	0	0	0	0	0	0	0	0	0	0	450	0	5910	0	3964	0	0	0	2332	0	0	0	0	0	0	0	0	0	0	0	0	0	0	0	0	0	0	0	0	0	0	0	0	0	0	
329624	Temporal_Inf_L	4220	0	1730	0	0	0	580	0	0	0	0	0	0	0	256	0	1940	0	1216	0	220	0	0	0	0	0	0	0	7714	0	78	0	1596	0	1008	730	16330	524	3280	132	576	0	2338	0	0	0	632	0	0	0	5404	0	5780	0	28968	0	2468	0	396	0	1030	0	1864	0	1904	0	2930	150	882	0	0	0	4092	0	116	0	940	182	788	0	11446	0	5554	0	35436	0	4250	0	0	0	1856	0	910	0	0	0	390	0	1006	0	500	0	470	0	0	0	0	0	0	0	0	0	0	0	0	0	
277780	Temporal_Inf_R	426	2930	0	540	0	0	0	468	0	0	0	286	0	0	0	104	0	484	0	1740	0	0	0	0	0	0	0	0	0	3852	0	0	0	256	612	3244	356	7070	0	2702	0	0	0	7988	0	1104	0	3760	0	2582	0	2052	0	2462	0	23564	0	1852	0	3104	0	0	0	2218	0	940	602	12074	0	2126	0	0	0	2780	0	0	254	1788	0	172	0	3568	0	4000	0	28642	0	2332	0	0	0	1732	0	216	0	0	0	246	0	648	0	0	0	214	0	0	0	0	0	0	800	0	0	0	0	0	
545180	Cerebelum_Crus1_L	362	0	0	0	0	0	0	0	0	0	0	0	0	0	0	0	342	0	0	0	0	0	0	0	0	0	0	0	356	0	0	0	0	0	0	0	340	0	404	0	0	0	1370	0	0	0	17630	4582	0	0	120	0	618	216	22864	628	294	0	0	0	0	0	0	0	0	0	678	0	126	0	0	0	0	0	0	0	0	0	138	0	162	0	0	0	72	0	0	0	1856	0	0	2220	42296	4176	228	172	23612	3062	57954	3664	21526	1504	25866	2604	426	114	108	0	0	0	10906	8550	9236	1006	82	120	
364440	Cerebelum_Crus1_R	0	0	0	0	0	0	0	0	0	0	0	0	0	0	0	0	0	0	0	0	0	0	0	0	0	0	0	0	0	0	0	0	0	0	0	0	0	172	0	364	0	0	0	0	0	0	368	5720	0	0	0	0	0	208	92	17088	0	0	0	0	0	0	0	0	0	0	0	0	0	0	0	0	0	98	0	0	0	0	0	0	0	0	0	0	0	0	0	0	0	1732	2220	0	952	35276	100	2380	1508	16300	3002	48190	740	2388	1158	24130	292	1476	0	134	0	94	4398	4364	6962	240	74	0	
333652	Cerebelum_Crus2_L	0	0	0	0	0	0	0	0	0	0	0	0	0	0	0	0	0	0	0	0	0	0	0	0	0	0	0	0	0	0	0	0	0	0	0	0	0	0	0	0	0	0	0	0	0	0	2910	1308	0	0	0	0	0	78	4352	272	0	0	0	0	0	0	0	0	0	0	0	0	0	0	0	0	0	0	0	0	0	0	0	0	0	0	0	0	0	0	0	0	910	0	42296	952	0	6714	0	90	3708	538	14826	1434	35064	2468	31664	2616	594	82	186	0	0	0	1214	2838	7436	2182	0	94	
335176	Cerebelum_Crus2_R	0	0	0	0	0	0	0	0	0	0	0	0	0	0	0	0	0	0	0	0	0	0	0	0	0	0	0	0	0	0	0	0	0	0	0	0	0	0	0	146	0	0	0	0	0	0	598	1638	0	0	0	0	0	0	260	3832	0	0	0	0	0	0	0	0	0	0	0	0	0	0	0	0	0	0	0	0	0	0	0	0	0	0	0	0	0	0	0	0	0	216	4176	35276	6714	0	144	1530	846	6930	3500	15934	3118	17668	3650	38568	430	1490	0	170	144	218	2278	3818	12010	1886	314	86	
61504	Cerebelum_3_L	0	0	0	0	0	0	0	0	0	0	0	0	0	0	0	0	0	0	0	0	0	0	0	0	0	0	0	0	0	0	0	0	0	0	0	0	0	0	184	0	0	0	0	0	0	0	504	0	0	0	0	0	0	0	0	0	0	0	0	0	0	0	0	0	0	0	0	0	0	0	0	0	0	0	0	0	0	0	0	0	0	0	0	0	0	0	0	0	0	0	228	100	0	144	0	586	5942	254	1156	298	0	0	3138	798	4894	1138	0	0	1148	3212	1094	1580	486	1744	1364	760	
77376	Cerebelum_3_R	0	0	0	0	0	0	0	0	0	0	0	0	0	0	0	0	0	0	0	0	0	0	0	0	0	0	0	0	0	0	0	0	0	0	0	0	0	0	0	2048	0	0	0	0	0	0	0	2012	0	0	0	0	0	0	0	776	0	0	0	0	0	0	0	0	0	0	0	0	0	0	0	0	0	0	0	0	0	0	0	0	0	0	0	0	0	0	0	0	0	0	172	2380	90	1530	586	0	542	6006	602	3400	0	0	234	3250	730	2552	0	0	1606	3618	1000	1006	598	2248	1530	172	
365768	Cerebelum_4_5_L	0	0	0	0	0	0	0	0	0	0	0	0	0	0	0	0	0	0	0	0	0	0	0	0	0	0	0	0	0	0	0	0	0	0	360	0	1112	0	1598	0	0	0	822	0	0	0	17088	5052	0	0	106	0	210	472	10958	1002	0	0	0	0	0	0	0	0	0	0	1224	0	0	0	0	0	0	0	0	0	0	0	0	0	0	0	0	0	0	0	0	0	390	0	23612	1508	3708	846	5942	542	0	5050	33196	3854	5866	0	14804	1316	5872	884	130	0	486	1798	20526	6268	1722	1592	1524	1444	
300356	Cerebelum_4_5_R	178	530	0	1038	0	0	0	1104	0	0	0	222	0	0	0	0	0	432	0	98	0	108	0	0	0	0	0	0	0	956	0	0	0	0	190	322	192	6668	0	8282	0	282	72	122	0	0	1118	8890	0	0	0	0	0	398	210	12730	0	144	0	0	0	0	0	0	0	0	0	772	0	0	0	0	0	4058	0	194	0	326	0	0	0	146	0	100	0	0	0	0	0	246	3062	16300	538	6930	254	6006	5050	0	4476	26144	786	276	1512	8756	526	1268	0	616	120	838	11752	2036	1002	1270	532	0	
531860	Cerebelum_6_L	80	0	0	0	0	0	0	0	0	0	0	0	0	0	0	0	0	0	0	0	0	0	0	0	0	0	0	0	0	0	0	0	0	0	118	84	442	0	394	0	0	0	1154	96	0	0	22954	7640	0	0	350	0	660	626	25794	1696	0	0	0	0	0	0	0	0	0	0	614	0	0	0	0	0	0	0	0	0	0	0	0	0	0	0	0	0	0	0	0	0	1006	0	57954	3002	14826	3500	1156	602	33196	4476	0	6880	11910	1046	16746	2648	2290	392	134	0	104	314	16540	14526	7808	1364	492	316	
426476	Cerebelum_6_R	124	826	0	76	0	0	0	0	0	0	0	0	0	0	0	0	0	110	88	264	0	0	0	0	0	0	0	0	0	182	0	0	0	0	390	798	82	4376	0	3762	0	0	0	468	0	104	800	12218	0	234	0	144	0	1736	166	27596	0	0	0	0	0	0	0	0	0	0	0	684	152	150	0	0	0	434	0	0	0	170	0	74	0	160	0	0	0	164	0	0	0	648	3664	48190	1434	15934	298	3400	3854	26144	6880	0	860	584	1518	13732	948	1100	0	584	106	276	9046	9946	6314	792	368	86	
289080	Cerebelum_7b_L	0	0	0	0	0	0	0	0	0	0	0	0	0	0	0	0	0	0	0	0	0	0	0	0	0	0	0	0	0	0	0	0	0	0	0	0	74	0	74	0	0	0	0	0	0	0	2104	494	0	0	0	0	0	0	2252	100	0	0	0	0	0	0	0	0	0	0	80	0	0	0	0	0	0	0	0	0	0	0	0	0	0	0	0	0	0	0	0	0	500	0	21526	740	35064	3118	0	0	5866	786	11910	860	0	1522	39656	2748	2434	0	914	0	0	0	2090	1026	5610	2798	96	98	
112432	Cerebelum_7b_R	0	0	0	0	0	0	0	0	0	0	0	0	0	0	0	0	0	0	0	0	0	0	0	0	0	0	0	0	0	0	0	0	0	0	0	0	0	0	0	0	0	0	0	0	0	0	154	586	0	0	0	0	0	0	0	0	0	0	0	0	0	0	0	0	0	0	0	0	0	0	0	0	0	0	0	0	0	0	0	0	0	0	0	0	0	0	0	0	0	0	1504	2388	2468	17668	0	0	0	276	1046	584	1522	0	1048	18064	0	1764	0	0	0	0	0	1356	4506	1210	72	0	
424308	Cerebelum_8_L	0	0	0	0	0	0	0	0	0	0	0	0	0	0	0	0	0	0	0	0	0	0	0	0	0	0	0	0	0	0	0	0	0	0	0	0	106	0	202	0	0	0	0	0	0	0	3480	876	0	0	0	0	0	102	2832	188	0	0	0	0	0	0	0	0	0	0	86	0	0	0	0	0	0	0	0	0	0	0	0	0	0	0	0	0	0	0	0	0	470	0	25866	1158	31664	3650	3138	234	14804	1512	16746	1518	39656	1048	0	5506	23324	974	4562	0	128	696	4906	2824	7808	6068	3194	2828	
351436	Cerebelum_8_R	0	0	0	0	0	0	0	0	0	0	0	0	0	0	0	0	0	0	0	0	0	0	0	0	0	0	0	0	0	0	0	0	0	0	0	0	0	0	0	162	0	0	0	0	0	0	132	758	0	0	0	0	0	0	0	2552	0	0	0	0	0	0	0	0	0	0	0	0	0	0	0	0	0	0	0	0	0	0	0	0	0	0	0	0	0	0	0	0	0	214	2604	24130	2616	38568	798	3250	1316	8756	2648	13732	2748	18064	5506	0	2066	15706	0	518	1006	1562	2818	3344	7246	8218	3912	768	
141992	Cerebelum_9_L	0	0	0	0	0	0	0	0	0	0	0	0	0	0	0	0	0	0	0	0	0	0	0	0	0	0	0	0	0	0	0	0	0	0	0	0	0	0	0	0	0	0	0	0	0	0	620	160	0	0	0	0	0	0	222	84	0	0	0	0	0	0	0	0	0	0	0	0	0	0	0	0	0	0	0	0	0	0	0	0	0	0	0	0	0	0	0	0	0	0	426	292	594	430	4894	730	5872	526	2290	948	2434	0	23324	2066	0	2298	5390	0	332	1042	1862	3518	1318	3580	3656	2088	
116076	Cerebelum_9_R	0	0	0	0	0	0	0	0	0	0	0	0	0	0	0	0	0	0	0	0	0	0	0	0	0	0	0	0	0	0	0	0	0	0	0	0	0	0	0	114	0	0	0	0	0	0	0	108	0	0	0	0	0	0	0	202	0	0	0	0	0	0	0	0	0	0	0	0	0	0	0	0	0	0	0	0	0	0	0	0	0	0	0	0	0	0	0	0	0	0	114	1476	82	1490	1138	2552	884	1268	392	1100	0	1764	974	15706	2298	0	0	1372	2498	2926	2092	2238	1058	5198	6128	2866	
22848	Cerebelum_10_L	0	0	0	0	0	0	0	0	0	0	0	0	0	0	0	0	0	0	0	0	0	0	0	0	0	0	0	0	0	0	0	0	0	0	0	0	0	0	0	0	0	0	0	0	0	0	0	0	0	0	0	0	0	0	0	0	0	0	0	0	0	0	0	0	0	0	0	0	0	0	0	0	0	0	0	0	0	0	0	0	0	0	0	0	0	0	0	0	0	0	108	0	186	0	0	0	130	0	134	0	914	0	4562	0	5390	0	0	0	0	0	0	0	0	0	0	0	
6940	Cerebelum_10_R	0	0	0	0	0	0	0	0	0	0	0	0	0	0	0	0	0	0	0	0	0	0	0	0	0	0	0	0	0	0	0	0	0	0	0	0	0	0	0	0	0	0	0	0	0	0	0	0	0	0	0	0	0	0	0	0	0	0	0	0	0	0	0	0	0	0	0	0	0	0	0	0	0	0	0	0	0	0	0	0	0	0	0	0	0	0	0	0	0	0	0	134	0	170	0	0	0	616	0	584	0	0	0	518	0	1372	0	0	76	0	0	0	0	0	0	0	
39892	Vermis_1_2	0	0	0	0	0	0	0	0	0	0	0	0	0	0	0	0	0	0	0	0	0	0	0	0	0	0	0	0	0	0	0	0	0	0	0	0	0	0	0	0	0	0	0	0	0	0	0	0	0	0	0	0	0	0	0	0	0	0	0	0	0	0	0	0	0	0	0	0	0	0	0	0	0	0	0	0	0	0	0	0	0	0	0	0	0	0	0	0	0	0	0	0	0	144	1148	1606	486	120	104	106	0	0	128	1006	332	2498	0	76	0	6366	984	650	328	1548	1838	478	
