data	data	473900	321404	1.03877e+06	657168	194088	125380	483288	226456	167944	70788	221324	210828	277860	192224	249796	119812	243632	133056	825288	536352	64164	76492	269260	378368	40804	109308	41156	47136	602140	482740	261592	530148	144908	448656	245268	223352	256764	400252	65032	175164	31884	73916	321808	371044	210916	230792	372240	409356	248988	238228	456600	235376	124308	167124	398500	579736	394716	174072	142040	62132	184876	87244	97484	106012	100664	113588	347192	419244	171824	91672	332176	368500	469896	331392	71648	29168	154156	147292	86288	83008	238644	198028	84204	43132	361916	205732	25688	24456	358512	269796	475172	513796	284800	298464	59544	80884	338780	314988	496000	492680	253964	106760	297784	277512	138616	135280	29628	9940	40088	82588	295920	172016	252580	196620	114216	41500	
data	data	Precentral_L	Precentral_R	Frontal_Sup_L	Frontal_Sup_R	Frontal_Sup_Orb_L	Frontal_Sup_Orb_R	Frontal_Mid_L	Frontal_Mid_R	Frontal_Mid_Orb_L	Frontal_Mid_Orb_R	Frontal_Inf_Oper_L	Frontal_Inf_Oper_R	Frontal_Inf_Tri_L	Frontal_Inf_Tri_R	Frontal_Inf_Orb_L	Frontal_Inf_Orb_R	Rolandic_Oper_L	Rolandic_Oper_R	Supp_Motor_Area_L	Supp_Motor_Area_R	Olfactory_L	Olfactory_R	Frontal_Sup_Medial_L	Frontal_Sup_Medial_R	Frontal_Med_Orb_L	Frontal_Med_Orb_R	Rectus_L	Rectus_R	Insula_L	Insula_R	Cingulum_Ant_L	Cingulum_Ant_R	Cingulum_Mid_L	Cingulum_Mid_R	Cingulum_Post_L	Cingulum_Post_R	Hippocampus_L	Hippocampus_R	ParaHippocampal_L	ParaHippocampal_R	Amygdala_L	Amygdala_R	Calcarine_L	Calcarine_R	Cuneus_L	Cuneus_R	Lingual_L	Lingual_R	Occipital_Sup_L	Occipital_Sup_R	Occipital_Mid_L	Occipital_Mid_R	Occipital_Inf_L	Occipital_Inf_R	Fusiform_L	Fusiform_R	Postcentral_L	Postcentral_R	Parietal_Sup_L	Parietal_Sup_R	Parietal_Inf_L	Parietal_Inf_R	SupraMarginal_L	SupraMarginal_R	Angular_L	Angular_R	Precuneus_L	Precuneus_R	Paracentral_Lobule_L	Paracentral_Lobule_R	Caudate_L	Caudate_R	Putamen_L	Putamen_R	Pallidum_L	Pallidum_R	Thalamus_L	Thalamus_R	Heschl_L	Heschl_R	Temporal_Sup_L	Temporal_Sup_R	Temporal_Pole_Sup_L	Temporal_Pole_Sup_R	Temporal_Mid_L	Temporal_Mid_R	Temporal_Pole_Mid_L	Temporal_Pole_Mid_R	Temporal_Inf_L	Temporal_Inf_R	Cerebelum_Crus1_L	Cerebelum_Crus1_R	Cerebelum_Crus2_L	Cerebelum_Crus2_R	Cerebelum_3_L	Cerebelum_3_R	Cerebelum_4_5_L	Cerebelum_4_5_R	Cerebelum_6_L	Cerebelum_6_R	Cerebelum_7b_L	Cerebelum_7b_R	Cerebelum_8_L	Cerebelum_8_R	Cerebelum_9_L	Cerebelum_9_R	Cerebelum_10_L	Cerebelum_10_R	Vermis_1_2	Vermis_3	Vermis_4_5	Vermis_6	Vermis_7	Vermis_8	Vermis_9	Vermis_10	
473900	Precentral_L	0	3368	25706	1934	202	0	18480	170	458	0	13786	434	2908	0	512	0	12480	158	17288	5646	0	0	0	0	0	0	0	0	17640	846	446	168	1060	2456	8556	2460	8512	232	482	0	0	0	1180	0	1018	0	1026	0	160	0	840	0	118	0	1086	0	37542	0	116	0	2808	0	406	0	116	0	3208	684	11608	680	3106	1422	7796	266	3666	184	2468	200	3138	0	3364	0	0	0	920	0	0	0	1436	0	0	0	0	0	0	0	0	0	0	0	0	0	0	0	0	0	0	0	0	0	0	0	0	0	0	0	
321404	Precentral_R	3368	0	2652	8682	0	0	738	11796	386	0	0	12832	208	2508	392	0	0	4226	2574	7562	0	0	0	164	0	0	0	0	364	4120	388	998	0	3330	2914	9458	1374	6486	162	568	0	0	0	998	0	282	0	532	0	0	0	128	0	804	0	1768	668	19660	0	0	0	346	0	3418	0	0	134	3962	1612	5736	5416	3434	2026	3072	294	0	4432	9748	0	308	0	456	0	0	0	878	0	0	0	2340	0	0	0	0	0	0	0	0	0	0	0	0	0	0	0	0	0	0	0	0	0	0	0	0	0	0	
1.03877e+06	Frontal_Sup_L	25706	2652	0	6924	16056	0	69052	1168	6542	0	16694	812	21806	124	9934	0	9066	0	107296	22728	0	0	28558	3370	1098	128	0	0	35548	1600	14334	3900	2640	10258	1036	1348	7502	6432	336	586	0	0	0	0	0	0	0	0	0	0	0	0	0	0	846	130	9086	0	0	0	304	0	0	0	0	0	140	764	936	230	11976	2938	35774	1482	7268	206	3466	1054	1050	0	3250	262	1946	0	120	0	0	0	738	0	0	0	0	0	0	0	0	0	186	0	0	0	0	0	0	0	0	0	0	0	0	0	0	0	0	0	
657168	Frontal_Sup_R	1934	8682	6924	0	210	7838	782	28690	164	2080	0	8382	116	10068	194	4000	0	6422	11242	35004	0	112	7804	39226	0	5350	0	258	202	19280	4656	39030	1692	17206	196	904	136	4708	0	852	0	580	0	126	0	0	0	0	0	0	0	0	0	138	0	958	1614	1702	0	0	0	0	0	180	0	0	0	852	192	0	4252	15594	1336	18612	0	2980	450	3376	0	650	0	260	0	0	0	0	0	0	0	174	0	0	0	0	0	0	0	0	0	214	0	0	0	0	0	0	0	0	0	0	0	0	0	0	0	0	
194088	Frontal_Sup_Orb_L	202	0	16056	210	0	0	3136	304	13258	0	0	276	2614	110	10006	0	0	0	3646	440	970	0	4410	640	4590	250	4674	0	6364	344	5618	592	0	372	0	0	0	334	0	0	126	0	0	0	0	0	0	0	0	0	0	0	0	0	0	0	0	0	0	0	0	0	0	0	0	0	0	0	0	0	2460	546	14114	134	0	0	0	0	0	0	0	0	248	0	0	0	0	0	0	0	0	0	0	0	0	0	0	0	0	0	0	0	0	0	0	0	0	0	0	0	0	0	0	0	0	0	
125380	Frontal_Sup_Orb_R	0	0	0	7838	0	0	0	3630	0	8036	0	684	0	2614	0	4780	0	194	0	656	0	722	180	6768	0	7074	0	5204	0	3224	0	5004	0	488	0	0	0	0	0	0	0	150	0	0	0	0	0	0	0	0	0	0	0	0	0	0	0	0	0	0	0	0	0	0	0	0	0	0	0	0	0	2790	0	2654	0	0	0	0	0	0	0	0	0	0	0	0	0	0	0	0	0	0	0	0	0	0	0	0	0	0	0	0	0	0	0	0	0	0	0	0	0	0	0	0	0	0	
483288	Frontal_Mid_L	18480	738	69052	782	3136	0	0	548	5548	0	11146	864	30262	138	8576	0	5760	256	13192	1314	0	0	11110	922	0	0	0	0	21950	1638	4192	986	296	864	258	110	4194	482	346	0	0	0	0	0	0	0	124	0	0	0	0	0	0	0	258	0	3726	0	0	0	0	0	0	0	0	0	134	0	0	0	4692	2296	9372	484	114	0	630	0	402	0	1648	0	408	0	0	0	0	0	216	0	0	0	0	0	0	0	0	0	0	0	0	0	0	0	0	0	0	0	0	0	0	0	0	0	0	0	
226456	Frontal_Mid_R	170	11796	1168	28690	304	3630	548	0	366	3634	638	8500	716	16500	446	2178	0	1056	1176	2220	0	0	756	3536	0	0	0	0	1320	5220	998	3588	364	2382	0	0	0	694	0	110	0	124	0	0	0	0	0	0	0	0	0	0	0	0	0	200	0	1634	0	0	0	0	0	0	0	0	0	0	0	0	3542	568	1072	3076	0	112	0	0	0	0	0	0	196	0	0	0	0	0	0	0	0	0	0	0	0	0	0	0	0	0	0	0	0	0	0	0	0	0	0	0	0	0	0	0	0	0	
167944	Frontal_Mid_Orb_L	458	386	6542	164	13258	0	5548	366	0	0	232	270	6222	0	21148	0	0	0	2260	158	0	0	182	234	336	0	2120	0	6814	546	1060	756	0	128	0	0	0	464	0	0	0	0	0	0	0	0	0	0	0	0	0	0	0	0	0	0	0	0	0	0	0	0	0	0	0	0	0	0	0	0	3560	1066	9372	322	0	0	0	0	0	0	0	0	0	0	0	0	0	0	0	0	0	0	0	0	0	0	0	0	0	0	0	0	0	0	0	0	0	0	0	0	0	0	0	0	0	0	
70788	Frontal_Mid_Orb_R	0	0	0	2080	0	8036	0	3634	0	0	0	220	0	5062	0	10294	0	0	0	0	0	110	0	1158	0	0	0	0	0	3286	0	1020	0	0	0	0	0	0	0	0	0	0	0	0	0	0	0	0	0	0	0	0	0	0	0	0	0	0	0	0	0	0	0	0	0	0	0	0	0	0	0	0	0	494	0	0	0	0	0	0	0	0	0	0	0	0	0	0	0	0	0	0	0	0	0	0	0	0	0	0	0	0	0	0	0	0	0	0	0	0	0	0	0	0	0	0	
221324	Frontal_Inf_Oper_L	13786	0	16694	0	0	0	11146	638	232	0	0	0	12170	0	608	0	9328	0	11528	424	0	0	0	0	0	0	0	0	17372	0	1482	144	0	420	0	0	590	390	0	0	0	0	0	0	0	0	0	0	0	0	0	0	0	0	204	0	5510	0	0	0	0	0	0	0	0	0	0	0	0	0	584	134	1420	0	0	0	0	0	110	0	3344	0	2208	0	0	0	0	0	196	0	0	0	0	0	0	0	0	0	0	0	0	0	0	0	0	0	0	0	0	0	0	0	0	0	0	0	
210828	Frontal_Inf_Oper_R	434	12832	812	8382	276	684	864	8500	270	220	0	0	0	9240	272	950	0	5286	1140	3250	0	0	200	3192	0	966	0	0	0	20928	528	5690	0	1558	0	0	0	676	0	144	0	0	0	0	0	0	0	0	0	0	0	0	0	0	0	248	0	4208	0	0	0	0	0	166	0	0	0	0	0	0	1950	5516	552	5140	0	0	0	0	0	0	0	150	0	190	0	0	0	0	0	0	0	0	0	0	0	0	0	0	0	0	0	0	0	0	0	0	0	0	0	0	0	0	0	0	0	0	
277860	Frontal_Inf_Tri_L	2908	208	21806	116	2614	0	30262	716	6222	0	12170	0	0	0	19718	0	226	0	7136	318	0	0	1742	262	0	0	0	0	22030	162	3552	404	154	288	0	0	0	158	0	0	0	0	0	0	0	0	0	0	0	0	0	0	0	0	0	0	286	0	0	0	0	0	0	0	0	0	0	0	0	0	2322	430	2114	0	0	0	0	0	0	0	0	0	606	0	0	0	0	0	0	0	0	0	0	0	0	0	0	0	0	0	0	0	0	0	0	0	0	0	0	0	0	0	0	0	0	0	
192224	Frontal_Inf_Tri_R	0	2508	124	10068	110	2614	138	16500	0	5062	0	9240	0	0	0	11850	0	534	0	846	0	0	0	5320	0	496	0	0	0	18606	122	6638	0	404	0	0	0	122	0	0	0	0	0	0	0	0	0	0	0	0	0	0	0	0	0	0	0	766	0	0	0	0	0	0	0	0	0	0	0	0	384	1962	182	1516	0	0	0	0	0	0	0	0	0	0	0	0	0	0	0	0	0	0	0	0	0	0	0	0	0	0	0	0	0	0	0	0	0	0	0	0	0	0	0	0	0	0	
249796	Frontal_Inf_Orb_L	512	392	9934	194	10006	0	8576	446	21148	0	608	272	19718	0	0	0	0	0	3210	248	1930	0	1190	358	0	0	584	0	21636	548	1934	832	0	202	0	0	310	466	0	0	366	0	0	0	0	0	0	0	0	0	0	0	0	0	0	0	0	0	0	0	0	0	0	0	0	0	0	0	0	0	4108	1122	11592	322	0	0	0	0	0	0	130	0	2004	0	0	0	0	0	0	0	0	0	0	0	0	0	0	0	0	0	0	0	0	0	0	0	0	0	0	0	0	0	0	0	0	0	
119812	Frontal_Inf_Orb_R	0	0	0	4000	0	4780	0	2178	0	10294	0	950	0	11850	0	0	0	116	0	382	0	1288	0	2178	0	0	0	510	0	14142	0	2758	0	304	0	0	0	344	0	0	0	630	0	0	0	0	0	0	0	0	0	0	0	0	0	0	0	0	0	0	0	0	0	0	0	0	0	0	0	0	156	1014	0	1732	0	0	0	0	0	0	0	0	0	300	0	0	0	0	0	0	0	0	0	0	0	0	0	0	0	0	0	0	0	0	0	0	0	0	0	0	0	0	0	0	0	0	
243632	Rolandic_Oper_L	12480	0	9066	0	0	0	5760	0	0	0	9328	0	226	0	0	0	0	0	7178	0	0	0	0	0	0	0	0	0	25216	0	0	0	0	0	168	0	2054	508	0	0	0	0	0	0	0	0	0	0	0	0	214	0	166	0	1764	0	15004	0	0	0	754	0	2088	0	0	0	406	0	294	0	206	0	1720	0	0	0	208	0	8092	0	11836	0	1574	0	2678	0	0	0	2828	0	0	0	0	0	0	0	0	0	0	0	0	0	0	0	0	0	0	0	0	0	0	0	0	0	0	0	
133056	Rolandic_Oper_R	158	4226	0	6422	0	194	256	1056	0	0	0	5286	0	534	0	116	0	0	298	1060	0	0	0	600	0	338	0	0	0	13398	0	1432	0	0	0	0	0	2614	0	700	0	0	0	126	0	0	0	0	0	0	0	182	0	116	0	746	0	2446	0	0	0	406	0	3958	0	292	0	228	0	0	626	2370	150	5598	0	292	0	0	0	3824	0	4226	0	220	0	1374	0	0	0	512	0	0	0	0	0	0	0	0	0	148	0	0	0	0	0	0	0	0	0	0	0	0	0	0	0	0	
825288	Supp_Motor_Area_L	17288	2574	107296	11242	3646	0	13192	1176	2260	0	11528	1140	7136	0	3210	0	7178	298	0	41542	0	0	8644	3102	240	0	0	0	19946	2734	9674	7338	10098	20196	2466	1986	5250	7234	192	852	0	0	0	0	126	0	0	120	0	0	0	0	0	0	740	124	5870	0	0	0	258	0	0	0	0	0	782	976	8640	468	9984	3424	25214	2174	7728	312	7392	1342	706	0	2750	262	1812	0	0	0	0	0	640	0	0	0	0	0	0	0	0	0	142	0	0	0	0	0	0	0	0	0	0	0	0	0	0	0	0	0	
536352	Supp_Motor_Area_R	5646	7562	22728	35004	440	656	1314	2220	158	0	424	3250	318	846	248	382	0	1060	41542	0	0	0	2188	8476	0	234	0	0	740	5684	2122	15990	6308	47026	1328	6410	256	1954	0	180	0	172	0	746	0	202	0	334	0	0	0	0	0	366	0	304	2078	1020	0	0	0	0	0	0	0	0	246	2634	2862	7524	3650	12400	1940	3622	576	580	606	3248	0	118	0	0	0	0	0	0	0	0	0	254	0	0	0	0	0	0	0	0	0	0	0	0	0	0	0	0	0	0	0	0	0	0	0	0	0	0	
64164	Olfactory_L	0	0	0	0	970	0	0	0	0	0	0	0	0	0	1930	0	0	0	0	0	0	4604	0	0	426	0	2048	638	2034	0	2094	1802	0	0	0	0	436	0	300	0	862	0	0	0	0	0	0	0	0	0	0	0	0	0	112	0	0	0	0	0	0	0	0	0	0	0	0	0	0	0	5864	4030	2834	150	0	0	0	0	0	0	0	0	948	0	0	0	0	0	0	0	0	0	0	0	0	0	0	0	0	0	0	0	0	0	0	0	0	0	0	0	0	0	0	0	0	0	
76492	Olfactory_R	0	0	0	112	0	722	0	0	0	110	0	0	0	0	0	1288	0	0	0	0	4604	0	0	0	128	1060	1530	2482	0	2790	1514	2834	0	0	0	0	0	704	0	148	0	1514	0	0	0	0	0	0	0	0	0	0	0	0	0	0	0	0	0	0	0	0	0	0	0	0	0	0	0	0	6138	6782	2874	506	0	0	0	236	0	0	0	0	0	170	0	0	0	0	0	0	0	0	0	0	0	0	0	0	0	0	0	0	0	0	0	0	0	0	0	0	0	0	0	0	0	0	
269260	Frontal_Sup_Medial_L	0	0	28558	7804	4410	180	11110	756	182	0	0	200	1742	0	1190	0	0	0	8644	2188	0	0	0	18634	2710	1354	0	0	2422	232	12652	12766	5576	9180	0	0	0	0	0	0	0	0	0	0	0	0	0	0	0	0	0	0	0	0	0	0	0	0	0	0	0	0	0	0	0	0	0	0	0	0	634	114	1204	188	0	0	0	0	0	0	0	0	0	0	0	0	0	0	0	0	0	0	0	0	0	0	0	0	0	0	0	0	0	0	0	0	0	0	0	0	0	0	0	0	0	0	
378368	Frontal_Sup_Medial_R	0	164	3370	39226	640	6768	922	3536	234	1158	0	3192	262	5320	358	2178	0	600	3102	8476	0	0	18634	0	536	9102	0	242	462	8026	4706	35678	2410	15752	0	0	0	298	0	0	0	172	0	0	0	0	0	0	0	0	0	0	0	0	0	0	0	0	0	0	0	0	0	0	0	0	0	0	0	0	1468	5824	390	5978	0	0	0	0	0	0	0	0	0	0	0	0	0	0	0	0	0	0	0	0	0	0	0	0	0	0	0	0	0	0	0	0	0	0	0	0	0	0	0	0	0	0	
40804	Frontal_Med_Orb_L	0	0	1098	0	4590	0	0	0	336	0	0	0	0	0	0	0	0	0	240	0	426	128	2710	536	0	1386	2052	458	0	0	3544	248	0	0	0	0	0	0	0	0	0	0	0	0	0	0	0	0	0	0	0	0	0	0	0	0	0	0	0	0	0	0	0	0	0	0	0	0	0	0	950	168	1532	0	0	0	0	0	0	0	0	0	0	0	0	0	0	0	0	0	0	0	0	0	0	0	0	0	0	0	0	0	0	0	0	0	0	0	0	0	0	0	0	0	0	0	
109308	Frontal_Med_Orb_R	0	0	128	5350	250	7074	0	0	0	0	0	966	0	496	0	0	0	338	0	234	0	1060	1354	9102	1386	0	0	5682	0	1300	1728	8630	0	158	0	0	0	0	0	0	0	0	0	0	0	0	0	0	0	0	0	0	0	0	0	0	0	0	0	0	0	0	0	0	0	0	0	0	0	0	140	4410	0	4868	0	0	0	0	0	0	0	0	0	0	0	0	0	0	0	0	0	0	0	0	0	0	0	0	0	0	0	0	0	0	0	0	0	0	0	0	0	0	0	0	0	0	
41156	Rectus_L	0	0	0	0	4674	0	0	0	2120	0	0	0	0	0	584	0	0	0	0	0	2048	1530	0	0	2052	0	0	408	0	0	1438	418	0	0	0	0	0	0	0	0	0	0	0	0	0	0	0	0	0	0	0	0	0	0	0	0	0	0	0	0	0	0	0	0	0	0	0	0	0	0	2592	1126	1588	0	0	0	0	0	0	0	0	0	0	0	0	0	0	0	0	0	0	0	0	0	0	0	0	0	0	0	0	0	0	0	0	0	0	0	0	0	0	0	0	0	0	0	
47136	Rectus_R	0	0	0	258	0	5204	0	0	0	0	0	0	0	0	0	510	0	0	0	0	638	2482	0	242	458	5682	408	0	0	768	670	1688	0	0	0	0	0	0	0	0	0	190	0	0	0	0	0	0	0	0	0	0	0	0	0	0	0	0	0	0	0	0	0	0	0	0	0	0	0	0	608	2868	292	602	0	0	0	0	0	0	0	0	0	0	0	0	0	0	0	0	0	0	0	0	0	0	0	0	0	0	0	0	0	0	0	0	0	0	0	0	0	0	0	0	0	0	
602140	Insula_L	17640	364	35548	202	6364	0	21950	1320	6814	0	17372	0	22030	0	21636	0	25216	0	19946	740	2034	0	2422	462	0	0	0	0	0	0	3518	486	198	706	816	194	10456	2014	410	0	1386	0	164	0	0	0	162	0	0	0	160	0	236	0	4524	0	12112	0	0	0	752	0	0	0	0	0	550	134	380	0	2472	450	20872	0	0	0	716	142	7782	0	9766	0	7208	0	3048	0	288	0	6250	0	136	0	0	0	0	0	0	0	522	0	0	0	0	0	0	0	0	0	0	0	0	0	0	0	0	0	
482740	Insula_R	846	4120	1600	19280	344	3224	1638	5220	546	3286	0	20928	162	18606	548	14142	0	13398	2734	5684	0	2790	232	8026	0	1300	0	768	0	0	656	11804	0	1928	156	334	0	11328	0	1668	0	3338	0	798	0	286	0	188	0	0	0	0	0	592	0	8498	0	1504	0	0	0	182	0	680	0	126	0	1324	0	268	3494	9474	1080	24012	0	200	238	798	0	3156	0	11764	0	944	0	4476	0	0	0	6504	0	0	0	0	0	0	0	0	0	150	0	0	0	0	0	0	0	0	0	0	0	0	0	0	0	0	
261592	Cingulum_Ant_L	446	388	14334	4656	5618	0	4192	998	1060	0	1482	528	3552	122	1934	0	0	0	9674	2122	2094	1514	12652	4706	3544	1728	1438	670	3518	656	0	15738	4338	3300	0	0	0	228	0	0	0	0	0	0	0	0	0	0	0	0	0	0	0	0	0	0	0	0	0	0	0	0	0	0	0	0	0	0	0	0	9370	4254	8354	1588	0	0	0	0	0	0	0	0	0	0	0	0	0	0	0	0	0	0	0	0	0	0	0	0	0	0	0	0	0	0	0	0	0	0	0	0	0	0	0	0	0	0	
530148	Cingulum_Ant_R	168	998	3900	39030	592	5004	986	3588	756	1020	144	5690	404	6638	832	2758	0	1432	7338	15990	1802	2834	12766	35678	248	8630	418	1688	486	11804	15738	0	5220	23892	0	0	0	532	0	0	0	280	0	0	0	0	0	0	0	0	0	0	0	0	0	0	0	0	0	0	0	0	0	0	0	0	0	0	0	0	7128	22454	2878	13330	0	0	0	0	0	0	0	0	0	0	0	0	0	0	0	0	0	0	0	0	0	0	0	0	0	0	0	0	0	0	0	0	0	0	0	0	0	0	0	0	0	0	
144908	Cingulum_Mid_L	1060	0	2640	1692	0	0	296	364	0	0	0	0	154	0	0	0	0	0	10098	6308	0	0	5576	2410	0	0	0	0	198	0	4338	5220	0	12738	3380	854	0	0	0	0	0	0	138	0	552	0	0	0	148	0	180	0	0	0	0	0	158	0	0	0	0	0	0	0	0	0	5834	756	7216	0	146	0	0	0	0	0	0	0	0	0	0	0	0	0	0	0	0	0	0	0	0	0	0	0	0	0	0	0	0	0	0	0	0	0	0	0	0	0	0	0	0	0	0	0	0	0	
448656	Cingulum_Mid_R	2456	3330	10258	17206	372	488	864	2382	128	0	420	1558	288	404	202	304	0	0	20196	47026	0	0	9180	15752	0	158	0	0	706	1928	3300	23892	12738	0	2504	7158	190	474	0	0	0	126	0	1952	0	958	0	744	0	156	0	140	0	1830	0	1134	1032	1140	0	0	0	0	0	0	0	0	2908	9274	1964	5516	1024	2936	1186	1218	330	0	244	1142	0	212	0	138	0	0	0	118	0	0	0	1044	0	0	0	0	0	0	0	0	0	0	0	0	0	0	0	0	0	0	0	0	0	0	0	0	0	0	
245268	Cingulum_Post_L	8556	2914	1036	196	0	0	258	0	0	0	0	0	0	0	0	0	168	0	2466	1328	0	0	0	0	0	0	0	0	816	156	0	0	3380	2504	0	11968	6640	3904	1168	288	0	0	9120	430	2618	472	8414	1172	468	0	1502	0	528	0	368	0	1812	0	0	0	0	0	0	0	0	0	17046	6000	11968	422	854	162	530	0	162	0	5092	2250	722	0	514	0	0	0	1708	0	0	0	554	0	0	0	0	0	0	0	0	0	0	0	0	0	0	0	0	0	0	0	0	0	0	0	0	0	0	0	
223352	Cingulum_Post_R	2460	9458	1348	904	0	0	110	0	0	0	0	0	0	0	0	0	0	0	1986	6410	0	0	0	0	0	0	0	0	194	334	0	0	854	7158	11968	0	1706	10056	0	1542	0	0	0	2558	0	720	0	4868	0	114	0	0	0	0	0	868	246	378	0	0	0	0	0	0	0	0	2116	16442	2572	3678	1574	424	854	0	272	0	8724	7828	0	0	0	0	0	0	0	140	0	0	0	332	0	0	0	0	0	0	0	120	0	0	0	0	0	0	0	0	0	0	0	0	360	0	0	0	0	0	
256764	Hippocampus_L	8512	1374	7502	136	0	0	4194	0	0	0	590	0	0	0	310	0	2054	0	5250	256	436	0	0	0	0	0	0	0	10456	0	0	0	0	190	6640	1706	0	1116	9610	136	4952	0	2962	0	0	0	5908	322	0	0	256	0	0	0	11210	0	2124	0	0	0	0	0	0	0	0	0	5354	698	278	0	922	0	10730	0	340	0	4322	516	2504	0	1928	0	1126	0	736	0	254	0	7020	0	420	0	0	0	0	0	896	0	2136	0	0	0	0	0	0	0	0	0	0	0	0	0	0	0	0	0	
400252	Hippocampus_R	232	6486	6432	4708	334	0	482	694	464	0	390	676	158	122	466	344	508	2614	7234	1954	0	704	0	298	0	0	0	0	2014	11328	228	532	0	474	3904	10056	1116	0	0	24112	0	11314	0	1874	0	290	0	4674	0	0	0	0	0	852	0	25466	168	746	0	0	0	244	0	778	0	0	0	9362	194	556	3686	1416	2960	16432	192	948	5610	8062	0	1290	308	2216	194	1582	0	1318	0	452	0	4232	0	328	0	0	0	0	0	1276	0	1760	0	0	0	0	0	0	0	0	0	0	282	0	0	0	0	0	
65032	ParaHippocampal_L	482	162	336	0	0	0	346	0	0	0	0	0	0	0	0	0	0	0	192	0	300	0	0	0	0	0	0	0	410	0	0	0	0	0	1168	0	9610	0	0	0	2520	0	1244	0	0	0	4536	0	0	0	108	0	0	0	4106	0	0	0	0	0	0	0	0	0	0	0	2246	0	0	0	0	0	1084	0	0	0	314	0	116	0	0	0	198	0	0	0	190	0	0	0	182	0	0	0	254	440	772	0	450	0	0	0	0	0	150	0	0	0	236	364	0	0	0	0	0	0	
175164	ParaHippocampal_R	0	568	586	852	0	0	0	110	0	0	0	144	0	0	0	0	0	700	852	180	0	148	0	0	0	0	0	0	0	1668	0	0	0	0	288	1542	136	24112	0	0	0	5410	0	1118	0	0	0	5632	0	0	0	0	0	184	0	17728	0	146	0	0	0	0	0	0	0	0	0	3876	0	0	476	278	194	4710	0	342	392	1356	0	400	0	0	0	1376	0	0	0	1110	0	650	0	648	0	218	0	292	0	4438	0	2482	0	0	0	202	0	604	0	0	0	0	230	0	440	430	334	0	
31884	Amygdala_L	0	0	0	0	126	0	0	0	0	0	0	0	0	0	366	0	0	0	0	0	862	0	0	0	0	0	0	0	1386	0	0	0	0	0	0	0	4952	0	2520	0	0	0	0	0	0	0	0	0	0	0	0	0	0	0	2562	0	0	0	0	0	0	0	0	0	0	0	0	0	0	0	0	0	1422	0	0	0	184	0	0	0	140	0	714	0	0	0	132	0	576	0	0	0	0	0	0	0	0	0	0	0	0	0	0	0	0	0	0	0	0	0	0	0	0	0	0	0	
73916	Amygdala_R	0	0	0	580	0	150	0	124	0	0	0	0	0	0	0	630	0	0	0	172	0	1514	0	172	0	0	0	190	0	3338	0	280	0	126	0	0	0	11314	0	5410	0	0	0	0	0	0	0	0	0	0	0	0	0	0	0	4970	0	0	0	0	0	0	0	0	0	0	0	0	0	0	0	0	0	3754	0	0	0	0	0	0	0	0	0	2430	0	0	0	626	0	1178	0	0	0	0	0	0	0	0	0	0	0	0	0	0	0	0	0	0	0	0	0	0	0	0	0	0	
321808	Calcarine_L	1180	0	0	0	0	0	0	0	0	0	0	0	0	0	0	0	0	0	0	0	0	0	0	0	0	0	0	0	164	0	0	0	138	0	9120	0	2962	0	1244	0	0	0	0	7728	19466	3968	26182	2618	16670	1766	21780	722	4052	0	3642	146	1288	0	2074	0	110	0	116	0	0	0	21474	1068	2866	0	0	0	0	0	0	0	0	0	462	0	902	0	0	0	4970	0	0	0	2026	0	0	0	0	0	0	0	0	0	0	0	0	0	0	0	0	0	0	0	0	0	0	0	0	0	0	0	
371044	Calcarine_R	0	998	0	126	0	0	0	0	0	0	0	0	0	0	0	0	0	126	0	746	0	0	0	0	0	0	0	0	0	798	0	0	0	1952	430	2558	0	1874	0	1118	0	0	7728	0	3422	21776	4146	30616	254	18044	314	13028	0	11528	0	16860	0	4212	0	200	0	0	0	122	0	0	552	25620	0	2232	0	0	0	0	0	0	162	0	0	2398	0	1276	0	0	0	1324	0	0	0	7706	0	0	0	0	0	0	0	756	0	0	0	0	0	0	0	0	0	0	0	0	520	0	0	0	0	0	
210916	Cuneus_L	1018	0	0	0	0	0	0	0	0	0	0	0	0	0	0	0	0	0	126	0	0	0	0	0	0	0	0	0	0	0	0	0	552	0	2618	0	0	0	0	0	0	0	19466	3422	0	8468	2674	476	23952	3474	15184	322	586	0	928	0	378	0	5260	252	0	0	0	0	0	0	10596	1562	2942	0	0	0	0	0	0	0	0	0	0	0	0	0	0	0	826	0	0	0	376	0	0	0	0	0	0	0	0	0	0	0	0	0	0	0	0	0	0	0	0	0	0	0	0	0	0	0	
230792	Cuneus_R	0	282	0	0	0	0	0	0	0	0	0	0	0	0	0	0	0	0	0	202	0	0	0	0	0	0	0	0	0	286	0	0	0	958	472	720	0	290	0	0	0	0	3968	21776	8468	0	502	7078	640	26916	184	10174	0	3180	0	5420	0	706	0	2746	0	0	0	0	0	0	2584	16038	0	320	0	0	0	0	0	0	0	0	0	168	0	0	0	0	0	0	0	0	0	1318	0	0	0	0	0	0	0	0	0	0	0	0	0	0	0	0	0	0	0	0	0	0	0	0	0	0	
372240	Lingual_L	1026	0	0	0	0	0	124	0	0	0	0	0	0	0	0	0	0	0	0	0	0	0	0	0	0	0	0	0	162	0	0	0	0	0	8414	0	5908	0	4536	0	0	0	26182	4146	2674	502	0	5226	5956	214	21008	108	5922	0	15982	312	884	0	1178	0	0	0	0	0	0	0	13362	0	1714	0	0	0	0	0	0	0	162	0	388	0	708	0	0	0	2320	0	0	0	952	0	12546	544	2436	0	154	0	13020	1108	18100	920	168	0	338	0	0	0	0	0	0	0	3116	2744	856	0	0	0	
409356	Lingual_R	0	532	0	0	0	0	0	0	0	0	0	0	0	0	0	0	0	0	120	334	0	0	0	0	0	0	0	0	0	188	0	0	0	744	1172	4868	322	4674	0	5632	0	0	2618	30616	476	7078	5226	0	0	8912	0	8158	0	4282	248	30030	0	328	0	126	0	0	0	0	0	0	0	14152	0	554	130	0	0	0	0	0	928	248	0	378	0	156	0	0	0	398	0	0	0	1224	3060	9182	1548	260	610	108	3528	14010	5478	12550	0	0	0	0	576	0	0	0	140	240	10094	6962	1480	0	0	0	
248988	Occipital_Sup_L	160	0	0	0	0	0	0	0	0	0	0	0	0	0	0	0	0	0	0	0	0	0	0	0	0	0	0	0	0	0	0	0	148	0	468	0	0	0	0	0	0	0	16670	254	23952	640	5956	0	0	0	41312	0	1928	0	1188	0	566	0	10668	0	2756	0	0	0	972	0	12562	236	252	0	0	0	0	0	0	0	0	0	0	0	0	0	0	0	2974	0	0	0	832	0	0	0	0	0	0	0	0	0	0	0	0	0	0	0	0	0	0	0	0	0	0	0	0	0	0	0	
238228	Occipital_Sup_R	0	0	0	0	0	0	0	0	0	0	0	0	0	0	0	0	0	0	0	0	0	0	0	0	0	0	0	0	0	0	0	0	0	156	0	114	0	0	0	0	0	0	1766	18044	3474	26916	214	8912	0	0	0	24920	0	1646	0	5450	0	0	0	6852	0	2032	0	0	0	2446	1694	13880	0	0	0	0	0	0	0	0	0	0	0	0	0	0	0	0	0	270	0	0	0	328	0	0	0	0	0	0	0	0	0	0	0	0	0	0	0	0	0	0	0	0	0	0	0	0	0	0	
456600	Occipital_Mid_L	840	0	0	0	0	0	0	0	0	0	0	0	0	0	0	0	214	0	0	0	0	0	0	0	0	0	0	0	160	0	0	0	180	0	1502	0	256	0	108	0	0	0	21780	314	15184	184	21008	0	41312	0	0	0	16306	0	10416	0	4944	0	15278	0	10582	0	472	0	16446	0	16236	206	1140	0	0	0	0	0	0	0	0	0	206	0	598	0	0	0	23230	0	0	0	8244	0	112	0	0	0	0	0	226	0	492	0	0	0	0	0	0	0	0	0	0	0	124	0	0	0	0	0	
235376	Occipital_Mid_R	0	128	0	0	0	0	0	0	0	0	0	0	0	0	0	0	0	182	0	0	0	0	0	0	0	0	0	0	0	0	0	0	0	140	0	0	0	0	0	0	0	0	722	13028	322	10174	108	8158	0	24920	0	0	0	5346	0	6566	0	190	0	3194	0	8388	0	1474	0	17554	156	4944	0	0	0	0	0	0	0	0	0	0	0	192	0	864	0	0	0	8876	0	0	0	2062	0	0	0	0	0	0	0	0	0	0	0	0	0	0	0	0	0	0	0	0	0	0	0	0	0	0	
124308	Occipital_Inf_L	118	0	0	0	0	0	0	0	0	0	0	0	0	0	0	0	166	0	0	0	0	0	0	0	0	0	0	0	236	0	0	0	0	0	528	0	0	0	0	0	0	0	4052	0	586	0	5922	0	1928	0	16306	0	0	0	11632	0	378	0	0	0	0	0	0	0	0	0	2568	0	0	0	0	0	0	0	0	0	0	0	486	0	156	0	0	0	6958	0	0	0	7540	0	772	0	0	0	0	0	354	0	1098	0	0	0	0	0	0	0	0	0	0	0	232	138	0	0	0	0	
167124	Occipital_Inf_R	0	804	0	138	0	0	0	0	0	0	0	0	0	0	0	0	0	116	0	366	0	0	0	0	0	0	0	0	0	592	0	0	0	1830	0	0	0	852	0	184	0	0	0	11528	0	3180	0	4282	0	1646	0	5346	0	0	0	15328	0	2844	0	0	0	0	0	176	0	0	306	10946	0	1454	0	0	0	202	0	0	0	0	0	2564	0	1574	0	0	0	3340	0	0	0	12128	0	464	0	0	0	0	0	240	0	598	0	0	0	0	0	0	0	0	0	0	186	348	0	0	0	0	
398500	Fusiform_L	1086	0	846	0	0	0	258	0	0	0	204	0	0	0	0	0	1764	0	740	0	112	0	0	0	0	0	0	0	4524	0	0	0	0	0	368	0	11210	0	4106	0	2562	0	3642	0	928	0	15982	248	1188	0	10416	0	11632	0	0	0	1522	0	288	0	0	0	0	0	0	0	1728	0	248	0	0	0	2504	0	0	0	112	0	2678	0	6238	0	1916	0	8858	0	1110	0	34674	0	19064	0	1062	0	446	0	12666	160	28122	0	586	0	340	0	890	0	526	0	0	0	1012	560	124	0	0	0	
579736	Fusiform_R	0	1768	130	958	0	0	0	200	0	0	0	248	0	0	0	0	0	746	124	304	0	0	0	0	0	0	0	0	0	8498	0	0	0	1134	0	868	0	25466	0	17728	0	4970	146	16860	0	5420	312	30030	0	5450	0	6566	0	15328	0	0	0	2070	0	116	0	192	0	998	0	222	220	9046	0	1164	158	0	0	8202	0	118	202	596	0	4812	0	8096	0	3682	0	3840	0	2278	0	23702	368	22144	0	1476	240	504	1486	12574	1204	26022	0	0	0	484	242	652	0	0	0	246	5344	2004	1058	486	366	0	
394716	Postcentral_L	37542	668	9086	1614	0	0	3726	0	0	0	5510	0	286	0	0	0	15004	0	5870	2078	0	0	0	0	0	0	0	0	12112	0	0	0	158	1032	1812	246	2124	168	0	0	0	0	1288	0	378	0	884	0	566	0	4944	0	378	0	1522	0	0	0	8842	0	25456	0	13258	0	3028	0	5580	0	6032	0	1250	464	1062	0	0	0	804	0	4512	0	6814	0	0	0	6502	0	0	0	4758	0	0	0	0	0	0	0	0	0	0	0	0	0	0	0	0	0	0	0	0	0	0	0	0	0	0	0	
174072	Postcentral_R	0	19660	0	1702	0	0	0	1634	0	0	0	4208	0	766	0	0	0	2446	0	1020	0	0	0	0	0	0	0	0	0	1504	0	0	0	1140	0	378	0	746	0	146	0	0	0	4212	0	706	0	328	0	0	0	190	0	2844	0	2070	0	0	0	3130	0	3574	0	14590	0	164	0	6794	0	5014	306	228	110	962	0	0	0	0	0	778	0	764	0	0	0	1028	0	0	0	3894	0	0	0	0	0	0	0	0	0	0	0	0	0	0	0	0	0	0	0	0	0	0	0	0	0	0	
142040	Parietal_Sup_L	116	0	0	0	0	0	0	0	0	0	0	0	0	0	0	0	0	0	0	0	0	0	0	0	0	0	0	0	0	0	0	0	0	0	0	0	0	0	0	0	0	0	2074	0	5260	0	1178	0	10668	0	15278	0	0	0	288	0	8842	0	0	0	10364	0	0	0	1540	0	8856	0	1024	0	0	0	0	0	0	0	0	0	0	0	116	0	0	0	2912	0	0	0	2504	0	0	0	0	0	0	0	0	0	0	0	0	0	0	0	0	0	0	0	0	0	0	0	0	0	0	0	
62132	Parietal_Sup_R	0	0	0	0	0	0	0	0	0	0	0	0	0	0	0	0	0	0	0	0	0	0	0	0	0	0	0	0	0	0	0	0	0	0	0	0	0	0	0	0	0	0	0	200	252	2746	0	126	0	6852	0	3194	0	0	0	116	0	3130	0	0	0	3450	0	326	0	2868	344	7462	0	0	0	0	0	0	0	0	0	0	0	0	0	0	0	0	0	0	0	0	0	0	0	0	0	0	0	0	0	0	0	0	0	0	0	0	0	0	0	0	0	0	0	0	0	0	0	0	
184876	Parietal_Inf_L	2808	0	304	0	0	0	0	0	0	0	0	0	0	0	0	0	754	0	258	0	0	0	0	0	0	0	0	0	752	0	0	0	0	0	0	0	0	0	0	0	0	0	110	0	0	0	0	0	2756	0	10582	0	0	0	0	0	25456	0	10364	0	0	0	14040	0	14078	0	1058	0	266	0	0	0	0	0	0	0	0	0	0	0	1422	0	0	0	5744	0	0	0	1686	0	0	0	0	0	0	0	0	0	0	0	0	0	0	0	0	0	0	0	0	0	0	0	0	0	0	0	
87244	Parietal_Inf_R	0	346	0	0	0	0	0	0	0	0	0	0	0	0	0	0	0	406	0	0	0	0	0	0	0	0	0	0	0	182	0	0	0	0	0	0	0	244	0	0	0	0	0	0	0	0	0	0	0	2032	0	8388	0	0	0	192	0	3574	0	3450	0	0	0	6610	0	14676	0	946	0	0	0	0	0	0	0	0	0	0	0	0	0	1406	0	0	0	902	0	0	0	268	0	0	0	0	0	0	0	0	0	0	0	0	0	0	0	0	0	0	0	0	0	0	0	0	0	0	
97484	SupraMarginal_L	406	0	0	0	0	0	0	0	0	0	0	0	0	0	0	0	2088	0	0	0	0	0	0	0	0	0	0	0	0	0	0	0	0	0	0	0	0	0	0	0	0	0	116	0	0	0	0	0	0	0	472	0	0	0	0	0	13258	0	0	0	14040	0	0	0	4510	0	142	0	0	0	0	0	0	0	0	0	0	0	262	0	6208	0	0	0	6372	0	0	0	868	0	0	0	0	0	0	0	0	0	0	0	0	0	0	0	0	0	0	0	0	0	0	0	0	0	0	0	
106012	SupraMarginal_R	0	3418	0	180	0	0	0	0	0	0	0	166	0	0	0	0	0	3958	0	0	0	0	0	0	0	0	0	0	0	680	0	0	0	0	0	0	0	778	0	0	0	0	0	122	0	0	0	0	0	0	0	1474	0	176	0	998	0	14590	0	326	0	6610	0	0	0	5150	0	248	0	0	0	0	0	116	0	0	0	0	0	390	0	7400	0	0	0	4234	0	0	0	1992	0	0	0	0	0	0	0	0	0	0	0	0	0	0	0	0	0	0	0	0	0	0	0	0	0	0	
100664	Angular_L	116	0	0	0	0	0	0	0	0	0	0	0	0	0	0	0	0	0	0	0	0	0	0	0	0	0	0	0	0	0	0	0	0	0	0	0	0	0	0	0	0	0	0	0	0	0	0	0	972	0	16446	0	0	0	0	0	3028	0	1540	0	14078	0	4510	0	0	0	170	0	118	0	0	0	0	0	0	0	0	0	0	0	1252	0	0	0	7176	0	0	0	926	0	0	0	0	0	0	0	0	0	0	0	0	0	0	0	0	0	0	0	0	0	0	0	0	0	0	0	
113588	Angular_R	0	0	0	0	0	0	0	0	0	0	0	0	0	0	0	0	0	292	0	0	0	0	0	0	0	0	0	0	0	126	0	0	0	0	0	0	0	0	0	0	0	0	0	0	0	0	0	0	0	2446	0	17554	0	0	0	222	0	164	0	2868	0	14676	0	5150	0	0	0	308	0	0	0	0	0	0	0	0	0	0	0	0	0	4794	0	0	0	6808	0	0	0	1386	0	0	0	0	0	0	0	0	0	0	0	0	0	0	0	0	0	0	0	0	0	0	0	0	0	0	
347192	Precuneus_L	3208	134	140	0	0	0	134	0	0	0	0	0	0	0	0	0	406	0	782	246	0	0	0	0	0	0	0	0	550	0	0	0	5834	2908	17046	2116	5354	0	2246	0	0	0	21474	552	10596	2584	13362	0	12562	1694	16236	156	2568	306	1728	220	5580	0	8856	344	1058	0	142	0	170	0	0	8334	11436	0	0	0	0	0	0	0	0	0	750	0	1026	0	0	0	6694	0	0	0	4064	0	0	0	0	0	0	0	0	0	0	0	0	0	0	0	0	0	0	0	0	0	0	0	0	0	0	0	
419244	Precuneus_R	684	3962	764	852	0	0	0	0	0	0	0	0	0	0	0	0	0	228	976	2634	0	0	0	0	0	0	0	0	134	1324	0	0	756	9274	6000	16442	698	9362	0	3876	0	0	1068	25620	1562	16038	0	14152	236	13880	206	4944	0	10946	0	9046	0	6794	0	7462	0	946	0	248	0	308	8334	0	1172	5484	534	190	398	0	0	0	3306	3816	0	2152	0	1180	0	0	0	1486	0	0	0	8218	0	0	0	0	0	0	0	1336	0	0	0	0	0	0	0	0	0	0	0	0	594	0	0	0	0	0	
171824	Paracentral_Lobule_L	11608	1612	936	192	0	0	0	0	0	0	0	0	0	0	0	0	294	0	8640	2862	0	0	0	0	0	0	0	0	380	0	0	0	7216	1964	11968	2572	278	194	0	0	0	0	2866	0	2942	0	1714	0	252	0	1140	0	0	0	248	0	6032	0	1024	0	266	0	0	0	118	0	11436	1172	0	1078	296	126	562	0	346	0	1080	172	114	0	0	0	0	0	1248	0	0	0	964	0	0	0	0	0	0	0	0	0	0	0	0	0	0	0	0	0	0	0	0	0	0	0	0	0	0	0	
91672	Paracentral_Lobule_R	680	5736	230	0	0	0	0	0	0	0	0	0	0	0	0	0	0	0	468	7524	0	0	0	0	0	0	0	0	0	268	0	0	0	5516	422	3678	0	556	0	0	0	0	0	2232	0	320	0	554	0	0	0	0	0	1454	0	1164	0	5014	0	0	0	0	0	0	0	0	0	5484	1078	0	140	0	216	0	152	0	0	0	0	498	0	274	0	0	0	398	0	0	0	1780	0	0	0	0	0	0	0	0	0	0	0	0	0	0	0	0	0	0	0	0	0	0	0	0	0	0	
332176	Caudate_L	3106	5416	11976	4252	2460	0	4692	3542	3560	0	584	1950	2322	384	4108	156	206	626	9984	3650	5864	6138	634	1468	950	140	2592	608	2472	3494	9370	7128	146	1024	854	1574	922	3686	0	476	0	0	0	0	0	0	0	130	0	0	0	0	0	0	0	158	1250	306	0	0	0	0	0	0	0	0	0	534	296	140	0	15162	18660	2732	3506	248	8996	1234	0	0	0	0	222	0	0	0	0	0	0	0	0	0	0	0	0	0	0	0	0	0	0	0	0	0	0	0	0	0	0	0	0	0	0	0	0	0	
368500	Caudate_R	1422	3434	2938	15594	546	2790	2296	568	1066	0	134	5516	430	1962	1122	1014	0	2370	3424	12400	4030	6782	114	5824	168	4410	1126	2868	450	9474	4254	22454	0	2936	162	424	0	1416	0	278	0	0	0	0	0	0	0	0	0	0	0	0	0	0	0	0	464	228	0	0	0	0	0	0	0	0	0	190	126	0	15162	0	5816	15866	228	4272	1116	14114	0	288	0	184	0	0	0	0	0	0	0	0	0	0	0	0	0	0	0	0	0	0	0	0	0	0	0	0	0	0	0	0	0	0	0	0	0	0	
469896	Putamen_L	7796	2026	35774	1336	14114	0	9372	1072	9372	0	1420	552	2114	182	11592	0	1720	150	25214	1940	2834	2874	1204	390	1532	0	1588	292	20872	1080	8354	2878	0	1186	530	854	10730	2960	1084	194	1422	0	0	0	0	0	0	0	0	0	0	0	0	0	2504	0	1062	110	0	0	0	0	0	0	0	0	0	398	562	216	18660	5816	0	962	8140	0	1750	440	216	0	860	0	2170	0	186	0	0	0	1778	0	0	0	0	0	0	0	0	0	514	0	0	0	0	0	0	0	0	0	0	0	0	0	0	0	0	0	
331392	Putamen_R	266	3072	1482	18612	134	2654	484	3076	322	494	0	5140	0	1516	322	1732	0	5598	2174	3622	150	506	188	5978	0	4868	0	602	0	24012	1588	13330	0	1218	0	0	0	16432	0	4710	0	3754	0	0	0	0	0	0	0	0	0	0	0	202	0	8202	0	962	0	0	0	0	0	116	0	0	0	0	0	0	2732	15866	962	0	0	3014	124	554	0	864	0	1238	0	122	0	250	0	0	0	1178	0	0	0	0	0	0	0	124	0	1150	0	0	0	0	0	0	0	0	0	0	0	0	0	0	0	0	
71648	Pallidum_L	3666	294	7268	0	0	0	114	0	0	0	0	0	0	0	0	0	0	0	7728	576	0	0	0	0	0	0	0	0	0	0	0	0	0	330	162	272	340	192	0	0	0	0	0	0	0	0	0	0	0	0	0	0	0	0	0	0	0	0	0	0	0	0	0	0	0	0	0	0	346	152	3506	228	8140	0	0	124	2270	116	0	0	0	0	0	0	0	0	0	0	0	0	0	0	0	0	0	0	0	0	0	0	0	0	0	0	0	0	0	0	0	0	0	0	0	0	0	0	
29168	Pallidum_R	184	0	206	2980	0	0	0	112	0	0	0	0	0	0	0	0	0	292	312	580	0	0	0	0	0	0	0	0	0	200	0	0	0	0	0	0	0	948	0	342	0	0	0	0	0	0	0	0	0	0	0	0	0	0	0	118	0	0	0	0	0	0	0	0	0	0	0	0	0	0	248	4272	0	3014	124	0	140	512	0	0	0	0	0	0	0	0	0	0	0	0	0	0	0	0	0	0	0	0	0	0	0	0	0	0	0	0	0	0	0	0	0	0	0	0	0	0	
154156	Thalamus_L	2468	4432	3466	450	0	0	630	0	0	0	0	0	0	0	0	0	208	0	7392	606	0	0	0	0	0	0	0	0	716	238	0	0	0	244	5092	8724	4322	5610	314	392	184	0	0	162	0	0	162	928	0	0	0	0	0	0	112	202	804	0	0	0	0	0	0	0	0	0	0	3306	1080	0	8996	1116	1750	124	2270	140	0	10438	0	0	0	0	0	0	0	0	0	0	0	0	0	0	0	0	0	0	0	0	0	0	0	0	0	0	0	0	0	0	0	0	0	0	0	0	0	0	
147292	Thalamus_R	200	9748	1054	3376	0	0	0	0	0	0	0	0	0	0	0	0	0	0	1342	3248	0	236	0	0	0	0	0	0	142	798	0	0	0	1142	2250	7828	516	8062	0	1356	0	0	0	0	0	0	0	248	0	0	0	0	0	0	0	596	0	0	0	0	0	0	0	0	0	0	0	3816	172	0	1234	14114	440	554	116	512	10438	0	0	0	0	0	0	0	0	0	0	0	0	108	0	0	0	0	0	0	0	0	0	0	0	0	0	0	0	0	0	0	0	0	0	0	0	0	0	0	
86288	Heschl_L	3138	0	1050	0	0	0	402	0	0	0	110	0	0	0	0	0	8092	0	706	0	0	0	0	0	0	0	0	0	7782	0	0	0	0	0	722	0	2504	0	116	0	0	0	462	0	0	0	388	0	0	0	206	0	486	0	2678	0	4512	0	0	0	0	0	262	0	0	0	750	0	114	0	0	0	216	0	0	0	0	0	0	0	3676	0	0	0	2542	0	0	0	2230	0	0	0	0	0	0	0	0	0	0	0	0	0	0	0	0	0	0	0	0	0	0	0	0	0	0	0	
83008	Heschl_R	0	308	0	650	0	0	0	0	0	0	0	0	0	0	0	0	0	3824	0	118	0	0	0	0	0	0	0	0	0	3156	0	0	0	212	0	0	0	1290	0	400	0	0	0	2398	0	168	0	378	0	0	0	192	0	2564	0	4812	0	778	0	0	0	0	0	390	0	0	0	2152	0	498	0	288	0	864	0	0	0	0	0	0	0	7550	0	0	0	3112	0	0	0	5402	0	0	0	0	0	0	0	0	0	0	0	0	0	0	0	0	0	0	0	0	0	0	0	0	0	0	
238644	Temporal_Sup_L	3364	0	3250	0	0	0	1648	0	0	0	3344	0	0	0	130	0	11836	0	2750	0	0	0	0	0	0	0	0	0	9766	0	0	0	0	0	514	0	1928	308	0	0	140	0	902	0	0	0	708	0	0	0	598	0	156	0	6238	0	6814	0	116	0	1422	0	6208	0	1252	0	1026	0	0	0	0	0	860	0	0	0	0	0	3676	0	0	0	2830	0	28174	0	246	0	18472	0	160	0	0	0	0	0	0	0	486	0	0	0	0	0	0	0	0	0	0	0	0	0	0	0	0	0	
198028	Temporal_Sup_R	0	456	262	260	0	0	0	0	0	0	0	150	0	0	0	0	0	4226	262	0	0	0	0	0	0	0	0	0	0	11764	0	0	0	138	0	0	0	2216	0	0	0	0	0	1276	0	0	0	156	0	0	0	864	0	1574	0	8096	0	764	0	0	0	1406	0	7400	0	4794	0	1180	0	274	0	184	0	1238	0	0	0	0	0	7550	0	0	0	1046	0	28122	0	116	0	13240	0	0	0	0	0	0	0	0	0	0	0	0	0	0	0	0	0	0	0	0	0	0	0	0	0	0	
84204	Temporal_Pole_Sup_L	0	0	1946	0	248	0	408	196	0	0	2208	0	606	0	2004	0	1574	0	1812	0	948	0	0	0	0	0	0	0	7208	0	0	0	0	0	0	0	1126	194	198	0	714	0	0	0	0	0	0	0	0	0	0	0	0	0	1916	0	0	0	0	0	0	0	0	0	0	0	0	0	0	0	222	0	2170	0	0	0	0	0	0	0	2830	0	0	0	5432	0	3434	0	4708	0	0	0	0	0	0	0	0	0	0	0	0	0	0	0	0	0	0	0	0	0	0	0	0	0	0	0	
43132	Temporal_Pole_Sup_R	0	0	0	0	0	0	0	0	0	0	0	190	0	0	0	300	0	220	0	0	0	170	0	0	0	0	0	0	0	944	0	0	0	0	0	0	0	1582	0	1376	0	2430	0	0	0	0	0	0	0	0	0	0	0	0	0	3682	0	0	0	0	0	0	0	0	0	0	0	0	0	0	0	0	0	122	0	0	0	0	0	0	0	1046	0	0	0	2466	0	4196	0	2842	0	0	0	0	0	0	0	0	0	0	0	0	0	0	0	0	0	0	0	0	0	0	0	0	0	0	
361916	Temporal_Mid_L	920	0	120	0	0	0	0	0	0	0	0	0	0	0	0	0	2678	0	0	0	0	0	0	0	0	0	0	0	3048	0	0	0	0	0	1708	0	736	0	0	0	0	0	4970	0	826	0	2320	0	2974	0	23230	0	6958	0	8858	0	6502	0	2912	0	5744	0	6372	0	7176	0	6694	0	1248	0	0	0	186	0	0	0	0	0	2542	0	28174	0	5432	0	0	0	4182	0	44302	0	0	0	0	0	0	0	0	0	146	0	0	0	0	0	0	0	0	0	0	0	0	0	0	0	0	0	
205732	Temporal_Mid_R	0	878	0	0	0	0	0	0	0	0	0	0	0	0	0	0	0	1374	0	0	0	0	0	0	0	0	0	0	0	4476	0	0	0	118	0	140	0	1318	0	0	0	0	0	1324	0	0	0	398	0	270	0	8876	0	3340	0	3840	0	1028	0	0	0	902	0	4234	0	6808	0	1486	0	398	0	0	0	250	0	0	0	0	0	3112	0	28122	0	2466	0	0	0	1998	0	25710	0	0	0	0	0	0	0	0	0	0	0	0	0	0	0	0	0	0	0	0	0	0	0	0	0	0	
25688	Temporal_Pole_Mid_L	0	0	0	0	0	0	0	0	0	0	0	0	0	0	0	0	0	0	0	0	0	0	0	0	0	0	0	0	288	0	0	0	0	0	0	0	254	0	190	0	132	0	0	0	0	0	0	0	0	0	0	0	0	0	1110	0	0	0	0	0	0	0	0	0	0	0	0	0	0	0	0	0	0	0	0	0	0	0	0	0	246	0	3434	0	4182	0	0	0	3008	0	0	0	0	0	0	0	0	0	0	0	0	0	0	0	0	0	0	0	0	0	0	0	0	0	0	0	
24456	Temporal_Pole_Mid_R	0	0	0	0	0	0	0	0	0	0	0	0	0	0	0	0	0	0	0	0	0	0	0	0	0	0	0	0	0	0	0	0	0	0	0	0	0	452	0	1110	0	626	0	0	0	0	0	0	0	0	0	0	0	0	0	2278	0	0	0	0	0	0	0	0	0	0	0	0	0	0	0	0	0	0	0	0	0	0	0	0	0	116	0	4196	0	1998	0	0	0	1452	0	0	0	0	0	0	0	0	0	0	0	0	0	0	0	0	0	0	0	0	0	0	0	0	0	0	
358512	Temporal_Inf_L	1436	0	738	0	0	0	216	0	0	0	196	0	0	0	0	0	2828	0	640	0	0	0	0	0	0	0	0	0	6250	0	0	0	0	0	554	0	7020	0	0	0	576	0	2026	0	376	0	952	0	832	0	8244	0	7540	0	34674	0	4758	0	2504	0	1686	0	868	0	926	0	4064	0	964	0	0	0	1778	0	0	0	0	0	2230	0	18472	0	4708	0	44302	0	3008	0	0	0	5672	0	202	0	176	0	1398	0	6330	0	112	0	0	0	0	0	0	0	0	0	0	0	0	0	0	0	
269796	Temporal_Inf_R	0	2340	0	174	0	0	0	0	0	0	0	0	0	0	0	0	0	512	0	254	0	0	0	0	0	0	0	0	0	6504	0	0	0	1044	0	332	0	4232	0	650	0	1178	0	7706	0	1318	0	1224	0	328	0	2062	0	12128	0	23702	0	3894	0	0	0	268	0	1992	0	1386	0	8218	0	1780	0	0	0	1178	0	0	0	108	0	5402	0	13240	0	2842	0	25710	0	1452	0	0	0	1464	0	0	0	0	0	118	0	158	0	0	0	0	0	0	0	0	0	0	0	0	0	0	0	0	
475172	Cerebelum_Crus1_L	0	0	0	0	0	0	0	0	0	0	0	0	0	0	0	0	0	0	0	0	0	0	0	0	0	0	0	0	136	0	0	0	0	0	0	0	420	0	182	0	0	0	0	0	0	0	12546	3060	0	0	112	0	772	0	19064	368	0	0	0	0	0	0	0	0	0	0	0	0	0	0	0	0	0	0	0	0	0	0	0	0	160	0	0	0	0	0	0	0	5672	0	0	4952	39902	2566	1876	348	24532	2312	60750	4050	14140	0	14292	510	2922	158	452	0	670	1090	6484	5562	6656	422	334	114	
513796	Cerebelum_Crus1_R	0	0	0	0	0	0	0	0	0	0	0	0	0	0	0	0	0	0	0	0	0	0	0	0	0	0	0	0	0	0	0	0	0	0	0	0	0	328	0	648	0	0	0	0	0	0	544	9182	0	0	0	0	0	464	0	22144	0	0	0	0	0	0	0	0	0	0	0	0	0	0	0	0	0	0	0	0	0	0	0	0	0	0	0	0	0	0	0	0	0	1464	4952	0	4658	36882	548	2782	3456	22340	4118	60470	2928	5552	2742	19626	1258	3252	196	658	418	1774	12768	7212	15472	4398	2986	678	
284800	Cerebelum_Crus2_L	0	0	0	0	0	0	0	0	0	0	0	0	0	0	0	0	0	0	0	0	0	0	0	0	0	0	0	0	0	0	0	0	0	0	0	0	0	0	0	0	0	0	0	0	0	0	2436	1548	0	0	0	0	0	0	1062	0	0	0	0	0	0	0	0	0	0	0	0	0	0	0	0	0	0	0	0	0	0	0	0	0	0	0	0	0	0	0	0	0	202	0	39902	4658	0	6578	922	0	3084	264	14056	1858	27102	1194	19910	460	1738	0	282	0	116	274	728	3190	9102	1572	162	0	
298464	Cerebelum_Crus2_R	0	0	0	0	0	0	0	0	0	0	0	0	0	0	0	0	0	0	0	0	0	0	0	0	0	0	0	0	0	0	0	0	0	0	0	0	0	0	0	218	0	0	0	0	0	0	0	260	0	0	0	0	0	0	0	1476	0	0	0	0	0	0	0	0	0	0	0	0	0	0	0	0	0	0	0	0	0	0	0	0	0	0	0	0	0	0	0	0	0	0	2566	36882	6578	0	152	826	906	3104	1248	11964	7952	13992	7368	24992	568	1902	140	518	120	506	2198	768	13502	7232	1076	218	
59544	Cerebelum_3_L	0	0	0	0	0	0	0	0	0	0	0	0	0	0	0	0	0	0	0	0	0	0	0	0	0	0	0	0	0	0	0	0	0	0	0	0	0	0	254	0	0	0	0	0	0	0	154	610	0	0	0	0	0	0	446	240	0	0	0	0	0	0	0	0	0	0	0	0	0	0	0	0	0	0	0	0	0	0	0	0	0	0	0	0	0	0	0	0	176	0	1876	548	922	152	0	642	7492	1164	4044	970	128	0	198	0	2104	220	0	0	1194	2374	2482	884	0	0	230	268	
80884	Cerebelum_3_R	0	0	0	0	0	0	0	0	0	0	0	0	0	0	0	0	0	0	0	0	0	0	0	0	0	0	0	0	0	0	0	0	0	0	0	0	0	0	440	292	0	0	0	0	0	0	0	108	0	0	0	0	0	0	0	504	0	0	0	0	0	0	0	0	0	0	0	0	0	0	0	0	0	0	0	0	0	0	0	0	0	0	0	0	0	0	0	0	0	0	348	2782	0	826	642	0	1168	5160	502	5890	0	0	202	1160	240	3282	0	0	1206	4472	2920	1074	1754	1644	2756	1070	
338780	Cerebelum_4_5_L	0	0	0	0	0	0	0	0	0	0	0	0	0	0	0	0	0	0	0	0	0	0	0	0	0	0	0	0	0	0	0	0	0	0	0	0	896	0	772	0	0	0	0	0	0	0	13020	3528	0	0	226	0	354	0	12666	1486	0	0	0	0	0	0	0	0	0	0	0	0	0	0	0	0	0	0	0	0	0	0	0	0	0	0	0	0	0	0	0	0	1398	0	24532	3456	3084	906	7492	1168	0	7552	38938	5300	1528	0	1542	136	7348	398	1830	0	1826	3392	18038	3742	348	236	920	1332	
314988	Cerebelum_4_5_R	0	0	0	0	0	0	0	0	0	0	0	0	0	0	0	0	0	0	0	0	0	0	0	0	0	0	0	0	0	0	0	0	0	0	0	120	0	1276	0	4438	0	0	0	756	0	0	1108	14010	0	0	0	0	0	240	160	12574	0	0	0	0	0	0	0	0	0	0	0	1336	0	0	0	0	0	124	0	0	0	0	0	0	0	0	0	0	0	0	0	0	0	118	2312	22340	264	3104	1164	5160	7552	0	4440	34016	0	0	0	1400	1584	3486	0	342	374	2468	21920	2856	1906	1512	2304	730	
496000	Cerebelum_6_L	0	0	186	0	0	0	0	0	0	0	0	0	0	0	0	0	0	0	142	0	0	0	0	0	0	0	0	0	522	0	0	0	0	0	0	0	2136	0	450	0	0	0	0	0	0	0	18100	5478	0	0	492	0	1098	0	28122	1204	0	0	0	0	0	0	0	0	0	0	0	0	0	0	0	0	514	0	0	0	0	0	0	0	486	0	0	0	146	0	0	0	6330	0	60750	4118	14056	1248	4044	502	38938	4440	0	5928	3680	0	3236	700	6894	442	2106	0	976	1594	11802	10640	4542	740	712	506	
492680	Cerebelum_6_R	0	0	0	214	0	0	0	0	0	0	0	0	0	0	0	0	0	148	0	0	0	0	0	0	0	0	0	0	0	150	0	0	0	0	0	0	0	1760	0	2482	0	0	0	0	0	0	920	12550	0	0	0	0	0	598	0	26022	0	0	0	0	0	0	0	0	0	0	0	0	0	0	0	0	0	1150	0	0	0	0	0	0	0	0	0	0	0	0	0	0	0	158	4050	60470	1858	11964	970	5890	5300	34016	5928	0	832	380	1362	5248	1786	4700	192	476	802	3046	19246	10044	10938	4552	4900	1238	
253964	Cerebelum_7b_L	0	0	0	0	0	0	0	0	0	0	0	0	0	0	0	0	0	0	0	0	0	0	0	0	0	0	0	0	0	0	0	0	0	0	0	0	0	0	0	0	0	0	0	0	0	0	168	0	0	0	0	0	0	0	586	0	0	0	0	0	0	0	0	0	0	0	0	0	0	0	0	0	0	0	0	0	0	0	0	0	0	0	0	0	0	0	0	0	112	0	14140	2928	27102	7952	128	0	1528	0	3680	832	0	3438	33558	7038	2128	400	984	0	0	0	0	308	9246	10222	504	0	
106760	Cerebelum_7b_R	0	0	0	0	0	0	0	0	0	0	0	0	0	0	0	0	0	0	0	0	0	0	0	0	0	0	0	0	0	0	0	0	0	0	0	0	0	0	0	0	0	0	0	0	0	0	0	0	0	0	0	0	0	0	0	0	0	0	0	0	0	0	0	0	0	0	0	0	0	0	0	0	0	0	0	0	0	0	0	0	0	0	0	0	0	0	0	0	0	0	0	5552	1194	13992	0	0	0	0	0	380	3438	0	4018	15996	0	2282	0	0	0	0	0	0	2454	3854	220	0	
297784	Cerebelum_8_L	0	0	0	0	0	0	0	0	0	0	0	0	0	0	0	0	0	0	0	0	0	0	0	0	0	0	0	0	0	0	0	0	0	0	0	0	0	0	0	0	0	0	0	0	0	0	338	0	0	0	0	0	0	0	340	0	0	0	0	0	0	0	0	0	0	0	0	0	0	0	0	0	0	0	0	0	0	0	0	0	0	0	0	0	0	0	0	0	0	0	14292	2742	19910	7368	198	202	1542	0	3236	1362	33558	4018	0	12326	13498	1778	2422	0	0	152	0	328	9352	16442	3488	0	
277512	Cerebelum_8_R	0	0	0	0	0	0	0	0	0	0	0	0	0	0	0	0	0	0	0	0	0	0	0	0	0	0	0	0	0	0	0	0	0	0	0	0	0	0	0	202	0	0	0	0	0	0	0	0	0	0	0	0	0	0	0	484	0	0	0	0	0	0	0	0	0	0	0	0	0	0	0	0	0	0	0	0	0	0	0	0	0	0	0	0	0	0	0	0	0	0	510	19626	460	24992	0	1160	136	1400	700	5248	7038	15996	12326	0	2224	15536	0	984	260	654	770	542	8276	14344	4590	298	
138616	Cerebelum_9_L	0	0	0	0	0	0	0	0	0	0	0	0	0	0	0	0	0	0	0	0	0	0	0	0	0	0	0	0	0	0	0	0	0	0	0	0	0	0	150	0	0	0	0	0	0	0	0	576	0	0	0	0	0	0	890	242	0	0	0	0	0	0	0	0	0	0	0	0	0	0	0	0	0	0	0	0	0	0	0	0	0	0	0	0	0	0	0	0	0	0	2922	1258	1738	568	2104	240	7348	1584	6894	1786	2128	0	13498	2224	0	1780	4704	0	240	508	3404	2912	1722	3348	3330	1210	
135280	Cerebelum_9_R	0	0	0	0	0	0	0	0	0	0	0	0	0	0	0	0	0	0	0	0	0	0	0	0	0	0	0	0	0	0	0	0	0	0	0	0	0	0	0	604	0	0	0	0	0	0	0	0	0	0	0	0	0	0	0	652	0	0	0	0	0	0	0	0	0	0	0	0	0	0	0	0	0	0	0	0	0	0	0	0	0	0	0	0	0	0	0	0	0	0	158	3252	0	1902	220	3282	398	3486	442	4700	400	2282	1778	15536	1780	0	0	1718	944	1980	2148	2056	3570	4910	7056	2386	
29628	Cerebelum_10_L	0	0	0	0	0	0	0	0	0	0	0	0	0	0	0	0	0	0	0	0	0	0	0	0	0	0	0	0	0	0	0	0	0	0	0	0	0	0	0	0	0	0	0	0	0	0	0	0	0	0	0	0	0	0	526	0	0	0	0	0	0	0	0	0	0	0	0	0	0	0	0	0	0	0	0	0	0	0	0	0	0	0	0	0	0	0	0	0	0	0	452	196	282	140	0	0	1830	0	2106	192	984	0	2422	0	4704	0	0	0	0	0	142	276	266	156	140	0	
9940	Cerebelum_10_R	0	0	0	0	0	0	0	0	0	0	0	0	0	0	0	0	0	0	0	0	0	0	0	0	0	0	0	0	0	0	0	0	0	0	0	0	0	0	0	0	0	0	0	0	0	0	0	0	0	0	0	0	0	0	0	0	0	0	0	0	0	0	0	0	0	0	0	0	0	0	0	0	0	0	0	0	0	0	0	0	0	0	0	0	0	0	0	0	0	0	0	658	0	518	0	0	0	342	0	476	0	0	0	984	0	1718	0	0	0	0	0	0	0	140	134	0	
40088	Vermis_1_2	0	0	0	0	0	0	0	0	0	0	0	0	0	0	0	0	0	0	0	0	0	0	0	0	0	0	0	0	0	0	0	0	0	0	0	0	0	0	236	0	0	0	0	0	0	0	0	140	0	0	0	0	0	0	0	0	0	0	0	0	0	0	0	0	0	0	0	0	0	0	0	0	0	0	0	0	0	0	0	0	0	0	0	0	0	0	0	0	0	0	670	418	116	120	1194	1206	1826	374	976	802	0	0	0	260	240	944	0	0	0	6034	2390	366	380	380	654	318	
82588	Vermis_3	0	0	0	0	0	0	0	0	0	0	0	0	0	0	0	0	0	0	0	0	0	0	0	0	0	0	0	0	0	0	0	0	0	0	0	0	0	0	364	0	0	0	0	0	0	0	0	240	0	0	0	0	0	0	0	246	0	0	0	0	0	0	0	0	0	0	0	0	0	0	0	0	0	0	0	0	0	0	0	0	0	0	0	0	0	0	0	0	0	0	1090	1774	274	506	2374	4472	3392	2468	1594	3046	0	0	152	654	508	1980	0	0	6034	0	4580	932	974	894	1690	1056	
295920	Vermis_4_5	0	0	0	0	0	0	0	0	0	0	0	0	0	0	0	0	0	0	0	0	0	0	0	0	0	0	0	0	0	0	0	0	0	0	0	360	0	282	0	230	0	0	0	520	0	0	3116	10094	0	0	124	0	232	186	1012	5344	0	0	0	0	0	0	0	0	0	0	0	594	0	0	0	0	0	0	0	0	0	0	0	0	0	0	0	0	0	0	0	0	0	0	6484	12768	728	2198	2482	2920	18038	21920	11802	19246	0	0	0	770	3404	2148	142	0	2390	4580	0	7372	714	530	2580	2650	
172016	Vermis_6	0	0	0	0	0	0	0	0	0	0	0	0	0	0	0	0	0	0	0	0	0	0	0	0	0	0	0	0	0	0	0	0	0	0	0	0	0	0	0	0	0	0	0	0	0	0	2744	6962	0	0	0	0	138	348	560	2004	0	0	0	0	0	0	0	0	0	0	0	0	0	0	0	0	0	0	0	0	0	0	0	0	0	0	0	0	0	0	0	0	0	0	5562	7212	3190	768	884	1074	3742	2856	10640	10044	308	0	328	542	2912	2056	276	0	366	932	7372	0	5672	928	2564	3024	
