data	data	510696	382632	782528	630144	163724	74928	345944	271700	106172	13576	197272	137616	185324	156356	146656	43136	231112	82144	685544	670780	91392	83656	250808	232280	23496	55948	45456	48780	596156	218572	200120	370792	139128	499544	230852	258736	281828	275248	128628	173768	37356	49384	314712	541916	296428	461488	405636	309848	312900	388224	585524	345356	252424	189000	512660	397796	328292	210700	224916	181352	296684	127944	156572	142212	201624	155816	393892	512696	281228	400204	300296	244380	298004	205512	56540	19180	140348	156276	83364	26940	276560	140456	98452	39544	467628	308944	41608	12124	347736	291612	548232	461916	456232	369788	49328	78800	309200	256460	509624	427768	320208	247492	408024	370064	236920	177288	28420	15188	24596	91196	258888	206460	223836	177388	144768	40632	
data	data	Precentral_L	Precentral_R	Frontal_Sup_L	Frontal_Sup_R	Frontal_Sup_Orb_L	Frontal_Sup_Orb_R	Frontal_Mid_L	Frontal_Mid_R	Frontal_Mid_Orb_L	Frontal_Mid_Orb_R	Frontal_Inf_Oper_L	Frontal_Inf_Oper_R	Frontal_Inf_Tri_L	Frontal_Inf_Tri_R	Frontal_Inf_Orb_L	Frontal_Inf_Orb_R	Rolandic_Oper_L	Rolandic_Oper_R	Supp_Motor_Area_L	Supp_Motor_Area_R	Olfactory_L	Olfactory_R	Frontal_Sup_Medial_L	Frontal_Sup_Medial_R	Frontal_Med_Orb_L	Frontal_Med_Orb_R	Rectus_L	Rectus_R	Insula_L	Insula_R	Cingulum_Ant_L	Cingulum_Ant_R	Cingulum_Mid_L	Cingulum_Mid_R	Cingulum_Post_L	Cingulum_Post_R	Hippocampus_L	Hippocampus_R	ParaHippocampal_L	ParaHippocampal_R	Amygdala_L	Amygdala_R	Calcarine_L	Calcarine_R	Cuneus_L	Cuneus_R	Lingual_L	Lingual_R	Occipital_Sup_L	Occipital_Sup_R	Occipital_Mid_L	Occipital_Mid_R	Occipital_Inf_L	Occipital_Inf_R	Fusiform_L	Fusiform_R	Postcentral_L	Postcentral_R	Parietal_Sup_L	Parietal_Sup_R	Parietal_Inf_L	Parietal_Inf_R	SupraMarginal_L	SupraMarginal_R	Angular_L	Angular_R	Precuneus_L	Precuneus_R	Paracentral_Lobule_L	Paracentral_Lobule_R	Caudate_L	Caudate_R	Putamen_L	Putamen_R	Pallidum_L	Pallidum_R	Thalamus_L	Thalamus_R	Heschl_L	Heschl_R	Temporal_Sup_L	Temporal_Sup_R	Temporal_Pole_Sup_L	Temporal_Pole_Sup_R	Temporal_Mid_L	Temporal_Mid_R	Temporal_Pole_Mid_L	Temporal_Pole_Mid_R	Temporal_Inf_L	Temporal_Inf_R	Cerebelum_Crus1_L	Cerebelum_Crus1_R	Cerebelum_Crus2_L	Cerebelum_Crus2_R	Cerebelum_3_L	Cerebelum_3_R	Cerebelum_4_5_L	Cerebelum_4_5_R	Cerebelum_6_L	Cerebelum_6_R	Cerebelum_7b_L	Cerebelum_7b_R	Cerebelum_8_L	Cerebelum_8_R	Cerebelum_9_L	Cerebelum_9_R	Cerebelum_10_L	Cerebelum_10_R	Vermis_1_2	Vermis_3	Vermis_4_5	Vermis_6	Vermis_7	Vermis_8	Vermis_9	Vermis_10	
510696	Precentral_L	0	18252	21378	5094	0	0	25700	1652	0	0	11550	130	1034	0	0	0	9378	0	10290	14160	0	0	0	0	0	0	0	0	10718	290	0	176	234	8346	2984	3514	3648	2172	278	0	0	0	132	0	0	0	0	0	148	0	2690	0	2942	188	2166	400	30074	870	1864	0	2790	0	1468	138	0	0	1160	222	18824	8234	2720	1604	1622	210	480	0	10254	2348	3262	0	3980	0	0	0	2096	116	0	0	924	168	276	0	0	0	0	0	0	0	0	0	0	0	0	0	0	0	0	0	0	0	0	0	0	0	0	0	
382632	Precentral_R	18252	0	3928	10912	0	0	1470	9914	0	0	0	4812	0	0	0	0	0	1478	6642	14046	0	0	0	0	0	0	0	0	152	1502	0	0	774	6580	2418	3244	314	1996	258	164	0	0	0	3004	146	804	0	356	0	376	156	1508	0	2218	206	1792	1228	19830	0	206	0	438	0	2864	0	788	262	4410	7906	22206	3144	1954	2744	3570	1826	766	2072	3374	0	122	0	1078	0	0	110	3138	0	0	0	7142	0	0	0	0	0	0	0	0	0	0	0	0	0	0	0	0	0	0	0	0	716	0	0	0	0	0	
782528	Frontal_Sup_L	21378	3928	0	18192	12338	0	44968	4742	4296	0	10182	736	13150	618	3696	0	8304	0	89332	16342	0	0	36058	736	1400	0	0	0	29760	104	10116	2134	2368	2478	728	976	5660	932	522	0	0	0	0	0	0	0	0	0	0	0	0	0	0	0	646	126	2938	118	0	0	0	0	0	0	0	0	0	160	152	112	5958	904	17612	130	3788	0	6988	1014	1256	0	2124	0	172	0	136	0	0	0	664	0	0	0	0	0	0	0	0	0	0	0	0	0	0	0	0	0	0	0	0	0	92	0	0	0	0	0	
630144	Frontal_Sup_R	5094	10912	18192	0	140	2258	1928	30664	120	342	2378	7056	428	9464	0	628	1678	4622	25110	48614	0	0	5894	26674	0	1960	0	0	6114	11820	2084	23986	1406	14424	90	0	166	1520	0	524	0	0	0	0	0	0	0	0	0	0	0	0	0	0	0	392	860	396	0	0	0	0	0	0	0	0	0	0	1034	284	9450	14688	3556	8816	0	1522	294	7352	0	0	0	0	0	0	0	0	0	0	0	138	0	0	0	0	0	0	0	0	0	0	0	0	0	0	0	0	0	0	0	0	0	0	0	0	0	0	
163724	Frontal_Sup_Orb_L	0	0	12338	140	0	0	1522	0	10570	0	224	108	4564	114	11494	0	0	0	2396	0	2750	1202	4542	0	2494	0	3786	196	11310	0	2856	872	0	0	0	0	0	0	0	0	0	0	0	0	0	0	0	0	0	0	0	0	0	0	0	0	0	0	0	0	0	0	0	0	0	0	0	0	0	0	2476	598	4422	0	0	0	0	0	0	0	0	0	888	0	0	0	0	0	0	0	0	0	0	0	0	0	0	0	0	0	0	0	0	0	0	0	0	0	0	0	0	0	0	0	0	0	
74928	Frontal_Sup_Orb_R	0	0	0	2258	0	0	0	702	0	1310	0	0	0	310	0	3588	0	0	0	90	1330	2346	430	3480	0	5762	316	4516	0	1568	118	1852	0	156	0	0	0	0	0	0	0	0	0	0	0	0	0	0	0	0	0	0	0	0	0	0	0	0	0	0	0	0	0	0	0	0	0	0	0	0	1712	1658	370	3592	0	0	0	0	0	0	0	0	0	0	0	0	0	0	0	0	0	0	0	0	0	0	0	0	0	0	0	0	0	0	0	0	0	0	0	0	0	0	0	0	0	0	
345944	Frontal_Mid_L	25700	1470	44968	1928	1522	0	0	1296	3290	0	7138	144	19028	0	3590	0	6152	0	9112	1154	0	0	12876	0	162	0	0	0	13510	336	508	234	94	0	636	688	664	1090	0	0	0	0	0	0	0	0	0	0	0	0	392	0	544	0	382	148	3056	114	0	0	0	0	132	0	0	0	0	0	120	98	2508	1482	914	240	158	0	298	406	1880	0	1652	0	0	0	790	0	0	0	368	0	0	0	0	0	0	0	0	0	0	0	0	0	0	0	0	0	0	0	0	0	0	0	0	0	0	0	
271700	Frontal_Mid_R	1652	9914	4742	30664	0	702	1296	0	0	1226	96	7816	0	16730	0	2316	0	2938	5998	4254	0	0	276	6386	0	0	0	0	274	6540	576	8960	266	2658	0	0	0	470	0	0	0	0	0	0	0	0	0	0	0	0	0	0	0	0	0	104	0	230	0	0	0	0	0	0	0	0	0	0	0	0	3612	5258	1500	6792	646	862	0	96	0	0	0	0	0	0	0	0	0	0	0	0	0	0	0	0	0	0	0	0	0	0	0	0	0	0	0	0	0	0	0	0	0	0	0	0	0	0	
106172	Frontal_Mid_Orb_L	0	0	4296	120	10570	0	3290	0	0	0	220	112	3222	120	15514	0	0	0	1180	0	214	126	1404	0	194	0	794	0	6094	0	1106	408	0	0	0	0	0	0	0	0	0	0	0	0	0	0	0	0	0	0	0	0	0	0	0	0	0	0	0	0	0	0	0	0	0	0	0	0	0	0	608	180	2906	0	0	0	0	0	0	0	0	0	408	0	0	0	0	0	0	0	0	0	0	0	0	0	0	0	0	0	0	0	0	0	0	0	0	0	0	0	0	0	0	0	0	0	
13576	Frontal_Mid_Orb_R	0	0	0	342	0	1310	0	1226	0	0	0	0	0	784	0	2690	0	0	0	98	0	0	0	118	0	0	0	0	0	0	0	120	0	0	0	0	0	0	0	0	0	0	0	0	0	0	0	0	0	0	0	0	0	0	0	0	0	0	0	0	0	0	0	0	0	0	0	0	0	0	0	0	0	100	0	0	0	0	0	0	0	0	0	0	0	0	0	0	0	0	0	0	0	0	0	0	0	0	0	0	0	0	0	0	0	0	0	0	0	0	0	0	0	0	0	0	
197272	Frontal_Inf_Oper_L	11550	0	10182	2378	224	0	7138	96	220	0	0	1048	9414	1144	260	0	10344	0	9094	1052	0	0	392	0	0	0	0	0	17480	130	798	648	0	0	0	0	0	0	0	0	0	0	0	0	0	0	0	0	0	0	0	0	0	0	0	0	3572	0	0	0	100	0	214	0	0	0	0	0	0	0	3462	512	2628	100	0	0	0	0	712	0	2220	0	1524	0	0	0	0	0	0	0	0	0	0	0	0	0	0	0	0	0	0	0	0	0	0	0	0	0	0	0	0	0	0	0	0	0	
137616	Frontal_Inf_Oper_R	130	4812	736	7056	108	0	144	7816	112	0	1048	0	0	13158	96	128	0	4490	1152	2516	0	0	0	664	0	0	0	0	1404	8570	258	2104	0	490	0	0	0	516	0	92	0	0	0	0	0	0	0	0	0	0	0	0	0	0	0	0	0	1294	0	0	0	0	0	216	0	0	0	0	0	0	1868	1134	296	5586	0	384	0	114	0	138	0	178	0	0	0	0	0	0	0	0	0	0	0	0	0	0	0	0	0	0	0	0	0	0	0	0	0	0	0	0	0	0	0	0	0	0	
185324	Frontal_Inf_Tri_L	1034	0	13150	428	4564	0	19028	0	3222	0	9414	0	0	0	7128	0	1974	0	4004	172	0	0	3564	0	0	0	0	0	19392	0	1324	0	170	0	0	0	0	0	0	0	0	0	0	0	0	0	0	0	0	0	0	0	0	0	0	0	0	0	0	0	0	0	0	0	0	0	0	0	0	0	478	0	1402	0	0	0	0	0	0	0	866	0	1348	0	0	0	0	0	0	0	0	0	0	0	0	0	0	0	0	0	0	0	0	0	0	0	0	0	0	0	0	0	0	0	0	0	
156356	Frontal_Inf_Tri_R	0	0	618	9464	114	310	0	16730	120	784	1144	13158	0	0	110	3972	0	152	1322	3512	0	0	92	3642	0	0	0	0	1552	6646	458	8406	142	1738	0	0	0	0	0	0	0	0	0	0	0	0	0	0	0	0	0	0	0	0	0	0	0	0	0	0	0	0	0	0	0	0	0	0	0	0	1800	774	300	1118	0	0	0	0	0	0	0	0	0	0	0	0	0	0	0	0	0	0	0	0	0	0	0	0	0	0	0	0	0	0	0	0	0	0	0	0	0	0	0	0	0	0	
146656	Frontal_Inf_Orb_L	0	0	3696	0	11494	0	3590	0	15514	0	260	96	7128	110	0	0	0	0	766	0	2960	852	416	0	206	0	2116	158	12584	0	942	396	0	0	0	0	0	0	0	0	0	0	0	0	0	0	0	0	0	0	0	0	0	0	0	0	0	0	0	0	0	0	0	0	0	0	0	0	0	0	1822	296	5058	0	0	0	0	0	0	0	0	0	2868	0	0	0	0	0	0	0	0	0	0	0	0	0	0	0	0	0	0	0	0	0	0	0	0	0	0	0	0	0	0	0	0	0	
43136	Frontal_Inf_Orb_R	0	0	0	628	0	3588	0	2316	0	2690	0	128	0	3972	0	0	0	0	0	214	166	1426	0	286	0	540	0	1184	0	2510	0	212	0	178	0	0	0	0	0	134	0	0	0	0	0	0	0	0	0	0	0	0	0	0	0	0	0	0	0	0	0	0	0	0	0	0	0	0	0	0	240	636	0	156	0	0	0	0	0	0	0	0	0	364	0	0	0	0	0	0	0	0	0	0	0	0	0	0	0	0	0	0	0	0	0	0	0	0	0	0	0	0	0	0	0	0	
231112	Rolandic_Oper_L	9378	0	8304	1678	0	0	6152	0	0	0	10344	0	1974	0	0	0	0	0	7348	678	0	0	92	0	0	0	0	0	23772	0	106	134	0	0	140	118	284	0	0	0	0	0	374	0	0	0	110	0	0	0	2684	0	1530	0	1012	0	9620	0	136	0	294	0	1622	0	0	0	254	0	582	0	2188	238	1952	0	0	0	134	0	4368	0	12120	0	1420	0	2628	0	0	0	1644	0	144	0	0	0	0	0	0	0	0	0	0	0	0	0	0	0	0	0	0	0	0	0	0	0	0	0	
82144	Rolandic_Oper_R	0	1478	0	4622	0	0	0	2938	0	0	0	4490	0	152	0	0	0	0	0	1076	0	0	0	0	0	0	0	0	118	12256	142	576	0	0	0	0	0	278	0	0	0	0	0	0	0	0	0	0	0	0	0	0	0	0	0	0	0	2548	0	0	0	0	0	1804	0	0	0	0	0	130	484	708	340	3182	322	90	0	0	0	1740	0	1598	0	0	0	0	0	0	0	0	0	0	0	0	0	0	0	0	0	0	0	0	0	0	0	0	0	0	0	0	0	0	0	0	0	0	
685544	Supp_Motor_Area_L	10290	6642	89332	25110	2396	0	9112	5998	1180	0	9094	1152	4004	1322	766	0	7348	0	0	40568	0	0	7734	3488	182	0	0	0	22200	378	7168	6882	7408	20068	244	702	4064	812	292	0	0	0	0	0	0	0	0	0	0	0	0	0	0	0	272	0	2866	342	0	0	0	0	122	0	0	0	216	186	1996	386	7252	1288	18772	206	5804	0	3058	668	718	0	1998	0	164	0	136	0	0	0	386	0	0	0	0	0	0	0	0	0	0	0	0	0	0	0	0	0	0	0	0	0	0	0	0	0	0	0	
670780	Supp_Motor_Area_R	14160	14046	16342	48614	0	90	1154	4254	0	98	1052	2516	172	3512	0	214	678	1076	40568	0	0	0	996	8738	0	92	0	0	2752	2726	2482	14090	5792	46390	4990	3468	356	2726	0	796	0	0	0	682	0	192	0	164	0	164	110	706	146	942	260	1418	480	1780	0	0	0	128	0	614	0	0	512	1002	15494	26372	3608	11130	1352	2420	0	1208	140	11828	0	0	0	690	0	0	134	1986	0	0	96	4438	0	0	0	0	0	0	0	0	0	0	0	0	0	0	0	0	0	0	0	0	254	0	0	0	0	0	
91392	Olfactory_L	0	0	0	0	2750	1330	0	0	214	0	0	0	0	0	2960	166	0	0	0	0	0	6192	0	0	396	0	3396	2094	3904	190	2818	2284	0	0	0	0	0	0	670	0	296	0	0	0	0	0	0	0	0	0	0	0	0	0	0	0	0	0	0	0	0	0	0	0	0	0	0	0	0	0	8762	3094	1614	598	0	0	0	0	0	0	0	0	1968	0	0	0	0	0	0	0	0	0	0	0	0	0	0	0	0	0	0	0	0	0	0	0	0	0	0	0	0	0	0	0	0	0	
83656	Olfactory_R	0	0	0	0	1202	2346	0	0	126	0	0	0	0	0	852	1426	0	0	0	0	6192	0	0	0	0	220	2388	3746	276	3030	1992	1702	0	0	0	0	0	106	0	242	0	586	0	0	0	0	0	0	0	0	0	0	0	0	0	0	0	0	0	0	0	0	0	0	0	0	0	0	0	0	7562	4844	1672	1010	0	0	0	0	0	0	0	0	0	308	0	0	0	0	0	0	0	0	0	0	0	0	0	0	0	0	0	0	0	0	0	0	0	0	0	0	0	0	0	0	0	0	
250808	Frontal_Sup_Medial_L	0	0	36058	5894	4542	430	12876	276	1404	0	392	0	3564	92	416	0	92	0	7734	996	0	0	0	11126	2042	928	0	0	3168	0	12394	9776	3298	6282	0	0	0	0	0	0	0	0	0	0	0	0	0	0	0	0	0	0	0	0	0	0	0	0	0	0	0	0	0	0	0	0	0	0	0	0	488	134	1002	0	0	0	0	0	0	0	0	0	0	0	0	0	0	0	0	0	0	0	0	0	0	0	0	0	0	0	0	0	0	0	0	0	0	0	0	0	0	0	0	0	0	0	
232280	Frontal_Sup_Medial_R	0	0	736	26674	0	3480	0	6386	0	118	0	664	0	3642	0	286	0	0	3488	8738	0	0	11126	0	0	3996	0	216	0	1504	3228	22498	872	16396	0	0	0	0	0	0	0	0	0	0	0	0	0	0	0	0	0	0	0	0	0	0	0	0	0	0	0	0	0	0	0	0	0	0	0	0	124	496	0	1472	0	0	0	0	0	0	0	0	0	0	0	0	0	0	0	0	0	0	0	0	0	0	0	0	0	0	0	0	0	0	0	0	0	0	0	0	0	0	0	0	0	0	
23496	Frontal_Med_Orb_L	0	0	1400	0	2494	0	162	0	194	0	0	0	0	0	206	0	0	0	182	0	396	0	2042	0	0	0	672	0	188	0	2028	906	0	0	0	0	0	0	0	0	0	0	0	0	0	0	0	0	0	0	0	0	0	0	0	0	0	0	0	0	0	0	0	0	0	0	0	0	0	0	410	226	242	0	0	0	0	0	0	0	0	0	0	0	0	0	0	0	0	0	0	0	0	0	0	0	0	0	0	0	0	0	0	0	0	0	0	0	0	0	0	0	0	0	0	0	
55948	Frontal_Med_Orb_R	0	0	0	1960	0	5762	0	0	0	0	0	0	0	0	0	540	0	0	0	92	0	220	928	3996	0	0	0	3098	0	258	574	3812	0	320	0	0	0	0	0	0	0	0	0	0	0	0	0	0	0	0	0	0	0	0	0	0	0	0	0	0	0	0	0	0	0	0	0	0	0	0	0	2272	0	4142	0	0	0	0	0	0	0	0	0	0	0	0	0	0	0	0	0	0	0	0	0	0	0	0	0	0	0	0	0	0	0	0	0	0	0	0	0	0	0	0	0	0	
45456	Rectus_L	0	0	0	0	3786	316	0	0	794	0	0	0	0	0	2116	0	0	0	0	0	3396	2388	0	0	672	0	0	876	1142	0	1884	1084	0	0	0	0	0	0	0	0	0	0	0	0	0	0	0	0	0	0	0	0	0	0	0	0	0	0	0	0	0	0	0	0	0	0	0	0	0	0	3172	488	314	190	0	0	0	0	0	0	0	0	110	0	0	0	0	0	0	0	0	0	0	0	0	0	0	0	0	0	0	0	0	0	0	0	0	0	0	0	0	0	0	0	0	0	
48780	Rectus_R	0	0	0	0	196	4516	0	0	0	0	0	0	0	0	158	1184	0	0	0	0	2094	3746	0	216	0	3098	876	0	0	1162	248	942	0	0	0	0	0	0	0	0	0	0	0	0	0	0	0	0	0	0	0	0	0	0	0	0	0	0	0	0	0	0	0	0	0	0	0	0	0	0	2492	1504	582	1376	0	0	0	0	0	0	0	0	0	0	0	0	0	0	0	0	0	0	0	0	0	0	0	0	0	0	0	0	0	0	0	0	0	0	0	0	0	0	0	0	0	0	
596156	Insula_L	10718	152	29760	6114	11310	0	13510	274	6094	0	17480	1404	19392	1552	12584	0	23772	118	22200	2752	3904	276	3168	0	188	0	1142	0	0	220	3290	1394	286	0	1628	1702	11802	310	1240	0	3262	0	124	0	0	0	0	106	0	0	1468	0	2072	220	3854	412	5622	0	0	0	224	0	298	0	0	0	0	290	370	94	10992	1490	18742	262	0	0	3180	288	7024	0	12384	0	6922	0	3702	0	0	0	4396	96	184	0	0	0	0	0	0	0	0	0	0	0	0	0	0	0	0	0	0	0	264	0	0	0	0	0	
218572	Insula_R	290	1502	104	11820	0	1568	336	6540	0	0	130	8570	0	6646	0	2510	0	12256	378	2726	190	3030	0	1504	0	258	0	1162	220	0	190	4612	0	392	140	146	204	2396	0	938	0	2162	0	0	0	0	0	0	0	0	0	0	0	0	0	1148	0	934	0	0	0	0	0	270	0	0	0	0	0	138	856	2480	432	19286	344	0	0	848	0	1596	0	3614	0	1450	0	2010	0	0	104	856	0	0	0	0	0	0	0	0	0	0	0	0	0	0	0	0	0	0	0	0	0	0	0	0	0	0	
200120	Cingulum_Ant_L	0	0	10116	2084	2856	118	508	576	1106	0	798	258	1324	458	942	0	106	142	7168	2482	2818	1992	12394	3228	2028	574	1884	248	3290	190	0	16446	5528	3450	226	0	0	0	0	0	0	0	0	0	0	0	0	0	0	0	0	0	0	0	0	0	0	0	0	0	0	0	0	0	0	0	0	0	0	0	5844	2602	6014	262	0	0	0	0	0	0	0	0	0	0	0	0	0	0	0	0	0	0	0	0	0	0	0	0	0	0	0	0	0	0	0	0	0	0	0	0	0	0	0	0	0	0	
370792	Cingulum_Ant_R	176	0	2134	23986	872	1852	234	8960	408	120	648	2104	0	8406	396	212	134	576	6882	14090	2284	1702	9776	22498	906	3812	1084	942	1394	4612	16446	0	2434	19156	0	0	0	0	0	0	0	0	0	0	0	0	0	0	0	0	0	0	0	0	0	0	0	0	0	0	0	0	0	0	0	0	0	0	0	0	5318	14284	2050	4224	0	0	0	284	0	0	0	0	0	0	0	0	0	0	0	0	0	0	0	0	0	0	0	0	0	0	0	0	0	0	0	0	0	0	0	0	0	0	0	0	0	0	
139128	Cingulum_Mid_L	234	774	2368	1406	0	0	94	266	0	0	0	0	170	142	0	0	0	0	7408	5792	0	0	3298	872	0	0	0	0	286	0	5528	2434	0	11850	4218	2092	0	0	0	0	0	0	1984	114	3864	348	206	0	320	0	532	0	240	0	184	0	0	0	0	0	0	0	0	0	0	0	7276	1172	3434	438	0	0	0	0	0	0	0	0	0	0	0	0	0	0	100	0	0	0	0	0	0	0	0	0	0	0	0	0	0	0	0	0	0	0	0	0	0	0	0	0	120	0	0	0	0	0	
499544	Cingulum_Mid_R	8346	6580	2478	14424	0	156	0	2658	0	0	0	490	0	1738	0	178	0	0	20068	46390	0	0	6282	16396	0	320	0	0	0	392	3450	19156	11850	0	7894	8596	0	0	0	0	0	0	0	2330	110	2208	0	0	0	1394	0	1508	154	376	192	318	0	1586	0	408	0	1002	0	976	0	630	2266	9786	15482	23460	0	0	0	0	0	0	0	0	0	0	0	844	0	0	0	2918	0	0	0	3460	0	0	0	0	0	0	0	0	0	0	0	0	0	0	0	0	0	0	0	0	522	0	0	0	0	0	
230852	Cingulum_Post_L	2984	2418	728	90	0	0	636	0	0	0	0	0	0	0	0	0	140	0	244	4990	0	0	0	0	0	0	0	0	1628	140	226	0	4218	7894	0	22098	4270	5326	3862	1152	0	0	2060	344	690	158	1526	1298	264	0	386	0	1382	1454	4010	2508	124	1002	0	0	0	0	0	0	0	0	7118	4816	8346	7108	0	0	0	0	0	0	0	1114	490	0	170	0	0	0	440	374	0	0	700	1840	128	94	0	0	0	0	0	656	142	0	0	0	0	0	0	0	0	0	0	0	1640	0	0	0	0	0	
258736	Cingulum_Post_R	3514	3244	976	0	0	0	688	0	0	0	0	0	0	0	0	0	118	0	702	3468	0	0	0	0	0	0	0	0	1702	146	0	0	2092	8596	22098	0	4268	6532	3282	1496	0	0	546	1642	266	1312	536	2320	0	294	128	232	476	3090	2524	3650	132	1584	0	136	0	122	0	130	0	106	4278	14688	4444	6244	0	0	0	0	0	0	156	1706	544	0	150	0	0	0	244	1010	0	0	582	4204	0	116	0	0	0	0	0	784	102	96	0	0	0	0	0	0	0	0	0	0	7872	0	0	0	0	0	
281828	Hippocampus_L	3648	314	5660	166	0	0	664	0	0	0	0	0	0	0	0	0	284	0	4064	356	0	0	0	0	0	0	0	0	11802	204	0	0	0	0	4270	4268	0	5180	17400	958	6934	0	744	0	0	0	4174	956	0	0	130	0	512	0	16330	398	146	0	0	0	0	0	0	0	0	0	2816	1354	0	0	1288	0	8146	0	726	0	9444	2434	1438	0	2994	0	1032	0	1500	0	0	0	15496	130	296	0	0	0	456	0	464	512	300	0	0	0	0	0	0	0	0	0	0	100	426	0	0	0	0	0	
275248	Hippocampus_R	2172	1996	932	1520	0	0	1090	470	0	0	0	516	0	0	0	0	0	278	812	2726	0	106	0	0	0	0	0	0	310	2396	0	0	0	0	5326	6532	5180	0	2064	26488	0	6680	96	662	0	0	454	4860	0	0	0	0	116	696	818	26694	0	0	0	0	0	0	0	0	0	0	638	3444	0	292	192	268	188	7218	170	654	880	7800	232	234	0	1000	0	126	0	764	0	0	734	6198	0	208	0	0	0	0	114	3088	0	738	0	0	0	0	0	0	0	0	0	104	350	0	0	0	0	0	
128628	ParaHippocampal_L	278	258	522	0	0	0	0	0	0	0	0	0	0	0	0	0	0	0	292	0	670	0	0	0	0	0	0	0	1240	0	0	0	0	0	3862	3282	17400	2064	0	730	2080	0	760	0	0	0	4224	1012	0	0	0	0	0	168	7672	354	0	0	0	0	0	0	0	0	0	0	2878	1520	0	0	474	0	1474	0	0	0	1294	342	0	0	216	0	802	0	196	0	434	0	3162	296	504	0	0	0	656	0	1002	432	674	0	0	0	0	0	0	0	0	0	96	516	478	0	0	0	0	0	
173768	ParaHippocampal_R	0	164	0	524	0	0	0	0	0	0	0	92	0	0	0	134	0	0	0	796	0	242	0	0	0	0	0	0	0	938	0	0	0	0	1152	1496	958	26488	730	0	0	5494	0	682	0	0	226	7706	0	0	0	0	0	284	126	21526	0	0	0	0	0	0	0	0	0	0	0	2320	0	0	0	0	0	3562	0	546	0	2912	0	0	0	286	0	712	0	162	0	0	96	1672	0	138	0	0	0	122	0	4012	0	292	0	0	0	0	0	0	0	0	0	0	294	0	0	0	0	0	
37356	Amygdala_L	0	0	0	0	0	0	0	0	0	0	0	0	0	0	0	0	0	0	0	0	296	0	0	0	0	0	0	0	3262	0	0	0	0	0	0	0	6934	0	2080	0	0	0	0	0	0	0	0	0	0	0	0	0	0	0	2612	0	0	0	0	0	0	0	0	0	0	0	0	0	0	0	194	0	874	0	0	0	0	0	0	0	470	0	860	0	0	0	96	0	1000	0	0	0	0	0	0	0	0	0	0	0	0	0	0	0	0	0	0	0	0	0	0	0	0	0	0	0	
49384	Amygdala_R	0	0	0	0	0	0	0	0	0	0	0	0	0	0	0	0	0	0	0	0	0	586	0	0	0	0	0	0	0	2162	0	0	0	0	0	0	0	6680	0	5494	0	0	0	0	0	0	0	0	0	0	0	0	0	0	0	6708	0	0	0	0	0	0	0	0	0	0	0	0	0	0	0	160	0	1540	0	0	0	0	0	0	0	0	0	1176	0	0	0	0	0	0	0	0	0	0	0	0	0	186	0	0	0	0	0	0	0	0	0	0	0	0	0	0	0	0	0	0	
314712	Calcarine_L	132	0	0	0	0	0	0	0	0	0	0	0	0	0	0	0	374	0	0	0	0	0	0	0	0	0	0	0	124	0	0	0	1984	0	2060	546	744	96	760	0	0	0	0	12872	23766	11120	17908	2770	13200	4706	17682	1242	8284	278	6092	616	0	0	118	0	0	0	138	0	0	0	18520	1318	1744	0	0	0	0	0	0	0	0	0	0	0	378	0	0	0	2402	0	0	0	190	0	822	414	120	0	0	0	430	608	534	836	0	0	0	0	0	0	0	0	0	0	1146	282	0	0	0	0	
541916	Calcarine_R	0	3004	0	0	0	0	0	0	0	0	0	0	0	0	0	0	0	0	0	682	0	0	0	0	0	0	0	0	0	0	0	0	114	2330	344	1642	0	662	0	682	0	0	12872	0	10682	42988	5632	21122	3234	30546	2508	25486	978	16456	416	10750	0	5694	0	5188	0	804	0	992	0	1150	3862	32988	194	9826	0	0	0	0	0	0	0	0	0	0	0	472	0	0	0	6042	0	0	0	7818	238	234	238	0	0	0	0	0	288	554	0	0	0	0	0	0	0	0	0	0	1140	106	0	0	0	0	
296428	Cuneus_L	0	146	0	0	0	0	0	0	0	0	0	0	0	0	0	0	0	0	0	0	0	0	0	0	0	0	0	0	0	0	0	0	3864	110	690	266	0	0	0	0	0	0	23766	10682	0	13746	9688	150	26808	2892	18406	476	4086	0	1834	0	0	0	2124	0	0	0	0	0	0	0	20648	2324	2308	0	0	0	0	0	0	0	0	0	0	0	0	0	0	0	550	0	0	0	0	0	918	0	854	0	0	0	0	0	878	0	0	0	0	0	0	0	0	0	0	0	0	0	0	0	0	0	
461488	Cuneus_R	0	804	0	0	0	0	0	0	0	0	0	0	0	0	0	0	0	0	0	192	0	0	0	0	0	0	0	0	0	0	0	0	348	2208	158	1312	0	0	0	0	0	0	11120	42988	13746	0	4530	5122	3462	47188	2528	25430	976	2930	378	2372	0	656	92	10976	0	546	0	616	0	2062	6424	31460	108	3698	0	0	0	0	0	0	0	0	0	0	0	396	0	0	0	3068	0	0	0	1500	232	0	232	0	0	0	0	0	232	0	0	0	0	0	0	0	0	0	0	0	654	0	0	0	0	0	
405636	Lingual_L	0	0	0	0	0	0	0	0	0	0	0	0	0	0	0	0	110	0	0	0	0	0	0	0	0	0	0	0	0	0	0	0	206	0	1526	536	4174	454	4224	226	0	0	17908	5632	9688	4530	0	5284	13228	1360	24540	1080	11562	234	22204	656	0	0	206	0	0	0	0	0	0	0	10532	576	442	0	0	0	0	0	0	0	468	198	0	0	110	0	0	0	1452	0	0	0	480	0	9038	1728	2970	218	408	0	10778	720	17888	2848	0	0	134	0	900	230	0	0	100	196	3440	5602	704	154	366	570	
309848	Lingual_R	0	356	0	0	0	0	0	0	0	0	0	0	0	0	0	0	0	0	0	164	0	0	0	0	0	0	0	0	106	0	0	0	0	0	1298	2320	956	4860	1012	7706	0	0	2770	21122	150	5122	5284	0	0	8050	0	7044	0	7974	1028	19802	0	364	0	516	0	0	0	100	0	0	490	7380	0	878	0	0	0	0	0	0	0	674	0	0	0	0	0	0	0	966	0	0	112	1110	1494	4750	100	198	0	204	332	8688	4184	9372	0	0	0	0	0	144	0	0	0	162	5524	7810	1906	182	160	0	
312900	Occipital_Sup_L	148	0	0	0	0	0	0	0	0	0	0	0	0	0	0	0	0	0	0	0	0	0	0	0	0	0	0	0	0	0	0	0	320	0	264	0	0	0	0	0	0	0	13200	3234	26808	3462	13228	0	0	556	40988	0	4294	0	2392	0	468	0	14682	0	2338	0	454	0	2010	0	20172	0	780	0	0	0	0	0	0	0	0	0	0	0	0	0	0	0	2654	0	0	0	828	0	1090	0	960	0	0	0	0	0	1120	0	0	0	0	0	0	0	0	0	0	0	0	0	0	0	0	0	
388224	Occipital_Sup_R	0	376	0	0	0	0	0	0	0	0	0	0	0	0	0	0	0	0	0	164	0	0	0	0	0	0	0	0	0	0	0	0	0	1394	0	294	0	0	0	0	0	0	4706	30546	2892	47188	1360	8050	556	0	286	37390	124	4696	0	3780	0	248	0	14716	0	580	0	278	0	4494	1280	21868	0	2520	0	0	0	0	0	0	0	0	0	0	0	366	0	0	0	2910	0	0	0	958	0	0	0	0	0	0	0	0	0	0	0	0	0	0	0	0	0	0	0	0	92	0	0	0	0	0	
585524	Occipital_Mid_L	2690	156	0	0	0	0	392	0	0	0	0	0	0	0	0	0	2684	0	0	110	0	0	0	0	0	0	0	0	1468	0	0	0	532	0	386	128	130	0	0	0	0	0	17682	2508	18406	2528	24540	0	40988	286	0	0	31268	0	10854	0	1746	0	17650	0	15224	0	2478	0	21220	0	22044	0	7540	0	0	0	0	0	0	0	0	0	102	0	2936	0	0	0	32950	0	0	0	5712	0	1922	0	1542	0	0	0	120	0	1840	0	0	0	0	0	0	0	0	0	0	0	0	0	0	0	0	0	
345356	Occipital_Mid_R	0	1508	0	0	0	0	0	0	0	0	0	0	0	0	0	0	0	0	0	706	0	0	0	0	0	0	0	0	0	0	0	0	0	1508	0	232	0	0	0	0	0	0	1242	25486	476	25430	1080	7044	0	37390	0	0	0	6932	0	3516	0	1116	0	9184	0	784	0	492	0	10282	1118	15030	0	3774	0	0	0	0	0	0	0	0	0	0	0	702	0	0	0	15124	0	0	0	2522	0	0	0	0	0	0	0	0	0	0	0	0	0	0	0	0	0	0	0	0	0	0	0	0	0	0	
252424	Occipital_Inf_L	2942	0	0	0	0	0	544	0	0	0	0	0	0	0	0	0	1530	0	0	146	0	0	0	0	0	0	0	0	2072	0	0	0	240	154	1382	476	512	116	0	0	0	0	8284	978	4086	976	11562	0	4294	124	31268	0	0	0	19358	0	866	0	140	0	418	0	226	0	238	0	5336	0	4896	162	0	0	0	0	0	0	0	0	480	0	1106	0	0	0	9390	0	0	0	4248	150	3040	0	1686	0	0	0	524	0	2262	0	0	0	0	0	0	0	0	0	0	0	0	0	0	0	0	0	
189000	Occipital_Inf_R	188	2218	0	0	0	0	0	0	0	0	0	0	0	0	0	0	0	0	0	942	0	0	0	0	0	0	0	0	220	0	0	0	0	376	1454	3090	0	696	168	284	0	0	278	16456	0	2930	234	7974	0	4696	0	6932	0	0	270	13768	0	1588	0	1058	0	504	0	558	0	548	398	5058	290	3164	0	0	0	0	0	0	0	0	0	136	0	482	0	0	0	4312	0	0	0	9402	0	814	0	0	0	0	0	106	172	632	0	0	0	0	0	0	0	0	0	0	1370	474	260	0	0	0	
512660	Fusiform_L	2166	206	646	0	0	0	382	0	0	0	0	0	0	0	0	0	1012	0	272	260	0	0	0	0	0	0	0	0	3854	0	0	0	184	192	4010	2524	16330	818	7672	126	2612	0	6092	416	1834	378	22204	1028	2392	0	10854	0	19358	270	0	474	560	98	0	0	240	0	118	0	110	0	5114	372	2032	238	158	0	1242	0	0	0	2550	548	1542	0	2696	0	2800	0	6916	90	2860	0	24272	636	27044	804	5820	220	196	0	16962	440	32088	1226	1108	0	2024	0	580	0	98	0	0	0	1596	1892	474	0	0	0	
397796	Fusiform_R	400	1792	126	392	0	0	148	104	0	0	0	0	0	0	0	0	0	0	0	1418	0	0	0	0	0	0	0	0	412	1148	0	0	0	318	2508	3650	398	26694	354	21526	0	6708	616	10750	0	2372	656	19802	0	3780	0	3516	0	13768	474	0	0	1080	0	762	0	238	0	242	0	106	294	3636	366	2202	0	0	0	4180	0	320	0	2294	0	468	0	1646	0	3262	0	3524	0	690	0	13828	358	8668	0	190	0	146	132	7504	940	11634	0	0	0	186	0	0	0	0	0	0	2858	2506	808	0	0	0	
328292	Postcentral_L	30074	1228	2938	860	0	0	3056	0	0	0	3572	0	0	0	0	0	9620	0	2866	480	0	0	0	0	0	0	0	0	5622	0	0	0	0	0	124	132	146	0	0	0	0	0	0	0	0	0	0	0	468	0	1746	0	866	0	560	0	0	444	12776	0	28204	0	15542	0	2194	0	4370	0	7398	102	608	186	98	0	0	0	1636	192	3380	0	11238	0	0	0	7332	0	0	0	3978	110	0	0	0	0	0	0	0	0	0	0	0	0	0	0	0	0	0	0	0	0	0	0	0	0	0	0	
210700	Postcentral_R	870	19830	118	396	0	0	114	230	0	0	0	1294	0	0	0	0	0	2548	342	1780	0	0	0	0	0	0	0	0	0	934	0	0	0	1586	1002	1584	0	0	0	0	0	0	0	5694	0	656	0	364	0	248	0	1116	0	1588	98	1080	444	0	0	6216	0	8938	0	10708	0	3732	90	8218	638	14850	558	0	504	776	368	0	0	0	0	260	0	670	0	0	0	1776	0	0	0	2642	0	0	0	0	0	0	0	0	0	0	0	0	0	0	0	0	0	0	0	0	490	0	0	0	0	0	
224916	Parietal_Sup_L	1864	0	0	0	0	0	0	0	0	0	0	0	0	0	0	0	136	0	0	0	0	0	0	0	0	0	0	0	0	0	0	0	0	0	0	0	0	0	0	0	0	0	118	0	2124	92	206	0	14682	0	17650	0	140	0	0	0	12776	0	0	0	16494	0	1442	0	5496	0	17332	170	3584	0	0	0	0	0	0	0	0	0	0	0	4762	0	0	0	8826	0	0	0	4564	0	0	0	0	0	0	0	0	0	0	0	0	0	0	0	0	0	0	0	0	0	0	0	0	0	0	0	
181352	Parietal_Sup_R	0	206	0	0	0	0	0	0	0	0	0	0	0	0	0	0	0	0	0	0	0	0	0	0	0	0	0	0	0	0	0	0	0	408	0	136	0	0	0	0	0	0	0	5188	0	10976	0	516	0	14716	0	9184	0	1058	0	762	0	6216	0	0	0	12508	0	4788	0	7294	184	11266	0	2340	0	0	0	0	0	0	0	0	0	110	0	420	0	0	0	1264	0	0	0	1046	0	0	0	0	0	0	0	0	0	0	0	0	0	0	0	0	0	0	0	0	90	0	0	0	0	0	
296684	Parietal_Inf_L	2790	0	0	0	0	0	0	0	0	0	100	0	0	0	0	0	294	0	0	0	0	0	0	0	0	0	0	0	224	0	0	0	0	0	0	0	0	0	0	0	0	0	0	0	0	0	0	0	2338	0	15224	0	418	0	240	0	28204	0	16494	0	0	0	20564	0	25622	0	3452	0	1502	0	0	0	0	0	0	0	0	0	0	0	5860	0	0	0	16798	0	0	0	8218	0	0	0	0	0	0	0	0	0	0	0	0	0	0	0	0	0	0	0	0	0	0	0	0	0	0	0	
127944	Parietal_Inf_R	0	438	0	0	0	0	0	0	0	0	0	0	0	0	0	0	0	0	0	128	0	0	0	0	0	0	0	0	0	0	0	0	0	1002	0	122	0	0	0	0	0	0	0	804	0	546	0	0	0	580	0	784	0	504	0	238	0	8938	0	12508	0	0	0	12418	0	11842	0	2836	0	1570	0	0	0	0	0	0	0	0	0	196	0	2072	0	0	0	4460	0	0	0	1986	0	0	0	0	0	0	0	0	0	0	0	0	0	0	0	0	0	0	0	0	0	0	0	0	0	0	
156572	SupraMarginal_L	1468	0	0	0	0	0	132	0	0	0	214	0	0	0	0	0	1622	0	122	0	0	0	0	0	0	0	0	0	298	0	0	0	0	0	0	0	0	0	0	0	0	0	138	0	0	0	0	0	454	0	2478	0	226	0	118	0	15542	0	1442	0	20564	0	0	0	12594	0	486	0	674	0	0	0	0	0	0	0	0	0	94	0	6016	0	0	0	9106	0	0	0	4498	0	0	0	0	0	0	0	0	0	0	0	0	0	0	0	0	0	0	0	0	0	0	0	0	0	0	0	
142212	SupraMarginal_R	138	2864	0	0	0	0	0	0	0	0	0	216	0	0	0	0	0	1804	0	614	0	0	0	0	0	0	0	0	0	270	0	0	0	976	0	130	0	0	0	0	0	0	0	992	0	616	0	100	0	278	0	492	0	558	0	242	0	10708	0	4788	0	12418	0	0	0	6494	0	2358	0	1892	234	0	226	102	192	0	0	0	0	470	0	8528	0	0	0	9294	0	0	0	3010	0	0	0	0	0	0	0	0	0	0	0	0	0	0	0	0	0	0	0	0	102	0	0	0	0	0	
201624	Angular_L	0	0	0	0	0	0	0	0	0	0	0	0	0	0	0	0	0	0	0	0	0	0	0	0	0	0	0	0	0	0	0	0	0	0	0	0	0	0	0	0	0	0	0	0	0	0	0	0	2010	0	21220	0	238	0	110	0	2194	0	5496	0	25622	0	12594	0	0	0	952	0	244	0	0	0	0	0	0	0	0	0	0	0	1960	0	0	0	20130	0	0	0	8042	0	0	0	0	0	0	0	0	0	0	0	0	0	0	0	0	0	0	0	0	0	0	0	0	0	0	0	
155816	Angular_R	0	788	0	0	0	0	0	0	0	0	0	0	0	0	0	0	0	0	0	0	0	0	0	0	0	0	0	0	0	0	0	0	0	630	0	106	0	0	0	0	0	0	0	1150	0	2062	0	0	0	4494	0	10282	0	548	0	106	0	3732	0	7294	0	11842	0	6494	0	0	0	3928	0	1306	0	0	0	0	0	0	0	0	0	0	0	7226	0	0	0	13674	0	0	0	2246	0	0	0	0	0	0	0	0	0	0	0	0	0	0	0	0	0	0	0	0	0	0	0	0	0	0	
393892	Precuneus_L	1160	262	0	0	0	0	0	0	0	0	0	0	0	0	0	0	254	0	216	512	0	0	0	0	0	0	0	0	0	0	0	0	7276	2266	7118	4278	2816	638	2878	0	0	0	18520	3862	20648	6424	10532	490	20172	1280	22044	1118	5336	398	5114	294	4370	90	17332	184	3452	0	486	0	952	0	0	9080	5962	540	0	0	0	0	0	0	0	0	0	0	676	0	0	0	4432	0	0	0	1318	162	732	0	228	0	0	0	0	180	338	0	0	0	0	0	0	0	0	0	0	0	526	0	0	0	0	0	
512696	Precuneus_R	222	4410	160	0	0	0	0	0	0	0	0	0	0	0	0	0	0	0	186	1002	0	0	0	0	0	0	0	0	290	0	0	0	1172	9786	4816	14688	1354	3444	1520	2320	0	0	1318	32988	2324	31460	576	7380	0	21868	0	15030	0	5058	372	3636	0	8218	170	11266	0	2836	0	2358	0	3928	9080	0	340	18702	0	0	0	0	0	0	0	0	102	100	0	1610	0	0	0	9878	0	0	152	10552	0	0	0	0	0	0	0	632	0	0	0	0	0	0	0	0	0	0	0	0	9044	0	0	0	0	0	
281228	Paracentral_Lobule_L	18824	7906	152	1034	0	0	120	0	0	0	0	0	0	0	0	0	582	0	1996	15494	0	0	0	0	0	0	0	0	370	0	0	0	3434	15482	8346	4444	0	0	0	0	0	0	1744	194	2308	108	442	0	780	0	7540	0	4896	290	2032	366	7398	638	3584	0	1502	0	674	0	244	0	5962	340	0	15200	0	0	0	0	0	0	0	132	112	0	972	0	0	0	4102	0	0	0	352	328	190	0	0	0	0	0	0	0	0	0	0	0	0	0	0	0	0	0	0	0	0	0	0	0	0	0	
400204	Paracentral_Lobule_R	8234	22206	112	284	0	0	98	0	0	0	0	0	0	0	0	0	0	130	386	26372	0	0	0	0	0	0	0	0	94	138	0	0	438	23460	7108	6244	0	292	0	0	0	0	0	9826	0	3698	0	878	0	2520	0	3774	162	3164	238	2202	102	14850	0	2340	0	1570	0	1892	0	1306	540	18702	15200	0	136	0	108	240	92	0	0	0	0	188	0	2368	0	0	0	6618	0	0	0	10228	0	0	0	0	0	0	0	0	0	0	0	0	0	0	0	0	0	0	0	0	1564	0	0	0	0	0	
300296	Caudate_L	2720	3144	5958	9450	2476	1712	2508	3612	608	0	3462	1868	478	1800	1822	240	2188	484	7252	3608	8762	7562	488	124	410	0	3172	2492	10992	856	5844	5318	0	0	0	0	1288	192	474	0	194	0	0	0	0	0	0	0	0	0	0	0	0	0	158	0	608	558	0	0	0	0	0	234	0	0	0	0	0	136	0	9292	17560	1452	3354	0	10724	982	0	0	548	0	868	0	0	0	0	0	116	0	0	0	0	0	0	0	0	0	0	0	0	0	0	0	0	0	0	0	0	0	0	0	0	0	0	0	
244380	Caudate_R	1604	1954	904	14688	598	1658	1482	5258	180	0	512	1134	0	774	296	636	238	708	1288	11130	3094	4844	134	496	226	2272	488	1504	1490	2480	2602	14284	0	0	0	0	0	268	0	0	0	160	0	0	0	0	0	0	0	0	0	0	0	0	0	0	186	0	0	0	0	0	0	0	0	0	0	0	0	0	9292	0	2196	8886	0	1384	1536	19156	0	0	170	0	0	0	0	0	0	0	0	0	0	0	0	0	0	0	0	0	0	0	0	0	0	0	0	0	0	0	0	0	0	0	0	0	0	0	
298004	Putamen_L	1622	2744	17612	3556	4422	370	914	1500	2906	0	2628	296	1402	300	5058	0	1952	340	18772	1352	1614	1672	1002	0	242	0	314	582	18742	432	6014	2050	0	0	0	0	8146	188	1474	0	874	0	0	0	0	0	0	0	0	0	0	0	0	0	1242	0	98	504	0	0	0	0	0	226	0	0	0	0	0	108	17560	2196	0	596	8304	0	3502	262	0	0	1316	0	1248	0	0	0	0	0	748	0	0	0	0	0	0	0	0	0	0	0	0	0	0	0	0	0	0	0	0	0	0	0	0	0	0	0	
205512	Putamen_R	210	3570	130	8816	0	3592	240	6792	0	100	100	5586	0	1118	0	156	0	3182	206	2420	598	1010	0	1472	0	4142	190	1376	262	19286	262	4224	0	0	0	0	0	7218	0	3562	0	1540	0	0	0	0	0	0	0	0	0	0	0	0	0	4180	0	776	0	0	0	0	0	102	0	0	0	0	0	240	1452	8886	596	0	0	1854	0	1822	0	0	0	388	0	0	0	172	0	0	0	348	0	0	0	0	0	0	0	380	0	200	0	0	0	0	0	0	0	0	0	0	0	0	0	0	0	0	
56540	Pallidum_L	480	1826	3788	0	0	0	158	646	0	0	0	0	0	0	0	0	0	322	5804	0	0	0	0	0	0	0	0	0	0	344	0	0	0	0	0	0	726	170	0	0	0	0	0	0	0	0	0	0	0	0	0	0	0	0	0	0	0	368	0	0	0	0	0	192	0	0	0	0	0	92	3354	0	8304	0	0	0	1696	0	0	0	0	0	0	0	0	0	0	0	0	0	0	0	0	0	0	0	0	0	0	0	0	0	0	0	0	0	0	0	0	0	0	0	0	0	0	0	
19180	Pallidum_R	0	766	0	1522	0	0	0	862	0	0	0	384	0	0	0	0	0	90	0	1208	0	0	0	0	0	0	0	0	0	0	0	0	0	0	0	0	0	654	0	546	0	0	0	0	0	0	0	0	0	0	0	0	0	0	0	320	0	0	0	0	0	0	0	0	0	0	0	0	0	0	0	1384	0	1854	0	0	0	0	0	0	0	0	0	0	0	0	0	0	0	0	0	0	0	0	0	0	0	0	0	0	0	0	0	0	0	0	0	0	0	0	0	0	0	0	0	0	
140348	Thalamus_L	10254	2072	6988	294	0	0	298	0	0	0	0	0	0	0	0	0	134	0	3058	140	0	0	0	0	0	0	0	0	3180	0	0	0	0	0	0	156	9444	880	1294	0	0	0	0	0	0	0	468	0	0	0	0	0	0	0	2550	0	1636	0	0	0	0	0	0	0	0	0	0	0	0	0	10724	1536	3502	0	1696	0	0	4656	530	0	348	0	0	0	668	0	0	0	3668	0	0	0	0	0	0	0	0	0	0	0	0	0	0	0	0	0	0	0	0	0	0	0	0	0	0	0	
156276	Thalamus_R	2348	3374	1014	7352	0	0	406	96	0	0	0	114	0	0	0	0	0	0	668	11828	0	0	0	0	0	0	0	0	288	848	0	284	0	0	1114	1706	2434	7800	342	2912	0	0	0	0	0	0	198	674	0	0	0	0	0	0	548	2294	192	0	0	0	0	0	0	0	0	0	0	0	132	0	982	19156	262	1822	0	0	4656	0	146	0	0	220	0	0	0	252	0	0	536	684	0	0	0	0	0	0	0	456	0	0	0	0	0	0	0	0	0	0	0	0	0	0	0	0	0	0	
83364	Heschl_L	3262	0	1256	0	0	0	1880	0	0	0	712	0	0	0	0	0	4368	0	718	0	0	0	0	0	0	0	0	0	7024	0	0	0	0	0	490	544	1438	232	0	0	0	0	0	0	0	0	0	0	0	0	102	0	480	0	1542	0	3380	0	0	0	0	0	94	0	0	0	0	102	112	0	0	0	0	0	0	0	530	146	0	0	6918	0	0	0	4018	0	0	0	2238	0	0	0	0	0	0	0	0	0	0	0	0	0	0	0	0	0	0	0	0	0	96	0	0	0	0	0	
26940	Heschl_R	0	122	0	0	0	0	0	0	0	0	0	138	0	0	0	0	0	1740	0	0	0	0	0	0	0	0	0	0	0	1596	0	0	0	0	0	0	0	234	0	0	0	0	0	0	0	0	0	0	0	0	0	0	0	136	0	468	0	260	0	110	0	196	0	470	0	0	0	100	0	188	0	0	0	0	0	0	0	0	0	0	0	4432	0	0	0	1520	0	0	0	1760	0	0	0	0	0	0	0	0	0	0	0	0	0	0	0	0	0	0	0	0	0	0	0	0	0	0	
276560	Temporal_Sup_L	3980	0	2124	0	0	0	1652	0	0	0	2220	0	866	0	0	0	12120	0	1998	0	0	0	0	0	0	0	0	0	12384	0	0	0	0	0	170	150	2994	0	216	0	470	0	378	0	0	0	110	0	0	0	2936	0	1106	0	2696	0	11238	0	4762	0	5860	0	6016	0	1960	0	676	0	972	0	548	170	1316	0	0	0	348	0	6918	0	0	0	4278	0	33002	0	0	0	11646	0	0	0	0	0	0	0	0	0	0	0	0	0	0	0	0	0	0	0	0	0	0	0	0	0	0	0	
140456	Temporal_Sup_R	0	1078	0	0	0	0	0	0	0	0	0	178	0	0	0	0	0	1598	0	690	0	0	0	0	0	0	0	0	0	3614	0	0	0	844	0	0	0	1000	0	286	0	0	0	472	0	396	0	0	0	366	0	702	0	482	0	1646	0	670	0	420	0	2072	0	8528	0	7226	0	1610	0	2368	0	0	0	388	0	0	0	220	0	4432	0	0	0	3112	0	20354	0	254	0	5222	0	0	0	0	0	0	0	0	0	0	0	0	0	0	0	0	0	0	0	0	0	0	0	0	0	0	
98452	Temporal_Pole_Sup_L	0	0	172	0	888	0	0	0	408	0	1524	0	1348	0	2868	0	1420	0	164	0	1968	0	0	0	0	0	110	0	6922	0	0	0	0	0	0	0	1032	0	802	0	860	0	0	0	0	0	0	0	0	0	0	0	0	0	2800	0	0	0	0	0	0	0	0	0	0	0	0	0	0	0	868	0	1248	0	0	0	0	0	0	0	4278	0	0	0	8148	0	5494	0	5904	0	0	0	0	0	0	0	0	0	0	0	0	0	0	0	0	0	0	0	0	0	0	0	0	0	0	0	
39544	Temporal_Pole_Sup_R	0	0	0	0	0	0	0	0	0	0	0	0	0	0	0	364	0	0	0	0	0	308	0	0	0	0	0	0	0	1450	0	0	0	0	0	0	0	126	0	712	0	1176	0	0	0	0	0	0	0	0	0	0	0	0	0	3262	0	0	0	0	0	0	0	0	0	0	0	0	0	0	0	0	0	0	0	0	0	0	0	0	0	3112	0	0	0	4270	0	2524	0	2468	0	0	0	0	0	0	0	0	0	0	0	0	0	0	0	0	0	0	0	0	0	0	0	0	0	0	
467628	Temporal_Mid_L	2096	110	136	0	0	0	790	0	0	0	0	0	0	0	0	0	2628	0	136	134	0	0	0	0	0	0	0	0	3702	0	0	0	100	0	440	244	1500	0	196	0	0	0	2402	0	550	0	1452	0	2654	0	32950	0	9390	0	6916	0	7332	0	8826	0	16798	0	9106	0	20130	0	4432	0	4102	0	0	0	0	0	0	0	668	0	4018	0	33002	0	8148	0	0	0	5922	0	42404	0	400	0	0	0	0	0	0	0	0	0	0	0	0	0	0	0	0	0	0	0	0	0	0	0	0	0	
308944	Temporal_Mid_R	116	3138	0	0	0	0	0	0	0	0	0	0	0	0	0	0	0	0	0	1986	0	0	0	0	0	0	0	0	0	2010	0	0	0	2918	374	1010	0	764	0	162	0	0	0	6042	0	3068	0	966	0	2910	0	15124	0	4312	90	3524	0	1776	0	1264	0	4460	0	9294	0	13674	0	9878	0	6618	0	0	0	172	0	0	0	252	0	1520	0	20354	0	4270	0	0	0	1666	0	30166	0	0	0	0	0	0	0	0	0	0	0	0	0	0	0	0	0	0	0	0	594	0	0	0	0	0	
41608	Temporal_Pole_Mid_L	0	0	0	0	0	0	0	0	0	0	0	0	0	0	0	0	0	0	0	0	0	0	0	0	0	0	0	0	0	0	0	0	0	0	0	0	0	0	434	0	96	0	0	0	0	0	0	0	0	0	0	0	0	0	2860	0	0	0	0	0	0	0	0	0	0	0	0	0	0	0	0	0	0	0	0	0	0	0	0	0	0	0	5494	0	5922	0	0	0	5998	0	0	0	0	0	0	0	0	0	0	0	0	0	0	0	0	0	0	0	0	0	0	0	0	0	0	0	
12124	Temporal_Pole_Mid_R	0	0	0	0	0	0	0	0	0	0	0	0	0	0	0	0	0	0	0	0	0	0	0	0	0	0	0	0	0	0	0	0	0	0	0	0	0	0	0	0	0	0	0	0	0	0	0	0	0	0	0	0	0	0	0	690	0	0	0	0	0	0	0	0	0	0	0	0	0	0	0	0	0	0	0	0	0	0	0	0	0	254	0	2524	0	1666	0	0	0	928	0	0	0	0	0	0	0	0	0	0	0	0	0	0	0	0	0	0	0	0	0	0	0	0	0	0	
347736	Temporal_Inf_L	924	0	664	0	0	0	368	0	0	0	0	0	0	0	0	0	1644	0	386	96	0	0	0	0	0	0	0	0	4396	104	0	0	0	0	700	582	15496	734	3162	96	1000	0	190	0	0	0	480	112	828	0	5712	0	4248	0	24272	0	3978	0	4564	0	8218	0	4498	0	8042	0	1318	152	352	0	116	0	748	0	0	0	3668	536	2238	0	11646	0	5904	0	42404	0	5998	0	0	0	1592	0	326	0	0	0	148	0	422	0	196	0	386	0	96	0	0	0	0	0	128	0	0	0	0	0	
291612	Temporal_Inf_R	168	7142	0	138	0	0	0	0	0	0	0	0	0	0	0	0	0	0	0	4438	0	0	0	0	0	0	0	0	96	856	0	0	0	3460	1840	4204	130	6198	296	1672	0	0	0	7818	0	1500	0	1110	0	958	0	2522	150	9402	636	13828	110	2642	0	1046	0	1986	0	3010	0	2246	162	10552	328	10228	0	0	0	348	0	0	0	684	0	1760	0	5222	0	2468	0	30166	0	928	0	0	0	1226	0	0	0	0	0	158	0	158	0	0	0	0	0	0	0	0	0	0	1816	0	0	0	0	0	
548232	Cerebelum_Crus1_L	276	0	0	0	0	0	0	0	0	0	0	0	0	0	0	0	144	0	0	0	0	0	0	0	0	0	0	0	184	0	0	0	0	0	128	0	296	0	504	0	0	0	822	238	918	232	9038	1494	1090	0	1922	0	3040	0	27044	358	0	0	0	0	0	0	0	0	0	0	732	0	190	0	0	0	0	0	0	0	0	0	0	0	0	0	0	0	400	0	0	0	1592	0	0	3616	48374	3456	2870	148	24886	460	60120	2420	19252	412	26150	678	9390	538	1448	0	200	794	1574	3926	6790	2152	3536	284	
461916	Cerebelum_Crus1_R	0	0	0	0	0	0	0	0	0	0	0	0	0	0	0	0	0	0	0	0	0	0	0	0	0	0	0	0	0	0	0	0	0	0	94	116	0	208	0	138	0	0	414	234	0	0	1728	4750	0	0	0	0	0	814	804	8668	0	0	0	0	0	0	0	0	0	0	0	0	0	0	0	0	0	0	0	0	0	0	0	0	0	0	0	0	0	0	0	0	0	1226	3616	0	1980	35188	104	4784	1350	25818	3560	57294	598	9106	1180	24316	756	4520	112	414	258	3670	8218	7792	10634	3246	2850	400	
456232	Cerebelum_Crus2_L	0	0	0	0	0	0	0	0	0	0	0	0	0	0	0	0	0	0	0	0	0	0	0	0	0	0	0	0	0	0	0	0	0	0	0	0	0	0	0	0	0	0	120	238	854	232	2970	100	960	0	1542	0	1686	0	5820	0	0	0	0	0	0	0	0	0	0	0	228	0	0	0	0	0	0	0	0	0	0	0	0	0	0	0	0	0	0	0	0	0	326	0	48374	1980	0	9310	1162	0	6518	176	17288	704	45116	5602	43526	3082	14686	238	1230	0	0	448	632	660	8966	2138	1000	204	
369788	Cerebelum_Crus2_R	0	0	0	0	0	0	0	0	0	0	0	0	0	0	0	0	0	0	0	0	0	0	0	0	0	0	0	0	0	0	0	0	0	0	0	0	0	0	0	0	0	0	0	0	0	0	218	198	0	0	0	0	0	0	220	190	0	0	0	0	0	0	0	0	0	0	0	0	0	0	0	0	0	0	0	0	0	0	0	0	0	0	0	0	0	0	0	0	0	0	3456	35188	9310	0	0	1410	248	3248	1116	9756	4530	33130	3830	43982	824	7730	0	400	132	1268	760	818	14370	5510	2670	382	
49328	Cerebelum_3_L	0	0	0	0	0	0	0	0	0	0	0	0	0	0	0	0	0	0	0	0	0	0	0	0	0	0	0	0	0	0	0	0	0	0	0	0	456	0	656	0	0	0	0	0	0	0	408	0	0	0	0	0	0	0	196	0	0	0	0	0	0	0	0	0	0	0	0	0	0	0	0	0	0	0	0	0	0	0	0	0	0	0	0	0	0	0	0	0	0	0	2870	104	1162	0	0	218	6382	0	4140	300	644	0	774	0	624	144	0	0	578	2444	1770	414	0	142	238	0	
78800	Cerebelum_3_R	0	0	0	0	0	0	0	0	0	0	0	0	0	0	0	0	0	0	0	0	0	0	0	0	0	0	0	0	0	0	0	0	0	0	0	0	0	0	0	122	0	0	0	0	0	0	0	204	0	0	0	0	0	0	0	146	0	0	0	0	0	0	0	0	0	0	0	0	0	0	0	0	0	0	0	0	0	0	0	0	0	0	0	0	0	0	0	0	0	0	148	4784	0	1410	218	0	532	7270	420	9084	0	344	0	1570	470	716	0	0	834	5936	1788	974	710	764	956	0	
309200	Cerebelum_4_5_L	0	0	0	0	0	0	0	0	0	0	0	0	0	0	0	0	0	0	0	0	0	0	0	0	0	0	0	0	0	0	0	0	0	0	0	0	464	114	1002	0	0	0	430	0	0	0	10778	332	0	0	120	0	524	0	16962	132	0	0	0	0	0	0	0	0	0	0	0	0	0	0	0	0	0	0	0	0	0	0	0	0	0	0	0	0	0	0	0	0	148	0	24886	1350	6518	248	6382	532	0	714	38792	2332	2422	0	3780	226	5812	1772	280	0	724	2290	11098	5994	758	1436	2574	2674	
256460	Cerebelum_4_5_R	0	0	0	0	0	0	0	0	0	0	0	0	0	0	0	0	0	0	0	0	0	0	0	0	0	0	0	0	0	0	0	0	0	0	656	784	512	3088	432	4012	0	186	608	0	0	0	720	8688	0	0	0	0	0	106	440	7504	0	0	0	0	0	0	0	0	0	0	180	632	0	0	0	0	0	380	0	0	0	456	0	0	0	0	0	0	0	0	0	0	0	158	460	25818	176	3248	0	7270	714	0	1218	36424	0	296	138	3032	144	664	0	0	92	3502	11004	2300	1154	538	496	0	
509624	Cerebelum_6_L	0	0	0	0	0	0	0	0	0	0	0	0	0	0	0	0	0	0	0	0	0	0	0	0	0	0	0	0	0	0	0	0	0	0	142	102	300	0	674	0	0	0	534	288	878	232	17888	4184	1120	0	1840	0	2262	172	32088	940	0	0	0	0	0	0	0	0	0	0	338	0	0	0	0	0	0	0	0	0	0	0	0	0	0	0	0	0	0	0	0	0	422	0	60120	3560	17288	1116	4140	420	38792	1218	0	6528	6030	160	10628	472	9046	798	1360	0	436	1406	6100	11462	3542	1910	3718	158	
427768	Cerebelum_6_R	0	0	0	0	0	0	0	0	0	0	0	0	0	0	0	0	0	0	0	0	0	0	0	0	0	0	0	0	0	0	0	0	0	0	0	96	0	738	0	292	0	0	836	554	0	0	2848	9372	0	0	0	0	0	632	1226	11634	0	0	0	0	0	0	0	0	0	0	0	0	0	0	0	0	0	200	0	0	0	0	0	0	0	0	0	0	0	0	0	0	0	158	2420	57294	704	9756	300	9084	2332	36424	6528	0	140	2042	504	9788	1432	2546	316	398	364	5286	11960	12734	7484	2830	2336	296	
320208	Cerebelum_7b_L	0	0	0	0	0	0	0	0	0	0	0	0	0	0	0	0	0	0	0	0	0	0	0	0	0	0	0	0	0	0	0	0	0	0	0	0	0	0	0	0	0	0	0	0	0	0	0	0	0	0	0	0	0	0	1108	0	0	0	0	0	0	0	0	0	0	0	0	0	0	0	0	0	0	0	0	0	0	0	0	0	0	0	0	0	0	0	0	0	196	0	19252	598	45116	4530	644	0	2422	0	6030	140	0	4960	43678	4734	14416	278	1734	0	0	188	212	198	4728	4462	480	0	
247492	Cerebelum_7b_R	0	0	0	0	0	0	0	0	0	0	0	0	0	0	0	0	0	0	0	0	0	0	0	0	0	0	0	0	0	0	0	0	0	0	0	0	0	0	0	0	0	0	0	0	0	0	0	0	0	0	0	0	0	0	0	0	0	0	0	0	0	0	0	0	0	0	0	0	0	0	0	0	0	0	0	0	0	0	0	0	0	0	0	0	0	0	0	0	0	0	412	9106	5602	33130	0	344	0	296	160	2042	4960	0	5196	37382	642	8848	0	236	0	390	184	238	6354	6614	1390	220	
408024	Cerebelum_8_L	0	0	0	0	0	0	0	0	0	0	0	0	0	0	0	0	0	0	0	0	0	0	0	0	0	0	0	0	0	0	0	0	0	0	0	0	0	0	0	0	0	0	0	0	0	0	134	0	0	0	0	0	0	0	2024	0	0	0	0	0	0	0	0	0	0	0	0	0	0	0	0	0	0	0	0	0	0	0	0	0	0	0	0	0	0	0	0	0	386	0	26150	1180	43526	3830	774	0	3780	138	10628	504	43678	5196	0	6974	31690	1842	2592	0	0	242	548	772	4002	9484	3586	352	
370064	Cerebelum_8_R	0	0	0	0	0	0	0	0	0	0	0	0	0	0	0	0	0	0	0	0	0	0	0	0	0	0	0	0	0	0	0	0	0	0	0	0	0	0	0	0	0	0	0	0	0	0	0	0	0	0	0	0	0	0	0	186	0	0	0	0	0	0	0	0	0	0	0	0	0	0	0	0	0	0	0	0	0	0	0	0	0	0	0	0	0	0	0	0	0	0	678	24316	3082	43982	0	1570	226	3032	472	9788	4734	37382	6974	0	1154	22664	0	1290	0	1220	612	756	7538	9452	3478	446	
236920	Cerebelum_9_L	0	0	0	0	0	0	0	0	0	0	0	0	0	0	0	0	0	0	0	0	0	0	0	0	0	0	0	0	0	0	0	0	0	0	0	0	0	0	0	0	0	0	0	0	0	0	900	0	0	0	0	0	0	0	580	0	0	0	0	0	0	0	0	0	0	0	0	0	0	0	0	0	0	0	0	0	0	0	0	0	0	0	0	0	0	0	0	0	96	0	9390	756	14686	824	624	470	5812	144	9046	1432	14416	642	31690	1154	0	2672	3926	0	194	600	1976	4612	1564	3858	5496	900	
177288	Cerebelum_9_R	0	0	0	0	0	0	0	0	0	0	0	0	0	0	0	0	0	0	0	0	0	0	0	0	0	0	0	0	0	0	0	0	0	0	0	0	0	0	0	0	0	0	0	0	0	0	230	144	0	0	0	0	0	0	0	0	0	0	0	0	0	0	0	0	0	0	0	0	0	0	0	0	0	0	0	0	0	0	0	0	0	0	0	0	0	0	0	0	0	0	538	4520	238	7730	144	716	1772	664	798	2546	278	8848	1842	22664	2672	0	0	2756	492	926	2032	3556	5022	6698	8494	2324	
28420	Cerebelum_10_L	0	0	0	0	0	0	0	0	0	0	0	0	0	0	0	0	0	0	0	0	0	0	0	0	0	0	0	0	0	0	0	0	0	0	0	0	0	0	0	0	0	0	0	0	0	0	0	0	0	0	0	0	0	0	98	0	0	0	0	0	0	0	0	0	0	0	0	0	0	0	0	0	0	0	0	0	0	0	0	0	0	0	0	0	0	0	0	0	0	0	1448	112	1230	0	0	0	280	0	1360	316	1734	0	2592	0	3926	0	0	0	0	0	0	464	94	206	350	0	
15188	Cerebelum_10_R	0	0	0	0	0	0	0	0	0	0	0	0	0	0	0	0	0	0	0	0	0	0	0	0	0	0	0	0	0	0	0	0	0	0	0	0	0	0	0	0	0	0	0	0	0	0	0	0	0	0	0	0	0	0	0	0	0	0	0	0	0	0	0	0	0	0	0	0	0	0	0	0	0	0	0	0	0	0	0	0	0	0	0	0	0	0	0	0	0	0	0	414	0	400	0	0	0	0	0	398	0	236	0	1290	0	2756	0	0	0	0	0	120	604	680	696	0	
24596	Vermis_1_2	0	0	0	0	0	0	0	0	0	0	0	0	0	0	0	0	0	0	0	0	0	0	0	0	0	0	0	0	0	0	0	0	0	0	0	0	0	0	96	0	0	0	0	0	0	0	100	0	0	0	0	0	0	0	0	0	0	0	0	0	0	0	0	0	0	0	0	0	0	0	0	0	0	0	0	0	0	0	0	0	0	0	0	0	0	0	0	0	0	0	200	258	0	132	578	834	724	92	436	364	0	0	0	0	194	492	0	0	0	4568	1580	504	248	366	532	0	
91196	Vermis_3	0	0	0	0	0	0	0	0	0	0	0	0	0	0	0	0	0	0	0	0	0	0	0	0	0	0	0	0	0	0	0	0	0	0	0	0	100	104	516	0	0	0	0	0	0	0	196	162	0	0	0	0	0	0	0	0	0	0	0	0	0	0	0	0	0	0	0	0	0	0	0	0	0	0	0	0	0	0	0	0	0	0	0	0	0	0	0	0	0	0	794	3670	448	1268	2444	5936	2290	3502	1406	5286	188	390	242	1220	600	926	0	0	4568	0	5344	1244	750	828	1176	0	
258888	Vermis_4_5	0	716	92	0	0	0	0	0	0	0	0	0	0	0	0	0	0	0	0	254	0	0	0	0	0	0	0	0	264	0	0	0	120	522	1640	7872	426	350	478	294	0	0	1146	1140	0	654	3440	5524	0	92	0	0	0	1370	1596	2858	0	490	0	90	0	0	0	102	0	0	526	9044	0	1564	0	0	0	0	0	0	0	0	96	0	0	0	0	0	0	594	0	0	128	1816	1574	8218	632	760	1770	1788	11098	11004	6100	11960	212	184	548	612	1976	2032	0	0	1580	5344	0	8150	972	1582	2762	3288	
