data	data	350768	133544	1.04458e+06	816984	220108	176412	389520	233988	129588	80500	247972	179232	252916	181496	201040	97796	229068	140196	812080	676108	126572	118612	518692	537472	49276	184572	61792	64336	649700	369340	416820	579528	267124	703432	118392	116420	226820	327164	107488	274832	84132	68572	254908	336964	206884	285568	337204	358604	236876	254244	603884	292212	230584	135724	529512	571928	243424	177512	152132	124948	298816	117880	127096	142764	160116	138264	284312	412056	135252	76288	343964	366668	433344	300052	70240	52300	168864	157028	96836	31000	264660	179004	128216	118696	438632	280716	53236	40020	357648	266032	431336	374092	289912	212536	33524	57400	318044	239632	505624	498920	260948	139516	411124	290304	166404	149972	25412	19716	28300	73172	294052	205372	202984	143004	99204	14128	
data	data	Precentral_L	Precentral_R	Frontal_Sup_L	Frontal_Sup_R	Frontal_Sup_Orb_L	Frontal_Sup_Orb_R	Frontal_Mid_L	Frontal_Mid_R	Frontal_Mid_Orb_L	Frontal_Mid_Orb_R	Frontal_Inf_Oper_L	Frontal_Inf_Oper_R	Frontal_Inf_Tri_L	Frontal_Inf_Tri_R	Frontal_Inf_Orb_L	Frontal_Inf_Orb_R	Rolandic_Oper_L	Rolandic_Oper_R	Supp_Motor_Area_L	Supp_Motor_Area_R	Olfactory_L	Olfactory_R	Frontal_Sup_Medial_L	Frontal_Sup_Medial_R	Frontal_Med_Orb_L	Frontal_Med_Orb_R	Rectus_L	Rectus_R	Insula_L	Insula_R	Cingulum_Ant_L	Cingulum_Ant_R	Cingulum_Mid_L	Cingulum_Mid_R	Cingulum_Post_L	Cingulum_Post_R	Hippocampus_L	Hippocampus_R	ParaHippocampal_L	ParaHippocampal_R	Amygdala_L	Amygdala_R	Calcarine_L	Calcarine_R	Cuneus_L	Cuneus_R	Lingual_L	Lingual_R	Occipital_Sup_L	Occipital_Sup_R	Occipital_Mid_L	Occipital_Mid_R	Occipital_Inf_L	Occipital_Inf_R	Fusiform_L	Fusiform_R	Postcentral_L	Postcentral_R	Parietal_Sup_L	Parietal_Sup_R	Parietal_Inf_L	Parietal_Inf_R	SupraMarginal_L	SupraMarginal_R	Angular_L	Angular_R	Precuneus_L	Precuneus_R	Paracentral_Lobule_L	Paracentral_Lobule_R	Caudate_L	Caudate_R	Putamen_L	Putamen_R	Pallidum_L	Pallidum_R	Thalamus_L	Thalamus_R	Heschl_L	Heschl_R	Temporal_Sup_L	Temporal_Sup_R	Temporal_Pole_Sup_L	Temporal_Pole_Sup_R	Temporal_Mid_L	Temporal_Mid_R	Temporal_Pole_Mid_L	Temporal_Pole_Mid_R	Temporal_Inf_L	Temporal_Inf_R	Cerebelum_Crus1_L	Cerebelum_Crus1_R	Cerebelum_Crus2_L	Cerebelum_Crus2_R	Cerebelum_3_L	Cerebelum_3_R	Cerebelum_4_5_L	Cerebelum_4_5_R	Cerebelum_6_L	Cerebelum_6_R	Cerebelum_7b_L	Cerebelum_7b_R	Cerebelum_8_L	Cerebelum_8_R	Cerebelum_9_L	Cerebelum_9_R	Cerebelum_10_L	Cerebelum_10_R	Vermis_1_2	Vermis_3	Vermis_4_5	Vermis_6	Vermis_7	Vermis_8	Vermis_9	Vermis_10	
350768	Precentral_L	0	868	15586	1966	0	0	13592	994	0	0	17496	0	1694	0	0	0	7486	164	14660	1042	0	0	388	0	0	0	0	0	6622	188	0	0	7846	166	2710	0	208	0	0	0	0	0	578	0	462	0	516	0	502	0	5784	0	0	0	224	0	27138	130	1098	0	9160	0	2832	0	1910	0	1452	0	14412	0	2810	1232	710	118	0	0	1558	898	1490	0	2448	0	132	0	3166	0	0	0	948	0	0	0	0	0	0	0	0	0	0	0	0	0	0	0	0	0	0	0	0	0	0	0	0	0	0	0	
133544	Precentral_R	868	0	348	7190	0	0	368	7800	0	0	0	4546	0	686	0	0	0	892	204	3642	0	0	148	190	0	0	0	0	0	1180	0	0	0	1532	0	172	0	2154	0	240	0	0	0	0	0	0	0	0	0	0	0	116	0	0	0	892	1046	15312	0	172	0	1674	0	2792	0	140	0	320	126	2432	1048	846	384	876	144	0	2186	1254	0	116	0	562	0	0	0	512	0	0	0	1662	0	0	0	0	0	0	0	0	0	0	0	0	0	0	0	0	0	0	0	0	0	0	0	0	0	0	
1.04458e+06	Frontal_Sup_L	15586	348	0	17538	13506	160	51768	2822	4442	0	15886	692	20340	616	6508	0	11452	278	108852	20690	0	0	42756	8966	110	666	0	0	37096	900	11962	7716	10538	13174	3588	0	1230	218	214	0	342	0	0	0	0	0	0	184	0	0	1212	0	0	0	216	0	6914	128	286	0	3312	0	1850	0	324	0	588	126	3260	0	8028	1668	30706	566	6842	0	13850	1212	3452	0	3370	0	548	0	1568	0	0	0	964	0	0	0	0	0	0	0	0	0	0	0	0	0	0	0	0	0	0	0	0	156	0	0	0	0	0	0	
816984	Frontal_Sup_R	1966	7190	17538	0	112	9288	1900	29012	0	1318	1024	7460	278	6462	0	2156	0	6088	18896	62536	0	238	18508	46380	158	7044	0	0	696	13632	6784	25254	1640	33882	122	744	202	2826	0	670	0	0	0	226	0	146	0	256	0	240	0	352	0	0	0	542	768	2042	0	0	0	598	0	1018	0	272	0	476	0	0	4986	20096	2280	12358	792	2212	2096	22494	0	324	0	518	0	352	0	200	0	0	0	844	0	0	0	0	0	0	0	0	0	0	0	0	0	0	0	0	0	0	0	0	0	0	0	0	0	0	
220108	Frontal_Sup_Orb_L	0	0	13506	112	0	0	4242	140	16322	0	582	0	5030	0	13720	0	198	0	1240	0	3602	0	4816	716	5144	448	6596	186	8278	0	7292	972	218	0	0	0	296	0	0	0	492	0	0	0	0	0	0	0	0	0	0	0	0	0	244	0	0	0	0	0	0	0	0	0	0	0	0	0	0	0	4872	118	8856	0	0	0	280	0	0	0	0	0	1156	0	0	0	194	0	186	0	0	0	0	0	0	0	0	0	0	0	0	0	0	0	0	0	0	0	0	0	0	0	0	0	0	0	
176412	Frontal_Sup_Orb_R	0	0	160	9288	0	0	0	3058	0	11732	0	170	0	2200	0	7314	0	0	222	650	452	2354	886	9844	406	11230	112	5458	0	3582	2178	7648	0	1144	0	0	0	0	0	0	0	0	0	0	0	0	0	0	0	0	0	0	0	0	0	0	0	0	0	0	0	0	0	0	0	0	0	0	0	0	548	3110	286	3834	0	340	0	0	0	0	0	0	0	0	0	0	0	0	0	0	0	0	0	0	0	0	0	0	0	0	0	0	0	0	0	0	0	0	0	0	0	0	0	0	0	0	
389520	Frontal_Mid_L	13592	368	51768	1900	4242	0	0	1774	2820	0	10458	0	30666	0	5906	0	4372	220	5436	972	0	0	15754	2076	0	0	0	0	18780	310	3918	2132	1592	1390	524	0	0	0	0	0	0	0	124	0	0	0	0	0	0	0	276	0	0	0	0	0	1334	0	0	0	1568	0	1278	0	0	0	126	0	404	0	2770	414	2250	112	136	0	850	138	594	0	980	0	0	0	304	0	0	0	132	0	0	0	0	0	0	0	0	0	0	0	0	0	0	0	0	0	0	0	0	0	0	0	0	0	0	0	
233988	Frontal_Mid_R	994	7800	2822	29012	140	3058	1774	0	0	2188	300	4662	270	12596	0	3570	0	2388	2498	2964	0	0	3730	8302	0	478	0	0	756	4288	1018	4486	0	3710	0	0	0	192	0	0	0	0	0	0	0	0	0	0	0	0	0	0	0	0	0	0	674	418	0	0	0	0	0	0	0	0	0	0	0	0	4172	1586	1724	1088	870	266	1442	544	0	0	0	214	0	0	0	0	0	0	0	0	0	0	0	0	0	0	0	0	0	0	0	0	0	0	0	0	0	0	0	0	0	0	0	0	0	0	
129588	Frontal_Mid_Orb_L	0	0	4442	0	16322	0	2820	0	0	0	0	0	2148	0	17538	0	0	0	296	0	1082	0	324	0	1618	0	2620	0	4786	0	1740	0	0	0	0	0	0	0	0	0	138	0	0	0	0	0	0	0	0	0	0	0	0	0	0	0	0	0	0	0	0	0	0	0	0	0	0	0	0	0	1690	0	6472	0	0	0	0	0	0	0	0	0	758	0	0	0	0	0	0	0	0	0	0	0	0	0	0	0	0	0	0	0	0	0	0	0	0	0	0	0	0	0	0	0	0	0	
80500	Frontal_Mid_Orb_R	0	0	0	1318	0	11732	0	2188	0	0	0	0	0	1060	0	6762	0	0	0	120	198	1028	246	1820	0	3932	0	2436	0	2024	456	1384	0	254	0	0	0	0	0	0	0	0	0	0	0	0	0	0	0	0	0	0	0	0	0	0	0	0	0	0	0	0	0	0	0	0	0	0	0	0	240	1170	156	1726	0	0	0	0	0	0	0	0	0	0	0	0	0	0	0	0	0	0	0	0	0	0	0	0	0	0	0	0	0	0	0	0	0	0	0	0	0	0	0	0	0	0	
247972	Frontal_Inf_Oper_L	17496	0	15886	1024	582	0	10458	300	0	0	0	0	12258	0	180	0	9256	0	13200	766	0	0	2526	174	0	0	0	0	17356	0	244	186	0	0	0	0	0	0	0	0	0	0	0	0	0	0	0	0	0	0	584	0	0	0	0	0	6234	0	0	0	5052	0	2862	0	0	0	0	0	0	0	538	0	452	0	0	0	364	364	1246	0	2424	0	736	0	842	0	0	0	396	0	0	0	0	0	0	0	0	0	0	0	0	0	0	0	0	0	0	0	0	0	0	0	0	0	0	0	
179232	Frontal_Inf_Oper_R	0	4546	692	7460	0	170	0	4662	0	0	0	0	0	12704	0	512	0	4148	1116	7004	0	0	1672	3640	0	916	0	0	248	12966	706	3524	0	6606	0	0	0	280	0	0	0	0	0	0	0	0	0	0	0	0	0	0	0	0	0	0	0	2298	0	0	0	0	0	616	0	0	0	0	0	0	1624	3968	532	4246	120	0	132	606	0	164	0	918	0	820	0	0	0	0	0	0	0	0	0	0	0	0	0	0	0	0	0	0	0	0	0	0	0	0	0	0	0	0	0	0	0	0	
252916	Frontal_Inf_Tri_L	1694	0	20340	278	5030	0	30666	270	2148	0	12258	0	0	0	8544	0	1142	0	4698	118	0	0	6794	1022	0	0	0	0	26132	0	1460	908	624	226	0	0	0	0	0	0	0	0	0	0	0	0	0	0	0	0	0	0	0	0	0	0	160	0	0	0	184	0	122	0	0	0	0	0	0	0	406	124	964	0	0	0	0	0	0	0	146	0	0	0	0	0	0	0	0	0	0	0	0	0	0	0	0	0	0	0	0	0	0	0	0	0	0	0	0	0	0	0	0	0	0	0	
181496	Frontal_Inf_Tri_R	0	686	616	6462	0	2200	0	12596	0	1060	0	12704	0	0	0	6894	0	246	1018	4314	0	230	3854	6390	0	936	0	0	132	10244	1256	7960	0	4910	0	0	0	0	0	0	0	0	0	0	0	0	0	0	0	0	0	0	0	0	0	0	0	246	0	0	0	0	0	0	0	0	0	0	0	0	1506	2818	500	970	0	0	0	0	0	0	0	0	0	0	0	0	0	0	0	0	0	0	0	0	0	0	0	0	0	0	0	0	0	0	0	0	0	0	0	0	0	0	0	0	0	0	
201040	Frontal_Inf_Orb_L	0	0	6508	0	13720	0	5906	0	17538	0	180	0	8544	0	0	0	362	0	774	0	3388	0	960	154	850	110	3108	0	15542	0	2202	292	0	110	0	0	1086	0	254	0	1320	0	0	0	0	0	0	0	0	0	0	0	0	0	794	0	0	0	0	0	0	0	0	0	0	0	0	0	0	0	2958	0	6692	0	0	0	0	0	0	0	112	0	4444	0	690	0	1002	0	920	0	0	0	0	0	0	0	0	0	0	0	0	0	0	0	0	0	0	0	0	0	0	0	0	0	0	0	
97796	Frontal_Inf_Orb_R	0	0	0	2156	0	7314	0	3570	0	6762	0	512	0	6894	0	0	0	0	0	368	0	916	262	1478	0	1124	0	878	0	10118	166	1304	0	264	0	0	0	128	0	318	0	166	0	0	0	0	0	0	0	0	0	0	0	0	0	0	0	0	0	0	0	0	0	0	0	0	0	0	0	0	160	700	0	2570	0	374	0	0	0	0	0	0	0	396	0	0	0	0	0	0	0	0	0	0	0	0	0	0	0	0	0	0	0	0	0	0	0	0	0	0	0	0	0	0	0	0	
229068	Rolandic_Oper_L	7486	0	11452	0	198	0	4372	0	0	0	9256	0	1142	0	362	0	0	0	10194	0	0	0	328	0	0	0	0	0	26876	0	0	0	0	0	0	0	0	0	0	0	0	0	122	0	0	0	114	0	0	0	1440	0	0	0	360	0	8958	0	0	0	3132	0	2622	0	194	0	0	0	0	0	412	0	1580	0	0	0	0	0	8566	0	9788	0	1734	0	2986	0	0	0	860	0	0	0	0	0	0	0	0	0	0	0	0	0	0	0	0	0	0	0	0	0	0	0	0	0	0	0	
140196	Rolandic_Oper_R	164	892	278	6088	0	0	220	2388	0	0	0	4148	0	246	0	0	0	0	292	4624	0	0	116	432	0	164	0	0	0	15896	124	410	0	2756	0	0	0	388	0	0	0	0	0	0	0	0	0	0	0	0	0	0	0	0	0	360	0	4176	0	0	0	414	0	5272	0	0	0	208	0	244	818	2124	426	2544	150	460	0	180	0	3490	0	6920	0	858	0	1038	0	0	0	790	0	0	0	0	0	0	0	0	0	0	0	0	0	0	0	0	0	0	0	0	0	0	0	0	0	0	
812080	Supp_Motor_Area_L	14660	204	108852	18896	1240	222	5436	2498	296	0	13200	1116	4698	1018	774	0	10194	292	0	34728	0	0	12120	6912	0	618	0	0	24762	1514	6208	7716	16576	22886	2306	0	966	230	116	0	282	0	0	0	0	0	0	168	0	0	1470	0	0	0	192	0	6176	0	472	0	3022	0	1034	0	820	0	762	142	6330	0	7738	3362	24660	1346	5300	0	11872	1882	2396	0	2934	0	476	0	1096	0	0	0	722	0	0	0	0	0	0	0	0	0	0	0	0	0	0	0	0	0	0	0	0	132	0	0	0	0	0	0	
676108	Supp_Motor_Area_R	1042	3642	20690	62536	0	650	972	2964	0	120	766	7004	118	4314	0	368	0	4624	34728	0	0	0	9712	16422	0	1540	0	0	630	10336	5030	13100	4668	62708	0	1520	0	1280	0	390	0	0	0	280	0	588	0	166	0	634	0	740	0	0	0	542	212	3518	0	372	0	1296	0	1422	0	466	0	2634	798	5338	3464	17640	1280	8878	288	996	376	11716	0	276	0	674	0	382	0	302	0	0	0	902	0	0	0	0	0	0	0	0	0	0	0	0	0	0	0	0	0	0	0	0	0	0	0	0	0	0	
126572	Olfactory_L	0	0	0	0	3602	452	0	0	1082	198	0	0	0	0	3388	0	0	0	0	0	0	5764	0	0	1392	1078	3528	902	2340	176	6680	2660	0	0	0	0	856	0	402	0	2032	0	0	0	0	0	0	0	0	0	0	0	0	0	736	0	0	0	0	0	0	0	0	0	0	0	0	0	0	0	12172	3814	6278	1350	414	1076	0	0	0	0	0	0	522	0	0	0	0	0	392	0	0	0	0	0	0	0	0	0	0	0	0	0	0	0	0	0	0	0	0	0	0	0	0	0	0	0	
118612	Olfactory_R	0	0	0	238	0	2354	0	0	0	1028	0	0	0	230	0	916	0	0	0	0	5764	0	0	220	202	3944	324	5024	0	2702	4946	6448	0	0	0	0	0	0	0	118	0	0	0	0	0	0	0	0	0	0	0	0	0	0	0	0	0	0	0	0	0	0	0	0	0	0	0	0	0	0	7004	8162	3822	4296	186	1378	0	0	0	0	0	0	0	0	0	0	0	0	0	0	0	0	0	0	0	0	0	0	0	0	0	0	0	0	0	0	0	0	0	0	0	0	0	0	0	0	
518692	Frontal_Sup_Medial_L	388	148	42756	18508	4816	886	15754	3730	324	246	2526	1672	6794	3854	960	262	328	116	12120	9712	0	0	0	39218	572	1104	0	0	6936	1124	23718	26172	4970	20978	0	0	0	0	0	0	0	0	0	0	0	0	0	0	0	0	0	0	0	0	0	0	200	0	0	0	286	0	188	0	0	0	0	0	0	0	2058	1360	2862	746	0	220	364	260	0	0	110	0	0	0	0	0	0	0	0	0	0	0	0	0	0	0	0	0	0	0	0	0	0	0	0	0	0	0	0	0	0	0	0	0	0	0	
537472	Frontal_Sup_Medial_R	0	190	8966	46380	716	9844	2076	8302	0	1820	174	3640	1022	6390	154	1478	0	432	6912	16422	0	220	39218	0	274	10446	0	140	1596	4290	17262	36878	1178	28438	0	0	0	130	0	0	0	0	0	0	0	0	0	0	0	0	0	0	0	0	0	0	0	152	0	0	0	146	0	172	0	0	0	0	0	0	3244	3040	2902	2706	140	526	372	348	0	0	0	0	0	0	0	0	0	0	0	0	0	0	0	0	0	0	0	0	0	0	0	0	0	0	0	0	0	0	0	0	0	0	0	0	0	0	
49276	Frontal_Med_Orb_L	0	0	110	158	5144	406	0	0	1618	0	0	0	0	0	850	0	0	0	0	0	1392	202	572	274	0	1868	3282	496	0	0	4556	584	0	0	0	0	0	0	0	0	0	0	0	0	0	0	0	0	0	0	0	0	0	0	0	0	0	0	0	0	0	0	0	0	0	0	0	0	0	0	2308	0	818	0	0	0	0	0	0	0	0	0	0	0	0	0	0	0	0	0	0	0	0	0	0	0	0	0	0	0	0	0	0	0	0	0	0	0	0	0	0	0	0	0	0	0	
184572	Frontal_Med_Orb_R	0	0	666	7044	448	11230	0	478	0	3932	0	916	0	936	110	1124	0	164	618	1540	1078	3944	1104	10446	1868	0	664	5144	0	3200	6120	13184	260	1670	0	0	0	0	0	0	0	0	0	0	0	0	0	0	0	0	0	0	0	0	0	0	0	0	0	0	0	0	0	0	0	0	0	0	0	0	1162	5508	522	6438	0	768	0	0	0	0	0	0	0	0	0	0	0	0	0	0	0	0	0	0	0	0	0	0	0	0	0	0	0	0	0	0	0	0	0	0	0	0	0	0	0	0	
61792	Rectus_L	0	0	0	0	6596	112	0	0	2620	0	0	0	0	0	3108	0	0	0	0	0	3528	324	0	0	3282	664	0	482	450	0	3628	374	0	0	0	0	0	0	0	0	0	0	0	0	0	0	0	0	0	0	0	0	0	0	0	0	0	0	0	0	0	0	0	0	0	0	0	0	0	0	4376	0	1202	0	0	0	0	0	0	0	0	0	150	0	0	0	0	0	0	0	0	0	0	0	0	0	0	0	0	0	0	0	0	0	0	0	0	0	0	0	0	0	0	0	0	0	
64336	Rectus_R	0	0	0	0	186	5458	0	0	0	2436	0	0	0	0	0	878	0	0	0	0	902	5024	0	140	496	5144	482	0	0	1706	1406	2296	0	0	0	0	0	0	0	0	0	0	0	0	0	0	0	0	0	0	0	0	0	0	0	0	0	0	0	0	0	0	0	0	0	0	0	0	0	0	858	2552	380	1824	0	0	0	0	0	0	0	0	0	0	0	0	0	0	0	0	0	0	0	0	0	0	0	0	0	0	0	0	0	0	0	0	0	0	0	0	0	0	0	0	0	0	
649700	Insula_L	6622	0	37096	696	8278	0	18780	756	4786	0	17356	248	26132	132	15542	0	26876	0	24762	630	2340	0	6936	1596	0	0	450	0	0	184	1842	1238	534	706	118	0	9282	112	2968	0	3716	0	170	0	182	0	160	0	138	0	4080	0	868	0	7146	0	4624	0	0	0	3054	0	1136	0	0	0	196	0	0	0	4204	292	19058	0	0	0	1136	148	12192	0	14194	0	5872	0	11536	0	822	0	11320	0	704	0	0	0	0	0	374	0	530	0	0	0	0	0	0	0	0	0	0	0	0	0	0	0	0	0	
369340	Insula_R	188	1180	900	13632	0	3582	310	4288	0	2024	0	12966	0	10244	0	10118	0	15896	1514	10336	176	2702	1124	4290	0	3200	0	1706	184	0	1630	8138	0	6830	0	0	0	3086	0	1044	0	0	0	0	0	0	0	0	0	0	0	0	0	0	0	1216	0	1552	0	0	0	366	0	1082	0	0	0	0	0	0	2082	7988	852	24154	160	1114	180	692	0	3592	0	10112	0	3392	0	3108	0	0	0	1740	0	0	0	0	0	0	0	0	0	0	0	0	0	0	0	0	0	0	0	0	0	0	0	0	0	0	
416820	Cingulum_Ant_L	0	0	11962	6784	7292	2178	3918	1018	1740	456	244	706	1460	1256	2202	166	0	124	6208	5030	6680	4946	23718	17262	4556	6120	3628	1406	1842	1630	0	34480	6766	9398	0	0	0	0	0	0	0	0	0	0	0	0	0	0	0	0	0	0	0	0	0	0	0	0	0	0	0	0	0	0	0	0	0	0	0	0	12442	7474	9224	3274	0	260	560	0	0	0	0	0	0	0	0	0	0	0	0	0	0	0	0	0	0	0	0	0	0	0	0	0	0	0	0	0	0	0	0	0	0	0	0	0	0	0	
579528	Cingulum_Ant_R	0	0	7716	25254	972	7648	2132	4486	0	1384	186	3524	908	7960	292	1304	0	410	7716	13100	2660	6448	26172	36878	584	13184	374	2296	1238	8138	34480	0	4568	28928	0	0	0	0	0	0	0	0	0	0	0	0	0	0	0	0	0	0	0	0	0	0	0	0	0	0	0	0	0	0	0	0	0	0	0	0	7112	16810	5114	8334	198	658	598	0	0	0	0	0	0	0	0	0	0	0	0	0	0	0	0	0	0	0	0	0	0	0	0	0	0	0	0	0	0	0	0	0	0	0	0	0	0	0	
267124	Cingulum_Mid_L	7846	0	10538	1640	218	0	1592	0	0	0	0	0	624	0	0	0	0	0	16576	4668	0	0	4970	1178	0	260	0	0	534	0	6766	4568	0	12756	7694	820	0	124	0	0	0	0	0	0	622	0	0	0	2448	0	7336	0	0	0	0	0	712	368	4674	574	5162	152	0	0	2966	0	10376	2854	9214	424	0	0	542	0	0	0	742	0	0	0	0	0	0	0	658	0	0	0	180	186	0	0	0	0	0	0	0	0	0	0	0	0	0	0	0	0	0	0	0	0	0	0	0	0	0	0	
703432	Cingulum_Mid_R	166	1532	13174	33882	0	1144	1390	3710	0	254	0	6606	226	4910	110	264	0	2756	22886	62708	0	0	20978	28438	0	1670	0	0	706	6830	9398	28928	12756	0	1414	5072	0	1140	0	286	0	0	0	1316	116	4884	0	194	304	4012	274	3940	0	0	0	974	0	4412	320	4780	0	2120	0	1504	0	1422	1864	19312	3308	8174	1984	3590	632	2500	0	284	0	356	0	186	0	2202	0	392	0	918	0	0	0	1768	0	0	0	0	0	0	0	0	0	0	0	0	0	0	0	0	0	0	0	0	340	0	0	0	0	0	
118392	Cingulum_Post_L	2710	0	3588	122	0	0	524	0	0	0	0	0	0	0	0	0	0	0	2306	0	0	0	0	0	0	0	0	0	118	0	0	0	7694	1414	0	6660	3264	2710	286	1034	0	0	1334	340	682	332	1498	1026	1074	0	2806	0	0	0	184	196	346	0	686	0	768	0	0	0	408	0	5980	2874	2074	0	0	0	530	0	0	0	1256	338	0	0	146	0	0	0	1124	0	0	0	574	190	0	0	0	0	0	0	0	0	0	0	0	0	0	0	0	0	0	0	0	0	0	0	0	0	0	0	
116420	Cingulum_Post_R	0	172	0	744	0	0	0	0	0	0	0	0	0	0	0	0	0	0	0	1520	0	0	0	0	0	0	0	0	0	0	0	0	820	5072	6660	0	2906	5830	0	2334	0	0	0	3506	288	2170	328	2372	506	392	352	520	0	0	0	1712	0	544	276	496	0	432	0	458	0	204	2272	9708	0	124	0	0	0	0	0	0	766	540	0	0	0	226	0	204	0	400	0	0	0	2784	0	0	0	0	0	0	0	0	0	0	0	0	0	0	0	0	0	0	0	0	572	0	0	0	0	0	
226820	Hippocampus_L	208	0	1230	202	296	0	0	0	0	0	0	0	0	0	1086	0	0	0	966	0	856	0	0	0	0	0	0	0	9282	0	0	0	0	0	3264	2906	0	3020	15610	1198	10866	0	280	0	166	0	4306	998	434	0	3826	0	2444	0	15534	0	0	0	0	0	0	0	0	0	0	0	1502	858	0	0	270	0	4494	0	886	0	3502	1084	138	0	2268	0	2052	0	1898	0	330	0	12442	0	1034	0	0	0	0	0	944	0	730	0	0	0	0	0	0	0	0	0	0	0	0	0	0	0	0	0	
327164	Hippocampus_R	0	2154	218	2826	0	0	0	192	0	0	0	280	0	0	0	128	0	388	230	1280	0	0	0	130	0	0	0	0	112	3086	0	0	124	1140	2710	5830	3020	0	0	33092	0	11912	0	1816	0	398	322	5898	0	156	0	582	0	1444	0	23008	0	460	0	0	0	0	0	632	0	0	526	3994	0	0	0	0	178	7250	0	264	1370	4428	0	124	0	3542	0	7984	0	8870	0	1034	0	19310	0	0	0	0	0	0	0	616	0	116	0	0	0	0	0	0	0	0	0	0	408	0	0	0	0	0	
107488	ParaHippocampal_L	0	0	214	0	0	0	0	0	0	0	0	0	0	0	254	0	0	0	116	0	402	0	0	0	0	0	0	0	2968	0	0	0	0	0	286	0	15610	0	0	0	4288	0	130	0	0	0	4622	0	0	0	1646	0	492	0	9662	0	0	0	0	0	0	0	0	0	0	0	430	0	0	0	152	0	1656	0	778	0	1018	0	0	0	278	0	934	0	428	0	738	0	3810	0	970	0	0	0	0	0	1020	0	842	0	0	0	0	0	0	0	0	0	0	0	0	0	0	0	0	0	
274832	ParaHippocampal_R	0	240	0	670	0	0	0	0	0	0	0	0	0	0	0	318	0	0	0	390	0	118	0	0	0	0	0	0	0	1044	0	0	0	286	1034	2334	1198	33092	0	0	0	11262	0	2670	0	370	158	8728	0	128	0	658	0	1020	0	28884	0	120	0	0	0	0	0	286	0	0	192	3878	0	0	0	0	0	2752	0	150	386	2190	0	0	0	644	0	10412	0	2634	0	2964	0	12722	0	0	0	0	0	390	0	2496	0	156	0	0	0	0	0	0	0	0	0	0	442	0	0	0	0	0	
84132	Amygdala_L	0	0	342	0	492	0	0	0	138	0	0	0	0	0	1320	0	0	0	282	0	2032	0	0	0	0	0	0	0	3716	0	0	0	0	0	0	0	10866	0	4288	0	0	0	0	0	0	0	110	0	0	0	390	0	444	0	7530	0	0	0	0	0	0	0	0	0	0	0	0	0	0	0	1154	0	1234	0	0	0	150	0	0	0	168	0	742	0	500	0	132	0	5296	0	314	0	0	0	0	0	240	0	186	0	0	0	0	0	0	0	0	0	0	0	0	0	0	0	0	0	
68572	Amygdala_R	0	0	0	0	0	0	0	0	0	0	0	0	0	0	0	166	0	0	0	0	0	0	0	0	0	0	0	0	0	0	0	0	0	0	0	0	0	11912	0	11262	0	0	0	0	0	0	0	0	0	0	0	0	0	0	0	5326	0	0	0	0	0	0	0	0	0	0	0	0	0	0	0	0	0	912	0	140	0	0	0	0	0	0	0	3502	0	0	0	334	0	0	0	0	0	0	0	0	0	732	0	0	0	0	0	0	0	0	0	0	0	0	0	0	0	0	0	0	
254908	Calcarine_L	578	0	0	0	0	0	124	0	0	0	0	0	0	0	0	0	122	0	0	0	0	0	0	0	0	0	0	0	170	0	0	0	0	0	1334	0	280	0	130	0	0	0	0	11226	19144	8492	18170	6154	14470	2804	17174	412	2988	316	1632	362	0	0	0	0	116	0	130	0	406	0	11164	2268	0	0	0	0	0	0	0	0	0	0	158	0	212	0	0	0	3310	0	0	0	1026	0	178	0	0	0	0	0	362	0	754	272	0	0	116	0	0	0	0	0	0	0	452	448	0	0	0	0	
336964	Calcarine_R	0	0	0	226	0	0	0	0	0	0	0	0	0	0	0	0	0	0	0	280	0	0	0	0	0	0	0	0	0	0	0	0	0	1316	340	3506	0	1816	0	2670	0	0	11226	0	2226	23208	3166	23872	604	18322	306	19898	0	6220	480	9950	0	184	0	120	0	182	0	342	0	502	744	22416	0	0	0	0	0	0	0	0	0	244	0	0	0	340	0	362	0	5952	0	0	0	2612	0	0	0	0	0	0	228	702	570	462	0	0	0	0	0	0	0	0	0	0	2468	420	0	0	0	0	
206884	Cuneus_L	462	0	0	0	0	0	0	0	0	0	0	0	0	0	0	0	0	0	0	0	0	0	0	0	0	0	0	0	182	0	0	0	622	116	682	288	166	0	0	0	0	0	19144	2226	0	8912	2960	0	26370	554	12198	0	706	0	184	0	0	0	3650	188	238	0	0	0	324	0	15536	3412	0	0	0	0	0	0	0	0	0	0	144	0	204	0	0	0	2668	0	0	0	1196	0	0	0	0	0	0	0	0	0	0	0	0	0	0	0	0	0	0	0	0	0	110	0	0	0	0	0	
285568	Cuneus_R	0	0	0	146	0	0	0	0	0	0	0	0	0	0	0	0	0	0	0	588	0	0	0	0	0	0	0	0	0	0	0	0	0	4884	332	2170	0	398	0	370	0	0	8492	23208	8912	0	372	5296	2606	28616	404	15080	0	1852	0	2712	0	150	148	2628	0	244	0	206	0	798	4294	23648	0	0	0	0	0	0	0	0	0	0	0	0	0	300	0	122	0	2500	0	0	0	644	0	0	0	0	0	0	0	0	0	0	0	0	0	0	0	0	0	0	0	0	664	0	0	0	0	0	
337204	Lingual_L	516	0	0	0	0	0	0	0	0	0	0	0	0	0	0	0	114	0	0	0	0	0	0	0	0	0	0	0	160	0	0	0	0	0	1498	328	4306	322	4622	158	110	0	18170	3166	2960	372	0	5560	2670	316	24406	146	13618	694	20506	1606	0	0	0	0	0	0	116	0	306	0	5656	228	0	0	0	0	0	0	0	0	720	0	0	0	136	0	0	0	3474	0	0	0	930	0	4012	1860	908	0	732	0	10770	766	14756	3558	194	0	1210	0	302	0	0	0	0	0	4506	4542	2028	368	200	0	
358604	Lingual_R	0	0	184	256	0	0	0	0	0	0	0	0	0	0	0	0	0	0	168	166	0	0	0	0	0	0	0	0	0	0	0	0	0	194	1026	2372	998	5898	0	8728	0	0	6154	23872	0	5296	5560	0	0	5590	556	5546	586	6306	1838	23856	0	0	0	0	0	0	0	0	0	0	358	8356	0	0	0	0	154	0	0	0	512	1328	0	0	0	0	0	484	0	1860	0	0	0	3672	1106	3750	390	0	0	676	3492	7948	5704	10908	0	0	974	302	442	0	0	186	0	278	12372	7568	1088	244	0	0	
236876	Occipital_Sup_L	502	0	0	0	0	0	0	0	0	0	0	0	0	0	0	0	0	0	0	0	0	0	0	0	0	0	0	0	138	0	0	0	2448	304	1074	506	434	0	0	0	0	0	14470	604	26370	2606	2670	0	0	0	31740	0	1322	0	494	0	0	0	8676	408	1476	0	0	0	404	0	15006	2536	0	0	0	0	0	0	0	0	0	0	0	0	206	0	0	0	2770	0	0	0	1274	0	0	0	0	0	0	0	0	0	0	0	0	0	0	0	0	0	0	0	0	0	0	0	0	0	0	0	
254244	Occipital_Sup_R	0	0	0	240	0	0	0	0	0	0	0	0	0	0	0	0	0	0	0	634	0	0	0	0	0	0	0	0	0	0	0	0	0	4012	0	392	0	156	0	128	0	0	2804	18322	554	28616	316	5590	0	0	0	27664	0	2444	0	2486	0	126	0	7126	0	1608	0	214	0	6264	340	13414	0	0	0	0	0	0	0	0	0	0	0	0	0	636	0	0	0	2544	0	0	0	248	0	0	0	0	0	0	0	0	0	0	0	0	0	0	0	0	0	0	0	0	244	0	0	0	0	0	
603884	Occipital_Mid_L	5784	0	1212	0	0	0	276	0	0	0	584	0	0	0	0	0	1440	0	1470	0	0	0	0	0	0	0	0	0	4080	0	0	0	7336	274	2806	352	3826	0	1646	0	390	0	17174	306	12198	404	24406	556	31740	0	0	0	27220	314	18244	578	2440	0	8642	0	17830	0	1240	0	22090	0	12654	810	3922	0	0	0	640	0	0	0	418	0	1270	0	2946	0	504	0	35380	0	0	0	14734	0	1376	424	430	0	0	0	1434	128	3678	998	0	0	918	0	0	0	0	0	0	0	692	1068	320	204	136	0	
292212	Occipital_Mid_R	0	116	0	352	0	0	0	0	0	0	0	0	0	0	0	0	0	0	0	740	0	0	0	0	0	0	0	0	0	0	0	0	0	3940	0	520	0	582	0	658	0	0	412	19898	0	15080	146	5546	0	27664	0	0	0	6182	0	4958	0	340	0	2900	0	3500	0	650	0	15562	0	14170	0	0	0	0	0	0	0	0	0	0	0	0	0	2022	0	186	0	18008	0	0	0	1302	0	0	0	0	0	0	0	0	0	142	0	0	0	0	0	0	0	0	0	0	530	0	0	0	0	0	
230584	Occipital_Inf_L	0	0	0	0	0	0	0	0	0	0	0	0	0	0	0	0	0	0	0	0	0	0	0	0	0	0	0	0	868	0	0	0	0	0	0	0	2444	0	492	0	444	0	2988	0	706	0	13618	586	1322	0	27220	0	0	368	22792	808	0	0	0	0	0	0	0	0	0	0	772	0	0	0	0	0	374	0	0	0	0	0	0	0	672	0	438	0	4140	0	0	0	8544	0	4350	606	606	0	384	0	3320	220	8748	1410	202	0	1738	0	262	0	392	0	0	110	1026	1382	500	252	188	0	
135724	Occipital_Inf_R	0	0	0	0	0	0	0	0	0	0	0	0	0	0	0	0	0	0	0	0	0	0	0	0	0	0	0	0	0	0	0	0	0	0	0	0	0	1444	0	1020	0	0	316	6220	0	1852	694	6306	0	2444	314	6182	368	0	998	15884	0	0	0	0	0	0	0	0	0	0	0	328	0	0	0	0	0	0	0	0	0	0	0	0	0	0	0	864	0	2460	0	0	0	5432	376	322	202	0	0	0	766	1296	1926	4294	0	0	526	0	0	0	0	0	0	114	2260	2542	112	0	0	0	
529512	Fusiform_L	224	0	216	0	244	0	0	0	0	0	0	0	0	0	794	0	360	0	192	0	736	0	0	0	0	0	0	0	7146	0	0	0	0	0	184	0	15534	0	9662	0	7530	0	1632	480	184	0	20506	1838	494	0	18244	0	22792	998	0	2276	0	0	0	0	0	0	0	0	0	0	570	0	0	0	0	0	1636	0	0	0	366	0	224	0	4008	0	4118	0	9782	0	1788	0	28218	0	14124	1656	1170	110	1330	0	23134	1040	36428	4118	448	0	3686	398	932	256	396	0	466	858	4130	4094	1418	926	662	0	
571928	Fusiform_R	0	892	0	542	0	0	0	0	0	0	0	0	0	0	0	0	0	360	0	542	0	0	0	0	0	0	0	0	0	1216	0	0	0	974	196	1712	0	23008	0	28884	0	5326	362	9950	0	2712	1606	23856	0	2486	578	4958	808	15884	2276	0	0	232	0	0	0	140	0	558	0	0	0	5354	0	0	0	0	0	2068	0	0	0	232	0	0	0	856	0	9184	0	9854	0	3818	0	30368	968	4638	528	0	0	5176	3358	21474	5142	28082	0	0	1458	208	718	262	0	254	390	2936	11652	6252	304	164	208	0	
243424	Postcentral_L	27138	1046	6914	768	0	0	1334	674	0	0	6234	0	160	0	0	0	8958	0	6176	212	0	0	200	0	0	0	0	0	4624	0	0	0	712	0	346	0	0	0	0	0	0	0	0	0	0	0	0	0	0	0	2440	0	0	0	0	0	0	150	7118	0	22456	0	7028	0	522	0	1778	0	2990	0	1756	1794	236	0	0	0	1580	888	1752	0	1940	0	0	0	1482	0	0	0	306	0	0	0	0	0	0	0	0	0	0	0	0	0	0	0	0	0	0	0	0	0	0	0	0	0	0	0	
177512	Postcentral_R	130	15312	128	2042	0	0	0	418	0	0	0	2298	0	246	0	0	0	4176	0	3518	0	0	0	152	0	0	0	0	0	1552	0	0	368	4412	0	544	0	460	0	120	0	0	0	184	0	150	0	0	0	126	0	340	0	0	0	232	150	0	0	6996	0	9352	0	15044	0	3394	0	3706	1010	5740	296	368	178	296	0	0	572	294	0	1014	0	2758	0	0	0	302	0	0	0	378	0	0	0	0	0	0	0	0	0	0	0	0	0	0	0	0	0	0	0	0	0	0	0	0	0	0	
152132	Parietal_Sup_L	1098	0	286	0	0	0	0	0	0	0	0	0	0	0	0	0	0	0	472	0	0	0	0	0	0	0	0	0	0	0	0	0	4674	320	686	276	0	0	0	0	0	0	0	0	3650	148	0	0	8676	0	8642	0	0	0	0	0	7118	0	0	682	15534	0	0	0	3098	0	16232	2440	1874	0	0	0	0	0	0	0	0	0	0	0	0	0	0	0	160	0	0	0	0	0	0	0	0	0	0	0	0	0	0	0	0	0	0	0	0	0	0	0	0	0	0	0	0	0	0	0	
124948	Parietal_Sup_R	0	172	0	0	0	0	0	0	0	0	0	0	0	0	0	0	0	0	0	372	0	0	0	0	0	0	0	0	0	0	0	0	574	4780	0	496	0	0	0	0	0	0	0	120	188	2628	0	0	408	7126	0	2900	0	0	0	0	0	6996	682	0	0	5618	0	1166	0	5882	3196	13880	1326	3396	0	0	0	0	0	0	0	0	0	0	0	450	0	0	0	118	0	0	0	0	0	0	0	0	0	0	0	0	0	0	0	0	0	0	0	0	0	0	0	0	0	0	0	0	0	0	
298816	Parietal_Inf_L	9160	0	3312	0	0	0	1568	0	0	0	5052	0	184	0	0	0	3132	0	3022	0	0	0	286	0	0	0	0	0	3054	0	0	0	5162	0	768	0	0	0	0	0	0	0	116	0	238	0	0	0	1476	0	17830	0	0	0	0	0	22456	0	15534	0	0	0	17512	0	23444	0	3616	0	4344	0	0	0	276	0	0	0	112	0	942	0	2088	0	0	0	4458	0	0	0	266	0	0	0	0	0	0	0	0	0	0	0	0	0	0	0	0	0	0	0	0	0	0	0	0	0	0	0	
117880	Parietal_Inf_R	0	1674	0	598	0	0	0	0	0	0	0	0	0	0	0	0	0	414	0	1296	0	0	0	146	0	0	0	0	0	366	0	0	152	2120	0	432	0	0	0	0	0	0	0	182	0	244	0	0	0	1608	0	3500	0	0	0	140	0	9352	0	5618	0	0	0	14222	0	12632	0	1180	170	1178	0	128	0	0	0	0	0	0	0	0	0	798	0	0	0	576	0	0	0	214	0	0	0	0	0	0	0	0	0	0	0	0	0	0	0	0	0	0	0	0	0	0	0	0	0	0	
127096	SupraMarginal_L	2832	0	1850	0	0	0	1278	0	0	0	2862	0	122	0	0	0	2622	0	1034	0	0	0	188	0	0	0	0	0	1136	0	0	0	0	0	0	0	0	0	0	0	0	0	130	0	0	0	116	0	0	0	1240	0	0	0	0	0	7028	0	0	0	17512	0	0	0	7030	0	0	0	0	0	0	0	266	0	0	0	0	0	726	0	8050	0	0	0	7248	0	0	0	278	0	0	0	0	0	0	0	0	0	0	0	0	0	0	0	0	0	0	0	0	0	0	0	0	0	0	0	
142764	SupraMarginal_R	0	2792	0	1018	0	0	0	0	0	0	0	616	0	0	0	0	0	5272	0	1422	0	0	0	172	0	0	0	0	0	1082	0	0	0	1504	0	458	0	632	0	286	0	0	0	342	0	206	0	0	0	214	0	650	0	0	0	558	0	15044	0	1166	0	14222	0	0	0	6394	0	982	0	682	178	218	0	256	0	0	226	132	0	712	0	7238	0	0	0	5704	0	0	0	1004	0	0	0	0	0	0	0	0	0	0	0	0	0	0	0	0	0	0	0	0	0	0	0	0	0	0	
160116	Angular_L	1910	0	324	0	0	0	0	0	0	0	0	0	0	0	0	0	194	0	820	0	0	0	0	0	0	0	0	0	0	0	0	0	2966	0	408	0	0	0	0	0	0	0	406	0	324	0	306	0	404	0	22090	0	0	0	0	0	522	0	3098	0	23444	0	7030	0	0	0	1334	0	2458	0	0	0	0	0	0	0	0	0	0	0	2184	0	0	0	9690	0	0	0	146	0	0	0	0	0	0	0	0	0	0	0	0	0	0	0	0	0	0	0	0	0	0	0	0	0	0	0	
138264	Angular_R	0	140	0	272	0	0	0	0	0	0	0	0	0	0	0	0	0	0	0	466	0	0	0	0	0	0	0	0	0	0	0	0	0	1422	0	204	0	0	0	0	0	0	0	502	0	798	0	0	0	6264	0	15562	0	0	0	0	0	3394	0	5882	0	12632	0	6394	0	0	0	1660	140	558	0	0	0	0	0	0	0	0	0	0	0	4248	0	0	0	8470	0	0	0	124	0	0	0	0	0	0	0	0	0	0	0	0	0	0	0	0	0	0	0	0	0	0	0	0	0	0	
284312	Precuneus_L	1452	0	588	0	0	0	126	0	0	0	0	0	0	0	0	0	0	0	762	0	0	0	0	0	0	0	0	0	196	0	0	0	10376	1864	5980	2272	1502	526	430	192	0	0	11164	744	15536	4294	5656	358	15006	340	12654	0	772	0	570	0	1778	0	16232	3196	3616	0	0	0	1334	0	0	14858	3252	148	0	0	0	0	0	0	0	0	138	0	222	0	0	0	2436	0	0	0	930	144	0	0	0	0	0	0	118	0	140	0	0	0	0	0	0	0	0	0	0	0	254	0	0	0	0	0	
412056	Precuneus_R	0	320	126	476	0	0	0	0	0	0	0	0	0	0	0	0	0	208	142	2634	0	0	0	0	0	0	0	0	0	0	0	0	2854	19312	2874	9708	858	3994	0	3878	0	0	2268	22416	3412	23648	228	8356	2536	13414	810	14170	0	328	0	5354	0	3706	2440	13880	0	1180	0	982	0	1660	14858	0	2508	5306	0	0	0	0	0	0	152	336	0	0	0	1736	0	458	0	4750	0	0	0	3696	0	0	0	0	0	0	0	0	0	0	0	0	0	0	0	0	0	0	0	0	4056	0	0	0	0	0	
135252	Paracentral_Lobule_L	14412	126	3260	0	0	0	404	0	0	0	0	0	0	0	0	0	0	0	6330	798	0	0	0	0	0	0	0	0	0	0	0	0	9214	3308	2074	0	0	0	0	0	0	0	0	0	0	0	0	0	0	0	3922	0	0	0	0	0	2990	1010	1874	1326	4344	170	0	0	2458	140	3252	2508	0	2408	0	0	0	0	0	0	156	0	0	0	112	320	0	0	710	0	0	0	0	0	0	0	0	0	0	0	0	0	0	0	0	0	0	0	0	0	0	0	0	0	0	0	0	0	0	0	
76288	Paracentral_Lobule_R	0	2432	0	0	0	0	0	0	0	0	0	0	0	0	0	0	0	244	0	5338	0	0	0	0	0	0	0	0	0	0	0	0	424	8174	0	124	0	0	0	0	0	0	0	0	0	0	0	0	0	0	0	0	0	0	0	0	0	5740	0	3396	0	1178	0	682	0	558	148	5306	2408	0	0	0	0	0	0	0	0	0	0	0	0	1992	0	0	0	0	0	0	0	0	0	0	0	0	0	0	0	0	0	0	0	0	0	0	0	0	0	0	0	0	0	0	0	0	0	0	
343964	Caudate_L	2810	1048	8028	4986	4872	548	2770	4172	1690	240	538	1624	406	1506	2958	160	412	818	7738	3464	12172	7004	2058	3244	2308	1162	4376	858	4204	2082	12442	7112	0	1984	0	0	270	0	152	0	1154	0	0	0	0	0	0	0	0	0	0	0	0	0	0	0	1756	296	0	0	0	0	0	178	0	0	0	0	0	0	0	13268	21518	3562	3682	1614	11772	776	0	0	0	0	190	0	0	0	0	0	0	0	0	0	0	0	0	0	0	0	0	0	0	0	0	0	0	0	0	0	0	0	0	0	0	0	0	0	
366668	Caudate_R	1232	846	1668	20096	118	3110	414	1586	0	1170	0	3968	124	2818	0	700	0	2124	3362	17640	3814	8162	1360	3040	0	5508	0	2552	292	7988	7474	16810	0	3590	0	0	0	0	0	0	0	0	0	0	0	0	0	0	0	0	0	0	0	0	0	0	1794	368	0	0	0	128	0	218	0	0	0	0	0	0	13268	0	6574	17474	1242	4448	3258	12996	0	0	0	0	0	0	0	0	0	0	0	0	0	0	0	0	0	0	0	0	0	0	0	0	0	0	0	0	0	0	0	0	0	0	0	0	0	0	
433344	Putamen_L	710	384	30706	2280	8856	286	2250	1724	6472	156	452	532	964	500	6692	0	1580	426	24660	1280	6278	3822	2862	2902	818	522	1202	380	19058	852	9224	5114	542	632	530	0	4494	178	1656	0	1234	0	0	0	0	0	0	154	0	0	640	0	374	0	1636	0	236	178	0	0	276	0	266	0	0	0	0	0	0	0	21518	6574	0	1788	10500	1310	9816	524	2000	0	810	0	760	0	1280	0	192	0	2438	0	0	0	0	0	0	0	0	0	0	0	0	0	0	0	0	0	0	0	0	192	0	0	0	0	0	0	
300052	Putamen_R	118	876	566	12358	0	3834	112	1088	0	1726	0	4246	0	970	0	2570	0	2544	1346	8878	1350	4296	746	2706	0	6438	0	1824	0	24154	3274	8334	0	2500	0	0	0	7250	0	2752	0	912	0	0	0	0	0	0	0	0	0	0	0	0	0	2068	0	296	0	0	0	0	0	256	0	0	0	0	0	0	3562	17474	1788	0	366	6400	442	4046	0	304	0	1048	0	406	0	1690	0	0	0	2112	0	0	0	0	0	0	0	0	0	0	0	0	0	0	0	0	0	0	0	0	0	0	0	0	0	0	
70240	Pallidum_L	0	144	6842	792	0	0	136	870	0	0	0	120	0	0	0	0	0	150	5300	288	414	186	0	140	0	0	0	0	0	160	0	198	0	0	0	0	886	0	778	0	0	0	0	0	0	0	0	0	0	0	0	0	0	0	0	0	0	0	0	0	0	0	0	0	0	0	0	0	0	0	3682	1242	10500	366	0	162	1764	0	0	0	0	0	0	0	0	0	0	0	0	0	0	0	0	0	0	0	0	0	0	0	0	0	0	0	0	0	0	0	0	0	0	0	0	0	0	0	
52300	Pallidum_R	0	0	0	2212	0	340	0	266	0	0	0	0	0	0	0	374	0	460	0	996	1076	1378	220	526	0	768	0	0	0	1114	260	658	0	284	0	0	0	264	0	150	0	140	0	0	0	0	0	0	0	0	0	0	0	0	0	0	0	0	0	0	0	0	0	0	0	0	0	0	0	0	1614	4448	1310	6400	162	0	0	730	0	0	0	0	0	0	0	0	0	0	0	0	0	0	0	0	0	0	0	0	0	0	0	0	0	0	0	0	0	0	0	0	0	0	0	0	0	0	
168864	Thalamus_L	1558	2186	13850	2096	280	0	850	1442	0	0	364	132	0	0	0	0	0	0	11872	376	0	0	364	372	0	0	0	0	1136	180	560	598	742	0	1256	766	3502	1370	1018	386	150	0	0	0	0	0	720	512	0	0	418	0	0	0	366	0	1580	572	0	0	112	0	0	226	0	0	0	152	156	0	11772	3258	9816	442	1764	0	0	3940	0	0	184	0	0	0	246	0	0	0	494	0	0	0	0	0	0	0	0	0	0	0	0	0	0	0	0	0	0	0	0	296	0	0	0	0	0	0	
157028	Thalamus_R	898	1254	1212	22494	0	0	138	544	0	0	364	606	0	0	0	0	0	180	1882	11716	0	0	260	348	0	0	0	0	148	692	0	0	0	356	338	540	1084	4428	0	2190	0	0	0	244	0	0	0	1328	0	0	0	0	0	0	0	232	888	294	0	0	0	0	0	132	0	0	0	336	0	0	776	12996	524	4046	0	730	3940	0	0	0	0	0	0	0	0	0	0	0	0	376	0	0	0	0	0	0	0	0	0	0	0	0	0	0	0	0	0	0	0	0	0	0	0	0	0	0	
96836	Heschl_L	1490	0	3452	0	0	0	594	0	0	0	1246	0	0	0	0	0	8566	0	2396	0	0	0	0	0	0	0	0	0	12192	0	0	0	0	0	0	0	138	0	0	0	0	0	158	0	144	0	0	0	0	0	1270	0	0	0	224	0	1752	0	0	0	942	0	726	0	0	0	138	0	0	0	0	0	2000	0	0	0	0	0	0	0	4830	0	316	0	4024	0	0	0	1820	0	0	0	0	0	0	0	0	0	0	0	0	0	0	0	0	0	0	0	0	0	0	0	0	0	0	0	
31000	Heschl_R	0	116	0	324	0	0	0	0	0	0	0	164	0	0	0	0	0	3490	0	276	0	0	0	0	0	0	0	0	0	3592	0	0	0	186	0	0	0	124	0	0	0	0	0	0	0	0	0	0	0	0	0	0	0	0	0	0	0	1014	0	0	0	0	0	712	0	0	0	0	0	0	0	0	0	304	0	0	0	0	0	0	0	4712	0	152	0	182	0	0	0	152	0	0	0	0	0	0	0	0	0	0	0	0	0	0	0	0	0	0	0	0	0	0	0	0	0	0	
264660	Temporal_Sup_L	2448	0	3370	0	0	0	980	0	0	0	2424	0	146	0	112	0	9788	0	2934	0	0	0	110	0	0	0	0	0	14194	0	0	0	0	0	146	0	2268	0	278	0	168	0	212	0	204	0	136	0	206	0	2946	0	672	0	4008	0	1940	0	0	0	2088	0	8050	0	2184	0	222	0	112	0	0	0	810	0	0	0	184	0	4830	0	0	0	10916	0	36010	0	2232	0	14432	0	228	0	0	0	0	0	168	0	174	0	0	0	0	0	0	0	0	0	0	0	0	0	0	0	0	0	
179004	Temporal_Sup_R	0	562	0	518	0	0	0	214	0	0	0	918	0	0	0	0	0	6920	0	674	0	0	0	0	0	0	0	0	0	10112	0	0	0	2202	0	226	0	3542	0	644	0	0	0	340	0	300	0	0	0	636	0	2022	0	0	0	856	0	2758	0	450	0	798	0	7238	0	4248	0	1736	320	1992	0	0	0	1048	0	0	0	0	0	4712	0	0	0	5190	0	23346	0	1366	0	3614	0	0	0	0	0	0	0	0	0	0	0	0	0	0	0	0	0	0	0	0	0	0	0	0	0	0	
128216	Temporal_Pole_Sup_L	132	0	548	0	1156	0	0	0	758	0	736	0	0	0	4444	0	1734	0	476	0	522	0	0	0	0	0	150	0	5872	0	0	0	0	0	0	0	2052	0	934	0	742	0	0	0	0	0	0	0	0	0	504	0	438	0	4118	0	0	0	0	0	0	0	0	0	0	0	0	0	0	0	190	0	760	0	0	0	0	0	316	0	10916	0	0	0	11228	0	6456	0	8926	0	0	0	0	0	0	0	0	0	0	0	0	0	0	0	0	0	0	0	0	0	0	0	0	0	0	0	
118696	Temporal_Pole_Sup_R	0	0	0	352	0	0	0	0	0	0	0	820	0	0	0	396	0	858	0	382	0	0	0	0	0	0	0	0	0	3392	0	0	0	392	0	204	0	7984	0	10412	0	3502	0	362	0	122	0	484	0	0	0	186	0	864	0	9184	0	0	0	0	0	0	0	0	0	0	0	458	0	0	0	0	0	406	0	0	0	0	0	152	0	5190	0	0	0	4026	0	5058	0	3502	0	0	0	0	0	0	0	660	0	0	0	0	0	0	0	0	0	0	0	0	0	0	0	0	0	0	
438632	Temporal_Mid_L	3166	0	1568	0	0	0	304	0	0	0	842	0	0	0	690	0	2986	0	1096	0	0	0	0	0	0	0	0	0	11536	0	0	0	658	0	1124	0	1898	0	428	0	500	0	3310	0	2668	0	3474	0	2770	0	35380	0	4140	0	9782	0	1482	0	160	0	4458	0	7248	0	9690	0	2436	0	710	0	0	0	1280	0	0	0	246	0	4024	0	36010	0	11228	0	0	0	7336	0	44006	0	286	0	0	0	0	0	158	0	238	0	0	0	0	0	0	0	0	0	0	0	0	0	0	0	0	0	
280716	Temporal_Mid_R	0	512	0	200	0	0	0	0	0	0	0	0	0	0	0	0	0	1038	0	302	0	0	0	0	0	0	0	0	0	3108	0	0	0	918	0	400	0	8870	0	2634	0	0	0	5952	0	2500	0	1860	0	2544	0	18008	0	2460	0	9854	0	302	0	118	0	576	0	5704	0	8470	0	4750	0	0	0	0	0	1690	0	0	0	0	0	182	0	23346	0	4026	0	0	0	3106	0	26640	0	0	0	0	0	0	0	0	0	0	0	0	0	0	0	0	0	0	0	0	288	0	0	0	0	0	
53236	Temporal_Pole_Mid_L	0	0	0	0	194	0	0	0	0	0	0	0	0	0	1002	0	0	0	0	0	0	0	0	0	0	0	0	0	822	0	0	0	0	0	0	0	330	0	738	0	132	0	0	0	0	0	0	0	0	0	0	0	0	0	1788	0	0	0	0	0	0	0	0	0	0	0	0	0	0	0	0	0	192	0	0	0	0	0	0	0	2232	0	6456	0	7336	0	0	0	5396	0	0	0	0	0	0	0	0	0	0	0	0	0	0	0	0	0	0	0	0	0	0	0	0	0	0	0	
40020	Temporal_Pole_Mid_R	0	0	0	0	0	0	0	0	0	0	0	0	0	0	0	0	0	0	0	0	0	0	0	0	0	0	0	0	0	0	0	0	0	0	0	0	0	1034	0	2964	0	334	0	0	0	0	0	0	0	0	0	0	0	0	0	3818	0	0	0	0	0	0	0	0	0	0	0	0	0	0	0	0	0	0	0	0	0	0	0	0	0	1366	0	5058	0	3106	0	0	0	2052	0	0	0	0	0	0	0	278	0	0	0	0	0	0	0	0	0	0	0	0	0	0	0	0	0	0	
357648	Temporal_Inf_L	948	0	964	0	186	0	132	0	0	0	396	0	0	0	920	0	860	0	722	0	392	0	0	0	0	0	0	0	11320	0	0	0	180	0	574	0	12442	0	3810	0	5296	0	1026	0	1196	0	930	0	1274	0	14734	0	8544	0	28218	0	306	0	0	0	266	0	278	0	146	0	930	0	0	0	0	0	2438	0	0	0	494	0	1820	0	14432	0	8926	0	44006	0	5396	0	0	0	2208	0	0	0	0	0	698	0	1416	0	0	0	0	0	0	0	0	0	0	0	0	0	0	0	0	0	
266032	Temporal_Inf_R	0	1662	0	844	0	0	0	0	0	0	0	0	0	0	0	0	0	790	0	902	0	0	0	0	0	0	0	0	0	1740	0	0	186	1768	190	2784	0	19310	0	12722	0	0	0	2612	0	644	0	3672	0	248	0	1302	0	5432	0	30368	0	378	0	0	0	214	0	1004	0	124	144	3696	0	0	0	0	0	2112	0	0	0	376	0	152	0	3614	0	3502	0	26640	0	2052	0	0	0	460	0	0	0	0	0	348	0	708	0	0	0	0	0	0	0	0	0	0	316	0	0	0	0	0	
431336	Cerebelum_Crus1_L	0	0	0	0	0	0	0	0	0	0	0	0	0	0	0	0	0	0	0	0	0	0	0	0	0	0	0	0	704	0	0	0	0	0	0	0	1034	0	970	0	314	0	178	0	0	0	4012	1106	0	0	1376	0	4350	376	14124	968	0	0	0	0	0	0	0	0	0	0	0	0	0	0	0	0	0	0	0	0	0	0	0	0	228	0	0	0	286	0	0	0	2208	0	0	7558	29424	1378	1012	0	9078	410	44012	7228	19208	532	35612	1464	8134	416	1326	0	0	0	1694	3338	8840	1792	978	0	
374092	Cerebelum_Crus1_R	0	0	0	0	0	0	0	0	0	0	0	0	0	0	0	0	0	0	0	0	0	0	0	0	0	0	0	0	0	0	0	0	0	0	0	0	0	0	0	0	0	0	0	0	0	0	1860	3750	0	0	424	0	606	322	1656	4638	0	0	0	0	0	0	0	0	0	0	0	0	0	0	0	0	0	0	0	0	0	0	0	0	0	0	0	0	0	0	0	0	0	460	7558	0	5346	22558	0	658	1304	6084	3944	41420	4050	8018	3544	28454	958	6850	0	1850	0	832	2934	6090	15168	3426	2048	236	
289912	Cerebelum_Crus2_L	0	0	0	0	0	0	0	0	0	0	0	0	0	0	0	0	0	0	0	0	0	0	0	0	0	0	0	0	0	0	0	0	0	0	0	0	0	0	0	0	0	0	0	0	0	0	908	390	0	0	430	0	606	202	1170	528	0	0	0	0	0	0	0	0	0	0	0	0	0	0	0	0	0	0	0	0	0	0	0	0	0	0	0	0	0	0	0	0	0	0	29424	5346	0	7442	0	0	688	158	5234	3788	34194	2610	28286	3178	3944	352	0	0	0	0	624	1500	9772	3300	882	0	
212536	Cerebelum_Crus2_R	0	0	0	0	0	0	0	0	0	0	0	0	0	0	0	0	0	0	0	0	0	0	0	0	0	0	0	0	0	0	0	0	0	0	0	0	0	0	0	0	0	0	0	0	0	0	0	0	0	0	0	0	0	0	110	0	0	0	0	0	0	0	0	0	0	0	0	0	0	0	0	0	0	0	0	0	0	0	0	0	0	0	0	0	0	0	0	0	0	0	1378	22558	7442	0	0	0	0	0	172	3784	6648	20974	3366	23458	182	3364	0	0	0	0	0	892	7882	3620	438	0	
33524	Cerebelum_3_L	0	0	0	0	0	0	0	0	0	0	0	0	0	0	0	0	0	0	0	0	0	0	0	0	0	0	0	0	0	0	0	0	0	0	0	0	0	0	0	0	0	0	0	0	0	0	732	0	0	0	0	0	384	0	1330	0	0	0	0	0	0	0	0	0	0	0	0	0	0	0	0	0	0	0	0	0	0	0	0	0	0	0	0	0	0	0	0	0	0	0	1012	0	0	0	0	0	6104	0	2910	0	0	0	0	0	1318	0	0	0	956	1420	596	0	0	0	0	0	
57400	Cerebelum_3_R	0	0	0	0	0	0	0	0	0	0	0	0	0	0	0	0	0	0	0	0	0	0	0	0	0	0	0	0	0	0	0	0	0	0	0	0	0	0	0	390	0	0	0	0	0	0	0	676	0	0	0	0	0	0	0	5176	0	0	0	0	0	0	0	0	0	0	0	0	0	0	0	0	0	0	0	0	0	0	0	0	0	0	0	0	0	0	0	0	0	0	0	658	0	0	0	0	0	8034	0	8112	0	0	0	0	0	480	0	246	830	3724	374	0	0	0	0	0	
318044	Cerebelum_4_5_L	0	0	0	0	0	0	0	0	0	0	0	0	0	0	0	0	0	0	0	0	0	0	0	0	0	0	0	0	374	0	0	0	0	0	0	0	944	0	1020	0	240	0	362	228	0	0	10770	3492	0	0	1434	0	3320	766	23134	3358	0	0	0	0	0	0	0	0	0	0	118	0	0	0	0	0	0	0	0	0	0	0	0	0	168	0	0	0	158	0	0	0	698	0	9078	1304	688	0	6104	0	0	5144	35676	5800	676	0	5450	170	8054	2252	1546	164	782	1896	17472	2822	0	910	1972	478	
239632	Cerebelum_4_5_R	0	0	0	0	0	0	0	0	0	0	0	0	0	0	0	0	0	0	0	0	0	0	0	0	0	0	0	0	0	0	0	0	0	0	0	0	0	616	0	2496	0	732	0	702	0	0	766	7948	0	0	128	0	220	1296	1040	21474	0	0	0	0	0	0	0	0	0	0	0	0	0	0	0	0	0	0	0	0	0	0	0	0	0	0	0	660	0	0	0	278	0	348	410	6084	158	0	0	8034	5144	0	3312	27478	0	0	1262	270	1436	2096	324	768	304	4690	16552	1324	0	0	792	674	
505624	Cerebelum_6_L	0	0	0	0	0	0	0	0	0	0	0	0	0	0	0	0	0	0	0	0	0	0	0	0	0	0	0	0	530	0	0	0	0	0	0	0	730	0	842	0	186	0	754	570	0	0	14756	5704	0	0	3678	0	8748	1926	36428	5142	0	0	0	0	0	0	0	0	0	0	140	0	0	0	0	0	0	0	0	0	0	0	0	0	174	0	0	0	238	0	0	0	1416	0	44012	3944	5234	172	2910	0	35676	3312	0	9476	6106	0	21832	628	4722	800	1874	0	588	1278	11410	9642	3578	1890	1626	140	
498920	Cerebelum_6_R	0	0	0	0	0	0	0	0	0	0	0	0	0	0	0	0	0	0	0	0	0	0	0	0	0	0	0	0	0	0	0	0	0	0	0	0	0	116	0	156	0	0	272	462	0	0	3558	10908	0	0	998	142	1410	4294	4118	28082	0	0	0	0	0	0	0	0	0	0	0	0	0	0	0	0	0	0	0	0	0	0	0	0	0	0	0	0	0	0	0	0	0	708	7228	41420	3788	3784	0	8112	5800	27478	9476	0	2832	1844	4896	13638	2354	4624	318	2900	722	5258	14776	14092	12432	3442	2736	286	
260948	Cerebelum_7b_L	0	0	0	0	0	0	0	0	0	0	0	0	0	0	0	0	0	0	0	0	0	0	0	0	0	0	0	0	0	0	0	0	0	0	0	0	0	0	0	0	0	0	0	0	0	0	194	0	0	0	0	0	202	0	448	0	0	0	0	0	0	0	0	0	0	0	0	0	0	0	0	0	0	0	0	0	0	0	0	0	0	0	0	0	0	0	0	0	0	0	19208	4050	34194	6648	0	0	676	0	6106	2832	0	3632	30050	4574	2762	286	366	0	0	0	200	988	8038	4600	420	0	
139516	Cerebelum_7b_R	0	0	0	0	0	0	0	0	0	0	0	0	0	0	0	0	0	0	0	0	0	0	0	0	0	0	0	0	0	0	0	0	0	0	0	0	0	0	0	0	0	0	0	0	0	0	0	0	0	0	0	0	0	0	0	0	0	0	0	0	0	0	0	0	0	0	0	0	0	0	0	0	0	0	0	0	0	0	0	0	0	0	0	0	0	0	0	0	0	0	532	8018	2610	20974	0	0	0	0	0	1844	3632	0	3222	19118	0	3140	0	0	0	0	0	290	3028	3350	0	0	
411124	Cerebelum_8_L	0	0	0	0	0	0	0	0	0	0	0	0	0	0	0	0	0	0	0	0	0	0	0	0	0	0	0	0	0	0	0	0	0	0	0	0	0	0	0	0	0	0	116	0	0	0	1210	974	0	0	918	0	1738	526	3686	1458	0	0	0	0	0	0	0	0	0	0	0	0	0	0	0	0	0	0	0	0	0	0	0	0	0	0	0	0	0	0	0	0	0	0	35612	3544	28286	3366	0	0	5450	1262	21832	4896	30050	3222	0	7202	20112	2634	1196	0	0	0	3850	3190	5084	10020	3916	212	
290304	Cerebelum_8_R	0	0	0	0	0	0	0	0	0	0	0	0	0	0	0	0	0	0	0	0	0	0	0	0	0	0	0	0	0	0	0	0	0	0	0	0	0	0	0	0	0	0	0	0	0	0	0	302	0	0	0	0	0	0	398	208	0	0	0	0	0	0	0	0	0	0	0	0	0	0	0	0	0	0	0	0	0	0	0	0	0	0	0	0	0	0	0	0	0	0	1464	28454	3178	23458	0	0	170	270	628	13638	4574	19118	7202	0	1204	17398	0	400	0	0	302	2920	7236	8936	3694	0	
166404	Cerebelum_9_L	0	0	0	0	0	0	0	0	0	0	0	0	0	0	0	0	0	0	0	0	0	0	0	0	0	0	0	0	0	0	0	0	0	0	0	0	0	0	0	0	0	0	0	0	0	0	302	442	0	0	0	0	262	0	932	718	0	0	0	0	0	0	0	0	0	0	0	0	0	0	0	0	0	0	0	0	0	0	0	0	0	0	0	0	0	0	0	0	0	0	8134	958	3944	182	1318	0	8054	1436	4722	2354	2762	0	20112	1204	0	3680	3836	0	486	874	5830	2022	616	3064	4300	658	
149972	Cerebelum_9_R	0	0	0	0	0	0	0	0	0	0	0	0	0	0	0	0	0	0	0	0	0	0	0	0	0	0	0	0	0	0	0	0	0	0	0	0	0	0	0	0	0	0	0	0	0	0	0	0	0	0	0	0	0	0	256	262	0	0	0	0	0	0	0	0	0	0	0	0	0	0	0	0	0	0	0	0	0	0	0	0	0	0	0	0	0	0	0	0	0	0	416	6850	352	3364	0	480	2252	2096	800	4624	286	3140	2634	17398	3680	0	0	1696	1508	1582	4222	2640	1750	4094	7064	1540	
25412	Cerebelum_10_L	0	0	0	0	0	0	0	0	0	0	0	0	0	0	0	0	0	0	0	0	0	0	0	0	0	0	0	0	0	0	0	0	0	0	0	0	0	0	0	0	0	0	0	0	0	0	0	0	0	0	0	0	392	0	396	0	0	0	0	0	0	0	0	0	0	0	0	0	0	0	0	0	0	0	0	0	0	0	0	0	0	0	0	0	0	0	0	0	0	0	1326	0	0	0	0	0	1546	324	1874	318	366	0	1196	0	3836	0	0	196	114	150	672	0	0	0	0	0	
19716	Cerebelum_10_R	0	0	0	0	0	0	0	0	0	0	0	0	0	0	0	0	0	0	0	0	0	0	0	0	0	0	0	0	0	0	0	0	0	0	0	0	0	0	0	0	0	0	0	0	0	0	0	186	0	0	0	0	0	0	0	254	0	0	0	0	0	0	0	0	0	0	0	0	0	0	0	0	0	0	0	0	0	0	0	0	0	0	0	0	0	0	0	0	0	0	0	1850	0	0	0	246	164	768	0	2900	0	0	0	400	0	1696	196	0	0	204	576	0	0	0	268	150	
28300	Vermis_1_2	0	0	0	0	0	0	0	0	0	0	0	0	0	0	0	0	0	0	0	0	0	0	0	0	0	0	0	0	0	0	0	0	0	0	0	0	0	0	0	0	0	0	0	0	0	0	0	0	0	0	0	0	0	0	466	390	0	0	0	0	0	0	0	0	0	0	0	0	0	0	0	0	0	0	0	0	0	0	0	0	0	0	0	0	0	0	0	0	0	0	0	0	0	0	956	830	782	304	588	722	0	0	0	0	486	1508	114	0	0	5900	924	0	0	0	0	180	
73172	Vermis_3	0	0	156	0	0	0	0	0	0	0	0	0	0	0	0	0	0	0	132	0	0	0	0	0	0	0	0	0	0	0	0	0	0	0	0	0	0	0	0	0	0	0	0	0	0	0	0	278	0	0	0	0	110	114	858	2936	0	0	0	0	0	0	0	0	0	0	0	0	0	0	0	0	192	0	0	0	296	0	0	0	0	0	0	0	0	0	0	0	0	0	0	832	0	0	1420	3724	1896	4690	1278	5258	0	0	0	0	874	1582	150	204	5900	0	3478	0	0	0	0	228	
294052	Vermis_4_5	0	0	0	0	0	0	0	0	0	0	0	0	0	0	0	0	0	0	0	0	0	0	0	0	0	0	0	0	0	0	0	0	0	340	0	572	0	408	0	442	0	0	452	2468	110	664	4506	12372	0	244	692	530	1026	2260	4130	11652	0	0	0	0	0	0	0	0	0	0	254	4056	0	0	0	0	0	0	0	0	0	0	0	0	0	0	0	0	0	288	0	0	0	316	1694	2934	624	0	596	374	17472	16552	11410	14776	200	0	3850	302	5830	4222	672	576	924	3478	0	7368	0	840	2934	1616	
