data	data	524484	412660	794584	791828	99132	96068	499544	277388	69416	27124	214672	178312	291884	135476	153076	100280	231876	107748	735044	550452	60372	72012	361620	314248	31648	83580	36900	63836	494388	363396	329908	515268	209632	514588	149976	175376	234300	264328	60284	154884	33672	52788	286600	413632	246884	448288	330416	361720	355996	390848	595436	285908	203336	95024	293736	393072	276640	226696	211096	106204	197624	160944	114260	97832	163832	150028	321784	462304	368352	190300	219320	312372	238148	240640	42728	25928	178052	190640	74284	22480	266684	75092	79780	63740	325228	185696	26008	22844	277308	136564	418728	321852	357160	243976	20856	49876	205108	182660	387168	320308	277832	173464	347428	272852	103848	119468	19300	21420	12020	41868	153944	127552	199528	174036	99224	18144	
data	data	Precentral_L	Precentral_R	Frontal_Sup_L	Frontal_Sup_R	Frontal_Sup_Orb_L	Frontal_Sup_Orb_R	Frontal_Mid_L	Frontal_Mid_R	Frontal_Mid_Orb_L	Frontal_Mid_Orb_R	Frontal_Inf_Oper_L	Frontal_Inf_Oper_R	Frontal_Inf_Tri_L	Frontal_Inf_Tri_R	Frontal_Inf_Orb_L	Frontal_Inf_Orb_R	Rolandic_Oper_L	Rolandic_Oper_R	Supp_Motor_Area_L	Supp_Motor_Area_R	Olfactory_L	Olfactory_R	Frontal_Sup_Medial_L	Frontal_Sup_Medial_R	Frontal_Med_Orb_L	Frontal_Med_Orb_R	Rectus_L	Rectus_R	Insula_L	Insula_R	Cingulum_Ant_L	Cingulum_Ant_R	Cingulum_Mid_L	Cingulum_Mid_R	Cingulum_Post_L	Cingulum_Post_R	Hippocampus_L	Hippocampus_R	ParaHippocampal_L	ParaHippocampal_R	Amygdala_L	Amygdala_R	Calcarine_L	Calcarine_R	Cuneus_L	Cuneus_R	Lingual_L	Lingual_R	Occipital_Sup_L	Occipital_Sup_R	Occipital_Mid_L	Occipital_Mid_R	Occipital_Inf_L	Occipital_Inf_R	Fusiform_L	Fusiform_R	Postcentral_L	Postcentral_R	Parietal_Sup_L	Parietal_Sup_R	Parietal_Inf_L	Parietal_Inf_R	SupraMarginal_L	SupraMarginal_R	Angular_L	Angular_R	Precuneus_L	Precuneus_R	Paracentral_Lobule_L	Paracentral_Lobule_R	Caudate_L	Caudate_R	Putamen_L	Putamen_R	Pallidum_L	Pallidum_R	Thalamus_L	Thalamus_R	Heschl_L	Heschl_R	Temporal_Sup_L	Temporal_Sup_R	Temporal_Pole_Sup_L	Temporal_Pole_Sup_R	Temporal_Mid_L	Temporal_Mid_R	Temporal_Pole_Mid_L	Temporal_Pole_Mid_R	Temporal_Inf_L	Temporal_Inf_R	Cerebelum_Crus1_L	Cerebelum_Crus1_R	Cerebelum_Crus2_L	Cerebelum_Crus2_R	Cerebelum_3_L	Cerebelum_3_R	Cerebelum_4_5_L	Cerebelum_4_5_R	Cerebelum_6_L	Cerebelum_6_R	Cerebelum_7b_L	Cerebelum_7b_R	Cerebelum_8_L	Cerebelum_8_R	Cerebelum_9_L	Cerebelum_9_R	Cerebelum_10_L	Cerebelum_10_R	Vermis_1_2	Vermis_3	Vermis_4_5	Vermis_6	Vermis_7	Vermis_8	Vermis_9	Vermis_10	
524484	Precentral_L	0	4000	13790	2580	0	0	24580	1392	0	0	13786	554	3462	0	0	0	11656	136	18438	4854	0	0	0	0	0	0	0	0	9376	442	390	1652	392	4630	6202	6414	8898	3434	556	1084	0	0	1154	0	1034	0	188	186	350	0	1198	0	94	76	224	366	24722	334	110	0	1056	160	684	122	98	0	1964	438	32106	2422	5918	3396	6740	238	2010	168	19002	4142	2788	0	4488	0	446	0	400	0	0	0	268	88	0	0	0	0	0	0	0	0	0	0	0	0	0	0	0	0	0	0	0	0	366	0	0	0	0	0	
412660	Precentral_R	4000	0	5612	27152	0	0	3474	10972	0	0	0	3966	0	80	0	0	0	3748	10032	18480	0	0	0	0	0	0	0	0	0	2692	0	340	684	6986	438	1896	0	6462	0	1164	0	0	0	2590	0	2918	0	528	0	1038	0	2008	0	250	0	418	546	17554	0	608	0	2408	0	1972	0	428	160	5128	4684	10198	1372	12016	152	2642	0	236	1606	23302	0	132	0	228	0	0	0	2546	0	0	0	264	0	0	0	0	0	0	0	0	0	0	0	0	0	0	0	0	0	0	0	0	220	0	0	0	0	0	
794584	Frontal_Sup_L	13790	5612	0	10658	5364	138	66812	3744	2906	0	7032	470	21886	0	8334	0	6194	128	74710	10412	0	0	40450	6362	1750	0	116	0	18924	428	14586	6036	9206	5468	0	0	1264	452	0	102	0	0	0	160	0	0	0	0	0	0	92	88	0	88	452	104	1962	392	0	0	118	432	0	434	0	0	0	0	9210	0	14574	2188	9834	496	1150	0	7154	236	460	0	2486	88	842	0	168	118	0	0	518	114	0	0	0	0	0	0	0	0	0	0	0	0	0	0	0	0	0	0	0	0	0	0	0	0	0	0	
791828	Frontal_Sup_R	2580	27152	10658	0	0	4492	3886	36058	0	382	278	12234	654	8126	0	5102	90	7382	15994	50546	0	0	15582	33870	0	2374	0	464	726	21982	5564	39272	2830	23438	132	304	0	2470	0	630	0	0	0	0	0	0	0	0	0	0	0	0	0	0	0	554	80	878	0	368	0	1216	0	1020	0	0	0	100	3332	0	648	21772	350	9214	0	2276	276	17446	0	294	0	228	0	610	0	0	0	0	0	0	0	0	0	0	0	0	0	0	0	0	0	0	0	0	0	0	0	0	0	0	0	0	0	0	0	0	
99132	Frontal_Sup_Orb_L	0	0	5364	0	0	0	1394	0	10290	0	0	0	1578	0	9664	0	0	0	0	0	2910	348	3776	260	3372	0	2598	0	3450	0	2874	518	0	0	0	0	0	0	0	0	736	0	0	0	0	0	0	0	0	0	0	0	0	0	0	0	0	0	0	0	0	0	0	0	0	0	0	0	0	0	336	98	0	0	0	0	0	0	0	0	0	0	0	0	0	0	0	0	0	0	0	0	0	0	0	0	0	0	0	0	0	0	0	0	0	0	0	0	0	0	0	0	0	0	0	0	
96068	Frontal_Sup_Orb_R	0	0	138	4492	0	0	0	1436	0	4784	0	0	0	310	0	5354	0	0	0	90	0	1038	1250	6120	104	8494	0	6972	0	968	864	3604	0	408	0	0	0	0	0	0	0	0	0	0	0	0	0	0	0	0	0	0	0	0	0	0	0	0	0	0	0	0	0	0	0	0	0	0	0	0	0	1032	0	576	0	0	0	0	0	0	0	0	0	0	0	0	0	0	0	0	0	0	0	0	0	0	0	0	0	0	0	0	0	0	0	0	0	0	0	0	0	0	0	0	0	0	
499544	Frontal_Mid_L	24580	3474	66812	3886	1394	0	0	2634	3122	0	10842	806	37656	0	5806	0	2620	120	11538	690	0	0	14314	644	0	0	0	0	17484	456	5074	4638	3146	2366	98	0	762	98	0	0	0	0	96	0	0	0	0	0	0	0	138	0	0	0	0	0	2214	180	0	0	990	158	96	172	0	0	0	0	1030	0	6860	3102	2344	292	180	122	4926	366	466	0	494	0	332	0	154	0	0	0	0	0	0	0	0	0	0	0	0	0	0	0	0	0	0	0	0	0	0	0	0	0	0	0	0	0	0	0	
277388	Frontal_Mid_R	1392	10972	3744	36058	0	1436	2634	0	0	1228	0	9246	126	14422	0	6482	0	1396	3522	2112	0	0	2860	5424	0	0	0	0	116	11552	600	7910	856	4078	0	0	0	1132	0	174	0	0	0	76	0	0	0	0	0	0	0	112	0	0	0	622	0	702	0	198	0	624	0	490	0	0	0	0	0	0	586	1336	128	3122	0	288	0	714	0	0	0	0	0	92	0	132	0	0	0	0	0	0	0	0	0	0	0	0	0	0	0	0	0	0	0	0	0	0	0	0	0	0	0	0	0	0	
69416	Frontal_Mid_Orb_L	0	0	2906	0	10290	0	3122	0	0	0	0	0	3090	0	13080	0	0	0	0	0	110	0	140	0	0	0	518	0	1032	0	420	0	0	0	0	0	0	0	0	0	0	0	0	0	0	0	0	0	0	0	0	0	0	0	0	0	0	0	0	0	0	0	0	0	0	0	0	0	0	0	0	0	0	0	0	0	0	0	0	0	0	0	0	0	0	0	0	0	0	0	0	0	0	0	0	0	0	0	0	0	0	0	0	0	0	0	0	0	0	0	0	0	0	0	0	0	
27124	Frontal_Mid_Orb_R	0	0	0	382	0	4784	0	1228	0	0	0	0	0	544	0	5138	0	0	0	0	0	0	0	0	0	590	0	896	0	0	0	0	0	0	0	0	0	0	0	0	0	0	0	0	0	0	0	0	0	0	0	0	0	0	0	0	0	0	0	0	0	0	0	0	0	0	0	0	0	0	0	0	0	0	0	0	0	0	0	0	0	0	0	0	0	0	0	0	0	0	0	0	0	0	0	0	0	0	0	0	0	0	0	0	0	0	0	0	0	0	0	0	0	0	0	0	
214672	Frontal_Inf_Oper_L	13786	0	7032	278	0	0	10842	0	0	0	0	82	15256	0	2288	0	14426	0	4540	154	0	0	538	0	0	0	0	0	17372	116	1952	410	206	0	0	0	416	0	0	0	0	0	0	0	0	0	0	0	0	0	0	0	0	0	160	0	2336	0	0	0	0	0	0	0	0	0	0	0	324	0	2678	1514	1902	0	0	0	370	202	264	0	4338	0	3390	0	0	0	0	0	164	0	0	0	0	0	0	0	0	0	0	0	0	0	0	0	0	0	0	0	0	0	0	0	0	0	0	0	
178312	Frontal_Inf_Oper_R	554	3966	470	12234	0	0	806	9246	0	0	82	0	0	7890	0	434	0	3840	1084	4056	0	0	498	1900	0	130	0	0	82	20560	412	8824	0	3294	0	0	0	616	0	176	0	0	0	0	0	0	0	0	0	0	0	0	0	0	0	458	0	1502	0	0	0	80	0	90	0	0	0	0	0	0	212	698	0	3986	0	0	0	0	0	78	0	0	0	752	0	0	0	0	0	146	0	0	0	0	0	0	0	0	0	0	0	0	0	0	0	0	0	0	0	0	0	0	0	0	0	0	
291884	Frontal_Inf_Tri_L	3462	0	21886	654	1578	0	37656	126	3090	0	15256	0	0	0	12440	0	2176	0	1954	126	0	0	3242	0	0	0	0	0	29978	80	4806	828	1616	800	0	0	156	0	0	0	0	0	0	0	0	0	0	0	0	0	0	0	0	0	104	0	336	0	0	0	0	0	0	0	0	0	0	0	0	0	676	588	902	0	0	0	86	0	130	0	652	0	454	0	0	0	0	0	104	0	0	0	0	0	0	0	0	0	0	0	0	0	0	0	0	0	0	0	0	0	0	0	0	0	0	0	
135476	Frontal_Inf_Tri_R	0	80	0	8126	0	310	0	14422	0	544	0	7890	0	0	0	8540	0	0	218	306	0	0	398	1808	0	162	0	0	0	18816	418	3362	0	594	0	0	0	190	0	0	0	0	0	0	0	0	0	0	0	0	0	0	0	0	0	162	0	0	0	0	0	0	0	0	0	0	0	0	0	0	0	376	0	1016	0	0	0	0	0	0	0	0	0	0	0	0	0	0	0	0	0	0	0	0	0	0	0	0	0	0	0	0	0	0	0	0	0	0	0	0	0	0	0	0	0	0	
153076	Frontal_Inf_Orb_L	0	0	8334	0	9664	0	5806	0	13080	0	2288	0	12440	0	0	0	0	0	0	0	2104	0	1336	0	222	0	758	0	14492	0	3226	78	130	0	0	0	0	0	98	0	530	0	0	0	0	0	0	0	0	0	0	0	0	0	0	0	0	0	0	0	0	0	0	0	0	0	0	0	0	0	160	172	850	0	0	0	0	0	0	0	0	0	770	0	0	0	0	0	0	0	0	0	0	0	0	0	0	0	0	0	0	0	0	0	0	0	0	0	0	0	0	0	0	0	0	0	
100280	Frontal_Inf_Orb_R	0	0	0	5102	0	5354	0	6482	0	5138	0	434	0	8540	0	0	0	280	0	154	0	724	0	586	0	92	0	1028	0	9418	0	724	0	112	0	0	0	466	0	262	0	178	0	0	0	0	0	0	0	0	0	0	0	0	0	688	0	0	0	0	0	0	0	0	0	0	0	0	0	0	0	434	0	2388	0	0	0	0	0	0	0	136	0	1308	0	0	0	0	0	112	0	0	0	0	0	0	0	0	0	0	0	0	0	0	0	0	0	0	0	0	0	0	0	0	0	0	
231876	Rolandic_Oper_L	11656	0	6194	90	0	0	2620	0	0	0	14426	0	2176	0	0	0	0	0	7168	0	0	0	94	0	0	0	0	0	17888	0	334	0	174	0	0	0	552	0	0	0	0	0	250	0	0	0	0	0	394	0	1072	0	0	0	306	0	13518	0	1484	0	796	0	2720	0	168	0	650	0	3638	0	2040	560	2024	0	162	0	162	0	3944	0	13244	0	3602	0	942	0	0	0	890	0	0	0	0	0	0	0	0	0	0	0	0	0	0	0	0	0	0	0	0	0	0	0	0	0	0	0	
107748	Rolandic_Oper_R	136	3748	128	7382	0	0	120	1396	0	0	0	3840	0	0	0	280	0	0	270	4010	0	0	130	174	0	0	0	0	0	11384	0	730	0	470	0	0	0	512	0	100	0	0	0	472	0	762	0	0	0	648	0	444	0	0	0	378	0	4244	0	158	0	472	0	1814	0	304	0	824	0	90	0	350	0	2616	0	0	0	0	0	2042	0	1546	0	1532	0	242	0	0	0	126	0	0	0	0	0	0	0	0	0	0	0	0	0	0	0	0	0	0	0	0	0	0	0	0	0	0	
735044	Supp_Motor_Area_L	18438	10032	74710	15994	0	0	11538	3522	0	0	4540	1084	1954	218	0	0	7168	270	0	38934	0	0	7738	2982	0	0	0	0	9210	1116	11368	5122	15830	18822	1466	510	1870	738	76	182	0	0	0	216	112	0	0	0	0	0	106	108	0	94	418	204	5878	426	0	0	160	448	0	500	0	0	0	134	40342	2528	12840	2796	13064	1240	4574	360	9556	730	1084	0	2574	94	584	0	178	150	0	0	472	120	0	0	0	0	0	0	0	0	0	0	0	0	0	0	0	0	0	0	0	0	0	0	0	0	0	0	
550452	Supp_Motor_Area_R	4854	18480	10412	50546	0	90	690	2112	0	0	154	4056	126	306	0	154	0	4010	38934	0	0	0	914	5760	0	168	0	124	198	8096	3094	14620	6722	40412	876	3530	0	318	0	134	0	0	0	246	0	0	0	148	0	0	0	0	0	0	0	158	938	620	0	0	0	206	0	0	0	0	284	858	11834	12232	214	13194	116	3978	0	2100	168	7420	0	0	0	172	0	364	0	0	0	0	0	0	0	0	0	0	0	0	0	0	0	0	0	0	0	0	0	0	0	0	0	0	86	0	0	0	0	0	
60372	Olfactory_L	0	0	0	0	2910	0	0	0	110	0	0	0	0	0	2104	0	0	0	0	0	0	4212	0	0	240	0	3414	152	3344	0	2664	1694	0	0	0	0	262	0	266	0	1062	0	0	0	0	0	0	0	0	0	0	0	0	0	0	0	0	0	0	0	0	0	0	0	0	0	0	0	0	0	4222	1974	1294	0	0	0	0	0	0	0	0	0	262	0	0	0	0	0	0	0	0	0	0	0	0	0	0	0	0	0	0	0	0	0	0	0	0	0	0	0	0	0	0	0	0	0	
72012	Olfactory_R	0	0	0	0	348	1038	0	0	0	0	0	0	0	0	0	724	0	0	0	0	4212	0	0	200	118	608	2652	2672	0	2158	3010	2662	0	0	0	0	0	430	0	106	0	524	0	0	0	0	0	0	0	0	0	0	0	0	0	194	0	0	0	0	0	0	0	0	0	0	0	0	0	0	5936	5070	2218	1030	0	0	0	0	0	0	0	0	0	0	0	0	0	0	0	96	0	0	0	0	0	0	0	0	0	0	0	0	0	0	0	0	0	0	0	0	0	0	0	0	0	0	
361620	Frontal_Sup_Medial_L	0	0	40450	15582	3776	1250	14314	2860	140	0	538	498	3242	398	1336	0	94	130	7738	914	0	0	0	25552	2754	900	0	0	4556	562	16958	15636	5778	13074	0	0	0	92	0	0	0	0	0	0	0	0	0	0	0	0	0	0	0	0	0	88	0	0	0	0	0	0	0	0	0	0	0	0	0	0	208	146	922	324	0	0	0	0	0	0	0	0	0	0	0	0	0	0	0	0	0	0	0	0	0	0	0	0	0	0	0	0	0	0	0	0	0	0	0	0	0	0	0	0	0	0	
314248	Frontal_Sup_Medial_R	0	0	6362	33870	260	6120	644	5424	0	0	0	1900	0	1808	0	586	0	174	2982	5760	0	200	25552	0	828	8470	0	2086	0	3764	6386	24378	222	11884	0	0	0	256	0	0	0	0	0	0	0	0	0	0	0	0	0	0	0	0	0	234	0	0	0	0	0	0	0	0	0	0	0	0	0	0	0	3924	0	3050	0	0	0	0	0	0	0	0	0	0	0	0	0	0	0	0	0	0	0	0	0	0	0	0	0	0	0	0	0	0	0	0	0	0	0	0	0	0	0	0	0	0	
31648	Frontal_Med_Orb_L	0	0	1750	0	3372	104	0	0	0	0	0	0	0	0	222	0	0	0	0	0	240	118	2754	828	0	1248	776	260	160	0	3206	382	0	0	0	0	0	0	0	0	0	0	0	0	0	0	0	0	0	0	0	0	0	0	0	0	0	0	0	0	0	0	0	0	0	0	0	0	0	0	152	176	0	76	0	0	0	0	0	0	0	0	0	0	0	0	0	0	0	0	0	0	0	0	0	0	0	0	0	0	0	0	0	0	0	0	0	0	0	0	0	0	0	0	0	0	
83580	Frontal_Med_Orb_R	0	0	0	2374	0	8494	0	0	0	590	0	130	0	162	0	92	0	0	0	168	0	608	900	8470	1248	0	198	7052	0	376	1512	5962	0	164	0	0	0	0	0	0	0	0	0	0	0	0	0	0	0	0	0	0	0	0	0	0	0	0	0	0	0	0	0	0	0	0	0	0	0	0	0	2242	0	1048	0	0	0	0	0	0	0	0	0	0	0	0	0	0	0	0	0	0	0	0	0	0	0	0	0	0	0	0	0	0	0	0	0	0	0	0	0	0	0	0	0	0	
36900	Rectus_L	0	0	116	0	2598	0	0	0	518	0	0	0	0	0	758	0	0	0	0	0	3414	2652	0	0	776	198	0	192	612	0	1794	896	0	0	0	0	0	0	0	0	308	0	0	0	0	0	0	0	0	0	0	0	0	0	0	0	0	0	0	0	0	0	0	0	0	0	0	0	0	0	2368	1250	0	0	0	0	0	0	0	0	0	0	0	0	0	0	0	0	0	0	0	0	0	0	0	0	0	0	0	0	0	0	0	0	0	0	0	0	0	0	0	0	0	0	0	0	
63836	Rectus_R	0	0	0	464	0	6972	0	0	0	896	0	0	0	0	0	1028	0	0	0	124	152	2672	0	2086	260	7052	192	0	0	1450	1250	4142	0	0	0	0	0	0	0	0	0	0	0	0	0	0	0	0	0	0	0	0	0	0	0	0	0	0	0	0	0	0	0	0	0	0	0	0	0	0	194	2186	150	648	0	0	0	0	0	0	0	0	0	0	0	0	0	0	0	0	0	0	0	0	0	0	0	0	0	0	0	0	0	0	0	0	0	0	0	0	0	0	0	0	0	0	
494388	Insula_L	9376	0	18924	726	3450	0	17484	116	1032	0	17372	82	29978	0	14492	0	17888	0	9210	198	3344	0	4556	0	160	0	612	0	0	112	10490	918	1420	708	852	322	11980	252	572	0	2086	0	548	0	0	0	150	0	0	0	284	0	192	0	5878	0	4312	0	0	0	566	0	200	0	0	0	360	0	2640	0	2500	1508	16538	0	86	0	2560	102	7564	0	9286	0	3206	0	2030	0	0	0	7756	0	0	0	0	0	0	0	0	0	0	0	0	0	0	0	0	0	0	0	0	0	216	0	0	0	0	0	
363396	Insula_R	442	2692	428	21982	0	968	456	11552	0	0	116	20560	80	18816	0	9418	0	11384	1116	8096	0	2158	562	3764	0	376	0	1450	112	0	732	12380	88	5246	0	0	0	5170	0	1548	0	1052	0	504	0	570	0	0	0	624	0	428	0	88	0	2676	0	1938	0	104	0	290	0	170	0	198	0	612	0	0	86	1788	0	19748	0	142	98	76	0	1776	0	2692	0	1714	0	1656	0	0	0	976	0	0	0	0	0	0	0	0	0	0	0	0	0	0	0	0	0	0	0	0	0	0	0	0	0	0	
329908	Cingulum_Ant_L	390	0	14586	5564	2874	864	5074	600	420	0	1952	412	4806	418	3226	0	334	0	11368	3094	2664	3010	16958	6386	3206	1512	1794	1250	10490	732	0	23800	7762	6402	130	0	0	0	0	0	140	0	0	0	0	0	0	0	0	0	0	0	0	0	0	0	0	0	0	0	0	0	0	0	0	0	0	0	0	0	6326	4432	9512	2202	0	0	0	0	0	0	112	0	152	0	0	0	0	0	0	0	0	0	0	0	0	0	0	0	0	0	0	0	0	0	0	0	0	0	0	0	0	0	0	0	0	0	
515268	Cingulum_Ant_R	1652	340	6036	39272	518	3604	4638	7910	0	0	410	8824	828	3362	78	724	0	730	5122	14620	1694	2662	15636	24378	382	5962	896	4142	918	12380	23800	0	5634	25220	0	0	0	0	0	0	0	0	0	0	0	0	0	0	0	0	0	0	0	0	0	0	0	0	0	0	0	0	0	0	0	0	0	0	0	0	1890	20430	1418	11182	0	0	0	164	0	0	0	0	0	178	0	0	0	0	0	0	0	0	0	0	0	0	0	0	0	0	0	0	0	0	0	0	0	0	0	0	0	0	0	0	0	0	
209632	Cingulum_Mid_L	392	684	9206	2830	0	0	3146	856	0	0	206	0	1616	0	130	0	174	0	15830	6722	0	0	5778	222	0	0	0	0	1420	88	7762	5634	0	16366	4538	1520	0	114	0	0	0	0	260	0	1054	148	0	0	2434	0	2490	0	0	0	0	0	0	110	1446	0	200	112	0	124	132	0	4666	1634	3232	858	0	150	0	0	0	0	0	0	0	0	136	0	0	0	240	0	0	0	156	0	0	0	0	0	0	0	0	0	0	0	0	0	0	0	0	0	0	0	0	0	0	0	0	0	0	0	
514588	Cingulum_Mid_R	4630	6986	5468	23438	0	408	2366	4078	0	0	0	3294	800	594	0	112	0	470	18822	40412	0	0	13074	11884	0	164	0	0	708	5246	6402	25220	16366	0	2564	8668	0	990	0	452	0	0	286	2452	604	1536	0	2112	1150	752	236	314	0	100	0	200	600	2898	0	0	0	462	0	86	0	218	2300	9952	8828	14370	78	568	0	528	0	0	96	1546	0	0	0	0	0	130	0	232	0	0	0	0	0	0	0	0	0	0	0	0	0	0	0	0	0	0	0	0	0	0	0	0	1044	0	0	0	0	0	
149976	Cingulum_Post_L	6202	438	0	132	0	0	98	0	0	0	0	0	0	0	0	0	0	0	1466	876	0	0	0	0	0	0	0	0	852	0	130	0	4538	2564	0	10742	7438	1610	1258	538	0	0	6232	0	1516	0	1822	194	416	0	482	0	0	0	78	0	1516	370	78	0	110	0	0	0	84	0	8980	2568	5844	736	0	0	576	0	0	0	1350	468	494	0	246	0	0	0	386	0	0	0	256	0	0	0	0	0	0	0	78	0	0	0	0	0	0	0	0	0	0	0	0	0	1226	0	0	0	0	0	
175376	Cingulum_Post_R	6414	1896	0	304	0	0	0	0	0	0	0	0	0	0	0	0	0	0	510	3530	0	0	0	0	0	0	0	0	322	0	0	0	1520	8668	10742	0	2518	5436	0	2496	0	0	162	1040	924	186	0	5750	580	0	156	0	0	0	0	326	200	964	0	0	0	0	0	0	0	0	2994	12028	3430	3400	0	0	448	0	0	0	3902	3178	0	0	0	0	0	0	0	0	0	0	0	0	0	0	0	0	0	0	0	0	0	0	0	0	0	0	0	0	0	0	0	0	3664	0	0	0	0	0	
234300	Hippocampus_L	8898	0	1264	0	0	0	762	0	0	0	416	0	156	0	0	0	552	0	1870	0	262	0	0	0	0	0	0	0	11980	0	0	0	0	0	7438	2518	0	1736	8524	660	5098	0	5136	0	146	0	3572	136	0	0	736	0	782	0	11910	92	874	0	0	0	0	0	0	0	0	0	5166	212	1380	0	258	0	6906	0	784	0	4738	680	1840	0	2644	0	1544	0	1790	0	300	0	11686	0	0	0	0	0	92	0	420	0	0	0	0	0	0	0	0	0	0	0	0	240	952	0	0	0	0	0	
264328	Hippocampus_R	3434	6462	452	2470	0	0	98	1132	0	0	0	616	0	190	0	466	0	512	738	318	0	430	92	256	0	0	0	0	252	5170	0	0	114	990	1610	5436	1736	0	0	19828	0	8148	0	466	98	0	0	4022	0	0	0	0	0	560	0	25378	126	204	0	0	0	0	0	0	0	0	80	3422	466	292	0	0	368	12676	0	764	3062	6166	0	658	0	832	0	902	0	376	0	0	0	8312	0	0	0	0	0	0	0	626	0	0	0	0	0	0	0	0	0	0	0	0	1358	0	0	0	0	0	
60284	ParaHippocampal_L	556	0	0	0	0	0	0	0	0	0	0	0	0	0	98	0	0	0	76	0	266	0	0	0	0	0	0	0	572	0	0	0	0	0	1258	0	8524	0	0	0	1324	0	1784	0	0	0	3764	0	0	0	766	0	634	0	3178	0	0	0	0	0	0	0	0	0	0	0	1764	0	76	0	0	0	638	0	0	0	94	0	254	0	0	0	998	0	354	0	846	0	1404	0	0	0	0	0	220	0	694	0	0	0	0	0	0	0	0	0	0	0	0	0	0	0	0	0	0	0	
154884	ParaHippocampal_R	1084	1164	102	630	0	0	0	174	0	0	0	176	0	0	0	262	0	100	182	134	0	106	0	0	0	0	0	0	0	1548	0	0	0	452	538	2496	660	19828	0	0	0	5252	0	294	0	0	0	6496	0	0	0	0	0	380	0	17746	0	174	0	0	0	0	0	0	0	0	0	2626	0	220	0	0	0	2970	0	224	1010	2222	0	76	0	100	0	1670	0	100	0	784	0	2894	0	0	0	0	0	186	0	1418	0	120	0	0	0	0	0	0	0	0	0	0	844	0	0	0	0	0	
33672	Amygdala_L	0	0	0	0	736	0	0	0	0	0	0	0	0	0	530	0	0	0	0	0	1062	0	0	0	0	0	308	0	2086	0	140	0	0	0	0	0	5098	0	1324	0	0	0	0	0	0	0	0	0	0	0	0	0	0	0	2252	0	0	0	0	0	0	0	0	0	0	0	0	0	0	0	0	0	268	0	0	0	0	0	0	0	0	0	1022	0	0	0	550	0	1460	0	0	0	0	0	0	0	0	0	0	0	0	0	0	0	0	0	0	0	0	0	0	0	0	0	0	0	
52788	Amygdala_R	0	0	0	0	0	0	0	0	0	0	0	0	0	0	0	178	0	0	0	0	0	524	0	0	0	0	0	0	0	1052	0	0	0	0	0	0	0	8148	0	5252	0	0	0	0	0	0	0	0	0	0	0	0	0	0	0	5972	0	0	0	0	0	0	0	0	0	0	0	0	0	0	0	0	0	1934	0	0	0	0	0	0	0	0	0	2160	0	0	0	400	0	684	0	0	0	0	0	0	0	90	0	0	0	0	0	0	0	0	0	0	0	0	0	0	0	0	0	0	
286600	Calcarine_L	1154	0	0	0	0	0	96	0	0	0	0	0	0	0	0	0	250	0	0	0	0	0	0	0	0	0	0	0	548	0	0	0	260	286	6232	162	5136	0	1784	0	0	0	0	9862	16664	5604	19542	4168	10562	770	23192	128	6852	0	1378	144	622	0	684	0	446	0	0	0	230	0	14170	658	226	0	0	0	138	0	0	0	104	0	1160	0	558	0	0	0	5710	0	0	0	2516	0	164	0	0	0	0	0	214	0	78	0	0	0	0	0	0	0	0	0	0	0	848	0	0	0	0	0	
413632	Calcarine_R	0	2590	160	0	0	0	0	76	0	0	0	0	0	0	0	0	0	472	216	246	0	0	0	0	0	0	0	0	0	504	0	0	0	2452	0	1040	0	466	0	294	0	0	9862	0	7582	38386	1752	26528	122	26616	98	12788	0	6468	0	8718	0	4712	0	854	0	3664	0	778	0	4796	9366	23622	0	5088	0	0	0	0	0	0	0	234	0	0	0	282	0	0	0	3472	0	0	0	2090	0	0	0	0	0	0	0	0	0	144	0	0	0	0	0	0	0	0	0	0	278	0	0	0	0	0	
246884	Cuneus_L	1034	0	0	0	0	0	0	0	0	0	0	0	0	0	0	0	0	0	112	0	0	0	0	0	0	0	0	0	0	0	0	0	1054	604	1516	924	146	98	0	0	0	0	16664	7582	0	10544	6280	1074	28136	1120	16562	124	1198	0	422	106	1012	0	5826	0	478	0	180	0	680	0	12294	3718	888	0	0	0	0	0	0	0	0	0	0	0	270	0	0	0	1668	0	0	0	808	0	0	0	0	0	0	0	0	0	0	0	0	0	0	0	0	0	0	0	0	0	320	0	0	0	0	0	
448288	Cuneus_R	0	2918	0	0	0	0	0	0	0	0	0	0	0	0	0	0	0	762	0	0	0	0	0	0	0	0	0	0	0	570	0	0	148	1536	0	186	0	0	0	0	0	0	5604	38386	10544	0	352	7984	700	46232	246	20110	0	1056	0	3490	0	8708	0	7360	0	3778	0	1492	0	3932	10556	33428	0	6622	0	0	0	0	0	0	0	0	0	126	0	352	0	0	0	6542	0	0	0	424	0	0	0	0	0	0	0	0	0	0	0	0	0	0	0	0	0	0	0	0	0	0	0	0	0	0	
330416	Lingual_L	188	0	0	0	0	0	0	0	0	0	0	0	0	0	0	0	0	0	0	0	0	0	0	0	0	0	0	0	150	0	0	0	0	0	1822	0	3572	0	3764	0	0	0	19542	1752	6280	352	0	2520	6362	0	24398	0	15848	0	19802	160	102	0	438	0	588	0	0	0	108	0	5582	0	0	0	0	0	0	0	0	0	142	0	218	0	184	0	0	0	2820	0	0	0	2478	0	8660	576	3440	634	184	140	8978	264	14252	806	356	132	386	268	114	138	0	0	80	260	1562	2278	2000	306	144	78	
361720	Lingual_R	186	528	0	0	0	0	0	0	0	0	0	0	0	0	0	0	0	0	0	148	0	0	0	0	0	0	0	0	0	0	0	0	0	2112	194	5750	136	4022	0	6496	0	0	4168	26528	1074	7984	2520	0	0	8384	0	5412	128	6482	292	24090	0	526	0	0	0	120	0	0	0	202	2784	11192	0	1166	0	0	0	0	0	0	164	1404	0	0	0	0	0	0	0	544	0	0	0	1022	3360	5092	608	446	0	278	972	5814	4440	12936	0	0	84	210	132	110	0	0	0	746	8128	6894	4284	346	222	0	
355996	Occipital_Sup_L	350	0	0	0	0	0	0	0	0	0	0	0	0	0	0	0	394	0	0	0	0	0	0	0	0	0	0	0	0	0	0	0	2434	1150	416	580	0	0	0	0	0	0	10562	122	28136	700	6362	0	0	0	51552	0	5968	0	716	0	586	0	19100	0	7432	0	1970	0	7680	0	11748	1998	482	0	0	0	0	0	0	0	0	0	0	0	2716	0	0	0	10084	0	0	0	4680	0	80	0	0	0	0	0	0	0	0	0	0	0	0	0	0	0	0	0	0	0	0	0	0	0	0	0	
390848	Occipital_Sup_R	0	1038	0	0	0	0	0	0	0	0	0	0	0	0	0	0	0	648	0	0	0	0	0	0	0	0	0	0	0	624	0	0	0	752	0	0	0	0	0	0	0	0	770	26616	1120	46232	0	8384	0	0	0	34822	0	3678	0	3952	0	2236	0	10090	0	4566	0	1926	0	10366	6340	22910	0	972	0	0	0	0	0	0	0	0	0	114	0	268	0	0	0	6702	0	0	0	298	0	0	0	0	0	0	0	0	0	0	0	0	0	0	0	0	0	0	0	0	0	0	0	0	0	0	
595436	Occipital_Mid_L	1198	0	92	0	0	0	138	0	0	0	0	0	0	0	0	0	1072	0	106	0	0	0	0	0	0	0	0	0	284	0	0	0	2490	236	482	156	736	0	766	0	0	0	23192	98	16562	246	24398	0	51552	0	0	0	32722	0	9400	0	5652	0	22482	0	16634	0	3162	0	21614	0	10498	440	896	0	0	0	0	0	0	0	0	0	1512	0	5270	0	0	0	30296	0	0	0	10574	0	1074	0	492	0	0	0	0	0	886	0	0	0	0	0	0	0	0	0	0	0	0	190	120	0	0	0	
285908	Occipital_Mid_R	0	2008	88	0	0	0	0	112	0	0	0	0	0	0	0	0	0	444	108	0	0	0	0	0	0	0	0	0	0	428	0	0	0	314	0	0	0	0	0	0	0	0	128	12788	124	20110	0	5412	0	34822	0	0	0	5282	0	4492	0	2108	0	2818	0	3910	0	1818	0	13144	1528	11492	0	576	0	0	0	0	0	0	0	0	0	112	0	368	0	0	0	17516	0	0	0	904	0	0	0	0	0	0	0	0	0	0	0	0	0	0	0	0	0	0	0	0	0	0	0	0	0	0	
203336	Occipital_Inf_L	94	0	0	0	0	0	0	0	0	0	0	0	0	0	0	0	0	0	0	0	0	0	0	0	0	0	0	0	192	0	0	0	0	0	0	0	782	0	634	0	0	0	6852	0	1198	0	15848	128	5968	0	32722	0	0	0	13214	0	166	0	622	0	654	0	238	0	382	0	1066	0	0	0	0	0	0	0	0	0	0	0	246	0	368	0	0	0	5688	0	0	0	5278	0	3618	82	1906	148	0	0	0	0	2762	108	0	0	0	0	0	0	0	0	0	0	0	326	378	0	0	0	
95024	Occipital_Inf_R	76	250	88	0	0	0	0	0	0	0	0	0	0	0	0	0	0	0	94	0	0	0	0	0	0	0	0	0	0	88	0	0	0	100	0	0	0	560	0	380	0	0	0	6468	0	1056	0	6482	0	3678	0	5282	0	0	0	9232	0	150	0	0	0	270	0	84	0	1042	260	2172	0	104	0	0	0	0	0	0	0	0	0	0	0	0	0	0	0	2820	0	0	0	5360	90	142	0	0	0	0	0	106	0	536	0	0	0	0	0	0	0	0	0	0	128	258	156	0	0	0	
293736	Fusiform_L	224	0	452	0	0	0	0	0	0	0	160	0	104	0	0	0	306	0	418	0	0	0	0	0	0	0	0	0	5878	0	0	0	0	0	78	0	11910	0	3178	0	2252	0	1378	0	422	0	19802	292	716	0	9400	0	13214	0	0	0	0	0	0	0	0	0	0	0	0	0	438	0	0	0	0	0	1876	0	0	0	0	0	92	0	1696	0	950	0	1008	0	224	0	16150	0	17018	162	2840	316	0	0	9910	0	20940	198	0	98	88	194	0	0	0	0	0	0	416	1006	892	172	0	0	
393072	Fusiform_R	366	418	104	554	0	0	0	622	0	0	0	458	0	162	0	688	0	378	204	158	0	194	88	234	0	0	0	0	0	2676	0	0	0	200	0	326	92	25378	0	17746	0	5972	144	8718	106	3490	160	24090	0	3952	0	4492	0	9232	0	0	0	186	0	0	0	288	0	526	0	552	552	2568	0	114	0	0	0	8260	0	704	368	876	0	152	0	1272	0	5434	0	3118	0	1958	0	12508	438	12754	130	572	0	378	152	8300	516	15114	0	252	0	798	0	0	0	0	0	616	2516	1758	1404	0	0	0	
276640	Postcentral_L	24722	546	1962	80	0	0	2214	0	0	0	2336	0	336	0	0	0	13518	0	5878	938	0	0	0	0	0	0	0	0	4312	0	0	0	0	600	1516	200	874	126	0	0	0	0	622	0	1012	0	102	0	586	0	5652	0	166	0	0	0	0	0	7116	0	21706	0	11546	0	3404	0	3926	0	7642	0	232	0	1154	0	250	0	760	0	2918	0	7660	0	0	0	1428	0	0	0	280	0	0	0	0	0	0	0	0	0	0	0	0	0	0	0	0	0	0	0	0	0	0	0	0	0	0	0	
226696	Postcentral_R	334	17554	392	878	0	0	180	702	0	0	0	1502	0	0	0	0	0	4244	426	620	0	0	0	0	0	0	0	0	0	1938	0	0	110	2898	370	964	0	204	0	174	0	0	0	4712	0	8708	0	526	0	2236	0	2108	0	150	0	186	0	0	0	6762	0	12428	0	8948	0	2220	234	16258	330	9424	0	0	0	668	0	0	820	0	0	184	0	262	0	0	0	2378	0	0	0	100	0	0	0	0	0	0	0	0	0	0	0	0	0	0	0	0	0	0	0	0	216	0	0	0	0	0	
211096	Parietal_Sup_L	110	0	0	0	0	0	0	0	0	0	0	0	0	0	0	0	1484	0	0	0	0	0	0	0	0	0	0	0	0	0	0	0	1446	0	78	0	0	0	0	0	0	0	684	0	5826	0	438	0	19100	0	22482	0	622	0	0	0	7116	0	0	0	13870	0	1402	0	7832	0	13212	0	126	0	0	0	0	0	0	0	0	0	0	0	2502	0	0	0	4244	0	0	0	2974	0	0	0	0	0	0	0	0	0	0	0	0	0	0	0	0	0	0	0	0	0	0	0	0	0	0	0	
106204	Parietal_Sup_R	0	608	0	368	0	0	0	198	0	0	0	0	0	0	0	0	0	158	0	0	0	0	0	0	0	0	0	0	0	104	0	0	0	0	0	0	0	0	0	0	0	0	0	854	0	7360	0	0	0	10090	0	2818	0	0	0	0	0	6762	0	0	0	8446	0	2158	0	3128	114	9362	0	420	0	0	0	0	0	0	0	0	0	0	0	0	0	0	0	154	0	0	0	0	0	0	0	0	0	0	0	0	0	0	0	0	0	0	0	0	0	0	0	0	0	0	0	0	0	0	
197624	Parietal_Inf_L	1056	0	118	0	0	0	990	0	0	0	0	0	0	0	0	0	796	0	160	0	0	0	0	0	0	0	0	0	566	0	0	0	200	0	110	0	0	0	0	0	0	0	446	0	478	0	588	0	7432	0	16634	0	654	0	0	0	21706	0	13870	0	0	0	8882	0	15228	0	3030	0	1028	0	0	0	0	0	0	0	0	0	240	0	1028	0	0	0	2362	0	0	0	1210	0	0	0	0	0	0	0	0	0	0	0	0	0	0	0	0	0	0	0	0	0	0	0	0	0	0	0	
160944	Parietal_Inf_R	160	2408	432	1216	0	0	158	624	0	0	0	80	0	0	0	0	0	472	448	206	0	0	0	0	0	0	0	0	0	290	0	0	112	462	0	0	0	0	0	0	0	0	0	3664	0	3778	0	120	0	4566	0	3910	0	270	0	288	0	12428	0	8446	0	0	0	12836	0	13258	182	5566	78	748	100	0	0	0	0	0	476	0	0	0	0	140	0	0	0	2048	0	0	0	502	0	0	0	0	0	0	0	0	0	0	0	0	0	0	0	0	0	0	0	0	0	0	0	0	0	0	
114260	SupraMarginal_L	684	0	0	0	0	0	96	0	0	0	0	0	0	0	0	0	2720	0	0	0	0	0	0	0	0	0	0	0	200	0	0	0	0	0	0	0	0	0	0	0	0	0	0	0	180	0	0	0	1970	0	3162	0	238	0	0	0	11546	0	1402	0	8882	0	0	0	7286	0	540	0	0	0	0	0	0	0	0	0	0	0	190	0	9672	0	0	0	7730	0	0	0	632	0	0	0	0	0	0	0	0	0	0	0	0	0	0	0	0	0	0	0	0	0	0	0	0	0	0	0	
97832	SupraMarginal_R	122	1972	434	1020	0	0	172	490	0	0	0	90	0	0	0	0	0	1814	500	0	0	0	0	0	0	0	0	0	0	170	0	0	124	86	0	0	0	0	0	0	0	0	0	778	0	1492	0	0	0	1926	0	1818	0	84	0	526	0	8948	0	2158	0	12836	0	0	0	4698	0	2196	0	252	104	78	0	0	0	0	576	0	0	324	0	2318	0	0	0	630	0	0	0	180	0	0	0	0	0	0	0	0	0	0	0	0	0	0	0	0	0	0	0	0	0	0	0	0	0	0	
163832	Angular_L	98	0	0	0	0	0	0	0	0	0	0	0	0	0	0	0	168	0	0	0	0	0	0	0	0	0	0	0	0	0	0	0	132	0	84	0	0	0	0	0	0	0	230	0	680	0	108	0	7680	0	21614	0	382	0	0	0	3404	0	7832	0	15228	0	7286	0	0	0	1566	0	272	0	0	0	0	0	0	0	0	0	0	0	4526	0	0	0	9580	0	0	0	1046	0	0	0	0	0	0	0	0	0	0	0	0	0	0	0	0	0	0	0	0	0	0	0	0	0	0	0	
150028	Angular_R	0	428	0	0	0	0	0	0	0	0	0	0	0	0	0	0	0	304	0	0	0	0	0	0	0	0	0	0	0	198	0	0	0	218	0	0	0	0	0	0	0	0	0	4796	0	3932	0	202	0	10366	0	13144	0	1042	0	552	0	2220	0	3128	0	13258	0	4698	0	0	338	4570	0	388	0	0	0	0	0	0	0	0	0	0	0	2700	0	0	0	7902	0	0	0	630	0	0	0	0	0	0	0	0	0	0	0	0	0	0	0	0	0	0	0	0	0	0	0	0	0	0	
321784	Precuneus_L	1964	160	0	0	0	0	0	0	0	0	0	0	0	0	0	0	650	0	0	284	0	0	0	0	0	0	0	0	360	0	0	0	4666	2300	8980	2994	5166	80	1764	0	0	0	14170	9366	12294	10556	5582	2784	11748	6340	10498	1528	1066	260	438	552	3926	234	13212	114	3030	182	540	0	1566	338	0	9698	2154	646	0	0	0	0	0	0	84	0	540	0	1266	0	0	0	3290	292	0	0	2224	0	0	0	0	0	0	0	282	0	0	0	0	0	0	0	0	0	0	0	0	0	724	0	0	0	0	0	
462304	Precuneus_R	438	5128	0	100	0	0	0	0	0	0	0	0	0	0	0	0	0	824	134	858	0	0	0	0	0	0	0	0	0	612	0	0	1634	9952	2568	12028	212	3422	0	2626	0	0	658	23622	3718	33428	0	11192	1998	22910	440	11492	0	2172	0	2568	0	16258	0	9362	0	5566	0	2196	0	4570	9698	0	238	15020	0	0	80	0	0	0	320	1832	0	168	0	430	0	0	0	5352	0	0	0	1150	0	0	0	0	0	0	0	80	0	0	0	0	0	0	0	0	0	0	0	0	4098	0	0	0	0	0	
368352	Paracentral_Lobule_L	32106	4684	9210	3332	0	0	1030	0	0	0	324	0	0	0	0	0	3638	0	40342	11834	0	0	0	0	0	0	0	0	2640	0	0	0	3232	8828	5844	3430	1380	466	76	0	0	0	226	0	888	0	0	0	482	0	896	0	0	0	0	0	7642	330	126	0	1028	78	0	0	272	0	2154	238	0	4530	5622	500	6998	0	4598	0	11312	1106	850	0	1508	0	0	0	310	0	0	0	86	0	0	0	0	0	0	0	0	0	0	0	0	0	0	0	0	0	0	0	0	0	0	0	0	0	0	0	
190300	Paracentral_Lobule_R	2422	10198	0	0	0	0	0	0	0	0	0	0	0	0	0	0	0	90	2528	12232	0	0	0	0	0	0	0	0	0	0	0	0	858	14370	736	3400	0	292	0	220	0	0	0	5088	0	6622	0	1166	0	972	0	576	0	104	0	114	0	9424	0	420	0	748	0	252	0	388	646	15020	4530	0	0	0	0	0	0	0	0	436	0	0	0	116	0	0	0	632	0	0	0	108	0	0	0	0	0	0	0	0	0	0	0	0	0	0	0	0	0	0	0	0	442	0	0	0	0	0	
219320	Caudate_L	5918	1372	14574	648	336	0	6860	586	0	0	2678	212	676	0	160	0	2040	0	12840	214	4222	5936	208	0	152	0	2368	194	2500	86	6326	1890	0	78	0	0	258	0	0	0	0	0	0	0	0	0	0	0	0	0	0	0	0	0	0	0	232	0	0	0	0	100	0	104	0	0	0	0	5622	0	0	7546	13824	828	1502	0	5222	92	104	0	408	0	530	0	136	0	0	0	78	0	0	0	0	0	0	0	0	0	0	0	0	0	0	0	0	0	0	0	0	0	0	0	0	0	0	0	
312372	Caudate_R	3396	12016	2188	21772	98	1032	3102	1336	0	0	1514	698	588	376	172	434	560	350	2796	13194	1974	5070	146	3924	176	2242	1250	2186	1508	1788	4432	20430	150	568	0	0	0	0	0	0	0	0	0	0	0	0	0	0	0	0	0	0	0	0	0	0	0	0	0	0	0	0	0	78	0	0	0	0	500	0	7546	0	3344	14836	0	2592	0	15824	0	0	0	0	0	0	0	0	0	0	0	0	0	0	0	0	0	0	0	0	0	0	0	0	0	0	0	0	0	0	0	0	0	0	0	0	0	0	
238148	Putamen_L	6740	152	9834	350	0	0	2344	128	0	0	1902	0	902	0	850	0	2024	0	13064	116	1294	2218	922	0	0	0	0	150	16538	0	9512	1418	0	0	576	448	6906	368	638	0	268	0	138	0	0	0	0	0	0	0	0	0	0	0	1876	0	1154	0	0	0	0	0	0	0	0	0	0	80	6998	0	13824	3344	0	270	4632	0	2886	154	384	0	1000	0	676	0	0	0	0	0	1892	0	0	0	0	0	0	0	0	0	0	0	0	0	0	0	0	0	0	0	0	0	104	0	0	0	0	0	
240640	Putamen_R	238	2642	496	9214	0	576	292	3122	0	0	0	3986	0	1016	0	2388	0	2616	1240	3978	0	1030	324	3050	76	1048	0	648	0	19748	2202	11182	0	528	0	0	0	12676	0	2970	0	1934	0	0	0	0	0	0	0	0	0	0	0	0	0	8260	0	668	0	0	0	0	0	0	0	0	0	0	0	0	828	14836	270	0	0	2988	134	300	0	160	0	296	0	156	0	0	0	0	0	2204	0	0	0	0	0	0	0	0	0	0	0	0	0	0	0	0	0	0	0	0	0	0	0	0	0	0	
42728	Pallidum_L	2010	0	1150	0	0	0	180	0	0	0	0	0	0	0	0	0	162	0	4574	0	0	0	0	0	0	0	0	0	86	0	0	0	0	0	0	0	784	0	0	0	0	0	0	0	0	0	0	0	0	0	0	0	0	0	0	0	250	0	0	0	0	0	0	0	0	0	0	0	4598	0	1502	0	4632	0	0	0	1338	0	0	0	98	0	0	0	0	0	0	0	0	0	0	0	0	0	0	0	0	0	0	0	0	0	0	0	0	0	0	0	0	0	0	0	0	0	0	0	
25928	Pallidum_R	168	236	0	2276	0	0	122	288	0	0	0	0	0	0	0	0	0	0	360	2100	0	0	0	0	0	0	0	0	0	142	0	0	0	0	0	0	0	764	0	224	0	0	0	0	0	0	0	0	0	0	0	0	0	0	0	704	0	0	0	0	0	0	0	0	0	0	0	0	0	0	0	2592	0	2988	0	0	0	0	0	0	0	0	0	0	0	0	0	0	0	0	0	0	0	0	0	0	0	0	0	0	0	0	0	0	0	0	0	0	0	0	0	0	0	0	0	0	
178052	Thalamus_L	19002	1606	7154	276	0	0	4926	0	0	0	370	0	86	0	0	0	162	0	9556	168	0	0	0	0	0	0	0	0	2560	98	0	0	0	96	1350	3902	4738	3062	94	1010	0	0	104	0	0	0	142	164	0	0	0	0	0	0	0	368	760	820	0	0	0	476	0	576	0	0	84	320	11312	0	5222	0	2886	134	1338	0	0	3092	158	0	404	0	0	0	254	0	0	0	120	0	0	0	0	0	0	0	0	0	0	0	0	0	0	0	0	0	0	0	0	0	76	0	0	0	0	0	
190640	Thalamus_R	4142	23302	236	17446	0	0	366	714	0	0	202	0	0	0	0	0	0	0	730	7420	0	0	0	0	0	0	0	0	102	76	0	164	0	1546	468	3178	680	6166	0	2222	0	0	0	234	0	0	0	1404	0	0	0	0	0	0	0	876	0	0	0	0	0	0	0	0	0	0	0	1832	1106	436	92	15824	154	300	0	0	3092	0	0	0	0	0	0	0	0	0	0	0	0	0	0	0	0	0	0	0	0	0	0	0	0	0	0	0	0	0	0	0	0	0	810	0	0	0	0	0	
74284	Heschl_L	2788	0	460	0	0	0	466	0	0	0	264	0	130	0	0	0	3944	0	1084	0	0	0	0	0	0	0	0	0	7564	0	0	0	0	0	494	0	1840	0	254	0	0	0	1160	0	0	0	218	0	0	0	1512	0	246	0	92	0	2918	0	0	0	240	0	190	0	0	0	540	0	850	0	104	0	384	0	0	0	158	0	0	0	3154	0	0	0	3786	0	0	0	2174	0	0	0	0	0	0	0	0	0	0	0	0	0	0	0	0	0	0	0	0	0	128	0	0	0	0	0	
22480	Heschl_R	0	132	0	294	0	0	0	0	0	0	0	78	0	0	0	0	0	2042	0	0	0	0	0	0	0	0	0	0	0	1776	0	0	0	0	0	0	0	658	0	76	0	0	0	0	0	126	0	0	0	114	0	112	0	0	0	152	0	184	0	0	0	0	0	324	0	0	0	168	0	0	0	0	0	160	0	0	0	0	0	0	0	3796	0	180	0	662	0	0	0	206	0	0	0	0	0	0	0	0	0	0	0	0	0	0	0	0	0	0	0	0	0	0	0	0	0	0	
266684	Temporal_Sup_L	4488	0	2486	0	0	0	494	0	0	0	4338	0	652	0	0	0	13244	0	2574	0	0	0	0	0	0	0	0	0	9286	0	112	0	136	0	246	0	2644	0	0	0	0	0	558	0	270	0	184	0	2716	0	5270	0	368	0	1696	0	7660	0	2502	0	1028	0	9672	0	4526	0	1266	0	1508	0	408	0	1000	0	98	0	404	0	3154	0	0	0	4674	0	26416	0	0	0	17264	0	0	0	0	0	0	0	0	0	0	0	0	0	0	0	0	0	0	0	0	0	0	0	0	0	0	0	
75092	Temporal_Sup_R	0	228	88	228	0	0	0	0	0	0	0	0	0	0	0	136	0	1546	94	172	0	0	0	0	0	0	0	0	0	2692	0	0	0	0	0	0	0	832	0	100	0	0	0	282	0	352	0	0	0	268	0	368	0	0	0	1272	0	262	0	0	0	140	0	2318	0	2700	0	430	0	116	0	0	0	296	0	0	0	0	0	3796	0	0	0	3368	0	10344	0	194	0	4924	0	0	0	0	0	0	0	0	0	0	0	0	0	0	0	0	0	0	0	0	0	0	0	0	0	0	
79780	Temporal_Pole_Sup_L	446	0	842	0	0	0	332	0	0	0	3390	0	454	0	770	0	3602	0	584	0	262	0	0	0	0	0	0	0	3206	0	152	0	0	0	0	0	1544	0	998	0	1022	0	0	0	0	0	0	0	0	0	0	0	0	0	950	0	0	0	0	0	0	0	0	0	0	0	0	0	0	0	530	0	676	0	0	0	0	0	0	0	4674	0	0	0	5382	0	4374	0	5700	0	0	0	0	0	0	0	0	0	0	0	0	0	0	0	0	0	0	0	0	0	0	0	0	0	0	0	
63740	Temporal_Pole_Sup_R	0	0	0	610	0	0	0	92	0	0	0	752	0	0	0	1308	0	1532	0	364	0	0	0	0	0	0	0	0	0	1714	0	178	0	130	0	0	0	902	0	1670	0	2160	0	0	0	0	0	0	0	0	0	0	0	0	0	5434	0	0	0	0	0	0	0	0	0	0	0	0	0	0	0	0	0	156	0	0	0	0	0	180	0	3368	0	0	0	3262	0	4818	0	3240	0	0	0	0	0	0	0	0	0	0	0	0	0	0	0	0	0	0	0	0	0	0	0	0	0	0	
325228	Temporal_Mid_L	400	0	168	0	0	0	154	0	0	0	0	0	0	0	0	0	942	0	178	0	0	0	0	0	0	0	0	0	2030	0	0	0	240	0	386	0	1790	0	354	0	0	0	5710	0	1668	0	2820	0	10084	0	30296	0	5688	0	1008	0	1428	0	4244	0	2362	0	7730	0	9580	0	3290	0	310	0	136	0	0	0	0	0	254	0	3786	0	26416	0	5382	0	0	0	2952	0	30828	0	0	0	0	0	0	0	0	0	0	0	0	0	0	0	0	0	0	0	0	0	0	0	0	0	0	0	
185696	Temporal_Mid_R	0	2546	118	0	0	0	0	132	0	0	0	0	0	0	0	0	0	242	150	0	0	0	0	0	0	0	0	0	0	1656	0	0	0	232	0	0	0	376	0	100	0	0	0	3472	0	6542	0	544	0	6702	0	17516	0	2820	0	3118	0	2378	0	154	0	2048	0	630	0	7902	292	5352	0	632	0	0	0	0	0	0	0	0	0	662	0	10344	0	3262	0	0	0	882	0	12044	0	0	0	0	0	0	0	0	0	0	0	0	0	0	0	0	0	0	0	0	0	0	0	0	0	0	
26008	Temporal_Pole_Mid_L	0	0	0	0	0	0	0	0	0	0	0	0	0	0	0	0	0	0	0	0	0	0	0	0	0	0	0	0	0	0	0	0	0	0	0	0	300	0	846	0	550	0	0	0	0	0	0	0	0	0	0	0	0	0	224	0	0	0	0	0	0	0	0	0	0	0	0	0	0	0	0	0	0	0	0	0	0	0	0	0	0	0	4374	0	2952	0	0	0	3758	0	0	0	0	0	0	0	0	0	0	0	0	0	0	0	0	0	0	0	0	0	0	0	0	0	0	0	
22844	Temporal_Pole_Mid_R	0	0	0	0	0	0	0	0	0	0	0	0	0	0	0	0	0	0	0	0	0	0	0	0	0	0	0	0	0	0	0	0	0	0	0	0	0	0	0	784	0	400	0	0	0	0	0	0	0	0	0	0	0	0	0	1958	0	0	0	0	0	0	0	0	0	0	0	0	0	0	0	0	0	0	0	0	0	0	0	0	0	194	0	4818	0	882	0	0	0	2386	0	0	0	0	0	0	0	0	0	0	0	0	0	0	0	0	0	0	0	0	0	0	0	0	0	0	
277308	Temporal_Inf_L	268	0	518	0	0	0	0	0	0	0	164	0	104	0	0	0	890	0	472	0	0	0	0	0	0	0	0	0	7756	0	0	0	156	0	256	0	11686	0	1404	0	1460	0	2516	0	808	0	2478	0	4680	0	10574	0	5278	0	16150	0	280	0	2974	0	1210	0	632	0	1046	0	2224	0	86	0	78	0	1892	0	0	0	120	0	2174	0	17264	0	5700	0	30828	0	3758	0	0	0	504	0	0	0	0	0	82	0	184	0	0	0	0	0	0	0	0	0	0	0	0	0	0	0	0	0	
136564	Temporal_Inf_R	88	264	114	0	0	0	0	0	0	0	0	146	0	0	0	112	0	126	120	0	0	96	0	0	0	0	0	0	0	976	0	0	0	0	0	0	0	8312	0	2894	0	684	0	2090	0	424	0	1022	0	298	0	904	0	5360	0	12508	0	100	0	0	0	502	0	180	0	630	0	1150	0	108	0	0	0	2204	0	0	0	0	0	206	0	4924	0	3240	0	12044	0	2386	0	0	0	2128	0	300	0	0	0	202	0	488	0	226	0	726	0	0	0	0	0	0	0	0	0	0	0	0	
418728	Cerebelum_Crus1_L	0	0	0	0	0	0	0	0	0	0	0	0	0	0	0	0	0	0	0	0	0	0	0	0	0	0	0	0	0	0	0	0	0	0	0	0	0	0	0	0	0	0	164	0	0	0	8660	3360	80	0	1074	0	3618	90	17018	438	0	0	0	0	0	0	0	0	0	0	0	0	0	0	0	0	0	0	0	0	0	0	0	0	0	0	0	0	0	0	0	0	504	0	0	1510	33076	1334	752	490	19974	712	53822	4320	13686	270	20698	670	2810	900	1206	80	0	0	792	4960	7466	2554	2146	130	
321852	Cerebelum_Crus1_R	0	0	0	0	0	0	0	0	0	0	0	0	0	0	0	0	0	0	0	0	0	0	0	0	0	0	0	0	0	0	0	0	0	0	0	0	0	0	0	0	0	0	0	0	0	0	576	5092	0	0	0	0	82	142	162	12754	0	0	0	0	0	0	0	0	0	0	0	0	0	0	0	0	0	0	0	0	0	0	0	0	0	0	0	0	0	0	0	0	0	2128	1510	0	2520	27600	0	2916	102	14932	1472	41550	162	7508	214	16224	0	1294	0	520	82	1156	2400	2040	11826	2406	1556	0	
357160	Cerebelum_Crus2_L	0	0	0	0	0	0	0	0	0	0	0	0	0	0	0	0	0	0	0	0	0	0	0	0	0	0	0	0	0	0	0	0	0	0	0	0	0	0	0	0	0	0	0	0	0	0	3440	608	0	0	492	0	1906	0	2840	130	0	0	0	0	0	0	0	0	0	0	0	0	0	0	0	0	0	0	0	0	0	0	0	0	0	0	0	0	0	0	0	0	0	0	33076	2520	0	6450	188	310	2402	426	10528	1572	41724	4156	40596	3684	5566	542	596	0	0	0	250	954	6048	5988	1502	86	
243976	Cerebelum_Crus2_R	0	0	0	0	0	0	0	0	0	0	0	0	0	0	0	0	0	0	0	0	0	0	0	0	0	0	0	0	0	0	0	0	0	0	0	0	0	0	0	0	0	0	0	0	0	0	634	446	0	0	0	0	148	0	316	572	0	0	0	0	0	0	0	0	0	0	0	0	0	0	0	0	0	0	0	0	0	0	0	0	0	0	0	0	0	0	0	0	0	300	1334	27600	6450	0	0	424	0	774	1108	4470	2850	23006	2768	27596	106	3656	0	1638	0	0	0	498	8764	4788	1742	0	
20856	Cerebelum_3_L	0	0	0	0	0	0	0	0	0	0	0	0	0	0	0	0	0	0	0	0	0	0	0	0	0	0	0	0	0	0	0	0	0	0	0	0	92	0	220	0	0	0	0	0	0	0	184	0	0	0	0	0	0	0	0	0	0	0	0	0	0	0	0	0	0	0	0	0	0	0	0	0	0	0	0	0	0	0	0	0	0	0	0	0	0	0	0	0	0	0	752	0	188	0	0	0	4464	220	1272	152	222	0	238	0	0	0	0	0	458	1196	680	90	0	0	0	0	
49876	Cerebelum_3_R	0	0	0	0	0	0	0	0	0	0	0	0	0	0	0	0	0	0	0	0	0	0	0	0	0	0	0	0	0	0	0	0	0	0	0	0	0	0	0	186	0	0	0	0	0	0	140	278	0	0	0	0	0	0	0	378	0	0	0	0	0	0	0	0	0	0	0	0	0	0	0	0	0	0	0	0	0	0	0	0	0	0	0	0	0	0	0	0	0	0	490	2916	310	424	0	0	202	5582	276	4908	0	0	0	402	0	772	0	0	474	2090	254	644	1682	1212	1318	0	
205108	Cerebelum_4_5_L	0	0	0	0	0	0	0	0	0	0	0	0	0	0	0	0	0	0	0	0	0	0	0	0	0	0	0	0	0	0	0	0	0	0	78	0	420	0	694	0	0	0	214	0	0	0	8978	972	0	0	0	0	0	0	9910	152	0	0	0	0	0	0	0	0	0	0	282	0	0	0	0	0	0	0	0	0	0	0	0	0	0	0	0	0	0	0	0	0	82	0	19974	102	2402	0	4464	202	0	1666	29802	1594	2576	0	3032	0	1132	644	288	0	264	1226	6800	2398	0	532	986	688	
182660	Cerebelum_4_5_R	0	0	0	0	0	0	0	0	0	0	0	0	0	0	0	0	0	0	0	0	0	0	0	0	0	0	0	0	0	0	0	0	0	0	0	0	0	626	0	1418	0	90	0	0	0	0	264	5814	0	0	0	0	0	106	0	8300	0	0	0	0	0	0	0	0	0	0	0	80	0	0	0	0	0	0	0	0	0	0	0	0	0	0	0	0	0	0	0	0	0	202	712	14932	426	774	220	5582	1666	0	802	25424	198	0	246	648	114	1618	0	0	168	3456	9196	1570	2326	2038	2160	154	
387168	Cerebelum_6_L	0	0	0	0	0	0	0	0	0	0	0	0	0	0	0	0	0	0	0	0	0	0	0	0	0	0	0	0	0	0	0	0	0	0	0	0	0	0	0	0	0	0	78	0	0	0	14252	4440	0	0	886	0	2762	0	20940	516	0	0	0	0	0	0	0	0	0	0	0	0	0	0	0	0	0	0	0	0	0	0	0	0	0	0	0	0	0	0	0	0	184	0	53822	1472	10528	1108	1272	276	29802	802	0	4812	6502	214	9854	536	2934	968	1884	0	180	342	3488	7650	6484	2166	2120	310	
320308	Cerebelum_6_R	0	0	0	0	0	0	0	0	0	0	0	0	0	0	0	0	0	0	0	0	0	0	0	0	0	0	0	0	0	0	0	0	0	0	0	0	0	0	0	120	0	0	0	144	0	0	806	12936	0	0	0	0	108	536	198	15114	0	0	0	0	0	0	0	0	0	0	0	0	0	0	0	0	0	0	0	0	0	0	0	0	0	0	0	0	0	0	0	0	0	488	4320	41550	1572	4470	152	4908	1594	25424	4812	0	248	76	380	3236	170	520	0	496	284	2824	8398	9076	10998	2320	1876	0	
277832	Cerebelum_7b_L	0	0	0	0	0	0	0	0	0	0	0	0	0	0	0	0	0	0	0	0	0	0	0	0	0	0	0	0	0	0	0	0	0	0	0	0	0	0	0	0	0	0	0	0	0	0	356	0	0	0	0	0	0	0	0	0	0	0	0	0	0	0	0	0	0	0	0	0	0	0	0	0	0	0	0	0	0	0	0	0	0	0	0	0	0	0	0	0	0	0	13686	162	41724	2850	222	0	2576	198	6502	248	0	3694	44430	5314	5640	114	592	0	0	0	216	110	2042	7770	470	0	
173464	Cerebelum_7b_R	0	0	0	0	0	0	0	0	0	0	0	0	0	0	0	0	0	0	0	0	0	0	0	0	0	0	0	0	0	0	0	0	0	0	0	0	0	0	0	0	0	0	0	0	0	0	132	0	0	0	0	0	0	0	98	252	0	0	0	0	0	0	0	0	0	0	0	0	0	0	0	0	0	0	0	0	0	0	0	0	0	0	0	0	0	0	0	0	0	226	270	7508	4156	23006	0	0	0	0	214	76	3694	0	3768	29136	0	7148	0	334	0	0	0	84	2172	4376	82	0	
347428	Cerebelum_8_L	0	0	0	0	0	0	0	0	0	0	0	0	0	0	0	0	0	0	0	0	0	0	0	0	0	0	0	0	0	0	0	0	0	0	0	0	0	0	0	0	0	0	0	0	0	0	386	84	0	0	0	0	0	0	88	0	0	0	0	0	0	0	0	0	0	0	0	0	0	0	0	0	0	0	0	0	0	0	0	0	0	0	0	0	0	0	0	0	0	0	20698	214	40596	2768	238	0	3032	246	9854	380	44430	3768	0	7352	20472	638	1870	0	0	0	288	220	2998	11124	1970	0	
272852	Cerebelum_8_R	0	0	0	0	0	0	0	0	0	0	0	0	0	0	0	0	0	0	0	0	0	0	0	0	0	0	0	0	0	0	0	0	0	0	0	0	0	0	0	0	0	0	0	0	0	0	268	210	0	0	0	0	0	0	194	798	0	0	0	0	0	0	0	0	0	0	0	0	0	0	0	0	0	0	0	0	0	0	0	0	0	0	0	0	0	0	0	0	0	726	670	16224	3684	27596	0	402	0	648	536	3236	5314	29136	7352	0	1124	18320	0	2838	0	0	0	294	4714	10310	1832	0	
103848	Cerebelum_9_L	0	0	0	0	0	0	0	0	0	0	0	0	0	0	0	0	0	0	0	0	0	0	0	0	0	0	0	0	0	0	0	0	0	0	0	0	0	0	0	0	0	0	0	0	0	0	114	132	0	0	0	0	0	0	0	0	0	0	0	0	0	0	0	0	0	0	0	0	0	0	0	0	0	0	0	0	0	0	0	0	0	0	0	0	0	0	0	0	0	0	2810	0	5566	106	0	0	1132	114	2934	170	5640	0	20472	1124	0	1028	3138	0	0	0	882	1092	608	2258	2300	304	
119468	Cerebelum_9_R	0	0	0	0	0	0	0	0	0	0	0	0	0	0	0	0	0	0	0	0	0	0	0	0	0	0	0	0	0	0	0	0	0	0	0	0	0	0	0	0	0	0	0	0	0	0	138	110	0	0	0	0	0	0	0	0	0	0	0	0	0	0	0	0	0	0	0	0	0	0	0	0	0	0	0	0	0	0	0	0	0	0	0	0	0	0	0	0	0	0	900	1294	542	3656	0	772	644	1618	968	520	114	7148	638	18320	1028	0	76	2598	86	252	1094	1928	2732	4748	6120	1690	
19300	Cerebelum_10_L	0	0	0	0	0	0	0	0	0	0	0	0	0	0	0	0	0	0	0	0	0	0	0	0	0	0	0	0	0	0	0	0	0	0	0	0	0	0	0	0	0	0	0	0	0	0	0	0	0	0	0	0	0	0	0	0	0	0	0	0	0	0	0	0	0	0	0	0	0	0	0	0	0	0	0	0	0	0	0	0	0	0	0	0	0	0	0	0	0	0	1206	0	596	0	0	0	288	0	1884	0	592	0	1870	0	3138	76	0	0	0	0	0	0	0	0	0	0	
21420	Cerebelum_10_R	0	0	0	0	0	0	0	0	0	0	0	0	0	0	0	0	0	0	0	0	0	0	0	0	0	0	0	0	0	0	0	0	0	0	0	0	0	0	0	0	0	0	0	0	0	0	0	0	0	0	0	0	0	0	0	0	0	0	0	0	0	0	0	0	0	0	0	0	0	0	0	0	0	0	0	0	0	0	0	0	0	0	0	0	0	0	0	0	0	0	80	520	0	1638	0	0	0	0	0	496	0	334	0	2838	0	2598	0	0	0	0	0	126	714	710	656	0	
12020	Vermis_1_2	0	0	0	0	0	0	0	0	0	0	0	0	0	0	0	0	0	0	0	0	0	0	0	0	0	0	0	0	0	0	0	0	0	0	0	0	0	0	0	0	0	0	0	0	0	0	80	0	0	0	0	0	0	0	0	0	0	0	0	0	0	0	0	0	0	0	0	0	0	0	0	0	0	0	0	0	0	0	0	0	0	0	0	0	0	0	0	0	0	0	0	82	0	0	458	474	264	168	180	284	0	0	0	0	0	86	0	0	0	2838	636	236	0	0	100	124	
41868	Vermis_3	0	0	0	0	0	0	0	0	0	0	0	0	0	0	0	0	0	0	0	0	0	0	0	0	0	0	0	0	0	0	0	0	0	0	0	0	240	0	0	0	0	0	0	0	0	0	260	746	0	0	0	0	0	0	0	616	0	0	0	0	0	0	0	0	0	0	0	0	0	0	0	0	0	0	0	0	0	0	0	0	0	0	0	0	0	0	0	0	0	0	0	1156	0	0	1196	2090	1226	3456	342	2824	0	0	0	0	0	252	0	0	2838	0	2622	576	0	180	184	130	
153944	Vermis_4_5	366	220	0	0	0	0	0	0	0	0	0	0	0	0	0	0	0	0	0	86	0	0	0	0	0	0	0	0	216	0	0	0	0	1044	1226	3664	952	1358	0	844	0	0	848	278	320	0	1562	8128	0	0	0	0	0	128	416	2516	0	216	0	0	0	0	0	0	0	0	724	4098	0	442	0	0	104	0	0	0	76	810	128	0	0	0	0	0	0	0	0	0	0	0	792	2400	250	0	680	254	6800	9196	3488	8398	216	0	288	0	882	1094	0	0	636	2622	0	4128	174	1056	1744	1104	
127552	Vermis_6	0	0	0	0	0	0	0	0	0	0	0	0	0	0	0	0	0	0	0	0	0	0	0	0	0	0	0	0	0	0	0	0	0	0	0	0	0	0	0	0	0	0	0	0	0	0	2278	6894	0	0	190	0	326	258	1006	1758	0	0	0	0	0	0	0	0	0	0	0	0	0	0	0	0	0	0	0	0	0	0	0	0	0	0	0	0	0	0	0	0	0	0	4960	2040	954	498	90	644	2398	1570	7650	9076	110	84	220	294	1092	1928	0	126	236	576	4128	0	5374	2344	3366	1308	
199528	Vermis_7	0	0	0	0	0	0	0	0	0	0	0	0	0	0	0	0	0	0	0	0	0	0	0	0	0	0	0	0	0	0	0	0	0	0	0	0	0	0	0	0	0	0	0	0	0	0	2000	4284	0	0	120	0	378	156	892	1404	0	0	0	0	0	0	0	0	0	0	0	0	0	0	0	0	0	0	0	0	0	0	0	0	0	0	0	0	0	0	0	0	0	0	7466	11826	6048	8764	0	1682	0	2326	6484	10998	2042	2172	2998	4714	608	2732	0	714	0	0	174	5374	0	8118	5158	132	
