data	data	525988	261852	847436	601560	142840	79288	514452	180192	64080	23768	297880	145580	276052	130200	171876	74168	210192	124100	697760	768740	110276	87244	296268	338488	34804	67144	66948	61036	659128	294960	306636	363512	154284	531912	150508	177544	304420	328252	161904	242432	66256	63696	370796	331968	178684	234592	399156	422828	183520	229108	493028	183664	112756	50776	672408	579884	268956	241300	126548	127220	173820	127276	118796	128456	144596	136228	340400	485088	208212	243324	239284	338044	305080	373104	73448	28896	246560	186476	89628	29676	238920	109352	95448	59000	439104	225708	38372	16332	460492	208616	522864	409072	300288	251076	122944	67108	342168	335884	550500	456248	233660	129892	288908	282840	108236	113984	18192	8256	55036	110428	288216	242652	176496	132976	81480	49644	
data	data	Precentral_L	Precentral_R	Frontal_Sup_L	Frontal_Sup_R	Frontal_Sup_Orb_L	Frontal_Sup_Orb_R	Frontal_Mid_L	Frontal_Mid_R	Frontal_Mid_Orb_L	Frontal_Mid_Orb_R	Frontal_Inf_Oper_L	Frontal_Inf_Oper_R	Frontal_Inf_Tri_L	Frontal_Inf_Tri_R	Frontal_Inf_Orb_L	Frontal_Inf_Orb_R	Rolandic_Oper_L	Rolandic_Oper_R	Supp_Motor_Area_L	Supp_Motor_Area_R	Olfactory_L	Olfactory_R	Frontal_Sup_Medial_L	Frontal_Sup_Medial_R	Frontal_Med_Orb_L	Frontal_Med_Orb_R	Rectus_L	Rectus_R	Insula_L	Insula_R	Cingulum_Ant_L	Cingulum_Ant_R	Cingulum_Mid_L	Cingulum_Mid_R	Cingulum_Post_L	Cingulum_Post_R	Hippocampus_L	Hippocampus_R	ParaHippocampal_L	ParaHippocampal_R	Amygdala_L	Amygdala_R	Calcarine_L	Calcarine_R	Cuneus_L	Cuneus_R	Lingual_L	Lingual_R	Occipital_Sup_L	Occipital_Sup_R	Occipital_Mid_L	Occipital_Mid_R	Occipital_Inf_L	Occipital_Inf_R	Fusiform_L	Fusiform_R	Postcentral_L	Postcentral_R	Parietal_Sup_L	Parietal_Sup_R	Parietal_Inf_L	Parietal_Inf_R	SupraMarginal_L	SupraMarginal_R	Angular_L	Angular_R	Precuneus_L	Precuneus_R	Paracentral_Lobule_L	Paracentral_Lobule_R	Caudate_L	Caudate_R	Putamen_L	Putamen_R	Pallidum_L	Pallidum_R	Thalamus_L	Thalamus_R	Heschl_L	Heschl_R	Temporal_Sup_L	Temporal_Sup_R	Temporal_Pole_Sup_L	Temporal_Pole_Sup_R	Temporal_Mid_L	Temporal_Mid_R	Temporal_Pole_Mid_L	Temporal_Pole_Mid_R	Temporal_Inf_L	Temporal_Inf_R	Cerebelum_Crus1_L	Cerebelum_Crus1_R	Cerebelum_Crus2_L	Cerebelum_Crus2_R	Cerebelum_3_L	Cerebelum_3_R	Cerebelum_4_5_L	Cerebelum_4_5_R	Cerebelum_6_L	Cerebelum_6_R	Cerebelum_7b_L	Cerebelum_7b_R	Cerebelum_8_L	Cerebelum_8_R	Cerebelum_9_L	Cerebelum_9_R	Cerebelum_10_L	Cerebelum_10_R	Vermis_1_2	Vermis_3	Vermis_4_5	Vermis_6	Vermis_7	Vermis_8	Vermis_9	Vermis_10	
525988	Precentral_L	0	9278	13604	2746	0	0	32170	254	0	0	14426	0	1812	0	0	0	14632	0	8554	12548	450	0	158	0	0	0	0	0	24890	270	1060	136	272	7766	3504	2398	7226	2008	552	586	348	0	650	0	0	0	306	0	0	0	3000	0	1314	0	6500	164	26966	0	0	0	3136	0	1782	0	130	0	952	1736	11944	3060	1630	96	3092	402	1380	0	12904	2292	3408	0	3796	98	0	0	3532	0	0	0	6766	0	238	0	0	0	0	0	72	0	0	0	0	0	0	0	0	0	0	0	0	0	0	0	0	0	0	0	
261852	Precentral_R	9278	0	2194	3892	0	0	1242	7190	0	0	0	1498	0	0	0	176	0	898	1014	11226	0	0	0	0	0	0	0	0	100	1254	0	76	0	7522	2060	4660	1134	4886	122	416	0	0	0	654	0	300	0	104	0	0	0	0	0	0	0	1292	360	7740	0	188	0	830	0	1984	0	0	0	2514	3302	7532	188	11088	354	4154	266	1318	4250	20782	0	0	0	124	0	0	0	128	0	0	0	224	0	0	0	0	0	0	0	0	0	0	0	0	0	0	0	0	0	0	0	0	412	0	0	0	0	0	
847436	Frontal_Sup_L	13604	2194	0	7988	9648	0	67180	168	2618	0	23596	418	23554	420	8496	0	8136	192	71298	16826	732	0	35062	2922	2092	110	0	0	35116	698	15026	2352	3532	5664	176	308	3708	142	594	0	554	0	0	0	0	0	72	0	0	0	0	0	0	0	718	0	2792	0	0	0	88	0	0	0	0	0	0	0	3324	0	5574	1980	22280	1774	5452	0	7196	294	316	0	3212	0	988	0	574	0	0	0	1674	0	142	0	0	0	0	0	0	0	144	0	0	0	0	0	0	0	0	0	0	0	0	0	0	0	0	0	
601560	Frontal_Sup_R	2746	3892	7988	0	0	1718	1436	21924	0	0	628	9294	182	5278	0	842	276	8126	15176	55548	0	232	6930	34914	78	2222	0	268	1324	14762	7002	21130	846	22900	184	332	584	1274	236	306	0	0	0	0	0	0	0	0	0	0	0	0	0	0	0	380	642	406	0	0	170	0	74	0	0	0	0	322	2076	174	4876	11932	654	20614	166	2172	552	3700	0	336	148	168	98	542	0	0	0	0	0	0	0	0	0	0	0	0	0	0	0	0	0	0	0	0	0	0	0	0	0	0	0	0	0	0	0	0	
142840	Frontal_Sup_Orb_L	0	0	9648	0	0	106	4436	0	7644	0	84	0	2382	0	12226	80	0	0	406	0	2252	802	3816	208	4490	0	4224	118	4948	0	3908	318	0	0	0	0	0	0	0	0	0	0	0	0	0	0	0	0	0	0	0	0	0	0	0	0	0	0	0	0	0	0	0	0	0	0	0	0	0	0	1622	620	6052	110	0	0	0	0	0	0	0	0	920	0	0	0	0	0	0	0	0	0	0	0	0	0	0	0	0	0	0	0	0	0	0	0	0	0	0	0	0	0	0	0	0	0	
79288	Frontal_Sup_Orb_R	0	0	0	1718	106	0	0	748	0	4202	0	0	0	166	100	7000	0	0	0	72	460	2028	0	1686	90	4628	434	5862	0	1664	0	920	0	0	0	0	0	0	0	0	0	0	0	0	0	0	0	0	0	0	0	0	0	0	0	0	0	0	0	0	0	0	0	0	0	0	0	0	0	0	480	3582	0	3570	0	0	0	0	0	0	0	0	0	128	0	0	0	0	0	0	0	0	0	0	0	0	0	0	0	0	0	0	0	0	0	0	0	0	0	0	0	0	0	0	0	0	
514452	Frontal_Mid_L	32170	1242	67180	1436	4436	0	0	88	2870	0	14596	0	28644	0	8542	0	7646	0	12568	2432	134	0	16942	242	0	0	0	0	19900	0	4702	354	2322	1062	366	178	3094	272	146	134	84	0	0	0	0	0	100	0	0	0	0	0	0	0	130	0	4386	0	0	0	130	0	160	0	0	0	100	172	0	0	1354	0	6584	284	1570	0	4820	236	1334	0	1518	0	268	0	114	0	0	0	184	0	0	0	0	0	0	0	0	0	0	0	0	0	0	0	0	0	0	0	0	0	0	0	0	0	0	0	
180192	Frontal_Mid_R	254	7190	168	21924	0	748	88	0	0	1196	0	8454	0	10202	0	2518	0	1992	430	4918	0	0	330	3480	0	0	0	0	72	6188	560	1514	0	1366	0	0	0	184	0	0	0	0	0	0	0	0	0	0	0	0	0	0	0	0	0	0	0	586	0	0	0	0	0	0	0	0	0	0	0	0	2892	2244	0	7134	0	2640	0	296	0	374	0	154	0	0	0	0	0	0	0	0	0	0	0	0	0	0	0	0	0	0	0	0	0	0	0	0	0	0	0	0	0	0	0	0	0	0	
64080	Frontal_Mid_Orb_L	0	0	2618	0	7644	0	2870	0	0	0	178	0	3164	0	10508	0	0	0	272	0	0	0	0	0	112	0	550	0	1600	0	0	0	0	0	0	0	0	0	0	0	0	0	0	0	0	0	0	0	0	0	0	0	0	0	0	0	0	0	0	0	0	0	0	0	0	0	0	0	0	0	0	0	2172	0	0	0	0	0	0	0	0	0	352	0	0	0	0	0	0	0	0	0	0	0	0	0	0	0	0	0	0	0	0	0	0	0	0	0	0	0	0	0	0	0	0	0	
23768	Frontal_Mid_Orb_R	0	0	0	0	0	4202	0	1196	0	0	0	0	0	332	0	4758	0	0	0	98	0	0	0	0	0	0	0	384	0	76	0	0	0	0	0	0	0	0	0	0	0	0	0	0	0	0	0	0	0	0	0	0	0	0	0	0	0	0	0	0	0	0	0	0	0	0	0	0	0	0	72	692	0	74	0	0	0	0	0	0	0	0	0	0	0	0	0	0	0	0	0	0	0	0	0	0	0	0	0	0	0	0	0	0	0	0	0	0	0	0	0	0	0	0	0	0	
297880	Frontal_Inf_Oper_L	14426	0	23596	628	84	0	14596	0	178	0	0	0	19404	0	564	0	12254	0	16166	990	1426	0	740	0	0	0	0	0	24320	0	1976	88	0	384	0	0	466	0	504	0	1380	0	0	0	0	0	0	0	0	0	0	0	0	0	0	0	3266	0	0	0	194	0	0	0	0	0	0	0	0	0	1606	0	1602	0	102	0	984	0	836	0	3906	0	1910	0	244	0	0	0	120	0	0	0	0	0	0	0	0	0	0	0	0	0	0	0	0	0	0	0	0	0	0	0	0	0	0	0	
145580	Frontal_Inf_Oper_R	0	1498	418	9294	0	0	0	8454	0	0	0	0	0	8864	0	0	0	8058	1270	10400	0	0	0	0	0	0	0	0	0	11620	1356	0	108	1668	0	0	0	0	0	0	0	0	0	0	0	0	0	0	0	0	0	0	0	0	0	0	0	1288	0	0	0	0	0	0	0	0	0	0	0	0	278	1536	0	4956	0	386	0	0	0	74	0	82	0	1182	0	0	0	0	0	0	0	0	0	0	0	0	0	0	0	0	0	0	0	0	0	0	0	0	0	0	0	0	0	0	0	0	
276052	Frontal_Inf_Tri_L	1812	0	23554	182	2382	0	28644	0	3164	0	19404	0	0	0	14954	0	800	0	10456	378	96	0	896	0	0	0	0	0	21108	0	1964	74	0	266	0	0	0	0	0	0	0	0	0	0	0	0	0	0	0	0	0	0	0	0	0	0	0	0	0	0	0	0	0	0	0	0	0	0	0	0	1898	0	4192	0	0	0	76	0	0	0	412	0	1314	0	0	0	0	0	0	0	0	0	0	0	0	0	0	0	0	0	0	0	0	0	0	0	0	0	0	0	0	0	0	0	0	0	
130200	Frontal_Inf_Tri_R	0	0	420	5278	0	166	0	10202	0	332	0	8864	0	0	0	1350	0	914	1544	5942	0	0	0	1130	0	0	0	0	72	10868	1332	462	144	2080	0	0	0	1006	0	720	0	0	0	0	0	0	0	0	0	0	0	0	0	0	0	780	0	0	0	0	0	0	0	0	0	0	0	0	0	0	2682	4636	156	3630	0	0	0	0	0	0	0	0	0	236	0	0	0	0	0	154	0	0	0	0	0	0	0	0	0	0	0	0	0	0	0	0	0	0	0	0	0	0	0	0	0	0	
171876	Frontal_Inf_Orb_L	0	0	8496	0	12226	100	8542	0	10508	0	564	0	14954	0	0	74	0	0	1714	158	2816	568	190	0	294	0	1520	112	10038	0	918	0	0	122	0	0	0	0	264	0	226	0	0	0	0	0	0	0	0	0	0	0	0	0	0	0	0	0	0	0	0	0	0	0	0	0	0	0	0	0	2446	392	5166	0	0	0	0	0	0	0	0	0	3530	0	0	0	0	0	0	0	0	0	0	0	0	0	0	0	0	0	0	0	0	0	0	0	0	0	0	0	0	0	0	0	0	0	
74168	Frontal_Inf_Orb_R	0	176	0	842	80	7000	0	2518	0	4758	0	0	0	1350	74	0	0	0	0	898	350	2146	0	0	0	0	328	2056	0	4548	0	120	0	0	0	0	0	0	0	0	0	118	0	0	0	0	0	0	0	0	0	0	0	0	0	76	0	0	0	0	0	0	0	0	0	0	0	0	0	0	496	3666	0	3512	0	0	0	236	0	0	0	210	0	932	0	474	0	120	0	0	0	0	0	0	0	0	0	0	0	0	0	0	0	0	0	0	0	0	0	0	0	0	0	0	0	0	
210192	Rolandic_Oper_L	14632	0	8136	276	0	0	7646	0	0	0	12254	0	800	0	0	0	0	0	7316	440	1478	0	0	0	0	0	0	0	22236	0	106	0	0	136	108	0	330	0	552	0	1438	0	0	0	0	0	0	0	0	0	0	0	0	0	444	0	10390	0	0	0	358	0	2394	0	0	0	0	0	0	0	354	0	286	0	0	0	210	0	2256	0	7690	0	1578	0	690	0	0	0	562	0	0	0	0	0	0	0	0	0	0	0	0	0	0	0	0	0	0	0	0	0	0	0	0	0	0	0	
124100	Rolandic_Oper_R	0	898	192	8126	0	0	0	1992	0	0	0	8058	0	914	0	0	0	0	222	7372	0	0	0	0	0	0	0	0	0	14022	184	0	0	100	0	0	0	1032	0	0	0	0	0	0	0	0	0	0	0	0	0	0	0	0	0	0	0	5236	0	156	0	0	0	1740	0	0	0	164	0	134	0	848	0	4510	0	0	0	0	0	2128	0	2542	0	1310	0	170	0	0	0	0	0	0	0	0	0	0	0	0	0	0	0	0	0	0	0	0	0	0	0	0	0	0	0	0	0	0	
697760	Supp_Motor_Area_L	8554	1014	71298	15176	406	0	12568	430	272	0	16166	1270	10456	1544	1714	0	7316	222	0	53710	794	0	4500	4986	0	0	0	0	28486	1322	7872	7288	7974	26974	212	416	3738	0	648	0	686	0	0	0	428	0	0	0	0	0	0	0	0	0	1006	0	798	0	0	0	0	0	0	0	0	0	192	264	10894	174	8142	702	11906	582	3642	0	4372	0	200	0	3688	0	662	0	602	0	0	0	2208	0	196	0	0	0	0	0	0	0	210	0	0	0	0	0	0	0	0	0	0	0	0	0	0	0	0	0	
768740	Supp_Motor_Area_R	12548	11226	16826	55548	0	72	2432	4918	0	98	990	10400	378	5942	158	898	440	7372	53710	0	118	0	1928	15906	0	0	0	0	2716	13740	10862	15358	6844	62080	1152	2026	212	1542	112	536	0	0	0	0	0	0	0	0	0	0	0	0	0	0	0	1544	628	258	0	0	160	0	0	0	0	0	124	698	14042	13508	7610	9092	1682	11442	550	846	910	1038	0	0	262	72	220	596	0	0	0	0	0	0	0	0	0	0	0	0	0	0	0	0	0	0	0	0	0	0	0	0	0	0	0	0	0	0	0	0	
110276	Olfactory_L	450	0	732	0	2252	460	134	0	0	0	1426	0	96	0	2816	350	1478	0	794	118	0	5964	0	0	214	492	5826	2010	5738	248	2430	2150	0	0	0	0	220	0	1056	0	2384	0	0	0	0	0	0	0	0	0	0	0	0	0	338	0	0	0	0	0	0	0	0	0	0	0	0	0	0	0	7314	3154	2518	0	0	0	0	0	0	0	584	0	932	0	180	0	84	0	196	0	0	0	0	0	0	0	0	0	0	0	0	0	0	0	0	0	0	0	0	0	0	0	0	0	0	0	
87244	Olfactory_R	0	0	0	232	802	2028	0	0	0	0	0	0	0	0	568	2146	0	0	0	0	5964	0	0	0	98	990	4246	3766	236	2318	1760	2402	0	0	0	0	0	0	0	0	0	854	0	0	0	0	0	0	0	0	0	0	0	0	0	0	0	0	0	0	0	0	0	0	0	0	0	0	0	0	5854	5616	2316	1072	0	0	0	98	0	0	0	0	0	256	0	0	0	0	0	0	0	0	0	0	0	0	0	0	0	0	0	0	0	0	0	0	0	0	0	0	0	0	0	0	0	0	
296268	Frontal_Sup_Medial_L	158	0	35062	6930	3816	0	16942	330	0	0	740	0	896	0	190	0	0	0	4500	1928	0	0	0	20240	3618	1256	244	124	472	0	20580	13900	2816	5476	0	0	0	0	0	0	0	0	0	0	0	0	0	0	0	0	0	0	0	0	0	0	0	0	0	0	0	0	0	0	0	0	0	0	0	0	894	3182	842	2998	0	0	0	0	0	0	0	0	0	0	0	0	0	0	0	0	0	0	0	0	0	0	0	0	0	0	0	0	0	0	0	0	0	0	0	0	0	0	0	0	0	0	
338488	Frontal_Sup_Medial_R	0	0	2922	34914	208	1686	242	3480	0	0	0	0	0	1130	0	0	0	0	4986	15906	0	0	20240	0	352	5452	0	564	0	1592	8036	30934	670	16942	0	0	0	0	0	0	0	0	0	0	0	0	0	0	0	0	0	0	0	0	0	0	0	0	0	0	0	0	0	0	0	0	0	0	0	0	216	9506	122	9144	0	0	0	0	0	0	0	0	0	0	0	0	0	0	0	0	0	0	0	0	0	0	0	0	0	0	0	0	0	0	0	0	0	0	0	0	0	0	0	0	0	0	
34804	Frontal_Med_Orb_L	0	0	2092	78	4490	90	0	0	112	0	0	0	0	0	294	0	0	0	0	0	214	98	3618	352	0	646	1118	128	0	0	3058	324	0	0	0	0	0	0	0	0	0	0	0	0	0	0	0	0	0	0	0	0	0	0	0	0	0	0	0	0	0	0	0	0	0	0	0	0	0	0	248	142	228	72	0	0	0	0	0	0	0	0	0	0	0	0	0	0	0	0	0	0	0	0	0	0	0	0	0	0	0	0	0	0	0	0	0	0	0	0	0	0	0	0	0	0	
67144	Frontal_Med_Orb_R	0	0	110	2222	0	4628	0	0	0	0	0	0	0	0	0	0	0	0	0	0	492	990	1256	5452	646	0	636	4692	0	0	1730	4534	0	0	0	0	0	0	0	0	0	0	0	0	0	0	0	0	0	0	0	0	0	0	0	0	0	0	0	0	0	0	0	0	0	0	0	0	0	0	0	3064	0	3120	0	0	0	0	0	0	0	0	0	0	0	0	0	0	0	0	0	0	0	0	0	0	0	0	0	0	0	0	0	0	0	0	0	0	0	0	0	0	0	0	0	0	
66948	Rectus_L	0	0	0	0	4224	434	0	0	550	0	0	0	0	0	1520	328	0	0	0	0	5826	4246	244	0	1118	636	0	1866	482	196	3064	2212	0	0	0	0	0	0	0	0	0	0	0	0	0	0	0	0	0	0	0	0	0	0	0	0	0	0	0	0	0	0	0	0	0	0	0	0	0	0	4130	1786	522	90	0	0	0	0	0	0	0	0	0	0	0	0	0	0	0	0	0	0	0	0	0	0	0	0	0	0	0	0	0	0	0	0	0	0	0	0	0	0	0	0	0	0	
61036	Rectus_R	0	0	0	268	118	5862	0	0	0	384	0	0	0	0	112	2056	0	0	0	0	2010	3766	124	564	128	4692	1866	0	0	862	1668	2626	0	0	0	0	0	0	0	0	0	0	0	0	0	0	0	0	0	0	0	0	0	0	0	0	0	0	0	0	0	0	0	0	0	0	0	0	0	0	796	1458	238	810	0	0	0	0	0	0	0	0	0	110	0	0	0	0	0	0	0	0	0	0	0	0	0	0	0	0	0	0	0	0	0	0	0	0	0	0	0	0	0	0	0	0	
659128	Insula_L	24890	100	35116	1324	4948	0	19900	72	1600	0	24320	0	21108	72	10038	0	22236	0	28486	2716	5738	236	472	0	0	0	482	0	0	0	4076	116	180	1008	1338	546	11530	550	4466	256	5320	0	486	0	0	0	636	0	0	0	158	0	258	0	7524	0	8340	0	0	0	684	0	570	0	0	0	658	542	198	0	7924	208	18974	0	306	0	8062	138	7914	0	13882	0	4786	0	4586	0	402	0	8582	0	230	0	0	0	0	0	120	0	156	0	0	0	0	0	0	0	0	0	0	0	0	0	0	0	0	0	
294960	Insula_R	270	1254	698	14762	0	1664	0	6188	0	76	0	11620	0	10868	0	4548	0	14022	1322	13740	248	2318	0	1592	0	0	196	862	0	0	520	732	0	1054	336	726	278	6472	0	1442	0	1444	0	0	0	0	0	84	0	0	0	0	0	0	0	2908	0	1858	0	0	0	0	0	118	0	0	0	530	0	0	1596	6072	184	25036	0	0	500	1182	0	1714	0	2788	0	1828	0	908	0	0	0	922	0	0	0	0	0	0	0	0	0	0	0	0	0	0	0	0	0	0	0	0	0	0	0	0	0	0	
306636	Cingulum_Ant_L	1060	0	15026	7002	3908	0	4702	560	0	0	1976	1356	1964	1332	918	0	106	184	7872	10862	2430	1760	20580	8036	3058	1730	3064	1668	4076	520	0	16690	4108	9492	0	0	0	0	0	0	0	0	0	0	0	0	0	0	0	0	0	0	0	0	0	0	0	0	0	0	0	0	0	0	0	0	0	0	0	0	6994	3604	4790	1890	0	0	0	0	0	0	0	0	0	0	0	0	0	0	0	0	0	0	0	0	0	0	0	0	0	0	0	0	0	0	0	0	0	0	0	0	0	0	0	0	0	0	
363512	Cingulum_Ant_R	136	76	2352	21130	318	920	354	1514	0	0	88	0	74	462	0	120	0	0	7288	15358	2150	2402	13900	30934	324	4534	2212	2626	116	732	16690	0	1220	20324	0	0	0	0	0	0	0	0	0	0	0	0	0	0	0	0	0	0	0	0	0	0	0	0	0	0	0	0	0	0	0	0	0	0	0	0	2472	16640	1776	12514	0	0	0	0	0	0	0	0	0	0	0	0	0	0	0	0	0	0	0	0	0	0	0	0	0	0	0	0	0	0	0	0	0	0	0	0	0	0	0	0	0	0	
154284	Cingulum_Mid_L	272	0	3532	846	0	0	2322	0	0	0	0	108	0	144	0	0	0	0	7974	6844	0	0	2816	670	0	0	0	0	180	0	4108	1220	0	8900	3716	792	0	0	0	0	0	0	3554	0	3974	0	368	0	1152	0	3362	0	0	0	88	0	396	0	854	0	160	0	0	0	138	0	13014	1274	2478	170	118	0	182	0	0	0	0	0	0	0	0	0	0	0	812	0	0	0	530	0	0	0	0	0	0	0	0	0	0	0	0	0	0	0	0	0	0	0	0	0	74	0	0	0	0	0	
531912	Cingulum_Mid_R	7766	7522	5664	22900	0	0	1062	1366	0	0	384	1668	266	2080	122	0	136	100	26974	62080	0	0	5476	16942	0	0	0	0	1008	1054	9492	20324	8900	0	2518	8836	0	544	0	152	0	0	96	676	0	1030	0	138	0	480	0	148	0	0	0	1482	0	1082	0	302	0	0	0	0	0	0	2044	8170	11810	17160	2826	446	100	280	0	0	476	0	0	0	0	0	0	0	0	120	0	0	0	214	0	0	0	0	0	0	0	0	0	0	0	0	0	0	0	0	0	0	0	0	1540	0	0	0	0	0	
150508	Cingulum_Post_L	3504	2060	176	184	0	0	366	0	0	0	0	0	0	0	0	0	108	0	212	1152	0	0	0	0	0	0	0	0	1338	336	0	0	3716	2518	0	7026	6720	3070	1174	580	0	0	4914	0	1478	0	2906	130	0	0	150	0	0	0	1622	118	352	0	0	0	0	0	0	0	0	0	9070	2884	3174	1032	0	0	132	150	74	0	5428	2864	1900	0	412	128	0	0	486	0	0	0	944	0	0	0	0	0	0	0	296	0	0	0	0	0	0	0	0	0	0	0	0	0	370	0	0	0	0	0	
177544	Cingulum_Post_R	2398	4660	308	332	0	0	178	0	0	0	0	0	0	0	0	0	0	0	416	2026	0	0	0	0	0	0	0	0	546	726	0	0	792	8836	7026	0	2016	7328	194	2284	0	0	88	2582	128	726	0	988	0	180	0	132	0	0	106	2082	114	676	0	98	0	0	0	0	0	0	1986	16948	286	4196	0	0	0	322	0	0	5804	5106	422	0	0	250	0	0	102	88	0	0	246	72	0	0	0	0	0	0	0	112	0	0	0	0	0	0	0	0	0	0	0	0	4866	0	0	0	0	0	
304420	Hippocampus_L	7226	1134	3708	584	0	0	3094	0	0	0	466	0	0	0	0	0	330	0	3738	212	220	0	0	0	0	0	0	0	11530	278	0	0	0	0	6720	2016	0	3942	16840	2116	7088	0	1390	0	0	0	2978	1518	0	0	0	0	0	0	17676	678	1192	0	0	0	92	0	82	0	0	0	3300	1030	1056	0	272	0	7020	916	1652	0	11486	3360	4598	0	2838	108	496	0	1746	0	298	0	12146	0	470	0	0	0	0	390	612	346	534	0	0	0	0	0	0	0	0	0	0	688	0	0	0	0	0	0	
328252	Hippocampus_R	2008	4886	142	1274	0	0	272	184	0	0	0	0	0	1006	0	0	0	1032	0	1542	0	0	0	0	0	0	0	0	550	6472	0	0	0	544	3070	7328	3942	0	1358	33508	0	9232	0	462	0	0	164	5714	0	0	0	0	0	0	136	30430	118	372	0	0	0	0	0	108	0	0	0	6622	92	958	0	2158	154	8990	124	698	4070	9974	426	1654	0	2290	0	236	100	1460	0	78	240	2074	0	272	0	0	92	596	168	2674	0	552	0	0	0	0	0	0	0	0	0	510	1010	0	0	0	0	0	
161904	ParaHippocampal_L	552	122	594	236	0	0	146	0	0	0	504	0	0	0	264	0	552	0	648	112	1056	0	0	0	0	0	0	0	4466	0	0	0	0	0	1174	194	16840	1358	0	1154	4720	0	992	0	0	0	7146	1182	0	0	128	0	0	0	14106	316	0	0	0	0	0	0	0	0	0	0	1946	154	0	0	158	0	1370	464	0	0	902	1296	1744	0	500	0	1896	0	208	0	1814	0	3428	0	226	0	0	0	1830	326	2866	224	336	0	0	0	0	0	0	0	0	0	0	702	0	0	0	0	0	0	
242432	ParaHippocampal_R	586	416	0	306	0	0	134	0	0	0	0	0	0	720	0	0	0	0	0	536	0	0	0	0	0	0	0	0	256	1442	0	0	0	152	580	2284	2116	33508	1154	0	0	9970	0	206	0	0	108	7146	0	0	0	0	0	0	74	25866	0	78	0	0	0	0	0	0	0	0	0	3762	0	280	0	1298	118	4030	90	524	1068	5890	166	440	0	544	0	3492	0	642	0	862	150	968	0	416	0	0	0	1206	114	4610	0	798	0	0	0	132	0	0	0	0	0	948	1030	0	0	0	0	0	
66256	Amygdala_L	348	0	554	0	0	0	84	0	0	0	1380	0	0	0	226	0	1438	0	686	0	2384	0	0	0	0	0	0	0	5320	0	0	0	0	0	0	0	7088	0	4720	0	0	0	0	0	0	0	0	0	0	0	0	0	0	0	4364	0	0	0	0	0	0	0	0	0	0	0	0	0	0	0	368	0	978	0	0	0	0	0	0	0	760	0	722	0	202	0	334	0	1172	0	0	0	0	0	0	0	0	0	0	0	0	0	0	0	0	0	0	0	0	0	0	0	0	0	0	0	
63696	Amygdala_R	0	0	0	0	0	0	0	0	0	0	0	0	0	0	0	118	0	0	0	0	0	854	0	0	0	0	0	0	0	1444	0	0	0	0	0	0	0	9232	0	9970	0	0	0	0	0	0	0	0	0	0	0	0	0	0	0	6230	0	0	0	0	0	0	0	0	0	0	0	0	0	0	0	0	0	988	0	0	0	0	0	0	0	0	0	2472	0	0	0	260	0	280	0	0	0	0	0	0	0	0	0	0	0	0	0	0	0	0	0	0	0	0	0	0	0	0	0	0	
370796	Calcarine_L	650	0	0	0	0	0	0	0	0	0	0	0	0	0	0	0	0	0	0	0	0	0	0	0	0	0	0	0	486	0	0	0	3554	96	4914	88	1390	0	992	0	0	0	0	10054	15848	8012	15698	2976	12612	3538	33384	914	4426	0	11034	380	474	0	2744	160	378	0	182	0	504	0	23930	2116	1890	0	0	0	0	0	0	0	0	0	554	0	358	0	0	0	11398	0	0	0	8136	0	576	0	0	0	0	0	522	84	82	0	0	0	0	0	0	0	0	0	0	0	264	0	0	0	0	0	
331968	Calcarine_R	0	654	0	0	0	0	0	0	0	0	0	0	0	0	0	0	0	0	0	0	0	0	0	0	0	0	0	0	0	0	0	0	0	676	0	2582	0	462	0	206	0	0	10054	0	4208	22410	2322	19726	238	19794	0	10288	0	3866	0	10410	0	4432	0	1616	0	96	0	0	0	136	1130	27620	0	4270	0	0	0	0	0	0	0	0	0	0	0	0	0	0	0	4618	0	0	0	10468	0	98	0	0	0	0	0	1408	76	166	0	0	0	0	0	0	0	0	0	160	1720	74	0	0	0	0	
178684	Cuneus_L	0	0	0	0	0	0	0	0	0	0	0	0	0	0	0	0	0	0	428	0	0	0	0	0	0	0	0	0	0	0	0	0	3974	0	1478	128	0	0	0	0	0	0	15848	4208	0	6886	1104	432	15996	2688	7326	248	636	0	1078	240	128	0	2950	114	86	0	0	0	86	0	16758	3028	1196	0	0	0	0	0	0	0	0	0	0	0	0	0	0	0	1278	88	0	0	822	0	0	0	0	0	0	0	0	0	0	0	0	0	0	0	0	0	0	0	0	0	110	0	0	0	0	0	
234592	Cuneus_R	0	300	0	0	0	0	0	0	0	0	0	0	0	0	0	0	0	0	0	0	0	0	0	0	0	0	0	0	0	0	0	0	0	1030	0	726	0	0	0	0	0	0	8012	22410	6886	0	604	5430	600	23872	0	8342	0	896	0	1952	0	2188	0	3156	0	170	0	510	0	228	2656	20606	0	2938	0	0	0	0	0	0	0	0	0	0	0	80	0	0	0	1530	0	0	0	2174	0	0	0	0	0	0	0	0	0	0	0	0	0	0	0	0	0	0	0	0	0	0	0	0	0	0	
399156	Lingual_L	306	0	72	0	0	0	100	0	0	0	0	0	0	0	0	0	0	0	0	0	0	0	0	0	0	0	0	0	636	0	0	0	368	0	2906	0	2978	164	7146	108	0	0	15698	2322	1104	604	0	8376	1718	564	11728	470	3910	0	29388	4138	116	0	190	0	102	0	0	0	256	0	8998	150	558	0	0	0	0	0	0	0	422	230	730	0	0	0	0	0	1624	0	0	0	2182	0	15114	3214	452	224	2736	74	18228	4772	23962	5356	130	0	218	112	0	0	0	0	0	318	6114	6924	1126	142	0	0	
422828	Lingual_R	0	104	0	0	0	0	0	0	0	0	0	0	0	0	0	0	0	0	0	0	0	0	0	0	0	0	0	0	0	84	0	0	0	138	130	988	1518	5714	1182	7146	0	0	2976	19726	432	5430	8376	0	0	8268	0	5182	0	1950	4052	29232	0	162	0	192	0	0	0	0	0	0	98	10774	0	254	0	0	0	0	0	0	0	1222	0	126	0	268	0	0	0	380	0	0	0	2300	2872	7484	284	228	1512	2242	6426	19648	9646	13420	0	0	260	664	0	0	0	0	530	2636	14478	8202	1132	656	462	228	
183520	Occipital_Sup_L	0	0	0	0	0	0	0	0	0	0	0	0	0	0	0	0	0	0	0	0	0	0	0	0	0	0	0	0	0	0	0	0	1152	0	0	0	0	0	0	0	0	0	12612	238	15996	600	1718	0	0	0	23828	0	272	0	738	0	1204	0	11784	0	2702	0	0	0	358	0	14962	338	96	0	0	0	0	0	0	0	0	0	0	0	94	0	0	0	2266	0	0	0	802	0	0	0	0	0	0	0	0	0	0	0	0	0	0	0	0	0	0	0	0	0	0	0	0	0	0	0	
229108	Occipital_Sup_R	0	0	0	0	0	0	0	0	0	0	0	0	0	0	0	0	0	0	0	0	0	0	0	0	0	0	0	0	0	0	0	0	0	480	0	180	0	0	0	0	0	0	3538	19794	2688	23872	564	8268	0	0	0	20914	0	3868	0	4578	0	1526	0	4176	0	252	0	592	0	2534	882	12028	0	1550	0	0	0	0	0	0	0	0	0	0	0	128	0	0	0	1322	0	0	0	820	0	0	0	0	0	0	0	0	0	0	0	0	0	0	0	0	0	0	0	0	0	0	0	0	0	0	
493028	Occipital_Mid_L	3000	0	0	0	0	0	0	0	0	0	0	0	0	0	0	0	0	0	0	0	0	0	0	0	0	0	0	0	158	0	0	0	3362	0	150	0	0	0	128	0	0	0	33384	0	7326	0	11728	0	23828	0	0	0	15446	0	15208	0	6802	0	11536	0	8518	0	976	0	17490	0	14128	0	4084	0	0	0	0	0	0	0	0	0	0	0	2408	0	0	0	43738	0	0	0	22742	0	208	0	0	0	0	0	0	0	166	0	0	0	0	0	0	0	0	0	0	0	0	0	0	0	0	0	
183664	Occipital_Mid_R	0	0	0	0	0	0	0	0	0	0	0	0	0	0	0	0	0	0	0	0	0	0	0	0	0	0	0	0	0	0	0	0	0	148	0	132	0	0	0	0	0	0	914	10288	248	8342	470	5182	0	20914	0	0	0	3746	0	3254	0	542	0	1658	0	3730	0	486	0	13950	148	3682	0	568	0	0	0	0	0	0	0	0	0	0	0	1360	0	0	0	10696	0	0	0	1374	0	0	0	0	0	0	0	0	0	0	0	0	0	0	0	0	0	0	0	0	0	0	0	0	0	0	
112756	Occipital_Inf_L	1314	0	0	0	0	0	0	0	0	0	0	0	0	0	0	0	0	0	0	0	0	0	0	0	0	0	0	0	258	0	0	0	0	0	0	0	0	0	0	0	0	0	4426	0	636	0	3910	0	272	0	15446	0	0	0	13348	0	326	0	0	0	326	0	200	0	134	0	904	0	660	0	0	0	0	0	0	0	0	0	0	0	258	0	0	0	4984	0	0	0	8130	0	506	0	0	0	0	0	0	0	340	0	0	0	0	0	0	0	0	0	0	0	0	0	0	0	0	0	
50776	Occipital_Inf_R	0	0	0	0	0	0	0	0	0	0	0	0	0	0	0	0	0	0	0	0	0	0	0	0	0	0	0	0	0	0	0	0	0	0	0	0	0	0	0	0	0	0	0	3866	0	896	0	1950	0	3868	0	3746	0	0	0	5276	0	0	0	0	0	0	0	0	0	0	74	816	0	0	0	0	0	0	0	0	0	0	0	0	0	0	0	0	0	1434	0	0	0	3462	0	0	0	0	0	0	0	0	0	0	0	0	0	0	0	0	0	0	0	0	0	0	0	0	0	0	
672408	Fusiform_L	6500	0	718	0	0	0	130	0	0	0	0	0	0	0	0	0	444	0	1006	0	338	0	0	0	0	0	0	0	7524	0	0	0	88	0	1622	106	17676	136	14106	74	4364	0	11034	0	1078	0	29388	4052	738	0	15208	0	13348	0	0	2462	1702	0	220	0	3934	0	3360	0	6510	0	7658	110	2626	0	0	0	1710	0	0	0	2014	106	4476	0	3540	0	4840	0	16866	0	4892	0	38110	0	31464	1890	1362	168	876	0	13102	3226	35090	3308	1280	0	1082	0	0	0	0	0	0	84	3748	4038	672	0	0	0	
579884	Fusiform_R	164	1292	0	380	0	0	0	0	0	0	0	0	0	780	0	76	0	0	0	1544	0	0	0	0	0	0	0	0	0	2908	0	0	0	1482	118	2082	678	30430	316	25866	0	6230	380	10410	240	1952	4138	29232	0	4578	0	3254	0	5276	2462	0	0	560	0	380	0	232	0	244	0	76	152	8666	116	2366	0	1094	0	5064	0	0	126	2660	0	1178	0	2064	0	5888	0	5728	0	2346	0	18734	2032	17296	278	370	1408	1052	3346	16114	7156	24182	0	0	240	912	0	272	0	120	528	1582	8854	7368	1098	918	660	214	
268956	Postcentral_L	26966	360	2792	642	0	0	4386	0	0	0	3266	0	0	0	0	0	10390	0	798	628	0	0	0	0	0	0	0	0	8340	0	0	0	396	0	352	114	1192	118	0	0	0	0	474	0	128	0	116	0	1204	0	6802	0	326	0	1702	0	0	0	6692	0	15964	0	11120	0	2264	0	3186	112	4752	0	0	0	614	0	242	0	1204	0	1948	0	5698	0	0	0	4498	0	0	0	4692	0	0	0	0	0	0	0	0	0	0	0	0	0	0	0	0	0	0	0	0	0	0	0	0	0	0	0	
241300	Postcentral_R	0	7740	0	406	0	0	0	586	0	0	0	1288	0	0	0	0	0	5236	0	258	0	0	0	0	0	0	0	0	0	1858	0	0	0	1082	0	676	0	372	0	78	0	0	0	4432	0	2188	0	162	0	1526	0	542	0	0	0	560	0	0	0	7862	0	7616	0	18186	0	2338	0	20032	0	16086	0	88	0	1256	0	0	0	0	0	278	0	3924	0	0	0	8576	0	0	0	5166	0	0	0	0	0	0	0	0	0	0	0	0	0	0	0	0	0	0	0	0	252	0	0	0	0	0	
126548	Parietal_Sup_L	0	0	0	0	0	0	0	0	0	0	0	0	0	0	0	0	0	0	0	0	0	0	0	0	0	0	0	0	0	0	0	0	854	0	0	0	0	0	0	0	0	0	2744	0	2950	0	190	0	11784	0	11536	0	0	0	220	0	6692	0	0	0	7420	0	0	0	976	0	14284	114	728	0	0	0	0	0	0	0	0	0	0	0	222	0	0	0	1570	0	0	0	990	0	0	0	0	0	0	0	0	0	0	0	0	0	0	0	0	0	0	0	0	0	0	0	0	0	0	0	
127220	Parietal_Sup_R	0	188	0	0	0	0	0	0	0	0	0	0	0	0	0	0	0	156	0	0	0	0	0	0	0	0	0	0	0	0	0	0	0	302	0	98	0	0	0	0	0	0	160	1616	114	3156	0	192	0	4176	0	1658	0	0	0	380	0	7862	0	0	0	8566	0	6180	0	6350	1242	12722	0	2556	0	0	0	0	0	0	0	0	0	0	0	782	0	0	0	3004	0	0	0	2150	0	0	0	0	0	0	0	0	0	0	0	0	0	0	0	0	0	0	0	0	0	0	0	0	0	0	
173820	Parietal_Inf_L	3136	0	88	170	0	0	130	0	0	0	194	0	0	0	0	0	358	0	0	160	0	0	0	0	0	0	0	0	684	0	0	0	160	0	0	0	92	0	0	0	0	0	378	0	86	0	102	0	2702	0	8518	0	326	0	3934	0	15964	0	7420	0	0	0	15988	0	16164	0	1568	0	286	0	0	0	0	0	0	0	112	0	0	0	1144	0	0	0	4760	0	0	0	2286	0	0	0	0	0	0	0	0	0	0	0	0	0	0	0	0	0	0	0	0	0	0	0	0	0	0	0	
127276	Parietal_Inf_R	0	830	0	0	0	0	0	0	0	0	0	0	0	0	0	0	0	0	0	0	0	0	0	0	0	0	0	0	0	0	0	0	0	0	0	0	0	0	0	0	0	0	0	96	0	170	0	0	0	252	0	3730	0	0	0	232	0	7616	0	8566	0	0	0	16510	0	16608	0	1962	0	1374	0	132	0	0	0	0	0	82	0	78	0	720	0	0	0	2822	0	0	0	1858	0	0	0	0	0	0	0	0	0	0	0	0	0	0	0	0	0	0	0	0	0	0	0	0	0	0	
118796	SupraMarginal_L	1782	0	0	74	0	0	160	0	0	0	0	0	0	0	0	0	2394	0	0	0	0	0	0	0	0	0	0	0	570	0	0	0	0	0	0	0	82	0	0	0	0	0	182	0	0	0	0	0	0	0	976	0	200	0	3360	0	11120	0	0	0	15988	0	0	0	6716	0	0	0	76	0	0	0	0	0	0	0	78	0	158	0	6852	0	0	0	5878	0	0	0	2752	0	0	0	0	0	0	0	0	0	0	0	0	0	0	0	0	0	0	0	0	0	0	0	0	0	0	0	
128456	SupraMarginal_R	0	1984	0	0	0	0	0	0	0	0	0	0	0	0	0	0	0	1740	0	0	0	0	0	0	0	0	0	0	0	118	0	0	0	0	0	0	0	108	0	0	0	0	0	0	0	510	0	0	0	592	0	486	0	0	0	244	0	18186	0	6180	0	16510	0	0	0	5914	0	1608	0	1262	0	148	0	0	0	0	0	92	0	134	0	5358	0	0	0	2212	0	0	0	842	0	0	0	0	0	0	0	0	0	0	0	0	0	0	0	0	0	0	0	0	0	0	0	0	0	0	
144596	Angular_L	130	0	0	0	0	0	0	0	0	0	0	0	0	0	0	0	0	0	0	0	0	0	0	0	0	0	0	0	0	0	0	0	138	0	0	0	0	0	0	0	0	0	504	0	86	0	256	0	358	0	17490	0	134	0	6510	0	2264	0	976	0	16164	0	6716	0	0	0	426	0	344	0	0	0	0	0	0	0	0	0	0	0	1504	0	0	0	16632	0	0	0	1666	0	0	0	0	0	0	0	0	0	0	0	0	0	0	0	0	0	0	0	0	0	0	0	0	0	0	0	
136228	Angular_R	0	0	0	0	0	0	0	0	0	0	0	0	0	0	0	0	0	0	0	0	0	0	0	0	0	0	0	0	0	0	0	0	0	0	0	0	0	0	0	0	0	0	0	136	0	228	0	0	0	2534	0	13950	0	0	0	76	0	2338	0	6350	0	16608	0	5914	0	0	0	2368	0	1490	0	0	0	0	0	0	0	0	0	0	0	3956	0	0	0	9008	0	0	0	3158	0	0	0	0	0	0	0	0	0	0	0	0	0	0	0	0	0	0	0	0	0	0	0	0	0	0	
340400	Precuneus_L	952	0	0	0	0	0	100	0	0	0	0	0	0	0	0	0	0	0	192	124	0	0	0	0	0	0	0	0	658	0	0	0	13014	2044	9070	1986	3300	0	1946	0	0	0	23930	1130	16758	2656	8998	98	14962	882	14128	148	904	74	7658	152	3186	0	14284	1242	1568	0	0	0	426	0	0	8228	3834	346	0	0	92	0	0	0	120	0	894	0	164	0	0	0	2688	0	0	0	4298	0	568	0	0	0	0	0	1840	0	0	0	0	0	0	0	0	0	0	0	0	0	558	0	0	0	0	0	
485088	Precuneus_R	1736	2514	0	322	0	0	172	0	0	0	0	0	0	0	0	0	0	164	264	698	0	0	0	0	0	0	0	0	542	530	0	0	1274	8170	2884	16948	1030	6622	154	3762	0	0	2116	27620	3028	20606	150	10774	338	12028	0	3682	0	816	110	8666	112	20032	114	12722	0	1962	0	1608	0	2368	8228	0	200	22794	0	0	0	292	0	0	2706	1988	420	0	0	740	0	0	100	7170	0	0	242	8270	0	152	0	0	0	0	84	3242	0	292	0	0	0	0	0	0	0	0	0	766	8220	0	0	0	0	0	
208212	Paracentral_Lobule_L	11944	3302	3324	2076	0	0	0	0	0	0	0	0	0	0	0	0	0	0	10894	14042	0	0	0	0	0	0	0	0	198	0	0	0	2478	11810	3174	286	1056	92	0	0	0	0	1890	0	1196	0	558	0	96	0	4084	0	660	0	2626	116	4752	0	728	0	286	0	76	0	344	0	3834	200	0	6132	0	0	2260	0	944	0	1546	0	0	0	464	0	0	0	2636	0	0	0	3844	0	158	0	0	0	0	0	0	0	0	0	0	0	0	0	0	0	0	0	0	0	0	0	0	0	0	0	
243324	Paracentral_Lobule_R	3060	7532	0	174	0	0	0	0	0	0	0	0	0	0	0	0	0	134	174	13508	0	0	0	0	0	0	0	0	0	0	0	0	170	17160	1032	4196	0	958	0	280	0	0	0	4270	0	2938	0	254	0	1550	0	568	0	0	0	2366	0	16086	0	2556	0	1374	0	1262	0	1490	346	22794	6132	0	124	0	0	0	0	0	450	0	0	0	0	528	0	0	0	4016	0	0	0	2868	0	0	0	0	0	0	0	0	0	0	0	0	0	0	0	0	0	0	0	0	1312	0	0	0	0	0	
239284	Caudate_L	1630	188	5574	4876	1622	480	1354	2892	0	72	1606	278	1898	2682	2446	496	354	0	8142	7610	7314	5854	894	216	248	0	4130	796	7924	1596	6994	2472	118	2826	0	0	272	0	158	0	368	0	0	0	0	0	0	0	0	0	0	0	0	0	0	0	0	0	0	0	0	0	0	0	0	0	0	0	0	124	0	7336	12760	718	2378	144	9298	0	0	0	226	0	278	0	0	0	0	0	0	0	0	0	0	0	0	0	0	0	0	0	0	0	0	0	0	0	0	0	0	0	0	0	0	0	0	0	
338044	Caudate_R	96	11088	1980	11932	620	3582	0	2244	0	692	0	1536	0	4636	392	3666	0	848	702	9092	3154	5616	3182	9506	142	3064	1786	1458	208	6072	3604	16640	0	446	0	0	0	2158	0	1298	0	0	0	0	0	0	0	0	0	0	0	0	0	0	0	1094	0	88	0	0	0	132	0	148	0	0	0	0	0	0	7336	0	2874	29222	0	1892	444	13678	0	0	0	0	0	428	0	72	0	0	0	174	0	0	0	0	0	0	0	0	0	0	0	0	0	0	0	0	0	0	0	0	0	0	0	0	0	0	
305080	Putamen_L	3092	354	22280	654	6052	0	6584	0	2172	0	1602	0	4192	156	5166	0	286	0	11906	1682	2518	2316	842	122	228	0	522	238	18974	184	4790	1776	182	100	132	0	7020	154	1370	118	978	0	0	0	0	0	0	0	0	0	0	0	0	0	1710	0	614	0	0	0	0	0	0	0	0	0	92	0	2260	0	12760	2874	0	324	11808	0	7544	216	146	0	486	0	988	0	0	0	0	0	1772	0	100	0	0	0	0	0	0	0	104	0	0	0	0	0	0	0	0	0	0	0	0	0	0	0	0	0	
373104	Putamen_R	402	4154	1774	20614	110	3570	284	7134	0	74	0	4956	0	3630	0	3512	0	4510	582	11442	0	1072	2998	9144	72	3120	90	810	0	25036	1890	12514	0	280	150	322	916	8990	464	4030	0	988	0	0	0	0	0	0	0	0	0	0	0	0	0	5064	0	1256	0	0	0	0	0	0	0	0	0	292	0	0	718	29222	324	0	0	3666	406	3468	0	406	0	648	0	724	0	288	0	0	0	436	0	0	0	0	0	0	0	0	0	0	0	0	0	0	0	0	0	0	0	0	0	0	0	0	0	0	
73448	Pallidum_L	1380	266	5452	166	0	0	1570	0	0	0	102	0	0	0	0	0	0	0	3642	550	0	0	0	0	0	0	0	0	306	0	0	0	0	0	74	0	1652	124	0	90	0	0	0	0	0	0	0	0	0	0	0	0	0	0	0	0	242	0	0	0	0	0	0	0	0	0	0	0	944	0	2378	0	11808	0	0	0	5802	176	0	0	0	0	0	0	0	0	0	0	0	0	0	0	0	0	0	0	0	0	0	0	0	0	0	0	0	0	0	0	0	0	0	0	0	0	0	0	
28896	Pallidum_R	0	1318	0	2172	0	0	0	2640	0	0	0	386	0	0	0	0	0	0	0	846	0	0	0	0	0	0	0	0	0	0	0	0	0	0	0	0	0	698	0	524	0	0	0	0	0	0	0	0	0	0	0	0	0	0	0	0	0	0	0	0	0	0	0	0	0	0	0	0	0	0	144	1892	0	3666	0	0	0	162	0	0	0	0	0	0	0	0	0	0	0	0	0	0	0	0	0	0	0	0	0	0	0	0	0	0	0	0	0	0	0	0	0	0	0	0	0	0	
246560	Thalamus_L	12904	4250	7196	552	0	0	4820	0	0	0	984	0	76	0	0	0	210	0	4372	910	0	0	0	0	0	0	0	0	8062	500	0	0	0	476	5428	5804	11486	4070	902	1068	0	0	0	0	0	0	422	0	0	0	0	0	0	0	2014	126	1204	0	0	0	112	0	78	0	0	0	120	2706	1546	450	9298	444	7544	406	5802	0	0	8998	1794	0	762	126	0	0	640	0	0	0	3618	0	496	0	0	0	0	0	0	0	504	0	0	0	0	0	0	0	0	0	0	0	0	0	0	0	0	0	
186476	Thalamus_R	2292	20782	294	3700	0	0	236	296	0	0	0	0	0	0	0	236	0	0	0	1038	0	98	0	0	0	0	0	0	138	1182	0	0	0	0	2864	5106	3360	9974	1296	5890	0	0	0	0	0	0	230	1222	0	0	0	0	0	0	106	2660	0	0	0	0	0	82	0	92	0	0	0	1988	0	0	0	13678	216	3468	176	162	8998	0	106	0	0	116	0	0	0	0	0	0	94	102	0	0	0	0	0	190	0	612	0	158	0	0	0	0	0	0	0	0	0	0	0	0	0	0	0	0	
89628	Heschl_L	3408	0	316	0	0	0	1334	0	0	0	836	0	0	0	0	0	2256	0	200	0	0	0	0	0	0	0	0	0	7914	0	0	0	0	0	1900	422	4598	426	1744	166	0	0	554	0	0	0	730	0	0	0	0	0	0	0	4476	0	1948	0	0	0	0	0	158	0	0	0	894	420	0	0	0	0	146	0	0	0	1794	106	0	0	2656	0	0	0	2216	0	0	0	2898	0	102	0	0	0	0	0	196	0	0	0	0	0	0	0	0	0	0	0	0	0	0	0	0	0	0	0	
29676	Heschl_R	0	0	0	336	0	0	0	374	0	0	0	74	0	0	0	0	0	2128	0	0	0	0	0	0	0	0	0	0	0	1714	0	0	0	0	0	0	0	1654	0	440	0	0	0	0	0	0	0	126	0	0	0	0	0	0	0	1178	0	278	0	0	0	78	0	134	0	0	0	0	0	0	0	0	0	406	0	0	0	0	0	0	0	5552	0	0	0	246	0	0	0	120	0	0	0	0	0	0	0	0	0	0	0	0	0	0	0	0	0	0	0	0	0	0	0	0	0	0	
238920	Temporal_Sup_L	3796	0	3212	148	0	0	1518	0	0	0	3906	0	412	0	0	0	7690	0	3688	262	584	0	0	0	0	0	0	0	13882	0	0	0	0	0	412	0	2838	0	500	0	760	0	358	0	0	0	0	0	94	0	2408	0	258	0	3540	0	5698	0	222	0	1144	0	6852	0	1504	0	164	0	464	0	226	0	486	0	0	0	762	0	2656	0	0	0	5288	0	25334	0	102	0	18292	0	0	0	0	0	0	0	0	0	0	0	0	0	0	0	0	0	0	0	0	0	0	0	0	0	0	0	
109352	Temporal_Sup_R	98	124	0	168	0	0	0	154	0	0	0	82	0	0	0	210	0	2542	0	72	0	0	0	0	0	0	0	0	0	2788	0	0	0	0	128	250	108	2290	0	544	0	0	0	0	0	80	0	268	0	128	0	1360	0	0	0	2064	0	3924	0	782	0	720	0	5358	0	3956	0	740	0	528	0	0	0	648	0	0	126	116	0	5552	0	0	0	1486	0	14906	0	72	0	2304	0	0	0	0	0	0	0	0	0	0	0	0	0	0	0	0	0	0	0	0	0	0	0	0	0	0	
95448	Temporal_Pole_Sup_L	0	0	988	98	920	0	268	0	352	0	1910	0	1314	0	3530	0	1578	0	662	220	932	0	0	0	0	0	0	0	4786	0	0	0	0	0	0	0	496	0	1896	0	722	0	0	0	0	0	0	0	0	0	0	0	0	0	4840	0	0	0	0	0	0	0	0	0	0	0	0	0	0	0	278	0	988	0	0	0	0	0	0	0	5288	0	0	0	7098	0	3928	0	4632	0	0	0	0	0	0	0	0	0	0	0	0	0	0	0	0	0	0	0	0	0	0	0	0	0	0	0	
59000	Temporal_Pole_Sup_R	0	0	0	542	0	128	0	0	0	0	0	1182	0	236	0	932	0	1310	0	596	0	256	0	0	0	0	0	110	0	1828	0	0	0	0	0	0	0	236	0	3492	0	2472	0	0	0	0	0	0	0	0	0	0	0	0	0	5888	0	0	0	0	0	0	0	0	0	0	0	0	0	0	0	428	0	724	0	0	0	0	0	0	0	1486	0	0	0	3086	0	1974	0	2594	0	0	0	0	0	0	0	0	0	0	0	0	0	0	0	0	0	0	0	0	0	0	0	0	0	0	
439104	Temporal_Mid_L	3532	0	574	0	0	0	114	0	0	0	244	0	0	0	0	0	690	0	602	0	180	0	0	0	0	0	0	0	4586	0	0	0	812	0	486	102	1746	100	208	0	202	0	11398	0	1278	0	1624	0	2266	0	43738	0	4984	0	16866	0	4498	0	1570	0	4760	0	5878	0	16632	0	2688	100	2636	0	0	0	0	0	0	0	640	0	2216	0	25334	0	7098	0	0	0	3514	0	45656	0	0	0	0	0	0	0	0	0	0	0	0	0	0	0	0	0	0	0	0	0	0	0	0	0	0	0	
225708	Temporal_Mid_R	0	128	0	0	0	0	0	0	0	0	0	0	0	0	0	474	0	170	0	0	0	0	0	0	0	0	0	0	0	908	0	0	0	120	0	88	0	1460	0	642	0	0	0	4618	88	1530	0	380	0	1322	0	10696	0	1434	0	5728	0	8576	0	3004	0	2822	0	2212	0	9008	0	7170	0	4016	0	72	0	288	0	0	0	0	0	246	0	14906	0	3086	0	0	0	682	0	26980	0	0	0	0	0	0	0	0	0	0	0	0	0	0	0	0	0	0	0	0	0	0	0	0	0	0	
38372	Temporal_Pole_Mid_L	0	0	0	0	0	0	0	0	0	0	0	0	0	0	0	0	0	0	0	0	84	0	0	0	0	0	0	0	402	0	0	0	0	0	0	0	298	0	1814	0	334	0	0	0	0	0	0	0	0	0	0	0	0	0	4892	0	0	0	0	0	0	0	0	0	0	0	0	0	0	0	0	0	0	0	0	0	0	0	0	0	102	0	3928	0	3514	0	0	0	3818	0	0	0	0	0	0	0	0	0	0	0	0	0	0	0	0	0	0	0	0	0	0	0	0	0	0	0	
16332	Temporal_Pole_Mid_R	0	0	0	0	0	0	0	0	0	0	0	0	0	0	0	120	0	0	0	0	0	0	0	0	0	0	0	0	0	0	0	0	0	0	0	0	0	78	0	862	0	260	0	0	0	0	0	0	0	0	0	0	0	0	0	2346	0	0	0	0	0	0	0	0	0	0	0	0	0	0	0	0	0	0	0	0	0	0	0	0	0	72	0	1974	0	682	0	0	0	1772	0	0	0	0	0	0	0	0	0	0	0	0	0	0	0	0	0	0	0	0	0	0	0	0	0	0	
460492	Temporal_Inf_L	6766	0	1674	0	0	0	184	0	0	0	120	0	0	0	0	0	562	0	2208	0	196	0	0	0	0	0	0	0	8582	0	0	0	530	0	944	246	12146	240	3428	150	1172	0	8136	0	822	0	2182	0	802	0	22742	0	8130	0	38110	0	4692	0	990	0	2286	0	2752	0	1666	0	4298	242	3844	0	0	0	1772	0	0	0	3618	94	2898	0	18292	0	4632	0	45656	0	3818	0	0	0	5614	0	102	0	92	0	420	0	2258	0	138	0	0	0	0	0	0	0	0	0	0	0	0	0	0	0	
208616	Temporal_Inf_R	0	224	0	0	0	0	0	0	0	0	0	0	0	154	0	0	0	0	0	0	0	0	0	0	0	0	0	0	0	922	0	0	0	214	0	72	0	2074	0	968	0	280	0	10468	0	2174	0	2300	0	820	0	1374	0	3462	0	18734	0	5166	0	2150	0	1858	0	842	0	3158	0	8270	0	2868	0	174	0	436	0	0	0	102	0	120	0	2304	0	2594	0	26980	0	1772	0	0	0	568	0	0	0	0	0	168	0	430	0	0	0	0	0	0	0	0	0	0	108	0	0	0	0	0	
522864	Cerebelum_Crus1_L	238	0	142	0	0	0	0	0	0	0	0	0	0	0	0	0	0	0	196	0	0	0	0	0	0	0	0	0	230	0	0	0	0	0	0	0	470	0	226	0	0	0	576	0	0	0	15114	2872	0	0	208	0	506	0	31464	2032	0	0	0	0	0	0	0	0	0	0	568	0	158	0	0	0	100	0	0	0	496	0	102	0	0	0	0	0	0	0	0	0	5614	0	0	3432	36698	3098	3680	164	22486	2764	60176	5570	18376	1736	15914	2100	2994	176	672	0	410	736	4000	5952	6646	1532	464	344	
409072	Cerebelum_Crus1_R	0	0	0	0	0	0	0	0	0	0	0	0	0	0	0	0	0	0	0	0	0	0	0	0	0	0	0	0	0	0	0	0	0	0	0	0	0	272	0	416	0	0	0	98	0	0	3214	7484	0	0	0	0	0	0	1890	17296	0	0	0	0	0	0	0	0	0	0	0	152	0	0	0	0	0	0	0	0	0	0	0	0	0	0	0	0	0	0	0	0	0	568	3432	0	786	26920	1230	2844	3646	18896	8218	54828	76	4810	260	14074	0	4640	0	632	448	1856	8408	11102	5396	514	130	0	
300288	Cerebelum_Crus2_L	0	0	0	0	0	0	0	0	0	0	0	0	0	0	0	0	0	0	0	0	0	0	0	0	0	0	0	0	0	0	0	0	0	0	0	0	0	0	0	0	0	0	0	0	0	0	452	284	0	0	0	0	0	0	1362	278	0	0	0	0	0	0	0	0	0	0	0	0	0	0	0	0	0	0	0	0	0	0	0	0	0	0	0	0	0	0	0	0	102	0	36698	786	0	6474	1500	0	2414	246	7292	1162	38004	3632	29988	2262	6716	0	806	0	192	396	294	1646	5208	1620	190	140	
251076	Cerebelum_Crus2_R	0	0	0	0	0	0	0	0	0	0	0	0	0	0	0	0	0	0	0	0	0	0	0	0	0	0	0	0	0	0	0	0	0	0	0	0	0	0	0	0	0	0	0	0	0	0	224	228	0	0	0	0	0	0	168	370	0	0	0	0	0	0	0	0	0	0	0	0	0	0	0	0	0	0	0	0	0	0	0	0	0	0	0	0	0	0	0	0	0	0	3098	26920	6474	0	348	612	314	652	976	5234	2598	23094	1880	31158	78	7544	0	360	296	608	352	1026	7736	2768	292	130	
122944	Cerebelum_3_L	0	0	0	0	0	0	0	0	0	0	0	0	0	0	0	0	0	0	0	0	0	0	0	0	0	0	0	0	0	0	0	0	0	0	0	0	0	92	1830	0	0	0	0	0	0	0	2736	1512	0	0	0	0	0	0	876	1408	0	0	0	0	0	0	0	0	0	0	0	0	0	0	0	0	0	0	0	0	0	0	0	0	0	0	0	0	0	0	0	0	92	0	3680	1230	1500	348	0	194	11782	1550	7262	2910	228	96	2466	1364	1256	258	90	0	2140	3966	2540	3052	2000	1488	874	652	
67108	Cerebelum_3_R	0	0	0	0	0	0	0	0	0	0	0	0	0	0	0	0	0	0	0	0	0	0	0	0	0	0	0	0	0	0	0	0	0	0	0	0	390	596	326	1206	0	0	0	0	0	0	74	2242	0	0	0	0	0	0	0	1052	0	0	0	0	0	0	0	0	0	0	0	0	0	0	0	0	0	0	0	0	0	190	0	0	0	0	0	0	0	0	0	0	0	0	164	2844	0	612	194	0	310	6184	322	5124	0	134	154	1936	0	774	0	0	1582	3454	930	468	252	1058	982	0	
342168	Cerebelum_4_5_L	72	0	0	0	0	0	0	0	0	0	0	0	0	0	0	0	0	0	0	0	0	0	0	0	0	0	0	0	120	0	0	0	0	0	296	0	612	168	2866	114	0	0	522	0	0	0	18228	6426	0	0	0	0	0	0	13102	3346	0	0	0	0	0	0	0	0	0	0	1840	84	0	0	0	0	0	0	0	0	0	0	196	0	0	0	0	0	0	0	0	0	420	0	22486	3646	2414	314	11782	310	0	7210	35358	6716	1186	72	3574	840	1680	206	292	0	548	2488	12268	5232	1360	1028	722	940	
335884	Cerebelum_4_5_R	0	0	0	0	0	0	0	0	0	0	0	0	0	0	0	0	0	0	0	0	0	0	0	0	0	0	0	0	0	0	0	0	0	0	0	112	346	2674	224	4610	0	0	84	1408	0	0	4772	19648	0	0	0	0	0	0	3226	16114	0	0	0	0	0	0	0	0	0	0	0	3242	0	0	0	0	0	0	0	0	0	612	0	0	0	0	0	0	0	0	0	0	0	168	2764	18896	246	652	1550	6184	7210	0	7846	30936	0	92	206	2150	0	652	0	376	644	4032	18410	5232	734	1084	712	94	
550500	Cerebelum_6_L	0	0	144	0	0	0	0	0	0	0	0	0	0	0	0	0	0	0	210	0	0	0	0	0	0	0	0	0	156	0	0	0	0	0	0	0	534	0	336	0	0	0	82	76	0	0	23962	9646	0	0	166	0	340	0	35090	7156	0	0	0	0	0	0	0	0	0	0	0	0	0	0	0	0	104	0	0	0	504	0	0	0	0	0	0	0	0	0	0	0	2258	0	60176	8218	7292	976	7262	322	35358	7846	0	14048	2806	240	5474	1618	1060	420	106	0	1188	2778	11046	16580	5288	2002	1216	1166	
456248	Cerebelum_6_R	0	0	0	0	0	0	0	0	0	0	0	0	0	0	0	0	0	0	0	0	0	0	0	0	0	0	0	0	0	0	0	0	0	0	0	0	0	552	0	798	0	0	0	166	0	0	5356	13420	0	0	0	0	0	0	3308	24182	0	0	0	0	0	0	0	0	0	0	0	292	0	0	0	0	0	0	0	0	0	158	0	0	0	0	0	0	0	0	0	0	0	430	5570	54828	1162	5234	2910	5124	6716	30936	14048	0	76	838	564	4354	136	1056	0	718	1216	3844	13852	17726	5540	1638	984	392	
233660	Cerebelum_7b_L	0	0	0	0	0	0	0	0	0	0	0	0	0	0	0	0	0	0	0	0	0	0	0	0	0	0	0	0	0	0	0	0	0	0	0	0	0	0	0	0	0	0	0	0	0	0	130	0	0	0	0	0	0	0	1280	0	0	0	0	0	0	0	0	0	0	0	0	0	0	0	0	0	0	0	0	0	0	0	0	0	0	0	0	0	0	0	0	0	138	0	18376	76	38004	2598	228	0	1186	0	2806	76	0	1250	32710	2704	7344	98	758	0	102	122	0	174	3488	2910	198	74	
129892	Cerebelum_7b_R	0	0	0	0	0	0	0	0	0	0	0	0	0	0	0	0	0	0	0	0	0	0	0	0	0	0	0	0	0	0	0	0	0	0	0	0	0	0	0	0	0	0	0	0	0	0	0	0	0	0	0	0	0	0	0	0	0	0	0	0	0	0	0	0	0	0	0	0	0	0	0	0	0	0	0	0	0	0	0	0	0	0	0	0	0	0	0	0	0	0	1736	4810	3632	23094	96	134	72	92	240	838	1250	0	612	20062	0	3334	0	0	94	170	86	164	3294	1136	0	0	
288908	Cerebelum_8_L	0	0	0	0	0	0	0	0	0	0	0	0	0	0	0	0	0	0	0	0	0	0	0	0	0	0	0	0	0	0	0	0	0	0	0	0	0	0	0	0	0	0	0	0	0	0	218	260	0	0	0	0	0	0	1082	240	0	0	0	0	0	0	0	0	0	0	0	0	0	0	0	0	0	0	0	0	0	0	0	0	0	0	0	0	0	0	0	0	0	0	15914	260	29988	1880	2466	154	3574	206	5474	564	32710	612	0	4594	21002	860	2752	0	668	904	404	1416	5668	6700	2160	1724	
282840	Cerebelum_8_R	0	0	0	0	0	0	0	0	0	0	0	0	0	0	0	0	0	0	0	0	0	0	0	0	0	0	0	0	0	0	0	0	0	0	0	0	0	0	0	132	0	0	0	0	0	0	112	664	0	0	0	0	0	0	0	912	0	0	0	0	0	0	0	0	0	0	0	0	0	0	0	0	0	0	0	0	0	0	0	0	0	0	0	0	0	0	0	0	0	0	2100	14074	2262	31158	1364	1936	840	2150	1618	4354	2704	20062	4594	0	766	22000	0	922	1824	2442	1242	1138	6182	8648	4314	906	
108236	Cerebelum_9_L	0	0	0	0	0	0	0	0	0	0	0	0	0	0	0	0	0	0	0	0	0	0	0	0	0	0	0	0	0	0	0	0	0	0	0	0	0	0	0	0	0	0	0	0	0	0	0	0	0	0	0	0	0	0	0	0	0	0	0	0	0	0	0	0	0	0	0	0	0	0	0	0	0	0	0	0	0	0	0	0	0	0	0	0	0	0	0	0	0	0	2994	0	6716	78	1256	0	1680	0	1060	136	7344	0	21002	766	0	574	3620	0	224	282	126	400	1212	2048	1432	1168	
113984	Cerebelum_9_R	0	0	0	0	0	0	0	0	0	0	0	0	0	0	0	0	0	0	0	0	0	0	0	0	0	0	0	0	0	0	0	0	0	0	0	0	0	0	0	0	0	0	0	0	0	0	0	0	0	0	0	0	0	0	0	272	0	0	0	0	0	0	0	0	0	0	0	0	0	0	0	0	0	0	0	0	0	0	0	0	0	0	0	0	0	0	0	0	0	0	176	4640	0	7544	258	774	206	652	420	1056	98	3334	860	22000	574	0	0	792	1168	622	262	464	992	3786	4652	1390	
18192	Cerebelum_10_L	0	0	0	0	0	0	0	0	0	0	0	0	0	0	0	0	0	0	0	0	0	0	0	0	0	0	0	0	0	0	0	0	0	0	0	0	0	0	0	0	0	0	0	0	0	0	0	0	0	0	0	0	0	0	0	0	0	0	0	0	0	0	0	0	0	0	0	0	0	0	0	0	0	0	0	0	0	0	0	0	0	0	0	0	0	0	0	0	0	0	672	0	806	0	90	0	292	0	106	0	758	0	2752	0	3620	0	0	0	0	0	0	0	0	0	0	0	
8256	Cerebelum_10_R	0	0	0	0	0	0	0	0	0	0	0	0	0	0	0	0	0	0	0	0	0	0	0	0	0	0	0	0	0	0	0	0	0	0	0	0	0	0	0	0	0	0	0	0	0	0	0	0	0	0	0	0	0	0	0	120	0	0	0	0	0	0	0	0	0	0	0	0	0	0	0	0	0	0	0	0	0	0	0	0	0	0	0	0	0	0	0	0	0	0	0	632	0	360	0	0	0	376	0	718	0	0	0	922	0	792	0	0	0	74	134	0	0	0	0	0	
55036	Vermis_1_2	0	0	0	0	0	0	0	0	0	0	0	0	0	0	0	0	0	0	0	0	0	0	0	0	0	0	0	0	0	0	0	0	0	0	0	0	0	0	0	0	0	0	0	0	0	0	0	530	0	0	0	0	0	0	0	528	0	0	0	0	0	0	0	0	0	0	0	0	0	0	0	0	0	0	0	0	0	0	0	0	0	0	0	0	0	0	0	0	0	0	410	448	192	296	2140	1582	548	644	1188	1216	102	94	668	1824	224	1168	0	0	0	5942	332	1054	1442	2058	2020	868	
110428	Vermis_3	0	0	0	0	0	0	0	0	0	0	0	0	0	0	0	0	0	0	0	0	0	0	0	0	0	0	0	0	0	0	0	0	0	0	0	0	688	510	702	948	0	0	0	160	0	0	318	2636	0	0	0	0	0	0	84	1582	0	0	0	0	0	0	0	0	0	0	0	766	0	0	0	0	0	0	0	0	0	0	0	0	0	0	0	0	0	0	0	0	0	0	736	1856	396	608	3966	3454	2488	4032	2778	3844	122	170	904	2442	282	622	0	74	5942	0	3618	2124	1946	2072	1574	770	
288216	Vermis_4_5	0	412	0	0	0	0	0	0	0	0	0	0	0	0	0	0	0	0	0	0	0	0	0	0	0	0	0	0	0	0	0	0	74	1540	370	4866	0	1010	0	1030	0	0	264	1720	110	0	6114	14478	0	0	0	0	0	0	3748	8854	0	252	0	0	0	0	0	0	0	0	558	8220	0	1312	0	0	0	0	0	0	0	0	0	0	0	0	0	0	0	0	0	0	0	108	4000	8408	294	352	2540	930	12268	18410	11046	13852	0	86	404	1242	126	262	0	134	332	3618	0	6938	1062	1036	738	990	
242652	Vermis_6	0	0	0	0	0	0	0	0	0	0	0	0	0	0	0	0	0	0	0	0	0	0	0	0	0	0	0	0	0	0	0	0	0	0	0	0	0	0	0	0	0	0	0	74	0	0	6924	8202	0	0	0	0	0	0	4038	7368	0	0	0	0	0	0	0	0	0	0	0	0	0	0	0	0	0	0	0	0	0	0	0	0	0	0	0	0	0	0	0	0	0	0	5952	11102	1646	1026	3052	468	5232	5232	16580	17726	174	164	1416	1138	400	464	0	0	1054	2124	6938	0	6270	2142	2018	2402	
