data	data	293672	210816	1.17847e+06	895080	156300	85012	495416	269424	80436	8776	216108	182108	295360	211520	209836	107892	147968	110236	961236	1.00368e+06	92844	102012	366868	324032	31992	87912	93232	106536	506488	384312	269284	424912	150716	682932	123672	136548	219460	278344	74544	138268	35192	68292	145496	260196	110344	237504	213008	197304	109236	243400	300988	201996	96052	60528	256444	369536	222296	153400	65124	75092	212116	79124	106100	95336	165056	100736	178476	331472	145332	226100	382724	562220	337728	417788	53056	33344	167220	207128	38252	16280	190224	94636	73340	62204	291536	187632	26040	29492	228520	188304	348080	344052	267976	204492	19780	18276	230632	166444	350336	331024	180556	121780	271880	218616	180976	114288	22076	10252	9100	19668	156996	145268	188076	98068	86084	18928	
data	data	Precentral_L	Precentral_R	Frontal_Sup_L	Frontal_Sup_R	Frontal_Sup_Orb_L	Frontal_Sup_Orb_R	Frontal_Mid_L	Frontal_Mid_R	Frontal_Mid_Orb_L	Frontal_Mid_Orb_R	Frontal_Inf_Oper_L	Frontal_Inf_Oper_R	Frontal_Inf_Tri_L	Frontal_Inf_Tri_R	Frontal_Inf_Orb_L	Frontal_Inf_Orb_R	Rolandic_Oper_L	Rolandic_Oper_R	Supp_Motor_Area_L	Supp_Motor_Area_R	Olfactory_L	Olfactory_R	Frontal_Sup_Medial_L	Frontal_Sup_Medial_R	Frontal_Med_Orb_L	Frontal_Med_Orb_R	Rectus_L	Rectus_R	Insula_L	Insula_R	Cingulum_Ant_L	Cingulum_Ant_R	Cingulum_Mid_L	Cingulum_Mid_R	Cingulum_Post_L	Cingulum_Post_R	Hippocampus_L	Hippocampus_R	ParaHippocampal_L	ParaHippocampal_R	Amygdala_L	Amygdala_R	Calcarine_L	Calcarine_R	Cuneus_L	Cuneus_R	Lingual_L	Lingual_R	Occipital_Sup_L	Occipital_Sup_R	Occipital_Mid_L	Occipital_Mid_R	Occipital_Inf_L	Occipital_Inf_R	Fusiform_L	Fusiform_R	Postcentral_L	Postcentral_R	Parietal_Sup_L	Parietal_Sup_R	Parietal_Inf_L	Parietal_Inf_R	SupraMarginal_L	SupraMarginal_R	Angular_L	Angular_R	Precuneus_L	Precuneus_R	Paracentral_Lobule_L	Paracentral_Lobule_R	Caudate_L	Caudate_R	Putamen_L	Putamen_R	Pallidum_L	Pallidum_R	Thalamus_L	Thalamus_R	Heschl_L	Heschl_R	Temporal_Sup_L	Temporal_Sup_R	Temporal_Pole_Sup_L	Temporal_Pole_Sup_R	Temporal_Mid_L	Temporal_Mid_R	Temporal_Pole_Mid_L	Temporal_Pole_Mid_R	Temporal_Inf_L	Temporal_Inf_R	Cerebelum_Crus1_L	Cerebelum_Crus1_R	Cerebelum_Crus2_L	Cerebelum_Crus2_R	Cerebelum_3_L	Cerebelum_3_R	Cerebelum_4_5_L	Cerebelum_4_5_R	Cerebelum_6_L	Cerebelum_6_R	Cerebelum_7b_L	Cerebelum_7b_R	Cerebelum_8_L	Cerebelum_8_R	Cerebelum_9_L	Cerebelum_9_R	Cerebelum_10_L	Cerebelum_10_R	Vermis_1_2	Vermis_3	Vermis_4_5	Vermis_6	Vermis_7	Vermis_8	Vermis_9	Vermis_10	
293672	Precentral_L	0	904	10744	1320	0	0	10142	0	0	0	8520	0	1524	0	0	0	4892	0	8912	9960	0	0	0	0	0	0	0	0	7800	0	0	0	630	9100	1702	1056	2636	292	0	0	0	0	0	252	0	0	0	268	138	0	1094	0	0	0	242	0	20518	0	0	0	1912	0	578	0	520	0	396	336	14724	2168	9110	316	3096	0	330	0	7880	326	802	0	1340	0	0	0	356	0	0	0	0	0	0	0	0	0	0	0	0	0	0	0	0	0	0	0	0	0	0	0	0	0	0	0	0	0	0	0	
210816	Precentral_R	904	0	786	4588	0	0	0	7760	0	0	0	4162	0	246	0	204	0	916	1152	13132	0	0	0	0	0	0	0	0	0	2686	0	0	0	9046	1654	2220	0	2726	0	0	0	0	0	480	0	378	0	0	0	282	0	676	0	590	0	328	0	20302	0	188	0	946	0	1330	0	700	0	1910	592	11240	486	3214	0	2800	0	432	0	3214	0	0	0	344	0	0	0	1022	0	0	0	1772	0	0	0	0	0	0	0	0	0	0	0	0	0	0	0	0	0	0	0	0	0	0	0	0	0	0	
1.17847e+06	Frontal_Sup_L	10744	786	0	16592	11570	0	81378	1546	5274	0	16282	710	27830	1008	14330	318	9214	0	130668	26024	0	0	44774	8380	360	158	240	0	36420	1110	17178	6962	4318	11928	0	0	3560	188	0	0	0	0	0	0	0	0	0	192	0	0	0	0	0	0	0	0	2336	482	0	0	676	0	704	0	0	0	0	0	2084	0	28084	3726	32714	508	6366	0	19140	306	0	0	1228	0	838	0	0	0	0	0	0	0	0	0	0	0	0	0	0	0	0	0	0	0	0	0	0	0	0	0	0	0	0	0	0	0	0	0	
895080	Frontal_Sup_R	1320	4588	16592	0	0	2880	2516	34288	0	0	0	11200	712	7338	302	3012	0	6682	27944	87222	342	684	12792	33548	0	3658	224	1226	482	16976	3936	26176	3228	29382	1120	1098	798	4806	180	412	0	0	0	0	0	0	0	0	0	0	0	0	0	206	0	478	0	2266	0	0	0	188	0	714	0	0	0	0	1164	1022	3452	45074	396	21188	0	2312	474	19228	0	0	0	916	0	516	0	0	0	0	0	282	0	0	0	0	0	0	0	0	0	0	0	0	0	0	0	0	0	0	0	0	0	0	0	0	0	0	
156300	Frontal_Sup_Orb_L	0	0	11570	0	0	158	1714	0	13836	0	606	0	1030	0	14554	0	0	0	892	0	2576	708	1854	0	2594	148	8124	384	5096	0	3600	254	0	0	0	0	0	0	0	0	0	0	0	0	0	0	0	0	0	0	0	0	0	0	0	0	0	0	0	0	0	0	0	0	0	0	0	0	0	0	2012	328	5746	0	0	0	0	0	0	0	0	0	366	0	0	0	0	0	0	0	0	0	0	0	0	0	0	0	0	0	0	0	0	0	0	0	0	0	0	0	0	0	0	0	0	0	
85012	Frontal_Sup_Orb_R	0	0	0	2880	158	0	0	458	0	1436	0	0	0	0	0	3196	0	0	0	172	1668	3248	0	3246	0	6748	1274	10576	0	534	576	2144	0	0	0	0	0	0	0	0	0	0	0	0	0	0	0	0	0	0	0	0	0	0	0	0	0	0	0	0	0	0	0	0	0	0	0	0	0	0	1744	1186	366	896	0	0	0	0	0	0	0	0	0	0	0	0	0	0	0	0	0	0	0	0	0	0	0	0	0	0	0	0	0	0	0	0	0	0	0	0	0	0	0	0	0	0	
495416	Frontal_Mid_L	10142	0	81378	2516	1714	0	0	248	2128	0	18160	136	35090	350	7280	0	5650	0	17946	830	0	0	19628	3416	0	0	0	0	21422	294	4070	2260	2206	2224	0	0	412	0	0	0	0	0	0	0	0	0	0	0	0	0	0	0	0	0	0	0	0	0	0	0	0	0	0	0	0	0	0	0	0	0	2362	878	2584	0	0	0	212	0	0	0	1588	0	584	0	0	0	0	0	0	0	0	0	0	0	0	0	0	0	0	0	0	0	0	0	0	0	0	0	0	0	0	0	0	0	0	0	
269424	Frontal_Mid_R	0	7760	1546	34288	0	458	248	0	0	580	692	9362	248	15214	0	2968	0	686	2528	4714	0	178	0	1370	0	0	0	360	606	5660	0	1334	0	2098	0	0	318	3254	0	600	0	0	0	0	0	0	0	0	0	0	0	0	0	224	0	1016	0	1916	0	0	0	138	0	694	0	0	0	0	0	0	2068	10456	234	14420	0	3726	0	2146	0	0	0	190	0	0	0	0	0	0	0	414	0	0	0	0	0	0	0	0	0	0	0	0	0	0	0	0	0	0	0	0	0	0	0	0	0	0	
80436	Frontal_Mid_Orb_L	0	0	5274	0	13836	0	2128	0	0	0	0	0	392	0	12008	0	0	0	0	0	0	0	326	0	642	0	2554	0	1374	0	664	0	0	0	0	0	0	0	0	0	0	0	0	0	0	0	0	0	0	0	0	0	0	0	0	0	0	0	0	0	0	0	0	0	0	0	0	0	0	0	0	0	1020	0	0	0	0	0	0	0	0	0	0	0	0	0	0	0	0	0	0	0	0	0	0	0	0	0	0	0	0	0	0	0	0	0	0	0	0	0	0	0	0	0	0	0	
8776	Frontal_Mid_Orb_R	0	0	0	0	0	1436	0	580	0	0	0	0	0	0	0	2022	0	0	0	0	0	0	0	0	0	0	0	204	0	0	0	0	0	0	0	0	0	0	0	0	0	0	0	0	0	0	0	0	0	0	0	0	0	0	0	0	0	0	0	0	0	0	0	0	0	0	0	0	0	0	0	0	0	146	0	0	0	0	0	0	0	0	0	0	0	0	0	0	0	0	0	0	0	0	0	0	0	0	0	0	0	0	0	0	0	0	0	0	0	0	0	0	0	0	0	0	
216108	Frontal_Inf_Oper_L	8520	0	16282	0	606	0	18160	692	0	0	0	210	17214	982	216	158	4610	0	9672	0	0	0	400	0	0	0	0	0	19332	554	0	0	0	0	0	0	394	0	0	0	0	0	0	0	0	0	0	0	0	0	0	0	0	0	0	0	1506	0	0	0	0	0	0	0	0	0	0	0	0	0	2730	1656	2832	0	0	0	186	0	0	0	504	0	638	0	0	0	0	0	0	0	0	0	0	0	0	0	0	0	0	0	0	0	0	0	0	0	0	0	0	0	0	0	0	0	0	0	
182108	Frontal_Inf_Oper_R	0	4162	710	11200	0	0	136	9362	0	0	210	0	0	10428	0	0	0	5792	2420	8176	0	0	0	0	0	0	0	0	230	15934	0	752	0	2330	0	0	0	534	0	0	0	0	0	0	0	0	0	0	0	0	0	0	0	0	0	138	0	1670	0	0	0	0	0	0	0	0	0	0	0	0	426	6566	0	7938	0	574	0	152	0	0	0	624	0	590	0	0	0	0	0	0	0	0	0	0	0	0	0	0	0	0	0	0	0	0	0	0	0	0	0	0	0	0	0	0	0	0	
295360	Frontal_Inf_Tri_L	1524	0	27830	712	1030	0	35090	248	392	0	17214	0	0	582	17214	0	246	0	9728	902	0	0	3826	900	0	0	0	0	19164	816	706	208	842	734	0	0	0	0	0	0	0	0	0	0	0	0	0	0	0	0	0	0	0	0	0	0	0	0	0	0	0	0	0	0	0	0	0	0	0	0	3358	1360	1722	308	0	0	0	0	0	0	0	0	1024	0	0	0	0	0	0	0	0	0	0	0	0	0	0	0	0	0	0	0	0	0	0	0	0	0	0	0	0	0	0	0	0	0	
211520	Frontal_Inf_Tri_R	0	246	1008	7338	0	0	350	15214	0	0	982	10428	582	0	142	6440	0	628	3264	7816	0	0	0	306	0	0	0	0	776	18528	132	2810	0	4220	0	0	0	754	0	142	0	0	0	0	0	0	0	0	0	0	0	0	0	0	0	302	0	256	0	0	0	0	0	140	0	0	0	0	0	0	2806	11276	390	7642	0	0	0	586	0	0	0	256	0	0	0	0	0	0	0	0	0	0	0	0	0	0	0	0	0	0	0	0	0	0	0	0	0	0	0	0	0	0	0	0	0	0	
209836	Frontal_Inf_Orb_L	0	0	14330	302	14554	0	7280	0	12008	0	216	0	17214	142	0	0	0	0	3072	236	2534	198	1268	316	0	0	2496	0	18430	304	210	0	178	222	0	0	154	0	158	0	232	0	0	0	0	0	0	0	0	0	0	0	0	0	0	0	0	0	0	0	0	0	0	0	0	0	0	0	0	0	2940	670	2970	0	0	0	0	0	0	0	152	0	2132	0	0	0	0	0	0	0	0	0	0	0	0	0	0	0	0	0	0	0	0	0	0	0	0	0	0	0	0	0	0	0	0	0	
107892	Frontal_Inf_Orb_R	0	204	318	3012	0	3196	0	2968	0	2022	158	0	0	6440	0	0	0	0	770	2546	360	1194	0	574	0	0	272	1974	182	8642	0	800	0	206	0	0	0	0	0	0	0	0	0	0	0	0	0	0	0	0	0	0	0	0	0	178	0	0	0	0	0	0	0	0	0	0	0	0	0	0	1208	6938	156	6584	0	0	0	506	0	0	0	766	0	1632	0	0	0	0	0	140	0	0	0	0	0	0	0	0	0	0	0	0	0	0	0	0	0	0	0	0	0	0	0	0	0	0	
147968	Rolandic_Oper_L	4892	0	9214	0	0	0	5650	0	0	0	4610	0	246	0	0	0	0	0	6086	0	0	0	0	0	0	0	0	0	17272	0	0	0	0	0	0	0	624	0	0	0	0	0	0	0	0	0	0	0	0	0	152	0	0	0	0	0	7478	0	0	0	1272	0	2246	0	524	0	0	0	0	0	330	0	2424	0	572	0	274	136	1914	0	5538	0	960	0	1346	0	0	0	224	0	0	0	0	0	0	0	0	0	0	0	0	0	0	0	0	0	0	0	0	0	0	0	0	0	0	0	
110236	Rolandic_Oper_R	0	916	0	6682	0	0	0	686	0	0	0	5792	0	628	0	0	0	0	884	4064	0	0	0	0	0	0	0	0	0	12078	0	0	0	0	0	0	0	772	0	0	0	0	0	0	0	0	0	0	0	0	0	0	0	0	0	0	0	2332	0	0	0	636	0	2728	0	508	0	0	0	0	0	4224	0	5512	0	428	0	778	0	978	0	3506	0	694	0	156	0	0	0	136	0	0	0	0	0	0	0	0	0	0	0	0	0	0	0	0	0	0	0	0	0	0	0	0	0	0	
961236	Supp_Motor_Area_L	8912	1152	130668	27944	892	0	17946	2528	0	0	9672	2420	9728	3264	3072	770	6086	884	0	54478	0	0	9658	5954	0	0	0	0	19894	5160	3686	7404	11506	26646	330	0	4002	566	0	0	0	0	0	0	0	0	0	0	0	0	0	0	0	0	0	0	2280	502	0	0	696	0	704	0	152	0	0	146	6018	0	27136	7584	26342	4088	8260	0	20006	444	0	0	730	0	164	0	144	0	0	0	0	0	0	0	0	0	0	0	0	0	0	0	0	0	0	0	0	0	0	0	0	0	0	0	0	0	0	0	
1.00368e+06	Supp_Motor_Area_R	9960	13132	26024	87222	0	172	830	4714	0	0	0	8176	902	7816	236	2546	0	4064	54478	0	0	0	3100	6426	0	0	0	162	604	15508	1776	14238	8094	70656	3214	4192	266	3534	0	336	0	0	0	2610	0	2168	0	234	0	2606	0	2398	0	574	0	522	0	2760	0	1060	0	288	0	430	0	362	368	8750	10472	29164	2722	42218	218	13358	0	366	206	19974	0	0	0	908	0	348	0	2122	0	0	0	2254	0	0	0	0	0	0	0	0	0	0	0	0	0	0	0	0	0	0	0	0	0	0	0	0	0	0	
92844	Olfactory_L	0	0	0	342	2576	1668	0	0	0	0	0	0	0	0	2534	360	0	0	0	0	0	6320	0	176	844	766	6432	2994	2950	0	2936	2094	0	0	0	0	384	0	1022	0	902	0	0	0	0	0	0	0	0	0	0	0	0	0	150	0	0	0	0	0	0	0	0	0	0	0	0	0	0	0	7772	1650	1304	0	0	0	0	0	0	0	0	0	246	0	0	0	0	0	0	0	0	0	0	0	0	0	0	0	0	0	0	0	0	0	0	0	0	0	0	0	0	0	0	0	0	0	
102012	Olfactory_R	0	0	0	684	708	3248	0	178	0	0	0	0	0	0	198	1194	0	0	0	0	6320	0	0	724	414	1976	4768	7188	0	1556	2766	4064	0	0	0	0	0	0	0	0	0	148	0	0	0	0	0	0	0	0	0	0	0	0	0	0	0	0	0	0	0	0	0	0	0	0	0	0	0	0	8096	4904	1540	332	0	0	0	0	0	0	0	0	0	0	0	0	0	0	0	0	0	0	0	0	0	0	0	0	0	0	0	0	0	0	0	0	0	0	0	0	0	0	0	0	0	0	
366868	Frontal_Sup_Medial_L	0	0	44774	12792	1854	0	19628	0	326	0	400	0	3826	0	1268	0	0	0	9658	3100	0	0	0	24224	1152	1134	132	0	1488	0	21434	17474	4340	10800	0	0	0	0	0	0	0	0	0	0	0	0	0	0	0	0	0	0	0	0	0	0	0	0	0	0	0	0	0	0	0	0	0	0	0	0	858	294	2478	0	0	0	0	0	0	0	0	0	0	0	0	0	0	0	0	0	0	0	0	0	0	0	0	0	0	0	0	0	0	0	0	0	0	0	0	0	0	0	0	0	0	0	
324032	Frontal_Sup_Medial_R	0	0	8380	33548	0	3246	3416	1370	0	0	0	0	900	306	316	574	0	0	5954	6426	176	724	24224	0	426	5948	206	1666	324	416	9262	28828	426	15714	0	0	0	0	0	0	0	0	0	0	0	0	0	0	0	0	0	0	0	0	0	0	0	0	0	0	0	0	0	0	0	0	0	0	0	0	308	4012	170	4750	0	0	0	0	0	0	0	0	0	0	0	0	0	0	0	0	0	0	0	0	0	0	0	0	0	0	0	0	0	0	0	0	0	0	0	0	0	0	0	0	0	0	
31992	Frontal_Med_Orb_L	0	0	360	0	2594	0	0	0	642	0	0	0	0	0	0	0	0	0	0	0	844	414	1152	426	0	704	2466	260	0	0	3522	918	0	0	0	0	0	0	0	0	0	0	0	0	0	0	0	0	0	0	0	0	0	0	0	0	0	0	0	0	0	0	0	0	0	0	0	0	0	0	888	152	654	0	0	0	0	0	0	0	0	0	0	0	0	0	0	0	0	0	0	0	0	0	0	0	0	0	0	0	0	0	0	0	0	0	0	0	0	0	0	0	0	0	0	0	
87912	Frontal_Med_Orb_R	0	0	158	3658	148	6748	0	0	0	0	0	0	0	0	0	0	0	0	0	0	766	1976	1134	5948	704	0	784	8050	0	0	3328	6880	0	0	0	0	0	0	0	0	0	0	0	0	0	0	0	0	0	0	0	0	0	0	0	0	0	0	0	0	0	0	0	0	0	0	0	0	0	0	614	1950	0	1110	0	0	0	0	0	0	0	0	0	0	0	0	0	0	0	0	0	0	0	0	0	0	0	0	0	0	0	0	0	0	0	0	0	0	0	0	0	0	0	0	0	0	
93232	Rectus_L	0	0	240	224	8124	1274	0	0	2554	0	0	0	0	0	2496	272	0	0	0	0	6432	4768	132	206	2466	784	0	2600	480	0	3658	1288	0	0	0	0	0	0	0	0	0	0	0	0	0	0	0	0	0	0	0	0	0	0	0	0	0	0	0	0	0	0	0	0	0	0	0	0	0	0	6504	1266	848	0	0	0	0	0	0	0	0	0	0	0	0	0	0	0	0	0	0	0	0	0	0	0	0	0	0	0	0	0	0	0	0	0	0	0	0	0	0	0	0	0	0	0	
106536	Rectus_R	0	0	0	1226	384	10576	0	360	0	204	0	0	0	0	0	1974	0	0	0	162	2994	7188	0	1666	260	8050	2600	0	0	788	1362	5224	0	0	0	0	0	0	0	0	0	0	0	0	0	0	0	0	0	0	0	0	0	0	0	0	0	0	0	0	0	0	0	0	0	0	0	0	0	0	3040	3518	638	1054	0	0	0	0	0	0	0	0	0	0	0	0	0	0	0	0	0	0	0	0	0	0	0	0	0	0	0	0	0	0	0	0	0	0	0	0	0	0	0	0	0	0	
506488	Insula_L	7800	0	36420	482	5096	0	21422	606	1374	0	19332	230	19164	776	18430	182	17272	0	19894	604	2950	0	1488	324	0	0	480	0	0	852	674	0	324	266	528	566	9638	746	1352	0	586	0	0	0	0	0	0	146	0	0	428	0	0	0	3298	0	4186	0	0	0	1318	0	1688	0	556	0	0	0	0	0	3228	1652	21446	492	0	0	2368	828	4484	0	7752	0	2842	0	1644	0	0	0	5030	0	0	0	0	0	0	0	0	0	0	0	0	0	0	0	0	0	0	0	0	0	0	0	0	0	0	0	
384312	Insula_R	0	2686	1110	16976	0	534	294	5660	0	0	554	15934	816	18528	304	8642	0	12078	5160	15508	0	1556	0	416	0	0	0	788	852	0	206	3276	0	4836	166	164	396	5196	0	798	0	360	0	0	0	0	0	0	0	0	0	132	0	432	0	2008	0	3014	0	0	0	800	0	1312	0	492	0	0	0	258	3066	18070	602	25868	0	0	206	1570	0	1942	0	4644	0	1446	0	974	0	0	0	1526	0	0	0	0	0	0	0	0	0	0	0	0	0	0	0	0	0	0	0	0	0	0	0	0	0	0	
269284	Cingulum_Ant_L	0	0	17178	3936	3600	576	4070	0	664	0	0	0	706	132	210	0	0	0	3686	1776	2936	2766	21434	9262	3522	3328	3658	1362	674	206	0	22822	3490	3662	0	0	0	0	0	0	0	0	0	0	0	0	0	0	0	0	0	0	0	0	0	0	0	0	0	0	0	0	0	0	0	0	0	0	0	0	8692	1786	8170	338	0	0	0	0	0	0	0	0	0	0	0	0	0	0	0	0	0	0	0	0	0	0	0	0	0	0	0	0	0	0	0	0	0	0	0	0	0	0	0	0	0	0	
424912	Cingulum_Ant_R	0	0	6962	26176	254	2144	2260	1334	0	0	0	752	208	2810	0	800	0	0	7404	14238	2094	4064	17474	28828	918	6880	1288	5224	0	3276	22822	0	3606	23144	0	0	0	0	0	0	0	0	0	0	0	0	0	0	0	0	0	0	0	0	0	0	0	0	0	0	0	0	0	0	0	0	0	0	0	0	2904	13264	926	10402	0	0	0	0	0	0	0	0	0	0	0	0	0	0	0	0	0	0	0	0	0	0	0	0	0	0	0	0	0	0	0	0	0	0	0	0	0	0	0	0	0	0	
150716	Cingulum_Mid_L	630	0	4318	3228	0	0	2206	0	0	0	0	0	842	0	178	0	0	0	11506	8094	0	0	4340	426	0	0	0	0	324	0	3490	3606	0	13898	1226	0	0	0	0	0	0	0	590	0	390	0	0	0	966	0	3254	0	0	0	0	0	572	0	262	0	428	0	0	0	406	0	4312	288	3842	0	0	0	0	0	0	0	0	0	0	0	156	0	0	0	1388	0	0	0	192	0	0	0	0	0	0	0	0	0	0	0	0	0	0	0	0	0	0	0	0	0	0	0	0	0	0	0	
682932	Cingulum_Mid_R	9100	9046	11928	29382	0	0	2224	2098	0	0	0	2330	734	4220	222	206	0	0	26646	70656	0	0	10800	15714	0	0	0	0	266	4836	3662	23144	13898	0	3224	5230	0	264	0	170	0	0	0	6348	0	8248	0	1298	0	6552	0	4818	0	410	0	280	0	1332	0	292	0	0	0	150	0	290	1752	19954	7202	23044	256	3584	0	1224	0	0	0	0	0	0	0	342	0	0	0	2540	0	0	0	1550	0	0	0	0	0	0	0	0	0	0	0	0	0	0	0	0	0	0	0	0	0	0	0	0	0	0	
123672	Cingulum_Post_L	1702	1654	0	1120	0	0	0	0	0	0	0	0	0	0	0	0	0	0	330	3214	0	0	0	0	0	0	0	0	528	166	0	0	1226	3224	0	11142	6628	3292	1606	1788	0	0	3450	392	614	256	1880	232	0	0	0	0	532	0	738	1376	0	0	0	0	0	0	0	0	0	0	4880	1702	2232	2388	0	0	614	340	0	0	404	1952	0	0	0	0	0	0	0	0	0	0	0	0	0	0	0	0	0	0	0	0	0	0	0	0	0	0	0	0	0	0	0	0	234	0	0	0	0	0	
136548	Cingulum_Post_R	1056	2220	0	1098	0	0	0	0	0	0	0	0	0	0	0	0	0	0	0	4192	0	0	0	0	0	0	0	0	566	164	0	0	0	5230	11142	0	5458	4812	1230	2910	0	0	0	920	0	650	0	2160	0	626	0	484	426	580	532	2292	0	0	0	0	0	0	0	0	0	0	1028	8608	460	3604	0	0	672	328	0	0	340	2400	0	0	0	0	0	0	0	182	0	0	0	640	0	0	0	0	0	0	0	150	0	0	0	0	0	0	0	0	0	0	0	0	1114	0	0	0	0	0	
219460	Hippocampus_L	2636	0	3560	798	0	0	412	318	0	0	394	0	0	0	154	0	624	0	4002	266	384	0	0	0	0	0	0	0	9638	396	0	0	0	0	6628	5458	0	4976	8002	1948	5314	0	1630	0	0	0	1480	184	0	0	416	0	2340	0	10864	1422	430	0	0	0	336	0	422	0	0	0	2192	474	0	0	136	0	9032	694	370	0	4552	4160	1020	0	2260	0	694	0	1144	0	0	0	7570	0	0	0	0	0	0	0	0	0	0	0	0	0	0	0	0	0	0	0	0	0	0	0	0	0	0	0	
278344	Hippocampus_R	292	2726	188	4806	0	0	0	3254	0	0	0	534	0	754	0	0	0	772	566	3534	0	0	0	0	0	0	0	0	746	5196	0	0	0	264	3292	4812	4976	0	1240	16132	0	9070	0	404	0	0	0	1104	0	0	0	0	424	1198	572	25644	0	1970	0	0	132	318	174	224	0	256	414	1922	350	142	0	1354	700	15160	0	710	1280	6808	0	576	0	470	0	230	0	1818	0	0	0	11216	0	0	0	0	0	0	0	0	0	0	0	0	0	0	0	0	0	0	0	0	448	0	0	0	0	0	
74544	ParaHippocampal_L	0	0	0	180	0	0	0	0	0	0	0	0	0	0	158	0	0	0	0	0	1022	0	0	0	0	0	0	0	1352	0	0	0	0	0	1606	1230	8002	1240	0	538	2402	0	718	0	0	0	3260	0	0	0	530	0	1946	0	5694	500	0	0	0	0	0	0	0	0	0	0	1176	0	0	0	0	0	776	162	0	0	454	792	0	0	270	0	1010	0	572	0	438	0	754	0	0	0	0	0	308	0	182	0	0	0	0	0	0	0	0	0	0	0	0	0	0	0	0	0	0	0	
138268	ParaHippocampal_R	0	0	0	412	0	0	0	600	0	0	0	0	0	142	0	0	0	0	0	336	0	0	0	0	0	0	0	0	0	798	0	0	0	170	1788	2910	1948	16132	538	0	0	7184	0	522	0	0	0	3162	0	0	0	0	156	556	186	16752	0	0	0	0	0	0	0	0	0	0	210	2590	0	0	0	250	0	3750	0	456	0	1346	0	0	0	0	0	2418	0	372	0	894	0	1908	0	0	0	0	0	0	0	272	0	0	0	0	0	0	0	0	0	0	0	0	376	0	0	0	0	0	
35192	Amygdala_L	0	0	0	0	0	0	0	0	0	0	0	0	0	0	232	0	0	0	0	0	902	0	0	0	0	0	0	0	586	0	0	0	0	0	0	0	5314	0	2402	0	0	0	0	0	0	0	0	0	0	0	0	0	0	0	4280	0	0	0	0	0	0	0	0	0	0	0	0	0	0	0	0	0	496	0	0	0	0	0	0	0	0	0	702	0	0	0	0	0	2682	0	0	0	0	0	0	0	0	0	0	0	0	0	0	0	0	0	0	0	0	0	0	0	0	0	0	0	
68292	Amygdala_R	0	0	0	0	0	0	0	0	0	0	0	0	0	0	0	0	0	0	0	0	0	148	0	0	0	0	0	0	0	360	0	0	0	0	0	0	0	9070	0	7184	0	0	0	0	0	0	0	0	0	0	0	0	0	0	0	9864	0	0	0	0	0	0	0	0	0	0	0	0	0	0	0	0	0	1446	0	0	0	0	0	0	0	0	0	2688	0	146	0	896	0	2344	0	0	0	0	0	0	0	0	0	0	0	0	0	0	0	0	0	0	0	0	0	0	0	0	0	0	
145496	Calcarine_L	0	0	0	0	0	0	0	0	0	0	0	0	0	0	0	0	0	0	0	0	0	0	0	0	0	0	0	0	0	0	0	0	590	0	3450	0	1630	0	718	0	0	0	0	5318	11514	2070	7466	3238	7914	1812	6798	242	1290	0	700	660	490	0	0	0	0	0	0	0	0	0	14534	222	1908	0	0	0	0	0	0	0	0	0	0	0	0	0	0	0	184	0	0	0	0	0	0	0	0	0	0	0	0	0	0	0	0	0	0	0	0	0	0	0	0	0	0	0	0	0	0	0	
260196	Calcarine_R	252	480	0	0	0	0	0	0	0	0	0	0	0	0	0	0	0	0	0	2610	0	0	0	0	0	0	0	0	0	0	0	0	0	6348	392	920	0	404	0	522	0	0	5318	0	3780	21594	284	18016	0	16390	0	7832	0	3010	0	10512	0	1592	0	448	0	0	0	0	0	0	574	21340	426	5020	0	0	0	132	0	0	0	0	0	0	0	0	0	0	0	1058	0	0	0	572	0	0	0	0	0	0	0	0	0	132	0	0	0	0	0	0	0	0	0	0	140	0	0	0	0	0	
110344	Cuneus_L	0	0	0	0	0	0	0	0	0	0	0	0	0	0	0	0	0	0	0	0	0	0	0	0	0	0	0	0	0	0	0	0	390	0	614	0	0	0	0	0	0	0	11514	3780	0	5462	1266	506	13548	2424	5546	414	302	0	0	216	210	0	458	0	0	0	0	0	0	0	7140	400	982	0	0	0	0	0	0	0	0	0	0	0	0	0	0	0	0	0	0	0	0	0	0	0	0	0	0	0	0	0	0	0	0	0	0	0	0	0	0	0	0	0	0	0	0	0	0	0	
237504	Cuneus_R	0	378	0	0	0	0	0	0	0	0	0	0	0	0	0	0	0	0	0	2168	0	0	0	0	0	0	0	0	0	0	0	0	0	8248	256	650	0	0	0	0	0	0	2070	21594	5462	0	0	2050	0	28792	0	10886	0	196	0	1892	0	1892	0	2714	0	0	0	0	0	192	2164	21584	0	3802	0	0	0	0	0	0	0	0	0	0	0	0	0	0	0	1762	0	0	0	0	0	0	0	0	0	0	0	0	0	0	0	0	0	0	0	0	0	0	0	0	0	0	0	0	0	0	
213008	Lingual_L	0	0	0	0	0	0	0	0	0	0	0	0	0	0	0	0	0	0	0	0	0	0	0	0	0	0	0	0	0	0	0	0	0	0	1880	0	1480	0	3260	0	0	0	7466	284	1266	0	0	2038	2116	0	13264	0	6098	0	10658	632	450	0	0	0	0	0	0	0	0	0	3872	0	474	0	0	0	0	0	0	0	154	0	0	0	0	0	0	0	642	0	0	0	268	0	3580	1076	1012	838	454	0	9546	1558	15054	1640	160	0	310	0	224	0	0	0	0	244	3768	6200	4074	302	0	162	
197304	Lingual_R	268	0	192	0	0	0	0	0	0	0	0	0	0	0	0	0	0	0	0	234	0	0	0	0	0	0	0	0	146	0	0	0	0	1298	232	2160	184	1104	0	3162	0	0	3238	18016	506	2050	2038	0	0	3414	0	2700	0	2740	0	16400	0	0	0	0	0	0	0	0	0	0	0	6550	0	214	0	0	184	0	0	0	608	0	0	0	0	0	0	0	0	0	0	0	0	314	0	4074	0	476	0	192	848	4150	1406	7906	0	0	0	0	0	356	0	0	0	0	4696	4306	1290	0	610	390	
109236	Occipital_Sup_L	138	0	0	0	0	0	0	0	0	0	0	0	0	0	0	0	0	0	0	0	0	0	0	0	0	0	0	0	0	0	0	0	966	0	0	0	0	0	0	0	0	0	7914	0	13548	0	2116	0	0	0	17652	0	530	0	552	0	0	0	2536	0	206	0	0	0	310	0	5952	150	370	0	0	0	0	0	0	0	0	0	0	0	0	0	0	0	1412	0	0	0	266	0	0	0	0	0	0	0	0	0	0	0	0	0	0	0	0	0	0	0	0	0	0	0	0	0	0	0	
243400	Occipital_Sup_R	0	282	0	0	0	0	0	0	0	0	0	0	0	0	0	0	0	0	0	2606	0	0	0	0	0	0	0	0	0	0	0	0	0	6552	0	626	0	0	0	0	0	0	1812	16390	2424	28792	0	3414	0	0	0	18770	0	762	0	3296	0	1716	0	7040	0	0	0	0	0	1788	1078	16330	0	2718	0	0	0	0	0	0	0	0	0	0	0	0	0	0	0	4162	0	0	0	1142	0	0	0	0	0	0	0	0	0	0	0	0	0	0	0	0	0	0	0	0	0	0	0	0	0	0	
300988	Occipital_Mid_L	1094	0	0	0	0	0	0	0	0	0	0	0	0	0	0	0	152	0	0	0	0	0	0	0	0	0	0	0	428	0	0	0	3254	0	0	0	416	0	530	0	0	0	6798	0	5546	0	13264	0	17652	0	0	0	13778	0	6392	0	5288	0	4142	0	12186	0	312	0	16058	0	8464	0	3252	0	0	0	0	0	0	0	0	0	1992	0	1530	0	0	0	21286	0	0	0	6184	0	0	0	0	0	0	0	0	0	182	0	0	0	0	0	0	0	0	0	0	0	0	156	158	0	0	0	
201996	Occipital_Mid_R	0	676	0	0	0	0	0	0	0	0	0	0	0	0	0	0	0	0	0	2398	0	0	0	0	0	0	0	0	0	132	0	0	0	4818	0	484	0	0	0	0	0	0	242	7832	414	10886	0	2700	0	18770	0	0	0	3090	0	2816	0	556	0	1618	0	242	0	0	0	7870	466	9114	0	2222	0	0	0	0	0	0	0	0	0	0	0	158	0	0	0	19244	0	0	0	4250	0	0	0	0	0	0	0	0	0	0	0	0	0	0	0	0	0	0	0	0	0	0	0	0	0	0	
96052	Occipital_Inf_L	0	0	0	0	0	0	0	0	0	0	0	0	0	0	0	0	0	0	0	0	0	0	0	0	0	0	0	0	0	0	0	0	0	0	532	426	2340	424	1946	156	0	0	1290	0	302	0	6098	0	530	0	13778	0	0	0	10282	140	0	0	0	0	0	0	0	0	0	0	418	0	0	0	0	0	164	0	0	0	312	332	378	0	1678	0	0	0	1998	0	0	0	3752	0	0	0	0	0	0	0	0	0	330	0	0	0	0	0	0	0	0	0	0	0	0	214	206	0	0	0	
60528	Occipital_Inf_R	0	590	0	206	0	0	0	224	0	0	0	0	0	0	0	0	0	0	0	574	0	0	0	0	0	0	0	0	0	432	0	0	0	410	0	580	0	1198	0	556	0	0	0	3010	0	196	0	2740	0	762	0	3090	0	0	0	5212	0	510	0	0	0	0	0	0	0	0	0	912	312	230	0	0	0	138	0	0	0	0	0	170	0	190	0	0	0	718	0	0	0	7114	0	0	0	0	0	0	0	0	0	190	0	0	0	0	0	0	0	0	0	0	0	0	0	0	0	0	
256444	Fusiform_L	242	0	0	0	0	0	0	0	0	0	0	0	0	0	0	0	0	0	0	0	150	0	0	0	0	0	0	0	3298	0	0	0	0	0	738	532	10864	572	5694	186	4280	0	700	0	0	0	10658	0	552	0	6392	0	10282	0	0	174	304	0	0	0	0	0	0	0	0	0	710	0	220	0	0	0	688	0	0	0	596	502	376	0	2268	0	2836	0	2122	0	1558	0	12620	0	10818	254	392	314	0	0	13152	0	19346	0	0	0	0	0	0	0	0	0	0	0	802	1254	1630	146	0	0	
369536	Fusiform_R	0	328	0	478	0	0	0	1016	0	0	0	138	0	302	0	178	0	0	0	522	0	0	0	0	0	0	0	0	0	2008	0	0	0	280	1376	2292	1422	25644	500	16752	0	9864	660	10512	216	1892	632	16400	0	3296	0	2816	140	5212	174	0	0	236	0	312	0	0	0	0	0	0	0	2782	0	184	0	316	0	8424	0	450	0	878	0	0	0	610	0	4424	0	2010	0	2200	0	16300	0	8788	0	204	0	0	274	8880	678	15068	0	0	0	0	0	0	0	0	0	0	3738	2248	554	0	160	0	
222296	Postcentral_L	20518	0	2336	0	0	0	0	0	0	0	1506	0	0	0	0	0	7478	0	2280	0	0	0	0	0	0	0	0	0	4186	0	0	0	572	0	0	0	430	0	0	0	0	0	490	0	210	0	450	0	0	0	5288	0	0	0	304	0	0	0	5240	0	20802	0	6946	0	5414	0	2762	0	4410	0	4918	0	1622	0	568	0	658	0	2026	0	3140	0	0	0	5568	0	0	0	1026	0	0	0	0	0	0	0	0	0	0	0	0	0	0	0	0	0	0	0	0	0	0	0	0	0	0	0	
153400	Postcentral_R	0	20302	482	2266	0	0	0	1916	0	0	0	1670	0	256	0	0	0	2332	502	2760	0	0	0	0	0	0	0	0	0	3014	0	0	0	1332	0	0	0	1970	0	0	0	0	0	1592	0	1892	0	0	0	1716	0	556	0	510	0	236	0	0	0	4274	0	3952	0	7950	0	2236	0	3598	0	3858	390	914	0	1190	0	162	0	308	0	0	0	568	0	0	0	588	0	0	0	1408	0	0	0	0	0	0	0	0	0	0	0	0	0	0	0	0	0	0	0	0	0	0	0	0	0	0	
65124	Parietal_Sup_L	0	0	0	0	0	0	0	0	0	0	0	0	0	0	0	0	0	0	0	0	0	0	0	0	0	0	0	0	0	0	0	0	262	0	0	0	0	0	0	0	0	0	0	0	458	0	0	0	2536	0	4142	0	0	0	0	0	5240	0	0	0	8072	0	0	0	2502	0	7168	0	456	0	0	0	0	0	0	0	0	0	0	0	302	0	0	0	1424	0	0	0	0	0	0	0	0	0	0	0	0	0	0	0	0	0	0	0	0	0	0	0	0	0	0	0	0	0	0	0	
75092	Parietal_Sup_R	0	188	0	0	0	0	0	0	0	0	0	0	0	0	0	0	0	0	0	1060	0	0	0	0	0	0	0	0	0	0	0	0	0	292	0	0	0	0	0	0	0	0	0	448	0	2714	0	0	0	7040	0	1618	0	0	0	312	0	4274	0	0	0	3388	0	1002	0	2552	848	9090	0	2072	0	0	0	0	0	0	0	0	0	0	0	0	0	0	0	648	0	0	0	0	0	0	0	0	0	0	0	0	0	0	0	0	0	0	0	0	0	0	0	0	0	0	0	0	0	0	
212116	Parietal_Inf_L	1912	0	676	0	0	0	0	0	0	0	0	0	0	0	0	0	1272	0	696	0	0	0	0	0	0	0	0	0	1318	0	0	0	428	0	0	0	336	132	0	0	0	0	0	0	0	0	0	0	206	0	12186	0	0	0	0	0	20802	0	8072	0	0	0	13832	0	27348	0	806	0	344	0	552	0	684	0	0	0	158	158	290	0	3116	0	0	0	9058	0	0	0	1676	0	0	0	0	0	0	0	0	0	0	0	0	0	0	0	0	0	0	0	0	0	0	0	0	0	0	0	
79124	Parietal_Inf_R	0	946	0	188	0	0	0	138	0	0	0	0	0	0	0	0	0	636	0	288	0	0	0	0	0	0	0	0	0	800	0	0	0	0	0	0	0	318	0	0	0	0	0	0	0	0	0	0	0	0	0	242	0	0	0	0	0	3952	0	3388	0	0	0	9694	0	12964	0	0	0	234	0	220	0	264	0	0	0	144	0	0	0	1836	0	0	0	2674	0	0	0	636	0	0	0	0	0	0	0	0	0	0	0	0	0	0	0	0	0	0	0	0	0	0	0	0	0	0	
106100	SupraMarginal_L	578	0	704	0	0	0	0	0	0	0	0	0	0	0	0	0	2246	0	704	0	0	0	0	0	0	0	0	0	1688	0	0	0	0	0	0	0	422	174	0	0	0	0	0	0	0	0	0	0	0	0	312	0	0	0	0	0	6946	0	0	0	13832	0	0	0	8742	0	0	0	0	0	564	0	832	0	0	0	200	198	354	0	5918	0	0	0	7394	0	0	0	1242	0	0	0	0	0	0	0	0	0	0	0	0	0	0	0	0	0	0	0	0	0	0	0	0	0	0	0	
95336	SupraMarginal_R	0	1330	0	714	0	0	0	694	0	0	0	0	0	140	0	0	0	2728	0	430	0	0	0	0	0	0	0	0	0	1312	0	0	0	150	0	0	0	224	0	0	0	0	0	0	0	0	0	0	0	0	0	0	0	0	0	0	0	7950	0	1002	0	9694	0	0	0	7818	0	0	0	220	0	874	0	588	0	0	0	276	0	414	0	6928	0	0	0	3866	0	0	0	316	0	0	0	0	0	0	0	0	0	0	0	0	0	0	0	0	0	0	0	0	0	0	0	0	0	0	
165056	Angular_L	520	0	0	0	0	0	0	0	0	0	0	0	0	0	0	0	524	0	152	0	0	0	0	0	0	0	0	0	556	0	0	0	406	0	0	0	0	0	0	0	0	0	0	0	0	0	0	0	310	0	16058	0	0	0	0	0	5414	0	2502	0	27348	0	8742	0	0	0	626	0	184	0	256	0	242	0	0	0	0	0	0	0	2496	0	0	0	13244	0	0	0	2948	0	0	0	0	0	0	0	0	0	0	0	0	0	0	0	0	0	0	0	0	0	0	0	0	0	0	0	
100736	Angular_R	0	700	0	0	0	0	0	0	0	0	0	0	0	0	0	0	0	508	0	362	0	0	0	0	0	0	0	0	0	492	0	0	0	290	0	0	0	256	0	0	0	0	0	0	0	192	0	0	0	1788	0	7870	0	0	0	0	0	2236	0	2552	0	12964	0	7818	0	0	0	444	0	324	0	0	0	204	0	0	0	0	0	0	0	4246	0	0	0	6266	0	0	0	856	0	0	0	0	0	0	0	0	0	0	0	0	0	0	0	0	0	0	0	0	0	0	0	0	0	0	
178476	Precuneus_L	396	0	0	0	0	0	0	0	0	0	0	0	0	0	0	0	0	0	0	368	0	0	0	0	0	0	0	0	0	0	0	0	4312	1752	4880	1028	2192	414	1176	210	0	0	14534	574	7140	2164	3872	0	5952	1078	8464	466	418	0	710	0	2762	0	7168	848	806	0	0	0	626	0	0	6018	5246	406	0	0	0	0	0	0	0	168	0	0	226	0	0	0	2464	0	0	0	400	0	0	0	0	0	0	0	0	0	0	0	0	0	0	0	0	0	0	0	0	0	0	0	0	0	0	0	
331472	Precuneus_R	336	1910	0	0	0	0	0	0	0	0	0	0	0	0	0	0	0	0	146	8750	0	0	0	0	0	0	0	0	0	0	0	0	288	19954	1702	8608	474	1922	0	2590	0	0	222	21340	400	21584	0	6550	150	16330	0	9114	0	912	0	2782	0	3598	0	9090	0	0	0	0	0	444	6018	0	636	12206	0	0	0	0	0	0	0	508	0	0	0	0	0	0	0	4008	0	0	0	1420	0	0	0	0	0	0	0	290	0	0	0	0	0	0	0	0	0	0	0	0	1454	0	0	0	0	0	
145332	Paracentral_Lobule_L	14724	592	2084	1164	0	0	0	0	0	0	0	0	0	0	0	0	0	0	6018	10472	0	0	0	0	0	0	0	0	0	0	0	0	3842	7202	2232	460	0	350	0	0	0	0	1908	426	982	0	474	0	370	0	3252	0	0	312	220	0	4410	0	456	0	344	0	0	0	184	0	5246	636	0	1748	634	0	0	0	0	0	1002	150	0	0	0	0	0	0	392	0	0	0	0	380	0	0	0	0	0	0	0	0	0	0	0	0	0	0	0	0	0	0	0	0	0	0	0	0	0	0	
226100	Paracentral_Lobule_R	2168	11240	0	1022	0	0	0	0	0	0	0	0	0	0	0	0	0	0	0	29164	0	0	0	0	0	0	0	0	0	258	0	0	0	23044	2388	3604	0	142	0	0	0	0	0	5020	0	3802	0	214	0	2718	0	2222	0	230	0	184	0	3858	0	2072	0	234	0	220	0	324	406	12206	1748	0	0	0	0	0	0	0	0	0	0	0	0	398	0	0	0	2116	0	0	0	2048	0	0	0	0	0	0	0	0	0	0	0	0	0	0	0	0	0	0	0	0	0	0	0	0	0	0	
382724	Caudate_L	9110	486	28084	3452	2012	1744	2362	2068	0	0	2730	426	3358	2806	2940	1208	330	0	27136	2722	7772	8096	858	308	888	614	6504	3040	3228	3066	8692	2904	0	256	0	0	136	0	0	0	0	0	0	0	0	0	0	0	0	0	0	0	0	0	0	0	4918	390	0	0	552	0	564	0	256	0	0	0	634	0	0	13690	14972	1068	2046	0	12378	372	0	0	0	0	0	0	186	0	0	0	0	0	0	0	0	0	0	0	0	0	0	0	0	0	0	0	0	0	0	0	0	0	0	0	0	0	0	0	
562220	Caudate_R	316	3214	3726	45074	328	1186	878	10456	0	0	1656	6566	1360	11276	670	6938	0	4224	7584	42218	1650	4904	294	4012	152	1950	1266	3518	1652	18070	1786	13264	0	3584	0	0	0	1354	0	250	0	0	0	0	0	0	0	0	0	0	0	0	0	0	0	316	0	914	0	0	0	220	0	874	0	0	0	0	0	0	13690	0	2096	30988	0	2572	0	22938	0	0	0	694	0	432	0	0	0	0	0	0	0	0	0	0	0	0	0	0	0	0	0	0	0	0	0	0	0	0	0	0	0	0	0	0	0	0	
337728	Putamen_L	3096	0	32714	396	5746	366	2584	234	1020	0	2832	0	1722	390	2970	156	2424	0	26342	218	1304	1540	2478	170	654	0	848	638	21446	602	8170	926	0	0	614	672	9032	700	776	0	496	0	0	0	0	0	0	184	0	0	0	0	164	0	688	0	1622	0	0	0	684	0	832	0	242	0	0	0	0	0	14972	2096	0	494	6270	0	3266	904	192	0	680	0	334	0	284	0	0	0	680	0	0	0	0	0	0	0	0	0	0	0	0	0	0	0	0	0	0	0	0	0	0	0	0	0	0	0	
417788	Putamen_R	0	2800	508	21188	0	896	0	14420	0	146	0	7938	308	7642	0	6584	0	5512	4088	13358	0	332	0	4750	0	1110	0	1054	492	25868	338	10402	0	1224	340	328	694	15160	162	3750	0	1446	0	132	0	0	0	0	0	0	0	0	0	138	0	8424	0	1190	0	0	0	264	0	588	0	204	0	0	0	0	1068	30988	494	0	0	4252	266	4052	0	168	0	396	0	302	0	0	0	0	0	3130	0	0	0	0	0	0	0	0	0	0	0	0	0	0	0	0	0	0	0	0	0	0	0	0	0	0	
53056	Pallidum_L	330	0	6366	0	0	0	0	0	0	0	0	0	0	0	0	0	572	0	8260	0	0	0	0	0	0	0	0	0	0	0	0	0	0	0	0	0	370	0	0	0	0	0	0	0	0	0	0	0	0	0	0	0	0	0	0	0	568	0	0	0	0	0	0	0	0	0	0	0	0	0	2046	0	6270	0	0	0	1746	0	0	0	0	0	0	0	0	0	0	0	0	0	0	0	0	0	0	0	0	0	0	0	0	0	0	0	0	0	0	0	0	0	0	0	0	0	0	0	
33344	Pallidum_R	0	432	0	2312	0	0	0	3726	0	0	0	574	0	0	0	0	0	428	0	366	0	0	0	0	0	0	0	0	0	0	0	0	0	0	0	0	0	710	0	456	0	0	0	0	0	0	0	0	0	0	0	0	0	0	0	450	0	162	0	0	0	0	0	0	0	0	0	0	0	0	0	2572	0	4252	0	0	0	232	0	0	0	0	0	0	0	0	0	0	0	0	0	0	0	0	0	0	0	0	0	0	0	0	0	0	0	0	0	0	0	0	0	0	0	0	0	0	
167220	Thalamus_L	7880	0	19140	474	0	0	212	0	0	0	186	0	0	0	0	0	274	0	20006	206	0	0	0	0	0	0	0	0	2368	206	0	0	0	0	404	340	4552	1280	454	0	0	0	0	0	0	0	154	608	0	0	0	0	312	0	596	0	658	0	0	0	158	0	200	0	0	0	0	0	1002	0	12378	0	3266	266	1746	0	0	3648	152	0	244	0	0	0	0	0	0	0	240	0	0	0	0	0	0	0	0	0	0	0	0	0	0	0	0	0	0	0	0	0	0	0	0	0	0	0	
207128	Thalamus_R	326	3214	306	19228	0	0	0	2146	0	0	0	152	0	586	0	506	136	778	444	19974	0	0	0	0	0	0	0	0	828	1570	0	0	0	0	1952	2400	4160	6808	792	1346	0	0	0	0	0	0	0	0	0	0	0	0	332	0	502	878	0	308	0	0	158	144	198	276	0	0	168	508	150	0	372	22938	904	4052	0	232	3648	0	0	0	0	0	0	0	0	0	0	0	144	0	0	0	0	0	0	0	0	0	0	0	0	0	0	0	0	0	0	0	0	0	0	0	0	0	0	0	
38252	Heschl_L	802	0	0	0	0	0	0	0	0	0	0	0	0	0	0	0	1914	0	0	0	0	0	0	0	0	0	0	0	4484	0	0	0	0	0	0	0	1020	0	0	0	0	0	0	0	0	0	0	0	0	0	1992	0	378	0	376	0	2026	0	0	0	290	0	354	0	0	0	0	0	0	0	0	0	192	0	0	0	152	0	0	0	2304	0	0	0	1906	0	0	0	936	0	0	0	0	0	0	0	0	0	0	0	0	0	0	0	0	0	0	0	0	0	0	0	0	0	0	0	
16280	Heschl_R	0	0	0	0	0	0	0	0	0	0	0	0	0	0	0	0	0	978	0	0	0	0	0	0	0	0	0	0	0	1942	0	0	0	0	0	0	0	576	0	0	0	0	0	0	0	0	0	0	0	0	0	0	0	170	0	0	0	0	0	0	0	0	0	414	0	0	0	0	0	0	0	0	0	168	0	0	0	0	0	0	0	3172	0	0	0	332	0	0	0	388	0	0	0	0	0	0	0	0	0	0	0	0	0	0	0	0	0	0	0	0	0	0	0	0	0	0	
190224	Temporal_Sup_L	1340	0	1228	0	0	0	1588	0	0	0	504	0	0	0	152	0	5538	0	730	0	0	0	0	0	0	0	0	0	7752	0	0	0	156	0	0	0	2260	0	270	0	0	0	0	0	0	0	0	0	0	0	1530	0	1678	0	2268	0	3140	0	302	0	3116	0	5918	0	2496	0	226	0	0	0	0	0	680	0	0	0	244	0	2304	0	0	0	4948	0	25246	0	150	0	19348	0	0	0	0	0	0	0	0	0	0	0	0	0	0	0	0	0	0	0	0	0	0	0	0	0	0	0	
94636	Temporal_Sup_R	0	344	0	916	0	0	0	190	0	0	0	624	0	256	0	766	0	3506	0	908	0	0	0	0	0	0	0	0	0	4644	0	0	0	342	0	0	0	470	0	0	0	0	0	0	0	0	0	0	0	0	0	158	0	190	0	610	0	568	0	0	0	1836	0	6928	0	4246	0	0	0	398	0	694	0	396	0	0	0	0	0	3172	0	0	0	3250	0	9326	0	340	0	2240	0	0	0	0	0	0	0	0	0	0	0	0	0	0	0	0	0	0	0	0	0	0	0	0	0	0	
73340	Temporal_Pole_Sup_L	0	0	838	0	366	0	584	0	0	0	638	0	1024	0	2132	0	960	0	164	0	246	0	0	0	0	0	0	0	2842	0	0	0	0	0	0	0	694	0	1010	0	702	0	0	0	0	0	0	0	0	0	0	0	0	0	2836	0	0	0	0	0	0	0	0	0	0	0	0	0	0	0	0	0	334	0	0	0	0	0	0	0	4948	0	0	0	5852	0	4008	0	6492	0	0	0	0	0	0	0	0	0	0	0	0	0	0	0	0	0	0	0	0	0	0	0	0	0	0	0	
62204	Temporal_Pole_Sup_R	0	0	0	516	0	0	0	0	0	0	0	590	0	0	0	1632	0	694	0	348	0	0	0	0	0	0	0	0	0	1446	0	0	0	0	0	0	0	230	0	2418	0	2688	0	0	0	0	0	0	0	0	0	0	0	0	0	4424	0	0	0	0	0	0	0	0	0	0	0	0	0	0	0	432	0	302	0	0	0	0	0	0	0	3250	0	0	0	3606	0	5032	0	3494	0	0	0	0	0	0	0	0	0	0	0	0	0	0	0	0	0	0	0	0	0	0	0	0	0	0	
291536	Temporal_Mid_L	356	0	0	0	0	0	0	0	0	0	0	0	0	0	0	0	1346	0	144	0	0	0	0	0	0	0	0	0	1644	0	0	0	1388	0	0	0	1144	0	572	0	0	0	184	0	0	0	642	0	1412	0	21286	0	1998	0	2122	0	5568	0	1424	0	9058	0	7394	0	13244	0	2464	0	392	0	186	0	284	0	0	0	0	0	1906	0	25246	0	5852	0	0	0	3410	0	35102	0	0	0	0	0	0	0	0	0	0	0	0	0	0	0	0	0	0	0	0	0	0	0	0	0	0	0	
187632	Temporal_Mid_R	0	1022	0	0	0	0	0	0	0	0	0	0	0	0	0	0	0	156	0	2122	0	0	0	0	0	0	0	0	0	974	0	0	0	2540	0	182	0	1818	0	372	0	146	0	1058	0	1762	0	0	0	4162	0	19244	0	718	0	2010	0	588	0	648	0	2674	0	3866	0	6266	0	4008	0	2116	0	0	0	0	0	0	0	0	0	332	0	9326	0	3606	0	0	0	2640	0	19460	0	0	0	0	0	0	0	0	0	0	0	0	0	0	0	0	0	0	0	0	0	0	0	0	0	0	
26040	Temporal_Pole_Mid_L	0	0	0	0	0	0	0	0	0	0	0	0	0	0	0	0	0	0	0	0	0	0	0	0	0	0	0	0	0	0	0	0	0	0	0	0	0	0	438	0	0	0	0	0	0	0	0	0	0	0	0	0	0	0	1558	0	0	0	0	0	0	0	0	0	0	0	0	0	0	0	0	0	0	0	0	0	0	0	0	0	150	0	4008	0	3410	0	0	0	3456	0	0	0	0	0	0	0	0	0	0	0	0	0	0	0	0	0	0	0	0	0	0	0	0	0	0	0	
29492	Temporal_Pole_Mid_R	0	0	0	0	0	0	0	0	0	0	0	0	0	0	0	0	0	0	0	0	0	0	0	0	0	0	0	0	0	0	0	0	0	0	0	0	0	0	0	894	0	896	0	0	0	0	0	0	0	0	0	0	0	0	0	2200	0	0	0	0	0	0	0	0	0	0	0	0	0	0	0	0	0	0	0	0	0	0	0	0	0	340	0	5032	0	2640	0	0	0	2744	0	0	0	0	0	0	0	0	0	0	0	0	0	0	0	0	0	0	0	0	0	0	0	0	0	0	
228520	Temporal_Inf_L	0	0	0	0	0	0	0	0	0	0	0	0	0	0	0	0	224	0	0	0	0	0	0	0	0	0	0	0	5030	0	0	0	192	0	0	0	7570	0	754	0	2682	0	0	0	0	0	268	0	266	0	6184	0	3752	0	12620	0	1026	0	0	0	1676	0	1242	0	2948	0	400	0	0	0	0	0	680	0	0	0	240	144	936	0	19348	0	6492	0	35102	0	3456	0	0	0	690	0	0	0	0	0	0	0	338	0	0	0	0	0	0	0	0	0	0	0	0	0	0	0	0	0	
188304	Temporal_Inf_R	0	1772	0	282	0	0	0	414	0	0	0	0	0	0	0	140	0	136	0	2254	0	0	0	0	0	0	0	0	0	1526	0	0	0	1550	0	640	0	11216	0	1908	0	2344	0	572	0	0	0	314	0	1142	0	4250	0	7114	0	16300	0	1408	0	0	0	636	0	316	0	856	0	1420	380	2048	0	0	0	3130	0	0	0	0	0	388	0	2240	0	3494	0	19460	0	2744	0	0	0	1176	0	0	0	0	0	0	0	582	0	0	0	0	0	0	0	0	0	0	0	0	0	0	0	0	
348080	Cerebelum_Crus1_L	0	0	0	0	0	0	0	0	0	0	0	0	0	0	0	0	0	0	0	0	0	0	0	0	0	0	0	0	0	0	0	0	0	0	0	0	0	0	0	0	0	0	0	0	0	0	3580	0	0	0	0	0	0	0	10818	0	0	0	0	0	0	0	0	0	0	0	0	0	0	0	0	0	0	0	0	0	0	0	0	0	0	0	0	0	0	0	0	0	690	0	0	1798	25838	1148	206	0	20494	266	42056	1560	9544	0	19264	944	11894	232	1102	0	0	0	1656	3460	11276	3638	2576	0	
344052	Cerebelum_Crus1_R	0	0	0	0	0	0	0	0	0	0	0	0	0	0	0	0	0	0	0	0	0	0	0	0	0	0	0	0	0	0	0	0	0	0	0	0	0	0	0	0	0	0	0	0	0	0	1076	4074	0	0	0	0	0	0	254	8788	0	0	0	0	0	0	0	0	0	0	0	0	0	0	0	0	0	0	0	0	0	0	0	0	0	0	0	0	0	0	0	0	0	1176	1798	0	2070	21602	278	1724	748	17742	2602	52328	0	7070	150	18844	268	6692	0	218	170	676	4086	5014	8080	2352	2146	0	
267976	Cerebelum_Crus2_L	0	0	0	0	0	0	0	0	0	0	0	0	0	0	0	0	0	0	0	0	0	0	0	0	0	0	0	0	0	0	0	0	0	0	0	0	0	0	0	0	0	0	0	0	0	0	1012	0	0	0	0	0	0	0	392	0	0	0	0	0	0	0	0	0	0	0	0	0	0	0	0	0	0	0	0	0	0	0	0	0	0	0	0	0	0	0	0	0	0	0	25838	2070	0	4628	0	0	494	0	2502	1410	33082	1514	33078	1062	12080	372	592	0	0	0	0	724	9394	3120	624	0	
204492	Cerebelum_Crus2_R	0	0	0	0	0	0	0	0	0	0	0	0	0	0	0	0	0	0	0	0	0	0	0	0	0	0	0	0	0	0	0	0	0	0	0	0	0	0	0	0	0	0	0	0	0	0	838	476	0	0	0	0	0	0	314	204	0	0	0	0	0	0	0	0	0	0	0	0	0	0	0	0	0	0	0	0	0	0	0	0	0	0	0	0	0	0	0	0	0	0	1148	21602	4628	0	0	0	0	0	1092	5304	974	20040	434	26522	0	4492	0	0	0	0	0	1416	7972	3938	852	0	
19780	Cerebelum_3_L	0	0	0	0	0	0	0	0	0	0	0	0	0	0	0	0	0	0	0	0	0	0	0	0	0	0	0	0	0	0	0	0	0	0	0	0	0	0	308	0	0	0	0	0	0	0	454	0	0	0	0	0	0	0	0	0	0	0	0	0	0	0	0	0	0	0	0	0	0	0	0	0	0	0	0	0	0	0	0	0	0	0	0	0	0	0	0	0	0	0	206	278	0	0	0	0	4560	138	512	286	0	0	184	0	594	0	0	0	520	1008	842	0	0	0	0	0	
18276	Cerebelum_3_R	0	0	0	0	0	0	0	0	0	0	0	0	0	0	0	0	0	0	0	0	0	0	0	0	0	0	0	0	0	0	0	0	0	0	0	0	0	0	0	0	0	0	0	0	0	0	0	192	0	0	0	0	0	0	0	0	0	0	0	0	0	0	0	0	0	0	0	0	0	0	0	0	0	0	0	0	0	0	0	0	0	0	0	0	0	0	0	0	0	0	0	1724	0	0	0	0	0	2430	0	2304	0	0	0	0	0	186	0	0	264	1510	528	0	0	0	0	0	
230632	Cerebelum_4_5_L	0	0	0	0	0	0	0	0	0	0	0	0	0	0	0	0	0	0	0	0	0	0	0	0	0	0	0	0	0	0	0	0	0	0	0	0	0	0	182	0	0	0	0	0	0	0	9546	848	0	0	0	0	0	0	13152	274	0	0	0	0	0	0	0	0	0	0	0	0	0	0	0	0	0	0	0	0	0	0	0	0	0	0	0	0	0	0	0	0	0	0	20494	748	494	0	4560	0	0	2234	35512	1418	332	0	2966	0	5300	480	572	0	166	872	9610	2344	638	344	1312	918	
166444	Cerebelum_4_5_R	0	0	0	0	0	0	0	0	0	0	0	0	0	0	0	0	0	0	0	0	0	0	0	0	0	0	0	0	0	0	0	0	0	0	0	150	0	0	0	272	0	0	0	0	0	0	1558	4150	0	0	0	0	0	0	0	8880	0	0	0	0	0	0	0	0	0	0	0	290	0	0	0	0	0	0	0	0	0	0	0	0	0	0	0	0	0	0	0	0	0	0	266	17742	0	0	138	2430	2234	0	2186	25146	0	0	0	0	308	1006	0	0	0	466	12070	1850	0	0	1202	878	
350336	Cerebelum_6_L	0	0	0	0	0	0	0	0	0	0	0	0	0	0	0	0	0	0	0	0	0	0	0	0	0	0	0	0	0	0	0	0	0	0	0	0	0	0	0	0	0	0	0	0	0	0	15054	1406	0	0	182	0	330	0	19346	678	0	0	0	0	0	0	0	0	0	0	0	0	0	0	0	0	0	0	0	0	0	0	0	0	0	0	0	0	0	0	0	0	338	0	42056	2602	2502	1092	512	0	35512	2186	0	2998	1988	0	7358	0	7834	148	1060	0	0	172	7426	9314	8776	1620	2432	246	
331024	Cerebelum_6_R	0	0	0	0	0	0	0	0	0	0	0	0	0	0	0	0	0	0	0	0	0	0	0	0	0	0	0	0	0	0	0	0	0	0	0	0	0	0	0	0	0	0	0	132	0	0	1640	7906	0	0	0	0	0	190	0	15068	0	0	0	0	0	0	0	0	0	0	0	0	0	0	0	0	0	0	0	0	0	0	0	0	0	0	0	0	0	0	0	0	0	582	1560	52328	1410	5304	286	2304	1418	25146	2998	0	0	1766	158	8736	416	5916	0	1018	178	816	8456	8598	5796	1848	3400	138	
180556	Cerebelum_7b_L	0	0	0	0	0	0	0	0	0	0	0	0	0	0	0	0	0	0	0	0	0	0	0	0	0	0	0	0	0	0	0	0	0	0	0	0	0	0	0	0	0	0	0	0	0	0	160	0	0	0	0	0	0	0	0	0	0	0	0	0	0	0	0	0	0	0	0	0	0	0	0	0	0	0	0	0	0	0	0	0	0	0	0	0	0	0	0	0	0	0	9544	0	33082	974	0	0	332	0	1988	0	0	1236	28620	776	8052	0	412	0	0	0	0	0	2186	2758	158	0	
121780	Cerebelum_7b_R	0	0	0	0	0	0	0	0	0	0	0	0	0	0	0	0	0	0	0	0	0	0	0	0	0	0	0	0	0	0	0	0	0	0	0	0	0	0	0	0	0	0	0	0	0	0	0	0	0	0	0	0	0	0	0	0	0	0	0	0	0	0	0	0	0	0	0	0	0	0	0	0	0	0	0	0	0	0	0	0	0	0	0	0	0	0	0	0	0	0	0	7070	1514	20040	0	0	0	0	0	1766	1236	0	676	21940	0	2536	0	0	0	0	0	0	1470	2642	0	0	
271880	Cerebelum_8_L	0	0	0	0	0	0	0	0	0	0	0	0	0	0	0	0	0	0	0	0	0	0	0	0	0	0	0	0	0	0	0	0	0	0	0	0	0	0	0	0	0	0	0	0	0	0	310	0	0	0	0	0	0	0	0	0	0	0	0	0	0	0	0	0	0	0	0	0	0	0	0	0	0	0	0	0	0	0	0	0	0	0	0	0	0	0	0	0	0	0	19264	150	33078	434	184	0	2966	0	7358	158	28620	676	0	1376	28798	314	2732	0	0	0	860	290	3006	3832	1534	0	
218616	Cerebelum_8_R	0	0	0	0	0	0	0	0	0	0	0	0	0	0	0	0	0	0	0	0	0	0	0	0	0	0	0	0	0	0	0	0	0	0	0	0	0	0	0	0	0	0	0	0	0	0	0	0	0	0	0	0	0	0	0	0	0	0	0	0	0	0	0	0	0	0	0	0	0	0	0	0	0	0	0	0	0	0	0	0	0	0	0	0	0	0	0	0	0	0	944	18844	1062	26522	0	0	0	0	0	8736	776	21940	1376	0	144	17706	0	266	0	0	0	396	3886	4712	1998	0	
180976	Cerebelum_9_L	0	0	0	0	0	0	0	0	0	0	0	0	0	0	0	0	0	0	0	0	0	0	0	0	0	0	0	0	0	0	0	0	0	0	0	0	0	0	0	0	0	0	0	0	0	0	224	0	0	0	0	0	0	0	0	0	0	0	0	0	0	0	0	0	0	0	0	0	0	0	0	0	0	0	0	0	0	0	0	0	0	0	0	0	0	0	0	0	0	0	11894	268	12080	0	594	0	5300	308	7834	416	8052	0	28798	144	0	262	4432	0	0	0	2326	1758	1420	1218	2772	388	
114288	Cerebelum_9_R	0	0	0	0	0	0	0	0	0	0	0	0	0	0	0	0	0	0	0	0	0	0	0	0	0	0	0	0	0	0	0	0	0	0	0	0	0	0	0	0	0	0	0	0	0	0	0	356	0	0	0	0	0	0	0	0	0	0	0	0	0	0	0	0	0	0	0	0	0	0	0	0	0	0	0	0	0	0	0	0	0	0	0	0	0	0	0	0	0	0	232	6692	372	4492	0	186	480	1006	148	5916	0	2536	314	17706	262	0	0	1446	0	0	1680	2952	1856	2440	4722	1350	
22076	Cerebelum_10_L	0	0	0	0	0	0	0	0	0	0	0	0	0	0	0	0	0	0	0	0	0	0	0	0	0	0	0	0	0	0	0	0	0	0	0	0	0	0	0	0	0	0	0	0	0	0	0	0	0	0	0	0	0	0	0	0	0	0	0	0	0	0	0	0	0	0	0	0	0	0	0	0	0	0	0	0	0	0	0	0	0	0	0	0	0	0	0	0	0	0	1102	0	592	0	0	0	572	0	1060	0	412	0	2732	0	4432	0	0	0	0	0	136	0	0	0	0	0	
10252	Cerebelum_10_R	0	0	0	0	0	0	0	0	0	0	0	0	0	0	0	0	0	0	0	0	0	0	0	0	0	0	0	0	0	0	0	0	0	0	0	0	0	0	0	0	0	0	0	0	0	0	0	0	0	0	0	0	0	0	0	0	0	0	0	0	0	0	0	0	0	0	0	0	0	0	0	0	0	0	0	0	0	0	0	0	0	0	0	0	0	0	0	0	0	0	0	218	0	0	0	0	0	0	0	1018	0	0	0	266	0	1446	0	0	0	0	138	954	0	0	1086	0	
9100	Vermis_1_2	0	0	0	0	0	0	0	0	0	0	0	0	0	0	0	0	0	0	0	0	0	0	0	0	0	0	0	0	0	0	0	0	0	0	0	0	0	0	0	0	0	0	0	0	0	0	0	0	0	0	0	0	0	0	0	0	0	0	0	0	0	0	0	0	0	0	0	0	0	0	0	0	0	0	0	0	0	0	0	0	0	0	0	0	0	0	0	0	0	0	0	170	0	0	520	264	166	0	0	178	0	0	0	0	0	0	0	0	0	2714	538	0	0	0	0	0	
19668	Vermis_3	0	0	0	0	0	0	0	0	0	0	0	0	0	0	0	0	0	0	0	0	0	0	0	0	0	0	0	0	0	0	0	0	0	0	0	0	0	0	0	0	0	0	0	0	0	0	244	0	0	0	0	0	0	0	0	0	0	0	0	0	0	0	0	0	0	0	0	0	0	0	0	0	0	0	0	0	0	0	0	0	0	0	0	0	0	0	0	0	0	0	0	676	0	0	1008	1510	872	466	172	816	0	0	0	0	0	0	0	0	2714	0	1356	0	0	0	0	0	
156996	Vermis_4_5	0	0	0	0	0	0	0	0	0	0	0	0	0	0	0	0	0	0	0	0	0	0	0	0	0	0	0	0	0	0	0	0	0	0	234	1114	0	448	0	376	0	0	0	140	0	0	3768	4696	0	0	0	0	0	0	802	3738	0	0	0	0	0	0	0	0	0	0	0	1454	0	0	0	0	0	0	0	0	0	0	0	0	0	0	0	0	0	0	0	0	0	0	1656	4086	0	0	842	528	9610	12070	7426	8456	0	0	860	0	2326	1680	136	138	538	1356	0	4646	252	170	2392	2560	
145268	Vermis_6	0	0	0	0	0	0	0	0	0	0	0	0	0	0	0	0	0	0	0	0	0	0	0	0	0	0	0	0	0	0	0	0	0	0	0	0	0	0	0	0	0	0	0	0	0	0	6200	4306	0	0	156	0	214	0	1254	2248	0	0	0	0	0	0	0	0	0	0	0	0	0	0	0	0	0	0	0	0	0	0	0	0	0	0	0	0	0	0	0	0	0	0	3460	5014	724	1416	0	0	2344	1850	9314	8598	0	0	290	396	1758	2952	0	954	0	0	4646	0	7896	1294	4046	1304	
188076	Vermis_7	0	0	0	0	0	0	0	0	0	0	0	0	0	0	0	0	0	0	0	0	0	0	0	0	0	0	0	0	0	0	0	0	0	0	0	0	0	0	0	0	0	0	0	0	0	0	4074	1290	0	0	158	0	206	0	1630	554	0	0	0	0	0	0	0	0	0	0	0	0	0	0	0	0	0	0	0	0	0	0	0	0	0	0	0	0	0	0	0	0	0	0	11276	8080	9394	7972	0	0	638	0	8776	5796	2186	1470	3006	3886	1420	1856	0	0	0	0	252	7896	0	8356	3866	0	
98068	Vermis_8	0	0	0	0	0	0	0	0	0	0	0	0	0	0	0	0	0	0	0	0	0	0	0	0	0	0	0	0	0	0	0	0	0	0	0	0	0	0	0	0	0	0	0	0	0	0	302	0	0	0	0	0	0	0	146	0	0	0	0	0	0	0	0	0	0	0	0	0	0	0	0	0	0	0	0	0	0	0	0	0	0	0	0	0	0	0	0	0	0	0	3638	2352	3120	3938	0	0	344	0	1620	1848	2758	2642	3832	4712	1218	2440	0	0	0	0	170	1294	8356	0	4164	140	
86084	Vermis_9	0	0	0	0	0	0	0	0	0	0	0	0	0	0	0	0	0	0	0	0	0	0	0	0	0	0	0	0	0	0	0	0	0	0	0	0	0	0	0	0	0	0	0	0	0	0	0	610	0	0	0	0	0	0	0	160	0	0	0	0	0	0	0	0	0	0	0	0	0	0	0	0	0	0	0	0	0	0	0	0	0	0	0	0	0	0	0	0	0	0	2576	2146	624	852	0	0	1312	1202	2432	3400	158	0	1534	1998	2772	4722	0	1086	0	0	2392	4046	3866	4164	0	990	
18928	Vermis_10	0	0	0	0	0	0	0	0	0	0	0	0	0	0	0	0	0	0	0	0	0	0	0	0	0	0	0	0	0	0	0	0	0	0	0	0	0	0	0	0	0	0	0	0	0	0	162	390	0	0	0	0	0	0	0	0	0	0	0	0	0	0	0	0	0	0	0	0	0	0	0	0	0	0	0	0	0	0	0	0	0	0	0	0	0	0	0	0	0	0	0	0	0	0	0	0	918	878	246	138	0	0	0	0	388	1350	0	0	0	0	2560	1304	0	140	990	0	
