data	data	385084	379992	826168	750188	128432	87772	521184	235716	71080	40688	310536	226372	370156	138720	178836	105692	233024	185012	787008	766184	87032	113036	286444	332236	26016	71180	58824	59200	842968	480676	346388	498264	157084	559884	103268	135332	264208	400396	103308	216156	65896	64332	252136	320476	146376	316104	387232	254236	221332	346544	591116	219204	181288	142108	454256	571760	256428	344996	178192	160780	250300	202740	114396	95424	159136	114936	313552	450088	275300	329540	408004	504680	374104	501876	37804	25996	140756	157076	123888	52596	277012	127984	125188	34976	333948	144108	10604	19080	323948	207976	420892	389176	209544	215444	27808	59100	273296	185580	425964	374788	139768	92576	209380	211056	81696	96760	25992	14644	23768	52212	209124	160532	200392	102364	87632	43832	
data	data	Precentral_L	Precentral_R	Frontal_Sup_L	Frontal_Sup_R	Frontal_Sup_Orb_L	Frontal_Sup_Orb_R	Frontal_Mid_L	Frontal_Mid_R	Frontal_Mid_Orb_L	Frontal_Mid_Orb_R	Frontal_Inf_Oper_L	Frontal_Inf_Oper_R	Frontal_Inf_Tri_L	Frontal_Inf_Tri_R	Frontal_Inf_Orb_L	Frontal_Inf_Orb_R	Rolandic_Oper_L	Rolandic_Oper_R	Supp_Motor_Area_L	Supp_Motor_Area_R	Olfactory_L	Olfactory_R	Frontal_Sup_Medial_L	Frontal_Sup_Medial_R	Frontal_Med_Orb_L	Frontal_Med_Orb_R	Rectus_L	Rectus_R	Insula_L	Insula_R	Cingulum_Ant_L	Cingulum_Ant_R	Cingulum_Mid_L	Cingulum_Mid_R	Cingulum_Post_L	Cingulum_Post_R	Hippocampus_L	Hippocampus_R	ParaHippocampal_L	ParaHippocampal_R	Amygdala_L	Amygdala_R	Calcarine_L	Calcarine_R	Cuneus_L	Cuneus_R	Lingual_L	Lingual_R	Occipital_Sup_L	Occipital_Sup_R	Occipital_Mid_L	Occipital_Mid_R	Occipital_Inf_L	Occipital_Inf_R	Fusiform_L	Fusiform_R	Postcentral_L	Postcentral_R	Parietal_Sup_L	Parietal_Sup_R	Parietal_Inf_L	Parietal_Inf_R	SupraMarginal_L	SupraMarginal_R	Angular_L	Angular_R	Precuneus_L	Precuneus_R	Paracentral_Lobule_L	Paracentral_Lobule_R	Caudate_L	Caudate_R	Putamen_L	Putamen_R	Pallidum_L	Pallidum_R	Thalamus_L	Thalamus_R	Heschl_L	Heschl_R	Temporal_Sup_L	Temporal_Sup_R	Temporal_Pole_Sup_L	Temporal_Pole_Sup_R	Temporal_Mid_L	Temporal_Mid_R	Temporal_Pole_Mid_L	Temporal_Pole_Mid_R	Temporal_Inf_L	Temporal_Inf_R	Cerebelum_Crus1_L	Cerebelum_Crus1_R	Cerebelum_Crus2_L	Cerebelum_Crus2_R	Cerebelum_3_L	Cerebelum_3_R	Cerebelum_4_5_L	Cerebelum_4_5_R	Cerebelum_6_L	Cerebelum_6_R	Cerebelum_7b_L	Cerebelum_7b_R	Cerebelum_8_L	Cerebelum_8_R	Cerebelum_9_L	Cerebelum_9_R	Cerebelum_10_L	Cerebelum_10_R	Vermis_1_2	Vermis_3	Vermis_4_5	Vermis_6	Vermis_7	Vermis_8	Vermis_9	Vermis_10	
385084	Precentral_L	0	1022	11128	652	0	0	18566	122	0	0	9932	442	2486	108	0	336	9748	0	13058	10208	0	0	0	0	0	0	0	0	13074	454	0	0	0	3898	372	702	1732	858	354	104	0	0	322	0	944	0	940	0	536	0	7238	0	0	0	1628	100	26212	0	484	0	2898	0	3752	0	1452	0	1322	106	13994	7622	544	298	1992	0	0	0	4280	686	4336	0	5942	0	0	0	4514	0	0	0	1044	0	0	0	0	0	0	0	0	0	0	0	0	0	0	0	0	0	0	0	0	0	0	0	0	0	0	0	
379992	Precentral_R	1022	0	1000	12194	0	0	578	7358	0	0	86	8914	0	216	0	0	0	3682	2776	6770	0	0	0	0	0	0	0	0	192	8400	168	0	2132	9620	1796	3088	0	9040	0	4112	0	0	106	1750	0	0	288	956	0	182	664	0	0	3702	132	12180	290	32110	0	224	0	442	0	1704	0	118	296	2262	7012	15588	1034	2616	0	2152	0	116	0	7918	0	638	0	2562	0	0	0	2462	0	0	0	6690	0	0	0	0	0	0	0	0	0	0	0	0	0	0	0	0	0	0	0	0	462	196	0	0	0	0	
826168	Frontal_Sup_L	11128	1000	0	7634	8184	0	71474	3318	2824	0	10948	2110	16224	140	7210	220	7016	658	84326	18138	0	0	36228	584	386	0	528	0	24122	3840	20948	2704	4046	6832	184	466	1734	3796	258	522	0	0	0	0	0	0	152	0	0	0	582	0	0	0	1196	2558	2914	0	0	0	192	0	472	0	0	0	132	188	3456	1634	8278	4280	8474	3010	318	272	3442	2090	1506	0	3128	166	2374	0	940	0	0	0	1066	534	0	0	0	0	0	0	0	0	0	0	0	0	0	0	0	0	0	0	0	0	0	0	0	0	0	0	
750188	Frontal_Sup_R	652	12194	7634	0	0	2916	2100	32288	0	1770	1482	7052	1896	8860	0	6306	168	8138	12976	57670	0	0	11642	34342	0	1142	0	112	2294	21056	9400	37594	2178	25686	0	0	0	4100	0	798	0	0	0	0	0	0	0	118	0	0	0	0	0	166	0	3242	90	1390	0	0	0	0	0	0	0	0	0	0	558	104	796	13256	0	19530	0	504	190	14118	0	1364	100	3616	216	0	0	284	0	0	0	1006	0	0	0	0	0	0	0	0	0	0	0	0	0	0	0	0	0	0	0	0	0	0	0	0	0	0	
128432	Frontal_Sup_Orb_L	0	0	8184	0	0	116	1096	0	8228	0	0	0	906	0	6732	0	0	0	446	0	1906	788	3498	0	4414	0	7254	248	3352	0	6692	190	0	0	0	0	0	0	0	0	202	0	0	0	0	0	0	0	0	0	0	0	0	0	0	0	0	0	0	0	0	0	0	0	0	0	0	0	0	0	4008	598	5064	0	0	0	0	0	0	0	0	0	294	0	0	0	0	0	0	0	0	0	0	0	0	0	0	0	0	0	0	0	0	0	0	0	0	0	0	0	0	0	0	0	0	0	
87772	Frontal_Sup_Orb_R	0	0	0	2916	116	0	0	1434	0	5762	0	0	0	768	0	4512	0	0	0	0	158	1068	302	2210	86	8228	134	8334	0	638	458	1024	0	0	0	0	0	0	0	0	0	0	0	0	0	0	0	0	0	0	0	0	0	0	0	0	0	0	0	0	0	0	0	0	0	0	0	0	0	0	144	2980	0	2614	0	0	0	0	0	0	0	0	0	0	0	0	0	0	0	0	0	0	0	0	0	0	0	0	0	0	0	0	0	0	0	0	0	0	0	0	0	0	0	0	0	0	
521184	Frontal_Mid_L	18566	578	71474	2100	1096	0	0	1320	1188	0	19290	1290	35604	158	6570	500	5260	188	16290	3712	0	0	15560	294	0	0	0	0	19112	1450	8082	398	1644	956	110	528	432	1808	0	268	0	0	0	0	0	0	110	0	0	0	1332	0	0	0	360	810	528	0	0	0	116	0	332	0	0	0	0	0	494	1848	4566	1028	1708	756	0	0	1422	1162	2006	0	2204	0	1524	0	1382	0	0	0	748	330	0	0	0	0	0	0	0	0	0	0	0	0	0	0	0	0	0	0	0	0	0	0	0	0	0	0	
235716	Frontal_Mid_R	122	7358	3318	32288	0	1434	1320	0	0	1078	932	6186	980	12580	0	3608	146	3100	2964	3342	0	0	1010	4416	0	0	0	0	1264	10234	148	1300	0	2660	0	0	0	1862	0	482	0	0	0	0	0	0	0	0	0	0	0	0	0	0	0	1820	0	1306	0	0	0	0	0	0	0	0	0	0	0	0	1138	674	0	5494	0	0	0	0	0	376	94	2056	176	0	0	182	0	0	0	410	0	0	0	0	0	0	0	0	0	0	0	0	0	0	0	0	0	0	0	0	0	0	0	0	0	0	
71080	Frontal_Mid_Orb_L	0	0	2824	0	8228	0	1188	0	0	0	0	0	354	0	10252	0	0	0	0	0	0	0	0	0	1452	0	2476	0	3986	0	1282	0	0	0	0	0	0	0	0	0	0	0	0	0	0	0	0	0	0	0	0	0	0	0	0	0	0	0	0	0	0	0	0	0	0	0	0	0	0	0	304	0	3194	0	0	0	0	0	0	0	0	0	0	0	0	0	0	0	0	0	0	0	0	0	0	0	0	0	0	0	0	0	0	0	0	0	0	0	0	0	0	0	0	0	0	0	
40688	Frontal_Mid_Orb_R	0	0	0	1770	0	5762	0	1078	0	0	0	0	0	798	0	5088	0	0	190	526	0	134	0	750	0	204	0	1528	0	110	116	772	0	550	0	0	0	0	0	0	0	0	0	0	0	0	0	0	0	0	0	0	0	0	0	0	0	0	0	0	0	0	0	0	0	0	0	0	0	0	0	582	0	386	0	0	0	0	0	0	0	0	0	0	0	0	0	0	0	0	0	0	0	0	0	0	0	0	0	0	0	0	0	0	0	0	0	0	0	0	0	0	0	0	0	0	
310536	Frontal_Inf_Oper_L	9932	86	10948	1482	0	0	19290	932	0	0	0	1534	26050	0	298	362	15890	300	4852	988	0	0	192	100	0	0	0	0	30312	1604	516	316	0	0	0	0	0	94	0	0	0	0	0	0	0	0	0	0	0	0	350	0	0	0	0	0	2320	0	0	0	0	0	176	0	0	0	0	0	0	378	5920	1766	948	790	0	0	264	0	1410	0	5484	0	8212	0	962	0	0	0	210	0	0	0	0	0	0	0	0	0	0	0	0	0	0	0	0	0	0	0	0	0	0	0	0	0	0	0	
226372	Frontal_Inf_Oper_R	442	8914	2110	7052	0	0	1290	6186	0	0	1534	0	2760	7440	0	266	186	5952	2198	3316	0	0	0	770	0	0	0	0	3344	29130	314	1772	0	980	0	0	0	1678	0	398	0	0	0	0	0	0	0	0	0	0	0	0	0	0	0	1616	0	4494	0	0	0	0	0	0	0	0	0	0	0	0	804	6962	0	6502	0	86	0	2188	154	220	142	634	618	284	140	0	0	0	100	210	0	0	0	0	0	0	0	0	0	0	0	0	0	0	0	0	0	0	0	0	0	0	0	0	0	0	
370156	Frontal_Inf_Tri_L	2486	0	16224	1896	906	0	35604	980	354	0	26050	2760	0	0	13770	646	1620	680	6938	1050	0	0	2436	874	0	88	0	0	37108	2846	2440	1430	408	0	0	0	0	0	0	0	0	0	0	0	0	0	0	0	0	0	334	0	0	0	0	0	178	0	0	0	0	0	150	0	0	0	0	0	0	242	8416	4626	4184	2284	0	0	248	0	516	0	764	0	2928	0	356	0	0	0	258	0	0	0	0	0	0	0	0	0	0	0	0	0	0	0	0	0	0	0	0	0	0	0	0	0	0	0	
138720	Frontal_Inf_Tri_R	108	216	140	8860	0	768	158	12580	0	798	0	7440	0	0	0	3498	0	206	462	3874	0	0	526	2454	0	0	0	0	182	12648	274	2932	0	2616	0	0	0	362	0	0	0	0	0	0	0	0	0	0	0	0	0	0	0	0	0	396	0	176	0	0	0	0	0	0	0	0	0	0	0	0	0	2364	0	5230	0	0	0	0	0	0	0	92	0	0	0	0	0	0	0	0	0	0	0	0	0	0	0	0	0	0	0	0	0	0	0	0	0	0	0	0	0	0	0	0	0	0	
178836	Frontal_Inf_Orb_L	0	0	7210	0	6732	0	6570	0	10252	0	298	0	13770	0	0	0	0	0	878	194	1106	150	1070	0	534	0	1596	0	20982	0	1502	96	156	0	0	0	0	0	0	0	348	0	0	0	0	0	0	0	0	0	0	0	0	0	0	0	0	0	0	0	0	0	0	0	0	0	0	0	0	0	3128	896	10726	300	0	0	108	0	0	0	184	0	632	0	0	0	0	0	0	0	0	0	0	0	0	0	0	0	0	0	0	0	0	0	0	0	0	0	0	0	0	0	0	0	0	0	
105692	Frontal_Inf_Orb_R	336	0	220	6306	0	4512	500	3608	0	5088	362	266	646	3498	0	0	0	114	1034	3046	0	988	0	3370	0	0	0	1966	832	5876	350	2084	0	2516	0	0	0	0	0	0	0	102	0	0	0	0	0	0	0	0	0	0	0	0	0	108	0	0	0	0	0	0	0	0	0	0	0	0	0	0	268	1654	0	2758	0	0	0	0	92	0	104	0	0	144	0	0	0	0	0	98	0	0	0	0	0	0	0	0	0	0	0	0	0	0	0	0	0	0	0	0	0	0	0	0	0	0	
233024	Rolandic_Oper_L	9748	0	7016	168	0	0	5260	146	0	0	15890	186	1620	0	0	0	0	0	4514	160	0	0	0	0	0	0	0	0	27284	216	0	0	0	0	0	0	0	100	0	0	0	0	0	0	0	0	0	0	0	0	1658	0	0	0	92	0	6888	0	0	0	468	0	2272	0	268	0	0	0	0	0	1088	226	116	134	0	0	118	0	6824	0	12692	0	4224	0	5498	0	0	0	1638	0	0	0	0	0	0	0	0	0	0	0	0	0	0	0	0	0	0	0	0	0	0	0	0	0	0	0	
185012	Rolandic_Oper_R	0	3682	658	8138	0	0	188	3100	0	0	300	5952	680	206	0	114	0	0	648	7280	0	0	0	260	0	0	0	0	832	16282	0	312	0	378	0	0	0	1982	0	744	0	0	0	0	0	0	0	0	0	0	0	0	0	0	0	1454	0	9866	0	0	0	0	0	5856	0	0	0	0	0	0	284	1662	0	2862	0	350	0	902	0	6200	0	10604	134	308	0	88	0	0	0	200	0	0	0	0	0	0	0	0	0	0	0	0	0	0	0	0	0	0	0	0	0	0	0	0	0	0	
787008	Supp_Motor_Area_L	13058	2776	84326	12976	446	0	16290	2964	0	190	4852	2198	6938	462	878	1034	4514	648	0	42810	0	0	6186	2152	0	0	0	0	19276	4342	8564	9358	10222	29002	802	382	4976	2514	1116	304	0	0	0	0	0	0	138	0	266	0	632	0	0	0	2980	1986	6278	646	0	0	1118	0	1940	0	0	0	884	102	19540	6590	6098	4312	12602	3236	4210	310	7696	1358	2938	0	4484	148	1126	0	1366	0	0	0	3668	296	0	0	0	0	0	0	0	0	0	0	0	0	0	0	0	0	0	0	0	0	0	0	0	0	0	0	
766184	Supp_Motor_Area_R	10208	6770	18138	57670	0	0	3712	3342	0	526	988	3316	1050	3874	194	3046	160	7280	42810	0	0	0	678	8312	0	0	0	0	2184	12972	6232	20818	7712	52132	166	250	484	5548	0	1358	0	0	0	226	0	354	0	132	0	318	132	270	0	964	494	6388	2056	1210	0	0	0	0	0	106	0	0	104	492	16560	29926	1576	11242	748	10174	134	758	1246	7764	0	1542	158	2694	114	0	226	578	0	0	554	1922	0	0	0	0	0	0	0	0	0	0	0	0	0	0	0	0	0	0	0	0	0	0	0	0	0	0	
87032	Olfactory_L	0	0	0	0	1906	158	0	0	0	0	0	0	0	0	1106	0	0	0	0	0	0	7140	0	0	0	0	1924	422	2664	0	2812	1140	0	0	0	0	226	0	124	0	1704	0	0	0	0	0	0	0	0	0	0	0	0	0	218	0	0	0	0	0	0	0	0	0	0	0	0	0	0	0	8774	6192	5388	332	294	0	0	0	0	0	0	0	992	0	0	0	0	0	0	0	0	0	0	0	0	0	0	0	0	0	0	0	0	0	0	0	0	0	0	0	0	0	0	0	0	0	
113036	Olfactory_R	0	0	0	0	788	1068	0	0	0	134	0	0	0	0	150	988	0	0	0	0	7140	0	0	0	0	644	1098	2786	1590	1776	3780	3726	0	0	0	0	146	0	0	0	1296	168	0	0	0	0	0	0	0	0	0	0	0	0	132	0	0	0	0	0	0	0	0	0	0	0	0	0	0	0	9890	9706	6892	1104	644	0	0	0	0	0	0	0	872	0	0	0	0	0	0	0	0	0	0	0	0	0	0	0	0	0	0	0	0	0	0	0	0	0	0	0	0	0	0	0	0	0	
286444	Frontal_Sup_Medial_L	0	0	36228	11642	3498	302	15560	1010	0	0	192	0	2436	526	1070	0	0	0	6186	678	0	0	0	16980	918	504	976	0	1040	182	16890	11448	2336	9008	0	0	0	0	0	0	0	0	0	0	0	0	0	0	0	0	0	0	0	0	0	0	0	0	0	0	0	0	0	0	0	0	0	0	0	0	338	1032	1048	1194	0	0	0	0	0	0	0	0	0	0	0	0	0	0	0	0	0	0	0	0	0	0	0	0	0	0	0	0	0	0	0	0	0	0	0	0	0	0	0	0	0	0	
332236	Frontal_Sup_Medial_R	0	0	584	34342	0	2210	294	4416	0	750	100	770	874	2454	0	3370	0	260	2152	8312	0	0	16980	0	0	4832	0	258	1142	3380	5864	30532	92	14910	0	0	0	258	0	0	0	0	0	0	0	0	0	0	0	0	0	0	0	0	0	318	0	0	0	0	0	0	0	0	0	0	0	0	0	0	1310	12338	0	12758	0	0	0	0	0	0	0	148	0	0	0	0	0	0	0	110	0	0	0	0	0	0	0	0	0	0	0	0	0	0	0	0	0	0	0	0	0	0	0	0	0	0	
26016	Frontal_Med_Orb_L	0	0	386	0	4414	86	0	0	1452	0	0	0	0	0	534	0	0	0	0	0	0	0	918	0	0	150	2460	0	0	0	2268	0	0	0	0	0	0	0	0	0	0	0	0	0	0	0	0	0	0	0	0	0	0	0	0	0	0	0	0	0	0	0	0	0	0	0	0	0	0	0	340	0	0	0	0	0	0	0	0	0	0	0	0	0	0	0	0	0	0	0	0	0	0	0	0	0	0	0	0	0	0	0	0	0	0	0	0	0	0	0	0	0	0	0	0	0	
71180	Frontal_Med_Orb_R	0	0	0	1142	0	8228	0	0	0	204	0	0	88	0	0	0	0	0	0	0	0	644	504	4832	150	0	0	5860	114	0	1014	5314	0	0	0	0	0	0	0	0	0	0	0	0	0	0	0	0	0	0	0	0	0	0	0	0	0	0	0	0	0	0	0	0	0	0	0	0	0	0	274	5206	0	2016	0	0	0	0	0	0	0	0	0	0	0	0	0	0	0	0	0	0	0	0	0	0	0	0	0	0	0	0	0	0	0	0	0	0	0	0	0	0	0	0	0	0	
58824	Rectus_L	0	0	528	0	7254	134	0	0	2476	0	0	0	0	0	1596	0	0	0	0	0	1924	1098	976	0	2460	0	0	330	430	0	4756	344	0	0	0	0	0	0	0	0	0	0	0	0	0	0	0	0	0	0	0	0	0	0	0	0	0	0	0	0	0	0	0	0	0	0	0	0	0	0	3136	820	1150	0	0	0	0	0	0	0	0	0	0	0	0	0	0	0	0	0	0	0	0	0	0	0	0	0	0	0	0	0	0	0	0	0	0	0	0	0	0	0	0	0	0	0	
59200	Rectus_R	0	0	0	112	248	8334	0	0	0	1528	0	0	0	0	0	1966	0	0	0	0	422	2786	0	258	0	5860	330	0	0	1270	640	2196	0	0	0	0	0	0	0	0	0	0	0	0	0	0	0	0	0	0	0	0	0	0	0	0	0	0	0	0	0	0	0	0	0	0	0	0	0	0	346	2452	0	852	0	0	0	0	0	0	0	0	0	0	0	0	0	0	0	0	0	0	0	0	0	0	0	0	0	0	0	0	0	0	0	0	0	0	0	0	0	0	0	0	0	0	
842968	Insula_L	13074	192	24122	2294	3352	0	19112	1264	3986	0	30312	3344	37108	182	20982	832	27284	832	19276	2184	2664	1590	1040	1142	0	114	430	0	0	3628	2864	2024	174	102	0	0	12768	302	692	0	5256	0	90	0	0	0	398	0	0	0	4792	0	184	0	12106	200	4640	0	0	0	658	0	1640	0	212	0	0	0	1078	908	25722	7228	28828	2956	384	0	5488	144	12196	0	23910	0	12574	0	10726	0	0	0	19900	0	0	0	0	0	0	0	0	0	0	0	0	0	0	0	0	0	0	0	0	0	0	0	0	0	0	0	
480676	Insula_R	454	8400	3840	21056	0	638	1450	10234	0	110	1604	29130	2846	12648	0	5876	216	16282	4342	12972	0	1776	182	3380	0	0	0	1270	3628	0	632	4318	0	2410	0	0	0	7448	0	2586	0	928	0	0	0	0	0	0	0	0	86	0	0	216	0	8350	0	5242	0	0	0	0	0	436	0	0	0	0	0	0	1402	11202	90	32732	0	504	0	2752	166	3760	248	6954	664	512	146	1852	0	0	110	2258	0	0	0	0	0	0	0	0	0	0	0	0	0	0	0	0	0	0	0	0	0	0	0	0	0	0	
346388	Cingulum_Ant_L	0	168	20948	9400	6692	458	8082	148	1282	116	516	314	2440	274	1502	350	0	0	8564	6232	2812	3780	16890	5864	2268	1014	4756	640	2864	632	0	23770	6294	9956	162	0	0	86	0	0	0	0	0	0	0	0	0	0	0	0	0	0	0	0	0	0	0	0	0	0	0	0	0	0	0	0	116	0	0	428	9220	5984	5454	2622	0	0	0	0	0	0	0	0	96	0	0	0	0	0	0	0	0	0	0	0	0	0	0	0	0	0	0	0	0	0	0	0	0	0	0	0	0	0	0	0	0	0	
498264	Cingulum_Ant_R	0	0	2704	37594	190	1024	398	1300	0	772	316	1772	1430	2932	96	2084	0	312	9358	20818	1140	3726	11448	30532	0	5314	344	2196	2024	4318	23770	0	3788	30380	0	0	0	292	0	0	0	0	0	0	0	0	0	0	0	0	0	0	0	0	0	314	0	0	0	0	0	0	0	0	0	0	0	0	0	0	4786	22744	1512	17092	0	0	0	0	0	0	0	130	182	0	0	0	0	0	0	0	0	0	0	0	0	0	0	0	0	0	0	0	0	0	0	0	0	0	0	0	0	0	0	0	0	0	
157084	Cingulum_Mid_L	0	2132	4046	2178	0	0	1644	0	0	0	0	0	408	0	156	0	0	0	10222	7712	0	0	2336	92	0	0	0	0	174	0	6294	3788	0	16306	3434	1158	0	0	0	0	0	0	400	0	268	342	0	0	414	342	686	0	0	0	0	92	0	954	632	142	0	190	0	0	0	0	5324	920	2782	2974	0	0	0	0	0	0	0	0	0	0	0	0	0	0	0	0	0	0	0	0	0	0	0	0	0	0	0	0	0	0	0	0	0	0	0	0	0	0	0	0	0	0	0	0	0	0	
559884	Cingulum_Mid_R	3898	9620	6832	25686	0	0	956	2660	0	550	0	980	0	2616	0	2516	0	378	29002	52132	0	0	9008	14910	0	0	0	0	102	2410	9956	30380	16306	0	1590	5374	0	602	0	344	0	0	162	518	0	330	0	0	0	328	208	0	0	616	0	938	206	4722	0	0	0	100	0	0	0	0	496	3146	16974	18234	116	768	0	1796	0	0	500	224	0	0	0	0	0	0	0	0	0	0	0	400	0	0	0	0	0	0	0	0	0	0	0	0	0	0	0	0	0	0	0	0	352	0	0	0	0	0	
103268	Cingulum_Post_L	372	1796	184	0	0	0	110	0	0	0	0	0	0	0	0	0	0	0	802	166	0	0	0	0	0	0	0	0	0	0	162	0	3434	1590	0	6348	1592	1664	1108	768	0	0	3074	118	1042	0	2300	0	336	0	5182	0	0	128	1024	990	212	1556	220	0	0	0	0	0	0	0	9138	706	1866	2094	0	0	0	0	0	0	242	0	0	0	0	0	0	0	792	0	0	0	114	0	0	0	0	0	0	0	0	0	0	0	0	0	0	0	0	0	0	0	0	0	404	0	0	0	0	0	
135332	Cingulum_Post_R	702	3088	466	0	0	0	528	0	0	0	0	0	0	0	0	0	0	0	382	250	0	0	0	0	0	0	0	0	0	0	0	0	1158	5374	6348	0	1582	5288	366	1704	0	0	858	4874	0	0	606	1206	0	0	832	0	0	938	468	3202	0	2968	0	0	0	0	0	0	0	0	240	11576	2042	3980	0	0	0	160	0	0	1612	1130	0	0	0	0	0	0	0	0	0	0	0	1016	0	0	0	0	0	0	0	168	0	0	0	0	0	0	0	0	0	0	0	0	2554	0	0	0	0	0	
264208	Hippocampus_L	1732	0	1734	0	0	0	432	0	0	0	0	0	0	0	0	0	0	0	4976	484	226	146	0	0	0	0	0	0	12768	0	0	0	0	0	1592	1582	0	1380	15326	200	8448	0	1036	0	0	0	4516	130	0	0	240	0	0	0	22390	0	0	0	0	0	0	0	0	0	0	0	2230	964	1412	412	2086	152	14558	86	700	0	5050	484	1848	0	502	0	1528	0	1364	0	0	0	18236	0	0	0	0	0	104	0	640	0	172	0	0	0	0	0	0	0	0	0	0	0	238	0	0	0	0	0	
400396	Hippocampus_R	858	9040	3796	4100	0	0	1808	1862	0	0	94	1678	0	362	0	0	100	1982	2514	5548	0	0	0	258	0	0	0	0	302	7448	86	292	0	602	1664	5288	1380	0	230	28636	0	8680	0	340	0	0	162	4002	0	0	0	0	0	942	200	45352	0	1084	0	0	0	0	0	106	0	0	0	2670	648	1342	3082	5422	152	21834	0	2404	2060	5312	0	712	0	872	0	236	0	500	0	0	0	8104	0	0	0	0	0	912	0	2168	0	206	0	0	0	0	0	0	0	0	0	0	766	0	0	0	0	0	
103308	ParaHippocampal_L	354	0	258	0	0	0	0	0	0	0	0	0	0	0	0	0	0	0	1116	0	124	0	0	0	0	0	0	0	692	0	0	0	0	0	1108	366	15326	230	0	0	2376	0	886	0	0	0	6206	118	0	0	1216	0	1138	0	8394	0	0	0	0	0	0	0	0	0	0	0	1986	280	176	0	0	0	2294	0	202	0	1686	0	0	0	130	0	180	0	246	0	0	0	1302	0	288	0	0	0	606	0	1474	0	598	0	0	0	0	0	0	0	0	0	0	124	174	0	0	0	0	0	
216156	ParaHippocampal_R	104	4112	522	798	0	0	268	482	0	0	0	398	0	0	0	0	0	744	304	1358	0	0	0	0	0	0	0	0	0	2586	0	0	0	344	768	1704	200	28636	0	0	0	7564	0	176	0	0	120	6342	0	0	0	0	0	430	88	26304	0	256	0	0	0	0	0	0	0	0	0	1296	284	936	556	592	0	6090	0	2040	376	1952	0	268	0	352	0	542	0	0	0	258	0	2312	0	0	0	0	0	1368	0	3202	0	310	0	0	0	0	0	0	0	0	0	98	638	0	0	0	0	0	
65896	Amygdala_L	0	0	0	0	202	0	0	0	0	0	0	0	0	0	348	0	0	0	0	0	1704	1296	0	0	0	0	0	0	5256	0	0	0	0	0	0	0	8448	0	2376	0	0	0	0	0	0	0	0	0	0	0	0	0	0	0	3650	0	0	0	0	0	0	0	0	0	0	0	0	0	0	0	1382	1226	2298	0	0	0	240	0	0	0	382	0	1942	0	0	0	0	0	2198	0	0	0	0	0	0	0	0	0	0	0	0	0	0	0	0	0	0	0	0	0	0	0	0	0	0	0	
64332	Amygdala_R	0	0	0	0	0	0	0	0	0	0	0	0	0	0	0	102	0	0	0	0	0	168	0	0	0	0	0	0	0	928	0	0	0	0	0	0	0	8680	0	7564	0	0	0	0	0	0	0	0	0	0	0	0	0	0	0	8422	0	0	0	0	0	0	0	0	0	0	0	0	0	0	0	0	0	1448	0	0	0	0	0	0	0	0	0	1260	0	108	0	98	0	3388	0	0	0	0	0	0	0	0	0	0	0	0	0	0	0	0	0	0	0	0	0	0	0	0	0	0	
252136	Calcarine_L	322	106	0	0	0	0	0	0	0	0	0	0	0	0	0	0	0	0	0	0	0	0	0	0	0	0	0	0	90	0	0	0	400	162	3074	858	1036	0	886	0	0	0	0	8378	14294	3946	12796	3278	16856	1746	21268	290	3338	792	604	366	812	102	2808	0	686	0	0	0	450	0	18792	1892	628	174	0	0	0	0	0	0	0	0	86	0	86	0	0	0	3940	0	0	0	220	106	0	0	0	0	0	0	0	0	100	0	0	0	0	0	0	0	0	0	0	0	300	0	0	0	0	0	
320476	Calcarine_R	0	1750	0	0	0	0	0	0	0	0	0	0	0	0	0	0	0	0	0	226	0	0	0	0	0	0	0	0	0	0	0	0	0	518	118	4874	0	340	0	176	0	0	8378	0	1746	20384	2756	17908	288	18250	478	11192	0	9938	0	9478	0	8204	0	2448	0	2214	0	1208	0	112	2096	28412	0	2484	0	0	0	0	0	0	0	0	0	0	0	104	0	0	0	1934	0	0	0	928	0	0	0	0	0	0	98	142	0	282	0	0	0	0	0	0	0	0	0	0	394	380	0	0	0	0	
146376	Cuneus_L	944	0	0	0	0	0	0	0	0	0	0	0	0	0	0	0	0	0	0	0	0	0	0	0	0	0	0	0	0	0	0	0	268	0	1042	0	0	0	0	0	0	0	14294	1746	0	4496	456	0	19388	1632	9724	204	288	0	0	0	202	0	1128	0	964	0	112	0	1370	0	11228	1738	292	0	0	0	0	0	0	0	0	0	0	0	0	0	0	0	1672	0	0	0	0	0	0	0	0	0	0	0	0	0	0	0	0	0	0	0	0	0	0	0	0	0	0	0	0	0	0	0	
316104	Cuneus_R	0	0	0	0	0	0	0	0	0	0	0	0	0	0	0	0	0	0	0	354	0	0	0	0	0	0	0	0	0	0	0	0	342	330	0	0	0	0	0	0	0	0	3946	20384	4496	0	374	5144	154	39078	0	15404	0	4598	0	3134	0	5524	0	7084	0	7402	0	162	0	2690	5374	26548	0	3454	0	0	0	0	0	0	0	0	0	0	0	0	0	0	0	2076	0	0	0	0	0	0	0	0	0	0	0	0	0	0	0	0	0	0	0	0	0	0	0	0	0	0	0	0	0	0	
387232	Lingual_L	940	288	152	0	0	0	110	0	0	0	0	0	0	0	0	0	0	0	138	0	0	0	0	0	0	0	0	0	398	0	0	0	0	0	2300	606	4516	162	6206	120	0	0	12796	2756	456	374	0	4212	3810	108	24540	0	15980	330	28300	1024	0	238	382	0	0	0	0	0	0	0	4398	180	808	282	0	0	122	0	0	0	554	0	148	0	0	0	0	0	1092	0	0	0	1440	0	13368	1494	1178	94	140	0	18546	1136	24202	2586	96	0	236	90	0	124	0	0	0	132	5544	2740	1376	0	100	168	
254236	Lingual_R	0	956	0	118	0	0	0	0	0	0	0	0	0	0	0	0	0	0	0	132	0	0	0	0	0	0	0	0	0	0	0	0	0	0	0	1206	130	4002	118	6342	0	0	3278	17908	0	5144	4212	0	176	3664	372	2164	148	6422	682	17674	0	656	0	0	0	256	0	142	0	0	0	6822	0	372	0	0	0	372	0	0	154	932	0	0	0	0	0	0	0	792	0	0	0	490	704	4996	0	166	0	1754	1460	7394	1620	9056	0	0	0	0	0	0	0	0	0	192	6460	5654	1726	0	100	0	
221332	Occipital_Sup_L	536	0	0	0	0	0	0	0	0	0	0	0	0	0	0	0	0	0	266	0	0	0	0	0	0	0	0	0	0	0	0	0	414	0	336	0	0	0	0	0	0	0	16856	288	19388	154	3810	176	0	0	29532	0	1062	0	176	0	3236	0	10882	0	5200	0	140	0	926	0	15424	498	550	0	0	0	0	0	0	0	0	0	0	0	0	0	0	0	816	0	0	0	0	0	0	0	0	0	0	0	0	0	0	0	0	0	0	0	0	0	0	0	0	0	0	0	0	0	0	0	
346544	Occipital_Sup_R	0	182	0	0	0	0	0	0	0	0	0	0	0	0	0	0	0	0	0	318	0	0	0	0	0	0	0	0	0	0	0	0	342	328	0	0	0	0	0	0	0	0	1746	18250	1632	39078	108	3664	0	0	0	28526	0	6234	0	3084	0	5528	0	9866	0	10336	0	152	0	7854	3946	25724	0	3544	0	0	0	0	0	0	0	0	0	0	0	0	0	0	0	2830	0	0	0	0	0	0	0	0	0	0	0	0	0	0	0	0	0	0	0	0	0	0	0	0	0	0	0	0	0	0	
591116	Occipital_Mid_L	7238	664	582	0	0	0	1332	0	0	0	350	0	334	0	0	0	1658	0	632	132	0	0	0	0	0	0	0	0	4792	86	0	0	686	208	5182	832	240	0	1216	0	0	0	21268	478	9724	0	24540	372	29532	0	0	0	30574	0	13172	158	8656	482	19654	0	21764	0	1446	0	18476	0	20416	198	4350	748	0	0	134	0	0	0	0	0	2062	0	1832	0	0	0	24368	0	0	0	9436	0	1214	154	422	0	0	0	706	0	2288	0	0	0	0	0	0	0	0	0	0	0	434	162	174	0	0	0	
219204	Occipital_Mid_R	0	0	0	0	0	0	0	0	0	0	0	0	0	0	0	0	0	0	0	270	0	0	0	0	0	0	0	0	0	0	0	0	0	0	0	0	0	0	0	0	0	0	290	11192	204	15404	0	2164	0	28526	0	0	0	6894	0	3524	0	2406	0	4028	0	5704	0	158	0	8058	1026	12212	0	972	0	0	0	0	0	0	0	0	0	0	0	0	0	0	0	6230	0	0	0	340	0	0	0	0	0	0	0	0	0	0	0	0	0	0	0	0	0	0	0	0	0	0	0	0	0	0	
181288	Occipital_Inf_L	0	0	0	0	0	0	0	0	0	0	0	0	0	0	0	0	0	0	0	0	0	0	0	0	0	0	0	0	184	0	0	0	0	0	0	0	0	0	1138	0	0	0	3338	0	288	0	15980	148	1062	0	30574	0	0	0	15794	0	0	0	0	0	0	0	0	0	0	0	486	0	0	0	0	0	0	0	0	0	0	0	0	0	0	0	0	0	6812	0	0	0	5988	0	2122	160	636	0	0	0	934	0	3688	182	0	0	0	0	0	0	0	0	0	0	574	358	198	0	0	0	
142108	Occipital_Inf_R	0	3702	0	166	0	0	0	0	0	0	0	0	0	0	0	0	0	0	0	964	0	0	0	0	0	0	0	0	0	216	0	0	0	616	128	938	0	942	0	430	0	0	792	9938	0	4598	330	6422	0	6234	0	6894	0	0	0	10104	0	1452	0	512	0	186	0	0	0	0	194	3292	270	1594	0	0	0	0	0	0	0	0	0	0	0	86	0	0	0	1192	0	0	0	7764	0	0	0	0	0	0	0	128	0	398	0	0	0	0	0	0	0	0	0	0	280	292	0	0	0	0	
454256	Fusiform_L	1628	132	1196	0	0	0	360	0	0	0	0	0	0	0	0	0	92	0	2980	494	218	132	0	0	0	0	0	0	12106	0	0	0	0	0	1024	468	22390	200	8394	88	3650	0	604	0	0	0	28300	682	176	0	13172	0	15794	0	0	276	90	102	0	0	0	0	0	0	0	0	304	112	914	518	1236	144	8712	0	0	0	1350	0	2658	0	1430	0	1060	0	4568	0	448	0	23658	0	17396	450	1264	0	132	0	11836	88	28374	842	0	0	0	0	0	0	0	0	0	0	2210	2046	630	0	0	0	
571760	Fusiform_R	100	12180	2558	3242	0	0	810	1820	0	0	0	1616	0	396	0	108	0	1454	1986	6388	0	0	0	318	0	0	0	0	200	8350	0	314	92	938	990	3202	0	45352	0	26304	0	8422	366	9478	0	3134	1024	17674	0	3084	158	3524	0	10104	276	0	0	1532	0	0	0	1474	0	3082	0	470	0	4540	762	2826	2086	5446	92	20766	0	1730	0	558	0	578	0	1486	0	1686	0	4414	0	1062	0	17842	140	9050	0	934	0	240	670	6126	286	11798	0	0	0	1204	0	850	0	0	0	0	3548	2356	284	0	0	0	
256428	Postcentral_L	26212	290	2914	90	0	0	528	0	0	0	2320	0	178	0	0	0	6888	0	6278	2056	0	0	0	0	0	0	0	0	4640	0	0	0	0	206	212	0	0	0	0	0	0	0	812	0	202	0	0	0	3236	0	8656	0	0	0	90	0	0	94	9384	0	14754	0	10322	0	1240	0	5874	0	5330	2194	0	0	0	0	0	0	420	0	2442	0	4020	0	0	0	5236	0	0	0	1096	0	0	0	0	0	0	0	0	0	0	0	0	0	0	0	0	0	0	0	0	0	0	0	0	0	0	0	
344996	Postcentral_R	0	32110	0	1390	0	0	0	1306	0	0	0	4494	0	176	0	0	0	9866	646	1210	0	0	0	0	0	0	0	0	0	5242	0	0	954	4722	1556	2968	0	1084	0	256	0	0	102	8204	0	5524	238	656	0	5528	482	2406	0	1452	102	1532	94	0	0	12278	0	9892	0	10466	0	1694	444	21270	3634	13428	0	0	0	966	0	0	0	380	0	326	0	1014	0	0	0	562	0	0	0	1560	0	0	0	0	0	0	0	0	0	0	0	0	0	0	0	0	0	0	0	0	284	0	0	0	0	0	
178192	Parietal_Sup_L	484	0	0	0	0	0	0	0	0	0	0	0	0	0	0	0	0	0	0	0	0	0	0	0	0	0	0	0	0	0	0	0	632	0	220	0	0	0	0	0	0	0	2808	0	1128	0	382	0	10882	0	19654	0	0	0	0	0	9384	0	0	0	17160	0	284	0	5976	0	18386	286	1136	0	0	0	0	0	0	0	0	0	0	0	0	0	0	0	294	0	0	0	0	0	0	0	0	0	0	0	0	0	0	0	0	0	0	0	0	0	0	0	0	0	0	0	0	0	0	0	
160780	Parietal_Sup_R	0	224	0	0	0	0	0	0	0	0	0	0	0	0	0	0	0	0	0	0	0	0	0	0	0	0	0	0	0	0	0	0	142	0	0	0	0	0	0	0	0	0	0	2448	0	7084	0	0	0	9866	0	4028	0	512	0	0	0	12278	0	0	0	12922	0	1184	0	5218	1954	19608	0	2588	0	0	0	0	0	0	0	0	0	0	0	0	0	0	0	334	0	0	0	0	0	0	0	0	0	0	0	0	0	0	0	0	0	0	0	0	0	0	0	0	0	0	0	0	0	0	
250300	Parietal_Inf_L	2898	0	192	0	0	0	116	0	0	0	0	0	0	0	0	0	468	0	1118	0	0	0	0	0	0	0	0	0	658	0	0	0	0	0	0	0	0	0	0	0	0	0	686	0	964	0	0	0	5200	0	21764	0	0	0	0	0	14754	0	17160	0	0	0	14850	0	28820	0	3878	0	400	94	0	0	0	0	0	0	0	0	148	0	4106	0	0	0	6306	0	0	0	570	0	0	0	0	0	0	0	0	0	0	0	0	0	0	0	0	0	0	0	0	0	0	0	0	0	0	0	
202740	Parietal_Inf_R	0	442	0	0	0	0	0	0	0	0	0	0	0	0	0	0	0	0	0	0	0	0	0	0	0	0	0	0	0	0	0	0	190	100	0	0	0	0	0	0	0	0	0	2214	0	7402	0	256	0	10336	0	5704	0	186	0	1474	0	9892	0	12922	0	0	0	7338	0	17140	568	12318	0	1840	0	0	0	0	0	0	0	0	0	0	0	836	0	0	0	7318	0	0	0	2894	0	0	0	0	0	0	0	0	0	0	0	0	0	0	0	0	0	0	0	0	0	0	0	0	0	0	
114396	SupraMarginal_L	3752	0	472	0	0	0	332	0	0	0	176	0	150	0	0	0	2272	0	1940	0	0	0	0	0	0	0	0	0	1640	0	0	0	0	0	0	0	0	0	0	0	0	0	0	0	112	0	0	0	140	0	1446	0	0	0	0	0	10322	0	284	0	14850	0	0	0	6038	0	228	0	0	0	0	0	0	0	0	0	0	0	166	0	9730	0	0	0	3044	0	0	0	104	0	0	0	0	0	0	0	0	0	0	0	0	0	0	0	0	0	0	0	0	0	0	0	0	0	0	0	
95424	SupraMarginal_R	0	1704	0	0	0	0	0	0	0	0	0	0	0	0	0	0	0	5856	0	106	0	0	0	0	0	0	0	0	0	436	0	0	0	0	0	0	0	106	0	0	0	0	0	1208	0	162	0	142	0	152	0	158	0	0	0	3082	0	10466	0	1184	0	7338	0	0	0	6030	0	1232	0	130	0	0	0	0	0	0	0	0	0	0	0	4584	0	0	0	1164	0	0	0	2472	0	0	0	0	0	0	0	0	0	0	0	0	0	0	0	0	0	0	0	0	0	0	0	0	0	0	
159136	Angular_L	1452	0	0	0	0	0	0	0	0	0	0	0	0	0	0	0	268	0	0	0	0	0	0	0	0	0	0	0	212	0	0	0	0	0	0	0	0	0	0	0	0	0	450	0	1370	0	0	0	926	0	18476	0	0	0	0	0	1240	0	5976	0	28820	0	6038	0	0	0	1538	0	198	0	0	0	0	0	0	0	0	0	100	0	3812	0	0	0	7978	0	0	0	714	0	0	0	0	0	0	0	0	0	0	0	0	0	0	0	0	0	0	0	0	0	0	0	0	0	0	0	
114936	Angular_R	0	118	0	0	0	0	0	0	0	0	0	0	0	0	0	0	0	0	0	0	0	0	0	0	0	0	0	0	0	0	0	0	0	0	0	0	0	0	0	0	0	0	0	112	0	2690	0	0	0	7854	0	8058	0	0	0	470	0	1694	0	5218	0	17140	0	6030	0	0	342	3284	0	892	0	0	0	0	0	0	0	0	0	0	0	824	0	0	0	2556	0	0	0	186	0	0	0	0	0	0	0	0	0	0	0	0	0	0	0	0	0	0	0	0	0	0	0	0	0	0	
313552	Precuneus_L	1322	296	132	0	0	0	0	0	0	0	0	0	0	0	0	0	0	0	884	104	0	0	0	0	0	0	0	0	0	0	116	0	5324	496	9138	240	2230	0	1986	0	0	0	18792	2096	11228	5374	4398	0	15424	3946	20416	1026	486	194	304	0	5874	444	18386	1954	3878	568	228	0	1538	342	0	9122	3524	924	0	0	0	0	0	0	128	0	0	0	0	0	0	0	3138	122	0	0	256	0	0	0	0	0	0	0	142	0	0	0	0	0	0	0	0	0	0	0	0	0	256	0	0	0	0	0	
450088	Precuneus_R	106	2262	188	0	0	0	0	0	0	0	0	0	0	0	0	0	0	0	102	492	0	0	0	0	0	0	0	0	0	0	0	0	920	3146	706	11576	964	2670	280	1296	0	0	1892	28412	1738	26548	180	6822	498	25724	198	12212	0	3292	112	4540	0	21270	286	19608	0	12318	0	1232	0	3284	9122	0	192	11052	0	0	0	280	0	0	626	552	0	0	0	0	0	0	0	1988	0	0	0	1146	0	88	0	0	0	142	0	1342	0	272	0	0	0	0	0	0	0	0	0	0	3172	196	0	0	0	0	
275300	Paracentral_Lobule_L	13994	7012	3456	558	0	0	494	0	0	0	0	0	0	0	0	0	0	0	19540	16560	0	0	0	0	0	0	0	0	1078	0	0	0	2782	16974	1866	2042	1412	648	176	284	0	0	628	0	292	0	808	0	550	0	4350	0	0	270	914	762	5330	3634	1136	0	400	0	0	0	198	0	3524	192	0	14844	204	0	1456	0	0	0	4526	0	658	0	0	0	0	0	3282	0	0	0	716	100	0	0	0	0	0	0	0	0	0	0	0	0	0	0	0	0	0	0	0	0	0	0	0	0	0	0	
329540	Paracentral_Lobule_R	7622	15588	1634	104	0	0	1848	0	0	0	378	0	242	0	0	0	0	0	6590	29926	0	0	0	0	0	0	0	0	908	0	428	0	2974	18234	2094	3980	412	1342	0	936	0	0	174	2484	0	3454	282	372	0	3544	748	972	0	1594	518	2826	2194	13428	0	2588	94	1840	0	130	0	892	924	11052	14844	0	496	128	602	0	126	0	174	0	0	0	0	136	0	0	186	414	0	0	450	1392	0	0	0	0	0	0	0	0	0	0	0	0	0	0	0	0	0	0	0	0	472	0	0	0	0	0	
408004	Caudate_L	544	1034	8278	796	4008	144	4566	1138	304	0	5920	804	8416	0	3128	268	1088	284	6098	1576	8774	9890	338	1310	340	274	3136	346	25722	1402	9220	4786	0	116	0	0	2086	3082	0	556	1382	0	0	0	0	0	0	0	0	0	0	0	0	0	1236	2086	0	0	0	0	0	0	0	0	0	0	0	0	204	496	0	21812	20996	5540	2270	228	14624	1752	0	0	4574	0	3498	0	0	0	0	0	2882	650	0	0	0	0	0	0	0	0	0	0	0	0	0	0	0	0	0	0	0	0	0	0	0	0	0	0	
504680	Caudate_R	298	2616	4280	13256	598	2980	1028	674	0	582	1766	6962	4626	2364	896	1654	226	1662	4312	11242	6192	9706	1032	12338	0	5206	820	2452	7228	11202	5984	22744	0	768	0	0	152	5422	0	592	1226	0	0	0	0	0	0	0	0	0	0	0	0	0	144	5446	0	0	0	0	0	0	0	0	0	0	0	0	0	128	21812	0	9076	35492	1040	1326	198	18438	0	630	104	890	1702	0	0	108	0	0	0	720	0	0	0	0	0	0	0	0	0	0	0	0	0	0	0	0	0	0	0	0	0	0	0	0	0	0	
374104	Putamen_L	1992	0	8474	0	5064	0	1708	0	3194	0	948	0	4184	0	10726	0	116	0	12602	748	5388	6892	1048	0	0	0	1150	0	28828	90	5454	1512	0	0	0	0	14558	152	2294	0	2298	0	0	0	0	0	122	0	0	0	134	0	0	0	8712	92	0	0	0	0	0	0	0	0	0	0	0	0	1456	602	20996	9076	0	1646	7294	212	3484	0	0	0	1186	0	2878	0	502	0	0	0	9240	0	0	0	0	0	0	0	0	0	0	0	0	0	0	0	0	0	0	0	0	0	0	0	0	0	0	0	
501876	Putamen_R	0	2152	3010	19530	0	2614	756	5494	0	386	790	6502	2284	5230	300	2758	134	2862	3236	10174	332	1104	1194	12758	0	2016	0	852	2956	32732	2622	17092	0	1796	0	160	86	21834	0	6090	0	1448	0	0	0	0	0	372	0	0	0	0	0	0	0	20766	0	966	0	0	0	0	0	0	0	0	0	280	0	0	5540	35492	1646	0	0	2158	120	1268	0	454	0	2236	396	244	0	970	0	0	0	4516	0	0	0	0	0	0	0	142	0	88	0	0	0	0	0	0	0	0	0	0	0	0	0	0	0	0	
37804	Pallidum_L	0	0	318	0	0	0	0	0	0	0	0	0	0	0	0	0	0	0	4210	134	294	644	0	0	0	0	0	0	384	0	0	0	0	0	0	0	700	0	202	0	0	0	0	0	0	0	0	0	0	0	0	0	0	0	0	0	0	0	0	0	0	0	0	0	0	0	0	0	0	126	2270	1040	7294	0	0	0	906	0	0	0	0	0	192	0	0	0	0	0	188	0	0	0	0	0	0	0	0	0	0	0	0	0	0	0	0	0	0	0	0	0	0	0	0	0	0	0	
25996	Pallidum_R	0	116	272	504	0	0	0	0	0	0	0	86	0	0	0	0	0	350	310	758	0	0	0	0	0	0	0	0	0	504	0	0	0	0	0	0	0	2404	0	2040	0	0	0	0	0	0	0	0	0	0	0	0	0	0	0	1730	0	0	0	0	0	0	0	0	0	0	0	0	0	0	228	1326	212	2158	0	0	0	0	0	0	0	0	0	0	0	0	0	0	0	0	0	0	0	0	0	0	0	0	0	0	0	0	0	0	0	0	0	0	0	0	0	0	0	0	0	0	
140756	Thalamus_L	4280	0	3442	190	0	0	1422	0	0	0	264	0	248	0	108	0	118	0	7696	1246	0	0	0	0	0	0	0	0	5488	0	0	0	0	500	242	1612	5050	2060	1686	376	240	0	0	0	0	0	554	154	0	0	0	0	0	0	1350	0	420	0	0	0	0	0	0	0	0	0	128	626	4526	174	14624	198	3484	120	906	0	0	2644	0	0	2664	0	212	0	0	0	0	0	1112	0	0	0	0	0	0	0	106	108	0	0	0	0	0	0	0	0	0	0	0	0	0	0	0	0	0	0	
157076	Thalamus_R	686	7918	2090	14118	0	0	1162	0	0	0	0	2188	0	0	0	0	0	902	1358	7764	0	0	0	0	0	0	0	0	144	2752	0	0	0	224	0	1130	484	5312	0	1952	0	0	0	0	0	0	0	932	0	0	0	0	0	0	0	558	0	380	0	0	0	0	0	0	0	0	0	552	0	0	1752	18438	0	1268	0	0	2644	0	0	378	0	316	0	0	0	0	0	0	0	86	0	0	0	0	0	384	0	574	0	0	0	0	0	0	0	0	0	0	0	0	92	0	0	0	0	0	
123888	Heschl_L	4336	0	1506	0	0	0	2006	0	0	0	1410	154	516	0	0	92	6824	0	2938	0	0	0	0	0	0	0	0	0	12196	166	0	0	0	0	0	0	1848	0	0	0	0	0	86	0	0	0	148	0	0	0	2062	0	0	0	2658	0	2442	0	0	0	148	0	166	0	100	0	0	0	658	0	0	0	0	0	0	0	0	0	0	0	8976	0	0	0	6400	0	0	0	4108	0	0	0	0	0	0	0	0	0	0	0	0	0	0	0	0	0	0	0	0	0	0	0	0	0	0	0	
52596	Heschl_R	0	638	0	1364	0	0	0	376	0	0	0	220	0	0	0	0	0	6200	0	1542	0	0	0	0	0	0	0	0	0	3760	0	0	0	0	0	0	0	712	0	268	0	0	0	0	0	0	0	0	0	0	0	0	0	0	0	578	0	326	0	0	0	0	0	0	0	0	0	0	0	0	0	630	0	454	0	0	0	378	0	0	0	8090	0	0	0	598	0	0	0	164	0	0	0	0	0	0	0	0	0	0	0	0	0	0	0	0	0	0	0	0	0	0	0	0	0	0	
277012	Temporal_Sup_L	5942	0	3128	100	0	0	2204	94	0	0	5484	142	764	0	184	104	12692	0	4484	158	0	0	0	0	0	0	0	0	23910	248	0	0	0	0	0	0	502	0	130	0	382	0	86	0	0	0	0	0	0	0	1832	0	0	0	1430	0	4020	0	0	0	4106	0	9730	0	3812	0	0	0	0	0	4574	104	1186	0	0	0	2664	0	8976	0	0	0	3736	0	20804	0	128	0	10666	0	0	0	0	0	0	0	0	0	0	0	0	0	0	0	0	0	0	0	0	0	0	0	0	0	0	0	
127984	Temporal_Sup_R	0	2562	166	3616	0	0	0	2056	0	0	0	634	0	92	0	0	0	10604	148	2694	0	0	0	148	0	0	0	0	0	6954	0	130	0	0	0	0	0	872	0	352	0	0	0	104	0	0	0	0	0	0	0	0	0	86	0	1486	0	1014	0	0	0	836	0	4584	0	824	0	0	0	136	0	890	0	2236	0	0	0	316	0	8090	0	0	0	1220	0	7808	0	0	0	3334	0	0	0	0	0	0	0	0	0	0	0	0	0	0	0	0	0	0	0	0	0	0	0	0	0	0	
125188	Temporal_Pole_Sup_L	0	0	2374	216	294	0	1524	176	0	0	8212	618	2928	0	632	0	4224	134	1126	114	992	872	0	0	0	0	0	0	12574	664	96	182	0	0	0	0	1528	0	180	0	1942	0	0	0	0	0	0	0	0	0	0	0	0	0	1060	0	0	0	0	0	0	0	0	0	0	0	0	0	0	0	3498	1702	2878	396	192	0	212	0	0	0	3736	0	0	0	2908	0	1986	0	2424	0	0	0	0	0	0	0	0	0	0	0	0	0	0	0	0	0	0	0	0	0	0	0	0	0	0	0	
34976	Temporal_Pole_Sup_R	0	0	0	0	0	0	0	0	0	0	0	284	0	0	0	144	0	308	0	0	0	0	0	0	0	0	0	0	0	512	0	0	0	0	0	0	0	236	0	542	0	1260	0	0	0	0	0	0	0	0	0	0	0	0	0	1686	0	0	0	0	0	0	0	0	0	0	0	0	0	0	0	0	0	244	0	0	0	0	0	0	0	1220	0	0	0	2530	0	4046	0	4476	0	0	0	0	0	0	0	0	0	0	0	0	0	0	0	0	0	0	0	0	0	0	0	0	0	0	
333948	Temporal_Mid_L	4514	0	940	0	0	0	1382	0	0	0	962	140	356	0	0	0	5498	0	1366	226	0	0	0	0	0	0	0	0	10726	146	0	0	0	0	792	0	1364	0	246	0	0	0	3940	0	1672	0	1092	0	816	0	24368	0	6812	0	4568	0	5236	0	294	0	6306	0	3044	0	7978	0	3138	0	3282	186	0	0	502	0	0	0	0	0	6400	0	20804	0	2908	0	0	0	1384	0	33586	0	0	0	0	0	0	0	0	0	0	0	0	0	0	0	0	0	0	0	0	0	0	0	0	0	0	0	
144108	Temporal_Mid_R	0	2462	0	284	0	0	0	182	0	0	0	0	0	0	0	0	0	88	0	578	0	0	0	0	0	0	0	0	0	1852	0	0	0	0	0	0	0	500	0	0	0	108	0	1934	0	2076	0	792	0	2830	0	6230	0	1192	0	4414	0	562	0	334	0	7318	0	1164	0	2556	122	1988	0	414	0	108	0	970	0	0	0	0	0	598	0	7808	0	2530	0	0	0	1202	0	18858	0	0	0	0	0	0	0	0	0	0	0	0	0	0	0	0	0	0	0	0	0	0	0	0	0	0	
10604	Temporal_Pole_Mid_L	0	0	0	0	0	0	0	0	0	0	0	0	0	0	0	0	0	0	0	0	0	0	0	0	0	0	0	0	0	0	0	0	0	0	0	0	0	0	0	0	0	0	0	0	0	0	0	0	0	0	0	0	0	0	448	0	0	0	0	0	0	0	0	0	0	0	0	0	0	0	0	0	0	0	0	0	0	0	0	0	128	0	1986	0	1384	0	0	0	1356	0	0	0	0	0	0	0	0	0	0	0	0	0	0	0	0	0	0	0	0	0	0	0	0	0	0	0	
19080	Temporal_Pole_Mid_R	0	0	0	0	0	0	0	0	0	0	0	0	0	0	0	0	0	0	0	0	0	0	0	0	0	0	0	0	0	0	0	0	0	0	0	0	0	0	0	258	0	98	0	0	0	0	0	0	0	0	0	0	0	0	0	1062	0	0	0	0	0	0	0	0	0	0	0	0	0	0	0	0	0	0	0	0	0	0	0	0	0	0	0	4046	0	1202	0	0	0	2874	0	0	0	0	0	0	0	0	0	0	0	0	0	0	0	0	0	0	0	0	0	0	0	0	0	0	
323948	Temporal_Inf_L	1044	0	1066	0	0	0	748	0	0	0	210	100	258	0	0	0	1638	0	3668	554	0	0	0	0	0	0	0	0	19900	110	0	0	0	0	114	0	18236	0	1302	0	2198	0	220	0	0	0	1440	0	0	0	9436	0	5988	0	23658	0	1096	0	0	0	570	0	104	0	714	0	256	0	716	450	2882	0	9240	0	188	0	1112	0	4108	0	10666	0	2424	0	33586	0	1356	0	0	0	414	0	0	0	0	0	0	0	204	0	0	0	0	0	0	0	0	0	0	0	0	0	0	0	0	0	
207976	Temporal_Inf_R	0	6690	534	1006	0	0	330	410	0	0	0	210	0	0	0	98	0	200	296	1922	0	0	0	110	0	0	0	0	0	2258	0	0	0	400	0	1016	0	8104	0	2312	0	3388	106	928	0	0	0	490	0	0	0	340	0	7764	0	17842	0	1560	0	0	0	2894	0	2472	0	186	0	1146	100	1392	650	720	0	4516	0	0	0	86	0	164	0	3334	0	4476	0	18858	0	2874	0	0	0	968	0	216	0	0	0	0	0	100	0	0	0	274	0	136	0	0	0	0	112	0	0	0	0	0	
420892	Cerebelum_Crus1_L	0	0	0	0	0	0	0	0	0	0	0	0	0	0	0	0	0	0	0	0	0	0	0	0	0	0	0	0	0	0	0	0	0	0	0	0	0	0	288	0	0	0	0	0	0	0	13368	704	0	0	1214	0	2122	0	17396	140	0	0	0	0	0	0	0	0	0	0	0	0	0	0	0	0	0	0	0	0	0	0	0	0	0	0	0	0	0	0	0	0	414	0	0	6042	19094	2824	1424	318	22070	782	54382	6616	5284	492	17066	928	5690	688	1876	0	414	716	3994	7952	10322	2378	2300	1148	
389176	Cerebelum_Crus1_R	0	0	0	0	0	0	0	0	0	0	0	0	0	0	0	0	0	0	0	0	0	0	0	0	0	0	0	0	0	0	0	0	0	0	0	0	0	0	0	0	0	0	0	0	0	0	1494	4996	0	0	154	0	160	0	450	9050	0	0	0	0	0	0	0	0	0	0	0	88	0	0	0	0	0	0	0	0	0	0	0	0	0	0	0	0	0	0	0	0	0	968	6042	0	1820	26862	0	2932	3036	14938	4754	47058	654	3844	584	24442	0	5352	0	710	0	1378	7670	7666	13982	2158	1216	130	
209544	Cerebelum_Crus2_L	0	0	0	0	0	0	0	0	0	0	0	0	0	0	0	0	0	0	0	0	0	0	0	0	0	0	0	0	0	0	0	0	0	0	0	0	0	0	0	0	0	0	0	0	0	0	1178	0	0	0	422	0	636	0	1264	0	0	0	0	0	0	0	0	0	0	0	0	0	0	0	0	0	0	0	0	0	0	0	0	0	0	0	0	0	0	0	0	0	0	0	19094	1820	0	6230	0	0	0	0	1468	496	22964	4378	23516	2112	3736	378	126	0	184	0	0	438	8938	3616	1184	594	
215444	Cerebelum_Crus2_R	0	0	0	0	0	0	0	0	0	0	0	0	0	0	0	0	0	0	0	0	0	0	0	0	0	0	0	0	0	0	0	0	0	0	0	0	0	0	0	0	0	0	0	0	0	0	94	166	0	0	0	0	0	0	0	934	0	0	0	0	0	0	0	0	0	0	0	0	0	0	0	0	0	0	0	0	0	0	0	0	0	0	0	0	0	0	0	0	0	216	2824	26862	6230	0	0	128	218	506	686	5362	1692	15832	636	26486	0	4198	0	406	0	0	386	900	10502	1850	608	0	
27808	Cerebelum_3_L	0	0	0	0	0	0	0	0	0	0	0	0	0	0	0	0	0	0	0	0	0	0	0	0	0	0	0	0	0	0	0	0	0	0	0	0	104	0	606	0	0	0	0	0	0	0	140	0	0	0	0	0	0	0	132	0	0	0	0	0	0	0	0	0	0	0	0	0	0	0	0	0	0	0	0	0	0	0	0	0	0	0	0	0	0	0	0	0	0	0	1424	0	0	0	0	0	6376	0	2386	0	0	0	256	0	1116	0	0	0	432	706	140	0	0	0	86	0	
59100	Cerebelum_3_R	0	0	0	0	0	0	0	0	0	0	0	0	0	0	0	0	0	0	0	0	0	0	0	0	0	0	0	0	0	0	0	0	0	0	0	0	0	912	0	1368	0	0	0	0	0	0	0	1754	0	0	0	0	0	0	0	240	0	0	0	0	0	0	0	0	0	0	0	142	0	0	0	0	0	0	0	0	0	384	0	0	0	0	0	0	0	0	0	0	0	0	318	2932	0	128	0	0	866	7224	326	5490	0	0	0	270	0	182	0	0	528	4606	1744	136	0	0	0	0	
273296	Cerebelum_4_5_L	0	0	0	0	0	0	0	0	0	0	0	0	0	0	0	0	0	0	0	0	0	0	0	0	0	0	0	0	0	0	0	0	0	0	0	0	640	0	1474	0	0	0	0	98	0	0	18546	1460	0	0	706	0	934	0	11836	670	0	0	0	0	0	0	0	0	0	0	142	0	0	0	0	0	0	0	0	0	106	0	0	0	0	0	0	0	0	0	0	0	0	0	22070	3036	0	218	6376	866	0	2854	35580	5516	244	0	952	306	1358	516	86	0	534	1562	12056	3348	188	228	964	1178	
185580	Cerebelum_4_5_R	0	0	0	0	0	0	0	0	0	0	0	0	0	0	0	0	0	0	0	0	0	0	0	0	0	0	0	0	0	0	0	0	0	0	0	168	0	2168	0	3202	0	0	0	142	0	0	1136	7394	0	0	0	0	0	128	88	6126	0	0	0	0	0	0	0	0	0	0	0	1342	0	0	0	0	0	142	0	0	108	574	0	0	0	0	0	0	0	0	0	0	0	0	782	14938	0	506	0	7224	2854	0	996	26156	0	0	0	1166	0	206	0	0	0	3380	11064	700	0	0	100	0	
425964	Cerebelum_6_L	0	0	0	0	0	0	0	0	0	0	0	0	0	0	0	0	0	0	0	0	0	0	0	0	0	0	0	0	0	0	0	0	0	0	0	0	172	0	598	0	0	0	100	0	0	0	24202	1620	0	0	2288	0	3688	0	28374	286	0	0	0	0	0	0	0	0	0	0	0	0	0	0	0	0	0	0	0	0	0	0	0	0	0	0	0	0	0	0	0	0	204	0	54382	4754	1468	686	2386	326	35580	996	0	7010	1532	0	7148	322	4452	710	3356	0	364	856	7320	10550	4542	764	1384	562	
374788	Cerebelum_6_R	0	0	0	0	0	0	0	0	0	0	0	0	0	0	0	0	0	0	0	0	0	0	0	0	0	0	0	0	0	0	0	0	0	0	0	0	0	206	0	310	0	0	0	282	0	0	2586	9056	0	0	0	0	182	398	842	11798	0	0	0	0	0	0	0	0	0	0	0	272	0	0	0	0	0	88	0	0	0	0	0	0	0	0	0	0	0	0	0	0	0	100	6616	47058	496	5362	0	5490	5516	26156	7010	0	198	0	272	8512	0	3334	0	920	100	3934	14868	11240	10978	1994	1086	134	
139768	Cerebelum_7b_L	0	0	0	0	0	0	0	0	0	0	0	0	0	0	0	0	0	0	0	0	0	0	0	0	0	0	0	0	0	0	0	0	0	0	0	0	0	0	0	0	0	0	0	0	0	0	96	0	0	0	0	0	0	0	0	0	0	0	0	0	0	0	0	0	0	0	0	0	0	0	0	0	0	0	0	0	0	0	0	0	0	0	0	0	0	0	0	0	0	0	5284	654	22964	1692	0	0	244	0	1532	198	0	2056	20648	1554	2674	382	386	0	166	0	104	204	3014	4138	1228	666	
92576	Cerebelum_7b_R	0	0	0	0	0	0	0	0	0	0	0	0	0	0	0	0	0	0	0	0	0	0	0	0	0	0	0	0	0	0	0	0	0	0	0	0	0	0	0	0	0	0	0	0	0	0	0	0	0	0	0	0	0	0	0	0	0	0	0	0	0	0	0	0	0	0	0	0	0	0	0	0	0	0	0	0	0	0	0	0	0	0	0	0	0	0	0	0	0	0	492	3844	4378	15832	0	0	0	0	0	0	2056	0	600	11882	0	1156	0	0	0	0	0	0	4598	1450	0	0	
209380	Cerebelum_8_L	0	0	0	0	0	0	0	0	0	0	0	0	0	0	0	0	0	0	0	0	0	0	0	0	0	0	0	0	0	0	0	0	0	0	0	0	0	0	0	0	0	0	0	0	0	0	236	0	0	0	0	0	0	0	0	0	0	0	0	0	0	0	0	0	0	0	0	0	0	0	0	0	0	0	0	0	0	0	0	0	0	0	0	0	0	0	0	0	0	0	17066	584	23516	636	256	0	952	0	7148	272	20648	600	0	1692	12230	1352	2350	144	464	164	196	342	2380	6044	3832	1586	
211056	Cerebelum_8_R	0	0	0	0	0	0	0	0	0	0	0	0	0	0	0	0	0	0	0	0	0	0	0	0	0	0	0	0	0	0	0	0	0	0	0	0	0	0	0	0	0	0	0	0	0	0	90	0	0	0	0	0	0	0	0	1204	0	0	0	0	0	0	0	0	0	0	0	0	0	0	0	0	0	0	0	0	0	0	0	0	0	0	0	0	0	0	0	0	0	274	928	24442	2112	26486	0	270	306	1166	322	8512	1554	11882	1692	0	0	11554	0	1050	0	146	830	900	5474	3418	916	0	
81696	Cerebelum_9_L	0	0	0	0	0	0	0	0	0	0	0	0	0	0	0	0	0	0	0	0	0	0	0	0	0	0	0	0	0	0	0	0	0	0	0	0	0	0	0	0	0	0	0	0	0	0	0	0	0	0	0	0	0	0	0	0	0	0	0	0	0	0	0	0	0	0	0	0	0	0	0	0	0	0	0	0	0	0	0	0	0	0	0	0	0	0	0	0	0	0	5690	0	3736	0	1116	0	1358	0	4452	0	2674	0	12230	0	0	868	3508	0	0	0	0	92	112	1406	2708	898	
96760	Cerebelum_9_R	0	0	0	0	0	0	0	0	0	0	0	0	0	0	0	0	0	0	0	0	0	0	0	0	0	0	0	0	0	0	0	0	0	0	0	0	0	0	0	0	0	0	0	0	0	0	124	0	0	0	0	0	0	0	0	850	0	0	0	0	0	0	0	0	0	0	0	0	0	0	0	0	0	0	0	0	0	0	0	0	0	0	0	0	0	0	0	0	0	136	688	5352	378	4198	0	182	516	206	710	3334	382	1156	1352	11554	868	0	334	2016	134	294	728	1370	1994	3230	5014	1280	
25992	Cerebelum_10_L	0	0	0	0	0	0	0	0	0	0	0	0	0	0	0	0	0	0	0	0	0	0	0	0	0	0	0	0	0	0	0	0	0	0	0	0	0	0	0	0	0	0	0	0	0	0	0	0	0	0	0	0	0	0	0	0	0	0	0	0	0	0	0	0	0	0	0	0	0	0	0	0	0	0	0	0	0	0	0	0	0	0	0	0	0	0	0	0	0	0	1876	0	126	0	0	0	86	0	3356	0	386	0	2350	0	3508	334	0	0	0	0	0	0	0	170	540	264	
14644	Cerebelum_10_R	0	0	0	0	0	0	0	0	0	0	0	0	0	0	0	0	0	0	0	0	0	0	0	0	0	0	0	0	0	0	0	0	0	0	0	0	0	0	0	0	0	0	0	0	0	0	0	0	0	0	0	0	0	0	0	0	0	0	0	0	0	0	0	0	0	0	0	0	0	0	0	0	0	0	0	0	0	0	0	0	0	0	0	0	0	0	0	0	0	0	0	710	0	406	0	0	0	0	0	920	0	0	144	1050	0	2016	0	0	0	0	0	130	584	794	568	0	
23768	Vermis_1_2	0	0	0	0	0	0	0	0	0	0	0	0	0	0	0	0	0	0	0	0	0	0	0	0	0	0	0	0	0	0	0	0	0	0	0	0	0	0	0	0	0	0	0	0	0	0	0	0	0	0	0	0	0	0	0	0	0	0	0	0	0	0	0	0	0	0	0	0	0	0	0	0	0	0	0	0	0	0	0	0	0	0	0	0	0	0	0	0	0	0	414	0	184	0	432	528	534	0	364	100	166	0	464	0	0	134	0	0	0	3102	682	678	492	926	1336	1348	
52212	Vermis_3	0	0	0	0	0	0	0	0	0	0	0	0	0	0	0	0	0	0	0	0	0	0	0	0	0	0	0	0	0	0	0	0	0	0	0	0	0	0	124	98	0	0	0	0	0	0	132	192	0	0	0	0	0	0	0	0	0	0	0	0	0	0	0	0	0	0	0	0	0	0	0	0	0	0	0	0	0	0	0	0	0	0	0	0	0	0	0	0	0	0	716	1378	0	0	706	4606	1562	3380	856	3934	0	0	164	146	0	294	0	0	3102	0	3594	386	0	208	260	268	
209124	Vermis_4_5	0	462	0	0	0	0	0	0	0	0	0	0	0	0	0	0	0	0	0	0	0	0	0	0	0	0	0	0	0	0	0	0	0	352	404	2554	238	766	174	638	0	0	300	394	0	0	5544	6460	0	0	434	0	574	280	2210	3548	0	284	0	0	0	0	0	0	0	0	256	3172	0	472	0	0	0	0	0	0	0	92	0	0	0	0	0	0	0	0	0	0	0	112	3994	7670	0	386	140	1744	12056	11064	7320	14868	104	0	196	830	0	728	0	0	682	3594	0	5856	458	494	1316	1342	
160532	Vermis_6	0	196	0	0	0	0	0	0	0	0	0	0	0	0	0	0	0	0	0	0	0	0	0	0	0	0	0	0	0	0	0	0	0	0	0	0	0	0	0	0	0	0	0	380	0	0	2740	5654	0	0	162	0	358	292	2046	2356	0	0	0	0	0	0	0	0	0	0	0	196	0	0	0	0	0	0	0	0	0	0	0	0	0	0	0	0	0	0	0	0	0	0	7952	7666	438	900	0	136	3348	700	10550	11240	204	0	342	900	92	1370	0	130	678	386	5856	0	7342	1340	2686	1630	
