data	data	518812	371648	1.11784e+06	781596	265248	87288	530152	259216	97108	25556	260016	273840	295708	103056	145336	62556	290296	173176	1.09997e+06	1.0511e+06	58576	72712	417060	313228	18864	61496	32908	36180	719032	329824	229348	474048	162308	618288	173152	208020	330516	318852	115688	161100	62124	48852	329844	467236	225848	476484	300096	349592	271968	546552	570952	447976	133116	118888	384080	413052	402480	262772	154100	136784	359956	149568	132932	154916	134004	163808	328068	532276	167884	316500	190296	310688	308248	289328	52676	23100	164064	225684	125664	52276	317648	111732	96396	40036	475564	197132	29288	14676	330732	239852	491368	525652	446228	361788	54440	96004	400252	285452	519052	532252	308816	180412	331008	320504	118084	130432	12384	5952	27264	90728	303736	261588	265272	235928	109432	68888	
data	data	Precentral_L	Precentral_R	Frontal_Sup_L	Frontal_Sup_R	Frontal_Sup_Orb_L	Frontal_Sup_Orb_R	Frontal_Mid_L	Frontal_Mid_R	Frontal_Mid_Orb_L	Frontal_Mid_Orb_R	Frontal_Inf_Oper_L	Frontal_Inf_Oper_R	Frontal_Inf_Tri_L	Frontal_Inf_Tri_R	Frontal_Inf_Orb_L	Frontal_Inf_Orb_R	Rolandic_Oper_L	Rolandic_Oper_R	Supp_Motor_Area_L	Supp_Motor_Area_R	Olfactory_L	Olfactory_R	Frontal_Sup_Medial_L	Frontal_Sup_Medial_R	Frontal_Med_Orb_L	Frontal_Med_Orb_R	Rectus_L	Rectus_R	Insula_L	Insula_R	Cingulum_Ant_L	Cingulum_Ant_R	Cingulum_Mid_L	Cingulum_Mid_R	Cingulum_Post_L	Cingulum_Post_R	Hippocampus_L	Hippocampus_R	ParaHippocampal_L	ParaHippocampal_R	Amygdala_L	Amygdala_R	Calcarine_L	Calcarine_R	Cuneus_L	Cuneus_R	Lingual_L	Lingual_R	Occipital_Sup_L	Occipital_Sup_R	Occipital_Mid_L	Occipital_Mid_R	Occipital_Inf_L	Occipital_Inf_R	Fusiform_L	Fusiform_R	Postcentral_L	Postcentral_R	Parietal_Sup_L	Parietal_Sup_R	Parietal_Inf_L	Parietal_Inf_R	SupraMarginal_L	SupraMarginal_R	Angular_L	Angular_R	Precuneus_L	Precuneus_R	Paracentral_Lobule_L	Paracentral_Lobule_R	Caudate_L	Caudate_R	Putamen_L	Putamen_R	Pallidum_L	Pallidum_R	Thalamus_L	Thalamus_R	Heschl_L	Heschl_R	Temporal_Sup_L	Temporal_Sup_R	Temporal_Pole_Sup_L	Temporal_Pole_Sup_R	Temporal_Mid_L	Temporal_Mid_R	Temporal_Pole_Mid_L	Temporal_Pole_Mid_R	Temporal_Inf_L	Temporal_Inf_R	Cerebelum_Crus1_L	Cerebelum_Crus1_R	Cerebelum_Crus2_L	Cerebelum_Crus2_R	Cerebelum_3_L	Cerebelum_3_R	Cerebelum_4_5_L	Cerebelum_4_5_R	Cerebelum_6_L	Cerebelum_6_R	Cerebelum_7b_L	Cerebelum_7b_R	Cerebelum_8_L	Cerebelum_8_R	Cerebelum_9_L	Cerebelum_9_R	Cerebelum_10_L	Cerebelum_10_R	Vermis_1_2	Vermis_3	Vermis_4_5	Vermis_6	Vermis_7	Vermis_8	Vermis_9	Vermis_10	
518812	Precentral_L	0	4414	26792	7326	0	0	18182	1504	0	0	11932	380	1826	0	0	0	8162	0	22022	10682	0	0	172	106	0	0	0	0	10690	172	144	984	272	3778	1506	1244	5368	1122	456	192	0	0	130	0	224	0	0	0	198	0	716	0	176	0	1200	180	40692	0	0	0	3512	0	634	0	0	0	666	0	9412	5146	8822	4858	6714	0	4428	0	11838	9920	3604	0	3798	0	0	0	2104	0	0	0	1006	0	0	0	0	0	0	0	0	0	0	0	0	0	0	0	0	0	0	0	0	0	0	0	0	0	0	0	
371648	Precentral_R	4414	0	7644	13276	0	0	638	9864	0	0	0	22278	0	686	0	0	0	4110	7714	14166	0	0	0	142	0	0	0	0	130	7786	0	0	0	534	1424	1982	1824	5992	878	818	0	0	0	466	0	194	0	370	0	414	0	486	0	596	0	1518	1482	16722	0	0	188	934	0	4056	0	196	0	1380	1484	7288	1954	7836	0	2448	0	152	4116	17586	168	660	0	748	0	0	0	1478	0	0	0	4604	0	0	0	0	0	0	0	0	0	0	0	0	0	0	0	0	0	0	0	0	0	0	0	0	0	0	
1.11784e+06	Frontal_Sup_L	26792	7644	0	11402	22096	0	63956	8862	2158	0	12518	5744	19652	740	4946	0	11728	554	105414	20326	458	0	53600	6784	904	0	0	0	47178	606	13778	5586	3256	4938	1486	1404	7742	2190	900	422	1942	0	0	0	0	0	0	0	0	0	0	0	0	190	996	460	3682	3338	0	0	1272	1112	238	2196	0	0	0	0	1526	278	7812	1746	25704	710	6838	528	8274	1674	1918	0	7212	184	1552	0	510	132	0	0	828	306	0	0	0	0	0	0	0	0	0	0	0	0	0	0	0	0	0	0	0	0	0	0	0	0	0	0	
781596	Frontal_Sup_R	7326	13276	11402	0	218	4952	1668	33310	0	1038	746	14592	352	4916	0	4280	624	8488	33916	68272	0	0	8440	38458	0	1394	0	0	1440	15174	2600	30184	1792	19998	360	390	404	3338	0	1322	0	0	0	0	0	0	0	112	0	0	0	0	0	176	0	958	6084	2442	0	0	0	452	0	1238	0	0	0	114	138	180	426	12892	164	13358	0	1758	482	13454	200	0	386	258	0	0	0	190	0	0	0	666	0	0	0	0	0	0	0	0	0	0	0	0	0	0	0	0	0	0	0	0	0	0	0	0	0	0	
265248	Frontal_Sup_Orb_L	0	0	22096	218	0	0	6460	0	12646	0	3586	0	9108	0	15268	0	588	0	4272	274	1226	0	10180	118	2218	166	2394	0	23490	0	4334	120	196	0	0	0	146	0	292	0	552	0	0	0	0	0	0	0	0	0	0	0	0	0	0	0	0	0	0	0	0	0	0	0	0	0	0	0	0	0	370	0	10512	0	0	0	0	0	0	0	306	0	1488	0	0	0	0	0	0	0	0	0	0	0	0	0	0	0	0	0	0	0	0	0	0	0	0	0	0	0	0	0	0	0	0	0	
87288	Frontal_Sup_Orb_R	0	0	0	4952	0	0	0	734	0	3552	0	0	0	118	0	4134	0	0	282	404	0	898	0	3594	0	7068	0	5816	0	1444	0	1686	0	0	0	0	0	0	0	0	0	0	0	0	0	0	0	0	0	0	0	0	0	0	0	0	0	0	0	0	0	0	0	0	0	0	0	0	0	0	0	1948	0	7014	0	0	0	0	0	0	0	0	0	0	0	0	0	0	0	0	0	0	0	0	0	0	0	0	0	0	0	0	0	0	0	0	0	0	0	0	0	0	0	0	0	0	
530152	Frontal_Mid_L	18182	638	63956	1668	6460	0	0	1880	5772	0	12670	786	39518	514	8464	0	5552	108	19070	2942	0	0	18304	594	0	0	0	0	23056	124	2810	2590	806	1882	694	624	1856	626	0	152	0	0	0	0	146	0	0	0	0	0	0	0	224	0	816	144	3032	198	0	0	1300	0	182	0	0	0	152	0	0	0	2388	1036	2654	0	310	0	1298	210	2586	0	4446	0	166	0	1002	0	0	0	488	0	0	0	0	0	0	0	0	0	0	0	0	0	0	0	0	0	0	0	0	0	0	0	0	0	0	0	
259216	Frontal_Mid_R	1504	9864	8862	33310	0	734	1880	0	0	812	390	8786	0	6594	0	2770	614	1200	14656	13610	0	0	444	5612	0	0	0	0	986	2202	234	2778	0	3024	0	0	116	558	0	142	0	0	0	0	0	0	0	0	0	0	0	0	0	132	0	244	0	1488	0	0	0	450	0	1204	0	0	0	0	0	0	946	1768	0	1240	0	0	0	0	118	0	336	0	0	0	0	0	0	0	0	0	0	0	0	0	0	0	0	0	0	0	0	0	0	0	0	0	0	0	0	0	0	0	0	0	0	0	
97108	Frontal_Mid_Orb_L	0	0	2158	0	12646	0	5772	0	0	0	0	0	6026	0	14472	0	0	0	112	0	274	0	348	0	0	0	912	0	3378	0	0	0	0	0	0	0	0	0	0	0	0	0	0	0	0	0	0	0	0	0	0	0	0	0	0	0	0	0	0	0	0	0	0	0	0	0	0	0	0	0	0	0	1774	0	0	0	0	0	0	0	0	0	682	0	0	0	0	0	0	0	0	0	0	0	0	0	0	0	0	0	0	0	0	0	0	0	0	0	0	0	0	0	0	0	0	0	
25556	Frontal_Mid_Orb_R	0	0	0	1038	0	3552	0	812	0	0	0	0	0	306	0	3776	0	0	0	0	0	258	0	0	0	0	0	412	0	1290	0	0	0	0	0	0	0	0	0	0	0	0	0	0	0	0	0	0	0	0	0	0	0	0	0	0	0	0	0	0	0	0	0	0	0	0	0	0	0	0	0	0	0	1334	0	0	0	0	0	0	0	0	0	0	0	0	0	0	0	0	0	0	0	0	0	0	0	0	0	0	0	0	0	0	0	0	0	0	0	0	0	0	0	0	0	0	
260016	Frontal_Inf_Oper_L	11932	0	12518	746	3586	0	12670	390	0	0	0	168	17094	892	0	0	11460	0	7198	1196	0	0	4150	260	0	0	0	0	19854	0	2152	746	280	488	0	0	392	0	0	0	0	0	0	0	160	0	0	0	0	0	0	0	0	0	236	0	3954	0	0	0	886	0	0	0	0	0	200	0	0	0	1940	1186	1400	0	0	0	222	0	2328	0	5680	0	2482	0	910	0	0	0	252	0	0	0	0	0	0	0	0	0	0	0	0	0	0	0	0	0	0	0	0	0	0	0	0	0	0	0	
273840	Frontal_Inf_Oper_R	380	22278	5744	14592	0	0	786	8786	0	0	168	0	106	2972	0	0	154	11770	11610	14592	0	0	204	184	0	0	0	0	230	21460	0	748	0	878	0	0	0	1200	0	446	0	0	0	0	0	0	0	0	0	0	0	0	0	0	0	416	0	5962	0	0	0	250	0	1078	0	0	0	0	0	886	1426	1482	0	5186	0	0	0	0	0	272	0	238	0	140	0	0	0	0	0	296	0	0	0	0	0	0	0	0	0	0	0	0	0	0	0	0	0	0	0	0	0	0	0	0	0	0	
295708	Frontal_Inf_Tri_L	1826	0	19652	352	9108	0	39518	0	6026	0	17094	106	0	658	10474	0	928	0	5612	772	0	0	8254	126	0	0	0	0	20440	0	3268	310	482	260	0	0	0	0	0	0	0	0	0	0	0	0	0	0	0	0	0	0	0	0	0	0	0	0	0	0	0	0	0	0	0	0	0	0	0	0	484	574	370	0	0	0	0	0	0	0	538	0	622	0	0	0	0	0	0	0	0	0	0	0	0	0	0	0	0	0	0	0	0	0	0	0	0	0	0	0	0	0	0	0	0	0	
103056	Frontal_Inf_Tri_R	0	686	740	4916	0	118	514	6594	0	306	892	2972	658	0	0	4200	470	302	3906	4662	0	0	554	1780	0	0	0	0	836	6026	262	5106	0	3730	0	0	0	0	0	0	0	0	0	0	0	0	0	0	0	0	0	0	0	0	0	0	0	0	0	0	0	0	0	0	0	0	0	0	0	0	0	290	0	744	0	0	0	0	0	0	264	0	0	0	0	0	0	0	0	0	0	0	0	0	0	0	0	0	0	0	0	0	0	0	0	0	0	0	0	0	0	0	0	0	0	0	
145336	Frontal_Inf_Orb_L	0	0	4946	0	15268	0	8464	0	14472	0	0	0	10474	0	0	0	0	0	278	0	1462	0	1156	0	0	0	146	0	9228	0	0	0	0	0	0	0	110	0	372	0	660	0	0	0	0	0	0	0	0	0	0	0	0	0	0	0	0	0	0	0	0	0	0	0	0	0	0	0	0	0	0	0	3890	0	0	0	0	0	0	0	0	0	1742	0	0	0	0	0	0	0	0	0	0	0	0	0	0	0	0	0	0	0	0	0	0	0	0	0	0	0	0	0	0	0	0	0	
62556	Frontal_Inf_Orb_R	0	0	0	4280	0	4134	0	2770	0	3776	0	0	0	4200	0	0	0	0	744	844	0	412	0	694	0	0	0	412	0	5160	0	752	0	566	0	0	0	0	0	0	0	0	0	0	0	0	0	0	0	0	0	0	0	0	0	0	0	0	0	0	0	0	0	0	0	0	0	0	0	0	0	340	0	2194	0	0	0	0	0	0	0	0	0	0	0	0	0	0	0	0	0	0	0	0	0	0	0	0	0	0	0	0	0	0	0	0	0	0	0	0	0	0	0	0	0	0	
290296	Rolandic_Oper_L	8162	0	11728	624	588	0	5552	614	0	0	11460	154	928	470	0	0	0	0	7060	994	0	0	492	218	0	0	0	0	29814	0	504	798	328	588	0	0	246	0	0	0	0	0	290	0	352	0	0	0	144	0	762	0	0	0	0	0	13760	0	366	0	4294	0	1388	0	978	0	1150	0	638	0	1024	800	446	0	0	0	494	0	5368	0	20466	0	2140	0	6618	0	0	0	2348	0	0	0	0	0	0	0	0	0	0	0	0	0	0	0	0	0	0	0	0	0	0	0	0	0	0	0	
173176	Rolandic_Oper_R	0	4110	554	8488	0	0	108	1200	0	0	0	11770	0	302	0	0	0	0	2672	8162	0	0	0	0	0	0	0	0	0	19774	0	0	0	256	0	0	0	1114	0	410	0	0	0	0	0	0	0	0	0	150	0	116	0	0	0	618	0	4390	0	196	0	246	0	2776	0	126	0	572	0	2272	0	3454	0	4144	0	480	0	0	0	3980	0	2430	0	168	0	432	0	0	0	1118	0	0	0	0	0	0	0	0	0	0	0	0	0	0	0	0	0	0	0	0	0	0	0	0	0	0	
1.09997e+06	Supp_Motor_Area_L	22022	7714	105414	33916	4272	282	19070	14656	112	0	7198	11610	5612	3906	278	744	7060	2672	0	80292	336	0	16080	10880	0	0	0	0	24408	5364	8816	21000	11168	36870	1418	1308	4718	1892	428	350	1608	0	0	0	182	234	0	0	0	232	0	0	0	208	370	404	1390	3448	0	0	338	1112	0	2466	0	0	546	824	5458	2208	7034	7204	18402	2748	5414	784	6680	1436	1172	0	4330	164	728	110	164	126	0	0	320	274	0	0	0	0	0	0	0	0	0	0	0	0	0	0	0	0	0	0	0	0	0	0	0	0	0	0	
1.0511e+06	Supp_Motor_Area_R	10682	14166	20326	68272	274	404	2942	13610	0	0	1196	14592	772	4662	0	844	994	8162	80292	0	0	0	5442	15108	0	0	0	0	2320	13574	4086	27450	7486	62440	2986	3936	410	3418	0	1396	0	0	0	1874	0	3118	0	496	0	4604	182	2740	0	386	0	1532	2362	6078	0	212	464	540	0	1586	0	306	670	6870	18452	33802	866	17846	620	12172	0	2522	114	3016	246	484	608	964	0	110	160	2024	0	0	0	5282	0	0	0	0	0	0	0	0	0	0	0	0	0	0	0	0	0	0	0	0	0	0	0	0	0	0	
58576	Olfactory_L	0	0	458	0	1226	0	0	0	274	0	0	0	0	0	1462	0	0	0	336	0	0	4260	0	0	110	156	2774	360	2004	148	2260	1992	0	0	0	0	338	0	1074	0	1234	0	0	0	0	0	0	0	0	0	0	0	0	0	0	0	0	0	0	0	0	0	0	0	0	0	0	0	0	0	4074	1462	2630	0	0	0	0	0	0	0	0	0	656	0	0	0	0	0	0	0	0	0	0	0	0	0	0	0	0	0	0	0	0	0	0	0	0	0	0	0	0	0	0	0	0	0	
72712	Olfactory_R	0	0	0	0	0	898	0	0	0	258	0	0	0	0	0	412	0	0	0	0	4260	0	0	0	0	992	2120	1954	0	1432	2342	3488	0	0	0	0	0	280	0	156	0	938	0	0	0	0	0	0	0	0	0	0	0	0	0	0	0	0	0	0	0	0	0	0	0	0	0	0	0	0	5976	5588	3106	2156	0	0	0	0	0	0	0	0	0	0	0	0	0	0	0	0	0	0	0	0	0	0	0	0	0	0	0	0	0	0	0	0	0	0	0	0	0	0	0	0	0	0	
417060	Frontal_Sup_Medial_L	172	0	53600	8440	10180	0	18304	444	348	0	4150	204	8254	554	1156	0	492	0	16080	5442	0	0	0	18058	1544	116	170	0	10898	0	18330	12410	4972	7714	0	0	152	0	0	0	0	0	0	0	0	0	0	0	0	0	0	0	0	0	0	0	0	0	0	0	0	0	0	0	0	0	0	0	0	0	492	472	4484	138	0	0	0	0	0	0	370	0	390	0	0	0	0	0	0	0	0	0	0	0	0	0	0	0	0	0	0	0	0	0	0	0	0	0	0	0	0	0	0	0	0	0	
313228	Frontal_Sup_Medial_R	106	142	6784	38458	118	3594	594	5612	0	0	260	184	126	1780	0	694	218	0	10880	15108	0	0	18058	0	230	2848	0	0	556	2112	2630	24690	592	14328	0	0	0	0	0	0	0	0	0	0	0	0	0	0	0	0	0	0	0	0	0	0	0	120	0	0	0	0	0	0	0	0	0	0	0	0	0	1540	162	3956	0	0	0	0	0	0	134	0	0	0	0	0	0	0	0	0	0	0	0	0	0	0	0	0	0	0	0	0	0	0	0	0	0	0	0	0	0	0	0	0	0	0	
18864	Frontal_Med_Orb_L	0	0	904	0	2218	0	0	0	0	0	0	0	0	0	0	0	0	0	0	0	110	0	1544	230	0	558	888	0	432	0	1788	128	0	0	0	0	0	0	0	0	0	0	0	0	0	0	0	0	0	0	0	0	0	0	0	0	0	0	0	0	0	0	0	0	0	0	0	0	0	0	0	0	632	0	0	0	0	0	0	0	0	0	0	0	0	0	0	0	0	0	0	0	0	0	0	0	0	0	0	0	0	0	0	0	0	0	0	0	0	0	0	0	0	0	0	0	
61496	Frontal_Med_Orb_R	0	0	0	1394	166	7068	0	0	0	0	0	0	0	0	0	0	0	0	0	0	156	992	116	2848	558	0	140	4542	0	0	816	3862	0	0	0	0	0	0	0	0	0	0	0	0	0	0	0	0	0	0	0	0	0	0	0	0	0	0	0	0	0	0	0	0	0	0	0	0	0	0	130	3360	0	4600	0	0	0	0	0	0	0	0	0	0	0	0	0	0	0	0	0	0	0	0	0	0	0	0	0	0	0	0	0	0	0	0	0	0	0	0	0	0	0	0	0	0	
32908	Rectus_L	0	0	0	0	2394	0	0	0	912	0	0	0	0	0	146	0	0	0	0	0	2774	2120	170	0	888	140	0	236	0	0	2012	902	0	0	0	0	0	0	0	0	0	0	0	0	0	0	0	0	0	0	0	0	0	0	0	0	0	0	0	0	0	0	0	0	0	0	0	0	0	0	2186	600	974	0	0	0	0	0	0	0	0	0	0	0	0	0	0	0	0	0	0	0	0	0	0	0	0	0	0	0	0	0	0	0	0	0	0	0	0	0	0	0	0	0	0	0	
36180	Rectus_R	0	0	0	0	0	5816	0	0	0	412	0	0	0	0	0	412	0	0	0	0	360	1954	0	0	0	4542	236	0	0	578	252	1080	0	0	0	0	0	0	0	0	0	0	0	0	0	0	0	0	0	0	0	0	0	0	0	0	0	0	0	0	0	0	0	0	0	0	0	0	0	0	276	1524	162	486	0	0	0	0	0	0	0	0	0	0	0	0	0	0	0	0	0	0	0	0	0	0	0	0	0	0	0	0	0	0	0	0	0	0	0	0	0	0	0	0	0	0	
719032	Insula_L	10690	130	47178	1440	23490	0	23056	986	3378	0	19854	230	20440	836	9228	0	29814	0	24408	2320	2004	0	10898	556	432	0	0	0	0	142	4804	1606	536	1286	1480	1374	11222	1276	2294	384	3550	0	464	0	690	0	0	0	0	0	364	0	426	0	5280	360	7656	0	118	0	1166	0	284	0	0	0	1418	0	804	0	1454	1606	20614	0	0	0	1846	200	11230	0	22814	0	7030	0	6706	0	0	0	5552	112	0	0	0	0	0	0	0	0	0	0	0	0	0	0	0	0	0	0	0	0	0	0	0	0	0	0	
329824	Insula_R	172	7786	606	15174	0	1444	124	2202	0	1290	0	21460	0	6026	0	5160	0	19774	5364	13574	148	1432	0	2112	0	0	0	578	142	0	0	3074	0	632	654	732	696	3832	238	1292	0	1004	0	0	0	0	0	0	0	0	0	0	0	0	0	1808	0	4004	0	164	0	336	0	1168	0	0	0	318	0	2600	0	1492	0	19466	0	0	272	1142	234	5218	0	4962	0	260	0	2130	0	0	0	2616	0	0	0	0	0	0	0	0	0	0	0	0	0	0	0	0	0	0	0	0	0	0	0	0	0	0	
229348	Cingulum_Ant_L	144	0	13778	2600	4334	0	2810	234	0	0	2152	0	3268	262	0	0	504	0	8816	4086	2260	2342	18330	2630	1788	816	2012	252	4804	0	0	14186	3306	4532	0	0	0	0	0	0	0	0	0	0	0	0	0	0	0	0	0	0	0	0	0	0	0	0	0	0	0	0	0	0	0	0	0	0	0	0	3184	2612	7158	954	0	0	184	0	0	0	336	0	0	0	0	0	0	0	0	0	0	0	0	0	0	0	0	0	0	0	0	0	0	0	0	0	0	0	0	0	0	0	0	0	0	0	
474048	Cingulum_Ant_R	984	0	5586	30184	120	1686	2590	2778	0	0	746	748	310	5106	0	752	798	0	21000	27450	1992	3488	12410	24690	128	3862	902	1080	1606	3074	14186	0	2680	34892	0	0	0	0	0	0	0	0	0	0	0	0	0	0	0	0	0	0	0	0	0	0	0	0	0	0	0	0	0	0	0	0	0	0	0	0	1854	18036	2204	8600	0	0	0	0	0	0	502	0	0	0	0	0	0	0	0	0	0	0	0	0	0	0	0	0	0	0	0	0	0	0	0	0	0	0	0	0	0	0	0	0	0	0	
162308	Cingulum_Mid_L	272	0	3256	1792	196	0	806	0	0	0	280	0	482	0	0	0	328	0	11168	7486	0	0	4972	592	0	0	0	0	536	0	3306	2680	0	12340	4780	1394	0	0	0	0	0	0	446	254	2072	730	0	0	386	648	1594	0	164	0	0	0	1034	414	434	0	220	0	0	392	0	0	8190	2210	2828	834	0	0	0	0	0	0	0	0	134	0	220	0	0	0	1156	0	0	0	128	0	0	0	0	0	0	0	0	0	0	0	0	0	0	0	0	0	0	0	0	0	0	0	0	0	0	0	
618288	Cingulum_Mid_R	3778	534	4938	19998	0	0	1882	3024	0	0	488	878	260	3730	0	566	588	256	36870	62440	0	0	7714	14328	0	0	0	0	1286	632	4532	34892	12340	0	4102	6650	0	0	0	0	0	0	120	2394	220	6190	0	738	0	6482	174	1544	0	0	0	290	1200	2802	0	724	0	138	0	120	0	106	2340	14914	12098	16926	270	7006	590	2208	0	0	0	0	0	0	360	204	0	0	128	514	0	0	0	1638	0	0	0	0	0	0	0	0	0	0	0	0	0	0	0	0	0	0	0	0	0	0	0	0	0	0	
173152	Cingulum_Post_L	1506	1424	1486	360	0	0	694	0	0	0	0	0	0	0	0	0	0	0	1418	2986	0	0	0	0	0	0	0	0	1480	654	0	0	4780	4102	0	13470	9266	7086	2240	1576	0	0	3308	164	1546	0	966	268	196	0	662	0	0	0	754	1370	696	0	0	0	0	0	0	0	0	0	5988	1096	2242	1654	0	0	0	0	0	0	1376	4132	2202	252	420	244	0	0	362	288	0	0	556	708	0	0	0	0	0	0	282	0	0	0	0	0	0	0	0	0	0	0	0	0	316	0	0	0	0	0	
208020	Cingulum_Post_R	1244	1982	1404	390	0	0	624	0	0	0	0	0	0	0	0	0	0	0	1308	3936	0	0	0	0	0	0	0	0	1374	732	0	0	1394	6650	13470	0	7124	10214	1996	2606	0	0	224	3712	126	1136	0	5422	0	154	0	0	0	332	516	2024	160	572	0	0	0	0	0	134	0	0	1712	10510	1430	3902	0	0	0	0	0	0	1916	5002	2138	284	412	270	0	0	0	374	0	0	522	2916	0	0	0	0	0	0	0	0	0	0	0	0	0	0	0	0	0	0	0	0	1662	0	0	0	0	0	
330516	Hippocampus_L	5368	1824	7742	404	146	0	1856	116	0	0	392	0	0	0	110	0	246	0	4718	410	338	0	152	0	0	0	0	0	11222	696	0	0	0	0	9266	7124	0	6690	14824	1612	7714	0	2730	114	158	0	4206	368	0	0	0	0	206	0	19168	1196	1130	0	0	0	106	0	0	0	0	0	3816	594	0	0	416	0	6560	0	0	0	6188	5308	4324	208	4158	232	1782	0	684	446	134	0	15702	830	204	0	0	0	0	0	556	0	204	0	0	0	0	0	0	0	0	0	0	282	278	0	0	0	0	0	
318852	Hippocampus_R	1122	5992	2190	3338	0	0	626	558	0	0	0	1200	0	0	0	0	0	1114	1892	3418	0	280	0	0	0	0	0	0	1276	3832	0	0	0	0	7086	10214	6690	0	1914	19852	0	6040	0	2224	0	194	0	6852	0	0	0	0	0	2714	458	23462	0	612	0	0	0	154	0	296	0	0	0	6568	0	0	0	0	0	13538	0	746	1780	7688	2026	436	404	766	0	1380	0	600	0	0	506	3980	0	0	0	0	0	0	0	1406	0	220	0	0	0	0	0	0	0	0	0	0	1782	0	0	0	0	0	
115688	ParaHippocampal_L	456	878	900	0	292	0	0	0	0	0	0	0	0	0	372	0	0	0	428	0	1074	0	0	0	0	0	0	0	2294	238	0	0	0	0	2240	1996	14824	1914	0	564	3692	0	344	0	0	0	2838	128	0	0	0	0	0	0	8680	340	0	0	0	0	0	0	0	0	0	0	568	338	0	0	0	0	900	0	0	0	2462	2550	0	0	320	0	1210	0	0	286	500	0	2606	498	182	0	0	0	0	0	364	0	234	0	0	0	0	0	0	0	0	0	0	334	0	0	0	0	0	0	
161100	ParaHippocampal_R	192	818	422	1322	0	0	152	142	0	0	0	446	0	0	0	0	0	410	350	1396	0	156	0	0	0	0	0	0	384	1292	0	0	0	0	1576	2606	1612	19852	564	0	0	5028	0	1316	0	0	0	5020	0	0	0	0	0	796	0	16302	0	276	0	0	0	0	0	0	0	0	0	2832	0	0	0	0	0	5918	0	688	402	1750	486	0	0	0	0	1720	0	0	0	616	0	526	0	112	0	0	0	156	0	2260	0	224	0	0	0	0	0	0	0	0	0	0	430	0	0	0	0	0	
62124	Amygdala_L	0	0	1942	0	552	0	0	0	0	0	0	0	0	0	660	0	0	0	1608	0	1234	0	0	0	0	0	0	0	3550	0	0	0	0	0	0	0	7714	0	3692	0	0	0	0	0	0	0	0	0	0	0	0	0	0	0	4448	0	0	0	0	0	0	0	0	0	0	0	0	0	0	0	0	0	2514	0	0	0	0	0	0	0	0	0	1148	0	0	0	228	0	1772	0	0	0	0	0	0	0	0	0	0	0	0	0	0	0	0	0	0	0	0	0	0	0	0	0	0	0	
48852	Amygdala_R	0	0	0	0	0	0	0	0	0	0	0	0	0	0	0	0	0	0	0	0	0	938	0	0	0	0	0	0	0	1004	0	0	0	0	0	0	0	6040	0	5028	0	0	0	0	0	0	0	0	0	0	0	0	0	0	0	6952	0	0	0	0	0	0	0	0	0	0	0	0	0	0	0	0	0	1642	0	0	0	0	0	0	0	0	0	2628	0	0	0	194	0	0	0	0	0	0	0	0	0	0	0	0	0	0	0	0	0	0	0	0	0	0	0	0	0	0	0	0	
329844	Calcarine_L	130	0	0	0	0	0	0	0	0	0	0	0	0	0	0	0	290	0	0	0	0	0	0	0	0	0	0	0	464	0	0	0	446	120	3308	224	2730	0	344	0	0	0	0	9578	20412	6612	15150	4224	19876	4158	29716	3098	5760	462	2604	388	196	0	246	0	752	0	184	0	0	0	19682	746	394	0	0	0	0	0	0	0	0	0	508	0	316	0	0	0	7652	0	0	0	3178	0	0	0	0	0	0	0	414	0	186	0	0	0	0	0	0	0	0	0	0	0	374	0	0	0	0	0	
467236	Calcarine_R	0	466	0	0	0	0	0	0	0	0	0	0	0	0	0	0	0	0	0	1874	0	0	0	0	0	0	0	0	0	0	0	0	254	2394	164	3712	114	2224	0	1316	0	0	9578	0	4656	43556	1320	30700	722	38854	252	23754	0	4346	0	10998	0	1020	0	754	0	0	0	306	0	600	852	29892	396	2662	0	0	0	0	0	0	0	0	0	0	0	0	0	0	0	6578	0	0	0	7004	0	304	0	0	0	0	0	128	0	918	0	0	0	0	0	0	0	0	0	0	370	462	118	0	0	0	
225848	Cuneus_L	224	0	0	0	0	0	146	0	0	0	160	0	0	0	0	0	352	0	182	0	0	0	0	0	0	0	0	0	690	0	0	0	2072	220	1546	126	158	0	0	0	0	0	20412	4656	0	6960	4008	1182	23896	1616	16216	208	944	0	1124	174	476	0	712	0	942	0	202	0	130	0	12434	758	632	0	0	0	0	0	0	0	0	0	976	0	302	0	0	0	6140	0	0	0	1948	0	0	0	0	0	0	0	0	0	0	0	0	0	0	0	0	0	0	0	0	0	0	0	0	0	0	0	
476484	Cuneus_R	0	194	0	0	0	0	0	0	0	0	0	0	0	0	0	0	0	0	234	3118	0	0	0	0	0	0	0	0	0	0	0	0	730	6190	0	1136	0	194	0	0	0	0	6612	43556	6960	0	922	13860	1176	55698	144	23612	0	1710	0	6166	0	1936	0	8294	0	144	0	124	0	1222	5356	38932	428	3368	0	0	0	0	0	0	0	0	0	0	0	0	0	0	0	3412	0	0	0	1706	0	122	0	0	0	0	0	0	0	454	0	0	0	0	0	0	0	0	0	0	246	286	0	0	0	0	
300096	Lingual_L	0	0	0	0	0	0	0	0	0	0	0	0	0	0	0	0	0	0	0	0	0	0	0	0	0	0	0	0	0	0	0	0	0	0	966	0	4206	0	2838	0	0	0	15150	1320	4008	922	0	2328	7368	228	12976	0	5466	0	14922	1016	0	0	0	0	0	0	0	0	0	0	5556	130	0	0	0	0	0	0	0	0	154	0	0	0	0	0	0	0	130	0	0	0	308	0	11216	3850	2534	458	0	0	14928	3314	17980	4992	128	0	0	0	0	0	0	0	0	0	5324	3328	2004	0	0	0	
349592	Lingual_R	0	370	0	112	0	0	0	0	0	0	0	0	0	0	0	0	0	0	0	496	0	0	0	0	0	0	0	0	0	0	0	0	0	738	268	5422	368	6852	128	5020	0	0	4224	30700	1182	13860	2328	0	186	17672	130	10638	0	5492	316	22226	0	230	0	0	0	0	0	106	0	0	0	12774	234	558	0	0	0	180	0	0	0	670	0	0	0	0	0	0	0	290	0	0	0	2160	636	2480	144	424	0	120	896	4234	2612	7226	0	0	0	0	0	0	0	0	0	212	3934	4756	1192	0	0	0	
271968	Occipital_Sup_L	198	0	0	0	0	0	0	0	0	0	0	0	0	0	0	0	144	0	0	0	0	0	0	0	0	0	0	0	0	0	0	0	386	0	196	0	0	0	0	0	0	0	19876	722	23896	1176	7368	186	0	188	41444	0	4194	0	1834	0	672	0	8184	0	6972	0	234	0	1656	0	9990	0	0	0	0	0	0	0	0	0	0	0	0	0	286	0	0	0	4644	0	0	0	1538	0	0	0	0	0	0	0	0	0	0	0	0	0	0	0	0	0	0	0	0	0	0	0	0	0	0	0	
546552	Occipital_Sup_R	0	414	0	0	0	0	0	0	0	0	0	0	0	0	0	0	0	150	232	4604	0	0	0	0	0	0	0	0	0	0	0	0	648	6482	0	154	0	0	0	0	0	0	4158	38854	1616	55698	228	17672	188	0	0	46002	0	3002	0	10664	0	4318	0	13408	0	2474	0	540	0	6674	3176	36876	554	7360	0	0	0	0	0	0	0	0	0	134	0	258	0	0	0	3764	0	0	0	1584	0	294	0	0	0	0	0	0	0	720	0	0	0	0	0	0	0	0	0	0	0	376	0	0	0	0	
570952	Occipital_Mid_L	716	0	0	0	0	0	0	0	0	0	0	0	0	0	0	0	762	0	0	182	0	0	0	0	0	0	0	0	364	0	0	0	1594	174	662	0	0	0	0	0	0	0	29716	252	16216	144	12976	130	41444	0	0	0	23996	0	4718	0	5300	0	16938	0	28074	0	3582	0	17500	0	21738	0	1486	0	0	0	0	0	0	0	0	0	372	0	3652	0	0	0	41490	0	0	0	11038	0	0	0	0	0	0	0	0	0	260	0	0	0	0	0	0	0	0	0	0	0	0	0	0	0	0	0	
447976	Occipital_Mid_R	0	486	0	0	0	0	0	0	0	0	0	0	0	0	0	0	0	116	0	2740	0	0	0	0	0	0	0	0	0	0	0	0	0	1544	0	0	0	0	0	0	0	0	3098	23754	208	23612	0	10638	0	46002	0	0	0	9224	0	10414	0	2068	0	6536	0	12614	0	2030	0	25024	1280	18526	138	4520	0	0	0	0	0	0	0	0	0	0	0	534	0	0	0	12632	0	0	0	3852	0	572	0	0	0	0	0	0	0	1126	0	0	0	0	0	0	0	0	0	0	0	518	182	0	0	0	
133116	Occipital_Inf_L	176	0	0	0	0	0	224	0	0	0	0	0	0	0	0	0	0	0	0	0	0	0	0	0	0	0	0	0	426	0	0	0	164	0	0	0	206	0	0	0	0	0	5760	0	944	0	5466	0	4194	0	23996	0	0	0	6550	0	530	0	470	0	806	0	0	0	366	0	2596	0	0	0	0	0	0	0	0	0	0	0	714	0	142	0	0	0	6934	0	0	0	4784	0	412	0	0	0	0	0	114	0	584	0	0	0	0	0	0	0	0	0	0	0	0	0	0	0	0	0	
118888	Occipital_Inf_R	0	596	190	176	0	0	0	132	0	0	0	0	0	0	0	0	0	0	208	386	0	0	0	0	0	0	0	0	0	0	0	0	0	0	0	332	0	2714	0	796	0	0	462	4346	0	1710	0	5492	0	3002	0	9224	0	0	0	12010	0	462	0	0	0	0	0	472	0	0	0	2596	0	260	0	0	0	0	0	0	0	0	0	0	0	0	0	0	0	2728	0	0	0	5728	0	1246	0	0	0	0	0	160	0	2430	0	0	0	0	0	0	0	0	0	0	0	1096	490	0	0	0	
384080	Fusiform_L	1200	0	996	0	0	0	816	0	0	0	236	0	0	0	0	0	0	0	370	0	0	0	0	0	0	0	0	0	5280	0	0	0	0	0	754	516	19168	458	8680	0	4448	0	2604	0	1124	0	14922	316	1834	0	4718	0	6550	0	0	232	282	0	0	0	0	0	0	0	0	0	2528	0	128	0	0	0	1186	0	0	0	572	314	2372	0	3390	0	3108	0	3892	0	2420	0	24790	0	22066	1246	2208	504	0	0	11418	680	26090	1614	312	0	250	0	400	0	0	0	0	0	2154	1616	1278	0	0	0	
413052	Fusiform_R	180	1518	460	958	0	0	144	244	0	0	0	416	0	0	0	0	0	618	404	1532	0	0	0	0	0	0	0	0	360	1808	0	0	0	290	1370	2024	1196	23462	340	16302	0	6952	388	10998	174	6166	1016	22226	0	10664	0	10414	0	12010	232	0	0	914	0	0	0	0	0	172	0	0	0	5584	0	1130	0	0	0	6078	0	0	242	1156	452	144	0	1546	0	4896	0	1448	0	1742	0	8100	278	8432	0	318	0	106	536	7310	1290	12692	0	0	0	0	0	0	0	0	0	0	2844	3284	966	0	0	0	
402480	Postcentral_L	40692	1482	3682	6084	0	0	3032	0	0	0	3954	0	0	0	0	0	13760	0	1390	2362	0	0	0	0	0	0	0	0	7656	0	0	0	1034	1200	696	160	1130	0	0	0	0	0	196	0	476	0	0	0	672	0	5300	0	530	0	282	0	0	0	8752	0	32642	0	10684	0	746	0	6490	0	2470	938	5816	3942	786	0	212	0	3662	8584	3650	0	4350	0	0	0	9672	0	0	0	2074	0	0	0	0	0	0	0	0	0	0	0	0	0	0	0	0	0	0	0	0	0	0	0	0	0	0	0	
262772	Postcentral_R	0	16722	3338	2442	0	0	198	1488	0	0	0	5962	0	0	0	0	0	4390	3448	6078	0	0	0	120	0	0	0	0	0	4004	0	0	414	2802	0	572	0	612	0	276	0	0	0	1020	0	1936	0	230	0	4318	0	2068	0	462	0	914	0	0	0	5458	0	8320	0	20168	0	1414	148	7292	0	14016	352	870	0	1530	0	192	0	0	0	1514	0	690	0	0	0	1102	0	0	0	4506	0	0	0	0	0	0	0	0	0	0	0	0	0	0	0	0	0	0	0	0	0	0	0	0	0	0	
154100	Parietal_Sup_L	0	0	0	0	0	0	0	0	0	0	0	0	0	0	0	0	366	0	0	0	0	0	0	0	0	0	0	0	118	0	0	0	434	0	0	0	0	0	0	0	0	0	246	0	712	0	0	0	8184	0	16938	0	470	0	0	0	8752	0	0	0	16516	0	594	0	3668	0	11922	0	0	0	0	0	0	0	0	0	0	0	0	0	1274	0	0	0	5012	0	0	0	1844	0	0	0	0	0	0	0	0	0	0	0	0	0	0	0	0	0	0	0	0	0	0	0	0	0	0	0	
136784	Parietal_Sup_R	0	0	0	0	0	0	0	0	0	0	0	0	0	0	0	0	0	196	0	212	0	0	0	0	0	0	0	0	0	164	0	0	0	724	0	0	0	0	0	0	0	0	0	754	0	8294	0	0	0	13408	0	6536	0	0	0	0	0	5458	0	0	0	8082	0	536	0	7812	390	13886	0	1110	0	0	0	0	0	0	0	0	0	158	0	162	0	0	0	208	0	0	0	302	0	0	0	0	0	0	0	0	0	0	0	0	0	0	0	0	0	0	0	0	0	0	0	0	0	0	
359956	Parietal_Inf_L	3512	188	1272	0	0	0	1300	0	0	0	886	0	0	0	0	0	4294	0	338	464	0	0	0	0	0	0	0	0	1166	0	0	0	220	0	0	0	106	0	0	0	0	0	752	0	942	0	0	0	6972	0	28074	0	806	0	0	0	32642	0	16516	0	0	0	22756	0	21616	0	2714	0	0	160	2308	0	182	0	148	0	2952	0	288	0	6380	0	0	0	17264	0	0	0	2760	0	0	0	0	0	0	0	0	0	0	0	0	0	0	0	0	0	0	0	0	0	0	0	0	0	0	0	
149568	Parietal_Inf_R	0	934	1112	452	0	0	0	450	0	0	0	250	0	0	0	0	0	246	1112	540	0	0	0	0	0	0	0	0	0	336	0	0	0	138	0	0	0	154	0	0	0	0	0	0	0	144	0	0	0	2474	0	12614	0	0	0	0	0	8320	0	8082	0	0	0	10932	0	22782	0	1522	0	716	0	0	0	352	0	0	0	0	0	224	0	192	0	0	0	390	0	0	0	316	0	0	0	0	0	0	0	0	0	0	0	0	0	0	0	0	0	0	0	0	0	0	0	0	0	0	
132932	SupraMarginal_L	634	0	238	0	0	0	182	0	0	0	0	0	0	0	0	0	1388	0	0	0	0	0	0	0	0	0	0	0	284	0	0	0	0	0	0	0	0	0	0	0	0	0	184	0	202	0	0	0	234	0	3582	0	0	0	0	0	10684	0	594	0	22756	0	0	0	6140	0	242	0	0	0	132	0	0	0	0	0	142	0	136	0	6468	0	0	0	10810	0	0	0	1434	0	0	0	0	0	0	0	0	0	0	0	0	0	0	0	0	0	0	0	0	0	0	0	0	0	0	0	
154916	SupraMarginal_R	0	4056	2196	1238	0	0	0	1204	0	0	0	1078	0	0	0	0	0	2776	2466	1586	0	0	0	0	0	0	0	0	0	1168	0	0	392	120	0	134	0	296	0	0	0	0	0	306	0	124	0	106	0	540	0	2030	0	472	0	172	0	20168	0	536	0	10932	0	0	0	6800	0	1900	0	1064	0	0	0	500	0	0	0	0	0	760	0	4606	0	0	0	5188	0	0	0	2544	0	0	0	0	0	0	0	0	0	0	0	0	0	0	0	0	0	0	0	0	0	0	0	0	0	0	
134004	Angular_L	0	0	0	0	0	0	0	0	0	0	0	0	0	0	0	0	978	0	0	0	0	0	0	0	0	0	0	0	0	0	0	0	0	0	0	0	0	0	0	0	0	0	0	0	130	0	0	0	1656	0	17500	0	366	0	0	0	746	0	3668	0	21616	0	6140	0	0	0	328	0	0	0	0	0	0	0	0	0	0	0	0	0	2286	0	0	0	9744	0	0	0	1844	0	0	0	0	0	0	0	0	0	0	0	0	0	0	0	0	0	0	0	0	0	0	0	0	0	0	0	
163808	Angular_R	0	196	0	0	0	0	0	0	0	0	0	0	0	0	0	0	0	126	0	306	0	0	0	0	0	0	0	0	0	0	0	0	0	106	0	0	0	0	0	0	0	0	0	600	0	1222	0	0	0	6674	0	25024	0	0	0	0	0	1414	0	7812	0	22782	0	6800	0	0	0	1648	0	680	0	0	0	0	0	0	0	0	0	0	0	2366	0	0	0	3856	0	0	0	292	0	0	0	0	0	0	0	0	0	0	0	0	0	0	0	0	0	0	0	0	0	0	0	0	0	0	
328068	Precuneus_L	666	0	0	0	0	0	152	0	0	0	200	0	0	0	0	0	1150	0	546	670	0	0	0	0	0	0	0	0	1418	0	0	0	8190	2340	5988	1712	3816	0	568	0	0	0	19682	852	12434	5356	5556	0	9990	3176	21738	1280	2596	0	2528	0	6490	148	11922	390	2714	0	242	0	328	0	0	8252	3582	482	0	0	0	0	0	0	0	0	944	0	990	0	0	0	11184	0	0	0	2776	0	0	0	0	0	0	0	428	0	200	0	0	0	0	0	0	0	0	0	0	0	358	0	0	0	0	0	
532276	Precuneus_R	0	1380	0	114	0	0	0	0	0	0	0	0	0	0	0	0	0	572	824	6870	0	0	0	0	0	0	0	0	0	318	0	0	2210	14914	1096	10510	594	6568	338	2832	0	0	746	29892	758	38932	130	12774	0	36876	0	18526	0	2596	0	5584	0	7292	0	13886	0	1522	0	1900	0	1648	8252	0	1734	12296	0	0	0	0	0	0	386	838	0	296	0	1068	0	0	0	5718	0	0	0	10884	0	0	0	0	0	0	0	406	0	0	0	0	0	0	0	0	0	0	0	0	2058	0	0	0	0	0	
167884	Paracentral_Lobule_L	9412	1484	1526	138	0	0	0	0	0	0	0	0	0	0	0	0	638	0	5458	18452	0	0	0	0	0	0	0	0	804	0	0	0	2828	12098	2242	1430	0	0	0	0	0	0	394	396	632	428	0	234	0	554	1486	138	0	0	128	0	2470	0	0	0	0	0	0	0	0	0	3582	1734	0	12748	148	0	0	0	0	0	0	0	242	0	416	0	0	0	1534	0	0	0	0	168	0	0	0	0	0	0	0	0	0	0	0	0	0	0	0	0	0	0	0	0	0	0	0	0	0	0	
316500	Paracentral_Lobule_R	5146	7288	278	180	0	0	0	0	0	0	0	886	0	0	0	0	0	2272	2208	33802	0	0	0	0	0	0	0	0	0	2600	0	0	834	16926	1654	3902	0	0	0	0	0	0	0	2662	0	3368	0	558	0	7360	0	4520	0	260	0	1130	938	14016	0	1110	160	716	0	1064	0	680	482	12296	12748	0	136	0	0	0	0	0	0	0	0	2184	0	1796	0	0	0	3452	0	0	0	8638	0	0	0	0	0	0	0	0	0	0	0	0	0	0	0	0	0	0	0	0	0	0	0	0	0	0	
190296	Caudate_L	8822	1954	7812	426	370	0	2388	946	0	0	1940	1426	484	0	0	0	1024	0	7034	866	4074	5976	492	0	0	130	2186	276	1454	0	3184	1854	0	270	0	0	416	0	0	0	0	0	0	0	0	0	0	0	0	0	0	0	0	0	0	0	5816	352	0	0	2308	0	132	0	0	0	0	0	148	136	0	5996	9678	1574	1670	0	10476	610	188	0	148	0	0	0	112	0	0	0	0	0	0	0	0	0	0	0	0	0	0	0	0	0	0	0	0	0	0	0	0	0	0	0	0	0	0	0	
310688	Caudate_R	4858	7836	1746	12892	0	1948	1036	1768	0	0	1186	1482	574	290	0	340	800	3454	7204	17846	1462	5588	472	1540	0	3360	600	1524	1606	1492	2612	18036	0	7006	0	0	0	0	0	0	0	0	0	0	0	0	0	0	0	0	0	0	0	0	0	0	3942	870	0	0	0	0	0	0	0	0	0	0	0	0	5996	0	4218	12578	0	1552	1020	14052	0	0	558	0	0	0	0	0	0	0	0	0	0	0	0	0	0	0	0	0	0	0	0	0	0	0	0	0	0	0	0	0	0	0	0	0	0	0	
308248	Putamen_L	6714	0	25704	164	10512	0	2654	0	1774	0	1400	0	370	0	3890	0	446	0	18402	620	2630	3106	4484	162	632	0	974	162	20614	0	7158	2204	0	590	0	0	6560	0	900	0	2514	0	0	0	0	0	0	0	0	0	0	0	0	0	1186	0	786	0	0	0	182	0	0	0	0	0	0	0	0	0	9678	4218	0	706	5254	150	1654	0	124	0	2132	0	1504	0	0	0	0	0	1210	0	0	0	0	0	0	0	0	0	0	0	0	0	0	0	0	0	0	0	0	0	0	0	0	0	0	0	
289328	Putamen_R	0	2448	710	13358	0	7014	0	1240	0	1334	0	5186	0	744	0	2194	0	4144	2748	12172	0	2156	138	3956	0	4600	0	486	0	19466	954	8600	0	2208	0	0	0	13538	0	5918	0	1642	0	0	0	0	0	180	0	0	0	0	0	0	0	6078	0	1530	0	0	0	352	0	500	0	0	0	0	0	0	1574	12578	706	0	0	1998	0	470	0	0	0	410	0	446	0	0	0	0	0	710	0	0	0	0	0	0	0	178	0	0	0	0	0	0	0	0	0	0	0	0	0	0	0	0	0	0	
52676	Pallidum_L	4428	0	6838	0	0	0	310	0	0	0	0	0	0	0	0	0	0	0	5414	0	0	0	0	0	0	0	0	0	0	0	0	0	0	0	0	0	0	0	0	0	0	0	0	0	0	0	0	0	0	0	0	0	0	0	0	0	212	0	0	0	148	0	0	0	0	0	0	0	0	0	1670	0	5254	0	0	0	2064	0	0	0	0	0	0	0	0	0	0	0	0	0	0	0	0	0	0	0	0	0	0	0	0	0	0	0	0	0	0	0	0	0	0	0	0	0	0	0	
23100	Pallidum_R	0	152	528	1758	0	0	0	0	0	0	0	0	0	0	0	0	0	480	784	2522	0	0	0	0	0	0	0	0	0	0	0	0	0	0	0	0	0	746	0	688	0	0	0	0	0	0	0	0	0	0	0	0	0	0	0	0	0	192	0	0	0	0	0	0	0	0	0	0	0	0	0	1552	150	1998	0	0	0	0	0	0	0	0	0	0	0	0	0	0	0	0	0	0	0	0	0	0	0	0	0	0	0	0	0	0	0	0	0	0	0	0	0	0	0	0	0	0	
164064	Thalamus_L	11838	4116	8274	482	0	0	1298	0	0	0	222	0	0	0	0	0	494	0	6680	114	0	0	0	0	0	0	0	0	1846	272	184	0	0	0	1376	1916	6188	1780	2462	402	0	0	0	0	0	0	154	0	0	0	0	0	0	0	572	242	3662	0	0	0	2952	0	142	0	0	0	0	386	0	0	10476	1020	1654	0	2064	0	0	6864	132	0	174	0	0	0	106	356	0	0	604	528	0	0	0	0	0	0	0	0	0	0	0	0	0	0	0	0	0	0	0	0	0	0	0	0	0	0	
225684	Thalamus_R	9920	17586	1674	13454	0	0	210	0	0	0	0	0	0	0	0	0	0	0	1436	3016	0	0	0	0	0	0	0	0	200	1142	0	0	0	0	4132	5002	5308	7688	2550	1750	0	0	0	0	0	0	0	670	0	0	0	0	0	0	314	1156	8584	0	0	0	0	0	0	0	0	0	0	838	0	0	610	14052	0	470	0	0	6864	0	616	142	300	278	0	0	0	860	0	0	354	1256	0	0	0	0	0	0	0	238	0	0	0	0	0	0	0	0	0	0	0	0	172	0	0	0	0	0	
125664	Heschl_L	3604	168	1918	200	0	0	2586	118	0	0	2328	0	0	0	0	0	5368	0	1172	246	0	0	0	0	0	0	0	0	11230	234	0	0	134	0	2202	2138	4324	2026	0	486	0	0	508	0	976	0	0	0	0	0	372	0	714	0	2372	452	3650	0	0	0	288	0	136	0	0	0	944	0	242	0	188	0	124	0	0	0	132	616	0	108	2972	0	0	0	5220	0	0	0	2190	146	0	0	0	0	0	0	0	0	0	0	0	0	0	0	0	0	0	0	0	0	0	0	0	0	0	0	
52276	Heschl_R	0	660	0	0	0	0	0	0	0	0	0	272	0	0	0	0	0	3980	0	484	0	0	0	0	0	0	0	0	0	5218	0	0	0	0	252	284	208	436	0	0	0	0	0	0	0	0	0	0	0	134	0	0	0	0	0	144	0	1514	0	158	0	224	0	760	0	0	0	296	0	2184	0	0	0	0	0	0	0	142	108	0	0	5082	0	0	0	1868	0	0	0	1730	0	0	0	0	0	0	0	0	0	0	0	0	0	0	0	0	0	0	0	0	0	0	0	0	0	0	
317648	Temporal_Sup_L	3798	0	7212	386	306	0	4446	336	0	0	5680	0	538	264	0	0	20466	0	4330	608	0	0	370	134	0	0	0	0	22814	0	336	502	220	360	420	412	4158	404	320	0	0	0	316	0	302	0	0	0	286	0	3652	0	142	0	3390	0	4350	0	1274	0	6380	0	6468	0	2286	0	990	0	416	0	148	558	2132	0	0	0	174	300	2972	0	0	0	4478	0	25502	0	0	0	13488	0	0	0	0	0	0	0	0	0	0	0	0	0	0	0	0	0	0	0	0	0	0	0	0	0	0	0	
111732	Temporal_Sup_R	0	748	184	258	0	0	0	0	0	0	0	238	0	0	0	0	0	2430	164	964	0	0	0	0	0	0	0	0	0	4962	0	0	0	204	244	270	232	766	0	0	0	0	0	0	0	0	0	0	0	258	0	534	0	0	0	1546	0	690	0	162	0	192	0	4606	0	2366	0	1068	0	1796	0	0	0	410	0	0	0	278	0	5082	0	0	0	1042	0	15780	0	0	0	8392	0	0	0	0	0	0	0	0	0	0	0	0	0	0	0	0	0	0	0	0	0	0	0	0	0	0	
96396	Temporal_Pole_Sup_L	0	0	1552	0	1488	0	166	0	682	0	2482	0	622	0	1742	0	2140	0	728	0	656	0	390	0	0	0	0	0	7030	0	0	0	0	0	0	0	1782	0	1210	0	1148	0	0	0	0	0	0	0	0	0	0	0	0	0	3108	0	0	0	0	0	0	0	0	0	0	0	0	0	0	0	0	0	1504	0	0	0	0	0	0	0	4478	0	0	0	6576	0	3308	0	5406	0	0	0	0	0	0	0	0	0	0	0	0	0	0	0	0	0	0	0	0	0	0	0	0	0	0	0	
40036	Temporal_Pole_Sup_R	0	0	0	0	0	0	0	0	0	0	0	140	0	0	0	0	0	168	110	110	0	0	0	0	0	0	0	0	0	260	0	0	0	0	0	0	0	1380	0	1720	0	2628	0	0	0	0	0	0	0	0	0	0	0	0	0	4896	0	0	0	0	0	0	0	0	0	0	0	0	0	0	0	0	0	446	0	0	0	0	0	0	0	1042	0	0	0	1284	0	3038	0	2796	0	0	0	0	0	0	0	0	0	0	0	0	0	0	0	0	0	0	0	0	0	0	0	0	0	0	
475564	Temporal_Mid_L	2104	0	510	0	0	0	1002	0	0	0	910	0	0	0	0	0	6618	0	164	160	0	0	0	0	0	0	0	0	6706	0	0	0	1156	128	362	0	684	0	0	0	0	0	7652	0	6140	0	130	0	4644	0	41490	0	6934	0	3892	0	9672	0	5012	0	17264	0	10810	0	9744	0	11184	0	1534	0	112	0	0	0	0	0	106	0	5220	0	25502	0	6576	0	0	0	4008	0	39652	0	0	0	0	0	0	0	0	0	0	0	0	0	0	0	0	0	0	0	0	0	0	0	0	0	0	0	
197132	Temporal_Mid_R	0	1478	132	190	0	0	0	0	0	0	0	0	0	0	0	0	0	432	126	2024	0	0	0	0	0	0	0	0	0	2130	0	0	0	514	288	374	446	600	286	0	0	0	0	6578	0	3412	0	290	0	3764	0	12632	0	2728	0	1448	0	1102	0	208	0	390	0	5188	0	3856	0	5718	0	3452	0	0	0	0	0	0	356	860	0	1868	0	15780	0	1284	0	0	0	422	0	18210	0	0	0	0	0	0	0	0	0	0	0	0	0	0	0	0	0	0	0	0	0	0	0	0	0	0	
29288	Temporal_Pole_Mid_L	0	0	0	0	0	0	0	0	0	0	0	0	0	0	0	0	0	0	0	0	0	0	0	0	0	0	0	0	0	0	0	0	0	0	0	0	134	0	500	0	228	0	0	0	0	0	0	0	0	0	0	0	0	0	2420	0	0	0	0	0	0	0	0	0	0	0	0	0	0	0	0	0	0	0	0	0	0	0	0	0	0	0	3308	0	4008	0	0	0	4046	0	0	0	0	0	0	0	0	0	0	0	0	0	0	0	0	0	0	0	0	0	0	0	0	0	0	0	
14676	Temporal_Pole_Mid_R	0	0	0	0	0	0	0	0	0	0	0	0	0	0	0	0	0	0	0	0	0	0	0	0	0	0	0	0	0	0	0	0	0	0	0	0	0	0	0	616	0	194	0	0	0	0	0	0	0	0	0	0	0	0	0	1742	0	0	0	0	0	0	0	0	0	0	0	0	0	0	0	0	0	0	0	0	0	0	0	0	0	0	0	3038	0	422	0	0	0	1326	0	0	0	0	0	0	0	0	0	0	0	0	0	0	0	0	0	0	0	0	0	0	0	0	0	0	
330732	Temporal_Inf_L	1006	0	828	0	0	0	488	0	0	0	252	0	0	0	0	0	2348	0	320	0	0	0	0	0	0	0	0	0	5552	0	0	0	128	0	556	522	15702	506	2606	0	1772	0	3178	0	1948	0	308	0	1538	0	11038	0	4784	0	24790	0	2074	0	1844	0	2760	0	1434	0	1844	0	2776	0	0	0	0	0	1210	0	0	0	604	354	2190	0	13488	0	5406	0	39652	0	4046	0	0	0	3484	0	660	0	0	0	134	0	414	0	410	0	412	0	0	0	0	0	0	0	0	0	0	0	0	0	
239852	Temporal_Inf_R	0	4604	306	666	0	0	0	0	0	0	0	296	0	0	0	0	0	1118	274	5282	0	0	0	0	0	0	0	0	112	2616	0	0	0	1638	708	2916	830	3980	498	526	0	0	0	7004	0	1706	0	2160	0	1584	0	3852	0	5728	0	8100	0	4506	0	302	0	316	0	2544	0	292	0	10884	168	8638	0	0	0	710	0	0	528	1256	146	1730	0	8392	0	2796	0	18210	0	1326	0	0	0	572	0	0	0	0	0	0	0	106	0	0	0	0	0	0	0	0	0	0	0	0	0	0	0	0	
491368	Cerebelum_Crus1_L	0	0	0	0	0	0	0	0	0	0	0	0	0	0	0	0	0	0	0	0	0	0	0	0	0	0	0	0	0	0	0	0	0	0	0	0	204	0	182	0	0	0	0	0	0	0	11216	636	0	0	0	0	412	0	22066	278	0	0	0	0	0	0	0	0	0	0	0	0	0	0	0	0	0	0	0	0	0	0	0	0	0	0	0	0	0	0	0	0	3484	0	0	7952	39844	6006	1720	558	29106	1508	61992	7474	10320	396	10786	1854	1952	504	156	0	278	420	4842	9230	8424	860	774	250	
525652	Cerebelum_Crus1_R	0	0	0	0	0	0	0	0	0	0	0	0	0	0	0	0	0	0	0	0	0	0	0	0	0	0	0	0	0	0	0	0	0	0	0	0	0	0	0	112	0	0	0	304	0	122	3850	2480	0	294	0	572	0	1246	1246	8432	0	0	0	0	0	0	0	0	0	0	0	0	0	0	0	0	0	0	0	0	0	0	0	0	0	0	0	0	0	0	0	0	0	572	7952	0	5218	27906	1174	6774	8628	31470	10268	65444	1444	4106	1992	12802	1098	2326	0	112	306	3734	18026	13586	11558	3712	2484	1476	
446228	Cerebelum_Crus2_L	0	0	0	0	0	0	0	0	0	0	0	0	0	0	0	0	0	0	0	0	0	0	0	0	0	0	0	0	0	0	0	0	0	0	0	0	0	0	0	0	0	0	0	0	0	0	2534	144	0	0	0	0	0	0	2208	0	0	0	0	0	0	0	0	0	0	0	0	0	0	0	0	0	0	0	0	0	0	0	0	0	0	0	0	0	0	0	0	0	660	0	39844	5218	0	14130	678	446	8268	524	19260	3866	39880	9246	33528	9378	4772	688	496	0	190	308	1326	4802	11180	8730	674	136	
361788	Cerebelum_Crus2_R	0	0	0	0	0	0	0	0	0	0	0	0	0	0	0	0	0	0	0	0	0	0	0	0	0	0	0	0	0	0	0	0	0	0	0	0	0	0	0	0	0	0	0	0	0	0	458	424	0	0	0	0	0	0	504	318	0	0	0	0	0	0	0	0	0	0	0	0	0	0	0	0	0	0	0	0	0	0	0	0	0	0	0	0	0	0	0	0	0	0	6006	27906	14130	0	428	1408	2724	1796	5274	12304	9030	20520	6180	26394	830	3172	0	354	216	1370	2546	7168	15852	9584	2752	1246	
54440	Cerebelum_3_L	0	0	0	0	0	0	0	0	0	0	0	0	0	0	0	0	0	0	0	0	0	0	0	0	0	0	0	0	0	0	0	0	0	0	0	0	0	0	0	0	0	0	0	0	0	0	0	0	0	0	0	0	0	0	0	0	0	0	0	0	0	0	0	0	0	0	0	0	0	0	0	0	0	0	0	0	0	0	0	0	0	0	0	0	0	0	0	0	0	0	1720	1174	678	428	0	790	7084	916	2518	1286	0	0	154	134	1372	454	0	0	1012	2340	2258	1010	620	362	560	350	
96004	Cerebelum_3_R	0	0	0	0	0	0	0	0	0	0	0	0	0	0	0	0	0	0	0	0	0	0	0	0	0	0	0	0	0	0	0	0	0	0	0	0	0	0	0	156	0	0	0	0	0	0	0	120	0	0	0	0	0	0	0	106	0	0	0	0	0	0	0	0	0	0	0	0	0	0	0	0	0	0	0	0	0	0	0	0	0	0	0	0	0	0	0	0	0	0	558	6774	446	1408	790	0	1884	6366	780	7590	0	0	0	1302	412	1618	0	0	844	7312	2664	590	1668	1718	1614	1282	
400252	Cerebelum_4_5_L	0	0	0	0	0	0	0	0	0	0	0	0	0	0	0	0	0	0	0	0	0	0	0	0	0	0	0	0	0	0	0	0	0	0	282	0	556	0	364	0	0	0	414	0	0	0	14928	896	0	0	0	0	114	0	11418	536	0	0	0	0	0	0	0	0	0	0	428	0	0	0	0	0	0	0	0	0	0	0	0	0	0	0	0	0	0	0	0	0	134	0	29106	8628	8268	2724	7084	1884	0	7194	40470	10386	2302	106	2588	904	5696	1548	390	0	1452	2422	19966	7690	3574	1230	2098	2346	
285452	Cerebelum_4_5_R	0	0	0	0	0	0	0	0	0	0	0	0	0	0	0	0	0	0	0	0	0	0	0	0	0	0	0	0	0	0	0	0	0	0	0	0	0	1406	0	2260	0	0	0	128	0	0	3314	4234	0	0	0	0	0	160	680	7310	0	0	0	0	0	0	0	0	0	0	0	406	0	0	0	0	0	178	0	0	0	238	0	0	0	0	0	0	0	0	0	0	0	0	1508	31470	524	1796	916	6366	7194	0	3928	37536	0	0	0	1100	696	410	0	0	212	3166	20490	1958	1330	754	634	424	
519052	Cerebelum_6_L	0	0	0	0	0	0	0	0	0	0	0	0	0	0	0	0	0	0	0	0	0	0	0	0	0	0	0	0	0	0	0	0	0	0	0	0	204	0	234	0	0	0	186	0	0	0	17980	2612	0	0	260	0	584	0	26090	1290	0	0	0	0	0	0	0	0	0	0	200	0	0	0	0	0	0	0	0	0	0	0	0	0	0	0	0	0	0	0	0	0	414	0	61992	10268	19260	5274	2518	780	40470	3928	0	12288	3894	266	4978	1832	2860	1222	272	0	420	512	10258	14748	7404	1396	1750	882	
532252	Cerebelum_6_R	0	0	0	0	0	0	0	0	0	0	0	0	0	0	0	0	0	0	0	0	0	0	0	0	0	0	0	0	0	0	0	0	0	0	0	0	0	220	0	224	0	0	0	918	0	454	4992	7226	0	720	0	1126	0	2430	1614	12692	0	0	0	0	0	0	0	0	0	0	0	0	0	0	0	0	0	0	0	0	0	0	0	0	0	0	0	0	0	0	0	0	0	106	7474	65444	3866	12304	1286	7590	10386	37536	12288	0	776	478	1404	4742	1444	2528	0	174	468	4414	22452	17664	10396	3722	2844	1724	
308816	Cerebelum_7b_L	0	0	0	0	0	0	0	0	0	0	0	0	0	0	0	0	0	0	0	0	0	0	0	0	0	0	0	0	0	0	0	0	0	0	0	0	0	0	0	0	0	0	0	0	0	0	128	0	0	0	0	0	0	0	312	0	0	0	0	0	0	0	0	0	0	0	0	0	0	0	0	0	0	0	0	0	0	0	0	0	0	0	0	0	0	0	0	0	410	0	10320	1444	39880	9030	0	0	2302	0	3894	776	0	8868	40644	10420	6154	658	548	0	0	0	142	892	5236	11802	548	0	
180412	Cerebelum_7b_R	0	0	0	0	0	0	0	0	0	0	0	0	0	0	0	0	0	0	0	0	0	0	0	0	0	0	0	0	0	0	0	0	0	0	0	0	0	0	0	0	0	0	0	0	0	0	0	0	0	0	0	0	0	0	0	0	0	0	0	0	0	0	0	0	0	0	0	0	0	0	0	0	0	0	0	0	0	0	0	0	0	0	0	0	0	0	0	0	0	0	396	4106	9246	20520	0	0	106	0	266	478	8868	0	6870	23660	0	1052	0	0	0	0	0	230	5908	8332	168	0	
331008	Cerebelum_8_L	0	0	0	0	0	0	0	0	0	0	0	0	0	0	0	0	0	0	0	0	0	0	0	0	0	0	0	0	0	0	0	0	0	0	0	0	0	0	0	0	0	0	0	0	0	0	0	0	0	0	0	0	0	0	250	0	0	0	0	0	0	0	0	0	0	0	0	0	0	0	0	0	0	0	0	0	0	0	0	0	0	0	0	0	0	0	0	0	412	0	10786	1992	33528	6180	154	0	2588	0	4978	1404	40644	6870	0	14080	14522	2218	1774	0	0	0	240	1658	3550	15734	1806	136	
320504	Cerebelum_8_R	0	0	0	0	0	0	0	0	0	0	0	0	0	0	0	0	0	0	0	0	0	0	0	0	0	0	0	0	0	0	0	0	0	0	0	0	0	0	0	0	0	0	0	0	0	0	0	0	0	0	0	0	0	0	0	0	0	0	0	0	0	0	0	0	0	0	0	0	0	0	0	0	0	0	0	0	0	0	0	0	0	0	0	0	0	0	0	0	0	0	1854	12802	9378	26394	134	1302	904	1100	1832	4742	10420	23660	14080	0	874	15412	0	1008	190	1114	476	2162	8868	17272	3180	1094	
118084	Cerebelum_9_L	0	0	0	0	0	0	0	0	0	0	0	0	0	0	0	0	0	0	0	0	0	0	0	0	0	0	0	0	0	0	0	0	0	0	0	0	0	0	0	0	0	0	0	0	0	0	0	0	0	0	0	0	0	0	400	0	0	0	0	0	0	0	0	0	0	0	0	0	0	0	0	0	0	0	0	0	0	0	0	0	0	0	0	0	0	0	0	0	0	0	1952	1098	4772	830	1372	412	5696	696	2860	1444	6154	0	14522	874	0	1710	2556	0	0	338	1816	3102	1708	1504	1888	1338	
130432	Cerebelum_9_R	0	0	0	0	0	0	0	0	0	0	0	0	0	0	0	0	0	0	0	0	0	0	0	0	0	0	0	0	0	0	0	0	0	0	0	0	0	0	0	0	0	0	0	0	0	0	0	0	0	0	0	0	0	0	0	0	0	0	0	0	0	0	0	0	0	0	0	0	0	0	0	0	0	0	0	0	0	0	0	0	0	0	0	0	0	0	0	0	0	0	504	2326	688	3172	454	1618	1548	410	1222	2528	658	1052	2218	15412	1710	0	0	1180	350	1684	1668	2896	3580	7058	7134	4146	
12384	Cerebelum_10_L	0	0	0	0	0	0	0	0	0	0	0	0	0	0	0	0	0	0	0	0	0	0	0	0	0	0	0	0	0	0	0	0	0	0	0	0	0	0	0	0	0	0	0	0	0	0	0	0	0	0	0	0	0	0	0	0	0	0	0	0	0	0	0	0	0	0	0	0	0	0	0	0	0	0	0	0	0	0	0	0	0	0	0	0	0	0	0	0	0	0	156	0	496	0	0	0	390	0	272	0	548	0	1774	0	2556	0	0	0	0	0	0	0	0	0	0	0	
5952	Cerebelum_10_R	0	0	0	0	0	0	0	0	0	0	0	0	0	0	0	0	0	0	0	0	0	0	0	0	0	0	0	0	0	0	0	0	0	0	0	0	0	0	0	0	0	0	0	0	0	0	0	0	0	0	0	0	0	0	0	0	0	0	0	0	0	0	0	0	0	0	0	0	0	0	0	0	0	0	0	0	0	0	0	0	0	0	0	0	0	0	0	0	0	0	0	112	0	354	0	0	0	0	0	174	0	0	0	1008	0	1180	0	0	0	0	0	0	0	148	0	0	
27264	Vermis_1_2	0	0	0	0	0	0	0	0	0	0	0	0	0	0	0	0	0	0	0	0	0	0	0	0	0	0	0	0	0	0	0	0	0	0	0	0	0	0	0	0	0	0	0	0	0	0	0	0	0	0	0	0	0	0	0	0	0	0	0	0	0	0	0	0	0	0	0	0	0	0	0	0	0	0	0	0	0	0	0	0	0	0	0	0	0	0	0	0	0	0	278	306	190	216	1012	844	1452	212	420	468	0	0	0	190	0	350	0	0	0	4430	1908	238	230	380	508	0	
90728	Vermis_3	0	0	0	0	0	0	0	0	0	0	0	0	0	0	0	0	0	0	0	0	0	0	0	0	0	0	0	0	0	0	0	0	0	0	0	0	282	0	334	0	0	0	0	0	0	0	0	212	0	0	0	0	0	0	0	0	0	0	0	0	0	0	0	0	0	0	0	0	0	0	0	0	0	0	0	0	0	0	0	0	0	0	0	0	0	0	0	0	0	0	420	3734	308	1370	2340	7312	2422	3166	512	4414	0	0	0	1114	338	1684	0	0	4430	0	3742	560	1648	1900	1862	1260	
303736	Vermis_4_5	0	0	0	0	0	0	0	0	0	0	0	0	0	0	0	0	0	0	0	0	0	0	0	0	0	0	0	0	0	0	0	0	0	0	316	1662	278	1782	0	430	0	0	374	370	0	246	5324	3934	0	0	0	0	0	0	2154	2844	0	0	0	0	0	0	0	0	0	0	358	2058	0	0	0	0	0	0	0	0	0	172	0	0	0	0	0	0	0	0	0	0	0	0	4842	18026	1326	2546	2258	2664	19966	20490	10258	22452	142	0	240	476	1816	1668	0	0	1908	3742	0	7242	1350	1136	2146	2872	
