data	data	457376	285400	795532	713840	129448	65856	422112	242708	77204	23544	325884	282536	312128	154320	174212	88680	172884	111816	654048	796276	84480	95436	297876	348804	40304	87328	47556	67028	629528	359992	268792	468040	178876	539236	157436	185032	383316	361008	184552	269636	37376	58860	236848	307944	226412	297344	382132	359396	230072	287824	483256	237816	158980	186636	551364	580520	313888	354972	153820	108640	222384	105568	117224	139512	179408	156076	442528	481616	344448	476992	368964	397972	379948	470488	55304	41244	143192	165532	86068	24964	225368	145828	110068	64120	277624	262036	43884	34452	366308	356164	632384	397936	426200	349408	66652	95680	476500	277028	721872	504756	330968	185092	443360	401056	191456	187056	19136	19264	73936	143164	415536	341796	224060	180952	157456	46268	
data	data	Precentral_L	Precentral_R	Frontal_Sup_L	Frontal_Sup_R	Frontal_Sup_Orb_L	Frontal_Sup_Orb_R	Frontal_Mid_L	Frontal_Mid_R	Frontal_Mid_Orb_L	Frontal_Mid_Orb_R	Frontal_Inf_Oper_L	Frontal_Inf_Oper_R	Frontal_Inf_Tri_L	Frontal_Inf_Tri_R	Frontal_Inf_Orb_L	Frontal_Inf_Orb_R	Rolandic_Oper_L	Rolandic_Oper_R	Supp_Motor_Area_L	Supp_Motor_Area_R	Olfactory_L	Olfactory_R	Frontal_Sup_Medial_L	Frontal_Sup_Medial_R	Frontal_Med_Orb_L	Frontal_Med_Orb_R	Rectus_L	Rectus_R	Insula_L	Insula_R	Cingulum_Ant_L	Cingulum_Ant_R	Cingulum_Mid_L	Cingulum_Mid_R	Cingulum_Post_L	Cingulum_Post_R	Hippocampus_L	Hippocampus_R	ParaHippocampal_L	ParaHippocampal_R	Amygdala_L	Amygdala_R	Calcarine_L	Calcarine_R	Cuneus_L	Cuneus_R	Lingual_L	Lingual_R	Occipital_Sup_L	Occipital_Sup_R	Occipital_Mid_L	Occipital_Mid_R	Occipital_Inf_L	Occipital_Inf_R	Fusiform_L	Fusiform_R	Postcentral_L	Postcentral_R	Parietal_Sup_L	Parietal_Sup_R	Parietal_Inf_L	Parietal_Inf_R	SupraMarginal_L	SupraMarginal_R	Angular_L	Angular_R	Precuneus_L	Precuneus_R	Paracentral_Lobule_L	Paracentral_Lobule_R	Caudate_L	Caudate_R	Putamen_L	Putamen_R	Pallidum_L	Pallidum_R	Thalamus_L	Thalamus_R	Heschl_L	Heschl_R	Temporal_Sup_L	Temporal_Sup_R	Temporal_Pole_Sup_L	Temporal_Pole_Sup_R	Temporal_Mid_L	Temporal_Mid_R	Temporal_Pole_Mid_L	Temporal_Pole_Mid_R	Temporal_Inf_L	Temporal_Inf_R	Cerebelum_Crus1_L	Cerebelum_Crus1_R	Cerebelum_Crus2_L	Cerebelum_Crus2_R	Cerebelum_3_L	Cerebelum_3_R	Cerebelum_4_5_L	Cerebelum_4_5_R	Cerebelum_6_L	Cerebelum_6_R	Cerebelum_7b_L	Cerebelum_7b_R	Cerebelum_8_L	Cerebelum_8_R	Cerebelum_9_L	Cerebelum_9_R	Cerebelum_10_L	Cerebelum_10_R	Vermis_1_2	Vermis_3	Vermis_4_5	Vermis_6	Vermis_7	Vermis_8	Vermis_9	Vermis_10	
457376	Precentral_L	0	3028	17082	2536	0	0	20378	234	0	0	15790	258	3246	110	112	622	9294	0	8688	6566	0	0	198	608	0	88	0	0	13202	726	558	670	378	2594	1720	2322	9346	2064	436	794	0	0	130	0	198	0	102	0	104	0	1698	0	0	0	640	778	30912	1146	278	0	3668	0	3746	0	326	0	1006	0	13836	5930	6406	2252	4674	1108	1278	130	8758	1790	6078	0	4220	0	366	0	1182	0	0	0	1578	722	0	0	0	0	0	0	0	0	0	0	0	0	0	0	0	0	0	0	0	0	0	0	0	0	0	0	
285400	Precentral_R	3028	0	884	2342	0	0	188	4970	0	0	0	2712	0	0	0	96	0	1178	2484	3150	0	0	0	94	0	0	0	0	252	3158	100	164	0	1910	806	2030	942	8780	102	952	0	0	0	1534	0	1484	0	322	0	1202	0	626	0	1136	88	1990	550	16070	0	122	0	362	0	2312	0	140	672	4626	5282	18304	882	7026	140	1896	0	136	3526	20796	78	212	0	1296	0	0	0	4400	0	0	0	5168	0	0	0	0	0	0	0	0	0	0	0	0	0	0	0	0	0	0	0	0	0	0	0	0	0	0	
795532	Frontal_Sup_L	17082	884	0	9908	8562	0	62740	2738	4948	0	25934	2208	25644	670	9468	368	4394	144	60006	12794	0	0	34712	8018	1782	98	560	0	31728	1246	9808	6140	5460	8330	0	0	2006	212	192	0	0	0	0	0	0	0	70	0	0	0	90	0	0	0	946	0	1208	0	0	0	178	0	0	0	0	0	84	0	3870	846	6860	2318	11644	1502	1704	728	738	186	556	0	2494	0	914	0	354	0	0	0	1692	0	0	0	0	0	0	0	0	0	0	0	0	0	0	0	0	0	0	0	0	0	0	0	0	0	0	0	
713840	Frontal_Sup_R	2536	2342	9908	0	0	4496	2468	26832	0	924	562	15978	1004	6248	168	3572	0	2888	20230	67548	122	712	5154	33478	356	5598	0	2314	4222	16532	3708	28554	1474	16672	0	0	736	5618	0	1626	0	124	0	0	0	0	0	0	0	0	0	0	0	120	104	1574	0	618	0	0	0	0	0	0	0	0	0	282	752	4476	4550	15582	1188	27604	0	1826	204	838	306	0	88	310	0	1012	0	236	0	0	134	342	0	0	0	0	0	0	0	70	0	0	0	0	0	0	0	0	0	0	0	0	0	0	0	0	0	0	
129448	Frontal_Sup_Orb_L	0	0	8562	0	0	0	4506	0	13184	0	0	0	1718	0	10446	0	0	0	0	0	888	244	3394	218	3512	0	5558	0	2514	0	3634	110	0	0	0	0	0	0	0	0	138	0	0	0	0	0	0	0	0	0	0	0	0	0	0	0	0	0	0	0	0	0	0	0	0	0	0	0	0	0	556	144	4906	0	0	0	0	0	0	0	0	0	492	0	0	0	0	0	0	0	0	0	0	0	0	0	0	0	0	0	0	0	0	0	0	0	0	0	0	0	0	0	0	0	0	0	
65856	Frontal_Sup_Orb_R	0	0	0	4496	0	0	0	252	0	2232	0	0	0	0	0	1614	0	0	0	276	102	610	112	3740	428	7152	0	7290	0	318	0	548	0	0	0	0	0	0	0	0	0	0	0	0	0	0	0	0	0	0	0	0	0	0	0	0	0	0	0	0	0	0	0	0	0	0	0	0	0	0	94	1038	0	2626	0	0	0	0	0	0	0	0	0	0	0	0	0	0	0	0	0	0	0	0	0	0	0	0	0	0	0	0	0	0	0	0	0	0	0	0	0	0	0	0	0	0	
422112	Frontal_Mid_L	20378	188	62740	2468	4506	0	0	290	4750	0	14886	296	30060	84	8608	734	908	0	9384	1330	0	0	10272	2354	0	108	0	0	11016	340	3244	2324	3908	1420	0	0	954	116	84	0	0	0	0	0	0	0	0	0	0	0	72	0	0	0	74	0	804	0	0	0	142	0	0	0	0	0	0	0	226	0	5042	1916	2266	584	106	0	1032	82	296	0	472	0	192	0	0	0	0	0	0	0	0	0	0	0	0	0	0	0	0	0	0	0	0	0	0	0	0	0	0	0	0	0	0	0	0	0	
242708	Frontal_Mid_R	234	4970	2738	26832	0	252	290	0	0	2558	322	14246	460	12658	0	5848	0	644	6752	10380	0	0	534	4600	0	0	0	0	2490	3180	1346	5616	142	6620	0	0	324	868	0	190	0	0	0	0	0	0	0	0	0	0	0	0	0	0	0	238	0	442	0	0	0	0	0	202	0	0	0	0	0	0	664	926	418	2598	0	0	74	98	186	0	0	166	0	72	0	104	0	0	0	72	0	0	0	0	0	0	0	0	0	0	0	0	0	0	0	0	0	0	0	0	0	0	0	0	0	0	
77204	Frontal_Mid_Orb_L	0	0	4948	0	13184	0	4750	0	0	0	0	0	1574	0	8602	0	0	0	0	0	0	0	350	0	586	0	2504	0	334	0	426	0	0	0	0	0	0	0	0	0	0	0	0	0	0	0	0	0	0	0	0	0	0	0	0	0	0	0	0	0	0	0	0	0	0	0	0	0	0	0	0	0	1344	0	0	0	0	0	0	0	0	0	0	0	0	0	0	0	0	0	0	0	0	0	0	0	0	0	0	0	0	0	0	0	0	0	0	0	0	0	0	0	0	0	0	0	
23544	Frontal_Mid_Orb_R	0	0	0	924	0	2232	0	2558	0	0	0	0	0	182	0	3858	0	0	0	0	0	0	0	422	0	572	0	642	0	72	0	0	0	0	0	0	0	0	0	0	0	0	0	0	0	0	0	0	0	0	0	0	0	0	0	0	0	0	0	0	0	0	0	0	0	0	0	0	0	0	0	100	0	210	0	0	0	0	0	0	0	0	0	0	0	0	0	0	0	0	0	0	0	0	0	0	0	0	0	0	0	0	0	0	0	0	0	0	0	0	0	0	0	0	0	0	
325884	Frontal_Inf_Oper_L	15790	0	25934	562	0	0	14886	322	0	0	0	224	23350	0	180	0	13416	0	19392	940	0	0	2264	286	0	0	0	0	22784	82	1708	326	750	552	0	0	636	0	0	0	0	0	0	0	0	0	0	0	0	0	206	0	0	0	98	0	4152	0	0	0	1214	0	276	0	0	0	0	0	0	0	794	192	1800	0	0	0	0	0	1480	0	5212	0	2582	0	238	0	0	0	314	0	0	0	0	0	0	0	0	0	0	0	0	0	0	0	0	0	0	0	0	0	0	0	0	0	0	0	
282536	Frontal_Inf_Oper_R	258	2712	2208	15978	0	0	296	14246	0	0	224	0	450	16570	0	1206	0	7942	5238	17356	0	0	228	2354	0	80	0	0	1702	23428	1704	5432	0	4684	0	0	0	398	0	154	0	0	0	0	0	0	0	0	0	0	0	0	0	0	0	190	0	606	0	0	0	0	0	0	0	0	0	0	0	0	796	1350	172	9108	0	0	0	646	0	0	0	1730	0	1822	0	0	0	0	0	0	0	0	0	0	0	0	0	0	0	0	0	0	0	0	0	0	0	0	0	0	0	0	0	0	0	0	
312128	Frontal_Inf_Tri_L	3246	0	25644	1004	1718	0	30060	460	1574	0	23350	450	0	126	15468	150	294	0	8986	1306	0	0	4712	598	0	0	0	0	22008	234	3148	518	2032	802	0	0	106	0	0	0	0	0	0	0	0	0	0	0	0	0	0	0	0	0	0	0	0	0	0	0	0	0	0	0	0	0	0	0	0	0	3228	590	1978	120	0	0	1826	0	0	0	76	0	252	0	0	0	0	0	0	0	0	0	0	0	0	0	0	0	0	0	0	0	0	0	0	0	0	0	0	0	0	0	0	0	0	0	
154320	Frontal_Inf_Tri_R	110	0	670	6248	0	0	84	12658	0	182	0	16570	126	0	0	5438	0	860	1938	6274	0	0	80	1266	0	0	0	0	520	12818	260	1676	0	2562	0	0	0	302	0	178	0	0	0	0	0	0	0	0	0	0	0	0	0	0	0	154	0	0	0	0	0	0	0	0	0	0	0	0	0	0	368	696	126	4178	0	0	0	74	0	0	0	484	0	260	0	0	0	0	0	0	0	0	0	0	0	0	0	0	0	0	0	0	0	0	0	0	0	0	0	0	0	0	0	0	0	0	
174212	Frontal_Inf_Orb_L	112	0	9468	168	10446	0	8608	0	8602	0	180	0	15468	0	0	0	0	0	890	92	998	86	660	118	0	0	688	0	15028	70	594	138	404	0	0	0	214	0	94	0	174	0	0	0	0	0	0	0	0	0	0	0	0	0	96	0	0	0	0	0	0	0	0	0	0	0	0	0	0	0	2814	398	7310	82	0	0	1804	0	0	0	0	0	1302	0	0	0	0	0	0	0	0	0	0	0	0	0	0	0	0	0	0	0	0	0	0	0	0	0	0	0	0	0	0	0	0	0	
88680	Frontal_Inf_Orb_R	622	96	368	3572	0	1614	734	5848	0	3858	0	1206	150	5438	0	0	0	0	326	1194	0	848	108	464	0	292	0	620	328	6332	514	1800	0	250	0	0	0	0	0	154	0	190	0	0	0	0	0	0	0	0	0	0	0	0	0	0	0	0	0	0	0	0	0	0	0	0	0	0	0	0	1340	2724	222	2598	0	0	0	0	0	0	0	0	0	530	0	0	0	0	0	0	0	0	0	0	0	0	0	0	0	0	0	0	0	0	0	0	0	0	0	0	0	0	0	0	0	0	
172884	Rolandic_Oper_L	9294	0	4394	0	0	0	908	0	0	0	13416	0	294	0	0	0	0	0	6796	0	0	0	0	0	0	0	0	0	16628	232	0	0	0	0	0	0	830	0	138	0	0	0	0	0	0	0	0	0	0	0	464	0	0	0	178	0	8524	0	0	0	192	0	3146	0	0	0	262	0	0	0	0	0	584	232	0	0	0	0	4250	0	10916	0	1754	0	1092	0	0	0	1918	0	0	0	0	0	0	0	0	0	0	0	0	0	0	0	0	0	0	0	0	0	0	0	0	0	0	0	
111816	Rolandic_Oper_R	0	1178	144	2888	0	0	0	644	0	0	0	7942	0	860	0	0	0	0	584	3420	0	0	0	0	0	0	0	0	80	15476	0	0	0	0	0	0	0	110	0	0	0	0	0	0	0	0	0	0	0	0	0	0	0	0	0	0	0	4394	0	0	0	132	0	3292	0	0	218	352	0	384	0	0	0	1868	0	0	0	196	0	2884	0	6744	0	1302	0	606	0	0	0	210	0	0	0	0	0	0	0	0	0	0	0	0	0	0	0	0	0	0	0	0	0	0	0	0	0	0	
654048	Supp_Motor_Area_L	8688	2484	60006	20230	0	0	9384	6752	0	0	19392	5238	8986	1938	890	326	6796	584	0	40390	0	0	6994	6486	0	0	0	0	25584	2368	4970	8622	11340	20196	960	124	760	212	0	0	0	0	0	0	0	0	0	0	0	0	0	0	0	0	842	0	868	290	0	0	86	0	0	0	0	0	116	100	16628	1842	5908	2182	5258	1658	2262	696	252	172	82	0	3864	0	1620	90	482	0	0	0	1026	0	0	0	0	0	0	0	0	0	0	0	0	0	0	0	0	0	0	0	0	0	0	0	0	0	0	0	
796276	Supp_Motor_Area_R	6566	3150	12794	67548	0	276	1330	10380	0	0	940	17356	1306	6274	92	1194	0	3420	40390	0	0	0	2430	12062	0	560	0	208	5840	17018	2632	17514	6950	45030	716	1624	396	5960	0	2064	0	0	0	0	216	0	0	0	88	0	112	0	0	0	230	2268	2570	6468	0	0	0	0	0	0	0	0	336	1198	22878	25982	2718	11248	734	20166	0	1552	1082	658	86	0	322	344	0	1148	138	138	0	0	406	478	0	0	0	0	0	0	0	364	0	190	0	0	0	0	0	0	0	0	0	0	0	0	0	0	0	0	
84480	Olfactory_L	0	0	0	122	888	102	0	0	0	0	0	0	0	0	998	0	0	0	0	0	0	5856	0	118	546	214	1722	822	1948	0	3200	2922	0	0	0	0	338	0	198	0	448	0	0	0	0	0	0	0	0	0	0	0	0	0	188	0	0	0	0	0	0	0	0	0	0	0	0	0	0	0	7188	5002	5882	2074	102	508	0	0	0	0	0	0	854	0	0	0	0	0	0	0	0	0	0	0	0	0	0	0	0	0	0	0	0	0	0	0	0	0	0	0	0	0	0	0	0	0	
95436	Olfactory_R	0	0	0	712	244	610	0	0	0	0	0	0	0	0	86	848	0	0	0	0	5856	0	0	526	0	480	1162	1702	206	1684	2042	2748	0	0	0	0	0	198	0	290	0	544	0	0	0	0	0	0	0	0	0	0	0	0	0	0	0	0	0	0	0	0	0	0	0	0	0	0	0	0	8342	7484	6934	3272	646	728	0	0	0	0	0	0	128	246	0	0	0	0	0	0	0	0	0	0	0	0	0	0	0	0	0	0	0	0	0	0	0	0	0	0	0	0	0	0	0	0	
297876	Frontal_Sup_Medial_L	198	0	34712	5154	3394	112	10272	534	350	0	2264	228	4712	80	660	108	0	0	6994	2430	0	0	0	17030	2946	1042	590	128	2430	0	18148	15704	4618	8776	0	0	0	0	0	0	0	0	0	0	0	0	0	0	0	0	0	0	0	0	0	0	0	0	0	0	0	0	0	0	0	0	0	0	0	0	1358	542	2638	556	0	0	230	0	0	0	0	0	0	0	0	0	0	0	0	0	0	0	0	0	0	0	0	0	0	0	0	0	0	0	0	0	0	0	0	0	0	0	0	0	0	0	
348804	Frontal_Sup_Medial_R	608	94	8018	33478	218	3740	2354	4600	0	422	286	2354	598	1266	118	464	0	0	6486	12062	118	526	17030	0	940	7534	0	2320	1090	624	4906	30088	976	14964	0	0	78	0	0	0	0	0	0	0	0	0	0	0	0	0	0	0	0	0	0	0	0	0	0	0	0	0	0	0	0	0	0	0	0	74	1596	7768	482	6122	0	0	0	0	0	0	0	0	0	0	0	0	0	0	0	0	0	0	0	0	0	0	0	0	0	0	0	0	0	0	0	0	0	0	0	0	0	0	0	0	0	0	
40304	Frontal_Med_Orb_L	0	0	1782	356	3512	428	0	0	586	0	0	0	0	0	0	0	0	0	0	0	546	0	2946	940	0	1160	1624	132	90	0	4122	246	0	0	0	0	0	0	0	0	0	0	0	0	0	0	0	0	0	0	0	0	0	0	0	0	0	0	0	0	0	0	0	0	0	0	0	0	0	0	768	0	914	0	0	0	0	0	0	0	0	0	0	0	0	0	0	0	0	0	0	0	0	0	0	0	0	0	0	0	0	0	0	0	0	0	0	0	0	0	0	0	0	0	0	0	
87328	Frontal_Med_Orb_R	88	0	98	5598	0	7152	108	0	0	572	0	80	0	0	0	292	0	0	0	560	214	480	1042	7534	1160	0	206	8006	0	74	1028	4462	0	0	0	0	0	0	0	0	0	0	0	0	0	0	0	0	0	0	0	0	0	0	0	0	0	0	0	0	0	0	0	0	0	0	0	0	0	0	308	2176	170	2256	0	0	0	0	0	0	0	0	0	0	0	0	0	0	0	0	0	0	0	0	0	0	0	0	0	0	0	0	0	0	0	0	0	0	0	0	0	0	0	0	0	0	
47556	Rectus_L	0	0	560	0	5558	0	0	0	2504	0	0	0	0	0	688	0	0	0	0	0	1722	1162	590	0	1624	206	0	406	232	0	2658	968	0	0	0	0	0	0	0	0	0	0	0	0	0	0	0	0	0	0	0	0	0	0	0	0	0	0	0	0	0	0	0	0	0	0	0	0	0	0	1760	450	2434	128	0	0	0	0	0	0	0	0	128	0	0	0	0	0	0	0	0	0	0	0	0	0	0	0	0	0	0	0	0	0	0	0	0	0	0	0	0	0	0	0	0	0	
67028	Rectus_R	0	0	0	2314	0	7290	0	0	0	642	0	0	0	0	0	620	0	0	0	208	822	1702	128	2320	132	8006	406	0	0	342	694	2984	0	0	0	0	0	0	0	0	0	0	0	0	0	0	0	0	0	0	0	0	0	0	0	0	0	0	0	0	0	0	0	0	0	0	0	0	0	0	708	1868	564	1690	0	74	0	0	0	0	0	0	0	0	0	0	0	0	0	0	0	0	0	0	0	0	0	0	0	0	0	0	0	0	0	0	0	0	0	0	0	0	0	0	0	0	
629528	Insula_L	13202	252	31728	4222	2514	0	11016	2490	334	0	22784	1702	22008	520	15028	328	16628	80	25584	5840	1948	206	2430	1090	90	0	232	0	0	920	2842	1324	1144	4034	144	116	15182	0	1648	0	2792	0	74	0	0	0	152	0	0	0	214	0	0	0	8674	0	5990	0	0	0	70	0	1054	0	0	0	176	0	728	112	9012	2410	22398	722	254	0	2146	238	9822	0	14966	0	9418	0	3570	0	76	0	8994	0	176	0	0	0	0	0	196	0	650	0	70	0	0	0	0	0	0	0	0	0	0	0	0	0	0	0	
359992	Insula_R	726	3158	1246	16532	0	318	340	3180	0	72	82	23428	234	12818	70	6332	232	15476	2368	17018	0	1684	0	624	0	74	0	342	920	0	498	1732	0	1370	0	0	170	3778	0	1846	0	1022	0	0	0	0	0	170	0	0	0	0	0	196	0	3346	634	2006	0	0	0	0	246	424	0	0	0	122	108	340	1098	4442	686	28938	234	0	126	2966	0	2054	150	6950	0	2920	0	994	0	0	0	3040	0	0	0	0	0	0	0	116	0	0	0	0	0	0	0	0	0	0	0	0	0	0	0	0	0	0	
268792	Cingulum_Ant_L	558	100	9808	3708	3634	0	3244	1346	426	0	1708	1704	3148	260	594	514	0	0	4970	2632	3200	2042	18148	4906	4122	1028	2658	694	2842	498	0	20306	3204	3638	0	0	0	0	0	0	0	0	0	0	0	0	0	0	0	0	0	0	0	0	0	0	0	0	0	0	0	0	0	0	0	0	0	0	0	0	8314	5402	9434	5196	0	0	410	0	0	0	0	0	0	0	0	0	0	0	0	0	0	0	0	0	0	0	0	0	0	0	0	0	0	0	0	0	0	0	0	0	0	0	0	0	0	0	
468040	Cingulum_Ant_R	670	164	6140	28554	110	548	2324	5616	0	0	326	5432	518	1676	138	1800	0	0	8622	17514	2922	2748	15704	30088	246	4462	968	2984	1324	1732	20306	0	3120	24440	0	0	76	0	0	0	0	0	0	0	0	0	0	0	0	0	0	0	0	0	0	0	0	0	0	0	0	0	0	0	0	0	0	0	0	70	5700	17744	4542	14512	0	0	0	180	0	0	0	0	0	0	0	0	0	0	0	0	0	0	0	0	0	0	0	0	0	0	0	0	0	0	0	0	0	0	0	0	0	0	0	0	0	0	
178876	Cingulum_Mid_L	378	0	5460	1474	0	0	3908	142	0	0	750	0	2032	0	404	0	0	0	11340	6950	0	0	4618	976	0	0	0	0	1144	0	3204	3120	0	12104	4866	834	336	0	336	0	0	0	486	0	2476	252	0	0	2562	230	3300	70	0	0	0	0	620	228	182	0	358	0	0	0	462	0	4838	964	5342	1756	0	0	0	0	0	0	0	0	0	0	124	0	0	0	388	0	0	0	424	0	0	0	0	0	0	0	0	0	0	0	0	0	0	0	0	0	0	0	0	0	0	0	0	0	0	0	
539236	Cingulum_Mid_R	2594	1910	8330	16672	0	0	1420	6620	0	0	552	4684	802	2562	0	250	0	0	20196	45030	0	0	8776	14964	0	0	0	0	4034	1370	3638	24440	12104	0	2310	8308	0	598	0	0	0	0	168	1086	358	3328	0	308	184	2918	162	1438	0	878	0	1080	2100	11828	0	0	0	0	0	0	0	0	1462	8484	15622	23162	154	252	0	234	0	0	246	0	0	84	0	106	0	0	0	502	0	0	0	1310	0	0	0	0	0	0	0	0	0	0	0	0	0	0	0	0	0	0	0	0	0	0	0	0	0	0	
157436	Cingulum_Post_L	1720	806	0	0	0	0	0	0	0	0	0	0	0	0	0	0	0	0	960	716	0	0	0	0	0	0	0	0	144	0	0	0	4866	2310	0	9376	6070	3596	3500	2252	0	0	3034	0	1810	290	878	240	2804	0	1730	0	126	0	78	2248	2442	972	134	0	0	0	0	0	0	0	10056	3000	5660	1612	0	0	0	0	0	0	518	1084	132	0	0	0	0	0	608	0	0	0	544	2274	0	0	0	0	0	0	0	0	0	0	0	0	0	0	0	0	0	0	0	0	128	0	0	0	0	0	
185032	Cingulum_Post_R	2322	2030	0	0	0	0	0	0	0	0	0	0	0	0	0	0	0	0	124	1624	0	0	0	0	0	0	0	0	116	0	0	0	834	8308	9376	0	4772	8186	1730	4932	0	0	104	1936	0	354	72	3066	0	0	144	0	0	80	0	5094	700	3842	0	0	0	0	0	0	0	0	1718	11082	2398	5668	0	0	0	0	0	0	2428	2688	140	0	0	0	0	0	0	248	0	0	0	5116	0	0	0	0	0	0	0	0	0	0	0	0	0	0	0	0	0	0	0	0	1284	0	0	0	0	0	
383316	Hippocampus_L	9346	942	2006	736	0	0	954	324	0	0	636	0	106	0	214	0	830	0	760	396	338	0	0	78	0	0	0	0	15182	170	0	76	336	0	6070	4772	0	4400	21030	2762	6352	0	5680	0	3148	0	4868	520	750	0	1912	0	370	0	21278	2756	2242	0	98	0	0	0	126	0	0	0	7946	878	1822	112	1892	370	8996	194	734	0	4014	1982	5314	0	3762	0	3022	0	2482	0	616	0	16044	2752	1270	0	364	0	0	0	1142	0	2442	0	348	0	356	0	0	0	0	0	0	100	0	140	0	0	0	0	
361008	Hippocampus_R	2064	8780	212	5618	0	0	116	868	0	0	0	398	0	302	0	0	0	110	212	5960	0	198	0	0	0	0	0	0	0	3778	0	0	0	598	3596	8186	4400	0	1700	30760	0	9520	0	1310	0	0	0	4782	0	0	0	0	0	108	90	29186	140	1308	0	0	0	0	0	0	0	0	122	5716	428	2952	250	440	0	14694	0	860	3274	6530	0	172	0	1448	0	1268	0	556	0	388	0	12710	0	260	0	216	0	0	0	1538	0	538	0	100	0	226	0	0	0	0	0	0	1440	0	78	0	0	0	
184552	ParaHippocampal_L	436	102	192	0	0	0	84	0	0	0	0	0	0	0	94	0	138	0	0	0	198	0	0	0	0	0	0	0	1648	0	0	0	336	0	3500	1730	21030	1700	0	1520	2072	0	5556	0	3132	0	6656	444	750	0	2102	0	744	0	8476	1512	716	0	98	0	0	0	0	0	0	0	8110	542	1160	0	276	0	1800	0	0	0	686	314	494	0	430	0	1142	0	904	0	848	0	5100	1488	626	0	0	0	202	0	1584	0	864	0	248	0	84	0	0	0	0	0	0	198	0	210	0	0	0	0	
269636	ParaHippocampal_R	794	952	0	1626	0	0	0	190	0	0	0	154	0	178	0	154	0	0	0	2064	0	290	0	0	0	0	0	0	0	1846	0	0	0	0	2252	4932	2762	30760	1520	0	0	7574	0	1420	0	0	0	8086	0	0	0	0	0	0	0	28818	0	82	0	0	0	0	0	0	0	0	0	5330	172	430	116	130	0	7486	0	474	904	1816	0	0	0	138	0	2506	0	90	0	2076	0	9120	0	480	0	390	0	372	0	3274	0	910	0	132	0	400	0	0	0	0	0	380	1068	0	170	0	0	0	
37376	Amygdala_L	0	0	0	0	138	0	0	0	0	0	0	0	0	0	174	0	0	0	0	0	448	0	0	0	0	0	0	0	2792	0	0	0	0	0	0	0	6352	0	2072	0	0	0	0	0	0	0	0	0	0	0	0	0	0	0	3062	0	0	0	0	0	0	0	0	0	0	0	0	0	0	0	148	0	338	0	0	0	72	0	0	0	0	0	2282	0	0	0	396	0	414	0	0	0	0	0	0	0	0	0	0	0	0	0	0	0	0	0	0	0	0	0	0	0	0	0	0	0	
58860	Amygdala_R	0	0	0	124	0	0	0	0	0	0	0	0	0	0	0	190	0	0	0	0	0	544	0	0	0	0	0	0	0	1022	0	0	0	0	0	0	0	9520	0	7574	0	0	0	0	0	0	0	0	0	0	0	0	0	0	0	6094	0	0	0	0	0	0	0	0	0	0	0	0	0	0	0	0	0	1544	0	0	0	0	0	0	0	0	0	1838	0	0	0	546	0	358	0	0	0	0	0	0	0	76	0	0	0	0	0	0	0	0	0	0	0	0	0	0	0	0	0	0	
236848	Calcarine_L	130	0	0	0	0	0	0	0	0	0	0	0	0	0	0	0	0	0	0	0	0	0	0	0	0	0	0	0	74	0	0	0	486	168	3034	104	5680	0	5556	0	0	0	0	4344	17596	3270	14900	1760	12544	518	17790	0	4764	0	2094	0	564	0	138	0	0	0	0	0	0	0	15638	608	1092	148	0	0	0	0	0	0	0	0	0	0	0	0	0	0	2148	0	0	0	3190	0	0	0	0	0	0	0	0	0	0	0	0	0	0	0	0	0	0	0	0	0	86	0	0	0	0	0	
307944	Calcarine_R	0	1534	0	0	0	0	0	0	0	0	0	0	0	0	0	0	0	0	0	0	0	0	0	0	0	0	0	0	0	0	0	0	0	1086	0	1936	0	1310	0	1420	0	0	4344	0	2796	24752	1782	20372	110	21870	224	11936	0	7902	0	6414	0	5224	0	144	0	0	0	106	0	88	946	22158	0	4502	0	0	0	0	0	0	0	0	0	0	0	186	0	0	0	4302	0	0	0	6058	0	0	0	0	0	0	0	0	0	0	0	0	0	0	0	0	0	0	0	0	470	0	0	0	0	0	
226412	Cuneus_L	198	0	0	0	0	0	0	0	0	0	0	0	0	0	0	0	0	0	0	216	0	0	0	0	0	0	0	0	0	0	0	0	2476	358	1810	0	3148	0	3132	0	0	0	17596	2796	0	5190	1692	98	24548	466	14244	0	1220	0	576	0	1008	72	2828	0	176	0	0	0	174	0	18774	2562	1768	330	0	0	0	0	0	0	0	0	0	0	0	0	0	0	2706	0	0	0	3044	0	0	0	0	0	0	0	0	0	0	0	0	0	0	0	0	0	0	0	0	0	0	0	0	0	0	0	
297344	Cuneus_R	0	1484	0	0	0	0	0	0	0	0	0	0	0	0	0	0	0	0	0	0	0	0	0	0	0	0	0	0	0	0	0	0	252	3328	290	354	0	0	0	0	0	0	3270	24752	5190	0	298	5588	496	33226	0	14198	0	6462	0	3312	0	4088	368	1486	0	76	0	0	0	130	7612	22986	0	6364	0	0	0	0	0	0	0	0	0	0	0	110	0	0	0	772	0	0	0	2084	0	0	0	0	0	0	0	0	0	0	0	0	0	0	0	0	0	0	0	0	96	0	0	0	0	0	
382132	Lingual_L	102	0	70	0	0	0	0	0	0	0	0	0	0	0	0	0	0	0	0	0	0	0	0	0	0	0	0	0	152	0	0	0	0	0	878	72	4868	0	6656	0	0	0	14900	1782	1692	298	0	5516	4808	324	24018	0	14370	0	26518	2402	124	0	0	0	0	0	0	0	0	0	4174	80	192	0	0	0	0	0	0	0	360	0	214	0	118	0	0	0	1060	0	0	0	2998	0	10166	2748	764	522	740	120	15078	3178	18290	5388	442	434	482	806	72	0	0	0	0	126	7220	5298	446	0	0	0	
359396	Lingual_R	0	322	0	0	0	0	0	0	0	0	0	0	0	0	0	0	0	0	0	0	0	0	0	0	0	0	0	0	0	170	0	0	0	308	240	3066	520	4782	444	8086	0	0	1760	20372	98	5588	5516	0	92	7850	314	3792	248	5208	4958	25416	0	710	0	0	0	0	0	0	0	0	292	10104	0	708	0	0	0	0	0	0	0	574	0	0	0	0	0	0	0	418	0	0	0	4288	4594	9396	354	328	152	700	2372	4066	8924	10746	236	86	366	254	386	0	0	0	0	652	6946	11330	1158	72	118	218	
230072	Occipital_Sup_L	104	0	0	0	0	0	0	0	0	0	0	0	0	0	0	0	0	0	0	88	0	0	0	0	0	0	0	0	0	0	0	0	2562	184	2804	0	750	0	750	0	0	0	12544	110	24548	496	4808	92	0	0	29706	0	3754	0	1246	0	550	0	7080	0	608	0	0	0	546	0	16276	1054	1060	136	0	0	0	0	0	0	0	0	0	0	0	0	0	0	2576	0	0	0	604	0	0	0	0	0	0	0	0	0	0	0	0	0	0	0	0	0	0	0	0	0	0	0	0	0	0	0	
287824	Occipital_Sup_R	0	1202	0	0	0	0	0	0	0	0	0	0	0	0	0	0	0	0	0	0	0	0	0	0	0	0	0	0	0	0	0	0	230	2918	0	0	0	0	0	0	0	0	518	21870	466	33226	324	7850	0	0	0	25006	0	6536	0	4090	0	3348	0	5972	0	258	0	0	0	4058	3590	13812	0	5848	0	0	0	0	0	0	0	0	0	0	0	74	0	0	0	974	0	0	0	1742	0	0	0	0	0	0	0	0	0	0	0	0	0	0	0	0	0	0	0	0	0	0	0	0	0	0	
483256	Occipital_Mid_L	1698	0	90	0	0	0	72	0	0	0	206	0	0	0	0	0	464	0	0	112	0	0	0	0	0	0	0	0	214	0	0	0	3300	162	1730	144	1912	0	2102	0	0	0	17790	224	14244	0	24018	314	29706	0	0	0	25854	0	10766	0	5974	0	12900	0	15002	0	522	0	21858	0	20906	0	5154	156	234	126	0	78	0	0	0	0	236	0	822	0	0	0	15784	0	0	0	5848	0	310	0	0	0	0	0	70	0	300	0	0	0	0	0	0	0	0	0	0	0	112	114	0	0	0	0	
237816	Occipital_Mid_R	0	626	0	0	0	0	0	0	0	0	0	0	0	0	0	0	0	0	0	0	0	0	0	0	0	0	0	0	0	0	0	0	70	1438	0	0	0	0	0	0	0	0	0	11936	0	14198	0	3792	0	25006	0	0	0	10762	0	3938	0	2012	0	3606	0	1326	0	178	0	11168	1264	6910	0	2576	0	0	0	0	0	0	0	0	0	0	0	506	0	0	0	12930	0	0	0	4666	0	0	0	0	0	0	0	0	0	0	0	0	0	0	0	0	0	0	0	0	0	0	0	0	0	0	
158980	Occipital_Inf_L	0	0	0	0	0	0	0	0	0	0	0	0	0	0	0	0	0	0	0	0	0	0	0	0	0	0	0	0	0	0	0	0	0	0	126	0	370	0	744	0	0	0	4764	0	1220	0	14370	248	3754	0	25854	0	0	0	13298	122	292	0	94	0	0	0	0	0	0	0	1288	0	340	0	0	0	0	0	0	0	0	0	116	0	0	0	0	0	2772	0	0	0	5494	0	944	120	76	0	0	0	470	224	1186	324	0	0	0	76	0	0	0	0	0	0	402	328	74	0	0	0	
186636	Occipital_Inf_R	0	1136	0	120	0	0	0	0	0	0	0	0	0	0	0	0	0	0	0	0	0	0	0	0	0	0	0	0	0	196	0	0	0	878	0	80	0	108	0	0	0	0	0	7902	0	6462	0	5208	0	6536	0	10762	0	0	0	12656	0	4416	0	1560	0	772	0	586	0	732	662	8132	0	4664	0	0	0	0	0	0	0	0	0	0	0	228	0	0	0	6698	0	0	0	12030	0	430	0	0	0	0	0	0	0	364	0	0	0	0	0	0	0	0	0	0	0	0	0	0	0	0	
551364	Fusiform_L	640	88	946	104	0	0	74	0	0	0	98	0	0	0	96	0	178	0	842	230	188	0	0	0	0	0	0	0	8674	0	0	0	0	0	78	0	21278	90	8476	0	3062	0	2094	0	576	0	26518	4958	1246	0	10766	0	13298	0	0	2570	248	0	0	0	0	0	0	0	0	0	694	0	278	0	366	76	3850	0	0	0	270	146	918	0	5540	0	2186	0	4314	0	1080	0	21298	0	30406	2804	4946	306	348	76	17946	2538	39940	4692	2744	254	3284	608	206	0	0	0	300	478	7416	7200	576	80	102	0	
580520	Fusiform_R	778	1990	0	1574	0	0	0	238	0	0	0	190	0	154	0	0	0	0	0	2268	0	0	0	0	0	0	0	0	0	3346	0	0	0	1080	2248	5094	2756	29186	1512	28818	0	6094	0	6414	0	3312	2402	25416	0	4090	0	3938	122	12656	2570	0	0	3114	0	414	0	186	0	190	0	172	228	7150	170	2932	106	120	0	7518	0	322	888	1036	0	70	0	2038	0	4374	0	2492	0	3846	0	27536	2326	18342	238	3158	0	676	1514	9760	5032	20350	146	894	254	1974	230	0	0	152	0	330	4766	6140	830	0	0	0	
313888	Postcentral_L	30912	550	1208	0	0	0	804	0	0	0	4152	0	0	0	0	0	8524	0	868	2570	0	0	0	0	0	0	0	0	5990	634	0	0	620	2100	2442	700	2242	140	716	0	0	0	564	0	1008	0	124	0	550	0	5974	0	292	0	248	0	0	1026	7436	0	16284	0	12204	0	3504	0	6786	164	15532	2560	474	114	462	636	76	0	714	164	4134	0	6274	0	0	0	2640	0	0	0	1828	0	0	0	0	0	0	0	0	0	0	0	0	0	0	0	0	0	0	0	0	0	0	0	0	0	0	0	
354972	Postcentral_R	1146	16070	0	618	0	0	0	442	0	0	0	606	0	0	0	0	0	4394	290	6468	0	0	0	0	0	0	0	0	0	2006	0	0	228	11828	972	3842	0	1308	0	82	0	0	0	5224	72	4088	0	710	0	3348	0	2012	0	4416	0	3114	1026	0	0	3106	0	4396	0	13912	0	674	1162	15934	4720	33492	150	0	0	320	0	0	534	98	0	780	0	3890	0	0	0	10608	0	0	0	9400	0	0	0	0	0	0	0	0	0	0	0	0	0	0	0	0	0	0	0	0	0	0	0	0	0	0	
153820	Parietal_Sup_L	278	0	0	0	0	0	0	0	0	0	0	0	0	0	0	0	0	0	0	0	0	0	0	0	0	0	0	0	0	0	0	0	182	0	134	0	98	0	98	0	0	0	138	0	2828	368	0	0	7080	0	12900	0	94	0	0	0	7436	0	0	0	15014	0	192	0	9984	0	18334	638	802	0	0	0	0	0	0	0	0	0	0	0	0	0	0	0	210	0	0	0	102	0	0	0	0	0	0	0	0	0	0	0	0	0	0	0	0	0	0	0	0	0	0	0	0	0	0	0	
108640	Parietal_Sup_R	0	122	0	0	0	0	0	0	0	0	0	0	0	0	0	0	0	0	0	0	0	0	0	0	0	0	0	0	0	0	0	0	0	0	0	0	0	0	0	0	0	0	0	144	0	1486	0	0	0	5972	0	3606	0	1560	0	414	0	3106	0	0	0	7242	0	3846	0	8980	1604	9526	0	2048	0	0	0	0	0	0	0	0	0	0	0	456	0	0	0	3054	0	0	0	1154	0	0	0	0	0	0	0	0	0	0	0	0	0	0	0	0	0	0	0	0	0	0	0	0	0	0	
222384	Parietal_Inf_L	3668	0	178	0	0	0	142	0	0	0	1214	0	0	0	0	0	192	0	86	0	0	0	0	0	0	0	0	0	70	0	0	0	358	0	0	0	0	0	0	0	0	0	0	0	176	0	0	0	608	0	15002	0	0	0	0	0	16284	0	15014	0	0	0	12788	0	27324	0	6402	0	864	0	0	0	0	0	0	0	0	0	0	0	1266	0	0	0	4280	0	0	0	5276	0	0	0	0	0	0	0	0	0	0	0	0	0	0	0	0	0	0	0	0	0	0	0	0	0	0	0	
105568	Parietal_Inf_R	0	362	0	0	0	0	0	0	0	0	0	0	0	0	0	0	0	132	0	0	0	0	0	0	0	0	0	0	0	0	0	0	0	0	0	0	0	0	0	0	0	0	0	0	0	76	0	0	0	258	0	1326	0	772	0	186	0	4396	0	7242	0	0	0	10098	0	14584	1462	2916	0	1774	0	0	0	0	0	0	0	0	0	0	0	788	0	0	0	4520	0	0	0	1892	0	0	0	0	0	0	0	0	0	0	0	0	0	0	0	0	0	0	0	0	0	0	0	0	0	0	
117224	SupraMarginal_L	3746	0	0	0	0	0	0	0	0	0	276	0	0	0	0	0	3146	0	0	0	0	0	0	0	0	0	0	0	1054	246	0	0	0	0	0	0	126	0	0	0	0	0	0	0	0	0	0	0	0	0	522	0	0	0	0	0	12204	0	192	0	12788	0	0	0	4882	0	422	0	94	0	0	0	0	236	0	0	0	0	410	0	7700	0	0	0	5054	0	0	0	5514	0	0	0	0	0	0	0	0	0	0	0	0	0	0	0	0	0	0	0	0	0	0	0	0	0	0	0	
139512	SupraMarginal_R	0	2312	0	0	0	0	0	202	0	0	0	0	0	0	0	0	0	3292	0	0	0	0	0	0	0	0	0	0	0	424	0	0	0	0	0	0	0	0	0	0	0	0	0	106	0	0	0	0	0	0	0	178	0	586	0	190	0	13912	0	3846	0	10098	0	0	0	10196	878	1864	86	1344	0	0	0	0	0	0	0	0	0	960	0	10336	0	0	0	6800	0	0	0	2146	0	0	0	0	0	0	0	0	0	0	0	0	0	0	0	0	0	0	0	0	0	0	0	0	0	0	
179408	Angular_L	326	0	0	0	0	0	0	0	0	0	0	0	0	0	0	0	0	0	0	0	0	0	0	0	0	0	0	0	0	0	0	0	462	0	0	0	0	0	0	0	0	0	0	0	174	0	0	0	546	0	21858	0	0	0	0	0	3504	0	9984	0	27324	0	4882	0	0	0	6624	0	1126	0	0	0	0	0	0	0	0	0	0	0	1264	0	0	0	7152	0	0	0	4478	0	0	0	0	0	0	0	0	0	0	0	0	0	0	0	0	0	0	0	0	0	0	0	0	0	0	0	
156076	Angular_R	0	140	0	0	0	0	0	0	0	0	0	0	0	0	0	0	0	0	0	0	0	0	0	0	0	0	0	0	0	0	0	0	0	0	0	0	0	0	0	0	0	0	0	88	0	130	0	0	0	4058	0	11168	0	732	0	172	0	674	0	8980	0	14584	0	10196	0	0	1650	3594	0	2310	0	0	0	0	0	0	0	0	0	0	0	6080	0	0	0	11758	0	0	0	1724	0	0	0	0	0	0	0	0	0	0	0	0	0	0	0	0	0	0	0	0	0	0	0	0	0	0	
442528	Precuneus_L	1006	672	84	0	0	0	0	0	0	0	0	0	0	0	0	0	262	218	116	336	0	0	0	0	0	0	0	0	176	0	0	0	4838	1462	10056	1718	7946	122	8110	0	0	0	15638	946	18774	7612	4174	292	16276	3590	20906	1264	1288	662	694	228	6786	1162	18334	1604	6402	1462	422	878	6624	1650	0	20346	7176	7420	0	0	0	0	0	0	0	0	112	112	312	576	0	0	4344	548	0	0	4900	282	0	0	0	0	0	0	100	0	0	0	0	0	0	0	0	0	0	0	0	0	246	0	0	0	0	0	
481616	Precuneus_R	0	4626	0	282	0	0	0	0	0	0	0	0	0	0	0	0	0	352	100	1198	0	0	0	0	0	0	0	0	0	122	0	0	964	8484	3000	11082	878	5716	542	5330	0	0	608	22158	2562	22986	80	10104	1054	13812	0	6910	0	8132	0	7150	164	15934	638	9526	0	2916	0	1864	0	3594	20346	0	412	24960	0	0	0	0	0	0	130	394	0	282	0	1628	0	0	0	6316	0	0	0	10302	0	0	0	0	0	0	0	672	0	0	0	0	0	0	0	0	0	0	0	70	2428	0	0	0	0	0	
344448	Paracentral_Lobule_L	13836	5282	3870	752	0	0	226	0	0	0	0	0	0	0	0	0	0	0	16628	22878	0	0	0	0	0	0	0	0	728	108	0	0	5342	15622	5660	2398	1822	428	1160	172	0	0	1092	0	1768	0	192	0	1060	0	5154	0	340	0	278	170	15532	4720	802	0	864	0	94	86	1126	0	7176	412	0	14336	3492	822	2450	294	2992	124	4292	400	0	0	230	0	0	0	3260	0	0	0	1666	88	0	0	0	0	0	0	0	0	0	0	0	0	0	0	0	0	0	0	0	0	0	0	0	0	0	0	
476992	Paracentral_Lobule_R	5930	18304	846	4476	0	0	0	0	0	0	0	0	0	0	0	0	0	384	1842	25982	0	0	0	74	0	0	0	0	112	340	0	70	1756	23162	1612	5668	112	2952	0	430	0	0	148	4502	330	6364	0	708	136	5848	156	2576	0	4664	0	2932	2560	33492	0	2048	0	1774	0	1344	0	2310	7420	24960	14336	0	674	1942	90	2390	0	764	2612	2636	0	312	0	1358	0	0	0	6254	0	0	0	6804	0	0	0	0	0	0	0	0	0	0	0	0	0	0	0	0	0	0	0	0	0	0	0	0	0	0	
368964	Caudate_L	6406	882	6860	4550	556	94	5042	664	0	0	794	796	3228	368	2814	1340	0	0	5908	2718	7188	8342	1358	1596	768	308	1760	708	9012	1098	8314	5700	0	154	0	0	1892	250	276	116	148	0	0	0	0	0	0	0	0	0	234	0	0	0	366	106	474	150	0	0	0	0	0	0	0	0	0	0	3492	674	0	23924	29992	9742	5826	2416	10754	972	376	0	1168	0	416	0	598	0	0	0	794	0	0	0	0	0	0	0	0	0	0	0	0	0	0	0	0	0	0	0	0	0	0	0	0	0	0	0	
397972	Caudate_R	2252	7026	2318	15582	144	1038	1916	926	0	100	192	1350	590	696	398	2724	0	0	2182	11248	5002	7484	542	7768	0	2176	450	1868	2410	4442	5402	17744	0	252	0	0	370	440	0	130	0	0	0	0	0	0	0	0	0	0	126	0	0	0	76	120	114	0	0	0	0	0	0	0	0	0	0	0	822	1942	23924	0	13838	26726	1832	3768	1454	16726	130	0	0	0	226	0	0	0	0	0	0	0	0	0	0	0	0	0	0	0	0	0	0	0	0	0	0	0	0	0	0	0	0	0	0	0	0	0	
379948	Putamen_L	4674	140	11644	1188	4906	0	2266	418	1344	0	1800	172	1978	126	7310	222	584	0	5258	734	5882	6934	2638	482	914	170	2434	564	22398	686	9434	4542	0	0	0	0	8996	0	1800	0	338	0	0	0	0	0	0	0	0	0	0	0	0	0	3850	0	462	0	0	0	0	0	0	0	0	0	0	0	2450	90	29992	13838	0	7072	6748	1436	1402	266	0	0	2806	0	2490	0	1186	0	0	0	2576	0	110	0	0	0	0	0	0	0	224	0	0	0	0	0	0	0	0	0	0	0	0	0	0	0	0	0	
470488	Putamen_R	1108	1896	1502	27604	0	2626	584	2598	0	210	0	9108	120	4178	82	2598	232	1868	1658	20166	2074	3272	556	6122	0	2256	128	1690	722	28938	5196	14512	0	234	0	0	194	14694	0	7486	0	1544	0	0	0	0	0	0	0	0	78	0	0	0	0	7518	636	320	0	0	0	0	236	0	0	0	0	0	294	2390	9742	26726	7072	0	666	3646	104	3380	0	0	146	858	0	1006	0	0	0	74	0	940	0	154	0	146	0	0	0	802	0	324	0	80	0	150	0	0	0	0	0	0	0	0	0	0	0	0	
55304	Pallidum_L	1278	0	1704	0	0	0	106	0	0	0	0	0	0	0	0	0	0	0	2262	0	102	646	0	0	0	0	0	0	254	234	0	0	0	0	0	0	734	0	0	0	0	0	0	0	0	0	0	0	0	0	0	0	0	0	0	0	76	0	0	0	0	0	0	0	0	0	0	0	2992	0	5826	1832	6748	666	0	350	1716	126	0	0	0	0	0	0	0	0	0	0	0	0	0	0	0	0	0	0	0	0	0	0	0	0	0	0	0	0	0	0	0	0	0	0	0	0	0	0	
41244	Pallidum_R	130	136	728	1826	0	0	0	0	0	0	0	0	0	0	0	0	0	0	696	1552	508	728	0	0	0	0	0	74	0	0	0	0	0	0	0	0	0	860	0	474	0	0	0	0	0	0	0	0	0	0	0	0	0	0	0	322	0	0	0	0	0	0	0	0	0	0	0	0	124	764	2416	3768	1436	3646	350	0	0	84	0	0	0	0	0	0	0	0	0	0	0	0	0	0	0	0	0	0	0	0	0	0	0	0	0	0	0	0	0	0	0	0	0	0	0	0	0	0	
143192	Thalamus_L	8758	3526	738	204	0	0	1032	74	0	0	0	0	1826	0	1804	0	0	0	252	1082	0	0	230	0	0	0	0	0	2146	126	410	0	0	246	518	2428	4014	3274	686	904	72	0	0	0	0	0	360	0	0	0	0	0	0	0	270	888	714	534	0	0	0	0	0	0	0	0	0	130	4292	2612	10754	1454	1402	104	1716	0	0	10736	104	0	0	0	0	0	0	0	0	0	100	992	0	0	0	0	0	0	84	0	0	0	0	0	0	0	0	0	0	0	0	0	0	0	0	0	0	0	
165532	Thalamus_R	1790	20796	186	838	0	0	82	98	0	0	0	646	0	74	0	0	0	196	172	658	0	0	0	0	0	0	0	0	238	2966	0	180	0	0	1084	2688	1982	6530	314	1816	0	0	0	0	0	0	0	574	0	0	0	0	0	0	146	1036	164	98	0	0	0	0	0	0	0	0	0	394	400	2636	972	16726	266	3380	126	84	10736	0	184	0	0	184	0	0	0	156	0	0	0	936	0	0	0	0	0	0	0	164	0	0	0	0	0	0	0	0	0	0	0	70	0	0	0	0	0	0	
86068	Heschl_L	6078	78	556	306	0	0	296	186	0	0	1480	0	0	0	0	0	4250	0	82	86	0	0	0	0	0	0	0	0	9822	0	0	0	0	0	132	140	5314	0	494	0	0	0	0	0	0	0	214	0	0	0	236	0	116	0	918	0	4134	0	0	0	0	0	410	0	0	0	112	0	0	0	376	130	0	0	0	0	104	184	0	0	2952	0	0	0	1950	0	0	0	1898	0	0	0	0	0	0	0	0	0	0	0	0	0	0	0	0	0	0	0	0	0	0	0	0	0	0	0	
24964	Heschl_R	0	212	0	0	0	0	0	0	0	0	0	0	0	0	0	0	0	2884	0	0	0	0	0	0	0	0	0	0	0	2054	0	0	0	84	0	0	0	172	0	0	0	0	0	0	0	0	0	0	0	0	0	0	0	0	0	70	0	780	0	0	0	0	0	960	0	0	112	282	0	312	0	0	0	0	0	0	0	0	0	0	0	4162	0	0	0	318	0	0	0	80	0	0	0	0	0	0	0	0	0	0	0	0	0	0	0	0	0	0	0	0	0	0	0	0	0	0	
225368	Temporal_Sup_L	4220	0	2494	88	0	0	472	0	0	0	5212	0	76	0	0	0	10916	0	3864	322	0	0	0	0	0	0	0	0	14966	150	0	0	124	0	0	0	3762	0	430	0	0	0	0	0	0	0	118	0	0	0	822	0	0	0	5540	0	6274	0	0	0	1266	0	7700	0	1264	0	312	0	230	0	1168	0	2806	146	0	0	0	0	2952	0	0	0	3362	0	16260	0	186	0	13166	0	402	0	0	0	0	0	578	0	816	0	138	0	82	0	0	0	0	0	0	0	0	0	0	0	0	0	
145828	Temporal_Sup_R	0	1296	0	310	0	0	0	166	0	0	0	1730	0	484	0	0	0	6744	0	344	0	0	0	0	0	0	0	0	0	6950	0	0	0	106	0	0	0	1448	0	138	0	0	0	186	0	110	0	0	0	74	0	506	0	228	0	2038	0	3890	0	456	0	788	0	10336	0	6080	576	1628	0	1358	0	0	0	858	0	0	0	184	0	4162	0	0	0	1034	0	14534	0	378	0	3794	0	0	0	0	0	0	0	0	0	0	0	0	0	0	0	0	0	0	0	0	0	0	0	0	0	0	
110068	Temporal_Pole_Sup_L	366	0	914	0	492	0	192	0	0	0	2582	0	252	0	1302	0	1754	0	1620	0	854	128	0	0	0	0	128	0	9418	0	0	0	0	0	0	0	3022	0	1142	0	2282	0	0	0	0	0	0	0	0	0	0	0	0	0	2186	0	0	0	0	0	0	0	0	0	0	0	0	0	0	0	416	226	2490	0	0	0	0	0	0	0	3362	0	0	0	6258	0	7418	0	6230	0	0	0	0	0	0	0	0	0	0	0	0	0	0	0	0	0	0	0	0	0	0	0	0	0	0	0	
64120	Temporal_Pole_Sup_R	0	0	0	1012	0	0	0	72	0	0	0	1822	0	260	0	530	0	1302	90	1148	0	246	0	0	0	0	0	0	0	2920	0	0	0	0	0	0	0	1268	0	2506	0	1838	0	0	0	0	0	0	0	0	0	0	0	0	0	4374	0	0	0	0	0	0	0	0	0	0	0	0	0	0	0	0	0	1006	0	0	0	0	0	0	0	1034	0	0	0	2252	0	5436	0	2944	0	0	0	0	0	0	0	0	0	0	0	0	0	0	0	0	0	0	0	0	0	0	0	0	0	0	
277624	Temporal_Mid_L	1182	0	354	0	0	0	0	0	0	0	238	0	0	0	0	0	1092	0	482	138	0	0	0	0	0	0	0	0	3570	0	0	0	388	0	608	0	2482	0	904	0	0	0	2148	0	2706	0	1060	0	2576	0	15784	0	2772	0	4314	0	2640	0	210	0	4280	0	5054	0	7152	0	4344	0	3260	0	598	0	1186	0	0	0	0	0	1950	0	16260	0	6258	0	0	0	5794	0	37028	0	0	0	0	0	0	0	0	0	0	0	0	0	0	0	0	0	0	0	0	0	0	0	0	0	0	0	
262036	Temporal_Mid_R	0	4400	0	236	0	0	0	104	0	0	0	0	0	0	0	0	0	606	0	138	0	0	0	0	0	0	0	0	0	994	0	0	0	502	0	248	0	556	0	90	0	0	0	4302	0	772	0	418	0	974	0	12930	0	6698	0	2492	0	10608	0	3054	0	4520	0	6800	0	11758	548	6316	0	6254	0	0	0	0	0	0	0	156	0	318	0	14534	0	2252	0	0	0	2026	0	25414	0	0	0	0	0	0	0	0	0	0	0	0	0	0	0	0	0	0	0	0	0	0	0	0	0	0	
43884	Temporal_Pole_Mid_L	0	0	0	0	0	0	0	0	0	0	0	0	0	0	0	0	0	0	0	0	0	0	0	0	0	0	0	0	76	0	0	0	0	0	0	0	616	0	848	0	396	0	0	0	0	0	0	0	0	0	0	0	0	0	1080	0	0	0	0	0	0	0	0	0	0	0	0	0	0	0	0	0	0	0	0	0	0	0	0	0	186	0	7418	0	5794	0	0	0	5528	0	0	0	0	0	0	0	0	0	0	0	0	0	0	0	0	0	0	0	0	0	0	0	0	0	0	0	
34452	Temporal_Pole_Mid_R	0	0	0	0	0	0	0	0	0	0	0	0	0	0	0	0	0	0	0	0	0	0	0	0	0	0	0	0	0	0	0	0	0	0	0	0	0	388	0	2076	0	546	0	0	0	0	0	0	0	0	0	0	0	0	0	3846	0	0	0	0	0	0	0	0	0	0	0	0	0	0	0	0	0	74	0	0	0	0	0	0	0	378	0	5436	0	2026	0	0	0	2456	0	0	0	0	0	0	0	0	0	0	0	0	0	0	0	0	0	0	0	0	0	0	0	0	0	0	
366308	Temporal_Inf_L	1578	0	1692	134	0	0	0	0	0	0	314	0	0	0	0	0	1918	0	1026	406	0	0	0	0	0	0	0	0	8994	0	0	0	424	0	544	0	16044	0	5100	0	414	0	3190	0	3044	0	2998	0	604	0	5848	0	5494	0	21298	0	1828	0	102	0	5276	0	5514	0	4478	0	4900	0	1666	0	794	0	2576	0	0	0	100	0	1898	0	13166	0	6230	0	37028	0	5528	0	0	0	3662	0	1300	0	0	0	964	0	3164	0	806	0	1034	0	0	0	0	0	0	0	0	76	0	0	0	0	
356164	Temporal_Inf_R	722	5168	0	342	0	0	0	72	0	0	0	0	0	0	0	0	0	210	0	478	0	0	0	0	0	0	0	0	0	3040	0	0	0	1310	2274	5116	2752	12710	1488	9120	0	358	0	6058	0	2084	0	4288	0	1742	0	4666	0	12030	0	27536	0	9400	0	1154	0	1892	0	2146	0	1724	282	10302	88	6804	0	0	0	940	0	0	992	936	0	80	0	3794	0	2944	0	25414	0	2456	0	0	0	1304	0	200	0	0	0	180	0	396	0	0	0	190	0	0	0	0	0	0	900	0	0	0	0	0	
632384	Cerebelum_Crus1_L	0	0	0	0	0	0	0	0	0	0	0	0	0	0	0	0	0	0	0	0	0	0	0	0	0	0	0	0	176	0	0	0	0	0	0	0	1270	0	626	0	0	0	0	0	0	0	10166	4594	0	0	310	0	944	0	30406	2326	0	0	0	0	0	0	0	0	0	0	0	0	0	0	0	0	110	0	0	0	0	0	0	0	402	0	0	0	0	0	0	0	3662	0	0	4816	35824	2214	1292	760	28476	4594	69184	9218	18072	808	26620	3312	5144	2644	194	140	1858	2702	16944	14942	4734	2156	2798	1754	
397936	Cerebelum_Crus1_R	0	0	0	0	0	0	0	0	0	0	0	0	0	0	0	0	0	0	0	0	0	0	0	0	0	0	0	0	0	0	0	0	0	0	0	0	0	260	0	480	0	0	0	0	0	0	2748	9396	0	0	0	0	120	430	2804	18342	0	0	0	0	0	0	0	0	0	0	0	0	0	0	0	0	0	154	0	0	0	0	0	0	0	0	0	0	0	0	0	0	0	1304	4816	0	2164	31314	212	1484	1974	12648	9200	45426	320	6754	666	15976	1072	1168	0	266	466	1134	4684	14966	4768	798	654	0	
426200	Cerebelum_Crus2_L	0	0	0	0	0	0	0	0	0	0	0	0	0	0	0	0	0	0	0	0	0	0	0	0	0	0	0	0	0	0	0	0	0	0	0	0	364	0	0	0	0	0	0	0	0	0	764	354	0	0	0	0	76	0	4946	238	0	0	0	0	0	0	0	0	0	0	0	0	0	0	0	0	0	0	0	0	0	0	0	0	0	0	0	0	0	0	0	0	1300	0	35824	2164	0	9106	130	212	5610	708	15272	2440	48976	6298	43850	7698	2032	1738	618	0	304	390	4230	3554	6946	3918	1562	1478	
349408	Cerebelum_Crus2_R	0	0	0	0	0	0	0	0	0	0	0	0	0	0	0	0	0	0	0	0	0	0	0	0	0	0	0	0	0	0	0	0	0	0	0	0	0	216	0	390	0	0	0	0	0	0	522	328	0	0	0	0	0	0	306	3158	0	0	0	0	0	0	0	0	0	0	0	0	0	0	0	0	0	146	0	0	0	0	0	0	0	0	0	0	0	0	0	0	0	200	2214	31314	9106	0	132	1568	1674	4868	1872	13108	3296	27880	4138	41092	1294	3360	0	700	268	1182	2452	1322	10006	4806	1786	0	
66652	Cerebelum_3_L	0	0	0	0	0	0	0	0	0	0	0	0	0	0	0	0	0	0	0	0	0	0	0	0	0	0	0	0	0	0	0	0	0	0	0	0	0	0	202	0	0	0	0	0	0	0	740	152	0	0	0	0	0	0	348	0	0	0	0	0	0	0	0	0	0	0	0	0	0	0	0	0	0	0	0	0	0	0	0	0	0	0	0	0	0	0	0	0	0	0	1292	212	130	132	0	322	8280	262	3428	770	86	126	442	434	2088	828	94	0	2320	4696	1882	1466	936	822	836	0	
95680	Cerebelum_3_R	0	0	0	0	0	0	0	0	0	0	0	0	0	0	0	0	0	0	0	0	0	0	0	0	0	0	0	0	0	0	0	0	0	0	0	0	0	0	0	372	0	0	0	0	0	0	120	700	0	0	0	0	0	0	76	676	0	0	0	0	0	0	0	0	0	0	0	0	0	0	0	0	0	0	0	0	0	0	0	0	0	0	0	0	0	0	0	0	0	0	760	1484	212	1568	322	0	1108	6210	1228	6490	0	374	304	2560	464	2056	0	0	1848	8116	2654	976	2990	2144	2028	0	
476500	Cerebelum_4_5_L	0	0	0	0	0	0	0	0	0	0	0	0	0	0	0	0	0	0	0	0	0	0	0	0	0	0	0	0	196	0	0	0	0	0	0	0	1142	0	1584	0	0	0	0	0	0	0	15078	2372	0	0	70	0	470	0	17946	1514	0	0	0	0	0	0	0	0	0	0	100	0	0	0	0	0	0	0	0	0	84	0	0	0	578	0	0	0	0	0	0	0	964	0	28476	1974	5610	1674	8280	1108	0	8636	44532	10334	6088	1544	7368	3808	7314	3008	168	0	3958	6500	28436	7552	1902	1806	3414	2662	
277028	Cerebelum_4_5_R	0	0	0	70	0	0	0	0	0	0	0	0	0	0	0	0	0	0	0	364	0	0	0	0	0	0	0	0	0	116	0	0	0	0	0	0	0	1538	0	3274	0	76	0	0	0	0	3178	4066	0	0	0	0	224	0	2538	9760	0	0	0	0	0	0	0	0	0	0	0	672	0	0	0	0	0	802	0	0	0	164	0	0	0	0	0	0	0	0	0	0	0	180	4594	12648	708	4868	262	6210	8636	0	6338	31904	540	2288	702	6112	578	516	0	248	166	3806	16416	1836	1042	548	454	72	
721872	Cerebelum_6_L	0	0	0	0	0	0	0	0	0	0	0	0	0	0	0	0	0	0	0	0	0	0	0	0	0	0	0	0	650	0	0	0	0	0	0	0	2442	0	864	0	0	0	0	0	0	0	18290	8924	0	0	300	0	1186	0	39940	5032	0	0	0	0	0	0	0	0	0	0	0	0	0	0	0	0	224	0	0	0	0	0	0	0	816	0	0	0	0	0	0	0	3164	0	69184	9200	15272	1872	3428	1228	44532	6338	0	16424	9666	1234	15598	3780	8336	3488	254	96	3056	4470	22920	25390	4832	2698	3828	1980	
504756	Cerebelum_6_R	0	0	0	0	0	0	0	0	0	0	0	0	0	0	0	0	0	0	0	190	0	0	0	0	0	0	0	0	0	0	0	0	0	0	0	0	0	538	0	910	0	0	0	0	0	0	5388	10746	0	0	0	0	324	364	4692	20350	0	0	0	0	0	0	0	0	0	0	0	0	0	0	0	0	0	324	0	0	0	0	0	0	0	0	0	0	0	0	0	0	0	396	9218	45426	2440	13108	770	6490	10334	31904	16424	0	1148	4656	1690	12090	2716	836	0	468	734	4506	17962	18228	5034	936	948	90	
330968	Cerebelum_7b_L	0	0	0	0	0	0	0	0	0	0	0	0	0	0	0	0	0	0	0	0	0	0	0	0	0	0	0	0	70	0	0	0	0	0	0	0	348	0	248	0	0	0	0	0	0	0	442	236	0	0	0	0	0	0	2744	146	0	0	0	0	0	0	0	0	0	0	0	0	0	0	0	0	0	0	0	0	0	0	0	0	138	0	0	0	0	0	0	0	806	0	18072	320	48976	3296	86	0	6088	540	9666	1148	0	1354	43596	4450	1900	1580	638	0	192	122	4104	3242	3956	4052	1308	1620	
185092	Cerebelum_7b_R	0	0	0	0	0	0	0	0	0	0	0	0	0	0	0	0	0	0	0	0	0	0	0	0	0	0	0	0	0	0	0	0	0	0	0	0	0	100	0	132	0	0	0	0	0	0	434	86	0	0	0	0	0	0	254	894	0	0	0	0	0	0	0	0	0	0	0	0	0	0	0	0	0	80	0	0	0	0	0	0	0	0	0	0	0	0	0	0	0	0	808	6754	6298	27880	126	374	1544	2288	1234	4656	1354	0	1158	27696	440	1350	0	0	0	358	2132	592	2090	1214	220	0	
443360	Cerebelum_8_L	0	0	0	0	0	0	0	0	0	0	0	0	0	0	0	0	0	0	0	0	0	0	0	0	0	0	0	0	0	0	0	0	0	0	0	0	356	0	84	0	0	0	0	0	0	0	482	366	0	0	0	0	0	0	3284	254	0	0	0	0	0	0	0	0	0	0	0	0	0	0	0	0	0	0	0	0	0	0	0	0	82	0	0	0	0	0	0	0	1034	0	26620	666	43850	4138	442	304	7368	702	15598	1690	43596	1158	0	7954	18670	5236	2908	648	468	650	4588	5096	6994	9614	5170	1610	
401056	Cerebelum_8_R	0	0	0	0	0	0	0	0	0	0	0	0	0	0	0	0	0	0	0	0	0	0	0	0	0	0	0	0	0	0	0	0	0	0	0	0	0	226	0	400	0	0	0	0	0	0	806	254	0	0	0	0	76	0	608	1974	0	0	0	0	0	0	0	0	0	0	0	0	0	0	0	0	0	150	0	0	0	0	0	0	0	0	0	0	0	0	0	0	0	190	3312	15976	7698	41092	434	2560	3808	6112	3780	12090	4450	27696	7954	0	3960	17036	0	1156	478	2454	5310	2094	11054	10336	5004	0	
191456	Cerebelum_9_L	0	0	0	0	0	0	0	0	0	0	0	0	0	0	0	0	0	0	0	0	0	0	0	0	0	0	0	0	0	0	0	0	0	0	0	0	0	0	0	0	0	0	0	0	0	0	72	386	0	0	0	0	0	0	206	230	0	0	0	0	0	0	0	0	0	0	0	0	0	0	0	0	0	0	0	0	0	0	0	0	0	0	0	0	0	0	0	0	0	0	5144	1072	2032	1294	2088	464	7314	578	8336	2716	1900	440	18670	3960	0	5072	4564	524	1054	1296	3772	6392	4122	5110	5820	1100	
187056	Cerebelum_9_R	0	0	0	0	0	0	0	0	0	0	0	0	0	0	0	0	0	0	0	0	0	0	0	0	0	0	0	0	0	0	0	0	0	0	0	0	0	0	0	0	0	0	0	0	0	0	0	0	0	0	0	0	0	0	0	0	0	0	0	0	0	0	0	0	0	0	0	0	0	0	0	0	0	0	0	0	0	0	0	0	0	0	0	0	0	0	0	0	0	0	2644	1168	1738	3360	828	2056	3008	516	3488	836	1580	1350	5236	17036	5072	0	0	2006	1654	2370	3304	4256	6984	10006	10876	2156	
19136	Cerebelum_10_L	0	0	0	0	0	0	0	0	0	0	0	0	0	0	0	0	0	0	0	0	0	0	0	0	0	0	0	0	0	0	0	0	0	0	0	0	0	0	0	0	0	0	0	0	0	0	0	0	0	0	0	0	0	0	0	0	0	0	0	0	0	0	0	0	0	0	0	0	0	0	0	0	0	0	0	0	0	0	0	0	0	0	0	0	0	0	0	0	0	0	194	0	618	0	94	0	168	0	254	0	638	0	2908	0	4564	0	0	0	0	0	0	130	0	0	0	0	
19264	Cerebelum_10_R	0	0	0	0	0	0	0	0	0	0	0	0	0	0	0	0	0	0	0	0	0	0	0	0	0	0	0	0	0	0	0	0	0	0	0	0	0	0	0	0	0	0	0	0	0	0	0	0	0	0	0	0	0	0	0	152	0	0	0	0	0	0	0	0	0	0	0	0	0	0	0	0	0	0	0	0	0	0	0	0	0	0	0	0	0	0	0	0	0	0	140	266	0	700	0	0	0	248	96	468	0	0	648	1156	524	2006	0	0	0	0	0	88	1156	1020	964	0	
73936	Vermis_1_2	0	0	0	0	0	0	0	0	0	0	0	0	0	0	0	0	0	0	0	0	0	0	0	0	0	0	0	0	0	0	0	0	0	0	0	0	0	0	0	0	0	0	0	0	0	0	0	0	0	0	0	0	0	0	300	0	0	0	0	0	0	0	0	0	0	0	0	0	0	0	0	0	0	0	0	0	0	0	0	0	0	0	0	0	0	0	0	0	0	0	1858	466	304	268	2320	1848	3958	166	3056	734	192	0	468	478	1054	1654	0	0	0	7356	4394	1510	1366	1348	1738	132	
143164	Vermis_3	0	0	0	0	0	0	0	0	0	0	0	0	0	0	0	0	0	0	0	0	0	0	0	0	0	0	0	0	0	0	0	0	0	0	0	0	100	0	198	380	0	0	0	0	0	0	126	652	0	0	0	0	0	0	478	330	0	0	0	0	0	0	0	0	0	0	0	70	0	0	0	0	0	0	0	0	0	70	0	0	0	0	0	0	0	0	0	0	0	0	2702	1134	390	1182	4696	8116	6500	3806	4470	4506	122	358	650	2454	1296	2370	0	0	7356	0	7220	1988	3116	2352	2394	0	
