data	data	451368	346756	1.13377e+06	1.0471e+06	165940	130316	622812	359524	92948	37016	174728	201996	218204	186612	162472	96356	136508	123516	655468	962340	116980	132160	433208	434536	37248	78092	71256	83288	661424	457692	416124	508616	207256	543300	190680	232256	376472	419376	114104	226340	45448	67984	227252	301808	181640	320476	257288	350156	224068	282344	487756	215012	180888	104836	490408	545656	226064	200712	155352	107372	216068	97052	85624	146952	126964	151616	314728	481416	248896	207864	378496	570016	344564	524168	34620	16152	157340	232652	81776	17516	146880	114964	104192	91780	316996	278912	21824	18608	252292	210356	499940	554224	282144	298836	41052	81192	341892	358280	532708	548080	240708	191424	332884	384348	153940	181636	19292	9016	33244	76180	305404	326860	269352	170892	139228	58840	
data	data	Precentral_L	Precentral_R	Frontal_Sup_L	Frontal_Sup_R	Frontal_Sup_Orb_L	Frontal_Sup_Orb_R	Frontal_Mid_L	Frontal_Mid_R	Frontal_Mid_Orb_L	Frontal_Mid_Orb_R	Frontal_Inf_Oper_L	Frontal_Inf_Oper_R	Frontal_Inf_Tri_L	Frontal_Inf_Tri_R	Frontal_Inf_Orb_L	Frontal_Inf_Orb_R	Rolandic_Oper_L	Rolandic_Oper_R	Supp_Motor_Area_L	Supp_Motor_Area_R	Olfactory_L	Olfactory_R	Frontal_Sup_Medial_L	Frontal_Sup_Medial_R	Frontal_Med_Orb_L	Frontal_Med_Orb_R	Rectus_L	Rectus_R	Insula_L	Insula_R	Cingulum_Ant_L	Cingulum_Ant_R	Cingulum_Mid_L	Cingulum_Mid_R	Cingulum_Post_L	Cingulum_Post_R	Hippocampus_L	Hippocampus_R	ParaHippocampal_L	ParaHippocampal_R	Amygdala_L	Amygdala_R	Calcarine_L	Calcarine_R	Cuneus_L	Cuneus_R	Lingual_L	Lingual_R	Occipital_Sup_L	Occipital_Sup_R	Occipital_Mid_L	Occipital_Mid_R	Occipital_Inf_L	Occipital_Inf_R	Fusiform_L	Fusiform_R	Postcentral_L	Postcentral_R	Parietal_Sup_L	Parietal_Sup_R	Parietal_Inf_L	Parietal_Inf_R	SupraMarginal_L	SupraMarginal_R	Angular_L	Angular_R	Precuneus_L	Precuneus_R	Paracentral_Lobule_L	Paracentral_Lobule_R	Caudate_L	Caudate_R	Putamen_L	Putamen_R	Pallidum_L	Pallidum_R	Thalamus_L	Thalamus_R	Heschl_L	Heschl_R	Temporal_Sup_L	Temporal_Sup_R	Temporal_Pole_Sup_L	Temporal_Pole_Sup_R	Temporal_Mid_L	Temporal_Mid_R	Temporal_Pole_Mid_L	Temporal_Pole_Mid_R	Temporal_Inf_L	Temporal_Inf_R	Cerebelum_Crus1_L	Cerebelum_Crus1_R	Cerebelum_Crus2_L	Cerebelum_Crus2_R	Cerebelum_3_L	Cerebelum_3_R	Cerebelum_4_5_L	Cerebelum_4_5_R	Cerebelum_6_L	Cerebelum_6_R	Cerebelum_7b_L	Cerebelum_7b_R	Cerebelum_8_L	Cerebelum_8_R	Cerebelum_9_L	Cerebelum_9_R	Cerebelum_10_L	Cerebelum_10_R	Vermis_1_2	Vermis_3	Vermis_4_5	Vermis_6	Vermis_7	Vermis_8	Vermis_9	Vermis_10	
451368	Precentral_L	0	6818	16078	5022	0	0	26238	92	0	0	13502	0	3160	0	0	0	4792	0	3754	5992	0	0	0	0	0	0	0	0	14058	162	0	0	184	2048	5152	3808	7084	1708	482	310	0	0	780	0	368	0	352	0	252	0	4132	0	512	0	1046	180	21382	0	918	0	1064	0	554	0	170	0	886	358	22232	1904	9974	1942	1704	290	250	0	16494	7048	1932	0	1240	0	0	0	4398	144	0	0	2344	390	0	0	0	0	0	0	0	0	0	0	0	0	0	0	0	0	0	0	0	0	0	0	0	0	0	0	
346756	Precentral_R	6818	0	2326	18360	0	0	598	8238	0	0	0	4306	0	172	0	0	0	2018	1964	14690	0	0	0	0	0	0	0	0	480	3278	0	0	662	2222	2040	2800	1554	7208	88	1570	0	0	0	1506	0	2572	0	756	0	2050	0	1058	0	422	0	2848	0	17634	0	610	0	990	0	3812	0	650	154	4860	7070	12036	416	6792	510	3008	298	0	2852	11764	116	348	0	2638	0	0	0	2192	0	0	0	2024	0	0	0	0	0	0	0	0	0	0	0	0	0	0	0	0	0	0	0	0	0	0	0	0	0	0	
1.13377e+06	Frontal_Sup_L	16078	2326	0	23194	11444	0	85840	1918	4118	0	13504	114	17710	248	11254	0	5928	0	71092	30590	496	0	51224	16662	604	0	508	0	52316	408	30022	11330	7724	18314	358	280	8020	122	962	0	150	0	0	0	0	0	0	0	0	0	152	0	0	0	3162	0	1088	0	0	0	0	0	92	0	0	0	0	0	1242	0	18530	1792	25418	762	4144	0	4602	490	2352	0	3396	0	2028	0	406	0	0	0	1632	0	0	0	0	0	0	0	438	0	300	0	0	0	0	0	0	0	0	0	0	0	0	0	0	0	0	0	
1.0471e+06	Frontal_Sup_R	5022	18360	23194	0	974	4136	8656	39894	92	388	140	10408	344	14750	1334	2990	0	3132	23412	79424	218	0	11444	40602	604	2462	228	102	3314	24180	7776	34462	1106	16872	1668	1784	1658	9818	0	2138	0	114	0	0	0	0	0	456	0	0	0	0	0	0	0	1224	100	1370	0	0	0	0	0	118	0	0	0	0	2832	0	13326	46610	2964	35624	340	914	2526	15428	180	0	0	380	226	910	0	0	0	0	0	0	0	98	0	0	0	0	0	292	0	224	0	0	0	108	0	102	0	0	0	0	0	0	0	0	0	0	
165940	Frontal_Sup_Orb_L	0	0	11444	974	0	130	4000	0	13418	0	0	0	2354	0	16316	0	0	0	672	898	2126	262	1806	266	2580	264	3890	284	7922	0	1974	446	0	128	0	0	124	0	0	0	226	0	0	0	0	0	0	0	0	0	0	0	0	0	0	0	0	0	0	0	0	0	0	0	0	0	0	0	0	0	1386	0	6662	0	0	0	0	0	0	0	0	0	2418	0	0	0	0	0	0	0	0	0	0	0	0	0	0	0	0	0	0	0	0	0	0	0	0	0	0	0	0	0	0	0	0	0	
130316	Frontal_Sup_Orb_R	0	0	0	4136	130	0	0	1778	0	6992	0	0	0	0	0	6108	0	0	0	108	1830	3860	126	3194	244	6702	1262	9140	0	1608	1170	2694	0	0	0	0	0	0	0	0	0	90	0	0	0	0	0	0	0	0	0	0	0	0	0	0	0	0	0	0	0	0	0	0	0	0	0	0	0	0	1522	6326	468	5516	0	0	0	0	0	0	0	0	0	154	0	0	0	0	0	0	0	0	0	0	0	0	0	0	0	0	0	0	0	0	0	0	0	0	0	0	0	0	0	0	0	0	
622812	Frontal_Mid_L	26238	598	85840	8656	4000	0	0	396	3376	0	10886	0	34210	0	5400	0	736	0	18238	8786	160	0	17826	3856	114	0	138	0	35596	160	5630	3088	906	6924	0	0	3068	300	344	90	0	0	0	0	0	0	0	0	0	0	0	0	0	0	584	114	410	0	0	0	0	0	0	0	0	0	0	0	130	0	9908	1492	3478	150	220	0	4470	2548	746	0	100	0	658	0	0	110	0	0	320	294	0	0	0	0	0	0	114	0	0	0	0	0	0	0	0	0	0	0	0	0	0	0	0	0	0	0	
359524	Frontal_Mid_R	92	8238	1918	39894	0	1778	396	0	0	688	0	17092	0	18274	0	5712	0	1020	1918	9634	0	0	1042	4818	0	0	0	116	0	15270	1046	6098	86	490	324	384	324	3088	0	1004	0	0	0	0	0	0	0	106	0	0	0	0	0	0	0	756	0	802	0	0	0	0	0	192	0	0	0	0	0	0	1120	14138	502	17578	0	338	214	2466	0	0	0	0	0	546	0	0	0	0	0	260	0	0	0	0	0	0	0	0	0	0	0	0	0	0	0	0	0	0	0	0	0	0	0	0	0	0	
92948	Frontal_Mid_Orb_L	0	0	4118	92	13418	0	3376	0	0	0	0	0	3686	0	13788	0	0	0	0	92	478	0	0	0	242	0	1344	0	3784	0	186	0	0	0	0	0	0	0	0	0	0	0	0	0	0	0	0	0	0	0	0	0	0	0	0	0	0	0	0	0	0	0	0	0	0	0	0	0	0	0	126	0	870	0	0	0	0	0	0	0	0	0	874	0	0	0	0	0	0	0	0	0	0	0	0	0	0	0	0	0	0	0	0	0	0	0	0	0	0	0	0	0	0	0	0	0	
37016	Frontal_Mid_Orb_R	0	0	0	388	0	6992	0	688	0	0	0	0	0	0	0	3958	0	0	0	0	0	144	0	0	0	744	0	2532	0	88	0	0	0	0	0	0	0	0	0	0	0	0	0	0	0	0	0	0	0	0	0	0	0	0	0	0	0	0	0	0	0	0	0	0	0	0	0	0	0	0	0	1428	0	1546	0	0	0	0	0	0	0	0	0	0	0	0	0	0	0	0	0	0	0	0	0	0	0	0	0	0	0	0	0	0	0	0	0	0	0	0	0	0	0	0	0	0	
174728	Frontal_Inf_Oper_L	13502	0	13504	140	0	0	10886	0	0	0	0	0	13606	0	138	0	7106	0	3110	190	0	0	204	0	0	0	0	0	17920	0	94	0	0	0	0	0	424	0	0	0	0	0	0	0	0	0	0	0	0	0	112	0	0	0	102	0	1062	0	0	0	0	0	0	0	0	0	0	0	0	0	568	0	708	0	0	0	160	0	756	0	1574	0	1134	0	224	0	0	0	140	0	0	0	0	0	0	0	0	0	0	0	0	0	0	0	0	0	0	0	0	0	0	0	0	0	0	0	
201996	Frontal_Inf_Oper_R	0	4306	114	10408	0	0	0	17092	0	0	0	0	0	13204	0	102	0	6312	674	5478	0	0	0	574	0	0	0	0	0	17356	254	2768	0	274	0	0	0	2502	0	1104	0	0	0	0	0	0	0	0	0	0	0	0	0	0	0	1106	0	1128	0	0	0	0	0	0	0	0	0	0	0	0	86	4270	0	10366	0	0	88	378	0	202	0	224	0	628	0	0	0	0	0	0	0	0	0	0	0	0	0	0	0	0	0	0	0	0	0	0	0	0	0	0	0	0	0	0	0	0	
218204	Frontal_Inf_Tri_L	3160	0	17710	344	2354	0	34210	0	3686	0	13606	0	0	0	6202	0	1436	0	2400	376	0	0	1468	94	0	0	0	0	19436	0	396	0	0	0	0	0	0	0	0	0	0	0	0	0	0	0	0	0	0	0	0	0	0	0	0	0	0	0	0	0	0	0	0	0	0	0	0	0	0	0	676	0	456	0	0	0	0	0	92	0	88	0	912	0	0	0	0	0	0	0	0	0	0	0	0	0	0	0	0	0	0	0	0	0	0	0	0	0	0	0	0	0	0	0	0	0	
186612	Frontal_Inf_Tri_R	0	172	248	14750	0	0	0	18274	0	0	0	13204	0	0	0	5390	0	0	2046	6840	0	0	146	1422	0	0	0	0	0	18412	90	2228	0	918	0	0	0	272	0	0	0	0	0	0	0	0	0	0	0	0	0	0	0	0	0	0	0	0	0	0	0	0	0	0	0	0	0	0	0	0	100	5008	0	3654	0	0	0	0	0	0	0	0	0	132	0	0	0	0	0	0	0	0	0	0	0	0	0	0	0	0	0	0	0	0	0	0	0	0	0	0	0	0	0	0	0	0	
162472	Frontal_Inf_Orb_L	0	0	11254	1334	16316	0	5400	0	13788	0	138	0	6202	0	0	0	0	0	724	1272	1864	0	110	0	0	0	1474	0	11524	0	168	0	0	0	0	0	416	0	0	0	572	0	0	0	0	0	0	0	0	0	0	0	0	0	136	0	0	0	0	0	0	0	0	0	0	0	0	0	0	0	1560	0	3432	0	0	0	0	0	0	0	0	0	3464	0	88	0	0	0	0	0	0	0	0	0	0	0	0	0	0	0	0	0	0	0	0	0	0	0	0	0	0	0	0	0	0	0	
96356	Frontal_Inf_Orb_R	0	0	0	2990	0	6108	0	5712	0	3958	0	102	0	5390	0	0	0	0	372	802	264	2782	0	0	0	0	0	2300	0	5986	0	226	0	304	0	0	0	166	0	0	0	272	0	0	0	0	0	0	0	0	0	0	0	0	0	0	0	0	0	0	0	0	0	0	0	0	0	0	0	0	154	3330	0	4732	0	0	0	0	0	0	0	726	0	1502	0	0	0	0	0	0	0	0	0	0	0	0	0	0	0	0	0	0	0	0	0	0	0	0	0	0	0	0	0	0	0	0	
136508	Rolandic_Oper_L	4792	0	5928	0	0	0	736	0	0	0	7106	0	1436	0	0	0	0	0	2280	0	0	0	0	0	0	0	0	0	17674	0	0	0	0	0	0	0	798	0	0	0	0	0	134	0	0	0	0	0	168	0	1284	0	0	0	156	0	6192	0	464	0	552	0	2786	0	298	0	142	0	306	0	0	0	302	0	0	0	0	0	3464	0	6008	0	734	0	3020	0	0	0	1494	0	0	0	0	0	0	0	0	0	0	0	0	0	0	0	0	0	0	0	0	0	0	0	0	0	0	0	
123516	Rolandic_Oper_R	0	2018	0	3132	0	0	0	1020	0	0	0	6312	0	0	0	0	0	0	0	2802	0	0	0	0	0	0	0	0	0	14402	0	220	0	0	0	0	0	2518	0	966	0	0	0	482	0	540	0	0	0	220	0	238	0	232	0	1644	0	5464	0	0	0	0	0	2680	0	198	0	210	0	102	0	1796	0	7068	0	0	0	202	0	1888	0	3178	0	632	0	452	0	0	0	1142	0	0	0	0	0	0	0	0	0	0	0	0	0	0	0	0	0	0	0	0	0	0	0	0	0	0	
655468	Supp_Motor_Area_L	3754	1964	71092	23412	672	0	18238	1918	0	0	3110	674	2400	2046	724	372	2280	0	0	45370	0	0	16538	9156	0	0	0	0	15204	2040	13176	13130	11168	32366	630	508	2738	264	0	118	0	0	0	0	0	0	0	0	824	0	888	0	308	0	608	0	548	0	0	0	0	0	0	0	0	0	100	0	3542	92	8424	954	8392	690	2230	0	362	848	1500	0	606	0	0	0	840	0	0	0	916	0	0	0	0	0	0	0	0	0	0	0	0	0	0	0	0	0	0	0	0	0	0	0	0	0	0	0	
962340	Supp_Motor_Area_R	5992	14690	30590	79424	898	108	8786	9634	92	0	190	5478	376	6840	1272	802	0	2802	45370	0	152	0	3206	8450	0	0	144	0	3056	15414	2616	14410	8910	46164	1188	8754	0	6074	0	1146	0	94	0	680	0	1890	0	164	0	1564	0	758	0	222	0	1728	0	3064	0	314	0	290	0	1934	0	346	376	6416	8366	25158	14890	38048	1846	27264	0	778	0	3562	0	0	0	2070	210	726	0	3144	0	0	0	1446	0	106	0	0	0	0	0	252	0	226	0	0	0	108	0	102	0	0	0	0	0	0	0	0	0	0	
116980	Olfactory_L	0	0	496	218	2126	1830	160	0	478	0	0	0	0	0	1864	264	0	0	0	152	0	9086	0	114	596	840	4368	2822	2950	102	4292	3118	0	0	0	0	510	0	180	0	882	0	0	0	0	0	0	0	0	0	0	0	0	0	412	0	0	0	0	0	0	0	0	0	0	0	0	0	0	0	9450	5018	4242	640	0	0	0	0	0	0	0	0	1280	0	0	0	0	0	0	0	0	0	0	0	0	0	0	0	0	0	0	0	0	0	0	0	0	0	0	0	0	0	0	0	0	0	
132160	Olfactory_R	0	0	0	0	262	3860	0	0	0	144	0	0	0	0	0	2782	0	0	0	0	9086	0	106	242	0	1870	2764	5984	166	4808	3590	4248	0	0	0	0	0	1138	0	550	0	2272	0	0	0	0	0	0	0	0	0	0	0	0	0	0	0	0	0	0	0	0	0	0	0	0	0	0	0	0	8860	6116	4274	1588	190	0	0	0	0	0	0	0	136	1044	0	0	0	0	0	0	0	0	0	0	0	0	0	0	0	0	0	0	0	0	0	0	0	0	0	0	0	0	0	0	0	0	
433208	Frontal_Sup_Medial_L	0	0	51224	11444	1806	126	17826	1042	0	0	204	0	1468	146	110	0	0	0	16538	3206	0	106	0	34196	1626	760	384	0	2246	170	31424	19358	4212	10798	0	0	0	0	0	0	0	0	0	0	0	0	0	0	0	0	0	0	0	0	0	0	0	0	0	0	0	0	0	0	0	0	0	0	0	0	1652	536	3648	348	0	0	0	0	0	0	0	0	0	0	0	0	0	0	0	0	0	0	0	0	0	0	0	0	0	0	0	0	0	0	0	0	0	0	0	0	0	0	0	0	0	0	
434536	Frontal_Sup_Medial_R	0	0	16662	40602	266	3194	3856	4818	0	0	0	574	94	1422	0	0	0	0	9156	8450	114	242	34196	0	1396	4432	142	256	230	1408	19638	39638	1310	13936	0	0	0	0	0	0	0	0	0	0	0	0	0	0	0	0	0	0	0	0	0	0	0	0	0	0	0	0	0	0	0	0	0	0	0	0	896	5956	1096	3288	0	0	0	0	0	0	0	0	0	0	0	0	0	0	0	0	0	0	0	0	0	0	0	0	0	0	0	0	0	0	0	0	0	0	0	0	0	0	0	0	0	0	
37248	Frontal_Med_Orb_L	0	0	604	604	2580	244	114	0	242	0	0	0	0	0	0	0	0	0	0	0	596	0	1626	1396	0	1906	2232	108	0	0	4000	866	0	0	0	0	0	0	0	0	0	0	0	0	0	0	0	0	0	0	0	0	0	0	0	0	0	0	0	0	0	0	0	0	0	0	0	0	0	0	488	86	932	0	0	0	0	0	0	0	0	0	0	0	0	0	0	0	0	0	0	0	0	0	0	0	0	0	0	0	0	0	0	0	0	0	0	0	0	0	0	0	0	0	0	0	
78092	Frontal_Med_Orb_R	0	0	0	2462	264	6702	0	0	0	744	0	0	0	0	0	0	0	0	0	0	840	1870	760	4432	1906	0	1188	5044	0	0	3110	5070	0	0	0	0	0	0	0	0	0	0	0	0	0	0	0	0	0	0	0	0	0	0	0	0	0	0	0	0	0	0	0	0	0	0	0	0	0	0	626	2930	142	956	0	0	0	0	0	0	0	0	0	0	0	0	0	0	0	0	0	0	0	0	0	0	0	0	0	0	0	0	0	0	0	0	0	0	0	0	0	0	0	0	0	0	
71256	Rectus_L	0	0	508	228	3890	1262	138	0	1344	0	0	0	0	0	1474	0	0	0	0	144	4368	2764	384	142	2232	1188	0	2126	1128	0	4680	2094	0	0	0	0	0	0	0	0	0	0	0	0	0	0	0	0	0	0	0	0	0	0	0	0	0	0	0	0	0	0	0	0	0	0	0	0	0	0	2820	546	2038	0	0	0	0	0	0	0	0	0	130	0	0	0	0	0	0	0	0	0	0	0	0	0	0	0	0	0	0	0	0	0	0	0	0	0	0	0	0	0	0	0	0	0	
83288	Rectus_R	0	0	0	102	284	9140	0	116	0	2532	0	0	0	0	0	2300	0	0	0	0	2822	5984	0	256	108	5044	2126	0	0	2314	1352	2150	0	0	0	0	0	0	0	0	0	104	0	0	0	0	0	0	0	0	0	0	0	0	0	0	0	0	0	0	0	0	0	0	0	0	0	0	0	0	2230	1350	804	436	0	0	0	0	0	0	0	0	0	90	0	0	0	0	0	0	0	0	0	0	0	0	0	0	0	0	0	0	0	0	0	0	0	0	0	0	0	0	0	0	0	0	
661424	Insula_L	14058	480	52316	3314	7922	0	35596	0	3784	0	17920	0	19436	0	11524	0	17674	0	15204	3056	2950	166	2246	230	0	0	1128	0	0	0	692	120	86	286	302	252	15358	226	3830	0	2828	0	308	0	134	0	224	0	200	0	1630	0	158	0	9636	0	6096	0	478	0	408	0	2166	0	284	0	326	0	636	0	6024	1280	22310	0	466	0	506	1326	8778	0	11228	0	7788	0	4196	0	0	0	7518	0	0	0	0	0	0	0	2438	0	1186	0	0	0	0	0	0	0	0	0	0	0	0	0	0	0	0	0	
457692	Insula_R	162	3278	408	24180	0	1608	160	15270	0	88	0	17356	0	18412	0	5986	0	14402	2040	15414	102	4808	170	1408	0	0	0	2314	0	0	138	2034	0	988	226	278	240	9944	0	3464	0	2076	0	676	0	1180	0	206	0	712	0	494	0	524	0	6026	0	2938	0	0	0	128	0	680	0	250	0	442	0	0	360	12402	216	32636	0	0	146	1864	0	2176	0	5996	0	6378	0	1908	0	0	0	2980	0	124	0	0	0	0	0	216	0	234	0	0	0	0	0	0	0	0	0	0	0	0	0	0	0	0	
416124	Cingulum_Ant_L	0	0	30022	7776	1974	1170	5630	1046	186	0	94	254	396	90	168	0	0	0	13176	2616	4292	3590	31424	19638	4000	3110	4680	1352	692	138	0	28876	12072	6958	1660	0	0	0	0	0	0	0	0	0	0	0	0	0	0	0	0	0	0	0	0	0	0	0	0	0	0	0	0	0	0	0	0	0	192	0	7518	3820	8090	1362	0	0	0	0	0	0	0	0	0	0	0	0	0	0	0	0	0	0	0	0	0	0	0	0	0	0	0	0	0	0	0	0	0	0	0	0	0	0	0	0	0	0	
508616	Cingulum_Ant_R	0	0	11330	34462	446	2694	3088	6098	0	0	0	2768	0	2228	0	226	0	220	13130	14410	3118	4248	19358	39638	866	5070	2094	2150	120	2034	28876	0	4236	22216	0	0	0	0	0	0	0	0	0	0	0	0	0	0	0	0	0	0	0	0	0	0	0	0	0	0	0	0	0	0	0	0	0	0	0	0	4204	14830	1862	8038	0	0	0	0	0	0	0	0	0	250	0	0	0	0	0	0	0	0	0	0	0	0	0	0	0	0	0	0	0	0	0	0	0	0	0	0	0	0	0	0	0	0	
207256	Cingulum_Mid_L	184	662	7724	1106	0	0	906	86	0	0	0	0	0	0	0	0	0	0	11168	8910	0	0	4212	1310	0	0	0	0	86	0	12072	4236	0	21554	4718	1272	0	0	0	0	0	0	222	0	910	0	0	0	1094	0	1542	88	340	258	0	0	148	0	316	0	0	0	0	0	0	0	4268	2558	5852	1666	172	122	0	102	0	0	0	528	0	0	0	0	0	0	770	1570	0	0	392	504	0	0	0	0	0	0	0	0	0	0	0	0	0	0	0	0	0	0	0	0	0	0	0	0	0	0	
543300	Cingulum_Mid_R	2048	2222	18314	16872	128	0	6924	490	0	0	0	274	0	918	0	304	0	0	32366	46164	0	0	10798	13936	0	0	0	0	286	988	6958	22216	21554	0	1760	10022	0	252	0	154	0	0	0	2166	0	1566	0	798	0	370	114	936	0	588	0	134	0	2380	0	0	0	0	0	0	0	0	2772	13638	5596	12438	2708	1776	0	1290	0	102	0	800	0	0	0	0	0	0	0	4428	0	0	0	1102	0	0	0	0	0	0	0	0	0	0	0	0	0	0	0	0	0	0	0	0	0	0	0	0	0	0	
190680	Cingulum_Post_L	5152	2040	358	1668	0	0	0	324	0	0	0	0	0	0	0	0	0	0	630	1188	0	0	0	0	0	0	0	0	302	226	1660	0	4718	1760	0	12948	12806	6752	460	818	0	0	4368	0	1224	0	956	120	218	0	1692	0	218	0	340	220	1092	0	240	0	448	0	0	0	0	0	8146	1602	7124	930	0	0	0	344	0	0	4396	5972	712	0	0	0	0	0	1058	0	0	0	110	0	0	0	0	0	0	0	0	0	0	0	0	0	0	0	0	0	0	0	0	0	0	0	0	0	0	0	
232256	Cingulum_Post_R	3808	2800	280	1784	0	0	0	384	0	0	0	0	0	0	0	0	0	0	508	8754	0	0	0	0	0	0	0	0	252	278	0	0	1272	10022	12948	0	8272	10550	432	1912	0	0	0	3040	0	912	282	2996	0	248	0	416	0	650	0	2970	594	1196	0	0	114	0	0	0	0	0	1408	11898	1144	8682	212	148	0	406	0	0	4866	6364	604	0	0	0	0	0	0	982	0	0	0	1312	0	0	0	0	0	0	0	86	0	0	0	0	0	0	0	0	0	0	0	0	342	0	0	0	0	0	
376472	Hippocampus_L	7084	1554	8020	1658	124	0	3068	324	0	0	424	0	0	0	416	0	798	0	2738	0	510	0	0	0	0	0	0	0	15358	240	0	0	0	0	12806	8272	0	6390	13674	766	8056	0	4878	0	646	0	3242	198	154	0	1350	0	156	0	21336	246	3136	0	96	0	410	0	388	0	0	0	6814	1210	476	0	610	0	11564	372	376	0	4062	4932	3282	0	3668	0	3116	0	1770	0	88	0	9644	0	434	0	0	0	0	0	3940	118	2210	0	0	0	252	0	340	0	0	0	0	0	106	134	86	116	0	0	
419376	Hippocampus_R	1708	7208	122	9818	0	0	300	3088	0	0	0	2502	0	272	0	166	0	2518	264	6074	0	1138	0	0	0	0	0	0	226	9944	0	0	0	252	6752	10550	6390	0	302	27932	0	9326	0	2694	0	292	178	6294	0	198	0	0	0	962	0	30054	298	852	0	0	0	0	0	142	0	0	628	8110	0	430	330	5600	98	17154	0	658	2740	8138	484	182	0	238	0	3772	0	1140	0	0	0	3498	0	1052	0	96	0	0	0	2528	0	2200	0	0	0	542	0	236	0	0	0	0	322	156	202	170	168	0	
114104	ParaHippocampal_L	482	88	962	0	0	0	344	0	0	0	0	0	0	0	0	0	0	0	0	0	180	0	0	0	0	0	0	0	3830	0	0	0	0	0	460	432	13674	302	0	118	1762	0	146	0	0	0	4044	266	0	0	0	0	124	0	11472	114	0	0	0	0	0	0	0	0	0	0	384	0	0	0	0	0	2406	0	0	0	392	320	0	0	738	0	1922	0	0	0	356	0	2232	0	484	0	106	0	454	0	4656	160	2144	112	0	0	278	0	370	0	0	0	0	0	190	256	104	188	0	0	
226340	ParaHippocampal_R	310	1570	0	2138	0	0	90	1004	0	0	0	1104	0	0	0	0	0	966	118	1146	0	550	0	0	0	0	0	0	0	3464	0	0	0	154	818	1912	766	27932	118	0	0	6454	0	1810	0	174	0	5776	0	0	0	0	0	0	0	22192	0	338	0	0	0	0	0	106	0	0	128	3976	0	112	0	1146	0	6092	0	332	282	1948	0	0	0	0	0	4470	0	446	0	860	0	778	0	1226	0	310	86	458	112	3824	0	2288	0	104	0	926	0	546	0	0	0	0	0	348	554	408	400	0	
45448	Amygdala_L	0	0	150	0	226	0	0	0	0	0	0	0	0	0	572	0	0	0	0	0	882	0	0	0	0	0	0	0	2828	0	0	0	0	0	0	0	8056	0	1762	0	0	0	0	0	0	0	0	0	0	0	0	0	0	0	3994	0	0	0	0	0	0	0	0	0	0	0	0	0	0	0	0	0	1456	0	0	0	0	0	0	0	0	0	1614	0	0	0	0	0	1184	0	0	0	0	0	0	0	0	0	0	0	0	0	0	0	0	0	0	0	0	0	0	0	0	0	0	0	
67984	Amygdala_R	0	0	0	114	0	90	0	0	0	0	0	0	0	0	0	272	0	0	0	94	0	2272	0	0	0	0	0	104	0	2076	0	0	0	0	0	0	0	9326	0	6454	0	0	0	0	0	0	0	0	0	0	0	0	0	0	0	4762	0	0	0	0	0	0	0	0	0	0	0	0	0	0	0	472	0	1766	0	0	0	422	0	0	0	0	0	4910	0	308	0	0	0	550	0	0	0	0	0	0	0	0	0	0	0	0	0	0	0	0	0	0	0	0	0	0	0	0	0	0	
227252	Calcarine_L	780	0	0	0	0	0	0	0	0	0	0	0	0	0	0	0	134	0	0	0	0	0	0	0	0	0	0	0	308	0	0	0	222	0	4368	0	4878	0	146	0	0	0	0	5044	14162	2978	9710	1712	8764	1054	20000	0	5694	174	3294	324	1010	0	578	0	1112	0	0	0	710	0	17850	562	1760	0	0	0	0	0	0	0	0	0	318	0	0	0	0	0	4978	0	0	0	618	0	0	0	0	0	0	0	86	0	190	0	0	0	0	0	0	0	0	0	0	0	108	0	0	0	0	0	
301808	Calcarine_R	0	1506	0	0	0	0	0	0	0	0	0	0	0	0	0	0	0	482	0	680	0	0	0	0	0	0	0	0	0	676	0	0	0	2166	0	3040	0	2694	0	1810	0	0	5044	0	4664	25294	1740	19184	0	15974	0	5978	0	6164	144	8542	0	2786	0	208	0	302	0	228	0	148	576	23758	0	2330	0	0	0	0	0	0	0	0	0	0	0	0	0	0	0	8312	0	0	0	5054	0	0	0	0	0	0	0	158	428	148	0	0	0	0	0	0	0	0	0	0	0	686	0	0	0	0	
181640	Cuneus_L	368	0	0	0	0	0	0	0	0	0	0	0	0	0	0	0	0	0	0	0	0	0	0	0	0	0	0	0	134	0	0	0	910	0	1224	0	646	0	0	0	0	0	14162	4664	0	6574	1230	200	19350	1006	12316	0	1072	0	132	104	424	0	2244	0	920	0	104	0	746	0	13406	2120	3592	0	0	0	0	0	0	0	0	0	0	0	0	0	0	0	2662	0	0	0	510	0	0	0	0	0	0	0	0	0	0	0	0	0	0	0	0	0	0	0	0	0	0	0	0	0	0	0	
320476	Cuneus_R	0	2572	0	0	0	0	0	0	0	0	0	0	0	0	0	0	0	540	0	1890	0	0	0	0	0	0	0	0	0	1180	0	0	0	1566	0	912	0	292	0	174	0	0	2978	25294	6574	0	518	4430	272	34790	242	13088	0	2536	0	3264	0	3920	514	3070	0	400	0	1100	0	600	5290	29540	0	2212	0	0	0	0	0	0	0	0	0	0	0	1004	0	0	0	6358	0	0	0	3118	0	0	0	0	0	0	0	0	0	0	0	0	0	0	0	0	0	0	0	0	0	0	0	0	0	0	
257288	Lingual_L	352	0	0	0	0	0	0	0	0	0	0	0	0	0	0	0	0	0	0	0	0	0	0	0	0	0	0	0	224	0	0	0	0	0	956	282	3242	178	4044	0	0	0	9710	1740	1230	518	0	4258	4784	488	12262	0	8514	0	21998	466	0	0	0	0	0	0	0	0	0	0	4136	390	148	0	0	0	130	0	0	0	392	248	0	0	0	0	0	0	444	0	0	0	400	0	5852	870	422	104	388	0	11408	848	14998	1604	0	0	0	0	142	108	0	0	0	0	5624	3788	518	0	0	436	
350156	Lingual_R	0	756	0	456	0	0	0	106	0	0	0	0	0	0	0	0	0	0	0	164	0	0	0	0	0	0	0	0	0	206	0	0	0	798	120	2996	198	6294	266	5776	0	0	1712	19184	200	4430	4258	0	0	3242	0	1420	638	4564	2664	22624	0	602	0	0	0	0	0	0	0	0	268	11378	0	448	0	0	0	152	0	0	86	606	0	0	0	0	0	0	0	1086	0	0	0	1550	2904	7364	378	266	206	1140	4468	12250	7090	10640	170	0	458	164	612	554	0	0	96	436	12762	12120	754	106	432	460	
224068	Occipital_Sup_L	252	0	0	0	0	0	0	0	0	0	0	0	0	0	0	0	168	0	824	0	0	0	0	0	0	0	0	0	200	0	0	0	1094	0	218	0	154	0	0	0	0	0	8764	0	19350	272	4784	0	0	0	37044	0	6102	0	784	0	108	0	7738	122	2132	0	0	0	574	0	10326	1606	2858	0	0	0	0	0	0	0	0	0	0	0	0	0	0	0	5436	106	0	0	1018	0	0	0	0	0	0	0	0	0	0	0	0	0	0	0	0	0	0	0	0	0	0	0	0	0	0	0	
282344	Occipital_Sup_R	0	2050	0	0	0	0	0	0	0	0	0	0	0	0	0	0	0	220	0	1564	0	0	0	0	0	0	0	0	0	712	0	0	0	370	0	248	0	198	0	0	0	0	1054	15974	1006	34790	488	3242	0	0	0	24488	0	2908	0	3702	0	2210	0	4988	0	524	0	1560	0	5956	1544	16618	0	1792	0	0	0	0	0	0	0	0	0	0	0	1216	0	0	0	8136	0	0	0	3614	0	0	0	0	0	0	0	0	0	0	0	0	0	0	0	0	0	0	0	0	0	0	0	0	0	0	
487756	Occipital_Mid_L	4132	0	152	0	0	0	0	0	0	0	112	0	0	0	0	0	1284	0	888	0	0	0	0	0	0	0	0	0	1630	0	0	0	1542	114	1692	0	1350	0	0	0	0	0	20000	0	12316	242	12262	0	37044	0	0	0	25288	0	8044	0	9494	0	12230	0	16916	0	356	0	18284	0	13356	804	11210	0	0	0	0	0	0	0	0	0	488	0	372	0	0	0	25972	340	0	0	4190	0	252	0	0	0	0	0	502	0	804	0	0	0	0	0	0	0	0	0	0	0	216	0	0	0	0	0	
215012	Occipital_Mid_R	0	1058	0	0	0	0	0	0	0	0	0	0	0	0	0	0	0	238	0	758	0	0	0	0	0	0	0	0	0	494	0	0	88	936	0	416	0	0	0	0	0	0	0	5978	0	13088	0	1420	0	24488	0	0	0	4410	0	4192	0	1090	0	1304	0	1622	0	2242	0	14442	630	6612	102	1086	0	0	0	0	0	0	0	0	0	0	0	2466	0	0	0	15412	0	0	0	2934	0	0	0	0	0	0	0	0	0	0	0	0	0	0	0	0	0	0	0	0	0	0	0	0	0	0	
180888	Occipital_Inf_L	512	0	0	0	0	0	0	0	0	0	0	0	0	0	0	0	0	0	308	0	0	0	0	0	0	0	0	0	158	0	0	0	340	0	218	0	156	0	124	0	0	0	5694	0	1072	0	8514	638	6102	0	25288	0	0	0	14488	0	136	0	148	0	0	0	0	0	870	0	1520	0	1066	0	0	0	0	0	0	0	0	0	218	0	0	0	0	0	6482	0	0	0	4648	0	2404	236	0	0	0	0	1854	0	4900	426	0	0	0	0	0	0	0	0	0	0	802	996	126	0	0	0	
104836	Occipital_Inf_R	0	422	0	0	0	0	0	0	0	0	0	0	0	0	0	0	0	232	0	222	0	0	0	0	0	0	0	0	0	524	0	0	258	588	0	650	0	962	0	0	0	0	174	6164	0	2536	0	4564	0	2908	0	4410	0	0	0	7222	0	168	0	0	0	0	0	0	0	0	308	3846	0	332	0	0	0	0	0	0	0	0	0	0	0	0	0	0	0	6274	0	0	0	8226	0	96	0	0	0	0	0	184	0	526	0	0	0	0	0	0	0	0	0	0	190	432	0	0	0	0	
490408	Fusiform_L	1046	0	3162	0	0	0	584	0	0	0	102	0	0	0	136	0	156	0	608	0	412	0	0	0	0	0	0	0	9636	0	0	0	0	0	340	0	21336	0	11472	0	3994	0	3294	144	132	0	21998	2664	784	0	8044	0	14488	0	0	478	160	0	0	0	0	0	0	0	0	0	1730	0	224	0	112	0	5222	0	0	0	0	0	1510	0	4966	0	2876	0	2002	0	1132	0	17066	0	26388	764	964	100	140	0	21822	792	39208	1360	268	0	1128	0	1054	174	216	0	0	0	4054	3272	712	476	204	98	
545656	Fusiform_R	180	2848	0	1224	0	0	114	756	0	0	0	1106	0	0	0	0	0	1644	0	1728	0	0	0	0	0	0	0	0	0	6026	0	0	0	134	220	2970	246	30054	114	22192	0	4762	324	8542	104	3264	466	22624	0	3702	0	4192	0	7222	478	0	0	1636	0	604	0	952	0	2246	0	1886	94	7668	0	896	0	890	0	5676	0	106	0	860	0	130	0	972	0	6070	0	1988	0	2176	0	17322	838	22668	190	1284	0	522	944	17748	1710	27268	108	1062	240	2762	214	1014	0	0	0	358	6552	5190	1214	514	766	254	
226064	Postcentral_L	21382	0	1088	100	0	0	410	0	0	0	1062	0	0	0	0	0	6192	0	548	0	0	0	0	0	0	0	0	0	6096	0	0	0	148	0	1092	594	3136	298	0	0	0	0	1010	0	424	0	0	0	108	0	9494	0	136	0	160	0	0	0	9476	0	17636	0	6894	0	1866	0	3492	264	7122	0	2886	0	0	0	0	0	1326	290	1750	0	2734	0	0	0	2614	0	0	0	1204	0	0	0	0	0	0	0	0	0	0	0	0	0	0	0	0	0	0	0	0	0	0	0	0	0	0	0	
200712	Postcentral_R	0	17634	0	1370	0	0	0	802	0	0	0	1128	0	0	0	0	0	5464	0	3064	0	0	0	0	0	0	0	0	0	2938	0	0	0	2380	0	1196	0	852	0	338	0	0	0	2786	0	3920	0	602	0	2210	0	1090	0	168	0	1636	0	0	0	8838	0	6758	0	12956	0	2126	154	8668	100	5852	0	790	0	292	0	0	0	148	0	390	0	1886	0	0	0	604	0	0	0	1216	0	0	0	0	0	0	0	0	0	0	0	0	0	0	0	0	0	0	0	0	0	0	0	0	0	0	
155352	Parietal_Sup_L	918	0	0	0	0	0	0	0	0	0	0	0	0	0	0	0	464	0	0	0	0	0	0	0	0	0	0	0	478	0	0	0	316	0	240	0	96	0	0	0	0	0	578	0	2244	514	0	0	7738	0	12230	0	148	0	0	0	9476	0	0	210	12394	0	0	0	3582	0	16502	3126	5252	0	0	0	0	0	0	0	0	0	194	0	100	0	0	0	458	222	0	0	196	0	0	0	0	0	0	0	0	0	0	0	0	0	0	0	0	0	0	0	0	0	0	0	0	0	0	0	
107372	Parietal_Sup_R	0	610	0	0	0	0	0	0	0	0	0	0	0	0	0	0	0	0	0	314	0	0	0	0	0	0	0	0	0	0	0	0	0	0	0	0	0	0	0	0	0	0	0	208	0	3070	0	0	122	4988	0	1304	0	0	0	604	0	8838	210	0	0	9852	0	3956	0	8796	1082	7998	0	462	0	0	0	0	0	0	0	0	0	0	0	306	0	0	0	342	0	0	0	624	0	0	0	0	0	0	0	0	0	0	0	0	0	0	0	0	0	0	0	0	0	0	0	0	0	0	
216068	Parietal_Inf_L	1064	0	0	0	0	0	0	0	0	0	0	0	0	0	0	0	552	0	0	0	0	0	0	0	0	0	0	0	408	0	0	0	0	0	448	114	410	0	0	0	0	0	1112	0	920	0	0	0	2132	0	16916	0	0	0	0	0	17636	0	12394	0	0	0	11404	0	19374	0	3526	172	2980	0	0	0	0	0	0	0	0	0	90	0	1032	0	0	0	10856	88	0	0	4406	0	0	0	0	0	0	0	0	0	0	0	0	0	0	0	0	0	0	0	0	0	0	0	0	0	0	0	
97052	Parietal_Inf_R	0	990	0	0	0	0	0	0	0	0	0	0	0	0	0	0	0	0	0	290	0	0	0	0	0	0	0	0	0	128	0	0	0	0	0	0	0	0	0	0	0	0	0	302	0	400	0	0	0	524	0	1622	0	0	0	952	0	6758	0	9852	0	0	0	9860	0	13788	0	908	0	312	0	0	0	0	0	0	0	0	0	0	0	662	0	0	0	260	0	0	0	918	0	0	0	0	0	0	0	0	0	0	0	0	0	0	0	0	0	0	0	0	0	0	0	0	0	0	
85624	SupraMarginal_L	554	0	92	0	0	0	0	0	0	0	0	0	0	0	0	0	2786	0	0	0	0	0	0	0	0	0	0	0	2166	0	0	0	0	0	0	0	388	0	0	0	0	0	0	0	104	0	0	0	0	0	356	0	0	0	0	0	6894	0	0	0	11404	0	0	0	4064	0	104	0	0	0	0	0	0	0	0	0	0	0	390	0	4662	0	0	0	6884	0	0	0	1964	0	0	0	0	0	0	0	0	0	0	0	0	0	0	0	0	0	0	0	0	0	0	0	0	0	0	0	
146952	SupraMarginal_R	0	3812	0	118	0	0	0	192	0	0	0	0	0	0	0	0	0	2680	0	1934	0	0	0	0	0	0	0	0	0	680	0	0	0	0	0	0	0	142	0	106	0	0	0	228	0	1100	0	0	0	1560	0	2242	0	0	0	2246	0	12956	0	3956	0	9860	0	0	0	11684	0	1544	0	1924	0	0	0	0	0	0	0	0	0	146	0	7170	0	0	0	4638	0	0	0	2558	0	0	0	0	0	0	0	0	0	0	0	0	0	0	0	0	0	0	0	0	0	0	0	0	0	0	
126964	Angular_L	170	0	0	0	0	0	0	0	0	0	0	0	0	0	0	0	298	0	0	0	0	0	0	0	0	0	0	0	284	0	0	0	0	0	0	0	0	0	0	0	0	0	710	0	746	0	0	0	574	0	18284	0	870	0	0	0	1866	0	3582	0	19374	0	4064	0	0	0	1214	0	840	0	0	0	0	0	0	0	0	0	0	0	1380	0	0	0	8468	0	0	0	758	0	0	0	0	0	0	0	0	0	0	0	0	0	0	0	0	0	0	0	0	0	0	0	0	0	0	0	
151616	Angular_R	0	650	0	0	0	0	0	0	0	0	0	0	0	0	0	0	0	198	0	346	0	0	0	0	0	0	0	0	0	250	0	0	0	0	0	0	0	0	0	0	0	0	0	148	0	600	0	0	0	5956	0	14442	0	0	0	1886	0	2126	0	8796	0	13788	0	11684	0	0	0	852	0	376	0	0	0	0	0	0	0	0	0	0	0	4848	0	0	0	6578	0	0	0	2284	0	0	0	0	0	0	0	0	0	0	0	0	0	0	0	0	0	0	0	0	0	0	0	0	0	0	
314728	Precuneus_L	886	154	0	0	0	0	0	0	0	0	0	0	0	0	0	0	142	0	100	376	0	0	0	0	0	0	0	0	326	0	0	0	4268	2772	8146	1408	6814	628	384	128	0	0	17850	576	13406	5290	4136	268	10326	1544	13356	630	1520	308	1730	94	3492	154	16502	1082	3526	0	104	0	1214	0	0	17536	7160	382	0	0	0	0	0	0	0	88	462	0	98	0	0	0	4628	2200	0	0	602	568	0	0	0	0	0	0	0	0	0	0	0	0	0	0	0	0	0	0	0	0	0	0	0	0	0	0	
481416	Precuneus_R	358	4860	0	0	0	0	0	0	0	0	0	0	0	0	0	0	0	210	0	6416	0	0	0	0	0	0	0	0	0	442	0	0	2558	13638	1602	11898	1210	8110	0	3976	0	0	562	23758	2120	29540	390	11378	1606	16618	804	6612	0	3846	0	7668	264	8668	3126	7998	172	908	0	1544	0	852	17536	0	560	11234	0	0	0	0	0	0	548	584	0	0	0	800	0	0	0	17242	0	0	0	7390	0	120	0	0	0	0	0	478	0	120	0	0	0	0	0	0	0	0	0	0	384	0	0	0	0	0	
248896	Paracentral_Lobule_L	22232	7070	1242	2832	0	0	130	0	0	0	0	0	0	0	0	0	306	0	3542	8366	0	0	0	0	0	0	0	0	636	0	192	0	5852	5596	7124	1144	476	0	0	0	0	0	1760	0	3592	0	148	0	2858	0	11210	102	1066	0	224	0	7122	100	5252	0	2980	0	0	0	840	0	7160	560	0	3204	414	618	226	196	116	0	0	980	166	0	146	0	0	0	4842	384	0	0	1348	94	0	0	0	0	0	0	0	0	0	0	0	0	0	0	0	0	0	0	0	0	0	0	0	0	0	0	
207864	Paracentral_Lobule_R	1904	12036	0	0	0	0	0	0	0	0	0	0	0	0	0	0	0	102	92	25158	0	0	0	0	0	0	0	0	0	0	0	0	1666	12438	930	8682	0	430	0	112	0	0	0	2330	0	2212	0	448	0	1792	0	1086	0	332	0	896	0	5852	0	462	0	312	0	1924	0	376	382	11234	3204	0	0	0	0	0	0	0	0	0	0	0	0	1760	0	0	0	4112	0	0	0	1668	0	0	0	0	0	0	0	0	0	0	0	0	0	0	0	0	0	0	0	0	0	0	0	0	0	0	
378496	Caudate_L	9974	416	18530	13326	1386	1522	9908	1120	126	0	568	86	676	100	1560	154	0	0	8424	14890	9450	8860	1652	896	488	626	2820	2230	6024	360	7518	4204	172	2708	0	212	610	330	0	0	0	0	0	0	0	0	0	0	0	0	0	0	0	0	112	0	2886	0	0	0	0	0	0	0	0	0	0	0	414	0	0	14912	18066	3640	2404	704	12272	1212	0	0	0	0	472	136	0	0	0	0	92	0	0	0	0	0	0	0	0	0	0	0	0	0	0	0	0	0	0	0	0	0	0	0	0	0	0	0	
570016	Caudate_R	1942	6792	1792	46610	0	6326	1492	14138	0	1428	0	4270	0	5008	0	3330	0	1796	954	38048	5018	6116	536	5956	86	2930	546	1350	1280	12402	3820	14830	122	1776	0	148	0	5600	0	1146	0	472	0	0	0	0	0	0	0	0	0	0	0	0	0	890	0	790	0	0	0	0	0	0	0	0	0	0	618	0	14912	0	7164	39750	262	2050	950	17066	0	0	0	254	0	1272	0	0	0	0	0	0	0	104	0	0	0	0	0	264	0	234	0	0	0	112	0	108	0	0	0	148	0	0	0	0	0	0	
344564	Putamen_L	1704	510	25418	2964	6662	468	3478	502	870	0	708	0	456	0	3432	0	302	0	8392	1846	4242	4274	3648	1096	932	142	2038	804	22310	216	8090	1862	0	0	0	0	11564	98	2406	0	1456	0	0	0	0	0	130	0	0	0	0	0	0	0	5222	0	0	0	0	0	0	0	0	0	0	0	0	0	226	0	18066	7164	0	2612	4814	116	1338	444	420	0	2574	0	1796	120	118	0	0	0	2336	0	162	0	0	0	0	0	824	0	642	0	0	0	112	0	156	0	0	0	0	0	0	0	0	0	0	0	
524168	Putamen_R	290	3008	762	35624	0	5516	150	17578	0	1546	0	10366	0	3654	0	4732	0	7068	690	27264	640	1588	348	3288	0	956	0	436	0	32636	1362	8038	102	1290	344	406	372	17154	0	6092	0	1766	0	0	0	0	0	152	0	0	0	0	0	0	0	5676	0	292	0	0	0	0	0	0	0	0	0	0	196	0	3640	39750	2612	0	0	1978	214	3716	0	0	0	948	0	4500	0	0	0	0	0	290	0	486	0	0	0	0	0	654	0	918	0	0	0	340	0	178	0	0	0	0	0	112	132	122	112	0	
34620	Pallidum_L	250	298	4144	340	0	0	220	0	0	0	0	0	0	0	0	0	0	0	2230	0	0	190	0	0	0	0	0	0	466	0	0	0	0	0	0	0	376	0	0	0	0	0	0	0	0	0	0	0	0	0	0	0	0	0	0	0	0	0	0	0	0	0	0	0	0	0	0	0	116	0	2404	262	4814	0	0	0	1200	0	0	0	0	0	0	0	0	0	0	0	0	0	0	0	0	0	0	0	0	0	0	0	0	0	0	0	0	0	0	0	0	0	0	0	0	0	0	0	
16152	Pallidum_R	0	0	0	914	0	0	0	338	0	0	0	0	0	0	0	0	0	0	0	778	0	0	0	0	0	0	0	0	0	0	0	0	0	102	0	0	0	658	0	332	0	0	0	0	0	0	0	0	0	0	0	0	0	0	0	106	0	0	0	0	0	0	0	0	0	0	0	0	0	0	704	2050	116	1978	0	0	0	0	0	0	0	0	0	0	0	0	0	0	0	0	0	0	0	0	0	0	0	0	0	0	0	0	0	0	0	0	0	0	0	0	0	0	0	0	0	0	
157340	Thalamus_L	16494	2852	4602	2526	0	0	4470	214	0	0	160	88	0	0	0	0	0	0	362	0	0	0	0	0	0	0	0	0	506	146	0	0	0	0	4396	4866	4062	2740	392	282	0	0	0	0	0	0	392	86	0	0	0	0	0	0	0	0	1326	0	0	0	0	0	0	0	0	0	0	548	0	0	12272	950	1338	214	1200	0	0	10876	310	0	0	0	0	0	0	0	0	0	0	0	0	0	0	0	0	0	0	0	0	0	0	0	0	0	0	0	0	0	0	0	0	0	0	0	0	0	
232652	Thalamus_R	7048	11764	490	15428	0	0	2548	2466	0	0	0	378	0	0	0	0	0	202	848	3562	0	0	0	0	0	0	0	0	1326	1864	0	0	528	800	5972	6364	4932	8138	320	1948	0	422	0	0	0	0	248	606	0	0	0	0	0	0	0	860	290	148	0	0	0	0	0	0	0	0	88	584	980	0	1212	17066	444	3716	0	0	10876	0	492	0	0	252	0	0	0	300	0	0	0	816	0	0	0	0	0	0	0	0	0	0	0	0	0	0	0	0	0	0	0	0	0	0	0	0	0	0	
81776	Heschl_L	1932	116	2352	180	0	0	746	0	0	0	756	0	92	0	0	0	3464	0	1500	0	0	0	0	0	0	0	0	0	8778	0	0	0	0	0	712	604	3282	484	0	0	0	0	318	0	0	0	0	0	0	0	488	0	218	0	1510	0	1750	0	194	0	90	0	390	0	0	0	462	0	166	0	0	0	420	0	0	0	310	492	0	0	2894	0	0	0	3230	0	0	0	2958	0	0	0	0	0	0	0	0	0	0	0	0	0	0	0	0	0	0	0	0	0	0	0	0	0	0	0	
17516	Heschl_R	0	348	0	0	0	0	0	0	0	0	0	202	0	0	0	0	0	1888	0	0	0	0	0	0	0	0	0	0	0	2176	0	0	0	0	0	0	0	182	0	0	0	0	0	0	0	0	0	0	0	0	0	0	0	0	0	130	0	390	0	0	0	0	0	146	0	0	0	0	0	0	0	0	0	0	0	0	0	0	0	0	0	2358	0	0	0	938	0	0	0	0	0	0	0	0	0	0	0	0	0	0	0	0	0	0	0	0	0	0	0	0	0	0	0	0	0	0	
146880	Temporal_Sup_L	1240	0	3396	0	0	0	100	0	0	0	1574	0	88	0	0	0	6008	0	606	0	0	0	0	0	0	0	0	0	11228	0	0	0	0	0	0	0	3668	0	738	0	0	0	0	0	0	0	0	0	0	0	372	0	0	0	4966	0	2734	0	100	0	1032	0	4662	0	1380	0	98	0	146	0	0	0	2574	0	0	0	0	0	2894	0	0	0	3036	0	15176	0	0	0	4688	0	0	0	0	0	0	0	500	0	436	0	0	0	0	0	0	0	0	0	0	0	0	0	0	0	0	0	
114964	Temporal_Sup_R	0	2638	0	380	0	0	0	0	0	0	0	224	0	0	0	726	0	3178	0	2070	0	0	0	0	0	0	0	0	0	5996	0	0	0	0	0	0	0	238	0	0	0	0	0	0	0	1004	0	0	0	1216	0	2466	0	0	0	972	0	1886	0	306	0	662	0	7170	0	4848	0	800	0	1760	0	254	0	948	0	0	0	252	0	2358	0	0	0	1706	0	12088	0	170	0	1166	0	0	0	0	0	0	0	0	0	0	0	0	0	0	0	0	0	0	0	0	0	0	0	0	0	0	
104192	Temporal_Pole_Sup_L	0	0	2028	226	2418	0	658	0	874	0	1134	0	912	0	3464	0	734	0	0	210	1280	136	0	0	0	0	130	0	7788	0	0	0	0	0	0	0	3116	0	1922	0	1614	0	0	0	0	0	0	0	0	0	0	0	0	0	2876	0	0	0	0	0	0	0	0	0	0	0	0	0	0	0	472	0	1796	0	0	0	0	0	0	0	3036	0	0	0	5496	0	3150	0	5326	0	0	0	0	0	0	0	952	0	348	0	0	0	0	0	0	0	0	0	0	0	0	0	0	0	0	0	
91780	Temporal_Pole_Sup_R	0	0	0	910	0	154	0	546	0	0	0	628	0	132	0	1502	0	632	0	726	0	1044	0	0	0	0	0	90	0	6378	0	250	0	0	0	0	0	3772	0	4470	0	4910	0	0	0	0	0	0	0	0	0	0	0	0	0	6070	0	0	0	0	0	0	0	0	0	0	0	0	0	0	136	1272	120	4500	0	0	0	0	0	0	0	1706	0	0	0	916	0	3562	0	1464	0	0	0	0	0	0	0	0	0	0	0	0	0	0	0	0	0	0	0	0	0	0	0	0	0	0	
316996	Temporal_Mid_L	4398	0	406	0	0	0	0	0	0	0	224	0	0	0	88	0	3020	0	840	0	0	0	0	0	0	0	0	0	4196	0	0	0	770	0	1058	0	1770	0	0	0	0	0	4978	0	2662	0	444	0	5436	0	25972	0	6482	0	2002	0	2614	0	458	0	10856	0	6884	0	8468	0	4628	0	4842	0	0	0	118	0	0	0	0	0	3230	0	15176	0	5496	0	0	0	2932	0	28050	0	0	0	0	0	0	0	0	0	0	0	0	0	0	0	0	0	0	0	0	0	0	0	0	0	0	0	
278912	Temporal_Mid_R	144	2192	0	0	0	0	110	0	0	0	0	0	0	0	0	0	0	452	0	3144	0	0	0	0	0	0	0	0	0	1908	0	0	1570	4428	0	982	0	1140	0	446	0	308	0	8312	0	6358	0	1086	106	8136	340	15412	0	6274	0	1988	0	604	222	342	88	260	0	4638	0	6578	2200	17242	384	4112	0	0	0	0	0	0	0	300	0	938	0	12088	0	916	0	0	0	1064	0	22644	0	0	0	0	0	0	0	0	0	0	0	0	0	0	0	0	0	0	0	0	0	0	0	0	0	0	
21824	Temporal_Pole_Mid_L	0	0	0	0	0	0	0	0	0	0	0	0	0	0	0	0	0	0	0	0	0	0	0	0	0	0	0	0	0	0	0	0	0	0	0	0	88	0	356	0	0	0	0	0	0	0	0	0	0	0	0	0	0	0	1132	0	0	0	0	0	0	0	0	0	0	0	0	0	0	0	0	0	0	0	0	0	0	0	0	0	0	0	3150	0	2932	0	0	0	3254	0	0	0	0	0	0	0	0	0	0	0	0	0	0	0	0	0	0	0	0	0	0	0	0	0	0	0	
18608	Temporal_Pole_Mid_R	0	0	0	0	0	0	0	0	0	0	0	0	0	0	0	0	0	0	0	0	0	0	0	0	0	0	0	0	0	0	0	0	0	0	0	0	0	0	0	860	0	0	0	0	0	0	0	0	0	0	0	0	0	0	0	2176	0	0	0	0	0	0	0	0	0	0	0	0	0	0	0	0	0	0	0	0	0	0	0	0	0	170	0	3562	0	1064	0	0	0	1472	0	0	0	0	0	0	0	0	0	0	0	0	0	0	0	0	0	0	0	0	0	0	0	0	0	0	
252292	Temporal_Inf_L	2344	0	1632	0	0	0	320	0	0	0	140	0	0	0	0	0	1494	0	916	0	0	0	0	0	0	0	0	0	7518	0	0	0	392	0	110	0	9644	0	2232	0	1184	0	618	0	510	0	400	0	1018	0	4190	0	4648	0	17066	0	1204	0	196	0	4406	0	1964	0	758	0	602	0	1348	0	92	0	2336	0	0	0	0	0	2958	0	4688	0	5326	0	28050	0	3254	0	0	0	6708	0	966	0	0	0	1678	0	2478	0	156	0	602	0	0	0	0	0	0	0	0	0	0	0	0	0	
210356	Temporal_Inf_R	390	2024	0	0	0	0	294	260	0	0	0	0	0	0	0	0	0	1142	0	1446	0	0	0	0	0	0	0	0	0	2980	0	0	504	1102	0	1312	0	3498	0	778	0	550	0	5054	0	3118	0	1550	0	3614	0	2934	0	8226	0	17322	0	1216	0	624	0	918	0	2558	0	2284	568	7390	94	1668	0	0	0	290	0	0	0	816	0	0	0	1166	0	1464	0	22644	0	1472	0	0	0	1464	0	0	0	0	0	220	0	224	0	0	0	0	0	0	0	0	0	0	0	0	0	0	0	0	
499940	Cerebelum_Crus1_L	0	0	0	0	0	0	0	0	0	0	0	0	0	0	0	0	0	0	0	0	0	0	0	0	0	0	0	0	0	0	0	0	0	0	0	0	434	0	484	0	0	0	0	0	0	0	5852	2904	0	0	252	0	2404	0	26388	838	0	0	0	0	0	0	0	0	0	0	0	0	0	0	0	0	162	0	0	0	0	0	0	0	0	0	0	0	0	0	0	0	6708	0	0	3516	34374	4262	1030	208	22446	2882	64780	4264	15090	1424	21808	2066	2432	372	0	0	0	368	6908	7114	7146	730	324	0	
554224	Cerebelum_Crus1_R	0	0	0	98	0	0	0	0	0	0	0	0	0	0	0	0	0	0	0	106	0	0	0	0	0	0	0	0	0	124	0	0	0	0	0	0	0	1052	0	1226	0	0	0	0	0	0	870	7364	0	0	0	0	236	96	764	22668	0	0	0	0	0	0	0	0	0	0	0	120	0	0	0	104	0	486	0	0	0	0	0	0	0	0	0	0	0	0	0	0	0	1464	3516	0	3370	38976	424	3678	1744	25930	3684	65848	1118	13662	1116	29470	622	3278	0	0	662	1998	12538	14174	10076	1062	2064	1324	
282144	Cerebelum_Crus2_L	0	0	0	0	0	0	0	0	0	0	0	0	0	0	0	0	0	0	0	0	0	0	0	0	0	0	0	0	0	0	0	0	0	0	0	0	0	0	106	0	0	0	0	0	0	0	422	378	0	0	0	0	0	0	964	190	0	0	0	0	0	0	0	0	0	0	0	0	0	0	0	0	0	0	0	0	0	0	0	0	0	0	0	0	0	0	0	0	966	0	34374	3370	0	6618	0	0	1224	362	8618	1928	29726	3768	28276	4216	1536	0	0	0	0	0	688	2446	9080	1816	0	0	
298836	Cerebelum_Crus2_R	0	0	0	0	0	0	0	0	0	0	0	0	0	0	0	0	0	0	0	0	0	0	0	0	0	0	0	0	0	0	0	0	0	0	0	0	0	96	0	310	0	0	0	0	0	0	104	266	0	0	0	0	0	0	100	1284	0	0	0	0	0	0	0	0	0	0	0	0	0	0	0	0	0	0	0	0	0	0	0	0	0	0	0	0	0	0	0	0	0	0	4262	38976	6618	0	0	746	110	1644	896	11512	3420	23306	1840	34510	210	1330	0	108	0	374	302	3076	12290	1440	288	0	
41052	Cerebelum_3_L	0	0	0	0	0	0	0	0	0	0	0	0	0	0	0	0	0	0	0	0	0	0	0	0	0	0	0	0	0	0	0	0	0	0	0	0	0	0	454	86	0	0	0	0	0	0	388	206	0	0	0	0	0	0	140	0	0	0	0	0	0	0	0	0	0	0	0	0	0	0	0	0	0	0	0	0	0	0	0	0	0	0	0	0	0	0	0	0	0	0	1030	424	0	0	0	348	7310	464	1698	488	0	0	338	174	856	262	0	0	1170	2232	1160	342	360	332	264	0	
81192	Cerebelum_3_R	0	0	0	0	0	0	0	0	0	0	0	0	0	0	0	0	0	0	0	0	0	0	0	0	0	0	0	0	0	0	0	0	0	0	0	0	0	0	0	458	0	0	0	0	0	0	0	1140	0	0	0	0	0	0	0	522	0	0	0	0	0	0	0	0	0	0	0	0	0	0	0	0	0	0	0	0	0	0	0	0	0	0	0	0	0	0	0	0	0	0	208	3678	0	746	348	0	768	7162	242	7720	0	476	0	1510	156	2180	0	0	1312	5112	1802	1874	438	432	1956	356	
341892	Cerebelum_4_5_L	0	0	438	0	0	0	114	0	0	0	0	0	0	0	0	0	0	0	0	0	0	0	0	0	0	0	0	0	2438	0	0	0	0	0	0	0	3940	0	4656	112	0	0	86	0	0	0	11408	4468	0	0	502	0	1854	0	21822	944	0	0	0	0	0	0	0	0	0	0	0	0	0	0	0	0	824	0	0	0	0	0	0	0	500	0	952	0	0	0	0	0	1678	0	22446	1744	1224	110	7310	768	0	4512	38098	3234	956	130	2912	656	5010	972	380	0	542	1854	14836	2680	890	1264	844	838	
358280	Cerebelum_4_5_R	0	0	0	292	0	0	0	0	0	0	0	0	0	0	0	0	0	0	0	252	0	0	0	0	0	0	0	0	0	216	0	0	0	0	0	86	118	2528	160	3824	0	0	0	158	0	0	848	12250	0	0	0	0	0	184	792	17748	0	0	0	0	0	0	0	0	0	0	0	478	0	0	0	264	0	654	0	0	0	0	0	0	0	0	0	0	0	0	0	0	0	220	2882	25930	362	1644	464	7162	4512	0	4168	38242	204	1148	564	4056	824	4146	0	250	858	2818	20354	9392	2006	1422	3180	1480	
532708	Cerebelum_6_L	0	0	300	0	0	0	0	0	0	0	0	0	0	0	0	0	0	0	0	0	0	0	0	0	0	0	0	0	1186	0	0	0	0	0	0	0	2210	0	2144	0	0	0	190	428	0	0	14998	7090	0	0	804	0	4900	0	39208	1710	0	0	0	0	0	0	0	0	0	0	0	0	0	0	0	0	642	0	0	0	0	0	0	0	436	0	348	0	0	0	0	0	2478	0	64780	3684	8618	896	1698	242	38098	4168	0	6560	5464	188	10864	1018	5114	886	478	0	0	472	11938	13772	4880	1970	1060	434	
548080	Cerebelum_6_R	0	0	0	224	0	0	0	0	0	0	0	0	0	0	0	0	0	0	0	226	0	0	0	0	0	0	0	0	0	234	0	0	0	0	0	0	0	2200	112	2288	0	0	0	148	0	0	1604	10640	0	0	0	0	426	526	1360	27268	0	0	0	0	0	0	0	0	0	0	0	120	0	0	0	234	0	918	0	0	0	0	0	0	0	0	0	0	0	0	0	0	0	224	4264	65848	1928	11512	488	7720	3234	38242	6560	0	660	5470	1142	14278	828	5284	0	342	1058	3516	17118	19548	7980	2156	4222	1890	
240708	Cerebelum_7b_L	0	0	0	0	0	0	0	0	0	0	0	0	0	0	0	0	0	0	0	0	0	0	0	0	0	0	0	0	0	0	0	0	0	0	0	0	0	0	0	0	0	0	0	0	0	0	0	170	0	0	0	0	0	0	268	108	0	0	0	0	0	0	0	0	0	0	0	0	0	0	0	0	0	0	0	0	0	0	0	0	0	0	0	0	0	0	0	0	156	0	15090	1118	29726	3420	0	0	956	204	5464	660	0	2772	32810	5004	4338	350	842	0	0	0	548	2374	8212	5196	414	154	
191424	Cerebelum_7b_R	0	0	0	0	0	0	0	0	0	0	0	0	0	0	0	0	0	0	0	0	0	0	0	0	0	0	0	0	0	0	0	0	0	0	0	0	0	0	0	104	0	0	0	0	0	0	0	0	0	0	0	0	0	0	0	1062	0	0	0	0	0	0	0	0	0	0	0	0	0	0	0	0	0	0	0	0	0	0	0	0	0	0	0	0	0	0	0	0	0	0	1424	13662	3768	23306	0	476	130	1148	188	5470	2772	0	2098	28932	224	1074	90	0	0	204	470	882	5494	2364	370	0	
332884	Cerebelum_8_L	0	0	0	0	0	0	0	0	0	0	0	0	0	0	0	0	0	0	0	0	0	0	0	0	0	0	0	0	0	0	0	0	0	0	0	0	252	0	278	0	0	0	0	0	0	0	0	458	0	0	0	0	0	0	1128	240	0	0	0	0	0	0	0	0	0	0	0	0	0	0	0	0	112	0	0	0	0	0	0	0	0	0	0	0	0	0	0	0	602	0	21808	1116	28276	1840	338	0	2912	564	10864	1142	32810	2098	0	7592	18494	2526	1622	0	0	0	1212	4454	9306	10388	3360	650	
384348	Cerebelum_8_R	0	0	0	108	0	0	0	0	0	0	0	0	0	0	0	0	0	0	0	108	0	0	0	0	0	0	0	0	0	0	0	0	0	0	0	0	0	542	0	926	0	0	0	0	0	0	0	164	0	0	0	0	0	0	0	2762	0	0	0	0	0	0	0	0	0	0	0	0	0	0	0	112	0	340	0	0	0	0	0	0	0	0	0	0	0	0	0	0	0	0	2066	29470	4216	34510	174	1510	656	4056	1018	14278	5004	28932	7592	0	2614	15678	384	536	226	956	1502	4276	13446	9984	3552	476	
153940	Cerebelum_9_L	0	0	0	0	0	0	0	0	0	0	0	0	0	0	0	0	0	0	0	0	0	0	0	0	0	0	0	0	0	0	0	0	0	0	0	0	340	0	370	0	0	0	0	0	0	0	142	612	0	0	0	0	0	0	1054	214	0	0	0	0	0	0	0	0	0	0	0	0	0	0	0	0	156	0	0	0	0	0	0	0	0	0	0	0	0	0	0	0	0	0	2432	622	1536	210	856	156	5010	824	5114	828	4338	224	18494	2614	0	4998	3506	116	0	200	2230	3012	3716	6314	5126	1606	
181636	Cerebelum_9_R	0	0	0	102	0	0	0	0	0	0	0	0	0	0	0	0	0	0	0	102	0	0	0	0	0	0	0	0	0	0	0	0	0	0	0	0	0	236	0	546	0	0	0	0	0	0	108	554	0	0	0	0	0	0	174	1014	0	0	0	0	0	0	0	0	0	0	0	0	0	0	0	108	0	178	0	0	0	0	0	0	0	0	0	0	0	0	0	0	0	0	372	3278	0	1330	262	2180	972	4146	886	5284	350	1074	2526	15678	4998	0	1000	1316	1000	2410	3564	6408	4848	8114	11612	4088	
19292	Cerebelum_10_L	0	0	0	0	0	0	0	0	0	0	0	0	0	0	0	0	0	0	0	0	0	0	0	0	0	0	0	0	0	0	0	0	0	0	0	0	0	0	0	0	0	0	0	0	0	0	0	0	0	0	0	0	0	0	216	0	0	0	0	0	0	0	0	0	0	0	0	0	0	0	0	0	0	0	0	0	0	0	0	0	0	0	0	0	0	0	0	0	0	0	0	0	0	0	0	0	380	0	478	0	842	90	1622	384	3506	1000	0	0	0	0	0	0	0	590	368	170	
9016	Cerebelum_10_R	0	0	0	0	0	0	0	0	0	0	0	0	0	0	0	0	0	0	0	0	0	0	0	0	0	0	0	0	0	0	0	0	0	0	0	0	0	0	0	0	0	0	0	0	0	0	0	0	0	0	0	0	0	0	0	0	0	0	0	0	0	0	0	0	0	0	0	0	0	0	0	0	0	0	0	0	0	0	0	0	0	0	0	0	0	0	0	0	0	0	0	0	0	108	0	0	0	250	0	342	0	0	0	536	116	1316	0	0	0	0	0	196	360	640	644	0	
33244	Vermis_1_2	0	0	0	0	0	0	0	0	0	0	0	0	0	0	0	0	0	0	0	0	0	0	0	0	0	0	0	0	0	0	0	0	0	0	0	0	0	0	0	0	0	0	0	0	0	0	0	96	0	0	0	0	0	0	0	0	0	0	0	0	0	0	0	0	0	0	0	0	0	0	0	0	0	0	0	0	0	0	0	0	0	0	0	0	0	0	0	0	0	0	0	662	0	0	1170	1312	542	858	0	1058	0	0	0	226	0	1000	0	0	0	6266	1228	826	118	138	756	366	
76180	Vermis_3	0	0	0	0	0	0	0	0	0	0	0	0	0	0	0	0	0	0	0	0	0	0	0	0	0	0	0	0	0	0	0	0	0	0	0	0	0	0	0	0	0	0	0	0	0	0	0	436	0	0	0	0	0	0	0	358	0	0	0	0	0	0	0	0	0	0	0	0	0	0	0	148	0	0	0	0	0	0	0	0	0	0	0	0	0	0	0	0	0	0	368	1998	0	374	2232	5112	1854	2818	472	3516	0	204	0	956	200	2410	0	0	6266	0	3092	1890	458	500	1846	582	
305404	Vermis_4_5	0	0	0	0	0	0	0	0	0	0	0	0	0	0	0	0	0	0	0	0	0	0	0	0	0	0	0	0	0	0	0	0	0	0	0	342	106	322	190	0	0	0	108	0	0	0	5624	12762	0	0	216	0	802	190	4054	6552	0	0	0	0	0	0	0	0	0	0	0	384	0	0	0	0	0	0	0	0	0	0	0	0	0	0	0	0	0	0	0	0	0	0	6908	12538	688	302	1160	1802	14836	20354	11938	17118	548	470	1212	1502	2230	3564	0	0	1228	3092	0	12516	956	456	2456	3176	
