data	data	470252	480952	914884	934436	121892	137592	443788	331168	83328	27432	259864	196664	282608	128120	123344	96180	339844	114152	684936	813684	75344	81240	362788	431148	29900	113328	38012	85944	617460	300144	299764	560912	124552	631740	152088	265532	253544	323316	125480	251304	42764	71012	320296	378336	169128	302892	279408	314552	339664	306336	570032	215328	140156	155588	401032	476008	344784	179128	295876	90992	217508	72228	119300	144584	123344	121064	409308	416236	93352	194300	345520	456732	315464	359428	47412	23340	222796	267108	122408	54120	270068	152516	81828	69240	375696	190520	40008	17984	273556	226312	488692	486992	326300	339380	79548	90820	332964	312496	495336	542788	238860	142448	359684	327632	209508	238004	45084	14436	38296	104164	246452	198496	291812	159800	150020	36672	
data	data	Precentral_L	Precentral_R	Frontal_Sup_L	Frontal_Sup_R	Frontal_Sup_Orb_L	Frontal_Sup_Orb_R	Frontal_Mid_L	Frontal_Mid_R	Frontal_Mid_Orb_L	Frontal_Mid_Orb_R	Frontal_Inf_Oper_L	Frontal_Inf_Oper_R	Frontal_Inf_Tri_L	Frontal_Inf_Tri_R	Frontal_Inf_Orb_L	Frontal_Inf_Orb_R	Rolandic_Oper_L	Rolandic_Oper_R	Supp_Motor_Area_L	Supp_Motor_Area_R	Olfactory_L	Olfactory_R	Frontal_Sup_Medial_L	Frontal_Sup_Medial_R	Frontal_Med_Orb_L	Frontal_Med_Orb_R	Rectus_L	Rectus_R	Insula_L	Insula_R	Cingulum_Ant_L	Cingulum_Ant_R	Cingulum_Mid_L	Cingulum_Mid_R	Cingulum_Post_L	Cingulum_Post_R	Hippocampus_L	Hippocampus_R	ParaHippocampal_L	ParaHippocampal_R	Amygdala_L	Amygdala_R	Calcarine_L	Calcarine_R	Cuneus_L	Cuneus_R	Lingual_L	Lingual_R	Occipital_Sup_L	Occipital_Sup_R	Occipital_Mid_L	Occipital_Mid_R	Occipital_Inf_L	Occipital_Inf_R	Fusiform_L	Fusiform_R	Postcentral_L	Postcentral_R	Parietal_Sup_L	Parietal_Sup_R	Parietal_Inf_L	Parietal_Inf_R	SupraMarginal_L	SupraMarginal_R	Angular_L	Angular_R	Precuneus_L	Precuneus_R	Paracentral_Lobule_L	Paracentral_Lobule_R	Caudate_L	Caudate_R	Putamen_L	Putamen_R	Pallidum_L	Pallidum_R	Thalamus_L	Thalamus_R	Heschl_L	Heschl_R	Temporal_Sup_L	Temporal_Sup_R	Temporal_Pole_Sup_L	Temporal_Pole_Sup_R	Temporal_Mid_L	Temporal_Mid_R	Temporal_Pole_Mid_L	Temporal_Pole_Mid_R	Temporal_Inf_L	Temporal_Inf_R	Cerebelum_Crus1_L	Cerebelum_Crus1_R	Cerebelum_Crus2_L	Cerebelum_Crus2_R	Cerebelum_3_L	Cerebelum_3_R	Cerebelum_4_5_L	Cerebelum_4_5_R	Cerebelum_6_L	Cerebelum_6_R	Cerebelum_7b_L	Cerebelum_7b_R	Cerebelum_8_L	Cerebelum_8_R	Cerebelum_9_L	Cerebelum_9_R	Cerebelum_10_L	Cerebelum_10_R	Vermis_1_2	Vermis_3	Vermis_4_5	Vermis_6	Vermis_7	Vermis_8	Vermis_9	Vermis_10	
470252	Precentral_L	0	7184	13174	6202	0	0	16118	320	0	0	12070	0	1032	0	0	0	20116	0	9672	8368	0	0	0	0	0	0	0	0	15474	0	770	1654	426	3114	2962	1944	4046	0	900	0	114	0	406	0	256	0	112	0	1062	0	3958	0	288	0	164	0	30848	0	3392	0	6818	0	2404	0	444	0	1646	0	6214	0	5786	1722	4166	0	2848	0	15726	3422	6040	0	7392	0	340	0	3026	0	0	0	986	0	0	0	0	0	0	0	0	0	0	0	0	0	0	0	0	0	0	0	0	0	0	0	0	0	0	0	
480952	Precentral_R	7184	0	326	36946	0	0	0	15296	0	0	0	5748	0	162	0	0	194	2924	1546	8422	0	0	188	678	0	0	0	0	332	3860	396	1768	508	4088	4494	11950	2692	9188	968	2016	0	0	768	794	446	392	134	536	494	156	1718	122	102	238	0	2080	2826	18112	1542	314	816	1320	0	3008	0	978	1804	4322	4836	10858	464	17442	178	9700	0	1914	2764	20776	936	1070	278	1442	0	0	0	348	0	0	0	2574	0	0	0	0	0	0	0	0	0	0	0	0	0	0	0	0	0	0	0	0	0	0	0	0	0	0	
914884	Frontal_Sup_L	13174	326	0	8766	4812	0	63522	2744	2200	0	16464	530	31022	666	6062	218	10736	0	88414	15324	92	0	44476	8390	1340	172	0	0	37354	540	15886	8246	4320	13324	0	0	1874	0	198	0	0	0	0	0	0	0	0	0	0	0	0	0	0	0	1136	0	4474	0	0	0	0	0	212	0	0	0	0	0	314	0	17444	584	19122	232	3296	0	1194	0	544	0	5874	0	1244	0	0	0	0	0	580	0	0	0	0	0	0	0	0	0	0	0	0	0	0	0	0	0	0	0	0	0	0	0	0	0	0	0	
934436	Frontal_Sup_R	6202	36946	8766	0	0	11952	1208	46266	0	1976	140	13436	0	6882	0	8464	94	5102	13374	60686	154	348	9666	45430	0	5120	0	3542	222	13016	5152	37340	842	28498	246	1302	402	5856	108	2160	0	282	312	218	296	0	0	338	128	0	242	0	0	0	0	1794	648	1338	292	0	124	190	0	388	0	92	478	870	2612	238	7610	25816	1214	16896	0	2332	1168	14644	0	302	0	1362	0	2532	0	126	0	0	0	1438	0	0	0	0	0	0	0	0	0	0	0	0	0	0	0	0	0	0	0	0	0	0	0	0	0	0	
121892	Frontal_Sup_Orb_L	0	0	4812	0	0	0	450	0	12238	0	386	0	950	0	8156	0	274	0	632	0	660	92	3570	130	4330	220	3924	0	6542	0	3924	0	0	0	0	0	0	0	0	0	116	0	0	0	0	0	0	0	0	0	0	0	0	0	0	0	0	0	0	0	0	0	0	0	0	0	0	0	0	0	134	0	9138	0	0	0	0	0	0	0	0	0	268	0	0	0	0	0	0	0	0	0	0	0	0	0	0	0	0	0	0	0	0	0	0	0	0	0	0	0	0	0	0	0	0	0	
137592	Frontal_Sup_Orb_R	0	0	0	11952	0	0	0	3234	0	4166	0	0	0	146	0	4692	0	0	0	1344	500	1268	0	7058	0	9206	140	8864	0	2676	128	3334	0	124	0	0	0	0	0	0	0	170	0	0	0	0	0	0	0	0	0	0	0	0	0	0	0	0	0	0	0	0	0	0	0	0	0	0	0	0	694	2894	392	5814	0	0	0	0	0	0	0	0	0	0	0	0	0	0	0	0	0	0	0	0	0	0	0	0	0	0	0	0	0	0	0	0	0	0	0	0	0	0	0	0	0	0	
443788	Frontal_Mid_L	16118	0	63522	1208	450	0	0	0	2532	0	17520	0	35902	0	7564	0	6904	0	11896	2950	0	0	17488	1970	0	0	0	0	17550	0	3922	2408	832	3154	0	0	114	0	0	0	0	0	0	0	0	0	0	0	0	0	0	0	0	0	0	0	130	0	0	0	0	0	0	0	0	0	0	0	0	0	1288	534	544	0	128	0	1306	174	0	0	3368	0	418	0	0	0	0	0	0	0	0	0	0	0	0	0	0	0	0	0	0	0	0	0	0	0	0	0	0	0	0	0	0	0	0	0	
331168	Frontal_Mid_R	320	15296	2744	46266	0	3234	0	0	0	2996	0	8000	0	11290	0	6366	0	1274	7304	13552	0	0	2166	4574	0	122	0	94	0	3382	1338	5596	0	6076	0	352	0	1508	0	804	0	0	0	0	0	0	0	0	0	0	0	0	0	0	0	510	0	102	0	0	0	0	0	0	0	0	0	224	182	0	2722	6564	156	7030	0	2112	0	476	0	0	0	720	0	0	0	0	0	0	0	132	0	0	0	0	0	0	0	0	0	0	0	0	0	0	0	0	0	0	0	0	0	0	0	0	0	0	
83328	Frontal_Mid_Orb_L	0	0	2200	0	12238	0	2532	0	0	0	0	0	3456	0	11890	0	0	0	0	0	130	0	0	0	222	0	2662	0	3668	0	104	0	0	0	0	0	0	0	0	0	0	0	0	0	0	0	0	0	0	0	0	0	0	0	0	0	0	0	0	0	0	0	0	0	0	0	0	0	0	0	0	0	2562	0	0	0	0	0	0	0	0	0	0	0	0	0	0	0	0	0	0	0	0	0	0	0	0	0	0	0	0	0	0	0	0	0	0	0	0	0	0	0	0	0	0	0	
27432	Frontal_Mid_Orb_R	0	0	0	1976	0	4166	0	2996	0	0	0	0	0	322	0	3424	0	0	0	0	0	0	0	170	0	212	0	328	0	0	0	0	0	0	0	0	0	0	0	0	0	0	0	0	0	0	0	0	0	0	0	0	0	0	0	0	0	0	0	0	0	0	0	0	0	0	0	0	0	0	0	0	0	122	0	0	0	0	0	0	0	0	0	0	0	0	0	0	0	0	0	0	0	0	0	0	0	0	0	0	0	0	0	0	0	0	0	0	0	0	0	0	0	0	0	0	
259864	Frontal_Inf_Oper_L	12070	0	16464	140	386	0	17520	0	0	0	0	0	13108	0	0	0	19596	0	10324	712	0	0	702	0	0	0	0	0	15478	0	2382	720	94	364	92	0	598	0	138	0	0	0	0	0	0	0	0	0	0	0	90	0	0	0	134	0	1606	0	0	0	0	0	140	0	0	0	0	0	0	0	912	0	1060	0	0	0	1086	0	396	0	9222	0	4038	0	168	0	0	0	192	0	0	0	0	0	0	0	0	0	0	0	0	0	0	0	0	0	0	0	0	0	0	0	0	0	0	0	
196664	Frontal_Inf_Oper_R	0	5748	530	13436	0	0	0	8000	0	0	0	0	0	9950	0	400	0	6644	1268	14486	0	0	0	540	0	0	0	0	0	13874	534	1642	0	1770	0	224	0	674	0	268	0	0	0	0	0	0	0	0	0	0	0	0	0	0	0	204	0	2158	0	96	0	170	0	152	0	292	0	158	0	102	2760	1522	0	6578	0	0	0	176	0	182	0	734	0	2908	0	0	0	0	0	152	0	0	0	0	0	0	0	0	0	0	0	0	0	0	0	0	0	0	0	0	0	0	0	0	0	0	
282608	Frontal_Inf_Tri_L	1032	0	31022	0	950	0	35902	0	3456	0	13108	0	0	0	12662	0	710	0	9464	114	0	0	5196	198	0	0	0	0	23678	0	2714	0	724	0	0	0	0	0	0	0	0	0	0	0	0	0	0	0	0	0	0	0	0	0	0	0	0	0	0	0	0	0	0	0	0	0	0	0	0	0	0	0	0	0	0	0	0	0	0	0	238	0	136	0	0	0	0	0	0	0	0	0	0	0	0	0	0	0	0	0	0	0	0	0	0	0	0	0	0	0	0	0	0	0	0	0	
128120	Frontal_Inf_Tri_R	0	162	666	6882	0	146	0	11290	0	322	0	9950	0	0	0	3266	0	184	1190	5746	0	0	0	2110	0	0	0	0	94	10654	394	3140	0	2988	0	0	0	0	0	0	0	0	0	0	0	0	0	0	0	0	0	0	0	0	0	0	0	0	0	0	0	0	0	0	0	0	0	0	0	0	1680	1900	0	1296	0	0	0	0	0	0	0	0	0	0	0	0	0	0	0	0	0	0	0	0	0	0	0	0	0	0	0	0	0	0	0	0	0	0	0	0	0	0	0	0	0	0	
123344	Frontal_Inf_Orb_L	0	0	6062	0	8156	0	7564	0	11890	0	0	0	12662	0	0	0	0	0	0	0	1106	0	0	0	170	0	592	0	10404	0	162	0	0	0	0	0	0	0	146	0	0	0	0	0	0	0	0	0	0	0	0	0	0	0	0	0	0	0	0	0	0	0	0	0	0	0	0	0	0	0	192	0	1938	0	0	0	0	0	0	0	0	0	628	0	0	0	0	0	0	0	0	0	0	0	0	0	0	0	0	0	0	0	0	0	0	0	0	0	0	0	0	0	0	0	0	0	
96180	Frontal_Inf_Orb_R	0	0	218	8464	0	4692	0	6366	0	3424	0	400	0	3266	0	0	0	0	268	1210	0	700	0	1882	0	1580	0	1852	0	6840	0	450	0	1336	0	0	0	0	0	208	0	188	0	0	0	0	0	0	0	0	0	0	0	0	0	102	0	0	0	0	0	0	0	0	0	0	0	0	0	0	562	834	0	2928	0	0	0	0	0	0	0	0	0	320	0	0	0	0	0	0	0	0	0	0	0	0	0	0	0	0	0	0	0	0	0	0	0	0	0	0	0	0	0	0	0	0	
339844	Rolandic_Oper_L	20116	194	10736	94	274	0	6904	0	0	0	19596	0	710	0	0	0	0	0	9448	434	0	0	0	0	0	0	0	0	29688	0	300	294	0	174	344	196	2510	0	292	0	0	0	152	0	114	0	0	0	822	0	2874	0	154	0	688	0	12194	0	1276	0	888	0	2942	0	256	0	1072	0	90	0	1066	0	3330	0	166	0	3322	178	7070	0	20270	0	3448	0	3408	0	0	0	1838	0	0	0	0	0	0	0	0	0	0	0	0	0	0	0	0	0	0	0	0	0	0	0	0	0	0	0	
114152	Rolandic_Oper_R	0	2924	0	5102	0	0	0	1274	0	0	0	6644	0	184	0	0	0	0	0	6118	0	0	0	190	0	0	0	0	0	10000	0	232	0	106	0	126	0	398	0	0	0	0	0	102	0	0	0	0	0	0	0	0	0	118	0	0	0	3122	0	0	0	190	0	3420	0	244	0	174	0	0	0	286	0	4614	0	0	0	424	0	1470	0	5642	0	3538	0	182	0	0	0	252	0	0	0	0	0	0	0	0	0	0	0	0	0	0	0	0	0	0	0	0	0	0	0	0	0	0	
684936	Supp_Motor_Area_L	9672	1546	88414	13374	632	0	11896	7304	0	0	10324	1268	9464	1190	0	268	9448	0	0	36362	0	0	8468	3804	152	0	0	0	15878	710	7786	9200	9260	27348	214	94	1828	0	176	0	0	0	0	0	0	0	0	0	0	0	0	0	0	0	1122	0	4154	0	0	0	0	0	204	0	0	0	0	0	2110	0	18216	694	17920	308	3868	0	782	0	520	0	5052	0	856	0	0	0	0	0	582	0	0	0	0	0	0	0	0	0	0	0	0	0	0	0	0	0	0	0	0	0	0	0	0	0	0	0	
813684	Supp_Motor_Area_R	8368	8422	15324	60686	0	1344	2950	13552	0	0	712	14486	114	5746	0	1210	434	6118	36362	0	0	0	3518	14434	0	282	0	112	598	12640	4966	26114	4608	60408	696	9232	428	2744	108	1072	0	104	0	278	0	798	0	182	0	132	0	0	0	0	0	686	162	754	0	0	0	0	0	0	0	0	328	3676	3234	12722	10218	24520	1246	11822	0	426	1192	11496	0	112	168	998	224	3222	0	0	0	0	0	354	0	0	0	0	0	0	0	0	0	0	0	0	0	0	0	0	0	0	0	0	0	0	0	0	0	0	
75344	Olfactory_L	0	0	92	154	660	500	0	0	130	0	0	0	0	0	1106	0	0	0	0	0	0	4938	0	200	142	964	1814	1042	1864	0	3032	2838	0	0	0	0	210	0	622	0	792	0	0	0	0	0	0	0	0	0	0	0	0	0	0	0	0	0	0	0	0	0	0	0	0	0	0	0	0	0	6996	3438	3998	1456	0	0	0	0	0	0	0	0	684	0	0	0	0	0	0	0	0	0	0	0	0	0	0	0	0	0	0	0	0	0	0	0	0	0	0	0	0	0	0	0	0	0	
81240	Olfactory_R	0	0	0	348	92	1268	0	0	0	0	0	0	0	0	0	700	0	0	0	0	4938	0	100	340	0	1566	1360	2362	0	2308	1896	2784	0	0	0	0	0	94	90	366	0	486	0	0	0	0	0	0	0	0	0	0	0	0	0	0	0	0	0	0	0	0	0	0	0	0	0	0	0	0	6424	5766	4372	2452	130	0	0	0	0	0	0	0	0	378	0	0	0	0	0	0	0	0	0	0	0	0	0	0	0	0	0	0	0	0	0	0	0	0	0	0	0	0	0	0	0	0	
362788	Frontal_Sup_Medial_L	0	188	44476	9666	3570	0	17488	2166	0	0	702	0	5196	0	0	0	0	0	8468	3518	0	100	0	24140	2332	500	326	0	4780	0	20012	14982	3684	9234	0	0	0	0	0	0	0	0	0	0	0	0	0	0	0	0	0	0	0	0	0	0	0	0	0	0	0	0	0	0	0	0	0	0	0	0	780	2172	1998	916	0	0	0	0	0	0	0	0	0	0	0	0	0	0	0	0	0	0	0	0	0	0	0	0	0	0	0	0	0	0	0	0	0	0	0	0	0	0	0	0	0	0	
431148	Frontal_Sup_Medial_R	0	678	8390	45430	130	7058	1970	4574	0	170	0	540	198	2110	0	1882	0	190	3804	14434	200	340	24140	0	236	7510	0	3394	354	4280	7122	34476	570	18716	0	0	0	158	0	102	0	276	0	0	0	0	0	0	0	0	0	0	0	0	0	0	0	0	0	0	0	0	0	0	0	0	0	0	0	0	628	12084	322	8834	0	114	0	0	0	0	0	160	0	0	0	0	0	0	0	0	0	0	0	0	0	0	0	0	0	0	0	0	0	0	0	0	0	0	0	0	0	0	0	0	0	0	
29900	Frontal_Med_Orb_L	0	0	1340	0	4330	0	0	0	222	0	0	0	0	0	170	0	0	0	152	0	142	0	2332	236	0	466	586	0	658	0	2538	132	0	0	0	0	0	0	0	0	0	0	0	0	0	0	0	0	0	0	0	0	0	0	0	0	0	0	0	0	0	0	0	0	0	0	0	0	0	0	210	0	1436	0	0	0	0	0	0	0	0	0	0	0	0	0	0	0	0	0	0	0	0	0	0	0	0	0	0	0	0	0	0	0	0	0	0	0	0	0	0	0	0	0	0	0	
113328	Frontal_Med_Orb_R	0	0	172	5120	220	9206	0	122	0	212	0	0	0	0	0	1580	0	0	0	282	964	1566	500	7510	466	0	296	9238	0	1878	1558	5222	0	110	0	0	0	0	0	0	0	154	0	0	0	0	0	0	0	0	0	0	0	0	0	0	0	0	0	0	0	0	0	0	0	0	0	0	0	0	1054	3778	762	4694	0	0	0	0	0	0	0	0	0	0	0	0	0	0	0	0	0	0	0	0	0	0	0	0	0	0	0	0	0	0	0	0	0	0	0	0	0	0	0	0	0	0	
38012	Rectus_L	0	0	0	0	3924	140	0	0	2662	0	0	0	0	0	592	0	0	0	0	0	1814	1360	326	0	586	296	0	460	0	0	2732	938	0	0	0	0	0	0	0	0	0	0	0	0	0	0	0	0	0	0	0	0	0	0	0	0	0	0	0	0	0	0	0	0	0	0	0	0	0	0	1824	522	656	174	0	0	0	0	0	0	0	0	0	0	0	0	0	0	0	0	0	0	0	0	0	0	0	0	0	0	0	0	0	0	0	0	0	0	0	0	0	0	0	0	0	0	
85944	Rectus_R	0	0	0	3542	0	8864	0	94	0	328	0	0	0	0	0	1852	0	0	0	112	1042	2362	0	3394	0	9238	460	0	0	1994	556	2322	0	0	0	0	0	0	0	0	0	182	0	0	0	0	0	0	0	0	0	0	0	0	0	0	0	0	0	0	0	0	0	0	0	0	0	0	0	0	1192	2348	714	2376	0	0	0	0	0	0	0	0	0	0	0	0	0	0	0	0	0	0	0	0	0	0	0	0	0	0	0	0	0	0	0	0	0	0	0	0	0	0	0	0	0	0	
617460	Insula_L	15474	332	37354	222	6542	0	17550	0	3668	0	15478	0	23678	94	10404	0	29688	0	15878	598	1864	0	4780	354	658	0	0	0	0	0	4022	1022	626	484	1172	880	10602	0	1686	0	2440	0	260	0	0	0	0	0	1174	0	4112	0	218	0	4678	0	10442	0	1748	0	1402	0	3800	0	230	0	1502	0	160	0	1526	148	16528	0	198	0	6878	474	11296	0	17776	0	6478	0	5002	0	94	0	5056	0	0	0	0	0	0	0	0	0	0	0	0	0	0	0	0	0	0	0	0	0	0	0	0	0	0	0	
300144	Insula_R	0	3860	540	13016	0	2676	0	3382	0	0	0	13874	0	10654	0	6840	0	10000	710	12640	0	2308	0	4280	0	1878	0	1994	0	0	386	3708	0	2082	0	364	0	4796	0	2490	0	1610	0	214	0	0	0	0	0	0	0	0	0	0	0	3116	0	1972	0	0	0	0	0	682	0	98	0	560	0	340	694	2946	0	23666	0	0	0	632	0	1848	0	3274	0	2662	0	462	0	0	0	2818	0	0	0	0	0	0	0	0	0	0	0	0	0	0	0	0	0	0	0	0	0	0	0	0	0	0	
299764	Cingulum_Ant_L	770	396	15886	5152	3924	128	3922	1338	104	0	2382	534	2714	394	162	0	300	0	7786	4966	3032	1896	20012	7122	2538	1558	2732	556	4022	386	0	21468	4478	6766	0	0	0	0	0	0	0	0	0	0	0	0	0	0	0	0	0	0	0	0	0	0	0	0	0	0	0	0	0	0	0	0	0	0	0	0	6462	6736	7304	1628	0	0	98	0	0	0	0	0	230	0	0	0	0	0	0	0	0	0	0	0	0	0	0	0	0	0	0	0	0	0	0	0	0	0	0	0	0	0	0	0	0	0	
560912	Cingulum_Ant_R	1654	1768	8246	37340	0	3334	2408	5596	0	0	720	1642	0	3140	0	450	294	232	9200	26114	2838	2784	14982	34476	132	5222	938	2322	1022	3708	21468	0	3038	30894	0	0	0	210	0	122	0	118	0	0	0	0	0	0	0	0	0	0	0	0	0	0	0	208	0	0	0	0	0	0	0	0	0	0	112	0	7496	29460	2704	13316	0	114	122	0	0	0	0	180	332	0	0	0	0	0	0	0	0	0	0	0	0	0	0	0	0	0	0	0	0	0	0	0	0	0	0	0	0	0	0	0	0	0	
124552	Cingulum_Mid_L	426	508	4320	842	0	0	832	0	0	0	94	0	724	0	0	0	0	0	9260	4608	0	0	3684	570	0	0	0	0	626	0	4478	3038	0	10836	1450	878	0	0	0	0	0	0	956	0	1204	464	0	0	1262	374	1668	0	668	0	0	0	264	0	658	0	108	0	0	0	0	0	3718	1240	1442	1076	0	0	0	0	0	0	0	0	0	0	0	0	0	0	0	0	0	0	0	0	0	0	0	0	0	0	0	0	0	0	0	0	0	0	0	0	0	0	0	0	0	0	0	0	0	0	
631740	Cingulum_Mid_R	3114	4088	13324	28498	0	124	3154	6076	0	0	364	1770	0	2988	0	1336	174	106	27348	60408	0	0	9234	18716	0	110	0	0	484	2082	6766	30894	10836	0	800	13456	306	220	0	0	0	0	0	2740	0	5500	0	258	0	3418	0	740	0	982	0	124	168	2508	0	1750	0	490	0	362	0	134	942	14578	2290	15192	7244	5186	658	2342	0	0	438	0	0	0	0	172	208	0	0	158	0	0	0	512	0	0	0	0	0	0	0	0	0	0	0	0	0	0	0	0	0	0	0	0	0	0	0	0	0	0	
152088	Cingulum_Post_L	2962	4494	0	246	0	0	0	0	0	0	92	0	0	0	0	0	344	0	214	696	0	0	0	0	0	0	0	0	1172	0	0	0	1450	800	0	10368	8188	1028	2518	0	0	0	1998	0	1786	204	1512	0	0	0	524	0	0	0	0	0	2498	0	0	0	324	0	0	0	0	0	6914	1102	4882	542	0	2428	0	0	0	0	5378	6768	2818	0	962	0	0	0	652	0	0	0	180	0	0	0	0	0	0	0	0	0	0	0	0	0	0	0	0	0	0	0	0	0	0	0	0	0	0	0	
265532	Cingulum_Post_R	1944	11950	0	1302	0	0	0	352	0	0	0	224	0	0	0	0	196	126	94	9232	0	0	0	0	0	0	0	0	880	364	0	0	878	13456	10368	0	5216	5912	1610	488	0	0	0	2180	94	2082	0	2090	0	492	0	324	0	432	0	278	580	2546	0	614	0	966	0	520	0	378	988	16384	660	13158	0	3052	0	302	0	0	5196	10616	2078	0	782	206	0	0	0	142	0	0	166	434	0	0	0	0	0	0	0	0	0	0	0	0	0	0	0	0	0	0	0	0	434	0	0	0	0	0	
253544	Hippocampus_L	4046	2692	1874	402	0	0	114	0	0	0	598	0	0	0	0	0	2510	0	1828	428	210	0	0	0	0	0	0	0	10602	0	0	0	0	306	8188	5216	0	1016	14364	0	6860	0	2546	0	0	0	4316	0	0	0	412	0	296	0	14924	0	1168	0	0	0	0	0	0	0	0	0	3954	172	266	0	1042	1000	6976	0	654	0	6876	3970	2314	0	3314	0	1014	0	592	0	708	0	7962	0	224	0	0	0	0	0	204	0	510	0	0	0	0	0	0	0	0	0	0	104	0	0	0	0	0	0	
323316	Hippocampus_R	0	9188	0	5856	0	0	0	1508	0	0	0	674	0	0	0	0	0	398	0	2744	0	94	0	158	0	0	0	0	0	4796	0	210	0	220	1028	5912	1016	0	564	30808	0	10594	0	3358	0	314	0	5138	0	224	0	156	0	444	0	23798	0	584	0	0	0	0	0	370	0	0	0	9142	0	802	0	306	0	8842	0	564	362	6186	160	1124	92	1360	0	790	0	442	0	0	0	11942	0	1930	0	0	0	368	0	3210	0	2680	0	0	0	90	0	298	0	0	0	0	434	0	138	116	126	0	
125480	ParaHippocampal_L	900	968	198	108	0	0	0	0	0	0	138	0	0	0	146	0	292	0	176	108	622	90	0	0	0	0	0	0	1686	0	0	0	0	0	2518	1610	14364	564	0	0	2978	0	2022	0	110	0	5474	0	0	0	708	0	728	0	8776	0	168	0	0	0	0	0	0	0	0	0	2786	0	168	0	484	430	1248	0	0	0	2342	1646	0	0	254	0	1574	0	140	0	2522	0	1420	0	188	0	0	0	254	0	850	0	982	0	0	0	0	0	0	0	0	0	0	0	0	0	0	0	0	0	
251304	ParaHippocampal_R	0	2016	0	2160	0	0	0	804	0	0	0	268	0	0	0	208	0	0	0	1072	0	366	0	102	0	0	0	0	0	2490	0	122	0	0	0	488	0	30808	0	0	0	9954	0	1652	0	146	98	3588	0	98	0	0	0	122	0	25104	0	0	0	0	0	0	0	0	0	0	0	3310	0	0	0	220	0	4984	0	556	0	1060	0	260	0	656	0	2760	0	342	0	1408	0	5572	296	3194	0	282	0	608	168	7164	250	4950	0	138	254	672	156	2050	0	0	0	0	0	190	928	754	804	0	
42764	Amygdala_L	114	0	0	0	116	0	0	0	0	0	0	0	0	0	0	0	0	0	0	0	792	0	0	0	0	0	0	0	2440	0	0	0	0	0	0	0	6860	0	2978	0	0	0	0	0	0	0	0	0	0	0	0	0	0	0	3066	0	0	0	0	0	0	0	0	0	0	0	0	0	0	0	306	0	656	0	0	0	340	0	0	0	0	0	1574	0	0	0	996	0	1144	0	0	0	0	0	0	0	0	0	0	0	0	0	0	0	0	0	0	0	0	0	0	0	0	0	0	0	
71012	Amygdala_R	0	0	0	282	0	170	0	0	0	0	0	0	0	0	0	188	0	0	0	104	0	486	0	276	0	154	0	182	0	1610	0	118	0	0	0	0	0	10594	0	9954	0	0	0	0	0	0	0	0	0	0	0	0	0	0	0	5680	0	0	0	0	0	0	0	0	0	0	0	0	0	0	0	180	0	974	0	0	0	0	0	0	0	0	0	1954	0	0	0	186	0	148	0	462	0	0	0	214	0	902	0	688	0	0	0	0	0	0	0	0	0	0	0	0	0	0	0	0	
320296	Calcarine_L	406	768	0	312	0	0	0	0	0	0	0	0	0	0	0	0	152	0	0	0	0	0	0	0	0	0	0	0	260	0	0	0	956	0	1998	0	2546	0	2022	0	0	0	0	14050	13826	8270	14606	4058	10200	4882	27968	1294	6758	744	2954	996	7624	0	3726	0	3934	0	0	0	258	0	17496	678	1430	0	0	0	0	0	0	0	0	0	226	0	0	0	0	0	4292	0	0	0	138	0	0	0	0	0	0	0	0	0	180	0	0	0	0	0	0	0	0	0	0	0	0	140	0	0	0	0	
378336	Calcarine_R	0	794	0	218	0	0	0	0	0	0	0	0	0	0	0	0	0	102	0	278	0	0	0	0	0	0	0	0	0	214	0	0	0	2740	0	2180	0	3358	0	1652	0	0	14050	0	4280	31650	1842	20430	164	25790	156	12536	0	9702	0	10674	0	2842	0	154	0	176	0	570	0	192	844	27710	0	3680	0	0	0	0	0	0	0	254	0	1216	0	492	0	0	0	3616	0	0	0	3708	0	0	0	0	0	0	0	96	0	124	0	0	0	0	0	0	0	0	0	0	212	472	0	0	0	0	
169128	Cuneus_L	256	446	0	296	0	0	0	0	0	0	0	0	0	0	0	0	114	0	0	0	0	0	0	0	0	0	0	0	0	0	0	0	1204	0	1786	94	0	0	110	0	0	0	13826	4280	0	5488	1990	180	19338	2348	14154	496	1732	168	974	174	824	0	950	0	220	0	0	0	0	0	10946	902	694	0	0	0	0	0	0	0	0	0	0	0	0	0	0	0	574	0	0	0	0	0	0	0	0	0	0	0	0	0	0	0	0	0	0	0	0	0	0	0	0	0	0	0	0	0	0	0	
302892	Cuneus_R	0	392	0	0	0	0	0	0	0	0	0	0	0	0	0	0	0	0	0	798	0	0	0	0	0	0	0	0	0	0	0	0	464	5500	204	2082	0	314	0	146	0	0	8270	31650	5488	0	468	3250	186	34628	140	10436	0	5944	0	2340	0	1572	0	2398	0	0	0	182	0	218	3308	24368	0	3304	0	0	0	0	0	0	0	0	0	224	0	188	0	0	0	1742	0	0	0	1242	0	0	0	0	0	0	0	0	0	0	0	0	0	0	0	0	0	0	0	0	0	0	0	0	0	0	
279408	Lingual_L	112	134	0	0	0	0	0	0	0	0	0	0	0	0	0	0	0	0	0	0	0	0	0	0	0	0	0	0	0	0	0	0	0	0	1512	0	4316	0	5474	98	0	0	14606	1842	1990	468	0	2694	2848	210	10146	146	3278	226	17604	676	450	0	90	0	140	0	0	0	0	0	8858	0	130	0	0	0	0	0	0	0	0	254	94	0	0	0	0	0	2072	0	0	0	288	0	6714	1662	1864	1066	632	0	12666	864	16062	2704	170	0	1038	416	832	426	0	0	0	126	4276	4516	2086	442	386	0	
314552	Lingual_R	0	536	0	338	0	0	0	0	0	0	0	0	0	0	0	0	0	0	0	182	0	0	0	0	0	0	0	0	0	0	0	0	0	258	0	2090	0	5138	0	3588	0	0	4058	20430	180	3250	2694	0	0	5492	0	3132	0	5670	230	19886	0	556	0	0	0	0	0	0	0	0	0	11110	0	532	0	0	0	286	0	0	0	1192	0	254	0	0	0	0	0	508	0	0	0	722	2222	7522	920	1304	218	418	2054	7578	2762	15434	500	0	564	614	596	740	0	0	0	322	6556	9562	3258	778	842	200	
339664	Occipital_Sup_L	1062	494	0	128	0	0	0	0	0	0	0	0	0	0	0	0	822	0	0	0	0	0	0	0	0	0	0	0	1174	0	0	0	1262	0	0	0	0	0	0	0	0	0	10200	164	19338	186	2848	0	0	0	47804	0	5016	0	808	0	2742	0	24930	0	3154	0	984	0	2214	0	25308	858	0	0	0	0	0	0	0	0	0	0	726	0	1158	0	0	0	13172	0	0	0	3280	0	0	0	0	0	0	0	0	0	0	0	0	0	0	0	0	0	0	0	0	0	0	0	0	0	0	0	
306336	Occipital_Sup_R	0	156	0	0	0	0	0	0	0	0	0	0	0	0	0	0	0	0	0	132	0	0	0	0	0	0	0	0	0	0	0	0	374	3418	0	492	0	224	0	98	0	0	4882	25790	2348	34628	210	5492	0	0	0	24452	0	8430	0	5558	0	1502	0	6576	0	0	0	200	0	3532	958	17154	0	2370	0	0	0	0	0	0	0	0	0	122	0	0	0	0	0	2270	0	0	0	1680	0	0	0	0	0	0	0	0	0	120	0	0	0	0	0	0	0	0	0	0	0	0	0	0	0	0	
570032	Occipital_Mid_L	3958	1718	0	242	0	0	0	0	0	0	90	0	0	0	0	0	2874	0	0	0	0	0	0	0	0	0	0	0	4112	0	0	0	1668	0	524	0	412	0	708	0	0	0	27968	156	14154	140	10146	0	47804	0	0	0	22516	0	6590	0	11906	0	29152	0	10486	0	1390	0	11574	0	32200	592	628	0	0	0	0	0	0	0	116	0	3354	0	2204	0	0	0	30572	0	0	0	4746	0	0	0	0	0	0	0	0	0	218	0	0	0	0	0	0	0	0	0	0	0	0	98	0	0	0	0	
215328	Occipital_Mid_R	0	122	0	0	0	0	0	0	0	0	0	0	0	0	0	0	0	0	0	0	0	0	0	0	0	0	0	0	0	0	0	0	0	740	0	324	0	156	0	0	0	0	1294	12536	496	10436	146	3132	0	24452	0	0	0	11874	0	4580	0	1052	0	2512	0	590	0	554	0	6674	230	5266	0	1144	0	0	0	0	0	0	0	0	0	146	0	204	0	0	0	13666	0	0	0	5228	0	0	0	0	0	0	0	0	0	0	0	0	0	0	0	0	0	0	0	0	0	110	0	0	0	0	
140156	Occipital_Inf_L	288	102	0	0	0	0	0	0	0	0	0	0	0	0	0	0	154	0	0	0	0	0	0	0	0	0	0	0	218	0	0	0	668	0	0	0	296	0	728	0	0	0	6758	0	1732	0	3278	0	5016	0	22516	0	0	0	9982	0	1308	0	2832	0	308	0	0	0	222	0	6112	0	0	0	0	0	0	0	0	0	0	0	242	0	0	0	0	0	4426	0	0	0	1610	0	250	0	0	0	0	0	280	0	612	0	0	0	0	0	0	0	0	0	0	0	140	0	0	0	0	0	
155588	Occipital_Inf_R	0	238	0	0	0	0	0	0	0	0	0	0	0	0	0	0	0	118	0	0	0	0	0	0	0	0	0	0	0	0	0	0	0	982	0	432	0	444	0	122	0	0	744	9702	168	5944	226	5670	0	8430	0	11874	0	0	0	11428	0	1072	0	628	0	142	0	504	0	0	128	4652	0	1452	0	0	0	0	0	0	0	0	0	160	0	192	0	0	0	4420	0	0	0	6236	0	110	0	0	0	0	0	412	0	578	0	0	0	0	0	0	0	0	0	0	262	324	0	0	0	0	
401032	Fusiform_L	164	0	1136	0	0	0	0	0	0	0	134	0	0	0	0	0	688	0	1122	0	0	0	0	0	0	0	0	0	4678	0	0	0	0	0	0	0	14924	0	8776	0	3066	0	2954	0	974	0	17604	230	808	0	6590	0	9982	0	0	0	348	0	0	0	0	0	0	0	0	0	2036	0	0	0	0	0	2074	0	0	0	698	0	200	0	2636	0	2868	0	3266	0	3154	0	19720	0	22090	946	1658	748	638	0	17334	258	36562	1172	322	0	1372	174	738	242	94	0	0	0	1996	1512	1296	284	250	0	
476008	Fusiform_R	0	2080	0	1794	0	0	0	510	0	0	0	204	0	0	0	102	0	0	0	686	0	0	0	0	0	0	0	0	0	3116	0	0	0	124	0	278	0	23798	0	25104	0	5680	996	10674	174	2340	676	19886	0	5558	0	4580	0	11428	0	0	0	380	0	0	0	0	0	118	0	0	0	3704	0	464	0	0	0	3182	0	0	0	568	0	688	0	1382	0	5166	0	3000	0	1976	0	15956	608	16628	268	900	146	1170	1218	17930	798	28092	182	0	278	640	156	602	0	0	0	552	6684	2940	1046	376	418	0	
344784	Postcentral_L	30848	2826	4474	648	0	0	130	0	0	0	1606	0	0	0	0	0	12194	0	4154	162	0	0	0	0	0	0	0	0	10442	0	0	0	264	168	2498	580	1168	0	168	0	0	0	7624	0	824	0	450	0	2742	0	11906	0	1308	0	348	0	0	0	12684	0	17816	0	8832	0	778	0	7252	0	5720	116	930	204	1026	0	166	0	3466	148	4312	0	4578	0	0	0	5666	0	0	0	1166	0	0	0	0	0	0	0	0	0	0	0	0	0	0	0	0	0	0	0	0	0	0	0	0	0	0	0	
179128	Postcentral_R	0	18112	0	1338	0	0	0	102	0	0	0	2158	0	0	0	0	0	3122	0	754	0	0	0	0	0	0	0	0	0	1972	0	208	0	2508	0	2546	0	584	0	0	0	0	0	2842	0	1572	0	556	0	1502	0	1052	0	1072	0	380	0	0	0	4606	0	3982	0	10152	0	2888	0	6390	0	8948	144	2332	0	1042	0	0	0	636	0	918	0	1966	0	0	0	1756	0	0	0	1424	0	0	0	0	0	0	0	0	0	0	0	0	0	0	0	0	0	0	0	0	0	0	0	0	0	0	
295876	Parietal_Sup_L	3392	1542	0	292	0	0	0	0	0	0	0	0	0	0	0	0	1276	0	0	0	0	0	0	0	0	0	0	0	1748	0	0	0	658	0	0	0	0	0	0	0	0	0	3726	0	950	0	90	0	24930	0	29152	0	2832	0	0	0	12684	0	0	0	16676	0	202	0	4032	0	28144	1418	228	0	0	0	0	0	0	0	0	0	612	0	1526	0	0	0	10150	0	0	0	1678	0	0	0	0	0	0	0	0	0	0	0	0	0	0	0	0	0	0	0	0	0	0	0	0	0	0	0	
90992	Parietal_Sup_R	0	314	0	0	0	0	0	0	0	0	0	96	0	0	0	0	0	0	0	0	0	0	0	0	0	0	0	0	0	0	0	0	0	1750	0	614	0	0	0	0	0	0	0	154	0	2398	0	0	0	6576	0	2512	0	628	0	0	0	4606	0	0	0	6410	0	1562	0	5358	1088	10426	0	1004	0	0	0	0	0	0	0	0	0	0	0	0	0	0	0	0	0	0	0	0	0	0	0	0	0	0	0	0	0	0	0	0	0	0	0	0	0	0	0	0	0	0	0	0	0	0	
217508	Parietal_Inf_L	6818	816	0	124	0	0	0	0	0	0	0	0	0	0	0	0	888	0	0	0	0	0	0	0	0	0	0	0	1402	0	0	0	108	0	324	0	0	0	0	0	0	0	3934	0	220	0	140	0	3154	0	10486	0	308	0	0	0	17816	0	16676	0	0	0	11540	0	15662	0	3456	0	574	0	0	0	0	0	0	0	206	0	182	0	1598	0	0	0	7774	0	0	0	4548	0	0	0	0	0	0	0	0	0	0	0	0	0	0	0	0	0	0	0	0	0	0	0	0	0	0	0	
72228	Parietal_Inf_R	0	1320	0	190	0	0	0	0	0	0	0	170	0	0	0	0	0	190	0	0	0	0	0	0	0	0	0	0	0	0	0	0	0	490	0	966	0	0	0	0	0	0	0	176	0	0	0	0	0	0	0	590	0	142	0	0	0	3982	0	6410	0	0	0	9256	0	10402	0	672	0	354	0	172	0	0	0	0	0	0	0	210	0	120	0	0	0	0	0	0	0	302	0	0	0	0	0	0	0	0	0	0	0	0	0	0	0	0	0	0	0	0	0	0	0	0	0	0	
119300	SupraMarginal_L	2404	0	212	0	0	0	0	0	0	0	140	0	0	0	0	0	2942	0	204	0	0	0	0	0	0	0	0	0	3800	0	0	0	0	0	0	0	0	0	0	0	0	0	0	0	0	0	0	0	984	0	1390	0	0	0	0	0	8832	0	202	0	11540	0	0	0	7046	0	146	0	0	0	338	0	0	0	0	0	388	0	1472	0	4412	0	0	0	8126	0	0	0	5072	0	0	0	0	0	0	0	0	0	0	0	0	0	0	0	0	0	0	0	0	0	0	0	0	0	0	0	
144584	SupraMarginal_R	0	3008	0	388	0	0	0	0	0	0	0	152	0	0	0	0	0	3420	0	0	0	0	0	0	0	0	0	0	0	682	0	0	0	362	0	520	0	370	0	0	0	0	0	570	0	182	0	0	0	200	0	554	0	504	0	118	0	10152	0	1562	0	9256	0	0	0	11370	0	840	0	604	0	442	0	614	0	0	0	516	0	1304	0	11834	0	0	0	8202	0	0	0	4566	0	0	0	0	0	0	0	0	0	0	0	0	0	0	0	0	0	0	0	0	0	0	0	0	0	0	
123344	Angular_L	444	0	0	0	0	0	0	0	0	0	0	0	0	0	0	0	256	0	0	0	0	0	0	0	0	0	0	0	230	0	0	0	0	0	0	0	0	0	0	0	0	0	258	0	0	0	0	0	2214	0	11574	0	222	0	0	0	778	0	4032	0	15662	0	7046	0	0	0	1402	0	0	0	0	0	0	0	0	0	0	0	92	0	2132	0	0	0	9908	0	0	0	5422	0	0	0	0	0	0	0	0	0	0	0	0	0	0	0	0	0	0	0	0	0	0	0	0	0	0	0	
121064	Angular_R	0	978	0	92	0	0	0	0	0	0	0	292	0	0	0	0	0	244	0	0	0	0	0	0	0	0	0	0	0	98	0	0	0	134	0	378	0	0	0	0	0	0	0	192	0	218	0	0	0	3532	0	6674	0	0	0	0	0	2888	0	5358	0	10402	0	11370	0	0	0	718	0	414	0	0	0	0	0	0	0	0	0	188	0	6260	0	0	0	7666	0	0	0	2436	0	0	0	0	0	0	0	0	0	0	0	0	0	0	0	0	0	0	0	0	0	0	0	0	0	0	
409308	Precuneus_L	1646	1804	0	478	0	0	0	0	0	0	0	0	0	0	0	0	1072	0	0	328	0	0	0	0	0	0	0	0	1502	0	0	0	3718	942	6914	988	3954	0	2786	0	0	0	17496	844	10946	3308	8858	0	25308	958	32200	230	6112	128	2036	0	7252	0	28144	1088	3456	0	146	0	1402	0	0	9992	2468	572	0	0	0	0	0	0	0	0	1124	0	1114	0	0	0	12030	0	0	0	1310	0	0	0	0	0	0	0	0	0	0	0	0	0	0	0	0	0	0	0	0	0	0	0	0	0	0	0	
416236	Precuneus_R	0	4322	0	870	0	0	0	224	0	0	0	158	0	0	0	0	0	174	0	3676	0	0	0	0	0	0	0	0	0	560	0	0	1240	14578	1102	16384	172	9142	0	3310	0	0	678	27710	902	24368	0	11110	858	17154	592	5266	0	4652	0	3704	0	6390	1418	10426	0	672	0	840	0	718	9992	0	0	13036	0	214	0	256	0	0	0	3458	0	1436	0	662	0	0	0	2218	0	0	0	2932	0	0	0	0	0	0	0	0	0	0	0	0	0	0	0	0	0	0	0	0	544	0	0	0	0	0	
93352	Paracentral_Lobule_L	6214	4836	314	2612	0	0	0	182	0	0	0	0	0	0	0	0	90	0	2110	3234	0	0	0	0	0	0	0	0	160	0	0	112	1442	2290	4882	660	266	0	168	0	0	0	1430	0	694	0	130	0	0	0	628	0	0	0	0	0	5720	0	228	0	574	0	0	0	0	0	2468	0	0	1108	414	260	508	0	242	0	1294	0	0	0	0	0	0	0	1306	0	0	0	100	0	0	0	0	0	0	0	0	0	0	0	0	0	0	0	0	0	0	0	0	0	0	0	0	0	0	0	
194300	Paracentral_Lobule_R	0	10858	0	238	0	0	0	0	0	0	0	102	0	0	0	0	0	0	0	12722	0	0	0	0	0	0	0	0	0	340	0	0	1076	15192	542	13158	0	802	0	0	0	0	0	3680	0	3304	0	532	0	2370	0	1144	0	1452	0	464	116	8948	0	1004	0	354	0	604	0	414	572	13036	1108	0	0	0	0	0	0	0	0	0	0	592	0	392	0	0	0	630	0	0	0	1404	0	0	0	0	0	0	0	0	0	0	0	0	0	0	0	0	0	0	0	0	0	0	0	0	0	0	
345520	Caudate_L	5786	464	17444	7610	134	694	1288	2722	0	0	912	2760	0	1680	192	562	1066	0	18216	10218	6996	6424	780	628	210	1054	1824	1192	1526	694	6462	7496	0	7244	0	0	1042	0	484	0	306	0	0	0	0	0	0	0	0	0	0	0	0	0	0	0	930	144	0	0	0	0	338	0	0	0	0	0	414	0	0	9328	17488	3444	3996	98	16918	2868	106	0	182	0	396	0	0	0	0	0	0	0	0	0	0	0	0	0	0	0	0	0	0	0	0	0	0	0	0	0	0	0	0	0	0	0	0	0	
456732	Caudate_R	1722	17442	584	25816	0	2894	534	6564	0	0	0	1522	0	1900	0	834	0	286	694	24520	3438	5766	2172	12084	0	3778	522	2348	148	2946	6736	29460	0	5186	2428	3052	1000	306	430	220	0	180	0	0	0	0	0	0	0	0	0	0	0	0	0	0	204	2332	0	0	0	172	0	442	0	0	0	214	260	0	9328	0	5276	17502	668	1758	2476	19592	286	0	0	208	0	136	0	0	0	0	0	0	0	0	0	0	0	0	0	0	0	0	0	0	0	0	0	0	0	0	0	0	0	0	0	0	0	0	
315464	Putamen_L	4166	178	19122	1214	9138	392	544	156	2562	0	1060	0	0	0	1938	0	3330	0	17920	1246	3998	4372	1998	322	1436	762	656	714	16528	0	7304	2704	0	658	0	0	6976	0	1248	0	656	0	0	0	0	0	0	0	0	0	0	0	0	0	2074	0	1026	0	0	0	0	0	0	0	0	0	0	0	508	0	17488	5276	0	2702	4838	0	4264	268	276	0	3664	0	1150	0	0	0	0	0	798	0	0	0	0	0	0	0	0	0	102	0	0	0	0	0	0	0	0	0	0	0	0	0	0	0	0	0	
359428	Putamen_R	0	9700	232	16896	0	5814	0	7030	0	122	0	6578	0	1296	0	2928	0	4614	308	11822	1456	2452	916	8834	0	4694	174	2376	0	23666	1628	13316	0	2342	0	302	0	8842	0	4984	0	974	0	0	0	0	0	286	0	0	0	0	0	0	0	3182	0	1042	0	0	0	0	0	614	0	0	0	256	0	0	3444	17502	2702	0	254	1516	0	1894	0	0	0	1076	0	308	0	94	0	0	0	820	0	98	0	0	0	0	0	194	0	136	0	0	0	0	0	0	0	0	0	0	0	0	0	0	0	0	
47412	Pallidum_L	2848	0	3296	0	0	0	128	0	0	0	0	0	0	0	0	0	166	0	3868	0	0	130	0	0	0	0	0	0	198	0	0	0	0	0	0	0	654	0	0	0	0	0	0	0	0	0	0	0	0	0	0	0	0	0	0	0	166	0	0	0	0	0	0	0	0	0	0	0	242	0	3996	668	4838	254	0	0	2122	132	0	0	0	0	0	0	0	0	0	0	0	0	0	0	0	0	0	0	0	0	0	0	0	0	0	0	0	0	0	0	0	0	0	0	0	0	0	0	
23340	Pallidum_R	0	1914	0	2332	0	0	0	2112	0	0	0	0	0	0	0	0	0	0	0	426	0	0	0	114	0	0	0	0	0	0	0	114	0	0	0	0	0	564	0	556	0	0	0	0	0	0	0	0	0	0	0	0	0	0	0	0	0	0	0	0	0	0	0	0	0	0	0	0	0	0	98	1758	0	1516	0	0	0	166	0	0	0	0	0	0	0	0	0	0	0	0	0	0	0	0	0	0	0	0	0	0	0	0	0	0	0	0	0	0	0	0	0	0	0	0	0	0	
222796	Thalamus_L	15726	2764	1194	1168	0	0	1306	0	0	0	1086	0	0	0	0	0	3322	0	782	1192	0	0	0	0	0	0	0	0	6878	0	98	122	0	438	5378	5196	6876	362	2342	0	340	0	0	0	0	0	0	0	0	0	116	0	0	0	698	0	3466	0	0	0	206	0	388	0	0	0	0	0	1294	0	16918	2476	4264	0	2122	0	0	15966	1710	0	2068	0	0	0	570	0	0	0	2566	0	0	0	0	0	0	0	0	0	0	0	0	0	0	0	0	0	0	0	0	0	0	0	0	0	0	0	
267108	Thalamus_R	3422	20776	0	14644	0	0	174	476	0	0	0	176	0	0	0	0	178	424	0	11496	0	0	0	0	0	0	0	0	474	632	0	0	0	0	6768	10616	3970	6186	1646	1060	0	0	0	254	0	0	254	1192	0	0	0	0	0	0	0	568	148	636	0	0	0	0	0	516	0	0	0	3458	0	0	2868	19592	268	1894	132	166	15966	0	1102	0	328	224	0	0	0	0	0	0	0	256	0	0	0	0	0	0	138	0	0	0	0	0	0	0	0	0	0	0	0	176	300	0	0	0	0	0	
122408	Heschl_L	6040	936	544	0	0	0	0	0	0	0	396	0	0	0	0	0	7070	0	520	0	0	0	0	0	0	0	0	0	11296	0	0	0	0	0	2818	2078	2314	160	0	0	0	0	226	0	0	0	94	0	726	0	3354	0	242	0	200	0	4312	0	612	0	182	0	1472	0	92	0	1124	0	0	0	106	286	276	0	0	0	1710	1102	0	0	5156	0	0	0	3840	0	0	0	1920	0	0	0	0	0	0	0	0	0	0	0	0	0	0	0	0	0	0	0	0	0	0	0	0	0	0	0	
54120	Heschl_R	0	1070	0	302	0	0	0	0	0	0	0	182	0	0	0	0	0	1470	0	112	0	0	0	0	0	0	0	0	0	1848	0	0	0	0	0	0	0	1124	0	260	0	0	0	1216	0	224	0	254	0	122	0	146	0	160	0	688	0	918	0	0	0	210	0	1304	0	188	0	1436	0	592	0	0	0	0	0	0	0	0	0	0	0	6332	0	0	0	2612	0	0	0	4290	0	0	0	0	0	0	0	0	0	0	0	0	0	0	0	0	0	0	0	0	0	0	0	0	0	0	
270068	Temporal_Sup_L	7392	278	5874	0	0	0	3368	0	0	0	9222	0	238	0	0	0	20270	0	5052	168	0	0	0	0	0	0	0	0	17776	0	0	0	0	0	962	782	3314	92	254	0	0	0	0	0	0	0	0	0	1158	0	2204	0	0	0	2636	0	4578	0	1526	0	1598	0	4412	0	2132	0	1114	0	0	0	182	0	3664	0	0	0	2068	328	5156	0	0	0	2072	0	15068	0	0	0	10096	0	0	0	0	0	0	0	0	0	0	0	0	0	0	0	0	0	0	0	0	0	0	0	0	0	0	0	
152516	Temporal_Sup_R	0	1442	0	1362	0	0	0	720	0	0	0	734	0	0	0	0	0	5642	0	998	0	0	0	160	0	0	0	0	0	3274	0	180	0	172	0	206	0	1360	0	656	0	0	0	492	0	188	0	0	0	0	0	204	0	192	0	1382	0	1966	0	0	0	120	0	11834	0	6260	0	662	0	392	0	208	0	1076	0	0	0	224	0	6332	0	0	0	1486	0	18000	0	322	0	8012	0	0	0	0	0	0	0	0	0	0	0	0	0	0	0	0	0	0	0	0	0	0	0	0	0	0	
81828	Temporal_Pole_Sup_L	340	0	1244	0	268	0	418	0	0	0	4038	0	136	0	628	0	3448	0	856	224	684	0	0	0	0	0	0	0	6478	0	230	332	0	208	0	0	1014	0	1574	0	1574	0	0	0	0	0	0	0	0	0	0	0	0	0	2868	0	0	0	0	0	0	0	0	0	0	0	0	0	0	0	396	0	1150	0	0	0	0	0	0	0	2072	0	0	0	3610	0	3660	0	3464	0	0	0	0	0	0	0	0	0	0	0	0	0	0	0	0	0	0	0	0	0	0	0	0	0	0	0	
69240	Temporal_Pole_Sup_R	0	0	0	2532	0	0	0	0	0	0	0	2908	0	0	0	320	0	3538	0	3222	0	378	0	0	0	0	0	0	0	2662	0	0	0	0	0	0	0	790	0	2760	0	1954	0	0	0	0	0	0	0	0	0	0	0	0	0	5166	0	0	0	0	0	0	0	0	0	0	0	0	0	0	0	136	0	308	0	0	0	0	0	0	0	1486	0	0	0	1616	0	3112	0	1732	0	0	0	0	0	0	0	0	0	0	0	0	0	0	0	0	0	0	0	0	0	0	0	0	0	0	
375696	Temporal_Mid_L	3026	0	0	0	0	0	0	0	0	0	168	0	0	0	0	0	3408	0	0	0	0	0	0	0	0	0	0	0	5002	0	0	0	0	0	652	0	592	0	140	0	0	0	4292	0	574	0	2072	0	13172	0	30572	0	4426	0	3266	0	5666	0	10150	0	7774	0	8126	0	9908	0	12030	0	1306	0	0	0	0	0	0	0	570	0	3840	0	15068	0	3610	0	0	0	4408	0	34030	0	0	0	0	0	0	0	0	0	0	0	0	0	0	0	0	0	0	0	0	0	0	0	0	0	0	0	
190520	Temporal_Mid_R	0	348	0	126	0	0	0	0	0	0	0	0	0	0	0	0	0	182	0	0	0	0	0	0	0	0	0	0	0	462	0	0	0	158	0	142	0	442	0	342	0	0	0	3616	0	1742	0	508	0	2270	0	13666	0	4420	0	3000	0	1756	0	0	0	0	0	8202	0	7666	0	2218	0	630	0	0	0	94	0	0	0	0	0	2612	0	18000	0	1616	0	0	0	924	0	20118	0	0	0	0	0	0	0	0	0	0	0	0	0	0	0	0	0	0	0	0	0	0	0	0	0	0	
40008	Temporal_Pole_Mid_L	0	0	0	0	0	0	0	0	0	0	0	0	0	0	0	0	0	0	0	0	0	0	0	0	0	0	0	0	94	0	0	0	0	0	0	0	708	0	2522	0	996	0	0	0	0	0	0	0	0	0	0	0	0	0	3154	0	0	0	0	0	0	0	0	0	0	0	0	0	0	0	0	0	0	0	0	0	0	0	0	0	0	0	3660	0	4408	0	0	0	4462	0	0	0	0	0	0	0	0	0	0	0	0	0	0	0	0	0	0	0	0	0	0	0	0	0	0	0	
17984	Temporal_Pole_Mid_R	0	0	0	0	0	0	0	0	0	0	0	0	0	0	0	0	0	0	0	0	0	0	0	0	0	0	0	0	0	0	0	0	0	0	0	0	0	0	0	1408	0	186	0	0	0	0	0	0	0	0	0	0	0	0	0	1976	0	0	0	0	0	0	0	0	0	0	0	0	0	0	0	0	0	0	0	0	0	0	0	0	0	322	0	3112	0	924	0	0	0	1064	0	0	0	0	0	0	0	0	0	0	0	0	0	0	0	0	0	0	0	0	0	0	0	0	0	0	
273556	Temporal_Inf_L	986	0	580	0	0	0	0	0	0	0	192	0	0	0	0	0	1838	0	582	0	0	0	0	0	0	0	0	0	5056	0	0	0	0	0	180	166	7962	0	1420	0	1144	0	138	0	0	0	288	0	3280	0	4746	0	1610	0	19720	0	1166	0	1678	0	4548	0	5072	0	5422	0	1310	0	100	0	0	0	798	0	0	0	2566	0	1920	0	10096	0	3464	0	34030	0	4462	0	0	0	6308	0	512	0	0	0	326	0	2802	0	96	0	214	0	0	0	0	0	0	0	0	0	0	0	0	0	
226312	Temporal_Inf_R	0	2574	0	1438	0	0	0	132	0	0	0	152	0	0	0	0	0	252	0	354	0	0	0	0	0	0	0	0	0	2818	0	0	0	512	0	434	0	11942	0	5572	0	148	0	3708	0	1242	0	722	0	1680	0	5228	0	6236	0	15956	0	1424	0	0	0	302	0	4566	0	2436	0	2932	0	1404	0	0	0	820	0	0	0	256	0	4290	0	8012	0	1732	0	20118	0	1064	0	0	0	1870	0	0	0	0	0	372	0	458	0	0	0	0	0	0	0	0	0	0	0	0	0	0	0	0	
488692	Cerebelum_Crus1_L	0	0	0	0	0	0	0	0	0	0	0	0	0	0	0	0	0	0	0	0	0	0	0	0	0	0	0	0	0	0	0	0	0	0	0	0	224	0	188	296	0	0	0	0	0	0	6714	2222	0	0	0	0	250	0	22090	608	0	0	0	0	0	0	0	0	0	0	0	0	0	0	0	0	0	0	0	0	0	0	0	0	0	0	0	0	0	0	0	0	6308	0	0	4818	40238	3944	2214	380	14778	1904	47740	7020	15570	696	23556	4582	6942	2424	1380	228	100	460	3280	5056	12724	2918	2274	220	
486992	Cerebelum_Crus1_R	0	0	0	0	0	0	0	0	0	0	0	0	0	0	0	0	0	0	0	0	0	0	0	0	0	0	0	0	0	0	0	0	0	0	0	0	0	1930	0	3194	0	462	0	0	0	0	1662	7522	0	0	0	0	0	110	946	16628	0	0	0	0	0	0	0	0	0	0	0	0	0	0	0	0	0	98	0	0	0	0	0	0	0	0	0	0	0	0	0	0	0	1870	4818	0	2242	39954	666	3020	3802	18750	5612	55312	1116	8402	1220	22112	1264	4240	0	542	286	2166	8870	6904	11170	3070	3312	224	
326300	Cerebelum_Crus2_L	0	0	0	0	0	0	0	0	0	0	0	0	0	0	0	0	0	0	0	0	0	0	0	0	0	0	0	0	0	0	0	0	0	0	0	0	0	0	0	0	0	0	0	0	0	0	1864	920	0	0	0	0	0	0	1658	268	0	0	0	0	0	0	0	0	0	0	0	0	0	0	0	0	0	0	0	0	0	0	0	0	0	0	0	0	0	0	0	0	512	0	40238	2242	0	5608	380	0	2630	452	7476	2038	36328	3104	35158	2958	4522	624	1746	0	0	102	752	1524	8026	1814	206	0	
339380	Cerebelum_Crus2_R	0	0	0	0	0	0	0	0	0	0	0	0	0	0	0	0	0	0	0	0	0	0	0	0	0	0	0	0	0	0	0	0	0	0	0	0	0	0	0	282	0	0	0	0	0	0	1066	1304	0	0	0	0	0	0	748	900	0	0	0	0	0	0	0	0	0	0	0	0	0	0	0	0	0	0	0	0	0	0	0	0	0	0	0	0	0	0	0	0	0	0	3944	39954	5608	0	178	376	1222	2780	2732	13076	3880	24408	4264	35344	1108	5916	0	770	0	442	2044	2138	10920	3314	972	0	
79548	Cerebelum_3_L	0	0	0	0	0	0	0	0	0	0	0	0	0	0	0	0	0	0	0	0	0	0	0	0	0	0	0	0	0	0	0	0	0	0	0	0	0	0	254	0	0	0	0	0	0	0	632	218	0	0	0	0	0	0	638	146	0	0	0	0	0	0	0	0	0	0	0	0	0	0	0	0	0	0	0	0	0	0	0	0	0	0	0	0	0	0	0	0	0	0	2214	666	380	178	0	418	11662	600	4174	1014	0	0	832	448	3690	1112	220	0	1216	2840	1448	840	1454	998	1166	316	
90820	Cerebelum_3_R	0	0	0	0	0	0	0	0	0	0	0	0	0	0	0	0	0	0	0	0	0	0	0	0	0	0	0	0	0	0	0	0	0	0	0	0	0	368	0	608	0	214	0	0	0	0	0	418	0	0	0	0	0	0	0	1170	0	0	0	0	0	0	0	0	0	0	0	0	0	0	0	0	0	0	0	0	0	0	0	0	0	0	0	0	0	0	0	0	0	0	380	3020	0	376	418	0	912	6756	1356	7404	0	0	260	822	546	3584	0	0	1068	7024	1852	1710	1086	1420	2156	482	
332964	Cerebelum_4_5_L	0	0	0	0	0	0	0	0	0	0	0	0	0	0	0	0	0	0	0	0	0	0	0	0	0	0	0	0	0	0	0	0	0	0	0	0	204	0	850	168	0	0	0	0	0	0	12666	2054	0	0	0	0	280	0	17334	1218	0	0	0	0	0	0	0	0	0	0	0	0	0	0	0	0	0	0	0	0	0	138	0	0	0	0	0	0	0	0	0	0	326	0	14778	3802	2630	1222	11662	912	0	4108	36446	5756	888	0	3528	1560	8166	2494	674	0	1092	3026	14156	4346	3572	2082	2986	1358	
312496	Cerebelum_4_5_R	0	0	0	0	0	0	0	0	0	0	0	0	0	0	0	0	0	0	0	0	0	0	0	0	0	0	0	0	0	0	0	0	0	0	0	0	0	3210	0	7164	0	902	0	96	0	0	864	7578	0	0	0	0	0	412	258	17930	0	0	0	0	0	0	0	0	0	0	0	0	0	0	0	0	0	194	0	0	0	0	0	0	0	0	0	0	0	0	0	0	0	372	1904	18750	452	2780	600	6756	4108	0	3096	36048	154	330	1136	4134	676	5968	0	312	230	3104	16354	1782	3228	2328	2716	322	
495336	Cerebelum_6_L	0	0	0	0	0	0	0	0	0	0	0	0	0	0	0	0	0	0	0	0	0	0	0	0	0	0	0	0	0	0	0	0	0	0	0	0	510	0	982	250	0	0	180	0	0	0	16062	2762	0	0	218	0	612	0	36562	798	0	0	0	0	0	0	0	0	0	0	0	0	0	0	0	0	102	0	0	0	0	0	0	0	0	0	0	0	0	0	0	0	2802	0	47740	5612	7476	2732	4174	1356	36446	3096	0	8972	2868	0	7812	2688	7680	3666	870	210	862	2028	10424	10720	9412	3652	4308	1024	
542788	Cerebelum_6_R	0	0	0	0	0	0	0	0	0	0	0	0	0	0	0	0	0	0	0	0	0	0	0	0	0	0	0	0	0	0	0	0	0	0	0	0	0	2680	0	4950	0	688	0	124	0	0	2704	15434	0	120	0	0	0	578	1172	28092	0	0	0	0	0	0	0	0	0	0	0	0	0	0	0	0	0	136	0	0	0	0	0	0	0	0	0	0	0	0	0	0	0	458	7020	55312	2038	13076	1014	7404	5756	36048	8972	0	1036	466	1990	10272	1964	5556	0	552	444	3886	16864	12980	12222	4130	4838	418	
238860	Cerebelum_7b_L	0	0	0	0	0	0	0	0	0	0	0	0	0	0	0	0	0	0	0	0	0	0	0	0	0	0	0	0	0	0	0	0	0	0	0	0	0	0	0	0	0	0	0	0	0	0	170	500	0	0	0	0	0	0	322	182	0	0	0	0	0	0	0	0	0	0	0	0	0	0	0	0	0	0	0	0	0	0	0	0	0	0	0	0	0	0	0	0	96	0	15570	1116	36328	3880	0	0	888	154	2868	1036	0	2016	35544	2444	5604	564	1600	0	0	0	122	504	5818	1844	260	0	
142448	Cerebelum_7b_R	0	0	0	0	0	0	0	0	0	0	0	0	0	0	0	0	0	0	0	0	0	0	0	0	0	0	0	0	0	0	0	0	0	0	0	0	0	0	0	138	0	0	0	0	0	0	0	0	0	0	0	0	0	0	0	0	0	0	0	0	0	0	0	0	0	0	0	0	0	0	0	0	0	0	0	0	0	0	0	0	0	0	0	0	0	0	0	0	0	0	696	8402	3104	24408	0	0	0	330	0	466	2016	0	1526	20316	446	4004	0	140	0	0	0	0	3456	1614	162	0	
359684	Cerebelum_8_L	0	0	0	0	0	0	0	0	0	0	0	0	0	0	0	0	0	0	0	0	0	0	0	0	0	0	0	0	0	0	0	0	0	0	0	0	0	0	0	254	0	0	0	0	0	0	1038	564	0	0	0	0	0	0	1372	278	0	0	0	0	0	0	0	0	0	0	0	0	0	0	0	0	0	0	0	0	0	0	0	0	0	0	0	0	0	0	0	0	214	0	23556	1220	35158	4264	832	260	3528	1136	7812	1990	35544	1526	0	5072	24706	3340	6902	0	0	212	750	732	8838	6036	2486	222	
327632	Cerebelum_8_R	0	0	0	0	0	0	0	0	0	0	0	0	0	0	0	0	0	0	0	0	0	0	0	0	0	0	0	0	0	0	0	0	0	0	0	0	0	90	0	672	0	0	0	0	0	0	416	614	0	0	0	0	0	0	174	640	0	0	0	0	0	0	0	0	0	0	0	0	0	0	0	0	0	0	0	0	0	0	0	0	0	0	0	0	0	0	0	0	0	0	4582	22112	2958	35344	448	822	1560	4134	2688	10272	2444	20316	5072	0	2666	24306	108	1464	0	716	1854	652	9182	5006	2394	110	
209508	Cerebelum_9_L	0	0	0	0	0	0	0	0	0	0	0	0	0	0	0	0	0	0	0	0	0	0	0	0	0	0	0	0	0	0	0	0	0	0	0	0	0	0	0	156	0	0	0	0	0	0	832	596	0	0	0	0	0	0	738	156	0	0	0	0	0	0	0	0	0	0	0	0	0	0	0	0	0	0	0	0	0	0	0	0	0	0	0	0	0	0	0	0	0	0	6942	1264	4522	1108	3690	546	8166	676	7680	1964	5604	446	24706	2666	0	4828	8638	0	382	780	992	1780	5398	4538	4016	944	
238004	Cerebelum_9_R	0	0	0	0	0	0	0	0	0	0	0	0	0	0	0	0	0	0	0	0	0	0	0	0	0	0	0	0	0	0	0	0	0	0	0	0	0	298	0	2050	0	0	0	0	0	0	426	740	0	0	0	0	0	0	242	602	0	0	0	0	0	0	0	0	0	0	0	0	0	0	0	0	0	0	0	0	0	0	0	0	0	0	0	0	0	0	0	0	0	0	2424	4240	624	5916	1112	3584	2494	5968	3666	5556	564	4004	3340	24306	4828	0	212	1688	1368	4002	2570	3816	6448	9074	10496	2344	
45084	Cerebelum_10_L	0	0	0	0	0	0	0	0	0	0	0	0	0	0	0	0	0	0	0	0	0	0	0	0	0	0	0	0	0	0	0	0	0	0	0	0	0	0	0	0	0	0	0	0	0	0	0	0	0	0	0	0	0	0	94	0	0	0	0	0	0	0	0	0	0	0	0	0	0	0	0	0	0	0	0	0	0	0	0	0	0	0	0	0	0	0	0	0	0	0	1380	0	1746	0	220	0	674	0	870	0	1600	0	6902	108	8638	212	0	0	0	0	0	0	98	0	0	0	
14436	Cerebelum_10_R	0	0	0	0	0	0	0	0	0	0	0	0	0	0	0	0	0	0	0	0	0	0	0	0	0	0	0	0	0	0	0	0	0	0	0	0	0	0	0	0	0	0	0	0	0	0	0	0	0	0	0	0	0	0	0	0	0	0	0	0	0	0	0	0	0	0	0	0	0	0	0	0	0	0	0	0	0	0	0	0	0	0	0	0	0	0	0	0	0	0	228	542	0	770	0	0	0	312	210	552	0	140	0	1464	0	1688	0	0	0	0	0	0	452	410	450	0	
38296	Vermis_1_2	0	0	0	0	0	0	0	0	0	0	0	0	0	0	0	0	0	0	0	0	0	0	0	0	0	0	0	0	0	0	0	0	0	0	0	0	0	0	0	0	0	0	0	0	0	0	0	0	0	0	0	0	0	0	0	0	0	0	0	0	0	0	0	0	0	0	0	0	0	0	0	0	0	0	0	0	0	0	0	0	0	0	0	0	0	0	0	0	0	0	100	286	0	0	1216	1068	1092	230	862	444	0	0	0	0	382	1368	0	0	0	6638	2420	988	196	432	1006	420	
104164	Vermis_3	0	0	0	0	0	0	0	0	0	0	0	0	0	0	0	0	0	0	0	0	0	0	0	0	0	0	0	0	0	0	0	0	0	0	0	0	104	0	0	0	0	0	0	0	0	0	126	322	0	0	0	0	0	0	0	552	0	0	0	0	0	0	0	0	0	0	0	0	0	0	0	0	0	0	0	0	0	176	0	0	0	0	0	0	0	0	0	0	0	0	460	2166	102	442	2840	7024	3026	3104	2028	3886	0	0	212	716	780	4002	0	0	6638	0	5366	2316	886	1350	2596	862	
246452	Vermis_4_5	0	0	0	0	0	0	0	0	0	0	0	0	0	0	0	0	0	0	0	0	0	0	0	0	0	0	0	0	0	0	0	0	0	0	0	434	0	434	0	0	0	0	0	212	0	0	4276	6556	0	0	0	0	140	262	1996	6684	0	0	0	0	0	0	0	0	0	0	0	544	0	0	0	0	0	0	0	0	0	300	0	0	0	0	0	0	0	0	0	0	0	0	3280	8870	752	2044	1448	1852	14156	16354	10424	16864	122	0	750	1854	992	2570	0	0	2420	5366	0	5850	566	576	2044	2234	
