data	data	392692	320968	742748	784016	189428	78484	388480	178372	70372	17824	287864	291396	259464	192244	146900	103156	246412	123604	707380	847972	109140	128484	322216	353644	43104	90448	72288	99216	558368	353616	328344	532940	173564	493432	140740	207048	246376	346892	124788	192492	29688	85460	234180	312120	112024	343644	322560	302348	187168	354504	491772	299060	181080	187860	355336	448048	290016	183696	185300	119268	203984	113420	138388	144368	103416	136752	349200	464996	150828	220276	340892	385060	327776	348092	39556	47848	131516	204728	118764	33208	271288	137860	85580	52940	365128	247892	22952	22268	261060	175272	576552	451652	359832	266164	56152	69244	404428	261416	562452	448264	238872	140432	275868	281784	147160	172056	11652	5904	30064	100196	304732	214996	159452	184848	135412	59588	
data	data	Precentral_L	Precentral_R	Frontal_Sup_L	Frontal_Sup_R	Frontal_Sup_Orb_L	Frontal_Sup_Orb_R	Frontal_Mid_L	Frontal_Mid_R	Frontal_Mid_Orb_L	Frontal_Mid_Orb_R	Frontal_Inf_Oper_L	Frontal_Inf_Oper_R	Frontal_Inf_Tri_L	Frontal_Inf_Tri_R	Frontal_Inf_Orb_L	Frontal_Inf_Orb_R	Rolandic_Oper_L	Rolandic_Oper_R	Supp_Motor_Area_L	Supp_Motor_Area_R	Olfactory_L	Olfactory_R	Frontal_Sup_Medial_L	Frontal_Sup_Medial_R	Frontal_Med_Orb_L	Frontal_Med_Orb_R	Rectus_L	Rectus_R	Insula_L	Insula_R	Cingulum_Ant_L	Cingulum_Ant_R	Cingulum_Mid_L	Cingulum_Mid_R	Cingulum_Post_L	Cingulum_Post_R	Hippocampus_L	Hippocampus_R	ParaHippocampal_L	ParaHippocampal_R	Amygdala_L	Amygdala_R	Calcarine_L	Calcarine_R	Cuneus_L	Cuneus_R	Lingual_L	Lingual_R	Occipital_Sup_L	Occipital_Sup_R	Occipital_Mid_L	Occipital_Mid_R	Occipital_Inf_L	Occipital_Inf_R	Fusiform_L	Fusiform_R	Postcentral_L	Postcentral_R	Parietal_Sup_L	Parietal_Sup_R	Parietal_Inf_L	Parietal_Inf_R	SupraMarginal_L	SupraMarginal_R	Angular_L	Angular_R	Precuneus_L	Precuneus_R	Paracentral_Lobule_L	Paracentral_Lobule_R	Caudate_L	Caudate_R	Putamen_L	Putamen_R	Pallidum_L	Pallidum_R	Thalamus_L	Thalamus_R	Heschl_L	Heschl_R	Temporal_Sup_L	Temporal_Sup_R	Temporal_Pole_Sup_L	Temporal_Pole_Sup_R	Temporal_Mid_L	Temporal_Mid_R	Temporal_Pole_Mid_L	Temporal_Pole_Mid_R	Temporal_Inf_L	Temporal_Inf_R	Cerebelum_Crus1_L	Cerebelum_Crus1_R	Cerebelum_Crus2_L	Cerebelum_Crus2_R	Cerebelum_3_L	Cerebelum_3_R	Cerebelum_4_5_L	Cerebelum_4_5_R	Cerebelum_6_L	Cerebelum_6_R	Cerebelum_7b_L	Cerebelum_7b_R	Cerebelum_8_L	Cerebelum_8_R	Cerebelum_9_L	Cerebelum_9_R	Cerebelum_10_L	Cerebelum_10_R	Vermis_1_2	Vermis_3	Vermis_4_5	Vermis_6	Vermis_7	Vermis_8	Vermis_9	Vermis_10	
392692	Precentral_L	0	5328	4610	4840	0	0	17820	1572	0	0	10724	1490	1310	0	0	82	12198	0	5786	11830	0	0	0	448	0	0	0	0	9086	192	94	682	1200	7716	2534	942	4468	1254	372	468	0	0	0	0	0	0	0	0	0	0	918	0	610	0	290	254	28448	286	0	0	2076	0	2744	0	0	0	356	0	13892	3722	2644	1322	5934	232	922	114	10712	3962	5240	0	3726	0	0	0	556	0	0	0	340	0	0	0	0	0	0	0	0	0	0	0	0	0	0	0	0	0	0	0	0	0	0	0	0	0	0	0	
320968	Precentral_R	5328	0	354	7754	206	0	1112	10268	0	0	0	23352	0	3008	0	0	0	4288	812	11498	0	0	118	0	0	0	0	0	538	5918	754	160	788	3594	692	2042	134	3108	112	774	0	0	0	314	0	2362	0	562	0	2138	0	1948	0	2522	0	2254	0	13024	0	930	0	228	0	3818	0	0	318	3984	1968	10204	1994	2108	224	7680	0	1384	1254	4452	0	348	0	1210	0	0	0	3854	0	0	0	1542	0	0	0	0	0	0	0	278	0	388	0	0	0	0	0	0	0	0	0	0	356	126	0	0	0	0	
742748	Frontal_Sup_L	4610	354	0	7602	14200	0	54382	2138	3716	0	15654	1462	22426	246	5164	0	2358	0	67838	11028	0	0	36782	8892	1248	326	328	0	30066	268	15524	9346	5250	8078	0	0	2160	114	386	0	0	0	0	0	0	0	0	0	0	0	0	0	0	0	544	0	1182	0	0	0	322	0	930	0	0	0	0	0	418	0	6704	868	21602	150	2878	0	1174	0	272	0	530	0	1396	0	0	0	0	0	458	0	0	0	0	0	0	0	0	0	0	0	0	0	0	0	0	0	0	0	0	0	0	0	0	0	0	0	
784016	Frontal_Sup_R	4840	7754	7602	0	402	1150	3566	17128	0	400	2778	10914	346	12660	0	4546	1574	9410	21530	81578	0	282	8680	38840	0	1608	0	418	3818	16726	4882	35546	824	15050	1088	1350	1568	2880	822	274	0	198	0	0	0	0	102	0	0	0	0	0	0	0	0	0	394	1518	0	0	0	0	0	0	0	0	208	144	330	822	6406	24190	1406	16548	0	2714	904	9780	186	1040	360	1924	0	0	0	0	0	0	0	0	0	0	0	0	0	0	0	0	0	0	0	0	0	0	0	0	0	0	0	0	0	0	0	0	0	0	
189428	Frontal_Sup_Orb_L	0	206	14200	402	0	84	2136	1646	7402	0	1646	1110	3034	0	12340	0	154	0	3336	160	3264	398	1690	290	2282	164	5958	200	18410	0	1434	394	120	0	0	0	212	0	0	0	0	0	0	0	0	0	0	0	0	0	0	0	0	0	0	0	0	0	0	0	0	0	0	0	0	0	0	0	0	0	4478	354	5578	0	0	0	0	0	0	0	94	0	1538	0	0	0	0	0	0	0	0	0	0	0	0	0	0	0	0	0	0	0	0	0	0	0	0	0	0	0	0	0	0	0	0	0	
78484	Frontal_Sup_Orb_R	0	0	0	1150	84	0	0	116	0	1542	0	0	0	0	0	2402	0	0	0	172	1228	3796	0	1170	128	7258	330	9276	0	764	456	2106	0	0	0	0	0	0	0	0	0	186	0	0	0	0	0	0	0	0	0	0	0	0	0	0	0	0	0	0	0	0	0	0	0	0	0	0	0	0	1038	3412	348	2280	0	0	0	0	0	0	0	0	0	0	0	0	0	0	0	0	0	0	0	0	0	0	0	0	0	0	0	0	0	0	0	0	0	0	0	0	0	0	0	0	0	0	
388480	Frontal_Mid_L	17820	1112	54382	3566	2136	0	0	2230	2590	0	11588	1716	25762	0	3634	0	2632	0	12924	4492	0	0	10946	2058	0	0	0	0	11844	100	2534	2250	1468	1804	124	124	452	446	0	0	0	0	0	0	0	0	0	0	0	0	0	0	0	0	0	0	1458	222	0	0	0	0	0	0	0	0	0	0	1696	156	3866	682	3116	0	230	0	1224	130	450	0	276	0	0	0	0	0	0	0	0	0	0	0	0	0	0	0	0	0	0	0	0	0	0	0	0	0	0	0	0	0	0	0	0	0	0	0	
178372	Frontal_Mid_R	1572	10268	2138	17128	1646	116	2230	0	0	330	224	10646	0	8820	0	1322	142	1588	1440	4180	0	0	770	1916	0	0	0	0	2524	3700	1794	2012	0	864	0	0	108	266	0	94	0	0	0	0	0	0	0	0	0	0	0	0	0	0	0	0	100	1278	0	0	0	0	0	270	0	0	0	88	0	0	4218	542	408	3316	0	386	110	632	0	0	0	0	0	0	0	0	0	0	0	0	0	0	0	0	0	0	0	0	0	0	0	0	0	0	0	0	0	0	0	0	0	0	0	0	0	0	
70372	Frontal_Mid_Orb_L	0	0	3716	0	7402	0	2590	0	0	0	0	0	3820	0	11506	0	0	0	0	0	386	0	0	0	228	0	1466	0	2820	0	0	0	0	0	0	0	0	0	0	0	0	0	0	0	0	0	0	0	0	0	0	0	0	0	0	0	0	0	0	0	0	0	0	0	0	0	0	0	0	0	388	0	626	0	0	0	0	0	0	0	0	0	238	0	0	0	0	0	0	0	0	0	0	0	0	0	0	0	0	0	0	0	0	0	0	0	0	0	0	0	0	0	0	0	0	0	
17824	Frontal_Mid_Orb_R	0	0	0	400	0	1542	0	330	0	0	0	0	0	990	0	4796	0	0	0	0	0	0	0	0	0	0	0	0	0	854	0	0	0	0	0	0	0	0	0	0	0	0	0	0	0	0	0	0	0	0	0	0	0	0	0	0	0	0	0	0	0	0	0	0	0	0	0	0	0	0	0	0	0	0	0	0	0	0	0	0	0	0	0	0	0	0	0	0	0	0	0	0	0	0	0	0	0	0	0	0	0	0	0	0	0	0	0	0	0	0	0	0	0	0	0	0	
287864	Frontal_Inf_Oper_L	10724	0	15654	2778	1646	0	11588	224	0	0	0	152	24874	796	720	1444	10230	0	10662	3456	0	0	836	210	0	0	0	0	14492	0	4326	4296	136	1584	0	0	490	0	86	0	0	0	0	0	0	0	0	0	0	0	0	0	0	0	292	0	6280	0	0	0	0	0	260	0	0	0	0	0	0	0	4540	2666	658	116	0	0	0	0	2192	0	3734	0	1700	0	0	0	0	0	90	0	0	0	0	0	0	0	0	0	0	0	0	0	0	0	0	0	0	0	0	0	0	0	0	0	0	0	
291396	Frontal_Inf_Oper_R	1490	23352	1462	10914	1110	0	1716	10646	0	0	152	0	0	7254	0	0	134	5550	2692	11442	0	0	294	288	0	0	0	0	1444	17660	1148	640	0	794	170	516	184	3060	94	760	0	0	0	330	0	1632	0	190	0	712	0	100	0	376	0	1402	0	4138	0	0	0	0	0	1618	0	0	406	3684	0	272	3234	1484	430	13562	0	1642	104	2368	0	372	0	1398	0	0	0	736	0	0	0	318	0	0	0	0	0	0	0	128	0	96	0	0	0	0	0	0	0	0	0	0	0	0	0	0	0	0	
259464	Frontal_Inf_Tri_L	1310	0	22426	346	3034	0	25762	0	3820	0	24874	0	0	0	11778	0	422	0	8494	618	0	0	1110	0	0	0	0	0	16978	0	3566	2022	308	348	0	0	466	0	84	0	0	0	0	0	0	0	0	0	0	0	0	0	0	0	282	0	0	0	0	0	0	0	0	0	0	0	0	0	0	0	384	128	322	0	0	0	0	0	0	0	242	0	608	0	0	0	0	0	0	0	0	0	0	0	0	0	0	0	0	0	0	0	0	0	0	0	0	0	0	0	0	0	0	0	0	0	
192244	Frontal_Inf_Tri_R	0	3008	246	12660	0	0	0	8820	0	990	796	7254	0	0	0	8758	284	1016	2514	6074	0	116	836	5222	0	0	0	160	544	18566	108	5386	0	4468	0	0	0	148	0	0	0	0	0	0	0	0	0	0	0	0	0	0	0	0	0	0	0	0	0	0	0	0	0	0	0	0	0	0	0	0	1078	2542	120	3886	0	234	0	288	0	0	0	0	0	0	0	0	0	0	0	0	0	0	0	0	0	0	0	0	0	0	0	0	0	0	0	0	0	0	0	0	0	0	0	0	0	0	
146900	Frontal_Inf_Orb_L	0	0	5164	0	12340	0	3634	0	11506	0	720	0	11778	0	0	0	108	0	670	0	2884	234	424	0	276	0	3102	88	14624	0	662	190	0	0	0	0	208	0	0	0	140	0	0	0	0	0	0	0	0	0	0	0	0	0	0	0	0	0	0	0	0	0	0	0	0	0	0	0	0	0	1966	0	1454	0	0	0	0	0	0	0	0	0	1278	0	0	0	0	0	0	0	0	0	0	0	0	0	0	0	0	0	0	0	0	0	0	0	0	0	0	0	0	0	0	0	0	0	
103156	Frontal_Inf_Orb_R	82	0	0	4546	0	2402	0	1322	0	4796	1444	0	0	8758	0	0	344	0	0	1534	88	1464	90	1220	0	562	0	1572	712	8630	248	1196	0	0	0	0	0	0	0	0	0	318	0	0	0	0	0	0	0	0	0	0	0	0	0	408	0	0	0	0	0	0	0	0	0	0	0	0	0	0	1586	4594	0	1406	0	0	0	0	0	0	116	226	0	1282	0	218	0	0	0	414	0	0	0	0	0	0	0	0	0	0	0	0	0	0	0	0	0	0	0	0	0	0	0	0	0	0	
246412	Rolandic_Oper_L	12198	0	2358	1574	154	0	2632	142	0	0	10230	134	422	284	108	344	0	0	3634	1756	0	0	120	306	0	0	0	0	17698	0	374	1194	0	520	0	0	1170	0	0	0	0	0	0	0	0	0	0	0	0	0	1132	0	430	0	292	0	16256	0	3660	0	3980	0	6764	0	662	0	734	0	98	0	3040	1084	592	0	0	0	0	0	6316	0	13296	0	150	0	4852	0	0	0	2516	0	0	0	0	0	0	0	0	0	0	0	0	0	0	0	0	0	0	0	0	0	0	0	0	0	0	0	
123604	Rolandic_Oper_R	0	4288	0	9410	0	0	0	1588	0	0	0	5550	0	1016	0	0	0	0	606	7962	0	0	0	0	0	0	0	0	0	8310	0	0	0	0	0	0	0	1212	0	134	0	0	0	86	0	896	0	0	0	794	0	166	0	0	0	0	0	3736	0	308	0	0	0	1486	0	0	0	1308	0	0	0	222	0	3096	0	998	0	572	0	2948	0	4728	0	0	0	382	0	0	0	0	0	0	0	0	0	0	0	0	0	0	0	0	0	0	0	0	0	0	0	0	0	0	0	0	0	0	
707380	Supp_Motor_Area_L	5786	812	67838	21530	3336	0	12924	1440	0	0	10662	2692	8494	2514	670	0	3634	606	0	55576	0	0	8954	2820	92	0	0	0	19960	2240	8388	7264	10618	23696	0	130	1526	0	384	0	0	0	0	0	0	0	0	0	0	0	0	0	0	0	498	0	1892	194	0	0	654	0	1430	0	0	0	0	0	10628	1730	9046	2026	24638	1334	4990	0	7892	0	414	0	676	0	612	0	0	0	0	0	450	0	0	0	0	0	0	0	0	0	0	0	0	0	0	0	0	0	0	0	0	0	0	0	0	0	0	0	
847972	Supp_Motor_Area_R	11830	11498	11028	81578	160	172	4492	4180	0	0	3456	11442	618	6074	0	1534	1756	7962	55576	0	0	0	2586	9888	0	266	0	0	3620	10868	3044	14466	7526	52698	814	5222	180	1196	104	246	0	0	0	1402	0	1068	0	470	0	212	0	1028	0	1344	0	384	378	1154	0	84	0	0	0	82	0	0	154	4658	6606	21242	4832	21462	1160	13688	0	2416	152	8986	92	1204	306	2052	0	0	0	748	0	0	0	370	0	0	0	0	0	0	0	0	0	88	0	0	0	0	0	0	0	0	0	0	84	0	0	0	0	0	
109140	Olfactory_L	0	0	0	0	3264	1228	0	0	386	0	0	0	0	0	2884	88	0	0	0	0	0	6490	0	82	692	702	4446	2948	4410	110	2910	2482	0	0	0	0	1704	0	932	0	1342	0	0	0	0	0	0	0	0	0	0	0	0	0	268	0	0	0	0	0	0	0	0	0	0	0	0	0	0	0	9810	2570	3944	330	0	0	0	0	0	0	0	0	548	0	0	0	0	0	0	0	0	0	0	0	0	0	0	0	0	0	0	0	0	0	0	0	0	0	0	0	0	0	0	0	0	0	
128484	Olfactory_R	0	0	0	282	398	3796	0	0	0	0	0	0	0	116	234	1464	0	0	0	0	6490	0	420	472	288	3850	1966	7134	230	3142	3078	6004	0	0	0	0	0	1044	0	506	0	2216	0	0	0	0	0	0	0	0	0	0	0	0	0	276	0	0	0	0	0	0	0	0	0	0	0	0	0	0	8072	6520	3556	2484	0	0	0	0	0	0	0	0	0	204	0	0	0	0	0	0	0	0	0	0	0	0	0	0	0	0	0	0	0	0	0	0	0	0	0	0	0	0	0	0	0	0	
322216	Frontal_Sup_Medial_L	0	118	36782	8680	1690	0	10946	770	0	0	836	294	1110	836	424	90	120	0	8954	2586	0	420	0	23598	1914	1278	694	246	3620	996	18870	14504	2992	9922	0	0	0	0	0	0	0	0	0	0	0	0	0	0	0	0	0	0	0	0	0	0	0	0	0	0	0	0	0	0	0	0	0	0	0	0	1154	568	5632	464	0	0	0	0	0	0	0	0	0	0	0	0	0	0	0	0	0	0	0	0	0	0	0	0	0	0	0	0	0	0	0	0	0	0	0	0	0	0	0	0	0	0	
353644	Frontal_Sup_Medial_R	448	0	8892	38840	290	1170	2058	1916	0	0	210	288	0	5222	0	1220	306	0	2820	9888	82	472	23598	0	0	3410	0	464	1012	4886	6304	33888	162	12076	0	0	0	0	0	0	0	194	0	0	0	0	0	0	0	0	0	0	0	0	0	0	0	0	0	0	0	0	0	0	0	0	0	0	0	0	2148	10120	466	3762	0	0	0	210	0	0	0	0	0	0	0	0	0	0	0	0	0	0	0	0	0	0	0	0	0	0	0	0	0	0	0	0	0	0	0	0	0	0	0	0	0	0	
43104	Frontal_Med_Orb_L	0	0	1248	0	2282	128	0	0	228	0	0	0	0	0	276	0	0	0	92	0	692	288	1914	0	0	1336	3114	166	550	0	5380	472	0	0	0	0	0	0	0	0	0	0	0	0	0	0	0	0	0	0	0	0	0	0	0	0	0	0	0	0	0	0	0	0	0	0	0	0	0	0	1580	0	1806	0	0	0	0	0	0	0	0	0	0	0	0	0	0	0	0	0	0	0	0	0	0	0	0	0	0	0	0	0	0	0	0	0	0	0	0	0	0	0	0	0	0	0	
90448	Frontal_Med_Orb_R	0	0	326	1608	164	7258	0	0	0	0	0	0	0	0	0	562	0	0	0	266	702	3850	1278	3410	1336	0	608	7268	0	1478	2902	6796	0	0	0	0	0	0	0	0	0	336	0	0	0	0	0	0	0	0	0	0	0	0	0	0	0	0	0	0	0	0	0	0	0	0	0	0	0	0	624	2254	160	1952	0	0	0	0	0	0	0	0	0	86	0	0	0	0	0	0	0	0	0	0	0	0	0	0	0	0	0	0	0	0	0	0	0	0	0	0	0	0	0	0	0	0	
72288	Rectus_L	0	0	328	0	5958	330	0	0	1466	0	0	0	0	0	3102	0	0	0	0	0	4446	1966	694	0	3114	608	0	1076	1972	0	3494	1138	0	0	0	0	0	0	0	0	0	0	0	0	0	0	0	0	0	0	0	0	0	0	0	0	0	0	0	0	0	0	0	0	0	0	0	0	0	0	4840	546	794	0	0	0	0	0	0	0	0	0	272	0	0	0	0	0	0	0	0	0	0	0	0	0	0	0	0	0	0	0	0	0	0	0	0	0	0	0	0	0	0	0	0	0	
99216	Rectus_R	0	0	0	418	200	9276	0	0	0	0	0	0	0	160	88	1572	0	0	0	0	2948	7134	246	464	166	7268	1076	0	132	1494	1598	5122	0	0	0	0	0	0	0	0	0	626	0	0	0	0	0	0	0	0	0	0	0	0	0	0	0	0	0	0	0	0	0	0	0	0	0	0	0	0	2722	4074	1010	1814	0	0	0	0	0	0	0	0	0	0	0	0	0	0	0	0	0	0	0	0	0	0	0	0	0	0	0	0	0	0	0	0	0	0	0	0	0	0	0	0	0	0	
558368	Insula_L	9086	538	30066	3818	18410	0	11844	2524	2820	0	14492	1444	16978	544	14624	712	17698	0	19960	3620	4410	230	3620	1012	550	0	1972	132	0	102	3832	2488	710	1486	906	682	12406	116	2134	0	1590	0	0	0	0	0	184	0	0	0	296	0	820	0	4138	0	7388	144	0	0	488	0	1460	0	0	0	352	0	0	0	9688	2330	17450	0	0	0	544	152	6250	0	8064	0	5840	0	2876	0	0	0	3164	0	0	0	0	0	0	0	0	0	0	0	0	0	0	0	0	0	0	0	0	0	0	0	0	0	0	0	
353616	Insula_R	192	5918	268	16726	0	764	100	3700	0	854	0	17660	0	18566	0	8630	0	8310	2240	10868	110	3142	996	4886	0	1478	0	1494	102	0	1144	6440	0	2732	164	392	428	7182	272	2040	0	2898	0	392	0	946	0	208	0	588	0	110	0	210	0	3442	0	1478	0	292	0	0	0	1244	0	0	82	1894	0	0	586	1780	178	16942	0	504	352	1470	0	1772	0	6544	0	1704	0	1980	0	0	0	1240	0	0	0	0	0	0	0	174	0	0	0	0	0	0	0	0	0	0	0	0	0	0	0	0	0	0	
328344	Cingulum_Ant_L	94	754	15524	4882	1434	456	2534	1794	0	0	4326	1148	3566	108	662	248	374	0	8388	3044	2910	3078	18870	6304	5380	2902	3494	1598	3832	1144	0	26380	3428	2806	0	0	94	222	0	0	0	230	0	0	0	0	0	0	0	0	0	0	0	0	0	0	0	550	0	0	0	0	0	126	0	0	0	0	0	0	10834	5576	11620	3068	0	0	0	0	0	0	242	0	148	0	0	0	0	0	0	0	0	0	0	0	0	0	0	0	0	0	0	0	0	0	0	0	0	0	0	0	0	0	0	0	0	0	
532940	Cingulum_Ant_R	682	160	9346	35546	394	2106	2250	2012	0	0	4296	640	2022	5386	190	1196	1194	0	7264	14466	2482	6004	14504	33888	472	6796	1138	5122	2488	6440	26380	0	1762	20078	0	0	0	0	0	0	0	442	0	0	0	0	0	0	0	0	0	0	0	0	0	0	0	0	0	0	0	0	0	0	0	0	0	0	0	0	8112	23386	3066	14042	0	0	0	226	0	0	408	0	0	84	0	0	0	0	0	0	0	0	0	0	0	0	0	0	0	0	0	0	0	0	0	0	0	0	0	0	0	0	0	0	0	0	
173564	Cingulum_Mid_L	1200	788	5250	824	120	0	1468	0	0	0	136	0	308	0	0	0	0	0	10618	7526	0	0	2992	162	0	0	0	0	710	0	3428	1762	0	12456	2008	1636	0	0	0	0	0	0	2212	0	326	0	676	0	3924	0	6754	0	278	82	0	98	328	0	1908	0	1038	0	556	0	958	0	6228	828	3836	1608	0	0	220	114	0	0	0	0	0	0	244	0	0	0	688	88	0	0	398	0	0	0	0	0	0	0	0	0	0	0	0	0	0	0	0	0	0	0	0	0	0	0	0	0	0	0	
493432	Cingulum_Mid_R	7716	3594	8078	15050	0	0	1804	864	0	0	1584	794	348	4468	0	0	520	0	23696	52698	0	0	9922	12076	0	0	0	0	1486	2732	2806	20078	12456	0	1250	6702	0	196	0	0	0	0	0	2744	0	2654	0	546	0	862	0	1208	0	1716	0	384	0	1168	0	134	0	0	0	92	0	0	712	11366	5218	18296	740	2490	118	2542	0	0	0	888	0	0	0	98	0	0	0	1356	0	0	0	258	0	0	0	0	0	0	0	0	0	116	0	0	0	0	0	0	0	0	0	0	92	0	0	0	0	0	
140740	Cingulum_Post_L	2534	692	0	1088	0	0	124	0	0	0	0	170	0	0	0	0	0	0	0	814	0	0	0	0	0	0	0	0	906	164	0	0	2008	1250	0	9436	7230	3370	2366	562	0	0	4938	672	1014	88	4610	466	926	0	2410	0	652	0	0	672	1270	0	174	0	110	0	0	0	0	0	7844	1388	3506	494	158	0	0	0	0	0	550	3124	1156	0	296	0	0	0	798	0	0	0	340	0	0	0	0	0	0	0	0	0	0	0	0	0	0	0	0	0	0	0	0	0	0	0	0	0	0	0	
207048	Cingulum_Post_R	942	2042	0	1350	0	0	124	0	0	0	0	516	0	0	0	0	0	0	130	5222	0	0	0	0	0	0	0	0	682	392	0	0	1636	6702	9436	0	5010	9670	1812	2208	0	0	0	7744	0	1248	338	5520	0	0	0	156	0	2110	0	4318	470	0	0	0	0	0	0	0	0	0	1944	13676	180	5000	204	0	0	158	0	90	874	4380	886	0	262	310	0	0	144	396	0	0	232	1126	108	0	0	0	0	0	130	608	110	804	0	0	0	0	0	0	0	0	0	0	1944	180	0	0	0	0	
246376	Hippocampus_L	4468	134	2160	1568	212	0	452	108	0	0	490	184	466	0	208	0	1170	0	1526	180	1704	0	0	0	0	0	0	0	12406	428	94	0	0	0	7230	5010	0	4104	15702	1114	5936	0	1714	0	0	0	3850	0	0	0	130	0	336	0	10878	920	3010	0	0	0	196	0	450	0	0	0	4480	404	0	94	378	106	6366	310	660	102	3906	5078	2506	82	2156	170	1008	0	256	104	0	0	5428	0	122	0	0	0	0	0	608	148	178	0	0	0	0	0	0	0	0	0	0	0	0	0	0	0	0	0	
346892	Hippocampus_R	1254	3108	114	2880	0	0	446	266	0	0	0	3060	0	148	0	0	0	1212	0	1196	0	1044	0	0	0	0	0	0	116	7182	222	0	0	196	3370	9670	4104	0	2174	31370	0	12988	0	2020	0	0	350	5176	0	0	0	0	0	1076	0	28632	94	374	0	0	0	0	0	394	0	0	1134	5334	0	234	866	0	0	9906	0	1088	1712	8298	246	228	168	3086	0	1742	0	2954	0	584	82	5462	0	330	0	0	0	158	138	3320	0	828	0	0	0	0	0	0	0	0	0	0	1312	0	0	0	0	0	
124788	ParaHippocampal_L	372	112	386	822	0	0	0	0	0	0	86	94	84	0	0	0	0	0	384	104	932	0	0	0	0	0	0	0	2134	272	0	0	0	0	2366	1812	15702	2174	0	626	2974	0	536	0	0	0	4850	146	0	0	206	0	1392	0	8450	558	156	0	0	0	0	0	0	0	0	0	1802	152	0	0	106	0	1336	176	124	0	1756	2742	0	0	440	96	954	0	0	0	104	0	898	0	1008	0	0	0	182	0	1504	86	1040	0	0	0	0	0	0	0	0	0	0	158	0	0	0	0	0	0	
192492	ParaHippocampal_R	468	774	0	274	0	0	0	94	0	0	0	760	0	0	0	0	0	134	0	246	0	506	0	0	0	0	0	0	0	2040	0	0	0	0	562	2208	1114	31370	626	0	0	9986	0	720	0	0	100	4252	0	0	0	0	0	84	0	19664	0	0	0	0	0	0	0	0	0	0	228	2208	0	0	0	0	0	3846	0	592	998	3032	0	0	0	322	0	2244	0	280	0	778	0	648	0	440	0	0	0	196	0	3450	0	674	0	0	0	0	0	0	0	0	0	0	328	0	0	0	0	0	
29688	Amygdala_L	0	0	0	0	0	0	0	0	0	0	0	0	0	0	140	0	0	0	0	0	1342	0	0	0	0	0	0	0	1590	0	0	0	0	0	0	0	5936	0	2974	0	0	0	0	0	0	0	0	0	0	0	0	0	0	0	2062	0	0	0	0	0	0	0	0	0	0	0	0	0	0	0	0	0	240	0	0	0	0	0	0	0	0	0	560	0	0	0	0	0	0	0	0	0	0	0	0	0	0	0	0	0	0	0	0	0	0	0	0	0	0	0	0	0	0	0	0	0	
85460	Amygdala_R	0	0	0	198	0	186	0	0	0	0	0	0	0	0	0	318	0	0	0	0	0	2216	0	194	0	336	0	626	0	2898	230	442	0	0	0	0	0	12988	0	9986	0	0	0	0	0	0	0	0	0	0	0	0	0	0	0	5570	0	0	0	0	0	0	0	0	0	0	0	0	0	0	0	220	0	3096	0	0	0	0	0	0	0	0	0	2266	0	106	0	454	0	298	0	0	0	0	0	0	0	102	0	0	0	0	0	0	0	0	0	0	0	0	0	0	0	0	0	0	
234180	Calcarine_L	0	0	0	0	0	0	0	0	0	0	0	0	0	0	0	0	0	0	0	0	0	0	0	0	0	0	0	0	0	0	0	0	2212	0	4938	0	1714	0	536	0	0	0	0	2726	7068	1150	20568	932	8416	466	28040	264	6432	120	1860	0	286	0	1428	0	0	0	0	0	0	0	19988	114	1540	0	0	0	0	0	0	0	0	0	186	0	172	0	0	0	5314	0	0	0	620	0	0	0	0	0	0	0	0	0	0	0	0	0	0	0	0	0	0	0	0	0	0	0	0	0	0	0	
312120	Calcarine_R	0	314	0	0	0	0	0	0	0	0	0	330	0	0	0	0	0	86	0	1402	0	0	0	0	0	0	0	0	0	392	0	0	0	2744	672	7744	0	2020	0	720	0	0	2726	0	2990	16616	1846	21948	0	12746	0	12444	0	10876	0	7112	0	2288	0	194	0	0	0	0	0	132	2452	27496	0	4078	0	0	0	0	0	0	0	0	0	104	0	272	0	0	0	5338	0	0	0	4874	94	0	0	0	0	0	106	520	94	814	0	0	0	0	0	0	0	0	0	0	1224	252	0	0	0	0	
112024	Cuneus_L	0	0	0	0	0	0	0	0	0	0	0	0	0	0	0	0	0	0	0	0	0	0	0	0	0	0	0	0	0	0	0	0	326	0	1014	0	0	0	0	0	0	0	7068	2990	0	6616	2580	770	13554	3170	8276	918	252	0	0	0	212	0	958	0	0	0	0	0	0	0	6368	278	408	0	0	0	0	0	0	0	0	0	0	0	0	0	0	0	126	128	0	0	0	0	0	0	0	0	0	0	0	0	0	0	0	0	0	0	0	0	0	0	0	0	0	0	0	0	0	0	
343644	Cuneus_R	0	2362	0	0	0	0	0	0	0	0	0	1632	0	0	0	0	0	896	0	1068	0	0	0	0	0	0	0	0	0	946	0	0	0	2654	88	1248	0	0	0	0	0	0	1150	16616	6616	0	0	3444	130	40094	0	17130	0	1104	0	456	0	7268	0	6448	0	1918	0	2714	0	2412	6424	31750	0	4200	0	0	0	616	0	170	0	0	0	462	0	520	0	0	0	8762	0	0	0	358	0	0	0	0	0	0	0	0	0	0	0	0	0	0	0	0	0	0	0	0	166	0	0	0	0	0	
322560	Lingual_L	0	0	0	102	0	0	0	0	0	0	0	0	0	0	0	0	0	0	0	0	0	0	0	0	0	0	0	0	184	0	0	0	676	0	4610	338	3850	350	4850	100	0	0	20568	1846	2580	0	0	3330	4530	0	22702	622	16568	1000	18272	1228	114	0	310	0	0	0	0	0	0	0	13238	278	434	0	0	0	186	0	0	0	668	328	302	0	110	0	0	0	2794	0	0	0	600	176	7644	392	374	0	172	0	8984	278	10386	1350	0	0	0	0	0	0	0	0	0	0	2556	1300	0	0	0	0	
302348	Lingual_R	0	562	0	0	0	0	0	0	0	0	0	190	0	0	0	0	0	0	0	470	0	0	0	0	0	0	0	0	0	208	0	0	0	546	466	5520	0	5176	146	4252	0	0	932	21948	770	3444	3330	0	0	4964	0	6234	0	11154	100	22012	0	0	0	0	0	0	0	0	0	0	126	9420	0	556	0	0	0	0	0	0	0	252	0	0	0	0	0	0	0	798	0	0	0	1652	1806	4234	746	108	208	272	2626	6474	3572	11196	0	0	0	0	82	0	0	0	0	116	7450	6528	528	0	0	0	
187168	Occipital_Sup_L	0	0	0	0	0	0	0	0	0	0	0	0	0	0	0	0	0	0	0	0	0	0	0	0	0	0	0	0	0	0	0	0	3924	0	926	0	0	0	0	0	0	0	8416	0	13554	130	4530	0	0	0	29248	0	1504	0	88	0	92	0	10674	0	2218	0	336	0	2530	0	13588	106	528	0	0	0	0	0	0	0	0	0	0	0	172	0	0	0	718	0	0	0	302	0	0	0	0	0	0	0	0	0	0	0	0	0	0	0	0	0	0	0	0	0	0	0	0	0	0	0	
354504	Occipital_Sup_R	0	2138	0	0	0	0	0	0	0	0	0	712	0	0	0	0	0	794	0	212	0	0	0	0	0	0	0	0	0	588	0	0	0	862	0	0	0	0	0	0	0	0	466	12746	3170	40094	0	4964	0	0	0	29782	0	1942	0	1022	0	6644	0	13420	0	7522	0	5840	0	7928	2478	20398	0	2370	0	0	0	350	0	92	0	0	0	188	0	1160	0	0	0	8262	0	0	0	1108	0	0	0	0	0	0	0	0	0	0	0	0	0	0	0	0	0	0	0	0	0	0	0	0	0	0	
491772	Occipital_Mid_L	918	0	0	0	0	0	0	0	0	0	0	0	0	0	0	0	1132	0	0	0	0	0	0	0	0	0	0	0	296	0	0	0	6754	0	2410	0	130	0	206	0	0	0	28040	0	8276	0	22702	0	29248	0	0	0	25234	0	3744	0	1990	0	19080	0	10998	0	2092	0	12298	0	27350	0	5202	0	0	0	0	0	0	0	0	0	480	0	4038	0	0	0	28084	0	0	0	5008	0	0	0	0	0	0	0	176	0	0	0	0	0	0	0	0	0	0	0	0	0	0	0	0	0	0	0	
299060	Occipital_Mid_R	0	1948	0	0	0	0	0	0	0	0	0	100	0	0	0	0	0	166	0	1028	0	0	0	0	0	0	0	0	0	110	0	0	0	1208	0	156	0	0	0	0	0	0	264	12444	918	17130	622	6234	0	29782	0	0	0	14424	0	2604	0	638	0	5144	0	4386	0	3584	0	14696	794	11238	0	2836	0	0	0	0	0	0	0	0	0	0	0	1078	0	0	0	13316	0	0	0	2682	0	0	0	0	0	0	0	0	0	0	0	0	0	0	0	0	0	0	0	0	0	0	0	0	0	0	
181080	Occipital_Inf_L	610	0	0	0	0	0	0	0	0	0	0	0	0	0	0	0	430	0	0	0	0	0	0	0	0	0	0	0	820	0	0	0	278	0	652	0	336	0	1392	0	0	0	6432	0	252	0	16568	0	1504	0	25234	0	0	0	12412	0	992	0	198	0	434	0	162	0	120	0	2962	0	1184	0	0	0	0	0	0	0	0	0	1516	0	300	0	0	0	7466	0	0	0	6826	0	106	0	0	0	0	0	726	0	462	0	0	0	0	0	0	0	0	0	0	0	166	0	0	0	0	0	
187860	Occipital_Inf_R	0	2522	0	0	0	0	0	0	0	0	0	376	0	0	0	0	0	0	0	1344	0	0	0	0	0	0	0	0	0	210	0	0	82	1716	0	2110	0	1076	0	84	0	0	120	10876	0	1104	1000	11154	0	1942	0	14424	0	0	0	14920	0	364	0	106	0	0	0	0	0	526	0	5668	0	3084	0	0	0	0	0	0	0	0	0	0	0	0	0	0	0	2176	0	0	0	6788	340	100	0	0	0	0	638	1690	534	3218	0	0	0	0	0	0	0	0	0	0	2672	966	0	0	0	0	
355336	Fusiform_L	290	0	544	0	0	0	0	0	0	0	292	0	282	0	0	0	292	0	498	0	268	0	0	0	0	0	0	0	4138	0	0	0	0	0	0	0	10878	0	8450	0	2062	0	1860	0	0	0	18272	100	88	0	3744	0	12412	0	0	0	236	0	0	0	86	0	112	0	0	0	316	0	0	0	0	0	1348	0	0	0	170	166	1638	0	2388	0	2902	0	3028	0	1644	0	15518	0	27836	90	1816	0	422	0	17352	174	31378	152	1212	0	902	0	402	0	0	0	0	172	1612	126	0	0	0	0	
448048	Fusiform_R	254	2254	0	0	0	0	0	0	0	0	0	1402	0	0	0	408	0	0	0	384	0	276	0	0	0	0	0	0	0	3442	0	0	98	384	672	4318	920	28632	558	19664	0	5570	0	7112	0	456	1228	22012	0	1022	0	2604	0	14920	0	0	0	0	0	0	0	0	0	0	0	0	324	4578	0	436	0	0	0	1802	0	130	550	2108	0	0	0	5430	0	6348	0	4132	0	2420	0	16322	952	11800	244	160	170	506	2806	12942	2196	18286	0	182	0	128	152	0	0	0	0	110	7218	3002	0	0	0	0	
290016	Postcentral_L	28448	0	1182	394	0	0	1458	100	0	0	6280	0	0	0	0	0	16256	0	1892	378	0	0	0	0	0	0	0	0	7388	0	0	0	328	0	1270	470	3010	94	156	0	0	0	286	0	212	0	114	0	92	0	1990	0	992	0	236	0	0	0	5802	0	21792	0	10884	0	876	0	1968	0	2770	0	608	0	3312	0	600	0	1944	124	7100	0	7796	0	0	0	4108	0	0	0	2298	0	0	0	0	0	0	0	0	0	0	0	0	0	0	0	0	0	0	0	0	0	0	0	0	0	0	0	
183696	Postcentral_R	286	13024	0	1518	0	0	222	1278	0	0	0	4138	0	0	0	0	0	3736	194	1154	0	0	0	0	0	0	0	0	144	1478	550	0	0	1168	0	0	0	374	0	0	0	0	0	2288	0	7268	0	0	0	6644	0	638	0	364	0	0	0	0	0	2840	0	3476	0	16714	0	140	0	11388	282	4904	748	0	318	1122	0	410	0	104	0	266	0	284	0	0	0	2282	0	0	0	104	0	0	0	0	0	0	0	0	0	0	0	0	0	0	0	0	0	0	0	0	0	0	0	0	0	0	
185300	Parietal_Sup_L	0	0	0	0	0	0	0	0	0	0	0	0	0	0	0	0	3660	0	0	0	0	0	0	0	0	0	0	0	0	0	0	0	1908	0	174	0	0	0	0	0	0	0	1428	0	958	0	310	0	10674	0	19080	0	198	0	0	0	5802	0	0	0	12628	0	1354	0	4374	0	17772	114	680	0	0	0	0	0	0	0	0	0	0	0	4998	0	0	0	4404	0	0	0	2134	0	0	0	0	0	0	0	0	0	0	0	0	0	0	0	0	0	0	0	0	0	0	0	0	0	0	0	
119268	Parietal_Sup_R	0	930	0	0	0	0	0	0	0	0	0	0	0	0	0	0	0	308	0	84	0	0	0	0	0	0	0	0	0	292	0	0	0	134	0	0	0	0	0	0	0	0	0	194	0	6448	0	0	0	13420	0	5144	0	106	0	0	0	2840	0	0	0	7766	0	2142	0	7174	0	8568	0	936	0	0	0	0	0	0	0	0	0	0	0	124	0	0	0	2782	0	0	0	242	0	0	0	0	0	0	0	0	0	0	0	0	0	0	0	0	0	0	0	0	0	0	0	0	0	0	
203984	Parietal_Inf_L	2076	0	322	0	0	0	0	0	0	0	0	0	0	0	0	0	3980	0	654	0	0	0	0	0	0	0	0	0	488	0	0	0	1038	0	110	0	196	0	0	0	0	0	0	0	0	0	0	0	2218	0	10998	0	434	0	86	0	21792	0	12628	0	0	0	13726	0	12484	0	3970	0	238	0	0	0	0	0	0	0	0	0	162	0	3776	0	0	0	7730	0	0	0	2886	0	0	0	0	0	0	0	0	0	0	0	0	0	0	0	0	0	0	0	0	0	0	0	0	0	0	0	
113420	Parietal_Inf_R	0	228	0	0	0	0	0	0	0	0	0	0	0	0	0	0	0	0	0	0	0	0	0	0	0	0	0	0	0	0	0	0	0	0	0	0	0	0	0	0	0	0	0	0	0	1918	0	0	0	7522	0	4386	0	0	0	0	0	3476	0	7766	0	0	0	11798	0	16596	0	1792	0	146	0	0	0	0	0	0	0	0	0	0	0	230	0	0	0	682	0	0	0	170	0	0	0	0	0	0	0	0	0	0	0	0	0	0	0	0	0	0	0	0	0	0	0	0	0	0	
138388	SupraMarginal_L	2744	0	930	0	0	0	0	0	0	0	260	0	0	0	0	0	6764	0	1430	0	0	0	0	0	0	0	0	0	1460	0	0	0	556	0	0	0	450	0	0	0	0	0	0	0	0	0	0	0	336	0	2092	0	162	0	112	0	10884	0	1354	0	13726	0	0	0	5164	0	1220	0	0	0	0	0	114	0	98	0	0	0	1502	0	8518	0	0	0	7132	0	0	0	2186	0	0	0	0	0	0	0	0	0	0	0	0	0	0	0	0	0	0	0	0	0	0	0	0	0	0	0	
144368	SupraMarginal_R	0	3818	0	0	0	0	0	270	0	0	0	1618	0	0	0	0	0	1486	0	82	0	0	0	0	0	0	0	0	0	1244	126	0	0	92	0	0	0	394	0	0	0	0	0	0	0	2714	0	0	0	5840	0	3584	0	0	0	0	0	16714	0	2142	0	11798	0	0	0	9474	0	3660	0	122	140	0	0	550	0	274	0	0	0	376	0	3276	0	0	0	1816	0	0	0	574	0	0	0	0	0	0	0	0	0	0	0	0	0	0	0	0	0	0	0	0	0	0	0	0	0	0	
103416	Angular_L	0	0	0	0	0	0	0	0	0	0	0	0	0	0	0	0	662	0	0	0	0	0	0	0	0	0	0	0	0	0	0	0	958	0	0	0	0	0	0	0	0	0	0	0	0	0	0	0	2530	0	12298	0	120	0	0	0	876	0	4374	0	12484	0	5164	0	0	0	3002	0	0	0	0	0	0	0	0	0	0	0	0	0	2200	0	0	0	6372	0	0	0	668	0	0	0	0	0	0	0	0	0	0	0	0	0	0	0	0	0	0	0	0	0	0	0	0	0	0	0	
136752	Angular_R	0	0	0	0	0	0	0	0	0	0	0	0	0	0	0	0	0	0	0	0	0	0	0	0	0	0	0	0	0	0	0	0	0	0	0	0	0	0	0	0	0	0	0	132	0	2412	0	0	0	7928	0	14696	0	526	0	0	0	140	0	7174	0	16596	0	9474	0	0	0	1846	0	0	0	0	0	0	0	0	0	0	0	0	0	1832	0	0	0	5086	0	0	0	534	0	0	0	0	0	0	0	0	0	0	0	0	0	0	0	0	0	0	0	0	0	0	0	0	0	0	
349200	Precuneus_L	356	318	0	208	0	0	0	0	0	0	0	406	0	0	0	0	734	0	0	154	0	0	0	0	0	0	0	0	352	82	0	0	6228	712	7844	1944	4480	1134	1802	228	0	0	19988	2452	6368	6424	13238	126	13588	2478	27350	794	2962	0	316	324	1968	0	17772	0	3970	0	1220	0	3002	0	0	7312	3752	154	0	0	0	222	0	0	0	922	616	0	2894	0	0	0	5636	286	0	0	1292	0	0	0	0	0	0	0	192	0	0	0	0	0	0	0	0	0	0	0	0	0	0	0	0	0	0	0	
464996	Precuneus_R	0	3984	0	144	0	0	0	88	0	0	0	3684	0	0	0	0	0	1308	0	4658	0	0	0	0	0	0	0	0	0	1894	0	0	828	11366	1388	13676	404	5334	152	2208	0	0	114	27496	278	31750	278	9420	106	20398	0	11238	0	5668	0	4578	0	11388	114	8568	0	1792	0	3660	0	1846	7312	0	0	12380	0	0	0	1414	0	336	0	438	0	786	0	998	0	0	0	10246	0	0	0	4128	116	0	0	0	0	0	144	920	116	858	0	0	0	0	0	0	0	0	0	0	2318	180	0	0	0	0	
150828	Paracentral_Lobule_L	13892	1968	418	330	0	0	1696	0	0	0	0	0	0	0	0	0	98	0	10628	6606	0	0	0	0	0	0	0	0	0	0	0	0	3836	5218	3506	180	0	0	0	0	0	0	1540	0	408	0	434	0	528	0	5202	0	1184	0	0	0	2770	282	680	0	238	0	0	0	0	0	3752	0	0	2386	286	124	0	0	128	0	4608	184	0	0	0	0	0	0	2160	0	0	0	144	0	0	0	0	0	0	0	0	0	0	0	0	0	0	0	0	0	0	0	0	0	0	0	0	0	0	0	
220276	Paracentral_Lobule_R	3722	10204	0	822	0	0	156	0	0	0	0	272	0	0	0	0	0	0	1730	21242	0	0	0	0	0	0	0	0	0	0	0	0	1608	18296	494	5000	94	234	0	0	0	0	0	4078	0	4200	0	556	0	2370	0	2836	0	3084	0	436	0	4904	0	936	0	146	0	122	0	0	154	12380	2386	0	0	0	0	0	0	0	110	778	0	122	0	376	0	0	0	4706	0	0	0	1374	0	0	0	0	0	0	0	0	0	108	0	0	0	0	0	0	0	0	0	0	102	0	0	0	0	0	
340892	Caudate_L	2644	1994	6704	6406	4478	1038	3866	4218	388	0	4540	3234	384	1078	1966	1586	3040	0	9046	4832	9810	8072	1154	2148	1580	624	4840	2722	9688	586	10834	8112	0	740	158	204	378	866	106	0	0	0	0	0	0	0	0	0	0	0	0	0	0	0	0	0	608	748	0	0	0	0	0	140	0	0	0	0	286	0	0	15362	16100	2592	890	168	6606	1934	0	0	696	0	252	0	0	0	0	0	0	0	0	0	0	0	0	0	0	0	0	0	0	0	0	0	0	0	0	0	0	0	0	0	0	0	0	0	
385060	Caudate_R	1322	2108	868	24190	354	3412	682	542	0	0	2666	1484	128	2542	0	4594	1084	222	2026	21462	2570	6520	568	10120	0	2254	546	4074	2330	1780	5576	23386	0	2490	0	0	106	0	0	0	0	220	0	0	0	0	0	0	0	0	0	0	0	0	0	0	0	0	0	0	0	0	0	0	0	0	0	0	124	0	15362	0	4084	17046	332	2472	3332	17214	0	0	338	0	0	0	0	0	0	0	0	0	0	0	0	0	0	0	0	0	0	0	0	0	0	0	0	0	0	0	0	0	0	0	0	0	0	0	
327776	Putamen_L	5934	224	21602	1406	5578	348	3116	408	626	0	658	430	322	120	1454	0	592	0	24638	1160	3944	3556	5632	466	1806	160	794	1010	17450	178	11620	3066	220	118	0	0	6366	0	1336	0	240	0	0	0	0	0	186	0	0	0	0	0	0	0	1348	0	3312	318	0	0	0	0	114	0	0	0	0	0	0	0	16100	4084	0	1142	5754	0	2014	0	0	0	324	0	1958	0	0	0	0	0	656	0	0	0	0	0	0	0	0	0	0	0	0	0	0	0	0	0	0	0	0	0	0	0	0	0	0	0	
348092	Putamen_R	232	7680	150	16548	0	2280	0	3316	0	0	116	13562	0	3886	0	1406	0	3096	1334	13688	330	2484	464	3762	0	1952	0	1814	0	16942	3068	14042	114	2542	0	158	310	9906	176	3846	0	3096	0	0	0	616	0	0	0	350	0	0	0	0	0	1802	0	1122	0	0	0	0	0	550	0	0	222	1414	0	0	2592	17046	1142	0	0	6574	372	5620	0	334	0	708	0	374	0	392	0	164	0	252	0	0	0	0	0	0	0	100	0	0	0	0	0	0	0	0	0	0	0	0	0	0	0	0	0	0	
39556	Pallidum_L	922	0	2878	0	0	0	230	0	0	0	0	0	0	0	0	0	0	0	4990	0	0	0	0	0	0	0	0	0	0	0	0	0	0	0	0	0	660	0	124	0	0	0	0	0	0	0	0	0	0	0	0	0	0	0	0	0	600	0	0	0	0	0	98	0	0	0	0	0	128	0	890	332	5754	0	0	0	1854	318	0	0	0	0	0	0	0	0	0	0	0	0	0	0	0	0	0	0	0	0	0	0	0	0	0	0	0	0	0	0	0	0	0	0	0	0	0	0	
47848	Pallidum_R	114	1384	0	2714	0	0	0	386	0	0	0	1642	0	234	0	0	0	998	0	2416	0	0	0	0	0	0	0	0	0	504	0	0	0	0	0	90	102	1088	0	592	0	0	0	0	0	170	0	0	0	92	0	0	0	0	0	130	0	410	0	0	0	0	0	274	0	0	0	336	0	0	168	2472	0	6574	0	0	108	710	0	0	0	216	0	0	0	0	0	0	0	0	0	0	0	0	0	0	0	0	0	0	0	0	0	0	0	0	0	0	0	0	0	0	0	0	0	0	
131516	Thalamus_L	10712	1254	1174	904	0	0	1224	110	0	0	0	104	0	0	0	0	0	0	7892	152	0	0	0	0	0	0	0	0	544	352	0	0	0	0	550	874	3906	1712	1756	998	0	0	0	0	0	0	668	0	0	0	0	0	0	0	170	550	1944	0	0	0	0	0	0	0	0	0	0	0	4608	110	6606	3332	2014	372	1854	108	0	8136	356	0	240	138	0	0	0	100	0	0	144	0	0	0	0	0	0	0	0	90	0	0	0	0	0	0	0	0	0	0	0	0	0	0	0	0	0	0	
204728	Thalamus_R	3962	4452	0	9780	0	0	130	632	0	0	0	2368	0	288	0	0	0	572	0	8986	0	0	0	210	0	0	0	0	152	1470	0	226	0	888	3124	4380	5078	8298	2742	3032	0	0	0	0	0	0	328	252	0	0	0	0	0	0	166	2108	124	104	0	0	0	0	0	0	0	0	922	438	184	778	1934	17214	0	5620	318	710	8136	0	298	192	212	570	0	0	0	234	0	0	104	276	0	0	0	0	0	0	128	244	0	0	0	0	0	0	0	0	0	0	0	0	0	0	0	0	0	0	
118764	Heschl_L	5240	0	272	186	0	0	450	0	0	0	2192	0	0	0	0	0	6316	0	414	92	0	0	0	0	0	0	0	0	6250	0	0	0	0	0	1156	886	2506	246	0	0	0	0	186	0	0	0	302	0	0	0	480	0	1516	0	1638	0	7100	0	0	0	162	0	1502	0	0	0	616	0	0	0	0	0	0	0	0	0	356	298	0	0	8148	0	0	0	5056	0	0	0	5816	0	0	0	0	0	0	0	0	0	0	0	0	0	0	0	0	0	0	0	0	0	0	0	0	0	0	0	
33208	Heschl_R	0	348	0	1040	0	0	0	0	0	0	0	372	0	0	0	0	0	2948	0	1204	0	0	0	0	0	0	0	0	0	1772	0	0	0	0	0	0	82	228	0	0	0	0	0	104	0	462	0	0	0	188	0	0	0	0	0	0	0	266	0	0	0	0	0	376	0	0	0	786	0	122	0	0	0	334	0	0	0	192	0	0	0	5250	0	0	0	530	0	0	0	0	0	0	0	0	0	0	0	0	0	0	0	0	0	0	0	0	0	0	0	0	0	0	0	0	0	0	
271288	Temporal_Sup_L	3726	0	530	360	94	0	276	0	0	0	3734	0	242	0	0	116	13296	0	676	306	0	0	0	0	0	0	0	0	8064	0	242	408	244	0	296	262	2156	168	440	0	0	0	172	0	0	0	110	0	172	0	4038	0	300	0	2388	0	7796	0	4998	0	3776	0	8518	0	2200	0	2894	0	0	0	696	338	324	0	0	0	240	212	8148	0	0	0	2206	0	33142	0	0	0	17340	0	0	0	0	0	0	0	0	0	0	0	0	0	0	0	0	0	0	0	0	0	0	0	0	0	0	0	
137860	Temporal_Sup_R	0	1210	0	1924	0	0	0	0	0	0	0	1398	0	0	0	226	0	4728	0	2052	0	0	0	0	0	0	0	0	0	6544	0	0	0	98	0	310	170	3086	96	322	0	0	0	272	0	520	0	0	0	1160	0	1078	0	0	0	5430	0	284	0	124	0	230	0	3276	0	1832	0	998	0	376	0	0	0	708	0	216	138	570	0	5250	0	0	0	2268	0	17036	0	106	0	4464	0	0	0	0	0	0	0	430	0	0	0	0	0	0	0	0	0	0	0	0	0	0	0	0	0	0	
85580	Temporal_Pole_Sup_L	0	0	1396	0	1538	0	0	0	238	0	1700	0	608	0	1278	0	150	0	612	0	548	0	0	0	0	0	272	0	5840	0	148	0	0	0	0	0	1008	0	954	0	560	0	0	0	0	0	0	0	0	0	0	0	0	0	2902	0	0	0	0	0	0	0	0	0	0	0	0	0	0	0	252	0	1958	0	0	0	0	0	0	0	2206	0	0	0	8874	0	3514	0	6234	0	0	0	0	0	0	0	0	0	0	0	0	0	0	0	0	0	0	0	0	0	0	0	0	0	0	0	
52940	Temporal_Pole_Sup_R	0	0	0	0	0	0	0	0	0	0	0	0	0	0	0	1282	0	0	0	0	0	204	0	0	0	86	0	0	0	1704	0	84	0	0	0	0	0	1742	0	2244	0	2266	0	0	0	0	0	0	0	0	0	0	0	0	0	6348	0	0	0	0	0	0	0	0	0	0	0	0	0	0	0	0	0	374	0	0	0	0	0	0	0	2268	0	0	0	1792	0	2244	0	3832	0	0	0	0	0	0	0	0	0	0	0	0	0	0	0	0	0	0	0	0	0	0	0	0	0	0	
365128	Temporal_Mid_L	556	0	0	0	0	0	0	0	0	0	0	0	0	0	0	0	4852	0	0	0	0	0	0	0	0	0	0	0	2876	0	0	0	688	0	798	144	256	0	0	0	0	0	5314	0	126	0	2794	0	718	0	28084	0	7466	0	3028	0	4108	0	4404	0	7730	0	7132	0	6372	0	5636	0	2160	0	0	0	0	0	0	0	0	0	5056	0	33142	0	8874	0	0	0	3320	0	36930	0	0	0	0	0	0	0	0	0	0	0	0	0	0	0	0	0	0	0	0	0	0	0	0	0	0	0	
247892	Temporal_Mid_R	0	3854	0	0	0	0	0	0	0	0	0	736	0	0	0	218	0	382	0	748	0	0	0	0	0	0	0	0	0	1980	0	0	88	1356	0	396	104	2954	0	280	0	106	0	5338	128	8762	0	798	0	8262	0	13316	0	2176	0	4132	0	2282	0	2782	0	682	0	1816	0	5086	286	10246	0	4706	0	0	0	392	0	0	100	234	0	530	0	17036	0	1792	0	0	0	1822	0	17894	0	0	0	0	0	0	0	146	0	0	0	0	0	0	0	0	0	0	0	0	0	0	0	0	0	0	
22952	Temporal_Pole_Mid_L	0	0	0	0	0	0	0	0	0	0	0	0	0	0	0	0	0	0	0	0	0	0	0	0	0	0	0	0	0	0	0	0	0	0	0	0	0	0	104	0	0	0	0	0	0	0	0	0	0	0	0	0	0	0	1644	0	0	0	0	0	0	0	0	0	0	0	0	0	0	0	0	0	0	0	0	0	0	0	0	0	0	0	3514	0	3320	0	0	0	2894	0	0	0	0	0	0	0	0	0	0	0	0	0	0	0	0	0	0	0	0	0	0	0	0	0	0	0	
22268	Temporal_Pole_Mid_R	0	0	0	0	0	0	0	0	0	0	0	0	0	0	0	0	0	0	0	0	0	0	0	0	0	0	0	0	0	0	0	0	0	0	0	0	0	584	0	778	0	454	0	0	0	0	0	0	0	0	0	0	0	0	0	2420	0	0	0	0	0	0	0	0	0	0	0	0	0	0	0	0	0	164	0	0	0	0	0	0	0	106	0	2244	0	1822	0	0	0	2562	0	0	0	0	0	0	0	0	0	0	0	0	0	0	0	0	0	0	0	0	0	0	0	0	0	0	
261060	Temporal_Inf_L	340	0	458	0	0	0	0	0	0	0	90	0	0	0	0	0	2516	0	450	0	0	0	0	0	0	0	0	0	3164	0	0	0	398	0	340	232	5428	82	898	0	0	0	620	0	0	0	600	0	302	0	5008	0	6826	0	15518	0	2298	0	2134	0	2886	0	2186	0	668	0	1292	0	144	0	0	0	656	0	0	0	144	104	5816	0	17340	0	6234	0	36930	0	2894	0	0	0	2892	0	576	0	0	0	436	0	1300	0	330	0	0	0	0	0	0	0	0	0	0	0	0	0	0	0	
175272	Temporal_Inf_R	0	1542	0	0	0	0	0	0	0	0	0	318	0	0	0	414	0	0	0	370	0	0	0	0	0	0	0	0	0	1240	0	0	0	258	0	1126	0	5462	0	648	0	298	0	4874	0	358	176	1652	0	1108	0	2682	0	6788	0	16322	0	104	0	242	0	170	0	574	0	534	0	4128	0	1374	0	0	0	252	0	0	0	276	0	0	0	4464	0	3832	0	17894	0	2562	0	0	0	2592	0	148	0	242	0	832	0	1434	0	180	0	0	0	0	0	0	0	0	166	0	0	0	0	0	
576552	Cerebelum_Crus1_L	0	0	0	0	0	0	0	0	0	0	0	0	0	0	0	0	0	0	0	0	0	0	0	0	0	0	0	0	0	0	0	0	0	0	0	108	122	0	1008	0	0	0	0	94	0	0	7644	1806	0	0	0	0	106	340	27836	952	0	0	0	0	0	0	0	0	0	0	0	116	0	0	0	0	0	0	0	0	0	0	0	0	0	0	0	0	0	0	0	0	2892	0	0	2658	43724	4170	3262	260	37416	2128	77556	3400	14160	1330	12762	3180	4024	2312	348	100	668	2456	8538	5760	7492	4320	2544	684	
451652	Cerebelum_Crus1_R	0	0	0	0	0	0	0	0	0	0	0	0	0	0	0	0	0	0	0	0	0	0	0	0	0	0	0	0	0	0	0	0	0	0	0	0	0	330	0	440	0	0	0	0	0	0	392	4234	0	0	0	0	0	100	90	11800	0	0	0	0	0	0	0	0	0	0	0	0	0	0	0	0	0	0	0	0	0	0	0	0	0	0	0	0	0	0	0	0	0	2592	2658	0	1260	29344	814	5150	4964	22032	4250	61022	736	10324	1798	21782	1212	4072	0	124	242	4722	11614	8350	4942	2454	1526	456	
359832	Cerebelum_Crus2_L	0	0	0	0	0	0	0	0	0	0	0	0	0	0	0	0	0	0	0	0	0	0	0	0	0	0	0	0	0	0	0	0	0	0	0	0	0	0	0	0	0	0	0	0	0	0	374	746	0	0	0	0	0	0	1816	244	0	0	0	0	0	0	0	0	0	0	0	0	0	0	0	0	0	0	0	0	0	0	0	0	0	0	0	0	0	0	0	0	576	0	43724	1260	0	5588	292	0	2644	434	17800	926	33704	1882	29174	4140	9400	2036	274	94	0	144	1078	3848	8498	6140	2514	566	
266164	Cerebelum_Crus2_R	0	0	0	0	0	0	0	0	0	0	0	0	0	0	0	0	0	0	0	0	0	0	0	0	0	0	0	0	0	0	0	0	0	0	0	0	0	0	0	0	0	0	0	0	0	0	0	108	0	0	0	0	0	0	0	160	0	0	0	0	0	0	0	0	0	0	0	0	0	0	0	0	0	0	0	0	0	0	0	0	0	0	0	0	0	0	0	0	0	148	4170	29344	5588	0	0	0	164	266	1050	4392	3216	22702	3882	31944	736	5012	0	92	0	0	350	1632	10796	5232	1792	306	
56152	Cerebelum_3_L	0	0	0	0	0	0	0	0	0	0	0	0	0	0	0	0	0	0	0	0	0	0	0	0	0	0	0	0	0	0	0	0	0	0	0	0	0	0	182	0	0	0	0	0	0	0	172	208	0	0	0	0	0	0	422	170	0	0	0	0	0	0	0	0	0	0	0	0	0	0	0	0	0	0	0	0	0	0	0	0	0	0	0	0	0	0	0	0	0	0	3262	814	292	0	0	436	7638	628	4702	970	152	0	142	0	964	252	0	0	462	3352	1914	374	0	88	216	264	
69244	Cerebelum_3_R	0	0	0	0	0	0	0	0	0	0	0	0	0	0	0	0	0	0	0	0	0	0	0	0	0	0	0	0	0	0	0	0	0	0	0	0	0	158	0	196	0	0	0	0	0	0	0	272	0	0	0	0	0	0	0	506	0	0	0	0	0	0	0	0	0	0	0	0	0	0	0	0	0	0	0	0	0	0	0	0	0	0	0	0	0	0	0	0	0	242	260	5150	0	0	436	0	1206	5728	534	7920	0	0	0	0	216	538	0	0	1524	5842	1952	1046	0	242	464	190	
404428	Cerebelum_4_5_L	0	0	0	0	0	0	0	0	0	0	0	0	0	0	0	0	0	0	0	0	0	0	0	0	0	0	0	0	0	0	0	0	0	0	0	130	608	138	1504	0	0	0	0	106	0	0	8984	2626	0	0	176	0	726	638	17352	2806	0	0	0	0	0	0	0	0	0	0	192	144	0	0	0	0	0	0	0	0	0	128	0	0	0	0	0	0	0	0	0	0	436	0	37416	4964	2644	164	7638	1206	0	4588	48090	9110	1046	98	1290	318	4232	2314	102	0	1270	5244	22046	7432	0	484	1682	2142	
261416	Cerebelum_4_5_R	0	278	0	0	0	0	0	0	0	0	0	128	0	0	0	0	0	0	0	0	0	0	0	0	0	0	0	0	0	174	0	0	0	0	0	608	148	3320	86	3450	0	102	0	520	0	0	278	6474	0	0	0	0	0	1690	174	12942	0	0	0	0	0	0	0	0	0	0	0	920	0	0	0	0	0	100	0	0	90	244	0	0	0	430	0	0	0	146	0	0	0	832	2128	22032	434	266	628	5728	4588	0	3186	33320	0	168	0	232	662	574	104	162	204	3768	16174	1326	220	620	530	520	
562452	Cerebelum_6_L	0	0	0	0	0	0	0	0	0	0	0	0	0	0	0	0	0	0	0	0	0	0	0	0	0	0	0	0	0	0	0	0	0	0	0	110	178	0	1040	0	0	0	0	94	0	0	10386	3572	0	0	0	0	462	534	31378	2196	0	0	0	0	0	0	0	0	0	0	0	116	0	0	0	0	0	0	0	0	0	0	0	0	0	0	0	0	0	0	0	0	1300	0	77556	4250	17800	1050	4702	534	48090	3186	0	7416	4532	158	4508	1718	4684	4910	506	172	884	3046	12988	11724	3844	4758	4660	2184	
448264	Cerebelum_6_R	0	388	0	0	0	0	0	0	0	0	0	96	0	0	0	0	0	0	0	88	0	0	0	0	0	0	0	0	0	0	0	0	0	116	0	804	0	828	0	674	0	0	0	814	0	0	1350	11196	0	0	0	0	0	3218	152	18286	0	0	0	0	0	0	0	0	0	0	0	858	0	108	0	0	0	0	0	0	0	0	0	0	0	0	0	0	0	0	0	0	0	1434	3400	61022	926	4392	970	7920	9110	33320	7416	0	0	1784	96	3418	1204	1118	112	292	556	6378	22102	13384	2470	916	814	602	
238872	Cerebelum_7b_L	0	0	0	0	0	0	0	0	0	0	0	0	0	0	0	0	0	0	0	0	0	0	0	0	0	0	0	0	0	0	0	0	0	0	0	0	0	0	0	0	0	0	0	0	0	0	0	0	0	0	0	0	0	0	1212	0	0	0	0	0	0	0	0	0	0	0	0	0	0	0	0	0	0	0	0	0	0	0	0	0	0	0	0	0	0	0	0	0	330	0	14160	736	33704	3216	152	0	1046	0	4532	0	0	1416	32040	4464	9398	624	400	0	0	0	138	0	3832	6660	1376	0	
140432	Cerebelum_7b_R	0	0	0	0	0	0	0	0	0	0	0	0	0	0	0	0	0	0	0	0	0	0	0	0	0	0	0	0	0	0	0	0	0	0	0	0	0	0	0	0	0	0	0	0	0	0	0	0	0	0	0	0	0	0	0	182	0	0	0	0	0	0	0	0	0	0	0	0	0	0	0	0	0	0	0	0	0	0	0	0	0	0	0	0	0	0	0	0	0	180	1330	10324	1882	22702	0	0	98	168	158	1784	1416	0	1372	20504	0	2502	0	0	0	0	228	212	2662	2194	318	0	
275868	Cerebelum_8_L	0	0	0	0	0	0	0	0	0	0	0	0	0	0	0	0	0	0	0	0	0	0	0	0	0	0	0	0	0	0	0	0	0	0	0	0	0	0	0	0	0	0	0	0	0	0	0	0	0	0	0	0	0	0	902	0	0	0	0	0	0	0	0	0	0	0	0	0	0	0	0	0	0	0	0	0	0	0	0	0	0	0	0	0	0	0	0	0	0	0	12762	1798	29174	3882	142	0	1290	0	4508	96	32040	1372	0	7892	17078	2448	1004	0	0	0	208	152	5020	11596	4392	178	
281784	Cerebelum_8_R	0	0	0	0	0	0	0	0	0	0	0	0	0	0	0	0	0	0	0	0	0	0	0	0	0	0	0	0	0	0	0	0	0	0	0	0	0	0	0	0	0	0	0	0	0	0	0	0	0	0	0	0	0	0	0	128	0	0	0	0	0	0	0	0	0	0	0	0	0	0	0	0	0	0	0	0	0	0	0	0	0	0	0	0	0	0	0	0	0	0	3180	21782	4140	31944	0	0	318	232	1718	3418	4464	20504	7892	0	1194	16846	0	286	0	94	390	810	7410	9732	3972	438	
147160	Cerebelum_9_L	0	0	0	0	0	0	0	0	0	0	0	0	0	0	0	0	0	0	0	0	0	0	0	0	0	0	0	0	0	0	0	0	0	0	0	0	0	0	0	0	0	0	0	0	0	0	0	82	0	0	0	0	0	0	402	152	0	0	0	0	0	0	0	0	0	0	0	0	0	0	0	0	0	0	0	0	0	0	0	0	0	0	0	0	0	0	0	0	0	0	4024	1212	9400	736	964	216	4232	662	4684	1204	9398	0	17078	1194	0	2638	1802	0	172	554	1704	2452	758	2480	3300	2080	
172056	Cerebelum_9_R	0	0	0	0	0	0	0	0	0	0	0	0	0	0	0	0	0	0	0	0	0	0	0	0	0	0	0	0	0	0	0	0	0	0	0	0	0	0	0	0	0	0	0	0	0	0	0	0	0	0	0	0	0	0	0	0	0	0	0	0	0	0	0	0	0	0	0	0	0	0	0	0	0	0	0	0	0	0	0	0	0	0	0	0	0	0	0	0	0	0	2312	4072	2036	5012	252	538	2314	574	4910	1118	624	2502	2448	16846	2638	0	234	758	536	786	2192	6598	3896	8244	10306	4282	
11652	Cerebelum_10_L	0	0	0	0	0	0	0	0	0	0	0	0	0	0	0	0	0	0	0	0	0	0	0	0	0	0	0	0	0	0	0	0	0	0	0	0	0	0	0	0	0	0	0	0	0	0	0	0	0	0	0	0	0	0	0	0	0	0	0	0	0	0	0	0	0	0	0	0	0	0	0	0	0	0	0	0	0	0	0	0	0	0	0	0	0	0	0	0	0	0	348	0	274	0	0	0	102	104	506	112	400	0	1004	0	1802	234	0	0	0	0	0	244	0	222	252	222	
5904	Cerebelum_10_R	0	0	0	0	0	0	0	0	0	0	0	0	0	0	0	0	0	0	0	0	0	0	0	0	0	0	0	0	0	0	0	0	0	0	0	0	0	0	0	0	0	0	0	0	0	0	0	0	0	0	0	0	0	0	0	0	0	0	0	0	0	0	0	0	0	0	0	0	0	0	0	0	0	0	0	0	0	0	0	0	0	0	0	0	0	0	0	0	0	0	100	124	94	92	0	0	0	162	172	292	0	0	0	286	0	758	0	0	0	0	0	186	252	244	190	0	
30064	Vermis_1_2	0	0	0	0	0	0	0	0	0	0	0	0	0	0	0	0	0	0	0	0	0	0	0	0	0	0	0	0	0	0	0	0	0	0	0	0	0	0	0	0	0	0	0	0	0	0	0	0	0	0	0	0	0	0	0	0	0	0	0	0	0	0	0	0	0	0	0	0	0	0	0	0	0	0	0	0	0	0	0	0	0	0	0	0	0	0	0	0	0	0	668	242	0	0	462	1524	1270	204	884	556	0	0	0	0	172	536	0	0	0	5304	1562	836	0	200	442	170	
100196	Vermis_3	0	0	0	0	0	0	0	0	0	0	0	0	0	0	0	0	0	0	0	0	0	0	0	0	0	0	0	0	0	0	0	0	0	0	0	0	0	0	158	0	0	0	0	0	0	0	0	116	0	0	0	0	0	0	172	110	0	0	0	0	0	0	0	0	0	0	0	0	0	0	0	0	0	0	0	0	0	0	0	0	0	0	0	0	0	0	0	0	0	0	2456	4722	144	0	3352	5842	5244	3768	3046	6378	0	0	0	94	554	786	0	0	5304	0	5462	1358	0	260	558	214	
304732	Vermis_4_5	0	356	0	0	0	0	0	0	0	0	0	0	0	0	0	0	0	0	0	84	0	0	0	0	0	0	0	0	0	0	0	0	0	92	0	1944	0	1312	0	328	0	0	0	1224	0	166	2556	7450	0	0	0	0	166	2672	1612	7218	0	0	0	0	0	0	0	0	0	0	0	2318	0	102	0	0	0	0	0	0	0	0	0	0	0	0	0	0	0	0	0	0	0	166	8538	11614	1078	350	1914	1952	22046	16174	12988	22102	138	228	208	390	1704	2192	0	0	1562	5462	0	8488	0	132	1406	1934	
