data	data	365736	279204	1.05987e+06	676820	132040	61600	450604	255164	53804	34340	245848	283868	272208	126044	198136	78136	301812	102200	863912	732252	71452	76560	407904	363852	31452	67780	72636	66512	694508	306388	273416	362312	118116	483348	74824	122924	249316	292584	88040	153144	28624	50248	221404	344220	179720	337276	216124	258736	186800	340560	484112	273812	106544	184096	250060	415256	386484	178440	326216	125624	374808	113520	112192	112856	163972	141764	264480	379516	208276	184344	238784	349080	368340	346028	50856	17848	95316	156004	97996	31432	189924	70152	77908	38632	295144	194448	13452	12824	260060	242976	498932	406848	295112	329532	30184	61860	306292	253684	501136	412136	213292	190312	224532	295676	69848	127064	20892	3776	17804	57384	258276	236532	259076	97900	75824	26688	
data	data	Precentral_L	Precentral_R	Frontal_Sup_L	Frontal_Sup_R	Frontal_Sup_Orb_L	Frontal_Sup_Orb_R	Frontal_Mid_L	Frontal_Mid_R	Frontal_Mid_Orb_L	Frontal_Mid_Orb_R	Frontal_Inf_Oper_L	Frontal_Inf_Oper_R	Frontal_Inf_Tri_L	Frontal_Inf_Tri_R	Frontal_Inf_Orb_L	Frontal_Inf_Orb_R	Rolandic_Oper_L	Rolandic_Oper_R	Supp_Motor_Area_L	Supp_Motor_Area_R	Olfactory_L	Olfactory_R	Frontal_Sup_Medial_L	Frontal_Sup_Medial_R	Frontal_Med_Orb_L	Frontal_Med_Orb_R	Rectus_L	Rectus_R	Insula_L	Insula_R	Cingulum_Ant_L	Cingulum_Ant_R	Cingulum_Mid_L	Cingulum_Mid_R	Cingulum_Post_L	Cingulum_Post_R	Hippocampus_L	Hippocampus_R	ParaHippocampal_L	ParaHippocampal_R	Amygdala_L	Amygdala_R	Calcarine_L	Calcarine_R	Cuneus_L	Cuneus_R	Lingual_L	Lingual_R	Occipital_Sup_L	Occipital_Sup_R	Occipital_Mid_L	Occipital_Mid_R	Occipital_Inf_L	Occipital_Inf_R	Fusiform_L	Fusiform_R	Postcentral_L	Postcentral_R	Parietal_Sup_L	Parietal_Sup_R	Parietal_Inf_L	Parietal_Inf_R	SupraMarginal_L	SupraMarginal_R	Angular_L	Angular_R	Precuneus_L	Precuneus_R	Paracentral_Lobule_L	Paracentral_Lobule_R	Caudate_L	Caudate_R	Putamen_L	Putamen_R	Pallidum_L	Pallidum_R	Thalamus_L	Thalamus_R	Heschl_L	Heschl_R	Temporal_Sup_L	Temporal_Sup_R	Temporal_Pole_Sup_L	Temporal_Pole_Sup_R	Temporal_Mid_L	Temporal_Mid_R	Temporal_Pole_Mid_L	Temporal_Pole_Mid_R	Temporal_Inf_L	Temporal_Inf_R	Cerebelum_Crus1_L	Cerebelum_Crus1_R	Cerebelum_Crus2_L	Cerebelum_Crus2_R	Cerebelum_3_L	Cerebelum_3_R	Cerebelum_4_5_L	Cerebelum_4_5_R	Cerebelum_6_L	Cerebelum_6_R	Cerebelum_7b_L	Cerebelum_7b_R	Cerebelum_8_L	Cerebelum_8_R	Cerebelum_9_L	Cerebelum_9_R	Cerebelum_10_L	Cerebelum_10_R	Vermis_1_2	Vermis_3	Vermis_4_5	Vermis_6	Vermis_7	Vermis_8	Vermis_9	Vermis_10	
365736	Precentral_L	0	1828	14446	916	0	0	15630	0	0	0	9580	0	636	0	0	0	13758	0	12278	7146	0	0	0	0	0	0	0	0	14184	0	0	0	258	3890	244	1096	7402	0	250	0	0	0	0	0	0	0	0	0	0	0	788	0	0	0	0	0	21776	158	548	0	6486	0	976	0	544	0	216	332	18844	2612	772	1332	4290	0	370	0	10948	1296	3166	0	2394	0	0	0	724	0	0	0	754	0	0	0	0	0	0	0	0	0	0	0	0	0	0	0	0	0	0	0	0	0	0	0	0	0	0	0	
279204	Precentral_R	1828	0	932	13498	0	0	0	9916	0	0	0	13596	0	720	0	0	140	3580	1814	10676	0	0	0	0	0	0	0	0	290	5176	222	0	262	3394	378	460	1170	7674	684	516	0	0	118	0	132	480	194	0	0	284	0	0	0	484	0	758	152	16498	0	0	142	1328	0	8114	0	446	432	790	2878	5508	914	1536	1518	3522	520	0	1372	12624	0	0	0	0	0	0	0	792	0	0	0	1140	0	0	0	0	0	0	0	0	0	0	0	0	0	0	0	0	0	0	0	0	0	0	0	0	0	0	
1.05987e+06	Frontal_Sup_L	14446	932	0	7702	6566	0	59840	718	1622	0	19046	1626	15990	1278	6624	562	16242	796	116044	17356	0	0	52354	8950	1220	0	1350	0	45642	1838	19812	5934	6542	4152	0	0	9626	0	342	0	0	0	0	0	0	0	0	0	0	0	232	0	0	0	442	0	9134	0	212	0	472	0	480	0	312	0	0	0	1540	270	11066	4684	30130	1266	4902	182	7858	646	1262	588	4806	140	1506	212	382	0	0	0	2058	0	0	0	0	0	0	0	0	0	0	0	0	0	0	0	0	0	0	0	0	0	0	0	0	0	0	0	
676820	Frontal_Sup_R	916	13498	7702	0	0	1038	636	25874	0	2000	0	9446	672	3738	1030	3566	0	5972	13872	57896	0	0	7378	38550	0	1974	0	192	1116	9084	4012	33852	1554	20878	0	138	510	3474	208	860	0	0	0	0	0	0	0	0	0	0	0	0	0	220	0	582	0	2016	0	0	0	0	0	0	0	0	0	0	596	226	4180	22928	1480	18806	198	954	784	12478	0	594	0	140	0	352	0	0	0	0	0	240	0	0	0	0	0	0	0	0	0	0	0	0	0	0	0	0	0	0	0	0	0	0	0	0	0	0	
132040	Frontal_Sup_Orb_L	0	0	6566	0	0	282	624	0	8552	0	0	0	224	0	8518	0	0	0	0	0	2448	978	5682	416	3434	0	9426	370	3908	0	2812	468	0	0	0	0	0	0	0	0	0	0	0	0	0	0	0	0	0	0	0	0	0	0	0	0	0	0	0	0	0	0	0	0	0	0	0	0	0	0	3344	480	6702	0	0	0	0	0	0	0	0	0	786	0	0	0	0	0	0	0	0	0	0	0	0	0	0	0	0	0	0	0	0	0	0	0	0	0	0	0	0	0	0	0	0	0	
61600	Frontal_Sup_Orb_R	0	0	0	1038	282	0	0	548	0	610	0	0	0	0	0	1094	0	0	0	0	426	1752	0	838	0	6884	382	9780	0	646	0	264	0	0	0	0	0	0	0	0	0	0	0	0	0	0	0	0	0	0	0	0	0	0	0	0	0	0	0	0	0	0	0	0	0	0	0	0	0	0	806	2942	140	2368	0	0	0	0	0	0	0	0	0	0	0	0	0	0	0	0	0	0	0	0	0	0	0	0	0	0	0	0	0	0	0	0	0	0	0	0	0	0	0	0	0	0	
450604	Frontal_Mid_L	15630	0	59840	636	624	0	0	0	1316	0	13176	700	29846	396	3630	170	7116	218	12788	1322	0	0	18186	1604	0	0	0	0	25948	806	9800	954	3340	1424	0	0	1796	0	0	0	0	0	0	0	0	0	0	0	0	0	0	0	0	0	0	0	1268	0	0	0	1202	0	302	0	0	0	0	0	0	0	2076	574	3636	144	0	0	1104	0	784	212	1430	0	374	0	0	0	0	0	930	0	0	0	0	0	0	0	0	0	0	0	0	0	0	0	0	0	0	0	0	0	0	0	0	0	0	0	
255164	Frontal_Mid_R	0	9916	718	25874	0	548	0	0	0	498	0	19740	198	11074	188	1188	0	378	3096	8128	0	0	308	5162	0	212	0	0	274	4866	196	3346	0	5858	0	0	0	3018	0	912	0	0	0	0	0	206	0	0	0	136	0	0	0	636	0	1122	0	2246	0	0	0	0	0	2764	0	0	0	482	0	290	1588	3104	552	6880	0	130	0	1618	0	0	0	0	0	0	0	0	0	0	0	132	0	0	0	0	0	0	0	0	0	0	0	0	0	0	0	0	0	0	0	0	0	0	0	0	0	0	
53804	Frontal_Mid_Orb_L	0	0	1622	0	8552	0	1316	0	0	0	0	0	1534	0	8218	0	0	0	0	0	0	0	0	0	0	0	2612	0	808	0	0	0	0	0	0	0	0	0	0	0	0	0	0	0	0	0	0	0	0	0	0	0	0	0	0	0	0	0	0	0	0	0	0	0	0	0	0	0	0	0	218	0	2022	0	0	0	0	0	0	0	0	0	0	0	0	0	0	0	0	0	0	0	0	0	0	0	0	0	0	0	0	0	0	0	0	0	0	0	0	0	0	0	0	0	0	0	
34340	Frontal_Mid_Orb_R	0	0	0	2000	0	610	0	498	0	0	0	284	0	426	122	5632	0	0	0	1822	0	0	0	0	0	0	0	0	126	754	0	0	0	0	0	0	0	0	0	0	0	0	0	0	0	0	0	0	0	0	0	0	0	0	0	0	0	0	0	0	0	0	0	0	0	0	0	0	0	0	316	1822	0	2758	0	0	0	0	0	0	0	0	0	0	0	0	0	0	0	0	0	0	0	0	0	0	0	0	0	0	0	0	0	0	0	0	0	0	0	0	0	0	0	0	0	0	
245848	Frontal_Inf_Oper_L	9580	0	19046	0	0	0	13176	0	0	0	0	0	13876	0	438	0	14742	0	15004	164	0	0	744	0	0	0	0	0	22104	0	674	0	0	0	0	0	568	0	0	0	0	0	0	0	0	0	0	0	0	0	0	0	0	0	0	0	3122	0	0	0	1062	0	0	0	0	0	0	0	0	0	0	0	546	0	0	0	0	0	418	0	5328	0	2154	0	0	0	0	0	178	0	0	0	0	0	0	0	0	0	0	0	0	0	0	0	0	0	0	0	0	0	0	0	0	0	0	0	
283868	Frontal_Inf_Oper_R	0	13596	1626	9446	0	0	700	19740	0	284	0	0	880	11470	842	840	0	3312	2618	13458	0	0	452	1018	0	0	0	0	1030	26352	0	0	0	6334	0	0	0	3450	0	1168	0	0	0	0	0	234	0	0	0	166	0	0	0	870	0	1518	0	2974	0	0	0	124	0	1748	0	0	0	558	0	302	1754	1410	118	8914	0	126	0	416	0	0	0	0	0	1944	0	0	0	0	0	142	0	0	0	0	0	0	0	0	0	0	0	0	0	0	0	0	0	0	0	0	0	0	0	0	0	0	
272208	Frontal_Inf_Tri_L	636	0	15990	672	224	0	29846	198	1534	0	13876	880	0	754	17158	146	1298	0	7628	538	0	0	1948	130	0	0	0	0	26818	950	2866	252	410	132	0	0	264	0	0	0	0	0	0	0	0	0	0	0	0	0	0	0	0	0	0	0	0	0	0	0	0	0	0	0	0	0	0	0	0	0	4260	1238	4060	132	0	0	0	0	0	0	392	0	874	0	0	0	0	0	0	0	0	0	0	0	0	0	0	0	0	0	0	0	0	0	0	0	0	0	0	0	0	0	0	0	0	0	
126044	Frontal_Inf_Tri_R	0	720	1278	3738	0	0	396	11074	0	426	0	11470	754	0	716	2560	0	806	1780	4052	0	0	136	192	0	0	0	0	848	8640	0	396	0	2996	0	0	0	1220	0	362	0	0	0	0	0	0	0	0	0	0	0	0	0	184	0	560	0	0	0	0	0	0	0	0	0	0	0	0	0	0	1906	1452	214	3210	0	0	0	0	0	0	0	0	0	936	0	0	0	0	0	0	0	0	0	0	0	0	0	0	0	0	0	0	0	0	0	0	0	0	0	0	0	0	0	0	0	0	
198136	Frontal_Inf_Orb_L	0	0	6624	1030	8518	0	3630	188	8218	122	438	842	17158	716	0	178	0	0	3048	668	1466	120	202	0	0	0	1126	0	20806	896	864	0	0	0	0	0	0	0	0	0	0	0	0	0	0	0	0	0	0	0	0	0	0	0	0	0	0	0	0	0	0	0	0	0	0	0	0	0	0	0	6108	1718	11990	156	0	0	0	0	0	0	134	0	2104	0	0	0	0	0	0	0	0	0	0	0	0	0	0	0	0	0	0	0	0	0	0	0	0	0	0	0	0	0	0	0	0	0	
78136	Frontal_Inf_Orb_R	0	0	562	3566	0	1094	170	1188	0	5632	0	840	146	2560	178	0	0	0	424	3012	0	1062	0	0	0	0	0	1254	214	4920	0	0	0	0	0	0	0	0	0	0	0	0	0	0	0	0	0	0	0	0	0	0	0	0	0	0	0	0	0	0	0	0	0	0	0	0	0	0	0	0	466	4880	0	6640	0	0	0	0	0	0	0	0	0	260	0	0	0	0	0	0	0	0	0	0	0	0	0	0	0	0	0	0	0	0	0	0	0	0	0	0	0	0	0	0	0	0	
301812	Rolandic_Oper_L	13758	140	16242	0	0	0	7116	0	0	0	14742	0	1298	0	0	0	0	0	14556	0	0	0	200	0	0	0	0	0	26872	0	126	0	0	0	0	0	4274	0	452	0	0	0	484	0	236	0	0	0	0	0	1830	0	344	0	414	0	8582	0	2178	0	4342	0	1666	0	720	0	498	0	484	0	0	126	4700	0	0	0	540	0	4834	0	11440	0	1694	0	3530	0	0	0	2488	0	0	0	0	0	0	0	0	0	0	0	0	0	0	0	0	0	0	0	0	0	0	0	0	0	0	0	
102200	Rolandic_Oper_R	0	3580	796	5972	0	0	218	378	0	0	0	3312	0	806	0	0	0	0	416	6740	0	0	606	0	0	0	0	0	0	6714	690	0	0	178	0	0	0	1912	0	424	0	0	0	0	0	274	0	0	0	0	0	0	0	144	0	630	0	2326	0	0	0	0	0	1894	0	286	0	362	0	0	0	1120	846	5046	0	210	0	530	0	2598	0	808	0	0	0	638	0	0	0	646	0	0	0	0	0	0	0	0	0	0	0	0	0	0	0	0	0	0	0	0	0	0	0	0	0	0	
863912	Supp_Motor_Area_L	12278	1814	116044	13872	0	0	12788	3096	0	0	15004	2618	7628	1780	3048	424	14556	416	0	41054	0	0	13000	7376	0	0	0	0	35570	2760	7250	6848	7848	19246	344	232	7836	130	258	0	0	0	0	0	0	0	0	0	0	0	236	0	0	0	406	0	8838	120	208	0	446	0	478	148	312	0	0	0	4466	1896	7836	5220	23680	1530	6254	212	4252	1092	1218	172	4328	0	1224	212	364	0	0	0	1690	0	0	0	0	0	0	0	0	0	0	0	0	0	0	0	0	0	0	0	0	0	0	0	0	0	0	0	
732252	Supp_Motor_Area_R	7146	10676	17356	57896	0	0	1322	8128	0	1822	164	13458	538	4052	668	3012	0	6740	41054	0	0	120	4362	13428	0	0	0	0	800	13370	500	9784	5010	50788	178	4444	0	2198	0	836	0	0	190	0	272	414	0	0	0	250	0	0	0	568	0	1138	0	4280	0	0	0	132	0	0	0	0	504	2266	10182	18062	2662	18042	764	14014	880	1544	2742	4320	0	678	0	214	0	310	0	560	0	0	0	1288	0	0	0	0	0	0	0	0	0	0	0	0	0	0	0	0	0	0	0	0	0	0	0	0	0	0	
71452	Olfactory_L	0	0	0	0	2448	426	0	0	0	0	0	0	0	0	1466	0	0	0	0	0	0	4658	220	0	558	264	2852	1058	3754	0	2850	2814	0	0	0	0	0	0	568	0	762	0	0	0	0	0	0	0	0	0	0	0	0	0	0	0	0	0	0	0	0	0	0	0	0	0	0	0	0	0	5558	1812	1314	126	0	0	0	0	0	0	0	0	2218	0	0	0	0	0	0	0	0	0	0	0	0	0	0	0	0	0	0	0	0	0	0	0	0	0	0	0	0	0	0	0	0	0	
76560	Olfactory_R	0	0	0	0	978	1752	0	0	0	0	0	0	0	0	120	1062	0	0	0	120	4658	0	216	0	224	934	2486	3520	0	1412	2156	3690	0	0	0	0	0	0	0	198	0	856	0	0	0	0	0	0	0	0	0	0	0	0	0	0	0	0	0	0	0	0	0	0	0	0	0	0	0	0	6670	4628	1932	668	0	0	0	0	0	0	0	0	0	0	0	0	0	0	0	0	0	0	0	0	0	0	0	0	0	0	0	0	0	0	0	0	0	0	0	0	0	0	0	0	0	0	
407904	Frontal_Sup_Medial_L	0	0	52354	7378	5682	0	18186	308	0	0	744	452	1948	136	202	0	200	606	13000	4362	220	216	0	28306	2638	786	3140	0	1968	456	25072	15364	4900	8038	0	0	0	0	0	0	0	0	0	0	0	0	0	0	0	0	0	0	0	0	0	0	0	0	0	0	0	0	0	0	0	0	0	0	0	0	1982	844	3588	290	0	0	0	0	0	586	0	0	0	0	0	0	0	0	0	0	0	0	0	0	0	0	0	0	0	0	0	0	0	0	0	0	0	0	0	0	0	0	0	0	0	0	
363852	Frontal_Sup_Medial_R	0	0	8950	38550	416	838	1604	5162	0	0	0	1018	130	192	0	0	0	0	7376	13428	0	0	28306	0	242	4572	324	222	350	1012	10374	34066	234	15432	0	0	0	0	0	0	0	0	0	0	0	0	0	0	0	0	0	0	0	0	0	0	0	0	0	0	0	0	0	0	0	0	0	0	0	0	0	4826	0	4302	0	0	0	0	0	0	0	0	0	0	0	0	0	0	0	0	0	0	0	0	0	0	0	0	0	0	0	0	0	0	0	0	0	0	0	0	0	0	0	0	0	0	
31452	Frontal_Med_Orb_L	0	0	1220	0	3434	0	0	0	0	0	0	0	0	0	0	0	0	0	0	0	558	224	2638	242	0	360	2654	0	0	0	2376	338	0	0	0	0	0	0	0	0	0	0	0	0	0	0	0	0	0	0	0	0	0	0	0	0	0	0	0	0	0	0	0	0	0	0	0	0	0	0	954	122	606	0	0	0	0	0	0	0	0	0	0	0	0	0	0	0	0	0	0	0	0	0	0	0	0	0	0	0	0	0	0	0	0	0	0	0	0	0	0	0	0	0	0	0	
67780	Frontal_Med_Orb_R	0	0	0	1974	0	6884	0	212	0	0	0	0	0	0	0	0	0	0	0	0	264	934	786	4572	360	0	0	7280	0	0	1152	4500	0	0	0	0	0	0	0	0	0	0	0	0	0	0	0	0	0	0	0	0	0	0	0	0	0	0	0	0	0	0	0	0	0	0	0	0	0	0	170	3186	0	1616	0	0	0	0	0	0	0	0	0	0	0	0	0	0	0	0	0	0	0	0	0	0	0	0	0	0	0	0	0	0	0	0	0	0	0	0	0	0	0	0	0	0	
72636	Rectus_L	0	0	1350	0	9426	382	0	0	2612	0	0	0	0	0	1126	0	0	0	0	0	2852	2486	3140	324	2654	0	0	744	788	0	1930	1256	0	0	0	0	0	0	0	0	0	0	0	0	0	0	0	0	0	0	0	0	0	0	0	0	0	0	0	0	0	0	0	0	0	0	0	0	0	0	3294	824	1012	118	0	0	0	0	0	0	0	0	0	0	0	0	0	0	0	0	0	0	0	0	0	0	0	0	0	0	0	0	0	0	0	0	0	0	0	0	0	0	0	0	0	0	
66512	Rectus_R	0	0	0	192	370	9780	0	0	0	0	0	0	0	0	0	1254	0	0	0	0	1058	3520	0	222	0	7280	744	0	0	760	376	1740	0	0	0	0	0	0	0	0	0	0	0	0	0	0	0	0	0	0	0	0	0	0	0	0	0	0	0	0	0	0	0	0	0	0	0	0	0	0	1418	2902	278	1362	0	0	0	0	0	0	0	0	0	0	0	0	0	0	0	0	0	0	0	0	0	0	0	0	0	0	0	0	0	0	0	0	0	0	0	0	0	0	0	0	0	0	
694508	Insula_L	14184	290	45642	1116	3908	0	25948	274	808	126	22104	1030	26818	848	20806	214	26872	0	35570	800	3754	0	1968	350	0	0	788	0	0	1116	3306	352	324	298	230	0	19720	0	1996	0	1896	0	346	0	196	0	0	0	0	0	1666	0	294	0	1972	0	7224	0	3046	0	6242	0	476	0	214	0	390	0	640	0	4956	1798	18988	202	148	0	994	0	9170	0	10490	0	6236	0	2504	0	0	0	5606	0	0	0	0	0	0	0	0	0	0	0	0	0	0	0	0	0	0	0	0	0	0	0	0	0	0	0	
306388	Insula_R	0	5176	1838	9084	0	646	806	4866	0	754	0	26352	950	8640	896	4920	0	6714	2760	13370	0	1412	456	1012	0	0	0	760	1116	0	0	134	0	6254	0	0	0	8448	0	2884	0	1290	0	0	0	1000	0	0	0	828	0	142	0	1144	0	4308	0	1000	0	0	0	0	0	368	0	0	136	1640	0	184	1908	2932	0	18790	0	682	0	0	0	1344	0	1062	0	2340	0	728	0	0	0	1120	0	0	0	0	0	0	0	0	0	0	0	0	0	0	0	0	0	0	0	0	0	0	0	0	0	0	
273416	Cingulum_Ant_L	0	222	19812	4012	2812	0	9800	196	0	0	674	0	2866	0	864	0	126	690	7250	500	2850	2156	25072	10374	2376	1152	1930	376	3306	0	0	15170	3106	2772	246	0	0	0	0	0	0	0	0	0	0	0	0	0	0	0	0	0	0	0	0	0	0	0	0	0	0	0	0	0	0	0	0	0	0	0	6608	1852	6220	530	0	0	0	0	0	656	0	132	0	0	0	0	0	0	0	0	0	0	0	0	0	0	0	0	0	0	0	0	0	0	0	0	0	0	0	0	0	0	0	0	0	0	
362312	Cingulum_Ant_R	0	0	5934	33852	468	264	954	3346	0	0	0	0	252	396	0	0	0	0	6848	9784	2814	3690	15364	34066	338	4500	1256	1740	352	134	15170	0	1794	19674	0	0	0	170	0	0	0	0	0	0	0	0	0	0	0	0	0	0	0	0	0	0	0	0	0	0	0	0	0	0	0	0	0	0	0	0	3936	8386	1210	4464	0	0	0	0	0	0	0	0	0	0	0	0	0	0	0	0	0	0	0	0	0	0	0	0	0	0	0	0	0	0	0	0	0	0	0	0	0	0	0	0	0	0	
118116	Cingulum_Mid_L	258	262	6542	1554	0	0	3340	0	0	0	0	0	410	0	0	0	0	0	7848	5010	0	0	4900	234	0	0	0	0	324	0	3106	1794	0	9518	3132	600	0	0	0	0	0	0	0	0	330	0	0	0	360	0	124	0	0	0	0	0	0	0	568	0	0	0	0	0	0	0	3886	494	3214	1250	0	0	0	0	0	0	0	0	0	0	0	0	0	0	0	0	0	0	0	0	0	0	0	0	0	0	0	0	0	0	0	0	0	0	0	0	0	0	0	0	0	0	0	0	0	0	
483348	Cingulum_Mid_R	3890	3394	4152	20878	0	0	1424	5858	0	0	0	6334	132	2996	0	0	0	178	19246	50788	0	0	8038	15432	0	0	0	0	298	6254	2772	19674	9518	0	246	9048	0	412	0	0	0	0	158	1308	192	2420	0	0	0	2156	0	418	0	232	0	342	0	4980	0	0	0	168	0	0	0	0	1242	10450	7060	16322	218	120	0	302	0	0	0	0	0	136	0	182	0	0	0	676	0	0	0	1630	0	0	0	0	0	0	0	0	0	0	0	0	0	0	0	0	0	0	0	0	0	0	0	0	0	0	
74824	Cingulum_Post_L	244	378	0	0	0	0	0	0	0	0	0	0	0	0	0	0	0	0	344	178	0	0	0	0	0	0	0	0	230	0	246	0	3132	246	0	4582	3614	2848	1530	976	0	0	2210	0	404	0	712	0	0	0	296	0	0	0	0	526	438	0	348	0	382	0	0	0	0	0	6112	1114	2274	122	0	0	0	0	0	0	230	1432	248	0	0	0	0	0	1158	0	0	0	858	0	0	0	0	0	0	0	0	0	0	0	0	0	0	0	0	0	0	0	0	0	0	0	0	0	0	0	
122924	Cingulum_Post_R	1096	460	0	138	0	0	0	0	0	0	0	0	0	0	0	0	0	0	232	4444	0	0	0	0	0	0	0	0	0	0	0	0	600	9048	4582	0	2606	4182	522	1372	0	0	0	2988	0	706	0	958	0	618	0	0	0	614	0	1884	0	2462	0	0	0	0	0	0	0	0	1168	9310	1892	6846	0	0	0	0	0	0	136	1214	0	0	0	0	0	0	0	120	0	0	0	1264	0	0	0	0	0	0	0	0	0	0	0	0	0	0	0	0	0	0	0	0	0	0	0	0	0	0	
249316	Hippocampus_L	7402	1170	9626	510	0	0	1796	0	0	0	568	0	264	0	0	0	4274	0	7836	0	0	0	0	0	0	0	0	0	19720	0	0	0	0	0	3614	2606	0	3118	8452	1084	5320	0	820	0	0	0	1272	458	0	0	0	0	0	0	5296	578	1362	0	306	0	958	0	204	0	0	0	2436	812	570	0	574	310	12210	166	870	0	3800	2348	2462	0	1370	0	208	0	226	0	0	0	5348	0	562	0	0	0	382	0	244	0	574	0	0	0	0	0	0	0	0	0	0	572	0	0	0	0	0	0	
292584	Hippocampus_R	0	7674	0	3474	0	0	0	3018	0	0	0	3450	0	1220	0	0	0	1912	130	2198	0	0	0	0	0	0	0	0	0	8448	0	170	0	412	2848	4182	3118	0	1168	18570	0	7986	0	1024	0	180	160	2546	0	168	0	0	0	5260	0	27256	0	1144	0	0	0	0	0	868	0	0	708	3412	0	526	0	0	0	17754	0	360	292	4574	0	618	0	608	0	0	0	1366	0	0	0	7064	0	0	0	0	0	0	0	284	0	0	0	0	0	0	0	0	0	0	0	0	142	0	0	0	0	0	
88040	ParaHippocampal_L	250	684	342	208	0	0	0	0	0	0	0	0	0	0	0	0	452	0	258	0	568	0	0	0	0	0	0	0	1996	0	0	0	0	0	1530	522	8452	1168	0	308	1286	0	748	0	176	0	4410	230	172	0	1054	0	450	0	4496	204	800	0	656	0	958	0	0	0	0	0	2306	660	308	0	0	0	1088	0	0	0	630	1448	820	0	0	0	1096	0	0	0	0	0	912	0	120	0	0	0	836	0	716	0	228	0	0	0	0	0	0	0	0	0	0	474	0	0	0	0	0	0	
153144	ParaHippocampal_R	0	516	0	860	0	0	0	912	0	0	0	1168	0	362	0	0	0	424	0	836	0	198	0	0	0	0	0	0	0	2884	0	0	0	0	976	1372	1084	18570	308	0	0	4684	0	1128	0	0	0	4032	0	0	0	180	0	4224	0	17540	0	0	0	0	0	0	0	0	0	0	0	1764	0	0	0	0	0	5906	0	226	0	1334	0	294	0	410	0	1282	0	416	0	824	0	1434	0	0	0	0	0	0	0	424	0	0	0	0	0	0	0	0	0	0	0	0	0	0	0	0	0	0	
28624	Amygdala_L	0	0	0	0	0	0	0	0	0	0	0	0	0	0	0	0	0	0	0	0	762	0	0	0	0	0	0	0	1896	0	0	0	0	0	0	0	5320	0	1286	0	0	0	0	0	0	0	0	0	0	0	0	0	0	0	2368	0	0	0	0	0	0	0	0	0	0	0	0	0	0	0	0	0	162	0	0	0	0	0	0	0	0	0	1140	0	0	0	0	0	1378	0	0	0	0	0	0	0	0	0	0	0	0	0	0	0	0	0	0	0	0	0	0	0	0	0	0	0	
50248	Amygdala_R	0	0	0	0	0	0	0	0	0	0	0	0	0	0	0	0	0	0	0	0	0	856	0	0	0	0	0	0	0	1290	0	0	0	0	0	0	0	7986	0	4684	0	0	0	0	0	0	0	0	0	0	0	0	0	0	0	6454	0	0	0	0	0	0	0	0	0	0	0	0	0	0	0	0	0	1372	0	0	0	0	0	0	0	0	0	1572	0	204	0	442	0	264	0	0	0	0	0	0	0	0	0	0	0	0	0	0	0	0	0	0	0	0	0	0	0	0	0	0	
221404	Calcarine_L	0	118	0	0	0	0	0	0	0	0	0	0	0	0	0	0	484	0	0	190	0	0	0	0	0	0	0	0	346	0	0	0	0	158	2210	0	820	0	748	0	0	0	0	8462	15958	5602	13972	3566	13552	1546	16298	438	2488	0	390	0	1032	0	1434	0	1002	0	0	0	0	0	14784	1008	360	184	0	0	0	0	0	0	0	0	0	0	524	0	0	0	1776	130	0	0	966	0	0	0	0	0	0	0	156	0	0	0	0	0	0	0	0	0	0	0	0	0	0	0	0	0	0	0	
344220	Calcarine_R	0	0	0	0	0	0	0	0	0	0	0	0	0	0	0	0	0	0	0	0	0	0	0	0	0	0	0	0	0	0	0	0	0	1308	0	2988	0	1024	0	1128	0	0	8462	0	6020	25240	782	25922	0	25044	0	21438	0	11704	0	7566	0	162	0	1240	0	400	0	0	0	540	1558	17536	0	252	0	0	0	0	0	0	0	0	0	0	0	172	0	0	0	5694	0	0	0	5930	0	0	0	0	0	0	0	0	0	0	0	0	0	0	0	0	0	0	0	0	0	0	0	0	0	0	
179720	Cuneus_L	0	132	0	0	0	0	0	0	0	0	0	0	0	0	0	0	236	0	0	272	0	0	0	0	0	0	0	0	196	0	0	0	330	192	404	0	0	0	176	0	0	0	15958	6020	0	7380	1292	1548	17374	2614	10074	1506	1078	614	0	440	2042	0	3074	0	722	0	0	0	0	0	12422	914	626	244	0	0	0	0	0	0	0	0	0	0	256	0	0	0	1304	0	0	0	420	0	0	0	0	0	0	0	0	0	0	0	0	0	0	0	0	0	0	0	0	0	0	0	0	0	0	0	
337276	Cuneus_R	0	480	0	0	0	0	0	206	0	0	0	234	0	0	0	0	0	274	0	414	0	0	0	0	0	0	0	0	0	1000	0	0	0	2420	0	706	0	180	0	0	0	0	5602	25240	7380	0	166	2938	208	43108	0	12098	0	1718	0	750	0	5376	0	7276	0	1398	0	1018	0	1178	1950	34748	0	4036	0	0	0	0	0	0	0	0	0	198	0	644	0	0	0	2082	0	0	0	3612	0	0	0	0	0	0	0	0	0	0	0	0	0	0	0	0	0	0	0	0	0	0	0	0	0	0	
216124	Lingual_L	0	194	0	0	0	0	0	0	0	0	0	0	0	0	0	0	0	0	0	0	0	0	0	0	0	0	0	0	0	0	0	0	0	0	712	0	1272	160	4410	0	0	0	13972	782	1292	166	0	2050	3000	0	14768	0	4066	0	11994	354	286	0	292	0	276	0	0	0	0	0	4892	0	210	0	0	0	0	0	0	0	0	238	0	0	0	0	0	0	490	0	0	0	632	0	3680	1736	818	1320	0	0	7486	1090	12230	1408	0	0	0	262	150	148	0	0	0	0	4174	4368	2530	0	154	0	
258736	Lingual_R	0	0	0	0	0	0	0	0	0	0	0	0	0	0	0	0	0	0	0	0	0	0	0	0	0	0	0	0	0	0	0	0	0	0	0	958	458	2546	230	4032	0	0	3566	25922	1548	2938	2050	0	0	4550	0	7558	0	7684	358	14610	0	0	0	170	0	180	0	0	0	272	512	4884	0	0	0	0	0	0	0	0	0	454	0	0	0	0	0	0	0	3512	0	0	0	3304	2392	2446	0	560	0	184	2176	5488	3826	6086	0	0	0	0	164	220	0	0	0	308	4688	6216	1958	0	228	132	
186800	Occipital_Sup_L	0	0	0	0	0	0	0	0	0	0	0	0	0	0	0	0	0	0	0	0	0	0	0	0	0	0	0	0	0	0	0	0	360	0	0	0	0	0	172	0	0	0	13552	0	17374	208	3000	0	0	0	26322	0	1960	0	148	0	1836	0	10506	0	2224	0	0	0	0	0	12920	0	2042	0	0	0	0	0	0	0	0	0	0	0	0	0	0	0	644	0	0	0	132	0	0	0	0	0	0	0	0	0	0	0	0	0	0	0	0	0	0	0	0	0	0	0	0	0	0	0	
340560	Occipital_Sup_R	0	284	0	0	0	0	0	136	0	0	0	166	0	0	0	0	0	0	0	250	0	0	0	0	0	0	0	0	0	828	0	0	0	2156	0	618	0	168	0	0	0	0	1546	25044	2614	43108	0	4550	0	0	0	26692	0	3444	0	1308	0	4814	0	10144	0	2042	0	312	0	3890	1008	28112	0	3512	0	0	0	0	0	0	0	0	0	0	0	230	0	0	0	1356	0	0	0	1948	0	0	0	0	0	0	0	0	0	0	0	0	0	0	0	0	0	0	0	0	0	0	0	0	0	0	
484112	Occipital_Mid_L	788	0	232	0	0	0	0	0	0	0	0	0	0	0	0	0	1830	0	236	0	0	0	0	0	0	0	0	0	1666	0	0	0	124	0	296	0	0	0	1054	0	0	0	16298	0	10074	0	14768	0	26322	0	0	0	20486	0	4136	0	17472	0	31322	0	23854	0	2946	0	17264	0	14674	0	6858	0	0	0	0	0	0	0	0	0	1038	0	2080	0	0	0	19916	0	0	0	6322	0	0	0	0	0	0	0	0	0	0	0	0	0	0	0	0	0	0	0	0	0	0	0	0	0	0	0	
273812	Occipital_Mid_R	0	0	0	0	0	0	0	0	0	0	0	0	0	0	0	0	0	0	0	0	0	0	0	0	0	0	0	0	0	142	0	0	0	418	0	0	0	0	0	180	0	0	438	21438	1506	12098	0	7558	0	26692	0	0	0	12174	0	3990	0	478	0	7548	0	7414	0	0	0	13694	0	7096	0	426	0	0	0	0	0	0	0	0	0	0	0	0	0	0	0	9522	0	0	0	4094	0	0	0	0	0	0	0	0	0	0	0	0	0	0	0	0	0	0	0	0	0	0	0	0	0	0	
106544	Occipital_Inf_L	0	0	0	0	0	0	0	0	0	0	0	0	0	0	0	0	344	0	0	0	0	0	0	0	0	0	0	0	294	0	0	0	0	0	0	0	0	0	450	0	0	0	2488	0	1078	0	4066	0	1960	0	20486	0	0	0	6806	0	1052	0	902	0	800	0	144	0	374	0	2006	0	1022	0	0	0	0	0	0	0	0	0	472	0	716	0	0	0	4246	0	0	0	2260	0	278	0	0	0	0	0	0	0	676	0	0	0	0	0	0	0	0	0	0	0	0	220	132	0	0	0	
184096	Occipital_Inf_R	0	484	0	220	0	0	0	636	0	0	0	870	0	184	0	0	0	144	0	568	0	0	0	0	0	0	0	0	0	1144	0	0	0	232	0	614	0	5260	0	4224	0	0	0	11704	614	1718	0	7684	0	3444	0	12174	0	0	0	15760	0	224	0	582	0	1380	0	0	0	1498	0	3302	0	402	0	0	0	1894	0	0	0	0	0	344	0	558	0	0	0	1822	0	0	0	10760	0	130	0	0	0	0	0	0	128	532	0	0	0	0	0	0	0	0	0	0	0	480	334	0	0	0	
250060	Fusiform_L	0	0	442	0	0	0	0	0	0	0	0	0	0	0	0	0	414	0	406	0	0	0	0	0	0	0	0	0	1972	0	0	0	0	0	0	0	5296	0	4496	0	2368	0	390	0	0	0	11994	358	148	0	4136	0	6806	0	0	0	366	0	554	0	940	0	266	0	556	0	392	0	0	0	0	0	478	0	0	0	164	0	870	0	1726	0	1774	0	3992	0	1020	0	11774	0	15822	218	918	184	156	0	13150	532	26422	280	200	0	0	0	0	0	0	0	0	0	1596	952	502	0	0	0	
415256	Fusiform_R	0	758	0	582	0	0	0	1122	0	0	0	1518	0	560	0	0	0	630	0	1138	0	0	0	0	0	0	0	0	0	4308	0	0	0	342	526	1884	578	27256	204	17540	0	6454	0	7566	440	750	354	14610	0	1308	0	3990	0	15760	0	0	0	350	0	0	0	0	0	138	0	0	0	2980	0	604	0	0	0	7570	0	132	0	608	0	588	0	1508	0	3250	0	3772	0	1348	0	16826	1758	8876	0	466	0	220	1468	11480	2370	18330	0	0	0	0	0	316	0	0	0	200	5110	5080	1632	0	304	166	
386484	Postcentral_L	21776	152	9134	0	0	0	1268	0	0	0	3122	0	0	0	0	0	8582	0	8838	0	0	0	0	0	0	0	0	0	7224	0	0	0	0	0	438	0	1362	0	800	0	0	0	1032	0	2042	0	286	0	1836	0	17472	0	1052	0	366	0	0	0	26834	0	33262	0	10206	0	6574	0	5884	0	7588	0	0	772	0	0	0	0	210	432	3116	0	2260	0	0	0	6186	0	0	0	3136	0	0	0	0	0	0	0	0	0	0	0	0	0	0	0	0	0	0	0	0	0	0	0	0	0	0	0	
178440	Postcentral_R	158	16498	0	2016	0	0	0	2246	0	0	0	2974	0	0	0	0	0	2326	120	4280	0	0	0	0	0	0	0	0	0	1000	0	0	0	4980	0	2462	0	1144	0	0	0	0	0	162	0	5376	0	0	0	4814	0	478	0	224	0	350	0	0	0	3310	0	2188	0	8950	0	706	0	7588	320	9238	0	0	0	640	0	0	0	284	0	146	0	154	0	0	0	1584	0	0	0	2504	0	0	0	0	0	0	0	0	0	0	0	0	0	0	0	0	0	0	0	0	0	0	0	0	0	0	
326216	Parietal_Sup_L	548	0	212	0	0	0	0	0	0	0	0	0	0	0	0	0	2178	0	208	0	0	0	0	0	0	0	0	0	3046	0	0	0	568	0	348	0	306	0	656	0	0	0	1434	0	3074	0	292	0	10506	0	31322	0	902	0	554	0	26834	0	0	0	29480	0	2928	0	8540	0	17224	0	6808	0	0	0	0	0	0	0	0	0	1870	0	1322	0	0	0	7712	0	0	0	4236	0	0	0	0	0	0	0	0	0	0	0	0	0	0	0	0	0	0	0	0	0	0	0	0	0	0	0	
125624	Parietal_Sup_R	0	0	0	0	0	0	0	0	0	0	0	0	0	0	0	0	0	0	0	0	0	0	0	0	0	0	0	0	0	0	0	0	0	0	0	0	0	0	0	0	0	0	0	1240	0	7276	0	170	0	10144	0	7548	0	582	0	0	0	3310	0	0	0	7674	0	518	0	9230	836	13436	0	524	0	0	0	0	0	0	0	0	0	0	0	0	0	0	0	324	0	0	0	0	0	0	0	0	0	0	0	0	0	0	0	0	0	0	0	0	0	0	0	0	0	0	0	0	0	0	
374808	Parietal_Inf_L	6486	142	472	0	0	0	1202	0	0	0	1062	0	0	0	0	0	4342	0	446	0	0	0	0	0	0	0	0	0	6242	0	0	0	0	0	382	0	958	0	958	0	0	0	1002	0	722	0	276	0	2224	0	23854	0	800	0	940	0	33262	0	29480	0	0	0	19462	0	24356	0	1782	0	3492	0	0	0	0	0	0	0	0	0	2570	0	2972	0	0	0	11316	0	0	0	6202	0	0	0	0	0	0	0	0	0	0	0	0	0	0	0	0	0	0	0	0	0	0	0	0	0	0	0	
113520	Parietal_Inf_R	0	1328	0	0	0	0	0	0	0	0	0	124	0	0	0	0	0	0	0	132	0	0	0	0	0	0	0	0	0	0	0	0	0	168	0	0	0	0	0	0	0	0	0	400	0	1398	0	180	0	2042	0	7414	0	1380	0	0	0	2188	0	7674	0	0	0	6082	0	18604	0	2996	0	194	0	0	0	0	0	0	0	0	0	0	0	958	0	0	0	2922	0	0	0	576	0	0	0	0	0	0	0	0	0	0	0	0	0	0	0	0	0	0	0	0	0	0	0	0	0	0	
112192	SupraMarginal_L	976	0	480	0	0	0	302	0	0	0	0	0	0	0	0	0	1666	0	478	0	0	0	0	0	0	0	0	0	476	0	0	0	0	0	0	0	204	0	0	0	0	0	0	0	0	0	0	0	0	0	2946	0	144	0	266	0	10206	0	2928	0	19462	0	0	0	8256	0	0	0	0	0	0	0	0	0	0	0	0	0	0	0	2122	0	0	0	3334	0	0	0	1850	0	0	0	0	0	0	0	0	0	0	0	0	0	0	0	0	0	0	0	0	0	0	0	0	0	0	0	
112856	SupraMarginal_R	0	8114	0	0	0	0	0	2764	0	0	0	1748	0	0	0	0	0	1894	148	0	0	0	0	0	0	0	0	0	0	368	0	0	0	0	0	0	0	868	0	0	0	0	0	0	0	1018	0	0	0	312	0	0	0	0	0	138	0	8950	0	518	0	6082	0	0	0	3982	0	1238	0	0	0	0	0	0	0	0	0	122	0	0	0	5812	0	0	0	8078	0	0	0	4274	0	0	0	0	0	0	0	0	0	0	0	0	0	0	0	0	0	0	0	0	0	0	0	0	0	0	
163972	Angular_L	544	0	312	0	0	0	0	0	0	0	0	0	0	0	0	0	720	0	312	0	0	0	0	0	0	0	0	0	214	0	0	0	0	0	0	0	0	0	0	0	0	0	0	0	0	0	0	0	0	0	17264	0	374	0	556	0	6574	0	8540	0	24356	0	8256	0	0	0	0	0	268	0	0	0	0	0	0	0	0	0	0	0	458	0	0	0	9348	0	0	0	3890	0	0	0	0	0	0	0	0	0	0	0	0	0	0	0	0	0	0	0	0	0	0	0	0	0	0	0	
141764	Angular_R	0	446	0	0	0	0	0	0	0	0	0	0	0	0	0	0	0	286	0	0	0	0	0	0	0	0	0	0	0	0	0	0	0	0	0	0	0	0	0	0	0	0	0	540	0	1178	0	272	0	3890	0	13694	0	1498	0	0	0	706	0	9230	0	18604	0	3982	0	0	0	1830	0	0	0	0	0	0	0	0	0	0	0	0	0	1936	0	0	0	8710	0	0	0	4080	0	0	0	0	0	0	0	0	0	0	0	0	0	0	0	0	0	0	0	0	0	0	0	0	0	0	
264480	Precuneus_L	216	432	0	0	0	0	0	0	0	0	0	0	0	0	0	0	498	0	0	504	0	0	0	0	0	0	0	0	390	136	0	0	3886	1242	6112	1168	2436	708	2306	0	0	0	14784	1558	12422	1950	4892	512	12920	1008	14674	0	2006	0	392	0	5884	0	17224	836	1782	0	0	0	0	0	0	6758	6504	448	0	0	0	0	0	0	0	500	0	0	544	0	0	0	3154	0	0	0	1454	0	0	0	0	0	0	0	0	0	0	0	0	0	0	0	0	0	0	0	0	0	0	0	0	0	0	0	
379516	Precuneus_R	332	790	0	0	0	0	0	482	0	0	0	558	0	0	0	0	0	362	0	2266	0	0	0	0	0	0	0	0	0	1640	0	0	494	10450	1114	9310	812	3412	660	1764	0	0	1008	17536	914	34748	0	4884	0	28112	0	7096	0	3302	0	2980	0	7588	0	13436	0	2996	0	1238	0	1830	6758	0	944	7562	0	0	0	0	0	0	0	632	0	410	0	902	0	0	0	2810	0	0	0	7508	0	0	0	0	0	0	0	0	0	0	0	0	0	0	0	0	0	0	0	0	118	0	0	0	0	0	
208276	Paracentral_Lobule_L	18844	2878	1540	596	0	0	0	0	0	0	0	0	0	0	0	0	484	0	4466	10182	0	0	0	0	0	0	0	0	640	0	0	0	3214	7060	2274	1892	570	0	308	0	0	0	360	0	626	0	210	0	2042	0	6858	0	1022	0	0	0	7588	320	6808	0	3492	0	0	0	268	0	6504	944	0	6074	0	760	752	0	336	0	1012	514	0	0	166	0	0	0	1752	0	0	0	782	0	0	0	0	0	0	0	0	0	0	0	0	0	0	0	0	0	0	0	0	0	0	0	0	0	0	0	
184344	Paracentral_Lobule_R	2612	5508	270	226	0	0	0	290	0	0	0	302	0	0	0	0	0	0	1896	18062	0	0	0	0	0	0	0	0	0	184	0	0	1250	16322	122	6846	0	526	0	0	0	0	184	252	244	4036	0	0	0	3512	0	426	0	402	0	604	0	9238	0	524	0	194	0	0	0	0	448	7562	6074	0	0	392	0	0	0	0	0	452	0	0	0	156	0	0	0	954	0	0	0	2102	0	0	0	0	0	0	0	0	0	0	0	0	0	0	0	0	0	0	0	0	0	0	0	0	0	0	
238784	Caudate_L	772	914	11066	4180	3344	806	2076	1588	218	316	0	1754	4260	1906	6108	466	0	0	7836	2662	5558	6670	1982	0	954	170	3294	1418	4956	1908	6608	3936	0	218	0	0	574	0	0	0	0	0	0	0	0	0	0	0	0	0	0	0	0	0	0	0	0	0	0	0	0	0	0	0	0	0	0	0	0	0	0	9086	18518	942	398	0	1402	284	0	0	0	0	0	244	0	0	0	0	0	0	0	0	0	0	0	0	0	0	0	0	0	0	0	0	0	0	0	0	0	0	0	0	0	0	0	0	
349080	Caudate_R	1332	1536	4684	22928	480	2942	574	3104	0	1822	0	1410	1238	1452	1718	4880	126	1120	5220	18042	1812	4628	844	4826	122	3186	824	2902	1798	2932	1852	8386	0	120	0	0	310	0	0	0	0	0	0	0	0	0	0	0	0	0	0	0	0	0	0	0	772	0	0	0	0	0	0	0	0	0	0	0	760	392	9086	0	3918	23310	634	1864	644	22460	0	786	0	242	0	522	0	0	0	0	0	0	0	0	0	0	0	0	0	0	0	0	0	0	0	0	0	0	0	0	0	0	0	0	0	0	0	0	
368340	Putamen_L	4290	1518	30130	1480	6702	140	3636	552	2022	0	546	118	4060	214	11990	0	4700	846	23680	764	1314	1932	3588	0	606	0	1012	278	18988	0	6220	1210	0	0	0	0	12210	0	1088	0	162	0	0	0	0	0	0	0	0	0	0	0	0	0	478	0	0	0	0	0	0	0	0	0	0	0	0	0	752	0	18518	3918	0	910	6250	0	2916	234	0	782	1176	172	832	0	246	0	0	0	868	0	0	0	0	0	0	0	0	0	122	0	0	0	0	0	0	0	0	0	0	0	0	0	0	0	0	0	
346028	Putamen_R	0	3522	1266	18806	0	2368	144	6880	0	2758	0	8914	132	3210	156	6640	0	5046	1530	14014	126	668	290	4302	0	1616	118	1362	202	18790	530	4464	0	302	0	0	166	17754	0	5906	0	1372	0	0	0	0	0	0	0	0	0	0	0	1894	0	7570	0	640	0	0	0	0	0	0	0	0	0	0	0	0	942	23310	910	0	0	2154	0	878	0	240	0	228	0	402	0	0	0	0	0	492	0	0	0	0	0	0	0	0	0	0	0	0	0	0	0	0	0	0	0	0	0	0	0	0	0	0	
50856	Pallidum_L	370	520	4902	198	0	0	0	0	0	0	0	0	0	0	0	0	0	0	6254	880	0	0	0	0	0	0	0	0	148	0	0	0	0	0	0	0	870	0	0	0	0	0	0	0	0	0	0	0	0	0	0	0	0	0	0	0	0	0	0	0	0	0	0	0	0	0	0	0	336	0	398	634	6250	0	0	0	3306	362	0	0	0	0	0	0	0	0	0	0	0	0	0	0	0	0	0	0	0	0	0	0	0	0	0	0	0	0	0	0	0	0	0	0	0	0	0	0	
17848	Pallidum_R	0	0	182	954	0	0	0	130	0	0	0	126	0	0	0	0	0	210	212	1544	0	0	0	0	0	0	0	0	0	682	0	0	0	0	0	0	0	360	0	226	0	0	0	0	0	0	0	0	0	0	0	0	0	0	0	132	0	0	0	0	0	0	0	0	0	0	0	0	0	0	0	1864	0	2154	0	0	0	148	0	0	0	0	0	0	0	0	0	0	0	0	0	0	0	0	0	0	0	0	0	0	0	0	0	0	0	0	0	0	0	0	0	0	0	0	0	0	
95316	Thalamus_L	10948	1372	7858	784	0	0	1104	0	0	0	0	0	0	0	0	0	540	0	4252	2742	0	0	0	0	0	0	0	0	994	0	0	0	0	0	230	136	3800	292	630	0	0	0	0	0	0	0	0	0	0	0	0	0	0	0	164	0	210	0	0	0	0	0	0	0	0	0	0	0	1012	0	1402	644	2916	0	3306	0	0	2030	142	0	0	0	0	0	0	0	0	0	150	0	0	0	0	0	0	0	0	0	0	0	0	0	0	0	0	0	0	0	0	0	0	0	0	0	0	0	
156004	Thalamus_R	1296	12624	646	12478	0	0	0	1618	0	0	0	416	0	0	0	0	0	530	1092	4320	0	0	0	0	0	0	0	0	0	0	0	0	0	0	1432	1214	2348	4574	1448	1334	0	0	0	0	0	0	238	454	0	0	0	0	0	0	0	608	432	284	0	0	0	0	0	122	0	0	500	632	514	452	284	22460	234	878	362	148	2030	0	0	0	0	0	0	0	0	0	0	0	0	0	0	0	0	0	0	0	0	0	0	0	0	0	0	0	0	0	0	0	0	0	0	0	0	0	0	0	
97996	Heschl_L	3166	0	1262	0	0	0	784	0	0	0	418	0	0	0	0	0	4834	0	1218	0	0	0	0	0	0	0	0	0	9170	0	0	0	0	0	248	0	2462	0	820	0	0	0	0	0	0	0	0	0	0	0	1038	0	472	0	870	0	3116	0	1870	0	2570	0	0	0	0	0	0	0	0	0	0	0	0	0	0	0	142	0	0	0	6178	0	0	0	4606	0	0	0	3754	0	0	0	0	0	0	0	0	0	0	0	0	0	0	0	0	0	0	0	0	0	0	0	0	0	0	0	
31432	Heschl_R	0	0	588	594	0	0	212	0	0	0	0	0	0	0	0	0	0	2598	172	678	0	0	586	0	0	0	0	0	0	1344	656	0	0	136	0	0	0	618	0	294	0	0	0	0	0	198	0	0	0	0	0	0	0	344	0	588	0	146	0	0	0	0	0	0	0	0	0	410	0	0	0	786	782	240	0	0	0	0	0	0	0	2832	0	0	0	248	0	0	0	666	0	0	0	0	0	0	0	0	0	0	0	0	0	0	0	0	0	0	0	0	0	0	0	0	0	0	
189924	Temporal_Sup_L	2394	0	4806	0	0	0	1430	0	0	0	5328	0	392	0	134	0	11440	0	4328	0	0	0	0	0	0	0	0	0	10490	0	0	0	0	0	0	0	1370	0	0	0	0	0	524	0	256	0	0	0	0	0	2080	0	716	0	1726	0	2260	0	1322	0	2972	0	2122	0	458	0	544	0	166	0	0	0	1176	0	0	0	0	0	6178	0	0	0	2944	0	16334	0	0	0	10626	0	0	0	0	0	0	0	0	0	446	0	0	0	0	0	0	0	0	0	0	0	0	0	0	0	0	0	
70152	Temporal_Sup_R	0	0	140	140	0	0	0	0	0	0	0	0	0	0	0	0	0	808	0	214	0	0	0	0	0	0	0	0	0	1062	132	0	0	182	0	0	0	608	0	410	0	0	0	172	0	644	0	0	0	230	0	0	0	558	0	1508	0	154	0	0	0	958	0	5812	0	1936	0	902	0	156	0	242	172	228	0	0	0	0	0	2832	0	0	0	1090	0	9106	0	0	0	4680	0	0	0	0	0	0	0	0	0	0	0	0	0	0	0	0	0	0	0	0	0	0	0	0	0	0	
77908	Temporal_Pole_Sup_L	0	0	1506	0	786	0	374	0	0	0	2154	0	874	0	2104	0	1694	0	1224	0	2218	0	0	0	0	0	0	0	6236	0	0	0	0	0	0	0	208	0	1096	0	1140	0	0	0	0	0	0	0	0	0	0	0	0	0	1774	0	0	0	0	0	0	0	0	0	0	0	0	0	0	0	0	0	832	0	0	0	0	0	0	0	2944	0	0	0	4694	0	1922	0	5174	0	0	0	0	0	0	0	0	0	0	0	0	0	0	0	0	0	0	0	0	0	0	0	0	0	0	0	
38632	Temporal_Pole_Sup_R	0	0	212	352	0	0	0	0	0	0	0	1944	0	936	0	260	0	0	212	310	0	0	0	0	0	0	0	0	0	2340	0	0	0	0	0	0	0	0	0	1282	0	1572	0	0	0	0	0	0	0	0	0	0	0	0	0	3250	0	0	0	0	0	0	0	0	0	0	0	0	0	0	244	522	0	402	0	0	0	0	0	0	0	1090	0	0	0	792	0	2094	0	1502	0	0	0	0	0	0	0	0	0	0	0	0	0	0	0	0	0	0	0	0	0	0	0	0	0	0	
295144	Temporal_Mid_L	724	0	382	0	0	0	0	0	0	0	0	0	0	0	0	0	3530	0	364	0	0	0	0	0	0	0	0	0	2504	0	0	0	0	0	1158	0	226	0	0	0	0	0	1776	0	1304	0	490	0	644	0	19916	0	4246	0	3992	0	6186	0	7712	0	11316	0	3334	0	9348	0	3154	0	1752	0	0	0	246	0	0	0	0	0	4606	0	16334	0	4694	0	0	0	1418	0	35194	0	0	0	0	0	0	0	0	0	1022	0	0	0	0	0	0	0	0	0	0	0	0	0	0	0	0	0	
194448	Temporal_Mid_R	0	792	0	0	0	0	0	0	0	0	0	0	0	0	0	0	0	638	0	560	0	0	0	0	0	0	0	0	0	728	0	0	0	676	0	120	0	1366	0	416	0	204	130	5694	0	2082	0	3512	0	1356	0	9522	0	1822	0	3772	0	1584	0	324	0	2922	0	8078	0	8710	0	2810	0	954	0	0	0	0	0	0	0	0	0	248	0	9106	0	792	0	0	0	376	0	27930	0	0	0	0	0	0	0	0	0	0	0	0	0	0	0	0	0	0	0	0	0	0	0	0	0	0	
13452	Temporal_Pole_Mid_L	0	0	0	0	0	0	0	0	0	0	0	0	0	0	0	0	0	0	0	0	0	0	0	0	0	0	0	0	0	0	0	0	0	0	0	0	0	0	0	0	0	0	0	0	0	0	0	0	0	0	0	0	0	0	1020	0	0	0	0	0	0	0	0	0	0	0	0	0	0	0	0	0	0	0	0	0	0	0	0	0	0	0	1922	0	1418	0	0	0	2366	0	0	0	0	0	0	0	0	0	0	0	0	0	0	0	0	0	0	0	0	0	0	0	0	0	0	0	
12824	Temporal_Pole_Mid_R	0	0	0	0	0	0	0	0	0	0	0	0	0	0	0	0	0	0	0	0	0	0	0	0	0	0	0	0	0	0	0	0	0	0	0	0	0	0	0	824	0	442	0	0	0	0	0	0	0	0	0	0	0	0	0	1348	0	0	0	0	0	0	0	0	0	0	0	0	0	0	0	0	0	0	0	0	0	0	0	0	0	0	0	2094	0	376	0	0	0	1328	0	0	0	0	0	0	0	0	0	0	0	0	0	0	0	0	0	0	0	0	0	0	0	0	0	0	
260060	Temporal_Inf_L	754	0	2058	0	0	0	930	0	0	0	178	0	0	0	0	0	2488	0	1690	0	0	0	0	0	0	0	0	0	5606	0	0	0	0	0	858	0	5348	0	912	0	1378	0	966	0	420	0	632	0	132	0	6322	0	2260	0	11774	0	3136	0	4236	0	6202	0	1850	0	3890	0	1454	0	782	0	0	0	868	0	0	0	150	0	3754	0	10626	0	5174	0	35194	0	2366	0	0	0	2288	0	370	0	0	0	0	0	2984	0	0	0	0	0	0	0	0	0	0	0	0	0	0	0	0	0	
242976	Temporal_Inf_R	0	1140	0	240	0	0	0	132	0	0	0	142	0	0	0	0	0	646	0	1288	0	0	0	0	0	0	0	0	0	1120	0	0	0	1630	0	1264	0	7064	0	1434	0	264	0	5930	0	3612	0	3304	0	1948	0	4094	0	10760	0	16826	0	2504	0	0	0	576	0	4274	0	4080	0	7508	0	2102	0	0	0	492	0	0	0	0	0	666	0	4680	0	1502	0	27930	0	1328	0	0	0	790	0	0	0	0	0	0	0	218	0	0	0	0	0	0	0	0	0	0	0	0	0	0	0	0	
498932	Cerebelum_Crus1_L	0	0	0	0	0	0	0	0	0	0	0	0	0	0	0	0	0	0	0	0	0	0	0	0	0	0	0	0	0	0	0	0	0	0	0	0	562	0	120	0	0	0	0	0	0	0	3680	2392	0	0	0	0	278	0	15822	1758	0	0	0	0	0	0	0	0	0	0	0	0	0	0	0	0	0	0	0	0	0	0	0	0	0	0	0	0	0	0	0	0	2288	0	0	5568	36956	7570	836	158	31046	3170	63630	6566	11600	2028	11022	1858	1928	702	332	0	276	632	9482	9012	14884	2044	1066	200	
406848	Cerebelum_Crus1_R	0	0	0	0	0	0	0	0	0	0	0	0	0	0	0	0	0	0	0	0	0	0	0	0	0	0	0	0	0	0	0	0	0	0	0	0	0	0	0	0	0	0	0	0	0	0	1736	2446	0	0	0	0	0	130	218	8876	0	0	0	0	0	0	0	0	0	0	0	0	0	0	0	0	0	0	0	0	0	0	0	0	0	0	0	0	0	0	0	0	0	790	5568	0	2836	35238	0	2164	432	17634	4130	51218	1502	13278	1498	22320	0	2238	0	0	0	404	4170	8292	14282	1296	728	0	
295112	Cerebelum_Crus2_L	0	0	0	0	0	0	0	0	0	0	0	0	0	0	0	0	0	0	0	0	0	0	0	0	0	0	0	0	0	0	0	0	0	0	0	0	0	0	0	0	0	0	0	0	0	0	818	0	0	0	0	0	0	0	918	0	0	0	0	0	0	0	0	0	0	0	0	0	0	0	0	0	0	0	0	0	0	0	0	0	0	0	0	0	0	0	0	0	370	0	36956	2836	0	10346	144	0	1792	140	8178	942	28748	5416	23200	4712	828	1364	248	0	0	0	490	636	12496	5314	664	0	
329532	Cerebelum_Crus2_R	0	0	0	0	0	0	0	0	0	0	0	0	0	0	0	0	0	0	0	0	0	0	0	0	0	0	0	0	0	0	0	0	0	0	0	0	0	0	0	0	0	0	0	0	0	0	1320	560	0	0	0	0	0	0	184	466	0	0	0	0	0	0	0	0	0	0	0	0	0	0	0	0	0	0	0	0	0	0	0	0	0	0	0	0	0	0	0	0	0	0	7570	35238	10346	0	0	468	0	2228	2710	10118	5024	27262	4540	29124	0	1746	0	0	0	0	456	4078	18780	2204	344	0	
30184	Cerebelum_3_L	0	0	0	0	0	0	0	0	0	0	0	0	0	0	0	0	0	0	0	0	0	0	0	0	0	0	0	0	0	0	0	0	0	0	0	0	382	0	836	0	0	0	0	0	0	0	0	0	0	0	0	0	0	0	156	0	0	0	0	0	0	0	0	0	0	0	0	0	0	0	0	0	0	0	0	0	0	0	0	0	0	0	0	0	0	0	0	0	0	0	836	0	144	0	0	0	5260	134	2094	118	184	0	182	0	890	0	364	0	456	1602	1066	388	0	0	0	0	
61860	Cerebelum_3_R	0	0	0	0	0	0	0	0	0	0	0	0	0	0	0	0	0	0	0	0	0	0	0	0	0	0	0	0	0	0	0	0	0	0	0	0	0	0	0	0	0	0	0	0	0	0	0	184	0	0	0	0	0	0	0	220	0	0	0	0	0	0	0	0	0	0	0	0	0	0	0	0	0	0	0	0	0	0	0	0	0	0	0	0	0	0	0	0	0	0	158	2164	0	468	0	0	424	5824	216	4914	0	348	0	852	0	2634	0	0	378	3616	3756	2084	0	136	1876	678	
306292	Cerebelum_4_5_L	0	0	0	0	0	0	0	0	0	0	0	0	0	0	0	0	0	0	0	0	0	0	0	0	0	0	0	0	0	0	0	0	0	0	0	0	244	0	716	0	0	0	156	0	0	0	7486	2176	0	0	0	0	0	0	13150	1468	0	0	0	0	0	0	0	0	0	0	0	0	0	0	0	0	0	0	0	0	0	0	0	0	0	0	0	0	0	0	0	0	0	0	31046	432	1792	0	5260	424	0	4178	47068	2994	1982	0	1710	350	3388	1002	354	0	482	1692	16910	4982	0	0	826	878	
253684	Cerebelum_4_5_R	0	0	0	0	0	0	0	0	0	0	0	0	0	0	0	0	0	0	0	0	0	0	0	0	0	0	0	0	0	0	0	0	0	0	0	0	0	284	0	424	0	0	0	0	0	0	1090	5488	0	0	0	0	0	0	532	11480	0	0	0	0	0	0	0	0	0	0	0	0	0	0	0	0	0	0	0	0	0	0	0	0	0	0	0	0	0	0	0	0	0	0	3170	17634	140	2228	134	5824	4178	0	5200	33620	0	1584	0	4060	322	2388	0	0	0	1878	16280	6350	674	0	1414	466	
501136	Cerebelum_6_L	0	0	0	0	0	0	0	0	0	0	0	0	0	0	0	0	0	0	0	0	0	0	0	0	0	0	0	0	0	0	0	0	0	0	0	0	574	0	228	0	0	0	0	0	0	0	12230	3826	0	0	0	0	676	128	26422	2370	0	0	0	0	0	0	0	0	0	0	0	0	0	0	0	0	122	0	0	0	0	0	0	0	446	0	0	0	1022	0	0	0	2984	0	63630	4130	8178	2710	2094	216	47068	5200	0	7800	4562	168	4128	650	3836	794	548	0	354	844	15654	14278	9432	1634	1312	320	
412136	Cerebelum_6_R	0	0	0	0	0	0	0	0	0	0	0	0	0	0	0	0	0	0	0	0	0	0	0	0	0	0	0	0	0	0	0	0	0	0	0	0	0	0	0	0	0	0	0	0	0	0	1408	6086	0	0	0	0	0	532	280	18330	0	0	0	0	0	0	0	0	0	0	0	0	0	0	0	0	0	0	0	0	0	0	0	0	0	0	0	0	0	0	0	0	0	218	6566	51218	942	10118	118	4914	2994	33620	7800	0	428	4442	466	11404	218	3168	0	0	0	1048	12946	13320	10526	1278	1346	334	
213292	Cerebelum_7b_L	0	0	0	0	0	0	0	0	0	0	0	0	0	0	0	0	0	0	0	0	0	0	0	0	0	0	0	0	0	0	0	0	0	0	0	0	0	0	0	0	0	0	0	0	0	0	0	0	0	0	0	0	0	0	200	0	0	0	0	0	0	0	0	0	0	0	0	0	0	0	0	0	0	0	0	0	0	0	0	0	0	0	0	0	0	0	0	0	0	0	11600	1502	28748	5024	184	0	1982	0	4562	428	0	2308	28128	5888	1442	1290	696	0	0	0	252	202	5444	6426	340	0	
190312	Cerebelum_7b_R	0	0	0	0	0	0	0	0	0	0	0	0	0	0	0	0	0	0	0	0	0	0	0	0	0	0	0	0	0	0	0	0	0	0	0	0	0	0	0	0	0	0	0	0	0	0	0	0	0	0	0	0	0	0	0	0	0	0	0	0	0	0	0	0	0	0	0	0	0	0	0	0	0	0	0	0	0	0	0	0	0	0	0	0	0	0	0	0	0	0	2028	13278	5416	27262	0	348	0	1584	168	4442	2308	0	1820	27914	0	1000	0	0	0	0	148	198	5948	1294	0	0	
224532	Cerebelum_8_L	0	0	0	0	0	0	0	0	0	0	0	0	0	0	0	0	0	0	0	0	0	0	0	0	0	0	0	0	0	0	0	0	0	0	0	0	0	0	0	0	0	0	0	0	0	0	0	0	0	0	0	0	0	0	0	0	0	0	0	0	0	0	0	0	0	0	0	0	0	0	0	0	0	0	0	0	0	0	0	0	0	0	0	0	0	0	0	0	0	0	11022	1498	23200	4540	182	0	1710	0	4128	466	28128	1820	0	6476	9490	1742	3060	0	0	0	484	302	5376	7494	1148	0	
295676	Cerebelum_8_R	0	0	0	0	0	0	0	0	0	0	0	0	0	0	0	0	0	0	0	0	0	0	0	0	0	0	0	0	0	0	0	0	0	0	0	0	0	0	0	0	0	0	0	0	0	0	262	0	0	0	0	0	0	0	0	0	0	0	0	0	0	0	0	0	0	0	0	0	0	0	0	0	0	0	0	0	0	0	0	0	0	0	0	0	0	0	0	0	0	0	1858	22320	4712	29124	0	852	350	4060	650	11404	5888	27914	6476	0	154	15568	0	156	0	170	906	784	6346	6068	1680	136	
69848	Cerebelum_9_L	0	0	0	0	0	0	0	0	0	0	0	0	0	0	0	0	0	0	0	0	0	0	0	0	0	0	0	0	0	0	0	0	0	0	0	0	0	0	0	0	0	0	0	0	0	0	150	164	0	0	0	0	0	0	0	0	0	0	0	0	0	0	0	0	0	0	0	0	0	0	0	0	0	0	0	0	0	0	0	0	0	0	0	0	0	0	0	0	0	0	1928	0	828	0	890	0	3388	322	3836	218	1442	0	9490	154	0	696	4612	0	0	0	2138	1762	0	364	1834	708	
127064	Cerebelum_9_R	0	0	0	0	0	0	0	0	0	0	0	0	0	0	0	0	0	0	0	0	0	0	0	0	0	0	0	0	0	0	0	0	0	0	0	0	0	0	0	0	0	0	0	0	0	0	148	220	0	0	0	0	0	0	0	316	0	0	0	0	0	0	0	0	0	0	0	0	0	0	0	0	0	0	0	0	0	0	0	0	0	0	0	0	0	0	0	0	0	0	702	2238	1364	1746	0	2634	1002	2388	794	3168	1290	1000	1742	15568	696	0	0	1464	334	1948	4392	4394	1458	3864	6288	2374	
20892	Cerebelum_10_L	0	0	0	0	0	0	0	0	0	0	0	0	0	0	0	0	0	0	0	0	0	0	0	0	0	0	0	0	0	0	0	0	0	0	0	0	0	0	0	0	0	0	0	0	0	0	0	0	0	0	0	0	0	0	0	0	0	0	0	0	0	0	0	0	0	0	0	0	0	0	0	0	0	0	0	0	0	0	0	0	0	0	0	0	0	0	0	0	0	0	332	0	248	0	364	0	354	0	548	0	696	0	3060	0	4612	0	0	0	0	0	0	0	0	0	232	0	
3776	Cerebelum_10_R	0	0	0	0	0	0	0	0	0	0	0	0	0	0	0	0	0	0	0	0	0	0	0	0	0	0	0	0	0	0	0	0	0	0	0	0	0	0	0	0	0	0	0	0	0	0	0	0	0	0	0	0	0	0	0	0	0	0	0	0	0	0	0	0	0	0	0	0	0	0	0	0	0	0	0	0	0	0	0	0	0	0	0	0	0	0	0	0	0	0	0	0	0	0	0	0	0	0	0	0	0	0	0	156	0	1464	0	0	0	0	0	122	0	0	146	0	
17804	Vermis_1_2	0	0	0	0	0	0	0	0	0	0	0	0	0	0	0	0	0	0	0	0	0	0	0	0	0	0	0	0	0	0	0	0	0	0	0	0	0	0	0	0	0	0	0	0	0	0	0	0	0	0	0	0	0	0	0	0	0	0	0	0	0	0	0	0	0	0	0	0	0	0	0	0	0	0	0	0	0	0	0	0	0	0	0	0	0	0	0	0	0	0	276	0	0	0	456	378	482	0	354	0	0	0	0	0	0	334	0	0	0	5052	1570	0	0	0	0	0	
57384	Vermis_3	0	0	0	0	0	0	0	0	0	0	0	0	0	0	0	0	0	0	0	0	0	0	0	0	0	0	0	0	0	0	0	0	0	0	0	0	572	0	474	0	0	0	0	0	0	0	0	308	0	0	0	0	0	0	0	200	0	0	0	0	0	0	0	0	0	0	0	0	0	0	0	0	0	0	0	0	0	0	0	0	0	0	0	0	0	0	0	0	0	0	632	404	0	0	1602	3616	1692	1878	844	1048	0	0	0	170	0	1948	0	0	5052	0	4732	1572	0	0	1352	596	
258276	Vermis_4_5	0	0	0	0	0	0	0	0	0	0	0	0	0	0	0	0	0	0	0	0	0	0	0	0	0	0	0	0	0	0	0	0	0	0	0	0	0	142	0	0	0	0	0	0	0	0	4174	4688	0	0	0	0	0	0	1596	5110	0	0	0	0	0	0	0	0	0	0	0	118	0	0	0	0	0	0	0	0	0	0	0	0	0	0	0	0	0	0	0	0	0	0	9482	4170	490	456	1066	3756	16910	16280	15654	12946	252	148	484	906	2138	4392	0	0	1570	4732	0	10814	612	174	3370	2508	
236532	Vermis_6	0	0	0	0	0	0	0	0	0	0	0	0	0	0	0	0	0	0	0	0	0	0	0	0	0	0	0	0	0	0	0	0	0	0	0	0	0	0	0	0	0	0	0	0	0	0	4368	6216	0	0	0	0	220	480	952	5080	0	0	0	0	0	0	0	0	0	0	0	0	0	0	0	0	0	0	0	0	0	0	0	0	0	0	0	0	0	0	0	0	0	0	9012	8292	636	4078	388	2084	4982	6350	14278	13320	202	198	302	784	1762	4394	0	122	0	1572	10814	0	9780	1000	4572	2028	
259076	Vermis_7	0	0	0	0	0	0	0	0	0	0	0	0	0	0	0	0	0	0	0	0	0	0	0	0	0	0	0	0	0	0	0	0	0	0	0	0	0	0	0	0	0	0	0	0	0	0	2530	1958	0	0	0	0	132	334	502	1632	0	0	0	0	0	0	0	0	0	0	0	0	0	0	0	0	0	0	0	0	0	0	0	0	0	0	0	0	0	0	0	0	0	0	14884	14282	12496	18780	0	0	0	674	9432	10526	5444	5948	5376	6346	0	1458	0	0	0	0	612	9780	0	4796	1616	0	
97900	Vermis_8	0	0	0	0	0	0	0	0	0	0	0	0	0	0	0	0	0	0	0	0	0	0	0	0	0	0	0	0	0	0	0	0	0	0	0	0	0	0	0	0	0	0	0	0	0	0	0	0	0	0	0	0	0	0	0	0	0	0	0	0	0	0	0	0	0	0	0	0	0	0	0	0	0	0	0	0	0	0	0	0	0	0	0	0	0	0	0	0	0	0	2044	1296	5314	2204	0	136	0	0	1634	1278	6426	1294	7494	6068	364	3864	0	0	0	0	174	1000	4796	0	3408	156	
