data	data	397180	228756	670788	932908	82776	69184	334904	239384	46680	29488	223996	179308	218588	185600	114204	92588	215616	251932	671192	986016	59860	60924	255256	260200	20812	66168	35684	70208	517612	498176	181520	249504	161304	516668	168524	175764	297960	344928	42812	223940	20528	60232	244656	342348	166948	321412	198384	279636	215568	260796	467164	206776	219364	101212	486104	494216	304628	217828	155608	65384	195320	84592	92092	98216	101828	97360	379020	476640	148088	210096	135228	466380	255320	405816	80164	21788	205188	221348	68776	39264	223052	148072	41400	59676	336352	245540	15524	14424	337500	242540	510512	468056	317304	265936	33260	58496	265732	255752	440588	457408	204312	140180	256596	271612	129428	162280	43440	12776	17088	29784	228792	189432	158392	96084	81084	23232	
data	data	Precentral_L	Precentral_R	Frontal_Sup_L	Frontal_Sup_R	Frontal_Sup_Orb_L	Frontal_Sup_Orb_R	Frontal_Mid_L	Frontal_Mid_R	Frontal_Mid_Orb_L	Frontal_Mid_Orb_R	Frontal_Inf_Oper_L	Frontal_Inf_Oper_R	Frontal_Inf_Tri_L	Frontal_Inf_Tri_R	Frontal_Inf_Orb_L	Frontal_Inf_Orb_R	Rolandic_Oper_L	Rolandic_Oper_R	Supp_Motor_Area_L	Supp_Motor_Area_R	Olfactory_L	Olfactory_R	Frontal_Sup_Medial_L	Frontal_Sup_Medial_R	Frontal_Med_Orb_L	Frontal_Med_Orb_R	Rectus_L	Rectus_R	Insula_L	Insula_R	Cingulum_Ant_L	Cingulum_Ant_R	Cingulum_Mid_L	Cingulum_Mid_R	Cingulum_Post_L	Cingulum_Post_R	Hippocampus_L	Hippocampus_R	ParaHippocampal_L	ParaHippocampal_R	Amygdala_L	Amygdala_R	Calcarine_L	Calcarine_R	Cuneus_L	Cuneus_R	Lingual_L	Lingual_R	Occipital_Sup_L	Occipital_Sup_R	Occipital_Mid_L	Occipital_Mid_R	Occipital_Inf_L	Occipital_Inf_R	Fusiform_L	Fusiform_R	Postcentral_L	Postcentral_R	Parietal_Sup_L	Parietal_Sup_R	Parietal_Inf_L	Parietal_Inf_R	SupraMarginal_L	SupraMarginal_R	Angular_L	Angular_R	Precuneus_L	Precuneus_R	Paracentral_Lobule_L	Paracentral_Lobule_R	Caudate_L	Caudate_R	Putamen_L	Putamen_R	Pallidum_L	Pallidum_R	Thalamus_L	Thalamus_R	Heschl_L	Heschl_R	Temporal_Sup_L	Temporal_Sup_R	Temporal_Pole_Sup_L	Temporal_Pole_Sup_R	Temporal_Mid_L	Temporal_Mid_R	Temporal_Pole_Mid_L	Temporal_Pole_Mid_R	Temporal_Inf_L	Temporal_Inf_R	Cerebelum_Crus1_L	Cerebelum_Crus1_R	Cerebelum_Crus2_L	Cerebelum_Crus2_R	Cerebelum_3_L	Cerebelum_3_R	Cerebelum_4_5_L	Cerebelum_4_5_R	Cerebelum_6_L	Cerebelum_6_R	Cerebelum_7b_L	Cerebelum_7b_R	Cerebelum_8_L	Cerebelum_8_R	Cerebelum_9_L	Cerebelum_9_R	Cerebelum_10_L	Cerebelum_10_R	Vermis_1_2	Vermis_3	Vermis_4_5	Vermis_6	Vermis_7	Vermis_8	Vermis_9	Vermis_10	
397180	Precentral_L	0	3158	11972	3302	0	0	14732	0	0	0	11438	0	684	0	0	0	11678	0	5194	1750	0	0	0	0	0	0	0	0	11376	0	0	0	0	720	5698	3848	14062	2640	128	768	0	0	358	0	0	0	110	0	116	0	1476	0	2036	0	5066	0	38804	0	148	0	2944	0	544	0	0	0	1510	372	8650	0	1628	662	5734	112	410	0	10926	6000	1952	0	2276	0	0	0	1882	0	0	0	1726	0	0	0	0	0	0	0	0	0	0	0	0	0	0	0	0	0	0	0	0	0	0	0	0	0	0	0	
228756	Precentral_R	3158	0	362	9434	0	0	0	8454	0	0	0	4586	0	504	0	0	0	1184	1442	7790	0	0	0	0	0	0	0	0	0	2928	0	0	446	4544	736	2870	766	5036	0	542	0	0	0	260	0	608	0	0	0	352	0	130	0	0	0	1310	534	15526	0	222	0	968	0	2668	0	0	212	2958	844	11142	420	1916	400	3466	360	188	2410	5242	0	264	0	2072	0	0	0	1962	0	0	0	3162	0	0	0	0	0	0	0	0	0	0	0	0	0	0	0	0	0	0	0	0	0	0	0	0	0	0	
670788	Frontal_Sup_L	11972	362	0	7534	4754	0	38546	282	1698	0	11862	0	15484	0	4964	158	11874	784	65492	11934	246	0	35158	702	1012	0	0	0	34810	1008	11928	2254	1668	3944	296	0	3940	0	0	0	0	0	0	0	0	0	0	0	0	0	0	0	0	0	404	0	5326	0	0	0	334	0	408	0	0	0	118	0	0	0	5238	4344	19730	1084	6442	212	2752	362	0	0	3694	0	150	0	0	0	0	0	130	0	0	0	0	0	0	0	0	0	0	0	0	0	0	0	0	0	0	0	0	0	0	0	0	0	0	0	
932908	Frontal_Sup_R	3302	9434	7534	0	0	1920	1764	31736	0	1036	952	14272	540	14600	0	3988	0	19226	26078	92376	0	110	8198	37050	0	1614	0	262	1550	34370	1088	20246	820	23036	978	1614	1082	9606	0	5338	0	0	0	0	0	0	0	0	0	0	0	0	0	0	0	3392	550	214	0	0	0	0	0	0	0	0	0	0	1540	0	3068	34200	862	29364	806	1384	4172	10328	0	254	0	240	0	360	0	0	0	0	0	0	0	0	0	0	0	0	0	0	0	0	0	0	0	0	0	0	0	0	0	0	0	0	0	0	0	0	
82776	Frontal_Sup_Orb_L	0	0	4754	0	0	0	814	0	6354	0	0	0	1940	0	9636	0	0	0	0	0	1792	456	2176	0	2316	0	2474	0	5108	0	2030	0	0	0	0	0	0	0	0	0	0	0	0	0	0	0	0	0	0	0	0	0	0	0	0	0	0	0	0	0	0	0	0	0	0	0	0	0	0	0	674	158	360	0	0	0	0	0	0	0	0	0	346	0	0	0	0	0	0	0	0	0	0	0	0	0	0	0	0	0	0	0	0	0	0	0	0	0	0	0	0	0	0	0	0	0	
69184	Frontal_Sup_Orb_R	0	0	0	1920	0	0	0	196	0	1546	0	0	0	0	0	1480	0	0	0	182	108	808	0	2568	140	7768	0	9046	0	656	110	912	0	0	0	0	0	0	0	0	0	0	0	0	0	0	0	0	0	0	0	0	0	0	0	0	0	0	0	0	0	0	0	0	0	0	0	0	0	0	0	3350	0	3802	0	0	0	0	0	0	0	0	0	0	0	0	0	0	0	0	0	0	0	0	0	0	0	0	0	0	0	0	0	0	0	0	0	0	0	0	0	0	0	0	0	0	
334904	Frontal_Mid_L	14732	0	38546	1764	814	0	0	0	1666	0	15474	0	25022	284	5390	0	5034	0	13194	1714	0	0	10656	330	0	0	0	0	17202	286	2684	192	396	494	178	0	1542	0	0	0	0	0	0	0	0	0	0	0	0	0	0	0	0	0	96	0	1370	0	0	0	0	0	0	0	0	0	0	0	0	0	1114	526	3516	0	348	0	1920	0	0	0	852	0	0	0	0	0	0	0	116	0	0	0	0	0	0	0	0	0	0	0	0	0	0	0	0	0	0	0	0	0	0	0	0	0	0	0	
239384	Frontal_Mid_R	0	8454	282	31736	0	196	0	0	0	310	0	10226	0	15626	0	940	0	8886	2582	8484	0	0	468	3346	0	0	0	0	0	11630	0	934	106	2236	0	0	0	1672	0	554	0	0	0	0	0	0	0	0	0	0	0	0	0	0	0	484	0	350	0	0	0	0	0	100	0	0	0	0	0	0	184	3548	118	5058	96	328	0	594	0	164	0	0	0	0	0	0	0	0	0	0	0	0	0	0	0	0	0	0	0	0	0	0	0	0	0	0	0	0	0	0	0	0	0	0	0	0	
46680	Frontal_Mid_Orb_L	0	0	1698	0	6354	0	1666	0	0	0	0	0	2438	0	7060	0	0	0	0	0	136	0	110	0	134	0	542	0	2440	0	580	0	0	0	0	0	0	0	0	0	0	0	0	0	0	0	0	0	0	0	0	0	0	0	0	0	0	0	0	0	0	0	0	0	0	0	0	0	0	0	0	0	182	0	0	0	0	0	0	0	0	0	0	0	0	0	0	0	0	0	0	0	0	0	0	0	0	0	0	0	0	0	0	0	0	0	0	0	0	0	0	0	0	0	0	0	
29488	Frontal_Mid_Orb_R	0	0	0	1036	0	1546	0	310	0	0	0	240	0	668	0	4214	0	162	98	1040	0	0	0	0	0	112	0	432	0	1524	0	0	0	0	0	0	0	0	0	0	0	0	0	0	0	0	0	0	0	0	0	0	0	0	0	0	0	0	0	0	0	0	0	0	0	0	0	0	0	0	0	1886	0	1476	0	0	0	0	0	0	0	0	0	0	0	0	0	0	0	0	0	0	0	0	0	0	0	0	0	0	0	0	0	0	0	0	0	0	0	0	0	0	0	0	0	0	
223996	Frontal_Inf_Oper_L	11438	0	11862	952	0	0	15474	0	0	0	0	0	14072	0	0	0	11368	0	10754	1120	0	0	824	0	0	0	0	0	19230	0	944	0	252	424	0	0	918	0	0	0	0	0	0	0	0	0	0	0	0	0	0	0	0	0	114	0	3800	0	0	0	0	0	0	0	0	0	0	0	0	0	1032	610	1066	0	0	0	262	0	0	0	4528	0	954	0	0	0	0	0	0	0	0	0	0	0	0	0	0	0	0	0	0	0	0	0	0	0	0	0	0	0	0	0	0	0	0	0	
179308	Frontal_Inf_Oper_R	0	4586	0	14272	0	0	0	10226	0	240	0	0	0	8886	0	444	0	7718	1470	10786	0	0	0	308	0	0	0	0	0	17334	0	0	0	688	0	0	0	962	0	184	0	0	0	0	0	0	0	0	0	0	0	0	0	0	0	174	0	1324	0	0	0	0	0	0	0	0	0	0	0	0	0	5020	0	4014	0	0	0	324	0	272	0	0	0	422	0	0	0	0	0	0	0	0	0	0	0	0	0	0	0	0	0	0	0	0	0	0	0	0	0	0	0	0	0	0	0	0	
218588	Frontal_Inf_Tri_L	684	0	15484	540	1940	0	25022	0	2438	0	14072	0	0	0	8576	0	146	0	4446	690	0	0	4822	0	0	0	0	0	24746	0	3422	0	1002	308	0	0	0	0	0	0	0	0	0	0	0	0	0	0	0	0	0	0	0	0	0	0	0	0	0	0	0	0	0	0	0	0	0	0	0	0	558	280	0	0	0	0	0	0	0	0	0	0	118	0	0	0	0	0	0	0	0	0	0	0	0	0	0	0	0	0	0	0	0	0	0	0	0	0	0	0	0	0	0	0	0	0	
185600	Frontal_Inf_Tri_R	0	504	0	14600	0	0	284	15626	0	668	0	8886	0	0	0	6180	0	526	5552	11390	0	0	0	1696	0	0	0	0	96	17036	0	612	0	3222	0	0	0	466	0	300	0	0	0	0	0	0	0	0	0	0	0	0	0	0	0	256	0	0	0	0	0	0	0	0	0	0	0	0	0	0	0	2920	0	1980	0	0	0	0	0	0	0	0	0	0	0	0	0	0	0	0	0	0	0	0	0	0	0	0	0	0	0	0	0	0	0	0	0	0	0	0	0	0	0	0	0	0	
114204	Frontal_Inf_Orb_L	0	0	4964	0	9636	0	5390	0	7060	0	0	0	8576	0	0	0	0	0	230	0	1770	126	1692	0	294	0	792	0	11116	0	3334	0	0	0	0	0	0	0	0	0	0	0	0	0	0	0	0	0	0	0	0	0	0	0	0	0	0	0	0	0	0	0	0	0	0	0	0	0	0	0	310	0	888	0	0	0	0	0	0	0	0	0	924	0	0	0	0	0	0	0	0	0	0	0	0	0	0	0	0	0	0	0	0	0	0	0	0	0	0	0	0	0	0	0	0	0	
92588	Frontal_Inf_Orb_R	0	0	158	3988	0	1480	0	940	0	4214	0	444	0	6180	0	0	0	544	848	3726	0	692	0	162	0	0	0	890	0	8484	0	0	0	250	0	0	0	0	0	0	0	480	0	0	0	0	0	0	0	0	0	0	0	0	0	1134	0	0	0	0	0	0	0	0	0	0	0	0	0	0	0	5404	0	3536	0	0	0	0	0	0	0	0	0	1860	0	370	0	0	0	510	0	0	0	0	0	0	0	0	0	0	0	0	0	0	0	0	0	0	0	0	0	0	0	0	0	0	
215616	Rolandic_Oper_L	11678	0	11874	0	0	0	5034	0	0	0	11368	0	146	0	0	0	0	0	8048	0	0	0	0	0	0	0	0	0	19596	0	0	0	0	0	300	0	1812	0	0	0	0	0	324	0	0	0	94	0	0	0	474	0	118	0	2510	0	10240	0	970	0	1368	0	1444	0	0	0	376	0	410	0	0	0	1152	0	0	0	154	0	2504	0	10264	0	764	0	2866	0	0	0	1920	0	0	0	0	0	0	0	0	0	0	0	0	0	0	0	0	0	0	0	0	0	0	0	0	0	0	0	
251932	Rolandic_Oper_R	0	1184	784	19226	0	0	0	8886	0	162	0	7718	0	526	0	544	0	0	1776	15770	0	0	0	988	0	0	0	0	0	30350	0	1072	184	326	0	0	0	2880	0	994	0	0	0	0	0	0	0	0	0	0	0	0	0	0	0	814	0	4092	0	0	0	328	0	1836	0	0	106	208	0	200	0	5716	0	11374	0	142	0	0	0	3218	0	3176	0	560	0	466	0	0	0	360	0	0	0	0	0	0	0	0	0	0	0	0	0	0	0	0	0	0	0	0	0	0	0	0	0	0	
671192	Supp_Motor_Area_L	5194	1442	65492	26078	0	0	13194	2582	0	98	10754	1470	4446	5552	230	848	8048	1776	0	48422	0	0	8812	5176	0	0	0	0	20940	5754	5288	5478	8308	20026	1522	254	3668	0	0	0	0	0	0	0	196	0	0	0	0	0	0	0	0	0	494	0	2404	0	0	0	272	0	256	0	0	0	288	0	12608	558	6488	6690	12208	1474	2114	384	4326	964	0	0	2802	0	0	0	0	0	0	0	218	0	0	0	0	0	0	0	0	0	0	0	0	0	0	0	0	0	0	0	0	0	0	0	0	0	0	0	
986016	Supp_Motor_Area_R	1750	7790	11934	92376	0	182	1714	8484	0	1040	1120	10786	690	11390	0	3726	0	15770	48422	0	0	108	500	12864	0	0	0	0	1742	29990	2184	12580	7246	48864	954	8022	282	9438	0	5112	0	0	0	472	0	844	0	0	0	322	0	0	0	0	0	4252	0	3628	0	230	0	608	0	852	0	0	318	3438	4388	16422	2810	41708	786	28052	720	2390	476	19796	0	276	0	836	0	424	0	534	0	0	0	1366	0	0	0	0	0	0	0	0	0	0	0	0	0	0	0	0	0	0	0	0	0	0	0	0	0	0	
59860	Olfactory_L	0	0	246	0	1792	108	0	0	136	0	0	0	0	0	1770	0	0	0	0	0	0	5332	132	0	246	0	3122	1086	2722	0	2558	1094	0	0	0	0	214	0	340	0	298	0	0	0	0	0	0	0	0	0	0	0	0	0	0	0	0	0	0	0	0	0	0	0	0	0	0	0	0	0	5340	2660	388	0	0	0	0	0	0	0	0	0	346	0	0	0	0	0	0	0	0	0	0	0	0	0	0	0	0	0	0	0	0	0	0	0	0	0	0	0	0	0	0	0	0	0	
60924	Olfactory_R	0	0	0	110	456	808	0	0	0	0	0	0	0	0	126	692	0	0	0	108	5332	0	0	0	150	128	2676	2896	0	2968	2144	1798	0	0	0	0	0	0	0	112	0	560	0	0	0	0	0	0	0	0	0	0	0	0	0	0	0	0	0	0	0	0	0	0	0	0	0	0	0	0	4998	3716	386	200	0	0	0	0	0	0	0	0	0	98	0	0	0	0	0	0	0	0	0	0	0	0	0	0	0	0	0	0	0	0	0	0	0	0	0	0	0	0	0	0	0	0	
255256	Frontal_Sup_Medial_L	0	0	35158	8198	2176	0	10656	468	110	0	824	0	4822	0	1692	0	0	0	8812	500	132	0	0	10116	1540	106	0	0	8560	0	15340	6626	2274	6518	0	0	0	0	0	0	0	0	0	0	0	0	0	0	0	0	0	0	0	0	0	0	0	0	0	0	0	0	0	0	0	0	0	0	0	0	392	162	2446	0	0	0	0	0	0	0	0	0	0	0	0	0	0	0	0	0	0	0	0	0	0	0	0	0	0	0	0	0	0	0	0	0	0	0	0	0	0	0	0	0	0	0	
260200	Frontal_Sup_Medial_R	0	0	702	37050	0	2568	330	3346	0	0	0	308	0	1696	0	162	0	988	5176	12864	0	0	10116	0	610	4320	0	1198	0	2538	986	17738	0	13916	0	0	0	0	0	0	0	0	0	0	0	0	0	0	0	0	0	0	0	0	0	0	0	0	0	0	0	0	0	0	0	0	0	0	0	0	210	8140	0	5138	0	0	0	0	0	0	0	0	0	0	0	0	0	0	0	0	0	0	0	0	0	0	0	0	0	0	0	0	0	0	0	0	0	0	0	0	0	0	0	0	0	0	
20812	Frontal_Med_Orb_L	0	0	1012	0	2316	140	0	0	134	0	0	0	0	0	294	0	0	0	0	0	246	150	1540	610	0	634	894	0	104	0	2012	0	0	0	0	0	0	0	0	0	0	0	0	0	0	0	0	0	0	0	0	0	0	0	0	0	0	0	0	0	0	0	0	0	0	0	0	0	0	0	214	106	0	0	0	0	0	0	0	0	0	0	0	0	0	0	0	0	0	0	0	0	0	0	0	0	0	0	0	0	0	0	0	0	0	0	0	0	0	0	0	0	0	0	0	0	
66168	Frontal_Med_Orb_R	0	0	0	1614	0	7768	0	0	0	112	0	0	0	0	0	0	0	0	0	0	0	128	106	4320	634	0	0	9592	0	0	184	3396	0	0	0	0	0	0	0	0	0	0	0	0	0	0	0	0	0	0	0	0	0	0	0	0	0	0	0	0	0	0	0	0	0	0	0	0	0	0	0	3050	0	2180	0	0	0	0	0	0	0	0	0	0	0	0	0	0	0	0	0	0	0	0	0	0	0	0	0	0	0	0	0	0	0	0	0	0	0	0	0	0	0	0	0	0	
35684	Rectus_L	0	0	0	0	2474	0	0	0	542	0	0	0	0	0	792	0	0	0	0	0	3122	2676	0	0	894	0	0	774	466	0	1690	336	0	0	0	0	0	0	0	0	0	0	0	0	0	0	0	0	0	0	0	0	0	0	0	0	0	0	0	0	0	0	0	0	0	0	0	0	0	0	2716	1230	130	0	0	0	0	0	0	0	0	0	0	0	0	0	0	0	0	0	0	0	0	0	0	0	0	0	0	0	0	0	0	0	0	0	0	0	0	0	0	0	0	0	0	0	
70208	Rectus_R	0	0	0	262	0	9046	0	0	0	432	0	0	0	0	0	890	0	0	0	0	1086	2896	0	1198	0	9592	774	0	0	1174	558	3268	0	0	0	0	0	0	0	0	0	0	0	0	0	0	0	0	0	0	0	0	0	0	0	0	0	0	0	0	0	0	0	0	0	0	0	0	0	0	938	2376	0	614	0	0	0	0	0	0	0	0	0	0	0	0	0	0	0	0	0	0	0	0	0	0	0	0	0	0	0	0	0	0	0	0	0	0	0	0	0	0	0	0	0	0	
517612	Insula_L	11376	0	34810	1550	5108	0	17202	0	2440	0	19230	0	24746	96	11116	0	19596	0	20940	1742	2722	0	8560	0	104	0	466	0	0	0	8962	0	346	748	764	0	13758	0	822	0	1642	0	334	0	0	0	102	0	0	0	246	0	98	0	2928	0	7664	0	236	0	124	0	324	0	0	0	558	0	198	0	1646	526	13644	0	0	0	582	0	3606	0	10020	0	2196	0	1930	0	0	0	2998	0	0	0	0	0	0	0	0	0	0	0	0	0	0	0	0	0	0	0	0	0	0	0	0	0	0	0	
498176	Insula_R	0	2928	1008	34370	0	656	286	11630	0	1524	0	17334	0	17036	0	8484	0	30350	5754	29990	0	2968	0	2538	0	0	0	1174	0	0	102	1640	120	2792	0	0	0	8352	0	2516	0	1430	0	0	0	0	0	0	0	0	0	0	0	0	0	3046	0	3280	0	0	0	0	0	104	0	0	0	104	0	0	136	15450	0	29528	0	168	0	116	0	2474	0	5108	0	2196	0	1486	0	0	0	910	0	0	0	0	0	0	0	0	0	0	0	0	0	0	0	0	0	0	0	0	0	0	0	0	0	0	
181520	Cingulum_Ant_L	0	0	11928	1088	2030	110	2684	0	580	0	944	0	3422	0	3334	0	0	0	5288	2184	2558	2144	15340	986	2012	184	1690	558	8962	102	0	6902	2976	3120	0	0	0	0	0	0	0	0	0	0	0	0	0	0	0	0	0	0	0	0	0	0	0	0	0	0	0	0	0	0	0	0	0	0	0	0	3624	1582	4334	94	0	0	0	0	0	0	0	0	0	0	0	0	0	0	0	0	0	0	0	0	0	0	0	0	0	0	0	0	0	0	0	0	0	0	0	0	0	0	0	0	0	0	
249504	Cingulum_Ant_R	0	0	2254	20246	0	912	192	934	0	0	0	0	0	612	0	0	0	1072	5478	12580	1094	1798	6626	17738	0	3396	336	3268	0	1640	6902	0	2430	18768	0	0	0	0	0	0	0	0	0	0	0	0	0	0	0	0	0	0	0	0	0	0	0	0	0	0	0	0	0	0	0	0	0	0	0	0	1138	10450	0	4888	0	0	0	0	0	0	0	0	0	0	0	0	0	0	0	0	0	0	0	0	0	0	0	0	0	0	0	0	0	0	0	0	0	0	0	0	0	0	0	0	0	0	
161304	Cingulum_Mid_L	0	446	1668	820	0	0	396	106	0	0	252	0	1002	0	0	0	0	184	8308	7246	0	0	2274	0	0	0	0	0	346	120	2976	2430	0	10492	3264	1160	0	0	0	0	0	0	0	204	808	570	0	0	1170	230	1738	440	1180	0	128	0	136	730	286	0	0	0	0	202	0	0	10836	7648	4464	1288	0	0	0	0	0	0	0	0	0	0	0	286	0	0	0	3074	0	0	148	1596	0	0	0	0	0	0	0	0	0	0	0	0	0	0	0	0	0	0	0	0	0	0	0	0	0	0	
516668	Cingulum_Mid_R	720	4544	3944	23036	0	0	494	2236	0	0	424	688	308	3222	0	250	0	326	20026	48864	0	0	6518	13916	0	0	0	0	748	2792	3120	18768	10492	0	1820	10550	0	386	0	0	0	0	0	3224	0	10790	0	258	0	6088	0	2342	0	608	0	1824	0	6720	0	188	0	0	0	186	0	456	2266	21724	810	16730	360	378	130	592	118	0	0	0	0	0	0	234	0	0	0	2000	0	0	0	2116	0	0	0	0	0	0	0	0	0	0	0	0	0	0	0	0	0	0	0	0	0	0	0	0	0	0	
168524	Cingulum_Post_L	5698	736	296	978	0	0	178	0	0	0	0	0	0	0	0	0	300	0	1522	954	0	0	0	0	0	0	0	0	764	0	0	0	3264	1820	0	7696	10560	2676	354	1132	0	0	6114	292	2250	784	1604	0	232	528	382	0	404	102	1132	396	816	0	0	0	0	0	0	0	0	0	10438	2306	6004	254	0	234	902	0	190	0	5632	2834	920	0	0	0	0	0	142	0	0	0	194	112	0	0	0	0	0	0	0	0	0	0	0	0	0	0	0	0	0	0	0	0	136	0	0	0	0	0	
175764	Cingulum_Post_R	3848	2870	0	1614	0	0	0	0	0	0	0	0	0	0	0	0	0	0	254	8022	0	0	0	0	0	0	0	0	0	0	0	0	1160	10550	7696	0	3524	6950	0	2402	0	0	0	2188	0	1774	0	2306	0	404	0	0	0	100	0	1180	140	906	0	0	0	0	0	0	0	0	158	11904	0	5616	0	218	334	0	284	0	3754	5444	0	0	0	164	0	0	0	0	0	0	0	992	0	0	0	0	0	0	0	0	0	0	0	0	0	0	0	0	0	0	0	0	1126	0	0	0	0	0	
297960	Hippocampus_L	14062	766	3940	1082	0	0	1542	0	0	0	918	0	0	0	0	0	1812	0	3668	282	214	0	0	0	0	0	0	0	13758	0	0	0	0	0	10560	3524	0	2708	6186	1064	4916	0	4180	0	0	0	4568	0	0	0	100	0	102	0	13058	126	4392	0	0	0	0	0	154	0	0	0	6478	180	1382	0	0	260	12576	0	1092	0	8058	3258	3326	0	2460	0	484	0	1510	0	0	0	9920	0	0	0	0	0	0	0	102	0	96	0	0	0	0	0	0	0	0	0	0	116	0	0	0	0	0	0	
344928	Hippocampus_R	2640	5036	0	9606	0	0	0	1672	0	0	0	962	0	466	0	0	0	2880	0	9438	0	0	0	0	0	0	0	0	0	8352	0	0	0	386	2676	6950	2708	0	0	29958	0	8546	0	1010	0	148	0	4438	0	0	0	0	0	0	0	26982	0	620	0	0	0	0	0	0	0	0	0	6018	0	722	0	1102	0	17134	0	292	2088	6204	0	1166	0	2260	0	966	0	1826	0	0	0	4786	0	0	0	0	0	0	0	962	0	0	0	0	0	0	0	0	0	0	0	106	1358	0	0	0	0	0	
42812	ParaHippocampal_L	128	0	0	0	0	0	0	0	0	0	0	0	0	0	0	0	0	0	0	0	340	0	0	0	0	0	0	0	822	0	0	0	0	0	354	0	6186	0	0	0	586	0	654	0	0	0	3338	0	0	0	0	0	0	0	4684	0	122	0	0	0	0	0	0	0	0	0	886	0	0	0	0	0	812	0	100	0	298	0	0	0	212	0	156	0	0	0	0	0	232	0	0	0	0	0	0	0	692	0	608	0	0	0	0	0	0	0	0	0	0	196	0	0	0	0	0	0	
223940	ParaHippocampal_R	768	542	0	5338	0	0	0	554	0	0	0	184	0	300	0	0	0	994	0	5112	0	112	0	0	0	0	0	0	0	2516	0	0	0	0	1132	2402	1064	29958	0	0	0	6266	0	1084	0	0	0	3538	0	0	0	0	0	0	0	24292	0	0	0	0	0	0	0	0	0	0	0	3040	0	0	0	284	0	7602	0	222	438	3122	0	178	0	722	0	3150	0	990	0	788	0	2406	0	0	0	0	0	0	0	2178	0	132	0	0	0	0	0	0	0	0	0	0	562	0	0	0	0	0	
20528	Amygdala_L	0	0	0	0	0	0	0	0	0	0	0	0	0	0	0	0	0	0	0	0	298	0	0	0	0	0	0	0	1642	0	0	0	0	0	0	0	4916	0	586	0	0	0	0	0	0	0	0	0	0	0	0	0	0	0	1582	0	0	0	0	0	0	0	0	0	0	0	0	0	0	0	0	0	178	0	0	0	0	0	0	0	0	0	240	0	0	0	0	0	822	0	0	0	0	0	0	0	0	0	0	0	0	0	0	0	0	0	0	0	0	0	0	0	0	0	0	0	
60232	Amygdala_R	0	0	0	0	0	0	0	0	0	0	0	0	0	0	0	480	0	0	0	0	0	560	0	0	0	0	0	0	0	1430	0	0	0	0	0	0	0	8546	0	6266	0	0	0	0	0	0	0	0	0	0	0	0	0	0	0	7748	0	0	0	0	0	0	0	0	0	0	0	0	0	0	0	0	0	972	0	0	0	0	0	0	0	0	0	3690	0	0	0	196	0	228	0	0	0	0	0	0	0	0	0	0	0	0	0	0	0	0	0	0	0	0	0	0	0	0	0	0	
244656	Calcarine_L	358	0	0	0	0	0	0	0	0	0	0	0	0	0	0	0	324	0	0	0	0	0	0	0	0	0	0	0	334	0	0	0	0	0	6114	0	4180	0	654	0	0	0	0	5644	10716	2892	12734	3274	10254	730	14294	306	7852	200	9064	278	814	0	138	0	0	0	0	0	0	0	22114	564	1558	0	0	0	0	0	0	0	0	0	580	0	318	0	0	0	2508	0	0	0	1798	0	0	0	0	0	0	0	150	0	0	0	0	0	0	0	0	0	0	0	0	0	1584	0	0	0	0	0	
342348	Calcarine_R	0	260	0	0	0	0	0	0	0	0	0	0	0	0	0	0	0	0	0	472	0	0	0	0	0	0	0	0	0	0	0	0	204	3224	292	2188	0	1010	0	1084	0	0	5644	0	4890	28138	2042	21648	468	19840	220	13036	0	8086	0	15238	0	2558	0	174	0	0	0	0	0	0	4518	21726	0	1262	0	0	0	0	0	0	0	158	0	0	0	202	0	0	0	5768	0	0	0	5594	0	0	0	0	0	0	0	246	0	324	0	0	0	0	0	0	0	0	0	0	514	146	0	0	0	0	
166948	Cuneus_L	0	0	0	0	0	0	0	0	0	0	0	0	0	0	0	0	0	0	196	0	0	0	0	0	0	0	0	0	0	0	0	0	808	0	2250	0	0	0	0	0	0	0	10716	4890	0	7044	838	572	17466	2012	8238	706	2448	200	948	222	204	0	396	0	0	0	0	0	0	0	18956	818	1658	0	0	0	0	0	0	0	0	0	0	0	0	0	0	0	670	0	0	0	872	0	0	0	0	0	0	0	0	0	0	0	0	0	0	0	0	0	0	0	0	0	346	0	0	0	0	0	
321412	Cuneus_R	0	608	0	0	0	0	0	0	0	0	0	0	0	0	0	0	0	0	0	844	0	0	0	0	0	0	0	0	0	0	0	0	570	10790	784	1774	0	148	0	0	0	0	2892	28138	7044	0	156	3518	1216	31326	530	10430	0	2844	0	4534	0	3474	0	1852	0	108	0	254	0	766	7830	28172	0	3730	0	0	0	0	0	0	0	0	0	0	0	130	0	0	0	3788	0	0	0	2456	0	0	0	0	0	0	0	0	0	0	0	0	0	0	0	0	0	0	0	0	0	0	0	0	0	0	
198384	Lingual_L	110	0	0	0	0	0	0	0	0	0	0	0	0	0	0	0	94	0	0	0	0	0	0	0	0	0	0	0	102	0	0	0	0	0	1604	0	4568	0	3338	0	0	0	12734	2042	838	156	0	3414	2700	276	7800	140	6032	114	19152	224	134	0	0	0	0	0	0	0	0	0	6176	178	156	0	0	0	258	0	0	0	192	110	108	0	0	0	0	0	794	0	0	0	376	0	5556	860	466	0	0	0	5176	160	8218	1164	0	0	0	0	0	0	0	0	0	352	1636	1190	494	0	0	0	
279636	Lingual_R	0	0	0	0	0	0	0	0	0	0	0	0	0	0	0	0	0	0	0	0	0	0	0	0	0	0	0	0	0	0	0	0	0	258	0	2306	0	4438	0	3538	0	0	3274	21648	572	3518	3414	0	0	5098	0	3092	0	4430	688	17552	0	238	0	0	0	0	0	0	0	0	318	11696	0	144	0	0	0	0	0	0	0	862	0	0	0	0	0	0	0	252	0	0	0	894	5020	4704	1354	528	110	150	852	5196	5984	11510	108	124	194	214	0	0	0	0	0	370	6966	7176	1028	0	0	0	
215568	Occipital_Sup_L	116	0	0	0	0	0	0	0	0	0	0	0	0	0	0	0	0	0	0	0	0	0	0	0	0	0	0	0	0	0	0	0	1170	0	232	0	0	0	0	0	0	0	10254	468	17466	1216	2700	0	0	290	35998	0	4444	0	830	0	188	0	7782	0	2134	0	518	0	1082	0	13680	238	226	0	0	0	0	0	0	0	0	0	0	0	400	0	0	0	3576	0	0	0	2776	0	0	0	0	0	0	0	0	0	0	0	0	0	0	0	0	0	0	0	0	0	0	0	0	0	0	0	
260796	Occipital_Sup_R	0	352	0	0	0	0	0	0	0	0	0	0	0	0	0	0	0	0	0	322	0	0	0	0	0	0	0	0	0	0	0	0	230	6088	528	404	0	0	0	0	0	0	730	19840	2012	31326	276	5098	290	0	140	19532	0	3694	0	3762	0	2818	0	4932	0	1324	0	290	0	3642	3164	14656	0	3286	0	0	0	0	0	0	0	0	0	0	0	0	0	0	0	548	0	0	0	934	0	0	0	0	0	0	0	0	0	180	0	0	0	0	0	0	0	0	0	0	0	0	0	0	0	0	
467164	Occipital_Mid_L	1476	0	0	0	0	0	0	0	0	0	0	0	0	0	0	0	474	0	0	0	0	0	0	0	0	0	0	0	246	0	0	0	1738	0	382	0	100	0	0	0	0	0	14294	220	8238	530	7800	0	35998	140	0	0	32888	0	11132	0	4142	0	18054	0	15646	0	1772	0	14430	0	14102	148	1868	0	0	0	0	0	0	0	0	0	908	0	2126	0	0	0	25026	0	0	0	19414	0	0	0	0	0	0	0	0	0	0	0	0	0	0	0	0	0	0	0	0	0	290	0	0	0	0	0	
206776	Occipital_Mid_R	0	130	0	0	0	0	0	0	0	0	0	0	0	0	0	0	0	0	0	0	0	0	0	0	0	0	0	0	0	0	0	0	440	2342	0	0	0	0	0	0	0	0	306	13036	706	10430	140	3092	0	19532	0	0	0	8238	0	4212	0	598	0	916	0	3580	0	482	0	15498	1240	5654	0	1066	0	0	0	0	0	0	0	0	0	0	0	1146	0	0	0	9058	0	0	0	1546	0	0	0	0	0	0	0	0	0	0	0	0	0	0	0	0	0	0	0	0	0	0	0	0	0	0	
219364	Occipital_Inf_L	2036	0	0	0	0	0	0	0	0	0	0	0	0	0	0	0	118	0	0	0	0	0	0	0	0	0	0	0	98	0	0	0	1180	0	404	0	102	0	0	0	0	0	7852	0	2448	0	6032	0	4444	0	32888	0	0	0	17794	0	1664	0	1208	0	1166	0	152	0	1108	0	5130	0	2220	0	0	0	0	0	0	0	0	0	294	0	272	0	0	0	10138	0	0	0	10416	0	100	0	0	0	0	0	0	0	0	0	0	0	0	0	0	0	0	0	0	0	418	0	0	0	0	0	
101212	Occipital_Inf_R	0	0	0	0	0	0	0	0	0	0	0	0	0	0	0	0	0	0	0	0	0	0	0	0	0	0	0	0	0	0	0	0	0	608	102	100	0	0	0	0	0	0	200	8086	200	2844	114	4430	0	3694	0	8238	0	0	0	11882	0	250	0	0	0	0	0	0	0	0	260	2530	0	126	0	0	0	0	0	0	0	0	0	0	0	0	0	0	0	1190	0	0	0	4912	0	194	0	0	0	0	0	0	0	384	0	0	0	0	0	0	0	0	0	0	0	262	0	0	0	0	
486104	Fusiform_L	5066	0	404	0	0	0	96	0	0	0	114	0	0	0	0	0	2510	0	494	0	0	0	0	0	0	0	0	0	2928	0	0	0	128	0	1132	0	13058	0	4684	0	1582	0	9064	0	948	0	19152	688	830	0	11132	0	17794	0	0	144	4082	0	748	0	1642	0	1580	0	866	0	6256	0	2972	0	0	0	1814	0	0	0	426	0	2752	0	6268	0	2330	0	15416	0	1710	0	27510	0	23950	346	1752	0	220	0	13112	632	28782	774	1178	0	482	0	128	0	0	0	0	0	2336	840	200	0	0	0	
494216	Fusiform_R	0	1310	0	3392	0	0	0	484	0	0	0	174	0	256	0	1134	0	814	0	4252	0	0	0	0	0	0	0	0	0	3046	0	0	0	1824	396	1180	126	26982	0	24292	0	7748	278	15238	222	4534	224	17552	0	3762	0	4212	0	11882	144	0	0	530	0	0	0	0	0	0	0	0	244	9612	0	1188	0	146	0	6698	0	128	0	384	0	828	0	2062	0	5602	0	5016	0	1840	0	23014	580	15814	0	122	0	886	486	11328	824	19418	0	112	0	204	0	298	0	0	0	0	2152	1582	296	0	256	0	
304628	Postcentral_L	38804	534	5326	550	0	0	1370	0	0	0	3800	0	0	0	0	0	10240	0	2404	0	0	0	0	0	0	0	0	0	7664	0	0	0	136	0	816	140	4392	0	122	0	0	0	814	0	204	0	134	0	188	0	4142	0	1664	0	4082	0	0	0	8628	0	20480	0	5402	0	248	0	3018	0	1886	0	490	0	3160	0	0	0	3164	1054	1990	0	5592	0	0	0	2760	0	0	0	6916	0	0	0	0	0	0	0	0	0	0	0	0	0	0	0	0	0	0	0	0	0	0	0	0	0	0	0	
217828	Postcentral_R	0	15526	0	214	0	0	0	350	0	0	0	1324	0	0	0	0	0	4092	0	3628	0	0	0	0	0	0	0	0	0	3280	0	0	730	6720	0	906	0	620	0	0	0	0	0	2558	0	3474	0	238	0	2818	0	598	0	250	0	530	0	0	0	3370	0	3502	0	12472	0	444	934	14618	0	12852	0	0	0	1418	0	0	0	0	0	244	0	2396	0	0	0	4506	0	0	0	4302	0	0	0	0	0	0	0	0	0	0	0	0	0	0	0	0	0	0	0	0	0	0	0	0	0	0	
155608	Parietal_Sup_L	148	0	0	0	0	0	0	0	0	0	0	0	0	0	0	0	970	0	0	0	0	0	0	0	0	0	0	0	236	0	0	0	286	0	0	0	0	0	0	0	0	0	138	0	396	0	0	0	7782	0	18054	0	1208	0	748	0	8628	0	0	0	12776	0	912	0	1750	0	10422	1062	184	0	0	0	0	0	0	0	0	0	0	0	2132	0	0	0	1362	0	0	0	8610	0	0	0	0	0	0	0	0	0	0	0	0	0	0	0	0	0	0	0	0	0	0	0	0	0	0	0	
65384	Parietal_Sup_R	0	222	0	0	0	0	0	0	0	0	0	0	0	0	0	0	0	0	0	230	0	0	0	0	0	0	0	0	0	0	0	0	0	188	0	0	0	0	0	0	0	0	0	174	0	1852	0	0	0	4932	0	916	0	0	0	0	0	3370	0	0	0	7366	0	2182	0	2824	482	6040	0	798	0	0	0	0	0	0	0	0	0	0	0	286	0	0	0	482	0	0	0	348	0	0	0	0	0	0	0	0	0	0	0	0	0	0	0	0	0	0	0	0	0	0	0	0	0	0	
195320	Parietal_Inf_L	2944	0	334	0	0	0	0	0	0	0	0	0	0	0	0	0	1368	0	272	0	0	0	0	0	0	0	0	0	124	0	0	0	0	0	0	0	0	0	0	0	0	0	0	0	0	0	0	0	2134	0	15646	0	1166	0	1642	0	20480	0	12776	0	0	0	11642	0	14646	0	1022	0	98	0	0	0	0	0	0	0	0	0	0	0	1550	0	0	0	5272	0	0	0	4544	0	0	0	0	0	0	0	0	0	0	0	0	0	0	0	0	0	0	0	0	0	0	0	0	0	0	0	
84592	Parietal_Inf_R	0	968	0	0	0	0	0	0	0	0	0	0	0	0	0	0	0	328	0	608	0	0	0	0	0	0	0	0	0	0	0	0	0	0	0	0	0	0	0	0	0	0	0	0	0	108	0	0	0	1324	0	3580	0	0	0	0	0	3502	0	7366	0	0	0	11910	0	9052	0	320	0	226	0	0	0	0	0	0	0	0	0	0	0	856	0	0	0	1402	0	0	0	746	0	0	0	0	0	0	0	0	0	0	0	0	0	0	0	0	0	0	0	0	0	0	0	0	0	0	
92092	SupraMarginal_L	544	0	408	0	0	0	0	0	0	0	0	0	0	0	0	0	1444	0	256	0	0	0	0	0	0	0	0	0	324	0	0	0	0	0	0	0	154	0	0	0	0	0	0	0	0	0	0	0	518	0	1772	0	152	0	1580	0	5402	0	912	0	11642	0	0	0	5042	0	0	0	0	0	0	0	0	0	0	0	0	0	156	0	7196	0	0	0	7706	0	0	0	838	0	0	0	0	0	0	0	0	0	0	0	0	0	0	0	0	0	0	0	0	0	0	0	0	0	0	0	
98216	SupraMarginal_R	0	2668	0	0	0	0	0	100	0	0	0	0	0	0	0	0	0	1836	0	852	0	0	0	0	0	0	0	0	0	104	0	0	202	186	0	0	0	0	0	0	0	0	0	0	0	254	0	0	0	290	0	482	0	0	0	0	0	12472	0	2182	0	11910	0	0	0	5014	258	778	0	576	0	0	0	0	0	0	0	0	0	190	0	5436	0	0	0	2500	0	0	0	818	0	0	0	0	0	0	0	0	0	0	0	0	0	0	0	0	0	0	0	0	0	0	0	0	0	0	
101828	Angular_L	0	0	0	0	0	0	0	0	0	0	0	0	0	0	0	0	0	0	0	0	0	0	0	0	0	0	0	0	0	0	0	0	0	0	0	0	0	0	0	0	0	0	0	0	0	0	0	0	1082	0	14430	0	1108	0	866	0	248	0	1750	0	14646	0	5042	0	0	0	0	0	0	0	0	0	0	0	0	0	0	0	0	0	1296	0	0	0	9576	0	0	0	870	0	0	0	0	0	0	0	0	0	0	0	0	0	0	0	0	0	0	0	0	0	0	0	0	0	0	0	
97360	Angular_R	0	0	0	0	0	0	0	0	0	0	0	0	0	0	0	0	0	0	0	0	0	0	0	0	0	0	0	0	0	0	0	0	0	456	0	0	0	0	0	0	0	0	0	0	0	766	0	0	0	3642	0	15498	0	0	0	0	0	444	0	2824	0	9052	0	5014	0	0	0	1314	0	478	0	0	0	0	0	0	0	0	0	0	0	4792	0	0	0	4166	0	0	0	234	0	0	0	0	0	0	0	0	0	0	0	0	0	0	0	0	0	0	0	0	0	0	0	0	0	0	
379020	Precuneus_L	1510	212	118	0	0	0	0	0	0	0	0	0	0	0	0	0	376	106	288	318	0	0	0	0	0	0	0	0	558	0	0	0	10836	2266	10438	158	6478	0	886	0	0	0	22114	4518	18956	7830	6176	318	13680	3164	14102	1240	5130	260	6256	244	3018	934	10422	482	1022	0	0	258	0	0	0	14888	4674	978	0	0	170	0	0	0	280	0	822	0	290	358	0	0	1886	3302	0	0	3378	2256	0	0	0	0	0	0	152	0	0	0	0	0	0	0	0	0	0	0	0	0	1404	0	0	0	0	0	
476640	Precuneus_R	372	2958	0	0	0	0	0	0	0	0	0	0	0	0	0	0	0	208	0	3438	0	0	0	0	0	0	0	0	0	104	0	0	7648	21724	2306	11904	180	6018	0	3040	0	0	564	21726	818	28172	178	11696	238	14656	148	5654	0	2530	0	9612	0	14618	1062	6040	0	320	0	778	0	1314	14888	0	0	17606	0	0	0	0	0	0	432	1876	0	172	0	1124	0	0	0	8678	0	0	0	10614	0	0	0	0	0	0	0	868	0	0	0	0	0	0	0	0	0	0	0	208	1830	0	0	0	0	0	
148088	Paracentral_Lobule_L	8650	844	0	1540	0	0	0	0	0	0	0	0	0	0	0	0	410	0	12608	4388	0	0	0	0	0	0	0	0	198	0	0	0	4464	810	6004	0	1382	0	0	0	0	0	1558	0	1658	0	156	0	226	0	1868	0	2220	0	2972	0	1886	0	184	0	98	0	0	0	0	0	4674	0	0	194	538	1526	618	242	530	256	8374	746	0	0	172	0	0	0	1230	0	0	0	720	0	0	0	0	0	0	0	0	0	0	0	0	0	0	0	0	0	0	0	0	0	100	0	0	0	0	0	
210096	Paracentral_Lobule_R	0	11142	0	0	0	0	0	0	0	0	0	0	0	0	0	0	0	200	558	16422	0	0	0	0	0	0	0	0	0	0	0	0	1288	16730	254	5616	0	722	0	0	0	0	0	1262	0	3730	0	144	0	3286	0	1066	0	126	0	1188	0	12852	0	798	0	226	0	576	0	478	978	17606	194	0	0	0	0	0	0	0	0	0	0	146	0	1596	0	0	0	1682	0	0	0	4182	0	0	0	0	0	0	0	0	0	0	0	0	0	0	0	0	0	0	0	0	0	0	0	0	0	0	
135228	Caudate_L	1628	420	5238	3068	674	0	1114	184	0	0	1032	0	558	0	310	0	0	0	6488	2810	5340	4998	392	210	214	0	2716	938	1646	136	3624	1138	0	360	0	0	0	0	0	0	0	0	0	0	0	0	0	0	0	0	0	0	0	0	0	0	490	0	0	0	0	0	0	0	0	0	0	0	538	0	0	6666	4986	370	1448	0	7742	138	0	0	0	0	0	0	0	0	0	0	0	0	0	0	0	0	0	0	0	0	0	0	0	0	0	0	0	0	0	0	0	0	0	0	0	0	0	0	
466380	Caudate_R	662	1916	4344	34200	158	3350	526	3548	0	1886	610	5020	280	2920	0	5404	0	5716	6690	41708	2660	3716	162	8140	106	3050	1230	2376	526	15450	1582	10450	0	378	234	218	260	1102	0	284	0	0	0	0	0	0	0	0	0	0	0	0	0	0	0	146	0	0	0	0	0	0	0	0	0	0	0	0	1526	0	6666	0	1428	23450	906	2170	1722	23796	0	0	0	120	0	398	0	0	0	0	0	0	0	0	0	0	0	0	0	0	0	0	0	0	0	0	0	0	0	0	0	0	0	0	0	0	0	0	
255320	Putamen_L	5734	400	19730	862	360	0	3516	118	182	0	1066	0	0	0	888	0	1152	0	12208	786	388	386	2446	0	0	0	130	0	13644	0	4334	0	0	130	902	334	12576	0	812	0	178	0	0	0	0	0	258	0	0	0	0	0	0	0	1814	0	3160	0	0	0	0	0	0	0	0	0	170	0	618	0	4986	1428	0	0	14962	0	12610	1206	154	0	1054	0	232	0	100	0	0	0	1646	0	0	0	0	0	0	0	0	0	0	0	0	0	0	0	0	0	0	0	0	0	0	0	0	0	0	0	
405816	Putamen_R	112	3466	1084	29364	0	3802	0	5058	0	1476	0	4014	0	1980	0	3536	0	11374	1474	28052	0	200	0	5138	0	2180	0	614	0	29528	94	4888	0	592	0	0	0	17134	0	7602	0	972	0	0	0	0	0	0	0	0	0	0	0	0	0	6698	0	1418	0	0	0	0	0	0	0	0	0	0	242	0	370	23450	0	0	0	2630	0	2304	0	116	0	830	0	476	0	410	0	0	0	230	0	0	0	0	0	0	0	0	0	0	0	0	0	0	0	0	0	0	0	0	0	0	0	0	0	0	
80164	Pallidum_L	410	360	6442	806	0	0	348	96	0	0	0	0	0	0	0	0	0	0	2114	720	0	0	0	0	0	0	0	0	0	0	0	0	0	118	190	284	1092	0	100	0	0	0	0	0	0	0	0	0	0	0	0	0	0	0	0	0	0	0	0	0	0	0	0	0	0	0	0	0	530	0	1448	906	14962	0	0	0	8088	1068	0	0	0	0	0	0	0	0	0	0	0	0	0	0	0	0	0	0	0	0	0	0	0	0	0	0	0	0	0	0	0	0	0	0	0	0	0	0	
21788	Pallidum_R	0	188	212	1384	0	0	0	328	0	0	0	0	0	0	0	0	0	142	384	2390	0	0	0	0	0	0	0	0	0	168	0	0	0	0	0	0	0	292	0	222	0	0	0	0	0	0	0	0	0	0	0	0	0	0	0	128	0	0	0	0	0	0	0	0	0	0	0	0	256	0	0	2170	0	2630	0	0	0	0	0	0	0	0	0	0	0	0	0	0	0	0	0	0	0	0	0	0	0	0	0	0	0	0	0	0	0	0	0	0	0	0	0	0	0	0	0	0	
205188	Thalamus_L	10926	2410	2752	4172	0	0	1920	0	0	0	262	0	0	0	0	0	154	0	4326	476	0	0	0	0	0	0	0	0	582	0	0	0	0	0	5632	3754	8058	2088	298	438	0	0	0	0	0	0	192	0	0	0	0	0	0	0	426	0	3164	0	0	0	0	0	0	0	0	0	280	432	8374	0	7742	1722	12610	0	8088	0	0	10832	238	0	0	0	0	0	0	0	0	0	246	0	0	0	0	0	0	0	0	0	0	0	0	0	0	0	0	0	0	0	0	0	0	0	0	0	0	0	
221348	Thalamus_R	6000	5242	362	10328	0	0	0	594	0	0	0	324	0	0	0	0	0	0	964	19796	0	0	0	0	0	0	0	0	0	116	0	0	0	0	2834	5444	3258	6204	0	3122	0	0	0	158	0	0	110	862	0	0	0	0	0	0	0	384	1054	0	0	0	0	0	0	0	0	0	0	1876	746	0	138	23796	1206	2304	1068	0	10832	0	0	0	0	0	0	0	0	0	0	0	0	0	0	0	0	0	0	0	0	224	0	0	0	0	0	0	0	0	0	0	0	328	1000	0	0	0	0	0	
68776	Heschl_L	1952	0	0	0	0	0	0	0	0	0	0	0	0	0	0	0	2504	0	0	0	0	0	0	0	0	0	0	0	3606	0	0	0	0	0	920	0	3326	0	0	0	0	0	580	0	0	0	108	0	0	0	908	0	294	0	2752	0	1990	0	0	0	0	0	156	0	0	0	822	0	0	0	0	0	154	0	0	0	238	0	0	0	5634	0	0	0	5454	0	0	0	2990	0	0	0	0	0	0	0	0	0	0	0	0	0	0	0	0	0	0	0	0	0	0	0	0	0	0	0	
39264	Heschl_R	0	264	0	254	0	0	0	164	0	0	0	272	0	0	0	0	0	3218	0	276	0	0	0	0	0	0	0	0	0	2474	0	0	0	0	0	0	0	1166	0	178	0	0	0	0	0	0	0	0	0	0	0	0	0	0	0	828	0	244	0	0	0	0	0	190	0	0	0	172	0	146	0	0	0	116	0	0	0	0	0	0	0	6730	0	0	0	1704	0	0	0	1236	0	0	0	0	0	0	0	0	0	0	0	0	0	0	0	0	0	0	0	0	0	0	0	0	0	0	
223052	Temporal_Sup_L	2276	0	3694	0	0	0	852	0	0	0	4528	0	0	0	0	0	10264	0	2802	0	0	0	0	0	0	0	0	0	10020	0	0	0	0	0	0	0	2460	0	212	0	0	0	318	0	0	0	0	0	400	0	2126	0	272	0	6268	0	5592	0	2132	0	1550	0	7196	0	1296	0	290	0	172	0	0	0	1054	0	0	0	0	0	5634	0	0	0	3178	0	24604	0	0	0	12336	0	0	0	0	0	0	0	0	0	0	0	0	0	0	0	0	0	0	0	0	0	0	0	0	0	0	0	
148072	Temporal_Sup_R	0	2072	0	240	0	0	0	0	0	0	0	0	0	0	0	0	0	3176	0	836	0	0	0	0	0	0	0	0	0	5108	0	0	286	234	0	164	0	2260	0	722	0	0	0	202	0	130	0	0	0	0	0	1146	0	0	0	2062	0	2396	0	286	0	856	0	5436	0	4792	358	1124	0	1596	0	120	0	830	0	0	0	0	0	6730	0	0	0	2946	0	21680	0	0	0	6248	0	0	0	0	0	0	0	0	0	0	0	0	0	0	0	0	0	0	0	0	0	0	0	0	0	0	
41400	Temporal_Pole_Sup_L	0	0	150	0	346	0	0	0	0	0	954	0	118	0	924	0	764	0	0	0	346	0	0	0	0	0	0	0	2196	0	0	0	0	0	0	0	484	0	156	0	240	0	0	0	0	0	0	0	0	0	0	0	0	0	2330	0	0	0	0	0	0	0	0	0	0	0	0	0	0	0	0	0	232	0	0	0	0	0	0	0	3178	0	0	0	3852	0	1746	0	2684	0	0	0	0	0	0	0	0	0	0	0	0	0	0	0	0	0	0	0	0	0	0	0	0	0	0	0	
59676	Temporal_Pole_Sup_R	0	0	0	360	0	0	0	0	0	0	0	422	0	0	0	1860	0	560	0	424	0	98	0	0	0	0	0	0	0	2196	0	0	0	0	0	0	0	966	0	3150	0	3690	0	0	0	0	0	0	0	0	0	0	0	0	0	5602	0	0	0	0	0	0	0	0	0	0	0	0	0	0	0	398	0	476	0	0	0	0	0	0	0	2946	0	0	0	3484	0	2482	0	724	0	0	0	0	0	0	0	0	0	0	0	0	0	0	0	0	0	0	0	0	0	0	0	0	0	0	
336352	Temporal_Mid_L	1882	0	0	0	0	0	0	0	0	0	0	0	0	0	0	0	2866	0	0	0	0	0	0	0	0	0	0	0	1930	0	0	0	0	0	142	0	1510	0	0	0	0	0	2508	0	670	0	794	0	3576	0	25026	0	10138	0	15416	0	2760	0	1362	0	5272	0	7706	0	9576	0	1886	0	1230	0	0	0	100	0	0	0	0	0	5454	0	24604	0	3852	0	0	0	2332	0	35322	0	0	0	0	0	0	0	0	0	0	0	0	0	0	0	0	0	0	0	0	0	262	0	0	0	0	0	
245540	Temporal_Mid_R	0	1962	0	0	0	0	0	0	0	0	0	0	0	0	0	370	0	466	0	534	0	0	0	0	0	0	0	0	0	1486	0	0	3074	2000	0	0	0	1826	0	990	0	0	0	5768	0	3788	0	252	0	548	0	9058	0	1190	0	5016	0	4506	0	482	0	1402	0	2500	0	4166	3302	8678	0	1682	0	0	0	410	0	0	0	0	0	1704	0	21680	0	3484	0	0	0	1040	0	29406	0	0	0	0	0	0	0	0	0	0	0	0	0	0	0	0	0	0	0	0	0	0	0	0	0	0	
15524	Temporal_Pole_Mid_L	0	0	0	0	0	0	0	0	0	0	0	0	0	0	0	0	0	0	0	0	0	0	0	0	0	0	0	0	0	0	0	0	0	0	0	0	0	0	0	0	0	0	0	0	0	0	0	0	0	0	0	0	0	0	1710	0	0	0	0	0	0	0	0	0	0	0	0	0	0	0	0	0	0	0	0	0	0	0	0	0	0	0	1746	0	2332	0	0	0	1974	0	0	0	0	0	0	0	0	0	0	0	0	0	0	0	0	0	0	0	0	0	0	0	0	0	0	0	
14424	Temporal_Pole_Mid_R	0	0	0	0	0	0	0	0	0	0	0	0	0	0	0	0	0	0	0	0	0	0	0	0	0	0	0	0	0	0	0	0	0	0	0	0	0	0	0	788	0	196	0	0	0	0	0	0	0	0	0	0	0	0	0	1840	0	0	0	0	0	0	0	0	0	0	0	0	0	0	0	0	0	0	0	0	0	0	0	0	0	0	0	2482	0	1040	0	0	0	866	0	0	0	0	0	0	0	0	0	0	0	0	0	0	0	0	0	0	0	0	0	0	0	0	0	0	
337500	Temporal_Inf_L	1726	0	130	0	0	0	116	0	0	0	0	0	0	0	0	0	1920	0	218	0	0	0	0	0	0	0	0	0	2998	0	0	0	148	0	194	0	9920	0	232	0	822	0	1798	0	872	0	376	0	2776	0	19414	0	10416	0	27510	0	6916	0	8610	0	4544	0	838	0	870	0	3378	0	720	0	0	0	1646	0	0	0	246	0	2990	0	12336	0	2684	0	35322	0	1974	0	0	0	2306	0	572	0	0	0	114	0	690	0	224	0	0	0	0	0	0	0	0	0	184	0	0	0	0	0	
242540	Temporal_Inf_R	0	3162	0	0	0	0	0	0	0	0	0	0	0	0	0	510	0	360	0	1366	0	0	0	0	0	0	0	0	0	910	0	0	1596	2116	112	992	0	4786	0	2406	0	228	0	5594	0	2456	0	894	0	934	0	1546	0	4912	0	23014	0	4302	0	348	0	746	0	818	0	234	2256	10614	0	4182	0	0	0	230	0	0	0	0	0	1236	0	6248	0	724	0	29406	0	866	0	0	0	878	0	0	0	0	0	0	0	288	0	0	0	0	0	0	0	0	0	0	0	0	0	0	0	0	
510512	Cerebelum_Crus1_L	0	0	0	0	0	0	0	0	0	0	0	0	0	0	0	0	0	0	0	0	0	0	0	0	0	0	0	0	0	0	0	0	0	0	0	0	0	0	0	0	0	0	0	0	0	0	5556	5020	0	0	0	0	100	0	23950	580	0	0	0	0	0	0	0	0	0	0	0	0	0	0	0	0	0	0	0	0	0	0	0	0	0	0	0	0	0	0	0	0	2306	0	0	4248	45508	3852	1020	0	23298	1632	62400	8076	15210	716	15270	3014	4694	926	2144	0	0	0	6474	10764	6390	988	986	134	
468056	Cerebelum_Crus1_R	0	0	0	0	0	0	0	0	0	0	0	0	0	0	0	0	0	0	0	0	0	0	0	0	0	0	0	0	0	0	0	0	0	0	0	0	0	0	0	0	0	0	0	0	0	0	860	4704	0	0	0	0	0	194	346	15814	0	0	0	0	0	0	0	0	0	0	0	0	0	0	0	0	0	0	0	0	0	0	0	0	0	0	0	0	0	0	0	0	0	878	4248	0	1334	35288	192	4360	2436	25802	5408	62980	266	8790	458	19200	420	7268	0	764	118	158	8656	10354	9136	1604	1886	106	
317304	Cerebelum_Crus2_L	0	0	0	0	0	0	0	0	0	0	0	0	0	0	0	0	0	0	0	0	0	0	0	0	0	0	0	0	0	0	0	0	0	0	0	0	0	0	0	0	0	0	0	0	0	0	466	1354	0	0	0	0	0	0	1752	0	0	0	0	0	0	0	0	0	0	0	0	0	0	0	0	0	0	0	0	0	0	0	0	0	0	0	0	0	0	0	0	0	572	0	45508	1334	0	3828	262	0	3596	102	13838	2278	32036	2006	27912	2436	4218	496	2428	0	0	0	1076	4080	4234	2222	516	102	
265936	Cerebelum_Crus2_R	0	0	0	0	0	0	0	0	0	0	0	0	0	0	0	0	0	0	0	0	0	0	0	0	0	0	0	0	0	0	0	0	0	0	0	0	0	0	0	0	0	0	0	0	0	0	0	528	0	0	0	0	0	0	0	122	0	0	0	0	0	0	0	0	0	0	0	0	0	0	0	0	0	0	0	0	0	0	0	0	0	0	0	0	0	0	0	0	0	0	3852	35288	3828	0	0	594	272	1274	1496	7598	1992	19466	2608	29074	692	6906	158	756	0	0	616	2372	8906	3018	1452	100	
33260	Cerebelum_3_L	0	0	0	0	0	0	0	0	0	0	0	0	0	0	0	0	0	0	0	0	0	0	0	0	0	0	0	0	0	0	0	0	0	0	0	0	0	0	0	0	0	0	0	0	0	0	0	110	0	0	0	0	0	0	220	0	0	0	0	0	0	0	0	0	0	0	0	0	0	0	0	0	0	0	0	0	0	0	0	0	0	0	0	0	0	0	0	0	0	0	1020	192	262	0	0	304	6116	310	1702	388	0	0	258	0	676	0	0	0	1120	2262	1494	196	0	0	0	0	
58496	Cerebelum_3_R	0	0	0	0	0	0	0	0	0	0	0	0	0	0	0	0	0	0	0	0	0	0	0	0	0	0	0	0	0	0	0	0	0	0	0	0	0	0	0	0	0	0	0	0	0	0	0	150	0	0	0	0	0	0	0	886	0	0	0	0	0	0	0	0	0	0	0	0	0	0	0	0	0	0	0	0	0	0	0	0	0	0	0	0	0	0	0	0	0	0	0	4360	0	594	304	0	622	7510	124	6470	0	0	0	200	0	1582	0	0	804	2176	1904	730	0	108	724	0	
265732	Cerebelum_4_5_L	0	0	0	0	0	0	0	0	0	0	0	0	0	0	0	0	0	0	0	0	0	0	0	0	0	0	0	0	0	0	0	0	0	0	0	0	102	0	692	0	0	0	150	0	0	0	5176	852	0	0	0	0	0	0	13112	486	0	0	0	0	0	0	0	0	0	0	152	0	0	0	0	0	0	0	0	0	0	0	0	0	0	0	0	0	0	0	0	0	114	0	23298	2436	3596	272	6116	622	0	4058	36426	3710	600	0	2200	144	6100	1284	1722	0	788	1358	12846	1788	150	0	634	1882	
255752	Cerebelum_4_5_R	0	0	0	0	0	0	0	0	0	0	0	0	0	0	0	0	0	0	0	0	0	0	0	0	0	0	0	0	0	0	0	0	0	0	0	0	0	962	0	2178	0	0	0	246	0	0	160	5196	0	0	0	0	0	0	632	11328	0	0	0	0	0	0	0	0	0	0	0	868	0	0	0	0	0	0	0	0	0	224	0	0	0	0	0	0	0	0	0	0	0	0	1632	25802	102	1274	310	7510	4058	0	2114	36902	0	178	0	786	258	2910	0	0	320	946	15696	2116	184	160	1356	1468	
440588	Cerebelum_6_L	0	0	0	0	0	0	0	0	0	0	0	0	0	0	0	0	0	0	0	0	0	0	0	0	0	0	0	0	0	0	0	0	0	0	0	0	96	0	608	0	0	0	0	0	0	0	8218	5984	0	0	0	0	0	0	28782	824	0	0	0	0	0	0	0	0	0	0	0	0	0	0	0	0	0	0	0	0	0	0	0	0	0	0	0	0	0	0	0	0	690	0	62400	5408	13838	1496	1702	124	36426	2114	0	10344	3724	162	3626	654	4834	404	1754	0	0	0	9238	12644	3444	124	424	208	
457408	Cerebelum_6_R	0	0	0	0	0	0	0	0	0	0	0	0	0	0	0	0	0	0	0	0	0	0	0	0	0	0	0	0	0	0	0	0	0	0	0	0	0	0	0	132	0	0	0	324	0	0	1164	11510	0	180	0	0	0	384	774	19418	0	0	0	0	0	0	0	0	0	0	0	0	0	0	0	0	0	0	0	0	0	0	0	0	0	0	0	0	0	0	0	0	0	288	8076	62980	2278	7598	388	6470	3710	36902	10344	0	212	1152	394	4994	518	4010	0	300	240	308	15186	15834	8310	1482	2736	108	
204312	Cerebelum_7b_L	0	0	0	0	0	0	0	0	0	0	0	0	0	0	0	0	0	0	0	0	0	0	0	0	0	0	0	0	0	0	0	0	0	0	0	0	0	0	0	0	0	0	0	0	0	0	0	108	0	0	0	0	0	0	1178	0	0	0	0	0	0	0	0	0	0	0	0	0	0	0	0	0	0	0	0	0	0	0	0	0	0	0	0	0	0	0	0	0	224	0	15210	266	32036	1992	0	0	600	0	3724	212	0	1798	29786	2452	4380	174	1942	0	0	0	140	388	2188	3166	192	0	
140180	Cerebelum_7b_R	0	0	0	0	0	0	0	0	0	0	0	0	0	0	0	0	0	0	0	0	0	0	0	0	0	0	0	0	0	0	0	0	0	0	0	0	0	0	0	0	0	0	0	0	0	0	0	124	0	0	0	0	0	0	0	112	0	0	0	0	0	0	0	0	0	0	0	0	0	0	0	0	0	0	0	0	0	0	0	0	0	0	0	0	0	0	0	0	0	0	716	8790	2006	19466	0	0	0	178	162	1152	1798	0	1774	23646	122	4898	0	0	0	0	0	252	2246	2412	236	0	
256596	Cerebelum_8_L	0	0	0	0	0	0	0	0	0	0	0	0	0	0	0	0	0	0	0	0	0	0	0	0	0	0	0	0	0	0	0	0	0	0	0	0	0	0	0	0	0	0	0	0	0	0	0	194	0	0	0	0	0	0	482	0	0	0	0	0	0	0	0	0	0	0	0	0	0	0	0	0	0	0	0	0	0	0	0	0	0	0	0	0	0	0	0	0	0	0	15270	458	27912	2608	258	0	2200	0	3626	394	29786	1774	0	5872	17382	1608	4358	0	0	0	632	658	3682	7112	2032	0	
271612	Cerebelum_8_R	0	0	0	0	0	0	0	0	0	0	0	0	0	0	0	0	0	0	0	0	0	0	0	0	0	0	0	0	0	0	0	0	0	0	0	0	0	0	0	0	0	0	0	0	0	0	0	214	0	0	0	0	0	0	0	204	0	0	0	0	0	0	0	0	0	0	0	0	0	0	0	0	0	0	0	0	0	0	0	0	0	0	0	0	0	0	0	0	0	0	3014	19200	2436	29074	0	200	144	786	654	4994	2452	23646	5872	0	1648	22642	276	1230	0	0	154	1258	6562	6362	2680	104	
129428	Cerebelum_9_L	0	0	0	0	0	0	0	0	0	0	0	0	0	0	0	0	0	0	0	0	0	0	0	0	0	0	0	0	0	0	0	0	0	0	0	0	0	0	0	0	0	0	0	0	0	0	0	0	0	0	0	0	0	0	128	0	0	0	0	0	0	0	0	0	0	0	0	0	0	0	0	0	0	0	0	0	0	0	0	0	0	0	0	0	0	0	0	0	0	0	4694	420	4218	692	676	0	6100	258	4834	518	4380	122	17382	1648	0	2028	6124	0	0	0	1560	842	1932	2828	2780	550	
162280	Cerebelum_9_R	0	0	0	0	0	0	0	0	0	0	0	0	0	0	0	0	0	0	0	0	0	0	0	0	0	0	0	0	0	0	0	0	0	0	0	0	0	0	0	0	0	0	0	0	0	0	0	0	0	0	0	0	0	0	0	298	0	0	0	0	0	0	0	0	0	0	0	0	0	0	0	0	0	0	0	0	0	0	0	0	0	0	0	0	0	0	0	0	0	0	926	7268	496	6906	0	1582	1284	2910	404	4010	174	4898	1608	22642	2028	0	108	2462	0	132	2562	2666	3290	3964	6820	1702	
43440	Cerebelum_10_L	0	0	0	0	0	0	0	0	0	0	0	0	0	0	0	0	0	0	0	0	0	0	0	0	0	0	0	0	0	0	0	0	0	0	0	0	0	0	0	0	0	0	0	0	0	0	0	0	0	0	0	0	0	0	0	0	0	0	0	0	0	0	0	0	0	0	0	0	0	0	0	0	0	0	0	0	0	0	0	0	0	0	0	0	0	0	0	0	0	0	2144	0	2428	158	0	0	1722	0	1754	0	1942	0	4358	276	6124	108	0	0	0	0	0	0	368	200	138	0	
12776	Cerebelum_10_R	0	0	0	0	0	0	0	0	0	0	0	0	0	0	0	0	0	0	0	0	0	0	0	0	0	0	0	0	0	0	0	0	0	0	0	0	0	0	0	0	0	0	0	0	0	0	0	0	0	0	0	0	0	0	0	0	0	0	0	0	0	0	0	0	0	0	0	0	0	0	0	0	0	0	0	0	0	0	0	0	0	0	0	0	0	0	0	0	0	0	0	764	0	756	0	0	0	0	0	300	0	0	0	1230	0	2462	0	0	0	0	0	158	132	210	376	0	
17088	Vermis_1_2	0	0	0	0	0	0	0	0	0	0	0	0	0	0	0	0	0	0	0	0	0	0	0	0	0	0	0	0	0	0	0	0	0	0	0	0	0	0	0	0	0	0	0	0	0	0	0	0	0	0	0	0	0	0	0	0	0	0	0	0	0	0	0	0	0	0	0	0	0	0	0	0	0	0	0	0	0	0	0	0	0	0	0	0	0	0	0	0	0	0	0	118	0	0	1120	804	788	320	0	240	0	0	0	0	0	0	0	0	0	3908	1246	0	0	0	0	0	
29784	Vermis_3	0	0	0	0	0	0	0	0	0	0	0	0	0	0	0	0	0	0	0	0	0	0	0	0	0	0	0	0	0	0	0	0	0	0	0	0	116	106	196	0	0	0	0	0	0	0	352	370	0	0	0	0	0	0	0	0	0	0	0	0	0	0	0	0	0	0	0	208	0	0	0	0	0	0	0	0	0	328	0	0	0	0	0	0	0	0	0	0	0	0	0	158	0	0	2262	2176	1358	946	0	308	0	0	0	0	0	132	0	0	3908	0	1968	0	0	0	0	0	
228792	Vermis_4_5	0	0	0	0	0	0	0	0	0	0	0	0	0	0	0	0	0	0	0	0	0	0	0	0	0	0	0	0	0	0	0	0	0	0	136	1126	0	1358	0	562	0	0	1584	514	346	0	1636	6966	0	0	290	0	418	0	2336	2152	0	0	0	0	0	0	0	0	0	0	1404	1830	100	0	0	0	0	0	0	0	0	1000	0	0	0	0	0	0	262	0	0	0	184	0	6474	8656	1076	616	1494	1904	12846	15696	9238	15186	140	0	632	154	1560	2562	0	0	1246	1968	0	4788	106	94	1302	2454	
189432	Vermis_6	0	0	0	0	0	0	0	0	0	0	0	0	0	0	0	0	0	0	0	0	0	0	0	0	0	0	0	0	0	0	0	0	0	0	0	0	0	0	0	0	0	0	0	146	0	0	1190	7176	0	0	0	0	0	262	840	1582	0	0	0	0	0	0	0	0	0	0	0	0	0	0	0	0	0	0	0	0	0	0	0	0	0	0	0	0	0	0	0	0	0	0	10764	10354	4080	2372	196	730	1788	2116	12644	15834	388	252	658	1258	842	2666	0	158	0	0	4788	0	6610	1128	2602	1292	
158392	Vermis_7	0	0	0	0	0	0	0	0	0	0	0	0	0	0	0	0	0	0	0	0	0	0	0	0	0	0	0	0	0	0	0	0	0	0	0	0	0	0	0	0	0	0	0	0	0	0	494	1028	0	0	0	0	0	0	200	296	0	0	0	0	0	0	0	0	0	0	0	0	0	0	0	0	0	0	0	0	0	0	0	0	0	0	0	0	0	0	0	0	0	0	6390	9136	4234	8906	0	0	150	184	3444	8310	2188	2246	3682	6562	1932	3290	368	132	0	0	106	6610	0	5368	3844	96	
96084	Vermis_8	0	0	0	0	0	0	0	0	0	0	0	0	0	0	0	0	0	0	0	0	0	0	0	0	0	0	0	0	0	0	0	0	0	0	0	0	0	0	0	0	0	0	0	0	0	0	0	0	0	0	0	0	0	0	0	0	0	0	0	0	0	0	0	0	0	0	0	0	0	0	0	0	0	0	0	0	0	0	0	0	0	0	0	0	0	0	0	0	0	0	988	1604	2222	3018	0	108	0	160	124	1482	3166	2412	7112	6362	2828	3964	200	210	0	0	94	1128	5368	0	5376	116	
81084	Vermis_9	0	0	0	0	0	0	0	0	0	0	0	0	0	0	0	0	0	0	0	0	0	0	0	0	0	0	0	0	0	0	0	0	0	0	0	0	0	0	0	0	0	0	0	0	0	0	0	0	0	0	0	0	0	0	0	256	0	0	0	0	0	0	0	0	0	0	0	0	0	0	0	0	0	0	0	0	0	0	0	0	0	0	0	0	0	0	0	0	0	0	986	1886	516	1452	0	724	634	1356	424	2736	192	236	2032	2680	2780	6820	138	376	0	0	1302	2602	3844	5376	0	1194	
