data	data	504848	327764	1.02653e+06	1.15751e+06	102280	91956	802224	502356	93560	43464	246340	161988	319236	129408	230340	144228	185068	123816	796588	858676	57612	85340	509908	664296	35656	146936	44160	84060	472588	329016	304828	669380	122000	663576	132340	157728	189940	321244	46864	201852	22644	49632	186284	268144	148124	372148	204284	196260	142512	411392	423344	205396	120876	42024	282748	410104	405204	293600	130896	105928	203988	142032	117560	120028	136896	148560	279568	451848	115708	170280	269624	410504	278332	463556	43776	29380	109460	173148	95120	37980	209564	128052	64940	82588	288196	139640	29580	35636	215568	157784	309208	254124	178484	149648	21844	54140	203888	154916	267912	273816	138512	65148	171172	173100	71780	69004	13880	36524	15596	34688	178312	118676	154324	77948	69364	20788	
data	data	Precentral_L	Precentral_R	Frontal_Sup_L	Frontal_Sup_R	Frontal_Sup_Orb_L	Frontal_Sup_Orb_R	Frontal_Mid_L	Frontal_Mid_R	Frontal_Mid_Orb_L	Frontal_Mid_Orb_R	Frontal_Inf_Oper_L	Frontal_Inf_Oper_R	Frontal_Inf_Tri_L	Frontal_Inf_Tri_R	Frontal_Inf_Orb_L	Frontal_Inf_Orb_R	Rolandic_Oper_L	Rolandic_Oper_R	Supp_Motor_Area_L	Supp_Motor_Area_R	Olfactory_L	Olfactory_R	Frontal_Sup_Medial_L	Frontal_Sup_Medial_R	Frontal_Med_Orb_L	Frontal_Med_Orb_R	Rectus_L	Rectus_R	Insula_L	Insula_R	Cingulum_Ant_L	Cingulum_Ant_R	Cingulum_Mid_L	Cingulum_Mid_R	Cingulum_Post_L	Cingulum_Post_R	Hippocampus_L	Hippocampus_R	ParaHippocampal_L	ParaHippocampal_R	Amygdala_L	Amygdala_R	Calcarine_L	Calcarine_R	Cuneus_L	Cuneus_R	Lingual_L	Lingual_R	Occipital_Sup_L	Occipital_Sup_R	Occipital_Mid_L	Occipital_Mid_R	Occipital_Inf_L	Occipital_Inf_R	Fusiform_L	Fusiform_R	Postcentral_L	Postcentral_R	Parietal_Sup_L	Parietal_Sup_R	Parietal_Inf_L	Parietal_Inf_R	SupraMarginal_L	SupraMarginal_R	Angular_L	Angular_R	Precuneus_L	Precuneus_R	Paracentral_Lobule_L	Paracentral_Lobule_R	Caudate_L	Caudate_R	Putamen_L	Putamen_R	Pallidum_L	Pallidum_R	Thalamus_L	Thalamus_R	Heschl_L	Heschl_R	Temporal_Sup_L	Temporal_Sup_R	Temporal_Pole_Sup_L	Temporal_Pole_Sup_R	Temporal_Mid_L	Temporal_Mid_R	Temporal_Pole_Mid_L	Temporal_Pole_Mid_R	Temporal_Inf_L	Temporal_Inf_R	Cerebelum_Crus1_L	Cerebelum_Crus1_R	Cerebelum_Crus2_L	Cerebelum_Crus2_R	Cerebelum_3_L	Cerebelum_3_R	Cerebelum_4_5_L	Cerebelum_4_5_R	Cerebelum_6_L	Cerebelum_6_R	Cerebelum_7b_L	Cerebelum_7b_R	Cerebelum_8_L	Cerebelum_8_R	Cerebelum_9_L	Cerebelum_9_R	Cerebelum_10_L	Cerebelum_10_R	Vermis_1_2	Vermis_3	Vermis_4_5	Vermis_6	Vermis_7	Vermis_8	Vermis_9	Vermis_10	
504848	Precentral_L	0	8104	10820	12210	0	0	36844	4010	0	0	16260	0	8804	120	226	358	6786	0	3172	21530	0	0	0	98	0	0	0	0	10220	102	0	90	146	11728	2838	2640	6592	890	588	0	0	0	1116	0	434	0	0	0	104	0	2744	0	362	0	1008	0	33400	0	762	0	2240	0	2016	0	928	0	1446	226	4704	2030	4258	1326	7260	370	2556	0	7300	1150	5218	0	2228	0	0	0	1460	0	0	0	602	0	0	0	0	0	0	0	0	0	0	0	0	0	0	0	0	0	0	0	0	0	0	0	0	0	0	0	
327764	Precentral_R	8104	0	4728	7178	0	0	8700	20230	0	0	1320	3240	442	0	90	100	276	4316	4260	4218	0	0	0	130	0	0	0	0	1084	4124	0	136	0	2140	608	1534	116	5338	0	2236	0	0	200	4104	0	2752	0	1114	0	2776	0	766	0	0	0	3920	478	27540	0	228	0	2172	0	2958	0	140	820	4494	1408	4710	1144	4804	442	3436	338	118	460	4724	0	502	460	738	112	0	0	1042	0	0	0	334	0	0	0	0	0	0	0	0	0	0	0	0	0	0	0	0	0	0	0	0	0	0	0	0	0	0	
1.02653e+06	Frontal_Sup_L	10820	4728	0	31234	7360	0	86154	12540	3120	0	5510	3374	9528	2930	7064	3574	124	512	84078	25774	0	0	63792	17666	2136	324	358	0	8482	960	24916	19288	3090	11206	540	1284	1872	3830	318	1330	0	0	0	0	0	90	0	100	0	108	0	0	0	0	162	1758	854	282	0	0	0	0	0	0	0	0	0	144	0	144	9350	11070	13528	3728	1482	488	3604	5060	230	0	804	0	0	0	0	0	0	0	92	370	0	0	0	0	0	0	0	0	0	0	0	0	0	0	0	0	0	0	0	0	0	0	0	0	0	0	
1.15751e+06	Frontal_Sup_R	12210	7178	31234	0	0	5752	10722	57280	0	804	406	10410	414	2288	142	7526	0	5916	40760	88308	0	258	16684	63754	0	6780	0	1648	554	15064	3408	46064	2550	34100	422	1174	938	6012	114	1816	0	0	0	252	0	226	0	228	0	234	0	0	0	0	0	2638	2868	780	0	0	0	0	0	0	0	0	0	406	856	242	1790	27862	698	30858	182	2824	2828	17208	102	0	0	264	0	1856	0	0	0	0	0	862	0	0	0	0	0	0	0	0	0	0	0	0	0	0	0	0	0	0	0	0	0	0	0	0	0	0	
102280	Frontal_Sup_Orb_L	0	0	7360	0	0	0	944	0	9364	0	0	0	846	0	5556	0	0	0	124	0	652	114	5020	712	3314	188	4402	0	1404	0	6218	838	0	0	0	0	0	0	0	0	0	0	0	0	0	0	0	0	0	0	0	0	0	0	0	0	0	0	0	0	0	0	0	0	0	0	0	0	0	0	1374	108	2442	0	0	0	0	0	0	0	0	0	160	0	0	0	0	0	0	0	0	0	0	0	0	0	0	0	0	0	0	0	0	0	0	0	0	0	0	0	0	0	0	0	0	0	
91956	Frontal_Sup_Orb_R	0	0	0	5752	0	0	0	2562	0	7314	0	0	0	808	0	3616	0	0	238	254	0	484	0	3434	118	6324	0	5610	0	1476	0	1318	0	268	0	0	0	0	0	0	0	0	0	0	0	0	0	0	0	0	0	0	0	0	0	0	0	0	0	0	0	0	0	0	0	0	0	0	0	0	0	2282	0	4120	0	0	0	0	0	0	0	0	0	0	0	0	0	0	0	0	0	0	0	0	0	0	0	0	0	0	0	0	0	0	0	0	0	0	0	0	0	0	0	0	0	0	
802224	Frontal_Mid_L	36844	8700	86154	10722	944	0	0	9052	4706	0	23478	302	35452	474	14124	1580	5794	124	14510	7184	0	0	22930	4314	0	0	0	0	26602	1000	7022	5846	894	4408	0	474	1990	656	328	130	0	0	0	0	0	0	0	0	0	0	110	0	0	0	446	288	2626	348	0	0	294	168	508	172	246	0	0	0	0	0	17102	8380	16280	2280	2838	120	5302	778	416	0	3888	0	1386	0	0	0	0	0	246	152	0	0	0	0	0	0	0	0	0	0	0	0	0	0	0	0	0	0	0	0	0	0	0	0	0	0	
502356	Frontal_Mid_R	4010	20230	12540	57280	0	2562	9052	0	0	2812	1768	18278	676	14574	134	5986	268	8214	14856	6838	0	0	1242	8660	0	284	0	110	1200	13594	120	2550	156	4192	0	170	206	3270	0	1100	0	0	0	142	0	226	0	0	0	240	0	0	0	0	0	1856	0	1796	0	0	0	0	0	0	0	0	0	300	0	0	1546	5404	470	14738	246	1692	176	1202	0	234	496	532	110	2556	0	0	0	0	0	284	0	0	0	0	0	0	0	0	0	0	0	0	0	0	0	0	0	0	0	0	0	0	0	0	0	0	
93560	Frontal_Mid_Orb_L	0	0	3120	0	9364	0	4706	0	0	0	0	0	5542	0	14998	0	0	0	0	0	0	0	432	92	374	0	994	0	2678	0	1004	146	0	0	0	0	0	0	0	0	0	0	0	0	0	0	0	0	0	0	0	0	0	0	0	0	0	0	0	0	0	0	0	0	0	0	0	0	0	0	616	0	2714	0	0	0	0	0	0	0	0	0	0	0	0	0	0	0	0	0	0	0	0	0	0	0	0	0	0	0	0	0	0	0	0	0	0	0	0	0	0	0	0	0	0	0	
43464	Frontal_Mid_Orb_R	0	0	0	804	0	7314	0	2812	0	0	0	0	0	828	0	3774	0	0	0	0	0	166	0	480	0	1248	0	1438	0	820	0	124	0	0	0	0	0	0	0	0	0	0	0	0	0	0	0	0	0	0	0	0	0	0	0	0	0	0	0	0	0	0	0	0	0	0	0	0	0	0	0	374	0	1550	0	0	0	0	0	0	0	0	0	0	0	0	0	0	0	0	0	0	0	0	0	0	0	0	0	0	0	0	0	0	0	0	0	0	0	0	0	0	0	0	0	0	
246340	Frontal_Inf_Oper_L	16260	1320	5510	406	0	0	23478	1768	0	0	0	122	21208	0	924	220	8746	0	1128	250	0	0	294	158	0	0	0	0	21684	198	406	510	0	366	0	0	172	0	0	0	0	0	0	0	0	0	0	0	0	0	0	0	0	0	108	0	1900	0	0	0	0	0	0	0	0	0	0	0	0	0	7014	798	1192	316	0	0	0	0	1664	0	2964	0	1976	0	0	0	0	0	110	0	0	0	0	0	0	0	0	0	0	0	0	0	0	0	0	0	0	0	0	0	0	0	0	0	0	0	
161988	Frontal_Inf_Oper_R	0	3240	3374	10410	0	0	302	18278	0	0	122	0	0	9406	0	586	0	6738	3460	866	0	0	354	274	0	0	0	0	0	13812	0	98	0	238	0	0	0	356	0	292	0	0	0	0	0	0	0	0	0	0	0	0	0	0	0	150	0	572	0	0	0	0	0	0	0	0	0	0	0	0	0	416	0	4486	0	110	0	0	0	0	0	270	0	2784	0	0	0	0	0	0	0	0	0	0	0	0	0	0	0	0	0	0	0	0	0	0	0	0	0	0	0	0	0	0	0	0	
319236	Frontal_Inf_Tri_L	8804	442	9528	414	846	0	35452	676	5542	0	21208	0	0	0	30104	198	2596	0	2340	148	0	0	304	152	0	0	0	0	24656	120	590	674	0	168	0	0	0	0	0	0	0	0	0	0	0	0	0	0	0	0	0	0	0	0	0	0	0	0	0	0	0	0	0	0	0	0	0	0	0	0	6668	962	4894	234	0	0	0	0	0	0	1478	0	420	0	0	0	0	0	0	0	0	0	0	0	0	0	0	0	0	0	0	0	0	0	0	0	0	0	0	0	0	0	0	0	0	0	
129408	Frontal_Inf_Tri_R	120	0	2930	2288	0	808	474	14574	0	828	0	9406	0	0	0	4788	0	316	3948	1178	0	0	440	1368	0	0	0	0	146	11560	0	248	0	1938	0	0	0	116	0	0	0	0	0	0	0	0	0	0	0	0	0	0	0	0	0	98	0	0	0	0	0	0	0	0	0	0	0	0	0	0	346	1948	0	4838	0	0	0	0	0	0	0	0	0	0	0	0	0	0	0	0	0	0	0	0	0	0	0	0	0	0	0	0	0	0	0	0	0	0	0	0	0	0	0	0	0	0	
230340	Frontal_Inf_Orb_L	226	90	7064	142	5556	0	14124	134	14998	0	924	0	30104	0	0	100	288	0	1308	0	1036	0	128	0	0	0	684	0	20240	0	368	452	0	0	0	0	518	0	0	0	244	0	0	0	0	0	0	0	0	0	0	0	0	0	0	0	0	0	0	0	0	0	0	0	0	0	0	0	0	0	3060	518	11772	0	0	0	0	0	0	0	378	0	714	0	0	0	0	0	0	0	0	0	0	0	0	0	0	0	0	0	0	0	0	0	0	0	0	0	0	0	0	0	0	0	0	0	
144228	Frontal_Inf_Orb_R	358	100	3574	7526	0	3616	1580	5986	0	3774	220	586	198	4788	100	0	0	0	5026	2230	0	726	0	3034	0	290	0	890	196	8320	0	598	0	2388	0	0	0	166	0	122	0	0	0	0	0	0	0	0	0	0	0	0	0	0	0	196	0	0	0	0	0	0	0	0	0	0	0	0	0	0	598	8704	104	5570	0	0	0	0	0	0	0	0	0	372	0	178	0	0	0	0	0	0	0	0	0	0	0	0	0	0	0	0	0	0	0	0	0	0	0	0	0	0	0	0	0	0	
185068	Rolandic_Oper_L	6786	276	124	0	0	0	5794	268	0	0	8746	0	2596	0	288	0	0	0	0	0	0	0	0	0	0	0	0	0	20168	0	0	0	0	0	0	0	378	0	0	0	0	0	0	0	0	0	0	0	0	0	1926	0	686	0	1338	0	10940	0	166	0	938	0	3052	0	638	0	0	0	0	0	514	0	1392	0	940	0	178	0	4834	0	9806	0	1408	0	4986	0	0	0	3368	0	0	0	0	0	0	0	0	0	0	0	0	0	0	0	0	0	0	0	0	0	0	0	0	0	0	0	
123816	Rolandic_Oper_R	0	4316	512	5916	0	0	124	8214	0	0	0	6738	0	316	0	0	0	0	486	300	0	0	0	0	0	0	0	0	0	12604	0	100	0	0	0	0	0	842	0	284	0	0	0	472	0	0	0	246	0	0	0	0	0	0	0	710	0	5410	0	0	0	474	0	1680	0	150	0	482	0	0	0	0	0	2318	0	0	0	0	0	2906	0	3112	0	2984	0	0	0	0	0	212	0	0	0	0	0	0	0	0	0	0	0	0	0	0	0	0	0	0	0	0	0	0	0	0	0	0	
796588	Supp_Motor_Area_L	3172	4260	84078	40760	124	238	14510	14856	0	0	1128	3460	2340	3948	1308	5026	0	486	0	56460	0	0	16664	27144	0	420	0	0	2894	1636	7548	23744	6964	34668	1962	1188	1228	3252	242	1190	0	0	0	0	0	0	0	0	0	92	0	0	0	0	104	1496	548	254	0	0	0	0	0	0	0	0	0	116	2226	1734	1476	6946	4386	4110	1074	430	1424	4276	220	0	210	0	0	0	0	0	0	0	0	274	0	0	0	0	0	0	0	0	0	0	0	0	0	0	0	0	0	0	0	0	0	0	0	0	0	0	
858676	Supp_Motor_Area_R	21530	4218	25774	88308	0	254	7184	6838	0	0	250	866	148	1178	0	2230	0	300	56460	0	0	0	6370	24554	0	408	0	0	152	3748	1256	21488	5914	60202	2054	6720	688	4094	0	1446	0	0	320	354	164	0	0	128	0	0	0	0	0	0	0	2480	3280	376	0	0	0	0	0	0	0	0	558	1262	7610	12164	610	15386	348	11028	0	1318	2060	14408	0	0	0	0	0	0	0	0	0	0	0	852	0	0	0	0	0	0	0	0	0	0	0	0	0	0	0	0	0	0	0	0	0	0	0	0	0	0	
57612	Olfactory_L	0	0	0	0	652	0	0	0	0	0	0	0	0	0	1036	0	0	0	0	0	0	4798	0	0	98	1126	2226	2616	2006	0	2034	1958	0	0	0	0	610	0	96	0	396	0	0	0	0	0	0	0	0	0	0	0	0	0	172	0	0	0	0	0	0	0	0	0	0	0	0	0	0	0	5516	1546	1240	0	0	0	0	0	0	0	0	0	680	0	0	0	0	0	0	0	0	0	0	0	0	0	0	0	0	0	0	0	0	0	0	0	0	0	0	0	0	0	0	0	0	0	
85340	Olfactory_R	0	0	0	258	114	484	0	0	0	166	0	0	0	0	0	726	0	0	0	0	4798	0	0	168	148	2812	1926	4994	0	2066	2192	3962	0	0	0	0	0	220	0	398	0	898	0	0	0	0	0	0	0	0	0	0	0	0	0	240	0	0	0	0	0	0	0	0	0	0	0	0	0	0	7648	5058	1726	1130	0	0	0	0	0	0	0	0	0	312	0	0	0	0	0	226	0	0	0	0	0	0	0	0	0	0	0	0	0	0	0	0	0	0	0	0	0	0	0	0	0	0	
509908	Frontal_Sup_Medial_L	0	0	63792	16684	5020	0	22930	1242	432	0	294	354	304	440	128	0	0	0	16664	6370	0	0	0	34980	3310	936	438	0	1066	130	26142	27968	3966	16490	0	0	0	0	0	0	0	0	0	0	0	0	0	0	0	0	0	0	0	0	0	0	0	0	0	0	0	0	0	0	0	0	0	0	0	0	1376	216	3034	248	0	0	0	0	0	0	0	0	0	0	0	0	0	0	0	0	0	0	0	0	0	0	0	0	0	0	0	0	0	0	0	0	0	0	0	0	0	0	0	0	0	0	
664296	Frontal_Sup_Medial_R	98	130	17666	63754	712	3434	4314	8660	92	480	158	274	152	1368	0	3034	0	0	27144	24554	0	168	34980	0	1036	11478	0	1854	174	2910	9942	54528	486	33322	0	0	0	108	0	0	0	0	0	0	0	0	0	0	0	0	0	0	0	0	0	100	0	0	0	0	0	0	0	0	0	0	0	0	0	0	310	11278	498	12952	0	0	0	0	0	0	0	0	0	0	0	0	0	0	0	0	0	0	0	0	0	0	0	0	0	0	0	0	0	0	0	0	0	0	0	0	0	0	0	0	0	0	
35656	Frontal_Med_Orb_L	0	0	2136	0	3314	118	0	0	374	0	0	0	0	0	0	0	0	0	0	0	98	148	3310	1036	0	1074	1712	178	0	0	3710	490	0	0	0	0	0	0	0	0	0	0	0	0	0	0	0	0	0	0	0	0	0	0	0	0	0	0	0	0	0	0	0	0	0	0	0	0	0	0	130	0	0	0	0	0	0	0	0	0	0	0	0	0	0	0	0	0	0	0	0	0	0	0	0	0	0	0	0	0	0	0	0	0	0	0	0	0	0	0	0	0	0	0	0	0	
146936	Frontal_Med_Orb_R	0	0	324	6780	188	6324	0	284	0	1248	0	0	0	0	0	290	0	0	420	408	1126	2812	936	11478	1074	0	858	8786	0	124	2408	11322	0	530	0	0	0	0	0	0	0	0	0	0	0	0	0	0	0	0	0	0	0	0	0	0	0	0	0	0	0	0	0	0	0	0	0	0	0	0	1740	7938	352	5718	0	0	0	0	0	0	0	0	0	0	0	0	0	0	0	0	0	0	0	0	0	0	0	0	0	0	0	0	0	0	0	0	0	0	0	0	0	0	0	0	0	0	
44160	Rectus_L	0	0	358	0	4402	0	0	0	994	0	0	0	0	0	684	0	0	0	0	0	2226	1926	438	0	1712	858	0	1480	0	0	2444	1158	0	0	0	0	0	0	0	0	0	0	0	0	0	0	0	0	0	0	0	0	0	0	0	0	0	0	0	0	0	0	0	0	0	0	0	0	0	0	2436	288	676	0	0	0	0	0	0	0	0	0	0	0	0	0	0	0	0	0	0	0	0	0	0	0	0	0	0	0	0	0	0	0	0	0	0	0	0	0	0	0	0	0	0	0	
84060	Rectus_R	0	0	0	1648	0	5610	0	110	0	1438	0	0	0	0	0	890	0	0	0	0	2616	4994	0	1854	178	8786	1480	0	0	636	854	3814	0	0	0	0	0	0	0	0	0	0	0	0	0	0	0	0	0	0	0	0	0	0	0	0	0	0	0	0	0	0	0	0	0	0	0	0	0	0	3660	2022	524	916	0	0	0	0	0	0	0	0	0	0	0	0	0	0	0	0	0	0	0	0	0	0	0	0	0	0	0	0	0	0	0	0	0	0	0	0	0	0	0	0	0	0	
472588	Insula_L	10220	1084	8482	554	1404	0	26602	1200	2678	0	21684	0	24656	146	20240	196	20168	0	2894	152	2006	0	1066	174	0	0	0	0	0	0	782	360	0	166	294	260	7034	232	304	0	556	0	132	0	0	0	0	0	0	0	1490	0	708	0	4064	0	10532	0	0	0	390	0	752	0	304	0	0	0	0	0	8442	1290	15630	146	96	0	1106	140	10032	0	12876	0	4826	0	3430	0	0	0	4314	0	0	0	0	0	0	0	0	0	0	0	0	0	0	0	0	0	0	0	0	0	0	0	0	0	0	0	
329016	Insula_R	102	4124	960	15064	0	1476	1000	13594	0	820	198	13812	120	11560	0	8320	0	12604	1636	3748	0	2066	130	2910	0	124	0	636	0	0	0	1630	0	1578	0	130	98	3778	0	2288	0	1040	0	576	0	450	0	300	0	596	0	220	0	0	0	3106	0	1856	0	0	0	0	0	0	0	0	136	1138	0	98	130	3636	0	34080	0	0	0	236	0	3256	0	2988	0	3126	0	756	0	0	0	2278	0	0	0	0	0	0	0	0	0	0	0	0	0	0	0	0	0	0	0	0	0	0	0	0	0	0	
304828	Cingulum_Ant_L	0	0	24916	3408	6218	0	7022	120	1004	0	406	0	590	0	368	0	0	0	7548	1256	2034	2192	26142	9942	3710	2408	2444	854	782	0	0	26224	5018	3754	0	0	0	0	0	0	0	0	0	0	0	0	0	0	0	0	0	0	0	0	0	0	0	0	0	0	0	0	0	0	0	0	0	0	0	0	6554	2978	3370	1152	0	0	0	0	0	0	0	0	0	0	0	0	0	0	0	0	0	0	0	0	0	0	0	0	0	0	0	0	0	0	0	0	0	0	0	0	0	0	0	0	0	0	
669380	Cingulum_Ant_R	90	136	19288	46064	838	1318	5846	2550	146	124	510	98	674	248	452	598	0	100	23744	21488	1958	3962	27968	54528	490	11322	1158	3814	360	1630	26224	0	5170	35620	0	0	0	274	0	104	0	0	0	0	0	0	0	0	0	0	0	0	0	0	0	178	0	0	0	0	0	0	0	0	0	0	0	0	0	0	4582	16834	1308	12482	0	0	0	412	0	0	0	0	0	0	0	0	0	0	0	0	0	0	0	0	0	0	0	0	0	0	0	0	0	0	0	0	0	0	0	0	0	0	0	0	0	0	
122000	Cingulum_Mid_L	146	0	3090	2550	0	0	894	156	0	0	0	0	0	0	0	0	0	0	6964	5914	0	0	3966	486	0	0	0	0	0	0	5018	5170	0	12590	3382	1464	0	0	0	0	0	0	0	128	186	0	0	0	428	138	416	0	0	0	0	0	886	0	0	0	0	0	0	0	0	0	2512	492	2856	1046	0	0	122	0	0	0	0	0	0	0	0	0	0	0	0	0	0	0	0	0	0	0	0	0	0	0	0	0	0	0	0	0	0	0	0	0	0	0	0	0	0	0	0	0	0	0	
663576	Cingulum_Mid_R	11728	2140	11206	34100	0	268	4408	4192	0	0	366	238	168	1938	0	2388	0	0	34668	60202	0	0	16490	33322	0	530	0	0	166	1578	3754	35620	12590	0	1316	8222	100	364	0	94	0	0	160	3414	168	778	0	1030	0	926	0	122	0	0	0	598	586	3246	0	0	0	0	0	0	0	0	1802	9836	6552	15820	184	948	314	2596	0	0	0	354	0	0	0	0	0	0	0	0	0	0	0	0	0	0	0	0	0	0	0	0	0	0	0	0	0	0	0	0	0	0	0	0	198	0	0	0	0	0	
132340	Cingulum_Post_L	2838	608	540	422	0	0	0	0	0	0	0	0	0	0	0	0	0	0	1962	2054	0	0	0	0	0	0	0	0	294	0	0	0	3382	1316	0	9944	4000	2956	1586	218	0	0	6830	192	828	0	838	506	0	0	300	0	518	0	1490	146	2622	0	0	0	0	0	0	0	0	0	9454	2344	4108	1362	0	0	0	0	0	0	476	746	480	0	0	0	0	0	356	0	0	0	100	0	0	0	0	0	0	0	0	0	0	0	0	0	0	0	0	0	0	0	0	0	354	0	0	0	0	0	
157728	Cingulum_Post_R	2640	1534	1284	1174	0	0	474	170	0	0	0	0	0	0	0	0	0	0	1188	6720	0	0	0	0	0	0	0	0	260	130	0	0	1464	8222	9944	0	4574	5474	1154	902	0	0	630	1268	0	136	0	2426	0	0	0	0	0	0	0	1984	1120	1750	0	0	0	0	0	0	0	0	1144	7808	1266	6478	0	0	0	112	0	0	1990	2250	592	0	0	0	0	0	0	0	0	0	0	0	0	0	0	0	0	0	0	0	0	0	0	0	0	0	0	0	0	0	0	0	602	0	0	0	0	0	
189940	Hippocampus_L	6592	116	1872	938	0	0	1990	206	0	0	172	0	0	0	518	0	378	0	1228	688	610	0	0	0	0	0	0	0	7034	98	0	0	0	100	4000	4574	0	4062	7040	220	4466	0	610	0	0	0	1556	302	0	0	0	0	0	0	11716	134	3390	0	0	0	0	0	250	0	0	0	1550	738	0	0	202	0	6710	158	642	0	5522	2342	2894	0	1852	0	970	0	0	0	0	0	6402	0	0	0	0	0	0	0	0	0	0	0	0	0	0	0	0	0	0	0	0	0	128	0	0	0	0	0	
321244	Hippocampus_R	890	5338	3830	6012	0	0	656	3270	0	0	0	356	0	116	0	166	0	842	3252	4094	0	220	0	108	0	0	0	0	232	3778	0	274	0	364	2956	5474	4062	0	942	25206	0	7070	0	606	0	540	0	2140	0	576	0	0	0	0	0	32314	544	1094	0	0	0	0	0	0	0	0	264	3192	0	348	0	696	0	12038	0	942	1986	4382	520	946	0	724	0	2482	0	1370	0	1046	0	11522	0	0	0	0	0	0	0	446	0	204	0	0	0	0	0	0	0	0	0	0	192	0	0	0	0	0	
46864	ParaHippocampal_L	588	0	318	114	0	0	328	0	0	0	0	0	0	0	0	0	0	0	242	0	96	0	0	0	0	0	0	0	304	0	0	0	0	0	1586	1154	7040	942	0	92	792	0	600	0	0	0	1982	152	0	0	0	0	0	0	2060	0	148	0	0	0	0	0	0	0	0	0	1674	234	0	0	0	0	470	0	0	0	1196	382	0	0	0	0	320	0	0	0	258	0	228	0	0	0	0	0	0	0	132	0	0	0	0	0	0	0	0	0	0	0	0	0	0	0	0	0	0	0	
201852	ParaHippocampal_R	0	2236	1330	1816	0	0	130	1100	0	0	0	292	0	0	0	122	0	284	1190	1446	0	398	0	0	0	0	0	0	0	2288	0	104	0	94	218	902	220	25206	92	0	0	5484	0	480	0	358	0	3214	0	374	0	0	0	0	0	24956	0	550	0	0	0	0	0	0	0	0	134	2110	0	164	0	320	0	5656	0	872	0	1130	0	762	0	590	0	4274	0	518	0	2928	0	2654	0	610	0	0	0	0	0	1990	0	1046	0	0	0	0	0	0	0	114	0	0	170	0	0	0	0	0	
22644	Amygdala_L	0	0	0	0	0	0	0	0	0	0	0	0	0	0	244	0	0	0	0	0	396	0	0	0	0	0	0	0	556	0	0	0	0	0	0	0	4466	0	792	0	0	0	0	0	0	0	0	0	0	0	0	0	0	0	2064	0	0	0	0	0	0	0	0	0	0	0	0	0	0	0	0	0	0	0	0	0	1068	0	0	0	0	0	610	0	0	0	232	0	894	0	0	0	0	0	0	0	0	0	0	0	0	0	0	0	0	0	0	0	0	0	0	0	0	0	0	0	
49632	Amygdala_R	0	0	0	0	0	0	0	0	0	0	0	0	0	0	0	0	0	0	0	0	0	898	0	0	0	0	0	0	0	1040	0	0	0	0	0	0	0	7070	0	5484	0	0	0	0	0	0	0	0	0	0	0	0	0	0	0	4908	0	0	0	0	0	0	0	0	0	0	0	0	0	0	0	0	0	920	0	0	0	102	0	0	0	0	0	2742	0	166	0	1192	0	294	0	0	0	0	0	0	0	0	0	0	0	0	0	0	0	0	0	0	0	0	0	0	0	0	0	0	
186284	Calcarine_L	1116	200	0	0	0	0	0	0	0	0	0	0	0	0	0	0	0	0	0	320	0	0	0	0	0	0	0	0	132	0	0	0	0	160	6830	630	610	0	600	0	0	0	0	3408	12492	2542	12136	1118	7660	1430	14566	328	4072	0	3566	0	1850	0	0	0	0	0	0	0	0	0	15004	386	768	210	0	0	0	0	0	0	0	0	0	0	0	0	0	0	888	0	0	0	120	0	0	0	0	0	0	0	0	0	0	0	0	0	0	0	0	0	0	0	0	0	0	0	0	0	0	0	
268144	Calcarine_R	0	4104	0	252	0	0	0	142	0	0	0	0	0	0	0	0	0	472	0	354	0	0	0	0	0	0	0	0	0	576	0	0	128	3414	192	1268	0	606	0	480	0	0	3408	0	3250	20674	200	18768	0	19802	0	8706	0	3642	0	7232	0	6122	0	246	0	0	0	100	0	234	2358	19538	0	4240	0	0	0	122	0	0	0	0	0	260	0	326	0	0	0	1996	0	0	0	860	0	0	0	0	0	0	0	0	0	0	0	0	0	0	0	0	0	0	0	0	0	0	0	0	0	0	
148124	Cuneus_L	434	0	0	0	0	0	0	0	0	0	0	0	0	0	0	0	0	0	0	164	0	0	0	0	0	0	0	0	0	0	0	0	186	168	828	0	0	0	0	0	0	0	12492	3250	0	7214	2908	374	16670	2530	10534	330	574	0	576	0	2010	0	610	0	0	0	0	0	0	0	9068	1464	1268	0	0	0	0	0	0	0	0	0	0	0	0	0	0	0	410	0	0	0	0	0	0	0	0	0	0	0	0	0	0	0	0	0	0	0	0	0	0	0	0	0	0	0	0	0	0	0	
372148	Cuneus_R	0	2752	90	226	0	0	0	226	0	0	0	0	0	0	0	0	0	0	0	0	0	0	0	0	0	0	0	0	0	450	0	0	0	778	0	136	0	540	0	358	0	0	2542	20674	7214	0	0	4732	184	54414	0	11556	0	342	0	3212	0	8658	0	9224	0	1070	0	1176	0	2292	8316	37162	0	3314	0	0	0	208	0	0	0	0	0	234	0	2326	0	0	0	1068	0	0	0	600	0	0	0	0	0	0	0	0	0	0	0	0	0	0	0	0	0	0	0	0	0	0	0	0	0	0	
204284	Lingual_L	0	0	0	0	0	0	0	0	0	0	0	0	0	0	0	0	0	0	0	0	0	0	0	0	0	0	0	0	0	0	0	0	0	0	838	0	1556	0	1982	0	0	0	12136	200	2908	0	0	514	4772	0	16394	0	9462	0	13450	0	138	0	0	0	0	0	0	0	0	0	3064	0	0	0	0	0	0	0	0	0	0	0	0	0	0	0	0	0	204	0	0	0	0	0	6714	410	746	0	0	114	8636	814	10290	1060	0	0	0	0	0	166	0	0	0	0	3144	1516	390	0	196	328	
196260	Lingual_R	0	1114	100	228	0	0	0	0	0	0	0	0	0	0	0	0	0	246	0	128	0	0	0	0	0	0	0	0	0	300	0	0	0	1030	506	2426	302	2140	152	3214	0	0	1118	18768	374	4732	514	0	0	6040	0	4318	0	3988	0	14848	0	1992	0	0	0	0	0	0	0	0	568	10076	0	988	0	0	0	0	0	0	0	0	0	144	0	174	0	0	0	822	0	0	0	1382	174	1060	0	0	0	162	1018	2424	498	3784	0	0	0	92	242	0	0	0	0	0	1876	2644	1424	0	0	0	
142512	Occipital_Sup_L	104	0	0	0	0	0	0	0	0	0	0	0	0	0	0	0	0	0	0	0	0	0	0	0	0	0	0	0	0	0	0	0	428	0	0	0	0	0	0	0	0	0	7660	0	16670	184	4772	0	0	0	22562	0	1028	0	128	0	2684	0	5830	0	432	0	0	0	120	0	7226	186	1078	0	0	0	0	0	0	0	0	0	0	0	0	0	0	0	164	0	0	0	0	0	0	0	0	0	0	0	0	0	0	0	0	0	0	0	0	0	0	0	0	0	0	0	0	0	0	0	
411392	Occipital_Sup_R	0	2776	108	234	0	0	0	240	0	0	0	0	0	0	0	0	0	0	92	0	0	0	0	0	0	0	0	0	0	596	0	0	138	926	0	0	0	576	0	374	0	0	1430	19802	2530	54414	0	6040	0	0	0	21264	0	736	0	3904	0	10086	0	11736	0	5216	0	1384	0	8262	5234	38470	96	3092	0	0	0	214	0	0	0	0	0	258	0	2990	0	0	0	1622	0	0	0	856	0	0	0	0	0	0	0	0	0	0	0	0	0	0	0	0	0	0	0	0	0	0	0	0	0	0	
423344	Occipital_Mid_L	2744	0	0	0	0	0	110	0	0	0	0	0	0	0	0	0	1926	0	0	0	0	0	0	0	0	0	0	0	1490	0	0	0	416	0	300	0	0	0	0	0	0	0	14566	0	10534	0	16394	0	22562	0	0	0	19684	0	10102	0	13766	0	14524	0	12536	0	1372	0	16410	0	14444	0	3696	0	0	0	0	0	0	0	0	0	958	0	1188	0	0	0	24522	0	0	0	7068	0	108	0	0	0	0	0	0	0	252	0	0	0	0	0	0	0	0	0	0	0	0	0	0	0	0	0	
205396	Occipital_Mid_R	0	766	0	0	0	0	0	0	0	0	0	0	0	0	0	0	0	0	0	0	0	0	0	0	0	0	0	0	0	220	0	0	0	122	0	0	0	0	0	0	0	0	328	8706	330	11556	0	4318	0	21264	0	0	0	3964	0	1532	0	1968	0	2446	0	7456	0	364	0	20040	666	8464	0	470	0	0	0	0	0	0	0	0	0	0	0	894	0	0	0	6566	0	0	0	258	0	0	0	0	0	0	0	0	0	0	0	0	0	0	0	0	0	0	0	0	0	0	0	0	0	0	
120876	Occipital_Inf_L	362	0	0	0	0	0	0	0	0	0	0	0	0	0	0	0	686	0	0	0	0	0	0	0	0	0	0	0	708	0	0	0	0	0	518	0	0	0	0	0	0	0	4072	0	574	0	9462	0	1028	0	19684	0	0	0	11530	0	578	0	0	0	250	0	146	0	416	0	3220	0	0	0	0	0	0	0	0	0	0	0	980	0	208	0	0	0	3548	0	0	0	1922	0	174	0	0	0	0	0	0	0	372	0	0	0	0	0	0	0	0	0	0	0	0	0	0	0	0	0	
42024	Occipital_Inf_R	0	0	0	0	0	0	0	0	0	0	0	0	0	0	0	0	0	0	0	0	0	0	0	0	0	0	0	0	0	0	0	0	0	0	0	0	0	0	0	0	0	0	0	3642	0	342	0	3988	0	736	0	3964	0	0	0	3628	0	0	0	0	0	0	0	118	0	110	0	1034	0	0	0	0	0	0	0	0	0	0	0	128	0	92	0	0	0	376	0	0	0	2854	0	0	0	0	0	0	0	0	0	0	0	0	0	0	0	0	0	0	0	0	0	0	0	0	0	0	
282748	Fusiform_L	1008	0	162	0	0	0	446	0	0	0	108	0	0	0	0	0	1338	0	104	0	172	0	0	0	0	0	0	0	4064	0	0	0	0	0	1490	0	11716	0	2060	0	2064	0	3566	0	576	0	13450	0	128	0	10102	0	11530	0	0	0	1392	0	0	0	672	0	1090	0	414	0	3260	0	0	0	0	0	2322	0	0	0	246	0	1348	0	2938	0	1762	0	2238	0	1424	0	10914	0	14970	184	1274	0	0	0	8600	364	18800	426	252	0	510	0	0	0	0	0	0	0	1220	494	176	0	0	0	
410104	Fusiform_R	0	3920	1758	2638	0	0	288	1856	0	0	0	150	0	98	0	196	0	710	1496	2480	0	240	0	100	0	0	0	0	0	3106	0	178	0	598	146	1984	134	32314	0	24956	0	4908	0	7232	0	3212	0	14848	0	3904	0	1532	0	3628	0	0	0	2056	0	896	0	138	0	174	0	380	550	6890	0	820	0	636	0	9458	0	654	0	754	0	2020	0	2792	0	6262	0	3172	0	4092	0	18464	0	6816	0	124	0	258	514	4360	208	9622	0	0	0	332	252	0	0	120	0	0	856	1914	858	0	0	0	
405204	Postcentral_L	33400	478	854	2868	0	0	2626	0	0	0	1900	0	0	0	0	0	10940	0	548	3280	0	0	0	0	0	0	0	0	10532	0	0	0	886	586	2622	1120	3390	544	148	0	0	0	1850	0	2010	0	138	0	2684	0	13766	0	578	0	1392	0	0	0	10756	0	25856	0	12228	0	8480	0	8452	0	9400	336	1872	0	3138	0	792	0	1418	314	7422	0	6176	0	0	0	4176	0	0	0	2646	0	0	0	0	0	0	0	0	0	0	0	0	0	0	0	0	0	0	0	0	0	0	0	0	0	0	0	
293600	Postcentral_R	0	27540	282	780	0	0	348	1796	0	0	0	572	0	0	0	0	0	5410	254	376	0	0	0	0	0	0	0	0	0	1856	0	0	0	3246	0	1750	0	1094	0	550	0	0	0	6122	0	8658	0	1992	0	10086	0	1968	0	0	0	2056	0	0	0	4360	0	16024	0	20004	0	768	1040	15492	0	8300	0	0	0	438	0	0	0	0	0	304	0	1978	0	0	0	1144	0	0	0	212	0	0	0	0	0	0	0	0	0	0	0	0	0	0	0	0	0	0	0	0	0	0	0	0	0	0	
130896	Parietal_Sup_L	762	0	0	0	0	0	0	0	0	0	0	0	0	0	0	0	166	0	0	0	0	0	0	0	0	0	0	0	0	0	0	0	0	0	0	0	0	0	0	0	0	0	0	0	610	0	0	0	5830	0	14524	0	0	0	0	0	10756	0	0	0	11238	0	0	0	3316	0	14168	494	1478	0	0	0	0	0	0	0	0	0	0	0	130	0	0	0	1346	0	0	0	630	0	0	0	0	0	0	0	0	0	0	0	0	0	0	0	0	0	0	0	0	0	0	0	0	0	0	0	
105928	Parietal_Sup_R	0	228	0	0	0	0	0	0	0	0	0	0	0	0	0	0	0	0	0	0	0	0	0	0	0	0	0	0	0	0	0	0	0	0	0	0	0	0	0	0	0	0	0	246	0	9224	0	0	0	11736	0	2446	0	0	0	896	0	4360	0	0	0	4644	0	1110	0	4138	0	11284	0	616	0	0	0	0	0	0	0	0	0	0	0	1312	0	0	0	512	0	0	0	212	0	0	0	0	0	0	0	0	0	0	0	0	0	0	0	0	0	0	0	0	0	0	0	0	0	0	
203988	Parietal_Inf_L	2240	0	0	0	0	0	294	0	0	0	0	0	0	0	0	0	938	0	0	0	0	0	0	0	0	0	0	0	390	0	0	0	0	0	0	0	0	0	0	0	0	0	0	0	0	0	0	0	432	0	12536	0	250	0	672	0	25856	0	11238	0	0	0	16496	0	17546	0	306	0	0	0	356	0	0	0	0	0	0	0	180	0	2276	0	0	0	6082	0	0	0	3906	0	0	0	0	0	0	0	0	0	0	0	0	0	0	0	0	0	0	0	0	0	0	0	0	0	0	0	
142032	Parietal_Inf_R	0	2172	0	0	0	0	168	0	0	0	0	0	0	0	0	0	0	474	0	0	0	0	0	0	0	0	0	0	0	0	0	0	0	0	0	0	0	0	0	0	0	0	0	0	0	1070	0	0	0	5216	0	7456	0	0	0	138	0	16024	0	4644	0	0	0	15712	0	15694	0	1422	0	0	0	0	0	0	0	0	0	0	0	0	0	664	0	0	0	162	0	0	0	0	0	0	0	0	0	0	0	0	0	0	0	0	0	0	0	0	0	0	0	0	0	0	0	0	0	0	
117560	SupraMarginal_L	2016	0	0	0	0	0	508	0	0	0	0	0	0	0	0	0	3052	0	0	0	0	0	0	0	0	0	0	0	752	0	0	0	0	0	0	0	250	0	0	0	0	0	0	0	0	0	0	0	0	0	1372	0	146	0	1090	0	12228	0	0	0	16496	0	0	0	4630	0	0	0	0	0	324	0	202	0	0	0	0	0	488	0	6790	0	0	0	5150	0	0	0	3286	0	0	0	0	0	0	0	0	0	0	0	0	0	0	0	0	0	0	0	0	0	0	0	0	0	0	0	
120028	SupraMarginal_R	0	2958	0	0	0	0	172	0	0	0	0	0	0	0	0	0	0	1680	0	0	0	0	0	0	0	0	0	0	0	0	0	0	0	0	0	0	0	0	0	0	0	0	0	100	0	1176	0	0	0	1384	0	364	0	118	0	174	0	20004	0	1110	0	15712	0	0	0	4444	0	1528	0	122	0	0	0	0	0	0	0	0	0	0	0	6552	0	0	0	1958	0	0	0	458	0	0	0	0	0	0	0	0	0	0	0	0	0	0	0	0	0	0	0	0	0	0	0	0	0	0	
136896	Angular_L	928	0	0	0	0	0	246	0	0	0	0	0	0	0	0	0	638	0	0	0	0	0	0	0	0	0	0	0	304	0	0	0	0	0	0	0	0	0	0	0	0	0	0	0	0	0	0	0	120	0	16410	0	416	0	414	0	8480	0	3316	0	17546	0	4630	0	0	0	122	0	0	0	124	0	0	0	0	0	0	0	146	0	2460	0	0	0	9106	0	0	0	3042	0	0	0	0	0	0	0	0	0	0	0	0	0	0	0	0	0	0	0	0	0	0	0	0	0	0	0	
148560	Angular_R	0	140	0	0	0	0	0	0	0	0	0	0	0	0	0	0	0	150	0	0	0	0	0	0	0	0	0	0	0	0	0	0	0	0	0	0	0	0	0	0	0	0	0	234	0	2292	0	0	0	8262	0	20040	0	110	0	380	0	768	0	4138	0	15694	0	4444	0	0	0	2878	0	102	0	0	0	0	0	0	0	0	0	0	0	6412	0	0	0	7746	0	0	0	490	0	0	0	0	0	0	0	0	0	0	0	0	0	0	0	0	0	0	0	0	0	0	0	0	0	0	
279568	Precuneus_L	1446	820	0	0	0	0	0	0	0	0	0	0	0	0	0	0	0	0	0	558	0	0	0	0	0	0	0	0	0	136	0	0	2512	1802	9454	1144	1550	264	1674	134	0	0	15004	2358	9068	8316	3064	568	7226	5234	14444	666	3220	0	3260	550	8452	1040	14168	0	306	0	0	0	122	0	0	13644	4678	522	0	0	0	0	0	0	0	0	0	0	0	346	0	0	1624	0	0	0	318	92	0	0	0	0	0	0	0	0	0	0	0	0	0	0	0	0	0	0	0	0	0	0	0	0	0	0	
451848	Precuneus_R	226	4494	144	406	0	0	0	300	0	0	0	0	0	0	0	0	0	482	116	1262	0	0	0	0	0	0	0	0	0	1138	0	0	492	9836	2344	7808	738	3192	234	2110	0	0	386	19538	1464	37162	0	10076	186	38470	0	8464	0	1034	0	6890	0	15492	494	11284	0	1422	0	1528	0	2878	13644	0	280	11760	0	0	0	276	0	0	0	94	0	562	0	3418	0	0	0	1716	0	0	0	1050	0	0	0	0	0	0	0	124	0	0	0	0	0	0	0	0	0	0	0	0	910	0	0	0	0	0	
115708	Paracentral_Lobule_L	4704	1408	0	856	0	0	0	0	0	0	0	0	0	0	0	0	0	0	2226	7610	0	0	0	0	0	0	0	0	0	0	0	0	2856	6552	4108	1266	0	0	0	0	0	0	768	0	1268	0	0	0	1078	96	3696	0	0	0	0	0	9400	0	1478	0	0	0	0	0	0	0	4678	280	0	3360	0	0	0	0	0	0	0	0	0	0	0	0	0	0	166	0	0	0	0	0	0	0	0	0	0	0	0	0	0	0	0	0	0	0	0	0	0	0	0	0	0	0	0	0	0	0	
170280	Paracentral_Lobule_R	2030	4710	144	242	0	0	0	0	0	0	0	0	0	0	0	0	0	0	1734	12164	0	0	0	0	0	0	0	0	0	98	0	0	1046	15820	1362	6478	0	348	0	164	0	0	210	4240	0	3314	0	988	0	3092	0	470	0	0	0	820	336	8300	0	616	0	0	0	122	0	102	522	11760	3360	0	0	0	0	0	0	0	0	0	0	0	0	208	0	0	0	174	0	0	0	0	0	0	0	0	0	0	0	0	0	0	0	0	0	0	0	0	0	0	0	0	166	0	0	0	0	0	
269624	Caudate_L	4258	1144	9350	1790	1374	0	17102	1546	616	0	7014	0	6668	346	3060	598	514	0	1476	610	5516	7648	1376	310	130	1740	2436	3660	8442	130	6554	4582	0	184	0	0	202	0	0	0	0	0	0	0	0	0	0	0	0	0	0	0	0	0	0	0	1872	0	0	0	356	0	324	0	124	0	0	0	0	0	0	6412	15648	1256	1864	0	5354	436	0	0	442	0	348	0	0	0	0	0	0	0	0	0	0	0	0	0	0	0	0	0	0	0	0	0	0	0	0	0	0	0	0	0	0	0	0	0	
410504	Caudate_R	1326	4804	11070	27862	108	2282	8380	5404	0	374	798	416	962	1948	518	8704	0	0	6946	15386	1546	5058	216	11278	0	7938	288	2022	1290	3636	2978	16834	0	948	0	0	0	696	0	320	0	0	0	0	0	0	0	0	0	0	0	0	0	0	0	636	0	0	0	0	0	0	0	0	0	0	0	0	0	0	6412	0	1900	23820	92	1696	962	16820	0	0	382	0	0	0	0	0	0	0	0	196	0	0	0	0	0	0	0	0	0	0	0	0	0	0	0	0	0	0	0	0	0	0	0	0	0	0	
278332	Putamen_L	7260	442	13528	698	2442	0	16280	470	2714	0	1192	0	4894	0	11772	104	1392	0	4386	348	1240	1726	3034	498	0	352	676	524	15630	0	3370	1308	122	314	0	0	6710	0	470	0	0	0	0	0	0	0	0	0	0	0	0	0	0	0	2322	0	3138	0	0	0	0	0	202	0	0	0	0	0	0	0	15648	1900	0	216	6688	0	1838	0	132	0	1052	0	1320	0	0	0	0	0	814	0	0	0	0	0	0	0	0	0	0	0	0	0	0	0	0	0	0	0	0	0	0	0	0	0	0	0	
463556	Putamen_R	370	3436	3728	30858	0	4120	2280	14738	0	1550	316	4486	234	4838	0	5570	0	2318	4110	11028	0	1130	248	12952	0	5718	0	916	146	34080	1152	12482	0	2596	0	112	158	12038	0	5656	0	920	0	122	0	208	0	0	0	214	0	0	0	0	0	9458	0	438	0	0	0	0	0	0	0	0	0	276	0	0	1256	23820	216	0	0	3426	138	1062	0	0	0	248	0	562	0	110	0	0	0	5940	0	0	0	0	0	0	0	0	0	0	0	0	0	0	0	0	0	0	0	0	0	0	0	0	0	0	
43776	Pallidum_L	2556	338	1482	182	0	0	2838	246	0	0	0	0	0	0	0	0	940	0	1074	0	0	0	0	0	0	0	0	0	96	0	0	0	0	0	0	0	642	0	0	0	0	0	0	0	0	0	0	0	0	0	0	0	0	0	0	0	792	0	0	0	0	0	0	0	0	0	0	0	0	0	1864	92	6688	0	0	0	1810	0	0	0	248	0	0	0	0	0	0	0	0	0	0	0	0	0	0	0	0	0	0	0	0	0	0	0	0	0	0	0	0	0	0	0	0	0	0	0	
29380	Pallidum_R	0	118	488	2824	0	0	120	1692	0	0	0	110	0	0	0	0	0	0	430	1318	0	0	0	0	0	0	0	0	0	0	0	0	0	0	0	0	0	942	0	872	0	0	0	0	0	0	0	0	0	0	0	0	0	0	0	654	0	0	0	0	0	0	0	0	0	0	0	0	0	0	0	1696	0	3426	0	0	0	0	0	0	0	0	0	0	0	0	0	0	0	0	0	0	0	0	0	0	0	0	0	0	0	0	0	0	0	0	0	0	0	0	0	0	0	0	0	0	
109460	Thalamus_L	7300	460	3604	2828	0	0	5302	176	0	0	0	0	0	0	0	0	178	0	1424	2060	0	0	0	0	0	0	0	0	1106	0	0	0	0	0	476	1990	5522	1986	1196	0	1068	0	0	0	0	0	0	0	0	0	0	0	0	0	246	0	1418	0	0	0	0	0	0	0	0	0	0	0	0	0	5354	962	1838	138	1810	0	0	5526	606	0	156	0	0	0	0	0	0	0	0	0	0	0	0	0	0	0	0	0	0	0	0	0	0	0	0	0	0	0	0	0	0	0	0	0	0	0	
173148	Thalamus_R	1150	4724	5060	17208	0	0	778	1202	0	0	0	0	0	0	0	0	0	0	4276	14408	0	0	0	0	0	0	0	0	140	236	0	412	0	354	746	2250	2342	4382	382	1130	0	102	0	0	0	0	0	0	0	0	0	0	0	0	0	754	314	0	0	0	0	0	0	0	0	0	0	94	0	0	436	16820	0	1062	0	0	5526	0	286	0	0	0	0	0	0	0	0	0	0	0	0	0	0	0	0	0	0	0	0	0	0	0	0	0	0	0	0	0	0	0	0	0	0	0	0	0	
95120	Heschl_L	5218	0	230	102	0	0	416	0	0	0	1664	0	0	0	0	0	4834	0	220	0	0	0	0	0	0	0	0	0	10032	0	0	0	0	0	480	592	2894	520	0	0	0	0	0	0	0	0	0	0	0	0	958	0	980	0	1348	0	7422	0	0	0	180	0	488	0	146	0	0	0	0	0	0	0	132	0	0	0	606	286	0	0	1772	0	0	0	4030	0	0	0	2010	0	0	0	0	0	0	0	0	0	0	0	0	0	0	0	0	0	0	0	0	0	0	0	0	0	0	0	
37980	Heschl_R	0	502	0	0	0	0	0	234	0	0	0	0	0	0	0	0	0	2906	0	0	0	0	0	0	0	0	0	0	0	3256	0	0	0	0	0	0	0	946	0	762	0	0	0	260	0	234	0	144	0	258	0	0	0	128	0	2020	0	304	0	0	0	0	0	0	0	0	0	562	0	0	0	0	0	0	0	0	0	0	0	0	0	4796	0	0	0	590	0	0	0	1088	0	0	0	0	0	0	0	0	0	0	0	0	0	0	0	0	0	0	0	0	0	0	0	0	0	0	
209564	Temporal_Sup_L	2228	460	804	0	0	0	3888	496	0	0	2964	0	1478	0	378	0	9806	0	210	0	0	0	0	0	0	0	0	0	12876	0	0	0	0	0	0	0	1852	0	0	0	0	0	0	0	0	0	0	0	0	0	1188	0	208	0	2938	0	6176	0	130	0	2276	0	6790	0	2460	0	0	0	0	0	442	382	1052	0	248	0	156	0	1772	0	0	0	3382	0	27602	0	0	0	10140	0	0	0	0	0	0	0	0	0	0	0	0	0	0	0	0	0	0	0	0	0	0	0	0	0	0	0	
128052	Temporal_Sup_R	0	738	0	264	0	0	0	532	0	0	0	270	0	0	0	0	0	3112	0	0	0	0	0	0	0	0	0	0	0	2988	0	0	0	0	0	0	0	724	0	590	0	0	0	326	0	2326	0	174	0	2990	0	894	0	92	0	2792	0	1978	0	1312	0	664	0	6552	0	6412	346	3418	0	208	0	0	0	248	0	0	0	0	0	4796	0	0	0	1328	0	13996	0	252	0	3704	0	0	0	0	0	0	0	0	0	0	0	0	0	0	0	0	0	0	0	0	0	0	0	0	0	0	
64940	Temporal_Pole_Sup_L	0	112	0	0	160	0	1386	110	0	0	1976	0	420	0	714	0	1408	0	0	0	680	0	0	0	0	0	0	0	4826	0	0	0	0	0	0	0	970	0	320	0	610	0	0	0	0	0	0	0	0	0	0	0	0	0	1762	0	0	0	0	0	0	0	0	0	0	0	0	0	0	0	348	0	1320	0	0	0	0	0	0	0	3382	0	0	0	4880	0	4150	0	2936	0	0	0	0	0	0	0	0	0	0	0	0	0	0	0	0	0	0	0	0	0	0	0	0	0	0	0	
82588	Temporal_Pole_Sup_R	0	0	0	1856	0	0	0	2556	0	0	0	2784	0	0	0	372	0	2984	0	0	0	312	0	0	0	0	0	0	0	3126	0	0	0	0	0	0	0	2482	0	4274	0	2742	0	0	0	0	0	0	0	0	0	0	0	0	0	6262	0	0	0	0	0	0	0	0	0	0	0	0	0	0	0	0	0	562	0	0	0	0	0	0	0	1328	0	0	0	2910	0	5822	0	922	0	0	0	0	0	0	0	0	0	0	0	0	0	0	0	0	0	0	0	0	0	0	0	0	0	0	
288196	Temporal_Mid_L	1460	0	0	0	0	0	0	0	0	0	0	0	0	0	0	0	4986	0	0	0	0	0	0	0	0	0	0	0	3430	0	0	0	0	0	356	0	0	0	0	0	0	0	888	0	410	0	204	0	164	0	24522	0	3548	0	2238	0	4176	0	1346	0	6082	0	5150	0	9106	0	1624	0	166	0	0	0	0	0	0	0	0	0	4030	0	27602	0	4880	0	0	0	4322	0	33408	0	0	0	0	0	0	0	0	0	0	0	0	0	0	0	0	0	0	0	0	0	0	0	0	0	0	0	
139640	Temporal_Mid_R	0	1042	0	0	0	0	0	0	0	0	0	0	0	0	0	178	0	0	0	0	0	0	0	0	0	0	0	0	0	756	0	0	0	0	0	0	0	1370	0	518	0	166	0	1996	0	1068	0	822	0	1622	0	6566	0	376	0	3172	0	1144	0	512	0	162	0	1958	0	7746	0	1716	0	174	0	0	0	110	0	0	0	0	0	590	0	13996	0	2910	0	0	0	1646	0	17504	0	0	0	0	0	0	0	0	0	0	0	0	0	0	0	0	0	0	0	0	0	0	0	0	0	0	
29580	Temporal_Pole_Mid_L	0	0	0	0	0	0	0	0	0	0	0	0	0	0	0	0	0	0	0	0	0	0	0	0	0	0	0	0	0	0	0	0	0	0	0	0	0	0	258	0	232	0	0	0	0	0	0	0	0	0	0	0	0	0	1424	0	0	0	0	0	0	0	0	0	0	0	0	0	0	0	0	0	0	0	0	0	0	0	0	0	0	0	4150	0	4322	0	0	0	4404	0	0	0	0	0	0	0	0	0	0	0	0	0	0	0	0	0	0	0	0	0	0	0	0	0	0	0	
35636	Temporal_Pole_Mid_R	0	0	0	0	0	0	0	0	0	0	0	0	0	0	0	0	0	0	0	0	0	0	0	0	0	0	0	0	0	0	0	0	0	0	0	0	0	1046	0	2928	0	1192	0	0	0	0	0	0	0	0	0	0	0	0	0	4092	0	0	0	0	0	0	0	0	0	0	0	0	0	0	0	0	0	0	0	0	0	0	0	0	0	252	0	5822	0	1646	0	0	0	840	0	0	0	0	0	0	0	0	0	0	0	0	0	0	0	0	0	0	0	0	0	0	0	0	0	0	
215568	Temporal_Inf_L	602	0	92	0	0	0	246	0	0	0	110	0	0	0	0	0	3368	0	0	0	0	0	0	0	0	0	0	0	4314	0	0	0	0	0	100	0	6402	0	228	0	894	0	120	0	0	0	0	0	0	0	7068	0	1922	0	10914	0	2646	0	630	0	3906	0	3286	0	3042	0	318	0	0	0	0	0	814	0	0	0	0	0	2010	0	10140	0	2936	0	33408	0	4404	0	0	0	1920	0	572	0	0	0	0	0	378	0	448	0	546	0	0	0	0	0	0	0	0	0	0	0	0	0	
157784	Temporal_Inf_R	0	334	370	862	0	0	152	284	0	0	0	0	0	0	0	0	0	212	274	852	0	226	0	0	0	0	0	0	0	2278	0	0	0	0	0	0	0	11522	0	2654	0	294	0	860	0	600	0	1382	0	856	0	258	0	2854	0	18464	0	212	0	212	0	0	0	458	0	490	92	1050	0	0	0	196	0	5940	0	0	0	0	0	1088	0	3704	0	922	0	17504	0	840	0	0	0	332	0	0	0	0	0	0	0	142	0	0	0	122	0	0	0	0	0	0	0	0	0	0	0	0	
309208	Cerebelum_Crus1_L	0	0	0	0	0	0	0	0	0	0	0	0	0	0	0	0	0	0	0	0	0	0	0	0	0	0	0	0	0	0	0	0	0	0	0	0	0	0	0	0	0	0	0	0	0	0	6714	174	0	0	108	0	174	0	14970	0	0	0	0	0	0	0	0	0	0	0	0	0	0	0	0	0	0	0	0	0	0	0	0	0	0	0	0	0	0	0	0	0	1920	0	0	1652	22446	2464	352	0	16116	216	42982	876	10270	174	14948	1872	2508	122	964	0	0	0	2564	1406	5736	1454	1422	0	
254124	Cerebelum_Crus1_R	0	0	0	0	0	0	0	0	0	0	0	0	0	0	0	0	0	0	0	0	0	0	0	0	0	0	0	0	0	0	0	0	0	0	0	0	0	0	0	610	0	0	0	0	0	0	410	1060	0	0	0	0	0	0	184	6816	0	0	0	0	0	0	0	0	0	0	0	0	0	0	0	0	0	0	0	0	0	0	0	0	0	0	0	0	0	0	0	0	0	332	1652	0	896	13778	0	1950	768	15206	564	39226	748	1206	996	11860	364	1748	0	3522	0	0	5480	4356	9788	1858	1684	0	
178484	Cerebelum_Crus2_L	0	0	0	0	0	0	0	0	0	0	0	0	0	0	0	0	0	0	0	0	0	0	0	0	0	0	0	0	0	0	0	0	0	0	0	0	0	0	0	0	0	0	0	0	0	0	746	0	0	0	0	0	0	0	1274	0	0	0	0	0	0	0	0	0	0	0	0	0	0	0	0	0	0	0	0	0	0	0	0	0	0	0	0	0	0	0	0	0	572	0	22446	896	0	6014	0	0	614	0	4088	270	21968	2032	18514	1824	832	0	328	0	0	0	0	170	5150	1194	310	0	
149648	Cerebelum_Crus2_R	0	0	0	0	0	0	0	0	0	0	0	0	0	0	0	0	0	0	0	0	0	0	0	0	0	0	0	0	0	0	0	0	0	0	0	0	0	0	0	0	0	0	0	0	0	0	0	0	0	0	0	0	0	0	0	124	0	0	0	0	0	0	0	0	0	0	0	0	0	0	0	0	0	0	0	0	0	0	0	0	0	0	0	0	0	0	0	0	0	0	2464	13778	6014	0	0	0	0	294	0	2036	2740	13000	2084	19988	290	1568	0	1494	0	0	0	136	6934	1380	500	0	
21844	Cerebelum_3_L	0	0	0	0	0	0	0	0	0	0	0	0	0	0	0	0	0	0	0	0	0	0	0	0	0	0	0	0	0	0	0	0	0	0	0	0	0	0	0	0	0	0	0	0	0	0	0	0	0	0	0	0	0	0	0	0	0	0	0	0	0	0	0	0	0	0	0	0	0	0	0	0	0	0	0	0	0	0	0	0	0	0	0	0	0	0	0	0	0	0	352	0	0	0	0	0	5884	208	994	190	0	0	0	0	796	0	134	0	360	482	1276	246	0	0	0	0	
54140	Cerebelum_3_R	0	0	0	0	0	0	0	0	0	0	0	0	0	0	0	0	0	0	0	0	0	0	0	0	0	0	0	0	0	0	0	0	0	0	0	0	0	0	0	0	0	0	0	0	0	0	114	162	0	0	0	0	0	0	0	258	0	0	0	0	0	0	0	0	0	0	0	0	0	0	0	0	0	0	0	0	0	0	0	0	0	0	0	0	0	0	0	0	0	0	0	1950	0	0	0	0	524	4960	164	5344	0	0	0	1334	0	1244	0	634	374	2512	2492	1798	838	1066	1068	234	
203888	Cerebelum_4_5_L	0	0	0	0	0	0	0	0	0	0	0	0	0	0	0	0	0	0	0	0	0	0	0	0	0	0	0	0	0	0	0	0	0	0	0	0	0	0	132	0	0	0	0	0	0	0	8636	1018	0	0	0	0	0	0	8600	514	0	0	0	0	0	0	0	0	0	0	0	0	0	0	0	0	0	0	0	0	0	0	0	0	0	0	0	0	0	0	0	0	0	0	16116	768	614	0	5884	524	0	2418	27752	2892	0	0	376	112	3170	740	500	0	440	874	13584	3780	0	438	1254	808	
154916	Cerebelum_4_5_R	0	0	0	0	0	0	0	0	0	0	0	0	0	0	0	0	0	0	0	0	0	0	0	0	0	0	0	0	0	0	0	0	0	0	0	0	0	446	0	1990	0	0	0	0	0	0	814	2424	0	0	0	0	0	0	364	4360	0	0	0	0	0	0	0	0	0	0	0	124	0	0	0	0	0	0	0	0	0	0	0	0	0	0	0	0	0	0	0	0	0	0	216	15206	0	294	208	4960	2418	0	782	24234	0	0	0	1892	656	628	0	1002	0	782	10544	1328	766	514	506	0	
267912	Cerebelum_6_L	0	0	0	0	0	0	0	0	0	0	0	0	0	0	0	0	0	0	0	0	0	0	0	0	0	0	0	0	0	0	0	0	0	0	0	0	0	0	0	0	0	0	0	0	0	0	10290	498	0	0	252	0	372	0	18800	208	0	0	0	0	0	0	0	0	0	0	0	0	0	0	0	0	0	0	0	0	0	0	0	0	0	0	0	0	0	0	0	0	378	0	42982	564	4088	0	994	164	27752	782	0	1412	2030	0	3736	0	2864	214	1014	0	0	142	7618	4046	1236	612	808	100	
273816	Cerebelum_6_R	0	0	0	0	0	0	0	0	0	0	0	0	0	0	0	0	0	0	0	0	0	0	0	0	0	0	0	0	0	0	0	0	0	0	0	0	0	204	0	1046	0	0	0	0	0	0	1060	3784	0	0	0	0	0	0	426	9622	0	0	0	0	0	0	0	0	0	0	0	0	0	0	0	0	0	0	0	0	0	0	0	0	0	0	0	0	0	0	0	0	0	142	876	39226	270	2036	190	5344	2892	24234	1412	0	0	0	234	5834	720	884	0	2330	0	618	12060	8624	9036	2012	1792	0	
138512	Cerebelum_7b_L	0	0	0	0	0	0	0	0	0	0	0	0	0	0	0	0	0	0	0	0	0	0	0	0	0	0	0	0	0	0	0	0	0	0	0	0	0	0	0	0	0	0	0	0	0	0	0	0	0	0	0	0	0	0	252	0	0	0	0	0	0	0	0	0	0	0	0	0	0	0	0	0	0	0	0	0	0	0	0	0	0	0	0	0	0	0	0	0	448	0	10270	748	21968	2740	0	0	0	0	2030	0	0	1166	18978	1854	1512	0	374	0	0	0	0	0	4238	1920	758	0	
65148	Cerebelum_7b_R	0	0	0	0	0	0	0	0	0	0	0	0	0	0	0	0	0	0	0	0	0	0	0	0	0	0	0	0	0	0	0	0	0	0	0	0	0	0	0	0	0	0	0	0	0	0	0	0	0	0	0	0	0	0	0	0	0	0	0	0	0	0	0	0	0	0	0	0	0	0	0	0	0	0	0	0	0	0	0	0	0	0	0	0	0	0	0	0	0	0	174	1206	2032	13000	0	0	0	0	0	0	1166	0	736	11328	0	256	0	0	0	0	0	0	1740	936	0	0	
171172	Cerebelum_8_L	0	0	0	0	0	0	0	0	0	0	0	0	0	0	0	0	0	0	0	0	0	0	0	0	0	0	0	0	0	0	0	0	0	0	0	0	0	0	0	0	0	0	0	0	0	0	0	0	0	0	0	0	0	0	510	0	0	0	0	0	0	0	0	0	0	0	0	0	0	0	0	0	0	0	0	0	0	0	0	0	0	0	0	0	0	0	0	0	546	0	14948	996	18514	2084	0	0	376	0	3736	234	18978	736	0	2342	10446	418	988	0	0	0	0	0	4668	3436	1630	0	
173100	Cerebelum_8_R	0	0	0	0	0	0	0	0	0	0	0	0	0	0	0	0	0	0	0	0	0	0	0	0	0	0	0	0	0	0	0	0	0	0	0	0	0	0	0	0	0	0	0	0	0	0	0	92	0	0	0	0	0	0	0	332	0	0	0	0	0	0	0	0	0	0	0	0	0	0	0	0	0	0	0	0	0	0	0	0	0	0	0	0	0	0	0	0	0	122	1872	11860	1824	19988	0	1334	112	1892	0	5834	1854	11328	2342	0	504	8080	0	5350	0	276	942	750	6336	2496	906	124	
71780	Cerebelum_9_L	0	0	0	0	0	0	0	0	0	0	0	0	0	0	0	0	0	0	0	0	0	0	0	0	0	0	0	0	0	0	0	0	0	0	0	0	0	0	0	0	0	0	0	0	0	0	0	242	0	0	0	0	0	0	0	252	0	0	0	0	0	0	0	0	0	0	0	0	0	0	0	0	0	0	0	0	0	0	0	0	0	0	0	0	0	0	0	0	0	0	2508	364	832	290	796	0	3170	656	2864	720	1512	0	10446	504	0	468	2544	0	0	92	1944	1254	1376	1412	1352	292	
69004	Cerebelum_9_R	0	0	0	0	0	0	0	0	0	0	0	0	0	0	0	0	0	0	0	0	0	0	0	0	0	0	0	0	0	0	0	0	0	0	0	0	0	0	0	0	0	0	0	0	0	0	166	0	0	0	0	0	0	0	0	0	0	0	0	0	0	0	0	0	0	0	0	0	0	0	0	0	0	0	0	0	0	0	0	0	0	0	0	0	0	0	0	0	0	0	122	1748	0	1568	0	1244	740	628	214	884	0	256	418	8080	468	0	0	2856	390	1194	1834	2688	1602	2670	3258	1474	
13880	Cerebelum_10_L	0	0	0	0	0	0	0	0	0	0	0	0	0	0	0	0	0	0	0	0	0	0	0	0	0	0	0	0	0	0	0	0	0	0	0	0	0	0	0	0	0	0	0	0	0	0	0	0	0	0	0	0	0	0	0	0	0	0	0	0	0	0	0	0	0	0	0	0	0	0	0	0	0	0	0	0	0	0	0	0	0	0	0	0	0	0	0	0	0	0	964	0	328	0	134	0	500	0	1014	0	374	0	988	0	2544	0	0	0	0	0	94	0	0	0	0	0	
36524	Cerebelum_10_R	0	0	0	0	0	0	0	0	0	0	0	0	0	0	0	0	0	0	0	0	0	0	0	0	0	0	0	0	0	0	0	0	0	0	0	0	0	0	0	114	0	0	0	0	0	0	0	0	0	0	0	0	0	0	0	120	0	0	0	0	0	0	0	0	0	0	0	0	0	0	0	0	0	0	0	0	0	0	0	0	0	0	0	0	0	0	0	0	0	0	0	3522	0	1494	0	634	0	1002	0	2330	0	0	0	5350	0	2856	0	0	0	98	346	138	258	0	0	0	
15596	Vermis_1_2	0	0	0	0	0	0	0	0	0	0	0	0	0	0	0	0	0	0	0	0	0	0	0	0	0	0	0	0	0	0	0	0	0	0	0	0	0	0	0	0	0	0	0	0	0	0	0	0	0	0	0	0	0	0	0	0	0	0	0	0	0	0	0	0	0	0	0	0	0	0	0	0	0	0	0	0	0	0	0	0	0	0	0	0	0	0	0	0	0	0	0	0	0	0	360	374	440	0	0	0	0	0	0	0	0	390	0	0	0	3258	1800	376	0	294	358	148	
34688	Vermis_3	0	0	0	0	0	0	0	0	0	0	0	0	0	0	0	0	0	0	0	0	0	0	0	0	0	0	0	0	0	0	0	0	0	0	0	0	0	0	0	0	0	0	0	0	0	0	0	0	0	0	0	0	0	0	0	0	0	0	0	0	0	0	0	0	0	0	0	0	0	0	0	0	0	0	0	0	0	0	0	0	0	0	0	0	0	0	0	0	0	0	0	0	0	0	482	2512	874	782	142	618	0	0	0	276	92	1194	0	98	3258	0	2776	1394	392	1012	1100	342	
178312	Vermis_4_5	0	0	0	0	0	0	0	0	0	0	0	0	0	0	0	0	0	0	0	0	0	0	0	0	0	0	0	0	0	0	0	0	0	198	354	602	128	192	0	170	0	0	0	0	0	0	3144	1876	0	0	0	0	0	0	1220	856	0	0	0	0	0	0	0	0	0	0	0	910	0	166	0	0	0	0	0	0	0	0	0	0	0	0	0	0	0	0	0	0	0	0	2564	5480	0	0	1276	2492	13584	10544	7618	12060	0	0	0	942	1944	1834	94	346	1800	2776	0	8102	430	928	1976	2550	
118676	Vermis_6	0	0	0	0	0	0	0	0	0	0	0	0	0	0	0	0	0	0	0	0	0	0	0	0	0	0	0	0	0	0	0	0	0	0	0	0	0	0	0	0	0	0	0	0	0	0	1516	2644	0	0	0	0	0	0	494	1914	0	0	0	0	0	0	0	0	0	0	0	0	0	0	0	0	0	0	0	0	0	0	0	0	0	0	0	0	0	0	0	0	0	0	1406	4356	170	136	246	1798	3780	1328	4046	8624	0	0	0	750	1254	2688	0	138	376	1394	8102	0	4410	2018	3184	2566	
154324	Vermis_7	0	0	0	0	0	0	0	0	0	0	0	0	0	0	0	0	0	0	0	0	0	0	0	0	0	0	0	0	0	0	0	0	0	0	0	0	0	0	0	0	0	0	0	0	0	0	390	1424	0	0	0	0	0	0	176	858	0	0	0	0	0	0	0	0	0	0	0	0	0	0	0	0	0	0	0	0	0	0	0	0	0	0	0	0	0	0	0	0	0	0	5736	9788	5150	6934	0	838	0	766	1236	9036	4238	1740	4668	6336	1376	1602	0	258	0	392	430	4410	0	5340	4040	0	
77948	Vermis_8	0	0	0	0	0	0	0	0	0	0	0	0	0	0	0	0	0	0	0	0	0	0	0	0	0	0	0	0	0	0	0	0	0	0	0	0	0	0	0	0	0	0	0	0	0	0	0	0	0	0	0	0	0	0	0	0	0	0	0	0	0	0	0	0	0	0	0	0	0	0	0	0	0	0	0	0	0	0	0	0	0	0	0	0	0	0	0	0	0	0	1454	1858	1194	1380	0	1066	438	514	612	2012	1920	936	3436	2496	1412	2670	0	0	294	1012	928	2018	5340	0	5568	416	
