data	data	530376	364500	770648	989948	106284	77024	505836	357492	111820	32056	356432	208292	424672	302220	217804	208704	278696	131624	653584	960784	103368	117568	430896	454376	75464	106348	121088	128036	702656	395836	438004	526632	253536	644860	122616	197964	262620	343520	70036	171108	44184	102832	253780	356348	269864	273180	248880	328296	191472	228784	485912	153356	202544	159756	454708	445996	296020	267200	106608	142888	184100	134184	148616	79072	153272	119956	375688	513260	139772	161528	380148	563064	322636	464364	55924	39776	105952	208072	161648	20196	273260	126884	105756	63196	451396	260908	33688	28660	390656	265744	422668	359748	252408	236976	39280	72312	303592	232600	441116	375228	192456	129244	238232	207100	106620	104060	10892	5692	26816	67784	295140	239456	160844	123436	72312	29252	
data	data	Precentral_L	Precentral_R	Frontal_Sup_L	Frontal_Sup_R	Frontal_Sup_Orb_L	Frontal_Sup_Orb_R	Frontal_Mid_L	Frontal_Mid_R	Frontal_Mid_Orb_L	Frontal_Mid_Orb_R	Frontal_Inf_Oper_L	Frontal_Inf_Oper_R	Frontal_Inf_Tri_L	Frontal_Inf_Tri_R	Frontal_Inf_Orb_L	Frontal_Inf_Orb_R	Rolandic_Oper_L	Rolandic_Oper_R	Supp_Motor_Area_L	Supp_Motor_Area_R	Olfactory_L	Olfactory_R	Frontal_Sup_Medial_L	Frontal_Sup_Medial_R	Frontal_Med_Orb_L	Frontal_Med_Orb_R	Rectus_L	Rectus_R	Insula_L	Insula_R	Cingulum_Ant_L	Cingulum_Ant_R	Cingulum_Mid_L	Cingulum_Mid_R	Cingulum_Post_L	Cingulum_Post_R	Hippocampus_L	Hippocampus_R	ParaHippocampal_L	ParaHippocampal_R	Amygdala_L	Amygdala_R	Calcarine_L	Calcarine_R	Cuneus_L	Cuneus_R	Lingual_L	Lingual_R	Occipital_Sup_L	Occipital_Sup_R	Occipital_Mid_L	Occipital_Mid_R	Occipital_Inf_L	Occipital_Inf_R	Fusiform_L	Fusiform_R	Postcentral_L	Postcentral_R	Parietal_Sup_L	Parietal_Sup_R	Parietal_Inf_L	Parietal_Inf_R	SupraMarginal_L	SupraMarginal_R	Angular_L	Angular_R	Precuneus_L	Precuneus_R	Paracentral_Lobule_L	Paracentral_Lobule_R	Caudate_L	Caudate_R	Putamen_L	Putamen_R	Pallidum_L	Pallidum_R	Thalamus_L	Thalamus_R	Heschl_L	Heschl_R	Temporal_Sup_L	Temporal_Sup_R	Temporal_Pole_Sup_L	Temporal_Pole_Sup_R	Temporal_Mid_L	Temporal_Mid_R	Temporal_Pole_Mid_L	Temporal_Pole_Mid_R	Temporal_Inf_L	Temporal_Inf_R	Cerebelum_Crus1_L	Cerebelum_Crus1_R	Cerebelum_Crus2_L	Cerebelum_Crus2_R	Cerebelum_3_L	Cerebelum_3_R	Cerebelum_4_5_L	Cerebelum_4_5_R	Cerebelum_6_L	Cerebelum_6_R	Cerebelum_7b_L	Cerebelum_7b_R	Cerebelum_8_L	Cerebelum_8_R	Cerebelum_9_L	Cerebelum_9_R	Cerebelum_10_L	Cerebelum_10_R	Vermis_1_2	Vermis_3	Vermis_4_5	Vermis_6	Vermis_7	Vermis_8	Vermis_9	Vermis_10	
530376	Precentral_L	0	2088	8032	2748	0	0	15900	146	0	0	26306	314	10114	1390	0	1138	12290	0	9548	13346	0	0	0	0	0	0	0	0	18244	370	0	0	346	6258	232	146	15144	460	748	234	0	0	336	0	186	0	110	0	0	0	880	0	626	0	2910	138	32356	0	326	0	3426	0	1406	0	1196	0	324	0	17368	4394	5048	2912	8784	588	1570	478	14546	1062	7086	0	2924	0	126	0	3032	0	0	0	5508	0	0	0	0	0	0	0	0	0	0	0	0	0	0	0	0	0	0	0	0	0	0	0	0	0	0	0	
364500	Precentral_R	2088	0	1454	29160	0	0	396	8444	0	0	392	4116	364	832	212	632	0	2752	1220	22934	0	0	0	0	0	0	0	0	584	2864	0	0	0	1800	736	4132	290	7278	0	1298	0	104	0	1028	0	356	0	1692	0	0	0	0	0	894	0	1832	132	24452	0	306	0	606	0	1596	0	112	126	4068	522	3954	1636	10480	836	2988	128	610	1250	23254	0	104	0	130	0	0	0	2608	0	0	112	2104	0	0	0	0	0	0	0	86	0	0	0	0	0	0	0	0	0	0	0	0	166	0	0	0	0	0	
770648	Frontal_Sup_L	8032	1454	0	10240	7498	0	65410	2046	5600	0	19778	142	19910	580	7832	478	4958	0	55296	12784	774	636	45046	13064	3704	134	3744	410	21788	0	23556	6706	8332	11126	144	0	422	0	0	0	0	0	0	0	0	0	0	0	0	0	0	0	0	0	0	0	1100	0	0	0	0	0	0	0	0	0	0	0	554	0	6050	1814	9724	616	90	0	94	0	512	0	1280	0	1288	0	462	0	0	0	116	0	0	0	0	0	0	0	0	0	0	0	0	0	0	0	0	0	0	0	0	0	0	0	0	0	0	0	
989948	Frontal_Sup_R	2748	29160	10240	0	84	3718	3726	47196	116	1126	664	10002	1632	14270	690	6584	0	3036	17778	75568	372	806	11298	38494	630	4950	364	4592	3090	15076	9880	34272	2816	23048	0	0	1496	7348	0	1966	0	1008	0	0	0	0	0	348	0	0	0	0	0	0	518	3516	398	126	0	0	0	0	0	0	0	0	0	0	388	0	6334	34302	3646	27282	2014	2546	820	21072	0	0	0	128	0	700	0	0	0	0	888	0	0	0	0	0	0	0	0	104	0	0	0	0	0	0	0	0	0	0	0	0	0	0	0	0	0	0	
106284	Frontal_Sup_Orb_L	0	0	7498	84	0	0	1364	0	9148	0	0	0	174	0	5716	0	0	0	0	0	2022	174	2940	122	6122	980	5292	140	1976	0	4832	176	0	0	0	0	0	0	1044	0	368	0	0	0	0	0	0	0	0	0	0	0	0	0	0	0	0	0	0	0	0	0	0	0	0	0	0	0	0	0	890	116	1374	0	0	0	0	0	0	0	0	0	590	0	0	0	0	0	0	0	0	0	0	0	0	0	0	0	0	0	0	0	0	0	0	0	0	0	0	0	0	0	0	0	0	0	
77024	Frontal_Sup_Orb_R	0	0	0	3718	0	0	0	4648	0	5284	0	0	0	386	86	3948	0	0	0	0	464	920	0	950	188	4438	580	6928	0	1172	320	682	0	0	0	0	0	0	0	0	0	634	0	0	0	0	0	0	0	0	0	0	0	0	0	0	0	0	0	0	0	0	0	0	0	0	0	0	0	0	546	1358	134	1128	0	0	0	0	0	0	0	0	0	0	0	0	0	0	0	0	0	0	0	0	0	0	0	0	0	0	0	0	0	0	0	0	0	0	0	0	0	0	0	0	0	0	
505836	Frontal_Mid_L	15900	396	65410	3726	1364	0	0	1004	4588	0	11526	472	32924	2132	8320	1784	666	0	12448	3700	264	264	17270	3772	320	0	670	140	13854	492	13006	3458	6946	3864	0	0	1004	100	0	0	0	0	90	0	0	0	0	0	0	0	148	0	118	0	326	0	712	0	0	0	92	0	0	0	0	0	0	0	0	0	6846	3878	5158	758	0	416	568	0	826	0	136	0	418	0	232	0	0	0	412	0	0	0	0	0	0	0	0	0	0	0	0	0	0	0	0	0	0	0	0	0	0	0	0	0	0	0	
357492	Frontal_Mid_R	146	8444	2046	47196	0	4648	1004	0	0	3550	130	9778	886	24468	402	6612	0	1384	4674	9912	338	466	1774	4016	0	0	248	840	964	8024	1498	5646	670	6848	0	0	0	1518	0	422	0	166	0	0	0	0	0	0	0	0	0	0	0	0	0	1218	0	86	0	0	0	0	0	0	0	0	0	0	0	0	2942	7612	898	6320	0	468	202	138	0	0	0	0	0	144	0	0	0	0	0	0	0	0	0	0	0	0	0	0	0	0	0	0	0	0	0	0	0	0	0	0	0	0	0	0	0	0	
111820	Frontal_Mid_Orb_L	0	0	5600	116	9148	0	4588	0	0	0	0	0	4412	0	14470	0	0	0	190	0	480	1146	218	0	1326	298	2444	424	3998	0	676	96	0	0	0	0	0	0	0	0	0	154	0	0	0	0	0	0	0	0	0	0	0	0	0	0	0	0	0	0	0	0	0	0	0	0	0	0	0	0	2060	1038	2706	0	0	0	140	0	0	0	0	0	182	0	0	0	0	0	0	0	0	0	0	0	0	0	0	0	0	0	0	0	0	0	0	0	0	0	0	0	0	0	0	0	0	0	
32056	Frontal_Mid_Orb_R	0	0	0	1126	0	5284	0	3550	0	0	0	0	0	706	0	4584	0	0	0	0	0	0	0	0	0	80	0	218	0	204	0	0	0	0	0	0	0	0	0	0	0	0	0	0	0	0	0	0	0	0	0	0	0	0	0	0	0	0	0	0	0	0	0	0	0	0	0	0	0	0	0	86	0	190	0	0	0	0	0	0	0	0	0	0	0	0	0	0	0	0	0	0	0	0	0	0	0	0	0	0	0	0	0	0	0	0	0	0	0	0	0	0	0	0	0	0	
356432	Frontal_Inf_Oper_L	26306	392	19778	664	0	0	11526	130	0	0	0	300	27898	1078	476	898	14368	0	16066	1130	0	0	0	0	0	0	0	0	27202	350	190	0	226	0	0	0	3138	0	0	0	0	0	0	0	0	0	0	0	0	0	0	0	0	0	790	0	7526	0	0	0	152	0	0	0	0	0	0	0	92	0	2064	1252	1712	0	566	0	0	0	1542	0	4418	0	2504	0	1460	0	0	0	2022	0	0	0	0	0	0	0	0	0	0	0	0	0	0	0	0	0	0	0	0	0	0	0	0	0	0	0	
208292	Frontal_Inf_Oper_R	314	4116	142	10002	0	0	472	9778	0	0	300	0	180	16270	0	360	0	5192	524	14738	0	0	0	0	0	0	0	0	186	20338	244	360	0	1628	0	0	0	2400	0	358	0	132	0	0	0	0	0	0	0	0	0	0	0	0	0	2244	0	478	0	0	0	0	0	0	0	0	0	0	0	0	1168	2824	162	6740	0	100	0	0	0	0	0	394	0	1750	0	114	0	0	0	138	0	0	0	0	0	0	0	0	0	0	0	0	0	0	0	0	0	0	0	0	0	0	0	0	0	0	
424672	Frontal_Inf_Tri_L	10114	364	19910	1632	174	0	32924	886	4412	0	27898	180	0	740	19734	636	3200	0	9184	1310	230	498	818	160	0	0	678	166	42446	144	2102	486	1020	476	0	0	2322	0	0	0	0	78	0	0	0	0	0	0	0	0	0	0	0	0	640	0	3260	0	0	0	0	0	0	0	0	0	0	0	0	0	9228	2070	6200	208	412	0	690	0	462	0	1162	0	1288	0	320	0	0	0	1474	0	0	0	0	0	0	0	0	0	0	0	0	0	0	0	0	0	0	0	0	0	0	0	0	0	0	0	
302220	Frontal_Inf_Tri_R	1390	832	580	14270	0	386	2132	24468	0	706	1078	16270	740	0	226	21186	0	660	1616	11902	0	0	0	736	0	0	0	0	822	15416	638	1292	0	2236	0	0	0	698	0	0	0	0	0	0	0	0	0	0	0	0	0	0	0	0	0	600	0	0	0	0	0	0	0	0	0	0	0	0	0	0	4412	17512	358	7414	0	0	90	226	0	0	0	0	0	218	0	0	0	0	0	0	0	0	0	0	0	0	0	0	0	0	0	0	0	0	0	0	0	0	0	0	0	0	0	0	0	0	
217804	Frontal_Inf_Orb_L	0	212	7832	690	5716	86	8320	402	14470	0	476	0	19734	226	0	218	0	0	1300	486	2438	1504	0	86	0	0	2226	534	22088	100	534	218	0	112	0	0	0	0	1092	0	236	184	0	0	0	0	0	0	0	0	0	0	0	0	0	0	0	0	0	0	0	0	0	0	0	0	0	0	0	0	5720	1674	6736	126	0	0	220	0	0	0	0	0	2440	0	258	0	0	0	208	0	0	0	0	0	0	0	0	0	0	0	0	0	0	0	0	0	0	0	0	0	0	0	0	0	0	0	
208704	Frontal_Inf_Orb_R	1138	632	478	6584	0	3948	1784	6612	0	4584	898	360	636	21186	218	0	0	0	988	5032	150	1612	0	784	0	0	0	1166	720	13136	498	972	0	610	0	0	0	262	0	140	0	606	0	0	0	0	0	0	0	0	0	0	0	0	0	190	0	0	0	0	0	0	0	0	0	0	0	0	0	0	3764	16074	282	7394	0	0	90	222	0	0	0	0	0	482	0	0	0	0	0	120	0	0	0	0	0	0	0	0	0	0	0	0	0	0	0	0	0	0	0	0	0	0	0	0	0	0	
278696	Rolandic_Oper_L	12290	0	4958	0	0	0	666	0	0	0	14368	0	3200	0	0	0	0	0	8772	132	0	0	0	0	0	0	0	0	24694	0	0	0	198	0	0	0	1204	0	0	0	0	0	208	0	310	0	0	0	0	0	1746	0	340	0	1762	0	11410	0	378	0	1788	0	4126	0	1906	0	448	0	106	0	0	0	82	0	0	0	0	0	10710	0	15068	0	1452	0	11006	0	0	0	6020	0	0	0	0	0	0	0	0	0	0	0	0	0	0	0	0	0	0	0	0	0	0	0	0	0	0	0	
131624	Rolandic_Oper_R	0	2752	0	3036	0	0	0	1384	0	0	0	5192	0	660	0	0	0	0	0	4092	0	0	0	0	0	0	0	0	0	15222	0	0	0	0	0	0	0	2756	0	348	0	0	0	0	0	0	0	0	0	0	0	0	0	424	0	3020	0	5144	0	0	0	126	0	2510	0	0	0	484	0	0	120	418	84	3508	0	0	0	0	0	2532	0	7740	0	1144	0	1038	0	0	0	2078	0	0	0	0	0	0	0	0	0	0	0	0	0	0	0	0	0	0	0	0	0	0	0	0	0	0	
653584	Supp_Motor_Area_L	9548	1220	55296	17778	0	0	12448	4674	190	0	16066	524	9184	1616	1300	988	8772	0	0	43200	0	0	9622	8746	0	0	0	0	23058	590	7516	10084	15466	25760	1020	166	3576	0	0	0	90	0	0	0	0	0	0	0	0	0	0	0	0	0	342	0	4050	0	0	0	0	0	0	0	0	0	0	0	1884	718	6852	2546	13170	458	1742	0	0	0	1742	0	2340	0	1114	0	540	0	0	0	796	0	0	0	0	0	0	0	0	0	0	0	0	0	0	0	0	0	0	0	0	0	0	0	0	0	0	0	
960784	Supp_Motor_Area_R	13346	22934	12784	75568	0	0	3700	9912	0	0	1130	14738	1310	11902	486	5032	132	4092	43200	0	0	0	4904	10696	0	0	0	0	3220	17440	5806	14270	9072	55122	2294	1290	2052	4874	0	1224	0	512	0	138	114	0	0	374	0	0	0	0	0	112	478	3306	710	1188	0	0	0	0	0	0	0	0	356	1050	9222	15560	9432	33428	4694	16762	2228	2478	1480	21896	0	0	0	218	0	940	0	168	0	0	872	146	0	0	0	0	0	0	0	0	0	0	0	0	0	0	0	0	0	0	0	0	0	0	0	0	0	0	
103368	Olfactory_L	0	0	774	372	2022	464	264	338	480	0	0	0	230	0	2438	150	0	0	0	0	0	6740	110	194	602	488	5328	3070	2950	224	3202	1218	0	0	0	0	82	0	2002	0	1670	376	0	0	0	0	0	0	0	0	0	0	0	0	0	0	0	0	0	0	0	0	0	0	0	0	0	0	0	0	8556	3836	2124	182	0	0	0	0	0	0	0	0	1198	0	0	0	0	0	0	0	0	0	0	0	0	0	0	0	0	0	0	0	0	0	0	0	0	0	0	0	0	0	0	0	0	0	
117568	Olfactory_R	0	0	636	806	174	920	264	466	1146	0	0	0	498	0	1504	1612	0	0	0	0	6740	0	0	538	0	1340	4730	5586	560	3114	2266	2896	0	0	0	0	0	0	0	230	270	1846	0	0	0	0	0	0	0	0	0	0	0	0	0	0	0	0	0	0	0	0	0	0	0	0	0	0	0	0	8738	7996	2150	1266	0	0	0	0	0	0	0	0	0	492	0	0	0	0	0	0	0	0	0	0	0	0	0	0	0	0	0	0	0	0	0	0	0	0	0	0	0	0	0	0	0	0	
430896	Frontal_Sup_Medial_L	0	0	45046	11298	2940	0	17270	1774	218	0	0	0	818	0	0	0	0	0	9622	4904	110	0	0	28774	3212	490	1140	160	564	0	30140	20402	10206	19728	336	0	0	0	0	0	0	106	0	0	0	0	0	0	0	0	0	0	0	0	0	0	0	0	0	0	0	0	0	0	0	0	0	0	0	0	1772	2064	880	1474	0	0	0	0	0	0	0	0	0	0	0	0	0	0	0	0	0	0	0	0	0	0	0	0	0	0	0	0	0	0	0	0	0	0	0	0	0	0	0	0	0	0	
454376	Frontal_Sup_Medial_R	0	0	13064	38494	122	950	3772	4016	0	0	0	0	160	736	86	784	0	0	8746	10696	194	538	28774	0	1110	7880	200	4642	138	1300	14174	37502	3328	24282	0	0	0	0	0	0	0	388	0	0	0	0	0	0	0	0	0	0	0	0	0	0	0	0	0	0	0	0	0	0	0	0	0	0	0	0	528	10646	90	9848	0	0	0	0	0	0	0	0	0	0	0	0	0	0	0	0	0	0	0	0	0	0	0	0	0	0	0	0	0	0	0	0	0	0	0	0	0	0	0	0	0	0	
75464	Frontal_Med_Orb_L	0	0	3704	630	6122	188	320	0	1326	0	0	0	0	0	0	0	0	0	0	0	602	0	3212	1110	0	3348	5460	448	0	0	9012	1398	0	0	0	0	0	0	0	0	0	0	0	0	0	0	0	0	0	0	0	0	0	0	0	0	0	0	0	0	0	0	0	0	0	0	0	0	0	0	368	76	408	0	0	0	0	0	0	0	0	0	0	0	0	0	0	0	0	0	0	0	0	0	0	0	0	0	0	0	0	0	0	0	0	0	0	0	0	0	0	0	0	0	0	0	
106348	Frontal_Med_Orb_R	0	0	134	4950	980	4438	0	0	298	80	0	0	0	0	0	0	0	0	0	0	488	1340	490	7880	3348	0	1780	10618	0	0	3750	8836	0	0	0	0	0	0	0	0	0	192	0	0	0	0	0	0	0	0	0	0	0	0	0	0	0	0	0	0	0	0	0	0	0	0	0	0	0	0	258	1932	0	1382	0	0	0	0	0	0	0	0	0	0	0	0	0	0	0	0	0	0	0	0	0	0	0	0	0	0	0	0	0	0	0	0	0	0	0	0	0	0	0	0	0	0	
121088	Rectus_L	0	0	3744	364	5292	580	670	248	2444	0	0	0	678	0	2226	0	0	0	0	0	5328	4730	1140	200	5460	1780	0	3614	546	164	6990	1204	0	0	0	0	0	0	0	0	0	370	0	0	0	0	0	0	0	0	0	0	0	0	0	0	0	0	0	0	0	0	0	0	0	0	0	0	0	0	7122	3086	2410	154	0	0	0	0	0	0	0	0	0	0	0	0	0	0	0	0	0	0	0	0	0	0	0	0	0	0	0	0	0	0	0	0	0	0	0	0	0	0	0	0	0	0	
128036	Rectus_R	0	0	410	4592	140	6928	140	840	424	218	0	0	166	0	534	1166	0	0	0	0	3070	5586	160	4642	448	10618	3614	0	150	1056	1548	6518	0	0	0	0	0	0	0	0	0	1012	0	0	0	0	0	0	0	0	0	0	0	0	0	0	0	0	0	0	0	0	0	0	0	0	0	0	0	0	3082	4814	476	1666	0	0	0	0	0	0	0	0	0	0	0	0	0	0	0	0	0	0	0	0	0	0	0	0	0	0	0	0	0	0	0	0	0	0	0	0	0	0	0	0	0	0	
702656	Insula_L	18244	584	21788	3090	1976	0	13854	964	3998	0	27202	186	42446	822	22088	720	24694	0	23058	3220	2950	560	564	138	0	0	546	150	0	142	1840	412	1050	628	0	0	19530	320	1732	0	3996	0	408	0	190	0	102	0	0	0	796	0	526	0	5690	278	8120	0	228	0	612	0	468	0	336	0	376	0	162	0	8970	2382	22454	832	0	288	722	98	12648	0	11876	0	5372	0	9534	0	0	0	14368	0	0	0	0	0	0	0	0	0	0	0	0	0	0	0	0	0	0	0	0	0	0	0	0	0	0	0	
395836	Insula_R	370	2864	0	15076	0	1172	492	8024	0	204	350	20338	144	15416	100	13136	0	15222	590	17440	224	3114	0	1300	0	0	164	1056	142	0	88	182	0	516	0	0	0	9694	0	2238	0	4404	0	0	0	0	0	0	0	0	0	0	0	436	0	8178	0	1072	0	0	0	0	0	296	0	0	0	116	0	0	1288	6170	242	27856	88	128	0	0	0	1446	0	8534	0	3064	0	2076	0	168	0	2564	0	0	0	0	0	0	0	0	0	136	0	0	0	0	0	0	0	0	0	0	0	0	0	0	0	0	
438004	Cingulum_Ant_L	0	0	23556	9880	4832	320	13006	1498	676	0	190	244	2102	638	534	498	0	0	7516	5806	3202	2266	30140	14174	9012	3750	6990	1548	1840	88	0	29540	11582	12732	212	0	0	0	0	0	264	234	0	0	0	0	0	0	0	0	0	0	0	0	0	0	0	0	0	0	0	0	0	0	0	0	0	0	0	0	9656	5716	3180	1580	0	0	0	0	0	0	0	0	0	0	0	0	0	0	0	0	0	0	0	0	0	0	0	0	0	0	0	0	0	0	0	0	0	0	0	0	0	0	0	0	0	0	
526632	Cingulum_Ant_R	0	0	6706	34272	176	682	3458	5646	96	0	0	360	486	1292	218	972	0	0	10084	14270	1218	2896	20402	37502	1398	8836	1204	6518	412	182	29540	0	6426	33854	0	192	0	0	0	0	0	564	0	0	0	0	0	0	0	0	0	0	0	0	0	0	0	0	0	0	0	0	0	0	0	0	0	0	0	0	2698	18418	430	11762	0	146	0	0	0	0	0	0	0	0	0	0	0	0	0	0	0	0	0	0	0	0	0	0	0	0	0	0	0	0	0	0	0	0	0	0	0	0	0	0	0	0	
253536	Cingulum_Mid_L	346	0	8332	2816	0	0	6946	670	0	0	226	0	1020	0	0	0	198	0	15466	9072	0	0	10206	3328	0	0	0	0	1050	0	11582	6426	0	21710	7348	1304	126	0	0	0	0	0	562	132	978	0	0	376	118	0	1182	0	118	0	78	0	630	180	176	0	470	0	248	0	170	0	4624	1388	2802	828	994	384	382	134	0	0	0	0	0	0	552	0	0	0	630	0	0	0	364	0	0	0	0	0	0	0	0	0	0	0	0	0	0	0	0	0	0	0	0	0	96	0	0	0	0	0	
644860	Cingulum_Mid_R	6258	1800	11126	23048	0	0	3864	6848	0	0	0	1628	476	2236	112	610	0	0	25760	55122	0	0	19728	24282	0	0	0	0	628	516	12732	33854	21710	0	6126	9018	218	128	0	0	0	0	0	1688	366	996	0	2052	0	110	0	0	0	830	0	174	0	3426	0	0	0	0	0	0	0	0	2278	8896	8022	14590	2544	3406	542	1784	0	0	270	406	0	0	0	0	0	0	0	1040	0	0	0	360	0	0	0	0	0	0	0	0	0	0	0	0	0	0	0	0	0	0	0	0	822	0	0	0	0	0	
122616	Cingulum_Post_L	232	736	144	0	0	0	0	0	0	0	0	0	0	0	0	0	0	0	1020	2294	0	0	336	0	0	0	0	0	0	0	212	0	7348	6126	0	8824	1230	1120	0	228	0	0	1600	752	3164	1270	1106	122	182	76	528	0	0	0	248	0	642	1108	0	0	88	0	0	0	0	0	8666	4230	5140	1276	0	0	0	0	0	0	388	114	0	0	126	0	0	0	400	0	0	0	146	0	0	0	0	0	0	0	0	0	0	0	0	0	0	0	0	0	0	0	0	0	86	0	0	0	0	0	
197964	Cingulum_Post_R	146	4132	0	0	0	0	0	0	0	0	0	0	0	0	0	0	0	0	166	1290	0	0	0	0	0	0	0	0	0	0	0	192	1304	9018	8824	0	1556	3602	96	1022	0	0	82	6818	934	962	0	12018	0	182	110	142	0	340	0	682	0	8810	0	778	0	242	0	0	0	0	2232	20108	690	5552	0	0	0	0	0	0	978	180	0	0	0	0	0	0	104	724	0	0	0	942	0	0	0	0	0	0	0	182	0	0	0	0	0	0	0	0	0	0	0	0	3842	0	0	0	0	0	
262620	Hippocampus_L	15144	290	422	1496	0	0	1004	0	0	0	3138	0	2322	0	0	0	1204	0	3576	2052	82	0	0	0	0	0	0	0	19530	0	0	0	126	218	1230	1556	0	2048	5836	902	6276	0	852	0	162	0	1506	226	0	0	1006	0	876	0	12044	312	2140	0	0	0	88	0	0	0	0	0	1086	354	1054	78	492	244	13670	558	1334	260	3274	332	2264	0	1388	0	438	0	1852	0	0	0	14666	0	0	0	0	0	0	0	192	110	0	0	0	0	0	0	0	0	0	0	0	0	0	0	0	0	0	0	
343520	Hippocampus_R	460	7278	0	7348	0	0	100	1518	0	0	0	2400	0	698	0	262	0	2756	0	4874	0	0	0	0	0	0	0	0	320	9694	0	0	0	128	1120	3602	2048	0	292	22470	0	11022	0	836	0	102	262	4108	0	0	0	352	0	772	158	35296	0	676	0	0	0	114	0	226	0	0	0	3868	282	0	914	936	770	20040	642	2042	1764	5776	0	372	0	2628	0	440	0	1780	0	78	188	4982	0	106	0	0	0	0	0	1498	0	1020	0	0	0	0	0	0	0	0	0	0	342	0	0	0	0	0	
70036	ParaHippocampal_L	748	0	0	0	1044	0	0	0	0	0	0	0	0	0	1092	0	0	0	0	0	2002	0	0	0	0	0	0	0	1732	0	0	0	0	0	0	96	5836	292	0	280	1170	0	286	0	0	0	4128	360	0	0	832	0	766	0	6568	110	0	0	0	0	0	0	0	0	0	0	2336	0	86	0	112	0	370	0	0	0	650	162	0	0	0	0	1256	0	194	0	248	0	310	0	250	0	0	0	192	80	530	112	546	0	0	0	0	0	0	0	0	0	0	242	0	0	0	0	0	0	
171108	ParaHippocampal_R	234	1298	0	1966	0	0	0	422	0	0	0	358	0	0	0	140	0	348	0	1224	0	230	0	0	0	0	0	0	0	2238	0	0	0	0	228	1022	902	22470	280	0	0	7198	0	222	0	0	214	3388	0	0	0	0	0	132	80	18252	0	0	0	0	0	0	0	0	0	0	0	1452	168	0	368	144	308	5496	278	1156	1080	3022	0	94	0	604	0	1286	0	162	0	722	0	856	0	536	0	0	0	90	0	2918	0	1860	0	0	0	0	0	0	0	0	0	0	108	0	0	0	0	0	
44184	Amygdala_L	0	0	0	0	368	0	0	0	0	0	0	0	0	0	236	0	0	0	90	0	1670	270	0	0	0	0	0	0	3996	0	264	0	0	0	0	0	6276	0	1170	0	0	0	0	0	0	0	0	0	0	0	0	0	0	0	2422	0	0	0	0	0	0	0	0	0	0	0	0	0	0	0	976	0	2070	0	0	0	90	0	0	0	0	0	530	0	104	0	0	0	1560	0	0	0	0	0	0	0	0	0	0	0	0	0	0	0	0	0	0	0	0	0	0	0	0	0	0	0	
102832	Amygdala_R	0	104	0	1008	0	634	0	166	154	0	0	132	78	0	184	606	0	0	0	512	376	1846	106	388	0	192	370	1012	0	4404	234	564	0	0	0	0	0	11022	0	7198	0	0	0	0	0	0	0	0	0	0	0	0	0	0	0	6948	0	0	0	0	0	0	0	0	0	0	0	0	0	0	1054	2480	368	5388	122	0	0	432	0	0	0	0	0	1780	0	112	0	630	0	642	0	0	0	0	0	0	0	76	0	94	0	0	0	0	0	0	0	0	0	0	0	0	0	0	0	0	
253780	Calcarine_L	336	0	0	0	0	0	90	0	0	0	0	0	0	0	0	0	208	0	0	0	0	0	0	0	0	0	0	0	408	0	0	0	562	0	1600	82	852	0	286	0	0	0	0	5862	17904	3642	12058	3056	9280	1264	20450	0	7880	0	6842	104	1328	0	278	0	728	0	200	0	520	0	19804	1948	0	76	0	0	0	0	0	0	0	0	1282	0	714	0	0	0	4320	0	0	0	1268	0	128	0	0	0	0	0	0	0	616	80	0	0	0	0	0	0	0	0	0	0	358	476	0	0	0	0	
356348	Calcarine_R	0	1028	0	0	0	0	0	0	0	0	0	0	0	0	0	0	0	0	0	138	0	0	0	0	0	0	0	0	0	0	0	0	132	1688	752	6818	0	836	0	222	0	0	5862	0	4922	23904	2108	24446	408	17958	448	4606	112	9830	0	5506	0	7744	0	4842	0	2784	0	0	0	160	4066	34688	0	2266	0	0	0	0	0	0	0	0	0	0	0	0	0	0	0	2830	0	0	0	2988	0	0	0	0	0	0	0	98	0	0	0	0	0	0	0	0	0	0	0	0	3984	0	0	0	0	0	
269864	Cuneus_L	186	0	0	0	0	0	0	0	0	0	0	0	0	0	0	0	310	0	0	114	0	0	0	0	0	0	0	0	190	0	0	0	978	366	3164	934	162	0	0	0	0	0	17904	4922	0	8806	3172	888	24852	3110	21114	192	1934	0	2332	0	1124	114	668	100	482	0	368	0	426	0	22968	5278	88	174	0	0	0	0	0	0	0	0	720	0	1150	0	0	0	4430	0	0	0	1212	0	0	0	0	0	0	0	0	0	0	0	0	0	0	0	0	0	0	0	0	0	0	0	0	0	0	0	
273180	Cuneus_R	0	356	0	0	0	0	0	0	0	0	0	0	0	0	0	0	0	0	0	0	0	0	0	0	0	0	0	0	0	0	0	0	0	996	1270	962	0	102	0	0	0	0	3642	23904	8806	0	336	5752	1422	28920	662	5598	0	1996	0	1456	0	1314	276	6034	0	1260	0	0	0	550	9056	28452	0	102	0	0	0	0	0	0	0	0	0	0	0	0	0	0	0	2536	0	0	0	626	0	0	0	0	0	0	0	0	0	0	0	0	0	0	0	0	0	0	0	0	204	0	0	0	0	0	
248880	Lingual_L	110	0	0	0	0	0	0	0	0	0	0	0	0	0	0	0	0	0	0	0	0	0	0	0	0	0	0	0	102	0	0	0	0	0	1106	0	1506	262	4128	214	0	0	12058	2108	3172	336	0	4598	3650	316	15990	0	8262	0	17040	1136	124	0	0	0	0	0	0	0	84	0	7596	358	0	0	0	0	0	0	0	0	162	82	386	0	0	0	0	0	720	0	0	0	148	0	4226	1070	190	0	392	336	8902	2546	8450	2664	0	0	0	0	0	0	0	0	86	554	5100	4064	106	0	0	0	
328296	Lingual_R	0	1692	0	348	0	0	0	0	0	0	0	0	0	0	0	0	0	0	0	374	0	0	0	0	0	0	0	0	0	0	0	0	376	2052	122	12018	226	4108	360	3388	0	0	3056	24446	888	5752	4598	0	82	6006	426	1020	978	3936	2354	13752	0	4694	0	1082	0	420	0	0	0	0	1226	21128	0	3010	0	82	0	0	0	0	142	892	0	0	0	0	0	0	0	978	0	0	0	1246	1808	1032	208	0	82	0	3190	6864	4442	4012	0	0	0	0	0	210	0	0	0	90	10182	3988	94	0	212	476	
191472	Occipital_Sup_L	0	0	0	0	0	0	0	0	0	0	0	0	0	0	0	0	0	0	0	0	0	0	0	0	0	0	0	0	0	0	0	0	118	0	182	0	0	0	0	0	0	0	9280	408	24852	1422	3650	82	0	338	26948	0	1592	0	1164	0	84	0	4676	0	676	0	0	0	480	0	15832	2540	0	0	0	0	0	0	0	0	0	0	0	0	164	0	0	0	954	0	0	0	130	0	82	0	0	0	0	0	0	0	82	0	0	0	0	0	0	0	0	0	0	0	0	0	0	0	0	0	
228784	Occipital_Sup_R	0	0	0	0	0	0	0	0	0	0	0	0	0	0	0	0	0	0	0	0	0	0	0	0	0	0	0	0	0	0	0	0	0	110	76	182	0	0	0	0	0	0	1264	17958	3110	28920	316	6006	338	0	266	17958	0	2324	0	1604	0	84	0	7576	0	994	0	0	0	3512	2976	16948	0	0	0	0	0	0	0	0	0	0	0	0	0	0	0	0	0	1520	0	0	0	350	0	0	0	0	0	0	0	0	0	0	0	0	0	0	0	0	0	0	0	0	0	0	0	0	0	0	
485912	Occipital_Mid_L	880	0	0	0	0	0	148	0	0	0	0	0	0	0	0	0	1746	0	0	0	0	0	0	0	0	0	0	0	796	0	0	0	1182	0	528	110	1006	0	832	0	0	0	20450	448	21114	662	15990	426	26948	266	0	0	28736	0	19388	0	3676	0	7918	0	9092	0	1358	0	14894	0	18762	1972	92	0	0	0	0	0	0	0	0	0	2398	0	3906	0	0	0	25590	0	0	0	7646	0	548	80	0	0	0	0	146	0	1514	198	0	0	0	0	0	0	0	0	0	0	512	998	0	0	0	0	
153356	Occipital_Mid_R	0	0	0	0	0	0	0	0	0	0	0	0	0	0	0	0	0	0	0	0	0	0	0	0	0	0	0	0	0	0	0	0	0	0	0	142	0	352	0	0	0	0	0	4606	192	5598	0	1020	0	17958	0	0	0	5212	0	1698	0	256	0	3974	0	6112	0	412	0	14640	170	4464	0	0	0	0	0	0	0	0	0	0	0	0	0	272	0	0	0	7758	0	0	0	1842	0	0	0	0	0	0	0	0	0	0	0	0	0	0	0	0	0	0	0	0	0	0	0	0	0	0	
202544	Occipital_Inf_L	626	0	0	0	0	0	118	0	0	0	0	0	0	0	0	0	340	0	0	0	0	0	0	0	0	0	0	0	526	0	0	0	118	0	0	0	876	0	766	0	0	0	7880	112	1934	0	8262	978	1592	0	28736	0	0	0	19884	176	970	0	102	0	296	0	204	0	602	0	1318	0	0	0	0	0	0	0	0	0	0	0	1470	0	480	0	0	0	7182	0	0	0	5524	0	1456	156	0	0	0	0	862	348	3452	522	0	0	0	0	0	0	0	0	0	0	1296	2022	86	0	0	0	
159756	Occipital_Inf_R	0	894	0	0	0	0	0	0	0	0	0	0	0	0	0	0	0	424	0	112	0	0	0	0	0	0	0	0	0	436	0	0	0	830	0	340	0	772	0	132	0	0	0	9830	0	1996	0	3936	0	2324	0	5212	0	0	0	11636	0	2398	0	1036	0	1520	0	138	0	1314	490	7620	0	354	0	0	0	0	0	0	0	0	0	132	0	864	0	0	0	11718	0	0	0	13160	0	108	0	0	0	0	0	0	0	0	0	0	0	0	0	0	0	0	0	0	152	0	0	0	0	0	
454708	Fusiform_L	2910	0	0	518	0	0	326	0	0	0	790	0	640	0	0	0	1762	0	342	478	0	0	0	0	0	0	0	0	5690	0	0	0	78	0	248	0	12044	158	6568	80	2422	0	6842	0	2332	0	17040	2354	1164	0	19388	0	19884	0	0	1042	2876	0	0	0	276	0	138	0	422	0	4256	0	456	0	0	92	694	234	0	134	398	0	5968	0	2108	0	2602	0	11146	0	1442	0	20418	0	15424	1212	528	0	278	0	12394	1236	24570	2516	0	0	420	0	200	0	0	0	0	90	4536	4850	340	0	0	0	
445996	Fusiform_R	138	1832	0	3516	0	0	0	1218	0	0	0	2244	0	600	0	190	0	3020	0	3306	0	0	0	0	0	0	0	0	278	8178	0	0	0	174	0	682	312	35296	110	18252	0	6948	104	5506	0	1456	1136	13752	0	1604	0	1698	176	11636	1042	0	0	980	0	204	0	372	0	360	0	366	0	2924	80	106	488	690	374	15216	274	1184	316	1320	0	410	0	3334	0	3918	0	5664	0	2634	148	16606	974	7906	0	0	0	386	1758	8724	1856	12460	0	0	0	0	0	0	0	0	0	100	4358	1916	188	0	0	0	
296020	Postcentral_L	32356	132	1100	398	0	0	712	0	0	0	7526	0	3260	0	0	0	11410	0	4050	710	0	0	0	0	0	0	0	0	8120	0	0	0	630	0	642	0	2140	0	0	0	0	0	1328	0	1124	0	124	0	84	0	3676	0	970	0	2876	0	0	0	6722	0	16520	0	9226	0	2172	0	6616	100	1872	0	400	308	724	102	118	0	334	0	3492	0	5726	0	0	0	7050	0	0	0	3160	0	0	0	0	0	0	0	0	0	0	0	0	0	0	0	0	0	0	0	0	0	0	0	0	0	0	0	
267200	Postcentral_R	0	24452	0	126	0	0	0	86	0	0	0	478	0	0	0	0	0	5144	0	1188	0	0	0	0	0	0	0	0	0	1072	0	0	180	3426	1108	8810	0	676	0	0	0	0	0	7744	114	1314	0	4694	0	84	0	256	0	2398	0	980	0	0	0	8418	0	5926	0	9808	0	1224	316	17660	0	7884	82	0	0	366	0	0	0	0	0	378	0	1526	0	0	0	8136	0	0	0	6722	0	0	0	0	0	0	0	0	0	0	0	0	0	0	0	0	0	0	0	0	824	0	0	0	0	0	
106608	Parietal_Sup_L	326	0	0	0	0	0	0	0	0	0	0	0	0	0	0	0	378	0	0	0	0	0	0	0	0	0	0	0	228	0	0	0	176	0	0	0	0	0	0	0	0	0	278	0	668	276	0	0	4676	0	7918	0	102	0	0	0	6722	0	0	0	10574	0	602	0	2396	0	16352	538	314	0	0	0	0	0	0	0	0	0	78	0	350	0	0	0	258	0	0	0	94	0	0	0	0	0	0	0	0	0	0	0	0	0	0	0	0	0	0	0	0	0	0	0	0	0	0	0	
142888	Parietal_Sup_R	0	306	0	0	0	0	0	0	0	0	0	0	0	0	0	0	0	0	0	0	0	0	0	0	0	0	0	0	0	0	0	0	0	0	0	778	0	0	0	0	0	0	0	4842	100	6034	0	1082	0	7576	0	3974	0	1036	0	204	0	8418	0	0	0	11100	0	2022	0	4930	276	16974	0	0	0	0	0	0	0	0	0	0	0	0	0	0	0	0	0	894	0	0	0	478	0	0	0	0	0	0	0	0	0	0	0	0	0	0	0	0	0	0	0	0	420	0	0	0	0	0	
184100	Parietal_Inf_L	3426	0	0	0	0	0	92	0	0	0	152	0	0	0	0	0	1788	0	0	0	0	0	0	0	0	0	0	0	612	0	0	0	470	0	88	0	88	0	0	0	0	0	728	0	482	0	0	0	676	0	9092	0	296	0	276	0	16520	0	10574	0	0	0	13960	0	17054	0	3364	0	104	0	0	0	0	0	0	0	0	0	312	0	3606	0	0	0	4832	0	0	0	3458	0	0	0	0	0	0	0	0	0	0	0	0	0	0	0	0	0	0	0	0	0	0	0	0	0	0	0	
134184	Parietal_Inf_R	0	606	0	0	0	0	0	0	0	0	0	0	0	0	0	0	0	126	0	0	0	0	0	0	0	0	0	0	0	0	0	0	0	0	0	242	0	114	0	0	0	0	0	2784	0	1260	0	420	0	994	0	6112	0	1520	0	372	0	5926	0	11100	0	0	0	7782	0	15828	0	5294	0	0	0	0	0	86	0	0	0	0	0	0	0	808	0	0	0	3662	0	0	0	1978	0	0	0	0	0	0	0	0	0	0	0	0	0	0	0	0	0	0	0	0	78	0	0	0	0	0	
148616	SupraMarginal_L	1406	0	0	0	0	0	0	0	0	0	0	0	0	0	0	0	4126	0	0	0	0	0	0	0	0	0	0	0	468	0	0	0	248	0	0	0	0	0	0	0	0	0	200	0	368	0	0	0	0	0	1358	0	204	0	138	0	9226	0	602	0	13960	0	0	0	10274	0	452	0	0	0	0	0	0	0	0	0	0	0	270	0	12688	0	0	0	12230	0	0	0	6090	0	0	0	0	0	0	0	0	0	0	0	0	0	0	0	0	0	0	0	0	0	0	0	0	0	0	0	
79072	SupraMarginal_R	0	1596	0	0	0	0	0	0	0	0	0	0	0	0	0	0	0	2510	0	0	0	0	0	0	0	0	0	0	0	296	0	0	0	0	0	0	0	226	0	0	0	0	0	0	0	0	0	0	0	0	0	412	0	138	0	360	0	9808	0	2022	0	7782	0	0	0	4748	0	126	0	0	0	0	0	222	0	0	0	0	0	134	0	3214	0	0	0	2960	0	0	0	2982	0	0	0	0	0	0	0	0	0	0	0	0	0	0	0	0	0	0	0	0	0	0	0	0	0	0	
153272	Angular_L	1196	0	0	0	0	0	0	0	0	0	0	0	0	0	0	0	1906	0	0	0	0	0	0	0	0	0	0	0	336	0	0	0	170	0	0	0	0	0	0	0	0	0	520	0	426	0	84	0	480	0	14894	0	602	0	422	0	2172	0	2396	0	17054	0	10274	0	0	0	1216	0	0	0	0	0	0	0	0	0	0	0	352	0	6458	0	0	0	11776	0	0	0	3902	0	0	0	0	0	0	0	0	0	0	0	0	0	0	0	0	0	0	0	0	0	0	0	0	0	0	0	
119956	Angular_R	0	112	0	0	0	0	0	0	0	0	0	0	0	0	0	0	0	0	0	0	0	0	0	0	0	0	0	0	0	0	0	0	0	0	0	0	0	0	0	0	0	0	0	160	0	550	0	0	0	3512	0	14640	0	1314	0	366	0	1224	0	4930	0	15828	0	4748	0	0	0	1526	0	0	0	0	0	0	0	0	0	0	0	0	0	3270	0	0	0	6484	0	0	0	1314	0	0	0	0	0	0	0	0	0	0	0	0	0	0	0	0	0	0	0	0	0	0	0	0	0	0	
375688	Precuneus_L	324	126	0	0	0	0	0	0	0	0	0	0	0	0	0	0	448	0	0	356	0	0	0	0	0	0	0	0	376	0	0	0	4624	2278	8666	2232	1086	0	2336	0	0	0	19804	4066	22968	9056	7596	1226	15832	2976	18762	170	1318	490	4256	0	6616	316	16352	276	3364	0	452	0	1216	0	0	15940	2950	426	0	0	0	0	0	0	0	0	1124	0	1330	0	0	0	3482	688	0	0	1358	228	0	0	0	0	0	0	94	0	90	0	0	0	0	0	0	0	0	0	0	0	170	0	0	0	0	0	
513260	Precuneus_R	0	4068	0	0	0	0	0	0	0	0	0	0	0	0	0	0	0	484	0	1050	0	0	0	0	0	0	0	0	0	116	0	0	1388	8896	4230	20108	354	3868	0	1452	0	0	1948	34688	5278	28452	358	21128	2540	16948	1972	4464	0	7620	0	2924	100	17660	538	16974	0	5294	0	126	0	1526	15940	0	148	7414	0	0	0	0	0	0	122	200	0	118	130	404	0	0	170	6476	0	0	86	4076	0	0	0	0	0	0	0	384	0	0	0	0	0	0	0	0	0	0	0	0	4410	0	0	0	0	0	
139772	Paracentral_Lobule_L	17368	522	554	388	0	0	0	0	0	0	92	0	0	0	0	0	106	0	1884	9222	0	0	0	0	0	0	0	0	162	0	0	0	2802	8022	5140	690	1054	282	86	168	0	0	0	0	88	0	0	0	0	0	92	0	0	0	456	80	1872	0	314	0	104	0	0	0	0	0	2950	148	0	6042	1284	182	286	0	356	0	5498	780	98	0	0	0	0	0	370	0	0	0	344	0	0	0	0	0	0	0	0	0	0	0	0	0	0	0	0	0	0	0	0	0	0	0	0	0	0	0	
161528	Paracentral_Lobule_R	4394	3954	0	0	0	0	0	0	0	0	0	0	0	0	0	0	0	0	718	15560	0	0	0	0	0	0	0	0	0	0	0	0	828	14590	1276	5552	78	0	0	0	0	0	76	2266	174	102	0	3010	0	0	0	0	0	354	0	106	0	7884	0	0	0	0	0	0	0	0	426	7414	6042	0	1846	918	0	0	148	0	804	1450	0	0	0	0	0	0	0	156	0	0	0	122	0	0	0	0	0	0	0	0	0	0	0	0	0	0	0	0	0	0	0	0	516	0	0	0	0	0	
380148	Caudate_L	5048	1636	6050	6334	890	546	6846	2942	2060	0	2064	1168	9228	4412	5720	3764	0	120	6852	9432	8556	8738	1772	528	368	258	7122	3082	8970	1288	9656	2698	994	2544	0	0	492	914	112	368	976	1054	0	0	0	0	0	0	0	0	0	0	0	0	0	488	400	82	0	0	0	0	0	0	0	0	0	0	1284	1846	0	14574	20476	2902	3958	460	7742	260	0	0	0	0	0	0	0	0	0	0	0	0	0	0	0	0	0	0	0	0	0	0	0	0	0	0	0	0	0	0	0	0	0	0	0	0	0	0	
563064	Caudate_R	2912	10480	1814	34302	116	1358	3878	7612	1038	86	1252	2824	2070	17512	1674	16074	0	418	2546	33428	3836	7996	2064	10646	76	1932	3086	4814	2382	6170	5716	18418	384	3406	0	0	244	936	0	144	0	2480	0	0	0	0	0	82	0	0	0	0	0	0	92	690	308	0	0	0	0	0	0	0	0	0	0	0	182	918	14574	0	3010	26410	708	2080	312	15610	0	0	0	0	0	230	0	0	0	0	202	0	0	0	0	0	0	0	0	0	0	0	0	0	0	0	0	0	0	0	0	0	0	0	0	0	0	0	
322636	Putamen_L	8784	836	9724	3646	1374	134	5158	898	2706	0	1712	162	6200	358	6736	282	82	84	13170	4694	2124	2150	880	90	408	0	2410	476	22454	242	3180	430	382	542	0	0	13670	770	370	308	2070	368	0	0	0	0	0	0	0	0	0	0	0	0	694	374	724	0	0	0	0	0	0	0	0	0	0	0	286	0	20476	3010	0	1964	7642	348	2406	82	0	0	584	0	282	0	124	0	0	0	2258	0	0	0	0	0	0	0	0	0	0	0	0	0	0	0	0	0	0	0	0	0	0	0	0	0	0	0	
464364	Putamen_R	588	2988	616	27282	0	1128	758	6320	0	190	0	6740	208	7414	126	7394	0	3508	458	16762	182	1266	1474	9848	0	1382	154	1666	832	27856	1580	11762	134	1784	0	0	558	20040	0	5496	0	5388	0	0	0	0	0	0	0	0	0	0	0	0	234	15216	102	366	0	0	0	86	0	222	0	0	0	0	0	0	2902	26410	1964	0	1386	3766	0	1298	0	90	0	1230	0	480	0	400	0	0	444	1418	0	0	0	0	0	0	0	88	0	198	0	0	0	0	0	0	0	0	0	0	0	0	0	0	0	0	
55924	Pallidum_L	1570	128	90	2014	0	0	0	0	0	0	566	0	412	0	0	0	0	0	1742	2228	0	0	0	0	0	0	0	0	0	88	0	0	0	0	0	0	1334	642	0	278	0	122	0	0	0	0	0	0	0	0	0	0	0	0	0	274	118	0	0	0	0	0	0	0	0	0	0	0	356	148	3958	708	7642	1386	0	252	1906	0	0	0	0	0	0	0	0	0	0	0	0	0	0	0	0	0	0	0	0	0	0	0	0	0	0	0	0	0	0	0	0	0	0	0	0	0	0	0	
39776	Pallidum_R	478	610	0	2546	0	0	416	468	0	0	0	100	0	0	0	0	0	0	0	2478	0	0	0	0	0	0	0	0	288	128	0	146	0	0	0	0	260	2042	0	1156	0	0	0	0	0	0	0	0	0	0	0	0	0	0	134	1184	0	0	0	0	0	0	0	0	0	0	0	0	0	0	460	2080	348	3766	252	0	0	230	0	0	0	0	0	0	0	0	0	0	196	0	0	0	0	0	0	0	0	0	0	122	0	0	0	0	0	0	0	0	0	0	0	0	0	0	0	0	
105952	Thalamus_L	14546	1250	94	820	0	0	568	202	140	0	0	0	690	90	220	90	0	0	0	1480	0	0	0	0	0	0	0	0	722	0	0	0	0	270	388	978	3274	1764	650	1080	90	0	0	0	0	0	162	142	0	0	0	0	0	0	398	316	334	0	0	0	0	0	0	0	0	0	0	122	5498	804	7742	312	2406	0	1906	0	0	2836	0	0	0	0	0	0	0	0	0	0	448	0	0	0	0	0	0	0	0	144	0	0	0	0	0	0	0	0	0	0	0	0	0	0	0	0	0	0	
208072	Thalamus_R	1062	23254	0	21072	0	0	0	138	0	0	0	0	0	226	0	222	0	0	0	21896	0	0	0	0	0	0	0	0	98	0	0	0	0	406	114	180	332	5776	162	3022	0	432	0	0	0	0	82	892	0	0	0	0	0	0	0	1320	0	0	0	0	0	0	0	0	0	0	0	200	780	1450	260	15610	82	1298	0	230	2836	0	0	0	0	0	0	0	0	0	0	0	0	0	0	0	0	0	0	0	0	446	0	158	0	0	0	0	0	0	0	0	0	0	0	0	0	0	0	0	
161648	Heschl_L	7086	0	512	0	0	0	826	0	0	0	1542	0	462	0	0	0	10710	0	1742	0	0	0	0	0	0	0	0	0	12648	0	0	0	0	0	0	0	2264	0	0	0	0	0	1282	0	720	0	386	0	0	0	2398	0	1470	0	5968	0	3492	0	78	0	312	0	270	0	352	0	1124	0	98	0	0	0	0	0	0	0	0	0	0	0	6650	0	100	0	9228	0	0	0	9104	0	0	0	0	0	0	0	0	0	0	0	0	0	0	0	0	0	0	0	0	0	0	0	0	0	0	0	
20196	Heschl_R	0	104	0	0	0	0	0	0	0	0	0	0	0	0	0	0	0	2532	0	0	0	0	0	0	0	0	0	0	0	1446	0	0	0	0	0	0	0	372	0	94	0	0	0	0	0	0	0	0	0	0	0	0	0	132	0	410	0	378	0	0	0	0	0	134	0	0	0	118	0	0	0	0	0	90	0	0	0	0	0	0	0	2860	0	0	0	678	0	0	0	750	0	0	0	0	0	0	0	0	0	0	0	0	0	0	0	0	0	0	0	0	0	0	0	0	0	0	
273260	Temporal_Sup_L	2924	0	1280	0	0	0	136	0	0	0	4418	0	1162	0	0	0	15068	0	2340	0	0	0	0	0	0	0	0	0	11876	0	0	0	552	0	126	0	1388	0	0	0	0	0	714	0	1150	0	0	0	164	0	3906	0	480	0	2108	0	5726	0	350	0	3606	0	12688	0	6458	0	1330	130	0	0	0	0	584	0	0	0	0	0	6650	0	0	0	3866	0	31278	0	0	0	14172	0	0	0	0	0	0	0	0	0	0	0	0	0	0	0	0	0	0	0	0	0	0	0	0	0	0	0	
126884	Temporal_Sup_R	0	130	0	128	0	0	0	0	0	0	0	394	0	0	0	0	0	7740	0	218	0	0	0	0	0	0	0	0	0	8534	0	0	0	0	0	0	0	2628	0	604	0	0	0	0	0	0	0	0	0	0	0	272	0	864	0	3334	0	1526	0	0	0	808	0	3214	0	3270	0	404	0	0	0	0	0	1230	0	0	0	0	0	2860	0	0	0	2122	0	15904	0	172	0	7086	0	0	0	0	0	0	0	0	0	0	0	0	0	0	0	0	0	0	0	0	0	0	0	0	0	0	
105756	Temporal_Pole_Sup_L	126	0	1288	0	590	0	418	0	182	0	2504	0	1288	0	2440	0	1452	0	1114	0	1198	0	0	0	0	0	0	0	5372	0	0	0	0	0	0	0	438	0	1256	0	530	0	0	0	0	0	0	0	0	0	0	0	0	0	2602	0	0	0	0	0	0	0	0	0	0	0	0	0	0	0	0	0	282	0	0	0	0	0	100	0	3866	0	0	0	11706	0	5302	0	8824	0	0	0	0	0	0	0	0	0	0	0	0	0	0	0	0	0	0	0	0	0	0	0	0	0	0	0	
63196	Temporal_Pole_Sup_R	0	0	0	700	0	0	0	144	0	0	0	1750	0	218	0	482	0	1144	0	940	0	492	0	0	0	0	0	0	0	3064	0	0	0	0	0	0	0	440	0	1286	0	1780	0	0	0	0	0	0	0	0	0	0	0	0	0	3918	0	0	0	0	0	0	0	0	0	0	0	0	0	0	0	230	0	480	0	0	0	0	0	0	0	2122	0	0	0	3384	0	4188	0	4836	0	0	0	0	0	0	0	0	0	0	0	0	0	0	0	0	0	0	0	0	0	0	0	0	0	0	
451396	Temporal_Mid_L	3032	0	462	0	0	0	232	0	0	0	1460	0	320	0	258	0	11006	0	540	0	0	0	0	0	0	0	0	0	9534	0	0	0	630	0	400	104	1852	0	194	0	104	0	4320	0	4430	0	720	0	954	0	25590	0	7182	0	11146	0	7050	0	258	0	4832	0	12230	0	11776	0	3482	170	370	0	0	0	124	0	0	0	0	0	9228	0	31278	0	11706	0	0	0	4562	0	44064	0	0	0	0	0	0	0	0	0	98	0	0	0	0	0	0	0	0	0	0	0	0	0	0	0	0	0	
260908	Temporal_Mid_R	0	2608	0	0	0	0	0	0	0	0	0	114	0	0	0	0	0	1038	0	168	0	0	0	0	0	0	0	0	0	2076	0	0	0	1040	0	724	0	1780	0	162	0	112	0	2830	0	2536	0	978	0	1520	0	7758	0	11718	0	5664	0	8136	0	894	0	3662	0	2960	0	6484	688	6476	0	156	0	0	0	400	0	0	0	0	0	678	0	15904	0	3384	0	0	0	1680	0	36126	0	0	0	0	0	0	0	0	0	0	0	0	0	0	0	0	0	0	0	0	0	0	0	0	0	0	
33688	Temporal_Pole_Mid_L	0	0	0	0	0	0	0	0	0	0	0	0	0	0	0	0	0	0	0	0	0	0	0	0	0	0	0	0	0	0	0	0	0	0	0	0	0	0	248	0	0	0	0	0	0	0	0	0	0	0	0	0	0	0	1442	0	0	0	0	0	0	0	0	0	0	0	0	0	0	0	0	0	0	0	0	0	0	0	0	0	0	0	5302	0	4562	0	0	0	5290	0	0	0	0	0	0	0	0	0	0	0	0	0	0	0	0	0	0	0	0	0	0	0	0	0	0	0	
28660	Temporal_Pole_Mid_R	0	0	0	0	0	0	0	0	0	0	0	0	0	0	0	0	0	0	0	0	0	0	0	0	0	0	0	0	0	168	0	0	0	0	0	0	0	78	0	722	0	630	0	0	0	0	0	0	0	0	0	0	0	0	0	2634	0	0	0	0	0	0	0	0	0	0	0	0	0	0	0	0	0	0	0	0	0	0	0	0	0	172	0	4188	0	1680	0	0	0	4058	0	0	0	0	0	0	0	0	0	0	0	0	0	0	0	0	0	0	0	0	0	0	0	0	0	0	
390656	Temporal_Inf_L	5508	112	116	888	0	0	412	0	0	0	2022	0	1474	0	208	0	6020	0	796	872	0	0	0	0	0	0	0	0	14368	0	0	0	364	0	146	0	14666	188	310	0	1560	0	1268	0	1212	0	148	0	130	0	7646	0	5524	0	20418	148	3160	0	94	0	3458	0	6090	0	3902	0	1358	86	344	0	0	202	2258	444	0	196	448	0	9104	0	14172	0	8824	0	44064	0	5290	0	0	0	2494	0	264	0	0	0	650	0	1444	0	0	0	320	0	0	0	0	0	0	0	138	0	0	0	0	0	
265744	Temporal_Inf_R	0	2104	0	0	0	0	0	0	0	0	0	138	0	0	0	120	0	2078	0	146	0	0	0	0	0	0	0	0	0	2564	0	0	0	360	0	942	0	4982	0	856	0	642	0	2988	0	626	0	1246	0	350	0	1842	0	13160	0	16606	0	6722	0	478	0	1978	0	2982	0	1314	228	4076	0	122	0	0	0	1418	0	0	0	0	0	750	0	7086	0	4836	0	36126	0	4058	0	0	0	3258	0	98	0	876	0	1556	0	2356	0	0	0	222	0	0	0	0	0	174	408	0	0	0	0	0	
422668	Cerebelum_Crus1_L	0	0	0	0	0	0	0	0	0	0	0	0	0	0	0	0	0	0	0	0	0	0	0	0	0	0	0	0	0	0	0	0	0	0	0	0	0	0	250	0	0	0	128	0	0	0	4226	1808	82	0	548	0	1456	0	15424	974	0	0	0	0	0	0	0	0	0	0	0	0	0	0	0	0	0	0	0	0	0	0	0	0	0	0	0	0	0	0	0	0	2494	0	0	7800	23806	2816	1742	248	25396	1696	54142	8022	8426	262	15060	530	4398	284	312	0	146	928	8408	10786	6878	654	788	416	
359748	Cerebelum_Crus1_R	0	0	0	0	0	0	0	0	0	0	0	0	0	0	0	0	0	0	0	0	0	0	0	0	0	0	0	0	0	0	0	0	0	0	0	0	0	106	0	536	0	0	0	0	0	0	1070	1032	0	0	80	0	156	108	1212	7906	0	0	0	0	0	0	0	0	0	0	0	0	0	0	0	0	0	0	0	0	0	0	0	0	0	0	0	0	0	0	0	0	0	3258	7800	0	1834	19506	494	6140	2744	17514	7314	43544	170	1790	182	13512	686	2292	0	140	974	2720	10050	12472	8118	2446	1646	322	
252408	Cerebelum_Crus2_L	0	0	0	0	0	0	0	0	0	0	0	0	0	0	0	0	0	0	0	0	0	0	0	0	0	0	0	0	0	0	0	0	0	0	0	0	0	0	0	0	0	0	0	0	0	0	190	208	0	0	0	0	0	0	528	0	0	0	0	0	0	0	0	0	0	0	0	0	0	0	0	0	0	0	0	0	0	0	0	0	0	0	0	0	0	0	0	0	264	0	23806	1834	0	8392	158	0	2198	78	6516	488	27564	3550	28292	2700	6270	110	252	0	0	0	436	1192	6988	3656	374	160	
236976	Cerebelum_Crus2_R	0	0	0	0	0	0	0	0	0	0	0	0	0	0	0	0	0	0	0	0	0	0	0	0	0	0	0	0	0	0	0	0	0	0	0	0	0	0	0	0	0	0	0	0	0	0	0	0	0	0	0	0	0	0	0	0	0	0	0	0	0	0	0	0	0	0	0	0	0	0	0	0	0	0	0	0	0	0	0	0	0	0	0	0	0	0	0	0	0	98	2816	19506	8392	0	342	568	542	968	872	4298	6408	17692	3372	25358	766	3986	0	288	624	758	622	2192	10806	5310	1690	214	
39280	Cerebelum_3_L	0	0	0	0	0	0	0	0	0	0	0	0	0	0	0	0	0	0	0	0	0	0	0	0	0	0	0	0	0	0	0	0	0	0	0	0	0	0	192	0	0	0	0	0	0	0	392	82	0	0	0	0	0	0	278	0	0	0	0	0	0	0	0	0	0	0	0	0	0	0	0	0	0	0	0	0	0	0	0	0	0	0	0	0	0	0	0	0	0	0	1742	494	158	342	0	498	5388	330	2318	570	124	0	232	0	108	170	0	0	902	2492	1374	782	212	326	134	0	
72312	Cerebelum_3_R	0	0	0	0	0	0	0	0	0	0	0	0	0	0	0	0	0	0	0	0	0	0	0	0	0	0	0	0	0	0	0	0	0	0	0	0	0	0	80	90	0	0	0	0	0	0	336	0	0	0	0	0	0	0	0	386	0	0	0	0	0	0	0	0	0	0	0	0	0	0	0	0	0	0	0	0	0	0	0	0	0	0	0	0	0	0	0	0	0	876	248	6140	0	568	498	0	998	6544	320	7700	0	0	0	236	0	984	0	0	602	3784	1600	1244	960	1064	898	0	
303592	Cerebelum_4_5_L	0	0	0	0	0	0	0	0	0	0	0	0	0	0	0	0	0	0	0	0	0	0	0	0	0	0	0	0	0	0	0	0	0	0	0	0	192	0	530	0	0	0	0	0	0	0	8902	3190	0	0	146	0	862	0	12394	1758	0	0	0	0	0	0	0	0	0	0	94	0	0	0	0	0	0	0	0	0	0	0	0	0	0	0	0	0	0	0	0	0	650	0	25396	2744	2198	542	5388	998	0	5900	37618	4696	886	0	2154	90	2254	690	266	0	830	3172	18962	5672	390	486	762	984	
232600	Cerebelum_4_5_R	0	86	0	104	0	0	0	0	0	0	0	0	0	0	0	0	0	0	0	0	0	0	0	0	0	0	0	0	0	0	0	0	0	0	0	182	110	1498	112	2918	0	76	0	98	0	0	2546	6864	0	0	0	0	348	0	1236	8724	0	0	0	0	0	0	0	0	0	0	0	384	0	0	0	0	0	88	0	0	144	446	0	0	0	0	0	0	0	0	0	0	0	1556	1696	17514	78	968	330	6544	5900	0	3090	26466	0	0	108	676	182	948	0	90	0	2480	15872	2736	822	874	796	610	
441116	Cerebelum_6_L	0	0	0	0	0	0	0	0	0	0	0	0	0	0	0	0	0	0	0	0	0	0	0	0	0	0	0	0	0	0	0	0	0	0	0	0	0	0	546	0	0	0	616	0	0	0	8450	4442	82	0	1514	0	3452	0	24570	1856	0	0	0	0	0	0	0	0	0	0	90	0	0	0	0	0	0	0	0	0	0	0	0	0	0	0	0	0	98	0	0	0	1444	0	54142	7314	6516	872	2318	320	37618	3090	0	10576	2844	0	6234	264	4170	312	386	0	162	1024	13668	15830	3876	406	966	490	
375228	Cerebelum_6_R	0	0	0	0	0	0	0	0	0	0	0	0	0	0	0	0	0	0	0	0	0	0	0	0	0	0	0	0	0	136	0	0	0	0	0	0	0	1020	0	1860	0	94	80	0	0	0	2664	4012	0	0	198	0	522	0	2516	12460	0	0	0	0	0	0	0	0	0	0	0	0	0	0	0	0	0	198	0	122	0	158	0	0	0	0	0	0	0	0	0	0	0	2356	8022	43544	488	4298	570	7700	4696	26466	10576	0	86	112	126	4196	762	2168	0	234	1076	3290	14446	16428	5030	2674	1934	296	
192456	Cerebelum_7b_L	0	0	0	0	0	0	0	0	0	0	0	0	0	0	0	0	0	0	0	0	0	0	0	0	0	0	0	0	0	0	0	0	0	0	0	0	0	0	0	0	0	0	0	0	0	0	0	0	0	0	0	0	0	0	0	0	0	0	0	0	0	0	0	0	0	0	0	0	0	0	0	0	0	0	0	0	0	0	0	0	0	0	0	0	0	0	0	0	0	0	8426	170	27564	6408	124	0	886	0	2844	86	0	3846	27224	3278	5660	0	596	0	0	182	218	152	4514	4050	0	0	
129244	Cerebelum_7b_R	0	0	0	0	0	0	0	0	0	0	0	0	0	0	0	0	0	0	0	0	0	0	0	0	0	0	0	0	0	0	0	0	0	0	0	0	0	0	0	0	0	0	0	0	0	0	0	0	0	0	0	0	0	0	0	0	0	0	0	0	0	0	0	0	0	0	0	0	0	0	0	0	0	0	0	0	0	0	0	0	0	0	0	0	0	0	0	0	0	0	262	1790	3550	17692	0	0	0	0	0	112	3846	0	3222	22518	384	4386	0	204	0	0	0	0	2312	4140	204	0	
238232	Cerebelum_8_L	0	0	0	0	0	0	0	0	0	0	0	0	0	0	0	0	0	0	0	0	0	0	0	0	0	0	0	0	0	0	0	0	0	0	0	0	0	0	0	0	0	0	0	0	0	0	0	0	0	0	0	0	0	0	420	0	0	0	0	0	0	0	0	0	0	0	0	0	0	0	0	0	0	0	0	0	0	0	0	0	0	0	0	0	0	0	0	0	320	0	15060	182	28292	3372	232	0	2154	108	6234	126	27224	3222	0	5430	14100	858	1102	0	0	190	218	194	2764	6132	1182	0	
207100	Cerebelum_8_R	0	0	0	0	0	0	0	0	0	0	0	0	0	0	0	0	0	0	0	0	0	0	0	0	0	0	0	0	0	0	0	0	0	0	0	0	0	0	0	0	0	0	0	0	0	0	0	0	0	0	0	0	0	0	0	0	0	0	0	0	0	0	0	0	0	0	0	0	0	0	0	0	0	0	0	0	0	0	0	0	0	0	0	0	0	0	0	0	0	222	530	13512	2700	25358	0	236	90	676	264	4196	3278	22518	5430	0	1590	10920	0	680	0	86	116	454	3706	6042	946	0	
106620	Cerebelum_9_L	0	0	0	0	0	0	0	0	0	0	0	0	0	0	0	0	0	0	0	0	0	0	0	0	0	0	0	0	0	0	0	0	0	0	0	0	0	0	0	0	0	0	0	0	0	0	0	0	0	0	0	0	0	0	200	0	0	0	0	0	0	0	0	0	0	0	0	0	0	0	0	0	0	0	0	0	0	0	0	0	0	0	0	0	0	0	0	0	0	0	4398	686	6270	766	108	0	2254	182	4170	762	5660	384	14100	1590	0	904	2532	0	102	86	1064	1632	1184	1980	1714	582	
104060	Cerebelum_9_R	0	0	0	0	0	0	0	0	0	0	0	0	0	0	0	0	0	0	0	0	0	0	0	0	0	0	0	0	0	0	0	0	0	0	0	0	0	0	0	0	0	0	0	0	0	0	0	210	0	0	0	0	0	0	0	0	0	0	0	0	0	0	0	0	0	0	0	0	0	0	0	0	0	0	0	0	0	0	0	0	0	0	0	0	0	0	0	0	0	0	284	2292	110	3986	170	984	690	948	312	2168	0	4386	858	10920	904	0	0	1210	706	720	798	3020	3948	4930	5674	1802	
10892	Cerebelum_10_L	0	0	0	0	0	0	0	0	0	0	0	0	0	0	0	0	0	0	0	0	0	0	0	0	0	0	0	0	0	0	0	0	0	0	0	0	0	0	0	0	0	0	0	0	0	0	0	0	0	0	0	0	0	0	0	0	0	0	0	0	0	0	0	0	0	0	0	0	0	0	0	0	0	0	0	0	0	0	0	0	0	0	0	0	0	0	0	0	0	0	312	0	252	0	0	0	266	0	386	0	596	0	1102	0	2532	0	0	0	0	0	0	0	0	0	0	0	
5692	Cerebelum_10_R	0	0	0	0	0	0	0	0	0	0	0	0	0	0	0	0	0	0	0	0	0	0	0	0	0	0	0	0	0	0	0	0	0	0	0	0	0	0	0	0	0	0	0	0	0	0	0	0	0	0	0	0	0	0	0	0	0	0	0	0	0	0	0	0	0	0	0	0	0	0	0	0	0	0	0	0	0	0	0	0	0	0	0	0	0	0	0	0	0	0	0	140	0	288	0	0	0	90	0	234	0	204	0	680	0	1210	0	0	0	0	0	0	0	0	0	0	
26816	Vermis_1_2	0	0	0	0	0	0	0	0	0	0	0	0	0	0	0	0	0	0	0	0	0	0	0	0	0	0	0	0	0	0	0	0	0	0	0	0	0	0	0	0	0	0	0	0	0	0	86	0	0	0	0	0	0	0	0	0	0	0	0	0	0	0	0	0	0	0	0	0	0	0	0	0	0	0	0	0	0	0	0	0	0	0	0	0	0	0	0	0	0	0	146	974	0	624	902	602	830	0	162	1076	0	0	0	0	102	706	0	0	0	3224	662	1170	600	882	576	84	
67784	Vermis_3	0	0	0	0	0	0	0	0	0	0	0	0	0	0	0	0	0	0	0	0	0	0	0	0	0	0	0	0	0	0	0	0	0	0	0	0	0	0	242	0	0	0	0	0	0	0	554	90	0	0	0	0	0	0	90	100	0	0	0	0	0	0	0	0	0	0	0	0	0	0	0	0	0	0	0	0	0	0	0	0	0	0	0	0	0	0	0	0	0	174	928	2720	0	758	2492	3784	3172	2480	1024	3290	182	0	190	86	86	720	0	0	3224	0	3078	2054	716	1056	602	0	
295140	Vermis_4_5	0	166	0	0	0	0	0	0	0	0	0	0	0	0	0	0	0	0	0	0	0	0	0	0	0	0	0	0	0	0	0	0	96	822	86	3842	0	342	0	108	0	0	358	3984	0	204	5100	10182	0	0	512	0	1296	152	4536	4358	0	824	0	420	0	78	0	0	0	0	170	4410	0	516	0	0	0	0	0	0	0	0	0	0	0	0	0	0	0	0	0	0	138	408	8408	10050	436	622	1374	1600	18962	15872	13668	14446	218	0	218	116	1064	798	0	0	662	3078	0	9738	292	330	710	1800	
