data	data	389384	380100	842836	699492	151864	88440	535712	345868	79312	22752	197132	166972	205660	125564	173332	95980	203180	140052	631676	664836	90700	109736	382500	393016	38152	124648	42092	61060	532012	272304	412260	637556	154608	386768	120056	163440	233656	226880	85640	175208	36296	43708	214952	364132	240520	298588	294944	244276	225152	299904	523040	232376	273596	124932	487852	305224	211220	211536	228884	136448	196360	113976	98712	88620	136164	115436	256228	339048	90592	414356	290464	379512	373184	256712	48676	40208	112000	253232	103168	30716	183064	83392	118904	78168	421864	211392	52308	36620	400332	179992	553248	649212	303196	340644	47348	124676	434656	315524	523352	608072	244372	141240	288772	335172	176376	192308	12732	5680	32376	135468	370096	207500	275372	202996	154240	53564	
data	data	Precentral_L	Precentral_R	Frontal_Sup_L	Frontal_Sup_R	Frontal_Sup_Orb_L	Frontal_Sup_Orb_R	Frontal_Mid_L	Frontal_Mid_R	Frontal_Mid_Orb_L	Frontal_Mid_Orb_R	Frontal_Inf_Oper_L	Frontal_Inf_Oper_R	Frontal_Inf_Tri_L	Frontal_Inf_Tri_R	Frontal_Inf_Orb_L	Frontal_Inf_Orb_R	Rolandic_Oper_L	Rolandic_Oper_R	Supp_Motor_Area_L	Supp_Motor_Area_R	Olfactory_L	Olfactory_R	Frontal_Sup_Medial_L	Frontal_Sup_Medial_R	Frontal_Med_Orb_L	Frontal_Med_Orb_R	Rectus_L	Rectus_R	Insula_L	Insula_R	Cingulum_Ant_L	Cingulum_Ant_R	Cingulum_Mid_L	Cingulum_Mid_R	Cingulum_Post_L	Cingulum_Post_R	Hippocampus_L	Hippocampus_R	ParaHippocampal_L	ParaHippocampal_R	Amygdala_L	Amygdala_R	Calcarine_L	Calcarine_R	Cuneus_L	Cuneus_R	Lingual_L	Lingual_R	Occipital_Sup_L	Occipital_Sup_R	Occipital_Mid_L	Occipital_Mid_R	Occipital_Inf_L	Occipital_Inf_R	Fusiform_L	Fusiform_R	Postcentral_L	Postcentral_R	Parietal_Sup_L	Parietal_Sup_R	Parietal_Inf_L	Parietal_Inf_R	SupraMarginal_L	SupraMarginal_R	Angular_L	Angular_R	Precuneus_L	Precuneus_R	Paracentral_Lobule_L	Paracentral_Lobule_R	Caudate_L	Caudate_R	Putamen_L	Putamen_R	Pallidum_L	Pallidum_R	Thalamus_L	Thalamus_R	Heschl_L	Heschl_R	Temporal_Sup_L	Temporal_Sup_R	Temporal_Pole_Sup_L	Temporal_Pole_Sup_R	Temporal_Mid_L	Temporal_Mid_R	Temporal_Pole_Mid_L	Temporal_Pole_Mid_R	Temporal_Inf_L	Temporal_Inf_R	Cerebelum_Crus1_L	Cerebelum_Crus1_R	Cerebelum_Crus2_L	Cerebelum_Crus2_R	Cerebelum_3_L	Cerebelum_3_R	Cerebelum_4_5_L	Cerebelum_4_5_R	Cerebelum_6_L	Cerebelum_6_R	Cerebelum_7b_L	Cerebelum_7b_R	Cerebelum_8_L	Cerebelum_8_R	Cerebelum_9_L	Cerebelum_9_R	Cerebelum_10_L	Cerebelum_10_R	Vermis_1_2	Vermis_3	Vermis_4_5	Vermis_6	Vermis_7	Vermis_8	Vermis_9	Vermis_10	
389384	Precentral_L	0	6116	9610	780	0	0	21858	252	0	0	19568	118	6556	0	0	0	10944	144	5118	9720	0	0	0	0	0	0	0	0	10800	412	86	1222	184	2990	1186	1716	6414	1308	426	376	0	0	0	0	0	0	0	94	0	0	0	0	144	0	688	148	23920	1966	0	0	2416	0	2638	0	1076	0	266	110	6396	8822	3062	1970	2266	0	0	264	9304	3048	3570	0	3092	0	0	0	542	0	0	0	986	0	0	0	0	0	0	0	0	0	0	0	0	0	0	0	0	0	0	0	0	0	0	0	0	0	0	0	
380100	Precentral_R	6116	0	3342	12170	0	0	518	14562	0	0	0	6418	0	462	0	0	838	2734	4828	26158	0	0	0	280	0	94	0	0	1370	4746	278	1204	206	456	708	1508	1708	6736	152	818	0	0	0	0	0	0	210	240	0	0	0	0	0	0	0	288	1666	9504	0	382	0	792	0	602	0	0	0	228	628	25762	924	10956	1770	5792	448	1152	2198	27110	324	200	350	0	0	0	0	0	0	0	0	114	0	0	0	0	0	0	0	0	0	0	0	0	0	0	0	0	0	0	0	0	0	0	0	0	0	0	
842836	Frontal_Sup_L	9610	3342	0	6976	11748	0	74324	3378	4258	0	6772	162	12562	0	11794	0	5052	208	78870	10406	136	0	50148	6176	1078	134	1080	0	30596	276	26344	6696	2676	1500	0	0	990	0	0	0	0	0	0	0	0	0	0	0	0	0	0	0	0	0	0	0	4952	512	0	0	0	264	84	92	0	0	0	0	614	1620	10042	2620	26704	356	1952	1486	520	322	312	0	772	0	902	0	0	0	0	0	0	0	0	0	0	0	0	0	0	0	0	0	0	0	0	0	0	0	0	0	0	0	0	0	0	0	0	0	
699492	Frontal_Sup_R	780	12170	6976	0	246	4432	2860	52588	0	904	0	12340	0	9968	0	4518	0	5610	11356	45298	0	116	12508	44700	114	3746	0	88	1184	10250	8534	47472	2748	20424	126	168	204	914	0	368	0	0	0	0	0	0	0	0	0	0	0	0	0	0	0	106	0	1316	0	0	0	0	0	0	0	0	0	0	0	272	2618	10708	774	6346	0	1746	194	1068	0	306	0	96	0	486	0	0	0	0	0	0	0	0	0	0	0	0	0	0	0	0	0	0	0	0	0	0	0	0	0	0	0	0	0	0	0	0	
151864	Frontal_Sup_Orb_L	0	0	11748	246	0	0	2204	0	13526	0	0	0	522	0	13008	0	0	0	274	0	1636	156	5350	834	3774	436	5062	0	4790	0	5936	414	0	0	0	0	192	0	82	0	422	0	0	0	0	0	0	0	0	0	0	0	0	0	0	0	0	0	0	0	0	0	0	0	0	0	0	0	0	0	776	174	3878	0	0	0	0	0	0	0	0	0	492	0	0	0	0	0	0	0	0	0	0	0	0	0	0	0	0	0	0	0	0	0	0	0	0	0	0	0	0	0	0	0	0	0	
88440	Frontal_Sup_Orb_R	0	0	0	4432	0	0	0	3534	0	4316	0	0	0	392	0	3420	0	0	0	0	542	2188	0	4594	156	6306	188	5338	0	1420	1176	2684	0	0	0	0	0	358	0	220	0	0	0	0	0	0	0	0	0	0	0	0	0	0	0	0	0	0	0	0	0	0	0	0	0	0	0	0	0	0	464	836	254	1402	0	0	0	0	0	0	0	0	0	0	0	0	0	0	0	0	0	0	0	0	0	0	0	0	0	0	0	0	0	0	0	0	0	0	0	0	0	0	0	0	0	0	
535712	Frontal_Mid_L	21858	518	74324	2860	2204	0	0	1782	3390	0	11432	136	27184	0	11708	0	2624	146	20416	1926	0	0	17886	924	0	0	0	0	26568	254	8534	2484	396	400	0	0	704	0	0	0	0	0	0	0	0	0	0	0	0	0	0	0	0	0	0	0	2202	0	0	0	400	0	1546	0	240	0	0	0	0	470	5182	2146	9118	86	0	474	1940	388	1038	0	1142	0	826	0	0	0	0	0	0	0	0	0	0	0	0	0	0	0	0	0	0	0	0	0	0	0	0	0	0	0	0	0	0	0	0	0	
345868	Frontal_Mid_R	252	14562	3378	52588	0	3534	1782	0	0	2286	0	15602	0	11094	0	4806	0	3720	3742	4644	0	0	1964	8616	0	652	0	0	950	7562	1692	13558	720	2830	0	0	0	460	0	232	0	0	0	0	0	0	0	0	0	0	0	0	0	0	0	0	0	1148	0	0	0	0	0	0	0	0	0	0	0	86	1084	3742	164	3908	0	590	0	332	0	100	0	92	0	462	0	0	0	0	0	0	0	0	0	0	0	0	0	0	0	0	0	0	0	0	0	0	0	0	0	0	0	0	0	0	0	0	
79312	Frontal_Mid_Orb_L	0	0	4258	0	13526	0	3390	0	0	0	0	0	944	0	13328	0	0	0	0	0	104	0	262	0	168	0	1024	0	780	0	280	0	0	0	0	0	0	0	0	0	0	0	0	0	0	0	0	0	0	0	0	0	0	0	0	0	0	0	0	0	0	0	0	0	0	0	0	0	0	0	0	0	1592	0	0	0	0	0	0	0	0	0	0	0	0	0	0	0	0	0	0	0	0	0	0	0	0	0	0	0	0	0	0	0	0	0	0	0	0	0	0	0	0	0	0	0	
22752	Frontal_Mid_Orb_R	0	0	0	904	0	4316	0	2286	0	0	0	0	0	350	0	3172	0	0	0	0	0	0	0	0	0	0	0	146	0	202	0	0	0	0	0	0	0	0	0	0	0	0	0	0	0	0	0	0	0	0	0	0	0	0	0	0	0	0	0	0	0	0	0	0	0	0	0	0	0	0	0	0	0	0	0	0	0	0	0	0	0	0	0	0	0	0	0	0	0	0	0	0	0	0	0	0	0	0	0	0	0	0	0	0	0	0	0	0	0	0	0	0	0	0	0	0	
197132	Frontal_Inf_Oper_L	19568	0	6772	0	0	0	11432	0	0	0	0	0	13954	0	272	0	9088	0	4306	0	0	0	280	0	0	0	0	0	18286	0	726	106	0	0	0	0	464	0	0	0	0	0	0	0	0	0	0	0	0	0	0	0	0	0	0	0	5508	0	0	0	150	0	194	0	100	0	0	0	0	0	1176	108	1176	0	0	0	0	0	922	0	522	0	3456	0	0	0	0	0	0	0	0	0	0	0	0	0	0	0	0	0	0	0	0	0	0	0	0	0	0	0	0	0	0	0	0	0	
166972	Frontal_Inf_Oper_R	118	6418	162	12340	0	0	136	15602	0	0	0	0	0	9860	0	0	0	5586	194	988	0	0	86	678	0	0	0	0	152	9608	546	5282	0	120	0	0	180	238	0	122	0	0	0	0	0	0	0	0	0	0	0	0	0	0	0	0	0	3772	0	0	0	0	0	0	0	0	0	0	0	0	892	2816	482	4116	134	768	254	494	82	0	0	130	0	1130	0	0	0	0	0	0	0	0	0	0	0	0	0	0	0	0	0	0	0	0	0	0	0	0	0	0	0	0	0	0	0	0	
205660	Frontal_Inf_Tri_L	6556	0	12562	0	522	0	27184	0	944	0	13954	0	0	0	7092	0	2818	0	4518	0	0	0	1402	0	0	0	0	0	20412	0	1334	0	0	0	0	0	144	0	0	0	0	0	0	0	0	0	0	0	0	0	0	0	0	0	0	0	518	0	0	0	0	0	0	0	0	0	0	0	0	0	256	0	886	0	0	0	0	0	96	0	112	0	1520	0	0	0	0	0	0	0	0	0	0	0	0	0	0	0	0	0	0	0	0	0	0	0	0	0	0	0	0	0	0	0	0	0	
125564	Frontal_Inf_Tri_R	0	462	0	9968	0	392	0	11094	0	350	0	9860	0	0	0	4706	0	300	212	1656	0	0	0	4504	0	146	0	0	0	10656	434	5878	0	578	0	0	0	80	0	0	0	0	0	0	0	0	0	0	0	0	0	0	0	0	0	0	0	0	0	0	0	0	0	0	0	0	0	0	0	0	182	460	80	700	0	84	0	0	0	0	0	0	0	0	0	0	0	0	0	0	0	0	0	0	0	0	0	0	0	0	0	0	0	0	0	0	0	0	0	0	0	0	0	0	0	0	
173332	Frontal_Inf_Orb_L	0	0	11794	0	13008	0	11708	0	13328	0	272	0	7092	0	0	0	178	0	3002	0	1840	114	504	0	0	0	634	0	12430	0	442	0	0	0	0	0	950	0	84	0	588	0	0	0	0	0	0	0	0	0	0	0	0	0	0	0	0	0	0	0	0	0	0	0	0	0	0	0	0	0	316	110	6628	0	0	0	0	0	0	0	84	0	1560	0	0	0	0	0	0	0	0	0	0	0	0	0	0	0	0	0	0	0	0	0	0	0	0	0	0	0	0	0	0	0	0	0	
95980	Frontal_Inf_Orb_R	0	0	0	4518	0	3420	0	4806	0	3172	0	0	0	4706	0	0	0	0	0	270	524	1898	0	2700	0	1924	0	1426	0	6942	680	2196	0	80	0	0	0	950	0	446	0	724	0	0	0	0	0	0	0	0	0	0	0	0	0	1258	0	0	0	0	0	0	0	0	0	0	0	0	0	0	0	848	0	2178	0	0	0	0	0	0	0	0	0	2096	0	0	0	228	0	0	0	0	0	0	0	0	0	0	0	0	0	0	0	0	0	0	0	0	0	0	0	0	0	0	0	0	
203180	Rolandic_Oper_L	10944	838	5052	0	0	0	2624	0	0	0	9088	0	2818	0	178	0	0	0	4418	878	0	0	0	0	0	0	0	0	18268	0	164	0	0	0	0	0	1002	0	186	0	0	0	0	0	0	0	0	0	0	0	1052	0	1846	0	1782	0	8996	0	122	0	256	0	1616	0	176	0	84	0	0	872	762	0	1428	0	170	0	102	0	5794	0	9192	0	1910	0	3496	0	0	0	5476	0	0	0	0	0	0	0	0	0	0	0	0	0	0	0	0	0	0	0	0	0	0	0	0	0	0	0	
140052	Rolandic_Oper_R	144	2734	208	5610	0	0	146	3720	0	0	0	5586	0	300	0	0	0	0	184	2470	0	0	0	230	0	0	0	0	190	13664	124	3248	0	0	88	88	262	948	0	130	0	0	0	0	0	126	0	0	0	154	0	0	0	0	0	162	0	2906	0	506	0	238	0	1896	0	742	0	308	0	400	1018	2526	730	5224	214	380	348	1916	118	4282	0	2694	0	1528	0	814	0	0	0	722	0	0	0	0	0	0	0	0	0	0	0	0	0	0	0	0	0	0	0	0	0	0	0	0	0	0	
631676	Supp_Motor_Area_L	5118	4828	78870	11356	274	0	20416	3742	0	0	4306	194	4518	212	3002	0	4418	184	0	37176	0	0	12440	4138	0	0	90	0	18368	358	11422	9572	9360	14978	192	950	1334	116	0	0	0	0	0	0	0	0	0	0	0	0	0	0	0	0	0	0	2780	654	0	0	0	258	206	98	0	0	0	106	2246	8922	8184	2294	18518	372	4400	1410	1332	176	530	0	818	0	602	0	0	0	0	0	0	0	0	0	0	0	0	0	0	0	0	0	0	0	0	0	0	0	0	0	0	0	0	0	0	0	0	0	
664836	Supp_Motor_Area_R	9720	26158	10406	45298	0	0	1926	4644	0	0	0	988	0	1656	0	270	878	2470	37176	0	0	0	1634	8446	0	0	0	0	1706	1462	2584	23902	9424	34680	314	1808	1118	1048	0	268	0	0	0	0	0	0	0	0	0	0	228	0	0	0	0	0	2106	4532	210	0	0	0	0	0	0	0	136	162	6006	48868	2708	14368	3180	2000	800	1106	416	14770	328	224	286	0	0	0	0	0	0	0	0	0	0	0	0	0	0	0	0	0	0	0	0	0	0	0	0	0	0	0	0	0	0	0	0	0	0	0	
90700	Olfactory_L	0	0	136	0	1636	542	0	0	104	0	0	0	0	0	1840	524	0	0	0	0	0	6028	0	0	568	320	1604	1062	3832	716	2802	1238	0	0	0	0	1154	0	136	0	498	0	0	0	0	0	0	0	0	0	0	0	0	0	0	0	0	0	0	0	0	0	0	0	0	0	0	0	0	0	7516	5078	5508	1780	0	0	0	0	0	0	0	0	624	0	104	0	0	0	0	0	0	0	0	0	0	0	0	0	0	0	0	0	0	0	0	0	0	0	0	0	0	0	0	0	0	0	
109736	Olfactory_R	0	0	0	116	156	2188	0	0	0	0	0	0	0	0	114	1898	0	0	0	0	6028	0	0	450	0	1720	566	3498	166	3604	2648	2930	0	0	0	0	0	1142	0	700	0	340	0	0	0	0	0	0	0	0	0	0	0	0	0	84	0	0	0	0	0	0	0	0	0	0	0	0	0	0	7148	8582	5838	4752	200	0	0	0	0	0	0	0	0	0	0	0	0	0	0	0	0	0	0	0	0	0	0	0	0	0	0	0	0	0	0	0	0	0	0	0	0	0	0	0	0	0	
382500	Frontal_Sup_Medial_L	0	0	50148	12508	5350	0	17886	1964	262	0	280	86	1402	0	504	0	0	0	12440	1634	0	0	0	25074	2514	1282	814	0	2326	110	24736	12320	4426	9872	0	0	0	0	0	0	0	0	0	0	0	0	0	0	0	0	0	0	0	0	0	0	0	0	0	0	0	0	0	0	0	0	0	0	0	0	986	122	2106	98	0	0	0	0	0	0	0	0	0	0	0	0	0	0	0	0	0	0	0	0	0	0	0	0	0	0	0	0	0	0	0	0	0	0	0	0	0	0	0	0	0	0	
393016	Frontal_Sup_Medial_R	0	280	6176	44700	834	4594	924	8616	0	0	0	678	0	4504	0	2700	0	230	4138	8446	0	450	25074	0	712	9362	300	1100	148	4536	11512	34094	2500	15982	0	0	0	0	0	0	0	0	0	0	0	0	0	0	0	0	0	0	0	0	0	0	0	0	0	0	0	0	0	0	0	0	0	0	0	0	530	722	282	2138	0	162	0	84	0	0	0	0	0	0	0	0	0	0	0	0	0	0	0	0	0	0	0	0	0	0	0	0	0	0	0	0	0	0	0	0	0	0	0	0	0	0	
38152	Frontal_Med_Orb_L	0	0	1078	114	3774	156	0	0	168	0	0	0	0	0	0	0	0	0	0	0	568	0	2514	712	0	1416	2060	0	0	0	5302	460	0	0	0	0	0	0	0	0	0	0	0	0	0	0	0	0	0	0	0	0	0	0	0	0	0	0	0	0	0	0	0	0	0	0	0	0	0	0	586	0	168	0	0	0	0	0	0	0	0	0	0	0	0	0	0	0	0	0	0	0	0	0	0	0	0	0	0	0	0	0	0	0	0	0	0	0	0	0	0	0	0	0	0	0	
124648	Frontal_Med_Orb_R	0	94	134	3746	436	6306	0	652	0	0	0	0	0	146	0	1924	0	0	0	0	320	1720	1282	9362	1416	0	164	6084	0	1838	9088	10632	0	0	0	0	0	0	0	0	0	0	0	0	0	0	0	0	0	0	0	0	0	0	0	0	0	0	0	0	0	0	0	0	0	0	0	0	0	0	276	2564	86	4054	0	0	0	0	0	0	0	0	0	0	0	0	0	0	0	0	0	0	0	0	0	0	0	0	0	0	0	0	0	0	0	0	0	0	0	0	0	0	0	0	0	0	
42092	Rectus_L	0	0	1080	0	5062	188	0	0	1024	0	0	0	0	0	634	0	0	0	90	0	1604	566	814	300	2060	164	0	276	380	0	3674	484	0	0	0	0	158	0	0	0	0	0	0	0	0	0	0	0	0	0	0	0	0	0	0	0	0	0	0	0	0	0	0	0	0	0	0	0	0	0	1176	404	700	208	0	0	0	0	0	0	0	0	0	0	0	0	0	0	0	0	0	0	0	0	0	0	0	0	0	0	0	0	0	0	0	0	0	0	0	0	0	0	0	0	0	0	
61060	Rectus_R	0	0	0	88	0	5338	0	0	0	146	0	0	0	0	0	1426	0	0	0	0	1062	3498	0	1100	0	6084	276	0	0	1556	1604	3316	0	0	0	0	0	208	0	150	0	0	0	0	0	0	0	0	0	0	0	0	0	0	0	0	0	0	0	0	0	0	0	0	0	0	0	0	0	0	606	1982	392	1698	0	0	0	0	0	0	0	0	0	0	0	0	0	0	0	0	0	0	0	0	0	0	0	0	0	0	0	0	0	0	0	0	0	0	0	0	0	0	0	0	0	0	
532012	Insula_L	10800	1370	30596	1184	4790	0	26568	950	780	0	18286	152	20412	0	12430	0	18268	190	18368	1706	3832	166	2326	148	0	0	380	0	0	200	2578	872	106	0	662	494	11724	490	1854	258	1952	0	0	0	0	0	0	104	0	0	416	0	1076	0	3752	108	3598	0	0	0	232	0	170	0	0	0	216	0	0	1416	6888	1470	21378	0	0	108	974	646	8288	0	5046	0	7596	0	2338	0	570	0	4644	0	0	0	0	0	0	0	0	80	0	0	0	0	0	0	0	0	0	0	0	0	0	0	0	0	0	0	
272304	Insula_R	412	4746	276	10250	0	1420	254	7562	0	202	0	9608	0	10656	0	6942	0	13664	358	1462	716	3604	110	4536	0	1838	0	1556	200	0	1140	7880	0	286	578	650	708	3954	0	1296	0	214	0	0	0	0	0	0	0	0	0	0	0	0	0	1174	0	1328	0	222	0	0	0	88	0	0	0	144	0	348	906	3574	672	14634	198	204	556	1910	162	2510	0	4750	0	2066	0	1634	0	0	0	1994	0	0	0	0	0	0	0	0	0	0	0	0	0	0	0	0	0	0	0	0	0	0	0	0	0	0	
412260	Cingulum_Ant_L	86	278	26344	8534	5936	1176	8534	1692	280	0	726	546	1334	434	442	680	164	124	11422	2584	2802	2648	24736	11512	5302	9088	3674	1604	2578	1140	0	29332	5816	2610	104	0	0	0	0	0	0	0	0	0	0	0	0	0	0	0	0	0	0	0	0	0	0	0	0	0	0	0	0	0	0	0	0	0	0	244	7778	7514	8942	6916	0	0	118	0	0	0	0	0	356	0	0	0	0	0	0	0	0	0	0	0	0	0	0	0	0	0	0	0	0	0	0	0	0	0	0	0	0	0	0	0	0	0	
637556	Cingulum_Ant_R	1222	1204	6696	47472	414	2684	2484	13558	0	0	106	5282	0	5878	0	2196	0	3248	9572	23902	1238	2930	12320	34094	460	10632	484	3316	872	7880	29332	0	8308	24266	166	152	578	188	0	88	0	0	0	0	0	0	0	0	0	0	0	0	0	0	0	0	180	0	0	0	0	0	0	0	0	0	0	0	0	302	8102	25734	3920	13368	422	798	1084	570	242	0	0	0	0	834	0	0	0	0	0	0	0	0	0	0	0	0	0	0	0	0	0	0	0	0	0	0	0	0	0	0	0	0	0	0	0	0	
154608	Cingulum_Mid_L	184	206	2676	2748	0	0	396	720	0	0	0	0	0	0	0	0	0	0	9360	9424	0	0	4426	2500	0	0	0	0	106	0	5816	8308	0	14312	3616	180	0	0	0	0	0	0	0	0	506	0	0	0	714	0	1350	0	310	0	96	0	158	664	530	0	102	0	0	0	0	0	2808	212	1558	2574	128	0	170	0	0	0	0	0	0	0	0	0	0	0	446	0	0	0	0	0	0	0	0	0	0	0	0	0	0	0	0	0	0	0	0	0	0	0	0	0	0	0	0	0	0	0	
386768	Cingulum_Mid_R	2990	456	1500	20424	0	0	400	2830	0	0	0	120	0	578	0	80	0	0	14978	34680	0	0	9872	15982	0	0	0	0	0	286	2610	24266	14312	0	1410	7296	0	0	0	0	0	0	0	662	0	872	0	122	0	666	0	264	0	728	0	0	194	4568	0	544	0	98	0	0	0	0	1418	4884	5334	16350	0	242	0	0	0	0	0	1092	0	0	0	0	0	0	0	176	0	0	0	100	0	0	0	0	0	0	0	0	0	0	0	0	0	0	0	0	0	0	0	0	0	0	0	0	0	0	
120056	Cingulum_Post_L	1186	708	0	126	0	0	0	0	0	0	0	0	0	0	0	0	0	88	192	314	0	0	0	0	0	0	0	0	662	578	104	166	3616	1410	0	6482	6864	3990	1190	1278	0	0	4446	0	838	0	1588	380	354	0	988	0	674	0	456	476	844	378	578	0	156	0	0	0	90	0	8314	538	2722	752	180	200	0	0	0	0	1028	2094	1184	0	364	130	0	0	260	88	0	0	688	0	0	0	0	0	0	0	0	286	0	0	0	0	0	0	0	0	0	0	0	0	0	0	0	0	0	0	
163440	Cingulum_Post_R	1716	1508	0	168	0	0	0	0	0	0	0	0	0	0	0	0	0	88	950	1808	0	0	0	0	0	0	0	0	494	650	0	152	180	7296	6482	0	4326	7308	570	2402	0	0	120	4268	0	1042	164	3360	0	912	0	1290	0	994	178	736	0	1962	0	494	0	0	0	0	0	0	922	11516	446	4652	152	232	0	0	0	0	3008	4390	852	84	312	160	0	0	230	1296	0	0	190	510	0	0	0	0	0	0	0	480	0	0	0	0	0	0	0	0	0	0	0	0	670	0	0	0	0	0	
233656	Hippocampus_L	6414	1708	990	204	192	0	704	0	0	0	464	180	144	0	950	0	1002	262	1334	1118	1154	0	0	0	0	0	158	0	11724	708	0	578	0	0	6864	4326	0	4096	9376	1478	6266	0	2908	0	104	0	3258	572	86	0	154	0	294	0	8500	542	1070	0	0	0	206	0	128	0	0	0	3724	744	0	810	1220	862	5508	92	1208	0	3996	3894	4084	0	2012	112	1672	0	788	80	376	0	5094	0	0	0	0	0	0	0	0	336	0	0	0	0	0	0	0	0	0	0	0	0	0	0	0	0	0	0	
226880	Hippocampus_R	1308	6736	0	914	0	358	0	460	0	0	0	238	0	80	0	950	0	948	116	1048	0	1142	0	0	0	0	0	208	490	3954	0	188	0	0	3990	7308	4096	0	564	20186	0	6872	0	522	0	0	192	3198	0	0	0	0	0	592	174	12272	0	246	0	0	0	0	0	0	0	0	0	3018	0	626	142	166	0	6614	0	434	1996	7788	834	570	298	1840	0	1786	218	1584	0	254	188	3504	0	0	0	0	0	0	0	1388	0	102	0	0	0	0	0	0	0	0	0	0	740	0	0	0	0	0	
85640	ParaHippocampal_L	426	152	0	0	82	0	0	0	0	0	0	0	0	0	84	0	186	0	0	0	136	0	0	0	0	0	0	0	1854	0	0	0	0	0	1190	570	9376	564	0	186	3086	0	734	0	0	0	4794	182	0	0	0	0	1722	0	8018	0	104	0	0	0	0	0	0	0	0	0	1258	186	0	0	0	0	554	0	0	0	516	510	264	0	240	0	1838	0	0	0	1686	0	1680	0	0	0	0	0	228	0	108	0	0	0	0	0	0	0	0	0	0	0	90	216	0	0	0	0	0	0	
175208	ParaHippocampal_R	376	818	0	368	0	220	0	232	0	0	0	122	0	0	0	446	0	130	0	268	0	700	0	0	0	0	0	150	258	1296	0	88	0	0	1278	2402	1478	20186	186	0	0	5596	0	1034	0	0	82	6380	0	0	0	0	0	1722	0	16612	0	0	0	0	0	0	0	0	0	0	0	2006	0	116	0	0	0	3870	0	328	544	2518	470	114	102	658	0	3654	0	932	0	2744	0	2464	0	188	0	156	0	230	0	2566	0	594	0	0	0	196	0	122	0	0	0	0	276	0	94	110	124	0	
36296	Amygdala_L	0	0	0	0	422	0	0	0	0	0	0	0	0	0	588	0	0	0	0	0	498	0	0	0	0	0	0	0	1952	0	0	0	0	0	0	0	6266	0	3086	0	0	0	0	0	0	0	0	0	0	0	0	0	0	0	2188	0	0	0	0	0	0	0	0	0	0	0	0	0	0	0	0	0	740	0	0	0	0	0	0	0	0	0	1310	0	0	0	666	0	432	0	0	0	0	0	0	0	0	0	0	0	0	0	0	0	0	0	0	0	0	0	0	0	0	0	0	0	
43708	Amygdala_R	0	0	0	0	0	0	0	0	0	0	0	0	0	0	0	724	0	0	0	0	0	340	0	0	0	0	0	0	0	214	0	0	0	0	0	0	0	6872	0	5596	0	0	0	0	0	0	0	0	0	0	0	0	0	0	0	2758	0	0	0	0	0	0	0	0	0	0	0	0	0	0	0	0	0	1108	0	0	0	0	0	0	0	172	0	2888	0	0	0	1008	0	174	0	0	0	0	0	0	0	0	0	0	0	0	0	0	0	0	0	0	0	0	0	0	0	0	0	0	
214952	Calcarine_L	0	0	0	0	0	0	0	0	0	0	0	0	0	0	0	0	0	0	0	0	0	0	0	0	0	0	0	0	0	0	0	0	0	0	4446	120	2908	0	734	0	0	0	0	9694	12868	4858	13428	1382	9830	3738	18442	2192	5262	124	3174	0	0	0	536	0	256	0	0	0	0	0	9466	1626	0	228	0	0	0	0	0	0	0	0	0	0	0	0	0	0	682	154	0	0	694	0	634	0	0	0	0	0	0	0	0	0	0	0	0	0	0	0	0	0	0	0	0	0	0	0	0	0	
364132	Calcarine_R	0	0	0	0	0	0	0	0	0	0	0	0	0	0	0	0	0	0	0	0	0	0	0	0	0	0	0	0	0	0	0	0	0	662	0	4268	0	522	0	1034	0	0	9694	0	11322	33980	3528	15970	300	29838	82	18452	0	14678	0	5176	0	542	0	1498	0	142	0	0	0	250	700	21256	0	2938	0	0	0	0	0	0	0	0	0	0	0	0	0	0	0	3040	0	0	0	1748	0	188	0	0	0	0	0	0	0	258	0	0	0	0	0	0	0	0	0	0	0	0	0	0	0	0	
240520	Cuneus_L	0	0	0	0	0	0	0	0	0	0	0	0	0	0	0	0	0	0	0	0	0	0	0	0	0	0	0	0	0	0	0	0	506	0	838	0	104	0	0	0	0	0	12868	11322	0	12004	1196	0	27782	6312	20152	1258	3032	246	960	0	0	0	3808	274	254	0	0	0	0	0	13158	2384	0	0	0	0	0	0	0	0	0	0	0	0	0	0	0	0	1210	0	0	0	486	0	106	0	0	0	0	0	0	0	0	0	0	0	0	0	0	0	0	0	0	0	0	0	0	0	0	0	
298588	Cuneus_R	0	0	0	0	0	0	0	0	0	0	0	0	0	0	0	0	0	126	0	0	0	0	0	0	0	0	0	0	0	0	0	0	0	872	0	1042	0	0	0	0	0	0	4858	33980	12004	0	282	538	210	34914	0	11676	0	2412	0	120	0	984	0	6774	0	406	0	108	0	1654	3280	27070	0	2730	0	0	0	0	0	0	0	0	0	0	0	366	0	0	0	1824	0	0	0	1064	0	0	0	0	0	0	0	0	0	0	0	0	0	0	0	0	0	0	0	0	0	0	0	0	0	0	
294944	Lingual_L	0	210	0	0	0	0	0	0	0	0	0	0	0	0	0	0	0	0	0	0	0	0	0	0	0	0	0	0	0	0	0	0	0	0	1588	164	3258	192	4794	82	0	0	13428	3528	1196	282	0	3882	1824	724	14186	290	12364	178	20262	1062	0	0	202	0	0	0	0	0	0	0	3448	94	0	0	0	0	0	0	0	0	130	354	0	0	0	0	0	0	92	0	0	0	1130	0	12856	3030	714	672	0	0	12410	1236	14256	3508	266	0	258	0	174	0	0	0	0	124	3968	3704	1066	0	0	286	
244276	Lingual_R	94	240	0	0	0	0	0	0	0	0	0	0	0	0	0	0	0	0	0	0	0	0	0	0	0	0	0	0	104	0	0	0	0	122	380	3360	572	3198	182	6380	0	0	1382	15970	0	538	3882	0	0	1410	0	2224	0	8670	904	18346	0	0	0	88	0	0	0	0	0	0	160	5566	0	406	0	0	0	80	0	0	176	596	196	0	0	0	0	0	0	936	0	0	0	1712	2750	5456	336	142	272	526	3612	6898	4774	7362	0	0	0	0	264	0	0	0	0	510	6980	3958	330	0	0	94	
225152	Occipital_Sup_L	0	0	0	0	0	0	0	0	0	0	0	0	0	0	0	0	0	0	0	0	0	0	0	0	0	0	0	0	0	0	0	0	714	0	354	0	86	0	0	0	0	0	9830	300	27782	210	1824	0	0	0	35866	0	2456	0	1110	0	0	0	10698	0	1688	0	0	0	98	0	13820	292	158	0	0	0	0	0	0	0	0	0	0	0	0	0	0	0	4458	0	0	0	402	0	430	0	0	0	0	0	0	0	0	0	0	0	0	0	0	0	0	0	0	0	0	0	0	0	0	0	
299904	Occipital_Sup_R	0	0	0	0	0	0	0	0	0	0	0	0	0	0	0	0	0	154	0	0	0	0	0	0	0	0	0	0	0	0	0	0	0	666	0	912	0	0	0	0	0	0	3738	29838	6312	34914	724	1410	0	0	0	21802	0	2418	0	166	0	968	0	11548	0	2244	0	144	0	6206	352	18604	0	2406	0	0	0	0	0	0	0	106	0	0	0	376	0	0	0	2822	0	0	0	1122	0	0	0	0	0	0	0	0	0	0	0	0	0	0	0	0	0	0	0	0	0	0	0	0	0	0	
523040	Occipital_Mid_L	0	0	0	0	0	0	0	0	0	0	0	0	0	0	0	0	1052	0	0	228	0	0	0	0	0	0	0	0	416	0	0	0	1350	0	988	0	154	0	0	0	0	0	18442	82	20152	0	14186	0	35866	0	0	0	36616	0	18342	0	1514	214	27014	0	12922	0	232	0	10750	0	16908	134	988	228	0	0	0	0	0	0	0	0	212	0	510	0	0	0	28808	0	0	0	10274	0	2562	0	0	0	0	0	92	0	164	0	0	0	0	0	0	0	0	0	0	0	120	0	0	0	0	0	
232376	Occipital_Mid_R	0	0	0	0	0	0	0	0	0	0	0	0	0	0	0	0	0	0	0	0	0	0	0	0	0	0	0	0	0	0	0	0	0	264	0	1290	0	0	0	0	0	0	2192	18452	1258	11676	290	2224	0	21802	0	0	0	6822	0	526	0	560	0	1768	0	5272	0	84	0	15584	224	9962	0	2152	0	0	0	0	0	0	0	0	0	0	0	988	0	0	0	10754	0	0	0	2044	0	0	0	0	0	0	0	0	0	0	0	0	0	0	0	0	0	0	0	0	0	0	0	0	0	0	
273596	Occipital_Inf_L	144	0	0	0	0	0	0	0	0	0	0	0	0	0	0	0	1846	0	0	0	0	0	0	0	0	0	0	0	1076	0	0	0	310	0	674	0	294	0	1722	0	0	0	5262	0	3032	0	12364	0	2456	0	36616	0	0	0	23058	0	810	0	5596	0	1452	0	590	0	936	0	5222	0	488	0	0	0	0	0	0	0	0	0	1014	0	706	0	0	0	12216	0	0	0	14640	0	3126	0	0	0	0	0	266	0	572	0	0	0	0	0	0	0	0	0	0	0	310	0	0	0	0	0	
124932	Occipital_Inf_R	0	0	0	0	0	0	0	0	0	0	0	0	0	0	0	0	0	0	0	0	0	0	0	0	0	0	0	0	0	0	0	0	0	728	0	994	0	592	0	1722	0	0	124	14678	246	2412	178	8670	0	2418	0	6822	0	0	0	7584	0	1378	0	418	0	98	0	0	0	0	0	3872	0	1126	0	0	0	0	0	0	0	498	0	0	0	0	0	0	0	2060	0	0	0	4542	0	622	0	0	0	0	0	0	0	604	0	0	0	0	0	0	0	0	0	0	0	80	0	0	0	0	
487852	Fusiform_L	688	0	0	0	0	0	0	0	0	0	0	0	0	0	0	0	1782	0	0	0	0	0	0	0	0	0	0	0	3752	0	0	0	96	0	456	178	8500	174	8018	0	2188	0	3174	0	960	0	20262	904	1110	0	18342	0	23058	0	0	224	454	0	3846	0	2374	0	480	0	1280	0	2472	0	196	0	0	0	598	0	0	0	168	120	3178	0	3708	0	6194	0	13176	0	5022	0	28290	0	26908	636	1850	140	236	0	13624	374	27516	872	142	0	218	0	370	0	210	0	0	0	2894	2066	448	0	0	0	
305224	Fusiform_R	148	288	0	106	0	0	0	0	0	0	0	0	0	0	0	1258	0	162	0	0	0	84	0	0	0	0	0	0	108	1174	0	0	0	0	476	736	542	12272	0	16612	0	2758	0	5176	0	120	1062	18346	0	166	0	526	0	7584	224	0	0	0	0	0	0	0	0	0	0	0	0	646	0	0	0	0	0	884	0	136	164	2448	208	0	0	3366	0	7052	0	4796	0	4500	0	13396	584	10916	136	822	0	262	884	8042	1462	12932	0	0	80	722	84	826	0	0	0	420	3174	1698	644	630	770	0	
211220	Postcentral_L	23920	1666	4952	0	0	0	2202	0	0	0	5508	0	518	0	0	0	8996	0	2780	2106	0	0	0	0	0	0	0	0	3598	0	0	180	158	194	844	0	1070	0	104	0	0	0	0	0	0	0	0	0	0	0	1514	0	810	0	454	0	0	204	7232	0	12152	0	6000	0	1916	0	2940	0	3230	2028	1056	306	514	0	82	0	0	176	1246	0	3326	0	0	0	764	0	0	0	864	0	0	0	0	0	0	0	0	0	0	0	0	0	0	0	0	0	0	0	0	0	0	0	0	0	0	0	
211536	Postcentral_R	1966	9504	512	1316	0	0	0	1148	0	0	0	3772	0	0	0	0	0	2906	654	4532	0	0	0	0	0	0	0	0	0	1328	0	0	664	4568	378	1962	0	246	0	0	0	0	0	542	0	984	0	0	0	968	214	560	0	1378	0	0	204	0	198	9206	0	12378	0	11990	0	292	222	4866	2840	15580	0	566	0	2070	0	404	0	544	0	234	0	540	0	0	0	1972	0	0	0	1560	0	0	0	0	0	0	0	0	0	0	0	0	0	0	0	0	0	0	0	0	0	0	0	0	0	0	
228884	Parietal_Sup_L	0	0	0	0	0	0	0	0	0	0	0	0	0	0	0	0	122	0	0	210	0	0	0	0	0	0	0	0	0	0	0	0	530	0	578	0	0	0	0	0	0	0	536	0	3808	0	202	0	10698	0	27014	0	5596	0	3846	0	7232	198	0	0	12586	0	480	0	3336	0	16858	356	656	210	0	0	0	0	0	0	0	0	0	0	230	0	0	0	12686	0	0	0	6300	0	174	0	0	0	0	0	0	0	0	0	0	0	0	0	0	0	0	0	0	0	0	0	0	0	0	0	
136448	Parietal_Sup_R	0	382	0	0	0	0	0	0	0	0	0	0	0	0	0	0	0	506	0	0	0	0	0	0	0	0	0	0	0	222	0	0	0	544	0	494	0	0	0	0	0	0	0	1498	274	6774	0	88	0	11548	0	1768	0	418	0	0	0	9206	0	0	0	7124	0	3754	0	2838	0	12424	0	1044	0	0	0	0	0	0	0	134	0	114	0	140	0	0	0	5336	0	0	0	1594	0	0	0	0	0	0	0	0	0	0	0	0	0	0	0	0	0	0	0	0	0	0	0	0	0	0	
196360	Parietal_Inf_L	2416	0	0	0	0	0	400	0	0	0	150	0	0	0	0	0	256	0	0	0	0	0	0	0	0	0	0	0	232	0	0	0	102	0	156	0	206	0	0	0	0	0	256	0	254	0	0	0	1688	0	12922	0	1452	0	2374	0	12152	0	12586	0	0	0	12476	0	20838	0	598	0	352	0	0	0	0	0	0	0	0	0	0	0	1292	0	0	0	9970	0	0	0	5052	0	0	0	0	0	0	0	0	0	0	0	0	0	0	0	0	0	0	0	0	0	0	0	0	0	0	0	
113976	Parietal_Inf_R	0	792	264	0	0	0	0	0	0	0	0	0	0	0	0	0	0	238	258	0	0	0	0	0	0	0	0	0	0	0	0	0	0	98	0	0	0	0	0	0	0	0	0	142	0	406	0	0	0	2244	0	5272	0	98	0	0	0	12378	0	7124	0	0	0	11988	0	11656	0	194	0	110	0	0	0	0	0	0	0	0	0	0	0	132	0	0	0	2134	0	0	0	1460	0	0	0	0	0	0	0	0	0	0	0	0	0	0	0	0	0	0	0	0	0	0	0	0	0	0	
98712	SupraMarginal_L	2638	0	84	0	0	0	1546	0	0	0	194	0	0	0	0	0	1616	0	206	0	0	0	0	0	0	0	0	0	170	0	0	0	0	0	0	0	128	0	0	0	0	0	0	0	0	0	0	0	0	0	232	0	590	0	480	0	6000	0	480	0	12476	0	0	0	8364	0	84	0	96	0	0	0	0	0	0	0	0	0	0	0	4940	0	0	0	5702	0	0	0	3330	0	0	0	0	0	0	0	0	0	0	0	0	0	0	0	0	0	0	0	0	0	0	0	0	0	0	0	
88620	SupraMarginal_R	0	602	92	0	0	0	0	0	0	0	0	0	0	0	0	0	0	1896	98	0	0	0	0	0	0	0	0	0	0	88	0	0	0	0	0	0	0	0	0	0	0	0	0	0	0	108	0	0	0	144	0	84	0	0	0	0	0	11990	0	3754	0	11988	0	0	0	4716	0	178	0	0	0	0	0	0	0	0	0	0	0	0	0	1146	0	0	0	4608	0	0	0	2818	0	0	0	0	0	0	0	0	0	0	0	0	0	0	0	0	0	0	0	0	0	0	0	0	0	0	
136164	Angular_L	1076	0	0	0	0	0	240	0	0	0	100	0	0	0	0	0	176	0	0	0	0	0	0	0	0	0	0	0	0	0	0	0	0	0	90	0	0	0	0	0	0	0	0	0	0	0	0	0	98	0	10750	0	936	0	1280	0	1916	0	3336	0	20838	0	8364	0	0	0	0	0	112	0	0	0	0	0	0	0	0	0	80	0	2084	0	0	0	11252	0	0	0	5354	0	0	0	0	0	0	0	0	0	0	0	0	0	0	0	0	0	0	0	0	0	0	0	0	0	0	0	
115436	Angular_R	0	0	0	0	0	0	0	0	0	0	0	0	0	0	0	0	0	742	0	0	0	0	0	0	0	0	0	0	0	0	0	0	0	0	0	0	0	0	0	0	0	0	0	250	0	1654	0	0	0	6206	0	15584	0	0	0	0	0	292	0	2838	0	11656	0	4716	0	0	0	1424	0	204	0	0	0	0	0	0	0	0	0	0	0	2036	0	0	0	6966	0	0	0	3150	0	0	0	0	0	0	0	0	0	0	0	0	0	0	0	0	0	0	0	0	0	0	0	0	0	0	
256228	Precuneus_L	266	0	0	0	0	0	0	0	0	0	0	0	0	0	0	0	84	0	0	136	0	0	0	0	0	0	0	0	216	0	0	0	2808	1418	8314	922	3724	0	1258	0	0	0	9466	700	13158	3280	3448	160	13820	352	16908	224	5222	0	2472	0	2940	222	16858	0	598	0	84	0	0	0	0	8010	1056	1176	0	0	0	0	0	0	0	0	352	0	202	0	0	0	4808	232	0	0	3082	0	138	0	0	0	0	0	0	0	0	0	0	0	0	0	0	0	0	0	0	0	0	0	0	0	0	0	
339048	Precuneus_R	110	228	0	0	0	0	0	0	0	0	0	0	0	0	0	0	0	308	106	162	0	0	0	0	0	0	0	0	0	144	0	0	212	4884	538	11516	744	3018	186	2006	0	0	1626	21256	2384	27070	94	5566	292	18604	134	9962	0	3872	0	646	0	4866	356	12424	0	194	0	178	0	1424	8010	0	0	11814	0	0	0	0	0	0	564	1346	0	0	0	462	0	0	0	7584	0	0	0	3714	0	0	0	0	0	0	0	152	0	0	0	0	0	0	0	0	0	0	0	0	768	0	0	0	0	0	
90592	Paracentral_Lobule_L	6396	628	614	0	0	0	0	0	0	0	0	0	0	0	0	0	0	0	2246	6006	0	0	0	0	0	0	0	0	0	0	0	0	1558	5334	2722	446	0	0	0	0	0	0	0	0	0	0	0	0	158	0	988	0	488	0	196	0	3230	2840	656	0	352	0	96	0	112	0	1056	0	0	8000	0	126	0	0	0	0	156	314	0	0	98	0	0	0	240	0	0	0	240	0	0	0	0	0	0	0	0	0	0	0	0	0	0	0	0	0	0	0	0	0	0	0	0	0	0	0	
414356	Paracentral_Lobule_R	8822	25762	1620	272	0	0	470	86	0	0	0	0	0	0	0	0	872	400	8922	48868	0	0	0	0	0	0	0	0	1416	348	244	302	2574	16350	752	4652	810	626	0	116	0	0	228	2938	0	2730	0	406	0	2406	228	2152	0	1126	0	0	2028	15580	210	1044	0	110	0	0	0	204	1176	11814	8000	0	932	8208	2020	494	604	120	316	14976	284	0	286	0	0	0	0	1756	0	0	0	518	0	0	0	0	0	0	0	0	0	0	0	0	0	0	0	0	0	0	0	0	0	0	0	0	0	0	
290464	Caudate_L	3062	924	10042	2618	776	464	5182	1084	0	0	1176	892	256	182	316	0	762	1018	8184	2708	7516	7148	986	530	586	276	1176	606	6888	906	7778	8102	128	0	180	152	1220	142	0	0	0	0	0	0	0	0	0	0	0	0	0	0	0	0	0	0	1056	0	0	0	0	0	0	0	0	0	0	0	0	932	0	17858	22948	3538	3622	644	8796	376	424	0	98	0	760	214	0	0	0	0	0	0	0	0	0	0	0	0	0	0	0	0	0	0	0	0	0	0	0	0	0	0	0	0	0	0	0	0	
379512	Caudate_R	1970	10956	2620	10708	174	836	2146	3742	0	0	108	2816	0	460	110	848	0	2526	2294	14368	5078	8582	122	722	0	2564	404	1982	1470	3574	7514	25734	0	242	200	232	862	166	0	0	0	0	0	0	0	0	0	0	0	0	0	0	0	0	0	0	306	566	0	0	0	0	0	0	0	0	0	0	126	8208	17858	0	9622	15736	930	4618	1350	13282	248	174	0	0	0	602	0	0	0	0	0	0	0	0	0	0	0	0	0	0	0	0	0	0	0	0	0	0	0	0	0	0	0	0	0	0	0	0	
373184	Putamen_L	2266	1770	26704	774	3878	254	9118	164	1592	0	1176	482	886	80	6628	0	1428	730	18518	3180	5508	5838	2106	282	168	86	700	392	21378	672	8942	3920	170	0	0	0	5508	0	554	0	740	0	0	0	0	0	0	0	0	0	0	0	0	0	598	0	514	0	0	0	0	0	0	0	0	0	0	0	0	2020	22948	9622	0	3156	6304	0	2352	636	0	0	246	0	1090	222	0	0	0	0	292	0	0	0	0	0	0	0	0	0	0	0	0	0	0	0	0	0	0	0	0	0	0	0	0	0	0	0	
256712	Putamen_R	0	5792	356	6346	0	1402	86	3908	0	0	0	4116	0	700	0	2178	0	5224	372	2000	1780	4752	98	2138	0	4054	208	1698	0	14634	6916	13368	0	0	0	0	92	6614	0	3870	0	1108	0	0	0	0	0	80	0	0	0	0	0	0	0	884	0	2070	0	0	0	0	0	0	0	0	0	0	0	494	3538	15736	3156	0	104	2556	0	4268	0	884	0	242	0	418	0	0	0	116	0	0	0	0	0	0	0	0	0	0	0	0	0	0	0	0	0	0	0	0	0	0	0	0	0	0	0	0	
48676	Pallidum_L	0	448	1952	0	0	0	0	0	0	0	0	134	0	0	0	0	170	214	4400	800	0	200	0	0	0	0	0	0	0	198	0	422	0	0	0	0	1208	0	0	0	0	0	0	0	0	0	0	0	0	0	0	0	0	0	0	0	82	0	0	0	0	0	0	0	0	0	0	0	0	604	3622	930	6304	104	0	0	2464	0	0	0	0	0	0	82	0	0	0	0	0	0	0	0	0	0	0	0	0	0	0	0	0	0	0	0	0	0	0	0	0	0	0	0	0	0	0	0	
40208	Pallidum_R	264	1152	1486	1746	0	0	474	590	0	0	0	768	0	84	0	0	0	380	1410	1106	0	0	0	162	0	0	0	0	108	204	0	798	0	0	0	0	0	434	0	328	0	0	0	0	0	0	0	0	0	0	0	0	0	0	0	136	0	404	0	0	0	0	0	0	0	0	0	0	0	120	644	4618	0	2556	0	0	0	0	0	132	0	0	0	0	0	0	0	0	0	0	0	0	0	0	0	0	0	0	0	0	0	0	0	0	0	0	0	0	0	0	0	0	0	0	0	0	
112000	Thalamus_L	9304	2198	520	194	0	0	1940	0	0	0	0	254	0	0	0	0	102	348	1332	416	0	0	0	0	0	0	0	0	974	556	118	1084	0	0	1028	3008	3996	1996	516	544	0	0	0	0	0	0	130	176	0	0	0	0	0	0	168	164	0	0	0	0	0	0	0	0	0	0	0	564	156	316	8796	1350	2352	0	2464	0	0	7448	560	0	332	0	0	84	216	0	0	0	198	0	0	0	0	0	0	0	0	98	0	0	0	0	0	0	0	0	0	0	0	0	0	0	0	0	0	0	
253232	Thalamus_R	3048	27110	322	1068	0	0	388	332	0	0	0	494	0	0	0	0	0	1916	176	14770	0	0	0	84	0	0	0	0	646	1910	0	570	0	1092	2094	4390	3894	7788	510	2518	0	0	0	0	0	0	354	596	0	106	0	0	0	498	120	2448	176	544	0	134	0	0	0	0	0	0	0	1346	314	14976	376	13282	636	4268	0	0	7448	0	374	360	156	230	0	0	108	384	0	0	82	1898	0	0	0	0	0	0	0	282	0	0	0	0	0	0	0	0	0	0	0	0	0	0	0	0	0	0	
103168	Heschl_L	3570	324	312	0	0	0	1038	0	0	0	922	82	96	0	0	0	5794	118	530	328	0	0	0	0	0	0	0	0	8288	162	0	242	0	0	1184	852	4084	834	264	470	0	0	0	0	0	0	0	196	0	0	212	0	1014	0	3178	208	1246	0	0	0	0	0	0	0	80	0	352	0	0	284	424	248	0	0	0	0	560	374	0	0	4514	0	0	0	3122	0	0	0	5942	0	0	0	0	0	0	0	0	136	0	0	0	0	0	0	0	0	0	0	0	0	0	0	0	0	0	0	
30716	Heschl_R	0	200	0	306	0	0	0	100	0	0	0	0	0	0	0	0	0	4282	0	224	0	0	0	0	0	0	0	0	0	2510	0	0	0	0	0	84	0	570	0	114	0	0	0	0	0	0	0	0	0	0	0	0	0	0	0	0	0	234	0	114	0	0	0	0	0	0	0	0	0	0	0	174	0	884	0	132	0	360	0	0	0	3966	0	0	0	536	0	0	0	568	0	0	0	0	0	0	0	0	0	0	0	0	0	0	0	0	0	0	0	0	0	0	0	0	0	0	
183064	Temporal_Sup_L	3092	350	772	0	0	0	1142	0	0	0	522	0	112	0	84	0	9192	0	818	286	0	0	0	0	0	0	0	0	5046	0	0	0	0	0	364	312	2012	298	240	102	0	0	0	0	0	0	0	0	0	0	510	0	706	0	3708	0	3326	0	230	0	1292	0	4940	0	2084	0	202	0	98	286	98	0	246	0	0	0	332	156	4514	0	0	0	2586	0	22842	0	0	0	18632	0	0	0	0	0	0	0	0	0	0	0	0	0	0	0	0	0	0	0	0	0	0	0	0	0	0	0	
83392	Temporal_Sup_R	0	0	0	96	0	0	0	92	0	0	0	130	0	0	0	0	0	2694	0	0	0	0	0	0	0	0	0	0	0	4750	0	0	0	0	130	160	112	1840	0	658	0	172	0	0	0	366	0	0	0	376	0	988	0	0	0	3366	0	540	0	140	0	132	0	1146	0	2036	0	462	0	0	0	0	0	242	0	0	0	230	0	3966	0	0	0	2136	0	8792	0	254	0	5690	0	0	0	0	0	0	0	0	0	0	0	0	0	0	0	0	0	0	0	0	0	0	0	0	0	0	
118904	Temporal_Pole_Sup_L	0	0	902	0	492	0	826	0	0	0	3456	0	1520	0	1560	0	1910	0	602	0	624	0	0	0	0	0	0	0	7596	0	356	0	0	0	0	0	1672	0	1838	0	1310	0	0	0	0	0	0	0	0	0	0	0	0	0	6194	0	0	0	0	0	0	0	0	0	0	0	0	0	0	0	760	0	1090	0	0	0	0	0	0	0	2586	0	0	0	9332	0	6982	0	7844	0	0	0	0	0	0	0	0	0	0	0	0	0	0	0	0	0	0	0	0	0	0	0	0	0	0	0	
78168	Temporal_Pole_Sup_R	0	0	0	486	0	0	0	462	0	0	0	1130	0	0	0	2096	0	1528	0	0	0	0	0	0	0	0	0	0	0	2066	0	834	0	0	0	0	0	1786	0	3654	0	2888	0	0	0	0	0	0	0	0	0	0	0	0	0	7052	0	0	0	0	0	0	0	0	0	0	0	0	0	0	214	602	222	418	82	0	84	0	0	0	0	2136	0	0	0	2796	0	6218	0	2330	0	0	0	0	0	0	0	0	0	0	0	0	0	0	0	0	0	0	0	0	0	0	0	0	0	0	
421864	Temporal_Mid_L	542	0	0	0	0	0	0	0	0	0	0	0	0	0	0	0	3496	0	0	0	104	0	0	0	0	0	0	0	2338	0	0	0	446	0	260	230	788	218	0	0	0	0	682	0	1210	0	92	0	4458	0	28808	0	12216	0	13176	0	764	0	12686	0	9970	0	5702	0	11252	0	4808	0	240	0	0	0	0	0	0	0	216	108	3122	0	22842	0	9332	0	0	0	5552	0	55142	0	132	0	0	0	0	0	0	0	0	0	0	0	0	0	0	0	0	0	0	0	0	0	0	0	0	0	
211392	Temporal_Mid_R	0	0	0	0	0	0	0	0	0	0	0	0	0	0	0	0	0	814	0	0	0	0	0	0	0	0	0	0	0	1634	0	0	0	176	88	1296	80	1584	0	932	0	0	154	3040	0	1824	0	936	0	2822	0	10754	0	2060	0	4796	0	1972	0	5336	0	2134	0	4608	0	6966	232	7584	0	1756	0	0	0	0	0	0	0	384	0	536	0	8792	0	2796	0	0	0	1962	0	27648	0	0	0	0	0	0	0	0	0	0	0	0	0	0	0	0	0	0	0	0	0	0	0	0	0	0	
52308	Temporal_Pole_Mid_L	0	0	0	0	0	0	0	0	0	0	0	0	0	0	0	0	0	0	0	0	0	0	0	0	0	0	0	0	570	0	0	0	0	0	0	0	376	0	1686	0	666	0	0	0	0	0	0	0	0	0	0	0	0	0	5022	0	0	0	0	0	0	0	0	0	0	0	0	0	0	0	0	0	0	0	0	0	0	0	0	0	0	0	6982	0	5552	0	0	0	5300	0	0	0	0	0	0	0	0	0	0	0	0	0	0	0	0	0	0	0	0	0	0	0	0	0	0	0	
36620	Temporal_Pole_Mid_R	0	0	0	0	0	0	0	0	0	0	0	0	0	0	0	228	0	0	0	0	0	0	0	0	0	0	0	0	0	0	0	0	0	0	0	0	0	254	0	2744	0	1008	0	0	0	0	0	0	0	0	0	0	0	0	0	4500	0	0	0	0	0	0	0	0	0	0	0	0	0	0	0	0	0	116	0	0	0	0	0	0	0	254	0	6218	0	1962	0	0	0	1026	0	0	0	0	0	0	0	0	0	0	0	0	0	0	0	0	0	0	0	0	0	0	0	0	0	0	
400332	Temporal_Inf_L	986	0	0	0	0	0	0	0	0	0	0	0	0	0	0	0	5476	0	0	0	0	0	0	0	0	0	0	0	4644	0	0	0	0	0	688	190	5094	188	1680	0	432	0	694	0	486	0	1130	0	402	0	10274	0	14640	0	28290	0	864	0	6300	0	5052	0	3330	0	5354	0	3082	0	240	0	0	0	292	0	0	0	198	82	5942	0	18632	0	7844	0	55142	0	5300	0	0	0	4026	0	1572	0	0	0	108	0	1156	0	228	0	128	0	0	0	0	0	0	0	0	0	0	0	0	0	
179992	Temporal_Inf_R	0	114	0	0	0	0	0	0	0	0	0	0	0	0	0	0	0	722	0	0	0	0	0	0	0	0	0	0	0	1994	0	0	0	100	0	510	0	3504	0	2464	0	174	0	1748	0	1064	0	1712	0	1122	0	2044	0	4542	0	13396	0	1560	0	1594	0	1460	0	2818	0	3150	0	3714	0	518	0	0	0	0	0	0	0	1898	0	568	0	5690	0	2330	0	27648	0	1026	0	0	0	722	0	0	0	0	0	0	0	90	0	0	0	0	0	0	0	0	0	0	0	0	0	0	0	0	
553248	Cerebelum_Crus1_L	0	0	0	0	0	0	0	0	0	0	0	0	0	0	0	0	0	0	0	0	0	0	0	0	0	0	0	0	0	0	0	0	0	0	0	0	0	0	0	0	0	0	634	0	106	0	12856	2750	430	0	2562	0	3126	0	26908	584	0	0	174	0	0	0	0	0	0	0	138	0	0	0	0	0	0	0	0	0	0	0	0	0	0	0	0	0	132	0	0	0	4026	0	0	7700	36876	2882	702	974	32494	2312	64582	8366	13540	310	12494	1398	4604	678	92	0	320	1258	10664	10460	7022	1686	784	0	
649212	Cerebelum_Crus1_R	0	0	0	0	0	0	0	0	0	0	0	0	0	0	0	0	0	0	0	0	0	0	0	0	0	0	0	0	0	0	0	0	0	0	0	0	0	0	0	188	0	0	0	188	0	0	3030	5456	0	0	0	0	0	622	636	10916	0	0	0	0	0	0	0	0	0	0	0	0	0	0	0	0	0	0	0	0	0	0	0	0	0	0	0	0	0	0	0	0	0	722	7700	0	4462	35340	828	8930	11266	37648	10894	78850	1676	4828	2502	15432	3242	5346	0	116	766	5948	22984	14586	15482	5680	5552	2790	
303196	Cerebelum_Crus2_L	0	0	0	0	0	0	0	0	0	0	0	0	0	0	0	0	0	0	0	0	0	0	0	0	0	0	0	0	0	0	0	0	0	0	0	0	0	0	0	0	0	0	0	0	0	0	714	336	0	0	0	0	0	0	1850	136	0	0	0	0	0	0	0	0	0	0	0	0	0	0	0	0	0	0	0	0	0	0	0	0	0	0	0	0	0	0	0	0	1572	0	36876	4462	0	7336	154	242	3182	300	9820	4200	31392	1896	23358	3044	2494	266	112	0	174	424	1310	3170	9150	3358	270	0	
340644	Cerebelum_Crus2_R	0	0	0	0	0	0	0	0	0	0	0	0	0	0	0	0	0	0	0	0	0	0	0	0	0	0	0	0	0	0	0	0	0	0	0	0	0	0	0	156	0	0	0	0	0	0	672	142	0	0	0	0	0	0	140	822	0	0	0	0	0	0	0	0	0	0	0	0	0	0	0	0	0	0	0	0	0	0	0	0	0	0	0	0	0	0	0	0	0	0	2882	35340	7336	0	308	2628	2194	3264	2726	17204	3386	21128	2416	30186	972	5036	0	186	406	2164	2080	3536	13716	5312	3656	328	
47348	Cerebelum_3_L	0	0	0	0	0	0	0	0	0	0	0	0	0	0	0	0	0	0	0	0	0	0	0	0	0	0	0	0	0	0	0	0	0	0	0	0	0	0	228	0	0	0	0	0	0	0	0	272	0	0	0	0	0	0	236	0	0	0	0	0	0	0	0	0	0	0	0	0	0	0	0	0	0	0	0	0	0	0	0	0	0	0	0	0	0	0	0	0	0	0	702	828	154	308	0	1008	6568	184	1096	828	86	0	202	500	690	660	0	0	1176	3598	2074	0	640	742	724	170	
124676	Cerebelum_3_R	0	0	0	0	0	0	0	0	0	0	0	0	0	0	0	0	0	0	0	0	0	0	0	0	0	0	0	0	0	0	0	0	0	0	0	0	0	0	0	230	0	0	0	0	0	0	0	526	0	0	0	0	0	0	0	262	0	0	0	0	0	0	0	0	0	0	0	0	0	0	0	0	0	0	0	0	0	0	0	0	0	0	0	0	0	0	0	0	0	0	974	8930	242	2628	1008	0	2806	6902	1360	8952	138	0	246	2904	1456	2624	0	0	392	7540	4014	116	2464	2760	2702	162	
434656	Cerebelum_4_5_L	0	0	0	0	0	0	0	0	0	0	0	0	0	0	0	0	0	0	0	0	0	0	0	0	0	0	0	0	0	0	0	0	0	0	0	0	0	0	108	0	0	0	0	0	0	0	12410	3612	0	0	92	0	266	0	13624	884	0	0	0	0	0	0	0	0	0	0	0	0	0	0	0	0	0	0	0	0	0	0	0	0	0	0	0	0	0	0	0	0	108	0	32494	11266	3182	2194	6568	2806	0	6954	44262	11934	2306	0	3206	1732	7210	1898	622	0	1698	5234	24532	6984	3802	2156	2102	1082	
315524	Cerebelum_4_5_R	0	0	0	0	0	0	0	0	0	0	0	0	0	0	0	0	0	0	0	0	0	0	0	0	0	0	0	0	80	0	0	0	0	0	286	480	336	1388	0	2566	0	0	0	0	0	0	1236	6898	0	0	0	0	0	0	374	8042	0	0	0	0	0	0	0	0	0	0	0	152	0	0	0	0	0	0	0	0	98	282	136	0	0	0	0	0	0	0	0	0	0	0	2312	37648	300	3264	184	6902	6954	0	3180	40024	236	0	376	2092	1084	1782	0	0	0	3496	19850	656	1510	1272	1712	574	
523352	Cerebelum_6_L	0	0	0	0	0	0	0	0	0	0	0	0	0	0	0	0	0	0	0	0	0	0	0	0	0	0	0	0	0	0	0	0	0	0	0	0	0	0	0	0	0	0	0	0	0	0	14256	4774	0	0	164	0	572	0	27516	1462	0	0	0	0	0	0	0	0	0	0	0	0	0	0	0	0	0	0	0	0	0	0	0	0	0	0	0	0	0	0	0	0	1156	0	64582	10894	9820	2726	1096	1360	44262	3180	0	12346	4144	166	4596	1198	5998	934	528	0	776	1982	15792	16120	6620	1414	1090	152	
608072	Cerebelum_6_R	0	0	0	0	0	0	0	0	0	0	0	0	0	0	0	0	0	0	0	0	0	0	0	0	0	0	0	0	0	0	0	0	0	0	0	0	0	102	0	594	0	0	0	258	0	0	3508	7362	0	0	0	0	0	604	872	12932	0	0	0	0	0	0	0	0	0	0	0	0	0	0	0	0	0	0	0	0	0	0	0	0	0	0	0	0	0	0	0	0	0	90	8366	78850	4200	17204	828	8952	11934	40024	12346	0	1350	370	2244	7112	3240	5236	0	186	774	6040	24060	16234	14244	5456	5600	2864	
244372	Cerebelum_7b_L	0	0	0	0	0	0	0	0	0	0	0	0	0	0	0	0	0	0	0	0	0	0	0	0	0	0	0	0	0	0	0	0	0	0	0	0	0	0	0	0	0	0	0	0	0	0	266	0	0	0	0	0	0	0	142	0	0	0	0	0	0	0	0	0	0	0	0	0	0	0	0	0	0	0	0	0	0	0	0	0	0	0	0	0	0	0	0	0	228	0	13540	1676	31392	3386	86	138	2306	236	4144	1350	0	1936	36656	4890	6306	476	766	0	0	146	730	326	5146	5402	416	100	
141240	Cerebelum_7b_R	0	0	0	0	0	0	0	0	0	0	0	0	0	0	0	0	0	0	0	0	0	0	0	0	0	0	0	0	0	0	0	0	0	0	0	0	0	0	0	0	0	0	0	0	0	0	0	0	0	0	0	0	0	0	0	0	0	0	0	0	0	0	0	0	0	0	0	0	0	0	0	0	0	0	0	0	0	0	0	0	0	0	0	0	0	0	0	0	0	0	310	4828	1896	21128	0	0	0	0	166	370	1936	0	1518	27808	186	5810	0	0	0	0	0	0	1914	2464	286	0	
288772	Cerebelum_8_L	0	0	0	0	0	0	0	0	0	0	0	0	0	0	0	0	0	0	0	0	0	0	0	0	0	0	0	0	0	0	0	0	0	0	0	0	0	0	0	0	0	0	0	0	0	0	258	0	0	0	0	0	0	0	218	80	0	0	0	0	0	0	0	0	0	0	0	0	0	0	0	0	0	0	0	0	0	0	0	0	0	0	0	0	0	0	0	0	128	0	12494	2502	23358	2416	202	246	3206	376	4596	2244	36656	1518	0	7220	19194	2882	1290	0	0	244	1144	626	6204	10096	4080	908	
335172	Cerebelum_8_R	0	0	0	0	0	0	0	0	0	0	0	0	0	0	0	0	0	0	0	0	0	0	0	0	0	0	0	0	0	0	0	0	0	0	0	0	0	0	0	196	0	0	0	0	0	0	0	0	0	0	0	0	0	0	0	722	0	0	0	0	0	0	0	0	0	0	0	0	0	0	0	0	0	0	0	0	0	0	0	0	0	0	0	0	0	0	0	0	0	0	1398	15432	3044	30186	500	2904	1732	2092	1198	7112	4890	27808	7220	0	2178	23820	0	672	614	2950	2450	176	8530	12266	6814	682	
176376	Cerebelum_9_L	0	0	0	0	0	0	0	0	0	0	0	0	0	0	0	0	0	0	0	0	0	0	0	0	0	0	0	0	0	0	0	0	0	0	0	0	0	0	0	0	0	0	0	0	0	0	174	264	0	0	0	0	0	0	370	84	0	0	0	0	0	0	0	0	0	0	0	0	0	0	0	0	0	0	0	0	0	0	0	0	0	0	0	0	0	0	0	0	0	0	4604	3242	2494	972	690	1456	7210	1084	5998	3240	6306	186	19194	2178	0	3714	2056	0	482	2030	4000	1554	3824	4494	4978	1310	
192308	Cerebelum_9_R	0	0	0	0	0	0	0	0	0	0	0	0	0	0	0	0	0	0	0	0	0	0	0	0	0	0	0	0	0	0	0	0	0	0	0	0	0	0	0	122	0	0	0	0	0	0	0	0	0	0	0	0	0	0	0	826	0	0	0	0	0	0	0	0	0	0	0	0	0	0	0	0	0	0	0	0	0	0	0	0	0	0	0	0	0	0	0	0	0	0	678	5346	266	5036	660	2624	1898	1782	934	5236	476	5810	2882	23820	3714	0	166	1106	536	2742	2488	1128	5630	7768	9140	3340	
12732	Cerebelum_10_L	0	0	0	0	0	0	0	0	0	0	0	0	0	0	0	0	0	0	0	0	0	0	0	0	0	0	0	0	0	0	0	0	0	0	0	0	0	0	0	0	0	0	0	0	0	0	0	0	0	0	0	0	0	0	210	0	0	0	0	0	0	0	0	0	0	0	0	0	0	0	0	0	0	0	0	0	0	0	0	0	0	0	0	0	0	0	0	0	0	0	92	0	112	0	0	0	622	0	528	0	766	0	1290	0	2056	166	0	0	0	0	86	0	84	126	122	106	
5680	Cerebelum_10_R	0	0	0	0	0	0	0	0	0	0	0	0	0	0	0	0	0	0	0	0	0	0	0	0	0	0	0	0	0	0	0	0	0	0	0	0	0	0	0	0	0	0	0	0	0	0	0	0	0	0	0	0	0	0	0	0	0	0	0	0	0	0	0	0	0	0	0	0	0	0	0	0	0	0	0	0	0	0	0	0	0	0	0	0	0	0	0	0	0	0	0	116	0	186	0	0	0	0	0	186	0	0	0	672	0	1106	0	0	0	0	0	0	134	188	252	0	
32376	Vermis_1_2	0	0	0	0	0	0	0	0	0	0	0	0	0	0	0	0	0	0	0	0	0	0	0	0	0	0	0	0	0	0	0	0	0	0	0	0	0	0	90	0	0	0	0	0	0	0	0	0	0	0	0	0	0	0	0	0	0	0	0	0	0	0	0	0	0	0	0	0	0	0	0	0	0	0	0	0	0	0	0	0	0	0	0	0	0	0	0	0	0	0	320	766	174	406	1176	392	1698	0	776	774	0	0	0	614	482	536	0	0	0	4218	1608	0	762	674	490	232	
135468	Vermis_3	0	0	0	0	0	0	0	0	0	0	0	0	0	0	0	0	0	0	0	0	0	0	0	0	0	0	0	0	0	0	0	0	0	0	0	0	0	0	216	0	0	0	0	0	0	0	124	510	0	0	0	0	0	0	0	420	0	0	0	0	0	0	0	0	0	0	0	0	0	0	0	0	0	0	0	0	0	0	0	0	0	0	0	0	0	0	0	0	0	0	1258	5948	424	2164	3598	7540	5234	3496	1982	6040	146	0	244	2950	2030	2742	0	0	4218	0	7322	140	2822	2988	2846	332	
370096	Vermis_4_5	0	0	0	0	0	0	0	0	0	0	0	0	0	0	0	0	0	0	0	0	0	0	0	0	0	0	0	0	0	0	0	0	0	0	0	670	0	740	0	276	0	0	0	0	0	0	3968	6980	0	0	120	0	310	0	2894	3174	0	0	0	0	0	0	0	0	0	0	0	768	0	0	0	0	0	0	0	0	0	0	0	0	0	0	0	0	0	0	0	0	0	0	10664	22984	1310	2080	2074	4014	24532	19850	15792	24060	730	0	1144	2450	4000	2488	86	0	1608	7322	0	7768	2852	2492	2498	2350	
207500	Vermis_6	0	0	0	0	0	0	0	0	0	0	0	0	0	0	0	0	0	0	0	0	0	0	0	0	0	0	0	0	0	0	0	0	0	0	0	0	0	0	0	0	0	0	0	0	0	0	3704	3958	0	0	0	0	0	80	2066	1698	0	0	0	0	0	0	0	0	0	0	0	0	0	0	0	0	0	0	0	0	0	0	0	0	0	0	0	0	0	0	0	0	0	0	10460	14586	3170	3536	0	116	6984	656	16120	16234	326	0	626	176	1554	1128	0	0	0	140	7768	0	5592	492	918	1662	
