data	data	456272	193940	1.11165e+06	1.13017e+06	158560	96260	625824	441080	69696	62652	222760	256576	302472	276420	160856	110624	277160	147620	720864	827564	75884	87572	457128	577560	57676	69052	87144	73292	671004	479500	422224	739564	220620	549968	169840	147692	211696	205588	73436	94416	27112	42512	297520	203316	206024	279956	312104	239884	201524	309416	561860	219232	153764	61856	310616	289952	290336	129104	166320	85768	186520	97476	104180	155436	117612	115904	407852	283172	87692	157568	327452	495848	381428	359080	58016	20968	170044	108344	78916	36296	201724	167876	82004	47300	341576	255052	24036	24480	269712	210240	368764	296172	227752	229012	16260	18056	216496	161080	344988	296260	172868	120196	231784	188832	109892	65392	18676	5312	18104	27484	200620	148072	182508	84320	44000	20780	
data	data	Precentral_L	Precentral_R	Frontal_Sup_L	Frontal_Sup_R	Frontal_Sup_Orb_L	Frontal_Sup_Orb_R	Frontal_Mid_L	Frontal_Mid_R	Frontal_Mid_Orb_L	Frontal_Mid_Orb_R	Frontal_Inf_Oper_L	Frontal_Inf_Oper_R	Frontal_Inf_Tri_L	Frontal_Inf_Tri_R	Frontal_Inf_Orb_L	Frontal_Inf_Orb_R	Rolandic_Oper_L	Rolandic_Oper_R	Supp_Motor_Area_L	Supp_Motor_Area_R	Olfactory_L	Olfactory_R	Frontal_Sup_Medial_L	Frontal_Sup_Medial_R	Frontal_Med_Orb_L	Frontal_Med_Orb_R	Rectus_L	Rectus_R	Insula_L	Insula_R	Cingulum_Ant_L	Cingulum_Ant_R	Cingulum_Mid_L	Cingulum_Mid_R	Cingulum_Post_L	Cingulum_Post_R	Hippocampus_L	Hippocampus_R	ParaHippocampal_L	ParaHippocampal_R	Amygdala_L	Amygdala_R	Calcarine_L	Calcarine_R	Cuneus_L	Cuneus_R	Lingual_L	Lingual_R	Occipital_Sup_L	Occipital_Sup_R	Occipital_Mid_L	Occipital_Mid_R	Occipital_Inf_L	Occipital_Inf_R	Fusiform_L	Fusiform_R	Postcentral_L	Postcentral_R	Parietal_Sup_L	Parietal_Sup_R	Parietal_Inf_L	Parietal_Inf_R	SupraMarginal_L	SupraMarginal_R	Angular_L	Angular_R	Precuneus_L	Precuneus_R	Paracentral_Lobule_L	Paracentral_Lobule_R	Caudate_L	Caudate_R	Putamen_L	Putamen_R	Pallidum_L	Pallidum_R	Thalamus_L	Thalamus_R	Heschl_L	Heschl_R	Temporal_Sup_L	Temporal_Sup_R	Temporal_Pole_Sup_L	Temporal_Pole_Sup_R	Temporal_Mid_L	Temporal_Mid_R	Temporal_Pole_Mid_L	Temporal_Pole_Mid_R	Temporal_Inf_L	Temporal_Inf_R	Cerebelum_Crus1_L	Cerebelum_Crus1_R	Cerebelum_Crus2_L	Cerebelum_Crus2_R	Cerebelum_3_L	Cerebelum_3_R	Cerebelum_4_5_L	Cerebelum_4_5_R	Cerebelum_6_L	Cerebelum_6_R	Cerebelum_7b_L	Cerebelum_7b_R	Cerebelum_8_L	Cerebelum_8_R	Cerebelum_9_L	Cerebelum_9_R	Cerebelum_10_L	Cerebelum_10_R	Vermis_1_2	Vermis_3	Vermis_4_5	Vermis_6	Vermis_7	Vermis_8	Vermis_9	Vermis_10	
456272	Precentral_L	0	2986	21876	1342	0	0	30446	356	0	0	14268	0	2444	0	0	0	13628	138	10070	8228	0	0	0	0	0	0	0	0	11186	96	0	0	710	4110	4174	1210	3460	604	340	150	350	0	514	0	98	0	100	370	0	0	3266	0	762	0	784	358	27272	142	762	0	3846	0	3040	0	234	0	2620	206	5438	6058	4838	346	5612	0	864	0	15744	210	5620	0	2620	0	0	0	2818	0	0	0	1194	228	0	0	0	0	0	0	0	0	0	0	0	0	0	0	0	0	0	0	0	0	0	0	0	0	0	0	
193940	Precentral_R	2986	0	1872	7612	0	0	984	10548	0	0	0	6216	142	336	0	0	0	2436	1582	11714	0	0	116	284	0	0	0	0	178	2448	216	440	0	146	0	674	192	1884	0	384	0	0	0	0	0	0	0	0	0	130	0	234	0	0	0	2310	1548	11748	0	346	102	1986	0	5046	0	0	0	310	534	6454	2540	886	644	2498	580	0	306	950	0	568	0	830	0	0	0	706	0	0	0	2324	0	0	0	0	0	0	0	0	0	0	0	0	0	0	0	0	0	0	0	0	0	0	0	0	0	0	
1.11165e+06	Frontal_Sup_L	21876	1872	0	25396	12440	0	89548	4202	3414	0	13166	1334	19510	1728	12134	130	14232	0	73090	24788	126	0	51612	19582	4106	0	850	0	36138	2424	22782	13664	5014	12614	384	226	1448	338	250	0	118	0	0	0	0	0	0	464	0	0	410	0	0	0	110	0	8710	0	102	0	108	0	220	0	0	0	160	0	146	380	10022	2158	24432	588	3146	106	7718	226	1484	0	2528	0	156	0	868	0	0	0	1048	0	0	0	0	0	0	0	0	0	0	0	0	0	0	0	0	0	0	0	0	0	0	0	0	0	0	0	
1.13017e+06	Frontal_Sup_R	1342	7612	25396	0	474	3420	7334	51664	0	2962	3454	15444	2390	17918	442	7322	1052	7174	22472	74330	0	96	19676	59364	378	2754	0	974	5254	30874	12718	60984	4948	25630	0	0	0	3136	0	200	0	0	0	0	0	0	0	0	0	0	0	0	0	0	0	648	94	1118	0	0	0	684	0	890	0	0	0	0	0	292	10870	32818	1494	26896	214	1496	150	7246	0	286	0	420	0	0	0	138	0	0	0	142	0	0	0	0	0	0	0	0	0	0	0	0	0	0	0	0	0	0	0	0	0	0	0	0	0	0	
158560	Frontal_Sup_Orb_L	0	0	12440	474	0	288	1718	178	9946	0	448	0	1676	0	8888	116	506	0	664	106	1508	1160	3654	584	4620	0	5214	418	9146	0	3946	586	0	0	0	0	0	0	0	0	0	0	0	0	0	0	0	0	0	0	0	0	0	0	0	0	0	0	0	0	0	0	0	0	0	0	0	0	0	0	3296	1030	6486	0	0	0	0	0	0	0	0	0	184	0	0	0	0	0	0	0	0	0	0	0	0	0	0	0	0	0	0	0	0	0	0	0	0	0	0	0	0	0	0	0	0	0	
96260	Frontal_Sup_Orb_R	0	0	0	3420	288	0	0	2152	0	7540	0	0	0	472	0	4236	0	0	0	0	1170	1894	0	3012	402	6748	1244	8040	0	280	172	1732	0	0	0	0	0	0	0	0	0	0	0	0	0	0	0	0	0	0	0	0	0	0	0	0	0	0	0	0	0	0	0	0	0	0	0	0	0	0	1148	2394	104	1682	0	0	0	0	0	0	0	0	0	0	0	0	0	0	0	0	0	0	0	0	0	0	0	0	0	0	0	0	0	0	0	0	0	0	0	0	0	0	0	0	0	0	
625824	Frontal_Mid_L	30446	984	89548	7334	1718	0	0	1300	3384	0	11148	898	29748	956	11502	0	3294	0	11570	6302	0	0	17892	4530	116	0	0	0	18326	1420	8288	4194	2918	6274	448	682	1650	276	186	0	522	0	0	0	0	0	0	94	0	0	536	0	98	0	110	142	3010	0	118	0	330	0	260	0	0	0	252	0	0	408	7044	972	4550	154	630	0	14358	218	902	0	440	0	0	0	272	0	0	0	160	0	0	0	0	0	0	0	0	0	0	0	0	0	0	0	0	0	0	0	0	0	0	0	0	0	0	0	
441080	Frontal_Mid_R	356	10548	4202	51664	178	2152	1300	0	0	5382	2866	18314	1472	23806	0	7548	698	3914	5430	7350	0	0	2046	10852	0	0	0	0	2416	16192	1052	11678	852	6132	0	0	108	428	0	0	0	0	0	0	0	0	0	0	0	0	0	0	0	0	0	0	0	252	0	0	0	104	0	488	0	0	0	0	0	0	5384	9834	548	4782	0	0	120	92	0	0	0	0	0	0	0	0	0	0	0	0	0	0	0	0	0	0	0	0	0	0	0	0	0	0	0	0	0	0	0	0	0	0	0	0	0	0	
69696	Frontal_Mid_Orb_L	0	0	3414	0	9946	0	3384	0	0	0	0	0	1870	0	11258	0	0	0	0	0	0	0	0	0	0	0	1104	0	3058	0	0	0	0	0	0	0	0	0	0	0	0	0	0	0	0	0	0	0	0	0	0	0	0	0	0	0	0	0	0	0	0	0	0	0	0	0	0	0	0	0	0	0	814	0	0	0	0	0	0	0	0	0	0	0	0	0	0	0	0	0	0	0	0	0	0	0	0	0	0	0	0	0	0	0	0	0	0	0	0	0	0	0	0	0	0	0	
62652	Frontal_Mid_Orb_R	0	0	0	2962	0	7540	0	5382	0	0	0	148	0	1528	0	9208	0	0	0	176	0	0	0	318	0	344	0	1318	0	686	0	388	0	158	0	0	0	0	0	0	0	0	0	0	0	0	0	0	0	0	0	0	0	0	0	0	0	0	0	0	0	0	0	0	0	0	0	0	0	0	0	758	0	412	0	0	0	0	0	0	0	0	0	0	0	0	0	0	0	0	0	0	0	0	0	0	0	0	0	0	0	0	0	0	0	0	0	0	0	0	0	0	0	0	0	0	
222760	Frontal_Inf_Oper_L	14268	0	13166	3454	448	0	11148	2866	0	0	0	0	9972	0	782	0	11592	0	8018	776	0	0	306	1370	150	0	0	0	11794	0	970	1706	0	0	0	0	0	0	0	0	0	0	0	0	0	0	0	0	0	0	0	0	0	0	0	0	6484	0	0	0	174	0	148	0	0	0	0	0	0	0	5598	1334	1702	786	0	0	0	0	656	0	1148	0	380	0	184	0	0	0	0	0	0	0	0	0	0	0	0	0	0	0	0	0	0	0	0	0	0	0	0	0	0	0	0	0	0	0	
256576	Frontal_Inf_Oper_R	0	6216	1334	15444	0	0	898	18314	0	148	0	0	0	21552	0	992	0	3558	3166	5312	0	0	1436	5426	0	0	0	0	0	21748	196	6038	584	5332	0	0	0	338	0	0	0	0	0	0	0	0	0	0	0	0	0	0	0	0	0	0	0	2030	0	0	0	0	0	0	0	0	0	0	0	0	174	3722	0	4018	0	0	0	0	0	0	0	92	0	220	0	0	0	0	0	0	0	0	0	0	0	0	0	0	0	0	0	0	0	0	0	0	0	0	0	0	0	0	0	0	0	0	
302472	Frontal_Inf_Tri_L	2444	142	19510	2390	1676	0	29748	1472	1870	0	9972	0	0	0	12192	0	1238	0	2194	828	0	0	5556	1648	248	0	0	0	34714	184	8808	3060	3152	1158	0	0	0	0	0	0	0	0	0	0	0	0	0	0	0	0	0	0	0	0	0	0	400	0	0	0	0	0	0	0	0	0	0	0	0	0	3680	810	1304	372	0	0	0	0	0	0	140	0	326	0	0	0	0	0	0	0	0	0	0	0	0	0	0	0	0	0	0	0	0	0	0	0	0	0	0	0	0	0	0	0	0	0	
276420	Frontal_Inf_Tri_R	0	336	1728	17918	0	472	956	23806	0	1528	0	21552	0	0	0	5014	0	226	3622	6508	0	0	1898	7168	0	0	0	0	0	23810	440	8064	782	6262	0	0	0	0	0	0	0	0	0	0	0	0	0	0	0	0	0	0	0	0	0	0	0	0	0	0	0	0	0	0	0	0	0	0	0	0	202	5202	0	716	0	0	0	0	0	0	0	0	0	0	0	0	0	0	0	0	0	0	0	0	0	0	0	0	0	0	0	0	0	0	0	0	0	0	0	0	0	0	0	0	0	0	
160856	Frontal_Inf_Orb_L	0	0	12134	442	8888	0	11502	0	11258	0	782	0	12192	0	0	0	0	0	242	0	640	140	1106	292	0	0	870	0	12432	0	2160	690	272	344	0	0	0	0	0	0	0	0	0	0	0	0	0	0	0	0	0	0	0	0	0	0	0	0	0	0	0	0	0	0	0	0	0	0	0	0	638	248	2256	0	0	0	0	0	0	0	160	0	608	0	132	0	0	0	0	0	0	0	0	0	0	0	0	0	0	0	0	0	0	0	0	0	0	0	0	0	0	0	0	0	0	0	
110624	Frontal_Inf_Orb_R	0	0	130	7322	116	4236	0	7548	0	9208	0	992	0	5014	0	0	0	0	120	920	154	686	118	1380	0	180	164	832	0	6538	142	2056	106	378	0	0	0	0	0	0	0	0	0	0	0	0	0	0	0	0	0	0	0	0	0	0	0	0	0	0	0	0	0	0	0	0	0	0	0	0	276	4708	0	1848	0	0	0	0	0	0	0	0	0	140	0	0	0	0	0	0	0	0	0	0	0	0	0	0	0	0	0	0	0	0	0	0	0	0	0	0	0	0	0	0	0	0	
277160	Rolandic_Oper_L	13628	0	14232	1052	506	0	3294	698	0	0	11592	0	1238	0	0	0	0	0	9320	210	0	0	0	430	112	0	0	0	24634	0	398	570	92	0	0	0	478	0	0	0	0	0	328	0	0	0	0	0	174	0	5174	0	732	0	224	0	16336	0	588	0	712	0	2686	0	882	0	1072	0	0	0	1504	426	5260	274	276	0	534	0	4338	0	9154	0	358	0	4200	0	0	0	864	0	0	0	0	0	0	0	0	0	0	0	0	0	0	0	0	0	0	0	0	0	0	0	0	0	0	0	
147620	Rolandic_Oper_R	138	2436	0	7174	0	0	0	3914	0	0	0	3558	0	226	0	0	0	0	0	4716	0	0	0	106	0	0	0	0	0	15692	0	0	0	208	0	0	0	488	0	286	0	0	0	0	0	940	0	0	0	1222	0	734	0	0	0	416	0	3776	0	306	0	2178	0	4822	0	566	592	1124	0	1138	0	108	0	2658	0	0	0	160	0	2212	0	8980	0	310	0	1368	0	0	0	1258	0	0	0	0	0	0	0	0	0	0	0	0	0	0	0	0	0	0	0	0	0	0	0	0	0	0	
720864	Supp_Motor_Area_L	10070	1582	73090	22472	664	0	11570	5430	0	0	8018	3166	2194	3622	242	120	9320	0	0	52924	0	0	4604	6498	226	0	0	0	15300	4474	10346	10714	10136	25668	1142	164	788	438	180	0	0	0	0	0	0	0	0	198	0	0	530	0	0	0	112	0	7146	0	118	0	146	0	184	0	0	0	254	0	3378	1340	11346	3480	23094	1206	6452	142	562	368	1086	0	2082	0	0	0	880	0	0	0	1166	0	0	0	0	0	0	0	0	0	0	0	0	0	0	0	0	0	0	0	0	0	0	0	0	0	0	0	
827564	Supp_Motor_Area_R	8228	11714	24788	74330	106	0	6302	7350	0	176	776	5312	828	6508	0	920	210	4716	52924	0	0	0	3208	11784	0	0	0	0	1498	12372	8030	19082	7398	41280	158	570	0	2482	0	292	0	0	0	112	0	110	0	596	0	290	0	520	0	104	0	1368	114	1910	0	316	0	1742	0	3726	0	144	0	222	4582	22316	6096	18586	1502	16006	632	3444	1472	8394	0	510	0	1352	0	0	0	1876	0	0	0	2398	0	0	0	0	0	0	0	0	0	0	0	0	0	0	0	0	0	0	0	0	0	0	0	0	0	0	
75884	Olfactory_L	0	0	126	0	1508	1170	0	0	0	0	0	0	0	0	640	154	0	0	0	0	0	6372	0	0	426	0	5894	2556	1790	0	3068	2418	0	0	0	0	0	0	378	0	368	0	0	0	0	0	0	0	0	0	0	0	0	0	0	0	0	0	0	0	0	0	0	0	0	0	0	0	0	0	5930	3242	860	950	0	0	0	0	0	0	0	0	92	0	0	0	0	0	0	0	0	0	0	0	0	0	0	0	0	0	0	0	0	0	0	0	0	0	0	0	0	0	0	0	0	0	
87572	Olfactory_R	0	0	0	96	1160	1894	0	0	0	0	0	0	0	0	140	686	0	0	0	0	6372	0	0	0	294	194	5130	3440	0	1624	2522	2228	0	0	0	0	0	98	0	118	0	666	0	0	0	0	0	0	0	0	0	0	0	0	0	0	0	0	0	0	0	0	0	0	0	0	0	0	0	0	7302	5986	1446	2252	0	0	0	138	0	0	0	0	0	0	0	0	0	0	0	0	0	0	0	0	0	0	0	0	0	0	0	0	0	0	0	0	0	0	0	0	0	0	0	0	0	0	
457128	Frontal_Sup_Medial_L	0	116	51612	19676	3654	0	17892	2046	0	0	306	1436	5556	1898	1106	118	0	0	4604	3208	0	0	0	29134	4614	322	1288	0	6200	2176	22714	20484	7554	16350	0	0	0	0	0	0	0	0	0	0	0	0	0	0	0	0	0	0	0	0	0	0	0	0	0	0	0	0	0	0	0	0	0	0	0	0	1174	910	2042	374	0	0	0	0	0	0	0	0	0	0	0	0	0	0	0	0	0	0	0	0	0	0	0	0	0	0	0	0	0	0	0	0	0	0	0	0	0	0	0	0	0	0	
577560	Frontal_Sup_Medial_R	0	284	19582	59364	584	3012	4530	10852	0	318	1370	5426	1648	7168	292	1380	430	106	6498	11784	0	0	29134	0	1226	4378	266	600	3036	9416	7814	44020	1312	14184	0	0	0	190	0	0	0	0	0	0	0	0	0	0	0	0	0	0	0	0	0	0	0	0	0	0	0	0	0	0	0	0	0	0	0	0	2950	21586	618	13160	0	0	0	262	0	0	0	0	0	0	0	0	0	0	0	0	0	0	0	0	0	0	0	0	0	0	0	0	0	0	0	0	0	0	0	0	0	0	0	0	0	0	
57676	Frontal_Med_Orb_L	0	0	4106	378	4620	402	116	0	0	0	150	0	248	0	0	0	112	0	226	0	426	294	4614	1226	0	1230	1404	234	1006	0	4334	1046	0	0	0	0	0	0	0	0	0	0	0	0	0	0	0	0	0	0	0	0	0	0	0	0	0	0	0	0	0	0	0	0	0	0	0	0	0	0	868	208	1478	112	0	0	0	0	0	0	0	0	0	0	0	0	0	0	0	0	0	0	0	0	0	0	0	0	0	0	0	0	0	0	0	0	0	0	0	0	0	0	0	0	0	0	
69052	Frontal_Med_Orb_R	0	0	0	2754	0	6748	0	0	0	344	0	0	0	0	0	180	0	0	0	0	0	194	322	4378	1230	0	278	5518	0	0	746	4464	0	0	0	0	0	0	0	0	0	0	0	0	0	0	0	0	0	0	0	0	0	0	0	0	0	0	0	0	0	0	0	0	0	0	0	0	0	0	0	3506	0	3864	0	0	0	0	0	0	0	0	0	0	0	0	0	0	0	0	0	0	0	0	0	0	0	0	0	0	0	0	0	0	0	0	0	0	0	0	0	0	0	0	0	0	
87144	Rectus_L	0	0	850	0	5214	1244	0	0	1104	0	0	0	0	0	870	164	0	0	0	0	5894	5130	1288	266	1404	278	0	2528	346	0	4278	2140	0	0	0	0	0	0	0	0	0	0	0	0	0	0	0	0	0	0	0	0	0	0	0	0	0	0	0	0	0	0	0	0	0	0	0	0	0	0	6138	2552	1194	690	0	0	0	0	0	0	0	0	0	0	0	0	0	0	0	0	0	0	0	0	0	0	0	0	0	0	0	0	0	0	0	0	0	0	0	0	0	0	0	0	0	0	
73292	Rectus_R	0	0	0	974	418	8040	0	0	0	1318	0	0	0	0	0	832	0	0	0	0	2556	3440	0	600	234	5518	2528	0	0	386	940	2276	0	0	0	0	0	0	0	0	0	102	0	0	0	0	0	0	0	0	0	0	0	0	0	0	0	0	0	0	0	0	0	0	0	0	0	0	0	0	1858	2872	154	1600	0	0	0	0	0	0	0	0	0	0	0	0	0	0	0	0	0	0	0	0	0	0	0	0	0	0	0	0	0	0	0	0	0	0	0	0	0	0	0	0	0	0	
671004	Insula_L	11186	178	36138	5254	9146	0	18326	2416	3058	0	11794	0	34714	0	12432	0	24634	0	15300	1498	1790	0	6200	3036	1006	0	346	0	0	226	13238	5442	3954	1494	632	554	5198	0	1044	0	2566	0	526	0	0	0	0	110	126	0	4920	0	940	0	2720	0	9292	0	740	0	736	0	792	0	1028	0	1732	0	0	0	7126	1834	28022	840	624	0	2348	0	7910	0	13794	0	2336	0	8676	0	104	0	5426	0	0	0	0	0	0	0	0	0	0	0	0	0	0	0	0	0	0	0	0	0	0	0	0	0	0	0	
479500	Insula_R	96	2448	2424	30874	0	280	1420	16192	0	686	0	21748	184	23810	0	6538	0	15692	4474	12372	0	1624	2176	9416	0	0	0	386	226	0	590	13260	940	7096	0	0	0	4406	0	630	0	794	0	0	0	944	0	0	0	1074	0	474	0	0	0	2768	0	1558	0	128	0	290	0	686	0	130	596	1086	0	746	982	9918	382	18952	0	102	0	484	0	4136	0	8176	0	1174	0	1774	0	0	0	2408	0	0	0	0	0	0	0	0	0	0	0	0	0	0	0	0	0	0	0	0	0	0	0	0	0	0	
422224	Cingulum_Ant_L	0	216	22782	12718	3946	172	8288	1052	0	0	970	196	8808	440	2160	142	398	0	10346	8030	3068	2522	22714	7814	4334	746	4278	940	13238	590	0	30136	7976	10874	0	0	0	0	0	0	0	0	0	0	0	0	0	0	0	0	0	0	0	0	0	0	0	0	0	0	0	0	0	0	0	0	0	0	0	0	6060	3850	9106	2202	0	0	0	0	0	0	0	0	0	0	0	0	0	0	0	0	0	0	0	0	0	0	0	0	0	0	0	0	0	0	0	0	0	0	0	0	0	0	0	0	0	0	
739564	Cingulum_Ant_R	0	440	13664	60984	586	1732	4194	11678	0	388	1706	6038	3060	8064	690	2056	570	0	10714	19082	2418	2228	20484	44020	1046	4464	2140	2276	5442	13260	30136	0	7244	25298	0	0	0	152	0	0	0	0	0	0	0	0	0	0	0	0	0	0	0	0	0	0	0	0	0	0	0	0	0	0	0	0	0	0	0	0	5738	34848	2886	19718	0	0	0	338	0	0	0	0	0	0	0	0	0	0	0	0	0	0	0	0	0	0	0	0	0	0	0	0	0	0	0	0	0	0	0	0	0	0	0	0	0	0	
220620	Cingulum_Mid_L	710	0	5014	4948	0	0	2918	852	0	0	0	584	3152	782	272	106	92	0	10136	7398	0	0	7554	1312	0	0	0	0	3954	940	7976	7244	0	19982	4638	952	0	0	0	0	0	0	390	0	1482	746	146	0	1536	712	1584	0	0	0	0	0	180	0	950	0	0	0	0	0	0	0	5626	1194	3366	208	0	134	126	182	0	0	0	0	0	0	0	0	0	0	106	0	0	0	126	0	0	0	0	0	0	0	0	0	0	0	0	0	0	0	0	0	0	0	0	0	0	0	0	0	0	0	
549968	Cingulum_Mid_R	4110	146	12614	25630	0	0	6274	6132	0	158	0	5332	1158	6262	344	378	0	208	25668	41280	0	0	16350	14184	0	0	0	0	1494	7096	10874	25298	19982	0	864	3470	0	524	0	0	0	0	0	188	0	5294	0	640	0	4950	0	1020	0	0	0	0	0	1304	0	0	0	0	0	0	0	0	2234	7730	3050	8370	0	1210	142	1240	0	0	1002	152	0	0	0	100	0	0	0	414	0	0	0	114	0	0	0	0	0	0	0	0	0	0	0	0	0	0	0	0	0	0	0	0	0	0	0	0	0	0	
169840	Cingulum_Post_L	4174	0	384	0	0	0	448	0	0	0	0	0	0	0	0	0	0	0	1142	158	0	0	0	0	0	0	0	0	632	0	0	0	4638	864	0	10202	8452	374	2662	138	0	0	5230	0	3600	344	3656	0	2204	166	2642	0	732	0	1780	276	2218	0	532	0	240	0	266	0	0	0	11132	3340	4850	248	0	0	1006	0	0	0	3902	0	216	0	180	0	0	0	726	0	0	0	1044	122	0	0	0	0	0	0	0	0	0	0	0	0	0	0	0	0	0	0	0	0	0	0	0	0	0	0	
147692	Cingulum_Post_R	1210	674	226	0	0	0	682	0	0	0	0	0	0	0	0	0	0	0	164	570	0	0	0	0	0	0	0	0	554	0	0	0	952	3470	10202	0	6540	3494	1126	2602	0	0	0	1270	0	1046	902	2682	0	530	0	224	182	242	914	3012	102	2428	0	0	0	0	0	0	0	0	1386	10474	174	2824	334	0	1058	0	0	0	6522	724	224	0	0	0	0	0	402	524	0	0	828	2234	0	0	0	0	0	0	0	0	0	0	0	0	0	0	0	0	0	0	0	0	138	0	0	0	0	0	
211696	Hippocampus_L	3460	192	1448	0	0	0	1650	108	0	0	0	0	0	0	0	0	478	0	788	0	0	0	0	0	0	0	0	0	5198	0	0	0	0	0	8452	6540	0	1494	9984	1094	4346	0	3192	0	144	0	3280	782	0	0	736	0	1186	0	12580	368	702	0	0	0	180	0	0	0	0	0	3794	2142	0	0	280	0	7492	0	196	0	5290	98	1546	0	956	0	480	0	2792	0	96	0	12194	0	0	0	0	0	0	0	110	0	0	0	0	0	0	0	0	0	0	0	0	0	0	0	0	0	0	0	
205588	Hippocampus_R	604	1884	338	3136	0	0	276	428	0	0	0	338	0	0	0	0	0	488	438	2482	0	98	0	190	0	0	0	0	0	4406	0	152	0	524	374	3494	1494	0	212	12518	0	5806	0	0	0	194	120	610	0	238	0	178	0	0	136	18478	98	354	0	0	0	0	0	0	0	0	150	1858	0	272	474	5204	432	8256	200	670	1824	10262	0	1044	0	3068	0	1100	98	1540	0	98	156	6002	0	0	0	0	0	0	0	0	0	0	0	0	0	0	0	0	0	0	0	0	0	0	0	0	0	0	
73436	ParaHippocampal_L	340	0	250	0	0	0	186	0	0	0	0	0	0	0	0	0	0	0	180	0	378	0	0	0	0	0	0	0	1044	0	0	0	0	0	2662	1126	9984	212	0	170	962	0	1604	0	0	0	3000	206	0	0	400	0	650	0	5028	0	106	0	0	0	0	0	0	0	0	0	1958	484	0	0	0	0	1740	0	128	0	738	0	0	0	0	0	0	0	136	0	0	0	2494	0	0	0	0	0	0	0	258	0	116	0	0	0	0	0	0	0	0	0	0	178	0	0	0	0	0	0	
94416	ParaHippocampal_R	150	384	0	200	0	0	0	0	0	0	0	0	0	0	0	0	0	286	0	292	0	118	0	0	0	0	0	0	0	630	0	0	0	0	138	2602	1094	12518	170	0	0	3968	0	0	0	0	0	2290	0	104	0	92	0	0	0	10298	0	0	0	0	0	0	0	0	0	0	0	2688	0	124	0	0	0	1462	0	314	948	1990	0	304	0	566	0	1766	0	112	0	480	0	1014	0	0	0	0	0	0	0	0	0	0	0	0	0	0	0	0	0	0	0	0	106	0	0	0	0	0	
27112	Amygdala_L	350	0	118	0	0	0	522	0	0	0	0	0	0	0	0	0	0	0	0	0	368	0	0	0	0	0	0	0	2566	0	0	0	0	0	0	0	4346	0	962	0	0	0	0	0	0	0	0	0	0	0	0	0	0	0	2320	0	0	0	0	0	0	0	0	0	0	0	0	0	0	0	0	0	160	0	0	0	616	0	0	0	0	0	282	0	0	0	190	0	756	0	0	0	0	0	0	0	0	0	0	0	0	0	0	0	0	0	0	0	0	0	0	0	0	0	0	0	
42512	Amygdala_R	0	0	0	0	0	0	0	0	0	0	0	0	0	0	0	0	0	0	0	0	0	666	0	0	0	0	0	102	0	794	0	0	0	0	0	0	0	5806	0	3968	0	0	0	0	0	0	0	0	0	0	0	0	0	0	0	5012	0	0	0	0	0	0	0	0	0	0	0	0	0	0	0	194	0	1070	0	0	0	680	0	0	0	0	0	2178	0	0	0	134	0	652	0	0	0	0	0	0	0	0	0	0	0	0	0	0	0	0	0	0	0	0	0	0	0	0	0	0	
297520	Calcarine_L	514	0	0	0	0	0	0	0	0	0	0	0	0	0	0	0	328	0	0	0	0	0	0	0	0	0	0	0	526	0	0	0	390	0	5230	0	3192	0	1604	0	0	0	0	6950	14922	5830	20190	816	11496	3348	29768	268	7046	0	4176	0	1488	0	1252	0	436	0	0	0	0	0	20738	398	878	0	0	0	0	0	0	0	118	0	160	0	412	0	0	0	3740	120	0	0	1398	0	326	0	216	0	0	0	118	0	368	0	0	0	0	0	0	0	0	0	0	0	0	0	0	0	0	0	
203316	Calcarine_R	0	0	0	0	0	0	0	0	0	0	0	0	0	0	0	0	0	0	0	112	0	0	0	0	0	0	0	0	0	0	0	0	0	188	0	1270	0	0	0	0	0	0	6950	0	6092	17904	4412	13050	154	16322	130	8764	0	4094	0	3880	0	308	0	0	0	0	0	0	0	0	670	8696	0	204	0	0	0	0	0	0	0	0	0	0	0	0	0	0	0	5436	0	0	0	2928	0	0	0	0	0	0	0	0	0	0	0	0	0	0	0	0	0	0	0	0	94	0	0	0	0	0	
206024	Cuneus_L	98	0	0	0	0	0	0	0	0	0	0	0	0	0	0	0	0	0	0	0	0	0	0	0	0	0	0	0	0	0	0	0	1482	0	3600	0	144	0	0	0	0	0	14922	6092	0	10098	1422	0	20578	5384	15788	1314	1210	0	632	0	610	0	324	0	0	0	0	0	0	0	13204	1478	2044	0	0	0	0	0	0	0	0	0	0	0	0	0	0	0	1250	626	0	0	366	346	0	0	0	0	0	0	0	0	0	0	0	0	0	0	0	0	0	0	0	0	0	0	0	0	0	0	
279956	Cuneus_R	0	0	0	0	0	0	0	0	0	0	0	0	0	0	0	0	0	940	0	110	0	0	0	0	0	0	0	0	0	944	0	0	746	5294	344	1046	0	194	0	0	0	0	5830	17904	10098	0	1232	1940	646	36030	300	9096	0	456	0	416	0	810	130	3706	0	138	0	194	0	486	11128	24846	102	1030	0	0	0	0	0	0	0	0	0	0	0	694	0	0	0	2196	0	0	0	952	0	0	0	0	0	0	0	0	0	0	0	0	0	0	0	0	0	0	0	0	0	0	0	0	0	0	
312104	Lingual_L	100	0	0	0	0	0	0	0	0	0	0	0	0	0	0	0	0	0	0	0	0	0	0	0	0	0	0	0	0	0	0	0	146	0	3656	902	3280	120	3000	0	0	0	20190	4412	1422	1232	0	4104	4682	914	15948	480	9126	152	18248	368	708	0	750	0	280	0	0	0	0	0	8016	596	404	0	0	0	90	0	0	0	592	0	0	0	0	0	0	0	564	276	0	0	964	0	11472	172	2088	0	250	0	11620	120	17864	382	186	0	312	0	486	108	0	0	0	92	3804	862	306	98	108	0	
239884	Lingual_R	370	0	464	0	0	0	94	0	0	0	0	0	0	0	0	0	0	0	198	596	0	0	0	0	0	0	0	0	110	0	0	0	0	640	0	2682	782	610	206	2290	0	0	816	13050	0	1940	4104	0	0	2828	0	2886	0	3190	304	13414	92	0	0	0	0	0	0	0	0	0	0	6372	0	276	0	0	870	0	126	0	1074	98	0	0	0	0	0	0	0	1182	0	0	102	956	2700	5238	380	692	272	280	2960	7630	5490	8994	0	0	0	0	1430	122	460	0	256	816	9344	8070	1944	0	0	142	
201524	Occipital_Sup_L	0	0	0	0	0	0	0	0	0	0	0	0	0	0	0	0	174	0	0	0	0	0	0	0	0	0	0	0	126	0	0	0	1536	0	2204	0	0	0	0	0	0	0	11496	154	20578	646	4682	0	0	446	30338	0	1866	0	738	0	520	0	7146	0	1238	0	0	0	774	0	13004	928	604	0	0	0	0	0	0	0	0	0	0	0	184	0	0	0	920	0	0	0	460	0	0	0	0	0	0	0	0	0	0	0	0	0	0	0	0	0	0	0	0	0	0	0	0	0	0	0	
309416	Occipital_Sup_R	0	130	0	0	0	0	0	0	0	0	0	0	0	0	0	0	0	1222	0	290	0	0	0	0	0	0	0	0	0	1074	0	0	712	4950	166	530	0	238	0	104	0	0	3348	16322	5384	36030	914	2828	446	0	124	26074	0	1268	0	812	0	716	132	6580	0	476	0	376	0	4770	8770	19898	144	1132	0	0	0	0	0	0	0	0	0	90	0	1104	0	0	0	5306	0	0	0	2248	0	0	0	0	0	0	0	0	0	0	0	0	0	0	0	0	0	0	0	0	0	0	0	0	0	0	
561860	Occipital_Mid_L	3266	0	410	0	0	0	536	0	0	0	0	0	0	0	0	0	5174	0	530	0	0	0	0	0	0	0	0	0	4920	0	0	0	1584	0	2642	0	736	0	400	0	0	0	29768	130	15788	300	15948	0	30338	124	0	0	18836	0	6712	0	6996	0	18998	0	17940	0	5464	0	19356	0	21988	402	1766	0	0	0	212	0	92	0	150	0	1058	0	4528	0	0	0	30574	0	0	0	11556	0	610	0	474	0	0	0	0	0	624	0	0	0	0	0	0	0	0	0	0	0	0	0	0	0	0	0	
219232	Occipital_Mid_R	0	234	0	0	0	0	0	0	0	0	0	0	0	0	0	0	0	734	0	520	0	0	0	0	0	0	0	0	0	474	0	0	0	1020	0	224	0	178	0	92	0	0	268	8764	1314	9096	480	2886	0	26074	0	0	0	4058	0	1320	0	524	0	5228	0	3098	0	402	0	16172	132	5012	94	786	0	0	0	0	0	0	0	0	0	0	0	1498	0	0	0	15274	0	0	0	3660	0	0	0	0	0	0	0	0	0	0	0	0	0	0	0	0	0	0	0	0	0	0	0	0	0	0	
153764	Occipital_Inf_L	762	0	0	0	0	0	98	0	0	0	0	0	0	0	0	0	732	0	0	0	0	0	0	0	0	0	0	0	940	0	0	0	0	0	732	182	1186	0	650	0	0	0	7046	0	1210	0	9126	0	1866	0	18836	0	0	0	12442	0	396	0	0	0	0	0	0	0	0	0	3258	0	228	0	0	0	0	0	0	0	372	0	594	0	694	0	0	0	4594	0	0	0	4856	0	1930	0	1254	0	0	0	452	0	2342	0	0	0	0	0	0	0	0	0	0	0	104	0	0	0	0	0	
61856	Occipital_Inf_R	0	0	0	0	0	0	0	0	0	0	0	0	0	0	0	0	0	0	0	104	0	0	0	0	0	0	0	0	0	0	0	0	0	0	0	242	0	0	0	0	0	0	0	4094	0	456	152	3190	0	1268	0	4058	0	0	0	5090	0	0	0	0	0	0	0	0	0	0	0	586	0	108	0	0	0	0	0	0	0	0	0	0	0	0	0	0	0	1900	0	0	0	1936	428	1020	130	0	0	0	264	582	386	2206	0	0	0	0	296	0	0	0	0	0	852	1046	534	0	0	0	
310616	Fusiform_L	784	0	110	0	0	0	110	0	0	0	0	0	0	0	0	0	224	0	112	0	0	0	0	0	0	0	0	0	2720	0	0	0	0	0	1780	914	12580	136	5028	0	2320	0	4176	0	632	0	18248	304	738	0	6712	0	12442	0	0	0	408	0	0	0	0	0	0	0	0	0	3268	152	224	0	0	0	1314	0	0	0	1158	0	982	0	650	0	1410	0	2992	0	586	0	18200	0	16508	0	1374	0	122	0	11030	0	22458	0	334	0	188	0	148	0	0	0	0	0	1732	0	0	0	0	0	
289952	Fusiform_R	358	2310	0	648	0	0	142	0	0	0	0	0	0	0	0	0	0	416	0	1368	0	0	0	0	0	0	0	0	0	2768	0	0	0	0	276	3012	368	18478	0	10298	0	5012	0	3880	0	416	368	13414	0	812	0	1320	0	5090	0	0	0	248	0	0	0	0	0	0	0	0	0	3076	0	860	208	258	0	1942	0	126	254	1378	0	572	0	3718	0	4080	0	3990	0	1808	0	16150	596	7098	184	406	0	0	528	7254	874	10674	0	0	0	130	496	0	0	0	0	142	4406	2018	748	0	0	0	
290336	Postcentral_L	27272	1548	8710	94	0	0	3010	0	0	0	6484	0	400	0	0	0	16336	0	7146	114	0	0	0	0	0	0	0	0	9292	0	0	0	180	0	2218	102	702	98	106	0	0	0	1488	0	610	0	708	92	520	0	6996	0	396	0	408	0	0	0	7998	0	13400	0	8318	0	388	0	6256	0	2340	0	200	262	2694	0	0	0	420	0	3610	0	2506	0	0	0	1060	0	0	0	686	0	0	0	0	0	0	0	0	0	0	0	0	0	0	0	0	0	0	0	0	0	0	0	0	0	0	0	
129104	Postcentral_R	142	11748	0	1118	0	0	0	252	0	0	0	2030	0	0	0	0	0	3776	0	1910	0	0	0	0	0	0	0	0	0	1558	0	0	0	1304	0	2428	0	354	0	0	0	0	0	308	0	810	0	0	0	716	0	524	0	0	0	248	0	0	0	2492	0	6470	0	14010	0	582	320	3072	318	5464	0	0	0	924	0	0	0	244	0	342	0	514	0	0	0	314	0	0	0	260	0	0	0	0	0	0	0	0	0	0	0	0	0	0	0	0	0	0	0	0	0	0	0	0	0	0	
166320	Parietal_Sup_L	762	0	102	0	0	0	118	0	0	0	0	0	0	0	0	0	588	0	118	0	0	0	0	0	0	0	0	0	740	0	0	0	950	0	532	0	0	0	0	0	0	0	1252	0	324	130	750	0	7146	132	18998	0	0	0	0	0	7998	0	0	0	15316	0	566	0	4952	0	18346	406	134	0	0	0	120	0	0	0	0	0	0	0	864	0	0	0	1164	0	0	0	652	0	0	0	0	0	0	0	0	0	0	0	0	0	0	0	0	0	0	0	0	0	0	0	0	0	0	0	
85768	Parietal_Sup_R	0	346	0	0	0	0	0	0	0	0	0	0	0	0	0	0	0	306	0	316	0	0	0	0	0	0	0	0	0	128	0	0	0	0	0	0	0	0	0	0	0	0	0	0	0	3706	0	0	0	6580	0	5228	0	0	0	0	0	2492	0	0	0	4352	0	2346	0	8188	1728	6644	0	298	0	0	0	0	0	0	0	0	0	0	0	226	0	0	0	0	0	0	0	0	0	0	0	0	0	0	0	0	0	0	0	0	0	0	0	0	0	0	0	0	0	0	0	0	0	0	
186520	Parietal_Inf_L	3846	102	108	0	0	0	330	0	0	0	174	0	0	0	0	0	712	0	146	0	0	0	0	0	0	0	0	0	736	0	0	0	0	0	240	0	180	0	0	0	0	0	436	0	0	0	280	0	1238	0	17940	0	0	0	0	0	13400	0	15316	0	0	0	16692	0	12892	0	5688	0	0	0	0	0	262	0	0	0	0	0	0	0	1390	0	0	0	872	0	0	0	280	0	0	0	0	0	0	0	0	0	0	0	0	0	0	0	0	0	0	0	0	0	0	0	0	0	0	0	
97476	Parietal_Inf_R	0	1986	0	684	0	0	0	104	0	0	0	0	0	0	0	0	0	2178	0	1742	0	0	0	0	0	0	0	0	0	290	0	0	0	0	0	0	0	0	0	0	0	0	0	0	0	138	0	0	0	476	0	3098	0	0	0	0	0	6470	0	4352	0	0	0	15100	0	7104	104	212	0	1334	162	0	300	230	116	0	0	102	0	0	0	1068	0	0	0	1080	0	0	0	308	0	0	0	0	0	0	0	0	0	0	0	0	0	0	0	0	0	0	0	0	0	0	0	0	0	0	
104180	SupraMarginal_L	3040	0	220	0	0	0	260	0	0	0	148	0	0	0	0	0	2686	0	184	0	0	0	0	0	0	0	0	0	792	0	0	0	0	0	266	0	0	0	0	0	0	0	0	0	0	0	0	0	0	0	5464	0	0	0	0	0	8318	0	566	0	16692	0	0	0	4548	0	892	0	0	0	0	0	142	0	0	0	0	0	188	0	3920	0	0	0	3194	0	0	0	570	0	0	0	0	0	0	0	0	0	0	0	0	0	0	0	0	0	0	0	0	0	0	0	0	0	0	0	
155436	SupraMarginal_R	0	5046	0	890	0	0	0	488	0	0	0	0	0	0	0	0	0	4822	0	3726	0	0	0	0	0	0	0	0	0	686	0	0	0	0	0	0	0	0	0	0	0	0	0	0	0	194	0	0	0	376	0	402	0	0	0	0	0	14010	0	2346	0	15100	0	0	0	4434	118	244	0	3000	318	0	386	434	162	0	0	130	0	188	0	6334	0	0	0	8328	0	0	0	5556	0	0	0	0	0	0	0	0	0	0	0	0	0	0	0	0	0	0	0	0	0	0	0	0	0	0	
117612	Angular_L	234	0	0	0	0	0	0	0	0	0	0	0	0	0	0	0	882	0	0	0	0	0	0	0	0	0	0	0	1028	0	0	0	0	0	0	0	0	0	0	0	0	0	0	0	0	0	0	0	774	0	19356	0	0	0	0	0	388	0	4952	0	12892	0	4548	0	0	0	3320	0	0	0	0	0	0	0	0	0	0	0	0	0	2196	0	0	0	6568	0	0	0	1668	0	0	0	0	0	0	0	0	0	0	0	0	0	0	0	0	0	0	0	0	0	0	0	0	0	0	0	
115904	Angular_R	0	0	0	0	0	0	0	0	0	0	0	0	0	0	0	0	0	566	0	144	0	0	0	0	0	0	0	0	0	130	0	0	0	0	0	0	0	0	0	0	0	0	0	0	0	486	0	0	0	4770	0	16172	0	0	0	0	0	582	0	8188	0	7104	0	4434	0	0	268	842	0	0	0	0	0	0	0	0	0	0	0	0	0	3860	0	0	0	8466	0	0	0	1940	0	0	0	0	0	0	0	0	0	0	0	0	0	0	0	0	0	0	0	0	0	0	0	0	0	0	
407852	Precuneus_L	2620	0	160	0	0	0	252	0	0	0	0	0	0	0	0	0	1072	592	254	0	0	0	0	0	0	0	0	0	1732	596	0	0	5626	2234	11132	1386	3794	150	1958	0	0	0	20738	670	13204	11128	8016	0	13004	8770	21988	132	3258	0	3268	0	6256	320	18346	1728	5688	104	892	118	3320	268	0	15246	4284	712	0	0	224	0	0	0	164	0	246	0	1628	408	0	0	3848	0	0	0	2392	0	0	0	0	0	0	0	0	0	0	0	0	0	0	0	0	0	0	0	0	0	0	0	0	0	0	0	
283172	Precuneus_R	206	310	0	0	0	0	0	0	0	0	0	0	0	0	0	0	0	1124	0	222	0	0	0	0	0	0	0	0	0	1086	0	0	1194	7730	3340	10474	2142	1858	484	2688	0	0	398	8696	1478	24846	596	6372	928	19898	402	5012	0	586	152	3076	0	3072	406	6644	0	212	0	244	0	842	15246	0	226	2410	0	0	156	0	0	0	458	256	0	104	0	1118	0	0	0	2718	0	0	0	1986	0	0	0	0	0	0	0	0	0	0	0	0	0	0	0	0	0	0	0	0	190	0	0	0	0	0	
87692	Paracentral_Lobule_L	5438	534	146	0	0	0	0	0	0	0	0	0	0	0	0	0	0	0	3378	4582	0	0	0	0	0	0	0	0	0	0	0	0	3366	3050	4850	174	0	0	0	0	0	0	878	0	2044	102	404	0	604	144	1766	94	228	0	224	0	2340	318	134	0	0	0	0	0	0	0	4284	226	0	4124	0	0	0	0	0	0	220	0	0	0	0	0	0	0	194	0	0	0	0	0	0	0	0	0	0	0	0	0	0	0	0	0	0	0	0	0	0	0	0	0	0	0	0	0	0	0	
157568	Paracentral_Lobule_R	6058	6454	380	292	0	0	408	0	0	0	0	0	0	0	0	0	0	1138	1340	22316	0	0	0	0	0	0	0	0	0	746	0	0	208	8370	248	2824	0	272	0	124	0	0	0	204	0	1030	0	276	0	1132	0	786	0	108	0	860	0	5464	0	298	0	1334	0	3000	0	0	712	2410	4124	0	118	0	0	0	0	0	462	0	0	250	0	1060	0	0	0	1766	0	0	0	2212	0	0	0	0	0	0	0	0	0	0	0	0	0	0	0	0	0	0	0	0	0	0	0	0	0	0	
327452	Caudate_L	4838	2540	10022	10870	3296	1148	7044	5384	0	0	5598	174	3680	202	638	276	1504	0	11346	6096	5930	7302	1174	2950	868	0	6138	1858	7126	982	6060	5738	0	0	0	334	280	474	0	0	0	0	0	0	0	0	0	0	0	0	0	0	0	0	0	208	200	0	0	0	0	162	0	318	0	0	0	0	0	118	0	12488	16020	3084	3322	152	4898	746	0	0	0	0	140	0	0	0	0	0	0	0	0	0	0	0	0	0	0	0	0	0	0	0	0	0	0	0	0	0	0	0	0	0	0	0	0	0	
495848	Caudate_R	346	886	2158	32818	1030	2394	972	9834	0	758	1334	3722	810	5202	248	4708	426	108	3480	18586	3242	5986	910	21586	208	3506	2552	2872	1834	9918	3850	34848	134	1210	0	0	0	5204	0	0	0	194	0	0	0	0	0	0	0	0	0	0	0	0	0	258	262	0	0	0	0	0	0	0	0	0	0	0	0	0	12488	0	4164	25432	354	1834	346	14620	0	172	0	120	0	0	0	0	0	0	0	0	0	0	0	0	0	0	0	0	0	0	0	0	0	0	0	0	0	0	0	0	0	0	0	0	0	0	
381428	Putamen_L	5612	644	24432	1494	6486	104	4550	548	814	0	1702	0	1304	0	2256	0	5260	0	23094	1502	860	1446	2042	618	1478	0	1194	154	28022	382	9106	2886	126	142	1006	1058	7492	432	1740	0	160	0	0	0	0	0	90	870	0	0	212	0	0	0	1314	0	2694	0	120	0	262	300	142	386	0	0	224	156	0	0	16020	4164	0	860	8296	0	3404	340	1722	0	2894	0	362	0	1720	0	0	0	4016	0	0	0	0	0	0	0	0	0	0	0	0	0	0	0	0	0	0	0	0	0	0	0	0	0	0	0	
359080	Putamen_R	0	2498	588	26896	0	1682	154	4782	0	412	786	4018	372	716	0	1848	274	2658	1206	16006	950	2252	374	13160	112	3864	690	1600	840	18952	2202	19718	182	1240	0	0	0	8256	0	1462	0	1070	0	0	0	0	0	0	0	0	0	0	0	0	0	1942	0	924	0	0	0	230	0	434	0	0	0	0	0	0	3084	25432	860	0	0	1964	0	1292	0	136	0	474	0	506	0	0	0	0	0	442	0	0	0	0	0	0	0	0	0	0	0	0	0	0	0	0	0	0	0	0	0	0	0	0	0	0	
58016	Pallidum_L	864	580	3146	214	0	0	630	0	0	0	0	0	0	0	0	0	276	0	6452	632	0	0	0	0	0	0	0	0	624	0	0	0	0	0	0	0	196	200	128	0	0	0	0	0	0	0	0	126	0	0	92	0	0	0	0	0	0	0	0	0	0	116	0	162	0	0	0	0	0	0	3322	354	8296	0	0	0	2264	334	0	0	0	0	0	0	0	0	0	0	0	0	0	0	0	0	0	0	0	0	0	0	0	0	0	0	0	0	0	0	0	0	0	0	0	0	0	0	
20968	Pallidum_R	0	0	106	1496	0	0	0	0	0	0	0	0	0	0	0	0	0	0	142	3444	0	0	0	0	0	0	0	0	0	102	0	0	0	0	0	0	0	670	0	314	0	0	0	0	0	0	0	0	0	0	0	0	0	0	0	126	0	0	0	0	0	0	0	0	0	0	0	0	0	0	152	1834	0	1964	0	0	0	134	0	0	0	0	0	0	0	0	0	0	0	0	0	0	0	0	0	0	0	0	0	0	0	0	0	0	0	0	0	0	0	0	0	0	0	0	0	0	
170044	Thalamus_L	15744	306	7718	150	0	0	14358	120	0	0	0	0	0	0	0	0	534	0	562	1472	0	0	0	0	0	0	0	0	2348	0	0	0	0	1002	3902	6522	5290	1824	738	948	616	0	118	0	0	0	592	1074	0	0	150	0	372	0	1158	254	420	0	0	0	0	0	0	0	0	0	164	458	220	462	4898	346	3404	0	2264	0	0	1102	216	0	430	0	0	0	1196	0	0	0	1570	0	0	0	0	0	0	0	0	0	0	0	0	0	0	0	0	0	0	0	0	0	0	0	0	0	0	0	
108344	Thalamus_R	210	950	226	7246	0	0	218	92	0	0	0	0	0	0	0	0	0	160	368	8394	0	138	0	262	0	0	0	0	0	484	0	338	0	152	0	724	98	10262	0	1990	0	680	0	0	0	0	0	98	0	0	0	0	0	0	0	1378	0	244	0	0	0	102	0	130	0	0	0	256	0	0	746	14620	340	1292	334	134	1102	0	0	248	0	156	0	0	0	0	0	0	0	0	0	0	0	0	0	0	0	0	0	0	0	0	0	0	0	0	0	0	0	0	0	0	0	0	0	0	
78916	Heschl_L	5620	0	1484	0	0	0	902	0	0	0	656	0	0	0	0	0	4338	0	1086	0	0	0	0	0	0	0	0	0	7910	0	0	0	0	0	216	224	1546	0	0	0	0	0	160	0	0	0	0	0	0	0	1058	0	594	0	982	0	3610	0	0	0	0	0	188	0	0	0	246	0	0	0	0	0	1722	0	0	0	216	0	0	0	2620	0	0	0	2930	0	0	0	1150	0	0	0	0	0	0	0	0	0	0	0	0	0	0	0	0	0	0	0	0	0	0	0	0	0	0	0	
36296	Heschl_R	0	568	0	286	0	0	0	0	0	0	0	0	0	0	0	0	0	2212	0	510	0	0	0	0	0	0	0	0	0	4136	0	0	0	0	0	0	0	1044	0	304	0	0	0	0	0	0	0	0	0	90	0	0	0	0	0	572	0	342	0	0	0	0	0	188	0	0	0	104	0	250	0	172	0	136	0	0	0	248	0	0	0	5026	0	100	0	1368	0	0	0	492	0	0	0	0	0	0	0	0	0	0	0	0	0	0	0	0	0	0	0	0	0	0	0	0	0	0	
201724	Temporal_Sup_L	2620	0	2528	0	0	0	440	0	0	0	1148	0	140	0	160	0	9154	0	2082	0	0	0	0	0	0	0	0	0	13794	0	0	0	0	0	180	0	956	0	0	0	0	0	412	0	0	0	0	0	184	0	4528	0	694	0	650	0	2506	0	864	0	1390	0	3920	0	2196	0	1628	0	0	0	0	0	2894	0	0	0	430	0	2620	0	0	0	8256	0	28436	0	400	0	5652	0	0	0	0	0	0	0	0	0	0	0	0	0	0	0	0	0	0	0	0	0	0	0	0	0	0	0	
167876	Temporal_Sup_R	0	830	0	420	0	0	0	0	0	0	0	92	0	0	0	0	0	8980	0	1352	0	0	0	0	0	0	0	0	0	8176	0	0	0	100	0	0	0	3068	0	566	0	0	0	0	0	694	0	0	0	1104	0	1498	0	0	0	3718	0	514	0	226	0	1068	0	6334	0	3860	408	1118	0	1060	0	120	0	474	0	0	0	156	0	5026	0	0	0	4732	0	20258	0	1226	0	6760	0	0	0	0	0	0	0	0	0	0	0	0	0	0	0	0	0	0	0	0	0	0	0	0	0	0	
82004	Temporal_Pole_Sup_L	0	0	156	0	184	0	0	0	0	0	380	0	326	0	608	0	358	0	0	0	92	0	0	0	0	0	0	0	2336	0	0	0	0	0	0	0	480	0	0	0	282	0	0	0	0	0	0	0	0	0	0	0	0	0	1410	0	0	0	0	0	0	0	0	0	0	0	0	0	0	0	140	0	362	0	0	0	0	0	0	0	8256	0	0	0	12820	0	3608	0	9204	0	0	0	0	0	0	0	0	0	0	0	0	0	0	0	0	0	0	0	0	0	0	0	0	0	0	0	
47300	Temporal_Pole_Sup_R	0	0	0	0	0	0	0	0	0	0	0	220	0	0	0	140	0	310	0	0	0	0	0	0	0	0	0	0	0	1174	0	0	0	0	0	0	0	1100	0	1766	0	2178	0	0	0	0	0	0	0	0	0	0	0	0	0	4080	0	0	0	0	0	0	0	0	0	0	0	0	0	0	0	0	0	506	0	0	0	0	0	100	0	4732	0	0	0	2362	0	2786	0	2196	0	0	0	0	0	0	0	0	0	0	0	0	0	0	0	0	0	0	0	0	0	0	0	0	0	0	
341576	Temporal_Mid_L	2818	0	868	0	0	0	272	0	0	0	184	0	0	0	132	0	4200	0	880	0	0	0	0	0	0	0	0	0	8676	0	0	0	106	0	726	402	2792	98	136	0	0	0	3740	0	1250	0	564	0	920	0	30574	0	4594	0	2992	0	1060	0	1164	0	872	0	3194	0	6568	0	3848	0	194	0	0	0	1720	0	0	0	1196	0	2930	0	28436	0	12820	0	0	0	4600	0	35262	0	0	0	0	0	0	0	0	0	0	0	0	0	0	0	0	0	0	0	0	0	0	0	0	0	0	0	
255052	Temporal_Mid_R	0	706	0	138	0	0	0	0	0	0	0	0	0	0	0	0	0	1368	0	1876	0	0	0	0	0	0	0	0	0	1774	0	0	0	414	0	524	0	1540	0	112	0	0	120	5436	626	2196	276	1182	0	5306	0	15274	0	1900	0	3990	0	314	0	0	0	1080	0	8328	0	8466	0	2718	0	1766	0	0	0	0	0	0	0	0	0	1368	0	20258	0	2362	0	0	0	3460	0	32648	0	0	0	0	0	0	0	0	0	0	0	0	0	0	0	0	0	0	0	0	0	0	0	0	0	0	
24036	Temporal_Pole_Mid_L	0	0	0	0	0	0	0	0	0	0	0	0	0	0	0	0	0	0	0	0	0	0	0	0	0	0	0	0	104	0	0	0	0	0	0	0	96	0	0	0	190	0	0	0	0	0	0	0	0	0	0	0	0	0	586	0	0	0	0	0	0	0	0	0	0	0	0	0	0	0	0	0	0	0	0	0	0	0	0	0	400	0	3608	0	4600	0	0	0	2434	0	0	0	0	0	0	0	0	0	0	0	0	0	0	0	0	0	0	0	0	0	0	0	0	0	0	0	
24480	Temporal_Pole_Mid_R	0	0	0	0	0	0	0	0	0	0	0	0	0	0	0	0	0	0	0	0	0	0	0	0	0	0	0	0	0	0	0	0	0	0	0	0	0	98	0	480	0	134	0	0	0	0	0	0	0	0	0	0	0	0	0	1808	0	0	0	0	0	0	0	0	0	0	0	0	0	0	0	0	0	0	0	0	0	0	0	0	0	1226	0	2786	0	3460	0	0	0	2248	0	0	0	0	0	0	0	0	0	0	0	0	0	0	0	0	0	0	0	0	0	0	0	0	0	0	
269712	Temporal_Inf_L	1194	0	1048	0	0	0	160	0	0	0	0	0	0	0	0	0	864	0	1166	0	0	0	0	0	0	0	0	0	5426	0	0	0	126	0	1044	828	12194	156	2494	0	756	0	1398	0	366	0	964	102	460	0	11556	0	4856	0	18200	0	686	0	652	0	280	0	570	0	1668	0	2392	0	0	0	0	0	4016	0	0	0	1570	0	1150	0	5652	0	9204	0	35262	0	2434	0	0	0	2238	0	660	0	0	0	102	0	290	0	298	0	374	0	0	0	0	0	0	0	0	0	0	0	0	0	
210240	Temporal_Inf_R	228	2324	0	142	0	0	0	0	0	0	0	0	0	0	0	0	0	1258	0	2398	0	0	0	0	0	0	0	0	0	2408	0	0	0	114	122	2234	0	6002	0	1014	0	652	0	2928	346	952	0	956	0	2248	0	3660	0	1936	0	16150	0	260	0	0	0	308	0	5556	0	1940	0	1986	0	2212	0	0	0	442	0	0	0	0	0	492	0	6760	0	2196	0	32648	0	2248	0	0	0	0	0	0	0	0	0	0	0	0	0	0	0	0	0	0	0	0	0	0	0	0	0	0	0	0	
368764	Cerebelum_Crus1_L	0	0	0	0	0	0	0	0	0	0	0	0	0	0	0	0	0	0	0	0	0	0	0	0	0	0	0	0	0	0	0	0	0	0	0	0	0	0	0	0	0	0	326	0	0	0	11472	2700	0	0	610	0	1930	428	16508	596	0	0	0	0	0	0	0	0	0	0	0	0	0	0	0	0	0	0	0	0	0	0	0	0	0	0	0	0	0	0	0	0	2238	0	0	4388	25726	3922	118	0	15474	354	48736	3748	8016	1622	13302	1276	2530	0	854	0	0	0	3138	5118	8838	104	116	194	
296172	Cerebelum_Crus1_R	0	0	0	0	0	0	0	0	0	0	0	0	0	0	0	0	0	0	0	0	0	0	0	0	0	0	0	0	0	0	0	0	0	0	0	0	0	0	0	0	0	0	0	0	0	0	172	5238	0	0	0	0	0	1020	0	7098	0	0	0	0	0	0	0	0	0	0	0	0	0	0	0	0	0	0	0	0	0	0	0	0	0	0	0	0	0	0	0	0	0	0	4388	0	1334	25698	0	826	666	16416	2144	39584	98	3246	314	12818	682	1176	0	288	220	408	7616	5570	8936	1180	950	0	
227752	Cerebelum_Crus2_L	0	0	0	0	0	0	0	0	0	0	0	0	0	0	0	0	0	0	0	0	0	0	0	0	0	0	0	0	0	0	0	0	0	0	0	0	0	0	0	0	0	0	216	0	0	0	2088	380	0	0	474	0	1254	130	1374	184	0	0	0	0	0	0	0	0	0	0	0	0	0	0	0	0	0	0	0	0	0	0	0	0	0	0	0	0	0	0	0	0	660	0	25726	1334	0	6468	0	0	194	0	3678	1136	26806	5330	21862	3396	508	0	0	0	0	0	0	1164	7460	2054	0	0	
229012	Cerebelum_Crus2_R	0	0	0	0	0	0	0	0	0	0	0	0	0	0	0	0	0	0	0	0	0	0	0	0	0	0	0	0	0	0	0	0	0	0	0	0	0	0	0	0	0	0	0	0	0	0	0	692	0	0	0	0	0	0	0	406	0	0	0	0	0	0	0	0	0	0	0	0	0	0	0	0	0	0	0	0	0	0	0	0	0	0	0	0	0	0	0	0	0	0	3922	25698	6468	0	0	266	114	1788	1088	8698	5210	15518	6714	19154	1432	498	206	168	0	0	524	1316	11492	2962	172	0	
16260	Cerebelum_3_L	0	0	0	0	0	0	0	0	0	0	0	0	0	0	0	0	0	0	0	0	0	0	0	0	0	0	0	0	0	0	0	0	0	0	0	0	0	0	0	0	0	0	0	0	0	0	250	272	0	0	0	0	0	0	122	0	0	0	0	0	0	0	0	0	0	0	0	0	0	0	0	0	0	0	0	0	0	0	0	0	0	0	0	0	0	0	0	0	0	0	118	0	0	0	0	0	4220	0	706	94	0	0	0	0	258	0	0	0	230	688	926	246	0	0	0	0	
18056	Cerebelum_3_R	0	0	0	0	0	0	0	0	0	0	0	0	0	0	0	0	0	0	0	0	0	0	0	0	0	0	0	0	0	0	0	0	0	0	0	0	0	0	0	0	0	0	0	0	0	0	0	280	0	0	0	0	0	0	0	0	0	0	0	0	0	0	0	0	0	0	0	0	0	0	0	0	0	0	0	0	0	0	0	0	0	0	0	0	0	0	0	0	0	0	0	826	0	266	0	0	96	2284	0	1680	0	0	0	324	0	222	0	0	472	1318	1260	0	0	0	0	0	
216496	Cerebelum_4_5_L	0	0	0	0	0	0	0	0	0	0	0	0	0	0	0	0	0	0	0	0	0	0	0	0	0	0	0	0	0	0	0	0	0	0	0	0	110	0	258	0	0	0	118	0	0	0	11620	2960	0	0	0	0	452	264	11030	528	0	0	0	0	0	0	0	0	0	0	0	0	0	0	0	0	0	0	0	0	0	0	0	0	0	0	0	0	0	0	0	0	102	0	15474	666	194	114	4220	96	0	336	28454	1462	1182	0	1386	178	4398	1112	708	0	412	700	12140	4414	552	232	1216	1160	
161080	Cerebelum_4_5_R	0	0	0	0	0	0	0	0	0	0	0	0	0	0	0	0	0	0	0	0	0	0	0	0	0	0	0	0	0	0	0	0	0	0	0	0	0	0	0	0	0	0	0	0	0	0	120	7630	0	0	0	0	0	582	0	7254	0	0	0	0	0	0	0	0	0	0	0	0	0	0	0	0	0	0	0	0	0	0	0	0	0	0	0	0	0	0	0	0	0	0	354	16416	0	1788	0	2284	336	0	260	23522	0	94	0	1866	180	1032	0	182	430	992	13172	1286	510	0	132	118	
344988	Cerebelum_6_L	0	0	0	0	0	0	0	0	0	0	0	0	0	0	0	0	0	0	0	0	0	0	0	0	0	0	0	0	0	0	0	0	0	0	0	0	0	0	116	0	0	0	368	0	0	0	17864	5490	0	0	624	0	2342	386	22458	874	0	0	0	0	0	0	0	0	0	0	0	0	0	0	0	0	0	0	0	0	0	0	0	0	0	0	0	0	0	0	0	0	290	0	48736	2144	3678	1088	706	0	28454	260	0	2758	2566	192	3498	346	4708	582	1420	0	132	92	7462	8338	3162	442	636	282	
296260	Cerebelum_6_R	0	0	0	0	0	0	0	0	0	0	0	0	0	0	0	0	0	0	0	0	0	0	0	0	0	0	0	0	0	0	0	0	0	0	0	0	0	0	0	0	0	0	0	0	0	0	382	8994	0	0	0	0	0	2206	0	10674	0	0	0	0	0	0	0	0	0	0	0	0	0	0	0	0	0	0	0	0	0	0	0	0	0	0	0	0	0	0	0	0	0	0	3748	39584	1136	8698	94	1680	1462	23522	2758	0	0	558	106	7234	1316	1878	110	592	450	760	12446	8248	7312	1082	974	126	
172868	Cerebelum_7b_L	0	0	0	0	0	0	0	0	0	0	0	0	0	0	0	0	0	0	0	0	0	0	0	0	0	0	0	0	0	0	0	0	0	0	0	0	0	0	0	0	0	0	0	0	0	0	186	0	0	0	0	0	0	0	334	0	0	0	0	0	0	0	0	0	0	0	0	0	0	0	0	0	0	0	0	0	0	0	0	0	0	0	0	0	0	0	0	0	298	0	8016	98	26806	5210	0	0	1182	0	2566	0	0	5652	24584	3020	234	0	0	0	0	0	296	0	4658	3294	0	0	
120196	Cerebelum_7b_R	0	0	0	0	0	0	0	0	0	0	0	0	0	0	0	0	0	0	0	0	0	0	0	0	0	0	0	0	0	0	0	0	0	0	0	0	0	0	0	0	0	0	0	0	0	0	0	0	0	0	0	0	0	0	0	0	0	0	0	0	0	0	0	0	0	0	0	0	0	0	0	0	0	0	0	0	0	0	0	0	0	0	0	0	0	0	0	0	0	0	1622	3246	5330	15518	0	0	0	94	192	558	5652	0	6324	10892	436	550	0	0	0	0	0	154	5760	3770	0	0	
231784	Cerebelum_8_L	0	0	0	0	0	0	0	0	0	0	0	0	0	0	0	0	0	0	0	0	0	0	0	0	0	0	0	0	0	0	0	0	0	0	0	0	0	0	0	0	0	0	0	0	0	0	312	0	0	0	0	0	0	0	188	0	0	0	0	0	0	0	0	0	0	0	0	0	0	0	0	0	0	0	0	0	0	0	0	0	0	0	0	0	0	0	0	0	374	0	13302	314	21862	6714	0	0	1386	0	3498	106	24584	6324	0	7084	12526	682	670	0	0	0	366	0	6994	7588	1018	0	
188832	Cerebelum_8_R	0	0	0	0	0	0	0	0	0	0	0	0	0	0	0	0	0	0	0	0	0	0	0	0	0	0	0	0	0	0	0	0	0	0	0	0	0	0	0	0	0	0	0	0	0	0	0	0	0	0	0	0	0	0	0	130	0	0	0	0	0	0	0	0	0	0	0	0	0	0	0	0	0	0	0	0	0	0	0	0	0	0	0	0	0	0	0	0	0	0	1276	12818	3396	19154	0	324	178	1866	346	7234	3020	10892	7084	0	2476	8908	184	352	0	214	1160	268	6656	5488	992	0	
109892	Cerebelum_9_L	0	0	0	0	0	0	0	0	0	0	0	0	0	0	0	0	0	0	0	0	0	0	0	0	0	0	0	0	0	0	0	0	0	0	0	0	0	0	0	0	0	0	0	0	0	0	486	1430	0	0	0	0	0	296	148	496	0	0	0	0	0	0	0	0	0	0	0	0	0	0	0	0	0	0	0	0	0	0	0	0	0	0	0	0	0	0	0	0	0	0	2530	682	508	1432	258	0	4398	180	4708	1316	234	436	12526	2476	0	1716	3534	0	248	164	1828	4372	2620	3124	2200	600	
65392	Cerebelum_9_R	0	0	0	0	0	0	0	0	0	0	0	0	0	0	0	0	0	0	0	0	0	0	0	0	0	0	0	0	0	0	0	0	0	0	0	0	0	0	0	0	0	0	0	0	0	0	108	122	0	0	0	0	0	0	0	0	0	0	0	0	0	0	0	0	0	0	0	0	0	0	0	0	0	0	0	0	0	0	0	0	0	0	0	0	0	0	0	0	0	0	0	1176	0	498	0	222	1112	1032	582	1878	0	550	682	8908	1716	0	0	918	362	476	1898	2678	662	2040	3440	1636	
18676	Cerebelum_10_L	0	0	0	0	0	0	0	0	0	0	0	0	0	0	0	0	0	0	0	0	0	0	0	0	0	0	0	0	0	0	0	0	0	0	0	0	0	0	0	0	0	0	0	0	0	0	0	460	0	0	0	0	0	0	0	0	0	0	0	0	0	0	0	0	0	0	0	0	0	0	0	0	0	0	0	0	0	0	0	0	0	0	0	0	0	0	0	0	0	0	854	0	0	206	0	0	708	0	1420	110	0	0	670	184	3534	0	0	0	108	0	0	578	324	182	0	0	
5312	Cerebelum_10_R	0	0	0	0	0	0	0	0	0	0	0	0	0	0	0	0	0	0	0	0	0	0	0	0	0	0	0	0	0	0	0	0	0	0	0	0	0	0	0	0	0	0	0	0	0	0	0	0	0	0	0	0	0	0	0	0	0	0	0	0	0	0	0	0	0	0	0	0	0	0	0	0	0	0	0	0	0	0	0	0	0	0	0	0	0	0	0	0	0	0	0	288	0	168	0	0	0	182	0	592	0	0	0	352	0	918	0	0	0	0	0	0	156	0	0	0	
18104	Vermis_1_2	0	0	0	0	0	0	0	0	0	0	0	0	0	0	0	0	0	0	0	0	0	0	0	0	0	0	0	0	0	0	0	0	0	0	0	0	0	0	0	0	0	0	0	0	0	0	0	256	0	0	0	0	0	0	0	0	0	0	0	0	0	0	0	0	0	0	0	0	0	0	0	0	0	0	0	0	0	0	0	0	0	0	0	0	0	0	0	0	0	0	0	220	0	0	230	472	412	430	132	450	0	0	0	0	248	362	108	0	0	3418	1952	196	0	0	166	0	
27484	Vermis_3	0	0	0	0	0	0	0	0	0	0	0	0	0	0	0	0	0	0	0	0	0	0	0	0	0	0	0	0	0	0	0	0	0	0	0	0	0	0	178	0	0	0	0	0	0	0	92	816	0	0	0	0	0	0	0	142	0	0	0	0	0	0	0	0	0	0	0	0	0	0	0	0	0	0	0	0	0	0	0	0	0	0	0	0	0	0	0	0	0	0	0	408	0	0	688	1318	700	992	92	760	0	0	0	214	164	476	0	0	3418	0	2940	172	0	0	172	0	
200620	Vermis_4_5	0	0	0	0	0	0	0	0	0	0	0	0	0	0	0	0	0	0	0	0	0	0	0	0	0	0	0	0	0	0	0	0	0	0	0	138	0	0	0	106	0	0	0	94	0	0	3804	9344	0	0	0	0	104	852	1732	4406	0	0	0	0	0	0	0	0	0	0	0	190	0	0	0	0	0	0	0	0	0	0	0	0	0	0	0	0	0	0	0	0	0	0	3138	7616	0	524	926	1260	12140	13172	7462	12446	296	0	366	1160	1828	1898	0	0	1952	2940	0	6138	534	0	1304	2440	
148072	Vermis_6	0	0	0	0	0	0	0	0	0	0	0	0	0	0	0	0	0	0	0	0	0	0	0	0	0	0	0	0	0	0	0	0	0	0	0	0	0	0	0	0	0	0	0	0	0	0	862	8070	0	0	0	0	0	1046	0	2018	0	0	0	0	0	0	0	0	0	0	0	0	0	0	0	0	0	0	0	0	0	0	0	0	0	0	0	0	0	0	0	0	0	0	5118	5570	1164	1316	246	0	4414	1286	8338	8248	0	154	0	268	4372	2678	578	0	196	172	6138	0	5480	1076	2756	2472	
182508	Vermis_7	0	0	0	0	0	0	0	0	0	0	0	0	0	0	0	0	0	0	0	0	0	0	0	0	0	0	0	0	0	0	0	0	0	0	0	0	0	0	0	0	0	0	0	0	0	0	306	1944	0	0	0	0	0	534	0	748	0	0	0	0	0	0	0	0	0	0	0	0	0	0	0	0	0	0	0	0	0	0	0	0	0	0	0	0	0	0	0	0	0	0	8838	8936	7460	11492	0	0	552	510	3162	7312	4658	5760	6994	6656	2620	662	324	156	0	0	534	5480	0	4316	1300	0	
