data	data	585196	303204	981680	716136	312544	119892	540516	341396	201640	31036	172556	286460	336744	193884	207592	91016	208048	105996	658200	603516	90252	82000	366884	350756	78920	102928	49772	52852	603664	435168	384288	496040	233788	525124	112508	128160	271580	318400	167436	293996	61452	80948	228552	224108	160816	195552	365600	264616	229716	240516	517616	220792	134928	91464	441200	456064	316752	226812	139784	79324	214816	78680	107092	137556	154356	154184	301444	274588	164432	85420	299092	270320	478428	363240	168740	32124	123816	164148	106464	28340	223672	137364	85036	75360	353576	166464	23936	29832	308496	195232	571448	461812	322132	326760	92296	112028	407256	392164	592456	550420	355444	190148	443048	356628	245868	232944	26776	12688	36288	132288	306452	348796	360412	235992	169620	84192	
data	data	Precentral_L	Precentral_R	Frontal_Sup_L	Frontal_Sup_R	Frontal_Sup_Orb_L	Frontal_Sup_Orb_R	Frontal_Mid_L	Frontal_Mid_R	Frontal_Mid_Orb_L	Frontal_Mid_Orb_R	Frontal_Inf_Oper_L	Frontal_Inf_Oper_R	Frontal_Inf_Tri_L	Frontal_Inf_Tri_R	Frontal_Inf_Orb_L	Frontal_Inf_Orb_R	Rolandic_Oper_L	Rolandic_Oper_R	Supp_Motor_Area_L	Supp_Motor_Area_R	Olfactory_L	Olfactory_R	Frontal_Sup_Medial_L	Frontal_Sup_Medial_R	Frontal_Med_Orb_L	Frontal_Med_Orb_R	Rectus_L	Rectus_R	Insula_L	Insula_R	Cingulum_Ant_L	Cingulum_Ant_R	Cingulum_Mid_L	Cingulum_Mid_R	Cingulum_Post_L	Cingulum_Post_R	Hippocampus_L	Hippocampus_R	ParaHippocampal_L	ParaHippocampal_R	Amygdala_L	Amygdala_R	Calcarine_L	Calcarine_R	Cuneus_L	Cuneus_R	Lingual_L	Lingual_R	Occipital_Sup_L	Occipital_Sup_R	Occipital_Mid_L	Occipital_Mid_R	Occipital_Inf_L	Occipital_Inf_R	Fusiform_L	Fusiform_R	Postcentral_L	Postcentral_R	Parietal_Sup_L	Parietal_Sup_R	Parietal_Inf_L	Parietal_Inf_R	SupraMarginal_L	SupraMarginal_R	Angular_L	Angular_R	Precuneus_L	Precuneus_R	Paracentral_Lobule_L	Paracentral_Lobule_R	Caudate_L	Caudate_R	Putamen_L	Putamen_R	Pallidum_L	Pallidum_R	Thalamus_L	Thalamus_R	Heschl_L	Heschl_R	Temporal_Sup_L	Temporal_Sup_R	Temporal_Pole_Sup_L	Temporal_Pole_Sup_R	Temporal_Mid_L	Temporal_Mid_R	Temporal_Pole_Mid_L	Temporal_Pole_Mid_R	Temporal_Inf_L	Temporal_Inf_R	Cerebelum_Crus1_L	Cerebelum_Crus1_R	Cerebelum_Crus2_L	Cerebelum_Crus2_R	Cerebelum_3_L	Cerebelum_3_R	Cerebelum_4_5_L	Cerebelum_4_5_R	Cerebelum_6_L	Cerebelum_6_R	Cerebelum_7b_L	Cerebelum_7b_R	Cerebelum_8_L	Cerebelum_8_R	Cerebelum_9_L	Cerebelum_9_R	Cerebelum_10_L	Cerebelum_10_R	Vermis_1_2	Vermis_3	Vermis_4_5	Vermis_6	Vermis_7	Vermis_8	Vermis_9	Vermis_10	
585196	Precentral_L	0	11366	20282	5866	0	0	22528	1576	0	0	13330	254	3042	0	0	0	9220	0	5420	10876	0	0	84	0	0	0	0	0	15460	82	1160	626	2354	5134	3854	1640	5962	214	2074	0	0	0	186	0	380	0	202	90	1546	0	7310	0	556	0	960	0	36688	1424	1220	0	8722	0	1936	148	4262	0	2082	392	12918	4630	2586	12018	8540	1082	2582	702	5760	11762	7248	0	2586	0	0	0	6366	0	0	0	3114	82	0	0	0	0	0	0	0	0	0	0	0	0	0	0	0	0	0	0	0	114	0	0	0	0	0	0	
303204	Precentral_R	11366	0	1932	15980	0	0	792	11822	0	0	0	10482	0	854	0	0	252	3258	4970	8780	0	0	298	376	0	0	0	0	256	7594	170	950	3220	1490	1804	2944	106	2448	0	318	0	0	0	0	0	96	0	550	0	128	0	0	0	436	0	238	1472	23836	0	372	130	1064	0	5388	0	558	112	884	3636	4058	946	3550	484	4096	200	620	528	2478	0	368	0	678	0	0	0	476	0	0	0	1758	0	0	0	0	0	0	0	0	0	0	0	0	0	0	0	0	0	0	0	0	0	0	0	0	0	0	
981680	Frontal_Sup_L	20282	1932	0	12926	24590	0	81484	1972	8848	0	8316	572	28450	292	10576	0	4154	0	66356	18792	0	0	45374	2914	2582	214	0	0	28644	238	26148	4248	5252	6896	258	290	2508	156	770	0	254	0	0	0	0	0	0	0	426	0	1354	0	0	0	676	0	1588	82	440	0	838	0	0	0	152	0	360	0	1812	788	13806	1376	24222	246	14278	82	7326	396	556	0	2128	0	348	0	552	0	0	0	720	0	0	0	0	0	0	0	0	0	0	0	0	0	0	0	0	0	0	0	0	0	0	0	0	0	0	0	
716136	Frontal_Sup_R	5866	15980	12926	0	128	8932	914	38750	140	1842	84	12634	334	10868	0	7272	90	3164	21232	43392	0	156	7694	37174	0	3106	0	130	242	17462	3216	31572	3832	25364	96	82	0	2866	0	1544	0	228	0	0	0	0	0	240	0	0	0	0	0	0	0	1200	0	1420	0	0	0	0	0	86	0	0	0	82	2044	232	4174	11142	2106	11676	1238	192	534	1772	0	118	0	142	0	98	0	0	0	0	0	0	0	0	0	0	0	0	0	260	0	0	0	0	0	0	0	0	0	0	0	0	0	0	0	0	0	0	
312544	Frontal_Sup_Orb_L	0	0	24590	128	0	0	10410	0	20644	0	662	0	12522	0	22066	0	128	0	2230	0	2774	98	5314	142	7800	144	3654	0	20020	0	8760	540	0	174	0	0	0	0	0	0	420	0	0	0	0	0	0	0	0	0	0	0	0	0	0	0	0	0	0	0	0	0	0	0	0	0	0	0	0	0	940	194	9822	0	480	0	0	0	0	0	742	0	874	0	0	0	0	0	0	0	0	0	0	0	0	0	0	0	0	0	0	0	0	0	0	0	0	0	0	0	0	0	0	0	0	0	
119892	Frontal_Sup_Orb_R	0	0	0	8932	0	0	0	4462	0	5186	0	0	0	2104	0	5330	0	0	0	402	204	798	148	5098	120	8500	0	6444	0	3382	0	3652	0	162	0	0	0	0	0	0	0	238	0	0	0	0	0	0	0	0	0	0	0	0	0	0	0	0	0	0	0	0	0	0	0	0	0	0	0	0	258	1880	96	2550	0	0	0	0	0	0	0	0	0	0	0	0	0	0	0	0	0	0	0	0	0	0	0	0	0	0	0	0	0	0	0	0	0	0	0	0	0	0	0	0	0	0	
540516	Frontal_Mid_L	22528	792	81484	914	10410	0	0	934	12990	0	8494	442	40568	262	5742	0	2146	0	5386	1566	0	0	20454	916	246	0	0	0	13496	228	12110	2348	1656	1594	0	0	2000	0	672	0	0	0	0	0	0	0	0	0	0	0	120	0	0	0	420	0	620	0	82	0	130	0	0	0	0	0	0	0	176	0	3962	230	3512	84	280	0	7444	202	1158	0	180	0	0	0	1086	0	0	0	194	0	0	0	0	0	0	0	0	0	0	0	0	0	0	0	0	0	0	0	0	0	0	0	0	0	0	0	
341396	Frontal_Mid_R	1576	11822	1972	38750	0	4462	934	0	0	2512	0	16062	0	17124	0	6740	90	1676	3604	4280	0	0	482	7554	0	106	0	0	104	11068	1120	4202	390	5572	102	94	206	4472	0	824	0	0	0	0	0	0	0	820	0	0	0	0	0	0	0	374	346	2220	0	204	0	0	0	450	0	0	0	0	0	0	930	878	380	9020	324	1190	136	4916	0	212	0	294	0	0	0	0	0	0	0	104	0	0	0	0	0	0	0	0	0	0	0	0	0	0	0	0	0	0	0	0	0	0	0	0	0	0	
201640	Frontal_Mid_Orb_L	0	0	8848	140	20644	0	12990	0	0	0	332	0	14132	0	20532	0	0	0	536	84	1046	0	1122	144	1882	0	1680	0	7620	0	3216	890	0	236	0	0	0	0	0	0	252	0	0	0	0	0	0	0	0	0	0	0	0	0	0	0	0	0	0	0	0	0	0	0	0	0	0	0	0	0	196	0	3800	0	0	0	0	0	0	0	166	0	332	0	0	0	0	0	0	0	0	0	0	0	0	0	0	0	0	0	0	0	0	0	0	0	0	0	0	0	0	0	0	0	0	0	
31036	Frontal_Mid_Orb_R	0	0	0	1842	0	5186	0	2512	0	0	0	0	0	184	0	3878	0	0	0	0	0	0	0	266	0	412	0	374	0	144	0	120	0	0	0	0	0	0	0	0	0	0	0	0	0	0	0	0	0	0	0	0	0	0	0	0	0	0	0	0	0	0	0	0	0	0	0	0	0	0	0	214	0	386	0	0	0	0	0	0	0	0	0	0	0	0	0	0	0	0	0	0	0	0	0	0	0	0	0	0	0	0	0	0	0	0	0	0	0	0	0	0	0	0	0	0	
172556	Frontal_Inf_Oper_L	13330	0	8316	84	662	0	8494	0	332	0	0	0	13146	0	888	0	6982	0	2814	218	0	0	346	0	84	0	0	0	13182	0	586	0	0	0	0	0	1156	0	356	0	0	0	0	0	0	0	0	0	0	0	292	0	0	0	868	0	910	0	0	0	0	0	0	0	0	0	0	0	0	0	504	0	5900	0	940	0	546	0	1548	0	2018	0	554	0	718	0	0	0	504	0	0	0	0	0	0	0	0	0	0	0	0	0	0	0	0	0	0	0	0	0	0	0	0	0	0	0	
286460	Frontal_Inf_Oper_R	254	10482	572	12634	0	0	442	16062	0	0	0	0	258	16152	0	752	0	6096	2538	7044	0	0	308	1410	136	0	0	0	148	20062	940	3032	142	2718	0	0	94	3314	0	1366	0	0	0	0	0	0	0	1002	0	0	0	0	0	0	0	1074	98	6922	0	278	0	104	0	1614	0	0	0	0	0	0	2326	866	424	14474	0	1930	128	2700	0	454	0	808	0	140	0	222	0	0	0	516	0	0	0	0	0	0	0	194	0	0	0	0	0	0	0	0	0	0	0	0	0	0	0	0	0	0	
336744	Frontal_Inf_Tri_L	3042	0	28450	334	12522	0	40568	0	14132	0	13146	258	0	138	12788	0	1718	0	1950	162	0	0	4494	400	0	0	0	0	19934	114	4172	1124	156	692	0	0	164	0	0	0	0	0	0	0	0	0	0	0	0	0	0	0	0	0	0	0	0	0	0	0	0	0	0	0	0	0	0	0	0	0	1168	104	3720	0	378	0	190	0	320	0	652	0	1124	0	160	0	0	0	98	0	0	0	0	0	0	0	0	0	0	0	0	0	0	0	0	0	0	0	0	0	0	0	0	0	0	0	
193884	Frontal_Inf_Tri_R	0	854	292	10868	0	2104	262	17124	0	184	0	16152	138	0	0	3310	0	568	2452	4550	0	0	344	5592	0	386	0	0	84	14418	436	6976	0	3466	0	0	0	262	0	0	0	0	0	0	0	0	0	220	0	0	0	0	0	0	0	124	0	182	0	0	0	0	0	0	0	0	0	0	0	0	1172	522	208	3314	0	0	0	192	0	0	0	186	0	0	0	0	0	0	0	0	0	0	0	0	0	0	0	0	0	0	0	0	0	0	0	0	0	0	0	0	0	0	0	0	0	0	
207592	Frontal_Inf_Orb_L	0	0	10576	0	22066	0	5742	0	20532	0	888	0	12788	0	0	0	122	0	726	0	3218	90	594	0	0	0	1124	0	15584	0	916	210	0	0	0	0	116	0	104	0	518	0	0	0	0	0	0	0	0	0	0	0	0	0	0	0	0	0	0	0	0	0	0	0	0	0	0	0	0	0	424	0	3534	0	108	0	0	0	0	0	172	0	3468	0	0	0	176	0	0	0	0	0	0	0	0	0	0	0	0	0	0	0	0	0	0	0	0	0	0	0	0	0	0	0	0	0	
91016	Frontal_Inf_Orb_R	0	0	0	7272	0	5330	0	6740	0	3878	0	752	0	3310	0	0	0	1018	98	620	0	476	0	944	0	906	0	170	0	5710	0	1018	0	132	0	0	0	120	0	160	0	252	0	0	0	0	0	0	0	0	0	0	0	0	0	90	0	0	0	0	0	0	0	0	0	0	0	0	0	0	0	110	0	1552	0	0	0	0	0	162	0	1830	0	2412	0	446	0	0	0	0	0	0	0	0	0	0	0	0	0	0	0	0	0	0	0	0	0	0	0	0	0	0	0	0	0	0	
208048	Rolandic_Oper_L	9220	252	4154	90	128	0	2146	90	0	0	6982	0	1718	0	122	0	0	0	2966	92	0	0	0	0	0	0	0	0	23258	0	164	0	0	0	0	0	1126	0	0	0	0	0	0	0	0	0	0	0	0	0	1410	0	184	0	990	0	8322	0	0	0	452	0	2470	0	686	0	0	0	190	0	1302	0	8102	0	4016	0	984	0	5822	0	10824	0	804	0	2792	0	0	0	2166	0	0	0	0	0	0	0	0	0	0	0	0	0	0	0	0	0	0	0	0	0	0	0	0	0	0	0	
105996	Rolandic_Oper_R	0	3258	0	3164	0	0	0	1676	0	0	0	6096	0	568	0	1018	0	0	142	1284	0	0	0	90	0	0	0	0	0	11370	120	272	0	0	0	0	0	442	0	218	0	0	0	0	0	0	0	534	0	0	0	0	0	180	0	118	0	4192	0	0	0	106	0	3072	0	0	0	0	0	0	512	228	0	3276	0	0	0	1178	0	2224	0	5110	0	1206	0	630	0	0	0	714	0	0	0	0	0	0	0	0	0	0	0	0	0	0	0	0	0	0	0	0	0	0	0	0	0	0	
658200	Supp_Motor_Area_L	5420	4970	66356	21232	2230	0	5386	3604	536	0	2814	2538	1950	2452	726	98	2966	142	0	52804	0	0	5408	2608	378	132	0	0	8602	982	6756	7902	16218	26576	114	950	716	130	210	0	240	0	0	0	0	160	0	112	0	166	0	114	0	0	390	0	700	0	0	0	0	0	0	0	0	150	0	476	14566	2584	10044	3468	19480	496	14106	154	2502	2716	188	0	1448	0	276	0	162	0	0	0	496	0	0	0	0	0	0	0	0	0	0	0	0	0	0	0	0	0	0	0	0	0	0	0	0	0	0	0	
603516	Supp_Motor_Area_R	10876	8780	18792	43392	0	402	1566	4280	84	0	218	7044	162	4550	0	620	92	1284	52804	0	0	0	1136	5990	0	582	0	0	202	7664	3118	14924	13774	42388	636	1658	0	508	0	438	0	0	0	88	0	430	0	150	0	332	0	220	0	0	0	474	772	1302	0	0	0	0	0	0	0	292	120	1318	12170	9958	2606	9042	1990	6098	1518	144	272	4406	0	0	0	92	0	0	0	0	0	0	0	0	0	0	0	0	0	0	0	0	0	0	0	0	0	0	0	0	0	0	0	0	0	0	0	0	0	0	
90252	Olfactory_L	0	0	0	0	2774	204	0	0	1046	0	0	0	0	0	3218	0	0	0	0	0	0	4776	0	0	536	216	3930	1204	5130	126	2048	1628	0	0	0	0	144	0	2094	0	1834	0	0	0	0	0	0	0	0	0	0	0	0	0	466	0	0	0	0	0	0	0	0	0	0	0	0	0	0	0	6118	1736	2060	0	0	0	0	0	0	0	448	0	2774	0	0	0	134	0	482	0	0	0	0	0	0	0	0	0	0	0	0	0	0	0	0	0	0	0	0	0	0	0	0	0	0	0	
82000	Olfactory_R	0	0	0	156	98	798	0	0	0	0	0	0	0	0	90	476	0	0	0	0	4776	0	0	0	194	832	2266	2498	700	2818	1846	2590	0	0	0	0	92	0	838	410	732	1492	0	0	0	0	0	0	0	0	0	0	0	0	258	278	0	0	0	0	0	0	0	0	0	0	0	0	0	0	7162	4640	3656	0	0	0	0	0	0	0	436	0	252	242	0	0	0	0	374	0	0	0	0	0	0	0	0	0	0	0	0	0	0	0	0	0	0	0	0	0	0	0	0	0	0	0	
366884	Frontal_Sup_Medial_L	84	298	45374	7694	5314	148	20454	482	1122	0	346	308	4494	344	594	0	0	0	5408	1136	0	0	0	22352	5156	1030	0	0	1926	430	28570	14200	4666	8998	0	0	0	0	0	0	0	0	0	0	0	0	0	0	0	0	0	0	0	0	0	0	0	0	0	0	0	0	0	0	0	0	0	0	0	316	382	0	1538	0	278	0	0	0	0	0	0	0	0	0	0	0	0	0	0	0	0	0	0	0	0	0	0	0	0	0	0	0	0	0	0	0	0	0	0	0	0	0	0	0	0	0	
350756	Frontal_Sup_Medial_R	0	376	2914	37174	142	5098	916	7554	144	266	0	1410	400	5592	0	944	0	90	2608	5990	0	0	22352	0	182	5372	0	98	0	5744	7552	35386	1202	20596	0	0	0	0	0	0	0	0	0	0	0	0	0	0	0	0	0	0	0	0	0	0	0	0	0	0	0	0	0	0	0	0	0	0	0	0	150	2390	0	2736	0	0	0	0	0	0	0	0	0	0	0	0	0	0	0	0	0	0	0	0	0	0	0	0	0	0	0	0	0	0	0	0	0	0	0	0	0	0	0	0	0	0	
78920	Frontal_Med_Orb_L	0	0	2582	0	7800	120	246	0	1882	0	84	136	0	0	0	0	0	0	378	0	536	194	5156	182	0	1032	1986	136	778	92	10208	580	0	0	0	0	0	0	0	0	0	0	0	0	0	0	0	0	0	0	0	0	0	0	0	0	0	0	0	0	0	0	0	0	0	0	0	0	0	0	1306	146	3672	0	228	0	0	0	0	0	0	0	0	0	0	0	0	0	0	0	0	0	0	0	0	0	0	0	0	0	0	0	0	0	0	0	0	0	0	0	0	0	0	0	0	0	
102928	Frontal_Med_Orb_R	0	0	214	3106	144	8500	0	106	0	412	0	0	0	386	0	906	0	0	132	582	216	832	1030	5372	1032	0	180	7136	94	1220	1238	6456	0	186	0	0	0	0	0	0	0	192	0	0	0	0	0	0	0	0	0	0	0	0	0	0	0	0	0	0	0	0	0	0	0	0	0	0	0	0	266	5694	224	5608	0	0	0	0	0	0	0	0	0	0	0	0	0	0	0	0	0	0	0	0	0	0	0	0	0	0	0	0	0	0	0	0	0	0	0	0	0	0	0	0	0	0	
49772	Rectus_L	0	0	0	0	3654	0	0	0	1680	0	0	0	0	0	1124	0	0	0	0	0	3930	2266	0	0	1986	180	0	446	554	0	2968	1200	0	0	0	0	0	0	0	0	120	0	0	0	0	0	0	0	0	0	0	0	0	0	0	0	0	0	0	0	0	0	0	0	0	0	0	0	0	0	3030	758	990	0	0	0	0	0	0	0	0	0	0	0	0	0	0	0	0	0	0	0	0	0	0	0	0	0	0	0	0	0	0	0	0	0	0	0	0	0	0	0	0	0	0	0	
52852	Rectus_R	0	0	0	130	0	6444	0	0	0	374	0	0	0	0	0	170	0	0	0	0	1204	2498	0	98	136	7136	446	0	186	650	552	1732	0	0	0	0	0	0	224	0	204	96	0	0	0	0	0	0	0	0	0	0	0	0	86	0	0	0	0	0	0	0	0	0	0	0	0	0	0	0	1274	1520	702	310	0	0	0	0	0	0	130	0	0	0	0	0	0	0	124	0	0	0	0	0	0	0	0	0	0	0	0	0	0	0	0	0	0	0	0	0	0	0	0	0	0	0	
603664	Insula_L	15460	256	28644	242	20020	0	13496	104	7620	0	13182	148	19934	84	15584	0	23258	0	8602	202	5130	700	1926	0	778	94	554	186	0	0	2632	216	0	182	0	0	8232	0	3462	0	5158	0	0	0	82	0	0	0	96	0	3210	0	386	0	5918	0	5382	0	0	0	608	0	138	0	190	0	130	0	0	0	4698	288	25682	82	5190	0	2110	0	10600	0	15872	0	7944	0	8258	0	202	0	8594	0	0	0	0	0	0	0	0	0	86	0	0	0	0	0	0	0	0	0	0	0	0	0	0	0	0	0	
435168	Insula_R	82	7594	238	17462	0	3382	228	11068	0	144	0	20062	114	14418	0	5710	0	11370	982	7664	126	2818	430	5744	92	1220	0	650	0	0	782	10090	88	1846	0	0	0	11172	0	7318	0	3318	0	118	0	0	0	1338	0	0	0	0	0	0	0	10136	0	2574	0	112	0	0	0	420	0	0	0	192	0	0	1128	2550	84	29160	0	204	0	1188	0	2388	0	8284	0	3414	0	2278	0	0	0	4418	0	0	0	0	0	0	0	1198	0	188	0	0	0	0	0	0	0	0	0	0	0	0	0	0	0	0	
384288	Cingulum_Ant_L	1160	170	26148	3216	8760	0	12110	1120	3216	0	586	940	4172	436	916	0	164	120	6756	3118	2048	1846	28570	7552	10208	1238	2968	552	2632	782	0	18932	7224	7174	422	0	0	0	0	0	0	0	0	0	0	0	0	0	0	0	0	0	0	0	0	0	0	0	0	0	0	0	0	0	0	0	322	0	0	0	10298	1778	11864	236	1246	0	950	0	0	0	194	0	0	0	0	0	0	0	0	0	0	0	0	0	0	0	0	0	0	0	0	0	0	0	0	0	0	0	0	0	0	0	0	0	0	0	
496040	Cingulum_Ant_R	626	950	4248	31572	540	3652	2348	4202	890	120	0	3032	1124	6976	210	1018	0	272	7902	14924	1628	2590	14200	35386	580	6456	1200	1732	216	10090	18932	0	5696	33500	122	336	0	0	0	0	0	0	0	0	0	0	0	0	0	0	0	0	0	0	0	0	0	0	0	0	0	0	0	0	0	0	0	0	0	0	4600	15912	2916	6896	342	0	0	0	0	84	0	0	0	0	0	0	0	0	0	0	0	0	0	0	0	0	0	0	0	0	0	0	0	0	0	0	0	0	0	0	0	0	0	0	0	0	
233788	Cingulum_Mid_L	2354	3220	5252	3832	0	0	1656	390	0	0	0	142	156	0	0	0	0	0	16218	13774	0	0	4666	1202	0	0	0	0	0	88	7224	5696	0	15196	5228	1602	0	0	0	0	0	0	164	0	460	258	108	0	2016	160	2766	0	0	0	0	0	1148	0	1644	0	500	0	0	0	348	0	9050	1146	3664	1836	104	864	136	100	0	0	0	1282	0	0	0	0	0	0	1070	0	0	0	174	0	0	0	0	0	0	0	0	0	0	0	0	0	0	0	0	0	0	0	0	0	0	0	0	0	0	0	
525124	Cingulum_Mid_R	5134	1490	6896	25364	174	162	1594	5572	236	0	0	2718	692	3466	0	132	0	0	26576	42388	0	0	8998	20596	0	186	0	0	182	1846	7174	33500	15196	0	2004	8284	0	0	0	0	0	0	0	512	0	3288	0	120	0	2734	0	612	0	116	0	0	512	1594	0	174	0	0	0	172	0	1158	1488	8196	8654	6030	368	2998	242	350	120	84	0	1870	0	0	0	0	0	0	0	194	0	0	0	416	0	0	0	0	0	0	0	0	0	0	0	0	0	0	0	0	0	0	0	0	0	0	0	0	0	0	
112508	Cingulum_Post_L	3854	1804	258	96	0	0	0	102	0	0	0	0	0	0	0	0	0	0	114	636	0	0	0	0	0	0	0	0	0	0	422	122	5228	2004	0	5184	2162	1618	142	692	0	0	836	0	532	0	566	202	622	0	2304	0	260	0	228	0	6054	2080	632	0	1574	0	118	148	1008	0	8700	876	1196	534	0	0	0	0	0	0	0	1370	0	0	0	0	0	0	1512	0	0	0	464	0	0	0	0	0	0	0	0	0	0	0	0	0	0	0	0	0	0	0	0	0	0	0	0	0	0	0	
128160	Cingulum_Post_R	1640	2944	290	82	0	0	0	94	0	0	0	0	0	0	0	0	0	0	950	1658	0	0	0	0	0	0	0	0	0	0	0	336	1602	8284	5184	0	1004	3276	126	1710	0	0	0	2390	0	1148	304	1338	0	790	0	228	118	666	132	448	100	7212	0	0	0	474	0	1280	0	606	960	10458	706	1398	0	0	0	0	0	0	0	1656	0	0	0	0	0	0	0	836	0	0	0	1546	0	0	0	0	0	0	0	0	0	0	0	0	0	0	0	0	0	0	0	0	106	0	0	0	0	0	
271580	Hippocampus_L	5962	106	2508	0	0	0	2000	206	0	0	1156	94	164	0	116	0	1126	0	716	0	144	92	0	0	0	0	0	0	8232	0	0	0	0	0	2162	1004	0	1174	21206	626	7072	0	2076	0	574	0	8848	220	246	0	3004	0	1410	0	21416	0	1250	0	0	0	0	0	0	0	0	0	2956	0	0	0	154	100	8836	168	534	0	4930	2032	880	0	2208	0	1502	0	1158	0	0	0	9754	0	1074	0	314	0	0	0	1800	0	1710	0	324	0	320	0	0	0	0	0	0	126	0	0	0	0	0	0	
318400	Hippocampus_R	214	2448	156	2866	0	0	0	4472	0	0	0	3314	0	262	0	120	0	442	130	508	0	0	0	0	0	0	0	0	0	11172	0	0	0	0	1618	3276	1174	0	152	34194	0	9746	0	1004	0	0	348	4930	0	0	0	84	146	0	160	28624	0	462	0	0	0	0	0	102	0	0	0	2832	0	0	0	0	0	16232	0	1344	0	6430	0	550	0	1834	0	1026	0	582	0	0	0	7890	0	558	0	0	0	192	0	5926	0	1374	0	0	0	84	0	0	0	0	0	0	140	82	0	0	0	0	
167436	ParaHippocampal_L	2074	0	770	0	0	0	672	0	0	0	356	0	0	0	104	0	0	0	210	0	2094	838	0	0	0	0	0	224	3462	0	0	0	0	0	142	126	21206	152	0	0	2938	0	456	0	0	0	7786	0	0	0	2184	0	868	0	13554	0	544	0	0	0	0	0	0	0	0	0	388	0	0	0	1474	152	3778	0	296	0	2146	644	0	0	712	0	1514	0	154	0	102	0	1784	0	1714	0	460	0	552	0	3242	0	2688	0	464	0	476	0	100	0	0	0	0	118	0	0	0	0	0	0	
293996	ParaHippocampal_R	0	318	0	1544	0	0	0	824	0	0	0	1366	0	0	0	160	0	218	0	438	0	410	0	0	0	0	0	0	0	7318	0	0	0	0	692	1710	626	34194	0	0	0	9740	0	840	0	0	212	5160	0	0	0	0	92	162	138	27274	0	0	0	0	0	0	0	0	0	0	0	2092	0	0	0	0	0	10958	0	1030	0	2260	0	226	0	912	0	3208	0	320	0	1050	0	5104	188	2736	0	306	140	530	304	10188	590	4904	0	0	0	554	354	1408	0	0	0	102	510	1294	398	452	1252	192	
61452	Amygdala_L	0	0	254	0	420	0	0	0	252	0	0	0	0	0	518	0	0	0	240	0	1834	732	0	0	0	0	120	204	5158	0	0	0	0	0	0	0	7072	0	2938	0	0	0	0	0	0	0	0	0	0	0	0	0	0	0	3818	0	0	0	0	0	0	0	0	0	0	0	0	0	0	0	874	0	774	0	0	0	0	0	0	0	1256	0	1784	0	0	0	0	0	2478	0	0	0	0	0	0	0	0	0	0	0	0	0	0	0	0	0	0	0	0	0	0	0	0	0	0	0	
80948	Amygdala_R	0	0	0	228	0	238	0	0	0	0	0	0	0	0	0	252	0	0	0	0	0	1492	0	0	0	192	0	96	0	3318	0	0	0	0	0	0	0	9746	0	9740	0	0	0	0	0	0	0	0	0	0	0	0	0	0	0	7542	0	0	0	0	0	0	0	0	0	0	0	0	0	0	0	0	0	1614	0	0	0	0	0	0	0	0	0	2626	0	0	0	174	0	372	0	0	0	0	0	0	0	2844	0	0	0	0	0	0	0	0	0	0	0	0	0	0	0	0	0	0	
228552	Calcarine_L	186	0	0	0	0	0	0	0	0	0	0	0	0	0	0	0	0	0	0	0	0	0	0	0	0	0	0	0	0	0	0	0	164	0	836	0	2076	0	456	0	0	0	0	6034	12896	2882	20222	3524	9162	868	25072	414	4150	256	1656	172	126	0	736	0	110	0	0	0	366	0	15338	240	98	0	0	0	0	0	0	0	0	0	0	0	0	0	0	0	1020	0	0	0	276	0	796	0	0	0	0	0	888	0	1560	124	0	0	0	0	0	0	0	0	0	0	840	732	0	0	0	0	
224108	Calcarine_R	0	0	0	0	0	0	0	0	0	0	0	0	0	0	0	0	0	0	0	88	0	0	0	0	0	0	0	0	0	118	0	0	0	512	0	2390	0	1004	0	840	0	0	6034	0	1008	20500	2862	18928	0	17594	0	12692	0	4020	0	4224	0	392	0	596	0	126	0	340	0	394	168	12072	0	116	0	0	0	0	0	0	0	0	0	0	0	0	0	0	0	824	0	0	0	2212	0	344	0	0	0	0	0	154	92	804	0	0	0	0	0	0	0	0	0	0	394	212	0	0	0	0	
160816	Cuneus_L	380	0	0	0	0	0	0	0	0	0	0	0	0	0	0	0	0	0	0	0	0	0	0	0	0	0	0	0	82	0	0	0	460	0	532	0	574	0	0	0	0	0	12896	1008	0	2176	6356	226	17912	180	15368	0	2658	0	426	0	216	0	1604	0	98	0	0	0	144	0	12666	216	126	0	0	0	0	0	0	0	0	0	368	0	94	0	0	0	2108	0	0	0	456	0	844	0	0	0	0	0	0	0	150	0	0	0	0	0	0	0	0	0	0	0	84	0	0	0	0	0	
195552	Cuneus_R	0	96	0	0	0	0	0	0	0	0	0	0	0	0	0	0	0	0	160	430	0	0	0	0	0	0	0	0	0	0	0	0	258	3288	0	1148	0	0	0	0	0	0	2882	20500	2176	0	672	5268	0	24772	0	7658	0	554	0	732	0	446	0	2466	0	88	0	208	0	4662	846	17070	0	374	0	0	0	0	0	0	0	0	0	0	0	106	0	0	0	258	0	0	0	132	0	124	0	0	0	0	0	0	0	402	0	0	0	0	0	0	0	0	0	0	0	0	0	0	0	0	
365600	Lingual_L	202	0	0	0	0	0	0	0	0	0	0	0	0	0	0	0	0	0	0	0	0	0	0	0	0	0	0	0	0	0	0	0	108	0	566	304	8848	348	7786	212	0	0	20222	2862	6356	672	0	3560	3588	500	18972	300	8962	178	18992	278	0	0	264	0	0	0	0	0	138	0	7378	0	0	0	0	0	0	0	0	0	1024	674	0	0	0	0	0	0	834	0	0	0	412	0	8076	1536	570	962	1788	174	19586	1318	17502	1512	1048	0	1618	282	350	216	0	0	0	430	5868	3764	1190	0	90	380	
264616	Lingual_R	90	550	0	240	0	0	0	820	0	0	0	1002	0	220	0	0	0	534	112	150	0	0	0	0	0	0	0	0	0	1338	0	0	0	120	202	1338	220	4930	0	5160	0	0	3524	18928	226	5268	3560	0	0	3068	0	3968	0	4660	232	15250	0	308	0	0	0	0	0	96	0	0	0	3584	0	0	0	0	0	2300	0	0	0	2204	0	124	0	100	0	0	0	0	0	0	0	1144	726	5144	0	488	0	346	2448	9928	1588	10682	0	88	0	930	86	174	0	0	0	88	9966	3512	544	0	0	0	
229716	Occipital_Sup_L	1546	0	426	0	0	0	0	0	0	0	0	0	0	0	0	0	0	0	0	0	0	0	0	0	0	0	0	0	96	0	0	0	2016	0	622	0	246	0	0	0	0	0	9162	0	17912	0	3588	0	0	0	34596	0	2870	0	244	0	1320	0	9530	0	2110	0	0	0	2072	0	17824	0	296	0	0	0	0	0	0	0	0	0	370	0	198	0	0	0	5894	0	0	0	1144	0	776	0	0	0	0	0	0	0	0	0	0	0	0	0	0	0	0	0	0	0	0	0	0	0	0	0	
240516	Occipital_Sup_R	0	128	0	0	0	0	0	0	0	0	0	0	0	0	0	0	0	0	166	332	0	0	0	0	0	0	0	0	0	0	0	0	160	2734	0	790	0	0	0	0	0	0	868	17594	180	24772	500	3068	0	0	0	21654	0	1094	0	1098	0	768	0	4968	0	716	0	1128	0	10834	550	19586	0	218	0	0	0	0	0	0	0	0	0	0	0	1302	0	0	0	4048	0	0	0	508	0	128	0	0	0	0	0	0	0	366	0	0	0	0	0	0	0	0	0	0	0	0	0	0	0	0	
517616	Occipital_Mid_L	7310	0	1354	0	0	0	120	0	0	0	292	0	0	0	0	0	1410	0	0	0	0	0	0	0	0	0	0	0	3210	0	0	0	2766	0	2304	0	3004	0	2184	0	0	0	25072	0	15368	0	18972	0	34596	0	0	0	19068	0	7440	0	6562	0	13302	0	11240	0	196	0	16772	0	25038	0	1316	0	0	0	0	0	0	0	142	0	1814	0	626	0	0	0	26676	0	0	0	7644	0	1816	0	0	0	0	0	592	0	508	0	0	0	0	0	0	0	0	0	0	0	0	94	0	0	0	0	
220792	Occipital_Mid_R	0	0	0	0	0	0	0	0	0	0	0	0	0	0	0	0	0	0	114	220	0	0	0	0	0	0	0	0	0	0	0	0	0	612	0	228	0	84	0	0	0	0	414	12692	0	7658	300	3968	0	21654	0	0	0	8532	0	2568	0	1666	0	2836	0	6112	0	2424	0	19840	0	6556	0	0	0	0	0	0	0	0	0	0	0	0	0	970	0	0	0	8922	0	0	0	1402	0	230	0	0	0	0	0	0	0	394	0	0	0	0	0	0	0	0	0	0	0	0	0	0	0	0	
134928	Occipital_Inf_L	556	0	0	0	0	0	0	0	0	0	0	0	0	0	0	0	184	0	0	0	0	0	0	0	0	0	0	0	386	0	0	0	0	0	260	118	1410	146	868	92	0	0	4150	0	2658	0	8962	0	2870	0	19068	0	0	0	8774	0	290	0	272	0	0	0	0	0	700	0	1470	0	98	0	0	0	0	0	0	0	108	168	164	0	0	0	0	0	3672	0	0	0	3898	0	2608	0	0	0	0	0	1462	0	1738	0	0	0	0	0	0	0	0	0	0	0	214	100	0	0	0	0	
91464	Occipital_Inf_R	0	436	0	0	0	0	0	0	0	0	0	0	0	0	0	0	0	180	0	0	0	0	0	0	0	0	0	0	0	0	0	0	0	116	0	666	0	0	0	162	0	0	256	4020	0	554	178	4660	0	1094	0	8532	0	0	0	6844	0	680	0	0	0	0	0	254	0	414	0	1156	0	0	0	0	0	0	0	0	0	0	0	0	0	114	0	0	0	2512	0	0	0	6960	0	930	0	0	0	0	144	1286	116	1948	0	0	0	146	0	0	0	0	0	0	1198	176	0	0	0	0	
441200	Fusiform_L	960	0	676	0	0	0	420	0	0	0	868	0	0	0	0	0	990	0	390	0	466	258	0	0	0	0	0	86	5918	0	0	0	0	0	228	132	21416	160	13554	138	3818	0	1656	0	426	0	18992	232	244	0	7440	0	8774	0	0	86	148	0	0	0	0	0	0	0	0	0	802	0	0	0	282	0	4726	0	220	0	1210	382	234	0	4262	0	1870	0	3718	0	1654	0	18284	0	24074	538	2350	172	316	0	20090	492	34624	766	3346	0	3738	184	338	142	0	0	0	88	1732	1030	252	0	96	112	
456064	Fusiform_R	0	238	0	1200	0	0	0	374	0	0	0	1074	0	124	0	90	0	118	0	474	0	278	0	0	0	0	0	0	0	10136	0	0	0	0	0	448	0	28624	0	27274	0	7542	172	4224	0	732	278	15250	0	1098	0	2568	0	6844	86	0	0	0	0	0	0	0	0	0	0	0	0	1148	0	0	0	0	0	11340	0	602	0	646	0	288	0	3640	0	5446	0	2182	0	2852	0	20190	384	15244	0	536	0	492	654	18654	574	22202	0	342	0	1220	102	252	0	0	0	286	6798	1768	586	182	176	0	
316752	Postcentral_L	36688	1472	1588	0	0	0	620	346	0	0	910	98	0	0	0	0	8322	0	700	772	0	0	0	0	0	0	0	0	5382	0	0	0	1148	512	6054	100	1250	0	544	0	0	0	126	0	216	0	0	0	1320	0	6562	0	290	0	148	0	0	408	10602	0	29470	0	8442	0	5008	0	4638	0	4528	0	148	0	4892	136	2530	0	922	0	3940	0	3276	0	0	0	2782	0	0	0	1486	0	0	0	0	0	0	0	0	0	0	0	0	0	0	0	0	0	0	0	0	0	0	0	0	0	0	0	
226812	Postcentral_R	1424	23836	82	1420	0	0	0	2220	0	0	0	6922	0	182	0	0	0	4192	0	1302	0	0	0	0	0	0	0	0	0	2574	0	0	0	1594	2080	7212	0	462	0	0	0	0	0	392	0	446	0	308	0	768	0	1666	0	680	0	0	408	0	0	6970	168	6340	0	21252	0	2710	136	4486	116	3402	0	0	0	1784	0	406	0	678	0	178	0	1154	0	0	0	1130	0	0	0	2326	0	0	0	0	0	0	0	0	0	0	0	0	0	0	0	0	0	0	0	0	0	0	0	0	0	0	
139784	Parietal_Sup_L	1220	0	440	0	0	0	82	0	0	0	0	0	0	0	0	0	0	0	0	0	0	0	0	0	0	0	0	0	0	0	0	0	1644	0	632	0	0	0	0	0	0	0	736	0	1604	0	264	0	9530	0	13302	0	272	0	0	0	10602	0	0	0	11400	0	0	0	1140	0	14306	0	696	0	0	0	0	0	0	0	0	0	0	0	0	0	0	0	1674	0	0	0	348	0	0	0	0	0	0	0	0	0	0	0	0	0	0	0	0	0	0	0	0	0	0	0	0	0	0	0	
79324	Parietal_Sup_R	0	372	0	0	0	0	0	204	0	0	0	278	0	0	0	0	0	0	0	0	0	0	0	0	0	0	0	0	0	112	0	0	0	174	0	0	0	0	0	0	0	0	0	596	0	2466	0	0	0	4968	0	2836	0	0	0	0	0	6970	0	0	0	2842	0	2676	0	3616	1596	9402	0	186	0	0	0	130	0	0	0	0	0	0	0	0	0	0	0	238	0	0	0	0	0	0	0	0	0	0	0	0	0	0	0	0	0	0	0	0	0	0	0	0	0	0	0	0	0	0	
214816	Parietal_Inf_L	8722	130	838	0	0	0	130	0	0	0	0	0	0	0	0	0	452	0	0	0	0	0	0	0	0	0	0	0	608	0	0	0	500	0	1574	0	0	0	0	0	0	0	110	0	98	0	0	0	2110	0	11240	0	0	0	0	0	29470	168	11400	0	0	0	11864	0	16328	0	3030	0	1656	0	0	0	118	0	0	0	0	0	94	0	542	0	0	0	3096	0	0	0	3130	0	0	0	0	0	0	0	0	0	0	0	0	0	0	0	0	0	0	0	0	0	0	0	0	0	0	0	
78680	Parietal_Inf_R	0	1064	0	0	0	0	0	0	0	0	0	104	0	0	0	0	0	106	0	0	0	0	0	0	0	0	0	0	0	0	0	0	0	0	0	474	0	0	0	0	0	0	0	126	0	88	0	0	0	716	0	6112	0	0	0	0	0	6340	0	2842	0	0	0	8112	0	10250	0	1098	0	0	0	0	0	0	0	0	0	0	0	0	0	188	0	0	0	1358	0	0	0	362	0	0	0	0	0	0	0	0	0	0	0	0	0	0	0	0	0	0	0	0	0	0	0	0	0	0	
107092	SupraMarginal_L	1936	0	0	0	0	0	0	0	0	0	0	0	0	0	0	0	2470	0	0	0	0	0	0	0	0	0	0	0	138	0	0	0	0	0	118	0	0	0	0	0	0	0	0	0	0	0	0	0	0	0	196	0	0	0	0	0	8442	0	0	0	11864	0	0	0	8716	0	0	0	380	0	0	0	0	0	0	0	0	0	456	0	6778	0	0	0	7282	0	0	0	4770	0	0	0	0	0	0	0	0	0	0	0	0	0	0	0	0	0	0	0	0	0	0	0	0	0	0	0	
137556	SupraMarginal_R	148	5388	0	86	0	0	0	450	0	0	0	1614	0	0	0	0	0	3072	0	0	0	0	0	0	0	0	0	0	0	420	0	0	0	172	148	1280	0	102	0	0	0	0	0	340	0	208	0	96	0	1128	0	2424	0	254	0	0	0	21252	0	2676	0	8112	0	0	0	6294	0	2096	0	0	0	0	0	522	0	202	0	176	0	208	0	4086	0	0	0	4120	0	0	0	1704	0	0	0	0	0	0	0	0	0	0	0	0	0	0	0	0	0	0	0	0	0	0	0	0	0	0	
154356	Angular_L	4262	0	152	0	0	0	0	0	0	0	0	0	0	0	0	0	686	0	0	0	0	0	0	0	0	0	0	0	190	0	0	0	348	0	1008	0	0	0	0	0	0	0	366	0	144	0	138	0	2072	0	16772	0	700	0	0	0	5008	0	1140	0	16328	0	8716	0	0	0	1376	0	2832	0	0	0	0	0	0	0	0	0	0	0	1958	0	0	0	9846	0	0	0	3136	0	0	0	0	0	0	0	0	0	0	0	0	0	0	0	0	0	0	0	0	0	0	0	0	0	0	0	
154184	Angular_R	0	558	0	0	0	0	0	0	0	0	0	0	0	0	0	0	0	0	150	292	0	0	0	0	0	0	0	0	0	0	0	0	0	1158	0	606	0	0	0	0	0	0	0	394	0	4662	0	0	0	10834	0	19840	0	414	0	0	0	2710	0	3616	0	10250	0	6294	0	0	176	7108	0	0	0	0	0	0	0	0	0	0	0	0	0	2890	0	0	0	4836	0	0	0	304	0	0	0	0	0	0	0	0	0	0	0	0	0	0	0	0	0	0	0	0	0	0	0	0	0	0	
301444	Precuneus_L	2082	112	360	0	0	0	0	0	0	0	0	0	0	0	0	0	0	0	0	120	0	0	0	0	0	0	0	0	130	0	322	0	9050	1488	8700	960	2956	0	388	0	0	0	15338	168	12666	846	7378	0	17824	550	25038	0	1470	0	802	0	4638	136	14306	1596	3030	0	0	0	1376	176	0	5086	1620	100	0	0	0	0	0	0	0	0	412	0	186	0	0	0	7556	0	0	0	1756	0	0	0	0	0	0	0	0	0	0	0	0	0	0	0	0	0	0	0	0	0	0	0	0	0	0	0	
274588	Precuneus_R	392	884	0	82	0	0	0	0	0	0	0	0	0	0	0	0	0	0	476	1318	0	0	0	0	0	0	0	0	0	192	0	0	1146	8196	876	10458	0	2832	0	2092	0	0	240	12072	216	17070	0	3584	0	19586	0	6556	0	1156	0	1148	0	4486	0	9402	0	1098	0	2096	0	7108	5086	0	392	2088	0	0	0	0	0	0	0	178	0	0	0	1456	0	0	0	8834	0	0	0	4336	0	0	0	0	0	0	0	0	0	0	0	0	0	0	0	0	0	0	0	0	162	0	0	0	0	0	
164432	Paracentral_Lobule_L	12918	3636	1812	2044	0	0	176	0	0	0	0	0	0	0	0	0	190	0	14566	12170	0	0	0	0	0	0	0	0	0	0	0	0	3664	8654	1196	706	0	0	0	0	0	0	98	0	126	0	0	0	296	0	1316	0	98	0	0	0	4528	116	696	0	1656	0	380	0	2832	0	1620	392	0	3740	0	902	0	0	0	0	0	1026	0	0	140	0	0	0	390	0	0	0	132	0	0	0	0	0	0	0	0	0	0	0	0	0	0	0	0	0	0	0	0	0	0	0	0	0	0	0	
85420	Paracentral_Lobule_R	4630	4058	788	232	0	0	0	0	0	0	0	0	0	0	0	0	0	0	2584	9958	0	0	316	0	0	0	0	0	0	0	0	0	1836	6030	534	1398	0	0	0	0	0	0	0	116	0	374	0	0	0	218	0	0	0	0	0	0	0	3402	0	186	0	0	0	0	0	0	100	2088	3740	0	0	0	0	0	0	0	0	0	0	0	0	0	0	0	0	122	0	0	0	0	0	0	0	0	0	0	0	0	0	0	0	0	0	0	0	0	0	0	0	0	0	0	0	0	0	0	
299092	Caudate_L	2586	946	13806	4174	940	258	3962	930	196	0	504	2326	1168	1172	424	0	1302	512	10044	2606	6118	7162	382	150	1306	266	3030	1274	4698	1128	10298	4600	104	368	0	0	154	0	1474	0	874	0	0	0	0	0	0	0	0	0	0	0	0	0	282	0	148	0	0	0	0	0	0	0	0	0	0	0	0	0	0	11218	23602	1908	6646	490	12028	96	0	0	664	0	824	0	0	0	0	0	398	0	0	0	0	0	0	0	0	0	0	0	0	0	0	0	0	0	0	0	0	0	0	0	0	0	0	0	
270320	Caudate_R	12018	3550	1376	11142	194	1880	230	878	0	214	0	866	104	522	0	110	0	228	3468	9042	1736	4640	0	2390	146	5694	758	1520	288	2550	1778	15912	864	2998	0	0	100	0	152	0	0	0	0	0	0	0	0	0	0	0	0	0	0	0	0	0	0	0	0	0	0	0	0	0	0	0	0	0	902	0	11218	0	5504	11746	886	1342	162	15850	0	0	0	0	0	0	0	0	0	0	0	0	0	0	0	0	0	0	82	0	0	0	0	0	0	0	0	0	0	0	0	120	0	0	0	0	0	0	
478428	Putamen_L	8540	484	24222	2106	9822	96	3512	380	3800	0	5900	424	3720	208	3534	0	8102	0	19480	1990	2060	3656	1538	0	3672	224	990	702	25682	84	11864	2916	136	242	0	0	8836	0	3778	0	774	0	0	0	0	0	0	0	0	0	0	0	0	0	4726	0	4892	0	0	0	118	0	0	0	0	0	0	0	0	0	23602	5504	0	654	19862	218	4510	0	1250	0	5020	0	1584	0	376	0	0	0	3090	0	114	0	0	0	0	0	88	0	132	0	0	0	0	0	0	0	0	0	0	0	0	0	0	0	0	0	
363240	Putamen_R	1082	4096	246	11676	0	2550	84	9020	0	386	0	14474	0	3314	0	1552	0	3276	496	6098	0	0	0	2736	0	5608	0	310	82	29160	236	6896	100	350	0	0	168	16232	0	10958	0	1614	0	0	0	0	0	2300	0	0	0	0	0	0	0	11340	136	1784	0	130	0	0	0	522	0	0	0	0	0	0	1908	11746	654	0	196	4432	90	5862	0	328	0	1630	0	1036	0	472	0	0	0	1772	0	132	0	0	0	0	0	1980	0	370	0	0	0	0	0	0	0	0	0	0	0	0	0	0	0	0	
168740	Pallidum_L	2582	200	14278	1238	480	0	280	324	0	0	940	0	378	0	108	0	4016	0	14106	1518	0	0	278	0	228	0	0	0	5190	0	1246	342	0	120	0	0	534	0	296	0	0	0	0	0	0	0	0	0	0	0	0	0	0	0	220	0	2530	0	0	0	0	0	0	0	0	0	0	0	0	0	6646	886	19862	196	0	176	2040	0	684	0	1674	0	224	0	144	0	0	0	406	0	0	0	0	0	0	0	0	0	0	0	0	0	0	0	0	0	0	0	0	0	0	0	0	0	0	0	
32124	Pallidum_R	702	620	82	192	0	0	0	1190	0	0	0	1930	0	0	0	0	0	0	154	144	0	0	0	0	0	0	0	0	0	204	0	0	0	84	0	0	0	1344	0	1030	0	0	0	0	0	0	0	0	0	0	0	0	0	0	0	602	0	406	0	0	0	0	0	202	0	0	0	0	0	0	490	1342	218	4432	176	0	0	334	0	0	0	0	0	0	0	0	0	0	0	184	0	0	0	0	0	0	0	0	0	0	0	0	0	0	0	0	0	0	0	0	0	0	0	0	0	0	
123816	Thalamus_L	5760	528	7326	534	0	0	7444	136	0	0	546	128	190	0	0	0	984	0	2502	272	0	0	0	0	0	0	0	0	2110	0	950	0	0	0	0	0	4930	0	2146	0	0	0	0	0	0	0	1024	0	0	0	142	0	108	0	1210	0	922	0	0	0	0	0	0	0	0	0	0	0	0	0	12028	162	4510	90	2040	0	0	1338	528	0	118	0	0	0	564	0	0	0	638	0	0	0	0	0	0	0	0	0	0	0	0	0	0	0	0	0	0	0	0	0	0	0	0	0	0	0	
164148	Thalamus_R	11762	2478	396	1772	0	0	202	4916	0	0	0	2700	0	192	0	0	0	1178	2716	4406	0	0	0	0	0	0	0	0	0	1188	0	0	1282	1870	1370	1656	2032	6430	644	2260	0	0	0	0	0	0	674	2204	0	0	0	0	168	0	382	646	0	678	0	0	0	0	0	176	0	0	0	178	1026	0	96	15850	0	5862	0	334	1338	0	0	278	0	144	0	0	0	0	0	0	0	182	0	0	0	0	0	0	202	0	0	0	0	0	0	0	0	0	0	0	0	206	0	0	0	0	0	0	
106464	Heschl_L	7248	0	556	0	0	0	1158	0	0	0	1548	0	320	0	0	0	5822	0	188	0	0	0	0	0	0	0	0	0	10600	0	0	0	0	0	0	0	880	0	0	0	0	0	0	0	368	0	0	0	370	0	1814	0	164	0	234	0	3940	0	0	0	94	0	456	0	0	0	412	0	0	0	0	0	1250	0	684	0	528	0	0	0	4874	0	0	0	7406	0	0	0	2318	0	0	0	0	0	0	0	0	0	0	0	0	0	0	0	0	0	0	0	0	0	0	0	0	0	0	0	
28340	Heschl_R	0	368	0	118	0	0	0	212	0	0	0	454	0	0	0	162	0	2224	0	0	0	0	0	0	0	0	0	0	0	2388	0	84	0	0	0	0	0	550	0	226	0	0	0	0	0	0	0	124	0	0	0	0	0	0	0	288	0	178	0	0	0	0	0	208	0	0	0	0	0	0	0	0	0	328	0	0	0	278	0	0	0	4406	0	262	0	568	0	0	0	744	0	0	0	0	0	0	0	0	0	0	0	0	0	0	0	0	0	0	0	0	0	0	0	0	0	0	
223672	Temporal_Sup_L	2586	0	2128	0	742	0	180	0	166	0	2018	0	652	0	172	0	10824	0	1448	0	448	436	0	0	0	0	0	130	15872	0	194	0	0	0	0	0	2208	0	712	0	1256	0	0	0	94	0	0	0	198	0	626	0	0	0	4262	0	3276	0	0	0	542	0	6778	0	1958	0	186	0	140	0	664	0	5020	0	1674	0	118	0	4874	0	0	0	3420	0	20384	0	200	0	15250	0	0	0	0	0	0	0	0	0	0	0	0	0	0	0	0	0	0	0	0	0	0	0	0	0	0	0	
137364	Temporal_Sup_R	0	678	0	142	0	0	0	294	0	0	0	808	0	186	0	1830	0	5110	0	92	0	0	0	0	0	0	0	0	0	8284	0	0	0	0	0	0	0	1834	0	912	0	0	0	0	0	106	0	100	0	1302	0	970	0	114	0	3640	0	1154	0	0	0	188	0	4086	0	2890	0	1456	0	0	0	0	0	1630	0	0	0	144	0	4406	0	0	0	5204	0	13242	0	1162	0	6718	0	0	0	0	0	0	0	0	0	0	0	0	0	0	0	0	0	0	0	0	0	0	0	0	0	0	
85036	Temporal_Pole_Sup_L	0	0	348	0	874	0	0	0	332	0	554	0	1124	0	3468	0	804	0	276	0	2774	252	0	0	0	0	0	0	7944	0	0	0	0	0	0	0	1502	0	1514	0	1784	0	0	0	0	0	0	0	0	0	0	0	0	0	1870	0	0	0	0	0	0	0	0	0	0	0	0	0	0	0	824	0	1584	0	224	0	0	0	0	0	3420	0	0	0	4402	0	2984	0	3660	0	0	0	0	0	0	0	0	0	0	0	0	0	0	0	0	0	0	0	0	0	0	0	0	0	0	0	
75360	Temporal_Pole_Sup_R	0	0	0	98	0	0	0	0	0	0	0	140	0	0	0	2412	0	1206	0	0	0	242	0	0	0	0	0	0	0	3414	0	0	0	0	0	0	0	1026	0	3208	0	2626	0	0	0	0	0	0	0	0	0	0	0	0	0	5446	0	0	0	0	0	0	0	0	0	0	0	0	0	0	0	0	0	1036	0	0	0	0	0	262	0	5204	0	0	0	3906	0	4216	0	2928	0	0	0	0	0	0	0	310	0	0	0	0	0	0	0	0	0	0	0	0	0	0	0	0	0	0	
353576	Temporal_Mid_L	6366	0	552	0	0	0	1086	0	0	0	718	0	160	0	0	0	2792	0	162	0	0	0	0	0	0	0	0	0	8258	0	0	0	1070	0	1512	0	1158	0	154	0	0	0	1020	0	2108	0	834	0	5894	0	26676	0	3672	0	3718	0	2782	0	1674	0	3096	0	7282	0	9846	0	7556	0	390	0	0	0	376	0	144	0	564	0	7406	0	20384	0	4402	0	0	0	3186	0	39790	0	0	0	0	0	0	0	0	0	0	0	0	0	0	0	0	0	0	0	0	0	0	0	0	0	0	0	
166464	Temporal_Mid_R	0	476	0	0	0	0	0	0	0	0	0	222	0	0	0	446	0	630	0	0	0	0	0	0	0	0	0	0	0	2278	0	0	0	194	0	836	0	582	0	320	0	0	0	824	0	258	0	0	0	4048	0	8922	0	2512	0	2182	0	1130	0	238	0	1358	0	4120	0	4836	0	8834	0	122	0	0	0	472	0	0	0	0	0	568	0	13242	0	3906	0	0	0	2678	0	16998	0	0	0	0	0	0	0	0	0	0	0	0	0	0	0	0	0	0	0	0	0	0	0	0	0	0	
23936	Temporal_Pole_Mid_L	0	0	0	0	0	0	0	0	0	0	0	0	0	0	176	0	0	0	0	0	134	0	0	0	0	0	0	0	202	0	0	0	0	0	0	0	0	0	102	0	0	0	0	0	0	0	0	0	0	0	0	0	0	0	1654	0	0	0	0	0	0	0	0	0	0	0	0	0	0	0	0	0	0	0	0	0	0	0	0	0	200	0	2984	0	3186	0	0	0	3330	0	0	0	0	0	0	0	0	0	0	0	0	0	0	0	0	0	0	0	0	0	0	0	0	0	0	0	
29832	Temporal_Pole_Mid_R	0	0	0	0	0	0	0	0	0	0	0	0	0	0	0	0	0	0	0	0	0	0	0	0	0	0	0	0	0	0	0	0	0	0	0	0	0	0	0	1050	0	174	0	0	0	0	0	0	0	0	0	0	0	0	0	2852	0	0	0	0	0	0	0	0	0	0	0	0	0	0	0	0	0	0	0	0	0	0	0	0	0	1162	0	4216	0	2678	0	0	0	2784	0	0	0	0	0	0	0	0	0	0	0	0	0	0	0	0	0	0	0	0	0	0	0	0	0	0	
308496	Temporal_Inf_L	3114	0	720	0	0	0	194	0	0	0	504	0	98	0	0	0	2166	0	496	0	482	374	0	0	0	0	0	124	8594	0	0	0	174	0	464	0	9754	0	1784	0	2478	0	276	0	456	0	412	0	1144	0	7644	0	3898	0	18284	0	1486	0	348	0	3130	0	4770	0	3136	0	1756	0	132	0	398	0	3090	0	406	0	638	0	2318	0	15250	0	3660	0	39790	0	3330	0	0	0	3548	0	1090	0	0	0	0	0	1150	0	720	0	468	0	0	0	0	0	0	0	0	0	0	0	0	0	
195232	Temporal_Inf_R	82	1758	0	0	0	0	0	104	0	0	0	516	0	0	0	0	0	714	0	0	0	0	0	0	0	0	0	0	0	4418	0	0	0	416	0	1546	0	7890	0	5104	0	372	0	2212	0	132	0	1144	0	508	0	1402	0	6960	0	20190	0	2326	0	0	0	362	0	1704	0	304	0	4336	0	0	0	0	0	1772	0	184	0	182	0	744	0	6718	0	2928	0	16998	0	2784	0	0	0	518	0	0	0	0	0	138	0	150	0	0	0	0	0	0	0	0	0	0	0	0	0	0	0	0	
571448	Cerebelum_Crus1_L	0	0	0	0	0	0	0	0	0	0	0	0	0	0	0	0	0	0	0	0	0	0	0	0	0	0	0	0	0	0	0	0	0	0	0	0	1074	0	1714	188	0	0	796	0	844	0	8076	726	776	0	1816	0	2608	0	24074	384	0	0	0	0	0	0	0	0	0	0	0	0	0	0	0	0	114	0	0	0	0	0	0	0	0	0	0	0	0	0	0	0	3548	0	0	3800	35752	9492	1684	756	21678	2474	58074	4076	25278	5442	26702	4298	4236	810	354	0	178	1098	6124	10926	11962	2862	466	464	
461812	Cerebelum_Crus1_R	0	0	0	0	0	0	0	0	0	0	0	0	0	0	0	0	0	0	0	0	0	0	0	0	0	0	0	0	0	0	0	0	0	0	0	0	0	558	0	2736	0	0	0	344	0	124	1536	5144	0	128	0	230	0	930	538	15244	0	0	0	0	0	0	0	0	0	0	0	0	0	0	0	0	0	132	0	0	0	0	0	0	0	0	0	0	0	0	0	0	0	518	3800	0	1128	34456	228	5450	1428	22704	4814	55556	976	8610	1388	16294	848	3708	0	118	486	3190	7068	14298	11230	2328	2110	528	
322132	Cerebelum_Crus2_L	0	0	0	0	0	0	0	0	0	0	0	0	0	0	0	0	0	0	0	0	0	0	0	0	0	0	0	0	0	0	0	0	0	0	0	0	314	0	460	0	0	0	0	0	0	0	570	0	0	0	0	0	0	0	2350	0	0	0	0	0	0	0	0	0	0	0	0	0	0	0	0	0	0	0	0	0	0	0	0	0	0	0	0	0	0	0	0	0	1090	0	35752	1128	0	9718	372	102	2946	172	10528	342	33478	6336	27744	2840	4076	216	818	0	0	138	500	4068	11196	3602	210	0	
326760	Cerebelum_Crus2_R	0	0	0	0	0	0	0	0	0	0	0	0	0	0	0	0	0	0	0	0	0	0	0	0	0	0	0	0	0	0	0	0	0	0	0	0	0	0	0	306	0	0	0	0	0	0	962	488	0	0	0	0	0	0	172	536	0	0	0	0	0	0	0	0	0	0	0	0	0	0	0	0	0	0	0	0	0	0	0	0	0	0	0	0	0	0	0	0	0	0	9492	34456	9718	0	98	544	514	3148	3658	10132	7432	22522	4066	22820	942	1442	0	112	86	840	2048	5930	17082	3456	238	140	
92296	Cerebelum_3_L	0	0	0	0	0	0	0	0	0	0	0	0	0	0	0	0	0	0	0	0	0	0	0	0	0	0	0	0	0	0	0	0	0	0	0	0	0	0	552	140	0	0	0	0	0	0	1788	0	0	0	0	0	0	0	316	0	0	0	0	0	0	0	0	0	0	0	0	0	0	0	0	0	0	0	0	0	0	0	0	0	0	0	0	0	0	0	0	0	0	0	1684	228	372	98	0	756	12678	766	4494	1332	808	0	1026	812	2670	1692	0	134	2296	4292	1614	1632	664	988	1330	986	
112028	Cerebelum_3_R	0	0	0	0	0	0	0	0	0	0	0	0	0	0	0	0	0	0	0	0	0	0	0	0	0	0	0	0	0	0	0	0	0	0	0	0	0	192	0	530	0	0	0	0	0	0	174	346	0	0	0	0	0	0	0	492	0	0	0	0	0	0	0	0	0	0	0	0	0	0	0	0	0	0	0	0	0	0	0	0	0	0	0	0	0	0	0	0	0	0	756	5450	102	544	756	0	1584	9686	1072	12174	158	100	352	1882	302	1824	0	94	1112	10112	2580	1232	624	522	734	528	
407256	Cerebelum_4_5_L	0	0	0	0	0	0	0	0	0	0	0	0	0	0	0	0	0	0	0	0	0	0	0	0	0	0	0	0	0	0	0	0	0	0	0	0	1800	0	3242	304	0	0	888	0	0	0	19586	2448	0	0	592	0	1462	144	20090	654	0	0	0	0	0	0	0	0	0	0	0	0	0	0	0	82	88	0	0	0	0	202	0	0	0	0	0	0	0	0	0	0	0	0	21678	1428	2946	514	12678	1584	0	6126	41126	5570	5550	112	7848	2882	4806	3176	0	132	1262	4106	17144	3894	1228	1300	1856	3100	
392164	Cerebelum_4_5_R	0	0	0	260	0	0	0	0	0	0	0	194	0	0	0	0	0	0	0	0	0	0	0	0	0	0	0	0	0	1198	0	0	0	0	0	0	0	5926	0	10188	0	2844	0	154	0	0	1318	9928	0	0	0	0	0	1286	492	18654	0	0	0	0	0	0	0	0	0	0	0	0	0	0	0	0	0	1980	0	0	0	0	0	0	0	0	0	310	0	0	0	0	0	138	2474	22704	172	3148	766	9686	6126	0	4220	41628	378	502	836	7552	1046	3120	0	0	618	6708	19634	3920	2002	1068	1898	1006	
592456	Cerebelum_6_L	0	0	0	0	0	0	0	0	0	0	0	0	0	0	0	0	0	0	0	0	0	0	0	0	0	0	0	0	86	0	0	0	0	0	0	0	1710	0	2688	590	0	0	1560	92	150	0	17502	1588	0	0	508	0	1738	116	34624	574	0	0	0	0	0	0	0	0	0	0	0	0	0	0	0	0	132	0	0	0	0	0	0	0	0	0	0	0	0	0	0	0	1150	0	58074	4814	10528	3658	4494	1072	41126	4220	0	6850	15776	1328	21598	3616	6824	3632	812	308	310	2050	10468	15990	6578	2816	3092	1386	
550420	Cerebelum_6_R	0	0	0	0	0	0	0	0	0	0	0	0	0	0	0	0	0	0	0	0	0	0	0	0	0	0	0	0	0	188	0	0	0	0	0	0	0	1374	0	4904	0	0	124	804	0	402	1512	10682	0	366	0	394	0	1948	766	22202	0	0	0	0	0	0	0	0	0	0	0	0	0	0	0	0	0	370	0	0	0	0	0	0	0	0	0	0	0	0	0	0	0	150	4076	55556	342	10132	1332	12174	5570	41628	6850	0	862	2370	1520	16418	1550	6618	84	270	1330	9196	18722	16684	7852	2844	3676	1368	
355444	Cerebelum_7b_L	0	0	0	0	0	0	0	0	0	0	0	0	0	0	0	0	0	0	0	0	0	0	0	0	0	0	0	0	0	0	0	0	0	0	0	0	324	0	464	0	0	0	0	0	0	0	1048	0	0	0	0	0	0	0	3346	0	0	0	0	0	0	0	0	0	0	0	0	0	0	0	0	0	0	0	0	0	0	0	0	0	0	0	0	0	0	0	0	0	720	0	25278	976	33478	7432	808	158	5550	378	15776	862	0	6190	38904	5440	6138	644	1538	0	0	400	698	3796	9998	6722	656	0	
190148	Cerebelum_7b_R	0	0	0	0	0	0	0	0	0	0	0	0	0	0	0	0	0	0	0	0	0	0	0	0	0	0	0	0	0	0	0	0	0	0	0	0	0	0	0	0	0	0	0	0	0	0	0	88	0	0	0	0	0	0	0	342	0	0	0	0	0	0	0	0	0	0	0	0	0	0	0	0	0	0	0	0	0	0	0	0	0	0	0	0	0	0	0	0	0	0	5442	8610	6336	22522	0	100	112	502	1328	2370	6190	0	3344	20796	512	1432	0	0	0	104	338	2466	8664	3384	92	0	
443048	Cerebelum_8_L	0	0	0	0	0	0	0	0	0	0	0	0	0	0	0	0	0	0	0	0	0	0	0	0	0	0	0	0	0	0	0	0	0	0	0	0	320	0	476	0	0	0	0	0	0	0	1618	0	0	0	0	0	0	0	3738	0	0	0	0	0	0	0	0	0	0	0	0	0	0	0	0	0	0	0	0	0	0	0	0	0	0	0	0	0	0	0	0	0	468	0	26702	1388	27744	4066	1026	352	7848	836	21598	1520	38904	3344	0	5780	25606	3472	3368	0	96	692	1770	5808	12862	14900	4380	842	
356628	Cerebelum_8_R	0	0	0	0	0	0	0	0	0	0	0	0	0	0	0	0	0	0	0	0	0	0	0	0	0	0	0	0	0	0	0	0	0	0	0	0	0	84	0	554	0	0	0	0	0	0	282	930	0	0	0	0	0	146	184	1220	0	0	0	0	0	0	0	0	0	0	0	0	0	0	0	0	0	0	0	0	0	0	0	0	0	0	0	0	0	0	0	0	0	0	4298	16294	2840	22820	812	1882	2882	7552	3616	16418	5440	20796	5780	0	3918	18616	140	152	514	2668	5972	6104	11906	8748	4332	414	
245868	Cerebelum_9_L	0	0	0	0	0	0	0	0	0	0	0	0	0	0	0	0	0	0	0	0	0	0	0	0	0	0	0	0	0	0	0	0	0	0	0	0	0	0	100	354	0	0	0	0	0	0	350	86	0	0	0	0	0	0	338	102	0	0	0	0	0	0	0	0	0	0	0	0	0	0	0	0	0	0	0	0	0	0	0	0	0	0	0	0	0	0	0	0	0	0	4236	848	4076	942	2670	302	4806	1046	6824	1550	6138	512	25606	3918	0	7408	4730	448	168	514	2388	6534	10340	13858	7982	3760	
232944	Cerebelum_9_R	0	0	0	0	0	0	0	0	0	0	0	0	0	0	0	0	0	0	0	0	0	0	0	0	0	0	0	0	0	0	0	0	0	0	0	0	0	0	0	1408	0	0	0	0	0	0	216	174	0	0	0	0	0	0	142	252	0	0	0	0	0	0	0	0	0	0	0	0	0	0	0	0	0	0	0	0	0	0	0	0	0	0	0	0	0	0	0	0	0	0	810	3708	216	1442	1692	1824	3176	3120	3632	6618	644	1432	3472	18616	7408	0	172	1654	642	2386	4636	10360	8416	9564	12866	5774	
26776	Cerebelum_10_L	0	0	0	0	0	0	0	0	0	0	0	0	0	0	0	0	0	0	0	0	0	0	0	0	0	0	0	0	0	0	0	0	0	0	0	0	0	0	0	0	0	0	0	0	0	0	0	0	0	0	0	0	0	0	0	0	0	0	0	0	0	0	0	0	0	0	0	0	0	0	0	0	0	0	0	0	0	0	0	0	0	0	0	0	0	0	0	0	0	0	354	0	818	0	0	0	0	0	812	84	1538	0	3368	140	4730	172	0	0	0	0	0	324	444	358	246	0	
12688	Cerebelum_10_R	0	0	0	0	0	0	0	0	0	0	0	0	0	0	0	0	0	0	0	0	0	0	0	0	0	0	0	0	0	0	0	0	0	0	0	0	0	0	0	0	0	0	0	0	0	0	0	0	0	0	0	0	0	0	0	0	0	0	0	0	0	0	0	0	0	0	0	0	0	0	0	0	0	0	0	0	0	0	0	0	0	0	0	0	0	0	0	0	0	0	0	118	0	112	134	94	132	0	308	270	0	0	0	152	448	1654	0	0	0	102	0	710	218	656	748	488	
36288	Vermis_1_2	0	0	0	0	0	0	0	0	0	0	0	0	0	0	0	0	0	0	0	0	0	0	0	0	0	0	0	0	0	0	0	0	0	0	0	0	0	0	0	0	0	0	0	0	0	0	0	0	0	0	0	0	0	0	0	0	0	0	0	0	0	0	0	0	0	0	0	0	0	0	0	0	0	0	0	0	0	0	0	0	0	0	0	0	0	0	0	0	0	0	178	486	0	86	2296	1112	1262	618	310	1330	0	0	96	514	168	642	0	0	0	6690	992	450	174	150	236	354	
132288	Vermis_3	114	0	0	0	0	0	0	0	0	0	0	0	0	0	0	0	0	0	0	0	0	0	0	0	0	0	0	0	0	0	0	0	0	0	0	0	126	0	118	102	0	0	0	0	0	0	430	88	0	0	0	0	0	0	88	286	0	0	0	0	0	0	0	0	0	0	0	0	0	0	0	120	0	0	0	0	0	206	0	0	0	0	0	0	0	0	0	0	0	0	1098	3190	138	840	4292	10112	4106	6708	2050	9196	400	104	692	2668	514	2386	0	102	6690	0	4614	1420	680	576	914	976	
