data	data	438552	373324	798252	728828	211976	114440	506424	289436	122308	26584	282032	131280	325644	203968	226220	98468	250908	103816	848796	676724	87068	79808	255104	364680	62392	153096	68920	54400	657352	350608	366940	581848	176308	376288	174684	229648	290900	349192	89992	143920	33884	53048	235404	361152	162808	274428	233892	242384	183180	254936	442952	162960	152084	90548	299244	354480	247796	173132	141928	126696	209308	78708	90772	63336	160824	70656	236388	287588	481280	189672	326600	485508	452800	445312	57368	72768	200496	235164	101332	25860	200264	106884	80984	30504	300552	131692	29960	18228	241244	150964	413260	373152	306752	223916	30828	45748	225744	187496	378228	351072	190628	94796	313564	300876	137788	139856	7768	7296	8640	37880	225036	169044	228980	158280	109744	17188	
data	data	Precentral_L	Precentral_R	Frontal_Sup_L	Frontal_Sup_R	Frontal_Sup_Orb_L	Frontal_Sup_Orb_R	Frontal_Mid_L	Frontal_Mid_R	Frontal_Mid_Orb_L	Frontal_Mid_Orb_R	Frontal_Inf_Oper_L	Frontal_Inf_Oper_R	Frontal_Inf_Tri_L	Frontal_Inf_Tri_R	Frontal_Inf_Orb_L	Frontal_Inf_Orb_R	Rolandic_Oper_L	Rolandic_Oper_R	Supp_Motor_Area_L	Supp_Motor_Area_R	Olfactory_L	Olfactory_R	Frontal_Sup_Medial_L	Frontal_Sup_Medial_R	Frontal_Med_Orb_L	Frontal_Med_Orb_R	Rectus_L	Rectus_R	Insula_L	Insula_R	Cingulum_Ant_L	Cingulum_Ant_R	Cingulum_Mid_L	Cingulum_Mid_R	Cingulum_Post_L	Cingulum_Post_R	Hippocampus_L	Hippocampus_R	ParaHippocampal_L	ParaHippocampal_R	Amygdala_L	Amygdala_R	Calcarine_L	Calcarine_R	Cuneus_L	Cuneus_R	Lingual_L	Lingual_R	Occipital_Sup_L	Occipital_Sup_R	Occipital_Mid_L	Occipital_Mid_R	Occipital_Inf_L	Occipital_Inf_R	Fusiform_L	Fusiform_R	Postcentral_L	Postcentral_R	Parietal_Sup_L	Parietal_Sup_R	Parietal_Inf_L	Parietal_Inf_R	SupraMarginal_L	SupraMarginal_R	Angular_L	Angular_R	Precuneus_L	Precuneus_R	Paracentral_Lobule_L	Paracentral_Lobule_R	Caudate_L	Caudate_R	Putamen_L	Putamen_R	Pallidum_L	Pallidum_R	Thalamus_L	Thalamus_R	Heschl_L	Heschl_R	Temporal_Sup_L	Temporal_Sup_R	Temporal_Pole_Sup_L	Temporal_Pole_Sup_R	Temporal_Mid_L	Temporal_Mid_R	Temporal_Pole_Mid_L	Temporal_Pole_Mid_R	Temporal_Inf_L	Temporal_Inf_R	Cerebelum_Crus1_L	Cerebelum_Crus1_R	Cerebelum_Crus2_L	Cerebelum_Crus2_R	Cerebelum_3_L	Cerebelum_3_R	Cerebelum_4_5_L	Cerebelum_4_5_R	Cerebelum_6_L	Cerebelum_6_R	Cerebelum_7b_L	Cerebelum_7b_R	Cerebelum_8_L	Cerebelum_8_R	Cerebelum_9_L	Cerebelum_9_R	Cerebelum_10_L	Cerebelum_10_R	Vermis_1_2	Vermis_3	Vermis_4_5	Vermis_6	Vermis_7	Vermis_8	Vermis_9	Vermis_10	
438552	Precentral_L	0	4120	12878	1256	772	0	24632	372	520	0	17268	0	1924	0	590	0	13084	0	7304	4864	0	0	0	110	0	0	0	0	15186	0	636	180	120	152	1732	2442	6128	1360	272	546	0	0	118	0	86	0	254	0	0	0	1572	0	1274	0	1266	298	22930	74	886	0	2050	0	166	0	494	0	944	0	23406	3094	6164	372	7492	342	124	136	13700	1908	5214	0	3694	0	136	0	1396	0	0	0	1238	0	0	0	0	0	0	0	0	0	0	0	0	0	0	0	0	0	0	0	0	0	0	0	0	0	0	0	
373324	Precentral_R	4120	0	0	12084	0	0	190	20878	0	0	0	5732	0	258	0	0	0	2726	2936	10412	0	0	0	0	0	0	0	0	266	6292	0	386	0	254	1876	3182	1580	10468	122	496	0	0	0	636	0	164	0	0	0	262	0	160	0	1228	0	2828	142	17138	0	222	0	1276	0	1402	0	196	0	1356	10364	9582	938	17704	566	4386	0	980	2290	26748	0	100	0	536	0	76	0	336	0	0	0	788	0	0	0	0	0	0	0	0	0	0	0	0	0	0	0	0	0	0	0	0	0	0	0	0	0	0	
798252	Frontal_Sup_L	12878	0	0	5510	14816	0	61894	130	6752	0	22494	64	24186	78	11920	78	9960	0	63478	5782	0	0	30760	2074	2202	408	1464	0	39250	76	19654	2558	6856	1502	0	154	1666	166	76	92	0	0	0	0	0	0	0	0	0	0	0	0	0	0	0	0	3048	0	0	0	0	0	0	0	0	0	0	0	6984	0	11150	598	21458	236	482	0	602	140	726	0	3056	0	1580	0	0	0	0	0	88	0	0	0	0	0	0	0	0	0	0	0	0	0	0	0	0	0	0	0	0	0	0	0	0	0	0	0	
728828	Frontal_Sup_R	1256	12084	5510	0	118	5942	1194	27192	0	816	78	5438	0	15534	78	4040	112	2648	13670	55280	0	0	8344	39516	1456	7624	0	368	272	13520	6794	44004	900	20322	358	654	460	1926	0	108	0	0	0	0	0	0	0	0	0	0	0	0	0	0	0	86	394	72	0	0	70	0	0	0	0	0	0	0	2106	108	3754	24654	314	20218	0	4262	768	9664	0	0	0	0	0	328	0	0	0	0	0	0	0	0	0	0	0	0	0	0	0	0	0	0	0	0	0	0	0	0	0	0	0	0	0	0	0	0	
211976	Frontal_Sup_Orb_L	772	0	14816	118	0	66	5704	0	14386	0	0	0	3850	0	9804	0	0	0	6296	64	672	66	5662	466	6702	254	9066	0	2986	0	9468	456	650	178	0	0	0	0	0	0	0	0	0	0	0	0	0	0	0	0	0	0	0	0	0	0	0	0	0	0	0	0	0	0	0	0	0	0	1630	0	2294	162	9096	0	0	0	0	0	0	0	0	0	304	0	0	0	0	0	0	0	0	0	0	0	0	0	0	0	0	0	0	0	0	0	0	0	0	0	0	0	0	0	0	0	0	0	
114440	Frontal_Sup_Orb_R	0	0	0	5942	66	0	0	1092	0	4568	0	0	0	876	0	2168	0	0	76	1742	0	544	536	6664	182	9240	0	5548	0	426	918	5248	0	178	0	0	0	0	0	0	0	92	0	0	0	0	0	0	0	0	0	0	0	0	0	0	0	0	0	0	0	0	0	0	0	0	0	0	0	0	0	4824	0	6290	0	0	0	0	0	0	0	0	0	0	0	0	0	0	0	0	0	0	0	0	0	0	0	0	0	0	0	0	0	0	0	0	0	0	0	0	0	0	0	0	0	0	
506424	Frontal_Mid_L	24632	190	61894	1194	5704	0	0	64	5536	0	20514	0	34708	0	8808	0	6626	0	7316	1052	0	0	11394	888	0	0	238	0	22282	0	6116	646	4966	832	448	666	2698	628	0	302	0	0	0	0	0	0	0	0	0	0	90	0	286	0	364	186	2864	0	0	0	182	0	0	0	0	0	0	0	2056	0	4978	162	4666	76	0	0	1230	524	2220	0	1892	0	236	0	280	0	0	0	578	0	0	0	0	0	0	0	0	0	0	0	0	0	0	0	0	0	0	0	0	0	0	0	0	0	0	0	
289436	Frontal_Mid_R	372	20878	130	27192	0	1092	64	0	0	1804	0	4722	0	20350	0	6728	0	96	2158	3486	0	0	386	7758	0	0	0	0	0	4502	194	7798	0	982	0	0	0	706	0	96	0	0	0	0	0	0	0	0	0	0	0	0	0	0	0	0	68	516	0	0	0	0	0	0	0	0	0	0	1730	0	544	11510	0	6568	0	1482	0	10806	0	0	0	0	0	0	0	0	0	0	0	0	0	0	0	0	0	0	0	0	0	0	0	0	0	0	0	0	0	0	0	0	0	0	0	0	0	0	
122308	Frontal_Mid_Orb_L	520	0	6752	0	14386	0	5536	0	0	0	0	0	4300	0	12262	0	0	0	3842	0	148	0	384	158	190	0	2168	0	3358	0	736	0	640	176	0	0	0	0	0	0	0	0	0	0	0	0	0	0	0	0	0	0	0	0	0	0	0	0	0	0	0	0	0	0	0	0	0	0	396	0	750	0	4202	0	0	0	0	0	0	0	0	0	250	0	0	0	0	0	0	0	0	0	0	0	0	0	0	0	0	0	0	0	0	0	0	0	0	0	0	0	0	0	0	0	0	0	
26584	Frontal_Mid_Orb_R	0	0	0	816	0	4568	0	1804	0	0	0	0	0	1212	0	2882	0	0	0	130	0	0	0	226	0	310	0	374	0	142	0	166	0	0	0	0	0	0	0	0	0	0	0	0	0	0	0	0	0	0	0	0	0	0	0	0	0	0	0	0	0	0	0	0	0	0	0	0	0	0	0	238	0	424	0	0	0	0	0	0	0	0	0	0	0	0	0	0	0	0	0	0	0	0	0	0	0	0	0	0	0	0	0	0	0	0	0	0	0	0	0	0	0	0	0	0	
282032	Frontal_Inf_Oper_L	17268	0	22494	78	0	0	20514	0	0	0	0	0	14478	0	166	0	12458	0	13476	66	0	0	112	0	0	0	0	0	24196	0	562	0	304	0	140	138	582	132	0	0	0	0	0	0	0	0	0	0	0	0	190	0	408	0	194	0	4226	0	0	0	118	0	0	0	0	0	0	0	164	0	594	0	1122	78	0	0	130	122	1954	0	3064	0	708	0	414	0	0	0	366	0	0	0	0	0	0	0	0	0	0	0	0	0	0	0	0	0	0	0	0	0	0	0	0	0	0	0	
131280	Frontal_Inf_Oper_R	0	5732	64	5438	0	0	0	4722	0	0	0	0	0	8680	0	486	0	3816	336	5030	0	0	0	438	0	106	0	0	0	13090	1156	4982	0	696	182	220	142	1900	0	0	0	0	0	0	0	0	0	0	0	0	0	0	0	0	0	68	0	610	0	0	0	0	0	0	0	0	0	0	0	0	148	650	0	5620	0	178	122	398	0	0	0	94	0	536	0	0	0	0	0	0	0	0	0	0	0	0	0	0	0	0	0	0	0	0	0	0	0	0	0	0	0	0	0	0	0	0	
325644	Frontal_Inf_Tri_L	1924	0	24186	0	3850	0	34708	0	4300	0	14478	0	0	0	20318	0	832	0	10184	68	0	0	1574	0	0	0	220	0	34860	0	1210	0	2634	0	0	0	0	0	0	0	0	0	0	0	0	0	0	0	0	0	0	0	0	0	0	0	130	0	0	0	0	0	0	0	0	0	0	0	824	0	3388	0	2620	0	0	0	0	0	0	0	240	0	274	0	0	0	0	0	0	0	0	0	0	0	0	0	0	0	0	0	0	0	0	0	0	0	0	0	0	0	0	0	0	0	0	0	
203968	Frontal_Inf_Tri_R	0	258	78	15534	0	876	0	20350	0	1212	0	8680	0	0	0	6016	0	0	2770	10292	0	0	0	2882	0	122	0	0	0	18278	942	5776	0	4972	0	0	0	74	0	0	0	0	0	0	0	0	0	0	0	0	0	0	0	0	0	0	0	0	0	0	0	0	0	0	0	0	0	0	0	0	120	1168	0	1276	0	308	0	0	0	0	0	0	0	0	0	0	0	0	0	0	0	0	0	0	0	0	0	0	0	0	0	0	0	0	0	0	0	0	0	0	0	0	0	0	0	0	
226220	Frontal_Inf_Orb_L	590	0	11920	78	9804	0	8808	0	12262	0	166	0	20318	0	0	0	0	0	8080	0	1312	0	728	164	0	0	1184	0	18828	0	580	0	1088	184	0	0	336	0	272	0	200	0	0	0	0	0	0	0	0	0	0	0	0	0	0	0	0	0	0	0	0	0	0	0	0	0	0	0	912	0	3084	0	9480	0	0	0	0	0	0	0	0	0	2732	0	0	0	0	0	0	0	0	0	0	0	0	0	0	0	0	0	0	0	0	0	0	0	0	0	0	0	0	0	0	0	0	0	
98468	Frontal_Inf_Orb_R	0	0	78	4040	0	2168	0	6728	0	2882	0	486	0	6016	0	0	0	0	662	2902	0	512	0	2384	0	0	0	1130	0	6130	0	4182	0	72	0	0	0	302	0	0	0	90	0	0	0	0	0	0	0	0	0	0	0	0	0	0	0	0	0	0	0	0	0	0	0	0	0	0	0	0	232	2724	0	5390	0	124	0	0	0	0	0	0	0	0	0	0	0	0	0	0	0	0	0	0	0	0	0	0	0	0	0	0	0	0	0	0	0	0	0	0	0	0	0	0	0	0	
250908	Rolandic_Oper_L	13084	0	9960	112	0	0	6626	0	0	0	12458	0	832	0	0	0	0	0	8300	100	0	0	0	0	0	0	0	0	18628	0	150	78	214	0	88	182	1262	174	88	110	0	0	120	0	144	0	0	0	0	0	1386	0	1732	0	926	0	11554	0	572	0	670	0	2424	0	274	0	872	0	2346	0	1082	80	800	0	0	0	300	166	6768	0	12620	0	930	0	5584	0	0	0	1658	0	0	0	0	0	0	0	0	0	0	0	0	0	0	0	0	0	0	0	0	0	0	0	0	0	0	0	
103816	Rolandic_Oper_R	0	2726	0	2648	0	0	0	96	0	0	0	3816	0	0	0	0	0	0	0	3368	0	0	0	0	0	0	0	0	0	11836	0	230	0	0	64	70	0	2960	0	334	0	0	0	0	0	0	0	0	0	0	0	0	0	406	0	1008	0	4876	0	294	0	492	0	1964	0	244	0	0	0	0	90	506	0	3964	0	118	0	120	0	2460	0	4072	0	886	0	1454	0	0	0	806	0	0	0	0	0	0	0	0	0	0	0	0	0	0	0	0	0	0	0	0	0	0	0	0	0	0	
848796	Supp_Motor_Area_L	7304	2936	63478	13670	6296	76	7316	2158	3842	0	13476	336	10184	2770	8080	662	8300	0	0	44248	0	0	4546	2282	580	268	574	0	30652	1672	11332	6362	10576	19092	1500	624	4788	234	130	0	118	0	0	0	0	0	0	0	0	0	0	0	0	0	92	0	3676	120	0	0	204	0	182	0	0	0	0	0	51332	1162	15404	2216	37156	1462	7454	1008	7248	88	806	0	2040	0	2142	0	0	0	0	0	144	0	0	0	0	0	0	0	0	0	0	0	0	0	0	0	0	0	0	0	0	0	0	0	0	0	0	0	
676724	Supp_Motor_Area_R	4864	10412	5782	55280	64	1742	1052	3486	0	130	66	5030	68	10292	0	2902	100	3368	44248	0	0	0	444	8260	218	1694	0	122	192	11634	3664	25198	4692	37058	2028	8430	0	1354	0	0	0	0	0	604	0	0	0	0	0	0	0	0	0	0	0	148	556	2796	0	314	0	402	0	0	0	0	0	2040	12910	21756	5090	22092	114	12228	0	2072	500	530	0	0	0	0	0	336	0	0	0	0	0	0	0	0	0	0	0	0	0	0	0	0	0	0	0	0	0	0	0	0	0	0	0	0	0	0	0	0	
87068	Olfactory_L	0	0	0	0	672	0	0	0	148	0	0	0	0	0	1312	0	0	0	0	0	0	6586	0	0	546	0	2346	122	2604	0	3058	1562	0	0	0	0	670	0	862	0	646	0	0	0	0	0	0	0	0	0	0	0	0	0	0	0	0	0	0	0	0	0	0	0	0	0	0	0	0	0	7292	6216	4014	3050	644	270	0	0	0	0	0	0	914	0	0	0	0	0	0	0	0	0	0	0	0	0	0	0	0	0	0	0	0	0	0	0	0	0	0	0	0	0	0	0	0	0	
79808	Olfactory_R	0	0	0	0	66	544	0	0	0	0	0	0	0	0	0	512	0	0	0	0	6586	0	0	0	202	502	1776	1354	0	1352	2468	2070	0	0	0	0	0	118	0	84	0	754	0	0	0	0	0	0	0	0	0	0	0	0	0	80	0	0	0	0	0	0	0	0	0	0	0	0	0	0	6470	7026	3462	3340	596	310	0	0	0	0	0	0	0	232	0	0	0	0	0	0	0	0	0	0	0	0	0	0	0	0	0	0	0	0	0	0	0	0	0	0	0	0	0	0	0	0	
255104	Frontal_Sup_Medial_L	0	0	30760	8344	5662	536	11394	386	384	0	112	0	1574	0	728	0	0	0	4546	444	0	0	0	13834	3522	2390	0	0	1582	0	16940	10096	4750	7034	0	0	0	0	0	0	0	0	0	0	0	0	0	0	0	0	0	0	0	0	0	0	0	0	0	0	0	0	0	0	0	0	0	0	446	0	886	68	1134	0	0	0	0	0	0	0	0	0	0	0	0	0	0	0	0	0	0	0	0	0	0	0	0	0	0	0	0	0	0	0	0	0	0	0	0	0	0	0	0	0	0	0	
364680	Frontal_Sup_Medial_R	110	0	2074	39516	466	6664	888	7758	158	226	0	438	0	2882	164	2384	0	0	2282	8260	0	0	13834	0	1662	13852	0	1580	0	2060	8134	35240	1148	13680	0	0	0	130	0	0	0	0	0	0	0	0	0	0	0	0	0	0	0	0	0	0	0	0	0	0	0	0	0	0	0	0	0	0	0	0	748	8662	184	6868	0	288	0	0	0	0	0	0	0	0	0	0	0	0	0	0	0	0	0	0	0	0	0	0	0	0	0	0	0	0	0	0	0	0	0	0	0	0	0	0	0	0	
62392	Frontal_Med_Orb_L	0	0	2202	1456	6702	182	0	0	190	0	0	0	0	0	0	0	0	0	580	218	546	202	3522	1662	0	1838	2004	100	0	0	6030	1512	0	142	0	0	0	0	0	0	0	0	0	0	0	0	0	0	0	0	0	0	0	0	0	0	0	0	0	0	0	0	0	0	0	0	0	0	450	0	580	334	610	134	0	0	0	0	0	0	0	0	0	0	0	0	0	0	0	0	0	0	0	0	0	0	0	0	0	0	0	0	0	0	0	0	0	0	0	0	0	0	0	0	0	0	
153096	Frontal_Med_Orb_R	0	0	408	7624	254	9240	0	0	0	310	0	106	0	122	0	0	0	0	268	1694	0	502	2390	13852	1838	0	0	6740	0	144	4104	13246	0	536	0	0	0	0	0	0	0	0	0	0	0	0	0	0	0	0	0	0	0	0	0	0	0	0	0	0	0	0	0	0	0	0	0	0	0	0	268	7086	152	5664	0	0	0	0	0	0	0	0	0	0	0	0	0	0	0	0	0	0	0	0	0	0	0	0	0	0	0	0	0	0	0	0	0	0	0	0	0	0	0	0	0	0	
68920	Rectus_L	0	0	1464	0	9066	0	238	0	2168	0	0	0	220	0	1184	0	0	0	574	0	2346	1776	0	0	2004	0	0	76	534	0	4234	462	0	0	0	0	0	0	0	0	0	0	0	0	0	0	0	0	0	0	0	0	0	0	0	0	0	0	0	0	0	0	0	0	0	0	0	0	224	0	3004	1456	2738	692	0	0	0	0	0	0	0	0	0	0	0	0	0	0	0	0	0	0	0	0	0	0	0	0	0	0	0	0	0	0	0	0	0	0	0	0	0	0	0	0	0	0	
54400	Rectus_R	0	0	0	368	0	5548	0	0	0	374	0	0	0	0	0	1130	0	0	0	122	122	1354	0	1580	100	6740	76	0	0	426	478	2798	0	0	0	0	0	0	0	0	0	100	0	0	0	0	0	0	0	0	0	0	0	0	0	0	0	0	0	0	0	0	0	0	0	0	0	0	0	0	0	3028	0	2856	0	0	0	0	0	0	0	0	0	0	0	0	0	0	0	0	0	0	0	0	0	0	0	0	0	0	0	0	0	0	0	0	0	0	0	0	0	0	0	0	0	0	
657352	Insula_L	15186	266	39250	272	2986	0	22282	0	3358	0	24196	0	34860	0	18828	0	18628	0	30652	192	2604	0	1582	0	0	0	534	0	0	0	1956	112	2310	0	526	1112	12886	1038	1878	616	1674	0	384	0	378	0	124	0	88	0	2812	0	3850	0	3936	300	3966	0	346	0	364	0	772	0	286	0	1042	0	6528	0	2672	108	24076	114	0	0	1766	958	8356	0	8498	0	7342	0	5232	0	0	0	4594	0	0	0	0	0	0	0	0	0	0	0	0	0	0	0	0	0	0	0	0	0	0	0	0	0	0	0	
350608	Insula_R	0	6292	76	13520	0	426	0	4502	0	142	0	13090	0	18278	0	6130	0	11836	1672	11634	0	1352	0	2060	0	144	0	426	0	0	1496	8028	0	2904	248	284	132	11684	0	1394	0	1280	0	364	0	0	0	0	0	0	0	0	0	1428	0	5618	0	2084	0	222	0	142	0	320	0	154	0	116	0	0	272	1726	0	21126	0	230	106	832	0	2886	0	7956	0	1090	0	2626	0	64	0	6912	0	0	0	0	0	0	0	0	0	0	0	0	0	0	0	0	0	0	0	0	0	0	0	0	0	0	
366940	Cingulum_Ant_L	636	0	19654	6794	9468	918	6116	194	736	0	562	1156	1210	942	580	0	150	0	11332	3664	3058	2468	16940	8134	6030	4104	4234	478	1956	1496	0	25784	5494	4744	376	74	174	762	0	0	0	0	0	0	0	0	0	0	0	0	0	0	0	0	0	0	162	0	0	0	0	0	0	0	0	0	0	0	1792	0	12636	6516	6900	4486	0	156	80	324	0	0	0	0	0	0	0	0	0	0	0	0	0	0	0	0	0	0	0	0	0	0	0	0	0	0	0	0	0	0	0	0	0	0	0	0	0	0	
581848	Cingulum_Ant_R	180	386	2558	44004	456	5248	646	7798	0	166	0	4982	0	5776	0	4182	78	230	6362	25198	1562	2070	10096	35240	1512	13246	462	2798	112	8028	25784	0	2126	20458	0	0	0	1888	0	0	0	0	0	0	0	0	0	0	0	0	0	0	0	0	0	0	0	78	0	0	0	0	0	0	0	0	0	0	194	0	3910	28806	1514	20606	0	1380	0	804	0	0	0	0	0	0	0	0	0	0	0	0	0	0	0	0	0	0	0	0	0	0	0	0	0	0	0	0	0	0	0	0	0	0	0	0	0	0	
176308	Cingulum_Mid_L	120	0	6856	900	650	0	4966	0	640	0	304	0	2634	0	1088	0	214	0	10576	4692	0	0	4750	1148	0	0	0	0	2310	0	5494	2126	0	10766	4410	1158	0	0	0	0	0	0	300	0	756	0	0	0	482	0	2568	0	382	0	126	0	818	114	112	0	688	0	300	0	390	0	5596	698	5602	960	694	0	770	0	0	0	0	0	0	0	112	0	0	0	684	0	0	0	200	0	0	0	0	0	0	0	0	0	0	0	0	0	0	0	0	0	0	0	0	0	0	0	0	0	0	0	
376288	Cingulum_Mid_R	152	254	1502	20322	178	178	832	982	176	0	0	696	0	4972	184	72	0	0	19092	37058	0	0	7034	13680	142	536	0	0	0	2904	4744	20458	10766	0	1530	9498	0	138	0	0	0	0	0	3006	0	1136	0	342	0	1000	0	296	0	70	0	180	0	2870	0	0	0	0	0	0	0	0	332	7710	880	11810	0	150	0	182	0	100	0	0	0	0	0	0	0	0	0	0	0	0	0	0	0	0	0	0	0	0	0	0	0	0	0	0	0	0	0	0	0	0	0	0	0	0	0	0	0	0	
174684	Cingulum_Post_L	1732	1876	0	358	0	0	448	0	0	0	140	182	0	0	0	0	88	64	1500	2028	0	0	0	0	0	0	0	0	526	248	376	0	4410	1530	0	12208	7218	6116	3232	3178	0	0	4084	68	1362	0	2374	76	0	0	0	0	0	0	846	2340	600	148	0	0	0	0	0	0	0	0	6482	1098	8590	1876	270	0	996	562	0	0	3674	4192	0	0	0	0	0	0	0	0	0	0	246	0	0	0	0	0	0	0	0	0	0	0	0	0	0	0	0	0	0	0	0	0	0	0	0	0	0	0	
229648	Cingulum_Post_R	2442	3182	154	654	0	0	666	0	0	0	138	220	0	0	0	0	182	70	624	8430	0	0	0	0	0	0	0	0	1112	284	74	0	1158	9498	12208	0	6888	10108	1596	4990	0	0	0	2086	0	0	0	2352	0	0	0	0	0	378	184	3106	172	2680	0	0	0	0	0	0	0	0	382	9430	1364	10512	340	0	1632	696	0	0	6760	7232	0	0	0	0	0	0	0	0	0	0	264	70	0	0	0	0	0	0	0	0	0	0	0	0	0	0	0	0	0	0	0	0	506	0	0	0	0	0	
290900	Hippocampus_L	6128	1580	1666	460	0	0	2698	0	0	0	582	142	0	0	336	0	1262	0	4788	0	670	0	0	0	0	0	0	0	12886	132	174	0	0	0	7218	6888	0	6244	10580	3682	6334	0	2058	0	0	0	2116	96	0	0	168	0	1056	0	13408	2144	902	0	0	0	80	0	0	0	0	0	2422	938	4998	0	230	0	8680	448	1686	0	7672	4622	3264	0	1168	0	1046	0	1036	0	300	0	10394	0	0	0	0	0	0	0	68	0	0	0	0	0	0	0	0	0	0	0	0	0	0	0	0	0	0	0	
349192	Hippocampus_R	1360	10468	166	1926	0	0	628	706	0	0	132	1900	0	74	0	302	174	2960	234	1354	0	118	0	130	0	0	0	0	1038	11684	762	1888	0	138	6116	10108	6244	0	1502	18552	0	8994	0	1574	0	66	0	2444	0	0	0	82	0	1436	168	24608	136	1050	0	0	0	0	0	0	0	0	0	4826	280	1094	260	442	1494	16214	0	220	5044	9232	0	1416	0	1560	0	1330	0	280	0	416	222	8426	0	0	0	0	0	0	0	392	0	0	0	0	0	0	0	0	0	0	0	0	226	0	0	0	0	0	
89992	ParaHippocampal_L	272	122	76	0	0	0	0	0	0	0	0	0	0	0	272	0	88	0	130	0	862	0	0	0	0	0	0	0	1878	0	0	0	0	0	3232	1596	10580	1502	0	1302	1950	0	2098	0	64	0	3798	86	0	0	76	0	660	0	6116	742	0	0	0	0	0	0	0	0	0	0	2354	742	154	0	0	0	396	0	0	0	736	576	256	0	64	0	784	0	0	0	80	0	758	0	0	0	0	0	526	0	0	0	0	0	0	0	0	0	0	0	0	0	0	68	0	0	0	0	0	0	
143920	ParaHippocampal_R	546	496	92	108	0	0	302	96	0	0	0	0	0	0	0	0	110	334	0	0	0	84	0	0	0	0	0	0	616	1394	0	0	0	0	3178	4990	3682	18552	1302	0	0	3754	0	674	0	0	0	3136	0	0	0	0	0	130	160	12188	66	0	0	0	0	0	0	0	0	0	0	3534	66	0	0	0	718	2734	0	0	2332	2260	0	254	0	0	0	590	0	0	0	332	196	1634	0	0	0	0	0	0	0	1158	0	0	0	0	0	0	0	0	0	0	0	0	162	0	0	0	0	0	
33884	Amygdala_L	0	0	0	0	0	0	0	0	0	0	0	0	0	0	200	0	0	0	118	0	646	0	0	0	0	0	0	0	1674	0	0	0	0	0	0	0	6334	0	1950	0	0	0	0	0	0	0	0	0	0	0	0	0	0	0	2682	0	0	0	0	0	0	0	0	0	0	0	0	0	174	0	0	0	608	0	0	0	398	0	0	0	0	0	728	0	182	0	194	0	1054	0	0	0	0	0	0	0	0	0	0	0	0	0	0	0	0	0	0	0	0	0	0	0	0	0	0	0	
53048	Amygdala_R	0	0	0	0	0	92	0	0	0	0	0	0	0	0	0	90	0	0	0	0	0	754	0	0	0	0	0	100	0	1280	0	0	0	0	0	0	0	8994	0	3754	0	0	0	0	0	0	0	0	0	0	0	0	0	0	0	5662	0	0	0	0	0	0	0	0	0	0	0	0	0	0	0	0	0	1152	0	0	0	242	0	0	0	0	0	1944	0	0	0	628	0	1832	0	0	0	0	0	0	0	0	0	0	0	0	0	0	0	0	0	0	0	0	0	0	0	0	0	0	
235404	Calcarine_L	118	0	0	0	0	0	0	0	0	0	0	0	0	0	0	0	120	0	0	0	0	0	0	0	0	0	0	0	384	0	0	0	300	0	4084	0	2058	0	2098	0	0	0	0	9590	16462	6348	13668	4300	11834	2108	20730	180	5582	0	3282	98	484	0	738	798	102	0	0	0	76	0	9716	504	330	0	0	0	0	0	0	0	0	0	0	0	82	0	0	0	1440	0	0	0	88	0	0	0	0	0	0	0	0	0	0	0	0	0	0	0	0	0	0	0	0	0	0	0	0	0	0	0	
361152	Calcarine_R	0	636	0	0	0	0	0	0	0	0	0	0	0	0	0	0	0	0	0	604	0	0	0	0	0	0	0	0	0	364	0	0	0	3006	68	2086	0	1574	0	674	0	0	9590	0	1780	34226	1728	28516	100	28702	0	13218	0	6890	0	11004	0	1560	0	6304	0	0	0	0	0	94	1474	20884	0	2842	0	0	0	0	0	0	0	0	0	0	0	0	0	0	0	728	0	0	0	936	0	0	0	0	0	0	0	174	0	276	0	0	0	0	0	0	0	0	0	0	538	0	0	0	0	0	
162808	Cuneus_L	86	0	0	0	0	0	0	0	0	0	0	0	0	0	0	0	144	0	0	0	0	0	0	0	0	0	0	0	378	0	0	0	756	0	1362	0	0	0	64	0	0	0	16462	1780	0	3782	2276	114	21086	620	15334	72	2022	0	758	0	1046	0	1492	286	190	0	0	0	140	0	8318	624	790	0	0	0	0	0	0	0	0	0	0	0	100	0	0	0	1198	0	0	0	124	0	0	0	0	0	0	0	0	0	0	0	0	0	0	0	0	0	0	0	0	0	0	0	0	0	0	0	
274428	Cuneus_R	0	164	0	0	0	0	0	0	0	0	0	0	0	0	0	0	0	0	0	0	0	0	0	0	0	0	0	0	0	0	0	0	0	1136	0	0	0	66	0	0	0	0	6348	34226	3782	0	388	9050	220	31616	0	8444	0	1322	0	3136	0	694	0	9816	0	0	0	0	0	92	7440	18710	0	190	0	0	0	0	0	0	0	0	0	0	0	0	0	0	0	122	0	0	0	182	0	0	0	0	0	0	0	0	0	70	0	0	0	0	0	0	0	0	0	0	0	0	0	0	0	0	
233892	Lingual_L	254	0	0	0	0	0	0	0	0	0	0	0	0	0	0	0	0	0	0	0	0	0	0	0	0	0	0	0	124	0	0	0	0	0	2374	0	2116	0	3798	0	0	0	13668	1728	2276	388	0	2292	3544	188	11320	0	7012	110	14266	276	346	0	0	0	0	0	0	0	0	0	4042	0	438	0	0	0	0	0	0	0	112	0	68	0	0	0	0	0	160	0	0	0	94	0	9842	746	368	0	196	70	7126	252	14268	1140	170	0	626	550	542	586	0	0	0	70	2728	4222	1034	588	628	200	
242384	Lingual_R	0	0	0	0	0	0	0	0	0	0	0	0	0	0	0	0	0	0	0	0	0	0	0	0	0	0	0	0	0	0	0	0	0	342	76	2352	96	2444	86	3136	0	0	4300	28516	114	9050	2292	0	0	7608	0	2260	0	4270	320	16302	0	66	0	1772	0	0	0	0	0	0	300	8586	0	506	0	0	0	0	0	0	0	0	0	0	0	0	0	0	0	0	0	0	0	190	746	3646	0	0	0	0	244	3450	2140	6130	0	0	0	248	0	0	0	0	0	0	4400	4408	504	180	112	0	
183180	Occipital_Sup_L	0	0	0	0	0	0	0	0	0	0	0	0	0	0	0	0	0	0	0	0	0	0	0	0	0	0	0	0	88	0	0	0	482	0	0	0	0	0	0	0	0	0	11834	100	21086	220	3544	0	0	0	33496	0	672	0	190	0	196	0	7134	0	2900	0	0	0	638	0	6736	270	0	0	0	0	0	0	0	0	0	0	0	0	0	0	0	0	1458	0	0	0	546	0	0	0	0	0	0	0	0	0	0	0	0	0	0	0	0	0	0	0	0	0	0	0	0	0	0	0	
254936	Occipital_Sup_R	0	262	0	0	0	0	0	0	0	0	0	0	0	0	0	0	0	0	0	0	0	0	0	0	0	0	0	0	0	0	0	0	0	1000	0	0	0	0	0	0	0	0	2108	28702	620	31616	188	7608	0	0	0	19560	0	1514	0	3134	0	1254	0	14486	0	456	0	0	0	2164	1738	9972	0	0	0	0	0	0	0	0	0	0	0	0	0	0	0	0	0	782	0	0	0	234	0	0	0	0	0	0	0	0	0	70	0	0	0	0	0	0	0	0	0	0	0	0	0	0	0	0	
442952	Occipital_Mid_L	1572	0	0	0	0	0	90	0	0	0	190	0	0	0	0	0	1386	0	0	0	0	0	0	0	0	0	0	0	2812	0	0	0	2568	0	0	0	168	0	76	0	0	0	20730	0	15334	0	11320	0	33496	0	0	0	17530	0	4526	0	6126	0	16762	0	22360	0	2766	0	21926	0	11900	0	530	0	102	0	0	0	0	0	0	0	670	0	1828	0	0	0	19732	0	0	0	4784	0	124	0	0	0	0	0	0	0	68	0	0	0	0	0	0	0	0	0	0	0	0	0	0	0	0	0	
162960	Occipital_Mid_R	0	160	0	0	0	0	0	0	0	0	0	0	0	0	0	0	0	0	0	0	0	0	0	0	0	0	0	0	0	0	0	0	0	296	0	0	0	82	0	0	0	0	180	13218	72	8444	0	2260	0	19560	0	0	0	2720	0	1704	0	426	0	2430	0	2764	0	84	0	13316	342	2780	0	138	0	0	0	0	0	0	0	0	0	0	0	90	0	0	0	9406	0	0	0	1008	0	0	0	0	0	0	0	0	0	0	0	0	0	0	0	0	0	0	0	0	0	0	0	0	0	0	
152084	Occipital_Inf_L	1274	0	0	0	0	0	286	0	0	0	408	0	0	0	0	0	1732	0	0	0	0	0	0	0	0	0	0	0	3850	0	0	0	382	0	0	0	1056	0	660	0	0	0	5582	0	2022	0	7012	0	672	0	17530	0	0	0	12248	0	1500	0	0	0	124	0	154	0	1118	0	2486	0	1078	0	0	0	0	0	0	0	0	0	2024	0	1120	0	0	0	6220	0	0	0	4966	0	438	0	0	0	0	0	0	0	100	0	0	0	0	0	0	0	0	0	0	0	0	0	0	0	0	0	
90548	Occipital_Inf_R	0	1228	0	0	0	0	0	0	0	0	0	0	0	0	0	0	0	406	0	0	0	0	0	0	0	0	0	0	0	1428	0	0	0	70	0	378	0	1436	0	130	0	0	0	6890	0	1322	110	4270	0	1514	0	2720	0	0	72	14268	0	1346	0	66	0	0	0	0	0	0	0	2930	0	260	0	102	0	0	0	0	0	0	0	204	0	168	0	0	0	522	0	0	0	1800	90	0	0	0	0	0	0	0	318	572	0	0	0	0	0	0	0	0	0	0	98	556	0	0	0	0	
299244	Fusiform_L	1266	0	0	0	0	0	364	0	0	0	194	0	0	0	0	0	926	0	92	0	0	0	0	0	0	0	0	0	3936	0	0	0	126	0	846	184	13408	168	6116	160	2682	0	3282	0	758	0	14266	320	190	0	4526	0	12248	72	0	184	584	0	0	0	0	0	74	0	92	0	2388	120	852	0	0	0	310	0	0	0	142	64	2266	0	986	0	1192	0	2860	0	1702	0	11714	0	18118	260	3784	0	92	0	7600	110	19952	442	684	0	1818	228	240	190	0	0	0	0	1140	2436	388	202	210	68	
354480	Fusiform_R	298	2828	0	86	0	0	186	0	0	0	0	68	0	0	0	0	0	1008	0	148	0	80	0	0	0	0	0	0	300	5618	0	0	0	180	2340	3106	2144	24608	742	12188	0	5662	98	11004	0	3136	276	16302	0	3134	0	1704	0	14268	184	0	0	2450	0	822	0	0	0	0	0	0	108	6508	0	686	0	164	406	3992	0	0	1098	1174	0	630	0	1714	0	2072	0	1120	0	1406	174	13436	224	6920	0	100	0	142	114	4220	772	9252	0	0	0	252	0	0	0	0	0	0	2824	2312	284	102	66	0	
247796	Postcentral_L	22930	142	3048	394	0	0	2864	68	0	0	4226	0	130	0	0	0	11554	0	3676	556	0	0	0	0	0	0	0	0	3966	0	162	0	818	0	600	172	902	136	0	66	0	0	484	0	1046	0	346	0	196	0	6126	0	1500	0	584	0	0	0	6960	0	19488	0	7106	0	2124	0	3832	0	4826	0	2464	66	1034	0	82	0	550	162	3472	0	2816	0	0	0	1962	0	0	0	262	0	0	0	0	0	0	0	0	0	0	0	0	0	0	0	0	0	0	0	0	0	0	0	0	0	0	0	
173132	Postcentral_R	74	17138	0	72	0	0	0	516	0	0	0	610	0	0	0	0	0	4876	120	2796	0	0	0	0	0	0	0	0	0	2084	0	78	114	2870	148	2680	0	1050	0	0	0	0	0	1560	0	694	0	66	0	1254	0	426	0	1346	0	2450	0	0	0	6546	0	6310	0	8944	0	410	236	7470	504	8350	0	120	0	250	0	0	0	0	0	270	0	2340	0	0	0	1210	0	0	0	584	0	0	0	0	0	0	0	0	0	0	0	0	0	0	0	0	0	0	0	0	0	0	0	0	0	0	
141928	Parietal_Sup_L	886	0	0	0	0	0	0	0	0	0	0	0	0	0	0	0	572	0	0	0	0	0	0	0	0	0	0	0	346	0	0	0	112	0	0	0	0	0	0	0	0	0	738	0	1492	0	0	0	7134	0	16762	0	0	0	0	0	6960	0	0	0	15774	0	1004	0	8248	0	8330	0	884	0	0	0	0	0	0	0	0	0	0	0	586	0	0	0	976	0	0	0	160	0	0	0	0	0	0	0	0	0	0	0	0	0	0	0	0	0	0	0	0	0	0	0	0	0	0	0	
126696	Parietal_Sup_R	0	222	0	0	0	0	0	0	0	0	0	0	0	0	0	0	0	294	0	314	0	0	0	0	0	0	0	0	0	222	0	0	0	0	0	0	0	0	0	0	0	0	798	6304	286	9816	0	1772	0	14486	0	2430	0	66	0	822	0	6546	0	0	0	5986	0	792	0	3030	724	7580	80	252	0	0	0	0	0	0	0	0	0	0	0	350	0	0	0	176	0	0	0	0	0	0	0	0	0	0	0	0	0	0	0	0	0	0	0	0	0	0	0	0	0	0	0	0	0	0	
209308	Parietal_Inf_L	2050	0	0	70	0	0	182	0	0	0	118	0	0	0	0	0	670	0	204	0	0	0	0	0	0	0	0	0	364	0	0	0	688	0	0	0	80	0	0	0	0	0	102	0	190	0	0	0	2900	0	22360	0	124	0	0	0	19488	0	15774	0	0	0	11752	0	18718	0	4898	0	462	0	264	0	132	0	0	0	0	0	86	0	832	0	0	0	1798	0	0	0	348	0	0	0	0	0	0	0	0	0	0	0	0	0	0	0	0	0	0	0	0	0	0	0	0	0	0	0	
78708	Parietal_Inf_R	0	1276	0	0	0	0	0	0	0	0	0	0	0	0	0	0	0	492	0	402	0	0	0	0	0	0	0	0	0	142	0	0	0	0	0	0	0	0	0	0	0	0	0	0	0	0	0	0	0	456	0	2764	0	0	0	0	0	6310	0	5986	0	0	0	9508	0	7934	0	94	262	240	0	0	0	108	0	116	0	0	0	0	0	946	0	0	0	1150	0	0	0	1168	0	0	0	0	0	0	0	0	0	0	0	0	0	0	0	0	0	0	0	0	0	0	0	0	0	0	
90772	SupraMarginal_L	166	0	0	0	0	0	0	0	0	0	0	0	0	0	0	0	2424	0	182	0	0	0	0	0	0	0	0	0	772	0	0	0	300	0	0	0	0	0	0	0	0	0	0	0	0	0	0	0	0	0	2766	0	154	0	74	0	7106	0	1004	0	11752	0	0	0	2940	0	1746	0	222	0	358	0	0	0	0	0	0	0	276	0	6768	0	0	0	4196	0	0	0	2180	0	0	0	0	0	0	0	0	0	0	0	0	0	0	0	0	0	0	0	0	0	0	0	0	0	0	0	
63336	SupraMarginal_R	0	1402	0	0	0	0	0	0	0	0	0	0	0	0	0	0	0	1964	0	0	0	0	0	0	0	0	0	0	0	320	0	0	0	0	0	0	0	0	0	0	0	0	0	0	0	0	0	0	0	0	0	84	0	0	0	0	0	8944	0	792	0	9508	0	0	0	2240	0	64	0	228	0	0	0	0	0	0	0	0	0	114	0	2356	0	0	0	1532	0	0	0	2120	0	0	0	0	0	0	0	0	0	0	0	0	0	0	0	0	0	0	0	0	0	0	0	0	0	0	
160824	Angular_L	494	0	0	0	0	0	0	0	0	0	0	0	0	0	0	0	274	0	0	0	0	0	0	0	0	0	0	0	286	0	0	0	390	0	0	0	0	0	0	0	0	0	76	0	140	0	0	0	638	0	21926	0	1118	0	92	0	2124	0	8248	0	18718	0	2940	0	0	0	2572	0	132	0	0	0	0	0	0	0	0	0	212	0	2096	0	0	0	12492	0	0	0	5444	0	0	0	0	0	0	0	0	0	0	0	0	0	0	0	0	0	0	0	0	0	0	0	0	0	0	0	
70656	Angular_R	0	196	0	0	0	0	0	0	0	0	0	0	0	0	0	0	0	244	0	0	0	0	0	0	0	0	0	0	0	154	0	0	0	0	0	0	0	0	0	0	0	0	0	94	0	92	0	0	0	2164	0	13316	0	0	0	0	0	410	0	3030	0	7934	0	2240	0	0	0	74	0	0	0	0	0	0	0	0	0	0	0	70	0	1336	0	0	0	3434	0	0	0	540	0	0	0	0	0	0	0	0	0	0	0	0	0	0	0	0	0	0	0	0	0	0	0	0	0	0	
236388	Precuneus_L	944	0	0	0	0	0	0	0	0	0	0	0	0	0	0	0	872	0	0	0	0	0	0	0	0	0	0	0	1042	0	0	0	5596	332	6482	382	2422	0	2354	0	0	0	9716	1474	8318	7440	4042	300	6736	1738	11900	342	2486	0	2388	108	3832	236	8330	724	4898	0	1746	0	2572	0	0	10986	3552	214	150	0	0	0	0	0	0	0	80	0	886	0	0	0	2176	0	0	0	398	0	0	0	0	0	0	0	0	0	0	0	0	0	0	0	0	0	0	0	0	0	0	0	0	0	0	0	
287588	Precuneus_R	0	1356	0	0	0	0	0	0	0	0	0	0	0	0	0	0	0	0	0	2040	0	0	0	0	0	0	0	0	0	116	0	0	698	7710	1098	9430	938	4826	742	3534	0	0	504	20884	624	18710	0	8586	270	9972	0	2780	0	2930	120	6508	0	7470	0	7580	0	94	0	64	0	74	10986	0	100	9518	0	0	0	74	0	76	396	412	0	0	0	72	0	0	0	644	0	0	0	984	0	0	0	0	0	0	0	292	0	0	0	0	0	0	0	0	0	0	0	0	582	0	0	0	0	0	
481280	Paracentral_Lobule_L	23406	10364	6984	2106	1630	0	2056	1730	396	0	164	0	824	0	912	0	2346	0	51332	12910	0	0	446	0	450	0	224	0	6528	0	1792	194	5602	880	8590	1364	4998	280	154	66	174	0	330	0	790	0	438	0	0	0	530	0	1078	0	852	0	4826	504	884	80	462	262	222	0	132	0	3552	100	0	7028	9798	868	23058	1236	7586	1508	22550	876	664	0	532	0	620	0	216	0	0	0	156	0	0	0	0	0	0	0	0	0	0	0	0	0	0	0	0	0	0	0	0	0	0	0	0	0	0	0	
189672	Paracentral_Lobule_R	3094	9582	0	108	0	0	0	0	0	0	0	0	0	0	0	0	0	0	1162	21756	0	0	0	0	0	0	0	0	0	0	0	0	960	11810	1876	10512	0	1094	0	0	0	0	0	2842	0	190	0	506	0	0	0	138	0	260	0	686	0	8350	0	252	0	240	0	228	0	0	214	9518	7028	0	1110	252	0	0	0	0	466	148	0	0	0	0	0	0	0	142	0	0	0	84	0	0	0	0	0	0	0	0	0	0	0	0	0	0	0	0	0	0	0	0	228	0	0	0	0	0	
326600	Caudate_L	6164	938	11150	3754	2294	0	4978	544	750	0	594	148	3388	120	3084	232	1082	90	15404	5090	7292	6470	886	748	580	268	3004	0	2672	272	12636	3910	694	0	270	340	230	260	0	0	0	0	0	0	0	0	0	0	0	0	102	0	0	0	0	0	2464	0	0	0	264	0	358	0	0	0	150	0	9798	1110	0	16200	18348	5788	1340	2026	4234	226	140	0	146	0	270	0	0	0	0	0	0	0	0	0	0	0	0	0	0	0	0	0	0	0	0	0	0	0	0	0	0	0	0	0	0	0	0	0	
485508	Caudate_R	372	17704	598	24654	162	4824	162	11510	0	238	0	650	0	1168	0	2724	80	506	2216	22092	6216	7026	68	8662	334	7086	1456	3028	108	1726	6516	28806	0	150	0	0	0	442	0	0	0	0	0	0	0	0	0	0	0	0	0	0	0	102	0	164	66	120	0	0	0	0	0	0	0	0	0	0	868	252	16200	0	4326	31262	644	8598	418	18450	0	0	0	0	0	0	0	0	0	0	0	0	0	0	0	0	0	0	0	0	0	0	0	0	0	0	0	0	0	0	0	0	0	0	0	0	0	0	
452800	Putamen_L	7492	566	21458	314	9096	0	4666	0	4202	0	1122	0	2620	0	9480	0	800	0	37156	114	4014	3462	1134	184	610	152	2738	0	24076	0	6900	1514	770	0	996	1632	8680	1494	396	718	608	0	0	0	0	0	0	0	0	0	0	0	0	0	310	406	1034	0	0	0	132	0	0	0	0	0	0	0	23058	0	18348	4326	0	2260	6394	178	3720	1434	152	0	532	0	4402	0	0	0	0	0	550	0	0	0	0	0	0	0	0	0	0	0	0	0	0	0	0	0	0	0	0	0	0	0	0	0	0	0	
445312	Putamen_R	342	4386	236	20218	0	6290	76	6568	0	424	78	5620	0	1276	0	5390	0	3964	1462	12228	3050	3340	0	6868	134	5664	692	2856	114	21126	4486	20606	0	182	562	696	448	16214	0	2734	0	1152	0	0	0	0	0	0	0	0	0	0	0	0	0	3992	0	250	0	0	0	108	0	0	0	0	0	74	1236	0	5788	31262	2260	0	146	10132	406	2974	0	0	0	1228	0	392	0	314	0	0	0	2612	0	0	0	0	0	0	0	0	0	0	0	0	0	0	0	0	0	0	0	0	0	0	0	0	0	0	
57368	Pallidum_L	124	0	482	0	0	0	0	0	0	0	0	0	0	0	0	0	0	0	7454	0	644	596	0	0	0	0	0	0	0	0	0	0	0	0	0	0	1686	0	0	0	0	0	0	0	0	0	0	0	0	0	0	0	0	0	0	0	82	0	0	0	0	0	0	0	0	0	0	0	7586	0	1340	644	6394	146	0	128	1378	0	0	0	0	0	0	0	0	0	0	0	0	0	0	0	0	0	0	0	0	0	0	0	0	0	0	0	0	0	0	0	0	0	0	0	0	0	0	0	
72768	Pallidum_R	136	980	0	4262	0	0	0	1482	0	0	0	178	0	308	0	124	0	118	1008	2072	270	310	0	288	0	0	0	0	0	230	156	1380	0	100	0	0	0	220	0	0	0	0	0	0	0	0	0	0	0	0	0	0	0	0	0	0	0	0	0	0	0	116	0	0	0	0	0	76	1508	0	2026	8598	178	10132	128	0	0	0	0	0	0	0	0	0	0	0	0	0	0	0	0	0	0	0	0	0	0	0	0	0	0	0	0	0	0	0	0	0	0	0	0	0	0	0	0	0	
200496	Thalamus_L	13700	2290	602	768	0	0	1230	0	0	0	130	122	0	0	0	0	300	0	7248	500	0	0	0	0	0	0	0	0	1766	106	80	0	0	0	3674	6760	7672	5044	736	2332	398	0	0	0	0	0	112	0	0	0	0	0	0	0	142	1098	550	0	0	0	0	0	0	0	0	0	0	396	22550	466	4234	418	3720	406	1378	0	0	8934	0	0	90	0	0	0	0	0	0	0	296	0	0	0	0	0	0	0	0	0	0	0	0	0	0	0	0	0	0	0	0	0	0	0	0	0	0	0	
235164	Thalamus_R	1908	26748	140	9664	0	0	524	10806	0	0	122	398	0	0	0	0	166	120	88	530	0	0	0	0	0	0	0	0	958	832	324	804	0	0	4192	7232	4622	9232	576	2260	0	242	0	0	0	0	0	0	0	0	0	0	0	0	64	1174	162	0	0	0	0	0	0	0	0	0	0	412	876	148	226	18450	1434	2974	0	0	8934	0	0	0	0	0	0	0	0	0	0	0	92	148	0	0	0	0	0	0	0	0	0	0	0	0	0	0	0	0	0	0	0	0	0	0	0	0	0	0	
101332	Heschl_L	5214	0	726	0	0	0	2220	0	0	0	1954	0	0	0	0	0	6768	0	806	0	0	0	0	0	0	0	0	0	8356	0	0	0	0	0	0	0	3264	0	256	0	0	0	0	0	0	0	68	0	0	0	670	0	2024	0	2266	0	3472	0	0	0	86	0	276	0	212	0	80	0	664	0	140	0	152	0	0	0	0	0	0	0	2660	0	0	0	3790	0	0	0	4542	0	0	0	0	0	0	0	0	0	0	0	0	0	0	0	0	0	0	0	0	0	0	0	0	0	0	0	
25860	Heschl_R	0	100	0	0	0	0	0	0	0	0	0	0	0	0	0	0	0	2460	0	0	0	0	0	0	0	0	0	0	0	2886	0	0	0	0	0	0	0	1416	0	254	0	0	0	0	0	0	0	0	0	0	0	0	0	204	0	630	0	270	0	0	0	0	0	114	0	70	0	0	0	0	0	0	0	0	0	0	0	0	0	0	0	2832	0	0	0	1164	0	0	0	530	0	0	0	0	0	0	0	0	0	0	0	0	0	0	0	0	0	0	0	0	0	0	0	0	0	0	
200264	Temporal_Sup_L	3694	0	3056	0	0	0	1892	0	0	0	3064	0	240	0	0	0	12620	0	2040	0	0	0	0	0	0	0	0	0	8498	0	0	0	112	0	0	0	1168	0	64	0	0	0	82	0	100	0	0	0	0	0	1828	0	1120	0	986	0	2816	0	586	0	832	0	6768	0	2096	0	886	0	532	0	146	0	532	0	0	0	90	0	2660	0	0	0	3426	0	25132	0	366	0	12700	0	0	0	0	0	0	0	0	0	0	0	0	0	0	0	0	0	0	0	0	0	0	0	0	0	0	0	
106884	Temporal_Sup_R	0	536	0	0	0	0	0	0	0	0	0	94	0	0	0	0	0	4072	0	0	0	0	0	0	0	0	0	0	0	7956	0	0	0	0	0	0	0	1560	0	0	0	0	0	0	0	0	0	0	0	0	0	90	0	168	0	1714	0	2340	0	350	0	946	0	2356	0	1336	0	72	0	0	0	0	0	1228	0	0	0	0	0	2832	0	0	0	924	0	18494	0	696	0	5678	0	0	0	0	0	0	0	0	0	0	0	0	0	0	0	0	0	0	0	0	0	0	0	0	0	0	
80984	Temporal_Pole_Sup_L	136	0	1580	0	304	0	236	0	250	0	708	0	274	0	2732	0	930	0	2142	0	914	0	0	0	0	0	0	0	7342	0	0	0	0	0	0	0	1046	0	784	0	728	0	0	0	0	0	0	0	0	0	0	0	0	0	1192	0	0	0	0	0	0	0	0	0	0	0	0	0	620	0	270	0	4402	0	0	0	0	0	0	0	3426	0	0	0	4574	0	2996	0	2906	0	0	0	0	0	0	0	0	0	0	0	0	0	0	0	0	0	0	0	0	0	0	0	0	0	0	0	
30504	Temporal_Pole_Sup_R	0	76	0	328	0	0	0	0	0	0	0	536	0	0	0	0	0	886	0	336	0	232	0	0	0	0	0	0	0	1090	0	0	0	0	0	0	0	1330	0	590	0	1944	0	0	0	0	0	0	0	0	0	0	0	0	0	2072	0	0	0	0	0	0	0	0	0	0	0	0	0	0	0	0	0	392	0	0	0	0	0	0	0	924	0	0	0	700	0	1588	0	2228	0	0	0	0	0	0	0	0	0	0	0	0	0	0	0	0	0	0	0	0	0	0	0	0	0	0	
300552	Temporal_Mid_L	1396	0	0	0	0	0	280	0	0	0	414	0	0	0	0	0	5584	0	0	0	0	0	0	0	0	0	0	0	5232	0	0	0	684	0	0	0	1036	0	0	0	182	0	1440	0	1198	0	160	0	1458	0	19732	0	6220	0	2860	0	1962	0	976	0	1798	0	4196	0	12492	0	2176	0	216	0	0	0	0	0	0	0	0	0	3790	0	25132	0	4574	0	0	0	4556	0	40532	0	0	0	0	0	0	0	0	0	0	0	0	0	0	0	0	0	0	0	0	0	0	0	0	0	0	0	
131692	Temporal_Mid_R	0	336	0	0	0	0	0	0	0	0	0	0	0	0	0	0	0	1454	0	0	0	0	0	0	0	0	0	0	0	2626	0	0	0	0	0	0	0	280	0	0	0	0	0	728	0	122	0	0	0	782	0	9406	0	522	0	1120	0	1210	0	176	0	1150	0	1532	0	3434	0	644	0	142	0	0	0	314	0	0	0	0	0	1164	0	18494	0	700	0	0	0	1650	0	17860	0	0	0	0	0	0	0	0	0	0	0	0	0	0	0	0	0	0	0	0	0	0	0	0	0	0	
29960	Temporal_Pole_Mid_L	0	0	0	0	0	0	0	0	0	0	0	0	0	0	0	0	0	0	0	0	0	0	0	0	0	0	0	0	0	0	0	0	0	0	0	0	300	0	80	0	194	0	0	0	0	0	0	0	0	0	0	0	0	0	1702	0	0	0	0	0	0	0	0	0	0	0	0	0	0	0	0	0	0	0	0	0	0	0	0	0	366	0	2996	0	4556	0	0	0	4786	0	0	0	0	0	0	0	0	0	0	0	0	0	0	0	0	0	0	0	0	0	0	0	0	0	0	0	
18228	Temporal_Pole_Mid_R	0	0	0	0	0	0	0	0	0	0	0	0	0	0	0	0	0	0	0	0	0	0	0	0	0	0	0	0	0	64	0	0	0	0	0	0	0	416	0	332	0	628	0	0	0	0	0	0	0	0	0	0	0	0	0	1406	0	0	0	0	0	0	0	0	0	0	0	0	0	0	0	0	0	0	0	0	0	0	0	0	0	696	0	1588	0	1650	0	0	0	2334	0	0	0	0	0	0	0	0	0	0	0	0	0	0	0	0	0	0	0	0	0	0	0	0	0	0	
241244	Temporal_Inf_L	1238	0	88	0	0	0	578	0	0	0	366	0	0	0	0	0	1658	0	144	0	0	0	0	0	0	0	0	0	4594	0	0	0	200	0	246	264	10394	222	758	196	1054	0	88	0	124	0	94	0	546	0	4784	0	4966	0	11714	174	262	0	160	0	348	0	2180	0	5444	0	398	0	156	0	0	0	550	0	0	0	296	92	4542	0	12700	0	2906	0	40532	0	4786	0	0	0	618	0	70	0	0	0	92	0	0	0	0	0	0	0	0	0	0	0	0	0	0	0	0	0	0	0	
150964	Temporal_Inf_R	0	788	0	0	0	0	0	0	0	0	0	0	0	0	0	0	0	806	0	0	0	0	0	0	0	0	0	0	0	6912	0	0	0	0	0	70	0	8426	0	1634	0	1832	0	936	0	182	0	190	0	234	0	1008	0	1800	0	13436	0	584	0	0	0	1168	0	2120	0	540	0	984	0	84	0	0	0	2612	0	0	0	148	0	530	0	5678	0	2228	0	17860	0	2334	0	0	0	240	0	0	0	0	0	0	0	0	0	0	0	118	0	0	0	0	0	0	0	0	0	0	0	0	
413260	Cerebelum_Crus1_L	0	0	0	0	0	0	0	0	0	0	0	0	0	0	0	0	0	0	0	0	0	0	0	0	0	0	0	0	0	0	0	0	0	0	0	0	0	0	0	0	0	0	0	0	0	0	9842	746	0	0	124	0	438	90	18118	224	0	0	0	0	0	0	0	0	0	0	0	0	0	0	0	0	0	0	0	0	0	0	0	0	0	0	0	0	0	0	0	0	618	0	0	2294	34330	1476	1982	338	22440	210	51862	2614	10640	282	19858	2006	4972	862	136	0	0	332	5038	5762	5134	2698	950	214	
373152	Cerebelum_Crus1_R	0	0	0	0	0	0	0	0	0	0	0	0	0	0	0	0	0	0	0	0	0	0	0	0	0	0	0	0	0	0	0	0	0	0	0	0	0	0	0	0	0	0	0	0	0	0	746	3646	0	0	0	0	0	0	260	6920	0	0	0	0	0	0	0	0	0	0	0	0	0	0	0	0	0	0	0	0	0	0	0	0	0	0	0	0	0	0	0	0	0	240	2294	0	732	25512	122	2030	628	19628	2992	47304	120	4330	550	21916	612	3036	0	440	0	766	13050	9540	14392	2344	2320	106	
306752	Cerebelum_Crus2_L	0	0	0	0	0	0	0	0	0	0	0	0	0	0	0	0	0	0	0	0	0	0	0	0	0	0	0	0	0	0	0	0	0	0	0	0	0	0	0	0	0	0	0	0	0	0	368	0	0	0	0	0	0	0	3784	0	0	0	0	0	0	0	0	0	0	0	0	0	0	0	0	0	0	0	0	0	0	0	0	0	0	0	0	0	0	0	0	0	70	0	34330	732	0	6314	254	0	4754	0	12272	394	32522	3644	33732	4394	6446	210	88	0	0	0	390	348	4126	3896	308	0	
223916	Cerebelum_Crus2_R	0	0	0	0	0	0	0	0	0	0	0	0	0	0	0	0	0	0	0	0	0	0	0	0	0	0	0	0	0	0	0	0	0	0	0	0	0	0	0	0	0	0	0	0	0	0	0	0	0	0	0	0	0	0	0	100	0	0	0	0	0	0	0	0	0	0	0	0	0	0	0	0	0	0	0	0	0	0	0	0	0	0	0	0	0	0	0	0	0	0	1476	25512	6314	0	0	206	68	1448	192	6958	1524	15658	1852	26662	358	2934	0	276	0	82	832	1146	11032	5150	2178	0	
30828	Cerebelum_3_L	0	0	0	0	0	0	0	0	0	0	0	0	0	0	0	0	0	0	0	0	0	0	0	0	0	0	0	0	0	0	0	0	0	0	0	0	0	0	526	0	0	0	0	0	0	0	196	0	0	0	0	0	0	0	92	0	0	0	0	0	0	0	0	0	0	0	0	0	0	0	0	0	0	0	0	0	0	0	0	0	0	0	0	0	0	0	0	0	0	0	1982	122	254	0	0	138	5528	0	2586	130	146	0	392	0	816	68	0	0	376	742	722	220	238	70	70	0	
45748	Cerebelum_3_R	0	0	0	0	0	0	0	0	0	0	0	0	0	0	0	0	0	0	0	0	0	0	0	0	0	0	0	0	0	0	0	0	0	0	0	0	0	0	0	0	0	0	0	0	0	0	70	0	0	0	0	0	0	0	0	142	0	0	0	0	0	0	0	0	0	0	0	0	0	0	0	0	0	0	0	0	0	0	0	0	0	0	0	0	0	0	0	0	0	0	338	2030	0	206	138	0	620	4208	528	3954	64	0	240	602	102	908	0	0	304	3234	2202	264	966	884	870	0	
225744	Cerebelum_4_5_L	0	0	0	0	0	0	0	0	0	0	0	0	0	0	0	0	0	0	0	0	0	0	0	0	0	0	0	0	0	0	0	0	0	0	0	0	68	0	0	0	0	0	0	0	0	0	7126	244	0	0	0	0	0	0	7600	114	0	0	0	0	0	0	0	0	0	0	0	0	0	0	0	0	0	0	0	0	0	0	0	0	0	0	0	0	0	0	0	0	92	0	22440	628	4754	68	5528	620	0	1018	30454	1592	2226	0	5506	460	2594	538	0	0	212	1210	11826	3254	648	466	680	906	
187496	Cerebelum_4_5_R	0	0	0	0	0	0	0	0	0	0	0	0	0	0	0	0	0	0	0	0	0	0	0	0	0	0	0	0	0	0	0	0	0	0	0	0	0	392	0	1158	0	0	0	174	0	0	252	3450	0	0	0	0	0	0	110	4220	0	0	0	0	0	0	0	0	0	0	0	292	0	0	0	0	0	0	0	0	0	0	0	0	0	0	0	0	0	0	0	0	0	0	210	19628	0	1448	0	4208	1018	0	570	28814	0	0	0	4362	146	732	0	0	0	2006	16162	1076	1972	582	594	172	
378228	Cerebelum_6_L	0	0	0	0	0	0	0	0	0	0	0	0	0	0	0	0	0	0	0	0	0	0	0	0	0	0	0	0	0	0	0	0	0	0	0	0	0	0	0	0	0	0	0	0	0	0	14268	2140	0	0	68	0	100	318	19952	772	0	0	0	0	0	0	0	0	0	0	0	0	0	0	0	0	0	0	0	0	0	0	0	0	0	0	0	0	0	0	0	0	0	0	51862	2992	12272	192	2586	528	30454	570	0	4146	4274	0	9560	936	4042	1230	148	0	0	468	8552	10228	3414	1370	1362	310	
351072	Cerebelum_6_R	0	0	0	0	0	0	0	0	0	0	0	0	0	0	0	0	0	0	0	0	0	0	0	0	0	0	0	0	0	0	0	0	0	0	0	0	0	0	0	0	0	0	0	276	0	70	1140	6130	0	70	0	0	0	572	442	9252	0	0	0	0	0	0	0	0	0	0	0	0	0	0	0	0	0	0	0	0	0	0	0	0	0	0	0	0	0	0	0	0	0	0	2614	47304	394	6958	130	3954	1592	28814	4146	0	114	312	502	10286	734	1560	0	358	64	1860	19092	12610	10966	1404	1358	458	
190628	Cerebelum_7b_L	0	0	0	0	0	0	0	0	0	0	0	0	0	0	0	0	0	0	0	0	0	0	0	0	0	0	0	0	0	0	0	0	0	0	0	0	0	0	0	0	0	0	0	0	0	0	170	0	0	0	0	0	0	0	684	0	0	0	0	0	0	0	0	0	0	0	0	0	0	0	0	0	0	0	0	0	0	0	0	0	0	0	0	0	0	0	0	0	0	0	10640	120	32522	1524	146	64	2226	0	4274	114	0	356	30140	1364	4858	94	382	0	0	0	648	72	2240	2504	172	0	
94796	Cerebelum_7b_R	0	0	0	0	0	0	0	0	0	0	0	0	0	0	0	0	0	0	0	0	0	0	0	0	0	0	0	0	0	0	0	0	0	0	0	0	0	0	0	0	0	0	0	0	0	0	0	0	0	0	0	0	0	0	0	0	0	0	0	0	0	0	0	0	0	0	0	0	0	0	0	0	0	0	0	0	0	0	0	0	0	0	0	0	0	0	0	0	0	0	282	4330	3644	15658	0	0	0	0	0	312	356	0	560	17494	206	1738	0	0	0	0	0	0	1374	1326	118	0	
313564	Cerebelum_8_L	0	0	0	0	0	0	0	0	0	0	0	0	0	0	0	0	0	0	0	0	0	0	0	0	0	0	0	0	0	0	0	0	0	0	0	0	0	0	0	0	0	0	0	0	0	0	626	0	0	0	0	0	0	0	1818	0	0	0	0	0	0	0	0	0	0	0	0	0	0	0	0	0	0	0	0	0	0	0	0	0	0	0	0	0	0	0	0	0	0	0	19858	550	33732	1852	392	240	5506	0	9560	502	30140	560	0	5262	22532	2786	1164	0	0	154	1474	534	5422	8698	3420	0	
300876	Cerebelum_8_R	0	0	0	0	0	0	0	0	0	0	0	0	0	0	0	0	0	0	0	0	0	0	0	0	0	0	0	0	0	0	0	0	0	0	0	0	0	0	0	0	0	0	0	0	0	0	550	248	0	0	0	0	0	0	228	252	0	0	0	0	0	0	0	0	0	0	0	0	0	0	0	0	0	0	0	0	0	0	0	0	0	0	0	0	0	0	0	0	0	118	2006	21916	4394	26662	0	602	460	4362	936	10286	1364	17494	5262	0	2252	20294	0	696	88	336	2386	1864	9678	10310	5234	160	
137788	Cerebelum_9_L	0	0	0	0	0	0	0	0	0	0	0	0	0	0	0	0	0	0	0	0	0	0	0	0	0	0	0	0	0	0	0	0	0	0	0	0	0	0	0	0	0	0	0	0	0	0	542	0	0	0	0	0	0	0	240	0	0	0	0	0	0	0	0	0	0	0	0	0	0	0	0	0	0	0	0	0	0	0	0	0	0	0	0	0	0	0	0	0	0	0	4972	612	6446	358	816	102	2594	146	4042	734	4858	206	22532	2252	0	2704	1528	0	0	0	844	1416	3216	4126	3454	154	
139856	Cerebelum_9_R	0	0	0	0	0	0	0	0	0	0	0	0	0	0	0	0	0	0	0	0	0	0	0	0	0	0	0	0	0	0	0	0	0	0	0	0	0	0	0	0	0	0	0	0	0	0	586	0	0	0	0	0	0	0	190	0	0	0	0	0	0	0	0	0	0	0	0	0	0	0	0	0	0	0	0	0	0	0	0	0	0	0	0	0	0	0	0	0	0	0	862	3036	210	2934	68	908	538	732	1230	1560	94	1738	2786	20294	2704	0	102	1056	226	720	1138	2222	6980	7512	8726	776	
7768	Cerebelum_10_L	0	0	0	0	0	0	0	0	0	0	0	0	0	0	0	0	0	0	0	0	0	0	0	0	0	0	0	0	0	0	0	0	0	0	0	0	0	0	0	0	0	0	0	0	0	0	0	0	0	0	0	0	0	0	0	0	0	0	0	0	0	0	0	0	0	0	0	0	0	0	0	0	0	0	0	0	0	0	0	0	0	0	0	0	0	0	0	0	0	0	136	0	88	0	0	0	0	0	148	0	382	0	1164	0	1528	102	0	0	0	0	0	0	126	104	106	0	
7296	Cerebelum_10_R	0	0	0	0	0	0	0	0	0	0	0	0	0	0	0	0	0	0	0	0	0	0	0	0	0	0	0	0	0	0	0	0	0	0	0	0	0	0	0	0	0	0	0	0	0	0	0	0	0	0	0	0	0	0	0	0	0	0	0	0	0	0	0	0	0	0	0	0	0	0	0	0	0	0	0	0	0	0	0	0	0	0	0	0	0	0	0	0	0	0	0	440	0	276	0	0	0	0	0	358	0	0	0	696	0	1056	0	0	0	0	120	0	466	114	122	0	
8640	Vermis_1_2	0	0	0	0	0	0	0	0	0	0	0	0	0	0	0	0	0	0	0	0	0	0	0	0	0	0	0	0	0	0	0	0	0	0	0	0	0	0	0	0	0	0	0	0	0	0	0	0	0	0	0	0	0	0	0	0	0	0	0	0	0	0	0	0	0	0	0	0	0	0	0	0	0	0	0	0	0	0	0	0	0	0	0	0	0	0	0	0	0	0	0	0	0	0	376	304	212	0	0	64	0	0	0	88	0	226	0	0	0	2216	240	0	198	198	198	0	
37880	Vermis_3	0	0	0	0	0	0	0	0	0	0	0	0	0	0	0	0	0	0	0	0	0	0	0	0	0	0	0	0	0	0	0	0	0	0	0	0	0	0	68	0	0	0	0	0	0	0	70	0	0	0	0	0	0	0	0	0	0	0	0	0	0	0	0	0	0	0	0	0	0	0	0	0	0	0	0	0	0	0	0	0	0	0	0	0	0	0	0	0	0	0	332	766	0	82	742	3234	1210	2006	468	1860	0	0	154	336	0	720	0	0	2216	0	2432	144	740	684	676	0	
225036	Vermis_4_5	0	0	0	0	0	0	0	0	0	0	0	0	0	0	0	0	0	0	0	0	0	0	0	0	0	0	0	0	0	0	0	0	0	0	0	506	0	226	0	162	0	0	0	538	0	0	2728	4400	0	0	0	0	0	98	1140	2824	0	0	0	0	0	0	0	0	0	0	0	582	0	228	0	0	0	0	0	0	0	0	0	0	0	0	0	0	0	0	0	0	0	0	5038	13050	390	832	722	2202	11826	16162	8552	19092	648	0	1474	2386	844	1138	0	120	240	2432	0	5882	2382	1200	1330	1144	
169044	Vermis_6	0	0	0	0	0	0	0	0	0	0	0	0	0	0	0	0	0	0	0	0	0	0	0	0	0	0	0	0	0	0	0	0	0	0	0	0	0	0	0	0	0	0	0	0	0	0	4222	4408	0	0	0	0	0	556	2436	2312	0	0	0	0	0	0	0	0	0	0	0	0	0	0	0	0	0	0	0	0	0	0	0	0	0	0	0	0	0	0	0	0	0	0	5762	9540	348	1146	220	264	3254	1076	10228	12610	72	0	534	1864	1416	2222	0	0	0	144	5882	0	7166	2214	2694	1932	
228980	Vermis_7	0	0	0	0	0	0	0	0	0	0	0	0	0	0	0	0	0	0	0	0	0	0	0	0	0	0	0	0	0	0	0	0	0	0	0	0	0	0	0	0	0	0	0	0	0	0	1034	504	0	0	0	0	0	0	388	284	0	0	0	0	0	0	0	0	0	0	0	0	0	0	0	0	0	0	0	0	0	0	0	0	0	0	0	0	0	0	0	0	0	0	5134	14392	4126	11032	238	966	648	1972	3414	10966	2240	1374	5422	9678	3216	6980	126	466	198	740	2382	7166	0	11352	7382	670	
158280	Vermis_8	0	0	0	0	0	0	0	0	0	0	0	0	0	0	0	0	0	0	0	0	0	0	0	0	0	0	0	0	0	0	0	0	0	0	0	0	0	0	0	0	0	0	0	0	0	0	588	180	0	0	0	0	0	0	202	102	0	0	0	0	0	0	0	0	0	0	0	0	0	0	0	0	0	0	0	0	0	0	0	0	0	0	0	0	0	0	0	0	0	0	2698	2344	3896	5150	70	884	466	582	1370	1404	2504	1326	8698	10310	4126	7512	104	114	198	684	1200	2214	11352	0	8536	326	
