data	data	383788	298152	866564	945048	204884	98620	531244	522096	116732	30292	336372	196348	285636	175784	248560	85032	382184	154084	427876	560640	53056	44052	326676	284668	18344	76760	21200	26588	778120	323832	215264	414980	127452	452136	178612	233712	317212	248932	102156	137512	37952	42964	338200	436080	148324	374908	391812	402536	207536	381284	394336	381196	178900	116588	409144	351960	236124	153324	124512	79524	272676	99272	137712	127808	158664	188548	371788	484712	177584	65312	253012	383700	259092	237996	49084	20408	161512	334772	106080	33008	338852	147592	106936	76232	427040	222764	41668	33388	337368	178456	517108	527120	410316	468988	47164	77636	362460	341472	514676	488928	267508	297748	329920	444888	198276	220748	28304	8392	45308	98160	328880	166472	164408	86280	65676	26396	
data	data	Precentral_L	Precentral_R	Frontal_Sup_L	Frontal_Sup_R	Frontal_Sup_Orb_L	Frontal_Sup_Orb_R	Frontal_Mid_L	Frontal_Mid_R	Frontal_Mid_Orb_L	Frontal_Mid_Orb_R	Frontal_Inf_Oper_L	Frontal_Inf_Oper_R	Frontal_Inf_Tri_L	Frontal_Inf_Tri_R	Frontal_Inf_Orb_L	Frontal_Inf_Orb_R	Rolandic_Oper_L	Rolandic_Oper_R	Supp_Motor_Area_L	Supp_Motor_Area_R	Olfactory_L	Olfactory_R	Frontal_Sup_Medial_L	Frontal_Sup_Medial_R	Frontal_Med_Orb_L	Frontal_Med_Orb_R	Rectus_L	Rectus_R	Insula_L	Insula_R	Cingulum_Ant_L	Cingulum_Ant_R	Cingulum_Mid_L	Cingulum_Mid_R	Cingulum_Post_L	Cingulum_Post_R	Hippocampus_L	Hippocampus_R	ParaHippocampal_L	ParaHippocampal_R	Amygdala_L	Amygdala_R	Calcarine_L	Calcarine_R	Cuneus_L	Cuneus_R	Lingual_L	Lingual_R	Occipital_Sup_L	Occipital_Sup_R	Occipital_Mid_L	Occipital_Mid_R	Occipital_Inf_L	Occipital_Inf_R	Fusiform_L	Fusiform_R	Postcentral_L	Postcentral_R	Parietal_Sup_L	Parietal_Sup_R	Parietal_Inf_L	Parietal_Inf_R	SupraMarginal_L	SupraMarginal_R	Angular_L	Angular_R	Precuneus_L	Precuneus_R	Paracentral_Lobule_L	Paracentral_Lobule_R	Caudate_L	Caudate_R	Putamen_L	Putamen_R	Pallidum_L	Pallidum_R	Thalamus_L	Thalamus_R	Heschl_L	Heschl_R	Temporal_Sup_L	Temporal_Sup_R	Temporal_Pole_Sup_L	Temporal_Pole_Sup_R	Temporal_Mid_L	Temporal_Mid_R	Temporal_Pole_Mid_L	Temporal_Pole_Mid_R	Temporal_Inf_L	Temporal_Inf_R	Cerebelum_Crus1_L	Cerebelum_Crus1_R	Cerebelum_Crus2_L	Cerebelum_Crus2_R	Cerebelum_3_L	Cerebelum_3_R	Cerebelum_4_5_L	Cerebelum_4_5_R	Cerebelum_6_L	Cerebelum_6_R	Cerebelum_7b_L	Cerebelum_7b_R	Cerebelum_8_L	Cerebelum_8_R	Cerebelum_9_L	Cerebelum_9_R	Cerebelum_10_L	Cerebelum_10_R	Vermis_1_2	Vermis_3	Vermis_4_5	Vermis_6	Vermis_7	Vermis_8	Vermis_9	Vermis_10	
383788	Precentral_L	0	3474	14762	3908	0	0	11278	3740	0	0	18286	0	844	0	0	0	14060	166	5836	2756	0	0	0	0	0	0	0	0	12448	86	82	188	0	144	814	908	5840	0	1464	0	0	0	382	0	0	0	478	0	0	0	674	0	230	0	250	0	22494	580	242	0	13862	0	4058	116	850	0	250	0	11266	0	1366	1374	3986	0	284	0	11950	2934	1956	0	3956	0	132	0	3862	0	0	0	3278	0	0	0	0	0	0	0	0	0	0	0	0	0	0	0	0	0	0	0	0	0	0	0	0	0	0	0	
298152	Precentral_R	3474	0	1920	20326	0	0	418	23460	0	0	188	5648	0	0	0	0	110	2788	1898	5420	0	0	0	0	0	0	0	0	730	4810	0	80	84	6546	198	4106	170	5694	106	268	0	0	0	594	0	128	0	466	0	0	0	288	0	186	0	250	82	24870	0	196	0	1542	0	4226	0	530	102	4324	0	3704	338	2698	186	2174	0	694	868	6706	0	722	0	1728	0	0	0	1644	0	0	0	936	0	0	0	0	0	0	0	0	0	0	0	0	0	0	0	0	0	0	0	0	452	0	0	0	0	0	
866564	Frontal_Sup_L	14762	1920	0	14994	16922	0	64432	3662	3626	0	11670	422	24408	92	14826	150	12070	104	52264	22906	104	116	36912	358	414	0	0	0	38790	304	16834	4966	2750	10308	234	252	3438	0	132	0	0	0	0	0	0	0	0	0	0	0	0	0	0	0	314	0	1452	376	0	0	478	0	0	0	0	0	0	0	522	0	9396	2920	17998	324	7038	124	7838	938	598	0	5524	0	916	0	402	0	0	0	982	0	0	0	0	0	0	0	0	0	0	0	0	0	0	0	0	0	0	0	0	0	0	0	0	0	0	0	
945048	Frontal_Sup_R	3908	20326	14994	0	1930	6694	5966	73690	296	852	1334	9156	180	11350	362	4824	2328	9184	13920	61124	0	90	13074	31956	0	2672	0	406	4698	12118	4242	29620	1192	24712	2162	6794	2220	5074	940	326	0	0	132	354	0	90	154	626	0	0	0	118	0	0	0	94	0	2966	0	0	0	0	0	228	0	196	782	2866	908	396	5288	29310	1188	8212	560	796	526	27092	158	614	946	1366	266	312	78	590	0	0	0	266	0	0	0	0	0	0	0	0	0	0	0	0	0	0	0	0	0	0	0	0	332	0	0	0	0	0	
204884	Frontal_Sup_Orb_L	0	0	16922	1930	0	0	3694	384	14454	0	2188	0	4906	0	14364	0	208	0	2978	1274	686	118	2522	0	2290	0	3024	0	14252	118	2116	1138	0	126	0	0	0	0	0	0	0	0	0	0	0	0	0	0	0	0	0	0	0	0	0	0	0	0	0	0	0	0	0	0	0	0	0	0	0	0	3424	1048	7788	0	0	0	0	0	0	0	90	0	400	0	0	0	0	0	0	0	0	0	0	0	0	0	0	0	0	0	0	0	0	0	0	0	0	0	0	0	0	0	0	0	0	0	
98620	Frontal_Sup_Orb_R	0	0	0	6694	0	0	0	354	0	3544	0	182	0	872	0	2934	0	92	0	1358	0	98	1796	7488	0	4928	0	3110	0	1738	622	4788	0	0	0	0	0	0	0	0	0	0	0	0	0	0	0	0	0	0	0	0	0	0	0	0	0	0	0	0	0	0	0	0	0	0	0	0	0	0	106	3780	0	4826	0	0	0	0	0	0	0	0	0	0	0	0	0	0	0	0	0	0	0	0	0	0	0	0	0	0	0	0	0	0	0	0	0	0	0	0	0	0	0	0	0	0	
531244	Frontal_Mid_L	11278	418	64432	5966	3694	0	0	1840	2340	0	18140	0	34282	0	14936	0	12936	0	6798	4458	0	0	15904	0	0	0	0	0	28006	0	7290	1258	786	676	92	134	2356	0	0	0	0	0	0	0	0	0	0	0	0	0	0	0	0	0	252	0	318	140	0	0	0	0	0	0	0	0	0	0	0	0	2298	530	6834	0	3160	0	2598	698	142	0	9170	0	314	0	392	0	0	0	756	0	0	0	0	0	0	0	0	0	0	0	0	0	0	0	0	0	0	0	0	0	0	0	0	0	0	0	
522096	Frontal_Mid_R	3740	23460	3662	73690	384	354	1840	0	82	930	830	11896	100	17606	98	5596	752	4118	4556	3542	0	76	858	3872	0	512	0	0	1870	10456	152	5454	196	2112	2022	4622	2248	7040	1008	346	0	0	126	0	0	0	152	820	0	0	0	0	0	0	0	0	0	2978	0	0	0	0	0	146	0	0	760	1536	116	0	2372	15630	954	3756	616	736	888	27440	160	140	434	382	158	0	0	0	0	0	0	0	0	0	0	0	0	0	0	98	0	0	0	0	0	0	0	0	0	0	0	0	570	0	0	0	0	0	
116732	Frontal_Mid_Orb_L	0	0	3626	296	14454	0	2340	82	0	0	434	0	2000	0	18004	0	114	0	1494	222	0	0	0	0	184	0	1378	0	6104	0	0	132	0	0	0	0	0	0	0	0	0	0	0	0	0	0	0	0	0	0	0	0	0	0	0	0	0	0	0	0	0	0	0	0	0	0	0	0	0	0	754	182	6294	0	0	0	0	0	0	0	0	0	272	0	0	0	0	0	0	0	0	0	0	0	0	0	0	0	0	0	0	0	0	0	0	0	0	0	0	0	0	0	0	0	0	0	
30292	Frontal_Mid_Orb_R	0	0	0	852	0	3544	0	930	0	0	0	0	0	912	0	3332	0	0	0	180	0	0	0	658	0	400	0	702	0	658	0	608	0	0	0	0	0	0	0	0	0	0	0	0	0	0	0	0	0	0	0	0	0	0	0	0	0	0	0	0	0	0	0	0	0	0	0	0	0	0	0	832	0	1538	0	0	0	0	0	0	0	0	0	0	0	0	0	0	0	0	0	0	0	0	0	0	0	0	0	0	0	0	0	0	0	0	0	0	0	0	0	0	0	0	0	0	
336372	Frontal_Inf_Oper_L	18286	188	11670	1334	2188	0	18140	830	434	0	0	74	9524	0	1532	0	23416	514	3434	658	500	106	686	0	0	0	0	0	35954	150	2530	604	104	0	940	1146	2202	0	118	0	0	0	0	0	0	0	0	0	0	0	0	0	0	0	0	0	976	0	0	0	352	0	0	0	0	0	0	0	462	0	4574	1298	2342	84	516	0	618	1864	214	0	13844	76	3704	0	0	0	0	0	0	0	0	0	0	0	0	0	0	0	0	0	0	0	0	0	0	0	0	0	0	0	0	0	0	0	0	0	
196348	Frontal_Inf_Oper_R	0	5648	422	9156	0	182	0	11896	0	0	74	0	0	14008	0	378	0	6042	192	2884	0	0	0	1084	0	650	0	0	208	16334	196	4330	0	280	0	0	0	1424	0	136	0	0	0	0	0	0	0	0	0	0	0	0	0	0	0	0	0	1660	0	0	0	0	0	0	0	0	0	0	0	0	802	8544	0	8038	0	810	0	392	0	0	0	1534	0	870	0	0	0	0	0	0	0	0	0	0	0	0	0	0	0	0	0	0	0	0	0	0	0	0	0	0	0	0	0	0	0	0	
285636	Frontal_Inf_Tri_L	844	0	24408	180	4906	0	34282	100	2000	0	9524	0	0	0	22414	0	1656	0	2050	0	218	0	10212	0	0	0	0	0	22268	0	2796	108	352	0	0	0	74	0	0	0	0	0	0	0	0	0	0	0	0	0	0	0	0	0	0	0	0	0	0	0	0	0	0	0	0	0	0	0	0	0	1466	152	850	0	0	0	0	0	0	0	594	0	1364	0	0	0	0	0	0	0	0	0	0	0	0	0	0	0	0	0	0	0	0	0	0	0	0	0	0	0	0	0	0	0	0	0	
175784	Frontal_Inf_Tri_R	0	0	92	11350	0	872	0	17606	0	912	0	14008	0	0	0	5384	0	0	438	3656	0	0	274	3272	0	230	0	0	104	14314	488	8142	0	414	0	0	0	148	0	0	0	0	0	0	0	0	0	0	0	0	0	0	0	0	0	0	0	0	0	0	0	0	0	0	0	0	0	0	0	0	778	3712	0	1438	0	122	0	0	0	0	0	138	0	0	0	0	0	0	0	0	0	0	0	0	0	0	0	0	0	0	0	0	0	0	0	0	0	0	0	0	0	0	0	0	0	0	
248560	Frontal_Inf_Orb_L	0	0	14826	362	14364	0	14936	98	18004	0	1532	0	22414	0	0	0	626	0	2064	242	1526	0	6804	0	0	0	394	0	14226	0	684	144	0	0	0	0	86	0	0	0	0	0	0	0	0	0	0	0	0	0	0	0	0	0	0	0	0	0	0	0	0	0	0	0	0	0	0	0	0	0	924	198	8908	0	0	0	0	0	0	0	384	0	534	0	0	0	0	0	0	0	0	0	0	0	0	0	0	0	0	0	0	0	0	0	0	0	0	0	0	0	0	0	0	0	0	0	
85032	Frontal_Inf_Orb_R	0	0	150	4824	0	2934	0	5596	0	3332	0	378	0	5384	0	0	0	0	268	1002	98	648	630	4086	0	0	0	834	0	5480	0	1292	0	1514	0	0	0	0	0	0	0	0	0	0	0	0	0	0	0	0	0	0	0	0	0	0	0	0	0	0	0	0	0	0	0	0	0	0	0	0	224	978	0	2706	0	0	0	0	0	0	0	0	0	158	0	0	0	0	0	0	0	0	0	0	0	0	0	0	0	0	0	0	0	0	0	0	0	0	0	0	0	0	0	0	0	0	
382184	Rolandic_Oper_L	14060	110	12070	2328	208	0	12936	752	114	0	23416	0	1656	0	626	0	0	478	6338	1792	378	98	186	0	0	0	0	0	36064	132	170	766	0	92	702	804	3644	0	124	0	0	0	226	0	0	0	156	0	0	0	146	0	132	0	544	0	6630	0	0	0	4172	0	4670	0	658	0	158	0	2742	0	5354	1808	962	142	408	0	468	1270	6116	0	22546	76	1624	0	4140	0	0	0	5900	0	0	0	0	0	0	0	0	0	0	0	0	0	0	0	0	0	0	0	0	0	0	0	0	0	0	0	
154084	Rolandic_Oper_R	166	2788	104	9184	0	92	0	4118	0	0	514	6042	0	0	0	0	478	0	0	3700	0	0	0	190	0	160	0	0	1030	15180	0	346	0	652	0	0	0	1920	0	104	0	0	0	0	0	0	0	0	0	0	0	0	0	90	0	270	0	5566	0	0	0	0	0	2914	0	162	0	0	0	94	1062	2478	0	6858	0	656	0	100	0	1960	384	5946	0	1332	0	108	0	0	0	294	0	0	0	0	0	0	0	0	0	0	0	0	0	0	0	0	0	0	0	0	0	0	0	0	0	0	
427876	Supp_Motor_Area_L	5836	1898	52264	13920	2978	0	6798	4556	1494	0	3434	192	2050	438	2064	268	6338	0	0	25446	0	0	3518	1824	0	0	0	0	13682	388	5222	5198	9890	15038	2836	734	970	0	194	0	0	0	262	0	0	0	0	0	0	0	96	90	0	0	138	0	220	78	0	0	98	0	0	0	0	0	404	336	10364	0	1170	1264	4036	112	0	0	430	566	538	0	2482	0	408	0	622	0	0	0	756	0	0	0	0	0	0	0	0	0	0	0	0	0	0	0	0	0	0	0	0	0	0	0	0	0	0	0	
560640	Supp_Motor_Area_R	2756	5420	22906	61124	1274	1358	4458	3542	222	180	658	2884	0	3656	242	1002	1792	3700	25446	0	0	0	1514	8008	0	356	0	0	2978	5662	1806	14078	6356	42608	650	8388	0	110	0	0	0	0	0	748	0	574	0	318	0	348	0	922	0	0	0	0	0	550	0	454	0	532	0	0	0	738	398	7922	1070	6154	3310	12740	540	3984	286	172	0	430	0	364	606	1006	96	306	0	446	0	0	0	172	0	0	0	0	0	0	0	0	0	0	0	0	0	0	0	0	0	0	0	0	0	0	0	0	0	0	
53056	Olfactory_L	0	0	104	0	686	0	0	0	0	0	500	0	218	0	1526	98	378	0	0	0	0	2956	0	0	86	0	256	180	4312	230	2128	1296	0	0	0	0	282	0	76	0	340	0	0	0	0	0	0	0	0	0	0	0	0	0	0	0	0	0	0	0	0	0	0	0	0	0	0	0	0	0	4952	2502	2658	272	0	0	0	0	0	0	0	0	492	0	0	0	0	0	0	0	0	0	0	0	0	0	0	0	0	0	0	0	0	0	0	0	0	0	0	0	0	0	0	0	0	0	
44052	Olfactory_R	0	0	116	90	118	98	0	76	0	0	106	0	0	0	0	648	98	0	0	0	2956	0	0	132	0	956	0	766	252	2768	1412	1548	0	0	0	0	0	0	0	0	0	184	0	0	0	0	0	0	0	0	0	0	0	0	0	0	0	0	0	0	0	0	0	0	0	0	0	0	0	0	3516	3854	1338	596	128	86	0	76	0	0	0	0	0	108	0	0	0	0	0	0	0	0	0	0	0	0	0	0	0	0	0	0	0	0	0	0	0	0	0	0	0	0	0	0	0	0	
326676	Frontal_Sup_Medial_L	0	0	36912	13074	2522	1796	15904	858	0	0	686	0	10212	274	6804	630	186	0	3518	1514	0	0	0	18714	1018	3290	0	0	2614	110	14922	13924	2860	10522	0	0	0	0	0	0	0	0	0	0	0	0	0	0	0	0	0	0	0	0	0	0	0	0	0	0	0	0	0	0	0	0	0	0	0	0	74	0	308	0	0	0	0	0	0	0	92	0	0	0	0	0	0	0	0	0	0	0	0	0	0	0	0	0	0	0	0	0	0	0	0	0	0	0	0	0	0	0	0	0	0	0	
284668	Frontal_Sup_Medial_R	0	0	358	31956	0	7488	0	3872	0	658	0	1084	0	3272	0	4086	0	190	1824	8008	0	132	18714	0	130	7108	0	510	0	3366	3490	24934	0	15314	0	0	0	0	0	0	0	0	0	0	0	0	0	0	0	0	0	0	0	0	0	0	0	0	0	0	0	0	0	0	0	0	0	0	0	0	224	3004	0	2612	0	0	0	0	0	0	0	0	0	0	0	0	0	0	0	0	0	0	0	0	0	0	0	0	0	0	0	0	0	0	0	0	0	0	0	0	0	0	0	0	0	0	
18344	Frontal_Med_Orb_L	0	0	414	0	2290	0	0	0	184	0	0	0	0	0	0	0	0	0	0	0	86	0	1018	130	0	240	1420	0	0	0	2052	0	0	0	0	0	0	0	0	0	0	0	0	0	0	0	0	0	0	0	0	0	0	0	0	0	0	0	0	0	0	0	0	0	0	0	0	0	0	0	602	0	736	0	0	0	0	0	0	0	0	0	0	0	0	0	0	0	0	0	0	0	0	0	0	0	0	0	0	0	0	0	0	0	0	0	0	0	0	0	0	0	0	0	0	0	
76760	Frontal_Med_Orb_R	0	0	0	2672	0	4928	0	512	0	400	0	650	0	230	0	0	0	160	0	356	0	956	3290	7108	240	0	0	2622	0	808	866	5548	0	0	0	0	0	0	0	0	0	0	0	0	0	0	0	0	0	0	0	0	0	0	0	0	0	0	0	0	0	0	0	0	0	0	0	0	0	0	0	4930	0	2104	0	0	0	0	0	0	0	0	0	0	0	0	0	0	0	0	0	0	0	0	0	0	0	0	0	0	0	0	0	0	0	0	0	0	0	0	0	0	0	0	0	0	
21200	Rectus_L	0	0	0	0	3024	0	0	0	1378	0	0	0	0	0	394	0	0	0	0	0	256	0	0	0	1420	0	0	0	144	0	1288	0	0	0	0	0	0	0	0	0	0	0	0	0	0	0	0	0	0	0	0	0	0	0	0	0	0	0	0	0	0	0	0	0	0	0	0	0	0	0	912	0	1784	0	0	0	0	0	0	0	0	0	0	0	0	0	0	0	0	0	0	0	0	0	0	0	0	0	0	0	0	0	0	0	0	0	0	0	0	0	0	0	0	0	0	0	
26588	Rectus_R	0	0	0	406	0	3110	0	0	0	702	0	0	0	0	0	834	0	0	0	0	180	766	0	510	0	2622	0	0	0	736	92	586	0	0	0	0	0	0	0	0	0	0	0	0	0	0	0	0	0	0	0	0	0	0	0	0	0	0	0	0	0	0	0	0	0	0	0	0	0	0	0	1516	0	1234	0	0	0	0	0	0	0	0	0	0	0	0	0	0	0	0	0	0	0	0	0	0	0	0	0	0	0	0	0	0	0	0	0	0	0	0	0	0	0	0	0	0	
778120	Insula_L	12448	730	38790	4698	14252	0	28006	1870	6104	0	35954	208	22268	104	14226	0	36064	1030	13682	2978	4312	252	2614	0	0	0	144	0	0	426	3328	2452	400	174	1906	2558	15038	0	518	0	600	0	156	0	0	0	282	0	0	0	430	0	396	0	3666	0	2290	532	0	0	274	0	528	416	130	0	138	0	2804	0	14616	3910	16358	270	456	0	4302	5838	9286	0	26834	110	6734	0	7960	0	172	0	12038	0	0	0	0	0	0	0	0	0	0	0	0	0	0	0	0	0	0	0	0	0	0	0	0	0	0	0	
323832	Insula_R	86	4810	304	12118	118	1738	0	10456	0	658	150	16334	0	14314	0	5480	132	15180	388	5662	230	2768	110	3366	0	808	0	736	426	0	578	9606	0	1078	0	100	0	6240	0	540	0	208	0	136	0	0	0	0	0	0	0	78	0	158	0	476	0	2736	0	0	0	0	0	424	0	250	0	260	0	166	1288	6866	0	20524	0	162	0	264	0	1752	0	6680	0	2520	0	1010	0	0	0	1444	0	0	0	0	0	0	0	0	0	0	0	0	0	0	0	0	0	0	0	0	0	0	0	0	0	0	
215264	Cingulum_Ant_L	82	0	16834	4242	2116	622	7290	152	0	0	2530	196	2796	488	684	0	170	0	5222	1806	2128	1412	14922	3490	2052	866	1288	92	3328	578	0	10370	3062	3378	0	0	0	0	0	0	0	0	0	0	0	0	0	0	0	0	0	0	0	0	0	0	0	0	0	0	0	0	0	0	0	0	0	0	0	0	6502	1830	6522	470	0	0	0	0	0	0	112	0	0	0	0	0	0	0	0	0	0	0	0	0	0	0	0	0	0	0	0	0	0	0	0	0	0	0	0	0	0	0	0	0	0	0	
414980	Cingulum_Ant_R	188	80	4966	29620	1138	4788	1258	5454	132	608	604	4330	108	8142	144	1292	766	346	5198	14078	1296	1548	13924	24934	0	5548	0	586	2452	9606	10370	0	2098	18476	0	0	0	0	0	0	0	0	0	0	0	0	0	0	0	0	0	0	0	0	0	0	0	0	0	0	0	0	0	0	0	0	0	0	0	0	6396	20374	1170	5118	0	0	0	0	0	0	230	0	124	0	0	0	0	0	0	0	0	0	0	0	0	0	0	0	0	0	0	0	0	0	0	0	0	0	0	0	0	0	0	0	0	0	
127452	Cingulum_Mid_L	0	84	2750	1192	0	0	786	196	0	0	104	0	352	0	0	0	0	0	9890	6356	0	0	2860	0	0	0	0	0	400	0	3062	2098	0	12710	3010	1060	0	0	0	0	0	0	1174	854	542	358	88	158	0	0	1108	228	92	0	80	0	0	0	0	0	0	0	0	0	0	0	5172	2862	3246	116	0	0	0	0	0	0	0	118	0	0	0	0	0	0	396	144	0	0	0	0	0	0	0	0	0	0	0	0	0	0	0	0	0	0	0	0	0	0	0	0	80	0	0	0	0	0	
452136	Cingulum_Mid_R	144	6546	10308	24712	126	0	676	2112	0	0	0	280	0	414	0	1514	92	652	15038	42608	0	0	10522	15314	0	0	0	0	174	1078	3378	18476	12710	0	2120	10836	0	238	0	0	0	0	0	4484	0	2618	0	698	0	756	0	2034	0	126	0	150	0	984	0	538	0	776	0	124	0	1220	1950	18932	214	6152	76	0	122	100	96	0	0	0	0	418	0	840	0	0	0	2226	0	0	0	366	0	0	0	0	0	0	0	0	0	0	0	0	0	0	0	0	0	0	0	0	0	0	0	0	0	0	
178612	Cingulum_Post_L	814	198	234	2162	0	0	92	2022	0	0	940	0	0	0	0	0	702	0	2836	650	0	0	0	0	0	0	0	0	1906	0	0	0	3010	2120	0	11026	8608	808	3332	0	0	0	5240	796	214	906	4246	130	0	194	198	336	82	0	248	0	106	0	0	0	0	0	0	0	144	0	11470	2608	4552	0	0	1422	0	0	0	0	338	9330	1244	0	76	0	0	0	1444	300	0	0	722	0	0	0	0	0	0	0	0	0	0	0	0	0	0	0	0	0	0	0	0	0	1500	0	0	0	0	0	
233712	Cingulum_Post_R	908	4106	252	6794	0	0	134	4622	0	0	1146	0	0	0	0	0	804	0	734	8388	0	0	0	0	0	0	0	0	2558	100	0	0	1060	10836	11026	0	6416	5268	1906	1218	0	0	330	2274	0	1640	248	4202	0	530	0	1222	0	246	0	412	0	0	0	0	0	112	0	0	0	608	1434	14646	124	690	298	1928	150	144	0	0	564	12512	1192	0	0	0	0	0	0	1088	0	0	0	268	0	0	0	0	0	0	0	328	0	0	0	0	0	0	0	0	0	0	0	0	1390	0	0	0	0	0	
317212	Hippocampus_L	5840	170	3438	2220	0	0	2356	2248	0	0	2202	0	74	0	86	0	3644	0	970	0	282	0	0	0	0	0	0	0	15038	0	0	0	0	0	8608	6416	0	564	9626	0	6346	0	1704	0	0	0	4104	0	0	0	96	0	334	0	6824	0	596	0	0	0	286	0	568	0	124	0	3990	0	1584	0	526	924	4696	0	482	0	9388	12852	3872	0	3180	0	2862	0	9792	0	1184	0	18168	0	0	0	0	0	0	0	0	0	0	0	0	0	0	0	0	0	0	0	0	0	342	0	0	0	0	0	
248932	Hippocampus_R	0	5694	0	5074	0	0	0	7040	0	0	0	1424	0	148	0	0	0	1920	0	110	0	0	0	0	0	0	0	0	0	6240	0	0	0	238	808	5268	564	0	120	17390	0	7472	0	1350	0	0	0	4702	0	108	0	118	0	1224	0	16824	0	670	0	0	0	0	0	0	0	0	356	5554	0	0	0	0	0	8972	0	88	0	3308	0	1166	0	2316	0	1654	0	2822	0	266	0	11818	0	0	0	0	0	0	0	540	0	80	0	0	0	0	0	0	0	0	0	0	1020	0	0	0	0	0	
102156	ParaHippocampal_L	1464	106	132	940	0	0	0	1008	0	0	118	0	0	0	0	0	124	0	194	0	76	0	0	0	0	0	0	0	518	0	0	0	0	0	3332	1906	9626	120	0	0	1082	0	1712	0	0	0	5584	0	0	0	104	0	1290	0	8194	0	0	0	0	0	0	0	0	0	0	0	3166	0	536	0	0	402	188	0	0	0	938	2302	150	0	0	0	228	0	176	0	358	0	2940	0	360	0	0	0	0	0	882	0	422	0	0	0	0	0	0	0	0	0	0	0	400	0	0	0	0	0	
137512	ParaHippocampal_R	0	268	0	326	0	0	0	346	0	0	0	136	0	0	0	0	0	104	0	0	0	0	0	0	0	0	0	0	0	540	0	0	0	0	0	1218	0	17390	0	0	0	5684	0	1250	0	102	0	7770	0	122	0	366	0	916	0	14808	0	0	0	0	0	0	0	0	0	0	0	2492	0	0	0	0	0	1470	0	0	0	608	0	194	0	706	0	2252	0	1416	0	1168	0	3824	0	0	0	0	0	0	0	2420	0	444	0	0	0	0	0	0	0	0	0	0	416	0	0	0	0	0	
37952	Amygdala_L	0	0	0	0	0	0	0	0	0	0	0	0	0	0	0	0	0	0	0	0	340	0	0	0	0	0	0	0	600	0	0	0	0	0	0	0	6346	0	1082	0	0	0	0	0	0	0	0	0	0	0	0	0	0	0	2708	0	0	0	0	0	0	0	0	0	0	0	0	0	0	0	0	0	392	0	0	0	208	0	0	0	0	0	1488	0	1366	0	1114	0	3332	0	0	0	0	0	0	0	0	0	0	0	0	0	0	0	0	0	0	0	0	0	0	0	0	0	0	0	
42964	Amygdala_R	0	0	0	0	0	0	0	0	0	0	0	0	0	0	0	0	0	0	0	0	0	184	0	0	0	0	0	0	0	208	0	0	0	0	0	0	0	7472	0	5684	0	0	0	0	0	0	0	0	0	0	0	0	0	0	0	5122	0	0	0	0	0	0	0	0	0	0	0	0	0	0	0	0	0	144	0	0	0	0	0	0	0	0	0	2184	0	0	0	394	0	90	0	0	0	0	0	0	0	0	0	0	0	0	0	0	0	0	0	0	0	0	0	0	0	0	0	0	
338200	Calcarine_L	382	0	0	132	0	0	0	126	0	0	0	0	0	0	0	0	226	0	262	0	0	0	0	0	0	0	0	0	156	0	0	0	1174	0	5240	330	1704	0	1712	0	0	0	0	10574	14748	8208	16196	5862	14376	5244	24380	1464	5418	92	3230	268	942	0	2072	0	438	0	106	0	2906	0	23214	1148	3530	0	0	0	0	0	0	0	0	316	136	0	438	0	0	0	10472	0	0	0	840	0	0	0	0	0	0	0	150	0	224	0	0	0	0	0	0	0	0	0	0	0	664	0	0	0	0	0	
436080	Calcarine_R	0	594	0	354	0	0	0	0	0	0	0	0	0	0	0	0	0	0	0	748	0	0	0	0	0	0	0	0	0	136	0	0	854	4484	796	2274	0	1350	0	1250	0	0	10574	0	5702	33836	848	31098	794	32874	410	26012	0	9352	0	8244	0	0	216	112	0	716	0	0	0	1988	3484	28048	0	0	0	0	0	0	0	0	0	0	0	238	0	128	0	0	0	6888	0	0	0	3226	0	0	0	0	0	0	0	0	0	0	0	0	0	0	0	0	0	0	0	0	412	0	0	0	0	0	
148324	Cuneus_L	0	0	0	0	0	0	0	0	0	0	0	0	0	0	0	0	0	0	0	0	0	0	0	0	0	0	0	0	0	0	0	0	542	0	214	0	0	0	0	0	0	0	14748	5702	0	8612	1434	768	12542	3140	6964	242	222	0	212	0	238	0	2574	0	0	0	0	0	356	0	11130	1680	490	0	0	0	0	0	0	0	0	0	0	0	96	0	0	0	2256	0	0	0	0	0	0	0	0	0	0	0	0	0	0	0	0	0	0	0	0	0	0	0	0	0	0	0	0	0	0	0	
374908	Cuneus_R	0	128	0	90	0	0	0	0	0	0	0	0	0	0	0	0	0	0	0	574	0	0	0	0	0	0	0	0	0	0	0	0	358	2618	906	1640	0	0	0	102	0	0	8208	33836	8612	0	270	12470	1330	44260	490	21116	0	2384	0	1782	0	0	486	3472	0	140	0	0	0	514	9092	29544	0	0	0	0	0	0	0	0	0	0	0	0	0	0	0	0	0	2206	0	0	0	472	0	0	0	0	0	0	0	0	0	80	0	0	0	0	0	0	0	0	0	0	274	0	0	0	0	0	
391812	Lingual_L	478	0	0	154	0	0	0	152	0	0	0	0	0	0	0	0	156	0	0	0	0	0	0	0	0	0	0	0	282	0	0	0	88	0	4246	248	4104	0	5584	0	0	0	16196	848	1434	270	0	2968	5486	234	11922	100	9652	0	29340	958	106	0	200	0	0	0	0	0	560	0	10778	100	1038	0	0	0	150	0	0	0	616	290	100	0	0	0	0	0	3190	0	0	0	800	0	16258	1072	3100	1310	542	322	12410	3214	25766	3806	312	100	1032	442	604	412	202	0	146	416	6292	2852	2220	128	120	0	
402536	Lingual_R	0	466	0	626	0	0	0	820	0	0	0	0	0	0	0	0	0	0	0	318	0	0	0	0	0	0	0	0	0	0	0	0	158	698	130	4202	0	4702	0	7770	0	0	5862	31098	768	12470	2968	0	138	15204	138	10242	268	4986	1092	19996	0	0	0	80	0	0	0	0	0	238	890	11814	0	0	0	0	0	202	0	0	0	714	0	0	0	0	0	0	0	712	0	0	0	608	500	4548	0	660	318	596	6380	10310	5942	10208	0	0	0	158	1128	630	0	0	452	988	10948	5000	638	174	468	844	
207536	Occipital_Sup_L	0	0	0	0	0	0	0	0	0	0	0	0	0	0	0	0	0	0	0	0	0	0	0	0	0	0	0	0	0	0	0	0	0	0	0	0	0	0	0	0	0	0	14376	794	12542	1330	5486	138	0	364	26980	0	1644	0	1718	0	1478	0	12464	0	2194	0	0	0	450	0	18918	742	234	0	0	0	0	0	0	0	0	0	0	0	0	0	0	0	1916	0	0	0	0	0	0	0	0	0	0	0	0	0	0	0	0	0	0	0	0	0	0	0	0	0	0	0	0	0	0	0	
381284	Occipital_Sup_R	0	0	0	0	0	0	0	0	0	0	0	0	0	0	0	0	0	0	0	348	0	0	0	0	0	0	0	0	0	0	0	0	0	756	194	530	0	108	0	122	0	0	5244	32874	3140	44260	234	15204	364	0	150	32966	0	4462	0	2982	0	0	190	6692	0	582	0	0	0	3640	7222	25340	0	208	0	0	0	0	0	0	0	0	0	0	0	74	0	0	0	1812	0	0	0	856	0	0	0	0	0	0	0	0	0	88	0	0	0	0	0	0	0	0	0	0	0	0	0	0	0	0	
394336	Occipital_Mid_L	674	0	0	0	0	0	0	0	0	0	0	0	0	0	0	0	146	0	96	0	0	0	0	0	0	0	0	0	430	0	0	0	1108	0	198	0	96	0	104	0	0	0	24380	410	6964	490	11922	138	26980	150	0	0	21840	0	9328	0	6450	0	12638	0	10614	0	182	0	12294	0	17250	298	2174	0	0	0	0	0	0	0	0	0	280	0	558	0	0	0	23900	0	0	0	4012	0	106	0	0	0	0	0	90	0	650	88	0	0	0	0	0	0	0	0	0	0	0	130	0	0	0	0	
381196	Occipital_Mid_R	0	288	0	118	0	0	0	0	0	0	0	0	0	0	0	0	0	0	90	922	0	0	0	0	0	0	0	0	0	78	0	0	228	2034	336	1222	0	118	0	366	0	0	1464	26012	242	21116	100	10242	0	32966	0	0	0	12196	0	5048	0	84	0	3440	0	8550	0	272	0	20320	2980	18776	0	376	0	0	0	0	0	0	0	0	0	248	0	790	0	0	0	15102	0	0	0	4360	0	0	0	0	0	0	0	0	0	114	0	0	0	0	0	0	0	0	0	0	0	0	0	0	0	0	
178900	Occipital_Inf_L	230	0	0	0	0	0	0	0	0	0	0	0	0	0	0	0	132	0	0	0	0	0	0	0	0	0	0	0	396	0	0	0	92	0	82	0	334	0	1290	0	0	0	5418	0	222	0	9652	268	1644	0	21840	0	0	0	16124	0	938	0	92	0	798	0	0	0	2428	0	1250	0	526	0	0	0	0	0	0	0	0	0	316	0	0	0	0	0	8042	0	0	0	6580	0	1850	114	104	100	0	0	1362	150	5572	318	0	0	0	0	0	0	0	0	0	0	480	464	242	0	0	0	
116588	Occipital_Inf_R	0	186	0	0	0	0	0	0	0	0	0	0	0	0	0	0	0	90	0	0	0	0	0	0	0	0	0	0	0	158	0	0	0	126	0	246	0	1224	0	916	0	0	92	9352	0	2384	0	4986	0	4462	0	12196	0	0	0	10044	0	0	0	0	0	0	0	0	0	86	534	1824	0	0	0	0	0	0	0	0	0	0	0	88	0	114	0	0	0	1698	0	0	0	6212	0	354	0	0	0	0	0	96	82	448	0	0	0	0	0	0	0	0	0	0	120	176	0	0	0	0	
409144	Fusiform_L	250	0	314	0	0	0	252	0	0	0	0	0	0	0	0	0	544	0	138	0	0	0	0	0	0	0	0	0	3666	0	0	0	80	0	248	0	6824	0	8194	0	2708	0	3230	0	212	0	29340	1092	1718	0	9328	0	16124	0	0	124	150	0	0	0	196	0	0	0	606	0	2176	0	356	0	0	0	292	0	0	0	0	0	646	0	488	0	2360	0	4368	0	2342	0	17756	0	28182	238	1870	380	298	0	11566	634	36272	924	1138	0	1510	178	332	126	154	0	0	96	2140	1498	724	102	88	0	
351960	Fusiform_R	0	250	0	94	0	0	0	0	0	0	0	0	0	0	0	0	0	270	0	0	0	0	0	0	0	0	0	0	0	476	0	0	0	150	0	412	0	16824	0	14808	0	5122	268	8244	0	1782	958	19996	0	2982	0	5048	0	10044	124	0	0	0	0	0	0	0	0	0	0	0	136	2612	0	0	0	0	0	2006	0	0	0	0	0	130	0	248	0	5350	0	1662	0	3482	0	12996	230	11110	90	406	84	710	3314	10586	2914	17602	0	214	0	590	564	448	106	0	382	800	6886	1872	162	214	222	0	
236124	Postcentral_L	22494	82	1452	0	0	0	318	0	0	0	976	0	0	0	0	0	6630	0	220	0	0	0	0	0	0	0	0	0	2290	0	0	0	0	0	106	0	596	0	0	0	0	0	942	0	238	0	106	0	1478	0	6450	0	938	0	150	0	0	0	4882	0	30010	0	9618	0	6340	0	1820	0	9986	0	128	0	0	0	0	0	248	104	828	0	3246	0	0	0	3200	0	0	0	2186	0	0	0	0	0	0	0	0	0	0	0	0	0	0	0	0	0	0	0	0	0	0	0	0	0	0	0	
153324	Postcentral_R	580	24870	376	2966	0	0	140	2978	0	0	0	1660	0	0	0	0	0	5566	78	550	0	0	0	0	0	0	0	0	532	2736	0	0	0	984	0	0	0	670	0	0	0	0	0	0	0	0	0	0	0	0	0	84	0	0	0	0	0	0	0	1420	0	3976	0	15668	0	626	120	2622	0	3656	96	302	0	534	0	150	468	338	0	352	0	1402	0	0	0	84	0	0	0	78	0	0	0	0	0	0	0	0	0	0	0	0	0	0	0	0	0	0	0	0	0	0	0	0	0	0	
124512	Parietal_Sup_L	242	0	0	0	0	0	0	0	0	0	0	0	0	0	0	0	0	0	0	0	0	0	0	0	0	0	0	0	0	0	0	0	0	0	0	0	0	0	0	0	0	0	2072	216	2574	486	200	0	12464	190	12638	0	92	0	0	0	4882	0	0	0	9252	0	0	0	3442	0	11406	490	1170	0	0	0	0	0	0	0	0	0	0	0	0	0	0	0	440	0	0	0	0	0	0	0	0	0	0	0	0	0	0	0	0	0	0	0	0	0	0	0	0	0	0	0	0	0	0	0	
79524	Parietal_Sup_R	0	196	0	0	0	0	0	0	0	0	0	0	0	0	0	0	0	0	0	454	0	0	0	0	0	0	0	0	0	0	0	0	0	538	0	0	0	0	0	0	0	0	0	112	0	3472	0	80	0	6692	0	3440	0	0	0	0	0	1420	0	0	0	4298	0	126	0	5808	602	11112	0	1412	0	0	0	0	0	0	0	0	0	0	0	0	0	0	0	0	0	0	0	0	0	0	0	0	0	0	0	0	0	0	0	0	0	0	0	0	0	0	0	0	0	0	0	0	0	0	
272676	Parietal_Inf_L	13862	0	478	0	0	0	0	0	0	0	352	0	0	0	0	0	4172	0	98	0	0	0	0	0	0	0	0	0	274	0	0	0	0	0	0	0	286	0	0	0	0	0	438	0	0	0	0	0	2194	0	10614	0	798	0	196	0	30010	0	9252	0	0	0	18626	0	24252	0	786	0	6006	0	0	0	0	0	0	0	190	90	326	0	6046	0	0	0	5078	0	0	0	1914	0	0	0	0	0	0	0	0	0	0	0	0	0	0	0	0	0	0	0	0	0	0	0	0	0	0	0	
99272	Parietal_Inf_R	0	1542	0	0	0	0	0	0	0	0	0	0	0	0	0	0	0	0	0	532	0	0	0	0	0	0	0	0	0	0	0	0	0	776	0	112	0	0	0	0	0	0	0	716	0	140	0	0	0	582	0	8550	0	0	0	0	0	3976	0	4298	0	0	0	7226	0	16710	0	2040	0	1072	0	0	0	0	0	0	0	0	0	112	0	422	0	0	0	688	0	0	0	142	0	0	0	0	0	0	0	0	0	0	0	0	0	0	0	0	0	0	0	0	0	0	0	0	0	0	
137712	SupraMarginal_L	4058	0	0	0	0	0	0	0	0	0	0	0	0	0	0	0	4670	0	0	0	0	0	0	0	0	0	0	0	528	0	0	0	0	0	0	0	568	0	0	0	0	0	106	0	0	0	0	0	0	0	182	0	0	0	0	0	9618	0	0	0	18626	0	0	0	4256	0	0	0	3406	0	0	0	0	0	0	0	118	98	1668	0	11900	0	0	0	7032	0	0	0	2022	0	0	0	0	0	0	0	0	0	0	0	0	0	0	0	0	0	0	0	0	0	0	0	0	0	0	0	
127808	SupraMarginal_R	116	4226	0	228	0	0	0	146	0	0	0	0	0	0	0	0	0	2914	0	0	0	0	0	0	0	0	0	0	416	424	0	0	0	124	0	0	0	0	0	0	0	0	0	0	0	0	0	0	0	0	0	272	0	0	0	0	0	15668	0	126	0	7226	0	0	0	12478	0	316	0	0	0	0	0	0	0	0	400	212	0	572	0	11224	0	0	0	5086	0	0	0	1730	0	0	0	0	0	0	0	0	0	0	0	0	0	0	0	0	0	0	0	0	0	0	0	0	0	0	
158664	Angular_L	850	0	0	0	0	0	0	0	0	0	0	0	0	0	0	0	658	0	0	0	0	0	0	0	0	0	0	0	130	0	0	0	0	0	144	0	124	0	0	0	0	0	2906	0	356	0	560	0	450	0	12294	0	2428	0	606	0	6340	0	3442	0	24252	0	4256	0	0	0	1118	0	1492	0	0	0	0	0	0	0	0	0	254	0	4196	0	0	0	10940	0	0	0	1536	0	0	0	0	0	0	0	0	0	0	0	0	0	0	0	0	0	0	0	0	0	0	0	0	0	0	0	
188548	Angular_R	0	530	0	196	0	0	0	0	0	0	0	0	0	0	0	0	0	162	0	738	0	0	0	0	0	0	0	0	0	250	0	0	0	1220	0	608	0	0	0	0	0	0	0	1988	0	514	0	238	0	3640	0	20320	0	86	0	0	0	626	0	5808	0	16710	0	12478	0	0	134	3900	0	564	0	0	0	0	0	0	0	0	0	872	0	7998	0	0	0	10388	0	0	0	4306	0	0	0	0	0	0	0	0	0	0	0	0	0	0	0	0	0	0	0	0	0	0	0	0	0	0	
371788	Precuneus_L	250	102	0	782	0	0	0	760	0	0	0	0	0	0	0	0	158	0	404	398	0	0	0	0	0	0	0	0	138	0	0	0	5172	1950	11470	1434	3990	356	3166	0	0	0	23214	3484	11130	9092	10778	890	18918	7222	17250	2980	1250	534	2176	136	1820	120	11406	602	786	0	0	0	1118	134	0	13938	6234	408	0	0	0	0	0	0	232	1200	152	0	0	78	0	0	5494	606	0	0	840	0	0	0	0	0	0	0	0	0	0	0	0	0	0	0	0	0	0	0	0	0	1142	0	0	0	0	0	
484712	Precuneus_R	0	4324	0	2866	0	0	0	1536	0	0	0	0	0	0	0	0	0	0	336	7922	0	0	0	0	0	0	0	0	0	260	0	0	2862	18932	2608	14646	0	5554	0	2492	0	0	1148	28048	1680	29544	100	11814	742	25340	298	18776	0	1824	0	2612	0	2622	490	11112	0	2040	0	316	0	3900	13938	0	0	6570	0	0	0	118	0	0	0	934	0	136	0	636	0	0	0	9654	0	0	0	972	0	0	0	0	0	0	0	494	0	0	0	0	0	0	0	0	0	0	0	0	2160	0	0	0	0	0	
177584	Paracentral_Lobule_L	11266	0	522	908	0	0	0	116	0	0	462	0	0	0	0	0	2742	0	10364	1070	0	0	0	0	0	0	0	0	2804	0	0	0	3246	214	4552	124	1584	0	536	0	0	0	3530	0	490	0	1038	0	234	0	2174	0	526	0	356	0	9986	0	1170	0	6006	0	3406	0	1492	0	6234	0	0	110	0	0	0	0	0	0	0	130	1428	0	622	0	0	0	6108	0	0	0	3148	0	0	0	0	0	0	0	0	0	0	0	0	0	0	0	0	0	0	0	0	0	94	0	0	0	0	0	
65312	Paracentral_Lobule_R	0	3704	0	396	0	0	0	0	0	0	0	0	0	0	0	0	0	94	0	6154	0	0	0	0	0	0	0	0	0	166	0	0	116	6152	0	690	0	0	0	0	0	0	0	0	0	0	0	0	0	208	0	376	0	0	0	0	0	3656	0	1412	0	1072	0	0	0	564	408	6570	110	0	0	0	0	0	0	0	0	0	0	136	0	400	0	0	0	166	0	0	0	106	0	0	0	0	0	0	0	0	0	0	0	0	0	0	0	0	0	0	0	0	0	0	0	0	0	0	
253012	Caudate_L	1366	338	9396	5288	3424	106	2298	2372	754	0	4574	802	1466	778	924	224	5354	1062	1170	3310	4952	3516	74	224	602	0	912	0	14616	1288	6502	6396	0	76	0	298	526	0	0	0	0	0	0	0	0	0	0	0	0	0	0	0	0	0	0	0	128	96	0	0	0	0	0	0	0	0	0	0	0	0	0	10300	13972	1420	1668	140	7470	3236	0	0	2062	82	740	0	108	0	0	0	96	0	0	0	0	0	0	0	0	0	0	0	0	0	0	0	0	0	0	0	0	0	0	0	0	0	0	0	
383700	Caudate_R	1374	2698	2920	29310	1048	3780	530	15630	182	832	1298	8544	152	3712	198	978	1808	2478	1264	12740	2502	3854	0	3004	0	4930	0	1516	3910	6866	1830	20374	0	0	1422	1928	924	0	402	0	0	0	0	0	0	0	0	0	0	0	0	0	0	0	0	0	0	302	0	0	0	0	0	0	0	0	0	0	0	0	10300	0	1936	15488	216	2162	532	14704	96	0	514	310	202	150	0	0	0	0	0	0	0	0	0	0	0	0	0	0	0	0	0	0	0	0	0	0	0	0	0	0	0	0	0	0	0	0	
259092	Putamen_L	3986	186	17998	1188	7788	0	6834	954	6294	0	2342	0	850	0	8908	0	962	0	4036	540	2658	1338	308	0	736	0	1784	0	16358	0	6522	1170	0	122	0	150	4696	0	188	0	392	0	0	0	0	0	150	0	0	0	0	0	0	0	292	0	0	0	0	0	0	0	0	0	0	0	0	0	0	0	13972	1936	0	428	6668	0	2136	732	0	0	1448	0	980	0	442	0	0	0	1074	0	0	0	0	0	0	0	0	0	0	0	0	0	0	0	0	0	0	0	0	0	0	0	0	0	0	0	
237996	Putamen_R	0	2174	324	8212	0	4826	0	3756	0	1538	84	8038	0	1438	0	2706	142	6858	112	3984	272	596	0	2612	0	2104	0	1234	270	20524	470	5118	0	100	0	144	0	8972	0	1470	0	144	0	0	0	0	0	202	0	0	0	0	0	0	0	2006	0	534	0	0	0	0	0	0	0	0	0	118	0	0	1420	15488	428	0	88	3306	0	724	0	208	0	3138	0	1014	0	196	0	0	0	1906	0	0	0	0	0	0	0	0	0	0	0	0	0	0	0	0	0	0	0	0	0	0	0	0	0	0	
49084	Pallidum_L	284	0	7038	560	0	0	3160	616	0	0	516	0	0	0	0	0	408	0	0	286	0	128	0	0	0	0	0	0	456	0	0	0	0	96	0	0	482	0	0	0	0	0	0	0	0	0	0	0	0	0	0	0	0	0	0	0	0	0	0	0	0	0	0	0	0	0	0	0	0	0	1668	216	6668	88	0	0	1486	0	0	0	386	0	0	0	0	0	0	0	0	0	0	0	0	0	0	0	0	0	0	0	0	0	0	0	0	0	0	0	0	0	0	0	0	0	0	0	
20408	Pallidum_R	0	694	124	796	0	0	0	736	0	0	0	810	0	122	0	0	0	656	0	172	0	86	0	0	0	0	0	0	0	162	0	0	0	0	0	0	0	88	0	0	0	0	0	0	0	0	0	0	0	0	0	0	0	0	0	0	0	150	0	0	0	0	0	0	0	0	0	0	0	0	140	2162	0	3306	0	0	0	0	0	0	0	0	0	0	0	0	0	0	0	0	0	0	0	0	0	0	0	0	0	0	0	0	0	0	0	0	0	0	0	0	0	0	0	0	0	0	
161512	Thalamus_L	11950	868	7838	526	0	0	2598	888	0	0	618	0	0	0	0	0	468	0	430	0	0	0	0	0	0	0	0	0	4302	0	0	0	0	0	338	564	9388	0	938	0	208	0	0	0	0	0	616	0	0	0	0	0	0	0	0	0	248	468	0	0	190	0	118	400	0	0	232	0	0	0	7470	532	2136	0	1486	0	0	17618	388	0	406	0	0	0	3482	0	0	0	3044	0	0	0	0	0	0	0	0	0	0	0	0	0	0	0	0	0	0	0	0	0	0	0	0	0	0	0	
334772	Thalamus_R	2934	6706	938	27092	0	0	698	27440	0	0	1864	392	0	0	0	0	1270	100	566	430	0	76	0	0	0	0	0	0	5838	264	0	0	118	0	9330	12512	12852	3308	2302	608	0	0	316	0	0	0	290	714	0	0	0	0	0	0	0	0	104	338	0	0	90	0	98	212	0	0	1200	934	130	0	3236	14704	732	724	0	0	17618	0	1796	0	294	0	0	0	3100	0	0	0	2648	0	0	0	0	0	0	0	0	80	0	0	0	0	0	0	0	0	0	0	0	0	390	0	0	0	0	0	
106080	Heschl_L	1956	0	598	158	0	0	142	160	0	0	214	0	0	0	0	0	6116	0	538	0	0	0	0	0	0	0	0	0	9286	0	0	0	0	0	1244	1192	3872	0	150	0	0	0	136	0	0	0	100	0	0	0	280	0	316	0	646	0	828	0	0	0	326	0	1668	0	254	0	152	0	1428	0	0	96	0	0	0	0	388	1796	0	0	7128	0	0	0	6220	0	0	0	5652	0	0	0	0	0	0	0	0	0	0	0	0	0	0	0	0	0	0	0	0	0	0	0	0	0	0	0	
33008	Heschl_R	0	722	0	614	0	0	0	140	0	0	0	0	0	0	0	0	0	1960	0	364	0	0	0	0	0	0	0	0	0	1752	0	0	0	418	0	0	0	1166	0	194	0	0	0	238	0	0	0	0	0	0	0	248	0	88	0	130	0	352	0	0	0	112	0	572	0	872	0	136	0	136	0	0	0	208	0	0	0	0	0	0	0	3794	0	0	0	808	0	0	0	1480	0	0	0	0	0	0	0	0	0	0	0	0	0	0	0	0	0	0	0	0	0	0	0	0	0	0	
338852	Temporal_Sup_L	3956	0	5524	946	90	0	9170	434	0	0	13844	0	594	0	384	0	22546	384	2482	606	0	0	92	0	0	0	0	0	26834	0	112	230	0	0	76	0	3180	0	0	0	0	0	438	0	96	0	0	0	0	0	558	0	0	0	488	0	3246	0	0	0	6046	0	11900	0	4196	0	0	0	622	0	2062	514	1448	0	386	0	406	294	7128	0	0	0	5580	0	24368	0	114	0	8052	0	0	0	0	0	0	0	0	0	0	0	0	0	0	0	0	0	0	0	0	0	0	0	0	0	0	0	
147592	Temporal_Sup_R	0	1728	0	1366	0	0	0	382	0	0	76	1534	0	138	0	0	76	5946	0	1006	0	0	0	0	0	0	0	0	110	6680	0	0	0	840	0	0	0	2316	0	706	0	0	0	128	0	0	0	0	0	74	0	790	0	114	0	248	0	1402	0	0	0	422	0	11224	0	7998	78	636	0	400	82	310	0	3138	0	0	0	0	0	3794	0	0	0	4964	0	12578	0	534	0	1978	0	0	0	0	0	0	0	0	0	0	0	0	0	0	0	0	0	0	0	0	0	0	0	0	0	0	
106936	Temporal_Pole_Sup_L	132	0	916	266	400	0	314	158	272	0	3704	0	1364	0	534	0	1624	0	408	96	492	0	0	0	0	0	0	0	6734	0	0	124	0	0	0	0	2862	0	228	0	1488	0	0	0	0	0	0	0	0	0	0	0	0	0	2360	0	0	0	0	0	0	0	0	0	0	0	0	0	0	0	740	202	980	0	0	0	0	0	0	0	5580	0	0	0	9752	0	5030	0	6708	0	0	0	0	0	0	0	0	0	0	0	0	0	0	0	0	0	0	0	0	0	0	0	0	0	0	0	
76232	Temporal_Pole_Sup_R	0	0	0	312	0	0	0	0	0	0	0	870	0	0	0	158	0	1332	0	306	0	108	0	0	0	0	0	0	0	2520	0	0	0	0	0	0	0	1654	0	2252	0	2184	0	0	0	0	0	0	0	0	0	0	0	0	0	5350	0	0	0	0	0	0	0	0	0	0	0	0	0	0	0	150	0	1014	0	0	0	0	0	0	0	4964	0	0	0	5886	0	6152	0	2904	0	0	0	0	0	0	0	0	0	0	0	0	0	0	0	0	0	0	0	0	0	0	0	0	0	0	
427040	Temporal_Mid_L	3862	0	402	78	0	0	392	0	0	0	0	0	0	0	0	0	4140	0	622	0	0	0	0	0	0	0	0	0	7960	0	0	0	396	0	1444	0	9792	0	176	0	1366	0	10472	0	2256	0	3190	0	1916	0	23900	0	8042	0	4368	0	3200	0	440	0	5078	0	7032	0	10940	0	5494	0	6108	0	108	0	442	0	0	0	3482	3100	6220	0	24368	0	9752	0	0	0	5094	0	37798	0	0	0	0	0	0	0	0	0	90	0	0	0	0	0	0	0	0	0	0	0	0	0	0	0	0	0	
222764	Temporal_Mid_R	0	1644	0	590	0	0	0	0	0	0	0	0	0	0	0	0	0	108	0	446	0	0	0	0	0	0	0	0	0	1010	0	0	144	2226	300	1088	0	2822	0	1416	0	0	0	6888	0	2206	0	712	0	1812	0	15102	0	1698	0	1662	0	84	0	0	0	688	0	5086	0	10388	606	9654	0	166	0	0	0	196	0	0	0	0	0	808	0	12578	0	5886	0	0	0	2372	0	20996	0	0	0	0	0	0	0	0	0	0	0	0	0	0	0	0	0	0	0	0	0	0	0	0	0	0	
41668	Temporal_Pole_Mid_L	0	0	0	0	0	0	0	0	0	0	0	0	0	0	0	0	0	0	0	0	0	0	0	0	0	0	0	0	172	0	0	0	0	0	0	0	1184	0	358	0	1114	0	0	0	0	0	0	0	0	0	0	0	0	0	2342	0	0	0	0	0	0	0	0	0	0	0	0	0	0	0	0	0	0	0	0	0	0	0	0	0	114	0	5030	0	5094	0	0	0	5426	0	0	0	0	0	0	0	0	0	0	0	0	0	0	0	0	0	0	0	0	0	0	0	0	0	0	0	
33388	Temporal_Pole_Mid_R	0	0	0	0	0	0	0	0	0	0	0	0	0	0	0	0	0	0	0	0	0	0	0	0	0	0	0	0	0	0	0	0	0	0	0	0	0	266	0	1168	0	394	0	0	0	0	0	0	0	0	0	0	0	0	0	3482	0	0	0	0	0	0	0	0	0	0	0	0	0	0	0	0	0	0	0	0	0	0	0	0	0	534	0	6152	0	2372	0	0	0	2326	0	0	0	0	0	0	0	0	0	0	0	0	0	0	0	0	0	0	0	0	0	0	0	0	0	0	
337368	Temporal_Inf_L	3278	0	982	0	0	0	756	0	0	0	0	0	0	0	0	0	5900	0	756	0	0	0	0	0	0	0	0	0	12038	0	0	0	0	0	722	0	18168	0	2940	0	3332	0	840	0	0	0	800	0	0	0	4012	0	6580	0	17756	0	2186	0	0	0	1914	0	2022	0	1536	0	840	0	3148	0	96	0	1074	0	0	0	3044	2648	5652	0	8052	0	6708	0	37798	0	5426	0	0	0	4268	0	580	0	0	0	840	0	1678	0	240	0	74	0	0	0	0	0	0	0	0	0	0	0	0	0	
178456	Temporal_Inf_R	0	936	0	266	0	0	0	0	0	0	0	0	0	0	0	0	0	294	0	172	0	0	0	0	0	0	0	0	0	1444	0	0	0	366	0	268	0	11818	0	3824	0	90	0	3226	0	472	0	608	0	856	0	4360	0	6212	0	12996	0	78	0	0	0	142	0	1730	0	4306	0	972	0	106	0	0	0	1906	0	0	0	0	0	1480	0	1978	0	2904	0	20996	0	2326	0	0	0	1978	0	118	0	0	0	0	0	0	0	0	0	0	0	0	0	0	0	0	0	0	0	0	0	0	
517108	Cerebelum_Crus1_L	0	0	0	0	0	0	0	0	0	0	0	0	0	0	0	0	0	0	0	0	0	0	0	0	0	0	0	0	0	0	0	0	0	0	0	0	0	0	360	0	0	0	0	0	0	0	16258	500	0	0	106	0	1850	0	28182	230	0	0	0	0	0	0	0	0	0	0	0	0	0	0	0	0	0	0	0	0	0	0	0	0	0	0	0	0	0	0	0	0	4268	0	0	1594	50704	6132	996	94	16406	404	50590	1490	23096	2018	28718	3026	5798	1460	1510	0	76	144	1338	2282	6844	1288	792	0	
527120	Cerebelum_Crus1_R	0	0	0	0	0	0	0	0	0	0	0	0	0	0	0	0	0	0	0	0	0	0	0	0	0	0	0	0	0	0	0	0	0	0	0	0	0	0	0	0	0	0	0	0	0	0	1072	4548	0	0	0	0	114	354	238	11110	0	0	0	0	0	0	0	0	0	0	0	0	0	0	0	0	0	0	0	0	0	0	0	0	0	0	0	0	0	0	0	0	0	1978	1594	0	2156	51704	104	3002	2368	21708	4360	55918	188	23250	500	42968	2582	10216	520	240	190	1902	6510	5130	4004	1404	1628	0	
410316	Cerebelum_Crus2_L	0	0	0	0	0	0	0	0	0	0	0	0	0	0	0	0	0	0	0	0	0	0	0	0	0	0	0	0	0	0	0	0	0	0	0	0	0	0	0	0	0	0	0	0	0	0	3100	0	0	0	0	0	104	0	1870	90	0	0	0	0	0	0	0	0	0	0	0	0	0	0	0	0	0	0	0	0	0	0	0	0	0	0	0	0	0	0	0	0	580	0	50704	2156	0	16888	0	0	746	0	4044	972	40636	7618	38844	7862	10682	2178	1122	0	0	0	0	752	10384	3498	328	0	
468988	Cerebelum_Crus2_R	0	0	0	0	0	0	0	0	0	0	0	0	0	0	0	0	0	0	0	0	0	0	0	0	0	0	0	0	0	0	0	0	0	0	0	0	0	0	0	0	0	0	0	0	0	0	1310	660	0	0	0	0	100	0	380	406	0	0	0	0	0	0	0	0	0	0	0	0	0	0	0	0	0	0	0	0	0	0	0	0	0	0	0	0	0	0	0	0	0	118	6132	51704	16888	0	0	584	254	2214	1764	8564	4660	44058	3442	55114	742	17016	0	98	100	432	872	984	11538	3244	1116	0	
47164	Cerebelum_3_L	0	0	0	0	0	0	0	0	0	0	0	0	0	0	0	0	0	0	0	0	0	0	0	0	0	0	0	0	0	0	0	0	0	0	0	0	0	0	0	0	0	0	0	0	0	0	542	318	0	0	0	0	0	0	298	84	0	0	0	0	0	0	0	0	0	0	0	0	0	0	0	0	0	0	0	0	0	0	0	0	0	0	0	0	0	0	0	0	0	0	996	104	0	0	0	660	10514	276	2924	448	0	0	116	0	466	90	0	0	1438	2906	1034	368	0	0	0	0	
77636	Cerebelum_3_R	0	0	0	0	0	0	0	0	0	0	0	0	0	0	0	0	0	0	0	0	0	0	0	0	0	0	0	0	0	0	0	0	0	0	0	0	0	0	0	0	0	0	0	0	0	0	322	596	0	0	0	0	0	0	0	710	0	0	0	0	0	0	0	0	0	0	0	0	0	0	0	0	0	0	0	0	0	0	0	0	0	0	0	0	0	0	0	0	0	0	94	3002	0	584	660	0	1768	9338	910	7568	0	116	0	754	132	860	0	0	880	6464	3742	218	0	0	100	0	
362460	Cerebelum_4_5_L	0	0	0	0	0	0	0	0	0	0	0	0	0	0	0	0	0	0	0	0	0	0	0	0	0	0	0	0	0	0	0	0	0	0	0	0	0	0	882	0	0	0	150	0	0	0	12410	6380	0	0	90	0	1362	0	11566	3314	0	0	0	0	0	0	0	0	0	0	0	0	0	0	0	0	0	0	0	0	0	0	0	0	0	0	0	0	0	0	0	0	840	0	16406	2368	746	254	10514	1768	0	12954	40176	10890	1938	0	2918	232	5342	1042	466	0	3008	5104	21350	4986	120	222	600	832	
341472	Cerebelum_4_5_R	0	0	0	0	0	0	0	98	0	0	0	0	0	0	0	0	0	0	0	0	0	0	0	0	0	0	0	0	0	0	0	0	0	0	0	328	0	540	0	2420	0	0	0	0	0	0	3214	10310	0	0	0	0	150	96	634	10586	0	0	0	0	0	0	0	0	0	0	0	494	0	0	0	0	0	0	0	0	0	80	0	0	0	0	0	0	0	0	0	0	0	0	404	21708	0	2214	276	9338	12954	0	7374	40348	0	1038	98	3348	1320	3196	0	120	920	5860	26336	2318	202	458	828	1128	
514676	Cerebelum_6_L	0	0	0	0	0	0	0	0	0	0	0	0	0	0	0	0	0	0	0	0	0	0	0	0	0	0	0	0	0	0	0	0	0	0	0	0	0	0	422	0	0	0	224	0	0	0	25766	5942	0	0	650	0	5572	82	36272	2914	0	0	0	0	0	0	0	0	0	0	0	0	0	0	0	0	0	0	0	0	0	0	0	0	0	0	0	0	90	0	0	0	1678	0	50590	4360	4044	1764	2924	910	40176	7374	0	12370	2974	134	5618	678	6362	1514	970	0	1540	2416	15142	11282	3062	472	812	238	
488928	Cerebelum_6_R	0	0	0	0	0	0	0	0	0	0	0	0	0	0	0	0	0	0	0	0	0	0	0	0	0	0	0	0	0	0	0	0	0	0	0	0	0	80	0	444	0	0	0	0	0	80	3806	10208	0	88	88	114	318	448	924	17602	0	0	0	0	0	0	0	0	0	0	0	0	0	0	0	0	0	0	0	0	0	0	0	0	0	0	0	0	0	0	0	0	0	0	1490	55918	972	8564	448	7568	10890	40348	12370	0	140	2888	430	11056	3818	6024	640	730	1428	4956	21970	11074	2676	1832	1860	174	
267508	Cerebelum_7b_L	0	0	0	0	0	0	0	0	0	0	0	0	0	0	0	0	0	0	0	0	0	0	0	0	0	0	0	0	0	0	0	0	0	0	0	0	0	0	0	0	0	0	0	0	0	0	312	0	0	0	0	0	0	0	1138	0	0	0	0	0	0	0	0	0	0	0	0	0	0	0	0	0	0	0	0	0	0	0	0	0	0	0	0	0	0	0	0	0	240	0	23096	188	40636	4660	0	0	1938	0	2974	140	0	2950	35836	2168	10918	378	766	0	0	0	94	136	3002	2184	0	0	
297748	Cerebelum_7b_R	0	0	0	0	0	0	0	0	0	0	0	0	0	0	0	0	0	0	0	0	0	0	0	0	0	0	0	0	0	0	0	0	0	0	0	0	0	0	0	0	0	0	0	0	0	0	100	0	0	0	0	0	0	0	0	214	0	0	0	0	0	0	0	0	0	0	0	0	0	0	0	0	0	0	0	0	0	0	0	0	0	0	0	0	0	0	0	0	0	0	2018	23250	7618	44058	0	116	0	1038	134	2888	2950	0	1860	46420	0	9500	0	0	0	0	98	0	4524	2088	0	0	
329920	Cerebelum_8_L	0	0	0	0	0	0	0	0	0	0	0	0	0	0	0	0	0	0	0	0	0	0	0	0	0	0	0	0	0	0	0	0	0	0	0	0	0	0	0	0	0	0	0	0	0	0	1032	0	0	0	0	0	0	0	1510	0	0	0	0	0	0	0	0	0	0	0	0	0	0	0	0	0	0	0	0	0	0	0	0	0	0	0	0	0	0	0	0	0	74	0	28718	500	38844	3442	116	0	2918	98	5618	430	35836	1860	0	3508	25326	1608	2986	0	0	0	174	378	4712	4250	1022	0	
444888	Cerebelum_8_R	0	0	0	0	0	0	0	0	0	0	0	0	0	0	0	0	0	0	0	0	0	0	0	0	0	0	0	0	0	0	0	0	0	0	0	0	0	0	0	0	0	0	0	0	0	0	442	158	0	0	0	0	0	0	178	590	0	0	0	0	0	0	0	0	0	0	0	0	0	0	0	0	0	0	0	0	0	0	0	0	0	0	0	0	0	0	0	0	0	0	3026	42968	7862	55114	0	754	232	3348	678	11056	2168	46420	3508	0	956	27766	0	350	96	500	1032	328	7848	3626	1440	0	
198276	Cerebelum_9_L	0	0	0	0	0	0	0	0	0	0	0	0	0	0	0	0	0	0	0	0	0	0	0	0	0	0	0	0	0	0	0	0	0	0	0	0	0	0	0	0	0	0	0	0	0	0	604	1128	0	0	0	0	0	0	332	564	0	0	0	0	0	0	0	0	0	0	0	0	0	0	0	0	0	0	0	0	0	0	0	0	0	0	0	0	0	0	0	0	0	0	5798	2582	10682	742	466	132	5342	1320	6362	3818	10918	0	25326	956	0	2224	3784	102	356	478	1964	5676	2392	1868	2306	916	
220748	Cerebelum_9_R	0	0	0	0	0	0	0	0	0	0	0	0	0	0	0	0	0	0	0	0	0	0	0	0	0	0	0	0	0	0	0	0	0	0	0	0	0	0	0	0	0	0	0	0	0	0	412	630	0	0	0	0	0	0	126	448	0	0	0	0	0	0	0	0	0	0	0	0	0	0	0	0	0	0	0	0	0	0	0	0	0	0	0	0	0	0	0	0	0	0	1460	10216	2178	17016	90	860	1042	3196	1514	6024	378	9500	1608	27766	2224	0	0	1182	574	916	2860	3568	4302	3738	4802	1744	
28304	Cerebelum_10_L	0	0	0	0	0	0	0	0	0	0	0	0	0	0	0	0	0	0	0	0	0	0	0	0	0	0	0	0	0	0	0	0	0	0	0	0	0	0	0	0	0	0	0	0	0	0	202	0	0	0	0	0	0	0	154	106	0	0	0	0	0	0	0	0	0	0	0	0	0	0	0	0	0	0	0	0	0	0	0	0	0	0	0	0	0	0	0	0	0	0	1510	520	1122	0	0	0	466	0	970	640	766	0	2986	0	3784	0	0	0	0	0	80	704	142	0	0	0	
8392	Cerebelum_10_R	0	0	0	0	0	0	0	0	0	0	0	0	0	0	0	0	0	0	0	0	0	0	0	0	0	0	0	0	0	0	0	0	0	0	0	0	0	0	0	0	0	0	0	0	0	0	0	0	0	0	0	0	0	0	0	0	0	0	0	0	0	0	0	0	0	0	0	0	0	0	0	0	0	0	0	0	0	0	0	0	0	0	0	0	0	0	0	0	0	0	0	240	0	98	0	0	0	120	0	730	0	0	0	350	102	1182	0	0	0	0	110	144	198	476	446	0	
45308	Vermis_1_2	0	0	0	0	0	0	0	0	0	0	0	0	0	0	0	0	0	0	0	0	0	0	0	0	0	0	0	0	0	0	0	0	0	0	0	0	0	0	0	0	0	0	0	0	0	0	146	452	0	0	0	0	0	0	0	382	0	0	0	0	0	0	0	0	0	0	0	0	0	0	0	0	0	0	0	0	0	0	0	0	0	0	0	0	0	0	0	0	0	0	76	190	0	100	1438	880	3008	920	1540	1428	0	0	0	96	356	574	0	0	0	6576	3108	1024	0	134	226	0	
98160	Vermis_3	0	0	0	0	0	0	0	0	0	0	0	0	0	0	0	0	0	0	0	0	0	0	0	0	0	0	0	0	0	0	0	0	0	0	0	0	0	0	0	0	0	0	0	0	0	0	416	988	0	0	0	0	0	0	96	800	0	0	0	0	0	0	0	0	0	0	0	0	0	0	0	0	0	0	0	0	0	0	0	0	0	0	0	0	0	0	0	0	0	0	144	1902	0	432	2906	6464	5104	5860	2416	4956	0	0	0	500	478	916	0	0	6576	0	6590	1162	0	138	236	0	
328880	Vermis_4_5	0	452	0	332	0	0	0	570	0	0	0	0	0	0	0	0	0	0	0	0	0	0	0	0	0	0	0	0	0	0	0	0	80	0	1500	1390	342	1020	400	416	0	0	664	412	0	274	6292	10948	0	0	0	0	480	120	2140	6886	0	0	0	0	0	0	0	0	0	0	1142	2160	94	0	0	0	0	0	0	0	0	390	0	0	0	0	0	0	0	0	0	0	0	0	1338	6510	0	872	1034	3742	21350	26336	15142	21970	94	98	174	1032	1964	2860	80	110	3108	6590	0	7654	84	320	1184	2290	
166472	Vermis_6	0	0	0	0	0	0	0	0	0	0	0	0	0	0	0	0	0	0	0	0	0	0	0	0	0	0	0	0	0	0	0	0	0	0	0	0	0	0	0	0	0	0	0	0	0	0	2852	5000	0	0	130	0	464	176	1498	1872	0	0	0	0	0	0	0	0	0	0	0	0	0	0	0	0	0	0	0	0	0	0	0	0	0	0	0	0	0	0	0	0	0	0	2282	5130	752	984	368	218	4986	2318	11282	11074	136	0	378	328	5676	3568	704	144	1024	1162	7654	0	3478	1274	3292	3032	
