data	data	560084	256272	1.12814e+06	909824	127276	105092	606656	409980	105488	41720	306180	272452	322140	280492	251268	172216	244016	174512	913248	947912	105648	114532	454592	436976	46012	97700	71992	93712	679052	368404	370140	392208	342532	620652	111376	151856	283872	353276	68156	188296	38916	66708	256448	326232	184192	279872	185480	199496	191616	306524	483548	236288	92232	72372	379284	420088	274596	184712	193824	75548	234460	98620	112440	100440	177400	123348	350948	373540	197036	235828	474008	500600	427420	413468	32856	40392	153324	188220	127060	48504	210320	108116	116992	34620	259896	178592	32004	16628	263884	229224	320864	351736	232800	291288	27424	52944	198228	172472	335536	338188	162660	126068	232592	286568	91116	116168	13292	12312	24152	33376	146616	142132	172300	116724	95720	27252	
data	data	Precentral_L	Precentral_R	Frontal_Sup_L	Frontal_Sup_R	Frontal_Sup_Orb_L	Frontal_Sup_Orb_R	Frontal_Mid_L	Frontal_Mid_R	Frontal_Mid_Orb_L	Frontal_Mid_Orb_R	Frontal_Inf_Oper_L	Frontal_Inf_Oper_R	Frontal_Inf_Tri_L	Frontal_Inf_Tri_R	Frontal_Inf_Orb_L	Frontal_Inf_Orb_R	Rolandic_Oper_L	Rolandic_Oper_R	Supp_Motor_Area_L	Supp_Motor_Area_R	Olfactory_L	Olfactory_R	Frontal_Sup_Medial_L	Frontal_Sup_Medial_R	Frontal_Med_Orb_L	Frontal_Med_Orb_R	Rectus_L	Rectus_R	Insula_L	Insula_R	Cingulum_Ant_L	Cingulum_Ant_R	Cingulum_Mid_L	Cingulum_Mid_R	Cingulum_Post_L	Cingulum_Post_R	Hippocampus_L	Hippocampus_R	ParaHippocampal_L	ParaHippocampal_R	Amygdala_L	Amygdala_R	Calcarine_L	Calcarine_R	Cuneus_L	Cuneus_R	Lingual_L	Lingual_R	Occipital_Sup_L	Occipital_Sup_R	Occipital_Mid_L	Occipital_Mid_R	Occipital_Inf_L	Occipital_Inf_R	Fusiform_L	Fusiform_R	Postcentral_L	Postcentral_R	Parietal_Sup_L	Parietal_Sup_R	Parietal_Inf_L	Parietal_Inf_R	SupraMarginal_L	SupraMarginal_R	Angular_L	Angular_R	Precuneus_L	Precuneus_R	Paracentral_Lobule_L	Paracentral_Lobule_R	Caudate_L	Caudate_R	Putamen_L	Putamen_R	Pallidum_L	Pallidum_R	Thalamus_L	Thalamus_R	Heschl_L	Heschl_R	Temporal_Sup_L	Temporal_Sup_R	Temporal_Pole_Sup_L	Temporal_Pole_Sup_R	Temporal_Mid_L	Temporal_Mid_R	Temporal_Pole_Mid_L	Temporal_Pole_Mid_R	Temporal_Inf_L	Temporal_Inf_R	Cerebelum_Crus1_L	Cerebelum_Crus1_R	Cerebelum_Crus2_L	Cerebelum_Crus2_R	Cerebelum_3_L	Cerebelum_3_R	Cerebelum_4_5_L	Cerebelum_4_5_R	Cerebelum_6_L	Cerebelum_6_R	Cerebelum_7b_L	Cerebelum_7b_R	Cerebelum_8_L	Cerebelum_8_R	Cerebelum_9_L	Cerebelum_9_R	Cerebelum_10_L	Cerebelum_10_R	Vermis_1_2	Vermis_3	Vermis_4_5	Vermis_6	Vermis_7	Vermis_8	Vermis_9	Vermis_10	
560084	Precentral_L	0	1930	22674	5234	0	0	21816	598	0	0	11082	140	2066	134	0	0	10504	0	18334	14132	0	0	0	0	0	0	0	0	11246	0	0	0	3242	4586	5150	2096	11748	566	760	0	0	0	1066	0	1110	0	400	0	110	0	5248	0	186	0	3012	0	32502	0	848	0	5986	0	4566	0	3026	0	2988	208	22532	4476	7172	814	4428	0	906	0	15676	2754	3508	0	3926	0	0	0	3218	0	0	0	1338	0	0	0	0	0	0	0	0	0	0	0	0	0	0	0	0	0	0	0	0	0	0	0	0	0	0	0	
256272	Precentral_R	1930	0	1212	11684	0	0	154	22518	0	0	0	11292	0	616	0	0	178	3092	802	6916	0	0	0	140	0	0	0	0	240	4018	0	0	0	1892	130	2854	302	6256	0	750	0	0	0	180	0	0	0	0	0	170	0	308	0	0	170	3156	214	15230	0	0	0	1578	0	4176	0	122	108	560	204	6144	116	2302	268	1984	0	264	126	1756	0	712	164	1602	0	0	0	3256	0	0	232	6058	0	0	0	0	0	0	0	0	0	0	0	0	0	0	0	0	0	0	0	0	0	0	0	0	0	0	
1.12814e+06	Frontal_Sup_L	22674	1212	0	15742	8364	114	75680	3316	3900	0	23402	444	12000	1898	7680	280	14726	130	101330	28338	128	180	43022	11142	982	226	1658	134	32448	286	19052	4876	9412	12384	0	0	13680	0	680	0	238	0	0	0	0	0	0	0	0	0	134	0	0	0	4216	0	4632	0	0	0	534	0	272	0	0	0	168	0	2614	0	18878	1958	37834	632	3694	0	3388	0	2842	0	4102	0	2852	0	146	0	0	0	3418	0	0	0	0	0	0	0	0	0	0	0	0	0	0	0	0	0	0	0	0	0	0	0	0	0	0	0	
909824	Frontal_Sup_R	5234	11684	15742	0	0	3124	3686	42778	0	300	320	15556	716	13610	340	4786	442	13316	17150	82784	0	138	12740	41884	252	3318	102	470	1374	12006	5538	22000	3084	20194	720	2374	340	8876	0	2222	0	0	0	270	0	0	0	450	0	0	0	0	0	0	0	2310	392	1070	0	0	0	0	0	0	0	0	0	1238	1746	382	6402	27806	946	22592	0	3128	1230	11838	212	1734	282	962	0	0	0	184	0	0	0	538	0	0	0	0	0	0	0	0	0	0	0	0	0	0	0	0	0	0	0	0	0	0	0	0	0	0	
127276	Frontal_Sup_Orb_L	0	0	8364	0	0	0	470	0	11490	0	0	0	102	0	10602	0	0	0	0	0	2934	172	2008	660	3794	814	7702	0	4244	0	1854	0	0	0	0	0	0	0	104	0	0	0	0	0	0	0	0	0	0	0	0	0	0	0	0	0	0	0	0	0	0	0	0	0	0	0	0	0	0	0	3470	0	4416	0	0	0	0	0	0	0	0	0	438	0	0	0	0	0	0	0	0	0	0	0	0	0	0	0	0	0	0	0	0	0	0	0	0	0	0	0	0	0	0	0	0	0	
105092	Frontal_Sup_Orb_R	0	0	114	3124	0	0	0	0	0	3722	0	0	0	0	0	4456	0	0	0	0	756	3318	630	2912	256	8554	276	10676	0	892	768	2872	0	0	0	0	0	0	0	0	0	168	0	0	0	0	0	0	0	0	0	0	0	0	0	0	0	0	0	0	0	0	0	0	0	0	0	0	0	0	848	4460	686	3058	0	0	0	0	0	0	0	0	0	0	0	0	0	0	0	0	0	0	0	0	0	0	0	0	0	0	0	0	0	0	0	0	0	0	0	0	0	0	0	0	0	0	
606656	Frontal_Mid_L	21816	154	75680	3686	470	0	0	2914	4154	0	19896	482	31910	2610	11626	278	5088	0	25262	6806	0	0	14600	5592	0	0	0	0	18370	188	8072	1102	8652	6312	0	0	3732	0	0	0	0	0	0	0	0	0	0	0	0	0	0	0	0	0	0	0	3770	0	0	0	696	0	988	0	290	0	0	0	0	0	6168	656	7172	268	432	0	570	0	500	0	852	0	1514	0	0	0	0	0	0	0	0	0	0	0	0	0	0	0	0	0	0	0	0	0	0	0	0	0	0	0	0	0	0	0	0	0	
409980	Frontal_Mid_R	598	22518	3316	42778	0	0	2914	0	0	1292	110	18670	964	26462	134	4042	180	5518	3618	9242	0	0	1748	6056	0	0	0	0	1706	8206	870	2932	848	5208	0	0	244	3836	0	808	0	0	0	0	0	0	0	0	0	0	0	0	0	0	170	1846	178	1526	0	0	0	238	0	502	0	0	0	0	0	0	4578	7060	418	5656	0	418	0	354	0	936	158	1406	0	0	0	1540	0	0	232	2956	0	0	0	0	0	0	0	0	0	0	0	0	0	0	0	0	0	0	0	0	0	0	0	0	0	0	
105488	Frontal_Mid_Orb_L	0	0	3900	0	11490	0	4154	0	0	0	0	0	1724	0	18592	0	0	0	0	0	1190	0	0	0	536	0	2242	0	3402	0	0	0	0	0	0	0	0	0	0	0	0	0	0	0	0	0	0	0	0	0	0	0	0	0	0	0	0	0	0	0	0	0	0	0	0	0	0	0	0	0	552	0	4080	0	0	0	0	0	0	0	0	0	882	0	0	0	0	0	0	0	0	0	0	0	0	0	0	0	0	0	0	0	0	0	0	0	0	0	0	0	0	0	0	0	0	0	
41720	Frontal_Mid_Orb_R	0	0	0	300	0	3722	0	1292	0	0	0	0	0	970	0	7106	0	0	0	0	128	348	0	0	0	324	0	1682	0	1082	0	0	0	0	0	0	0	0	0	0	0	0	0	0	0	0	0	0	0	0	0	0	0	0	0	0	0	0	0	0	0	0	0	0	0	0	0	0	0	0	174	1508	132	2092	0	0	0	0	0	0	0	0	0	0	0	0	0	0	0	0	0	0	0	0	0	0	0	0	0	0	0	0	0	0	0	0	0	0	0	0	0	0	0	0	0	0	
306180	Frontal_Inf_Oper_L	11082	0	23402	320	0	0	19896	110	0	0	0	776	11960	780	118	208	12342	0	20032	2652	0	0	214	576	0	0	0	0	20220	246	302	176	610	2608	0	0	1640	0	0	0	0	0	0	0	126	0	0	0	0	0	276	0	0	0	436	0	2668	0	0	0	240	0	244	0	0	0	330	0	0	0	6344	806	2804	158	0	0	202	0	1130	0	2364	0	4254	0	0	0	0	0	438	0	0	0	0	0	0	0	0	0	0	0	0	0	0	0	0	0	0	0	0	0	0	0	0	0	0	0	
272452	Frontal_Inf_Oper_R	140	11292	444	15556	0	0	482	18670	0	0	776	0	774	18232	176	2280	114	7824	630	10422	0	0	218	1194	0	0	0	0	394	15790	102	434	0	1126	0	0	0	3936	0	1488	0	0	0	0	0	0	0	0	0	0	0	0	0	0	0	1544	0	1446	0	0	0	0	0	0	0	0	0	0	0	0	2132	7846	0	7652	0	364	0	150	0	522	0	612	0	186	0	336	0	0	0	942	0	0	0	0	0	0	0	0	0	0	0	0	0	0	0	0	0	0	0	0	0	0	0	0	0	0	
322140	Frontal_Inf_Tri_L	2066	0	12000	716	102	0	31910	964	1724	0	11960	774	0	1746	20518	360	580	0	10100	3564	0	0	974	902	0	0	0	0	30114	384	1388	370	2174	3792	0	0	0	0	0	0	0	0	0	0	0	0	0	0	0	0	0	0	0	0	0	0	136	0	0	0	0	0	0	0	0	0	0	0	0	0	10148	1374	8250	378	0	0	270	0	0	0	0	0	1332	0	0	0	0	0	0	0	0	0	0	0	0	0	0	0	0	0	0	0	0	0	0	0	0	0	0	0	0	0	0	0	0	0	
280492	Frontal_Inf_Tri_R	134	616	1898	13610	0	0	2610	26462	0	970	780	18232	1746	0	260	10350	108	2106	2306	8728	0	0	1132	2244	0	0	0	0	1870	12542	932	1260	472	3672	0	0	0	786	0	416	0	0	0	0	0	0	0	0	0	0	0	0	0	0	0	424	0	0	0	0	0	0	0	0	0	0	0	0	0	0	6984	10224	226	5136	0	134	0	0	0	306	0	174	0	0	0	0	0	0	0	396	0	0	0	0	0	0	0	0	0	0	0	0	0	0	0	0	0	0	0	0	0	0	0	0	0	0	
251268	Frontal_Inf_Orb_L	0	0	7680	340	10602	0	11626	134	18592	0	118	176	20518	260	0	118	0	0	2954	1020	3040	0	256	122	0	0	2358	0	21440	142	624	116	1074	996	0	0	132	0	172	0	276	0	0	0	0	0	0	0	0	0	0	0	0	0	0	0	0	0	0	0	0	0	0	0	0	0	0	0	0	0	4228	640	11158	110	0	0	178	0	0	0	0	0	4434	0	0	0	0	0	0	0	0	0	0	0	0	0	0	0	0	0	0	0	0	0	0	0	0	0	0	0	0	0	0	0	0	0	
172216	Frontal_Inf_Orb_R	0	0	280	4786	0	4456	278	4042	0	7106	208	2280	360	10350	118	0	0	0	302	2712	390	2750	310	144	0	0	0	3264	552	13400	292	548	162	736	0	0	0	188	0	330	0	186	0	0	0	0	0	0	0	0	0	0	0	0	0	0	0	0	0	0	0	0	0	0	0	0	0	0	0	0	2618	13230	476	9000	0	118	0	0	0	0	0	0	0	136	0	0	0	0	0	0	0	0	0	0	0	0	0	0	0	0	0	0	0	0	0	0	0	0	0	0	0	0	0	0	0	0	
244016	Rolandic_Oper_L	10504	178	14726	442	0	0	5088	180	0	0	12342	114	580	108	0	0	0	0	11318	474	0	0	0	0	0	0	0	0	19724	0	0	0	232	0	0	0	1278	0	240	0	0	0	238	0	276	0	122	0	0	0	2366	0	260	0	1852	0	7656	0	0	0	560	0	2008	0	1014	0	384	0	104	0	1026	146	718	0	120	0	164	0	6746	0	9110	0	3614	0	3968	0	0	0	2028	0	0	0	0	0	0	0	0	0	0	0	0	0	0	0	0	0	0	0	0	0	0	0	0	0	0	0	
174512	Rolandic_Oper_R	0	3092	130	13316	0	0	0	5518	0	0	0	7824	0	2106	0	0	0	0	194	10508	0	0	0	148	0	0	0	0	0	14768	0	0	0	0	0	0	0	3030	0	1086	0	0	0	0	0	0	0	0	0	0	0	0	0	0	0	1288	0	2158	0	0	0	256	0	1836	0	0	0	0	0	0	160	2942	0	5774	0	800	0	0	0	4718	0	3648	0	130	0	632	0	0	0	1194	0	0	0	0	0	0	0	0	0	0	0	0	0	0	0	0	0	0	0	0	0	0	0	0	0	0	
913248	Supp_Motor_Area_L	18334	802	101330	17150	0	0	25262	3618	0	0	20032	630	10100	2306	2954	302	11318	194	0	56986	0	0	12386	5854	0	0	0	0	27548	330	4572	2270	13120	29596	1274	744	6386	0	322	0	196	0	108	0	0	0	0	0	0	0	192	0	0	0	3066	0	1876	0	0	0	124	0	0	0	0	0	200	0	12996	2296	17514	2408	22476	684	2902	0	5674	492	1360	0	2224	0	2114	0	118	0	0	0	1884	0	0	0	0	0	0	0	0	0	0	0	0	0	0	0	0	0	0	0	0	0	0	0	0	0	0	0	
947912	Supp_Motor_Area_R	14132	6916	28338	82784	0	0	6806	9242	0	0	2652	10422	3564	8728	1020	2712	474	10508	56986	0	0	0	3064	8366	0	0	0	0	3768	7636	4766	2596	8208	50610	1342	7940	354	6180	124	1952	0	0	0	432	0	246	0	614	0	354	0	0	0	150	152	1822	690	2216	0	0	0	0	0	0	0	0	112	2654	7620	18492	10170	31938	1252	13204	102	2480	1452	22354	224	1350	294	724	0	0	0	106	0	0	0	562	0	0	0	0	0	0	0	0	0	0	0	0	0	0	0	0	0	0	0	0	0	0	0	0	0	0	
105648	Olfactory_L	0	0	128	0	2934	756	0	0	1190	128	0	0	0	0	3040	390	0	0	0	0	0	7626	0	0	684	334	3128	1440	3752	0	2828	2088	0	0	0	0	384	0	440	0	1090	0	0	0	0	0	0	0	0	0	0	0	0	0	166	0	0	0	0	0	0	0	0	0	0	0	0	0	0	0	10040	3686	5772	424	0	0	0	0	0	0	0	0	376	0	0	0	0	0	0	0	0	0	0	0	0	0	0	0	0	0	0	0	0	0	0	0	0	0	0	0	0	0	0	0	0	0	
114532	Olfactory_R	0	0	180	138	172	3318	0	0	0	348	0	0	0	0	0	2750	0	0	0	0	7626	0	258	554	210	1372	1202	5482	0	3412	2774	4012	0	0	0	0	0	0	0	354	0	636	0	0	0	0	0	0	0	0	0	0	0	0	0	0	0	0	0	0	0	0	0	0	0	0	0	0	0	0	9066	5880	5764	1420	0	0	0	0	0	0	0	0	0	338	0	0	0	0	0	0	0	0	0	0	0	0	0	0	0	0	0	0	0	0	0	0	0	0	0	0	0	0	0	0	0	0	
454592	Frontal_Sup_Medial_L	0	0	43022	12740	2008	630	14600	1748	0	0	214	218	974	1132	256	310	0	0	12386	3064	0	258	0	31538	2334	1264	1474	300	2972	144	34868	20252	13546	15580	0	0	0	0	0	0	0	0	0	0	0	0	0	0	0	0	0	0	0	0	0	0	0	0	0	0	0	0	0	0	0	0	0	0	0	0	4646	894	3510	414	0	0	0	0	0	0	0	0	0	0	0	0	0	0	0	0	0	0	0	0	0	0	0	0	0	0	0	0	0	0	0	0	0	0	0	0	0	0	0	0	0	0	
436976	Frontal_Sup_Medial_R	0	140	11142	41884	660	2912	5592	6056	0	0	576	1194	902	2244	122	144	0	148	5854	8366	0	554	31538	0	1764	6084	256	804	1046	564	15648	30678	3162	23206	0	0	0	126	0	0	0	0	0	0	0	0	0	0	0	0	0	0	0	0	0	0	0	0	0	0	0	0	0	0	0	0	0	0	0	0	2350	6556	636	5242	0	338	0	0	0	0	0	0	0	0	0	0	0	0	0	0	0	0	0	0	0	0	0	0	0	0	0	0	0	0	0	0	0	0	0	0	0	0	0	0	0	0	
46012	Frontal_Med_Orb_L	0	0	982	252	3794	256	0	0	536	0	0	0	0	0	0	0	0	0	0	0	684	210	2334	1764	0	2442	3398	282	0	0	4020	664	0	0	0	0	0	0	0	0	0	0	0	0	0	0	0	0	0	0	0	0	0	0	0	0	0	0	0	0	0	0	0	0	0	0	0	0	0	0	786	176	426	0	0	0	0	0	0	0	0	0	0	0	0	0	0	0	0	0	0	0	0	0	0	0	0	0	0	0	0	0	0	0	0	0	0	0	0	0	0	0	0	0	0	0	
97700	Frontal_Med_Orb_R	0	0	226	3318	814	8554	0	0	0	324	0	0	0	0	0	0	0	0	0	0	334	1372	1264	6084	2442	0	880	7570	0	0	3062	6222	0	0	0	0	0	0	0	0	0	0	0	0	0	0	0	0	0	0	0	0	0	0	0	0	0	0	0	0	0	0	0	0	0	0	0	0	0	0	180	3970	120	2114	0	0	0	0	0	0	0	0	0	0	0	0	0	0	0	0	0	0	0	0	0	0	0	0	0	0	0	0	0	0	0	0	0	0	0	0	0	0	0	0	0	0	
71992	Rectus_L	0	0	1658	102	7702	276	0	0	2242	0	0	0	0	0	2358	0	0	0	0	0	3128	1202	1474	256	3398	880	0	870	1598	0	3320	978	0	0	0	0	0	0	0	0	0	0	0	0	0	0	0	0	0	0	0	0	0	0	0	0	0	0	0	0	0	0	0	0	0	0	0	0	0	0	2862	302	1254	0	0	0	0	0	0	0	0	0	136	0	0	0	0	0	0	0	0	0	0	0	0	0	0	0	0	0	0	0	0	0	0	0	0	0	0	0	0	0	0	0	0	0	
93712	Rectus_R	0	0	134	470	0	10676	0	0	0	1682	0	0	0	0	0	3264	0	0	0	0	1440	5482	300	804	282	7570	870	0	0	1320	1104	3648	0	0	0	0	0	0	0	0	0	198	0	0	0	0	0	0	0	0	0	0	0	0	0	0	0	0	0	0	0	0	0	0	0	0	0	0	0	0	1350	3524	1002	1736	0	0	0	0	0	0	0	0	0	0	0	0	0	0	0	0	0	0	0	0	0	0	0	0	0	0	0	0	0	0	0	0	0	0	0	0	0	0	0	0	0	0	
679052	Insula_L	11246	240	32448	1374	4244	0	18370	1706	3402	0	20220	394	30114	1870	21440	552	19724	0	27548	3768	3752	0	2972	1046	0	0	1598	0	0	348	2146	450	3772	3968	174	0	20142	0	1418	0	3118	0	332	0	266	0	226	0	0	0	2080	0	156	0	10610	0	3602	0	0	0	738	0	630	0	252	0	1088	0	156	0	13482	1772	22718	332	0	0	1836	0	8842	0	8110	0	8532	0	1762	0	0	0	8440	0	0	0	0	0	0	0	0	0	0	0	0	0	0	0	0	0	0	0	0	0	0	0	0	0	0	0	
368404	Insula_R	0	4018	286	12006	0	892	188	8206	0	1082	246	15790	384	12542	142	13400	0	14768	330	7636	0	3412	144	564	0	0	0	1320	348	0	180	616	0	490	0	0	0	12472	0	5546	0	3578	0	0	0	0	0	0	0	0	0	0	0	126	0	7062	0	370	0	0	0	0	0	0	0	0	0	0	0	0	1434	10366	120	26122	0	1006	0	248	0	3714	0	4146	0	876	0	2516	0	0	0	5510	0	0	0	0	0	0	0	0	0	0	0	0	0	0	0	0	0	0	0	0	0	0	0	0	0	0	
370140	Cingulum_Ant_L	0	0	19052	5538	1854	768	8072	870	0	0	302	102	1388	932	624	292	0	0	4572	4766	2828	2774	34868	15648	4020	3062	3320	1104	2146	180	0	23866	11428	12066	0	0	0	0	0	0	0	0	0	0	0	0	0	0	0	0	0	0	0	0	0	0	0	0	0	0	0	0	0	0	0	0	0	0	0	0	9694	3508	4926	500	0	0	0	0	0	0	0	0	0	0	0	0	0	0	0	0	0	0	0	0	0	0	0	0	0	0	0	0	0	0	0	0	0	0	0	0	0	0	0	0	0	0	
392208	Cingulum_Ant_R	0	0	4876	22000	0	2872	1102	2932	0	0	176	434	370	1260	116	548	0	0	2270	2596	2088	4012	20252	30678	664	6222	978	3648	450	616	23866	0	7802	25584	0	0	0	0	0	0	0	0	0	0	0	0	0	0	0	0	0	0	0	0	0	0	0	0	0	0	0	0	0	0	0	0	0	0	0	0	4444	13818	1110	7840	0	480	0	0	0	0	0	0	0	0	0	0	0	0	0	0	0	0	0	0	0	0	0	0	0	0	0	0	0	0	0	0	0	0	0	0	0	0	0	0	0	0	
342532	Cingulum_Mid_L	3242	0	9412	3084	0	0	8652	848	0	0	610	0	2174	472	1074	162	232	0	13120	8208	0	0	13546	3162	0	0	0	0	3772	0	11428	7802	0	21820	4190	976	176	0	0	0	0	0	2500	0	2918	0	304	0	4448	0	8950	0	524	0	606	0	1116	0	2602	0	2146	0	238	0	1942	0	12670	796	6562	1878	774	242	428	238	0	0	0	0	268	0	184	0	0	0	560	0	0	0	210	0	0	0	0	0	0	0	0	0	0	0	0	0	0	0	0	0	0	0	0	0	0	0	0	0	0	0	
620652	Cingulum_Mid_R	4586	1892	12384	20194	0	0	6312	5208	0	0	2608	1126	3792	3672	996	736	0	0	29596	50610	0	0	15580	23206	0	0	0	0	3968	490	12066	25584	21820	0	1168	8678	0	152	0	0	0	0	0	1532	0	3186	0	468	0	3170	0	1240	0	564	0	560	0	2054	0	0	0	0	0	0	0	0	1162	9342	3466	18246	5908	1488	254	906	0	0	0	0	0	0	0	0	0	0	0	130	0	0	0	226	0	0	0	0	0	0	0	0	0	0	0	0	0	0	0	0	0	0	0	0	0	0	0	0	0	0	
111376	Cingulum_Post_L	5150	130	0	720	0	0	0	0	0	0	0	0	0	0	0	0	0	0	1274	1342	0	0	0	0	0	0	0	0	174	0	0	0	4190	1168	0	4586	3862	524	588	0	0	0	2548	192	1232	132	1964	0	1628	0	918	0	0	0	408	0	226	0	738	0	0	0	0	0	0	0	7808	740	5910	430	0	934	0	0	0	0	3352	2662	158	0	0	0	0	0	0	0	0	0	0	0	0	0	0	0	0	0	0	0	0	0	0	0	0	0	0	0	0	0	0	0	0	0	0	0	0	0	
151856	Cingulum_Post_R	2096	2854	0	2374	0	0	0	0	0	0	0	0	0	0	0	0	0	0	744	7940	0	0	0	0	0	0	0	0	0	0	0	0	976	8678	4586	0	416	5052	0	0	0	0	0	2582	0	256	0	3096	0	200	0	144	0	0	0	320	126	994	0	0	0	0	0	0	0	0	556	10206	684	7808	148	1668	0	210	0	0	3480	6316	0	0	0	0	0	0	0	194	0	0	0	1044	0	0	0	0	0	0	0	0	0	0	0	0	0	0	0	0	0	0	0	0	180	0	0	0	0	0	
283872	Hippocampus_L	11748	302	13680	340	0	0	3732	244	0	0	1640	0	0	0	132	0	1278	0	6386	354	384	0	0	0	0	0	0	0	20142	0	0	0	176	0	3862	416	0	298	7370	0	6396	0	3118	0	110	0	3130	0	0	0	428	0	0	0	15134	0	1386	0	0	0	426	0	0	0	0	0	4848	0	536	0	154	112	12272	0	762	0	3600	468	3770	0	2214	0	1280	0	626	0	0	0	8682	0	0	0	0	0	0	0	0	0	0	0	0	0	0	0	0	0	0	0	0	0	0	0	0	0	0	0	
353276	Hippocampus_R	566	6256	0	8876	0	0	0	3836	0	0	0	3936	0	786	0	188	0	3030	0	6180	0	0	0	126	0	0	0	0	0	12472	0	0	0	152	524	5052	298	0	0	23460	0	10620	0	2908	0	0	0	4260	0	0	0	0	0	322	0	31812	0	552	0	0	0	0	0	116	0	0	0	6982	0	532	190	690	0	19446	0	1810	506	4044	0	256	0	1570	0	562	0	1298	0	0	0	12092	0	0	0	0	0	0	0	206	0	0	0	0	0	0	0	0	0	0	0	0	126	0	0	0	0	0	
68156	ParaHippocampal_L	760	0	680	0	104	0	0	0	0	0	0	0	0	0	172	0	240	0	322	124	440	0	0	0	0	0	0	0	1418	0	0	0	0	0	588	0	7370	0	0	0	1610	0	1592	0	0	0	2800	0	0	0	232	0	0	0	7408	0	0	0	0	0	0	0	0	0	0	0	2032	0	334	0	0	0	858	0	0	0	152	0	902	0	500	0	782	0	124	0	754	0	1032	0	112	0	0	0	0	0	406	0	230	0	0	0	0	0	0	0	0	0	0	0	0	0	0	0	0	0	
188296	ParaHippocampal_R	0	750	0	2222	0	0	0	808	0	0	0	1488	0	416	0	330	0	1086	0	1952	0	354	0	0	0	0	0	0	0	5546	0	0	0	0	0	0	0	23460	0	0	0	7274	0	162	0	0	0	1222	0	0	0	0	0	300	0	21210	0	0	0	0	0	0	0	0	0	0	0	234	0	0	112	406	0	9790	0	462	0	714	0	0	0	222	0	1884	0	0	0	892	0	3202	0	446	0	242	0	0	128	2470	228	1706	0	0	0	260	0	382	0	0	0	0	108	388	468	372	452	0	
38916	Amygdala_L	0	0	238	0	0	0	0	0	0	0	0	0	0	0	276	0	0	0	196	0	1090	0	0	0	0	0	0	0	3118	0	0	0	0	0	0	0	6396	0	1610	0	0	0	0	0	0	0	0	0	0	0	0	0	0	0	2828	0	0	0	0	0	0	0	0	0	0	0	0	0	0	0	0	0	914	0	0	0	156	0	0	0	0	0	526	0	0	0	104	0	2006	0	0	0	0	0	0	0	0	0	0	0	0	0	0	0	0	0	0	0	0	0	0	0	0	0	0	0	
66708	Amygdala_R	0	0	0	0	0	168	0	0	0	0	0	0	0	0	0	186	0	0	0	0	0	636	0	0	0	0	0	198	0	3578	0	0	0	0	0	0	0	10620	0	7274	0	0	0	0	0	0	0	0	0	0	0	0	0	0	0	6016	0	0	0	0	0	0	0	0	0	0	0	0	0	0	0	0	0	2490	0	0	0	0	0	0	0	0	0	1338	0	0	0	188	0	662	0	0	0	0	0	0	0	0	0	0	0	0	0	0	0	0	0	0	0	0	0	0	0	0	0	0	
256448	Calcarine_L	1066	0	0	0	0	0	0	0	0	0	0	0	0	0	0	0	238	0	108	0	0	0	0	0	0	0	0	0	332	0	0	0	2500	0	2548	0	3118	0	1592	0	0	0	0	7740	15580	5542	14968	1162	9898	2670	19424	0	5056	0	4606	0	976	0	2016	0	790	0	552	0	682	0	19064	168	1684	0	0	0	0	0	0	0	0	0	500	0	760	0	0	0	1870	0	0	0	828	0	0	0	0	0	0	0	0	0	186	0	0	0	0	0	0	0	0	0	0	0	0	0	0	0	0	0	
326232	Calcarine_R	0	180	0	270	0	0	0	0	0	0	0	0	0	0	0	0	0	0	0	432	0	0	0	0	0	0	0	0	0	0	0	0	0	1532	192	2582	0	2908	0	162	0	0	7740	0	6522	29484	1446	23178	132	22310	0	14782	0	6430	0	7572	0	826	0	264	0	122	0	104	0	164	1858	23440	0	2100	0	0	0	0	0	0	0	608	0	0	0	0	0	0	0	1810	0	0	0	3676	0	0	0	0	0	0	0	0	0	0	0	0	0	0	0	0	0	0	0	0	290	0	0	0	0	0	
184192	Cuneus_L	1110	0	0	0	0	0	0	0	0	0	126	0	0	0	0	0	276	0	0	0	0	0	0	0	0	0	0	0	266	0	0	0	2918	0	1232	0	110	0	0	0	0	0	15580	6522	0	6992	2096	588	16578	1662	9778	0	714	0	390	0	1528	0	1188	0	1338	0	2174	0	1074	0	13368	258	278	0	0	0	0	0	0	0	0	0	254	0	1542	0	0	0	1614	0	0	0	542	0	0	0	0	0	0	0	0	0	0	0	0	0	0	0	0	0	0	0	0	0	0	0	0	0	0	0	
279872	Cuneus_R	0	0	0	0	0	0	0	0	0	0	0	0	0	0	0	0	0	0	0	246	0	0	0	0	0	0	0	0	0	0	0	0	0	3186	132	256	0	0	0	0	0	0	5542	29484	6992	0	568	4870	0	36898	0	12804	0	858	0	2612	0	1924	0	3134	0	122	0	0	0	156	5110	21162	0	2952	0	0	0	0	0	0	0	0	0	0	0	0	0	0	0	266	0	0	0	662	0	0	0	0	0	0	0	0	0	0	0	0	0	0	0	0	0	0	0	0	0	0	0	0	0	0	
185480	Lingual_L	400	0	0	0	0	0	0	0	0	0	0	0	0	0	0	0	122	0	0	0	0	0	0	0	0	0	0	0	226	0	0	0	304	0	1964	0	3130	0	2800	0	0	0	14968	1446	2096	568	0	1408	3542	186	11982	0	4650	0	13784	378	0	0	230	0	0	0	0	0	0	0	6682	0	0	0	0	0	0	0	0	0	256	0	140	0	0	0	0	0	368	0	0	0	174	0	2070	696	0	0	130	0	5266	852	6910	1402	0	0	126	0	0	0	0	0	0	0	1568	1494	302	0	0	120	
199496	Lingual_R	0	0	0	450	0	0	0	0	0	0	0	0	0	0	0	0	0	0	0	614	0	0	0	0	0	0	0	0	0	0	0	0	0	468	0	3096	0	4260	0	1222	0	0	1162	23178	588	4870	1408	0	0	6262	0	4374	0	2784	120	12898	0	190	0	0	0	0	0	0	0	0	376	10756	0	736	0	0	0	0	0	0	0	1174	0	0	0	0	0	0	0	336	0	0	0	1000	466	2032	0	276	0	120	676	1750	1466	4418	0	0	0	230	0	0	0	0	0	110	1986	3036	860	0	0	0	
191616	Occipital_Sup_L	110	0	0	0	0	0	0	0	0	0	0	0	0	0	0	0	0	0	0	0	0	0	0	0	0	0	0	0	0	0	0	0	4448	0	1628	0	0	0	0	0	0	0	9898	132	16578	0	3542	0	0	0	26880	0	1296	0	836	0	860	0	14844	0	1280	0	0	0	216	0	12592	136	0	0	0	0	0	0	0	0	0	0	0	0	0	0	0	0	284	0	0	0	110	0	0	0	0	0	0	0	0	0	138	0	0	0	0	0	0	0	0	0	0	0	0	0	0	0	0	0	
306524	Occipital_Sup_R	0	170	0	0	0	0	0	0	0	0	0	0	0	0	0	0	0	0	0	354	0	0	0	0	0	0	0	0	0	0	0	0	0	3170	0	200	0	0	0	0	0	0	2670	22310	1662	36898	186	6262	0	0	0	24654	0	1372	0	1930	0	5458	0	5822	0	1828	0	1046	0	3800	3232	22004	138	7204	0	0	0	0	0	0	0	0	0	0	0	234	0	0	0	344	0	0	0	314	0	0	0	0	0	0	0	0	0	0	0	0	0	0	0	0	0	0	0	0	0	0	0	0	0	0	
483548	Occipital_Mid_L	5248	0	134	0	0	0	0	0	0	0	276	0	0	0	0	0	2366	0	192	0	0	0	0	0	0	0	0	0	2080	0	0	0	8950	0	918	0	428	0	232	0	0	0	19424	0	9778	0	11982	0	26880	0	0	0	17036	0	6424	0	7656	0	28112	0	22564	0	1606	0	21078	0	18930	0	3654	0	142	0	0	0	0	0	0	0	1042	0	1938	0	0	0	17902	0	0	0	4264	0	0	0	0	0	0	0	0	0	538	0	0	0	0	0	0	0	0	0	0	0	0	0	0	0	0	0	
236288	Occipital_Mid_R	0	308	0	0	0	0	0	0	0	0	0	0	0	0	0	0	0	0	0	0	0	0	0	0	0	0	0	0	0	0	0	0	0	1240	0	144	0	0	0	0	0	0	0	14782	0	12804	0	4374	0	24654	0	0	0	5950	0	2912	0	1316	0	4186	0	5526	0	616	0	12590	1082	13336	0	2584	0	0	0	0	0	0	0	0	0	0	0	780	0	0	0	8098	0	0	0	862	0	0	0	0	0	0	0	0	0	0	0	0	0	0	0	0	0	0	0	0	0	0	0	0	0	0	
92232	Occipital_Inf_L	186	0	0	0	0	0	0	0	0	0	0	0	0	0	0	0	260	0	0	0	0	0	0	0	0	0	0	0	156	0	0	0	524	0	0	0	0	0	0	0	0	0	5056	0	714	0	4650	0	1296	0	17036	0	0	0	7110	0	0	0	352	0	124	0	0	0	258	0	1362	0	526	0	0	0	0	0	0	0	0	0	320	0	586	0	0	0	2500	0	0	0	2106	0	0	0	0	0	0	0	0	0	824	0	0	0	0	0	0	0	0	0	0	0	0	170	0	0	0	0	
72372	Occipital_Inf_R	0	0	0	0	0	0	0	0	0	0	0	0	0	0	0	0	0	0	0	150	0	0	0	0	0	0	0	0	0	126	0	0	0	564	0	0	0	322	0	300	0	0	0	6430	0	858	0	2784	0	1372	0	5950	0	0	0	7016	0	526	0	0	0	0	0	0	0	0	0	3352	0	1178	0	0	0	152	0	0	0	0	0	0	0	0	0	0	0	1338	0	0	0	3768	0	0	0	0	0	0	0	0	0	0	0	0	0	0	0	0	0	0	0	0	0	0	0	0	0	0	
379284	Fusiform_L	3012	170	4216	0	0	0	0	170	0	0	436	0	0	0	0	0	1852	0	3066	152	166	0	0	0	0	0	0	0	10610	0	0	0	606	0	408	0	15134	0	7408	0	2828	0	4606	0	390	0	13784	120	836	0	6424	0	7110	0	0	0	650	0	0	0	164	0	280	0	176	0	3886	0	2032	0	0	0	4112	0	0	0	132	0	4368	0	5770	0	2710	0	3476	0	2344	0	18896	0	15678	944	1538	0	160	0	9372	0	23464	1172	494	0	550	0	184	0	0	0	0	0	788	1926	872	0	0	0	
420088	Fusiform_R	0	3156	0	2310	0	0	0	1846	0	0	0	1544	0	424	0	0	0	1288	0	1822	0	0	0	0	0	0	0	0	0	7062	0	0	0	560	0	320	0	31812	0	21210	0	6016	0	7572	0	2612	378	12898	0	1930	0	2912	0	7016	0	0	0	764	0	0	0	0	0	0	0	0	152	4868	0	1110	0	328	0	11652	0	110	0	486	0	220	0	2096	0	4016	0	2916	0	2006	0	19006	232	12464	0	1976	0	640	656	5886	544	15836	0	0	0	1794	0	206	0	0	0	0	2312	1976	814	146	144	0	
274596	Postcentral_L	32502	214	4632	392	0	0	3770	178	0	0	2668	0	136	0	0	0	7656	0	1876	690	0	0	0	0	0	0	0	0	3602	0	0	0	1116	0	226	126	1386	0	0	0	0	0	976	0	1528	0	0	0	860	0	7656	0	0	0	650	0	0	0	6266	0	17804	0	11110	0	1830	0	4872	0	3072	0	4934	0	324	0	176	0	3420	288	2942	0	5348	0	0	0	1694	0	0	0	378	0	0	0	0	0	0	0	0	0	0	0	0	0	0	0	0	0	0	0	0	0	0	0	0	0	0	0	
184712	Postcentral_R	0	15230	0	1070	0	0	0	1526	0	0	0	1446	0	0	0	0	0	2158	0	2216	0	0	0	0	0	0	0	0	0	370	0	0	0	2054	0	994	0	552	0	0	0	0	0	826	0	1924	0	190	0	5458	0	1316	0	526	0	764	0	0	0	5040	0	5434	0	11068	0	630	1082	9224	380	15454	0	1020	0	0	0	0	0	290	0	498	0	610	0	0	0	1102	0	0	0	1904	0	0	0	0	0	0	0	0	0	0	0	0	0	0	0	0	0	0	0	0	0	0	0	0	0	0	
193824	Parietal_Sup_L	848	0	0	0	0	0	0	0	0	0	0	0	0	0	0	0	0	0	0	0	0	0	0	0	0	0	0	0	0	0	0	0	2602	0	738	0	0	0	0	0	0	0	2016	0	1188	0	230	0	14844	0	28112	0	352	0	0	0	6266	0	0	0	13968	0	0	0	6356	0	17706	298	886	0	0	0	0	0	0	0	0	0	0	0	0	0	0	0	398	0	0	0	104	0	0	0	0	0	0	0	0	0	0	0	0	0	0	0	0	0	0	0	0	0	0	0	0	0	0	0	
75548	Parietal_Sup_R	0	0	0	0	0	0	0	0	0	0	0	0	0	0	0	0	0	0	0	0	0	0	0	0	0	0	0	0	0	0	0	0	0	0	0	0	0	0	0	0	0	0	0	264	0	3134	0	0	0	5822	0	4186	0	0	0	0	0	5040	0	0	0	3416	0	154	0	5248	850	8272	0	1388	0	0	0	0	0	0	0	0	0	0	0	0	0	0	0	0	0	0	0	0	0	0	0	0	0	0	0	0	0	0	0	0	0	0	0	0	0	0	0	0	0	0	0	0	0	0	
234460	Parietal_Inf_L	5986	0	534	0	0	0	696	0	0	0	240	0	0	0	0	0	560	0	124	0	0	0	0	0	0	0	0	0	738	0	0	0	2146	0	0	0	426	0	0	0	0	0	790	0	1338	0	0	0	1280	0	22564	0	124	0	164	0	17804	0	13968	0	0	0	11160	0	25980	0	3292	0	622	0	176	0	118	0	0	0	0	0	298	0	854	0	0	0	4314	0	0	0	934	0	0	0	0	0	0	0	0	0	0	0	0	0	0	0	0	0	0	0	0	0	0	0	0	0	0	0	
98620	Parietal_Inf_R	0	1578	0	0	0	0	0	238	0	0	0	0	0	0	0	0	0	256	0	0	0	0	0	0	0	0	0	0	0	0	0	0	0	0	0	0	0	0	0	0	0	0	0	122	0	122	0	0	0	1828	0	5526	0	0	0	0	0	5434	0	3416	0	0	0	7962	0	14514	0	612	0	298	0	270	0	0	0	0	0	226	0	120	0	1324	0	0	0	3816	0	0	0	1648	0	0	0	0	0	0	0	0	0	0	0	0	0	0	0	0	0	0	0	0	0	0	0	0	0	0	
112440	SupraMarginal_L	4566	0	272	0	0	0	988	0	0	0	244	0	0	0	0	0	2008	0	0	0	0	0	0	0	0	0	0	0	630	0	0	0	238	0	0	0	0	0	0	0	0	0	552	0	2174	0	0	0	0	0	1606	0	0	0	280	0	11110	0	0	0	11160	0	0	0	7738	0	584	0	0	0	0	0	0	0	0	0	0	0	258	0	4362	0	0	0	6126	0	0	0	1324	0	0	0	0	0	0	0	0	0	0	0	0	0	0	0	0	0	0	0	0	0	0	0	0	0	0	0	
100440	SupraMarginal_R	0	4176	0	0	0	0	0	502	0	0	0	0	0	0	0	0	0	1836	0	0	0	0	0	0	0	0	0	0	0	0	0	0	0	0	0	0	0	116	0	0	0	0	0	104	0	0	0	0	0	1046	0	616	0	0	0	0	0	11068	0	154	0	7962	0	0	0	4652	0	622	0	292	0	486	0	0	0	0	0	278	0	380	0	7042	0	0	0	6700	0	0	0	2188	0	0	0	0	0	0	0	0	0	0	0	0	0	0	0	0	0	0	0	0	0	0	0	0	0	0	
177400	Angular_L	3026	0	0	0	0	0	290	0	0	0	0	0	0	0	0	0	1014	0	0	0	0	0	0	0	0	0	0	0	252	0	0	0	1942	0	0	0	0	0	0	0	0	0	682	0	1074	0	0	0	216	0	21078	0	258	0	176	0	1830	0	6356	0	25980	0	7738	0	0	0	1996	0	606	0	0	0	0	0	0	0	0	0	130	0	2014	0	0	0	10330	0	0	0	1712	0	0	0	0	0	0	0	0	0	0	0	0	0	0	0	0	0	0	0	0	0	0	0	0	0	0	0	
123348	Angular_R	0	122	0	0	0	0	0	0	0	0	0	0	0	0	0	0	0	0	0	0	0	0	0	0	0	0	0	0	0	0	0	0	0	0	0	0	0	0	0	0	0	0	0	164	0	156	0	0	0	3800	0	12590	0	0	0	0	0	630	0	5248	0	14514	0	4652	0	0	116	1086	0	410	0	0	0	0	0	0	0	0	0	176	0	4018	0	0	0	10198	0	0	0	3794	0	0	0	0	0	0	0	0	0	0	0	0	0	0	0	0	0	0	0	0	0	0	0	0	0	0	
350948	Precuneus_L	2988	108	168	0	0	0	0	0	0	0	330	0	0	0	0	0	384	0	200	112	0	0	0	0	0	0	0	0	1088	0	0	0	12670	1162	7808	556	4848	0	2032	0	0	0	19064	1858	13368	5110	6682	376	12592	3232	18930	1082	1362	0	3886	152	4872	1082	17706	850	3292	0	584	0	1996	116	0	9506	6782	1272	0	0	0	0	0	0	442	0	718	0	828	0	0	0	2204	0	0	0	1076	0	0	0	0	0	0	0	0	0	0	0	0	0	0	0	0	0	0	0	0	0	0	0	0	0	0	0	
373540	Precuneus_R	208	560	0	1238	0	0	0	0	0	0	0	0	0	0	0	0	0	0	0	2654	0	0	0	0	0	0	0	0	0	0	0	0	796	9342	740	10206	0	6982	0	234	0	0	168	23440	258	21162	0	10756	136	22004	0	13336	0	3352	0	4868	0	9224	298	8272	0	612	0	622	0	1086	9506	0	424	13760	0	152	0	200	0	0	0	2250	0	0	0	0	0	0	0	2314	0	0	0	4866	0	0	0	0	0	0	0	0	0	0	0	0	0	0	0	0	0	0	0	0	744	0	0	0	0	0	
197036	Paracentral_Lobule_L	22532	204	2614	1746	0	0	0	0	0	0	0	0	0	0	0	0	104	0	12996	7620	0	0	0	0	0	0	0	0	156	0	0	0	6562	3466	5910	684	536	0	334	0	0	0	1684	0	278	0	0	0	0	138	3654	0	526	0	2032	0	3072	380	886	0	622	0	0	0	606	0	6782	424	0	2334	542	144	284	0	0	0	4986	610	374	0	384	0	0	0	1498	0	0	0	814	0	0	0	0	0	0	0	0	0	0	0	0	0	0	0	0	0	0	0	0	0	0	0	0	0	0	0	
235828	Paracentral_Lobule_R	4476	6144	0	382	0	0	0	0	0	0	0	0	0	0	0	0	0	0	2296	18492	0	0	0	0	0	0	0	0	0	0	0	0	1878	18246	430	7808	0	532	0	0	0	0	0	2100	0	2952	0	736	0	7204	0	2584	0	1178	0	1110	0	15454	0	1388	0	298	0	292	0	410	1272	13760	2334	0	0	0	0	0	0	0	0	0	0	0	0	118	0	0	0	1724	0	0	0	2064	0	0	0	0	0	0	0	0	0	0	0	0	0	0	0	0	0	0	0	0	252	0	0	0	0	0	
474008	Caudate_L	7172	116	18878	6402	3470	848	6168	4578	552	174	6344	2132	10148	6984	4228	2618	1026	160	17514	10170	10040	9066	4646	2350	786	180	2862	1350	13482	1434	9694	4444	774	5908	0	148	154	190	0	112	0	0	0	0	0	0	0	0	0	0	142	0	0	0	0	0	4934	0	0	0	176	0	0	0	0	0	0	0	542	0	0	14848	22808	2392	1088	108	11204	932	0	0	0	0	528	0	0	0	0	0	0	0	0	0	0	0	0	0	0	0	0	0	0	0	0	0	0	0	0	0	0	0	0	0	0	0	0	0	
500600	Caudate_R	814	2302	1958	27806	0	4460	656	7060	0	1508	806	7846	1374	10224	640	13230	146	2942	2408	31938	3686	5880	894	6556	176	3970	302	3524	1772	10366	3508	13818	242	1488	934	1668	112	690	0	406	0	0	0	0	0	0	0	0	0	0	0	0	0	0	0	328	0	1020	0	0	0	270	0	486	0	0	0	152	144	0	14848	0	4080	23836	0	2868	1694	22166	0	0	0	298	0	0	0	0	0	0	0	0	0	0	0	0	0	0	0	0	0	0	0	0	0	0	0	0	0	0	0	0	0	0	0	0	0	0	
427420	Putamen_L	4428	268	37834	946	4416	686	7172	418	4080	132	2804	0	8250	226	11158	476	718	0	22476	1252	5772	5764	3510	636	426	120	1254	1002	22718	120	4926	1110	428	254	0	0	12272	0	858	0	914	0	0	0	0	0	0	0	0	0	0	0	0	0	4112	0	324	0	0	0	118	0	0	0	0	0	0	0	284	0	22808	4080	0	772	4654	0	1380	0	286	0	1192	0	1422	0	0	0	0	0	2454	0	0	0	0	0	0	0	0	0	0	0	0	0	0	0	0	0	0	0	0	0	0	0	0	0	0	0	
413468	Putamen_R	0	1984	632	22592	0	3058	268	5656	0	2092	158	7652	378	5136	110	9000	0	5774	684	13204	424	1420	414	5242	0	2114	0	1736	332	26122	500	7840	238	906	0	210	0	19446	0	9790	0	2490	0	0	0	0	0	0	0	0	0	0	0	152	0	11652	0	0	0	0	0	0	0	0	0	0	0	200	0	0	2392	23836	772	0	0	5308	0	1196	0	132	0	204	0	266	0	0	0	0	0	3022	0	0	0	0	0	0	0	0	0	0	0	0	0	0	0	0	0	0	0	0	0	0	0	0	0	0	
32856	Pallidum_L	906	0	3694	0	0	0	432	0	0	0	0	0	0	0	0	0	120	0	2902	102	0	0	0	0	0	0	0	0	0	0	0	0	0	0	0	0	762	0	0	0	0	0	0	0	0	0	0	0	0	0	0	0	0	0	0	0	176	0	0	0	0	0	0	0	0	0	0	0	0	0	1088	0	4654	0	0	0	1490	0	102	0	0	0	0	0	0	0	0	0	0	0	0	0	0	0	0	0	0	0	0	0	0	0	0	0	0	0	0	0	0	0	0	0	0	0	0	0	
40392	Pallidum_R	0	264	0	3128	0	0	0	418	0	0	0	364	0	134	0	118	0	800	0	2480	0	0	0	338	0	0	0	0	0	1006	0	480	0	0	0	0	0	1810	0	462	0	0	0	0	0	0	0	0	0	0	0	0	0	0	0	110	0	0	0	0	0	0	0	0	0	0	0	0	0	0	108	2868	0	5308	0	0	0	0	0	0	0	0	0	0	0	0	0	0	0	0	0	0	0	0	0	0	0	0	0	0	0	0	0	0	0	0	0	0	0	0	0	0	0	0	0	0	
153324	Thalamus_L	15676	126	3388	1230	0	0	570	0	0	0	202	0	270	0	178	0	164	0	5674	1452	0	0	0	0	0	0	0	0	1836	0	0	0	0	0	3352	3480	3600	506	152	0	156	0	0	0	0	0	256	0	0	0	0	0	0	0	132	0	3420	0	0	0	0	0	0	0	0	0	442	0	4986	0	11204	1694	1380	0	1490	0	0	9354	148	0	144	0	0	0	0	0	0	0	0	0	0	0	0	0	0	0	0	0	0	0	0	0	0	0	0	0	0	0	0	0	0	0	0	0	0	0	
188220	Thalamus_R	2754	1756	0	11838	0	0	0	354	0	0	0	150	0	0	0	0	0	0	492	22354	0	0	0	0	0	0	0	0	0	248	0	0	0	0	2662	6316	468	4044	0	714	0	0	0	608	0	0	0	1174	0	0	0	0	0	0	0	486	288	290	0	0	0	226	0	278	0	0	0	2250	610	0	932	22166	0	1196	0	0	9354	0	0	0	0	0	0	0	0	0	0	0	0	0	0	0	0	0	0	0	0	0	0	0	0	0	0	0	0	0	0	0	0	0	102	0	0	0	0	0	
127060	Heschl_L	3508	0	2842	212	0	0	500	0	0	0	1130	0	0	0	0	0	6746	0	1360	224	0	0	0	0	0	0	0	0	8842	0	0	0	268	0	158	0	3770	0	902	0	0	0	500	0	254	0	140	0	0	0	1042	0	320	0	4368	0	2942	0	0	0	298	0	258	0	130	0	718	0	374	0	0	0	286	0	102	0	148	0	0	0	9656	0	0	0	4356	0	0	0	7176	0	0	0	0	0	0	0	0	0	0	0	0	0	0	0	0	0	0	0	0	0	0	0	0	0	0	0	
48504	Heschl_R	0	712	0	1734	0	0	0	936	0	0	0	522	0	306	0	0	0	4718	0	1350	0	0	0	0	0	0	0	0	0	3714	0	0	0	0	0	0	0	256	0	0	0	0	0	0	0	0	0	0	0	0	0	0	0	0	0	220	0	498	0	0	0	120	0	380	0	176	0	0	0	0	0	0	0	132	0	0	0	0	0	0	0	4824	0	0	0	2270	0	0	0	1384	0	0	0	0	0	0	0	0	0	0	0	0	0	0	0	0	0	0	0	0	0	0	0	0	0	0	
210320	Temporal_Sup_L	3926	164	4102	282	0	0	852	158	0	0	2364	0	0	0	0	0	9110	0	2224	294	0	0	0	0	0	0	0	0	8110	0	0	0	184	0	0	0	2214	0	500	0	0	0	760	0	1542	0	0	0	0	0	1938	0	586	0	5770	0	5348	0	0	0	854	0	4362	0	2014	0	828	0	384	0	0	0	1192	0	0	0	144	0	9656	0	0	0	3286	0	17404	0	0	0	14608	0	0	0	0	0	0	0	0	0	0	0	0	0	0	0	0	0	0	0	0	0	0	0	0	0	0	0	
108116	Temporal_Sup_R	0	1602	0	962	0	0	0	1406	0	0	0	612	0	174	0	0	0	3648	0	724	0	0	0	0	0	0	0	0	0	4146	0	0	0	0	0	0	0	1570	0	222	0	0	0	0	0	0	0	0	0	234	0	780	0	0	0	2096	0	610	0	0	0	1324	0	7042	0	4018	0	0	0	118	0	298	0	204	0	0	0	0	0	4824	0	0	0	1230	0	12788	0	140	0	3286	0	0	0	0	0	0	0	0	0	0	0	0	0	0	0	0	0	0	0	0	0	0	0	0	0	0	
116992	Temporal_Pole_Sup_L	0	0	2852	0	438	0	1514	0	882	0	4254	0	1332	0	4434	0	3614	0	2114	0	376	0	0	0	0	0	136	0	8532	0	0	0	0	0	0	0	1280	0	782	0	526	0	0	0	0	0	0	0	0	0	0	0	0	0	2710	0	0	0	0	0	0	0	0	0	0	0	0	0	0	0	528	0	1422	0	0	0	0	0	0	0	3286	0	0	0	7290	0	4954	0	5240	0	0	0	0	0	0	0	0	0	0	0	0	0	0	0	0	0	0	0	0	0	0	0	0	0	0	0	
34620	Temporal_Pole_Sup_R	0	0	0	0	0	0	0	0	0	0	0	186	0	0	0	136	0	130	0	0	0	338	0	0	0	0	0	0	0	876	0	0	0	0	0	0	0	562	0	1884	0	1338	0	0	0	0	0	0	0	0	0	0	0	0	0	4016	0	0	0	0	0	0	0	0	0	0	0	0	0	0	0	0	0	266	0	0	0	0	0	0	0	1230	0	0	0	1586	0	2700	0	2062	0	0	0	0	0	0	0	0	0	0	0	0	0	0	0	0	0	0	0	0	0	0	0	0	0	0	
259896	Temporal_Mid_L	3218	0	146	0	0	0	0	0	0	0	0	0	0	0	0	0	3968	0	118	0	0	0	0	0	0	0	0	0	1762	0	0	0	560	0	0	0	626	0	124	0	0	0	1870	0	1614	0	368	0	284	0	17902	0	2500	0	3476	0	1694	0	398	0	4314	0	6126	0	10330	0	2204	0	1498	0	0	0	0	0	0	0	0	0	4356	0	17404	0	7290	0	0	0	4088	0	31710	0	0	0	0	0	0	0	0	0	0	0	0	0	0	0	0	0	0	0	0	0	0	0	0	0	0	0	
178592	Temporal_Mid_R	0	3256	0	184	0	0	0	1540	0	0	0	336	0	0	0	0	0	632	0	106	0	0	0	0	0	0	0	0	0	2516	0	0	0	130	0	194	0	1298	0	0	0	0	0	1810	0	266	0	336	0	344	0	8098	0	1338	0	2916	0	1102	0	0	0	3816	0	6700	0	10198	0	2314	0	1724	0	0	0	0	0	0	0	0	0	2270	0	12788	0	1586	0	0	0	1216	0	20282	0	0	0	0	0	0	0	0	0	0	0	0	0	0	0	0	0	0	0	0	0	0	0	0	0	0	
32004	Temporal_Pole_Mid_L	0	0	0	0	0	0	0	0	0	0	0	0	0	0	0	0	0	0	0	0	0	0	0	0	0	0	0	0	0	0	0	0	0	0	0	0	0	0	754	0	104	0	0	0	0	0	0	0	0	0	0	0	0	0	2344	0	0	0	0	0	0	0	0	0	0	0	0	0	0	0	0	0	0	0	0	0	0	0	0	0	0	0	4954	0	4088	0	0	0	3758	0	0	0	0	0	0	0	0	0	0	0	0	0	0	0	0	0	0	0	0	0	0	0	0	0	0	0	
16628	Temporal_Pole_Mid_R	0	0	0	0	0	0	0	0	0	0	0	0	0	0	0	0	0	0	0	0	0	0	0	0	0	0	0	0	0	0	0	0	0	0	0	0	0	0	0	892	0	188	0	0	0	0	0	0	0	0	0	0	0	0	0	2006	0	0	0	0	0	0	0	0	0	0	0	0	0	0	0	0	0	0	0	0	0	0	0	0	0	140	0	2700	0	1216	0	0	0	1172	0	0	0	0	0	0	0	0	0	0	0	0	0	0	0	0	0	0	0	0	0	0	0	0	0	0	
263884	Temporal_Inf_L	1338	232	3418	0	0	0	0	232	0	0	438	0	0	0	0	0	2028	0	1884	0	0	0	0	0	0	0	0	0	8440	0	0	0	210	0	0	0	8682	0	1032	0	2006	0	828	0	542	0	174	0	110	0	4264	0	2106	0	18896	0	378	0	104	0	934	0	1324	0	1712	0	1076	0	814	0	0	0	2454	0	0	0	0	0	7176	0	14608	0	5240	0	31710	0	3758	0	0	0	2404	0	772	0	0	0	0	0	420	0	198	0	0	0	0	0	0	0	0	0	0	0	0	0	0	0	
229224	Temporal_Inf_R	0	6058	0	538	0	0	0	2956	0	0	0	942	0	396	0	0	0	1194	0	562	0	0	0	0	0	0	0	0	0	5510	0	0	0	226	0	1044	0	12092	0	3202	0	662	0	3676	0	662	0	1000	0	314	0	862	0	3768	0	19006	0	1904	0	0	0	1648	0	2188	0	3794	0	4866	0	2064	0	0	0	3022	0	0	0	0	0	1384	0	3286	0	2062	0	20282	0	1172	0	0	0	1748	0	232	0	0	0	0	0	106	0	0	0	184	0	0	0	0	0	0	0	0	0	0	0	0	
320864	Cerebelum_Crus1_L	0	0	0	0	0	0	0	0	0	0	0	0	0	0	0	0	0	0	0	0	0	0	0	0	0	0	0	0	0	0	0	0	0	0	0	0	0	0	112	0	0	0	0	0	0	0	2070	466	0	0	0	0	0	0	15678	232	0	0	0	0	0	0	0	0	0	0	0	0	0	0	0	0	0	0	0	0	0	0	0	0	0	0	0	0	0	0	0	0	2404	0	0	3534	26586	3026	630	560	12054	1248	42740	3530	7144	610	11876	2180	2494	1406	320	282	262	260	2502	4776	7566	1822	1776	286	
351736	Cerebelum_Crus1_R	0	0	0	0	0	0	0	0	0	0	0	0	0	0	0	0	0	0	0	0	0	0	0	0	0	0	0	0	0	0	0	0	0	0	0	0	0	0	0	446	0	0	0	0	0	0	696	2032	0	0	0	0	0	0	944	12464	0	0	0	0	0	0	0	0	0	0	0	0	0	0	0	0	0	0	0	0	0	0	0	0	0	0	0	0	0	0	0	0	0	1748	3534	0	656	36874	248	1210	1358	11258	4054	41690	0	5470	312	25174	0	2496	0	254	0	364	4856	5698	8780	1768	1484	0	
232800	Cerebelum_Crus2_L	0	0	0	0	0	0	0	0	0	0	0	0	0	0	0	0	0	0	0	0	0	0	0	0	0	0	0	0	0	0	0	0	0	0	0	0	0	0	0	0	0	0	0	0	0	0	0	0	0	0	0	0	0	0	1538	0	0	0	0	0	0	0	0	0	0	0	0	0	0	0	0	0	0	0	0	0	0	0	0	0	0	0	0	0	0	0	0	0	772	0	26586	656	0	4796	0	0	1992	168	6140	298	28266	2946	28500	3232	3428	162	490	0	0	0	210	160	4468	1300	292	0	
291288	Cerebelum_Crus2_R	0	0	0	0	0	0	0	0	0	0	0	0	0	0	0	0	0	0	0	0	0	0	0	0	0	0	0	0	0	0	0	0	0	0	0	0	0	0	0	242	0	0	0	0	0	0	0	276	0	0	0	0	0	0	0	1976	0	0	0	0	0	0	0	0	0	0	0	0	0	0	0	0	0	0	0	0	0	0	0	0	0	0	0	0	0	0	0	0	0	232	3026	36874	4796	0	0	358	282	3676	1388	12186	1956	20618	2424	36912	312	2470	0	298	0	130	1442	1474	8340	2690	1266	0	
27424	Cerebelum_3_L	0	0	0	0	0	0	0	0	0	0	0	0	0	0	0	0	0	0	0	0	0	0	0	0	0	0	0	0	0	0	0	0	0	0	0	0	0	0	0	0	0	0	0	0	0	0	130	0	0	0	0	0	0	0	160	0	0	0	0	0	0	0	0	0	0	0	0	0	0	0	0	0	0	0	0	0	0	0	0	0	0	0	0	0	0	0	0	0	0	0	630	248	0	0	0	266	4614	290	2022	396	0	0	240	0	930	110	0	0	848	1202	1164	234	0	110	118	0	
52944	Cerebelum_3_R	0	0	0	0	0	0	0	0	0	0	0	0	0	0	0	0	0	0	0	0	0	0	0	0	0	0	0	0	0	0	0	0	0	0	0	0	0	0	0	0	0	0	0	0	0	0	0	120	0	0	0	0	0	0	0	640	0	0	0	0	0	0	0	0	0	0	0	0	0	0	0	0	0	0	0	0	0	0	0	0	0	0	0	0	0	0	0	0	0	0	560	1210	0	358	266	0	938	5156	874	4872	0	0	0	374	0	1482	0	0	1424	2220	1836	1284	642	872	1104	240	
198228	Cerebelum_4_5_L	0	0	0	0	0	0	0	0	0	0	0	0	0	0	0	0	0	0	0	0	0	0	0	0	0	0	0	0	0	0	0	0	0	0	0	0	0	0	406	128	0	0	0	0	0	0	5266	676	0	0	0	0	0	0	9372	656	0	0	0	0	0	0	0	0	0	0	0	0	0	0	0	0	0	0	0	0	0	0	0	0	0	0	0	0	0	0	0	0	0	0	12054	1358	1992	282	4614	938	0	3492	27052	3196	1162	0	3498	324	4578	838	194	0	818	1252	10208	2514	172	320	656	1098	
172472	Cerebelum_4_5_R	0	0	0	0	0	0	0	0	0	0	0	0	0	0	0	0	0	0	0	0	0	0	0	0	0	0	0	0	0	0	0	0	0	0	0	0	0	206	0	2470	0	0	0	0	0	0	852	1750	0	0	0	0	0	0	0	5886	0	0	0	0	0	0	0	0	0	0	0	0	0	0	0	0	0	0	0	0	0	0	0	0	0	0	0	0	0	0	0	0	0	0	1248	11258	168	3676	290	5156	3492	0	1810	23332	146	0	310	2010	116	1474	0	254	558	1738	11714	1528	1866	1298	1408	222	
335536	Cerebelum_6_L	0	0	0	0	0	0	0	0	0	0	0	0	0	0	0	0	0	0	0	0	0	0	0	0	0	0	0	0	0	0	0	0	0	0	0	0	0	0	230	228	0	0	186	0	0	0	6910	1466	138	0	538	0	824	0	23464	544	0	0	0	0	0	0	0	0	0	0	0	0	0	0	0	0	0	0	0	0	0	0	0	0	0	0	0	0	0	0	0	0	420	0	42740	4054	6140	1388	2022	874	27052	1810	0	5654	3112	0	4906	1098	3562	1868	584	210	440	418	4982	9494	5416	2126	2204	666	
338188	Cerebelum_6_R	0	0	0	0	0	0	0	0	0	0	0	0	0	0	0	0	0	0	0	0	0	0	0	0	0	0	0	0	0	0	0	0	0	0	0	0	0	0	0	1706	0	0	0	0	0	0	1402	4418	0	0	0	0	0	0	1172	15836	0	0	0	0	0	0	0	0	0	0	0	0	0	0	0	0	0	0	0	0	0	0	0	0	0	0	0	0	0	0	0	0	0	106	3530	41690	298	12186	396	4872	3196	23332	5654	0	0	576	302	10526	134	2762	0	676	472	1368	10396	8994	8430	2272	2230	162	
162660	Cerebelum_7b_L	0	0	0	0	0	0	0	0	0	0	0	0	0	0	0	0	0	0	0	0	0	0	0	0	0	0	0	0	0	0	0	0	0	0	0	0	0	0	0	0	0	0	0	0	0	0	0	0	0	0	0	0	0	0	494	0	0	0	0	0	0	0	0	0	0	0	0	0	0	0	0	0	0	0	0	0	0	0	0	0	0	0	0	0	0	0	0	0	198	0	7144	0	28266	1956	0	0	1162	146	3112	0	0	1930	27296	1872	2778	0	344	0	0	0	240	0	1716	2520	156	0	
126068	Cerebelum_7b_R	0	0	0	0	0	0	0	0	0	0	0	0	0	0	0	0	0	0	0	0	0	0	0	0	0	0	0	0	0	0	0	0	0	0	0	0	0	0	0	0	0	0	0	0	0	0	0	0	0	0	0	0	0	0	0	0	0	0	0	0	0	0	0	0	0	0	0	0	0	0	0	0	0	0	0	0	0	0	0	0	0	0	0	0	0	0	0	0	0	0	610	5470	2946	20618	0	0	0	0	0	576	1930	0	1958	21832	194	1758	0	0	0	0	0	120	2190	2564	268	0	
232592	Cerebelum_8_L	0	0	0	0	0	0	0	0	0	0	0	0	0	0	0	0	0	0	0	0	0	0	0	0	0	0	0	0	0	0	0	0	0	0	0	0	0	0	0	0	0	0	0	0	0	0	126	0	0	0	0	0	0	0	550	0	0	0	0	0	0	0	0	0	0	0	0	0	0	0	0	0	0	0	0	0	0	0	0	0	0	0	0	0	0	0	0	0	0	0	11876	312	28500	2424	240	0	3498	310	4906	302	27296	1958	0	5308	13978	1058	1778	0	0	0	532	0	3138	6116	2090	0	
286568	Cerebelum_8_R	0	0	0	0	0	0	0	0	0	0	0	0	0	0	0	0	0	0	0	0	0	0	0	0	0	0	0	0	0	0	0	0	0	0	0	0	0	0	0	260	0	0	0	0	0	0	0	230	0	0	0	0	0	0	0	1794	0	0	0	0	0	0	0	0	0	0	0	0	0	0	0	0	0	0	0	0	0	0	0	0	0	0	0	0	0	0	0	0	0	184	2180	25174	3232	36912	0	374	324	2010	1098	10526	1872	21832	5308	0	1268	10926	0	718	0	0	866	898	6794	5992	2512	0	
91116	Cerebelum_9_L	0	0	0	0	0	0	0	0	0	0	0	0	0	0	0	0	0	0	0	0	0	0	0	0	0	0	0	0	0	0	0	0	0	0	0	0	0	0	0	0	0	0	0	0	0	0	0	0	0	0	0	0	0	0	184	0	0	0	0	0	0	0	0	0	0	0	0	0	0	0	0	0	0	0	0	0	0	0	0	0	0	0	0	0	0	0	0	0	0	0	2494	0	3428	312	930	0	4578	116	3562	134	2778	194	13978	1268	0	1686	2760	0	0	0	610	1126	840	1564	2488	528	
116168	Cerebelum_9_R	0	0	0	0	0	0	0	0	0	0	0	0	0	0	0	0	0	0	0	0	0	0	0	0	0	0	0	0	0	0	0	0	0	0	0	0	0	0	0	382	0	0	0	0	0	0	0	0	0	0	0	0	0	0	0	206	0	0	0	0	0	0	0	0	0	0	0	0	0	0	0	0	0	0	0	0	0	0	0	0	0	0	0	0	0	0	0	0	0	0	1406	2496	162	2470	110	1482	838	1474	1868	2762	0	1758	1058	10926	1686	0	0	1440	648	446	1550	3914	4200	5730	6952	2120	
13292	Cerebelum_10_L	0	0	0	0	0	0	0	0	0	0	0	0	0	0	0	0	0	0	0	0	0	0	0	0	0	0	0	0	0	0	0	0	0	0	0	0	0	0	0	0	0	0	0	0	0	0	0	0	0	0	0	0	0	0	0	0	0	0	0	0	0	0	0	0	0	0	0	0	0	0	0	0	0	0	0	0	0	0	0	0	0	0	0	0	0	0	0	0	0	0	320	0	490	0	0	0	194	0	584	0	344	0	1778	0	2760	0	0	0	0	0	0	0	0	0	176	0	
12312	Cerebelum_10_R	0	0	0	0	0	0	0	0	0	0	0	0	0	0	0	0	0	0	0	0	0	0	0	0	0	0	0	0	0	0	0	0	0	0	0	0	0	0	0	0	0	0	0	0	0	0	0	0	0	0	0	0	0	0	0	0	0	0	0	0	0	0	0	0	0	0	0	0	0	0	0	0	0	0	0	0	0	0	0	0	0	0	0	0	0	0	0	0	0	0	282	254	0	298	0	0	0	254	210	676	0	0	0	718	0	1440	0	0	0	0	0	174	728	568	554	0	
24152	Vermis_1_2	0	0	0	0	0	0	0	0	0	0	0	0	0	0	0	0	0	0	0	0	0	0	0	0	0	0	0	0	0	0	0	0	0	0	0	0	0	0	0	0	0	0	0	0	0	0	0	0	0	0	0	0	0	0	0	0	0	0	0	0	0	0	0	0	0	0	0	0	0	0	0	0	0	0	0	0	0	0	0	0	0	0	0	0	0	0	0	0	0	0	262	0	0	0	848	1424	818	558	440	472	0	0	0	0	0	648	0	0	0	3702	1694	422	118	220	312	138	
33376	Vermis_3	0	0	0	0	0	0	0	0	0	0	0	0	0	0	0	0	0	0	0	0	0	0	0	0	0	0	0	0	0	0	0	0	0	0	0	0	0	0	0	0	0	0	0	0	0	0	0	110	0	0	0	0	0	0	0	0	0	0	0	0	0	0	0	0	0	0	0	0	0	0	0	0	0	0	0	0	0	0	0	0	0	0	0	0	0	0	0	0	0	0	260	364	0	130	1202	2220	1252	1738	418	1368	0	0	0	0	0	446	0	0	3702	0	2514	388	144	182	250	0	
146616	Vermis_4_5	0	0	0	0	0	0	0	0	0	0	0	0	0	0	0	0	0	0	0	0	0	0	0	0	0	0	0	0	0	0	0	0	0	0	0	180	0	126	0	108	0	0	0	290	0	0	1568	1986	0	0	0	0	0	0	788	2312	0	0	0	0	0	0	0	0	0	0	0	744	0	252	0	0	0	0	0	0	0	102	0	0	0	0	0	0	0	0	0	0	0	0	2502	4856	210	1442	1164	1836	10208	11714	4982	10396	240	0	532	866	610	1550	0	0	1694	2514	0	3608	300	570	1134	1924	
142132	Vermis_6	0	0	0	0	0	0	0	0	0	0	0	0	0	0	0	0	0	0	0	0	0	0	0	0	0	0	0	0	0	0	0	0	0	0	0	0	0	0	0	388	0	0	0	0	0	0	1494	3036	0	0	0	0	170	0	1926	1976	0	0	0	0	0	0	0	0	0	0	0	0	0	0	0	0	0	0	0	0	0	0	0	0	0	0	0	0	0	0	0	0	0	0	4776	5698	160	1474	234	1284	2514	1528	9494	8994	0	120	0	898	1126	3914	0	174	422	388	3608	0	5846	2894	3848	2682	
172300	Vermis_7	0	0	0	0	0	0	0	0	0	0	0	0	0	0	0	0	0	0	0	0	0	0	0	0	0	0	0	0	0	0	0	0	0	0	0	0	0	0	0	468	0	0	0	0	0	0	302	860	0	0	0	0	0	0	872	814	0	0	0	0	0	0	0	0	0	0	0	0	0	0	0	0	0	0	0	0	0	0	0	0	0	0	0	0	0	0	0	0	0	0	7566	8780	4468	8340	0	642	172	1866	5416	8430	1716	2190	3138	6794	840	4200	0	728	118	144	300	5846	0	5892	4910	338	
