data	data	461356	327680	735968	599452	95576	90764	377708	205468	60748	19740	181660	213752	224776	110392	131712	94152	199788	127040	581832	790640	73740	61164	283600	292180	28308	69532	39824	67092	499680	293116	328704	377060	117040	495676	156104	165932	262040	303332	174224	211004	33712	49484	304440	315148	191472	287676	412528	371660	186832	268056	555400	257644	283484	161468	640132	484496	352532	203308	157652	51836	253060	76656	143960	66464	171124	88904	295904	369780	180476	229736	187684	275924	244204	228780	50704	18352	100224	225444	75864	26688	185528	97224	79816	86444	431032	235500	38704	29900	332080	195008	504216	595228	456996	410900	53368	89144	391720	398236	507412	638412	360460	217032	419920	389788	186884	189872	34348	12892	27448	73704	331624	236664	297776	154584	123728	48136	
data	data	Precentral_L	Precentral_R	Frontal_Sup_L	Frontal_Sup_R	Frontal_Sup_Orb_L	Frontal_Sup_Orb_R	Frontal_Mid_L	Frontal_Mid_R	Frontal_Mid_Orb_L	Frontal_Mid_Orb_R	Frontal_Inf_Oper_L	Frontal_Inf_Oper_R	Frontal_Inf_Tri_L	Frontal_Inf_Tri_R	Frontal_Inf_Orb_L	Frontal_Inf_Orb_R	Rolandic_Oper_L	Rolandic_Oper_R	Supp_Motor_Area_L	Supp_Motor_Area_R	Olfactory_L	Olfactory_R	Frontal_Sup_Medial_L	Frontal_Sup_Medial_R	Frontal_Med_Orb_L	Frontal_Med_Orb_R	Rectus_L	Rectus_R	Insula_L	Insula_R	Cingulum_Ant_L	Cingulum_Ant_R	Cingulum_Mid_L	Cingulum_Mid_R	Cingulum_Post_L	Cingulum_Post_R	Hippocampus_L	Hippocampus_R	ParaHippocampal_L	ParaHippocampal_R	Amygdala_L	Amygdala_R	Calcarine_L	Calcarine_R	Cuneus_L	Cuneus_R	Lingual_L	Lingual_R	Occipital_Sup_L	Occipital_Sup_R	Occipital_Mid_L	Occipital_Mid_R	Occipital_Inf_L	Occipital_Inf_R	Fusiform_L	Fusiform_R	Postcentral_L	Postcentral_R	Parietal_Sup_L	Parietal_Sup_R	Parietal_Inf_L	Parietal_Inf_R	SupraMarginal_L	SupraMarginal_R	Angular_L	Angular_R	Precuneus_L	Precuneus_R	Paracentral_Lobule_L	Paracentral_Lobule_R	Caudate_L	Caudate_R	Putamen_L	Putamen_R	Pallidum_L	Pallidum_R	Thalamus_L	Thalamus_R	Heschl_L	Heschl_R	Temporal_Sup_L	Temporal_Sup_R	Temporal_Pole_Sup_L	Temporal_Pole_Sup_R	Temporal_Mid_L	Temporal_Mid_R	Temporal_Pole_Mid_L	Temporal_Pole_Mid_R	Temporal_Inf_L	Temporal_Inf_R	Cerebelum_Crus1_L	Cerebelum_Crus1_R	Cerebelum_Crus2_L	Cerebelum_Crus2_R	Cerebelum_3_L	Cerebelum_3_R	Cerebelum_4_5_L	Cerebelum_4_5_R	Cerebelum_6_L	Cerebelum_6_R	Cerebelum_7b_L	Cerebelum_7b_R	Cerebelum_8_L	Cerebelum_8_R	Cerebelum_9_L	Cerebelum_9_R	Cerebelum_10_L	Cerebelum_10_R	Vermis_1_2	Vermis_3	Vermis_4_5	Vermis_6	Vermis_7	Vermis_8	Vermis_9	Vermis_10	
461356	Precentral_L	0	7078	20058	4520	0	0	20060	1276	0	0	9900	830	1328	456	0	0	6926	0	5370	17376	0	0	100	0	0	0	0	0	9040	316	460	284	2390	7244	4340	788	4604	204	1632	0	0	0	818	162	468	0	2020	84	778	0	6366	0	2680	0	5424	0	22002	342	0	0	1644	0	828	0	260	0	916	588	25452	4046	2848	434	3232	80	390	0	8884	1584	2338	0	3154	0	0	0	3086	0	0	0	3190	0	0	0	0	0	0	0	0	0	0	0	0	0	0	0	0	0	0	0	0	0	0	0	0	0	0	0	
327680	Precentral_R	7078	0	3748	15070	0	0	534	20190	0	0	118	10998	0	0	0	0	500	2106	1832	17426	0	0	0	0	0	0	0	0	788	4294	250	72	148	1588	2148	2202	1830	8920	728	808	0	0	120	188	0	0	0	90	0	88	0	792	0	414	358	962	1930	11544	0	70	176	772	0	2370	0	1616	434	328	2872	5630	3074	4544	1472	2260	1240	178	1666	11338	262	430	114	910	0	0	0	1434	0	0	70	718	0	0	0	0	0	0	0	0	0	0	0	0	0	0	0	0	0	0	0	0	0	0	0	0	0	0	
735968	Frontal_Sup_L	20058	3748	0	4070	4276	0	54284	2618	2088	0	15712	5096	14446	858	5652	88	11476	100	57852	10620	0	0	36616	718	454	0	0	0	32484	1830	18124	2212	3678	4954	282	0	3170	112	542	0	0	0	0	0	0	0	190	0	0	0	258	0	238	0	1030	0	6348	0	0	0	258	0	1032	0	134	0	0	0	158	0	4366	2340	15470	354	3830	0	6910	326	1328	0	3324	0	680	0	208	0	0	0	984	0	0	0	0	0	0	0	0	0	0	0	0	0	0	0	0	0	0	0	0	0	0	0	0	0	0	0	
599452	Frontal_Sup_R	4520	15070	4070	0	0	5604	1104	19532	0	810	0	6364	0	3536	0	4518	458	7204	13828	51322	0	0	4294	36058	84	1906	0	288	564	8174	3288	33412	352	19196	490	498	334	2356	188	600	0	0	0	0	0	0	0	0	0	0	0	0	0	0	140	318	760	462	0	0	108	132	0	152	0	82	104	0	1080	0	2862	17682	518	9178	358	152	1472	13388	0	68	108	260	0	102	0	86	0	0	0	132	0	0	0	0	0	0	0	0	0	0	0	0	0	0	0	0	0	0	0	0	0	0	0	0	0	0	
95576	Frontal_Sup_Orb_L	0	0	4276	0	0	0	1330	0	10842	0	0	0	2808	0	11720	0	0	0	0	0	2492	0	1976	0	808	0	2902	0	5928	0	1374	0	0	0	0	0	0	0	0	0	384	0	0	0	0	0	0	0	0	0	0	0	0	0	0	0	0	0	0	0	0	0	0	0	0	0	0	0	0	0	0	0	782	0	0	0	0	0	0	0	0	0	166	0	0	0	0	0	0	0	0	0	0	0	0	0	0	0	0	0	0	0	0	0	0	0	0	0	0	0	0	0	0	0	0	0	
90764	Frontal_Sup_Orb_R	0	0	0	5604	0	0	0	3386	0	3744	0	116	0	736	0	6086	0	0	112	444	0	1606	0	1242	0	6084	0	7328	0	2606	142	638	0	150	0	0	0	222	0	104	0	160	0	0	0	0	0	0	0	0	0	0	0	0	0	86	0	0	0	0	0	0	0	0	0	0	0	0	0	0	0	1864	0	2754	0	0	0	0	0	0	0	0	0	168	0	0	0	0	0	0	0	0	0	0	0	0	0	0	0	0	0	0	0	0	0	0	0	0	0	0	0	0	0	0	0	0	
377708	Frontal_Mid_L	20060	534	54284	1104	1330	0	0	316	1438	0	10428	84	24182	428	5128	0	156	0	11038	4242	0	0	14024	0	0	0	0	0	14880	284	6108	620	366	3004	116	0	2620	146	764	0	0	0	0	0	0	0	0	0	0	0	0	0	0	0	676	0	536	0	0	0	0	0	0	0	0	0	0	0	0	0	768	0	3064	0	466	0	4100	372	570	0	0	0	114	0	0	0	0	0	504	0	0	0	0	0	0	0	0	0	0	0	0	0	0	0	0	0	0	0	0	0	0	0	0	0	0	0	
205468	Frontal_Mid_R	1276	20190	2618	19532	0	3386	316	0	0	860	0	9768	0	8870	0	4980	0	408	2432	4106	0	0	158	572	0	0	0	0	0	3764	540	700	0	1676	160	160	174	1714	0	362	0	0	0	0	0	0	0	0	0	0	0	0	0	0	0	254	804	476	0	0	76	154	0	178	0	394	0	0	0	0	4028	650	1232	2180	696	0	0	2228	0	0	0	118	0	0	0	374	0	0	0	170	0	0	0	0	0	0	0	0	0	0	0	0	0	0	0	0	0	0	0	0	0	0	0	0	0	0	
60748	Frontal_Mid_Orb_L	0	0	2088	0	10842	0	1438	0	0	0	0	0	1640	0	9370	0	0	0	0	0	466	0	402	0	104	0	982	0	1822	0	374	0	0	0	0	0	0	0	0	0	178	0	0	0	0	0	0	0	0	0	0	0	0	0	0	0	0	0	0	0	0	0	0	0	0	0	0	0	0	0	0	0	668	0	0	0	0	0	0	0	0	0	0	0	0	0	0	0	0	0	0	0	0	0	0	0	0	0	0	0	0	0	0	0	0	0	0	0	0	0	0	0	0	0	0	0	
19740	Frontal_Mid_Orb_R	0	0	0	810	0	3744	0	860	0	0	0	0	0	424	0	3336	0	0	0	0	0	0	0	100	0	84	0	158	0	162	0	0	0	0	0	0	0	0	0	0	0	0	0	0	0	0	0	0	0	0	0	0	0	0	0	0	0	0	0	0	0	0	0	0	0	0	0	0	0	0	0	88	0	104	0	0	0	0	0	0	0	0	0	0	0	0	0	0	0	0	0	0	0	0	0	0	0	0	0	0	0	0	0	0	0	0	0	0	0	0	0	0	0	0	0	0	
181660	Frontal_Inf_Oper_L	9900	118	15712	0	0	0	10428	0	0	0	0	92	8786	0	0	0	7834	0	11540	172	0	0	202	0	0	0	0	0	17874	0	1276	88	0	0	0	0	176	0	0	0	0	0	0	0	0	0	0	0	0	0	0	0	0	0	0	0	1076	0	0	0	0	0	0	0	0	0	0	0	0	0	76	0	1244	0	0	0	0	0	496	0	2756	0	984	0	0	0	0	0	0	0	0	0	0	0	0	0	0	0	0	0	0	0	0	0	0	0	0	0	0	0	0	0	0	0	0	0	
213752	Frontal_Inf_Oper_R	830	10998	5096	6364	0	116	84	9768	0	0	92	0	0	7204	0	2200	518	8038	6600	9294	0	0	186	118	0	0	0	0	472	14806	946	172	0	750	0	0	92	296	0	78	0	0	0	0	0	0	0	0	0	0	0	0	0	0	0	98	744	1062	0	0	0	114	0	406	0	0	0	0	0	0	4560	3620	1282	5470	358	94	0	270	148	700	0	1388	0	1444	0	0	0	0	0	0	0	0	0	0	0	0	0	0	0	0	0	0	0	0	0	0	0	0	0	0	0	0	0	0	0	0	
224776	Frontal_Inf_Tri_L	1328	0	14446	0	2808	0	24182	0	1640	0	8786	0	0	0	10952	0	180	0	4478	0	0	0	6706	0	226	0	0	0	28522	0	7160	96	272	0	0	0	0	0	0	0	0	0	0	0	0	0	0	0	0	0	0	0	0	0	0	0	0	0	0	0	0	0	0	0	0	0	0	0	0	0	0	0	374	0	0	0	0	0	0	0	0	0	232	0	0	0	0	0	0	0	0	0	0	0	0	0	0	0	0	0	0	0	0	0	0	0	0	0	0	0	0	0	0	0	0	0	
110392	Frontal_Inf_Tri_R	456	0	858	3536	0	736	428	8870	0	424	0	7204	0	0	0	6600	0	226	1818	3406	0	0	228	424	0	0	0	0	138	11798	490	478	0	2618	0	0	0	0	0	0	0	0	0	0	0	0	0	0	0	0	0	0	0	0	0	0	0	0	0	0	0	0	0	0	0	0	0	0	0	0	1382	1442	96	1540	0	0	0	0	0	0	0	0	0	0	0	0	0	0	0	0	0	0	0	0	0	0	0	0	0	0	0	0	0	0	0	0	0	0	0	0	0	0	0	0	0	0	
131712	Frontal_Inf_Orb_L	0	0	5652	0	11720	0	5128	0	9370	0	0	0	10952	0	0	0	0	0	244	0	2572	0	1748	0	164	0	1022	0	10948	0	1702	0	86	0	0	0	370	0	88	0	644	0	0	0	0	0	0	0	0	0	0	0	0	0	0	0	0	0	0	0	0	0	0	0	0	0	0	0	0	0	70	0	2528	0	0	0	0	0	0	0	0	0	848	0	0	0	0	0	0	0	0	0	0	0	0	0	0	0	0	0	0	0	0	0	0	0	0	0	0	0	0	0	0	0	0	0	
94152	Frontal_Inf_Orb_R	0	0	88	4518	0	6086	0	4980	0	3336	0	2200	0	6600	0	0	0	572	298	792	0	720	104	836	0	364	0	878	98	7152	288	682	0	224	0	0	0	0	0	0	0	0	0	0	0	0	0	0	0	0	0	0	0	0	0	0	0	0	0	0	0	0	0	0	0	0	0	0	0	0	846	1360	0	1050	0	0	0	0	0	0	0	744	0	2144	0	116	0	0	0	0	0	0	0	0	0	0	0	0	0	0	0	0	0	0	0	0	0	0	0	0	0	0	0	0	0	0	
199788	Rolandic_Oper_L	6926	500	11476	458	0	0	156	0	0	0	7834	518	180	0	0	0	0	0	6514	636	0	0	0	0	0	0	0	0	13198	260	0	0	508	0	0	0	1050	0	0	0	0	0	264	0	0	0	1266	0	0	0	2704	0	2204	0	1978	0	13514	0	116	0	1042	0	4826	0	578	0	70	0	310	0	0	472	1166	0	86	0	0	0	3050	0	12108	0	644	0	2446	0	0	0	836	0	0	0	0	0	0	0	0	0	0	0	0	0	0	0	0	0	0	0	0	0	0	0	0	0	0	0	
127040	Rolandic_Oper_R	0	2106	100	7204	0	0	0	408	0	0	0	8038	0	226	0	572	0	0	2156	9878	0	0	0	0	0	0	0	0	0	12080	152	0	0	0	0	0	0	662	0	0	0	0	0	0	0	0	0	0	0	0	0	0	0	0	0	230	0	2276	0	0	0	324	0	1328	0	226	0	0	0	88	258	96	176	3176	0	408	0	974	0	3222	0	5492	0	820	0	580	0	0	0	264	0	0	0	0	0	0	0	0	0	0	0	0	0	0	0	0	0	0	0	0	0	0	0	0	0	0	
581832	Supp_Motor_Area_L	5370	1832	57852	13828	0	112	11038	2432	0	0	11540	6600	4478	1818	244	298	6514	2156	0	39574	0	0	7284	7268	0	0	0	0	19412	3434	10298	8842	8538	27328	502	136	710	0	0	0	0	0	0	0	0	0	96	0	0	0	126	0	126	0	466	0	1558	0	0	0	0	0	446	0	0	0	0	146	2664	102	5296	2098	11272	456	2128	0	162	74	582	0	2144	0	622	112	128	0	0	0	674	0	0	0	0	0	0	0	0	0	0	0	0	0	0	0	0	0	0	0	0	0	0	0	0	0	0	0	
790640	Supp_Motor_Area_R	17376	17426	10620	51322	0	444	4242	4106	0	0	172	9294	0	3406	0	792	636	9878	39574	0	0	0	2188	14046	0	0	0	0	1532	11646	3866	19254	3248	55578	1714	4996	1512	2652	486	658	0	0	222	1150	224	412	0	608	0	388	80	1248	70	608	206	1146	2134	5172	0	0	310	136	0	312	0	256	346	3832	10426	19370	3608	17280	1324	12070	768	1948	1886	11070	290	476	114	1118	0	542	78	850	0	0	76	502	0	0	0	0	0	0	0	0	0	0	0	0	0	0	0	0	0	0	0	0	0	0	0	0	0	0	
73740	Olfactory_L	0	0	0	0	2492	0	0	0	466	0	0	0	0	0	2572	0	0	0	0	0	0	4650	0	0	754	158	3124	1144	4164	0	3202	2534	0	0	0	0	652	0	310	0	1138	0	0	0	0	0	0	0	0	0	0	0	0	0	86	0	0	0	0	0	0	0	0	0	0	0	0	0	0	0	4712	2018	2018	0	0	0	0	0	0	0	0	0	606	0	0	0	0	0	70	0	0	0	0	0	0	0	0	0	0	0	0	0	0	0	0	0	0	0	0	0	0	0	0	0	0	0	
61164	Olfactory_R	0	0	0	0	0	1606	0	0	0	0	0	0	0	0	0	720	0	0	0	0	4650	0	0	148	148	820	1858	3614	0	2496	2626	3458	0	0	0	0	0	0	0	0	0	350	0	0	0	0	0	0	0	0	0	0	0	0	0	0	0	0	0	0	0	0	0	0	0	0	0	0	0	0	4084	2572	1350	0	0	0	0	0	0	0	0	0	0	82	0	0	0	0	0	0	0	0	0	0	0	0	0	0	0	0	0	0	0	0	0	0	0	0	0	0	0	0	0	0	0	0	
283600	Frontal_Sup_Medial_L	100	0	36616	4294	1976	0	14024	158	402	0	202	186	6706	228	1748	104	0	0	7284	2188	0	0	0	12020	1032	344	0	0	9668	242	22146	6530	2266	6792	0	0	0	0	0	0	0	0	0	0	0	0	0	0	0	0	0	0	0	0	0	0	0	0	0	0	0	0	0	0	0	0	0	0	0	0	1492	434	2618	0	0	0	0	0	0	0	0	0	0	0	0	0	0	0	0	0	0	0	0	0	0	0	0	0	0	0	0	0	0	0	0	0	0	0	0	0	0	0	0	0	0	0	
292180	Frontal_Sup_Medial_R	0	0	718	36058	0	1242	0	572	0	100	0	118	0	424	0	836	0	0	7268	14046	0	148	12020	0	572	4344	72	550	0	410	5108	30156	622	14610	0	0	0	0	0	0	0	0	0	0	0	0	0	0	0	0	0	0	0	0	0	0	0	0	0	0	0	0	0	0	0	0	0	0	0	0	1016	8464	298	6318	0	0	0	0	0	0	0	0	0	0	0	0	0	0	0	0	0	0	0	0	0	0	0	0	0	0	0	0	0	0	0	0	0	0	0	0	0	0	0	0	0	0	
28308	Frontal_Med_Orb_L	0	0	454	84	808	0	0	0	104	0	0	0	226	0	164	0	0	0	0	0	754	148	1032	572	0	1336	1650	600	378	0	3672	626	0	0	0	0	0	0	0	0	0	0	0	0	0	0	0	0	0	0	0	0	0	0	0	0	0	0	0	0	0	0	0	0	0	0	0	0	0	0	546	170	830	0	0	0	0	0	0	0	0	0	0	0	0	0	0	0	0	0	0	0	0	0	0	0	0	0	0	0	0	0	0	0	0	0	0	0	0	0	0	0	0	0	0	0	
69532	Frontal_Med_Orb_R	0	0	0	1906	0	6084	0	0	0	84	0	0	0	0	0	364	0	0	0	0	158	820	344	4344	1336	0	632	8556	0	0	1208	3068	0	0	0	0	0	0	0	0	0	0	0	0	0	0	0	0	0	0	0	0	0	0	0	0	0	0	0	0	0	0	0	0	0	0	0	0	0	0	116	2764	0	2982	0	0	0	0	0	0	0	0	0	0	0	0	0	0	0	0	0	0	0	0	0	0	0	0	0	0	0	0	0	0	0	0	0	0	0	0	0	0	0	0	0	0	
39824	Rectus_L	0	0	0	0	2902	0	0	0	982	0	0	0	0	0	1022	0	0	0	0	0	3124	1858	0	72	1650	632	0	772	754	0	1794	1176	0	0	0	0	0	0	0	0	0	0	0	0	0	0	0	0	0	0	0	0	0	0	0	0	0	0	0	0	0	0	0	0	0	0	0	0	0	0	2008	446	720	0	0	0	0	0	0	0	0	0	0	0	0	0	0	0	0	0	0	0	0	0	0	0	0	0	0	0	0	0	0	0	0	0	0	0	0	0	0	0	0	0	0	0	
67092	Rectus_R	0	0	0	288	0	7328	0	0	0	158	0	0	0	0	0	878	0	0	0	0	1144	3614	0	550	600	8556	772	0	0	1078	1180	2502	0	0	0	0	0	0	0	0	0	0	0	0	0	0	0	0	0	0	0	0	0	0	0	0	0	0	0	0	0	0	0	0	0	0	0	0	0	0	940	3232	564	162	0	0	0	0	0	0	0	0	0	0	0	0	0	0	0	0	0	0	0	0	0	0	0	0	0	0	0	0	0	0	0	0	0	0	0	0	0	0	0	0	0	0	
499680	Insula_L	9040	788	32484	564	5928	0	14880	0	1822	0	17874	472	28522	138	10948	98	13198	0	19412	1532	4164	0	9668	0	378	0	754	0	0	344	13960	228	422	586	292	70	10294	0	614	0	2108	0	96	0	0	0	372	0	0	0	766	0	736	0	5414	0	4282	0	0	0	174	0	502	0	198	0	0	0	180	0	1050	624	13032	0	0	0	544	356	4952	0	5074	0	2386	0	1482	0	0	0	6038	0	0	0	0	0	0	0	0	0	0	0	0	0	0	0	0	0	0	0	0	0	0	0	0	0	0	0	
293116	Insula_R	316	4294	1830	8174	0	2606	284	3764	0	162	0	14806	0	11798	0	7152	260	12080	3434	11646	0	2496	242	410	0	0	0	1078	344	0	768	468	0	1858	110	120	86	5998	0	1906	0	1134	0	70	0	0	0	0	0	0	0	118	0	0	0	3160	88	614	0	0	0	324	0	768	0	1544	0	84	0	92	1708	3436	422	16278	0	0	0	854	88	1464	0	5950	0	3670	0	3998	0	0	0	2204	0	0	0	0	0	0	0	0	0	0	0	0	0	0	0	0	0	0	0	0	0	0	0	0	0	0	
328704	Cingulum_Ant_L	460	250	18124	3288	1374	142	6108	540	374	0	1276	946	7160	490	1702	288	0	152	10298	3866	3202	2626	22146	5108	3672	1208	1794	1180	13960	768	0	18064	3872	3868	0	0	0	0	0	0	0	0	0	0	0	0	0	0	0	0	0	0	0	0	0	0	0	0	0	0	0	0	0	0	0	0	0	0	0	0	8522	4036	12814	674	0	0	0	0	0	0	0	0	0	0	0	0	0	0	0	0	0	0	0	0	0	0	0	0	0	0	0	0	0	0	0	0	0	0	0	0	0	0	0	0	0	0	
377060	Cingulum_Ant_R	284	72	2212	33412	0	638	620	700	0	0	88	172	96	478	0	682	0	0	8842	19254	2534	3458	6530	30156	626	3068	1176	2502	228	468	18064	0	2068	21914	0	0	0	0	0	0	0	0	0	0	0	0	0	0	0	0	0	0	0	0	0	0	0	0	0	0	0	0	0	0	0	0	0	0	0	0	3698	14010	2408	8072	0	0	0	0	0	0	0	0	0	0	0	0	0	0	0	0	0	0	0	0	0	0	0	0	0	0	0	0	0	0	0	0	0	0	0	0	0	0	0	0	0	0	
117040	Cingulum_Mid_L	2390	148	3678	352	0	0	366	0	0	0	0	0	272	0	86	0	508	0	8538	3248	0	0	2266	622	0	0	0	0	422	0	3872	2068	0	11076	3490	188	0	0	0	0	0	0	74	70	342	914	0	0	0	950	0	0	0	0	0	0	1856	116	0	0	0	0	112	0	0	0	1396	1654	4400	1346	74	0	644	0	888	0	0	0	0	0	94	0	0	0	0	0	0	0	0	0	0	0	0	0	0	0	0	0	0	0	0	0	0	0	0	0	0	0	0	0	0	0	0	0	0	0	
495676	Cingulum_Mid_R	7244	1588	4954	19196	0	150	3004	1676	0	0	0	750	0	2618	0	224	0	0	27328	55578	0	0	6792	14610	0	0	0	0	586	1858	3868	21914	11076	0	936	5236	0	684	0	0	0	0	0	1450	0	1764	0	824	0	1516	0	1656	0	898	0	462	310	8312	0	0	0	234	0	106	0	426	616	7976	4526	18858	1748	644	538	622	90	0	0	0	0	0	0	158	0	0	0	1634	0	0	0	600	0	0	0	0	0	0	0	0	0	0	0	0	0	0	0	0	0	0	0	0	0	0	0	0	0	0	
156104	Cingulum_Post_L	4340	2148	282	490	0	0	116	160	0	0	0	0	0	0	0	0	0	0	502	1714	0	0	0	0	0	0	0	0	292	110	0	0	3490	936	0	8606	6076	4516	5232	1268	0	0	3708	0	1542	0	1206	404	70	0	230	0	0	0	4094	686	3406	0	0	0	338	0	0	0	0	0	7466	760	6300	190	0	0	0	256	0	0	216	5802	452	0	0	0	0	0	0	0	0	0	164	70	0	0	0	0	0	0	72	170	0	0	0	0	0	0	0	0	0	0	0	0	172	0	0	0	0	0	
165932	Cingulum_Post_R	788	2202	0	498	0	0	0	160	0	0	0	0	0	0	0	0	0	0	136	4996	0	0	0	0	0	0	0	0	70	120	0	0	188	5236	8606	0	3728	7934	2982	3528	0	0	0	3188	80	1046	0	5180	0	106	0	88	0	474	1748	1804	0	1618	0	0	0	0	0	0	0	0	1974	11658	754	4084	0	0	0	256	0	0	196	5450	138	0	0	0	0	0	0	108	0	0	82	344	0	0	0	0	0	0	0	424	0	0	0	0	0	0	0	0	0	0	0	0	994	0	0	0	0	0	
262040	Hippocampus_L	4604	1830	3170	334	0	0	2620	174	0	0	176	92	0	0	370	0	1050	0	710	1512	652	0	0	0	0	0	0	0	10294	86	0	0	0	0	6076	3728	0	3124	16666	1014	5938	0	1892	0	0	0	2486	582	0	0	0	0	0	0	17980	524	1630	0	0	0	0	0	0	0	0	0	2612	588	320	0	156	98	7102	204	762	0	4318	6598	2602	0	978	0	1652	0	152	0	402	0	11872	0	172	0	0	0	0	0	518	158	276	0	0	0	0	0	0	0	0	0	0	0	166	0	0	0	0	0	
303332	Hippocampus_R	204	8920	112	2356	0	222	146	1714	0	0	0	296	0	0	0	0	0	662	0	2652	0	0	0	0	0	0	0	0	0	5998	0	0	0	684	4516	7934	3124	0	2704	24874	0	8168	0	2456	0	0	72	6394	0	0	0	0	0	1448	1582	24060	126	796	0	0	0	80	0	206	0	212	1138	6012	0	896	166	124	0	8090	68	1018	230	9124	0	202	0	1086	0	1964	0	596	0	148	0	4364	0	134	0	0	0	274	0	2276	0	186	0	0	0	0	0	0	0	0	0	0	852	0	0	0	0	0	
174224	ParaHippocampal_L	1632	728	542	188	0	0	764	0	0	0	0	0	0	0	88	0	0	0	0	486	310	0	0	0	0	0	0	0	614	0	0	0	0	0	5232	2982	16666	2704	0	968	1840	0	2892	0	94	0	5662	738	0	0	594	0	344	0	17032	448	202	0	0	0	0	0	0	0	0	0	3162	588	660	0	0	0	1452	136	0	0	850	4050	78	0	0	0	1864	0	212	0	1530	0	2548	0	1270	0	222	0	110	0	2112	154	1888	0	114	0	102	0	0	0	0	0	0	120	140	0	0	0	0	0	
211004	ParaHippocampal_R	0	808	0	600	0	104	0	362	0	0	0	78	0	0	0	0	0	0	0	658	0	0	0	0	0	0	0	0	0	1906	0	0	0	0	1268	3528	1014	24874	968	0	0	5764	0	1728	0	0	0	9600	0	0	0	90	0	1560	720	19212	0	0	0	0	0	0	0	0	0	0	390	4860	0	0	0	0	0	4174	0	814	0	2970	0	0	0	250	0	3786	0	284	0	2164	0	2480	0	892	0	0	0	576	0	5062	0	1040	0	0	0	0	0	0	0	0	0	0	918	0	0	0	0	0	
33712	Amygdala_L	0	0	0	0	384	0	0	0	178	0	0	0	0	0	644	0	0	0	0	0	1138	0	0	0	0	0	0	0	2108	0	0	0	0	0	0	0	5938	0	1840	0	0	0	0	0	0	0	0	0	0	0	0	0	0	0	2214	0	0	0	0	0	0	0	0	0	0	0	0	0	0	0	0	0	260	0	0	0	0	0	0	0	0	0	1166	0	0	0	326	0	660	0	0	0	0	0	0	0	0	0	0	0	0	0	0	0	0	0	0	0	0	0	0	0	0	0	0	0	
49484	Amygdala_R	0	0	0	0	0	160	0	0	0	0	0	0	0	0	0	0	0	0	0	0	0	350	0	0	0	0	0	0	0	1134	0	0	0	0	0	0	0	8168	0	5764	0	0	0	0	0	0	0	0	0	0	0	0	0	0	0	4744	0	0	0	0	0	0	0	0	0	0	0	0	0	0	0	0	0	798	0	0	0	0	0	0	0	0	0	2934	0	0	0	426	0	264	0	0	0	0	0	0	0	0	0	0	0	0	0	0	0	0	0	0	0	0	0	0	0	0	0	0	
304440	Calcarine_L	818	120	0	0	0	0	0	0	0	0	0	0	0	0	0	0	264	0	0	222	0	0	0	0	0	0	0	0	96	0	0	0	74	0	3708	0	1892	0	2892	0	0	0	0	7534	16758	5482	22226	2082	15526	864	21428	0	4540	0	11588	82	4438	0	1140	0	2198	0	134	0	1396	0	16558	296	1578	0	0	0	0	0	0	0	0	0	0	0	208	0	0	0	4530	0	0	0	942	0	68	0	0	0	0	0	214	0	112	0	0	0	0	0	0	0	0	0	0	0	212	0	0	0	0	0	
315148	Calcarine_R	162	188	0	0	0	0	0	0	0	0	0	0	0	0	0	0	0	0	0	1150	0	0	0	0	0	0	0	0	0	70	0	0	70	1450	0	3188	0	2456	0	1728	0	0	7534	0	8450	27318	1196	23816	1014	17264	196	14452	0	5780	0	2792	0	662	0	72	0	0	0	104	0	202	1402	20898	162	2802	0	0	0	0	0	0	0	0	0	0	0	0	0	0	0	7696	0	0	0	2672	0	0	0	0	0	0	0	218	0	74	0	0	0	0	0	0	0	0	0	0	336	0	0	0	0	0	
191472	Cuneus_L	468	0	0	0	0	0	0	0	0	0	0	0	0	0	0	0	0	0	0	224	0	0	0	0	0	0	0	0	0	0	0	0	342	0	1542	80	0	0	94	0	0	0	16758	8450	0	10352	2348	146	20022	1566	7328	224	448	0	750	0	2976	0	2276	0	1552	0	0	0	0	0	14458	1136	1790	0	0	0	0	0	0	0	0	0	0	0	0	0	0	0	326	0	0	0	80	0	0	0	0	0	0	0	0	0	0	0	0	0	0	0	0	0	0	0	0	0	0	0	0	0	0	0	
287676	Cuneus_R	0	0	0	0	0	0	0	0	0	0	0	0	0	0	0	0	0	0	0	412	0	0	0	0	0	0	0	0	0	0	0	0	914	1764	0	1046	0	0	0	0	0	0	5482	27318	10352	0	106	3688	1158	35386	212	12718	0	1378	0	266	0	3144	0	1922	0	0	0	0	0	0	4174	23768	0	3966	0	0	0	0	0	0	0	0	0	0	0	0	0	0	0	4320	0	0	0	344	0	0	0	0	0	0	0	0	0	0	0	0	0	0	0	0	0	0	0	0	0	0	0	0	0	0	
412528	Lingual_L	2020	0	190	0	0	0	0	0	0	0	0	0	0	0	0	0	1266	0	96	0	0	0	0	0	0	0	0	0	372	0	0	0	0	0	1206	0	2486	72	5662	0	0	0	22226	1196	2348	106	0	2512	3316	70	20310	0	15754	118	39764	472	3692	0	1816	0	3214	0	878	0	3232	0	9330	0	916	0	0	0	0	0	0	0	0	138	170	0	806	0	0	0	6796	0	0	0	1384	0	10192	636	392	82	444	146	12948	2326	15472	1258	246	0	162	0	0	0	0	0	0	232	4696	2650	448	0	0	0	
371660	Lingual_R	84	90	0	0	0	0	0	0	0	0	0	0	0	0	0	0	0	0	0	608	0	0	0	0	0	0	0	0	0	0	0	0	0	824	404	5180	582	6394	738	9600	0	0	2082	23816	146	3688	2512	0	0	4576	0	4436	0	11178	1408	26264	0	376	0	0	0	0	0	0	0	80	216	14322	84	1572	0	0	0	0	0	130	0	668	0	0	0	0	0	0	0	2312	0	0	0	2144	3482	3708	400	142	382	670	4068	12244	5670	8416	402	0	860	0	1152	146	0	0	74	136	9162	6416	1400	0	250	136	
186832	Occipital_Sup_L	778	0	0	0	0	0	0	0	0	0	0	0	0	0	0	0	0	0	0	0	0	0	0	0	0	0	0	0	0	0	0	0	0	0	70	0	0	0	0	0	0	0	15526	1014	20022	1158	3316	0	0	0	27154	0	984	0	798	0	1722	0	7124	0	1292	0	0	0	0	0	9740	88	290	0	0	0	0	0	0	0	0	0	0	0	0	0	0	0	1912	0	0	0	428	0	0	0	0	0	0	0	0	0	0	0	0	0	0	0	0	0	0	0	0	0	0	0	0	0	0	0	
268056	Occipital_Sup_R	0	88	0	0	0	0	0	0	0	0	0	0	0	0	0	0	0	0	0	388	0	0	0	0	0	0	0	0	0	0	0	0	950	1516	0	106	0	0	0	0	0	0	864	17264	1566	35386	70	4576	0	0	0	25684	0	1704	0	444	0	4478	0	4556	0	182	0	0	0	1158	2460	21248	0	4336	0	0	0	0	0	0	0	0	0	0	0	0	0	0	0	4788	0	0	0	216	0	0	0	0	0	0	0	0	0	0	0	0	0	0	0	0	0	0	0	0	0	0	0	0	0	0	
555400	Occipital_Mid_L	6366	0	258	0	0	0	0	0	0	0	0	0	0	0	0	0	2704	0	126	80	0	0	0	0	0	0	0	0	766	0	0	0	0	0	230	0	0	0	594	0	0	0	21428	196	7328	212	20310	0	27154	0	0	0	35762	0	22168	0	13674	0	17328	0	14648	0	2078	0	21090	0	13412	0	3302	0	0	0	0	0	0	0	0	0	440	0	1792	0	0	0	37312	0	0	0	6942	0	0	0	0	0	0	0	0	0	0	0	0	0	0	0	0	0	0	0	0	0	0	0	0	0	0	0	
257644	Occipital_Mid_R	0	792	0	0	0	0	0	0	0	0	0	0	0	0	0	0	0	0	0	1248	0	0	0	0	0	0	0	0	0	118	0	0	0	1656	0	88	0	0	0	90	0	0	0	14452	224	12718	0	4436	0	25684	0	0	0	6538	0	1700	0	4480	0	1834	0	3594	0	256	0	8478	402	11878	0	2866	0	0	0	0	0	0	0	0	0	0	0	182	0	0	0	22618	0	0	0	2414	0	0	0	0	0	0	0	0	0	76	0	0	0	0	0	0	0	0	0	0	0	0	0	0	0	0	
283484	Occipital_Inf_L	2680	0	238	0	0	0	0	0	0	0	0	0	0	0	0	0	2204	0	126	70	0	0	0	0	0	0	0	0	736	0	0	0	0	0	0	0	0	0	344	0	0	0	4540	0	448	0	15754	0	984	0	35762	0	0	0	24918	0	6444	0	3870	0	4598	0	1116	0	5096	0	3014	0	1178	0	0	0	0	0	0	0	0	0	808	0	1332	0	0	0	17922	0	0	0	6542	0	348	0	0	0	0	0	88	68	272	0	0	0	0	0	0	0	0	0	0	0	130	112	0	0	0	0	
161468	Occipital_Inf_R	0	414	0	0	0	0	0	0	0	0	0	0	0	0	0	0	0	0	0	608	0	0	0	0	0	0	0	0	0	0	0	0	0	898	0	474	0	1448	0	1560	0	0	0	5780	0	1378	118	11178	0	1704	0	6538	0	0	0	17220	0	1186	0	0	0	0	0	0	0	198	0	4048	0	1230	0	0	0	0	0	0	0	0	0	0	0	0	0	0	0	4898	0	0	0	9504	372	294	0	0	0	90	1044	2266	810	1706	0	0	140	0	286	76	0	0	0	0	2054	930	138	0	76	70	
640132	Fusiform_L	5424	358	1030	140	0	0	676	0	0	0	0	0	0	0	0	0	1978	0	466	206	86	0	0	0	0	0	0	0	5414	0	0	0	0	0	4094	1748	17980	1582	17032	720	2214	0	11588	0	750	0	39764	1408	798	0	22168	0	24918	0	0	674	5378	0	2326	0	5012	0	2528	0	3684	0	7920	582	2446	0	0	0	2798	74	0	0	350	1684	5480	0	2114	0	3462	0	12542	0	2754	0	24538	0	19624	540	3810	0	92	84	12258	1324	23150	1496	1544	0	1548	0	0	0	0	0	0	0	2836	2330	542	0	0	0	
484496	Fusiform_R	0	962	0	318	0	86	0	254	0	0	0	98	0	0	0	0	0	230	0	1146	0	0	0	0	0	0	0	0	0	3160	0	0	0	462	686	1804	524	24060	448	19212	0	4744	82	2792	0	266	472	26264	0	444	0	1700	0	17220	674	0	0	566	0	0	0	82	0	142	0	274	208	3018	0	700	0	0	0	4314	0	710	0	2006	0	94	0	1376	0	7018	0	3646	0	3092	0	21538	1924	15810	430	326	112	2058	2984	17340	3426	21392	742	172	1242	286	2106	384	0	0	96	216	7192	5406	666	80	668	298	
352532	Postcentral_L	22002	1930	6348	760	0	0	536	804	0	0	1076	744	0	0	0	0	13514	0	1558	2134	0	0	0	0	0	0	0	0	4282	88	0	0	1856	310	3406	0	1630	126	202	0	0	0	4438	0	2976	0	3692	0	1722	0	13674	0	6444	0	5378	0	0	120	9940	0	21026	0	8092	0	3480	0	9096	0	3782	0	752	180	1654	70	304	0	812	246	1366	0	8000	0	0	0	4824	0	0	0	892	0	0	0	0	0	0	0	0	0	0	0	0	0	0	0	0	0	0	0	0	0	0	0	0	0	0	0	
203308	Postcentral_R	342	11544	0	462	0	0	0	476	0	0	0	1062	0	0	0	0	0	2276	0	5172	0	0	0	0	0	0	0	0	0	614	0	0	116	8312	0	1618	0	796	0	0	0	0	0	662	0	3144	0	376	0	4478	0	4480	0	1186	0	566	120	0	0	5660	68	5082	0	7276	0	1880	796	9710	288	15016	0	78	220	210	220	0	0	0	0	366	0	1556	0	0	0	3518	0	0	0	1908	0	0	0	0	0	0	0	0	0	0	0	0	0	0	0	0	0	0	0	0	0	0	0	0	0	0	
157652	Parietal_Sup_L	0	0	0	0	0	0	0	0	0	0	0	0	0	0	0	0	116	0	0	0	0	0	0	0	0	0	0	0	0	0	0	0	0	0	0	0	0	0	0	0	0	0	1140	0	2276	0	1816	0	7124	0	17328	0	3870	0	2326	0	9940	0	0	0	11468	0	182	0	4982	0	12178	0	0	0	0	0	0	0	0	0	0	0	0	0	88	0	0	0	3918	0	0	0	74	0	0	0	0	0	0	0	0	0	0	0	0	0	0	0	0	0	0	0	0	0	0	0	0	0	0	0	
51836	Parietal_Sup_R	0	70	0	0	0	0	0	0	0	0	0	0	0	0	0	0	0	0	0	0	0	0	0	0	0	0	0	0	0	0	0	0	0	0	0	0	0	0	0	0	0	0	0	72	0	1922	0	0	0	4556	0	1834	0	0	0	0	0	5660	0	0	0	3220	0	722	0	2214	150	4672	0	738	0	0	0	0	0	0	0	0	0	0	0	0	0	0	0	88	0	0	0	0	0	0	0	0	0	0	0	0	0	0	0	0	0	0	0	0	0	0	0	0	0	0	0	0	0	0	
253060	Parietal_Inf_L	1644	176	258	108	0	0	0	76	0	0	0	0	0	0	0	0	1042	0	0	310	0	0	0	0	0	0	0	0	174	0	0	0	0	0	338	0	0	0	0	0	0	0	2198	0	1552	0	3214	0	1292	0	14648	0	4598	0	5012	0	21026	68	11468	0	0	0	18682	0	15510	0	4792	0	538	0	86	0	0	0	0	0	0	0	198	0	1428	0	0	0	9352	0	0	0	6742	0	0	0	0	0	0	0	0	0	0	0	0	0	0	0	0	0	0	0	0	0	0	0	0	0	0	0	
76656	Parietal_Inf_R	0	772	0	132	0	0	0	154	0	0	0	114	0	0	0	0	0	324	0	136	0	0	0	0	0	0	0	0	0	324	0	0	0	234	0	0	0	80	0	0	0	0	0	0	0	0	0	0	0	182	0	3594	0	0	0	82	0	5082	0	3220	0	0	0	9672	0	12136	0	0	0	424	0	0	0	0	0	0	0	0	0	88	0	256	0	0	0	742	0	0	0	580	0	0	0	0	0	0	0	0	0	0	0	0	0	0	0	0	0	0	0	0	0	0	0	0	0	0	
143960	SupraMarginal_L	828	0	1032	0	0	0	0	0	0	0	0	0	0	0	0	0	4826	0	446	0	0	0	0	0	0	0	0	0	502	0	0	0	112	0	0	0	0	0	0	0	0	0	134	0	0	0	878	0	0	0	2078	0	1116	0	2528	0	8092	0	182	0	18682	0	0	0	4766	0	0	0	298	0	0	0	0	0	0	0	0	0	308	0	7602	0	0	0	8928	0	0	0	8642	0	0	0	0	0	0	0	0	0	0	0	0	0	0	0	0	0	0	0	0	0	0	0	0	0	0	0	
66464	SupraMarginal_R	0	2370	0	152	0	0	0	178	0	0	0	406	0	0	0	0	0	1328	0	312	0	0	0	0	0	0	0	0	0	768	0	0	0	106	0	0	0	206	0	0	0	0	0	104	0	0	0	0	0	0	0	256	0	0	0	142	0	7276	0	722	0	9672	0	0	0	3670	0	138	0	776	0	0	0	0	0	0	0	0	0	136	0	3134	0	0	0	884	0	0	0	496	0	0	0	0	0	0	0	0	0	0	0	0	0	0	0	0	0	0	0	0	0	0	0	0	0	0	
171124	Angular_L	260	0	134	0	0	0	0	0	0	0	0	0	0	0	0	0	578	0	0	0	0	0	0	0	0	0	0	0	198	0	0	0	0	0	0	0	0	0	0	0	0	0	1396	0	0	0	3232	0	0	0	21090	0	5096	0	3684	0	3480	0	4982	0	15510	0	4766	0	0	0	2332	0	0	0	0	0	0	0	0	0	0	0	0	0	766	0	0	0	14748	0	0	0	3310	0	0	0	0	0	0	0	0	0	0	0	0	0	0	0	0	0	0	0	0	0	0	0	0	0	0	0	
88904	Angular_R	0	1616	0	82	0	0	0	394	0	0	0	0	0	0	0	0	0	226	0	256	0	0	0	0	0	0	0	0	0	1544	0	0	0	426	0	0	0	212	0	0	0	0	0	202	0	0	0	80	0	1158	0	8478	0	198	0	274	0	1880	0	2214	0	12136	0	3670	0	0	0	188	0	642	0	0	0	0	0	0	0	0	0	0	0	1568	0	0	0	5672	0	0	0	1336	0	0	0	0	0	0	0	0	0	0	0	0	0	0	0	0	0	0	0	0	0	0	0	0	0	0	
295904	Precuneus_L	916	434	0	104	0	0	0	0	0	0	0	0	0	0	0	0	70	0	0	346	0	0	0	0	0	0	0	0	0	0	0	0	1396	616	7466	1974	2612	1138	3162	390	0	0	16558	1402	14458	4174	9330	216	9740	2460	13412	402	3014	0	7920	208	9096	796	12178	150	4792	0	0	0	2332	0	0	5040	3334	882	0	0	0	0	0	0	0	962	0	0	0	0	0	0	3524	0	0	0	352	0	0	0	0	0	0	0	274	78	158	0	0	0	0	0	0	0	0	0	0	0	86	0	0	0	0	0	
369780	Precuneus_R	588	328	0	0	0	0	0	0	0	0	0	0	0	0	0	0	0	0	146	3832	0	0	0	0	0	0	0	0	0	84	0	0	1654	7976	760	11658	588	6012	588	4860	0	0	296	20898	1136	23768	0	14322	88	21248	0	11878	0	4048	582	3018	0	9710	0	4672	0	0	0	138	0	188	5040	0	604	14022	0	0	0	0	0	0	0	638	0	0	0	0	0	0	0	5494	0	0	0	2018	0	0	0	0	0	0	0	834	0	0	0	0	0	0	0	0	0	0	0	0	1176	0	0	0	0	0	
180476	Paracentral_Lobule_L	25452	2872	158	1080	0	0	0	0	0	0	0	0	0	0	0	0	310	0	2664	10426	0	0	0	0	0	0	0	0	180	0	0	0	4400	4526	6300	754	320	0	660	0	0	0	1578	162	1790	0	916	84	290	0	3302	0	1178	0	2446	0	3782	288	0	0	538	0	298	0	0	0	3334	604	0	4624	0	0	0	0	0	0	0	0	310	0	444	0	0	0	2270	0	0	0	1898	0	0	0	0	0	0	0	0	0	0	0	0	0	0	0	0	0	0	0	0	0	0	0	0	0	0	0	
229736	Paracentral_Lobule_R	4046	5630	0	0	0	0	0	0	0	0	0	0	0	0	0	0	0	88	102	19370	0	0	0	0	0	0	0	0	0	92	0	0	1346	18858	190	4084	0	896	0	0	0	0	0	2802	0	3966	0	1572	0	4336	0	2866	0	1230	0	700	0	15016	0	738	0	424	0	776	0	642	882	14022	4624	0	0	742	0	0	0	0	0	130	0	82	0	992	0	0	0	2482	0	0	0	1142	0	0	0	0	0	0	0	0	0	0	0	0	0	0	0	0	0	0	0	0	0	0	0	0	0	0	
187684	Caudate_L	2848	3074	4366	2862	0	0	768	4028	0	0	76	4560	0	1382	70	846	0	258	5296	3608	4712	4084	1492	1016	546	116	2008	940	1050	1708	8522	3698	74	1748	0	0	156	166	0	0	0	0	0	0	0	0	0	0	0	0	0	0	0	0	0	0	752	0	0	0	86	0	0	0	0	0	0	0	0	0	0	7190	9986	522	2362	0	6252	614	0	0	0	0	0	0	0	0	0	0	0	0	0	0	0	0	0	0	0	0	0	0	0	0	0	0	0	0	0	0	0	0	0	0	0	0	0	0	
275924	Caudate_R	434	4544	2340	17682	0	1864	0	650	0	88	0	3620	0	1442	0	1360	472	96	2098	17280	2018	2572	434	8464	170	2764	446	3232	624	3436	4036	14010	0	644	0	0	98	124	0	0	0	0	0	0	0	0	0	0	0	0	0	0	0	0	0	0	180	78	0	0	0	0	0	0	0	0	0	0	0	742	7190	0	1600	11164	140	1160	636	17802	144	0	0	0	0	84	0	0	0	0	0	0	0	0	0	0	0	0	0	0	0	0	0	0	0	0	0	0	0	0	0	0	0	0	0	0	0	0	
244204	Putamen_L	3232	1472	15470	518	782	0	3064	1232	668	0	1244	1282	374	96	2528	0	1166	176	11272	1324	2018	1350	2618	298	830	0	720	564	13032	422	12814	2408	644	538	0	0	7102	0	1452	0	260	0	0	0	0	0	0	0	0	0	0	0	0	0	2798	0	1654	220	0	0	0	0	0	0	0	0	0	0	0	0	9986	1600	0	172	7824	0	1450	90	0	0	708	0	340	0	0	0	0	0	2290	0	0	0	0	0	0	0	0	0	0	0	0	0	0	0	0	0	0	0	0	0	0	0	0	0	0	0	
228780	Putamen_R	80	2260	354	9178	0	2754	0	2180	0	104	0	5470	0	1540	0	1050	0	3176	456	12070	0	0	0	6318	0	2982	0	162	0	16278	674	8072	0	622	256	256	204	8090	136	4174	0	798	0	0	0	0	0	0	0	0	0	0	0	0	74	4314	70	210	0	0	0	0	0	0	0	0	0	0	0	0	522	11164	172	0	0	2202	0	2194	0	524	0	1268	0	1666	0	174	0	0	0	142	0	0	0	0	0	0	0	0	0	0	0	0	0	0	0	0	0	0	0	0	0	0	0	0	0	0	
50704	Pallidum_L	390	1240	3830	358	0	0	466	696	0	0	0	358	0	0	0	0	86	0	2128	768	0	0	0	0	0	0	0	0	0	0	0	0	888	90	0	0	762	68	0	0	0	0	0	0	0	0	0	0	0	0	0	0	0	0	0	0	304	220	0	0	0	0	0	0	0	0	0	0	0	0	2362	140	7824	0	0	0	2230	144	0	0	0	0	0	0	0	0	0	0	0	0	0	0	0	0	0	0	0	0	0	0	0	0	0	0	0	0	0	0	0	0	0	0	0	0	0	0	
18352	Pallidum_R	0	178	0	152	0	0	0	0	0	0	0	94	0	0	0	0	0	408	0	1948	0	0	0	0	0	0	0	0	0	0	0	0	0	0	0	0	0	1018	0	814	0	0	0	0	0	0	0	130	0	0	0	0	0	0	0	710	0	0	0	0	0	0	0	0	0	0	0	0	0	0	0	1160	0	2202	0	0	0	190	0	92	0	80	0	0	0	0	0	0	0	0	0	0	0	0	0	0	0	0	0	0	0	0	0	0	0	0	0	0	0	0	0	0	0	0	0	0	
100224	Thalamus_L	8884	1666	6910	1472	0	0	4100	0	0	0	0	0	0	0	0	0	0	0	162	1886	0	0	0	0	0	0	0	0	544	0	0	0	0	0	216	196	4318	230	850	0	0	0	0	0	0	0	0	0	0	0	0	0	0	0	350	0	812	0	0	0	0	0	0	0	0	0	0	0	0	0	6252	636	1450	0	2230	0	0	6034	480	0	0	0	0	0	0	0	0	0	434	0	0	0	0	0	0	0	0	0	0	0	0	0	0	0	0	0	0	0	0	0	0	0	0	0	0	0	
225444	Thalamus_R	1584	11338	326	13388	0	0	372	2228	0	0	0	270	0	0	0	0	0	974	74	11070	0	0	0	0	0	0	0	0	356	854	0	0	0	0	5802	5450	6598	9124	4050	2970	0	0	0	0	0	0	138	668	0	0	0	0	0	0	1684	2006	246	0	0	0	0	0	0	0	0	0	962	638	0	130	614	17802	90	2194	144	190	6034	0	662	282	0	462	0	0	0	0	0	0	154	404	0	0	0	0	0	0	0	390	0	0	0	0	0	0	0	0	0	0	0	0	0	0	0	0	0	0	
75864	Heschl_L	2338	262	1328	0	0	0	570	0	0	0	496	148	0	0	0	0	3050	0	582	290	0	0	0	0	0	0	0	0	4952	88	0	0	0	0	452	138	2602	0	78	0	0	0	0	0	0	0	170	0	0	0	440	0	808	0	5480	0	1366	0	0	0	198	0	308	0	0	0	0	0	310	0	0	144	0	0	0	0	480	662	0	0	2470	0	0	0	2370	0	0	0	5352	0	0	0	0	0	0	0	0	0	0	0	0	0	0	0	0	0	0	0	0	0	0	0	0	0	0	0	
26688	Heschl_R	0	430	0	68	0	0	0	0	0	0	0	700	0	0	0	0	0	3222	0	476	0	0	0	0	0	0	0	0	0	1464	0	0	0	0	0	0	0	202	0	0	0	0	0	0	0	0	0	0	0	0	0	0	0	0	0	94	0	366	0	0	0	88	0	136	0	0	0	0	0	82	0	0	0	524	0	92	0	282	0	0	0	4498	0	0	0	620	0	0	0	0	0	0	0	0	0	0	0	0	0	0	0	0	0	0	0	0	0	0	0	0	0	0	0	0	0	0	
185528	Temporal_Sup_L	3154	114	3324	108	0	0	0	0	0	0	2756	0	0	0	0	0	12108	0	2144	114	0	0	0	0	0	0	0	0	5074	0	0	0	94	0	0	0	978	0	0	0	0	0	208	0	0	0	806	0	0	0	1792	0	1332	0	2114	0	8000	0	88	0	1428	0	7602	0	766	0	0	0	444	0	0	0	708	0	0	0	0	0	2470	0	0	0	3358	0	21132	0	0	0	10548	0	0	0	0	0	0	0	0	0	0	0	0	0	0	0	0	0	0	0	0	0	0	0	0	0	0	0	
97224	Temporal_Sup_R	0	910	0	260	0	0	0	118	0	0	0	1388	0	0	0	744	0	5492	0	1118	0	0	0	0	0	0	0	0	0	5950	0	0	0	158	0	0	0	1086	0	250	0	0	0	0	0	0	0	0	0	0	0	182	0	0	0	1376	0	1556	0	0	0	256	0	3134	0	1568	0	0	0	992	0	0	0	1268	0	80	0	462	0	4498	0	0	0	4076	0	8906	0	178	0	2606	0	0	0	0	0	0	0	0	0	0	0	0	0	0	0	0	0	0	0	0	0	0	0	0	0	0	
79816	Temporal_Pole_Sup_L	0	0	680	0	166	0	114	0	0	0	984	0	232	0	848	0	644	0	622	0	606	0	0	0	0	0	0	0	2386	0	0	0	0	0	0	0	1652	0	1864	0	1166	0	0	0	0	0	0	0	0	0	0	0	0	0	3462	0	0	0	0	0	0	0	0	0	0	0	0	0	0	0	0	0	340	0	0	0	0	0	0	0	3358	0	0	0	8272	0	5368	0	7144	0	0	0	0	0	0	0	0	0	0	0	0	0	0	0	0	0	0	0	0	0	0	0	0	0	0	0	
86444	Temporal_Pole_Sup_R	0	0	0	102	0	168	0	0	0	0	0	1444	0	0	0	2144	0	820	112	542	0	82	0	0	0	0	0	0	0	3670	0	0	0	0	0	0	0	1964	0	3786	0	2934	0	0	0	0	0	0	0	0	0	0	0	0	0	7018	0	0	0	0	0	0	0	0	0	0	0	0	0	0	0	84	0	1666	0	0	0	0	0	0	0	4076	0	0	0	3188	0	5422	0	4000	0	0	0	0	0	0	0	0	0	0	0	0	0	0	0	0	0	0	0	0	0	0	0	0	0	0	
431032	Temporal_Mid_L	3086	0	208	0	0	0	0	0	0	0	0	0	0	0	0	0	2446	0	128	78	0	0	0	0	0	0	0	0	1482	0	0	0	0	0	0	0	152	0	212	0	0	0	4530	0	326	0	6796	0	1912	0	37312	0	17922	0	12542	0	4824	0	3918	0	9352	0	8928	0	14748	0	3524	0	2270	0	0	0	0	0	0	0	0	0	2370	0	21132	0	8272	0	0	0	4286	0	42760	0	0	0	0	0	0	0	0	0	0	0	0	0	0	0	0	0	0	0	0	0	0	0	0	0	0	0	
235500	Temporal_Mid_R	0	1434	0	86	0	0	0	374	0	0	0	0	0	0	0	116	0	580	0	850	0	0	0	0	0	0	0	0	0	3998	0	0	0	1634	0	108	0	596	0	284	0	0	0	7696	0	4320	0	2312	0	4788	0	22618	0	4898	0	3646	0	3518	0	88	0	742	0	884	0	5672	0	5494	0	2482	0	0	0	174	0	0	0	0	0	620	0	8906	0	3188	0	0	0	944	0	24548	0	0	0	0	0	0	0	0	0	152	0	0	0	0	0	0	0	0	0	0	0	0	0	0	0	0	
38704	Temporal_Pole_Mid_L	0	0	0	0	0	0	0	0	0	0	0	0	0	0	0	0	0	0	0	0	0	0	0	0	0	0	0	0	0	0	0	0	0	0	0	0	402	0	1530	0	326	0	0	0	0	0	0	0	0	0	0	0	0	0	2754	0	0	0	0	0	0	0	0	0	0	0	0	0	0	0	0	0	0	0	0	0	0	0	0	0	0	0	5368	0	4286	0	0	0	4686	0	0	0	0	0	0	0	0	0	0	0	0	0	0	0	0	0	0	0	0	0	0	0	0	0	0	0	
29900	Temporal_Pole_Mid_R	0	0	0	0	0	0	0	0	0	0	0	0	0	0	0	0	0	0	0	0	0	0	0	0	0	0	0	0	0	0	0	0	0	0	0	0	0	148	0	2164	0	426	0	0	0	0	0	0	0	0	0	0	0	0	0	3092	0	0	0	0	0	0	0	0	0	0	0	0	0	0	0	0	0	0	0	0	0	0	0	0	0	178	0	5422	0	944	0	0	0	2576	0	0	0	0	0	0	0	0	0	0	0	0	0	0	0	0	0	0	0	0	0	0	0	0	0	0	
332080	Temporal_Inf_L	3190	70	984	0	0	0	504	0	0	0	0	0	0	0	0	0	836	0	674	76	70	0	0	0	0	0	0	0	6038	0	0	0	0	0	164	82	11872	0	2548	0	660	0	942	0	80	0	1384	0	428	0	6942	0	6542	0	24538	0	892	0	74	0	6742	0	8642	0	3310	0	352	0	1898	0	0	0	2290	0	0	0	434	154	5352	0	10548	0	7144	0	42760	0	4686	0	0	0	1390	0	134	0	0	0	68	0	546	0	0	0	0	0	0	0	0	0	0	0	0	0	0	0	0	0	
195008	Temporal_Inf_R	0	718	0	132	0	0	0	170	0	0	0	0	0	0	0	0	0	264	0	502	0	0	0	0	0	0	0	0	0	2204	0	0	0	600	70	344	0	4364	0	2480	0	264	0	2672	0	344	0	2144	0	216	0	2414	0	9504	0	21538	0	1908	0	0	0	580	0	496	0	1336	0	2018	0	1142	0	0	0	142	0	0	0	404	0	0	0	2606	0	4000	0	24548	0	2576	0	0	0	2656	0	250	0	92	0	344	0	1092	0	158	0	212	0	0	0	0	0	0	0	0	0	0	0	0	
504216	Cerebelum_Crus1_L	0	0	0	0	0	0	0	0	0	0	0	0	0	0	0	0	0	0	0	0	0	0	0	0	0	0	0	0	0	0	0	0	0	0	0	0	172	0	1270	0	0	0	68	0	0	0	10192	3482	0	0	0	0	348	372	19624	1924	0	0	0	0	0	0	0	0	0	0	0	0	0	0	0	0	0	0	0	0	0	0	0	0	0	0	0	0	0	0	0	0	1390	0	0	4204	39564	1550	708	246	30570	4132	60534	7542	12642	70	21422	260	3312	218	1116	0	100	162	9176	8372	6066	502	678	120	
595228	Cerebelum_Crus1_R	0	0	0	0	0	0	0	0	0	0	0	0	0	0	0	0	0	0	0	0	0	0	0	0	0	0	0	0	0	0	0	0	0	0	0	0	0	134	0	892	0	0	0	0	0	0	636	3708	0	0	0	0	0	294	540	15810	0	0	0	0	0	0	0	0	0	0	0	0	0	0	0	0	0	0	0	0	0	0	0	0	0	0	0	0	0	0	0	0	0	2656	4204	0	6194	43564	818	3448	2730	26060	5088	67500	3270	15190	3288	28820	2726	8608	108	740	544	2662	8706	9176	19242	4196	5032	1030	
456996	Cerebelum_Crus2_L	0	0	0	0	0	0	0	0	0	0	0	0	0	0	0	0	0	0	0	0	0	0	0	0	0	0	0	0	0	0	0	0	0	0	0	0	0	0	222	0	0	0	0	0	0	0	392	400	0	0	0	0	0	0	3810	430	0	0	0	0	0	0	0	0	0	0	0	0	0	0	0	0	0	0	0	0	0	0	0	0	0	0	0	0	0	0	0	0	134	0	39564	6194	0	12054	220	140	5848	1750	13070	4640	45120	6262	42706	9676	7232	1424	2034	88	0	96	1740	1592	14710	5338	1450	162	
410900	Cerebelum_Crus2_R	0	0	0	0	0	0	0	0	0	0	0	0	0	0	0	0	0	0	0	0	0	0	0	0	0	0	0	0	0	0	0	0	0	0	0	0	0	0	0	0	0	0	0	0	0	0	82	142	0	0	0	0	0	0	0	326	0	0	0	0	0	0	0	0	0	0	0	0	0	0	0	0	0	0	0	0	0	0	0	0	0	0	0	0	0	0	0	0	0	250	1550	43564	12054	0	128	214	196	2596	1402	20002	7036	29598	4674	37432	584	8836	0	840	90	202	710	1662	20468	6342	3870	600	
53368	Cerebelum_3_L	0	0	0	0	0	0	0	0	0	0	0	0	0	0	0	0	0	0	0	0	0	0	0	0	0	0	0	0	0	0	0	0	0	0	0	0	0	0	110	0	0	0	0	0	0	0	444	382	0	0	0	0	0	0	92	112	0	0	0	0	0	0	0	0	0	0	0	0	0	0	0	0	0	0	0	0	0	0	0	0	0	0	0	0	0	0	0	0	0	0	708	818	220	128	0	1424	7240	1618	1912	2066	140	0	288	0	336	82	0	0	1350	3402	3452	360	0	0	0	0	
89144	Cerebelum_3_R	0	0	0	0	0	0	0	0	0	0	0	0	0	0	0	0	0	0	0	0	0	0	0	0	0	0	0	0	0	0	0	0	0	0	0	0	0	274	0	576	0	0	0	0	0	0	146	670	0	0	0	0	0	90	84	2058	0	0	0	0	0	0	0	0	0	0	0	0	0	0	0	0	0	0	0	0	0	0	0	0	0	0	0	0	0	0	0	0	0	92	246	3448	140	214	1424	0	1712	8438	398	9954	0	102	148	152	116	1076	0	0	942	5778	3586	968	72	92	754	822	
391720	Cerebelum_4_5_L	0	0	0	0	0	0	0	0	0	0	0	0	0	0	0	0	0	0	0	0	0	0	0	0	0	0	0	0	0	0	0	0	0	0	72	0	518	0	2112	0	0	0	214	0	0	0	12948	4068	0	0	0	0	88	1044	12258	2984	0	0	0	0	0	0	0	0	0	0	274	0	0	0	0	0	0	0	0	0	0	0	0	0	0	0	0	0	0	0	0	0	68	0	30570	2730	5848	196	7240	1712	0	11138	45916	6064	2974	0	6404	0	3988	928	590	0	794	2312	22902	4998	148	0	436	1324	
398236	Cerebelum_4_5_R	0	0	0	0	0	0	0	0	0	0	0	0	0	0	0	0	0	0	0	0	0	0	0	0	0	0	0	0	0	0	0	0	0	0	170	424	158	2276	154	5062	0	0	0	218	0	0	2326	12244	0	0	0	0	68	2266	1324	17340	0	0	0	0	0	0	0	0	0	0	78	834	0	0	0	0	0	0	0	0	0	390	0	0	0	0	0	0	0	0	0	0	0	344	4132	26060	1750	2596	1618	8438	11138	0	7122	41436	810	598	1938	1796	1608	2910	0	0	1084	4770	23048	4518	1716	1200	2266	890	
507412	Cerebelum_6_L	0	0	0	0	0	0	0	0	0	0	0	0	0	0	0	0	0	0	0	0	0	0	0	0	0	0	0	0	0	0	0	0	0	0	0	0	276	0	1888	0	0	0	112	0	0	0	15472	5670	0	0	0	0	272	810	23150	3426	0	0	0	0	0	0	0	0	0	0	158	0	0	0	0	0	0	0	0	0	0	0	0	0	0	0	0	0	0	0	0	0	546	0	60534	5088	13070	1402	1912	398	45916	7122	0	10240	6114	0	9840	114	3504	216	776	0	164	266	16098	13324	5148	144	322	214	
638412	Cerebelum_6_R	0	0	0	0	0	0	0	0	0	0	0	0	0	0	0	0	0	0	0	0	0	0	0	0	0	0	0	0	0	0	0	0	0	0	0	0	0	186	0	1040	0	0	0	74	0	0	1258	8416	0	0	0	76	0	1706	1496	21392	0	0	0	0	0	0	0	0	0	0	0	0	0	0	0	0	0	0	0	0	0	0	0	0	0	0	0	0	0	152	0	0	0	1092	7542	67500	4640	20002	2066	9954	6064	41436	10240	0	2402	2814	3526	13932	4588	9636	180	820	1436	5898	16790	17336	18662	5244	7578	2032	
360460	Cerebelum_7b_L	0	0	0	0	0	0	0	0	0	0	0	0	0	0	0	0	0	0	0	0	0	0	0	0	0	0	0	0	0	0	0	0	0	0	0	0	0	0	114	0	0	0	0	0	0	0	246	402	0	0	0	0	0	0	1544	742	0	0	0	0	0	0	0	0	0	0	0	0	0	0	0	0	0	0	0	0	0	0	0	0	0	0	0	0	0	0	0	0	0	0	12642	3270	45120	7036	140	0	2974	810	6114	2402	0	5378	46174	10412	12008	1314	2048	0	0	0	478	1686	7806	8224	1074	72	
217032	Cerebelum_7b_R	0	0	0	0	0	0	0	0	0	0	0	0	0	0	0	0	0	0	0	0	0	0	0	0	0	0	0	0	0	0	0	0	0	0	0	0	0	0	0	0	0	0	0	0	0	0	0	0	0	0	0	0	0	0	0	172	0	0	0	0	0	0	0	0	0	0	0	0	0	0	0	0	0	0	0	0	0	0	0	0	0	0	0	0	0	0	0	0	0	158	70	15190	6262	29598	0	102	0	598	0	2814	5378	0	2614	33762	0	2464	0	116	0	0	74	0	5852	3144	148	0	
419920	Cerebelum_8_L	0	0	0	0	0	0	0	0	0	0	0	0	0	0	0	0	0	0	0	0	0	0	0	0	0	0	0	0	0	0	0	0	0	0	0	0	0	0	102	0	0	0	0	0	0	0	162	860	0	0	0	0	0	140	1548	1242	0	0	0	0	0	0	0	0	0	0	0	0	0	0	0	0	0	0	0	0	0	0	0	0	0	0	0	0	0	0	0	0	0	0	21422	3288	42706	4674	288	148	6404	1938	9840	3526	46174	2614	0	8708	24546	2270	4048	0	68	100	2494	2432	5770	9094	3212	142	
389788	Cerebelum_8_R	0	0	0	0	0	0	0	0	0	0	0	0	0	0	0	0	0	0	0	0	0	0	0	0	0	0	0	0	0	0	0	0	0	0	0	0	0	0	0	0	0	0	0	0	0	0	0	0	0	0	0	0	0	0	0	286	0	0	0	0	0	0	0	0	0	0	0	0	0	0	0	0	0	0	0	0	0	0	0	0	0	0	0	0	0	0	0	0	0	212	260	28820	9676	37432	0	152	0	1796	114	13932	10412	33762	8708	0	350	23858	0	828	0	0	160	162	11972	9464	2340	198	
186884	Cerebelum_9_L	0	0	0	0	0	0	0	0	0	0	0	0	0	0	0	0	0	0	0	0	0	0	0	0	0	0	0	0	0	0	0	0	0	0	0	0	0	0	0	0	0	0	0	0	0	0	0	1152	0	0	0	0	0	286	0	2106	0	0	0	0	0	0	0	0	0	0	0	0	0	0	0	0	0	0	0	0	0	0	0	0	0	0	0	0	0	0	0	0	0	0	3312	2726	7232	584	336	116	3988	1608	3504	4588	12008	0	24546	350	0	1440	5630	0	0	0	3080	6538	2036	1586	3558	1132	
189872	Cerebelum_9_R	0	0	0	0	0	0	0	0	0	0	0	0	0	0	0	0	0	0	0	0	0	0	0	0	0	0	0	0	0	0	0	0	0	0	0	0	0	0	0	0	0	0	0	0	0	0	0	146	0	0	0	0	0	76	0	384	0	0	0	0	0	0	0	0	0	0	0	0	0	0	0	0	0	0	0	0	0	0	0	0	0	0	0	0	0	0	0	0	0	0	218	8608	1424	8836	82	1076	928	2910	216	9636	1314	2464	2270	23858	1440	0	0	1826	264	378	2084	3256	4676	5408	7608	3550	
34348	Cerebelum_10_L	0	0	0	0	0	0	0	0	0	0	0	0	0	0	0	0	0	0	0	0	0	0	0	0	0	0	0	0	0	0	0	0	0	0	0	0	0	0	0	0	0	0	0	0	0	0	0	0	0	0	0	0	0	0	0	0	0	0	0	0	0	0	0	0	0	0	0	0	0	0	0	0	0	0	0	0	0	0	0	0	0	0	0	0	0	0	0	0	0	0	1116	108	2034	0	0	0	590	0	776	180	2048	0	4048	0	5630	0	0	0	0	0	204	260	80	0	100	0	
12892	Cerebelum_10_R	0	0	0	0	0	0	0	0	0	0	0	0	0	0	0	0	0	0	0	0	0	0	0	0	0	0	0	0	0	0	0	0	0	0	0	0	0	0	0	0	0	0	0	0	0	0	0	0	0	0	0	0	0	0	0	0	0	0	0	0	0	0	0	0	0	0	0	0	0	0	0	0	0	0	0	0	0	0	0	0	0	0	0	0	0	0	0	0	0	0	0	740	88	840	0	0	0	0	0	820	0	116	0	828	0	1826	0	0	0	0	0	0	490	342	356	0	
27448	Vermis_1_2	0	0	0	0	0	0	0	0	0	0	0	0	0	0	0	0	0	0	0	0	0	0	0	0	0	0	0	0	0	0	0	0	0	0	0	0	0	0	0	0	0	0	0	0	0	0	0	74	0	0	0	0	0	0	0	96	0	0	0	0	0	0	0	0	0	0	0	0	0	0	0	0	0	0	0	0	0	0	0	0	0	0	0	0	0	0	0	0	0	0	100	544	0	90	1350	942	794	1084	164	1436	0	0	68	0	0	264	0	0	0	4170	2068	186	0	0	100	194	
73704	Vermis_3	0	0	0	0	0	0	0	0	0	0	0	0	0	0	0	0	0	0	0	0	0	0	0	0	0	0	0	0	0	0	0	0	0	0	0	0	0	0	120	0	0	0	0	0	0	0	232	136	0	0	0	0	0	0	0	216	0	0	0	0	0	0	0	0	0	0	0	0	0	0	0	0	0	0	0	0	0	0	0	0	0	0	0	0	0	0	0	0	0	0	162	2662	96	202	3402	5778	2312	4770	266	5898	0	0	100	0	0	378	0	0	4170	0	5052	426	0	0	228	246	
331624	Vermis_4_5	0	0	0	0	0	0	0	0	0	0	0	0	0	0	0	0	0	0	0	0	0	0	0	0	0	0	0	0	0	0	0	0	0	0	172	994	166	852	140	918	0	0	212	336	0	0	4696	9162	0	0	0	0	130	2054	2836	7192	0	0	0	0	0	0	0	0	0	0	86	1176	0	0	0	0	0	0	0	0	0	0	0	0	0	0	0	0	0	0	0	0	0	0	9176	8706	1740	710	3452	3586	22902	23048	16098	16790	478	74	2494	160	3080	2084	204	0	2068	5052	0	8700	314	0	1106	2668	
236664	Vermis_6	0	0	0	0	0	0	0	0	0	0	0	0	0	0	0	0	0	0	0	0	0	0	0	0	0	0	0	0	0	0	0	0	0	0	0	0	0	0	0	0	0	0	0	0	0	0	2650	6416	0	0	0	0	112	930	2330	5406	0	0	0	0	0	0	0	0	0	0	0	0	0	0	0	0	0	0	0	0	0	0	0	0	0	0	0	0	0	0	0	0	0	0	8372	9176	1592	1662	360	968	4998	4518	13324	17336	1686	0	2432	162	6538	3256	260	0	186	426	8700	0	6240	1102	3970	3224	
297776	Vermis_7	0	0	0	0	0	0	0	0	0	0	0	0	0	0	0	0	0	0	0	0	0	0	0	0	0	0	0	0	0	0	0	0	0	0	0	0	0	0	0	0	0	0	0	0	0	0	448	1400	0	0	0	0	0	138	542	666	0	0	0	0	0	0	0	0	0	0	0	0	0	0	0	0	0	0	0	0	0	0	0	0	0	0	0	0	0	0	0	0	0	0	6066	19242	14710	20468	0	72	148	1716	5148	18662	7806	5852	5770	11972	2036	4676	80	490	0	0	314	6240	0	7974	5280	972	
