data	data	375628	163660	1.39277e+06	1.10613e+06	301544	287448	662748	277428	122568	39404	445304	242980	420284	283996	208768	112616	412664	161468	697288	1.19964e+06	140756	142928	691336	630016	64840	237968	40052	58888	943132	481432	464596	671512	256184	781020	282148	360812	507212	484412	215140	231852	37764	83244	271440	416244	216992	320608	456196	341456	165896	355640	707596	321484	239960	109452	460736	493952	384120	162592	108316	88752	222596	61872	200600	115756	137196	104584	409436	445524	79892	59508	467532	606160	579208	552912	127444	64408	248152	428516	142280	35748	456900	173092	119620	87228	652288	345360	94396	93048	400752	322768	406304	346748	278024	235344	39384	66536	232264	163204	355344	389264	252008	139980	286112	241852	94964	91572	14328	19108	24808	84300	163260	138732	170128	114468	48728	12728	
data	data	Precentral_L	Precentral_R	Frontal_Sup_L	Frontal_Sup_R	Frontal_Sup_Orb_L	Frontal_Sup_Orb_R	Frontal_Mid_L	Frontal_Mid_R	Frontal_Mid_Orb_L	Frontal_Mid_Orb_R	Frontal_Inf_Oper_L	Frontal_Inf_Oper_R	Frontal_Inf_Tri_L	Frontal_Inf_Tri_R	Frontal_Inf_Orb_L	Frontal_Inf_Orb_R	Rolandic_Oper_L	Rolandic_Oper_R	Supp_Motor_Area_L	Supp_Motor_Area_R	Olfactory_L	Olfactory_R	Frontal_Sup_Medial_L	Frontal_Sup_Medial_R	Frontal_Med_Orb_L	Frontal_Med_Orb_R	Rectus_L	Rectus_R	Insula_L	Insula_R	Cingulum_Ant_L	Cingulum_Ant_R	Cingulum_Mid_L	Cingulum_Mid_R	Cingulum_Post_L	Cingulum_Post_R	Hippocampus_L	Hippocampus_R	ParaHippocampal_L	ParaHippocampal_R	Amygdala_L	Amygdala_R	Calcarine_L	Calcarine_R	Cuneus_L	Cuneus_R	Lingual_L	Lingual_R	Occipital_Sup_L	Occipital_Sup_R	Occipital_Mid_L	Occipital_Mid_R	Occipital_Inf_L	Occipital_Inf_R	Fusiform_L	Fusiform_R	Postcentral_L	Postcentral_R	Parietal_Sup_L	Parietal_Sup_R	Parietal_Inf_L	Parietal_Inf_R	SupraMarginal_L	SupraMarginal_R	Angular_L	Angular_R	Precuneus_L	Precuneus_R	Paracentral_Lobule_L	Paracentral_Lobule_R	Caudate_L	Caudate_R	Putamen_L	Putamen_R	Pallidum_L	Pallidum_R	Thalamus_L	Thalamus_R	Heschl_L	Heschl_R	Temporal_Sup_L	Temporal_Sup_R	Temporal_Pole_Sup_L	Temporal_Pole_Sup_R	Temporal_Mid_L	Temporal_Mid_R	Temporal_Pole_Mid_L	Temporal_Pole_Mid_R	Temporal_Inf_L	Temporal_Inf_R	Cerebelum_Crus1_L	Cerebelum_Crus1_R	Cerebelum_Crus2_L	Cerebelum_Crus2_R	Cerebelum_3_L	Cerebelum_3_R	Cerebelum_4_5_L	Cerebelum_4_5_R	Cerebelum_6_L	Cerebelum_6_R	Cerebelum_7b_L	Cerebelum_7b_R	Cerebelum_8_L	Cerebelum_8_R	Cerebelum_9_L	Cerebelum_9_R	Cerebelum_10_L	Cerebelum_10_R	Vermis_1_2	Vermis_3	Vermis_4_5	Vermis_6	Vermis_7	Vermis_8	Vermis_9	Vermis_10	
375628	Precentral_L	0	278	17112	1020	298	160	19780	492	0	0	20642	720	4158	916	0	0	14044	0	7360	2614	0	0	3850	522	0	0	0	0	14328	238	240	436	2728	630	284	174	1318	102	300	0	0	0	608	0	532	0	162	0	382	0	4092	0	290	0	356	0	33416	0	296	0	2864	0	1974	0	750	0	1810	0	4550	0	2566	538	1096	128	158	0	724	380	3106	0	6638	0	0	0	4384	0	0	0	1270	0	0	0	0	0	0	0	0	0	0	0	0	0	0	0	0	0	0	0	0	0	0	0	0	0	0	0	
163660	Precentral_R	278	0	1230	13492	404	0	248	9610	0	0	108	7862	140	298	0	0	0	1628	282	6004	0	0	538	386	0	0	0	0	266	752	314	354	0	254	140	268	164	514	0	106	0	0	0	108	0	108	0	0	0	552	0	0	0	0	0	0	246	18340	0	502	0	594	0	2918	0	260	0	380	0	626	3102	938	726	462	144	0	1158	792	0	150	0	268	0	0	0	1408	0	0	0	2408	0	0	0	0	0	0	0	0	0	0	0	0	0	0	0	0	0	0	0	0	0	0	0	0	0	0	
1.39277e+06	Frontal_Sup_L	17112	1230	0	17504	26358	1106	81594	4922	5288	0	20086	1002	28476	1550	8746	208	17982	346	71334	29430	2108	2440	68184	9504	1802	974	206	0	46340	1668	21808	10434	16528	15932	1690	1358	7238	538	2156	0	0	0	1016	0	824	0	574	0	224	0	5662	0	1552	0	1372	0	14484	0	270	0	2220	0	2906	0	1026	0	2744	0	1600	0	17786	7368	34092	4670	5856	1752	15440	3886	4180	0	9250	0	338	0	7010	0	0	0	3100	0	0	0	0	0	0	0	0	0	0	0	0	0	0	0	0	0	0	0	0	0	0	0	0	0	0	0	
1.10613e+06	Frontal_Sup_R	1020	13492	17504	0	1266	18952	1902	33584	0	1098	2412	13328	2054	13998	208	2970	426	5912	15452	98310	258	912	14788	55758	0	9326	0	202	3124	18872	6934	36208	2070	41830	2342	3400	2856	5760	1050	582	0	0	0	922	0	542	1748	382	0	764	1402	1120	218	124	194	484	544	1300	0	102	184	0	246	1684	0	282	294	3228	0	360	7908	26730	2696	21338	782	2714	2364	12590	0	390	298	2322	0	128	622	2674	0	0	130	2912	0	0	0	0	0	0	0	0	0	0	0	0	0	0	0	0	0	0	0	182	0	0	0	0	0	0	
301544	Frontal_Sup_Orb_L	298	404	26358	1266	0	132	10376	266	12280	0	3454	364	7450	346	13014	0	1016	0	2354	1234	1142	0	8108	968	4976	672	4830	0	13416	128	6034	766	346	370	0	0	100	0	0	0	0	0	0	0	0	0	0	0	0	0	0	0	0	0	0	0	546	0	0	0	0	0	0	0	0	0	0	0	0	0	10606	600	14426	188	0	0	658	176	0	0	360	0	744	0	0	0	0	0	0	0	0	0	0	0	0	0	0	0	0	0	0	0	0	0	0	0	0	0	0	0	0	0	0	0	0	0	
287448	Frontal_Sup_Orb_R	160	0	1106	18952	132	0	226	5626	0	7230	280	730	556	5756	138	7004	216	0	1546	7568	254	2412	3066	11316	364	14198	152	3978	802	7090	1154	10818	102	7230	0	0	0	0	0	0	0	0	0	0	0	0	0	0	0	0	0	0	0	0	0	0	102	0	0	0	0	0	0	0	0	0	0	0	0	0	864	13432	210	8514	182	112	0	0	0	0	146	0	0	0	0	0	0	0	0	0	0	0	0	0	0	0	0	0	0	0	0	0	0	0	0	0	0	0	0	0	0	0	0	0	0	0	
662748	Frontal_Mid_L	19780	248	81594	1902	10376	226	0	930	5438	0	19818	398	41706	398	8824	0	10868	0	4480	1290	416	832	25174	2306	616	224	0	0	30338	178	6450	2180	2238	796	432	380	2426	136	756	0	0	0	0	0	0	0	0	0	0	0	2268	0	662	0	522	0	10398	0	0	0	646	0	1124	0	412	0	176	0	0	0	4276	1710	8090	982	1744	454	2290	652	1558	0	5718	0	238	0	2514	0	0	0	786	0	0	0	0	0	0	0	0	0	0	0	0	0	0	0	0	0	0	0	0	0	0	0	0	0	0	0	
277428	Frontal_Mid_R	492	9610	4922	33584	266	5626	930	0	0	2620	152	11376	486	15768	278	1842	172	518	4160	5202	0	0	3122	10130	0	340	0	0	1072	4128	308	3666	124	5746	152	226	136	578	0	0	0	0	0	0	0	0	0	0	0	0	0	0	0	0	0	0	326	182	0	0	136	0	166	0	0	0	0	130	0	0	2994	2162	1246	2110	106	0	186	536	0	0	0	100	0	0	0	244	0	0	0	358	0	0	0	0	0	0	0	0	0	0	0	0	0	0	0	0	0	0	0	0	0	0	0	0	0	0	
122568	Frontal_Mid_Orb_L	0	0	5288	0	12280	0	5438	0	0	0	1176	0	4398	0	17460	0	290	0	174	0	0	0	324	0	914	0	1630	0	5166	0	990	0	0	0	0	0	0	0	0	0	0	0	0	0	0	0	0	0	0	0	0	0	0	0	0	0	112	0	0	0	0	0	0	0	0	0	0	0	0	0	2240	0	2748	0	0	0	0	0	0	0	200	0	456	0	0	0	0	0	0	0	0	0	0	0	0	0	0	0	0	0	0	0	0	0	0	0	0	0	0	0	0	0	0	0	0	0	
39404	Frontal_Mid_Orb_R	0	0	0	1098	0	7230	0	2620	0	0	0	0	0	932	0	4672	0	0	0	268	0	0	0	198	0	548	0	0	0	1126	0	0	0	182	0	0	0	0	0	0	0	0	0	0	0	0	0	0	0	0	0	0	0	0	0	0	0	0	0	0	0	0	0	0	0	0	0	0	0	0	0	218	0	610	0	0	0	0	0	0	0	0	0	0	0	0	0	0	0	0	0	0	0	0	0	0	0	0	0	0	0	0	0	0	0	0	0	0	0	0	0	0	0	0	0	0	
445304	Frontal_Inf_Oper_L	20642	108	20086	2412	3454	280	19818	152	1176	0	0	1440	28468	1712	1350	0	19950	0	5700	2702	0	0	8660	1370	0	162	0	0	31276	368	3132	1364	280	1556	100	0	752	0	154	0	0	0	108	0	0	0	0	0	0	0	1880	0	112	0	210	0	12162	0	0	0	246	0	250	0	0	0	112	0	0	0	4128	2118	3772	0	0	0	318	148	2360	0	10438	0	1424	0	2886	0	166	0	1190	0	0	0	0	0	0	0	0	0	0	0	0	0	0	0	0	0	0	0	0	0	0	0	0	0	0	0	
242980	Frontal_Inf_Oper_R	720	7862	1002	13328	364	730	398	11376	0	0	1440	0	544	17002	240	1680	722	6294	2154	11120	0	0	500	3750	0	492	0	0	2130	11184	220	936	0	6506	334	532	300	1224	0	342	0	0	0	0	0	0	116	0	0	0	122	0	0	0	0	214	0	1978	0	0	0	0	0	108	0	0	0	230	0	0	1798	1182	208	5720	0	0	0	1204	0	196	262	744	0	290	0	574	0	0	0	1118	0	0	0	0	0	0	0	0	0	0	0	0	0	0	0	0	0	0	0	0	0	0	0	0	0	0	
420284	Frontal_Inf_Tri_L	4158	140	28476	2054	7450	556	41706	486	4398	0	28468	544	0	802	14418	0	3540	0	2694	1824	0	0	9390	2088	0	290	0	0	32368	360	4488	2408	934	1894	0	0	100	0	0	0	0	0	0	0	0	0	0	0	0	0	124	0	0	0	0	0	2602	0	0	0	0	0	0	0	0	0	0	0	0	0	3018	1470	2730	132	0	0	118	108	324	0	2356	0	866	0	260	0	0	0	0	0	0	0	0	0	0	0	0	0	0	0	0	0	0	0	0	0	0	0	0	0	0	0	0	0	0	0	
283996	Frontal_Inf_Tri_R	916	298	1550	13998	346	5756	398	15768	0	932	1712	17002	802	0	226	6244	958	330	3730	9972	0	0	3586	12324	0	1522	0	0	2584	17250	498	6126	0	12062	0	0	0	142	0	0	0	0	0	0	0	0	0	0	0	0	0	0	0	0	0	0	212	0	0	0	0	0	0	0	0	0	0	0	0	0	1592	1690	0	774	0	0	0	128	0	0	466	0	0	0	0	0	0	0	0	104	0	0	0	0	0	0	0	0	0	0	0	0	0	0	0	0	0	0	0	0	0	0	0	0	0	0	
208768	Frontal_Inf_Orb_L	0	0	8746	208	13014	138	8824	278	17460	0	1350	240	14418	226	0	0	420	0	1140	110	1146	0	700	208	178	162	1590	0	17450	0	498	336	116	0	0	0	0	0	0	0	0	0	0	0	0	0	0	0	0	0	0	0	0	0	0	0	110	0	0	0	0	0	0	0	0	0	0	0	0	0	3910	404	9072	0	0	0	0	0	0	0	406	0	1526	0	0	0	0	0	0	0	0	0	0	0	0	0	0	0	0	0	0	0	0	0	0	0	0	0	0	0	0	0	0	0	0	0	
112616	Frontal_Inf_Orb_R	0	0	208	2970	0	7004	0	1842	0	4672	0	1680	0	6244	0	0	0	186	260	1254	134	652	244	758	0	506	0	658	0	14938	0	668	0	620	0	0	0	856	0	0	0	0	0	0	0	0	0	0	0	0	0	0	0	0	0	0	0	0	0	0	0	0	0	0	0	0	0	122	0	0	194	1270	0	5780	192	326	0	0	0	0	0	410	0	320	0	572	0	0	0	768	0	0	0	0	0	0	0	0	0	0	0	0	0	0	0	0	0	0	0	0	0	0	0	0	0	0	
412664	Rolandic_Oper_L	14044	0	17982	426	1016	216	10868	172	290	0	19950	722	3540	958	420	0	0	0	7546	492	0	0	6388	604	0	100	0	0	41446	204	112	382	0	508	0	0	844	0	156	0	0	0	182	0	0	0	0	0	0	0	2228	0	0	0	398	0	19102	0	0	0	744	0	2920	0	0	0	216	0	0	0	1784	282	3798	0	128	0	500	132	8758	0	23298	0	1722	0	8794	0	222	0	1738	0	0	0	0	0	0	0	0	0	0	0	0	0	0	0	0	0	0	0	0	0	0	0	0	0	0	0	
161468	Rolandic_Oper_R	0	1628	346	5912	0	0	0	518	0	0	0	6294	0	330	0	186	0	0	0	5212	0	0	0	0	0	0	0	0	0	20798	0	0	0	160	0	304	118	1456	0	0	0	0	0	268	0	0	0	166	0	108	0	222	0	0	0	0	0	5058	0	0	0	0	0	2436	0	174	0	330	0	0	332	392	170	9844	0	0	0	2308	0	5354	0	7116	0	594	0	1358	0	0	0	1242	0	0	0	0	0	0	0	0	0	0	0	0	0	0	0	0	0	0	0	0	0	0	0	0	0	0	
697288	Supp_Motor_Area_L	7360	282	71334	15452	2354	1546	4480	4160	174	0	5700	2154	2694	3730	1140	260	7546	0	0	39366	232	0	25964	11626	102	1010	0	0	16934	2376	6610	9512	14820	28892	1026	790	2150	304	676	0	0	0	308	0	484	0	218	0	832	0	2876	0	420	0	466	0	3234	0	438	0	796	0	122	0	336	0	2638	302	4106	0	3308	3224	12726	1332	610	0	5428	2756	1272	0	3868	0	0	0	2480	0	0	0	1308	0	0	0	0	0	0	0	0	0	0	0	0	0	0	0	0	0	0	0	0	0	0	0	0	0	0	0	
1.19964e+06	Supp_Motor_Area_R	2614	6004	29430	98310	1234	7568	1290	5202	0	268	2702	11120	1824	9972	110	1254	492	5212	39366	0	340	1064	7898	26190	0	6420	0	184	3272	14484	6364	19738	7388	66092	5784	7764	7174	7336	2922	772	0	0	298	3964	142	4774	3934	662	0	4338	3718	2704	1060	230	798	688	2190	4304	0	988	236	0	302	632	0	234	784	12778	4364	6326	6916	37110	3942	20322	892	2742	7552	30390	0	186	438	2106	0	130	2110	4170	0	0	552	4336	0	0	0	0	0	0	0	0	0	0	0	0	0	0	0	0	0	0	0	322	0	0	0	0	0	0	
140756	Olfactory_L	0	0	2108	258	1142	254	416	0	0	0	0	0	0	0	1146	134	0	0	232	340	0	5934	0	0	1180	1254	1028	810	2104	160	7174	4108	0	0	0	0	382	0	148	0	1040	0	0	0	0	0	0	0	0	0	0	0	0	0	0	0	0	0	0	0	0	0	0	0	0	0	0	0	0	0	12792	6746	9110	3346	5406	810	152	0	0	0	0	0	664	0	0	0	0	0	0	0	0	0	0	0	0	0	0	0	0	0	0	0	0	0	0	0	0	0	0	0	0	0	0	0	0	0	
142928	Olfactory_R	0	0	2440	912	0	2412	832	0	0	0	0	0	0	0	0	652	0	0	0	1064	5934	0	0	0	264	3870	214	4736	0	1730	4058	5242	0	0	0	0	0	0	0	162	196	176	0	0	0	0	0	0	0	0	0	0	0	0	0	0	0	0	0	0	0	0	0	0	0	0	0	0	0	0	8604	10036	4650	5680	4864	2612	0	124	0	0	0	0	0	0	0	0	0	0	0	0	0	0	0	0	0	0	0	0	0	0	0	0	0	0	0	0	0	0	0	0	0	0	0	0	0	0	
691336	Frontal_Sup_Medial_L	3850	538	68184	14788	8108	3066	25174	3122	324	0	8660	500	9390	3586	700	244	6388	0	25964	7898	0	0	0	30558	4426	2826	430	0	16936	3136	22828	20726	6656	20098	726	736	1506	106	358	0	0	0	0	0	0	0	0	0	0	0	916	0	288	0	222	0	2794	0	0	0	0	0	108	0	0	0	0	0	0	0	2474	2072	5398	648	0	0	1366	846	1356	0	2548	0	0	0	1452	0	0	0	644	0	0	0	0	0	0	0	0	0	0	0	0	0	0	0	0	0	0	0	0	0	0	0	0	0	0	0	
630016	Frontal_Sup_Medial_R	522	386	9504	55758	968	11316	2306	10130	0	198	1370	3750	2088	12324	208	758	604	0	11626	26190	0	0	30558	0	486	10808	0	0	2488	9388	10740	42004	1158	42742	0	0	0	176	0	0	0	0	0	0	0	0	0	0	0	0	0	0	0	0	0	0	326	0	0	0	0	0	0	0	0	0	0	0	0	0	730	9446	188	3086	0	0	0	194	0	0	484	0	0	0	0	0	0	0	0	0	0	0	0	0	0	0	0	0	0	0	0	0	0	0	0	0	0	0	0	0	0	0	0	0	0	0	
64840	Frontal_Med_Orb_L	0	0	1802	0	4976	364	616	0	914	0	0	0	0	0	178	0	0	0	102	0	1180	264	4426	486	0	1908	2870	386	134	0	5344	500	0	0	0	0	0	0	0	0	0	0	0	0	0	0	0	0	0	0	0	0	0	0	0	0	0	0	0	0	0	0	0	0	0	0	0	0	0	0	2764	334	2096	106	670	0	0	0	0	0	0	0	0	0	0	0	0	0	0	0	0	0	0	0	0	0	0	0	0	0	0	0	0	0	0	0	0	0	0	0	0	0	0	0	0	0	
237968	Frontal_Med_Orb_R	0	0	974	9326	672	14198	224	340	0	548	162	492	290	1522	162	506	100	0	1010	6420	1254	3870	2826	10808	1908	0	666	5552	486	2274	4420	13362	0	4500	0	0	0	0	0	0	182	0	0	0	0	0	0	0	0	0	0	0	0	0	0	0	0	0	0	0	0	0	0	0	0	0	0	0	0	0	1856	16788	1280	9580	320	106	0	0	0	0	0	0	0	0	0	0	0	0	0	0	0	0	0	0	0	0	0	0	0	0	0	0	0	0	0	0	0	0	0	0	0	0	0	0	0	0	
40052	Rectus_L	0	0	206	0	4830	152	0	0	1630	0	0	0	0	0	1590	0	0	0	0	0	1028	214	430	0	2870	666	0	446	902	0	1290	140	0	0	0	0	0	0	0	0	0	0	0	0	0	0	0	0	0	0	0	0	0	0	0	0	0	0	0	0	0	0	0	0	0	0	0	0	0	0	1820	148	1460	0	0	0	0	0	0	0	0	0	204	0	0	0	0	0	0	0	0	0	0	0	0	0	0	0	0	0	0	0	0	0	0	0	0	0	0	0	0	0	0	0	0	0	
58888	Rectus_R	0	0	0	202	0	3978	0	0	0	0	0	0	0	0	0	658	0	0	0	184	810	4736	0	0	386	5552	446	0	0	952	634	2378	0	0	0	0	0	0	0	0	0	0	0	0	0	0	0	0	0	0	0	0	0	0	0	0	0	0	0	0	0	0	0	0	0	0	0	0	0	0	832	4264	222	2806	404	0	0	0	0	0	0	0	0	0	0	0	0	0	0	0	0	0	0	0	0	0	0	0	0	0	0	0	0	0	0	0	0	0	0	0	0	0	0	0	0	0	
943132	Insula_L	14328	266	46340	3124	13416	802	30338	1072	5166	0	31276	2130	32368	2584	17450	0	41446	0	16934	3272	2104	0	16936	2488	134	486	902	0	0	630	3558	2560	982	2188	332	326	7074	138	2020	0	788	0	410	0	152	0	286	0	0	0	6242	0	346	0	7472	0	14404	0	0	0	1168	0	5076	0	282	0	518	0	0	0	8180	2902	31670	256	190	0	1048	586	12154	0	31938	0	3042	0	22452	0	520	0	14314	0	0	0	0	0	0	0	0	0	0	0	0	0	0	0	0	0	0	0	0	0	0	0	0	0	0	0	
481432	Insula_R	238	752	1668	18872	128	7090	178	4128	0	1126	368	11184	360	17250	0	14938	204	20798	2376	14484	160	1730	3136	9388	0	2274	0	952	630	0	650	7404	0	7908	1120	2474	486	6642	112	1580	0	1648	0	690	0	278	144	314	0	342	176	542	0	0	0	1676	158	872	0	0	0	0	0	566	0	270	184	2242	0	118	608	3474	220	32796	210	514	172	1860	0	4988	168	10296	0	2896	128	4248	0	370	0	4760	0	0	0	0	0	0	0	0	0	0	0	0	0	0	0	0	0	0	0	0	0	0	0	0	0	0	
464596	Cingulum_Ant_L	240	314	21808	6934	6034	1154	6450	308	990	0	3132	220	4488	498	498	0	112	0	6610	6364	7174	4058	22828	10740	5344	4420	1290	634	3558	650	0	30224	11656	12258	0	0	206	0	0	0	286	0	0	0	0	0	0	0	0	0	0	0	0	0	0	0	124	0	0	0	0	0	0	0	0	0	0	0	0	0	16262	9732	12906	5968	4472	732	514	0	0	0	108	0	0	0	0	0	0	0	0	0	0	0	0	0	0	0	0	0	0	0	0	0	0	0	0	0	0	0	0	0	0	0	0	0	0	0	
671512	Cingulum_Ant_R	436	354	10434	36208	766	10818	2180	3666	0	0	1364	936	2408	6126	336	668	382	0	9512	19738	4108	5242	20726	42004	500	13362	140	2378	2560	7404	30224	0	6264	39456	0	0	156	108	0	0	0	0	0	0	0	0	0	0	0	0	0	0	0	0	0	0	242	0	0	0	0	0	0	0	0	0	0	0	0	0	7988	25186	6278	11064	2668	564	310	218	0	0	274	0	0	0	0	0	0	0	0	0	0	0	0	0	0	0	0	0	0	0	0	0	0	0	0	0	0	0	0	0	0	0	0	0	0	0	
256184	Cingulum_Mid_L	2728	0	16528	2070	346	102	2238	124	0	0	280	0	934	0	116	0	0	0	14820	7388	0	0	6656	1158	0	0	0	0	982	0	11656	6264	0	18184	3320	1468	126	0	0	0	0	0	1394	100	1256	124	520	0	600	138	4086	0	0	0	0	0	396	0	1732	124	912	0	204	0	732	0	11174	846	4024	484	100	296	314	0	0	0	0	0	0	0	0	0	0	0	838	0	0	0	210	0	0	0	0	0	0	0	0	0	0	0	0	0	0	0	0	0	0	0	0	0	0	0	0	0	0	0	
781020	Cingulum_Mid_R	630	254	15932	41830	370	7230	796	5746	0	182	1556	6506	1894	12062	0	620	508	160	28892	66092	0	0	20098	42742	0	4500	0	0	2188	7908	12258	39456	18184	0	2038	4566	216	322	0	0	0	0	0	1872	0	2094	0	106	0	2190	144	642	0	0	0	0	408	786	0	934	0	0	0	0	0	0	3420	11514	2434	3420	376	8688	360	3084	0	0	166	588	0	0	490	0	0	0	174	382	0	0	0	502	0	0	0	0	0	0	0	0	0	0	0	0	0	0	0	0	0	0	0	0	0	0	0	0	0	0	
282148	Cingulum_Post_L	284	140	1690	2342	0	0	432	152	0	0	100	334	0	0	0	0	0	0	1026	5784	0	0	726	0	0	0	0	0	332	1120	0	0	3320	2038	0	18192	14292	10508	2582	2706	0	184	2400	1146	1014	376	5688	3864	218	486	6214	646	794	478	460	2728	106	0	134	0	0	0	0	0	0	0	11270	4656	0	0	170	1684	904	2790	0	0	3750	13308	0	0	0	544	0	0	3478	1252	0	0	636	1596	0	0	0	0	0	0	0	0	0	0	0	0	0	0	0	0	0	0	0	0	0	0	0	0	0	0	
360812	Cingulum_Post_R	174	268	1358	3400	0	0	380	226	0	0	0	532	0	0	0	0	0	304	790	7764	0	0	736	0	0	0	0	0	326	2474	0	0	1468	4566	18192	0	12294	15166	2322	3318	0	326	552	8244	164	3874	3922	7008	0	4172	4774	3316	860	586	460	3312	0	200	0	368	0	0	0	204	0	260	7378	17320	136	202	0	2270	1014	4136	0	0	4296	14288	0	100	0	1234	0	0	2680	3368	0	0	396	2744	0	0	0	0	0	0	0	0	0	0	0	0	0	0	0	0	0	0	0	0	184	0	0	0	0	0	
507212	Hippocampus_L	1318	164	7238	2856	100	0	2426	136	0	0	752	300	100	0	0	0	844	118	2150	7174	382	0	1506	0	0	0	0	0	7074	486	206	156	126	216	14292	12294	0	9282	23266	2810	5402	134	1484	668	392	0	13246	3842	138	222	14664	458	5424	456	14180	2736	750	0	0	0	356	0	758	0	0	0	7512	636	0	0	564	2676	8098	2100	512	0	9372	15524	1636	0	4194	488	584	0	18118	974	294	0	16074	1168	0	0	0	0	0	0	0	0	0	0	0	0	0	0	0	0	0	0	0	0	0	0	0	0	0	0	
484412	Hippocampus_R	102	514	538	5760	0	0	136	578	0	0	0	1224	0	142	0	856	0	1456	304	7336	0	0	106	176	0	0	0	0	138	6642	0	108	0	322	10508	15166	9282	0	1538	23026	0	11470	358	2860	0	454	3272	10376	0	692	2972	1338	320	2488	120	23412	0	702	0	0	0	0	0	466	0	212	4888	8468	0	148	118	290	274	14524	0	398	1048	14244	0	122	0	3318	0	4106	1460	13636	0	3588	176	23174	0	0	0	0	0	0	0	180	0	0	0	0	0	0	0	0	0	0	0	412	164	0	0	0	0	0	
215140	ParaHippocampal_L	300	0	2156	1050	0	0	756	0	0	0	154	0	0	0	0	0	156	0	676	2922	148	0	358	0	0	0	0	0	2020	112	0	0	0	0	2582	2322	23266	1538	0	388	1966	0	926	0	114	0	8906	242	0	0	5882	0	4728	0	9812	178	162	0	0	0	0	0	158	0	0	0	1640	0	0	0	196	1318	3134	534	178	0	4726	4570	348	0	776	0	1224	0	6698	0	1600	0	6294	0	0	0	0	0	126	0	230	0	0	0	0	0	0	0	0	0	0	0	0	0	0	0	0	0	0	0	
231852	ParaHippocampal_R	0	106	0	582	0	0	0	0	0	0	0	342	0	0	0	0	0	0	0	772	0	162	0	0	0	0	0	0	0	1580	0	0	0	0	2706	3318	2810	23026	388	0	0	8706	220	1078	0	0	860	8548	0	134	220	548	0	1142	0	24158	0	0	0	0	0	0	0	0	0	0	2160	2334	0	0	0	0	0	3632	0	158	0	4122	0	0	0	678	0	5780	0	2274	0	5316	0	6014	0	122	0	0	0	0	0	1260	0	0	0	0	0	0	0	0	0	0	0	362	308	0	0	0	0	0	
37764	Amygdala_L	0	0	0	0	0	0	0	0	0	0	0	0	0	0	0	0	0	0	0	0	1040	196	0	0	0	182	0	0	788	0	286	0	0	0	0	0	5402	0	1966	0	0	0	0	0	0	0	0	0	0	0	0	0	0	0	3260	0	0	0	0	0	0	0	0	0	0	0	0	0	0	0	802	0	2012	0	0	0	0	0	0	0	320	0	990	0	408	0	372	0	858	0	0	0	0	0	0	0	0	0	0	0	0	0	0	0	0	0	0	0	0	0	0	0	0	0	0	0	
83244	Amygdala_R	0	0	0	0	0	0	0	0	0	0	0	0	0	0	0	0	0	0	0	0	0	176	0	0	0	0	0	0	0	1648	0	0	0	0	184	326	134	11470	0	8706	0	0	0	0	0	0	0	0	0	0	0	0	0	0	0	6240	0	0	0	0	0	0	0	0	0	0	0	202	0	0	0	0	0	3600	0	264	0	482	0	0	0	398	0	3980	0	734	0	2044	0	1034	0	0	0	0	0	0	0	0	0	0	0	0	0	0	0	0	0	0	0	0	0	0	0	0	0	0	
271440	Calcarine_L	608	0	1016	0	0	0	0	0	0	0	108	0	0	0	0	0	182	0	308	298	0	0	0	0	0	0	0	0	410	0	0	0	1394	0	2400	552	1484	358	926	220	0	0	0	9146	18162	4482	16996	4780	11730	3558	22710	800	1024	318	504	660	680	0	538	0	918	0	1164	0	804	0	18846	1224	118	0	0	174	0	0	0	0	306	620	0	0	266	0	0	0	4268	0	0	0	660	0	0	0	0	0	0	0	0	0	0	0	0	0	0	0	0	0	0	0	0	0	0	0	0	0	0	0	
416244	Calcarine_R	0	108	0	922	0	0	0	0	0	0	0	0	0	0	0	0	0	268	0	3964	0	0	0	0	0	0	0	0	0	690	0	0	100	1872	1146	8244	668	2860	0	1078	0	0	9146	0	6640	27584	4056	23726	194	27906	100	25474	0	4042	0	6834	0	326	0	224	0	0	0	536	0	692	4070	31204	570	590	0	0	0	232	0	0	0	852	0	108	0	832	0	0	0	7614	0	0	0	2012	0	0	0	0	0	0	0	164	0	0	0	0	0	0	0	0	0	0	0	0	474	0	0	0	0	0	
216992	Cuneus_L	532	0	824	0	0	0	0	0	0	0	0	0	0	0	0	0	0	0	484	142	0	0	0	0	0	0	0	0	152	0	0	0	1256	0	1014	164	392	0	114	0	0	0	18162	6640	0	9988	5142	1282	17436	5350	13628	616	204	256	154	370	354	0	1646	0	612	0	232	0	800	0	15106	2318	292	0	0	0	0	0	0	0	152	192	0	0	102	0	0	0	1924	0	0	0	464	0	0	0	0	0	0	0	0	0	0	0	0	0	0	0	0	0	0	0	0	0	0	0	0	0	0	0	
320608	Cuneus_R	0	108	0	542	0	0	0	0	0	0	0	0	0	0	0	0	0	0	0	4774	0	0	0	0	0	0	0	0	0	278	0	0	124	2094	376	3874	0	454	0	0	0	0	4482	27584	9988	0	754	4694	508	37188	156	17760	0	912	0	1150	0	660	398	2998	0	0	0	310	0	656	7508	25640	686	994	0	0	0	104	0	0	0	0	0	0	0	184	0	0	0	1626	0	0	0	740	0	0	0	0	0	0	0	0	0	0	0	0	0	0	0	0	0	0	0	0	0	0	0	0	0	0	
456196	Lingual_L	162	0	574	1748	0	0	0	0	0	0	0	116	0	0	0	0	0	0	218	3934	0	0	0	0	0	0	0	0	286	144	0	0	520	0	5688	3922	13246	3272	8906	860	0	0	16996	4056	5142	754	0	5348	4710	1332	32314	364	16102	0	19734	1054	0	0	112	0	160	0	0	0	138	0	6860	278	0	0	0	1328	326	728	0	0	4346	6202	0	0	160	190	0	0	3572	122	0	0	1456	196	5454	758	400	0	892	0	12718	674	13882	2634	0	0	992	168	1324	222	268	0	0	124	4910	3836	272	342	370	182	
341456	Lingual_R	0	0	0	382	0	0	0	0	0	0	0	0	0	0	0	0	0	166	0	662	0	0	0	0	0	0	0	0	0	314	0	0	0	106	3864	7008	3842	10376	242	8548	0	0	4780	23726	1282	4694	5348	0	0	9534	220	9232	288	7528	452	20022	0	0	0	0	0	0	0	128	0	140	3740	8292	0	0	0	0	0	120	0	0	0	5182	0	0	0	486	0	0	0	3794	0	0	0	2442	776	740	0	0	206	506	1206	3550	2038	4364	0	0	0	0	0	118	0	0	0	754	4310	3962	1258	0	0	0	
165896	Occipital_Sup_L	382	0	224	0	0	0	0	0	0	0	0	0	0	0	0	0	0	0	832	0	0	0	0	0	0	0	0	0	0	0	0	0	600	0	218	0	138	0	0	0	0	0	11730	194	17436	508	4710	0	0	0	25838	0	374	0	102	0	0	0	5672	0	960	0	170	0	696	0	10458	486	618	0	0	0	0	0	0	0	0	0	0	0	0	0	0	0	472	0	0	0	130	0	0	0	0	0	0	0	0	0	0	0	0	0	0	0	0	0	0	0	0	0	0	0	0	0	0	0	
355640	Occipital_Sup_R	0	552	0	764	0	0	0	0	0	0	0	0	0	0	0	0	0	108	0	4338	0	0	0	0	0	0	0	0	0	342	0	0	138	2190	486	4172	222	692	0	134	0	0	3558	27906	5350	37188	1332	9534	0	0	0	28402	0	1892	0	2798	0	1694	0	6898	0	250	0	528	0	4468	4342	20390	730	2226	0	0	0	106	0	0	0	278	0	0	0	594	0	0	0	2286	0	0	0	932	0	0	0	0	0	0	0	0	0	0	0	0	0	0	0	0	0	0	0	0	0	0	0	0	0	0	
707596	Occipital_Mid_L	4092	0	5662	1402	0	0	2268	0	0	0	1880	122	124	0	0	0	2228	0	2876	3718	0	0	916	0	0	0	0	0	6242	176	0	0	4086	144	6214	4774	14664	2972	5882	220	0	0	22710	100	13628	156	32314	220	25838	0	0	0	25200	0	16030	144	3900	0	8778	0	13448	0	7790	0	15762	0	20026	256	958	0	138	1380	1676	1024	0	0	3980	5718	2848	0	2978	192	0	0	35870	114	0	0	14582	154	1256	0	180	0	0	0	1056	0	1910	186	0	0	0	0	0	0	0	0	0	0	356	280	0	0	0	0	
321484	Occipital_Mid_R	0	0	0	1120	0	0	0	0	0	0	0	0	0	0	0	0	0	222	0	2704	0	0	0	0	0	0	0	0	0	542	0	0	0	642	646	3316	458	1338	0	548	0	0	800	25474	616	17760	364	9232	0	28402	0	0	0	6580	0	5542	0	390	0	1470	0	284	0	954	0	9676	2120	16144	354	490	0	0	0	138	0	0	0	568	0	0	0	2672	0	0	0	16752	0	0	0	1758	0	0	0	0	0	0	0	192	0	194	0	0	0	0	0	0	0	0	0	0	280	0	0	0	0	0	
239960	Occipital_Inf_L	290	0	1552	218	0	0	662	0	0	0	112	0	0	0	0	0	0	0	420	1060	0	0	288	0	0	0	0	0	346	0	0	0	0	0	794	860	5424	320	4728	0	0	0	1024	0	204	0	16102	288	374	0	25200	0	0	0	24112	116	0	0	0	0	164	0	208	0	318	0	278	0	0	0	152	680	734	162	0	0	2232	1518	0	0	314	0	0	0	3726	0	0	0	5446	0	5834	110	326	0	168	0	3570	0	7346	442	138	0	116	0	164	0	0	0	0	0	580	760	0	0	0	0	
109452	Occipital_Inf_R	0	0	0	124	0	0	0	0	0	0	0	0	0	0	0	0	0	0	0	230	0	0	0	0	0	0	0	0	0	0	0	0	0	0	478	586	456	2488	0	1142	0	0	318	4042	256	912	0	7528	0	1892	0	6580	0	0	0	13528	0	0	0	0	0	0	0	0	0	0	442	1248	0	0	0	0	0	0	0	0	0	636	0	0	0	0	0	0	0	2082	0	0	0	5012	0	0	0	0	0	406	0	1526	0	1576	0	0	0	0	0	0	0	0	0	334	904	0	0	0	0	0	
460736	Fusiform_L	356	0	1372	194	0	0	522	0	0	0	210	0	0	0	0	0	398	0	466	798	0	0	222	0	0	0	0	0	7472	0	0	0	0	0	460	460	14180	120	9812	0	3260	0	504	0	154	0	19734	452	102	0	16030	0	24112	0	0	306	344	0	0	0	326	0	830	0	110	0	228	0	0	0	150	468	3882	0	0	0	1804	1028	540	0	6466	0	3920	0	10978	0	5454	0	23670	0	15770	222	364	0	1198	0	15438	0	29220	890	798	0	1098	0	768	0	262	0	0	0	1012	1292	142	0	0	0	
493952	Fusiform_R	0	0	0	484	0	0	0	0	0	0	0	214	0	0	0	0	0	0	0	688	0	0	0	0	0	0	0	0	0	1676	0	0	0	0	2728	3312	2736	23412	178	24158	0	6240	660	6834	370	1150	1054	20022	0	2798	144	5542	116	13528	306	0	0	0	0	0	0	0	0	0	0	0	2388	3498	0	0	0	0	0	3480	0	0	0	3804	0	0	0	954	0	5664	0	7302	0	8956	0	18710	852	6020	154	0	0	5956	1438	17036	1742	23616	114	0	202	0	194	150	0	0	0	3548	6680	4826	1342	0	0	0	
384120	Postcentral_L	33416	246	14484	544	546	102	10398	326	112	0	12162	0	2602	212	110	0	19102	0	3234	2190	0	0	2794	326	0	0	0	0	14404	158	124	242	396	408	106	0	750	0	162	0	0	0	680	0	354	0	0	0	0	0	3900	0	0	0	344	0	0	0	5120	0	17904	0	10034	0	598	0	1914	0	2914	0	802	128	1128	0	112	0	942	126	5086	0	11028	0	0	0	7542	0	0	0	1748	0	0	0	0	0	0	0	0	0	0	0	0	0	0	0	0	0	0	0	0	0	0	0	0	0	0	0	
162592	Postcentral_R	0	18340	0	1300	0	0	0	182	0	0	0	1978	0	0	0	0	0	5058	0	4304	0	0	0	0	0	0	0	0	0	872	0	0	0	786	0	200	0	702	0	0	0	0	0	326	0	660	0	0	0	1694	0	390	0	0	0	0	0	0	0	7808	0	6964	0	11848	0	3108	0	2232	196	3070	102	258	0	362	0	0	0	984	0	316	0	312	0	0	0	2944	0	0	0	4000	0	0	0	0	0	0	0	0	0	0	0	0	0	0	0	0	0	0	0	0	0	0	0	0	0	0	
108316	Parietal_Sup_L	296	0	270	0	0	0	0	0	0	0	0	0	0	0	0	0	0	0	438	0	0	0	0	0	0	0	0	0	0	0	0	0	1732	0	134	0	0	0	0	0	0	0	538	0	1646	398	112	0	5672	0	8778	0	0	0	0	0	5120	0	0	0	13210	0	206	0	3972	0	9860	482	1114	0	0	0	0	0	0	0	0	0	0	0	0	0	0	0	180	0	0	0	0	0	0	0	0	0	0	0	0	0	0	0	0	0	0	0	0	0	0	0	0	0	0	0	0	0	0	0	
88752	Parietal_Sup_R	0	502	0	102	0	0	0	0	0	0	0	0	0	0	0	0	0	0	0	988	0	0	0	0	0	0	0	0	0	0	0	0	124	934	0	368	0	0	0	0	0	0	0	224	0	2998	0	0	0	6898	0	1470	0	0	0	0	0	7808	0	0	0	4944	0	2158	0	2910	1480	7924	364	2074	0	0	0	0	0	0	0	0	0	0	0	0	0	0	0	106	0	0	0	0	0	0	0	0	0	0	0	0	0	0	0	0	0	0	0	0	0	0	0	0	0	0	0	0	0	0	
222596	Parietal_Inf_L	2864	0	2220	184	0	0	646	136	0	0	246	0	0	0	0	0	744	0	796	236	0	0	0	0	0	0	0	0	1168	0	0	0	912	0	0	0	356	0	0	0	0	0	918	0	612	0	160	0	960	0	13448	0	164	0	326	0	17904	0	13210	0	0	0	21784	0	19600	0	1654	0	1340	0	138	0	516	0	0	0	182	0	124	0	842	0	0	0	6244	0	0	0	664	0	0	0	0	0	0	0	0	0	0	0	0	0	0	0	0	0	0	0	0	0	0	0	0	0	0	0	
61872	Parietal_Inf_R	0	594	0	0	0	0	0	0	0	0	0	0	0	0	0	0	0	0	0	0	0	0	0	0	0	0	0	0	0	0	0	0	0	0	0	0	0	0	0	0	0	0	0	0	0	0	0	0	0	250	0	284	0	0	0	0	0	6964	0	4944	0	0	0	8406	0	8238	0	0	0	0	0	0	0	0	0	0	0	0	0	0	0	280	0	0	0	452	0	0	0	524	0	0	0	0	0	0	0	0	0	0	0	0	0	0	0	0	0	0	0	0	0	0	0	0	0	0	
200600	SupraMarginal_L	1974	0	2906	246	0	0	1124	166	0	0	250	0	0	0	0	0	2920	0	122	302	0	0	108	0	0	0	0	0	5076	0	0	0	204	0	0	0	758	0	158	0	0	0	1164	0	232	0	0	0	170	0	7790	0	208	0	830	0	10034	0	206	0	21784	0	0	0	10744	0	1314	0	0	0	166	0	946	0	0	0	196	0	1568	0	8080	0	0	0	16588	0	0	0	1966	0	0	0	0	0	0	0	0	0	0	0	0	0	0	0	0	0	0	0	0	0	0	0	0	0	0	0	
115756	SupraMarginal_R	0	2918	0	1684	0	0	0	0	0	0	0	108	0	0	0	0	0	2436	0	632	0	0	0	0	0	0	0	0	0	566	0	0	0	0	0	204	0	466	0	0	0	0	0	536	0	310	0	128	0	528	0	954	0	0	0	0	0	11848	0	2158	0	8406	0	0	0	8030	0	582	0	0	0	100	0	0	0	0	0	0	0	0	0	6146	0	0	0	5086	0	0	0	4052	0	0	0	0	0	0	0	0	0	0	0	0	0	0	0	0	0	0	0	0	0	0	0	0	0	0	
137196	Angular_L	750	0	1026	0	0	0	412	0	0	0	0	0	0	0	0	0	0	0	336	0	0	0	0	0	0	0	0	0	282	0	0	0	732	0	0	0	0	0	0	0	0	0	804	0	800	0	138	0	696	0	15762	0	318	0	110	0	598	0	3972	0	19600	0	10744	0	0	0	1440	0	194	0	0	0	0	0	0	0	0	0	0	0	766	0	0	0	8940	0	0	0	178	0	0	0	0	0	0	0	0	0	0	0	0	0	0	0	0	0	0	0	0	0	0	0	0	0	0	0	
104584	Angular_R	0	260	0	282	0	0	0	0	0	0	0	0	0	0	0	0	0	174	0	234	0	0	0	0	0	0	0	0	0	270	0	0	0	0	0	260	0	212	0	0	0	0	0	692	0	656	0	140	0	4468	0	9676	0	0	0	0	0	3108	0	2910	0	8238	0	8030	0	0	0	784	0	0	0	0	0	0	0	0	0	0	0	0	0	4954	0	0	0	6254	0	0	0	690	0	0	0	0	0	0	0	0	0	0	0	0	0	0	0	0	0	0	0	0	0	0	0	0	0	0	
409436	Precuneus_L	1810	0	2744	294	0	0	176	0	0	0	112	0	0	0	0	0	216	0	2638	784	0	0	0	0	0	0	0	0	518	184	0	0	11174	3420	11270	7378	7512	4888	1640	2160	0	0	18846	4070	15106	7508	6860	3740	10458	4342	20026	2120	278	442	228	2388	1914	0	9860	1480	1654	0	1314	0	1440	0	0	12574	3752	0	0	346	116	522	0	0	308	4804	0	0	324	186	0	0	5812	914	0	0	1226	842	0	0	0	0	0	0	0	0	0	0	0	0	0	0	0	0	0	0	0	0	0	0	0	0	0	0	
445524	Precuneus_R	0	380	0	3228	0	0	0	130	0	0	0	230	0	0	0	122	0	330	302	12778	0	0	0	0	0	0	0	0	0	2242	0	0	846	11514	4656	17320	636	8468	0	2334	0	202	1224	31204	2318	25640	278	8292	486	20390	256	16144	0	1248	0	3498	0	2232	482	7924	0	0	0	582	0	784	12574	0	1480	4270	0	0	0	2060	0	0	0	1558	0	124	0	804	0	0	0	6556	0	0	0	3768	0	0	0	0	0	0	0	0	0	0	0	0	0	0	0	0	0	0	0	0	868	0	0	0	0	0	
79892	Paracentral_Lobule_L	4550	0	1600	0	0	0	0	0	0	0	0	0	0	0	0	0	0	0	4106	4364	0	0	0	0	0	0	0	0	0	0	0	0	4024	2434	0	136	0	0	0	0	0	0	118	570	292	686	0	0	618	730	958	354	0	0	0	0	2914	196	1114	364	1340	0	0	0	194	0	3752	1480	0	1824	0	0	0	0	0	0	0	0	0	0	0	0	0	0	106	512	0	0	0	610	0	0	0	0	0	0	0	0	0	0	0	0	0	0	0	0	0	0	0	0	0	0	0	0	0	0	
59508	Paracentral_Lobule_R	0	626	0	360	0	0	0	0	0	0	0	0	0	0	0	0	0	0	0	6326	0	0	0	0	0	0	0	0	0	118	0	0	484	3420	0	202	0	148	0	0	0	0	0	590	0	994	0	0	0	2226	0	490	0	0	0	0	0	3070	0	2074	0	0	0	0	0	0	0	4270	1824	0	0	0	0	0	0	0	0	0	0	0	0	0	0	0	0	1144	0	0	0	1388	0	0	0	0	0	0	0	0	0	0	0	0	0	0	0	0	0	0	0	0	0	0	0	0	0	0	
467532	Caudate_L	2566	3102	17786	7908	10606	864	4276	2994	2240	0	4128	1798	3018	1592	3910	194	1784	332	3308	6916	12792	8604	2474	730	2764	1856	1820	832	8180	608	16262	7988	100	376	170	0	564	118	196	0	802	0	0	0	0	0	0	0	0	0	138	0	152	0	150	0	802	102	0	0	138	0	166	0	0	0	0	0	0	0	0	20728	28222	10054	9240	3642	10500	1666	162	0	632	0	510	0	204	0	0	0	0	0	0	0	0	0	0	0	0	0	0	0	0	0	0	0	0	0	0	0	0	0	0	0	0	0	0	0	
606160	Caudate_R	538	938	7368	26730	600	13432	1710	2162	0	218	2118	1182	1470	1690	404	1270	282	392	3224	37110	6746	10036	2072	9446	334	16788	148	4264	2902	3474	9732	25186	296	8688	1684	2270	2676	290	1318	0	0	0	174	0	0	0	1328	0	0	0	1380	0	680	0	468	0	128	258	0	0	0	0	0	100	0	0	346	0	0	0	20728	0	8380	26406	5888	4242	4428	15678	0	0	144	0	0	0	854	0	0	0	282	0	0	0	0	0	0	0	0	0	0	0	0	0	0	0	0	0	0	0	0	0	0	0	0	0	0	0	
579208	Putamen_L	1096	726	34092	2696	14426	210	8090	1246	2748	0	3772	208	2730	0	9072	0	3798	170	12726	3942	9110	4650	5398	188	2096	1280	1460	222	31670	220	12906	6278	314	360	904	1014	8098	274	3134	0	2012	0	0	0	0	0	326	0	0	0	1676	0	734	0	3882	0	1128	0	0	0	516	0	946	0	0	0	116	0	0	0	28222	8380	0	5630	10074	1906	7784	1484	1976	0	7708	0	1120	0	5816	0	144	0	6700	0	0	0	0	0	0	0	0	0	0	0	0	0	0	0	0	0	0	0	0	0	0	0	0	0	0	0	
552912	Putamen_R	128	462	4670	21338	188	8514	982	2110	0	610	0	5720	132	774	0	5780	0	9844	1332	20322	3346	5680	648	3086	106	9580	0	2806	256	32796	5968	11064	0	3084	2790	4136	2100	14524	534	3632	0	3600	0	232	0	104	728	120	0	106	1024	138	162	0	0	3480	0	362	0	0	0	0	0	0	0	0	522	2060	0	0	10054	26406	5630	0	3884	5888	376	7724	0	222	0	2938	0	1580	694	3512	0	388	0	5480	0	0	0	0	0	0	0	0	0	0	0	0	0	0	0	0	0	0	0	0	0	0	0	0	0	0	
127444	Pallidum_L	158	144	5856	782	0	182	1744	106	0	0	0	0	0	0	0	192	128	0	610	892	5406	4864	0	0	670	320	0	404	190	210	4472	2668	0	0	0	0	512	0	178	0	0	0	0	0	0	0	0	0	0	0	0	0	0	0	0	0	112	0	0	0	0	0	0	0	0	0	0	0	0	0	9240	5888	10074	3884	0	1702	2026	108	0	0	0	0	0	0	0	0	0	0	0	0	0	0	0	0	0	0	0	0	0	0	0	0	0	0	0	0	0	0	0	0	0	0	0	0	0	0	
64408	Pallidum_R	0	0	1752	2714	0	112	454	0	0	0	0	0	0	0	0	326	0	0	0	2742	810	2612	0	0	0	106	0	0	0	514	732	564	0	0	0	0	0	398	0	158	0	264	0	0	0	0	0	0	0	0	0	0	0	0	0	0	0	0	0	0	0	0	0	0	0	0	0	0	0	0	3642	4242	1906	5888	1702	0	138	428	0	0	0	0	0	0	0	0	0	0	0	0	0	0	0	0	0	0	0	0	0	0	0	0	0	0	0	0	0	0	0	0	0	0	0	0	0	0	
248152	Thalamus_L	724	1158	15440	2364	658	0	2290	186	0	0	318	0	118	0	0	0	500	0	5428	7552	152	0	1366	0	0	0	0	0	1048	172	514	310	0	166	3750	4296	9372	1048	4726	0	0	0	306	0	152	0	4346	0	0	0	3980	0	2232	0	1804	0	942	0	0	0	182	0	196	0	0	0	308	0	0	0	10500	4428	7784	376	2026	138	0	16496	0	0	358	0	0	0	2802	0	0	0	1064	0	0	0	0	0	0	0	0	0	0	0	0	0	0	0	0	0	0	0	0	0	0	0	0	0	0	0	
428516	Thalamus_R	380	792	3886	12590	176	0	652	536	0	0	148	1204	108	128	0	0	132	2308	2756	30390	0	124	846	194	0	0	0	0	586	1860	0	218	0	588	13308	14288	15524	14244	4570	4122	0	482	620	852	192	0	6202	5182	0	278	5718	568	1518	636	1028	3804	126	984	0	0	0	0	0	0	0	0	4804	1558	0	0	1666	15678	1484	7724	108	428	16496	0	0	0	0	964	0	108	3228	1654	0	0	660	2282	0	0	0	0	0	0	0	0	0	0	0	0	0	0	0	0	0	0	0	568	0	0	0	0	0	0	
142280	Heschl_L	3106	0	4180	0	0	0	1558	0	0	0	2360	0	324	0	0	0	8758	0	1272	0	0	0	1356	0	0	0	0	0	12154	0	0	0	0	0	0	0	1636	0	348	0	0	0	0	0	0	0	0	0	0	0	2848	0	0	0	540	0	5086	0	0	0	124	0	1568	0	0	0	0	0	0	0	162	0	1976	0	0	0	0	0	0	0	8350	0	0	0	8712	0	0	0	4722	0	0	0	0	0	0	0	0	0	0	0	0	0	0	0	0	0	0	0	0	0	0	0	0	0	0	0	
35748	Heschl_R	0	150	0	390	0	0	0	0	0	0	0	196	0	0	0	0	0	5354	0	186	0	0	0	0	0	0	0	0	0	4988	0	0	0	0	0	100	0	122	0	0	0	0	0	108	0	0	0	0	0	0	0	0	0	0	0	0	0	316	0	0	0	0	0	0	0	0	0	124	0	0	0	0	0	222	0	0	0	0	0	0	0	5036	0	132	0	304	0	0	0	146	0	0	0	0	0	0	0	0	0	0	0	0	0	0	0	0	0	0	0	0	0	0	0	0	0	0	
456900	Temporal_Sup_L	6638	0	9250	298	360	146	5718	0	200	0	10438	262	2356	466	406	0	23298	0	3868	438	0	0	2548	484	0	0	0	0	31938	168	108	274	0	490	0	0	4194	0	776	0	320	0	266	0	102	0	160	0	0	0	2978	0	314	0	6466	0	11028	0	0	0	842	0	8080	0	766	0	324	0	0	0	632	144	7708	0	0	0	358	0	8350	0	0	0	11982	0	39446	0	6736	0	16326	0	0	0	0	0	0	0	0	0	0	0	0	0	0	0	0	0	0	0	0	0	0	0	0	0	0	0	
173092	Temporal_Sup_R	0	268	0	2322	0	0	0	100	0	0	0	744	0	0	0	410	0	7116	0	2106	0	0	0	0	0	0	0	0	0	10296	0	0	0	0	544	1234	488	3318	0	678	0	398	0	832	0	184	190	486	0	594	192	2672	0	0	0	954	0	312	0	0	0	280	0	6146	0	4954	186	804	0	0	0	0	0	2938	0	0	0	964	0	5036	0	0	0	3900	0	17700	0	2804	0	4396	0	0	0	0	0	0	0	0	0	0	0	0	0	0	0	0	0	0	0	0	0	0	0	0	0	0	
119620	Temporal_Pole_Sup_L	0	0	338	0	744	0	238	0	456	0	1424	0	866	0	1526	0	1722	0	0	0	664	0	0	0	0	0	204	0	3042	0	0	0	0	0	0	0	584	0	1224	0	990	0	0	0	0	0	0	0	0	0	0	0	0	0	3920	0	0	0	0	0	0	0	0	0	0	0	0	0	0	0	510	0	1120	0	0	0	0	0	0	0	11982	0	0	0	9428	0	11500	0	7328	0	0	0	0	0	0	0	0	0	0	0	0	0	0	0	0	0	0	0	0	0	0	0	0	0	0	0	
87228	Temporal_Pole_Sup_R	0	0	0	128	0	0	0	0	0	0	0	290	0	0	0	320	0	594	0	130	0	0	0	0	0	0	0	0	0	2896	0	0	0	0	0	0	0	4106	0	5780	0	3980	0	0	0	0	0	0	0	0	0	0	0	0	0	5664	0	0	0	0	0	0	0	0	0	0	0	0	0	0	0	0	0	1580	0	0	0	108	0	132	0	3900	0	0	0	1832	0	10414	0	1760	0	0	0	0	0	0	0	0	0	0	0	0	0	0	0	0	0	0	0	0	0	0	0	0	0	0	
652288	Temporal_Mid_L	4384	0	7010	622	0	0	2514	0	0	0	2886	0	260	0	0	0	8794	0	2480	2110	0	0	1452	0	0	0	0	0	22452	128	0	0	838	174	3478	2680	18118	1460	6698	0	408	0	4268	0	1924	0	3572	0	472	0	35870	0	3726	0	10978	0	7542	0	180	0	6244	0	16588	0	8940	0	5812	0	106	0	204	854	5816	694	0	0	2802	3228	8712	0	39446	0	9428	0	0	0	11020	0	48772	0	0	0	0	0	0	0	0	0	0	0	0	0	0	0	0	0	0	0	0	0	0	0	0	0	0	0	
345360	Temporal_Mid_R	0	1408	0	2674	0	0	0	244	0	0	0	574	0	0	0	572	0	1358	0	4170	0	0	0	0	0	0	0	0	0	4248	0	0	0	382	1252	3368	974	13636	0	2274	0	734	0	7614	0	1626	122	3794	0	2286	114	16752	0	2082	0	7302	0	2944	0	106	0	452	0	5086	0	6254	914	6556	512	1144	0	0	0	3512	0	0	0	1654	0	304	0	17700	0	1832	0	0	0	5876	0	38274	0	0	0	0	0	0	0	0	0	0	0	0	0	0	0	0	0	0	0	0	0	0	0	0	0	0	
94396	Temporal_Pole_Mid_L	0	0	0	0	0	0	0	0	0	0	166	0	0	0	0	0	222	0	0	0	0	0	0	0	0	0	0	0	520	0	0	0	0	0	0	0	294	0	1600	0	372	0	0	0	0	0	0	0	0	0	0	0	0	0	5454	0	0	0	0	0	0	0	0	0	0	0	0	0	0	0	0	0	144	0	0	0	0	0	0	0	6736	0	11500	0	11020	0	0	0	9170	0	0	0	0	0	0	0	0	0	0	0	0	0	0	0	0	0	0	0	0	0	0	0	0	0	0	0	
93048	Temporal_Pole_Mid_R	0	0	0	0	0	0	0	0	0	0	0	0	0	0	0	0	0	0	0	0	0	0	0	0	0	0	0	0	0	370	0	0	0	0	0	0	0	3588	0	5316	0	2044	0	0	0	0	0	0	0	0	0	0	0	0	0	8956	0	0	0	0	0	0	0	0	0	0	0	0	0	0	0	0	0	388	0	0	0	0	0	0	0	2804	0	10414	0	5876	0	0	0	6768	0	0	0	0	0	0	0	0	0	0	0	0	0	0	0	0	0	0	0	0	0	0	0	0	0	0	
400752	Temporal_Inf_L	1270	0	3100	130	0	0	786	0	0	0	1190	0	0	0	0	0	1738	0	1308	552	0	0	644	0	0	0	0	0	14314	0	0	0	210	0	636	396	16074	176	6294	0	858	0	660	0	464	0	1456	0	130	0	14582	0	5446	0	23670	0	1748	0	0	0	664	0	1966	0	178	0	1226	0	0	0	0	282	6700	0	0	0	1064	660	4722	0	16326	0	7328	0	48772	0	9170	0	0	0	1486	0	536	0	0	0	0	0	576	0	380	0	508	0	0	0	0	0	0	0	0	0	0	0	0	0	
322768	Temporal_Inf_R	0	2408	0	2912	0	0	0	358	0	0	0	1118	0	104	0	768	0	1242	0	4336	0	0	0	0	0	0	0	0	0	4760	0	0	0	502	1596	2744	1168	23174	0	6014	0	1034	0	2012	0	740	196	2442	0	932	154	1758	0	5012	0	18710	0	4000	0	0	0	524	0	4052	0	690	842	3768	610	1388	0	0	0	5480	0	0	0	2282	0	146	0	4396	0	1760	0	38274	0	6768	0	0	0	210	0	0	0	0	0	0	0	0	0	0	0	0	0	0	0	0	0	0	0	0	0	0	0	0	
406304	Cerebelum_Crus1_L	0	0	0	0	0	0	0	0	0	0	0	0	0	0	0	0	0	0	0	0	0	0	0	0	0	0	0	0	0	0	0	0	0	0	0	0	0	0	0	0	0	0	0	0	0	0	5454	776	0	0	1256	0	5834	0	15770	852	0	0	0	0	0	0	0	0	0	0	0	0	0	0	0	0	0	0	0	0	0	0	0	0	0	0	0	0	0	0	0	0	1486	0	0	3318	37968	2258	808	0	8272	108	41262	3902	25848	1288	28390	1218	3132	208	180	0	0	0	1014	3058	6934	1946	612	0	
346748	Cerebelum_Crus1_R	0	0	0	0	0	0	0	0	0	0	0	0	0	0	0	0	0	0	0	0	0	0	0	0	0	0	0	0	0	0	0	0	0	0	0	0	0	0	0	122	0	0	0	0	0	0	758	740	0	0	0	0	110	0	222	6020	0	0	0	0	0	0	0	0	0	0	0	0	0	0	0	0	0	0	0	0	0	0	0	0	0	0	0	0	0	0	0	0	0	210	3318	0	2504	32676	0	1694	1680	5908	1370	41398	1516	10328	864	28086	356	4530	0	3206	376	1484	3150	5492	10224	3014	1490	528	
278024	Cerebelum_Crus2_L	0	0	0	0	0	0	0	0	0	0	0	0	0	0	0	0	0	0	0	0	0	0	0	0	0	0	0	0	0	0	0	0	0	0	0	0	0	0	0	0	0	0	0	0	0	0	400	0	0	0	180	0	326	0	364	154	0	0	0	0	0	0	0	0	0	0	0	0	0	0	0	0	0	0	0	0	0	0	0	0	0	0	0	0	0	0	0	0	536	0	37968	2504	0	8810	0	0	0	0	3254	1602	36274	4300	27628	1916	636	0	0	0	0	0	0	384	8554	3012	210	0	
235344	Cerebelum_Crus2_R	0	0	0	0	0	0	0	0	0	0	0	0	0	0	0	0	0	0	0	0	0	0	0	0	0	0	0	0	0	0	0	0	0	0	0	0	0	0	0	0	0	0	0	0	0	0	0	0	0	0	0	0	0	0	0	0	0	0	0	0	0	0	0	0	0	0	0	0	0	0	0	0	0	0	0	0	0	0	0	0	0	0	0	0	0	0	0	0	0	0	2258	32676	8810	0	0	0	0	0	0	5838	3928	20328	1990	26360	0	2412	0	234	0	0	0	182	9140	3284	232	0	
39384	Cerebelum_3_L	0	0	0	0	0	0	0	0	0	0	0	0	0	0	0	0	0	0	0	0	0	0	0	0	0	0	0	0	0	0	0	0	0	0	0	0	0	0	126	0	0	0	0	0	0	0	892	206	0	0	0	0	168	0	1198	0	0	0	0	0	0	0	0	0	0	0	0	0	0	0	0	0	0	0	0	0	0	0	0	0	0	0	0	0	0	0	0	0	0	0	808	0	0	0	0	0	5714	0	1902	0	0	0	0	0	4520	252	692	0	742	1990	482	0	0	0	0	0	
66536	Cerebelum_3_R	0	0	0	0	0	0	0	0	0	0	0	0	0	0	0	0	0	0	0	0	0	0	0	0	0	0	0	0	0	0	0	0	0	0	0	0	0	0	0	0	0	0	0	0	0	0	0	506	0	0	0	0	0	406	0	5956	0	0	0	0	0	0	0	0	0	0	0	0	0	0	0	0	0	0	0	0	0	0	0	0	0	0	0	0	0	0	0	0	0	0	0	1694	0	0	0	0	118	8430	0	7642	0	0	0	0	0	1752	0	262	860	5390	252	0	0	0	0	0	
232264	Cerebelum_4_5_L	0	0	0	0	0	0	0	0	0	0	0	0	0	0	0	0	0	0	0	0	0	0	0	0	0	0	0	0	0	0	0	0	0	0	0	0	0	0	230	0	0	0	0	0	0	0	12718	1206	0	0	1056	0	3570	0	15438	1438	0	0	0	0	0	0	0	0	0	0	0	0	0	0	0	0	0	0	0	0	0	0	0	0	0	0	0	0	0	0	0	0	0	0	8272	1680	0	0	5714	118	0	2360	25784	4820	366	0	2028	318	6302	812	1194	0	418	1754	11014	4884	330	702	1046	560	
163204	Cerebelum_4_5_R	0	0	0	0	0	0	0	0	0	0	0	0	0	0	0	0	0	0	0	0	0	0	0	0	0	0	0	0	0	0	0	0	0	0	0	0	0	180	0	1260	0	0	0	164	0	0	674	3550	0	0	0	192	0	1526	0	17036	0	0	0	0	0	0	0	0	0	0	0	0	0	0	0	0	0	0	0	0	0	0	0	0	0	0	0	0	0	0	0	0	0	0	108	5908	0	0	0	8430	2360	0	504	21692	0	0	0	0	100	418	0	462	116	5722	10206	650	0	0	102	242	
355344	Cerebelum_6_L	0	0	0	0	0	0	0	0	0	0	0	0	0	0	0	0	0	0	0	0	0	0	0	0	0	0	0	0	0	0	0	0	0	0	0	0	0	0	0	0	0	0	0	0	0	0	13882	2038	0	0	1910	0	7346	0	29220	1742	0	0	0	0	0	0	0	0	0	0	0	0	0	0	0	0	0	0	0	0	0	0	0	0	0	0	0	0	0	0	0	0	576	0	41262	1370	3254	0	1902	0	25784	504	0	4472	6460	0	13458	112	4748	452	888	0	0	106	4644	7086	1802	1320	1234	100	
389264	Cerebelum_6_R	0	0	0	0	0	0	0	0	0	0	0	0	0	0	0	0	0	0	0	0	0	0	0	0	0	0	0	0	0	0	0	0	0	0	0	0	0	0	0	0	0	0	0	0	0	0	2634	4364	0	0	186	194	442	1576	890	23616	0	0	0	0	0	0	0	0	0	0	0	0	0	0	0	0	0	0	0	0	0	0	0	0	0	0	0	0	0	0	0	0	0	0	3902	41398	1602	5838	0	7642	4820	21692	4472	0	962	1552	1280	12572	846	3336	0	3698	574	5658	12078	11612	9270	3442	1710	774	
252008	Cerebelum_7b_L	0	0	0	0	0	0	0	0	0	0	0	0	0	0	0	0	0	0	0	0	0	0	0	0	0	0	0	0	0	0	0	0	0	0	0	0	0	0	0	0	0	0	0	0	0	0	0	0	0	0	0	0	138	0	798	114	0	0	0	0	0	0	0	0	0	0	0	0	0	0	0	0	0	0	0	0	0	0	0	0	0	0	0	0	0	0	0	0	380	0	25848	1516	36274	3928	0	0	366	0	6460	962	0	3336	32264	2464	496	0	212	0	0	0	0	308	5482	4428	230	0	
139980	Cerebelum_7b_R	0	0	0	0	0	0	0	0	0	0	0	0	0	0	0	0	0	0	0	0	0	0	0	0	0	0	0	0	0	0	0	0	0	0	0	0	0	0	0	0	0	0	0	0	0	0	0	0	0	0	0	0	0	0	0	0	0	0	0	0	0	0	0	0	0	0	0	0	0	0	0	0	0	0	0	0	0	0	0	0	0	0	0	0	0	0	0	0	0	0	1288	10328	4300	20328	0	0	0	0	0	1552	3336	0	3130	15986	0	430	0	160	0	0	0	0	4674	4478	0	0	
286112	Cerebelum_8_L	0	0	0	0	0	0	0	0	0	0	0	0	0	0	0	0	0	0	0	0	0	0	0	0	0	0	0	0	0	0	0	0	0	0	0	0	0	0	0	0	0	0	0	0	0	0	992	0	0	0	0	0	116	0	1098	202	0	0	0	0	0	0	0	0	0	0	0	0	0	0	0	0	0	0	0	0	0	0	0	0	0	0	0	0	0	0	0	0	508	0	28390	864	27628	1990	0	0	2028	0	13458	1280	32264	3130	0	3978	10512	682	980	0	0	0	492	776	3728	6836	1124	0	
241852	Cerebelum_8_R	0	0	0	0	0	0	0	0	0	0	0	0	0	0	0	0	0	0	0	0	0	0	0	0	0	0	0	0	0	0	0	0	0	0	0	0	0	0	0	0	0	0	0	0	0	0	168	0	0	0	0	0	0	0	0	0	0	0	0	0	0	0	0	0	0	0	0	0	0	0	0	0	0	0	0	0	0	0	0	0	0	0	0	0	0	0	0	0	0	0	1218	28086	1916	26360	0	0	318	0	112	12572	2464	15986	3978	0	362	13310	0	508	0	0	400	532	4470	7052	1114	0	
94964	Cerebelum_9_L	0	0	0	0	0	0	0	0	0	0	0	0	0	0	0	0	0	0	0	0	0	0	0	0	0	0	0	0	0	0	0	0	0	0	0	0	0	0	0	0	0	0	0	0	0	0	1324	0	0	0	0	0	164	0	768	194	0	0	0	0	0	0	0	0	0	0	0	0	0	0	0	0	0	0	0	0	0	0	0	0	0	0	0	0	0	0	0	0	0	0	3132	356	636	0	4520	0	6302	100	4748	846	496	0	10512	362	0	1326	2488	0	970	1458	2000	1240	674	1238	1194	434	
91572	Cerebelum_9_R	0	0	0	0	0	0	0	0	0	0	0	0	0	0	0	0	0	0	0	0	0	0	0	0	0	0	0	0	0	0	0	0	0	0	0	0	0	0	0	0	0	0	0	0	0	0	222	118	0	0	0	0	0	0	0	150	0	0	0	0	0	0	0	0	0	0	0	0	0	0	0	0	0	0	0	0	0	0	0	0	0	0	0	0	0	0	0	0	0	0	208	4530	0	2412	252	1752	812	418	452	3336	0	430	682	13310	1326	0	0	772	2802	3426	1262	1180	824	1554	2162	1394	
14328	Cerebelum_10_L	0	0	0	0	0	0	0	0	0	0	0	0	0	0	0	0	0	0	0	0	0	0	0	0	0	0	0	0	0	0	0	0	0	0	0	0	0	0	0	0	0	0	0	0	0	0	268	0	0	0	0	0	0	0	262	0	0	0	0	0	0	0	0	0	0	0	0	0	0	0	0	0	0	0	0	0	0	0	0	0	0	0	0	0	0	0	0	0	0	0	180	0	0	0	692	0	1194	0	888	0	212	0	980	0	2488	0	0	0	0	0	0	0	0	0	0	0	
