data	data	571984	260824	802532	614448	166140	127388	445488	194248	119716	27284	381396	165268	321616	138508	202544	73784	253844	96276	718924	831444	61772	80472	248548	337636	27748	91964	21060	32332	624864	286552	286512	519512	151472	541508	169828	218360	269232	293184	61552	240932	36128	58488	320392	310840	305756	241968	262160	275516	383272	241932	727156	195092	147796	180428	431016	576480	377044	289720	310560	122904	380000	89160	133392	81884	261668	111636	493000	368276	339788	389076	251476	367700	329172	296996	53896	25732	146476	114620	78948	21600	238336	64544	103388	53564	452596	286088	40004	24736	373044	208236	511176	431164	337164	281444	57260	49740	326004	262232	511024	474556	250064	120544	350596	310696	117092	140448	25280	12548	42704	90360	272020	218772	251572	171716	118884	62596	
data	data	Precentral_L	Precentral_R	Frontal_Sup_L	Frontal_Sup_R	Frontal_Sup_Orb_L	Frontal_Sup_Orb_R	Frontal_Mid_L	Frontal_Mid_R	Frontal_Mid_Orb_L	Frontal_Mid_Orb_R	Frontal_Inf_Oper_L	Frontal_Inf_Oper_R	Frontal_Inf_Tri_L	Frontal_Inf_Tri_R	Frontal_Inf_Orb_L	Frontal_Inf_Orb_R	Rolandic_Oper_L	Rolandic_Oper_R	Supp_Motor_Area_L	Supp_Motor_Area_R	Olfactory_L	Olfactory_R	Frontal_Sup_Medial_L	Frontal_Sup_Medial_R	Frontal_Med_Orb_L	Frontal_Med_Orb_R	Rectus_L	Rectus_R	Insula_L	Insula_R	Cingulum_Ant_L	Cingulum_Ant_R	Cingulum_Mid_L	Cingulum_Mid_R	Cingulum_Post_L	Cingulum_Post_R	Hippocampus_L	Hippocampus_R	ParaHippocampal_L	ParaHippocampal_R	Amygdala_L	Amygdala_R	Calcarine_L	Calcarine_R	Cuneus_L	Cuneus_R	Lingual_L	Lingual_R	Occipital_Sup_L	Occipital_Sup_R	Occipital_Mid_L	Occipital_Mid_R	Occipital_Inf_L	Occipital_Inf_R	Fusiform_L	Fusiform_R	Postcentral_L	Postcentral_R	Parietal_Sup_L	Parietal_Sup_R	Parietal_Inf_L	Parietal_Inf_R	SupraMarginal_L	SupraMarginal_R	Angular_L	Angular_R	Precuneus_L	Precuneus_R	Paracentral_Lobule_L	Paracentral_Lobule_R	Caudate_L	Caudate_R	Putamen_L	Putamen_R	Pallidum_L	Pallidum_R	Thalamus_L	Thalamus_R	Heschl_L	Heschl_R	Temporal_Sup_L	Temporal_Sup_R	Temporal_Pole_Sup_L	Temporal_Pole_Sup_R	Temporal_Mid_L	Temporal_Mid_R	Temporal_Pole_Mid_L	Temporal_Pole_Mid_R	Temporal_Inf_L	Temporal_Inf_R	Cerebelum_Crus1_L	Cerebelum_Crus1_R	Cerebelum_Crus2_L	Cerebelum_Crus2_R	Cerebelum_3_L	Cerebelum_3_R	Cerebelum_4_5_L	Cerebelum_4_5_R	Cerebelum_6_L	Cerebelum_6_R	Cerebelum_7b_L	Cerebelum_7b_R	Cerebelum_8_L	Cerebelum_8_R	Cerebelum_9_L	Cerebelum_9_R	Cerebelum_10_L	Cerebelum_10_R	Vermis_1_2	Vermis_3	Vermis_4_5	Vermis_6	Vermis_7	Vermis_8	Vermis_9	Vermis_10	
571984	Precentral_L	0	2498	9170	1400	352	0	16424	240	142	0	11914	0	2762	0	1584	0	15442	156	5792	21596	0	0	0	0	0	0	0	0	17296	166	0	166	680	8810	2650	3154	10080	1882	334	880	0	0	986	0	284	0	164	84	212	0	1284	0	272	0	2020	626	31302	422	476	0	2430	0	880	0	248	0	364	462	40390	13556	6122	794	10338	0	4862	0	14658	1148	6288	0	5520	0	458	0	1602	0	0	0	1958	132	0	0	0	0	0	0	0	0	0	0	0	0	0	0	0	0	0	0	0	0	80	0	0	0	0	0	
260824	Precentral_R	2498	0	1484	3306	0	0	282	8870	0	0	148	5434	96	0	88	0	102	1962	3536	8946	0	0	0	0	0	0	0	0	444	3392	0	154	170	368	476	1454	478	11934	0	3856	0	0	0	740	0	156	0	280	0	380	0	1054	0	1904	84	6280	566	16630	0	824	0	1570	0	1858	0	538	146	1900	1388	7906	3136	2138	372	1650	246	94	2384	4178	0	1098	0	1964	0	0	88	3792	0	0	0	5590	0	0	0	0	0	0	0	0	0	0	0	0	0	0	0	0	0	0	0	0	0	0	0	0	0	0	
802532	Frontal_Sup_L	9170	1484	0	10540	9388	0	65246	2034	5168	0	31946	812	23104	88	5560	0	12138	198	77288	12000	0	0	35706	3412	1586	384	274	0	26814	754	11808	4870	3014	3292	0	0	1734	84	0	0	0	0	0	0	0	0	0	0	0	0	158	0	0	0	922	0	1826	0	0	0	116	0	0	0	0	0	0	0	2290	978	6400	4802	10262	1802	644	170	442	700	648	0	5484	0	2222	0	118	0	0	0	1386	0	0	0	0	0	0	0	0	0	0	0	0	0	0	0	0	0	0	0	0	0	0	0	0	0	0	0	
614448	Frontal_Sup_R	1400	3306	10540	0	0	6758	230	24414	0	228	364	5602	248	5006	0	1962	266	4290	21970	60620	0	0	5862	34074	0	2396	0	0	698	12746	6306	31110	2732	19988	0	0	158	1538	0	592	0	0	0	0	0	0	0	0	0	0	0	0	0	0	0	580	114	352	0	0	0	94	0	0	0	0	0	0	1286	882	178	15700	0	14844	0	3368	220	3560	0	226	90	108	0	0	0	0	0	0	0	218	0	0	0	0	0	0	0	0	0	0	0	0	0	0	0	0	0	0	0	0	0	0	0	0	0	0	
166140	Frontal_Sup_Orb_L	352	0	9388	0	0	0	4322	0	11264	0	954	0	4506	0	11388	0	0	0	2304	82	1394	0	2526	342	2828	518	1660	0	9140	0	4188	82	0	0	0	0	0	0	0	0	362	0	0	0	0	0	0	0	0	0	0	0	0	0	0	0	244	0	0	0	0	0	0	0	0	0	0	0	0	0	2616	430	11572	0	0	0	312	0	0	0	0	0	296	0	0	0	0	0	0	0	0	0	0	0	0	0	0	0	0	0	0	0	0	0	0	0	0	0	0	0	0	0	0	0	0	0	
127388	Frontal_Sup_Orb_R	0	0	0	6758	0	0	0	794	0	2674	0	1486	0	1096	0	3512	0	146	108	820	428	2422	154	7026	0	6690	0	4752	0	5612	526	6666	0	342	0	0	0	0	0	0	0	138	0	0	0	0	0	0	0	0	0	0	0	0	0	0	0	0	0	0	0	0	0	0	0	0	0	0	0	0	268	4966	188	6036	0	0	0	86	0	0	0	0	0	0	0	0	0	0	0	0	0	0	0	0	0	0	0	0	0	0	0	0	0	0	0	0	0	0	0	0	0	0	0	0	0	0	
445488	Frontal_Mid_L	16424	282	65246	230	4322	0	0	0	6372	0	20608	0	32936	0	6650	0	8306	0	16374	652	166	0	11410	550	224	0	0	0	11382	0	2706	884	488	668	0	0	1036	0	0	0	108	0	0	0	0	0	0	0	0	0	0	0	0	0	234	0	1686	0	0	0	0	0	0	0	0	0	0	0	676	400	2594	768	3736	0	220	0	1342	0	154	0	2108	0	520	0	0	0	0	0	282	0	0	0	0	0	0	0	0	0	0	0	0	0	0	0	0	0	0	0	0	0	0	0	0	0	0	0	
194248	Frontal_Mid_R	240	8870	2034	24414	0	794	0	0	0	694	0	10468	0	10328	0	2446	0	632	5290	7350	0	0	246	3542	0	0	0	0	0	3262	522	3268	0	4820	0	0	0	818	0	538	0	0	0	0	0	0	0	0	0	0	0	0	0	0	0	474	146	406	0	0	0	0	0	0	0	0	0	84	192	0	472	882	0	2304	0	0	0	1274	0	0	0	0	0	0	0	0	0	0	0	314	0	0	0	0	0	0	0	0	0	0	0	0	0	0	0	0	0	0	0	0	0	0	0	0	0	0	
119716	Frontal_Mid_Orb_L	142	0	5168	0	11264	0	6372	0	0	0	1300	0	7274	0	15550	0	0	0	1412	0	338	0	164	0	158	0	568	0	5166	0	512	120	0	0	0	0	0	0	0	0	126	0	0	0	0	0	0	0	0	0	0	0	0	0	0	0	0	0	0	0	0	0	0	0	0	0	0	0	0	0	784	260	3066	0	0	0	114	0	0	0	0	0	0	0	0	0	0	0	0	0	0	0	0	0	0	0	0	0	0	0	0	0	0	0	0	0	0	0	0	0	0	0	0	0	0	0	
27284	Frontal_Mid_Orb_R	0	0	0	228	0	2674	0	694	0	0	0	0	0	1412	0	5772	0	0	158	158	0	0	0	106	0	0	0	352	0	810	0	102	0	158	0	0	0	0	0	0	0	0	0	0	0	0	0	0	0	0	0	0	0	0	0	0	0	0	0	0	0	0	0	0	0	0	0	0	0	0	0	576	0	442	0	0	0	0	0	0	0	0	0	0	0	0	0	0	0	0	0	0	0	0	0	0	0	0	0	0	0	0	0	0	0	0	0	0	0	0	0	0	0	0	0	0	
381396	Frontal_Inf_Oper_L	11914	148	31946	364	954	0	20608	0	1300	0	0	244	23262	0	1918	0	20448	204	22302	782	0	0	1276	0	188	0	0	0	26922	140	1154	194	0	254	0	0	852	0	0	0	0	0	0	0	0	0	0	0	0	0	0	0	0	0	346	0	4290	0	0	0	0	0	0	0	0	0	0	0	360	174	1522	1294	2500	86	200	0	220	0	562	0	7212	0	3898	0	104	0	0	0	556	0	0	0	0	0	0	0	0	0	0	0	0	0	0	0	0	0	0	0	0	0	0	0	0	0	0	0	
165268	Frontal_Inf_Oper_R	0	5434	812	5602	0	1486	0	10468	0	0	244	0	784	8604	110	106	0	3020	2596	4026	0	0	110	2240	0	252	0	0	896	10936	730	6968	0	2392	0	0	0	214	0	100	0	0	0	0	0	0	0	0	0	0	0	0	0	0	0	134	0	2464	0	0	0	0	0	0	0	0	0	0	0	0	232	4878	0	6086	0	0	0	208	0	176	0	228	0	0	0	0	0	0	0	98	0	0	0	0	0	0	0	0	0	0	0	0	0	0	0	0	0	0	0	0	0	0	0	0	0	0	
321616	Frontal_Inf_Tri_L	2762	96	23104	248	4506	0	32936	0	7274	0	23262	784	0	120	15104	100	354	252	9300	524	94	0	2450	206	314	0	106	0	20302	316	3824	1276	154	238	0	0	284	0	0	0	0	0	0	0	0	0	0	0	0	0	0	0	0	0	130	0	886	0	0	0	0	0	0	0	0	0	0	0	124	222	2852	2292	3454	158	0	0	0	0	0	0	232	0	0	0	0	0	0	0	168	0	0	0	0	0	0	0	0	0	0	0	0	0	0	0	0	0	0	0	0	0	0	0	0	0	0	0	
138508	Frontal_Inf_Tri_R	0	0	88	5006	0	1096	0	10328	0	1412	0	8604	120	0	0	7406	0	88	1434	2090	0	0	108	4062	0	548	0	0	92	13612	630	8056	0	2174	0	0	0	0	0	0	0	0	0	0	0	0	0	0	0	0	0	0	0	0	0	0	0	0	0	0	0	0	0	0	0	0	0	0	0	0	0	1040	0	1260	0	0	0	0	0	0	0	0	0	0	0	0	0	0	0	0	0	0	0	0	0	0	0	0	0	0	0	0	0	0	0	0	0	0	0	0	0	0	0	0	0	0	
202544	Frontal_Inf_Orb_L	1584	88	5560	0	11388	0	6650	0	15550	0	1918	110	15104	0	0	0	0	0	3252	318	1630	0	184	0	0	0	568	0	18918	0	864	416	80	0	0	0	462	0	0	0	520	0	0	0	0	0	0	0	0	0	0	0	0	0	154	0	406	0	0	0	0	0	0	0	0	0	0	0	118	246	2798	412	10714	0	0	0	340	0	0	0	96	0	688	0	0	0	0	0	136	0	0	0	0	0	0	0	0	0	0	0	0	0	0	0	0	0	0	0	0	0	0	0	0	0	0	0	
73784	Frontal_Inf_Orb_R	0	0	0	1962	0	3512	0	2446	0	5772	0	106	100	7406	0	0	0	0	274	298	126	1222	0	1128	0	108	0	924	0	6958	336	2248	0	286	0	0	0	0	0	0	0	102	0	0	0	0	0	0	0	0	0	0	0	0	0	0	0	0	0	0	0	0	0	0	0	0	0	0	0	0	0	466	0	1112	0	0	0	0	0	0	0	0	0	0	0	0	0	0	0	0	0	0	0	0	0	0	0	0	0	0	0	0	0	0	0	0	0	0	0	0	0	0	0	0	0	0	
253844	Rolandic_Oper_L	15442	102	12138	266	0	0	8306	0	0	0	20448	0	354	0	0	0	0	0	8092	764	0	0	0	0	0	0	0	0	18790	0	0	0	0	152	0	0	118	0	0	0	0	0	790	0	228	0	0	0	260	0	848	0	0	0	80	0	13134	0	256	0	308	0	2648	0	0	0	270	0	3214	258	138	0	362	0	172	0	94	0	4020	0	11136	0	3356	0	196	0	0	0	182	0	0	0	0	0	0	0	0	0	0	0	0	0	0	0	0	0	0	0	0	0	0	0	0	0	0	0	
96276	Rolandic_Oper_R	156	1962	198	4290	0	146	0	632	0	0	204	3020	252	88	0	0	0	0	494	2574	0	0	0	156	0	0	0	0	320	11672	0	388	0	422	0	0	96	264	0	146	0	0	0	0	0	0	0	0	0	0	0	0	0	0	0	116	0	4366	0	0	0	0	0	2158	0	0	0	0	0	0	482	1302	0	2726	0	304	0	1480	0	3600	0	4014	0	0	0	0	0	0	0	110	0	0	0	0	0	0	0	0	0	0	0	0	0	0	0	0	0	0	0	0	0	0	0	0	0	0	
718924	Supp_Motor_Area_L	5792	3536	77288	21970	2304	108	16374	5290	1412	158	22302	2596	9300	1434	3252	274	8092	494	0	43632	0	0	7422	8200	130	210	0	0	24686	1326	4776	11230	8154	26238	258	170	1414	92	0	0	0	0	0	0	0	0	0	0	0	0	0	0	0	0	986	86	480	130	0	0	0	0	0	0	0	0	0	0	5218	4630	4468	4596	6144	1904	164	404	104	678	220	0	5362	0	2080	0	94	0	0	0	1800	0	0	0	0	0	0	0	0	0	0	0	0	0	0	0	0	0	0	0	0	0	0	0	0	0	0	0	
831444	Supp_Motor_Area_R	21596	8946	12000	60620	82	820	652	7350	0	158	782	4026	524	2090	318	298	764	2574	43632	0	0	0	954	10034	0	552	0	0	3040	4688	3298	17302	8202	55578	598	1768	982	2484	0	1214	0	0	250	88	200	0	0	0	0	0	296	0	0	140	662	1700	4110	3096	0	98	192	94	154	0	0	0	482	556	22898	47904	5880	16592	3256	9484	1372	3216	5876	5208	344	138	494	90	0	0	796	312	0	0	1054	764	0	0	0	0	0	0	0	0	0	0	0	0	0	0	0	0	0	0	0	0	0	0	0	0	0	0	
61772	Olfactory_L	0	0	0	0	1394	428	166	0	338	0	0	0	94	0	1630	126	0	0	0	0	0	5206	0	0	0	0	1486	520	2464	138	1118	704	0	0	0	0	634	0	146	0	1282	0	0	0	0	0	0	0	0	0	0	0	0	0	176	0	0	0	0	0	0	0	0	0	0	0	0	0	0	0	5268	3960	2684	320	0	0	0	0	0	0	88	0	384	0	0	0	0	0	132	0	0	0	0	0	0	0	0	0	0	0	0	0	0	0	0	0	0	0	0	0	0	0	0	0	0	0	
80472	Olfactory_R	0	0	0	0	0	2422	0	0	0	0	0	0	0	0	0	1222	0	0	0	0	5206	0	0	0	172	528	1084	1868	0	2424	2102	1762	0	0	0	0	0	0	0	0	0	388	0	0	0	0	0	0	0	0	0	0	0	0	0	0	0	0	0	0	0	0	0	0	0	0	0	0	0	0	7368	7992	4196	1096	174	0	0	232	0	0	0	0	0	0	0	0	0	0	0	0	0	0	0	0	0	0	0	0	0	0	0	0	0	0	0	0	0	0	0	0	0	0	0	0	0	0	
248548	Frontal_Sup_Medial_L	0	0	35706	5862	2526	154	11410	246	164	0	1276	110	2450	108	184	0	0	0	7422	954	0	0	0	13810	1588	686	78	0	470	142	15968	10562	2702	6412	0	0	0	0	0	0	0	0	0	0	0	0	0	0	0	0	0	0	0	0	0	0	0	0	0	0	0	0	0	0	0	0	0	0	0	0	356	504	1988	436	0	0	0	0	0	0	0	0	0	0	0	0	0	0	0	0	0	0	0	0	0	0	0	0	0	0	0	0	0	0	0	0	0	0	0	0	0	0	0	0	0	0	
337636	Frontal_Sup_Medial_R	0	0	3412	34074	342	7026	550	3542	0	106	0	2240	206	4062	0	1128	0	156	8200	10034	0	0	13810	0	642	5652	0	0	246	5124	10532	33592	362	15682	0	0	0	0	0	0	0	0	0	0	0	0	0	0	0	0	0	0	0	0	0	0	0	0	0	0	0	0	0	0	0	0	0	0	0	0	110	3698	106	4184	0	0	0	0	0	0	0	0	0	0	0	0	0	0	0	0	0	0	0	0	0	0	0	0	0	0	0	0	0	0	0	0	0	0	0	0	0	0	0	0	0	0	
27748	Frontal_Med_Orb_L	0	0	1586	0	2828	0	224	0	158	0	188	0	314	0	0	0	0	0	130	0	0	172	1588	642	0	1014	688	0	116	0	2822	286	0	0	0	0	0	0	0	0	0	0	0	0	0	0	0	0	0	0	0	0	0	0	0	0	0	0	0	0	0	0	0	0	0	0	0	0	0	0	332	160	536	90	0	0	0	0	0	0	0	0	0	0	0	0	0	0	0	0	0	0	0	0	0	0	0	0	0	0	0	0	0	0	0	0	0	0	0	0	0	0	0	0	0	0	
91964	Frontal_Med_Orb_R	0	0	384	2396	518	6690	0	0	0	0	0	252	0	548	0	108	0	0	210	552	0	528	686	5652	1014	0	0	3296	0	878	3852	7942	0	618	0	0	0	0	0	0	0	0	0	0	0	0	0	0	0	0	0	0	0	0	0	0	0	0	0	0	0	0	0	0	0	0	0	0	0	0	154	4840	202	4662	0	0	0	0	0	0	0	0	0	0	0	0	0	0	0	0	0	0	0	0	0	0	0	0	0	0	0	0	0	0	0	0	0	0	0	0	0	0	0	0	0	0	
21060	Rectus_L	0	0	274	0	1660	0	0	0	568	0	0	0	106	0	568	0	0	0	0	0	1486	1084	78	0	688	0	0	0	120	0	1124	180	0	0	0	0	0	0	0	0	0	0	0	0	0	0	0	0	0	0	0	0	0	0	0	0	0	0	0	0	0	0	0	0	0	0	0	0	0	0	1210	586	798	0	0	0	0	0	0	0	0	0	0	0	0	0	0	0	0	0	0	0	0	0	0	0	0	0	0	0	0	0	0	0	0	0	0	0	0	0	0	0	0	0	0	0	
32332	Rectus_R	0	0	0	0	0	4752	0	0	0	352	0	0	0	0	0	924	0	0	0	0	520	1868	0	0	0	3296	0	0	0	1086	206	818	0	0	0	0	0	0	0	0	0	0	0	0	0	0	0	0	0	0	0	0	0	0	0	0	0	0	0	0	0	0	0	0	0	0	0	0	0	0	400	1084	304	556	0	0	0	0	0	0	0	0	0	0	0	0	0	0	0	0	0	0	0	0	0	0	0	0	0	0	0	0	0	0	0	0	0	0	0	0	0	0	0	0	0	0	
624864	Insula_L	17296	444	26814	698	9140	0	11382	0	5166	0	26922	896	20302	92	18918	0	18790	320	24686	3040	2464	0	470	246	116	0	120	0	0	346	2388	1290	132	1052	172	242	13524	156	352	122	2750	0	414	0	92	0	90	0	0	0	532	0	214	0	7334	0	6560	0	0	0	278	0	396	0	154	0	92	0	2962	1918	6102	3788	22508	268	278	0	2686	142	7558	0	16498	0	7488	0	2664	0	142	0	10002	0	0	0	0	0	0	0	0	0	424	0	0	0	0	0	0	0	0	0	0	0	0	0	0	0	0	0	
286552	Insula_R	166	3392	754	12746	0	5612	0	3262	0	810	140	10936	316	13612	0	6958	0	11672	1326	4688	138	2424	142	5124	0	878	0	1086	346	0	1034	11126	0	1142	0	92	80	2170	0	994	0	1298	0	0	0	0	0	128	0	0	0	0	0	0	0	1938	0	1404	0	0	0	0	0	0	0	0	0	256	0	0	354	4682	0	22346	0	0	0	1566	0	1290	0	1634	0	336	0	866	0	0	0	2012	0	0	0	0	0	0	0	0	0	0	0	0	0	0	0	0	0	0	0	0	0	0	0	0	0	0	
286512	Cingulum_Ant_L	0	0	11808	6306	4188	526	2706	522	512	0	1154	730	3824	630	864	336	0	0	4776	3298	1118	2102	15968	10532	2822	3852	1124	206	2388	1034	0	27078	5430	6738	1134	448	164	0	0	0	0	0	0	0	0	0	0	0	0	0	0	0	0	0	92	0	0	0	0	0	0	0	0	0	0	0	0	0	0	0	4180	5110	6994	2364	0	0	0	0	0	0	94	0	0	0	0	0	0	0	104	0	0	0	0	0	0	0	0	0	0	0	0	0	0	0	0	0	0	0	0	0	0	0	0	0	0	0	
519512	Cingulum_Ant_R	166	154	4870	31110	82	6666	884	3268	120	102	194	6968	1276	8056	416	2248	0	388	11230	17302	704	1762	10562	33592	286	7942	180	818	1290	11126	27078	0	3438	29242	222	150	126	120	0	0	0	0	0	0	0	0	0	0	0	0	0	0	0	0	0	0	0	0	0	0	0	0	0	0	0	0	0	0	124	0	1986	20718	1096	10698	0	0	0	996	0	0	0	0	0	0	0	0	0	0	0	0	0	0	0	0	0	0	0	0	0	0	0	0	0	0	0	0	0	0	0	0	0	0	0	0	0	0	
151472	Cingulum_Mid_L	680	170	3014	2732	0	0	488	0	0	0	0	0	154	0	80	0	0	0	8154	8202	0	0	2702	362	0	0	0	0	132	0	5430	3438	0	17542	4872	1886	0	96	0	174	0	0	200	0	1378	144	0	0	522	0	408	0	0	0	0	312	186	1014	378	90	0	0	0	0	0	0	4126	420	2554	3282	0	0	0	0	0	0	0	0	0	0	0	0	0	0	120	110	0	0	0	184	0	0	0	0	0	0	0	0	0	0	0	0	0	0	0	0	0	0	0	0	0	0	0	0	0	0	
541508	Cingulum_Mid_R	8810	368	3292	19988	0	342	668	4820	0	158	254	2392	238	2174	0	286	152	422	26238	55578	0	0	6412	15682	0	618	0	0	1052	1142	6738	29242	17542	0	2582	6378	496	292	0	96	0	0	0	364	204	1440	0	80	0	0	0	0	0	118	360	224	298	2226	0	102	0	0	0	0	0	0	1364	4354	14038	21434	1842	3210	2260	786	658	0	154	0	0	0	82	0	0	0	0	190	0	0	418	96	0	0	0	0	0	0	0	0	0	0	0	0	0	0	0	0	0	0	0	0	0	0	0	0	0	0	
169828	Cingulum_Post_L	2650	476	0	0	0	0	0	0	0	0	0	0	0	0	0	0	0	0	258	598	0	0	0	0	0	0	0	0	172	0	1134	222	4872	2582	0	17086	6612	3746	2302	2824	0	0	3044	284	982	232	1432	470	964	0	1680	0	612	116	2688	3394	918	416	914	0	252	0	0	0	0	0	7088	4224	994	444	0	0	0	0	0	0	1688	122	682	0	290	0	0	0	1284	674	0	0	1028	1374	0	0	0	0	0	0	0	0	0	0	0	0	0	0	0	0	0	0	0	0	1090	0	0	0	0	0	
218360	Cingulum_Post_R	3154	1454	0	0	0	0	0	0	0	0	0	0	0	0	0	0	0	0	170	1768	0	0	0	0	0	0	0	0	242	92	448	150	1886	6378	17086	0	5312	7208	444	5478	0	0	0	2406	130	654	90	3066	518	208	980	570	274	980	1086	9010	1030	2494	684	118	250	0	0	0	0	0	2210	13848	1484	3536	0	0	0	146	0	0	2558	590	834	0	326	0	0	0	844	1478	0	0	688	2728	0	0	0	0	0	0	0	162	0	0	0	0	0	0	0	0	0	0	0	0	1930	0	0	0	0	0	
269232	Hippocampus_L	10080	478	1734	158	0	0	1036	0	0	0	852	0	284	0	462	0	118	96	1414	982	634	0	0	0	0	0	0	0	13524	80	164	126	0	496	6612	5312	0	2888	9288	1120	6122	0	1736	86	0	0	3142	484	0	0	230	0	172	0	15598	134	382	0	0	0	118	0	0	0	116	0	2094	848	2206	878	560	244	7192	104	626	0	5526	578	3274	0	3804	0	1974	0	1884	0	530	0	14592	0	0	0	0	0	0	0	220	0	414	0	0	0	0	0	0	0	0	0	0	0	810	0	0	0	0	0	
293184	Hippocampus_R	1882	11934	84	1538	0	0	0	818	0	0	0	214	0	0	0	0	0	264	92	2484	0	0	0	0	0	0	0	0	156	2170	0	120	96	292	3746	7208	2888	0	0	28168	0	6856	0	374	0	0	0	3326	104	0	188	106	0	216	94	29358	314	712	156	0	0	0	0	0	0	0	704	3972	2216	1958	0	0	0	9528	0	202	2298	3664	502	0	198	226	0	2500	236	1096	0	0	280	8998	0	0	0	0	0	232	0	1376	0	0	0	0	0	0	0	0	0	0	0	118	330	0	0	0	0	0	
61552	ParaHippocampal_L	334	0	0	0	0	0	0	0	0	0	0	0	0	0	0	0	0	0	0	0	146	0	0	0	0	0	0	0	352	0	0	0	0	0	2302	444	9288	0	0	0	1736	0	1536	0	0	0	3200	214	0	0	0	0	122	0	4132	0	0	0	0	0	0	0	0	0	0	0	1704	130	0	0	0	0	444	0	0	0	468	0	0	0	0	0	1048	0	80	0	1206	0	428	0	128	0	0	0	224	0	398	0	234	0	0	0	0	0	0	0	0	0	0	92	386	0	0	0	0	0	
240932	ParaHippocampal_R	880	3856	0	592	0	0	0	538	0	0	0	100	0	0	0	0	0	146	0	1214	0	0	0	0	0	0	0	0	122	994	0	0	174	96	2824	5478	1120	28168	0	0	0	8380	0	524	0	0	0	3452	274	0	540	82	0	380	96	27786	654	676	490	0	188	0	0	0	0	0	1086	2606	1388	1172	0	0	0	3952	0	168	1134	1624	218	0	98	102	0	5108	238	386	0	2808	208	6136	0	0	0	0	0	386	0	1602	0	90	0	0	0	0	0	0	0	0	0	132	0	0	0	0	0	0	
36128	Amygdala_L	0	0	0	0	362	0	108	0	126	0	0	0	0	0	520	0	0	0	0	0	1282	0	0	0	0	0	0	0	2750	0	0	0	0	0	0	0	6122	0	1736	0	0	0	0	0	0	0	0	0	0	0	0	0	0	0	2082	0	0	0	0	0	0	0	0	0	0	0	0	0	0	0	0	0	538	0	0	0	0	0	0	0	0	0	1068	0	0	0	356	0	1014	0	0	0	0	0	0	0	0	0	0	0	0	0	0	0	0	0	0	0	0	0	0	0	0	0	0	0	
58488	Amygdala_R	0	0	0	0	0	138	0	0	0	0	0	0	0	0	0	102	0	0	0	0	0	388	0	0	0	0	0	0	0	1298	0	0	0	0	0	0	0	6856	0	8380	0	0	0	0	0	0	0	0	0	0	0	0	0	0	0	6450	0	0	0	0	0	0	0	0	0	0	0	0	0	0	0	0	0	456	0	0	0	0	0	0	0	0	0	4030	0	96	0	698	0	352	0	0	0	0	0	0	0	0	0	0	0	0	0	0	0	0	0	0	0	0	0	0	0	0	0	0	
320392	Calcarine_L	986	0	0	0	0	0	0	0	0	0	0	0	0	0	0	0	790	0	0	250	0	0	0	0	0	0	0	0	414	0	0	0	200	0	3044	0	1736	0	1536	0	0	0	0	5382	23198	3266	12578	1740	18572	1106	30642	0	6694	0	7128	136	4990	108	1280	0	2438	0	1878	0	526	0	20296	986	714	248	0	0	0	0	0	0	0	0	0	0	252	0	0	0	5222	0	0	0	1860	0	0	0	0	0	0	0	0	0	0	0	0	0	0	0	0	0	0	0	0	0	0	0	0	0	0	0	
310840	Calcarine_R	0	740	0	0	0	0	0	0	0	0	0	0	0	0	0	0	0	0	0	88	0	0	0	0	0	0	0	0	0	0	0	0	0	364	284	2406	86	374	0	524	0	0	5382	0	2460	20802	3710	18568	0	20648	0	11156	0	11078	0	19928	0	4798	0	262	0	192	0	122	0	130	558	17884	0	1800	0	0	0	0	0	0	0	0	0	0	0	150	0	0	0	7400	0	0	0	2122	0	112	0	0	0	0	0	276	82	228	0	0	0	0	0	0	0	0	0	0	556	150	0	0	0	0	
305756	Cuneus_L	284	0	0	0	0	0	0	0	0	0	0	0	0	0	0	0	228	0	0	200	0	0	0	0	0	0	0	0	92	0	0	0	1378	204	982	130	0	0	0	0	0	0	23198	2460	0	3614	3056	0	38544	970	31052	0	1848	0	1838	0	2844	0	4066	0	2112	0	802	0	1248	0	24418	1454	504	0	0	0	0	0	0	0	0	0	0	0	110	0	0	0	4670	0	0	0	572	0	0	0	0	0	0	0	0	0	0	0	0	0	0	0	0	0	0	0	0	0	0	0	0	0	0	0	
241968	Cuneus_R	0	156	0	0	0	0	0	0	0	0	0	0	0	0	0	0	0	0	0	0	0	0	0	0	0	0	0	0	0	0	0	0	144	1440	232	654	0	0	0	0	0	0	3266	20802	3614	0	592	2044	0	29238	0	10774	0	704	0	2080	0	2956	0	4698	0	226	0	0	0	674	5214	23246	0	1672	0	0	0	0	0	0	0	0	0	0	0	0	0	0	0	6366	0	0	0	192	0	0	0	0	0	0	0	0	0	0	0	0	0	0	0	0	0	0	0	0	0	0	0	0	0	0	
262160	Lingual_L	164	0	0	0	0	0	0	0	0	0	0	0	0	0	0	0	0	0	0	0	0	0	0	0	0	0	0	0	90	0	0	0	0	0	1432	90	3142	0	3200	0	0	0	12578	3710	3056	592	0	5112	4132	244	10148	0	6050	166	15974	1346	0	0	0	0	0	0	0	0	0	0	3184	116	0	0	0	0	0	0	0	0	552	0	0	0	0	0	0	0	128	0	0	0	186	0	11458	2178	1184	0	0	0	8890	1422	16374	3052	0	0	128	0	0	0	0	0	0	0	3790	4584	2628	0	0	0	
275516	Lingual_R	84	280	0	0	0	0	0	0	0	0	0	0	0	0	0	0	0	0	0	0	0	0	0	0	0	0	0	0	0	128	0	0	0	80	470	3066	484	3326	214	3452	0	0	1740	18568	0	2044	5112	0	0	2652	0	2420	96	5728	692	24348	0	790	0	0	0	0	0	0	0	0	0	8924	0	392	0	0	0	156	0	0	224	138	0	0	0	0	0	0	0	1088	0	0	0	1722	3202	6242	514	146	132	456	1148	7572	5454	10266	0	0	0	0	0	0	0	0	0	536	5768	6476	1342	86	0	0	
383272	Occipital_Sup_L	212	0	0	0	0	0	0	0	0	0	0	0	0	0	0	0	260	0	0	0	0	0	0	0	0	0	0	0	0	0	0	0	522	0	964	518	0	104	0	274	0	0	18572	0	38544	0	4132	0	0	0	53416	0	1802	0	1754	310	2756	254	18488	0	4716	0	944	0	3236	0	29770	98	720	186	0	0	0	0	0	0	0	0	0	0	160	0	0	0	7884	0	0	0	884	156	0	0	0	0	0	0	0	0	0	0	0	0	0	0	0	0	0	0	0	0	0	0	0	0	0	0	
241932	Occipital_Sup_R	0	380	0	0	0	0	0	0	0	0	0	0	0	0	0	0	0	0	0	0	0	0	0	0	0	0	0	0	0	0	0	0	0	0	0	208	0	0	0	0	0	0	1106	20648	970	29238	244	2652	0	0	0	18478	0	5828	0	7092	0	2634	0	4980	0	1810	0	758	0	4702	1088	8416	0	736	0	0	0	0	0	0	0	0	0	0	0	0	0	0	0	8556	0	0	0	442	0	0	0	0	0	0	0	0	0	0	0	0	0	0	0	0	0	0	0	0	0	0	0	0	0	0	
727156	Occipital_Mid_L	1284	0	158	0	0	0	0	0	0	0	0	0	0	0	0	0	848	0	0	296	0	0	0	0	0	0	0	0	532	0	0	0	408	0	1680	980	230	188	0	540	0	0	30642	0	31052	0	10148	0	53416	0	0	0	20046	0	8212	604	13764	270	37772	0	32288	0	3432	0	27812	0	38292	84	1448	378	0	0	0	0	0	0	0	0	108	0	854	0	0	0	34212	90	0	0	10852	282	82	0	0	0	0	0	80	0	116	0	0	0	0	0	0	0	0	0	0	0	98	0	0	0	0	0	
195092	Occipital_Mid_R	0	1054	0	0	0	0	0	0	0	0	0	0	0	0	0	0	0	0	0	0	0	0	0	0	0	0	0	0	0	0	0	0	0	0	0	570	0	106	0	82	0	0	0	11156	0	10774	0	2420	0	18478	0	0	0	8392	0	8094	0	3076	0	2166	0	1142	0	166	0	7452	576	5020	0	980	0	0	0	0	0	0	0	0	0	0	0	92	0	0	0	14656	0	0	0	924	0	0	0	0	0	0	0	0	0	80	0	0	0	0	0	0	0	0	0	0	90	0	0	0	0	0	
147796	Occipital_Inf_L	272	0	0	0	0	0	0	0	0	0	0	0	0	0	0	0	0	0	0	0	0	0	0	0	0	0	0	0	214	0	0	0	0	0	612	274	172	0	122	0	0	0	6694	0	1848	0	6050	96	1802	0	20046	0	0	0	13142	116	1318	0	348	0	292	0	86	0	0	0	1992	108	182	0	0	0	0	0	0	0	0	0	0	0	0	0	0	0	5928	0	0	0	5630	0	1162	166	0	0	0	0	880	0	2146	200	0	0	0	0	0	0	0	0	0	0	706	872	422	0	0	0	
180428	Occipital_Inf_R	0	1904	0	0	0	0	0	0	0	0	0	0	0	0	0	0	0	0	0	140	0	0	0	0	0	0	0	0	0	0	0	0	0	118	116	980	0	216	0	380	0	0	0	11078	0	704	166	5728	0	5828	0	8392	0	0	0	19742	0	6300	0	720	0	614	0	608	0	340	0	8214	0	1486	0	0	0	0	0	0	0	0	0	0	0	430	0	0	0	6962	0	0	0	6154	202	498	0	0	0	0	0	86	304	768	0	0	0	0	0	0	0	0	0	0	196	640	200	0	0	0	
431016	Fusiform_L	2020	84	922	0	0	0	234	0	0	0	346	0	130	0	154	0	80	0	986	662	176	0	0	0	0	0	0	0	7334	0	92	0	0	360	2688	1086	15598	94	4132	96	2082	0	7128	0	1838	0	15974	692	1754	0	8212	0	13142	0	0	382	2432	0	158	0	1354	0	148	0	128	0	3660	388	904	572	0	122	2498	0	0	0	404	0	1432	0	3348	0	2628	0	4510	0	2388	0	21510	180	23400	1108	1180	0	292	0	12998	1486	28030	1414	282	0	406	0	182	0	0	0	0	0	4044	2494	950	0	0	0	
576480	Fusiform_R	626	6280	0	580	0	0	0	474	0	0	0	134	0	0	0	0	0	116	86	1700	0	0	0	0	0	0	0	0	0	1938	0	0	312	224	3394	9010	134	29358	0	27786	0	6450	136	19928	0	2080	1346	24348	310	7092	604	8094	116	19742	382	0	1226	4432	524	290	166	88	0	124	0	156	1666	10378	2406	2914	0	0	0	6524	0	100	134	758	0	0	0	402	0	4964	208	5766	0	944	90	20048	1816	13336	282	234	0	744	192	7680	2620	17302	0	0	0	172	0	0	0	0	0	236	2032	3506	1000	0	0	0	
377044	Postcentral_L	31302	566	1826	114	244	0	1686	146	0	0	4290	0	886	0	406	0	13134	0	480	4110	0	0	0	0	0	0	0	0	6560	0	0	0	186	298	918	1030	382	314	0	654	0	0	4990	0	2844	0	0	0	2756	0	13764	0	1318	0	2432	1226	0	148	10300	0	23158	0	10244	0	3086	0	9030	114	7190	3584	684	362	1498	0	0	0	368	358	2752	0	4778	0	0	0	7548	0	0	0	3788	670	0	0	0	0	0	0	0	0	0	0	0	0	0	0	0	0	0	0	0	0	0	0	0	0	0	0	
289720	Postcentral_R	422	16630	0	352	0	0	0	406	0	0	0	2464	0	0	0	0	0	4366	130	3096	0	0	0	0	0	0	0	0	0	1404	0	0	1014	2226	416	2494	0	712	0	676	0	0	108	4798	0	2956	0	790	254	2634	270	3076	0	6300	0	4432	148	0	302	13344	0	6288	0	7166	0	4144	950	14474	2282	13908	186	94	0	352	0	0	0	0	0	198	0	2188	0	0	0	12618	0	0	0	3524	0	0	0	0	0	0	0	0	0	0	0	0	0	0	0	0	0	0	0	0	268	0	0	0	0	0	
310560	Parietal_Sup_L	476	0	0	0	0	0	0	0	0	0	0	0	0	0	0	0	256	0	0	0	0	0	0	0	0	0	0	0	0	0	0	0	378	0	914	684	0	156	0	490	0	0	1280	0	4066	0	0	0	18488	0	37772	0	348	0	158	524	10300	302	0	0	21682	0	1170	0	10622	0	29824	0	980	232	0	0	0	0	0	0	0	0	0	0	488	0	0	0	9370	0	0	0	4086	234	0	0	0	0	0	0	0	0	0	0	0	0	0	0	0	0	0	0	0	0	0	0	0	0	0	0	
122904	Parietal_Sup_R	0	824	0	0	0	0	0	0	0	0	0	0	0	0	0	0	0	0	0	98	0	0	0	0	0	0	0	0	0	0	0	0	90	102	0	118	0	0	0	0	0	0	0	262	0	4698	0	0	0	4980	0	2166	0	720	0	290	0	13344	0	0	0	7336	0	1740	0	6244	734	9322	146	2536	0	0	0	0	0	0	0	0	0	0	0	0	0	0	0	4948	0	0	0	754	0	0	0	0	0	0	0	0	0	0	0	0	0	0	0	0	0	0	0	0	0	0	0	0	0	0	
380000	Parietal_Inf_L	2430	0	116	0	0	0	0	0	0	0	0	0	0	0	0	0	308	0	0	192	0	0	0	0	0	0	0	0	278	0	0	0	0	0	252	250	118	0	0	188	0	0	2438	0	2112	0	0	0	4716	0	32288	0	292	0	1354	166	23158	0	21682	0	0	0	16826	0	38644	0	10856	0	206	160	0	0	90	0	0	0	0	0	280	0	1170	0	0	0	20792	0	0	0	8638	0	0	0	0	0	0	0	0	0	0	0	0	0	0	0	0	0	0	0	0	0	0	0	0	0	0	0	
89160	Parietal_Inf_R	0	1570	0	94	0	0	0	0	0	0	0	0	0	0	0	0	0	0	0	94	0	0	0	0	0	0	0	0	0	0	0	0	0	0	0	0	0	0	0	0	0	0	0	192	0	226	0	0	0	1810	0	1142	0	614	0	88	0	6288	0	7336	0	0	0	9074	0	13668	0	1096	0	0	0	0	0	0	0	0	0	0	0	0	0	96	0	0	0	1192	0	0	0	0	0	0	0	0	0	0	0	0	0	0	0	0	0	0	0	0	0	0	0	0	0	0	0	0	0	0	
133392	SupraMarginal_L	880	0	0	0	0	0	0	0	0	0	0	0	0	0	0	0	2648	0	0	154	0	0	0	0	0	0	0	0	396	0	0	0	0	0	0	0	0	0	0	0	0	0	1878	0	802	0	0	0	944	0	3432	0	86	0	148	0	10244	0	1170	0	16826	0	0	0	8918	0	1128	0	170	132	0	0	0	0	0	0	0	0	640	0	3706	0	0	0	9814	0	0	0	2580	0	0	0	0	0	0	0	0	0	0	0	0	0	0	0	0	0	0	0	0	0	0	0	0	0	0	0	
81884	SupraMarginal_R	0	1858	0	0	0	0	0	0	0	0	0	0	0	0	0	0	0	2158	0	0	0	0	0	0	0	0	0	0	0	0	0	0	0	0	0	0	0	0	0	0	0	0	0	122	0	0	0	0	0	758	0	166	0	608	0	124	0	7166	0	1740	0	9074	0	0	0	7476	0	826	0	0	0	0	0	0	0	0	0	0	0	102	0	4008	0	0	0	4484	0	0	0	272	0	0	0	0	0	0	0	0	0	0	0	0	0	0	0	0	0	0	0	0	0	0	0	0	0	0	
261668	Angular_L	248	0	0	0	0	0	0	0	0	0	0	0	0	0	0	0	0	0	0	0	0	0	0	0	0	0	0	0	154	0	0	0	0	0	0	0	116	0	0	0	0	0	526	0	1248	0	0	0	3236	0	27812	0	0	0	128	0	3086	0	10622	0	38644	0	8918	0	0	0	7874	0	0	0	0	0	0	0	0	0	0	0	266	0	1162	0	0	0	20008	0	0	0	6786	0	0	0	0	0	0	0	0	0	0	0	0	0	0	0	0	0	0	0	0	0	0	0	0	0	0	0	
111636	Angular_R	0	538	0	0	0	0	0	0	0	0	0	0	0	0	0	0	0	0	0	0	0	0	0	0	0	0	0	0	0	0	0	0	0	0	0	0	0	0	0	0	0	0	0	130	0	674	0	0	0	4702	0	7452	0	340	0	156	0	4144	0	6244	0	13668	0	7476	0	0	0	820	0	0	0	0	0	0	0	0	0	0	0	0	0	1618	0	0	0	7578	0	0	0	278	0	0	0	0	0	0	0	0	0	0	0	0	0	0	0	0	0	0	0	0	0	0	0	0	0	0	
493000	Precuneus_L	364	146	0	0	0	0	0	0	0	0	0	0	0	0	0	0	270	0	0	482	0	0	0	0	0	0	0	0	92	0	0	0	4126	1364	7088	2210	2094	704	1704	1086	0	0	20296	558	24418	5214	3184	0	29770	1088	38292	576	1992	0	3660	1666	9030	950	29824	734	10856	0	1128	0	7874	0	0	7966	6440	1270	0	0	0	0	0	0	0	0	0	0	264	0	0	0	11566	848	0	0	4364	852	0	0	0	0	0	0	90	0	0	0	0	0	0	0	0	0	0	0	0	0	0	0	0	0	0	0	
368276	Precuneus_R	462	1900	0	0	0	0	0	84	0	0	0	0	0	0	0	0	0	0	0	556	0	0	0	0	0	0	0	0	0	256	0	0	420	4354	4224	13848	848	3972	130	2606	0	0	986	17884	1454	23246	116	8924	98	8416	84	5020	108	8214	388	10378	114	14474	0	9322	0	1096	0	826	0	820	7966	0	704	8062	0	0	0	186	0	0	240	100	98	0	0	758	0	0	84	12632	0	0	0	3516	0	0	0	0	0	0	0	1310	0	0	0	0	0	0	0	0	0	0	0	166	2688	0	0	0	0	0	
339788	Paracentral_Lobule_L	40390	1388	2290	1286	0	0	676	192	0	0	360	0	124	0	118	0	3214	0	5218	22898	0	0	0	0	0	0	0	0	2962	0	0	124	2554	14038	994	1484	2206	2216	0	1388	0	0	714	0	504	0	0	0	720	0	1448	0	182	0	904	2406	7190	2282	980	146	206	0	170	0	0	0	6440	704	0	16910	2678	196	5952	0	4418	0	3892	180	922	0	1102	0	0	0	636	312	0	0	652	928	0	0	0	0	0	0	0	0	0	0	0	0	0	0	0	0	0	0	0	0	0	0	0	0	0	0	
389076	Paracentral_Lobule_R	13556	7906	978	882	0	0	400	0	0	0	174	0	222	0	246	0	258	0	4630	47904	0	0	0	0	0	0	0	0	1918	0	0	0	3282	21434	444	3536	878	1958	0	1172	0	0	248	1800	0	1672	0	392	186	736	378	980	0	1486	572	2914	3584	13908	232	2536	160	0	132	0	0	0	1270	8062	16910	0	5292	1870	2896	0	1174	0	5430	2276	262	0	352	0	0	0	550	2266	0	0	864	1222	0	0	0	0	0	0	0	0	0	0	0	0	0	0	0	0	0	0	0	0	148	0	0	0	0	0	
251476	Caudate_L	6122	3136	6400	178	2616	268	2594	472	784	0	1522	232	2852	0	2798	0	138	482	4468	5880	5268	7368	356	110	332	154	1210	400	6102	354	4180	1986	0	1842	0	0	560	0	0	0	0	0	0	0	0	0	0	0	0	0	0	0	0	0	0	0	684	186	0	0	0	0	0	0	0	0	0	0	2678	5292	0	13842	15484	2066	2598	248	11066	260	0	80	90	0	0	0	0	0	0	0	0	0	0	0	0	0	0	0	0	0	0	0	0	0	0	0	0	0	0	0	0	0	0	0	0	0	0	0	
367700	Caudate_R	794	2138	4802	15700	430	4966	768	882	260	576	1294	4878	2292	1040	412	466	0	1302	4596	16592	3960	7992	504	3698	160	4840	586	1084	3788	4682	5110	20718	0	3210	0	0	244	0	0	0	0	0	0	0	0	0	0	0	0	0	0	0	0	0	122	0	362	94	0	0	0	0	0	0	0	0	0	0	196	1870	13842	0	4664	16030	182	1690	0	19670	0	0	110	0	0	0	78	0	0	0	176	0	0	0	0	0	0	0	0	0	0	0	0	0	0	0	0	0	0	0	0	0	0	0	0	0	0	0	
329172	Putamen_L	10338	372	10262	0	11572	188	3736	0	3066	0	2500	0	3454	0	10714	0	362	0	6144	3256	2684	4196	1988	106	536	202	798	304	22508	0	6994	1096	0	2260	0	0	7192	0	444	0	538	0	0	0	0	0	0	0	0	0	0	0	0	0	2498	0	1498	0	0	0	90	0	0	0	0	0	0	0	5952	2896	15484	4664	0	446	6590	0	1992	86	170	0	770	0	1324	0	200	0	0	0	2116	0	0	0	0	0	0	0	0	0	0	0	0	0	0	0	0	0	0	0	0	0	0	0	0	0	0	0	
296996	Putamen_R	0	1650	1802	14844	0	6036	0	2304	0	442	86	6086	158	1260	0	1112	0	2726	1904	9484	320	1096	436	4184	90	4662	0	556	268	22346	2364	10698	0	786	0	146	104	9528	0	3952	0	456	0	0	0	0	0	156	0	0	0	0	0	0	0	6524	0	352	0	0	0	0	0	0	0	0	0	186	0	0	2066	16030	446	0	0	2820	0	3660	0	272	0	682	0	444	0	682	0	0	0	2052	0	0	0	0	0	0	0	240	0	0	0	0	0	0	0	0	0	0	0	0	0	0	0	0	0	0	
53896	Pallidum_L	4862	246	644	0	0	0	220	0	0	0	200	0	0	0	0	0	172	0	164	1372	0	174	0	0	0	0	0	0	278	0	0	0	0	658	0	0	626	0	0	0	0	0	0	0	0	0	0	0	0	0	0	0	0	0	0	0	0	0	0	0	0	0	0	0	0	0	0	0	4418	1174	2598	182	6590	0	0	0	2370	0	0	0	0	0	0	0	0	0	0	0	0	0	0	0	0	0	0	0	0	0	0	0	0	0	0	0	0	0	0	0	0	0	0	0	0	0	0	0	
25732	Pallidum_R	0	94	170	3368	0	0	0	0	0	0	0	0	0	0	0	0	0	304	404	3216	0	0	0	0	0	0	0	0	0	0	0	0	0	0	0	0	0	202	0	168	0	0	0	0	0	0	0	0	0	0	0	0	0	0	0	100	0	0	0	0	0	0	0	0	0	0	0	0	0	0	248	1690	0	2820	0	0	0	82	0	0	0	0	0	0	0	0	0	0	0	0	0	0	0	0	0	0	0	0	0	0	0	0	0	0	0	0	0	0	0	0	0	0	0	0	0	0	
146476	Thalamus_L	14658	2384	442	220	312	0	1342	0	114	0	220	0	0	0	340	0	94	0	104	5876	0	0	0	0	0	0	0	0	2686	0	0	0	0	154	1688	2558	5526	2298	468	1134	0	0	0	0	0	0	552	224	0	0	0	0	0	0	404	134	368	0	0	0	0	0	0	0	0	0	0	240	3892	5430	11066	0	1992	0	2370	0	0	1312	872	0	540	0	0	0	344	0	0	0	672	0	0	0	0	0	0	0	0	0	0	0	0	0	0	0	0	0	0	0	0	0	208	0	0	0	0	0	
114620	Thalamus_R	1148	4178	700	3560	0	86	0	1274	0	0	0	208	0	0	0	0	0	1480	678	5208	0	232	0	0	0	0	0	0	142	1566	0	996	0	0	122	590	578	3664	0	1624	0	0	0	0	0	0	0	138	0	0	0	0	0	0	0	758	358	0	0	0	0	0	0	0	0	0	0	100	180	2276	260	19670	86	3660	0	82	1312	0	0	178	0	0	0	0	0	0	0	0	0	218	0	0	0	0	0	0	0	0	0	0	0	0	0	0	0	0	0	0	0	0	0	0	0	0	0	0	
78948	Heschl_L	6288	0	648	0	0	0	154	0	0	0	562	0	0	0	0	0	4020	0	220	344	0	0	0	0	0	0	0	0	7558	0	0	0	0	0	682	834	3274	502	0	218	0	0	0	0	0	0	0	0	0	0	108	0	0	0	1432	0	2752	0	0	0	280	0	640	0	266	0	0	98	922	262	0	0	170	0	0	0	872	0	0	0	3022	0	0	0	1554	0	0	0	1792	0	0	0	0	0	0	0	0	0	0	0	0	0	0	0	0	0	0	0	0	0	0	0	0	0	0	0	
21600	Heschl_R	0	1098	0	226	0	0	0	0	0	0	0	176	0	0	0	0	0	3600	0	138	0	0	0	0	0	0	0	0	0	1290	0	0	0	0	0	0	0	0	0	0	0	0	0	0	0	0	0	0	0	0	0	0	0	0	0	0	0	198	0	0	0	0	0	102	0	0	0	0	0	0	80	0	0	272	0	0	0	178	0	0	0	3116	0	0	0	326	0	0	0	0	0	0	0	0	0	0	0	0	0	0	0	0	0	0	0	0	0	0	0	0	0	0	0	0	0	0	
238336	Temporal_Sup_L	5520	0	5484	90	0	0	2108	0	0	0	7212	0	232	0	96	0	11136	0	5362	494	88	0	0	0	0	0	0	0	16498	0	94	0	0	82	290	326	3804	198	0	98	0	0	252	0	110	0	0	0	160	0	854	0	0	0	3348	0	4778	0	488	0	1170	0	3706	0	1162	0	264	0	1102	352	90	110	770	0	0	0	540	0	3022	0	0	0	5620	0	17482	0	120	0	14074	0	0	0	0	0	0	0	0	0	382	0	0	0	0	0	0	0	0	0	0	0	0	0	0	0	0	0	
64544	Temporal_Sup_R	0	1964	0	108	0	0	0	0	0	0	0	228	0	0	0	0	0	4014	0	90	0	0	0	0	0	0	0	0	0	1634	0	0	0	0	0	0	0	226	0	102	0	0	0	150	0	0	0	0	0	0	0	92	0	430	0	402	0	2188	0	0	0	96	0	4008	0	1618	0	758	0	0	0	0	0	682	0	0	0	0	0	3116	0	0	0	1396	0	7682	0	366	0	922	0	0	0	0	0	0	0	0	0	0	0	0	0	0	0	0	0	0	0	0	0	0	0	0	0	0	
103388	Temporal_Pole_Sup_L	458	0	2222	0	296	0	520	0	0	0	3898	0	0	0	688	0	3356	0	2080	0	384	0	0	0	0	0	0	0	7488	0	0	0	0	0	0	0	1974	0	1048	0	1068	0	0	0	0	0	0	0	0	0	0	0	0	0	2628	0	0	0	0	0	0	0	0	0	0	0	0	0	0	0	0	0	1324	0	0	0	0	0	0	0	5620	0	0	0	5666	0	6004	0	4856	0	0	0	0	0	0	0	0	0	116	0	0	0	0	0	0	0	0	0	0	0	0	0	0	0	0	0	
53564	Temporal_Pole_Sup_R	0	0	0	0	0	0	0	0	0	0	0	0	0	0	0	0	0	0	0	0	0	0	0	0	0	0	0	0	0	336	0	0	0	0	0	0	0	2500	0	5108	0	4030	0	0	0	0	0	0	0	0	0	0	0	0	0	4964	0	0	0	0	0	0	0	0	0	0	0	0	0	0	0	0	0	444	0	0	0	0	0	0	0	1396	0	0	0	1772	0	4160	0	2072	0	0	0	0	0	0	0	0	0	0	0	0	0	0	0	0	0	0	0	0	0	0	0	0	0	0	
452596	Temporal_Mid_L	1602	88	118	0	0	0	0	0	0	0	104	0	0	0	0	0	196	0	94	796	0	0	0	0	0	0	0	0	2664	0	0	0	120	0	1284	844	1884	236	80	238	0	0	5222	0	4670	0	128	0	7884	0	34212	0	5928	0	4510	208	7548	0	9370	0	20792	0	9814	0	20008	0	11566	84	636	550	0	78	200	0	0	0	344	0	1554	0	17482	0	5666	0	0	0	4824	0	42466	106	0	0	0	0	0	0	0	0	100	0	0	0	0	0	0	0	0	0	0	0	0	0	0	0	0	0	
286088	Temporal_Mid_R	0	3792	0	0	0	0	0	0	0	0	0	0	0	0	0	0	0	0	0	312	0	0	0	0	0	0	0	0	0	866	0	0	110	190	674	1478	0	1096	0	386	0	96	0	7400	0	6366	0	1088	0	8556	90	14656	0	6962	0	5766	0	12618	0	4948	0	1192	0	4484	0	7578	848	12632	312	2266	0	0	0	682	0	0	0	0	0	326	0	7682	0	1772	0	0	0	2412	0	23248	0	0	0	0	0	0	0	0	0	0	0	0	0	0	0	0	0	0	0	0	160	0	0	0	0	0	
40004	Temporal_Pole_Mid_L	0	0	0	0	0	0	0	0	0	0	0	0	0	0	0	0	0	0	0	0	0	0	0	0	0	0	0	0	142	0	0	0	0	0	0	0	530	0	1206	0	356	0	0	0	0	0	0	0	0	0	0	0	0	0	2388	0	0	0	0	0	0	0	0	0	0	0	0	0	0	0	0	0	0	0	0	0	0	0	0	0	120	0	6004	0	4824	0	0	0	4432	0	0	0	0	0	0	0	0	0	0	0	0	0	0	0	0	0	0	0	0	0	0	0	0	0	0	0	
24736	Temporal_Pole_Mid_R	0	0	0	0	0	0	0	0	0	0	0	0	0	0	0	0	0	0	0	0	0	0	0	0	0	0	0	0	0	0	0	0	0	0	0	0	0	0	0	2808	0	698	0	0	0	0	0	0	0	0	0	0	0	0	0	944	0	0	0	0	0	0	0	0	0	0	0	0	0	0	0	0	0	0	0	0	0	0	0	0	0	366	0	4160	0	2412	0	0	0	980	0	0	0	0	0	0	0	0	0	0	0	0	0	0	0	0	0	0	0	0	0	0	0	0	0	0	
373044	Temporal_Inf_L	1958	0	1386	0	0	0	282	0	0	0	556	0	168	0	136	0	182	0	1800	1054	132	0	0	0	0	0	0	0	10002	0	104	0	0	418	1028	688	14592	280	428	208	1014	0	1860	0	572	0	186	0	884	0	10852	0	5630	0	21510	90	3788	0	4086	0	8638	0	2580	0	6786	0	4364	0	652	864	0	176	2116	0	0	0	672	0	1792	0	14074	0	4856	0	42466	0	4432	0	0	0	3472	0	468	0	0	0	158	0	1668	0	178	0	236	0	0	0	0	0	0	0	0	0	0	0	0	0	
208236	Temporal_Inf_R	132	5590	0	218	0	0	0	314	0	0	0	98	0	0	0	0	0	110	0	764	0	0	0	0	0	0	0	0	0	2012	0	0	184	96	1374	2728	0	8998	0	6136	0	352	0	2122	0	192	0	1722	156	442	282	924	0	6154	180	20048	670	3524	234	754	0	0	0	272	0	278	852	3516	928	1222	0	0	0	2052	0	0	0	218	0	0	0	922	0	2072	106	23248	0	980	0	0	0	464	0	0	0	0	0	136	0	226	0	0	0	0	0	0	0	0	0	0	116	0	0	0	0	0	
511176	Cerebelum_Crus1_L	0	0	0	0	0	0	0	0	0	0	0	0	0	0	0	0	0	0	0	0	0	0	0	0	0	0	0	0	0	0	0	0	0	0	0	0	0	0	128	0	0	0	0	0	0	0	11458	3202	0	0	82	0	1162	202	23400	1816	0	0	0	0	0	0	0	0	0	0	0	0	0	0	0	0	0	0	0	0	0	0	0	0	0	0	0	0	0	0	0	0	3472	0	0	7768	31400	3380	1874	0	26078	3046	62478	10412	10526	598	15326	2316	2668	442	682	84	240	850	7628	10974	9806	1334	562	194	
431164	Cerebelum_Crus1_R	0	0	0	0	0	0	0	0	0	0	0	0	0	0	0	0	0	0	0	0	0	0	0	0	0	0	0	0	0	0	0	0	0	0	0	0	0	0	0	0	0	0	0	112	0	0	2178	6242	0	0	0	0	166	498	1108	13336	0	0	0	0	0	0	0	0	0	0	0	0	0	0	0	0	0	0	0	0	0	0	0	0	0	0	0	0	0	0	0	0	0	464	7768	0	4386	26946	1346	1728	4712	18550	7950	56670	1066	3478	1956	13414	398	2286	0	236	478	2868	10406	8890	12124	1918	1274	630	
337164	Cerebelum_Crus2_L	0	0	0	0	0	0	0	0	0	0	0	0	0	0	0	0	0	0	0	0	0	0	0	0	0	0	0	0	0	0	0	0	0	0	0	0	0	0	0	0	0	0	0	0	0	0	1184	514	0	0	0	0	0	0	1180	282	0	0	0	0	0	0	0	0	0	0	0	0	0	0	0	0	0	0	0	0	0	0	0	0	0	0	0	0	0	0	0	0	468	0	31400	4386	0	9222	466	0	3640	938	7842	3840	35606	4494	30876	7436	1940	724	804	106	180	360	1918	2396	10812	4446	822	300	
281444	Cerebelum_Crus2_R	0	0	0	0	0	0	0	0	0	0	0	0	0	0	0	0	0	0	0	0	0	0	0	0	0	0	0	0	0	0	0	0	0	0	0	0	0	0	0	0	0	0	0	0	0	0	0	146	0	0	0	0	0	0	0	234	0	0	0	0	0	0	0	0	0	0	0	0	0	0	0	0	0	0	0	0	0	0	0	0	0	0	0	0	0	0	0	0	0	0	3380	26946	9222	0	260	908	580	774	1168	9768	2970	19116	3682	31268	524	3210	0	768	864	1234	266	1510	13872	4364	2924	764	
57260	Cerebelum_3_L	0	0	0	0	0	0	0	0	0	0	0	0	0	0	0	0	0	0	0	0	0	0	0	0	0	0	0	0	0	0	0	0	0	0	0	0	0	0	224	0	0	0	0	0	0	0	0	132	0	0	0	0	0	0	292	0	0	0	0	0	0	0	0	0	0	0	0	0	0	0	0	0	0	0	0	0	0	0	0	0	0	0	0	0	0	0	0	0	0	0	1874	1346	466	260	0	104	7116	1574	2438	1982	180	0	766	214	1102	118	0	0	890	3098	2856	632	460	212	134	160	
49740	Cerebelum_3_R	0	0	0	0	0	0	0	0	0	0	0	0	0	0	0	0	0	0	0	0	0	0	0	0	0	0	0	0	0	0	0	0	0	0	0	0	0	232	0	386	0	0	0	0	0	0	0	456	0	0	0	0	0	0	0	744	0	0	0	0	0	0	0	0	0	0	0	0	0	0	0	0	0	0	0	0	0	0	0	0	0	0	0	0	0	0	0	0	0	0	0	1728	0	908	104	0	0	5416	94	4120	0	0	110	1236	0	1378	0	0	1326	3510	124	248	670	908	990	182	
326004	Cerebelum_4_5_L	0	0	0	0	0	0	0	0	0	0	0	0	0	0	0	0	0	0	0	0	0	0	0	0	0	0	0	0	0	0	0	0	0	0	0	0	220	0	398	0	0	0	0	0	0	0	8890	1148	0	0	80	0	880	0	12998	192	0	0	0	0	0	0	0	0	0	0	90	0	0	0	0	0	0	0	0	0	0	0	0	0	0	0	0	0	0	0	0	0	158	0	26078	4712	3640	580	7116	0	0	8430	36970	6996	2886	0	6548	382	3892	264	338	0	836	3848	17538	4030	1162	440	448	814	
262232	Cerebelum_4_5_R	0	0	0	0	0	0	0	0	0	0	0	0	0	0	0	0	0	0	0	0	0	0	0	0	0	0	0	0	0	0	0	0	0	0	0	162	0	1376	0	1602	0	0	0	276	0	0	1422	7572	0	0	0	0	0	86	1486	7680	0	0	0	0	0	0	0	0	0	0	0	1310	0	0	0	0	0	240	0	0	0	0	0	0	0	0	0	0	0	0	0	0	0	136	3046	18550	938	774	1574	5416	8430	0	7334	29828	876	0	1276	1138	234	1108	0	0	340	4422	17242	3526	460	420	490	346	
511024	Cerebelum_6_L	0	0	0	0	0	0	0	0	0	0	0	0	0	0	0	0	0	0	0	0	0	0	0	0	0	0	0	0	424	0	0	0	0	0	0	0	414	0	234	0	0	0	0	82	0	0	16374	5454	0	0	116	0	2146	304	28030	2620	0	0	0	0	0	0	0	0	0	0	0	0	0	0	0	0	0	0	0	0	0	0	0	0	382	0	116	0	100	0	0	0	1668	0	62478	7950	7842	1168	2438	94	36970	7334	0	12944	4708	0	7464	574	2736	340	492	0	338	1686	16332	15878	5800	754	444	284	
474556	Cerebelum_6_R	0	0	0	0	0	0	0	0	0	0	0	0	0	0	0	0	0	0	0	0	0	0	0	0	0	0	0	0	0	0	0	0	0	0	0	0	0	0	0	90	0	0	0	228	0	0	3052	10266	0	0	0	80	200	768	1414	17302	0	0	0	0	0	0	0	0	0	0	0	0	0	0	0	0	0	0	0	0	0	0	0	0	0	0	0	0	0	0	0	0	0	226	10412	56670	3840	9768	1982	4120	6996	29828	12944	0	1242	522	2132	5710	588	2656	0	338	720	4762	15400	14806	11978	2688	2026	1524	
250064	Cerebelum_7b_L	0	0	0	0	0	0	0	0	0	0	0	0	0	0	0	0	0	0	0	0	0	0	0	0	0	0	0	0	0	0	0	0	0	0	0	0	0	0	0	0	0	0	0	0	0	0	0	0	0	0	0	0	0	0	282	0	0	0	0	0	0	0	0	0	0	0	0	0	0	0	0	0	0	0	0	0	0	0	0	0	0	0	0	0	0	0	0	0	178	0	10526	1066	35606	2970	180	0	2886	876	4708	1242	0	2308	38784	5816	2634	560	1286	0	152	236	1840	114	3738	6098	608	338	
120544	Cerebelum_7b_R	0	0	0	0	0	0	0	0	0	0	0	0	0	0	0	0	0	0	0	0	0	0	0	0	0	0	0	0	0	0	0	0	0	0	0	0	0	0	0	0	0	0	0	0	0	0	0	0	0	0	0	0	0	0	0	0	0	0	0	0	0	0	0	0	0	0	0	0	0	0	0	0	0	0	0	0	0	0	0	0	0	0	0	0	0	0	0	0	0	0	598	3478	4494	19116	0	0	0	0	0	522	2308	0	2468	19716	160	998	0	0	0	0	0	0	3866	1944	422	182	
350596	Cerebelum_8_L	0	0	0	0	0	0	0	0	0	0	0	0	0	0	0	0	0	0	0	0	0	0	0	0	0	0	0	0	0	0	0	0	0	0	0	0	0	0	0	0	0	0	0	0	0	0	128	0	0	0	0	0	0	0	406	0	0	0	0	0	0	0	0	0	0	0	0	0	0	0	0	0	0	0	0	0	0	0	0	0	0	0	0	0	0	0	0	0	236	0	15326	1956	30876	3682	766	110	6548	1276	7464	2132	38784	2468	0	9450	19820	2830	3534	0	312	382	2786	352	5492	12596	4084	1502	
310696	Cerebelum_8_R	0	0	0	0	0	0	0	0	0	0	0	0	0	0	0	0	0	0	0	0	0	0	0	0	0	0	0	0	0	0	0	0	0	0	0	0	0	0	0	0	0	0	0	0	0	0	0	0	0	0	0	0	0	0	0	172	0	0	0	0	0	0	0	0	0	0	0	0	0	0	0	0	0	0	0	0	0	0	0	0	0	0	0	0	0	0	0	0	0	0	2316	13414	7436	31268	214	1236	382	1138	574	5710	5816	19716	9450	0	1648	19638	0	1468	1516	1546	270	602	8458	12288	6818	2254	
117092	Cerebelum_9_L	0	0	0	0	0	0	0	0	0	0	0	0	0	0	0	0	0	0	0	0	0	0	0	0	0	0	0	0	0	0	0	0	0	0	0	0	0	0	0	0	0	0	0	0	0	0	0	0	0	0	0	0	0	0	182	0	0	0	0	0	0	0	0	0	0	0	0	0	0	0	0	0	0	0	0	0	0	0	0	0	0	0	0	0	0	0	0	0	0	0	2668	398	1940	524	1102	0	3892	234	2736	588	2634	160	19820	1648	0	2504	5418	0	116	134	506	1040	1414	3772	3844	1272	
140448	Cerebelum_9_R	0	0	0	0	0	0	0	0	0	0	0	0	0	0	0	0	0	0	0	0	0	0	0	0	0	0	0	0	0	0	0	0	0	0	0	0	0	0	0	0	0	0	0	0	0	0	0	0	0	0	0	0	0	0	0	0	0	0	0	0	0	0	0	0	0	0	0	0	0	0	0	0	0	0	0	0	0	0	0	0	0	0	0	0	0	0	0	0	0	0	442	2286	724	3210	118	1378	264	1108	340	2656	560	998	2830	19638	2504	0	0	1854	1912	1020	188	1216	3750	6608	10138	4482	
25280	Cerebelum_10_L	0	0	0	0	0	0	0	0	0	0	0	0	0	0	0	0	0	0	0	0	0	0	0	0	0	0	0	0	0	0	0	0	0	0	0	0	0	0	0	0	0	0	0	0	0	0	0	0	0	0	0	0	0	0	0	0	0	0	0	0	0	0	0	0	0	0	0	0	0	0	0	0	0	0	0	0	0	0	0	0	0	0	0	0	0	0	0	0	0	0	682	0	804	0	0	0	338	0	492	0	1286	0	3534	0	5418	0	0	0	0	0	0	0	0	86	0	0	
12548	Cerebelum_10_R	0	0	0	0	0	0	0	0	0	0	0	0	0	0	0	0	0	0	0	0	0	0	0	0	0	0	0	0	0	0	0	0	0	0	0	0	0	0	0	0	0	0	0	0	0	0	0	0	0	0	0	0	0	0	0	0	0	0	0	0	0	0	0	0	0	0	0	0	0	0	0	0	0	0	0	0	0	0	0	0	0	0	0	0	0	0	0	0	0	0	84	236	106	768	0	0	0	0	0	338	0	0	0	1468	0	1854	0	0	132	0	0	0	250	294	564	180	
42704	Vermis_1_2	0	0	0	0	0	0	0	0	0	0	0	0	0	0	0	0	0	0	0	0	0	0	0	0	0	0	0	0	0	0	0	0	0	0	0	0	0	0	0	0	0	0	0	0	0	0	0	0	0	0	0	0	0	0	0	0	0	0	0	0	0	0	0	0	0	0	0	0	0	0	0	0	0	0	0	0	0	0	0	0	0	0	0	0	0	0	0	0	0	0	240	478	180	864	890	1326	836	340	338	720	152	0	312	1516	116	1912	0	132	0	4206	1030	376	1070	1776	1780	762	
90360	Vermis_3	0	0	0	0	0	0	0	0	0	0	0	0	0	0	0	0	0	0	0	0	0	0	0	0	0	0	0	0	0	0	0	0	0	0	0	0	0	118	92	132	0	0	0	0	0	0	0	536	0	0	0	0	0	0	0	236	0	0	0	0	0	0	0	0	0	0	0	166	0	0	0	0	0	0	0	0	0	0	0	0	0	0	0	0	0	0	0	0	0	0	850	2868	360	1234	3098	3510	3848	4422	1686	4762	236	0	382	1546	134	1020	0	0	4206	0	4514	1388	1016	1278	1216	326	
272020	Vermis_4_5	80	0	0	0	0	0	0	0	0	0	0	0	0	0	0	0	0	0	0	0	0	0	0	0	0	0	0	0	0	0	0	0	0	0	1090	1930	810	330	386	0	0	0	0	556	0	0	3790	5768	0	0	98	90	706	196	4044	2032	0	268	0	0	0	0	0	0	0	0	0	2688	0	148	0	0	0	0	0	0	208	0	0	0	0	0	0	0	0	160	0	0	0	116	7628	10406	1918	266	2856	124	17538	17242	16332	15400	1840	0	2786	270	506	188	0	0	1030	4514	0	7830	346	170	362	964	
