data	data	433888	192472	950200	737556	93284	96060	302636	204720	62328	24856	249964	182296	245696	107172	215412	80424	275364	95048	954876	876080	80324	106324	295088	280064	27948	86664	57916	83008	562800	237372	173956	402712	155736	408692	210744	274096	363996	345760	160396	230200	52816	47316	221244	308012	137644	267880	334196	308804	142892	271840	448684	251260	185548	118440	553564	421224	217656	216236	134892	93296	241580	108260	136916	111804	163612	123356	248512	359616	178828	83812	272552	386764	339644	337532	63476	27848	307600	332152	87564	15276	298968	82368	128160	37056	363836	197600	20708	10604	364832	218396	466940	613192	365632	400820	61268	104944	362968	347428	539548	570920	292168	180124	354976	414280	146116	191996	25120	6660	62232	114864	288696	242564	224096	161668	136728	38344	
data	data	Precentral_L	Precentral_R	Frontal_Sup_L	Frontal_Sup_R	Frontal_Sup_Orb_L	Frontal_Sup_Orb_R	Frontal_Mid_L	Frontal_Mid_R	Frontal_Mid_Orb_L	Frontal_Mid_Orb_R	Frontal_Inf_Oper_L	Frontal_Inf_Oper_R	Frontal_Inf_Tri_L	Frontal_Inf_Tri_R	Frontal_Inf_Orb_L	Frontal_Inf_Orb_R	Rolandic_Oper_L	Rolandic_Oper_R	Supp_Motor_Area_L	Supp_Motor_Area_R	Olfactory_L	Olfactory_R	Frontal_Sup_Medial_L	Frontal_Sup_Medial_R	Frontal_Med_Orb_L	Frontal_Med_Orb_R	Rectus_L	Rectus_R	Insula_L	Insula_R	Cingulum_Ant_L	Cingulum_Ant_R	Cingulum_Mid_L	Cingulum_Mid_R	Cingulum_Post_L	Cingulum_Post_R	Hippocampus_L	Hippocampus_R	ParaHippocampal_L	ParaHippocampal_R	Amygdala_L	Amygdala_R	Calcarine_L	Calcarine_R	Cuneus_L	Cuneus_R	Lingual_L	Lingual_R	Occipital_Sup_L	Occipital_Sup_R	Occipital_Mid_L	Occipital_Mid_R	Occipital_Inf_L	Occipital_Inf_R	Fusiform_L	Fusiform_R	Postcentral_L	Postcentral_R	Parietal_Sup_L	Parietal_Sup_R	Parietal_Inf_L	Parietal_Inf_R	SupraMarginal_L	SupraMarginal_R	Angular_L	Angular_R	Precuneus_L	Precuneus_R	Paracentral_Lobule_L	Paracentral_Lobule_R	Caudate_L	Caudate_R	Putamen_L	Putamen_R	Pallidum_L	Pallidum_R	Thalamus_L	Thalamus_R	Heschl_L	Heschl_R	Temporal_Sup_L	Temporal_Sup_R	Temporal_Pole_Sup_L	Temporal_Pole_Sup_R	Temporal_Mid_L	Temporal_Mid_R	Temporal_Pole_Mid_L	Temporal_Pole_Mid_R	Temporal_Inf_L	Temporal_Inf_R	Cerebelum_Crus1_L	Cerebelum_Crus1_R	Cerebelum_Crus2_L	Cerebelum_Crus2_R	Cerebelum_3_L	Cerebelum_3_R	Cerebelum_4_5_L	Cerebelum_4_5_R	Cerebelum_6_L	Cerebelum_6_R	Cerebelum_7b_L	Cerebelum_7b_R	Cerebelum_8_L	Cerebelum_8_R	Cerebelum_9_L	Cerebelum_9_R	Cerebelum_10_L	Cerebelum_10_R	Vermis_1_2	Vermis_3	Vermis_4_5	Vermis_6	Vermis_7	Vermis_8	Vermis_9	Vermis_10	
433888	Precentral_L	0	106	29454	2382	0	0	11326	0	0	0	6106	0	300	0	0	0	8142	0	25042	3942	0	0	0	0	0	0	0	0	7184	0	0	0	214	0	4240	3156	6378	2888	1054	2358	0	0	226	0	0	0	400	930	0	0	3556	0	462	0	772	106	19178	0	3310	0	5336	0	1048	0	1968	0	1246	380	17064	0	6332	1312	3778	266	2480	128	16538	3772	1854	0	3202	0	0	0	4230	0	0	0	2154	0	0	0	0	0	0	0	0	644	0	0	0	0	0	0	0	0	0	0	0	0	0	0	0	0	0	0	
192472	Precentral_R	106	0	2400	8112	0	0	0	7122	0	0	0	14186	0	212	0	0	0	1784	3508	5552	0	0	0	0	0	0	0	0	0	2680	0	210	0	470	148	1142	0	1836	0	294	0	0	0	574	0	302	0	150	0	702	0	434	0	134	0	1600	0	24070	0	164	0	1642	0	2568	0	0	0	1384	0	1810	0	558	0	2576	0	110	0	872	0	148	0	454	0	0	0	1328	0	0	0	4894	0	0	0	0	0	0	0	0	0	0	0	0	0	0	0	0	0	0	0	0	0	0	0	0	0	0	
950200	Frontal_Sup_L	29454	2400	0	13848	5108	0	38276	1104	1472	0	16350	1338	14870	0	8118	0	15206	748	99640	21220	0	0	37440	6298	832	0	344	0	29786	1140	8276	3454	6250	3898	164	148	7266	180	880	0	0	0	108	0	0	0	268	0	0	0	230	0	322	0	1406	0	3240	1002	154	0	186	0	142	0	0	0	0	0	6944	0	10528	4376	28330	1606	8520	762	12760	1760	2884	0	8770	0	2976	0	776	110	0	0	1316	116	0	0	0	0	0	0	0	0	0	0	0	0	0	0	0	0	0	0	0	0	0	0	0	0	0	0	
737556	Frontal_Sup_R	2382	8112	13848	0	0	3788	588	23998	0	1208	958	3322	1558	5274	694	6428	224	6050	36800	84928	0	206	8912	26010	0	2742	0	306	1074	10730	1076	23062	948	16948	296	1066	0	2016	0	674	0	0	0	0	0	0	0	0	0	0	0	0	0	0	0	388	0	1274	0	0	0	0	0	0	0	0	0	0	1826	0	2826	20528	766	20228	0	1430	3506	18590	0	0	100	280	0	0	0	226	0	0	0	584	0	0	0	0	0	0	0	0	0	0	0	0	0	0	0	0	0	0	0	0	0	0	0	0	0	0	
93284	Frontal_Sup_Orb_L	0	0	5108	0	0	0	1268	0	7884	0	0	0	572	0	9694	0	0	0	0	0	560	0	4012	0	3496	0	2976	0	3346	0	2760	0	0	0	0	0	0	0	0	0	0	0	0	0	0	0	0	0	0	0	0	0	0	0	0	0	0	0	0	0	0	0	0	0	0	0	0	0	0	0	414	0	3546	0	0	0	0	0	0	0	0	0	1006	0	0	0	0	0	0	0	0	0	0	0	0	0	0	0	0	0	0	0	0	0	0	0	0	0	0	0	0	0	0	0	0	0	
96060	Frontal_Sup_Orb_R	0	0	0	3788	0	0	0	270	0	2208	0	0	0	304	0	4656	0	0	0	0	1306	3060	192	2950	304	8882	516	6978	0	1720	498	460	0	0	0	0	0	0	0	0	0	0	0	0	0	0	0	0	0	0	0	0	0	0	0	0	0	0	0	0	0	0	0	0	0	0	0	0	0	0	2142	2084	1382	4330	0	0	0	0	0	0	0	0	0	0	0	0	0	0	0	0	0	0	0	0	0	0	0	0	0	0	0	0	0	0	0	0	0	0	0	0	0	0	0	0	0	0	
302636	Frontal_Mid_L	11326	0	38276	588	1268	0	0	0	1642	0	10086	0	14718	0	5092	0	7994	0	4542	584	0	0	8766	932	0	0	0	0	13384	0	2400	520	4910	532	890	716	1722	562	216	408	0	0	0	0	0	0	0	174	0	0	380	0	0	0	262	0	1118	0	446	0	730	0	0	0	604	0	284	122	0	0	996	116	3130	0	262	0	1370	420	1542	0	5858	0	630	0	450	0	0	0	248	0	0	0	0	0	0	0	0	102	0	0	0	0	0	0	0	0	0	0	0	0	0	0	0	0	0	0	
204720	Frontal_Mid_R	0	7122	1104	23998	0	270	0	0	0	2544	0	5144	664	9270	568	4488	0	2802	7922	11736	0	0	374	1156	0	0	0	0	280	3584	0	1296	0	4868	0	0	0	1392	0	636	0	0	0	0	0	0	0	0	0	0	0	0	0	0	0	0	0	692	0	0	0	0	0	0	0	0	0	0	0	0	994	2342	588	5722	0	0	0	524	0	0	0	172	0	0	0	0	0	0	0	108	0	0	0	0	0	0	0	0	0	0	0	0	0	0	0	0	0	0	0	0	0	0	0	0	0	0	
62328	Frontal_Mid_Orb_L	0	0	1472	0	7884	0	1642	0	0	0	0	0	1120	0	11796	0	0	0	0	0	114	0	458	0	262	0	686	0	2792	0	0	0	0	0	0	0	0	0	0	0	0	0	0	0	0	0	0	0	0	0	0	0	0	0	0	0	0	0	0	0	0	0	0	0	0	0	0	0	0	0	0	0	2034	0	0	0	0	0	0	0	0	0	904	0	0	0	0	0	0	0	0	0	0	0	0	0	0	0	0	0	0	0	0	0	0	0	0	0	0	0	0	0	0	0	0	0	
24856	Frontal_Mid_Orb_R	0	0	0	1208	0	2208	0	2544	0	0	0	0	0	1230	0	3986	0	0	118	270	0	0	0	112	0	0	0	0	0	282	0	0	0	0	0	0	0	0	0	0	0	0	0	0	0	0	0	0	0	0	0	0	0	0	0	0	0	0	0	0	0	0	0	0	0	0	0	0	0	0	0	470	0	0	0	0	0	0	0	0	0	0	0	0	0	0	0	0	0	0	0	0	0	0	0	0	0	0	0	0	0	0	0	0	0	0	0	0	0	0	0	0	0	0	0	0	
249964	Frontal_Inf_Oper_L	6106	0	16350	958	0	0	10086	0	0	0	0	710	11036	0	760	0	15700	154	13066	1290	0	0	1060	390	0	0	0	0	17724	318	790	812	678	396	288	320	522	236	112	150	0	0	0	0	0	0	0	0	0	0	340	0	0	0	0	0	1322	0	394	0	686	0	0	0	558	0	0	0	0	0	4236	3254	624	0	0	0	812	192	830	0	7208	0	4514	0	0	0	0	0	0	0	0	0	0	0	0	0	0	0	0	0	0	0	0	0	0	0	0	0	0	0	0	0	0	0	0	0	
182296	Frontal_Inf_Oper_R	0	14186	1338	3322	0	0	0	5144	0	0	710	0	716	7104	356	112	266	3648	4086	4380	0	0	154	534	0	0	0	0	1056	10552	0	4102	0	2382	0	452	0	1618	0	562	0	0	0	186	0	0	0	0	0	216	0	172	0	0	0	916	0	9052	0	0	0	816	0	926	0	0	0	204	0	0	266	2312	0	5360	0	0	0	812	0	134	122	378	0	112	0	468	0	0	0	1916	0	0	0	0	0	0	0	0	0	0	0	0	0	0	0	0	0	0	0	0	0	0	0	0	0	0	
245696	Frontal_Inf_Tri_L	300	0	14870	1558	572	0	14718	664	1120	0	11036	716	0	0	20992	0	202	170	9282	1154	0	0	1934	432	0	0	0	0	22068	296	3050	1014	1142	192	0	0	0	0	0	0	0	0	0	0	0	0	0	0	0	0	0	0	0	0	0	0	0	0	0	0	0	0	0	0	0	0	0	0	0	0	5270	2908	6184	242	0	0	256	0	0	0	0	0	506	0	0	0	0	0	0	0	0	0	0	0	0	0	0	0	0	0	0	0	0	0	0	0	0	0	0	0	0	0	0	0	0	0	
107172	Frontal_Inf_Tri_R	0	212	0	5274	0	304	0	9270	0	1230	0	7104	0	0	0	4090	0	108	2278	3844	0	0	168	2386	0	320	0	0	0	7508	0	3710	0	3210	0	0	0	100	0	0	0	0	0	0	0	0	0	0	0	0	0	0	0	0	0	0	0	0	0	0	0	0	0	0	0	0	0	0	0	0	0	1322	0	866	0	0	0	178	0	0	0	0	0	0	0	0	0	0	0	104	0	0	0	0	0	0	0	0	0	0	0	0	0	0	0	0	0	0	0	0	0	0	0	0	0	0	
215412	Frontal_Inf_Orb_L	0	0	8118	694	9694	0	5092	568	11796	0	760	356	20992	0	0	0	134	0	4040	294	1358	0	1284	148	424	0	1174	0	17970	198	660	682	0	0	0	0	1058	0	184	0	814	0	0	0	0	0	0	0	0	0	0	0	0	0	398	0	0	0	0	0	0	0	0	0	0	0	0	0	0	0	3766	1248	10410	158	0	0	264	0	0	0	0	0	2970	0	0	0	0	0	0	0	0	0	0	0	0	0	0	0	0	0	0	0	0	0	0	0	0	0	0	0	0	0	0	0	0	0	
80424	Frontal_Inf_Orb_R	0	0	0	6428	0	4656	0	4488	0	3986	0	112	0	4090	0	0	0	0	694	1294	148	856	130	1440	0	154	0	1350	0	4670	0	934	0	1004	0	0	0	0	0	0	0	0	0	0	0	0	0	0	0	0	0	0	0	0	0	0	0	0	0	0	0	0	0	0	0	0	0	0	0	0	412	1580	312	1372	0	0	0	0	0	0	0	0	0	102	0	0	0	0	0	0	0	0	0	0	0	0	0	0	0	0	0	0	0	0	0	0	0	0	0	0	0	0	0	0	0	0	
275364	Rolandic_Oper_L	8142	0	15206	224	0	0	7994	0	0	0	15700	266	202	0	134	0	0	0	10278	236	0	0	708	200	0	0	0	0	23172	182	0	522	232	0	0	0	574	0	0	0	0	0	228	0	0	0	0	0	0	0	1090	0	260	0	408	0	8492	0	456	0	1220	0	2504	0	1944	0	746	0	114	0	1652	1012	706	0	0	0	418	0	4384	0	19872	0	4032	0	2384	0	0	0	1788	0	0	0	0	0	0	0	0	0	0	0	0	0	0	0	0	0	0	0	0	0	0	0	0	0	0	0	
95048	Rolandic_Oper_R	0	1784	748	6050	0	0	0	2802	0	0	154	3648	170	108	0	0	0	0	3350	4936	0	0	0	0	0	0	0	0	196	10458	0	174	0	1704	0	0	0	240	0	0	0	0	0	0	0	0	0	0	0	0	0	0	0	0	0	0	0	2770	0	0	0	0	0	1528	0	0	0	0	0	0	244	292	0	3020	0	0	0	134	0	640	0	2104	0	270	0	0	0	0	0	0	0	0	0	0	0	0	0	0	0	0	0	0	0	0	0	0	0	0	0	0	0	0	0	0	0	0	
954876	Supp_Motor_Area_L	25042	3508	99640	36800	0	0	4542	7922	0	118	13066	4086	9282	2278	4040	694	10278	3350	0	69470	0	0	6746	6222	0	198	0	0	20794	4054	2504	10688	7340	27878	680	180	4288	644	490	232	0	0	116	0	0	0	276	0	0	0	242	0	342	0	1070	0	2738	1226	128	0	160	0	146	0	0	0	392	244	12658	0	8904	7262	14230	5492	7102	1324	11670	2374	2596	0	5304	0	2308	0	786	116	0	0	1056	122	0	0	0	0	0	0	0	0	0	0	0	0	0	0	0	0	0	0	0	0	0	0	0	0	0	0	
876080	Supp_Motor_Area_R	3942	5552	21220	84928	0	0	584	11736	0	270	1290	4380	1154	3844	294	1294	236	4936	69470	0	0	118	3282	10368	0	250	0	140	1440	5892	2752	19680	6938	55282	1250	9040	0	2048	0	702	0	0	0	1508	0	1058	0	340	0	1920	0	838	0	104	0	800	0	3742	0	198	0	388	0	1136	0	302	206	7008	5492	6836	1978	22708	362	13790	0	1834	3620	20512	0	128	0	956	102	0	0	2580	0	0	0	3282	0	0	0	0	0	0	0	0	0	0	0	0	0	0	0	0	0	0	0	0	0	0	0	0	0	0	
80324	Olfactory_L	0	0	0	0	560	1306	0	0	114	0	0	0	0	0	1358	148	0	0	0	0	0	6036	0	324	124	998	3672	2686	2414	176	2476	2504	0	0	0	0	1426	0	550	0	1146	0	0	0	0	0	0	0	0	0	0	0	0	0	482	0	0	0	0	0	0	0	0	0	0	0	0	0	0	0	5678	1900	2922	460	0	0	0	178	0	0	0	0	524	0	0	0	0	0	0	0	0	0	0	0	0	0	0	0	0	0	0	0	0	0	0	0	0	0	0	0	0	0	0	0	0	0	
106324	Olfactory_R	0	0	0	206	0	3060	0	0	0	0	0	0	0	0	0	856	0	0	0	118	6036	0	0	772	110	2296	3322	5656	0	1684	2968	3764	0	0	0	0	0	0	0	0	0	166	0	0	0	0	0	0	0	0	0	0	0	0	0	0	0	0	0	0	0	0	0	0	0	0	0	0	0	0	9290	5666	5390	1204	162	246	0	190	0	0	0	0	0	0	0	0	0	0	0	0	0	0	0	0	0	0	0	0	0	0	0	0	0	0	0	0	0	0	0	0	0	0	0	0	0	0	
295088	Frontal_Sup_Medial_L	0	0	37440	8912	4012	192	8766	374	458	0	1060	154	1934	168	1284	130	708	0	6746	3282	0	0	0	20978	2394	714	712	0	2496	102	13370	11552	4192	7918	0	0	0	0	0	0	0	0	0	0	0	0	0	0	0	0	0	0	0	0	0	0	0	0	0	0	0	0	0	0	0	0	0	0	0	0	738	490	5184	368	0	0	0	0	0	0	154	0	562	0	0	0	0	0	0	0	0	0	0	0	0	0	0	0	0	0	0	0	0	0	0	0	0	0	0	0	0	0	0	0	0	0	
280064	Frontal_Sup_Medial_R	0	0	6298	26010	0	2950	932	1156	0	112	390	534	432	2386	148	1440	200	0	6222	10368	324	772	20978	0	0	5600	0	986	176	3732	2412	21486	626	11426	0	0	0	0	0	0	0	0	0	0	0	0	0	0	0	0	0	0	0	0	0	0	0	0	0	0	0	0	0	0	0	0	0	0	0	0	1034	3748	706	6300	0	0	0	0	0	0	148	0	0	0	0	0	0	0	0	0	0	0	0	0	0	0	0	0	0	0	0	0	0	0	0	0	0	0	0	0	0	0	0	0	0	0	
27948	Frontal_Med_Orb_L	0	0	832	0	3496	304	0	0	262	0	0	0	0	0	424	0	0	0	0	0	124	110	2394	0	0	614	1676	156	104	0	2836	282	0	0	0	0	0	0	0	0	0	0	0	0	0	0	0	0	0	0	0	0	0	0	0	0	0	0	0	0	0	0	0	0	0	0	0	0	0	0	148	0	212	0	0	0	0	0	0	0	0	0	0	0	0	0	0	0	0	0	0	0	0	0	0	0	0	0	0	0	0	0	0	0	0	0	0	0	0	0	0	0	0	0	0	0	
86664	Frontal_Med_Orb_R	0	0	0	2742	0	8882	0	0	0	0	0	0	0	320	0	154	0	0	198	250	998	2296	714	5600	614	0	370	6138	0	446	1580	3884	0	0	0	0	0	0	0	0	0	0	0	0	0	0	0	0	0	0	0	0	0	0	0	0	0	0	0	0	0	0	0	0	0	0	0	0	0	0	1486	1934	1078	3648	0	0	0	0	0	0	0	0	0	0	0	0	0	0	0	0	0	0	0	0	0	0	0	0	0	0	0	0	0	0	0	0	0	0	0	0	0	0	0	0	0	0	
57916	Rectus_L	0	0	344	0	2976	516	0	0	686	0	0	0	0	0	1174	0	0	0	0	0	3672	3322	712	0	1676	370	0	1296	0	124	4514	1824	0	0	0	0	0	0	0	0	0	0	0	0	0	0	0	0	0	0	0	0	0	0	0	0	0	0	0	0	0	0	0	0	0	0	0	0	0	0	3000	1092	1542	0	0	0	0	118	0	0	0	0	0	0	0	0	0	0	0	0	0	0	0	0	0	0	0	0	0	0	0	0	0	0	0	0	0	0	0	0	0	0	0	0	0	0	
83008	Rectus_R	0	0	0	306	0	6978	0	0	0	0	0	0	0	0	0	1350	0	0	0	140	2686	5656	0	986	156	6138	1296	0	0	684	1888	3326	0	0	0	0	0	0	0	0	0	0	0	0	0	0	0	0	0	0	0	0	0	0	0	0	0	0	0	0	0	0	0	0	0	0	0	0	0	0	3728	2484	2522	1180	0	0	0	0	0	0	0	0	0	0	0	0	0	0	0	0	0	0	0	0	0	0	0	0	0	0	0	0	0	0	0	0	0	0	0	0	0	0	0	0	0	0	
562800	Insula_L	7184	0	29786	1074	3346	0	13384	280	2792	0	17724	1056	22068	0	17970	0	23172	196	20794	1440	2414	0	2496	176	104	0	0	0	0	356	2246	614	576	536	588	476	11638	460	1790	296	1962	0	442	0	114	0	196	0	0	0	1468	0	680	0	5032	0	3960	0	1166	0	3698	0	574	0	3504	0	676	0	0	0	4788	2964	18396	228	112	0	3420	412	9672	0	13672	0	7468	0	3580	0	0	0	6184	0	0	0	0	0	0	0	0	0	0	0	0	0	0	0	0	0	0	0	0	0	0	0	0	0	0	0	
237372	Insula_R	0	2680	1140	10730	0	1720	0	3584	0	282	318	10552	296	7508	198	4670	182	10458	4054	5892	176	1684	102	3732	0	446	124	684	356	0	0	5634	0	1734	0	0	0	4374	0	1688	0	392	0	0	0	0	0	0	0	0	0	0	0	0	0	1692	0	1426	0	0	0	0	0	0	0	0	0	0	0	0	576	2928	0	15854	0	0	0	844	0	946	114	4378	0	2018	0	966	0	0	0	1554	0	0	0	0	0	0	0	0	0	0	0	0	0	0	0	0	0	0	0	0	0	0	0	0	0	0	
173956	Cingulum_Ant_L	0	0	8276	1076	2760	498	2400	0	0	0	790	0	3050	0	660	0	0	0	2504	2752	2476	2968	13370	2412	2836	1580	4514	1888	2246	0	0	9790	3442	1566	0	0	0	0	0	0	0	0	0	0	0	0	0	0	0	0	0	0	0	0	0	0	0	0	0	0	0	0	0	0	0	0	0	0	0	0	4136	1296	7102	590	0	0	0	0	0	0	0	0	0	0	0	0	0	0	0	0	0	0	0	0	0	0	0	0	0	0	0	0	0	0	0	0	0	0	0	0	0	0	0	0	0	0	
402712	Cingulum_Ant_R	0	210	3454	23062	0	460	520	1296	0	0	812	4102	1014	3710	682	934	522	174	10688	19680	2504	3764	11552	21486	282	3884	1824	3326	614	5634	9790	0	2004	18630	0	0	0	322	0	108	0	0	0	0	0	0	0	0	0	0	0	0	0	0	0	0	0	218	0	0	0	0	0	0	0	0	0	0	0	0	3998	22982	2356	14016	0	0	114	180	0	0	448	0	0	0	0	0	0	0	0	0	0	0	0	0	0	0	0	0	0	0	0	0	0	0	0	0	0	0	0	0	0	0	0	0	0	0	
155736	Cingulum_Mid_L	214	0	6250	948	0	0	4910	0	0	0	678	0	1142	0	0	0	232	0	7340	6938	0	0	4192	626	0	0	0	0	576	0	3442	2004	0	9944	2134	382	0	0	0	0	0	0	156	0	0	190	0	0	370	0	2410	0	0	0	0	0	1540	0	550	0	954	0	0	0	1112	0	7650	532	7302	196	0	178	0	0	0	0	0	0	0	0	308	0	0	0	1378	0	0	0	1090	0	0	0	0	0	0	0	0	0	0	0	0	0	0	0	0	0	0	0	0	0	0	0	0	0	0	0	
408692	Cingulum_Mid_R	0	470	3898	16948	0	0	532	4868	0	0	396	2382	192	3210	0	1004	0	1704	27878	55282	0	0	7918	11426	0	0	0	0	536	1734	1566	18630	9944	0	1088	5494	0	502	0	224	0	0	0	1380	0	3030	0	244	0	792	0	550	0	0	0	0	0	900	0	0	0	0	0	0	0	0	878	8354	1186	4994	0	2044	0	1746	0	0	0	0	0	0	0	0	0	0	0	422	0	0	0	0	0	0	0	0	0	0	0	0	0	0	0	0	0	0	0	0	0	0	0	0	0	0	0	0	0	0	
210744	Cingulum_Post_L	4240	148	164	296	0	0	890	0	0	0	288	0	0	0	0	0	0	0	680	1250	0	0	0	0	0	0	0	0	588	0	0	0	2134	1088	0	14340	10896	9330	4610	6624	0	0	2276	106	1090	332	3394	2414	674	0	416	0	0	0	844	490	654	0	0	0	0	0	0	0	0	0	7966	2312	4888	106	0	102	0	138	0	0	6262	8116	1370	0	594	0	0	0	322	0	0	0	1046	0	0	0	0	0	0	0	0	1432	0	0	0	0	0	0	0	0	0	0	0	0	462	0	0	0	0	0	
274096	Cingulum_Post_R	3156	1142	148	1066	0	0	716	0	0	0	320	452	0	0	0	0	0	0	180	9040	0	0	0	0	0	0	0	0	476	0	0	0	382	5494	14340	0	7844	13638	3180	8690	0	0	152	2438	404	982	1746	6830	0	1978	0	724	0	206	398	2172	0	1300	0	398	0	142	0	120	0	266	2634	12310	336	3118	106	196	0	200	0	0	8140	10160	948	0	360	0	0	0	182	436	0	0	518	3642	0	0	0	0	0	0	0	1944	0	108	0	0	0	0	0	0	0	0	0	0	1190	0	0	0	0	0	
363996	Hippocampus_L	6378	0	7266	0	0	0	1722	0	0	0	522	0	0	0	1058	0	574	0	4288	0	1426	0	0	0	0	0	0	0	11638	0	0	0	0	0	10896	7844	0	6244	21048	4556	9360	0	2480	0	0	0	7706	2842	0	0	254	0	158	0	16400	374	126	0	0	0	0	0	0	0	0	0	6290	1568	296	0	0	104	8664	106	1282	0	12468	4400	1638	0	2702	0	1428	0	800	0	0	0	12330	0	0	0	0	0	0	112	254	1426	0	0	0	0	0	0	0	0	0	0	0	490	480	0	0	0	0	0	
345760	Hippocampus_R	2888	1836	180	2016	0	0	562	1392	0	0	236	1618	0	100	0	0	0	240	644	2048	0	0	0	0	0	0	0	0	460	4374	0	322	0	502	9330	13638	6244	0	2562	28294	0	6740	0	870	0	0	1458	6260	0	0	0	0	0	0	368	18318	0	454	0	0	0	0	0	0	0	0	1570	4266	0	0	202	880	0	13150	0	456	7118	15690	764	0	358	1290	0	688	180	274	0	128	502	7352	0	122	0	0	0	0	0	2886	0	472	0	0	0	0	0	0	0	0	0	0	578	0	0	0	0	0	
160396	ParaHippocampal_L	1054	0	880	0	0	0	216	0	0	0	112	0	0	0	184	0	0	0	490	0	550	0	0	0	0	0	0	0	1790	0	0	0	0	0	4610	3180	21048	2562	0	1752	3010	0	1224	0	0	0	7730	568	0	0	322	0	270	0	9430	326	0	0	0	0	0	0	0	0	0	0	2790	312	116	0	0	0	1866	0	0	0	4108	2280	218	0	736	0	314	0	0	0	0	0	3466	0	152	0	0	0	516	0	958	276	590	0	0	0	0	0	0	0	0	0	0	192	0	0	0	0	0	0	
230200	ParaHippocampal_R	2358	294	0	674	0	0	408	636	0	0	150	562	0	0	0	0	0	0	232	702	0	0	0	0	0	0	0	0	296	1688	0	108	0	224	6624	8690	4556	28294	1752	0	0	4168	0	324	0	0	1002	5386	0	0	0	0	0	0	250	10134	0	120	0	0	0	0	0	0	0	0	1428	2390	0	0	0	488	0	6662	0	402	4406	10240	544	0	292	218	0	1136	134	0	0	456	420	1056	0	406	0	0	0	0	0	3754	0	756	0	0	0	118	0	0	0	0	0	0	162	0	0	0	0	0	
52816	Amygdala_L	0	0	0	0	0	0	0	0	0	0	0	0	0	0	814	0	0	0	0	0	1146	0	0	0	0	0	0	0	1962	0	0	0	0	0	0	0	9360	0	3010	0	0	0	0	0	0	0	0	0	0	0	0	0	0	0	6150	0	0	0	0	0	0	0	0	0	0	0	0	0	0	0	0	0	470	0	0	0	0	0	0	0	0	0	1188	0	238	0	0	0	2070	0	0	0	0	0	0	0	0	0	0	0	0	0	0	0	0	0	0	0	0	0	0	0	0	0	0	0	
47316	Amygdala_R	0	0	0	0	0	0	0	0	0	0	0	0	0	0	0	0	0	0	0	0	0	166	0	0	0	0	0	0	0	392	0	0	0	0	0	0	0	6740	0	4168	0	0	0	0	0	0	0	0	0	0	0	0	0	0	0	7110	0	0	0	0	0	0	0	0	0	0	0	0	0	0	0	226	0	516	0	0	152	636	0	0	0	0	0	1572	0	0	0	362	0	1618	0	0	0	0	0	0	0	0	0	0	0	0	0	0	0	0	0	0	0	0	0	0	0	0	0	0	
221244	Calcarine_L	226	0	108	0	0	0	0	0	0	0	0	0	0	0	0	0	228	0	116	0	0	0	0	0	0	0	0	0	442	0	0	0	156	0	2276	152	2480	0	1224	0	0	0	0	6998	10520	4228	11912	2342	8320	1146	22596	0	5134	0	5752	152	810	0	418	0	162	0	0	0	102	0	13202	448	926	0	0	0	0	0	0	0	0	0	310	0	402	0	0	0	5306	0	0	0	2028	0	0	0	0	0	0	0	0	0	0	0	0	0	0	0	0	0	0	0	0	0	0	0	0	0	0	0	
308012	Calcarine_R	0	574	0	0	0	0	0	0	0	0	0	186	0	0	0	0	0	0	0	1508	0	0	0	0	0	0	0	0	0	0	0	0	0	1380	106	2438	0	870	0	324	0	0	6998	0	3424	25852	1682	17994	0	18002	0	13630	0	11538	0	9412	0	880	0	1114	0	214	0	288	0	574	444	19286	0	1182	0	0	0	0	0	0	0	0	0	0	0	0	0	0	0	6600	0	0	0	6370	0	122	0	0	0	0	0	204	0	180	0	0	0	0	0	0	0	0	0	0	630	0	0	0	0	0	
137644	Cuneus_L	0	0	0	0	0	0	0	0	0	0	0	0	0	0	0	0	0	0	0	0	0	0	0	0	0	0	0	0	114	0	0	0	0	0	1090	404	0	0	0	0	0	0	10520	3424	0	8200	574	0	15996	1770	9878	0	220	0	266	0	446	0	1550	314	0	0	0	0	0	0	8514	3310	670	0	0	0	0	0	0	0	0	0	102	0	0	0	0	0	1016	0	0	0	444	0	0	0	0	0	0	0	0	0	0	0	0	0	0	0	0	0	0	0	0	0	0	0	0	0	0	0	
267880	Cuneus_R	0	302	0	0	0	0	0	0	0	0	0	0	0	0	0	0	0	0	0	1058	0	0	0	0	0	0	0	0	0	0	0	0	190	3030	332	982	0	0	0	0	0	0	4228	25852	8200	0	0	2058	312	32386	0	13424	0	4932	0	2252	0	866	200	2854	0	0	0	0	0	778	3710	20402	0	500	0	0	0	0	0	0	0	0	0	0	0	0	0	0	0	3926	0	0	0	960	0	0	0	0	0	0	0	0	0	0	0	0	0	0	0	0	0	0	0	0	206	0	0	0	0	0	
334196	Lingual_L	400	0	268	0	0	0	0	0	0	0	0	0	0	0	0	0	0	0	276	0	0	0	0	0	0	0	0	0	196	0	0	0	0	0	3394	1746	7706	1458	7730	1002	0	0	11912	1682	574	0	0	3612	1952	0	17670	0	11016	100	25760	1784	0	0	0	0	0	0	0	0	0	0	4448	188	110	0	0	0	0	0	0	0	2012	1236	290	0	306	0	0	0	648	0	0	0	1126	0	9662	1144	2714	0	518	106	13606	1190	18092	2234	178	0	362	0	154	0	0	0	0	410	2932	2996	198	0	0	0	
308804	Lingual_R	930	150	0	0	0	0	174	0	0	0	0	0	0	0	0	0	0	0	0	340	0	0	0	0	0	0	0	0	0	0	0	0	0	244	2414	6830	2842	6260	568	5386	0	0	2342	17994	0	2058	3612	0	0	1732	0	1200	172	2848	1362	19896	0	190	0	0	0	0	0	0	0	0	1146	10470	0	266	0	0	0	0	0	0	1058	1836	168	0	174	0	0	0	0	562	0	0	176	2706	1070	7164	274	348	148	262	3566	11256	3796	11338	0	0	118	110	0	390	0	0	240	300	8428	6112	628	0	182	566	
142892	Occipital_Sup_L	0	0	0	0	0	0	0	0	0	0	0	0	0	0	0	0	0	0	0	0	0	0	0	0	0	0	0	0	0	0	0	0	370	0	674	0	0	0	0	0	0	0	8320	0	15996	312	1952	0	0	0	26360	0	502	0	386	0	0	0	8014	0	584	0	0	0	0	0	6462	1170	0	0	0	0	0	0	0	0	0	0	0	0	0	0	0	0	234	0	0	0	110	0	0	0	0	0	0	0	0	0	0	0	0	0	0	0	0	0	0	0	0	0	0	0	0	0	0	0	
271840	Occipital_Sup_R	0	702	0	0	0	0	0	0	0	0	0	216	0	0	0	0	0	0	0	1920	0	0	0	0	0	0	0	0	0	0	0	0	0	792	0	1978	0	0	0	0	0	0	1146	18002	1770	32386	0	1732	0	0	0	26098	0	6484	0	2720	0	3108	0	9500	0	1918	0	166	0	7036	826	10668	0	394	0	0	0	0	0	0	0	0	0	0	0	0	0	0	0	5398	0	0	0	960	0	0	0	0	0	0	0	0	0	0	0	0	0	0	0	0	0	0	0	0	0	0	0	0	0	0	
448684	Occipital_Mid_L	3556	0	230	0	0	0	380	0	0	0	340	0	0	0	0	0	1090	0	242	0	0	0	0	0	0	0	0	0	1468	0	0	0	2410	0	416	0	254	0	322	0	0	0	22596	0	9878	0	17670	0	26360	0	0	0	23140	0	17938	184	6344	0	12880	0	13500	0	1278	0	16412	0	9910	110	3028	0	0	0	0	0	0	0	0	0	474	0	1004	0	0	0	20108	0	0	0	6838	0	856	198	312	0	0	0	382	0	1362	262	0	0	0	0	0	0	0	0	0	0	248	362	0	0	0	0	
251260	Occipital_Mid_R	0	434	0	0	0	0	0	0	0	0	0	172	0	0	0	0	0	0	0	838	0	0	0	0	0	0	0	0	0	0	0	0	0	550	0	724	0	0	0	0	0	0	0	13630	0	13424	0	1200	0	26098	0	0	0	12084	0	2660	0	502	0	2532	0	5258	0	176	0	18550	172	6294	0	0	0	0	0	0	0	0	0	0	0	0	0	234	0	0	0	16528	0	0	0	3570	0	0	0	0	0	0	0	0	0	0	0	0	0	0	0	0	0	0	0	0	0	0	0	0	0	0	
185548	Occipital_Inf_L	462	0	322	0	0	0	0	0	0	0	0	0	0	0	0	0	260	0	342	0	0	0	0	0	0	0	0	0	680	0	0	0	0	0	0	0	158	0	270	0	0	0	5134	0	220	0	11016	172	502	0	23140	0	0	0	22546	454	0	0	0	0	200	0	0	0	240	0	1610	0	336	0	0	0	0	0	0	0	0	0	612	0	228	0	0	0	6750	0	0	0	6992	0	2680	430	834	0	0	0	918	0	3474	590	0	0	0	0	0	0	0	0	0	0	352	850	0	0	0	0	
118440	Occipital_Inf_R	0	134	0	0	0	0	0	0	0	0	0	0	0	0	0	0	0	0	0	104	0	0	0	0	0	0	0	0	0	0	0	0	0	0	0	206	0	0	0	0	0	0	0	11538	0	4932	100	2848	0	6484	0	12084	0	0	0	7810	0	0	0	222	0	0	0	0	0	0	0	2804	0	0	0	0	0	0	0	0	0	0	0	0	0	0	0	0	0	3212	0	0	0	4906	0	156	0	0	0	0	0	0	136	696	0	0	0	0	0	0	0	0	0	0	0	848	0	0	0	0	
553564	Fusiform_L	772	0	1406	0	0	0	262	0	0	0	0	0	0	0	398	0	408	0	1070	0	482	0	0	0	0	0	0	0	5032	0	0	0	0	0	844	398	16400	368	9430	250	6150	0	5752	0	266	0	25760	1362	386	0	17938	0	22546	0	0	1730	0	0	0	0	288	0	156	0	506	0	3002	0	338	0	0	0	2110	0	0	0	1624	276	1186	0	1932	0	2668	0	5386	0	1190	0	20526	0	30104	3314	3246	256	876	140	19930	1886	40956	4340	694	0	824	0	446	234	158	0	142	180	4126	3942	200	0	190	0	
421224	Fusiform_R	106	1600	0	388	0	0	0	0	0	0	0	916	0	0	0	0	0	0	0	800	0	0	0	0	0	0	0	0	0	1692	0	0	0	0	490	2172	374	18318	326	10134	0	7110	152	9412	0	2252	1784	19896	0	2720	184	2660	454	7810	1730	0	0	942	0	0	0	0	0	0	0	0	0	4512	0	0	0	188	0	2534	0	0	192	2358	0	0	0	2720	0	3050	0	1934	0	1464	0	17904	1140	18366	232	1064	0	1128	2052	11938	3858	23672	128	0	144	1038	0	450	0	0	0	462	5428	6616	678	126	252	562	
217656	Postcentral_L	19178	0	3240	0	0	0	1118	0	0	0	1322	0	0	0	0	0	8492	0	2738	0	0	0	0	0	0	0	0	0	3960	0	0	0	1540	0	654	0	126	0	0	0	0	0	810	0	446	0	0	0	0	0	6344	0	0	0	0	0	0	0	11570	0	21394	0	10502	0	1900	0	3456	0	3600	0	1078	0	150	0	0	0	168	0	838	0	2514	0	0	0	1368	0	0	0	322	0	0	0	0	0	0	0	0	0	0	0	0	0	0	0	0	0	0	0	0	0	0	0	0	0	0	0	
216236	Postcentral_R	0	24070	1002	1274	0	0	0	692	0	0	0	9052	0	0	0	0	0	2770	1226	3742	0	0	0	0	0	0	0	0	0	1426	0	218	0	900	0	1300	0	454	0	120	0	0	0	880	0	866	0	190	0	3108	0	502	0	0	0	942	0	0	0	4780	0	6654	0	12006	0	620	160	9676	0	7098	0	258	0	1540	0	0	0	394	0	130	0	1330	0	0	0	3824	0	0	0	4914	0	0	0	0	0	0	0	0	0	0	0	0	0	0	0	0	0	0	0	0	0	0	0	0	0	0	
134892	Parietal_Sup_L	3310	0	154	0	0	0	446	0	0	0	394	0	0	0	0	0	456	0	128	0	0	0	0	0	0	0	0	0	1166	0	0	0	550	0	0	0	0	0	0	0	0	0	418	0	1550	200	0	0	8014	0	12880	0	0	0	0	0	11570	0	0	0	13674	0	464	0	2306	0	5472	1232	1098	0	0	0	0	0	0	0	0	0	0	0	330	0	0	0	1450	0	0	0	184	0	0	0	0	0	0	0	0	0	0	0	0	0	0	0	0	0	0	0	0	0	0	0	0	0	0	0	
93296	Parietal_Sup_R	0	164	0	0	0	0	0	0	0	0	0	0	0	0	0	0	0	0	0	198	0	0	0	0	0	0	0	0	0	0	0	0	0	0	0	398	0	0	0	0	0	0	0	1114	314	2854	0	0	0	9500	0	2532	0	222	0	0	0	4780	0	0	0	6352	0	3308	0	6468	326	7234	0	548	0	0	0	0	0	0	0	0	0	0	0	0	0	0	0	172	0	0	0	164	0	0	0	0	0	0	0	0	0	0	0	0	0	0	0	0	0	0	0	0	0	0	0	0	0	0	
241580	Parietal_Inf_L	5336	0	186	0	0	0	730	0	0	0	686	0	0	0	0	0	1220	0	160	0	0	0	0	0	0	0	0	0	3698	0	0	0	954	0	0	0	0	0	0	0	0	0	162	0	0	0	0	0	584	0	13500	0	200	0	288	0	21394	0	13674	0	0	0	17474	0	24882	0	1358	0	718	0	0	0	0	0	0	0	0	0	0	0	2176	0	0	0	7456	0	0	0	3954	0	0	0	0	0	0	0	0	0	0	0	0	0	0	0	0	0	0	0	0	0	0	0	0	0	0	0	
108260	Parietal_Inf_R	0	1642	0	0	0	0	0	0	0	0	0	816	0	0	0	0	0	0	0	388	0	0	0	0	0	0	0	0	0	0	0	0	0	0	0	142	0	0	0	0	0	0	0	214	0	0	0	0	0	1918	0	5258	0	0	0	0	0	6654	0	6352	0	0	0	14058	0	11088	0	1966	0	1278	0	0	0	0	0	0	0	0	0	0	0	356	0	0	0	1386	0	0	0	614	0	0	0	0	0	0	0	0	0	0	0	0	0	0	0	0	0	0	0	0	0	0	0	0	0	0	
136916	SupraMarginal_L	1048	0	142	0	0	0	0	0	0	0	0	0	0	0	0	0	2504	0	146	0	0	0	0	0	0	0	0	0	574	0	0	0	0	0	0	0	0	0	0	0	0	0	0	0	0	0	0	0	0	0	1278	0	0	0	156	0	10502	0	464	0	17474	0	0	0	9538	0	102	0	0	0	0	0	0	0	0	0	0	0	0	0	7284	0	0	0	10746	0	0	0	6500	0	0	0	0	0	0	0	0	0	0	0	0	0	0	0	0	0	0	0	0	0	0	0	0	0	0	0	
111804	SupraMarginal_R	0	2568	0	0	0	0	0	0	0	0	0	926	0	0	0	0	0	1528	0	1136	0	0	0	0	0	0	0	0	0	0	0	0	0	0	0	120	0	0	0	0	0	0	0	288	0	0	0	0	0	166	0	176	0	0	0	0	0	12006	0	3308	0	14058	0	0	0	6050	0	2350	0	1552	0	0	0	0	0	0	0	0	0	138	0	5854	0	0	0	2618	0	0	0	1060	0	0	0	0	0	0	0	0	0	0	0	0	0	0	0	0	0	0	0	0	0	0	0	0	0	0	
163612	Angular_L	1968	0	0	0	0	0	604	0	0	0	558	0	0	0	0	0	1944	0	0	0	0	0	0	0	0	0	0	0	3504	0	0	0	1112	0	0	0	0	0	0	0	0	0	102	0	0	0	0	0	0	0	16412	0	240	0	506	0	1900	0	2306	0	24882	0	9538	0	0	0	1482	0	266	0	0	0	0	0	0	0	0	0	126	0	2692	0	0	0	8494	0	0	0	3170	0	0	0	0	0	0	0	0	0	0	0	0	0	0	0	0	0	0	0	0	0	0	0	0	0	0	0	
123356	Angular_R	0	0	0	0	0	0	0	0	0	0	0	0	0	0	0	0	0	0	0	302	0	0	0	0	0	0	0	0	0	0	0	0	0	0	0	266	0	0	0	0	0	0	0	574	0	778	0	0	0	7036	0	18550	0	0	0	0	0	620	0	6468	0	11088	0	6050	0	0	0	1034	0	148	0	0	0	0	0	0	0	0	0	0	0	2574	0	0	0	5222	0	0	0	968	0	0	0	0	0	0	0	0	0	0	0	0	0	0	0	0	0	0	0	0	0	0	0	0	0	0	
248512	Precuneus_L	1246	0	0	0	0	0	284	0	0	0	0	0	0	0	0	0	746	0	392	206	0	0	0	0	0	0	0	0	676	0	0	0	7650	878	7966	2634	6290	1570	2790	1428	0	0	13202	444	8514	3710	4448	1146	6462	826	9910	172	1610	0	3002	0	3456	160	5472	326	1358	0	102	0	1482	0	0	10788	2706	0	0	0	0	0	0	0	370	490	484	0	1084	0	0	0	3888	0	0	0	2996	0	0	0	0	0	0	0	0	734	0	0	0	0	0	0	0	0	0	0	0	0	158	0	0	0	0	0	
359616	Precuneus_R	380	1384	0	0	0	0	122	0	0	0	0	204	0	0	0	0	0	0	244	7008	0	0	0	0	0	0	0	0	0	0	0	0	532	8354	2312	12310	1568	4266	312	2390	0	0	448	19286	3310	20402	188	10470	1170	10668	110	6294	0	2804	0	4512	0	9676	1232	7234	0	1966	0	2350	0	1034	10788	0	362	9034	0	0	0	0	0	0	680	396	162	0	0	160	0	0	0	5130	0	0	104	5834	0	0	0	0	0	0	0	998	0	218	0	0	0	0	0	0	0	0	0	0	1402	0	0	0	0	0	
178828	Paracentral_Lobule_L	17064	0	6944	1826	0	0	0	0	0	0	0	0	0	0	0	0	114	0	12658	5492	0	0	0	0	0	0	0	0	0	0	0	0	7302	1186	4888	336	296	0	116	0	0	0	926	0	670	0	110	0	0	0	3028	0	336	0	338	0	3600	0	1098	0	718	0	0	0	266	0	2706	362	0	592	700	2450	0	0	640	0	4814	2686	0	0	244	0	0	0	3448	0	0	0	1460	0	0	0	0	0	0	0	0	0	0	0	0	0	0	0	0	0	0	0	0	0	0	0	0	0	0	0	
83812	Paracentral_Lobule_R	0	1810	0	0	0	0	0	0	0	0	0	0	0	0	0	0	0	0	0	6836	0	0	0	0	0	0	0	0	0	0	0	0	196	4994	106	3118	0	0	0	0	0	0	0	1182	0	500	0	266	0	394	0	0	0	0	0	0	0	7098	0	548	0	1278	0	1552	0	148	0	9034	592	0	0	0	0	0	0	0	0	0	0	0	0	122	0	0	0	1106	0	0	0	1026	0	0	0	0	0	0	0	0	0	0	0	0	0	0	0	0	0	0	0	0	0	0	0	0	0	0	
272552	Caudate_L	6332	0	10528	2826	414	2142	996	994	0	0	4236	266	5270	0	3766	412	1652	244	8904	1978	5678	9290	738	1034	148	1486	3000	3728	4788	576	4136	3998	0	0	0	106	0	202	0	0	0	0	0	0	0	0	0	0	0	0	0	0	0	0	0	0	1078	0	0	0	0	0	0	0	0	0	0	0	700	0	0	10690	14496	1644	2126	348	10112	3532	0	0	1182	0	500	0	0	0	0	0	0	0	0	0	0	0	0	0	0	0	0	0	0	0	0	0	0	0	0	0	0	0	0	0	0	0	0	0	
386764	Caudate_R	1312	558	4376	20528	0	2084	116	2342	0	470	3254	2312	2908	1322	1248	1580	1012	292	7262	22708	1900	5666	490	3748	0	1934	1092	2484	2964	2928	1296	22982	178	2044	102	196	104	880	0	488	0	226	0	0	0	0	0	0	0	0	0	0	0	0	0	188	0	258	0	0	0	0	0	0	0	0	0	0	2450	0	10690	0	4502	20898	290	3096	2680	19752	0	0	820	0	372	0	0	0	0	0	0	0	0	0	0	0	0	0	0	0	0	0	0	0	0	0	0	0	0	0	0	0	0	0	0	0	0	0	
339644	Putamen_L	3778	0	28330	766	3546	1382	3130	588	2034	0	624	0	6184	0	10410	312	706	0	14230	362	2922	5390	5184	706	212	1078	1542	2522	18396	0	7102	2356	0	0	0	0	8664	0	1866	0	470	0	0	0	0	0	0	0	0	0	0	0	0	0	2110	0	150	0	0	0	0	0	0	0	0	0	0	0	0	0	14496	4502	0	1036	6278	194	3132	0	146	0	554	0	1018	0	0	0	0	0	1414	0	0	0	0	0	0	0	0	0	0	0	0	0	0	0	0	0	0	0	0	0	0	0	0	0	0	0	
337532	Putamen_R	266	2576	1606	20228	0	4330	0	5722	0	0	0	5360	242	866	158	1372	0	3020	5492	13790	460	1204	368	6300	0	3648	0	1180	228	15854	590	14016	0	1746	138	200	106	13150	0	6662	0	516	0	0	0	0	0	0	0	0	0	0	0	0	0	2534	0	1540	0	0	0	0	0	0	0	0	0	0	0	0	1644	20898	1036	0	0	3048	136	4636	0	288	0	360	0	712	0	0	0	0	0	424	0	0	0	0	0	0	0	116	0	0	0	0	0	0	0	0	0	0	0	0	0	0	0	0	0	0	
63476	Pallidum_L	2480	0	8520	0	0	0	262	0	0	0	0	0	0	0	0	0	0	0	7102	0	0	162	0	0	0	0	0	0	112	0	0	0	0	0	0	0	1282	0	0	0	0	0	0	0	0	0	0	0	0	0	0	0	0	0	0	0	0	0	0	0	0	0	0	0	0	0	0	0	640	0	2126	290	6278	0	0	0	2326	158	0	0	0	0	0	0	0	0	0	0	0	0	0	0	0	0	0	0	0	0	0	0	0	0	0	0	0	0	0	0	0	0	0	0	0	0	0	0	
27848	Pallidum_R	128	110	762	1430	0	0	0	0	0	0	0	0	0	0	0	0	0	0	1324	1834	0	246	0	0	0	0	0	0	0	0	0	0	0	0	0	0	0	456	0	402	0	0	0	0	0	0	0	0	0	0	0	0	0	0	0	0	0	0	0	0	0	0	0	0	0	0	0	0	0	0	348	3096	194	3048	0	0	0	546	0	0	0	0	0	0	0	0	0	0	0	0	0	0	0	0	0	0	0	0	0	0	0	0	0	0	0	0	0	0	0	0	0	0	0	0	0	0	
307600	Thalamus_L	16538	0	12760	3506	0	0	1370	0	0	0	812	0	256	0	264	0	418	0	11670	3620	0	0	0	0	0	0	0	0	3420	0	0	114	0	0	6262	8140	12468	7118	4108	4406	0	152	0	0	0	0	2012	1058	0	0	0	0	0	0	1624	192	168	0	0	0	0	0	0	0	0	0	370	680	4814	0	10112	2680	3132	136	2326	0	0	21186	1372	0	710	0	0	0	320	0	0	0	2782	0	0	0	0	0	0	0	0	432	0	0	0	0	0	0	0	0	0	0	0	0	292	0	0	0	0	0	
332152	Thalamus_R	3772	872	1760	18590	0	0	420	524	0	0	192	812	0	178	0	0	0	134	2374	20512	178	190	0	0	0	0	118	0	412	844	0	180	0	0	8116	10160	4400	15690	2280	10240	0	636	0	0	0	0	1236	1836	0	0	0	0	0	0	276	2358	0	394	0	0	0	0	0	0	0	0	490	396	2686	0	3532	19752	0	4636	158	546	21186	0	566	0	196	0	0	0	112	0	0	0	342	736	0	0	0	0	0	0	0	1058	0	0	0	0	0	0	0	0	0	0	0	0	0	0	0	0	0	0	
87564	Heschl_L	1854	0	2884	0	0	0	1542	0	0	0	830	0	0	0	0	0	4384	0	2596	0	0	0	0	0	0	0	0	0	9672	0	0	0	0	0	1370	948	1638	764	218	544	0	0	310	0	102	0	290	168	0	0	474	0	612	0	1186	0	838	0	0	0	0	0	0	0	126	0	484	162	0	0	0	0	146	0	0	0	1372	566	0	0	2554	0	0	0	2218	0	0	0	2810	0	0	0	0	0	0	0	0	120	0	0	0	0	0	0	0	0	0	0	0	0	0	0	0	0	0	0	
15276	Heschl_R	0	148	0	0	0	0	0	0	0	0	0	134	0	0	0	0	0	640	0	128	0	0	0	0	0	0	0	0	0	946	0	0	0	0	0	0	0	0	0	0	0	0	0	0	0	0	0	0	0	0	0	0	0	0	0	0	0	130	0	0	0	0	0	138	0	0	0	0	0	0	0	0	0	288	0	0	0	0	0	0	0	3100	0	402	0	1342	0	0	0	242	0	0	0	0	0	0	0	0	0	0	0	0	0	0	0	0	0	0	0	0	0	0	0	0	0	0	
298968	Temporal_Sup_L	3202	0	8770	100	0	0	5858	0	0	0	7208	122	0	0	0	0	19872	0	5304	0	0	0	154	148	0	0	0	0	13672	114	0	448	308	0	594	360	2702	358	736	292	0	0	402	0	0	0	306	174	0	0	1004	0	228	0	1932	0	2514	0	330	0	2176	0	7284	0	2692	0	1084	0	244	0	1182	820	554	0	0	0	710	196	2554	0	0	0	5846	0	27010	0	0	0	19794	0	0	0	0	0	0	0	0	126	0	0	0	0	0	0	0	0	0	0	0	0	0	0	0	0	0	0	
82368	Temporal_Sup_R	0	454	0	280	0	0	0	172	0	0	0	378	0	0	0	0	0	2104	0	956	0	0	0	0	0	0	0	0	0	4378	0	0	0	0	0	0	0	1290	0	218	0	0	0	0	0	0	0	0	0	0	0	234	0	0	0	2720	0	1330	0	0	0	356	0	5854	0	2574	0	160	0	122	0	0	0	360	0	0	0	0	0	3100	0	0	0	3196	0	8610	0	0	0	2338	0	0	0	0	0	0	0	0	0	0	0	0	0	0	0	0	0	0	0	0	0	0	0	0	0	0	
128160	Temporal_Pole_Sup_L	0	0	2976	0	1006	0	630	0	904	0	4514	0	506	0	2970	0	4032	0	2308	102	524	0	562	0	0	0	0	0	7468	0	0	0	0	0	0	0	1428	0	314	0	1188	0	0	0	0	0	0	0	0	0	0	0	0	0	2668	0	0	0	0	0	0	0	0	0	0	0	0	0	0	0	500	372	1018	0	0	0	0	0	0	0	5846	0	0	0	9176	0	2660	0	10408	0	0	0	0	0	0	0	0	0	0	0	0	0	0	0	0	0	0	0	0	0	0	0	0	0	0	0	
37056	Temporal_Pole_Sup_R	0	0	0	0	0	0	0	0	0	0	0	112	0	0	0	102	0	270	0	0	0	0	0	0	0	0	0	0	0	2018	0	0	0	0	0	0	0	688	0	1136	0	1572	0	0	0	0	0	0	0	0	0	0	0	0	0	3050	0	0	0	0	0	0	0	0	0	0	0	0	0	0	0	0	0	712	0	0	0	0	0	402	0	3196	0	0	0	1408	0	1358	0	2504	0	0	0	0	0	0	0	0	0	0	0	0	0	0	0	0	0	0	0	0	0	0	0	0	0	0	
363836	Temporal_Mid_L	4230	0	776	0	0	0	450	0	0	0	0	0	0	0	0	0	2384	0	786	0	0	0	0	0	0	0	0	0	3580	0	0	0	1378	0	322	182	800	180	0	134	238	0	5306	0	1016	0	648	0	234	0	20108	0	6750	0	5386	0	1368	0	1450	0	7456	0	10746	0	8494	0	3888	0	3448	0	0	0	0	0	0	0	320	112	2218	0	27010	0	9176	0	0	0	3154	0	48026	0	164	0	0	0	0	0	0	0	0	0	0	0	0	0	0	0	0	0	0	0	0	0	0	0	0	0	
197600	Temporal_Mid_R	0	1328	110	226	0	0	0	0	0	0	0	468	0	0	0	0	0	0	116	2580	0	0	0	0	0	0	0	0	0	966	0	0	0	422	0	436	0	274	0	0	0	0	0	6600	0	3926	0	562	0	5398	0	16528	0	3212	0	1934	0	3824	0	172	0	1386	0	2618	0	5222	0	5130	0	1106	0	0	0	0	0	0	0	0	0	1342	0	8610	0	1408	0	0	0	408	0	22488	0	0	0	0	0	0	0	0	0	0	0	0	0	0	0	0	0	0	0	0	0	0	0	0	0	0	
20708	Temporal_Pole_Mid_L	0	0	0	0	0	0	0	0	0	0	0	0	0	0	0	0	0	0	0	0	0	0	0	0	0	0	0	0	0	0	0	0	0	0	0	0	0	0	0	0	0	0	0	0	0	0	0	0	0	0	0	0	0	0	1190	0	0	0	0	0	0	0	0	0	0	0	0	0	0	0	0	0	0	0	0	0	0	0	0	0	0	0	2660	0	3154	0	0	0	3350	0	0	0	0	0	0	0	0	0	0	0	0	0	0	0	0	0	0	0	0	0	0	0	0	0	0	0	
10604	Temporal_Pole_Mid_R	0	0	0	0	0	0	0	0	0	0	0	0	0	0	0	0	0	0	0	0	0	0	0	0	0	0	0	0	0	0	0	0	0	0	0	0	0	128	0	456	0	362	0	0	0	0	0	0	0	0	0	0	0	0	0	1464	0	0	0	0	0	0	0	0	0	0	0	0	0	0	0	0	0	0	0	0	0	0	0	0	0	0	0	1358	0	408	0	0	0	1126	0	0	0	0	0	0	0	0	0	0	0	0	0	0	0	0	0	0	0	0	0	0	0	0	0	0	
364832	Temporal_Inf_L	2154	0	1316	0	0	0	248	0	0	0	0	0	0	0	0	0	1788	0	1056	0	0	0	0	0	0	0	0	0	6184	0	0	0	1090	0	1046	518	12330	502	3466	420	2070	0	2028	0	444	0	1126	176	110	0	6838	0	6992	0	20526	0	322	0	184	0	3954	0	6500	0	3170	0	2996	104	1460	0	0	0	1414	0	0	0	2782	342	2810	0	19794	0	10408	0	48026	0	3350	0	0	0	1898	0	0	0	0	0	0	142	332	0	0	0	0	0	0	0	0	0	0	0	0	0	0	0	0	0	
218396	Temporal_Inf_R	0	4894	116	584	0	0	0	108	0	0	0	1916	0	104	0	0	0	0	122	3282	0	0	0	0	0	0	0	0	0	1554	0	0	0	0	0	3642	0	7352	0	1056	0	1618	0	6370	0	960	0	2706	0	960	0	3570	0	4906	0	17904	0	4914	0	164	0	614	0	1060	0	968	0	5834	0	1026	0	0	0	424	0	0	0	736	0	242	0	2338	0	2504	0	22488	0	1126	0	0	0	670	0	0	0	0	0	0	0	366	0	0	0	0	0	0	0	0	0	0	0	0	0	0	0	0	
466940	Cerebelum_Crus1_L	0	0	0	0	0	0	0	0	0	0	0	0	0	0	0	0	0	0	0	0	0	0	0	0	0	0	0	0	0	0	0	0	0	0	0	0	0	0	152	0	0	0	0	0	0	0	9662	1070	0	0	856	0	2680	0	30104	1140	0	0	0	0	0	0	0	0	0	0	0	0	0	0	0	0	0	0	0	0	0	0	0	0	0	0	0	0	164	0	0	0	1898	0	0	4128	37630	1464	1478	358	18876	1700	59240	4888	16004	216	17388	1298	2508	1200	406	0	370	582	3520	6056	3516	1548	1042	328	
613192	Cerebelum_Crus1_R	0	0	0	0	0	0	0	0	0	0	0	0	0	0	0	0	0	0	0	0	0	0	0	0	0	0	0	0	0	0	0	0	0	0	0	0	0	122	0	406	0	0	0	122	0	0	1144	7164	0	0	198	0	430	156	3314	18366	0	0	0	0	0	0	0	0	0	0	0	0	0	0	0	0	0	0	0	0	0	0	0	0	0	0	0	0	0	0	0	0	0	670	4128	0	2450	46728	256	6146	6778	27866	7664	72156	2064	9304	3194	31526	940	5356	0	492	1256	3714	14160	10136	11658	3212	2910	410	
365632	Cerebelum_Crus2_L	0	0	0	0	0	0	0	0	0	0	0	0	0	0	0	0	0	0	0	0	0	0	0	0	0	0	0	0	0	0	0	0	0	0	0	0	0	0	0	0	0	0	0	0	0	0	2714	274	0	0	312	0	834	0	3246	232	0	0	0	0	0	0	0	0	0	0	0	0	0	0	0	0	0	0	0	0	0	0	0	0	0	0	0	0	0	0	0	0	0	0	37630	2450	0	7704	362	148	1656	284	10116	1556	47062	4050	36354	6110	1828	852	186	0	126	186	300	1802	8494	5234	606	108	
400820	Cerebelum_Crus2_R	0	0	0	0	0	0	0	0	0	0	0	0	0	0	0	0	0	0	0	0	0	0	0	0	0	0	0	0	0	0	0	0	0	0	0	0	0	0	0	0	0	0	0	0	0	0	0	348	0	0	0	0	0	0	256	1064	0	0	0	0	0	0	0	0	0	0	0	0	0	0	0	0	0	0	0	0	0	0	0	0	0	0	0	0	0	0	0	0	0	0	1464	46728	7704	0	122	1026	482	3220	1296	12828	5838	27106	8002	45892	1656	6114	0	370	260	694	1000	2598	14734	6312	2890	406	
61268	Cerebelum_3_L	0	0	0	0	0	0	0	0	0	0	0	0	0	0	0	0	0	0	0	0	0	0	0	0	0	0	0	0	0	0	0	0	0	0	0	0	0	0	516	0	0	0	0	0	0	0	518	148	0	0	0	0	0	0	876	0	0	0	0	0	0	0	0	0	0	0	0	0	0	0	0	0	0	0	0	0	0	0	0	0	0	0	0	0	0	0	0	0	0	0	1478	256	362	122	0	334	8616	198	4202	388	230	0	578	106	2586	870	396	0	1214	2218	1700	1312	104	108	824	374	
104944	Cerebelum_3_R	0	0	0	0	0	0	0	0	0	0	0	0	0	0	0	0	0	0	0	0	0	0	0	0	0	0	0	0	0	0	0	0	0	0	0	0	112	0	0	0	0	0	0	0	0	0	106	262	0	0	0	0	0	0	140	1128	0	0	0	0	0	0	0	0	0	0	0	0	0	0	0	0	0	0	0	0	0	0	0	0	0	0	0	0	0	0	0	0	0	0	358	6146	148	1026	334	0	1162	8072	1596	8934	0	190	128	1772	724	2244	0	0	2482	7150	2618	1796	1072	734	2038	0	
362968	Cerebelum_4_5_L	0	0	0	0	0	0	0	0	0	0	0	0	0	0	0	0	0	0	0	0	0	0	0	0	0	0	0	0	0	0	0	0	0	0	0	0	254	0	958	0	0	0	0	0	0	0	13606	3566	0	0	382	0	918	0	19930	2052	0	0	0	0	0	0	0	0	0	0	0	0	0	0	0	0	0	0	0	0	0	0	0	0	0	0	0	0	0	0	0	0	0	0	18876	6778	1656	482	8616	1162	0	8740	40318	9282	1488	0	3084	362	5026	1452	928	0	2748	3824	17648	4216	656	294	1408	774	
347428	Cerebelum_4_5_R	644	0	0	0	0	0	102	0	0	0	0	0	0	0	0	0	0	0	0	0	0	0	0	0	0	0	0	0	0	0	0	0	0	0	1432	1944	1426	2886	276	3754	0	0	0	204	0	0	1190	11256	0	0	0	0	0	0	1886	11938	0	0	0	0	0	0	0	0	0	0	734	998	0	0	0	0	0	116	0	0	432	1058	120	0	126	0	0	0	0	0	0	0	142	0	1700	27866	284	3220	198	8072	8740	0	5132	38856	226	720	244	4514	206	1136	0	0	1232	4460	18832	1904	1304	678	896	630	
539548	Cerebelum_6_L	0	0	0	0	0	0	0	0	0	0	0	0	0	0	0	0	0	0	0	0	0	0	0	0	0	0	0	0	0	0	0	0	0	0	0	0	0	0	590	0	0	0	0	0	0	0	18092	3796	0	0	1362	0	3474	136	40956	3858	0	0	0	0	0	0	0	0	0	0	0	0	0	0	0	0	0	0	0	0	0	0	0	0	0	0	0	0	0	0	0	0	332	0	59240	7664	10116	1296	4202	1596	40318	5132	0	10982	4288	0	5688	766	4962	3694	698	0	1600	2474	11248	14092	1884	892	3230	1116	
570920	Cerebelum_6_R	0	0	0	0	0	0	0	0	0	0	0	0	0	0	0	0	0	0	0	0	0	0	0	0	0	0	0	0	0	0	0	0	0	0	0	108	0	472	0	756	0	0	0	180	0	0	2234	11338	0	0	262	0	590	696	4340	23672	0	0	0	0	0	0	0	0	0	0	0	218	0	0	0	0	0	0	0	0	0	0	0	0	0	0	0	0	0	0	0	0	0	366	4888	72156	1556	12828	388	8934	9282	38856	10982	0	1210	1876	1750	12504	1056	3950	0	442	2070	5380	20254	15638	8384	2236	2992	616	
292168	Cerebelum_7b_L	0	0	0	0	0	0	0	0	0	0	0	0	0	0	0	0	0	0	0	0	0	0	0	0	0	0	0	0	0	0	0	0	0	0	0	0	0	0	0	0	0	0	0	0	0	0	178	0	0	0	0	0	0	0	694	128	0	0	0	0	0	0	0	0	0	0	0	0	0	0	0	0	0	0	0	0	0	0	0	0	0	0	0	0	0	0	0	0	0	0	16004	2064	47062	5838	230	0	1488	226	4288	1210	0	3598	39596	5384	3548	792	638	0	0	100	184	498	6160	5682	494	0	
180124	Cerebelum_7b_R	0	0	0	0	0	0	0	0	0	0	0	0	0	0	0	0	0	0	0	0	0	0	0	0	0	0	0	0	0	0	0	0	0	0	0	0	0	0	0	0	0	0	0	0	0	0	0	0	0	0	0	0	0	0	0	0	0	0	0	0	0	0	0	0	0	0	0	0	0	0	0	0	0	0	0	0	0	0	0	0	0	0	0	0	0	0	0	0	0	0	216	9304	4050	27106	0	190	0	720	0	1876	3598	0	3016	27066	282	4564	0	0	0	178	0	170	3550	3410	766	0	
354976	Cerebelum_8_L	0	0	0	0	0	0	0	0	0	0	0	0	0	0	0	0	0	0	0	0	0	0	0	0	0	0	0	0	0	0	0	0	0	0	0	0	0	0	0	0	0	0	0	0	0	0	362	118	0	0	0	0	0	0	824	144	0	0	0	0	0	0	0	0	0	0	0	0	0	0	0	0	0	0	0	0	0	0	0	0	0	0	0	0	0	0	0	0	0	0	17388	3194	36354	8002	578	128	3084	244	5688	1750	39596	3016	0	9674	17860	2524	3612	0	110	160	296	702	9800	9452	2682	146	
414280	Cerebelum_8_R	0	0	0	0	0	0	0	0	0	0	0	0	0	0	0	0	0	0	0	0	0	0	0	0	0	0	0	0	0	0	0	0	0	0	0	0	0	0	0	118	0	0	0	0	0	0	0	110	0	0	0	0	0	0	0	1038	0	0	0	0	0	0	0	0	0	0	0	0	0	0	0	0	0	0	0	0	0	0	0	0	0	0	0	0	0	0	0	0	0	0	1298	31526	6110	45892	106	1772	362	4514	766	12504	5384	27066	9674	0	2046	22378	0	752	512	1334	1096	1838	11078	11854	5326	686	
146116	Cerebelum_9_L	0	0	0	0	0	0	0	0	0	0	0	0	0	0	0	0	0	0	0	0	0	0	0	0	0	0	0	0	0	0	0	0	0	0	0	0	0	0	0	0	0	0	0	0	0	0	154	0	0	0	0	0	0	0	446	0	0	0	0	0	0	0	0	0	0	0	0	0	0	0	0	0	0	0	0	0	0	0	0	0	0	0	0	0	0	0	0	0	0	0	2508	940	1828	1656	2586	724	5026	206	4962	1056	3548	282	17860	2046	0	3636	5408	0	602	1022	1752	4228	2552	2354	4416	1260	
191996	Cerebelum_9_R	0	0	0	0	0	0	0	0	0	0	0	0	0	0	0	0	0	0	0	0	0	0	0	0	0	0	0	0	0	0	0	0	0	0	0	0	0	0	0	0	0	0	0	0	0	0	0	390	0	0	0	0	0	0	234	450	0	0	0	0	0	0	0	0	0	0	0	0	0	0	0	0	0	0	0	0	0	0	0	0	0	0	0	0	0	0	0	0	0	0	1200	5356	852	6114	870	2244	1452	1136	3694	3950	792	4564	2524	22378	3636	0	0	1134	1280	2656	1690	6074	3660	5530	9660	2478	
25120	Cerebelum_10_L	0	0	0	0	0	0	0	0	0	0	0	0	0	0	0	0	0	0	0	0	0	0	0	0	0	0	0	0	0	0	0	0	0	0	0	0	0	0	0	0	0	0	0	0	0	0	0	0	0	0	0	0	0	0	158	0	0	0	0	0	0	0	0	0	0	0	0	0	0	0	0	0	0	0	0	0	0	0	0	0	0	0	0	0	0	0	0	0	0	0	406	0	186	0	396	0	928	0	698	0	638	0	3612	0	5408	0	0	0	0	0	0	0	0	0	130	0	
6660	Cerebelum_10_R	0	0	0	0	0	0	0	0	0	0	0	0	0	0	0	0	0	0	0	0	0	0	0	0	0	0	0	0	0	0	0	0	0	0	0	0	0	0	0	0	0	0	0	0	0	0	0	0	0	0	0	0	0	0	0	0	0	0	0	0	0	0	0	0	0	0	0	0	0	0	0	0	0	0	0	0	0	0	0	0	0	0	0	0	0	0	0	0	0	0	0	492	0	370	0	0	0	0	0	442	0	0	0	752	0	1134	0	0	0	0	0	0	140	0	0	0	
62232	Vermis_1_2	0	0	0	0	0	0	0	0	0	0	0	0	0	0	0	0	0	0	0	0	0	0	0	0	0	0	0	0	0	0	0	0	0	0	0	0	0	0	0	0	0	0	0	0	0	0	0	240	0	0	0	0	0	0	142	0	0	0	0	0	0	0	0	0	0	0	0	0	0	0	0	0	0	0	0	0	0	0	0	0	0	0	0	0	0	0	0	0	0	0	370	1256	126	260	1214	2482	2748	1232	1600	2070	0	0	110	512	602	1280	0	0	0	7112	3764	1550	656	584	1206	0	
114864	Vermis_3	0	0	0	0	0	0	0	0	0	0	0	0	0	0	0	0	0	0	0	0	0	0	0	0	0	0	0	0	0	0	0	0	0	0	0	0	490	0	192	0	0	0	0	0	0	0	410	300	0	0	0	0	0	0	180	462	0	0	0	0	0	0	0	0	0	0	0	0	0	0	0	0	0	0	0	0	0	0	0	0	0	0	0	0	0	0	0	0	0	0	582	3714	186	694	2218	7150	3824	4460	2474	5380	100	178	160	1334	1022	2656	0	0	7112	0	5694	2400	1010	836	2214	0	
288696	Vermis_4_5	0	0	0	0	0	0	0	0	0	0	0	0	0	0	0	0	0	0	0	0	0	0	0	0	0	0	0	0	0	0	0	0	0	0	462	1190	480	578	0	162	0	0	0	630	0	206	2932	8428	0	0	248	0	352	0	4126	5428	0	0	0	0	0	0	0	0	0	0	158	1402	0	0	0	0	0	0	0	0	292	0	0	0	0	0	0	0	0	0	0	0	0	0	3520	14160	300	1000	1700	2618	17648	18832	11248	20254	184	0	296	1096	1752	1690	0	0	3764	5694	0	6932	1014	420	1372	1780	
242564	Vermis_6	0	0	0	0	0	0	0	0	0	0	0	0	0	0	0	0	0	0	0	0	0	0	0	0	0	0	0	0	0	0	0	0	0	0	0	0	0	0	0	0	0	0	0	0	0	0	2996	6112	0	0	362	0	850	848	3942	6616	0	0	0	0	0	0	0	0	0	0	0	0	0	0	0	0	0	0	0	0	0	0	0	0	0	0	0	0	0	0	0	0	0	0	6056	10136	1802	2598	1312	1796	4216	1904	14092	15638	498	170	702	1838	4228	6074	0	0	1550	2400	6932	0	4640	2114	5548	3312	
