data	data	483536	292944	1.12104e+06	1.05335e+06	243480	230692	530528	392544	92860	73988	295408	205652	324492	293368	198500	187564	339764	155484	749384	782724	87980	113860	514444	638092	78740	126536	76560	47664	739492	561460	530976	749216	277112	630244	207052	249184	281276	373868	177148	300632	33780	76972	380164	399592	245980	364544	475708	467636	215388	338064	645796	386364	204724	133424	544992	583368	339892	186796	108640	101568	215392	93896	135744	97940	110024	123060	329048	424528	143616	218976	327820	602276	431296	328620	94260	58292	217524	251092	106304	41400	281480	168724	75564	122224	414052	337464	32452	60896	322672	257844	501412	361584	276144	283564	26408	74052	327512	210212	527616	434280	276884	187016	376488	302228	188784	195292	62136	29856	30124	81008	204292	236872	185728	181516	131772	27108	
data	data	Precentral_L	Precentral_R	Frontal_Sup_L	Frontal_Sup_R	Frontal_Sup_Orb_L	Frontal_Sup_Orb_R	Frontal_Mid_L	Frontal_Mid_R	Frontal_Mid_Orb_L	Frontal_Mid_Orb_R	Frontal_Inf_Oper_L	Frontal_Inf_Oper_R	Frontal_Inf_Tri_L	Frontal_Inf_Tri_R	Frontal_Inf_Orb_L	Frontal_Inf_Orb_R	Rolandic_Oper_L	Rolandic_Oper_R	Supp_Motor_Area_L	Supp_Motor_Area_R	Olfactory_L	Olfactory_R	Frontal_Sup_Medial_L	Frontal_Sup_Medial_R	Frontal_Med_Orb_L	Frontal_Med_Orb_R	Rectus_L	Rectus_R	Insula_L	Insula_R	Cingulum_Ant_L	Cingulum_Ant_R	Cingulum_Mid_L	Cingulum_Mid_R	Cingulum_Post_L	Cingulum_Post_R	Hippocampus_L	Hippocampus_R	ParaHippocampal_L	ParaHippocampal_R	Amygdala_L	Amygdala_R	Calcarine_L	Calcarine_R	Cuneus_L	Cuneus_R	Lingual_L	Lingual_R	Occipital_Sup_L	Occipital_Sup_R	Occipital_Mid_L	Occipital_Mid_R	Occipital_Inf_L	Occipital_Inf_R	Fusiform_L	Fusiform_R	Postcentral_L	Postcentral_R	Parietal_Sup_L	Parietal_Sup_R	Parietal_Inf_L	Parietal_Inf_R	SupraMarginal_L	SupraMarginal_R	Angular_L	Angular_R	Precuneus_L	Precuneus_R	Paracentral_Lobule_L	Paracentral_Lobule_R	Caudate_L	Caudate_R	Putamen_L	Putamen_R	Pallidum_L	Pallidum_R	Thalamus_L	Thalamus_R	Heschl_L	Heschl_R	Temporal_Sup_L	Temporal_Sup_R	Temporal_Pole_Sup_L	Temporal_Pole_Sup_R	Temporal_Mid_L	Temporal_Mid_R	Temporal_Pole_Mid_L	Temporal_Pole_Mid_R	Temporal_Inf_L	Temporal_Inf_R	Cerebelum_Crus1_L	Cerebelum_Crus1_R	Cerebelum_Crus2_L	Cerebelum_Crus2_R	Cerebelum_3_L	Cerebelum_3_R	Cerebelum_4_5_L	Cerebelum_4_5_R	Cerebelum_6_L	Cerebelum_6_R	Cerebelum_7b_L	Cerebelum_7b_R	Cerebelum_8_L	Cerebelum_8_R	Cerebelum_9_L	Cerebelum_9_R	Cerebelum_10_L	Cerebelum_10_R	Vermis_1_2	Vermis_3	Vermis_4_5	Vermis_6	Vermis_7	Vermis_8	Vermis_9	Vermis_10	
483536	Precentral_L	0	5128	21266	1562	148	0	31598	474	0	0	21874	0	4880	0	188	0	17670	136	8160	4552	0	0	188	258	0	0	0	0	16654	304	638	516	1094	2722	4126	2828	2018	780	456	338	0	0	1720	0	230	0	154	104	182	0	6772	0	906	0	746	300	34866	0	178	0	2218	0	734	0	504	0	906	164	12180	3706	1682	618	2654	264	702	0	3640	942	2520	0	3624	0	94	0	5514	0	0	0	2248	140	0	0	0	0	0	0	0	0	0	0	0	0	0	0	0	0	0	0	0	0	0	0	0	0	0	0	
292944	Precentral_R	5128	0	2108	8582	0	346	1428	5340	0	0	110	8004	0	1680	0	282	84	4334	4474	12994	0	0	0	772	0	0	0	0	190	3780	228	1010	938	3616	670	2318	680	2528	422	642	0	0	86	1982	0	326	180	610	0	496	84	3610	0	258	236	926	2832	10420	0	96	138	640	0	2108	0	300	94	670	1710	14404	1790	4274	696	1158	434	350	4956	7996	0	492	0	1234	0	0	0	5922	0	0	0	2276	0	0	0	0	0	0	0	0	0	0	0	0	0	0	0	0	0	0	0	0	0	0	0	0	0	0	
1.12104e+06	Frontal_Sup_L	21266	2108	0	21764	13962	192	71184	2996	3294	0	13474	308	20776	1592	9052	152	14288	156	83554	28058	260	256	43032	11332	1288	156	2996	0	38960	2156	24376	12528	6430	16716	1384	2878	3156	2140	716	648	0	0	94	0	0	0	178	178	0	0	490	0	136	0	1074	564	6930	0	0	0	334	0	576	0	0	0	126	252	536	546	13222	2834	26960	830	4828	452	7748	3124	1250	92	2598	196	380	0	1386	146	0	0	2492	268	0	0	0	0	0	0	0	116	0	0	0	0	0	0	0	0	0	0	0	0	0	0	0	0	0	0	
1.05335e+06	Frontal_Sup_R	1562	8582	21764	0	708	9756	2940	54230	0	1930	1436	9506	1280	21650	606	6030	850	3030	21600	65012	130	786	19060	56790	460	2838	200	132	1688	26984	14122	50156	3106	19290	598	1620	298	4396	152	2050	0	176	0	0	0	0	84	266	0	0	0	208	0	0	0	1480	296	1456	0	0	0	142	0	280	0	156	0	120	0	668	6604	38574	2060	12950	1220	2176	2138	14920	0	238	0	598	0	230	0	1192	0	0	0	1116	0	0	0	0	0	0	0	0	0	0	0	0	0	0	0	0	0	0	0	0	0	0	0	0	0	0	
243480	Frontal_Sup_Orb_L	148	0	13962	708	0	532	2984	190	13328	0	594	0	2840	0	12030	0	166	0	1606	312	3482	512	7878	2134	7360	1490	8316	0	11958	0	7450	1770	0	92	0	0	828	0	84	0	552	0	0	0	0	0	0	0	0	0	0	0	0	0	334	0	0	0	0	0	0	0	0	0	0	0	0	0	0	0	2032	1406	12602	384	284	0	0	0	0	0	440	0	164	0	232	0	0	0	556	0	0	0	0	0	0	0	0	0	0	0	0	0	0	0	0	0	0	0	0	0	0	0	0	0	0	0	
230692	Frontal_Sup_Orb_R	0	346	192	9756	532	0	0	4470	0	12096	0	1160	0	1782	0	8928	0	256	96	1174	112	1578	1372	10014	826	13444	164	5778	0	4584	2210	10132	0	228	0	152	0	626	0	310	0	100	0	0	0	0	0	0	0	0	0	0	0	0	0	302	0	0	0	0	0	0	0	0	0	0	0	0	0	0	342	13544	156	6994	0	242	170	850	0	0	0	0	0	120	0	98	0	0	0	110	0	0	0	0	0	0	0	0	0	0	0	0	0	0	0	0	0	0	0	0	0	0	0	0	0	0	
530528	Frontal_Mid_L	31598	1428	71184	2940	2984	0	0	588	2954	0	19196	0	32452	468	6094	0	11238	0	6764	1920	0	0	14122	2824	0	0	0	0	22212	592	6574	2088	1248	2202	574	1196	732	776	210	230	0	0	0	0	0	0	88	84	0	0	146	0	0	0	192	170	6466	0	0	0	0	0	86	0	0	0	84	112	0	738	850	256	1892	98	260	0	2760	1088	630	0	1298	0	178	0	270	0	0	0	130	0	0	0	0	0	0	0	0	0	0	0	0	0	0	0	0	0	0	0	0	0	0	0	0	0	0	0	
392544	Frontal_Mid_R	474	5340	2996	54230	190	4470	588	0	0	3572	404	13190	222	28892	144	6832	368	902	2262	3946	0	0	3556	12218	88	618	104	0	362	16404	2212	11340	498	3666	0	174	0	674	0	340	0	0	0	0	0	0	0	0	0	0	0	0	0	0	0	282	0	466	0	0	0	0	0	0	0	0	0	0	0	0	1254	8192	252	2776	0	86	170	1098	0	0	0	94	0	0	0	162	0	0	0	164	0	0	0	0	0	0	0	0	0	0	0	0	0	0	0	0	0	0	0	0	0	0	0	0	0	0	
92860	Frontal_Mid_Orb_L	0	0	3294	0	13328	0	2954	0	0	0	0	0	1496	0	12798	0	0	0	118	0	532	130	0	0	0	0	278	0	5898	0	0	0	0	0	0	0	362	0	0	0	144	0	0	0	0	0	0	0	0	0	0	0	0	0	174	0	0	0	0	0	0	0	0	0	0	0	0	0	0	0	258	132	3424	0	144	0	0	0	0	0	288	0	98	0	170	0	0	0	410	0	0	0	0	0	0	0	0	0	0	0	0	0	0	0	0	0	0	0	0	0	0	0	0	0	0	0	
73988	Frontal_Mid_Orb_R	0	0	0	1930	0	12096	0	3572	0	0	0	130	0	1406	0	10080	0	0	0	234	0	0	0	478	0	1214	0	506	0	2164	0	482	0	0	0	0	0	0	0	0	0	0	0	0	0	0	0	0	0	0	0	0	0	0	0	0	0	0	0	0	0	0	0	0	0	0	0	0	0	0	0	1378	0	1324	0	0	0	0	0	0	0	0	0	0	0	0	0	0	0	0	0	0	0	0	0	0	0	0	0	0	0	0	0	0	0	0	0	0	0	0	0	0	0	0	0	0	
295408	Frontal_Inf_Oper_L	21874	110	13474	1436	594	0	19196	404	0	0	0	0	19086	0	2078	0	16052	0	6152	1510	0	0	940	286	0	0	0	0	20956	150	2012	1104	312	960	122	0	316	0	0	0	0	0	0	0	0	0	0	0	0	0	0	0	0	0	0	0	10006	0	0	0	0	0	90	0	0	0	0	0	0	0	776	248	1410	138	282	0	204	0	888	0	2194	0	1826	0	370	0	0	0	148	0	0	0	0	0	0	0	0	0	0	0	0	0	0	0	0	0	0	0	0	0	0	0	0	0	0	0	
205652	Frontal_Inf_Oper_R	0	8004	308	9506	0	1160	0	13190	0	130	0	0	0	18012	0	1790	0	6358	406	1884	0	0	570	4626	0	0	0	0	0	14666	498	7434	0	548	0	0	0	342	0	100	0	0	0	0	0	0	0	0	0	0	0	0	0	0	0	108	0	2818	0	0	0	0	0	350	0	0	0	0	0	0	176	5770	0	838	0	110	0	726	0	584	0	876	0	938	0	0	0	0	0	0	0	0	0	0	0	0	0	0	0	0	0	0	0	0	0	0	0	0	0	0	0	0	0	0	0	0	
324492	Frontal_Inf_Tri_L	4880	0	20776	1280	2840	0	32452	222	1496	0	19086	0	0	276	14328	0	4510	0	4004	1274	0	0	4672	1222	0	0	0	0	33200	244	3888	1734	1942	1568	0	0	98	0	0	0	0	0	0	0	0	0	0	0	0	0	0	0	0	0	0	0	2070	0	0	0	0	0	0	0	0	0	0	0	0	0	128	0	1186	0	236	0	0	0	210	0	812	0	1090	0	312	0	0	0	210	0	0	0	0	0	0	0	0	0	0	0	0	0	0	0	0	0	0	0	0	0	0	0	0	0	0	0	
293368	Frontal_Inf_Tri_R	0	1680	1592	21650	0	1782	468	28892	0	1406	0	18012	276	0	136	4970	0	582	1682	4424	0	0	4222	11266	0	0	0	0	88	22818	838	9194	390	4568	0	0	0	0	0	0	0	0	0	0	0	0	0	0	0	0	0	0	0	0	0	0	0	458	0	0	0	0	0	0	0	0	0	0	0	0	0	4604	0	530	0	0	0	156	0	0	0	0	0	0	0	0	0	0	0	0	0	0	0	0	0	0	0	0	0	0	0	0	0	0	0	0	0	0	0	0	0	0	0	0	0	0	
198500	Frontal_Inf_Orb_L	188	0	9052	606	12030	0	6094	144	12798	0	2078	0	14328	136	0	0	286	0	732	330	2660	308	2592	672	0	0	1170	0	17794	128	3114	1150	1290	770	0	0	548	0	0	0	336	0	0	0	0	0	0	0	0	0	0	0	0	0	266	0	0	0	0	0	0	0	0	0	0	0	0	0	0	0	990	312	4370	0	130	0	0	0	0	0	496	0	880	0	126	0	0	0	346	0	0	0	0	0	0	0	0	0	0	0	0	0	0	0	0	0	0	0	0	0	0	0	0	0	0	0	
187564	Frontal_Inf_Orb_R	0	282	152	6030	0	8928	0	6832	0	10080	0	1790	0	4970	0	0	0	2236	226	1018	100	1444	352	2064	0	500	0	1242	0	18996	286	1790	0	822	0	0	0	1266	0	898	0	300	0	0	0	0	0	0	0	0	0	0	0	0	0	1132	0	108	0	0	0	0	0	0	0	0	0	0	0	0	130	3234	0	5502	0	158	0	354	0	86	0	3328	0	5942	0	730	0	388	0	86	0	0	0	0	0	0	0	0	0	0	0	0	0	0	0	0	0	0	0	0	0	0	0	0	0	0	
339764	Rolandic_Oper_L	17670	84	14288	850	166	0	11238	368	0	0	16052	0	4510	0	286	0	0	0	6354	638	0	0	272	156	0	0	0	0	34354	160	652	524	0	270	392	264	512	246	120	164	0	0	536	0	160	0	0	0	0	0	3678	0	228	0	142	144	12410	0	0	0	542	0	3722	0	238	0	282	0	608	0	896	286	1220	178	208	0	680	204	5942	0	16292	0	1598	0	6520	0	0	0	2494	84	0	0	0	0	0	0	0	0	0	0	0	0	0	0	0	0	0	0	0	0	0	0	0	0	0	0	
155484	Rolandic_Oper_R	136	4334	156	3030	0	256	0	902	0	0	0	6358	0	582	0	2236	0	0	146	2434	0	0	0	790	0	0	0	0	0	16810	204	1398	0	0	106	168	112	1148	0	382	0	0	0	0	0	0	0	0	0	0	0	0	0	0	0	486	124	6034	0	0	0	328	0	4892	0	104	0	0	0	0	516	1406	294	4756	396	198	124	2618	0	4478	0	7204	0	1474	0	334	0	0	0	288	0	0	0	0	0	0	0	0	0	0	0	0	0	0	0	0	0	0	0	0	0	0	0	0	0	0	
749384	Supp_Motor_Area_L	8160	4474	83554	21600	1606	96	6764	2262	118	0	6152	406	4004	1682	732	226	6354	146	0	45656	0	290	8324	4238	94	0	930	0	16036	1726	11180	10448	12990	29020	1346	940	2680	242	512	106	0	0	92	88	114	86	0	0	0	0	504	102	150	0	920	118	4864	0	0	0	314	0	566	0	0	0	374	394	3362	2794	14774	2514	22238	670	6504	376	9884	890	1048	0	1780	122	164	0	1258	92	0	0	2442	0	0	0	0	0	0	0	0	0	0	0	0	0	0	0	0	0	0	0	0	0	0	0	0	0	0	0	
782724	Supp_Motor_Area_R	4552	12994	28058	65012	312	1174	1920	3946	0	234	1510	1884	1274	4424	330	1018	638	2434	45656	0	108	760	5172	12876	140	174	0	0	1972	6912	8044	20750	8510	49394	1320	3064	346	2178	196	932	0	136	0	1412	0	706	0	364	0	938	0	3024	0	94	110	824	458	3086	0	138	0	362	0	850	0	372	94	2832	3932	19476	5662	17696	2028	5118	1242	1898	2026	9956	0	206	0	802	84	0	0	3572	0	0	0	1646	0	0	0	0	0	0	0	0	0	0	0	0	0	0	0	0	0	0	0	0	0	0	0	0	0	0	
87980	Olfactory_L	0	0	260	130	3482	112	0	0	532	0	0	0	0	0	2660	100	0	0	0	108	0	4746	90	0	698	126	1588	272	3596	280	3628	1300	0	0	0	0	680	114	0	0	854	0	0	0	0	0	0	0	0	0	0	0	0	0	298	0	0	0	0	0	0	0	0	0	0	0	0	0	0	0	6912	4180	5514	1000	394	196	0	0	0	0	0	0	0	0	0	0	0	0	140	0	0	0	0	0	0	0	0	0	0	0	0	0	0	0	0	0	0	0	0	0	0	0	0	0	0	0	
113860	Olfactory_R	0	0	256	786	512	1578	0	0	130	0	0	0	0	0	308	1444	0	0	290	760	4746	0	110	182	278	1442	706	2410	304	1982	3584	3180	0	0	0	0	0	774	0	1040	0	790	0	0	0	0	0	0	0	0	0	0	0	0	0	162	0	0	0	0	0	0	0	0	0	0	0	0	0	0	6862	9794	6038	2270	2308	1014	0	362	0	0	0	0	0	432	0	0	0	96	0	0	0	0	0	0	0	0	0	0	0	0	0	0	0	0	0	0	0	0	0	0	0	0	0	0	0	0	
514444	Frontal_Sup_Medial_L	188	0	43032	19060	7878	1372	14122	3556	0	0	940	570	4672	4222	2592	352	272	0	8324	5172	90	110	0	36456	6164	3034	3010	370	2832	3942	32244	21942	6344	14428	0	86	0	0	0	0	0	0	0	0	0	0	0	0	0	0	0	0	0	0	0	0	0	0	0	0	0	0	0	0	0	0	0	0	0	0	1618	3494	3238	1224	0	0	128	144	0	0	0	0	0	0	0	0	0	0	0	0	0	0	0	0	0	0	0	0	0	0	0	0	0	0	0	0	0	0	0	0	0	0	0	0	0	0	
638092	Frontal_Sup_Medial_R	258	772	11332	56790	2134	10014	2824	12218	0	478	286	4626	1222	11266	672	2064	156	790	4238	12876	0	182	36456	0	2554	7012	206	558	710	15498	16410	46096	2614	14922	160	368	90	1100	0	486	0	0	0	0	0	0	0	0	0	0	0	98	0	0	0	424	0	198	0	0	0	0	0	0	0	0	0	0	0	120	1128	25520	504	6602	126	168	374	1916	0	0	0	262	0	182	0	530	0	0	0	456	0	0	0	0	0	0	0	0	0	0	0	0	0	0	0	0	0	0	0	0	0	0	0	0	0	0	
78740	Frontal_Med_Orb_L	0	0	1288	460	7360	826	0	88	0	0	0	0	0	0	0	0	0	0	94	140	698	278	6164	2554	0	2708	3500	110	106	0	6878	1994	0	0	0	0	0	0	0	0	0	0	0	0	0	0	0	0	0	0	0	0	0	0	0	0	0	0	0	0	0	0	0	0	0	0	0	0	0	0	732	1200	1824	368	0	0	0	0	0	0	0	0	0	0	0	0	0	0	0	0	0	0	0	0	0	0	0	0	0	0	0	0	0	0	0	0	0	0	0	0	0	0	0	0	0	0	
126536	Frontal_Med_Orb_R	0	0	156	2838	1490	13444	0	618	0	1214	0	0	0	0	0	500	0	0	0	174	126	1442	3034	7012	2708	0	406	5146	0	368	4322	6976	0	0	0	0	0	100	0	0	0	0	0	0	0	0	0	0	0	0	0	0	0	0	0	0	0	0	0	0	0	0	0	0	0	0	0	0	0	0	206	7242	264	3370	0	112	0	0	0	0	0	0	0	0	0	0	0	0	0	0	0	0	0	0	0	0	0	0	0	0	0	0	0	0	0	0	0	0	0	0	0	0	0	0	0	0	
76560	Rectus_L	0	0	2996	200	8316	164	0	104	278	0	0	0	0	0	1170	0	0	0	930	0	1588	706	3010	206	3500	406	0	302	856	0	5738	572	0	0	0	0	0	0	0	0	0	0	0	0	0	0	0	0	0	0	0	0	0	0	0	0	0	0	0	0	0	0	0	0	0	0	0	0	0	0	1898	644	4580	116	0	0	0	0	0	0	0	0	0	0	0	0	0	0	0	0	0	0	0	0	0	0	0	0	0	0	0	0	0	0	0	0	0	0	0	0	0	0	0	0	0	0	
47664	Rectus_R	0	0	0	132	0	5778	0	0	0	506	0	0	0	0	0	1242	0	0	0	0	272	2410	370	558	110	5146	302	0	0	868	534	1306	0	0	0	0	0	144	0	114	0	0	0	0	0	0	0	0	0	0	0	0	0	0	0	0	0	0	0	0	0	0	0	0	0	0	0	0	0	0	90	2978	0	972	0	0	0	0	0	0	0	0	0	0	0	0	0	0	0	0	0	0	0	0	0	0	0	0	0	0	0	0	0	0	0	0	0	0	0	0	0	0	0	0	0	0	
739492	Insula_L	16654	190	38960	1688	11958	0	22212	362	5898	0	20956	0	33200	88	17794	0	34354	0	16036	1972	3596	304	2832	710	106	0	856	0	0	274	3748	1960	1442	1508	1012	684	7158	568	1402	390	1026	0	768	0	102	0	300	108	0	0	5890	0	1004	0	6048	326	7252	0	0	0	996	0	1578	0	434	0	410	0	204	0	2494	644	19188	272	440	0	1554	516	10614	0	20686	0	3536	0	15598	0	208	0	16554	124	0	0	0	0	0	0	0	0	0	0	0	0	0	0	0	0	0	0	0	0	0	0	0	0	0	0	
561460	Insula_R	304	3780	2156	26984	0	4584	592	16404	0	2164	150	14666	244	22818	128	18996	160	16810	1726	6912	280	1982	3942	15498	0	368	0	868	274	0	1120	13334	268	3670	426	550	416	9142	196	3788	0	632	0	104	0	0	0	156	0	92	0	290	0	88	176	5774	112	2284	0	0	0	156	0	522	0	262	0	112	0	678	1610	13846	660	21590	302	512	382	2860	0	2892	0	12654	0	5752	0	5204	0	442	0	4784	0	0	0	0	0	0	0	0	0	102	0	0	0	0	0	0	0	0	0	0	0	0	0	0	0	0	
530976	Cingulum_Ant_L	638	228	24376	14122	7450	2210	6574	2212	0	0	2012	498	3888	838	3114	286	652	204	11180	8044	3628	3584	32244	16410	6878	4322	5738	534	3748	1120	0	35758	15024	11380	256	96	0	86	0	0	84	0	0	0	0	0	0	0	0	0	0	0	0	0	0	0	130	110	0	0	0	0	0	0	0	0	0	0	0	0	11802	9050	10398	2694	272	692	256	668	0	0	0	0	0	0	0	0	0	0	0	0	0	0	0	0	0	0	0	0	0	0	0	0	0	0	0	0	0	0	0	0	0	0	0	0	0	0	
749216	Cingulum_Ant_R	516	1010	12528	50156	1770	10132	2088	11340	0	482	1104	7434	1734	9194	1150	1790	524	1398	10448	20750	1300	3180	21942	46096	1994	6976	572	1306	1960	13334	35758	0	8544	25574	358	616	128	1056	0	442	0	0	0	0	0	0	0	0	0	0	0	110	0	0	0	398	168	602	0	0	0	0	0	0	0	0	0	0	0	138	5906	33668	3046	8084	220	936	578	2386	0	0	0	348	0	262	0	628	0	0	0	446	0	0	0	0	0	0	0	0	0	0	0	0	0	0	0	0	0	0	0	0	0	0	0	0	0	0	
277112	Cingulum_Mid_L	1094	938	6430	3106	0	0	1248	498	0	0	312	0	1942	390	1290	0	0	0	12990	8510	0	0	6344	2614	0	0	0	0	1442	268	15024	8544	0	21218	7470	1888	0	0	0	0	0	0	278	366	2524	976	0	0	1198	692	2844	668	0	0	0	0	312	0	964	0	992	0	654	0	974	0	9646	2768	6188	1488	410	0	186	0	0	0	0	0	94	0	162	0	0	0	516	96	0	0	0	0	0	0	0	0	0	0	0	0	0	0	0	0	0	0	0	0	0	0	0	0	0	0	0	0	0	0	
630244	Cingulum_Mid_R	2722	3616	16716	19290	92	228	2202	3666	0	0	960	548	1568	4568	770	822	270	0	29020	49394	0	0	14428	14922	0	0	0	0	1508	3670	11380	25574	21218	0	3042	13568	178	84	108	0	0	0	0	5302	0	5356	0	794	0	3258	0	5086	0	154	0	178	276	1634	0	154	0	94	0	0	0	266	1506	18036	2708	15276	666	680	328	128	162	0	722	0	0	0	0	268	0	0	0	3832	0	0	0	1908	0	0	0	0	0	0	0	0	0	0	0	0	0	0	0	0	0	0	0	0	218	0	0	0	0	0	
207052	Cingulum_Post_L	4126	670	1384	598	0	0	574	0	0	0	122	0	0	0	0	0	392	106	1346	1320	0	0	0	160	0	0	0	0	1012	426	256	358	7470	3042	0	8960	7902	3610	4742	1486	0	0	5274	208	1938	146	2548	316	336	0	3566	156	328	126	3296	1170	498	234	230	0	912	0	350	0	614	0	11240	1224	4914	658	84	162	568	156	0	0	4084	3082	254	0	228	0	0	0	1222	126	0	0	480	412	554	0	0	0	0	0	440	194	572	0	0	0	0	0	0	0	0	0	0	0	564	0	0	0	0	0	
249184	Cingulum_Post_R	2828	2318	2878	1620	0	152	1196	174	0	0	0	0	0	0	0	0	264	168	940	3064	0	0	86	368	0	0	0	0	684	550	96	616	1888	13568	8960	0	3516	7820	1336	3852	0	0	150	5598	0	1988	162	4314	0	728	86	2046	0	564	1230	3012	152	368	0	0	0	0	0	0	0	0	1170	15234	1452	2466	472	766	356	266	146	0	8020	7438	0	138	90	164	0	0	0	3198	0	0	112	1758	160	0	0	0	0	0	0	828	172	202	0	0	0	0	0	0	0	0	0	0	644	0	0	0	0	0	
281276	Hippocampus_L	2018	680	3156	298	828	0	732	0	362	0	316	0	98	0	548	0	512	112	2680	346	680	0	0	90	0	0	0	0	7158	416	0	128	0	178	7902	3516	0	2782	19600	1272	5886	0	3278	0	180	0	5938	336	0	0	2226	0	1348	122	21814	982	860	224	0	0	272	0	130	0	276	0	5502	86	94	168	604	182	6662	116	934	0	5938	2192	1264	0	1422	0	1062	0	1426	88	300	0	8160	290	1174	0	0	0	0	0	1248	182	1264	0	0	0	0	0	0	0	0	0	0	0	0	0	0	0	0	0	
373868	Hippocampus_R	780	2528	2140	4396	0	626	776	674	0	0	0	342	0	0	0	1266	246	1148	242	2178	114	774	0	1100	0	100	0	144	568	9142	86	1056	0	84	3610	7820	2782	0	1000	33416	0	9086	88	1398	0	100	160	7050	0	0	0	670	0	848	930	30894	84	658	0	0	0	0	0	0	0	0	0	4508	0	368	378	1522	366	12440	0	746	4998	9070	0	884	0	1844	0	2336	0	1570	0	1194	0	9008	132	566	0	0	0	0	0	2282	140	1366	0	0	0	0	0	0	0	0	0	0	112	0	0	0	0	0	
177148	ParaHippocampal_L	456	422	716	152	84	0	210	0	0	0	0	0	0	0	0	0	120	0	512	196	0	0	0	0	0	0	0	0	1402	196	0	0	0	108	4742	1336	19600	1000	0	382	1770	0	4180	0	198	0	8966	228	112	0	2440	0	984	0	17144	244	160	0	0	0	0	0	0	0	0	0	5378	0	0	222	0	84	1528	0	158	0	2852	700	0	0	276	0	754	0	380	0	106	0	1212	0	2086	0	0	0	92	0	2310	0	2226	0	0	0	0	0	0	0	0	0	0	150	0	0	0	0	0	0	
300632	ParaHippocampal_R	338	642	648	2050	0	310	230	340	0	0	0	100	0	0	0	898	164	382	106	932	0	1040	0	486	0	0	0	114	390	3788	0	442	0	0	1486	3852	1272	33416	382	0	0	10418	0	836	0	0	0	9198	0	0	0	688	0	1068	404	30916	0	216	0	0	0	0	0	0	0	0	0	3530	0	0	132	648	200	7674	0	624	1760	4102	0	332	0	540	0	6112	0	1262	0	4488	0	3872	0	856	0	0	0	528	0	4224	0	1724	0	0	0	0	0	0	0	0	0	0	156	0	0	0	0	0	
33780	Amygdala_L	0	0	0	0	552	0	0	0	144	0	0	0	0	0	336	0	0	0	0	0	854	0	0	0	0	0	0	0	1026	0	84	0	0	0	0	0	5886	0	1770	0	0	0	0	0	0	0	0	0	0	0	0	0	0	0	3044	0	0	0	0	0	0	0	0	0	0	0	0	0	0	0	424	0	636	0	114	0	0	0	0	0	0	0	504	0	266	0	184	0	1066	0	0	0	0	0	0	0	0	0	0	0	0	0	0	0	0	0	0	0	0	0	0	0	0	0	0	0	
76972	Amygdala_R	0	0	0	176	0	100	0	0	0	0	0	0	0	0	0	300	0	0	0	136	0	790	0	0	0	0	0	0	0	632	0	0	0	0	0	0	0	9086	0	10418	0	0	0	0	0	0	0	0	0	0	0	0	0	0	0	7128	0	0	0	0	0	0	0	0	0	0	0	0	0	0	0	192	0	1604	0	0	0	266	0	0	0	0	0	4210	0	136	0	2530	0	694	0	0	0	0	0	0	0	88	0	0	0	0	0	0	0	0	0	0	0	0	0	0	0	0	0	0	
380164	Calcarine_L	1720	86	94	0	0	0	0	0	0	0	0	0	0	0	0	0	536	0	92	0	0	0	0	0	0	0	0	0	768	0	0	0	278	0	5274	150	3278	88	4180	0	0	0	0	10516	18868	5370	21634	4928	13916	2734	38180	650	8616	0	3178	192	1894	0	300	0	1122	0	586	0	488	0	15996	1546	1068	0	0	0	0	0	0	0	198	0	544	0	494	0	0	0	9990	148	0	0	4728	0	452	0	0	0	102	0	1666	0	1240	94	0	0	0	0	266	0	260	0	0	0	1460	114	0	0	0	0	
399592	Calcarine_R	0	1982	0	0	0	0	0	0	0	0	0	0	0	0	0	0	0	0	88	1412	0	0	0	0	0	0	0	0	0	104	0	0	366	5302	208	5598	0	1398	0	836	0	0	10516	0	4940	29116	3384	27182	692	21056	496	20396	0	3388	666	6140	0	732	0	368	0	124	0	0	0	420	2730	26268	0	2374	0	0	0	0	0	0	0	0	0	0	0	458	0	0	0	11198	0	0	0	4452	558	0	0	0	0	0	338	590	824	926	0	0	0	0	0	0	0	0	0	0	1148	1022	0	0	0	0	
245980	Cuneus_L	230	0	0	0	0	0	0	0	0	0	0	0	0	0	0	0	160	0	114	0	0	0	0	0	0	0	0	0	102	0	0	0	2524	0	1938	0	180	0	198	0	0	0	18868	4940	0	6656	1800	952	27076	2244	23912	86	1690	0	598	0	1014	0	2816	0	1546	0	226	0	348	0	15730	2286	2206	0	0	0	0	0	0	0	0	0	0	0	160	0	0	0	1380	0	0	0	650	0	0	0	0	0	0	0	118	0	104	0	0	0	0	0	0	0	0	0	0	0	138	0	0	0	0	0	
364544	Cuneus_R	0	326	0	0	0	0	0	0	0	0	0	0	0	0	0	0	0	0	86	706	0	0	0	0	0	0	0	0	0	0	0	0	976	5356	146	1988	0	100	0	0	0	0	5370	29116	6656	0	1310	8632	1104	42564	668	19184	0	802	206	2072	0	2950	0	6850	0	400	0	0	0	1484	3608	30266	162	3116	0	0	0	0	0	0	0	0	0	0	0	212	0	0	0	2428	0	0	0	1452	200	0	0	0	0	0	194	140	320	364	0	0	0	0	0	0	0	0	0	0	364	394	0	0	0	0	
475708	Lingual_L	154	180	178	84	0	0	88	0	0	0	0	0	0	0	0	0	0	0	0	0	0	0	0	0	0	0	0	0	300	0	0	0	0	0	2548	162	5938	160	8966	0	0	0	21634	3384	1800	1310	0	11122	2412	1416	22802	728	11698	1330	25698	4520	158	0	0	0	240	0	98	0	176	0	6680	88	100	154	0	0	86	0	0	0	1342	168	352	0	0	0	0	0	970	0	0	0	724	0	6834	946	1072	212	544	708	19120	2330	18064	8086	214	118	286	712	1694	3454	1106	1104	398	990	9456	12376	2580	1200	3284	1018	
467636	Lingual_R	104	610	178	266	0	0	84	0	0	0	0	0	0	0	0	0	0	0	0	364	0	0	0	0	0	0	0	0	108	156	0	0	0	794	316	4314	336	7050	228	9198	0	0	4928	27182	952	8632	11122	0	150	8078	364	8900	566	9032	4462	26898	0	0	0	0	0	0	0	0	0	0	1124	10096	0	260	0	108	110	128	0	0	662	1350	0	0	0	128	0	0	0	4338	0	0	0	2156	4466	5262	822	530	96	1008	5100	10368	8018	16718	0	148	0	206	342	566	0	188	106	654	8540	10922	3036	136	576	178	
215388	Occipital_Sup_L	182	0	0	0	0	0	0	0	0	0	0	0	0	0	0	0	0	0	0	0	0	0	0	0	0	0	0	0	0	0	0	0	1198	0	336	0	0	0	112	0	0	0	13916	692	27076	1104	2412	150	0	352	32744	0	1692	0	562	0	656	0	5906	0	2862	0	268	0	658	0	12356	582	1112	0	0	0	0	0	0	0	0	0	0	0	0	0	0	0	406	0	0	0	360	0	0	0	0	0	0	0	0	0	0	0	0	0	0	0	0	0	0	0	0	0	0	0	0	0	0	0	
338064	Occipital_Sup_R	0	496	0	0	0	0	0	0	0	0	0	0	0	0	0	0	0	0	0	938	0	0	0	0	0	0	0	0	0	92	0	0	692	3258	0	728	0	0	0	0	0	0	2734	21056	2244	42564	1416	8078	352	0	232	24960	0	1186	400	3070	0	3360	0	9676	0	1454	0	0	0	5692	2520	23502	154	3248	0	0	0	0	0	0	0	0	0	0	0	214	0	0	0	1268	0	0	0	928	344	0	0	0	0	0	160	92	472	626	0	0	0	0	0	0	0	0	0	0	262	564	0	0	0	0	
645796	Occipital_Mid_L	6772	84	490	0	0	0	146	0	0	0	0	0	0	0	0	0	3678	0	504	0	0	0	0	0	0	0	0	0	5890	0	0	0	2844	0	3566	86	2226	0	2440	0	0	0	38180	496	23912	668	22802	364	32744	232	0	0	25044	0	11900	0	10326	0	10130	0	14788	0	4726	0	11610	0	19290	370	7190	0	0	0	198	0	0	0	274	0	3468	0	3148	0	0	0	32600	0	0	0	14140	0	478	0	0	0	0	0	2102	0	1574	146	0	0	0	0	212	0	210	0	0	0	502	234	114	0	0	0	
386364	Occipital_Mid_R	0	3610	0	208	0	0	0	0	0	0	0	0	0	0	0	0	0	0	102	3024	0	0	0	98	0	0	0	0	0	290	0	110	668	5086	156	2046	0	670	0	688	0	0	650	20396	86	19184	728	8900	0	24960	0	0	0	7832	262	5778	0	4222	0	5000	0	4942	0	962	0	14562	800	16292	154	5704	0	108	0	0	0	0	0	150	0	0	0	1232	0	0	0	22928	0	0	0	8778	186	0	0	0	0	0	142	152	284	464	0	0	0	0	0	0	0	0	0	0	246	342	0	0	0	0	
204724	Occipital_Inf_L	906	0	136	0	0	0	0	0	0	0	0	0	0	0	0	0	228	0	150	0	0	0	0	0	0	0	0	0	1004	0	0	0	0	0	328	0	1348	0	984	0	0	0	8616	0	1690	0	11698	566	1692	0	25044	0	0	84	16358	194	922	0	0	0	382	0	276	0	136	0	1868	0	202	0	0	0	226	0	0	0	224	0	1094	0	320	0	0	0	5516	0	0	0	8228	0	2518	202	154	0	0	0	2692	0	3936	582	0	0	0	0	0	106	0	0	0	0	168	862	444	134	144	0	
133424	Occipital_Inf_R	0	258	0	0	0	0	0	0	0	0	0	0	0	0	0	0	0	0	0	94	0	0	0	0	0	0	0	0	0	88	0	0	0	154	126	564	122	848	0	1068	0	0	0	3388	0	802	1330	9032	0	1186	0	7832	84	0	862	12940	0	0	0	0	0	0	0	0	0	0	0	1040	0	0	0	0	0	0	0	0	126	228	0	0	0	208	0	0	0	3786	0	0	0	5232	1258	1146	600	162	0	266	348	1270	1444	4532	0	0	0	0	0	0	0	0	0	352	516	1880	1540	0	0	0	
544992	Fusiform_L	746	236	1074	0	334	0	192	0	174	0	0	0	0	0	266	0	142	0	920	110	298	0	0	0	0	0	0	0	6048	176	0	0	0	0	3296	1230	21814	930	17144	404	3044	0	3178	666	598	206	25698	4462	562	400	11900	262	16358	862	0	2708	540	0	0	0	148	0	0	0	160	0	2370	0	0	0	0	0	3254	0	298	0	2514	680	850	0	2288	0	4204	0	2820	0	2214	0	17530	0	22768	1120	874	220	0	0	16766	222	33094	5044	308	0	1352	680	2338	2106	1198	398	0	0	1412	8222	2652	2234	2990	190	
583368	Fusiform_R	300	926	564	1480	0	302	170	282	0	0	0	108	0	0	0	1132	144	486	118	824	0	162	0	424	0	0	0	0	326	5774	0	398	0	178	1170	3012	982	30894	244	30916	0	7128	192	6140	0	2072	4520	26898	0	3070	0	5778	194	12940	2708	0	0	226	0	0	0	0	0	0	0	0	0	2638	0	150	186	474	186	8516	0	334	1338	2938	0	448	0	1352	0	6942	0	4720	0	4750	0	17770	2644	16336	824	666	0	2240	2248	14324	3806	27480	0	230	0	1176	92	252	0	0	116	1734	4088	5032	2256	116	100	0	
339892	Postcentral_L	34866	2832	6930	296	0	0	6466	0	0	0	10006	0	2070	0	0	0	12410	124	4864	458	0	0	0	0	0	0	0	0	7252	112	130	168	312	276	498	152	860	84	160	0	0	0	1894	0	1014	0	158	0	656	0	10326	0	922	0	540	0	0	0	6756	0	20652	0	7676	0	1672	0	2212	108	4426	106	234	360	1656	0	214	0	866	106	1506	0	5052	0	0	0	6100	0	0	0	3408	0	0	0	0	0	0	0	0	0	0	0	0	0	0	0	0	0	0	0	0	0	0	0	0	0	0	0	
186796	Postcentral_R	0	10420	0	1456	0	0	0	466	0	0	0	2818	0	458	0	108	0	6034	0	3086	0	0	0	198	0	0	0	0	0	2284	110	602	0	1634	234	368	224	658	0	216	0	0	0	732	0	2950	0	0	0	3360	0	4222	0	0	0	226	0	0	0	6296	0	8836	0	14476	0	1668	0	4174	0	6572	142	406	0	608	0	0	220	1440	0	250	0	1602	0	0	0	2882	0	0	0	962	0	0	0	0	0	0	0	0	0	0	0	0	0	0	0	0	0	0	0	0	0	0	0	0	0	0	
108640	Parietal_Sup_L	178	0	0	0	0	0	0	0	0	0	0	0	0	0	0	0	0	0	0	0	0	0	0	0	0	0	0	0	0	0	0	0	964	0	230	0	0	0	0	0	0	0	300	0	2816	0	0	0	5906	0	10130	0	0	0	0	0	6756	0	0	0	10872	0	0	0	388	0	13520	480	1780	0	0	0	0	0	0	0	0	0	0	0	0	0	0	0	0	0	0	0	0	0	0	0	0	0	0	0	0	0	0	0	0	0	0	0	0	0	0	0	0	0	0	0	0	0	0	0	
101568	Parietal_Sup_R	0	96	0	0	0	0	0	0	0	0	0	0	0	0	0	0	0	0	0	138	0	0	0	0	0	0	0	0	0	0	0	0	0	154	0	0	0	0	0	0	0	0	0	368	0	6850	0	0	0	9676	0	5000	0	0	0	0	0	6296	0	0	0	5334	0	884	0	5380	312	9916	0	280	0	0	0	0	0	0	0	0	0	0	0	0	0	0	0	100	0	0	0	0	0	0	0	0	0	0	0	0	0	0	0	0	0	0	0	0	0	0	0	0	0	0	0	0	0	0	
215392	Parietal_Inf_L	2218	138	334	0	0	0	0	0	0	0	0	0	0	0	0	0	542	0	314	0	0	0	0	0	0	0	0	0	996	0	0	0	992	0	912	0	272	0	0	0	0	0	1122	0	1546	0	240	0	2862	0	14788	0	382	0	148	0	20652	0	10872	0	0	0	18808	0	15712	0	2414	0	1802	0	0	0	228	0	0	0	106	0	452	0	1872	0	0	0	6038	0	0	0	934	0	0	0	0	0	0	0	0	0	0	0	0	0	0	0	0	0	0	0	0	0	0	0	0	0	0	0	
93896	Parietal_Inf_R	0	640	0	142	0	0	0	0	0	0	0	0	0	0	0	0	0	328	0	362	0	0	0	0	0	0	0	0	0	156	0	0	0	94	0	0	0	0	0	0	0	0	0	124	0	400	0	0	0	1454	0	4942	0	0	0	0	0	8836	0	5334	0	0	0	8398	0	12692	0	274	0	540	0	0	0	0	0	0	0	0	0	0	0	516	0	0	0	1412	0	0	0	304	0	0	0	0	0	0	0	0	0	0	0	0	0	0	0	0	0	0	0	0	0	0	0	0	0	0	
135744	SupraMarginal_L	734	0	576	0	0	0	86	0	0	0	90	0	0	0	0	0	3722	0	566	0	0	0	0	0	0	0	0	0	1578	0	0	0	654	0	350	0	130	0	0	0	0	0	586	0	226	0	98	0	268	0	4726	0	276	0	0	0	7676	0	0	0	18808	0	0	0	8804	0	588	0	214	0	0	0	0	0	0	0	0	0	694	0	8454	0	0	0	7342	0	0	0	626	0	0	0	0	0	0	0	0	0	0	0	0	0	0	0	0	0	0	0	0	0	0	0	0	0	0	0	
97940	SupraMarginal_R	0	2108	0	280	0	0	0	0	0	0	0	350	0	0	0	0	0	4892	0	850	0	0	0	0	0	0	0	0	0	522	0	0	0	0	0	0	0	0	0	0	0	0	0	0	0	0	0	0	0	0	0	962	0	0	0	0	0	14476	0	884	0	8398	0	0	0	5222	0	0	0	0	0	0	0	0	0	0	0	304	0	658	0	5890	0	0	0	2882	0	0	0	292	0	0	0	0	0	0	0	0	0	0	0	0	0	0	0	0	0	0	0	0	0	0	0	0	0	0	
110024	Angular_L	504	0	0	0	0	0	0	0	0	0	0	0	0	0	0	0	238	0	0	0	0	0	0	0	0	0	0	0	434	0	0	0	974	0	614	0	276	0	0	0	0	0	488	0	348	0	176	0	658	0	11610	0	136	0	160	0	1672	0	388	0	15712	0	8804	0	0	0	956	0	718	0	0	0	222	0	0	0	0	0	326	0	2352	0	0	0	6950	0	0	0	296	0	0	0	0	0	0	0	0	0	0	0	0	0	0	0	0	0	0	0	0	0	0	0	0	0	0	0	
123060	Angular_R	0	300	0	156	0	0	0	0	0	0	0	0	0	0	0	0	0	104	0	372	0	0	0	0	0	0	0	0	0	262	0	0	0	266	0	0	0	0	0	0	0	0	0	420	0	1484	0	0	0	5692	0	14562	0	0	0	0	0	1668	0	5380	0	12692	0	5222	0	0	92	962	0	844	0	0	0	0	0	0	0	0	0	0	0	2672	0	0	0	7162	0	0	0	1218	0	0	0	0	0	0	0	0	0	0	0	0	0	0	0	0	0	0	0	0	0	0	0	0	0	0	
329048	Precuneus_L	906	94	126	0	0	0	84	0	0	0	0	0	0	0	0	0	282	0	374	94	0	0	0	0	0	0	0	0	410	0	0	0	9646	1506	11240	1170	5502	0	5378	0	0	0	15996	2730	15730	3608	6680	1124	12356	2520	19290	800	1868	0	2370	0	2212	0	13520	312	2414	0	588	0	956	92	0	8446	4958	416	0	0	122	0	0	0	264	0	240	0	288	0	0	0	3526	0	0	0	1596	0	446	0	0	0	0	0	518	0	458	0	0	0	0	0	0	0	0	0	0	0	1268	0	0	0	0	0	
424528	Precuneus_R	164	670	252	120	0	0	112	0	0	0	0	0	0	0	0	0	0	0	394	2832	0	0	0	0	0	0	0	0	0	112	0	0	2768	18036	1224	15234	86	4508	0	3530	0	0	1546	26268	2286	30266	88	10096	582	23502	370	16292	0	1040	0	2638	108	4174	480	9916	0	274	0	0	0	962	8446	0	400	7272	0	0	0	0	0	0	344	716	0	0	0	202	0	0	0	8276	0	0	0	3740	0	0	0	0	0	0	0	910	0	214	0	0	0	0	0	0	0	0	0	0	814	0	0	0	0	0	
143616	Paracentral_Lobule_L	12180	1710	536	0	0	0	0	0	0	0	0	0	0	0	0	0	608	0	3362	3932	0	0	0	0	0	0	0	0	204	0	0	0	6188	2708	4914	1452	94	0	0	0	0	0	1068	0	2206	162	100	0	1112	154	7190	154	202	0	0	0	4426	0	1780	0	1802	0	214	0	718	0	4958	400	0	3270	0	0	116	0	0	0	368	0	0	0	628	0	0	0	2168	0	0	0	724	0	0	0	0	0	0	0	0	0	0	0	0	0	0	0	0	0	0	0	0	0	0	0	0	0	0	0	
218976	Paracentral_Lobule_R	3706	14404	546	668	0	0	738	0	0	0	0	0	0	0	0	0	0	0	2794	19476	0	0	0	120	0	0	0	0	0	678	0	138	1488	15276	658	2466	168	368	222	0	0	0	0	2374	0	3116	154	260	0	3248	0	5704	0	0	0	150	106	6572	0	280	0	540	0	0	0	844	416	7272	3270	0	366	198	0	0	0	0	2226	598	0	0	0	674	0	0	0	5176	0	0	0	2030	0	0	0	0	0	0	0	0	0	0	0	0	0	0	0	0	0	0	0	0	0	0	0	0	0	0	
327820	Caudate_L	1682	1790	13222	6604	2032	342	850	1254	258	0	776	176	128	0	990	130	896	516	14774	5662	6912	6862	1618	1128	732	206	1898	90	2494	1610	11802	5906	410	666	84	472	604	378	0	132	424	0	0	0	0	0	0	0	0	0	0	0	0	0	0	186	234	142	0	0	0	0	0	0	0	0	0	0	0	366	0	17928	23120	3050	6104	3658	9602	2530	0	0	0	204	0	0	0	140	0	0	0	136	0	0	0	0	0	0	0	0	0	0	0	0	0	0	0	0	0	0	0	0	0	0	0	0	0	0	
602276	Caudate_R	618	4274	2834	38574	1406	13544	256	8192	132	1378	248	5770	0	4604	312	3234	286	1406	2514	17696	4180	9794	3494	25520	1200	7242	644	2978	644	13846	9050	33668	0	680	162	766	182	1522	84	648	0	192	0	0	0	0	0	108	0	0	0	108	0	0	0	474	360	406	0	0	0	0	0	0	0	0	0	0	0	198	17928	0	9972	18624	3706	5164	3120	15334	0	0	0	472	0	324	0	582	0	0	0	484	0	0	0	0	0	0	0	0	0	0	0	0	0	0	0	0	0	0	0	0	0	0	0	0	0	0	
431296	Putamen_L	2654	696	26960	2060	12602	156	1892	252	3424	0	1410	0	1186	0	4370	0	1220	294	22238	2028	5514	6038	3238	504	1824	264	4580	0	19188	660	10398	3046	186	328	568	356	6662	366	1528	200	636	0	0	0	0	0	86	110	0	0	198	0	226	0	3254	186	1656	0	0	0	228	0	0	0	222	0	122	0	116	0	23120	9972	0	1848	11144	2748	3890	786	312	0	1092	102	148	0	956	0	0	0	3600	0	0	0	0	0	0	0	0	0	0	0	0	0	0	0	0	0	0	0	0	0	0	0	0	0	0	0	
328620	Putamen_R	264	1158	830	12950	384	6994	98	2776	0	1324	138	838	0	530	0	5502	178	4756	670	5118	1000	2270	1224	6602	368	3370	116	972	272	21590	2694	8084	0	128	156	266	116	12440	0	7674	0	1604	0	0	0	0	0	128	0	0	0	0	0	0	0	8516	0	608	0	0	0	0	0	0	0	0	0	0	0	0	3050	18624	1848	0	272	4648	224	2738	0	388	0	2094	0	1012	0	1198	0	332	0	2986	0	0	0	0	0	0	0	0	0	190	0	0	0	0	0	0	0	0	0	0	0	0	0	0	0	0	
94260	Pallidum_L	702	434	4828	1220	284	0	260	0	144	0	282	0	236	0	130	0	208	396	6504	1242	394	2308	0	126	0	0	0	0	440	302	272	220	0	162	0	146	934	0	158	0	114	0	0	0	0	0	0	0	0	0	0	0	0	0	298	0	214	0	0	0	0	0	0	0	0	0	0	0	0	0	6104	3706	11144	272	0	942	1562	338	0	0	0	0	0	0	0	0	0	0	104	0	0	0	0	0	0	0	0	0	0	0	0	0	0	0	0	0	0	0	0	0	0	0	0	0	0	0	
58292	Pallidum_R	0	350	452	2176	0	242	0	86	0	0	0	110	0	0	0	158	0	198	376	1898	196	1014	0	168	0	112	0	0	0	512	692	936	0	0	0	0	0	746	0	624	0	0	0	0	0	0	0	0	0	0	0	0	0	0	0	334	0	0	0	0	0	0	0	0	0	0	0	0	0	0	3658	5164	2748	4648	942	0	0	606	0	0	0	0	0	0	0	0	0	0	0	0	0	0	0	0	0	0	0	0	0	0	0	0	0	0	0	0	0	0	0	0	0	0	0	0	0	0	
217524	Thalamus_L	3640	4956	7748	2138	0	170	2760	170	0	0	204	0	0	0	0	0	680	124	9884	2026	0	0	128	374	0	0	0	0	1554	382	256	578	0	722	4084	8020	5938	4998	2852	1760	0	0	198	0	0	0	1342	662	0	0	274	0	224	126	2514	1338	866	220	0	0	106	0	0	0	0	0	264	344	368	2226	9602	3120	3890	224	1562	0	0	10958	0	118	158	118	0	0	100	114	0	0	436	436	100	0	0	0	0	0	182	314	112	0	0	0	0	0	0	0	0	0	0	0	0	0	0	0	0	0	
251092	Thalamus_R	942	7996	3124	14920	0	850	1088	1098	0	0	0	726	0	156	0	354	204	2618	890	9956	0	362	144	1916	0	0	0	0	516	2860	668	2386	0	0	3082	7438	2192	9070	700	4102	0	266	0	0	0	0	168	1350	0	0	0	150	0	228	680	2938	106	1440	0	0	0	0	0	304	0	0	0	716	0	598	2530	15334	786	2738	338	606	10958	0	0	450	0	324	0	0	0	378	0	0	0	1250	0	0	0	0	0	0	0	552	0	0	0	0	0	0	0	0	0	0	0	0	0	0	0	0	0	0	
106304	Heschl_L	2520	0	1250	0	0	0	630	0	0	0	888	0	210	0	0	0	5942	0	1048	0	0	0	0	0	0	0	0	0	10614	0	0	0	94	0	254	0	1264	0	0	0	0	0	544	0	0	0	352	0	0	0	3468	0	1094	0	850	0	1506	0	0	0	452	0	694	0	326	0	240	0	0	0	0	0	312	0	0	0	0	0	0	0	8730	0	86	0	7608	0	0	0	2176	0	0	0	0	0	0	0	0	0	0	0	0	0	0	0	0	0	0	0	0	0	0	0	0	0	0	0	
41400	Heschl_R	0	492	92	238	0	0	0	0	0	0	0	584	0	0	0	86	0	4478	0	206	0	0	0	0	0	0	0	0	0	2892	0	0	0	0	0	138	0	884	0	332	0	0	0	0	0	0	0	0	0	0	0	0	0	0	0	448	0	250	0	0	0	0	0	658	0	0	0	0	0	0	0	0	0	388	0	0	118	450	0	0	0	6208	0	0	0	1336	0	0	0	422	0	0	0	0	0	0	0	0	0	0	0	0	0	0	0	0	0	0	0	0	0	0	0	0	0	0	
281480	Temporal_Sup_L	3624	0	2598	0	440	0	1298	0	288	0	2194	0	812	0	496	0	16292	0	1780	0	0	0	0	0	0	0	0	0	20686	0	0	0	162	0	228	90	1422	0	276	0	0	0	494	0	160	0	0	0	0	0	3148	0	320	0	2288	0	5052	0	0	0	1872	0	8454	0	2352	0	288	0	628	0	0	0	1092	0	0	0	158	0	8730	0	0	0	5462	0	31896	0	788	0	14872	0	0	0	0	0	0	0	0	0	0	0	0	0	0	0	0	0	0	0	0	0	0	0	0	0	0	0	
168724	Temporal_Sup_R	0	1234	196	598	0	0	0	94	0	0	0	876	0	0	0	3328	0	7204	122	802	0	0	0	262	0	0	0	0	0	12654	0	348	0	268	0	164	0	1844	0	540	0	0	0	458	0	212	0	128	0	214	0	1232	0	208	0	1352	0	1602	0	0	0	516	0	5890	0	2672	0	202	0	674	204	472	102	2094	0	0	118	324	0	6208	0	0	0	6354	0	18022	0	1022	0	3548	0	0	0	0	0	0	0	0	0	0	0	0	0	0	0	0	0	0	0	0	0	0	0	0	0	0	
75564	Temporal_Pole_Sup_L	94	0	380	0	164	0	178	0	98	0	1826	0	1090	0	880	0	1598	0	164	84	0	0	0	0	0	0	0	0	3536	0	0	0	0	0	0	0	1062	0	754	0	504	0	0	0	0	0	0	0	0	0	0	0	0	0	4204	0	0	0	0	0	0	0	0	0	0	0	0	0	0	0	0	0	148	0	0	0	0	0	86	0	5462	0	0	0	5796	0	4308	0	5366	0	0	0	0	0	0	0	0	0	0	0	0	0	0	0	0	0	0	0	0	0	0	0	0	0	0	0	
122224	Temporal_Pole_Sup_R	0	0	0	230	0	120	0	0	0	0	0	938	0	0	0	5942	0	1474	0	0	0	432	0	182	0	0	0	0	0	5752	0	262	0	0	0	0	0	2336	0	6112	0	4210	0	0	0	0	0	0	0	0	0	0	0	0	0	6942	0	0	0	0	0	0	0	0	0	0	0	0	0	0	0	324	0	1012	0	0	0	0	0	0	0	6354	0	0	0	6100	0	8070	0	4320	0	0	0	0	0	0	0	0	0	0	0	0	0	0	0	0	0	0	0	0	0	0	0	0	0	0	
414052	Temporal_Mid_L	5514	0	1386	0	232	0	270	0	170	0	370	0	312	0	126	0	6520	0	1258	0	0	0	0	0	0	0	0	0	15598	0	0	0	516	0	1222	0	1426	0	380	0	266	0	9990	0	1380	0	970	0	406	0	32600	0	5516	0	2820	0	6100	0	0	0	6038	0	7342	0	6950	0	3526	0	2168	0	0	0	956	0	0	0	100	0	7608	0	31896	0	5796	0	0	0	4504	0	34594	0	0	0	0	0	0	0	0	0	0	0	0	0	0	0	0	0	0	0	0	0	200	0	0	0	0	0	
337464	Temporal_Mid_R	0	5922	146	1192	0	98	0	162	0	0	0	0	0	0	0	730	0	334	92	3572	0	0	0	530	0	0	0	0	0	5204	0	628	96	3832	126	3198	88	1570	0	1262	0	136	148	11198	0	2428	0	4338	0	1268	0	22928	0	3786	0	4720	0	2882	0	100	0	1412	0	2882	0	7162	0	8276	0	5176	140	582	0	1198	0	0	114	378	0	1336	0	18022	0	6100	0	0	0	3906	0	29136	0	0	0	0	0	0	0	112	0	0	0	0	0	0	0	0	0	0	0	0	86	0	0	0	0	0	
32452	Temporal_Pole_Mid_L	0	0	0	0	0	0	0	0	0	0	0	0	0	0	0	0	0	0	0	0	0	0	0	0	0	0	0	0	208	0	0	0	0	0	0	0	300	0	106	0	184	0	0	0	0	0	0	0	0	0	0	0	0	0	2214	0	0	0	0	0	0	0	0	0	0	0	0	0	0	0	0	0	0	0	0	0	0	0	0	0	788	0	4308	0	4504	0	0	0	3614	0	0	0	0	0	0	0	0	0	0	0	0	0	0	0	0	0	0	0	0	0	0	0	0	0	0	0	
60896	Temporal_Pole_Mid_R	0	0	0	0	0	0	0	0	0	0	0	0	0	0	0	388	0	0	0	0	0	96	0	0	0	0	0	0	0	442	0	0	0	0	0	0	0	1194	0	4488	0	2530	0	0	0	0	0	0	0	0	0	0	0	0	0	4750	0	0	0	0	0	0	0	0	0	0	0	0	0	0	0	0	0	332	0	0	0	0	0	0	0	1022	0	8070	0	3906	0	0	0	3230	0	0	0	0	0	0	0	0	0	0	0	0	0	0	0	0	0	0	0	0	0	0	0	0	0	0	
322672	Temporal_Inf_L	2248	0	2492	0	556	0	130	0	410	0	148	0	210	0	346	0	2494	0	2442	0	140	0	0	0	0	0	0	0	16554	0	0	0	0	0	480	112	8160	0	1212	0	1066	0	4728	0	650	0	724	0	360	0	14140	0	8228	0	17530	0	3408	0	0	0	934	0	626	0	296	0	1596	0	724	0	0	0	3600	0	104	0	436	0	2176	0	14872	0	5366	0	34594	0	3614	0	0	0	2272	0	268	0	0	0	0	0	320	0	120	0	336	0	114	0	0	0	0	0	0	0	0	0	0	0	
257844	Temporal_Inf_R	140	2276	268	1116	0	110	0	164	0	0	0	0	0	0	0	86	84	288	0	1646	0	0	0	456	0	0	0	0	124	4784	0	446	0	1908	412	1758	290	9008	0	3872	0	694	0	4452	0	1452	0	2156	0	928	0	8778	0	5232	0	17770	0	962	0	0	0	304	0	292	0	1218	0	3740	0	2030	136	484	0	2986	0	0	436	1250	0	422	0	3548	0	4320	0	29136	0	3230	0	0	0	2322	0	134	0	0	0	138	0	530	0	140	0	466	0	0	0	0	0	0	0	0	0	0	0	0	
501412	Cerebelum_Crus1_L	0	0	0	0	0	0	0	0	0	0	0	0	0	0	0	0	0	0	0	0	0	0	0	0	0	0	0	0	0	0	0	0	0	0	554	160	1174	132	2086	0	0	0	452	558	0	200	6834	4466	0	344	478	186	2518	1258	22768	2644	0	0	0	0	0	0	0	0	0	0	446	0	0	0	0	0	0	0	0	0	100	0	0	0	0	0	0	0	0	0	0	0	2272	0	0	2452	27656	1684	474	0	15228	188	56974	5170	18252	184	30326	1288	14088	1740	4162	250	0	98	932	6612	7788	2750	2584	196	
361584	Cerebelum_Crus1_R	0	0	0	0	0	0	0	0	0	0	0	0	0	0	0	0	0	0	0	0	0	0	0	0	0	0	0	0	0	0	0	0	0	0	0	0	0	566	0	856	0	0	0	0	0	0	946	5262	0	0	0	0	202	1146	1120	16336	0	0	0	0	0	0	0	0	0	0	0	0	0	0	0	0	0	0	0	0	0	0	0	0	0	0	0	0	0	0	0	0	0	2322	2452	0	1940	24762	0	3492	312	13802	1572	43242	868	9784	1352	25188	434	6840	0	188	134	1658	1070	1188	7696	2522	1540	0	
276144	Cerebelum_Crus2_L	0	0	0	0	0	0	0	0	0	0	0	0	0	0	0	0	0	0	0	0	0	0	0	0	0	0	0	0	0	0	0	0	0	0	0	0	0	0	0	0	0	0	0	0	0	0	1072	822	0	0	0	0	154	600	874	824	0	0	0	0	0	0	0	0	0	0	0	0	0	0	0	0	0	0	0	0	0	0	0	0	0	0	0	0	0	0	0	0	268	0	27656	1940	0	9664	0	0	0	0	4534	1304	32170	4756	27754	3260	4890	716	460	0	0	0	0	834	8402	4868	250	0	
283564	Cerebelum_Crus2_R	0	0	0	0	0	0	0	0	0	0	0	0	0	0	0	0	0	0	0	0	0	0	0	0	0	0	0	0	0	0	0	0	0	0	0	0	0	0	0	0	0	0	0	0	0	0	212	530	0	0	0	0	0	162	220	666	0	0	0	0	0	0	0	0	0	0	0	0	0	0	0	0	0	0	0	0	0	0	0	0	0	0	0	0	0	0	0	0	0	134	1684	24762	9664	0	0	0	102	88	500	5260	9234	27374	8240	29884	632	5620	0	0	0	0	128	220	7818	8088	560	0	
26408	Cerebelum_3_L	0	0	0	0	0	0	0	0	0	0	0	0	0	0	0	0	0	0	0	0	0	0	0	0	0	0	0	0	0	0	0	0	0	0	0	0	0	0	92	0	0	0	102	0	0	0	544	96	0	0	0	0	0	0	0	0	0	0	0	0	0	0	0	0	0	0	0	0	0	0	0	0	0	0	0	0	0	0	0	0	0	0	0	0	0	0	0	0	0	0	474	0	0	0	0	134	6868	130	1502	192	0	0	0	0	0	0	0	0	752	1360	958	0	0	0	0	0	
74052	Cerebelum_3_R	0	0	0	0	0	0	0	0	0	0	0	0	0	0	0	0	0	0	0	0	0	0	0	0	0	0	0	0	0	0	0	0	0	0	0	0	0	0	0	528	0	0	0	0	0	0	708	1008	0	0	0	0	0	266	0	2240	0	0	0	0	0	0	0	0	0	0	0	0	0	0	0	0	0	0	0	0	0	0	0	0	0	0	0	0	0	0	0	0	0	0	0	3492	0	0	134	0	1052	6732	172	5960	0	0	0	242	0	1014	0	94	1630	8614	1568	776	0	0	490	306	
327512	Cerebelum_4_5_L	0	0	0	0	0	0	0	0	0	0	0	0	0	0	0	0	0	0	0	0	0	0	0	0	0	0	0	0	0	0	0	0	0	0	440	0	1248	0	2310	0	0	0	1666	338	118	194	19120	5100	0	160	2102	142	2692	348	16766	2248	0	0	0	0	0	0	0	0	0	0	518	0	0	0	0	0	0	0	0	0	182	0	0	0	0	0	0	0	0	0	0	0	0	0	15228	312	0	102	6868	1052	0	4506	30128	4554	536	90	822	532	4424	3638	2140	1486	1386	3048	15274	6088	0	666	3536	1648	
210212	Cerebelum_4_5_R	0	0	116	0	0	0	0	0	0	0	0	0	0	0	0	0	0	0	0	0	0	0	0	0	0	0	0	0	0	0	0	0	0	0	194	828	182	2282	0	4224	0	88	0	590	0	140	2330	10368	0	92	0	152	0	1270	222	14324	0	0	0	0	0	0	0	0	0	0	0	910	0	0	0	0	0	0	0	0	314	552	0	0	0	0	0	0	0	112	0	0	0	138	188	13802	0	88	130	6732	4506	0	468	22342	0	0	0	216	466	966	0	342	390	4320	8404	1152	0	0	746	420	
527616	Cerebelum_6_L	0	0	0	0	0	0	0	0	0	0	0	0	0	0	0	0	0	0	0	0	0	0	0	0	0	0	0	0	0	0	0	0	0	0	572	172	1264	140	2226	0	0	0	1240	824	104	320	18064	8018	0	472	1574	284	3936	1444	33094	3806	0	0	0	0	0	0	0	0	0	0	458	0	0	0	0	0	0	0	0	0	112	0	0	0	0	0	0	0	0	0	0	0	320	0	56974	1572	4534	500	1502	172	30128	468	0	8300	7736	0	17004	1020	12466	3050	6836	518	286	458	3896	13816	5612	3566	4648	302	
434280	Cerebelum_6_R	0	0	0	0	0	0	0	0	0	0	0	0	0	0	0	0	0	0	0	0	0	0	0	0	0	0	0	0	0	102	0	0	0	0	0	202	0	1366	0	1724	0	0	94	926	0	364	8086	16718	0	626	146	464	582	4532	5044	27480	0	0	0	0	0	0	0	0	0	0	0	214	0	0	0	0	0	190	0	0	0	0	0	0	0	0	0	0	0	0	0	0	0	530	5170	43242	1304	5260	192	5960	4554	22342	8300	0	0	3290	252	7944	376	4182	0	350	502	3900	7432	10682	7710	2614	2102	90	
276884	Cerebelum_7b_L	0	0	0	0	0	0	0	0	0	0	0	0	0	0	0	0	0	0	0	0	0	0	0	0	0	0	0	0	0	0	0	0	0	0	0	0	0	0	0	0	0	0	0	0	0	0	214	0	0	0	0	0	0	0	308	0	0	0	0	0	0	0	0	0	0	0	0	0	0	0	0	0	0	0	0	0	0	0	0	0	0	0	0	0	0	0	0	0	120	0	18252	868	32170	9234	0	0	536	0	7736	0	0	6836	35036	6138	5532	724	1364	0	0	0	94	0	4932	8104	244	0	
187016	Cerebelum_7b_R	0	0	0	0	0	0	0	0	0	0	0	0	0	0	0	0	0	0	0	0	0	0	0	0	0	0	0	0	0	0	0	0	0	0	0	0	0	0	0	0	0	0	0	0	0	0	118	148	0	0	0	0	0	0	0	230	0	0	0	0	0	0	0	0	0	0	0	0	0	0	0	0	0	0	0	0	0	0	0	0	0	0	0	0	0	0	0	0	0	140	184	9784	4756	27374	0	0	90	0	0	3290	6836	0	6146	21894	144	2080	0	0	0	0	90	144	2212	7606	242	0	
376488	Cerebelum_8_L	0	0	0	0	0	0	0	0	0	0	0	0	0	0	0	0	0	0	0	0	0	0	0	0	0	0	0	0	0	0	0	0	0	0	0	0	0	0	0	0	0	0	0	0	0	0	286	0	0	0	0	0	0	0	1352	0	0	0	0	0	0	0	0	0	0	0	0	0	0	0	0	0	0	0	0	0	0	0	0	0	0	0	0	0	0	0	0	0	336	0	30326	1352	27754	8240	0	0	822	0	17004	252	35036	6146	0	8198	23612	3448	4720	0	0	0	244	190	5174	11282	2470	0	
302228	Cerebelum_8_R	0	0	0	0	0	0	0	0	0	0	0	0	0	0	0	0	0	0	0	0	0	0	0	0	0	0	0	0	0	0	0	0	0	0	0	0	0	0	0	0	0	0	0	0	0	0	712	206	0	0	0	0	0	0	680	1176	0	0	0	0	0	0	0	0	0	0	0	0	0	0	0	0	0	0	0	0	0	0	0	0	0	0	0	0	0	0	0	0	0	466	1288	25188	3260	29884	0	242	532	216	1020	7944	6138	21894	8198	0	1198	20812	0	502	188	308	554	1192	4974	10036	2306	0	
188784	Cerebelum_9_L	0	0	0	0	0	0	0	0	0	0	0	0	0	0	0	0	0	0	0	0	0	0	0	0	0	0	0	0	0	0	0	0	0	0	0	0	0	0	0	0	0	0	266	0	0	0	1694	342	0	0	212	0	0	0	2338	92	0	0	0	0	0	0	0	0	0	0	0	0	0	0	0	0	0	0	0	0	0	0	0	0	0	0	0	0	0	0	0	0	114	0	14088	434	4890	632	0	0	4424	466	12466	376	5532	144	23612	1198	0	2840	7612	0	0	98	1642	1074	1340	2864	3274	328	
195292	Cerebelum_9_R	0	0	0	0	0	0	0	0	0	0	0	0	0	0	0	0	0	0	0	0	0	0	0	0	0	0	0	0	0	0	0	0	0	0	0	0	0	0	0	0	0	0	0	0	0	0	3454	566	0	0	0	0	106	0	2106	252	0	0	0	0	0	0	0	0	0	0	0	0	0	0	0	0	0	0	0	0	0	0	0	0	0	0	0	0	0	0	0	0	0	0	1740	6840	716	5620	0	1014	3638	966	3050	4182	724	2080	3448	20812	2840	0	0	2620	572	1140	4614	5944	2712	5144	8706	2040	
