data	data	484632	159224	882664	845544	110296	75276	664916	295108	74504	24188	284404	159476	324668	132748	177080	72224	281424	110668	456892	735668	75456	75756	494228	426508	36280	71816	91480	64164	653264	331464	513884	682088	221364	525828	43320	161304	207544	201628	54600	98236	44440	46324	127552	176208	144636	231708	132140	166268	100328	251720	362156	175964	130332	145156	246416	261316	194460	290804	133944	62312	207688	60400	114896	73528	140812	62672	185652	215700	236240	244632	260136	465296	382004	402784	36316	19632	127928	127464	127480	14244	185128	52256	78416	36480	249256	189592	41272	13788	257612	138292	463368	441880	282720	355756	9236	33024	107560	105808	355420	333068	290252	121064	336916	206292	54528	49888	10652	2096	6100	24664	76052	259280	253332	51816	25860	18740	
data	data	Precentral_L	Precentral_R	Frontal_Sup_L	Frontal_Sup_R	Frontal_Sup_Orb_L	Frontal_Sup_Orb_R	Frontal_Mid_L	Frontal_Mid_R	Frontal_Mid_Orb_L	Frontal_Mid_Orb_R	Frontal_Inf_Oper_L	Frontal_Inf_Oper_R	Frontal_Inf_Tri_L	Frontal_Inf_Tri_R	Frontal_Inf_Orb_L	Frontal_Inf_Orb_R	Rolandic_Oper_L	Rolandic_Oper_R	Supp_Motor_Area_L	Supp_Motor_Area_R	Olfactory_L	Olfactory_R	Frontal_Sup_Medial_L	Frontal_Sup_Medial_R	Frontal_Med_Orb_L	Frontal_Med_Orb_R	Rectus_L	Rectus_R	Insula_L	Insula_R	Cingulum_Ant_L	Cingulum_Ant_R	Cingulum_Mid_L	Cingulum_Mid_R	Cingulum_Post_L	Cingulum_Post_R	Hippocampus_L	Hippocampus_R	ParaHippocampal_L	ParaHippocampal_R	Amygdala_L	Amygdala_R	Calcarine_L	Calcarine_R	Cuneus_L	Cuneus_R	Lingual_L	Lingual_R	Occipital_Sup_L	Occipital_Sup_R	Occipital_Mid_L	Occipital_Mid_R	Occipital_Inf_L	Occipital_Inf_R	Fusiform_L	Fusiform_R	Postcentral_L	Postcentral_R	Parietal_Sup_L	Parietal_Sup_R	Parietal_Inf_L	Parietal_Inf_R	SupraMarginal_L	SupraMarginal_R	Angular_L	Angular_R	Precuneus_L	Precuneus_R	Paracentral_Lobule_L	Paracentral_Lobule_R	Caudate_L	Caudate_R	Putamen_L	Putamen_R	Pallidum_L	Pallidum_R	Thalamus_L	Thalamus_R	Heschl_L	Heschl_R	Temporal_Sup_L	Temporal_Sup_R	Temporal_Pole_Sup_L	Temporal_Pole_Sup_R	Temporal_Mid_L	Temporal_Mid_R	Temporal_Pole_Mid_L	Temporal_Pole_Mid_R	Temporal_Inf_L	Temporal_Inf_R	Cerebelum_Crus1_L	Cerebelum_Crus1_R	Cerebelum_Crus2_L	Cerebelum_Crus2_R	Cerebelum_3_L	Cerebelum_3_R	Cerebelum_4_5_L	Cerebelum_4_5_R	Cerebelum_6_L	Cerebelum_6_R	Cerebelum_7b_L	Cerebelum_7b_R	Cerebelum_8_L	Cerebelum_8_R	Cerebelum_9_L	Cerebelum_9_R	Cerebelum_10_L	Cerebelum_10_R	Vermis_1_2	Vermis_3	Vermis_4_5	Vermis_6	Vermis_7	Vermis_8	Vermis_9	Vermis_10	
484632	Precentral_L	0	0	25164	116	0	0	34790	0	0	0	28866	0	3962	0	238	0	23874	0	6462	1644	0	0	1182	130	0	0	0	0	30158	0	3424	156	764	672	0	0	7700	0	516	0	0	0	0	0	0	0	0	0	0	0	794	0	444	0	966	0	17306	0	574	0	3100	0	2460	0	804	0	0	0	8584	120	3998	0	13678	194	758	0	718	0	9238	0	5802	0	0	0	1434	0	0	0	1526	0	0	0	0	0	0	0	0	0	0	0	0	0	0	0	0	0	0	0	0	0	0	0	0	0	0	0	
159224	Precentral_R	0	0	0	13398	0	0	0	7584	0	0	0	7720	0	186	0	0	0	1356	1012	2760	0	0	0	0	0	0	0	0	0	5336	0	0	180	234	0	242	0	2698	0	230	0	0	0	0	0	0	0	0	0	0	0	0	0	148	0	454	0	15324	0	180	0	1616	0	1736	0	596	0	0	834	1084	290	408	122	2216	0	0	540	5864	0	286	0	554	0	0	0	1342	0	0	0	3082	0	0	0	0	0	0	0	0	0	0	0	0	0	0	0	0	0	0	0	0	0	0	0	0	0	0	
882664	Frontal_Sup_L	25164	0	0	3028	6752	0	95074	0	4284	0	21168	0	22918	0	11610	0	14778	0	46290	12564	332	0	52286	2920	262	0	1042	0	39304	0	25860	2328	17410	2694	0	0	1284	156	0	0	0	0	0	0	0	0	0	0	0	0	0	0	0	0	0	0	1078	150	0	0	0	0	0	0	0	0	0	0	410	170	6422	144	17162	188	0	0	298	0	2248	0	3232	0	322	0	0	0	0	0	0	0	0	0	0	0	0	0	0	0	0	0	0	0	0	0	0	0	0	0	0	0	0	0	0	0	0	0	
845544	Frontal_Sup_R	116	13398	3028	0	0	4612	308	41152	0	678	0	7488	174	6830	0	1968	0	9700	4676	56216	0	180	18396	54130	0	1932	0	1134	254	17640	12428	61794	1036	25716	0	0	0	2666	0	530	0	0	0	0	0	0	0	0	0	0	0	0	0	0	0	606	0	2122	0	0	0	0	0	0	0	0	0	0	772	128	3960	27928	788	25210	120	1150	870	9992	0	612	0	0	0	334	0	0	0	0	0	0	0	0	0	0	0	0	0	0	0	0	0	0	0	0	0	0	0	0	0	0	0	0	0	0	0	0	
110296	Frontal_Sup_Orb_L	0	0	6752	0	0	0	1022	0	7534	0	0	0	250	0	8478	0	0	0	0	0	1884	0	3362	0	3584	0	6572	0	3994	0	4638	0	0	0	0	0	0	0	0	0	0	0	0	0	0	0	0	0	0	0	0	0	0	0	0	0	0	0	0	0	0	0	0	0	0	0	0	0	0	0	2144	0	4694	0	0	0	0	0	0	0	0	0	240	0	0	0	0	0	0	0	0	0	0	0	0	0	0	0	0	0	0	0	0	0	0	0	0	0	0	0	0	0	0	0	0	0	
75276	Frontal_Sup_Orb_R	0	0	0	4612	0	0	0	716	0	2248	0	0	0	312	0	2068	0	0	0	0	0	886	668	4512	0	5418	0	4796	0	562	1278	4772	0	0	0	0	0	0	0	0	0	0	0	0	0	0	0	0	0	0	0	0	0	0	0	0	0	0	0	0	0	0	0	0	0	0	0	0	0	0	0	2334	0	2456	0	0	0	0	0	0	0	0	0	0	0	0	0	0	0	0	0	0	0	0	0	0	0	0	0	0	0	0	0	0	0	0	0	0	0	0	0	0	0	0	0	0	
664916	Frontal_Mid_L	34790	0	95074	308	1022	0	0	0	4922	0	19376	0	49860	0	14904	0	8984	0	8550	450	0	0	22568	420	0	0	0	0	33004	0	10930	322	8912	200	0	0	1414	0	0	0	0	0	0	0	0	0	0	0	0	0	0	0	0	0	230	0	1814	0	238	0	752	0	458	0	296	0	0	0	698	0	1624	0	4654	0	0	0	964	0	1972	0	2080	0	100	0	136	0	0	0	432	0	0	0	0	0	0	0	0	0	0	0	0	0	0	0	0	0	0	0	0	0	0	0	0	0	0	0	
295108	Frontal_Mid_R	0	7584	0	41152	0	716	0	0	0	2662	0	8828	0	11090	0	6178	0	1792	162	1278	0	0	3772	10916	0	0	0	108	0	7002	2096	9178	244	7342	0	0	0	4028	0	348	0	0	0	0	0	0	0	0	0	0	0	0	0	154	0	698	0	708	0	0	0	286	0	478	0	0	0	0	0	0	282	2820	234	8012	0	154	0	1792	0	390	0	740	0	0	0	1494	0	0	0	2836	0	0	0	0	0	0	0	0	0	0	0	0	0	0	0	0	0	0	0	0	0	0	0	0	0	0	
74504	Frontal_Mid_Orb_L	0	0	4284	0	7534	0	4922	0	0	0	0	0	2404	0	11008	0	0	0	0	0	154	0	0	0	708	0	1970	0	1408	0	588	0	0	0	0	0	0	0	0	0	0	0	0	0	0	0	0	0	0	0	0	0	0	0	0	0	0	0	0	0	0	0	0	0	0	0	0	0	0	0	634	0	1638	0	0	0	0	0	0	0	0	0	0	0	0	0	0	0	0	0	0	0	0	0	0	0	0	0	0	0	0	0	0	0	0	0	0	0	0	0	0	0	0	0	0	0	
24188	Frontal_Mid_Orb_R	0	0	0	678	0	2248	0	2662	0	0	0	0	0	742	0	4964	0	0	0	0	0	0	0	108	0	262	0	240	0	190	0	0	0	0	0	0	0	0	0	0	0	0	0	0	0	0	0	0	0	0	0	0	0	0	0	0	0	0	0	0	0	0	0	0	0	0	0	0	0	0	0	0	0	0	0	0	0	0	0	0	0	0	0	0	0	0	0	0	0	0	0	0	0	0	0	0	0	0	0	0	0	0	0	0	0	0	0	0	0	0	0	0	0	0	0	0	
284404	Frontal_Inf_Oper_L	28866	0	21168	0	0	0	19376	0	0	0	0	0	13784	0	314	0	18862	0	5696	0	0	0	460	0	0	0	0	0	15242	0	832	0	1224	0	0	0	1534	0	218	0	0	0	0	0	0	0	0	0	0	0	0	0	0	0	182	0	3088	0	0	0	464	0	280	0	136	0	0	0	0	0	398	0	2692	0	130	0	122	0	2622	0	3886	0	308	0	152	0	0	0	166	0	0	0	0	0	0	0	0	0	0	0	0	0	0	0	0	0	0	0	0	0	0	0	0	0	0	0	
159476	Frontal_Inf_Oper_R	0	7720	0	7488	0	0	0	8828	0	0	0	0	0	7478	0	0	0	964	0	4830	0	0	910	1850	0	0	0	0	0	15364	402	2582	0	1346	0	0	0	1754	0	256	0	0	0	0	0	0	0	0	0	0	0	0	0	144	0	474	0	1320	0	0	0	396	0	560	0	0	0	0	0	0	456	1916	0	5730	0	344	0	250	0	188	0	708	0	162	0	1724	0	0	0	3594	0	0	0	0	0	0	0	0	0	0	0	0	0	0	0	0	0	0	0	0	0	0	0	0	0	0	
324668	Frontal_Inf_Tri_L	3962	0	22918	174	250	0	49860	0	2404	0	13784	0	0	0	17442	0	584	0	1222	102	0	0	4624	330	0	0	0	0	33706	0	5932	420	1524	154	0	0	0	0	0	0	0	0	0	0	0	0	0	0	0	0	0	0	0	0	0	0	0	0	0	0	0	0	0	0	0	0	0	0	0	0	1230	0	1160	0	0	0	0	0	0	0	384	0	168	0	0	0	0	0	0	0	0	0	0	0	0	0	0	0	0	0	0	0	0	0	0	0	0	0	0	0	0	0	0	0	0	0	
132748	Frontal_Inf_Tri_R	0	186	0	6830	0	312	0	11090	0	742	0	7478	0	0	0	6728	0	0	0	956	0	0	444	1796	0	0	0	0	0	19758	0	2382	0	1298	0	0	0	0	0	0	0	0	0	0	0	0	0	0	0	0	0	0	0	0	0	0	0	0	0	0	0	0	0	0	0	0	0	0	0	0	174	3406	0	2794	0	0	0	0	0	0	0	0	0	0	0	0	0	0	0	0	0	0	0	0	0	0	0	0	0	0	0	0	0	0	0	0	0	0	0	0	0	0	0	0	0	0	
177080	Frontal_Inf_Orb_L	238	0	11610	0	8478	0	14904	0	11008	0	314	0	17442	0	0	0	104	0	190	0	1664	0	686	0	0	0	1628	0	12266	0	646	0	622	0	0	0	0	0	140	0	0	0	0	0	0	0	0	0	0	0	0	0	0	0	0	0	0	0	0	0	0	0	0	0	0	0	0	0	0	0	1978	0	3816	0	0	0	0	0	0	0	0	0	806	0	0	0	0	0	0	0	0	0	0	0	0	0	0	0	0	0	0	0	0	0	0	0	0	0	0	0	0	0	0	0	0	0	
72224	Frontal_Inf_Orb_R	0	0	0	1968	0	2068	0	6178	0	4964	0	0	0	6728	0	0	0	0	0	0	0	904	0	206	0	0	0	968	0	7784	0	192	0	0	0	0	0	0	0	0	0	0	0	0	0	0	0	0	0	0	0	0	0	0	0	0	0	0	0	0	0	0	0	0	0	0	0	0	0	0	0	2294	0	1858	0	0	0	0	0	0	0	0	0	0	0	0	0	0	0	0	0	0	0	0	0	0	0	0	0	0	0	0	0	0	0	0	0	0	0	0	0	0	0	0	0	0	
281424	Rolandic_Oper_L	23874	0	14778	0	0	0	8984	0	0	0	18862	0	584	0	104	0	0	0	4258	0	0	0	0	0	0	0	0	0	18858	0	110	0	0	0	0	0	3570	0	532	0	0	0	0	0	0	0	0	0	0	0	2328	0	162	0	802	0	7734	0	1880	0	2302	0	2790	0	600	0	0	0	1378	0	0	0	4344	0	648	0	548	0	7296	0	9224	0	304	0	1998	0	0	0	1860	0	0	0	0	0	0	0	0	0	0	0	0	0	0	0	0	0	0	0	0	0	0	0	0	0	0	0	
110668	Rolandic_Oper_R	0	1356	0	9700	0	0	0	1792	0	0	0	964	0	0	0	0	0	0	474	7684	0	0	294	312	0	0	0	0	0	13170	124	818	0	324	0	0	0	610	0	132	0	0	0	0	0	0	0	0	0	0	0	0	0	0	0	176	0	3020	0	0	0	98	0	2044	0	476	0	0	440	0	230	550	0	5492	0	526	118	920	0	1418	0	1472	0	600	0	0	0	0	0	0	0	0	0	0	0	0	0	0	0	0	0	0	0	0	0	0	0	0	0	0	0	0	0	0	0	0	
456892	Supp_Motor_Area_L	6462	1012	46290	4676	0	0	8550	162	0	0	5696	0	1222	0	190	0	4258	474	0	28794	0	0	6768	1080	0	0	0	0	5550	206	6830	2654	13416	12876	104	328	1266	190	0	0	0	0	0	0	0	0	0	0	0	0	0	156	0	1406	0	0	338	3182	0	0	0	0	0	0	0	0	0	0	26668	3082	4532	2918	5748	692	1588	292	12672	2714	566	0	1114	0	0	0	0	1724	0	0	0	0	0	0	0	0	0	0	0	0	0	0	0	0	0	0	0	0	0	0	0	0	0	0	0	0	0	0	
735668	Supp_Motor_Area_R	1644	2760	12564	56216	0	0	450	1278	0	0	0	4830	102	956	0	0	0	7684	28794	0	0	0	1058	5186	0	0	0	0	166	11920	3786	20166	9104	44030	132	3740	0	714	0	0	0	0	0	296	0	614	0	0	0	812	0	938	0	5870	0	258	754	18690	194	0	610	0	0	0	0	0	0	2334	9356	27470	8778	32584	2314	13304	278	528	3226	13210	0	364	0	0	0	0	0	6978	0	0	0	794	0	0	0	0	0	0	0	0	0	0	0	0	0	0	0	0	0	0	0	0	0	0	0	0	0	0	
75456	Olfactory_L	0	0	332	0	1884	0	0	0	154	0	0	0	0	0	1664	0	0	0	0	0	0	4354	226	0	538	0	3402	290	2958	116	4230	1532	0	0	0	0	318	0	254	0	424	0	0	0	0	0	0	0	0	0	0	0	0	0	0	0	0	0	0	0	0	0	0	0	0	0	0	0	0	0	6976	4062	2568	312	0	0	0	0	0	0	0	0	1134	0	0	0	0	0	0	0	0	0	0	0	0	0	0	0	0	0	0	0	0	0	0	0	0	0	0	0	0	0	0	0	0	0	
75756	Olfactory_R	0	0	0	180	0	886	0	0	0	0	0	0	0	0	0	904	0	0	0	0	4354	0	0	0	158	902	2496	2644	0	1982	3094	3290	0	0	0	0	0	0	0	0	0	442	0	0	0	0	0	0	0	0	0	0	0	0	0	0	0	0	0	0	0	0	0	0	0	0	0	0	0	0	5632	7158	3046	710	0	0	0	0	0	0	0	0	0	0	0	0	0	0	0	0	0	0	0	0	0	0	0	0	0	0	0	0	0	0	0	0	0	0	0	0	0	0	0	0	0	0	
494228	Frontal_Sup_Medial_L	1182	0	52286	18396	3362	668	22568	3772	0	0	460	910	4624	444	686	0	0	294	6768	1058	226	0	0	27486	2338	1348	1624	158	4960	1256	32356	23348	10528	14542	0	0	0	0	0	0	0	0	0	0	0	0	0	0	0	0	0	0	0	0	0	0	0	0	0	0	0	0	0	0	0	0	0	0	0	0	2740	888	4652	1186	0	0	0	0	0	0	0	0	0	0	0	0	0	0	0	0	0	0	0	0	0	0	0	0	0	0	0	0	0	0	0	0	0	0	0	0	0	0	0	0	0	0	
426508	Frontal_Sup_Medial_R	130	0	2920	54130	0	4512	420	10916	0	108	0	1850	330	1796	0	206	0	312	1080	5186	0	0	27486	0	262	6262	0	1536	524	2402	13898	44132	494	18836	0	0	0	118	0	0	0	0	0	0	0	0	0	0	0	0	0	0	0	0	0	0	0	0	0	0	0	0	0	0	0	0	0	0	0	0	464	6596	718	5242	0	0	0	388	0	0	0	0	0	0	0	0	0	0	0	0	0	0	0	0	0	0	0	0	0	0	0	0	0	0	0	0	0	0	0	0	0	0	0	0	0	0	
36280	Frontal_Med_Orb_L	0	0	262	0	3584	0	0	0	708	0	0	0	0	0	0	0	0	0	0	0	538	158	2338	262	0	406	3720	120	0	0	4710	100	0	0	0	0	0	0	0	0	0	0	0	0	0	0	0	0	0	0	0	0	0	0	0	0	0	0	0	0	0	0	0	0	0	0	0	0	0	0	612	126	496	0	0	0	0	0	0	0	0	0	0	0	0	0	0	0	0	0	0	0	0	0	0	0	0	0	0	0	0	0	0	0	0	0	0	0	0	0	0	0	0	0	0	0	
71816	Frontal_Med_Orb_R	0	0	0	1932	0	5418	0	0	0	262	0	0	0	0	0	0	0	0	0	0	0	902	1348	6262	406	0	418	7702	0	0	2784	6044	0	0	0	0	0	0	0	0	0	0	0	0	0	0	0	0	0	0	0	0	0	0	0	0	0	0	0	0	0	0	0	0	0	0	0	0	0	0	0	2080	0	350	0	0	0	0	0	0	0	0	0	0	0	0	0	0	0	0	0	0	0	0	0	0	0	0	0	0	0	0	0	0	0	0	0	0	0	0	0	0	0	0	0	0	
91480	Rectus_L	0	0	1042	0	6572	0	0	0	1970	0	0	0	0	0	1628	0	0	0	0	0	3402	2496	1624	0	3720	418	0	630	500	0	7342	2340	0	0	0	0	0	0	0	0	0	0	0	0	0	0	0	0	0	0	0	0	0	0	0	0	0	0	0	0	0	0	0	0	0	0	0	0	0	0	5330	2634	3838	254	0	0	0	0	0	0	0	0	0	0	0	0	0	0	0	0	0	0	0	0	0	0	0	0	0	0	0	0	0	0	0	0	0	0	0	0	0	0	0	0	0	0	
64164	Rectus_R	0	0	0	1134	0	4796	0	108	0	240	0	0	0	0	0	968	0	0	0	0	290	2644	158	1536	120	7702	630	0	0	884	738	4676	0	0	0	0	0	0	0	0	0	0	0	0	0	0	0	0	0	0	0	0	0	0	0	0	0	0	0	0	0	0	0	0	0	0	0	0	0	0	328	3492	210	1428	0	0	0	0	0	0	0	0	0	0	0	0	0	0	0	0	0	0	0	0	0	0	0	0	0	0	0	0	0	0	0	0	0	0	0	0	0	0	0	0	0	0	
653264	Insula_L	30158	0	39304	254	3994	0	33004	0	1408	0	15242	0	33706	0	12266	0	18858	0	5550	166	2958	0	4960	524	0	0	500	0	0	0	7806	720	1310	232	0	0	18500	0	1756	0	5866	0	0	0	0	0	0	0	0	0	460	0	348	0	6884	0	8822	0	916	0	2562	0	3994	0	1378	0	0	0	870	0	1810	0	22074	0	200	0	1082	0	13218	0	8578	0	3952	0	1398	0	144	0	8900	0	0	0	0	0	0	0	0	0	0	0	0	0	0	0	0	0	0	0	0	0	0	0	0	0	0	0	
331464	Insula_R	0	5336	0	17640	0	562	0	7002	0	190	0	15364	0	19758	0	7784	0	13170	206	11920	116	1982	1256	2402	0	0	0	884	0	0	766	4796	0	2734	0	0	0	4206	0	1402	0	1670	0	0	0	0	0	0	0	0	0	0	0	0	0	2044	0	2152	0	0	0	0	0	96	0	0	0	0	124	0	852	7588	118	25732	0	248	98	760	0	500	0	1916	0	976	0	400	0	0	0	982	0	0	0	0	0	0	0	0	0	0	0	0	0	0	0	0	0	0	0	0	0	0	0	0	0	0	
513884	Cingulum_Ant_L	3424	0	25860	12428	4638	1278	10930	2096	588	0	832	402	5932	0	646	0	110	124	6830	3786	4230	3094	32356	13898	4710	2784	7342	738	7806	766	0	35696	6836	6656	0	0	0	0	0	0	0	0	0	0	0	0	0	0	0	0	0	0	0	0	0	0	0	0	0	0	0	0	0	0	0	0	0	0	0	0	17490	8692	19374	4408	0	0	162	0	0	0	0	0	0	0	0	0	0	0	0	0	0	0	0	0	0	0	0	0	0	0	0	0	0	0	0	0	0	0	0	0	0	0	0	0	0	0	
682088	Cingulum_Ant_R	156	0	2328	61794	0	4772	322	9178	0	0	0	2582	420	2382	0	192	0	818	2654	20166	1532	3290	23348	44132	100	6044	2340	4676	720	4796	35696	0	2172	31330	0	0	0	302	0	134	0	0	0	0	0	0	0	0	0	0	0	0	0	0	0	146	0	0	0	0	0	0	0	0	0	0	0	0	0	0	4348	38270	3540	24846	146	174	284	790	0	0	0	0	0	124	0	0	0	0	0	0	0	0	0	0	0	0	0	0	0	0	0	0	0	0	0	0	0	0	0	0	0	0	0	0	0	0	
221364	Cingulum_Mid_L	764	180	17410	1036	0	0	8912	244	0	0	1224	0	1524	0	622	0	0	0	13416	9104	0	0	10528	494	0	0	0	0	1310	0	6836	2172	0	9808	2906	850	0	0	0	0	0	0	228	0	768	0	0	0	0	0	402	248	178	1572	0	0	364	3250	306	0	160	0	0	0	132	0	1836	162	4902	3650	548	218	472	0	0	0	0	0	0	0	0	0	0	0	116	1672	0	0	158	0	0	0	0	0	0	0	0	0	0	0	0	0	0	0	0	0	0	0	0	0	0	0	0	0	0	0	
525828	Cingulum_Mid_R	672	234	2694	25716	0	0	200	7342	0	0	0	1346	154	1298	0	0	0	324	12876	44030	0	0	14542	18836	0	0	0	0	232	2734	6656	31330	9808	0	228	8602	0	454	0	0	0	0	0	266	0	498	0	296	0	902	0	1146	0	5724	0	186	754	13908	194	0	610	0	0	0	0	0	0	4796	7780	23146	134	1174	118	1314	0	0	1242	968	0	0	0	0	0	0	0	6954	0	0	0	496	0	0	0	0	0	0	0	0	0	0	0	0	0	0	0	0	0	0	0	0	0	0	0	0	0	0	
43320	Cingulum_Post_L	0	0	0	0	0	0	0	0	0	0	0	0	0	0	0	0	0	0	104	132	0	0	0	0	0	0	0	0	0	0	0	0	2906	228	0	2932	1830	954	484	0	0	0	1534	0	122	0	810	0	0	0	964	0	686	0	288	0	104	0	110	0	164	0	0	0	354	0	4324	0	456	114	0	0	0	0	0	0	756	0	0	0	0	0	0	0	708	0	0	0	596	0	0	0	0	0	0	0	0	0	0	0	0	0	0	0	0	0	0	0	0	0	0	0	0	0	0	0	
161304	Cingulum_Post_R	0	242	0	0	0	0	0	0	0	0	0	0	0	0	0	0	0	0	328	3740	0	0	0	0	0	0	0	0	0	0	0	0	850	8602	2932	0	1196	5006	414	98	0	0	0	1636	0	4094	0	2586	0	5966	0	2474	0	3792	0	292	0	5472	0	1860	0	136	0	0	0	174	0	15264	418	4444	0	0	0	0	0	0	2148	382	0	0	0	0	0	0	0	3386	0	0	0	2720	0	0	0	0	0	0	0	0	0	0	0	0	0	0	0	0	0	0	0	0	0	0	0	0	0	0	
207544	Hippocampus_L	7700	0	1284	0	0	0	1414	0	0	0	1534	0	0	0	0	0	3570	0	1266	0	318	0	0	0	0	0	0	0	18500	0	0	0	0	0	1830	1196	0	1068	6004	0	7878	0	1362	0	0	0	1088	0	0	0	0	0	96	0	10580	0	520	0	0	0	0	0	0	0	0	0	2232	0	1280	0	0	0	11964	0	384	0	4288	0	3722	0	1098	0	952	0	324	0	112	0	10208	0	0	0	0	0	0	0	0	0	0	0	0	0	0	0	0	0	0	0	0	0	0	0	0	0	0	0	
201628	Hippocampus_R	0	2698	156	2666	0	0	0	4028	0	0	0	1754	0	0	0	0	0	610	190	714	0	0	0	118	0	0	0	0	0	4206	0	302	0	454	954	5006	1068	0	364	13368	0	8486	0	224	0	0	0	1832	0	0	0	0	0	352	0	22402	0	502	0	0	0	162	0	0	0	100	0	2388	0	348	0	134	0	10404	0	0	2522	2674	0	170	0	978	0	460	0	920	0	0	0	7100	0	0	0	0	0	0	0	0	0	0	0	0	0	0	0	0	0	0	0	0	0	0	0	0	0	0	
54600	ParaHippocampal_L	516	0	0	0	0	0	0	0	0	0	218	0	0	0	140	0	532	0	0	0	254	0	0	0	0	0	0	0	1756	0	0	0	0	0	484	414	6004	364	0	0	1418	0	604	0	0	0	1972	106	0	0	276	0	328	0	3732	0	132	0	0	0	0	0	0	0	0	0	1362	0	0	0	0	0	1988	0	0	0	458	0	230	0	0	0	1126	0	0	0	1040	0	1214	0	0	0	0	0	212	0	0	0	0	0	0	0	0	0	0	0	0	0	144	276	0	0	0	0	0	0	
98236	ParaHippocampal_R	0	230	0	530	0	0	0	348	0	0	0	256	0	0	0	0	0	132	0	0	0	0	0	0	0	0	0	0	0	1402	0	134	0	0	0	98	0	13368	0	0	0	4088	0	646	0	0	0	1594	0	0	0	0	0	554	0	14848	0	0	0	0	0	0	0	0	0	0	0	874	0	0	0	0	0	4682	0	0	0	270	0	0	0	172	0	1766	0	0	0	1182	0	1944	0	0	0	0	0	0	0	0	0	0	0	0	0	0	0	0	0	0	0	0	0	0	0	0	0	0	
44440	Amygdala_L	0	0	0	0	0	0	0	0	0	0	0	0	0	0	0	0	0	0	0	0	424	0	0	0	0	0	0	0	5866	0	0	0	0	0	0	0	7878	0	1418	0	0	0	0	0	0	0	0	0	0	0	0	0	0	0	2632	0	0	0	0	0	0	0	0	0	0	0	0	0	0	0	0	0	1232	0	0	0	0	0	0	0	144	0	1290	0	0	0	118	0	1218	0	0	0	0	0	0	0	0	0	0	0	0	0	0	0	0	0	0	0	0	0	0	0	0	0	0	0	
46324	Amygdala_R	0	0	0	0	0	0	0	0	0	0	0	0	0	0	0	0	0	0	0	0	0	442	0	0	0	0	0	0	0	1670	0	0	0	0	0	0	0	8486	0	4088	0	0	0	0	0	0	0	0	0	0	0	0	0	0	0	5542	0	0	0	0	0	0	0	0	0	0	0	0	0	0	0	0	0	858	0	0	0	0	0	0	0	0	0	1300	0	0	0	274	0	502	0	0	0	0	0	0	0	0	0	0	0	0	0	0	0	0	0	0	0	0	0	0	0	0	0	0	
127552	Calcarine_L	0	0	0	0	0	0	0	0	0	0	0	0	0	0	0	0	0	0	0	0	0	0	0	0	0	0	0	0	0	0	0	0	228	0	1534	0	1362	0	604	0	0	0	0	1698	12424	3864	5340	638	5374	982	10682	0	1438	0	1052	0	170	0	1068	0	0	0	0	0	0	0	13500	592	0	0	0	0	0	0	0	0	0	0	0	0	0	0	0	0	1226	0	0	0	0	0	0	0	0	0	0	0	0	0	0	0	0	0	0	0	0	0	0	0	0	0	0	0	0	0	0	0	
176208	Calcarine_R	0	0	0	0	0	0	0	0	0	0	0	0	0	0	0	0	0	0	0	296	0	0	0	0	0	0	0	0	0	0	0	0	0	266	0	1636	0	224	0	646	0	0	1698	0	1030	20346	946	14176	0	18734	0	7668	0	4620	0	3542	0	258	0	0	0	0	0	0	0	0	504	8250	0	446	0	0	0	0	0	0	0	0	0	0	0	0	0	0	0	692	0	0	0	2126	0	0	0	0	0	0	0	0	0	0	0	0	0	0	0	0	0	0	0	0	0	0	0	0	0	0	
144636	Cuneus_L	0	0	0	0	0	0	0	0	0	0	0	0	0	0	0	0	0	0	0	0	0	0	0	0	0	0	0	0	0	0	0	0	768	0	122	0	0	0	0	0	0	0	12424	1030	0	4764	282	256	14868	1158	15400	0	496	0	214	0	580	0	1976	0	282	0	0	0	216	0	14872	752	372	0	0	0	0	0	0	0	0	0	0	0	0	0	0	0	1346	0	0	0	140	0	0	0	0	0	0	0	0	0	0	0	0	0	0	0	0	0	0	0	0	0	0	0	0	0	0	0	
231708	Cuneus_R	0	0	0	0	0	0	0	0	0	0	0	0	0	0	0	0	0	0	0	614	0	0	0	0	0	0	0	0	0	0	0	0	0	498	0	4094	0	0	0	0	0	0	3864	20346	4764	0	0	7162	212	32684	0	9314	0	1080	0	1384	0	4048	0	3412	0	0	0	0	0	98	1240	17016	0	2844	0	0	0	0	0	0	0	0	0	0	0	0	0	0	0	888	0	0	0	292	0	0	0	0	0	0	0	0	0	0	0	0	0	0	0	0	0	0	0	0	0	0	0	0	0	0	
132140	Lingual_L	0	0	0	0	0	0	0	0	0	0	0	0	0	0	0	0	0	0	0	0	0	0	0	0	0	0	0	0	0	0	0	0	0	0	810	0	1088	0	1972	0	0	0	5340	946	282	0	0	970	268	0	14752	0	7078	0	9226	0	0	0	0	0	0	0	0	0	0	0	4606	0	0	0	0	0	0	0	0	0	0	0	0	0	0	0	0	0	0	0	0	0	350	0	3924	0	682	0	0	0	4050	0	7468	0	670	0	730	0	0	0	0	0	0	0	146	712	0	0	0	0	
166268	Lingual_R	0	0	0	0	0	0	0	0	0	0	0	0	0	0	0	0	0	0	0	0	0	0	0	0	0	0	0	0	0	0	0	0	0	296	0	2586	0	1832	106	1594	0	0	638	14176	256	7162	970	0	0	9112	0	4162	0	3222	0	12122	0	0	0	0	0	0	0	0	0	0	0	6112	0	288	0	0	0	0	0	0	0	0	0	0	0	0	0	0	0	354	0	0	0	830	292	3734	122	0	142	0	0	1338	302	5376	0	0	0	0	0	0	0	0	0	0	1800	4210	0	0	0	0	
100328	Occipital_Sup_L	0	0	0	0	0	0	0	0	0	0	0	0	0	0	0	0	0	0	0	0	0	0	0	0	0	0	0	0	0	0	0	0	0	0	0	0	0	0	0	0	0	0	5374	0	14868	212	268	0	0	0	19598	0	430	0	0	0	0	0	1858	0	0	0	0	0	102	0	7114	0	0	0	0	0	0	0	0	0	0	0	0	0	0	0	0	0	340	0	0	0	0	0	0	0	0	0	0	0	0	0	0	0	0	0	0	0	0	0	0	0	0	0	0	0	0	0	0	0	
251720	Occipital_Sup_R	0	0	0	0	0	0	0	0	0	0	0	0	0	0	0	0	0	0	0	812	0	0	0	0	0	0	0	0	0	0	0	0	0	902	0	5966	0	0	0	0	0	0	982	18734	1158	32684	0	9112	0	0	0	17442	0	1946	0	3490	0	4328	0	5620	0	282	0	368	0	1556	378	15280	0	3242	0	0	0	0	0	0	0	0	0	0	0	0	0	0	0	1344	0	0	0	234	0	0	0	0	0	0	0	0	0	0	0	0	0	0	0	0	0	0	0	0	0	0	0	0	0	0	
362156	Occipital_Mid_L	794	0	0	0	0	0	0	0	0	0	0	0	0	0	0	0	2328	0	0	0	0	0	0	0	0	0	0	0	460	0	0	0	402	0	964	0	0	0	276	0	0	0	10682	0	15400	0	14752	0	19598	0	0	0	22792	0	10564	0	2558	0	14976	0	14894	0	1684	0	13238	0	14966	0	1732	0	0	0	0	0	0	0	0	0	630	0	1444	0	0	0	13974	0	0	0	1970	0	0	0	0	0	0	0	0	0	0	0	0	0	0	0	0	0	0	0	0	0	0	0	0	0	0	0	
175964	Occipital_Mid_R	0	0	0	0	0	0	0	0	0	0	0	0	0	0	0	0	0	0	156	938	0	0	0	0	0	0	0	0	0	0	0	0	248	1146	0	2474	0	0	0	0	0	0	0	7668	0	9314	0	4162	0	17442	0	0	0	5536	0	3984	0	1720	0	1568	0	1422	0	1934	0	7764	0	4990	156	1586	0	0	0	0	0	0	0	0	0	0	0	966	0	0	0	11050	0	0	0	1758	0	0	0	0	0	0	0	0	0	0	0	0	0	0	0	0	0	0	0	0	0	0	0	0	0	0	
130332	Occipital_Inf_L	444	0	0	0	0	0	0	0	0	0	0	0	0	0	0	0	162	0	0	0	0	0	0	0	0	0	0	0	348	0	0	0	178	0	686	0	96	0	328	0	0	0	1438	0	496	0	7078	0	430	0	22792	0	0	0	13260	0	222	0	408	0	1364	0	192	0	1252	0	2004	0	780	0	0	0	0	0	0	0	0	0	950	0	232	0	0	0	3884	0	0	0	5846	0	132	0	0	0	0	0	0	0	164	0	0	0	0	0	0	0	0	0	0	0	0	0	0	0	0	0	
145156	Occipital_Inf_R	0	148	0	0	0	0	0	154	0	0	0	144	0	0	0	0	0	0	1406	5870	0	0	0	0	0	0	0	0	0	0	0	0	1572	5724	0	3792	0	352	0	554	0	0	0	4620	0	1080	0	3222	0	1946	0	5536	0	0	0	5960	0	5672	0	0	0	0	0	0	0	0	0	3250	1814	5874	0	0	0	0	0	0	368	0	0	0	0	0	0	0	0	7870	0	0	0	5542	0	0	0	0	0	0	0	0	0	108	0	0	0	0	0	0	0	0	0	0	0	0	0	0	0	0	
246416	Fusiform_L	966	0	0	0	0	0	230	0	0	0	182	0	0	0	0	0	802	0	0	0	0	0	0	0	0	0	0	0	6884	0	0	0	0	0	288	0	10580	0	3732	0	2632	0	1052	0	214	0	9226	0	0	0	10564	0	13260	0	0	0	234	0	120	0	466	0	224	0	444	0	1732	0	140	0	0	0	1732	0	0	0	228	0	1584	0	1134	0	2412	0	2880	0	2264	0	14002	0	7950	0	1180	0	0	0	6128	0	14554	0	1462	0	1132	0	0	0	0	0	0	0	0	594	0	0	0	0	
261316	Fusiform_R	0	454	0	606	0	0	0	698	0	0	0	474	0	0	0	0	0	176	0	258	0	0	0	0	0	0	0	0	0	2044	0	146	0	186	0	292	0	22402	0	14848	0	5542	0	3542	0	1384	0	12122	0	3490	0	3984	0	5960	0	0	0	146	0	0	0	0	0	0	0	0	0	1280	0	136	0	0	0	5502	0	0	0	0	0	0	0	606	0	3510	0	1390	0	1434	0	12010	126	7146	0	570	0	0	0	3740	130	9666	0	0	0	218	0	0	0	0	0	0	1912	2528	0	0	0	0	
194460	Postcentral_L	17306	0	1078	0	0	0	1814	0	0	0	3088	0	0	0	0	0	7734	0	338	754	0	0	0	0	0	0	0	0	8822	0	0	0	364	754	104	0	520	0	132	0	0	0	170	0	580	0	0	0	0	0	2558	0	222	0	234	0	0	340	6096	0	16422	0	10528	0	1158	0	2050	0	6122	754	0	0	774	0	170	0	0	0	2146	0	2892	0	0	0	704	0	0	0	502	0	0	0	0	0	0	0	0	0	0	0	0	0	0	0	0	0	0	0	0	0	0	0	0	0	0	0	
290804	Postcentral_R	0	15324	150	2122	0	0	0	708	0	0	0	1320	0	0	0	0	0	3020	3182	18690	0	0	0	0	0	0	0	0	0	2152	0	0	3250	13908	0	5472	0	502	0	0	0	0	0	258	0	4048	0	0	0	4328	0	1720	0	5672	0	146	340	0	98	4142	224	5686	0	8958	0	1126	0	6112	4006	19770	0	0	0	422	0	0	834	0	0	128	0	228	0	0	0	6964	0	0	0	392	0	0	0	0	0	0	0	0	0	0	0	0	0	0	0	0	0	0	0	0	0	0	0	0	0	0	
133944	Parietal_Sup_L	574	0	0	0	0	0	238	0	0	0	0	0	0	0	0	0	1880	0	0	194	0	0	0	0	0	0	0	0	916	0	0	0	306	194	110	0	0	0	0	0	0	0	1068	0	1976	0	0	0	1858	0	14976	0	408	0	120	0	6096	98	0	0	13234	0	488	0	4896	0	10968	0	2062	194	0	0	0	0	0	0	0	0	362	0	1012	0	0	0	1632	0	0	0	1112	0	0	0	0	0	0	0	0	0	0	0	0	0	0	0	0	0	0	0	0	0	0	0	0	0	0	0	
62312	Parietal_Sup_R	0	180	0	0	0	0	0	0	0	0	0	0	0	0	0	0	0	0	0	0	0	0	0	0	0	0	0	0	0	0	0	0	0	0	0	1860	0	0	0	0	0	0	0	0	0	3412	0	0	0	5620	0	1568	0	0	0	0	0	4142	0	0	0	3470	0	2026	0	1016	0	5746	0	1856	0	0	0	0	0	0	0	0	0	0	0	158	0	0	0	102	0	0	0	0	0	0	0	0	0	0	0	0	0	0	0	0	0	0	0	0	0	0	0	0	0	0	0	0	0	0	
207688	Parietal_Inf_L	3100	0	0	0	0	0	752	0	0	0	464	0	0	0	0	0	2302	0	0	610	0	0	0	0	0	0	0	0	2562	0	0	0	160	610	164	0	0	0	0	0	0	0	0	0	282	0	0	0	0	0	14894	0	1364	0	466	0	16422	224	13234	0	0	0	12128	0	21390	0	768	0	1660	610	0	0	108	0	0	0	0	0	922	0	1368	0	0	0	4466	0	0	0	2814	0	0	0	0	0	0	0	0	0	0	0	0	0	0	0	0	0	0	0	0	0	0	0	0	0	0	0	
60400	Parietal_Inf_R	0	1616	0	0	0	0	0	286	0	0	0	396	0	0	0	0	0	98	0	0	0	0	0	0	0	0	0	0	0	0	0	0	0	0	0	136	0	162	0	0	0	0	0	0	0	0	0	0	0	282	0	1422	0	0	0	0	0	5686	0	3470	0	0	0	8584	0	5142	0	0	0	0	0	0	0	0	0	0	0	0	0	0	0	852	0	0	0	976	0	0	0	1092	0	0	0	0	0	0	0	0	0	0	0	0	0	0	0	0	0	0	0	0	0	0	0	0	0	0	
114896	SupraMarginal_L	2460	0	0	0	0	0	458	0	0	0	280	0	0	0	0	0	2790	0	0	0	0	0	0	0	0	0	0	0	3994	0	0	0	0	0	0	0	0	0	0	0	0	0	0	0	0	0	0	0	0	0	1684	0	192	0	224	0	10528	0	488	0	12128	0	0	0	9204	0	0	0	346	0	0	0	138	0	0	0	0	0	702	0	4408	0	0	0	4532	0	0	0	2892	0	0	0	0	0	0	0	0	0	0	0	0	0	0	0	0	0	0	0	0	0	0	0	0	0	0	0	
73528	SupraMarginal_R	0	1736	0	0	0	0	0	478	0	0	0	560	0	0	0	0	0	2044	0	0	0	0	0	0	0	0	0	0	0	96	0	0	0	0	0	0	0	0	0	0	0	0	0	0	0	0	0	0	0	368	0	1934	0	0	0	0	0	8958	0	2026	0	8584	0	0	0	5762	0	0	0	0	0	0	0	0	0	0	0	0	0	0	0	3170	0	0	0	862	0	0	0	186	0	0	0	0	0	0	0	0	0	0	0	0	0	0	0	0	0	0	0	0	0	0	0	0	0	0	
140812	Angular_L	804	0	0	0	0	0	296	0	0	0	136	0	0	0	0	0	600	0	0	0	0	0	0	0	0	0	0	0	1378	0	0	0	132	0	354	0	0	0	0	0	0	0	0	0	216	0	0	0	102	0	13238	0	1252	0	444	0	1158	0	4896	0	21390	0	9204	0	0	0	796	0	480	0	0	0	0	0	0	0	0	0	228	0	1426	0	0	0	8382	0	0	0	3494	0	0	0	0	0	0	0	0	0	0	0	0	0	0	0	0	0	0	0	0	0	0	0	0	0	0	0	
62672	Angular_R	0	596	0	0	0	0	0	0	0	0	0	0	0	0	0	0	0	476	0	0	0	0	0	0	0	0	0	0	0	0	0	0	0	0	0	174	0	100	0	0	0	0	0	0	0	98	0	0	0	1556	0	7764	0	0	0	0	0	1126	0	1016	0	5142	0	5762	0	0	0	0	0	112	0	0	0	0	0	0	0	0	0	0	0	1754	0	0	0	4644	0	0	0	1016	0	0	0	0	0	0	0	0	0	0	0	0	0	0	0	0	0	0	0	0	0	0	0	0	0	0	
185652	Precuneus_L	0	0	0	0	0	0	0	0	0	0	0	0	0	0	0	0	0	0	0	0	0	0	0	0	0	0	0	0	0	0	0	0	1836	0	4324	0	2232	0	1362	0	0	0	13500	504	14872	1240	4606	0	7114	378	14966	0	2004	0	1732	0	2050	0	10968	0	768	0	0	0	796	0	0	1044	2210	0	0	0	0	0	0	0	0	0	136	0	0	0	0	0	3078	0	0	0	1106	0	0	0	0	0	0	0	0	0	0	0	0	0	0	0	0	0	0	0	0	0	0	0	0	0	0	0	
215700	Precuneus_R	0	0	0	0	0	0	0	0	0	0	0	0	0	0	0	0	0	0	0	2334	0	0	0	0	0	0	0	0	0	0	0	0	162	4796	0	15264	0	2388	0	874	0	0	592	8250	752	17016	0	6112	0	15280	0	4990	0	3250	0	1280	0	6112	0	5746	0	0	0	0	0	0	1044	0	110	6998	0	0	0	0	0	0	0	0	0	0	0	0	0	0	0	2136	0	0	0	2214	0	0	0	0	0	0	0	0	0	0	0	0	0	0	0	0	0	0	0	0	150	0	0	0	0	0	
236240	Paracentral_Lobule_L	8584	834	410	772	0	0	698	0	0	0	0	0	0	0	0	0	1378	440	26668	9356	0	0	0	0	0	0	0	0	870	124	0	0	4902	7780	456	418	1280	0	0	0	0	0	0	0	372	0	0	0	0	0	1732	156	780	1814	140	0	6122	4006	2062	0	1660	0	346	0	480	0	2210	110	0	5388	974	2170	808	408	1180	264	12242	2310	228	0	572	0	0	0	1540	2120	0	0	956	0	0	0	0	0	0	0	0	0	0	0	0	0	0	0	0	0	0	0	0	0	0	0	0	0	0	0	
244632	Paracentral_Lobule_R	120	1084	170	128	0	0	0	0	0	0	0	0	0	0	0	0	0	0	3082	27470	0	0	0	0	0	0	0	0	0	0	0	0	3650	23146	114	4444	0	348	0	0	0	0	0	446	0	2844	0	288	0	3242	0	1586	0	5874	0	136	754	19770	194	1856	610	0	0	0	0	112	0	6998	5388	0	0	0	0	0	0	0	866	118	0	0	0	0	0	0	0	7058	0	0	0	420	0	0	0	0	0	0	0	0	0	0	0	0	0	0	0	0	0	0	0	0	0	0	0	0	0	0	
260136	Caudate_L	3998	290	6422	3960	2144	0	1624	282	634	0	398	456	1230	174	1978	0	0	230	4532	8778	6976	5632	2740	464	612	0	5330	328	1810	852	17490	4348	548	134	0	0	0	0	0	0	0	0	0	0	0	0	0	0	0	0	0	0	0	0	0	0	0	0	0	0	0	0	0	0	0	0	0	0	974	0	0	11570	26414	1942	1054	224	3134	362	0	0	0	0	0	0	0	0	0	0	0	0	0	0	0	0	0	0	0	0	0	0	0	0	0	0	0	0	0	0	0	0	0	0	0	0	0	0	
465296	Caudate_R	0	408	144	27928	0	2334	0	2820	0	0	0	1916	0	3406	0	2294	0	550	2918	32584	4062	7158	888	6596	126	2080	2634	3492	0	7588	8692	38270	218	1174	0	0	0	134	0	0	0	0	0	0	0	0	0	0	0	0	0	0	0	0	0	0	0	0	0	0	0	0	0	0	0	0	0	0	2170	0	11570	0	4630	34538	536	1804	2202	14784	0	0	0	0	0	0	0	0	0	0	0	0	0	0	0	0	0	0	0	0	0	0	0	0	0	0	0	0	0	0	0	0	0	0	0	0	0	0	
382004	Putamen_L	13678	122	17162	788	4694	0	4654	234	1638	0	2692	0	1160	0	3816	0	4344	0	5748	2314	2568	3046	4652	718	496	0	3838	210	22074	118	19374	3540	472	118	0	0	11964	0	1988	0	1232	0	0	0	0	0	0	0	0	0	0	0	0	0	1732	0	774	0	0	0	108	0	138	0	0	0	0	0	808	0	26414	4630	0	978	8034	186	3764	0	522	0	528	0	750	0	0	0	0	0	2184	0	0	0	0	0	0	0	0	0	0	0	0	0	0	0	0	0	0	0	0	0	0	0	0	0	0	0	
402784	Putamen_R	194	2216	188	25210	0	2456	0	8012	0	0	0	5730	0	2794	0	1858	0	5492	692	13304	312	710	1186	5242	0	350	254	1428	0	25732	4408	24846	0	1314	0	0	0	10404	0	4682	0	858	0	0	0	0	0	0	0	0	0	0	0	0	0	5502	0	422	0	0	0	0	0	0	0	0	0	0	408	0	1942	34538	978	0	0	3640	284	2310	0	210	0	1016	0	140	0	0	0	0	0	130	0	0	0	0	0	0	0	0	0	0	0	0	0	0	0	0	0	0	0	0	0	0	0	0	0	0	
36316	Pallidum_L	758	0	0	120	0	0	0	0	0	0	130	0	0	0	0	0	648	0	1588	278	0	0	0	0	0	0	0	0	200	0	0	146	0	0	0	0	384	0	0	0	0	0	0	0	0	0	0	0	0	0	0	0	0	0	0	0	170	0	0	0	0	0	0	0	0	0	0	0	1180	0	1054	536	8034	0	0	0	2932	0	0	0	0	0	0	0	0	0	0	0	0	0	0	0	0	0	0	0	0	0	0	0	0	0	0	0	0	0	0	0	0	0	0	0	0	0	0	0	
19632	Pallidum_R	0	0	0	1150	0	0	0	154	0	0	0	344	0	0	0	0	0	526	292	528	0	0	0	0	0	0	0	0	0	248	0	174	0	0	0	0	0	0	0	0	0	0	0	0	0	0	0	0	0	0	0	0	0	0	0	0	0	0	0	0	0	0	0	0	0	0	0	0	264	0	224	1804	186	3640	0	0	122	160	0	0	0	0	0	0	0	0	0	0	0	0	0	0	0	0	0	0	0	0	0	0	0	0	0	0	0	0	0	0	0	0	0	0	0	0	0	0	
127928	Thalamus_L	718	540	298	870	0	0	964	0	0	0	122	0	0	0	0	0	548	118	12672	3226	0	0	0	0	0	0	0	0	1082	98	162	284	0	1242	756	2148	4288	2522	458	0	0	0	0	0	0	0	0	0	0	0	0	0	0	368	228	0	0	834	0	0	0	0	0	0	0	0	0	0	12242	866	3134	2202	3764	284	2932	122	0	2714	0	0	118	0	0	0	0	550	0	0	490	0	0	0	0	0	0	0	0	0	0	0	0	0	0	0	0	0	0	0	0	0	0	0	0	0	0	0	
127464	Thalamus_R	0	5864	0	9992	0	0	0	1792	0	0	0	250	0	0	0	0	0	920	2714	13210	0	0	0	388	0	0	0	0	0	760	0	790	0	968	0	382	0	2674	0	270	0	0	0	0	0	0	0	0	0	0	0	0	0	0	0	0	0	0	0	0	0	0	0	0	0	0	0	0	2310	118	362	14784	0	2310	0	160	2714	0	0	0	0	0	0	0	0	0	0	0	0	0	0	0	0	0	0	0	0	0	0	0	0	0	0	0	0	0	0	0	0	0	0	0	0	0	0	0	
127480	Heschl_L	9238	0	2248	0	0	0	1972	0	0	0	2622	0	0	0	0	0	7296	0	566	0	0	0	0	0	0	0	0	0	13218	0	0	0	0	0	0	0	3722	0	230	0	0	0	0	0	0	0	0	0	0	0	630	0	950	0	1584	0	2146	0	362	0	922	0	702	0	228	0	136	0	228	0	0	0	522	0	0	0	0	0	0	0	5306	0	0	0	4622	0	0	0	4290	0	0	0	0	0	0	0	0	0	0	0	0	0	0	0	0	0	0	0	0	0	0	0	0	0	0	0	
14244	Heschl_R	0	286	0	612	0	0	0	390	0	0	0	188	0	0	0	0	0	1418	0	364	0	0	0	0	0	0	0	0	0	500	0	0	0	0	0	0	0	170	0	0	0	0	0	0	0	0	0	0	0	0	0	0	0	0	0	0	0	128	0	0	0	0	0	0	0	0	0	0	0	0	0	0	0	210	0	0	0	0	0	0	0	2226	0	0	0	374	0	0	0	256	0	0	0	0	0	0	0	0	0	0	0	0	0	0	0	0	0	0	0	0	0	0	0	0	0	0	
185128	Temporal_Sup_L	5802	0	3232	0	0	0	2080	0	0	0	3886	0	384	0	0	0	9224	0	1114	0	0	0	0	0	0	0	0	0	8578	0	0	0	0	0	0	0	1098	0	0	0	144	0	0	0	0	0	0	0	0	0	1444	0	232	0	1134	0	2892	0	1012	0	1368	0	4408	0	1426	0	0	0	572	0	0	0	528	0	0	0	118	0	5306	0	0	0	4242	0	20190	0	0	0	12150	0	0	0	0	0	0	0	0	0	0	0	0	0	0	0	0	0	0	0	0	0	0	0	0	0	0	0	
52256	Temporal_Sup_R	0	554	0	0	0	0	0	740	0	0	0	708	0	0	0	0	0	1472	0	0	0	0	0	0	0	0	0	0	0	1916	0	0	0	0	0	0	0	978	0	172	0	0	0	0	0	0	0	0	0	0	0	966	0	0	0	606	0	228	0	158	0	852	0	3170	0	1754	0	0	0	0	0	0	0	1016	0	0	0	0	0	2226	0	0	0	3558	0	3950	0	256	0	848	0	0	0	0	0	0	0	0	0	0	0	0	0	0	0	0	0	0	0	0	0	0	0	0	0	0	
78416	Temporal_Pole_Sup_L	0	0	322	0	240	0	100	0	0	0	308	0	168	0	806	0	304	0	0	0	1134	0	0	0	0	0	0	0	3952	0	0	0	0	0	0	0	952	0	1126	0	1290	0	0	0	0	0	0	0	0	0	0	0	0	0	2412	0	0	0	0	0	0	0	0	0	0	0	0	0	0	0	0	0	750	0	0	0	0	0	0	0	4242	0	0	0	6866	0	6518	0	7718	0	0	0	0	0	0	0	0	0	0	0	0	0	0	0	0	0	0	0	0	0	0	0	0	0	0	0	
36480	Temporal_Pole_Sup_R	0	0	0	334	0	0	0	0	0	0	0	162	0	0	0	0	0	600	0	0	0	0	0	0	0	0	0	0	0	976	0	124	0	0	0	0	0	460	0	1766	0	1300	0	0	0	0	0	0	0	0	0	0	0	0	0	3510	0	0	0	0	0	0	0	0	0	0	0	0	0	0	0	0	0	140	0	0	0	0	0	0	0	3558	0	0	0	2280	0	2294	0	736	0	0	0	0	0	0	0	0	0	0	0	0	0	0	0	0	0	0	0	0	0	0	0	0	0	0	
249256	Temporal_Mid_L	1434	0	0	0	0	0	136	0	0	0	152	0	0	0	0	0	1998	0	0	0	0	0	0	0	0	0	0	0	1398	0	0	0	116	0	708	0	324	0	0	0	0	0	1226	0	1346	0	0	0	340	0	13974	0	3884	0	2880	0	704	0	1632	0	4466	0	4532	0	8382	0	3078	0	1540	0	0	0	0	0	0	0	0	0	4622	0	20190	0	6866	0	0	0	5126	0	33574	0	0	0	0	0	0	0	0	0	0	0	0	0	0	0	0	0	0	0	0	0	0	0	0	0	0	0	
189592	Temporal_Mid_R	0	1342	0	0	0	0	0	1494	0	0	0	1724	0	0	0	0	0	0	1724	6978	0	0	0	0	0	0	0	0	0	400	0	0	1672	6954	0	3386	0	920	0	0	0	0	0	692	0	888	0	354	0	1344	0	11050	0	7870	0	1390	0	6964	0	102	0	976	0	862	0	4644	0	2136	2120	7058	0	0	0	0	0	0	550	0	0	374	0	3950	0	2280	0	0	0	630	0	11968	0	0	0	0	0	0	0	0	0	0	0	0	0	0	0	0	0	0	0	0	0	0	0	0	0	0	
41272	Temporal_Pole_Mid_L	0	0	0	0	0	0	0	0	0	0	0	0	0	0	0	0	0	0	0	0	0	0	0	0	0	0	0	0	144	0	0	0	0	0	0	0	112	0	1040	0	118	0	0	0	0	0	0	0	0	0	0	0	0	0	2264	0	0	0	0	0	0	0	0	0	0	0	0	0	0	0	0	0	0	0	0	0	0	0	0	0	0	0	6518	0	5126	0	0	0	5314	0	0	0	0	0	0	0	0	0	0	0	0	0	0	0	0	0	0	0	0	0	0	0	0	0	0	0	
13788	Temporal_Pole_Mid_R	0	0	0	0	0	0	0	0	0	0	0	0	0	0	0	0	0	0	0	0	0	0	0	0	0	0	0	0	0	0	0	0	0	0	0	0	0	0	0	1182	0	274	0	0	0	0	0	0	0	0	0	0	0	0	0	1434	0	0	0	0	0	0	0	0	0	0	0	0	0	0	0	0	0	0	0	0	0	0	0	0	0	256	0	2294	0	630	0	0	0	824	0	0	0	0	0	0	0	0	0	0	0	0	0	0	0	0	0	0	0	0	0	0	0	0	0	0	
257612	Temporal_Inf_L	1526	0	0	0	0	0	432	0	0	0	166	0	0	0	0	0	1860	0	0	0	0	0	0	0	0	0	0	0	8900	0	0	0	158	0	596	0	10208	0	1214	0	1218	0	0	0	140	0	350	0	0	0	1970	0	5846	0	14002	0	502	0	1112	0	2814	0	2892	0	3494	0	1106	0	956	0	0	0	2184	0	0	0	490	0	4290	0	12150	0	7718	0	33574	0	5314	0	0	0	1406	0	0	0	0	0	0	0	218	0	0	0	0	0	0	0	0	0	0	0	0	0	0	0	0	0	
138292	Temporal_Inf_R	0	3082	0	0	0	0	0	2836	0	0	0	3594	0	0	0	0	0	0	0	794	0	0	0	0	0	0	0	0	0	982	0	0	0	496	0	2720	0	7100	0	1944	0	502	0	2126	0	292	0	830	0	234	0	1758	0	5542	0	12010	0	392	0	0	0	1092	0	186	0	1016	0	2214	0	420	0	0	0	130	0	0	0	0	0	256	0	848	0	736	0	11968	0	824	0	0	0	1396	0	242	0	0	0	0	0	584	0	0	0	0	0	0	0	0	0	0	0	0	0	0	0	0	
463368	Cerebelum_Crus1_L	0	0	0	0	0	0	0	0	0	0	0	0	0	0	0	0	0	0	0	0	0	0	0	0	0	0	0	0	0	0	0	0	0	0	0	0	0	0	0	0	0	0	0	0	0	0	3924	292	0	0	0	0	132	0	7950	126	0	0	0	0	0	0	0	0	0	0	0	0	0	0	0	0	0	0	0	0	0	0	0	0	0	0	0	0	0	0	0	0	1406	0	0	8394	37140	12514	0	126	5796	170	46428	1890	31816	2358	31796	4958	1222	156	168	0	0	0	358	14346	16480	1070	398	270	
441880	Cerebelum_Crus1_R	0	0	0	0	0	0	0	0	0	0	0	0	0	0	0	0	0	0	0	0	0	0	0	0	0	0	0	0	0	0	0	0	0	0	0	0	0	0	0	0	0	0	0	0	0	0	0	3734	0	0	0	0	0	0	0	7146	0	0	0	0	0	0	0	0	0	0	0	0	0	0	0	0	0	0	0	0	0	0	0	0	0	0	0	0	0	0	0	0	0	1396	8394	0	6796	44716	0	2122	180	11518	3648	59724	5890	9434	4802	15484	0	1642	0	0	0	1120	4842	15610	11132	906	704	0	
282720	Cerebelum_Crus2_L	0	0	0	0	0	0	0	0	0	0	0	0	0	0	0	0	0	0	0	0	0	0	0	0	0	0	0	0	0	0	0	0	0	0	0	0	0	0	0	0	0	0	0	0	0	0	682	122	0	0	0	0	0	0	1180	0	0	0	0	0	0	0	0	0	0	0	0	0	0	0	0	0	0	0	0	0	0	0	0	0	0	0	0	0	0	0	0	0	0	0	37140	6796	0	10954	0	0	352	0	8658	598	29242	3504	19664	2558	108	0	0	0	0	0	0	5062	13574	1166	0	0	
355756	Cerebelum_Crus2_R	0	0	0	0	0	0	0	0	0	0	0	0	0	0	0	0	0	0	0	0	0	0	0	0	0	0	0	0	0	0	0	0	0	0	0	0	0	0	0	0	0	0	0	0	0	0	0	0	0	0	0	0	0	0	0	570	0	0	0	0	0	0	0	0	0	0	0	0	0	0	0	0	0	0	0	0	0	0	0	0	0	0	0	0	0	0	0	0	0	242	12514	44716	10954	0	0	390	134	1442	3804	19708	10496	15732	9400	19600	0	708	0	0	0	264	1106	6342	17680	1884	192	0	
9236	Cerebelum_3_L	0	0	0	0	0	0	0	0	0	0	0	0	0	0	0	0	0	0	0	0	0	0	0	0	0	0	0	0	0	0	0	0	0	0	0	0	0	0	212	0	0	0	0	0	0	0	0	142	0	0	0	0	0	0	0	0	0	0	0	0	0	0	0	0	0	0	0	0	0	0	0	0	0	0	0	0	0	0	0	0	0	0	0	0	0	0	0	0	0	0	0	0	0	0	0	0	2566	0	420	0	0	0	0	0	0	0	0	0	492	580	206	0	0	0	0	0	
33024	Cerebelum_3_R	0	0	0	0	0	0	0	0	0	0	0	0	0	0	0	0	0	0	0	0	0	0	0	0	0	0	0	0	0	0	0	0	0	0	0	0	0	0	0	0	0	0	0	0	0	0	0	0	0	0	0	0	0	0	0	0	0	0	0	0	0	0	0	0	0	0	0	0	0	0	0	0	0	0	0	0	0	0	0	0	0	0	0	0	0	0	0	0	0	0	126	2122	0	390	0	0	178	3754	248	4126	0	0	128	210	114	0	0	0	0	2140	1474	1146	210	146	0	0	
107560	Cerebelum_4_5_L	0	0	0	0	0	0	0	0	0	0	0	0	0	0	0	0	0	0	0	0	0	0	0	0	0	0	0	0	0	0	0	0	0	0	0	0	0	0	0	0	0	0	0	0	0	0	4050	0	0	0	0	0	0	0	6128	0	0	0	0	0	0	0	0	0	0	0	0	0	0	0	0	0	0	0	0	0	0	0	0	0	0	0	0	0	0	0	0	0	0	0	5796	180	352	134	2566	178	0	198	20482	448	2054	0	2484	0	3258	152	320	0	142	342	2372	1360	0	0	0	784	
105808	Cerebelum_4_5_R	0	0	0	0	0	0	0	0	0	0	0	0	0	0	0	0	0	0	0	0	0	0	0	0	0	0	0	0	0	0	0	0	0	0	0	0	0	0	0	0	0	0	0	0	0	0	0	1338	0	0	0	0	0	0	0	3740	0	0	0	0	0	0	0	0	0	0	0	0	0	0	0	0	0	0	0	0	0	0	0	0	0	0	0	0	0	0	0	0	0	0	170	11518	0	1442	0	3754	198	0	176	19458	0	104	140	982	0	258	0	0	0	1260	6258	1640	192	154	122	0	
355420	Cerebelum_6_L	0	0	0	0	0	0	0	0	0	0	0	0	0	0	0	0	0	0	0	0	0	0	0	0	0	0	0	0	0	0	0	0	0	0	0	0	0	0	0	0	0	0	0	0	0	0	7468	302	0	0	0	0	164	0	14554	130	0	0	0	0	0	0	0	0	0	0	0	0	0	0	0	0	0	0	0	0	0	0	0	0	0	0	0	0	0	0	0	0	218	0	46428	3648	8658	3804	420	248	20482	176	0	2296	11152	254	21442	2486	3578	382	470	0	0	194	1556	16444	7952	990	746	1068	
333068	Cerebelum_6_R	0	0	0	0	0	0	0	0	0	0	0	0	0	0	0	0	0	0	0	0	0	0	0	0	0	0	0	0	0	0	0	0	0	0	0	0	0	0	0	0	0	0	0	0	0	0	0	5376	0	0	0	0	0	108	0	9666	0	0	0	0	0	0	0	0	0	0	0	0	0	0	0	0	0	0	0	0	0	0	0	0	0	0	0	0	0	0	0	0	0	584	1890	59724	598	19708	0	4126	448	19458	2296	0	352	2904	1340	7094	204	1182	0	0	0	1812	7378	15384	3366	638	898	0	
290252	Cerebelum_7b_L	0	0	0	0	0	0	0	0	0	0	0	0	0	0	0	0	0	0	0	0	0	0	0	0	0	0	0	0	0	0	0	0	0	0	0	0	0	0	0	0	0	0	0	0	0	0	670	0	0	0	0	0	0	0	1462	0	0	0	0	0	0	0	0	0	0	0	0	0	0	0	0	0	0	0	0	0	0	0	0	0	0	0	0	0	0	0	0	0	0	0	31816	5890	29242	10496	0	0	2054	0	11152	352	0	3244	26260	3456	428	0	0	0	0	0	0	4482	12246	1752	124	0	
121064	Cerebelum_7b_R	0	0	0	0	0	0	0	0	0	0	0	0	0	0	0	0	0	0	0	0	0	0	0	0	0	0	0	0	0	0	0	0	0	0	0	0	0	0	0	0	0	0	0	0	0	0	0	0	0	0	0	0	0	0	0	0	0	0	0	0	0	0	0	0	0	0	0	0	0	0	0	0	0	0	0	0	0	0	0	0	0	0	0	0	0	0	0	0	0	0	2358	9434	3504	15732	0	0	0	104	254	2904	3244	0	2976	13054	0	278	0	0	0	0	0	884	4286	1520	0	0	
336916	Cerebelum_8_L	0	0	0	0	0	0	0	0	0	0	0	0	0	0	0	0	0	0	0	0	0	0	0	0	0	0	0	0	0	0	0	0	0	0	0	0	0	0	0	0	0	0	0	0	0	0	730	0	0	0	0	0	0	0	1132	0	0	0	0	0	0	0	0	0	0	0	0	0	0	0	0	0	0	0	0	0	0	0	0	0	0	0	0	0	0	0	0	0	0	0	31796	4802	19664	9400	0	128	2484	140	21442	1340	26260	2976	0	5738	10630	348	1264	0	0	0	390	9800	13334	3464	706	490	
206292	Cerebelum_8_R	0	0	0	0	0	0	0	0	0	0	0	0	0	0	0	0	0	0	0	0	0	0	0	0	0	0	0	0	0	0	0	0	0	0	0	0	0	0	0	0	0	0	0	0	0	0	0	0	0	0	0	0	0	0	0	218	0	0	0	0	0	0	0	0	0	0	0	0	0	0	0	0	0	0	0	0	0	0	0	0	0	0	0	0	0	0	0	0	0	0	4958	15484	2558	19600	0	210	0	982	2486	7094	3456	13054	5738	0	172	12266	0	196	0	138	348	2496	8244	2982	466	0	
54528	Cerebelum_9_L	0	0	0	0	0	0	0	0	0	0	0	0	0	0	0	0	0	0	0	0	0	0	0	0	0	0	0	0	0	0	0	0	0	0	0	0	0	0	0	0	0	0	0	0	0	0	0	0	0	0	0	0	0	0	0	0	0	0	0	0	0	0	0	0	0	0	0	0	0	0	0	0	0	0	0	0	0	0	0	0	0	0	0	0	0	0	0	0	0	0	1222	0	108	0	0	114	3258	0	3578	204	428	0	10630	172	0	192	2800	0	0	0	686	2014	808	180	246	624	
49888	Cerebelum_9_R	0	0	0	0	0	0	0	0	0	0	0	0	0	0	0	0	0	0	0	0	0	0	0	0	0	0	0	0	0	0	0	0	0	0	0	0	0	0	0	0	0	0	0	0	0	0	0	0	0	0	0	0	0	0	0	0	0	0	0	0	0	0	0	0	0	0	0	0	0	0	0	0	0	0	0	0	0	0	0	0	0	0	0	0	0	0	0	0	0	0	156	1642	0	708	0	0	152	258	382	1182	0	278	348	12266	192	0	0	852	0	0	240	1644	780	1138	1682	1044	
10652	Cerebelum_10_L	0	0	0	0	0	0	0	0	0	0	0	0	0	0	0	0	0	0	0	0	0	0	0	0	0	0	0	0	0	0	0	0	0	0	0	0	0	0	0	0	0	0	0	0	0	0	0	0	0	0	0	0	0	0	0	0	0	0	0	0	0	0	0	0	0	0	0	0	0	0	0	0	0	0	0	0	0	0	0	0	0	0	0	0	0	0	0	0	0	0	168	0	0	0	0	0	320	0	470	0	0	0	1264	0	2800	0	0	0	0	0	0	200	104	0	0	0	
2096	Cerebelum_10_R	0	0	0	0	0	0	0	0	0	0	0	0	0	0	0	0	0	0	0	0	0	0	0	0	0	0	0	0	0	0	0	0	0	0	0	0	0	0	0	0	0	0	0	0	0	0	0	0	0	0	0	0	0	0	0	0	0	0	0	0	0	0	0	0	0	0	0	0	0	0	0	0	0	0	0	0	0	0	0	0	0	0	0	0	0	0	0	0	0	0	0	0	0	0	0	0	0	0	0	0	0	0	0	196	0	852	0	0	0	0	0	0	0	0	0	0	
6100	Vermis_1_2	0	0	0	0	0	0	0	0	0	0	0	0	0	0	0	0	0	0	0	0	0	0	0	0	0	0	0	0	0	0	0	0	0	0	0	0	0	0	144	0	0	0	0	0	0	0	0	0	0	0	0	0	0	0	0	0	0	0	0	0	0	0	0	0	0	0	0	0	0	0	0	0	0	0	0	0	0	0	0	0	0	0	0	0	0	0	0	0	0	0	0	0	0	0	492	0	142	0	0	0	0	0	0	0	0	0	0	0	0	2122	150	0	0	0	0	0	
24664	Vermis_3	0	0	0	0	0	0	0	0	0	0	0	0	0	0	0	0	0	0	0	0	0	0	0	0	0	0	0	0	0	0	0	0	0	0	0	0	0	0	276	0	0	0	0	0	0	0	0	0	0	0	0	0	0	0	0	0	0	0	0	0	0	0	0	0	0	0	0	0	0	0	0	0	0	0	0	0	0	0	0	0	0	0	0	0	0	0	0	0	0	0	0	1120	0	264	580	2140	342	1260	194	1812	0	0	0	138	0	0	0	0	2122	0	1336	628	120	0	0	0	
76052	Vermis_4_5	0	0	0	0	0	0	0	0	0	0	0	0	0	0	0	0	0	0	0	0	0	0	0	0	0	0	0	0	0	0	0	0	0	0	0	0	0	0	0	0	0	0	0	0	0	0	146	1800	0	0	0	0	0	0	0	1912	0	0	0	0	0	0	0	0	0	0	0	150	0	0	0	0	0	0	0	0	0	0	0	0	0	0	0	0	0	0	0	0	0	0	358	4842	0	1106	206	1474	2372	6258	1556	7378	0	0	390	348	686	240	0	0	150	1336	0	3812	118	0	0	1388	
259280	Vermis_6	0	0	0	0	0	0	0	0	0	0	0	0	0	0	0	0	0	0	0	0	0	0	0	0	0	0	0	0	0	0	0	0	0	0	0	0	0	0	0	0	0	0	0	0	0	0	712	4210	0	0	0	0	0	0	594	2528	0	0	0	0	0	0	0	0	0	0	0	0	0	0	0	0	0	0	0	0	0	0	0	0	0	0	0	0	0	0	0	0	0	0	14346	15610	5062	6342	0	1146	1360	1640	16444	15384	4482	884	9800	2496	2014	1644	200	0	0	628	3812	0	11008	1940	2512	2842	
253332	Vermis_7	0	0	0	0	0	0	0	0	0	0	0	0	0	0	0	0	0	0	0	0	0	0	0	0	0	0	0	0	0	0	0	0	0	0	0	0	0	0	0	0	0	0	0	0	0	0	0	0	0	0	0	0	0	0	0	0	0	0	0	0	0	0	0	0	0	0	0	0	0	0	0	0	0	0	0	0	0	0	0	0	0	0	0	0	0	0	0	0	0	0	16480	11132	13574	17680	0	210	0	192	7952	3366	12246	4286	13334	8244	808	780	104	0	0	120	118	11008	0	3710	1322	0	
51816	Vermis_8	0	0	0	0	0	0	0	0	0	0	0	0	0	0	0	0	0	0	0	0	0	0	0	0	0	0	0	0	0	0	0	0	0	0	0	0	0	0	0	0	0	0	0	0	0	0	0	0	0	0	0	0	0	0	0	0	0	0	0	0	0	0	0	0	0	0	0	0	0	0	0	0	0	0	0	0	0	0	0	0	0	0	0	0	0	0	0	0	0	0	1070	906	1166	1884	0	146	0	154	990	638	1752	1520	3464	2982	180	1138	0	0	0	0	0	1940	3710	0	2110	158	
25860	Vermis_9	0	0	0	0	0	0	0	0	0	0	0	0	0	0	0	0	0	0	0	0	0	0	0	0	0	0	0	0	0	0	0	0	0	0	0	0	0	0	0	0	0	0	0	0	0	0	0	0	0	0	0	0	0	0	0	0	0	0	0	0	0	0	0	0	0	0	0	0	0	0	0	0	0	0	0	0	0	0	0	0	0	0	0	0	0	0	0	0	0	0	398	704	0	192	0	0	0	122	746	898	124	0	706	466	246	1682	0	0	0	0	0	2512	1322	2110	0	702	
18740	Vermis_10	0	0	0	0	0	0	0	0	0	0	0	0	0	0	0	0	0	0	0	0	0	0	0	0	0	0	0	0	0	0	0	0	0	0	0	0	0	0	0	0	0	0	0	0	0	0	0	0	0	0	0	0	0	0	0	0	0	0	0	0	0	0	0	0	0	0	0	0	0	0	0	0	0	0	0	0	0	0	0	0	0	0	0	0	0	0	0	0	0	0	270	0	0	0	0	0	784	0	1068	0	0	0	490	0	624	1044	0	0	0	0	1388	2842	0	158	702	0	
