data	data	413368	394832	774496	702580	160256	73876	327804	220036	93612	15608	203612	328600	166536	137856	193592	96680	282904	230820	648708	676968	149704	159172	193840	277768	20384	82556	103148	128660	503408	480664	189696	307896	139084	470624	200336	257544	306064	412596	193940	351636	53176	57544	208240	259240	129396	220972	361792	274964	170584	250252	451012	271644	268204	156960	505756	575576	261332	385964	119452	113012	266348	137716	146240	130872	133572	134728	262444	392116	270600	272628	344616	429072	322552	388400	49804	11112	107248	187376	72080	70276	246760	237440	116152	164948	367620	257984	29160	53360	308872	235076	647592	571632	429816	366772	61224	113912	475268	299244	614588	512076	278620	174288	348484	358556	168236	174680	36532	26984	61432	173392	374016	260240	241640	178912	141916	60128	
data	data	Precentral_L	Precentral_R	Frontal_Sup_L	Frontal_Sup_R	Frontal_Sup_Orb_L	Frontal_Sup_Orb_R	Frontal_Mid_L	Frontal_Mid_R	Frontal_Mid_Orb_L	Frontal_Mid_Orb_R	Frontal_Inf_Oper_L	Frontal_Inf_Oper_R	Frontal_Inf_Tri_L	Frontal_Inf_Tri_R	Frontal_Inf_Orb_L	Frontal_Inf_Orb_R	Rolandic_Oper_L	Rolandic_Oper_R	Supp_Motor_Area_L	Supp_Motor_Area_R	Olfactory_L	Olfactory_R	Frontal_Sup_Medial_L	Frontal_Sup_Medial_R	Frontal_Med_Orb_L	Frontal_Med_Orb_R	Rectus_L	Rectus_R	Insula_L	Insula_R	Cingulum_Ant_L	Cingulum_Ant_R	Cingulum_Mid_L	Cingulum_Mid_R	Cingulum_Post_L	Cingulum_Post_R	Hippocampus_L	Hippocampus_R	ParaHippocampal_L	ParaHippocampal_R	Amygdala_L	Amygdala_R	Calcarine_L	Calcarine_R	Cuneus_L	Cuneus_R	Lingual_L	Lingual_R	Occipital_Sup_L	Occipital_Sup_R	Occipital_Mid_L	Occipital_Mid_R	Occipital_Inf_L	Occipital_Inf_R	Fusiform_L	Fusiform_R	Postcentral_L	Postcentral_R	Parietal_Sup_L	Parietal_Sup_R	Parietal_Inf_L	Parietal_Inf_R	SupraMarginal_L	SupraMarginal_R	Angular_L	Angular_R	Precuneus_L	Precuneus_R	Paracentral_Lobule_L	Paracentral_Lobule_R	Caudate_L	Caudate_R	Putamen_L	Putamen_R	Pallidum_L	Pallidum_R	Thalamus_L	Thalamus_R	Heschl_L	Heschl_R	Temporal_Sup_L	Temporal_Sup_R	Temporal_Pole_Sup_L	Temporal_Pole_Sup_R	Temporal_Mid_L	Temporal_Mid_R	Temporal_Pole_Mid_L	Temporal_Pole_Mid_R	Temporal_Inf_L	Temporal_Inf_R	Cerebelum_Crus1_L	Cerebelum_Crus1_R	Cerebelum_Crus2_L	Cerebelum_Crus2_R	Cerebelum_3_L	Cerebelum_3_R	Cerebelum_4_5_L	Cerebelum_4_5_R	Cerebelum_6_L	Cerebelum_6_R	Cerebelum_7b_L	Cerebelum_7b_R	Cerebelum_8_L	Cerebelum_8_R	Cerebelum_9_L	Cerebelum_9_R	Cerebelum_10_L	Cerebelum_10_R	Vermis_1_2	Vermis_3	Vermis_4_5	Vermis_6	Vermis_7	Vermis_8	Vermis_9	Vermis_10	
413368	Precentral_L	0	5470	15744	2182	0	0	21188	1442	0	0	11826	534	1186	0	0	0	13758	416	8064	10706	0	0	332	0	0	0	0	0	7202	518	598	212	586	5258	456	756	4592	824	2386	576	0	0	0	0	0	144	690	0	0	248	84	128	100	0	1044	230	19082	888	0	0	3010	0	464	0	0	0	0	312	21404	4844	9060	1836	4740	458	1698	0	11474	2066	1256	0	3280	132	578	128	122	0	0	0	372	0	0	0	0	0	0	0	0	0	0	0	0	0	0	0	0	0	0	0	0	0	0	0	0	0	0	0	
394832	Precentral_R	5470	0	1496	12338	0	0	176	10874	0	0	0	12948	0	0	0	0	118	3116	2940	5698	0	0	0	428	0	0	0	0	234	3610	308	232	1246	5560	1850	3802	324	8506	0	2184	0	0	0	588	0	1618	0	218	120	2050	0	2054	0	538	0	2258	2388	31072	0	372	198	4640	0	7132	0	242	316	4532	4558	13988	1510	7274	534	6348	392	452	1278	13734	0	402	0	632	0	124	0	1212	0	0	0	1088	0	0	0	0	0	0	0	96	0	0	0	0	0	0	0	0	0	0	0	0	0	0	0	0	0	0	
774496	Frontal_Sup_L	15744	1496	0	14056	3686	0	40670	1512	2012	0	14784	6948	12822	1724	6940	0	11994	2152	82170	20732	392	0	26478	1126	226	0	168	0	30338	6806	7880	2100	2408	7680	0	0	2524	0	984	0	0	0	0	0	0	0	0	0	0	0	0	0	0	0	392	0	782	244	0	0	190	0	0	0	0	0	0	0	5724	0	9294	5570	20900	1126	3378	0	860	622	0	0	4144	1672	2116	1682	0	0	0	0	0	0	0	0	0	0	0	0	0	0	0	0	0	0	0	0	0	0	0	0	0	0	0	0	0	0	0	0	
702580	Frontal_Sup_R	2182	12338	14056	0	0	4224	774	26000	0	416	678	12924	124	7720	86	3080	674	9178	25888	57864	558	2944	3854	32130	102	2148	104	3546	2322	13162	2736	18738	264	16240	0	0	106	3192	0	810	0	0	0	0	0	0	0	0	0	0	0	0	0	0	0	784	1282	2256	0	86	0	592	0	862	0	0	0	166	730	0	5626	22370	3310	18716	104	660	0	6106	0	84	208	2980	0	3082	0	0	0	0	0	0	0	0	0	0	0	0	0	124	0	0	0	0	0	0	0	0	0	0	0	0	0	0	0	0	0	0	
160256	Frontal_Sup_Orb_L	0	0	3686	0	0	0	290	0	9090	0	0	0	664	0	14630	0	0	0	138	0	8082	2572	1330	0	3076	1018	9936	1448	9674	0	3138	2446	0	0	0	0	110	0	156	0	168	0	0	0	0	0	0	0	0	0	0	0	0	0	0	0	0	0	0	0	0	0	0	0	0	0	0	0	0	0	4752	716	1432	0	0	0	0	0	0	0	0	0	1576	0	0	0	0	0	0	0	0	0	0	0	0	0	0	0	0	0	0	0	0	0	0	0	0	0	0	0	0	0	0	0	0	0	
73876	Frontal_Sup_Orb_R	0	0	0	4224	0	0	0	512	0	1254	0	0	0	0	0	2950	0	0	0	0	766	3482	0	814	168	5172	292	9424	0	758	202	162	0	0	0	0	0	0	0	0	0	130	0	0	0	0	0	0	0	0	0	0	0	0	0	0	0	0	0	0	0	0	0	0	0	0	0	0	0	0	1044	3670	422	1348	0	0	0	0	0	0	0	0	0	144	0	0	0	0	0	0	0	0	0	0	0	0	0	0	0	0	0	0	0	0	0	0	0	0	0	0	0	0	0	0	0	0	
327804	Frontal_Mid_L	21188	176	40670	774	290	0	0	194	1620	0	9460	280	22738	0	4754	0	5118	148	14320	1016	0	0	7710	0	0	0	0	0	13226	240	886	126	156	402	0	0	682	0	246	0	0	0	0	0	0	0	0	0	0	0	0	0	0	0	86	0	1272	0	0	0	676	0	0	0	0	0	0	0	426	0	6610	686	2032	102	108	0	2978	0	0	0	1470	0	1036	0	0	0	0	0	0	0	0	0	0	0	0	0	0	0	0	0	0	0	0	0	0	0	0	0	0	0	0	0	0	0	0	0	
220036	Frontal_Mid_R	1442	10874	1512	26000	0	512	194	0	0	358	0	5676	0	12060	0	2512	94	750	6040	10888	0	0	106	6722	0	0	0	0	156	2844	226	3312	0	4664	0	0	0	1318	0	434	0	0	0	0	0	0	0	0	0	0	0	0	0	0	0	402	974	956	0	0	142	374	0	832	0	0	0	0	284	0	848	1542	334	2682	0	0	98	922	0	88	0	388	0	274	0	0	0	0	0	184	0	0	0	0	0	0	0	0	0	0	0	0	0	0	0	0	0	0	0	0	0	0	0	0	0	0	
93612	Frontal_Mid_Orb_L	0	0	2012	0	9090	0	1620	0	0	0	0	0	2696	0	15626	0	0	0	0	0	2074	298	0	0	182	0	3206	0	6300	0	0	212	0	0	0	0	0	0	0	0	0	0	0	0	0	0	0	0	0	0	0	0	0	0	0	0	0	0	0	0	0	0	0	0	0	0	0	0	0	0	1682	166	484	0	0	0	0	0	0	0	0	0	1158	0	0	0	0	0	0	0	0	0	0	0	0	0	0	0	0	0	0	0	0	0	0	0	0	0	0	0	0	0	0	0	0	0	
15608	Frontal_Mid_Orb_R	0	0	0	416	0	1254	0	358	0	0	0	0	0	268	0	2940	0	0	0	0	0	386	0	0	0	364	0	422	0	758	0	0	0	0	0	0	0	0	0	0	0	0	0	0	0	0	0	0	0	0	0	0	0	0	0	0	0	0	0	0	0	0	0	0	0	0	0	0	0	0	0	372	0	266	0	0	0	0	0	0	0	0	0	0	0	0	0	0	0	0	0	0	0	0	0	0	0	0	0	0	0	0	0	0	0	0	0	0	0	0	0	0	0	0	0	0	
203612	Frontal_Inf_Oper_L	11826	0	14784	678	0	0	9460	0	0	0	0	0	7244	152	0	0	17416	0	9888	780	0	0	190	0	0	0	0	0	9732	136	262	0	0	124	0	0	666	0	146	0	0	0	0	0	0	0	0	0	0	0	0	0	0	0	110	0	2472	0	0	0	816	0	0	0	0	0	0	0	842	0	1670	540	2846	150	0	0	0	0	212	0	5658	0	3006	0	0	0	0	0	0	0	0	0	0	0	0	0	0	0	0	0	0	0	0	0	0	0	0	0	0	0	0	0	0	0	0	0	
328600	Frontal_Inf_Oper_R	534	12948	6948	12924	0	0	280	5676	0	0	0	0	0	9604	0	412	0	14382	8288	11088	0	0	0	1406	0	0	0	0	238	27196	266	1438	0	2020	0	0	0	2416	0	1368	0	0	0	0	0	0	0	0	0	0	0	0	0	0	0	1634	318	10246	0	86	0	1774	0	2892	0	0	0	0	174	126	2414	4420	1008	7282	0	114	0	656	0	0	0	5664	0	5392	0	0	0	0	0	428	0	0	0	0	0	0	0	138	0	102	0	0	0	0	0	0	0	0	0	0	0	0	0	0	0	0	
166536	Frontal_Inf_Tri_L	1186	0	12822	124	664	0	22738	0	2696	0	7244	0	0	0	8830	0	2548	0	6008	120	0	0	488	0	0	0	0	0	15180	0	714	0	0	0	0	0	0	0	0	0	0	0	0	0	0	0	0	0	0	0	0	0	0	0	0	0	106	0	0	0	0	0	0	0	0	0	0	0	0	0	288	0	294	0	0	0	0	0	0	0	594	0	624	0	0	0	0	0	0	0	0	0	0	0	0	0	0	0	0	0	0	0	0	0	0	0	0	0	0	0	0	0	0	0	0	0	
137856	Frontal_Inf_Tri_R	0	0	1724	7720	0	0	0	12060	0	268	152	9604	0	0	0	3476	148	336	4136	4686	0	0	0	1492	0	0	0	0	142	11300	248	2750	0	2274	0	0	0	0	0	0	0	0	0	0	0	0	0	0	0	0	0	0	0	0	0	0	0	0	0	0	0	0	0	0	0	0	0	0	0	0	784	2368	526	2242	0	0	0	0	0	0	0	240	0	252	0	0	0	0	0	0	0	0	0	0	0	0	0	0	0	0	0	0	0	0	0	0	0	0	0	0	0	0	0	0	0	0	
193592	Frontal_Inf_Orb_L	0	0	6940	86	14630	0	4754	0	15626	0	0	0	8830	0	0	0	0	0	846	0	5862	1108	488	0	184	204	5674	190	16758	0	1124	844	0	0	0	0	134	0	186	0	156	0	0	0	0	0	0	0	0	0	0	0	0	0	0	0	0	0	0	0	0	0	0	0	0	0	0	0	0	0	4364	428	2568	0	0	0	0	0	0	0	0	0	4812	0	0	0	0	0	0	0	0	0	0	0	0	0	0	0	0	0	0	0	0	0	0	0	0	0	0	0	0	0	0	0	0	0	
96680	Frontal_Inf_Orb_R	0	0	0	3080	0	2950	0	2512	0	2940	0	412	0	3476	0	0	0	0	106	264	462	3394	0	1958	0	420	200	2842	0	9644	0	380	0	0	0	0	0	0	0	128	0	0	0	0	0	0	0	0	0	0	0	0	0	0	0	0	0	0	0	0	0	0	0	0	0	0	0	0	0	0	496	4198	262	5492	0	0	0	0	0	0	0	600	0	1808	0	192	0	124	0	0	0	0	0	0	0	0	0	0	0	0	0	0	0	0	0	0	0	0	0	0	0	0	0	0	0	0	
282904	Rolandic_Oper_L	13758	118	11994	674	0	0	5118	94	0	0	17416	0	2548	148	0	0	0	0	6216	664	0	0	0	0	0	0	0	0	17602	144	0	0	438	0	284	182	708	0	180	0	0	0	234	0	0	0	154	0	264	0	3230	0	1946	0	2062	0	10962	0	548	0	4314	0	3790	0	766	0	770	0	2320	0	1626	542	3516	150	610	0	90	0	5034	0	12176	0	3220	0	2962	0	0	0	1880	0	0	0	0	0	0	0	0	0	0	0	0	0	0	0	0	0	0	0	0	0	0	0	0	0	0	0	
230820	Rolandic_Oper_R	416	3116	2152	9178	0	0	148	750	0	0	0	14382	0	336	0	0	0	0	1470	7632	0	0	0	270	0	0	0	0	128	22448	132	508	0	496	0	0	0	2172	0	958	0	0	0	0	0	0	0	0	0	0	0	272	0	490	0	1964	166	5828	0	618	0	422	0	3518	0	448	0	420	130	380	1408	2370	906	5078	0	0	0	462	0	4456	0	10444	0	6916	0	604	0	0	0	1418	0	0	0	0	0	0	0	0	0	0	0	0	0	0	0	0	0	0	0	0	0	0	0	0	0	0	
648708	Supp_Motor_Area_L	8064	2940	82170	25888	138	0	14320	6040	0	0	9888	8288	6008	4136	846	106	6216	1470	0	43220	0	0	8636	3428	0	0	0	0	16172	7054	6146	3076	4286	16432	130	170	388	198	0	124	0	0	0	0	0	0	0	0	0	0	0	0	0	0	0	0	192	376	0	0	0	0	0	140	0	0	0	0	7078	1384	5546	5060	9404	1160	2014	0	0	606	0	0	2368	940	1156	952	0	0	0	0	0	0	0	0	0	0	0	0	0	0	0	0	0	0	0	0	0	0	0	0	0	0	0	0	0	0	0	0	
676968	Supp_Motor_Area_R	10706	5698	20732	57864	0	0	1016	10888	0	0	780	11088	120	4686	0	264	664	7632	43220	0	0	0	882	13344	0	0	0	0	2154	9602	1580	5600	4024	36932	1110	1594	120	944	0	500	0	100	0	0	0	0	0	0	0	0	0	0	0	0	0	438	1488	4012	0	0	0	92	0	248	0	0	88	184	19526	14128	5944	14734	4248	5676	520	116	128	7996	0	0	208	2442	0	2424	0	0	0	0	0	0	0	0	0	0	0	0	0	0	0	0	0	0	0	0	0	0	0	0	0	0	0	0	0	0	0	0	
149704	Olfactory_L	0	0	392	558	8082	766	0	0	2074	0	0	0	0	0	5862	462	0	0	0	0	0	7484	180	112	296	2114	7796	4226	5704	506	3692	4472	0	0	0	0	628	0	522	0	1054	0	0	0	0	0	0	0	0	0	0	0	0	0	146	0	0	0	0	0	0	0	0	0	0	0	0	0	0	0	9714	2942	4050	370	0	0	0	0	0	0	0	0	648	0	0	0	0	0	0	0	0	0	0	0	0	0	0	0	0	0	0	0	0	0	0	0	0	0	0	0	0	0	0	0	0	0	
159172	Olfactory_R	0	0	0	2944	2572	3482	0	0	298	386	0	0	0	0	1108	3394	0	0	0	0	7484	0	0	854	106	3462	3530	10216	500	4222	2932	6646	0	0	0	0	0	0	0	140	0	268	0	0	0	0	0	0	0	0	0	0	0	0	0	0	0	0	0	0	0	0	0	0	0	0	0	0	0	0	8608	9482	3666	2422	0	0	0	0	0	0	0	0	0	864	0	0	0	0	0	0	0	0	0	0	0	0	0	0	0	0	0	0	0	0	0	0	0	0	0	0	0	0	0	0	0	0	
193840	Frontal_Sup_Medial_L	332	0	26478	3854	1330	0	7710	106	0	0	190	0	488	0	488	0	0	0	8636	882	180	0	0	9454	1108	434	248	0	2808	88	12714	5636	2018	2732	0	0	0	0	0	0	0	0	0	0	0	0	0	0	0	0	0	0	0	0	0	0	0	0	0	0	0	0	0	0	0	0	0	0	0	0	1328	1106	5458	1000	0	0	0	0	0	0	0	0	114	0	0	0	0	0	0	0	0	0	0	0	0	0	0	0	0	0	0	0	0	0	0	0	0	0	0	0	0	0	0	0	0	0	
277768	Frontal_Sup_Medial_R	0	428	1126	32130	0	814	0	6722	0	0	0	1406	0	1492	0	1958	0	270	3428	13344	112	854	9454	0	502	3158	0	668	0	3018	3264	19426	176	13996	0	0	0	104	0	90	0	0	0	0	0	0	0	0	0	0	0	0	0	0	0	86	0	0	0	0	0	0	0	0	0	0	0	0	0	0	264	9440	0	10848	0	0	0	0	0	0	0	104	0	202	0	0	0	0	0	0	0	0	0	0	0	0	0	0	0	0	0	0	0	0	0	0	0	0	0	0	0	0	0	0	0	0	
20384	Frontal_Med_Orb_L	0	0	226	102	3076	168	0	0	182	0	0	0	0	0	184	0	0	0	0	0	296	106	1108	502	0	744	1352	96	176	0	1358	188	0	0	0	0	0	0	0	0	0	0	0	0	0	0	0	0	0	0	0	0	0	0	0	0	0	0	0	0	0	0	0	0	0	0	0	0	0	0	236	0	92	0	0	0	0	0	0	0	0	0	0	0	0	0	0	0	0	0	0	0	0	0	0	0	0	0	0	0	0	0	0	0	0	0	0	0	0	0	0	0	0	0	0	0	
82556	Frontal_Med_Orb_R	0	0	0	2148	1018	5172	0	0	0	364	0	0	0	0	204	420	0	0	0	0	2114	3462	434	3158	744	0	1098	7702	0	442	1886	4662	0	0	0	0	0	0	0	0	0	0	0	0	0	0	0	0	0	0	0	0	0	0	0	0	0	0	0	0	0	0	0	0	0	0	0	0	0	0	1142	2016	500	2436	0	0	0	0	0	0	0	0	0	156	0	0	0	0	0	0	0	0	0	0	0	0	0	0	0	0	0	0	0	0	0	0	0	0	0	0	0	0	0	0	0	0	
103148	Rectus_L	0	0	168	104	9936	292	0	0	3206	0	0	0	0	0	5674	200	0	0	0	0	7796	3530	248	0	1352	1098	0	1882	3010	200	2516	2366	0	0	0	0	86	0	84	0	90	0	0	0	0	0	0	0	0	0	0	0	0	0	0	0	0	0	0	0	0	0	0	0	0	0	0	0	0	0	4930	1584	758	212	0	0	0	0	0	0	0	0	252	0	0	0	0	0	0	0	0	0	0	0	0	0	0	0	0	0	0	0	0	0	0	0	0	0	0	0	0	0	0	0	0	0	
128660	Rectus_R	0	0	0	3546	1448	9424	0	0	0	422	0	0	0	0	190	2842	0	0	0	0	4226	10216	0	668	96	7702	1882	0	0	1766	2644	5516	0	0	0	0	0	0	0	0	0	202	0	0	0	0	0	0	0	0	0	0	0	0	0	0	0	0	0	0	0	0	0	0	0	0	0	0	0	0	2514	5920	1056	1842	0	0	0	0	0	0	0	0	0	208	0	0	0	0	0	0	0	0	0	0	0	0	0	0	0	0	0	0	0	0	0	0	0	0	0	0	0	0	0	0	0	0	
503408	Insula_L	7202	234	30338	2322	9674	0	13226	156	6300	0	9732	238	15180	142	16758	0	17602	128	16172	2154	5704	500	2808	0	176	0	3010	0	0	284	3282	410	168	254	386	352	10736	148	2440	0	2684	0	0	0	0	0	0	0	0	0	428	0	404	0	3178	110	6006	0	112	0	3244	0	1504	0	210	0	158	0	1962	0	8278	1844	18746	0	778	0	1150	200	5882	0	7608	86	5820	86	996	0	0	0	2014	0	0	0	0	0	0	0	0	0	0	0	0	0	0	0	0	0	0	0	0	0	0	0	0	0	0	0	
480664	Insula_R	518	3610	6806	13162	0	758	240	2844	0	758	136	27196	0	11300	0	9644	144	22448	7054	9602	506	4222	88	3018	0	442	200	1766	284	0	260	1808	0	1348	0	0	92	8290	0	4738	0	824	0	0	0	0	0	0	0	0	0	158	0	520	0	7620	178	3656	0	604	0	0	0	200	0	0	0	402	148	450	2948	9002	1544	26022	0	126	0	1396	0	8032	0	16224	0	9534	0	3094	0	112	0	4256	0	0	0	0	0	0	0	0	0	0	0	0	0	0	0	0	0	0	0	0	0	0	0	0	0	0	
189696	Cingulum_Ant_L	598	308	7880	2736	3138	202	886	226	0	0	262	266	714	248	1124	0	0	132	6146	1580	3692	2932	12714	3264	1358	1886	2516	2644	3282	260	0	10806	2712	2920	592	448	0	0	0	0	0	0	0	0	0	0	0	0	0	0	0	0	0	0	0	0	0	300	0	0	0	0	0	0	0	0	0	0	108	280	4238	2348	8078	890	0	0	0	0	0	0	0	0	134	0	0	0	0	0	0	0	0	0	0	0	0	0	0	0	0	0	0	0	0	0	0	0	0	0	0	0	0	0	0	0	0	0	
307896	Cingulum_Ant_R	212	232	2100	18738	2446	162	126	3312	212	0	0	1438	0	2750	844	380	0	508	3076	5600	4472	6646	5636	19426	188	4662	2366	5516	410	1808	10806	0	1240	11356	0	0	0	216	0	162	0	0	0	0	0	0	0	0	0	0	0	0	0	0	0	182	90	0	0	0	0	0	0	0	0	0	0	0	94	0	4314	17188	1324	13372	0	0	0	0	0	0	0	160	0	178	0	0	0	0	0	0	0	0	0	0	0	0	0	0	0	0	0	0	0	0	0	0	0	0	0	0	0	0	0	0	0	0	
139084	Cingulum_Mid_L	586	1246	2408	264	0	0	156	0	0	0	0	0	0	0	0	0	438	0	4286	4024	0	0	2018	176	0	0	0	0	168	0	2712	1240	0	12426	6388	3904	0	0	0	0	0	0	204	0	0	0	0	0	1312	152	2162	102	128	0	116	0	1136	1590	1650	0	1254	0	336	0	340	0	8136	1114	4134	2876	0	0	0	0	0	0	0	0	0	0	176	0	0	0	184	0	0	0	0	0	0	0	0	0	0	0	0	0	0	0	0	0	0	0	0	0	0	0	0	0	0	0	0	0	0	0	
470624	Cingulum_Mid_R	5258	5560	7680	16240	0	0	402	4664	0	0	124	2020	0	2274	0	0	0	496	16432	36932	0	0	2732	13996	0	0	0	0	254	1348	2920	11356	12426	0	5312	9516	0	644	0	570	0	0	0	1228	0	3692	0	232	670	6342	0	3392	0	866	0	504	1290	8046	0	128	0	264	0	0	0	212	1986	12632	14138	16434	592	742	0	612	0	0	0	232	0	0	0	156	0	124	0	1276	0	0	0	366	0	0	0	0	0	0	0	0	0	0	0	0	0	0	0	0	0	0	0	0	0	0	0	0	0	0	
200336	Cingulum_Post_L	456	1850	0	0	0	0	0	0	0	0	0	0	0	0	0	0	284	0	130	1110	0	0	0	0	0	0	0	0	386	0	592	0	6388	5312	0	17922	6940	4664	3472	2544	0	0	4854	156	1318	128	4898	748	1940	0	2232	0	1502	370	1924	2596	1320	2168	0	0	274	0	0	0	280	0	8176	3786	2458	2852	0	0	0	0	0	0	348	458	218	0	132	0	0	0	1092	0	0	0	1132	572	0	0	0	0	0	0	0	0	0	0	0	0	0	0	0	0	0	0	0	0	186	0	0	0	0	0	
257544	Cingulum_Post_R	756	3802	0	0	0	0	0	0	0	0	0	0	0	0	0	0	182	0	170	1594	0	0	0	0	0	0	0	0	352	0	448	0	3904	9516	17922	0	5578	9702	3628	6328	0	0	232	2750	510	1138	3366	3238	1142	898	326	1036	206	2884	854	7520	1594	5000	0	0	0	0	0	0	0	0	2722	15522	2274	5838	0	0	0	0	0	0	778	1096	158	0	0	0	0	0	136	298	0	0	136	2758	0	0	0	0	0	0	0	0	0	0	0	0	0	0	0	0	0	0	0	0	480	0	0	0	0	0	
306064	Hippocampus_L	4592	324	2524	106	110	0	682	0	0	0	666	0	0	0	134	0	708	0	388	120	628	0	0	0	0	0	86	0	10736	92	0	0	0	0	6940	5578	0	4284	26760	3436	9388	0	1856	0	0	0	10446	970	0	0	408	0	950	86	17564	874	500	0	0	0	102	0	0	0	0	0	2418	1440	566	0	1188	138	7770	0	456	0	5392	1526	2282	0	4496	0	1396	0	2174	0	118	0	7746	0	176	0	0	0	0	0	778	0	558	0	0	0	0	0	0	0	0	0	0	166	210	0	0	0	0	0	
412596	Hippocampus_R	824	8506	0	3192	0	0	0	1318	0	0	0	2416	0	0	0	0	0	2172	198	944	0	0	0	104	0	0	0	0	148	8290	0	216	0	644	4664	9702	4284	0	3020	40856	0	7292	0	1732	0	174	2620	5018	0	156	120	256	88	1142	770	39390	1068	3226	0	112	0	0	0	0	0	0	86	5736	712	1474	166	706	158	13136	0	370	1842	8868	0	2062	0	2502	0	940	0	1242	0	168	0	7504	0	150	0	0	0	130	92	2404	0	608	0	0	0	0	0	0	0	142	0	0	438	0	0	0	0	0	
193940	ParaHippocampal_L	2386	0	984	0	156	0	246	0	0	0	146	0	0	0	186	0	180	0	0	0	522	0	0	0	0	0	84	0	2440	0	0	0	0	0	3472	3628	26760	3020	0	2448	5088	0	226	0	0	0	11388	968	0	0	136	0	878	0	15876	450	138	0	0	0	0	0	0	0	0	0	458	1018	178	0	460	0	2506	0	176	0	2856	838	0	0	504	0	1120	0	210	0	282	0	2104	0	214	0	0	0	0	0	992	0	740	0	0	0	0	0	0	0	0	0	108	212	188	0	0	0	0	0	
351636	ParaHippocampal_R	576	2184	0	810	0	0	0	434	0	0	0	1368	0	0	0	128	0	958	124	500	0	140	0	90	0	0	0	0	0	4738	0	162	0	570	2544	6328	3436	40856	2448	0	0	7576	0	1722	0	220	2098	8204	0	212	0	236	0	2938	532	35412	132	1550	0	0	0	0	0	0	0	0	0	5140	0	548	108	458	0	8334	0	278	1422	5510	0	856	0	1406	0	4878	0	574	0	3164	0	4398	122	552	0	166	0	222	164	5310	126	1616	0	0	0	232	0	0	0	292	0	206	510	0	0	0	0	0	
53176	Amygdala_L	0	0	0	0	168	0	0	0	0	0	0	0	0	0	156	0	0	0	0	0	1054	0	0	0	0	0	90	0	2684	0	0	0	0	0	0	0	9388	0	5088	0	0	0	0	0	0	0	152	0	0	0	0	0	0	0	5562	0	0	0	0	0	0	0	0	0	0	0	0	0	0	0	282	0	782	0	0	0	0	0	0	0	0	0	624	0	160	0	98	0	300	0	0	0	0	0	0	0	0	0	0	0	0	0	0	0	0	0	0	0	0	0	0	0	0	0	0	0	
57544	Amygdala_R	0	0	0	0	0	130	0	0	0	0	0	0	0	0	0	0	0	0	0	100	0	268	0	0	0	0	0	202	0	824	0	0	0	0	0	0	0	7292	0	7576	0	0	0	0	0	0	0	0	0	0	0	0	0	0	0	6784	0	0	0	0	0	0	0	0	0	0	0	0	0	0	0	368	0	1074	0	0	0	144	0	0	0	0	0	2848	0	0	0	772	0	390	0	0	0	0	0	0	0	0	0	0	0	0	0	0	0	0	0	0	0	0	0	0	0	0	0	0	
208240	Calcarine_L	0	0	0	0	0	0	0	0	0	0	0	0	0	0	0	0	234	0	0	0	0	0	0	0	0	0	0	0	0	0	0	0	204	0	4854	232	1856	0	226	0	0	0	0	5620	11942	5672	12714	626	8408	1390	18324	710	7302	306	3352	418	206	0	268	0	422	0	110	0	496	0	13464	478	94	0	0	0	0	0	0	0	0	0	158	0	184	0	0	0	2172	202	0	0	1340	0	0	0	0	0	0	0	0	0	136	0	0	0	0	0	0	0	0	0	0	0	0	0	0	0	0	0	
259240	Calcarine_R	0	588	0	0	0	0	0	0	0	0	0	0	0	0	0	0	0	0	0	0	0	0	0	0	0	0	0	0	0	0	0	0	0	1228	156	2750	0	1732	0	1722	0	0	5620	0	1932	21994	602	18036	108	15752	0	12102	0	9266	0	11706	0	1324	0	326	0	0	0	0	0	130	146	15908	0	844	0	0	0	0	0	0	0	100	0	0	0	0	0	0	0	3598	0	0	0	840	0	0	0	0	0	0	96	0	188	328	0	0	0	0	0	0	0	0	0	0	228	270	0	0	0	0	
129396	Cuneus_L	0	0	0	0	0	0	0	0	0	0	0	0	0	0	0	0	0	0	0	0	0	0	0	0	0	0	0	0	0	0	0	0	0	0	1318	510	0	0	0	0	0	0	11942	1932	0	4830	1272	0	17512	286	8902	226	1482	90	382	0	0	0	652	0	0	0	0	0	0	0	8640	3594	0	0	0	0	0	0	0	0	0	0	0	0	0	0	0	0	810	88	0	0	230	0	0	0	0	0	0	0	0	0	0	0	0	0	0	0	0	0	0	0	0	0	0	0	0	0	0	0	
220972	Cuneus_R	144	1618	0	0	0	0	0	0	0	0	0	0	0	0	0	0	0	0	0	0	0	0	0	0	0	0	0	0	0	0	0	0	0	3692	128	1138	0	174	0	220	0	0	5672	21994	4830	0	186	3954	1086	22826	308	7620	0	2128	0	1882	0	2388	600	2028	0	0	0	0	0	236	4424	16236	168	2038	0	0	0	0	0	0	0	0	0	0	0	0	0	0	0	2030	0	0	0	106	0	0	0	0	0	0	0	0	126	200	0	0	0	0	0	0	0	0	0	0	140	166	0	0	0	0	
361792	Lingual_L	690	0	0	0	0	0	0	0	0	0	0	0	0	0	0	0	154	0	0	0	0	0	0	0	0	0	0	0	0	0	0	0	0	0	4898	3366	10446	2620	11388	2098	152	0	12714	602	1272	186	0	3980	1366	416	17244	0	17004	0	21882	862	122	0	0	0	146	0	0	0	164	0	4524	1068	0	0	0	0	108	0	0	0	1504	520	224	0	0	0	0	0	878	0	0	0	972	0	6456	4014	1612	976	594	136	10458	2104	13208	4642	0	0	0	0	272	108	0	0	174	318	5458	5352	1210	0	112	122	
274964	Lingual_R	0	218	0	0	0	0	0	0	0	0	0	0	0	0	0	0	0	0	0	0	0	0	0	0	0	0	0	0	0	0	0	0	0	232	748	3238	970	5018	968	8204	0	0	626	18036	0	3954	3980	0	0	5048	0	2584	0	9564	486	23294	0	262	0	0	0	0	0	0	0	0	0	8462	0	262	0	0	0	0	0	0	0	418	0	0	0	0	0	0	0	358	0	0	0	936	1876	3846	456	186	138	104	3310	6970	4138	7396	0	0	0	0	0	0	0	0	0	236	6476	3830	654	0	0	0	
170584	Occipital_Sup_L	0	120	0	0	0	0	0	0	0	0	0	0	0	0	0	0	264	0	0	0	0	0	0	0	0	0	0	0	0	0	0	0	1312	670	1940	1142	0	0	0	0	0	0	8408	108	17512	1086	1366	0	0	0	21650	0	1396	0	330	0	298	0	9658	0	474	0	84	0	236	0	12488	2190	366	178	0	0	0	0	0	0	0	0	0	0	268	0	0	0	1060	0	0	0	688	0	0	0	0	0	0	0	0	0	0	0	0	0	0	0	0	0	0	0	0	0	0	0	0	0	0	0	
250252	Occipital_Sup_R	248	2050	0	0	0	0	0	0	0	0	0	0	0	0	0	0	0	0	0	0	0	0	0	0	0	0	0	0	0	0	0	0	152	6342	0	898	0	156	0	212	0	0	1390	15752	286	22826	416	5048	0	0	0	24048	0	3108	0	1686	0	4762	0	7054	0	1226	0	0	0	3678	790	11860	276	3120	0	0	0	0	0	0	0	0	0	0	0	0	0	0	0	6094	0	0	0	1136	0	0	0	0	0	0	0	0	122	210	0	0	0	0	0	0	0	0	0	0	0	180	0	0	0	0	
451012	Occipital_Mid_L	84	0	0	0	0	0	0	0	0	0	0	0	0	0	0	0	3230	0	0	0	0	0	0	0	0	0	0	0	428	0	0	0	2162	0	2232	326	408	120	136	0	0	0	18324	0	8902	308	17244	0	21650	0	0	0	34090	0	16446	116	2324	0	12676	0	12120	0	2354	0	14754	0	16132	682	1250	0	0	0	0	0	0	0	0	0	986	0	1754	0	0	0	26694	0	0	0	7448	0	0	0	0	0	0	0	0	0	126	0	0	0	0	0	0	0	0	0	0	0	0	0	0	0	0	0	
271644	Occipital_Mid_R	128	2054	0	0	0	0	0	0	0	0	0	0	0	0	0	0	0	272	0	0	0	0	0	0	0	0	0	0	0	158	0	0	102	3392	0	1036	0	256	0	236	0	0	710	12102	226	7620	0	2584	0	24048	0	0	0	10024	0	3770	0	4264	0	2376	0	7602	0	312	0	19290	264	6372	138	3174	0	0	0	0	0	0	0	0	0	174	0	350	0	0	0	20156	0	0	0	2632	0	0	0	0	0	0	0	0	0	0	0	0	0	0	0	0	0	0	0	0	0	0	0	0	0	0	
268204	Occipital_Inf_L	100	0	0	0	0	0	0	0	0	0	0	0	0	0	0	0	1946	0	0	0	0	0	0	0	0	0	0	0	404	0	0	0	128	0	1502	206	950	88	878	0	0	0	7302	0	1482	0	17004	0	1396	0	34090	0	0	0	29236	0	1448	0	158	0	2260	0	968	0	2204	0	2018	0	754	0	0	0	0	0	0	0	0	0	2248	0	1086	0	0	0	9302	0	0	0	13248	0	450	0	0	0	0	0	0	0	974	110	0	0	0	0	0	0	0	0	0	0	0	162	0	0	0	0	
156960	Occipital_Inf_R	0	538	0	0	0	0	0	0	0	0	0	0	0	0	0	0	0	490	0	0	0	0	0	0	0	0	0	0	0	520	0	0	0	866	370	2884	86	1142	0	2938	0	0	306	9266	90	2128	0	9564	0	3108	0	10024	0	0	0	15410	0	1188	0	122	0	0	0	0	0	176	0	5562	0	1192	0	0	0	0	0	0	0	0	0	414	0	0	0	0	0	5270	0	0	0	4572	0	0	0	0	0	0	0	124	0	130	0	0	0	0	0	0	0	0	0	0	0	0	0	0	0	0	
505756	Fusiform_L	1044	0	392	0	0	0	86	0	0	0	110	0	0	0	0	0	2062	0	0	0	146	0	0	0	0	0	0	0	3178	0	0	0	116	0	1924	854	17564	770	15876	532	5562	0	3352	0	382	0	21882	486	330	0	16446	0	29236	0	0	198	1272	0	0	0	2248	0	1040	0	2196	0	1244	166	650	0	0	0	2846	0	0	0	1346	218	2504	0	1648	0	4054	0	8780	0	2612	0	23048	0	21612	954	2992	190	498	0	14636	390	26344	984	640	0	1306	0	1044	0	446	0	0	0	820	1202	420	0	0	0	
575576	Fusiform_R	230	2258	0	784	0	0	0	402	0	0	0	1634	0	0	0	0	0	1964	0	438	0	0	0	86	0	0	0	0	110	7620	0	182	0	504	2596	7520	874	39390	450	35412	0	6784	418	11706	0	1882	862	23294	0	1686	116	3770	0	15410	198	0	948	3810	0	274	0	0	0	0	0	0	0	7700	694	2656	0	278	0	9982	0	280	282	2746	0	1670	0	2602	0	8582	0	4098	0	3558	0	22842	626	11776	0	426	0	278	1348	10656	1334	14476	0	94	0	546	0	0	0	262	0	264	3076	914	130	0	0	0	
261332	Postcentral_L	19082	2388	782	1282	0	0	1272	974	0	0	2472	318	106	0	0	0	10962	166	192	1488	0	0	0	0	0	0	0	0	6006	178	0	90	1136	1290	1320	1594	500	1068	138	132	0	0	206	0	0	0	122	0	298	0	2324	0	1448	0	1272	948	0	1902	6558	0	22194	0	9936	0	208	0	1738	150	10096	1924	5284	474	1054	92	194	0	204	196	1734	0	2148	0	278	0	1598	0	0	0	874	276	0	0	0	0	0	0	0	0	0	0	0	0	0	0	0	0	0	0	0	0	0	0	0	0	0	0	
385964	Postcentral_R	888	31072	244	2256	0	0	0	956	0	0	0	10246	0	0	0	0	0	5828	376	4012	0	0	0	0	0	0	0	0	0	3656	300	0	1590	8046	2168	5000	0	3226	0	1550	0	0	0	1324	0	2388	0	262	0	4762	0	4264	0	1188	0	3810	1902	0	0	8136	0	12070	0	14476	0	1306	376	11302	4122	23408	264	318	0	4592	0	102	0	562	0	1202	0	2372	0	136	0	3464	0	0	0	3232	0	0	0	0	0	0	0	134	0	94	0	0	0	0	0	0	0	0	0	0	0	0	0	0	0	0	
119452	Parietal_Sup_L	0	0	0	0	0	0	0	0	0	0	0	0	0	0	0	0	548	0	0	0	0	0	0	0	0	0	0	0	112	0	0	0	1650	0	0	0	0	0	0	0	0	0	268	0	652	600	0	0	9658	0	12676	0	158	0	0	0	6558	0	0	0	9528	0	150	0	914	0	14510	1168	0	0	0	0	0	0	0	0	0	0	0	0	234	0	0	0	238	0	0	0	104	0	0	0	0	0	0	0	0	0	0	0	0	0	0	0	0	0	0	0	0	0	0	0	0	0	0	0	
113012	Parietal_Sup_R	0	372	0	86	0	0	0	0	0	0	0	86	0	0	0	0	0	618	0	0	0	0	0	0	0	0	0	0	0	604	0	0	0	128	0	0	0	112	0	0	0	0	0	326	0	2028	0	0	0	7054	0	2376	0	122	0	274	0	8136	0	0	0	9164	0	1660	0	6048	576	12608	0	974	0	0	0	0	0	0	0	0	0	624	0	1134	0	0	0	582	0	0	0	814	0	0	0	0	0	0	0	0	0	0	0	0	0	0	0	0	0	0	0	0	0	0	0	0	0	0	
266348	Parietal_Inf_L	3010	198	190	0	0	0	676	142	0	0	816	0	0	0	0	0	4314	0	0	0	0	0	0	0	0	0	0	0	3244	0	0	0	1254	0	274	0	102	0	0	0	0	0	422	0	0	0	146	0	474	0	12120	0	2260	0	2248	0	22194	0	9528	0	0	0	23576	0	21866	0	2742	0	352	0	898	0	508	0	152	0	0	0	648	0	4110	0	206	0	12368	0	0	0	2136	0	0	0	0	0	0	0	0	0	0	0	0	0	0	0	0	0	0	0	0	0	0	0	0	0	0	0	
137716	Parietal_Inf_R	0	4640	0	592	0	0	0	374	0	0	0	1774	0	0	0	0	0	422	0	92	0	0	0	0	0	0	0	0	0	0	0	0	0	264	0	0	0	0	0	0	0	0	0	0	0	0	0	0	0	1226	0	7602	0	0	0	0	0	12070	0	9164	0	0	0	11850	0	15080	0	2816	0	316	0	0	0	0	0	0	0	0	0	0	0	94	0	0	0	332	0	0	0	150	0	0	0	0	0	0	0	0	0	0	0	0	0	0	0	0	0	0	0	0	0	0	0	0	0	0	
146240	SupraMarginal_L	464	0	0	0	0	0	0	0	0	0	0	0	0	0	0	0	3790	0	0	0	0	0	0	0	0	0	0	0	1504	0	0	0	336	0	0	0	0	0	0	0	0	0	110	0	0	0	0	0	84	0	2354	0	968	0	1040	0	9936	0	150	0	23576	0	0	0	7526	0	340	0	672	0	0	0	0	0	0	0	0	0	304	0	7594	0	0	0	11192	0	0	0	1180	0	0	0	0	0	0	0	0	0	0	0	0	0	0	0	0	0	0	0	0	0	0	0	0	0	0	0	
130872	SupraMarginal_R	0	7132	0	862	0	0	0	832	0	0	0	2892	0	0	0	0	0	3518	140	248	0	0	0	0	0	0	0	0	0	200	0	0	0	0	0	0	0	0	0	0	0	0	0	0	0	0	0	0	0	0	0	312	0	0	0	0	0	14476	0	1660	0	11850	0	0	0	6452	0	1290	0	466	0	0	0	0	0	0	0	0	0	254	0	8682	0	0	0	3834	0	0	0	336	0	0	0	0	0	0	0	0	0	0	0	0	0	0	0	0	0	0	0	0	0	0	0	0	0	0	
133572	Angular_L	0	0	0	0	0	0	0	0	0	0	0	0	0	0	0	0	766	0	0	0	0	0	0	0	0	0	0	0	210	0	0	0	340	0	280	0	0	0	0	0	0	0	496	0	0	0	164	0	236	0	14754	0	2204	0	2196	0	208	0	914	0	21866	0	7526	0	0	0	918	0	0	0	0	0	0	0	0	0	0	0	136	0	1748	0	0	0	9832	0	0	0	1992	0	0	0	0	0	0	0	0	0	0	0	0	0	0	0	0	0	0	0	0	0	0	0	0	0	0	0	
134728	Angular_R	0	242	0	0	0	0	0	0	0	0	0	0	0	0	0	0	0	448	0	0	0	0	0	0	0	0	0	0	0	0	0	0	0	212	0	0	0	0	0	0	0	0	0	130	0	236	0	0	0	3678	0	19290	0	176	0	0	0	1306	0	6048	0	15080	0	6452	0	0	0	1248	0	386	0	0	0	0	0	0	0	0	0	0	0	5578	0	0	0	6460	0	0	0	394	0	0	0	0	0	0	0	0	0	0	0	0	0	0	0	0	0	0	0	0	0	0	0	0	0	0	
262444	Precuneus_L	0	316	0	0	0	0	0	0	0	0	0	0	0	0	0	0	770	0	0	88	0	0	0	0	0	0	0	0	158	0	0	0	8136	1986	8176	2722	2418	86	458	0	0	0	13464	146	8640	4424	4524	0	12488	790	16132	264	2018	0	1244	0	1738	376	14510	576	2742	0	340	0	918	0	0	13858	2172	660	0	0	0	0	0	0	0	0	118	0	530	0	0	0	1992	0	0	0	1244	0	0	0	0	0	0	0	0	0	0	0	0	0	0	0	0	0	0	0	0	0	0	0	0	0	0	0	
392116	Precuneus_R	312	4532	0	166	0	0	0	0	0	0	0	0	0	0	0	0	0	420	0	184	0	0	0	0	0	0	0	0	0	402	0	0	1114	12632	3786	15522	1440	5736	1018	5140	0	0	478	15908	3594	16236	1068	8462	2190	11860	682	6372	0	5562	166	7700	150	11302	1168	12608	0	2816	0	1290	0	1248	13858	0	388	8630	0	0	0	0	0	0	98	458	0	594	0	1276	0	0	0	3386	0	0	0	2978	0	0	0	0	0	0	0	292	0	0	0	0	0	0	0	0	0	0	0	0	836	0	0	0	0	0	
270600	Paracentral_Lobule_L	21404	4558	5724	730	0	0	426	284	0	0	842	174	0	0	0	0	2320	130	7078	19526	0	0	0	0	0	0	0	0	1962	148	108	94	4134	14138	2458	2274	566	712	178	0	0	0	94	0	0	168	0	0	366	276	1250	138	754	0	650	694	10096	4122	0	0	352	0	672	0	0	0	2172	388	0	12362	1718	868	1746	246	1682	0	1396	704	0	0	1094	0	0	86	752	0	0	0	350	136	0	0	0	0	0	0	0	0	0	0	0	0	0	0	0	0	0	0	0	0	0	0	0	0	0	0	
272628	Paracentral_Lobule_R	4844	13988	0	0	0	0	0	0	0	0	0	126	0	0	0	0	0	380	1384	14128	0	0	0	0	0	0	0	0	0	450	280	0	2876	16434	2852	5838	0	1474	0	548	0	0	0	844	0	2038	0	262	178	3120	0	3174	0	1192	0	2656	1924	23408	0	974	0	316	0	466	0	386	660	8630	12362	0	430	350	0	280	0	0	132	236	0	318	0	1292	0	0	0	2744	0	0	0	2340	0	0	0	0	0	0	0	0	0	0	0	0	0	0	0	0	0	0	0	0	0	0	0	0	0	0	
344616	Caudate_L	9060	1510	9294	5626	4752	1044	6610	848	1682	0	1670	2414	288	784	4364	496	1626	1408	5546	5944	9714	8608	1328	264	236	1142	4930	2514	8278	2948	4238	4314	0	592	0	0	1188	166	460	108	282	0	0	0	0	0	0	0	0	0	0	0	0	0	0	0	5284	264	0	0	898	0	0	0	0	0	0	0	1718	430	0	14136	16120	2102	2666	0	7476	2140	0	0	480	862	504	952	0	0	0	0	0	0	0	0	0	0	0	0	0	0	0	0	0	0	0	0	0	0	0	0	0	0	0	0	0	0	0	0	
429072	Caudate_R	1836	7274	5570	22370	716	3670	686	1542	166	372	540	4420	0	2368	428	4198	542	2370	5060	14734	2942	9482	1106	9440	0	2016	1584	5920	1844	9002	2348	17188	0	742	0	0	138	706	0	458	0	368	0	0	0	0	0	0	0	0	0	0	0	0	0	278	474	318	0	0	0	0	0	0	0	0	0	0	868	350	14136	0	5310	25316	370	1250	456	19346	0	0	200	788	0	930	0	0	0	0	0	0	0	0	0	0	0	0	0	0	0	0	0	0	0	0	0	0	0	0	0	0	0	0	0	0	0	0	
322552	Putamen_L	4740	534	20900	3310	1432	422	2032	334	484	0	2846	1008	294	526	2568	262	3516	906	9404	4248	4050	3666	5458	0	92	500	758	1056	18746	1544	8078	1324	0	0	0	0	7770	158	2506	0	782	0	0	0	0	0	108	0	0	0	0	0	0	0	2846	0	1054	0	0	0	508	0	0	0	0	0	0	0	1746	0	16120	5310	0	742	7022	0	1642	1496	508	0	1912	702	1106	752	242	0	0	0	936	0	0	0	0	0	0	0	130	0	140	0	0	0	0	0	0	0	0	0	0	0	0	0	0	0	0	0	
388400	Putamen_R	458	6348	1126	18716	0	1348	102	2682	0	266	150	7282	0	2242	0	5492	150	5078	1160	5676	370	2422	1000	10848	0	2436	212	1842	0	26022	890	13372	0	612	0	0	0	13136	0	8334	0	1074	0	0	0	0	0	0	0	0	0	0	0	0	0	9982	92	4592	0	0	0	0	0	0	0	0	0	0	246	280	2102	25316	742	0	0	1600	0	3762	0	186	0	1338	0	1174	0	86	0	102	0	892	0	0	0	0	0	0	0	594	0	268	0	0	0	0	0	0	0	0	0	0	0	0	0	0	0	0	
49804	Pallidum_L	1698	392	3378	104	0	0	108	0	0	0	0	0	0	0	0	0	610	0	2014	520	0	0	0	0	0	0	0	0	778	0	0	0	0	0	0	0	456	0	176	0	0	0	0	0	0	0	0	0	0	0	0	0	0	0	0	0	194	0	0	0	152	0	0	0	0	0	0	0	1682	0	2666	370	7022	0	0	0	2066	354	162	0	0	0	0	0	0	0	0	0	0	0	0	0	0	0	0	0	0	0	0	0	0	0	0	0	0	0	0	0	0	0	0	0	0	0	0	0	
11112	Pallidum_R	0	452	0	660	0	0	0	0	0	0	0	114	0	0	0	0	0	0	0	116	0	0	0	0	0	0	0	0	0	126	0	0	0	0	0	0	0	370	0	278	0	0	0	0	0	0	0	0	0	0	0	0	0	0	0	280	0	102	0	0	0	0	0	0	0	0	0	0	0	0	0	1250	0	1600	0	0	0	208	0	0	0	0	0	0	0	0	0	0	0	0	0	0	0	0	0	0	0	0	0	0	0	0	0	0	0	0	0	0	0	0	0	0	0	0	0	0	
107248	Thalamus_L	11474	1278	860	0	0	0	2978	98	0	0	0	0	0	0	0	0	90	0	0	128	0	0	0	0	0	0	0	0	1150	0	0	0	0	0	348	778	5392	1842	2856	1422	0	0	0	0	0	0	1504	0	0	0	0	0	0	0	1346	282	204	0	0	0	0	0	0	0	0	0	0	98	1396	132	7476	456	1642	0	2066	0	0	5712	0	0	238	0	0	0	86	0	0	0	292	0	0	0	0	0	0	0	0	0	0	0	0	0	0	0	0	0	0	0	0	0	0	0	0	0	0	0	
187376	Thalamus_R	2066	13734	622	6106	0	0	0	922	0	0	0	656	0	0	0	0	0	462	606	7996	0	0	0	0	0	0	0	0	200	1396	0	0	0	232	458	1096	1526	8868	838	5510	0	144	0	100	0	0	520	418	0	0	0	0	0	0	218	2746	196	562	0	0	0	0	0	0	0	0	0	458	704	236	2140	19346	1496	3762	354	208	5712	0	0	142	0	270	0	0	0	0	0	0	0	564	0	0	0	0	0	0	0	0	0	0	0	0	0	0	0	0	0	0	0	0	98	0	0	0	0	0	
72080	Heschl_L	1256	0	0	0	0	0	0	0	0	0	212	0	0	0	0	0	5034	0	0	0	0	0	0	0	0	0	0	0	5882	0	0	0	0	0	218	158	2282	0	0	0	0	0	158	0	0	0	224	0	0	0	986	0	2248	0	2504	0	1734	0	0	0	648	0	304	0	136	0	118	0	0	0	0	0	508	0	162	0	0	0	0	0	3210	0	0	0	3046	0	0	0	5012	0	0	0	0	0	0	0	0	0	0	0	0	0	0	0	0	0	0	0	0	0	0	0	0	0	0	0	
70276	Heschl_R	0	402	0	84	0	0	0	88	0	0	0	0	0	0	0	0	0	4456	0	0	0	0	0	0	0	0	0	0	0	8032	0	0	0	0	0	0	0	2062	0	856	0	0	0	0	0	0	0	0	0	0	0	174	0	414	0	1670	0	1202	0	624	0	0	0	254	0	0	0	594	0	318	0	0	0	186	0	0	0	142	0	0	0	7974	0	96	0	3020	0	0	0	2490	0	0	0	0	0	0	0	0	0	0	0	0	0	0	0	0	0	0	0	0	0	0	0	0	0	0	
246760	Temporal_Sup_L	3280	0	4144	208	0	0	1470	0	0	0	5658	0	594	0	0	0	12176	0	2368	208	0	0	0	0	0	0	0	0	7608	0	0	0	176	0	132	0	4496	0	504	0	0	0	184	0	0	0	0	0	268	0	1754	0	1086	0	1648	0	2148	0	234	0	4110	0	7594	0	1748	0	530	0	1094	0	480	200	1912	0	0	0	238	0	3210	0	0	0	6444	0	28874	0	0	0	16602	0	0	0	0	0	0	0	0	0	0	0	0	0	0	0	0	0	0	0	0	0	0	0	0	0	0	0	
237440	Temporal_Sup_R	132	632	1672	2980	0	0	0	388	0	0	0	5664	0	240	0	600	0	10444	940	2442	0	0	0	104	0	0	0	0	86	16224	0	160	0	156	0	0	0	2502	0	1406	0	0	0	0	0	0	0	0	0	0	0	350	0	0	0	2602	0	2372	0	1134	0	94	0	8682	0	5578	0	1276	0	1292	862	788	702	1338	0	0	0	270	0	7974	0	0	0	11478	0	17866	0	1228	0	6062	0	0	0	0	0	0	0	0	0	0	0	0	0	0	0	0	0	0	0	0	0	0	0	0	0	0	
116152	Temporal_Pole_Sup_L	578	0	2116	0	1576	0	1036	0	1158	0	3006	0	624	0	4812	0	3220	0	1156	0	648	0	114	0	0	0	252	0	5820	0	134	0	0	0	0	0	1396	0	1120	0	624	0	0	0	0	0	0	0	0	0	0	0	0	0	4054	0	278	0	0	0	206	0	0	0	0	0	0	0	0	0	504	0	1106	0	0	0	0	0	0	0	6444	0	0	0	6734	0	3714	0	5646	0	0	0	0	0	0	0	0	0	0	0	0	0	0	0	0	0	0	0	0	0	0	0	0	0	0	0	
164948	Temporal_Pole_Sup_R	128	124	1682	3082	0	144	0	274	0	0	0	5392	0	252	0	1808	0	6916	952	2424	0	864	0	202	0	156	0	208	86	9534	0	178	0	124	0	0	0	940	0	4878	0	2848	0	0	0	0	0	0	0	0	0	0	0	0	0	8582	0	136	0	0	0	0	0	0	0	0	0	0	86	0	952	930	752	1174	0	0	0	0	0	96	0	11478	0	0	0	2812	0	7166	0	5114	0	0	0	0	0	0	0	0	0	0	0	0	0	0	0	0	0	0	0	0	0	0	0	0	0	0	
367620	Temporal_Mid_L	122	0	0	0	0	0	0	0	0	0	0	0	0	0	0	0	2962	0	0	0	0	0	0	0	0	0	0	0	996	0	0	0	184	0	1092	136	2174	0	210	0	160	0	2172	0	810	0	878	0	1060	0	26694	0	9302	0	8780	0	1598	0	238	0	12368	0	11192	0	9832	0	1992	0	752	0	0	0	242	0	0	0	86	0	3046	0	28874	0	6734	0	0	0	3766	0	45358	0	0	0	0	0	0	0	0	0	0	0	0	0	0	0	0	0	0	0	0	0	0	0	0	0	0	0	
257984	Temporal_Mid_R	0	1212	0	0	0	0	0	0	0	0	0	0	0	0	0	192	0	604	0	0	0	0	0	0	0	0	0	0	0	3094	0	0	0	1276	0	298	0	1242	0	574	0	0	202	3598	88	2030	0	358	0	6094	0	20156	0	5270	0	4098	0	3464	0	582	0	332	0	3834	0	6460	0	3386	0	2744	0	0	0	86	0	0	0	0	0	3020	0	17866	0	2812	0	0	0	5606	0	28414	0	0	0	0	0	0	0	0	0	0	0	0	0	0	0	0	0	0	0	0	0	0	0	0	0	0	
29160	Temporal_Pole_Mid_L	0	0	0	0	0	0	0	0	0	0	0	0	0	0	0	0	0	0	0	0	0	0	0	0	0	0	0	0	0	0	0	0	0	0	0	0	118	0	282	0	98	0	0	0	0	0	0	0	0	0	0	0	0	0	2612	0	0	0	0	0	0	0	0	0	0	0	0	0	0	0	0	0	0	0	0	0	0	0	0	0	0	0	3714	0	3766	0	0	0	3990	0	0	0	0	0	0	0	0	0	0	0	0	0	0	0	0	0	0	0	0	0	0	0	0	0	0	0	
53360	Temporal_Pole_Mid_R	0	0	0	0	0	0	0	0	0	0	0	0	0	0	0	124	0	0	0	0	0	0	0	0	0	0	0	0	0	112	0	0	0	0	0	0	0	168	0	3164	0	772	0	0	0	0	0	0	0	0	0	0	0	0	0	3558	0	0	0	0	0	0	0	0	0	0	0	0	0	0	0	0	0	102	0	0	0	0	0	0	0	1228	0	7166	0	5606	0	0	0	4680	0	0	0	0	0	0	0	0	0	0	0	0	0	0	0	0	0	0	0	0	0	0	0	0	0	0	
308872	Temporal_Inf_L	372	0	0	0	0	0	0	0	0	0	0	0	0	0	0	0	1880	0	0	0	0	0	0	0	0	0	0	0	2014	0	0	0	0	0	1132	136	7746	0	2104	0	300	0	1340	0	230	0	972	0	688	0	7448	0	13248	0	23048	0	874	0	104	0	2136	0	1180	0	1992	0	1244	0	350	0	0	0	936	0	0	0	292	0	5012	0	16602	0	5646	0	45358	0	3990	0	0	0	3308	0	486	0	0	0	468	0	1050	0	174	0	466	0	110	0	0	0	0	0	0	0	0	0	0	0	
235076	Temporal_Inf_R	0	1088	0	0	0	0	0	184	0	0	0	428	0	0	0	0	0	1418	0	0	0	0	0	0	0	0	0	0	0	4256	0	0	0	366	572	2758	0	7504	0	4398	0	390	0	840	0	106	0	936	0	1136	0	2632	0	4572	0	22842	276	3232	0	814	0	150	0	336	0	394	0	2978	136	2340	0	0	0	892	0	0	0	564	0	2490	0	6062	0	5114	0	28414	0	4680	0	0	0	1692	0	94	0	0	0	0	0	282	0	0	0	172	0	0	0	0	0	0	0	0	0	0	0	0	
647592	Cerebelum_Crus1_L	0	0	0	0	0	0	0	0	0	0	0	0	0	0	0	0	0	0	0	0	0	0	0	0	0	0	0	0	0	0	0	0	0	0	0	0	176	0	214	122	0	0	0	0	0	0	6456	1876	0	0	0	0	450	0	21612	626	0	0	0	0	0	0	0	0	0	0	0	0	0	0	0	0	0	0	0	0	0	0	0	0	0	0	0	0	0	0	0	0	3308	0	0	13822	42756	4316	3156	2650	35490	4406	69400	14024	12744	390	22942	1506	10018	1992	3028	0	2628	6326	12198	12688	6320	1898	2988	1270	
571632	Cerebelum_Crus1_R	0	0	0	0	0	0	0	0	0	0	0	0	0	0	0	0	0	0	0	0	0	0	0	0	0	0	0	0	0	0	0	0	0	0	0	0	0	150	0	552	0	0	0	0	0	0	4014	3846	0	0	0	0	0	0	954	11776	0	0	0	0	0	0	0	0	0	0	0	0	0	0	0	0	0	0	0	0	0	0	0	0	0	0	0	0	0	0	0	0	0	1692	13822	0	5214	36388	366	5210	9886	23308	14672	54304	300	6668	572	26238	554	5048	0	1386	604	5154	18228	15162	11060	3912	4244	532	
429816	Cerebelum_Crus2_L	0	0	0	0	0	0	0	0	0	0	0	0	0	0	0	0	0	0	0	0	0	0	0	0	0	0	0	0	0	0	0	0	0	0	0	0	0	0	0	0	0	0	0	0	0	0	1612	456	0	0	0	0	0	0	2992	0	0	0	0	0	0	0	0	0	0	0	0	0	0	0	0	0	0	0	0	0	0	0	0	0	0	0	0	0	0	0	0	0	486	0	42756	5214	0	13274	380	116	4336	164	10730	2700	41476	7336	38640	6796	6534	624	1758	0	130	294	736	3576	14610	5790	1078	314	
366772	Cerebelum_Crus2_R	0	0	0	0	0	0	0	0	0	0	0	0	0	0	0	0	0	0	0	0	0	0	0	0	0	0	0	0	0	0	0	0	0	0	0	0	0	0	0	166	0	0	0	0	0	0	976	186	0	0	0	0	0	0	190	426	0	0	0	0	0	0	0	0	0	0	0	0	0	0	0	0	0	0	0	0	0	0	0	0	0	0	0	0	0	0	0	0	0	94	4316	36388	13274	0	100	1376	1414	2378	2568	6240	7018	26694	2774	41330	250	5240	0	1344	256	1116	2280	1538	14916	5044	3072	422	
61224	Cerebelum_3_L	0	0	0	0	0	0	0	0	0	0	0	0	0	0	0	0	0	0	0	0	0	0	0	0	0	0	0	0	0	0	0	0	0	0	0	0	0	0	0	0	0	0	0	0	0	0	594	138	0	0	0	0	0	0	498	0	0	0	0	0	0	0	0	0	0	0	0	0	0	0	0	0	0	0	0	0	0	0	0	0	0	0	0	0	0	0	0	0	0	0	3156	366	380	100	0	578	7842	414	4734	582	0	0	0	0	1418	474	0	0	1908	3282	2252	374	304	432	502	284	
113912	Cerebelum_3_R	0	0	0	0	0	0	0	0	0	0	0	0	0	0	0	0	0	0	0	0	0	0	0	0	0	0	0	0	0	0	0	0	0	0	0	0	0	130	0	222	0	0	0	0	0	0	136	104	0	0	0	0	0	0	0	278	0	0	0	0	0	0	0	0	0	0	0	0	0	0	0	0	0	0	0	0	0	0	0	0	0	0	0	0	0	0	0	0	0	0	2650	5210	116	1376	578	0	3458	8374	2852	9794	0	192	198	1188	144	1368	0	0	946	6562	5064	962	1240	1354	1790	670	
475268	Cerebelum_4_5_L	0	0	0	0	0	0	0	0	0	0	0	0	0	0	0	0	0	0	0	0	0	0	0	0	0	0	0	0	0	0	0	0	0	0	0	0	778	92	992	164	0	0	0	96	0	0	10458	3310	0	0	0	0	0	0	14636	1348	0	0	0	0	0	0	0	0	0	0	0	0	0	0	0	0	130	0	0	0	0	0	0	0	0	0	0	0	0	0	0	0	468	0	35490	9886	4336	1414	7842	3458	0	8202	51508	13046	818	212	2092	1156	5066	2790	688	0	4350	9654	25460	9548	1210	1388	2726	2822	
299244	Cerebelum_4_5_R	0	96	0	124	0	0	0	0	0	0	0	138	0	0	0	0	0	0	0	0	0	0	0	0	0	0	0	0	0	0	0	0	0	0	0	0	0	2404	0	5310	0	0	0	0	0	0	2104	6970	0	0	0	0	0	124	390	10656	0	134	0	0	0	0	0	0	0	0	0	292	0	0	0	0	0	594	0	0	0	0	0	0	0	0	0	0	0	0	0	0	0	0	4406	23308	164	2378	414	8374	8202	0	5988	37086	0	320	174	1948	0	122	0	380	342	6510	17930	1070	380	298	364	128	
614588	Cerebelum_6_L	0	0	0	0	0	0	0	0	0	0	0	0	0	0	0	0	0	0	0	0	0	0	0	0	0	0	0	0	0	0	0	0	0	0	0	0	558	0	740	126	0	0	136	188	0	126	13208	4138	0	122	126	0	974	0	26344	1334	0	0	0	0	0	0	0	0	0	0	0	0	0	0	0	0	140	0	0	0	0	0	0	0	0	0	0	0	0	0	0	0	1050	0	69400	14672	10730	2568	4734	2852	51508	5988	0	17858	3326	198	4822	1052	8298	2458	2142	0	2752	6738	17940	17946	3624	1280	2988	2110	
512076	Cerebelum_6_R	0	0	0	0	0	0	0	0	0	0	0	102	0	0	0	0	0	0	0	0	0	0	0	0	0	0	0	0	0	0	0	0	0	0	0	0	0	608	0	1616	0	0	0	328	0	200	4642	7396	0	210	0	0	110	130	984	14476	0	94	0	0	0	0	0	0	0	0	0	0	0	0	0	0	0	268	0	0	0	0	0	0	0	0	0	0	0	0	0	0	0	282	14024	54304	2700	6240	582	9794	13046	37086	17858	0	176	1078	622	6144	608	1322	0	484	1094	8504	23300	17742	5106	1196	1354	228	
278620	Cerebelum_7b_L	0	0	0	0	0	0	0	0	0	0	0	0	0	0	0	0	0	0	0	0	0	0	0	0	0	0	0	0	0	0	0	0	0	0	0	0	0	0	0	0	0	0	0	0	0	0	0	0	0	0	0	0	0	0	640	0	0	0	0	0	0	0	0	0	0	0	0	0	0	0	0	0	0	0	0	0	0	0	0	0	0	0	0	0	0	0	0	0	174	0	12744	300	41476	7018	0	0	818	0	3326	176	0	5970	36946	7816	4578	584	1340	0	0	0	162	246	7496	7122	378	0	
174288	Cerebelum_7b_R	0	0	0	0	0	0	0	0	0	0	0	0	0	0	0	0	0	0	0	0	0	0	0	0	0	0	0	0	0	0	0	0	0	0	0	0	0	0	0	0	0	0	0	0	0	0	0	0	0	0	0	0	0	0	0	94	0	0	0	0	0	0	0	0	0	0	0	0	0	0	0	0	0	0	0	0	0	0	0	0	0	0	0	0	0	0	0	0	0	0	390	6668	7336	26694	0	192	212	320	198	1078	5970	0	2492	24554	0	1620	0	0	0	178	296	0	5980	2716	156	0	
348484	Cerebelum_8_L	0	0	0	0	0	0	0	0	0	0	0	0	0	0	0	0	0	0	0	0	0	0	0	0	0	0	0	0	0	0	0	0	0	0	0	0	0	0	0	0	0	0	0	0	0	0	0	0	0	0	0	0	0	0	1306	0	0	0	0	0	0	0	0	0	0	0	0	0	0	0	0	0	0	0	0	0	0	0	0	0	0	0	0	0	0	0	0	0	466	0	22942	572	38640	2774	0	198	2092	174	4822	622	36946	2492	0	9270	24828	2842	3290	0	198	414	718	626	4604	10492	2658	256	
358556	Cerebelum_8_R	0	0	0	0	0	0	0	0	0	0	0	0	0	0	0	0	0	0	0	0	0	0	0	0	0	0	0	0	0	0	0	0	0	0	0	0	0	0	0	232	0	0	0	0	0	0	0	0	0	0	0	0	0	0	0	546	0	0	0	0	0	0	0	0	0	0	0	0	0	0	0	0	0	0	0	0	0	0	0	0	0	0	0	0	0	0	0	0	0	172	1506	26238	6796	41330	0	1188	1156	1948	1052	6144	7816	24554	9270	0	1458	19256	0	1686	280	1250	1496	416	9600	10458	3158	272	
168236	Cerebelum_9_L	0	0	0	0	0	0	0	0	0	0	0	0	0	0	0	0	0	0	0	0	0	0	0	0	0	0	0	0	0	0	0	0	0	0	0	0	0	0	0	0	0	0	0	0	0	0	272	0	0	0	0	0	0	0	1044	0	0	0	0	0	0	0	0	0	0	0	0	0	0	0	0	0	0	0	0	0	0	0	0	0	0	0	0	0	0	0	0	0	110	0	10018	554	6534	250	1418	144	5066	0	8298	608	4578	0	24828	1458	0	2358	5462	0	248	408	1638	1804	638	2262	3080	1040	
174680	Cerebelum_9_R	0	0	0	0	0	0	0	0	0	0	0	0	0	0	0	0	0	0	0	0	0	0	0	0	0	0	0	0	0	0	0	0	0	0	0	0	0	0	0	0	0	0	0	0	0	0	108	0	0	0	0	0	0	0	0	0	0	0	0	0	0	0	0	0	0	0	0	0	0	0	0	0	0	0	0	0	0	0	0	0	0	0	0	0	0	0	0	0	0	0	1992	5048	624	5240	474	1368	2790	122	2458	1322	584	1620	2842	19256	2358	0	0	2696	882	2082	2912	4052	4698	7392	10408	4012	
36532	Cerebelum_10_L	0	0	0	0	0	0	0	0	0	0	0	0	0	0	0	0	0	0	0	0	0	0	0	0	0	0	0	0	0	0	0	0	0	0	0	0	0	0	0	0	0	0	0	0	0	0	0	0	0	0	0	0	0	0	446	0	0	0	0	0	0	0	0	0	0	0	0	0	0	0	0	0	0	0	0	0	0	0	0	0	0	0	0	0	0	0	0	0	0	0	3028	0	1758	0	0	0	688	0	2142	0	1340	0	3290	0	5462	0	0	0	0	0	0	0	0	0	112	0	
26984	Cerebelum_10_R	0	0	0	0	0	0	0	0	0	0	0	0	0	0	0	0	0	0	0	0	0	0	0	0	0	0	0	0	0	0	0	0	0	0	0	0	0	142	0	292	0	0	0	0	0	0	0	0	0	0	0	0	0	0	0	262	0	0	0	0	0	0	0	0	0	0	0	0	0	0	0	0	0	0	0	0	0	0	0	0	0	0	0	0	0	0	0	0	0	0	0	1386	0	1344	0	0	0	380	0	484	0	0	0	1686	0	2696	0	0	0	0	0	0	1286	1638	1896	0	
61432	Vermis_1_2	0	0	0	0	0	0	0	0	0	0	0	0	0	0	0	0	0	0	0	0	0	0	0	0	0	0	0	0	0	0	0	0	0	0	0	0	0	0	108	0	0	0	0	0	0	0	174	0	0	0	0	0	0	0	0	0	0	0	0	0	0	0	0	0	0	0	0	0	0	0	0	0	0	0	0	0	0	0	0	0	0	0	0	0	0	0	0	0	0	0	2628	604	130	256	1908	946	4350	342	2752	1094	0	0	198	280	248	882	0	0	0	6246	3998	1222	554	604	822	370	
173392	Vermis_3	0	0	0	0	0	0	0	0	0	0	0	0	0	0	0	0	0	0	0	0	0	0	0	0	0	0	0	0	0	0	0	0	0	0	0	0	166	0	212	206	0	0	0	0	0	0	318	236	0	0	0	0	0	0	0	264	0	0	0	0	0	0	0	0	0	0	0	0	0	0	0	0	0	0	0	0	0	0	0	0	0	0	0	0	0	0	0	0	0	0	6326	5154	294	1116	3282	6562	9654	6510	6738	8504	0	178	414	1250	408	2082	0	0	6246	0	11498	2346	1648	1782	2346	956	
