data	data	462716	275204	642900	817136	144392	94304	475076	216572	63976	32312	189196	177416	322340	135800	235920	105876	155284	227432	466800	766276	45352	57236	307456	364252	13976	67228	23936	45112	558496	394908	167792	476356	103132	466644	100376	165892	167636	313808	54804	152040	22104	36096	292264	354916	175928	338304	320608	363608	170936	418068	499232	410248	91280	119208	261516	447964	254236	315700	101496	147824	225264	162400	132876	157048	147720	218648	300216	454720	217656	245440	186088	372828	201452	271660	42232	28808	185020	177948	44420	46012	119000	151800	44708	74108	287832	316216	21648	38512	185936	261480	479656	423288	343400	361600	16588	41440	290316	194448	525044	488212	275912	165992	364872	330252	103372	133228	26700	12468	18508	36660	263236	301172	347020	174476	95288	13428	
data	data	Precentral_L	Precentral_R	Frontal_Sup_L	Frontal_Sup_R	Frontal_Sup_Orb_L	Frontal_Sup_Orb_R	Frontal_Mid_L	Frontal_Mid_R	Frontal_Mid_Orb_L	Frontal_Mid_Orb_R	Frontal_Inf_Oper_L	Frontal_Inf_Oper_R	Frontal_Inf_Tri_L	Frontal_Inf_Tri_R	Frontal_Inf_Orb_L	Frontal_Inf_Orb_R	Rolandic_Oper_L	Rolandic_Oper_R	Supp_Motor_Area_L	Supp_Motor_Area_R	Olfactory_L	Olfactory_R	Frontal_Sup_Medial_L	Frontal_Sup_Medial_R	Frontal_Med_Orb_L	Frontal_Med_Orb_R	Rectus_L	Rectus_R	Insula_L	Insula_R	Cingulum_Ant_L	Cingulum_Ant_R	Cingulum_Mid_L	Cingulum_Mid_R	Cingulum_Post_L	Cingulum_Post_R	Hippocampus_L	Hippocampus_R	ParaHippocampal_L	ParaHippocampal_R	Amygdala_L	Amygdala_R	Calcarine_L	Calcarine_R	Cuneus_L	Cuneus_R	Lingual_L	Lingual_R	Occipital_Sup_L	Occipital_Sup_R	Occipital_Mid_L	Occipital_Mid_R	Occipital_Inf_L	Occipital_Inf_R	Fusiform_L	Fusiform_R	Postcentral_L	Postcentral_R	Parietal_Sup_L	Parietal_Sup_R	Parietal_Inf_L	Parietal_Inf_R	SupraMarginal_L	SupraMarginal_R	Angular_L	Angular_R	Precuneus_L	Precuneus_R	Paracentral_Lobule_L	Paracentral_Lobule_R	Caudate_L	Caudate_R	Putamen_L	Putamen_R	Pallidum_L	Pallidum_R	Thalamus_L	Thalamus_R	Heschl_L	Heschl_R	Temporal_Sup_L	Temporal_Sup_R	Temporal_Pole_Sup_L	Temporal_Pole_Sup_R	Temporal_Mid_L	Temporal_Mid_R	Temporal_Pole_Mid_L	Temporal_Pole_Mid_R	Temporal_Inf_L	Temporal_Inf_R	Cerebelum_Crus1_L	Cerebelum_Crus1_R	Cerebelum_Crus2_L	Cerebelum_Crus2_R	Cerebelum_3_L	Cerebelum_3_R	Cerebelum_4_5_L	Cerebelum_4_5_R	Cerebelum_6_L	Cerebelum_6_R	Cerebelum_7b_L	Cerebelum_7b_R	Cerebelum_8_L	Cerebelum_8_R	Cerebelum_9_L	Cerebelum_9_R	Cerebelum_10_L	Cerebelum_10_R	Vermis_1_2	Vermis_3	Vermis_4_5	Vermis_6	Vermis_7	Vermis_8	Vermis_9	Vermis_10	
462716	Precentral_L	0	7086	4540	3062	0	0	17186	108	0	0	8428	226	366	0	0	0	7780	184	7490	12240	0	0	0	318	0	0	0	0	10738	260	134	746	2242	6966	5396	4336	5334	3040	448	834	0	0	848	0	1950	0	194	100	210	0	2544	0	108	0	332	196	33758	0	294	0	3814	0	3676	0	242	0	2456	136	22428	3990	11062	954	4996	196	1328	0	16398	3622	1774	0	1210	0	0	0	1620	0	0	0	1434	0	0	0	0	0	0	0	0	0	0	0	0	0	0	0	0	0	0	0	0	0	0	0	0	0	0	0	
275204	Precentral_R	7086	0	644	16790	0	0	1398	6110	0	0	0	4626	0	0	0	0	0	2646	708	8318	0	0	0	0	0	0	0	0	0	2998	0	184	0	2844	340	1764	210	8190	0	1222	0	184	0	594	0	156	0	230	0	222	104	308	0	408	0	3976	410	20668	0	124	0	906	0	3170	0	240	80	1640	4186	8734	1506	4110	146	2820	0	208	2836	8556	0	504	0	720	0	0	0	1416	0	0	86	2276	0	0	0	0	0	0	0	0	0	0	0	0	0	0	0	0	0	0	0	0	0	0	0	0	0	0	
642900	Frontal_Sup_L	4540	644	0	11340	9450	118	56008	1928	3916	0	12586	302	27988	0	18442	0	6198	352	42046	11086	0	0	35270	1246	108	0	0	0	35560	456	7654	3612	1510	1134	0	0	1762	0	186	0	0	0	0	0	0	0	0	0	0	0	0	0	0	0	0	0	342	0	0	0	82	0	0	0	0	0	0	0	642	0	4292	2464	10106	832	4062	0	2348	0	68	0	246	0	410	114	0	0	0	0	0	0	0	0	0	0	0	0	0	0	0	0	0	0	0	0	0	0	0	0	0	0	0	0	0	0	0	0	
817136	Frontal_Sup_R	3062	16790	11340	0	0	2020	2568	32150	0	336	1166	5592	402	11290	0	5904	390	8094	14356	66402	0	0	11934	45876	0	1128	0	0	1680	17458	3364	48882	928	19638	172	812	280	3312	0	756	0	182	0	0	0	0	0	0	0	0	0	0	0	0	0	318	1852	2262	0	0	0	146	214	160	0	0	0	106	1190	96	3076	27122	188	16190	0	3882	1686	10030	0	214	70	1334	0	74	0	0	0	0	0	94	0	0	0	0	0	0	0	0	0	0	0	0	0	0	0	0	0	0	0	0	0	0	0	0	0	0	
144392	Frontal_Sup_Orb_L	0	0	9450	0	0	0	2904	0	10516	0	758	0	5374	0	10068	0	172	0	996	0	1602	742	4180	0	1466	0	3152	0	11932	0	2236	0	0	0	0	0	110	0	80	0	146	0	0	0	0	0	0	0	0	0	0	0	0	0	0	0	0	0	0	0	0	0	0	0	0	0	0	0	0	0	1052	502	4464	0	0	0	0	0	0	0	0	0	294	0	0	0	0	0	0	0	0	0	0	0	0	0	0	0	0	0	0	0	0	0	0	0	0	0	0	0	0	0	0	0	0	0	
94304	Frontal_Sup_Orb_R	0	0	118	2020	0	0	0	572	0	3422	0	0	0	0	0	4236	0	0	0	236	186	1066	224	3436	578	7418	0	6444	0	1304	528	1526	0	0	0	0	0	0	0	0	0	0	0	0	0	0	0	0	0	0	0	0	0	0	0	0	0	0	0	0	0	0	0	0	0	0	0	0	0	0	256	6168	136	7278	0	0	0	0	0	0	0	0	0	0	0	0	0	0	0	0	0	0	0	0	0	0	0	0	0	0	0	0	0	0	0	0	0	0	0	0	0	0	0	0	0	0	
475076	Frontal_Mid_L	17186	1398	56008	2568	2904	0	0	318	2592	0	8824	430	37644	0	18524	0	3918	392	6984	1872	0	0	19350	656	0	0	0	0	24002	436	2586	1908	322	1010	0	140	1858	0	0	0	0	0	0	0	0	0	0	0	0	0	0	0	0	0	0	0	602	0	0	0	128	0	0	0	0	0	0	0	370	0	10438	1000	3438	118	592	0	6590	272	0	0	0	0	0	160	0	0	0	0	0	0	0	0	0	0	0	0	0	0	0	0	0	0	0	0	0	0	0	0	0	0	0	0	0	0	0	0	
216572	Frontal_Mid_R	108	6110	1928	32150	0	572	318	0	0	3034	140	5406	68	16076	0	6094	0	3966	1206	3094	0	0	962	4724	0	0	0	0	190	7866	478	3928	0	1170	0	0	0	888	0	0	0	0	0	0	0	0	0	0	0	0	0	0	0	0	0	74	0	200	0	0	0	0	0	0	0	0	0	0	0	0	336	1916	0	3652	0	236	0	202	0	104	0	1090	0	0	0	0	0	0	0	0	0	0	0	0	0	0	0	0	0	0	0	0	0	0	0	0	0	0	0	0	0	0	0	0	0	0	
63976	Frontal_Mid_Orb_L	0	0	3916	0	10516	0	2592	0	0	0	0	0	2502	0	9210	0	0	0	0	0	148	0	0	0	0	0	1218	0	1264	0	0	0	0	0	0	0	0	0	0	0	0	0	0	0	0	0	0	0	0	0	0	0	0	0	0	0	0	0	0	0	0	0	0	0	0	0	0	0	0	0	0	0	622	0	0	0	0	0	0	0	0	0	0	0	0	0	0	0	0	0	0	0	0	0	0	0	0	0	0	0	0	0	0	0	0	0	0	0	0	0	0	0	0	0	0	0	
32312	Frontal_Mid_Orb_R	0	0	0	336	0	3422	0	3034	0	0	0	0	0	160	0	5596	0	0	0	0	0	0	0	192	0	160	0	134	0	2238	0	0	0	0	0	0	0	0	0	0	0	0	0	0	0	0	0	0	0	0	0	0	0	0	0	0	0	0	0	0	0	0	0	0	0	0	0	0	0	0	0	386	0	498	0	0	0	0	0	0	0	0	0	0	0	0	0	0	0	0	0	0	0	0	0	0	0	0	0	0	0	0	0	0	0	0	0	0	0	0	0	0	0	0	0	0	
189196	Frontal_Inf_Oper_L	8428	0	12586	1166	758	0	8824	140	0	0	0	2046	9300	0	452	0	8916	1738	5236	164	0	0	360	554	0	0	0	0	17310	2064	1314	900	0	0	0	0	668	0	104	0	0	0	0	0	0	0	0	0	0	0	0	0	0	0	0	0	3688	0	0	0	68	0	806	0	0	0	0	0	0	0	2386	632	592	96	0	0	612	0	360	0	412	0	1106	812	0	0	0	0	0	0	0	0	0	0	0	0	0	0	0	0	0	0	0	0	0	0	0	0	0	0	0	0	0	0	0	0	
177416	Frontal_Inf_Oper_R	226	4626	302	5592	0	0	430	5406	0	0	2046	0	946	7604	0	154	244	12190	224	2362	0	0	0	2184	0	0	0	0	1746	22226	702	5310	0	88	0	0	418	320	0	0	0	0	0	0	0	0	0	0	0	0	0	0	0	0	0	0	0	1792	0	0	0	0	0	0	0	0	0	0	0	0	914	3944	372	2980	0	68	158	136	0	0	0	140	0	2858	0	0	0	0	0	0	0	0	0	0	0	0	0	0	0	0	0	0	0	0	0	0	0	0	0	0	0	0	0	0	0	0	
322340	Frontal_Inf_Tri_L	366	0	27988	402	5374	0	37644	68	2502	0	9300	946	0	0	25314	0	70	866	4624	0	0	0	7686	196	0	0	68	0	29574	950	4206	336	90	0	0	0	0	0	0	0	0	0	0	0	0	0	0	0	0	0	0	0	0	0	0	0	80	0	0	0	0	0	0	0	0	0	0	0	0	0	1204	410	510	0	0	0	0	0	0	0	0	0	114	282	0	0	0	0	0	0	0	0	0	0	0	0	0	0	0	0	0	0	0	0	0	0	0	0	0	0	0	0	0	0	0	0	
135800	Frontal_Inf_Tri_R	0	0	0	11290	0	0	0	16076	0	160	0	7604	0	0	0	2330	0	4602	172	2296	0	0	156	4826	0	0	0	0	0	10636	338	5142	0	268	0	0	0	0	0	0	0	0	0	0	0	0	0	0	0	0	0	0	0	0	0	0	0	130	0	0	0	0	0	0	0	0	0	0	0	0	0	1362	0	238	0	0	0	0	0	0	0	274	0	0	0	0	0	0	0	0	0	0	0	0	0	0	0	0	0	0	0	0	0	0	0	0	0	0	0	0	0	0	0	0	0	0	
235920	Frontal_Inf_Orb_L	0	0	18442	0	10068	0	18524	0	9210	0	452	0	25314	0	0	0	0	0	1626	0	668	0	5376	0	0	0	382	0	23024	0	476	0	0	0	0	0	74	0	154	0	168	0	0	0	0	0	0	0	0	0	0	0	0	0	0	0	0	0	0	0	0	0	0	0	0	0	0	0	0	0	86	0	3194	0	0	0	0	0	0	0	0	0	722	0	0	0	0	0	0	0	0	0	0	0	0	0	0	0	0	0	0	0	0	0	0	0	0	0	0	0	0	0	0	0	0	0	
105876	Frontal_Inf_Orb_R	0	0	0	5904	0	4236	0	6094	0	5596	0	154	0	2330	0	0	0	176	326	1768	0	730	1422	4732	0	416	0	828	0	10542	0	756	0	1804	0	0	0	110	0	0	0	0	0	0	0	0	0	0	0	0	0	0	0	0	0	0	0	0	0	0	0	0	0	0	0	0	0	0	0	0	0	920	0	3962	0	0	0	0	0	0	0	0	0	132	0	0	0	0	0	0	0	0	0	0	0	0	0	0	0	0	0	0	0	0	0	0	0	0	0	0	0	0	0	0	0	0	
155284	Rolandic_Oper_L	7780	0	6198	390	172	0	3918	0	0	0	8916	244	70	0	0	0	0	190	5770	0	0	0	0	228	0	0	0	0	16946	244	0	364	0	0	0	0	762	0	0	0	0	0	76	0	0	0	0	0	206	0	2108	0	0	0	0	0	6668	0	406	0	360	0	1158	0	0	0	618	0	0	0	536	74	732	0	114	0	1884	0	2708	0	3730	0	518	0	1182	0	0	0	2372	0	0	0	0	0	0	0	0	0	0	0	0	0	0	0	0	0	0	0	0	0	0	0	0	0	0	0	
227432	Rolandic_Oper_R	184	2646	352	8094	0	0	392	3966	0	0	1738	12190	866	4602	0	176	190	0	292	2560	0	0	102	992	0	0	0	0	1484	32046	820	4448	86	446	0	0	388	1928	0	0	0	0	0	80	0	0	0	0	0	0	0	0	0	0	0	364	0	7874	0	0	0	0	0	3448	0	370	0	150	0	260	502	786	306	5462	0	466	134	596	0	2714	0	5634	0	2724	0	306	0	0	0	552	0	0	0	0	0	0	0	0	0	0	0	0	0	0	0	0	0	0	0	0	0	0	0	0	0	0	
466800	Supp_Motor_Area_L	7490	708	42046	14356	996	0	6984	1206	0	0	5236	224	4624	172	1626	326	5770	292	0	34524	0	0	8446	3710	0	0	0	0	11830	504	4134	6418	7182	18280	386	0	1404	76	182	0	0	0	0	0	0	0	0	0	0	0	0	0	0	0	0	0	3358	0	0	0	96	0	200	0	0	0	0	0	12406	254	4098	1016	15378	422	5086	0	594	0	482	0	500	0	292	86	0	0	0	0	0	0	0	0	0	0	0	0	0	0	0	0	0	0	0	0	0	0	0	0	0	0	0	0	0	0	0	0	
766276	Supp_Motor_Area_R	12240	8318	11086	66402	0	236	1872	3094	0	0	164	2362	0	2296	0	1768	0	2560	34524	0	0	0	1870	12996	0	112	0	0	258	4868	3684	23226	5124	53856	856	3540	546	1292	0	240	0	0	0	1086	0	1050	0	696	0	1018	0	1182	0	94	0	1092	5934	13938	0	74	0	2306	436	4754	0	562	162	4944	13584	27930	1742	17760	302	8376	0	2438	512	2152	0	504	100	1038	0	0	0	4758	0	0	0	2926	0	0	0	0	0	0	0	0	0	0	0	0	0	0	0	0	0	0	0	0	298	0	0	0	0	0	
45352	Olfactory_L	0	0	0	0	1602	186	0	0	148	0	0	0	0	0	668	0	0	0	0	0	0	3306	68	0	114	0	1414	386	2028	0	1626	574	0	0	0	0	350	0	772	0	616	0	0	0	0	0	0	0	0	0	0	0	0	0	132	0	0	0	0	0	0	0	0	0	0	0	0	0	0	0	3976	2202	1894	254	0	0	0	0	0	0	0	0	360	0	0	0	0	0	0	0	0	0	0	0	0	0	0	0	0	0	0	0	0	0	0	0	0	0	0	0	0	0	0	0	0	0	
57236	Olfactory_R	0	0	0	0	742	1066	0	0	0	0	0	0	0	0	0	730	0	0	0	0	3306	0	0	0	0	668	1106	2278	252	1584	2342	2170	0	0	0	0	0	0	0	0	0	146	0	0	0	0	0	0	0	0	0	0	0	0	0	0	0	0	0	0	0	0	0	0	0	0	0	0	0	0	4502	4462	1924	1242	0	0	0	0	0	0	0	0	0	98	0	0	0	0	0	0	0	0	0	0	0	0	0	0	0	0	0	0	0	0	0	0	0	0	0	0	0	0	0	0	0	0	
307456	Frontal_Sup_Medial_L	0	0	35270	11934	4180	224	19350	962	0	0	360	0	7686	156	5376	1422	0	102	8446	1870	68	0	0	15330	1084	448	0	0	8220	462	8046	9012	3156	9858	0	0	0	0	0	0	0	0	0	0	0	0	0	0	0	0	0	0	0	0	0	0	0	0	0	0	0	0	0	0	0	0	0	0	0	0	128	192	314	72	0	0	0	0	0	0	0	0	0	0	0	0	0	0	0	0	0	0	0	0	0	0	0	0	0	0	0	0	0	0	0	0	0	0	0	0	0	0	0	0	0	0	
364252	Frontal_Sup_Medial_R	318	0	1246	45876	0	3436	656	4724	0	192	554	2184	196	4826	0	4732	228	992	3710	12996	0	0	15330	0	496	3828	0	290	714	6724	1518	33248	116	16480	0	0	146	84	0	0	0	0	0	0	0	0	0	0	0	0	0	0	0	0	0	0	0	0	0	0	0	0	0	0	0	0	0	0	0	0	1140	11210	98	3520	0	0	74	146	0	0	0	98	0	0	0	0	0	0	0	0	0	0	0	0	0	0	0	0	0	0	0	0	0	0	0	0	0	0	0	0	0	0	0	0	0	0	
13976	Frontal_Med_Orb_L	0	0	108	0	1466	578	0	0	0	0	0	0	0	0	0	0	0	0	0	0	114	0	1084	496	0	1058	264	88	0	0	1476	168	0	0	0	0	0	0	0	0	0	0	0	0	0	0	0	0	0	0	0	0	0	0	0	0	0	0	0	0	0	0	0	0	0	0	0	0	0	0	0	0	88	0	0	0	0	0	0	0	0	0	0	0	0	0	0	0	0	0	0	0	0	0	0	0	0	0	0	0	0	0	0	0	0	0	0	0	0	0	0	0	0	0	0	0	
67228	Frontal_Med_Orb_R	0	0	0	1128	0	7418	0	0	0	160	0	0	0	0	0	416	0	0	0	112	0	668	448	3828	1058	0	0	3628	0	160	646	3364	0	0	0	0	0	0	0	0	0	0	0	0	0	0	0	0	0	0	0	0	0	0	0	0	0	0	0	0	0	0	0	0	0	0	0	0	0	0	100	5728	0	4752	0	0	0	0	0	0	0	0	0	0	0	0	0	0	0	0	0	0	0	0	0	0	0	0	0	0	0	0	0	0	0	0	0	0	0	0	0	0	0	0	0	0	
23936	Rectus_L	0	0	0	0	3152	0	0	0	1218	0	0	0	68	0	382	0	0	0	0	0	1414	1106	0	0	264	0	0	84	660	0	644	0	0	0	0	0	0	0	0	0	0	0	0	0	0	0	0	0	0	0	0	0	0	0	0	0	0	0	0	0	0	0	0	0	0	0	0	0	0	0	1386	672	918	0	0	0	0	0	0	0	0	0	0	0	0	0	0	0	0	0	0	0	0	0	0	0	0	0	0	0	0	0	0	0	0	0	0	0	0	0	0	0	0	0	0	0	
45112	Rectus_R	0	0	0	0	0	6444	0	0	0	134	0	0	0	0	0	828	0	0	0	0	386	2278	0	290	88	3628	84	0	0	1026	398	1200	0	0	0	0	0	0	0	0	0	0	0	0	0	0	0	0	0	0	0	0	0	0	0	0	0	0	0	0	0	0	0	0	0	0	0	0	0	0	380	2666	248	2478	0	0	0	0	0	0	0	0	0	0	0	0	0	0	0	0	0	0	0	0	0	0	0	0	0	0	0	0	0	0	0	0	0	0	0	0	0	0	0	0	0	0	
558496	Insula_L	10738	0	35560	1680	11932	0	24002	190	1264	0	17310	1746	29574	0	23024	0	16946	1484	11830	258	2028	252	8220	714	0	0	660	0	0	1754	5506	1348	92	0	256	0	9360	0	2090	0	902	0	0	0	0	0	0	0	0	0	1126	0	0	0	1580	0	10708	0	84	0	1188	0	3822	0	122	0	326	0	140	0	2146	670	14066	0	0	0	3602	0	5848	0	4178	0	3240	662	2050	0	0	0	2970	0	0	0	0	0	0	0	0	0	0	0	0	0	0	0	0	0	0	0	0	0	0	0	0	0	0	0	
394908	Insula_R	260	2998	456	17458	0	1304	436	7866	0	2238	2064	22226	950	10636	0	10542	244	32046	504	4868	0	1584	462	6724	0	160	0	1026	1754	0	1188	11056	86	814	0	182	454	3572	0	222	0	520	0	120	0	0	0	72	0	0	0	0	0	0	0	1094	0	3586	0	0	0	0	0	0	0	0	0	182	0	98	988	5896	376	17298	0	464	210	1454	0	3828	0	7310	0	3776	0	2456	0	0	0	1346	0	0	0	0	0	0	0	0	0	0	0	0	0	0	0	0	0	0	0	0	0	0	0	0	0	0	
167792	Cingulum_Ant_L	134	0	7654	3364	2236	528	2586	478	0	0	1314	702	4206	338	476	0	0	820	4134	3684	1626	2342	8046	1518	1476	646	644	398	5506	1188	0	7920	3310	4384	0	0	68	0	0	0	0	0	0	0	0	0	0	0	0	0	0	0	0	0	0	0	0	0	0	0	0	0	0	0	0	0	0	0	0	0	3848	2712	4582	840	0	0	0	0	0	0	0	90	0	98	0	0	0	0	0	0	0	0	0	0	0	0	0	0	0	0	0	0	0	0	0	0	0	0	0	0	0	0	0	0	0	0	
476356	Cingulum_Ant_R	746	184	3612	48882	0	1526	1908	3928	0	0	900	5310	336	5142	0	756	364	4448	6418	23226	574	2170	9012	33248	168	3364	0	1200	1348	11056	7920	0	1070	21420	0	0	210	172	0	0	0	0	0	0	0	0	0	0	0	0	0	0	0	0	0	0	0	94	0	0	0	0	0	0	0	0	0	0	0	70	4922	23704	354	7240	0	102	96	254	0	0	0	452	0	272	0	0	0	0	0	0	0	0	0	0	0	0	0	0	0	0	0	0	0	0	0	0	0	0	0	0	0	0	0	0	0	0	
103132	Cingulum_Mid_L	2242	0	1510	928	0	0	322	0	0	0	0	0	90	0	0	0	0	86	7182	5124	0	0	3156	116	0	0	0	0	92	86	3310	1070	0	9340	1810	106	0	0	0	0	0	0	0	74	452	82	0	0	610	138	798	108	0	0	0	0	0	0	400	0	432	0	0	0	88	0	3312	706	7078	646	0	0	0	0	0	0	0	0	0	0	0	0	0	0	0	72	0	0	0	0	0	0	0	0	0	0	0	0	0	0	0	0	0	0	0	0	0	0	0	0	0	0	0	0	0	0	
466644	Cingulum_Mid_R	6966	2844	1134	19638	0	0	1010	1170	0	0	0	88	0	268	0	1804	0	446	18280	53856	0	0	9858	16480	0	0	0	0	0	814	4384	21420	9340	0	1316	3966	550	226	0	0	0	0	0	1440	0	1452	0	754	0	1398	0	1076	0	0	0	320	1108	4766	0	0	0	412	92	1040	0	280	512	8556	10218	16234	822	1788	256	516	0	0	376	538	0	146	0	246	0	0	0	1792	0	0	0	942	0	0	0	0	0	0	0	0	0	0	0	0	0	0	0	0	0	0	0	0	384	0	0	0	0	0	
100376	Cingulum_Post_L	5396	340	0	172	0	0	0	0	0	0	0	0	0	0	0	0	0	0	386	856	0	0	0	0	0	0	0	0	256	0	0	0	1810	1316	0	5216	5266	3106	954	906	0	0	2036	98	1522	0	856	322	558	0	182	0	0	0	198	238	178	82	0	0	0	0	0	0	0	0	5872	798	2698	806	0	158	0	170	0	0	4150	2602	448	0	0	0	0	0	0	94	0	0	0	142	0	0	0	0	0	0	0	0	0	0	0	0	0	0	0	0	0	0	0	0	0	0	0	0	0	0	
165892	Cingulum_Post_R	4336	1764	0	812	0	0	140	0	0	0	0	0	0	0	0	0	0	0	0	3540	0	0	0	0	0	0	0	0	0	182	0	0	106	3966	5216	0	1456	11056	0	3240	0	0	0	2228	0	308	0	5008	0	418	0	1330	0	150	0	3492	0	1334	0	308	0	418	0	0	0	504	160	7708	0	3410	364	334	0	178	0	0	7998	6720	0	582	0	500	0	0	0	2430	0	0	0	1250	0	0	0	0	0	0	0	0	0	0	0	0	0	0	0	0	0	0	0	0	0	0	0	0	0	0	
167636	Hippocampus_L	5334	210	1762	280	110	0	1858	0	0	0	668	418	0	0	74	0	762	388	1404	546	350	0	0	146	0	0	0	0	9360	454	68	210	0	550	5266	1456	0	1484	7916	424	4712	0	2686	0	102	0	2576	376	92	0	750	0	0	0	4484	78	1288	0	0	0	146	0	298	0	0	0	5210	98	556	0	102	128	4574	90	278	0	4566	1206	1170	0	1006	0	634	170	158	0	0	0	4558	0	0	0	0	0	0	84	0	0	0	0	0	0	0	0	0	0	0	0	0	144	0	0	0	0	0	0	
313808	Hippocampus_R	3040	8190	0	3312	0	0	0	888	0	0	0	320	0	0	0	110	0	1928	76	1292	0	0	0	84	0	0	0	0	0	3572	0	172	0	226	3106	11056	1484	0	0	19562	0	5108	0	4972	0	118	0	6144	0	108	0	128	0	2050	0	28480	0	822	0	0	0	0	0	392	0	0	0	8338	0	992	230	872	0	10146	0	756	5740	9572	0	1066	0	2566	0	598	0	1636	0	108	0	6966	0	0	0	0	0	0	0	170	0	146	0	0	0	0	0	0	0	0	0	0	262	0	0	0	0	0	
54804	ParaHippocampal_L	448	0	186	0	80	0	0	0	0	0	104	0	0	0	154	0	0	0	182	0	772	0	0	0	0	0	0	0	2090	0	0	0	0	0	954	0	7916	0	0	0	1006	0	1614	0	172	0	2606	142	186	0	974	0	84	0	2720	0	100	0	0	0	0	0	0	0	0	0	2410	0	0	0	0	0	704	0	0	0	0	0	0	0	200	0	556	0	70	0	160	0	356	0	0	0	0	0	122	0	170	0	0	0	0	0	0	0	0	0	0	0	0	164	0	0	0	0	0	0	
152040	ParaHippocampal_R	834	1222	0	756	0	0	0	0	0	0	0	0	0	0	0	0	0	0	0	240	0	0	0	0	0	0	0	0	0	222	0	0	0	0	906	3240	424	19562	0	0	0	3134	0	3044	0	86	0	5498	0	88	0	112	0	1060	0	14762	0	124	0	0	0	0	0	0	0	0	0	5320	0	274	0	404	0	1092	0	0	1334	3056	0	636	0	1184	0	2174	0	1042	0	1958	0	1844	0	0	0	0	0	0	0	226	0	0	0	0	0	0	0	0	0	0	0	0	162	0	0	0	0	0	
22104	Amygdala_L	0	0	0	0	146	0	0	0	0	0	0	0	0	0	168	0	0	0	0	0	616	0	0	0	0	0	0	0	902	0	0	0	0	0	0	0	4712	0	1006	0	0	0	0	0	0	0	0	0	0	0	0	0	0	0	1940	0	0	0	0	0	0	0	0	0	0	0	0	0	0	0	0	0	146	0	0	0	0	0	0	0	0	0	384	0	0	0	0	0	1032	0	0	0	0	0	0	0	0	0	0	0	0	0	0	0	0	0	0	0	0	0	0	0	0	0	0	0	
36096	Amygdala_R	0	184	0	182	0	0	0	0	0	0	0	0	0	0	0	0	0	0	0	0	0	146	0	0	0	0	0	0	0	520	0	0	0	0	0	0	0	5108	0	3134	0	0	0	0	0	0	0	0	0	0	0	0	0	0	0	4748	0	0	0	0	0	0	0	0	0	0	0	0	0	0	0	476	0	0	0	0	0	576	0	0	0	0	0	2276	0	0	0	408	0	290	0	0	0	0	0	0	0	0	0	0	0	0	0	0	0	0	0	0	0	0	0	0	0	0	0	0	
292264	Calcarine_L	848	0	0	0	0	0	0	0	0	0	0	0	0	0	0	0	76	0	0	0	0	0	0	0	0	0	0	0	0	0	0	0	0	0	2036	0	2686	0	1614	0	0	0	0	6046	18336	4454	20566	1884	12532	700	32390	166	3048	0	3668	0	214	0	0	0	728	0	0	0	760	0	18450	686	1136	0	0	0	0	0	0	0	0	0	0	0	140	0	0	0	5474	0	0	0	488	0	1138	0	0	0	0	0	2004	0	1936	72	90	0	160	0	0	0	0	0	0	0	1514	92	0	0	0	0	
354916	Calcarine_R	0	594	0	0	0	0	0	0	0	0	0	0	0	0	0	0	0	80	0	1086	0	0	0	0	0	0	0	0	0	120	0	0	74	1440	98	2228	0	4972	0	3044	0	0	6046	0	3010	28668	3796	30038	212	24400	0	13390	0	5504	0	12608	0	894	0	70	0	68	0	86	0	138	1586	24824	0	1260	0	0	0	0	0	0	0	0	0	170	0	262	0	0	0	2398	0	0	0	3478	0	0	0	0	0	0	0	0	126	412	0	0	0	0	0	0	0	0	0	0	118	160	0	0	0	0	
175928	Cuneus_L	1950	0	0	0	0	0	0	0	0	0	0	0	0	0	0	0	0	0	0	0	0	0	0	0	0	0	0	0	0	0	0	0	452	0	1522	0	102	0	172	0	0	0	18336	3010	0	5966	3402	272	17156	674	12666	294	236	0	456	0	164	0	1018	0	584	0	0	0	610	0	12198	1474	2508	0	0	0	0	0	0	0	0	0	0	0	74	0	0	0	2364	0	0	0	304	0	0	0	0	0	0	0	0	0	0	0	0	0	0	0	0	0	0	0	0	0	0	0	0	0	0	0	
338304	Cuneus_R	0	156	0	0	0	0	0	0	0	0	0	0	0	0	0	0	0	0	0	1050	0	0	0	0	0	0	0	0	0	0	0	0	82	1452	0	308	0	118	0	86	0	0	4454	28668	5966	0	1306	7892	884	43378	278	20394	0	2240	0	2864	0	1974	0	4286	0	1556	0	412	0	1922	4278	23480	0	1538	0	0	0	0	0	0	0	0	0	70	0	316	0	0	0	4724	0	0	0	2256	0	0	0	0	0	0	0	0	108	348	0	0	0	0	0	0	0	0	0	0	192	116	0	0	0	0	
320608	Lingual_L	194	0	0	0	0	0	0	0	0	0	0	0	0	0	0	0	0	0	0	0	0	0	0	0	0	0	0	0	0	0	0	0	0	0	856	0	2576	0	2606	0	0	0	20566	3796	3402	1306	0	4544	4658	286	21000	120	5888	98	13560	1068	0	86	0	0	132	0	0	0	128	0	9446	448	214	0	0	0	0	0	0	0	0	0	0	0	0	0	0	0	1464	0	0	0	212	0	9304	1358	582	92	0	84	12888	198	19366	3490	368	0	676	0	314	422	0	0	0	126	3680	6106	1754	98	504	240	
363608	Lingual_R	100	230	0	0	0	0	0	0	0	0	0	0	0	0	0	0	0	0	0	696	0	0	0	0	0	0	0	0	0	72	0	0	0	754	322	5008	376	6144	142	5498	0	0	1884	30038	272	7892	4544	0	0	9520	0	8954	118	5580	1768	19476	0	424	0	0	0	72	0	0	0	116	288	19172	0	732	0	242	0	126	0	0	306	854	0	188	0	302	0	0	0	2014	0	0	0	1930	4396	1364	296	106	0	152	1234	2930	7976	9928	240	0	1086	146	178	410	72	0	0	0	4224	9030	1178	342	362	0	
170936	Occipital_Sup_L	210	0	0	0	0	0	0	0	0	0	0	0	0	0	0	0	206	0	0	0	0	0	0	0	0	0	0	0	0	0	0	0	610	0	558	0	92	0	186	0	0	0	12532	212	17156	884	4658	0	0	0	28094	0	772	0	712	0	80	0	4188	0	742	0	148	0	604	0	10370	888	460	0	0	0	0	0	0	0	0	0	0	0	158	0	0	0	684	0	0	0	176	0	0	0	0	0	0	0	0	0	88	0	0	0	0	0	0	0	0	0	0	0	0	0	0	0	0	0	
418068	Occipital_Sup_R	0	222	0	0	0	0	0	0	0	0	0	0	0	0	0	0	0	0	0	1018	0	0	0	0	0	0	0	0	0	0	0	0	138	1398	0	418	0	108	0	88	0	0	700	24400	674	43378	286	9520	0	0	0	43094	0	4188	0	4078	0	5622	0	14160	0	4066	0	462	0	9780	2944	25580	0	2294	0	0	0	0	0	0	0	0	0	0	0	240	0	0	0	7128	0	0	0	2430	0	0	0	0	0	0	0	0	108	392	0	0	0	0	0	0	0	0	0	0	0	120	0	0	0	0	
499232	Occipital_Mid_L	2544	104	0	0	0	0	0	0	0	0	0	0	0	0	0	0	2108	0	0	0	0	0	0	0	0	0	0	0	1126	0	0	0	798	0	182	0	750	0	974	0	0	0	32390	0	12666	278	21000	0	28094	0	0	0	17688	0	8022	104	1132	0	12742	0	16504	0	2092	0	20552	0	23632	836	3796	78	0	0	0	0	0	0	0	0	316	0	2718	0	0	0	28654	0	0	0	6358	0	172	0	0	0	0	0	0	0	890	130	0	0	0	0	0	0	0	0	0	0	0	186	0	0	0	0	
410248	Occipital_Mid_R	0	308	0	0	0	0	0	0	0	0	0	0	0	0	0	0	0	0	0	1182	0	0	0	0	0	0	0	0	0	0	0	0	108	1076	0	1330	0	128	0	112	0	0	166	13390	294	20394	120	8954	0	43094	0	0	0	10756	0	6070	0	5528	0	10114	0	5846	0	1220	0	24300	1792	15904	0	2938	0	0	0	0	0	0	0	0	0	0	0	2422	0	0	0	24494	0	0	0	2382	0	0	0	0	0	0	0	0	116	370	0	0	0	0	0	0	0	0	0	0	80	136	0	0	0	0	
91280	Occipital_Inf_L	108	0	0	0	0	0	0	0	0	0	0	0	0	0	0	0	0	0	0	0	0	0	0	0	0	0	0	0	0	0	0	0	0	0	0	0	0	0	84	0	0	0	3048	0	236	0	5888	118	772	0	17688	0	0	0	8022	0	0	0	0	0	0	0	0	0	0	0	658	0	176	0	0	0	0	0	0	0	0	0	0	0	0	0	0	0	4054	0	0	0	3700	0	0	0	0	0	0	0	236	0	552	0	0	0	0	0	0	0	0	0	0	0	100	200	0	0	0	0	
119208	Occipital_Inf_R	0	408	0	0	0	0	0	0	0	0	0	0	0	0	0	0	0	0	0	94	0	0	0	0	0	0	0	0	0	0	0	0	0	0	0	150	0	2050	0	1060	0	0	0	5504	0	2240	98	5580	0	4188	0	10756	0	0	0	12560	0	0	0	0	0	0	0	0	0	90	0	1602	0	116	0	0	0	0	0	0	0	0	0	0	0	100	0	0	0	2740	0	0	0	7502	76	110	0	0	0	0	0	380	152	914	0	0	0	0	0	98	0	0	0	0	368	388	114	80	86	0	
261516	Fusiform_L	332	0	0	0	0	0	0	0	0	0	0	0	0	0	0	0	0	0	0	0	132	0	0	0	0	0	0	0	1580	0	0	0	0	0	198	0	4484	0	2720	0	1940	0	3668	0	456	0	13560	1768	712	0	8022	0	8022	0	0	174	158	0	0	0	0	0	0	0	0	0	1558	0	178	0	0	0	104	0	0	0	0	0	280	0	1010	0	2262	0	2988	0	2048	0	10532	0	15046	424	774	0	108	0	12844	0	24386	1970	68	0	158	0	94	0	0	0	0	0	2166	3124	710	0	0	0	
447964	Fusiform_R	196	3976	0	318	0	0	0	74	0	0	0	0	0	0	0	0	0	364	0	1092	0	0	0	0	0	0	0	0	0	1094	0	0	0	320	238	3492	78	28480	0	14762	0	4748	0	12608	0	2864	1068	19476	0	4078	104	6070	0	12560	174	0	0	764	0	0	0	0	0	218	0	0	0	10428	0	1338	0	120	0	1456	0	0	272	2094	0	1172	0	3458	0	6464	0	4544	0	4846	0	22656	804	11304	0	196	0	720	0	6996	1558	17284	0	0	70	238	0	398	0	0	0	0	2190	2776	738	324	322	0	
254236	Postcentral_L	33758	410	342	1852	0	0	602	0	0	0	3688	0	80	0	0	0	6668	0	3358	5934	0	0	0	0	0	0	0	0	10708	0	0	0	0	1108	178	0	1288	0	100	0	0	0	214	0	164	0	0	0	80	0	1132	0	0	0	158	0	0	0	3096	0	17606	0	13430	0	1440	0	2034	0	4138	114	2596	84	1798	0	272	0	1492	0	2882	0	2092	0	0	0	1462	0	0	0	760	0	0	0	0	0	0	0	0	0	0	0	0	0	0	0	0	0	0	0	0	0	0	0	0	0	0	0	
315700	Postcentral_R	0	20668	0	2262	0	0	0	200	0	0	0	1792	0	130	0	0	0	7874	0	13938	0	0	0	0	0	0	0	0	0	3586	0	94	0	4766	82	1334	0	822	0	124	0	0	0	894	0	1974	86	424	0	5622	0	5528	0	0	0	764	0	0	0	7484	0	11480	0	19276	0	5744	296	12366	0	16340	0	86	0	956	0	0	0	514	0	858	0	1190	0	0	0	4880	0	0	0	3416	0	0	0	0	0	0	0	0	0	0	0	0	0	0	0	0	0	0	0	0	0	0	0	0	0	0	
101496	Parietal_Sup_L	294	0	0	0	0	0	0	0	0	0	0	0	0	0	0	0	406	0	0	0	0	0	0	0	0	0	0	0	84	0	0	0	400	0	0	0	0	0	0	0	0	0	0	0	1018	0	0	0	4188	0	12742	0	0	0	0	0	3096	0	0	0	10432	0	332	0	3754	0	11744	88	1750	0	0	0	0	0	0	0	0	0	0	0	0	0	0	0	78	0	0	0	342	0	0	0	0	0	0	0	0	0	0	0	0	0	0	0	0	0	0	0	0	0	0	0	0	0	0	0	
147824	Parietal_Sup_R	0	124	0	0	0	0	0	0	0	0	0	0	0	0	0	0	0	0	0	74	0	0	0	0	0	0	0	0	0	0	0	0	0	0	0	308	0	0	0	0	0	0	0	70	0	4286	0	0	0	14160	0	10114	0	0	0	0	0	7484	0	0	0	10108	0	964	0	12916	216	10166	0	1010	0	0	0	0	0	0	0	0	0	0	0	146	0	0	0	1128	0	0	0	638	0	0	0	0	0	0	0	0	0	0	0	0	0	0	0	0	0	0	0	0	0	0	0	0	0	0	
225264	Parietal_Inf_L	3814	0	82	0	0	0	128	0	0	0	68	0	0	0	0	0	360	0	96	0	0	0	0	0	0	0	0	0	1188	0	0	0	432	0	0	0	146	0	0	0	0	0	728	0	584	0	132	0	742	0	16504	0	0	0	0	0	17606	0	10432	0	0	0	17272	0	22734	0	4336	0	1438	0	0	0	284	0	0	0	0	0	210	0	2156	0	0	0	9682	0	0	0	1478	0	0	0	0	0	0	0	0	0	0	0	0	0	0	0	0	0	0	0	0	0	0	0	0	0	0	0	
162400	Parietal_Inf_R	0	906	0	146	0	0	0	0	0	0	0	0	0	0	0	0	0	0	0	2306	0	0	0	0	0	0	0	0	0	0	0	0	0	412	0	418	0	0	0	0	0	0	0	68	0	1556	0	72	0	4066	0	5846	0	0	0	0	0	11480	0	10108	0	0	0	15108	0	17902	0	2834	0	2330	0	0	0	0	0	0	0	0	0	0	0	308	0	0	0	3264	0	0	0	2070	0	0	0	0	0	0	0	0	0	0	0	0	0	0	0	0	0	0	0	0	0	0	0	0	0	0	
132876	SupraMarginal_L	3676	0	0	214	0	0	0	0	0	0	806	0	0	0	0	0	1158	0	200	436	0	0	0	0	0	0	0	0	3822	0	0	0	0	92	0	0	298	0	0	0	0	0	0	0	0	0	0	0	148	0	2092	0	0	0	0	0	13430	0	332	0	17272	0	0	0	5852	0	402	0	90	0	0	0	320	0	0	0	0	0	522	0	5772	0	0	0	9092	0	0	0	412	0	0	0	0	0	0	0	0	0	0	0	0	0	0	0	0	0	0	0	0	0	0	0	0	0	0	0	
157048	SupraMarginal_R	0	3170	0	160	0	0	0	0	0	0	0	0	0	0	0	0	0	3448	0	4754	0	0	0	0	0	0	0	0	0	0	0	0	0	1040	0	0	0	392	0	0	0	0	0	86	0	412	0	0	0	462	0	1220	0	0	0	218	0	19276	0	964	0	15108	0	0	0	8326	0	804	0	4820	0	0	0	0	0	0	0	0	0	90	0	3528	0	0	0	5124	0	0	0	5122	0	0	0	0	0	0	0	0	0	0	0	0	0	0	0	0	0	0	0	0	0	0	0	0	0	0	
147720	Angular_L	242	0	0	0	0	0	0	0	0	0	0	0	0	0	0	0	0	0	0	0	0	0	0	0	0	0	0	0	122	0	0	0	88	0	0	0	0	0	0	0	0	0	760	0	610	0	128	0	604	0	20552	0	0	0	0	0	1440	0	3754	0	22734	0	5852	0	0	0	1868	0	468	0	0	0	0	0	0	0	0	0	0	0	1332	0	0	0	12204	0	0	0	1102	0	0	0	0	0	0	0	0	0	0	0	0	0	0	0	0	0	0	0	0	0	0	0	0	0	0	0	
218648	Angular_R	0	240	0	0	0	0	0	0	0	0	0	0	0	0	0	0	0	370	0	562	0	0	0	0	0	0	0	0	0	0	0	0	0	280	0	504	0	0	0	0	0	0	0	138	0	1922	0	116	0	9780	0	24300	0	90	0	0	0	5744	0	12916	0	17902	0	8326	0	0	0	3030	0	582	0	0	0	0	0	0	0	0	0	0	0	3904	0	0	0	13602	0	0	0	5016	0	0	0	0	0	0	0	0	0	0	0	0	0	0	0	0	0	0	0	0	0	0	0	0	0	0	
300216	Precuneus_L	2456	80	0	0	0	0	0	0	0	0	0	0	0	0	0	0	618	0	0	162	0	0	0	0	0	0	0	0	326	0	0	0	3312	512	5872	160	5210	0	2410	0	0	0	18450	1586	12198	4278	9446	288	10370	2944	23632	1792	658	0	1558	0	2034	296	11744	216	4336	0	402	0	1868	0	0	7654	6210	474	0	0	0	0	0	0	330	0	392	0	214	0	0	0	3936	656	0	0	956	72	0	0	0	0	0	0	0	0	0	0	0	0	0	0	0	0	0	0	0	0	0	0	0	0	0	0	
454720	Precuneus_R	136	1640	0	106	0	0	0	0	0	0	0	0	0	0	0	0	0	150	0	4944	0	0	0	0	0	0	0	0	0	182	0	0	706	8556	798	7708	98	8338	0	5320	0	0	686	24824	1474	23480	448	19172	888	25580	836	15904	0	1602	0	10428	0	12366	88	10166	0	2834	0	804	0	3030	7654	0	306	9462	0	0	0	0	0	0	756	484	0	324	0	838	0	0	100	7600	0	0	0	4680	0	0	0	0	0	0	0	0	0	0	0	0	0	0	0	0	0	0	0	0	1864	0	0	0	0	0	
217656	Paracentral_Lobule_L	22428	4186	642	1190	0	0	370	0	0	0	0	0	0	0	0	0	0	0	12406	13584	0	0	0	0	0	0	0	0	140	0	0	0	7078	10218	2698	0	556	0	0	0	0	0	1136	0	2508	0	214	0	460	0	3796	0	176	0	178	0	4138	0	1750	0	1438	0	90	0	468	0	6210	306	0	3408	430	436	398	170	370	0	2086	94	0	0	120	0	0	0	1898	0	0	0	1054	0	0	0	0	0	0	0	0	0	0	0	0	0	0	0	0	0	0	0	0	0	0	0	0	0	0	0	
245440	Paracentral_Lobule_R	3990	8734	0	96	0	0	0	0	0	0	0	0	0	0	0	0	0	260	254	27930	0	0	0	0	0	0	0	0	0	98	0	70	646	16234	806	3410	0	992	0	274	0	0	0	1260	0	1538	0	732	0	2294	78	2938	0	116	0	1338	114	16340	0	1010	0	2330	0	4820	0	582	474	9462	3408	0	118	0	0	0	0	0	0	0	0	458	0	952	0	0	0	5234	0	0	0	3026	0	0	0	0	0	0	0	0	0	0	0	0	0	0	0	0	0	0	0	0	304	0	0	0	0	0	
186088	Caudate_L	11062	1506	4292	3076	1052	256	10438	336	0	0	2386	914	1204	0	86	0	536	502	4098	1742	3976	4502	128	1140	0	100	1386	380	2146	988	3848	4922	0	822	0	364	102	230	0	0	0	0	0	0	0	0	0	0	0	0	0	0	0	0	0	0	2596	0	0	0	0	0	0	0	0	0	0	0	430	118	0	8982	5852	1382	576	0	2970	1378	0	0	0	0	0	240	0	0	0	0	0	0	0	0	0	0	0	0	0	0	0	0	0	0	0	0	0	0	0	0	0	0	0	0	0	0	0	0	
372828	Caudate_R	954	4110	2464	27122	502	6168	1000	1916	0	386	632	3944	410	1362	0	920	74	786	1016	17760	2202	4462	192	11210	0	5728	672	2666	670	5896	2712	23704	0	1788	158	334	128	872	0	404	0	476	0	0	0	0	0	242	0	0	0	0	0	0	0	120	84	86	0	0	0	0	0	0	0	0	0	0	436	0	8982	0	1758	18306	0	2026	2690	15776	0	0	0	0	0	108	0	0	0	0	0	0	0	0	0	0	0	0	0	0	0	0	0	0	0	0	0	0	0	0	0	0	0	0	0	0	0	0	
201452	Putamen_L	4996	146	10106	188	4464	136	3438	0	622	0	592	372	510	0	3194	0	732	306	15378	302	1894	1924	314	98	88	0	918	248	14066	376	4582	354	0	256	0	0	4574	0	704	0	146	0	0	0	0	0	0	0	0	0	0	0	0	0	104	0	1798	0	0	0	284	0	320	0	0	0	0	0	398	0	5852	1758	0	184	7318	0	5198	0	90	0	134	0	1042	122	0	0	0	0	100	0	0	0	0	0	0	0	0	0	0	0	0	0	0	0	0	0	0	0	0	0	0	0	0	0	0	0	
271660	Putamen_R	196	2820	832	16190	0	7278	118	3652	0	498	96	2980	0	238	0	3962	0	5462	422	8376	254	1242	72	3520	0	4752	0	2478	0	17298	840	7240	0	516	170	178	90	10146	0	1092	0	0	0	0	0	0	0	126	0	0	0	0	0	0	0	1456	0	956	0	0	0	0	0	0	0	0	0	0	170	0	1382	18306	184	0	0	3616	484	3978	0	304	0	1198	0	86	0	0	0	0	0	576	0	0	0	0	0	0	0	0	0	0	0	0	0	0	0	0	0	0	0	0	0	0	0	0	0	0	
42232	Pallidum_L	1328	0	4062	0	0	0	592	0	0	0	0	0	0	0	0	0	114	0	5086	0	0	0	0	0	0	0	0	0	0	0	0	0	0	0	0	0	278	0	0	0	0	0	0	0	0	0	0	0	0	0	0	0	0	0	0	0	272	0	0	0	0	0	0	0	0	0	0	0	370	0	576	0	7318	0	0	0	1120	0	0	0	0	0	0	0	0	0	0	0	0	0	0	0	0	0	0	0	0	0	0	0	0	0	0	0	0	0	0	0	0	0	0	0	0	0	0	0	
28808	Pallidum_R	0	208	0	3882	0	0	0	236	0	0	0	68	0	0	0	0	0	466	0	2438	0	0	0	0	0	0	0	0	0	464	0	102	0	0	0	0	0	756	0	0	0	0	0	0	0	0	0	0	0	0	0	0	0	0	0	0	0	0	0	0	0	0	0	0	0	0	0	0	0	0	0	2026	0	3616	0	0	0	142	0	0	0	0	0	0	0	0	0	0	0	0	0	0	0	0	0	0	0	0	0	0	0	0	0	0	0	0	0	0	0	0	0	0	0	0	0	0	
185020	Thalamus_L	16398	2836	2348	1686	0	0	6590	0	0	0	612	158	0	0	0	0	1884	134	594	512	0	0	0	74	0	0	0	0	3602	210	0	96	0	376	4150	7998	4566	5740	0	1334	0	0	0	0	0	0	0	306	0	0	0	0	0	0	0	272	1492	0	0	0	0	0	0	0	0	0	330	756	2086	0	2970	2690	5198	484	1120	0	0	11538	504	0	676	0	0	0	0	0	0	0	190	0	0	0	0	0	0	0	0	0	0	0	0	0	0	0	0	0	0	0	0	0	0	0	0	0	0	0	
177948	Thalamus_R	3622	8556	0	10030	0	0	272	202	0	0	0	136	0	0	0	0	0	596	0	2152	0	0	0	146	0	0	0	0	0	1454	0	254	0	538	2602	6720	1206	9572	0	3056	0	576	0	0	0	0	0	854	0	0	0	0	0	0	0	2094	0	514	0	0	0	0	0	0	0	0	0	484	94	0	1378	15776	0	3978	0	142	11538	0	0	0	0	114	0	0	0	0	0	0	0	318	0	0	0	0	0	0	0	0	0	0	0	0	0	0	0	0	0	0	0	0	0	0	0	0	0	0	
44420	Heschl_L	1774	0	68	0	0	0	0	0	0	0	360	0	0	0	0	0	2708	0	482	0	0	0	0	0	0	0	0	0	5848	0	0	0	0	0	448	0	1170	0	0	0	0	0	0	0	0	0	0	0	0	0	316	0	0	0	280	0	2882	0	0	0	210	0	522	0	0	0	392	0	0	0	0	0	90	0	0	0	504	0	0	0	1336	0	0	0	872	0	0	0	1948	0	0	0	0	0	0	0	0	0	0	0	0	0	0	0	0	0	0	0	0	0	0	0	0	0	0	0	
46012	Heschl_R	0	504	0	214	0	0	0	104	0	0	0	0	0	0	0	0	0	2714	0	504	0	0	0	0	0	0	0	0	0	3828	0	0	0	146	0	582	0	1066	0	636	0	0	0	170	0	70	0	188	0	0	0	0	0	0	0	1172	0	858	0	0	0	0	0	90	0	0	0	324	0	458	0	0	0	304	0	0	0	0	0	0	0	5250	0	86	0	2250	0	0	0	1488	0	0	0	0	0	0	0	0	0	0	0	0	0	0	0	0	0	0	0	0	0	0	0	0	0	0	
119000	Temporal_Sup_L	1210	0	246	70	0	0	0	0	0	0	412	0	0	0	0	0	3730	0	500	100	0	0	0	0	0	0	0	0	4178	0	0	0	0	0	0	0	1006	0	200	0	0	0	140	0	74	0	0	0	158	0	2718	0	0	0	1010	0	2092	0	0	0	2156	0	5772	0	1332	0	214	0	120	0	0	0	134	0	0	0	676	0	1336	0	0	0	1792	0	17156	0	0	0	10968	0	0	0	0	0	0	0	0	0	0	0	0	0	0	0	0	0	0	0	0	0	0	0	0	0	0	0	
151800	Temporal_Sup_R	0	720	0	1334	0	0	0	1090	0	0	0	140	0	274	0	0	0	5634	0	1038	0	0	0	98	0	0	0	0	0	7310	90	452	0	246	0	500	0	2566	0	1184	0	0	0	262	0	316	0	302	0	240	0	2422	0	100	0	3458	0	1190	0	146	0	308	0	3528	0	3904	0	838	0	952	0	0	0	1198	0	0	0	114	0	5250	0	0	0	3426	0	17820	0	840	0	6610	0	0	0	0	0	0	0	0	0	0	0	0	0	0	0	0	0	0	0	0	0	0	0	0	0	0	
44708	Temporal_Pole_Sup_L	0	0	410	0	294	0	0	0	0	0	1106	0	114	0	722	0	518	0	292	0	360	0	0	0	0	0	0	0	3240	0	0	0	0	0	0	0	634	0	556	0	384	0	0	0	0	0	0	0	0	0	0	0	0	0	2262	0	0	0	0	0	0	0	0	0	0	0	0	0	0	0	0	0	1042	0	0	0	0	0	0	0	1792	0	0	0	3090	0	2606	0	2932	0	0	0	0	0	0	0	0	0	0	0	0	0	0	0	0	0	0	0	0	0	0	0	0	0	0	0	
74108	Temporal_Pole_Sup_R	0	0	114	74	0	0	160	0	0	0	812	2858	282	0	0	132	0	2724	86	0	0	98	0	0	0	0	0	0	662	3776	98	272	0	0	0	0	170	598	0	2174	0	2276	0	0	0	0	0	0	0	0	0	0	0	0	0	6464	0	0	0	0	0	0	0	0	0	0	0	0	0	0	240	108	122	86	0	0	0	0	0	86	0	3426	0	0	0	1738	0	4096	0	3322	0	0	0	0	0	0	0	0	0	0	0	0	0	0	0	0	0	0	0	0	0	0	0	0	0	0	
287832	Temporal_Mid_L	1620	0	0	0	0	0	0	0	0	0	0	0	0	0	0	0	1182	0	0	0	0	0	0	0	0	0	0	0	2050	0	0	0	0	0	0	0	158	0	70	0	0	0	5474	0	2364	0	1464	0	684	0	28654	0	4054	0	2988	0	1462	0	78	0	9682	0	9092	0	12204	0	3936	100	1898	0	0	0	0	0	0	0	0	0	872	0	17156	0	3090	0	0	0	3154	0	30430	0	0	0	0	0	0	0	0	0	0	0	0	0	0	0	0	0	0	0	0	0	0	0	0	0	0	0	
316216	Temporal_Mid_R	0	1416	0	0	0	0	0	0	0	0	0	0	0	0	0	0	0	306	0	4758	0	0	0	0	0	0	0	0	0	2456	0	0	72	1792	94	2430	0	1636	0	1042	0	0	0	2398	0	4724	0	2014	0	7128	0	24494	0	2740	0	4544	0	4880	0	1128	0	3264	0	5124	0	13602	656	7600	0	5234	0	0	0	0	0	0	0	0	0	2250	0	17820	0	1738	0	0	0	2910	0	27754	0	0	0	0	0	0	0	0	0	0	0	0	0	0	0	0	0	0	0	0	104	0	0	0	0	0	
21648	Temporal_Pole_Mid_L	0	0	0	0	0	0	0	0	0	0	0	0	0	0	0	0	0	0	0	0	0	0	0	0	0	0	0	0	0	0	0	0	0	0	0	0	0	0	160	0	0	0	0	0	0	0	0	0	0	0	0	0	0	0	2048	0	0	0	0	0	0	0	0	0	0	0	0	0	0	0	0	0	0	0	0	0	0	0	0	0	0	0	2606	0	3154	0	0	0	2856	0	0	0	0	0	0	0	0	0	0	0	0	0	0	0	0	0	0	0	0	0	0	0	0	0	0	0	
38512	Temporal_Pole_Mid_R	0	0	0	0	0	0	0	0	0	0	0	0	0	0	0	0	0	0	0	0	0	0	0	0	0	0	0	0	0	0	0	0	0	0	0	0	0	108	0	1958	0	408	0	0	0	0	0	0	0	0	0	0	0	0	0	4846	0	0	0	0	0	0	0	0	0	0	0	0	0	0	0	0	0	0	0	0	0	0	0	0	0	840	0	4096	0	2910	0	0	0	4090	0	0	0	0	0	0	0	0	0	0	0	0	0	0	0	0	0	0	0	0	0	0	0	0	0	0	
185936	Temporal_Inf_L	1434	86	0	0	0	0	0	0	0	0	0	0	0	0	0	0	2372	0	0	0	0	0	0	0	0	0	0	0	2970	0	0	0	0	0	0	0	4558	0	356	0	1032	0	488	0	304	0	212	0	176	0	6358	0	3700	0	10532	0	760	0	342	0	1478	0	412	0	1102	0	956	0	1054	0	0	0	100	0	0	0	190	0	1948	0	10968	0	2932	0	30430	0	2856	0	0	0	1592	0	0	0	0	0	444	0	826	0	0	0	0	0	0	0	0	0	0	0	0	0	0	0	0	0	
261480	Temporal_Inf_R	0	2276	0	94	0	0	0	0	0	0	0	0	0	0	0	0	0	552	0	2926	0	0	0	0	0	0	0	0	0	1346	0	0	0	942	142	1250	0	6966	0	1844	0	290	0	3478	0	2256	0	1930	0	2430	0	2382	0	7502	0	22656	0	3416	0	638	0	2070	0	5122	0	5016	72	4680	0	3026	0	0	0	576	0	0	0	318	0	1488	0	6610	0	3322	0	27754	0	4090	0	0	0	924	0	0	0	0	0	0	0	116	0	0	0	0	0	0	0	0	0	0	240	0	0	0	0	0	
479656	Cerebelum_Crus1_L	0	0	0	0	0	0	0	0	0	0	0	0	0	0	0	0	0	0	0	0	0	0	0	0	0	0	0	0	0	0	0	0	0	0	0	0	0	0	0	0	0	0	1138	0	0	0	9304	4396	0	0	172	0	0	76	15046	804	0	0	0	0	0	0	0	0	0	0	0	0	0	0	0	0	0	0	0	0	0	0	0	0	0	0	0	0	0	0	0	0	1592	0	0	9874	36568	5768	84	0	15262	1042	55128	11064	13674	1896	18168	2818	1262	442	298	0	0	0	5226	10678	16342	1064	642	0	
423288	Cerebelum_Crus1_R	0	0	0	0	0	0	0	0	0	0	0	0	0	0	0	0	0	0	0	0	0	0	0	0	0	0	0	0	0	0	0	0	0	0	0	0	0	0	0	0	0	0	0	0	0	0	1358	1364	0	0	0	0	0	110	424	11304	0	0	0	0	0	0	0	0	0	0	0	0	0	0	0	0	0	0	0	0	0	0	0	0	0	0	0	0	0	0	0	0	0	924	9874	0	3514	32704	214	1314	1660	18450	9250	53056	936	3624	2938	19058	680	2608	132	76	0	188	6058	8028	16020	3896	1882	0	
343400	Cerebelum_Crus2_L	0	0	0	0	0	0	0	0	0	0	0	0	0	0	0	0	0	0	0	0	0	0	0	0	0	0	0	0	0	0	0	0	0	0	0	0	0	0	0	0	0	0	0	0	0	0	582	296	0	0	0	0	0	0	774	0	0	0	0	0	0	0	0	0	0	0	0	0	0	0	0	0	0	0	0	0	0	0	0	0	0	0	0	0	0	0	0	0	0	0	36568	3514	0	16092	0	0	374	340	7026	1270	38202	6138	31822	6264	1788	382	146	0	0	0	264	794	15762	2780	522	0	
361600	Cerebelum_Crus2_R	0	0	0	0	0	0	0	0	0	0	0	0	0	0	0	0	0	0	0	0	0	0	0	0	0	0	0	0	0	0	0	0	0	0	0	0	0	0	0	0	0	0	0	0	0	0	92	106	0	0	0	0	0	0	0	196	0	0	0	0	0	0	0	0	0	0	0	0	0	0	0	0	0	0	0	0	0	0	0	0	0	0	0	0	0	0	0	0	0	0	5768	32704	16092	0	0	156	74	2444	1472	8170	8458	21556	11480	37662	556	1936	0	210	0	0	550	982	20560	8536	1040	0	
16588	Cerebelum_3_L	0	0	0	0	0	0	0	0	0	0	0	0	0	0	0	0	0	0	0	0	0	0	0	0	0	0	0	0	0	0	0	0	0	0	0	0	0	0	122	0	0	0	0	0	0	0	0	0	0	0	0	0	0	0	108	0	0	0	0	0	0	0	0	0	0	0	0	0	0	0	0	0	0	0	0	0	0	0	0	0	0	0	0	0	0	0	0	0	0	0	84	214	0	0	0	0	2980	202	676	334	0	0	0	0	320	114	0	0	334	854	1456	302	194	0	0	0	
41440	Cerebelum_3_R	0	0	0	0	0	0	0	0	0	0	0	0	0	0	0	0	0	0	0	0	0	0	0	0	0	0	0	0	0	0	0	0	0	0	0	0	84	0	0	0	0	0	0	0	0	0	84	152	0	0	0	0	0	0	0	720	0	0	0	0	0	0	0	0	0	0	0	0	0	0	0	0	0	0	0	0	0	0	0	0	0	0	0	0	0	0	0	0	0	0	0	1314	0	156	0	0	496	4602	0	3656	0	0	0	264	0	1988	0	188	1096	2534	1030	910	124	428	894	0	
290316	Cerebelum_4_5_L	0	0	0	0	0	0	0	0	0	0	0	0	0	0	0	0	0	0	0	0	0	0	0	0	0	0	0	0	0	0	0	0	0	0	0	0	0	0	170	0	0	0	2004	0	0	0	12888	1234	0	0	0	0	236	0	12844	0	0	0	0	0	0	0	0	0	0	0	0	0	0	0	0	0	0	0	0	0	0	0	0	0	0	0	0	0	0	0	0	0	444	0	15262	1660	374	74	2980	496	0	1702	36630	6852	1972	0	2940	106	4724	1980	1158	114	358	1332	19014	9332	2316	548	2360	1054	
194448	Cerebelum_4_5_R	0	0	0	0	0	0	0	0	0	0	0	0	0	0	0	0	0	0	0	0	0	0	0	0	0	0	0	0	0	0	0	0	0	0	0	0	0	170	0	226	0	0	0	0	0	0	198	2930	0	0	0	0	0	380	0	6996	0	0	0	0	0	0	0	0	0	0	0	0	0	0	0	0	0	0	0	0	0	0	0	0	0	0	0	0	0	0	0	0	0	0	1042	18450	340	2444	202	4602	1702	0	1284	30380	266	146	1256	2778	162	3578	0	364	84	890	10520	2052	1710	1142	930	0	
525044	Cerebelum_6_L	0	0	0	0	0	0	0	0	0	0	0	0	0	0	0	0	0	0	0	0	0	0	0	0	0	0	0	0	0	0	0	0	0	0	0	0	0	0	0	0	0	0	1936	126	0	108	19366	7976	88	108	890	116	552	152	24386	1558	0	0	0	0	0	0	0	0	0	0	0	0	0	0	0	0	0	0	0	0	0	0	0	0	0	0	0	0	0	0	0	0	826	0	55128	9250	7026	1472	676	0	36630	1284	0	18068	5380	154	7878	708	4814	892	1340	0	0	102	15520	23112	12704	904	1136	156	
488212	Cerebelum_6_R	0	0	0	0	0	0	0	0	0	0	0	0	0	0	0	0	0	0	0	0	0	0	0	0	0	0	0	0	0	0	0	0	0	0	0	0	0	146	0	0	0	0	72	412	0	348	3490	9928	0	392	130	370	0	914	1970	17284	0	0	0	0	0	0	0	0	0	0	0	0	0	0	0	0	0	0	0	0	0	0	0	0	0	0	0	0	0	0	0	0	0	116	11064	53056	1270	8170	334	3656	6852	30380	18068	0	1316	728	3342	7104	2068	4664	472	482	132	302	15880	20090	12054	4100	2882	68	
275912	Cerebelum_7b_L	0	0	0	0	0	0	0	0	0	0	0	0	0	0	0	0	0	0	0	0	0	0	0	0	0	0	0	0	0	0	0	0	0	0	0	0	0	0	0	0	0	0	90	0	0	0	368	240	0	0	0	0	0	0	68	0	0	0	0	0	0	0	0	0	0	0	0	0	0	0	0	0	0	0	0	0	0	0	0	0	0	0	0	0	0	0	0	0	0	0	13674	936	38202	8458	0	0	1972	266	5380	1316	0	5358	36096	5858	3390	404	712	0	0	0	1124	1214	7148	5136	546	0	
165992	Cerebelum_7b_R	0	0	0	0	0	0	0	0	0	0	0	0	0	0	0	0	0	0	0	0	0	0	0	0	0	0	0	0	0	0	0	0	0	0	0	0	0	0	0	0	0	0	0	0	0	0	0	0	0	0	0	0	0	0	0	0	0	0	0	0	0	0	0	0	0	0	0	0	0	0	0	0	0	0	0	0	0	0	0	0	0	0	0	0	0	0	0	0	0	0	1896	3624	6138	21556	0	0	0	146	154	728	5358	0	6432	24320	0	382	0	0	0	0	0	182	6810	5008	262	0	
364872	Cerebelum_8_L	0	0	0	0	0	0	0	0	0	0	0	0	0	0	0	0	0	0	0	0	0	0	0	0	0	0	0	0	0	0	0	0	0	0	0	0	0	0	0	0	0	0	160	0	0	0	676	1086	0	0	0	0	0	0	158	70	0	0	0	0	0	0	0	0	0	0	0	0	0	0	0	0	0	0	0	0	0	0	0	0	0	0	0	0	0	0	0	0	0	0	18168	2938	31822	11480	0	0	2940	1256	7878	3342	36096	6432	0	12584	12326	960	2364	0	0	0	1128	2162	12966	12082	1362	0	
330252	Cerebelum_8_R	0	0	0	0	0	0	0	0	0	0	0	0	0	0	0	0	0	0	0	0	0	0	0	0	0	0	0	0	0	0	0	0	0	0	0	0	0	0	0	0	0	0	0	0	0	0	0	146	0	0	0	0	0	0	0	238	0	0	0	0	0	0	0	0	0	0	0	0	0	0	0	0	0	0	0	0	0	0	0	0	0	0	0	0	0	0	0	0	0	0	2818	19058	6264	37662	0	264	106	2778	708	7104	5858	24320	12584	0	740	13448	0	832	110	112	568	940	13820	12126	2522	0	
103372	Cerebelum_9_L	0	0	0	0	0	0	0	0	0	0	0	0	0	0	0	0	0	0	0	0	0	0	0	0	0	0	0	0	0	0	0	0	0	0	0	0	0	0	0	0	0	0	0	0	0	0	314	178	0	0	0	0	0	0	94	0	0	0	0	0	0	0	0	0	0	0	0	0	0	0	0	0	0	0	0	0	0	0	0	0	0	0	0	0	0	0	0	0	0	0	1262	680	1788	556	320	0	4724	162	4814	2068	3390	0	12326	740	0	588	4426	0	0	98	4006	4154	2440	1260	1022	276	
133228	Cerebelum_9_R	0	0	0	0	0	0	0	0	0	0	0	0	0	0	0	0	0	0	0	0	0	0	0	0	0	0	0	0	0	0	0	0	0	0	0	0	0	0	0	0	0	0	0	0	0	0	422	410	0	0	0	0	0	98	0	398	0	0	0	0	0	0	0	0	0	0	0	0	0	0	0	0	0	0	0	0	0	0	0	0	0	0	0	0	0	0	0	0	0	0	442	2608	382	1936	114	1988	1980	3578	892	4664	404	382	960	13448	588	0	80	2728	972	2250	3914	5378	2630	5274	6794	900	
26700	Cerebelum_10_L	0	0	0	0	0	0	0	0	0	0	0	0	0	0	0	0	0	0	0	0	0	0	0	0	0	0	0	0	0	0	0	0	0	0	0	0	0	0	0	0	0	0	0	0	0	0	0	72	0	0	0	0	0	0	0	0	0	0	0	0	0	0	0	0	0	0	0	0	0	0	0	0	0	0	0	0	0	0	0	0	0	0	0	0	0	0	0	0	0	0	298	132	146	0	0	0	1158	0	1340	472	712	0	2364	0	4426	80	0	0	0	0	810	864	394	0	82	0	
12468	Cerebelum_10_R	0	0	0	0	0	0	0	0	0	0	0	0	0	0	0	0	0	0	0	0	0	0	0	0	0	0	0	0	0	0	0	0	0	0	0	0	0	0	0	0	0	0	0	0	0	0	0	0	0	0	0	0	0	0	0	0	0	0	0	0	0	0	0	0	0	0	0	0	0	0	0	0	0	0	0	0	0	0	0	0	0	0	0	0	0	0	0	0	0	0	0	76	0	210	0	188	114	364	0	482	0	0	0	832	0	2728	0	0	142	134	168	270	0	250	276	0	
18508	Vermis_1_2	0	0	0	0	0	0	0	0	0	0	0	0	0	0	0	0	0	0	0	0	0	0	0	0	0	0	0	0	0	0	0	0	0	0	0	0	0	0	0	0	0	0	0	0	0	0	0	0	0	0	0	0	0	0	0	0	0	0	0	0	0	0	0	0	0	0	0	0	0	0	0	0	0	0	0	0	0	0	0	0	0	0	0	0	0	0	0	0	0	0	0	0	0	0	334	1096	358	84	0	132	0	0	0	110	0	972	0	142	0	4248	646	474	0	104	466	88	
36660	Vermis_3	0	0	0	0	0	0	0	0	0	0	0	0	0	0	0	0	0	0	0	0	0	0	0	0	0	0	0	0	0	0	0	0	0	0	0	0	144	0	164	0	0	0	0	0	0	0	126	0	0	0	0	0	0	0	0	0	0	0	0	0	0	0	0	0	0	0	0	0	0	0	0	0	0	0	0	0	0	0	0	0	0	0	0	0	0	0	0	0	0	0	0	188	0	0	854	2534	1332	890	102	302	0	0	0	112	98	2250	0	134	4248	0	1796	1206	82	478	1188	102	
263236	Vermis_4_5	0	0	0	0	0	0	0	0	0	0	0	0	0	0	0	0	0	0	0	298	0	0	0	0	0	0	0	0	0	0	0	0	0	384	0	0	0	262	0	162	0	0	1514	118	0	192	3680	4224	0	0	0	80	100	368	2166	2190	0	0	0	0	0	0	0	0	0	0	0	1864	0	304	0	0	0	0	0	0	0	0	0	0	0	0	0	0	0	104	0	0	0	240	5226	6058	264	550	1456	1030	19014	10520	15520	15880	1124	0	1128	568	4006	3914	810	168	646	1796	0	14264	2774	1236	3810	1606	
301172	Vermis_6	0	0	0	0	0	0	0	0	0	0	0	0	0	0	0	0	0	0	0	0	0	0	0	0	0	0	0	0	0	0	0	0	0	0	0	0	0	0	0	0	0	0	92	160	0	116	6106	9030	0	120	186	136	200	388	3124	2776	0	0	0	0	0	0	0	0	0	0	0	0	0	0	0	0	0	0	0	0	0	0	0	0	0	0	0	0	0	0	0	0	0	0	10678	8028	794	982	302	910	9332	2052	23112	20090	1214	182	2162	940	4154	5378	864	270	474	1206	14264	0	9240	3846	6272	1406	
347020	Vermis_7	0	0	0	0	0	0	0	0	0	0	0	0	0	0	0	0	0	0	0	0	0	0	0	0	0	0	0	0	0	0	0	0	0	0	0	0	0	0	0	0	0	0	0	0	0	0	1754	1178	0	0	0	0	0	114	710	738	0	0	0	0	0	0	0	0	0	0	0	0	0	0	0	0	0	0	0	0	0	0	0	0	0	0	0	0	0	0	0	0	0	0	16342	16020	15762	20560	194	124	2316	1710	12704	12054	7148	6810	12966	13820	2440	2630	394	0	0	82	2774	9240	0	10230	2696	0	
