data	data	323440	334136	1.00152e+06	859896	215404	149696	452200	517804	100884	34772	225532	213476	283488	180764	130708	110688	202716	122928	643884	755160	70700	75056	529852	422684	37860	163268	35588	82600	540840	318624	394468	602988	192120	511064	115780	146268	232908	284152	102644	209480	28908	55136	213844	273304	219364	370596	256336	333856	215456	308588	530208	194708	133424	91080	359652	421480	251544	234716	107244	84904	268548	152720	132708	139880	116356	96032	248968	415720	113392	134156	309212	493644	276392	319604	60044	31528	164492	195960	65432	51664	174208	167768	59912	108264	429164	331468	57148	63388	284960	282476	403800	415016	236948	262332	31744	63804	223064	209084	425144	412176	226484	161368	316340	304432	123460	171316	35988	36452	23488	67980	212160	255948	191984	116912	127060	21372	
data	data	Precentral_L	Precentral_R	Frontal_Sup_L	Frontal_Sup_R	Frontal_Sup_Orb_L	Frontal_Sup_Orb_R	Frontal_Mid_L	Frontal_Mid_R	Frontal_Mid_Orb_L	Frontal_Mid_Orb_R	Frontal_Inf_Oper_L	Frontal_Inf_Oper_R	Frontal_Inf_Tri_L	Frontal_Inf_Tri_R	Frontal_Inf_Orb_L	Frontal_Inf_Orb_R	Rolandic_Oper_L	Rolandic_Oper_R	Supp_Motor_Area_L	Supp_Motor_Area_R	Olfactory_L	Olfactory_R	Frontal_Sup_Medial_L	Frontal_Sup_Medial_R	Frontal_Med_Orb_L	Frontal_Med_Orb_R	Rectus_L	Rectus_R	Insula_L	Insula_R	Cingulum_Ant_L	Cingulum_Ant_R	Cingulum_Mid_L	Cingulum_Mid_R	Cingulum_Post_L	Cingulum_Post_R	Hippocampus_L	Hippocampus_R	ParaHippocampal_L	ParaHippocampal_R	Amygdala_L	Amygdala_R	Calcarine_L	Calcarine_R	Cuneus_L	Cuneus_R	Lingual_L	Lingual_R	Occipital_Sup_L	Occipital_Sup_R	Occipital_Mid_L	Occipital_Mid_R	Occipital_Inf_L	Occipital_Inf_R	Fusiform_L	Fusiform_R	Postcentral_L	Postcentral_R	Parietal_Sup_L	Parietal_Sup_R	Parietal_Inf_L	Parietal_Inf_R	SupraMarginal_L	SupraMarginal_R	Angular_L	Angular_R	Precuneus_L	Precuneus_R	Paracentral_Lobule_L	Paracentral_Lobule_R	Caudate_L	Caudate_R	Putamen_L	Putamen_R	Pallidum_L	Pallidum_R	Thalamus_L	Thalamus_R	Heschl_L	Heschl_R	Temporal_Sup_L	Temporal_Sup_R	Temporal_Pole_Sup_L	Temporal_Pole_Sup_R	Temporal_Mid_L	Temporal_Mid_R	Temporal_Pole_Mid_L	Temporal_Pole_Mid_R	Temporal_Inf_L	Temporal_Inf_R	Cerebelum_Crus1_L	Cerebelum_Crus1_R	Cerebelum_Crus2_L	Cerebelum_Crus2_R	Cerebelum_3_L	Cerebelum_3_R	Cerebelum_4_5_L	Cerebelum_4_5_R	Cerebelum_6_L	Cerebelum_6_R	Cerebelum_7b_L	Cerebelum_7b_R	Cerebelum_8_L	Cerebelum_8_R	Cerebelum_9_L	Cerebelum_9_R	Cerebelum_10_L	Cerebelum_10_R	Vermis_1_2	Vermis_3	Vermis_4_5	Vermis_6	Vermis_7	Vermis_8	Vermis_9	Vermis_10	
323440	Precentral_L	0	0	10620	0	980	0	15160	250	0	0	10978	446	2304	0	0	0	13634	0	6114	532	0	0	1324	0	0	0	0	0	16256	0	1554	0	4016	0	1916	354	630	260	86	0	0	0	212	0	1732	0	92	0	974	0	3752	0	0	0	1422	0	32140	0	432	0	8248	0	1332	0	774	0	1404	0	9088	0	1600	0	1990	0	624	0	898	0	2156	0	1106	0	0	0	2720	0	0	0	1610	0	0	0	0	0	0	0	0	0	0	0	0	0	0	0	0	0	0	0	0	0	0	0	0	0	0	0	
334136	Precentral_R	0	0	4118	24288	0	0	542	40916	0	0	88	5338	118	426	0	0	0	1448	1964	5732	0	0	302	584	0	104	0	0	92	1352	186	1684	0	868	0	102	0	2688	0	800	0	0	0	464	0	1992	0	222	0	1128	0	320	0	0	0	110	0	16690	0	758	0	1670	0	3294	0	140	0	4040	0	6120	2304	14256	156	2642	0	2068	126	12270	0	666	0	482	0	0	0	776	0	0	0	634	0	0	0	0	0	0	0	0	0	0	0	0	0	0	0	0	0	0	0	0	0	0	0	0	0	0	
1.00152e+06	Frontal_Sup_L	10620	4118	0	27498	11764	0	65018	11312	954	0	4478	1478	17780	318	2598	0	3046	696	84846	37444	0	0	52574	5706	282	442	0	0	20394	726	20644	4660	5850	14736	1256	800	3152	848	540	224	0	0	0	0	0	840	0	342	186	500	304	0	0	0	328	0	2998	624	100	0	1956	136	2322	136	0	0	188	1276	2184	678	19190	4226	14312	1092	7096	0	16478	3322	686	90	508	0	0	0	842	92	0	0	928	0	0	0	0	0	0	0	0	0	0	0	0	0	0	0	0	0	0	0	0	0	0	0	0	0	0	0	
859896	Frontal_Sup_R	0	24288	27498	0	240	8574	3300	57632	0	370	188	6354	358	11120	0	4754	0	2960	21090	49526	0	0	15788	44372	0	4456	0	614	712	8396	3572	34312	1046	24958	0	0	0	1900	0	360	0	0	0	728	0	404	0	250	0	254	0	146	0	212	0	292	0	1246	0	0	0	394	0	438	0	0	0	1206	0	330	11520	28622	898	11586	212	1498	190	9852	0	126	0	106	0	94	0	260	0	0	0	346	0	0	0	0	0	0	0	0	0	0	0	0	0	0	0	0	0	0	0	0	0	0	0	0	0	0	
215404	Frontal_Sup_Orb_L	980	0	11764	240	0	0	2900	104	15954	0	2170	0	7098	0	13012	0	608	0	410	416	918	0	8132	224	2858	0	4196	0	17012	0	9914	144	0	0	0	0	0	0	0	0	258	0	0	0	0	0	0	0	0	0	0	0	0	0	0	0	204	0	0	0	0	0	0	0	0	0	0	0	0	0	1538	0	6116	0	0	0	0	0	0	0	0	0	532	0	0	0	0	0	0	0	0	0	0	0	0	0	0	0	0	0	0	0	0	0	0	0	0	0	0	0	0	0	0	0	0	0	
149696	Frontal_Sup_Orb_R	0	0	0	8574	0	0	0	1936	0	5578	0	188	0	2182	0	7092	0	0	0	586	462	1716	1436	7050	586	10478	0	9676	0	3206	470	5200	0	780	0	0	0	0	0	0	0	0	0	0	0	0	0	0	0	0	0	0	0	0	0	0	0	0	0	0	0	0	0	0	0	0	0	0	0	0	438	2010	386	4818	0	0	0	0	0	0	0	0	0	0	0	0	0	0	0	0	0	0	0	0	0	0	0	0	0	0	0	0	0	0	0	0	0	0	0	0	0	0	0	0	0	0	
452200	Frontal_Mid_L	15160	542	65018	3300	2900	0	0	3886	1676	0	8368	2630	25392	136	3050	0	8238	588	6110	3000	0	0	15748	1268	0	310	0	0	19104	282	8830	1016	100	598	0	0	786	0	252	0	0	0	0	0	0	0	0	0	0	0	0	0	0	0	0	0	4978	110	0	0	494	0	214	0	0	0	0	0	214	0	6440	2114	8364	416	2644	0	474	252	604	128	366	0	0	0	0	0	0	0	0	0	0	0	0	0	0	0	0	0	0	0	0	0	0	0	0	0	0	0	0	0	0	0	0	0	0	0	
517804	Frontal_Mid_R	250	40916	11312	57632	104	1936	3886	0	0	758	1606	11334	1698	15522	0	3136	0	5274	4610	6102	0	0	1968	7328	0	748	0	0	452	5736	1182	7732	108	3452	0	0	0	2454	0	734	0	0	0	0	0	0	0	126	0	0	0	0	0	0	0	0	0	4110	0	0	0	370	0	1354	0	0	0	0	0	0	9882	20876	626	6494	168	3528	126	11386	0	1188	0	430	0	0	0	124	0	0	0	144	0	0	0	0	0	0	0	0	0	0	0	0	0	0	0	0	0	0	0	0	0	0	0	0	0	0	
100884	Frontal_Mid_Orb_L	0	0	954	0	15954	0	1676	0	0	0	0	0	1784	0	15576	0	0	0	0	116	104	0	238	0	968	0	2760	0	5288	0	1316	0	0	0	0	0	0	0	0	0	0	0	0	0	0	0	0	0	0	0	0	0	0	0	0	0	0	0	0	0	0	0	0	0	0	0	0	0	0	0	550	0	3158	0	0	0	0	0	0	0	0	0	0	0	0	0	0	0	0	0	0	0	0	0	0	0	0	0	0	0	0	0	0	0	0	0	0	0	0	0	0	0	0	0	0	0	
34772	Frontal_Mid_Orb_R	0	0	0	370	0	5578	0	758	0	0	0	0	0	802	0	6204	0	0	0	0	0	0	0	698	0	1306	0	432	0	612	0	164	0	0	0	0	0	0	0	0	0	0	0	0	0	0	0	0	0	0	0	0	0	0	0	0	0	0	0	0	0	0	0	0	0	0	0	0	0	0	0	142	0	320	0	0	0	0	0	0	0	0	0	0	0	0	0	0	0	0	0	0	0	0	0	0	0	0	0	0	0	0	0	0	0	0	0	0	0	0	0	0	0	0	0	0	
225532	Frontal_Inf_Oper_L	10978	88	4478	188	2170	0	8368	1606	0	0	0	2312	18036	0	740	0	8100	138	484	116	0	0	5318	1076	0	834	0	0	20906	0	10008	1016	0	0	0	0	162	0	0	0	0	0	0	0	0	0	0	0	0	0	0	0	0	0	0	0	3746	0	0	0	948	0	362	0	0	0	0	0	120	0	6040	786	1718	0	0	0	0	0	802	0	628	0	494	0	0	0	0	0	0	0	0	0	0	0	0	0	0	0	0	0	0	0	0	0	0	0	0	0	0	0	0	0	0	0	0	0	
213476	Frontal_Inf_Oper_R	446	5338	1478	6354	0	188	2630	11334	0	0	2312	0	2084	14154	0	432	0	3836	954	2346	0	0	1020	2602	0	660	0	122	98	11916	292	10770	0	808	0	0	0	196	0	0	0	0	0	0	0	0	0	0	0	0	0	0	0	0	0	0	0	4048	0	0	0	198	0	436	0	0	0	0	0	0	4768	11590	0	2650	0	88	0	216	0	142	0	118	0	0	0	0	0	0	0	114	0	0	0	0	0	0	0	0	0	0	0	0	0	0	0	0	0	0	0	0	0	0	0	0	0	0	
283488	Frontal_Inf_Tri_L	2304	118	17780	358	7098	0	25392	1698	1784	0	18036	2084	0	0	6788	0	956	280	1988	314	0	0	8838	1238	102	742	0	0	20434	0	14356	1000	0	0	0	0	0	0	0	0	0	0	0	0	0	0	0	0	0	0	0	0	0	0	0	0	342	0	0	0	218	0	102	0	0	0	0	0	0	0	5528	1220	432	116	0	0	0	0	98	0	0	0	0	0	0	0	0	0	0	0	0	0	0	0	0	0	0	0	0	0	0	0	0	0	0	0	0	0	0	0	0	0	0	0	0	0	
180764	Frontal_Inf_Tri_R	0	426	318	11120	0	2182	136	15522	0	802	0	14154	0	0	0	9940	0	640	700	3386	0	0	776	4496	0	460	0	0	0	10382	186	7596	0	926	0	0	0	0	0	0	0	0	0	0	0	0	0	0	0	0	0	0	0	0	0	0	0	136	0	0	0	0	0	0	0	0	0	0	0	0	180	4260	0	1658	0	0	0	0	0	0	0	0	0	0	0	0	0	0	0	0	0	0	0	0	0	0	0	0	0	0	0	0	0	0	0	0	0	0	0	0	0	0	0	0	0	0	
130708	Frontal_Inf_Orb_L	0	0	2598	0	13012	0	3050	0	15576	0	740	0	6788	0	0	0	218	0	120	110	1102	0	768	0	92	0	1090	0	14122	0	364	0	0	0	0	0	0	0	0	0	162	0	0	0	0	0	0	0	0	0	0	0	0	0	0	0	0	0	0	0	0	0	0	0	0	0	0	0	0	0	226	0	4364	0	0	0	0	0	0	0	0	0	852	0	0	0	0	0	0	0	0	0	0	0	0	0	0	0	0	0	0	0	0	0	0	0	0	0	0	0	0	0	0	0	0	0	
110688	Frontal_Inf_Orb_R	0	0	0	4754	0	7092	0	3136	0	6204	0	432	0	9940	0	0	0	718	0	648	0	1066	206	2654	0	1152	0	1454	0	10642	0	1768	0	462	0	0	0	0	0	0	0	0	0	0	0	0	0	0	0	0	0	0	0	0	0	0	0	0	0	0	0	0	0	0	0	0	0	0	0	0	0	652	0	944	0	0	0	0	0	0	0	864	0	556	0	0	0	0	0	0	0	0	0	0	0	0	0	0	0	0	0	0	0	0	0	0	0	0	0	0	0	0	0	0	0	0	
202716	Rolandic_Oper_L	13634	0	3046	0	608	0	8238	0	0	0	8100	0	956	0	218	0	0	0	534	0	0	0	818	0	0	0	0	0	24478	0	858	0	176	0	0	94	818	94	162	0	0	0	0	0	118	0	0	0	226	0	2180	0	150	0	532	0	9720	0	162	0	2214	0	3926	0	788	0	152	0	290	0	0	0	1630	0	170	0	408	0	4040	0	5440	0	708	0	3308	0	0	0	2364	0	0	0	0	0	0	0	0	0	0	0	0	0	0	0	0	0	0	0	0	0	0	0	0	0	0	0	
122928	Rolandic_Oper_R	0	1448	696	2960	0	0	588	5274	0	0	138	3836	280	640	0	718	0	0	798	1668	0	0	538	466	0	556	0	110	0	16960	0	2998	0	466	0	0	0	226	0	0	0	0	0	0	0	132	0	0	0	0	0	0	0	0	0	0	0	2440	0	0	0	0	0	1700	0	0	0	244	0	0	230	3556	0	4104	0	108	0	532	0	3882	0	2180	0	468	0	266	0	0	0	258	0	0	0	0	0	0	0	0	0	0	0	0	0	0	0	0	0	0	0	0	0	0	0	0	0	0	
643884	Supp_Motor_Area_L	6114	1964	84846	21090	410	0	6110	4610	0	0	484	954	1988	700	120	0	534	798	0	41094	0	0	21310	4564	0	628	0	158	2334	974	3250	7064	16436	21640	1344	1132	2604	426	416	108	0	0	112	0	2192	488	0	254	1360	390	1332	0	0	0	660	0	2458	200	226	0	1640	0	1890	0	0	0	776	928	5884	300	7944	3640	7476	1612	4470	0	15270	680	302	0	398	0	0	0	1490	90	0	0	1276	0	0	0	0	0	0	0	0	0	0	0	0	0	0	0	0	0	0	0	0	0	0	0	0	0	0	0	
755160	Supp_Motor_Area_R	532	5732	37444	49526	416	586	3000	6102	116	0	116	2346	314	3386	110	648	0	1668	41094	0	0	0	11894	17214	0	1696	0	410	692	3264	3156	17022	5212	48544	0	4936	0	850	0	370	0	0	0	4686	0	9894	0	1128	0	4720	0	1568	0	524	0	574	176	2716	0	932	146	726	154	896	0	316	166	21316	676	14098	10030	15258	958	5198	404	92	3042	5426	0	0	0	276	0	0	0	2116	0	0	0	972	0	0	0	0	0	0	0	0	0	0	0	0	0	0	0	0	0	0	0	0	0	0	0	0	0	0	
70700	Olfactory_L	0	0	0	0	918	462	0	0	104	0	0	0	0	0	1102	0	0	0	0	0	0	5702	0	0	434	364	1172	1076	1588	0	2656	1750	0	0	0	0	0	0	158	0	410	0	0	0	0	0	0	0	0	0	0	0	0	0	0	0	0	0	0	0	0	0	0	0	0	0	0	0	0	0	6440	4042	4460	1598	0	326	0	0	0	0	0	0	588	0	0	0	0	0	0	0	0	0	0	0	0	0	0	0	0	0	0	0	0	0	0	0	0	0	0	0	0	0	0	0	0	0	
75056	Olfactory_R	0	0	0	0	0	1716	0	0	0	0	0	0	0	0	0	1066	0	0	0	0	5702	0	0	0	148	1218	328	3060	0	1768	2404	2750	0	0	0	0	0	0	0	0	0	0	0	0	0	0	0	0	0	0	0	0	0	0	0	0	0	0	0	0	0	0	0	0	0	0	0	0	0	0	5688	5536	3876	1928	0	340	0	0	0	0	0	0	0	0	0	0	0	0	0	0	0	0	0	0	0	0	0	0	0	0	0	0	0	0	0	0	0	0	0	0	0	0	0	0	0	0	
529852	Frontal_Sup_Medial_L	1324	302	52574	15788	8132	1436	15748	1968	238	0	5318	1020	8838	776	768	206	818	538	21310	11894	0	0	0	22690	986	1920	0	0	13044	830	28786	18004	3226	18234	0	0	0	0	0	0	0	0	0	0	0	0	0	0	0	0	0	0	0	0	0	0	248	88	0	0	0	0	0	0	0	0	0	0	0	0	3064	1498	1868	798	0	0	0	646	0	0	0	0	0	0	0	0	0	0	0	0	0	0	0	0	0	0	0	0	0	0	0	0	0	0	0	0	0	0	0	0	0	0	0	0	0	0	
422684	Frontal_Sup_Medial_R	0	584	5706	44372	224	7050	1268	7328	0	698	1076	2602	1238	4496	0	2654	0	466	4564	17214	0	0	22690	0	308	6702	0	134	206	4046	6884	35242	806	23340	0	0	0	0	0	0	0	0	0	0	0	0	0	0	0	0	0	0	0	0	0	0	0	232	0	0	0	0	0	0	0	0	0	0	0	0	1410	5730	0	1886	0	94	0	92	0	0	0	0	0	0	0	0	0	0	0	0	0	0	0	0	0	0	0	0	0	0	0	0	0	0	0	0	0	0	0	0	0	0	0	0	0	0	
37860	Frontal_Med_Orb_L	0	0	282	0	2858	586	0	0	968	0	0	0	102	0	92	0	0	0	0	0	434	148	986	308	0	1830	2194	356	304	128	3374	946	0	0	0	0	0	0	0	0	0	0	0	0	0	0	0	0	0	0	0	0	0	0	0	0	0	0	0	0	0	0	0	0	0	0	0	0	0	0	998	242	1550	244	0	0	0	0	0	0	0	0	0	0	0	0	0	0	0	0	0	0	0	0	0	0	0	0	0	0	0	0	0	0	0	0	0	0	0	0	0	0	0	0	0	0	
163268	Frontal_Med_Orb_R	0	104	442	4456	0	10478	310	748	0	1306	834	660	742	460	0	1152	0	556	628	1696	364	1218	1920	6702	1830	0	184	9110	0	3046	3396	13520	0	570	0	0	0	0	0	0	0	0	0	0	0	0	0	0	0	0	0	0	0	0	0	0	0	0	0	0	0	0	0	0	0	0	0	0	0	0	958	6108	114	8022	0	0	0	0	0	0	0	0	0	0	0	0	0	0	0	0	0	0	0	0	0	0	0	0	0	0	0	0	0	0	0	0	0	0	0	0	0	0	0	0	0	0	
35588	Rectus_L	0	0	0	0	4196	0	0	0	2760	0	0	0	0	0	1090	0	0	0	0	0	1172	328	0	0	2194	184	0	268	308	0	1694	198	0	0	0	0	0	0	0	0	0	0	0	0	0	0	0	0	0	0	0	0	0	0	0	0	0	0	0	0	0	0	0	0	0	0	0	0	0	0	1840	134	1324	0	0	0	0	0	0	0	0	0	104	0	0	0	0	0	0	0	0	0	0	0	0	0	0	0	0	0	0	0	0	0	0	0	0	0	0	0	0	0	0	0	0	0	
82600	Rectus_R	0	0	0	614	0	9676	0	0	0	432	0	122	0	0	0	1454	0	110	158	410	1076	3060	0	134	356	9110	268	0	0	1536	506	2682	0	188	0	0	0	0	0	0	0	0	0	0	0	0	0	0	0	0	0	0	0	0	0	0	0	0	0	0	0	0	0	0	0	0	0	0	0	0	988	2912	832	4676	0	0	0	0	0	0	0	0	0	0	0	0	0	0	0	0	0	0	0	0	0	0	0	0	0	0	0	0	0	0	0	0	0	0	0	0	0	0	0	0	0	0	
540840	Insula_L	16256	92	20394	712	17012	0	19104	452	5288	0	20906	98	20434	0	14122	0	24478	0	2334	692	1588	0	13044	206	304	0	308	0	0	0	20682	88	212	0	516	844	7472	748	1804	156	1172	0	0	0	192	0	108	166	118	0	1130	0	0	0	1876	0	7798	0	0	0	2250	0	1652	0	94	0	262	126	618	0	1784	0	19158	0	566	0	2628	222	7298	0	3408	0	2024	0	2982	0	232	0	2210	0	0	0	0	0	0	0	0	0	0	0	0	0	0	0	0	0	0	0	0	0	0	0	0	0	0	0	
318624	Insula_R	0	1352	726	8396	0	3206	282	5736	0	612	0	11916	0	10382	0	10642	0	16960	974	3264	0	1768	830	4046	128	3046	0	1536	0	0	280	12286	0	942	0	0	154	2356	100	302	0	104	0	94	0	182	122	0	0	0	0	0	0	0	0	936	0	1082	0	0	0	204	0	1134	0	0	0	352	0	0	180	10076	0	19732	0	150	0	2378	0	5626	0	9084	0	2092	0	1782	0	0	0	1780	0	0	0	0	0	0	0	0	0	0	0	0	0	0	0	0	0	0	0	0	0	0	0	0	0	0	
394468	Cingulum_Ant_L	1554	186	20644	3572	9914	470	8830	1182	1316	0	10008	292	14356	186	364	0	858	0	3250	3156	2656	2404	28786	6884	3374	3396	1694	506	20682	280	0	16554	7060	4208	0	0	0	0	0	0	0	0	0	0	0	0	0	0	0	0	0	0	0	0	0	0	276	0	0	0	0	0	0	0	0	0	0	0	0	0	7954	2440	6794	1044	0	0	0	104	0	0	0	0	0	0	0	0	0	0	0	0	0	0	0	0	0	0	0	0	0	0	0	0	0	0	0	0	0	0	0	0	0	0	0	0	0	0	
602988	Cingulum_Ant_R	0	1684	4660	34312	144	5200	1016	7732	0	164	1016	10770	1000	7596	0	1768	0	2998	7064	17022	1750	2750	18004	35242	946	13520	198	2682	88	12286	16554	0	4668	32202	0	0	0	240	0	0	0	0	0	0	0	0	0	0	0	0	0	0	0	0	0	0	0	1268	0	0	0	142	0	310	0	0	0	0	0	0	3272	35428	746	13944	0	206	0	662	0	138	0	0	0	0	0	0	0	0	0	102	0	0	0	0	0	0	0	0	0	0	0	0	0	0	0	0	0	0	0	0	0	0	0	0	0	0	
192120	Cingulum_Mid_L	4016	0	5850	1046	0	0	100	108	0	0	0	0	0	0	0	0	176	0	16436	5212	0	0	3226	806	0	0	0	0	212	0	7060	4668	0	10966	3732	520	0	0	0	0	0	0	184	0	3362	488	100	0	4144	0	5060	0	0	0	736	0	542	0	2288	0	408	0	86	0	114	0	4890	1282	4536	556	0	262	0	92	0	0	0	0	0	0	0	0	0	0	1994	0	0	0	802	0	0	0	0	0	0	0	0	0	0	0	0	0	0	0	0	0	0	0	0	0	0	0	0	0	0	0	
511064	Cingulum_Mid_R	0	868	14736	24958	0	780	598	3452	0	0	0	808	0	926	0	462	0	466	21640	48544	0	0	18234	23340	0	570	0	188	0	942	4208	32202	10966	0	436	5284	0	0	0	0	0	0	0	1820	0	5406	0	460	0	2104	0	580	0	88	0	92	0	458	0	360	0	0	0	0	0	0	742	13220	242	6640	1330	4882	0	1652	0	0	208	0	0	0	0	0	0	0	0	464	0	0	0	176	0	0	0	0	0	0	0	0	0	0	0	0	0	0	0	0	0	0	0	0	0	0	0	0	0	0	
115780	Cingulum_Post_L	1916	0	1256	0	0	0	0	0	0	0	0	0	0	0	0	0	0	0	1344	0	0	0	0	0	0	0	0	0	516	0	0	0	3732	436	0	7340	7594	2870	448	594	0	0	3502	226	3720	0	1584	552	846	0	1470	0	0	0	588	0	296	0	0	0	118	0	0	0	0	0	9076	2228	800	0	244	0	292	0	96	0	2080	0	0	0	0	0	0	0	1216	0	0	0	768	0	0	0	0	0	0	0	0	0	0	0	0	0	0	0	0	0	0	0	0	0	142	0	0	0	0	0	
146268	Cingulum_Post_R	354	102	800	0	0	0	0	0	0	0	0	0	0	0	0	0	94	0	1132	4936	0	0	0	0	0	0	0	0	844	0	0	0	520	5284	7340	0	5722	6528	770	1504	0	0	0	3842	0	694	330	4616	0	152	0	716	0	972	0	874	436	136	0	194	142	136	0	140	0	0	1062	13914	0	772	0	0	794	0	114	0	4626	784	0	0	120	0	0	0	0	670	0	0	106	616	0	0	0	0	0	0	0	0	0	0	0	0	0	0	0	0	0	0	0	0	246	0	0	0	0	0	
232908	Hippocampus_L	630	0	3152	0	0	0	786	0	0	0	162	0	0	0	0	0	818	0	2604	0	0	0	0	0	0	0	0	0	7472	154	0	0	0	0	7594	5722	0	3994	13052	940	4972	0	2668	146	248	0	4152	1210	0	0	798	0	158	0	9566	194	478	0	0	0	336	0	252	0	0	0	3896	1854	0	0	0	0	5018	516	882	0	6588	482	1664	0	3280	0	2496	0	5906	170	2260	0	8288	274	0	0	0	0	0	0	326	0	0	0	0	0	0	0	0	0	0	0	0	158	138	0	0	0	0	0	
284152	Hippocampus_R	260	2688	848	1900	0	0	0	2454	0	0	0	196	0	0	0	0	94	226	426	850	0	0	0	0	0	0	0	0	748	2356	0	240	0	0	2870	6528	3994	0	884	25206	0	9480	0	338	0	0	534	4780	0	0	0	0	0	580	0	20902	358	182	0	0	96	0	0	96	0	0	0	2258	0	0	300	690	712	8256	0	354	3680	8600	0	1002	120	1896	0	3734	0	5544	0	782	106	13036	0	0	0	0	0	0	0	780	0	0	0	0	0	0	0	0	0	0	0	0	112	0	0	0	0	0	
102644	ParaHippocampal_L	86	0	540	0	0	0	252	0	0	0	0	0	0	0	0	0	162	0	416	0	158	0	0	0	0	0	0	0	1804	100	0	0	0	0	448	770	13052	884	0	186	1856	0	448	0	188	0	4192	414	102	0	988	0	140	0	9986	100	0	0	0	0	0	0	0	0	0	0	614	254	0	0	0	0	2122	292	196	0	1794	254	0	0	258	0	1342	0	1474	118	1684	0	2660	156	0	0	0	0	154	0	548	0	0	0	0	0	0	0	0	0	0	0	0	130	0	0	0	0	0	0	
209480	ParaHippocampal_R	0	800	224	360	0	0	0	734	0	0	0	0	0	0	0	0	0	0	108	370	0	0	0	0	0	0	0	0	156	302	0	0	0	0	594	1504	940	25206	186	0	0	7406	0	786	0	0	166	6360	0	0	0	0	0	924	0	23356	0	0	0	0	0	0	0	0	0	0	0	1564	0	0	132	366	168	2944	0	112	932	3150	0	146	0	682	0	8516	0	1618	0	5194	0	6400	0	0	0	0	0	158	0	2176	0	0	0	0	0	0	0	0	0	0	0	0	0	0	0	0	0	0	
28908	Amygdala_L	0	0	0	0	258	0	0	0	0	0	0	0	0	0	162	0	0	0	0	0	410	0	0	0	0	0	0	0	1172	0	0	0	0	0	0	0	4972	0	1856	0	0	0	0	0	0	0	0	0	0	0	0	0	0	0	2206	0	0	0	0	0	0	0	0	0	0	0	0	0	0	0	0	0	700	0	0	0	138	0	0	0	268	0	878	0	284	0	664	0	486	0	0	0	0	0	0	0	0	0	0	0	0	0	0	0	0	0	0	0	0	0	0	0	0	0	0	0	
55136	Amygdala_R	0	0	0	0	0	0	0	0	0	0	0	0	0	0	0	0	0	0	0	0	0	0	0	0	0	0	0	0	0	104	0	0	0	0	0	0	0	9480	0	7406	0	0	0	0	0	0	0	0	0	0	0	0	0	0	0	4348	0	0	0	0	0	0	0	0	0	0	0	0	0	0	0	0	0	1072	0	204	0	116	0	0	0	88	0	3216	0	90	0	1064	0	380	0	0	0	0	0	0	0	0	0	0	0	0	0	0	0	0	0	0	0	0	0	0	0	0	0	0	
213844	Calcarine_L	212	0	0	0	0	0	0	0	0	0	0	0	0	0	0	0	0	0	112	0	0	0	0	0	0	0	0	0	0	0	0	0	184	0	3502	0	2668	0	448	0	0	0	0	6424	10186	3974	17888	3150	9924	2132	22024	510	3646	198	2002	446	0	0	0	0	0	0	0	0	0	0	13360	314	216	0	0	0	0	0	0	0	0	0	0	0	0	0	0	0	2520	0	0	0	882	0	0	0	0	0	0	0	0	0	0	0	0	0	0	0	0	0	0	0	0	0	0	0	0	0	0	0	
273304	Calcarine_R	0	464	0	728	0	0	0	0	0	0	0	0	0	0	0	0	0	0	0	4686	0	0	0	0	0	0	0	0	0	94	0	0	0	1820	226	3842	146	338	0	786	0	0	6424	0	1232	22956	2116	21576	90	14964	0	14226	0	3818	0	7390	0	216	0	0	0	0	0	0	0	0	990	19852	0	1662	0	0	0	0	0	0	0	0	0	0	0	0	0	0	0	3852	0	0	0	1828	0	0	0	0	0	0	0	182	0	0	0	0	0	0	0	0	0	0	0	0	148	0	0	0	0	0	
219364	Cuneus_L	1732	0	0	0	0	0	0	0	0	0	0	0	0	0	0	0	118	0	2192	0	0	0	0	0	0	0	0	0	192	0	0	0	3362	0	3720	0	248	0	188	0	0	0	10186	1232	0	3706	3030	0	25536	478	20720	138	366	0	1642	0	136	0	1686	0	266	0	0	0	94	0	18390	790	3878	0	0	0	0	0	0	0	0	0	0	0	0	0	0	0	4414	0	0	0	1242	0	0	0	0	0	0	0	0	0	0	0	0	0	0	0	0	0	0	0	0	0	0	0	0	0	0	0	
370596	Cuneus_R	0	1992	840	404	0	0	0	0	0	0	0	0	0	0	0	0	0	132	488	9894	0	0	0	0	0	0	0	0	0	182	0	0	488	5406	0	694	0	0	0	0	0	0	3974	22956	3706	0	1398	5502	524	40100	172	10778	0	926	0	1686	0	11590	0	5518	0	6026	0	628	0	1382	1894	27534	164	6900	0	0	0	0	0	0	0	0	0	0	0	1476	0	0	0	7428	0	0	0	2516	0	0	0	0	0	0	0	0	0	0	0	0	0	0	0	0	0	0	0	0	0	0	0	0	0	0	
256336	Lingual_L	92	0	0	0	0	0	0	0	0	0	0	0	0	0	0	0	0	0	0	0	0	0	0	0	0	0	0	0	108	122	0	0	100	0	1584	330	4152	534	4192	166	0	0	17888	2116	3030	1398	0	2218	3290	924	26110	630	13558	110	17366	420	0	0	0	0	0	0	0	0	0	0	6544	228	0	0	0	0	0	420	0	0	282	354	0	0	0	0	0	0	1722	136	0	0	1442	214	1772	170	0	0	110	0	4478	298	6548	284	0	0	0	0	92	0	0	0	0	126	858	1652	0	0	0	0	
333856	Lingual_R	0	222	342	250	0	0	0	126	0	0	0	0	0	0	0	0	0	0	254	1128	0	0	0	0	0	0	0	0	166	0	0	0	0	460	552	4616	1210	4780	414	6360	0	0	3150	21576	0	5502	2218	0	0	6070	0	6856	0	7240	1144	23124	86	88	0	0	0	0	0	0	0	0	108	8648	0	486	102	322	208	90	0	0	1216	2142	0	0	0	0	0	0	0	3354	0	0	0	3168	2106	6110	0	178	0	322	1496	8124	4158	9546	148	0	226	300	324	114	220	0	0	528	7006	7632	520	0	92	0	
215456	Occipital_Sup_L	974	0	186	0	0	0	0	0	0	0	0	0	0	0	0	0	226	0	1360	0	0	0	0	0	0	0	0	0	118	0	0	0	4144	0	846	0	0	0	102	0	0	0	9924	90	25536	524	3290	0	0	0	34534	0	784	0	514	0	102	0	6470	0	1438	0	112	0	174	0	11152	0	1564	0	0	0	0	0	0	0	0	0	0	0	0	0	0	0	3360	0	0	0	204	0	0	0	0	0	0	0	0	0	0	0	0	0	0	0	0	0	0	0	0	0	0	0	0	0	0	0	
308588	Occipital_Sup_R	0	1128	500	254	0	0	0	0	0	0	0	0	0	0	0	0	0	0	390	4720	0	0	0	0	0	0	0	0	0	0	0	0	0	2104	0	152	0	0	0	0	0	0	2132	14964	478	40100	924	6070	0	0	0	18188	0	1810	0	2744	0	7470	0	6434	0	7558	0	694	0	5502	196	14810	0	2066	0	0	0	0	0	0	0	0	0	0	0	1806	0	0	0	8224	0	0	0	2876	0	0	0	0	0	0	0	0	0	0	0	0	0	0	0	0	0	0	0	0	0	0	0	0	0	0	
530208	Occipital_Mid_L	3752	0	304	0	0	0	0	0	0	0	0	0	0	0	0	0	2180	0	1332	0	0	0	0	0	0	0	0	0	1130	0	0	0	5060	0	1470	0	798	0	988	0	0	0	22024	0	20720	172	26110	0	34534	0	0	0	24128	0	14588	0	2348	0	11138	0	18150	0	1732	0	14414	0	13544	0	5098	0	0	0	0	0	0	0	0	0	532	0	1532	0	0	0	30242	0	0	0	5908	0	170	0	0	0	0	0	0	0	602	0	0	0	0	0	0	0	0	0	0	0	0	404	0	0	0	0	
194708	Occipital_Mid_R	0	320	0	146	0	0	0	0	0	0	0	0	0	0	0	0	0	0	0	1568	0	0	0	0	0	0	0	0	0	0	0	0	0	580	0	716	0	0	0	0	0	0	510	14226	138	10778	630	6856	0	18188	0	0	0	3746	0	3596	0	496	0	376	0	1472	0	562	0	11750	0	5802	0	472	0	0	0	0	0	0	0	0	0	0	0	672	0	0	0	12656	0	0	0	1098	0	0	0	0	0	0	0	0	0	0	0	0	0	0	0	0	0	0	0	0	0	0	0	0	0	0	
133424	Occipital_Inf_L	0	0	0	0	0	0	0	0	0	0	0	0	0	0	0	0	150	0	0	0	0	0	0	0	0	0	0	0	0	0	0	0	0	0	0	0	158	0	140	0	0	0	3646	0	366	0	13558	0	784	0	24128	0	0	0	11296	0	0	0	0	0	232	0	0	0	0	0	192	0	0	0	0	0	0	0	0	0	0	0	0	0	208	0	0	0	4614	0	0	0	5036	0	700	0	0	0	0	0	234	0	990	0	0	0	0	0	0	0	0	0	0	0	0	280	0	0	0	0	
91080	Occipital_Inf_R	0	0	0	212	0	0	0	0	0	0	0	0	0	0	0	0	0	0	0	524	0	0	0	0	0	0	0	0	0	0	0	0	0	88	0	972	0	580	0	924	0	0	198	3818	0	926	110	7240	0	1810	0	3746	0	0	0	13786	0	0	0	0	0	0	0	0	0	0	0	2186	0	0	0	0	0	248	0	0	0	0	0	0	0	0	0	0	0	2258	0	0	0	5634	0	0	0	0	0	0	0	94	0	186	0	0	0	0	0	0	0	0	0	0	0	0	0	0	0	0	
359652	Fusiform_L	1422	0	328	0	0	0	0	0	0	0	0	0	0	0	0	0	532	0	660	0	0	0	0	0	0	0	0	0	1876	0	0	0	736	0	588	0	9566	0	9986	0	2206	0	2002	0	1642	0	17366	1144	514	0	14588	0	11296	0	0	294	152	0	0	0	148	0	0	0	0	0	1650	0	192	0	0	0	542	0	0	0	440	0	446	0	1612	0	3594	0	16288	0	5168	0	27082	0	11136	430	0	0	170	0	9116	436	20184	750	136	0	0	0	130	0	100	0	0	0	674	2504	0	0	0	0	
421480	Fusiform_R	0	110	0	292	0	0	0	0	0	0	0	0	0	0	0	0	0	0	0	574	0	0	0	0	0	0	0	0	0	936	0	0	0	92	0	874	194	20902	100	23356	0	4348	446	7390	0	1686	420	23124	0	2744	0	3596	0	13786	294	0	0	0	0	0	0	0	0	0	0	0	0	3092	0	0	0	0	0	3514	0	0	0	1168	0	454	0	1904	0	9266	0	9676	0	5342	0	27108	226	9138	0	0	0	1488	216	11064	676	15116	0	0	0	152	0	0	0	0	154	892	2892	1802	136	0	0	0	
251544	Postcentral_L	32140	0	2998	0	204	0	4978	0	0	0	3746	0	342	0	0	0	9720	0	2458	176	0	0	248	0	0	0	0	0	7798	0	276	0	542	0	296	436	478	358	0	0	0	0	0	0	136	0	0	86	102	0	2348	0	0	0	152	0	0	0	3950	0	22304	0	7990	0	1880	0	2178	0	7420	0	1040	0	1334	0	200	0	1072	112	2264	0	2538	0	0	0	988	0	0	0	484	0	0	0	0	0	0	0	0	0	0	0	0	0	0	0	0	0	0	0	0	0	0	0	0	0	0	0	
234716	Postcentral_R	0	16690	624	1246	0	0	110	4110	0	0	0	4048	0	136	0	0	0	2440	200	2716	0	0	88	232	0	0	0	0	0	1082	0	1268	0	458	0	136	0	182	0	0	0	0	0	216	0	11590	0	88	0	7470	0	496	0	0	0	0	0	0	0	5598	0	14098	0	14006	0	938	0	7910	0	5134	332	2308	0	500	0	0	0	432	0	214	0	1376	0	0	0	5372	0	0	0	3514	0	0	0	0	0	0	0	0	0	0	0	0	0	0	0	0	0	0	0	0	0	0	0	0	0	0	
107244	Parietal_Sup_L	432	0	100	0	0	0	0	0	0	0	0	0	0	0	0	0	162	0	226	0	0	0	0	0	0	0	0	0	0	0	0	0	2288	0	0	0	0	0	0	0	0	0	0	0	1686	0	0	0	6470	0	11138	0	0	0	0	0	3950	0	0	0	8648	0	0	0	852	0	13508	0	1442	0	0	0	0	0	0	0	0	0	0	0	136	0	0	0	2144	0	0	0	440	0	0	0	0	0	0	0	0	0	0	0	0	0	0	0	0	0	0	0	0	0	0	0	0	0	0	0	
84904	Parietal_Sup_R	0	758	0	0	0	0	0	0	0	0	0	0	0	0	0	0	0	0	0	932	0	0	0	0	0	0	0	0	0	0	0	0	0	360	0	194	0	0	0	0	0	0	0	0	0	5518	0	0	0	6434	0	376	0	0	0	0	0	5598	0	0	0	6708	0	1982	0	2522	616	5936	0	2184	0	0	0	0	0	0	0	0	0	0	0	332	0	0	0	1486	0	0	0	516	0	0	0	0	0	0	0	0	0	0	0	0	0	0	0	0	0	0	0	0	0	0	0	0	0	0	
268548	Parietal_Inf_L	8248	0	1956	0	0	0	494	0	0	0	948	0	218	0	0	0	2214	0	1640	146	0	0	0	0	0	0	0	0	2250	0	0	0	408	0	118	142	336	96	0	0	0	0	0	0	266	0	0	0	1438	0	18150	0	232	0	148	0	22304	0	8648	0	0	0	18976	0	18748	0	724	0	4550	0	0	0	454	0	0	0	362	0	408	0	5806	0	0	0	12164	0	0	0	1682	0	0	0	0	0	0	0	0	0	0	0	0	0	0	0	0	0	0	0	0	0	0	0	0	0	0	0	
152720	Parietal_Inf_R	0	1670	136	394	0	0	0	370	0	0	0	198	0	0	0	0	0	0	0	726	0	0	0	0	0	0	0	0	0	204	0	142	0	0	0	136	0	0	0	0	0	0	0	0	0	6026	0	0	0	7558	0	1472	0	0	0	0	0	14098	0	6708	0	0	0	16410	0	6376	0	3280	0	790	0	258	0	186	0	0	0	176	0	90	0	1344	0	0	0	4930	0	0	0	2682	0	0	0	0	0	0	0	0	0	0	0	0	0	0	0	0	0	0	0	0	0	0	0	0	0	0	
132708	SupraMarginal_L	1332	0	2322	0	0	0	214	0	0	0	362	0	102	0	0	0	3926	0	1890	154	0	0	0	0	0	0	0	0	1652	0	0	0	86	0	0	0	252	0	0	0	0	0	0	0	0	0	0	0	112	0	1732	0	0	0	0	0	7990	0	0	0	18976	0	0	0	6144	0	0	0	190	0	0	0	504	0	0	0	396	0	270	0	7720	0	0	0	9264	0	0	0	764	0	0	0	0	0	0	0	0	0	0	0	0	0	0	0	0	0	0	0	0	0	0	0	0	0	0	0	
139880	SupraMarginal_R	0	3294	136	438	0	0	0	1354	0	0	0	436	0	0	0	0	0	1700	0	896	0	0	0	0	0	0	0	0	0	1134	0	310	0	0	0	140	0	96	0	0	0	0	0	0	0	628	0	0	0	694	0	562	0	0	0	0	0	14006	0	1982	0	16410	0	0	0	4360	0	992	0	836	0	762	0	312	0	0	0	272	0	1760	0	7832	0	0	0	4118	0	0	0	4480	0	0	0	0	0	0	0	0	0	0	0	0	0	0	0	0	0	0	0	0	0	0	0	0	0	0	
116356	Angular_L	774	0	0	0	0	0	0	0	0	0	0	0	0	0	0	0	788	0	0	0	0	0	0	0	0	0	0	0	94	0	0	0	114	0	0	0	0	0	0	0	0	0	0	0	94	0	0	0	174	0	14414	0	0	0	0	0	1880	0	852	0	18748	0	6144	0	0	0	102	0	1108	0	0	0	0	0	0	0	0	0	0	0	3072	0	0	0	9576	0	0	0	244	0	0	0	0	0	0	0	0	0	0	0	0	0	0	0	0	0	0	0	0	0	0	0	0	0	0	0	
96032	Angular_R	0	140	0	0	0	0	0	0	0	0	0	0	0	0	0	0	0	0	0	316	0	0	0	0	0	0	0	0	0	0	0	0	0	0	0	0	0	0	0	0	0	0	0	0	0	1382	0	0	0	5502	0	11750	0	0	0	0	0	938	0	2522	0	6376	0	4360	0	0	0	1058	0	260	0	0	0	0	0	0	0	0	0	100	0	4112	0	0	0	7686	0	0	0	1514	0	0	0	0	0	0	0	0	0	0	0	0	0	0	0	0	0	0	0	0	0	0	0	0	0	0	
248968	Precuneus_L	1404	0	188	0	0	0	0	0	0	0	0	0	0	0	0	0	152	0	776	166	0	0	0	0	0	0	0	0	262	0	0	0	4890	742	9076	1062	3896	0	614	0	0	0	13360	990	18390	1894	6544	108	11152	196	13544	0	192	0	1650	0	2178	0	13508	616	724	0	0	0	102	0	0	7274	2928	176	0	0	0	0	0	0	0	0	0	0	0	0	0	0	4070	0	0	0	1660	0	0	0	0	0	0	0	0	0	0	0	0	0	0	0	0	0	0	0	0	0	0	0	0	0	0	0	
415720	Precuneus_R	0	4040	1276	1206	0	0	0	0	0	0	0	0	0	0	0	0	0	244	928	21316	0	0	0	0	0	0	0	0	126	352	0	0	1282	13220	2228	13914	1854	2258	254	1564	0	0	314	19852	790	27534	228	8648	0	14810	0	5802	0	2186	0	3092	0	7910	0	5936	0	3280	0	992	0	1058	7274	0	450	14752	0	0	156	0	0	0	766	196	0	0	0	882	0	0	0	8672	0	0	0	5814	0	0	0	0	0	0	0	0	0	0	0	0	0	0	0	0	0	0	0	0	404	0	0	0	0	0	
113392	Paracentral_Lobule_L	9088	0	2184	0	0	0	214	0	0	0	120	0	0	0	0	0	290	0	5884	676	0	0	0	0	0	0	0	0	618	0	0	0	4536	242	800	0	0	0	0	0	0	0	216	0	3878	164	0	0	1564	0	5098	0	0	0	192	0	7420	0	1442	0	4550	0	190	0	1108	0	2928	450	0	482	0	0	100	0	0	0	0	0	0	0	98	0	0	0	1856	0	0	0	308	0	0	0	0	0	0	0	0	0	0	0	0	0	0	0	0	0	0	0	0	0	0	0	0	0	0	0	
134156	Paracentral_Lobule_R	0	6120	678	330	0	0	0	0	0	0	0	0	0	0	0	0	0	0	300	14098	0	0	0	0	0	0	0	0	0	0	0	0	556	6640	0	772	0	0	0	0	0	0	0	1662	0	6900	0	486	0	2066	0	472	0	0	0	0	0	5134	0	2184	0	790	0	836	0	260	176	14752	482	0	0	0	0	0	0	0	0	0	0	0	0	0	0	0	0	998	0	0	0	386	0	0	0	0	0	0	0	0	0	0	0	0	0	0	0	0	0	0	0	0	0	0	0	0	0	0	
309212	Caudate_L	1600	2304	19190	11520	1538	438	6440	9882	550	0	6040	4768	5528	180	226	0	0	230	7944	10030	6440	5688	3064	1410	998	958	1840	988	1784	180	7954	3272	0	1330	244	0	0	300	0	132	0	0	0	0	0	0	0	102	0	0	0	0	0	0	0	0	1040	332	0	0	0	0	0	0	0	0	0	0	0	0	0	9532	9292	2102	814	342	3218	2842	0	0	0	0	0	0	0	0	0	0	0	0	0	0	0	0	0	0	0	0	0	0	0	0	0	0	0	0	0	0	0	0	0	0	0	0	0	0	
493644	Caudate_R	0	14256	4226	28622	0	2010	2114	20876	0	142	786	11590	1220	4260	0	652	0	3556	3640	15258	4042	5536	1498	5730	242	6108	134	2912	0	10076	2440	35428	262	4882	0	0	0	690	0	366	0	0	0	0	0	0	0	322	0	0	0	0	0	0	0	0	0	2308	0	0	0	258	0	762	0	0	0	0	0	0	9532	0	3086	20280	0	2958	586	12894	0	170	0	0	0	0	0	0	0	0	0	112	0	0	0	0	0	0	0	0	0	0	0	0	0	0	0	0	0	0	0	0	0	0	0	0	0	0	
276392	Putamen_L	1990	156	14312	898	6116	386	8364	626	3158	0	1718	0	432	0	4364	0	1630	0	7476	958	4460	3876	1868	0	1550	114	1324	832	19158	0	6794	746	0	0	292	794	5018	712	2122	168	700	0	0	0	0	0	0	208	0	0	0	0	0	0	542	0	1334	0	0	0	454	0	504	0	0	0	0	156	100	0	9292	3086	0	1192	9950	318	6190	284	502	0	180	0	306	0	172	0	148	0	166	0	0	0	0	0	0	0	0	0	0	0	0	0	0	0	0	0	0	0	0	0	0	0	0	0	0	0	
319604	Putamen_R	0	2642	1092	11586	0	4818	416	6494	0	320	0	2650	116	1658	0	944	0	4104	1612	5198	1598	1928	798	1886	244	8022	0	4676	0	19732	1044	13944	92	1652	0	0	516	8256	292	2944	0	1072	0	0	0	0	420	90	0	0	0	0	0	248	0	3514	0	500	0	0	0	186	0	312	0	0	0	0	0	0	2102	20280	1192	0	0	2978	0	6570	0	370	0	896	0	652	0	2836	0	0	0	4310	0	0	0	0	0	0	0	0	0	0	0	0	0	0	0	0	0	0	0	0	0	0	0	0	0	0	
60044	Pallidum_L	624	0	7096	212	0	0	2644	168	0	0	0	0	0	0	0	0	170	0	4470	404	0	0	0	0	0	0	0	0	566	0	0	0	0	0	96	114	882	0	196	0	0	0	0	0	0	0	0	0	0	0	0	0	0	0	0	0	200	0	0	0	0	0	0	0	0	0	0	0	0	0	814	0	9950	0	0	0	1416	0	0	0	0	0	0	0	0	0	0	0	0	0	0	0	0	0	0	0	0	0	0	0	0	0	0	0	0	0	0	0	0	0	0	0	0	0	0	0	
31528	Pallidum_R	0	2068	0	1498	0	0	0	3528	0	0	0	88	0	0	0	0	0	108	0	92	326	340	0	94	0	0	0	0	0	150	0	206	0	0	0	0	0	354	0	112	0	204	0	0	0	0	0	0	0	0	0	0	0	0	0	0	0	0	0	0	0	0	0	0	0	0	0	0	0	0	342	2958	318	2978	0	0	0	0	0	0	0	0	0	0	0	0	0	0	0	0	0	0	0	0	0	0	0	0	0	0	0	0	0	0	0	0	0	0	0	0	0	0	0	0	0	0	
164492	Thalamus_L	898	126	16478	190	0	0	474	126	0	0	0	0	0	0	0	0	408	0	15270	3042	0	0	0	0	0	0	0	0	2628	0	0	0	0	208	2080	4626	6588	3680	1794	932	138	0	0	0	0	0	282	1216	0	0	0	0	0	0	440	0	1072	0	0	0	362	0	396	0	0	0	0	766	0	0	3218	586	6190	0	1416	0	0	3926	230	0	628	0	0	0	752	0	0	0	1080	0	0	0	0	0	0	0	0	0	0	0	0	0	0	0	0	0	0	0	0	0	0	0	0	0	0	0	
195960	Thalamus_R	0	12270	3322	9852	0	0	252	11386	0	0	0	216	0	0	0	0	0	532	680	5426	0	0	646	92	0	0	0	0	222	2378	104	662	0	0	0	784	482	8600	254	3150	0	116	0	0	0	0	354	2142	0	0	0	0	0	0	0	1168	112	432	0	0	0	176	0	272	0	0	0	196	0	0	2842	12894	284	6570	0	0	3926	0	0	302	0	668	0	0	0	1482	0	0	0	2592	0	0	0	0	0	0	0	142	0	0	0	0	0	0	0	0	0	0	0	0	0	0	0	0	0	0	
65432	Heschl_L	2156	0	686	0	0	0	604	0	0	0	802	0	98	0	0	0	4040	0	302	0	0	0	0	0	0	0	0	0	7298	0	0	0	0	0	0	0	1664	0	0	0	0	0	0	0	0	0	0	0	0	0	532	0	0	0	446	0	2264	0	0	0	408	0	270	0	0	0	0	0	0	0	0	0	502	0	0	0	230	0	0	0	3834	0	116	0	3818	0	0	0	2646	0	0	0	0	0	0	0	0	0	0	0	0	0	0	0	0	0	0	0	0	0	0	0	0	0	0	0	
51664	Heschl_R	0	666	90	126	0	0	128	1188	0	0	0	142	0	0	0	0	0	3882	0	0	0	0	0	0	0	0	0	0	0	5626	0	138	0	0	0	0	0	1002	0	146	0	0	0	0	0	0	0	0	0	0	0	0	0	0	0	454	0	214	0	0	0	90	0	1760	0	100	0	0	0	0	0	170	0	370	0	0	0	302	0	0	0	7420	0	232	0	908	0	0	0	678	0	0	0	0	0	0	0	0	0	0	0	0	0	0	0	0	0	0	0	0	0	0	0	0	0	0	
174208	Temporal_Sup_L	1106	0	508	0	0	0	366	0	0	0	628	0	0	0	0	0	5440	0	398	0	0	0	0	0	0	0	0	0	3408	0	0	0	0	0	0	120	3280	120	258	0	268	0	0	0	0	0	0	0	0	0	1532	0	208	0	1612	0	2538	0	136	0	5806	0	7720	0	3072	0	0	0	98	0	0	0	180	0	0	0	628	0	3834	0	0	0	2970	0	27000	0	386	0	13392	0	0	0	0	0	0	0	0	0	92	0	0	0	0	0	0	0	0	0	0	0	0	0	0	0	0	0	
167768	Temporal_Sup_R	0	482	0	106	0	0	0	430	0	0	0	118	0	0	0	864	0	2180	0	276	0	0	0	0	0	0	0	0	0	9084	0	0	0	0	0	0	0	1896	0	682	0	88	0	0	0	1476	0	0	0	1806	0	672	0	0	0	1904	0	1376	0	332	0	1344	0	7832	0	4112	0	882	0	0	0	0	0	896	0	0	0	668	0	7420	0	0	0	7678	0	22600	0	872	0	5808	0	0	0	0	0	0	0	0	0	0	0	0	0	0	0	0	0	0	0	0	0	0	0	0	0	0	
59912	Temporal_Pole_Sup_L	0	0	0	0	532	0	0	0	0	0	494	0	0	0	852	0	708	0	0	0	588	0	0	0	0	0	104	0	2024	0	0	0	0	0	0	0	2496	0	1342	0	878	0	0	0	0	0	0	0	0	0	0	0	0	0	3594	0	0	0	0	0	0	0	0	0	0	0	0	0	0	0	0	0	306	0	0	0	0	0	116	0	2970	0	0	0	4118	0	6912	0	1922	0	0	0	0	0	0	0	0	0	0	0	0	0	0	0	0	0	0	0	0	0	0	0	0	0	0	0	
108264	Temporal_Pole_Sup_R	0	0	0	94	0	0	0	0	0	0	0	0	0	0	0	556	0	468	0	0	0	0	0	0	0	0	0	0	0	2092	0	0	0	0	0	0	0	3734	0	8516	0	3216	0	0	0	0	0	0	0	0	0	0	0	0	0	9266	0	0	0	0	0	0	0	0	0	0	0	0	0	0	0	0	0	652	0	0	0	0	0	232	0	7678	0	0	0	5518	0	10010	0	1790	0	0	0	0	0	0	0	310	0	0	0	0	0	0	0	0	0	0	0	0	0	0	0	0	0	0	
429164	Temporal_Mid_L	2720	0	842	0	0	0	0	0	0	0	0	0	0	0	0	0	3308	0	1490	0	0	0	0	0	0	0	0	0	2982	0	0	0	1994	0	1216	0	5906	0	1474	0	284	0	2520	0	4414	0	1722	0	3360	0	30242	0	4614	0	16288	0	988	0	2144	0	12164	0	9264	0	9576	0	4070	0	1856	0	0	0	172	0	0	0	752	0	3818	0	27000	0	4118	0	0	0	6472	0	46586	0	0	0	0	0	0	0	0	0	226	0	0	0	0	0	0	0	0	0	0	0	0	0	0	0	0	0	
331468	Temporal_Mid_R	0	776	92	260	0	0	0	124	0	0	0	0	0	0	0	0	0	266	90	2116	0	0	0	0	0	0	0	0	0	1782	0	0	0	464	0	670	170	5544	118	1618	0	90	0	3852	0	7428	136	3354	0	8224	0	12656	0	2258	0	9676	0	5372	0	1486	0	4930	0	4118	0	7686	0	8672	0	998	0	0	0	2836	0	0	0	1482	0	908	0	22600	0	5518	0	0	0	4312	0	33052	0	0	0	0	0	0	0	0	0	0	0	0	0	0	0	0	0	0	0	0	0	0	0	0	0	0	
57148	Temporal_Pole_Mid_L	0	0	0	0	0	0	0	0	0	0	0	0	0	0	0	0	0	0	0	0	0	0	0	0	0	0	0	0	232	0	0	0	0	0	0	0	2260	0	1684	0	664	0	0	0	0	0	0	0	0	0	0	0	0	0	5168	0	0	0	0	0	0	0	0	0	0	0	0	0	0	0	0	0	148	0	0	0	0	0	0	0	386	0	6912	0	6472	0	0	0	4648	0	0	0	0	0	0	0	0	0	0	0	0	0	0	0	0	0	0	0	0	0	0	0	0	0	0	0	
63388	Temporal_Pole_Mid_R	0	0	0	0	0	0	0	0	0	0	0	0	0	0	0	0	0	0	0	0	0	0	0	0	0	0	0	0	0	0	0	0	0	0	0	0	0	782	0	5194	0	1064	0	0	0	0	0	0	0	0	0	0	0	0	0	5342	0	0	0	0	0	0	0	0	0	0	0	0	0	0	0	0	0	0	0	0	0	0	0	0	0	872	0	10010	0	4312	0	0	0	3894	0	0	0	0	0	0	0	224	0	0	0	0	0	0	0	0	0	0	0	0	0	0	0	0	0	0	
284960	Temporal_Inf_L	1610	0	928	0	0	0	0	0	0	0	0	0	0	0	0	0	2364	0	1276	0	0	0	0	0	0	0	0	0	2210	0	0	0	802	0	768	106	8288	106	2660	0	486	0	882	0	1242	0	1442	0	204	0	5908	0	5036	0	27082	0	484	0	440	0	1682	0	764	0	244	0	1660	0	308	0	0	0	166	0	0	0	1080	0	2646	0	13392	0	1922	0	46586	0	4648	0	0	0	1906	0	182	0	0	0	0	0	868	0	0	0	102	0	0	0	0	0	0	0	0	0	0	0	0	0	
282476	Temporal_Inf_R	0	634	0	346	0	0	0	144	0	0	0	114	0	0	0	0	0	258	0	972	0	0	0	0	0	0	0	0	0	1780	0	102	0	176	0	616	274	13036	156	6400	0	380	0	1828	0	2516	214	3168	0	2876	0	1098	0	5634	0	27108	0	3514	0	516	0	2682	0	4480	0	1514	0	5814	0	386	0	112	0	4310	0	0	0	2592	0	678	0	5808	0	1790	0	33052	0	3894	0	0	0	0	0	0	0	0	0	104	0	162	0	0	0	0	0	0	0	0	0	0	0	0	0	0	0	0	
403800	Cerebelum_Crus1_L	0	0	0	0	0	0	0	0	0	0	0	0	0	0	0	0	0	0	0	0	0	0	0	0	0	0	0	0	0	0	0	0	0	0	0	0	0	0	0	0	0	0	0	0	0	0	1772	2106	0	0	170	0	700	0	11136	226	0	0	0	0	0	0	0	0	0	0	0	0	0	0	0	0	0	0	0	0	0	0	0	0	0	0	0	0	0	0	0	0	1906	0	0	5372	27134	3922	718	0	9418	1438	52134	6200	16018	2260	22906	3410	3156	1772	1336	86	174	382	3210	8788	8996	2584	2332	138	
415016	Cerebelum_Crus1_R	0	0	0	0	0	0	0	0	0	0	0	0	0	0	0	0	0	0	0	0	0	0	0	0	0	0	0	0	0	0	0	0	0	0	0	0	0	0	0	0	0	0	0	0	0	0	170	6110	0	0	0	0	0	0	430	9138	0	0	0	0	0	0	0	0	0	0	0	0	0	0	0	0	0	0	0	0	0	0	0	0	0	0	0	0	0	0	0	0	0	0	5372	0	2710	30068	0	5004	556	16792	3736	54408	1856	7866	2422	24890	382	3234	0	2184	150	1362	3302	11066	10966	1816	1518	0	
236948	Cerebelum_Crus2_L	0	0	0	0	0	0	0	0	0	0	0	0	0	0	0	0	0	0	0	0	0	0	0	0	0	0	0	0	0	0	0	0	0	0	0	0	0	0	0	0	0	0	0	0	0	0	0	0	0	0	0	0	0	0	0	0	0	0	0	0	0	0	0	0	0	0	0	0	0	0	0	0	0	0	0	0	0	0	0	0	0	0	0	0	0	0	0	0	182	0	27134	2710	0	5404	0	0	0	0	3644	2288	31728	4360	25602	3178	994	484	140	0	0	0	0	778	7274	2358	216	0	
262332	Cerebelum_Crus2_R	0	0	0	0	0	0	0	0	0	0	0	0	0	0	0	0	0	0	0	0	0	0	0	0	0	0	0	0	0	0	0	0	0	0	0	0	0	0	0	0	0	0	0	0	0	0	0	178	0	0	0	0	0	0	0	0	0	0	0	0	0	0	0	0	0	0	0	0	0	0	0	0	0	0	0	0	0	0	0	0	0	0	0	0	0	0	0	0	0	0	3922	30068	5404	0	0	0	130	170	1390	6840	3574	23816	3648	32486	284	3010	0	120	0	0	274	1694	10368	2840	950	0	
31744	Cerebelum_3_L	0	0	0	0	0	0	0	0	0	0	0	0	0	0	0	0	0	0	0	0	0	0	0	0	0	0	0	0	0	0	0	0	0	0	0	0	0	0	154	0	0	0	0	0	0	0	110	0	0	0	0	0	0	0	170	0	0	0	0	0	0	0	0	0	0	0	0	0	0	0	0	0	0	0	0	0	0	0	0	0	0	0	0	0	0	0	0	0	0	0	718	0	0	0	0	158	5314	102	1620	274	0	0	0	0	1618	308	0	0	1294	3078	954	0	0	0	0	0	
63804	Cerebelum_3_R	0	0	0	0	0	0	0	0	0	0	0	0	0	0	0	0	0	0	0	0	0	0	0	0	0	0	0	0	0	0	0	0	0	0	0	0	0	0	0	158	0	0	0	0	0	0	0	322	0	0	0	0	0	0	0	1488	0	0	0	0	0	0	0	0	0	0	0	0	0	0	0	0	0	0	0	0	0	0	0	0	0	0	0	0	0	0	0	0	0	0	0	5004	0	0	158	0	326	7892	178	7330	0	0	0	0	144	1546	0	122	670	4870	1390	162	0	0	142	0	
223064	Cerebelum_4_5_L	0	0	0	0	0	0	0	0	0	0	0	0	0	0	0	0	0	0	0	0	0	0	0	0	0	0	0	0	0	0	0	0	0	0	0	0	326	0	548	0	0	0	0	0	0	0	4478	1496	0	0	0	0	234	0	9116	216	0	0	0	0	0	0	0	0	0	0	0	0	0	0	0	0	0	0	0	0	0	0	0	0	0	0	0	0	0	0	0	0	0	0	9418	556	0	130	5314	326	0	1880	27420	2076	1116	0	3278	1430	6956	3934	2952	1010	728	2566	12522	5040	0	1280	3722	1464	
209084	Cerebelum_4_5_R	0	0	0	0	0	0	0	0	0	0	0	0	0	0	0	0	0	0	0	0	0	0	0	0	0	0	0	0	0	0	0	0	0	0	0	0	0	780	0	2176	0	0	0	182	0	0	298	8124	0	0	0	0	0	94	436	11064	0	0	0	0	0	0	0	0	0	0	0	0	0	0	0	0	0	0	0	0	0	142	0	0	0	0	0	310	0	0	0	224	0	104	1438	16792	0	170	102	7892	1880	0	2702	26784	136	0	188	558	452	1622	222	738	258	3500	10994	3218	278	0	346	338	
425144	Cerebelum_6_L	0	0	0	0	0	0	0	0	0	0	0	0	0	0	0	0	0	0	0	0	0	0	0	0	0	0	0	0	0	0	0	0	0	0	0	0	0	0	0	0	0	0	0	0	0	0	6548	4158	0	0	602	0	990	0	20184	676	0	0	0	0	0	0	0	0	0	0	0	0	0	0	0	0	0	0	0	0	0	0	0	0	92	0	0	0	226	0	0	0	868	0	52134	3736	3644	1390	1620	178	27420	2702	0	6226	7692	600	15390	2930	5764	4058	2662	602	458	930	9436	14988	4254	3632	5542	240	
412176	Cerebelum_6_R	0	0	0	0	0	0	0	0	0	0	0	0	0	0	0	0	0	0	0	0	0	0	0	0	0	0	0	0	0	0	0	0	0	0	0	0	0	0	0	0	0	0	0	0	0	0	284	9546	0	0	0	0	0	186	750	15116	0	0	0	0	0	0	0	0	0	0	0	0	0	0	0	0	0	0	0	0	0	0	0	0	0	0	0	0	0	0	0	0	0	162	6200	54408	2288	6840	274	7330	2076	26784	6226	0	1626	2416	2554	9940	884	3770	92	3154	668	3494	9762	14634	10172	1952	2214	286	
226484	Cerebelum_7b_L	0	0	0	0	0	0	0	0	0	0	0	0	0	0	0	0	0	0	0	0	0	0	0	0	0	0	0	0	0	0	0	0	0	0	0	0	0	0	0	0	0	0	0	0	0	0	0	148	0	0	0	0	0	0	136	0	0	0	0	0	0	0	0	0	0	0	0	0	0	0	0	0	0	0	0	0	0	0	0	0	0	0	0	0	0	0	0	0	0	0	16018	1856	31728	3574	0	0	1116	136	7692	1626	0	3242	30684	2514	1910	582	348	0	0	0	918	822	4856	2956	380	0	
161368	Cerebelum_7b_R	0	0	0	0	0	0	0	0	0	0	0	0	0	0	0	0	0	0	0	0	0	0	0	0	0	0	0	0	0	0	0	0	0	0	0	0	0	0	0	0	0	0	0	0	0	0	0	0	0	0	0	0	0	0	0	0	0	0	0	0	0	0	0	0	0	0	0	0	0	0	0	0	0	0	0	0	0	0	0	0	0	0	0	0	0	0	0	0	0	0	2260	7866	4360	23816	0	0	0	0	600	2416	3242	0	3218	21316	0	2062	0	0	0	0	108	628	5396	3122	274	0	
316340	Cerebelum_8_L	0	0	0	0	0	0	0	0	0	0	0	0	0	0	0	0	0	0	0	0	0	0	0	0	0	0	0	0	0	0	0	0	0	0	0	0	0	0	0	0	0	0	0	0	0	0	0	226	0	0	0	0	0	0	0	0	0	0	0	0	0	0	0	0	0	0	0	0	0	0	0	0	0	0	0	0	0	0	0	0	0	0	0	0	0	0	0	0	102	0	22906	2422	25602	3648	0	0	3278	188	15390	2554	30684	3218	0	5200	13900	3692	1376	260	0	0	2648	3722	5832	6916	4262	144	
304432	Cerebelum_8_R	0	0	0	0	0	0	0	0	0	0	0	0	0	0	0	0	0	0	0	0	0	0	0	0	0	0	0	0	0	0	0	0	0	0	0	0	0	0	0	0	0	0	0	0	0	0	0	300	0	0	0	0	0	0	0	152	0	0	0	0	0	0	0	0	0	0	0	0	0	0	0	0	0	0	0	0	0	0	0	0	0	0	0	0	0	0	0	0	0	0	3410	24890	3178	32486	0	0	1430	558	2930	9940	2514	21316	5200	0	1340	16454	98	532	0	0	1758	4486	9928	5248	3898	170	
123460	Cerebelum_9_L	0	0	0	0	0	0	0	0	0	0	0	0	0	0	0	0	0	0	0	0	0	0	0	0	0	0	0	0	0	0	0	0	0	0	0	0	0	0	0	0	0	0	0	0	0	0	92	324	0	0	0	0	0	0	130	0	0	0	0	0	0	0	0	0	0	0	0	0	0	0	0	0	0	0	0	0	0	0	0	0	0	0	0	0	0	0	0	0	0	0	3156	382	994	284	1618	144	6956	452	5764	884	1910	0	13900	1340	0	3300	4140	318	372	858	4236	2764	900	2112	3508	892	
171316	Cerebelum_9_R	0	0	0	0	0	0	0	0	0	0	0	0	0	0	0	0	0	0	0	0	0	0	0	0	0	0	0	0	0	0	0	0	0	0	0	0	0	0	0	0	0	0	0	0	0	0	0	114	0	0	0	0	0	0	0	0	0	0	0	0	0	0	0	0	0	0	0	0	0	0	0	0	0	0	0	0	0	0	0	0	0	0	0	0	0	0	0	0	0	0	1772	3234	484	3010	308	1546	3934	1622	4058	3770	582	2062	3692	16454	3300	0	534	1776	960	2086	5316	7218	2634	4878	8272	2042	
35988	Cerebelum_10_L	0	0	0	0	0	0	0	0	0	0	0	0	0	0	0	0	0	0	0	0	0	0	0	0	0	0	0	0	0	0	0	0	0	0	0	0	0	0	0	0	0	0	0	0	0	0	0	220	0	0	0	0	0	0	100	0	0	0	0	0	0	0	0	0	0	0	0	0	0	0	0	0	0	0	0	0	0	0	0	0	0	0	0	0	0	0	0	0	0	0	1336	0	140	0	0	0	2952	222	2662	92	348	0	1376	98	4140	534	0	126	0	0	2114	512	0	166	428	428	
36452	Cerebelum_10_R	0	0	0	0	0	0	0	0	0	0	0	0	0	0	0	0	0	0	0	0	0	0	0	0	0	0	0	0	0	0	0	0	0	0	0	0	0	0	0	0	0	0	0	0	0	0	0	0	0	0	0	0	0	0	0	0	0	0	0	0	0	0	0	0	0	0	0	0	0	0	0	0	0	0	0	0	0	0	0	0	0	0	0	0	0	0	0	0	0	0	86	2184	0	120	0	122	1010	738	602	3154	0	0	260	532	318	1776	126	0	0	90	2492	2264	86	310	1956	0	
23488	Vermis_1_2	0	0	0	0	0	0	0	0	0	0	0	0	0	0	0	0	0	0	0	0	0	0	0	0	0	0	0	0	0	0	0	0	0	0	0	0	0	0	0	0	0	0	0	0	0	0	0	0	0	0	0	0	0	0	0	154	0	0	0	0	0	0	0	0	0	0	0	0	0	0	0	0	0	0	0	0	0	0	0	0	0	0	0	0	0	0	0	0	0	0	174	150	0	0	1294	670	728	258	458	668	0	0	0	0	372	960	0	0	0	5020	680	0	0	0	0	158	
67980	Vermis_3	0	0	0	0	0	0	0	0	0	0	0	0	0	0	0	0	0	0	0	0	0	0	0	0	0	0	0	0	0	0	0	0	0	0	0	0	158	0	130	0	0	0	0	0	0	0	126	528	0	0	0	0	0	0	0	892	0	0	0	0	0	0	0	0	0	0	0	0	0	0	0	0	0	0	0	0	0	0	0	0	0	0	0	0	0	0	0	0	0	0	382	1362	0	0	3078	4870	2566	3500	930	3494	0	0	0	0	858	2086	0	90	5020	0	3474	146	0	0	132	168	
212160	Vermis_4_5	0	0	0	0	0	0	0	0	0	0	0	0	0	0	0	0	0	0	0	0	0	0	0	0	0	0	0	0	0	0	0	0	0	0	142	246	138	112	0	0	0	0	0	148	0	0	858	7006	0	0	0	0	0	0	674	2892	0	0	0	0	0	0	0	0	0	0	0	404	0	0	0	0	0	0	0	0	0	0	0	0	0	0	0	0	0	0	0	0	0	0	3210	3302	0	274	954	1390	12522	10994	9436	9762	918	108	2648	1758	4236	5316	2114	2492	680	3474	0	9850	292	660	4788	2282	
255948	Vermis_6	0	0	0	0	0	0	0	0	0	0	0	0	0	0	0	0	0	0	0	0	0	0	0	0	0	0	0	0	0	0	0	0	0	0	0	0	0	0	0	0	0	0	0	0	0	0	1652	7632	0	0	404	0	280	0	2504	1802	0	0	0	0	0	0	0	0	0	0	0	0	0	0	0	0	0	0	0	0	0	0	0	0	0	0	0	0	0	0	0	0	0	0	8788	11066	778	1694	0	162	5040	3218	14988	14634	822	628	3722	4486	2764	7218	512	2264	0	146	9850	0	6086	4500	9028	1306	
191984	Vermis_7	0	0	0	0	0	0	0	0	0	0	0	0	0	0	0	0	0	0	0	0	0	0	0	0	0	0	0	0	0	0	0	0	0	0	0	0	0	0	0	0	0	0	0	0	0	0	0	520	0	0	0	0	0	0	0	136	0	0	0	0	0	0	0	0	0	0	0	0	0	0	0	0	0	0	0	0	0	0	0	0	0	0	0	0	0	0	0	0	0	0	8996	10966	7274	10368	0	0	0	278	4254	10172	4856	5396	5832	9928	900	2634	0	86	0	0	292	6086	0	4622	2396	0	
