data	data	577372	376600	666416	675680	197080	68016	486064	222480	83156	35804	202140	178964	260452	107732	198380	70060	240060	96220	567912	632692	104816	116028	355264	359828	29968	115272	74944	110664	485068	227704	308780	405196	141388	461088	152500	168676	316844	268816	109988	185496	46980	72644	256308	346660	197068	321692	358384	311180	268376	317156	550812	260648	215060	86552	351732	384696	331684	284160	176240	120660	234816	153844	139136	130952	148888	194024	314404	346124	392796	198224	263536	319192	282704	286488	25624	29064	139256	138220	60904	31500	200384	117692	94148	41596	266408	204612	36136	12032	308928	107896	368212	406112	249180	252228	37708	70428	288712	262160	382852	412132	172828	71756	253328	234724	112408	92424	18032	7052	24720	84044	249272	168264	204100	106380	84756	47976	
data	data	Precentral_L	Precentral_R	Frontal_Sup_L	Frontal_Sup_R	Frontal_Sup_Orb_L	Frontal_Sup_Orb_R	Frontal_Mid_L	Frontal_Mid_R	Frontal_Mid_Orb_L	Frontal_Mid_Orb_R	Frontal_Inf_Oper_L	Frontal_Inf_Oper_R	Frontal_Inf_Tri_L	Frontal_Inf_Tri_R	Frontal_Inf_Orb_L	Frontal_Inf_Orb_R	Rolandic_Oper_L	Rolandic_Oper_R	Supp_Motor_Area_L	Supp_Motor_Area_R	Olfactory_L	Olfactory_R	Frontal_Sup_Medial_L	Frontal_Sup_Medial_R	Frontal_Med_Orb_L	Frontal_Med_Orb_R	Rectus_L	Rectus_R	Insula_L	Insula_R	Cingulum_Ant_L	Cingulum_Ant_R	Cingulum_Mid_L	Cingulum_Mid_R	Cingulum_Post_L	Cingulum_Post_R	Hippocampus_L	Hippocampus_R	ParaHippocampal_L	ParaHippocampal_R	Amygdala_L	Amygdala_R	Calcarine_L	Calcarine_R	Cuneus_L	Cuneus_R	Lingual_L	Lingual_R	Occipital_Sup_L	Occipital_Sup_R	Occipital_Mid_L	Occipital_Mid_R	Occipital_Inf_L	Occipital_Inf_R	Fusiform_L	Fusiform_R	Postcentral_L	Postcentral_R	Parietal_Sup_L	Parietal_Sup_R	Parietal_Inf_L	Parietal_Inf_R	SupraMarginal_L	SupraMarginal_R	Angular_L	Angular_R	Precuneus_L	Precuneus_R	Paracentral_Lobule_L	Paracentral_Lobule_R	Caudate_L	Caudate_R	Putamen_L	Putamen_R	Pallidum_L	Pallidum_R	Thalamus_L	Thalamus_R	Heschl_L	Heschl_R	Temporal_Sup_L	Temporal_Sup_R	Temporal_Pole_Sup_L	Temporal_Pole_Sup_R	Temporal_Mid_L	Temporal_Mid_R	Temporal_Pole_Mid_L	Temporal_Pole_Mid_R	Temporal_Inf_L	Temporal_Inf_R	Cerebelum_Crus1_L	Cerebelum_Crus1_R	Cerebelum_Crus2_L	Cerebelum_Crus2_R	Cerebelum_3_L	Cerebelum_3_R	Cerebelum_4_5_L	Cerebelum_4_5_R	Cerebelum_6_L	Cerebelum_6_R	Cerebelum_7b_L	Cerebelum_7b_R	Cerebelum_8_L	Cerebelum_8_R	Cerebelum_9_L	Cerebelum_9_R	Cerebelum_10_L	Cerebelum_10_R	Vermis_1_2	Vermis_3	Vermis_4_5	Vermis_6	Vermis_7	Vermis_8	Vermis_9	Vermis_10	
577372	Precentral_L	0	1430	14382	1712	76	0	22036	390	0	0	14574	128	2968	0	220	0	15916	0	11714	11076	0	0	450	0	0	0	0	0	8060	0	2128	398	376	7922	4554	3474	14938	694	2048	314	0	0	0	104	0	0	382	0	100	0	1950	0	774	0	1890	0	31300	524	588	392	4688	460	1794	0	362	0	662	310	39428	7308	8168	324	16702	0	1482	0	16304	1056	2636	0	2414	0	0	0	634	0	0	0	3972	0	0	0	0	0	0	0	0	0	0	0	0	0	0	0	0	0	0	0	0	0	0	0	0	0	0	0	
376600	Precentral_R	1430	0	414	26362	0	0	336	10526	0	0	0	10366	0	0	0	0	0	2186	738	9044	0	0	0	80	0	0	0	0	254	5710	366	164	0	1104	572	3518	174	10248	0	2986	0	0	0	424	0	318	0	650	0	796	0	402	0	406	0	2218	0	32146	0	1002	0	2212	0	2178	0	788	0	3034	1624	3422	814	13090	0	10316	0	2624	954	19000	0	190	0	542	0	0	0	930	0	0	0	1422	0	0	0	0	0	0	0	220	0	0	0	0	0	0	0	0	0	0	0	0	0	0	0	0	0	0	
666416	Frontal_Sup_L	14382	414	0	5936	11580	0	74768	1358	3960	0	10700	446	19692	0	10830	0	6340	0	53814	6460	686	0	37460	7726	1380	182	80	0	22210	0	12300	3898	3194	1836	272	272	1808	76	154	0	208	0	0	0	0	0	0	0	0	0	76	0	0	0	164	0	1580	196	0	116	248	148	0	0	0	0	0	0	976	0	2634	0	8578	0	440	0	474	0	140	0	746	0	2190	0	0	0	0	0	80	0	0	0	0	0	0	0	0	0	0	0	0	0	0	0	0	0	0	0	0	0	0	0	0	0	0	0	
675680	Frontal_Sup_R	1712	26362	5936	0	162	2752	2320	27596	0	474	134	5036	674	5188	0	2654	88	1486	14380	54188	174	460	14354	46386	0	6218	142	1482	1124	4316	4550	30810	1674	18102	0	190	146	2070	0	512	0	290	0	0	0	0	0	0	0	0	0	0	0	0	0	202	0	1092	0	110	0	132	0	0	0	0	0	0	1564	0	2824	20190	314	14196	0	1680	1352	9256	0	0	0	0	0	786	0	0	0	0	0	0	0	0	0	0	0	0	0	0	0	0	0	0	0	0	0	0	0	0	0	0	0	0	0	0	0	0	
197080	Frontal_Sup_Orb_L	76	0	11580	162	0	0	1786	0	9218	76	94	0	766	0	14358	0	0	0	242	0	7336	3222	4910	546	3228	692	7618	1638	9382	96	8996	2042	0	0	0	0	0	0	0	0	380	0	0	0	0	0	0	0	0	0	0	0	0	0	0	0	0	0	0	0	0	0	0	0	0	0	0	0	0	0	4756	1832	2300	200	0	0	0	0	0	0	0	0	1008	0	0	0	0	0	0	0	0	0	0	0	0	0	0	0	0	0	0	0	0	0	0	0	0	0	0	0	0	0	0	0	0	0	
68016	Frontal_Sup_Orb_R	0	0	0	2752	0	0	0	682	0	4840	0	0	0	0	0	2016	0	0	0	0	158	2050	134	2382	194	6770	0	7814	0	726	262	258	0	0	0	0	0	0	0	0	0	344	0	0	0	0	0	0	0	0	0	0	0	0	0	0	0	0	0	0	0	0	0	0	0	0	0	0	0	0	88	1166	0	1372	0	0	0	0	0	0	0	0	0	0	0	0	0	0	0	0	0	0	0	0	0	0	0	0	0	0	0	0	0	0	0	0	0	0	0	0	0	0	0	0	0	0	
486064	Frontal_Mid_L	22036	336	74768	2320	1786	0	0	790	5202	0	12010	202	39932	0	12056	0	2122	0	20656	1820	214	0	14392	1838	0	0	0	0	13202	0	3594	1086	482	680	0	0	286	0	0	0	0	0	0	0	0	0	0	0	0	0	0	0	0	0	0	0	1936	610	0	464	332	554	122	108	0	0	0	0	738	0	1526	234	3026	0	142	0	472	0	80	0	486	0	392	0	0	0	0	0	0	0	0	0	0	0	0	0	0	0	0	0	0	0	0	0	0	0	0	0	0	0	0	0	0	0	0	0	
222480	Frontal_Mid_R	390	10526	1358	27596	0	682	790	0	0	1862	190	6402	236	10174	0	6528	0	504	3348	6316	0	0	1072	1938	0	0	0	0	1078	3286	1426	5498	208	4080	0	0	0	1246	0	728	0	0	0	0	0	0	0	0	0	0	0	0	0	0	0	228	0	872	0	520	0	668	0	278	0	0	0	0	0	0	2224	2424	218	4956	0	890	0	110	0	0	0	0	0	390	0	0	0	0	0	0	0	0	0	0	0	0	0	0	0	0	0	0	0	0	0	0	0	0	0	0	0	0	0	0	0	0	
83156	Frontal_Mid_Orb_L	0	0	3960	0	9218	0	5202	0	0	0	0	0	3052	0	12312	0	0	0	168	0	1030	0	88	0	846	0	1940	0	2914	0	198	0	0	0	0	0	0	0	0	0	0	0	0	0	0	0	0	0	0	0	0	0	0	0	0	0	0	0	0	0	0	0	0	0	0	0	0	0	0	0	284	0	132	0	0	0	0	0	0	0	0	0	234	0	0	0	0	0	0	0	0	0	0	0	0	0	0	0	0	0	0	0	0	0	0	0	0	0	0	0	0	0	0	0	0	0	
35804	Frontal_Mid_Orb_R	0	0	0	474	76	4840	0	1862	0	0	0	0	0	150	0	3346	0	0	0	0	128	1434	0	0	0	648	80	2956	0	276	0	0	0	0	0	0	0	0	0	0	0	246	0	0	0	0	0	0	0	0	0	0	0	0	0	0	0	0	0	0	0	0	0	0	0	0	0	0	0	0	100	1022	0	264	0	0	0	0	0	0	0	0	0	0	0	0	0	0	0	0	0	0	0	0	0	0	0	0	0	0	0	0	0	0	0	0	0	0	0	0	0	0	0	0	0	0	
202140	Frontal_Inf_Oper_L	14574	0	10700	134	94	0	12010	190	0	0	0	202	10488	0	1042	0	13136	0	7996	162	0	0	390	0	0	0	0	0	12994	0	1672	372	0	0	0	0	516	0	0	0	0	0	0	0	0	0	0	0	0	0	0	0	0	0	150	0	5400	0	0	0	482	0	0	0	0	0	0	0	0	0	680	0	1504	0	0	0	124	0	736	0	2636	0	2186	0	106	0	0	0	394	0	0	0	0	0	0	0	0	0	0	0	0	0	0	0	0	0	0	0	0	0	0	0	0	0	0	0	
178964	Frontal_Inf_Oper_R	128	10366	446	5036	0	0	202	6402	0	0	202	0	202	9642	0	1238	0	5268	3446	7730	0	0	0	96	0	0	0	0	642	11298	490	824	0	524	0	0	0	2356	0	1684	0	0	0	0	0	0	0	0	0	0	0	0	0	0	0	574	0	7090	0	618	0	700	0	148	0	0	0	0	0	0	986	2128	442	5624	0	342	0	186	0	0	0	0	0	2232	0	0	0	0	0	0	0	0	0	0	0	0	0	190	0	0	0	0	0	0	0	0	0	0	0	0	0	0	0	0	0	0	
260452	Frontal_Inf_Tri_L	2968	0	19692	674	766	0	39932	236	3052	0	10488	202	0	0	14048	0	2032	0	5558	190	0	0	4142	1132	0	0	0	0	19404	0	2074	730	0	106	0	0	0	0	0	0	0	0	0	0	0	0	0	0	0	0	0	0	0	0	0	0	1162	0	0	0	0	0	0	0	0	0	0	0	0	0	204	0	818	0	0	0	0	0	0	0	432	0	184	0	0	0	0	0	0	0	0	0	0	0	0	0	0	0	0	0	0	0	0	0	0	0	0	0	0	0	0	0	0	0	0	0	
107732	Frontal_Inf_Tri_R	0	0	0	5188	0	0	0	10174	0	150	0	9642	0	0	0	4934	0	338	2684	4354	0	0	0	138	0	0	0	0	0	9418	216	480	0	1296	0	0	0	148	0	104	0	0	0	0	0	0	0	0	0	0	0	0	0	0	0	0	0	212	0	184	0	190	0	0	0	0	0	0	0	0	968	1708	432	908	0	0	0	0	0	0	0	0	0	0	0	0	0	0	0	0	0	0	0	0	0	0	0	0	0	0	0	0	0	0	0	0	0	0	0	0	0	0	0	0	0	0	
198380	Frontal_Inf_Orb_L	220	0	10830	0	14358	0	12056	0	12312	0	1042	0	14048	0	0	0	80	0	1712	0	3548	0	1398	0	132	0	1898	0	17976	0	2682	0	0	0	0	0	0	0	0	0	146	0	0	0	0	0	0	0	0	0	0	0	0	0	0	0	0	0	0	0	0	0	0	0	0	0	0	0	0	0	926	0	1378	0	0	0	0	0	0	0	0	0	2448	0	0	0	0	0	0	0	0	0	0	0	0	0	0	0	0	0	0	0	0	0	0	0	0	0	0	0	0	0	0	0	0	0	
70060	Frontal_Inf_Orb_R	0	0	0	2654	0	2016	0	6528	0	3346	0	1238	0	4934	0	0	0	0	158	458	0	1492	0	166	0	230	0	922	0	6556	0	98	0	154	0	0	0	162	0	206	0	484	0	0	0	0	0	0	0	0	0	0	0	0	0	150	0	0	0	0	0	0	0	0	0	0	0	0	0	0	184	932	0	1654	0	0	0	0	0	0	0	0	0	308	0	0	0	0	0	0	0	0	0	0	0	0	0	0	0	0	0	0	0	0	0	0	0	0	0	0	0	0	0	0	0	0	
240060	Rolandic_Oper_L	15916	0	6340	88	0	0	2122	0	0	0	13136	0	2032	0	80	0	0	0	9698	136	0	0	0	0	0	0	0	0	20430	0	0	0	0	0	718	598	3666	184	144	88	0	0	0	0	0	0	0	0	0	0	1296	0	340	0	1304	0	11084	0	158	0	2320	0	1768	0	340	0	100	0	1668	0	380	0	1764	0	0	0	924	0	4320	0	11130	0	1372	0	1484	0	0	0	2902	0	0	0	0	0	0	0	0	0	0	0	0	0	0	0	0	0	0	0	0	0	0	0	0	0	0	0	
96220	Rolandic_Oper_R	0	2186	0	1486	0	0	0	504	0	0	0	5268	0	338	0	0	0	0	884	2402	0	0	0	0	0	0	0	0	0	8480	166	250	0	0	0	0	0	764	0	248	0	0	0	0	0	0	0	0	0	76	0	0	0	0	0	0	0	4374	0	200	0	396	0	3374	0	238	0	90	0	0	312	4108	0	2634	0	104	0	0	0	1914	0	4242	0	2392	0	680	0	0	0	0	0	0	0	0	0	0	0	0	0	0	0	0	0	0	0	0	0	0	0	0	0	0	0	0	0	0	
567912	Supp_Motor_Area_L	11714	738	53814	14380	242	0	20656	3348	168	0	7996	3446	5558	2684	1712	158	9698	884	0	44260	0	0	8946	1782	0	0	0	0	12772	1490	8278	4752	10660	18310	462	544	2326	96	444	0	118	0	0	0	0	0	0	0	0	0	0	0	0	0	662	0	1582	92	0	0	242	0	0	0	0	0	0	0	5788	1406	8836	630	7524	246	272	0	612	0	234	0	1474	0	1408	428	0	0	0	0	84	0	0	0	0	0	0	0	0	0	0	0	0	0	0	0	0	0	0	0	0	0	0	0	0	0	0	0	
632692	Supp_Motor_Area_R	11076	9044	6460	54188	0	0	1820	6316	0	0	162	7730	190	4354	0	458	136	2402	44260	0	0	0	1538	7002	0	0	0	0	610	5680	4262	9758	8866	48064	2106	3176	88	770	0	270	0	0	0	138	0	104	0	0	0	0	0	0	0	0	0	100	228	1536	0	0	0	0	0	0	0	0	144	840	17832	22816	4724	13952	226	5502	0	340	1724	4184	0	0	0	0	0	1170	0	0	0	0	0	0	0	0	0	0	0	0	0	0	0	0	0	0	0	0	0	0	0	0	0	0	0	0	0	0	0	0	
104816	Olfactory_L	0	0	686	174	7336	158	214	0	1030	128	0	0	0	0	3548	0	0	0	0	0	0	5210	234	478	222	1330	4962	3044	4146	306	3878	2810	0	0	0	0	368	0	664	0	996	108	0	0	0	0	0	0	0	0	0	0	0	0	92	0	0	0	0	0	0	0	0	0	0	0	0	0	0	0	6482	2076	866	230	0	0	0	0	0	0	0	0	632	0	0	0	0	0	0	0	0	0	0	0	0	0	0	0	0	0	0	0	0	0	0	0	0	0	0	0	0	0	0	0	0	0	
116028	Olfactory_R	0	0	0	460	3222	2050	0	0	0	1434	0	0	0	0	0	1492	0	0	0	0	5210	0	0	1386	154	2808	3366	7246	94	2748	2936	3324	0	0	0	0	0	0	0	208	0	672	0	0	0	0	0	0	0	0	0	0	0	0	0	0	0	0	0	0	0	0	0	0	0	0	0	0	0	0	8006	6848	3300	790	0	0	0	0	0	0	0	0	0	260	0	0	0	0	0	0	0	0	0	0	0	0	0	0	0	0	0	0	0	0	0	0	0	0	0	0	0	0	0	0	0	0	
355264	Frontal_Sup_Medial_L	450	0	37460	14354	4910	134	14392	1072	88	0	390	0	4142	0	1398	0	0	0	8946	1538	234	0	0	25140	1764	1098	82	0	4830	0	19648	15786	4988	9320	0	0	0	0	0	0	0	0	0	0	0	0	0	0	0	0	0	0	0	0	0	0	0	0	0	0	0	0	0	0	0	0	0	0	0	0	642	352	4280	104	0	0	0	0	0	0	0	0	90	0	0	0	0	0	0	0	0	0	0	0	0	0	0	0	0	0	0	0	0	0	0	0	0	0	0	0	0	0	0	0	0	0	
359828	Frontal_Sup_Medial_R	0	80	7726	46386	546	2382	1838	1938	0	0	0	96	1132	138	0	166	0	0	1782	7002	478	1386	25140	0	240	9512	366	2500	1172	1146	4518	28942	936	13990	0	0	0	0	0	0	0	502	0	0	0	0	0	0	0	0	0	0	0	0	0	0	0	0	0	0	0	0	0	0	0	0	0	0	0	0	708	7924	592	8546	0	104	0	0	0	0	0	0	0	0	0	0	0	0	0	0	0	0	0	0	0	0	0	0	0	0	0	0	0	0	0	0	0	0	0	0	0	0	0	0	0	0	
29968	Frontal_Med_Orb_L	0	0	1380	0	3228	194	0	0	846	0	0	0	0	0	132	0	0	0	0	0	222	154	1764	240	0	964	1446	138	136	0	3062	436	0	0	0	0	0	0	0	0	0	0	0	0	0	0	0	0	0	0	0	0	0	0	0	0	0	0	0	0	0	0	0	0	0	0	0	0	0	0	476	0	166	0	0	0	0	0	0	0	0	0	0	0	0	0	0	0	0	0	0	0	0	0	0	0	0	0	0	0	0	0	0	0	0	0	0	0	0	0	0	0	0	0	0	0	
115272	Frontal_Med_Orb_R	0	0	182	6218	692	6770	0	0	0	648	0	0	0	0	0	230	0	0	0	0	1330	2808	1098	9512	964	0	926	9684	0	202	2000	6192	0	98	0	0	0	0	0	0	0	422	0	0	0	0	0	0	0	0	0	0	0	0	0	0	0	0	0	0	0	0	0	0	0	0	0	0	0	0	1506	3166	340	2648	0	0	0	0	0	0	0	0	0	0	0	0	0	0	0	0	0	0	0	0	0	0	0	0	0	0	0	0	0	0	0	0	0	0	0	0	0	0	0	0	0	0	
74944	Rectus_L	0	0	80	142	7618	0	0	0	1940	80	0	0	0	0	1898	0	0	0	0	0	4962	3366	82	366	1446	926	0	2218	484	92	3632	1646	0	0	0	0	0	0	0	0	0	0	0	0	0	0	0	0	0	0	0	0	0	0	0	0	0	0	0	0	0	0	0	0	0	0	0	0	0	0	4722	1370	298	104	0	0	0	0	0	0	0	0	0	0	0	0	0	0	0	0	0	0	0	0	0	0	0	0	0	0	0	0	0	0	0	0	0	0	0	0	0	0	0	0	0	0	
110664	Rectus_R	0	0	0	1482	1638	7814	0	0	0	2956	0	0	0	0	0	922	0	0	0	0	3044	7246	0	2500	138	9684	2218	0	0	728	1798	4752	0	0	0	0	0	0	0	0	0	654	0	0	0	0	0	0	0	0	0	0	0	0	0	0	0	0	0	0	0	0	0	0	0	0	0	0	0	0	2864	3350	396	1148	0	0	0	0	0	0	0	0	0	0	0	0	0	0	0	0	0	0	0	0	0	0	0	0	0	0	0	0	0	0	0	0	0	0	0	0	0	0	0	0	0	0	
485068	Insula_L	8060	254	22210	1124	9382	0	13202	1078	2914	0	12994	642	19404	0	17976	0	20430	0	12772	610	4146	94	4830	1172	136	0	484	0	0	0	4394	1282	136	246	1156	1166	15286	378	1164	218	2704	0	0	0	0	0	0	0	0	0	510	0	0	0	4746	0	3982	220	226	146	638	180	136	78	362	0	0	0	1328	0	1658	0	13324	0	0	0	2142	0	4838	0	9244	0	7770	0	2156	0	194	0	6490	0	0	0	0	0	0	0	0	0	122	0	0	0	0	0	0	0	0	0	0	0	0	0	0	0	0	0	
227704	Insula_R	0	5710	0	4316	96	726	0	3286	0	276	0	11298	0	9418	0	6556	0	8480	1490	5680	306	2748	0	1146	0	202	92	728	0	0	338	650	0	706	0	0	0	5702	0	2860	0	2962	0	0	0	0	0	0	0	0	0	0	0	0	0	1060	0	4824	0	196	0	304	0	178	0	132	0	0	0	0	1096	5256	486	14880	0	216	0	764	0	2294	0	3224	0	1340	0	742	0	0	0	786	0	0	0	0	0	0	0	302	0	0	0	0	0	0	0	0	0	0	0	0	0	0	0	0	0	0	
308780	Cingulum_Ant_L	2128	366	12300	4550	8996	262	3594	1426	198	0	1672	490	2074	216	2682	0	0	166	8278	4262	3878	2936	19648	4518	3062	2000	3632	1798	4394	338	0	19766	4424	4826	0	0	0	0	0	0	0	0	0	0	0	0	0	0	0	0	0	0	0	0	0	0	286	104	0	0	0	84	0	0	0	0	0	0	90	0	9142	3702	10560	1366	0	0	0	0	0	0	0	0	176	0	0	0	0	0	0	0	0	0	0	0	0	0	0	0	0	0	0	0	0	0	0	0	0	0	0	0	0	0	0	0	0	0	
405196	Cingulum_Ant_R	398	164	3898	30810	2042	258	1086	5498	0	0	372	824	730	480	0	98	0	250	4752	9758	2810	3324	15786	28942	436	6192	1646	4752	1282	650	19766	0	3538	21476	0	0	0	0	0	0	0	140	0	0	0	0	0	0	0	0	0	0	0	0	0	0	82	0	0	0	0	0	0	0	0	0	0	0	0	0	3516	14236	2016	10132	0	358	0	100	0	0	0	0	0	0	0	0	0	0	0	0	0	0	0	0	0	0	0	0	0	0	0	0	0	0	0	0	0	0	0	0	0	0	0	0	0	0	
141388	Cingulum_Mid_L	376	0	3194	1674	0	0	482	208	0	0	0	0	0	0	0	0	0	0	10660	8866	0	0	4988	936	0	0	0	0	136	0	4424	3538	0	12694	4314	1604	0	0	0	0	0	0	444	0	418	0	132	0	794	0	1452	0	336	0	0	0	398	0	416	0	90	0	0	0	0	0	2752	480	3920	968	0	0	0	0	0	0	0	0	0	0	0	0	0	0	0	0	0	0	0	0	0	0	0	0	0	0	0	0	0	0	0	0	0	0	0	0	0	0	0	0	0	0	0	0	0	0	
461088	Cingulum_Mid_R	7922	1104	1836	18102	0	0	680	4080	0	0	0	524	106	1296	0	154	0	0	18310	48064	0	0	9320	13990	0	98	0	0	246	706	4826	21476	12694	0	3736	8912	0	0	0	0	0	0	0	2722	130	2362	0	242	0	1160	0	170	0	0	0	198	180	2264	0	0	0	0	0	0	0	198	928	7190	14064	19506	222	380	80	0	0	0	0	0	0	0	0	0	0	0	0	270	0	0	0	96	0	0	0	0	0	0	0	0	0	0	0	0	0	0	0	0	0	0	0	0	0	0	0	0	0	0	
152500	Cingulum_Post_L	4554	572	272	0	0	0	0	0	0	0	0	0	0	0	0	0	718	0	462	2106	0	0	0	0	0	0	0	0	1156	0	0	0	4314	3736	0	11042	6140	2088	2148	1228	0	0	1868	320	484	218	1752	534	158	0	1086	0	112	0	0	0	2240	786	84	0	420	0	78	0	592	0	6962	2390	10814	3222	0	0	0	0	0	0	462	108	352	0	128	0	0	0	78	0	0	0	0	0	0	0	0	0	0	0	0	466	0	0	0	0	0	0	0	0	0	0	0	0	0	0	0	0	0	0	
168676	Cingulum_Post_R	3474	3518	272	190	0	0	0	0	0	0	0	0	0	0	0	0	598	0	544	3176	0	0	0	0	0	0	0	0	1166	0	0	0	1604	8912	11042	0	5068	4172	1398	2308	0	0	0	606	110	1028	550	3890	0	410	0	228	0	0	0	346	310	4440	0	0	0	0	0	0	0	0	1376	10446	2792	5632	0	0	0	0	0	0	980	1104	376	0	0	0	0	0	0	124	0	0	0	664	0	0	0	0	0	0	0	976	0	0	0	0	0	0	0	0	0	0	0	0	508	0	0	0	0	0	
316844	Hippocampus_L	14938	174	1808	146	0	0	286	0	0	0	516	0	0	0	0	0	3666	0	2326	88	368	0	0	0	0	0	0	0	15286	0	0	0	0	0	6140	5068	0	2774	15742	1620	7810	0	2640	0	424	0	6566	860	0	0	254	0	94	0	12518	80	4770	0	0	0	402	0	1220	0	78	0	3748	158	3034	0	960	0	13390	0	1138	0	6116	674	3818	0	1984	0	2544	0	378	0	140	0	10078	0	216	0	0	0	0	0	312	604	390	0	0	0	0	0	0	0	0	0	0	78	0	0	0	0	0	0	
268816	Hippocampus_R	694	10248	76	2070	0	0	0	1246	0	0	0	2356	0	148	0	162	184	764	96	770	0	0	0	0	0	0	0	0	378	5702	0	0	0	0	2088	4172	2774	0	928	28282	0	11308	0	0	0	0	386	3954	0	0	0	0	0	160	0	18206	122	1956	0	0	0	118	0	108	0	140	194	1784	346	0	94	510	0	13156	0	1254	886	6092	152	722	0	446	0	782	0	212	0	138	0	3346	0	0	0	0	0	0	0	4160	0	0	0	0	0	0	0	0	0	0	0	0	538	0	0	0	0	0	
109988	ParaHippocampal_L	2048	0	154	0	0	0	0	0	0	0	0	0	0	0	0	0	144	0	444	0	664	0	0	0	0	0	0	0	1164	0	0	0	0	0	2148	1398	15742	928	0	558	3106	0	1352	0	328	0	5320	272	0	0	390	0	356	0	6442	0	650	0	0	0	0	0	0	0	0	0	2236	0	678	0	156	0	2904	0	0	0	1196	0	0	0	102	0	692	0	0	0	404	0	1150	0	388	0	0	0	0	0	604	202	594	0	0	0	0	0	0	0	0	0	0	80	0	0	0	0	0	0	
185496	ParaHippocampal_R	314	2986	0	512	0	0	0	728	0	0	0	1684	0	104	0	206	88	248	0	270	0	208	0	0	0	0	0	0	218	2860	0	0	0	0	1228	2308	1620	28282	558	0	0	7382	0	0	0	0	202	4070	0	0	0	0	0	142	0	13150	80	932	0	0	0	0	0	0	0	0	144	1218	0	0	0	102	0	8418	0	804	592	3120	120	0	0	0	0	962	0	0	0	628	0	1106	0	0	0	0	0	0	0	4664	0	106	0	0	0	0	0	0	0	0	0	0	384	0	0	0	0	0	
46980	Amygdala_L	0	0	208	0	380	0	0	0	0	0	0	0	0	0	146	0	0	0	118	0	996	0	0	0	0	0	0	0	2704	0	0	0	0	0	0	0	7810	0	3106	0	0	0	0	0	0	0	0	0	0	0	0	0	0	0	4026	0	0	0	0	0	0	0	0	0	0	0	0	0	0	0	76	0	720	0	0	0	0	0	0	0	0	0	1638	0	0	0	204	0	1358	0	0	0	0	0	0	0	0	0	0	0	0	0	0	0	0	0	0	0	0	0	0	0	0	0	0	0	
72644	Amygdala_R	0	0	0	290	0	344	0	0	0	246	0	0	0	0	0	484	0	0	0	0	108	672	0	502	0	422	0	654	0	2962	0	140	0	0	0	0	0	11308	0	7382	0	0	0	0	0	0	0	0	0	0	0	0	0	0	0	5280	0	0	0	0	0	0	0	0	0	0	0	0	0	0	196	632	106	2400	0	0	0	0	0	0	0	0	0	1260	0	0	0	266	0	590	0	0	0	0	0	0	0	78	0	0	0	0	0	0	0	0	0	0	0	0	0	0	0	0	0	0	
256308	Calcarine_L	0	0	0	0	0	0	0	0	0	0	0	0	0	0	0	0	0	0	0	0	0	0	0	0	0	0	0	0	0	0	0	0	444	0	1868	0	2640	0	1352	0	0	0	0	7540	18012	5994	15680	2692	12640	842	20954	176	9394	0	2872	86	262	0	2094	0	120	0	0	0	144	0	14958	636	2050	0	0	0	0	0	0	0	0	0	188	0	300	0	0	0	1418	0	0	0	2486	0	0	0	0	0	0	0	0	0	0	92	0	0	0	0	0	0	0	0	0	0	142	78	0	0	0	0	
346660	Calcarine_R	104	424	0	0	0	0	0	0	0	0	0	0	0	0	0	0	0	0	0	138	0	0	0	0	0	0	0	0	0	0	0	0	0	2722	320	606	0	0	0	0	0	0	7540	0	6530	34278	2170	21002	110	21184	0	14348	0	9184	0	11410	0	2394	0	3194	0	186	0	0	0	1324	1632	21380	126	2604	0	0	0	0	0	0	0	0	0	0	0	0	0	0	0	5724	0	0	0	1246	0	88	0	0	0	0	0	0	0	482	0	0	0	0	0	0	0	0	0	0	0	570	310	0	0	0	
197068	Cuneus_L	0	0	0	0	0	0	0	0	0	0	0	0	0	0	0	0	0	0	0	0	0	0	0	0	0	0	0	0	0	0	0	0	418	130	484	110	424	0	328	0	0	0	18012	6530	0	10386	4368	792	20098	1848	13498	482	1820	0	346	0	0	0	1566	0	0	0	0	0	112	0	10474	2764	2402	96	0	0	0	0	0	0	0	0	0	0	0	0	0	0	592	112	0	0	342	0	0	0	0	0	0	0	0	0	0	0	0	0	0	0	0	0	0	0	0	0	0	0	0	0	0	0	
321692	Cuneus_R	0	318	0	0	0	0	0	0	0	0	0	0	0	0	0	0	0	0	0	104	0	0	0	0	0	0	0	0	0	0	0	0	0	2362	218	1028	0	0	0	0	0	0	5994	34278	10386	0	824	5626	442	36570	148	14046	96	974	0	1172	0	1558	366	5764	0	716	0	0	0	3658	4810	24656	0	944	0	0	0	0	0	0	0	0	0	0	0	106	0	0	0	3390	0	0	0	292	0	0	0	0	0	0	0	0	0	0	0	0	0	0	0	0	0	0	0	0	0	0	0	0	0	0	
358384	Lingual_L	382	0	0	0	0	0	0	0	0	0	0	0	0	0	0	0	0	0	0	0	0	0	0	0	0	0	0	0	0	0	0	0	132	0	1752	550	6566	386	5320	202	0	0	15680	2170	4368	824	0	2914	11774	564	23234	0	14036	0	17358	1206	310	0	3344	0	124	0	0	0	352	0	9100	414	910	0	0	0	0	0	0	0	846	0	0	0	94	0	0	0	426	0	0	0	1502	0	10742	1374	442	0	0	0	11638	1836	17324	1868	0	0	0	0	0	0	0	0	0	0	5478	1488	162	0	0	0	
311180	Lingual_R	0	650	0	0	0	0	0	0	0	0	0	0	0	0	0	0	0	0	0	0	0	0	0	0	0	0	0	0	0	0	0	0	0	242	534	3890	860	3954	272	4070	0	0	2692	21002	792	5626	2914	0	0	5212	0	4018	0	6302	598	23244	0	1146	0	302	0	98	0	0	0	200	308	12052	0	230	0	0	0	0	0	0	0	1012	0	0	0	0	0	0	0	586	0	0	0	2138	806	8100	282	470	0	0	2140	9376	2458	11362	0	0	0	0	0	0	0	0	0	0	7220	7116	1316	0	0	0	
268376	Occipital_Sup_L	100	0	0	0	0	0	0	0	0	0	0	0	0	0	0	0	0	0	0	0	0	0	0	0	0	0	0	0	0	0	0	0	794	0	158	0	0	0	0	0	0	0	12640	110	20098	442	11774	0	0	0	40748	0	10052	0	1730	0	1462	0	13894	0	722	0	182	0	1554	0	12970	1122	1780	0	0	0	0	0	0	0	0	0	0	0	0	0	0	0	1856	0	0	0	0	0	0	0	0	0	0	0	0	0	0	0	0	0	0	0	0	0	0	0	0	0	0	0	0	0	0	0	
317156	Occipital_Sup_R	0	796	0	0	0	0	0	0	0	0	0	0	0	0	0	0	0	76	0	0	0	0	0	0	0	0	0	0	0	0	0	0	0	1160	0	410	0	0	0	0	0	0	842	21184	1848	36570	564	5212	0	0	0	28308	0	954	0	1306	0	3018	0	9348	0	4560	0	506	0	10956	192	16856	0	408	0	0	0	0	0	0	0	0	0	152	0	1290	0	0	0	8668	0	0	0	3394	0	0	0	0	0	0	0	0	0	0	0	0	0	0	0	0	0	0	0	0	0	0	0	0	0	0	
550812	Occipital_Mid_L	1950	0	76	0	0	0	0	0	0	0	0	0	0	0	0	0	1296	0	0	0	0	0	0	0	0	0	0	0	510	0	0	0	1452	0	1086	0	254	0	390	0	0	0	20954	0	13498	148	23234	0	40748	0	0	0	32262	0	7042	0	12126	0	20312	0	16772	0	1938	0	21572	0	19528	544	11560	0	0	0	0	0	0	0	0	0	596	0	1372	0	0	0	20414	0	0	0	3684	0	0	0	0	0	0	0	0	0	88	0	0	0	0	0	0	0	0	0	0	0	0	0	0	0	0	0	
260648	Occipital_Mid_R	0	402	0	0	0	0	0	0	0	0	0	0	0	0	0	0	0	0	0	0	0	0	0	0	0	0	0	0	0	0	0	0	0	170	0	228	0	0	0	0	0	0	176	14348	482	14046	0	4018	0	28308	0	0	0	5742	0	2792	0	1462	0	3550	0	7612	0	186	0	20434	130	6002	0	208	0	0	0	0	0	0	0	0	0	94	0	844	0	0	0	17700	0	0	0	1390	0	0	0	0	0	0	0	0	0	0	0	0	0	0	0	0	0	0	0	0	0	0	0	0	0	0	
215060	Occipital_Inf_L	774	0	0	0	0	0	0	0	0	0	0	0	0	0	0	0	340	0	0	0	0	0	0	0	0	0	0	0	0	0	0	0	336	0	112	0	94	0	356	0	0	0	9394	0	1820	96	14036	0	10052	0	32262	0	0	0	10472	0	1244	0	4364	0	468	0	106	0	856	0	7518	514	1610	0	0	0	0	0	0	0	0	0	222	0	200	0	0	0	4222	0	0	0	5004	0	180	0	0	0	0	0	0	0	794	0	0	0	0	0	0	0	0	0	0	0	0	84	0	0	0	0	
86552	Occipital_Inf_R	0	406	0	0	0	0	0	0	0	0	0	0	0	0	0	0	0	0	0	0	0	0	0	0	0	0	0	0	0	0	0	0	0	0	0	0	0	160	0	142	0	0	0	9184	0	974	0	6302	0	954	0	5742	0	0	0	9072	0	556	0	76	0	0	0	0	0	100	0	1550	0	0	0	0	0	0	0	0	0	0	0	0	0	0	0	0	0	2204	0	0	0	2818	0	438	0	84	0	0	0	158	108	906	0	0	0	0	0	0	0	0	0	0	230	824	288	0	0	0	
351732	Fusiform_L	1890	0	164	0	0	0	0	0	0	0	150	0	0	0	0	0	1304	0	662	0	92	0	0	0	0	0	0	0	4746	0	0	0	0	0	0	0	12518	0	6442	0	4026	0	2872	0	346	0	17358	598	1730	0	7042	0	10472	0	0	374	642	0	966	0	210	0	0	0	0	0	2772	288	1058	0	0	0	2720	0	0	0	158	0	164	0	1780	0	2162	0	1272	0	1702	0	17900	0	21586	626	2412	0	140	0	10072	596	27624	834	302	0	1662	0	242	0	0	0	0	0	2174	858	158	0	0	0	
384696	Fusiform_R	0	2218	0	202	0	0	0	228	0	0	0	574	0	0	0	150	0	0	0	100	0	0	0	0	0	0	0	0	0	1060	0	0	0	198	0	346	80	18206	0	13150	0	5280	86	11410	0	1172	1206	23244	0	1306	0	2792	0	9072	374	0	0	2268	0	0	0	84	0	0	0	266	0	5070	0	250	0	0	0	3722	0	216	108	732	0	0	0	336	0	2480	0	2146	0	1554	0	8806	504	14720	234	756	0	1348	1930	14396	1712	22160	0	0	0	774	0	0	0	0	0	704	6544	4766	1308	0	0	0	
331684	Postcentral_L	31300	0	1580	0	0	0	1936	0	0	0	5400	0	1162	0	0	0	11084	0	1582	228	0	0	0	0	0	0	0	0	3982	0	286	82	398	180	2240	310	4770	122	650	80	0	0	262	0	0	0	310	0	1462	0	12126	0	1244	0	642	0	0	0	6668	0	21906	0	14338	0	2734	0	6820	0	11568	206	2278	0	6516	0	660	0	1348	0	2314	0	1978	0	0	0	774	0	0	0	2316	0	0	0	0	0	0	0	0	0	0	0	0	0	0	0	0	0	0	0	0	0	0	0	0	0	0	0	
284160	Postcentral_R	524	32146	196	1092	0	0	610	872	0	0	0	7090	0	212	0	0	0	4374	92	1536	0	0	0	0	0	0	0	0	220	4824	104	0	0	2264	786	4440	0	1956	0	932	0	0	0	2394	0	1558	0	1146	0	3018	0	1462	0	556	0	2268	0	0	0	9800	0	10432	0	10982	0	2966	0	9356	0	8432	262	1414	0	4484	0	234	0	526	0	822	0	1836	0	90	0	1988	0	0	0	1662	0	0	0	0	0	0	0	122	0	0	0	0	0	0	0	0	0	0	0	0	0	0	0	0	0	0	
176240	Parietal_Sup_L	588	0	0	0	0	0	0	0	0	0	0	0	0	0	0	0	158	0	0	0	0	0	0	0	0	0	0	0	226	0	0	0	416	0	84	0	0	0	0	0	0	0	2094	0	1566	366	3344	0	13894	0	20312	0	4364	0	966	0	6668	0	0	0	11130	0	254	0	2942	0	13860	1126	1878	0	0	0	0	0	0	0	0	0	98	0	106	0	0	0	1490	0	0	0	190	0	0	0	0	0	0	0	0	0	0	0	0	0	0	0	0	0	0	0	0	0	0	0	0	0	0	0	
120660	Parietal_Sup_R	392	1002	116	110	0	0	464	520	0	0	0	618	0	184	0	0	0	200	0	0	0	0	0	0	0	0	0	0	146	196	0	0	0	0	0	0	0	0	0	0	0	0	0	3194	0	5764	0	302	0	9348	0	3550	0	76	0	0	0	9800	0	0	0	9704	0	2534	0	4106	0	6466	0	626	0	126	0	0	0	0	0	0	0	172	0	282	0	0	0	332	0	0	0	0	0	0	0	0	0	0	0	0	0	0	0	0	0	0	0	0	0	0	0	0	0	0	0	0	0	0	
234816	Parietal_Inf_L	4688	0	248	0	0	0	332	0	0	0	482	0	0	0	0	0	2320	0	242	0	0	0	0	0	0	0	0	0	638	0	0	0	90	0	420	0	402	0	0	0	0	0	120	0	0	0	124	0	722	0	16772	0	468	0	210	0	21906	0	11130	0	0	0	19376	0	16882	0	1116	0	2574	0	112	0	106	0	0	0	0	0	724	0	4872	0	0	0	5924	0	0	0	4408	0	0	0	0	0	0	0	0	0	0	0	0	0	0	0	0	0	0	0	0	0	0	0	0	0	0	0	
153844	Parietal_Inf_R	460	2212	148	132	0	0	554	668	0	0	0	700	0	190	0	0	0	396	0	0	0	0	0	0	0	0	0	0	180	304	84	0	0	0	0	0	0	118	0	0	0	0	0	186	0	716	0	98	0	4560	0	7612	0	0	0	84	0	10432	0	9704	0	0	0	13784	0	19372	0	840	0	0	146	252	0	0	0	0	0	0	0	328	0	802	0	0	0	1518	0	0	0	342	0	0	0	0	0	0	0	0	0	0	0	0	0	0	0	0	0	0	0	0	0	0	0	0	0	0	
139136	SupraMarginal_L	1794	0	0	0	0	0	122	0	0	0	0	0	0	0	0	0	1768	0	0	0	0	0	0	0	0	0	0	0	136	0	0	0	0	0	78	0	1220	0	0	0	0	0	0	0	0	0	0	0	182	0	1938	0	106	0	0	0	14338	0	254	0	19376	0	0	0	6480	0	0	0	360	0	358	0	0	0	0	0	0	0	104	0	7264	0	0	0	9556	0	0	0	4134	0	0	0	0	0	0	0	0	0	0	0	0	0	0	0	0	0	0	0	0	0	0	0	0	0	0	0	
130952	SupraMarginal_R	0	2178	0	0	0	0	108	278	0	0	0	148	0	0	0	0	0	3374	0	0	0	0	0	0	0	0	0	0	78	178	0	0	0	0	0	0	0	108	0	0	0	0	0	0	0	0	0	0	0	506	0	186	0	0	0	0	0	10982	0	2534	0	13784	0	0	0	11818	0	368	0	0	132	168	0	0	0	0	0	0	0	532	0	8650	0	0	0	8868	0	0	0	498	0	0	0	0	0	0	0	0	0	0	0	0	0	0	0	0	0	0	0	0	0	0	0	0	0	0	
148888	Angular_L	362	0	0	0	0	0	0	0	0	0	0	0	0	0	0	0	340	0	0	0	0	0	0	0	0	0	0	0	362	0	0	0	0	0	592	0	78	0	0	0	0	0	144	0	112	0	352	0	1554	0	21572	0	856	0	0	0	2734	0	2942	0	16882	0	6480	0	0	0	780	0	2546	0	0	0	0	0	0	0	0	0	394	0	2350	0	0	0	8304	0	0	0	4708	0	0	0	0	0	0	0	0	0	0	0	0	0	0	0	0	0	0	0	0	0	0	0	0	0	0	0	
194024	Angular_R	0	788	0	0	0	0	0	0	0	0	0	0	0	0	0	0	0	238	0	0	0	0	0	0	0	0	0	0	0	132	0	0	0	198	0	0	0	140	0	0	0	0	0	1324	0	3658	0	200	0	10956	0	20434	0	100	0	266	0	2966	0	4106	0	19372	0	11818	0	0	0	3724	0	160	0	114	0	0	0	0	0	0	0	434	0	5094	0	0	0	10140	0	0	0	650	0	0	0	0	0	0	0	0	0	0	0	0	0	0	0	0	0	0	0	0	0	0	0	0	0	0	
314404	Precuneus_L	662	0	0	0	0	0	0	0	0	0	0	0	0	0	0	0	100	0	0	144	0	0	0	0	0	0	0	0	0	0	0	0	2752	928	6962	1376	3748	194	2236	144	0	0	14958	1632	10474	4810	9100	308	12970	192	19528	130	7518	0	2772	0	6820	0	13860	0	1116	0	0	0	780	0	0	9644	15572	386	0	0	0	0	0	0	0	0	142	0	334	0	0	0	2650	0	0	0	2260	0	0	0	0	0	0	0	0	0	0	0	0	0	0	0	0	0	0	0	0	0	0	0	0	0	0	0	
346124	Precuneus_R	310	3034	0	0	0	0	0	0	0	0	0	0	0	0	0	0	0	90	0	840	0	0	0	0	0	0	0	0	0	0	0	0	480	7190	2390	10446	158	1784	0	1218	0	0	636	21380	2764	24656	414	12052	1122	16856	544	6002	514	1550	288	5070	0	9356	1126	6466	0	840	0	368	0	3724	9644	0	396	7130	0	0	0	0	0	0	0	220	0	302	0	1124	0	0	0	4706	0	0	0	4462	0	0	0	0	0	0	0	788	0	0	0	0	0	0	0	0	0	0	0	0	622	0	0	0	0	0	
392796	Paracentral_Lobule_L	39428	1624	976	1564	0	0	738	0	0	0	0	0	0	0	0	0	1668	0	5788	17832	0	0	0	0	0	0	0	0	1328	0	90	0	3920	14064	10814	2792	3034	346	678	0	0	0	2050	126	2402	0	910	0	1780	0	11560	0	1610	0	1058	0	11568	0	1878	0	2574	0	360	0	2546	0	15572	396	0	12388	3360	152	1588	0	454	0	8328	986	246	0	478	0	0	0	3322	0	0	0	2022	0	0	0	0	0	0	0	0	0	0	0	0	0	0	0	0	0	0	0	0	0	0	0	0	0	0	0	
198224	Paracentral_Lobule_R	7308	3422	0	0	0	0	0	0	0	0	0	0	0	0	0	0	0	0	1406	22816	0	0	0	0	0	0	0	0	0	0	0	0	968	19506	3222	5632	0	0	0	0	0	0	0	2604	96	944	0	230	0	408	0	208	0	0	0	250	206	8432	0	626	0	0	0	0	0	160	386	7130	12388	0	0	160	0	0	0	0	0	0	0	100	0	180	0	0	0	158	0	0	0	166	0	0	0	0	0	0	0	0	0	0	0	0	0	0	0	0	0	0	0	0	0	0	0	0	0	0	
263536	Caudate_L	8168	814	2634	2824	4756	88	1526	2224	284	100	680	986	204	968	926	184	380	312	8836	4724	6482	8006	642	708	476	1506	4722	2864	1658	1096	9142	3516	0	222	0	0	960	94	156	0	76	196	0	0	0	0	0	0	0	0	0	0	0	0	0	0	2278	262	0	0	112	146	358	132	0	0	0	0	3360	0	0	7432	15976	930	2146	98	13628	356	0	0	226	0	92	0	96	0	0	0	0	0	0	0	0	0	0	0	0	0	0	0	0	0	0	0	0	0	0	0	0	0	0	0	0	0	0	0	
319192	Caudate_R	324	13090	0	20190	1832	1166	234	2424	0	1022	0	2128	0	1708	0	932	0	4108	630	13952	2076	6848	352	7924	0	3166	1370	3350	0	5256	3702	14236	0	380	0	0	0	510	0	102	0	632	0	0	0	0	0	0	0	0	0	0	0	0	0	0	0	1414	0	126	0	252	0	168	0	114	0	0	152	160	7432	0	3372	16990	0	2078	160	13326	0	208	0	0	0	0	0	0	0	0	0	0	0	0	0	0	0	0	0	0	0	0	0	0	0	0	0	0	0	0	0	0	0	0	0	0	0	0	
282704	Putamen_L	16702	0	8578	314	2300	0	3026	218	132	0	1504	442	818	432	1378	0	1764	0	7524	226	866	3300	4280	592	166	340	298	396	13324	486	10560	2016	0	80	0	0	13390	0	2904	0	720	106	0	0	0	0	0	0	0	0	0	0	0	0	2720	0	6516	0	0	0	106	0	0	0	0	0	0	0	1588	0	15976	3372	0	438	4150	0	2684	0	272	0	1028	0	734	0	100	0	0	0	2354	0	0	0	0	0	0	0	0	0	132	0	0	0	0	0	0	0	0	0	0	0	0	0	0	0	0	0	
286488	Putamen_R	0	10316	0	14196	200	1372	0	4956	0	264	0	5624	0	908	0	1654	0	2634	246	5502	230	790	104	8546	0	2648	104	1148	0	14880	1366	10132	0	0	0	0	0	13156	0	8418	0	2400	0	0	0	0	0	0	0	0	0	0	0	0	0	3722	0	4484	0	0	0	0	0	0	0	0	0	0	0	0	930	16990	438	0	0	3026	0	788	0	0	0	98	0	0	0	0	0	0	0	114	0	0	0	0	0	0	0	860	0	0	0	0	0	0	0	0	0	0	0	0	0	0	0	0	0	0	
25624	Pallidum_L	1482	0	440	0	0	0	142	0	0	0	0	0	0	0	0	0	0	0	272	0	0	0	0	0	0	0	0	0	0	0	0	0	0	0	0	0	1138	0	0	0	0	0	0	0	0	0	0	0	0	0	0	0	0	0	0	0	660	0	0	0	0	0	0	0	0	0	0	0	454	0	2146	0	4150	0	0	0	1928	0	0	0	0	0	0	0	0	0	0	0	0	0	0	0	0	0	0	0	0	0	0	0	0	0	0	0	0	0	0	0	0	0	0	0	0	0	0	0	
29064	Pallidum_R	0	2624	0	1680	0	0	0	890	0	0	0	342	0	0	0	0	0	104	0	340	0	0	0	104	0	0	0	0	0	216	0	358	0	0	0	0	0	1254	0	804	0	0	0	0	0	0	0	0	0	0	0	0	0	0	0	216	0	234	0	0	0	0	0	0	0	0	0	0	0	0	98	2078	0	3026	0	0	0	164	0	0	0	0	0	0	0	0	0	0	0	0	0	0	0	0	0	0	0	0	0	0	0	0	0	0	0	0	0	0	0	0	0	0	0	0	0	0	
139256	Thalamus_L	16304	954	474	1352	0	0	472	0	0	0	124	0	0	0	0	0	924	0	612	1724	0	0	0	0	0	0	0	0	2142	0	0	0	0	0	462	980	6116	886	1196	592	0	0	0	0	0	0	846	0	0	0	0	0	0	0	158	108	1348	0	0	0	0	0	0	0	0	0	0	0	8328	0	13628	160	2684	0	1928	0	0	3570	368	0	272	0	0	0	98	0	0	0	724	0	0	0	0	0	0	0	0	94	0	0	0	0	0	0	0	0	0	0	0	0	0	0	0	0	0	0	
138220	Thalamus_R	1056	19000	0	9256	0	0	0	110	0	0	0	186	0	0	0	0	0	0	0	4184	0	0	0	0	0	0	0	0	0	764	0	100	0	0	108	1104	674	6092	0	3120	0	0	0	0	0	0	0	1012	0	0	0	0	0	0	0	732	0	526	0	0	0	0	0	0	0	0	0	220	986	0	356	13326	0	788	0	164	3570	0	0	392	0	266	0	0	0	0	0	0	0	0	0	0	0	0	0	0	0	906	0	0	0	0	0	0	0	0	0	0	0	0	112	0	0	0	0	0	
60904	Heschl_L	2636	0	140	0	0	0	80	0	0	0	736	0	0	0	0	0	4320	0	234	0	0	0	0	0	0	0	0	0	4838	0	0	0	0	0	352	376	3818	152	0	120	0	0	188	0	0	0	0	0	0	0	596	0	222	0	164	0	2314	0	98	0	724	0	104	0	394	0	142	0	246	0	0	0	272	0	0	0	368	0	0	0	2416	0	0	0	1090	0	0	0	3312	0	0	0	0	0	0	0	0	0	0	0	0	0	0	0	0	0	0	0	0	0	0	0	0	0	0	0	
31500	Heschl_R	0	190	0	0	0	0	0	0	0	0	0	0	0	0	0	0	0	1914	0	0	0	0	0	0	0	0	0	0	0	2294	0	0	0	0	0	0	0	722	0	0	0	0	0	0	0	0	0	0	0	152	0	94	0	0	0	0	0	822	0	172	0	328	0	532	0	434	0	302	0	100	0	208	0	0	0	0	0	392	0	0	0	5622	0	0	0	984	0	0	0	488	0	0	0	0	0	0	0	0	0	0	0	0	0	0	0	0	0	0	0	0	0	0	0	0	0	0	
200384	Temporal_Sup_L	2414	0	746	0	0	0	486	0	0	0	2636	0	432	0	0	0	11130	0	1474	0	0	0	0	0	0	0	0	0	9244	0	0	0	0	0	128	0	1984	0	102	0	0	0	300	0	0	0	94	0	0	0	1372	0	200	0	1780	0	1978	0	106	0	4872	0	7264	0	2350	0	334	0	478	0	226	0	1028	0	0	0	272	0	2416	0	0	0	1090	0	25142	0	0	0	18114	0	0	0	0	0	0	0	0	0	0	0	0	0	0	0	0	0	0	0	0	0	0	0	0	0	0	0	
117692	Temporal_Sup_R	0	542	0	0	0	0	0	0	0	0	0	0	0	0	0	0	0	4242	0	0	0	0	0	0	0	0	0	0	0	3224	0	0	0	0	0	0	0	446	0	0	0	0	0	0	0	106	0	0	0	1290	0	844	0	0	0	336	0	1836	0	282	0	802	0	8650	0	5094	0	1124	0	180	0	0	0	98	0	0	0	266	0	5622	0	0	0	1440	0	19152	0	0	0	3270	0	0	0	0	0	0	0	0	0	0	0	0	0	0	0	0	0	0	0	0	0	0	0	0	0	0	
94148	Temporal_Pole_Sup_L	0	0	2190	0	1008	0	392	0	234	0	2186	0	184	0	2448	0	1372	0	1408	0	632	0	90	0	0	0	0	0	7770	0	176	0	0	0	0	0	2544	0	692	0	1638	0	0	0	0	0	0	0	0	0	0	0	0	0	2162	0	0	0	0	0	0	0	0	0	0	0	0	0	0	0	92	0	734	0	0	0	0	0	0	0	1090	0	0	0	6378	0	5848	0	5806	0	0	0	0	0	0	0	0	0	0	0	0	0	0	0	0	0	0	0	0	0	0	0	0	0	0	0	
41596	Temporal_Pole_Sup_R	0	0	0	786	0	0	0	390	0	0	0	2232	0	0	0	308	0	2392	428	1170	0	260	0	0	0	0	0	0	0	1340	0	0	0	0	0	0	0	782	0	962	0	1260	0	0	0	0	0	0	0	0	0	0	0	0	0	2480	0	90	0	0	0	0	0	0	0	0	0	0	0	0	0	0	0	0	0	0	0	0	0	0	0	1440	0	0	0	856	0	2480	0	1142	0	0	0	0	0	0	0	0	0	0	0	0	0	0	0	0	0	0	0	0	0	0	0	0	0	0	
266408	Temporal_Mid_L	634	0	0	0	0	0	0	0	0	0	106	0	0	0	0	0	1484	0	0	0	0	0	0	0	0	0	0	0	2156	0	0	0	0	0	78	0	378	0	0	0	0	0	1418	0	592	0	426	0	1856	0	20414	0	4222	0	1272	0	774	0	1490	0	5924	0	9556	0	8304	0	2650	0	3322	0	96	0	100	0	0	0	98	0	1090	0	25142	0	6378	0	0	0	3998	0	29246	0	0	0	0	0	0	0	0	0	0	0	0	0	0	0	0	0	0	0	0	0	0	0	0	0	0	0	
204612	Temporal_Mid_R	0	930	0	0	0	0	0	0	0	0	0	0	0	0	0	0	0	680	0	0	0	0	0	0	0	0	0	0	0	742	0	0	0	270	0	124	0	212	0	0	0	0	0	5724	112	3390	0	586	0	8668	0	17700	0	2204	0	2146	0	1988	0	332	0	1518	0	8868	0	10140	0	4706	0	158	0	0	0	0	0	0	0	0	0	984	0	19152	0	856	0	0	0	358	0	9758	0	0	0	0	0	0	0	0	0	0	0	0	0	0	0	0	0	0	0	0	0	0	0	0	0	0	
36136	Temporal_Pole_Mid_L	0	0	0	0	0	0	0	0	0	0	0	0	0	0	0	0	0	0	0	0	0	0	0	0	0	0	0	0	194	0	0	0	0	0	0	0	140	0	404	0	204	0	0	0	0	0	0	0	0	0	0	0	0	0	1702	0	0	0	0	0	0	0	0	0	0	0	0	0	0	0	0	0	0	0	0	0	0	0	0	0	0	0	5848	0	3998	0	0	0	5578	0	0	0	0	0	0	0	0	0	0	0	0	0	0	0	0	0	0	0	0	0	0	0	0	0	0	0	
12032	Temporal_Pole_Mid_R	0	0	0	0	0	0	0	0	0	0	0	0	0	0	0	0	0	0	0	0	0	0	0	0	0	0	0	0	0	0	0	0	0	0	0	0	0	138	0	628	0	266	0	0	0	0	0	0	0	0	0	0	0	0	0	1554	0	0	0	0	0	0	0	0	0	0	0	0	0	0	0	0	0	0	0	0	0	0	0	0	0	0	0	2480	0	358	0	0	0	592	0	0	0	0	0	0	0	0	0	0	0	0	0	0	0	0	0	0	0	0	0	0	0	0	0	0	
308928	Temporal_Inf_L	3972	0	80	0	0	0	0	0	0	0	394	0	0	0	0	0	2902	0	84	0	0	0	0	0	0	0	0	0	6490	0	0	0	0	0	0	0	10078	0	1150	0	1358	0	2486	0	342	0	1502	0	0	0	3684	0	5004	0	17900	0	2316	0	190	0	4408	0	4134	0	4708	0	2260	0	2022	0	0	0	2354	0	0	0	724	0	3312	0	18114	0	5806	0	29246	0	5578	0	0	0	5228	0	1198	0	138	0	1260	0	2736	0	376	0	930	0	0	0	0	0	0	0	0	0	0	0	0	0	
107896	Temporal_Inf_R	0	1422	0	0	0	0	0	0	0	0	0	0	0	0	0	0	0	0	0	0	0	0	0	0	0	0	0	0	0	786	0	0	0	96	0	664	0	3346	0	1106	0	590	0	1246	0	292	0	2138	0	3394	0	1390	0	2818	0	8806	0	1662	0	0	0	342	0	498	0	650	0	4462	0	166	0	0	0	114	0	0	0	0	0	488	0	3270	0	1142	0	9758	0	592	0	0	0	1148	0	114	0	156	0	508	0	658	0	0	0	126	0	0	0	0	0	0	0	0	0	0	0	0	
368212	Cerebelum_Crus1_L	0	0	0	0	0	0	0	0	0	0	0	0	0	0	0	0	0	0	0	0	0	0	0	0	0	0	0	0	0	0	0	0	0	0	0	0	216	0	388	0	0	0	0	0	0	0	10742	806	0	0	0	0	180	0	21586	504	0	0	0	0	0	0	0	0	0	0	0	0	0	0	0	0	0	0	0	0	0	0	0	0	0	0	0	0	0	0	0	0	5228	0	0	3716	24142	3724	1578	96	21304	418	48628	2628	6302	348	11988	348	1146	154	0	0	276	554	4906	4866	6986	118	146	84	
406112	Cerebelum_Crus1_R	0	0	0	0	0	0	0	0	0	0	0	0	0	0	0	0	0	0	0	0	0	0	0	0	0	0	0	0	0	0	0	0	0	0	0	0	0	0	0	0	0	0	0	88	0	0	1374	8100	0	0	0	0	0	438	626	14720	0	0	0	0	0	0	0	0	0	0	0	0	0	0	0	0	0	0	0	0	0	0	0	0	0	0	0	0	0	0	0	0	0	1148	3716	0	1942	25178	280	4354	4166	18332	4356	51016	0	2148	142	19828	262	840	0	236	200	4116	12848	12210	8582	626	684	500	
249180	Cerebelum_Crus2_L	0	0	0	0	0	0	0	0	0	0	0	0	0	0	0	0	0	0	0	0	0	0	0	0	0	0	0	0	0	0	0	0	0	0	0	0	0	0	0	0	0	0	0	0	0	0	442	282	0	0	0	0	0	0	2412	234	0	0	0	0	0	0	0	0	0	0	0	0	0	0	0	0	0	0	0	0	0	0	0	0	0	0	0	0	0	0	0	0	1198	0	24142	1942	0	9744	326	0	2382	0	7464	726	26834	2584	27274	412	2070	0	164	0	0	0	454	1388	10616	1500	0	0	
252228	Cerebelum_Crus2_R	0	0	0	0	0	0	0	0	0	0	0	0	0	0	0	0	0	0	0	0	0	0	0	0	0	0	0	0	0	0	0	0	0	0	0	0	0	0	0	0	0	0	0	0	0	0	0	470	0	0	0	0	0	84	0	756	0	0	0	0	0	0	0	0	0	0	0	0	0	0	0	0	0	0	0	0	0	0	0	0	0	0	0	0	0	0	0	0	0	114	3724	25178	9744	0	290	1318	412	1530	616	7744	3740	10204	3982	28840	1150	2374	0	256	108	1136	756	1392	13914	3766	1916	600	
37708	Cerebelum_3_L	0	0	0	0	0	0	0	0	0	0	0	0	0	0	0	0	0	0	0	0	0	0	0	0	0	0	0	0	0	0	0	0	0	0	0	0	0	0	0	0	0	0	0	0	0	0	0	0	0	0	0	0	0	0	140	0	0	0	0	0	0	0	0	0	0	0	0	0	0	0	0	0	0	0	0	0	0	0	0	0	0	0	0	0	0	0	0	0	138	0	1578	280	326	290	0	120	5930	0	1658	346	106	0	842	592	946	304	0	0	978	1444	974	148	758	444	344	168	
70428	Cerebelum_3_R	0	0	0	0	0	0	0	0	0	0	0	0	0	0	0	0	0	0	0	0	0	0	0	0	0	0	0	0	0	0	0	0	0	0	0	0	0	0	0	0	0	0	0	0	0	0	0	0	0	0	0	0	0	0	0	1348	0	0	0	0	0	0	0	0	0	0	0	0	0	0	0	0	0	0	0	0	0	0	0	0	0	0	0	0	0	0	0	0	0	156	96	4354	0	1318	120	0	446	5990	0	6564	0	0	214	2004	198	1500	0	0	328	6148	1152	142	744	950	1162	280	
288712	Cerebelum_4_5_L	0	0	0	0	0	0	0	0	0	0	0	0	0	0	0	0	0	0	0	0	0	0	0	0	0	0	0	0	0	0	0	0	0	0	0	0	312	0	604	0	0	0	0	0	0	0	11638	2140	0	0	0	0	0	0	10072	1930	0	0	0	0	0	0	0	0	0	0	0	0	0	0	0	0	0	0	0	0	0	0	0	0	0	0	0	0	0	0	0	0	1260	0	21304	4166	2382	412	5930	446	0	3872	33044	5568	504	0	2768	1344	4062	1196	0	0	1408	2936	15722	3212	2052	1146	1478	1448	
262160	Cerebelum_4_5_R	0	220	0	0	0	0	0	0	0	0	0	190	0	0	0	0	0	0	0	0	0	0	0	0	0	0	0	0	0	302	0	0	0	0	466	976	604	4160	202	4664	0	78	0	0	0	0	1836	9376	0	0	0	0	0	158	596	14396	0	122	0	0	0	0	0	0	0	0	0	788	0	0	0	0	0	860	0	0	94	906	0	0	0	0	0	0	0	0	0	0	0	508	418	18332	0	1530	0	5990	3872	0	2094	30820	0	0	100	2382	154	1266	0	114	0	3356	15586	1606	358	696	734	170	
382852	Cerebelum_6_L	0	0	0	0	0	0	0	0	0	0	0	0	0	0	0	0	0	0	0	0	0	0	0	0	0	0	0	0	122	0	0	0	0	0	0	0	390	0	594	0	0	0	0	0	0	0	17324	2458	0	0	88	0	794	108	27624	1712	0	0	0	0	0	0	0	0	0	0	0	0	0	0	0	0	132	0	0	0	0	0	0	0	0	0	0	0	0	0	0	0	2736	0	48628	4356	7464	616	1658	0	33044	2094	0	5722	2392	0	5596	468	3108	520	0	0	258	492	9342	7372	2648	340	702	524	
412132	Cerebelum_6_R	0	0	0	0	0	0	0	0	0	0	0	0	0	0	0	0	0	0	0	0	0	0	0	0	0	0	0	0	0	0	0	0	0	0	0	0	0	0	0	106	0	0	92	482	0	0	1868	11362	0	0	0	0	0	906	834	22160	0	0	0	0	0	0	0	0	0	0	0	0	0	0	0	0	0	0	0	0	0	0	0	0	0	0	0	0	0	0	0	0	0	658	2628	51016	726	7744	346	6564	5568	30820	5722	0	76	522	230	8044	350	1036	0	300	396	4848	17848	14020	6190	974	1038	592	
172828	Cerebelum_7b_L	0	0	0	0	0	0	0	0	0	0	0	0	0	0	0	0	0	0	0	0	0	0	0	0	0	0	0	0	0	0	0	0	0	0	0	0	0	0	0	0	0	0	0	0	0	0	0	0	0	0	0	0	0	0	302	0	0	0	0	0	0	0	0	0	0	0	0	0	0	0	0	0	0	0	0	0	0	0	0	0	0	0	0	0	0	0	0	0	376	0	6302	0	26834	3740	106	0	504	0	2392	76	0	2166	29992	1688	3976	126	258	0	0	0	0	310	4444	2580	242	0	
71756	Cerebelum_7b_R	0	0	0	0	0	0	0	0	0	0	0	0	0	0	0	0	0	0	0	0	0	0	0	0	0	0	0	0	0	0	0	0	0	0	0	0	0	0	0	0	0	0	0	0	0	0	0	0	0	0	0	0	0	0	0	0	0	0	0	0	0	0	0	0	0	0	0	0	0	0	0	0	0	0	0	0	0	0	0	0	0	0	0	0	0	0	0	0	0	0	348	2148	2584	10204	0	0	0	0	0	522	2166	0	2360	8550	590	294	0	0	0	0	0	0	3644	2194	274	0	
253328	Cerebelum_8_L	0	0	0	0	0	0	0	0	0	0	0	0	0	0	0	0	0	0	0	0	0	0	0	0	0	0	0	0	0	0	0	0	0	0	0	0	0	0	0	0	0	0	0	0	0	0	0	0	0	0	0	0	0	0	1662	0	0	0	0	0	0	0	0	0	0	0	0	0	0	0	0	0	0	0	0	0	0	0	0	0	0	0	0	0	0	0	0	0	930	0	11988	142	27274	3982	842	214	2768	100	5596	230	29992	2360	0	5252	14020	1440	2524	0	82	240	180	628	5958	5648	1842	770	
234724	Cerebelum_8_R	0	0	0	0	0	0	0	0	0	0	0	0	0	0	0	0	0	0	0	0	0	0	0	0	0	0	0	0	0	0	0	0	0	0	0	0	0	0	0	0	0	0	0	0	0	0	0	0	0	0	0	0	0	0	0	774	0	0	0	0	0	0	0	0	0	0	0	0	0	0	0	0	0	0	0	0	0	0	0	0	0	0	0	0	0	0	0	0	0	126	348	19828	412	28840	592	2004	1344	2382	468	8044	1688	8550	5252	0	3454	9128	242	1172	420	2012	1264	488	6418	6516	4176	1420	
112408	Cerebelum_9_L	0	0	0	0	0	0	0	0	0	0	0	0	0	0	0	0	0	0	0	0	0	0	0	0	0	0	0	0	0	0	0	0	0	0	0	0	0	0	0	0	0	0	0	0	0	0	0	0	0	0	0	0	0	0	242	0	0	0	0	0	0	0	0	0	0	0	0	0	0	0	0	0	0	0	0	0	0	0	0	0	0	0	0	0	0	0	0	0	0	0	1146	262	2070	1150	946	198	4062	154	3108	350	3976	590	14020	3454	0	2204	5000	0	138	280	742	802	3048	3812	2898	1552	
92424	Cerebelum_9_R	0	0	0	0	0	0	0	0	0	0	0	0	0	0	0	0	0	0	0	0	0	0	0	0	0	0	0	0	0	0	0	0	0	0	0	0	0	0	0	0	0	0	0	0	0	0	0	0	0	0	0	0	0	0	0	0	0	0	0	0	0	0	0	0	0	0	0	0	0	0	0	0	0	0	0	0	0	0	0	0	0	0	0	0	0	0	0	0	0	0	154	840	0	2374	304	1500	1196	1266	520	1036	126	294	1440	9128	2204	0	80	1448	506	1646	1526	1588	2064	4774	6634	3564	
18032	Cerebelum_10_L	0	0	0	0	0	0	0	0	0	0	0	0	0	0	0	0	0	0	0	0	0	0	0	0	0	0	0	0	0	0	0	0	0	0	0	0	0	0	0	0	0	0	0	0	0	0	0	0	0	0	0	0	0	0	0	0	0	0	0	0	0	0	0	0	0	0	0	0	0	0	0	0	0	0	0	0	0	0	0	0	0	0	0	0	0	0	0	0	0	0	0	0	164	0	0	0	0	0	0	0	258	0	2524	242	5000	80	0	0	0	0	0	0	186	284	278	0	
7052	Cerebelum_10_R	0	0	0	0	0	0	0	0	0	0	0	0	0	0	0	0	0	0	0	0	0	0	0	0	0	0	0	0	0	0	0	0	0	0	0	0	0	0	0	0	0	0	0	0	0	0	0	0	0	0	0	0	0	0	0	0	0	0	0	0	0	0	0	0	0	0	0	0	0	0	0	0	0	0	0	0	0	0	0	0	0	0	0	0	0	0	0	0	0	0	0	236	0	256	0	0	0	114	0	300	0	0	0	1172	0	1448	0	0	0	0	0	0	0	0	0	0	
24720	Vermis_1_2	0	0	0	0	0	0	0	0	0	0	0	0	0	0	0	0	0	0	0	0	0	0	0	0	0	0	0	0	0	0	0	0	0	0	0	0	0	0	0	0	0	0	0	0	0	0	0	0	0	0	0	0	0	0	0	0	0	0	0	0	0	0	0	0	0	0	0	0	0	0	0	0	0	0	0	0	0	0	0	0	0	0	0	0	0	0	0	0	0	0	276	200	0	108	978	328	1408	0	258	396	0	0	82	420	138	506	0	0	0	3648	1644	188	520	592	670	0	
84044	Vermis_3	0	0	0	0	0	0	0	0	0	0	0	0	0	0	0	0	0	0	0	0	0	0	0	0	0	0	0	0	0	0	0	0	0	0	0	0	78	0	80	0	0	0	0	0	0	0	0	0	0	0	0	0	0	0	0	704	0	0	0	0	0	0	0	0	0	0	0	0	0	0	0	0	0	0	0	0	0	0	0	0	0	0	0	0	0	0	0	0	0	0	554	4116	0	1136	1444	6148	2936	3356	492	4848	0	0	240	2012	280	1646	0	0	3648	0	4188	258	1326	1056	1266	210	
249272	Vermis_4_5	0	0	0	0	0	0	0	0	0	0	0	0	0	0	0	0	0	0	0	0	0	0	0	0	0	0	0	0	0	0	0	0	0	0	0	508	0	538	0	384	0	0	142	0	0	0	5478	7220	0	0	0	0	0	230	2174	6544	0	0	0	0	0	0	0	0	0	0	0	622	0	0	0	0	0	0	0	0	0	112	0	0	0	0	0	0	0	0	0	0	0	0	4906	12848	454	756	974	1152	15722	15586	9342	17848	0	0	180	1264	742	1526	0	0	1644	4188	0	5866	1682	812	1518	1674	
168264	Vermis_6	0	0	0	0	0	0	0	0	0	0	0	0	0	0	0	0	0	0	0	0	0	0	0	0	0	0	0	0	0	0	0	0	0	0	0	0	0	0	0	0	0	0	78	570	0	0	1488	7116	0	0	0	0	84	824	858	4766	0	0	0	0	0	0	0	0	0	0	0	0	0	0	0	0	0	0	0	0	0	0	0	0	0	0	0	0	0	0	0	0	0	0	4866	12210	1388	1392	148	142	3212	1606	7372	14020	310	0	628	488	802	1588	0	0	188	258	5866	0	6854	620	1774	2616	
204100	Vermis_7	0	0	0	0	0	0	0	0	0	0	0	0	0	0	0	0	0	0	0	0	0	0	0	0	0	0	0	0	0	0	0	0	0	0	0	0	0	0	0	0	0	0	0	310	0	0	162	1316	0	0	0	0	0	288	158	1308	0	0	0	0	0	0	0	0	0	0	0	0	0	0	0	0	0	0	0	0	0	0	0	0	0	0	0	0	0	0	0	0	0	0	6986	8582	10616	13914	758	744	2052	358	2648	6190	4444	3644	5958	6418	3048	2064	186	0	520	1326	1682	6854	0	4990	2774	1752	
