data	data	345300	180464	1.08164e+06	984080	179172	222348	357604	297620	92744	96608	262544	150796	283808	168460	137516	124040	187728	128680	862340	961200	94464	88700	318712	485192	36152	95656	51444	51280	522388	458836	303444	482020	258684	628244	128028	165296	210092	345616	80072	204496	15300	115156	211144	309380	192972	281936	329512	225740	162504	308656	475644	304536	208456	122160	417032	479140	234988	191540	75508	79944	184320	74056	119740	92356	104488	98604	292056	482112	104944	103124	342268	499160	358360	390020	81216	65264	199404	193416	79640	51204	195372	168544	92948	98040	343276	258788	49032	87364	267160	327192	326136	301416	189168	198756	34452	62000	256532	195288	386284	359696	152400	71056	238940	184012	110396	159840	26668	26508	14232	49564	169128	152524	181088	126532	65864	24408	
data	data	Precentral_L	Precentral_R	Frontal_Sup_L	Frontal_Sup_R	Frontal_Sup_Orb_L	Frontal_Sup_Orb_R	Frontal_Mid_L	Frontal_Mid_R	Frontal_Mid_Orb_L	Frontal_Mid_Orb_R	Frontal_Inf_Oper_L	Frontal_Inf_Oper_R	Frontal_Inf_Tri_L	Frontal_Inf_Tri_R	Frontal_Inf_Orb_L	Frontal_Inf_Orb_R	Rolandic_Oper_L	Rolandic_Oper_R	Supp_Motor_Area_L	Supp_Motor_Area_R	Olfactory_L	Olfactory_R	Frontal_Sup_Medial_L	Frontal_Sup_Medial_R	Frontal_Med_Orb_L	Frontal_Med_Orb_R	Rectus_L	Rectus_R	Insula_L	Insula_R	Cingulum_Ant_L	Cingulum_Ant_R	Cingulum_Mid_L	Cingulum_Mid_R	Cingulum_Post_L	Cingulum_Post_R	Hippocampus_L	Hippocampus_R	ParaHippocampal_L	ParaHippocampal_R	Amygdala_L	Amygdala_R	Calcarine_L	Calcarine_R	Cuneus_L	Cuneus_R	Lingual_L	Lingual_R	Occipital_Sup_L	Occipital_Sup_R	Occipital_Mid_L	Occipital_Mid_R	Occipital_Inf_L	Occipital_Inf_R	Fusiform_L	Fusiform_R	Postcentral_L	Postcentral_R	Parietal_Sup_L	Parietal_Sup_R	Parietal_Inf_L	Parietal_Inf_R	SupraMarginal_L	SupraMarginal_R	Angular_L	Angular_R	Precuneus_L	Precuneus_R	Paracentral_Lobule_L	Paracentral_Lobule_R	Caudate_L	Caudate_R	Putamen_L	Putamen_R	Pallidum_L	Pallidum_R	Thalamus_L	Thalamus_R	Heschl_L	Heschl_R	Temporal_Sup_L	Temporal_Sup_R	Temporal_Pole_Sup_L	Temporal_Pole_Sup_R	Temporal_Mid_L	Temporal_Mid_R	Temporal_Pole_Mid_L	Temporal_Pole_Mid_R	Temporal_Inf_L	Temporal_Inf_R	Cerebelum_Crus1_L	Cerebelum_Crus1_R	Cerebelum_Crus2_L	Cerebelum_Crus2_R	Cerebelum_3_L	Cerebelum_3_R	Cerebelum_4_5_L	Cerebelum_4_5_R	Cerebelum_6_L	Cerebelum_6_R	Cerebelum_7b_L	Cerebelum_7b_R	Cerebelum_8_L	Cerebelum_8_R	Cerebelum_9_L	Cerebelum_9_R	Cerebelum_10_L	Cerebelum_10_R	Vermis_1_2	Vermis_3	Vermis_4_5	Vermis_6	Vermis_7	Vermis_8	Vermis_9	Vermis_10	
345300	Precentral_L	0	1516	31260	5448	130	338	15354	3032	0	0	13490	128	506	0	0	0	6048	116	20420	3314	0	0	0	1006	0	0	0	0	4406	248	222	1196	4976	1072	1292	0	372	126	0	0	0	0	348	0	574	0	0	0	0	0	2142	0	154	0	0	0	22544	202	204	0	4058	0	2960	0	0	0	1576	0	9306	0	3708	2828	1782	1044	128	0	370	422	716	0	788	0	0	0	494	0	0	0	286	0	0	0	0	0	0	0	0	0	0	0	0	0	0	0	0	0	0	0	0	0	0	0	0	0	0	0	
180464	Precentral_R	1516	0	702	15226	0	0	262	13706	0	0	272	4176	0	0	0	0	200	472	700	8016	0	0	0	220	0	0	0	0	144	1666	174	0	236	1210	0	538	0	164	0	0	0	0	0	974	0	350	0	0	0	396	0	306	0	412	0	0	1142	19264	0	238	0	0	0	206	0	218	0	2218	0	2794	4416	782	1494	1634	848	0	1292	1004	0	0	0	244	0	0	0	222	0	0	0	178	0	0	0	0	0	0	0	0	0	0	0	0	0	0	0	0	0	0	0	0	0	0	0	0	0	0	
1.08164e+06	Frontal_Sup_L	31260	702	0	15898	8690	420	53406	3558	2320	0	16062	1456	20546	0	2294	0	6262	192	115574	28680	742	510	38472	4908	626	128	0	0	25936	538	15594	5188	10774	21794	2446	468	2548	300	0	0	0	0	350	0	582	0	0	0	0	0	1960	0	0	0	142	0	8126	742	150	0	2416	0	1176	204	0	0	1544	0	6260	0	9362	5642	27586	872	7454	374	17842	3826	3416	0	1308	0	0	0	750	0	0	0	444	0	0	0	0	0	0	0	0	0	0	0	0	0	0	0	0	0	0	0	0	0	0	0	0	0	0	0	
984080	Frontal_Sup_R	5448	15226	15898	0	0	10846	4370	42822	0	1450	936	6584	196	12622	0	3552	684	4960	17854	103076	600	782	6592	55074	0	1988	0	0	1014	17404	2738	35160	4398	34690	364	1760	0	2814	0	800	0	374	0	202	0	0	0	200	0	0	0	244	0	190	0	820	2372	7378	0	0	150	118	0	1174	0	0	0	604	0	146	5584	24086	1794	14680	994	2534	2154	9384	0	490	0	706	0	210	0	918	0	0	0	1832	0	0	0	0	0	0	0	0	0	0	0	0	0	0	0	0	0	0	0	0	0	0	0	0	0	0	
179172	Frontal_Sup_Orb_L	130	0	8690	0	0	0	3532	0	14320	0	1642	0	6374	0	9964	0	172	0	1466	0	2368	0	3194	0	4452	308	5922	172	12346	0	4818	0	254	0	0	0	0	0	0	0	0	0	0	0	0	0	0	0	0	0	0	0	0	0	0	0	0	0	0	0	0	0	0	0	0	0	0	0	0	0	3346	0	5872	0	0	0	0	0	0	0	0	0	244	0	0	0	0	0	0	0	0	0	0	0	0	0	0	0	0	0	0	0	0	0	0	0	0	0	0	0	0	0	0	0	0	0	
222348	Frontal_Sup_Orb_R	338	0	420	10846	0	0	774	4446	0	11756	484	844	0	5232	0	5730	0	0	632	2560	0	1050	788	7086	474	10118	580	6982	452	7036	582	9166	0	1304	0	0	0	0	0	0	0	0	0	0	0	0	0	0	0	0	0	0	0	0	0	0	0	0	0	0	0	0	0	0	0	0	0	0	0	0	1334	12104	0	7588	0	468	0	0	0	0	0	0	0	0	0	0	0	0	0	0	0	0	0	0	0	0	0	0	0	0	0	0	0	0	0	0	0	0	0	0	0	0	0	0	0	0	
357604	Frontal_Mid_L	15354	262	53406	4370	3532	774	0	2230	3960	0	9658	566	21858	126	2436	180	424	0	6288	3396	0	0	14094	2582	0	0	0	0	4194	884	3174	2272	2050	2174	0	0	0	0	0	0	0	0	0	0	0	0	0	0	0	0	0	0	0	0	0	0	636	0	0	0	172	0	564	0	0	0	0	0	0	0	7820	4912	762	2856	386	0	190	260	0	0	0	0	0	0	0	0	0	0	0	0	0	0	0	0	0	0	0	0	0	0	0	0	0	0	0	0	0	0	0	0	0	0	0	0	0	0	
297620	Frontal_Mid_R	3032	13706	3558	42822	0	4446	2230	0	0	2094	574	4786	414	11740	0	1818	220	338	3644	8872	0	0	2074	13232	0	0	0	0	490	2360	890	5508	868	4916	164	366	0	0	0	0	0	0	0	0	0	0	0	0	0	0	0	0	0	0	0	0	1106	2990	0	0	0	0	0	0	0	0	0	0	0	0	4792	1634	1046	578	470	288	402	342	0	0	0	0	0	0	0	0	0	0	0	0	0	0	0	0	0	0	0	0	0	0	0	0	0	0	0	0	0	0	0	0	0	0	0	0	0	0	
92744	Frontal_Mid_Orb_L	0	0	2320	0	14320	0	3960	0	0	0	320	0	4440	0	8362	0	0	0	454	0	268	0	0	0	844	0	2456	0	3456	0	966	0	0	0	0	0	0	0	0	0	0	0	0	0	0	0	0	0	0	0	0	0	0	0	0	0	0	0	0	0	0	0	0	0	0	0	0	0	0	0	1634	0	2572	0	0	0	0	0	0	0	0	0	0	0	0	0	0	0	0	0	0	0	0	0	0	0	0	0	0	0	0	0	0	0	0	0	0	0	0	0	0	0	0	0	0	0	
96608	Frontal_Mid_Orb_R	0	0	0	1450	0	11756	0	2094	0	0	130	518	0	2994	0	7656	0	0	0	740	0	342	0	678	0	3708	0	1646	0	4346	0	2272	0	274	0	0	0	0	0	0	0	0	0	0	0	0	0	0	0	0	0	0	0	0	0	0	0	0	0	0	0	0	0	0	0	0	0	0	0	0	270	4376	0	2870	0	184	0	0	0	0	0	0	0	0	0	0	0	0	0	0	0	0	0	0	0	0	0	0	0	0	0	0	0	0	0	0	0	0	0	0	0	0	0	0	0	0	
262544	Frontal_Inf_Oper_L	13490	272	16062	936	1642	484	9658	574	320	130	0	1130	19170	0	1482	120	7726	0	10224	808	0	0	2758	256	0	0	0	0	18900	1302	2834	1000	816	566	0	0	0	0	0	0	0	0	0	0	0	0	0	0	0	0	0	0	0	0	0	0	4218	0	0	0	328	0	686	0	0	0	0	0	0	0	4932	2016	3522	236	278	0	196	0	538	0	1084	0	578	0	0	0	0	0	0	0	0	0	0	0	0	0	0	0	0	0	0	0	0	0	0	0	0	0	0	0	0	0	0	0	0	0	
150796	Frontal_Inf_Oper_R	128	4176	1456	6584	0	844	566	4786	0	518	1130	0	800	6552	0	2072	0	3408	1788	4892	0	0	0	3032	0	124	0	0	576	15466	236	2008	0	2116	0	0	0	0	0	0	0	0	0	0	0	0	0	0	0	0	0	0	0	0	0	0	0	1418	0	0	0	0	0	0	0	0	0	0	0	0	2788	5106	362	2166	0	0	0	0	0	120	0	180	0	0	0	0	0	0	0	0	0	0	0	0	0	0	0	0	0	0	0	0	0	0	0	0	0	0	0	0	0	0	0	0	0	0	
283808	Frontal_Inf_Tri_L	506	0	20546	196	6374	0	21858	414	4440	0	19170	800	0	0	13122	0	812	0	7424	0	0	0	7268	126	142	0	0	0	25150	836	5676	386	2180	206	0	0	0	0	0	0	0	0	0	0	0	0	0	0	0	0	0	0	0	0	0	0	0	0	0	0	0	0	0	0	0	0	0	0	0	0	2202	456	1170	134	0	0	0	0	0	0	154	0	156	0	0	0	0	0	0	0	0	0	0	0	0	0	0	0	0	0	0	0	0	0	0	0	0	0	0	0	0	0	0	0	0	0	
168460	Frontal_Inf_Tri_R	0	0	0	12622	0	5232	126	11740	0	2994	0	6552	0	0	0	7024	0	386	172	4984	0	0	0	6884	0	172	0	0	0	14692	0	4968	0	1310	0	0	0	0	0	0	0	0	0	0	0	0	0	0	0	0	0	0	0	0	0	0	0	0	0	0	0	0	0	0	0	0	0	0	0	0	272	3324	0	776	0	0	0	0	0	0	0	0	0	0	0	0	0	0	0	0	0	0	0	0	0	0	0	0	0	0	0	0	0	0	0	0	0	0	0	0	0	0	0	0	0	0	
137516	Frontal_Inf_Orb_L	0	0	2294	0	9964	0	2436	0	8362	0	1482	0	13122	0	0	0	1162	0	430	0	2010	0	322	0	0	0	1734	0	15872	0	716	0	132	0	0	0	0	0	0	0	0	0	0	0	0	0	0	0	0	0	0	0	0	0	0	0	0	0	0	0	0	0	0	0	0	0	0	0	0	0	1392	0	3274	0	0	0	0	0	0	0	1462	0	2592	0	0	0	0	0	0	0	0	0	0	0	0	0	0	0	0	0	0	0	0	0	0	0	0	0	0	0	0	0	0	0	0	0	
124040	Frontal_Inf_Orb_R	0	0	0	3552	0	5730	180	1818	0	7656	120	2072	0	7024	0	0	0	308	312	2120	0	922	0	1592	0	138	0	1364	0	14768	0	1076	0	988	0	0	0	0	0	0	0	0	0	0	0	0	0	0	0	0	0	0	0	0	0	0	0	0	0	0	0	0	0	0	0	0	0	0	0	0	734	5246	0	3530	0	0	0	0	0	0	0	0	0	770	0	0	0	0	0	0	0	0	0	0	0	0	0	0	0	0	0	0	0	0	0	0	0	0	0	0	0	0	0	0	0	0	
187728	Rolandic_Oper_L	6048	200	6262	684	172	0	424	220	0	0	7726	0	812	0	1162	0	0	0	3452	556	0	0	0	0	0	0	0	0	22260	0	210	0	0	274	0	0	0	0	0	0	0	0	0	0	0	0	0	0	0	0	1574	0	134	0	0	0	12288	128	0	0	1138	0	2720	0	678	0	0	0	414	0	1694	184	4648	0	314	0	514	266	4924	0	8564	0	1408	0	1488	0	0	0	324	0	0	0	0	0	0	0	0	0	0	0	0	0	0	0	0	0	0	0	0	0	0	0	0	0	0	0	
128680	Rolandic_Oper_R	116	472	192	4960	0	0	0	338	0	0	0	3408	0	386	0	308	0	0	222	4798	0	0	0	154	0	0	0	0	0	17796	0	184	0	256	0	0	0	236	0	0	0	0	0	0	0	0	0	0	0	0	0	0	0	0	0	0	0	3600	0	0	0	1046	0	5894	0	156	0	0	0	0	288	518	0	8104	0	804	0	928	0	2796	0	5254	0	248	0	310	0	212	0	356	0	0	0	0	0	0	0	0	0	0	0	0	0	0	0	0	0	0	0	0	0	0	0	0	0	0	
862340	Supp_Motor_Area_L	20420	700	115574	17854	1466	632	6288	3644	454	0	10224	1788	7424	172	430	312	3452	222	0	38590	706	440	10032	6248	0	0	0	0	16252	1112	10856	6516	23304	31030	3898	2700	2316	634	0	182	0	0	356	324	604	548	0	0	116	402	1618	400	122	0	234	0	4292	736	160	0	1580	0	616	204	0	0	1754	1116	6676	0	8126	6402	16826	696	2782	322	16524	4764	3408	0	1620	0	0	0	1224	0	0	0	746	0	0	0	0	0	0	0	0	0	0	0	0	0	0	0	0	0	0	0	0	0	0	0	0	0	0	0	
961200	Supp_Motor_Area_R	3314	8016	28680	103076	0	2560	3396	8872	0	740	808	4892	0	4984	0	2120	556	4798	38590	0	582	774	1512	31098	0	370	0	0	580	12140	2598	13786	9390	61698	290	3568	0	3888	0	1116	0	378	0	4990	0	3216	0	476	0	3000	0	4202	0	2368	0	1178	1508	6280	0	0	144	136	0	1152	0	296	186	13814	2034	9236	2464	22420	1508	13236	702	2432	2674	16414	0	544	0	762	0	214	0	1596	0	0	0	2248	0	0	0	0	0	0	0	0	0	0	0	0	0	0	0	0	0	0	0	0	0	0	0	0	0	0	
94464	Olfactory_L	0	0	742	600	2368	0	0	0	268	0	0	0	0	0	2010	0	0	0	706	582	0	5062	0	0	322	130	2770	0	2136	0	4860	1686	0	0	0	0	0	0	0	0	148	0	0	0	0	0	0	0	0	0	0	0	0	0	0	0	0	0	0	0	0	0	0	0	0	0	0	0	0	0	9286	5120	5038	634	1230	1342	0	0	0	0	0	0	192	0	0	0	0	0	0	0	0	0	0	0	0	0	0	0	0	0	0	0	0	0	0	0	0	0	0	0	0	0	0	0	0	0	
88700	Olfactory_R	0	0	510	782	0	1050	0	0	0	342	0	0	0	0	0	922	0	0	440	774	5062	0	0	0	0	1088	184	1992	0	1150	2772	3502	0	0	0	0	0	0	0	0	0	0	0	0	0	0	0	0	0	0	0	0	0	0	0	0	0	0	0	0	0	0	0	0	0	0	0	0	0	0	5416	9042	3134	2822	1030	2336	0	0	0	0	0	0	0	0	0	0	0	0	0	0	0	0	0	0	0	0	0	0	0	0	0	0	0	0	0	0	0	0	0	0	0	0	0	0	0	0	
318712	Frontal_Sup_Medial_L	0	0	38472	6592	3194	788	14094	2074	0	0	2758	0	7268	0	322	0	0	0	10032	1512	0	0	0	14062	2042	1406	234	198	6708	0	17434	12382	7116	9328	0	0	0	0	0	0	0	0	0	0	0	0	0	0	0	0	0	0	0	0	0	0	0	0	0	0	0	0	0	0	0	0	0	0	0	0	678	0	662	0	0	0	0	0	0	0	0	0	0	0	0	0	0	0	0	0	0	0	0	0	0	0	0	0	0	0	0	0	0	0	0	0	0	0	0	0	0	0	0	0	0	0	
485192	Frontal_Sup_Medial_R	1006	220	4908	55074	0	7086	2582	13232	0	678	256	3032	126	6884	0	1592	0	154	6248	31098	0	0	14062	0	0	3920	0	0	296	8238	3812	38652	590	22218	0	0	0	0	0	0	0	0	0	0	0	0	0	0	0	0	0	0	0	0	0	0	0	0	0	0	0	0	0	0	0	0	0	0	0	0	2656	10208	138	3630	0	0	0	0	0	0	0	0	0	0	0	0	0	0	0	0	0	0	0	0	0	0	0	0	0	0	0	0	0	0	0	0	0	0	0	0	0	0	0	0	0	0	
36152	Frontal_Med_Orb_L	0	0	626	0	4452	474	0	0	844	0	0	0	142	0	0	0	0	0	0	0	322	0	2042	0	0	1642	2596	426	172	0	4204	0	0	0	0	0	0	0	0	0	0	0	0	0	0	0	0	0	0	0	0	0	0	0	0	0	0	0	0	0	0	0	0	0	0	0	0	0	0	0	134	0	0	0	0	0	0	0	0	0	0	0	0	0	0	0	0	0	0	0	0	0	0	0	0	0	0	0	0	0	0	0	0	0	0	0	0	0	0	0	0	0	0	0	0	0	
95656	Frontal_Med_Orb_R	0	0	128	1988	308	10118	0	0	0	3708	0	124	0	172	0	138	0	0	0	370	130	1088	1406	3920	1642	0	192	4708	0	470	1632	6212	0	164	0	0	0	0	0	0	0	0	0	0	0	0	0	0	0	0	0	0	0	0	0	0	0	0	0	0	0	0	0	0	0	0	0	0	0	0	118	5556	0	3088	0	448	0	0	0	0	0	0	0	0	0	0	0	0	0	0	0	0	0	0	0	0	0	0	0	0	0	0	0	0	0	0	0	0	0	0	0	0	0	0	0	0	
51444	Rectus_L	0	0	0	0	5922	580	0	0	2456	0	0	0	0	0	1734	0	0	0	0	0	2770	184	234	0	2596	192	0	616	918	0	3226	0	0	0	0	0	0	0	0	0	0	0	0	0	0	0	0	0	0	0	0	0	0	0	0	0	0	0	0	0	0	0	0	0	0	0	0	0	0	0	3132	184	978	0	0	0	0	0	0	0	0	0	0	0	0	0	0	0	0	0	0	0	0	0	0	0	0	0	0	0	0	0	0	0	0	0	0	0	0	0	0	0	0	0	0	0	
51280	Rectus_R	0	0	0	0	172	6982	0	0	0	1646	0	0	0	0	0	1364	0	0	0	0	0	1992	198	0	426	4708	616	0	0	890	0	988	0	0	0	0	0	0	0	0	0	0	0	0	0	0	0	0	0	0	0	0	0	0	0	0	0	0	0	0	0	0	0	0	0	0	0	0	0	0	0	2888	0	2770	0	0	0	0	0	0	0	0	0	0	0	0	0	0	0	0	0	0	0	0	0	0	0	0	0	0	0	0	0	0	0	0	0	0	0	0	0	0	0	0	0	0	
522388	Insula_L	4406	144	25936	1014	12346	452	4194	490	3456	0	18900	576	25150	0	15872	0	22260	0	16252	580	2136	0	6708	296	172	0	918	0	0	796	5102	1034	1500	426	186	0	3246	0	772	0	288	0	0	0	0	0	0	0	0	0	1554	0	370	0	2168	0	6820	0	0	0	1156	0	2294	0	0	0	0	0	886	0	5458	1578	21864	202	358	0	494	158	10636	0	14706	0	4454	0	6198	0	282	0	3950	0	0	0	0	0	0	0	0	0	0	0	0	0	0	0	0	0	0	0	0	0	0	0	0	0	0	0	
458836	Insula_R	248	1666	538	17404	0	7036	884	2360	0	4346	1302	15466	836	14692	0	14768	0	17796	1112	12140	0	1150	0	8238	0	470	0	890	796	0	182	6246	0	4174	0	0	0	3230	0	686	0	970	0	0	0	0	0	0	0	0	0	156	0	0	0	1290	0	3268	0	0	0	896	0	3128	0	196	0	0	0	0	3340	10848	304	30118	0	560	0	472	0	6062	0	13566	0	6832	0	2158	0	3810	0	2788	0	0	0	0	0	0	0	0	0	0	0	0	0	0	0	0	0	0	0	0	0	0	0	0	0	0	
303444	Cingulum_Ant_L	222	174	15594	2738	4818	582	3174	890	966	0	2834	236	5676	0	716	0	210	0	10856	2598	4860	2772	17434	3812	4204	1632	3226	0	5102	182	0	12690	10212	3880	0	0	0	0	0	0	0	0	0	0	0	0	0	0	0	0	0	0	0	0	0	0	0	0	0	0	0	0	0	0	0	0	0	0	0	0	12830	4566	7968	1312	1236	1520	0	0	0	0	0	0	0	0	0	0	0	0	0	0	0	0	0	0	0	0	0	0	0	0	0	0	0	0	0	0	0	0	0	0	0	0	0	0	0	0	
482020	Cingulum_Ant_R	1196	0	5188	35160	0	9166	2272	5508	0	2272	1000	2008	386	4968	0	1076	0	184	6516	13786	1686	3502	12382	38652	0	6212	0	988	1034	6246	12690	0	4046	20568	0	0	0	0	0	0	0	0	0	0	0	0	0	0	0	0	0	0	0	0	0	0	0	0	0	0	0	0	0	0	0	0	0	0	0	0	5720	22114	2018	8922	786	2758	0	0	0	0	0	0	0	0	0	0	0	0	0	0	0	0	0	0	0	0	0	0	0	0	0	0	0	0	0	0	0	0	0	0	0	0	0	0	0	0	
258684	Cingulum_Mid_L	4976	236	10774	4398	254	0	2050	868	0	0	816	0	2180	0	132	0	0	0	23304	9390	0	0	7116	590	0	0	0	0	1500	0	10212	4046	0	20124	5250	2898	122	0	0	0	0	0	332	258	458	330	0	0	0	390	1228	482	0	260	0	0	208	0	490	0	206	0	0	0	0	0	4610	2656	2454	1204	1100	178	234	0	0	0	904	124	0	0	0	0	0	0	0	0	0	0	0	0	0	0	0	0	0	0	0	0	0	0	0	0	0	0	0	0	0	0	0	0	0	0	0	0	0	0	
628244	Cingulum_Mid_R	1072	1210	21794	34690	0	1304	2174	4916	0	274	566	2116	206	1310	0	988	274	256	31030	61698	0	0	9328	22218	0	164	0	0	426	4174	3880	20568	20124	0	1226	8774	0	148	0	0	0	0	0	1712	0	3388	0	130	0	4068	0	4804	0	1682	0	178	224	1872	0	180	0	0	0	204	0	156	1480	16464	312	6352	598	7360	460	846	0	144	544	2988	0	0	0	0	0	0	0	672	0	0	0	396	0	0	0	0	0	0	0	0	0	0	0	0	0	0	0	0	0	0	0	0	0	0	0	0	0	0	
128028	Cingulum_Post_L	1292	0	2446	364	0	0	0	164	0	0	0	0	0	0	0	0	0	0	3898	290	0	0	0	0	0	0	0	0	186	0	0	0	5250	1226	0	7760	6970	3516	150	276	0	0	1750	116	472	140	1030	256	0	0	652	0	0	0	604	0	0	0	0	0	0	0	0	0	0	0	7360	3188	316	0	2652	0	722	0	0	0	6638	2532	0	0	0	0	0	0	522	0	0	0	706	178	0	0	0	0	0	0	0	0	0	0	0	0	0	0	0	0	0	0	0	0	392	0	0	0	0	0	
165296	Cingulum_Post_R	0	538	468	1760	0	0	0	366	0	0	0	0	0	0	0	0	0	0	2700	3568	0	0	0	0	0	0	0	0	0	0	0	0	2898	8774	7760	0	3292	6396	170	776	0	0	0	1932	0	1454	226	2132	0	1270	0	980	0	416	0	876	0	0	0	0	0	0	0	0	0	0	1938	16184	240	546	202	196	348	0	0	0	5396	3496	0	0	0	0	0	0	0	1620	0	0	126	2570	0	0	0	0	0	0	0	0	0	0	0	0	0	0	0	0	0	0	0	0	1034	0	0	0	0	0	
210092	Hippocampus_L	372	0	2548	0	0	0	0	0	0	0	0	0	0	0	0	0	0	0	2316	0	0	0	0	0	0	0	0	0	3246	0	0	0	122	0	6970	3292	0	3242	8934	0	4030	0	1340	0	554	0	4214	184	0	0	722	0	692	0	13348	0	278	0	0	0	0	0	0	0	0	0	4960	1240	138	0	0	0	4210	166	644	0	4852	2744	130	0	4456	0	2358	0	8608	0	974	0	12790	0	372	0	0	0	0	0	0	0	0	0	0	0	0	0	0	0	0	0	0	0	0	0	0	0	0	0	
345616	Hippocampus_R	126	164	300	2814	0	0	0	0	0	0	0	0	0	0	0	0	0	236	634	3888	0	0	0	0	0	0	0	0	0	3230	0	0	0	148	3516	6396	3242	0	216	23292	0	16358	0	280	0	134	262	2502	0	280	0	354	0	0	0	32054	0	166	0	0	0	0	0	0	0	0	154	4288	0	0	0	0	502	11032	160	222	3438	7458	0	0	0	1062	0	4756	0	6088	0	3064	120	28488	0	928	0	0	0	0	0	248	0	0	0	0	0	0	0	0	0	0	0	0	208	0	0	0	0	0	
80072	ParaHippocampal_L	0	0	0	0	0	0	0	0	0	0	0	0	0	0	0	0	0	0	0	0	0	0	0	0	0	0	0	0	772	0	0	0	0	0	150	170	8934	216	0	0	920	0	700	0	272	0	6178	0	0	0	2118	0	1108	0	8902	0	0	0	0	0	0	0	0	0	0	0	1278	160	0	0	0	0	914	0	136	0	520	232	0	0	348	0	1588	0	936	0	1290	0	1724	0	146	0	0	0	0	0	180	0	144	0	0	0	0	0	0	0	0	0	0	0	0	0	0	0	0	0	
204496	ParaHippocampal_R	0	0	0	800	0	0	0	0	0	0	0	0	0	0	0	0	0	0	182	1116	0	0	0	0	0	0	0	0	0	686	0	0	0	0	276	776	0	23292	0	0	0	11366	0	446	0	0	0	7596	0	0	0	246	0	314	0	24296	0	0	0	0	0	0	0	0	0	0	0	3794	0	0	0	0	0	2838	0	0	320	1672	0	0	0	0	0	4596	0	1102	0	3242	0	9900	0	682	0	0	0	0	0	1908	0	246	0	0	0	0	0	0	0	0	0	0	556	0	0	0	0	0	
15300	Amygdala_L	0	0	0	0	0	0	0	0	0	0	0	0	0	0	0	0	0	0	0	0	148	0	0	0	0	0	0	0	288	0	0	0	0	0	0	0	4030	0	920	0	0	0	0	0	0	0	0	0	0	0	0	0	0	0	1014	0	0	0	0	0	0	0	0	0	0	0	0	0	0	0	0	0	358	0	0	0	0	0	0	0	0	0	410	0	0	0	224	0	258	0	0	0	0	0	0	0	0	0	0	0	0	0	0	0	0	0	0	0	0	0	0	0	0	0	0	0	
115156	Amygdala_R	0	0	0	374	0	0	0	0	0	0	0	0	0	0	0	0	0	0	0	378	0	0	0	0	0	0	0	0	0	970	0	0	0	0	0	0	0	16358	0	11366	0	0	0	0	0	0	0	152	0	0	0	0	0	0	0	8942	0	0	0	0	0	0	0	0	0	0	0	0	0	0	0	0	0	4368	0	0	0	0	0	0	0	0	0	5840	0	586	0	3394	0	4850	0	0	0	0	0	0	0	0	0	0	0	0	0	0	0	0	0	0	0	0	0	0	0	0	0	0	
211144	Calcarine_L	348	0	350	0	0	0	0	0	0	0	0	0	0	0	0	0	0	0	356	0	0	0	0	0	0	0	0	0	0	0	0	0	332	0	1750	0	1340	0	700	0	0	0	0	6316	14900	2192	18156	3184	8074	742	20886	0	5512	0	3004	226	0	0	0	0	0	0	0	0	0	0	14188	606	352	0	0	0	0	0	0	0	0	0	0	0	0	0	0	0	0	0	0	0	0	0	0	0	0	0	0	0	628	0	332	154	0	0	0	0	0	0	0	0	0	0	692	252	0	0	0	0	
309380	Calcarine_R	0	974	0	202	0	0	0	0	0	0	0	0	0	0	0	0	0	0	324	4990	0	0	0	0	0	0	0	0	0	0	0	0	258	1712	116	1932	0	280	0	446	0	0	6316	0	2868	21556	1208	20396	284	18874	0	14584	0	8728	0	8468	0	0	0	0	0	0	0	0	0	0	4042	22964	0	2590	0	0	0	0	0	0	0	0	0	0	0	0	0	0	0	5338	0	0	0	3468	0	0	0	0	0	0	152	190	0	256	0	0	0	0	0	0	0	0	0	0	520	654	0	0	0	0	
192972	Cuneus_L	574	0	582	0	0	0	0	0	0	0	0	0	0	0	0	0	0	0	604	0	0	0	0	0	0	0	0	0	0	0	0	0	458	0	472	0	554	0	272	0	0	0	14900	2868	0	5478	2498	0	24134	1068	15322	0	176	0	762	0	0	0	1580	0	542	0	0	0	0	0	21110	1988	544	0	0	0	0	0	0	0	0	0	0	0	0	0	0	0	0	0	0	0	0	0	0	0	0	0	0	0	0	0	0	0	0	0	0	0	0	0	0	0	0	0	0	0	0	0	0	0	
281936	Cuneus_R	0	350	0	0	0	0	0	0	0	0	0	0	0	0	0	0	0	0	548	3216	0	0	0	0	0	0	0	0	0	0	0	0	330	3388	140	1454	0	134	0	0	0	0	2192	21556	5478	0	0	3900	644	35740	0	14774	0	876	0	732	0	1076	154	4042	0	678	0	0	0	420	8506	28532	302	1210	0	0	0	0	0	0	0	0	0	0	0	0	0	0	0	378	0	0	0	218	0	0	0	0	0	0	0	0	0	0	0	0	0	0	0	0	0	0	0	0	0	0	0	0	0	0	
329512	Lingual_L	0	0	0	0	0	0	0	0	0	0	0	0	0	0	0	0	0	0	0	0	0	0	0	0	0	0	0	0	0	0	0	0	0	0	1030	226	4214	262	6178	0	0	0	18156	1208	2498	0	0	3056	3226	0	26414	0	13864	0	17950	1306	0	0	0	0	0	0	0	0	0	0	5428	198	0	0	0	0	0	0	0	0	628	368	0	0	0	0	0	0	348	0	0	0	222	0	1362	2440	126	194	524	184	13418	3698	9584	4712	0	0	0	968	756	2538	372	1240	0	0	7684	5134	1126	0	404	1512	
225740	Lingual_R	0	0	0	200	0	0	0	0	0	0	0	0	0	0	0	0	0	0	0	476	0	0	0	0	0	0	0	0	0	0	0	0	0	130	256	2132	184	2502	0	7596	0	152	3184	20396	0	3900	3056	0	0	4832	0	3940	0	7590	204	17182	0	0	0	0	0	0	0	0	0	0	288	9264	0	0	0	0	0	124	0	0	0	740	0	0	0	0	0	0	0	1280	0	0	0	2788	0	1498	0	0	0	156	1580	4158	1194	4590	0	0	0	0	0	0	0	0	0	212	4532	2432	122	0	0	0	
162504	Occipital_Sup_L	0	0	0	0	0	0	0	0	0	0	0	0	0	0	0	0	0	0	116	0	0	0	0	0	0	0	0	0	0	0	0	0	0	0	0	0	0	0	0	0	0	0	8074	284	24134	644	3226	0	0	0	23062	0	496	0	272	0	0	0	4334	0	2684	0	0	0	0	0	13272	654	0	0	0	0	0	0	0	0	0	0	0	0	0	0	0	0	0	0	0	0	0	0	0	0	0	0	0	0	0	0	0	0	0	0	0	0	0	0	0	0	0	0	0	0	0	0	0	0	
308656	Occipital_Sup_R	0	396	0	0	0	0	0	0	0	0	0	0	0	0	0	0	0	0	402	3000	0	0	0	0	0	0	0	0	0	0	0	0	390	4068	0	1270	0	280	0	0	0	0	742	18874	1068	35740	0	4832	0	0	0	27692	0	2246	0	1340	0	2310	0	9394	0	2274	0	0	0	4898	3440	24488	244	1902	0	0	0	0	0	0	0	0	0	0	0	0	0	0	0	1720	0	0	0	1318	0	0	0	0	0	0	0	0	0	0	0	0	0	0	0	0	0	0	0	0	0	0	0	0	0	0	
475644	Occipital_Mid_L	2142	0	1960	0	0	0	0	0	0	0	0	0	0	0	0	0	1574	0	1618	0	0	0	0	0	0	0	0	0	1554	0	0	0	1228	0	652	0	722	0	2118	0	0	0	20886	0	15322	0	26414	0	23062	0	0	0	25880	0	15494	0	4286	0	4160	0	11982	0	3154	0	13822	0	15500	316	2084	0	0	0	0	0	0	0	0	0	650	0	1884	0	0	0	24196	0	0	0	10446	0	1050	0	0	0	0	0	1360	0	1978	144	0	0	0	0	0	0	0	0	0	0	0	184	0	0	0	0	
304536	Occipital_Mid_R	0	306	0	244	0	0	0	0	0	0	0	0	0	0	0	0	0	0	400	4202	0	0	0	0	0	0	0	0	0	156	0	0	482	4804	0	980	0	354	0	246	0	0	0	14584	0	14774	0	3940	0	27692	0	0	0	7422	0	4136	0	1454	0	1432	0	3916	0	564	0	15638	514	17094	346	2458	0	0	0	136	0	0	0	0	0	160	0	898	0	0	0	19198	0	0	0	3738	0	0	0	0	0	0	0	0	0	0	0	0	0	0	0	0	0	0	0	0	0	0	0	0	0	0	
208456	Occipital_Inf_L	154	0	0	0	0	0	0	0	0	0	0	0	0	0	0	0	134	0	122	0	0	0	0	0	0	0	0	0	370	0	0	0	0	0	0	0	692	0	1108	0	0	0	5512	0	176	0	13864	0	496	0	25880	0	0	0	19058	152	1100	0	0	0	742	0	604	0	720	0	150	0	462	0	0	0	0	0	0	0	0	0	208	0	748	0	122	0	7904	0	0	0	9952	0	2562	0	0	0	128	0	2912	0	5546	494	0	0	128	0	676	298	0	0	0	0	174	714	0	0	166	0	
122160	Occipital_Inf_R	0	412	0	190	0	0	0	0	0	0	0	0	0	0	0	0	0	0	0	2368	0	0	0	0	0	0	0	0	0	0	0	0	260	1682	0	416	0	0	0	314	0	0	0	8728	0	876	0	7590	0	2246	0	7422	0	0	0	13000	0	410	0	0	0	0	0	0	0	0	0	5546	0	2336	0	0	0	0	0	0	0	0	0	0	0	0	0	0	0	2158	0	0	0	4784	0	0	0	0	0	0	0	0	0	342	0	0	0	0	0	0	0	0	0	0	0	0	0	0	0	0	
417032	Fusiform_L	0	0	142	0	0	0	0	0	0	0	0	0	0	0	0	0	0	0	234	0	0	0	0	0	0	0	0	0	2168	0	0	0	0	0	604	0	13348	0	8902	0	1014	0	3004	0	762	0	17950	204	272	0	15494	0	19058	0	0	1010	150	0	0	0	192	0	252	0	0	0	1348	0	0	0	0	0	1040	0	0	0	262	0	260	0	2318	0	6536	0	8908	0	4464	0	21010	0	10044	732	194	0	2718	0	20660	768	30002	2192	126	0	576	0	1774	458	1786	0	0	462	1730	2600	472	0	184	132	
479140	Fusiform_R	0	0	0	820	0	0	0	0	0	0	0	0	0	0	0	0	0	0	0	1178	0	0	0	0	0	0	0	0	0	1290	0	0	0	178	0	876	0	32054	0	24296	0	8942	226	8468	0	732	1306	17182	0	1340	0	4136	152	13000	1010	0	0	0	0	0	0	0	0	0	0	0	0	4682	0	202	0	0	0	4738	0	0	0	758	0	128	0	946	0	3690	0	5492	0	3128	0	35920	330	3134	0	0	364	5572	2414	15042	1728	19170	0	0	0	744	128	760	0	652	352	3462	6784	1594	120	180	0	170	
234988	Postcentral_L	22544	1142	8126	2372	0	0	636	1106	0	0	4218	0	0	0	0	0	12288	0	4292	1508	0	0	0	0	0	0	0	0	6820	0	0	0	208	224	0	0	278	0	0	0	0	0	0	0	0	0	0	0	0	0	4286	0	1100	0	150	0	0	152	6126	0	14226	0	6688	0	1408	0	1700	0	2932	0	486	288	1486	0	186	0	588	166	2686	0	2764	0	0	0	2460	0	0	0	1854	0	0	0	0	0	0	0	0	0	0	0	0	0	0	0	0	0	0	0	0	0	0	0	0	0	0	0	
191540	Postcentral_R	202	19264	742	7378	0	0	0	2990	0	0	0	1418	0	0	0	0	128	3600	736	6280	0	0	0	0	0	0	0	0	0	3268	0	0	0	1872	0	0	0	166	0	0	0	0	0	0	0	1076	0	0	0	2310	0	1454	0	410	0	0	152	0	0	6230	0	4068	0	9770	0	948	126	6906	0	5542	568	186	538	2576	320	374	406	536	0	776	0	1124	0	0	0	890	0	0	0	440	0	0	0	0	0	0	0	0	0	0	0	0	0	0	0	0	0	0	0	0	0	0	0	0	0	0	
75508	Parietal_Sup_L	204	0	150	0	0	0	0	0	0	0	0	0	0	0	0	0	0	0	160	0	0	0	0	0	0	0	0	0	0	0	0	0	490	0	0	0	0	0	0	0	0	0	0	0	1580	154	0	0	4334	0	4160	0	0	0	0	0	6126	0	0	0	7914	0	0	0	502	0	10918	214	848	0	0	0	0	0	0	0	0	0	0	0	0	0	0	0	0	0	0	0	0	0	0	0	0	0	0	0	0	0	0	0	0	0	0	0	0	0	0	0	0	0	0	0	0	0	0	0	
79944	Parietal_Sup_R	0	238	0	0	0	0	0	0	0	0	0	0	0	0	0	0	0	0	0	0	0	0	0	0	0	0	0	0	0	0	0	0	0	180	0	0	0	0	0	0	0	0	0	0	0	4042	0	0	0	9394	0	1432	0	0	0	0	0	6230	0	0	0	4876	0	0	0	3408	206	8794	0	1172	0	0	0	0	0	0	0	0	0	0	0	0	0	0	0	0	0	0	0	0	0	0	0	0	0	0	0	0	0	0	0	0	0	0	0	0	0	0	0	0	0	0	0	0	0	0	
184320	Parietal_Inf_L	4058	0	2416	150	0	0	172	0	0	0	328	0	0	0	0	0	1138	0	1580	144	0	0	0	0	0	0	0	0	1156	0	0	0	206	0	0	0	0	0	0	0	0	0	0	0	542	0	0	0	2684	0	11982	0	742	0	192	0	14226	0	7914	0	0	0	17416	0	15260	0	982	0	1006	0	0	0	0	0	0	0	0	0	248	0	1442	0	0	0	4796	0	0	0	1380	0	0	0	0	0	0	0	0	0	0	0	0	0	0	0	0	0	0	0	0	0	0	0	0	0	0	0	
74056	Parietal_Inf_R	0	0	0	118	0	0	0	0	0	0	0	0	0	0	0	0	0	1046	0	136	0	0	0	0	0	0	0	0	0	896	0	0	0	0	0	0	0	0	0	0	0	0	0	0	0	678	0	0	0	2274	0	3916	0	0	0	0	0	4068	0	4876	0	0	0	6958	0	8528	0	966	0	0	0	0	0	188	0	0	0	0	0	468	0	804	0	0	0	844	0	0	0	264	0	0	0	0	0	0	0	0	0	0	0	0	0	0	0	0	0	0	0	0	0	0	0	0	0	0	
119740	SupraMarginal_L	2960	0	1176	0	0	0	564	0	0	0	686	0	0	0	0	0	2720	0	616	0	0	0	0	0	0	0	0	0	2294	0	0	0	0	0	0	0	0	0	0	0	0	0	0	0	0	0	0	0	0	0	3154	0	604	0	252	0	6688	0	0	0	17416	0	0	0	5908	0	0	0	542	0	0	0	0	0	0	0	0	0	398	0	6504	0	0	0	6162	0	0	0	1226	0	0	0	0	0	0	0	0	0	0	0	0	0	0	0	0	0	0	0	0	0	0	0	0	0	0	0	
92356	SupraMarginal_R	0	206	204	1174	0	0	0	0	0	0	0	0	0	0	0	0	0	5894	204	1152	0	0	0	0	0	0	0	0	0	3128	0	0	0	204	0	0	0	0	0	0	0	0	0	0	0	0	0	0	0	0	0	564	0	0	0	0	0	9770	0	0	0	6958	0	0	0	2950	0	0	0	0	0	0	0	1136	0	362	158	248	0	1472	0	6696	0	0	0	1968	0	0	0	1730	0	0	0	0	0	0	0	0	0	0	0	0	0	0	0	0	0	0	0	0	0	0	0	0	0	0	
104488	Angular_L	0	0	0	0	0	0	0	0	0	0	0	0	0	0	0	0	678	0	0	0	0	0	0	0	0	0	0	0	0	0	0	0	0	0	0	0	0	0	0	0	0	0	0	0	0	0	0	0	0	0	13822	0	720	0	0	0	1408	0	502	0	15260	0	5908	0	0	0	0	0	640	0	0	0	0	0	0	0	0	0	0	0	1538	0	0	0	10638	0	0	0	1130	0	0	0	0	0	0	0	0	0	0	0	0	0	0	0	0	0	0	0	0	0	0	0	0	0	0	0	
98604	Angular_R	0	218	0	0	0	0	0	0	0	0	0	0	0	0	0	0	0	156	0	296	0	0	0	0	0	0	0	0	0	196	0	0	0	156	0	0	0	0	0	0	0	0	0	0	0	420	0	0	0	4898	0	15638	0	0	0	0	0	948	0	3408	0	8528	0	2950	0	0	0	516	0	0	0	0	0	0	0	0	0	0	0	0	0	3264	0	0	0	7338	0	0	0	372	0	0	0	0	0	0	0	0	0	0	0	0	0	0	0	0	0	0	0	0	0	0	0	0	0	0	
292056	Precuneus_L	1576	0	1544	0	0	0	0	0	0	0	0	0	0	0	0	0	0	0	1754	186	0	0	0	0	0	0	0	0	0	0	0	0	4610	1480	7360	1938	4960	154	1278	0	0	0	14188	4042	21110	8506	5428	288	13272	3440	15500	514	150	0	1348	0	1700	126	10918	206	982	0	0	0	0	0	0	12582	3958	0	0	0	0	0	0	0	132	0	0	0	0	0	0	0	212	0	0	0	138	0	0	0	0	0	0	0	180	0	0	0	0	0	0	0	0	0	0	0	0	0	268	0	0	0	0	0	
482112	Precuneus_R	0	2218	0	604	0	0	0	0	0	0	0	0	0	0	0	0	0	0	1116	13814	0	0	0	0	0	0	0	0	0	0	0	0	2656	16464	3188	16184	1240	4288	160	3794	0	0	606	22964	1988	28532	198	9264	654	24488	316	17094	0	5546	0	4682	0	6906	214	8794	0	966	0	0	0	516	12582	0	668	12690	0	0	0	166	0	0	674	1266	0	0	0	0	0	0	0	5518	0	0	0	6332	0	0	0	0	0	0	0	130	0	0	0	0	0	0	0	0	0	0	0	0	1576	0	0	0	0	0	
104944	Paracentral_Lobule_L	9306	0	6260	0	0	0	0	0	0	0	0	0	0	0	0	0	414	0	6676	2034	0	0	0	0	0	0	0	0	886	0	0	0	2454	312	316	240	138	0	0	0	0	0	352	0	544	302	0	0	0	244	2084	346	462	0	0	0	2932	0	848	0	1006	0	542	0	640	0	3958	668	0	616	0	0	0	0	0	0	0	0	0	0	412	0	0	0	6320	0	0	0	1160	0	0	0	0	0	0	0	0	0	0	0	0	0	0	0	0	0	0	0	0	0	0	0	0	0	0	0	
103124	Paracentral_Lobule_R	0	2794	0	146	0	0	0	0	0	0	0	0	0	0	0	0	0	0	0	9236	0	0	0	0	0	0	0	0	0	0	0	0	1204	6352	0	546	0	0	0	0	0	0	0	2590	0	1210	0	0	0	1902	0	2458	0	2336	0	202	0	5542	0	1172	0	0	0	0	0	0	0	12690	616	0	0	0	0	0	0	0	0	0	0	0	0	0	0	0	0	396	0	0	0	170	0	0	0	0	0	0	0	0	0	0	0	0	0	0	0	0	0	0	0	0	0	0	0	0	0	0	
342268	Caudate_L	3708	4416	9362	5584	3346	1334	7820	4792	1634	270	4932	2788	2202	272	1392	734	1694	288	8126	2464	9286	5416	678	2656	134	118	3132	0	5458	3340	12830	5720	1100	598	2652	202	0	0	0	0	0	0	0	0	0	0	0	0	0	0	0	0	0	0	0	0	486	568	0	0	0	0	0	0	0	0	0	0	0	0	0	17846	17698	3686	3856	1492	3730	868	172	0	254	0	0	0	0	0	0	0	0	0	0	0	0	0	0	0	0	0	0	0	0	0	0	0	0	0	0	0	0	0	0	0	0	0	0	0	
499160	Caudate_R	2828	782	5642	24086	0	12104	4912	1634	0	4376	2016	5106	456	3324	0	5246	184	518	6402	22420	5120	9042	0	10208	0	5556	184	2888	1578	10848	4566	22114	178	7360	0	196	0	0	0	0	0	0	0	0	0	0	0	0	0	0	0	0	0	0	0	0	288	186	0	0	0	0	0	0	0	0	0	0	0	0	17846	0	5152	23672	1712	5106	1884	11860	0	0	0	0	0	0	0	0	0	0	0	0	0	0	0	0	0	0	0	0	0	0	0	0	0	0	0	0	0	0	0	0	0	0	0	0	0	0	
358360	Putamen_L	1782	1494	27586	1794	5872	0	762	1046	2572	0	3522	362	1170	0	3274	0	4648	0	16826	1508	5038	3134	662	138	0	0	978	0	21864	304	7968	2018	234	460	722	348	4210	502	914	0	358	0	0	0	0	0	0	0	0	0	0	0	0	0	1040	0	1486	538	0	0	0	0	0	0	0	0	0	0	0	0	17698	5152	0	870	10476	1288	9194	968	2482	0	1258	0	564	0	1020	0	116	0	960	0	0	0	0	0	0	0	0	0	0	0	0	0	0	0	0	0	0	0	0	0	0	0	0	0	0	0	
390020	Putamen_R	1044	1634	872	14680	0	7588	2856	578	0	2870	236	2166	134	776	0	3530	0	8104	696	13236	634	2822	0	3630	0	3088	0	2770	202	30118	1312	8922	0	846	0	0	166	11032	0	2838	0	4368	0	0	0	0	0	124	0	0	0	136	0	0	0	4738	0	2576	0	0	0	188	0	1136	0	0	0	166	0	0	3686	23672	870	0	498	6222	0	4710	0	482	0	1916	0	1380	0	2164	0	434	0	5938	0	226	0	0	0	0	0	0	0	0	0	0	0	0	0	0	0	0	0	0	0	0	0	0	0	0	
81216	Pallidum_L	128	848	7454	994	0	0	386	470	0	0	278	0	0	0	0	0	314	0	2782	702	1230	1030	0	0	0	0	0	0	358	0	1236	786	0	0	0	0	644	160	136	0	0	0	0	0	0	0	0	0	0	0	0	0	0	0	0	0	186	320	0	0	0	0	0	0	0	0	0	0	0	0	3856	1712	10476	498	0	640	2584	400	0	0	0	0	0	0	0	0	0	0	0	0	0	0	0	0	0	0	0	0	0	0	0	0	0	0	0	0	0	0	0	0	0	0	0	0	0	0	
65264	Pallidum_R	0	0	374	2534	0	468	0	288	0	184	0	0	0	0	0	0	0	804	322	2432	1342	2336	0	0	0	448	0	0	0	560	1520	2758	0	144	0	0	0	222	0	0	0	0	0	0	0	0	0	0	0	0	0	0	0	0	0	0	0	374	0	0	0	0	0	362	0	0	0	0	0	0	1492	5106	1288	6222	640	0	0	412	0	0	0	0	0	0	0	0	0	0	0	0	0	0	0	0	0	0	0	0	0	0	0	0	0	0	0	0	0	0	0	0	0	0	0	0	0	0	
199404	Thalamus_L	370	1292	17842	2154	0	0	190	402	0	0	196	0	0	0	0	0	514	0	16524	2674	0	0	0	0	0	0	0	0	494	0	0	0	904	544	6638	5396	4852	3438	520	320	0	0	0	0	0	0	628	0	0	0	0	0	0	0	262	0	588	406	0	0	0	0	0	158	0	0	132	674	0	0	3730	1884	9194	0	2584	0	0	12024	0	0	342	0	0	0	970	0	0	0	738	124	0	0	0	0	0	0	0	0	0	0	0	0	0	0	0	0	0	0	0	0	0	0	0	0	0	0	
193416	Thalamus_R	422	1004	3826	9384	0	0	260	342	0	0	0	0	0	0	0	0	266	928	4764	16414	0	0	0	0	0	0	0	0	158	472	0	0	124	2988	2532	3496	2744	7458	232	1672	0	0	0	0	0	0	368	740	0	0	0	0	0	0	0	758	166	536	0	0	0	0	0	248	0	0	0	1266	0	0	868	11860	968	4710	400	412	12024	0	0	0	0	0	0	0	0	440	0	0	128	1330	0	0	0	0	0	0	0	0	0	0	0	0	0	0	0	0	0	0	0	0	0	0	0	0	0	0	
79640	Heschl_L	716	0	3416	0	0	0	0	0	0	0	538	0	0	0	0	0	4924	0	3408	0	0	0	0	0	0	0	0	0	10636	0	0	0	0	0	0	0	130	0	0	0	0	0	0	0	0	0	0	0	0	0	650	0	208	0	260	0	2686	0	0	0	248	0	398	0	0	0	0	0	0	0	172	0	2482	0	0	0	0	0	0	0	6182	0	0	0	2052	0	0	0	714	0	0	0	0	0	0	0	0	0	0	0	0	0	0	0	0	0	0	0	0	0	0	0	0	0	0	0	
51204	Heschl_R	0	0	0	490	0	0	0	0	0	0	0	120	0	0	0	0	0	2796	0	544	0	0	0	0	0	0	0	0	0	6062	0	0	0	0	0	0	0	0	0	0	0	0	0	0	0	0	0	0	0	0	0	160	0	0	0	128	0	776	0	0	0	468	0	1472	0	0	0	0	0	0	0	0	0	482	0	0	0	0	0	0	0	9390	0	250	0	1704	0	0	0	760	0	0	0	0	0	0	0	0	0	0	0	0	0	0	0	0	0	0	0	0	0	0	0	0	0	0	
195372	Temporal_Sup_L	788	0	1308	0	0	0	0	0	0	0	1084	0	154	0	1462	0	8564	0	1620	0	0	0	0	0	0	0	0	0	14706	0	0	0	0	0	0	0	4456	0	348	0	0	0	0	0	0	0	0	0	0	0	1884	0	748	0	2318	0	2764	0	0	0	1442	0	6504	0	1538	0	0	0	412	0	254	0	1258	0	0	0	342	0	6182	0	0	0	6646	0	20696	0	1680	0	8528	0	0	0	0	0	0	0	0	0	0	0	0	0	0	0	0	0	0	0	0	0	0	0	0	0	0	0	
168544	Temporal_Sup_R	0	244	0	706	0	0	0	0	0	0	0	180	0	0	0	0	0	5254	0	762	0	0	0	0	0	0	0	0	0	13566	0	0	0	0	0	0	0	1062	0	0	0	0	0	0	0	0	0	0	0	0	0	898	0	0	0	946	0	1124	0	0	0	804	0	6696	0	3264	0	0	0	0	0	0	0	1916	0	0	0	0	0	9390	0	0	0	4432	0	22022	0	6048	0	4958	0	0	0	0	0	0	0	0	0	0	0	0	0	0	0	0	0	0	0	0	0	0	0	0	0	0	
92948	Temporal_Pole_Sup_L	0	0	0	0	244	0	0	0	0	0	578	0	156	0	2592	0	1408	0	0	0	192	0	0	0	0	0	0	0	4454	0	0	0	0	0	0	0	2358	0	1588	0	410	0	0	0	0	0	0	0	0	0	0	0	122	0	6536	0	0	0	0	0	0	0	0	0	0	0	0	0	0	0	0	0	564	0	0	0	0	0	0	0	6646	0	0	0	6242	0	8336	0	4048	0	0	0	0	0	0	0	0	0	0	0	0	0	0	0	0	0	0	0	0	0	0	0	0	0	0	0	
98040	Temporal_Pole_Sup_R	0	0	0	210	0	0	0	0	0	0	0	0	0	0	0	770	0	248	0	214	0	0	0	0	0	0	0	0	0	6832	0	0	0	0	0	0	0	4756	0	4596	0	5840	0	0	0	0	0	0	0	0	0	0	0	0	0	3690	0	0	0	0	0	0	0	0	0	0	0	0	0	0	0	0	0	1380	0	0	0	0	0	250	0	4432	0	0	0	1396	0	12066	0	2340	0	0	0	0	0	0	0	0	0	0	0	0	0	0	0	0	0	0	0	0	0	0	0	0	0	0	
343276	Temporal_Mid_L	494	0	750	0	0	0	0	0	0	0	0	0	0	0	0	0	1488	0	1224	0	0	0	0	0	0	0	0	0	6198	0	0	0	0	0	522	0	8608	0	936	0	0	0	0	0	0	0	348	0	0	0	24196	0	7904	0	8908	0	2460	0	0	0	4796	0	6162	0	10638	0	212	0	6320	0	0	0	1020	0	0	0	970	0	2052	0	20696	0	6242	0	0	0	4404	0	44090	0	0	0	0	0	0	0	0	0	0	0	0	0	0	0	0	0	0	0	0	0	0	0	0	0	0	0	
258788	Temporal_Mid_R	0	222	0	918	0	0	0	0	0	0	0	0	0	0	0	0	0	310	0	1596	0	0	0	0	0	0	0	0	0	2158	0	0	0	672	0	1620	0	6088	0	1102	0	586	0	5338	0	378	0	1280	0	1720	0	19198	0	2158	0	5492	0	890	0	0	0	844	0	1968	0	7338	0	5518	0	396	0	0	0	2164	0	0	0	440	0	1704	0	22022	0	1396	0	0	0	5370	0	28508	0	0	0	0	0	0	0	0	0	0	0	0	0	0	0	0	0	0	0	0	0	0	0	0	0	0	
49032	Temporal_Pole_Mid_L	0	0	0	0	0	0	0	0	0	0	0	0	0	0	0	0	0	0	0	0	0	0	0	0	0	0	0	0	282	0	0	0	0	0	0	0	974	0	1290	0	224	0	0	0	0	0	0	0	0	0	0	0	0	0	4464	0	0	0	0	0	0	0	0	0	0	0	0	0	0	0	0	0	116	0	0	0	0	0	0	0	1680	0	8336	0	4404	0	0	0	2746	0	0	0	0	0	0	0	0	0	0	0	0	0	0	0	0	0	0	0	0	0	0	0	0	0	0	0	
87364	Temporal_Pole_Mid_R	0	0	0	0	0	0	0	0	0	0	0	0	0	0	0	0	0	212	0	0	0	0	0	0	0	0	0	0	0	3810	0	0	0	0	0	0	0	3064	0	3242	0	3394	0	0	0	0	0	0	0	0	0	0	0	0	0	3128	0	0	0	0	0	0	0	0	0	0	0	0	0	0	0	0	0	434	0	0	0	0	0	0	0	6048	0	12066	0	5370	0	0	0	2914	0	0	0	0	0	0	0	0	0	0	0	0	0	0	0	0	0	0	0	0	0	0	0	0	0	0	
267160	Temporal_Inf_L	286	0	444	0	0	0	0	0	0	0	0	0	0	0	0	0	324	0	746	0	0	0	0	0	0	0	0	0	3950	0	0	0	0	0	706	126	12790	120	1724	0	258	0	0	0	0	0	222	0	0	0	10446	0	9952	0	21010	0	1854	0	0	0	1380	0	1226	0	1130	0	138	0	1160	0	0	0	960	0	0	0	738	128	714	0	8528	0	4048	0	44090	0	2746	0	0	0	1344	0	0	0	0	0	0	0	292	0	0	0	0	0	0	0	0	0	0	0	0	0	0	0	0	0	
327192	Temporal_Inf_R	0	178	0	1832	0	0	0	0	0	0	0	0	0	0	0	0	0	356	0	2248	0	0	0	0	0	0	0	0	0	2788	0	0	0	396	178	2570	0	28488	0	9900	0	4850	0	3468	0	218	0	2788	0	1318	0	3738	0	4784	0	35920	0	440	0	0	0	264	0	1730	0	372	0	6332	0	170	0	0	0	5938	0	0	124	1330	0	760	0	4958	0	2340	0	28508	0	2914	0	0	0	1398	0	0	0	0	0	0	0	0	0	0	0	0	0	0	0	0	0	0	0	0	0	0	0	0	
326136	Cerebelum_Crus1_L	0	0	0	0	0	0	0	0	0	0	0	0	0	0	0	0	0	0	0	0	0	0	0	0	0	0	0	0	0	0	0	0	0	0	0	0	372	0	146	0	0	0	0	0	0	0	1362	0	0	0	1050	0	2562	0	10044	330	0	0	0	0	0	0	0	0	0	0	0	0	0	0	0	0	0	0	0	0	0	0	0	0	0	0	0	0	0	0	0	0	1344	0	0	2680	24088	3868	300	0	7296	0	38768	1232	12036	162	25722	1164	11872	1284	1842	0	0	0	0	4114	6180	2048	1202	0	
301416	Cerebelum_Crus1_R	0	0	0	0	0	0	0	0	0	0	0	0	0	0	0	0	0	0	0	0	0	0	0	0	0	0	0	0	0	0	0	0	0	0	0	0	0	928	0	682	0	0	0	0	0	0	2440	1498	0	0	0	0	0	0	732	3134	0	0	0	0	0	0	0	0	0	0	0	0	0	0	0	0	0	226	0	0	0	0	0	0	0	0	0	0	0	0	0	0	0	1398	2680	0	2048	18016	0	2320	738	9632	5028	40380	584	1278	962	18906	134	10274	0	1620	0	142	1154	8128	9892	3320	2296	138	
189168	Cerebelum_Crus2_L	0	0	0	0	0	0	0	0	0	0	0	0	0	0	0	0	0	0	0	0	0	0	0	0	0	0	0	0	0	0	0	0	0	0	0	0	0	0	0	0	0	0	0	0	0	0	126	0	0	0	0	0	0	0	194	0	0	0	0	0	0	0	0	0	0	0	0	0	0	0	0	0	0	0	0	0	0	0	0	0	0	0	0	0	0	0	0	0	0	0	24088	2048	0	9566	0	0	0	0	2054	0	19464	3798	15368	1358	1424	482	0	0	0	0	0	694	9636	4140	144	0	
198756	Cerebelum_Crus2_R	0	0	0	0	0	0	0	0	0	0	0	0	0	0	0	0	0	0	0	0	0	0	0	0	0	0	0	0	0	0	0	0	0	0	0	0	0	0	0	0	0	0	0	0	0	0	194	0	0	0	0	0	0	0	0	0	0	0	0	0	0	0	0	0	0	0	0	0	0	0	0	0	0	0	0	0	0	0	0	0	0	0	0	0	0	0	0	0	0	0	3868	18016	9566	0	0	0	0	0	996	2248	6326	9574	6360	17098	150	3480	0	0	0	0	0	1550	13414	6056	482	0	
34452	Cerebelum_3_L	0	0	0	0	0	0	0	0	0	0	0	0	0	0	0	0	0	0	0	0	0	0	0	0	0	0	0	0	0	0	0	0	0	0	0	0	0	0	0	0	0	0	0	0	0	0	524	0	0	0	0	0	128	0	2718	364	0	0	0	0	0	0	0	0	0	0	0	0	0	0	0	0	0	0	0	0	0	0	0	0	0	0	0	0	0	0	0	0	0	0	300	0	0	0	0	0	5604	340	2908	366	0	0	0	0	1122	124	0	0	428	1360	940	0	0	0	0	0	
62000	Cerebelum_3_R	0	0	0	0	0	0	0	0	0	0	0	0	0	0	0	0	0	0	0	0	0	0	0	0	0	0	0	0	0	0	0	0	0	0	0	0	0	0	0	0	0	0	0	0	0	0	184	156	0	0	0	0	0	0	0	5572	0	0	0	0	0	0	0	0	0	0	0	0	0	0	0	0	0	0	0	0	0	0	0	0	0	0	0	0	0	0	0	0	0	0	0	2320	0	0	0	0	422	8660	0	8342	0	0	0	0	0	788	0	162	544	3184	666	0	0	0	0	0	
256532	Cerebelum_4_5_L	0	0	0	0	0	0	0	0	0	0	0	0	0	0	0	0	0	0	0	0	0	0	0	0	0	0	0	0	0	0	0	0	0	0	0	0	0	0	180	0	0	0	628	152	0	0	13418	1580	0	0	1360	0	2912	0	20660	2414	0	0	0	0	0	0	0	0	0	0	180	0	0	0	0	0	0	0	0	0	0	0	0	0	0	0	0	0	0	0	0	0	0	0	7296	738	0	0	5604	422	0	5512	27380	4980	280	0	228	1106	4060	3504	2690	1290	218	1018	12524	2536	0	148	1134	2114	
195288	Cerebelum_4_5_R	0	0	0	0	0	0	0	0	0	0	0	0	0	0	0	0	0	0	0	0	0	0	0	0	0	0	0	0	0	0	0	0	0	0	0	0	0	248	0	1908	0	0	0	190	0	0	3698	4158	0	0	0	0	0	0	768	15042	0	0	0	0	0	0	0	0	0	0	0	130	0	0	0	0	0	0	0	0	0	0	0	0	0	0	0	0	0	0	0	0	0	0	0	9632	0	0	340	8660	5512	0	916	25212	0	0	0	830	134	1888	0	1310	320	3882	11638	374	0	0	0	854	
386284	Cerebelum_6_L	0	0	0	0	0	0	0	0	0	0	0	0	0	0	0	0	0	0	0	0	0	0	0	0	0	0	0	0	0	0	0	0	0	0	0	0	0	0	144	0	0	0	332	0	0	0	9584	1194	0	0	1978	0	5546	0	30002	1728	0	0	0	0	0	0	0	0	0	0	0	0	0	0	0	0	0	0	0	0	0	0	0	0	0	0	0	0	0	0	0	0	292	0	38768	5028	2054	996	2908	0	27380	916	0	6048	4180	0	14710	140	12250	1470	4064	0	0	462	2310	11624	4326	1066	1476	166	
359696	Cerebelum_6_R	0	0	0	0	0	0	0	0	0	0	0	0	0	0	0	0	0	0	0	0	0	0	0	0	0	0	0	0	0	0	0	0	0	0	0	0	0	0	0	246	0	0	154	256	0	0	4712	4590	0	0	144	0	494	342	2192	19170	0	0	0	0	0	0	0	0	0	0	0	0	0	0	0	0	0	0	0	0	0	0	0	0	0	0	0	0	0	0	0	0	0	0	1232	40380	0	2248	366	8342	4980	25212	6048	0	0	546	374	11528	256	9744	0	2918	444	3588	10156	9042	3820	3200	2632	492	
152400	Cerebelum_7b_L	0	0	0	0	0	0	0	0	0	0	0	0	0	0	0	0	0	0	0	0	0	0	0	0	0	0	0	0	0	0	0	0	0	0	0	0	0	0	0	0	0	0	0	0	0	0	0	0	0	0	0	0	0	0	126	0	0	0	0	0	0	0	0	0	0	0	0	0	0	0	0	0	0	0	0	0	0	0	0	0	0	0	0	0	0	0	0	0	0	0	12036	584	19464	6326	0	0	280	0	4180	0	0	4232	15946	1652	926	0	258	0	0	0	0	252	5112	4826	0	0	
71056	Cerebelum_7b_R	0	0	0	0	0	0	0	0	0	0	0	0	0	0	0	0	0	0	0	0	0	0	0	0	0	0	0	0	0	0	0	0	0	0	0	0	0	0	0	0	0	0	0	0	0	0	0	0	0	0	0	0	0	0	0	0	0	0	0	0	0	0	0	0	0	0	0	0	0	0	0	0	0	0	0	0	0	0	0	0	0	0	0	0	0	0	0	0	0	0	162	1278	3798	9574	0	0	0	0	0	546	4232	0	3778	4664	0	154	0	0	0	0	0	0	3386	3956	0	0	
238940	Cerebelum_8_L	0	0	0	0	0	0	0	0	0	0	0	0	0	0	0	0	0	0	0	0	0	0	0	0	0	0	0	0	0	0	0	0	0	0	0	0	0	0	0	0	0	0	0	0	0	0	0	0	0	0	0	0	128	0	576	0	0	0	0	0	0	0	0	0	0	0	0	0	0	0	0	0	0	0	0	0	0	0	0	0	0	0	0	0	0	0	0	0	0	0	25722	962	15368	6360	0	0	228	0	14710	374	15946	3778	0	4842	12004	1808	652	0	0	0	0	778	6402	7660	1172	0	
184012	Cerebelum_8_R	0	0	0	0	0	0	0	0	0	0	0	0	0	0	0	0	0	0	0	0	0	0	0	0	0	0	0	0	0	0	0	0	0	0	0	0	0	0	0	0	0	0	0	0	0	0	968	0	0	0	0	0	0	0	0	744	0	0	0	0	0	0	0	0	0	0	0	0	0	0	0	0	0	0	0	0	0	0	0	0	0	0	0	0	0	0	0	0	0	0	1164	18906	1358	17098	0	0	1106	830	140	11528	1652	4664	4842	0	258	11102	0	524	0	0	1478	1172	5644	5012	1602	214	
110396	Cerebelum_9_L	0	0	0	0	0	0	0	0	0	0	0	0	0	0	0	0	0	0	0	0	0	0	0	0	0	0	0	0	0	0	0	0	0	0	0	0	0	0	0	0	0	0	0	0	0	0	756	0	0	0	0	0	676	0	1774	128	0	0	0	0	0	0	0	0	0	0	0	0	0	0	0	0	0	0	0	0	0	0	0	0	0	0	0	0	0	0	0	0	0	0	11872	134	1424	150	1122	0	4060	134	12250	256	926	0	12004	258	0	758	1502	0	0	224	954	878	544	1174	1038	202	
159840	Cerebelum_9_R	0	0	0	0	0	0	0	0	0	0	0	0	0	0	0	0	0	0	0	0	0	0	0	0	0	0	0	0	0	0	0	0	0	0	0	0	0	0	0	0	0	0	0	0	0	0	2538	0	0	0	0	0	298	0	458	760	0	0	0	0	0	0	0	0	0	0	0	0	0	0	0	0	0	0	0	0	0	0	0	0	0	0	0	0	0	0	0	0	0	0	1284	10274	482	3480	124	788	3504	1888	1470	9744	0	154	1808	11102	758	0	0	1282	448	786	4664	4360	3752	5904	5642	2168	
26668	Cerebelum_10_L	0	0	0	0	0	0	0	0	0	0	0	0	0	0	0	0	0	0	0	0	0	0	0	0	0	0	0	0	0	0	0	0	0	0	0	0	0	0	0	0	0	0	0	0	0	0	372	0	0	0	0	0	0	0	1786	0	0	0	0	0	0	0	0	0	0	0	0	0	0	0	0	0	0	0	0	0	0	0	0	0	0	0	0	0	0	0	0	0	0	0	1842	0	0	0	0	0	2690	0	4064	0	258	0	652	0	1502	0	0	0	0	0	168	0	0	0	0	0	
26508	Cerebelum_10_R	0	0	0	0	0	0	0	0	0	0	0	0	0	0	0	0	0	0	0	0	0	0	0	0	0	0	0	0	0	0	0	0	0	0	0	0	0	0	0	0	0	0	0	0	0	0	1240	0	0	0	0	0	0	0	0	652	0	0	0	0	0	0	0	0	0	0	0	0	0	0	0	0	0	0	0	0	0	0	0	0	0	0	0	0	0	0	0	0	0	0	0	1620	0	0	0	162	1290	1310	0	2918	0	0	0	524	0	1282	0	0	0	0	1508	184	0	0	0	564	
14232	Vermis_1_2	0	0	0	0	0	0	0	0	0	0	0	0	0	0	0	0	0	0	0	0	0	0	0	0	0	0	0	0	0	0	0	0	0	0	0	0	0	0	0	0	0	0	0	0	0	0	0	0	0	0	0	0	0	0	0	352	0	0	0	0	0	0	0	0	0	0	0	0	0	0	0	0	0	0	0	0	0	0	0	0	0	0	0	0	0	0	0	0	0	0	0	0	0	0	428	544	218	320	0	444	0	0	0	0	0	448	0	0	0	3674	688	0	0	0	0	0	
49564	Vermis_3	0	0	0	0	0	0	0	0	0	0	0	0	0	0	0	0	0	0	0	0	0	0	0	0	0	0	0	0	0	0	0	0	0	0	0	0	0	0	0	0	0	0	0	0	0	0	0	212	0	0	0	0	0	0	462	3462	0	0	0	0	0	0	0	0	0	0	0	0	0	0	0	0	0	0	0	0	0	0	0	0	0	0	0	0	0	0	0	0	0	0	0	142	0	0	1360	3184	1018	3882	462	3588	0	0	0	0	224	786	0	0	3674	0	2326	0	0	0	0	0	
169128	Vermis_4_5	0	0	0	0	0	0	0	0	0	0	0	0	0	0	0	0	0	0	0	0	0	0	0	0	0	0	0	0	0	0	0	0	0	0	392	1034	0	208	0	556	0	0	692	520	0	0	7684	4532	0	0	0	0	174	0	1730	6784	0	0	0	0	0	0	0	0	0	0	268	1576	0	0	0	0	0	0	0	0	0	0	0	0	0	0	0	0	0	0	0	0	0	0	0	1154	0	0	940	666	12524	11638	2310	10156	0	0	0	1478	954	4664	168	1508	688	2326	0	3194	0	124	1296	2626	
152524	Vermis_6	0	0	0	0	0	0	0	0	0	0	0	0	0	0	0	0	0	0	0	0	0	0	0	0	0	0	0	0	0	0	0	0	0	0	0	0	0	0	0	0	0	0	252	654	0	0	5134	2432	0	0	184	0	714	0	2600	1594	0	0	0	0	0	0	0	0	0	0	0	0	0	0	0	0	0	0	0	0	0	0	0	0	0	0	0	0	0	0	0	0	0	0	4114	8128	694	1550	0	0	2536	374	11624	9042	252	0	778	1172	878	4360	0	184	0	0	3194	0	6650	2604	4084	480	
181088	Vermis_7	0	0	0	0	0	0	0	0	0	0	0	0	0	0	0	0	0	0	0	0	0	0	0	0	0	0	0	0	0	0	0	0	0	0	0	0	0	0	0	0	0	0	0	0	0	0	1126	122	0	0	0	0	0	0	472	120	0	0	0	0	0	0	0	0	0	0	0	0	0	0	0	0	0	0	0	0	0	0	0	0	0	0	0	0	0	0	0	0	0	0	6180	9892	9636	13414	0	0	0	0	4326	3820	5112	3386	6402	5644	544	3752	0	0	0	0	0	6650	0	7094	2852	0	
126532	Vermis_8	0	0	0	0	0	0	0	0	0	0	0	0	0	0	0	0	0	0	0	0	0	0	0	0	0	0	0	0	0	0	0	0	0	0	0	0	0	0	0	0	0	0	0	0	0	0	0	0	0	0	0	0	0	0	0	180	0	0	0	0	0	0	0	0	0	0	0	0	0	0	0	0	0	0	0	0	0	0	0	0	0	0	0	0	0	0	0	0	0	0	2048	3320	4140	6056	0	0	148	0	1066	3200	4826	3956	7660	5012	1174	5904	0	0	0	0	124	2604	7094	0	4754	0	
