data	data	558636	248384	839132	661316	226188	67120	417172	220508	98148	39292	258212	216048	278616	125664	190144	97372	233896	171852	637140	700504	103992	96236	298160	334620	63452	72552	60624	62920	505812	367928	329912	404480	182144	795464	144428	218212	353124	344768	175360	234812	77804	77516	238540	376744	188580	301184	355280	316268	154832	413704	512268	378300	231732	146036	570456	510808	325692	315032	128840	76184	236980	115584	76444	170692	147540	192676	285780	649980	125548	493820	314856	425376	368248	302292	36048	35524	224560	204408	74548	24008	194868	103996	84400	70992	331320	390276	49180	39768	376696	401500	529812	555744	364056	324904	57608	74772	373392	290520	525052	528796	275388	203468	330796	324956	133304	193708	8720	8252	52908	106000	276100	222180	366156	203048	140680	71772	
data	data	Precentral_L	Precentral_R	Frontal_Sup_L	Frontal_Sup_R	Frontal_Sup_Orb_L	Frontal_Sup_Orb_R	Frontal_Mid_L	Frontal_Mid_R	Frontal_Mid_Orb_L	Frontal_Mid_Orb_R	Frontal_Inf_Oper_L	Frontal_Inf_Oper_R	Frontal_Inf_Tri_L	Frontal_Inf_Tri_R	Frontal_Inf_Orb_L	Frontal_Inf_Orb_R	Rolandic_Oper_L	Rolandic_Oper_R	Supp_Motor_Area_L	Supp_Motor_Area_R	Olfactory_L	Olfactory_R	Frontal_Sup_Medial_L	Frontal_Sup_Medial_R	Frontal_Med_Orb_L	Frontal_Med_Orb_R	Rectus_L	Rectus_R	Insula_L	Insula_R	Cingulum_Ant_L	Cingulum_Ant_R	Cingulum_Mid_L	Cingulum_Mid_R	Cingulum_Post_L	Cingulum_Post_R	Hippocampus_L	Hippocampus_R	ParaHippocampal_L	ParaHippocampal_R	Amygdala_L	Amygdala_R	Calcarine_L	Calcarine_R	Cuneus_L	Cuneus_R	Lingual_L	Lingual_R	Occipital_Sup_L	Occipital_Sup_R	Occipital_Mid_L	Occipital_Mid_R	Occipital_Inf_L	Occipital_Inf_R	Fusiform_L	Fusiform_R	Postcentral_L	Postcentral_R	Parietal_Sup_L	Parietal_Sup_R	Parietal_Inf_L	Parietal_Inf_R	SupraMarginal_L	SupraMarginal_R	Angular_L	Angular_R	Precuneus_L	Precuneus_R	Paracentral_Lobule_L	Paracentral_Lobule_R	Caudate_L	Caudate_R	Putamen_L	Putamen_R	Pallidum_L	Pallidum_R	Thalamus_L	Thalamus_R	Heschl_L	Heschl_R	Temporal_Sup_L	Temporal_Sup_R	Temporal_Pole_Sup_L	Temporal_Pole_Sup_R	Temporal_Mid_L	Temporal_Mid_R	Temporal_Pole_Mid_L	Temporal_Pole_Mid_R	Temporal_Inf_L	Temporal_Inf_R	Cerebelum_Crus1_L	Cerebelum_Crus1_R	Cerebelum_Crus2_L	Cerebelum_Crus2_R	Cerebelum_3_L	Cerebelum_3_R	Cerebelum_4_5_L	Cerebelum_4_5_R	Cerebelum_6_L	Cerebelum_6_R	Cerebelum_7b_L	Cerebelum_7b_R	Cerebelum_8_L	Cerebelum_8_R	Cerebelum_9_L	Cerebelum_9_R	Cerebelum_10_L	Cerebelum_10_R	Vermis_1_2	Vermis_3	Vermis_4_5	Vermis_6	Vermis_7	Vermis_8	Vermis_9	Vermis_10	
558636	Precentral_L	0	2176	29432	584	0	0	28986	0	0	0	13410	1254	3142	0	0	0	11514	186	10578	7512	0	0	532	0	0	0	0	0	11128	908	468	698	534	7066	6258	4384	8422	2716	744	502	0	0	850	0	140	0	1550	428	0	0	6362	0	2116	0	3104	494	33488	0	1644	0	5132	0	2290	0	72	0	4346	388	7920	6174	1828	842	4608	88	1576	0	21838	2980	3574	0	3412	86	0	0	3614	0	0	0	4834	308	0	0	0	0	0	0	0	98	0	0	0	0	0	0	0	0	0	0	0	0	0	0	0	0	0	0	
248384	Precentral_R	2176	0	4640	12694	0	0	1132	6680	0	0	0	4430	0	226	0	0	72	1124	7402	7322	0	0	0	202	0	0	0	0	138	1054	0	258	694	4868	612	1368	296	4602	0	2140	0	0	0	620	0	864	0	358	0	1492	0	1136	0	784	0	2810	192	10190	0	132	0	104	0	780	0	270	0	4036	338	6946	656	6824	178	2600	0	572	2332	11962	0	88	0	196	0	0	0	1598	0	0	0	2004	0	0	0	0	0	0	0	0	0	0	0	0	0	0	0	0	0	0	0	0	0	0	0	0	0	0	
839132	Frontal_Sup_L	29432	4640	0	9448	11804	354	65572	2322	2134	0	11562	1726	22676	0	8780	90	7756	496	69288	11392	102	0	36336	6096	282	696	0	0	20542	846	15910	6062	5438	6332	164	88	3628	86	292	0	106	0	0	0	0	0	144	0	0	0	108	0	134	0	1118	0	3844	482	0	0	70	0	0	166	0	0	130	90	478	1736	8386	2656	18764	508	3588	110	10012	662	110	0	2044	112	204	98	158	0	0	0	1078	0	0	0	0	0	0	0	0	0	98	0	0	0	0	0	0	0	0	0	0	0	0	0	0	0	0	0	
661316	Frontal_Sup_R	584	12694	9448	0	0	2368	742	35432	0	724	2430	12188	262	10116	0	2686	996	11796	19500	38720	0	264	7398	33974	0	1736	0	1090	1098	23556	2390	23792	2156	22596	172	250	114	1074	0	412	0	0	0	0	0	0	0	0	0	358	0	114	0	0	0	444	0	1700	0	160	0	288	0	1158	0	70	0	536	0	1334	3856	19728	1020	10886	0	1288	148	1198	0	266	350	538	88	2208	0	0	0	0	0	164	0	0	0	0	0	0	0	0	0	0	0	0	0	0	0	0	0	0	0	0	0	0	0	0	0	0	
226188	Frontal_Sup_Orb_L	0	0	11804	0	0	346	2760	0	13816	0	270	0	5520	0	19654	0	0	0	156	0	3986	1382	4810	906	5352	1340	5646	242	11624	0	8028	924	0	0	0	0	0	0	142	0	106	0	0	0	0	0	0	0	0	0	0	0	0	0	0	0	0	0	0	0	0	0	0	0	0	0	0	0	0	0	2776	1070	9890	142	0	0	0	0	0	0	0	0	402	0	0	0	0	0	0	0	0	0	0	0	0	0	0	0	0	0	0	0	0	0	0	0	0	0	0	0	0	0	0	0	0	0	
67120	Frontal_Sup_Orb_R	0	0	354	2368	346	0	0	958	0	3426	0	0	0	158	0	3404	0	0	0	0	76	1140	622	2920	388	5372	0	5120	0	586	804	1146	0	0	0	0	0	0	0	0	0	162	0	0	0	0	0	0	0	0	0	0	0	0	0	0	0	0	0	0	0	0	0	0	0	0	0	0	0	0	132	2200	144	1734	0	0	0	0	0	0	0	0	0	0	0	0	0	0	0	0	0	0	0	0	0	0	0	0	0	0	0	0	0	0	0	0	0	0	0	0	0	0	0	0	0	0	
417172	Frontal_Mid_L	28986	1132	65572	742	2760	0	0	72	1422	0	10178	1100	28976	0	4354	78	2936	196	13082	1680	0	0	11914	600	0	0	0	0	7612	824	3546	1070	1618	1406	232	334	578	88	94	0	0	0	154	0	0	0	190	0	0	0	0	0	0	0	84	0	2126	0	0	0	160	0	0	0	0	0	310	0	94	466	2256	368	1626	0	668	0	5790	386	122	0	502	0	0	0	0	0	0	0	102	0	0	0	0	0	0	0	0	0	0	0	0	0	0	0	0	0	0	0	0	0	0	0	0	0	0	0	
220508	Frontal_Mid_R	0	6680	2322	35432	0	958	72	0	0	1638	0	3534	0	13620	0	4988	0	1308	4652	2558	0	0	1266	4104	0	0	0	0	0	5902	300	3812	796	6260	0	0	0	388	0	204	0	0	0	0	0	0	0	0	0	0	0	0	0	0	0	178	0	924	0	0	0	0	0	0	0	0	0	96	0	0	546	1662	494	4256	0	708	0	394	0	0	0	0	0	202	0	0	0	0	0	0	0	0	0	0	0	0	0	0	0	0	0	0	0	0	0	0	0	0	0	0	0	0	0	0	0	0	
98148	Frontal_Mid_Orb_L	0	0	2134	0	13816	0	1422	0	0	0	0	0	1872	0	12920	0	0	0	0	0	1830	1276	0	0	1776	0	3430	230	1424	0	1448	742	0	0	0	0	0	0	0	0	0	0	0	0	0	0	0	0	0	0	0	0	0	0	0	0	0	0	0	0	0	0	0	0	0	0	0	0	0	0	1732	1004	1806	128	0	0	0	0	0	0	0	0	84	0	0	0	0	0	0	0	0	0	0	0	0	0	0	0	0	0	0	0	0	0	0	0	0	0	0	0	0	0	0	0	0	0	
39292	Frontal_Mid_Orb_R	0	0	0	724	0	3426	0	1638	0	0	0	0	0	766	0	8390	0	0	0	0	0	172	0	0	0	0	0	360	0	804	0	0	0	0	0	0	0	0	0	0	0	0	0	0	0	0	0	0	0	0	0	0	0	0	0	0	0	0	0	0	0	0	0	0	0	0	0	0	0	0	0	1442	0	1924	0	0	0	0	0	0	0	0	0	0	0	0	0	0	0	0	0	0	0	0	0	0	0	0	0	0	0	0	0	0	0	0	0	0	0	0	0	0	0	0	0	0	
258212	Frontal_Inf_Oper_L	13410	0	11562	2430	270	0	10178	0	0	0	0	3044	17318	0	86	0	13886	152	6550	722	0	0	1456	658	0	0	0	0	14322	1316	6910	1430	104	454	132	0	672	0	0	0	0	0	0	0	0	0	0	0	0	0	752	0	0	0	266	0	2352	0	388	0	376	0	0	0	0	0	370	0	0	74	4584	2740	2746	610	250	0	180	96	1062	0	3806	0	1078	0	84	0	0	0	230	0	0	0	0	0	0	0	0	0	0	0	0	0	0	0	0	0	0	0	0	0	0	0	0	0	0	0	
216048	Frontal_Inf_Oper_R	1254	4430	1726	12188	0	0	1100	3534	0	0	3044	0	528	6584	0	170	976	5746	3872	6928	0	0	202	2232	0	0	0	0	1134	21502	368	4006	892	3948	0	0	0	410	0	282	0	0	0	0	0	0	0	0	0	0	0	0	0	0	0	258	0	2064	0	0	0	0	0	0	0	0	0	152	0	196	2798	4296	1254	5088	0	698	456	800	0	606	238	732	0	1248	0	0	0	0	0	84	0	0	0	0	0	0	0	0	0	0	0	0	0	0	0	0	0	0	0	0	0	0	0	0	0	0	
278616	Frontal_Inf_Tri_L	3142	0	22676	262	5520	0	28976	0	1872	0	17318	528	0	0	10412	0	1966	0	3606	528	0	0	2110	168	0	0	0	0	22314	142	10370	920	228	160	0	0	0	0	0	0	0	0	0	0	0	0	0	0	0	0	0	0	0	0	0	0	0	0	0	0	0	0	0	0	0	0	0	0	0	0	1544	224	3692	114	0	0	0	0	0	0	322	0	194	0	0	0	0	0	0	0	0	0	0	0	0	0	0	0	0	0	0	0	0	0	0	0	0	0	0	0	0	0	0	0	0	0	
125664	Frontal_Inf_Tri_R	0	226	0	10116	0	158	0	13620	0	766	0	6584	0	0	0	3594	0	226	136	266	0	0	558	3074	0	0	0	0	0	12042	440	6342	86	2882	0	0	0	0	0	0	0	0	0	0	0	0	0	0	0	0	0	0	0	0	0	0	0	0	0	0	0	0	0	0	0	0	0	0	0	0	0	1352	0	364	0	0	0	0	0	0	0	0	0	0	0	0	0	0	0	0	0	0	0	0	0	0	0	0	0	0	0	0	0	0	0	0	0	0	0	0	0	0	0	0	0	0	
190144	Frontal_Inf_Orb_L	0	0	8780	0	19654	0	4354	0	12920	0	86	0	10412	0	0	0	0	0	0	0	3814	1012	296	0	1450	0	3420	170	14010	0	2278	698	0	0	0	0	0	0	252	0	166	0	0	0	0	0	0	0	0	0	0	0	0	0	0	0	0	0	0	0	0	0	0	0	0	0	0	0	0	0	2548	846	6184	118	0	0	0	0	0	0	0	0	1604	0	0	0	0	0	0	0	0	0	0	0	0	0	0	0	0	0	0	0	0	0	0	0	0	0	0	0	0	0	0	0	0	0	
97372	Frontal_Inf_Orb_R	0	0	90	2686	0	3404	78	4988	0	8390	0	170	0	3594	0	0	0	0	76	0	96	1334	1526	1632	0	0	0	1390	0	5794	350	2946	0	2460	0	0	0	0	0	0	0	132	0	0	0	0	0	0	0	0	0	0	0	0	0	0	0	0	0	0	0	0	0	0	0	0	0	0	0	0	266	3102	174	3842	0	0	0	0	0	0	0	0	0	166	0	0	0	0	0	0	0	0	0	0	0	0	0	0	0	0	0	0	0	0	0	0	0	0	0	0	0	0	0	0	0	0	
233896	Rolandic_Oper_L	11514	72	7756	996	0	0	2936	0	0	0	13886	976	1966	0	0	0	0	90	6644	170	0	0	266	302	0	0	0	0	18552	798	820	570	128	112	0	0	1774	0	176	0	0	0	0	0	0	0	0	0	0	0	1352	0	918	0	1618	0	9036	0	142	0	850	0	1958	0	0	0	304	0	0	0	3320	1224	1604	336	190	0	782	74	3594	0	10890	0	800	0	3494	0	0	0	3958	0	0	0	0	0	0	0	0	0	0	0	0	0	0	0	0	0	0	0	0	0	0	0	0	0	0	0	
171852	Rolandic_Oper_R	186	1124	496	11796	0	0	196	1308	0	0	152	5746	0	226	0	0	90	0	1910	9270	0	0	0	296	0	0	0	0	140	18862	130	796	220	1274	0	0	0	2526	0	1118	0	0	0	0	0	80	0	102	0	240	0	180	0	126	0	1242	0	4910	0	0	0	0	0	3664	0	200	0	686	0	420	364	1810	118	2442	0	372	156	1610	0	1918	0	3330	0	2816	0	462	0	0	0	816	0	0	0	0	0	0	0	0	0	0	0	0	0	0	0	0	0	0	0	0	0	0	0	0	0	0	
637140	Supp_Motor_Area_L	10578	7402	69288	19500	156	0	13082	4652	0	0	6550	3872	3606	136	0	76	6644	1910	0	43524	0	0	6662	3496	0	0	0	0	6444	3906	7760	6724	8142	35352	128	618	1232	290	0	110	0	0	0	0	0	0	0	0	0	0	0	0	0	0	948	216	2878	616	0	0	0	0	0	140	0	0	0	192	4320	7588	7732	3412	10508	1208	1050	140	1532	1250	72	76	1430	270	138	366	0	0	0	0	432	104	0	0	0	0	0	0	0	0	112	0	0	0	0	0	0	0	0	0	0	0	0	0	0	0	0	0	
700504	Supp_Motor_Area_R	7512	7322	11392	38720	0	0	1680	2558	0	0	722	6928	528	266	0	0	170	9270	43524	0	0	0	310	5894	0	0	0	0	482	14844	830	8102	4742	67874	1048	6640	0	2966	0	1682	0	0	0	250	0	124	0	108	0	634	0	404	0	700	0	3198	830	6244	0	316	0	674	0	1842	0	198	234	3204	2030	41122	3242	15904	550	5588	292	570	730	6342	0	152	0	928	0	1792	0	2744	0	0	0	3300	0	0	0	0	0	0	0	0	0	0	0	0	0	0	0	0	0	0	0	0	0	0	0	0	0	0	
103992	Olfactory_L	0	0	102	0	3986	76	0	0	1830	0	0	0	0	0	3814	96	0	0	0	0	0	5412	0	0	2032	176	3448	572	3960	248	4108	1556	0	0	0	0	432	0	1316	0	1536	182	0	0	0	0	0	0	0	0	0	0	0	0	390	0	0	0	0	0	0	0	0	0	0	0	0	0	0	0	7704	3324	4650	384	0	0	0	0	0	0	0	0	662	0	0	0	0	0	0	0	0	0	0	0	0	0	0	0	0	0	0	0	0	0	0	0	0	0	0	0	0	0	0	0	0	0	
96236	Olfactory_R	0	0	0	264	1382	1140	0	0	1276	172	0	0	0	0	1012	1334	0	0	0	0	5412	0	0	174	388	402	1446	2980	166	2864	2030	1450	0	0	0	0	0	0	82	228	138	1114	0	0	0	0	0	0	0	0	0	0	0	0	0	90	0	0	0	0	0	0	0	0	0	0	0	0	0	0	7652	7374	5354	2018	0	0	0	0	0	0	0	0	0	176	0	0	0	0	0	0	0	0	0	0	0	0	0	0	0	0	0	0	0	0	0	0	0	0	0	0	0	0	0	0	0	0	
298160	Frontal_Sup_Medial_L	532	0	36336	7398	4810	622	11914	1266	0	0	1456	202	2110	558	296	1526	266	0	6662	310	0	0	0	20286	3008	1882	288	0	1878	536	18472	9796	5132	9556	0	0	0	0	0	0	0	0	0	0	0	0	0	0	0	0	0	0	0	0	0	0	0	0	0	0	0	0	0	0	0	0	0	0	0	0	142	104	1550	0	0	0	0	0	0	0	108	0	78	0	0	0	0	0	0	0	0	0	0	0	0	0	0	0	0	0	0	0	0	0	0	0	0	0	0	0	0	0	0	0	0	0	
334620	Frontal_Sup_Medial_R	0	202	6096	33974	906	2920	600	4104	0	0	658	2232	168	3074	0	1632	302	296	3496	5894	0	174	20286	0	612	6318	0	2074	290	3350	6792	27618	1200	18248	0	78	0	0	0	0	0	0	0	0	0	0	0	0	0	0	0	0	0	0	0	0	0	0	0	0	0	0	0	0	0	0	0	0	0	74	768	7650	84	5028	0	0	0	0	0	0	112	0	0	0	0	0	0	0	0	0	0	0	0	0	0	0	0	0	0	0	0	0	0	0	0	0	0	0	0	0	0	0	0	0	0	0	
63452	Frontal_Med_Orb_L	0	0	282	0	5352	388	0	0	1776	0	0	0	0	0	1450	0	0	0	0	0	2032	388	3008	612	0	1844	2724	332	218	0	5982	392	0	0	0	0	0	0	146	0	76	0	0	0	0	0	0	0	0	0	0	0	0	0	0	0	0	0	0	0	0	0	0	0	0	0	0	0	0	0	2360	222	2142	0	0	0	0	0	0	0	0	0	0	0	0	0	0	0	0	0	0	0	0	0	0	0	0	0	0	0	0	0	0	0	0	0	0	0	0	0	0	0	0	0	0	0	
72552	Frontal_Med_Orb_R	0	0	696	1736	1340	5372	0	0	0	0	0	0	0	0	0	0	0	0	0	0	176	402	1882	6318	1844	0	74	5826	0	0	2636	4396	0	0	0	0	0	0	0	0	0	0	0	0	0	0	0	0	0	0	0	0	0	0	0	0	0	0	0	0	0	0	0	0	0	0	0	0	0	0	0	2264	0	1314	0	0	0	0	0	0	0	0	0	0	0	0	0	0	0	0	0	0	0	0	0	0	0	0	0	0	0	0	0	0	0	0	0	0	0	0	0	0	0	0	0	0	
60624	Rectus_L	0	0	0	0	5646	0	0	0	3430	0	0	0	0	0	3420	0	0	0	0	0	3448	1446	288	0	2724	74	0	324	788	0	2660	842	0	0	0	0	0	0	184	0	72	0	0	0	0	0	0	0	0	0	0	0	0	0	0	0	0	0	0	0	0	0	0	0	0	0	0	0	0	0	2768	840	1206	152	0	0	0	0	0	0	0	0	0	0	0	0	0	0	0	0	0	0	0	0	0	0	0	0	0	0	0	0	0	0	0	0	0	0	0	0	0	0	0	0	0	0	
62920	Rectus_R	0	0	0	1090	242	5120	0	0	230	360	0	0	0	0	170	1390	0	0	0	0	572	2980	0	2074	332	5826	324	0	0	780	706	2998	0	0	0	0	0	0	0	0	0	118	0	0	0	0	0	0	0	0	0	0	0	0	0	0	0	0	0	0	0	0	0	0	0	0	0	0	0	0	474	3374	350	1950	0	0	0	0	0	0	0	0	0	0	0	0	0	0	0	0	0	0	0	0	0	0	0	0	0	0	0	0	0	0	0	0	0	0	0	0	0	0	0	0	0	0	
505812	Insula_L	11128	138	20542	1098	11624	0	7612	0	1424	0	14322	1134	22314	0	14010	0	18552	140	6444	482	3960	166	1878	290	218	0	788	0	0	702	9046	962	150	358	740	0	14428	76	1800	0	5032	0	0	0	0	0	0	0	0	0	1142	0	678	0	6942	0	6824	0	120	0	180	0	1046	0	0	0	1212	0	158	0	6402	1322	23598	356	138	0	4238	180	6598	0	8028	0	4312	0	1332	0	0	0	6290	0	0	0	0	0	0	0	0	0	252	0	0	0	0	0	0	0	0	0	0	0	0	0	0	0	0	0	
367928	Insula_R	908	1054	846	23556	0	586	824	5902	0	804	1316	21502	142	12042	0	5794	798	18862	3906	14844	248	2864	536	3350	0	0	0	780	702	0	364	3770	640	4088	0	0	0	3914	0	2540	0	1714	0	0	0	0	0	144	0	106	0	0	0	170	0	3040	0	392	0	0	0	0	0	220	0	76	0	350	0	396	2612	5826	838	16578	0	304	246	1912	0	1576	200	3888	0	3334	0	920	0	0	0	1640	0	0	0	0	0	0	0	0	0	0	0	0	0	0	0	0	0	0	0	0	0	0	0	0	0	0	
329912	Cingulum_Ant_L	468	0	15910	2390	8028	804	3546	300	1448	0	6910	368	10370	440	2278	350	820	130	7760	830	4108	2030	18472	6792	5982	2636	2660	706	9046	364	0	17594	5930	3526	120	0	96	0	152	0	112	0	0	0	0	0	0	0	0	0	0	0	0	0	0	0	0	0	0	0	0	0	0	0	0	0	0	0	0	0	7286	3334	9078	1174	0	0	0	0	0	0	330	0	278	0	0	0	0	0	0	0	0	0	0	0	0	0	0	0	0	0	0	0	0	0	0	0	0	0	0	0	0	0	0	0	0	0	
404480	Cingulum_Ant_R	698	258	6062	23792	924	1146	1070	3812	742	0	1430	4006	920	6342	698	2946	570	796	6724	8102	1556	1450	9796	27618	392	4396	842	2998	962	3770	17594	0	4384	24696	0	290	0	0	0	0	0	0	0	0	0	0	0	0	0	0	0	0	0	0	0	0	0	92	0	0	0	0	0	0	0	0	0	0	0	286	3018	17062	740	8522	0	0	96	72	0	0	160	204	0	206	0	0	0	0	0	0	0	0	0	0	0	0	0	0	0	0	0	0	0	0	0	0	0	0	0	0	0	0	0	0	0	0	
182144	Cingulum_Mid_L	534	694	5438	2156	0	0	1618	796	0	0	104	892	228	86	0	0	128	220	8142	4742	0	0	5132	1200	0	0	0	0	150	640	5930	4384	0	15618	4536	2158	0	0	0	0	0	0	332	0	886	224	0	0	1064	1540	2350	184	452	0	214	0	1276	358	288	222	358	492	0	264	114	380	4496	3358	2492	2966	0	0	0	0	0	0	0	0	0	0	108	0	0	0	610	0	0	0	518	0	0	0	0	0	0	0	0	0	0	0	0	0	0	0	0	0	0	0	0	0	0	0	0	0	0	0	
795464	Cingulum_Mid_R	7066	4868	6332	22596	0	0	1406	6260	0	0	454	3948	160	2882	0	2460	112	1274	35352	67874	0	0	9556	18248	0	0	0	0	358	4088	3526	24696	15618	0	1246	13272	0	1314	0	762	0	0	0	1220	138	4476	0	958	0	15796	0	4342	0	808	0	2212	842	6840	0	532	0	2248	0	4288	0	4074	540	23824	2088	38446	2662	6616	456	384	412	0	708	4318	0	142	0	1694	0	92	0	6332	0	0	0	4394	0	0	0	0	0	0	0	0	0	0	0	0	0	0	0	0	0	0	0	0	122	0	0	0	0	0	
144428	Cingulum_Post_L	6258	612	164	172	0	0	232	0	0	0	132	0	0	0	0	0	0	0	128	1048	0	0	0	0	0	0	0	0	740	0	120	0	4536	1246	0	6920	9042	3726	2538	882	0	0	2776	0	1012	0	1992	260	292	0	364	0	188	0	954	876	1424	82	0	0	0	0	0	0	0	0	8702	500	5244	868	324	0	0	0	0	0	3350	1900	970	0	0	170	0	0	134	116	0	0	452	682	0	0	0	0	0	0	0	0	0	0	0	0	0	0	0	0	0	0	0	0	86	0	0	0	0	0	
218212	Cingulum_Post_R	4384	1368	88	250	0	0	334	0	0	0	0	0	0	0	0	0	0	0	618	6640	0	0	0	78	0	0	0	0	0	0	0	290	2158	13272	6920	0	3118	9270	384	3270	0	0	0	2724	296	590	90	4532	0	432	0	792	0	898	120	4212	560	1796	0	0	70	0	0	152	0	202	528	11252	574	9180	710	0	166	0	174	0	6722	5092	0	0	0	188	0	0	0	728	0	0	0	3052	0	0	0	0	0	0	0	400	0	0	0	0	0	0	0	0	0	0	0	0	432	0	0	0	0	0	
353124	Hippocampus_L	8422	296	3628	114	0	0	578	0	0	0	672	0	0	0	0	0	1774	0	1232	0	432	0	0	0	0	0	0	0	14428	0	96	0	0	0	9042	3118	0	3068	20994	762	11680	0	3014	0	520	0	7078	194	0	0	1142	0	1382	0	25302	774	1780	0	0	0	0	0	330	0	0	0	7322	0	254	0	166	0	8958	0	164	0	5444	1572	2574	0	2412	168	1172	0	618	114	86	0	10134	654	3898	0	292	0	102	0	3480	0	4556	0	168	0	184	0	0	0	0	0	0	218	0	0	0	0	0	0	
344768	Hippocampus_R	2716	4602	86	1074	0	0	88	388	0	0	0	410	0	0	0	0	0	2526	290	2966	0	0	0	0	0	0	0	0	76	3914	0	0	0	1314	3726	9270	3068	0	372	31304	0	9392	0	886	0	0	74	3676	0	0	0	136	0	816	114	33492	114	888	0	0	0	0	0	862	0	0	96	4912	0	1154	174	576	90	12670	0	2160	4220	7994	0	484	0	1426	0	604	0	2598	0	178	0	12424	0	314	0	0	0	0	0	934	0	414	0	0	0	0	0	0	0	0	0	0	322	0	0	0	0	0	
175360	ParaHippocampal_L	744	0	292	0	142	0	94	0	0	0	0	0	0	0	252	0	176	0	0	0	1316	82	0	0	146	0	184	0	1800	0	152	0	0	0	2538	384	20994	372	0	72	4896	0	1326	0	268	0	5858	122	0	0	628	0	352	0	16694	0	98	0	0	0	0	0	0	0	0	0	2196	0	0	0	828	0	1604	0	0	0	1138	182	248	0	138	0	796	0	84	0	496	0	1556	0	5004	0	382	0	144	0	5288	0	6396	0	218	0	240	0	0	0	0	0	236	524	0	0	0	0	0	0	
234812	ParaHippocampal_R	502	2140	0	412	0	0	0	204	0	0	0	282	0	0	0	0	0	1118	110	1682	0	228	0	0	0	0	0	0	0	2540	0	0	0	762	882	3270	762	31304	72	0	0	7210	0	976	0	0	0	5248	0	0	0	112	0	668	0	26552	0	254	0	0	0	0	0	138	0	0	84	3456	0	878	92	116	0	7888	0	1434	918	2412	0	266	0	438	0	1230	0	414	0	678	0	5322	0	864	0	0	0	0	0	1926	0	1232	0	0	0	0	0	0	0	0	0	82	248	0	0	0	0	0	
77804	Amygdala_L	0	0	106	0	106	0	0	0	0	0	0	0	0	0	166	0	0	0	0	0	1536	138	0	0	76	0	72	0	5032	0	112	0	0	0	0	0	11680	0	4896	0	0	0	0	0	0	0	0	0	0	0	0	0	0	0	7448	0	0	0	0	0	0	0	0	0	0	0	0	0	0	0	842	82	1940	0	0	0	140	0	0	0	180	0	1518	0	0	0	98	0	2734	0	0	0	0	0	0	0	0	0	0	0	0	0	0	0	0	0	0	0	0	0	0	0	0	0	0	0	
77516	Amygdala_R	0	0	0	0	0	162	0	0	0	0	0	0	0	0	0	132	0	0	0	0	182	1114	0	0	0	0	0	118	0	1714	0	0	0	0	0	0	0	9392	0	7210	0	0	0	0	0	0	0	0	0	0	0	0	0	0	0	6798	0	0	0	0	0	0	0	0	0	0	0	0	0	0	212	382	174	3552	0	1582	0	200	0	0	0	0	0	2348	0	694	0	982	0	1810	0	0	0	0	0	0	0	0	0	0	0	0	0	0	0	0	0	0	0	0	0	0	0	0	0	0	
238540	Calcarine_L	850	0	0	0	0	0	154	0	0	0	0	0	0	0	0	0	0	0	0	0	0	0	0	0	0	0	0	0	0	0	0	0	332	0	2776	0	3014	0	1326	0	0	0	0	7094	14390	5734	16396	3418	6872	1222	21626	286	7512	106	7014	190	512	0	0	0	0	0	0	0	0	0	9946	214	206	0	0	0	0	0	0	0	226	0	0	0	0	0	0	0	2410	0	0	0	2204	0	494	134	224	0	0	0	384	0	858	132	0	0	0	0	0	0	0	0	0	0	80	480	454	0	0	0	
376744	Calcarine_R	0	620	0	0	0	0	0	0	0	0	0	0	0	0	0	0	0	0	0	250	0	0	0	0	0	0	0	0	0	0	0	0	0	1220	0	2724	0	886	0	976	0	0	7094	0	4828	27398	2032	23882	0	19240	0	22728	0	7612	0	7986	0	3428	0	462	0	0	0	218	0	796	78	23560	0	3772	0	0	0	0	0	0	0	0	0	0	0	0	0	0	0	14820	0	0	0	10782	0	0	0	0	0	0	0	224	0	74	0	0	0	0	0	0	0	0	0	0	682	0	0	0	0	0	
188580	Cuneus_L	140	0	0	0	0	0	0	0	0	0	0	0	0	0	0	0	0	0	0	0	0	0	0	0	0	0	0	0	0	0	0	0	886	138	1012	296	520	0	268	0	0	0	14390	4828	0	7994	4884	684	17334	2740	13424	460	2806	0	2386	116	674	0	1572	0	108	0	0	0	0	0	10614	1650	448	122	0	0	0	0	0	0	0	0	0	0	0	0	0	0	1838	0	0	0	1870	88	0	0	0	0	0	0	0	0	0	0	0	0	0	0	0	0	0	0	0	0	0	0	0	0	0	0	
301184	Cuneus_R	0	864	0	0	0	0	0	0	0	0	0	0	0	0	0	0	0	80	0	124	0	0	0	0	0	0	0	0	0	0	0	0	224	4476	0	590	0	0	0	0	0	0	5734	27398	7994	0	716	4288	158	36216	0	13122	0	1592	0	1378	0	3238	0	2922	0	394	0	1354	0	1762	2312	23466	0	4260	0	126	0	0	0	0	0	80	0	0	0	202	0	0	0	2978	0	0	0	2212	0	0	0	0	0	0	0	0	0	0	0	0	0	0	0	0	0	0	0	0	332	0	0	0	0	0	
355280	Lingual_L	1550	0	144	0	0	0	190	0	0	0	0	0	0	0	0	0	0	0	0	0	0	0	0	0	0	0	0	0	0	0	0	0	0	0	1992	90	7078	74	5858	0	0	0	16396	2032	4884	716	0	3370	5848	166	17950	0	11750	0	24928	554	94	0	0	0	0	0	0	0	0	0	6028	0	0	0	0	0	0	0	0	0	1310	80	78	0	0	0	0	0	208	0	0	0	1018	0	9600	1534	2058	418	126	0	14138	686	19646	1976	96	0	182	0	170	0	0	0	0	188	3646	5170	3326	0	0	294	
316268	Lingual_R	428	358	0	0	0	0	0	0	0	0	0	0	0	0	0	0	0	102	0	108	0	0	0	0	0	0	0	0	0	144	0	0	0	958	260	4532	194	3676	122	5248	0	0	3418	23882	684	4288	3370	0	0	2778	140	3750	278	5884	1510	20412	0	1768	0	0	0	0	0	144	0	268	98	12692	0	2304	0	0	0	0	0	0	860	156	0	0	0	0	0	0	0	2002	0	0	0	3292	1480	3074	656	0	196	446	2950	8356	3822	9632	0	0	0	0	112	340	0	0	116	250	9556	5080	1090	76	188	606	
154832	Occipital_Sup_L	0	0	0	0	0	0	0	0	0	0	0	0	0	0	0	0	0	0	0	0	0	0	0	0	0	0	0	0	0	0	0	0	1064	0	292	0	0	0	0	0	0	0	6872	0	17334	158	5848	0	0	0	25992	0	1832	0	544	0	410	0	4948	0	564	0	0	0	0	0	9632	776	236	0	0	0	0	0	0	0	0	0	0	0	0	0	0	0	490	0	0	0	194	0	0	0	0	0	0	0	0	0	130	0	0	0	0	0	0	0	0	0	0	0	0	100	0	0	0	0	
413704	Occipital_Sup_R	0	1492	0	358	0	0	0	0	0	0	0	0	0	0	0	0	0	240	0	634	0	0	0	0	0	0	0	0	0	106	0	0	1540	15796	0	432	0	0	0	0	0	0	1222	19240	2740	36216	166	2778	0	0	0	23554	0	2096	0	1818	0	7102	0	5382	0	4196	0	5478	0	9712	1586	38764	0	10644	0	154	0	0	0	0	0	110	0	0	0	1838	0	0	0	7904	0	0	0	3554	0	0	0	0	0	0	0	0	0	0	0	0	0	0	0	0	0	0	0	0	0	0	0	0	0	0	
512268	Occipital_Mid_L	6362	0	108	0	0	0	0	0	0	0	752	0	0	0	0	0	1352	0	0	0	0	0	0	0	0	0	0	0	1142	0	0	0	2350	0	364	0	1142	0	628	0	0	0	21626	0	13424	0	17950	140	25992	0	0	0	24552	0	13614	80	10942	0	14328	0	21530	0	1658	0	16808	0	13736	0	3616	0	0	0	0	0	0	0	172	0	282	0	1598	0	0	0	25268	0	0	0	6818	0	1134	354	598	124	0	0	486	0	2106	354	0	0	0	0	0	0	0	0	0	0	0	1430	1214	0	0	0	
378300	Occipital_Mid_R	0	1136	0	114	0	0	0	0	0	0	0	0	0	0	0	0	0	180	0	404	0	0	0	0	0	0	0	0	0	0	0	0	184	4342	0	792	0	136	0	112	0	0	286	22728	460	13122	0	3750	0	23554	0	0	0	8960	0	1206	0	5440	0	996	0	3164	0	4458	0	21250	206	22980	0	7856	0	102	0	0	0	0	0	92	0	74	0	880	0	0	0	27670	0	0	0	12202	0	0	0	0	0	0	0	150	0	0	0	0	0	0	0	0	0	0	0	0	164	0	0	0	0	0	
231732	Occipital_Inf_L	2116	0	134	0	0	0	0	0	0	0	0	0	0	0	0	0	918	0	0	0	0	0	0	0	0	0	0	0	678	0	0	0	452	0	188	0	1382	0	352	0	0	0	7512	0	2806	0	11750	278	1832	0	24552	0	0	0	21464	144	2526	0	118	0	168	0	94	0	210	0	2698	0	1800	0	0	0	0	0	0	0	132	0	1138	0	308	0	0	0	7832	0	0	0	11148	0	1586	564	766	172	0	0	162	0	3302	630	0	0	0	0	0	0	0	0	0	0	88	2238	1628	0	0	0	
146036	Occipital_Inf_R	0	784	0	0	0	0	0	0	0	0	0	0	0	0	0	0	0	126	0	700	0	0	0	0	0	0	0	0	0	170	0	0	0	808	0	898	0	816	0	668	0	0	106	7612	0	1592	0	5884	0	2096	0	8960	0	0	0	13588	0	1404	0	0	0	0	0	108	0	114	0	3592	0	1288	0	0	0	104	0	0	0	278	0	0	0	76	0	0	0	4074	0	0	0	12048	0	200	0	0	0	0	82	1310	82	1948	0	0	0	0	0	0	0	0	0	0	1298	204	0	0	0	0	
570456	Fusiform_L	3104	0	1118	0	0	0	84	0	0	0	266	0	0	0	0	0	1618	0	948	0	390	0	0	0	0	0	0	0	6942	0	0	0	214	0	954	120	25302	114	16694	0	7448	0	7014	0	2386	0	24928	1510	544	0	13614	0	21464	0	0	560	2582	0	0	0	0	0	172	0	0	0	3630	0	2104	0	160	0	5326	0	0	0	530	0	2740	0	1550	0	2926	0	4046	0	3146	0	24894	0	23182	1294	2510	324	186	0	19554	314	33490	1796	656	0	784	0	276	0	0	0	0	168	2550	4358	2546	0	0	98	
510808	Fusiform_R	494	2810	0	444	0	0	0	178	0	0	0	258	0	0	0	0	0	1242	216	3198	0	90	0	0	0	0	0	0	0	3040	0	0	0	2212	876	4212	774	33492	0	26552	0	6798	190	7986	116	1378	554	20412	0	1818	80	1206	144	13588	560	0	0	1220	0	0	0	0	0	216	0	100	112	5142	0	2614	86	122	0	8474	0	1454	754	2944	0	476	0	690	0	6640	0	2548	0	3850	0	25934	588	11906	388	104	0	532	468	11102	1390	18664	0	0	0	266	0	470	0	0	138	386	5800	3552	628	98	160	470	
325692	Postcentral_L	33488	192	3844	0	0	0	2126	0	0	0	2352	0	0	0	0	0	9036	0	2878	830	0	0	0	0	0	0	0	0	6824	0	0	0	1276	842	1424	560	1780	114	98	0	0	0	512	0	674	0	94	0	410	0	10942	0	2526	0	2582	0	0	0	5986	0	19634	0	6446	0	2176	0	7216	0	12062	796	588	98	1534	0	102	0	2756	454	3000	0	3854	0	0	0	6012	0	0	0	4728	0	0	0	0	0	0	0	0	0	0	0	0	0	0	0	0	0	0	0	0	0	0	0	0	0	0	0	
315032	Postcentral_R	0	10190	482	1700	0	0	0	924	0	0	0	2064	0	0	0	0	0	4910	616	6244	0	0	0	0	0	0	0	0	0	392	0	92	358	6840	82	1796	0	888	0	254	0	0	0	3428	0	3238	0	1768	0	7102	0	5440	0	1404	0	1220	0	0	0	5752	0	6116	0	10190	0	4832	198	23430	0	25156	156	216	0	260	0	0	0	176	0	138	0	1056	0	0	0	10586	0	0	0	7822	0	0	0	0	0	0	0	0	0	0	0	0	0	0	0	0	0	0	0	0	0	0	0	0	0	0	
128840	Parietal_Sup_L	1644	0	0	0	0	0	0	0	0	0	388	0	0	0	0	0	142	0	0	0	0	0	0	0	0	0	0	0	120	0	0	0	288	0	0	0	0	0	0	0	0	0	0	0	1572	0	0	0	4948	0	14328	0	118	0	0	0	5986	0	0	0	14310	0	150	0	4352	0	13378	306	810	0	0	0	0	0	0	0	0	0	0	0	156	0	0	0	866	0	0	0	558	0	0	0	0	0	0	0	0	0	0	0	0	0	0	0	0	0	0	0	0	0	0	0	0	0	0	0	
76184	Parietal_Sup_R	0	132	0	160	0	0	0	0	0	0	0	0	0	0	0	0	0	0	0	316	0	0	0	0	0	0	0	0	0	0	0	0	222	532	0	0	0	0	0	0	0	0	0	462	0	2922	0	0	0	5382	0	996	0	0	0	0	0	5752	0	0	0	3804	0	1956	0	3076	800	10440	0	204	0	0	0	0	0	0	0	0	0	0	0	0	0	0	0	570	0	0	0	366	0	0	0	0	0	0	0	0	0	0	0	0	0	0	0	0	0	0	0	0	0	0	0	0	0	0	
236980	Parietal_Inf_L	5132	0	70	0	0	0	160	0	0	0	376	0	0	0	0	0	850	0	0	0	0	0	0	0	0	0	0	0	180	0	0	0	358	0	0	70	0	0	0	0	0	0	0	0	108	0	0	0	564	0	21530	0	168	0	0	0	19634	0	14310	0	0	0	8342	0	24816	0	6950	0	3320	0	0	0	0	0	0	0	152	0	0	0	2186	0	0	0	5484	0	0	0	3730	0	0	0	0	0	0	0	0	0	0	0	0	0	0	0	0	0	0	0	0	0	0	0	0	0	0	0	
115584	Parietal_Inf_R	0	104	0	288	0	0	0	0	0	0	0	0	0	0	0	0	0	0	0	674	0	0	0	0	0	0	0	0	0	0	0	0	492	2248	0	0	0	0	0	0	0	0	0	0	0	394	0	0	0	4196	0	3164	0	0	0	0	0	6116	0	3804	0	0	0	13314	0	9794	0	6514	0	2350	0	0	0	0	0	0	0	0	0	0	0	682	0	0	0	3160	0	0	0	498	0	0	0	0	0	0	0	0	0	0	0	0	0	0	0	0	0	0	0	0	0	0	0	0	0	0	
76444	SupraMarginal_L	2290	0	0	0	0	0	0	0	0	0	0	0	0	0	0	0	1958	0	0	0	0	0	0	0	0	0	0	0	1046	0	0	0	0	0	0	0	330	0	0	0	0	0	0	0	0	0	0	0	0	0	1658	0	94	0	172	0	6446	0	150	0	8342	0	0	0	4634	0	206	0	0	0	0	0	0	0	0	0	0	0	512	0	5258	0	0	0	3802	0	0	0	1324	0	0	0	0	0	0	0	0	0	0	0	0	0	0	0	0	0	0	0	0	0	0	0	0	0	0	0	
170692	SupraMarginal_R	0	780	166	1158	0	0	0	0	0	0	0	0	0	0	0	0	0	3664	140	1842	0	0	0	0	0	0	0	0	0	220	0	0	264	4288	0	152	0	862	0	138	0	0	0	218	0	1354	0	144	0	5478	0	4458	0	108	0	216	0	10190	0	1956	0	13314	0	0	0	10056	0	8930	0	5332	238	0	0	0	0	0	0	0	0	276	0	3402	0	0	0	4838	0	0	0	1164	0	0	0	0	0	0	0	0	0	0	0	0	0	0	0	0	0	0	0	0	0	0	0	0	0	0	
147540	Angular_L	72	0	0	0	0	0	0	0	0	0	0	0	0	0	0	0	0	0	0	0	0	0	0	0	0	0	0	0	0	0	0	0	114	0	0	0	0	0	0	0	0	0	0	0	0	0	0	0	0	0	16808	0	210	0	0	0	2176	0	4352	0	24816	0	4634	0	0	0	2824	0	718	0	0	0	0	0	0	0	0	0	0	0	2900	0	0	0	9682	0	0	0	4464	0	0	0	0	0	0	0	0	0	0	0	0	0	0	0	0	0	0	0	0	0	0	0	0	0	0	0	
192676	Angular_R	0	270	0	70	0	0	0	0	0	0	0	0	0	0	0	0	0	200	0	198	0	0	0	0	0	0	0	0	0	76	0	0	380	4074	0	202	0	0	0	0	0	0	0	796	0	1762	0	268	0	9712	0	21250	0	114	0	100	0	4832	0	3076	0	9794	0	10056	0	0	0	11998	0	5718	0	0	0	0	0	0	0	0	0	98	0	3236	0	0	0	7350	0	0	0	708	0	0	0	0	0	0	0	0	0	0	0	0	0	0	0	0	0	0	0	0	0	0	0	0	0	0	
285780	Precuneus_L	4346	0	130	0	0	0	310	0	0	0	370	0	0	0	0	0	304	0	0	234	0	0	0	0	0	0	0	0	1212	0	0	0	4496	540	8702	528	7322	96	2196	84	0	0	9946	78	10614	2312	6028	98	9632	1586	13736	206	2698	0	3630	112	7216	198	13378	800	6950	0	206	0	2824	0	0	7428	3148	648	0	0	0	0	0	0	538	0	966	0	446	0	0	0	2900	0	0	0	3618	80	0	0	0	0	0	0	0	0	0	0	0	0	0	0	0	0	0	0	0	0	0	0	0	0	0	0	
649980	Precuneus_R	388	4036	90	536	0	0	0	96	0	0	0	152	0	0	0	0	0	686	192	3204	0	0	0	0	0	0	0	0	0	350	0	0	3358	23824	500	11252	0	4912	0	3456	0	0	214	23560	1650	23466	0	12692	776	38764	0	22980	0	3592	0	5142	0	23430	306	10440	0	6514	0	8930	0	11998	7428	0	414	24678	0	332	0	0	0	0	652	422	0	108	0	2722	0	0	0	20058	0	0	0	14434	0	0	0	0	0	0	0	852	0	0	0	0	0	0	0	0	0	0	0	0	1404	0	0	0	0	0	
125548	Paracentral_Lobule_L	7920	338	478	0	0	0	94	0	0	0	0	0	0	0	0	0	0	0	4320	2030	0	0	0	0	0	0	0	0	158	0	0	0	2492	2088	5244	574	254	0	0	0	0	0	206	0	448	0	0	0	236	0	3616	0	1800	0	2104	0	12062	0	810	0	3320	0	0	0	718	0	3148	414	0	926	74	0	350	0	126	0	922	0	0	0	0	0	0	0	2838	0	0	0	2666	0	0	0	0	0	0	0	0	0	0	0	0	0	0	0	0	0	0	0	0	0	0	0	0	0	0	0	
493820	Paracentral_Lobule_R	6174	6946	1736	1334	0	0	466	0	0	0	74	196	0	0	0	0	0	420	7588	41122	0	0	0	74	0	0	0	0	0	396	0	286	2966	38446	868	9180	0	1154	0	878	0	0	0	3772	122	4260	0	2304	0	10644	0	7856	0	1288	0	2614	796	25156	0	204	0	2350	0	5332	0	5718	648	24678	926	0	936	2650	152	0	186	168	532	604	0	130	0	1392	0	0	0	12204	0	0	0	8888	0	0	0	0	0	0	0	0	0	0	0	0	0	0	0	0	0	0	0	0	96	0	0	0	0	0	
314856	Caudate_L	1828	656	8386	3856	2776	132	2256	546	1732	0	4584	2798	1544	0	2548	266	3320	364	7732	3242	7704	7652	142	768	2360	0	2768	474	6402	2612	7286	3018	0	2662	324	710	166	174	828	92	842	212	0	0	0	0	0	0	0	0	0	0	0	0	160	86	588	156	0	0	0	0	0	238	0	0	0	0	74	936	0	17732	22014	4022	1804	274	10354	1988	0	0	806	0	346	88	0	0	0	0	0	0	0	0	0	0	0	0	0	0	0	0	0	0	0	0	0	0	0	0	0	0	0	0	0	0	0	0	
425376	Caudate_R	842	6824	2656	19728	1070	2200	368	1662	1004	1442	2740	4296	224	1352	846	3102	1224	1810	3412	15904	3324	7374	104	7650	222	2264	840	3374	1322	5826	3334	17062	0	6616	0	0	0	576	0	116	82	382	0	0	0	126	0	0	0	154	0	102	0	0	0	122	98	216	0	0	0	0	0	0	0	0	0	332	0	2650	17732	0	8234	21552	0	1552	2542	23024	0	0	500	88	174	0	0	104	0	0	0	212	0	0	0	0	0	0	0	0	0	0	0	0	0	0	0	0	0	0	0	0	0	0	0	0	0	0	
368248	Putamen_L	4608	178	18764	1020	9890	144	1626	494	1806	0	2746	1254	3692	0	6184	174	1604	118	10508	550	4650	5354	1550	84	2142	0	1206	350	23598	838	9078	740	0	456	0	166	8958	90	1604	0	1940	174	0	0	0	0	0	0	0	0	0	0	0	0	5326	0	1534	0	0	0	0	0	0	0	0	0	0	0	350	152	22014	8234	0	2084	5778	0	3626	184	104	0	924	0	1176	0	78	0	0	0	3230	0	214	0	0	0	0	0	214	0	564	0	0	0	0	0	0	0	0	0	0	0	0	0	0	0	0	0	
302292	Putamen_R	88	2600	508	10886	142	1734	0	4256	128	1924	610	5088	114	364	118	3842	336	2442	1208	5588	384	2018	0	5028	0	1314	152	1950	356	16578	1174	8522	0	384	0	0	0	12670	0	7888	0	3552	0	0	0	0	0	0	0	0	0	0	0	104	0	8474	0	260	0	0	0	0	0	0	0	0	0	0	0	0	4022	21552	2084	0	0	3088	340	3278	0	152	120	772	0	228	0	194	0	0	0	2532	0	0	0	0	0	0	0	0	0	0	0	0	0	0	0	0	0	0	0	0	0	0	0	0	0	0	
36048	Pallidum_L	1576	0	3588	0	0	0	668	0	0	0	250	0	0	0	0	0	190	0	1050	292	0	0	0	0	0	0	0	0	138	0	0	0	0	412	0	174	164	0	0	0	0	0	0	0	0	0	0	0	0	0	0	0	0	0	0	0	102	0	0	0	0	0	0	0	0	0	0	0	126	186	1804	0	5778	0	0	0	1526	0	0	0	0	0	0	0	0	0	0	0	0	0	0	0	0	0	0	0	0	0	0	0	0	0	0	0	0	0	0	0	0	0	0	0	0	0	0	0	
35524	Pallidum_R	0	572	110	1288	0	0	0	708	0	0	0	698	0	0	0	0	0	372	140	570	0	0	0	0	0	0	0	0	0	304	0	0	0	0	0	0	0	2160	0	1434	0	1582	0	0	0	0	0	0	0	0	0	0	0	0	0	1454	0	0	0	0	0	0	0	0	0	0	0	0	0	168	274	1552	0	3088	0	0	0	154	0	0	0	0	0	112	0	328	0	0	0	694	0	0	0	0	0	0	0	0	0	0	0	0	0	0	0	0	0	0	0	0	0	0	0	0	0	0	
224560	Thalamus_L	21838	2332	10012	148	0	0	5790	0	0	0	180	456	0	0	0	0	782	156	1532	730	0	0	0	0	0	0	0	0	4238	246	0	96	0	708	3350	6722	5444	4220	1138	918	140	0	226	0	0	0	1310	860	0	0	172	0	132	0	530	754	2756	0	0	0	152	0	0	0	0	0	538	652	922	532	10354	2542	3626	340	1526	0	0	10716	474	0	362	0	108	0	162	0	0	0	704	402	0	0	0	0	0	0	0	182	0	0	0	0	0	0	0	0	0	0	0	70	0	0	0	0	0	0	
204408	Thalamus_R	2980	11962	662	1198	0	0	386	394	0	0	96	800	0	0	0	0	74	1610	1250	6342	0	0	0	0	0	0	0	0	180	1912	0	72	0	4318	1900	5092	1572	7994	182	2412	0	200	0	0	0	80	80	156	0	110	0	92	0	278	0	2944	454	176	0	0	0	0	0	0	0	0	0	422	0	604	1988	23024	184	3278	0	154	10716	0	0	0	0	426	0	0	0	654	0	0	0	2796	0	0	0	0	0	0	0	0	0	0	0	0	0	0	0	0	0	0	0	0	0	0	0	0	0	0	
74548	Heschl_L	3574	0	110	0	0	0	122	0	0	0	1062	0	0	0	0	0	3594	0	72	0	0	0	0	0	0	0	0	0	6598	0	0	0	0	0	970	0	2574	0	248	0	0	0	0	0	0	0	78	0	0	0	282	0	1138	0	2740	0	3000	0	0	0	0	0	512	0	0	0	966	0	0	0	0	0	104	0	0	0	474	0	0	0	2726	0	0	0	1786	0	0	0	4544	0	0	0	0	0	0	0	0	0	0	0	0	0	0	0	0	0	0	0	0	0	0	0	0	0	0	0	
24008	Heschl_R	0	88	0	266	0	0	0	0	0	0	0	606	0	0	0	0	0	1918	76	152	0	0	0	0	0	0	0	0	0	1576	0	0	0	142	0	0	0	484	0	266	0	0	0	0	0	0	0	0	0	0	0	74	0	0	0	476	0	138	0	0	0	0	0	276	0	98	0	108	0	130	0	0	0	152	0	0	0	0	0	0	0	3450	0	0	0	982	0	0	0	546	0	0	0	0	0	0	0	0	0	0	0	0	0	0	0	0	0	0	0	0	0	0	0	0	0	0	
194868	Temporal_Sup_L	3412	0	2044	350	0	0	502	0	0	0	3806	238	322	0	0	0	10890	0	1430	0	0	0	108	112	0	0	0	0	8028	200	330	160	108	0	0	0	2412	0	138	0	180	0	0	0	0	0	0	0	0	0	1598	0	308	0	1550	0	3854	0	156	0	2186	0	5258	0	2900	0	446	0	0	0	806	500	924	120	0	0	362	0	2726	0	0	0	1748	0	21756	0	0	0	15466	0	0	0	0	0	0	0	0	0	0	0	0	0	0	0	0	0	0	0	0	0	0	0	0	0	0	0	
103996	Temporal_Sup_R	86	196	112	538	0	0	0	0	0	0	0	732	0	0	0	0	0	3330	270	928	0	0	0	0	0	0	0	0	0	3888	0	204	0	1694	170	188	168	1426	0	438	0	0	0	0	0	202	0	0	0	1838	0	880	0	76	0	690	0	1056	0	0	0	682	0	3402	0	3236	0	2722	0	1392	0	88	0	772	0	0	0	426	0	3450	0	0	0	2532	0	10006	0	1302	0	2878	0	0	0	0	0	0	0	0	0	0	0	0	0	0	0	0	0	0	0	0	0	0	0	0	0	0	
84400	Temporal_Pole_Sup_L	0	0	204	88	402	0	0	0	84	0	1078	0	194	0	1604	0	800	0	138	0	662	0	78	0	0	0	0	0	4312	0	278	0	0	0	0	0	1172	0	796	0	1518	0	0	0	0	0	0	0	0	0	0	0	0	0	2926	0	0	0	0	0	0	0	0	0	0	0	0	0	0	0	346	174	1176	0	0	0	108	0	0	0	1748	0	0	0	7710	0	7086	0	7518	0	0	0	0	0	0	0	0	0	0	0	0	0	0	0	0	0	0	0	0	0	0	0	0	0	0	0	
70992	Temporal_Pole_Sup_R	0	0	98	2208	0	0	0	202	0	0	0	1248	0	0	0	166	0	2816	366	1792	0	176	0	0	0	0	0	0	0	3334	0	206	0	92	0	0	0	604	0	1230	0	2348	0	0	0	0	0	0	0	0	0	0	0	0	0	6640	0	0	0	0	0	0	0	0	0	0	0	0	0	0	88	0	0	228	0	112	0	0	0	0	0	2532	0	0	0	1092	0	4738	0	3180	0	0	0	0	0	0	0	0	0	0	0	0	0	0	0	0	0	0	0	0	0	0	0	0	0	0	
331320	Temporal_Mid_L	3614	0	158	0	0	0	0	0	0	0	84	0	0	0	0	0	3494	0	0	0	0	0	0	0	0	0	0	0	1332	0	0	0	610	0	134	0	618	0	84	0	0	0	2410	0	1838	0	208	0	490	0	25268	0	7832	0	4046	0	6012	0	866	0	5484	0	3802	0	9682	0	2900	0	2838	0	0	0	78	0	0	0	162	0	1786	0	21756	0	7710	0	0	0	6326	0	44038	0	0	0	0	0	0	0	0	0	0	0	0	0	0	0	0	0	0	0	0	0	0	0	0	0	0	0	
390276	Temporal_Mid_R	0	1598	0	0	0	0	0	0	0	0	0	0	0	0	0	0	0	462	0	2744	0	0	0	0	0	0	0	0	0	920	0	0	0	6332	116	728	114	2598	0	414	0	694	0	14820	0	2978	0	2002	0	7904	0	27670	0	4074	0	2548	0	10586	0	570	0	3160	0	4838	0	7350	0	20058	0	12204	0	104	0	194	0	328	0	654	0	982	0	10006	0	1092	0	0	0	4752	0	39224	0	0	0	0	0	0	0	164	0	0	0	0	0	0	0	0	0	0	0	0	156	0	0	0	0	0	
49180	Temporal_Pole_Mid_L	0	0	0	0	0	0	0	0	0	0	0	0	0	0	0	0	0	0	0	0	0	0	0	0	0	0	0	0	0	0	0	0	0	0	0	0	86	0	496	0	98	0	0	0	0	0	0	0	0	0	0	0	0	0	3146	0	0	0	0	0	0	0	0	0	0	0	0	0	0	0	0	0	0	0	0	0	0	0	0	0	0	0	7086	0	6326	0	0	0	7352	0	0	0	0	0	0	0	0	0	0	0	0	0	0	0	0	0	0	0	0	0	0	0	0	0	0	0	
39768	Temporal_Pole_Mid_R	0	0	0	0	0	0	0	0	0	0	0	0	0	0	0	0	0	0	0	0	0	0	0	0	0	0	0	0	0	0	0	0	0	0	0	0	0	178	0	678	0	982	0	0	0	0	0	0	0	0	0	0	0	0	0	3850	0	0	0	0	0	0	0	0	0	0	0	0	0	0	0	0	0	0	0	0	0	0	0	0	0	1302	0	4738	0	4752	0	0	0	3404	0	0	0	0	0	0	0	0	0	0	0	0	0	0	0	0	0	0	0	0	0	0	0	0	0	0	
376696	Temporal_Inf_L	4834	0	1078	0	0	0	102	0	0	0	230	0	0	0	0	0	3958	0	432	0	0	0	0	0	0	0	0	0	6290	0	0	0	518	0	452	0	10134	0	1556	0	2734	0	2204	0	1870	0	1018	0	194	0	6818	0	11148	0	24894	0	4728	0	558	0	3730	0	1324	0	4464	0	3618	0	2666	0	0	0	3230	0	0	0	704	0	4544	0	15466	0	7518	0	44038	0	7352	0	0	0	2574	0	234	0	0	0	242	0	646	0	100	0	148	0	0	0	0	0	0	0	0	0	0	0	0	0	
401500	Temporal_Inf_R	308	2004	0	164	0	0	0	0	0	0	0	84	0	0	0	0	0	816	104	3300	0	0	0	0	0	0	0	0	0	1640	0	0	0	4394	682	3052	654	12424	0	5322	0	1810	0	10782	88	2212	0	3292	0	3554	0	12202	0	12048	0	25934	0	7822	0	366	0	498	0	1164	0	708	80	14434	0	8888	0	212	0	2532	0	694	402	2796	0	546	0	2878	0	3180	0	39224	0	3404	0	0	0	2228	0	332	0	0	0	336	0	290	0	172	0	398	0	0	0	0	0	0	296	0	0	0	0	0	
529812	Cerebelum_Crus1_L	0	0	0	0	0	0	0	0	0	0	0	0	0	0	0	0	0	0	0	0	0	0	0	0	0	0	0	0	0	0	0	0	0	0	0	0	3898	0	5004	0	0	0	494	0	0	0	9600	1480	0	0	1134	0	1586	0	23182	588	0	0	0	0	0	0	0	0	0	0	0	0	0	0	0	0	214	0	0	0	0	0	0	0	0	0	0	0	0	0	0	0	2574	0	0	6914	32664	1598	3182	70	30672	2194	58432	6384	14166	128	18502	306	6116	628	390	0	540	928	5128	7554	14356	1650	1870	780	
555744	Cerebelum_Crus1_R	0	0	0	0	0	0	0	0	0	0	0	0	0	0	0	0	0	0	0	0	0	0	0	0	0	0	0	0	0	0	0	0	0	0	0	0	0	314	0	864	0	0	134	0	0	0	1534	3074	0	0	354	0	564	200	1294	11906	0	0	0	0	0	0	0	0	0	0	0	0	0	0	0	0	0	0	0	0	0	0	0	0	0	0	0	0	0	0	0	0	0	2228	6914	0	5618	34416	438	4226	3366	25844	6076	58624	708	8766	1006	23264	142	7360	0	412	1698	4804	14208	11052	18916	7296	6856	3396	
364056	Cerebelum_Crus2_L	0	0	0	0	0	0	0	0	0	0	0	0	0	0	0	0	0	0	0	0	0	0	0	0	0	0	0	0	0	0	0	0	0	0	0	0	292	0	382	0	0	0	224	0	0	0	2058	656	0	0	598	0	766	0	2510	388	0	0	0	0	0	0	0	0	0	0	0	0	0	0	0	0	0	0	0	0	0	0	0	0	0	0	0	0	0	0	0	0	234	0	32664	5618	0	9494	324	92	1546	520	6004	4312	38346	5970	30322	4566	4670	526	0	0	180	202	580	3634	18436	4938	826	150	
324904	Cerebelum_Crus2_R	0	0	0	0	0	0	0	0	0	0	0	0	0	0	0	0	0	0	0	0	0	0	0	0	0	0	0	0	0	0	0	0	0	0	0	0	0	0	0	0	0	0	0	0	0	0	418	0	0	0	124	0	172	0	324	104	0	0	0	0	0	0	0	0	0	0	0	0	0	0	0	0	0	0	0	0	0	0	0	0	0	0	0	0	0	0	0	0	0	332	1598	34416	9494	0	0	522	398	1390	1050	4796	6744	29806	3976	40424	0	5036	0	0	406	676	1116	662	12072	4888	1212	296	
57608	Cerebelum_3_L	0	0	0	0	0	0	0	0	0	0	0	0	0	0	0	0	0	0	0	0	0	0	0	0	0	0	0	0	0	0	0	0	0	0	0	0	102	0	144	0	0	0	0	0	0	0	126	196	0	0	0	0	0	0	186	0	0	0	0	0	0	0	0	0	0	0	0	0	0	0	0	0	0	0	0	0	0	0	0	0	0	0	0	0	0	0	0	0	0	0	3182	438	324	0	0	162	9148	550	4450	600	470	0	1440	0	2096	0	74	0	678	2914	978	164	382	0	0	0	
74772	Cerebelum_3_R	0	0	0	0	0	0	0	0	0	0	0	0	0	0	0	0	0	0	0	0	0	0	0	0	0	0	0	0	0	0	0	0	0	0	0	0	0	0	0	0	0	0	0	0	0	0	0	446	0	0	0	0	0	0	0	532	0	0	0	0	0	0	0	0	0	0	0	0	0	0	0	0	0	0	0	0	0	0	0	0	0	0	0	0	0	0	0	0	0	0	70	4226	92	522	162	0	212	5970	0	8026	88	0	132	1000	0	1924	0	0	1406	6262	974	452	1694	1576	1456	164	
373392	Cerebelum_4_5_L	0	0	0	0	0	0	0	0	0	0	0	0	0	0	0	0	0	0	0	0	0	0	0	0	0	0	0	0	0	0	0	0	0	0	0	0	3480	0	5288	0	0	0	384	0	0	0	14138	2950	0	0	486	0	162	82	19554	468	0	0	0	0	0	0	0	0	0	0	0	0	0	0	0	0	214	0	0	0	0	0	0	0	0	0	0	0	0	0	0	0	242	0	30672	3366	1546	398	9148	212	0	4624	46188	4380	2282	0	5550	182	5390	310	152	0	1288	2986	14412	2610	1318	408	456	1370	
290520	Cerebelum_4_5_R	98	0	0	0	0	0	0	0	0	0	0	0	0	0	0	0	0	0	0	0	0	0	0	0	0	0	0	0	0	0	0	0	0	0	0	400	0	934	0	1926	0	0	0	224	0	0	686	8356	0	0	0	150	0	1310	314	11102	0	0	0	0	0	0	0	0	0	0	0	852	0	0	0	0	0	0	0	0	182	0	0	0	0	0	0	0	0	164	0	0	0	336	2194	25844	520	1390	550	5970	4624	0	3192	37390	264	208	568	1420	154	2020	0	132	1000	3802	18208	3058	2364	1184	1006	1164	
525052	Cerebelum_6_L	0	0	98	0	0	0	0	0	0	0	0	0	0	0	0	0	0	0	112	0	0	0	0	0	0	0	0	0	252	0	0	0	0	0	0	0	4556	0	6396	0	0	0	858	0	0	0	19646	3822	130	0	2106	0	3302	82	33490	1390	0	0	0	0	0	0	0	0	0	0	0	0	0	0	0	0	564	0	0	0	0	0	0	0	0	0	0	0	0	0	0	0	646	0	58432	6076	6004	1050	4450	0	46188	3192	0	7524	3778	0	6906	126	5570	594	540	0	654	1152	10382	11712	7258	758	1236	1494	
528796	Cerebelum_6_R	0	0	0	0	0	0	0	0	0	0	0	0	0	0	0	0	0	0	0	0	0	0	0	0	0	0	0	0	0	0	0	0	0	0	0	0	0	414	0	1232	0	0	132	74	0	0	1976	9632	0	0	354	0	630	1948	1796	18664	0	0	0	0	0	0	0	0	0	0	0	0	0	0	0	0	0	0	0	0	0	0	0	0	0	0	0	0	0	0	0	0	0	290	6384	58624	4312	4796	600	8026	4380	37390	7524	0	512	620	936	5172	210	7610	0	720	2216	6680	19752	15056	16720	7712	7370	3934	
275388	Cerebelum_7b_L	0	0	0	0	0	0	0	0	0	0	0	0	0	0	0	0	0	0	0	0	0	0	0	0	0	0	0	0	0	0	0	0	0	0	0	0	168	0	218	0	0	0	0	0	0	0	96	0	0	0	0	0	0	0	656	0	0	0	0	0	0	0	0	0	0	0	0	0	0	0	0	0	0	0	0	0	0	0	0	0	0	0	0	0	0	0	0	0	100	0	14166	708	38346	6744	470	88	2282	264	3778	512	0	5974	33628	5348	5242	596	222	0	230	256	608	142	8790	7590	472	0	
203468	Cerebelum_7b_R	0	0	0	0	0	0	0	0	0	0	0	0	0	0	0	0	0	0	0	0	0	0	0	0	0	0	0	0	0	0	0	0	0	0	0	0	0	0	0	0	0	0	0	0	0	0	0	0	0	0	0	0	0	0	0	0	0	0	0	0	0	0	0	0	0	0	0	0	0	0	0	0	0	0	0	0	0	0	0	0	0	0	0	0	0	0	0	0	0	172	128	8766	5970	29806	0	0	0	208	0	620	5974	0	3518	31332	0	5216	0	0	0	0	0	0	5352	4410	262	0	
330796	Cerebelum_8_L	0	0	0	0	0	0	0	0	0	0	0	0	0	0	0	0	0	0	0	0	0	0	0	0	0	0	0	0	0	0	0	0	0	0	0	0	184	0	240	0	0	0	0	0	0	0	182	0	0	0	0	0	0	0	784	0	0	0	0	0	0	0	0	0	0	0	0	0	0	0	0	0	0	0	0	0	0	0	0	0	0	0	0	0	0	0	0	0	148	0	18502	1006	30322	3976	1440	132	5550	568	6906	936	33628	3518	0	4554	21520	3552	1030	0	472	536	1114	210	9060	11718	3394	216	
324956	Cerebelum_8_R	0	0	0	0	0	0	0	0	0	0	0	0	0	0	0	0	0	0	0	0	0	0	0	0	0	0	0	0	0	0	0	0	0	0	0	0	0	0	0	0	0	0	0	0	0	0	0	0	0	0	0	0	0	0	0	266	0	0	0	0	0	0	0	0	0	0	0	0	0	0	0	0	0	0	0	0	0	0	0	0	0	0	0	0	0	0	0	0	0	398	306	23264	4566	40424	0	1000	182	1420	126	5172	5348	31332	4554	0	242	22288	0	352	800	1210	454	148	9642	6238	2348	398	
133304	Cerebelum_9_L	0	0	0	0	0	0	0	0	0	0	0	0	0	0	0	0	0	0	0	0	0	0	0	0	0	0	0	0	0	0	0	0	0	0	0	0	0	0	0	0	0	0	0	0	0	0	170	112	0	0	0	0	0	0	276	0	0	0	0	0	0	0	0	0	0	0	0	0	0	0	0	0	0	0	0	0	0	0	0	0	0	0	0	0	0	0	0	0	0	0	6116	142	4670	0	2096	0	5390	154	5570	210	5242	0	21520	242	0	2800	1844	0	0	78	792	954	2322	2008	3142	802	
193708	Cerebelum_9_R	0	0	0	0	0	0	0	0	0	0	0	0	0	0	0	0	0	0	0	0	0	0	0	0	0	0	0	0	0	0	0	0	0	0	0	0	0	0	0	0	0	0	0	0	0	0	0	340	0	0	0	0	0	0	0	470	0	0	0	0	0	0	0	0	0	0	0	0	0	0	0	0	0	0	0	0	0	0	0	0	0	0	0	0	0	0	0	0	0	0	628	7360	526	5036	0	1924	310	2020	594	7610	596	5216	3552	22288	2800	0	0	1326	1650	2294	1208	2712	6282	7940	9226	2946	
8720	Cerebelum_10_L	0	0	0	0	0	0	0	0	0	0	0	0	0	0	0	0	0	0	0	0	0	0	0	0	0	0	0	0	0	0	0	0	0	0	0	0	0	0	0	0	0	0	0	0	0	0	0	0	0	0	0	0	0	0	0	0	0	0	0	0	0	0	0	0	0	0	0	0	0	0	0	0	0	0	0	0	0	0	0	0	0	0	0	0	0	0	0	0	0	0	390	0	0	0	74	0	152	0	540	0	222	0	1030	0	1844	0	0	0	0	0	0	0	108	0	0	0	
8252	Cerebelum_10_R	0	0	0	0	0	0	0	0	0	0	0	0	0	0	0	0	0	0	0	0	0	0	0	0	0	0	0	0	0	0	0	0	0	0	0	0	0	0	0	0	0	0	0	0	0	0	0	0	0	0	0	0	0	0	0	0	0	0	0	0	0	0	0	0	0	0	0	0	0	0	0	0	0	0	0	0	0	0	0	0	0	0	0	0	0	0	0	0	0	0	0	412	0	0	0	0	0	132	0	720	0	0	0	352	0	1326	0	0	0	0	0	0	410	390	384	0	
52908	Vermis_1_2	0	0	0	0	0	0	0	0	0	0	0	0	0	0	0	0	0	0	0	0	0	0	0	0	0	0	0	0	0	0	0	0	0	0	0	0	0	0	236	0	0	0	0	0	0	0	0	116	0	0	0	0	0	0	0	138	0	0	0	0	0	0	0	0	0	0	0	0	0	0	0	0	0	0	0	0	0	0	0	0	0	0	0	0	0	0	0	0	0	0	540	1698	180	406	678	1406	1288	1000	654	2216	230	0	472	800	0	1650	0	0	0	5446	2268	604	1320	1400	1410	298	
106000	Vermis_3	0	0	0	0	0	0	0	0	0	0	0	0	0	0	0	0	0	0	0	0	0	0	0	0	0	0	0	0	0	0	0	0	0	0	0	0	218	0	524	82	0	0	0	0	0	0	188	250	0	0	0	0	0	0	168	386	0	0	0	0	0	0	0	0	0	0	0	0	0	0	0	0	0	0	0	0	70	0	0	0	0	0	0	0	0	0	0	0	0	0	928	4804	202	676	2914	6262	2986	3802	1152	6680	256	0	536	1210	78	2294	0	0	5446	0	3714	776	2126	2012	1922	338	
