data	data	554980	388360	956672	967848	163736	72352	559708	354180	95272	33660	188312	188932	228168	198508	192428	122648	165100	209768	883160	811852	55480	59840	404428	373112	56476	102728	80396	85308	551860	347264	366020	603548	164512	468584	144280	186152	263400	331164	75712	190080	32244	48620	209460	262064	196652	290328	320588	299992	242148	243032	482084	171304	214328	51168	473100	484972	332504	379508	142912	261968	188568	148316	130616	98264	109792	108912	277612	424548	213000	247464	236684	364956	334380	483352	60196	40216	185348	139932	102328	29588	140836	139092	80228	65720	281212	240760	35844	33796	313300	175812	637272	543664	442424	296904	29420	59724	297256	204580	580504	503100	359232	131044	449760	362964	116032	101844	44036	13544	21116	60280	274416	333664	306264	139068	88064	39524	
data	data	Precentral_L	Precentral_R	Frontal_Sup_L	Frontal_Sup_R	Frontal_Sup_Orb_L	Frontal_Sup_Orb_R	Frontal_Mid_L	Frontal_Mid_R	Frontal_Mid_Orb_L	Frontal_Mid_Orb_R	Frontal_Inf_Oper_L	Frontal_Inf_Oper_R	Frontal_Inf_Tri_L	Frontal_Inf_Tri_R	Frontal_Inf_Orb_L	Frontal_Inf_Orb_R	Rolandic_Oper_L	Rolandic_Oper_R	Supp_Motor_Area_L	Supp_Motor_Area_R	Olfactory_L	Olfactory_R	Frontal_Sup_Medial_L	Frontal_Sup_Medial_R	Frontal_Med_Orb_L	Frontal_Med_Orb_R	Rectus_L	Rectus_R	Insula_L	Insula_R	Cingulum_Ant_L	Cingulum_Ant_R	Cingulum_Mid_L	Cingulum_Mid_R	Cingulum_Post_L	Cingulum_Post_R	Hippocampus_L	Hippocampus_R	ParaHippocampal_L	ParaHippocampal_R	Amygdala_L	Amygdala_R	Calcarine_L	Calcarine_R	Cuneus_L	Cuneus_R	Lingual_L	Lingual_R	Occipital_Sup_L	Occipital_Sup_R	Occipital_Mid_L	Occipital_Mid_R	Occipital_Inf_L	Occipital_Inf_R	Fusiform_L	Fusiform_R	Postcentral_L	Postcentral_R	Parietal_Sup_L	Parietal_Sup_R	Parietal_Inf_L	Parietal_Inf_R	SupraMarginal_L	SupraMarginal_R	Angular_L	Angular_R	Precuneus_L	Precuneus_R	Paracentral_Lobule_L	Paracentral_Lobule_R	Caudate_L	Caudate_R	Putamen_L	Putamen_R	Pallidum_L	Pallidum_R	Thalamus_L	Thalamus_R	Heschl_L	Heschl_R	Temporal_Sup_L	Temporal_Sup_R	Temporal_Pole_Sup_L	Temporal_Pole_Sup_R	Temporal_Mid_L	Temporal_Mid_R	Temporal_Pole_Mid_L	Temporal_Pole_Mid_R	Temporal_Inf_L	Temporal_Inf_R	Cerebelum_Crus1_L	Cerebelum_Crus1_R	Cerebelum_Crus2_L	Cerebelum_Crus2_R	Cerebelum_3_L	Cerebelum_3_R	Cerebelum_4_5_L	Cerebelum_4_5_R	Cerebelum_6_L	Cerebelum_6_R	Cerebelum_7b_L	Cerebelum_7b_R	Cerebelum_8_L	Cerebelum_8_R	Cerebelum_9_L	Cerebelum_9_R	Cerebelum_10_L	Cerebelum_10_R	Vermis_1_2	Vermis_3	Vermis_4_5	Vermis_6	Vermis_7	Vermis_8	Vermis_9	Vermis_10	
554980	Precentral_L	0	4368	19118	3996	230	0	25938	960	0	0	11270	0	1832	0	228	0	6468	0	12090	10088	0	0	800	104	0	0	244	0	13706	0	1498	1050	804	4902	0	236	16160	372	416	236	0	0	150	0	0	0	0	0	0	0	810	0	0	0	2428	0	42558	1476	870	0	3096	0	896	0	280	0	176	0	23702	5040	6082	130	11584	0	4444	0	27272	536	4796	0	830	0	0	0	616	0	0	0	2422	0	92	0	0	0	0	0	0	0	90	0	0	0	0	0	0	0	0	0	0	0	0	0	0	0	0	0	
388360	Precentral_R	4368	0	1934	31276	0	0	1478	13664	0	0	0	5528	0	1628	0	130	0	4492	3336	15164	0	0	572	202	0	0	0	0	90	2574	954	1786	1058	3872	258	1206	0	5844	0	2636	0	0	0	162	128	168	0	270	0	170	142	198	0	0	126	3392	1420	15584	0	932	228	1464	0	2690	0	0	218	666	2338	11072	4252	8900	568	7948	288	1962	1876	21284	0	230	0	836	0	0	0	302	0	0	0	148	0	0	0	0	0	0	0	168	0	0	0	0	0	0	0	0	0	0	0	0	0	0	0	0	0	0	
956672	Frontal_Sup_L	19118	1934	0	16008	13666	0	75322	1424	6656	0	13202	1102	16316	156	15438	116	6684	280	88680	19718	476	0	45148	7982	2518	208	2772	110	35622	716	17910	10738	4242	5382	0	0	4286	102	554	0	0	0	202	0	0	0	0	0	0	0	0	0	0	0	982	0	4496	0	0	0	526	0	118	0	0	0	0	0	140	206	8736	1204	19640	988	1868	472	1150	298	1470	0	408	0	570	0	0	0	0	0	276	0	0	0	0	0	0	0	0	0	0	0	0	0	0	0	0	0	0	0	0	0	0	0	0	0	0	0	
967848	Frontal_Sup_R	3996	31276	16008	0	120	3722	3422	51032	0	1768	108	8384	166	10312	164	5444	0	8456	25944	66370	0	176	12142	41808	98	3916	272	3128	278	13542	7230	46062	1572	18492	144	0	0	6904	0	3916	0	0	0	0	104	0	0	268	0	0	106	0	0	0	0	2252	1622	840	0	178	178	0	0	0	0	0	102	0	0	516	4760	29960	976	27060	0	3426	618	13196	0	262	0	340	0	682	0	106	0	0	0	0	0	0	0	0	0	0	0	0	0	0	0	0	0	0	0	0	0	0	0	0	0	0	0	0	0	0	
163736	Frontal_Sup_Orb_L	230	0	13666	120	0	0	3604	0	8918	0	104	0	972	0	10242	0	0	0	760	0	1518	0	6888	608	3934	456	8406	112	6382	0	6336	1476	0	0	0	0	0	0	502	0	188	0	0	0	0	0	0	0	0	0	0	0	0	0	0	0	0	0	0	0	0	0	0	0	0	0	0	0	0	0	300	0	5946	0	0	0	0	0	0	0	0	0	200	0	0	0	0	0	0	0	0	0	0	0	0	0	0	0	0	0	0	0	0	0	0	0	0	0	0	0	0	0	0	0	0	0	
72352	Frontal_Sup_Orb_R	0	0	0	3722	0	0	0	1544	0	2310	0	0	0	264	0	2578	0	0	0	0	0	778	110	3458	152	5894	0	8314	0	610	608	2098	0	0	0	0	0	0	0	0	0	0	0	0	0	0	0	0	0	0	0	0	0	0	0	0	0	0	0	0	0	0	0	0	0	0	0	0	0	0	0	2086	0	1650	0	0	0	0	0	0	0	0	0	0	0	0	0	0	0	0	0	0	0	0	0	0	0	0	0	0	0	0	0	0	0	0	0	0	0	0	0	0	0	0	0	0	
559708	Frontal_Mid_L	25938	1478	75322	3422	3604	0	0	886	6028	0	10858	310	27836	0	10552	0	1652	0	27556	2738	292	0	14084	1528	0	0	1006	0	26304	0	6236	3754	1382	556	0	0	3646	0	274	0	0	0	0	0	0	0	0	0	0	0	138	0	0	0	874	0	2012	0	114	0	1070	0	338	0	0	0	0	0	0	0	4908	242	8384	160	396	0	978	116	1764	0	184	0	176	0	150	0	0	0	608	0	0	0	0	0	0	0	0	0	0	0	0	0	0	0	0	0	0	0	0	0	0	0	0	0	0	0	
354180	Frontal_Mid_R	960	13664	1424	51032	0	1544	886	0	0	2336	0	8106	0	20768	0	5956	0	4010	2510	5022	0	0	396	4508	0	446	0	1790	0	9590	604	5784	0	1872	0	0	0	2470	0	1230	0	0	0	0	0	0	0	0	0	0	0	0	0	0	0	824	0	116	0	0	0	0	0	0	0	0	0	0	0	0	1668	10030	0	13082	0	1902	164	1878	0	146	0	194	0	178	0	0	0	0	0	0	0	0	0	0	0	0	0	0	0	0	0	0	0	0	0	0	0	0	0	0	0	0	0	0	0	0	
95272	Frontal_Mid_Orb_L	0	0	6656	0	8918	0	6028	0	0	0	0	0	3408	0	13360	0	0	0	418	0	218	0	0	0	0	0	1042	0	5392	0	0	0	0	0	0	0	0	0	0	0	0	0	0	0	0	0	0	0	0	0	0	0	0	0	0	0	0	0	0	0	0	0	0	0	0	0	0	0	0	0	0	0	1986	0	0	0	0	0	0	0	0	0	210	0	0	0	0	0	0	0	0	0	0	0	0	0	0	0	0	0	0	0	0	0	0	0	0	0	0	0	0	0	0	0	0	0	
33660	Frontal_Mid_Orb_R	0	0	0	1768	0	2310	0	2336	0	0	0	0	0	958	0	5904	0	0	0	170	0	0	0	0	0	0	0	1320	0	566	0	0	0	0	0	0	0	0	0	0	0	0	0	0	0	0	0	0	0	0	0	0	0	0	0	0	0	0	0	0	0	0	0	0	0	0	0	0	0	0	0	502	0	996	0	0	0	0	0	0	0	0	0	0	0	0	0	0	0	0	0	0	0	0	0	0	0	0	0	0	0	0	0	0	0	0	0	0	0	0	0	0	0	0	0	0	
188312	Frontal_Inf_Oper_L	11270	0	13202	108	104	0	10858	0	0	0	0	0	10158	0	0	0	9682	0	13094	0	0	0	470	0	0	0	138	0	13964	0	958	576	0	0	0	0	386	0	0	0	0	0	0	0	0	0	0	0	0	0	0	0	0	0	0	0	4388	0	0	0	0	0	0	0	0	0	0	0	0	0	106	0	1160	0	0	0	0	0	256	0	1514	0	1764	0	0	0	0	0	0	0	0	0	0	0	0	0	0	0	0	0	0	0	0	0	0	0	0	0	0	0	0	0	0	0	0	0	
188932	Frontal_Inf_Oper_R	0	5528	1102	8384	0	0	310	8106	0	0	0	0	0	11936	0	2136	0	7640	1928	5382	0	0	828	1994	0	0	90	176	0	15454	1322	3976	0	930	0	0	0	1352	0	776	0	0	0	0	0	0	0	0	0	0	0	0	0	0	0	564	0	1498	0	0	0	0	0	0	0	0	0	0	0	0	1006	1694	98	7404	0	162	0	1078	0	0	0	252	0	1360	0	0	0	0	0	0	0	0	0	0	0	0	0	0	0	0	0	0	0	0	0	0	0	0	0	0	0	0	0	0	0	0	
228168	Frontal_Inf_Tri_L	1832	0	16316	166	972	0	27836	0	3408	0	10158	0	0	0	14282	0	1500	0	10984	184	0	0	1508	184	0	0	0	0	20870	0	638	264	236	128	0	0	894	0	0	0	0	0	0	0	0	0	0	0	0	0	0	0	0	0	0	0	182	0	0	0	0	0	0	0	0	0	0	0	0	0	100	0	290	0	0	0	0	0	0	0	512	0	640	0	0	0	0	0	0	0	0	0	0	0	0	0	0	0	0	0	0	0	0	0	0	0	0	0	0	0	0	0	0	0	0	0	
198508	Frontal_Inf_Tri_R	0	1628	156	10312	0	264	0	20768	0	958	0	11936	0	0	0	14464	0	862	1528	4692	0	0	376	1924	0	0	0	446	0	16036	0	1816	0	1022	0	0	0	640	0	334	0	0	0	0	0	0	0	0	0	0	0	0	0	0	0	280	0	302	0	0	0	0	0	0	0	0	0	0	0	0	0	2028	0	5966	0	110	0	142	0	0	0	100	0	164	0	0	0	0	0	0	0	0	0	0	0	0	0	0	0	0	0	0	0	0	0	0	0	0	0	0	0	0	0	0	0	0	
192428	Frontal_Inf_Orb_L	228	0	15438	164	10242	0	10552	0	13360	0	0	0	14282	0	0	0	0	0	4990	178	1448	0	1158	128	0	0	558	0	16344	0	586	198	100	0	0	0	0	0	464	0	166	0	0	0	0	0	0	0	0	0	0	0	0	0	0	0	0	0	0	0	0	0	0	0	0	0	0	0	0	0	138	0	4628	0	0	0	0	0	0	0	0	0	864	0	0	0	0	0	0	0	0	0	0	0	0	0	0	0	0	0	0	0	0	0	0	0	0	0	0	0	0	0	0	0	0	0	
122648	Frontal_Inf_Orb_R	0	130	116	5444	0	2578	0	5956	0	5904	0	2136	0	14464	0	0	0	210	974	2160	0	756	252	554	0	0	0	2658	0	9022	0	132	0	838	0	0	0	182	0	98	0	0	0	0	0	0	0	0	0	0	0	0	0	0	0	0	0	0	0	0	0	0	0	0	0	0	0	0	0	0	0	1168	0	5212	0	0	0	0	0	0	0	110	0	270	0	0	0	0	0	0	0	0	0	0	0	0	0	0	0	0	0	0	0	0	0	0	0	0	0	0	0	0	0	0	0	0	
165100	Rolandic_Oper_L	6468	0	6684	0	0	0	1652	0	0	0	9682	0	1500	0	0	0	0	0	7370	0	0	0	0	0	0	0	0	0	16048	0	0	0	0	0	0	0	800	0	0	0	0	0	0	0	0	0	0	0	314	0	1010	0	170	0	2986	0	9424	0	292	0	502	0	944	0	464	0	250	0	0	0	0	0	932	0	0	0	0	0	5320	0	4588	0	1586	0	1230	0	0	0	2334	0	0	0	0	0	0	0	0	0	0	0	0	0	0	0	0	0	0	0	0	0	0	0	0	0	0	0	
209768	Rolandic_Oper_R	0	4492	280	8456	0	0	0	4010	0	0	0	7640	0	862	0	210	0	0	938	4500	0	0	1108	1112	0	0	122	0	0	19358	1036	2056	0	1098	0	0	0	5140	0	1320	0	0	0	0	0	104	0	0	0	96	0	110	0	0	0	2072	0	2754	0	2066	0	2174	0	4864	0	0	0	90	228	1170	342	178	218	9584	0	246	0	1302	0	2808	0	8640	0	1426	0	394	0	0	0	174	0	0	0	0	0	0	0	106	0	0	0	0	0	0	0	0	0	0	0	0	0	0	0	0	0	0	
883160	Supp_Motor_Area_L	12090	3336	88680	25944	760	0	27556	2510	418	0	13094	1928	10984	1528	4990	974	7370	938	0	60196	0	0	12112	5282	0	0	142	0	30658	1810	11816	14908	10962	27626	276	1370	2284	198	218	96	0	0	0	396	0	108	0	260	0	0	188	0	0	0	320	272	2590	544	0	0	118	0	0	0	0	0	472	1050	3766	3418	11904	2736	19786	2792	4166	442	286	360	322	0	1066	0	904	128	0	0	0	0	132	0	0	0	0	0	0	0	0	0	0	0	0	0	0	0	0	0	0	0	0	0	0	0	0	0	0	0	
811852	Supp_Motor_Area_R	10088	15164	19718	66370	0	0	2738	5022	0	170	0	5382	184	4692	178	2160	0	4500	60196	0	0	0	3412	12048	0	290	174	138	382	8830	5808	28640	10036	44088	512	2960	0	2686	0	1280	0	0	0	762	108	222	0	402	0	0	248	0	0	0	92	1098	2230	6398	0	0	550	230	0	862	0	0	704	2348	7272	20806	5642	14176	610	16142	384	446	3104	2142	0	144	0	398	0	334	0	0	0	0	0	0	0	0	0	0	0	0	0	0	0	0	0	0	0	0	0	0	0	0	0	0	226	0	0	0	0	0	
55480	Olfactory_L	0	0	476	0	1518	0	292	0	218	0	0	0	0	0	1448	0	0	0	0	0	0	3034	0	0	176	0	534	0	2720	0	2486	690	0	0	0	0	656	0	762	0	882	0	0	0	0	0	0	0	0	0	0	0	0	0	118	0	0	0	0	0	0	0	0	0	0	0	0	0	0	0	4286	2150	3346	734	208	270	0	0	0	0	0	0	736	0	0	0	0	0	0	0	0	0	0	0	0	0	0	0	0	0	0	0	0	0	0	0	0	0	0	0	0	0	0	0	0	0	
59840	Olfactory_R	0	0	0	176	0	778	0	0	0	0	0	0	0	0	0	756	0	0	0	0	3034	0	0	140	132	1404	184	1804	0	1402	1906	2258	0	0	0	0	0	0	0	0	0	264	0	0	0	0	0	0	0	0	0	0	0	0	0	0	0	0	0	0	0	0	0	0	0	0	0	0	0	0	4412	4836	3502	1740	802	390	0	0	0	0	0	0	0	0	0	0	0	0	0	0	0	0	0	0	0	0	0	0	0	0	0	0	0	0	0	0	0	0	0	0	0	0	0	0	0	0	
404428	Frontal_Sup_Medial_L	800	572	45148	12142	6888	110	14084	396	0	0	470	828	1508	376	1158	252	0	1108	12112	3412	0	0	0	21368	4986	1482	4592	124	1122	2328	23112	19486	3596	9512	0	0	0	0	0	0	0	0	0	0	0	0	0	0	0	0	0	0	0	0	0	0	0	0	0	0	0	0	0	0	0	0	0	0	0	158	2720	246	4982	1036	0	0	0	0	0	0	0	0	0	0	0	0	0	0	0	0	0	0	0	0	0	0	0	0	0	0	0	0	0	0	0	0	0	0	0	0	0	0	0	0	0	0	
373112	Frontal_Sup_Medial_R	104	202	7982	41808	608	3458	1528	4508	0	0	0	1994	184	1924	128	554	0	1112	5282	12048	0	140	21368	0	1174	7250	362	1994	202	3864	6094	30100	846	12726	0	0	0	220	0	114	0	0	0	0	0	0	0	0	0	0	0	0	0	0	0	92	0	0	0	0	0	0	0	0	0	0	0	0	0	0	650	7524	756	7412	0	0	0	0	0	0	0	0	0	244	0	0	0	0	0	0	0	0	0	0	0	0	0	0	0	0	0	0	0	0	0	0	0	0	0	0	0	0	0	0	0	0	
56476	Frontal_Med_Orb_L	0	0	2518	98	3934	152	0	0	0	0	0	0	0	0	0	0	0	0	0	0	176	132	4986	1174	0	1492	4092	352	0	0	7584	852	0	0	0	0	0	0	0	0	0	0	0	0	0	0	0	0	0	0	0	0	0	0	0	0	0	0	0	0	0	0	0	0	0	0	0	0	0	0	180	198	162	156	0	0	0	0	0	0	0	0	0	0	0	0	0	0	0	0	0	0	0	0	0	0	0	0	0	0	0	0	0	0	0	0	0	0	0	0	0	0	0	0	0	0	
102728	Frontal_Med_Orb_R	0	0	208	3916	456	5894	0	446	0	0	0	0	0	0	0	0	0	0	0	290	0	1404	1482	7250	1492	0	510	7678	0	0	3182	7492	0	0	0	0	0	0	0	0	0	0	0	0	0	0	0	0	0	0	0	0	0	0	0	0	0	0	0	0	0	0	0	0	0	0	0	0	0	0	0	5448	0	4216	0	0	0	0	0	0	0	0	0	0	0	0	0	0	0	0	0	0	0	0	0	0	0	0	0	0	0	0	0	0	0	0	0	0	0	0	0	0	0	0	0	0	
80396	Rectus_L	244	0	2772	272	8406	0	1006	0	1042	0	138	90	0	0	558	0	0	122	142	174	534	184	4592	362	4092	510	0	210	108	132	7836	2716	0	0	0	0	0	0	0	0	0	0	0	0	0	0	0	0	0	0	0	0	0	0	0	0	0	0	0	0	0	0	0	0	0	0	0	0	0	0	834	222	2712	188	0	0	0	0	0	0	0	0	0	0	0	0	0	0	0	0	0	0	0	0	0	0	0	0	0	0	0	0	0	0	0	0	0	0	0	0	0	0	0	0	0	0	
85308	Rectus_R	0	0	110	3128	112	8314	0	1790	0	1320	0	176	0	446	0	2658	0	0	0	138	0	1804	124	1994	352	7678	210	0	0	1288	508	2448	0	116	0	0	0	0	0	0	0	0	0	0	0	0	0	0	0	0	0	0	0	0	0	0	0	0	0	0	0	0	0	0	0	0	0	0	0	0	0	4296	0	3644	0	0	0	0	0	0	0	0	0	0	0	0	0	0	0	0	0	0	0	0	0	0	0	0	0	0	0	0	0	0	0	0	0	0	0	0	0	0	0	0	0	0	
551860	Insula_L	13706	90	35622	278	6382	0	26304	0	5392	0	13964	0	20870	0	16344	0	16048	0	30658	382	2720	0	1122	202	0	0	108	0	0	0	488	224	146	120	0	0	15598	0	1590	0	910	0	346	0	0	0	0	0	0	0	870	0	144	0	8816	0	8554	0	672	0	792	0	128	0	144	0	232	0	114	0	302	0	14634	0	0	0	750	0	10680	0	6382	0	3928	0	1540	0	0	0	7282	0	176	0	0	0	0	0	0	0	176	0	0	0	0	0	0	0	0	0	0	0	0	0	0	0	0	0	
347264	Insula_R	0	2574	716	13542	0	610	0	9590	0	566	0	15454	0	16036	0	9022	0	19358	1810	8830	0	1402	2328	3864	0	0	132	1288	0	0	1266	4154	158	3028	0	0	0	8512	0	2888	0	328	0	0	0	0	0	232	0	0	0	0	0	0	0	3792	0	1126	0	0	0	0	0	202	0	0	0	0	0	514	372	1900	242	22486	0	0	0	1292	0	2734	0	6430	0	3036	0	1214	0	0	0	446	0	0	0	0	0	0	0	158	0	0	0	0	0	0	0	0	0	0	0	0	0	0	0	0	0	0	
366020	Cingulum_Ant_L	1498	954	17910	7230	6336	608	6236	604	0	0	958	1322	638	0	586	0	0	1036	11816	5808	2486	1906	23112	6094	7584	3182	7836	508	488	1266	0	27874	5304	5248	238	0	0	144	0	0	0	0	0	0	0	0	0	0	0	0	0	0	0	0	0	0	0	134	0	0	0	0	0	0	0	0	0	0	0	204	9890	4918	7624	3224	0	206	0	0	0	0	0	0	0	0	0	0	0	0	0	0	0	0	0	0	0	0	0	0	0	0	0	0	0	0	0	0	0	0	0	0	0	0	0	0	0	0	
603548	Cingulum_Ant_R	1050	1786	10738	46062	1476	2098	3754	5784	0	0	576	3976	264	1816	198	132	0	2056	14908	28640	690	2258	19486	30100	852	7492	2716	2448	224	4154	27874	0	3536	22356	0	0	0	722	0	422	0	0	0	0	0	0	0	0	0	0	0	0	0	0	0	388	0	528	0	0	0	0	0	0	0	0	0	0	0	132	4450	26300	3670	15512	0	0	0	0	0	0	0	0	0	150	0	0	0	0	0	0	0	0	0	0	0	0	0	0	0	0	0	0	0	0	0	0	0	0	0	0	0	0	0	0	0	0	
164512	Cingulum_Mid_L	804	1058	4242	1572	0	0	1382	0	0	0	0	0	236	0	100	0	0	0	10962	10036	0	0	3596	846	0	0	0	0	146	158	5304	3536	0	15374	2272	1172	0	0	0	0	0	0	0	442	268	274	0	216	628	0	1156	0	318	0	0	206	212	1278	518	0	0	0	0	0	0	0	4292	1802	3954	3806	0	0	0	90	0	0	0	0	0	0	0	0	0	0	0	0	0	0	0	0	0	0	0	0	0	0	0	0	0	0	0	0	0	0	0	0	0	0	0	0	0	0	0	0	0	0	
468584	Cingulum_Mid_R	4902	3872	5382	18492	0	0	556	1872	0	0	0	930	128	1022	0	838	0	1098	27626	44088	0	0	9512	12726	0	0	0	116	120	3028	5248	22356	15374	0	548	4382	0	216	0	120	0	0	0	2342	108	672	0	1296	0	0	112	0	0	0	122	1222	308	5734	0	0	0	0	0	460	0	0	1398	6090	8764	16186	370	1300	0	1608	0	0	926	240	0	0	0	192	0	150	0	0	0	0	0	0	0	0	0	0	0	0	0	0	0	0	0	0	0	0	0	0	0	0	0	0	140	0	0	0	0	0	
144280	Cingulum_Post_L	0	258	0	144	0	0	0	0	0	0	0	0	0	0	0	0	0	0	276	512	0	0	0	0	0	0	0	0	0	0	238	0	2272	548	0	16914	3724	3368	1344	136	0	0	4134	182	1472	238	1708	116	1902	322	1852	220	1044	0	4236	2616	248	1588	0	540	0	0	0	142	330	0	9636	3188	1028	1120	0	0	0	0	0	0	214	0	0	0	0	0	0	0	0	212	0	0	284	298	0	0	0	0	0	0	434	0	0	0	0	0	0	0	0	0	0	0	0	0	3102	0	0	0	0	0	
186152	Cingulum_Post_R	236	1206	0	0	0	0	0	0	0	0	0	0	0	0	0	0	0	0	1370	2960	0	0	0	0	0	0	0	0	0	0	0	0	1172	4382	16914	0	3104	4064	1334	474	0	0	0	1810	138	1270	0	3172	390	1236	746	814	678	0	4778	5670	468	3574	0	1576	0	256	0	166	288	294	2130	13644	1356	3730	0	0	0	0	0	0	614	616	0	0	0	0	0	0	0	544	0	0	190	434	0	0	0	0	0	0	0	110	0	0	0	0	0	0	0	0	0	0	0	0	5168	0	0	0	0	0	
263400	Hippocampus_L	16160	0	4286	0	0	0	3646	0	0	0	386	0	894	0	0	0	800	0	2284	0	656	0	0	0	0	0	0	0	15598	0	0	0	0	0	3724	3104	0	2350	10032	120	6302	0	1538	0	0	0	1960	160	0	0	136	0	0	0	11990	0	4036	0	0	0	90	0	0	0	0	0	2598	844	1080	0	0	0	7134	0	780	0	6744	414	4042	0	2526	0	1650	0	1536	0	0	0	10530	0	202	0	0	0	0	0	388	0	172	0	0	0	0	0	0	0	0	0	0	0	808	0	0	0	0	0	
331164	Hippocampus_R	372	5844	102	6904	0	0	0	2470	0	0	0	1352	0	640	0	182	0	5140	198	2686	0	0	0	220	0	0	0	0	0	8512	144	722	0	216	3368	4064	2350	0	1158	26938	0	9142	0	0	0	0	0	1438	0	0	0	0	0	0	218	26646	840	2290	0	0	0	0	0	0	0	0	258	1562	1916	706	0	0	108	24984	0	956	1144	4502	0	530	0	2070	0	1484	0	2858	0	380	104	7056	0	0	0	0	0	0	0	534	0	0	0	0	0	0	0	0	0	0	0	0	274	0	0	0	0	0	
75712	ParaHippocampal_L	416	0	554	0	502	0	274	0	0	0	0	0	0	0	464	0	0	0	218	0	762	0	0	0	0	0	0	0	1590	0	0	0	0	0	1344	1334	10032	1158	0	0	952	0	506	0	0	0	2592	182	0	0	286	0	166	0	5370	0	100	0	0	0	0	0	0	0	0	0	1802	586	0	0	0	0	804	0	0	0	1252	290	0	0	270	0	416	0	186	0	204	0	1648	0	0	0	0	0	312	102	562	0	0	0	0	0	0	0	0	0	0	0	0	198	422	0	0	0	0	0	
190080	ParaHippocampal_R	236	2636	0	3916	0	0	0	1230	0	0	0	776	0	334	0	98	0	1320	96	1280	0	0	0	114	0	0	0	0	0	2888	0	422	0	120	136	474	120	26938	0	0	0	4682	0	0	0	0	0	2722	0	0	0	0	0	0	0	20852	0	1110	0	0	0	0	0	0	0	0	0	606	0	0	0	0	0	10156	0	398	432	2298	0	250	0	896	0	1946	0	954	0	1446	0	1994	0	0	0	0	0	0	0	1164	0	0	0	0	0	0	0	0	0	0	0	0	0	0	0	0	0	0	
32244	Amygdala_L	0	0	0	0	188	0	0	0	0	0	0	0	0	0	166	0	0	0	0	0	882	0	0	0	0	0	0	0	910	0	0	0	0	0	0	0	6302	0	952	0	0	0	0	0	0	0	0	0	0	0	0	0	0	0	2852	0	0	0	0	0	0	0	0	0	0	0	0	0	0	0	0	0	190	0	0	0	0	0	0	0	162	0	670	0	146	0	0	0	2702	0	0	0	0	0	0	0	0	0	0	0	0	0	0	0	0	0	0	0	0	0	0	0	0	0	0	0	
48620	Amygdala_R	0	0	0	0	0	0	0	0	0	0	0	0	0	0	0	0	0	0	0	0	0	264	0	0	0	0	0	0	0	328	0	0	0	0	0	0	0	9142	0	4682	0	0	0	0	0	0	0	0	0	0	0	0	0	0	0	5338	0	0	0	0	0	0	0	0	0	0	0	0	0	0	0	0	0	538	0	0	0	0	0	0	0	0	0	2528	0	270	0	430	0	790	0	0	0	0	0	0	0	0	0	0	0	0	0	0	0	0	0	0	0	0	0	0	0	0	0	0	
209460	Calcarine_L	150	0	202	0	0	0	0	0	0	0	0	0	0	0	0	0	0	0	0	0	0	0	0	0	0	0	0	0	346	0	0	0	0	0	4134	0	1538	0	506	0	0	0	0	4464	11072	2592	13096	2516	9388	1276	16646	0	5896	0	5556	650	0	0	548	0	0	0	0	0	130	0	13166	394	0	0	0	0	0	0	0	0	0	0	242	0	0	0	0	0	348	0	0	0	636	0	1118	624	0	0	0	0	496	0	1328	918	0	0	0	0	0	0	0	0	0	0	2638	1286	830	0	0	0	
262064	Calcarine_R	0	162	0	0	0	0	0	0	0	0	0	0	0	0	0	0	0	0	396	762	0	0	0	0	0	0	0	0	0	0	0	0	442	2342	182	1810	0	0	0	0	0	0	4464	0	6796	23510	400	16994	0	17584	0	5332	0	2224	142	10334	0	3516	0	3112	0	282	0	0	0	512	1062	20580	220	3308	0	0	0	0	0	0	0	0	0	0	0	122	0	0	0	2882	0	0	0	888	0	0	0	0	0	0	0	0	130	0	0	0	0	0	0	0	0	0	0	0	360	182	0	0	0	0	
196652	Cuneus_L	0	128	0	104	0	0	0	0	0	0	0	0	0	0	0	0	0	0	0	108	0	0	0	0	0	0	0	0	0	0	0	0	268	108	1472	138	0	0	0	0	0	0	11072	6796	0	8930	2244	1096	21532	3094	12644	0	2770	0	1896	556	0	0	2436	0	186	0	0	0	374	0	10662	2726	0	0	0	0	0	0	0	0	0	0	0	0	0	0	0	0	288	0	0	0	120	0	1100	598	0	0	0	0	0	0	1182	894	0	0	0	0	0	0	0	0	0	0	792	1138	874	0	0	0	
290328	Cuneus_R	0	168	0	0	0	0	0	0	0	0	0	0	0	0	0	0	0	104	108	222	0	0	0	0	0	0	0	0	0	0	0	0	274	672	238	1270	0	0	0	0	0	0	2592	23510	8930	0	0	3366	0	29300	0	9804	0	1964	136	2330	0	8824	0	10380	0	604	0	0	0	2878	2970	26030	0	1266	0	0	0	0	0	0	0	0	0	0	0	334	0	0	0	4732	0	0	0	1912	0	0	0	0	0	0	0	0	0	0	0	0	0	0	0	0	0	0	0	0	246	0	0	0	0	0	
320588	Lingual_L	0	0	0	0	0	0	0	0	0	0	0	0	0	0	0	0	0	0	0	0	0	0	0	0	0	0	0	0	0	0	0	0	0	0	1708	0	1960	0	2592	0	0	0	13096	400	2244	0	0	4608	2848	0	12204	0	9532	0	17444	1334	0	0	0	0	0	0	0	0	0	0	7820	100	0	0	0	0	0	0	0	0	0	0	0	0	0	0	0	0	0	0	0	0	124	0	16102	5012	1968	528	270	0	10710	1948	21036	6986	292	0	746	224	0	0	0	0	0	0	4256	8406	3796	0	0	0	
299992	Lingual_R	0	270	0	268	0	0	0	0	0	0	0	0	0	0	0	0	0	0	260	402	0	0	0	0	0	0	0	0	0	232	0	0	216	1296	116	3172	160	1438	182	2722	0	0	2516	16994	1096	3366	4608	0	496	3002	1774	1680	1902	864	2246	17640	0	1044	0	854	0	146	0	0	0	232	168	11352	102	1116	0	0	0	108	0	0	0	226	0	0	0	146	0	0	0	724	0	0	0	166	5242	10594	846	258	0	148	1548	5558	7356	12238	566	0	926	318	0	0	0	0	0	0	5778	10264	2892	0	0	162	
242148	Occipital_Sup_L	0	0	0	0	0	0	0	0	0	0	0	0	0	0	0	0	314	0	0	0	0	0	0	0	0	0	0	0	0	0	0	0	628	0	1902	390	0	0	0	0	0	0	9388	0	21532	0	2848	496	0	0	36700	0	4826	0	2050	244	1028	0	8268	0	1544	0	544	0	3000	0	12282	424	254	0	0	0	0	0	0	0	0	0	0	0	864	0	0	0	5370	0	0	0	1846	0	750	316	0	0	0	0	0	0	844	458	0	0	0	0	0	0	0	0	0	0	700	800	464	0	0	0	
243032	Occipital_Sup_R	0	170	0	0	0	0	0	0	0	0	0	0	0	0	0	0	0	96	0	0	0	0	0	0	0	0	0	0	0	0	0	0	0	0	322	1236	0	0	0	0	0	0	1276	17584	3094	29300	0	3002	0	0	0	19442	0	1426	234	1900	0	6162	0	8104	0	1026	0	0	0	5846	184	13396	0	844	0	0	0	0	0	0	0	0	0	0	0	256	0	0	0	5020	0	0	0	1294	0	0	0	0	0	0	0	0	0	0	0	0	0	0	0	0	0	0	0	0	302	0	0	0	0	0	
482084	Occipital_Mid_L	810	142	0	106	0	0	138	0	0	0	0	0	0	0	0	0	1010	0	188	248	0	0	0	0	0	0	0	0	870	0	0	0	1156	112	1852	746	136	0	286	0	0	0	16646	0	12644	0	12204	1774	36700	0	0	0	30786	0	10874	876	2888	122	18008	0	11306	0	968	0	15652	0	20012	162	750	124	0	0	0	0	0	0	0	0	0	0	1276	0	0	0	20156	0	0	0	5664	0	2336	1426	0	0	0	0	0	0	3156	1878	0	0	0	0	0	0	0	0	0	0	214	2888	1752	0	0	0	
171304	Occipital_Mid_R	0	198	0	0	0	0	0	0	0	0	0	0	0	0	0	0	0	110	0	0	0	0	0	0	0	0	0	0	0	0	0	0	0	0	220	814	0	0	0	0	0	0	0	5332	0	9804	0	1680	0	19442	0	0	0	5312	170	3970	0	3178	0	4260	0	3204	0	0	0	7778	0	7272	0	628	0	0	0	0	0	0	0	0	0	0	0	244	0	0	0	10646	0	0	0	1212	0	0	0	0	0	0	0	0	0	0	0	0	0	0	0	0	0	0	0	0	178	0	0	0	0	0	
214328	Occipital_Inf_L	0	0	0	0	0	0	0	0	0	0	0	0	0	0	0	0	170	0	0	0	0	0	0	0	0	0	0	0	144	0	0	0	318	0	1044	678	0	0	166	0	0	0	5896	0	2770	0	9532	1902	4826	0	30786	0	0	0	14758	1006	982	166	522	0	102	0	0	0	170	0	2906	172	258	130	0	0	0	0	0	0	0	0	134	0	0	0	0	0	7210	0	0	0	5354	0	2544	1584	0	0	0	0	0	0	3608	2052	0	0	0	0	0	0	0	0	0	0	140	3200	1934	0	0	0	
51168	Occipital_Inf_R	0	0	0	0	0	0	0	0	0	0	0	0	0	0	0	0	0	0	0	0	0	0	0	0	0	0	0	0	0	0	0	0	0	0	0	0	0	0	0	0	0	0	0	2224	0	1964	0	864	0	1426	0	5312	0	0	0	4272	0	848	0	822	0	0	0	0	0	184	0	1942	0	0	0	0	0	0	0	0	0	0	0	0	0	0	0	0	0	2708	0	0	0	2924	0	94	0	0	0	0	0	0	0	0	0	0	0	0	0	0	0	0	0	0	0	0	0	0	0	0	
473100	Fusiform_L	2428	126	982	0	0	0	874	0	0	0	0	0	0	0	0	0	2986	0	320	92	118	0	0	0	0	0	0	0	8816	0	0	0	0	122	4236	4778	11990	218	5370	0	2852	0	5556	142	1896	136	17444	2246	2050	234	10874	170	14758	0	0	2106	3280	1000	142	426	146	0	0	112	0	0	2472	1234	506	562	0	0	1502	0	0	0	736	110	6758	0	2374	0	3758	0	5504	98	3704	0	23134	104	24616	2366	3106	0	0	0	5670	0	26650	2986	760	0	958	0	0	0	0	0	0	0	600	4606	2650	0	0	0	
484972	Fusiform_R	0	3392	0	2252	0	0	0	824	0	0	0	564	0	280	0	0	0	2072	272	1098	0	0	0	92	0	0	0	0	0	3792	0	388	206	1222	2616	5670	0	26646	0	20852	0	5338	650	10334	556	2330	1334	17640	244	1900	876	3970	1006	4272	2106	0	254	4838	0	2410	0	1328	0	638	0	378	196	6836	218	1710	0	0	0	11110	0	94	0	376	0	330	0	2544	0	5072	0	6796	0	4418	0	19562	1414	17806	90	1132	0	220	0	3502	1718	17862	0	100	0	468	0	0	0	0	0	0	580	2600	1092	0	0	0	
332504	Postcentral_L	42558	1420	4496	1622	0	0	2012	0	0	0	4388	0	182	0	0	0	9424	0	2590	2230	0	0	0	0	0	0	0	0	8554	0	0	0	212	308	248	468	4036	840	100	0	0	0	0	0	0	0	0	0	1028	0	2888	0	982	0	3280	254	0	884	5214	0	12694	0	7452	0	524	0	3500	0	14018	722	686	0	1002	0	300	0	14600	178	4228	0	1756	0	0	0	1284	0	0	0	3090	0	0	0	0	0	0	0	0	0	0	0	0	0	0	0	0	0	0	0	0	0	0	0	0	0	0	0	
379508	Postcentral_R	1476	15584	0	840	0	0	0	116	0	0	0	1498	0	302	0	0	0	2754	544	6398	0	0	0	0	0	0	0	0	0	1126	134	528	1278	5734	1588	3574	0	2290	0	1110	0	0	0	3516	0	8824	0	1044	0	6162	122	3178	166	848	1000	4838	884	0	0	27388	0	10448	0	10538	0	2128	398	21304	5494	16032	198	790	0	2720	0	0	1144	1024	0	222	0	1990	0	0	0	6272	0	0	0	3668	0	0	0	0	0	0	0	128	0	0	0	0	0	0	0	0	0	0	0	0	412	0	0	0	0	0	
142912	Parietal_Sup_L	870	0	0	0	0	0	114	0	0	0	0	0	0	0	0	0	292	0	0	0	0	0	0	0	0	0	0	0	672	0	0	0	518	0	0	0	0	0	0	0	0	0	548	0	2436	0	0	0	8268	0	18008	0	522	0	142	0	5214	0	0	0	12880	0	320	0	2518	0	17274	192	0	0	0	0	0	0	0	0	0	0	0	0	122	0	0	0	362	0	0	0	184	0	0	0	0	0	0	0	0	0	0	0	0	0	0	0	0	0	0	0	0	0	0	0	0	0	0	0	
261968	Parietal_Sup_R	0	932	0	178	0	0	0	0	0	0	0	0	0	0	0	0	0	2066	0	0	0	0	0	0	0	0	0	0	0	0	0	0	0	0	540	1576	0	0	0	0	0	0	0	3112	0	10380	0	854	0	8104	0	4260	0	822	426	2410	0	27388	0	0	0	17286	0	3224	0	4824	770	26440	0	124	0	0	0	0	0	0	0	0	0	322	0	3728	0	0	0	6530	0	0	0	4322	0	0	0	0	0	0	0	0	0	0	0	0	0	0	0	0	0	0	0	0	366	0	0	0	0	0	
188568	Parietal_Inf_L	3096	228	526	178	0	0	1070	0	0	0	0	0	0	0	0	0	502	0	118	550	0	0	0	0	0	0	0	0	792	0	0	0	0	0	0	0	90	0	0	0	0	0	0	0	186	0	0	0	1544	0	11306	0	102	0	146	0	12694	0	12880	0	0	0	22796	0	10370	0	2800	0	282	0	0	0	0	0	0	0	0	0	0	0	1042	0	0	0	7336	0	0	0	3650	0	0	0	0	0	0	0	0	0	0	0	0	0	0	0	0	0	0	0	0	0	0	0	0	0	0	0	
148316	Parietal_Inf_R	0	1464	0	0	0	0	0	0	0	0	0	0	0	0	0	0	0	2174	0	230	0	0	0	0	0	0	0	0	0	0	0	0	0	0	0	256	0	0	0	0	0	0	0	282	0	604	0	146	0	1026	0	3204	0	0	0	1328	0	10448	0	17286	0	0	0	11334	0	12092	0	1636	0	662	0	0	0	0	0	0	0	0	0	308	0	4638	0	0	0	3914	0	0	0	1126	0	0	0	0	0	0	0	0	0	0	0	0	0	0	0	0	0	0	0	0	0	0	0	0	0	0	
130616	SupraMarginal_L	896	0	118	0	0	0	338	0	0	0	0	0	0	0	0	0	944	0	0	0	0	0	0	0	0	0	0	0	128	0	0	0	0	0	0	0	0	0	0	0	0	0	0	0	0	0	0	0	544	0	968	0	0	0	0	0	7452	0	320	0	22796	0	0	0	9278	0	308	0	174	0	0	0	0	0	0	0	0	0	0	0	4282	0	0	0	12684	0	0	0	4078	0	0	0	0	0	0	0	0	0	0	0	0	0	0	0	0	0	0	0	0	0	0	0	0	0	0	0	
98264	SupraMarginal_R	0	2690	0	0	0	0	0	0	0	0	0	0	0	0	0	0	0	4864	0	862	0	0	0	0	0	0	0	0	0	202	0	0	0	460	142	166	0	0	0	0	0	0	0	0	0	0	0	0	0	0	0	0	0	0	112	638	0	10538	0	3224	0	11334	0	0	0	2208	0	204	344	2422	0	0	0	0	0	0	0	0	0	506	0	5002	0	0	0	1442	0	0	0	1772	0	0	0	0	0	0	0	0	0	0	0	0	0	0	0	0	0	0	0	0	0	0	0	0	0	0	
109792	Angular_L	280	0	0	0	0	0	0	0	0	0	0	0	0	0	0	0	464	0	0	0	0	0	0	0	0	0	0	0	144	0	0	0	0	0	330	288	0	0	0	0	0	0	130	0	374	0	0	0	3000	0	15652	0	170	0	0	0	524	0	2518	0	10370	0	9278	0	0	0	866	0	184	0	0	0	0	0	0	0	0	0	0	0	2328	0	0	0	6858	0	0	0	1138	0	0	0	0	0	0	0	0	0	0	0	0	0	0	0	0	0	0	0	0	0	0	0	0	0	0	0	
108912	Angular_R	0	0	0	0	0	0	0	0	0	0	0	0	0	0	0	0	0	0	0	0	0	0	0	0	0	0	0	0	0	0	0	0	0	0	0	294	0	0	0	0	0	0	0	512	0	2878	0	232	0	5846	0	7778	0	184	0	378	0	2128	0	4824	0	12092	0	2208	0	0	0	3548	0	142	0	0	0	0	0	0	0	0	0	0	0	2178	0	0	0	8592	0	0	0	642	0	0	0	0	0	0	0	0	0	0	0	0	0	0	0	0	0	0	0	0	0	0	0	0	0	0	
277612	Precuneus_L	176	218	0	102	0	0	0	0	0	0	0	0	0	0	0	0	250	0	472	704	0	0	0	0	0	0	0	0	232	0	0	0	4292	1398	9636	2130	2598	258	1802	0	0	0	13166	1062	10662	2970	7820	168	12282	184	20012	0	2906	0	2472	196	3500	398	17274	770	2800	0	308	0	866	0	0	6486	2468	780	0	0	0	0	0	0	0	0	0	0	120	0	0	0	632	0	0	0	580	0	0	0	0	0	0	0	516	0	0	0	0	0	0	0	0	0	0	0	0	0	3140	0	0	0	0	0	
424548	Precuneus_R	0	666	0	0	0	0	0	0	0	0	0	0	0	0	0	0	0	90	1050	2348	0	0	0	0	0	0	0	0	0	0	0	0	1802	6090	3188	13644	844	1562	586	606	0	0	394	20580	2726	26030	100	11352	424	13396	162	7272	172	1942	1234	6836	0	21304	192	26440	0	1636	0	204	0	3548	6486	0	600	6834	0	0	0	0	0	0	0	258	0	0	0	704	0	0	0	8714	0	0	0	4250	0	0	0	0	0	0	0	538	0	0	0	0	0	0	0	0	0	0	0	0	5470	0	0	0	0	0	
213000	Paracentral_Lobule_L	23702	2338	140	0	0	0	0	0	0	0	0	0	0	0	0	0	0	228	3766	7272	0	0	0	0	0	0	0	0	114	0	0	0	3954	8764	1028	1356	1080	1916	0	0	0	0	0	220	0	0	0	102	254	0	750	0	258	0	506	218	14018	5494	0	0	282	0	174	344	184	0	2468	600	0	10514	1016	0	182	0	220	0	12176	146	0	0	156	90	0	0	224	0	0	0	246	0	0	0	0	0	0	0	0	0	0	0	0	0	0	0	0	0	0	0	0	0	0	0	0	0	0	0	
247464	Paracentral_Lobule_R	5040	11072	206	516	0	0	0	0	0	0	0	0	0	0	0	0	0	1170	3418	20806	0	0	158	0	0	0	0	0	0	514	204	132	3806	16186	1120	3730	0	706	0	0	0	0	0	3308	0	1266	0	1116	0	844	124	628	130	0	562	1710	722	16032	0	124	0	662	0	2422	0	142	780	6834	10514	0	1586	170	0	0	306	0	2520	878	0	0	0	764	0	0	0	326	0	0	0	102	0	0	0	0	0	0	0	0	0	0	0	0	0	0	0	0	0	0	0	0	376	0	0	0	0	0	
236684	Caudate_L	6082	4252	8736	4760	300	0	4908	1668	0	0	106	1006	100	0	138	0	0	342	11904	5642	4286	4412	2720	650	180	0	834	0	302	372	9890	4450	0	370	0	0	0	0	0	0	0	0	0	0	0	0	0	0	0	0	0	0	0	0	0	0	686	198	0	0	0	0	0	0	0	0	0	0	1016	1586	0	9142	15944	2168	2886	1380	4578	348	0	0	0	0	0	0	0	0	0	0	0	0	0	0	0	0	0	0	0	0	0	0	0	0	0	0	0	0	0	0	0	0	0	0	0	0	0	0	
364956	Caudate_R	130	8900	1204	29960	0	2086	242	10030	0	502	0	1694	0	2028	0	1168	0	178	2736	14176	2150	4836	246	7524	198	5448	222	4296	0	1900	4918	26300	0	1300	0	0	0	0	0	0	0	0	0	0	0	0	0	0	0	0	0	0	0	0	0	0	0	790	0	0	0	0	0	0	0	0	0	0	0	170	9142	0	5102	18384	1516	2154	338	10510	0	0	0	0	0	0	0	0	0	0	0	0	0	0	0	0	0	0	0	0	0	0	0	0	0	0	0	0	0	0	0	0	0	0	0	0	0	0	
334380	Putamen_L	11584	568	19640	976	5946	0	8384	0	1986	0	1160	98	290	0	4628	0	932	218	19786	610	3346	3502	4982	756	162	0	2712	0	14634	242	7624	3670	0	0	0	0	7134	108	804	0	190	0	0	0	0	0	0	0	0	0	0	0	0	0	1502	0	1002	0	0	0	0	0	0	0	0	0	0	0	182	0	15944	5102	0	1160	9280	362	2702	240	1248	0	350	0	190	0	176	0	0	0	1078	0	0	0	0	0	0	0	0	0	0	0	0	0	0	0	0	0	0	0	0	0	0	0	0	0	0	0	
483352	Putamen_R	0	7948	988	27060	0	1650	160	13082	0	996	0	7404	0	5966	0	5212	0	9584	2792	16142	734	1740	1036	7412	156	4216	188	3644	0	22486	3224	15512	90	1608	0	0	0	24984	0	10156	0	538	0	0	0	0	0	108	0	0	0	0	0	0	0	11110	0	2720	0	0	0	0	0	0	0	0	0	0	0	0	2168	18384	1160	0	124	4620	0	798	0	352	0	1056	0	498	0	566	0	0	0	1016	0	0	0	0	0	0	0	288	0	0	0	0	0	0	0	0	0	0	0	0	0	0	0	0	0	0	
60196	Pallidum_L	4444	288	1868	0	0	0	396	0	0	0	0	0	0	0	0	0	0	0	4166	384	208	802	0	0	0	0	0	0	0	0	0	0	0	0	0	0	780	0	0	0	0	0	0	0	0	0	0	0	0	0	0	0	0	0	0	0	300	0	0	0	0	0	0	0	0	0	0	0	220	306	2886	1516	9280	124	0	0	2034	96	0	0	0	0	0	0	0	0	0	0	0	0	0	0	0	0	0	0	0	0	0	0	0	0	0	0	0	0	0	0	0	0	0	0	0	0	0	0	
40216	Pallidum_R	0	1962	472	3426	0	0	0	1902	0	0	0	162	0	110	0	0	0	246	442	446	270	390	0	0	0	0	0	0	0	0	206	0	0	0	0	0	0	956	0	398	0	0	0	0	0	0	0	0	0	0	0	0	0	0	0	94	0	0	0	0	0	0	0	0	0	0	0	0	0	0	1380	2154	362	4620	0	0	0	110	0	0	0	0	0	0	0	0	0	0	0	0	0	0	0	0	0	0	0	0	0	0	0	0	0	0	0	0	0	0	0	0	0	0	0	0	0	0	
185348	Thalamus_L	27272	1876	1150	618	0	0	978	164	0	0	0	0	0	0	0	0	0	0	286	3104	0	0	0	0	0	0	0	0	750	0	0	0	0	926	214	614	6744	1144	1252	432	0	0	0	0	0	0	0	0	0	0	0	0	0	0	736	0	14600	1144	0	0	0	0	0	0	0	0	0	0	12176	2520	4578	338	2702	0	2034	0	0	2556	0	0	340	0	0	0	338	0	0	0	1088	0	0	0	0	0	0	0	0	0	0	0	0	0	0	0	0	0	0	0	0	0	0	0	0	0	0	0	
139932	Thalamus_R	536	21284	298	13196	0	0	116	1878	0	0	0	1078	0	142	0	0	0	1302	360	2142	0	0	0	0	0	0	0	0	0	1292	0	0	0	240	0	616	414	4502	290	2298	0	0	0	0	0	0	0	226	0	0	0	0	0	0	110	376	178	1024	0	0	0	0	0	0	0	0	0	258	146	878	348	10510	240	798	96	110	2556	0	0	128	0	0	0	0	0	0	0	0	0	0	0	0	0	0	0	0	0	0	0	0	0	0	0	0	0	0	0	0	0	0	0	0	0	0	0	0	
102328	Heschl_L	4796	0	1470	0	0	0	1764	0	0	0	256	0	0	0	0	0	5320	0	322	0	0	0	0	0	0	0	0	0	10680	0	0	0	0	0	0	0	4042	0	0	0	0	0	242	0	0	0	0	0	0	0	0	0	134	0	6758	0	4228	0	0	0	0	0	0	0	0	0	0	0	0	0	0	0	1248	0	0	0	0	0	0	0	1640	0	0	0	1876	0	0	0	6038	0	174	0	0	0	0	0	0	0	176	0	0	0	0	0	0	0	0	0	0	0	0	0	0	0	0	0	
29588	Heschl_R	0	230	0	262	0	0	0	146	0	0	0	0	0	0	0	0	0	2808	0	144	0	0	0	0	0	0	0	0	0	2734	0	0	0	0	0	0	0	530	0	250	0	0	0	0	0	0	0	0	0	0	0	0	0	0	0	330	0	222	0	322	0	308	0	506	0	0	0	0	0	0	0	0	0	352	0	0	0	128	0	0	0	4396	0	0	0	1126	0	0	0	0	0	0	0	0	0	0	0	0	0	0	0	0	0	0	0	0	0	0	0	0	0	0	0	0	0	0	
140836	Temporal_Sup_L	830	0	408	0	0	0	184	0	0	0	1514	0	512	0	0	0	4588	0	1066	0	0	0	0	0	0	0	0	0	6382	0	0	0	0	0	0	0	2526	0	270	0	162	0	0	0	0	0	0	0	864	0	1276	0	0	0	2374	0	1756	0	122	0	1042	0	4282	0	2328	0	120	0	156	0	0	0	350	0	0	0	340	0	1640	0	0	0	5234	0	18988	0	0	0	11104	0	0	0	0	0	0	0	0	0	0	0	0	0	0	0	0	0	0	0	0	0	0	0	0	0	0	0	
139092	Temporal_Sup_R	0	836	0	340	0	0	0	194	0	0	0	252	0	100	0	110	0	8640	0	398	0	0	0	0	0	0	0	0	0	6430	0	0	0	192	0	0	0	2070	0	896	0	0	0	122	0	334	0	146	0	256	0	244	0	0	0	2544	0	1990	0	3728	0	4638	0	5002	0	2178	0	704	90	764	0	0	0	1056	0	0	0	0	0	4396	0	0	0	4182	0	12702	0	608	0	3404	0	0	0	0	0	0	0	0	0	0	0	0	0	0	0	0	0	0	0	0	0	0	0	0	0	0	
80228	Temporal_Pole_Sup_L	0	0	570	0	200	0	176	0	210	0	1764	0	640	0	864	0	1586	0	904	0	736	0	0	0	0	0	0	0	3928	0	0	0	0	0	0	0	1650	0	416	0	670	0	0	0	0	0	0	0	0	0	0	0	0	0	3758	0	0	0	0	0	0	0	0	0	0	0	0	0	0	0	0	0	190	0	0	0	0	0	0	0	5234	0	0	0	6410	0	4462	0	5746	0	0	0	0	0	0	0	0	0	0	0	0	0	0	0	0	0	0	0	0	0	0	0	0	0	0	0	
65720	Temporal_Pole_Sup_R	0	0	0	682	0	0	0	178	0	0	0	1360	0	164	0	270	0	1426	128	334	0	0	0	244	0	0	0	0	0	3036	0	150	0	150	0	0	0	1484	0	1946	0	2528	0	0	0	0	0	0	0	0	0	0	0	0	0	5072	0	0	0	0	0	0	0	0	0	0	0	0	0	0	0	0	0	498	0	0	0	0	0	0	0	4182	0	0	0	3142	0	5062	0	824	0	0	0	0	0	0	0	0	0	0	0	0	0	0	0	0	0	0	0	0	0	0	0	0	0	0	
281212	Temporal_Mid_L	616	0	0	0	0	0	150	0	0	0	0	0	0	0	0	0	1230	0	0	0	0	0	0	0	0	0	0	0	1540	0	0	0	0	0	0	0	1536	0	186	0	146	0	348	0	288	0	0	0	5370	0	20156	0	7210	0	5504	0	1284	0	362	0	7336	0	12684	0	6858	0	632	0	224	0	0	0	176	0	0	0	338	0	1876	0	18988	0	6410	0	0	0	3984	0	35174	0	0	0	0	0	0	0	0	0	0	0	0	0	0	0	0	0	0	0	0	0	0	0	0	0	0	0	
240760	Temporal_Mid_R	0	302	0	106	0	0	0	0	0	0	0	0	0	0	0	0	0	394	0	0	0	0	0	0	0	0	0	0	0	1214	0	0	0	0	212	544	0	2858	0	954	0	270	0	2882	0	4732	0	724	0	5020	0	10646	0	2708	98	6796	0	6272	0	6530	0	3914	0	1442	0	8592	0	8714	0	326	0	0	0	566	0	0	0	0	0	1126	0	12702	0	3142	0	0	0	2370	0	23168	0	454	0	0	0	0	0	190	0	412	0	0	0	0	0	0	0	0	0	0	0	0	0	0	0	0	
35844	Temporal_Pole_Mid_L	0	0	0	0	0	0	0	0	0	0	0	0	0	0	0	0	0	0	0	0	0	0	0	0	0	0	0	0	0	0	0	0	0	0	0	0	0	0	204	0	0	0	0	0	0	0	0	0	0	0	0	0	0	0	3704	0	0	0	0	0	0	0	0	0	0	0	0	0	0	0	0	0	0	0	0	0	0	0	0	0	0	0	4462	0	3984	0	0	0	5568	0	0	0	0	0	0	0	0	0	0	0	0	0	0	0	0	0	0	0	0	0	0	0	0	0	0	0	
33796	Temporal_Pole_Mid_R	0	0	0	0	0	0	0	0	0	0	0	0	0	0	0	0	0	0	0	0	0	0	0	0	0	0	0	0	0	0	0	0	0	0	0	0	0	380	0	1446	0	430	0	0	0	0	0	0	0	0	0	0	0	0	0	4418	0	0	0	0	0	0	0	0	0	0	0	0	0	0	0	0	0	0	0	0	0	0	0	0	0	608	0	5062	0	2370	0	0	0	2184	0	0	0	0	0	0	0	0	0	0	0	0	0	0	0	0	0	0	0	0	0	0	0	0	0	0	
313300	Temporal_Inf_L	2422	0	276	0	0	0	608	0	0	0	0	0	0	0	0	0	2334	0	132	0	0	0	0	0	0	0	0	0	7282	0	0	0	0	0	284	190	10530	104	1648	0	2702	0	636	0	120	0	124	0	1846	0	5664	0	5354	0	23134	0	3090	0	184	0	3650	0	4078	0	1138	0	580	0	246	0	0	0	1078	0	0	0	1088	0	6038	0	11104	0	5746	0	35174	0	5568	0	0	0	5222	0	1968	0	0	0	890	0	2320	0	1004	0	890	0	112	0	0	0	0	0	92	0	0	0	0	0	
175812	Temporal_Inf_R	0	148	0	0	0	0	0	0	0	0	0	0	0	0	0	0	0	174	0	0	0	0	0	0	0	0	0	0	0	446	0	0	0	0	298	434	0	7056	0	1994	0	790	0	888	0	1912	0	166	0	1294	0	1212	0	2924	104	19562	0	3668	0	4322	0	1126	0	1772	0	642	0	4250	0	102	0	0	0	1016	0	0	0	0	0	0	0	3404	0	824	0	23168	0	2184	0	0	0	1270	0	108	0	0	0	198	0	450	0	0	0	0	0	0	0	0	0	0	0	0	0	0	0	0	
637272	Cerebelum_Crus1_L	92	0	0	0	0	0	0	0	0	0	0	0	0	0	0	0	0	0	0	0	0	0	0	0	0	0	0	0	176	0	0	0	0	0	0	0	202	0	0	0	0	0	1118	0	1100	0	16102	5242	750	0	2336	0	2544	0	24616	1414	0	0	0	0	0	0	0	0	0	0	0	0	0	0	0	0	0	0	0	0	0	0	174	0	0	0	0	0	0	0	0	0	5222	0	0	12572	41784	3610	498	214	22390	2040	65370	14948	20854	460	24268	2350	1678	102	308	0	318	732	7080	18420	15040	1172	686	654	
543664	Cerebelum_Crus1_R	0	0	0	0	0	0	0	0	0	0	0	0	0	0	0	0	0	0	0	0	0	0	0	0	0	0	0	0	0	0	0	0	0	0	0	0	0	0	0	0	0	0	624	0	598	0	5012	10594	316	0	1426	0	1584	94	2366	17806	0	0	0	0	0	0	0	0	0	0	0	0	0	0	0	0	0	0	0	0	0	0	0	0	0	0	0	0	0	454	0	0	0	1270	12572	0	5436	38464	104	2738	3044	15356	11216	61506	2870	7836	3658	23726	212	884	0	224	0	494	6528	16766	14480	912	414	248	
442424	Cerebelum_Crus2_L	0	0	0	0	0	0	0	0	0	0	0	0	0	0	0	0	0	0	0	0	0	0	0	0	0	0	0	0	0	0	0	0	0	0	0	0	0	0	0	0	0	0	0	0	0	0	1968	846	0	0	0	0	0	0	3106	90	0	0	0	0	0	0	0	0	0	0	0	0	0	0	0	0	0	0	0	0	0	0	0	0	0	0	0	0	0	0	0	0	1968	0	41784	5436	0	8538	0	372	6350	1302	15014	5724	48300	3462	40076	6562	2620	646	1436	0	102	472	3472	4834	11944	3450	966	372	
296904	Cerebelum_Crus2_R	0	0	0	0	0	0	0	0	0	0	0	0	0	0	0	0	0	0	0	0	0	0	0	0	0	0	0	0	0	0	0	0	0	0	0	0	0	0	0	0	0	0	0	0	0	0	528	258	0	0	0	0	0	0	0	1132	0	0	0	0	0	0	0	0	0	0	0	0	0	0	0	0	0	0	0	0	0	0	0	0	0	0	0	0	0	0	0	0	0	108	3610	38464	8538	0	0	918	1298	2948	2174	9792	4718	20276	3846	34672	104	716	0	270	0	344	2122	1774	8028	1514	300	0	
29420	Cerebelum_3_L	0	0	0	0	0	0	0	0	0	0	0	0	0	0	0	0	0	0	0	0	0	0	0	0	0	0	0	0	0	0	0	0	0	0	0	0	0	0	312	0	0	0	0	0	0	0	270	0	0	0	0	0	0	0	0	0	0	0	0	0	0	0	0	0	0	0	0	0	0	0	0	0	0	0	0	0	0	0	0	0	0	0	0	0	0	0	0	0	0	0	498	104	0	0	0	172	5600	106	996	200	0	0	322	146	628	264	0	0	992	1538	1348	300	214	370	330	0	
59724	Cerebelum_3_R	0	0	0	0	0	0	0	0	0	0	0	0	0	0	0	0	0	0	0	0	0	0	0	0	0	0	0	0	0	0	0	0	0	0	0	0	0	0	102	0	0	0	0	0	0	0	0	148	0	0	0	0	0	0	0	220	0	0	0	0	0	0	0	0	0	0	0	0	0	0	0	0	0	0	0	0	0	0	0	0	0	0	0	0	0	0	0	0	0	0	214	2738	372	918	172	0	492	4732	526	3096	432	0	698	2452	234	2362	0	0	274	2814	748	444	1502	1562	2362	248	
297256	Cerebelum_4_5_L	0	0	0	0	0	0	0	0	0	0	0	0	0	0	0	0	0	0	0	0	0	0	0	0	0	0	0	0	0	0	0	0	0	0	434	0	388	0	562	0	0	0	496	0	0	0	10710	1548	0	0	0	0	0	0	5670	0	0	0	0	0	0	0	0	0	0	0	516	0	0	0	0	0	0	0	0	0	0	0	0	0	0	0	0	0	0	0	0	0	890	0	22390	3044	6350	1298	5600	492	0	4154	30098	5308	2382	176	6604	2160	4070	506	98	0	1482	2550	15388	6222	2346	1930	1378	1388	
204580	Cerebelum_4_5_R	0	168	0	0	0	0	0	0	0	0	0	0	0	0	0	0	0	106	0	0	0	0	0	0	0	0	0	0	0	158	0	0	0	0	0	110	0	534	0	1164	0	0	0	0	0	0	1948	5558	0	0	0	0	0	0	0	3502	0	128	0	0	0	0	0	0	0	0	0	538	0	0	0	0	0	288	0	0	0	0	0	0	0	0	0	0	0	190	0	0	0	198	2040	15356	1302	2948	106	4732	4154	0	2868	22320	848	598	1386	5326	144	2088	0	0	0	1742	10220	3242	2564	1540	1828	348	
580504	Cerebelum_6_L	90	0	0	0	0	0	0	0	0	0	0	0	0	0	0	0	0	0	0	0	0	0	0	0	0	0	0	0	176	0	0	0	0	0	0	0	172	0	0	0	0	0	1328	130	1182	0	21036	7356	844	0	3156	0	3608	0	26650	1718	0	0	0	0	0	0	0	0	0	0	0	0	0	0	0	0	0	0	0	0	0	0	176	0	0	0	0	0	0	0	0	0	2320	0	65370	11216	15014	2174	996	526	30098	2868	0	14866	6726	174	12588	3084	3438	330	220	0	418	1070	10770	23348	10424	2012	1432	1148	
503100	Cerebelum_6_R	0	0	0	0	0	0	0	0	0	0	0	0	0	0	0	0	0	0	0	0	0	0	0	0	0	0	0	0	0	0	0	0	0	0	0	0	0	0	0	0	0	0	918	0	894	0	6986	12238	458	0	1878	0	2052	0	2986	17862	0	0	0	0	0	0	0	0	0	0	0	0	0	0	0	0	0	0	0	0	0	0	0	0	0	0	0	0	0	412	0	0	0	450	14948	61506	5724	9792	200	3096	5308	22320	14866	0	2876	1400	3874	7666	322	1442	0	134	0	716	10790	21064	14500	814	802	256	
359232	Cerebelum_7b_L	0	0	0	0	0	0	0	0	0	0	0	0	0	0	0	0	0	0	0	0	0	0	0	0	0	0	0	0	0	0	0	0	0	0	0	0	0	0	0	0	0	0	0	0	0	0	292	566	0	0	0	0	0	0	760	0	0	0	0	0	0	0	0	0	0	0	0	0	0	0	0	0	0	0	0	0	0	0	0	0	0	0	0	0	0	0	0	0	1004	0	20854	2870	48300	4718	0	432	2382	848	6726	2876	0	1600	49394	6796	4228	912	1960	0	112	512	1662	2902	9170	6044	1200	496	
131044	Cerebelum_7b_R	0	0	0	0	0	0	0	0	0	0	0	0	0	0	0	0	0	0	0	0	0	0	0	0	0	0	0	0	0	0	0	0	0	0	0	0	0	0	0	0	0	0	0	0	0	0	0	0	0	0	0	0	0	0	0	100	0	0	0	0	0	0	0	0	0	0	0	0	0	0	0	0	0	0	0	0	0	0	0	0	0	0	0	0	0	0	0	0	0	0	460	7836	3462	20276	0	0	176	598	174	1400	1600	0	1556	24248	0	558	0	196	0	0	428	0	1058	1396	0	0	
449760	Cerebelum_8_L	0	0	0	0	0	0	0	0	0	0	0	0	0	0	0	0	0	0	0	0	0	0	0	0	0	0	0	0	0	0	0	0	0	0	0	0	0	0	0	0	0	0	0	0	0	0	746	926	0	0	0	0	0	0	958	0	0	0	0	0	0	0	0	0	0	0	0	0	0	0	0	0	0	0	0	0	0	0	0	0	0	0	0	0	0	0	0	0	890	0	24268	3658	40076	3846	322	698	6604	1386	12588	3874	49394	1556	0	10852	18626	2456	8120	0	244	884	3474	4926	8892	10806	3010	800	
362964	Cerebelum_8_R	0	0	0	0	0	0	0	0	0	0	0	0	0	0	0	0	0	0	0	0	0	0	0	0	0	0	0	0	0	0	0	0	0	0	0	0	0	0	0	0	0	0	0	0	0	0	224	318	0	0	0	0	0	0	0	468	0	0	0	0	0	0	0	0	0	0	0	0	0	0	0	0	0	0	0	0	0	0	0	0	0	0	0	0	0	0	0	0	0	0	2350	23726	6562	34672	146	2452	2160	5326	3084	7666	6796	24248	10852	0	1636	16856	0	2760	0	1204	3368	1506	8166	10620	3746	570	
116032	Cerebelum_9_L	0	0	0	0	0	0	0	0	0	0	0	0	0	0	0	0	0	0	0	0	0	0	0	0	0	0	0	0	0	0	0	0	0	0	0	0	0	0	0	0	0	0	0	0	0	0	0	0	0	0	0	0	0	0	0	0	0	0	0	0	0	0	0	0	0	0	0	0	0	0	0	0	0	0	0	0	0	0	0	0	0	0	0	0	0	0	0	0	112	0	1678	212	2620	104	628	234	4070	144	3438	322	4228	0	18626	1636	0	1824	9876	0	194	344	1050	1228	830	2050	2104	464	
101844	Cerebelum_9_R	0	0	0	0	0	0	0	0	0	0	0	0	0	0	0	0	0	0	0	0	0	0	0	0	0	0	0	0	0	0	0	0	0	0	0	0	0	0	0	0	0	0	0	0	0	0	0	0	0	0	0	0	0	0	0	0	0	0	0	0	0	0	0	0	0	0	0	0	0	0	0	0	0	0	0	0	0	0	0	0	0	0	0	0	0	0	0	0	0	0	102	884	646	716	264	2362	506	2088	330	1442	912	558	2456	16856	1824	0	0	3188	282	1518	698	246	1682	4272	5900	1190	
44036	Cerebelum_10_L	0	0	0	0	0	0	0	0	0	0	0	0	0	0	0	0	0	0	0	0	0	0	0	0	0	0	0	0	0	0	0	0	0	0	0	0	0	0	0	0	0	0	0	0	0	0	0	0	0	0	0	0	0	0	0	0	0	0	0	0	0	0	0	0	0	0	0	0	0	0	0	0	0	0	0	0	0	0	0	0	0	0	0	0	0	0	0	0	0	0	308	0	1436	0	0	0	98	0	220	0	1960	0	8120	0	9876	0	0	0	0	0	0	0	0	0	0	0	
13544	Cerebelum_10_R	0	0	0	0	0	0	0	0	0	0	0	0	0	0	0	0	0	0	0	0	0	0	0	0	0	0	0	0	0	0	0	0	0	0	0	0	0	0	0	0	0	0	0	0	0	0	0	0	0	0	0	0	0	0	0	0	0	0	0	0	0	0	0	0	0	0	0	0	0	0	0	0	0	0	0	0	0	0	0	0	0	0	0	0	0	0	0	0	0	0	0	224	0	270	0	0	0	0	0	134	0	196	0	2760	0	3188	0	0	0	0	0	0	0	0	0	0	
21116	Vermis_1_2	0	0	0	0	0	0	0	0	0	0	0	0	0	0	0	0	0	0	0	0	0	0	0	0	0	0	0	0	0	0	0	0	0	0	0	0	0	0	0	0	0	0	0	0	0	0	0	0	0	0	0	0	0	0	0	0	0	0	0	0	0	0	0	0	0	0	0	0	0	0	0	0	0	0	0	0	0	0	0	0	0	0	0	0	0	0	0	0	0	0	318	0	102	0	992	274	1482	0	418	0	112	0	244	0	194	282	0	0	0	3590	1626	0	142	258	340	184	
60280	Vermis_3	0	0	0	0	0	0	0	0	0	0	0	0	0	0	0	0	0	0	0	0	0	0	0	0	0	0	0	0	0	0	0	0	0	0	0	0	0	0	198	0	0	0	0	0	0	0	0	0	0	0	0	0	0	0	0	0	0	0	0	0	0	0	0	0	0	0	0	0	0	0	0	0	0	0	0	0	0	0	0	0	0	0	0	0	0	0	0	0	0	0	732	494	472	344	1538	2814	2550	1742	1070	716	512	0	884	1204	344	1518	0	0	3590	0	3354	442	1290	1678	2084	570	
274416	Vermis_4_5	0	0	0	0	0	0	0	0	0	0	0	0	0	0	0	0	0	0	0	226	0	0	0	0	0	0	0	0	0	0	0	0	0	140	3102	5168	808	274	422	0	0	0	2638	360	792	246	4256	5778	700	302	214	178	140	0	600	580	0	412	0	366	0	0	0	0	0	0	3140	5470	0	376	0	0	0	0	0	0	0	0	0	0	0	0	0	0	0	0	0	0	92	0	7080	6528	3472	2122	1348	748	15388	10220	10770	10790	1662	428	3474	3368	1050	698	0	0	1626	3354	0	8060	2928	1986	1746	1582	
