data	data	287116	244648	1.10186e+06	943448	201252	124004	605412	259780	109144	38880	280920	236408	408864	317232	196584	79608	213128	102908	639356	780124	115132	105052	582048	461868	103316	175088	91328	134776	662868	461860	533764	687832	187400	475880	131900	125148	185068	219448	55892	105248	42348	62000	198516	207844	177948	207432	118520	200292	135972	268288	488104	225772	156844	44672	212548	236180	219320	173660	62332	48704	253424	79068	151716	122152	179820	127080	267164	337956	166028	179044	348768	447528	353744	226284	59640	20524	90160	192700	75084	20864	184604	106424	80756	50676	393776	215440	45636	29812	265736	209148	287988	244124	195736	139064	9740	21472	140136	105668	246964	246552	191040	62716	213604	157456	84492	47976	19800	1932	9176	21612	104556	96712	97192	49964	37636	15304	
data	data	Precentral_L	Precentral_R	Frontal_Sup_L	Frontal_Sup_R	Frontal_Sup_Orb_L	Frontal_Sup_Orb_R	Frontal_Mid_L	Frontal_Mid_R	Frontal_Mid_Orb_L	Frontal_Mid_Orb_R	Frontal_Inf_Oper_L	Frontal_Inf_Oper_R	Frontal_Inf_Tri_L	Frontal_Inf_Tri_R	Frontal_Inf_Orb_L	Frontal_Inf_Orb_R	Rolandic_Oper_L	Rolandic_Oper_R	Supp_Motor_Area_L	Supp_Motor_Area_R	Olfactory_L	Olfactory_R	Frontal_Sup_Medial_L	Frontal_Sup_Medial_R	Frontal_Med_Orb_L	Frontal_Med_Orb_R	Rectus_L	Rectus_R	Insula_L	Insula_R	Cingulum_Ant_L	Cingulum_Ant_R	Cingulum_Mid_L	Cingulum_Mid_R	Cingulum_Post_L	Cingulum_Post_R	Hippocampus_L	Hippocampus_R	ParaHippocampal_L	ParaHippocampal_R	Amygdala_L	Amygdala_R	Calcarine_L	Calcarine_R	Cuneus_L	Cuneus_R	Lingual_L	Lingual_R	Occipital_Sup_L	Occipital_Sup_R	Occipital_Mid_L	Occipital_Mid_R	Occipital_Inf_L	Occipital_Inf_R	Fusiform_L	Fusiform_R	Postcentral_L	Postcentral_R	Parietal_Sup_L	Parietal_Sup_R	Parietal_Inf_L	Parietal_Inf_R	SupraMarginal_L	SupraMarginal_R	Angular_L	Angular_R	Precuneus_L	Precuneus_R	Paracentral_Lobule_L	Paracentral_Lobule_R	Caudate_L	Caudate_R	Putamen_L	Putamen_R	Pallidum_L	Pallidum_R	Thalamus_L	Thalamus_R	Heschl_L	Heschl_R	Temporal_Sup_L	Temporal_Sup_R	Temporal_Pole_Sup_L	Temporal_Pole_Sup_R	Temporal_Mid_L	Temporal_Mid_R	Temporal_Pole_Mid_L	Temporal_Pole_Mid_R	Temporal_Inf_L	Temporal_Inf_R	Cerebelum_Crus1_L	Cerebelum_Crus1_R	Cerebelum_Crus2_L	Cerebelum_Crus2_R	Cerebelum_3_L	Cerebelum_3_R	Cerebelum_4_5_L	Cerebelum_4_5_R	Cerebelum_6_L	Cerebelum_6_R	Cerebelum_7b_L	Cerebelum_7b_R	Cerebelum_8_L	Cerebelum_8_R	Cerebelum_9_L	Cerebelum_9_R	Cerebelum_10_L	Cerebelum_10_R	Vermis_1_2	Vermis_3	Vermis_4_5	Vermis_6	Vermis_7	Vermis_8	Vermis_9	Vermis_10	
287116	Precentral_L	0	1962	11820	4070	0	0	10048	1438	0	0	7510	334	1128	600	0	0	6198	0	4480	3960	0	0	0	0	0	0	0	0	6274	652	0	1040	2988	212	1696	452	2844	230	500	134	0	0	452	0	610	0	0	0	130	0	3476	0	336	0	174	0	25630	0	428	0	4984	0	374	0	792	0	974	0	11684	0	5126	1344	6104	0	376	0	2332	270	2532	0	964	0	0	0	2546	0	0	0	1350	0	0	0	0	0	0	0	0	0	0	0	0	0	0	0	0	0	0	0	0	0	0	0	0	0	0	0	
244648	Precentral_R	1962	0	1370	5434	0	0	258	12968	0	0	0	7532	0	0	0	0	150	1858	928	15856	0	0	0	0	0	0	0	0	212	2702	0	166	800	4840	586	2490	102	2032	0	382	0	0	0	484	0	416	0	570	0	2058	0	1826	0	128	0	494	996	21004	0	322	0	916	0	5048	0	430	0	4778	0	10414	280	1162	576	1518	592	252	0	2226	0	0	0	792	0	0	0	1366	0	0	0	1048	0	0	0	0	0	0	0	0	0	0	0	0	0	0	0	0	0	0	0	0	0	0	0	0	0	0	
1.10186e+06	Frontal_Sup_L	11820	1370	0	27764	14816	686	98574	1432	5874	0	12088	2608	28754	2350	13580	0	4958	838	73110	24572	630	0	64858	11914	2212	3590	464	158	42112	1866	23616	8388	4944	5022	1144	0	1660	0	126	0	0	0	0	0	0	0	0	0	0	0	472	0	0	0	0	0	474	234	180	0	238	0	0	0	160	0	156	0	1596	0	10868	2166	27434	556	5212	206	456	260	120	0	892	0	704	0	318	0	0	0	330	0	0	0	0	0	0	0	0	0	0	0	0	0	0	0	0	0	0	0	0	0	0	0	0	0	0	0	
943448	Frontal_Sup_R	4070	5434	27764	0	278	4246	4406	36004	0	0	1542	10150	1670	11496	0	1802	1416	6254	28420	77836	0	0	18522	46478	1514	4958	0	1214	3766	14768	11412	37004	2166	21066	240	834	162	810	0	152	0	102	0	0	0	0	0	0	0	0	0	0	0	0	0	0	964	884	0	0	0	166	0	514	0	116	0	0	0	210	8164	32918	3220	11750	234	2092	1064	21372	0	0	0	0	100	0	0	0	0	0	0	0	0	0	0	0	0	0	0	0	0	0	0	0	0	0	0	0	0	0	0	0	0	0	0	0	0	0	
201252	Frontal_Sup_Orb_L	0	0	14816	278	0	168	2656	0	15604	0	320	0	1232	0	14408	0	214	0	186	0	3826	0	6474	684	6378	1396	8558	0	10948	0	8870	740	0	0	0	0	0	0	0	0	584	0	0	0	0	0	0	0	0	0	0	0	0	0	0	0	0	0	0	0	0	0	0	0	0	0	0	0	0	0	170	0	1728	0	0	0	0	0	0	0	0	0	388	0	0	0	0	0	0	0	0	0	0	0	0	0	0	0	0	0	0	0	0	0	0	0	0	0	0	0	0	0	0	0	0	0	
124004	Frontal_Sup_Orb_R	0	0	686	4246	168	0	0	2370	0	6896	0	0	0	878	0	6138	0	0	0	0	0	2328	1240	3380	1040	9566	0	11696	138	2044	1788	3536	0	0	0	0	0	0	0	0	0	440	0	0	0	0	0	0	0	0	0	0	0	0	0	240	0	0	0	0	0	0	0	0	0	0	0	0	0	0	0	2002	0	1182	0	0	0	0	0	0	0	0	0	0	0	0	0	0	0	0	0	0	0	0	0	0	0	0	0	0	0	0	0	0	0	0	0	0	0	0	0	0	0	0	0	0	
605412	Frontal_Mid_L	10048	258	98574	4406	2656	0	0	430	5330	0	14146	1944	49780	2788	9484	0	1564	0	14668	2026	154	0	25042	3676	0	148	0	0	29424	2680	6428	1992	972	1034	170	0	430	0	0	0	0	0	0	0	0	0	0	0	0	0	0	0	0	0	0	0	158	170	0	0	0	0	0	0	0	0	0	0	310	0	3608	708	5982	140	650	0	0	110	0	0	448	0	170	0	0	0	0	0	0	0	0	0	0	0	0	0	0	0	0	0	0	0	0	0	0	0	0	0	0	0	0	0	0	0	0	0	
259780	Frontal_Mid_R	1438	12968	1432	36004	0	2370	430	0	0	2458	228	8364	318	13134	0	1966	352	2914	4090	3438	0	0	1896	4910	0	0	0	0	826	6220	650	5192	632	3548	138	126	140	672	0	204	0	0	0	0	0	0	0	0	0	0	0	0	0	0	0	0	600	2644	0	0	0	156	0	1296	0	0	0	0	0	0	646	2346	162	3324	0	760	0	898	0	0	0	0	0	0	0	0	0	0	0	0	0	0	0	0	0	0	0	0	0	0	0	0	0	0	0	0	0	0	0	0	0	0	0	0	0	0	
109144	Frontal_Mid_Orb_L	0	0	5874	0	15604	0	5330	0	0	0	0	0	3158	0	14862	0	0	0	0	0	0	0	378	0	1426	0	3622	0	2742	0	1368	0	0	0	0	0	0	0	0	0	0	0	0	0	0	0	0	0	0	0	0	0	0	0	0	0	0	0	0	0	0	0	0	0	0	0	0	0	0	0	0	0	0	0	0	0	0	0	0	0	0	0	208	0	0	0	0	0	0	0	0	0	0	0	0	0	0	0	0	0	0	0	0	0	0	0	0	0	0	0	0	0	0	0	0	0	
38880	Frontal_Mid_Orb_R	0	0	0	0	0	6896	0	2458	0	0	0	0	0	1014	0	7198	0	0	0	0	0	108	0	0	0	190	0	986	0	482	0	108	0	0	0	0	0	0	0	0	0	0	0	0	0	0	0	0	0	0	0	0	0	0	0	0	0	0	0	0	0	0	0	0	0	0	0	0	0	0	0	0	0	0	0	0	0	0	0	0	0	0	0	0	0	0	0	0	0	0	0	0	0	0	0	0	0	0	0	0	0	0	0	0	0	0	0	0	0	0	0	0	0	0	0	0	
280920	Frontal_Inf_Oper_L	7510	0	12088	1542	320	0	14146	228	0	0	0	2476	20412	3726	600	0	10296	0	5818	496	0	0	2254	246	0	0	0	0	20742	3772	6206	4036	0	0	0	0	354	0	0	0	0	0	0	0	0	0	0	0	0	0	0	0	0	0	0	0	2486	0	0	0	0	0	0	0	0	0	0	0	0	0	10510	3154	3556	0	0	0	0	0	306	0	2366	0	814	0	0	0	0	0	0	0	0	0	0	0	0	0	0	0	0	0	0	0	0	0	0	0	0	0	0	0	0	0	0	0	0	0	
236408	Frontal_Inf_Oper_R	334	7532	2608	10150	0	0	1944	8364	0	0	2476	0	3864	15682	0	0	0	3578	2152	4132	0	0	682	1038	0	158	0	136	790	18532	784	6216	0	1994	0	0	0	840	0	208	0	0	0	0	0	0	0	0	0	0	0	0	0	0	0	0	0	5340	0	0	0	0	0	884	0	0	0	0	0	0	5012	7806	0	3880	0	0	0	1088	0	0	0	0	0	0	0	0	0	0	0	0	0	0	0	0	0	0	0	0	0	0	0	0	0	0	0	0	0	0	0	0	0	0	0	0	0	0	
408864	Frontal_Inf_Tri_L	1128	0	28754	1670	1232	0	49780	318	3158	0	20412	3864	0	4898	11146	0	678	0	7518	1314	0	0	5908	562	104	210	0	0	33170	5084	8692	2406	0	476	0	0	0	0	0	0	0	0	0	0	0	0	0	0	0	0	0	0	0	0	0	0	110	0	0	0	0	0	0	0	0	0	0	0	0	0	8494	1806	782	0	0	0	0	0	0	0	0	0	758	0	0	0	0	0	0	0	0	0	0	0	0	0	0	0	0	0	0	0	0	0	0	0	0	0	0	0	0	0	0	0	0	0	
317232	Frontal_Inf_Tri_R	600	0	2350	11496	0	878	2788	13134	0	1014	3726	15682	4898	0	0	5106	550	160	2956	5026	0	0	1314	4746	148	398	0	202	3020	34192	2994	17538	0	3936	0	0	0	0	0	0	0	0	0	0	0	0	0	0	0	0	0	0	0	0	0	0	138	0	0	0	0	0	0	0	0	0	0	0	0	0	5620	12916	348	742	0	0	0	0	0	0	0	0	0	0	0	0	0	0	0	0	0	0	0	0	0	0	0	0	0	0	0	0	0	0	0	0	0	0	0	0	0	0	0	0	0	0	
196584	Frontal_Inf_Orb_L	0	0	13580	0	14408	0	9484	0	14862	0	600	0	11146	0	0	0	0	0	166	0	2308	0	1500	104	202	112	1778	0	19456	0	2548	214	0	0	0	0	148	0	0	0	530	0	0	0	0	0	0	0	0	0	0	0	0	0	102	0	0	0	0	0	0	0	0	0	0	0	0	0	0	0	196	0	952	0	0	0	0	0	0	0	0	0	3042	0	318	0	288	0	248	0	0	0	0	0	0	0	0	0	0	0	0	0	0	0	0	0	0	0	0	0	0	0	0	0	0	0	
79608	Frontal_Inf_Orb_R	0	0	0	1802	0	6138	0	1966	0	7198	0	0	0	5106	0	0	0	0	0	118	0	458	112	1390	0	478	0	626	0	9602	0	1760	0	222	0	0	0	0	0	104	0	0	0	0	0	0	0	0	0	0	0	0	0	0	0	0	0	0	0	0	0	0	0	0	0	0	0	0	0	0	0	496	0	614	0	0	0	0	0	0	0	572	0	846	0	196	0	0	0	0	0	0	0	0	0	0	0	0	0	0	0	0	0	0	0	0	0	0	0	0	0	0	0	0	0	0	
213128	Rolandic_Oper_L	6198	150	4958	1416	214	0	1564	352	0	0	10296	0	678	550	0	0	0	0	1648	520	222	0	534	0	0	0	0	0	21300	570	1266	1406	0	0	0	0	1336	0	0	0	0	0	0	0	0	0	0	0	0	0	748	0	202	0	138	0	8384	0	0	0	1888	0	1644	0	484	0	0	0	268	0	4570	1490	4138	0	378	0	102	300	6740	0	10062	0	984	0	4814	0	0	0	4052	0	0	0	0	0	0	0	0	0	0	0	0	0	0	0	0	0	0	0	0	0	0	0	0	0	0	0	
102908	Rolandic_Oper_R	0	1858	838	6254	0	0	0	2914	0	0	0	3578	0	160	0	0	0	0	198	1424	0	0	0	0	0	0	0	0	0	14102	110	512	0	0	0	0	0	2504	0	214	0	0	0	0	0	0	0	0	0	0	0	0	0	0	0	0	0	1646	0	0	0	0	0	2108	0	0	0	0	0	0	874	848	146	6168	0	916	0	1802	0	946	0	1230	0	0	0	0	0	0	0	104	0	0	0	0	0	0	0	0	0	0	0	0	0	0	0	0	0	0	0	0	0	0	0	0	0	0	
639356	Supp_Motor_Area_L	4480	928	73110	28420	186	0	14668	4090	0	0	5818	2152	7518	2956	166	0	1648	198	0	45214	202	0	20236	9276	0	0	0	0	7306	1530	7216	5312	11966	16796	1262	0	874	0	0	0	0	0	0	0	0	0	0	0	0	0	410	0	0	0	0	0	1432	0	0	0	300	0	0	0	0	0	526	0	6928	0	9028	1234	14960	370	5398	192	4810	124	0	0	146	0	292	0	0	0	0	0	0	0	0	0	0	0	0	0	0	0	0	0	0	0	0	0	0	0	0	0	0	0	0	0	0	0	0	0	
780124	Supp_Motor_Area_R	3960	15856	24572	77836	0	0	2026	3438	0	0	496	4132	1314	5026	0	118	520	1424	45214	0	0	0	2648	11186	0	104	0	0	1660	4864	3310	12352	5190	43082	0	3596	0	280	0	0	0	0	0	1512	0	2608	0	386	0	4148	0	3432	0	130	0	268	442	3428	0	364	0	558	0	2058	0	474	0	11350	1124	22168	4738	27690	3190	3056	738	1148	256	16594	0	0	0	1034	0	0	0	1634	0	0	0	1214	0	0	0	0	0	0	0	0	0	0	0	0	0	0	0	0	0	0	0	0	116	0	0	0	0	0	
115132	Olfactory_L	0	0	630	0	3826	0	154	0	0	0	0	0	0	0	2308	0	222	0	202	0	0	6924	286	0	1260	656	5730	2426	4728	0	3814	2732	0	0	0	0	694	0	266	0	1478	0	0	0	0	0	0	0	0	0	0	0	0	0	232	0	0	0	0	0	0	0	0	0	0	0	0	0	0	0	8448	3550	5812	598	0	0	0	0	0	0	148	0	442	0	0	0	0	0	0	0	0	0	0	0	0	0	0	0	0	0	0	0	0	0	0	0	0	0	0	0	0	0	0	0	0	0	
105052	Olfactory_R	0	0	0	0	0	2328	0	0	0	108	0	0	0	0	0	458	0	0	0	0	6924	0	0	0	126	1766	2950	6594	0	1824	2382	4154	0	0	0	0	0	0	0	650	0	1150	0	0	0	0	0	0	0	0	0	0	0	0	0	524	0	0	0	0	0	0	0	0	0	0	0	0	0	0	7906	6768	4476	1106	0	0	0	0	0	0	0	0	0	332	0	0	0	0	0	0	0	0	0	0	0	0	0	0	0	0	0	0	0	0	0	0	0	0	0	0	0	0	0	0	0	0	
582048	Frontal_Sup_Medial_L	0	0	64858	18522	6474	1240	25042	1896	378	0	2254	682	5908	1314	1500	112	534	0	20236	2648	286	0	0	32692	4342	6034	640	330	9838	654	37550	21026	5010	15258	0	0	0	0	0	0	0	0	0	0	0	0	0	0	0	0	0	0	0	0	0	0	0	0	0	0	0	0	0	0	0	0	0	0	0	0	860	356	2224	138	0	0	0	0	0	0	0	0	188	0	0	0	0	0	0	0	0	0	0	0	0	0	0	0	0	0	0	0	0	0	0	0	0	0	0	0	0	0	0	0	0	0	
461868	Frontal_Sup_Medial_R	0	0	11914	46478	684	3380	3676	4910	0	0	246	1038	562	4746	104	1390	0	0	9276	11186	0	0	32692	0	3454	8914	0	1066	1244	4744	16458	37564	1820	18012	0	0	0	0	0	0	0	0	0	0	0	0	0	0	0	0	0	0	0	0	0	0	0	0	0	0	0	0	0	0	0	0	0	0	0	0	388	2128	564	2296	0	0	0	0	0	0	0	0	0	0	0	0	0	0	0	0	0	0	0	0	0	0	0	0	0	0	0	0	0	0	0	0	0	0	0	0	0	0	0	0	0	0	
103316	Frontal_Med_Orb_L	0	0	2212	1514	6378	1040	0	0	1426	0	0	0	104	148	202	0	0	0	0	0	1260	126	4342	3454	0	6150	5298	828	642	180	10812	3636	0	0	0	0	0	0	0	0	0	0	0	0	0	0	0	0	0	0	0	0	0	0	0	0	0	0	0	0	0	0	0	0	0	0	0	0	0	0	982	310	426	188	0	0	0	0	0	0	0	0	0	0	0	0	0	0	0	0	0	0	0	0	0	0	0	0	0	0	0	0	0	0	0	0	0	0	0	0	0	0	0	0	0	0	
175088	Frontal_Med_Orb_R	0	0	3590	4958	1396	9566	148	0	0	190	0	158	210	398	112	478	0	0	0	104	656	1766	6034	8914	6150	0	864	12576	670	1090	9554	12084	0	0	0	0	0	0	0	0	0	0	0	0	0	0	0	0	0	0	0	0	0	0	0	0	0	0	0	0	0	0	0	0	0	0	0	0	0	0	508	2794	372	2204	0	0	0	0	0	0	0	0	0	0	0	0	0	0	0	0	0	0	0	0	0	0	0	0	0	0	0	0	0	0	0	0	0	0	0	0	0	0	0	0	0	0	
91328	Rectus_L	0	0	464	0	8558	0	0	0	3622	0	0	0	0	0	1778	0	0	0	0	0	5730	2950	640	0	5298	864	0	1346	1266	0	5716	1106	0	0	0	0	0	0	0	0	488	0	0	0	0	0	0	0	0	0	0	0	0	0	0	0	0	0	0	0	0	0	0	0	0	0	0	0	0	0	3954	1112	772	0	0	0	0	0	0	0	0	0	0	0	0	0	0	0	0	0	0	0	0	0	0	0	0	0	0	0	0	0	0	0	0	0	0	0	0	0	0	0	0	0	0	0	
134776	Rectus_R	0	0	158	1214	0	11696	0	0	0	986	0	136	0	202	0	626	0	0	0	0	2426	6594	330	1066	828	12576	1346	0	0	830	3614	10060	0	0	0	0	0	0	0	206	0	714	0	0	0	0	0	0	0	0	0	0	0	0	0	396	0	0	0	0	0	0	0	0	0	0	0	0	0	0	2190	5100	1688	2284	0	0	0	0	0	0	0	0	0	122	0	0	0	0	0	0	0	0	0	0	0	0	0	0	0	0	0	0	0	0	0	0	0	0	0	0	0	0	0	0	0	0	
662868	Insula_L	6274	212	42112	3766	10948	138	29424	826	2742	0	20742	790	33170	3020	19456	0	21300	0	7306	1660	4728	0	9838	1244	642	670	1266	0	0	2896	18102	4722	0	136	0	0	7490	0	1048	0	910	0	0	0	0	0	0	0	0	0	672	0	260	0	1870	0	4848	0	0	0	2586	0	1160	0	122	0	0	0	0	0	6916	2496	24140	0	238	0	574	282	6890	0	8016	0	3998	0	3560	0	266	0	4962	0	0	0	0	0	0	0	0	0	0	0	0	0	0	0	0	0	0	0	0	0	0	0	0	0	0	0	
461860	Insula_R	652	2702	1866	14768	0	2044	2680	6220	0	482	3772	18532	5084	34192	0	9602	570	14102	1530	4864	0	1824	654	4744	180	1090	0	830	2896	0	2732	19450	0	3190	0	108	0	4808	0	828	0	354	0	0	0	0	0	0	0	0	0	232	0	0	0	1528	140	1228	0	0	0	0	0	906	0	262	0	0	0	0	6604	17358	422	20610	0	264	0	682	0	2168	0	3926	0	1752	0	2380	0	0	0	3118	0	0	0	0	0	0	0	0	0	0	0	0	0	0	0	0	0	0	0	0	0	0	0	0	0	0	
533764	Cingulum_Ant_L	0	0	23616	11412	8870	1788	6428	650	1368	0	6206	784	8692	2994	2548	0	1266	110	7216	3310	3814	2382	37550	16458	10812	9554	5716	3614	18102	2732	0	35044	4860	6690	0	0	0	0	0	0	106	0	0	0	0	0	0	0	0	0	0	0	0	0	0	0	0	0	0	0	0	0	0	0	0	0	0	0	0	0	5800	3966	10166	1578	0	0	0	0	0	0	220	0	460	0	0	0	0	0	0	0	0	0	0	0	0	0	0	0	0	0	0	0	0	0	0	0	0	0	0	0	0	0	0	0	0	0	
687832	Cingulum_Ant_R	1040	166	8388	37004	740	3536	1992	5192	0	108	4036	6216	2406	17538	214	1760	1406	512	5312	12352	2732	4154	21026	37564	3636	12084	1106	10060	4722	19450	35044	0	3338	27200	0	0	0	118	0	0	0	0	0	0	0	0	0	0	0	0	0	0	0	0	0	0	308	0	0	0	0	0	0	0	0	0	0	0	0	0	7832	27872	3656	11958	0	0	0	138	0	0	0	0	0	0	0	0	0	0	0	0	0	0	0	0	0	0	0	0	0	0	0	0	0	0	0	0	0	0	0	0	0	0	0	0	0	0	
187400	Cingulum_Mid_L	2988	800	4944	2166	0	0	972	632	0	0	0	0	0	0	0	0	0	0	11966	5190	0	0	5010	1820	0	0	0	0	0	0	4860	3338	0	13170	4768	608	0	0	0	0	0	0	0	0	1880	0	216	0	2302	0	3102	0	680	0	312	0	222	0	188	0	326	0	0	0	450	0	3190	848	13628	1468	0	0	292	0	762	0	0	0	0	0	0	0	0	0	310	0	0	0	292	0	0	0	0	0	0	0	0	0	0	0	0	0	0	0	0	0	0	0	0	0	0	0	0	0	0	0	
475880	Cingulum_Mid_R	212	4840	5022	21066	0	0	1034	3548	0	0	0	1994	476	3936	0	222	0	0	16796	43082	0	0	15258	18012	0	0	0	0	136	3190	6690	27200	13170	0	1642	4368	0	0	0	0	0	0	0	1464	0	3076	0	0	0	3718	0	1620	0	0	0	0	0	4362	0	180	0	214	0	174	0	352	714	12948	1146	12638	560	1640	168	0	146	0	0	138	0	0	0	160	0	0	0	348	0	0	0	280	0	0	0	0	0	0	0	0	0	0	0	0	0	0	0	0	0	0	0	0	0	0	0	0	0	0	
131900	Cingulum_Post_L	1696	586	1144	240	0	0	170	138	0	0	0	0	0	0	0	0	0	0	1262	0	0	0	0	0	0	0	0	0	0	0	0	0	4768	1642	0	7264	6942	4268	1596	1110	0	0	2326	0	3182	350	542	650	2328	716	2796	0	872	0	342	158	100	694	0	0	0	0	0	0	0	0	7088	2322	1650	0	0	0	338	184	0	0	3018	3060	0	0	0	0	0	0	228	0	0	0	0	0	0	0	0	0	0	0	0	180	0	0	0	0	0	0	0	0	0	0	0	0	0	0	0	0	0	0	
125148	Cingulum_Post_R	452	2490	0	834	0	0	0	126	0	0	0	0	0	0	0	0	0	0	0	3596	0	0	0	0	0	0	0	0	0	108	0	0	608	4368	7264	0	4166	7026	704	1460	0	0	0	694	0	1782	0	2148	0	2646	0	320	0	222	0	512	0	942	0	0	0	0	0	0	0	0	1004	8692	0	1100	0	0	264	186	0	0	3774	4378	0	0	0	0	0	0	0	146	0	0	0	208	0	0	0	0	0	0	0	246	0	0	0	0	0	0	0	0	0	0	0	0	108	0	0	0	0	0	
185068	Hippocampus_L	2844	102	1660	162	0	0	430	140	0	0	354	0	0	0	148	0	1336	0	874	0	694	0	0	0	0	0	0	0	7490	0	0	0	0	0	6942	4166	0	3824	7926	1020	7188	0	2520	0	0	0	1380	590	0	0	252	0	334	0	8514	102	682	0	0	0	0	0	0	0	0	0	4214	338	0	0	120	0	6582	0	1020	0	3704	2328	1502	0	1264	0	1050	0	1106	0	148	0	7310	0	0	0	0	0	0	0	0	174	0	0	0	0	0	0	0	0	0	0	0	0	0	0	0	0	0	0	
219448	Hippocampus_R	230	2032	0	810	0	0	0	672	0	0	0	840	0	0	0	0	0	2504	0	280	0	0	0	0	0	0	0	0	0	4808	0	118	0	0	4268	7026	3824	0	566	12698	0	8586	0	784	0	0	0	2942	0	114	0	312	0	928	0	16194	0	1416	0	0	0	0	0	562	0	198	320	2808	0	0	0	194	274	9026	0	256	2858	5446	0	388	0	224	0	1438	0	1958	0	718	0	10346	0	0	0	0	0	0	0	758	0	0	0	0	0	0	0	0	0	0	0	0	0	0	0	0	0	0	
55892	ParaHippocampal_L	500	0	126	0	0	0	0	0	0	0	0	0	0	0	0	0	0	0	0	0	266	0	0	0	0	0	0	0	1048	0	0	0	0	0	1596	704	7926	566	0	250	1828	0	812	0	0	0	1612	0	0	0	850	0	1562	0	2910	0	0	0	0	0	0	0	0	0	0	0	930	0	0	0	0	0	768	0	0	0	722	258	252	0	0	0	890	0	142	0	796	0	304	0	0	0	0	0	328	0	0	0	0	0	0	0	0	0	0	0	0	0	0	0	0	0	0	0	0	0	
105248	ParaHippocampal_R	134	382	0	152	0	0	0	204	0	0	0	208	0	0	0	104	0	214	0	0	0	650	0	0	0	0	0	206	0	828	0	0	0	0	1110	1460	1020	12698	250	0	0	3694	0	570	0	164	0	3476	0	194	0	370	0	1364	0	10204	0	232	0	0	0	0	0	0	0	0	0	1524	0	0	0	186	162	1812	0	0	466	1642	0	0	0	0	0	2590	0	132	0	1440	0	1736	0	0	0	0	0	0	0	1046	0	0	0	0	0	0	0	0	0	0	0	0	0	0	0	0	0	0	
42348	Amygdala_L	0	0	0	0	584	0	0	0	0	0	0	0	0	0	530	0	0	0	0	0	1478	0	0	0	0	0	488	0	910	0	106	0	0	0	0	0	7188	0	1828	0	0	0	0	0	0	0	0	0	0	0	0	0	0	0	4310	0	0	0	0	0	0	0	0	0	0	0	0	0	0	0	0	0	578	0	0	0	0	0	0	0	0	0	778	0	0	0	310	0	2086	0	0	0	0	0	0	0	0	0	0	0	0	0	0	0	0	0	0	0	0	0	0	0	0	0	0	0	
62000	Amygdala_R	0	0	0	102	0	440	0	0	0	0	0	0	0	0	0	0	0	0	0	0	0	1150	0	0	0	0	0	714	0	354	0	0	0	0	0	0	0	8586	0	3694	0	0	0	0	0	0	0	0	0	0	0	0	0	0	0	7462	0	0	0	0	0	0	0	0	0	0	0	0	0	0	0	418	0	1734	0	0	0	384	0	0	0	0	0	2352	0	374	0	824	0	2412	0	0	0	0	0	0	0	0	0	0	0	0	0	0	0	0	0	0	0	0	0	0	0	0	0	0	
198516	Calcarine_L	452	0	0	0	0	0	0	0	0	0	0	0	0	0	0	0	0	0	0	0	0	0	0	0	0	0	0	0	0	0	0	0	0	0	2326	0	2520	0	812	0	0	0	0	2628	15600	2356	9766	752	6112	564	24676	106	5916	0	3256	0	0	0	0	0	130	0	102	0	114	0	14344	0	1584	0	0	0	0	0	0	0	0	0	210	0	0	0	0	0	2718	0	0	0	864	0	0	0	0	0	0	0	172	182	0	0	0	0	0	0	134	144	116	0	0	0	464	138	0	0	0	0	
207844	Calcarine_R	0	484	0	0	0	0	0	0	0	0	0	0	0	0	0	0	0	0	0	1512	0	0	0	0	0	0	0	0	0	0	0	0	0	1464	0	694	0	784	0	570	0	0	2628	0	3126	19958	332	16900	0	17702	0	11720	0	2378	0	3448	0	534	0	0	0	0	0	0	0	1018	230	14388	0	1914	0	0	0	0	0	0	0	0	0	0	0	0	0	0	0	1720	0	0	0	418	0	0	0	0	0	0	0	0	0	0	0	0	0	0	0	0	0	0	0	0	0	0	0	0	0	0	
177948	Cuneus_L	610	0	0	0	0	0	0	0	0	0	0	0	0	0	0	0	0	0	0	0	0	0	0	0	0	0	0	0	0	0	0	0	1880	0	3182	0	0	0	0	0	0	0	15600	3126	0	5520	838	0	17912	1988	17678	0	2932	0	860	0	0	0	0	0	248	0	116	0	314	0	9580	1040	2352	0	0	0	0	0	0	0	0	0	104	0	0	0	0	0	2530	0	0	0	564	0	0	0	0	0	0	0	0	0	0	0	0	0	0	0	0	0	0	0	0	0	0	0	0	0	0	0	
207432	Cuneus_R	0	416	0	0	0	0	0	0	0	0	0	0	0	0	0	0	0	0	0	2608	0	0	0	0	0	0	0	0	0	0	0	0	0	3076	350	1782	0	0	0	164	0	0	2356	19958	5520	0	0	5086	388	26150	114	5754	0	244	0	584	0	550	0	836	0	0	0	0	0	510	4130	19636	0	2906	0	0	0	0	0	0	0	0	0	0	0	0	0	0	0	424	0	0	0	174	0	0	0	0	0	0	0	0	0	0	0	0	0	0	0	0	0	0	0	0	0	0	0	0	0	0	
118520	Lingual_L	0	0	0	0	0	0	0	0	0	0	0	0	0	0	0	0	0	0	0	0	0	0	0	0	0	0	0	0	0	0	0	0	216	0	542	0	1380	0	1612	0	0	0	9766	332	838	0	0	518	1010	0	14016	0	6616	0	7134	0	0	0	0	0	0	0	0	0	0	0	2890	0	0	0	0	0	0	0	0	0	0	0	0	0	0	0	0	0	886	0	0	0	1172	0	1296	0	0	0	0	0	3066	266	3478	136	0	0	0	0	150	154	208	0	0	0	1318	260	0	0	0	0	
200292	Lingual_R	0	570	0	0	0	0	0	0	0	0	0	0	0	0	0	0	0	0	0	386	0	0	0	0	0	0	0	0	0	0	0	0	0	0	650	2148	590	2942	0	3476	0	0	752	16900	0	5086	518	0	0	8298	0	9618	0	3406	0	10536	0	0	0	0	0	0	0	0	0	266	0	8584	0	250	0	0	0	0	0	0	198	604	0	0	0	0	0	0	0	1444	0	0	0	636	1666	2530	116	174	0	0	224	3062	2002	5428	0	0	116	0	0	0	0	0	0	0	1782	4598	590	0	0	0	
135972	Occipital_Sup_L	130	0	0	0	0	0	0	0	0	0	0	0	0	0	0	0	0	0	0	0	0	0	0	0	0	0	0	0	0	0	0	0	2302	0	2328	0	0	0	0	0	0	0	6112	0	17912	388	1010	0	0	0	20460	0	1520	0	602	0	0	0	1794	0	346	0	0	0	382	0	10086	534	1280	0	0	0	0	0	0	0	0	0	0	0	0	0	0	0	546	0	0	0	254	0	0	0	0	0	0	0	0	0	0	0	0	0	0	0	0	0	0	0	0	0	0	0	0	0	0	0	
268288	Occipital_Sup_R	0	2058	0	0	0	0	0	0	0	0	0	0	0	0	0	0	0	0	0	4148	0	0	0	0	0	0	0	0	0	0	0	0	0	3718	716	2646	0	114	0	194	0	0	564	17702	1988	26150	0	8298	0	0	0	19374	0	1308	0	1796	0	1174	0	3720	0	2938	0	0	0	6390	1966	21720	0	3668	0	0	0	0	0	0	0	0	0	0	0	0	0	0	0	1214	0	0	0	580	0	0	0	0	0	0	0	0	0	0	0	0	0	0	0	0	0	0	0	0	0	0	0	0	0	0	
488104	Occipital_Mid_L	3476	0	472	0	0	0	0	0	0	0	0	0	0	0	0	0	748	0	410	0	0	0	0	0	0	0	0	0	672	0	0	0	3102	0	2796	0	252	0	850	0	0	0	24676	0	17678	114	14016	0	20460	0	0	0	23212	0	9556	0	5002	0	3848	0	19946	0	6282	0	21612	0	22012	204	10230	0	562	0	0	0	0	0	138	0	942	0	880	0	0	0	21806	0	0	0	7572	0	526	0	0	0	0	0	0	0	0	0	0	0	0	0	0	0	0	0	0	0	0	0	0	0	0	0	
225772	Occipital_Mid_R	0	1826	0	0	0	0	0	0	0	0	0	0	0	0	0	0	0	0	0	3432	0	0	0	0	0	0	0	0	0	232	0	0	0	1620	0	320	0	312	0	370	0	0	106	11720	0	5754	0	9618	0	19374	0	0	0	1818	0	4134	0	380	0	1336	0	5442	0	0	0	16376	0	10222	0	3154	0	0	0	0	0	0	0	0	0	194	0	0	0	0	0	12230	0	0	0	2916	0	0	0	0	0	0	0	0	0	0	0	0	0	0	0	0	0	0	0	0	0	0	0	0	0	0	
156844	Occipital_Inf_L	336	0	0	0	0	0	0	0	0	0	0	0	0	0	0	0	202	0	0	0	0	0	0	0	0	0	0	0	260	0	0	0	680	0	872	0	334	0	1562	0	0	0	5916	0	2932	0	6616	0	1520	0	23212	0	0	0	10602	0	296	0	0	0	1478	0	1422	0	1192	0	2094	0	466	0	114	0	0	0	0	0	0	0	728	0	516	0	0	0	7844	0	0	0	6370	0	726	0	0	0	0	0	0	0	132	0	0	0	0	0	0	0	0	0	0	0	0	0	0	0	0	0	
44672	Occipital_Inf_R	0	128	0	0	0	0	0	0	0	0	0	0	0	0	0	0	0	0	0	130	0	0	0	0	0	0	0	0	0	0	0	0	0	0	0	222	0	928	0	1364	0	0	0	2378	0	244	0	3406	0	1308	0	1818	0	0	0	5936	0	0	0	0	0	0	0	0	0	0	0	1188	0	0	0	0	0	0	0	0	0	0	0	0	0	0	0	0	0	586	0	0	0	2116	0	112	0	0	0	0	0	0	0	276	0	0	0	0	0	0	0	0	0	0	0	196	0	0	0	0	
212548	Fusiform_L	174	0	0	0	0	0	0	0	0	0	0	0	0	0	102	0	138	0	0	0	232	0	0	0	0	0	0	0	1870	0	0	0	312	0	342	0	8514	0	2910	0	4310	0	3256	0	860	0	7134	0	602	0	9556	0	10602	0	0	0	0	0	0	0	244	0	174	0	252	0	206	0	0	0	0	0	606	0	0	0	0	0	328	0	362	0	1134	0	2002	0	1372	0	9166	0	11716	0	0	0	0	0	9056	0	17660	0	0	0	0	0	0	0	0	0	0	0	940	142	0	0	0	0	
236180	Fusiform_R	0	494	0	0	0	240	0	0	0	0	0	0	0	0	0	0	0	0	0	268	0	524	0	0	0	0	0	396	0	1528	0	0	0	0	158	512	102	16194	0	10204	0	7462	0	3448	0	584	0	10536	0	1796	0	4134	0	5936	0	0	0	0	0	0	0	0	0	0	0	134	0	3202	0	100	0	216	0	1634	0	0	0	234	0	144	0	216	0	2914	0	4378	0	2684	0	15186	0	5394	0	0	0	140	138	4496	0	9276	0	0	0	0	0	0	0	0	0	108	1544	1436	0	0	0	0	
219320	Postcentral_L	25630	996	474	964	0	0	158	600	0	0	2486	0	110	138	0	0	8384	0	1432	442	0	0	0	0	0	0	0	0	4848	140	0	308	222	0	100	0	682	0	0	0	0	0	0	0	0	0	0	0	0	0	5002	0	296	0	0	0	0	0	5314	0	19966	0	7944	0	2306	0	4422	0	2656	0	1446	360	814	0	206	0	710	0	2210	0	2622	0	0	0	3302	0	0	0	1970	0	0	0	0	0	0	0	0	0	0	0	0	0	0	0	0	0	0	0	0	0	0	0	0	0	0	0	
173660	Postcentral_R	0	21004	234	884	0	0	170	2644	0	0	0	5340	0	0	0	0	0	1646	0	3428	0	0	0	0	0	0	0	0	0	1228	0	0	0	4362	694	942	0	1416	0	232	0	0	0	534	0	550	0	0	0	1174	0	380	0	0	0	0	0	0	0	4718	0	3152	0	12246	0	614	188	5764	0	8886	0	100	0	1144	0	164	0	1604	0	0	0	788	0	0	0	306	0	0	0	294	0	0	0	0	0	0	0	0	0	0	0	0	0	0	0	0	0	0	0	0	0	0	0	0	0	0	
62332	Parietal_Sup_L	428	0	180	0	0	0	0	0	0	0	0	0	0	0	0	0	0	0	0	0	0	0	0	0	0	0	0	0	0	0	0	0	188	0	0	0	0	0	0	0	0	0	0	0	0	0	0	0	1794	0	3848	0	0	0	0	0	5314	0	0	0	7170	0	0	0	1022	0	9676	0	1292	0	0	0	0	0	0	0	0	0	0	0	0	0	0	0	128	0	0	0	126	0	0	0	0	0	0	0	0	0	0	0	0	0	0	0	0	0	0	0	0	0	0	0	0	0	0	0	
48704	Parietal_Sup_R	0	322	0	0	0	0	0	0	0	0	0	0	0	0	0	0	0	0	0	364	0	0	0	0	0	0	0	0	0	0	0	0	0	180	0	0	0	0	0	0	0	0	0	0	0	836	0	0	0	3720	0	1336	0	0	0	0	0	4718	0	0	0	2168	0	332	0	2330	1484	5654	0	908	0	0	0	0	0	0	0	0	0	0	0	0	0	0	0	0	0	0	0	0	0	0	0	0	0	0	0	0	0	0	0	0	0	0	0	0	0	0	0	0	0	0	0	0	0	0	
253424	Parietal_Inf_L	4984	0	238	0	0	0	0	0	0	0	0	0	0	0	0	0	1888	0	300	0	0	0	0	0	0	0	0	0	2586	0	0	0	326	0	0	0	0	0	0	0	0	0	130	0	248	0	0	0	346	0	19946	0	1478	0	244	0	19966	0	7170	0	0	0	19806	0	21070	0	5168	0	2938	0	1162	0	0	0	0	0	126	0	872	0	1078	0	0	0	11872	0	0	0	2770	0	0	0	0	0	0	0	0	0	0	0	0	0	0	0	0	0	0	0	0	0	0	0	0	0	0	0	
79068	Parietal_Inf_R	0	916	0	166	0	0	0	156	0	0	0	0	0	0	0	0	0	0	0	558	0	0	0	0	0	0	0	0	0	0	0	0	0	214	0	0	0	0	0	0	0	0	0	0	0	0	0	0	0	2938	0	5442	0	0	0	0	0	3152	0	2168	0	0	0	8900	0	11406	0	230	0	314	0	0	0	0	0	0	0	0	0	0	0	778	0	0	0	1426	0	0	0	770	0	0	0	0	0	0	0	0	0	0	0	0	0	0	0	0	0	0	0	0	0	0	0	0	0	0	
151716	SupraMarginal_L	374	0	0	0	0	0	0	0	0	0	0	0	0	0	0	0	1644	0	0	0	0	0	0	0	0	0	0	0	1160	0	0	0	0	0	0	0	0	0	0	0	0	0	102	0	116	0	0	0	0	0	6282	0	1422	0	174	0	7944	0	0	0	19806	0	0	0	11542	0	480	0	836	0	480	0	0	0	0	0	0	0	490	0	6060	0	0	0	15106	0	0	0	1840	0	0	0	0	0	0	0	0	0	0	0	0	0	0	0	0	0	0	0	0	0	0	0	0	0	0	0	
122152	SupraMarginal_R	0	5048	0	514	0	0	0	1296	0	0	0	884	0	0	0	0	0	2108	0	2058	0	0	0	0	0	0	0	0	0	906	0	0	0	174	0	0	0	562	0	0	0	0	0	0	0	0	0	0	0	0	0	0	0	0	0	0	0	12246	0	332	0	8900	0	0	0	5626	0	0	0	660	0	0	0	714	0	0	0	318	0	162	0	6642	0	0	0	6554	0	0	0	5372	0	0	0	0	0	0	0	0	0	0	0	0	0	0	0	0	0	0	0	0	0	0	0	0	0	0	
179820	Angular_L	792	0	160	0	0	0	0	0	0	0	0	0	0	0	0	0	484	0	0	0	0	0	0	0	0	0	0	0	122	0	0	0	450	0	0	0	0	0	0	0	0	0	114	0	314	0	0	0	382	0	21612	0	1192	0	252	0	2306	0	1022	0	21070	0	11542	0	0	0	3690	0	5108	0	0	0	0	0	0	0	0	0	152	0	1602	0	0	0	14394	0	0	0	3150	0	0	0	0	0	0	0	0	0	0	0	0	0	0	0	0	0	0	0	0	0	0	0	0	0	0	0	
127080	Angular_R	0	430	0	116	0	0	0	0	0	0	0	0	0	0	0	0	0	0	0	474	0	0	0	0	0	0	0	0	0	262	0	0	0	352	0	0	0	198	0	0	0	0	0	1018	0	510	0	266	0	6390	0	16376	0	0	0	134	0	614	0	2330	0	11406	0	5626	0	0	0	1344	0	444	0	0	0	0	0	0	0	0	0	0	0	2834	0	0	0	8594	0	0	0	3822	0	0	0	0	0	0	0	0	0	0	0	0	0	0	0	0	0	0	0	0	0	0	0	0	0	0	
267164	Precuneus_L	974	0	156	0	0	0	0	0	0	0	0	0	0	0	0	0	0	0	526	0	0	0	0	0	0	0	0	0	0	0	0	0	3190	714	7088	1004	4214	320	930	0	0	0	14344	230	9580	4130	2890	0	10086	1966	22012	0	2094	0	206	0	4422	188	9676	1484	5168	0	480	0	3690	0	0	9516	7208	122	0	0	0	0	0	0	174	0	0	0	0	0	0	0	3508	0	0	0	1292	0	0	0	0	0	0	0	0	0	0	0	0	0	0	0	0	0	0	0	0	0	0	0	0	0	0	0	
337956	Precuneus_R	0	4778	0	0	0	0	0	0	0	0	0	0	0	0	0	0	0	0	0	11350	0	0	0	0	0	0	0	0	0	0	0	0	848	12948	2322	8692	338	2808	0	1524	0	0	0	14388	1040	19636	0	8584	534	21720	204	10222	0	1188	0	3202	0	5764	0	5654	0	230	0	0	0	1344	9516	0	310	14364	0	0	0	0	0	0	130	132	0	0	0	206	0	0	0	3122	0	0	0	1428	0	0	0	0	0	0	0	0	0	0	0	0	0	0	0	0	0	0	0	0	452	0	0	0	0	0	
166028	Paracentral_Lobule_L	11684	0	1596	0	0	0	310	0	0	0	0	0	0	0	0	0	268	0	6928	1124	0	0	0	0	0	0	0	0	0	0	0	0	13628	1146	1650	0	0	0	0	0	0	0	1584	0	2352	0	0	0	1280	0	10230	0	466	0	0	0	2656	0	1292	0	2938	0	836	0	5108	0	7208	310	0	518	0	0	108	0	202	0	0	0	0	0	876	0	0	0	4446	0	0	0	2270	0	0	0	0	0	0	0	0	0	0	0	0	0	0	0	0	0	0	0	0	0	0	0	0	0	0	0	
179044	Paracentral_Lobule_R	0	10414	0	210	0	0	0	0	0	0	0	0	0	0	0	0	0	0	0	22168	0	0	0	0	0	0	0	0	0	0	0	0	1468	12638	0	1100	0	0	0	0	0	0	0	1914	0	2906	0	250	0	3668	0	3154	0	0	0	100	0	8886	0	908	0	314	0	660	0	444	122	14364	518	0	0	114	0	0	0	0	0	146	0	0	0	412	0	0	0	1448	0	0	0	1078	0	0	0	0	0	0	0	0	0	0	0	0	0	0	0	0	0	0	0	0	118	0	0	0	0	0	
348768	Caudate_L	5126	280	10868	8164	170	0	3608	646	0	0	10510	5012	8494	5620	196	0	4570	874	9028	4738	8448	7906	860	388	982	508	3954	2190	6916	6604	5800	7832	0	560	0	0	120	0	0	0	0	0	0	0	0	0	0	0	0	0	562	0	114	0	0	0	1446	0	0	0	1162	0	480	0	0	0	0	0	0	0	0	13490	15090	1334	1066	0	2940	554	1066	0	1276	0	0	0	1668	0	0	0	1164	0	0	0	0	0	0	0	0	0	0	0	0	0	0	0	0	0	0	0	0	0	0	0	0	0	0	0	
447528	Caudate_R	1344	1162	2166	32918	0	2002	708	2346	0	0	3154	7806	1806	12916	0	496	1490	848	1234	27690	3550	6768	356	2128	310	2794	1112	5100	2496	17358	3966	27872	0	1640	0	0	0	194	0	186	0	418	0	0	0	0	0	0	0	0	0	0	0	0	0	216	360	100	0	0	0	0	0	0	0	0	0	0	0	114	13490	0	3974	11416	0	1482	792	15376	0	0	0	0	0	110	0	0	0	0	0	0	0	0	0	0	0	0	0	0	0	0	0	0	0	0	0	0	0	0	0	0	0	0	0	0	0	0	
353744	Putamen_L	6104	576	27434	3220	1728	0	5982	162	0	0	3556	0	782	348	952	0	4138	146	14960	3190	5812	4476	2224	564	426	372	772	1688	24140	422	10166	3656	292	168	338	264	6582	274	768	162	578	0	0	0	0	0	0	0	0	0	0	0	0	0	606	0	814	0	0	0	0	0	0	0	0	0	0	0	108	0	15090	3974	0	980	10058	0	3014	566	234	0	1568	0	1242	0	540	0	0	0	656	0	0	0	0	0	0	0	0	0	0	0	0	0	0	0	0	0	0	0	0	0	0	0	0	0	0	0	
226284	Putamen_R	0	1518	556	11750	0	1182	140	3324	0	0	0	3880	0	742	0	614	0	6168	370	3056	598	1106	138	2296	188	2204	0	2284	0	20610	1578	11958	0	0	184	186	0	9026	0	1812	0	1734	0	0	0	0	0	0	0	0	0	0	0	0	0	1634	0	1144	0	0	0	0	0	714	0	0	0	0	0	0	1334	11416	980	0	0	2230	0	2430	0	0	0	258	0	972	0	0	0	184	0	644	0	0	0	0	0	0	0	0	0	0	0	0	0	0	0	0	0	0	0	0	0	0	0	0	0	0	
59640	Pallidum_L	376	592	5212	234	0	0	650	0	0	0	0	0	0	0	0	0	378	0	5398	738	0	0	0	0	0	0	0	0	238	0	0	0	762	146	0	0	1020	0	0	0	0	0	0	0	0	0	0	0	0	0	0	0	0	0	0	0	206	0	0	0	0	0	0	0	0	0	0	0	202	0	1066	0	10058	0	0	0	2544	0	0	0	0	0	0	0	0	0	0	0	0	0	0	0	0	0	0	0	0	0	0	0	0	0	0	0	0	0	0	0	0	0	0	0	0	0	0	0	
20524	Pallidum_R	0	252	206	2092	0	0	0	760	0	0	0	0	0	0	0	0	0	916	192	1148	0	0	0	0	0	0	0	0	0	264	0	0	0	0	0	0	0	256	0	0	0	0	0	0	0	0	0	0	0	0	0	0	0	0	0	0	0	164	0	0	0	0	0	0	0	0	0	0	0	0	0	1482	0	2230	0	0	0	300	0	0	0	0	0	0	0	0	0	0	0	0	0	0	0	0	0	0	0	0	0	0	0	0	0	0	0	0	0	0	0	0	0	0	0	0	0	0	
90160	Thalamus_L	2332	0	456	1064	0	0	0	0	0	0	0	0	0	0	0	0	102	0	4810	256	0	0	0	0	0	0	0	0	574	0	0	0	0	0	3018	3774	3704	2858	722	466	0	0	0	0	0	0	0	198	0	0	138	0	0	0	0	0	710	0	0	0	126	0	0	0	0	0	174	130	0	0	2940	792	3014	0	2544	0	0	9968	0	0	0	0	0	0	210	0	0	0	0	0	0	0	0	0	0	0	0	0	0	0	0	0	0	0	0	0	0	0	0	0	0	0	0	0	0	0	
192700	Thalamus_R	270	2226	260	21372	0	0	110	898	0	0	0	1088	0	0	0	0	300	1802	124	16594	0	0	0	0	0	0	0	0	282	682	0	138	0	138	3060	4378	2328	5446	258	1642	0	384	0	0	0	0	0	604	0	0	0	0	0	0	0	234	0	1604	0	0	0	0	0	318	0	0	0	132	0	146	554	15376	566	2430	0	300	9968	0	0	0	0	0	0	0	0	0	0	0	0	0	0	0	0	0	0	0	0	338	0	0	0	0	0	0	0	0	0	0	0	0	0	0	0	0	0	0	
75084	Heschl_L	2532	0	120	0	0	0	0	0	0	0	306	0	0	0	0	0	6740	0	0	0	0	0	0	0	0	0	0	0	6890	0	0	0	0	0	0	0	1502	0	252	0	0	0	210	0	104	0	0	0	0	0	942	0	728	0	328	0	2210	0	0	0	872	0	490	0	152	0	0	0	0	0	1066	0	234	0	0	0	0	0	0	0	5250	0	0	0	4446	0	0	0	2168	0	0	0	0	0	0	0	0	0	0	0	0	0	0	0	0	0	0	0	0	0	0	0	0	0	0	0	
20864	Heschl_R	0	0	0	0	0	0	0	0	0	0	0	0	0	0	0	0	0	946	0	0	0	0	0	0	0	0	0	0	0	2168	0	0	0	0	0	0	0	388	0	0	0	0	0	0	0	0	0	0	0	0	0	194	0	0	0	144	0	0	0	0	0	0	0	162	0	0	0	0	0	0	0	0	0	0	0	0	0	0	0	0	0	3596	0	0	0	1500	0	0	0	1334	0	0	0	0	0	0	0	0	0	0	0	0	0	0	0	0	0	0	0	0	0	0	0	0	0	0	
184604	Temporal_Sup_L	964	0	892	0	0	0	448	0	0	0	2366	0	0	0	0	0	10062	0	146	0	148	0	0	0	0	0	0	0	8016	0	220	0	0	0	0	0	1264	0	0	0	0	0	0	0	0	0	0	0	0	0	880	0	516	0	362	0	2622	0	0	0	1078	0	6060	0	1602	0	0	0	876	0	1276	0	1568	0	0	0	0	0	5250	0	0	0	3642	0	27480	0	0	0	14564	0	0	0	0	0	0	0	0	0	0	0	0	0	0	0	0	0	0	0	0	0	0	0	0	0	0	0	
106424	Temporal_Sup_R	0	792	0	0	0	0	0	0	0	0	0	0	0	0	0	572	0	1230	0	1034	0	0	0	0	0	0	0	0	0	3926	0	0	0	160	0	0	0	224	0	0	0	0	0	0	0	0	0	0	0	0	0	0	0	0	0	216	0	788	0	0	0	778	0	6642	0	2834	0	206	0	412	0	0	0	258	0	0	0	0	0	3596	0	0	0	2696	0	15926	0	0	0	10922	0	0	0	0	0	0	0	0	0	0	0	0	0	0	0	0	0	0	0	0	0	0	0	0	0	0	
80756	Temporal_Pole_Sup_L	0	0	704	100	388	0	170	0	208	0	814	0	758	0	3042	0	984	0	292	0	442	0	188	0	0	0	0	0	3998	0	460	0	0	0	0	0	1050	0	890	0	778	0	0	0	0	0	0	0	0	0	0	0	0	0	1134	0	0	0	0	0	0	0	0	0	0	0	0	0	0	0	0	0	1242	0	0	0	0	0	0	0	3642	0	0	0	8270	0	6196	0	4628	0	0	0	0	0	0	0	0	0	0	0	0	0	0	0	0	0	0	0	0	0	0	0	0	0	0	0	
50676	Temporal_Pole_Sup_R	0	0	0	0	0	0	0	0	0	0	0	0	0	0	0	846	0	0	0	0	0	332	0	0	0	0	0	122	0	1752	0	0	0	0	0	0	0	1438	0	2590	0	2352	0	0	0	0	0	0	0	0	0	0	0	0	0	2914	0	0	0	0	0	0	0	0	0	0	0	0	0	0	0	110	0	972	0	0	0	0	0	0	0	2696	0	0	0	3258	0	4728	0	1228	0	0	0	0	0	0	0	0	0	0	0	0	0	0	0	0	0	0	0	0	0	0	0	0	0	0	
393776	Temporal_Mid_L	2546	0	318	0	0	0	0	0	0	0	0	0	0	0	318	0	4814	0	0	0	0	0	0	0	0	0	0	0	3560	0	0	0	310	0	228	0	1106	0	142	0	0	0	2718	0	2530	0	886	0	546	0	21806	0	7844	0	2002	0	3302	0	128	0	11872	0	15106	0	14394	0	3508	0	4446	0	1668	0	540	0	0	0	210	0	4446	0	27480	0	8270	0	0	0	7450	0	42264	0	130	0	0	0	0	0	0	0	0	0	0	0	0	0	0	0	0	0	0	0	0	0	0	0	0	0	
215440	Temporal_Mid_R	0	1366	0	0	0	0	0	0	0	0	0	0	0	0	0	196	0	0	0	1634	0	0	0	0	0	0	0	0	0	2380	0	0	0	348	0	146	0	1958	0	132	0	374	0	1720	0	424	0	1444	0	1214	0	12230	0	586	0	4378	0	306	0	0	0	1426	0	6554	0	8594	0	3122	0	1448	0	0	0	0	0	0	0	0	0	1500	0	15926	0	3258	0	0	0	2474	0	32582	0	0	0	0	0	0	0	0	0	0	0	0	0	0	0	0	0	0	0	0	0	0	0	0	0	0	
45636	Temporal_Pole_Mid_L	0	0	0	0	0	0	0	0	0	0	0	0	0	0	288	0	0	0	0	0	0	0	0	0	0	0	0	0	266	0	0	0	0	0	0	0	148	0	796	0	310	0	0	0	0	0	0	0	0	0	0	0	0	0	1372	0	0	0	0	0	0	0	0	0	0	0	0	0	0	0	0	0	0	0	0	0	0	0	0	0	0	0	6196	0	7450	0	0	0	5992	0	0	0	0	0	0	0	0	0	0	0	0	0	0	0	0	0	0	0	0	0	0	0	0	0	0	0	
29812	Temporal_Pole_Mid_R	0	0	0	0	0	0	0	0	0	0	0	0	0	0	0	0	0	0	0	0	0	0	0	0	0	0	0	0	0	0	0	0	0	0	0	0	0	718	0	1440	0	824	0	0	0	0	0	0	0	0	0	0	0	0	0	2684	0	0	0	0	0	0	0	0	0	0	0	0	0	0	0	0	0	184	0	0	0	0	0	0	0	0	0	4728	0	2474	0	0	0	1854	0	0	0	0	0	0	0	0	0	0	0	0	0	0	0	0	0	0	0	0	0	0	0	0	0	0	
265736	Temporal_Inf_L	1350	0	330	0	0	0	0	0	0	0	0	0	0	0	248	0	4052	0	0	0	0	0	0	0	0	0	0	0	4962	0	0	0	292	0	0	0	7310	0	304	0	2086	0	864	0	564	0	1172	0	254	0	7572	0	6370	0	9166	0	1970	0	126	0	2770	0	1840	0	3150	0	1292	0	2270	0	1164	0	656	0	0	0	0	0	2168	0	14564	0	4628	0	42264	0	5992	0	0	0	948	0	0	0	0	0	0	0	170	0	0	0	0	0	0	0	0	0	0	0	0	0	0	0	0	0	
209148	Temporal_Inf_R	0	1048	0	0	0	0	0	0	0	0	0	0	0	0	0	0	0	104	0	1214	0	0	0	0	0	0	0	0	0	3118	0	0	0	280	0	208	0	10346	0	1736	0	2412	0	418	0	174	0	636	0	580	0	2916	0	2116	0	15186	0	294	0	0	0	770	0	5372	0	3822	0	1428	0	1078	0	0	0	644	0	0	0	0	0	1334	0	10922	0	1228	0	32582	0	1854	0	0	0	516	0	0	0	0	0	0	0	238	0	0	0	0	0	0	0	0	0	0	0	0	0	0	0	0	
287988	Cerebelum_Crus1_L	0	0	0	0	0	0	0	0	0	0	0	0	0	0	0	0	0	0	0	0	0	0	0	0	0	0	0	0	0	0	0	0	0	0	0	0	0	0	0	0	0	0	0	0	0	0	1296	1666	0	0	526	0	726	0	11716	0	0	0	0	0	0	0	0	0	0	0	0	0	0	0	0	0	0	0	0	0	0	0	0	0	0	0	0	0	130	0	0	0	948	0	0	1058	23070	1546	684	0	9870	100	43980	1392	13898	110	15846	1208	3716	142	1358	0	0	0	780	3382	3174	978	694	0	
244124	Cerebelum_Crus1_R	0	0	0	0	0	0	0	0	0	0	0	0	0	0	0	0	0	0	0	0	0	0	0	0	0	0	0	0	0	0	0	0	0	0	0	0	0	0	0	0	0	0	0	0	0	0	0	2530	0	0	0	0	0	112	0	5394	0	0	0	0	0	0	0	0	0	0	0	0	0	0	0	0	0	0	0	0	0	0	0	0	0	0	0	0	0	0	0	0	0	516	1058	0	284	18052	0	1482	242	8178	694	39822	302	5574	528	18386	0	796	0	0	416	836	1920	5458	7278	1362	842	0	
195736	Cerebelum_Crus2_L	0	0	0	0	0	0	0	0	0	0	0	0	0	0	0	0	0	0	0	0	0	0	0	0	0	0	0	0	0	0	0	0	0	0	0	0	0	0	0	0	0	0	0	0	0	0	0	116	0	0	0	0	0	0	0	0	0	0	0	0	0	0	0	0	0	0	0	0	0	0	0	0	0	0	0	0	0	0	0	0	0	0	0	0	0	0	0	0	0	0	23070	284	0	3432	0	0	502	0	2086	200	30330	1148	25216	1578	3358	204	114	0	0	0	358	410	4014	1128	174	146	
139064	Cerebelum_Crus2_R	0	0	0	0	0	0	0	0	0	0	0	0	0	0	0	0	0	0	0	0	0	0	0	0	0	0	0	0	0	0	0	0	0	0	0	0	0	0	0	0	0	0	0	0	0	0	0	174	0	0	0	0	0	0	0	0	0	0	0	0	0	0	0	0	0	0	0	0	0	0	0	0	0	0	0	0	0	0	0	0	0	0	0	0	0	0	0	0	0	0	1546	18052	3432	0	0	0	0	0	316	4146	2552	9732	2324	17586	0	272	0	0	0	0	0	750	6484	1908	258	0	
9740	Cerebelum_3_L	0	0	0	0	0	0	0	0	0	0	0	0	0	0	0	0	0	0	0	0	0	0	0	0	0	0	0	0	0	0	0	0	0	0	0	0	0	0	328	0	0	0	0	0	0	0	0	0	0	0	0	0	0	0	0	0	0	0	0	0	0	0	0	0	0	0	0	0	0	0	0	0	0	0	0	0	0	0	0	0	0	0	0	0	0	0	0	0	0	0	684	0	0	0	0	0	1912	0	1010	0	0	0	114	0	0	0	0	0	486	188	148	0	0	0	0	0	
21472	Cerebelum_3_R	0	0	0	0	0	0	0	0	0	0	0	0	0	0	0	0	0	0	0	0	0	0	0	0	0	0	0	0	0	0	0	0	0	0	0	0	0	0	0	0	0	0	0	0	0	0	0	0	0	0	0	0	0	0	0	140	0	0	0	0	0	0	0	0	0	0	0	0	0	0	0	0	0	0	0	0	0	0	0	0	0	0	0	0	0	0	0	0	0	0	0	1482	0	0	0	0	0	3392	0	3728	0	0	0	200	0	0	0	0	398	1074	322	0	0	0	0	0	
140136	Cerebelum_4_5_L	0	0	0	0	0	0	0	0	0	0	0	0	0	0	0	0	0	0	0	0	0	0	0	0	0	0	0	0	0	0	0	0	0	0	0	0	0	0	0	0	0	0	172	0	0	0	3066	224	0	0	0	0	0	0	9056	138	0	0	0	0	0	0	0	0	0	0	0	0	0	0	0	0	0	0	0	0	0	0	0	0	0	0	0	0	0	0	0	0	0	0	9870	242	502	0	1912	0	0	1146	22514	892	966	0	1270	0	3378	998	1894	0	248	546	8070	1364	0	118	786	696	
105668	Cerebelum_4_5_R	0	0	0	0	0	0	0	0	0	0	0	0	0	0	0	0	0	0	0	0	0	0	0	0	0	0	0	0	0	0	0	0	0	0	180	246	174	758	0	1046	0	0	182	0	0	0	266	3062	0	0	0	0	0	0	0	4496	0	0	0	0	0	0	0	0	0	0	0	0	0	0	0	0	0	0	0	0	0	338	0	0	0	0	0	0	0	0	0	0	0	0	100	8178	0	0	0	3392	1146	0	284	17174	170	0	172	196	334	966	0	0	0	1892	6710	638	0	0	228	506	
246964	Cerebelum_6_L	0	0	0	0	0	0	0	0	0	0	0	0	0	0	0	0	0	0	0	0	0	0	0	0	0	0	0	0	0	0	0	0	0	0	0	0	0	0	0	0	0	0	0	0	0	0	3478	2002	0	0	0	0	132	0	17660	0	0	0	0	0	0	0	0	0	0	0	0	0	0	0	0	0	0	0	0	0	0	0	0	0	0	0	0	0	0	0	0	0	170	0	43980	694	2086	316	1010	0	22514	284	0	1342	3768	0	5434	322	3640	322	2248	0	0	178	4502	4496	1208	680	910	106	
246552	Cerebelum_6_R	0	0	0	0	0	0	0	0	0	0	0	0	0	0	0	0	0	0	0	0	0	0	0	0	0	0	0	0	0	0	0	0	0	0	0	0	0	0	0	0	0	0	0	0	0	0	136	5428	0	0	0	0	0	276	0	9276	0	0	0	0	0	0	0	0	0	0	0	0	0	0	0	0	0	0	0	0	0	0	0	0	0	0	0	0	0	0	0	0	0	238	1392	39822	200	4146	0	3728	892	17174	1342	0	222	1912	274	8844	100	1704	0	190	536	2152	6522	8522	5392	1238	1324	294	
191040	Cerebelum_7b_L	0	0	0	0	0	0	0	0	0	0	0	0	0	0	0	0	0	0	0	0	0	0	0	0	0	0	0	0	0	0	0	0	0	0	0	0	0	0	0	0	0	0	0	0	0	0	0	0	0	0	0	0	0	0	0	0	0	0	0	0	0	0	0	0	0	0	0	0	0	0	0	0	0	0	0	0	0	0	0	0	0	0	0	0	0	0	0	0	0	0	13898	302	30330	2552	0	0	966	170	3768	222	0	578	28830	1830	4806	276	366	0	0	0	734	544	3212	1626	254	256	
62716	Cerebelum_7b_R	0	0	0	0	0	0	0	0	0	0	0	0	0	0	0	0	0	0	0	0	0	0	0	0	0	0	0	0	0	0	0	0	0	0	0	0	0	0	0	0	0	0	0	0	0	0	0	0	0	0	0	0	0	0	0	0	0	0	0	0	0	0	0	0	0	0	0	0	0	0	0	0	0	0	0	0	0	0	0	0	0	0	0	0	0	0	0	0	0	0	110	5574	1148	9732	0	0	0	0	0	1912	578	0	242	10214	0	0	0	0	0	0	0	0	1584	264	0	0	
213604	Cerebelum_8_L	0	0	0	0	0	0	0	0	0	0	0	0	0	0	0	0	0	0	0	0	0	0	0	0	0	0	0	0	0	0	0	0	0	0	0	0	0	0	0	0	0	0	0	0	0	0	0	116	0	0	0	0	0	0	0	0	0	0	0	0	0	0	0	0	0	0	0	0	0	0	0	0	0	0	0	0	0	0	0	0	0	0	0	0	0	0	0	0	0	0	15846	528	25216	2324	114	0	1270	172	5434	274	28830	242	0	3496	12654	504	548	0	0	0	918	592	3342	3524	598	260	
157456	Cerebelum_8_R	0	0	0	0	0	0	0	0	0	0	0	0	0	0	0	0	0	0	0	0	0	0	0	0	0	0	0	0	0	0	0	0	0	0	0	0	0	0	0	0	0	0	0	0	0	0	0	0	0	0	0	0	0	0	0	0	0	0	0	0	0	0	0	0	0	0	0	0	0	0	0	0	0	0	0	0	0	0	0	0	0	0	0	0	0	0	0	0	0	0	1208	18386	1578	17586	0	200	0	196	322	8844	1830	10214	3496	0	370	5912	0	134	0	0	0	232	3850	3838	532	0	
84492	Cerebelum_9_L	0	0	0	0	0	0	0	0	0	0	0	0	0	0	0	0	0	0	0	0	0	0	0	0	0	0	0	0	0	0	0	0	0	0	0	0	0	0	0	0	0	0	134	0	0	0	150	0	0	0	0	0	0	0	0	0	0	0	0	0	0	0	0	0	0	0	0	0	0	0	0	0	0	0	0	0	0	0	0	0	0	0	0	0	0	0	0	0	0	0	3716	0	3358	0	0	0	3378	334	3640	100	4806	0	12654	370	0	818	1596	0	0	0	2874	1198	634	828	1046	612	
47976	Cerebelum_9_R	0	0	0	0	0	0	0	0	0	0	0	0	0	0	0	0	0	0	0	0	0	0	0	0	0	0	0	0	0	0	0	0	0	0	0	0	0	0	0	0	0	0	144	0	0	0	154	0	0	0	0	0	0	0	0	0	0	0	0	0	0	0	0	0	0	0	0	0	0	0	0	0	0	0	0	0	0	0	0	0	0	0	0	0	0	0	0	0	0	0	142	796	204	272	0	0	998	966	322	1704	276	0	504	5912	818	0	0	340	0	0	2152	2506	550	1122	2802	1304	
19800	Cerebelum_10_L	0	0	0	0	0	0	0	0	0	0	0	0	0	0	0	0	0	0	0	0	0	0	0	0	0	0	0	0	0	0	0	0	0	0	0	0	0	0	0	0	0	0	116	0	0	0	208	0	0	0	0	0	0	0	0	0	0	0	0	0	0	0	0	0	0	0	0	0	0	0	0	0	0	0	0	0	0	0	0	0	0	0	0	0	0	0	0	0	0	0	1358	0	114	0	0	0	1894	0	2248	0	366	0	548	0	1596	0	0	0	0	0	1322	130	0	0	0	0	
1932	Cerebelum_10_R	0	0	0	0	0	0	0	0	0	0	0	0	0	0	0	0	0	0	0	0	0	0	0	0	0	0	0	0	0	0	0	0	0	0	0	0	0	0	0	0	0	0	0	0	0	0	0	0	0	0	0	0	0	0	0	0	0	0	0	0	0	0	0	0	0	0	0	0	0	0	0	0	0	0	0	0	0	0	0	0	0	0	0	0	0	0	0	0	0	0	0	0	0	0	0	0	0	0	0	190	0	0	0	134	0	340	0	0	0	0	0	124	0	0	178	0	
9176	Vermis_1_2	0	0	0	0	0	0	0	0	0	0	0	0	0	0	0	0	0	0	0	0	0	0	0	0	0	0	0	0	0	0	0	0	0	0	0	0	0	0	0	0	0	0	0	0	0	0	0	0	0	0	0	0	0	0	0	0	0	0	0	0	0	0	0	0	0	0	0	0	0	0	0	0	0	0	0	0	0	0	0	0	0	0	0	0	0	0	0	0	0	0	0	416	0	0	486	398	248	0	0	536	0	0	0	0	0	0	0	0	0	2206	298	0	0	0	0	0	
21612	Vermis_3	0	0	0	0	0	0	0	0	0	0	0	0	0	0	0	0	0	0	0	0	0	0	0	0	0	0	0	0	0	0	0	0	0	0	0	0	0	0	0	0	0	0	0	0	0	0	0	0	0	0	0	0	0	0	0	108	0	0	0	0	0	0	0	0	0	0	0	0	0	0	0	0	0	0	0	0	0	0	0	0	0	0	0	0	0	0	0	0	0	0	0	836	0	0	188	1074	546	1892	178	2152	0	0	0	0	0	0	0	0	2206	0	1626	0	0	0	0	0	
104556	Vermis_4_5	0	0	0	0	0	0	0	0	0	0	0	0	0	0	0	0	0	0	0	116	0	0	0	0	0	0	0	0	0	0	0	0	0	0	0	108	0	0	0	0	0	0	464	0	0	0	1318	1782	0	0	0	0	0	0	940	1544	0	0	0	0	0	0	0	0	0	0	0	452	0	118	0	0	0	0	0	0	0	0	0	0	0	0	0	0	0	0	0	0	0	0	780	1920	358	0	148	322	8070	6710	4502	6522	734	0	918	0	2874	2152	1322	0	298	1626	0	3088	184	134	1352	1422	
96712	Vermis_6	0	0	0	0	0	0	0	0	0	0	0	0	0	0	0	0	0	0	0	0	0	0	0	0	0	0	0	0	0	0	0	0	0	0	0	0	0	0	0	0	0	0	138	0	0	0	260	4598	0	0	0	0	0	196	142	1436	0	0	0	0	0	0	0	0	0	0	0	0	0	0	0	0	0	0	0	0	0	0	0	0	0	0	0	0	0	0	0	0	0	0	3382	5458	410	750	0	0	1364	638	4496	8522	544	0	592	232	1198	2506	130	124	0	0	3088	0	2914	1230	2890	1118	
97192	Vermis_7	0	0	0	0	0	0	0	0	0	0	0	0	0	0	0	0	0	0	0	0	0	0	0	0	0	0	0	0	0	0	0	0	0	0	0	0	0	0	0	0	0	0	0	0	0	0	0	590	0	0	0	0	0	0	0	0	0	0	0	0	0	0	0	0	0	0	0	0	0	0	0	0	0	0	0	0	0	0	0	0	0	0	0	0	0	0	0	0	0	0	3174	7278	4014	6484	0	0	0	0	1208	5392	3212	1584	3342	3850	634	550	0	0	0	0	184	2914	0	2954	1232	0	
49964	Vermis_8	0	0	0	0	0	0	0	0	0	0	0	0	0	0	0	0	0	0	0	0	0	0	0	0	0	0	0	0	0	0	0	0	0	0	0	0	0	0	0	0	0	0	0	0	0	0	0	0	0	0	0	0	0	0	0	0	0	0	0	0	0	0	0	0	0	0	0	0	0	0	0	0	0	0	0	0	0	0	0	0	0	0	0	0	0	0	0	0	0	0	978	1362	1128	1908	0	0	118	0	680	1238	1626	264	3524	3838	828	1122	0	0	0	0	134	1230	2954	0	1918	132	
37636	Vermis_9	0	0	0	0	0	0	0	0	0	0	0	0	0	0	0	0	0	0	0	0	0	0	0	0	0	0	0	0	0	0	0	0	0	0	0	0	0	0	0	0	0	0	0	0	0	0	0	0	0	0	0	0	0	0	0	0	0	0	0	0	0	0	0	0	0	0	0	0	0	0	0	0	0	0	0	0	0	0	0	0	0	0	0	0	0	0	0	0	0	0	694	842	174	258	0	0	786	228	910	1324	254	0	598	532	1046	2802	0	178	0	0	1352	2890	1232	1918	0	800	
15304	Vermis_10	0	0	0	0	0	0	0	0	0	0	0	0	0	0	0	0	0	0	0	0	0	0	0	0	0	0	0	0	0	0	0	0	0	0	0	0	0	0	0	0	0	0	0	0	0	0	0	0	0	0	0	0	0	0	0	0	0	0	0	0	0	0	0	0	0	0	0	0	0	0	0	0	0	0	0	0	0	0	0	0	0	0	0	0	0	0	0	0	0	0	0	0	146	0	0	0	696	506	106	294	256	0	260	0	612	1304	0	0	0	0	1422	1118	0	132	800	0	
