data	data	474828	552968	770864	1.09799e+06	163668	79680	402852	350564	52816	14648	218664	164380	250404	160008	130708	54444	185624	74408	647152	846884	83848	80744	341000	411464	28400	110064	58008	53168	612904	273212	353536	609320	139924	467936	138920	216712	255504	278572	98068	178956	34716	63556	327308	403452	169188	325148	368556	384572	241868	325028	412932	188340	119388	159832	448884	535468	227956	181848	144392	91200	232632	115344	130012	155076	160280	135368	272484	439244	170800	189644	211088	519172	250660	232132	41416	23300	130460	167656	47976	16324	204744	152736	113640	43600	271664	198908	12252	23132	274356	311944	590856	533768	375280	487792	62956	118336	411884	318836	603948	580448	227068	245996	406976	562668	199936	189572	32760	11804	56600	150072	388796	280168	401536	237160	178216	88264	
data	data	Precentral_L	Precentral_R	Frontal_Sup_L	Frontal_Sup_R	Frontal_Sup_Orb_L	Frontal_Sup_Orb_R	Frontal_Mid_L	Frontal_Mid_R	Frontal_Mid_Orb_L	Frontal_Mid_Orb_R	Frontal_Inf_Oper_L	Frontal_Inf_Oper_R	Frontal_Inf_Tri_L	Frontal_Inf_Tri_R	Frontal_Inf_Orb_L	Frontal_Inf_Orb_R	Rolandic_Oper_L	Rolandic_Oper_R	Supp_Motor_Area_L	Supp_Motor_Area_R	Olfactory_L	Olfactory_R	Frontal_Sup_Medial_L	Frontal_Sup_Medial_R	Frontal_Med_Orb_L	Frontal_Med_Orb_R	Rectus_L	Rectus_R	Insula_L	Insula_R	Cingulum_Ant_L	Cingulum_Ant_R	Cingulum_Mid_L	Cingulum_Mid_R	Cingulum_Post_L	Cingulum_Post_R	Hippocampus_L	Hippocampus_R	ParaHippocampal_L	ParaHippocampal_R	Amygdala_L	Amygdala_R	Calcarine_L	Calcarine_R	Cuneus_L	Cuneus_R	Lingual_L	Lingual_R	Occipital_Sup_L	Occipital_Sup_R	Occipital_Mid_L	Occipital_Mid_R	Occipital_Inf_L	Occipital_Inf_R	Fusiform_L	Fusiform_R	Postcentral_L	Postcentral_R	Parietal_Sup_L	Parietal_Sup_R	Parietal_Inf_L	Parietal_Inf_R	SupraMarginal_L	SupraMarginal_R	Angular_L	Angular_R	Precuneus_L	Precuneus_R	Paracentral_Lobule_L	Paracentral_Lobule_R	Caudate_L	Caudate_R	Putamen_L	Putamen_R	Pallidum_L	Pallidum_R	Thalamus_L	Thalamus_R	Heschl_L	Heschl_R	Temporal_Sup_L	Temporal_Sup_R	Temporal_Pole_Sup_L	Temporal_Pole_Sup_R	Temporal_Mid_L	Temporal_Mid_R	Temporal_Pole_Mid_L	Temporal_Pole_Mid_R	Temporal_Inf_L	Temporal_Inf_R	Cerebelum_Crus1_L	Cerebelum_Crus1_R	Cerebelum_Crus2_L	Cerebelum_Crus2_R	Cerebelum_3_L	Cerebelum_3_R	Cerebelum_4_5_L	Cerebelum_4_5_R	Cerebelum_6_L	Cerebelum_6_R	Cerebelum_7b_L	Cerebelum_7b_R	Cerebelum_8_L	Cerebelum_8_R	Cerebelum_9_L	Cerebelum_9_R	Cerebelum_10_L	Cerebelum_10_R	Vermis_1_2	Vermis_3	Vermis_4_5	Vermis_6	Vermis_7	Vermis_8	Vermis_9	Vermis_10	
474828	Precentral_L	0	13278	16378	13282	182	0	9786	1512	0	0	8530	0	1430	0	0	0	9614	0	22530	11542	0	0	494	0	0	0	0	0	14056	0	2328	310	570	4708	2612	3958	5152	624	0	188	0	0	332	334	108	0	0	0	200	0	510	0	282	376	1280	434	26820	100	104	0	3584	0	2776	222	552	0	198	176	18306	3568	2622	180	9444	0	3942	0	9798	442	2522	0	2166	116	308	0	832	0	0	0	1450	266	0	0	0	0	0	0	0	0	0	0	0	0	0	0	0	0	0	0	0	0	0	0	0	0	0	0	
552968	Precentral_R	13278	0	11378	48716	378	0	2086	7704	0	0	3374	2168	892	0	0	0	1742	1082	16082	42718	0	0	340	260	0	0	0	0	4302	1274	1856	878	1570	10468	554	2006	478	3560	0	660	0	0	0	1606	0	396	0	376	0	214	0	204	0	1052	0	1512	5128	14232	0	0	278	742	288	2126	0	142	0	2636	6426	16614	3436	9062	736	1516	384	810	3098	20046	0	96	638	362	844	0	0	318	0	0	0	1178	0	0	0	0	0	0	0	0	0	0	0	0	0	0	0	0	0	0	0	0	184	0	0	0	0	0	
770864	Frontal_Sup_L	16378	11378	0	18896	14218	0	59676	5804	1086	0	9302	140	17642	0	4794	0	6890	136	66032	21268	0	0	30292	3488	286	168	94	0	30320	286	16326	5122	2974	2516	0	0	650	616	0	0	0	0	0	124	0	0	0	0	0	0	0	0	0	122	212	166	2928	810	0	0	0	0	0	0	0	0	0	0	1782	0	5948	3806	14556	394	1730	368	0	1698	378	0	1252	0	1998	0	0	0	0	0	198	184	0	0	0	0	0	0	0	0	0	0	0	0	0	0	0	0	0	0	0	0	0	0	0	0	0	0	
1.09799e+06	Frontal_Sup_R	13282	48716	18896	0	1070	3404	8716	44648	0	386	2232	9188	1078	11830	0	3692	1050	2578	23568	90510	120	188	13192	46232	144	6532	110	574	3452	12208	8926	49216	1254	24828	0	0	332	2504	0	464	0	148	0	318	0	98	0	0	0	0	0	0	0	0	0	378	4868	1468	0	0	262	130	288	292	0	0	0	330	3952	202	4818	41386	1196	13020	520	1246	114	17696	0	0	140	224	142	154	0	134	0	0	0	350	0	0	0	0	0	0	0	0	0	0	0	0	0	0	0	0	0	0	0	0	0	0	0	0	0	0	
163668	Frontal_Sup_Orb_L	182	378	14218	1070	0	0	1820	164	6754	0	408	0	1298	0	10500	0	0	0	2478	638	2024	0	1474	0	1922	0	5004	0	14438	0	1188	148	0	0	0	0	0	0	0	0	796	0	0	0	0	0	0	0	0	0	0	0	0	0	0	0	0	0	0	0	0	0	0	0	0	0	0	0	0	0	2206	922	10808	0	0	280	0	162	0	0	0	0	554	0	0	0	0	0	0	0	0	0	0	0	0	0	0	0	0	0	0	0	0	0	0	0	0	0	0	0	0	0	0	0	0	0	
79680	Frontal_Sup_Orb_R	0	0	0	3404	0	0	0	354	0	2132	0	0	0	0	0	2826	0	0	0	278	326	1440	762	3262	330	8550	426	7732	0	1238	204	626	0	0	0	0	0	0	0	0	0	0	0	0	0	0	0	0	0	0	0	0	0	0	0	0	0	0	0	0	0	0	0	0	0	0	0	0	0	0	326	1764	196	3474	0	0	0	0	0	0	0	0	0	190	0	0	0	0	0	0	0	0	0	0	0	0	0	0	0	0	0	0	0	0	0	0	0	0	0	0	0	0	0	0	0	0	
402852	Frontal_Mid_L	9786	2086	59676	8716	1820	0	0	2236	1340	0	5782	0	28582	0	5282	0	884	0	11982	7330	0	0	17208	1076	0	0	0	0	15386	0	12022	1576	702	1586	0	0	138	0	0	0	0	0	0	0	0	0	0	0	0	0	0	0	0	0	0	0	0	0	0	0	0	0	0	0	0	0	0	0	296	506	858	300	3294	0	412	0	0	98	0	0	166	0	300	0	0	0	0	0	0	0	0	0	0	0	0	0	0	0	0	0	0	0	0	0	0	0	0	0	0	0	0	0	0	0	0	0	
350564	Frontal_Mid_R	1512	7704	5804	44648	164	354	2236	0	0	536	1698	6606	392	19094	0	3358	706	1488	4622	11740	0	0	3910	9320	0	0	0	0	1466	7950	4150	12898	0	8648	0	0	106	300	0	0	0	0	0	0	0	0	0	0	0	0	0	0	0	0	0	0	0	376	0	0	0	0	0	0	0	0	0	0	0	0	1354	9000	388	1706	178	116	0	230	0	0	162	0	224	138	0	0	0	0	0	0	0	0	0	0	0	0	0	0	0	0	0	0	0	0	0	0	0	0	0	0	0	0	0	0	0	0	
52816	Frontal_Mid_Orb_L	0	0	1086	0	6754	0	1340	0	0	0	0	0	1882	0	9996	0	0	0	0	0	0	0	0	0	106	0	1812	0	2208	0	0	0	0	0	0	0	0	0	0	0	0	0	0	0	0	0	0	0	0	0	0	0	0	0	0	0	0	0	0	0	0	0	0	0	0	0	0	0	0	0	0	0	1224	0	0	0	0	0	0	0	0	0	0	0	0	0	0	0	0	0	0	0	0	0	0	0	0	0	0	0	0	0	0	0	0	0	0	0	0	0	0	0	0	0	0	0	
14648	Frontal_Mid_Orb_R	0	0	0	386	0	2132	0	536	0	0	0	0	0	150	0	2844	0	0	0	0	0	0	0	0	0	320	0	420	0	296	0	0	0	0	0	0	0	0	0	0	0	0	0	0	0	0	0	0	0	0	0	0	0	0	0	0	0	0	0	0	0	0	0	0	0	0	0	0	0	0	0	0	0	240	0	0	0	0	0	0	0	0	0	0	0	0	0	0	0	0	0	0	0	0	0	0	0	0	0	0	0	0	0	0	0	0	0	0	0	0	0	0	0	0	0	0	
218664	Frontal_Inf_Oper_L	8530	3374	9302	2232	408	0	5782	1698	0	0	0	0	10008	0	212	0	8588	0	8892	2446	0	0	1908	0	0	0	0	0	22842	0	3774	314	0	0	0	0	1472	0	0	0	0	0	0	0	0	0	0	0	0	0	0	0	0	0	1014	0	1508	0	0	0	0	0	0	0	0	0	0	0	0	0	904	268	1648	0	0	0	0	316	202	0	3764	0	5966	0	728	0	0	0	1232	0	0	0	0	0	0	0	0	0	0	0	0	0	0	0	0	0	0	0	0	0	0	0	0	0	0	0	
164380	Frontal_Inf_Oper_R	0	2168	140	9188	0	0	0	6606	0	0	0	0	0	8950	0	218	0	4002	406	4558	0	0	422	2532	0	132	0	0	0	16492	648	10518	0	2730	0	0	0	464	0	106	0	0	0	0	0	0	0	0	0	0	0	0	0	0	0	136	0	1446	0	0	0	0	0	0	0	0	0	0	0	0	0	6556	0	2744	0	190	0	268	0	0	0	180	0	294	0	0	0	0	0	96	0	0	0	0	0	0	0	0	0	0	0	0	0	0	0	0	0	0	0	0	0	0	0	0	0	0	
250404	Frontal_Inf_Tri_L	1430	892	17642	1078	1298	0	28582	392	1882	0	10008	0	0	0	12066	0	0	0	4250	1454	0	0	6872	116	0	0	0	0	24178	0	8336	232	712	94	0	0	0	0	0	0	0	0	0	0	0	0	0	0	0	0	0	0	0	0	0	0	0	0	0	0	0	0	0	0	0	0	0	0	0	0	1224	114	2100	0	0	0	0	0	0	0	0	0	250	0	0	0	0	0	0	0	0	0	0	0	0	0	0	0	0	0	0	0	0	0	0	0	0	0	0	0	0	0	0	0	0	0	
160008	Frontal_Inf_Tri_R	0	0	0	11830	0	0	0	19094	0	150	0	8950	0	0	0	1484	0	0	912	4774	0	0	1902	4812	0	0	0	0	0	9140	164	7692	0	5296	0	0	0	0	0	0	0	0	0	0	0	0	0	0	0	0	0	0	0	0	0	0	0	0	0	0	0	0	0	0	0	0	0	0	0	0	0	3412	0	392	0	0	0	0	0	0	0	0	0	0	0	0	0	0	0	0	0	0	0	0	0	0	0	0	0	0	0	0	0	0	0	0	0	0	0	0	0	0	0	0	0	0	
130708	Frontal_Inf_Orb_L	0	0	4794	0	10500	0	5282	0	9996	0	212	0	12066	0	0	0	0	0	0	0	2094	0	606	0	138	0	832	0	12120	0	740	0	0	0	0	0	0	0	0	0	774	0	0	0	0	0	0	0	0	0	0	0	0	0	0	0	0	0	0	0	0	0	0	0	0	0	0	0	0	0	430	0	3970	0	0	0	0	0	0	0	0	0	800	0	0	0	0	0	0	0	0	0	0	0	0	0	0	0	0	0	0	0	0	0	0	0	0	0	0	0	0	0	0	0	0	0	
54444	Frontal_Inf_Orb_R	0	0	0	3692	0	2826	0	3358	0	2844	0	218	0	1484	0	0	0	0	0	380	0	690	0	1004	0	408	0	1080	0	4764	0	560	0	0	0	0	0	194	0	0	0	0	0	0	0	0	0	0	0	0	0	0	0	0	0	0	0	0	0	0	0	0	0	0	0	0	0	0	0	0	0	978	0	2154	0	0	0	0	0	0	0	92	0	398	0	0	0	0	0	98	0	0	0	0	0	0	0	0	0	0	0	0	0	0	0	0	0	0	0	0	0	0	0	0	0	0	
185624	Rolandic_Oper_L	9614	1742	6890	1050	0	0	884	706	0	0	8588	0	0	0	0	0	0	0	9636	890	0	0	0	0	0	0	0	0	17820	0	0	0	0	0	126	0	964	0	0	0	0	0	0	0	0	0	0	0	0	0	444	0	816	0	2386	0	7866	0	0	0	476	0	2040	0	330	0	0	0	172	0	0	0	324	0	0	0	0	182	2930	0	8140	0	3290	0	2050	0	0	0	2456	0	0	0	0	0	0	0	0	0	0	0	0	0	0	0	0	0	0	0	0	0	0	0	0	0	0	0	
74408	Rolandic_Oper_R	0	1082	136	2578	0	0	0	1488	0	0	0	4002	0	0	0	0	0	0	186	1104	0	0	0	154	0	0	0	0	0	9794	340	958	0	0	0	0	0	1006	0	0	0	0	0	0	0	0	0	0	0	0	0	0	0	0	0	0	0	4228	0	0	0	0	0	2278	0	0	0	0	0	0	196	1252	0	2162	0	212	0	424	0	1090	0	2214	0	222	0	98	0	0	0	0	0	0	0	0	0	0	0	0	0	0	0	0	0	0	0	0	0	0	0	0	0	0	0	0	0	0	
647152	Supp_Motor_Area_L	22530	16082	66032	23568	2478	0	11982	4622	0	0	8892	406	4250	912	0	0	9636	186	0	39778	0	0	4752	2466	0	0	0	0	15882	270	7980	5896	7028	14756	1058	530	1562	364	102	0	0	0	0	150	0	0	0	0	0	0	0	0	0	114	790	180	3276	1192	0	0	0	0	0	0	0	0	96	300	11172	1168	4200	5970	10890	276	2140	376	500	698	394	0	2324	0	2614	0	0	0	0	0	536	220	0	0	0	0	0	0	0	0	0	0	0	0	0	0	0	0	0	0	0	0	0	0	0	0	0	0	
846884	Supp_Motor_Area_R	11542	42718	21268	90510	638	278	7330	11740	0	0	2446	4558	1454	4774	0	380	890	1104	39778	0	0	0	4064	13170	0	140	0	0	3634	4208	4608	21362	6666	39196	202	1112	388	1572	0	450	0	0	0	578	0	108	0	0	0	0	0	0	0	1060	0	1366	1878	1196	0	0	192	140	0	326	0	0	0	510	6598	17722	7072	22506	858	6958	990	1316	3522	4746	0	0	120	150	118	0	0	200	0	0	0	1032	0	0	0	0	0	0	0	0	0	0	0	0	0	0	0	0	0	0	0	0	0	0	0	0	0	0	
83848	Olfactory_L	0	0	0	120	2024	326	0	0	0	0	0	0	0	0	2094	0	0	0	0	0	0	7070	0	0	334	396	3256	1136	2510	128	2974	1676	0	0	0	0	0	0	244	0	908	0	0	0	0	0	0	0	0	0	0	0	0	0	0	0	0	0	0	0	0	0	0	0	0	0	0	0	0	0	7786	4350	3756	386	0	0	0	0	0	0	0	0	450	0	0	0	0	0	0	0	0	0	0	0	0	0	0	0	0	0	0	0	0	0	0	0	0	0	0	0	0	0	0	0	0	0	
80744	Olfactory_R	0	0	0	188	0	1440	0	0	0	0	0	0	0	0	0	690	0	0	0	0	7070	0	0	0	294	1226	2508	2960	0	2300	2452	1888	0	0	0	0	0	0	0	0	0	390	0	0	0	0	0	0	0	0	0	0	0	0	0	0	0	0	0	0	0	0	0	0	0	0	0	0	0	0	7190	5400	3732	414	0	0	0	0	0	0	0	0	0	230	0	0	0	0	0	0	0	0	0	0	0	0	0	0	0	0	0	0	0	0	0	0	0	0	0	0	0	0	0	0	0	0	
341000	Frontal_Sup_Medial_L	494	340	30292	13192	1474	762	17208	3910	0	0	1908	422	6872	1902	606	0	0	0	4752	4064	0	0	0	22294	1158	2304	328	0	7340	540	18452	12488	2022	12052	0	0	0	0	0	0	0	0	0	0	0	0	0	0	0	0	0	0	0	0	0	0	0	0	0	0	0	0	0	0	0	0	0	0	0	0	574	1070	1534	146	0	0	0	0	0	0	0	0	0	0	0	0	0	0	0	0	0	0	0	0	0	0	0	0	0	0	0	0	0	0	0	0	0	0	0	0	0	0	0	0	0	0	
411464	Frontal_Sup_Medial_R	0	260	3488	46232	0	3262	1076	9320	0	0	0	2532	116	4812	0	1004	0	154	2466	13170	0	0	22294	0	536	8882	0	100	144	3516	3158	33112	300	19314	0	0	0	712	0	172	0	0	0	152	0	0	0	0	0	0	0	0	0	0	0	266	0	322	0	0	0	0	0	106	0	0	0	150	0	0	332	15884	0	7112	0	420	0	494	0	0	0	140	0	0	0	0	0	0	0	222	0	0	0	0	0	0	0	0	0	0	0	0	0	0	0	0	0	0	0	0	0	0	0	0	0	0	
28400	Frontal_Med_Orb_L	0	0	286	144	1922	330	0	0	106	0	0	0	0	0	138	0	0	0	0	0	334	294	1158	536	0	1178	1780	98	0	0	3322	1176	0	0	0	0	0	0	0	0	0	0	0	0	0	0	0	0	0	0	0	0	0	0	0	0	0	0	0	0	0	0	0	0	0	0	0	0	0	0	628	152	618	0	0	0	0	0	0	0	0	0	0	0	0	0	0	0	0	0	0	0	0	0	0	0	0	0	0	0	0	0	0	0	0	0	0	0	0	0	0	0	0	0	0	0	
110064	Frontal_Med_Orb_R	0	0	168	6532	0	8550	0	0	0	320	0	132	0	0	0	408	0	0	0	140	396	1226	2304	8882	1178	0	454	5414	0	120	2464	6484	0	0	0	0	0	0	0	0	0	0	0	0	0	0	0	0	0	0	0	0	0	0	0	0	0	0	0	0	0	0	0	0	0	0	0	0	0	0	436	4906	260	4258	0	0	0	0	0	0	0	0	0	0	0	0	0	0	0	0	0	0	0	0	0	0	0	0	0	0	0	0	0	0	0	0	0	0	0	0	0	0	0	0	0	0	
58008	Rectus_L	0	0	94	110	5004	426	0	0	1812	0	0	0	0	0	832	0	0	0	0	0	3256	2508	328	0	1780	454	0	1062	166	0	3376	1012	0	0	0	0	0	0	0	0	198	0	0	0	0	0	0	0	0	0	0	0	0	0	0	0	0	0	0	0	0	0	0	0	0	0	0	0	0	0	3092	1218	2060	216	0	0	0	0	0	0	0	0	0	0	0	0	0	0	0	0	0	0	0	0	0	0	0	0	0	0	0	0	0	0	0	0	0	0	0	0	0	0	0	0	0	0	
53168	Rectus_R	0	0	0	574	0	7732	0	0	0	420	0	0	0	0	0	1080	0	0	0	0	1136	2960	0	100	98	5414	1062	0	0	924	338	618	0	0	0	0	0	0	0	0	0	0	0	0	0	0	0	0	0	0	0	0	0	0	0	0	0	0	0	0	0	0	0	0	0	0	0	0	0	0	1014	1062	438	1424	0	0	0	0	0	0	0	0	0	190	0	0	0	0	0	0	0	0	0	0	0	0	0	0	0	0	0	0	0	0	0	0	0	0	0	0	0	0	0	0	0	0	
612904	Insula_L	14056	4302	30320	3452	14438	0	15386	1466	2208	0	22842	0	24178	0	12120	0	17820	0	15882	3634	2510	0	7340	144	0	0	166	0	0	0	9894	512	344	94	428	302	14014	144	1838	0	2118	0	0	0	0	0	0	0	0	0	288	0	908	0	7282	0	9840	134	0	0	1004	0	3780	0	204	0	152	0	326	0	3726	1158	16608	126	0	282	1088	274	5248	0	12758	0	9660	0	3782	0	0	0	5872	0	0	0	0	0	0	0	0	0	0	0	0	0	0	0	0	0	0	0	0	0	0	0	0	0	0	0	
273212	Insula_R	0	1274	286	12208	0	1238	0	7950	0	296	0	16492	0	9140	0	4764	0	9794	270	4208	128	2300	540	3516	0	120	0	924	0	0	1276	11204	0	1290	0	0	0	4572	0	1164	0	460	0	0	0	0	0	0	0	0	0	0	0	274	0	1208	0	1958	0	0	0	0	0	256	0	0	0	0	0	0	92	8224	0	12248	0	258	0	1368	0	1818	0	6980	0	1504	0	1496	0	0	0	3508	0	0	0	0	0	0	0	0	0	0	0	0	0	0	0	0	0	0	0	0	0	0	0	0	0	0	
353536	Cingulum_Ant_L	2328	1856	16326	8926	1188	204	12022	4150	0	0	3774	648	8336	164	740	0	0	340	7980	4608	2974	2452	18452	3158	3322	2464	3376	338	9894	1276	0	22886	4064	2020	272	0	0	740	0	0	0	0	0	0	0	0	0	0	0	0	0	0	0	0	0	0	0	226	0	0	0	0	0	0	0	0	0	166	96	0	8294	9286	4312	1960	146	132	0	706	0	0	0	0	166	0	0	0	0	0	0	0	0	0	0	0	0	0	0	0	0	0	0	0	0	0	0	0	0	0	0	0	0	0	0	0	0	0	
609320	Cingulum_Ant_R	310	878	5122	49216	148	626	1576	12898	0	0	314	10518	232	7692	0	560	0	958	5896	21362	1676	1888	12488	33112	1176	6484	1012	618	512	11204	22886	0	1366	20544	0	0	0	1962	0	304	0	270	0	224	0	0	0	0	0	0	0	0	0	0	0	428	0	704	0	0	0	0	0	120	0	0	0	230	0	0	5004	46994	562	11246	0	668	0	2052	0	0	0	170	0	0	0	98	0	0	0	352	0	0	0	0	0	0	0	0	0	0	0	0	0	0	0	0	0	0	0	0	0	0	0	0	0	0	
139924	Cingulum_Mid_L	570	1570	2974	1254	0	0	702	0	0	0	0	0	712	0	0	0	0	0	7028	6666	0	0	2022	300	0	0	0	0	344	0	4064	1366	0	13876	4010	1458	0	0	0	0	0	0	1810	894	1870	236	0	0	692	0	1262	0	218	0	226	0	0	0	314	0	164	0	0	0	0	0	5430	4100	3248	582	0	0	0	0	0	0	0	0	0	0	0	0	0	0	0	0	0	0	0	0	0	0	0	0	0	0	0	0	0	0	0	0	0	0	0	0	0	0	0	0	0	0	0	0	0	0	
467936	Cingulum_Mid_R	4708	10468	2516	24828	0	0	1586	8648	0	0	0	2730	94	5296	0	0	0	0	14756	39196	0	0	12052	19314	0	0	0	0	94	1290	2020	20544	13876	0	2166	5316	278	234	0	92	0	0	0	1586	0	748	0	150	0	124	0	0	0	238	0	314	0	346	0	0	0	0	0	158	0	0	1054	7014	6352	14666	1630	2456	0	250	426	0	4210	0	0	0	0	0	0	0	0	0	0	0	0	144	0	0	0	0	0	0	0	0	0	0	0	0	0	0	0	0	0	0	0	0	0	0	0	0	0	0	
138920	Cingulum_Post_L	2612	554	0	0	0	0	0	0	0	0	0	0	0	0	0	0	126	0	1058	202	0	0	0	0	0	0	0	0	428	0	272	0	4010	2166	0	13954	4786	3980	2186	1688	0	0	1836	528	964	336	1122	344	414	0	464	0	182	606	840	2210	144	156	0	0	106	0	0	94	0	0	6172	3818	5324	472	0	0	208	0	0	0	1922	0	0	0	0	0	0	0	180	0	0	0	380	2092	0	0	0	0	0	0	0	0	0	0	0	0	0	0	0	0	0	0	0	0	524	0	0	0	0	0	
216712	Cingulum_Post_R	3958	2006	0	0	0	0	0	0	0	0	0	0	0	0	0	0	0	0	530	1112	0	0	0	0	0	0	0	0	302	0	0	0	1458	5316	13954	0	4442	8030	1286	4010	0	0	0	2762	134	702	0	4146	0	102	0	0	0	2404	378	5028	94	2452	0	0	0	1262	0	2604	0	660	786	15226	3918	3410	0	0	312	0	0	0	5258	482	94	0	0	286	0	0	0	94	0	0	464	4850	0	0	0	0	0	0	0	444	0	0	0	0	0	0	0	0	0	0	0	0	3600	0	0	0	0	0	
255504	Hippocampus_L	5152	478	650	332	0	0	138	106	0	0	1472	0	0	0	0	0	964	0	1562	388	0	0	0	0	0	0	0	0	14014	0	0	0	0	278	4786	4442	0	2486	14836	1036	6342	0	1582	0	0	0	3546	448	0	0	0	0	0	0	14062	190	3608	0	0	0	1022	0	2728	0	0	0	2488	444	162	300	0	0	4262	0	194	0	7410	0	1872	0	5568	0	2042	0	3726	0	206	0	11664	0	0	0	0	0	0	0	234	138	0	0	0	0	0	0	0	0	0	0	0	0	394	0	0	0	0	0	
278572	Hippocampus_R	624	3560	616	2504	0	0	0	300	0	0	0	464	0	0	0	194	0	1006	364	1572	0	0	0	712	0	0	0	0	144	4572	740	1962	0	234	3980	8030	2486	0	886	22966	0	7694	0	170	0	0	0	2036	0	0	0	0	0	352	282	21240	0	406	0	0	0	0	0	616	0	124	0	2376	282	844	168	1916	150	10600	0	156	2846	5934	0	160	0	1820	0	552	0	2568	0	0	302	14790	0	214	0	0	0	0	0	1208	0	1016	0	0	0	0	0	0	0	0	0	0	548	0	0	0	0	0	
98068	ParaHippocampal_L	0	0	0	0	0	0	0	0	0	0	0	0	0	0	0	0	0	0	102	0	244	0	0	0	0	0	0	0	1838	0	0	0	0	0	2186	1286	14836	886	0	396	1748	0	1556	0	0	0	5988	158	0	0	0	0	0	0	7996	0	0	0	0	0	0	0	0	0	0	0	2442	0	0	0	0	0	398	0	0	0	1664	0	0	0	774	0	546	0	160	0	220	0	2804	0	124	0	0	0	0	0	324	0	250	0	0	0	0	0	0	0	0	0	0	0	108	0	0	0	0	0	
178956	ParaHippocampal_R	188	660	0	464	0	0	0	0	0	0	0	106	0	0	0	0	0	0	0	450	0	0	0	172	0	0	0	0	0	1164	0	304	0	92	1688	4010	1036	22966	396	0	0	8108	0	132	0	0	0	3926	0	0	0	0	0	0	0	17600	0	0	0	0	0	0	0	218	0	106	0	2530	154	394	0	288	0	3850	0	124	956	2088	0	0	0	214	0	2180	0	0	0	1706	0	6334	0	118	0	0	0	0	0	2948	0	1326	0	0	0	0	0	0	0	0	0	0	482	0	0	0	0	0	
34716	Amygdala_L	0	0	0	0	796	0	0	0	0	0	0	0	0	0	774	0	0	0	0	0	908	0	0	0	0	0	198	0	2118	0	0	0	0	0	0	0	6342	0	1748	0	0	0	0	0	0	0	0	0	0	0	0	0	0	0	2064	0	0	0	0	0	0	0	0	0	0	0	0	0	0	0	0	0	280	0	0	0	358	0	0	0	0	0	986	0	0	0	0	0	786	0	0	0	0	0	0	0	0	0	0	0	0	0	0	0	0	0	0	0	0	0	0	0	0	0	0	0	
63556	Amygdala_R	0	0	0	148	0	0	0	0	0	0	0	0	0	0	0	0	0	0	0	0	0	390	0	0	0	0	0	0	0	460	0	270	0	0	0	0	0	7694	0	8108	0	0	0	0	0	0	0	0	0	0	0	0	0	0	0	8212	0	0	0	0	0	0	0	0	0	0	0	0	0	0	0	272	0	300	0	0	0	314	0	0	0	0	0	1998	0	0	0	918	0	2694	0	0	0	0	0	0	0	0	0	0	0	0	0	0	0	0	0	0	0	0	0	0	0	0	0	0	
327308	Calcarine_L	332	0	0	0	0	0	0	0	0	0	0	0	0	0	0	0	0	0	0	0	0	0	0	0	0	0	0	0	0	0	0	0	1810	0	1836	0	1582	0	1556	0	0	0	0	6582	16842	6100	17156	2144	24642	3210	30008	346	6360	0	7234	120	2160	0	5972	338	1448	0	0	0	220	0	22594	918	290	0	0	0	0	0	0	0	0	0	0	0	0	0	0	0	1266	0	0	0	588	0	0	0	0	0	0	0	0	0	0	0	0	0	0	0	0	0	0	0	0	0	0	0	0	0	0	0	
403452	Calcarine_R	334	1606	124	318	0	0	0	0	0	0	0	0	0	0	0	0	0	0	150	578	0	0	0	152	0	0	0	0	0	0	0	224	894	1586	528	2762	0	170	0	132	0	0	6582	0	3032	35208	2174	24166	98	25586	0	8060	0	9308	0	13056	0	6960	0	3560	0	2266	0	1306	0	972	2892	37448	532	3348	0	228	0	0	0	0	0	334	0	0	0	0	0	0	0	838	0	0	0	3500	0	0	0	0	0	0	0	0	0	0	0	0	0	0	0	0	0	0	0	0	714	0	0	0	0	0	
169188	Cuneus_L	108	0	0	0	0	0	0	0	0	0	0	0	0	0	0	0	0	0	0	0	0	0	0	0	0	0	0	0	0	0	0	0	1870	0	964	134	0	0	0	0	0	0	16842	3032	0	5216	2068	214	21240	2116	12482	234	830	0	756	0	100	0	1830	272	306	0	0	0	108	0	11974	1124	142	0	0	0	0	0	0	0	0	0	0	0	0	0	0	0	538	0	0	0	94	0	0	0	0	0	0	0	0	0	0	0	0	0	0	0	0	0	0	0	0	0	0	0	0	0	0	0	
325148	Cuneus_R	0	396	0	98	0	0	0	0	0	0	0	0	0	0	0	0	0	0	0	108	0	0	0	0	0	0	0	0	0	0	0	0	236	748	336	702	0	0	0	0	0	0	6100	35208	5216	0	1342	8312	282	37334	118	12142	0	2764	0	3220	0	2716	0	4828	0	1742	0	1134	0	964	4040	29230	0	672	0	0	0	0	0	0	0	270	0	0	0	0	0	0	0	1754	0	0	0	420	0	0	0	0	0	0	0	0	0	0	0	0	0	0	0	0	0	0	0	0	142	0	0	0	0	0	
368556	Lingual_L	0	0	0	0	0	0	0	0	0	0	0	0	0	0	0	0	0	0	0	0	0	0	0	0	0	0	0	0	0	0	0	0	0	0	1122	0	3546	0	5988	0	0	0	17156	2174	2068	1342	0	3464	5568	892	10916	0	4248	0	24608	1286	0	0	834	0	114	0	0	0	104	0	8780	318	0	0	0	0	0	0	0	0	122	0	0	0	0	0	0	0	382	0	0	0	1562	0	17516	2850	1232	770	466	330	16274	5158	20958	6168	158	656	374	2040	100	154	0	0	102	246	8926	1830	708	260	236	172	
384572	Lingual_R	0	376	0	0	0	0	0	0	0	0	0	0	0	0	0	0	0	0	0	0	0	0	0	0	0	0	0	0	0	0	0	0	0	150	344	4146	448	2036	158	3926	0	0	2144	24166	214	8312	3464	0	0	11844	0	4408	0	4218	1288	25646	0	1042	0	844	0	132	0	166	0	0	328	14998	0	770	0	0	0	0	0	0	176	472	0	0	0	0	0	0	0	180	0	0	0	2370	3492	12350	390	1952	206	1200	3032	6714	5034	13538	94	244	160	1432	0	0	0	0	104	460	8928	9198	3804	524	360	304	
241868	Occipital_Sup_L	200	0	0	0	0	0	0	0	0	0	0	0	0	0	0	0	0	0	0	0	0	0	0	0	0	0	0	0	0	0	0	0	692	0	414	0	0	0	0	0	0	0	24642	98	21240	282	5568	0	0	96	37998	0	2226	0	1070	0	180	0	10110	0	1298	0	0	0	244	0	12688	750	96	0	0	0	0	0	0	0	0	0	0	0	0	0	0	0	764	0	0	0	278	0	0	0	0	0	0	0	0	0	0	0	0	0	0	0	0	0	0	0	0	0	0	0	0	0	0	0	
325028	Occipital_Sup_R	0	214	0	0	0	0	0	0	0	0	0	0	0	0	0	0	0	0	0	0	0	0	0	0	0	0	0	0	0	0	0	0	0	124	0	102	0	0	0	0	0	0	3210	25586	2116	37334	892	11844	96	0	0	26954	0	3960	0	5686	0	1080	0	8870	0	2594	0	584	0	5310	2998	19342	0	120	0	0	0	0	0	0	0	0	0	0	0	382	0	0	0	2734	0	0	0	382	0	0	0	0	0	0	0	0	0	0	0	0	0	0	0	0	0	0	0	0	0	0	0	0	0	0	
412932	Occipital_Mid_L	510	0	0	0	0	0	0	0	0	0	0	0	0	0	0	0	444	0	0	0	0	0	0	0	0	0	0	0	288	0	0	0	1262	0	464	0	0	0	0	0	0	0	30008	0	12482	118	10916	0	37998	0	0	0	17426	0	8184	0	642	0	19618	0	15762	0	266	0	16244	0	14352	240	510	0	0	0	0	0	0	0	0	0	0	0	388	0	0	0	15184	0	0	0	3160	0	0	0	0	0	0	0	0	0	0	0	0	0	0	0	0	0	0	0	0	0	0	0	0	0	0	0	
188340	Occipital_Mid_R	0	204	0	0	0	0	0	0	0	0	0	0	0	0	0	0	0	0	0	0	0	0	0	0	0	0	0	0	0	0	0	0	0	0	0	0	0	0	0	0	0	0	346	8060	234	12142	0	4408	0	26954	0	0	0	5034	0	2546	0	574	0	2584	0	2812	0	708	0	11638	486	4878	0	134	0	0	0	0	0	0	0	0	0	0	0	858	0	0	0	8004	0	0	0	1566	0	0	0	0	0	0	0	0	0	0	0	0	0	0	0	0	0	0	0	0	0	0	0	0	0	0	
119388	Occipital_Inf_L	282	0	0	0	0	0	0	0	0	0	0	0	0	0	0	0	816	0	0	0	0	0	0	0	0	0	0	0	908	0	0	0	218	0	182	0	0	0	0	0	0	0	6360	0	830	0	4248	0	2226	0	17426	0	0	0	11498	0	0	0	628	0	644	0	196	0	500	0	2830	0	178	0	0	0	0	0	0	0	0	0	0	0	366	0	0	0	4400	0	0	0	4824	0	0	0	0	0	0	0	0	0	134	0	0	0	0	0	0	0	0	0	0	0	0	0	0	0	0	0	
159832	Occipital_Inf_R	376	1052	122	0	0	0	0	0	0	0	0	0	0	0	0	0	0	0	114	1060	0	0	0	0	0	0	0	0	0	274	0	0	0	238	606	2404	0	352	0	0	0	0	0	9308	0	2764	0	4218	0	3960	0	5034	0	0	0	15048	0	232	0	222	0	94	0	0	0	2672	0	5514	618	1148	0	0	0	0	0	0	0	0	0	0	0	1472	0	0	0	8300	0	0	0	12092	0	0	0	0	0	0	0	0	0	0	0	0	0	0	0	0	0	0	0	0	622	0	0	0	0	0	
448884	Fusiform_L	1280	0	212	0	0	0	0	0	0	0	1014	0	0	0	0	0	2386	0	790	0	0	0	0	0	0	0	0	0	7282	0	0	0	226	0	840	378	14062	282	7996	0	2064	0	7234	0	756	0	24608	1288	1070	0	8184	0	11498	0	0	762	284	0	418	0	864	0	870	0	972	0	6586	0	562	0	0	0	944	0	0	0	1014	0	702	0	5024	0	1644	0	4916	0	526	0	17546	0	27060	1788	4648	194	0	0	11090	2354	28964	2790	616	190	1014	492	0	0	0	0	0	0	4226	1482	450	0	0	0	
535468	Fusiform_R	434	1512	166	378	0	0	0	0	0	0	0	136	0	0	0	0	0	0	180	1366	0	0	0	266	0	0	0	0	0	1208	0	428	0	314	2210	5028	190	21240	0	17600	0	8212	120	13056	0	3220	1286	25646	0	5686	0	2546	0	15048	762	0	0	302	0	524	0	0	0	928	0	532	96	8990	802	1462	0	430	0	2786	0	92	180	270	0	0	0	1824	0	4378	0	5706	0	2692	0	32826	1516	19912	122	2402	104	340	1960	6526	2142	22200	0	724	148	2708	102	488	0	278	96	438	4440	4482	2090	592	622	244	
227956	Postcentral_L	26820	5128	2928	4868	0	0	0	0	0	0	1508	0	0	0	0	0	7866	0	3276	1878	0	0	0	0	0	0	0	0	9840	0	0	0	0	0	144	94	3608	0	0	0	0	0	2160	0	100	0	0	0	180	0	642	0	0	0	284	0	0	0	2698	0	15650	0	11384	0	700	0	1830	0	1774	0	0	0	1242	0	436	0	300	0	2534	0	3110	0	0	0	450	0	0	0	546	0	0	0	0	0	0	0	0	0	0	0	0	0	0	0	0	0	0	0	0	0	0	0	0	0	0	0	
181848	Postcentral_R	100	14232	810	1468	0	0	0	376	0	0	0	1446	0	0	0	0	0	4228	1192	1196	0	0	0	322	0	0	0	0	134	1958	226	704	0	346	156	2452	0	406	0	0	0	0	0	6960	0	2716	0	1042	0	1080	0	574	0	232	0	302	0	0	0	3858	0	7254	0	14182	0	1188	0	10978	126	5052	134	804	0	434	0	0	0	240	0	172	0	934	0	0	0	330	0	0	0	220	0	0	0	0	0	0	0	0	0	0	0	0	0	0	0	0	0	0	0	0	360	0	0	0	0	0	
144392	Parietal_Sup_L	104	0	0	0	0	0	0	0	0	0	0	0	0	0	0	0	0	0	0	0	0	0	0	0	0	0	0	0	0	0	0	0	314	0	0	0	0	0	0	0	0	0	5972	0	1830	0	834	0	10110	0	19618	0	628	0	418	0	2698	0	0	0	12892	0	0	0	5010	0	11002	108	438	0	0	0	0	0	0	0	0	0	0	0	0	0	0	0	220	0	0	0	0	0	0	0	0	0	0	0	0	0	0	0	0	0	0	0	0	0	0	0	0	0	0	0	0	0	0	0	
91200	Parietal_Sup_R	0	0	0	0	0	0	0	0	0	0	0	0	0	0	0	0	0	0	0	0	0	0	0	0	0	0	0	0	0	0	0	0	0	0	0	0	0	0	0	0	0	0	338	3560	272	4828	0	844	0	8870	0	2584	0	222	0	524	0	3858	0	0	0	5850	0	488	0	4498	0	8578	0	122	0	0	0	0	0	0	0	0	0	0	0	0	0	0	0	164	0	0	0	0	0	0	0	0	0	0	0	0	0	0	0	0	0	0	0	0	0	0	0	0	0	0	0	0	0	0	
232632	Parietal_Inf_L	3584	278	0	262	0	0	0	0	0	0	0	0	0	0	0	0	476	0	0	192	0	0	0	0	0	0	0	0	1004	0	0	0	164	0	106	0	1022	0	0	0	0	0	1448	0	306	0	114	0	1298	0	15762	0	644	0	864	0	15650	0	12892	0	0	0	15400	0	28042	0	2302	0	576	0	0	0	446	0	0	0	156	0	0	0	1954	0	0	0	8218	0	0	0	3156	0	0	0	0	0	0	0	0	0	0	0	0	0	0	0	0	0	0	0	0	0	0	0	0	0	0	0	
115344	Parietal_Inf_R	0	742	0	130	0	0	0	0	0	0	0	0	0	0	0	0	0	0	0	140	0	0	0	0	0	0	0	0	0	0	0	0	0	0	0	1262	0	0	0	0	0	0	0	2266	0	1742	0	132	0	2594	0	2812	0	94	0	0	0	7254	0	5850	0	0	0	14296	0	11170	0	4164	0	120	0	0	0	0	0	0	0	0	0	0	0	728	0	0	0	1350	0	0	0	826	0	0	0	0	0	0	0	0	0	0	0	0	0	0	0	0	0	0	0	0	0	0	0	0	0	0	
130012	SupraMarginal_L	2776	288	0	288	0	0	0	0	0	0	0	0	0	0	0	0	2040	0	0	0	0	0	0	0	0	0	0	0	3780	0	0	0	0	0	0	0	2728	0	0	0	0	0	0	0	0	0	0	0	0	0	266	0	196	0	870	0	11384	0	0	0	15400	0	0	0	5928	0	0	0	0	0	0	0	312	0	0	0	116	0	120	0	9922	0	0	0	5196	0	0	0	3396	0	0	0	0	0	0	0	0	0	0	0	0	0	0	0	0	0	0	0	0	0	0	0	0	0	0	0	
155076	SupraMarginal_R	222	2126	0	292	0	0	0	0	0	0	0	0	0	0	0	0	0	2278	0	326	0	0	0	106	0	0	0	0	0	256	0	120	0	158	94	2604	0	616	0	218	0	0	0	1306	0	1134	0	166	0	584	0	708	0	0	0	928	0	14182	0	488	0	14296	0	0	0	8556	0	2696	230	182	0	120	0	0	0	0	0	0	0	722	0	12306	0	0	0	5352	0	0	0	4030	0	0	0	0	0	0	0	0	0	0	0	0	0	0	0	0	0	0	0	0	136	0	0	0	0	0	
160280	Angular_L	552	0	0	0	0	0	0	0	0	0	0	0	0	0	0	0	330	0	0	0	0	0	0	0	0	0	0	0	204	0	0	0	0	0	0	0	0	0	0	0	0	0	220	0	108	0	104	0	244	0	16244	0	500	0	972	0	700	0	5010	0	28042	0	5928	0	0	0	328	0	180	0	0	0	0	0	0	0	0	0	0	0	2230	0	0	0	12898	0	0	0	5346	0	0	0	0	0	0	0	0	0	0	0	0	0	0	0	0	0	0	0	0	0	0	0	0	0	0	0	
135368	Angular_R	0	142	0	0	0	0	0	0	0	0	0	0	0	0	0	0	0	0	0	0	0	0	0	0	0	0	0	0	0	0	0	0	0	0	0	660	0	124	0	106	0	0	0	972	0	964	0	0	0	5310	0	11638	0	2672	0	532	0	1188	0	4498	0	11170	0	8556	0	0	0	2066	0	0	0	0	0	0	0	0	0	0	0	0	0	7272	0	0	0	7694	0	0	0	2120	0	0	0	0	0	0	0	0	0	0	0	0	0	0	0	0	0	0	0	0	0	0	0	0	0	0	
272484	Precuneus_L	198	0	0	0	0	0	0	0	0	0	0	0	0	0	0	0	0	0	96	0	0	0	0	0	0	0	0	0	152	0	0	0	5430	1054	6172	786	2488	0	2442	0	0	0	22594	2892	11974	4040	8780	328	12688	2998	14352	486	2830	0	6586	96	1830	0	11002	0	2302	0	0	0	328	0	0	7768	1616	100	0	0	0	0	0	0	0	0	0	0	0	0	0	0	1002	0	0	0	498	0	96	0	0	0	0	0	0	0	128	0	0	0	0	0	0	0	0	0	0	0	110	0	0	0	0	0	
439244	Precuneus_R	176	2636	0	330	0	0	0	0	0	0	0	0	0	0	0	0	0	0	300	510	0	0	0	150	0	0	0	0	0	0	166	230	4100	7014	3818	15226	444	2376	0	2530	0	0	918	37448	1124	29230	318	14998	750	19342	240	4878	0	5514	0	8990	0	10978	108	8578	0	4164	0	2696	0	2066	7768	0	532	5912	0	230	0	0	0	0	104	652	0	0	0	0	0	0	0	1344	0	0	0	5034	0	0	0	0	0	0	0	962	0	0	0	0	0	0	0	0	0	0	0	0	4738	0	0	0	0	0	
170800	Paracentral_Lobule_L	18306	6426	1782	3952	0	0	296	0	0	0	0	0	0	0	0	0	172	0	11172	6598	0	0	0	0	0	0	0	0	326	0	96	0	3248	6352	5324	3918	162	282	0	154	0	0	290	532	142	0	0	0	96	0	510	0	178	618	562	802	1774	126	438	0	576	0	0	230	180	0	1616	532	0	3582	236	114	624	0	1466	0	556	0	0	0	0	116	0	0	330	0	0	0	0	608	0	0	0	0	0	0	0	0	0	0	0	0	0	0	0	0	0	0	0	0	0	0	0	0	0	0	
189644	Paracentral_Lobule_R	3568	16614	0	202	0	0	506	0	0	0	0	0	0	0	0	0	0	0	1168	17722	0	0	0	0	0	0	0	0	0	0	0	0	582	14666	472	3410	300	844	0	394	0	0	0	3348	0	672	0	770	0	120	0	134	0	1148	0	1462	0	5052	0	122	0	120	0	182	0	0	100	5912	3582	0	3670	242	94	0	486	0	5276	300	0	0	0	0	0	0	0	200	0	0	0	1014	0	0	0	0	0	0	0	0	0	0	0	0	0	0	0	0	0	0	0	0	368	0	0	0	0	0	
211088	Caudate_L	2622	3436	5948	4818	2206	326	858	1354	0	0	904	0	1224	0	430	0	0	196	4200	7072	7786	7190	574	332	628	436	3092	1014	3726	92	8294	5004	0	1630	0	0	0	168	0	0	0	0	0	0	0	0	0	0	0	0	0	0	0	0	0	0	0	134	0	0	0	0	0	0	0	0	0	0	236	3670	0	11842	8234	824	220	506	3184	1008	0	0	0	0	126	0	0	0	0	0	0	0	0	0	0	0	0	0	0	0	0	0	0	0	0	0	0	0	0	0	0	0	0	0	0	0	0	0	
519172	Caudate_R	180	9062	3806	41386	922	1764	300	9000	0	0	268	6556	114	3412	0	978	0	1252	5970	22506	4350	5400	1070	15884	152	4906	1218	1062	1158	8224	9286	46994	0	2456	0	0	0	1916	0	288	0	272	0	228	0	0	0	0	0	0	0	0	0	0	0	430	0	804	0	0	0	0	0	120	0	0	0	230	114	242	11842	0	2988	14038	0	2180	1026	12576	0	0	0	170	0	132	0	0	0	0	0	354	0	0	0	0	0	0	0	0	0	0	0	0	0	0	0	0	0	0	0	0	0	0	0	0	0	0	
250660	Putamen_L	9444	736	14556	1196	10808	196	3294	388	1224	0	1648	0	2100	0	3970	0	324	0	10890	858	3756	3732	1534	0	618	260	2060	438	16608	0	4312	562	0	0	208	312	4262	150	398	0	280	0	0	0	0	0	0	0	0	0	0	0	0	0	944	0	1242	0	0	0	446	0	312	0	0	0	0	0	624	94	8234	2988	0	184	5336	0	1496	0	130	0	514	0	1350	0	0	0	0	0	314	0	0	0	0	0	0	0	0	0	0	0	0	0	0	0	0	0	0	0	0	0	0	0	0	0	0	0	
232132	Putamen_R	0	1516	394	13020	0	3474	0	1706	0	240	0	2744	0	392	0	2154	0	2162	276	6958	386	414	146	7112	0	4258	216	1424	126	12248	1960	11246	0	250	0	0	0	10600	0	3850	0	300	0	0	0	0	0	0	0	0	0	0	0	0	0	2786	0	434	0	0	0	0	0	0	0	0	0	0	0	0	824	14038	184	0	0	1918	0	1924	0	0	0	1130	0	214	0	210	0	0	0	2404	0	0	0	0	0	0	0	0	0	428	0	0	0	0	0	0	0	0	0	0	0	0	0	0	0	0	
41416	Pallidum_L	3942	384	1730	520	0	0	412	178	0	0	0	0	0	0	0	0	0	0	2140	990	0	0	0	0	0	0	0	0	0	0	146	0	0	426	0	0	194	0	0	0	0	0	0	0	0	0	0	0	0	0	0	0	0	0	0	0	436	0	0	0	0	0	0	0	0	0	0	0	1466	486	220	0	5336	0	0	0	1702	0	0	0	0	0	0	0	0	0	0	0	0	0	0	0	0	0	0	0	0	0	0	0	0	0	0	0	0	0	0	0	0	0	0	0	0	0	0	0	
23300	Pallidum_R	0	810	368	1246	280	0	0	116	0	0	0	190	0	0	0	0	0	212	376	1316	0	0	0	420	0	0	0	0	282	258	132	668	0	0	0	0	0	156	0	124	0	0	0	0	0	0	0	0	0	0	0	0	0	0	0	92	0	0	0	0	0	0	0	0	0	0	0	0	0	0	506	2180	0	1918	0	0	0	0	0	0	0	0	0	0	0	0	0	0	0	0	0	0	0	0	0	0	0	0	0	0	0	0	0	0	0	0	0	0	0	0	0	0	0	0	0	0	
130460	Thalamus_L	9798	3098	0	114	0	0	0	0	0	0	0	0	0	0	0	0	0	0	500	3522	0	0	0	0	0	0	0	0	1088	0	0	0	0	4210	1922	5258	7410	2846	1664	956	358	0	0	0	0	0	122	176	0	0	0	0	0	0	1014	180	300	0	0	0	156	0	116	0	0	0	0	104	556	5276	3184	1026	1496	0	1702	0	0	4092	0	0	432	0	142	0	564	0	0	0	1676	0	0	0	0	0	0	0	0	172	0	0	0	0	0	0	0	0	0	0	0	0	0	0	0	0	0	0	
167656	Thalamus_R	442	20046	1698	17696	162	0	98	230	0	0	316	268	0	0	0	0	182	424	698	4746	0	0	0	494	0	0	0	0	274	1368	706	2052	0	0	0	482	0	5934	0	2088	0	314	0	334	0	270	0	472	0	0	0	0	0	0	0	270	0	240	0	0	0	0	0	0	0	0	0	652	0	300	1008	12576	0	1924	0	0	4092	0	0	0	0	398	0	0	0	0	0	0	0	98	0	0	0	0	0	0	0	476	0	0	0	0	0	0	0	0	0	0	0	0	0	0	0	0	0	0	
47976	Heschl_L	2522	0	378	0	0	0	0	0	0	0	202	0	0	0	0	0	2930	0	394	0	0	0	0	0	0	0	0	0	5248	0	0	0	0	0	0	94	1872	0	0	0	0	0	0	0	0	0	0	0	0	0	0	0	0	0	702	0	2534	0	0	0	0	0	120	0	0	0	0	0	0	0	0	0	130	0	0	0	0	0	0	0	2018	0	0	0	1832	0	0	0	3012	0	0	0	0	0	0	0	0	0	0	0	0	0	0	0	0	0	0	0	0	0	0	0	0	0	0	0	
16324	Heschl_R	0	96	0	0	0	0	0	0	0	0	0	0	0	0	0	0	0	1090	0	0	0	0	0	0	0	0	0	0	0	1818	0	0	0	0	0	0	0	160	0	0	0	0	0	0	0	0	0	0	0	0	0	0	0	0	0	0	0	172	0	0	0	0	0	722	0	0	0	0	0	0	0	0	0	0	0	0	0	0	0	0	0	3974	0	0	0	130	0	0	0	0	0	0	0	0	0	0	0	0	0	0	0	0	0	0	0	0	0	0	0	0	0	0	0	0	0	0	
204744	Temporal_Sup_L	2166	638	1252	140	0	0	166	162	0	0	3764	0	0	0	0	0	8140	0	2324	120	0	0	0	0	0	0	0	0	12758	0	0	0	0	0	0	0	5568	0	774	0	0	0	0	0	0	0	0	0	0	0	388	0	366	0	5024	0	3110	0	0	0	1954	0	9922	0	2230	0	0	0	0	0	0	0	514	0	0	0	432	0	2018	0	0	0	4816	0	20500	0	130	0	12996	0	0	0	0	0	0	0	0	0	0	0	0	0	0	0	0	0	0	0	0	0	0	0	0	0	0	0	
152736	Temporal_Sup_R	116	362	0	224	0	0	0	0	0	0	0	180	0	0	0	92	0	2214	0	150	0	0	0	140	0	0	0	0	0	6980	0	170	0	0	0	286	0	1820	0	214	0	0	0	0	0	0	0	0	0	382	0	858	0	1472	0	1824	0	934	0	0	0	728	0	12306	0	7272	0	0	116	0	0	170	0	1130	0	0	0	398	0	3974	0	0	0	1968	0	18860	0	178	0	10850	0	0	0	0	0	0	0	0	0	0	0	0	0	0	0	0	0	0	0	0	0	0	0	0	0	0	
113640	Temporal_Pole_Sup_L	308	844	1998	142	554	0	300	224	0	0	5966	0	250	0	800	0	3290	0	2614	118	450	0	0	0	0	0	0	0	9660	0	166	0	0	0	0	0	2042	0	546	0	986	0	0	0	0	0	0	0	0	0	0	0	0	0	1644	0	0	0	0	0	0	0	0	0	0	0	0	0	0	0	126	0	1350	0	0	0	142	0	0	0	4816	0	0	0	8150	0	1996	0	7338	0	0	0	0	0	0	0	0	0	0	0	0	0	0	0	0	0	0	0	0	0	0	0	0	0	0	0	
43600	Temporal_Pole_Sup_R	0	0	0	154	0	190	0	138	0	0	0	294	0	0	0	398	0	222	0	0	0	230	0	0	0	0	0	190	0	1504	0	0	0	0	0	0	0	552	0	2180	0	1998	0	0	0	0	0	0	0	0	0	0	0	0	0	4378	0	0	0	0	0	0	0	0	0	0	0	0	0	0	0	132	0	214	0	0	0	0	0	0	0	1968	0	0	0	1418	0	3376	0	2264	0	0	0	0	0	0	0	0	0	0	0	0	0	0	0	0	0	0	0	0	0	0	0	0	0	0	
271664	Temporal_Mid_L	832	0	0	0	0	0	0	0	0	0	728	0	0	0	0	0	2050	0	0	0	0	0	0	0	0	0	0	0	3782	0	0	0	0	0	180	0	3726	0	160	0	0	0	1266	0	538	0	382	0	764	0	15184	0	4400	0	4916	0	450	0	220	0	8218	0	5196	0	12898	0	1002	0	330	0	0	0	0	0	0	0	564	0	1832	0	20500	0	8150	0	0	0	1728	0	35836	0	0	0	0	0	0	0	0	0	0	0	0	0	0	0	0	0	0	0	0	0	0	0	0	0	0	0	
198908	Temporal_Mid_R	0	318	0	134	0	0	0	0	0	0	0	0	0	0	0	0	0	98	0	200	0	0	0	0	0	0	0	0	0	1496	0	98	0	0	0	94	0	2568	0	0	0	0	0	838	0	1754	0	180	0	2734	0	8004	0	8300	0	5706	0	330	0	164	0	1350	0	5352	0	7694	0	1344	0	200	0	0	0	210	0	0	0	0	0	130	0	18860	0	1418	0	0	0	1250	0	28630	0	0	0	0	0	0	0	0	0	0	0	0	0	0	0	0	0	0	0	0	0	0	0	0	0	0	
12252	Temporal_Pole_Mid_L	0	0	0	0	0	0	0	0	0	0	0	0	0	0	0	0	0	0	0	0	0	0	0	0	0	0	0	0	0	0	0	0	0	0	0	0	206	0	220	0	0	0	0	0	0	0	0	0	0	0	0	0	0	0	526	0	0	0	0	0	0	0	0	0	0	0	0	0	0	0	0	0	0	0	0	0	0	0	0	0	130	0	1996	0	1728	0	0	0	1320	0	0	0	0	0	0	0	0	0	0	0	0	0	0	0	0	0	0	0	0	0	0	0	0	0	0	0	
23132	Temporal_Pole_Mid_R	0	0	0	0	0	0	0	0	0	0	0	0	0	0	0	0	0	0	0	0	0	0	0	0	0	0	0	0	0	0	0	0	0	0	0	0	0	0	0	1706	0	918	0	0	0	0	0	0	0	0	0	0	0	0	0	2692	0	0	0	0	0	0	0	0	0	0	0	0	0	0	0	0	0	0	0	0	0	0	0	0	0	178	0	3376	0	1250	0	0	0	1446	0	0	0	0	0	0	0	0	0	0	0	0	0	0	0	0	0	0	0	0	0	0	0	0	0	0	
274356	Temporal_Inf_L	1450	0	198	0	0	0	0	0	0	0	1232	0	0	0	0	0	2456	0	536	0	0	0	0	0	0	0	0	0	5872	0	0	0	0	0	380	464	11664	302	2804	0	786	0	588	0	94	0	1562	0	278	0	3160	0	4824	0	17546	0	546	0	0	0	3156	0	3396	0	5346	0	498	0	0	0	0	0	314	0	0	0	1676	0	3012	0	12996	0	7338	0	35836	0	1320	0	0	0	3066	0	1640	0	0	0	144	0	600	0	98	0	0	0	0	0	0	0	0	0	0	0	0	0	0	0	
311944	Temporal_Inf_R	266	1178	184	350	0	0	0	0	0	0	0	96	0	0	0	98	0	0	220	1032	0	0	0	222	0	0	0	0	0	3508	0	352	0	144	2092	4850	0	14790	0	6334	0	2694	0	3500	0	420	0	2370	0	382	0	1566	0	12092	0	32826	0	220	0	0	0	826	0	4030	0	2120	0	5034	608	1014	0	354	0	2404	0	0	0	98	0	0	0	10850	0	2264	0	28630	0	1446	0	0	0	2452	0	266	0	0	0	108	0	354	0	0	0	144	0	0	0	0	0	0	1184	0	0	0	0	0	
590856	Cerebelum_Crus1_L	0	0	0	0	0	0	0	0	0	0	0	0	0	0	0	0	0	0	0	0	0	0	0	0	0	0	0	0	0	0	0	0	0	0	0	0	0	0	124	0	0	0	0	0	0	0	17516	3492	0	0	0	0	0	0	27060	1516	0	0	0	0	0	0	0	0	0	0	96	0	0	0	0	0	0	0	0	0	0	0	0	0	0	0	0	0	0	0	0	0	3066	0	0	8274	50870	4998	866	764	24704	5514	61660	10626	13654	1130	17202	4704	2334	704	222	0	396	1292	11278	8958	9598	1402	954	454	
533768	Cerebelum_Crus1_R	0	0	0	0	0	0	0	0	0	0	0	0	0	0	0	0	0	0	0	0	0	0	0	0	0	0	0	0	0	0	0	0	0	0	0	0	0	214	0	118	0	0	0	0	0	0	2850	12350	0	0	0	0	0	0	1788	19912	0	0	0	0	0	0	0	0	0	0	0	0	0	0	0	0	0	0	0	0	0	0	0	0	0	0	0	0	0	0	0	0	0	2452	8274	0	1474	42274	568	2134	5190	9888	11350	54406	530	12514	1220	25428	694	1482	0	0	388	2684	8312	19664	15486	1552	976	712	
375280	Cerebelum_Crus2_L	0	0	0	0	0	0	0	0	0	0	0	0	0	0	0	0	0	0	0	0	0	0	0	0	0	0	0	0	0	0	0	0	0	0	0	0	0	0	0	0	0	0	0	0	0	0	1232	390	0	0	0	0	0	0	4648	122	0	0	0	0	0	0	0	0	0	0	0	0	0	0	0	0	0	0	0	0	0	0	0	0	0	0	0	0	0	0	0	0	1640	0	50870	1474	0	7654	658	126	5696	546	16694	1388	33324	4952	33526	4598	2878	230	446	0	0	176	960	1530	8926	2734	222	0	
487792	Cerebelum_Crus2_R	0	0	0	0	0	0	0	0	0	0	0	0	0	0	0	0	0	0	0	0	0	0	0	0	0	0	0	0	0	0	0	0	0	0	0	0	0	0	0	0	0	0	0	0	0	0	770	1952	0	0	0	0	0	0	194	2402	0	0	0	0	0	0	0	0	0	0	0	0	0	0	0	0	0	0	0	0	0	0	0	0	0	0	0	0	0	0	0	0	0	266	4998	42274	7654	0	1468	2928	4400	4990	6422	15614	2246	27536	9824	42678	6740	4868	468	410	1414	3166	4000	6686	22782	7270	4722	2754	
62956	Cerebelum_3_L	0	0	0	0	0	0	0	0	0	0	0	0	0	0	0	0	0	0	0	0	0	0	0	0	0	0	0	0	0	0	0	0	0	0	0	0	0	0	0	0	0	0	0	0	0	0	466	206	0	0	0	0	0	0	0	104	0	0	0	0	0	0	0	0	0	0	0	0	0	0	0	0	0	0	0	0	0	0	0	0	0	0	0	0	0	0	0	0	0	0	866	568	658	1468	0	270	6380	250	1880	1196	120	474	1040	1766	1098	392	0	0	1698	2860	2080	1148	1758	1088	1026	618	
118336	Cerebelum_3_R	0	0	0	0	0	0	0	0	0	0	0	0	0	0	0	0	0	0	0	0	0	0	0	0	0	0	0	0	0	0	0	0	0	0	0	0	0	0	0	0	0	0	0	0	0	0	330	1200	0	0	0	0	0	0	0	340	0	0	0	0	0	0	0	0	0	0	0	0	0	0	0	0	0	0	0	0	0	0	0	0	0	0	0	0	0	0	0	0	0	0	764	2134	126	2928	270	0	1516	7136	1240	5490	0	112	1198	4366	1318	3784	0	0	1372	6994	3440	776	3072	4112	4208	942	
411884	Cerebelum_4_5_L	0	0	0	0	0	0	0	0	0	0	0	0	0	0	0	0	0	0	0	0	0	0	0	0	0	0	0	0	0	0	0	0	0	0	0	0	234	0	324	0	0	0	0	0	0	0	16274	3032	0	0	0	0	0	0	11090	1960	0	0	0	0	0	0	0	0	0	0	0	0	0	0	0	0	0	0	0	0	0	0	0	0	0	0	0	0	0	0	0	0	144	0	24704	5190	5696	4400	6380	1516	0	8360	36316	11498	3026	2024	6020	7106	3774	1338	1086	0	1572	3808	20690	5506	5580	2820	2496	1978	
318836	Cerebelum_4_5_R	0	0	0	0	0	0	0	0	0	0	0	0	0	0	0	0	0	0	0	0	0	0	0	0	0	0	0	0	0	0	0	0	0	0	0	444	138	1208	0	2948	0	0	0	0	0	0	5158	6714	0	0	0	0	0	0	2354	6526	0	0	0	0	0	0	0	0	0	0	0	962	0	0	0	0	0	0	0	0	172	476	0	0	0	0	0	0	0	0	0	0	0	108	5514	9888	546	4990	250	7136	8360	0	7908	28698	416	1518	1944	10234	1732	3544	0	794	332	6508	17910	1834	5266	3016	3208	664	
603948	Cerebelum_6_L	0	0	0	0	0	0	0	0	0	0	0	0	0	0	0	0	0	0	0	0	0	0	0	0	0	0	0	0	0	0	0	0	0	0	0	0	0	0	250	0	0	0	0	0	0	0	20958	5034	0	0	0	0	134	0	28964	2142	0	0	0	0	0	0	0	0	0	0	128	0	0	0	0	0	0	0	0	0	0	0	0	0	0	0	0	0	0	0	0	0	600	0	61660	11350	16694	6422	1880	1240	36316	7908	0	16014	7232	1810	9180	6972	3128	1080	1028	0	1274	2428	17456	15128	11006	2452	2096	2010	
580448	Cerebelum_6_R	0	0	0	0	0	0	0	0	0	0	0	0	0	0	0	0	0	0	0	0	0	0	0	0	0	0	0	0	0	0	0	0	0	0	0	0	0	1016	0	1326	0	0	0	0	0	0	6168	13538	0	0	0	0	0	0	2790	22200	0	0	0	0	0	0	0	0	0	0	0	0	0	0	0	0	0	428	0	0	0	0	0	0	0	0	0	0	0	0	0	0	0	354	10626	54406	1388	15614	1196	5490	11498	28698	16014	0	618	5318	1470	18648	906	1108	0	574	942	5964	21350	20538	15260	2130	1544	1104	
227068	Cerebelum_7b_L	0	0	0	0	0	0	0	0	0	0	0	0	0	0	0	0	0	0	0	0	0	0	0	0	0	0	0	0	0	0	0	0	0	0	0	0	0	0	0	0	0	0	0	0	0	0	158	94	0	0	0	0	0	0	616	0	0	0	0	0	0	0	0	0	0	0	0	0	0	0	0	0	0	0	0	0	0	0	0	0	0	0	0	0	0	0	0	0	98	0	13654	530	33324	2246	120	0	3026	416	7232	618	0	3466	32728	2518	3234	290	860	0	0	0	670	494	3114	3708	320	0	
245996	Cerebelum_7b_R	0	0	0	0	0	0	0	0	0	0	0	0	0	0	0	0	0	0	0	0	0	0	0	0	0	0	0	0	0	0	0	0	0	0	0	0	0	0	0	0	0	0	0	0	0	0	656	244	0	0	0	0	0	0	190	724	0	0	0	0	0	0	0	0	0	0	0	0	0	0	0	0	0	0	0	0	0	0	0	0	0	0	0	0	0	0	0	0	0	0	1130	12514	4952	27536	474	112	2024	1518	1810	5318	3466	0	5690	34580	1330	5416	0	0	114	310	2592	980	4430	4314	384	190	
406976	Cerebelum_8_L	0	0	0	0	0	0	0	0	0	0	0	0	0	0	0	0	0	0	0	0	0	0	0	0	0	0	0	0	0	0	0	0	0	0	0	0	0	0	0	0	0	0	0	0	0	0	374	160	0	0	0	0	0	0	1014	148	0	0	0	0	0	0	0	0	0	0	0	0	0	0	0	0	0	0	0	0	0	0	0	0	0	0	0	0	0	0	0	0	0	0	17202	1220	33526	9824	1040	1198	6020	1944	9180	1470	32728	5690	0	12710	25114	4348	5214	0	360	1068	1370	688	12126	11522	5172	1058	
562668	Cerebelum_8_R	0	0	0	0	0	0	0	0	0	0	0	0	0	0	0	0	0	0	0	0	0	0	0	0	0	0	0	0	0	0	0	0	0	0	0	0	0	0	0	0	0	0	0	0	0	0	2040	1432	0	0	0	0	0	0	492	2708	0	0	0	0	0	0	0	0	0	0	0	0	0	0	0	0	0	0	0	0	0	0	0	0	0	0	0	0	0	0	0	0	0	144	4704	25428	4598	42678	1766	4366	7106	10234	6972	18648	2518	34580	12710	0	8400	23426	492	1146	1764	5492	9912	4890	17428	13828	8214	3218	
199936	Cerebelum_9_L	0	0	0	0	0	0	0	0	0	0	0	0	0	0	0	0	0	0	0	0	0	0	0	0	0	0	0	0	0	0	0	0	0	0	0	0	0	0	0	0	0	0	0	0	0	0	100	0	0	0	0	0	0	0	0	102	0	0	0	0	0	0	0	0	0	0	0	0	0	0	0	0	0	0	0	0	0	0	0	0	0	0	0	0	0	0	0	0	0	0	2334	694	2878	6740	1098	1318	3774	1732	3128	906	3234	1330	25114	8400	0	5942	5666	94	374	1190	736	1192	8478	5830	5738	1846	
189572	Cerebelum_9_R	0	0	0	0	0	0	0	0	0	0	0	0	0	0	0	0	0	0	0	0	0	0	0	0	0	0	0	0	0	0	0	0	0	0	0	0	0	0	0	0	0	0	0	0	0	0	154	0	0	0	0	0	0	0	0	488	0	0	0	0	0	0	0	0	0	0	0	0	0	0	0	0	0	0	0	0	0	0	0	0	0	0	0	0	0	0	0	0	0	0	704	1482	230	4868	392	3784	1338	3544	1080	1108	290	5416	4348	23426	5942	0	120	1810	1436	3236	1930	474	3968	9194	11326	2698	
32760	Cerebelum_10_L	0	0	0	0	0	0	0	0	0	0	0	0	0	0	0	0	0	0	0	0	0	0	0	0	0	0	0	0	0	0	0	0	0	0	0	0	0	0	0	0	0	0	0	0	0	0	0	0	0	0	0	0	0	0	0	0	0	0	0	0	0	0	0	0	0	0	0	0	0	0	0	0	0	0	0	0	0	0	0	0	0	0	0	0	0	0	0	0	0	0	222	0	446	468	0	0	1086	0	1028	0	860	0	5214	492	5666	120	0	0	0	0	0	0	524	254	0	0	
11804	Cerebelum_10_R	0	0	0	0	0	0	0	0	0	0	0	0	0	0	0	0	0	0	0	0	0	0	0	0	0	0	0	0	0	0	0	0	0	0	0	0	0	0	0	0	0	0	0	0	0	0	0	0	0	0	0	0	0	0	0	278	0	0	0	0	0	0	0	0	0	0	0	0	0	0	0	0	0	0	0	0	0	0	0	0	0	0	0	0	0	0	0	0	0	0	0	0	0	410	0	0	0	794	0	574	0	0	0	1146	94	1810	0	0	0	0	112	0	334	146	204	0	
56600	Vermis_1_2	0	0	0	0	0	0	0	0	0	0	0	0	0	0	0	0	0	0	0	0	0	0	0	0	0	0	0	0	0	0	0	0	0	0	0	0	0	0	0	0	0	0	0	0	0	0	102	104	0	0	0	0	0	0	0	96	0	0	0	0	0	0	0	0	0	0	0	0	0	0	0	0	0	0	0	0	0	0	0	0	0	0	0	0	0	0	0	0	0	0	396	388	0	1414	1698	1372	1572	332	1274	942	0	114	360	1764	374	1436	0	0	0	4560	1804	962	1690	2238	2208	1100	
150072	Vermis_3	0	0	0	0	0	0	0	0	0	0	0	0	0	0	0	0	0	0	0	0	0	0	0	0	0	0	0	0	0	0	0	0	0	0	0	0	0	0	0	0	0	0	0	0	0	0	246	460	0	0	0	0	0	0	0	438	0	0	0	0	0	0	0	0	0	0	0	0	0	0	0	0	0	0	0	0	0	0	0	0	0	0	0	0	0	0	0	0	0	0	1292	2684	176	3166	2860	6994	3808	6508	2428	5964	0	310	1068	5492	1190	3236	0	0	4560	0	5988	2230	4392	4238	4062	1246	
388796	Vermis_4_5	0	184	0	0	0	0	0	0	0	0	0	0	0	0	0	0	0	0	0	0	0	0	0	0	0	0	0	0	0	0	0	0	0	0	524	3600	394	548	108	482	0	0	0	714	0	142	8926	8928	0	0	0	0	0	622	4226	4440	0	360	0	0	0	0	0	136	0	0	110	4738	0	368	0	0	0	0	0	0	0	0	0	0	0	0	0	0	0	0	0	0	0	1184	11278	8312	960	4000	2080	3440	20690	17910	17456	21350	670	2592	1370	9912	736	1930	0	112	1804	5988	0	7086	4802	3444	3176	2566	
280168	Vermis_6	0	0	0	0	0	0	0	0	0	0	0	0	0	0	0	0	0	0	0	0	0	0	0	0	0	0	0	0	0	0	0	0	0	0	0	0	0	0	0	0	0	0	0	0	0	0	1830	9198	0	0	0	0	0	0	1482	4482	0	0	0	0	0	0	0	0	0	0	0	0	0	0	0	0	0	0	0	0	0	0	0	0	0	0	0	0	0	0	0	0	0	0	8958	19664	1530	6686	1148	776	5506	1834	15128	20538	494	980	688	4890	1192	474	0	0	962	2230	7086	0	14514	2374	1716	3724	
