data	data	301112	227380	1.02837e+06	836372	285152	194776	598012	447664	140720	80904	199384	203740	332708	216252	299376	159564	178428	126020	634476	685936	137928	139408	421580	380344	67448	94084	98760	78400	726324	476112	340836	593956	133460	540352	217060	287956	349464	424340	94756	111628	47420	53628	222964	271620	136272	224404	255784	251268	128288	239264	441556	187408	98188	71268	214440	369804	231052	187880	113204	70044	269308	85596	96264	111908	119420	72832	218436	353212	73220	158020	459320	478768	508784	562932	100880	32616	401680	371784	84584	15616	162584	111984	70516	75760	308752	221200	16368	32396	277844	279444	324340	288672	298808	256252	39024	46568	240200	151836	372328	382868	225912	151252	290512	264048	70848	138716	31096	50896	28136	70048	183264	191920	202816	190620	80924	16256	
data	data	Precentral_L	Precentral_R	Frontal_Sup_L	Frontal_Sup_R	Frontal_Sup_Orb_L	Frontal_Sup_Orb_R	Frontal_Mid_L	Frontal_Mid_R	Frontal_Mid_Orb_L	Frontal_Mid_Orb_R	Frontal_Inf_Oper_L	Frontal_Inf_Oper_R	Frontal_Inf_Tri_L	Frontal_Inf_Tri_R	Frontal_Inf_Orb_L	Frontal_Inf_Orb_R	Rolandic_Oper_L	Rolandic_Oper_R	Supp_Motor_Area_L	Supp_Motor_Area_R	Olfactory_L	Olfactory_R	Frontal_Sup_Medial_L	Frontal_Sup_Medial_R	Frontal_Med_Orb_L	Frontal_Med_Orb_R	Rectus_L	Rectus_R	Insula_L	Insula_R	Cingulum_Ant_L	Cingulum_Ant_R	Cingulum_Mid_L	Cingulum_Mid_R	Cingulum_Post_L	Cingulum_Post_R	Hippocampus_L	Hippocampus_R	ParaHippocampal_L	ParaHippocampal_R	Amygdala_L	Amygdala_R	Calcarine_L	Calcarine_R	Cuneus_L	Cuneus_R	Lingual_L	Lingual_R	Occipital_Sup_L	Occipital_Sup_R	Occipital_Mid_L	Occipital_Mid_R	Occipital_Inf_L	Occipital_Inf_R	Fusiform_L	Fusiform_R	Postcentral_L	Postcentral_R	Parietal_Sup_L	Parietal_Sup_R	Parietal_Inf_L	Parietal_Inf_R	SupraMarginal_L	SupraMarginal_R	Angular_L	Angular_R	Precuneus_L	Precuneus_R	Paracentral_Lobule_L	Paracentral_Lobule_R	Caudate_L	Caudate_R	Putamen_L	Putamen_R	Pallidum_L	Pallidum_R	Thalamus_L	Thalamus_R	Heschl_L	Heschl_R	Temporal_Sup_L	Temporal_Sup_R	Temporal_Pole_Sup_L	Temporal_Pole_Sup_R	Temporal_Mid_L	Temporal_Mid_R	Temporal_Pole_Mid_L	Temporal_Pole_Mid_R	Temporal_Inf_L	Temporal_Inf_R	Cerebelum_Crus1_L	Cerebelum_Crus1_R	Cerebelum_Crus2_L	Cerebelum_Crus2_R	Cerebelum_3_L	Cerebelum_3_R	Cerebelum_4_5_L	Cerebelum_4_5_R	Cerebelum_6_L	Cerebelum_6_R	Cerebelum_7b_L	Cerebelum_7b_R	Cerebelum_8_L	Cerebelum_8_R	Cerebelum_9_L	Cerebelum_9_R	Cerebelum_10_L	Cerebelum_10_R	Vermis_1_2	Vermis_3	Vermis_4_5	Vermis_6	Vermis_7	Vermis_8	Vermis_9	Vermis_10	
301112	Precentral_L	0	1034	9242	1416	0	0	24646	732	0	0	18274	170	3252	0	1818	0	7366	0	1988	856	0	0	218	0	0	0	0	0	11806	172	0	0	504	0	1962	1450	2454	1338	0	0	0	0	172	0	0	0	104	0	0	0	2498	0	0	0	0	0	20498	312	258	0	8614	0	2954	0	114	0	282	0	3926	0	700	750	3392	612	2268	110	3434	1444	1306	0	848	0	0	0	2848	0	0	0	2414	0	0	0	0	0	0	0	0	0	0	0	0	0	0	0	0	0	0	0	0	0	0	0	0	0	0	0	
227380	Precentral_R	1034	0	1530	14144	0	0	596	12264	0	0	0	5504	0	246	0	0	0	1892	1166	2970	0	0	0	0	0	0	0	0	0	5064	0	242	0	358	1338	2374	836	6120	0	514	0	0	0	208	0	156	0	516	0	130	0	92	0	0	0	2450	248	20990	0	382	0	440	0	1504	0	0	0	1664	88	3084	1218	1962	430	2972	280	156	3368	7222	0	158	0	790	0	0	0	1314	0	0	0	3676	0	0	0	0	0	0	0	0	0	0	0	0	0	0	0	0	0	0	0	0	0	0	0	0	0	0	
1.02837e+06	Frontal_Sup_L	9242	1530	0	19582	15642	0	72212	3440	5824	0	6110	638	27192	176	14462	114	3628	188	85336	28998	158	176	47238	2478	744	0	450	0	36830	746	11788	4328	3798	6854	3634	3610	7344	3350	758	210	0	0	0	0	206	0	92	156	0	0	470	0	0	0	0	144	2640	362	314	0	972	0	228	0	0	0	168	0	1108	0	11358	4754	27002	1848	6530	0	16684	7380	1334	0	560	0	312	0	296	0	0	0	374	86	0	0	0	0	0	0	0	0	0	0	0	0	0	0	0	0	0	0	0	0	0	0	0	0	0	0	
836372	Frontal_Sup_R	1416	14144	19582	0	358	7286	1378	56576	184	1706	0	8422	300	11752	462	5814	0	3302	20330	48766	0	0	8734	34310	0	2272	0	0	1808	17786	4070	29566	2094	18204	876	2550	1478	5090	366	770	0	0	0	0	0	0	0	466	0	0	0	0	0	0	0	2274	272	750	0	0	276	116	0	1004	0	0	0	204	100	124	11670	17494	5180	16380	1412	518	6646	16084	0	0	0	766	0	872	0	1020	0	0	0	2806	0	0	0	0	0	0	0	0	0	0	0	0	0	0	0	0	0	0	0	0	0	0	0	0	0	0	
285152	Frontal_Sup_Orb_L	0	0	15642	358	0	548	5414	528	16662	0	0	236	8000	138	16990	0	0	0	3600	216	4786	2700	5620	256	6986	0	9574	874	9790	0	9388	1872	194	108	0	0	0	0	0	0	0	0	0	0	0	0	0	0	0	0	0	0	0	0	0	0	0	0	0	0	0	0	0	0	0	0	0	0	0	0	8262	1606	9900	944	0	0	0	0	0	0	0	0	1384	0	0	0	0	0	0	0	0	0	0	0	0	0	0	0	0	0	0	0	0	0	0	0	0	0	0	0	0	0	0	0	0	0	
194776	Frontal_Sup_Orb_R	0	0	0	7286	548	0	0	2100	154	9082	0	206	0	3520	378	7862	0	0	0	86	1474	2642	208	5204	686	7934	988	7712	0	6588	706	9586	0	0	0	0	0	130	0	88	0	0	0	0	0	0	0	0	0	0	0	0	0	0	0	0	0	0	0	0	0	0	0	0	0	0	0	0	0	0	1554	8450	754	10820	128	0	0	0	0	0	0	0	0	514	0	0	0	0	0	0	0	0	0	0	0	0	0	0	0	0	0	0	0	0	0	0	0	0	0	0	0	0	0	0	0	0	
598012	Frontal_Mid_L	24646	596	72212	1378	5414	0	0	384	2518	0	14120	476	31424	0	9616	0	10476	150	5822	1090	0	0	16312	310	0	0	0	0	30282	586	1000	224	848	426	3806	3738	6042	3408	1000	146	0	0	0	0	0	0	0	0	0	0	332	0	0	0	0	102	5776	348	0	0	4626	0	660	0	0	0	0	0	244	0	2674	1030	13262	1548	3494	120	6934	3940	2148	0	2262	0	0	0	546	0	0	0	510	0	0	0	0	0	0	0	0	0	0	0	0	0	0	0	0	0	0	0	0	0	0	0	0	0	0	0	
447664	Frontal_Mid_R	732	12264	3440	56576	528	2100	384	0	300	1280	0	8574	0	16212	370	2614	0	5712	3882	2962	0	176	212	2466	118	1214	88	0	2120	9868	1012	4270	0	804	830	1988	892	4898	142	672	0	0	0	0	0	0	0	388	0	0	0	0	0	0	0	1136	272	1616	0	0	96	88	0	420	0	0	0	0	0	0	8974	13884	4802	17472	742	2036	5604	14188	0	426	0	332	0	334	0	288	0	0	0	1034	0	0	0	0	0	0	0	0	0	0	0	0	0	0	0	0	0	0	0	0	0	0	0	0	0	0	
140720	Frontal_Mid_Orb_L	0	0	5824	184	16662	154	2518	300	0	0	0	158	3652	0	13274	0	0	0	3626	154	848	560	358	0	2508	0	2804	162	4002	0	3202	688	0	0	0	0	0	0	0	0	0	0	0	0	0	0	0	0	0	0	0	0	0	0	0	0	0	0	0	0	0	0	0	0	0	0	0	0	0	0	3106	428	4860	328	0	0	0	0	0	0	0	0	0	0	0	0	0	0	0	0	0	0	0	0	0	0	0	0	0	0	0	0	0	0	0	0	0	0	0	0	0	0	0	0	0	0	
80904	Frontal_Mid_Orb_R	0	0	0	1706	0	9082	0	1280	0	0	0	0	0	1920	0	8156	0	0	0	0	158	436	0	552	108	1818	0	1952	0	2266	96	2496	0	0	0	0	0	140	0	0	0	0	0	0	0	0	0	0	0	0	0	0	0	0	0	0	0	0	0	0	0	0	0	0	0	0	0	0	0	0	176	3386	118	4606	0	0	0	0	0	0	0	0	0	0	0	0	0	0	0	0	0	0	0	0	0	0	0	0	0	0	0	0	0	0	0	0	0	0	0	0	0	0	0	0	0	0	
199384	Frontal_Inf_Oper_L	18274	0	6110	0	0	0	14120	0	0	0	0	0	11666	0	2780	0	8444	0	2502	0	0	0	2254	0	0	0	0	0	17600	316	658	320	0	0	98	126	344	188	0	0	0	0	0	0	0	0	0	0	0	0	0	0	0	0	0	0	3856	0	0	0	3316	0	1228	0	0	0	0	0	0	0	792	356	676	394	0	0	350	140	262	0	1524	0	878	0	120	0	0	0	0	0	0	0	0	0	0	0	0	0	0	0	0	0	0	0	0	0	0	0	0	0	0	0	0	0	0	0	
203740	Frontal_Inf_Oper_R	170	5504	638	8422	236	206	476	8574	158	0	0	0	92	9146	178	436	0	4960	712	5296	0	0	518	2660	0	0	0	0	1324	17576	512	3352	0	1550	1074	1266	598	2076	0	102	0	0	0	0	0	0	0	0	0	0	0	0	0	0	0	218	0	2054	0	0	0	0	0	0	0	0	0	0	0	0	4176	1892	2128	9110	0	114	1356	1544	0	0	0	0	0	1264	0	0	0	0	0	202	0	0	0	0	0	0	0	0	0	0	0	0	0	0	0	0	0	0	0	0	0	0	0	0	0	0	
332708	Frontal_Inf_Tri_L	3252	0	27192	300	8000	0	31424	0	3652	0	11666	92	0	0	16618	0	1538	0	3314	320	0	0	13884	478	212	0	0	0	29442	358	6536	828	850	440	0	0	126	128	0	0	0	0	0	0	0	0	0	0	0	0	0	0	0	0	0	0	236	0	0	0	120	0	0	0	0	0	0	0	0	0	2502	426	1162	454	0	0	174	0	0	0	0	0	630	0	0	0	0	0	0	0	0	0	0	0	0	0	0	0	0	0	0	0	0	0	0	0	0	0	0	0	0	0	0	0	0	0	
216252	Frontal_Inf_Tri_R	0	246	176	11752	138	3520	0	16212	0	1920	0	9146	0	0	0	8230	0	198	1480	3044	0	0	2302	9072	0	110	0	0	476	17890	488	8340	0	4924	102	204	0	302	0	0	0	0	0	0	0	0	0	0	0	0	0	0	0	0	0	0	0	0	0	0	0	0	0	0	0	0	0	0	0	0	2628	1608	870	2240	0	0	224	284	0	0	0	0	0	0	0	0	0	0	0	0	0	0	0	0	0	0	0	0	0	0	0	0	0	0	0	0	0	0	0	0	0	0	0	0	0	0	
299376	Frontal_Inf_Orb_L	1818	0	14462	462	16990	378	9616	370	13274	0	2780	178	16618	0	0	0	554	0	5126	384	3298	1712	5076	128	670	0	3192	658	25244	184	4778	944	0	170	0	0	756	0	574	0	654	0	0	0	0	0	0	0	0	0	0	0	0	0	396	0	118	0	0	0	124	0	0	0	0	0	0	0	0	0	5396	948	8714	556	0	0	356	0	0	0	0	0	2032	0	0	0	0	0	0	0	0	0	0	0	0	0	0	0	0	0	0	0	0	0	0	0	0	0	0	0	0	0	0	0	0	0	
159564	Frontal_Inf_Orb_R	0	0	114	5814	0	7862	0	2614	0	8156	0	436	0	8230	0	0	0	0	960	2092	0	1132	678	4796	0	308	0	1550	0	12424	650	5566	0	1634	0	0	0	494	0	402	0	134	0	0	0	0	0	0	0	0	0	0	0	0	0	102	0	0	0	0	0	0	0	0	0	0	0	0	0	0	116	4132	0	8308	0	0	0	100	0	0	0	0	0	978	0	0	0	0	0	0	0	0	0	0	0	0	0	0	0	0	0	0	0	0	0	0	0	0	0	0	0	0	0	0	0	0	
178428	Rolandic_Oper_L	7366	0	3628	0	0	0	10476	0	0	0	8444	0	1538	0	554	0	0	0	1104	0	0	0	610	0	0	0	0	0	21728	0	154	0	0	0	0	0	716	0	0	0	0	0	0	0	0	0	0	0	0	0	554	0	0	0	0	0	7724	0	0	0	3616	0	2746	0	226	0	0	0	0	0	0	0	784	0	0	0	218	0	3976	0	7170	0	1030	0	3390	0	0	0	1462	0	0	0	0	0	0	0	0	0	0	0	0	0	0	0	0	0	0	0	0	0	0	0	0	0	0	0	
126020	Rolandic_Oper_R	0	1892	188	3302	0	0	150	5712	0	0	0	4960	0	198	0	0	0	0	0	2176	0	0	0	158	0	0	0	0	0	14160	0	0	0	0	314	438	0	1284	0	0	0	0	0	0	0	0	0	0	0	0	0	0	0	0	0	94	0	2052	0	374	0	1648	0	6092	0	0	0	0	0	0	318	2436	0	5826	0	266	1172	778	0	1310	0	4028	0	1304	0	228	0	0	0	152	0	0	0	0	0	0	0	0	0	0	0	0	0	0	0	0	0	0	0	0	0	0	0	0	0	0	
634476	Supp_Motor_Area_L	1988	1166	85336	20330	3600	0	5822	3882	3626	0	2502	712	3314	1480	5126	960	1104	0	0	45542	154	142	7498	6886	430	0	410	0	16090	1692	5620	10222	9616	20068	352	250	1964	316	522	0	0	0	0	0	504	0	0	0	0	0	420	0	0	0	0	0	306	0	612	0	156	0	0	0	0	0	530	0	3410	0	7574	2024	17182	838	3494	0	9108	1812	0	0	104	0	288	0	0	0	0	0	154	0	0	0	0	0	0	0	0	0	0	0	0	0	0	0	0	0	0	0	0	0	0	0	0	0	0	0	
685936	Supp_Motor_Area_R	856	2970	28998	48766	216	86	1090	2962	154	0	0	5296	320	3044	384	2092	0	2176	45542	0	0	0	4768	11574	0	0	0	0	1622	7096	5282	18364	7486	55004	404	5420	620	562	106	0	0	0	0	1256	0	4634	0	260	0	5112	0	3116	0	0	0	900	0	2864	0	226	240	268	0	266	0	0	0	10842	1316	16966	6154	7122	4014	6460	1582	90	1646	846	0	0	0	190	0	708	0	976	0	0	0	1654	0	0	0	0	0	0	0	0	0	0	0	0	0	0	0	0	0	0	0	0	0	0	0	0	0	0	
137928	Olfactory_L	0	0	158	0	4786	1474	0	0	848	158	0	0	0	0	3298	0	0	0	154	0	0	8722	0	0	1490	106	4904	2698	3080	0	4274	3726	0	0	0	0	1036	0	1034	0	1396	0	0	0	0	0	0	0	0	0	0	0	0	0	572	0	0	0	0	0	0	0	0	0	0	0	0	0	0	0	10950	5516	5152	2264	232	118	0	0	0	0	0	0	818	0	0	0	0	0	0	0	0	0	0	0	0	0	0	0	0	0	0	0	0	0	0	0	0	0	0	0	0	0	0	0	0	0	
139408	Olfactory_R	0	0	176	0	2700	2642	0	176	560	436	0	0	0	0	1712	1132	0	0	142	0	8722	0	0	0	578	926	3346	4258	240	2244	2712	3438	0	0	0	0	0	100	0	456	0	1074	0	0	0	0	0	0	0	0	0	0	0	0	0	0	0	0	0	0	0	0	0	0	0	0	0	0	0	0	11586	8476	5692	3642	1468	748	0	0	0	0	0	0	0	322	0	0	0	0	0	0	0	0	0	0	0	0	0	0	0	0	0	0	0	0	0	0	0	0	0	0	0	0	0	0	0	0	
421580	Frontal_Sup_Medial_L	218	0	47238	8734	5620	208	16312	212	358	0	2254	518	13884	2302	5076	678	610	0	7498	4768	0	0	0	22376	2092	696	0	0	10134	2326	19306	15792	4340	15462	0	0	228	0	0	0	0	0	0	0	0	0	0	0	0	0	0	0	0	0	0	0	0	0	0	0	0	0	0	0	0	0	0	0	0	0	320	0	546	246	0	0	246	0	0	0	192	0	0	0	0	0	0	0	0	0	0	0	0	0	0	0	0	0	0	0	0	0	0	0	0	0	0	0	0	0	0	0	0	0	0	0	
380344	Frontal_Sup_Medial_R	0	0	2478	34310	256	5204	310	2466	0	552	0	2660	478	9072	128	4796	0	158	6886	11574	0	0	22376	0	398	4056	0	0	230	10004	5514	32590	1198	24364	0	98	0	310	0	86	0	0	0	0	0	0	0	0	0	0	0	0	0	0	0	0	0	0	0	0	0	0	0	0	0	0	0	0	0	0	0	3188	0	4116	0	96	106	114	0	0	0	0	0	0	0	0	0	0	0	0	0	0	0	0	0	0	0	0	0	0	0	0	0	0	0	0	0	0	0	0	0	0	0	0	0	0	
67448	Frontal_Med_Orb_L	0	0	744	0	6986	686	0	118	2508	108	0	0	212	0	670	0	0	0	430	0	1490	578	2092	398	0	1244	4772	530	696	0	5988	862	0	0	0	0	0	0	0	0	0	0	0	0	0	0	0	0	0	0	0	0	0	0	0	0	0	0	0	0	0	0	0	0	0	0	0	0	0	0	1492	220	710	190	0	0	0	0	0	0	0	0	0	0	0	0	0	0	0	0	0	0	0	0	0	0	0	0	0	0	0	0	0	0	0	0	0	0	0	0	0	0	0	0	0	0	
94084	Frontal_Med_Orb_R	0	0	0	2272	0	7934	0	1214	0	1818	0	0	0	110	0	308	0	0	0	0	106	926	696	4056	1244	0	404	4000	0	502	1846	7662	0	0	0	0	0	86	0	0	0	0	0	0	0	0	0	0	0	0	0	0	0	0	0	0	0	0	0	0	0	0	0	0	0	0	0	0	0	0	100	6598	0	5160	0	0	0	0	0	0	0	0	0	0	0	0	0	0	0	0	0	0	0	0	0	0	0	0	0	0	0	0	0	0	0	0	0	0	0	0	0	0	0	0	0	0	
98760	Rectus_L	0	0	450	0	9574	988	0	88	2804	0	0	0	0	0	3192	0	0	0	410	0	4904	3346	0	0	4772	404	0	1598	826	0	4452	1960	0	0	0	0	0	0	0	0	0	0	0	0	0	0	0	0	0	0	0	0	0	0	0	0	0	0	0	0	0	0	0	0	0	0	0	0	0	0	5208	1774	1410	998	0	0	0	0	0	0	0	0	222	0	0	0	0	0	0	0	0	0	0	0	0	0	0	0	0	0	0	0	0	0	0	0	0	0	0	0	0	0	0	0	0	0	
78400	Rectus_R	0	0	0	0	874	7712	0	0	162	1952	0	0	0	0	658	1550	0	0	0	0	2698	4258	0	0	530	4000	1598	0	0	580	388	1186	0	0	0	0	0	0	0	0	0	0	0	0	0	0	0	0	0	0	0	0	0	0	0	0	0	0	0	0	0	0	0	0	0	0	0	0	0	0	2728	3074	1382	3284	146	0	0	0	0	0	0	0	0	440	0	0	0	0	0	0	0	0	0	0	0	0	0	0	0	0	0	0	0	0	0	0	0	0	0	0	0	0	0	0	0	0	
726324	Insula_L	11806	0	36830	1808	9790	0	30282	2120	4002	0	17600	1324	29442	476	25244	0	21728	0	16090	1622	3080	240	10134	230	696	0	826	0	0	650	5396	1592	388	474	1946	1860	15368	1840	2142	190	1576	0	0	0	0	0	130	124	0	0	1392	0	210	0	1548	94	6194	0	0	0	8368	0	704	0	126	0	0	0	108	0	7896	796	29392	854	0	0	8674	1796	7402	0	10562	0	3904	0	5730	0	0	0	8280	86	0	0	0	0	0	0	0	0	0	0	0	0	0	0	0	0	0	0	0	0	0	0	0	0	0	0	
476112	Insula_R	172	5064	746	17786	0	6588	586	9868	0	2266	316	17576	358	17890	184	12424	0	14160	1692	7096	0	2244	2326	10004	0	502	0	580	650	0	708	12582	0	5014	1948	3272	144	7382	0	980	0	706	0	0	0	0	0	202	0	0	0	0	0	0	0	2168	0	4730	0	0	0	130	0	854	0	0	0	0	0	98	2428	8242	530	33696	0	294	3774	4062	0	1610	0	4506	0	2610	0	1540	0	0	0	2768	0	0	0	0	0	0	0	0	0	0	0	0	0	0	0	0	0	0	0	0	0	0	0	0	0	0	
340836	Cingulum_Ant_L	0	0	11788	4070	9388	706	1000	1012	3202	96	658	512	6536	488	4778	650	154	0	5620	5282	4274	2712	19306	5514	5988	1846	4452	388	5396	708	0	21002	7294	6218	0	0	362	138	0	0	0	0	0	0	0	0	0	0	0	0	0	0	0	0	0	0	0	0	0	0	0	0	0	0	0	0	0	0	0	0	11216	7102	5784	3396	0	0	550	832	0	0	0	0	0	0	0	0	0	0	0	0	0	0	0	0	0	0	0	0	0	0	0	0	0	0	0	0	0	0	0	0	0	0	0	0	0	0	
593956	Cingulum_Ant_R	0	242	4328	29566	1872	9586	224	4270	688	2496	320	3352	828	8340	944	5566	0	0	10222	18364	3726	3438	15792	32590	862	7662	1960	1186	1592	12582	21002	0	4944	31146	0	86	184	586	0	166	0	0	0	0	0	108	0	0	0	0	0	0	0	0	0	152	0	0	0	0	0	0	0	0	0	0	0	110	0	0	6522	28578	2158	14442	0	154	418	3624	0	0	0	0	0	0	0	0	0	0	0	0	0	0	0	0	0	0	0	0	0	0	0	0	0	0	0	0	0	0	0	0	0	0	0	0	0	0	
133460	Cingulum_Mid_L	504	0	3798	2094	194	0	848	0	0	0	0	0	850	0	0	0	0	0	9616	7486	0	0	4340	1198	0	0	0	0	388	0	7294	4944	0	10798	2298	0	0	0	0	0	0	0	252	0	382	342	0	0	98	204	1342	0	0	0	0	0	0	0	724	0	94	0	0	0	0	0	2204	898	3082	318	0	0	0	0	0	0	0	0	0	0	0	0	0	0	140	0	0	0	0	0	0	0	0	0	0	0	0	0	0	0	0	0	0	0	0	0	0	0	0	0	0	0	0	0	0	0	
540352	Cingulum_Mid_R	0	358	6854	18204	108	0	426	804	0	0	0	1550	440	4924	170	1634	0	0	20068	55004	0	0	15462	24364	0	0	0	0	474	5014	6218	31146	10798	0	388	4106	0	166	0	0	0	0	0	1208	0	6224	0	370	0	7608	0	3828	0	0	0	130	0	4192	0	158	0	298	0	258	0	104	112	16548	938	13004	698	1618	378	950	0	0	104	98	0	0	0	166	0	0	0	1412	0	0	0	1092	0	0	0	0	0	0	0	0	0	0	0	0	0	0	0	0	0	0	0	0	0	0	0	0	0	0	
217060	Cingulum_Post_L	1962	1338	3634	876	0	0	3806	830	0	0	98	1074	0	102	0	0	0	314	352	404	0	0	0	0	0	0	0	0	1946	1948	0	0	2298	388	0	16218	11454	12338	854	362	0	0	2262	0	430	0	2408	126	264	0	1032	0	166	0	0	326	0	716	184	0	0	0	0	0	0	0	5678	674	536	0	422	158	1798	4298	230	0	12168	10516	742	0	102	0	0	0	336	0	0	0	96	266	0	0	0	0	0	0	0	0	0	0	0	0	0	0	0	0	0	0	0	0	0	0	0	0	0	0	
287956	Cingulum_Post_R	1450	2374	3610	2550	0	0	3738	1988	0	0	126	1266	0	204	0	0	0	438	250	5420	0	0	0	98	0	0	0	0	1860	3272	0	86	0	4106	16218	0	8816	18062	994	486	0	0	0	1260	0	754	1404	2138	0	286	0	252	0	0	0	2132	0	1586	0	0	0	0	0	0	0	0	194	8218	0	1904	798	518	1950	7218	288	0	17288	15190	738	0	104	116	0	0	0	332	0	0	0	1898	0	0	0	0	0	0	0	0	0	0	0	0	0	0	0	0	0	0	0	0	0	0	0	0	0	0	
349464	Hippocampus_L	2454	836	7344	1478	0	0	6042	892	0	0	344	598	126	0	756	0	716	0	1964	620	1036	0	228	0	0	0	0	0	15368	144	362	184	0	0	11454	8816	0	7578	13652	596	7260	0	1016	0	0	0	4540	820	0	0	3678	0	1000	0	9206	236	772	504	0	0	712	0	220	0	0	0	2818	386	0	0	2756	380	11798	1076	1806	0	15650	5918	3144	0	2102	0	704	0	2034	0	0	0	10050	140	0	0	0	0	0	86	0	0	0	0	0	0	0	0	0	0	0	0	0	332	0	0	0	0	0	0	
424340	Hippocampus_R	1338	6120	3350	5090	0	130	3408	4898	0	140	188	2076	128	302	0	494	0	1284	316	562	0	100	0	310	0	86	0	0	1840	7382	138	586	0	166	12338	18062	7578	0	846	14756	0	8408	0	978	0	0	1228	4274	0	0	0	178	0	0	0	19220	0	2258	0	0	0	194	0	352	0	0	0	3572	0	0	1856	2226	1838	17600	192	932	15416	19944	454	362	86	996	0	728	0	1706	0	248	0	12688	0	0	0	0	0	0	0	102	0	122	0	0	0	0	0	0	0	0	0	0	0	0	0	0	0	0	
94756	ParaHippocampal_L	0	0	758	366	0	0	1000	142	0	0	0	0	0	0	574	0	0	0	522	106	1034	0	0	0	0	0	0	0	2142	0	0	0	0	0	854	994	13652	846	0	138	2164	0	198	0	0	0	2786	240	0	0	560	0	120	0	4264	0	0	0	0	0	0	0	0	0	0	0	528	114	0	0	1074	308	4224	0	468	0	1434	910	0	0	358	0	558	0	0	0	144	0	2982	0	0	0	0	0	0	0	134	0	0	0	0	0	0	0	0	0	0	0	110	572	0	0	0	0	0	0	
111628	ParaHippocampal_R	0	514	210	770	0	88	146	672	0	0	0	102	0	0	0	402	0	0	0	0	0	456	0	86	0	0	0	0	190	980	0	166	0	0	362	486	596	14756	138	0	0	5650	0	88	0	0	90	3232	0	0	0	0	0	0	0	11966	0	160	0	0	0	0	0	0	0	0	0	128	0	0	200	476	230	2654	0	258	584	1650	0	0	0	216	0	1650	0	232	0	884	0	4108	0	0	0	0	0	0	0	238	0	0	0	0	0	0	0	0	0	0	0	0	0	0	0	0	0	0	
47420	Amygdala_L	0	0	0	0	0	0	0	0	0	0	0	0	0	0	654	0	0	0	0	0	1396	0	0	0	0	0	0	0	1576	0	0	0	0	0	0	0	7260	0	2164	0	0	0	0	0	0	0	0	0	0	0	0	0	0	0	4434	0	0	0	0	0	0	0	0	0	0	0	0	0	0	0	94	0	1006	0	0	0	0	0	0	0	0	0	614	0	0	0	0	0	4512	0	0	0	0	0	0	0	0	0	0	0	0	0	0	0	0	0	0	0	0	0	0	0	0	0	0	0	
53628	Amygdala_R	0	0	0	0	0	0	0	0	0	0	0	0	0	0	0	134	0	0	0	0	0	1074	0	0	0	0	0	0	0	706	0	0	0	0	0	0	0	8408	0	5650	0	0	0	0	0	0	0	0	0	0	0	0	0	0	0	6182	0	0	0	0	0	0	0	0	0	0	0	0	0	0	0	340	0	534	0	0	0	0	0	0	0	0	0	1974	0	192	0	542	0	1078	0	0	0	0	0	0	0	0	0	0	0	0	0	0	0	0	0	0	0	0	0	0	0	0	0	0	
222964	Calcarine_L	172	0	0	0	0	0	0	0	0	0	0	0	0	0	0	0	0	0	0	0	0	0	0	0	0	0	0	0	0	0	0	0	252	0	2262	0	1016	0	198	0	0	0	0	6734	10490	3310	15808	3468	8260	2138	26074	1004	4374	228	710	378	574	0	0	0	180	0	0	0	272	0	16676	452	1862	0	0	0	0	0	0	0	0	0	0	0	0	0	0	0	3702	0	0	0	888	0	0	0	0	0	0	0	0	0	0	0	0	0	0	0	0	0	0	0	0	0	0	0	0	0	0	0	
271620	Calcarine_R	0	208	0	0	0	0	0	0	0	0	0	0	0	0	0	0	0	0	0	1256	0	0	0	0	0	0	0	0	0	0	0	0	0	1208	0	1260	0	978	0	88	0	0	6734	0	2252	21492	1292	18602	0	18964	0	14722	0	5064	0	6944	0	890	0	0	0	0	0	0	0	110	280	20986	0	1436	0	0	0	0	0	0	0	0	0	0	0	364	0	0	0	7110	0	0	0	3032	0	0	0	0	0	0	0	136	0	152	0	0	0	0	0	0	0	0	0	0	250	0	0	0	0	0	
136272	Cuneus_L	0	0	206	0	0	0	0	0	0	0	0	0	0	0	0	0	0	0	504	0	0	0	0	0	0	0	0	0	0	0	0	0	382	0	430	0	0	0	0	0	0	0	10490	2252	0	4560	2802	0	18024	1190	10270	0	104	0	0	0	1000	0	914	0	188	0	0	0	0	0	9856	1106	2698	0	0	0	0	0	0	0	0	0	0	0	0	0	0	0	1160	0	0	0	0	0	0	0	0	0	0	0	0	0	0	0	0	0	0	0	0	0	0	0	0	0	0	0	0	0	0	0	
224404	Cuneus_R	0	156	0	0	0	0	0	0	0	0	0	0	0	0	0	0	0	0	0	4634	0	0	0	0	0	0	0	0	0	0	0	108	342	6224	0	754	0	0	0	0	0	0	3310	21492	4560	0	114	3954	328	27974	0	7390	0	312	0	588	0	644	0	626	0	0	0	0	0	90	2132	22722	118	2478	0	0	0	0	0	0	0	0	0	0	0	0	0	0	0	1024	0	0	0	128	0	0	0	0	0	0	0	0	0	0	0	0	0	0	0	0	0	0	0	0	0	0	0	0	0	0	
255784	Lingual_L	104	0	92	0	0	0	0	0	0	0	0	0	0	0	0	0	0	0	0	0	0	0	0	0	0	0	0	0	130	0	0	0	0	0	2408	1404	4540	1228	2786	90	0	0	15808	1292	2802	114	0	2340	4088	0	20972	0	9302	0	9718	86	0	0	0	0	0	0	0	0	0	0	5626	164	400	0	0	0	0	0	0	0	1472	616	0	0	0	0	0	0	990	0	0	0	234	0	4180	0	444	0	202	0	11112	86	13332	374	0	0	1890	0	588	0	732	0	0	158	3334	2424	230	0	0	0	
251268	Lingual_R	0	516	156	466	0	0	0	388	0	0	0	0	0	0	0	0	0	0	0	260	0	0	0	0	0	0	0	0	124	202	0	0	0	370	126	2138	820	4274	240	3232	0	0	3468	18602	0	3954	2340	0	0	4066	0	3518	0	4618	250	19832	0	582	0	0	0	0	0	0	0	0	0	6648	0	306	0	102	96	0	0	0	262	722	0	0	0	0	0	0	0	860	0	0	0	1886	3202	3574	2100	710	0	338	562	2952	4076	8602	138	0	138	282	0	268	0	252	0	222	2948	6368	3016	286	176	0	
128288	Occipital_Sup_L	0	0	0	0	0	0	0	0	0	0	0	0	0	0	0	0	0	0	0	0	0	0	0	0	0	0	0	0	0	0	0	0	98	0	264	0	0	0	0	0	0	0	8260	0	18024	328	4088	0	0	0	18464	0	214	0	0	0	0	0	4072	0	248	0	0	0	90	0	9762	114	0	0	0	0	0	0	0	0	0	0	0	0	0	0	0	0	118	0	0	0	0	0	0	0	0	0	0	0	0	0	0	0	0	0	0	0	0	0	0	0	0	0	0	0	0	0	0	0	
239264	Occipital_Sup_R	0	130	0	0	0	0	0	0	0	0	0	0	0	0	0	0	0	0	0	5112	0	0	0	0	0	0	0	0	0	0	0	0	204	7608	0	286	0	0	0	0	0	0	2138	18964	1190	27974	0	4066	0	0	0	17290	0	842	0	1116	0	1094	0	2774	0	514	0	0	0	1650	746	20370	264	3934	0	0	0	0	0	0	0	0	0	0	0	0	0	0	0	1240	0	0	0	126	0	0	0	0	0	0	0	0	0	0	0	0	0	0	0	0	0	0	0	0	0	0	0	0	0	0	
441556	Occipital_Mid_L	2498	0	470	0	0	0	332	0	0	0	0	0	0	0	0	0	554	0	420	0	0	0	0	0	0	0	0	0	1392	0	0	0	1342	0	1032	0	3678	0	560	0	0	0	26074	0	10270	0	20972	0	18464	0	0	0	21978	0	5396	0	4620	0	10640	0	19152	0	982	0	17246	0	16052	0	3472	0	0	0	0	0	0	0	94	0	1074	0	620	0	0	0	22694	0	0	0	8700	0	0	0	0	0	0	0	0	0	0	0	0	0	0	0	0	0	0	0	0	0	0	0	0	0	0	0	
187408	Occipital_Mid_R	0	92	0	0	0	0	0	0	0	0	0	0	0	0	0	0	0	0	0	3116	0	0	0	0	0	0	0	0	0	0	0	0	0	3828	0	252	0	178	0	0	0	0	1004	14722	0	7390	0	3518	0	17290	0	0	0	6728	0	2358	0	492	0	326	0	1796	0	0	0	8002	0	8844	0	2128	0	0	0	0	0	0	0	0	0	0	0	832	0	0	0	9578	0	0	0	1230	0	0	0	0	0	0	0	0	0	0	0	0	0	0	0	0	0	0	0	0	0	0	0	0	0	0	
98188	Occipital_Inf_L	0	0	0	0	0	0	0	0	0	0	0	0	0	0	0	0	0	0	0	0	0	0	0	0	0	0	0	0	210	0	0	0	0	0	166	0	1000	0	120	0	0	0	4374	0	104	0	9302	0	214	0	21978	0	0	0	6216	0	0	0	0	0	0	0	0	0	0	0	1006	0	0	0	0	0	0	0	0	0	304	0	0	0	210	0	0	0	1140	0	0	0	2126	0	0	0	0	0	0	0	206	0	314	0	0	0	0	0	0	0	0	0	0	0	104	0	0	0	0	0	
71268	Occipital_Inf_R	0	0	0	0	0	0	0	0	0	0	0	0	0	0	0	0	0	0	0	0	0	0	0	0	0	0	0	0	0	0	0	0	0	0	0	0	0	0	0	0	0	0	228	5064	0	312	0	4618	0	842	0	6728	0	0	0	5646	0	0	0	0	0	0	0	0	0	0	0	1066	0	0	0	0	0	0	0	0	0	0	0	0	0	0	0	0	0	2114	0	0	0	5194	162	182	0	0	0	0	0	160	352	1416	0	0	0	110	0	142	0	0	0	0	116	434	432	182	134	0	
214440	Fusiform_L	0	0	0	0	0	0	0	0	0	0	0	0	0	0	396	0	0	0	0	0	572	0	0	0	0	0	0	0	1548	0	0	0	0	0	0	0	9206	0	4264	0	4434	0	710	0	0	0	9718	250	0	0	5396	0	6216	0	0	164	0	0	0	0	0	0	0	0	0	0	190	0	0	0	0	0	508	0	0	0	480	0	142	0	1568	0	1320	0	2688	0	480	0	14140	0	9332	0	548	0	0	0	11052	0	17754	252	216	0	400	0	0	0	0	0	0	0	1476	1704	96	0	0	0	
369804	Fusiform_R	0	2450	144	2274	0	0	102	1136	0	0	0	218	0	0	0	102	0	94	0	900	0	0	0	0	0	0	0	0	94	2168	0	152	0	130	326	2132	236	19220	0	11966	0	6182	378	6944	0	588	86	19832	0	1116	0	2358	0	5646	164	0	0	1184	0	0	0	110	0	156	0	0	0	2252	0	232	322	598	94	3936	0	272	570	1894	0	86	0	466	0	5004	0	3430	0	1672	0	23814	2452	4534	1470	462	0	1386	182	9046	2436	16648	200	0	182	302	0	308	0	332	0	1078	2974	4514	2640	328	198	0	
231052	Postcentral_L	20498	248	2640	272	0	0	5776	272	0	0	3856	0	236	0	118	0	7724	0	306	0	0	0	0	0	0	0	0	0	6194	0	0	0	0	0	0	0	772	0	0	0	0	0	574	0	1000	0	0	0	0	0	4620	0	0	0	0	0	0	0	6384	0	26510	0	7108	0	2236	0	2110	0	3168	0	112	0	104	0	0	0	0	0	3530	0	2514	0	0	0	3434	0	0	0	3210	0	0	0	0	0	0	0	0	0	0	0	0	0	0	0	0	0	0	0	0	0	0	0	0	0	0	0	
187880	Postcentral_R	312	20990	362	750	0	0	348	1616	0	0	0	2054	0	0	0	0	0	2052	0	2864	0	0	0	0	0	0	0	0	0	4730	0	0	0	4192	716	1586	504	2258	0	160	0	0	0	890	0	644	0	582	0	1094	0	492	0	0	0	1184	0	0	0	4962	0	2326	0	4410	0	722	204	8170	106	11474	92	228	0	830	0	0	854	896	0	138	0	576	0	0	0	3000	0	0	0	4572	0	0	0	0	0	0	0	0	0	0	0	0	0	0	0	0	0	0	0	0	0	0	0	0	0	0	
113204	Parietal_Sup_L	258	0	314	0	0	0	0	0	0	0	0	0	0	0	0	0	0	0	612	0	0	0	0	0	0	0	0	0	0	0	0	0	724	0	184	0	0	0	0	0	0	0	0	0	914	0	0	0	4072	0	10640	0	0	0	0	0	6384	0	0	0	9736	0	214	0	2934	0	15816	0	2444	0	0	0	0	0	0	0	0	0	0	0	0	0	0	0	750	0	0	0	606	0	0	0	0	0	0	0	0	0	0	0	0	0	0	0	0	0	0	0	0	0	0	0	0	0	0	0	
70044	Parietal_Sup_R	0	382	0	0	0	0	0	0	0	0	0	0	0	0	0	0	0	374	0	226	0	0	0	0	0	0	0	0	0	0	0	0	0	158	0	0	0	0	0	0	0	0	0	0	0	626	0	0	0	2774	0	326	0	0	0	0	0	4962	0	0	0	5156	0	3800	0	2188	1786	8112	92	1720	0	0	0	0	0	0	0	0	0	0	0	250	0	0	0	1026	0	0	0	1064	0	0	0	0	0	0	0	0	0	0	0	0	0	0	0	0	0	0	0	0	0	0	0	0	0	0	
269308	Parietal_Inf_L	8614	0	972	276	0	0	4626	96	0	0	3316	0	120	0	124	0	3616	0	156	240	0	0	0	0	0	0	0	0	8368	0	0	0	94	0	0	0	712	0	0	0	0	0	180	0	188	0	0	0	248	0	19152	0	0	0	0	0	26510	0	9736	0	0	0	13792	0	16436	0	1186	0	898	0	136	0	92	0	0	0	214	0	2512	0	1314	0	0	0	6176	0	0	0	4554	0	0	0	0	0	0	0	0	0	0	0	0	0	0	0	0	0	0	0	0	0	0	0	0	0	0	0	
85596	Parietal_Inf_R	0	440	0	116	0	0	0	88	0	0	0	0	0	0	0	0	0	1648	0	268	0	0	0	0	0	0	0	0	0	130	0	0	0	298	0	0	0	194	0	0	0	0	0	0	0	0	0	0	0	514	0	1796	0	0	0	110	0	2326	0	5156	0	0	0	14242	0	6384	0	904	0	314	0	0	0	0	0	0	0	92	0	0	0	1628	0	0	0	3182	0	0	0	2968	0	0	0	0	0	0	0	0	0	0	0	0	0	0	0	0	0	0	0	0	0	0	0	0	0	0	
96264	SupraMarginal_L	2954	0	228	0	0	0	660	0	0	0	1228	0	0	0	0	0	2746	0	0	0	0	0	0	0	0	0	0	0	704	0	0	0	0	0	0	0	220	0	0	0	0	0	0	0	0	0	0	0	0	0	982	0	0	0	0	0	7108	0	214	0	13792	0	0	0	3970	0	0	0	0	0	0	0	0	0	0	0	0	0	214	0	4114	0	0	0	5734	0	0	0	3264	0	0	0	0	0	0	0	0	0	0	0	0	0	0	0	0	0	0	0	0	0	0	0	0	0	0	0	
111908	SupraMarginal_R	0	1504	0	1004	0	0	0	420	0	0	0	0	0	0	0	0	0	6092	0	266	0	0	0	0	0	0	0	0	0	854	0	0	0	258	0	0	0	352	0	0	0	0	0	0	0	0	0	0	0	0	0	0	0	0	0	156	0	4410	0	3800	0	14242	0	0	0	3054	0	230	0	282	128	214	0	188	0	0	92	304	0	216	0	9484	0	0	0	4362	0	0	0	4042	0	0	0	0	0	0	0	0	0	0	0	0	0	0	0	0	0	0	0	0	0	0	0	0	0	0	
119420	Angular_L	114	0	0	0	0	0	0	0	0	0	0	0	0	0	0	0	226	0	0	0	0	0	0	0	0	0	0	0	126	0	0	0	0	0	0	0	0	0	0	0	0	0	272	0	0	0	0	0	90	0	17246	0	0	0	0	0	2236	0	2934	0	16436	0	3970	0	0	0	428	0	468	0	0	0	0	0	0	0	0	0	0	0	1670	0	0	0	9294	0	0	0	4200	0	0	0	0	0	0	0	0	0	0	0	0	0	0	0	0	0	0	0	0	0	0	0	0	0	0	0	
72832	Angular_R	0	0	0	0	0	0	0	0	0	0	0	0	0	0	0	0	0	0	0	0	0	0	0	0	0	0	0	0	0	0	0	0	0	104	0	0	0	0	0	0	0	0	0	110	0	90	0	0	0	1650	0	8002	0	0	0	0	0	722	0	2188	0	6384	0	3054	0	0	0	1244	0	472	0	0	0	0	0	0	0	0	0	0	0	3144	0	0	0	6930	0	0	0	2322	0	0	0	0	0	0	0	0	0	0	0	0	0	0	0	0	0	0	0	0	0	0	0	0	0	0	
218436	Precuneus_L	282	0	168	0	0	0	0	0	0	0	0	0	0	0	0	0	0	0	530	0	0	0	0	0	0	0	0	0	0	0	0	0	2204	112	5678	194	2818	0	528	0	0	0	16676	280	9856	2132	5626	0	9762	746	16052	0	1006	0	190	0	2110	204	15816	1786	1186	0	0	0	428	0	0	5790	3560	264	0	0	0	0	0	0	0	0	0	0	0	0	0	0	2728	0	0	0	506	0	0	0	0	0	0	0	0	0	0	0	0	0	0	0	0	0	0	0	0	0	0	0	0	0	0	0	
353212	Precuneus_R	0	1664	0	204	0	0	0	0	0	0	0	0	0	0	0	0	0	0	0	10842	0	0	0	0	0	0	0	0	0	0	0	110	898	16548	674	8218	386	3572	114	128	0	0	452	20986	1106	22722	164	6648	114	20370	0	8844	0	1066	0	2252	0	8170	0	8112	0	904	0	230	0	1244	5790	0	280	13996	0	0	0	0	0	0	430	170	0	0	0	462	0	0	0	5504	0	0	0	3050	0	0	0	0	0	0	0	0	0	0	0	0	0	0	0	0	0	0	0	0	182	0	0	0	0	0	
73220	Paracentral_Lobule_L	3926	88	1108	100	0	0	244	0	0	0	0	0	0	0	0	0	0	0	3410	1316	0	0	0	0	0	0	0	0	108	0	0	0	3082	938	536	0	0	0	0	0	0	0	1862	0	2698	118	400	0	0	264	3472	0	0	0	0	0	3168	106	2444	92	898	0	0	0	468	0	3560	280	0	914	0	0	102	0	0	0	0	0	0	0	0	0	0	0	594	0	0	0	314	0	0	0	0	0	0	0	0	0	0	0	0	0	0	0	0	0	0	0	0	0	0	0	0	0	0	0	
158020	Paracentral_Lobule_R	0	3084	0	124	0	0	0	0	0	0	0	0	0	0	0	0	0	0	0	16966	0	0	0	0	0	0	0	0	0	98	0	0	318	13004	0	1904	0	0	0	0	0	0	0	1436	0	2478	0	306	0	3934	0	2128	0	0	0	232	0	11474	0	1720	0	314	0	282	0	472	264	13996	914	0	0	0	0	0	0	0	0	0	0	0	0	172	0	0	0	1800	0	0	0	1590	0	0	0	0	0	0	0	0	0	0	0	0	0	0	0	0	0	0	0	0	0	0	0	0	0	0	
459320	Caudate_L	700	1218	11358	11670	8262	1554	2674	8974	3106	176	792	4176	2502	2628	5396	116	0	318	7574	6154	10950	11586	320	0	1492	100	5208	2728	7896	2428	11216	6522	0	698	422	798	2756	1856	1074	200	94	0	0	0	0	0	0	0	0	0	0	0	0	0	0	322	112	92	0	0	136	0	0	128	0	0	0	0	0	0	0	19232	28334	9006	4056	1454	13790	4564	0	0	0	144	224	0	0	90	0	0	0	284	0	0	0	0	0	0	0	0	0	0	0	0	0	0	0	0	0	0	0	0	0	0	0	0	0	0	
478768	Caudate_R	750	1962	4754	17494	1606	8450	1030	13884	428	3386	356	1892	426	1608	948	4132	0	2436	2024	7122	5516	8476	0	3188	220	6598	1774	3074	796	8242	7102	28578	0	1618	158	518	380	2226	308	476	0	340	0	0	0	0	0	102	0	0	0	0	0	0	0	598	0	228	0	0	0	0	0	214	0	0	0	0	0	0	19232	0	6086	33736	1496	2908	2436	17382	0	0	0	250	0	102	0	0	0	0	0	338	0	0	0	0	0	0	0	0	0	0	0	0	0	0	0	0	0	0	0	0	0	0	0	0	0	0	
508784	Putamen_L	3392	430	27002	5180	9900	754	13262	4802	4860	118	676	2128	1162	870	8714	0	784	0	17182	4014	5152	5692	546	0	710	0	1410	1382	29392	530	5784	2158	0	378	1798	1950	11798	1838	4224	230	1006	0	0	0	0	0	0	96	0	0	0	0	0	0	508	94	104	0	0	0	92	0	0	0	0	0	0	0	102	0	28334	6086	0	2784	14922	546	10974	2500	1352	0	900	0	1490	0	284	0	0	0	1894	122	0	0	0	0	0	0	0	0	0	0	0	0	0	0	0	0	0	0	0	0	0	0	0	0	0	0	
562932	Putamen_R	612	2972	1848	16380	944	10820	1548	17472	328	4606	394	9110	454	2240	556	8308	0	5826	838	6460	2264	3642	246	4116	190	5160	998	3284	854	33696	3396	14442	0	950	4298	7218	1076	17600	0	2654	0	534	0	0	0	0	0	0	0	0	0	0	0	0	0	3936	0	830	0	0	0	0	0	188	0	0	0	0	0	0	9006	33736	2784	0	678	4512	8038	11820	0	0	0	1526	0	1974	0	1076	0	0	0	3028	0	0	0	0	0	0	0	0	0	0	0	0	0	0	0	0	0	0	0	0	0	0	0	0	0	0	
100880	Pallidum_L	2268	280	6530	1412	0	128	3494	742	0	0	0	0	0	0	0	0	0	0	3494	1582	232	1468	0	0	0	0	0	146	0	0	0	0	0	0	230	288	1806	192	468	0	0	0	0	0	0	0	0	0	0	0	0	0	0	0	0	0	0	0	0	0	0	0	0	0	0	0	0	0	0	0	4056	1496	14922	678	0	386	3764	378	0	0	0	0	0	0	0	0	0	0	0	0	0	0	0	0	0	0	0	0	0	0	0	0	0	0	0	0	0	0	0	0	0	0	0	0	0	0	
32616	Pallidum_R	110	156	0	518	0	0	120	2036	0	0	0	114	0	0	0	0	0	266	0	90	118	748	0	96	0	0	0	0	0	294	0	154	0	0	0	0	0	932	0	258	0	0	0	0	0	0	0	0	0	0	0	0	0	0	0	272	0	0	0	0	0	0	0	0	0	0	0	0	0	0	1454	2908	546	4512	386	0	0	90	0	0	0	0	0	0	0	0	0	0	0	130	0	0	0	0	0	0	0	0	0	0	0	0	0	0	0	0	0	0	0	0	0	0	0	0	0	0	
401680	Thalamus_L	3434	3368	16684	6646	0	0	6934	5604	0	0	350	1356	174	224	356	0	218	1172	9108	1646	0	0	246	106	0	0	0	0	8674	3774	550	418	0	104	12168	17288	15650	15416	1434	584	0	0	0	0	0	0	1472	262	0	0	94	0	304	0	480	570	0	854	0	0	214	0	0	92	0	0	0	430	0	0	13790	2436	10974	8038	3764	0	0	20796	640	0	450	182	0	0	162	178	0	0	424	548	0	0	0	0	0	0	0	0	0	0	0	0	0	0	0	0	0	0	0	0	0	0	0	0	0	0	
371784	Thalamus_R	1444	7222	7380	16084	0	0	3940	14188	0	0	140	1544	0	284	0	100	0	778	1812	846	0	0	0	114	0	0	0	0	1796	4062	832	3624	0	98	10516	15190	5918	19944	910	1650	0	0	0	0	0	0	616	722	0	0	0	0	0	0	0	1894	0	896	0	0	0	92	0	304	0	0	0	170	0	0	4564	17382	2500	11820	378	90	20796	0	358	0	104	438	0	0	0	468	0	0	90	1794	0	0	0	0	0	0	0	0	0	0	0	0	0	0	0	0	0	0	0	0	0	0	0	0	0	0	
84584	Heschl_L	1306	0	1334	0	0	0	2148	0	0	0	262	0	0	0	0	0	3976	0	0	0	0	0	0	0	0	0	0	0	7402	0	0	0	0	0	742	738	3144	454	0	0	0	0	0	0	0	0	0	0	0	0	1074	0	0	0	142	0	3530	0	0	0	2512	0	214	0	0	0	0	0	0	0	0	0	1352	0	0	0	640	358	0	0	2848	0	0	0	4228	0	0	0	3888	0	0	0	0	0	0	0	0	0	0	0	0	0	0	0	0	0	0	0	0	0	0	0	0	0	0	0	
15616	Heschl_R	0	158	0	0	0	0	0	426	0	0	0	0	0	0	0	0	0	1310	0	0	0	0	0	0	0	0	0	0	0	1610	0	0	0	0	0	0	0	362	0	0	0	0	0	0	0	0	0	0	0	0	0	0	0	0	0	86	0	138	0	0	0	0	0	216	0	0	0	0	0	0	0	0	0	0	0	0	0	0	0	0	0	2718	0	242	0	360	0	0	0	182	0	0	0	0	0	0	0	0	0	0	0	0	0	0	0	0	0	0	0	0	0	0	0	0	0	0	
162584	Temporal_Sup_L	848	0	560	0	0	0	2262	0	0	0	1524	0	0	0	0	0	7170	0	104	0	0	0	192	0	0	0	0	0	10562	0	0	0	0	0	102	104	2102	86	358	0	0	0	0	0	0	0	0	0	0	0	620	0	210	0	1568	0	2514	0	0	0	1314	0	4114	0	1670	0	0	0	0	0	0	0	900	0	0	0	450	104	2848	0	0	0	4912	0	23876	0	288	0	9930	0	0	0	0	0	0	0	0	0	0	0	0	0	0	0	0	0	0	0	0	0	0	0	0	0	0	0	
111984	Temporal_Sup_R	0	790	0	766	0	0	0	332	0	0	0	0	0	0	0	0	0	4028	0	190	0	0	0	0	0	0	0	0	0	4506	0	0	0	166	0	116	0	996	0	216	0	0	0	364	0	0	0	0	0	0	0	832	0	0	0	466	0	576	0	250	0	1628	0	9484	0	3144	0	462	0	172	144	250	0	1526	0	0	182	438	0	2718	0	0	0	3568	0	13376	0	1302	0	3004	0	0	0	0	0	0	0	0	0	0	0	0	0	0	0	0	0	0	0	0	0	0	0	0	0	0	
70516	Temporal_Pole_Sup_L	0	0	312	0	1384	0	0	0	0	0	878	0	630	0	2032	0	1030	0	288	0	818	0	0	0	0	0	222	0	3904	0	0	0	0	0	0	0	704	0	558	0	614	0	0	0	0	0	0	0	0	0	0	0	0	0	1320	0	0	0	0	0	0	0	0	0	0	0	0	0	0	0	224	0	1490	0	0	0	0	0	0	0	4912	0	0	0	6300	0	2018	0	5620	0	0	0	0	0	0	0	0	0	0	0	0	0	0	0	0	0	0	0	0	0	0	0	0	0	0	0	
75760	Temporal_Pole_Sup_R	0	0	0	872	0	514	0	334	0	0	0	1264	0	0	0	978	0	1304	0	708	0	322	0	0	0	0	0	440	0	2610	0	0	0	0	0	0	0	728	0	1650	0	1974	0	0	0	0	0	0	0	0	0	0	0	0	0	5004	0	0	0	0	0	0	0	0	0	0	0	0	0	0	0	102	0	1974	0	0	0	0	0	242	0	3568	0	0	0	1434	0	4634	0	7224	0	0	0	0	0	0	0	0	0	0	0	0	0	0	0	0	0	0	0	0	0	0	0	0	0	0	
308752	Temporal_Mid_L	2848	0	296	0	0	0	546	0	0	0	120	0	0	0	0	0	3390	0	0	0	0	0	0	0	0	0	0	0	5730	0	0	0	140	0	336	0	2034	0	0	0	0	0	3702	0	1160	0	990	0	118	0	22694	0	1140	0	2688	0	3434	0	750	0	6176	0	5734	0	9294	0	2728	0	594	0	0	0	284	0	0	0	162	0	4228	0	23876	0	6300	0	0	0	2478	0	40406	0	0	0	0	0	0	0	0	0	0	0	0	0	0	0	0	0	0	0	0	0	0	0	0	0	0	0	
221200	Temporal_Mid_R	0	1314	0	1020	0	0	0	288	0	0	0	0	0	0	0	0	0	228	0	976	0	0	0	0	0	0	0	0	0	1540	0	0	0	1412	0	332	0	1706	0	232	0	192	0	7110	0	1024	0	860	0	1240	0	9578	0	2114	0	3430	0	3000	0	1026	0	3182	0	4362	0	6930	0	5504	0	1800	90	0	0	1076	0	0	178	468	0	360	0	13376	0	1434	0	0	0	3124	0	30094	0	0	0	0	0	0	0	0	0	0	0	0	0	0	0	0	0	0	0	0	0	0	0	0	0	0	
16368	Temporal_Pole_Mid_L	0	0	0	0	0	0	0	0	0	0	0	0	0	0	0	0	0	0	0	0	0	0	0	0	0	0	0	0	0	0	0	0	0	0	0	0	0	0	144	0	0	0	0	0	0	0	0	0	0	0	0	0	0	0	480	0	0	0	0	0	0	0	0	0	0	0	0	0	0	0	0	0	0	0	0	0	0	0	0	0	288	0	2018	0	2478	0	0	0	2776	0	0	0	0	0	0	0	0	0	0	0	0	0	0	0	0	0	0	0	0	0	0	0	0	0	0	0	
32396	Temporal_Pole_Mid_R	0	0	0	0	0	0	0	0	0	0	0	0	0	0	0	0	0	0	0	0	0	0	0	0	0	0	0	0	0	0	0	0	0	0	0	0	0	248	0	884	0	542	0	0	0	0	0	0	0	0	0	0	0	0	0	1672	0	0	0	0	0	0	0	0	0	0	0	0	0	0	0	0	0	0	0	0	0	0	0	0	0	1302	0	4634	0	3124	0	0	0	3792	0	0	0	0	0	0	0	0	0	0	0	0	0	0	0	0	0	0	0	0	0	0	0	0	0	0	
277844	Temporal_Inf_L	2414	0	374	0	0	0	510	0	0	0	0	0	0	0	0	0	1462	0	154	0	0	0	0	0	0	0	0	0	8280	0	0	0	0	0	96	0	10050	0	2982	0	4512	0	888	0	0	0	234	0	0	0	8700	0	2126	0	14140	0	3210	0	606	0	4554	0	3264	0	4200	0	506	0	314	0	0	0	1894	0	0	0	424	90	3888	0	9930	0	5620	0	40406	0	2776	0	0	0	318	0	0	0	0	0	0	0	0	0	0	0	0	0	0	0	0	0	0	0	0	0	0	0	0	0	
279444	Temporal_Inf_R	0	3676	86	2806	0	0	0	1034	0	0	0	202	0	0	0	0	0	152	0	1654	0	0	0	0	0	0	0	0	86	2768	0	0	0	1092	266	1898	140	12688	0	4108	0	1078	0	3032	0	128	0	1886	0	126	0	1230	0	5194	0	23814	0	4572	0	1064	0	2968	0	4042	0	2322	0	3050	0	1590	284	338	122	3028	0	130	548	1794	0	182	0	3004	0	7224	0	30094	0	3792	0	0	0	214	0	0	0	0	0	0	0	216	0	0	0	0	0	0	0	0	0	0	0	0	0	0	0	0	
324340	Cerebelum_Crus1_L	0	0	0	0	0	0	0	0	0	0	0	0	0	0	0	0	0	0	0	0	0	0	0	0	0	0	0	0	0	0	0	0	0	0	0	0	0	0	0	0	0	0	0	0	0	0	4180	3202	0	0	0	0	0	162	9332	2452	0	0	0	0	0	0	0	0	0	0	0	0	0	0	0	0	0	0	0	0	0	0	0	0	0	0	0	0	0	0	0	0	318	0	0	2162	25490	1030	732	0	15410	304	41674	6172	11048	0	17772	138	1388	370	452	0	0	112	3296	8506	5444	686	338	0	
288672	Cerebelum_Crus1_R	0	0	0	0	0	0	0	0	0	0	0	0	0	0	0	0	0	0	0	0	0	0	0	0	0	0	0	0	0	0	0	0	0	0	0	0	0	0	0	0	0	0	0	0	0	0	0	3574	0	0	0	0	0	182	0	4534	0	0	0	0	0	0	0	0	0	0	0	0	0	0	0	0	0	0	0	0	0	0	0	0	0	0	0	0	0	0	0	0	0	214	2162	0	2740	24556	0	4446	216	10464	1222	35226	648	3120	796	19142	174	4296	0	2734	216	1368	1214	4174	11076	4010	1732	100	
298808	Cerebelum_Crus2_L	0	0	0	0	0	0	0	0	0	0	0	0	0	0	0	0	0	0	0	0	0	0	0	0	0	0	0	0	0	0	0	0	0	0	0	0	0	0	0	0	0	0	0	0	0	0	444	2100	0	0	0	0	0	0	548	1470	0	0	0	0	0	0	0	0	0	0	0	0	0	0	0	0	0	0	0	0	0	0	0	0	0	0	0	0	0	0	0	0	0	0	25490	2740	0	12578	0	0	290	0	4620	3702	33482	7718	28002	4180	1096	130	0	0	0	0	724	4494	9168	6290	138	0	
256252	Cerebelum_Crus2_R	0	0	0	0	0	0	0	0	0	0	0	0	0	0	0	0	0	0	0	0	0	0	0	0	0	0	0	0	0	0	0	0	0	0	0	0	0	0	0	0	0	0	0	0	0	0	0	710	0	0	0	0	0	0	0	462	0	0	0	0	0	0	0	0	0	0	0	0	0	0	0	0	0	0	0	0	0	0	0	0	0	0	0	0	0	0	0	0	0	0	1030	24556	12578	0	0	912	0	1948	288	5458	4582	21958	2858	26424	250	2770	0	972	0	0	0	1366	9732	7902	1370	0	
39024	Cerebelum_3_L	0	0	0	0	0	0	0	0	0	0	0	0	0	0	0	0	0	0	0	0	0	0	0	0	0	0	0	0	0	0	0	0	0	0	0	0	0	0	0	0	0	0	0	0	0	0	202	0	0	0	0	0	0	0	0	0	0	0	0	0	0	0	0	0	0	0	0	0	0	0	0	0	0	0	0	0	0	0	0	0	0	0	0	0	0	0	0	0	0	0	732	0	0	0	0	356	6002	0	1432	0	152	0	322	0	4698	0	786	0	948	3054	726	0	0	0	102	0	
46568	Cerebelum_3_R	0	0	0	0	0	0	0	0	0	0	0	0	0	0	0	0	0	0	0	0	0	0	0	0	0	0	0	0	0	0	0	0	0	0	0	0	86	0	0	0	0	0	0	0	0	0	0	338	0	0	0	0	0	0	0	1386	0	0	0	0	0	0	0	0	0	0	0	0	0	0	0	0	0	0	0	0	0	0	0	0	0	0	0	0	0	0	0	0	0	0	0	4446	0	912	356	0	178	5566	0	5828	0	0	0	0	0	332	0	240	442	2978	196	0	0	0	0	0	
240200	Cerebelum_4_5_L	0	0	0	0	0	0	0	0	0	0	0	0	0	0	0	0	0	0	0	0	0	0	0	0	0	0	0	0	0	0	0	0	0	0	0	0	0	0	134	0	0	0	0	0	0	0	11112	562	0	0	0	0	206	0	11052	182	0	0	0	0	0	0	0	0	0	0	0	0	0	0	0	0	0	0	0	0	0	0	0	0	0	0	0	0	0	0	0	0	0	0	15410	216	290	0	6002	178	0	1332	34728	2052	588	0	4994	494	4204	1638	3434	808	158	1754	11716	3152	402	1316	1632	354	
151836	Cerebelum_4_5_R	0	0	0	0	0	0	0	0	0	0	0	0	0	0	0	0	0	0	0	0	0	0	0	0	0	0	0	0	0	0	0	0	0	0	0	0	0	102	0	238	0	0	0	136	0	0	86	2952	0	0	0	0	0	160	0	9046	0	0	0	0	0	0	0	0	0	0	0	0	0	0	0	0	0	0	0	0	0	0	0	0	0	0	0	0	0	0	0	0	0	0	304	10464	0	1948	0	5566	1332	0	1188	23730	0	0	450	940	118	966	0	2370	0	3144	8368	742	396	770	402	0	
372328	Cerebelum_6_L	0	0	0	0	0	0	0	0	0	0	0	0	0	0	0	0	0	0	0	0	0	0	0	0	0	0	0	0	0	0	0	0	0	0	0	0	0	0	0	0	0	0	0	0	0	0	13332	4076	0	0	0	0	314	352	17754	2436	0	0	0	0	0	0	0	0	0	0	0	0	0	0	0	0	0	0	0	0	0	0	0	0	0	0	0	0	0	0	0	0	0	0	41674	1222	4620	288	1432	0	34728	1188	0	7294	3346	0	12710	318	2256	1638	2900	412	0	472	10864	12324	4692	1724	1534	264	
382868	Cerebelum_6_R	0	0	0	0	0	0	0	0	0	0	0	0	0	0	0	0	0	0	0	0	0	0	0	0	0	0	0	0	0	0	0	0	0	0	0	0	0	122	0	0	0	0	0	152	0	0	374	8602	0	0	0	0	0	1416	252	16648	0	0	0	0	0	0	0	0	0	0	0	0	0	0	0	0	0	0	0	0	0	0	0	0	0	0	0	0	0	0	0	0	0	216	6172	35226	3702	5458	0	5828	2052	23730	7294	0	484	370	1142	12142	340	6358	262	6440	470	3750	9768	12756	12546	4464	2210	688	
225912	Cerebelum_7b_L	0	0	0	0	0	0	0	0	0	0	0	0	0	0	0	0	0	0	0	0	0	0	0	0	0	0	0	0	0	0	0	0	0	0	0	0	0	0	0	0	0	0	0	0	0	0	0	138	0	0	0	0	0	0	216	200	0	0	0	0	0	0	0	0	0	0	0	0	0	0	0	0	0	0	0	0	0	0	0	0	0	0	0	0	0	0	0	0	0	0	11048	648	33482	4582	152	0	588	0	3346	484	0	5920	34918	5566	902	236	244	0	0	0	0	472	2142	7672	0	0	
151252	Cerebelum_7b_R	0	0	0	0	0	0	0	0	0	0	0	0	0	0	0	0	0	0	0	0	0	0	0	0	0	0	0	0	0	0	0	0	0	0	0	0	0	0	0	0	0	0	0	0	0	0	0	0	0	0	0	0	0	0	0	0	0	0	0	0	0	0	0	0	0	0	0	0	0	0	0	0	0	0	0	0	0	0	0	0	0	0	0	0	0	0	0	0	0	0	0	3120	7718	21958	0	0	0	0	0	370	5920	0	4564	20230	106	964	0	0	0	0	0	0	2622	7674	380	0	
290512	Cerebelum_8_L	0	0	0	0	0	0	0	0	0	0	0	0	0	0	0	0	0	0	0	0	0	0	0	0	0	0	0	0	0	0	0	0	0	0	0	0	0	0	0	0	0	0	0	0	0	0	1890	138	0	0	0	0	0	0	400	182	0	0	0	0	0	0	0	0	0	0	0	0	0	0	0	0	0	0	0	0	0	0	0	0	0	0	0	0	0	0	0	0	0	0	17772	796	28002	2858	322	0	4994	450	12710	1142	34918	4564	0	6030	7952	1054	1750	0	0	150	2534	992	3008	9184	1314	150	
264048	Cerebelum_8_R	0	0	0	0	0	0	0	0	0	0	0	0	0	0	0	0	0	0	0	0	0	0	0	0	0	0	0	0	0	0	0	0	0	0	0	0	0	0	0	0	0	0	0	0	0	0	0	282	0	0	0	0	0	110	0	302	0	0	0	0	0	0	0	0	0	0	0	0	0	0	0	0	0	0	0	0	0	0	0	0	0	0	0	0	0	0	0	0	0	0	138	19142	4180	26424	0	0	494	940	318	12142	5566	20230	6030	0	300	11082	86	1062	0	208	1742	1326	5438	11890	2146	446	
70848	Cerebelum_9_L	0	0	0	0	0	0	0	0	0	0	0	0	0	0	0	0	0	0	0	0	0	0	0	0	0	0	0	0	0	0	0	0	0	0	0	0	0	0	0	0	0	0	0	0	0	0	588	0	0	0	0	0	0	0	0	0	0	0	0	0	0	0	0	0	0	0	0	0	0	0	0	0	0	0	0	0	0	0	0	0	0	0	0	0	0	0	0	0	0	0	1388	174	1096	250	4698	0	4204	118	2256	340	902	106	7952	300	0	490	2280	114	742	1452	2352	496	660	778	1020	668	
138716	Cerebelum_9_R	0	0	0	0	0	0	0	0	0	0	0	0	0	0	0	0	0	0	0	0	0	0	0	0	0	0	0	0	0	0	0	0	0	0	0	0	0	0	0	0	0	0	0	0	0	0	0	268	0	0	0	0	0	142	0	308	0	0	0	0	0	0	0	0	0	0	0	0	0	0	0	0	0	0	0	0	0	0	0	0	0	0	0	0	0	0	0	0	0	0	370	4296	130	2770	0	332	1638	966	1638	6358	236	964	1054	11082	490	0	268	3244	3102	3112	4076	3912	4226	6850	5888	1638	
31096	Cerebelum_10_L	0	0	0	0	0	0	0	0	0	0	0	0	0	0	0	0	0	0	0	0	0	0	0	0	0	0	0	0	0	0	0	0	0	0	0	0	0	0	0	0	0	0	0	0	0	0	732	0	0	0	0	0	0	0	0	0	0	0	0	0	0	0	0	0	0	0	0	0	0	0	0	0	0	0	0	0	0	0	0	0	0	0	0	0	0	0	0	0	0	0	452	0	0	0	786	0	3434	0	2900	262	244	0	1750	86	2280	268	0	194	0	222	1380	316	0	0	138	104	
50896	Cerebelum_10_R	0	0	0	0	0	0	0	0	0	0	0	0	0	0	0	0	0	0	0	0	0	0	0	0	0	0	0	0	0	0	0	0	0	0	0	0	0	0	0	0	0	0	0	0	0	0	0	252	0	0	0	0	0	0	0	332	0	0	0	0	0	0	0	0	0	0	0	0	0	0	0	0	0	0	0	0	0	0	0	0	0	0	0	0	0	0	0	0	0	0	0	2734	0	972	0	240	808	2370	412	6440	0	0	0	1062	114	3244	194	0	168	436	2208	1270	204	820	940	228	
28136	Vermis_1_2	0	0	0	0	0	0	0	0	0	0	0	0	0	0	0	0	0	0	0	0	0	0	0	0	0	0	0	0	0	0	0	0	0	0	0	0	0	0	110	0	0	0	0	0	0	0	0	0	0	0	0	0	0	0	0	0	0	0	0	0	0	0	0	0	0	0	0	0	0	0	0	0	0	0	0	0	0	0	0	0	0	0	0	0	0	0	0	0	0	0	0	216	0	0	948	442	158	0	0	470	0	0	0	0	742	3102	0	168	0	6708	128	0	0	106	212	558	
70048	Vermis_3	0	0	0	0	0	0	0	0	0	0	0	0	0	0	0	0	0	0	0	0	0	0	0	0	0	0	0	0	0	0	0	0	0	0	0	0	332	0	572	0	0	0	0	0	0	0	158	222	0	0	0	0	0	0	0	1078	0	0	0	0	0	0	0	0	0	0	0	0	0	0	0	0	0	0	0	0	0	0	0	0	0	0	0	0	0	0	0	0	0	0	112	1368	0	0	3054	2978	1754	3144	472	3750	0	0	150	208	1452	3112	222	436	6708	0	2546	124	0	144	334	594	
183264	Vermis_4_5	0	0	0	0	0	0	0	0	0	0	0	0	0	0	0	0	0	0	0	0	0	0	0	0	0	0	0	0	0	0	0	0	0	0	0	0	0	0	0	0	0	0	0	250	0	0	3334	2948	0	0	0	0	104	116	1476	2974	0	0	0	0	0	0	0	0	0	0	0	182	0	0	0	0	0	0	0	0	0	0	0	0	0	0	0	0	0	0	0	0	0	0	3296	1214	724	0	726	196	11716	8368	10864	9768	0	0	2534	1742	2352	4076	1380	2208	128	2546	0	7948	1272	3110	3156	924	
191920	Vermis_6	0	0	0	0	0	0	0	0	0	0	0	0	0	0	0	0	0	0	0	0	0	0	0	0	0	0	0	0	0	0	0	0	0	0	0	0	0	0	0	0	0	0	0	0	0	0	2424	6368	0	0	0	0	0	434	1704	4514	0	0	0	0	0	0	0	0	0	0	0	0	0	0	0	0	0	0	0	0	0	0	0	0	0	0	0	0	0	0	0	0	0	0	8506	4174	4494	1366	0	0	3152	742	12324	12756	472	0	992	1326	496	3912	316	1270	0	124	7948	0	8910	3326	3344	566	
