data	data	466112	390576	525704	577180	60844	75992	284312	144748	33796	16532	211380	174216	198632	145468	152528	54064	213056	102812	639080	714204	71992	79832	155824	197504	13168	47256	36624	37904	534048	339648	153452	293124	118732	250280	242116	276044	246348	324336	122636	207632	35136	43056	381712	455692	214660	343860	381204	506088	189888	276664	506180	286460	247204	95272	689856	795200	356444	388708	191892	97004	208944	106148	132148	194712	130860	114784	280044	398800	516752	407416	277996	303704	238148	234052	78828	19224	115172	211768	70728	25136	154172	104112	78500	20904	468640	296372	12920	10200	379292	303604	820368	782548	508552	411188	79260	92776	468728	476516	832460	856156	355956	247332	486928	419788	286424	227376	63416	31420	46880	84876	518476	494452	371556	267156	189288	59024	
data	data	Precentral_L	Precentral_R	Frontal_Sup_L	Frontal_Sup_R	Frontal_Sup_Orb_L	Frontal_Sup_Orb_R	Frontal_Mid_L	Frontal_Mid_R	Frontal_Mid_Orb_L	Frontal_Mid_Orb_R	Frontal_Inf_Oper_L	Frontal_Inf_Oper_R	Frontal_Inf_Tri_L	Frontal_Inf_Tri_R	Frontal_Inf_Orb_L	Frontal_Inf_Orb_R	Rolandic_Oper_L	Rolandic_Oper_R	Supp_Motor_Area_L	Supp_Motor_Area_R	Olfactory_L	Olfactory_R	Frontal_Sup_Medial_L	Frontal_Sup_Medial_R	Frontal_Med_Orb_L	Frontal_Med_Orb_R	Rectus_L	Rectus_R	Insula_L	Insula_R	Cingulum_Ant_L	Cingulum_Ant_R	Cingulum_Mid_L	Cingulum_Mid_R	Cingulum_Post_L	Cingulum_Post_R	Hippocampus_L	Hippocampus_R	ParaHippocampal_L	ParaHippocampal_R	Amygdala_L	Amygdala_R	Calcarine_L	Calcarine_R	Cuneus_L	Cuneus_R	Lingual_L	Lingual_R	Occipital_Sup_L	Occipital_Sup_R	Occipital_Mid_L	Occipital_Mid_R	Occipital_Inf_L	Occipital_Inf_R	Fusiform_L	Fusiform_R	Postcentral_L	Postcentral_R	Parietal_Sup_L	Parietal_Sup_R	Parietal_Inf_L	Parietal_Inf_R	SupraMarginal_L	SupraMarginal_R	Angular_L	Angular_R	Precuneus_L	Precuneus_R	Paracentral_Lobule_L	Paracentral_Lobule_R	Caudate_L	Caudate_R	Putamen_L	Putamen_R	Pallidum_L	Pallidum_R	Thalamus_L	Thalamus_R	Heschl_L	Heschl_R	Temporal_Sup_L	Temporal_Sup_R	Temporal_Pole_Sup_L	Temporal_Pole_Sup_R	Temporal_Mid_L	Temporal_Mid_R	Temporal_Pole_Mid_L	Temporal_Pole_Mid_R	Temporal_Inf_L	Temporal_Inf_R	Cerebelum_Crus1_L	Cerebelum_Crus1_R	Cerebelum_Crus2_L	Cerebelum_Crus2_R	Cerebelum_3_L	Cerebelum_3_R	Cerebelum_4_5_L	Cerebelum_4_5_R	Cerebelum_6_L	Cerebelum_6_R	Cerebelum_7b_L	Cerebelum_7b_R	Cerebelum_8_L	Cerebelum_8_R	Cerebelum_9_L	Cerebelum_9_R	Cerebelum_10_L	Cerebelum_10_R	Vermis_1_2	Vermis_3	Vermis_4_5	Vermis_6	Vermis_7	Vermis_8	Vermis_9	Vermis_10	
466112	Precentral_L	0	9084	9992	6650	0	0	10390	1572	0	0	6508	428	1356	0	0	0	8366	260	9616	7836	0	0	0	0	0	0	0	0	14036	0	0	130	0	1052	990	740	9182	336	1530	210	198	0	662	0	90	0	162	0	0	0	1270	0	1162	0	3480	364	34718	2512	336	0	3336	0	2452	92	3194	0	128	0	21352	4232	5432	684	6854	486	4454	350	11720	732	2094	0	1682	338	448	0	9132	162	0	0	8280	204	0	0	0	0	0	0	0	0	0	0	0	0	0	0	0	0	0	0	0	0	0	0	0	0	0	0	
390576	Precentral_R	9084	0	1714	4110	0	0	572	7174	0	0	0	7290	0	166	0	0	92	1612	2270	13722	0	0	0	0	0	0	0	0	1460	952	0	0	410	708	4972	4246	2736	6074	1846	1342	0	0	0	376	0	186	606	0	0	286	202	0	304	0	1458	3310	3012	33094	0	1176	130	2384	0	7386	92	0	156	666	11664	22420	2718	1950	972	1240	518	650	1732	14082	0	786	0	2380	0	0	422	3286	0	0	684	2408	0	0	0	0	0	0	0	0	0	0	0	0	0	0	0	0	0	0	0	0	0	0	0	0	0	0	
525704	Frontal_Sup_L	9992	1714	0	5348	3078	0	39096	294	2860	0	14264	0	15868	104	9300	0	9800	0	57828	4202	0	0	21464	0	750	0	88	0	23396	130	10014	912	4584	0	0	0	468	0	0	0	0	0	0	0	0	0	0	0	0	0	0	0	0	0	0	0	1752	376	0	0	0	0	0	0	0	0	0	0	5710	94	2522	94	7620	0	3156	0	128	0	118	0	2258	0	3060	0	164	0	0	0	246	0	0	0	0	0	0	0	0	0	0	0	0	0	0	0	0	0	0	0	0	0	0	0	0	0	0	0	
577180	Frontal_Sup_R	6650	4110	5348	0	192	3572	2724	20412	104	862	3448	12744	188	13324	356	3066	922	2820	14292	57840	166	440	3154	27734	0	864	112	586	8580	18140	664	23278	566	7200	150	128	134	734	0	106	0	0	0	0	0	0	0	0	0	0	0	0	0	0	0	170	1762	1074	0	0	0	0	0	0	0	0	0	0	3334	328	9538	13610	844	8530	446	1124	0	398	0	266	542	138	776	0	0	0	0	0	0	0	0	0	0	0	0	0	0	0	0	0	0	0	0	0	0	0	0	0	0	0	0	0	0	0	0	0	
60844	Frontal_Sup_Orb_L	0	0	3078	192	0	150	292	0	4310	0	0	0	128	0	5796	0	0	0	0	88	1496	984	1012	90	690	104	4102	224	1218	0	1676	298	0	0	0	0	0	0	0	0	0	0	0	0	0	0	0	0	0	0	0	0	0	0	0	0	0	0	0	0	0	0	0	0	0	0	0	0	0	0	1268	636	2590	0	0	0	0	0	0	0	0	0	0	0	0	0	0	0	0	0	0	0	0	0	0	0	0	0	0	0	0	0	0	0	0	0	0	0	0	0	0	0	0	0	0	0	
75992	Frontal_Sup_Orb_R	0	0	0	3572	150	0	0	134	0	2334	0	0	0	0	150	2228	0	0	0	218	442	1552	0	4906	92	5314	246	4360	0	502	216	2330	0	0	0	0	0	0	0	0	0	0	0	0	0	0	0	0	0	0	0	0	0	0	0	0	0	0	0	0	0	0	0	0	0	0	0	0	0	0	444	3854	0	4952	0	0	0	0	0	0	0	0	0	0	0	0	0	0	0	0	0	0	0	0	0	0	0	0	0	0	0	0	0	0	0	0	0	0	0	0	0	0	0	0	0	0	
284312	Frontal_Mid_L	10390	572	39096	2724	292	0	0	210	2330	0	9828	0	18808	0	9042	0	5242	0	16032	800	0	0	7888	0	0	0	0	0	11816	0	824	0	1414	0	0	0	408	0	0	0	0	0	0	0	0	0	0	0	0	0	0	0	0	0	0	0	246	0	0	0	0	0	0	0	0	0	0	0	0	0	1466	0	996	0	252	0	0	0	0	0	934	0	546	0	0	0	0	0	0	0	0	0	0	0	0	0	0	0	0	0	0	0	0	0	0	0	0	0	0	0	0	0	0	0	0	0	
144748	Frontal_Mid_R	1572	7174	294	20412	0	134	210	0	0	940	0	9814	0	8952	0	2438	0	1100	642	2070	0	0	170	856	0	0	0	0	334	5166	0	1308	0	250	0	0	0	148	0	0	0	0	0	0	0	0	0	0	0	0	0	0	0	0	0	0	1094	332	0	0	0	0	0	0	0	0	0	0	350	0	3268	1026	0	968	0	272	86	994	0	0	0	0	0	0	0	0	0	0	0	0	0	0	0	0	0	0	0	0	0	0	0	0	0	0	0	0	0	0	0	0	0	0	0	0	0	0	
33796	Frontal_Mid_Orb_L	0	0	2860	104	4310	0	2330	0	0	0	0	0	222	0	5002	0	0	0	0	0	0	0	0	0	0	0	932	0	404	0	0	0	0	0	0	0	0	0	0	0	0	0	0	0	0	0	0	0	0	0	0	0	0	0	0	0	0	0	0	0	0	0	0	0	0	0	0	0	0	0	0	0	734	0	0	0	0	0	0	0	0	0	0	0	0	0	0	0	0	0	0	0	0	0	0	0	0	0	0	0	0	0	0	0	0	0	0	0	0	0	0	0	0	0	0	0	
16532	Frontal_Mid_Orb_R	0	0	0	862	0	2334	0	940	0	0	0	0	0	132	0	2352	0	0	0	0	0	0	0	322	0	268	0	0	0	144	0	316	0	0	0	0	0	0	0	0	0	0	0	0	0	0	0	0	0	0	0	0	0	0	0	0	0	0	0	0	0	0	0	0	0	0	0	0	0	0	0	230	0	366	0	0	0	0	0	0	0	0	0	0	0	0	0	0	0	0	0	0	0	0	0	0	0	0	0	0	0	0	0	0	0	0	0	0	0	0	0	0	0	0	0	0	
211380	Frontal_Inf_Oper_L	6508	0	14264	3448	0	0	9828	0	0	0	0	104	13298	232	190	0	9658	0	12698	1464	0	0	200	222	0	0	0	0	19768	192	454	952	0	0	0	0	822	0	0	0	0	0	0	0	0	0	0	0	0	0	0	0	0	0	0	0	1004	0	0	0	0	0	0	0	0	0	0	0	0	0	1316	0	348	0	0	0	0	0	254	0	3098	0	5152	0	0	0	0	0	216	0	0	0	0	0	0	0	0	0	0	0	0	0	0	0	0	0	0	0	0	0	0	0	0	0	0	0	
174216	Frontal_Inf_Oper_R	428	7290	0	12744	0	0	0	9814	0	0	104	0	0	8252	0	834	0	1702	122	6174	0	0	0	488	0	0	0	0	338	21060	0	1310	0	0	0	0	0	346	0	0	0	0	0	0	0	0	0	0	0	0	0	0	0	0	0	0	384	902	0	0	0	0	0	0	0	0	0	0	122	108	2596	4070	128	5990	0	204	126	1202	0	168	0	0	0	102	0	0	0	0	0	0	0	0	0	0	0	0	0	0	0	0	0	0	0	0	0	0	0	0	0	0	0	0	0	0	0	0	
198632	Frontal_Inf_Tri_L	1356	0	15868	188	128	0	18808	0	222	0	13298	0	0	0	15554	0	680	0	9398	114	0	0	2578	0	0	0	0	0	16952	0	1896	0	92	0	0	0	290	0	0	0	0	0	0	0	0	0	0	0	0	0	0	0	0	0	0	0	0	0	0	0	0	0	0	0	0	0	0	0	0	0	90	0	1530	0	0	0	0	0	0	0	188	0	0	0	0	0	0	0	86	0	0	0	0	0	0	0	0	0	0	0	0	0	0	0	0	0	0	0	0	0	0	0	0	0	0	0	
145468	Frontal_Inf_Tri_R	0	166	104	13324	0	0	0	8952	0	132	232	8252	0	0	0	2964	0	0	348	3378	0	0	0	3360	0	116	0	0	398	17842	0	7816	0	0	0	0	0	0	0	0	0	0	0	0	0	0	0	0	0	0	0	0	0	0	0	0	0	0	0	0	0	0	0	0	0	0	0	0	0	0	1446	1256	0	2500	0	0	0	0	0	0	0	0	148	0	0	0	0	0	0	0	0	0	0	0	0	0	0	0	0	0	0	0	0	0	0	0	0	0	0	0	0	0	0	0	0	0	
152528	Frontal_Inf_Orb_L	0	0	9300	356	5796	150	9042	0	5002	0	190	0	15554	0	0	0	0	0	1728	190	1596	950	2210	90	174	104	1872	222	11322	0	2582	316	0	0	0	0	0	0	0	0	142	0	0	0	0	0	0	0	0	0	0	0	0	0	0	0	0	0	0	0	0	0	0	0	0	0	0	0	0	0	1320	602	4636	0	0	0	0	0	0	0	0	0	818	0	0	0	0	0	0	0	0	0	0	0	0	0	0	0	0	0	0	0	0	0	0	0	0	0	0	0	0	0	0	0	0	0	
54064	Frontal_Inf_Orb_R	0	0	0	3066	0	2228	0	2438	0	2352	0	834	0	2964	0	0	0	0	0	552	252	1232	0	344	0	0	134	1406	0	4164	158	1226	0	0	0	0	0	0	0	0	0	116	0	0	0	0	0	0	0	0	0	0	0	0	0	0	0	0	0	0	0	0	0	0	0	0	0	0	0	0	738	1242	0	1586	0	0	0	0	0	0	0	0	0	0	0	0	0	0	0	0	0	0	0	0	0	0	0	0	0	0	0	0	0	0	0	0	0	0	0	0	0	0	0	0	0	0	
213056	Rolandic_Oper_L	8366	92	9800	922	0	0	5242	0	0	0	9658	0	680	0	0	0	0	0	11408	660	0	0	0	0	0	0	0	0	21820	0	0	0	0	0	124	0	488	0	0	0	0	0	0	0	0	0	0	0	0	0	190	0	310	0	1086	0	6002	0	0	0	1464	0	3416	0	564	0	0	0	1188	0	662	0	216	0	0	0	372	0	4922	0	7994	0	3110	0	3226	0	0	0	2546	0	0	0	0	0	0	0	0	0	0	0	0	0	0	0	0	0	0	0	0	0	0	0	0	0	0	0	
102812	Rolandic_Oper_R	260	1612	0	2820	0	0	0	1100	0	0	0	1702	0	0	0	0	0	0	0	2488	0	0	0	0	0	0	0	0	0	13598	0	0	0	0	240	238	0	4358	0	1172	0	0	0	0	0	0	0	110	0	0	0	0	0	0	0	2884	0	4858	0	0	0	0	0	4584	0	0	0	0	0	864	0	180	0	3558	0	0	0	446	0	1668	0	1760	0	254	0	206	0	0	0	446	0	0	0	0	0	0	0	0	0	0	0	0	0	0	0	0	0	0	0	0	0	0	0	0	0	0	
639080	Supp_Motor_Area_L	9616	2270	57828	14292	0	0	16032	642	0	0	12698	122	9398	348	1728	0	11408	0	0	35316	0	0	7762	3254	0	0	0	0	23498	242	6852	6624	9486	13158	164	0	2140	0	0	0	0	0	0	0	0	0	0	0	0	0	0	0	0	0	254	0	5306	436	0	0	1150	0	530	0	376	0	0	0	30266	1790	7218	816	11648	196	5080	182	618	472	602	0	3098	0	2868	0	932	0	0	0	824	0	0	0	0	0	0	0	0	0	0	0	0	0	0	0	0	0	0	0	0	0	0	0	0	0	0	0	
714204	Supp_Motor_Area_R	7836	13722	4202	57840	88	218	800	2070	0	0	1464	6174	114	3378	190	552	660	2488	35316	0	0	0	758	9112	0	188	0	94	4564	9938	424	15092	6136	31684	2618	2862	110	1014	0	228	0	0	0	650	0	312	0	0	0	302	100	0	178	0	906	886	816	15234	0	1060	0	1818	0	3622	0	0	0	960	28310	39674	3462	17994	482	6390	288	1252	380	6208	0	272	282	500	350	176	164	838	0	0	520	782	0	0	0	0	0	0	0	0	0	0	0	0	0	0	0	0	0	0	0	0	0	0	0	0	0	0	
71992	Olfactory_L	0	0	0	166	1496	442	0	0	0	0	0	0	0	0	1596	252	0	0	0	0	0	5578	0	182	216	126	2400	634	1208	0	3556	2140	0	0	0	0	0	0	0	0	202	0	0	0	0	0	0	0	0	0	0	0	0	0	0	0	0	0	0	0	0	0	0	0	0	0	0	0	0	0	7090	4254	3728	468	0	0	0	0	0	0	0	0	262	0	0	0	0	0	0	0	0	0	0	0	0	0	0	0	0	0	0	0	0	0	0	0	0	0	0	0	0	0	0	0	0	0	
79832	Olfactory_R	0	0	0	440	984	1552	0	0	0	0	0	0	0	0	950	1232	0	0	0	0	5578	0	0	536	166	718	1964	2572	0	1380	2498	2106	0	0	0	0	0	0	0	0	0	460	0	0	0	0	0	0	0	0	0	0	0	0	0	0	0	0	0	0	0	0	0	0	0	0	0	0	0	0	6754	6020	2566	1316	124	0	0	0	0	0	0	0	0	0	0	0	0	0	0	0	0	0	0	0	0	0	0	0	0	0	0	0	0	0	0	0	0	0	0	0	0	0	0	0	0	0	
155824	Frontal_Sup_Medial_L	0	0	21464	3154	1012	0	7888	170	0	0	200	0	2578	0	2210	0	0	0	7762	758	0	0	0	5192	952	216	0	0	3322	0	9592	2902	4354	1516	0	0	0	0	0	0	0	0	0	0	0	0	0	0	0	0	0	0	0	0	0	0	0	0	0	0	0	0	0	0	0	0	0	0	0	0	766	0	1904	0	0	0	0	0	0	0	0	0	0	0	0	0	0	0	0	0	0	0	0	0	0	0	0	0	0	0	0	0	0	0	0	0	0	0	0	0	0	0	0	0	0	0	
197504	Frontal_Sup_Medial_R	0	0	0	27734	90	4906	0	856	0	322	222	488	0	3360	90	344	0	0	3254	9112	182	536	5192	0	182	3592	122	1200	228	3070	534	18584	0	5538	0	0	0	0	0	0	0	0	0	0	0	0	0	0	0	0	0	0	0	0	0	0	0	0	0	0	0	0	0	0	0	0	0	0	0	0	794	4284	0	3842	0	0	0	0	0	0	0	0	94	0	0	0	0	0	0	0	0	0	0	0	0	0	0	0	0	0	0	0	0	0	0	0	0	0	0	0	0	0	0	0	0	0	
13168	Frontal_Med_Orb_L	0	0	750	0	690	92	0	0	0	0	0	0	0	0	174	0	0	0	0	0	216	166	952	182	0	170	290	94	0	0	1982	0	0	0	0	0	0	0	0	0	0	0	0	0	0	0	0	0	0	0	0	0	0	0	0	0	0	0	0	0	0	0	0	0	0	0	0	0	0	0	440	0	386	0	0	0	0	0	0	0	0	0	0	0	0	0	0	0	0	0	0	0	0	0	0	0	0	0	0	0	0	0	0	0	0	0	0	0	0	0	0	0	0	0	0	0	
47256	Frontal_Med_Orb_R	0	0	0	864	104	5314	0	0	0	268	0	0	0	116	104	0	0	0	0	188	126	718	216	3592	170	0	122	3618	0	216	334	2724	0	0	0	0	0	0	0	0	0	0	0	0	0	0	0	0	0	0	0	0	0	0	0	0	0	0	0	0	0	0	0	0	0	0	0	0	0	0	120	2676	0	2038	0	0	0	0	0	0	0	0	0	0	0	0	0	0	0	0	0	0	0	0	0	0	0	0	0	0	0	0	0	0	0	0	0	0	0	0	0	0	0	0	0	0	
36624	Rectus_L	0	0	88	112	4102	246	0	0	932	0	0	0	0	0	1872	134	0	0	0	0	2400	1964	0	122	290	122	0	374	0	0	1550	378	0	0	0	0	0	0	0	0	0	0	0	0	0	0	0	0	0	0	0	0	0	0	0	0	0	0	0	0	0	0	0	0	0	0	0	0	0	0	2216	1016	394	0	0	0	0	0	0	0	0	0	0	0	0	0	0	0	0	0	0	0	0	0	0	0	0	0	0	0	0	0	0	0	0	0	0	0	0	0	0	0	0	0	0	0	
37904	Rectus_R	0	0	0	586	224	4360	0	0	0	0	0	0	0	0	222	1406	0	0	0	94	634	2572	0	1200	94	3618	374	0	0	674	268	882	0	0	0	0	0	0	0	0	0	0	0	0	0	0	0	0	0	0	0	0	0	0	0	0	0	0	0	0	0	0	0	0	0	0	0	0	0	0	550	866	0	328	0	0	0	0	0	0	0	0	0	0	0	0	0	0	0	0	0	0	0	0	0	0	0	0	0	0	0	0	0	0	0	0	0	0	0	0	0	0	0	0	0	0	
534048	Insula_L	14036	1460	23396	8580	1218	0	11816	334	404	0	19768	338	16952	398	11322	0	21820	0	23498	4564	1208	0	3322	228	0	0	0	0	0	520	5330	1240	410	0	384	280	9208	0	804	0	2002	0	160	0	0	0	0	0	0	0	522	0	992	0	6452	0	5668	116	102	0	812	0	1142	0	878	0	0	0	3252	0	6940	198	16840	0	112	0	2394	550	6432	0	6640	0	6292	0	6582	0	358	0	8750	0	0	0	0	0	0	0	0	0	0	0	0	0	0	0	0	0	0	0	0	0	0	0	0	0	0	0	
339648	Insula_R	0	952	130	18140	0	502	0	5166	0	144	192	21060	0	17842	0	4164	0	13598	242	9938	0	1380	0	3070	0	216	0	674	520	0	0	7068	0	0	958	884	372	9578	262	2508	0	1494	0	198	0	0	0	294	0	0	0	0	0	96	130	6682	0	2222	0	0	0	0	0	2148	0	0	170	0	0	514	2412	5772	144	16816	0	104	0	834	0	1960	0	4036	114	290	0	1432	0	0	0	2258	0	0	0	0	0	0	0	144	0	0	0	0	0	0	0	0	0	0	0	0	0	0	0	0	0	0	
153452	Cingulum_Ant_L	0	0	10014	664	1676	216	824	0	0	0	454	0	1896	0	2582	158	0	0	6852	424	3556	2498	9592	534	1982	334	1550	268	5330	0	0	5414	4078	228	0	0	0	0	0	0	0	0	0	0	0	0	0	0	0	0	0	0	0	0	0	0	0	0	0	0	0	0	0	0	0	0	0	0	0	0	6818	2238	5936	522	0	0	0	0	0	0	0	0	88	0	0	0	0	0	0	0	0	0	0	0	0	0	0	0	0	0	0	0	0	0	0	0	0	0	0	0	0	0	0	0	0	0	
293124	Cingulum_Ant_R	130	0	912	23278	298	2330	0	1308	0	316	952	1310	0	7816	316	1226	0	0	6624	15092	2140	2106	2902	18584	0	2724	378	882	1240	7068	5414	0	658	10638	0	0	0	0	0	0	0	0	0	0	0	0	0	0	0	0	0	0	0	0	0	0	110	0	0	0	0	0	0	0	0	0	0	0	0	140	6440	13784	2450	6522	0	0	0	0	0	0	0	0	474	0	0	0	0	0	0	0	0	0	0	0	0	0	0	0	0	0	0	0	0	0	0	0	0	0	0	0	0	0	0	0	0	0	
118732	Cingulum_Mid_L	0	410	4584	566	0	0	1414	0	0	0	0	0	92	0	0	0	0	0	9486	6136	0	0	4354	0	0	0	0	0	410	0	4078	658	0	5900	1164	334	0	0	0	0	0	0	904	380	554	518	0	0	1340	146	2896	0	1076	0	148	134	0	262	662	0	0	0	0	0	116	0	2058	1228	3716	2222	0	0	0	0	0	0	0	0	0	0	0	0	0	0	1174	0	0	0	106	140	0	0	0	0	0	0	0	0	0	0	0	0	0	0	0	0	0	0	0	0	0	0	0	0	0	0	
250280	Cingulum_Mid_R	1052	708	0	7200	0	0	0	250	0	0	0	0	0	0	0	0	0	0	13158	31684	0	0	1516	5538	0	0	0	0	0	0	228	10638	5900	0	1354	4296	0	0	0	0	0	0	0	2164	0	1078	0	190	0	286	0	286	0	0	0	236	0	3934	0	0	0	0	0	0	0	0	472	5180	10792	16118	0	0	0	0	0	0	0	148	0	0	0	0	0	0	0	130	0	0	0	418	0	0	0	0	0	0	0	0	0	0	0	0	0	0	0	0	0	0	0	0	186	0	0	0	0	0	
242116	Cingulum_Post_L	990	4972	0	150	0	0	0	0	0	0	0	0	0	0	0	0	124	240	164	2618	0	0	0	0	0	0	0	0	384	958	0	0	1164	1354	0	19394	7306	7786	6024	3120	0	0	3758	480	1356	106	2052	1116	134	0	502	0	1564	0	7878	3346	2392	2924	0	0	0	0	0	220	0	0	8516	2828	5458	2918	0	0	0	228	0	0	514	9022	0	0	0	0	0	0	1034	352	0	0	3538	722	0	0	0	0	0	0	0	706	0	0	0	0	0	0	0	0	0	0	0	0	646	0	0	0	0	0	
276044	Cingulum_Post_R	740	4246	0	128	0	0	0	0	0	0	0	0	0	0	0	0	0	238	0	2862	0	0	0	0	0	0	0	0	280	884	0	0	334	4296	19394	0	3710	8988	2736	4802	0	0	432	3182	302	782	764	3738	0	112	268	212	1100	130	5936	8120	1474	6814	0	0	0	0	0	268	0	0	3414	14624	2784	8342	0	0	0	192	0	0	152	5062	0	0	0	88	0	0	670	1458	0	0	2738	2380	0	0	0	0	0	0	0	916	0	0	0	0	0	0	0	0	0	0	0	0	7930	0	0	0	0	0	
246348	Hippocampus_L	9182	2736	468	134	0	0	408	0	0	0	822	0	290	0	0	0	488	0	2140	110	0	0	0	0	0	0	0	0	9208	372	0	0	0	0	7306	3710	0	3370	16840	1148	5294	0	190	0	0	0	3328	476	0	0	0	0	318	0	10046	188	2174	170	0	0	96	0	100	0	0	0	1388	640	2138	0	336	0	3018	126	838	0	10486	8518	1288	0	1118	0	428	0	3334	0	0	0	7798	132	0	0	0	0	0	0	92	384	0	0	0	0	0	0	0	0	0	0	0	0	0	0	0	0	0	0	
324336	Hippocampus_R	336	6074	0	734	0	0	0	148	0	0	0	346	0	0	0	0	0	4358	0	1014	0	0	0	0	0	0	0	0	0	9578	0	0	0	0	7786	8988	3370	0	2470	26216	0	6378	242	842	100	0	640	6296	0	0	0	0	116	0	1604	29798	334	2712	0	0	0	0	0	1326	0	0	2030	4638	920	856	0	126	0	7998	0	0	0	5474	0	1080	0	3204	0	316	86	2288	0	0	598	6456	0	0	0	0	0	0	92	2880	0	240	0	0	0	0	0	0	0	0	0	90	990	0	0	0	0	0	
122636	ParaHippocampal_L	1530	1846	0	0	0	0	0	0	0	0	0	0	0	0	0	0	0	0	0	0	0	0	0	0	0	0	0	0	804	262	0	0	0	0	6024	2736	16840	2470	0	1008	1186	0	172	0	0	0	5190	372	0	0	0	0	206	0	6266	158	224	0	0	0	0	0	0	0	0	0	1094	366	198	0	0	0	192	102	0	0	3936	5908	0	0	0	0	108	0	0	0	0	0	390	100	240	0	0	0	136	0	474	294	398	0	0	0	0	0	0	0	0	0	0	88	0	0	0	0	0	0	
207632	ParaHippocampal_R	210	1342	0	106	0	0	0	0	0	0	0	0	0	0	0	0	0	1172	0	228	0	0	0	0	0	0	0	0	0	2508	0	0	0	0	3120	4802	1148	26216	1008	0	0	3978	88	1518	0	0	252	9066	0	0	0	0	0	0	936	21826	290	1046	0	0	0	0	0	358	0	0	740	4220	724	388	0	0	0	3358	0	0	0	1716	0	222	0	716	0	962	0	486	0	628	452	2462	0	0	0	0	128	242	98	3858	0	102	0	0	0	0	0	0	0	0	0	0	1096	0	0	0	0	0	
35136	Amygdala_L	198	0	0	0	0	0	0	0	0	0	0	0	0	0	142	0	0	0	0	0	202	0	0	0	0	0	0	0	2002	0	0	0	0	0	0	0	5294	0	1186	0	0	0	0	0	0	0	0	0	0	0	0	0	0	0	3774	0	0	0	0	0	0	0	0	0	0	0	0	0	0	0	336	0	1172	0	114	0	432	0	0	0	0	0	572	0	0	0	112	0	2032	0	0	0	0	0	0	0	0	0	0	0	0	0	0	0	0	0	0	0	0	0	0	0	0	0	0	0	
43056	Amygdala_R	0	0	0	0	0	0	0	0	0	0	0	0	0	0	0	116	0	0	0	0	0	460	0	0	0	0	0	0	0	1494	0	0	0	0	0	0	0	6378	0	3978	0	0	0	0	0	0	0	0	0	0	0	0	0	0	0	4808	0	0	0	0	0	0	0	0	0	0	0	0	0	0	0	0	0	992	0	0	0	234	0	0	0	0	0	1198	0	0	0	626	0	1244	0	0	0	0	0	0	0	0	0	0	0	0	0	0	0	0	0	0	0	0	0	0	0	0	0	0	
381712	Calcarine_L	662	0	0	0	0	0	0	0	0	0	0	0	0	0	0	0	0	0	0	0	0	0	0	0	0	0	0	0	160	0	0	0	904	0	3758	432	190	242	172	88	0	0	0	7240	20894	6194	7108	1004	14364	2842	36344	970	12292	230	7876	320	6398	0	7882	0	4056	0	0	0	1356	0	20738	404	7984	0	0	0	0	0	0	0	0	0	0	0	0	0	0	0	11752	0	0	0	6000	0	0	0	0	0	0	0	0	0	0	0	0	0	0	0	0	0	0	0	0	0	0	0	0	0	0	0	
455692	Calcarine_R	0	376	0	0	0	0	0	0	0	0	0	0	0	0	0	0	0	0	0	650	0	0	0	0	0	0	0	0	0	198	0	0	380	2164	480	3182	0	842	0	1518	0	0	7240	0	7456	33204	3930	22538	298	20412	380	23920	0	7244	270	21672	0	3646	0	2516	0	180	0	596	0	704	684	30484	214	5998	0	0	0	0	0	0	0	0	0	0	0	110	0	0	0	10790	0	0	0	11228	0	106	0	0	0	0	0	214	0	0	0	0	0	0	0	0	0	0	0	0	1934	88	0	0	0	0	
214660	Cuneus_L	90	0	0	0	0	0	0	0	0	0	0	0	0	0	0	0	0	0	0	0	0	0	0	0	0	0	0	0	0	0	0	0	554	0	1356	302	0	100	0	0	0	0	20894	7456	0	8928	1624	842	19108	2262	15848	954	1258	338	510	680	1638	0	3746	0	286	0	0	0	118	0	13180	330	3496	0	0	0	0	0	0	0	0	0	0	0	0	0	0	0	1188	0	0	0	244	0	0	0	0	0	0	0	0	0	0	0	0	0	0	0	0	0	0	0	0	0	0	0	0	0	0	0	
343860	Cuneus_R	0	186	0	0	0	0	0	0	0	0	0	0	0	0	0	0	0	0	0	312	0	0	0	0	0	0	0	0	0	0	0	0	518	1078	106	782	0	0	0	0	0	0	6194	33204	8928	0	2354	5266	436	35532	456	23594	0	3022	240	3130	0	1096	0	4236	0	418	0	348	0	1232	3290	23520	0	2556	0	0	0	0	0	0	0	0	0	0	0	0	0	0	0	5092	0	0	0	4288	0	0	0	0	0	0	0	0	0	0	0	0	0	0	0	0	0	0	0	0	516	0	0	0	0	0	
381204	Lingual_L	162	606	0	0	0	0	0	0	0	0	0	0	0	0	0	0	0	0	0	0	0	0	0	0	0	0	0	0	0	0	0	0	0	0	2052	764	3328	640	5190	252	0	0	7108	3930	1624	2354	0	8672	2902	852	9938	754	5074	540	28348	5012	108	0	244	0	0	0	0	0	0	0	2064	392	204	0	0	0	0	0	0	0	798	1268	0	0	0	0	0	0	0	0	0	0	246	0	18050	3098	3796	1350	592	88	15604	3588	22410	6808	382	0	550	180	174	232	0	0	138	144	7808	6650	2316	382	424	412	
506088	Lingual_R	0	0	0	0	0	0	0	0	0	0	0	0	0	0	0	0	0	110	0	0	0	0	0	0	0	0	0	0	0	294	0	0	0	190	1116	3738	476	6296	372	9066	0	0	1004	22538	842	5266	8672	0	0	5748	406	7586	696	8654	6594	40596	0	426	0	230	0	0	0	0	0	0	494	9468	0	688	0	0	0	390	0	0	0	774	0	0	0	0	0	0	0	1162	0	0	0	1994	9926	7996	2562	1828	0	404	2620	16778	13814	18362	0	0	0	0	536	88	0	0	0	0	14712	13262	3914	0	160	196	
189888	Occipital_Sup_L	0	0	0	0	0	0	0	0	0	0	0	0	0	0	0	0	0	0	0	0	0	0	0	0	0	0	0	0	0	0	0	0	1340	0	134	0	0	0	0	0	0	0	14364	298	19108	436	2902	0	0	0	29086	0	2034	0	528	0	114	0	11264	0	1006	0	0	0	718	0	8956	0	0	0	0	0	0	0	0	0	0	0	0	0	0	0	0	0	2472	0	0	0	184	0	0	0	0	0	0	0	0	0	0	0	0	0	0	0	0	0	0	0	0	0	0	0	0	0	0	0	
276664	Occipital_Sup_R	0	286	0	0	0	0	0	0	0	0	0	0	0	0	0	0	0	0	0	302	0	0	0	0	0	0	0	0	0	0	0	0	146	286	0	112	0	0	0	0	0	0	2842	20412	2262	35532	852	5748	0	0	0	33146	0	1584	0	1964	0	620	0	5600	0	674	0	396	0	6052	800	12756	0	600	0	0	0	0	0	0	0	0	0	0	0	0	0	0	0	3254	0	0	0	2106	0	0	0	0	0	0	0	0	0	0	0	0	0	0	0	0	0	0	0	0	0	0	0	0	0	0	
506180	Occipital_Mid_L	1270	202	0	0	0	0	0	0	0	0	0	0	0	0	0	0	190	0	0	100	0	0	0	0	0	0	0	0	522	0	0	0	2896	0	502	268	0	0	0	0	0	0	36344	380	15848	456	9938	406	29086	0	0	0	29514	0	9350	288	6348	136	22418	0	12736	0	290	0	9144	0	11852	0	6140	130	0	0	0	0	0	0	0	0	0	0	102	0	0	0	37256	0	0	0	7766	0	0	0	0	0	0	0	0	0	434	266	0	0	0	0	0	0	0	0	0	0	170	342	0	0	0	0	
286460	Occipital_Mid_R	0	0	0	0	0	0	0	0	0	0	0	0	0	0	0	0	0	0	0	0	0	0	0	0	0	0	0	0	0	0	0	0	0	286	0	212	0	0	0	0	0	0	970	23920	954	23594	754	7586	0	33146	0	0	0	4784	0	5386	0	396	0	2172	0	1626	0	1178	0	14016	382	7968	0	312	0	0	0	0	0	0	0	0	0	0	0	158	0	0	0	11014	0	0	0	1848	0	126	0	0	0	0	0	114	0	116	0	0	0	0	0	0	0	0	0	0	212	0	0	0	0	0	
247204	Occipital_Inf_L	1162	304	0	0	0	0	0	0	0	0	0	0	0	0	0	0	310	0	0	178	0	0	0	0	0	0	0	0	992	0	0	0	1076	0	1564	1100	318	116	206	0	0	0	12292	0	1258	0	5074	696	2034	0	29514	0	0	0	16238	462	3070	184	4900	0	3056	0	470	0	1568	0	5314	0	2258	182	0	0	0	0	0	0	0	128	168	0	88	0	0	0	13120	0	0	0	11804	0	114	0	0	0	0	0	0	106	832	464	0	0	0	0	0	0	0	0	0	0	216	666	0	0	0	0	
95272	Occipital_Inf_R	0	0	0	0	0	0	0	0	0	0	0	0	0	0	0	0	0	0	0	0	0	0	0	0	0	0	0	0	0	96	0	0	0	0	0	130	0	0	0	0	0	0	230	7244	338	3022	540	8654	0	1584	0	4784	0	0	0	11630	0	0	0	0	0	0	0	0	0	0	0	806	0	0	0	0	0	0	0	0	0	0	0	0	0	0	0	0	0	1470	0	0	0	2384	438	782	448	192	0	0	0	380	0	930	0	0	0	0	0	0	0	0	0	0	410	612	532	0	0	0	
689856	Fusiform_L	3480	1458	0	0	0	0	0	0	0	0	0	0	0	0	0	0	1086	0	254	906	0	0	0	0	0	0	0	0	6452	130	0	0	148	0	7878	5936	10046	1604	6266	936	3774	0	7876	270	510	240	28348	6594	528	0	9350	0	16238	0	0	6646	2036	1122	1392	0	1432	0	866	0	350	0	4750	346	5376	1082	94	238	488	0	0	0	588	1260	1000	0	4108	352	408	0	7998	200	688	0	28020	286	37190	4002	4316	1008	1132	106	18722	3728	45950	8972	1710	0	2376	244	780	664	0	140	192	164	8486	9268	2056	822	922	544	
795200	Fusiform_R	364	3310	0	170	0	0	0	0	0	0	0	0	0	0	0	0	0	2884	0	886	0	0	0	0	0	0	0	0	0	6682	0	0	134	236	3346	8120	188	29798	158	21826	0	4808	320	21672	680	3130	5012	40596	0	1964	288	5386	462	11630	6646	0	578	4122	0	218	0	0	0	950	0	140	298	13646	1114	1964	0	0	0	3568	0	0	0	320	0	776	0	3788	0	1842	140	9278	0	894	804	23568	11266	24968	3248	2426	120	478	1756	16286	13172	36894	0	660	194	860	602	186	0	0	138	216	14656	16152	4216	0	184	218	
356444	Postcentral_L	34718	3012	1752	1762	0	0	246	1094	0	0	1004	384	0	0	0	0	6002	0	5306	816	0	0	0	0	0	0	0	0	5668	0	0	110	0	0	2392	1474	2174	334	224	290	0	0	6398	0	1638	0	108	0	114	0	6348	0	3070	0	2036	578	0	496	5024	0	19188	0	13768	0	1828	0	6952	178	13638	306	2718	362	2416	294	1640	312	1340	306	2536	0	2152	0	0	0	9108	0	0	0	4516	92	0	0	0	0	0	0	0	0	0	0	0	0	0	0	0	0	0	0	0	0	0	0	0	0	0	0	
388708	Postcentral_R	2512	33094	376	1074	0	0	0	332	0	0	0	902	0	0	0	0	0	4858	436	15234	0	0	0	0	0	0	0	0	116	2222	0	0	262	3934	2924	6814	170	2712	0	1046	0	0	0	3646	0	1096	0	426	0	620	136	396	184	0	1122	4122	496	0	0	7852	0	10972	0	19684	0	348	136	6802	7056	30966	126	0	0	640	0	196	294	430	0	844	0	3246	0	0	224	5734	0	0	582	5558	0	0	0	0	0	0	0	0	0	0	0	0	0	0	0	0	0	0	0	0	1402	0	0	0	0	0	
191892	Parietal_Sup_L	336	0	0	0	0	0	0	0	0	0	0	0	0	0	0	0	0	0	0	0	0	0	0	0	0	0	0	0	102	0	0	0	662	0	0	0	0	0	0	0	0	0	7882	0	3746	0	244	0	11264	0	22418	0	4900	0	1392	0	5024	0	0	0	12100	0	0	0	2910	0	11448	0	372	0	0	0	0	0	0	0	0	0	0	0	0	0	0	0	10234	0	0	0	912	0	0	0	0	0	0	0	0	0	0	0	0	0	0	0	0	0	0	0	0	0	0	0	0	0	0	0	
97004	Parietal_Sup_R	0	1176	0	0	0	0	0	0	0	0	0	0	0	0	0	0	0	0	0	1060	0	0	0	0	0	0	0	0	0	0	0	0	0	0	0	0	0	0	0	0	0	0	0	2516	0	4236	0	230	0	5600	0	2172	0	0	0	218	0	7852	0	0	0	4828	0	2144	0	2102	404	9834	0	1518	0	0	0	0	0	0	0	0	0	0	0	0	0	0	0	1326	0	0	0	1286	0	0	0	0	0	0	0	0	0	0	0	0	0	0	0	0	0	0	0	0	0	0	0	0	0	0	
208944	Parietal_Inf_L	3336	130	0	0	0	0	0	0	0	0	0	0	0	0	0	0	1464	0	1150	0	0	0	0	0	0	0	0	0	812	0	0	0	0	0	0	0	96	0	0	0	0	0	4056	0	286	0	0	0	1006	0	12736	0	3056	0	1432	0	19188	0	12100	0	0	0	13906	0	14764	0	392	0	586	0	0	0	0	0	0	0	0	0	176	0	858	0	0	0	10948	0	0	0	1994	0	0	0	0	0	0	0	0	0	0	0	0	0	0	0	0	0	0	0	0	0	0	0	0	0	0	0	
106148	Parietal_Inf_R	0	2384	0	0	0	0	0	0	0	0	0	0	0	0	0	0	0	0	0	1818	0	0	0	0	0	0	0	0	0	0	0	0	0	0	0	0	0	0	0	0	0	0	0	180	0	418	0	0	0	674	0	1626	0	0	0	0	0	10972	0	4828	0	0	0	13266	0	7660	0	554	0	2278	0	0	0	0	0	0	0	0	0	0	0	402	0	0	0	4274	0	0	0	1740	0	0	0	0	0	0	0	0	0	0	0	0	0	0	0	0	0	0	0	0	0	0	0	0	0	0	
132148	SupraMarginal_L	2452	0	0	0	0	0	0	0	0	0	0	0	0	0	0	0	3416	0	530	0	0	0	0	0	0	0	0	0	1142	0	0	0	0	0	0	0	100	0	0	0	0	0	0	0	0	0	0	0	0	0	290	0	470	0	866	0	13768	0	0	0	13906	0	0	0	5812	0	0	0	3388	0	0	0	0	0	0	0	0	0	894	0	6578	0	0	0	6220	0	0	0	6242	0	0	0	0	0	0	0	0	0	0	0	0	0	0	0	0	0	0	0	0	0	0	0	0	0	0	0	
194712	SupraMarginal_R	92	7386	0	0	0	0	0	0	0	0	0	0	0	0	0	0	0	4584	0	3622	0	0	0	0	0	0	0	0	0	2148	0	0	0	0	220	268	0	1326	0	358	0	0	0	596	0	348	0	0	0	396	0	1178	0	0	0	950	0	19684	0	2144	0	13266	0	0	0	10160	0	514	0	6802	0	0	0	1208	0	0	0	310	0	0	0	4444	0	0	0	9878	0	0	0	5474	0	0	0	0	0	0	0	0	0	0	0	0	0	0	0	0	0	0	0	0	0	0	0	0	0	0	
130860	Angular_L	3194	92	0	0	0	0	0	0	0	0	0	0	0	0	0	0	564	0	376	0	0	0	0	0	0	0	0	0	878	0	0	0	116	0	0	0	0	0	0	0	0	0	1356	0	118	0	0	0	718	0	9144	0	1568	0	350	0	1828	0	2910	0	14764	0	5812	0	0	0	526	0	846	0	0	0	0	0	0	0	0	0	194	0	712	0	0	0	16940	0	0	0	2424	0	0	0	0	0	0	0	0	0	0	0	0	0	0	0	0	0	0	0	0	0	0	0	0	0	0	0	
114784	Angular_R	0	0	0	0	0	0	0	0	0	0	0	0	0	0	0	0	0	0	0	0	0	0	0	0	0	0	0	0	0	0	0	0	0	0	0	0	0	0	0	0	0	0	0	704	0	1232	0	0	0	6052	0	14016	0	0	0	140	0	348	0	2102	0	7660	0	10160	0	0	0	988	0	0	0	0	0	0	0	0	0	0	0	0	0	2134	0	0	0	9402	0	0	0	2454	0	0	0	0	0	0	0	0	0	0	0	0	0	0	0	0	0	0	0	0	0	0	0	0	0	0	
280044	Precuneus_L	128	156	0	0	0	0	0	0	0	0	0	0	0	0	0	0	0	0	0	0	0	0	0	0	0	0	0	0	0	170	0	0	2058	472	8516	3414	1388	2030	1094	740	0	0	20738	684	13180	3290	2064	494	8956	800	11852	382	5314	0	4750	298	6952	136	11448	404	392	0	0	0	526	0	0	7290	8930	564	0	0	0	0	0	0	0	1212	0	0	0	0	0	0	6056	186	0	0	2020	354	0	0	0	0	0	0	0	290	0	0	0	0	0	0	0	0	0	0	0	0	294	0	0	0	0	0	
398800	Precuneus_R	0	666	0	0	0	0	0	0	0	0	0	0	0	0	0	0	0	0	0	960	0	0	0	0	0	0	0	0	0	0	0	0	1228	5180	2828	14624	640	4638	366	4220	0	0	404	30484	330	23520	392	9468	0	12756	0	7968	0	806	346	13646	178	6802	0	9834	0	554	0	514	0	988	7290	0	418	10088	0	0	0	0	0	0	0	134	0	0	0	0	0	0	0	7414	0	0	0	10650	0	0	0	0	0	0	0	962	0	0	0	0	0	0	0	0	0	0	0	0	8104	0	0	0	0	0	
516752	Paracentral_Lobule_L	21352	11664	5710	3334	0	0	0	350	0	0	0	122	0	0	0	0	1188	0	30266	28310	0	0	0	0	0	0	0	0	3252	0	0	0	3716	10792	5458	2784	2138	920	198	724	0	0	7984	214	3496	0	204	0	0	0	6140	0	2258	0	5376	1114	13638	7056	372	0	586	0	3388	0	846	0	8930	418	0	16006	4490	3500	6248	144	5638	0	2486	4476	592	0	844	340	0	0	10172	206	0	0	8654	282	0	0	0	0	0	0	0	0	0	0	0	0	0	0	0	0	0	0	0	0	0	0	0	0	0	0	
407416	Paracentral_Lobule_R	4232	22420	94	328	0	0	0	0	0	0	0	108	0	0	0	0	0	864	1790	39674	0	0	0	0	0	0	0	0	0	514	0	140	2222	16118	2918	8342	0	856	0	388	0	0	0	5998	0	2556	0	688	0	600	130	312	182	0	1082	1964	306	30966	0	1518	0	2278	0	6802	0	0	564	10088	16006	0	204	4878	0	0	0	0	342	5148	0	658	0	2072	0	0	206	2406	0	0	574	2920	0	0	0	0	0	0	0	0	0	0	0	0	0	0	0	0	0	0	0	0	1252	0	0	0	0	0	
277996	Caudate_L	5432	2718	2522	9538	1268	444	1466	3268	0	0	1316	2596	90	1446	1320	738	662	0	7218	3462	7090	6754	766	794	440	120	2216	550	6940	2412	6818	6440	0	0	0	0	336	0	0	0	336	0	0	0	0	0	0	0	0	0	0	0	0	0	94	0	2718	126	0	0	0	0	0	0	0	0	0	0	4490	204	0	13538	15444	2940	3796	480	5154	1748	0	0	548	0	202	0	0	0	0	0	0	0	0	0	0	0	0	0	0	0	0	0	0	0	0	0	0	0	0	0	0	0	0	0	0	0	0	0	
303704	Caudate_R	684	1950	94	13610	636	3854	0	1026	0	230	0	4070	0	1256	602	1242	0	180	816	17994	4254	6020	0	4284	0	2676	1016	866	198	5772	2238	13784	0	0	0	0	0	126	0	0	0	0	0	0	0	0	0	0	0	0	0	0	0	0	238	0	362	0	0	0	0	0	0	0	0	0	0	0	3500	4878	13538	0	2996	18606	386	1506	826	15302	0	0	0	0	0	0	0	0	0	0	236	0	0	0	0	0	0	0	0	0	0	0	0	0	0	0	0	0	0	0	0	0	0	0	0	0	0	0	
238148	Putamen_L	6854	972	7620	844	2590	0	996	0	734	0	348	128	1530	0	4636	0	216	0	11648	482	3728	2566	1904	0	386	0	394	0	16840	144	5936	2450	0	0	0	0	3018	0	192	0	1172	0	0	0	0	0	0	0	0	0	0	0	0	0	488	0	2416	0	0	0	0	0	0	0	0	0	0	0	6248	0	15444	2996	0	760	8786	220	1520	124	0	0	428	0	942	0	0	0	0	0	374	0	0	0	0	0	0	0	0	0	0	0	0	0	0	0	0	0	0	0	0	0	0	0	0	0	0	0	
234052	Putamen_R	486	1240	0	8530	0	4952	0	968	0	366	0	5990	0	2500	0	1586	0	3558	196	6390	468	1316	0	3842	0	2038	0	328	0	16816	522	6522	0	0	228	192	126	7998	102	3358	0	992	0	0	0	0	0	390	0	0	0	0	0	0	0	3568	294	640	0	0	0	0	0	1208	0	0	0	0	144	0	2940	18606	760	0	250	2600	0	1438	0	0	0	154	0	102	0	426	0	0	0	1618	0	0	0	0	0	0	0	278	0	0	0	0	0	0	0	0	0	0	0	0	0	0	0	0	0	0	
78828	Pallidum_L	4454	518	3156	446	0	0	252	0	0	0	0	0	0	0	0	0	0	0	5080	288	0	124	0	0	0	0	0	0	112	0	0	0	0	0	0	0	838	0	0	0	114	0	0	0	0	0	0	0	0	0	0	0	0	0	0	0	1640	0	0	0	0	0	0	0	0	0	0	0	5638	0	3796	386	8786	250	0	160	3268	108	0	0	0	0	0	0	0	0	0	0	0	0	0	0	0	0	0	0	0	0	0	0	0	0	0	0	0	0	0	0	0	0	0	0	0	0	0	0	
19224	Pallidum_R	350	650	0	1124	0	0	0	272	0	0	0	204	0	0	0	0	0	0	182	1252	0	0	0	0	0	0	0	0	0	104	0	0	0	0	0	0	0	0	0	0	0	0	0	0	0	0	0	0	0	0	0	0	0	0	0	0	312	196	0	0	0	0	0	0	0	0	0	0	0	0	480	1506	220	2600	160	0	0	0	0	0	0	0	0	0	0	0	0	0	0	0	0	0	0	0	0	0	0	0	0	0	0	0	0	0	0	0	0	0	0	0	0	0	0	0	0	0	
115172	Thalamus_L	11720	1732	128	0	0	0	0	86	0	0	0	126	0	0	0	0	372	0	618	380	0	0	0	0	0	0	0	0	2394	0	0	0	0	0	514	152	10486	0	3936	0	432	0	0	0	0	0	798	0	0	0	0	0	0	0	588	0	1340	294	0	0	0	0	0	0	0	0	0	0	2486	342	5154	826	1520	0	3268	0	0	6974	306	0	0	0	0	0	254	0	0	0	360	0	0	0	0	0	0	0	0	0	0	0	0	0	0	0	0	0	0	0	0	0	0	0	0	0	0	0	
211768	Thalamus_R	732	14082	0	398	0	0	0	994	0	0	0	1202	0	0	0	0	0	446	472	6208	0	0	0	0	0	0	0	0	550	834	0	0	0	148	9022	5062	8518	5474	5908	1716	0	234	0	0	0	0	1268	774	0	0	0	0	128	0	1260	320	306	430	0	0	0	0	0	310	0	0	1212	134	4476	5148	1748	15302	124	1438	108	0	6974	0	322	0	0	0	0	0	500	0	0	0	900	146	0	0	0	0	0	0	0	556	0	0	0	0	0	0	0	0	0	0	0	0	0	0	0	0	0	0	
70728	Heschl_L	2094	0	118	0	0	0	0	0	0	0	254	0	0	0	0	0	4922	0	602	0	0	0	0	0	0	0	0	0	6432	0	0	0	0	0	0	0	1288	0	0	0	0	0	0	0	0	0	0	0	0	0	0	0	168	0	1000	0	2536	0	0	0	176	0	894	0	194	0	0	0	592	0	0	0	0	0	0	0	306	322	0	0	5898	0	0	0	5332	0	0	0	2236	0	0	0	0	0	0	0	0	0	0	0	0	0	0	0	0	0	0	0	0	0	0	0	0	0	0	0	
25136	Heschl_R	0	786	0	266	0	0	0	0	0	0	0	168	0	0	0	0	0	1668	0	272	0	0	0	0	0	0	0	0	0	1960	0	0	0	0	0	0	0	1080	0	222	0	0	0	0	0	0	0	0	0	0	0	0	0	0	0	776	0	844	0	0	0	0	0	0	0	0	0	0	0	658	0	0	0	0	0	0	0	0	0	0	0	3348	0	0	0	334	0	0	0	186	0	0	0	0	0	0	0	0	0	0	0	0	0	0	0	0	0	0	0	0	0	0	0	0	0	0	
154172	Temporal_Sup_L	1682	0	2258	542	0	0	934	0	0	0	3098	0	188	0	0	0	7994	0	3098	282	0	0	0	0	0	0	0	0	6640	0	0	0	0	0	0	0	1118	0	0	0	0	0	0	0	0	0	0	0	0	0	102	0	88	0	4108	0	2152	0	0	0	858	0	6578	0	712	0	0	0	844	0	548	0	428	0	0	0	0	0	5898	0	0	0	3960	0	14032	0	0	0	8944	0	0	0	0	0	0	0	0	0	0	0	0	0	0	0	0	0	0	0	0	0	0	0	0	0	0	0	
104112	Temporal_Sup_R	338	2380	0	138	0	0	0	0	0	0	0	0	0	0	0	0	0	1760	0	500	0	0	0	0	0	0	0	0	0	4036	0	0	0	0	0	88	0	3204	0	716	0	0	0	110	0	0	0	0	0	0	0	158	0	0	352	3788	0	3246	0	0	0	402	0	4444	0	2134	0	0	340	2072	0	0	0	154	0	0	0	0	0	3348	0	0	0	1220	0	10654	0	192	298	5984	0	0	0	0	0	0	0	0	0	0	0	0	0	0	0	0	0	0	0	0	0	0	0	0	0	0	
78500	Temporal_Pole_Sup_L	448	0	3060	776	0	0	546	0	0	0	5152	0	0	148	818	0	3110	0	2868	350	262	0	0	94	0	0	0	0	6292	114	88	474	0	0	0	0	428	0	108	0	572	0	0	0	0	0	0	0	0	0	0	0	0	0	408	0	0	0	0	0	0	0	0	0	0	0	0	0	0	0	202	0	942	0	0	0	0	0	0	0	3960	0	0	0	3238	0	1774	0	3018	0	0	0	0	0	0	0	0	0	0	0	0	0	0	0	0	0	0	0	0	0	0	0	0	0	0	0	
20904	Temporal_Pole_Sup_R	0	0	0	0	0	0	0	0	0	0	0	102	0	0	0	0	0	254	0	176	0	0	0	0	0	0	0	0	0	290	0	0	0	0	0	0	0	316	0	962	0	1198	0	0	0	0	0	0	0	0	0	0	0	0	0	1842	0	0	0	0	0	0	0	0	0	0	0	0	0	0	0	0	0	102	0	0	0	0	0	0	0	1220	0	0	0	912	0	1654	0	1424	0	0	0	0	0	0	0	0	0	0	0	0	0	0	0	0	0	0	0	0	0	0	0	0	0	0	
468640	Temporal_Mid_L	9132	422	164	0	0	0	0	0	0	0	0	0	0	0	0	0	3226	0	932	164	0	0	0	0	0	0	0	0	6582	0	0	0	1174	0	1034	670	3334	86	0	0	0	0	11752	0	1188	0	0	0	2472	0	37256	0	13120	0	7998	140	9108	224	10234	0	10948	0	6220	0	16940	0	6056	0	10172	206	0	0	0	0	0	0	254	500	5332	0	14032	0	3238	0	0	0	1418	0	38592	0	0	0	0	0	0	0	0	0	0	0	0	0	0	0	0	0	0	0	0	0	0	0	0	0	0	0	
296372	Temporal_Mid_R	162	3286	0	0	0	0	0	0	0	0	0	0	0	0	0	0	0	206	0	838	0	0	0	0	0	0	0	0	0	1432	0	0	0	130	352	1458	0	2288	0	486	0	0	0	10790	0	5092	0	1162	0	3254	0	11014	0	1470	200	9278	0	5734	0	1326	0	4274	0	9878	0	9402	186	7414	206	2406	0	0	0	426	0	0	0	0	0	334	0	10654	0	912	0	0	0	512	134	40868	0	0	0	0	0	0	0	0	0	0	0	0	0	0	0	0	0	0	0	0	622	0	0	0	0	0	
12920	Temporal_Pole_Mid_L	0	0	0	0	0	0	0	0	0	0	0	0	0	0	0	0	0	0	0	0	0	0	0	0	0	0	0	0	358	0	0	0	0	0	0	0	0	0	0	0	112	0	0	0	0	0	0	0	0	0	0	0	0	0	688	0	0	0	0	0	0	0	0	0	0	0	0	0	0	0	0	0	0	0	0	0	0	0	0	0	0	0	1774	0	1418	0	0	0	2110	0	0	0	0	0	0	0	0	0	0	0	0	0	0	0	0	0	0	0	0	0	0	0	0	0	0	0	
10200	Temporal_Pole_Mid_R	0	0	0	0	0	0	0	0	0	0	0	0	0	0	0	0	0	0	0	0	0	0	0	0	0	0	0	0	0	0	0	0	0	0	0	0	0	0	0	628	0	626	0	0	0	0	0	0	0	0	0	0	0	0	0	894	0	0	0	0	0	0	0	0	0	0	0	0	0	0	0	0	0	0	0	0	0	0	0	0	0	192	0	1654	0	512	0	0	0	594	0	0	0	0	0	0	0	0	0	0	0	0	0	0	0	0	0	0	0	0	0	0	0	0	0	0	
379292	Temporal_Inf_L	8280	684	246	0	0	0	0	0	0	0	216	0	86	0	0	0	2546	0	824	520	0	0	0	0	0	0	0	0	8750	0	0	0	106	0	3538	2738	7798	598	390	452	2032	0	6000	0	244	0	246	0	184	0	7766	0	11804	0	28020	804	4516	582	912	0	1994	0	6242	0	2424	0	2020	0	8654	574	0	236	374	0	0	0	360	900	2236	0	8944	298	3018	0	38592	134	2110	0	0	170	3694	0	860	0	114	0	860	0	2536	0	822	0	598	0	0	0	0	0	0	0	0	0	0	0	0	0	
303604	Temporal_Inf_R	204	2408	0	0	0	0	0	0	0	0	0	0	0	0	0	0	0	446	0	782	0	0	0	0	0	0	0	0	0	2258	0	0	140	418	722	2380	132	6456	100	2462	0	1244	0	11228	0	4288	0	1994	0	2106	0	1848	0	2384	286	23568	92	5558	0	1286	0	1740	0	5474	0	2454	354	10650	282	2920	0	0	0	1618	0	0	0	146	0	186	0	5984	0	1424	0	40868	0	594	170	0	0	816	0	0	0	0	0	166	0	86	0	0	0	0	0	0	0	0	0	0	1080	0	0	0	0	0	
820368	Cerebelum_Crus1_L	0	0	0	0	0	0	0	0	0	0	0	0	0	0	0	0	0	0	0	0	0	0	0	0	0	0	0	0	0	0	0	0	0	0	0	0	0	0	240	0	0	0	0	0	0	0	18050	9926	0	0	0	0	114	438	37190	11266	0	0	0	0	0	0	0	0	0	0	0	0	0	0	0	0	0	0	0	0	0	0	0	0	0	0	0	0	0	0	0	0	3694	0	0	16470	46200	4964	3068	754	32508	7776	76332	23992	19772	308	24694	1676	4874	2728	860	928	1300	1148	16174	24106	12070	2650	2898	1016	
782548	Cerebelum_Crus1_R	0	0	0	0	0	0	0	0	0	0	0	0	0	0	0	0	0	0	0	0	0	0	0	0	0	0	0	0	0	0	0	0	0	0	0	0	0	0	0	0	0	0	0	106	0	0	3098	7996	0	0	0	126	0	782	4002	24968	0	0	0	0	0	0	0	0	0	0	0	0	0	0	0	0	0	0	0	0	0	0	0	0	0	0	0	0	0	0	0	0	0	816	16470	0	6698	41720	1316	6640	8756	38208	18734	85194	1060	15672	3848	27636	5828	3040	118	272	968	3744	23798	21664	13668	1836	2192	300	
508552	Cerebelum_Crus2_L	0	0	0	0	0	0	0	0	0	0	0	0	0	0	0	0	0	0	0	0	0	0	0	0	0	0	0	0	0	0	0	0	0	0	0	0	0	0	0	0	0	0	0	0	0	0	3796	2562	0	0	0	0	0	448	4316	3248	0	0	0	0	0	0	0	0	0	0	0	0	0	0	0	0	0	0	0	0	0	0	0	0	0	0	0	0	0	0	0	0	860	0	46200	6698	0	14594	1290	0	4338	320	10674	6604	52032	8534	39260	7094	5150	1818	1986	0	374	122	540	6914	14302	9030	1172	0	
411188	Cerebelum_Crus2_R	0	0	0	0	0	0	0	0	0	0	0	0	0	0	0	0	0	0	0	0	0	0	0	0	0	0	0	0	0	0	0	0	0	0	0	0	0	0	0	0	0	0	0	0	0	0	1350	1828	0	0	0	0	0	192	1008	2426	0	0	0	0	0	0	0	0	0	0	0	0	0	0	0	0	0	0	0	0	0	0	0	0	0	0	0	0	0	0	0	0	0	0	4964	41720	14594	0	0	570	744	2386	1860	12974	6280	34130	3392	40244	732	4738	0	214	0	430	1826	3874	13454	6794	2870	0	
79260	Cerebelum_3_L	0	0	0	0	0	0	0	0	0	0	0	0	0	0	0	0	0	0	0	0	0	0	0	0	0	0	0	0	0	0	0	0	0	0	0	0	0	0	136	128	0	0	0	0	0	0	592	0	0	0	0	0	0	0	1132	120	0	0	0	0	0	0	0	0	0	0	0	0	0	0	0	0	0	0	0	0	0	0	0	0	0	0	0	0	0	0	0	0	114	0	3068	1316	1290	0	0	714	13620	566	3740	1490	400	0	1390	322	988	396	0	0	1966	3468	1090	1178	406	0	0	0	
92776	Cerebelum_3_R	0	0	0	0	0	0	0	0	0	0	0	0	0	0	0	0	0	0	0	0	0	0	0	0	0	0	0	0	0	0	0	0	0	0	0	0	0	0	0	242	0	0	0	0	0	0	88	404	0	0	0	0	0	0	106	478	0	0	0	0	0	0	0	0	0	0	0	0	0	0	0	0	0	0	0	0	0	0	0	0	0	0	0	0	0	0	0	0	0	0	754	6640	0	570	714	0	1924	9242	1222	8690	0	240	234	1058	364	966	0	0	1796	5692	1920	540	826	812	866	0	
468728	Cerebelum_4_5_L	0	0	0	0	0	0	0	0	0	0	0	0	0	0	0	0	0	0	0	0	0	0	0	0	0	0	0	0	0	0	0	0	0	0	0	0	92	92	474	98	0	0	0	0	0	0	15604	2620	0	0	0	0	0	0	18722	1756	0	0	0	0	0	0	0	0	0	0	0	0	0	0	0	0	0	0	0	0	0	0	0	0	0	0	0	0	0	0	0	0	860	0	32508	8756	4338	744	13620	1924	0	10570	46662	11810	3010	344	7570	1700	6122	2442	938	806	2118	4444	19602	5860	3404	2046	2128	580	
476516	Cerebelum_4_5_R	0	0	0	0	0	0	0	0	0	0	0	0	0	0	0	0	0	0	0	0	0	0	0	0	0	0	0	0	0	144	0	0	0	0	706	916	384	2880	294	3858	0	0	0	214	0	0	3588	16778	0	0	0	114	106	380	3728	16286	0	0	0	0	0	0	0	0	0	0	290	962	0	0	0	0	0	278	0	0	0	556	0	0	0	0	0	0	0	0	0	0	0	166	7776	38208	320	2386	566	9242	10570	0	12142	49876	194	1120	462	3954	858	1738	0	0	1090	4780	33708	3170	1058	992	1240	180	
832460	Cerebelum_6_L	0	0	0	0	0	0	0	0	0	0	0	0	0	0	0	0	0	0	0	0	0	0	0	0	0	0	0	0	0	0	0	0	0	0	0	0	0	0	398	0	0	0	0	0	0	0	22410	13814	0	0	434	0	832	0	45950	13172	0	0	0	0	0	0	0	0	0	0	0	0	0	0	0	0	0	0	0	0	0	0	0	0	0	0	0	0	0	0	0	0	2536	0	76332	18734	10674	1860	3740	1222	46662	12142	0	30706	5720	340	11278	2090	10286	4052	752	956	1450	1546	25190	33006	6448	4168	4670	2660	
856156	Cerebelum_6_R	0	0	0	0	0	0	0	0	0	0	0	0	0	0	0	0	0	0	0	0	0	0	0	0	0	0	0	0	0	0	0	0	0	0	0	0	0	240	0	102	0	0	0	0	0	0	6808	18362	0	0	266	116	464	930	8972	36894	0	0	0	0	0	0	0	0	0	0	0	0	0	0	0	0	0	0	0	0	0	0	0	0	0	0	0	0	0	0	0	0	0	86	23992	85194	6604	12974	1490	8690	11810	49876	30706	0	914	4222	3734	11418	7108	3052	112	280	1248	4518	34404	34298	14064	1372	1950	808	
355956	Cerebelum_7b_L	0	0	0	0	0	0	0	0	0	0	0	0	0	0	0	0	0	0	0	0	0	0	0	0	0	0	0	0	0	0	0	0	0	0	0	0	0	0	0	0	0	0	0	0	0	0	382	0	0	0	0	0	0	0	1710	0	0	0	0	0	0	0	0	0	0	0	0	0	0	0	0	0	0	0	0	0	0	0	0	0	0	0	0	0	0	0	0	0	822	0	19772	1060	52032	6280	400	0	3010	194	5720	914	0	4456	47320	4430	8380	2736	3694	0	174	0	264	1210	3626	7338	1842	212	
247332	Cerebelum_7b_R	0	0	0	0	0	0	0	0	0	0	0	0	0	0	0	0	0	0	0	0	0	0	0	0	0	0	0	0	0	0	0	0	0	0	0	0	0	0	0	0	0	0	0	0	0	0	0	0	0	0	0	0	0	0	0	660	0	0	0	0	0	0	0	0	0	0	0	0	0	0	0	0	0	0	0	0	0	0	0	0	0	0	0	0	0	0	0	0	0	0	308	15672	8534	34130	0	240	344	1120	340	4222	4456	0	1572	37106	274	2314	0	0	0	134	762	126	4714	6304	334	0	
486928	Cerebelum_8_L	0	0	0	0	0	0	0	0	0	0	0	0	0	0	0	0	0	0	0	0	0	0	0	0	0	0	0	0	0	0	0	0	0	0	0	0	0	0	0	0	0	0	0	0	0	0	550	0	0	0	0	0	0	0	2376	194	0	0	0	0	0	0	0	0	0	0	0	0	0	0	0	0	0	0	0	0	0	0	0	0	0	0	0	0	0	0	0	0	598	0	24694	3848	39260	3392	1390	234	7570	462	11278	3734	47320	1572	0	5906	33886	7126	9730	918	428	220	644	5876	9676	12772	6728	1082	
419788	Cerebelum_8_R	0	0	0	0	0	0	0	0	0	0	0	0	0	0	0	0	0	0	0	0	0	0	0	0	0	0	0	0	0	0	0	0	0	0	0	0	0	0	0	0	0	0	0	0	0	0	180	0	0	0	0	0	0	0	244	860	0	0	0	0	0	0	0	0	0	0	0	0	0	0	0	0	0	0	0	0	0	0	0	0	0	0	0	0	0	0	0	0	0	0	1676	27636	7094	40244	322	1058	1700	3954	2090	11418	4430	37106	5906	0	1296	22930	0	1462	230	546	2936	1054	11290	15312	6920	0	
286424	Cerebelum_9_L	0	0	0	0	0	0	0	0	0	0	0	0	0	0	0	0	0	0	0	0	0	0	0	0	0	0	0	0	0	0	0	0	0	0	0	0	0	0	0	0	0	0	0	0	0	0	174	536	0	0	0	0	0	0	780	602	0	0	0	0	0	0	0	0	0	0	0	0	0	0	0	0	0	0	0	0	0	0	0	0	0	0	0	0	0	0	0	0	0	0	4874	5828	5150	732	988	364	6122	858	10286	7108	8380	274	33886	1296	0	5976	11312	854	152	106	1242	11460	7852	6822	6594	2604	
227376	Cerebelum_9_R	0	0	0	0	0	0	0	0	0	0	0	0	0	0	0	0	0	0	0	0	0	0	0	0	0	0	0	0	0	0	0	0	0	0	0	0	0	0	0	0	0	0	0	0	0	0	232	88	0	0	0	0	0	0	664	186	0	0	0	0	0	0	0	0	0	0	0	0	0	0	0	0	0	0	0	0	0	0	0	0	0	0	0	0	0	0	0	0	0	0	2728	3040	1818	4738	396	966	2442	1738	4052	3052	2736	2314	7126	22930	5976	0	378	2876	810	506	1728	4288	9084	12082	11868	2846	
63416	Cerebelum_10_L	0	0	0	0	0	0	0	0	0	0	0	0	0	0	0	0	0	0	0	0	0	0	0	0	0	0	0	0	0	0	0	0	0	0	0	0	0	0	0	0	0	0	0	0	0	0	0	0	0	0	0	0	0	0	0	0	0	0	0	0	0	0	0	0	0	0	0	0	0	0	0	0	0	0	0	0	0	0	0	0	0	0	0	0	0	0	0	0	0	0	860	118	1986	0	0	0	938	0	752	112	3694	0	9730	0	11312	378	0	0	0	0	0	244	480	404	444	256	
31420	Cerebelum_10_R	0	0	0	0	0	0	0	0	0	0	0	0	0	0	0	0	0	0	0	0	0	0	0	0	0	0	0	0	0	0	0	0	0	0	0	0	0	0	0	0	0	0	0	0	0	0	0	0	0	0	0	0	0	0	140	0	0	0	0	0	0	0	0	0	0	0	0	0	0	0	0	0	0	0	0	0	0	0	0	0	0	0	0	0	0	0	0	0	0	0	928	272	0	214	0	0	806	0	956	280	0	0	918	1462	854	2876	0	0	0	0	90	688	1724	1676	1826	0	
46880	Vermis_1_2	0	0	0	0	0	0	0	0	0	0	0	0	0	0	0	0	0	0	0	0	0	0	0	0	0	0	0	0	0	0	0	0	0	0	0	0	0	0	0	0	0	0	0	0	0	0	138	0	0	0	0	0	0	0	192	138	0	0	0	0	0	0	0	0	0	0	0	0	0	0	0	0	0	0	0	0	0	0	0	0	0	0	0	0	0	0	0	0	0	0	1300	968	374	0	1966	1796	2118	1090	1450	1248	174	0	428	230	152	810	0	0	0	5240	1602	556	452	486	532	0	
84876	Vermis_3	0	0	0	0	0	0	0	0	0	0	0	0	0	0	0	0	0	0	0	0	0	0	0	0	0	0	0	0	0	0	0	0	0	0	0	0	0	90	88	0	0	0	0	0	0	0	144	0	0	0	0	0	0	0	164	216	0	0	0	0	0	0	0	0	0	0	0	0	0	0	0	0	0	0	0	0	0	0	0	0	0	0	0	0	0	0	0	0	0	0	1148	3744	122	430	3468	5692	4444	4780	1546	4518	0	134	220	546	106	506	0	0	5240	0	3394	440	430	402	426	0	
518476	Vermis_4_5	0	0	0	0	0	0	0	0	0	0	0	0	0	0	0	0	0	0	0	0	0	0	0	0	0	0	0	0	0	0	0	0	0	186	646	7930	0	990	0	1096	0	0	0	1934	0	516	7808	14712	0	0	170	212	216	410	8486	14656	0	1402	0	0	0	0	0	0	0	0	294	8104	0	1252	0	0	0	0	0	0	0	0	0	0	0	0	0	0	0	622	0	0	0	1080	16174	23798	540	1826	1090	1920	19602	33708	25190	34404	264	762	644	2936	1242	1728	0	90	1602	3394	0	9010	718	1636	2244	1994	
494452	Vermis_6	0	0	0	0	0	0	0	0	0	0	0	0	0	0	0	0	0	0	0	0	0	0	0	0	0	0	0	0	0	0	0	0	0	0	0	0	0	0	0	0	0	0	0	88	0	0	6650	13262	0	0	342	0	666	612	9268	16152	0	0	0	0	0	0	0	0	0	0	0	0	0	0	0	0	0	0	0	0	0	0	0	0	0	0	0	0	0	0	0	0	0	0	24106	21664	6914	3874	1178	540	5860	3170	33006	34298	1210	126	5876	1054	11460	4288	244	688	556	440	9010	0	15962	4988	5648	4026	
