data	data	299388	137420	931456	824088	173192	91828	577520	278376	97816	22680	239212	173188	266840	195472	180920	100012	179936	71236	811796	844300	71520	82776	414968	432364	37108	83252	78284	66092	526172	257852	261704	553944	209352	624224	64340	71876	159016	147332	49676	69684	35408	38112	221956	246092	139636	282544	204052	186216	170064	483372	405816	243504	110444	97124	256000	266240	209644	124208	104184	177000	194932	136608	126240	119516	122984	239100	219956	372500	152988	200488	189276	361220	274896	263980	41920	17264	152856	109804	59608	10700	154784	55036	74744	30960	292540	187372	28500	7852	245484	118728	312736	342340	201656	202080	15164	31144	186048	162196	326456	343112	170032	38252	212280	155640	68740	71972	6464	2852	11328	35648	175764	177076	143820	66316	48228	15600	
data	data	Precentral_L	Precentral_R	Frontal_Sup_L	Frontal_Sup_R	Frontal_Sup_Orb_L	Frontal_Sup_Orb_R	Frontal_Mid_L	Frontal_Mid_R	Frontal_Mid_Orb_L	Frontal_Mid_Orb_R	Frontal_Inf_Oper_L	Frontal_Inf_Oper_R	Frontal_Inf_Tri_L	Frontal_Inf_Tri_R	Frontal_Inf_Orb_L	Frontal_Inf_Orb_R	Rolandic_Oper_L	Rolandic_Oper_R	Supp_Motor_Area_L	Supp_Motor_Area_R	Olfactory_L	Olfactory_R	Frontal_Sup_Medial_L	Frontal_Sup_Medial_R	Frontal_Med_Orb_L	Frontal_Med_Orb_R	Rectus_L	Rectus_R	Insula_L	Insula_R	Cingulum_Ant_L	Cingulum_Ant_R	Cingulum_Mid_L	Cingulum_Mid_R	Cingulum_Post_L	Cingulum_Post_R	Hippocampus_L	Hippocampus_R	ParaHippocampal_L	ParaHippocampal_R	Amygdala_L	Amygdala_R	Calcarine_L	Calcarine_R	Cuneus_L	Cuneus_R	Lingual_L	Lingual_R	Occipital_Sup_L	Occipital_Sup_R	Occipital_Mid_L	Occipital_Mid_R	Occipital_Inf_L	Occipital_Inf_R	Fusiform_L	Fusiform_R	Postcentral_L	Postcentral_R	Parietal_Sup_L	Parietal_Sup_R	Parietal_Inf_L	Parietal_Inf_R	SupraMarginal_L	SupraMarginal_R	Angular_L	Angular_R	Precuneus_L	Precuneus_R	Paracentral_Lobule_L	Paracentral_Lobule_R	Caudate_L	Caudate_R	Putamen_L	Putamen_R	Pallidum_L	Pallidum_R	Thalamus_L	Thalamus_R	Heschl_L	Heschl_R	Temporal_Sup_L	Temporal_Sup_R	Temporal_Pole_Sup_L	Temporal_Pole_Sup_R	Temporal_Mid_L	Temporal_Mid_R	Temporal_Pole_Mid_L	Temporal_Pole_Mid_R	Temporal_Inf_L	Temporal_Inf_R	Cerebelum_Crus1_L	Cerebelum_Crus1_R	Cerebelum_Crus2_L	Cerebelum_Crus2_R	Cerebelum_3_L	Cerebelum_3_R	Cerebelum_4_5_L	Cerebelum_4_5_R	Cerebelum_6_L	Cerebelum_6_R	Cerebelum_7b_L	Cerebelum_7b_R	Cerebelum_8_L	Cerebelum_8_R	Cerebelum_9_L	Cerebelum_9_R	Cerebelum_10_L	Cerebelum_10_R	Vermis_1_2	Vermis_3	Vermis_4_5	Vermis_6	Vermis_7	Vermis_8	Vermis_9	Vermis_10	
299388	Precentral_L	0	0	14106	1482	0	0	22838	0	0	0	11130	100	2566	0	0	0	5750	0	8220	1608	0	0	690	0	0	0	0	0	7286	126	172	194	3548	480	2096	0	484	0	0	0	0	0	404	0	1050	0	222	0	254	0	1038	0	0	0	0	0	26746	0	0	0	2806	0	2312	0	0	0	1548	0	17182	0	3106	394	2450	178	938	0	3150	0	1792	0	548	0	0	0	586	0	0	0	114	0	0	0	0	0	0	0	0	0	0	0	0	0	0	0	0	0	0	0	0	0	0	0	0	0	0	0	
137420	Precentral_R	0	0	2554	6318	0	0	174	8046	0	0	112	3650	0	226	0	0	0	2172	2474	4316	0	0	0	0	0	0	0	0	152	920	180	0	0	248	0	346	0	2232	0	0	0	0	0	508	0	938	0	0	0	1566	0	736	0	0	0	482	0	16506	0	390	0	0	0	1376	0	560	0	2320	0	2684	392	976	0	2066	0	806	352	1336	0	0	0	152	0	0	0	144	0	0	0	300	0	0	0	0	0	0	0	0	0	0	0	0	0	0	0	0	0	0	0	0	0	0	0	0	0	0	
931456	Frontal_Sup_L	14106	2554	0	11464	9846	0	99364	3314	3618	0	16742	546	21798	232	8612	0	10254	216	76316	17370	0	0	48924	3204	1350	0	152	0	36290	276	14496	4402	6500	7142	354	0	1962	1374	0	0	0	0	0	0	0	0	0	0	0	0	0	0	0	0	120	0	1684	254	0	0	134	0	0	160	0	0	138	0	432	0	7492	1102	20604	1078	2680	0	4082	484	1386	0	410	0	710	0	0	0	0	0	0	0	0	0	0	0	0	0	0	0	0	0	0	0	0	0	0	0	0	0	0	0	0	0	0	0	0	0	
824088	Frontal_Sup_R	1482	6318	11464	0	0	7274	1546	39438	0	1530	1224	9242	318	11262	0	6014	190	2306	27468	64854	0	574	11974	50680	102	2070	0	1260	508	13878	2948	39838	2812	31708	0	0	0	2134	0	170	0	0	0	0	0	0	0	0	0	0	0	0	0	0	0	0	0	956	0	0	0	0	0	0	0	0	0	0	364	0	1236	27224	466	14040	138	776	404	13854	0	0	0	0	0	0	0	0	0	0	0	0	0	0	0	0	0	0	0	0	0	0	0	0	0	0	0	0	0	0	0	0	0	0	0	0	0	0	
173192	Frontal_Sup_Orb_L	0	0	9846	0	0	0	4400	0	13764	0	104	0	3180	0	15942	0	0	0	228	0	1956	0	4380	0	4794	0	8078	0	7690	0	4256	0	0	0	0	0	332	0	160	0	392	0	0	0	0	0	0	0	0	0	0	0	0	0	0	0	0	0	0	0	0	0	0	0	0	0	0	0	0	0	636	0	5912	0	0	0	0	0	0	0	0	0	546	0	0	0	0	0	0	0	0	0	0	0	0	0	0	0	0	0	0	0	0	0	0	0	0	0	0	0	0	0	0	0	0	0	
91828	Frontal_Sup_Orb_R	0	0	0	7274	0	0	0	2054	0	4292	0	0	0	0	0	2444	0	0	368	372	236	1986	292	5218	0	6776	108	7100	0	1330	120	1244	0	0	0	0	0	0	0	0	0	0	0	0	0	0	0	0	0	0	0	0	0	0	0	0	0	0	0	0	0	0	0	0	0	0	0	0	0	0	208	1634	0	2858	0	0	0	0	0	0	0	0	0	0	0	0	0	0	0	0	0	0	0	0	0	0	0	0	0	0	0	0	0	0	0	0	0	0	0	0	0	0	0	0	0	0	
577520	Frontal_Mid_L	22838	174	99364	1546	4400	0	0	334	4326	0	19006	180	42876	108	8738	0	4508	0	13098	1534	0	0	19122	456	0	0	0	0	24356	120	3904	548	2388	908	238	0	400	0	0	0	0	0	148	0	0	0	142	0	0	0	0	0	0	0	0	0	1620	0	0	0	296	0	0	0	0	0	224	0	0	0	2794	658	3894	394	564	0	1626	0	606	0	124	0	200	0	0	0	0	0	0	0	0	0	0	0	0	0	0	0	0	0	0	0	0	0	0	0	0	0	0	0	0	0	0	0	0	0	
278376	Frontal_Mid_R	0	8046	3314	39438	0	2054	334	0	0	3054	284	10840	0	13096	0	9296	0	1346	4018	6216	0	0	886	4880	0	0	0	0	224	5772	600	5638	278	4662	0	0	0	636	0	0	0	0	0	0	0	0	0	0	0	0	0	0	0	0	0	0	0	0	0	0	0	0	0	0	0	0	0	0	0	0	476	6942	0	4010	0	632	320	1896	0	0	0	0	0	0	0	0	0	0	0	0	0	0	0	0	0	0	0	0	0	0	0	0	0	0	0	0	0	0	0	0	0	0	0	0	0	0	
97816	Frontal_Mid_Orb_L	0	0	3618	0	13764	0	4326	0	0	0	0	0	4050	0	15290	0	0	0	0	0	0	0	0	0	370	0	2628	0	3470	0	200	0	0	0	0	0	0	0	0	0	0	0	0	0	0	0	0	0	0	0	0	0	0	0	0	0	0	0	0	0	0	0	0	0	0	0	0	0	0	0	0	0	856	0	0	0	0	0	0	0	0	0	336	0	0	0	0	0	0	0	0	0	0	0	0	0	0	0	0	0	0	0	0	0	0	0	0	0	0	0	0	0	0	0	0	0	
22680	Frontal_Mid_Orb_R	0	0	0	1530	0	4292	0	3054	0	0	0	0	0	148	0	1968	0	0	0	0	0	0	0	0	0	110	0	118	0	0	0	0	0	0	0	0	0	0	0	0	0	0	0	0	0	0	0	0	0	0	0	0	0	0	0	0	0	0	0	0	0	0	0	0	0	0	0	0	0	0	0	0	0	120	0	0	0	0	0	0	0	0	0	0	0	0	0	0	0	0	0	0	0	0	0	0	0	0	0	0	0	0	0	0	0	0	0	0	0	0	0	0	0	0	0	0	
239212	Frontal_Inf_Oper_L	11130	112	16742	1224	104	0	19006	284	0	0	0	298	12510	128	0	0	9186	322	8402	1240	0	0	2312	126	0	0	0	0	18760	184	752	272	120	672	120	0	954	0	0	0	0	0	0	0	0	0	0	0	0	0	0	0	0	0	150	0	1910	0	0	0	144	0	0	0	0	0	102	0	0	0	3406	616	2730	762	0	124	924	0	986	0	1114	0	1562	0	0	0	0	0	116	0	0	0	0	0	0	0	0	0	0	0	0	0	0	0	0	0	0	0	0	0	0	0	0	0	0	0	
173188	Frontal_Inf_Oper_R	100	3650	546	9242	0	0	180	10840	0	0	298	0	0	12554	0	304	0	3600	1960	7088	0	0	0	2110	0	0	0	0	0	17682	376	5556	0	642	0	0	0	548	0	0	0	0	0	0	0	0	0	0	0	0	0	0	0	0	0	0	0	922	0	0	0	0	0	0	0	0	0	0	0	0	272	1382	108	6030	0	170	0	434	0	0	0	0	0	0	0	0	0	0	0	0	0	0	0	0	0	0	0	0	0	0	0	0	0	0	0	0	0	0	0	0	0	0	0	0	0	0	
266840	Frontal_Inf_Tri_L	2566	0	21798	318	3180	0	42876	0	4050	0	12510	0	0	0	10958	0	520	0	4488	362	0	0	3848	0	0	0	0	0	21998	0	1184	212	464	274	0	0	142	0	0	0	0	0	0	0	0	0	0	0	0	0	0	0	0	0	0	0	0	0	0	0	0	0	0	0	0	0	0	0	0	0	484	0	490	0	0	0	698	0	0	0	0	0	0	0	0	0	0	0	0	0	0	0	0	0	0	0	0	0	0	0	0	0	0	0	0	0	0	0	0	0	0	0	0	0	0	0	
195472	Frontal_Inf_Tri_R	0	226	232	11262	0	0	108	13096	0	148	128	12554	0	0	0	4898	0	338	2644	6794	0	0	870	5536	0	116	0	0	0	19396	444	8440	272	5564	0	0	0	0	0	0	0	0	0	0	0	0	0	0	0	0	0	0	0	0	0	0	0	146	0	0	0	0	0	0	0	0	0	0	0	0	244	2328	0	1952	0	0	0	0	0	0	0	0	0	0	0	0	0	0	0	0	0	0	0	0	0	0	0	0	0	0	0	0	0	0	0	0	0	0	0	0	0	0	0	0	0	0	
180920	Frontal_Inf_Orb_L	0	0	8612	0	15942	0	8738	0	15290	0	0	0	10958	0	0	0	0	0	116	0	3146	0	314	0	0	0	1872	0	16732	0	680	0	118	0	0	0	712	0	230	0	722	0	0	0	0	0	0	0	0	0	0	0	0	0	0	0	0	0	0	0	0	0	0	0	0	0	0	0	0	0	474	0	3620	0	0	0	0	0	0	0	0	0	2184	0	0	0	0	0	0	0	0	0	0	0	0	0	0	0	0	0	0	0	0	0	0	0	0	0	0	0	0	0	0	0	0	0	
100012	Frontal_Inf_Orb_R	0	0	0	6014	0	2444	0	9296	0	1968	0	304	0	4898	0	0	0	0	450	1758	0	1118	1194	1602	0	0	0	1186	0	3734	1322	5836	618	4500	0	0	0	0	0	0	0	0	0	0	0	0	0	0	0	0	0	0	0	0	0	0	0	0	0	0	0	0	0	0	0	0	0	0	0	0	0	848	0	916	0	0	0	0	0	0	0	0	0	0	0	0	0	0	0	0	0	0	0	0	0	0	0	0	0	0	0	0	0	0	0	0	0	0	0	0	0	0	0	0	0	0	
179936	Rolandic_Oper_L	5750	0	10254	190	0	0	4508	0	0	0	9186	0	520	0	0	0	0	0	5300	172	0	0	106	0	0	0	0	0	20674	0	122	0	0	0	194	0	968	0	0	0	0	0	0	0	0	0	0	0	566	0	2264	0	0	0	0	0	6766	0	726	0	520	0	3010	0	130	0	412	0	1190	0	1108	184	1944	222	128	0	324	0	4594	0	5172	0	1516	0	940	0	0	0	308	0	0	0	0	0	0	0	0	0	0	0	0	0	0	0	0	0	0	0	0	0	0	0	0	0	0	0	
71236	Rolandic_Oper_R	0	2172	216	2306	0	0	0	1346	0	0	322	3600	0	338	0	0	0	0	2086	2844	0	0	0	102	0	0	0	0	128	7688	150	784	0	0	0	0	0	402	0	0	0	0	0	0	0	172	0	0	0	640	0	0	0	0	0	0	0	2694	0	364	0	256	0	2014	0	362	112	562	0	0	0	540	0	2020	0	192	0	208	0	210	0	534	0	254	0	0	0	0	0	0	0	0	0	0	0	0	0	0	0	0	0	0	0	0	0	0	0	0	0	0	0	0	0	0	0	0	
811796	Supp_Motor_Area_L	8220	2474	76316	27468	228	368	13098	4018	0	0	8402	1960	4488	2644	116	450	5300	2086	0	59416	0	0	11702	7318	0	120	0	112	13248	3932	6262	13362	13916	25362	1668	658	2722	1666	0	0	0	0	0	0	0	0	0	0	0	0	0	0	0	0	0	0	868	386	0	0	0	0	0	168	0	0	0	0	11266	0	11710	10258	20810	7200	5284	0	16278	1156	756	0	284	0	374	0	0	0	0	0	0	0	0	0	0	0	0	0	0	0	0	0	0	0	0	0	0	0	0	0	0	0	0	0	0	0	0	0	
844300	Supp_Motor_Area_R	1608	4316	17370	64854	0	372	1534	6216	0	0	1240	7088	362	6794	0	1758	172	2844	59416	0	0	0	3666	16588	0	126	0	112	474	11094	2788	20794	7320	58334	482	5960	0	1200	0	0	0	0	0	1570	0	4024	0	168	0	11634	0	3866	0	670	0	734	158	2340	0	4156	0	580	0	258	0	3922	526	12888	3696	22158	992	21234	590	7752	350	302	178	7848	0	176	0	150	0	0	0	3230	0	0	0	1118	0	0	0	0	0	0	0	0	0	0	0	0	0	0	0	0	0	0	0	0	0	0	0	0	0	0	
71520	Olfactory_L	0	0	0	0	1956	236	0	0	0	0	0	0	0	0	3146	0	0	0	0	0	0	4778	0	0	270	438	4744	1046	2838	0	2024	1446	0	0	0	0	516	0	774	0	1076	0	0	0	0	0	0	0	0	0	0	0	0	0	0	0	0	0	0	0	0	0	0	0	0	0	0	0	0	0	4834	2980	1702	0	0	0	0	0	0	0	0	0	956	0	0	0	0	0	0	0	0	0	0	0	0	0	0	0	0	0	0	0	0	0	0	0	0	0	0	0	0	0	0	0	0	0	
82776	Olfactory_R	0	0	0	574	0	1986	0	0	0	0	0	0	0	0	0	1118	0	0	0	0	4778	0	0	622	268	1588	3286	3592	0	2606	3094	3418	0	0	0	0	0	0	0	0	0	306	0	0	0	0	0	0	0	0	0	0	0	0	0	0	0	0	0	0	0	0	0	0	0	0	0	0	0	0	5578	5666	1788	1120	0	0	0	0	0	0	0	0	0	0	0	0	0	0	0	0	0	0	0	0	0	0	0	0	0	0	0	0	0	0	0	0	0	0	0	0	0	0	0	0	0	0	
414968	Frontal_Sup_Medial_L	690	0	48924	11974	4380	292	19122	886	0	0	2312	0	3848	870	314	1194	106	0	11702	3666	0	0	0	23418	2742	1122	140	0	4038	386	18642	18660	9552	14622	0	0	166	0	0	0	0	0	0	0	0	0	0	0	0	0	0	0	0	0	0	0	0	0	0	0	0	0	0	0	0	0	0	0	0	0	0	1044	1706	782	0	0	184	0	0	0	0	0	0	0	0	0	0	0	0	0	0	0	0	0	0	0	0	0	0	0	0	0	0	0	0	0	0	0	0	0	0	0	0	0	0	0	
432364	Frontal_Sup_Medial_R	0	0	3204	50680	0	5218	456	4880	0	0	126	2110	0	5536	0	1602	0	102	7318	16588	0	622	23418	0	528	6790	0	1540	0	4402	3926	35324	2732	21692	0	0	0	0	0	0	0	0	0	0	0	0	0	0	0	0	0	0	0	0	0	0	0	0	0	0	0	0	0	0	0	0	0	0	0	0	0	9822	126	7440	0	0	0	0	0	0	0	0	0	0	0	0	0	0	0	0	0	0	0	0	0	0	0	0	0	0	0	0	0	0	0	0	0	0	0	0	0	0	0	0	0	0	
37108	Frontal_Med_Orb_L	0	0	1350	102	4794	0	0	0	370	0	0	0	0	0	0	0	0	0	0	0	270	268	2742	528	0	554	2192	176	0	0	3632	484	0	0	0	0	0	0	0	0	0	0	0	0	0	0	0	0	0	0	0	0	0	0	0	0	0	0	0	0	0	0	0	0	0	0	0	0	0	0	156	276	660	0	0	0	0	0	0	0	0	0	0	0	0	0	0	0	0	0	0	0	0	0	0	0	0	0	0	0	0	0	0	0	0	0	0	0	0	0	0	0	0	0	0	0	
83252	Frontal_Med_Orb_R	0	0	0	2070	0	6776	0	0	0	110	0	0	0	116	0	0	0	0	120	126	438	1588	1122	6790	554	0	384	6614	0	100	1028	5794	0	0	0	0	0	0	0	0	0	0	0	0	0	0	0	0	0	0	0	0	0	0	0	0	0	0	0	0	0	0	0	0	0	0	0	0	0	0	410	4636	174	2676	0	0	0	0	0	0	0	0	0	0	0	0	0	0	0	0	0	0	0	0	0	0	0	0	0	0	0	0	0	0	0	0	0	0	0	0	0	0	0	0	0	0	
78284	Rectus_L	0	0	152	0	8078	108	0	0	2628	0	0	0	0	0	1872	0	0	0	0	0	4744	3286	140	0	2192	384	0	840	626	0	4486	1790	0	0	0	0	0	0	0	0	0	0	0	0	0	0	0	0	0	0	0	0	0	0	0	0	0	0	0	0	0	0	0	0	0	0	0	0	0	0	3110	2336	2160	110	0	0	0	0	0	0	0	0	100	0	0	0	0	0	0	0	0	0	0	0	0	0	0	0	0	0	0	0	0	0	0	0	0	0	0	0	0	0	0	0	0	0	
66092	Rectus_R	0	0	0	1260	0	7100	0	0	0	118	0	0	0	0	0	1186	0	0	112	112	1046	3592	0	1540	176	6614	840	0	0	1294	740	2848	0	0	0	0	0	0	0	0	0	0	0	0	0	0	0	0	0	0	0	0	0	0	0	0	0	0	0	0	0	0	0	0	0	0	0	0	0	0	476	3020	104	868	0	0	0	0	0	0	0	0	0	0	0	0	0	0	0	0	0	0	0	0	0	0	0	0	0	0	0	0	0	0	0	0	0	0	0	0	0	0	0	0	0	0	
526172	Insula_L	7286	152	36290	508	7690	0	24356	224	3470	0	18760	0	21998	0	16732	0	20674	128	13248	474	2838	0	4038	0	0	0	626	0	0	0	3586	122	552	308	720	0	9690	0	1718	0	2262	0	282	0	0	0	266	0	348	0	884	0	0	0	3490	0	4264	0	240	0	210	0	968	0	0	0	584	0	564	0	3412	192	21600	304	0	0	6788	0	8244	0	5796	0	3806	0	556	0	0	0	1838	0	0	0	0	0	0	0	0	0	0	0	0	0	0	0	0	0	0	0	0	0	0	0	0	0	0	0	
257852	Insula_R	126	920	276	13878	0	1330	120	5772	0	0	184	17682	0	19396	0	3734	0	7688	3932	11094	0	2606	386	4402	0	100	0	1294	0	0	162	5960	0	3162	0	0	0	1318	0	154	0	682	0	0	0	130	0	0	0	252	0	0	0	0	0	660	0	190	0	0	0	0	0	0	0	0	0	228	0	0	262	2984	112	13870	0	0	0	534	0	630	0	1518	0	488	0	138	0	0	0	572	0	0	0	0	0	0	0	0	0	0	0	0	0	0	0	0	0	0	0	0	0	0	0	0	0	0	
261704	Cingulum_Ant_L	172	180	14496	2948	4256	120	3904	600	200	0	752	376	1184	444	680	1322	122	150	6262	2788	2024	3094	18642	3926	3632	1028	4486	740	3586	162	0	17302	7772	6026	0	0	0	0	0	0	0	0	0	0	0	0	0	0	0	0	0	0	0	0	0	0	0	0	0	0	0	0	0	0	0	0	0	0	0	0	5250	3718	7844	664	0	0	0	0	0	0	0	0	0	0	0	0	0	0	0	0	0	0	0	0	0	0	0	0	0	0	0	0	0	0	0	0	0	0	0	0	0	0	0	0	0	0	
553944	Cingulum_Ant_R	194	0	4402	39838	0	1244	548	5638	0	0	272	5556	212	8440	0	5836	0	784	13362	20794	1446	3418	18660	35324	484	5794	1790	2848	122	5960	17302	0	5642	33798	0	0	0	336	0	0	0	0	0	0	0	0	0	0	0	0	0	0	0	0	0	0	0	0	0	0	0	0	0	0	0	0	0	0	0	0	1730	21082	710	13210	0	196	0	0	0	0	0	0	0	0	0	0	0	0	0	0	0	0	0	0	0	0	0	0	0	0	0	0	0	0	0	0	0	0	0	0	0	0	0	0	0	0	
209352	Cingulum_Mid_L	3548	0	6500	2812	0	0	2388	278	0	0	120	0	464	272	118	618	0	0	13916	7320	0	0	9552	2732	0	0	0	0	552	0	7772	5642	0	17378	2578	962	0	0	0	0	0	0	260	444	2492	700	0	182	1446	630	146	390	0	0	0	0	292	0	0	0	0	0	0	0	0	0	4090	1834	5118	1130	0	0	0	0	0	0	0	0	0	0	0	0	0	0	0	0	0	0	0	0	0	0	0	0	0	0	0	0	0	0	0	0	0	0	0	0	0	0	0	0	0	0	0	0	0	0	
624224	Cingulum_Mid_R	480	248	7142	31708	0	0	908	4662	0	0	672	642	274	5564	0	4500	0	0	25362	58334	0	0	14622	21692	0	0	0	0	308	3162	6026	33798	17378	0	526	5460	0	100	0	0	0	0	0	2346	0	4898	0	1060	0	10192	0	3850	0	554	0	400	0	526	0	2976	0	494	0	0	0	3360	1122	15508	928	14134	0	3464	0	360	0	0	0	0	0	0	0	0	0	0	0	1916	0	0	0	456	0	0	0	0	0	0	0	0	0	0	0	0	0	0	0	0	0	0	0	0	0	0	0	0	0	0	
64340	Cingulum_Post_L	2096	0	354	0	0	0	238	0	0	0	120	0	0	0	0	0	194	0	1668	482	0	0	0	0	0	0	0	0	720	0	0	0	2578	526	0	2732	4434	806	140	444	0	0	1476	0	904	0	1084	0	284	0	224	0	0	0	0	178	116	0	0	0	0	0	0	0	0	0	5646	0	1356	0	0	0	0	0	0	0	1882	358	630	0	0	0	0	0	338	0	0	0	162	0	0	0	0	0	0	0	0	0	0	0	0	0	0	0	0	0	0	0	0	0	0	0	0	0	0	0	
71876	Cingulum_Post_R	0	346	0	0	0	0	0	0	0	0	0	0	0	0	0	0	0	0	658	5960	0	0	0	0	0	0	0	0	0	0	0	0	962	5460	2732	0	0	4260	0	778	0	0	0	408	0	376	0	982	0	386	0	0	0	0	0	712	0	0	0	0	0	0	0	0	0	0	458	4374	138	2188	0	0	0	0	0	0	2822	1644	0	0	0	0	0	0	0	0	0	0	0	294	0	0	0	0	0	0	0	0	0	0	0	0	0	0	0	0	0	0	0	0	0	0	0	0	0	0	
159016	Hippocampus_L	484	0	1962	0	332	0	400	0	0	0	954	0	142	0	712	0	968	0	2722	0	516	0	166	0	0	0	0	0	9690	0	0	0	0	0	4434	0	0	0	6612	0	6578	0	1202	0	120	0	1708	0	0	0	470	0	110	0	10580	0	222	0	0	0	0	0	0	0	0	0	3762	0	0	0	120	0	6264	0	1448	0	4210	0	1488	0	2114	0	892	0	1600	0	0	0	6526	0	0	0	0	0	0	0	0	0	0	0	0	0	0	0	0	0	0	0	0	0	0	0	0	0	0	0	
147332	Hippocampus_R	0	2232	1374	2134	0	0	0	636	0	0	0	548	0	0	0	0	0	402	1666	1200	0	0	0	0	0	0	0	0	0	1318	0	336	0	100	806	4260	0	0	0	11498	0	6802	0	584	0	0	0	1634	0	0	0	0	0	1024	0	13792	0	438	0	0	0	0	0	166	0	0	0	2658	0	106	366	278	0	7376	0	128	1278	3788	0	0	0	1322	0	700	0	370	0	0	0	2346	0	0	0	0	0	0	0	0	0	0	0	0	0	0	0	0	0	0	0	0	0	0	0	0	0	0	
49676	ParaHippocampal_L	0	0	0	0	160	0	0	0	0	0	0	0	0	0	230	0	0	0	0	0	774	0	0	0	0	0	0	0	1718	0	0	0	0	0	140	0	6612	0	0	0	2468	0	612	0	0	0	2062	0	116	0	1272	0	1150	0	3688	0	0	0	0	0	0	0	0	0	0	0	460	0	0	0	0	0	388	0	0	0	0	0	0	0	188	0	728	0	472	0	248	0	396	0	0	0	0	0	376	0	204	0	186	0	0	0	0	0	0	0	0	0	0	190	0	0	0	0	0	0	
69684	ParaHippocampal_R	0	0	0	170	0	0	0	0	0	0	0	0	0	0	0	0	0	0	0	0	0	0	0	0	0	0	0	0	0	154	0	0	0	0	444	778	0	11498	0	0	0	3630	0	498	0	0	0	1624	0	0	0	0	0	1444	0	8784	0	0	0	0	0	0	0	0	0	0	0	790	0	0	0	0	0	1642	0	0	456	988	0	0	0	262	0	562	0	0	0	102	0	862	0	0	0	0	0	0	0	154	0	0	0	0	0	0	0	0	0	0	0	0	0	0	0	0	0	0	
35408	Amygdala_L	0	0	0	0	392	0	0	0	0	0	0	0	0	0	722	0	0	0	0	0	1076	0	0	0	0	0	0	0	2262	0	0	0	0	0	0	0	6578	0	2468	0	0	0	0	0	0	0	0	0	0	0	0	0	0	0	2774	0	0	0	0	0	0	0	0	0	0	0	0	0	0	0	0	0	502	0	0	0	0	0	0	0	0	0	560	0	0	0	0	0	370	0	0	0	0	0	0	0	0	0	0	0	0	0	0	0	0	0	0	0	0	0	0	0	0	0	0	0	
38112	Amygdala_R	0	0	0	0	0	0	0	0	0	0	0	0	0	0	0	0	0	0	0	0	0	306	0	0	0	0	0	0	0	682	0	0	0	0	0	0	0	6802	0	3630	0	0	0	0	0	0	0	0	0	0	0	0	0	0	0	4754	0	0	0	0	0	0	0	0	0	0	0	0	0	0	0	0	0	750	0	0	0	0	0	0	0	0	0	2132	0	0	0	0	0	0	0	0	0	0	0	0	0	0	0	0	0	0	0	0	0	0	0	0	0	0	0	0	0	0	0	0	
221956	Calcarine_L	404	0	0	0	0	0	148	0	0	0	0	0	0	0	0	0	0	0	0	0	0	0	0	0	0	0	0	0	282	0	0	0	260	0	1476	0	1202	0	612	0	0	0	0	7570	10310	6180	13234	1096	7690	3768	25622	892	10516	0	3504	0	0	0	0	0	0	0	0	0	0	0	13082	114	196	0	0	0	0	0	0	0	0	0	0	0	128	0	0	0	2494	0	0	0	198	0	0	0	0	0	0	0	0	0	0	0	0	0	0	0	0	0	0	0	0	0	0	0	0	0	0	0	
246092	Calcarine_R	0	508	0	0	0	0	0	0	0	0	0	0	0	0	0	0	0	0	0	1570	0	0	0	0	0	0	0	0	0	0	0	0	444	2346	0	408	0	584	0	498	0	0	7570	0	2438	22674	2420	17482	294	19018	190	16546	0	4284	0	2576	0	714	0	0	0	0	0	0	0	502	0	13232	224	3198	0	0	0	0	0	0	0	0	0	0	0	0	0	0	0	2464	0	0	0	746	0	0	0	0	0	0	0	0	0	0	0	0	0	0	0	0	0	0	0	0	116	0	0	0	0	0	
139636	Cuneus_L	1050	0	0	0	0	0	0	0	0	0	0	0	0	0	0	0	0	0	0	0	0	0	0	0	0	0	0	0	0	0	0	0	2492	0	904	0	120	0	0	0	0	0	10310	2438	0	2948	1862	0	16114	1288	13404	486	1124	0	196	0	0	0	312	0	630	0	318	0	418	0	10426	0	910	0	0	0	0	0	0	0	0	0	0	0	200	0	0	0	1492	0	0	0	376	0	0	0	0	0	0	0	0	0	0	0	0	0	0	0	0	0	0	0	0	0	0	0	0	0	0	0	
282544	Cuneus_R	0	938	0	0	0	0	0	0	0	0	0	0	0	0	0	0	0	172	0	4024	0	0	0	0	0	0	0	0	0	130	0	0	700	4898	0	376	0	0	0	0	0	0	6180	22674	2948	0	1518	2346	204	36156	140	13764	0	824	0	260	0	726	0	1902	0	1256	0	706	0	1170	5026	25564	0	4976	0	0	0	0	0	0	0	0	0	0	0	100	0	0	0	1368	0	0	0	226	0	0	0	0	0	0	0	0	0	0	0	0	0	0	0	0	0	0	0	0	0	0	0	0	0	0	
204052	Lingual_L	222	0	0	0	0	0	142	0	0	0	0	0	0	0	0	0	0	0	0	0	0	0	0	0	0	0	0	0	266	0	0	0	0	0	1084	0	1708	0	2062	0	0	0	13234	2420	1862	1518	0	2784	2724	1254	13386	502	7620	100	13162	270	0	0	0	0	0	0	0	0	0	0	5932	194	0	0	0	0	0	0	0	0	0	0	0	0	0	0	0	0	1386	0	0	0	136	0	3990	942	166	0	0	0	6038	444	11014	1146	0	0	0	0	0	0	0	0	0	0	1924	2394	0	0	0	0	
186216	Lingual_R	0	0	0	0	0	0	0	0	0	0	0	0	0	0	0	0	0	0	0	168	0	0	0	0	0	0	0	0	0	0	0	0	182	1060	0	982	0	1634	0	1624	0	0	1096	17482	0	2346	2784	0	0	3152	0	6174	0	8410	260	13324	0	0	0	0	0	0	0	0	0	0	0	5906	0	906	0	0	0	0	0	0	146	222	0	0	0	0	0	0	0	454	0	0	0	658	394	1408	0	0	0	0	1248	4076	1482	5478	0	0	0	0	0	0	0	0	0	0	5400	4422	230	0	0	0	
170064	Occipital_Sup_L	254	0	0	0	0	0	0	0	0	0	0	0	0	0	0	0	566	0	0	0	0	0	0	0	0	0	0	0	348	0	0	0	1446	0	284	0	0	0	116	0	0	0	7690	294	16114	204	2724	0	0	134	28166	0	1842	0	354	0	1132	0	6866	0	4882	0	1522	0	1546	0	6208	0	1040	0	0	0	0	0	0	0	0	0	0	0	630	0	0	0	670	0	0	0	0	0	0	0	0	0	0	0	0	0	0	0	0	0	0	0	0	0	0	0	0	0	0	0	0	0	0	0	
483372	Occipital_Sup_R	0	1566	0	0	0	0	0	0	0	0	0	0	0	0	0	0	0	640	0	11634	0	0	0	0	0	0	0	0	0	252	0	0	630	10192	0	386	0	0	0	0	0	0	3768	19018	1288	36156	1254	3152	134	0	0	27626	0	1520	0	572	0	4350	0	20100	0	7618	0	5910	0	23340	5270	32270	110	11410	0	0	0	0	0	0	0	0	0	0	0	852	0	0	0	8238	0	0	0	2430	0	0	0	0	0	0	0	0	0	0	0	0	0	0	0	0	0	0	0	0	0	0	0	0	0	0	
405816	Occipital_Mid_L	1038	0	0	0	0	0	0	0	0	0	0	0	0	0	0	0	2264	0	0	0	0	0	0	0	0	0	0	0	884	0	0	0	146	0	224	0	470	0	1272	0	0	0	25622	190	13404	140	13386	0	28166	0	0	0	18706	0	6520	0	3802	0	15646	0	15796	0	1986	0	9366	0	11550	0	4880	0	0	0	0	0	0	0	186	0	908	0	2978	0	0	0	18402	0	0	0	3984	0	182	0	0	0	0	0	278	0	532	0	0	0	0	0	0	0	0	0	0	0	0	0	0	0	0	0	
243504	Occipital_Mid_R	0	736	0	0	0	0	0	0	0	0	0	0	0	0	0	0	0	0	0	3866	0	0	0	0	0	0	0	0	0	0	0	0	390	3850	0	0	0	0	0	0	0	0	892	16546	486	13764	502	6174	0	27626	0	0	0	4350	0	1066	0	120	0	2128	0	4500	0	176	0	11156	336	10756	0	4064	0	0	0	0	0	0	0	0	0	0	0	0	0	0	0	7826	0	0	0	442	0	0	0	0	0	0	0	0	0	0	0	0	0	0	0	0	0	0	0	0	0	0	0	0	0	0	
110444	Occipital_Inf_L	0	0	0	0	0	0	0	0	0	0	0	0	0	0	0	0	0	0	0	0	0	0	0	0	0	0	0	0	0	0	0	0	0	0	0	0	110	0	1150	0	0	0	10516	0	1124	0	7620	0	1842	0	18706	0	0	0	9254	0	0	0	0	0	0	0	0	0	0	0	1322	0	0	0	0	0	0	0	0	0	0	0	0	0	0	0	0	0	1536	0	0	0	1712	0	102	0	0	0	0	0	0	0	228	0	0	0	0	0	0	0	0	0	0	0	0	0	0	0	0	0	
97124	Occipital_Inf_R	0	0	0	0	0	0	0	0	0	0	0	0	0	0	0	0	0	0	0	670	0	0	0	0	0	0	0	0	0	0	0	0	0	554	0	0	0	1024	0	1444	0	0	0	4284	0	824	100	8410	0	1520	0	4350	0	0	0	12220	0	0	0	100	0	204	0	228	0	300	0	2140	0	628	0	0	0	130	0	0	0	122	0	0	0	0	0	0	0	936	0	0	0	3942	0	258	0	0	0	0	0	814	214	1472	0	0	0	0	0	0	0	0	0	0	844	658	172	0	0	0	
256000	Fusiform_L	0	0	120	0	0	0	0	0	0	0	150	0	0	0	0	0	0	0	0	0	0	0	0	0	0	0	0	0	3490	0	0	0	0	0	0	0	10580	0	3688	0	2774	0	3504	0	196	0	13162	260	354	0	6520	0	9254	0	0	0	0	0	0	0	0	0	0	0	0	0	794	0	0	0	0	0	910	0	0	0	256	0	0	0	2876	0	3448	0	2390	0	1820	0	10448	0	12418	780	0	0	0	0	11968	0	22138	898	0	0	0	0	0	0	0	0	0	0	1318	1486	0	0	0	0	
266240	Fusiform_R	0	482	0	0	0	0	0	0	0	0	0	0	0	0	0	0	0	0	0	734	0	0	0	0	0	0	0	0	0	660	0	0	0	400	178	712	0	13792	0	8784	0	4754	0	2576	0	260	270	13324	0	572	0	1066	0	12220	0	0	0	0	0	0	0	0	0	126	0	150	0	1892	0	426	0	0	0	1330	0	0	140	926	0	0	0	2310	0	5580	0	2602	0	1286	0	11924	250	5232	0	0	0	0	682	9780	948	13948	0	0	0	0	0	0	0	0	0	338	8484	3636	346	0	0	0	
209644	Postcentral_L	26746	0	1684	0	0	0	1620	0	0	0	1910	0	0	0	0	0	6766	0	868	158	0	0	0	0	0	0	0	0	4264	0	0	0	292	0	116	0	222	0	0	0	0	0	0	0	0	0	0	0	1132	0	3802	0	0	0	0	0	0	0	5246	0	16082	0	14352	0	2156	0	2368	0	8114	0	1222	0	274	0	0	0	1044	0	1748	0	2178	0	0	0	336	0	0	0	122	0	0	0	0	0	0	0	0	0	0	0	0	0	0	0	0	0	0	0	0	0	0	0	0	0	0	0	
124208	Postcentral_R	0	16506	254	956	0	0	0	0	0	0	0	922	0	146	0	0	0	2694	386	2340	0	0	0	0	0	0	0	0	0	190	0	0	0	526	0	0	0	438	0	0	0	0	0	714	0	726	0	0	0	4350	0	120	0	0	0	0	0	0	0	5706	0	2672	0	8178	0	2804	442	6594	170	3798	0	0	0	142	0	0	0	142	0	0	0	188	0	0	0	0	0	0	0	0	0	0	0	0	0	0	0	0	0	0	0	0	0	0	0	0	0	0	0	0	0	0	0	0	0	0	
104184	Parietal_Sup_L	0	0	0	0	0	0	0	0	0	0	0	0	0	0	0	0	726	0	0	0	0	0	0	0	0	0	0	0	240	0	0	0	0	0	0	0	0	0	0	0	0	0	0	0	312	0	0	0	6866	0	15646	0	0	0	0	0	5246	0	0	0	10040	0	206	0	810	0	6626	0	5120	0	0	0	0	0	0	0	0	0	0	0	0	0	0	0	254	0	0	0	0	0	0	0	0	0	0	0	0	0	0	0	0	0	0	0	0	0	0	0	0	0	0	0	0	0	0	0	
177000	Parietal_Sup_R	0	390	0	0	0	0	0	0	0	0	0	0	0	0	0	0	0	364	0	4156	0	0	0	0	0	0	0	0	0	0	0	0	0	2976	0	0	0	0	0	0	0	0	0	0	0	1902	0	0	0	20100	0	2128	0	100	0	0	0	5706	0	0	0	7676	0	5248	0	18726	840	6560	152	3900	0	0	0	0	0	0	0	0	0	0	0	424	0	0	0	5038	0	0	0	2114	0	0	0	0	0	0	0	0	0	0	0	0	0	0	0	0	0	0	0	0	0	0	0	0	0	0	
194932	Parietal_Inf_L	2806	0	134	0	0	0	296	0	0	0	144	0	0	0	0	0	520	0	0	0	0	0	0	0	0	0	0	0	210	0	0	0	0	0	0	0	0	0	0	0	0	0	0	0	630	0	0	0	4882	0	15796	0	0	0	0	0	16082	0	10040	0	0	0	12906	0	18456	0	496	0	2998	0	0	0	0	0	0	0	0	0	0	0	190	0	0	0	6186	0	0	0	4694	0	0	0	0	0	0	0	0	0	0	0	0	0	0	0	0	0	0	0	0	0	0	0	0	0	0	0	
136608	Parietal_Inf_R	0	0	0	0	0	0	0	0	0	0	0	0	0	0	0	0	0	256	0	580	0	0	0	0	0	0	0	0	0	0	0	0	0	494	0	0	0	0	0	0	0	0	0	0	0	1256	0	0	0	7618	0	4500	0	204	0	0	0	2672	0	7676	0	0	0	9958	0	19110	886	3016	0	500	0	0	0	0	0	0	0	0	0	0	0	1090	0	0	0	7210	0	0	0	1278	0	0	0	0	0	0	0	0	0	0	0	0	0	0	0	0	0	0	0	0	0	0	0	0	0	0	
126240	SupraMarginal_L	2312	0	0	0	0	0	0	0	0	0	0	0	0	0	0	0	3010	0	0	0	0	0	0	0	0	0	0	0	968	0	0	0	0	0	0	0	0	0	0	0	0	0	0	0	318	0	0	0	1522	0	1986	0	0	0	0	0	14352	0	206	0	12906	0	0	0	6742	0	134	0	0	0	0	0	0	0	0	0	0	0	0	0	4824	0	0	0	7908	0	0	0	5932	0	0	0	0	0	0	0	0	0	0	0	0	0	0	0	0	0	0	0	0	0	0	0	0	0	0	0	
119516	SupraMarginal_R	0	1376	160	0	0	0	0	0	0	0	0	0	0	0	0	0	0	2014	168	258	0	0	0	0	0	0	0	0	0	0	0	0	0	0	0	0	0	166	0	0	0	0	0	0	0	706	0	0	0	5910	0	176	0	228	0	126	0	8178	0	5248	0	9958	0	0	0	9666	662	1678	0	0	0	0	0	0	0	0	0	0	0	226	0	3324	0	0	0	7818	0	0	0	1712	0	0	0	0	0	0	0	0	0	0	0	0	0	0	0	0	0	0	0	0	0	0	0	0	0	0	
122984	Angular_L	0	0	0	0	0	0	0	0	0	0	0	0	0	0	0	0	130	0	0	0	0	0	0	0	0	0	0	0	0	0	0	0	0	0	0	0	0	0	0	0	0	0	0	0	418	0	0	0	1546	0	9366	0	0	0	0	0	2156	0	810	0	18456	0	6742	0	0	0	108	0	934	0	0	0	0	0	0	0	0	0	0	0	294	0	0	0	12192	0	0	0	8340	0	0	0	0	0	0	0	0	0	0	0	0	0	0	0	0	0	0	0	0	0	0	0	0	0	0	0	
239100	Angular_R	0	560	0	0	0	0	0	0	0	0	0	0	0	0	0	0	0	362	0	3922	0	0	0	0	0	0	0	0	0	0	0	0	0	3360	0	0	0	0	0	0	0	0	0	502	0	1170	0	0	0	23340	0	11156	0	300	0	150	0	2804	0	18726	0	19110	0	9666	0	0	260	2650	0	3152	0	0	0	0	0	0	0	0	0	0	0	2284	0	0	0	12806	0	0	0	3270	0	0	0	0	0	0	0	0	0	0	0	0	0	0	0	0	0	0	0	0	0	0	0	0	0	0	
219956	Precuneus_L	1548	0	138	0	0	0	224	0	0	0	102	0	0	0	0	0	412	112	0	526	0	0	0	0	0	0	0	0	584	0	0	0	4090	1122	5646	458	3762	0	460	0	0	0	13082	0	10426	5026	5932	0	6208	5270	11550	336	1322	0	794	0	2368	442	6626	840	496	886	134	662	108	260	0	8144	4340	454	0	0	0	0	0	0	242	0	250	0	320	0	0	0	3640	108	0	0	528	0	0	0	0	0	0	0	0	0	0	0	0	0	0	0	0	0	0	0	0	0	0	0	0	0	0	0	
372500	Precuneus_R	0	2320	0	0	0	0	0	0	0	0	0	0	0	0	0	0	0	562	0	12888	0	0	0	0	0	0	0	0	0	228	0	0	1834	15508	0	4374	0	2658	0	790	0	0	114	13232	0	25564	194	5906	0	32270	0	10756	0	2140	0	1892	0	6594	0	6560	0	3016	0	1678	0	2650	8144	0	550	16860	0	0	0	0	0	0	0	0	0	0	0	404	0	0	0	4022	0	0	0	2380	0	0	0	0	0	0	0	0	0	0	0	0	0	0	0	0	0	0	0	0	162	0	0	0	0	0	
152988	Paracentral_Lobule_L	17182	0	432	364	0	0	0	0	0	0	0	0	0	0	0	0	1190	0	11266	3696	0	0	0	0	0	0	0	0	564	0	0	0	5118	928	1356	138	0	0	0	0	0	0	196	224	910	0	0	0	1040	110	4880	0	0	0	0	0	8114	170	5120	152	2998	0	0	0	934	0	4340	550	0	742	274	0	0	0	0	0	2214	566	0	0	118	0	0	0	504	0	0	0	104	0	0	0	0	0	0	0	0	0	0	0	0	0	0	0	0	0	0	0	0	0	0	0	0	0	0	0	
200488	Paracentral_Lobule_R	0	2684	0	0	0	0	0	0	0	0	0	0	0	0	0	0	0	0	0	22158	0	0	0	0	0	0	0	0	0	0	0	0	1130	14134	0	2188	0	106	0	0	0	0	0	3198	0	4976	0	906	0	11410	0	4064	0	628	0	426	0	3798	0	3900	0	500	0	0	0	3152	454	16860	742	0	0	0	0	0	0	0	0	0	0	0	0	0	0	0	0	2168	0	0	0	662	0	0	0	0	0	0	0	0	0	0	0	0	0	0	0	0	0	0	0	0	0	0	0	0	0	0	
189276	Caudate_L	3106	392	7492	1236	636	208	2794	476	0	0	3406	272	484	244	474	0	1108	0	11710	992	4834	5578	0	0	156	410	3110	476	3412	262	5250	1730	0	0	0	0	120	366	0	0	0	0	0	0	0	0	0	0	0	0	0	0	0	0	0	0	1222	0	0	0	0	0	0	0	0	0	0	0	274	0	0	6820	10154	1546	1438	0	12284	0	0	0	0	0	166	0	0	0	0	0	0	0	0	0	0	0	0	0	0	0	0	0	0	0	0	0	0	0	0	0	0	0	0	0	0	0	0	0	
361220	Caudate_R	394	976	1102	27224	0	1634	658	6942	0	0	616	1382	0	2328	0	848	184	540	10258	21234	2980	5666	1044	9822	276	4636	2336	3020	192	2984	3718	21082	0	3464	0	0	0	278	0	0	0	0	0	0	0	0	0	0	0	0	0	0	0	0	0	0	0	0	0	0	0	0	0	0	0	0	0	0	0	0	6820	0	2320	19992	0	2348	0	11312	0	0	0	0	0	0	0	0	0	0	0	0	0	0	0	0	0	0	0	0	0	0	0	0	0	0	0	0	0	0	0	0	0	0	0	0	0	0	
274896	Putamen_L	2450	0	20604	466	5912	0	3894	0	856	0	2730	108	490	0	3620	0	1944	0	20810	590	1702	1788	1706	126	660	174	2160	104	21600	112	7844	710	0	0	0	0	6264	0	388	0	502	0	0	0	0	0	0	0	0	0	0	0	0	0	910	0	274	0	0	0	0	0	0	0	0	0	0	0	0	0	10154	2320	0	454	6138	0	5784	0	102	0	470	0	204	0	0	0	0	0	324	0	0	0	0	0	0	0	0	0	0	0	0	0	0	0	0	0	0	0	0	0	0	0	0	0	0	0	
263980	Putamen_R	178	2066	1078	14040	0	2858	394	4010	0	120	762	6030	0	1952	0	916	222	2020	7200	7752	0	1120	782	7440	0	2676	110	868	304	13870	664	13210	0	360	0	0	0	7376	0	1642	0	750	0	0	0	0	0	0	0	0	0	0	0	130	0	1330	0	142	0	0	0	0	0	0	0	0	0	0	0	0	1546	19992	454	0	0	2958	0	2402	0	0	0	0	0	266	0	0	0	0	0	0	0	0	0	0	0	0	0	0	0	0	0	0	0	0	0	0	0	0	0	0	0	0	0	0	0	0	
41920	Pallidum_L	938	0	2680	138	0	0	564	0	0	0	0	0	0	0	0	0	128	0	5284	350	0	0	0	0	0	0	0	0	0	0	0	0	0	0	0	0	1448	0	0	0	0	0	0	0	0	0	0	0	0	0	0	0	0	0	0	0	0	0	0	0	0	0	0	0	0	0	0	0	0	0	1438	0	6138	0	0	0	1854	0	0	0	0	0	0	0	0	0	0	0	0	0	0	0	0	0	0	0	0	0	0	0	0	0	0	0	0	0	0	0	0	0	0	0	0	0	0	0	
17264	Pallidum_R	0	806	0	776	0	0	0	632	0	0	124	170	0	0	0	0	0	192	0	302	0	0	0	0	0	0	0	0	0	0	0	196	0	0	0	0	0	128	0	0	0	0	0	0	0	0	0	0	0	0	0	0	0	0	0	0	0	0	0	0	0	0	0	0	0	0	0	0	0	0	0	2348	0	2958	0	0	0	0	0	0	0	0	0	0	0	0	0	0	0	0	0	0	0	0	0	0	0	0	0	0	0	0	0	0	0	0	0	0	0	0	0	0	0	0	0	0	
152856	Thalamus_L	3150	352	4082	404	0	0	1626	320	0	0	924	0	698	0	0	0	324	0	16278	178	0	0	184	0	0	0	0	0	6788	0	0	0	0	0	1882	2822	4210	1278	0	456	0	0	0	0	0	0	0	146	0	0	186	0	0	0	256	140	1044	0	0	0	0	0	0	0	0	0	242	0	2214	0	12284	0	5784	0	1854	0	0	4540	522	0	246	0	0	0	520	0	0	0	494	0	0	0	0	0	0	0	0	0	0	0	0	0	0	0	0	0	0	0	0	0	0	0	0	0	0	0	
109804	Thalamus_R	0	1336	484	13854	0	0	0	1896	0	0	0	434	0	0	0	0	0	208	1156	7848	0	0	0	0	0	0	0	0	0	534	0	0	0	0	358	1644	0	3788	0	988	0	0	0	0	0	0	0	222	0	0	0	0	0	122	0	926	0	142	0	0	0	0	0	0	0	0	0	0	566	0	0	11312	0	2402	0	0	4540	0	0	0	0	0	0	0	0	0	0	0	0	142	0	0	0	0	0	0	0	0	0	0	0	0	0	0	0	0	0	0	0	0	0	0	0	0	0	0	
59608	Heschl_L	1792	0	1386	0	0	0	606	0	0	0	986	0	0	0	0	0	4594	0	756	0	0	0	0	0	0	0	0	0	8244	0	0	0	0	0	630	0	1488	0	0	0	0	0	0	0	0	0	0	0	0	0	908	0	0	0	0	0	1748	0	0	0	0	0	0	0	0	0	250	0	0	0	0	0	102	0	0	0	522	0	0	0	1550	0	0	0	2500	0	0	0	1742	0	0	0	0	0	0	0	0	0	0	0	0	0	0	0	0	0	0	0	0	0	0	0	0	0	0	0	
10700	Heschl_R	0	0	0	0	0	0	0	0	0	0	0	0	0	0	0	0	0	210	0	176	0	0	0	0	0	0	0	0	0	630	0	0	0	0	0	0	0	0	0	0	0	0	0	0	0	0	0	0	0	0	0	0	0	0	0	0	0	0	0	0	0	0	0	226	0	0	0	0	0	0	0	0	0	0	0	0	0	0	0	0	0	3566	0	0	0	400	0	0	0	142	0	0	0	0	0	0	0	0	0	0	0	0	0	0	0	0	0	0	0	0	0	0	0	0	0	0	
154784	Temporal_Sup_L	548	0	410	0	0	0	124	0	0	0	1114	0	0	0	0	0	5172	0	284	0	0	0	0	0	0	0	0	0	5796	0	0	0	0	0	0	0	2114	0	188	0	0	0	128	0	200	0	0	0	630	0	2978	0	0	0	2876	0	2178	0	0	0	190	0	4824	0	294	0	320	0	118	0	0	0	470	0	0	0	246	0	1550	0	0	0	2398	0	24872	0	0	0	17370	0	0	0	0	0	0	0	0	0	0	0	0	0	0	0	0	0	0	0	0	0	0	0	0	0	0	0	
55036	Temporal_Sup_R	0	152	0	0	0	0	0	0	0	0	0	0	0	0	0	0	0	534	0	150	0	0	0	0	0	0	0	0	0	1518	0	0	0	0	0	0	0	1322	0	262	0	0	0	0	0	100	0	0	0	852	0	0	0	0	0	2310	0	188	0	424	0	1090	0	3324	0	2284	0	404	0	0	0	0	0	0	0	0	0	0	0	3566	0	0	0	1020	0	6522	0	0	0	1496	0	0	0	0	0	0	0	0	0	0	0	0	0	0	0	0	0	0	0	0	0	0	0	0	0	0	
74744	Temporal_Pole_Sup_L	0	0	710	0	546	0	200	0	336	0	1562	0	0	0	2184	0	1516	0	374	0	956	0	0	0	0	0	100	0	3806	0	0	0	0	0	0	0	892	0	728	0	560	0	0	0	0	0	0	0	0	0	0	0	0	0	3448	0	0	0	0	0	0	0	0	0	0	0	0	0	0	0	166	0	204	0	0	0	0	0	0	0	2398	0	0	0	5726	0	4108	0	6852	0	0	0	0	0	0	0	0	0	0	0	0	0	0	0	0	0	0	0	0	0	0	0	0	0	0	0	
30960	Temporal_Pole_Sup_R	0	0	0	0	0	0	0	0	0	0	0	0	0	0	0	0	0	254	0	0	0	0	0	0	0	0	0	0	0	488	0	0	0	0	0	0	0	700	0	562	0	2132	0	0	0	0	0	0	0	0	0	0	0	0	0	5580	0	0	0	0	0	0	0	0	0	0	0	0	0	0	0	0	0	266	0	0	0	0	0	0	0	1020	0	0	0	948	0	1140	0	2390	0	0	0	0	0	0	0	0	0	0	0	0	0	0	0	0	0	0	0	0	0	0	0	0	0	0	
292540	Temporal_Mid_L	586	0	0	0	0	0	0	0	0	0	0	0	0	0	0	0	940	0	0	0	0	0	0	0	0	0	0	0	556	0	0	0	0	0	338	0	1600	0	472	0	0	0	2494	0	1492	0	1386	0	670	0	18402	0	1536	0	2390	0	336	0	254	0	6186	0	7908	0	12192	0	3640	0	504	0	0	0	0	0	0	0	520	0	2500	0	24872	0	5726	0	0	0	4340	0	44430	0	0	0	0	0	0	0	0	0	0	0	0	0	0	0	0	0	0	0	0	0	0	0	0	0	0	0	
187372	Temporal_Mid_R	0	144	0	0	0	0	0	0	0	0	0	0	0	0	0	0	0	0	0	3230	0	0	0	0	0	0	0	0	0	138	0	0	0	1916	0	0	0	370	0	0	0	0	0	2464	0	1368	0	454	0	8238	0	7826	0	936	0	2602	0	0	0	5038	0	7210	0	7818	0	12806	108	4022	0	2168	0	0	0	0	0	0	0	0	0	400	0	6522	0	948	0	0	0	538	0	16422	0	0	0	0	0	0	0	0	0	0	0	0	0	0	0	0	0	0	0	0	0	0	0	0	0	0	
28500	Temporal_Pole_Mid_L	0	0	0	0	0	0	0	0	0	0	0	0	0	0	0	0	0	0	0	0	0	0	0	0	0	0	0	0	0	0	0	0	0	0	0	0	0	0	248	0	0	0	0	0	0	0	0	0	0	0	0	0	0	0	1820	0	0	0	0	0	0	0	0	0	0	0	0	0	0	0	0	0	0	0	0	0	0	0	0	0	0	0	4108	0	4340	0	0	0	3734	0	0	0	0	0	0	0	0	0	0	0	0	0	0	0	0	0	0	0	0	0	0	0	0	0	0	0	
7852	Temporal_Pole_Mid_R	0	0	0	0	0	0	0	0	0	0	0	0	0	0	0	0	0	0	0	0	0	0	0	0	0	0	0	0	0	0	0	0	0	0	0	0	0	0	0	102	0	0	0	0	0	0	0	0	0	0	0	0	0	0	0	1286	0	0	0	0	0	0	0	0	0	0	0	0	0	0	0	0	0	0	0	0	0	0	0	0	0	0	0	1140	0	538	0	0	0	860	0	0	0	0	0	0	0	0	0	0	0	0	0	0	0	0	0	0	0	0	0	0	0	0	0	0	
245484	Temporal_Inf_L	114	0	0	0	0	0	0	0	0	0	116	0	0	0	0	0	308	0	0	0	0	0	0	0	0	0	0	0	1838	0	0	0	0	0	162	0	6526	0	396	0	370	0	198	0	376	0	136	0	0	0	3984	0	1712	0	10448	0	122	0	0	0	4694	0	5932	0	8340	0	528	0	104	0	0	0	324	0	0	0	494	0	1742	0	17370	0	6852	0	44430	0	3734	0	0	0	1284	0	0	0	0	0	0	0	108	0	0	0	0	0	0	0	0	0	0	0	0	0	0	0	0	0	
118728	Temporal_Inf_R	0	300	0	0	0	0	0	0	0	0	0	0	0	0	0	0	0	0	0	1118	0	0	0	0	0	0	0	0	0	572	0	0	0	456	0	294	0	2346	0	862	0	0	0	746	0	226	0	658	0	2430	0	442	0	3942	0	11924	0	0	0	2114	0	1278	0	1712	0	3270	0	2380	0	662	0	0	0	0	0	0	0	142	0	142	0	1496	0	2390	0	16422	0	860	0	0	0	180	0	0	0	0	0	0	0	0	0	0	0	0	0	0	0	0	0	0	0	0	0	0	0	0	
312736	Cerebelum_Crus1_L	0	0	0	0	0	0	0	0	0	0	0	0	0	0	0	0	0	0	0	0	0	0	0	0	0	0	0	0	0	0	0	0	0	0	0	0	0	0	0	0	0	0	0	0	0	0	3990	394	0	0	182	0	102	0	12418	250	0	0	0	0	0	0	0	0	0	0	0	0	0	0	0	0	0	0	0	0	0	0	0	0	0	0	0	0	0	0	0	0	1284	0	0	2740	24850	3090	558	0	14840	112	47466	2618	13208	0	14344	0	2076	0	0	0	0	0	1560	4292	5548	446	0	0	
342340	Cerebelum_Crus1_R	0	0	0	0	0	0	0	0	0	0	0	0	0	0	0	0	0	0	0	0	0	0	0	0	0	0	0	0	0	0	0	0	0	0	0	0	0	0	0	0	0	0	0	0	0	0	942	1408	0	0	0	0	0	258	780	5232	0	0	0	0	0	0	0	0	0	0	0	0	0	0	0	0	0	0	0	0	0	0	0	0	0	0	0	0	0	0	0	0	0	180	2740	0	2010	26112	0	1664	688	11994	5788	46584	340	2066	1546	20542	130	2528	0	0	0	1220	6848	14330	10736	2690	1814	0	
201656	Cerebelum_Crus2_L	0	0	0	0	0	0	0	0	0	0	0	0	0	0	0	0	0	0	0	0	0	0	0	0	0	0	0	0	0	0	0	0	0	0	0	0	0	0	0	0	0	0	0	0	0	0	166	0	0	0	0	0	0	0	0	0	0	0	0	0	0	0	0	0	0	0	0	0	0	0	0	0	0	0	0	0	0	0	0	0	0	0	0	0	0	0	0	0	0	0	24850	2010	0	8162	0	0	164	0	2568	454	25674	344	22866	716	2640	0	0	0	0	0	0	668	7824	1722	0	0	
202080	Cerebelum_Crus2_R	0	0	0	0	0	0	0	0	0	0	0	0	0	0	0	0	0	0	0	0	0	0	0	0	0	0	0	0	0	0	0	0	0	0	0	0	0	0	0	0	0	0	0	0	0	0	0	0	0	0	0	0	0	0	0	0	0	0	0	0	0	0	0	0	0	0	0	0	0	0	0	0	0	0	0	0	0	0	0	0	0	0	0	0	0	0	0	0	0	0	3090	26112	8162	0	0	0	104	0	1512	2958	3676	7988	5886	22496	110	1468	0	0	0	0	0	1270	12676	3052	480	0	
15164	Cerebelum_3_L	0	0	0	0	0	0	0	0	0	0	0	0	0	0	0	0	0	0	0	0	0	0	0	0	0	0	0	0	0	0	0	0	0	0	0	0	0	0	376	0	0	0	0	0	0	0	0	0	0	0	0	0	0	0	0	0	0	0	0	0	0	0	0	0	0	0	0	0	0	0	0	0	0	0	0	0	0	0	0	0	0	0	0	0	0	0	0	0	0	0	558	0	0	0	0	0	3404	0	1134	0	0	0	0	0	838	0	0	0	754	378	140	0	0	0	0	0	
31144	Cerebelum_3_R	0	0	0	0	0	0	0	0	0	0	0	0	0	0	0	0	0	0	0	0	0	0	0	0	0	0	0	0	0	0	0	0	0	0	0	0	0	0	0	0	0	0	0	0	0	0	0	0	0	0	0	0	0	0	0	0	0	0	0	0	0	0	0	0	0	0	0	0	0	0	0	0	0	0	0	0	0	0	0	0	0	0	0	0	0	0	0	0	0	0	0	1664	0	0	0	0	0	5076	0	5182	0	0	0	0	0	232	0	0	220	2772	426	0	0	0	0	0	
186048	Cerebelum_4_5_L	0	0	0	0	0	0	0	0	0	0	0	0	0	0	0	0	0	0	0	0	0	0	0	0	0	0	0	0	0	0	0	0	0	0	0	0	0	0	204	0	0	0	0	0	0	0	6038	1248	0	0	278	0	0	0	11968	682	0	0	0	0	0	0	0	0	0	0	0	0	0	0	0	0	0	0	0	0	0	0	0	0	0	0	0	0	0	0	0	0	0	0	14840	688	164	104	3404	0	0	954	33370	1392	404	0	668	0	3084	828	242	0	0	0	7922	2254	502	0	942	844	
162196	Cerebelum_4_5_R	0	0	0	0	0	0	0	0	0	0	0	0	0	0	0	0	0	0	0	0	0	0	0	0	0	0	0	0	0	0	0	0	0	0	0	0	0	0	0	154	0	0	0	0	0	0	444	4076	0	0	0	0	0	814	0	9780	0	0	0	0	0	0	0	0	0	0	0	0	0	0	0	0	0	0	0	0	0	0	0	0	0	0	0	0	0	0	0	0	0	0	112	11994	0	0	0	5076	954	0	498	27734	0	0	0	176	0	200	0	0	0	3554	14914	618	0	0	0	0	
326456	Cerebelum_6_L	0	0	0	0	0	0	0	0	0	0	0	0	0	0	0	0	0	0	0	0	0	0	0	0	0	0	0	0	0	0	0	0	0	0	0	0	0	0	186	0	0	0	0	0	0	0	11014	1482	0	0	532	0	228	214	22138	948	0	0	0	0	0	0	0	0	0	0	0	0	0	0	0	0	0	0	0	0	0	0	0	0	0	0	0	0	0	0	0	0	108	0	47466	5788	2568	1512	1134	0	33370	498	0	6576	2840	0	4838	0	1514	0	124	0	0	0	4228	9776	3870	110	166	0	
343112	Cerebelum_6_R	0	0	0	0	0	0	0	0	0	0	0	0	0	0	0	0	0	0	0	0	0	0	0	0	0	0	0	0	0	0	0	0	0	0	0	0	0	0	0	0	0	0	0	0	0	0	1146	5478	0	0	0	0	0	1472	898	13948	0	0	0	0	0	0	0	0	0	0	0	0	0	0	0	0	0	0	0	0	0	0	0	0	0	0	0	0	0	0	0	0	0	0	2618	46584	454	2958	0	5182	1392	27734	6576	0	170	194	698	4202	0	1786	0	176	166	3382	16292	18144	5574	2392	1940	0	
170032	Cerebelum_7b_L	0	0	0	0	0	0	0	0	0	0	0	0	0	0	0	0	0	0	0	0	0	0	0	0	0	0	0	0	0	0	0	0	0	0	0	0	0	0	0	0	0	0	0	0	0	0	0	0	0	0	0	0	0	0	0	0	0	0	0	0	0	0	0	0	0	0	0	0	0	0	0	0	0	0	0	0	0	0	0	0	0	0	0	0	0	0	0	0	0	0	13208	340	25674	3676	0	0	404	0	2840	170	0	194	26862	430	4202	0	0	0	0	0	0	376	4236	2266	138	0	
38252	Cerebelum_7b_R	0	0	0	0	0	0	0	0	0	0	0	0	0	0	0	0	0	0	0	0	0	0	0	0	0	0	0	0	0	0	0	0	0	0	0	0	0	0	0	0	0	0	0	0	0	0	0	0	0	0	0	0	0	0	0	0	0	0	0	0	0	0	0	0	0	0	0	0	0	0	0	0	0	0	0	0	0	0	0	0	0	0	0	0	0	0	0	0	0	0	0	2066	344	7988	0	0	0	0	0	194	194	0	248	7254	0	296	0	0	0	0	0	0	336	206	0	0	
212280	Cerebelum_8_L	0	0	0	0	0	0	0	0	0	0	0	0	0	0	0	0	0	0	0	0	0	0	0	0	0	0	0	0	0	0	0	0	0	0	0	0	0	0	0	0	0	0	0	0	0	0	0	0	0	0	0	0	0	0	0	0	0	0	0	0	0	0	0	0	0	0	0	0	0	0	0	0	0	0	0	0	0	0	0	0	0	0	0	0	0	0	0	0	0	0	14344	1546	22866	5886	0	0	668	0	4838	698	26862	248	0	1412	11426	336	516	0	0	0	268	1328	7368	4388	1142	0	
155640	Cerebelum_8_R	0	0	0	0	0	0	0	0	0	0	0	0	0	0	0	0	0	0	0	0	0	0	0	0	0	0	0	0	0	0	0	0	0	0	0	0	0	0	0	0	0	0	0	0	0	0	0	0	0	0	0	0	0	0	0	0	0	0	0	0	0	0	0	0	0	0	0	0	0	0	0	0	0	0	0	0	0	0	0	0	0	0	0	0	0	0	0	0	0	0	0	20542	716	22496	0	0	0	176	0	4202	430	7254	1412	0	0	12194	0	250	0	0	262	522	2486	3722	1156	0	
68740	Cerebelum_9_L	0	0	0	0	0	0	0	0	0	0	0	0	0	0	0	0	0	0	0	0	0	0	0	0	0	0	0	0	0	0	0	0	0	0	0	0	0	0	0	0	0	0	0	0	0	0	0	0	0	0	0	0	0	0	0	0	0	0	0	0	0	0	0	0	0	0	0	0	0	0	0	0	0	0	0	0	0	0	0	0	0	0	0	0	0	0	0	0	0	0	2076	130	2640	110	838	0	3084	0	1514	0	4202	0	11426	0	0	792	2350	0	0	0	1814	1124	218	390	1130	532	
71972	Cerebelum_9_R	0	0	0	0	0	0	0	0	0	0	0	0	0	0	0	0	0	0	0	0	0	0	0	0	0	0	0	0	0	0	0	0	0	0	0	0	0	0	0	0	0	0	0	0	0	0	0	0	0	0	0	0	0	0	0	0	0	0	0	0	0	0	0	0	0	0	0	0	0	0	0	0	0	0	0	0	0	0	0	0	0	0	0	0	0	0	0	0	0	0	0	2528	0	1468	0	232	828	200	0	1786	0	296	336	12194	792	0	0	1000	618	608	2468	3168	186	1818	3898	1562	
6464	Cerebelum_10_L	0	0	0	0	0	0	0	0	0	0	0	0	0	0	0	0	0	0	0	0	0	0	0	0	0	0	0	0	0	0	0	0	0	0	0	0	0	0	0	0	0	0	0	0	0	0	0	0	0	0	0	0	0	0	0	0	0	0	0	0	0	0	0	0	0	0	0	0	0	0	0	0	0	0	0	0	0	0	0	0	0	0	0	0	0	0	0	0	0	0	0	0	0	0	0	0	242	0	124	0	0	0	516	0	2350	0	0	0	0	0	0	0	0	0	0	0	
2852	Cerebelum_10_R	0	0	0	0	0	0	0	0	0	0	0	0	0	0	0	0	0	0	0	0	0	0	0	0	0	0	0	0	0	0	0	0	0	0	0	0	0	0	0	0	0	0	0	0	0	0	0	0	0	0	0	0	0	0	0	0	0	0	0	0	0	0	0	0	0	0	0	0	0	0	0	0	0	0	0	0	0	0	0	0	0	0	0	0	0	0	0	0	0	0	0	0	0	0	0	0	0	0	0	176	0	0	0	250	0	1000	0	0	0	0	0	0	0	0	0	0	
11328	Vermis_1_2	0	0	0	0	0	0	0	0	0	0	0	0	0	0	0	0	0	0	0	0	0	0	0	0	0	0	0	0	0	0	0	0	0	0	0	0	0	0	0	0	0	0	0	0	0	0	0	0	0	0	0	0	0	0	0	0	0	0	0	0	0	0	0	0	0	0	0	0	0	0	0	0	0	0	0	0	0	0	0	0	0	0	0	0	0	0	0	0	0	0	0	0	0	0	754	220	0	0	0	166	0	0	0	0	0	618	0	0	0	3578	154	0	0	0	0	174	
35648	Vermis_3	0	0	0	0	0	0	0	0	0	0	0	0	0	0	0	0	0	0	0	0	0	0	0	0	0	0	0	0	0	0	0	0	0	0	0	0	0	0	190	0	0	0	0	0	0	0	0	0	0	0	0	0	0	0	0	338	0	0	0	0	0	0	0	0	0	0	0	0	0	0	0	0	0	0	0	0	0	0	0	0	0	0	0	0	0	0	0	0	0	0	0	1220	0	0	378	2772	0	3554	0	3382	0	0	0	0	0	608	0	0	3578	0	1486	0	0	0	108	210	
175764	Vermis_4_5	0	0	0	0	0	0	0	0	0	0	0	0	0	0	0	0	0	0	0	0	0	0	0	0	0	0	0	0	0	0	0	0	0	0	0	0	0	0	0	0	0	0	0	116	0	0	1924	5400	0	0	0	0	0	844	1318	8484	0	0	0	0	0	0	0	0	0	0	0	162	0	0	0	0	0	0	0	0	0	0	0	0	0	0	0	0	0	0	0	0	0	0	1560	6848	0	0	140	426	7922	14914	4228	16292	0	0	268	262	1814	2468	0	0	154	1486	0	6266	102	354	2168	1962	
177076	Vermis_6	0	0	0	0	0	0	0	0	0	0	0	0	0	0	0	0	0	0	0	0	0	0	0	0	0	0	0	0	0	0	0	0	0	0	0	0	0	0	0	0	0	0	0	0	0	0	2394	4422	0	0	0	0	0	658	1486	3636	0	0	0	0	0	0	0	0	0	0	0	0	0	0	0	0	0	0	0	0	0	0	0	0	0	0	0	0	0	0	0	0	0	0	4292	14330	668	1270	0	0	2254	618	9776	18144	376	0	1328	522	1124	3168	0	0	0	0	6266	0	4370	2190	3830	1416	
143820	Vermis_7	0	0	0	0	0	0	0	0	0	0	0	0	0	0	0	0	0	0	0	0	0	0	0	0	0	0	0	0	0	0	0	0	0	0	0	0	0	0	0	0	0	0	0	0	0	0	0	230	0	0	0	0	0	172	0	346	0	0	0	0	0	0	0	0	0	0	0	0	0	0	0	0	0	0	0	0	0	0	0	0	0	0	0	0	0	0	0	0	0	0	5548	10736	7824	12676	0	0	502	0	3870	5574	4236	336	7368	2486	218	186	0	0	0	0	102	4370	0	4220	910	0	
66316	Vermis_8	0	0	0	0	0	0	0	0	0	0	0	0	0	0	0	0	0	0	0	0	0	0	0	0	0	0	0	0	0	0	0	0	0	0	0	0	0	0	0	0	0	0	0	0	0	0	0	0	0	0	0	0	0	0	0	0	0	0	0	0	0	0	0	0	0	0	0	0	0	0	0	0	0	0	0	0	0	0	0	0	0	0	0	0	0	0	0	0	0	0	446	2690	1722	3052	0	0	0	0	110	2392	2266	206	4388	3722	390	1818	0	0	0	0	354	2190	4220	0	3192	0	
48228	Vermis_9	0	0	0	0	0	0	0	0	0	0	0	0	0	0	0	0	0	0	0	0	0	0	0	0	0	0	0	0	0	0	0	0	0	0	0	0	0	0	0	0	0	0	0	0	0	0	0	0	0	0	0	0	0	0	0	0	0	0	0	0	0	0	0	0	0	0	0	0	0	0	0	0	0	0	0	0	0	0	0	0	0	0	0	0	0	0	0	0	0	0	0	1814	0	480	0	0	942	0	166	1940	138	0	1142	1156	1130	3898	0	0	0	108	2168	3830	910	3192	0	1100	
15600	Vermis_10	0	0	0	0	0	0	0	0	0	0	0	0	0	0	0	0	0	0	0	0	0	0	0	0	0	0	0	0	0	0	0	0	0	0	0	0	0	0	0	0	0	0	0	0	0	0	0	0	0	0	0	0	0	0	0	0	0	0	0	0	0	0	0	0	0	0	0	0	0	0	0	0	0	0	0	0	0	0	0	0	0	0	0	0	0	0	0	0	0	0	0	0	0	0	0	0	844	0	0	0	0	0	0	0	532	1562	0	0	174	210	1962	1416	0	0	1100	0	
