data	data	622272	244044	948072	774800	117320	69772	609964	283452	102436	56144	246796	171912	293736	173996	248640	151356	174008	91136	822812	775348	68916	86364	372828	419564	36196	159324	93344	105712	506256	276356	349556	470748	141400	553616	157580	189176	276972	344248	108952	262972	39624	49464	250572	312196	170924	331276	375752	415732	220816	314520	473468	213780	175308	137796	480292	619108	417876	226984	183356	83380	212564	143984	112928	125748	167120	133852	387288	374176	297996	232660	315508	363348	270724	352764	39432	16556	135088	186940	78488	30848	197776	90616	98056	46984	332460	215424	37428	17216	292072	223124	636940	415280	310960	317104	73128	115180	413180	275776	547184	437512	321296	164172	420804	355564	172860	193324	28508	23760	61984	187100	448920	229360	265728	290520	203180	100308	
data	data	Precentral_L	Precentral_R	Frontal_Sup_L	Frontal_Sup_R	Frontal_Sup_Orb_L	Frontal_Sup_Orb_R	Frontal_Mid_L	Frontal_Mid_R	Frontal_Mid_Orb_L	Frontal_Mid_Orb_R	Frontal_Inf_Oper_L	Frontal_Inf_Oper_R	Frontal_Inf_Tri_L	Frontal_Inf_Tri_R	Frontal_Inf_Orb_L	Frontal_Inf_Orb_R	Rolandic_Oper_L	Rolandic_Oper_R	Supp_Motor_Area_L	Supp_Motor_Area_R	Olfactory_L	Olfactory_R	Frontal_Sup_Medial_L	Frontal_Sup_Medial_R	Frontal_Med_Orb_L	Frontal_Med_Orb_R	Rectus_L	Rectus_R	Insula_L	Insula_R	Cingulum_Ant_L	Cingulum_Ant_R	Cingulum_Mid_L	Cingulum_Mid_R	Cingulum_Post_L	Cingulum_Post_R	Hippocampus_L	Hippocampus_R	ParaHippocampal_L	ParaHippocampal_R	Amygdala_L	Amygdala_R	Calcarine_L	Calcarine_R	Cuneus_L	Cuneus_R	Lingual_L	Lingual_R	Occipital_Sup_L	Occipital_Sup_R	Occipital_Mid_L	Occipital_Mid_R	Occipital_Inf_L	Occipital_Inf_R	Fusiform_L	Fusiform_R	Postcentral_L	Postcentral_R	Parietal_Sup_L	Parietal_Sup_R	Parietal_Inf_L	Parietal_Inf_R	SupraMarginal_L	SupraMarginal_R	Angular_L	Angular_R	Precuneus_L	Precuneus_R	Paracentral_Lobule_L	Paracentral_Lobule_R	Caudate_L	Caudate_R	Putamen_L	Putamen_R	Pallidum_L	Pallidum_R	Thalamus_L	Thalamus_R	Heschl_L	Heschl_R	Temporal_Sup_L	Temporal_Sup_R	Temporal_Pole_Sup_L	Temporal_Pole_Sup_R	Temporal_Mid_L	Temporal_Mid_R	Temporal_Pole_Mid_L	Temporal_Pole_Mid_R	Temporal_Inf_L	Temporal_Inf_R	Cerebelum_Crus1_L	Cerebelum_Crus1_R	Cerebelum_Crus2_L	Cerebelum_Crus2_R	Cerebelum_3_L	Cerebelum_3_R	Cerebelum_4_5_L	Cerebelum_4_5_R	Cerebelum_6_L	Cerebelum_6_R	Cerebelum_7b_L	Cerebelum_7b_R	Cerebelum_8_L	Cerebelum_8_R	Cerebelum_9_L	Cerebelum_9_R	Cerebelum_10_L	Cerebelum_10_R	Vermis_1_2	Vermis_3	Vermis_4_5	Vermis_6	Vermis_7	Vermis_8	Vermis_9	Vermis_10	
622272	Precentral_L	0	9452	28356	4668	0	0	39284	3272	564	0	20230	1376	4738	658	1440	594	10196	0	16742	14496	0	0	1598	236	0	0	0	0	10540	136	2882	666	234	6742	1684	1842	5330	930	134	206	0	0	112	0	0	0	0	0	0	0	976	0	346	0	472	222	32202	198	460	0	4852	0	1866	0	2166	0	438	0	14358	5928	12382	5096	5914	174	2688	0	16694	5370	2920	0	2634	0	0	0	2082	0	0	0	1230	0	130	0	0	0	0	0	0	0	0	0	0	0	0	0	0	0	0	0	0	0	0	0	0	0	0	0	
244044	Precentral_R	9452	0	848	3158	0	0	2140	7066	0	0	262	4200	430	514	328	0	0	948	1456	4066	0	0	0	0	0	0	0	0	1372	1740	0	0	0	1472	502	1688	1550	4980	226	1664	0	0	0	218	0	242	0	272	0	246	0	0	0	280	126	2860	1360	11354	0	0	136	262	98	482	0	98	96	540	4954	5720	3872	10828	574	2250	0	160	1834	19230	118	182	92	466	0	0	0	1226	0	0	0	1784	0	0	0	0	0	0	0	0	0	0	0	0	0	0	0	0	0	0	0	0	0	0	0	0	0	0	
948072	Frontal_Sup_L	28356	848	0	13722	5344	134	75218	2510	4530	0	16794	434	16314	100	10936	0	10926	0	87480	14784	102	0	41440	10156	678	1318	2398	384	25848	0	17824	9604	4382	6082	128	128	5096	170	220	0	0	0	0	0	0	0	0	0	0	0	426	0	0	0	486	0	6732	0	564	0	1882	0	526	0	920	0	102	0	596	454	7874	1256	23668	586	5242	0	1514	246	1422	0	3600	0	1020	0	300	0	0	0	232	0	0	0	0	0	0	0	0	0	0	0	0	0	0	0	0	0	0	0	0	0	0	0	0	0	0	0	
774800	Frontal_Sup_R	4668	3158	13722	0	0	2540	4770	40118	0	170	356	12288	1142	11404	690	6680	0	4588	23918	65474	0	114	13362	41678	376	10046	0	2778	1458	9344	8232	31282	796	24286	0	124	156	2392	0	1160	0	0	0	0	0	0	0	0	0	0	0	0	0	0	0	1066	948	1658	0	0	392	0	232	110	0	0	0	0	788	88	3364	10932	1262	15024	0	1298	88	5914	0	102	0	374	0	0	0	108	0	0	0	382	0	0	0	0	0	0	0	0	0	0	0	0	0	0	0	0	0	0	0	0	0	0	0	0	0	0	
117320	Frontal_Sup_Orb_L	0	0	5344	0	0	0	1314	0	10546	0	0	0	180	0	9150	0	0	0	0	0	2686	848	2588	422	3460	476	9434	268	2044	0	3334	224	0	0	0	0	0	0	248	0	402	0	0	0	0	0	0	0	0	0	0	0	0	0	0	0	0	0	0	0	0	0	0	0	0	0	0	0	0	0	1952	692	2486	0	0	0	0	0	0	0	0	0	562	0	0	0	0	0	0	0	0	0	0	0	0	0	0	0	0	0	0	0	0	0	0	0	0	0	0	0	0	0	0	0	0	0	
69772	Frontal_Sup_Orb_R	0	0	134	2540	0	0	0	1168	0	4808	0	0	0	850	0	4730	0	0	0	0	0	2182	278	1942	754	4794	322	6562	0	562	560	372	0	0	0	0	0	0	0	0	0	240	0	0	0	0	0	0	0	0	0	0	0	0	0	0	0	0	0	0	0	0	0	0	0	0	0	0	0	0	0	644	0	1444	0	0	0	0	0	0	0	0	0	0	0	0	0	0	0	0	0	0	0	0	0	0	0	0	0	0	0	0	0	0	0	0	0	0	0	0	0	0	0	0	0	0	
609964	Frontal_Mid_L	39284	2140	75218	4770	1314	0	0	2816	6030	0	17158	1466	33404	542	11790	480	1666	0	23474	3608	168	0	14878	1480	0	138	300	0	12454	88	5630	1338	2102	1756	0	98	1454	202	0	0	0	0	0	0	0	0	0	0	0	0	252	0	0	0	138	114	5230	134	218	0	3448	0	660	0	918	0	0	0	166	0	10194	2486	6030	194	556	0	2904	504	1746	0	422	0	850	0	334	0	0	0	238	0	0	0	0	0	0	0	0	0	0	0	0	0	0	0	0	0	0	0	0	0	0	0	0	0	0	0	
283452	Frontal_Mid_R	3272	7066	2510	40118	0	1168	2816	0	0	1106	114	12284	458	17684	420	3438	0	196	4236	7398	0	0	1062	5670	0	172	0	0	832	5142	744	4374	0	3794	0	0	160	1448	0	770	0	0	0	0	0	0	0	0	0	0	0	0	0	0	0	756	678	1358	0	0	238	0	0	0	0	0	0	0	0	0	2598	758	470	3418	0	342	0	2030	264	0	0	100	0	0	0	0	0	0	0	264	0	0	0	0	0	0	0	0	0	0	0	0	0	0	0	0	0	0	0	0	0	0	0	0	0	0	
102436	Frontal_Mid_Orb_L	564	0	4530	0	10546	0	6030	0	0	0	196	0	2850	0	16616	0	0	0	248	0	398	298	0	0	404	0	2574	122	2018	0	168	0	0	0	0	0	0	0	0	0	0	0	0	0	0	0	0	0	0	0	0	0	0	0	0	0	0	0	0	0	174	0	0	0	0	0	0	0	0	0	394	264	1872	0	0	0	0	0	0	0	0	0	952	0	0	0	0	0	0	0	0	0	0	0	0	0	0	0	0	0	0	0	0	0	0	0	0	0	0	0	0	0	0	0	0	0	
56144	Frontal_Mid_Orb_R	0	0	0	170	0	4808	0	1106	0	0	0	0	0	914	0	10994	0	0	0	164	0	1686	0	0	0	0	0	2278	0	1744	0	0	0	0	0	0	0	586	0	272	0	362	0	0	0	0	0	0	0	0	0	0	0	0	0	206	0	0	0	0	0	0	0	0	0	0	0	0	0	0	0	686	0	2096	0	0	0	0	0	0	0	0	0	0	0	0	0	0	0	0	0	0	0	0	0	0	0	0	0	0	0	0	0	0	0	0	0	0	0	0	0	0	0	0	0	0	
246796	Frontal_Inf_Oper_L	20230	262	16794	356	0	0	17158	114	196	0	0	0	13632	0	1018	0	8662	0	12682	196	0	0	1390	128	0	0	0	0	15050	0	1502	288	144	250	0	0	712	0	0	0	0	0	0	0	0	0	0	0	0	0	0	0	0	0	124	0	4674	0	0	0	370	0	0	0	0	0	0	0	0	0	1026	410	1308	0	0	0	190	0	944	0	2594	0	994	0	0	0	0	0	0	0	0	0	0	0	0	0	0	0	0	0	0	0	0	0	0	0	0	0	0	0	0	0	0	0	0	0	
171912	Frontal_Inf_Oper_R	1376	4200	434	12288	0	0	1466	12284	0	0	0	0	164	8164	152	494	0	4320	1064	8972	0	0	0	556	0	0	0	0	552	10498	216	1060	0	730	0	0	134	2180	0	1112	0	0	0	0	0	0	0	0	0	0	0	0	0	0	0	954	298	2546	0	0	310	0	0	0	0	0	0	0	0	0	1318	390	382	6312	0	0	0	474	260	0	0	200	0	0	0	0	0	0	0	96	0	0	0	0	0	0	0	0	0	0	0	0	0	0	0	0	0	0	0	0	0	0	0	0	0	0	
293736	Frontal_Inf_Tri_L	4738	430	16314	1142	180	0	33404	458	2850	0	13632	164	0	0	24504	0	1348	0	9294	1038	0	0	870	188	0	122	0	0	23142	0	1796	526	130	104	0	0	260	0	0	0	0	0	0	0	0	0	0	0	0	0	0	0	0	0	0	0	754	0	0	0	140	0	0	0	0	0	0	0	0	0	2618	966	3332	196	0	0	0	418	238	0	254	0	1318	0	0	0	0	0	0	0	0	0	0	0	0	0	0	0	0	0	0	0	0	0	0	0	0	0	0	0	0	0	0	0	0	0	
173996	Frontal_Inf_Tri_R	658	514	100	11404	0	850	542	17684	0	914	0	8164	0	0	0	12106	0	0	1918	7480	0	0	304	1626	0	116	0	0	116	12292	96	2202	0	2930	0	0	0	218	0	128	0	0	0	0	0	0	0	0	0	0	0	0	0	0	0	0	0	0	0	0	0	0	0	0	0	0	0	0	0	0	880	2136	0	1620	0	0	0	0	0	0	0	0	0	0	0	0	0	0	0	0	0	0	0	0	0	0	0	0	0	0	0	0	0	0	0	0	0	0	0	0	0	0	0	0	0	0	
248640	Frontal_Inf_Orb_L	1440	328	10936	690	9150	0	11790	420	16616	0	1018	152	24504	0	0	0	0	0	4944	632	2298	484	0	144	0	88	2688	212	18848	0	1562	440	0	0	0	0	0	0	252	0	410	0	0	0	0	0	0	0	0	0	0	0	0	0	0	0	260	0	0	0	284	0	0	0	0	0	0	0	0	0	2822	1166	5142	150	0	0	0	400	0	0	0	0	4050	0	0	0	0	0	0	0	0	0	0	0	0	0	0	0	0	0	0	0	0	0	0	0	0	0	0	0	0	0	0	0	0	0	
151356	Frontal_Inf_Orb_R	594	0	0	6680	0	4730	480	3438	0	10994	0	494	0	12106	0	0	0	0	638	4140	0	3246	216	750	0	0	0	3150	132	7700	0	1060	0	1562	0	0	0	1132	0	560	0	982	0	0	0	0	0	0	0	0	0	0	0	0	0	376	0	0	0	0	0	0	0	0	0	0	0	0	0	0	852	4442	0	4938	0	0	0	0	0	0	0	0	0	286	0	0	0	0	0	0	0	0	0	0	0	0	0	0	0	0	0	0	0	0	0	0	0	0	0	0	0	0	0	0	0	0	
174008	Rolandic_Oper_L	10196	0	10926	0	0	0	1666	0	0	0	8662	0	1348	0	0	0	0	0	10226	0	0	0	0	0	0	0	0	0	14102	0	0	0	0	0	0	0	286	0	0	0	0	0	0	0	0	0	0	0	0	0	702	0	358	0	604	0	7828	0	0	0	318	0	2154	0	134	0	0	0	148	0	0	0	0	0	0	0	88	0	3658	0	7410	0	338	0	3654	0	0	0	1980	0	218	0	0	0	0	0	0	0	0	0	0	0	0	0	0	0	0	0	0	0	0	0	0	0	0	0	
91136	Rolandic_Oper_R	0	948	0	4588	0	0	0	196	0	0	0	4320	0	0	0	0	0	0	0	5436	0	0	0	0	0	0	0	0	0	10202	0	0	0	0	0	0	0	1482	0	1028	0	0	0	106	0	0	0	88	0	0	0	0	0	0	0	1234	0	2992	0	0	0	218	0	3652	0	0	0	0	0	0	0	134	0	3030	0	252	0	108	0	3028	0	1976	0	0	0	0	0	0	0	550	0	0	0	0	0	0	0	0	0	0	0	0	0	0	0	0	0	0	0	0	0	0	0	0	0	0	
822812	Supp_Motor_Area_L	16742	1456	87480	23918	0	0	23474	4236	248	0	12682	1064	9294	1918	4944	638	10226	0	0	53156	0	0	9110	9810	0	544	0	266	25682	766	10630	9928	9766	30196	484	152	3646	0	330	0	110	0	0	0	0	0	0	0	0	0	186	0	0	0	678	0	4882	150	0	0	632	0	0	0	198	0	276	0	10802	360	8104	982	13134	664	1340	0	336	212	688	0	4034	0	636	0	0	0	0	0	216	0	0	0	0	0	0	0	0	0	0	0	0	0	0	0	0	0	0	0	0	0	0	0	0	0	0	0	
775348	Supp_Motor_Area_R	14496	4066	14784	65474	0	0	3608	7398	0	164	196	8972	1038	7480	632	4140	0	5436	53156	0	0	0	2302	10500	0	320	0	0	1248	9544	2792	12008	4180	51102	2686	2714	106	2718	0	1178	0	0	0	240	0	1566	0	226	0	786	0	92	0	134	0	1440	3928	1434	0	374	602	0	358	88	0	0	698	2926	19522	16204	2884	18104	524	12578	0	1820	0	5662	0	90	0	418	0	0	0	116	0	0	0	422	0	0	0	0	0	0	0	0	0	0	0	0	0	0	0	0	0	0	0	0	0	0	0	0	0	0	
68916	Olfactory_L	0	0	102	0	2686	0	168	0	398	0	0	0	0	0	2298	0	0	0	0	0	0	4454	0	0	134	0	3800	1154	2672	0	2036	1344	0	0	0	0	0	0	592	0	888	0	0	0	0	0	0	0	0	0	0	0	0	0	0	0	0	0	0	0	0	0	0	0	0	0	0	0	0	0	5422	4748	974	336	0	0	0	0	0	0	0	0	252	0	0	0	0	0	0	0	0	0	0	0	0	0	0	0	0	0	0	0	0	0	0	0	0	0	0	0	0	0	0	0	0	0	
86364	Olfactory_R	0	0	0	114	848	2182	0	0	298	1686	0	0	0	0	484	3246	0	0	0	0	4454	0	0	120	92	394	2932	4624	0	2880	1148	1322	0	0	0	0	0	180	0	276	0	1484	0	0	0	0	0	0	0	0	0	0	0	0	0	0	0	0	0	0	0	0	0	0	0	0	0	0	0	0	5724	6818	928	538	0	0	0	0	0	0	0	0	0	410	0	0	0	0	0	0	0	0	0	0	0	0	0	0	0	0	0	0	0	0	0	0	0	0	0	0	0	0	0	0	0	0	
372828	Frontal_Sup_Medial_L	1598	0	41440	13362	2588	278	14878	1062	0	0	1390	0	870	304	0	216	0	0	9110	2302	0	0	0	26494	2244	2436	1670	468	182	0	21674	19238	5444	12402	0	0	0	0	0	0	0	0	0	0	0	0	0	0	0	0	0	0	0	0	0	0	0	0	0	0	0	0	0	0	0	0	0	0	0	0	948	244	3126	446	0	0	0	0	0	0	0	0	0	0	0	0	0	0	0	0	0	0	0	0	0	0	0	0	0	0	0	0	0	0	0	0	0	0	0	0	0	0	0	0	0	0	
419564	Frontal_Sup_Medial_R	236	0	10156	41678	422	1942	1480	5670	0	0	128	556	188	1626	144	750	0	0	9810	10500	0	120	26494	0	1286	14034	96	3866	254	930	10956	30250	792	18284	0	0	0	188	0	0	0	0	0	0	0	0	0	0	0	0	0	0	0	0	0	0	0	0	0	0	0	0	0	0	0	0	0	0	0	0	802	5288	1042	9814	0	0	0	0	0	0	0	0	0	0	0	0	0	0	0	0	0	0	0	0	0	0	0	0	0	0	0	0	0	0	0	0	0	0	0	0	0	0	0	0	0	0	
36196	Frontal_Med_Orb_L	0	0	678	376	3460	754	0	0	404	0	0	0	0	0	0	0	0	0	0	0	134	92	2244	1286	0	2450	1672	298	0	0	3248	660	0	0	0	0	0	0	0	0	0	0	0	0	0	0	0	0	0	0	0	0	0	0	0	0	0	0	0	0	0	0	0	0	0	0	0	0	0	0	238	0	104	0	0	0	0	0	0	0	0	0	0	0	0	0	0	0	0	0	0	0	0	0	0	0	0	0	0	0	0	0	0	0	0	0	0	0	0	0	0	0	0	0	0	0	
159324	Frontal_Med_Orb_R	0	0	1318	10046	476	4794	138	172	0	0	0	0	122	116	88	0	0	0	544	320	0	394	2436	14034	2450	0	598	8636	222	346	6130	11696	0	176	0	0	0	134	0	0	0	0	0	0	0	0	0	0	0	0	0	0	0	0	0	0	0	0	0	0	0	0	0	0	0	0	0	0	0	0	602	4606	598	8470	0	0	0	0	0	0	0	0	0	0	0	0	0	0	0	0	0	0	0	0	0	0	0	0	0	0	0	0	0	0	0	0	0	0	0	0	0	0	0	0	0	0	
93344	Rectus_L	0	0	2398	0	9434	322	300	0	2574	0	0	0	0	0	2688	0	0	0	0	0	3800	2932	1670	96	1672	598	0	1308	410	0	4376	688	0	0	0	0	0	0	172	0	242	0	0	0	0	0	0	0	0	0	0	0	0	0	0	0	0	0	0	0	0	0	0	0	0	0	0	0	0	0	5044	2602	3212	0	0	0	0	0	0	0	0	0	134	0	0	0	0	0	0	0	0	0	0	0	0	0	0	0	0	0	0	0	0	0	0	0	0	0	0	0	0	0	0	0	0	0	
105712	Rectus_R	0	0	384	2778	268	6562	0	0	122	2278	0	0	0	0	212	3150	0	0	266	0	1154	4624	468	3866	298	8636	1308	0	164	692	2304	4638	0	0	0	0	0	0	0	0	0	406	0	0	0	0	0	0	0	0	0	0	0	0	0	0	0	0	0	0	0	0	0	0	0	0	0	0	0	0	1372	3856	382	2668	0	0	0	0	0	0	0	0	0	0	0	0	0	0	0	0	0	0	0	0	0	0	0	0	0	0	0	0	0	0	0	0	0	0	0	0	0	0	0	0	0	0	
506256	Insula_L	10540	1372	25848	1458	2044	0	12454	832	2018	0	15050	552	23142	116	18848	132	14102	0	25682	1248	2672	0	182	254	0	222	410	164	0	0	1446	488	0	0	424	378	15776	374	1776	0	3808	0	0	0	0	0	0	0	0	0	250	0	468	0	4562	0	4978	0	0	0	284	0	1502	0	0	0	188	0	112	0	4820	1288	14338	246	0	0	1686	718	8636	0	10620	0	5272	0	3784	0	0	0	5342	0	222	0	0	0	0	0	0	0	0	0	0	0	0	0	0	0	0	0	0	0	0	0	0	0	0	0	
276356	Insula_R	136	1740	0	9344	0	562	88	5142	0	1744	0	10498	0	12292	0	7700	0	10202	766	9544	0	2880	0	930	0	346	0	692	0	0	0	334	0	662	0	318	112	12372	0	6406	0	3134	0	92	0	0	0	332	0	0	0	0	0	298	0	6850	0	1842	0	0	0	178	0	1530	0	0	0	328	0	0	0	758	0	17444	0	0	0	698	0	1718	0	4106	0	1568	0	938	0	0	0	1416	0	0	0	0	0	0	0	138	0	0	0	0	0	0	0	0	0	0	0	0	0	0	0	0	0	0	
349556	Cingulum_Ant_L	2882	0	17824	8232	3334	560	5630	744	168	0	1502	216	1796	96	1562	0	0	0	10630	2792	2036	1148	21674	10956	3248	6130	4376	2304	1446	0	0	26974	3782	5950	0	0	0	0	0	0	0	0	0	0	0	0	0	0	0	0	0	0	0	0	0	0	218	0	0	0	100	0	0	0	0	0	0	0	0	0	9260	5482	7386	4340	0	0	0	0	0	0	0	0	0	0	0	0	0	0	0	0	0	0	0	0	0	0	0	0	0	0	0	0	0	0	0	0	0	0	0	0	0	0	0	0	0	0	
470748	Cingulum_Ant_R	666	0	9604	31282	224	372	1338	4374	0	0	288	1060	526	2202	440	1060	0	0	9928	12008	1344	1322	19238	30250	660	11696	688	4638	488	334	26974	0	2332	21728	0	0	0	0	0	0	0	0	0	0	0	0	0	0	0	0	0	0	0	0	0	0	0	0	0	0	0	0	0	0	0	0	0	0	0	0	3946	17492	2604	14054	0	0	0	214	0	0	0	0	0	0	0	0	0	0	0	0	0	0	0	0	0	0	0	0	0	0	0	0	0	0	0	0	0	0	0	0	0	0	0	0	0	0	
141400	Cingulum_Mid_L	234	0	4382	796	0	0	2102	0	0	0	144	0	130	0	0	0	0	0	9766	4180	0	0	5444	792	0	0	0	0	0	0	3782	2332	0	12954	2330	836	0	0	0	0	0	0	96	0	326	134	0	0	558	100	2538	0	788	0	0	0	654	0	1038	0	850	0	0	0	558	0	5180	1692	4916	646	0	0	0	0	0	0	0	0	0	0	0	0	0	0	422	0	0	0	0	0	0	0	0	0	0	0	0	0	0	0	0	0	0	0	0	0	0	0	0	0	0	0	0	0	0	0	
553616	Cingulum_Mid_R	6742	1472	6082	24286	0	0	1756	3794	0	0	250	730	104	2930	0	1562	0	0	30196	51102	0	0	12402	18284	0	176	0	0	0	662	5950	21728	12954	0	4424	7260	0	192	0	144	0	0	0	1082	350	3136	0	738	0	1916	326	378	248	404	0	918	2682	1962	0	612	0	94	0	0	0	92	2548	10524	13956	17678	450	378	276	276	0	0	0	206	0	0	0	0	0	0	144	0	0	0	0	252	0	0	0	0	0	0	0	0	0	0	0	0	0	0	0	0	0	0	0	0	0	0	0	0	0	0	
157580	Cingulum_Post_L	1684	502	128	0	0	0	0	0	0	0	0	0	0	0	0	0	0	0	484	2686	0	0	0	0	0	0	0	0	424	0	0	0	2330	4424	0	9298	4666	2910	2116	1768	0	0	3568	146	1326	142	1474	108	692	0	414	0	0	0	3122	1376	3708	626	150	0	0	0	150	0	0	0	10576	1504	7916	3636	0	0	0	0	0	0	124	950	266	0	442	0	0	0	350	0	0	0	2404	98	102	0	0	0	0	0	0	0	0	0	0	0	0	0	0	0	0	0	0	0	0	0	0	0	0	0	
189176	Cingulum_Post_R	1842	1688	128	124	0	0	98	0	0	0	0	0	0	0	0	0	0	0	152	2714	0	0	0	0	0	0	0	0	378	318	0	0	836	7260	9298	0	3556	7832	1888	5916	0	0	0	2086	0	680	776	2812	0	544	0	222	0	210	0	7084	190	5814	0	226	0	120	0	88	0	0	568	12216	1412	8964	130	0	0	0	0	0	632	1818	440	0	0	0	0	0	96	366	0	0	142	2606	0	0	0	0	0	0	0	0	0	0	0	0	0	0	0	0	0	0	0	0	318	0	0	0	0	0	
276972	Hippocampus_L	5330	1550	5096	156	0	0	1454	160	0	0	712	134	260	0	0	0	286	0	3646	106	0	0	0	0	0	0	0	0	15776	112	0	0	0	0	4666	3556	0	4370	12074	2218	6630	0	2332	0	0	0	5996	0	0	0	712	0	420	0	11950	1732	480	0	0	0	0	0	0	0	0	0	4076	234	648	0	1256	142	6752	0	1112	0	6498	2840	2908	0	5106	0	2200	0	2616	0	96	0	10088	0	0	0	0	0	0	0	0	0	0	0	0	0	0	0	0	0	0	0	0	0	0	0	0	0	0	0	
344248	Hippocampus_R	930	4980	170	2392	0	0	202	1448	0	586	0	2180	0	218	0	1132	0	1482	0	2718	0	180	0	188	0	134	0	0	374	12372	0	0	0	192	2910	7832	4370	0	2380	32896	0	8208	0	988	0	0	856	3680	0	0	0	0	0	512	0	31466	0	1626	0	0	0	0	0	610	0	0	246	5370	130	688	186	92	0	14688	0	290	1436	5214	446	448	0	1640	0	1350	0	734	0	0	146	5062	0	368	0	236	0	0	0	1860	0	758	0	0	0	0	0	0	0	0	0	0	524	0	0	0	0	0	
108952	ParaHippocampal_L	134	226	220	0	248	0	0	0	0	0	0	0	0	0	252	0	0	0	330	0	592	0	0	0	0	0	172	0	1776	0	0	0	0	0	2116	1888	12074	2380	0	1610	1896	0	770	0	0	0	6622	118	0	0	814	0	592	0	6876	1190	0	0	0	0	0	0	0	0	0	0	2100	224	0	0	0	0	302	0	0	0	1100	1212	0	0	888	0	1062	0	212	0	716	0	1838	0	0	0	0	0	292	0	1126	0	508	0	0	0	0	0	0	0	0	0	0	0	0	0	0	0	0	0	
262972	ParaHippocampal_R	206	1664	0	1160	0	0	0	770	0	272	0	1112	0	128	0	560	0	1028	0	1178	0	276	0	0	0	0	0	0	0	6406	0	0	0	144	1768	5916	2218	32896	1610	0	0	4260	0	1094	0	0	570	5346	0	0	0	0	0	572	0	26924	0	1146	0	0	0	0	0	568	0	0	140	5836	0	760	0	0	0	7568	0	254	706	2292	0	312	0	738	0	1472	0	296	0	586	0	4308	0	748	0	504	0	0	0	3230	0	1348	0	0	0	0	0	0	0	0	0	0	596	0	0	0	0	0	
39624	Amygdala_L	0	0	0	0	402	0	0	0	0	0	0	0	0	0	410	0	0	0	110	0	888	0	0	0	0	0	242	0	3808	0	0	0	0	0	0	0	6630	0	1896	0	0	0	0	0	0	0	0	0	0	0	0	0	0	0	2052	0	0	0	0	0	0	0	0	0	0	0	0	0	0	0	166	0	772	0	0	0	168	0	0	0	0	0	1532	0	0	0	168	0	568	0	0	0	0	0	0	0	0	0	0	0	0	0	0	0	0	0	0	0	0	0	0	0	0	0	0	0	
49464	Amygdala_R	0	0	0	0	0	240	0	0	0	362	0	0	0	0	0	982	0	0	0	0	0	1484	0	0	0	0	0	406	0	3134	0	0	0	0	0	0	0	8208	0	4260	0	0	0	0	0	0	0	0	0	0	0	0	0	0	0	3206	0	0	0	0	0	0	0	0	0	0	0	0	0	0	0	0	0	1260	0	0	0	0	0	0	0	0	0	1190	0	0	0	0	0	0	0	0	0	0	0	0	0	0	0	0	0	0	0	0	0	0	0	0	0	0	0	0	0	0	0	0	
250572	Calcarine_L	112	0	0	0	0	0	0	0	0	0	0	0	0	0	0	0	0	0	0	0	0	0	0	0	0	0	0	0	0	0	0	0	96	0	3568	0	2332	0	770	0	0	0	0	7846	13306	6122	17704	2788	13290	3978	18194	202	4090	88	4154	534	1188	0	246	0	0	0	0	0	0	0	16340	726	2508	0	0	0	0	0	0	0	0	0	0	0	134	0	0	0	2384	0	0	0	1986	0	132	0	0	0	0	0	0	0	164	0	0	0	0	0	0	0	0	0	0	0	168	136	0	0	0	0	
312196	Calcarine_R	0	218	0	0	0	0	0	0	0	0	0	0	0	0	0	0	0	106	0	240	0	0	0	0	0	0	0	0	0	92	0	0	0	1082	146	2086	0	988	0	1094	0	0	7846	0	3486	26466	1578	22422	184	26332	0	12156	0	4654	0	16420	0	2064	0	194	0	952	0	608	0	1162	1136	15896	110	706	0	0	0	0	0	0	0	0	0	0	0	132	0	0	0	2048	0	0	0	2764	0	124	0	0	0	0	0	158	0	0	0	0	0	0	0	0	0	0	0	0	448	0	0	0	0	0	
170924	Cuneus_L	0	0	0	0	0	0	0	0	0	0	0	0	0	0	0	0	0	0	0	0	0	0	0	0	0	0	0	0	0	0	0	0	326	350	1326	0	0	0	0	0	0	0	13306	3486	0	8358	2438	114	19680	3222	8408	320	640	0	402	0	952	0	1984	0	0	0	0	0	0	0	11334	3798	2848	128	0	0	0	0	0	0	0	0	0	0	0	0	0	0	1294	0	0	0	748	0	0	0	0	0	0	0	0	0	0	0	0	0	0	0	0	0	0	0	0	0	0	0	0	0	0	0	
331276	Cuneus_R	0	242	0	0	0	0	0	0	0	0	0	0	0	0	0	0	0	0	0	1566	0	0	0	0	0	0	0	0	0	0	0	0	134	3136	142	680	0	0	0	0	0	0	6122	26466	8358	0	538	10378	2576	39004	548	13950	0	1892	0	7888	0	3444	300	4172	0	1242	0	680	0	1176	4674	19936	1148	2780	0	0	0	0	0	0	0	0	0	0	0	0	0	0	0	1504	0	0	0	692	0	270	0	0	0	0	0	0	0	0	0	0	0	0	0	0	0	0	0	0	0	0	0	0	0	0	
375752	Lingual_L	0	0	0	0	0	0	0	0	0	0	0	0	0	0	0	0	0	0	0	0	0	0	0	0	0	0	0	0	0	0	0	0	0	0	1474	776	5996	856	6622	570	0	0	17704	1578	2438	538	0	5744	5616	382	19810	0	11354	194	21270	1874	440	0	0	0	0	0	0	0	0	0	10926	174	972	0	0	0	0	0	0	0	244	404	0	0	0	0	0	0	1104	0	0	0	822	0	9018	2092	424	360	1132	240	14952	1406	18216	2806	228	0	362	196	140	0	0	144	88	206	9796	5170	924	94	0	0	
415732	Lingual_R	0	272	0	0	0	0	0	0	0	0	0	0	0	0	0	0	0	88	0	226	0	0	0	0	0	0	0	0	0	332	0	0	0	738	108	2812	0	3680	118	5346	0	0	2788	22422	114	10378	5744	0	0	11266	570	4902	802	6460	3738	32810	0	2088	0	112	0	646	0	444	0	546	536	12850	94	932	0	0	0	140	0	0	0	0	0	0	0	166	0	0	0	1780	0	0	0	2628	2970	7866	308	682	484	792	4072	7440	8580	9938	0	0	98	276	0	244	0	114	98	426	13168	9610	1626	198	200	0	
220816	Occipital_Sup_L	0	0	0	0	0	0	0	0	0	0	0	0	0	0	0	0	0	0	0	0	0	0	0	0	0	0	0	0	0	0	0	0	558	0	692	0	0	0	0	0	0	0	13290	184	19680	2576	5616	0	0	136	31714	0	1854	0	522	0	266	0	9562	0	1618	0	0	0	864	0	17384	2296	1354	0	0	0	0	0	0	0	0	0	0	0	0	0	0	0	242	0	0	0	0	0	0	0	0	0	0	0	0	0	0	0	0	0	0	0	0	0	0	0	0	0	0	0	0	0	0	0	
314520	Occipital_Sup_R	0	246	0	0	0	0	0	0	0	0	0	0	0	0	0	0	0	0	0	786	0	0	0	0	0	0	0	0	0	0	0	0	100	1916	0	544	0	0	0	0	0	0	3978	26332	3222	39004	382	11266	136	0	0	22314	0	3430	0	8916	0	3270	0	5482	0	1780	0	666	0	2716	1308	14200	536	1994	0	0	0	0	0	0	0	0	0	0	0	0	0	0	0	1638	0	0	0	784	0	314	0	0	0	0	0	0	0	0	0	0	0	0	0	0	0	0	0	0	0	0	0	0	0	0	
473468	Occipital_Mid_L	976	0	426	0	0	0	252	0	0	0	0	0	0	0	0	0	702	0	186	0	0	0	0	0	0	0	0	0	250	0	0	0	2538	326	414	0	712	0	814	0	0	0	18194	0	8408	548	19810	570	31714	0	0	0	29272	0	10436	0	7644	0	17178	0	15616	0	946	0	22566	0	21500	434	4494	164	0	0	0	0	0	0	0	0	106	0	682	0	0	0	14136	0	0	0	2484	0	448	0	0	0	0	0	0	0	686	0	0	0	0	0	0	0	0	0	0	0	528	574	0	0	0	0	
213780	Occipital_Mid_R	0	0	0	0	0	0	0	0	0	0	0	0	0	0	0	0	0	0	0	92	0	0	0	0	0	0	0	0	0	0	0	0	0	378	0	222	0	0	0	0	0	0	202	12156	320	13950	0	4902	0	22314	0	0	0	5580	0	5226	0	1102	0	2728	0	5912	0	498	0	11834	902	6204	0	720	0	0	0	0	0	0	0	0	0	0	0	280	0	0	0	9264	0	0	0	1676	0	428	0	0	0	0	0	0	0	0	0	0	0	0	0	0	0	0	0	0	0	0	0	0	0	0	
175308	Occipital_Inf_L	346	0	0	0	0	0	0	0	0	0	0	0	0	0	0	0	358	0	0	0	0	0	0	0	0	0	0	0	468	0	0	0	788	248	0	0	420	0	592	0	0	0	4090	0	640	0	11354	802	1854	0	29272	0	0	0	12100	0	2810	0	888	0	582	0	154	0	222	0	3598	112	2194	138	0	0	0	0	0	0	0	0	392	0	354	0	0	0	6152	0	0	0	2648	0	1212	0	0	0	0	0	0	0	1198	0	0	0	0	0	0	0	0	0	0	0	808	860	0	0	0	0	
137796	Occipital_Inf_R	0	280	0	0	0	0	0	0	0	0	0	0	0	0	0	0	0	0	0	134	0	0	0	0	0	0	0	0	0	298	0	0	0	404	0	210	0	512	0	572	0	0	88	4654	0	1892	194	6460	0	3430	0	5580	0	0	118	14662	0	1392	0	98	0	1444	0	822	0	1462	0	2910	0	414	0	0	0	108	0	0	0	0	0	0	0	576	0	0	0	7276	0	0	0	10328	0	1566	0	0	0	0	0	126	250	260	0	0	0	0	0	0	0	0	0	0	106	272	0	0	0	0	
480292	Fusiform_L	472	126	486	0	0	0	138	0	0	0	124	0	0	0	0	0	604	0	678	0	0	0	0	0	0	0	0	0	4562	0	0	0	0	0	3122	0	11950	0	6876	0	2052	0	4154	0	402	0	21270	3738	522	0	10436	0	12100	118	0	900	1674	0	468	0	154	0	286	0	0	0	6672	0	512	0	154	0	374	0	0	0	224	0	690	0	5040	0	1786	0	7472	0	1100	0	20840	0	25426	1400	1232	302	494	394	17894	1588	33602	2084	1500	0	2000	538	804	436	0	0	368	1282	10156	3784	784	942	584	276	
619108	Fusiform_R	222	2860	0	1066	0	0	114	756	0	206	0	954	0	0	0	376	0	1234	0	1440	0	0	0	0	0	0	0	0	0	6850	0	0	0	918	1376	7084	1732	31466	1190	26924	0	3206	534	16420	0	7888	1874	32810	0	8916	0	5226	0	14662	900	0	0	6832	0	140	0	1894	0	2738	0	1462	286	13688	128	2604	0	0	0	6716	0	88	530	1866	0	888	0	3340	0	5836	0	9276	0	1540	0	22802	868	11324	0	538	0	568	1686	8154	2472	11732	0	0	0	306	0	322	0	0	0	548	4800	3118	724	264	272	0	
417876	Postcentral_L	32202	1360	6732	948	0	0	5230	678	0	0	4674	298	754	0	260	0	7828	0	4882	3928	0	0	0	0	0	0	0	0	4978	0	218	0	654	2682	3708	190	480	0	0	0	0	0	1188	0	952	0	440	0	266	0	7644	0	2810	0	1674	0	0	0	11338	0	19818	0	12146	0	9636	0	8804	158	13578	3346	1568	182	162	0	0	0	418	100	1744	0	4304	0	0	0	16132	0	0	0	7476	0	370	0	0	0	0	0	0	0	0	0	0	0	0	0	0	0	0	0	0	0	0	0	0	0	0	0	
226984	Postcentral_R	198	11354	0	1658	0	0	134	1358	0	0	0	2546	0	0	0	0	0	2992	150	1434	0	0	0	0	0	0	0	0	0	1842	0	0	0	1962	626	5814	0	1626	0	1146	0	0	0	2064	0	3444	0	2088	0	3270	0	1102	0	1392	0	6832	0	0	0	4446	0	7720	0	11108	0	1648	958	7466	268	11846	0	0	0	1362	0	0	0	120	0	868	0	1166	0	0	0	5146	0	0	0	4180	0	158	0	0	0	0	0	0	0	0	0	0	0	0	0	0	0	0	0	0	0	0	0	0	0	0	
183356	Parietal_Sup_L	460	0	564	0	0	0	218	0	0	0	0	0	0	0	0	0	0	0	0	0	0	0	0	0	0	0	0	0	0	0	0	0	1038	0	150	0	0	0	0	0	0	0	246	0	1984	300	0	0	9562	0	17178	0	888	0	468	0	11338	0	0	0	17596	0	118	0	4180	0	17010	666	654	0	0	0	0	0	0	0	0	0	0	0	494	0	0	0	4000	0	0	0	2566	0	0	0	0	0	0	0	0	0	0	0	0	0	0	0	0	0	0	0	0	0	0	0	0	0	0	0	
83380	Parietal_Sup_R	0	0	0	0	0	0	0	0	0	0	0	0	0	0	0	0	0	0	0	374	0	0	0	0	0	0	0	0	0	0	0	0	0	612	0	226	0	0	0	0	0	0	0	194	0	4172	0	112	0	5482	0	2728	0	98	0	140	0	4446	0	0	0	5626	0	2446	0	4410	190	7090	224	1258	0	0	0	0	0	0	0	0	0	0	0	0	0	0	0	1376	0	0	0	486	0	0	0	0	0	0	0	0	0	0	0	0	0	0	0	0	0	0	0	0	0	0	0	0	0	0	
212564	Parietal_Inf_L	4852	136	1882	392	0	0	3448	238	174	0	370	310	140	0	284	0	318	0	632	602	0	0	0	0	0	0	0	0	284	0	100	0	850	0	0	0	0	0	0	0	0	0	0	0	0	0	0	0	1618	0	15616	0	582	0	154	0	19818	0	17596	0	0	0	10296	0	18474	0	4978	0	562	146	0	0	0	0	0	0	0	0	0	0	268	0	0	0	1046	0	0	0	116	0	0	0	0	0	0	0	0	0	0	0	0	0	0	0	0	0	0	0	0	0	0	0	0	0	0	0	
143984	Parietal_Inf_R	0	262	0	0	0	0	0	0	0	0	0	0	0	0	0	0	0	218	0	0	0	0	0	0	0	0	0	0	0	178	0	0	0	94	0	120	0	0	0	0	0	0	0	952	0	1242	0	646	0	1780	0	5912	0	1444	0	1894	0	7720	0	5626	0	0	0	11248	0	19050	560	2026	0	1194	0	0	0	0	0	0	0	0	0	116	0	548	0	0	0	6842	0	0	0	2210	0	110	0	0	0	0	0	0	0	0	0	0	0	0	0	0	0	0	0	0	0	0	0	0	0	0	
112928	SupraMarginal_L	1866	98	526	232	0	0	660	0	0	0	0	0	0	0	0	0	2154	0	0	358	0	0	0	0	0	0	0	0	1502	0	0	0	0	0	150	0	0	0	0	0	0	0	0	0	0	0	0	0	0	0	946	0	154	0	286	0	12146	0	118	0	10296	0	0	0	9060	0	90	0	528	174	0	0	0	0	0	0	0	0	224	0	7034	0	0	0	6352	0	0	0	1398	0	112	0	0	0	0	0	0	0	0	0	0	0	0	0	0	0	0	0	0	0	0	0	0	0	0	0	
125748	SupraMarginal_R	0	482	0	110	0	0	0	0	0	0	0	0	0	0	0	0	0	3652	0	88	0	0	0	0	0	0	0	0	0	1530	0	0	0	0	0	88	0	610	0	568	0	0	0	608	0	680	0	444	0	666	0	498	0	822	0	2738	0	11108	0	2446	0	11248	0	0	0	5500	180	668	0	390	0	0	0	0	0	0	0	0	0	1750	0	6346	0	0	0	7020	0	0	0	2634	0	0	0	0	0	0	0	0	0	0	0	0	0	0	0	0	0	0	0	0	0	0	0	0	0	0	
167120	Angular_L	2166	0	920	0	0	0	918	0	0	0	0	0	0	0	0	0	134	0	198	0	0	0	0	0	0	0	0	0	0	0	0	0	558	0	0	0	0	0	0	0	0	0	0	0	0	0	0	0	864	0	22566	0	222	0	0	0	9636	0	4180	0	18474	0	9060	0	0	0	1714	0	1152	0	220	0	0	0	0	0	274	0	0	0	1702	0	0	0	7888	0	0	0	714	0	0	0	0	0	0	0	0	0	0	0	0	0	0	0	0	0	0	0	0	0	0	0	0	0	0	0	
133852	Angular_R	0	98	0	0	0	0	0	0	0	0	0	0	0	0	0	0	0	0	0	0	0	0	0	0	0	0	0	0	0	0	0	0	0	92	0	0	0	0	0	0	0	0	0	1162	0	1176	0	546	0	2716	0	11834	0	1462	0	1462	0	1648	0	4410	0	19050	0	5500	0	0	380	1426	0	746	0	0	0	0	0	0	0	0	0	0	0	2054	0	0	0	9760	0	0	0	1404	0	0	0	0	0	0	0	0	0	0	0	0	0	0	0	0	0	0	0	0	0	0	0	0	0	0	
387288	Precuneus_L	438	96	102	0	0	0	0	0	0	0	0	0	0	0	0	0	0	0	276	698	0	0	0	0	0	0	0	0	188	0	0	0	5180	2548	10576	568	4076	246	2100	140	0	0	16340	1136	11334	4674	10926	536	17384	1308	21500	902	3598	0	6672	286	8804	958	17010	190	4978	560	90	180	1714	380	0	11224	11472	3430	0	0	0	0	0	0	0	0	0	0	428	0	0	0	3654	0	0	0	3952	0	222	0	0	0	0	0	0	0	252	0	0	0	0	0	0	0	0	0	0	0	186	132	0	0	0	0	
374176	Precuneus_R	0	540	0	0	0	0	0	0	0	0	0	0	0	0	0	0	0	0	0	2926	0	0	0	0	0	0	0	0	0	328	0	0	1692	10524	1504	12216	234	5370	224	5836	0	0	726	15896	3798	19936	174	12850	2296	14200	434	6204	112	2910	0	13688	158	7466	666	7090	0	2026	0	668	0	1426	11224	0	2432	11600	0	0	0	0	0	0	0	0	0	0	0	134	0	0	0	1182	0	0	0	4914	0	298	0	0	0	0	0	384	0	148	0	0	0	0	0	0	0	0	0	0	654	0	0	0	0	0	
297996	Paracentral_Lobule_L	14358	4954	596	788	0	0	166	0	0	0	0	0	0	0	0	0	148	0	10802	19522	0	0	0	0	0	0	0	0	112	0	0	0	4916	13956	7916	1412	648	130	0	0	0	0	2508	110	2848	1148	972	94	1354	536	4494	0	2194	0	512	128	13578	268	654	224	562	0	528	0	1152	0	11472	2432	0	9034	1266	934	594	0	496	0	1892	864	0	0	706	0	0	0	3398	0	0	0	1498	0	124	0	0	0	0	0	0	0	0	0	0	0	0	0	0	0	0	0	0	0	0	0	0	0	0	0	
232660	Paracentral_Lobule_R	5928	5720	454	88	0	0	0	0	0	0	0	0	0	0	0	0	0	0	360	16204	0	0	0	0	0	0	0	0	0	0	0	0	646	17678	3636	8964	0	688	0	760	0	0	0	706	128	2780	0	932	0	1994	164	720	138	414	0	2604	3346	11846	0	1258	146	1194	174	390	0	746	3430	11600	9034	0	0	98	0	0	0	0	0	0	0	0	0	0	0	0	0	350	0	0	0	1012	0	0	0	0	0	0	0	0	0	0	0	0	0	0	0	0	0	0	0	0	0	0	0	0	0	0	
315508	Caudate_L	12382	3872	7874	3364	1952	0	10194	2598	394	0	1026	1318	2618	880	2822	852	0	0	8104	2884	5422	5724	948	802	238	602	5044	1372	4820	0	9260	3946	0	450	0	130	1256	186	0	0	166	0	0	0	0	0	0	0	0	0	0	0	0	0	154	0	1568	0	0	0	0	0	0	0	220	0	0	0	1266	0	0	19068	14232	2610	1218	198	11102	2340	182	0	96	0	0	0	0	0	0	0	0	0	0	0	0	0	0	0	0	0	0	0	0	0	0	0	0	0	0	0	0	0	0	0	0	0	0	0	
363348	Caudate_R	5096	10828	1256	10932	692	644	2486	758	264	686	410	390	966	2136	1166	4442	0	134	982	18104	4748	6818	244	5288	0	4606	2602	3856	1288	758	5482	17492	0	378	0	0	142	92	0	0	0	0	0	0	0	0	0	0	0	0	0	0	0	0	0	0	182	0	0	0	0	0	0	0	0	0	0	0	934	98	19068	0	1800	19806	88	1304	1772	20456	0	0	0	0	0	0	0	0	0	0	0	0	0	0	0	0	0	0	0	0	0	0	0	0	0	0	0	0	0	0	0	0	0	0	0	0	0	0	
270724	Putamen_L	5914	574	23668	1262	2486	0	6030	470	1872	0	1308	382	3332	0	5142	0	0	0	13134	524	974	928	3126	1042	104	598	3212	382	14338	0	7386	2604	0	276	0	0	6752	0	302	0	772	0	0	0	0	0	0	0	0	0	0	0	0	0	374	0	162	0	0	0	0	0	0	0	0	0	0	0	594	0	14232	1800	0	970	4860	0	1572	0	0	0	754	0	1018	0	0	0	0	0	132	0	0	0	0	0	0	0	0	0	0	0	0	0	0	0	0	0	0	0	0	0	0	0	0	0	0	0	
352764	Putamen_R	174	2250	586	15024	0	1444	194	3418	0	2096	0	6312	196	1620	150	4938	0	3030	664	12578	336	538	446	9814	0	8470	0	2668	246	17444	4340	14054	0	276	0	0	0	14688	0	7568	0	1260	0	0	0	0	0	140	0	0	0	0	0	108	0	6716	0	1362	0	0	0	0	0	0	0	0	0	0	0	0	2610	19806	970	0	0	2272	0	2170	0	206	0	1108	0	438	0	276	0	0	0	518	0	106	0	0	0	0	0	534	0	220	0	0	0	0	0	0	0	0	0	0	0	0	0	0	0	0	
39432	Pallidum_L	2688	0	5242	0	0	0	556	0	0	0	0	0	0	0	0	0	0	0	1340	0	0	0	0	0	0	0	0	0	0	0	0	0	0	0	0	0	1112	0	0	0	0	0	0	0	0	0	0	0	0	0	0	0	0	0	0	0	0	0	0	0	0	0	0	0	0	0	0	0	496	0	1218	88	4860	0	0	0	2026	90	0	0	0	0	0	0	0	0	0	0	0	0	0	0	0	0	0	0	0	0	0	0	0	0	0	0	0	0	0	0	0	0	0	0	0	0	0	0	
16556	Pallidum_R	0	160	0	1298	0	0	0	342	0	0	0	0	0	0	0	0	0	252	0	1820	0	0	0	0	0	0	0	0	0	0	0	0	0	0	0	0	0	290	0	254	0	0	0	0	0	0	0	0	0	0	0	0	0	0	0	88	0	0	0	0	0	0	0	0	0	0	0	0	0	0	198	1304	0	2272	0	0	0	0	0	0	0	0	0	0	0	0	0	0	0	0	0	0	0	0	0	0	0	0	0	0	0	0	0	0	0	0	0	0	0	0	0	0	0	0	0	0	
135088	Thalamus_L	16694	1834	1514	88	0	0	2904	0	0	0	190	0	0	0	0	0	88	0	336	0	0	0	0	0	0	0	0	0	1686	0	0	0	0	0	124	632	6498	1436	1100	706	168	0	0	0	0	0	244	0	0	0	0	0	0	0	224	530	418	0	0	0	0	0	0	0	274	0	0	0	1892	0	11102	1772	1572	0	2026	0	0	7796	1330	0	814	0	0	0	602	0	0	0	950	0	0	0	0	0	0	0	0	0	0	0	0	0	0	0	0	0	0	0	0	0	0	0	0	0	0	0	
186940	Thalamus_R	5370	19230	246	5914	0	0	504	2030	0	0	0	474	418	0	400	0	0	108	212	5662	0	0	0	0	0	0	0	0	718	698	0	214	0	206	950	1818	2840	5214	1212	2292	0	0	0	0	0	0	404	0	0	0	0	0	0	0	0	1866	100	120	0	0	0	0	0	0	0	0	0	0	864	0	2340	20456	0	2170	90	0	7796	0	320	0	0	0	0	0	0	0	0	0	106	108	0	0	0	0	0	0	0	0	0	0	0	0	0	0	0	0	0	0	0	0	0	0	0	0	0	0	
78488	Heschl_L	2920	118	1422	0	0	0	1746	264	0	0	944	260	238	0	0	0	3658	0	688	0	0	0	0	0	0	0	0	0	8636	0	0	0	0	0	266	440	2908	446	0	0	0	0	0	0	0	0	0	0	0	0	106	0	392	0	690	0	1744	0	0	0	0	0	224	0	0	0	0	0	0	0	182	0	0	0	0	0	1330	320	0	0	3092	0	0	0	3080	0	0	0	2990	0	140	0	0	0	0	0	0	0	0	0	0	0	0	0	0	0	0	0	0	0	0	0	0	0	0	0	
30848	Heschl_R	0	182	0	102	0	0	0	0	0	0	0	0	0	0	0	0	0	3028	0	90	0	0	0	0	0	0	0	0	0	1718	0	0	0	0	0	0	0	448	0	312	0	0	0	0	0	0	0	0	0	0	0	0	0	0	0	888	0	868	0	0	0	116	0	1750	0	0	0	0	0	0	0	0	0	206	0	0	0	0	0	0	0	4504	0	0	0	540	0	0	0	672	0	0	0	0	0	0	0	0	0	0	0	0	0	0	0	0	0	0	0	0	0	0	0	0	0	0	
197776	Temporal_Sup_L	2634	92	3600	0	0	0	422	0	0	0	2594	0	254	0	0	0	7410	0	4034	0	0	0	0	0	0	0	0	0	10620	0	0	0	0	0	442	0	5106	0	888	0	0	0	134	0	0	0	0	0	0	0	682	0	354	0	5040	0	4304	0	494	0	268	0	7034	0	1702	0	428	0	706	0	96	0	754	0	0	0	814	0	3092	0	0	0	3114	0	20216	0	0	0	11560	0	0	0	0	0	0	0	0	0	0	0	0	0	0	0	0	0	0	0	0	0	0	0	0	0	0	0	
90616	Temporal_Sup_R	0	466	0	374	0	0	0	100	0	0	0	200	0	0	0	0	0	1976	0	418	0	0	0	0	0	0	0	0	0	4106	0	0	0	0	0	0	0	1640	0	738	0	0	0	132	0	0	0	166	0	0	0	280	0	576	0	3340	0	1166	0	0	0	548	0	6346	0	2054	0	134	0	0	0	0	0	1108	0	0	0	0	0	4504	0	0	0	2826	0	8474	0	0	0	3636	0	0	0	0	0	0	0	0	0	0	0	0	0	0	0	0	0	0	0	0	0	0	0	0	0	0	
98056	Temporal_Pole_Sup_L	0	0	1020	0	562	0	850	0	952	0	994	0	1318	0	4050	0	338	0	636	0	252	0	0	0	0	0	134	0	5272	0	0	0	0	0	0	0	2200	0	1062	0	1532	0	0	0	0	0	0	0	0	0	0	0	0	0	1786	0	0	0	0	0	0	0	0	0	0	0	0	0	0	0	0	0	1018	0	0	0	0	0	0	0	3114	0	0	0	8154	0	6332	0	7452	0	0	0	0	0	0	0	0	0	0	0	0	0	0	0	0	0	0	0	0	0	0	0	0	0	0	0	
46984	Temporal_Pole_Sup_R	0	0	0	0	0	0	0	0	0	0	0	0	0	0	0	286	0	0	0	0	0	410	0	0	0	0	0	0	0	1568	0	0	0	0	0	0	0	1350	0	1472	0	1190	0	0	0	0	0	0	0	0	0	0	0	0	0	5836	0	0	0	0	0	0	0	0	0	0	0	0	0	0	0	0	0	438	0	0	0	0	0	0	0	2826	0	0	0	2240	0	3498	0	2378	0	0	0	0	0	0	0	0	0	0	0	0	0	0	0	0	0	0	0	0	0	0	0	0	0	0	
332460	Temporal_Mid_L	2082	0	300	0	0	0	334	0	0	0	0	0	0	0	0	0	3654	0	0	0	0	0	0	0	0	0	0	0	3784	0	0	0	422	144	350	96	2616	0	212	0	0	0	2384	0	1294	0	1104	0	242	0	14136	0	6152	0	7472	0	16132	0	4000	0	1046	0	6352	0	7888	0	3654	0	3398	0	0	0	0	0	0	0	602	0	3080	0	20216	0	8154	0	0	0	4960	0	38784	0	978	0	0	0	0	0	0	0	208	0	0	0	0	0	0	0	0	0	0	0	0	0	0	0	0	0	
215424	Temporal_Mid_R	0	1226	0	108	0	0	0	0	0	0	0	0	0	0	0	0	0	0	0	116	0	0	0	0	0	0	0	0	0	938	0	0	0	0	0	366	0	734	0	296	0	0	0	2048	0	1504	0	1780	0	1638	0	9264	0	7276	0	9276	0	5146	0	1376	0	6842	0	7020	0	9760	0	1182	0	350	0	0	0	276	0	0	0	0	0	540	0	8474	0	2240	0	0	0	1400	0	26176	0	360	0	0	0	0	0	0	0	0	0	0	0	0	0	0	0	0	0	0	0	0	0	0	0	0	
37428	Temporal_Pole_Mid_L	0	0	0	0	0	0	0	0	0	0	0	0	0	0	0	0	0	0	0	0	0	0	0	0	0	0	0	0	0	0	0	0	0	0	0	0	96	0	716	0	168	0	0	0	0	0	0	0	0	0	0	0	0	0	1100	0	0	0	0	0	0	0	0	0	0	0	0	0	0	0	0	0	0	0	0	0	0	0	0	0	0	0	6332	0	4960	0	0	0	5342	0	0	0	0	0	0	0	0	0	0	0	0	0	0	0	0	0	0	0	0	0	0	0	0	0	0	0	
17216	Temporal_Pole_Mid_R	0	0	0	0	0	0	0	0	0	0	0	0	0	0	0	0	0	0	0	0	0	0	0	0	0	0	0	0	0	0	0	0	0	0	0	0	0	0	0	586	0	0	0	0	0	0	0	0	0	0	0	0	0	0	0	1540	0	0	0	0	0	0	0	0	0	0	0	0	0	0	0	0	0	0	0	0	0	0	0	0	0	0	0	3498	0	1400	0	0	0	1584	0	0	0	0	0	0	0	0	0	0	0	0	0	0	0	0	0	0	0	0	0	0	0	0	0	0	
292072	Temporal_Inf_L	1230	0	232	0	0	0	238	0	0	0	0	0	0	0	0	0	1980	0	216	0	0	0	0	0	0	0	0	0	5342	0	0	0	0	0	2404	142	10088	146	1838	0	568	0	1986	0	748	0	822	0	0	0	2484	0	2648	0	20840	0	7476	0	2566	0	116	0	1398	0	714	0	3952	0	1498	0	0	0	132	0	0	0	950	106	2990	0	11560	0	7452	0	38784	0	5342	0	0	0	3228	0	558	0	0	0	460	0	1494	0	484	0	396	0	0	0	0	0	0	98	330	0	0	0	0	0	
223124	Temporal_Inf_R	0	1784	0	382	0	0	0	264	0	0	0	96	0	0	0	0	0	550	0	422	0	0	0	0	0	0	0	0	0	1416	0	0	0	252	98	2606	0	5062	0	4308	0	0	0	2764	0	692	0	2628	0	784	0	1676	0	10328	0	22802	0	4180	0	486	0	2210	0	2634	0	1404	0	4914	0	1012	0	0	0	518	0	0	0	108	0	672	0	3636	0	2378	0	26176	0	1584	0	0	0	736	0	0	0	0	0	0	0	0	0	0	0	0	0	0	0	0	0	0	0	0	0	0	0	0	
636940	Cerebelum_Crus1_L	130	0	0	0	0	0	0	0	0	0	0	0	0	0	0	0	218	0	0	0	0	0	0	0	0	0	0	0	222	0	0	0	0	0	102	0	0	0	0	0	0	0	132	0	0	0	9018	2970	0	0	448	0	1212	0	25426	868	370	0	0	0	0	0	112	0	0	0	222	0	124	0	0	0	0	0	0	0	0	0	140	0	0	0	0	0	978	0	0	0	3228	0	0	3886	41146	9386	1688	790	25952	3098	55328	5004	26364	5904	29440	6004	3292	1580	564	96	1302	4038	14600	7132	14728	6704	2564	1960	
415280	Cerebelum_Crus1_R	0	0	0	0	0	0	0	0	0	0	0	0	0	0	0	0	0	0	0	0	0	0	0	0	0	0	0	0	0	0	0	0	0	0	0	0	0	368	0	748	0	0	0	124	0	270	2092	7866	0	314	0	428	0	1566	1400	11324	0	158	0	0	0	110	0	0	0	0	0	298	0	0	0	0	0	106	0	0	0	0	0	0	0	0	0	0	0	360	0	0	0	736	3886	0	518	30896	0	3348	3428	20510	5982	51012	128	4364	170	14196	0	3104	0	774	204	2730	13456	10226	7346	1794	834	466	
310960	Cerebelum_Crus2_L	0	0	0	0	0	0	0	0	0	0	0	0	0	0	0	0	0	0	0	0	0	0	0	0	0	0	0	0	0	0	0	0	0	0	0	0	0	0	0	0	0	0	0	0	0	0	424	308	0	0	0	0	0	0	1232	0	0	0	0	0	0	0	0	0	0	0	0	0	0	0	0	0	0	0	0	0	0	0	0	0	0	0	0	0	0	0	0	0	558	0	41146	518	0	9230	318	118	1290	108	4764	526	32776	5520	29956	3656	3374	530	116	0	144	486	1028	1646	9572	4302	1108	726	
317104	Cerebelum_Crus2_R	0	0	0	0	0	0	0	0	0	0	0	0	0	0	0	0	0	0	0	0	0	0	0	0	0	0	0	0	0	0	0	0	0	0	0	0	0	236	0	504	0	0	0	0	0	0	360	682	0	0	0	0	0	0	302	538	0	0	0	0	0	0	0	0	0	0	0	0	0	0	0	0	0	0	0	0	0	0	0	0	0	0	0	0	0	0	0	0	0	0	9386	30896	9230	0	164	736	924	2194	2476	13620	6096	21440	5042	23724	148	2140	0	722	0	918	1650	3518	15642	4368	516	380	
73128	Cerebelum_3_L	0	0	0	0	0	0	0	0	0	0	0	0	0	0	0	0	0	0	0	0	0	0	0	0	0	0	0	0	0	0	0	0	0	0	0	0	0	0	292	0	0	0	0	0	0	0	1132	484	0	0	0	0	0	0	494	0	0	0	0	0	0	0	0	0	0	0	0	0	0	0	0	0	0	0	0	0	0	0	0	0	0	0	0	0	0	0	0	0	0	0	1688	0	318	164	0	580	8824	178	2694	0	402	146	1320	532	2720	722	0	0	1842	5712	1868	500	714	1292	1112	834	
115180	Cerebelum_3_R	0	0	0	0	0	0	0	0	0	0	0	0	0	0	0	0	0	0	0	0	0	0	0	0	0	0	0	0	0	0	0	0	0	0	0	0	0	0	0	0	0	0	0	0	0	0	240	792	0	0	0	0	0	0	394	568	0	0	0	0	0	0	0	0	0	0	0	0	0	0	0	0	0	0	0	0	0	0	0	0	0	0	0	0	0	0	0	0	0	0	790	3348	118	736	580	0	1354	8740	858	8928	154	126	250	3490	136	2742	0	0	886	8774	4630	792	756	3938	3262	208	
413180	Cerebelum_4_5_L	0	0	0	0	0	0	0	0	0	0	0	0	0	0	0	0	0	0	0	0	0	0	0	0	0	0	0	0	0	0	0	0	0	0	0	0	0	0	1126	0	0	0	0	0	0	0	14952	4072	0	0	0	0	0	0	17894	1686	0	0	0	0	0	0	0	0	0	0	0	0	0	0	0	0	0	0	0	0	0	0	0	0	0	0	0	0	0	0	0	0	460	0	25952	3428	1290	924	8824	1354	0	5246	41158	5562	2772	416	6348	2414	6578	2064	0	282	2472	6890	24726	3948	2634	5154	3484	2480	
275776	Cerebelum_4_5_R	0	0	0	0	0	0	0	0	0	0	0	0	0	0	0	0	0	0	0	0	0	0	0	0	0	0	0	0	0	138	0	0	0	0	0	0	0	1860	0	3230	0	0	0	158	0	0	1406	7440	0	0	0	0	0	126	1588	8154	0	0	0	0	0	0	0	0	0	0	0	384	0	0	0	0	0	534	0	0	0	0	0	0	0	0	0	0	0	0	0	0	0	0	3098	20510	108	2194	178	8740	5246	0	4130	33174	188	100	274	2062	96	1480	0	414	194	5376	19138	1716	830	1890	1580	154	
547184	Cerebelum_6_L	0	0	0	0	0	0	0	0	0	0	0	0	0	0	0	0	0	0	0	0	0	0	0	0	0	0	0	0	0	0	0	0	0	0	0	0	0	0	508	0	0	0	164	0	0	0	18216	8580	0	0	686	0	1198	250	33602	2472	0	0	0	0	0	0	0	0	0	0	252	0	0	0	0	0	0	0	0	0	0	0	0	0	0	0	0	0	208	0	0	0	1494	0	55328	5982	4764	2476	2694	858	41158	4130	0	7652	6004	912	7780	2112	3840	1598	200	158	1854	4374	25088	14458	5480	3292	2324	1446	
437512	Cerebelum_6_R	0	0	0	0	0	0	0	0	0	0	0	0	0	0	0	0	0	0	0	0	0	0	0	0	0	0	0	0	0	0	0	0	0	0	0	0	0	758	0	1348	0	0	0	0	0	0	2806	9938	0	0	0	0	0	260	2084	11732	0	0	0	0	0	0	0	0	0	0	0	148	0	0	0	0	0	220	0	0	0	0	0	0	0	0	0	0	0	0	0	0	0	0	5004	51012	526	13620	0	8928	5562	33174	7652	0	274	892	360	6336	130	2536	0	2014	476	5676	22040	12904	6416	2098	1210	622	
321296	Cerebelum_7b_L	0	0	0	0	0	0	0	0	0	0	0	0	0	0	0	0	0	0	0	0	0	0	0	0	0	0	0	0	0	0	0	0	0	0	0	0	0	0	0	0	0	0	0	0	0	0	228	0	0	0	0	0	0	0	1500	0	0	0	0	0	0	0	0	0	0	0	0	0	0	0	0	0	0	0	0	0	0	0	0	0	0	0	0	0	0	0	0	0	484	0	26364	128	32776	6096	402	154	2772	188	6004	274	0	3802	41396	5338	6914	1502	984	0	378	836	1418	574	8262	7624	2888	1362	
164172	Cerebelum_7b_R	0	0	0	0	0	0	0	0	0	0	0	0	0	0	0	0	0	0	0	0	0	0	0	0	0	0	0	0	0	0	0	0	0	0	0	0	0	0	0	0	0	0	0	0	0	0	0	0	0	0	0	0	0	0	0	0	0	0	0	0	0	0	0	0	0	0	0	0	0	0	0	0	0	0	0	0	0	0	0	0	0	0	0	0	0	0	0	0	0	0	5904	4364	5520	21440	146	126	416	100	912	892	3802	0	2958	19072	0	3912	0	118	0	296	226	576	8514	2238	438	116	
420804	Cerebelum_8_L	0	0	0	0	0	0	0	0	0	0	0	0	0	0	0	0	0	0	0	0	0	0	0	0	0	0	0	0	0	0	0	0	0	0	0	0	0	0	0	0	0	0	0	0	0	0	362	98	0	0	0	0	0	0	2000	0	0	0	0	0	0	0	0	0	0	0	0	0	0	0	0	0	0	0	0	0	0	0	0	0	0	0	0	0	0	0	0	0	396	0	29440	170	29956	5042	1320	250	6348	274	7780	360	41396	2958	0	5866	25046	2338	4304	0	660	1806	2742	1036	9836	14208	8326	6084	
355564	Cerebelum_8_R	0	0	0	0	0	0	0	0	0	0	0	0	0	0	0	0	0	0	0	0	0	0	0	0	0	0	0	0	0	0	0	0	0	0	0	0	0	0	0	0	0	0	0	0	0	0	196	276	0	0	0	0	0	0	538	306	0	0	0	0	0	0	0	0	0	0	0	0	0	0	0	0	0	0	0	0	0	0	0	0	0	0	0	0	0	0	0	0	0	0	6004	14196	3656	23724	532	3490	2414	2062	2112	6336	5338	19072	5866	0	1456	29638	0	2868	1546	4896	4420	1582	7084	16022	11108	1044	
172860	Cerebelum_9_L	0	0	0	0	0	0	0	0	0	0	0	0	0	0	0	0	0	0	0	0	0	0	0	0	0	0	0	0	0	0	0	0	0	0	0	0	0	0	0	0	0	0	0	0	0	0	140	0	0	0	0	0	0	0	804	0	0	0	0	0	0	0	0	0	0	0	0	0	0	0	0	0	0	0	0	0	0	0	0	0	0	0	0	0	0	0	0	0	0	0	3292	0	3374	148	2720	136	6578	96	3840	130	6914	0	25046	1456	0	2268	5406	0	754	1296	1566	1388	1298	5938	6944	4898	
193324	Cerebelum_9_R	0	0	0	0	0	0	0	0	0	0	0	0	0	0	0	0	0	0	0	0	0	0	0	0	0	0	0	0	0	0	0	0	0	0	0	0	0	0	0	0	0	0	0	0	0	0	0	244	0	0	0	0	0	0	436	322	0	0	0	0	0	0	0	0	0	0	0	0	0	0	0	0	0	0	0	0	0	0	0	0	0	0	0	0	0	0	0	0	0	0	1580	3104	530	2140	722	2742	2064	1480	1598	2536	1502	3912	2338	29638	2268	0	0	1172	2010	4310	3572	862	1104	10612	11306	2558	
28508	Cerebelum_10_L	0	0	0	0	0	0	0	0	0	0	0	0	0	0	0	0	0	0	0	0	0	0	0	0	0	0	0	0	0	0	0	0	0	0	0	0	0	0	0	0	0	0	0	0	0	0	0	0	0	0	0	0	0	0	0	0	0	0	0	0	0	0	0	0	0	0	0	0	0	0	0	0	0	0	0	0	0	0	0	0	0	0	0	0	0	0	0	0	0	0	564	0	116	0	0	0	0	0	200	0	984	0	4304	0	5406	0	0	0	0	0	0	0	106	962	948	664	
23760	Cerebelum_10_R	0	0	0	0	0	0	0	0	0	0	0	0	0	0	0	0	0	0	0	0	0	0	0	0	0	0	0	0	0	0	0	0	0	0	0	0	0	0	0	0	0	0	0	0	0	0	144	114	0	0	0	0	0	0	0	0	0	0	0	0	0	0	0	0	0	0	0	0	0	0	0	0	0	0	0	0	0	0	0	0	0	0	0	0	0	0	0	0	0	0	96	774	0	722	0	0	282	414	158	2014	0	118	0	2868	0	1172	0	0	0	0	980	738	114	916	256	0	
61984	Vermis_1_2	0	0	0	0	0	0	0	0	0	0	0	0	0	0	0	0	0	0	0	0	0	0	0	0	0	0	0	0	0	0	0	0	0	0	0	0	0	0	0	0	0	0	0	0	0	0	88	98	0	0	0	0	0	0	368	0	0	0	0	0	0	0	0	0	0	0	0	0	0	0	0	0	0	0	0	0	0	0	0	0	0	0	0	0	0	0	0	0	0	0	1302	204	144	0	1842	886	2472	194	1854	476	378	0	660	1546	754	2010	0	0	0	6880	2502	700	354	2522	2356	402	
187100	Vermis_3	0	0	0	0	0	0	0	0	0	0	0	0	0	0	0	0	0	0	0	0	0	0	0	0	0	0	0	0	0	0	0	0	0	0	0	0	0	0	0	0	0	0	0	0	0	0	206	426	0	0	0	0	0	0	1282	548	0	0	0	0	0	0	0	0	0	0	0	0	0	0	0	0	0	0	0	0	0	0	0	0	0	0	0	0	0	0	0	0	98	0	4038	2730	486	918	5712	8774	6890	5376	4374	5676	836	296	1806	4896	1296	4310	0	0	6880	0	10030	1212	1856	6630	5218	750	
448920	Vermis_4_5	0	0	0	0	0	0	0	0	0	0	0	0	0	0	0	0	0	0	0	0	0	0	0	0	0	0	0	0	0	0	0	0	0	0	0	318	0	524	0	596	0	0	168	448	0	0	9796	13168	0	0	528	0	808	106	10156	4800	0	0	0	0	0	0	0	0	0	0	186	654	0	0	0	0	0	0	0	0	0	0	0	0	0	0	0	0	0	0	0	0	330	0	14600	13456	1028	1650	1868	4630	24726	19138	25088	22040	1418	226	2742	4420	1566	3572	0	980	2502	10030	0	12704	2714	5368	4194	1214	
