data	data	470248	403584	1.30402e+06	1.08564e+06	175068	202904	676248	363240	79580	44796	212756	307856	346172	287128	226044	137132	374740	166256	933176	993736	74128	95408	619624	559424	68936	146248	61152	104932	865808	510772	466004	680488	321424	710212	163196	167744	347544	464336	106508	266136	41496	78536	299512	337624	198152	284256	370784	361064	305504	288256	593920	271608	142060	174160	430688	656684	338300	282168	304852	120836	257004	105208	198808	149644	155288	112948	393728	371540	194296	241436	275692	373700	400016	413704	38420	36460	201564	283776	234556	43728	289152	137248	122244	86908	412364	286252	38284	39380	304088	268484	573952	402072	387676	231028	50872	65748	397660	225348	542924	468972	291096	124176	343724	258764	140332	158164	24292	16320	76456	104232	305648	292892	217604	134768	120208	51964	
data	data	Precentral_L	Precentral_R	Frontal_Sup_L	Frontal_Sup_R	Frontal_Sup_Orb_L	Frontal_Sup_Orb_R	Frontal_Mid_L	Frontal_Mid_R	Frontal_Mid_Orb_L	Frontal_Mid_Orb_R	Frontal_Inf_Oper_L	Frontal_Inf_Oper_R	Frontal_Inf_Tri_L	Frontal_Inf_Tri_R	Frontal_Inf_Orb_L	Frontal_Inf_Orb_R	Rolandic_Oper_L	Rolandic_Oper_R	Supp_Motor_Area_L	Supp_Motor_Area_R	Olfactory_L	Olfactory_R	Frontal_Sup_Medial_L	Frontal_Sup_Medial_R	Frontal_Med_Orb_L	Frontal_Med_Orb_R	Rectus_L	Rectus_R	Insula_L	Insula_R	Cingulum_Ant_L	Cingulum_Ant_R	Cingulum_Mid_L	Cingulum_Mid_R	Cingulum_Post_L	Cingulum_Post_R	Hippocampus_L	Hippocampus_R	ParaHippocampal_L	ParaHippocampal_R	Amygdala_L	Amygdala_R	Calcarine_L	Calcarine_R	Cuneus_L	Cuneus_R	Lingual_L	Lingual_R	Occipital_Sup_L	Occipital_Sup_R	Occipital_Mid_L	Occipital_Mid_R	Occipital_Inf_L	Occipital_Inf_R	Fusiform_L	Fusiform_R	Postcentral_L	Postcentral_R	Parietal_Sup_L	Parietal_Sup_R	Parietal_Inf_L	Parietal_Inf_R	SupraMarginal_L	SupraMarginal_R	Angular_L	Angular_R	Precuneus_L	Precuneus_R	Paracentral_Lobule_L	Paracentral_Lobule_R	Caudate_L	Caudate_R	Putamen_L	Putamen_R	Pallidum_L	Pallidum_R	Thalamus_L	Thalamus_R	Heschl_L	Heschl_R	Temporal_Sup_L	Temporal_Sup_R	Temporal_Pole_Sup_L	Temporal_Pole_Sup_R	Temporal_Mid_L	Temporal_Mid_R	Temporal_Pole_Mid_L	Temporal_Pole_Mid_R	Temporal_Inf_L	Temporal_Inf_R	Cerebelum_Crus1_L	Cerebelum_Crus1_R	Cerebelum_Crus2_L	Cerebelum_Crus2_R	Cerebelum_3_L	Cerebelum_3_R	Cerebelum_4_5_L	Cerebelum_4_5_R	Cerebelum_6_L	Cerebelum_6_R	Cerebelum_7b_L	Cerebelum_7b_R	Cerebelum_8_L	Cerebelum_8_R	Cerebelum_9_L	Cerebelum_9_R	Cerebelum_10_L	Cerebelum_10_R	Vermis_1_2	Vermis_3	Vermis_4_5	Vermis_6	Vermis_7	Vermis_8	Vermis_9	Vermis_10	
470248	Precentral_L	0	2098	29234	2764	0	0	25524	0	0	0	15664	0	2920	0	0	0	14188	0	16660	6566	0	0	0	0	0	0	0	0	11964	0	144	184	974	2636	1550	1342	6074	1528	608	290	126	0	0	0	0	0	378	0	318	0	1064	0	0	0	1338	220	30168	0	342	0	6940	0	4866	0	188	0	396	0	14424	882	1664	324	2016	260	304	0	12902	2852	4184	0	3716	0	186	0	1074	0	0	0	758	0	216	0	0	0	0	0	0	0	106	0	0	0	0	0	0	0	0	0	0	0	0	0	0	0	0	0	
403584	Precentral_R	2098	0	1068	16556	0	0	1116	11580	0	0	0	19536	0	5782	0	486	0	5284	2102	24108	0	214	0	0	0	0	0	0	272	9188	0	122	0	3028	1628	1236	1958	7456	0	614	0	356	0	488	0	1028	0	448	0	2236	0	1994	0	648	0	1774	0	23068	0	1682	0	1576	0	6698	0	1070	0	1932	1524	10842	186	3340	0	2270	0	0	3114	15264	274	138	0	414	0	0	0	2496	0	0	0	1252	0	0	0	0	0	0	0	248	0	0	0	0	0	0	0	0	0	0	0	0	0	0	0	0	0	0	
1.30402e+06	Frontal_Sup_L	29234	1068	0	20438	15278	1316	84530	1804	2068	0	8272	762	24706	1712	12110	432	18486	304	88958	23516	160	0	57586	18658	4326	2204	602	522	51018	1660	23536	15032	7714	11918	1482	798	7836	1622	522	172	376	0	928	0	0	0	532	0	206	0	3106	0	1922	0	3530	172	8094	280	144	0	842	0	488	0	126	0	638	0	6832	160	10534	3378	25592	1504	2436	0	16704	2318	9562	0	2060	98	498	0	4212	0	0	0	2176	0	200	0	0	0	0	0	0	0	0	0	0	0	0	0	0	0	0	0	0	0	0	0	0	0	0	0	
1.08564e+06	Frontal_Sup_R	2764	16556	20438	0	294	14434	2912	32142	0	886	808	10186	3134	11650	1358	4554	1314	5656	27548	86434	282	878	21662	46542	132	5180	112	3220	5370	24056	10864	41908	8176	30350	1072	688	1396	9516	0	3116	0	846	0	0	0	90	0	290	0	114	0	154	0	176	0	3692	156	1090	0	0	0	100	0	418	0	104	0	114	1128	682	3150	23578	1192	17710	0	3994	1564	20204	456	294	0	1324	0	808	0	1042	0	0	0	486	0	0	0	0	0	0	0	168	0	110	0	0	0	0	0	0	0	0	0	0	0	0	0	0	0	0	
175068	Frontal_Sup_Orb_L	0	0	15278	294	0	0	2730	0	10584	0	0	0	2806	0	11220	0	0	0	670	356	1228	352	6982	650	3032	290	3730	0	11290	0	3134	120	102	0	0	0	208	0	0	0	142	0	0	0	0	0	0	0	0	0	0	0	0	0	562	0	0	0	0	0	0	0	0	0	0	0	0	0	0	0	542	270	9874	0	0	0	0	0	0	0	0	0	746	0	0	0	0	0	342	0	0	0	0	0	0	0	0	0	0	0	0	0	0	0	0	0	0	0	0	0	0	0	0	0	0	0	
202904	Frontal_Sup_Orb_R	0	0	1316	14434	0	0	98	4934	0	6408	0	510	0	3078	0	4818	0	0	812	2406	0	782	1622	11534	936	8638	0	8626	106	3370	1888	11320	284	1096	0	0	0	114	0	0	0	388	0	0	0	0	0	0	0	0	0	0	0	0	0	0	0	0	0	0	0	0	0	0	0	0	0	0	0	0	314	5942	136	4916	0	0	0	292	0	0	0	0	0	334	0	0	0	0	0	0	0	0	0	0	0	0	0	0	0	0	0	0	0	0	0	0	0	0	0	0	0	0	0	0	0	0	
676248	Frontal_Mid_L	25524	1116	84530	2912	2730	98	0	248	3178	0	15202	164	41086	272	11734	0	10310	452	13474	3964	0	0	12796	2062	98	286	0	138	35968	548	4112	1736	1750	2196	2438	1080	5330	2502	328	180	0	0	926	0	0	0	510	0	164	0	3108	0	1930	0	1988	180	6138	354	96	0	1318	0	1054	0	0	0	586	0	882	0	764	356	1734	1492	0	0	4110	2896	8852	0	1952	106	434	0	4006	0	0	0	1462	0	184	0	0	0	0	0	0	0	0	0	0	0	0	0	0	0	0	0	0	0	0	0	0	0	0	0	
363240	Frontal_Mid_R	0	11580	1804	32142	0	4934	248	0	0	3270	0	16636	222	30302	0	7948	0	2000	2548	3330	0	0	3880	6210	0	302	0	338	282	11768	1988	7418	3146	8600	0	0	0	1178	0	598	0	0	0	0	0	400	0	0	0	1070	0	1282	0	104	0	988	0	2930	0	620	0	666	0	824	0	682	0	548	0	602	194	566	0	5422	0	114	0	116	0	122	0	170	0	280	0	706	0	0	0	426	0	0	0	0	0	0	0	0	0	116	0	0	0	0	0	0	0	0	0	0	0	0	0	0	0	0	
79580	Frontal_Mid_Orb_L	0	0	2068	0	10584	0	3178	0	0	0	0	0	2868	0	11938	0	0	0	0	0	218	0	226	0	0	0	1108	0	4140	0	0	0	0	0	0	0	0	0	0	0	0	0	0	0	0	0	0	0	0	0	0	0	0	0	242	0	0	0	0	0	0	0	0	0	0	0	0	0	0	0	0	0	2564	0	0	0	0	0	0	0	0	0	478	0	0	0	0	0	178	0	0	0	0	0	0	0	0	0	0	0	0	0	0	0	0	0	0	0	0	0	0	0	0	0	0	0	
44796	Frontal_Mid_Orb_R	0	0	0	886	0	6408	0	3270	0	0	0	0	0	1134	0	6504	0	0	0	124	0	450	0	0	0	350	0	916	0	1218	0	0	0	0	0	0	0	0	0	0	0	208	0	0	0	0	0	0	0	0	0	0	0	0	0	0	0	0	0	0	0	0	0	0	0	0	0	0	0	0	0	168	0	618	0	0	0	0	0	0	0	0	0	144	0	0	0	0	0	0	0	0	0	0	0	0	0	0	0	0	0	0	0	0	0	0	0	0	0	0	0	0	0	0	0	0	
212756	Frontal_Inf_Oper_L	15664	0	8272	808	0	0	15202	0	0	0	0	0	13148	0	380	0	9416	0	3442	872	0	0	2000	0	0	474	0	308	15754	0	4246	900	268	212	0	0	554	0	0	0	0	0	0	0	0	0	0	0	0	0	0	0	0	0	0	0	5256	0	0	0	1116	0	784	0	0	0	0	0	0	0	176	0	1168	0	0	0	0	0	930	0	2980	0	1544	0	504	0	0	0	0	0	0	0	0	0	0	0	0	0	0	0	0	0	0	0	0	0	0	0	0	0	0	0	0	0	0	0	
307856	Frontal_Inf_Oper_R	0	19536	762	10186	0	510	164	16636	0	0	0	0	0	16412	0	1454	1032	7198	3286	4180	0	0	816	2318	0	0	0	0	1524	23898	440	2586	226	3544	0	0	0	1362	0	188	0	0	0	0	0	812	0	0	0	2230	0	1448	0	534	0	888	0	6156	0	1734	0	662	0	1686	0	774	0	1384	0	1416	4940	1396	2110	2628	0	0	0	0	0	140	0	480	0	1756	0	1342	0	0	0	1154	0	0	0	0	0	0	0	0	0	0	0	0	0	0	0	0	0	0	0	0	0	0	0	0	0	0	
346172	Frontal_Inf_Tri_L	2920	0	24706	3134	2806	0	41086	222	2868	0	13148	0	0	368	20164	102	822	0	5408	4708	0	0	7714	1288	0	0	0	0	33696	200	1752	350	1662	1514	0	0	0	0	0	0	0	0	0	0	0	0	0	0	0	0	0	0	0	0	0	0	1348	0	0	0	0	0	0	0	0	0	0	0	0	0	184	0	392	0	0	0	0	0	0	0	170	0	354	0	0	0	0	0	0	0	0	0	0	0	0	0	0	0	0	0	0	0	0	0	0	0	0	0	0	0	0	0	0	0	0	0	
287128	Frontal_Inf_Tri_R	0	5782	1712	11650	0	3078	272	30302	0	1134	0	16412	368	0	0	6056	168	2148	3110	4932	0	0	2130	7570	0	0	0	94	698	13832	1174	5300	1518	6382	0	0	0	746	0	242	0	0	0	0	0	336	0	0	0	1018	0	1098	0	0	0	568	0	2592	0	620	0	718	0	746	0	730	0	458	0	388	996	1112	414	3598	0	0	0	0	0	0	0	180	0	302	0	594	0	0	0	286	0	0	0	0	0	0	0	0	0	0	0	0	0	0	0	0	0	0	0	0	0	0	0	0	0	0	
226044	Frontal_Inf_Orb_L	0	0	12110	1358	11220	0	11734	0	11938	0	380	0	20164	0	0	0	130	0	1966	1780	1596	0	2824	188	0	0	554	0	21812	0	338	0	624	250	0	0	348	0	324	0	584	0	0	0	0	0	0	0	0	0	0	0	0	0	176	0	0	0	0	0	0	0	0	0	0	0	0	0	0	0	136	0	3512	0	0	0	0	0	0	0	1332	0	3892	0	1302	0	0	0	450	0	0	0	0	0	0	0	0	0	0	0	0	0	0	0	0	0	0	0	0	0	0	0	0	0	0	0	
137132	Frontal_Inf_Orb_R	0	486	432	4554	0	4818	0	7948	0	6504	0	1454	102	6056	0	0	0	1004	976	2050	0	980	384	1626	0	0	0	1744	114	12474	94	566	194	1342	0	0	0	282	0	182	0	472	0	0	0	0	0	0	0	0	0	106	0	0	0	480	0	376	0	0	0	0	0	138	0	0	0	0	0	0	308	1774	156	2704	0	0	0	106	0	226	0	1074	0	3530	0	200	0	400	0	150	0	0	0	0	0	0	0	0	0	0	0	0	0	0	0	0	0	0	0	0	0	0	0	0	0	0	
374740	Rolandic_Oper_L	14188	0	18486	1314	0	0	10310	0	0	0	9416	1032	822	168	130	0	0	100	13160	2416	0	0	656	228	0	336	0	230	33292	1058	2258	916	180	1694	382	370	3080	402	200	0	0	0	0	0	92	0	0	0	954	0	3122	0	124	0	1024	0	13264	0	1816	0	762	0	4704	0	272	0	1622	0	296	0	2536	146	5452	176	0	0	578	316	9502	0	13502	0	1292	0	5362	0	0	0	3632	0	0	0	0	0	0	0	0	0	0	0	0	0	0	0	0	0	0	0	0	0	0	0	0	0	0	0	
166256	Rolandic_Oper_R	0	5284	304	5656	0	0	452	2000	0	0	0	7198	0	2148	0	1004	100	0	170	2382	0	0	110	270	0	0	0	0	224	15936	0	94	0	652	518	240	528	3116	0	906	0	0	0	0	0	0	0	92	0	154	0	408	0	410	0	1484	0	5468	0	0	0	0	0	3490	0	132	0	104	0	1944	242	94	0	4382	0	0	430	1070	0	3426	0	5962	0	1638	0	1778	0	0	0	1128	0	0	0	0	0	0	0	0	0	0	0	0	0	0	0	0	0	0	0	0	0	0	0	0	0	0	
933176	Supp_Motor_Area_L	16660	2102	88958	27548	670	812	13474	2548	0	0	3442	3286	5408	3110	1966	976	13160	170	0	64442	148	0	12698	8416	102	166	0	108	23468	4442	6620	13722	20754	37484	792	294	4788	328	0	192	250	0	0	0	0	0	0	0	98	0	158	0	0	0	1394	186	5780	0	98	0	562	0	356	0	0	0	190	0	10204	3300	14490	3744	24836	936	5356	104	5272	184	3296	0	1172	0	0	90	382	0	0	0	896	0	0	0	0	0	0	0	0	0	0	0	0	0	0	0	0	0	0	0	0	0	0	0	0	0	0	0	
993736	Supp_Motor_Area_R	6566	24108	23516	86434	356	2406	3964	3330	0	124	872	4180	4708	4932	1780	2050	2416	2382	64442	0	402	850	8230	12162	0	190	174	486	8058	10746	4038	16258	12990	51670	2252	3154	2070	6694	0	2300	0	748	0	174	0	0	0	496	0	92	0	0	0	194	0	2884	180	2876	0	0	0	0	0	274	0	0	0	420	9716	17976	4222	26556	1250	9530	0	3432	3212	27668	420	158	106	748	0	386	0	958	0	0	0	612	0	0	0	0	0	0	0	290	0	0	0	0	0	0	0	0	0	0	0	0	0	0	0	0	0	0	
74128	Olfactory_L	0	0	160	282	1228	0	0	0	218	0	0	0	0	0	1596	0	0	0	148	402	0	5270	0	0	536	120	3670	370	1648	0	2422	1466	0	0	0	0	354	0	418	0	832	0	0	0	0	0	0	0	0	0	0	0	0	0	278	0	0	0	0	0	0	0	0	0	0	0	0	0	0	0	5988	4544	3132	872	0	0	0	558	0	0	0	0	552	0	0	0	0	0	0	0	0	0	0	0	0	0	0	0	0	0	0	0	0	0	0	0	0	0	0	0	0	0	0	0	0	0	
95408	Olfactory_R	0	214	0	878	352	782	0	0	0	450	0	0	0	0	0	980	0	0	0	850	5270	0	0	174	192	678	3014	2164	0	2540	2062	2442	0	0	0	0	0	0	0	164	0	2006	0	0	0	0	0	0	0	0	0	0	0	0	0	0	0	0	0	0	0	0	0	0	0	0	0	0	0	0	7046	7930	3476	2660	98	258	0	914	0	0	0	0	0	110	0	0	0	0	0	0	0	0	0	0	0	0	0	0	0	0	0	0	0	0	0	0	0	0	0	0	0	0	0	0	0	0	
619624	Frontal_Sup_Medial_L	0	0	57586	21662	6982	1622	12796	3880	226	0	2000	816	7714	2130	2824	384	656	110	12698	8230	0	0	0	36080	5282	3504	624	712	12806	1366	33518	24560	12390	19726	0	0	114	162	0	138	0	0	0	0	0	0	0	0	0	0	0	0	0	0	194	120	0	0	0	0	0	0	0	0	0	0	0	0	0	0	4930	1082	9422	302	0	0	132	0	0	0	90	0	152	0	0	0	0	0	90	0	0	0	0	0	0	0	0	0	0	0	0	0	0	0	0	0	0	0	0	0	0	0	0	0	0	0	
559424	Frontal_Sup_Medial_R	0	0	18658	46542	650	11534	2062	6210	0	0	0	2318	1288	7570	188	1626	228	270	8416	12162	0	174	36080	0	2344	9632	0	3082	1718	7368	15042	36664	5972	23932	138	94	138	458	0	312	0	212	0	0	0	0	0	0	0	0	0	0	0	0	0	300	0	0	0	0	0	0	0	0	0	0	0	0	0	0	914	7834	924	6208	0	0	0	340	0	0	0	0	0	110	0	0	0	0	0	0	0	0	0	0	0	0	0	0	0	0	0	0	0	0	0	0	0	0	0	0	0	0	0	0	0	0	
68936	Frontal_Med_Orb_L	0	0	4326	132	3032	936	98	0	0	0	0	0	0	0	0	0	0	0	102	0	536	192	5282	2344	0	4556	2460	550	0	0	7158	904	0	0	0	0	0	0	0	0	0	0	0	0	0	0	0	0	0	0	0	0	0	0	0	0	0	0	0	0	0	0	0	0	0	0	0	0	0	0	644	154	1062	0	0	0	0	0	0	0	0	0	0	0	0	0	0	0	0	0	0	0	0	0	0	0	0	0	0	0	0	0	0	0	0	0	0	0	0	0	0	0	0	0	0	0	
146248	Frontal_Med_Orb_R	0	0	2204	5180	290	8638	286	302	0	350	474	0	0	0	0	0	336	0	166	190	120	678	3504	9632	4556	0	192	10034	600	0	7320	11980	0	290	0	0	0	0	0	0	0	0	0	0	0	0	0	0	0	0	0	0	0	0	0	0	0	0	0	0	0	0	0	0	0	0	0	0	0	0	188	2966	254	2394	0	0	0	0	0	0	0	0	0	0	0	0	0	0	0	0	0	0	0	0	0	0	0	0	0	0	0	0	0	0	0	0	0	0	0	0	0	0	0	0	0	0	
61152	Rectus_L	0	0	602	112	3730	0	0	0	1108	0	0	0	0	0	554	0	0	0	0	174	3670	3014	624	0	2460	192	0	326	224	0	4082	876	0	0	0	0	0	0	0	0	0	0	0	0	0	0	0	0	0	0	0	0	0	0	0	0	0	0	0	0	0	0	0	0	0	0	0	0	0	0	3366	2514	2214	544	0	0	0	190	0	0	0	0	0	0	0	0	0	0	0	0	0	0	0	0	0	0	0	0	0	0	0	0	0	0	0	0	0	0	0	0	0	0	0	0	0	0	
104932	Rectus_R	0	0	522	3220	0	8626	138	338	0	916	308	0	0	94	0	1744	230	0	108	486	370	2164	712	3082	550	10034	326	0	388	906	2572	7244	0	218	0	0	0	0	0	0	0	706	0	0	0	0	0	0	0	0	0	0	0	0	0	0	0	0	0	0	0	0	0	0	0	0	0	0	0	0	382	2842	206	2918	0	0	0	0	0	0	0	0	0	116	0	0	0	0	0	0	0	0	0	0	0	0	0	0	0	0	0	0	0	0	0	0	0	0	0	0	0	0	0	0	0	0	
865808	Insula_L	11964	272	51018	5370	11290	106	35968	282	4140	0	15754	1524	33696	698	21812	114	33292	224	23468	8058	1648	0	12806	1718	0	600	224	388	0	1816	6462	1962	2152	3452	1310	1270	14692	1352	932	164	2758	0	1094	0	104	0	482	0	518	0	4498	0	2236	0	8586	148	5734	0	412	0	486	0	916	0	168	0	982	0	426	0	3688	458	23802	576	0	0	1248	1000	20294	0	13416	0	4738	0	12484	0	152	0	8800	0	468	0	0	0	0	0	0	0	234	0	0	0	0	0	0	0	0	0	0	0	0	0	0	0	0	0	
510772	Insula_R	0	9188	1660	24056	0	3370	548	11768	0	1218	0	23898	200	13832	0	12474	1058	15936	4442	10746	0	2540	1366	7368	0	0	0	906	1816	0	606	4598	670	5434	416	230	438	11878	0	4410	0	3842	0	100	0	144	0	314	0	248	0	588	0	732	0	6776	0	3340	0	0	0	334	0	1660	0	234	0	192	0	3516	5036	2828	2148	21330	0	442	364	1528	0	2742	0	7314	0	4052	0	4192	0	152	0	4168	0	0	0	0	0	0	0	0	0	0	0	0	0	0	0	0	0	0	0	0	0	0	0	0	0	0	
466004	Cingulum_Ant_L	144	0	23536	10864	3134	1888	4112	1988	0	0	4246	440	1752	1174	338	94	2258	0	6620	4038	2422	2062	33518	15042	7158	7320	4082	2572	6462	606	0	32938	10382	11534	610	0	0	0	0	0	0	0	0	0	0	0	0	0	0	0	0	0	0	0	0	0	0	0	0	0	0	0	0	0	0	0	0	0	0	0	8178	4192	12984	2220	96	0	406	112	0	0	728	0	608	0	144	0	0	0	0	0	0	0	0	0	0	0	0	0	0	0	0	0	0	0	0	0	0	0	0	0	0	0	0	0	0	0	
680488	Cingulum_Ant_R	184	122	15032	41908	120	11320	1736	7418	0	0	900	2586	350	5300	0	566	916	94	13722	16258	1466	2442	24560	36664	904	11980	876	7244	1962	4598	32938	0	13100	33812	950	1778	590	696	0	0	0	0	0	0	0	0	0	0	0	0	0	0	0	0	0	0	0	0	0	0	0	0	0	0	0	0	0	262	0	300	5144	23556	2774	10358	0	206	266	1786	206	0	100	0	102	92	0	0	0	0	0	0	0	0	0	0	0	0	0	0	0	0	0	0	0	0	0	0	0	0	0	0	0	0	0	0	0	0	
321424	Cingulum_Mid_L	974	0	7714	8176	102	284	1750	3146	0	0	268	226	1662	1518	624	194	180	0	20754	12990	0	0	12390	5972	0	0	0	0	2152	670	10382	13100	0	31400	6080	1856	0	0	0	0	0	0	0	0	798	0	0	0	588	0	1538	0	0	0	250	0	0	196	716	0	0	0	0	0	154	0	3944	1462	3366	1338	396	158	228	0	0	0	0	0	0	0	0	0	0	0	840	0	0	0	176	0	0	0	0	0	0	0	0	0	0	0	0	0	0	0	0	0	0	0	0	0	0	0	0	0	0	0	
710212	Cingulum_Mid_R	2636	3028	11918	30350	0	1096	2196	8600	0	0	212	3544	1514	6382	250	1342	1694	652	37484	51670	0	0	19726	23932	0	290	0	218	3452	5434	11534	33812	31400	0	2420	8568	0	584	0	302	0	0	0	2106	0	1446	0	464	0	208	0	208	0	356	0	716	0	2328	0	0	0	0	0	0	0	0	1330	7610	8054	19218	1808	792	314	544	0	0	0	0	0	0	0	0	0	0	0	730	0	0	0	634	0	0	0	0	0	0	0	0	0	0	0	0	0	0	0	0	0	0	0	0	0	0	0	0	0	0	
163196	Cingulum_Post_L	1550	1628	1482	1072	0	0	2438	0	0	0	0	0	0	0	0	0	382	518	792	2252	0	0	0	138	0	0	0	0	1310	416	610	950	6080	2420	0	8432	8518	5896	1164	1370	0	0	3534	0	1444	0	742	0	266	0	994	0	0	0	1182	1138	326	662	322	0	0	0	0	0	136	0	5512	902	898	894	0	572	0	2018	0	0	2608	4748	1244	0	98	106	0	0	1308	0	0	0	526	0	0	0	0	0	0	0	0	0	0	0	0	0	0	0	0	0	0	0	0	0	0	0	0	0	0	0	
167744	Cingulum_Post_R	1342	1236	798	688	0	0	1080	0	0	0	0	0	0	0	0	0	370	240	294	3154	0	0	0	94	0	0	0	0	1270	230	0	1778	1856	8568	8432	0	5066	7170	394	2138	0	0	112	2650	100	1328	92	2606	0	296	0	0	0	384	150	2538	322	1100	0	0	0	0	0	0	0	0	1064	9968	492	5318	0	456	0	1122	0	0	1446	3424	1212	0	0	0	0	0	252	210	0	0	268	208	0	0	0	0	0	0	0	136	0	0	0	0	0	0	0	0	0	0	0	0	420	0	0	0	0	0	
347544	Hippocampus_L	6074	1958	7836	1396	208	0	5330	0	0	0	554	0	0	0	348	0	3080	528	4788	2070	354	0	114	138	0	0	0	0	14692	438	0	590	0	0	8518	5066	0	6386	13808	1680	6592	0	2894	0	0	0	4456	0	0	0	250	0	144	0	18754	1272	1288	334	0	0	124	0	150	0	0	0	3884	666	132	0	0	586	9478	2038	654	0	8416	5464	7448	0	1150	108	960	0	882	0	0	0	7564	0	742	0	0	0	0	0	636	0	752	0	0	0	0	0	0	0	0	0	0	0	0	0	0	0	0	0	
464336	Hippocampus_R	1528	7456	1622	9516	0	114	2502	1178	0	0	0	1362	0	746	0	282	402	3116	328	6694	0	0	162	458	0	0	0	0	1352	11878	0	696	0	584	5896	7170	6386	0	456	32820	0	9056	0	594	0	868	0	4742	0	1116	0	400	0	846	112	38790	342	1880	0	188	0	522	0	1006	0	618	190	4636	0	1972	222	900	0	21568	0	1244	3670	8580	1264	1776	0	2792	0	1540	218	5270	0	534	246	5678	0	156	0	0	0	0	0	2448	0	922	0	0	0	0	0	0	0	0	0	0	558	0	0	0	0	0	
106508	ParaHippocampal_L	608	0	522	0	0	0	328	0	0	0	0	0	0	0	324	0	200	0	0	0	418	0	0	0	0	0	0	0	932	0	0	0	0	0	1164	394	13808	456	0	412	2412	0	1428	0	0	0	6656	0	0	0	342	0	192	0	10586	308	98	0	0	0	0	0	0	0	0	0	2230	0	0	0	0	0	1158	0	0	0	2240	334	594	0	136	0	560	0	116	0	0	0	582	0	508	0	0	0	178	0	2010	0	1020	0	0	0	0	0	0	0	0	0	0	0	0	0	0	0	0	0	
266136	ParaHippocampal_R	290	614	172	3116	0	0	180	598	0	0	0	188	0	242	0	182	0	906	192	2300	0	164	138	312	0	0	0	0	164	4410	0	0	0	302	1370	2138	1680	32820	412	0	0	7702	0	824	0	0	0	7684	0	0	0	0	0	280	102	30572	0	0	0	0	0	0	0	0	0	0	0	2536	0	0	188	312	0	10288	0	1170	1062	3252	158	1092	0	964	0	1680	0	412	0	642	0	2224	0	296	0	0	0	502	0	4794	0	1262	0	0	0	0	0	0	0	0	0	0	180	0	0	0	0	0	
41496	Amygdala_L	126	0	376	0	142	0	0	0	0	0	0	0	0	0	584	0	0	0	250	0	832	0	0	0	0	0	0	0	2758	0	0	0	0	0	0	0	6592	0	2412	0	0	0	0	0	0	0	0	0	0	0	0	0	0	0	2914	0	0	0	0	0	0	0	0	0	0	0	0	0	0	0	0	0	1812	0	0	0	290	0	0	0	0	0	1056	0	0	0	0	0	604	0	0	0	0	0	0	0	0	0	0	0	0	0	0	0	0	0	0	0	0	0	0	0	0	0	0	0	
78536	Amygdala_R	0	356	0	846	0	388	0	0	0	208	0	0	0	0	0	472	0	0	0	748	0	2006	0	212	0	0	0	706	0	3842	0	0	0	0	0	0	0	9056	0	7702	0	0	0	0	0	0	0	0	0	0	0	0	0	0	0	6774	0	0	0	0	0	0	0	0	0	0	0	0	0	0	0	338	0	2248	0	0	0	540	0	0	0	0	0	2014	0	0	0	512	0	300	0	0	0	0	0	0	0	0	0	0	0	0	0	0	0	0	0	0	0	0	0	0	0	0	0	0	
299512	Calcarine_L	0	0	928	0	0	0	926	0	0	0	0	0	0	0	0	0	0	0	0	0	0	0	0	0	0	0	0	0	1094	0	0	0	0	0	3534	112	2894	0	1428	0	0	0	0	8798	18224	5662	18530	4290	14752	2660	30090	626	7898	416	4250	584	90	0	528	0	138	0	0	0	136	0	13210	448	600	0	0	0	0	0	0	0	0	0	1310	0	90	0	0	0	2254	0	0	0	156	0	180	124	110	0	0	0	648	228	468	266	0	0	0	0	0	0	0	0	0	0	882	194	0	0	0	0	
337624	Calcarine_R	0	488	0	0	0	0	0	0	0	0	0	0	0	0	0	0	0	0	0	174	0	0	0	0	0	0	0	0	0	100	0	0	0	2106	0	2650	0	594	0	824	0	0	8798	0	4342	22328	1292	19914	170	20446	0	12050	0	13194	0	8722	0	5152	0	2036	0	0	0	116	0	0	1046	22022	0	4860	0	0	0	0	0	0	0	0	0	0	0	108	0	0	0	3924	0	0	0	7650	108	964	0	0	0	0	258	454	314	414	0	0	0	0	0	0	0	0	0	0	768	426	0	0	0	0	
198152	Cuneus_L	0	0	0	0	0	0	0	0	0	0	0	0	0	0	0	0	92	0	0	0	0	0	0	0	0	0	0	0	104	0	0	0	798	0	1444	100	0	0	0	0	0	0	18224	4342	0	6660	2906	360	21816	1166	11260	0	1270	130	630	0	308	0	7020	0	198	0	0	0	212	0	15388	1022	2420	0	0	0	0	0	0	0	0	0	108	0	0	0	0	0	1000	0	0	0	98	0	0	0	0	0	0	0	0	0	0	0	0	0	0	0	0	0	0	0	0	0	0	0	0	0	0	0	
284256	Cuneus_R	0	1028	0	90	0	0	0	400	0	0	0	812	0	336	0	0	0	0	0	0	0	0	0	0	0	0	0	0	0	144	0	0	0	1446	0	1328	0	868	0	0	0	0	5662	22328	6660	0	352	3392	574	32086	142	13232	0	2808	0	1854	0	2054	0	6046	0	328	0	838	0	168	3612	25404	0	3334	0	0	0	794	0	0	0	0	0	0	0	160	0	0	0	2752	0	0	0	960	0	136	0	0	0	0	0	0	0	0	0	0	0	0	0	0	0	0	0	0	0	0	0	0	0	0	
370784	Lingual_L	378	0	532	0	0	0	510	0	0	0	0	0	0	0	0	0	0	0	0	0	0	0	0	0	0	0	0	0	482	0	0	0	0	0	742	92	4456	0	6656	0	0	0	18530	1292	2906	352	0	5468	6064	414	19094	100	8064	624	18576	4116	0	0	0	0	0	0	0	0	0	0	4394	106	0	0	0	0	138	0	0	0	1106	0	704	0	0	0	0	0	486	0	0	0	136	0	10120	3378	1748	236	280	400	13958	3962	16018	6816	366	0	764	0	922	562	0	0	266	424	9440	6172	1986	138	172	746	
361064	Lingual_R	0	448	0	290	0	0	0	0	0	0	0	0	0	0	0	0	0	92	0	496	0	0	0	0	0	0	0	0	0	314	0	0	0	464	0	2606	0	4742	0	7684	0	0	4290	19914	360	3392	5468	0	0	6020	0	3968	200	8078	1250	26880	0	776	0	122	0	0	0	0	0	0	126	8718	0	986	0	0	0	0	0	0	122	590	0	186	0	192	0	0	0	850	0	0	0	1588	5636	5160	1576	286	0	988	2432	9034	8582	12742	270	0	670	278	102	422	0	0	186	220	6226	11944	1788	388	390	0	
305504	Occipital_Sup_L	318	0	206	0	0	0	164	0	0	0	0	0	0	0	0	0	954	0	98	0	0	0	0	0	0	0	0	0	518	0	0	0	588	0	266	0	0	0	0	0	0	0	14752	170	21816	574	6064	0	0	0	34658	0	1342	0	564	0	3454	0	28232	0	4262	0	2148	0	1982	0	23424	206	2204	0	0	0	0	0	0	0	0	0	402	0	1118	0	0	0	1714	0	0	0	442	0	0	0	0	0	0	0	0	0	112	0	0	0	0	0	0	0	0	0	0	0	0	0	0	0	0	0	
288256	Occipital_Sup_R	0	2236	0	114	0	0	0	1070	0	0	0	2230	0	1018	0	0	0	154	0	92	0	0	0	0	0	0	0	0	0	248	0	0	0	208	0	296	0	1116	0	0	0	0	2660	20446	1166	32086	414	6020	0	0	0	22774	0	4708	0	4072	0	1616	0	9468	0	348	0	1166	0	2556	758	17564	0	1690	0	0	0	886	0	0	0	0	0	0	0	370	0	0	0	2694	0	0	0	990	0	98	0	0	0	0	0	130	136	184	0	0	0	0	0	0	0	0	0	0	170	176	0	0	0	0	
593920	Occipital_Mid_L	1064	0	3106	0	0	0	3108	0	0	0	0	0	0	0	0	0	3122	0	158	0	0	0	0	0	0	0	0	0	4498	0	0	0	1538	0	994	0	250	0	342	0	0	0	30090	0	11260	142	19094	0	34658	0	0	0	19256	0	8298	0	5726	0	29438	0	16572	0	8342	0	18330	0	25896	0	3936	0	0	0	0	0	0	0	0	0	4968	0	4944	0	0	0	27776	0	0	0	8160	0	488	0	366	0	0	0	0	0	856	0	0	0	0	0	0	0	0	0	0	0	0	0	184	0	0	0	
271608	Occipital_Mid_R	0	1994	0	154	0	0	0	1282	0	0	0	1448	0	1098	0	106	0	408	0	0	0	0	0	0	0	0	0	0	0	588	0	0	0	208	0	0	0	400	0	0	0	0	626	12050	0	13232	100	3968	0	22774	0	0	0	9944	0	2712	0	2896	0	3890	0	6772	0	2642	0	17094	0	8384	0	868	0	0	0	408	0	0	0	0	0	0	0	1452	0	0	0	13140	0	0	0	4952	0	108	0	0	0	0	0	0	0	106	0	0	0	0	0	0	0	0	0	0	0	0	0	0	0	0	
142060	Occipital_Inf_L	0	0	1922	0	0	0	1930	0	0	0	0	0	0	0	0	0	124	0	0	0	0	0	0	0	0	0	0	0	2236	0	0	0	0	0	0	0	144	0	192	0	0	0	7898	0	1270	0	8064	200	1342	0	19256	0	0	0	8820	124	0	0	118	0	0	0	0	0	0	0	2032	0	0	0	0	0	0	0	0	0	0	0	2488	0	120	0	0	0	4086	0	0	0	2448	0	1530	266	634	0	0	0	178	0	1946	340	0	0	0	0	0	0	0	0	0	0	108	512	702	0	0	0	
174160	Occipital_Inf_R	0	648	0	176	0	0	0	104	0	0	0	534	0	0	0	0	0	410	0	194	0	0	0	0	0	0	0	0	0	732	0	0	0	356	0	384	0	846	0	280	0	0	416	13194	130	2808	624	8078	0	4708	0	9944	0	0	0	13720	0	1508	0	222	0	0	0	358	0	0	0	2918	0	1096	0	0	0	0	0	0	0	0	0	286	0	554	0	0	0	4414	0	0	0	11890	204	1584	0	0	0	0	274	514	314	1128	0	0	0	0	0	0	0	0	0	0	696	638	196	0	0	0	
430688	Fusiform_L	1338	0	3530	0	562	0	1988	0	242	0	0	0	0	0	176	0	1024	0	1394	0	278	0	194	0	0	0	0	0	8586	0	0	0	250	0	1182	150	18754	112	10586	102	2914	0	4250	0	630	0	18576	1250	564	0	8298	0	8820	0	0	946	284	0	0	0	0	0	372	0	0	0	2238	0	760	0	0	0	4626	0	108	0	1026	0	3828	0	1062	0	3638	0	3616	0	1862	0	16922	0	24264	826	2526	196	158	182	13364	342	25388	1678	918	0	1298	0	140	150	0	0	314	390	1476	2760	1450	124	110	252	
656684	Fusiform_R	220	1774	172	3692	0	0	180	988	0	0	0	888	0	568	0	480	0	1484	186	2884	0	0	120	300	0	0	0	0	148	6776	0	0	0	716	1138	2538	1272	38790	308	30572	0	6774	584	8722	0	1854	4116	26880	0	4072	0	2712	124	13720	946	0	0	2236	0	450	0	730	0	1772	0	898	120	5124	0	1766	176	190	0	14832	0	926	808	2346	126	1398	0	4462	0	4726	0	12328	0	3050	0	25280	3748	15346	856	662	0	166	2592	10086	5564	20738	210	0	498	450	98	316	0	0	204	196	5788	8376	1448	278	280	0	
338300	Postcentral_L	30168	0	8094	156	0	0	6138	0	0	0	5256	0	1348	0	0	0	13264	0	5780	180	0	0	0	0	0	0	0	0	5734	0	0	0	0	0	326	322	1288	342	98	0	0	0	90	0	308	0	0	0	3454	0	5726	0	0	0	284	0	0	0	10792	0	23434	0	20102	0	1726	0	6510	0	3446	0	0	0	710	114	0	0	586	256	4390	0	6786	0	0	0	1334	0	0	0	608	0	0	0	0	0	0	0	0	0	0	0	0	0	0	0	0	0	0	0	0	0	0	0	0	0	0	0	
282168	Postcentral_R	0	23068	280	1090	0	0	354	2930	0	0	0	6156	0	2592	0	376	0	5468	0	2876	0	0	0	0	0	0	0	0	0	3340	0	0	196	2328	662	1100	334	1880	0	0	0	0	0	5152	0	2054	0	776	0	1616	0	2896	0	1508	0	2236	0	0	0	7168	0	6646	0	18744	0	1456	0	11700	562	9860	154	0	0	1588	0	0	366	636	0	1026	0	908	0	0	0	5590	0	0	0	3232	0	180	0	0	0	0	0	0	0	0	0	0	0	0	0	0	0	0	0	0	0	0	0	0	0	0	
304852	Parietal_Sup_L	342	0	144	0	0	0	96	0	0	0	0	0	0	0	0	0	1816	0	98	0	0	0	0	0	0	0	0	0	412	0	0	0	716	0	322	0	0	0	0	0	0	0	528	0	7020	0	0	0	28232	0	29438	0	118	0	0	0	10792	0	0	0	14402	0	7006	0	6002	0	34938	222	2616	0	0	0	0	0	0	0	0	0	272	0	2898	0	0	0	2474	0	0	0	1522	0	0	0	0	0	0	0	0	0	0	0	0	0	0	0	0	0	0	0	0	0	0	0	0	0	0	0	
120836	Parietal_Sup_R	0	1682	0	0	0	0	0	620	0	0	0	1734	0	620	0	0	0	0	0	0	0	0	0	0	0	0	0	0	0	0	0	0	0	0	0	0	0	188	0	0	0	0	0	2036	0	6046	0	122	0	9468	0	3890	0	222	0	450	0	7168	0	0	0	5234	0	1710	0	2650	0	12862	0	1978	0	0	0	180	0	0	0	0	0	0	0	154	0	0	0	968	0	0	0	340	0	96	0	0	0	0	0	0	0	0	0	0	0	0	0	0	0	0	0	0	0	0	0	0	0	0	
257004	Parietal_Inf_L	6940	0	842	0	0	0	1318	0	0	0	1116	0	0	0	0	0	762	0	562	0	0	0	0	0	0	0	0	0	486	0	0	0	0	0	0	0	124	0	0	0	0	0	138	0	198	0	0	0	4262	0	16572	0	0	0	0	0	23434	0	14402	0	0	0	18612	0	18764	0	8130	0	596	0	0	0	0	0	0	0	0	0	202	0	2436	0	0	0	5838	0	0	0	2768	0	0	0	0	0	0	0	0	0	0	0	0	0	0	0	0	0	0	0	0	0	0	0	0	0	0	0	
105208	Parietal_Inf_R	0	1576	0	100	0	0	0	666	0	0	0	662	0	718	0	0	0	0	0	0	0	0	0	0	0	0	0	0	0	334	0	0	0	0	0	0	0	522	0	0	0	0	0	0	0	328	0	0	0	348	0	6772	0	0	0	730	0	6646	0	5234	0	0	0	8966	0	14512	0	1810	0	0	0	0	0	502	0	0	0	0	0	0	0	194	0	0	0	1746	0	0	0	238	0	0	0	0	0	0	0	0	0	0	0	0	0	0	0	0	0	0	0	0	0	0	0	0	0	0	
198808	SupraMarginal_L	4866	0	488	0	0	0	1054	0	0	0	784	0	0	0	0	0	4704	0	356	0	0	0	0	0	0	0	0	0	916	0	0	0	0	0	0	0	150	0	0	0	0	0	0	0	0	0	0	0	2148	0	8342	0	0	0	372	0	20102	0	7006	0	18612	0	0	0	5422	0	6016	0	186	0	0	0	0	0	0	0	0	0	1166	0	10946	0	0	0	4572	0	0	0	1196	0	0	0	0	0	0	0	0	0	0	0	0	0	0	0	0	0	0	0	0	0	0	0	0	0	0	0	
149644	SupraMarginal_R	0	6698	0	418	0	0	0	824	0	0	0	1686	0	746	0	138	0	3490	0	274	0	0	0	0	0	0	0	0	0	1660	0	0	0	0	0	0	0	1006	0	0	0	0	0	116	0	838	0	0	0	1166	0	2642	0	358	0	1772	0	18744	0	1710	0	8966	0	0	0	4966	0	986	0	788	146	0	0	1028	0	0	0	0	0	722	0	3870	0	0	0	7596	0	0	0	1468	0	0	0	0	0	0	0	0	0	0	0	0	0	0	0	0	0	0	0	0	0	0	0	0	0	0	
155288	Angular_L	188	0	126	0	0	0	0	0	0	0	0	0	0	0	0	0	272	0	0	0	0	0	0	0	0	0	0	0	168	0	0	0	154	0	136	0	0	0	0	0	0	0	136	0	212	0	0	0	1982	0	18330	0	0	0	0	0	1726	0	6002	0	18764	0	5422	0	0	0	5006	0	186	0	0	0	0	0	0	0	0	0	0	0	3928	0	0	0	11458	0	0	0	3448	0	0	0	0	0	0	0	0	0	0	0	0	0	0	0	0	0	0	0	0	0	0	0	0	0	0	0	
112948	Angular_R	0	1070	0	104	0	0	0	682	0	0	0	774	0	730	0	0	0	132	0	0	0	0	0	0	0	0	0	0	0	234	0	0	0	0	0	0	0	618	0	0	0	0	0	0	0	168	0	0	0	2556	0	17094	0	0	0	898	0	1456	0	2650	0	14512	0	4966	0	0	0	238	0	0	0	0	0	566	0	0	0	0	0	0	0	2228	0	0	0	4554	0	0	0	244	0	0	0	0	0	0	0	0	0	0	0	0	0	0	0	0	0	0	0	0	0	0	0	0	0	0	
393728	Precuneus_L	396	0	638	0	0	0	586	0	0	0	0	0	0	0	0	0	1622	0	190	0	0	0	0	0	0	0	0	0	982	0	0	0	3944	1330	5512	1064	3884	190	2230	0	0	0	13210	1046	15388	3612	4394	126	23424	758	25896	0	2032	0	2238	120	6510	0	34938	0	8130	0	6016	0	5006	0	0	5960	5548	196	0	0	0	98	0	0	290	0	858	0	2720	0	0	0	3654	218	0	0	1414	0	0	0	0	0	0	0	320	0	176	0	0	0	0	0	0	0	0	0	0	0	0	0	0	0	0	0	
371540	Precuneus_R	0	1932	0	114	0	0	0	548	0	0	0	1384	0	458	0	0	0	104	0	420	0	0	0	0	0	0	0	0	0	192	0	262	1462	7610	902	9968	666	4636	0	2536	0	0	448	22022	1022	25404	106	8718	206	17564	0	8384	0	2918	0	5124	0	11700	222	12862	0	1810	0	986	0	238	5960	0	128	11654	0	0	0	820	0	0	372	536	0	0	0	172	0	0	0	6646	0	0	0	4568	0	510	0	0	0	0	0	670	0	0	0	0	0	0	0	0	0	0	0	0	806	0	0	0	0	0	
194296	Paracentral_Lobule_L	14424	1524	6832	1128	0	0	882	0	0	0	0	0	0	0	0	0	296	0	10204	9716	0	0	0	0	0	0	0	0	426	0	0	0	3366	8054	898	492	132	0	0	0	0	0	600	0	2420	0	0	0	2204	0	3936	0	0	0	760	0	3446	562	2616	0	596	0	186	0	186	0	5548	128	0	5942	950	154	176	0	142	0	3256	102	0	0	272	0	0	0	3548	0	0	0	1044	0	0	0	0	0	0	0	0	0	0	0	0	0	0	0	0	0	0	0	0	0	0	0	0	0	0	0	
241436	Paracentral_Lobule_R	882	10842	160	682	0	0	0	602	0	0	0	1416	0	388	0	0	0	1944	3300	17976	0	0	0	0	0	0	0	0	0	3516	0	300	1338	19218	894	5318	0	1972	0	0	0	0	0	4860	0	3334	0	986	0	1690	0	868	0	1096	0	1766	0	9860	0	1978	0	0	0	788	0	0	196	11654	5942	0	0	0	0	312	0	0	0	0	0	0	0	150	0	0	0	2466	0	0	0	1894	0	130	0	0	0	0	0	0	0	0	0	0	0	0	0	0	0	0	0	0	0	0	0	0	0	0	
275692	Caudate_L	1664	186	10534	3150	542	314	764	194	0	0	176	4940	184	996	136	308	2536	242	14490	4222	5988	7046	4930	914	644	188	3366	382	3688	5036	8178	5144	396	1808	0	0	0	222	0	188	0	0	0	0	0	0	0	0	0	0	0	0	0	0	0	176	0	154	0	0	0	0	0	146	0	0	0	0	950	0	0	10158	20334	2502	3098	314	5144	1066	0	0	0	0	0	108	0	0	0	0	0	0	0	0	0	0	0	0	0	0	0	0	0	0	0	0	0	0	0	0	0	0	0	0	0	0	0	0	
373700	Caudate_R	324	3340	3378	23578	270	5942	356	566	0	168	0	1396	0	1112	0	1774	146	94	3744	26556	4544	7930	1082	7834	154	2966	2514	2842	458	2828	4192	23556	158	792	572	456	586	900	0	312	0	338	0	0	0	0	0	0	0	0	0	0	0	0	0	190	0	0	0	0	0	0	0	0	0	0	0	0	154	0	10158	0	4180	16188	174	2486	706	14474	210	0	0	0	0	172	0	0	0	0	0	0	0	0	0	0	0	0	0	0	0	0	0	0	0	0	0	0	0	0	0	0	0	0	0	0	0	0	
400016	Putamen_L	2016	0	25592	1192	9874	136	1734	0	2564	0	1168	2110	392	414	3512	156	5452	0	24836	1250	3132	3476	9422	924	1062	254	2214	206	23802	2148	12984	2774	228	314	0	0	9478	0	1158	0	1812	0	0	0	0	0	138	0	0	0	0	0	0	0	4626	0	710	0	0	0	0	0	0	0	0	0	0	0	176	0	20334	4180	0	1342	5164	126	2012	456	172	0	678	0	452	0	96	0	0	0	1454	0	0	0	0	0	0	0	0	0	106	0	0	0	0	0	0	0	0	0	0	0	0	0	0	0	0	0	
413704	Putamen_R	260	2270	1504	17710	0	4916	1492	5422	0	618	0	2628	0	3598	0	2704	176	4382	936	9530	872	2660	302	6208	0	2394	544	2918	576	21330	2220	10358	0	544	2018	1122	2038	21568	0	10288	0	2248	0	0	0	794	0	0	0	886	0	408	0	0	0	14832	114	1588	0	180	0	502	0	1028	0	566	98	820	0	312	2502	16188	1342	0	0	3270	1492	3712	426	148	0	1380	0	134	0	3852	0	0	0	1534	0	0	0	0	0	0	0	0	0	390	0	0	0	0	0	0	0	0	0	0	0	0	0	0	0	0	
38420	Pallidum_L	304	0	2436	0	0	0	0	0	0	0	0	0	0	0	0	0	0	0	5356	0	0	98	0	0	0	0	0	0	0	0	96	0	0	0	0	0	654	0	0	0	0	0	0	0	0	0	0	0	0	0	0	0	0	0	108	0	0	0	0	0	0	0	0	0	0	0	0	0	142	0	3098	174	5164	0	0	0	1580	0	0	0	0	0	0	0	0	0	0	0	0	0	0	0	0	0	0	0	0	0	0	0	0	0	0	0	0	0	0	0	0	0	0	0	0	0	0	0	
36460	Pallidum_R	0	0	0	3994	0	0	0	114	0	0	0	0	0	0	0	0	0	0	104	3432	0	258	0	0	0	0	0	0	0	442	0	206	0	0	0	0	0	1244	0	1170	0	0	0	0	0	0	0	0	0	0	0	0	0	0	0	926	0	0	0	0	0	0	0	0	0	0	0	0	0	0	314	2486	126	3270	0	0	0	144	0	0	0	0	0	0	0	0	0	0	0	0	0	0	0	0	0	0	0	0	0	0	0	0	0	0	0	0	0	0	0	0	0	0	0	0	0	0	
201564	Thalamus_L	12902	3114	16704	1564	0	0	4110	0	0	0	0	0	0	0	0	0	578	430	5272	3212	0	0	132	0	0	0	0	0	1248	364	406	266	0	0	2608	1446	8416	3670	2240	1062	290	0	0	0	0	0	1106	122	0	0	0	0	0	0	1026	808	586	366	0	0	0	0	0	0	0	0	290	372	3256	0	5144	706	2012	1492	1580	0	0	9658	784	0	0	98	0	0	202	0	0	0	904	0	236	0	0	0	0	0	0	0	0	0	0	0	0	0	0	0	0	0	0	0	0	0	0	0	0	0	
283776	Thalamus_R	2852	15264	2318	20204	0	292	2896	116	0	0	0	0	0	0	0	106	316	1070	184	27668	558	914	0	340	0	0	190	0	1000	1528	112	1786	0	0	4748	3424	5464	8580	334	3252	0	540	0	0	0	0	0	590	0	0	0	0	0	0	0	2346	256	636	0	0	0	0	0	0	0	0	0	536	102	0	1066	14474	456	3712	0	144	9658	0	904	0	0	202	0	0	0	0	0	0	0	0	0	0	0	0	0	0	0	636	0	114	0	0	0	0	0	0	0	0	0	0	0	0	0	0	0	0	
234556	Heschl_L	4184	274	9562	456	0	0	8852	0	0	0	930	0	0	0	0	0	9502	0	3296	420	0	0	0	0	0	0	0	0	20294	0	0	206	0	0	1244	1212	7448	1264	594	158	0	0	1310	0	108	0	704	0	402	0	4968	0	2488	0	3828	126	4390	0	272	0	202	0	1166	0	0	0	858	0	0	0	0	210	172	426	0	0	784	904	0	0	8548	0	0	0	10078	0	0	0	4656	0	568	0	0	0	0	0	0	0	214	0	0	0	0	0	0	0	0	0	0	0	0	0	0	0	0	0	
43728	Heschl_R	0	138	0	294	0	0	0	122	0	0	0	140	0	0	0	226	0	3426	0	158	0	0	0	0	0	0	0	0	0	2742	0	0	0	0	0	0	0	1776	0	1092	0	0	0	0	0	0	0	186	0	0	0	0	0	286	0	1398	0	1026	0	0	0	0	0	722	0	0	0	0	0	0	0	0	0	148	0	0	0	0	0	0	0	4684	0	478	0	1680	0	0	0	1142	0	0	0	0	0	0	0	0	0	0	0	0	0	0	0	0	0	0	0	0	0	0	0	0	0	0	
289152	Temporal_Sup_L	3716	0	2060	0	0	0	1952	0	0	0	2980	0	170	0	1332	0	13502	0	1172	106	0	0	90	0	0	0	0	0	13416	0	728	100	0	0	98	0	1150	0	136	0	0	0	90	0	0	0	0	0	1118	0	4944	0	120	0	1062	0	6786	0	2898	0	2436	0	10946	0	3928	0	2720	0	272	0	0	0	678	0	0	0	0	0	8548	0	0	0	7282	0	33488	0	0	0	14552	0	0	0	0	0	0	0	0	0	0	0	0	0	0	0	0	0	0	0	0	0	0	0	0	0	0	0	
137248	Temporal_Sup_R	0	414	98	1324	0	0	106	170	0	0	0	480	0	180	0	1074	0	5962	0	748	0	0	0	0	0	0	0	0	0	7314	0	0	0	0	106	0	108	2792	0	964	0	0	0	108	0	160	0	192	0	370	0	1452	0	554	0	4462	0	908	0	154	0	194	0	3870	0	2228	0	172	0	150	0	0	0	1380	0	0	98	202	0	4684	0	0	0	4760	0	14866	0	574	0	5246	0	0	0	0	0	0	0	0	0	0	0	0	0	0	0	0	0	0	0	0	0	0	0	0	0	0	
122244	Temporal_Pole_Sup_L	186	0	498	0	746	0	434	0	478	0	1544	0	354	0	3892	0	1292	0	0	0	552	0	152	0	0	0	0	0	4738	0	608	102	0	0	0	0	960	0	560	0	1056	0	0	0	0	0	0	0	0	0	0	0	0	0	3638	0	0	0	0	0	0	0	0	0	0	0	0	0	0	0	0	0	452	0	0	0	0	0	0	0	7282	0	0	0	12760	0	6808	0	12030	0	0	0	0	0	0	0	0	0	0	0	0	0	0	0	0	0	0	0	0	0	0	0	0	0	0	0	
86908	Temporal_Pole_Sup_R	0	0	0	808	0	334	0	280	0	144	0	1756	0	302	0	3530	0	1638	90	386	0	110	0	110	0	0	0	116	0	4052	0	92	0	0	0	0	0	1540	0	1680	0	2014	0	0	0	0	0	0	0	0	0	0	0	0	0	4726	0	0	0	0	0	0	0	0	0	0	0	0	0	0	108	172	0	134	0	0	0	0	0	478	0	4760	0	0	0	2180	0	7068	0	4846	0	0	0	0	0	0	0	0	0	0	0	0	0	0	0	0	0	0	0	0	0	0	0	0	0	0	
412364	Temporal_Mid_L	1074	0	4212	0	0	0	4006	0	0	0	504	0	0	0	1302	0	5362	0	382	0	0	0	0	0	0	0	0	0	12484	0	144	0	840	0	1308	252	882	218	116	0	0	0	2254	0	1000	0	486	0	1714	0	27776	0	4086	0	3616	0	1334	0	2474	0	5838	0	4572	0	11458	0	3654	0	3548	0	0	0	96	0	0	0	202	0	10078	0	33488	0	12760	0	0	0	4464	0	38198	0	0	0	0	0	0	0	0	0	0	0	0	0	0	0	0	0	0	0	0	0	0	0	0	0	0	0	
286252	Temporal_Mid_R	0	2496	0	1042	0	0	0	706	0	0	0	1342	0	594	0	200	0	1778	0	958	0	0	0	0	0	0	0	0	0	4192	0	0	0	730	0	210	0	5270	0	412	0	0	0	3924	0	2752	0	850	0	2694	0	13140	0	4414	0	12328	0	5590	0	968	0	1746	0	7596	0	4554	218	6646	0	2466	0	0	0	3852	0	0	0	0	0	1680	0	14866	0	2180	0	0	0	1658	0	28864	0	210	0	0	0	0	0	0	0	0	0	0	0	0	0	0	0	0	0	0	0	0	0	0	0	0	
38284	Temporal_Pole_Mid_L	0	0	0	0	0	0	0	0	0	0	0	0	0	0	0	0	0	0	0	0	0	0	0	0	0	0	0	0	152	0	0	0	0	0	0	0	0	0	0	0	0	0	0	0	0	0	0	0	0	0	0	0	0	0	1862	0	0	0	0	0	0	0	0	0	0	0	0	0	0	0	0	0	0	0	0	0	0	0	0	0	0	0	6808	0	4464	0	0	0	5856	0	0	0	0	0	0	0	0	0	0	0	0	0	0	0	0	0	0	0	0	0	0	0	0	0	0	0	
39380	Temporal_Pole_Mid_R	0	0	0	0	0	0	0	0	0	0	0	0	0	0	0	400	0	0	0	0	0	0	0	0	0	0	0	0	0	152	0	0	0	0	0	0	0	534	0	642	0	512	0	0	0	0	0	0	0	0	0	0	0	0	0	3050	0	0	0	0	0	0	0	0	0	0	0	0	0	0	0	0	0	0	0	0	0	0	0	0	0	574	0	7068	0	1658	0	0	0	5100	0	0	0	0	0	0	0	0	0	0	0	0	0	0	0	0	0	0	0	0	0	0	0	0	0	0	
304088	Temporal_Inf_L	758	0	2176	0	342	0	1462	0	178	0	0	0	0	0	450	0	3632	0	896	0	0	0	90	0	0	0	0	0	8800	0	0	0	176	0	526	268	7564	246	582	0	604	0	156	0	98	0	136	0	442	0	8160	0	2448	0	16922	0	608	0	1522	0	2768	0	1196	0	3448	0	1414	0	1044	0	0	0	1454	0	0	0	904	0	4656	0	14552	0	12030	0	38198	0	5856	0	0	0	3872	0	278	0	0	0	0	0	608	0	264	0	260	0	0	0	0	0	0	0	0	0	0	0	0	0	
268484	Temporal_Inf_R	0	1252	0	486	0	0	0	426	0	0	0	1154	0	286	0	150	0	1128	0	612	0	0	0	0	0	0	0	0	0	4168	0	0	0	634	0	208	0	5678	0	2224	0	300	0	7650	0	960	0	1588	0	990	0	4952	0	11890	0	25280	0	3232	0	340	0	238	0	1468	0	244	0	4568	0	1894	0	0	0	1534	0	0	0	0	0	1142	0	5246	0	4846	0	28864	0	5100	0	0	0	3134	0	100	0	0	0	0	0	276	0	0	0	0	0	0	0	0	0	0	0	0	0	0	0	0	
573952	Cerebelum_Crus1_L	216	0	200	0	0	0	184	0	0	0	0	0	0	0	0	0	0	0	0	0	0	0	0	0	0	0	0	0	468	0	0	0	0	0	0	0	742	0	508	0	0	0	180	108	0	0	10120	5636	0	0	488	0	1530	204	24264	3748	0	0	0	0	0	0	0	0	0	0	0	0	0	0	0	0	0	0	0	0	236	0	568	0	0	0	0	0	0	0	0	0	3872	0	0	6178	32312	2882	702	1054	30592	1016	66684	9928	16664	188	19606	1164	4790	1888	2248	0	2094	2508	6852	12168	7760	1118	2014	1294	
402072	Cerebelum_Crus1_R	0	0	0	0	0	0	0	0	0	0	0	0	0	0	0	0	0	0	0	0	0	0	0	0	0	0	0	0	0	0	0	0	0	0	0	0	0	156	0	296	0	0	124	964	0	136	3378	5160	0	98	0	108	266	1584	826	15346	0	180	0	96	0	0	0	0	0	0	0	510	0	130	0	0	0	0	0	0	0	0	0	0	0	0	0	0	0	210	0	0	0	3134	6178	0	5220	25416	194	1440	3542	17086	5116	47802	1218	3710	1588	13170	290	2490	0	406	490	1166	7584	9046	11178	1888	1960	156	
387676	Cerebelum_Crus2_L	0	0	0	0	0	0	0	0	0	0	0	0	0	0	0	0	0	0	0	0	0	0	0	0	0	0	0	0	0	0	0	0	0	0	0	0	0	0	0	0	0	0	110	0	0	0	1748	1576	0	0	366	0	634	0	2526	856	0	0	0	0	0	0	0	0	0	0	0	0	0	0	0	0	0	0	0	0	0	0	0	0	0	0	0	0	0	0	0	0	278	0	32312	5220	0	10356	0	0	1868	196	9924	3494	41330	4638	40270	8038	7972	870	696	0	0	94	482	2878	9392	4276	1320	118	
231028	Cerebelum_Crus2_R	0	0	0	0	0	0	0	0	0	0	0	0	0	0	0	0	0	0	0	0	0	0	0	0	0	0	0	0	0	0	0	0	0	0	0	0	0	0	0	0	0	0	0	0	0	0	236	286	0	0	0	0	0	0	196	662	0	0	0	0	0	0	0	0	0	0	0	0	0	0	0	0	0	0	0	0	0	0	0	0	0	0	0	0	0	0	0	0	0	100	2882	25416	10356	0	0	162	290	1016	896	6118	3308	18536	3854	24538	364	2156	0	0	0	132	418	922	9276	1832	1448	114	
50872	Cerebelum_3_L	0	0	0	0	0	0	0	0	0	0	0	0	0	0	0	0	0	0	0	0	0	0	0	0	0	0	0	0	0	0	0	0	0	0	0	0	0	0	178	0	0	0	0	0	0	0	280	0	0	0	0	0	0	0	158	0	0	0	0	0	0	0	0	0	0	0	0	0	0	0	0	0	0	0	0	0	0	0	0	0	0	0	0	0	0	0	0	0	0	0	702	194	0	0	0	448	7998	246	1010	636	0	0	0	0	378	492	0	0	2696	4148	4034	716	212	250	422	238	
65748	Cerebelum_3_R	0	0	0	0	0	0	0	0	0	0	0	0	0	0	0	0	0	0	0	0	0	0	0	0	0	0	0	0	0	0	0	0	0	0	0	0	0	0	0	502	0	0	0	0	0	0	400	988	0	0	0	0	0	0	182	166	0	0	0	0	0	0	0	0	0	0	0	0	0	0	0	0	0	0	0	0	0	0	0	0	0	0	0	0	0	0	0	0	0	0	1054	1440	0	162	448	0	2582	4168	1676	4106	0	0	0	250	344	1656	0	116	1278	3642	3704	1360	836	628	918	268	
397660	Cerebelum_4_5_L	0	0	0	0	0	0	0	0	0	0	0	0	0	0	0	0	0	0	0	0	0	0	0	0	0	0	0	0	0	0	0	0	0	0	0	0	636	0	2010	0	0	0	648	258	0	0	13958	2432	0	0	0	0	178	274	13364	2592	0	0	0	0	0	0	0	0	0	0	320	0	0	0	0	0	0	0	0	0	0	0	0	0	0	0	0	0	0	0	0	0	0	0	30592	3542	1868	290	7998	2582	0	6252	39188	8424	1080	0	1626	248	3956	3242	384	92	5060	6280	22854	8216	1364	1222	2316	3484	
225348	Cerebelum_4_5_R	0	248	0	168	0	0	0	0	0	0	0	0	0	0	0	0	0	0	0	290	0	0	0	0	0	0	0	0	0	0	0	0	0	0	0	136	0	2448	0	4794	0	0	228	454	0	0	3962	9034	0	130	0	0	0	514	342	10086	0	0	0	0	0	0	0	0	0	0	0	670	0	0	0	0	0	0	0	0	0	636	0	0	0	0	0	0	0	0	0	0	0	0	1016	17086	196	1016	246	4168	6252	0	2304	25906	0	0	94	1060	862	628	0	0	246	1286	13236	1462	578	210	256	426	
542924	Cerebelum_6_L	106	0	0	0	0	0	0	0	0	0	0	0	0	0	0	0	0	0	0	0	0	0	0	0	0	0	0	0	234	0	0	0	0	0	0	0	752	0	1020	0	0	0	468	314	0	0	16018	8582	112	136	856	0	1946	314	25388	5564	0	0	0	0	0	0	0	0	0	0	176	0	0	0	0	0	106	0	0	0	0	0	214	0	0	0	0	0	0	0	0	0	608	0	66684	5116	9924	896	1010	1676	39188	2304	0	12120	6412	0	8222	746	4178	2576	2388	0	2732	3258	11510	16842	4960	1488	2338	1980	
468972	Cerebelum_6_R	0	0	0	110	0	0	0	116	0	0	0	0	0	0	0	0	0	0	0	0	0	0	0	0	0	0	0	0	0	0	0	0	0	0	0	0	0	922	0	1262	0	0	266	414	0	0	6816	12742	0	184	0	106	340	1128	1678	20738	0	0	0	0	0	0	0	0	0	0	0	0	0	0	0	0	0	390	0	0	0	114	0	0	0	0	0	0	0	0	0	0	0	276	9928	47802	3494	6118	636	4106	8424	25906	12120	0	932	272	1586	6126	686	3766	110	1122	1134	2356	15526	17202	11174	3052	2950	356	
291096	Cerebelum_7b_L	0	0	0	0	0	0	0	0	0	0	0	0	0	0	0	0	0	0	0	0	0	0	0	0	0	0	0	0	0	0	0	0	0	0	0	0	0	0	0	0	0	0	0	0	0	0	366	270	0	0	0	0	0	0	918	210	0	0	0	0	0	0	0	0	0	0	0	0	0	0	0	0	0	0	0	0	0	0	0	0	0	0	0	0	0	0	0	0	264	0	16664	1218	41330	3308	0	0	1080	0	6412	932	0	1720	43130	6220	8920	690	1222	0	0	0	146	638	3484	5396	1010	0	
124176	Cerebelum_7b_R	0	0	0	0	0	0	0	0	0	0	0	0	0	0	0	0	0	0	0	0	0	0	0	0	0	0	0	0	0	0	0	0	0	0	0	0	0	0	0	0	0	0	0	0	0	0	0	0	0	0	0	0	0	0	0	0	0	0	0	0	0	0	0	0	0	0	0	0	0	0	0	0	0	0	0	0	0	0	0	0	0	0	0	0	0	0	0	0	0	0	188	3710	4638	18536	0	0	0	0	0	272	1720	0	2414	22124	232	3344	0	0	0	0	0	98	2350	1964	498	0	
343724	Cerebelum_8_L	0	0	0	0	0	0	0	0	0	0	0	0	0	0	0	0	0	0	0	0	0	0	0	0	0	0	0	0	0	0	0	0	0	0	0	0	0	0	0	0	0	0	0	0	0	0	764	670	0	0	0	0	0	0	1298	498	0	0	0	0	0	0	0	0	0	0	0	0	0	0	0	0	0	0	0	0	0	0	0	0	0	0	0	0	0	0	0	0	260	0	19606	1588	40270	3854	0	0	1626	94	8222	1586	43130	2414	0	8914	15882	1648	1444	0	0	102	364	1548	4726	8270	2872	212	
258764	Cerebelum_8_R	0	0	0	0	0	0	0	0	0	0	0	0	0	0	0	0	0	0	0	0	0	0	0	0	0	0	0	0	0	0	0	0	0	0	0	0	0	0	0	0	0	0	0	0	0	0	0	278	0	0	0	0	0	0	0	450	0	0	0	0	0	0	0	0	0	0	0	0	0	0	0	0	0	0	0	0	0	0	0	0	0	0	0	0	0	0	0	0	0	0	1164	13170	8038	24538	0	250	248	1060	746	6126	6220	22124	8914	0	1030	14936	0	888	122	282	458	1504	5864	7814	2978	180	
140332	Cerebelum_9_L	0	0	0	0	0	0	0	0	0	0	0	0	0	0	0	0	0	0	0	0	0	0	0	0	0	0	0	0	0	0	0	0	0	0	0	0	0	0	0	0	0	0	0	0	0	0	922	102	0	0	0	0	0	0	140	98	0	0	0	0	0	0	0	0	0	0	0	0	0	0	0	0	0	0	0	0	0	0	0	0	0	0	0	0	0	0	0	0	0	0	4790	290	7972	364	378	344	3956	862	4178	686	8920	232	15882	1030	0	2382	2654	0	442	454	3464	1896	908	1832	3158	1830	
158164	Cerebelum_9_R	0	0	0	0	0	0	0	0	0	0	0	0	0	0	0	0	0	0	0	0	0	0	0	0	0	0	0	0	0	0	0	0	0	0	0	0	0	0	0	0	0	0	0	0	0	0	562	422	0	0	0	0	0	0	150	316	0	0	0	0	0	0	0	0	0	0	0	0	0	0	0	0	0	0	0	0	0	0	0	0	0	0	0	0	0	0	0	0	0	0	1888	2490	870	2156	492	1656	3242	628	2576	3766	690	3344	1648	14936	2382	0	114	1934	1962	2726	3722	5116	4432	4696	7868	2298	
24292	Cerebelum_10_L	0	0	0	0	0	0	0	0	0	0	0	0	0	0	0	0	0	0	0	0	0	0	0	0	0	0	0	0	0	0	0	0	0	0	0	0	0	0	0	0	0	0	0	0	0	0	0	0	0	0	0	0	0	0	0	0	0	0	0	0	0	0	0	0	0	0	0	0	0	0	0	0	0	0	0	0	0	0	0	0	0	0	0	0	0	0	0	0	0	0	2248	0	696	0	0	0	384	0	2388	110	1222	0	1444	0	2654	114	0	0	0	94	240	154	124	122	152	0	
