data	data	530596	122612	712296	781580	162932	126248	410972	287384	93036	57664	157116	191984	206268	206060	162508	148844	189272	106360	743868	714268	98360	129500	444512	428092	64656	130348	97960	105880	498684	421868	378820	569684	183180	587656	141520	225120	290568	330352	106628	217412	39356	64564	323868	366156	189848	326072	294692	313460	216344	299312	475908	187660	189028	100188	380112	595888	228116	93328	83264	54228	126180	93808	97992	104580	79664	121212	249140	426064	300092	133408	286040	366944	265628	341644	53712	17712	223300	240364	72684	26164	190888	119404	79300	84808	363700	212456	20168	48348	295948	323060	459368	399420	354060	301532	32596	78528	284108	253900	460880	446048	319008	187796	326504	318852	132216	150664	13688	6688	45304	80304	217620	260184	210360	171472	105436	15824	
data	data	Precentral_L	Precentral_R	Frontal_Sup_L	Frontal_Sup_R	Frontal_Sup_Orb_L	Frontal_Sup_Orb_R	Frontal_Mid_L	Frontal_Mid_R	Frontal_Mid_Orb_L	Frontal_Mid_Orb_R	Frontal_Inf_Oper_L	Frontal_Inf_Oper_R	Frontal_Inf_Tri_L	Frontal_Inf_Tri_R	Frontal_Inf_Orb_L	Frontal_Inf_Orb_R	Rolandic_Oper_L	Rolandic_Oper_R	Supp_Motor_Area_L	Supp_Motor_Area_R	Olfactory_L	Olfactory_R	Frontal_Sup_Medial_L	Frontal_Sup_Medial_R	Frontal_Med_Orb_L	Frontal_Med_Orb_R	Rectus_L	Rectus_R	Insula_L	Insula_R	Cingulum_Ant_L	Cingulum_Ant_R	Cingulum_Mid_L	Cingulum_Mid_R	Cingulum_Post_L	Cingulum_Post_R	Hippocampus_L	Hippocampus_R	ParaHippocampal_L	ParaHippocampal_R	Amygdala_L	Amygdala_R	Calcarine_L	Calcarine_R	Cuneus_L	Cuneus_R	Lingual_L	Lingual_R	Occipital_Sup_L	Occipital_Sup_R	Occipital_Mid_L	Occipital_Mid_R	Occipital_Inf_L	Occipital_Inf_R	Fusiform_L	Fusiform_R	Postcentral_L	Postcentral_R	Parietal_Sup_L	Parietal_Sup_R	Parietal_Inf_L	Parietal_Inf_R	SupraMarginal_L	SupraMarginal_R	Angular_L	Angular_R	Precuneus_L	Precuneus_R	Paracentral_Lobule_L	Paracentral_Lobule_R	Caudate_L	Caudate_R	Putamen_L	Putamen_R	Pallidum_L	Pallidum_R	Thalamus_L	Thalamus_R	Heschl_L	Heschl_R	Temporal_Sup_L	Temporal_Sup_R	Temporal_Pole_Sup_L	Temporal_Pole_Sup_R	Temporal_Mid_L	Temporal_Mid_R	Temporal_Pole_Mid_L	Temporal_Pole_Mid_R	Temporal_Inf_L	Temporal_Inf_R	Cerebelum_Crus1_L	Cerebelum_Crus1_R	Cerebelum_Crus2_L	Cerebelum_Crus2_R	Cerebelum_3_L	Cerebelum_3_R	Cerebelum_4_5_L	Cerebelum_4_5_R	Cerebelum_6_L	Cerebelum_6_R	Cerebelum_7b_L	Cerebelum_7b_R	Cerebelum_8_L	Cerebelum_8_R	Cerebelum_9_L	Cerebelum_9_R	Cerebelum_10_L	Cerebelum_10_R	Vermis_1_2	Vermis_3	Vermis_4_5	Vermis_6	Vermis_7	Vermis_8	Vermis_9	Vermis_10	
530596	Precentral_L	0	1554	24576	6762	0	0	24992	2920	0	0	6350	0	958	0	0	0	6890	92	25292	8518	0	0	138	0	0	0	0	0	7594	166	1164	180	1294	1384	5560	2718	5582	2024	902	566	0	0	308	0	380	0	826	550	232	0	3198	0	544	0	636	242	25270	178	590	0	1936	0	1970	0	854	0	1284	578	41420	2094	6158	1452	5500	524	3762	0	16184	2824	1400	0	1296	0	0	0	3348	0	0	0	1584	0	0	0	0	0	0	0	0	0	0	0	0	0	0	0	0	0	0	0	0	0	0	0	0	0	0	0	
122612	Precentral_R	1554	0	1404	6914	0	0	946	9010	0	0	0	1800	0	0	0	0	0	1704	3288	7292	0	0	0	0	0	0	0	0	0	888	0	106	0	592	0	452	0	1076	0	268	0	0	0	370	0	260	0	0	0	0	0	258	0	856	0	1250	0	7858	0	0	0	106	0	802	0	0	0	888	406	5378	536	418	86	656	0	134	0	890	0	168	0	198	0	0	0	130	0	0	0	1846	0	228	0	0	0	0	0	0	0	290	0	0	0	0	0	0	0	0	0	0	0	0	0	0	0	0	
712296	Frontal_Sup_L	24576	1404	0	6088	6368	0	55868	3160	2244	0	4188	182	12406	662	5840	0	5106	0	75022	6260	0	0	45718	2252	2788	0	478	0	18386	238	14366	3844	8002	2776	348	458	2968	714	304	126	0	0	0	0	0	0	212	0	0	0	0	0	0	0	232	0	5974	112	0	0	256	0	1292	0	0	0	156	90	9020	0	4332	736	9498	278	3990	0	2550	2502	636	0	514	0	160	0	232	0	0	0	236	0	0	0	0	0	0	0	0	0	0	0	0	0	0	0	0	0	0	0	0	0	0	0	0	0	0	0	
781580	Frontal_Sup_R	6762	6914	6088	0	0	6166	2932	34110	0	1338	284	13788	128	9008	0	7206	144	5274	15562	61998	0	322	12196	39398	0	3264	0	748	426	24100	4894	39724	3530	21046	1028	2502	114	2466	0	462	0	82	0	0	0	0	0	92	0	0	0	0	0	0	0	400	116	720	0	0	0	0	0	96	0	0	0	350	4454	182	1084	19892	102	12390	0	838	2488	12714	0	314	0	266	0	144	0	0	0	0	0	144	0	0	0	0	0	0	0	0	0	0	0	0	0	0	0	0	0	0	0	0	0	0	0	0	0	0	
162932	Frontal_Sup_Orb_L	0	0	6368	0	0	236	2044	0	10420	0	0	0	924	0	11948	0	0	0	256	0	3490	1392	4390	126	7850	564	9800	738	6782	0	6130	224	172	0	0	0	0	0	0	0	0	0	0	0	0	0	0	0	0	0	0	0	0	0	0	0	0	0	0	0	0	0	0	0	0	0	0	0	0	0	2770	1152	2490	294	0	0	0	0	0	0	0	0	906	0	0	0	0	0	0	0	0	0	0	0	0	0	0	0	0	0	0	0	0	0	0	0	0	0	0	0	0	0	0	0	0	0	
126248	Frontal_Sup_Orb_R	0	0	0	6166	236	0	0	768	140	5880	0	0	0	560	132	4658	0	0	0	340	360	2684	110	3662	240	8808	816	10520	0	2522	218	5402	0	0	0	0	0	0	0	0	0	0	0	0	0	0	0	0	0	0	0	0	0	0	0	0	0	0	0	0	0	0	0	0	0	0	0	0	0	0	350	3280	0	5174	0	0	0	98	0	0	0	0	0	0	0	0	0	0	0	0	0	0	0	0	0	0	0	0	0	0	0	0	0	0	0	0	0	0	0	0	0	0	0	0	0	0	
410972	Frontal_Mid_L	24992	946	55868	2932	2044	0	0	2736	2344	0	5070	464	25944	0	6024	0	1112	0	17654	734	0	0	17468	78	300	0	0	0	12024	502	7600	486	3200	116	292	378	1568	326	108	0	0	0	0	0	0	0	0	0	0	0	0	0	0	0	78	0	324	198	0	0	0	0	0	0	0	0	92	110	2692	0	3308	1180	752	1114	0	0	1150	900	92	0	0	0	0	0	90	0	0	0	96	0	0	0	0	0	0	0	0	0	0	0	0	0	0	0	0	0	0	0	0	0	0	0	0	0	0	0	
287384	Frontal_Mid_R	2920	9010	3160	34110	0	768	2736	0	0	1232	0	9994	0	14472	0	3624	82	5884	4756	5274	0	0	4002	3778	0	82	0	0	140	8780	220	5416	1170	9322	552	894	468	1754	0	232	0	0	0	0	0	0	0	0	0	0	0	0	0	0	0	0	0	176	0	0	0	0	0	0	0	0	0	194	86	0	1266	1540	114	2694	0	338	580	1296	0	276	0	172	0	128	0	0	0	0	0	0	0	0	0	0	0	0	0	0	0	0	0	0	0	0	0	0	0	0	0	0	0	0	0	0	0	0	
93036	Frontal_Mid_Orb_L	0	0	2244	0	10420	140	2344	0	0	0	0	0	2086	0	15014	0	0	0	0	0	574	518	204	80	1286	98	2692	366	3766	0	1154	84	0	0	0	0	0	0	0	0	0	0	0	0	0	0	0	0	0	0	0	0	0	0	0	0	0	0	0	0	0	0	0	0	0	0	0	0	0	0	612	434	1188	176	0	0	0	0	0	0	0	0	1038	0	0	0	0	0	0	0	0	0	0	0	0	0	0	0	0	0	0	0	0	0	0	0	0	0	0	0	0	0	0	0	0	0	
57664	Frontal_Mid_Orb_R	0	0	0	1338	0	5880	0	1232	0	0	0	0	0	1736	0	11068	0	0	0	0	0	208	0	444	0	890	0	1522	0	2724	0	366	0	0	0	0	0	0	0	0	0	0	0	0	0	0	0	0	0	0	0	0	0	0	0	0	0	0	0	0	0	0	0	0	0	0	0	0	0	0	0	394	0	1030	0	0	0	0	0	0	0	0	0	0	0	0	0	0	0	0	0	0	0	0	0	0	0	0	0	0	0	0	0	0	0	0	0	0	0	0	0	0	0	0	0	0	
157116	Frontal_Inf_Oper_L	6350	0	4188	284	0	0	5070	0	0	0	0	624	9826	0	356	0	8818	0	3240	0	0	0	1222	104	0	0	0	0	14050	782	7830	510	200	120	0	0	736	0	0	0	0	0	0	0	0	0	0	0	0	0	0	0	0	0	0	0	3652	0	0	0	0	0	0	0	0	0	0	0	0	0	4526	632	1730	1084	0	222	178	0	186	0	708	0	1244	0	0	0	0	0	86	0	0	0	0	0	0	0	0	0	0	0	0	0	0	0	0	0	0	0	0	0	0	0	0	0	0	0	
191984	Frontal_Inf_Oper_R	0	1800	182	13788	0	0	464	9994	0	0	624	0	0	6470	0	158	516	4272	4070	11466	0	0	706	2060	0	0	0	0	668	22590	222	1948	120	7520	0	0	104	214	0	88	0	0	0	0	0	0	0	0	0	0	0	0	0	0	0	0	0	198	0	0	0	0	0	0	0	0	0	0	0	0	944	610	0	3156	0	0	0	0	0	126	0	398	130	386	0	0	0	0	0	0	0	0	0	0	0	0	0	0	0	0	0	0	0	0	0	0	0	0	0	0	0	0	0	0	0	0	
206268	Frontal_Inf_Tri_L	958	0	12406	128	924	0	25944	0	2086	0	9826	0	0	0	10922	0	236	0	3276	0	0	0	3908	0	226	0	0	0	20654	0	8176	236	538	120	0	0	0	0	0	0	0	0	0	0	0	0	0	0	0	0	0	0	0	0	0	0	0	0	0	0	0	0	0	0	0	0	0	0	0	0	1198	0	904	0	0	0	0	0	0	0	0	0	468	0	0	0	0	0	0	0	0	0	0	0	0	0	0	0	0	0	0	0	0	0	0	0	0	0	0	0	0	0	0	0	0	0	
206060	Frontal_Inf_Tri_R	0	0	662	9008	0	560	0	14472	0	1736	0	6470	0	0	0	13708	0	180	3690	4630	0	0	3576	6084	0	328	0	0	0	16624	86	6764	874	11050	0	0	0	0	0	0	0	0	0	0	0	0	0	0	0	0	0	0	0	0	0	0	0	0	0	0	0	0	0	0	0	0	0	0	0	0	102	990	0	1250	0	0	0	106	0	0	0	80	0	0	0	0	0	0	0	0	0	0	0	0	0	0	0	0	0	0	0	0	0	0	0	0	0	0	0	0	0	0	0	0	0	0	
162508	Frontal_Inf_Orb_L	0	0	5840	0	11948	132	6024	0	15014	0	356	0	10922	0	0	0	0	0	0	0	3058	664	518	0	0	80	2144	298	14074	0	1296	80	0	0	0	0	264	0	302	0	314	0	0	0	0	0	0	0	0	0	0	0	0	0	180	0	0	0	0	0	0	0	0	0	0	0	0	0	0	0	1350	546	2304	176	0	0	0	0	0	0	140	0	3118	0	0	0	112	0	0	0	0	0	0	0	0	0	0	0	0	0	0	0	0	0	0	0	0	0	0	0	0	0	0	0	0	0	
148844	Frontal_Inf_Orb_R	0	0	0	7206	0	4658	0	3624	0	11068	0	158	0	13708	0	0	0	0	218	304	0	1124	138	3500	0	398	0	1170	0	18390	0	3184	0	398	0	0	0	108	0	96	0	108	0	0	0	0	0	0	0	0	0	0	0	0	0	238	0	0	0	0	0	0	0	0	0	0	0	0	0	0	150	1462	0	2092	0	0	0	104	0	0	0	0	0	650	0	0	0	0	0	168	0	0	0	0	0	0	0	0	0	0	0	0	0	0	0	0	0	0	0	0	0	0	0	0	0	0	
189272	Rolandic_Oper_L	6890	0	5106	144	0	0	1112	82	0	0	8818	516	236	0	0	0	0	0	6378	0	0	0	108	0	0	0	0	0	20772	664	1526	306	0	0	92	0	1860	0	130	0	0	0	86	0	0	0	0	0	0	0	1060	0	352	0	272	0	8246	0	0	0	658	0	1908	0	598	0	172	0	730	0	2752	722	1714	688	0	158	244	0	5978	0	6676	0	906	0	4138	0	0	0	1838	0	0	0	0	0	0	0	0	0	0	0	0	0	0	0	0	0	0	0	0	0	0	0	0	0	0	0	
106360	Rolandic_Oper_R	92	1704	0	5274	0	0	0	5884	0	0	0	4272	0	180	0	0	0	0	424	1996	0	0	0	84	0	0	0	0	0	9148	0	392	0	596	242	392	152	2238	0	548	0	0	0	0	0	0	0	0	0	0	0	0	0	82	0	730	0	1594	0	0	0	0	0	1852	0	0	0	112	0	194	0	90	0	4026	0	148	266	1138	0	3488	0	3912	0	576	0	428	0	0	0	850	0	0	0	0	0	0	0	0	0	76	0	0	0	0	0	0	0	0	0	0	0	0	0	0	0	0	
743868	Supp_Motor_Area_L	25292	3288	75022	15562	256	0	17654	4756	0	0	3240	4070	3276	3690	0	218	6378	424	0	42654	0	0	15046	6782	302	0	82	0	11322	4062	8020	6256	12014	22780	934	2324	3410	1120	262	180	0	0	0	0	0	0	142	0	0	0	0	0	0	0	214	0	7608	522	0	0	264	0	1446	0	0	0	200	424	15094	320	8464	1888	13694	2218	5956	98	6530	3598	1044	0	660	292	84	0	250	0	0	0	248	0	0	0	0	0	0	0	0	0	0	0	0	0	0	0	0	0	0	0	0	0	0	0	0	0	0	0	
714268	Supp_Motor_Area_R	8518	7292	6260	61998	0	340	734	5274	0	0	0	11466	0	4630	0	304	0	1996	42654	0	0	0	2114	10714	0	598	0	0	76	10522	2372	16498	5014	51986	1136	12752	0	2432	0	278	0	84	0	1924	0	402	0	468	0	116	0	414	0	1360	0	1798	114	1466	0	0	0	150	0	778	0	0	0	5196	7662	15536	318	19656	0	6714	0	646	2462	17442	0	258	0	476	0	0	0	204	0	0	0	2546	0	394	0	0	0	0	0	0	0	592	0	0	0	0	0	0	0	0	0	0	0	0	0	0	0	0	
98360	Olfactory_L	0	0	0	0	3490	360	0	0	574	0	0	0	0	0	3058	0	0	0	0	0	0	5354	188	174	412	460	4862	1022	4976	96	2478	1006	0	0	0	0	822	0	1404	0	1100	0	0	0	0	0	0	0	0	0	0	0	0	0	346	0	0	0	0	0	0	0	0	0	0	0	0	0	0	0	7622	4092	3286	1336	0	0	0	0	0	0	0	0	662	0	0	0	0	0	0	0	0	0	0	0	0	0	0	0	0	0	0	0	0	0	0	0	0	0	0	0	0	0	0	0	0	0	
129500	Olfactory_R	0	0	0	322	1392	2684	0	0	518	208	0	0	0	0	664	1124	0	0	0	0	5354	0	88	722	0	4242	2462	7122	248	1816	2480	5292	0	186	0	0	0	534	0	392	0	292	0	0	0	0	0	0	0	0	0	0	0	0	0	304	0	0	0	0	0	0	0	0	0	0	0	0	0	0	7784	9476	4678	4054	128	0	0	0	0	0	0	0	0	184	0	0	0	0	0	0	0	0	0	0	0	0	0	0	0	0	0	0	0	0	0	0	0	0	0	0	0	0	0	0	0	0	
444512	Frontal_Sup_Medial_L	138	0	45718	12196	4390	110	17468	4002	204	0	1222	706	3908	3576	518	138	108	0	15046	2114	188	88	0	21878	4304	1292	1054	76	5176	1234	21672	20122	9150	19116	0	0	268	0	0	0	0	0	0	0	0	0	0	0	0	0	0	0	0	0	0	0	0	0	0	0	0	0	0	0	0	0	0	0	0	0	1152	852	2166	778	0	0	0	0	0	0	0	0	128	0	0	0	0	0	0	0	0	0	0	0	0	0	0	0	0	0	0	0	0	0	0	0	0	0	0	0	0	0	0	0	0	0	
428092	Frontal_Sup_Medial_R	0	0	2252	39398	126	3662	78	3778	80	444	104	2060	0	6084	0	3500	0	84	6782	10714	174	722	21878	0	340	7650	162	1742	160	8532	7494	39718	3010	24320	0	0	0	104	0	0	0	0	0	0	0	0	0	0	0	0	0	0	0	0	0	0	0	0	0	0	0	0	0	0	0	0	0	0	0	0	400	8386	0	9734	0	0	0	254	0	0	0	120	0	0	0	0	0	0	0	0	0	0	0	0	0	0	0	0	0	0	0	0	0	0	0	0	0	0	0	0	0	0	0	0	0	0	
64656	Frontal_Med_Orb_L	0	0	2788	0	7850	240	300	0	1286	0	0	0	226	0	0	0	0	0	302	0	412	0	4304	340	0	1540	3680	258	380	0	7020	138	176	0	0	0	0	0	0	0	0	0	0	0	0	0	0	0	0	0	0	0	0	0	0	0	0	0	0	0	0	0	0	0	0	0	0	0	0	0	840	0	248	0	0	0	0	0	0	0	0	0	0	0	0	0	0	0	0	0	0	0	0	0	0	0	0	0	0	0	0	0	0	0	0	0	0	0	0	0	0	0	0	0	0	0	
130348	Frontal_Med_Orb_R	0	0	0	3264	564	8808	0	82	98	890	0	0	0	328	80	398	0	0	0	598	460	4242	1292	7650	1540	0	1194	10528	0	592	2428	10566	0	198	0	0	0	0	0	0	0	0	0	0	0	0	0	0	0	0	0	0	0	0	0	0	0	0	0	0	0	0	0	0	0	0	0	0	0	0	288	4432	0	4654	0	0	0	0	0	0	0	0	0	0	0	0	0	0	0	0	0	0	0	0	0	0	0	0	0	0	0	0	0	0	0	0	0	0	0	0	0	0	0	0	0	0	
97960	Rectus_L	0	0	478	0	9800	816	0	0	2692	0	0	0	0	0	2144	0	0	0	82	0	4862	2462	1054	162	3680	1194	0	1994	1796	0	6088	758	0	0	0	0	0	0	0	0	0	0	0	0	0	0	0	0	0	0	0	0	0	0	0	0	0	0	0	0	0	0	0	0	0	0	0	0	0	0	5324	1682	1344	568	0	0	0	0	0	0	0	0	0	0	0	0	0	0	0	0	0	0	0	0	0	0	0	0	0	0	0	0	0	0	0	0	0	0	0	0	0	0	0	0	0	0	
105880	Rectus_R	0	0	0	748	738	10520	0	0	366	1522	0	0	0	0	298	1170	0	0	0	0	1022	7122	76	1742	258	10528	1994	0	0	1178	554	5456	0	196	0	0	0	0	0	0	0	0	0	0	0	0	0	0	0	0	0	0	0	0	0	0	0	0	0	0	0	0	0	0	0	0	0	0	0	0	868	3498	100	2986	0	0	0	0	0	0	0	0	0	0	0	0	0	0	0	0	0	0	0	0	0	0	0	0	0	0	0	0	0	0	0	0	0	0	0	0	0	0	0	0	0	0	
498684	Insula_L	7594	0	18386	426	6782	0	12024	140	3766	0	14050	668	20654	0	14074	0	20772	0	11322	76	4976	248	5176	160	380	0	1796	0	0	864	16166	860	796	102	520	0	16874	110	2382	80	1482	0	96	0	0	0	156	0	0	0	310	0	160	0	3588	0	5846	0	0	0	278	0	342	0	100	0	410	0	820	0	7800	1456	17808	722	0	182	1806	0	6706	0	6616	0	3704	0	3028	0	0	0	3702	0	0	0	0	0	0	0	0	0	0	0	0	0	0	0	0	0	0	0	0	0	0	0	0	0	0	0	
421868	Insula_R	166	888	238	24100	0	2522	502	8780	0	2724	782	22590	0	16624	0	18390	664	9148	4062	10522	96	1816	1234	8532	0	592	0	1178	864	0	348	8022	244	7240	136	548	174	7854	0	1812	0	172	0	232	0	0	0	0	0	0	0	100	0	168	0	4286	0	0	0	0	0	0	0	0	0	0	0	390	0	160	1254	3080	94	16978	0	186	226	1992	0	1420	86	6244	176	2260	0	1734	0	132	0	5852	0	160	0	0	0	0	0	0	0	160	0	0	0	0	0	0	0	0	0	0	0	0	0	0	0	0	
378820	Cingulum_Ant_L	1164	0	14366	4894	6130	218	7600	220	1154	0	7830	222	8176	86	1296	0	1526	0	8020	2372	2478	2480	21672	7494	7020	2428	6088	554	16166	348	0	18528	8630	4684	192	0	1128	0	0	0	0	0	0	0	0	0	0	0	0	0	0	0	0	0	0	0	0	0	0	0	0	0	0	0	0	0	0	0	0	0	9468	2800	9232	2142	0	0	142	0	0	0	0	0	462	0	0	0	0	0	0	0	0	0	0	0	0	0	0	0	0	0	0	0	0	0	0	0	0	0	0	0	0	0	0	0	0	0	
569684	Cingulum_Ant_R	180	106	3844	39724	224	5402	486	5416	84	366	510	1948	236	6764	80	3184	306	392	6256	16498	1006	5292	20122	39718	138	10566	758	5456	860	8022	18528	0	6054	31288	0	0	112	342	0	112	0	0	0	0	0	0	0	0	0	0	0	0	0	0	0	0	0	0	0	0	0	0	0	0	0	0	0	0	0	0	3050	21504	1150	17970	0	130	0	658	0	0	0	0	0	0	0	0	0	0	0	0	0	0	0	0	0	0	0	0	0	0	0	0	0	0	0	0	0	0	0	0	0	0	0	0	0	0	
183180	Cingulum_Mid_L	1294	0	8002	3530	172	0	3200	1170	0	0	200	120	538	874	0	0	0	0	12014	5014	0	0	9150	3010	176	0	0	0	796	244	8630	6054	0	12788	3944	342	216	0	0	0	0	0	0	0	130	0	0	0	298	0	776	0	0	0	0	0	0	0	224	0	0	0	0	0	0	0	1862	966	4780	0	296	150	0	96	0	0	0	246	0	0	0	0	0	0	208	0	0	0	80	0	0	0	0	0	0	0	0	0	0	0	0	0	0	0	0	0	0	0	0	0	0	0	0	0	0	0	
587656	Cingulum_Mid_R	1384	592	2776	21046	0	0	116	9322	0	0	120	7520	120	11050	0	398	0	596	22780	51986	0	186	19116	24320	0	198	0	196	102	7240	4684	31288	12788	0	506	12808	0	506	0	114	0	0	0	4558	0	1658	0	558	0	386	0	636	0	390	0	1054	0	3048	0	0	0	846	0	2044	0	152	138	10556	984	10386	0	2168	0	3328	0	0	0	3716	0	84	0	570	0	0	0	320	0	0	0	1214	0	442	0	84	0	0	0	0	0	518	0	0	0	132	0	0	0	0	0	0	0	0	0	0	0	0	
141520	Cingulum_Post_L	5560	0	348	1028	0	0	292	552	0	0	0	0	0	0	0	0	92	242	934	1136	0	0	0	0	0	0	0	0	520	136	192	0	3944	506	0	6664	7116	4398	650	440	0	0	3840	0	1036	178	1708	156	170	0	876	0	328	0	176	320	198	0	0	0	0	0	0	0	0	0	9154	1222	4058	0	362	116	80	114	0	0	6270	3728	206	0	84	0	0	0	1156	0	0	0	474	0	0	0	0	0	0	0	0	0	0	0	0	0	0	0	0	0	0	0	0	0	0	0	0	0	0	0	
225120	Cingulum_Post_R	2718	452	458	2502	0	0	378	894	0	0	0	0	0	0	0	0	0	392	2324	12752	0	0	0	0	0	0	0	0	0	548	0	0	342	12808	6664	0	2106	9280	0	1558	0	0	0	3056	122	910	0	2782	0	518	0	446	0	884	0	3084	0	338	0	0	0	266	0	804	0	104	944	10294	2030	2662	444	1408	0	188	0	0	9958	10448	0	0	0	152	0	0	110	356	0	0	0	3004	0	306	0	0	0	0	0	82	0	684	0	0	0	0	0	0	0	0	0	0	0	0	0	0	0	0	
290568	Hippocampus_L	5582	0	2968	114	0	0	1568	468	0	0	736	104	0	0	264	0	1860	152	3410	0	822	0	268	0	0	0	0	0	16874	174	1128	112	216	0	7116	2106	0	1962	15346	578	6798	0	3452	0	256	0	6774	450	178	0	1992	0	1208	0	14290	244	1910	0	0	0	92	0	120	0	0	0	7214	258	1890	0	1862	274	8866	108	96	0	5836	1308	2958	0	2422	0	1080	0	4142	0	0	0	4822	0	184	0	0	0	0	0	196	0	76	0	0	0	0	0	0	0	0	0	0	0	0	0	0	0	0	0	
330352	Hippocampus_R	2024	1076	714	2466	0	0	326	1754	0	0	0	214	0	0	0	108	0	2238	1120	2432	0	534	0	104	0	0	0	0	110	7854	0	342	0	506	4398	9280	1962	0	124	29518	0	8210	0	1214	0	0	0	2976	0	0	0	96	0	610	0	29746	0	222	0	0	0	0	0	152	0	0	0	4836	1066	340	226	418	0	12114	0	712	5150	8930	0	918	0	2232	0	804	0	2034	0	276	0	9416	0	782	0	0	0	0	0	1108	0	1184	0	0	0	104	0	0	0	0	0	0	96	0	0	0	0	0	
106628	ParaHippocampal_L	902	0	304	0	0	0	108	0	0	0	0	0	0	0	302	0	130	0	262	0	1404	0	0	0	0	0	0	0	2382	0	0	0	0	0	650	0	15346	124	0	294	3984	0	1368	0	292	0	6698	328	0	0	460	0	0	0	9276	0	150	0	0	0	0	0	0	0	0	0	2550	0	250	0	250	0	1144	0	0	0	496	0	166	0	330	0	890	0	334	0	248	0	656	0	96	0	0	0	76	144	450	0	194	0	0	0	0	0	0	0	0	0	108	168	0	0	0	0	0	0	
217412	ParaHippocampal_R	566	268	126	462	0	0	0	232	0	0	0	88	0	0	0	96	0	548	180	278	0	392	0	0	0	0	0	0	80	1812	0	112	0	114	440	1558	578	29518	294	0	0	9044	0	1142	0	0	260	5184	0	0	0	0	0	0	0	28302	0	0	0	0	0	0	0	0	0	0	0	2948	288	0	0	92	0	5854	0	562	992	2536	0	206	0	240	0	4334	0	424	0	2012	0	1608	0	928	0	0	0	0	120	1780	0	1710	0	0	0	138	0	0	0	0	0	84	80	0	96	0	0	0	
39356	Amygdala_L	0	0	0	0	0	0	0	0	0	0	0	0	0	0	314	0	0	0	0	0	1100	0	0	0	0	0	0	0	1482	0	0	0	0	0	0	0	6798	0	3984	0	0	0	0	0	0	0	0	0	0	0	0	0	0	0	4614	0	0	0	0	0	0	0	0	0	0	0	0	0	0	0	0	0	572	0	0	0	0	0	0	0	0	0	638	0	0	0	0	0	176	0	0	0	0	0	0	0	0	0	0	0	0	0	0	0	0	0	0	0	0	0	0	0	0	0	0	0	
64564	Amygdala_R	0	0	0	82	0	0	0	0	0	0	0	0	0	0	0	108	0	0	0	84	0	292	0	0	0	0	0	0	0	172	0	0	0	0	0	0	0	8210	0	9044	0	0	0	0	0	0	0	0	0	0	0	0	0	0	0	7496	0	0	0	0	0	0	0	0	0	0	0	0	0	0	0	94	0	380	0	0	0	92	0	0	0	0	0	3222	0	0	0	740	0	1770	0	0	0	0	0	0	0	254	0	242	0	0	0	0	0	0	0	0	0	0	0	0	0	0	0	0	
323868	Calcarine_L	308	0	0	0	0	0	0	0	0	0	0	0	0	0	0	0	86	0	0	0	0	0	0	0	0	0	0	0	96	0	0	0	0	0	3840	0	3452	0	1368	0	0	0	0	5570	15068	3056	24704	2088	19532	1760	38290	0	9814	0	5100	238	286	0	1438	0	550	0	0	0	306	0	13680	1098	916	0	0	0	0	0	0	0	402	0	100	0	0	0	0	0	5468	0	0	0	2256	0	240	0	0	0	0	0	0	0	702	0	0	0	0	0	0	0	0	0	0	0	0	122	0	0	0	0	
366156	Calcarine_R	0	370	0	0	0	0	0	0	0	0	0	0	0	0	0	0	0	0	0	1924	0	0	0	0	0	0	0	0	0	232	0	0	0	4558	0	3056	0	1214	0	1142	0	0	5570	0	5202	28056	2274	22656	488	21078	244	10466	0	3640	0	15254	0	1778	0	112	0	304	0	640	0	628	1892	29050	76	3486	0	0	0	0	0	0	0	84	0	0	0	634	0	0	0	4348	0	0	0	7468	0	1762	0	238	0	0	0	116	0	2378	0	0	0	350	0	0	0	0	0	0	212	98	0	0	0	0	
189848	Cuneus_L	380	0	0	0	0	0	0	0	0	0	0	0	0	0	0	0	0	0	0	0	0	0	0	0	0	0	0	0	0	0	0	0	130	0	1036	122	256	0	292	0	0	0	15068	5202	0	9738	1372	304	22896	5370	12468	0	346	0	92	0	200	0	1118	0	142	0	0	0	136	0	10512	3950	1258	0	0	0	0	0	0	0	0	0	78	0	0	0	0	0	2040	0	0	0	418	0	0	0	0	0	0	0	0	0	0	0	0	0	0	0	0	0	0	0	0	0	0	0	0	0	0	0	
326072	Cuneus_R	0	260	0	0	0	0	0	0	0	0	0	0	0	0	0	0	0	0	0	402	0	0	0	0	0	0	0	0	0	0	0	0	0	1658	178	910	0	0	0	0	0	0	3056	28056	9738	0	844	6124	1896	42330	1120	10562	0	998	0	5072	0	666	0	3238	0	702	0	214	0	1482	3242	35676	0	1780	0	0	0	0	0	0	0	0	0	0	0	350	0	0	0	1458	0	0	0	662	0	160	0	0	0	0	0	0	0	202	0	0	0	0	0	0	0	0	0	0	0	0	0	0	0	0	
294692	Lingual_L	826	0	212	0	0	0	0	0	0	0	0	0	0	0	0	0	0	0	142	0	0	0	0	0	0	0	0	0	156	0	0	0	0	0	1708	0	6774	0	6698	260	0	0	24704	2274	1372	844	0	4548	2080	698	20350	0	13474	212	16468	770	100	0	0	0	0	0	0	0	0	0	7294	578	286	0	124	0	0	0	0	0	918	0	158	0	0	0	0	0	1182	0	0	0	620	0	3606	728	0	0	0	124	7462	1874	9390	1700	0	0	108	0	0	0	0	0	0	164	3444	2428	488	0	0	0	
313460	Lingual_R	550	0	0	92	0	0	0	0	0	0	0	0	0	0	0	0	0	0	0	468	0	0	0	0	0	0	0	0	0	0	0	0	0	558	156	2782	450	2976	328	5184	0	0	2088	22656	304	6124	4548	0	0	5190	146	1536	494	4866	1602	24900	0	0	0	0	0	0	0	0	0	0	840	11008	354	166	0	0	0	0	0	0	946	256	0	0	0	0	0	0	0	98	0	0	0	1902	3108	4724	404	80	204	204	2902	7786	6068	9700	190	0	168	0	276	0	0	0	142	312	6736	8686	1364	108	0	0	
216344	Occipital_Sup_L	232	0	0	0	0	0	0	0	0	0	0	0	0	0	0	0	0	0	0	0	0	0	0	0	0	0	0	0	0	0	0	0	298	0	170	0	178	0	0	0	0	0	19532	488	22896	1896	2080	0	0	1102	32896	0	1516	0	168	0	106	0	8352	0	1666	0	0	0	196	0	10204	982	1394	0	0	0	0	0	0	0	100	0	0	0	0	0	0	0	1072	0	0	0	648	0	0	0	0	0	0	0	0	0	0	0	0	0	0	0	0	0	0	0	0	0	0	0	0	0	0	0	
299312	Occipital_Sup_R	0	0	0	0	0	0	0	0	0	0	0	0	0	0	0	0	0	0	0	116	0	0	0	0	0	0	0	0	0	0	0	0	0	386	0	518	0	0	0	0	0	0	1760	21078	5370	42330	698	5190	1102	0	876	19114	0	1274	0	5416	0	0	0	7128	0	552	0	198	0	5010	1950	27664	0	348	0	0	0	0	0	0	0	0	0	0	0	262	0	0	0	798	0	0	0	518	0	0	0	0	0	0	0	0	0	0	0	0	0	0	0	0	0	0	0	0	0	0	0	0	0	0	
475908	Occipital_Mid_L	3198	0	0	0	0	0	0	0	0	0	0	0	0	0	0	0	1060	0	0	0	0	0	0	0	0	0	0	0	310	0	0	0	776	0	876	0	1992	0	460	0	0	0	38290	244	12468	1120	20350	146	32896	876	0	0	27332	0	8840	0	3346	0	8674	0	7474	0	340	0	12646	0	13068	170	5162	0	0	0	0	0	0	0	544	0	506	0	764	0	0	0	23796	0	0	0	8374	0	554	0	0	0	0	0	0	0	1054	0	0	0	0	0	0	0	0	0	0	0	0	248	0	0	0	0	
187660	Occipital_Mid_R	0	258	0	0	0	0	0	0	0	0	0	0	0	0	0	0	0	0	0	414	0	0	0	0	0	0	0	0	0	100	0	0	0	636	0	446	0	96	0	0	0	0	0	10466	0	10562	0	1536	0	19114	0	0	0	4080	0	4186	0	278	0	1636	0	2838	0	1024	0	11300	76	8754	0	994	0	0	0	0	0	0	0	0	0	0	0	408	0	0	0	10584	0	0	0	2960	0	390	0	0	0	0	0	0	0	414	0	0	0	0	0	0	0	0	0	0	0	280	0	0	0	0	
189028	Occipital_Inf_L	544	0	0	0	0	0	0	0	0	0	0	0	0	0	0	0	352	0	0	0	0	0	0	0	0	0	0	0	160	0	0	0	0	0	328	0	1208	0	0	0	0	0	9814	0	346	0	13474	494	1516	0	27332	0	0	0	10582	0	1690	0	468	0	276	0	0	0	0	0	1524	0	1452	0	0	0	0	0	0	0	376	0	138	0	194	0	0	0	7400	0	0	0	8120	0	2328	0	0	0	0	0	108	0	3248	88	0	0	0	0	0	0	0	0	0	0	0	816	138	0	0	0	
100188	Occipital_Inf_R	0	856	0	0	0	0	0	0	0	0	0	0	0	0	0	0	0	82	0	1360	0	0	0	0	0	0	0	0	0	168	0	0	0	390	0	884	0	610	0	0	0	0	0	3640	0	998	212	4866	0	1274	0	4080	0	0	78	10736	0	0	0	0	0	180	0	266	0	206	0	1216	0	1214	0	0	0	0	0	0	0	0	0	0	0	292	0	0	0	2354	0	0	0	9642	332	310	0	0	0	0	144	280	452	1252	0	0	0	0	0	0	0	0	0	0	354	1228	138	0	0	0	
380112	Fusiform_L	636	0	232	0	0	0	78	0	0	0	0	0	0	0	180	0	272	0	214	0	346	0	0	0	0	0	0	0	3588	0	0	0	0	0	176	0	14290	0	9276	0	4614	0	5100	0	92	0	16468	1602	168	0	8840	0	10582	78	0	370	330	0	0	0	0	0	0	0	0	0	1298	0	446	0	224	0	1108	0	0	0	480	0	466	0	2642	0	3536	0	4100	0	1204	0	13724	0	24278	280	1334	0	510	0	15740	762	33578	796	510	0	746	0	232	0	0	0	0	82	1580	2352	516	0	0	0	
595888	Fusiform_R	242	1250	0	400	0	0	0	0	0	0	0	0	0	0	0	238	0	730	0	1798	0	304	0	0	0	0	0	0	0	4286	0	0	0	1054	320	3084	244	29746	0	28302	0	7496	238	15254	0	5072	770	24900	0	5416	0	4186	0	10736	370	0	0	364	0	0	0	128	0	254	0	120	276	8522	108	1846	0	0	0	4876	0	340	478	3552	0	504	0	2634	0	8006	0	4742	0	4220	0	32270	1556	22754	292	896	0	604	676	10002	2104	27960	114	120	92	1616	0	190	0	0	0	168	3216	4708	1042	158	0	0	
228116	Postcentral_L	25270	0	5974	116	0	0	324	0	0	0	3652	0	0	0	0	0	8246	0	7608	114	0	0	0	0	0	0	0	0	5846	0	0	0	0	0	198	0	1910	0	150	0	0	0	286	0	200	0	100	0	106	0	3346	0	1690	0	330	0	0	0	4044	0	13820	0	8378	0	558	0	2854	0	4712	0	1362	0	1778	0	252	0	1364	0	1520	0	3116	0	0	0	2522	0	0	0	2312	0	0	0	0	0	0	0	0	0	0	0	0	0	0	0	0	0	0	0	0	0	0	0	0	0	0	0	
93328	Postcentral_R	178	7858	112	720	0	0	198	176	0	0	0	198	0	0	0	0	0	1594	522	1466	0	0	0	0	0	0	0	0	0	0	0	0	0	3048	0	338	0	222	0	0	0	0	0	1778	0	666	0	0	0	0	0	278	0	0	0	364	0	0	0	3398	0	4504	0	7594	0	1190	0	3858	0	4492	0	0	0	110	0	0	0	122	0	100	0	270	0	0	0	184	0	0	0	524	0	250	0	0	0	0	0	0	0	250	0	0	0	102	0	0	0	0	0	0	0	0	0	0	0	0	
83264	Parietal_Sup_L	590	0	0	0	0	0	0	0	0	0	0	0	0	0	0	0	0	0	0	0	0	0	0	0	0	0	0	0	0	0	0	0	224	0	0	0	0	0	0	0	0	0	1438	0	1118	0	0	0	8352	0	8674	0	468	0	0	0	4044	0	0	0	5686	0	0	0	188	0	8474	0	1472	0	0	0	0	0	0	0	0	0	0	0	0	0	0	0	486	0	0	0	418	0	0	0	0	0	0	0	0	0	0	0	0	0	0	0	0	0	0	0	0	0	0	0	0	0	0	0	
54228	Parietal_Sup_R	0	0	0	0	0	0	0	0	0	0	0	0	0	0	0	0	0	0	0	0	0	0	0	0	0	0	0	0	0	0	0	0	0	0	0	0	0	0	0	0	0	0	0	112	0	3238	0	0	0	7128	0	1636	0	0	0	0	0	3398	0	0	0	1782	0	404	0	2904	732	5670	0	0	0	0	0	0	0	0	0	0	0	0	0	0	0	0	0	110	0	0	0	0	0	0	0	0	0	0	0	0	0	0	0	0	0	0	0	0	0	0	0	0	0	0	0	0	0	0	
126180	Parietal_Inf_L	1936	0	256	0	0	0	0	0	0	0	0	0	0	0	0	0	658	0	264	0	0	0	0	0	0	0	0	0	278	0	0	0	0	0	0	0	92	0	0	0	0	0	550	0	142	0	0	0	1666	0	7474	0	276	0	0	0	13820	0	5686	0	0	0	13644	0	6944	0	1914	0	658	0	0	0	0	0	0	0	0	0	152	0	2016	0	0	0	4140	0	0	0	524	0	0	0	0	0	0	0	0	0	0	0	0	0	0	0	0	0	0	0	0	0	0	0	0	0	0	0	
93808	Parietal_Inf_R	0	106	0	0	0	0	0	0	0	0	0	0	0	0	0	0	0	0	0	150	0	0	0	0	0	0	0	0	0	0	0	0	0	846	0	266	0	0	0	0	0	0	0	304	0	702	0	0	0	552	0	2838	0	180	0	128	0	4504	0	1782	0	0	0	10966	0	14400	152	1730	0	558	0	0	0	0	0	0	0	0	0	0	0	290	0	0	0	4614	0	0	0	1836	0	0	0	0	0	0	0	0	0	0	0	0	0	0	0	0	0	0	0	0	0	0	0	0	0	0	
97992	SupraMarginal_L	1970	0	1292	0	0	0	0	0	0	0	0	0	0	0	0	0	1908	0	1446	0	0	0	0	0	0	0	0	0	342	0	0	0	0	0	0	0	120	0	0	0	0	0	0	0	0	0	0	0	0	0	340	0	0	0	0	0	8378	0	0	0	13644	0	0	0	4332	0	0	0	664	0	200	0	310	0	0	0	136	0	348	0	7656	0	0	0	5812	0	0	0	98	0	0	0	0	0	0	0	0	0	0	0	0	0	0	0	0	0	0	0	0	0	0	0	0	0	0	0	
104580	SupraMarginal_R	0	802	0	96	0	0	0	0	0	0	0	0	0	0	0	0	0	1852	0	778	0	0	0	0	0	0	0	0	0	0	0	0	0	2044	0	804	0	152	0	0	0	0	0	640	0	214	0	0	0	198	0	1024	0	266	0	254	0	7594	0	404	0	10966	0	0	0	6680	0	214	0	706	0	0	0	0	0	0	0	0	0	0	0	4438	0	0	0	7834	0	0	0	4330	0	0	0	0	0	0	0	0	0	0	0	0	0	0	0	0	0	0	0	0	0	0	0	0	0	0	
79664	Angular_L	854	0	0	0	0	0	0	0	0	0	0	0	0	0	0	0	598	0	0	0	0	0	0	0	0	0	0	0	100	0	0	0	0	0	0	0	0	0	0	0	0	0	306	0	136	0	0	0	196	0	12646	0	0	0	0	0	558	0	188	0	6944	0	4332	0	0	0	440	0	120	0	0	0	0	0	0	0	0	0	122	0	2586	0	0	0	8852	0	0	0	854	0	0	0	0	0	0	0	0	0	0	0	0	0	0	0	0	0	0	0	0	0	0	0	0	0	0	0	
121212	Angular_R	0	0	0	0	0	0	0	0	0	0	0	0	0	0	0	0	0	0	0	0	0	0	0	0	0	0	0	0	0	0	0	0	0	152	0	104	0	0	0	0	0	0	0	628	0	1482	0	0	0	5010	0	11300	0	206	0	120	0	1190	0	2904	0	14400	0	6680	0	0	136	2390	0	424	0	0	0	0	0	0	0	0	0	0	0	1886	0	0	0	9710	0	0	0	1884	0	0	0	0	0	0	0	0	0	0	0	0	0	0	0	0	0	0	0	0	0	0	0	0	0	0	
249140	Precuneus_L	1284	0	156	0	0	0	92	0	0	0	0	0	0	0	0	0	172	0	200	0	0	0	0	0	0	0	0	0	410	0	0	0	1862	138	9154	944	7214	0	2550	0	0	0	13680	1892	10512	3242	7294	840	10204	1950	13068	76	1524	0	1298	276	2854	0	8474	732	1914	152	0	0	440	136	0	8340	4612	0	194	0	0	0	0	0	468	0	154	0	108	0	0	0	3992	0	0	0	1968	0	0	0	0	0	0	0	0	0	0	0	0	0	0	0	0	0	0	0	0	0	0	0	0	0	0	0	
426064	Precuneus_R	578	888	90	350	0	0	110	194	0	0	0	0	0	0	0	0	0	112	424	5196	0	0	0	0	0	0	0	0	0	390	0	0	966	10556	1222	10294	258	4836	0	2948	0	0	1098	29050	3950	35676	578	11008	982	27664	170	8754	0	1216	0	8522	0	3858	0	5670	0	1730	0	214	0	2390	8340	0	452	7310	0	382	0	0	0	0	1092	1686	0	0	0	260	0	0	0	1818	0	0	0	5514	0	1360	0	212	0	0	0	256	0	1860	0	0	0	326	0	0	0	0	0	0	222	0	0	0	0	0	
300092	Paracentral_Lobule_L	41420	406	9020	4454	0	0	2692	86	0	0	0	0	0	0	0	0	730	0	15094	7662	0	0	0	0	0	0	0	0	820	0	0	0	4780	984	4058	2030	1890	1066	250	288	0	0	916	76	1258	0	286	354	1394	0	5162	0	1452	0	446	108	4712	0	1472	0	658	0	664	0	120	0	4612	452	0	1506	1144	268	2132	0	1544	0	14730	1724	212	0	520	0	0	0	2874	0	0	0	1520	0	0	0	0	0	0	0	0	0	0	0	0	0	0	0	0	0	0	0	0	0	0	0	0	0	0	0	
133408	Paracentral_Lobule_R	2094	5378	0	182	0	0	0	0	0	0	0	0	0	0	0	0	0	194	320	15536	0	0	0	0	0	0	0	0	0	160	0	0	0	10386	0	2662	0	340	0	0	0	0	0	3486	0	1780	0	166	0	348	0	994	0	1214	0	1846	0	4492	0	0	0	558	0	706	0	424	0	7310	1506	0	0	0	0	110	0	0	0	128	0	0	0	98	0	0	0	186	0	0	0	2490	0	598	0	84	0	0	0	0	0	796	0	0	0	132	0	0	0	0	0	0	0	0	0	0	0	0	
286040	Caudate_L	6158	536	4332	1084	2770	350	3308	1266	612	0	4526	944	1198	102	1350	150	2752	0	8464	318	7622	7784	1152	400	840	288	5324	868	7800	1254	9468	3050	296	0	362	444	1862	226	250	0	0	0	0	0	0	0	124	0	0	0	0	0	0	0	224	0	1362	0	0	0	0	0	200	0	0	0	194	0	1144	0	0	16468	18286	4516	3266	518	5106	816	146	0	378	0	520	0	92	0	0	0	150	0	0	0	0	0	0	0	0	0	0	0	0	0	0	0	0	0	0	0	0	0	0	0	0	0	0	0	
366944	Caudate_R	1452	418	736	19892	1152	3280	1180	1540	434	394	632	610	0	990	546	1462	722	90	1888	19656	4092	9476	852	8386	0	4432	1682	3498	1456	3080	2800	21504	150	2168	116	1408	274	418	0	92	0	94	0	0	0	0	0	0	0	0	0	0	0	0	0	0	0	0	0	0	0	0	0	0	0	0	0	382	268	0	16468	0	6368	19214	356	1338	1220	14806	0	0	0	0	0	0	0	0	0	0	0	0	0	0	0	0	0	0	0	0	0	0	0	0	0	0	0	0	0	0	0	0	0	0	0	0	0	0	
265628	Putamen_L	5500	86	9498	102	2490	0	752	114	1188	0	1730	0	904	0	2304	0	1714	0	13694	0	3286	4678	2166	0	248	0	1344	100	17808	94	9232	1150	0	0	80	0	8866	0	1144	0	572	0	0	0	0	0	0	0	0	0	0	0	0	0	1108	0	1778	0	0	0	0	0	310	0	0	0	0	0	2132	0	18286	6368	0	2372	5994	0	2586	0	0	0	216	0	614	0	0	0	0	0	206	0	0	0	0	0	0	0	0	0	0	0	0	0	0	0	0	0	0	0	0	0	0	0	0	0	0	0	
341644	Putamen_R	524	656	278	12390	294	5174	1114	2694	176	1030	1084	3156	0	1250	176	2092	688	4026	2218	6714	1336	4054	778	9734	0	4654	568	2986	722	16978	2142	17970	96	3328	114	188	108	12114	0	5854	0	380	0	0	0	0	0	0	0	0	0	0	0	0	0	4876	0	110	0	0	0	0	0	0	0	0	0	0	0	110	4516	19214	2372	0	0	2306	160	1394	0	1018	0	2124	98	172	0	800	0	0	0	1714	0	0	0	0	0	0	0	0	0	0	0	0	0	0	0	0	0	0	0	0	0	0	0	0	0	0	
53712	Pallidum_L	3762	0	3990	0	0	0	0	0	0	0	0	0	0	0	0	0	0	0	5956	0	0	128	0	0	0	0	0	0	0	0	0	0	0	0	0	0	96	0	0	0	0	0	0	0	0	0	0	0	0	0	0	0	0	0	0	0	252	0	0	0	0	0	0	0	0	0	0	0	1544	0	3266	356	5994	0	0	0	1512	0	0	0	0	0	0	0	0	0	0	0	0	0	0	0	0	0	0	0	0	0	0	0	0	0	0	0	0	0	0	0	0	0	0	0	0	0	0	0	
17712	Pallidum_R	0	134	0	838	0	0	0	338	0	0	222	0	0	0	0	0	158	148	98	646	0	0	0	0	0	0	0	0	182	186	0	130	0	0	0	0	0	712	0	562	0	0	0	0	0	0	0	0	0	0	0	0	0	0	0	340	0	0	0	0	0	0	0	0	0	0	0	0	0	0	518	1338	0	2306	0	0	0	0	0	0	0	0	0	0	0	0	0	0	0	0	0	0	0	0	0	0	0	0	0	0	0	0	0	0	0	0	0	0	0	0	0	0	0	0	0	0	
223300	Thalamus_L	16184	0	2550	2488	0	0	1150	580	0	0	178	0	0	0	0	0	244	266	6530	2462	0	0	0	0	0	0	0	0	1806	226	142	0	0	0	6270	9958	5836	5150	496	992	0	0	402	0	0	0	918	946	100	0	544	0	376	0	480	478	1364	0	0	0	0	0	136	0	0	0	468	1092	14730	0	5106	1220	2586	160	1512	0	0	13364	414	0	78	0	0	0	1064	0	0	0	500	104	0	0	0	0	0	0	0	0	0	0	0	0	0	0	0	0	0	0	0	0	0	0	0	0	0	0	
240364	Thalamus_R	2824	890	2502	12714	0	98	900	1296	0	0	0	0	0	106	0	104	0	1138	3598	17442	0	0	0	254	0	0	0	0	0	1992	0	658	246	3716	3728	10448	1308	8930	0	2536	0	92	0	84	0	0	0	256	0	0	0	0	0	0	0	3552	0	122	0	0	0	0	0	0	0	0	0	1686	1724	128	816	14806	0	1394	0	0	13364	0	0	410	0	266	0	0	0	216	0	0	0	3036	0	350	0	0	0	0	0	124	0	328	0	0	0	0	0	0	0	0	0	0	0	0	0	0	0	0	
72684	Heschl_L	1400	0	636	0	0	0	92	0	0	0	186	0	0	0	0	0	5978	0	1044	0	0	0	0	0	0	0	0	0	6706	0	0	0	0	0	206	0	2958	0	166	0	0	0	100	0	78	0	158	0	0	0	506	0	138	0	466	0	1520	0	0	0	152	0	348	0	122	0	154	0	212	0	146	0	0	0	0	0	414	0	0	0	4824	0	0	0	4804	0	0	0	2724	0	104	0	0	0	0	0	0	0	0	0	0	0	0	0	0	0	0	0	0	0	0	0	0	0	0	0	
26164	Heschl_R	0	168	0	314	0	0	0	276	0	0	0	126	0	0	0	0	0	3488	0	258	0	0	0	0	0	0	0	0	0	1420	0	0	0	84	0	0	0	918	0	206	0	0	0	0	0	0	0	0	0	0	0	0	0	0	0	504	0	100	0	0	0	0	0	0	0	0	0	0	0	0	0	0	0	1018	0	0	0	410	0	0	0	2818	0	0	0	472	0	0	0	502	0	0	0	0	0	0	0	0	0	0	0	0	0	0	0	0	0	0	0	0	0	0	0	0	0	0	
190888	Temporal_Sup_L	1296	0	514	0	0	0	0	0	0	0	708	0	0	0	140	0	6676	0	660	0	0	0	0	0	0	0	0	0	6616	86	0	0	0	0	84	0	2422	0	330	0	0	0	0	0	0	0	0	0	0	0	764	0	194	0	2642	0	3116	0	0	0	2016	0	7656	0	2586	0	108	0	520	0	378	0	216	0	0	0	78	0	4824	0	0	0	3098	0	31002	0	0	0	16634	0	80	0	0	0	0	0	0	0	0	0	0	0	0	0	0	0	0	0	0	0	0	0	0	0	0	0	
119404	Temporal_Sup_R	0	198	0	266	0	0	0	172	0	0	0	398	0	80	0	0	0	3912	292	476	0	0	0	120	0	0	0	0	0	6244	0	0	0	570	0	152	0	2232	0	240	0	0	0	634	0	350	0	0	0	262	0	408	0	292	0	2634	0	270	0	0	0	290	0	4438	0	1886	0	260	0	98	0	0	0	2124	0	0	0	266	0	2818	0	0	0	4206	0	14826	0	1562	0	6386	0	242	0	0	0	0	0	0	0	98	0	0	0	0	0	0	0	0	0	0	0	0	0	0	0	0	
79300	Temporal_Pole_Sup_L	0	0	160	0	906	0	0	0	1038	0	1244	130	468	0	3118	0	906	0	84	0	662	0	128	0	0	0	0	0	3704	176	462	0	0	0	0	0	1080	0	890	0	638	0	0	0	0	0	0	0	0	0	0	0	0	0	3536	0	0	0	0	0	0	0	0	0	0	0	0	0	0	0	520	0	614	98	0	0	0	0	0	0	3098	0	0	0	6034	0	2488	0	7468	0	0	0	0	0	0	0	0	0	0	0	0	0	0	0	0	0	0	0	0	0	0	0	0	0	0	0	
84808	Temporal_Pole_Sup_R	0	0	0	144	0	0	0	128	0	0	0	386	0	0	0	650	0	576	0	0	0	184	0	0	0	0	0	0	0	2260	0	0	0	0	0	0	0	804	0	4334	0	3222	0	0	0	0	0	0	0	0	0	0	0	0	0	8006	0	0	0	0	0	0	0	0	0	0	0	0	0	0	0	0	0	172	0	0	0	0	0	0	0	4206	0	0	0	4590	0	8382	0	4360	0	0	0	0	0	0	0	0	0	0	0	0	0	0	0	0	0	0	0	0	0	0	0	0	0	0	
363700	Temporal_Mid_L	3348	0	232	0	0	0	90	0	0	0	0	0	0	0	0	0	4138	0	250	0	0	0	0	0	0	0	0	0	3028	0	0	0	208	0	1156	110	4142	0	334	0	0	0	5468	0	2040	0	1182	0	1072	0	23796	0	7400	0	4100	0	2522	0	486	0	4140	0	5812	0	8852	0	3992	0	2874	0	92	0	0	0	0	0	1064	0	4804	0	31002	0	6034	0	0	0	2762	0	44970	0	350	0	0	0	0	0	0	0	0	0	0	0	0	0	0	0	0	0	0	0	0	0	0	0	0	0	
212456	Temporal_Mid_R	0	130	0	0	0	0	0	0	0	0	0	0	0	0	0	0	0	428	0	204	0	0	0	0	0	0	0	0	0	1734	0	0	0	320	0	356	0	2034	0	424	0	0	0	4348	0	1458	0	98	0	798	0	10584	0	2354	0	4742	0	184	0	110	0	4614	0	7834	0	9710	0	1818	0	186	0	0	0	800	0	0	0	216	0	472	0	14826	0	4590	0	0	0	4300	0	25382	0	690	0	0	0	0	0	0	0	484	0	0	0	0	0	0	0	0	0	0	0	0	0	0	0	0	
20168	Temporal_Pole_Mid_L	0	0	0	0	0	0	0	0	0	0	0	0	0	0	112	0	0	0	0	0	0	0	0	0	0	0	0	0	0	0	0	0	0	0	0	0	0	0	248	0	0	0	0	0	0	0	0	0	0	0	0	0	0	0	1204	0	0	0	0	0	0	0	0	0	0	0	0	0	0	0	0	0	0	0	0	0	0	0	0	0	0	0	2488	0	2762	0	0	0	3270	0	0	0	0	0	0	0	0	0	0	0	0	0	0	0	0	0	0	0	0	0	0	0	0	0	0	0	
48348	Temporal_Pole_Mid_R	0	0	0	0	0	0	0	0	0	0	0	0	0	0	0	0	0	0	0	0	0	0	0	0	0	0	0	0	0	132	0	0	0	0	0	0	0	276	0	2012	0	740	0	0	0	0	0	0	0	0	0	0	0	0	0	4220	0	0	0	0	0	0	0	0	0	0	0	0	0	0	0	0	0	0	0	0	0	0	0	0	0	1562	0	8382	0	4300	0	0	0	2550	0	0	0	0	0	0	0	0	0	0	0	0	0	0	0	0	0	0	0	0	0	0	0	0	0	0	
295948	Temporal_Inf_L	1584	0	236	0	0	0	96	0	0	0	86	0	0	0	0	0	1838	0	248	0	0	0	0	0	0	0	0	0	3702	0	0	0	80	0	474	0	4822	0	656	0	176	0	2256	0	418	0	620	0	648	0	8374	0	8120	0	13724	0	2312	0	418	0	524	0	98	0	854	0	1968	0	1520	0	150	0	206	0	0	0	500	0	2724	0	16634	0	7468	0	44970	0	3270	0	0	0	6112	0	2502	0	0	0	510	0	2120	0	2054	0	2448	0	454	0	0	0	0	0	0	0	0	0	0	0	
323060	Temporal_Inf_R	0	1846	0	144	0	0	0	0	0	0	0	0	0	0	0	168	0	850	0	2546	0	0	0	0	0	0	0	0	0	5852	0	0	0	1214	0	3004	0	9416	0	1608	0	1770	0	7468	0	662	0	1902	0	518	0	2960	0	9642	0	32270	0	524	0	0	0	1836	0	4330	0	1884	0	5514	0	2490	0	0	0	1714	0	0	104	3036	0	502	0	6386	0	4360	0	25382	0	2550	0	0	0	8546	0	362	0	144	0	350	0	7144	0	0	0	532	0	0	0	0	0	0	0	0	0	0	0	0	
459368	Cerebelum_Crus1_L	0	0	0	0	0	0	0	0	0	0	0	0	0	0	0	0	0	0	0	0	0	0	0	0	0	0	0	0	0	0	0	0	0	0	0	0	184	0	96	0	0	0	240	0	0	0	3606	3108	0	0	554	0	2328	332	24278	1556	0	0	0	0	0	0	0	0	0	0	0	0	0	0	0	0	0	0	0	0	0	0	104	0	80	0	0	0	350	0	0	0	6112	0	0	3502	31488	3264	774	374	13134	1744	51554	5734	18784	480	22472	2746	4398	1442	0	0	84	368	1132	9344	8792	2812	2334	0	
399420	Cerebelum_Crus1_R	0	228	0	0	0	0	0	0	0	0	0	0	0	0	0	0	0	0	0	394	0	0	0	0	0	0	0	0	0	160	0	0	0	442	0	306	0	782	0	928	0	0	0	1762	0	160	728	4724	0	0	0	390	0	310	280	22754	0	250	0	0	0	0	0	0	0	0	0	1360	0	598	0	0	0	0	0	0	0	350	0	0	0	242	0	0	0	690	0	0	0	8546	3502	0	1268	25256	0	2530	1060	14676	2970	50058	432	6256	576	18934	144	2834	0	0	480	1172	5014	7206	6892	1372	694	0	
354060	Cerebelum_Crus2_L	0	0	0	0	0	0	0	0	0	0	0	0	0	0	0	0	0	0	0	0	0	0	0	0	0	0	0	0	0	0	0	0	0	0	0	0	0	0	0	0	0	0	0	0	0	0	0	404	0	0	0	0	0	0	1334	292	0	0	0	0	0	0	0	0	0	0	0	0	0	0	0	0	0	0	0	0	0	0	0	0	0	0	0	0	0	0	0	0	2502	0	31488	1268	0	13816	0	104	650	382	4666	1570	43704	6292	34066	7838	5284	570	0	0	0	82	174	1834	13324	4608	778	0	
301532	Cerebelum_Crus2_R	0	0	0	0	0	0	0	0	0	0	0	0	0	0	0	0	0	0	0	0	0	0	0	0	0	0	0	0	0	0	0	0	0	84	0	0	0	0	0	0	0	0	0	238	0	0	0	80	0	0	0	0	0	0	0	896	0	0	0	0	0	0	0	0	0	0	0	212	0	84	0	0	0	0	0	0	0	0	0	0	0	0	0	0	0	0	0	0	0	362	3264	25256	13816	0	0	360	104	662	584	4766	7998	26866	3388	36528	216	5810	0	132	192	264	152	834	13482	3594	542	0	
32596	Cerebelum_3_L	0	0	0	0	0	0	0	0	0	0	0	0	0	0	0	0	0	0	0	0	0	0	0	0	0	0	0	0	0	0	0	0	0	0	0	0	0	0	76	0	0	0	0	0	0	0	0	204	0	0	0	0	0	0	510	0	0	0	0	0	0	0	0	0	0	0	0	0	0	0	0	0	0	0	0	0	0	0	0	0	0	0	0	0	0	0	0	0	0	0	774	0	0	0	0	126	4896	608	2618	446	0	0	0	0	348	0	0	0	1222	3292	990	188	0	0	0	0	
78528	Cerebelum_3_R	0	0	0	0	0	0	0	0	0	0	0	0	0	0	0	0	0	0	0	0	0	0	0	0	0	0	0	0	0	0	0	0	0	0	0	0	0	0	144	0	0	0	0	0	0	0	124	204	0	0	0	0	0	0	0	604	0	0	0	0	0	0	0	0	0	0	0	0	0	0	0	0	0	0	0	0	0	0	0	0	0	0	0	0	0	0	0	0	0	144	374	2530	104	360	126	0	1766	6132	986	7262	150	0	296	470	774	1414	194	0	2118	5560	1700	2374	510	1302	1444	98	
284108	Cerebelum_4_5_L	0	0	0	0	0	0	0	0	0	0	0	0	0	0	0	0	0	0	0	0	0	0	0	0	0	0	0	0	0	0	0	0	0	0	0	0	196	0	450	120	0	0	0	0	0	0	7462	2902	0	0	0	0	108	144	15740	676	0	0	0	0	0	0	0	0	0	0	0	0	0	0	0	0	0	0	0	0	0	0	0	0	0	0	0	0	0	0	0	0	510	0	13134	1060	650	104	4896	1766	0	6876	34204	4278	946	0	1374	168	4914	2454	1000	0	2062	3282	17350	7442	158	1538	2550	1540	
253900	Cerebelum_4_5_R	0	0	0	0	0	0	0	0	0	0	0	0	0	0	0	0	0	0	0	0	0	0	0	0	0	0	0	0	0	0	0	0	0	0	0	82	0	1108	0	1780	0	254	0	116	0	0	1874	7786	0	0	0	0	0	280	762	10002	0	0	0	0	0	0	0	0	0	0	0	256	0	0	0	0	0	0	0	0	0	124	0	0	0	0	0	0	0	0	0	0	0	350	1744	14676	382	662	608	6132	6876	0	5636	30606	500	0	642	1178	1502	2036	274	0	742	3022	15300	3620	1774	2106	2064	94	
460880	Cerebelum_6_L	0	0	0	0	0	0	0	0	0	0	0	0	0	0	0	0	0	0	0	0	0	0	0	0	0	0	0	0	0	0	0	0	0	0	0	0	76	0	194	0	0	0	702	0	0	0	9390	6068	0	0	1054	0	3248	452	33578	2104	0	0	0	0	0	0	0	0	0	0	0	0	0	0	0	0	0	0	0	0	0	0	0	0	0	0	0	0	0	0	0	0	2120	0	51554	2970	4666	584	2618	986	34204	5636	0	7968	4682	100	7646	1044	4688	2678	186	0	492	1460	9770	15848	4210	3572	3500	392	
446048	Cerebelum_6_R	0	290	0	0	0	0	0	0	0	0	0	0	0	0	0	0	0	76	0	592	0	0	0	0	0	0	0	0	0	160	0	0	0	518	0	684	0	1184	0	1710	0	242	0	2378	0	202	1700	9700	0	0	0	414	88	1252	796	27960	0	250	0	0	0	0	0	0	0	0	0	1860	0	796	0	0	0	0	0	0	0	328	0	0	0	98	0	0	0	484	0	0	0	7144	5734	50058	1570	4766	446	7262	4278	30606	7968	0	748	640	1016	5148	926	1296	0	172	1618	4118	12382	12600	6288	1676	802	0	
319008	Cerebelum_7b_L	0	0	0	0	0	0	0	0	0	0	0	0	0	0	0	0	0	0	0	0	0	0	0	0	0	0	0	0	0	0	0	0	0	0	0	0	0	0	0	0	0	0	0	0	0	0	0	190	0	0	0	0	0	0	510	114	0	0	0	0	0	0	0	0	0	0	0	0	0	0	0	0	0	0	0	0	0	0	0	0	0	0	0	0	0	0	0	0	2054	0	18784	432	43704	7998	0	150	946	500	4682	748	0	6188	38596	8332	5702	682	252	0	92	108	764	1526	8516	7154	780	0	
187796	Cerebelum_7b_R	0	0	0	0	0	0	0	0	0	0	0	0	0	0	0	0	0	0	0	0	0	0	0	0	0	0	0	0	0	0	0	0	0	0	0	0	0	0	0	0	0	0	0	0	0	0	0	0	0	0	0	0	0	0	0	120	0	0	0	0	0	0	0	0	0	0	0	0	0	0	0	0	0	0	0	0	0	0	0	0	0	0	0	0	0	0	0	0	0	0	480	6256	6292	26866	0	0	0	0	100	640	6188	0	3812	29232	154	4956	0	0	0	0	0	120	3578	4896	208	0	
326504	Cerebelum_8_L	0	0	0	0	0	0	0	0	0	0	0	0	0	0	0	0	0	0	0	0	0	0	0	0	0	0	0	0	0	0	0	0	0	0	0	0	0	0	0	0	0	0	0	0	0	0	108	168	0	0	0	0	0	0	746	92	0	0	0	0	0	0	0	0	0	0	0	0	0	0	0	0	0	0	0	0	0	0	0	0	0	0	0	0	0	0	0	0	2448	0	22472	576	34066	3388	0	296	1374	642	7646	1016	38596	3812	0	7300	16018	2718	522	132	134	218	952	2206	4518	8826	2262	0	
318852	Cerebelum_8_R	0	0	0	0	0	0	0	0	0	0	0	0	0	0	0	0	0	0	0	0	0	0	0	0	0	0	0	0	0	0	0	0	0	132	0	0	0	104	0	138	0	0	0	350	0	0	0	0	0	0	0	0	0	0	0	1616	0	102	0	0	0	0	0	0	0	0	0	326	0	132	0	0	0	0	0	0	0	0	0	0	0	0	0	0	0	0	0	0	0	532	2746	18934	7838	36528	0	470	168	1178	1044	5148	8332	29232	7300	0	802	14050	0	520	240	340	208	1444	8872	8994	1606	0	
132216	Cerebelum_9_L	0	0	0	0	0	0	0	0	0	0	0	0	0	0	0	0	0	0	0	0	0	0	0	0	0	0	0	0	0	0	0	0	0	0	0	0	0	0	0	0	0	0	0	0	0	0	0	276	0	0	0	0	0	0	232	0	0	0	0	0	0	0	0	0	0	0	0	0	0	0	0	0	0	0	0	0	0	0	0	0	0	0	0	0	0	0	0	0	454	0	4398	144	5284	216	348	774	4914	1502	4688	926	5702	154	16018	802	0	2402	2326	0	430	642	3520	3804	810	2432	2578	332	
150664	Cerebelum_9_R	0	0	0	0	0	0	0	0	0	0	0	0	0	0	0	0	0	0	0	0	0	0	0	0	0	0	0	0	0	0	0	0	0	0	0	0	0	0	0	0	0	0	0	0	0	0	0	0	0	0	0	0	0	0	0	190	0	0	0	0	0	0	0	0	0	0	0	0	0	0	0	0	0	0	0	0	0	0	0	0	0	0	0	0	0	0	0	0	0	0	1442	2834	570	5810	0	1414	2454	2036	2678	1296	682	4956	2718	14050	2402	0	0	1460	1084	1278	2526	5426	2406	6894	7706	1020	
13688	Cerebelum_10_L	0	0	0	0	0	0	0	0	0	0	0	0	0	0	0	0	0	0	0	0	0	0	0	0	0	0	0	0	0	0	0	0	0	0	0	0	0	0	0	0	0	0	0	0	0	0	0	0	0	0	0	0	0	0	0	0	0	0	0	0	0	0	0	0	0	0	0	0	0	0	0	0	0	0	0	0	0	0	0	0	0	0	0	0	0	0	0	0	0	0	0	0	0	0	0	194	1000	274	186	0	252	0	522	0	2326	0	0	0	162	124	910	796	0	0	98	0	
6688	Cerebelum_10_R	0	0	0	0	0	0	0	0	0	0	0	0	0	0	0	0	0	0	0	0	0	0	0	0	0	0	0	0	0	0	0	0	0	0	0	0	0	0	0	0	0	0	0	0	0	0	0	0	0	0	0	0	0	0	0	0	0	0	0	0	0	0	0	0	0	0	0	0	0	0	0	0	0	0	0	0	0	0	0	0	0	0	0	0	0	0	0	0	0	0	0	0	0	132	0	0	0	0	0	172	0	0	132	520	0	1460	0	0	0	0	0	0	84	314	530	0	
45304	Vermis_1_2	0	0	0	0	0	0	0	0	0	0	0	0	0	0	0	0	0	0	0	0	0	0	0	0	0	0	0	0	0	0	0	0	0	0	0	0	0	0	108	0	0	0	0	0	0	0	0	142	0	0	0	0	0	0	0	0	0	0	0	0	0	0	0	0	0	0	0	0	0	0	0	0	0	0	0	0	0	0	0	0	0	0	0	0	0	0	0	0	0	0	84	480	0	192	1222	2118	2062	742	492	1618	92	0	134	240	430	1084	162	0	0	5448	1986	1712	338	682	854	230	
80304	Vermis_3	0	0	0	0	0	0	0	0	0	0	0	0	0	0	0	0	0	0	0	0	0	0	0	0	0	0	0	0	0	0	0	0	0	0	0	0	0	0	168	84	0	0	0	0	0	0	164	312	0	0	0	0	0	0	82	168	0	0	0	0	0	0	0	0	0	0	0	0	0	0	0	0	0	0	0	0	0	0	0	0	0	0	0	0	0	0	0	0	0	0	368	1172	82	264	3292	5560	3282	3022	1460	4118	108	0	218	340	642	1278	124	0	5448	0	2950	2406	460	1096	1314	170	
217620	Vermis_4_5	0	0	0	0	0	0	0	0	0	0	0	0	0	0	0	0	0	0	0	0	0	0	0	0	0	0	0	0	0	0	0	0	0	0	0	0	0	96	0	80	0	0	0	212	0	0	3444	6736	0	0	0	0	0	354	1580	3216	0	0	0	0	0	0	0	0	0	0	0	222	0	0	0	0	0	0	0	0	0	0	0	0	0	0	0	0	0	0	0	0	0	0	1132	5014	174	152	990	1700	17350	15300	9770	12382	764	0	952	208	3520	2526	910	0	1986	2950	0	8958	176	1584	2668	1704	
