data	data	638952	371468	1.02273e+06	827320	171948	138384	490412	268180	108052	23916	338292	310668	297184	302844	187956	145256	329504	178904	730732	620872	115128	127608	299104	385900	37744	94412	51000	86352	750632	561016	317204	552212	158076	473864	215524	246440	304612	412352	123500	409496	43144	61024	321628	461616	201644	295388	398400	388444	264596	286796	758436	221484	350420	387740	700212	720932	353548	255204	263840	113588	337872	98248	157416	111396	238584	144624	405052	359300	342328	250072	365968	498240	404652	475172	46248	42284	100988	162724	86020	35932	300972	204852	141128	86200	459656	386420	38780	41964	365080	412864	649304	542652	440540	386600	138596	93564	449364	350296	604764	516240	357692	192872	504452	451552	184508	191824	39396	5468	71976	160924	360048	265768	318372	260332	148628	67608	
data	data	Precentral_L	Precentral_R	Frontal_Sup_L	Frontal_Sup_R	Frontal_Sup_Orb_L	Frontal_Sup_Orb_R	Frontal_Mid_L	Frontal_Mid_R	Frontal_Mid_Orb_L	Frontal_Mid_Orb_R	Frontal_Inf_Oper_L	Frontal_Inf_Oper_R	Frontal_Inf_Tri_L	Frontal_Inf_Tri_R	Frontal_Inf_Orb_L	Frontal_Inf_Orb_R	Rolandic_Oper_L	Rolandic_Oper_R	Supp_Motor_Area_L	Supp_Motor_Area_R	Olfactory_L	Olfactory_R	Frontal_Sup_Medial_L	Frontal_Sup_Medial_R	Frontal_Med_Orb_L	Frontal_Med_Orb_R	Rectus_L	Rectus_R	Insula_L	Insula_R	Cingulum_Ant_L	Cingulum_Ant_R	Cingulum_Mid_L	Cingulum_Mid_R	Cingulum_Post_L	Cingulum_Post_R	Hippocampus_L	Hippocampus_R	ParaHippocampal_L	ParaHippocampal_R	Amygdala_L	Amygdala_R	Calcarine_L	Calcarine_R	Cuneus_L	Cuneus_R	Lingual_L	Lingual_R	Occipital_Sup_L	Occipital_Sup_R	Occipital_Mid_L	Occipital_Mid_R	Occipital_Inf_L	Occipital_Inf_R	Fusiform_L	Fusiform_R	Postcentral_L	Postcentral_R	Parietal_Sup_L	Parietal_Sup_R	Parietal_Inf_L	Parietal_Inf_R	SupraMarginal_L	SupraMarginal_R	Angular_L	Angular_R	Precuneus_L	Precuneus_R	Paracentral_Lobule_L	Paracentral_Lobule_R	Caudate_L	Caudate_R	Putamen_L	Putamen_R	Pallidum_L	Pallidum_R	Thalamus_L	Thalamus_R	Heschl_L	Heschl_R	Temporal_Sup_L	Temporal_Sup_R	Temporal_Pole_Sup_L	Temporal_Pole_Sup_R	Temporal_Mid_L	Temporal_Mid_R	Temporal_Pole_Mid_L	Temporal_Pole_Mid_R	Temporal_Inf_L	Temporal_Inf_R	Cerebelum_Crus1_L	Cerebelum_Crus1_R	Cerebelum_Crus2_L	Cerebelum_Crus2_R	Cerebelum_3_L	Cerebelum_3_R	Cerebelum_4_5_L	Cerebelum_4_5_R	Cerebelum_6_L	Cerebelum_6_R	Cerebelum_7b_L	Cerebelum_7b_R	Cerebelum_8_L	Cerebelum_8_R	Cerebelum_9_L	Cerebelum_9_R	Cerebelum_10_L	Cerebelum_10_R	Vermis_1_2	Vermis_3	Vermis_4_5	Vermis_6	Vermis_7	Vermis_8	Vermis_9	Vermis_10	
638952	Precentral_L	0	4792	34388	6530	0	0	17330	2396	0	0	17098	1110	2808	204	0	0	14064	906	23574	10378	0	0	736	374	0	0	0	0	17766	1280	612	464	406	3426	86	168	9646	1722	1076	1840	0	0	94	0	82	0	1512	770	232	0	4442	0	3162	326	7584	2066	32484	524	374	0	4398	0	1402	0	2106	0	168	0	26488	1994	4662	2462	5414	248	786	0	6830	2696	5424	0	9182	0	222	0	9830	0	0	0	4702	0	1104	0	0	0	0	0	114	0	412	0	0	0	0	0	0	0	0	0	0	0	0	0	0	0	0	0	
371468	Precentral_R	4792	0	3238	8422	0	0	86	5262	0	0	0	5212	0	162	0	0	94	1624	3600	16690	0	0	0	0	0	0	0	0	424	5534	0	98	682	2360	2670	3958	258	5874	0	5874	0	0	172	3314	0	290	130	1806	356	390	2044	648	982	6256	1204	6748	488	28198	356	316	0	308	0	1612	0	440	484	1696	5234	18798	946	908	1196	3786	328	678	146	1002	0	1458	0	4694	0	0	1284	4570	0	0	472	4238	158	132	0	0	0	0	0	300	0	162	0	0	0	0	0	0	0	0	0	0	92	0	0	0	0	0	
1.02273e+06	Frontal_Sup_L	34388	3238	0	14096	11154	0	67610	2352	3786	0	23642	1248	21408	810	8360	124	18110	524	80956	15072	870	0	37056	3886	770	0	130	0	52378	1108	15606	4686	3480	4006	0	0	7124	302	976	220	362	0	0	0	0	0	0	0	0	0	88	0	86	0	538	180	8948	500	0	0	934	0	444	82	0	0	0	0	5258	0	11258	1626	21390	264	3702	0	5628	2100	1254	0	4490	0	2450	0	112	0	0	0	194	0	0	0	0	0	0	0	0	0	0	0	0	0	0	0	0	0	0	0	0	0	0	0	0	0	0	0	
827320	Frontal_Sup_R	6530	8422	14096	0	0	3270	3668	35498	0	110	760	17050	394	19300	0	3326	240	11430	23234	45568	0	0	5030	40808	0	1702	0	110	1990	19528	5076	36250	2856	18684	0	0	606	7416	174	5056	0	468	0	0	0	0	0	726	0	0	0	0	0	104	182	3582	1246	568	0	0	192	0	0	0	0	0	0	0	3460	90	6988	19932	4226	12434	0	2042	532	14660	94	328	0	1044	0	140	0	838	0	0	86	976	0	102	0	0	0	0	0	328	0	110	0	0	0	0	0	0	0	0	0	0	0	0	0	0	0	0	
171948	Frontal_Sup_Orb_L	0	0	11154	0	0	118	2488	0	13248	0	882	0	2970	0	12270	0	0	0	3032	0	2734	320	1884	82	2624	0	4688	156	9832	128	2898	92	0	0	0	0	0	0	242	0	454	0	0	0	0	0	0	0	0	0	0	0	0	0	0	0	0	0	0	0	0	0	0	0	0	0	0	0	0	0	2890	262	9312	116	0	0	0	0	0	0	0	0	1098	0	0	0	0	0	0	0	0	0	0	0	0	0	0	0	0	0	0	0	0	0	0	0	0	0	0	0	0	0	0	0	0	0	
138384	Frontal_Sup_Orb_R	0	0	0	3270	118	0	0	1836	0	4556	0	128	0	248	90	4982	0	0	0	0	1718	3062	228	5442	306	8072	666	8156	0	2452	978	4058	0	0	0	0	0	0	0	0	0	0	0	0	0	0	0	0	0	0	0	0	0	0	0	0	0	0	0	0	0	0	0	0	0	0	0	0	0	0	1520	9204	802	7300	0	0	0	0	0	0	0	0	0	0	0	0	0	0	0	0	0	0	0	0	0	0	0	0	0	0	0	0	0	0	0	0	0	0	0	0	0	0	0	0	0	0	
490412	Frontal_Mid_L	17330	86	67610	3668	2488	0	0	1266	3254	0	17442	724	30962	286	5736	144	7156	616	8970	1560	0	0	15936	1628	0	0	0	0	27510	932	5228	964	958	878	0	0	2948	0	478	0	0	0	0	0	0	0	0	0	0	0	0	0	0	0	340	0	2448	86	0	0	1176	0	324	0	0	0	0	0	730	0	3000	1224	3236	188	0	0	676	0	570	0	2224	0	1998	0	86	0	0	0	142	0	0	0	0	0	0	0	0	0	0	0	0	0	0	0	0	0	0	0	0	0	0	0	0	0	0	0	
268180	Frontal_Mid_R	2396	5262	2352	35498	0	1836	1266	0	0	712	0	10316	84	17688	0	3804	0	3546	2590	2212	0	0	528	6510	0	0	0	0	394	7174	434	6006	92	3118	0	0	218	2568	0	1584	0	0	0	0	0	0	0	276	0	0	0	0	0	0	0	1154	318	472	0	0	120	0	0	0	0	0	0	0	0	0	2250	2246	1750	3732	0	988	0	2322	0	0	0	162	0	0	0	0	0	0	0	0	0	0	0	0	0	0	0	112	0	0	0	0	0	0	0	0	0	0	0	0	0	0	0	0	0	0	
108052	Frontal_Mid_Orb_L	0	0	3786	0	13248	0	3254	0	0	0	412	0	2730	0	14292	0	0	0	1494	0	1030	168	0	0	242	0	3146	0	4470	86	112	0	0	0	0	0	0	0	234	0	408	0	0	0	0	0	0	0	0	0	0	0	0	0	0	0	0	0	0	0	0	0	0	0	0	0	0	0	0	0	540	130	2810	86	0	0	0	0	0	0	0	0	1348	0	0	0	0	0	0	0	0	0	0	0	0	0	0	0	0	0	0	0	0	0	0	0	0	0	0	0	0	0	0	0	0	0	
23916	Frontal_Mid_Orb_R	0	0	0	110	0	4556	0	712	0	0	0	0	0	274	0	5206	0	0	0	0	0	0	0	0	0	0	0	196	0	492	0	0	0	0	0	0	0	0	0	0	0	0	0	0	0	0	0	0	0	0	0	0	0	0	0	0	0	0	0	0	0	0	0	0	0	0	0	0	0	0	0	224	0	188	0	0	0	0	0	0	0	0	0	0	0	0	0	0	0	0	0	0	0	0	0	0	0	0	0	0	0	0	0	0	0	0	0	0	0	0	0	0	0	0	0	0	
338292	Frontal_Inf_Oper_L	17098	0	23642	760	882	0	17442	0	412	0	0	86	20438	282	1730	0	13058	0	11380	156	0	0	2520	546	112	0	0	0	28080	122	2764	828	102	0	0	0	778	0	0	0	0	0	0	0	0	0	0	0	0	0	0	0	0	0	0	0	6948	0	254	0	1354	0	542	0	106	0	0	0	928	0	2132	690	2156	0	0	0	0	0	402	0	4278	0	6138	0	0	0	0	0	0	0	0	0	0	0	0	0	0	0	0	0	0	0	0	0	0	0	0	0	0	0	0	0	0	0	0	0	
310668	Frontal_Inf_Oper_R	1110	5212	1248	17050	0	128	724	10316	0	0	86	0	0	28322	0	686	90	9386	1350	2010	0	0	1260	6034	0	0	0	0	722	26720	2432	11370	218	3194	0	0	264	1442	0	938	0	0	0	0	0	0	0	258	0	0	0	0	0	216	0	1150	128	3534	0	0	0	0	0	0	0	0	0	0	0	0	2488	5970	1156	4938	0	230	0	912	148	94	0	1158	0	264	0	118	0	0	0	158	0	0	0	0	0	0	0	102	0	0	0	0	0	0	0	0	0	0	0	0	0	0	0	0	0	0	
297184	Frontal_Inf_Tri_L	2808	0	21408	394	2970	0	30962	84	2730	0	20438	0	0	214	10898	0	1404	0	5730	110	0	0	4816	478	130	0	0	0	29812	0	3892	620	532	206	0	0	432	0	0	0	0	0	0	0	0	0	0	0	0	0	0	0	0	0	0	0	828	0	0	0	0	0	0	0	0	0	0	0	0	0	784	104	2104	0	0	0	0	0	0	0	696	0	3008	0	0	0	0	0	0	0	0	0	0	0	0	0	0	0	0	0	0	0	0	0	0	0	0	0	0	0	0	0	0	0	0	0	
302844	Frontal_Inf_Tri_R	204	162	810	19300	0	248	286	17688	0	274	282	28322	214	0	0	7070	0	1190	1024	1918	0	0	1862	9182	0	0	0	0	614	25754	2294	14180	0	4150	0	0	0	630	0	398	0	0	0	0	0	0	0	0	0	0	0	0	0	0	0	234	0	118	0	0	0	0	0	0	0	0	0	0	0	0	1892	4766	838	4474	0	190	0	758	0	0	0	96	0	0	0	0	0	0	0	0	0	0	0	0	0	0	0	0	0	0	0	0	0	0	0	0	0	0	0	0	0	0	0	0	0	0	
187956	Frontal_Inf_Orb_L	0	0	8360	0	12270	90	5736	0	14292	0	1730	0	10898	0	0	0	0	0	1774	0	2424	246	770	120	342	0	1854	112	17704	102	516	0	0	0	0	0	0	0	318	0	606	0	0	0	0	0	0	0	0	0	0	0	0	0	0	0	0	0	0	0	0	0	0	0	0	0	0	0	0	0	1146	168	8192	96	0	0	0	0	0	0	0	0	4112	0	0	0	0	0	0	0	0	0	0	0	0	0	0	0	0	0	0	0	0	0	0	0	0	0	0	0	0	0	0	0	0	0	
145256	Frontal_Inf_Orb_R	0	0	124	3326	0	4982	144	3804	0	5206	0	686	0	7070	0	0	0	152	354	700	494	2634	0	762	0	0	0	1276	116	17642	142	1512	0	434	0	0	0	216	0	156	0	526	0	0	0	0	0	0	0	0	0	0	0	0	0	112	0	0	0	0	0	0	0	0	0	0	0	0	0	0	1104	7054	464	6076	0	274	0	664	0	0	0	1632	0	1780	0	872	0	138	0	0	0	0	0	0	0	0	0	0	0	0	0	0	0	0	0	0	0	0	0	0	0	0	0	0	0	0	
329504	Rolandic_Oper_L	14064	94	18110	240	0	0	7156	0	0	0	13058	90	1404	0	0	0	0	106	12710	168	0	0	1580	82	0	0	0	0	26814	110	156	0	114	0	0	0	1838	0	344	0	0	0	0	0	0	0	0	0	0	0	2396	0	148	0	588	0	16546	0	4036	0	5462	0	3708	0	2550	0	768	0	3050	0	518	222	1800	0	320	0	0	0	4112	0	15772	0	2276	0	1898	0	0	0	344	0	0	0	0	0	0	0	0	0	0	0	0	0	0	0	0	0	0	0	0	0	0	0	0	0	0	0	
178904	Rolandic_Oper_R	906	1624	524	11430	0	0	616	3546	0	0	0	9386	0	1190	0	152	106	0	646	1896	0	0	148	860	0	0	0	0	540	23532	664	1714	136	500	0	0	334	1548	116	1246	0	0	0	0	0	0	0	408	0	0	0	0	0	0	94	1264	158	3868	0	0	90	0	0	2160	0	0	0	0	0	0	1592	4580	592	5840	0	96	210	1514	154	266	0	2300	0	294	0	220	0	0	0	178	0	0	0	0	0	0	0	130	0	84	0	0	0	0	0	0	0	0	0	0	0	0	0	0	0	0	
730732	Supp_Motor_Area_L	23574	3600	80956	23234	3032	0	8970	2590	1494	0	11380	1350	5730	1024	1774	354	12710	646	0	42136	710	0	4794	2952	0	0	0	0	24914	1598	5470	8486	7210	20678	344	248	3204	356	436	200	294	0	0	0	0	0	0	0	0	0	84	0	84	96	282	160	5212	680	0	0	206	0	92	0	0	0	142	0	10848	768	9208	3682	13624	962	2672	132	3236	2090	510	0	2936	0	1126	0	86	0	0	0	0	0	0	0	0	0	0	0	0	0	0	0	0	0	0	0	0	0	0	0	0	0	0	0	0	0	0	0	
620872	Supp_Motor_Area_R	10378	16690	15072	45568	0	0	1560	2212	0	0	156	2010	110	1918	0	700	168	1896	42136	0	0	0	1442	6736	0	0	0	0	394	3960	3356	15180	7060	40256	1048	1120	110	1872	0	1630	0	464	220	1394	0	0	146	578	710	0	1838	228	376	5262	294	3534	1492	730	746	0	226	288	0	142	0	446	764	166	22044	13598	1532	7290	738	1860	0	120	448	7828	0	268	0	2758	0	84	702	3124	0	0	194	3066	0	0	0	0	0	0	0	0	0	0	0	0	0	0	0	0	0	0	0	0	0	0	0	0	0	0	
115128	Olfactory_L	0	0	870	0	2734	1718	0	0	1030	0	0	0	0	0	2424	494	0	0	710	0	0	7010	0	0	928	0	2144	2366	3878	1368	3162	1498	0	0	0	0	112	0	592	0	570	0	0	0	0	0	0	0	0	0	0	0	0	0	0	0	0	0	0	0	0	0	0	0	0	0	0	0	0	0	8068	5972	6112	3164	0	0	0	0	0	0	0	0	640	0	0	0	0	0	0	0	0	0	0	0	0	0	0	0	0	0	0	0	0	0	0	0	0	0	0	0	0	0	0	0	0	0	
127608	Olfactory_R	0	0	0	0	320	3062	0	0	168	0	0	0	0	0	246	2634	0	0	0	0	7010	0	0	0	82	792	1374	4660	212	4610	2776	2120	0	0	0	0	0	0	0	0	0	170	0	0	0	0	0	0	0	0	0	0	0	0	0	0	0	0	0	0	0	0	0	0	0	0	0	0	0	0	8970	10862	7014	5418	870	434	0	0	0	0	0	0	0	0	0	0	0	0	0	0	0	0	0	0	0	0	0	0	0	0	0	0	0	0	0	0	0	0	0	0	0	0	0	0	0	0	
299104	Frontal_Sup_Medial_L	736	0	37056	5030	1884	228	15936	528	0	0	2520	1260	4816	1862	770	0	1580	148	4794	1442	0	0	0	14744	1368	444	134	0	8254	634	17620	11062	3360	7712	0	0	782	0	0	0	0	0	0	0	0	0	0	0	0	0	0	0	0	0	0	0	0	0	0	0	0	0	0	0	0	0	0	0	202	0	794	148	1028	148	0	0	0	0	0	0	340	0	188	0	0	0	0	0	0	0	0	0	0	0	0	0	0	0	0	0	0	0	0	0	0	0	0	0	0	0	0	0	0	0	0	0	
385900	Frontal_Sup_Medial_R	374	0	3886	40808	82	5442	1628	6510	0	0	546	6034	478	9182	120	762	82	860	2952	6736	0	0	14744	0	524	6322	88	1430	1406	5410	6518	32690	502	14590	0	0	0	496	0	344	0	0	0	0	0	0	0	0	0	0	0	0	0	0	0	306	0	0	0	0	0	0	0	0	0	0	0	0	0	0	2042	9552	860	8006	0	236	0	84	0	0	0	100	0	0	0	94	0	0	0	124	0	0	0	0	0	0	0	0	0	0	0	0	0	0	0	0	0	0	0	0	0	0	0	0	0	0	
37744	Frontal_Med_Orb_L	0	0	770	0	2624	306	0	0	242	0	112	0	130	0	342	0	0	0	0	0	928	82	1368	524	0	1052	1938	328	564	0	3762	700	0	0	0	0	0	0	0	0	0	0	0	0	0	0	0	0	0	0	0	0	0	0	0	0	0	0	0	0	0	0	0	0	0	0	0	0	0	0	1538	274	1072	216	0	0	0	0	0	0	0	0	0	0	0	0	0	0	0	0	0	0	0	0	0	0	0	0	0	0	0	0	0	0	0	0	0	0	0	0	0	0	0	0	0	0	
94412	Frontal_Med_Orb_R	0	0	0	1702	0	8072	0	0	0	0	0	0	0	0	0	0	0	0	0	0	0	792	444	6322	1052	0	226	5916	0	648	1718	6698	0	0	0	0	0	0	0	0	0	0	0	0	0	0	0	0	0	0	0	0	0	0	0	0	0	0	0	0	0	0	0	0	0	0	0	0	0	0	0	7204	0	6412	0	0	0	0	0	0	0	0	0	0	0	0	0	0	0	0	0	0	0	0	0	0	0	0	0	0	0	0	0	0	0	0	0	0	0	0	0	0	0	0	0	0	
51000	Rectus_L	0	0	130	0	4688	666	0	0	3146	0	0	0	0	0	1854	0	0	0	0	0	2144	1374	134	88	1938	226	0	914	354	172	1926	698	0	0	0	0	0	0	0	0	0	0	0	0	0	0	0	0	0	0	0	0	0	0	0	0	0	0	0	0	0	0	0	0	0	0	0	0	0	0	2270	790	1396	592	0	0	0	0	0	0	0	0	0	0	0	0	0	0	0	0	0	0	0	0	0	0	0	0	0	0	0	0	0	0	0	0	0	0	0	0	0	0	0	0	0	0	
86352	Rectus_R	0	0	0	110	156	8156	0	0	0	196	0	0	0	0	112	1276	0	0	0	0	2366	4660	0	1430	328	5916	914	0	0	2276	884	2642	0	0	0	0	0	0	0	0	0	0	0	0	0	0	0	0	0	0	0	0	0	0	0	0	0	0	0	0	0	0	0	0	0	0	0	0	0	0	2016	5462	984	3292	0	0	0	0	0	0	0	0	0	0	0	0	0	0	0	0	0	0	0	0	0	0	0	0	0	0	0	0	0	0	0	0	0	0	0	0	0	0	0	0	0	0	
750632	Insula_L	17766	424	52378	1990	9832	0	27510	394	4470	0	28080	722	29812	614	17704	116	26814	540	24914	394	3878	212	8254	1406	564	0	354	0	0	878	5884	1768	772	374	0	0	19210	0	2038	0	3020	0	0	0	0	0	360	0	0	0	586	0	816	0	4956	0	5794	152	216	0	838	0	328	0	140	0	0	0	2140	0	5754	1636	19462	350	396	0	428	120	8016	0	11420	0	10810	0	2822	0	208	0	4020	0	184	0	0	0	0	0	136	0	142	0	0	0	0	0	0	0	0	0	0	0	0	0	0	0	0	0	
561016	Insula_R	1280	5534	1108	19528	128	2452	932	7174	86	492	122	26720	0	25754	102	17642	110	23532	1598	3960	1368	4610	634	5410	0	648	172	2276	878	0	1910	10080	148	1416	0	0	360	8922	126	7224	0	970	0	252	0	0	0	2292	0	0	0	0	0	1168	146	8710	170	2818	0	0	94	0	0	876	0	0	0	312	134	404	5102	18698	2500	27934	82	586	306	3214	168	2970	0	8464	0	1494	0	2688	0	0	0	2972	0	94	0	0	0	0	0	336	0	118	0	0	0	0	0	0	0	0	0	0	0	0	0	0	0	0	
317204	Cingulum_Ant_L	612	0	15606	5076	2898	978	5228	434	112	0	2764	2432	3892	2294	516	142	156	664	5470	3356	3162	2776	17620	6518	3762	1718	1926	884	5884	1910	0	24374	5028	5288	0	0	1068	154	140	116	0	0	0	0	0	0	0	0	0	0	0	0	0	0	0	136	92	0	0	0	0	0	0	0	0	0	0	0	0	0	8194	4766	6120	4082	0	0	150	0	0	0	0	0	104	0	0	0	0	0	0	0	0	0	0	0	0	0	0	0	0	0	0	0	0	0	0	0	0	0	0	0	0	0	0	0	0	0	
552212	Cingulum_Ant_R	464	98	4686	36250	92	4058	964	6006	0	0	828	11370	620	14180	0	1512	0	1714	8486	15180	1498	2120	11062	32690	700	6698	698	2642	1768	10080	24374	0	5774	27764	0	0	92	984	0	640	0	0	0	0	0	0	0	0	0	0	0	0	0	0	0	592	0	0	0	0	0	0	0	0	0	0	0	0	0	0	4096	17736	2004	14256	0	724	0	248	0	0	0	118	0	0	0	0	0	0	0	148	0	0	0	0	0	0	0	92	0	0	0	0	0	0	0	0	0	0	0	0	0	0	0	0	0	0	
158076	Cingulum_Mid_L	406	682	3480	2856	0	0	958	92	0	0	102	218	532	0	0	0	114	136	7210	7060	0	0	3360	502	0	0	0	0	772	148	5028	5774	0	13648	3748	1790	0	0	0	0	0	0	362	86	782	0	152	0	968	0	2004	0	910	264	762	108	0	924	840	0	178	0	0	0	114	0	6200	1118	2660	1318	0	0	0	0	0	0	0	0	0	0	136	0	0	0	320	106	0	0	0	110	0	0	0	0	0	0	0	0	0	0	0	0	0	0	0	0	0	0	0	0	0	0	0	0	0	0	
473864	Cingulum_Mid_R	3426	2360	4006	18684	0	0	878	3118	0	0	0	3194	206	4150	0	434	0	500	20678	40256	0	0	7712	14590	0	0	0	0	374	1416	5288	27764	13648	0	5394	6890	0	0	0	106	0	0	98	456	0	0	88	126	486	0	3552	0	1202	886	646	538	0	4868	508	0	104	0	0	0	0	0	1916	3468	15048	13922	180	0	82	142	0	0	0	0	0	0	0	88	0	0	2534	254	0	0	284	264	120	0	0	0	0	0	0	0	0	0	0	0	0	0	0	0	0	0	0	0	0	0	0	0	0	0	
215524	Cingulum_Post_L	86	2670	0	0	0	0	0	0	0	0	0	0	0	0	0	0	0	0	344	1048	0	0	0	0	0	0	0	0	0	0	0	0	3748	5394	0	16256	3544	2460	730	1462	0	0	3470	1042	848	110	3252	342	326	0	6618	0	4084	3006	8722	2352	0	3680	338	0	156	0	0	0	0	0	9736	3638	1138	5520	0	0	0	0	0	0	126	0	0	0	0	0	0	0	4774	1078	0	0	1716	1320	604	0	0	0	0	0	710	0	524	0	0	0	0	0	0	0	0	0	0	0	790	0	0	0	0	0	
246440	Cingulum_Post_R	168	3958	0	0	0	0	0	0	0	0	0	0	0	0	0	0	0	0	248	1120	0	0	0	0	0	0	0	0	0	0	0	0	1790	6890	16256	0	3244	3908	526	2470	0	0	290	2082	116	198	1496	2548	174	0	4396	116	2204	6916	9992	7588	0	5122	192	0	0	0	0	0	0	0	3828	8594	1772	6940	0	0	0	0	0	0	348	292	0	0	0	174	0	0	3486	1888	0	0	3866	2256	862	0	0	0	0	0	0	358	496	0	0	0	0	0	0	0	0	0	0	0	4052	0	0	0	0	0	
304612	Hippocampus_L	9646	258	7124	606	0	0	2948	218	0	0	778	264	432	0	0	0	1838	334	3204	110	112	0	782	0	0	0	0	0	19210	360	1068	92	0	0	3544	3244	0	4010	13344	2494	6706	0	1026	0	0	0	4872	372	0	0	166	0	114	114	16922	1508	564	0	0	0	0	0	0	0	0	0	3368	1472	1864	0	1150	458	8162	114	592	0	2912	636	2250	0	4440	0	1624	0	3554	0	0	0	6286	0	746	0	0	0	0	0	2250	0	1322	0	132	0	184	0	0	0	0	0	0	118	288	0	0	0	0	0	
412352	Hippocampus_R	1722	5874	302	7416	0	0	0	2568	0	0	0	1442	0	630	0	216	0	1548	356	1872	0	0	0	496	0	0	0	0	0	8922	154	984	0	0	2460	3908	4010	0	678	46492	0	6656	0	96	0	0	200	10556	0	0	90	0	0	188	336	37642	0	658	0	0	0	0	0	160	0	0	872	3274	1158	94	102	792	0	16222	0	1638	1502	6912	0	938	0	2970	0	632	0	1660	0	0	94	7376	0	1166	0	174	0	102	0	6446	0	1814	0	0	0	236	0	98	0	0	0	112	1072	0	0	0	88	0	
123500	ParaHippocampal_L	1076	0	976	174	242	0	478	0	234	0	0	0	0	0	318	0	344	116	436	0	592	0	0	0	0	0	0	0	2038	126	140	0	0	0	730	526	13344	678	0	466	2908	0	272	0	0	0	4818	96	0	0	348	0	182	0	12596	258	0	0	0	0	0	0	0	0	0	0	1788	108	312	0	206	110	2622	0	176	0	536	0	0	0	360	0	2324	0	0	0	1028	0	898	0	710	0	0	0	246	0	3440	0	1986	0	104	0	164	0	0	0	0	0	0	120	0	0	0	0	0	0	
409496	ParaHippocampal_R	1840	5874	220	5056	0	0	0	1584	0	0	0	938	0	398	0	156	0	1246	200	1630	0	0	0	344	0	0	0	0	0	7224	116	640	0	106	1462	2470	2494	46492	466	0	0	7066	0	160	0	0	264	13858	0	0	100	0	0	352	492	43124	0	668	0	0	0	0	0	142	0	0	474	2688	2062	144	0	672	0	11102	0	1132	648	4584	0	824	0	2290	0	5408	0	1098	0	3170	106	3542	0	1862	0	346	0	330	0	9524	0	3224	0	0	100	494	0	154	0	0	0	232	1134	0	0	82	140	0	
43144	Amygdala_L	0	0	362	0	454	0	0	0	408	0	0	0	0	0	606	0	0	0	294	0	570	0	0	0	0	0	0	0	3020	0	0	0	0	0	0	0	6706	0	2908	0	0	0	0	0	0	0	0	0	0	0	0	0	0	0	3422	0	0	0	0	0	0	0	0	0	0	0	0	0	0	0	84	0	466	0	0	0	84	0	0	0	0	0	1586	0	0	0	0	0	602	0	0	0	0	0	0	0	0	0	0	0	0	0	0	0	0	0	0	0	0	0	0	0	0	0	0	0	
61024	Amygdala_R	0	0	0	468	0	0	0	0	0	0	0	0	0	0	0	526	0	0	0	464	0	170	0	0	0	0	0	0	0	970	0	0	0	0	0	0	0	6656	0	7066	0	0	0	0	0	0	0	0	0	0	0	0	0	0	0	6216	0	0	0	0	0	0	0	0	0	0	0	0	0	0	0	538	0	480	0	0	98	728	0	0	0	0	0	4270	0	324	0	1058	0	480	0	0	0	0	0	0	0	0	0	0	0	0	0	0	0	0	0	0	0	0	0	0	0	0	0	0	
321628	Calcarine_L	94	172	0	0	0	0	0	0	0	0	0	0	0	0	0	0	0	0	0	220	0	0	0	0	0	0	0	0	0	0	0	0	362	98	3470	290	1026	0	272	0	0	0	0	9324	18922	7774	21562	4326	15402	3026	27480	202	8340	324	4956	570	94	90	1740	348	354	0	0	242	180	0	20694	3458	86	288	0	0	0	0	0	0	0	0	0	0	120	128	0	0	1138	92	0	0	546	106	0	0	0	0	0	0	1248	0	214	0	0	0	0	0	0	0	0	0	0	0	1436	0	0	0	0	0	
461616	Calcarine_R	0	3314	0	0	0	0	0	0	0	0	0	0	0	0	0	0	0	0	0	1394	0	0	0	0	0	0	0	0	0	252	0	0	86	456	1042	2082	0	96	0	160	0	0	9324	0	4522	31470	2132	18460	308	24258	610	10282	332	24028	1526	10138	0	3690	0	5210	0	2438	0	3686	0	2228	4094	24860	226	2622	0	0	0	0	0	0	0	0	0	0	0	3716	0	0	0	12494	0	0	634	17064	164	0	0	0	0	0	0	116	254	108	0	0	0	0	0	0	0	0	0	0	932	0	0	0	0	0	
201644	Cuneus_L	82	0	0	0	0	0	0	0	0	0	0	0	0	0	0	0	0	0	0	0	0	0	0	0	0	0	0	0	0	0	0	0	782	0	848	116	0	0	0	0	0	0	18922	4522	0	8234	3026	1102	21098	3740	11788	632	2006	150	1298	270	0	0	2620	694	98	0	0	0	220	0	15150	2340	116	0	0	0	0	0	0	0	0	0	0	0	0	0	0	0	606	0	0	0	90	0	0	0	0	0	0	0	0	0	0	0	0	0	0	0	0	0	0	0	0	0	272	0	0	0	0	0	
295388	Cuneus_R	0	290	0	0	0	0	0	0	0	0	0	0	0	0	0	0	0	0	0	0	0	0	0	0	0	0	0	0	0	0	0	0	0	0	110	198	0	0	0	0	0	0	7774	31470	8234	0	1158	6704	558	33144	98	10644	0	2614	82	2526	0	412	0	6894	0	536	0	792	0	984	5192	22014	0	268	0	0	0	0	0	0	0	0	0	0	0	488	0	0	0	2700	0	0	0	1626	0	0	0	0	0	0	0	0	0	0	0	0	0	0	0	0	0	0	0	0	184	0	0	0	0	0	
398400	Lingual_L	1512	130	0	0	0	0	0	0	0	0	0	0	0	0	0	0	0	0	0	146	0	0	0	0	0	0	0	0	360	0	0	0	152	88	3252	1496	4872	200	4818	264	0	0	21562	2132	3026	1158	0	3656	6674	436	22124	0	11000	1068	29468	1802	156	100	956	0	448	0	0	0	380	0	14402	742	498	232	0	0	0	0	0	0	192	0	460	0	192	0	0	0	1122	192	0	0	838	212	11214	880	764	98	596	0	13336	150	19666	754	0	0	0	0	0	0	0	0	216	164	3124	4570	692	116	0	342	
388444	Lingual_R	770	1806	0	726	0	0	0	276	0	0	0	258	0	0	0	0	0	408	0	578	0	0	0	0	0	0	0	0	0	2292	0	0	0	126	342	2548	372	10556	96	13858	0	0	4326	18460	1102	6704	3656	0	0	4632	204	1270	154	4668	2146	31128	0	516	0	422	0	216	0	122	0	236	1496	10076	1010	198	0	92	0	2676	0	0	0	1350	0	236	0	1140	0	0	0	1026	0	0	704	2106	4674	7482	968	0	254	758	838	9838	7200	8604	0	0	0	0	0	0	0	0	0	240	8380	6928	974	0	0	0	
264596	Occipital_Sup_L	232	356	0	0	0	0	0	0	0	0	0	0	0	0	0	0	0	0	0	710	0	0	0	0	0	0	0	0	0	0	0	0	968	486	326	174	0	0	0	0	0	0	15402	308	21098	558	6674	0	0	260	37500	0	5330	0	3304	0	0	0	15106	124	2970	0	148	0	1794	0	15250	130	442	808	0	0	0	0	0	0	0	0	0	0	134	0	0	0	758	0	0	0	378	0	0	0	0	0	0	0	0	0	348	0	0	0	0	0	0	0	0	0	0	0	222	0	0	0	0	0	
286796	Occipital_Sup_R	0	390	0	0	0	0	0	0	0	0	0	0	0	0	0	0	0	0	0	0	0	0	0	0	0	0	0	0	0	0	0	0	0	0	0	0	0	0	0	0	0	0	3026	24258	3740	33144	436	4632	260	0	0	24306	0	3942	0	2336	0	848	0	10154	0	1368	0	830	0	5034	2424	15194	0	732	0	0	0	0	0	0	0	0	0	0	0	246	0	0	0	3980	0	0	0	2118	0	0	0	0	0	0	0	0	0	0	0	0	0	0	0	0	0	0	0	0	0	0	0	0	0	0	
758436	Occipital_Mid_L	4442	2044	88	0	0	0	0	0	0	0	0	0	0	0	0	0	2396	0	84	1838	0	0	0	0	0	0	0	0	586	0	0	0	2004	3552	6618	4396	166	90	348	100	0	0	27480	610	11788	98	22124	204	37500	0	0	0	42686	356	19630	172	5344	2248	25474	0	21554	0	3858	0	30224	0	24232	424	4738	5010	0	0	0	0	0	0	0	0	560	0	7032	0	0	0	33916	172	0	0	14126	242	3132	0	0	0	0	0	1300	0	2562	88	0	0	0	0	0	0	0	0	0	0	1202	380	0	0	0	0	
221484	Occipital_Mid_R	0	648	0	0	0	0	0	0	0	0	0	0	0	0	0	0	0	0	0	228	0	0	0	0	0	0	0	0	0	0	0	0	0	0	0	116	0	0	0	0	0	0	202	10282	632	10644	0	1270	0	24306	0	0	0	7184	92	840	0	1142	0	6342	0	4282	0	1168	0	14352	502	7546	0	964	0	0	0	0	0	0	0	0	0	0	0	806	0	0	0	13732	0	0	0	3462	0	0	0	0	0	0	0	0	0	0	0	0	0	0	0	0	0	0	0	0	0	0	0	0	0	0	
350420	Occipital_Inf_L	3162	982	86	0	0	0	0	0	0	0	0	0	0	0	0	0	148	0	84	376	0	0	0	0	0	0	0	0	816	0	0	0	910	1202	4084	2204	114	0	182	0	0	0	8340	332	2006	0	11000	154	5330	0	42686	0	0	318	25374	90	1498	1258	1854	0	2252	0	570	0	4036	0	6214	256	2244	1858	0	0	0	0	0	0	0	0	718	0	540	0	0	0	18922	144	0	0	10634	206	4088	86	0	0	0	0	1974	0	4156	106	0	0	0	0	0	0	0	0	0	0	1096	408	0	0	0	112	
387740	Occipital_Inf_R	326	6256	0	104	0	0	0	0	0	0	0	216	0	0	0	0	0	0	96	5262	0	0	0	0	0	0	0	0	0	1168	0	0	264	886	3006	6916	114	188	0	352	0	0	324	24028	150	2614	1068	4668	0	3942	356	7184	318	0	5196	21080	154	2684	0	2536	0	4186	0	2526	0	4260	660	5938	1466	3292	0	0	0	0	0	0	0	0	0	0	0	5594	0	0	128	24942	0	0	1814	34788	482	486	0	0	0	0	0	0	306	258	0	0	0	0	0	0	0	0	0	0	1288	0	0	0	0	0	
700212	Fusiform_L	7584	1204	538	182	0	0	340	0	0	0	0	0	0	0	0	0	588	94	282	294	0	0	0	0	0	0	0	0	4956	146	0	0	762	646	8722	9992	16922	336	12596	492	3422	0	4956	1526	1298	82	29468	2146	3304	0	19630	92	25374	5196	0	5564	3030	1336	1648	0	2754	0	270	0	1690	0	8702	1004	3206	1516	122	108	1248	0	0	0	196	0	2682	0	3306	0	3744	0	12726	1238	3116	0	27470	1540	27880	456	1398	124	420	0	17394	216	36614	462	1230	0	2602	394	1074	242	270	0	186	114	2982	2706	852	592	168	344	
720932	Fusiform_R	2066	6748	180	3582	0	0	0	1154	0	0	0	1150	0	234	0	112	0	1264	160	3534	0	0	0	306	0	0	0	0	0	8710	136	592	108	538	2352	7588	1508	37642	258	43124	0	6216	570	10138	270	2526	1802	31128	0	2336	172	840	90	21080	5564	0	238	1336	84	200	0	376	0	448	0	520	1024	5684	3118	958	0	404	0	9946	0	498	590	2678	0	1480	0	4530	0	8798	0	8844	0	3484	2288	27196	2770	18970	692	890	0	516	138	13278	3168	20028	0	312	0	1572	0	136	0	0	0	282	3108	3288	818	0	0	0	
353548	Postcentral_L	32484	488	8948	1246	0	0	2448	318	0	0	6948	128	828	0	0	0	16546	158	5212	1492	0	0	0	0	0	0	0	0	5794	170	92	0	0	0	0	0	564	0	0	0	0	0	94	0	0	0	156	0	0	0	5344	0	1498	154	3030	238	0	162	10122	0	27078	0	11884	0	3144	0	1546	0	7212	0	332	500	0	86	0	0	0	0	3472	0	10480	0	0	0	3972	0	0	0	1544	0	668	0	0	0	0	0	0	0	194	0	0	0	0	0	0	0	0	0	0	0	0	0	0	0	0	0	
255204	Postcentral_R	524	28198	500	568	0	0	86	472	0	0	0	3534	0	118	0	0	0	3868	680	730	0	0	0	0	0	0	0	0	152	2818	0	0	924	4868	3680	5122	0	658	0	668	0	0	90	3690	0	412	100	516	0	848	2248	1142	1258	2684	1336	1336	162	0	0	3748	0	1844	0	11726	0	500	220	6140	2550	17196	330	84	268	888	0	0	0	148	0	208	0	886	0	0	1898	2050	0	0	410	2078	206	0	0	0	0	0	0	0	98	0	0	0	0	0	0	0	0	0	0	0	136	0	0	0	0	0	
263840	Parietal_Sup_L	374	356	0	0	0	0	0	0	0	0	254	0	0	0	0	0	4036	0	0	746	0	0	0	0	0	0	0	0	216	0	0	0	840	508	338	192	0	0	0	0	0	0	1740	0	2620	0	956	0	15106	0	25474	0	1854	0	1648	84	10122	0	0	0	21422	0	2836	0	9220	0	17258	88	2094	832	0	0	0	0	0	0	0	0	960	0	6264	0	0	0	2342	0	0	0	728	0	0	0	0	0	0	0	0	0	154	0	0	0	0	0	0	0	0	0	0	0	258	0	0	0	0	0	
113588	Parietal_Sup_R	0	316	0	0	0	0	0	0	0	0	0	0	0	0	0	0	0	0	0	0	0	0	0	0	0	0	0	0	0	0	0	0	0	0	0	0	0	0	0	0	0	0	348	5210	694	6894	0	422	124	10154	0	6342	0	2536	0	200	0	3748	0	0	0	4424	0	1348	0	5118	0	5220	0	512	0	0	0	0	0	0	0	0	0	0	0	0	0	0	0	1098	0	0	0	2086	0	0	0	0	0	0	0	0	0	0	0	0	0	0	0	0	0	0	0	0	0	0	0	0	0	0	
337872	Parietal_Inf_L	4398	0	934	192	0	0	1176	120	0	0	1354	0	0	0	0	0	5462	90	206	226	0	0	0	0	0	0	0	0	838	94	0	0	178	104	156	0	0	0	0	0	0	0	354	0	98	0	448	0	2970	0	21554	0	2252	0	2754	0	27078	0	21422	0	0	0	21100	0	22330	0	4040	0	1978	156	146	136	0	0	0	0	0	0	1298	0	8486	0	0	0	7538	0	0	0	6402	0	594	0	0	0	0	0	0	0	274	0	0	0	0	0	0	0	0	0	0	0	0	0	0	0	0	0	
98248	Parietal_Inf_R	0	308	0	0	0	0	0	0	0	0	0	0	0	0	0	0	0	0	0	288	0	0	0	0	0	0	0	0	0	0	0	0	0	0	0	0	0	0	0	0	0	0	0	2438	0	536	0	216	0	1368	0	4282	0	4186	0	376	0	1844	0	4424	0	0	0	5962	0	15678	0	922	0	202	0	0	0	0	0	0	0	0	0	0	0	134	0	0	0	2380	0	0	0	3580	0	0	0	0	0	0	0	0	0	0	0	0	0	0	0	0	0	0	0	0	0	0	0	0	0	0	
157416	SupraMarginal_L	1402	0	444	0	0	0	324	0	0	0	542	0	0	0	0	0	3708	0	92	0	0	0	0	0	0	0	0	0	328	0	0	0	0	0	0	0	0	0	0	0	0	0	0	0	0	0	0	0	148	0	3858	0	570	0	270	0	11884	0	2836	0	21100	0	0	0	10022	0	192	0	310	0	0	0	0	0	0	0	0	0	300	0	7784	0	0	0	5874	0	0	0	6612	0	108	0	0	0	0	0	0	0	0	0	0	0	0	0	0	0	0	0	0	0	0	0	0	0	0	0	
111396	SupraMarginal_R	0	1612	82	0	0	0	0	0	0	0	0	0	0	0	0	0	0	2160	0	142	0	0	0	0	0	0	0	0	0	876	0	0	0	0	0	0	0	160	0	142	0	0	242	3686	0	792	0	122	0	830	0	1168	0	2526	0	448	0	11726	0	1348	0	5962	0	0	0	4762	0	3276	0	442	0	0	0	112	0	0	0	0	0	160	0	3528	0	0	0	4438	0	0	0	4956	0	0	0	0	0	0	0	0	0	0	0	0	0	0	0	0	0	0	0	0	0	0	0	0	0	0	
238584	Angular_L	2106	0	0	0	0	0	0	0	0	0	106	0	0	0	0	0	2550	0	0	0	0	0	0	0	0	0	0	0	140	0	0	0	114	0	0	0	0	0	0	0	0	0	180	0	220	0	380	0	1794	0	30224	0	4036	0	1690	0	3144	0	9220	0	22330	0	10022	0	0	0	2474	0	986	0	0	0	0	0	0	0	0	0	436	0	5932	0	0	0	15690	0	0	0	4910	0	346	0	0	0	0	0	0	0	262	0	0	0	0	0	0	0	0	0	0	0	0	0	0	0	0	0	
144624	Angular_R	0	440	0	0	0	0	0	0	0	0	0	0	0	0	0	0	0	0	0	446	0	0	0	0	0	0	0	0	0	0	0	0	0	0	0	0	0	0	0	0	0	0	0	2228	0	984	0	236	0	5034	0	14352	0	4260	0	520	0	500	0	5118	0	15678	0	4762	0	0	0	1224	0	218	0	0	0	0	0	0	0	0	0	0	0	4340	0	0	0	8510	0	0	0	3462	0	0	0	0	0	0	0	0	0	0	0	0	0	0	0	0	0	0	0	0	0	0	0	0	0	0	
405052	Precuneus_L	168	484	0	0	0	0	0	0	0	0	0	0	0	0	0	0	768	0	142	764	0	0	0	0	0	0	0	0	0	0	0	0	6200	1916	9736	3828	3368	872	1788	474	0	0	20694	4094	15150	5192	14402	1496	15250	2424	24232	502	6214	660	8702	1024	1546	220	17258	0	4040	0	192	0	2474	0	0	12928	1994	770	0	0	0	0	0	0	0	0	156	0	1174	0	0	0	1584	222	0	0	810	274	412	0	0	0	0	0	2476	0	1088	0	0	0	0	0	0	0	0	0	0	0	2364	0	0	0	0	0	
359300	Precuneus_R	0	1696	0	0	0	0	0	0	0	0	0	0	0	0	0	0	0	0	0	166	0	0	0	0	0	0	0	0	0	312	0	0	1118	3468	3638	8594	1472	3274	108	2688	0	0	3458	24860	2340	22014	742	10076	130	15194	424	7546	256	5938	1004	5684	0	6140	88	5220	0	922	0	3276	0	1224	12928	0	0	4464	0	0	0	92	0	0	0	264	0	0	0	1674	0	0	286	5030	0	0	284	3482	0	0	0	0	0	0	0	1112	84	0	0	0	0	0	0	0	0	0	0	0	6880	0	0	0	0	0	
342328	Paracentral_Lobule_L	26488	5234	5258	3460	0	0	730	0	0	0	928	0	0	0	0	0	3050	0	10848	22044	0	0	202	0	0	0	0	0	2140	134	0	0	2660	15048	1138	1772	1864	1158	312	2062	0	0	86	226	116	0	498	1010	442	0	4738	0	2244	1466	3206	3118	7212	2550	2094	0	1978	0	310	0	986	0	1994	0	0	9620	1568	246	1040	0	634	0	6908	172	664	0	1464	0	0	0	4266	256	0	0	2378	304	656	0	0	0	0	0	0	0	184	0	0	0	0	0	0	0	0	0	0	0	0	0	0	0	0	0	
250072	Paracentral_Lobule_R	1994	18798	0	90	0	0	0	0	0	0	0	0	0	0	0	0	0	0	768	13598	0	0	0	0	0	0	0	0	0	404	0	0	1318	13922	5520	6940	0	94	0	144	0	0	288	2622	0	268	232	198	808	732	5010	964	1858	3292	1516	958	0	17196	832	512	156	202	0	442	0	218	770	4464	9620	0	0	0	0	0	0	0	0	0	0	0	86	350	0	0	3364	1630	0	0	614	1794	234	0	0	0	0	0	0	0	116	0	0	0	0	0	0	0	0	0	0	0	100	0	0	0	0	0	
365968	Caudate_L	4662	946	11258	6988	2890	1520	3000	2250	540	0	2132	2488	784	1892	1146	1104	518	1592	9208	1532	8068	8970	794	2042	1538	0	2270	2016	5754	5102	8194	4096	0	180	0	0	1150	102	206	0	84	0	0	0	0	0	0	0	0	0	0	0	0	0	122	0	332	330	0	0	146	0	0	0	0	0	0	0	1568	0	0	20648	29586	8012	3154	1282	9672	582	128	0	190	0	216	0	0	0	0	0	0	0	0	0	0	0	0	0	0	0	0	0	0	0	0	0	0	0	0	0	0	0	0	0	0	0	0	0	
498240	Caudate_R	2462	908	1626	19932	262	9204	1224	2246	130	224	690	5970	104	4766	168	7054	222	4580	3682	7290	5972	10862	148	9552	274	7204	790	5462	1636	18698	4766	17736	0	0	0	0	458	792	110	672	0	538	0	0	0	0	0	92	0	0	0	0	0	0	108	404	500	84	0	0	136	0	0	0	0	0	0	0	246	0	20648	0	10450	38276	1196	3662	718	13676	170	0	82	134	0	124	0	0	0	0	0	0	0	0	0	0	0	0	0	0	0	0	0	0	0	0	0	0	0	0	0	0	0	0	0	0	0	0	
404652	Putamen_L	5414	1196	21390	4226	9312	802	3236	1750	2810	0	2156	1156	2104	838	8192	464	1800	592	13624	738	6112	7014	1028	860	1072	0	1396	984	19462	2500	6120	2004	0	82	0	0	8162	0	2622	0	466	0	0	0	0	0	0	0	0	0	0	0	0	0	1248	0	0	268	0	0	0	0	0	0	0	0	0	0	1040	0	29586	10450	0	4598	6224	876	2650	396	118	0	1140	0	1690	0	0	0	0	0	0	0	0	0	0	0	0	0	358	0	0	0	0	0	0	0	0	0	0	0	0	0	0	0	0	0	0	0	
475172	Putamen_R	248	3786	264	12434	116	7300	188	3732	86	188	0	4938	0	4474	96	6076	0	5840	962	1860	3164	5418	148	8006	216	6412	592	3292	350	27934	4082	14256	0	142	0	0	114	16222	0	11102	0	480	0	0	0	0	0	2676	0	0	0	0	0	0	0	9946	86	888	0	0	0	0	0	112	0	0	0	92	0	0	8012	38276	4598	0	300	4564	280	3822	0	0	0	2620	0	184	0	1354	0	0	0	2530	0	656	0	0	0	0	0	1268	0	804	0	0	0	0	0	0	0	0	0	0	0	0	0	0	0	0	
46248	Pallidum_L	786	328	3702	0	0	0	0	0	0	0	0	0	0	0	0	0	320	0	2672	0	0	870	0	0	0	0	0	0	396	82	0	0	0	0	0	0	592	0	176	0	0	0	0	0	0	0	0	0	0	0	0	0	0	0	0	0	0	0	0	0	0	0	0	0	0	0	0	0	634	0	3154	1196	6224	300	0	442	1088	0	0	0	162	0	0	0	0	0	0	0	0	0	0	0	0	0	0	0	0	0	0	0	0	0	0	0	0	0	0	0	0	0	0	0	0	0	0	0	
42284	Pallidum_R	0	678	0	2042	0	0	0	988	0	0	0	230	0	190	0	274	0	96	132	120	0	434	0	236	0	0	0	0	0	586	0	724	0	0	0	0	0	1638	0	1132	0	0	0	0	0	0	0	0	0	0	0	0	0	0	0	498	0	0	0	0	0	0	0	0	0	0	0	0	0	0	1282	3662	876	4564	442	0	0	116	0	0	0	0	0	0	0	0	0	0	0	0	0	0	0	0	0	0	0	202	0	0	0	0	0	0	0	0	0	0	0	0	0	0	0	0	0	0	
100988	Thalamus_L	6830	146	5628	532	0	0	676	0	0	0	0	0	0	0	0	0	0	210	3236	448	0	0	0	0	0	0	0	0	428	306	150	0	0	0	126	348	2912	1502	536	648	84	98	0	0	0	0	192	0	0	0	0	0	0	0	196	590	0	0	0	0	0	0	0	0	0	0	0	0	6908	0	9672	718	2650	280	1088	0	0	3356	0	0	0	0	0	0	0	0	0	0	0	0	0	0	0	0	0	0	0	0	0	0	0	0	0	0	0	0	0	0	0	0	0	0	0	0	0	0	
162724	Thalamus_R	2696	1002	2100	14660	0	0	0	2322	0	0	0	912	0	758	0	664	0	1514	2090	7828	0	0	0	84	0	0	0	0	120	3214	0	248	0	0	0	292	636	6912	0	4584	0	728	0	0	0	0	0	1350	0	0	0	0	0	0	0	2678	0	148	0	0	0	0	0	0	0	0	0	264	172	0	582	13676	396	3822	0	116	3356	0	0	0	0	0	0	116	0	0	0	0	0	0	0	104	0	0	0	0	0	1006	0	122	0	0	0	0	0	0	0	0	0	0	90	0	0	0	0	0	
86020	Heschl_L	5424	0	1254	94	0	0	570	0	0	0	402	148	0	0	0	0	4112	154	510	0	0	0	0	0	0	0	0	0	8016	168	0	0	0	0	0	0	2250	0	0	0	0	0	0	0	0	0	460	0	0	0	560	0	718	0	2682	0	3472	0	960	0	1298	0	300	0	436	0	156	0	664	0	128	170	118	0	0	0	0	0	0	0	3944	0	0	0	1746	0	0	0	1822	0	180	0	0	0	0	0	0	0	94	0	0	0	0	0	0	0	0	0	0	0	0	0	0	0	0	0	
35932	Heschl_R	0	1458	0	328	0	0	0	0	0	0	0	94	0	0	0	0	0	266	0	268	0	0	0	0	0	0	0	0	0	2970	0	0	0	0	0	0	0	938	0	824	0	0	0	0	0	0	0	236	0	0	0	0	0	0	0	1480	0	208	0	0	0	0	0	160	0	0	0	0	0	0	0	0	0	0	0	0	0	0	0	0	0	5868	0	0	0	2018	0	0	0	850	0	0	0	0	0	0	0	0	0	0	0	0	0	0	0	0	0	0	0	0	0	0	0	0	0	0	
300972	Temporal_Sup_L	9182	0	4490	0	0	0	2224	0	0	0	4278	0	696	0	0	0	15772	0	2936	0	0	0	340	0	0	0	0	0	11420	0	0	0	136	0	0	0	4440	0	360	0	0	0	120	0	0	0	192	0	134	0	7032	0	540	0	3306	0	10480	0	6264	0	8486	0	7784	0	5932	0	1174	0	1464	86	190	82	1140	0	162	0	0	0	3944	0	0	0	4914	0	21810	0	290	0	7870	0	290	0	0	0	0	0	184	0	342	0	0	0	0	0	0	0	0	0	0	0	0	0	0	0	0	0	
204852	Temporal_Sup_R	0	4694	0	1044	0	0	0	162	0	0	0	1158	0	96	0	1632	0	2300	0	2758	0	0	0	100	0	0	0	0	0	8464	0	118	0	88	0	174	0	2970	0	2290	0	0	128	3716	0	488	0	1140	0	246	0	806	0	5594	0	4530	0	886	0	0	0	134	0	3528	0	4340	0	1674	0	350	0	134	0	2620	0	0	0	0	0	5868	0	0	0	4738	0	22718	0	330	0	9854	0	100	0	0	0	0	0	112	0	94	0	0	0	0	0	0	0	0	0	0	250	0	0	0	0	0	
141128	Temporal_Pole_Sup_L	222	0	2450	0	1098	0	1998	0	1348	0	6138	0	3008	0	4112	0	2276	0	1126	0	640	0	188	0	0	0	0	0	10810	0	104	0	0	0	0	0	1624	0	2324	0	1586	0	0	0	0	0	0	0	0	0	0	0	0	0	3744	0	0	0	0	0	0	0	0	0	0	0	0	0	0	0	216	0	1690	0	0	0	0	0	0	0	4914	0	0	0	7588	0	5724	0	5636	0	0	0	0	0	0	0	0	0	0	0	0	0	0	0	0	0	0	0	0	0	0	0	0	0	0	0	
86200	Temporal_Pole_Sup_R	0	0	0	140	0	0	0	0	0	0	0	264	0	0	0	1780	0	294	0	84	0	0	0	0	0	0	0	0	0	1494	0	0	0	0	0	0	0	632	0	5408	0	4270	0	0	0	0	0	0	0	0	0	0	0	0	0	8798	0	0	0	0	0	0	0	0	0	0	0	0	0	0	0	124	0	184	0	0	0	116	0	0	0	4738	0	0	0	5078	0	6730	0	2966	0	0	0	0	0	0	0	0	0	0	0	0	0	0	0	0	0	0	0	0	0	0	0	0	0	0	
459656	Temporal_Mid_L	9830	1284	112	0	0	0	86	0	0	0	0	0	0	0	0	0	1898	0	86	702	0	0	0	0	0	0	0	0	2822	0	0	0	320	2534	4774	3486	3554	0	0	0	0	0	1138	0	606	0	1122	0	758	0	33916	0	18922	128	12726	0	3972	1898	2342	0	7538	0	5874	0	15690	0	1584	286	4266	3364	0	0	0	0	0	0	0	0	1746	0	21810	0	7588	0	0	0	4378	0	42440	96	3064	0	0	0	0	0	152	0	936	0	0	0	0	0	0	0	0	0	0	0	0	0	0	0	0	0	
386420	Temporal_Mid_R	0	4570	0	838	0	0	0	0	0	0	0	118	0	0	0	872	0	220	0	3124	0	0	0	94	0	0	0	0	0	2688	0	0	106	254	1078	1888	0	1660	0	1098	0	324	92	12494	0	2700	192	1026	0	3980	172	13732	144	24942	1238	8844	0	2050	0	1098	0	2380	0	4438	0	8510	222	5030	256	1630	0	0	0	1354	0	0	0	0	0	2018	0	22718	0	5078	0	0	0	3290	494	43622	0	0	0	0	0	0	0	186	0	0	0	0	0	0	0	0	0	0	0	0	348	0	0	0	0	0	
38780	Temporal_Pole_Mid_L	0	0	0	0	0	0	0	0	0	0	0	0	0	0	0	0	0	0	0	0	0	0	0	0	0	0	0	0	208	0	0	0	0	0	0	0	0	0	1028	0	0	0	0	0	0	0	0	0	0	0	0	0	0	0	3116	0	0	0	0	0	0	0	0	0	0	0	0	0	0	0	0	0	0	0	0	0	0	0	0	0	290	0	5724	0	4378	0	0	0	4646	0	0	0	0	0	0	0	0	0	0	0	0	0	0	0	0	0	0	0	0	0	0	0	0	0	0	0	
41964	Temporal_Pole_Mid_R	0	0	0	0	0	0	0	0	0	0	0	0	0	0	0	138	0	0	0	0	0	0	0	0	0	0	0	0	0	0	0	0	0	0	0	0	0	0	0	3170	0	1058	0	0	0	0	0	0	0	0	0	0	0	0	0	3484	0	0	0	0	0	0	0	0	0	0	0	0	0	0	0	0	0	0	0	0	0	0	0	0	0	330	0	6730	0	3290	0	0	0	2782	0	0	0	0	0	0	0	0	0	0	0	0	0	0	0	0	0	0	0	0	0	0	0	0	0	0	
365080	Temporal_Inf_L	4702	472	194	86	0	0	142	0	0	0	0	0	0	0	0	0	344	0	0	194	0	0	0	0	0	0	0	0	4020	0	0	0	0	284	1716	3866	6286	94	898	106	602	0	546	634	90	0	838	704	378	0	14126	0	10634	1814	27470	2288	1544	410	728	0	6402	0	6612	0	4910	0	810	284	2378	614	0	0	0	0	0	0	0	0	1822	0	7870	0	5636	0	42440	494	4646	0	0	578	6292	0	352	0	106	0	638	0	2730	0	322	0	394	0	0	0	0	0	0	0	0	0	0	0	0	0	
412864	Temporal_Inf_R	0	4238	0	976	0	0	0	0	0	0	0	158	0	0	0	0	0	178	0	3066	0	0	0	124	0	0	0	0	0	2972	0	148	110	264	1320	2256	0	7376	0	3542	0	480	106	17064	0	1626	212	2106	0	2118	242	3462	206	34788	1540	27196	0	2078	0	2086	0	3580	0	4956	0	3462	274	3482	304	1794	0	0	0	2530	0	0	0	0	0	850	0	9854	0	2966	96	43622	0	2782	578	0	102	1852	0	0	0	0	0	286	0	606	0	0	0	0	0	0	0	0	0	0	418	0	0	0	0	0	
649304	Cerebelum_Crus1_L	1104	158	0	0	0	0	0	0	0	0	0	0	0	0	0	0	0	0	0	0	0	0	0	0	0	0	0	0	184	0	0	0	0	120	604	862	746	0	710	0	0	0	0	164	0	0	11214	4674	0	0	3132	0	4088	482	27880	2770	668	206	0	0	594	0	108	0	346	0	412	0	656	234	0	0	0	0	0	0	0	0	180	0	290	0	0	0	3064	0	0	0	6292	102	0	9640	37456	6460	6876	330	28340	2454	63740	9744	14548	2246	18408	2854	2018	554	958	0	1160	2076	9096	13468	15960	2494	1102	626	
542652	Cerebelum_Crus1_R	0	132	0	102	0	0	0	0	0	0	0	0	0	0	0	0	0	0	0	0	0	0	0	0	0	0	0	0	0	94	0	0	0	0	0	0	0	1166	0	1862	0	0	0	0	0	0	880	7482	0	0	0	0	86	486	456	18970	0	0	0	0	0	0	0	0	0	0	0	0	0	0	0	0	0	656	0	0	0	104	0	0	0	100	0	0	0	0	0	0	0	1852	9640	0	3530	29898	2518	4136	6584	25482	12424	61214	294	7216	700	21920	678	3684	446	148	436	5652	14894	15624	8598	586	140	456	
440540	Cerebelum_Crus2_L	0	0	0	0	0	0	0	0	0	0	0	0	0	0	0	0	0	0	0	0	0	0	0	0	0	0	0	0	0	0	0	0	0	0	0	0	0	0	0	0	0	0	0	0	0	0	764	968	0	0	0	0	0	0	1398	692	0	0	0	0	0	0	0	0	0	0	0	0	0	0	0	0	0	0	0	0	0	0	0	0	0	0	0	0	0	0	0	0	352	0	37456	3530	0	14414	2886	398	4592	752	7128	2746	44250	5524	42276	3922	7752	1420	1784	0	940	1352	1842	3202	19924	5390	2060	556	
386600	Cerebelum_Crus2_R	0	0	0	0	0	0	0	0	0	0	0	0	0	0	0	0	0	0	0	0	0	0	0	0	0	0	0	0	0	0	0	0	0	0	0	0	0	174	0	346	0	0	0	0	0	0	98	0	0	0	0	0	0	0	124	890	0	0	0	0	0	0	0	0	0	0	0	0	0	0	0	0	0	0	0	0	0	0	0	0	0	0	0	0	0	0	0	0	0	0	6460	29898	14414	0	1088	2210	2546	3282	1388	8958	7132	23636	6158	37880	704	5448	448	334	2432	4386	4132	1896	16826	6254	3208	550	
138596	Cerebelum_3_L	0	0	0	0	0	0	0	0	0	0	0	0	0	0	0	0	0	0	0	0	0	0	0	0	0	0	0	0	0	0	0	0	0	0	0	0	0	0	246	0	0	0	0	0	0	0	596	254	0	0	0	0	0	0	420	0	0	0	0	0	0	0	0	0	0	0	0	0	0	0	0	0	0	0	0	0	0	0	0	0	0	0	0	0	0	0	0	0	106	0	6876	2518	2886	1088	0	328	14740	1768	7534	2914	674	306	3662	1858	830	814	0	0	1482	3402	3612	3128	3644	1856	1120	636	
93564	Cerebelum_3_R	0	0	0	0	0	0	0	0	0	0	0	0	0	0	0	0	0	0	0	0	0	0	0	0	0	0	0	0	0	0	0	0	0	0	0	0	0	102	0	330	0	0	0	0	0	0	0	758	0	0	0	0	0	0	0	516	0	0	0	0	0	0	0	0	0	0	0	0	0	0	0	0	0	0	0	0	0	0	0	0	0	0	0	0	0	0	0	0	0	0	330	4136	398	2210	328	0	708	8206	276	7778	954	136	1344	3718	88	1616	0	0	980	7142	472	172	712	1440	1932	0	
449364	Cerebelum_4_5_L	114	0	0	0	0	0	0	0	0	0	0	0	0	0	0	0	0	0	0	0	0	0	0	0	0	0	0	0	136	0	0	0	0	0	710	0	2250	0	3440	0	0	0	1248	0	0	0	13336	838	0	0	1300	0	1974	0	17394	138	0	0	0	0	0	0	0	0	0	0	2476	0	0	0	0	0	358	0	0	0	0	0	0	0	184	0	0	0	152	0	0	0	638	0	28340	6584	4592	2546	14740	708	0	5522	42786	7724	1708	594	8634	4024	5148	1302	380	0	2032	4958	16188	6894	5758	3660	1514	1660	
350296	Cerebelum_4_5_R	0	300	0	328	0	0	0	112	0	0	0	102	0	0	0	0	0	130	0	0	0	0	0	0	0	0	0	0	0	336	0	92	0	0	0	358	0	6446	0	9524	0	0	0	116	0	0	150	9838	0	0	0	0	0	0	216	13278	0	0	0	0	0	0	0	0	0	0	0	1112	0	0	0	0	0	1268	0	202	0	1006	0	0	0	112	0	0	0	186	0	0	0	286	2454	25482	752	3282	1768	8206	5522	0	4788	36016	874	484	1456	5160	118	2200	0	154	214	6854	15686	3932	1126	1392	1404	326	
604764	Cerebelum_6_L	412	0	0	0	0	0	0	0	0	0	0	0	0	0	0	0	0	0	0	0	0	0	0	0	0	0	0	0	142	0	0	0	0	0	524	496	1322	0	1986	0	0	0	214	254	0	0	19666	7200	348	0	2562	0	4156	306	36614	3168	194	98	154	0	274	0	0	0	262	0	1088	84	184	116	0	0	0	0	0	0	0	0	94	0	342	0	0	0	936	0	0	0	2730	0	63740	12424	7128	1388	7534	276	42786	4788	0	13398	3024	224	5970	2120	2092	720	418	0	752	2284	15008	20792	6178	1888	660	864	
516240	Cerebelum_6_R	0	162	0	110	0	0	0	0	0	0	0	0	0	0	0	0	0	84	0	0	0	0	0	0	0	0	0	0	0	118	0	0	0	0	0	0	0	1814	0	3224	0	0	0	108	0	0	754	8604	0	0	88	0	106	258	462	20028	0	0	0	0	0	0	0	0	0	0	0	0	0	0	0	0	0	804	0	0	0	122	0	0	0	94	0	0	0	0	0	0	0	606	9744	61214	2746	8958	2914	7778	7724	36016	13398	0	334	1838	892	10098	264	1822	124	200	822	8132	17990	17684	7672	1054	388	768	
357692	Cerebelum_7b_L	0	0	0	0	0	0	0	0	0	0	0	0	0	0	0	0	0	0	0	0	0	0	0	0	0	0	0	0	0	0	0	0	0	0	0	0	132	0	104	0	0	0	0	0	0	0	0	0	0	0	0	0	0	0	1230	0	0	0	0	0	0	0	0	0	0	0	0	0	0	0	0	0	0	0	0	0	0	0	0	0	0	0	0	0	0	0	0	0	322	0	14548	294	44250	7132	674	954	1708	874	3024	334	0	6344	48446	7138	10600	3150	1840	88	812	820	558	86	8648	10304	3620	812	
192872	Cerebelum_7b_R	0	0	0	0	0	0	0	0	0	0	0	0	0	0	0	0	0	0	0	0	0	0	0	0	0	0	0	0	0	0	0	0	0	0	0	0	0	0	0	0	0	0	0	0	0	0	0	0	0	0	0	0	0	0	0	312	0	0	0	0	0	0	0	0	0	0	0	0	0	0	0	0	0	0	0	0	0	0	0	0	0	0	0	0	0	0	0	0	0	0	2246	7216	5524	23636	306	136	594	484	224	1838	6344	0	5578	23020	232	5390	110	0	294	454	734	0	5524	5696	544	0	
504452	Cerebelum_8_L	0	0	0	0	0	0	0	0	0	0	0	0	0	0	0	0	0	0	0	0	0	0	0	0	0	0	0	0	0	0	0	0	0	0	0	0	184	0	164	100	0	0	0	0	0	0	0	0	0	0	0	0	0	0	2602	0	0	0	0	0	0	0	0	0	0	0	0	0	0	0	0	0	0	0	0	0	0	0	0	0	0	0	0	0	0	0	0	0	394	0	18408	700	42276	6158	3662	1344	8634	1456	5970	892	48446	5578	0	13706	28676	7082	5206	126	1620	1980	1982	276	12872	20020	8866	2846	
451552	Cerebelum_8_R	0	0	0	0	0	0	0	0	0	0	0	0	0	0	0	0	0	0	0	0	0	0	0	0	0	0	0	0	0	0	0	0	0	0	0	0	0	236	0	494	0	0	0	0	0	0	0	0	0	0	0	0	0	0	394	1572	0	0	0	0	0	0	0	0	0	0	0	0	0	0	0	0	0	0	0	0	0	0	0	0	0	0	0	0	0	0	0	0	0	0	2854	21920	3922	37880	1858	3718	4024	5160	2120	10098	7138	23020	13706	0	5074	26228	672	672	3596	5676	4674	1576	8020	17300	9236	2938	
184508	Cerebelum_9_L	0	0	0	0	0	0	0	0	0	0	0	0	0	0	0	0	0	0	0	0	0	0	0	0	0	0	0	0	0	0	0	0	0	0	0	0	0	0	0	0	0	0	0	0	0	0	0	0	0	0	0	0	0	0	1074	0	0	0	0	0	0	0	0	0	0	0	0	0	0	0	0	0	0	0	0	0	0	0	0	0	0	0	0	0	0	0	0	0	0	0	2018	678	7752	704	830	88	5148	118	2092	264	10600	232	28676	5074	0	5734	5872	0	184	196	88	0	2024	6472	4920	1416	
191824	Cerebelum_9_R	0	0	0	0	0	0	0	0	0	0	0	0	0	0	0	0	0	0	0	0	0	0	0	0	0	0	0	0	0	0	0	0	0	0	0	0	0	98	0	154	0	0	0	0	0	0	0	0	0	0	0	0	0	0	242	136	0	0	0	0	0	0	0	0	0	0	0	0	0	0	0	0	0	0	0	0	0	0	0	0	0	0	0	0	0	0	0	0	0	0	554	3684	1420	5448	814	1616	1302	2200	720	1822	3150	5390	7082	26228	5734	0	680	742	906	852	720	514	2516	8744	9338	3106	
