data	data	481064	237412	988848	783864	197676	99212	570192	316432	108296	33884	208792	193532	298420	171572	228880	93080	226812	135496	609484	716524	108584	120396	341468	308272	59024	109176	97980	114408	648928	353260	343580	560924	136200	429468	162788	139488	228844	305248	99440	268384	46292	49528	242340	236632	225188	203040	290096	325548	186860	265748	521784	250192	127672	112404	432236	446796	262736	250776	126936	68228	219988	112144	124624	107888	156732	155972	336244	333808	230556	300552	278008	303300	397460	310388	50760	34652	119156	134492	100952	33904	338300	135116	118772	60000	482328	254552	45936	35448	395756	237728	399048	427096	328556	370588	51912	54376	316832	276984	443148	451956	264088	228184	339536	335444	165820	147264	15816	12040	25408	85684	357104	190476	197844	192284	112144	63216	
data	data	Precentral_L	Precentral_R	Frontal_Sup_L	Frontal_Sup_R	Frontal_Sup_Orb_L	Frontal_Sup_Orb_R	Frontal_Mid_L	Frontal_Mid_R	Frontal_Mid_Orb_L	Frontal_Mid_Orb_R	Frontal_Inf_Oper_L	Frontal_Inf_Oper_R	Frontal_Inf_Tri_L	Frontal_Inf_Tri_R	Frontal_Inf_Orb_L	Frontal_Inf_Orb_R	Rolandic_Oper_L	Rolandic_Oper_R	Supp_Motor_Area_L	Supp_Motor_Area_R	Olfactory_L	Olfactory_R	Frontal_Sup_Medial_L	Frontal_Sup_Medial_R	Frontal_Med_Orb_L	Frontal_Med_Orb_R	Rectus_L	Rectus_R	Insula_L	Insula_R	Cingulum_Ant_L	Cingulum_Ant_R	Cingulum_Mid_L	Cingulum_Mid_R	Cingulum_Post_L	Cingulum_Post_R	Hippocampus_L	Hippocampus_R	ParaHippocampal_L	ParaHippocampal_R	Amygdala_L	Amygdala_R	Calcarine_L	Calcarine_R	Cuneus_L	Cuneus_R	Lingual_L	Lingual_R	Occipital_Sup_L	Occipital_Sup_R	Occipital_Mid_L	Occipital_Mid_R	Occipital_Inf_L	Occipital_Inf_R	Fusiform_L	Fusiform_R	Postcentral_L	Postcentral_R	Parietal_Sup_L	Parietal_Sup_R	Parietal_Inf_L	Parietal_Inf_R	SupraMarginal_L	SupraMarginal_R	Angular_L	Angular_R	Precuneus_L	Precuneus_R	Paracentral_Lobule_L	Paracentral_Lobule_R	Caudate_L	Caudate_R	Putamen_L	Putamen_R	Pallidum_L	Pallidum_R	Thalamus_L	Thalamus_R	Heschl_L	Heschl_R	Temporal_Sup_L	Temporal_Sup_R	Temporal_Pole_Sup_L	Temporal_Pole_Sup_R	Temporal_Mid_L	Temporal_Mid_R	Temporal_Pole_Mid_L	Temporal_Pole_Mid_R	Temporal_Inf_L	Temporal_Inf_R	Cerebelum_Crus1_L	Cerebelum_Crus1_R	Cerebelum_Crus2_L	Cerebelum_Crus2_R	Cerebelum_3_L	Cerebelum_3_R	Cerebelum_4_5_L	Cerebelum_4_5_R	Cerebelum_6_L	Cerebelum_6_R	Cerebelum_7b_L	Cerebelum_7b_R	Cerebelum_8_L	Cerebelum_8_R	Cerebelum_9_L	Cerebelum_9_R	Cerebelum_10_L	Cerebelum_10_R	Vermis_1_2	Vermis_3	Vermis_4_5	Vermis_6	Vermis_7	Vermis_8	Vermis_9	Vermis_10	
481064	Precentral_L	0	4248	16186	4494	0	0	32158	1182	0	0	11712	106	3044	146	0	0	11042	0	7770	10928	0	0	132	0	0	0	0	0	13444	118	162	532	202	6174	482	318	4530	996	960	912	0	0	88	272	170	1030	0	0	0	700	946	486	1052	0	4384	168	26604	1532	102	0	7036	0	3180	0	280	0	318	1482	12718	6864	2172	1412	4666	206	1156	0	8598	456	7776	0	5966	0	0	0	2558	122	0	0	3926	0	0	0	0	0	0	0	0	0	128	0	0	0	0	0	0	0	0	0	0	0	0	0	0	0	0	0	
237412	Precentral_R	4248	0	2526	7122	0	0	2990	18254	0	0	264	9704	354	198	0	0	100	3392	1422	5386	0	0	92	0	0	0	0	0	630	3714	366	264	330	658	240	268	122	4146	0	2250	0	0	0	0	0	0	0	0	0	174	0	162	0	402	0	2732	940	11432	0	0	0	2102	0	3530	0	306	0	246	394	6816	3240	1142	3706	4756	1334	0	348	1684	0	642	0	334	0	0	0	304	0	0	0	2940	0	0	0	0	0	0	0	0	0	0	0	0	0	0	0	0	0	0	0	0	0	0	0	0	0	0	
988848	Frontal_Sup_L	16186	2526	0	11338	11518	240	83332	2244	6378	0	12306	438	24788	418	16860	0	8550	150	74646	17866	1162	922	41792	5100	1428	754	1570	612	42162	648	20680	7152	5326	4964	0	0	4240	346	216	112	762	0	0	122	0	426	0	0	0	284	0	202	0	0	924	0	746	210	0	0	182	0	178	0	0	0	0	582	692	1356	7544	1424	25756	834	3458	0	7210	392	312	0	6354	0	1228	0	2038	0	0	0	2238	0	0	0	0	0	0	0	0	0	0	0	0	0	0	0	0	0	0	0	0	0	0	0	0	0	0	0	
783864	Frontal_Sup_R	4494	7122	11338	0	0	3394	3814	44012	0	612	268	9004	580	11502	0	5464	472	9916	17508	68390	116	1062	8270	30778	0	1678	0	1362	1512	16676	4246	32104	1174	18114	90	0	142	8582	0	4602	0	154	0	0	0	0	0	0	0	0	0	0	0	136	0	1314	934	2512	0	0	0	348	0	558	0	0	0	0	122	1026	2126	16112	2658	16646	296	3202	500	12726	0	442	176	480	0	94	96	0	0	0	0	876	0	0	0	0	0	0	0	0	0	0	0	0	0	0	0	0	0	0	0	0	0	0	0	0	0	0	
197676	Frontal_Sup_Orb_L	0	0	11518	0	0	244	1514	0	15496	0	0	0	2064	0	19276	0	0	0	498	0	3646	1690	2268	0	5700	1312	7974	1498	8714	0	3392	1046	0	0	0	0	490	0	158	0	418	0	0	0	0	0	0	0	0	0	0	0	0	0	0	0	0	0	0	0	0	0	0	0	0	0	0	0	0	0	2890	356	5718	0	0	0	0	0	0	0	0	0	958	0	0	0	0	0	0	0	0	0	0	0	0	0	0	0	0	0	0	0	0	0	0	0	0	0	0	0	0	0	0	0	0	0	
99212	Frontal_Sup_Orb_R	0	0	240	3394	244	0	0	946	0	4598	0	0	0	234	182	6838	0	0	0	0	628	3252	306	2790	272	5754	740	9124	0	2196	390	2370	0	0	0	0	0	0	0	0	0	0	0	0	0	0	0	0	0	0	0	0	0	0	0	0	0	0	0	0	0	0	0	0	0	0	0	0	0	0	340	3022	0	1746	0	0	0	0	0	0	0	0	0	0	0	0	0	0	0	0	0	0	0	0	0	0	0	0	0	0	0	0	0	0	0	0	0	0	0	0	0	0	0	0	0	0	
570192	Frontal_Mid_L	32158	2990	83332	3814	1514	0	0	1754	3338	0	9470	430	33532	198	10338	0	3212	0	12510	5874	0	0	15712	1044	84	108	0	0	17494	188	4988	2418	3010	1674	0	0	3074	96	100	0	0	0	0	0	0	268	0	0	0	176	0	142	0	0	448	0	4488	160	0	0	2510	0	1090	122	0	0	0	364	136	1440	2674	1410	3466	164	772	0	5540	368	2744	0	1118	0	0	0	294	0	0	0	748	0	0	0	0	0	0	0	0	0	0	0	0	0	0	0	0	0	0	0	0	0	0	0	0	0	0	0	
316432	Frontal_Mid_R	1182	18254	2244	44012	0	946	1754	0	0	1418	236	11356	480	15132	0	2808	238	4414	2196	3556	0	0	428	2330	0	0	0	0	934	8946	1746	5182	114	974	0	0	0	4562	0	1518	0	0	0	0	0	0	0	0	0	0	0	0	0	176	0	1796	196	2754	0	0	0	344	0	540	0	0	0	0	0	90	1388	402	2244	6568	860	98	116	1270	0	414	92	474	0	0	0	0	0	0	0	1344	0	0	0	0	0	0	0	0	0	90	0	0	0	0	0	0	0	0	0	0	0	0	0	0	0	0	
108296	Frontal_Mid_Orb_L	0	0	6378	0	15496	0	3338	0	0	0	0	0	1964	0	18148	0	0	0	0	0	486	166	436	0	326	0	1416	180	2946	0	332	84	0	0	0	0	0	0	0	0	136	0	0	0	0	0	0	0	0	0	0	0	0	0	0	0	0	0	0	0	0	0	0	0	0	0	0	0	0	0	324	0	1518	0	0	0	0	0	0	0	0	0	474	0	0	0	0	0	0	0	0	0	0	0	0	0	0	0	0	0	0	0	0	0	0	0	0	0	0	0	0	0	0	0	0	0	
33884	Frontal_Mid_Orb_R	0	0	0	612	0	4598	0	1418	0	0	0	0	0	580	0	8560	0	0	0	0	0	0	0	308	0	86	0	0	0	354	0	280	0	0	0	0	0	0	0	0	0	0	0	0	0	0	0	0	0	0	0	0	0	0	0	0	0	0	0	0	0	0	0	0	0	0	0	0	0	0	0	0	0	146	0	0	0	0	0	0	0	0	0	0	0	0	0	0	0	0	0	0	0	0	0	0	0	0	0	0	0	0	0	0	0	0	0	0	0	0	0	0	0	0	0	0	
208792	Frontal_Inf_Oper_L	11712	264	12306	268	0	0	9470	236	0	0	0	0	9406	0	144	0	13410	0	8520	256	0	0	432	0	0	0	0	0	15922	0	730	550	0	0	0	0	260	0	0	0	0	0	0	0	0	0	0	0	0	0	0	0	0	0	0	0	2138	0	0	0	172	0	0	0	0	0	0	0	0	0	2612	656	628	0	0	0	128	0	1752	0	8100	0	1318	0	2728	0	0	0	278	0	0	0	0	0	0	0	0	0	0	0	0	0	0	0	0	0	0	0	0	0	0	0	0	0	0	0	
193532	Frontal_Inf_Oper_R	106	9704	438	9004	0	0	430	11356	0	0	0	0	690	7714	0	426	0	9886	680	8710	0	0	96	278	0	0	0	0	654	13148	972	3550	0	348	0	0	0	2036	0	498	0	0	0	0	0	0	0	0	0	0	0	0	0	0	0	386	0	2260	0	0	0	652	0	868	0	0	0	0	0	0	796	2058	386	6346	0	190	0	548	0	456	0	232	0	864	0	0	0	0	0	0	0	0	0	0	0	0	0	0	0	0	0	0	0	0	0	0	0	0	0	0	0	0	0	0	0	0	
298420	Frontal_Inf_Tri_L	3044	354	24788	580	2064	0	33532	480	1964	0	9406	690	0	818	15374	0	1388	0	4208	468	0	0	2734	0	256	226	0	0	26932	968	4578	754	520	0	0	0	106	100	0	0	0	0	0	0	0	0	0	0	0	0	0	0	0	0	0	0	0	84	0	0	0	0	0	0	0	0	0	0	0	130	4470	772	4934	0	90	0	598	0	0	0	628	0	922	0	250	0	0	0	0	0	0	0	0	0	0	0	0	0	0	0	0	0	0	0	0	0	0	0	0	0	0	0	0	0	0	0	
171572	Frontal_Inf_Tri_R	146	198	418	11502	0	234	198	15132	0	580	0	7714	818	0	0	3964	0	508	738	2446	0	0	308	3848	0	256	0	0	852	18614	1130	11886	0	442	0	0	0	86	0	0	0	0	0	0	0	0	0	0	0	0	0	0	0	0	0	0	0	0	0	0	0	0	0	0	0	0	0	0	0	0	746	1786	286	950	0	0	0	0	0	0	0	0	0	0	0	0	0	0	0	0	0	0	0	0	0	0	0	0	0	0	0	0	0	0	0	0	0	0	0	0	0	0	0	0	0	0	
228880	Frontal_Inf_Orb_L	0	0	16860	0	19276	182	10338	0	18148	0	144	0	15374	0	0	0	0	0	850	0	3504	1076	316	0	0	156	3080	810	11614	0	726	552	0	0	0	0	518	0	246	0	790	0	0	0	0	0	0	0	0	0	0	0	0	0	0	0	0	0	0	0	0	0	0	0	0	0	0	0	0	0	2610	248	4132	0	0	0	0	0	0	0	0	0	2890	0	0	0	0	0	0	0	0	0	0	0	0	0	0	0	0	0	0	0	0	0	0	0	0	0	0	0	0	0	0	0	0	0	
93080	Frontal_Inf_Orb_R	0	0	0	5464	0	6838	0	2808	0	8560	0	426	0	3964	0	0	0	0	0	0	190	566	0	2790	0	1638	96	640	0	8078	126	3242	0	0	0	0	0	0	0	0	0	0	0	0	0	0	0	0	0	0	0	0	0	0	0	0	0	0	0	0	0	0	0	0	0	0	0	0	0	0	112	378	0	624	0	0	0	0	0	0	0	0	0	0	0	0	0	0	0	0	0	0	0	0	0	0	0	0	0	0	0	0	0	0	0	0	0	0	0	0	0	0	0	0	0	0	
226812	Rolandic_Oper_L	11042	100	8550	472	0	0	3212	238	0	0	13410	0	1388	0	0	0	0	0	6766	476	0	0	0	0	0	0	0	0	22196	0	0	104	0	0	0	0	180	0	0	0	0	0	0	0	0	0	0	0	0	0	818	0	232	0	438	0	7768	0	0	0	1636	0	1844	0	548	0	142	0	520	0	1334	162	220	0	98	0	0	0	4500	0	15204	0	1192	0	6616	0	0	0	2000	0	0	0	0	0	0	0	0	0	0	0	0	0	0	0	0	0	0	0	0	0	0	0	0	0	0	0	
135496	Rolandic_Oper_R	0	3392	150	9916	0	0	0	4414	0	0	0	9886	0	508	0	0	0	0	88	7360	0	0	272	92	0	0	0	0	0	10568	264	798	0	0	0	0	0	586	0	146	0	0	0	0	0	0	0	0	0	0	0	0	0	0	0	200	0	3036	0	0	0	1014	0	3098	0	152	0	0	0	322	358	880	346	3270	0	0	0	264	0	2886	0	2426	0	864	0	192	0	0	0	0	0	0	0	0	0	0	0	0	0	0	0	0	0	0	0	0	0	0	0	0	0	0	0	0	0	0	
609484	Supp_Motor_Area_L	7770	1422	74646	17508	498	0	12510	2196	0	0	8520	680	4208	738	850	0	6766	88	0	36014	132	264	6362	4028	246	0	150	0	21540	834	6496	6316	7800	16968	1356	0	2952	270	172	0	572	0	756	0	980	0	114	0	150	0	232	0	0	0	660	0	290	410	0	0	0	0	0	0	0	0	1016	0	3220	1528	6678	932	20298	768	3624	0	2370	0	182	0	5684	0	400	0	1832	0	0	0	1746	0	0	0	0	0	0	0	0	0	0	0	0	0	0	0	0	0	0	0	0	0	0	0	0	0	0	0	
716524	Supp_Motor_Area_R	10928	5386	17866	68390	0	0	5874	3556	0	0	256	8710	468	2446	0	0	476	7360	36014	0	0	0	2596	7752	0	0	0	0	1390	6110	3266	16406	4592	42314	342	1034	144	1170	0	778	0	0	190	214	242	420	0	188	0	1274	0	774	0	212	0	784	464	5318	0	154	0	326	0	172	0	368	250	1408	6608	28944	2532	20266	2090	8960	192	3382	2382	10246	0	170	116	632	0	570	100	1464	0	0	0	1226	0	0	0	0	0	0	0	0	0	0	0	0	0	0	0	0	0	0	0	0	0	0	0	0	0	0	
108584	Olfactory_L	0	0	1162	116	3646	628	0	0	486	0	0	0	0	0	3504	190	0	0	132	0	0	7606	0	172	542	690	5588	2868	3084	574	3054	3608	0	0	0	0	422	0	432	0	1128	0	0	0	0	0	0	0	0	0	0	0	0	0	0	0	0	0	0	0	0	0	0	0	0	0	0	0	0	0	8086	2488	2622	394	0	0	0	0	0	0	0	0	1070	0	0	0	0	0	0	0	0	0	0	0	0	0	0	0	0	0	0	0	0	0	0	0	0	0	0	0	0	0	0	0	0	0	
120396	Olfactory_R	0	0	922	1062	1690	3252	0	0	166	0	0	0	0	0	1076	566	0	0	264	0	7606	0	0	866	210	2230	4110	7086	154	1716	3142	6244	0	0	0	0	92	0	0	0	0	132	0	0	0	0	0	0	0	0	0	0	0	0	0	0	0	0	0	0	0	0	0	0	0	0	0	0	0	0	7476	5888	2670	1578	0	0	0	0	0	0	0	0	0	0	0	0	0	0	0	0	0	0	0	0	0	0	0	0	0	0	0	0	0	0	0	0	0	0	0	0	0	0	0	0	0	0	
341468	Frontal_Sup_Medial_L	132	92	41792	8270	2268	306	15712	428	436	0	432	96	2734	308	316	0	0	272	6362	2596	0	0	0	19776	2184	1918	182	180	5508	312	24174	16618	4284	8560	0	0	0	0	0	0	0	0	0	0	0	0	0	0	0	0	0	0	0	0	0	0	0	0	0	0	0	0	0	0	0	0	0	0	0	0	1198	230	2474	336	0	0	162	0	0	0	0	0	86	0	0	0	0	0	0	0	0	0	0	0	0	0	0	0	0	0	0	0	0	0	0	0	0	0	0	0	0	0	0	0	0	0	
308272	Frontal_Sup_Medial_R	0	0	5100	30778	0	2790	1044	2330	0	308	0	278	0	3848	0	2790	0	92	4028	7752	172	866	19776	0	206	6254	0	1954	0	6708	6858	29906	458	14420	0	0	0	116	0	0	0	0	0	0	0	0	0	0	0	0	0	0	0	0	0	0	0	0	0	0	0	0	0	0	0	0	0	0	0	0	0	830	0	4474	0	0	0	0	0	0	0	0	0	0	0	0	0	0	0	0	0	0	0	0	0	0	0	0	0	0	0	0	0	0	0	0	0	0	0	0	0	0	0	0	0	0	
59024	Frontal_Med_Orb_L	0	0	1428	0	5700	272	84	0	326	0	0	0	256	0	0	0	0	0	246	0	542	210	2184	206	0	2410	3594	994	2272	96	4856	548	0	0	0	0	396	0	0	0	0	0	0	0	0	0	0	0	0	0	0	0	0	0	0	0	0	0	0	0	0	0	0	0	0	0	0	0	0	0	556	94	2242	0	0	0	0	0	0	0	0	0	0	0	0	0	0	0	0	0	0	0	0	0	0	0	0	0	0	0	0	0	0	0	0	0	0	0	0	0	0	0	0	0	0	0	
109176	Frontal_Med_Orb_R	0	0	754	1678	1312	5754	108	0	0	86	0	0	226	256	156	1638	0	0	0	0	690	2230	1918	6254	2410	0	1616	9596	314	2200	3306	7456	0	0	0	0	0	0	0	0	0	0	0	0	0	0	0	0	0	0	0	0	0	0	0	0	0	0	0	0	0	0	0	0	0	0	0	0	0	0	406	1804	144	2276	0	0	0	0	0	0	0	0	0	0	0	0	0	0	0	0	0	0	0	0	0	0	0	0	0	0	0	0	0	0	0	0	0	0	0	0	0	0	0	0	0	0	
97980	Rectus_L	0	0	1570	0	7974	740	0	0	1416	0	0	0	0	0	3080	96	0	0	150	0	5588	4110	182	0	3594	1616	0	2926	1548	0	3436	2446	0	0	0	0	266	0	0	0	112	0	0	0	0	0	0	0	0	0	0	0	0	0	0	0	0	0	0	0	0	0	0	0	0	0	0	0	0	0	5092	1038	1836	174	0	0	0	0	0	0	0	0	0	0	0	0	0	0	0	0	0	0	0	0	0	0	0	0	0	0	0	0	0	0	0	0	0	0	0	0	0	0	0	0	0	0	
114408	Rectus_R	0	0	612	1362	1498	9124	0	0	180	0	0	0	0	0	810	640	0	0	0	0	2868	7086	180	1954	994	9596	2926	0	0	844	1358	6462	0	0	0	0	0	0	0	0	0	0	0	0	0	0	0	0	0	0	0	0	0	0	0	0	0	0	0	0	0	0	0	0	0	0	0	0	0	0	1992	4630	234	1854	0	0	0	0	0	0	0	0	0	0	0	0	0	0	0	0	0	0	0	0	0	0	0	0	0	0	0	0	0	0	0	0	0	0	0	0	0	0	0	0	0	0	
648928	Insula_L	13444	630	42162	1512	8714	0	17494	934	2946	0	15922	654	26932	852	11614	0	22196	0	21540	1390	3084	154	5508	0	2272	314	1548	0	0	908	9692	1202	514	92	0	0	10650	94	1758	0	3048	0	0	0	0	0	0	0	0	0	600	0	304	0	3994	0	2774	0	0	0	168	0	254	0	150	0	0	0	144	190	7796	1240	28016	88	248	0	1872	118	10614	0	16404	0	5600	0	7040	0	558	0	6518	0	0	0	0	0	0	0	0	0	0	0	0	0	0	0	0	0	0	0	0	0	0	0	0	0	0	0	
353260	Insula_R	118	3714	648	16676	0	2196	188	8946	0	354	0	13148	968	18614	0	8078	0	10568	834	6110	574	1716	312	6708	96	2200	0	844	908	0	1082	16574	0	400	0	0	0	4876	0	1630	0	1234	0	0	0	0	0	0	0	0	0	0	0	228	0	5116	0	404	0	0	0	268	0	826	0	0	0	0	0	0	1260	3466	582	20162	0	234	0	880	0	2580	0	5448	0	864	0	1228	0	0	0	2508	0	98	0	0	0	0	0	0	0	164	0	0	0	0	0	0	0	0	0	0	0	0	0	0	0	0	
343580	Cingulum_Ant_L	162	366	20680	4246	3392	390	4988	1746	332	0	730	972	4578	1130	726	126	0	264	6496	3266	3054	3142	24174	6858	4856	3306	3436	1358	9692	1082	0	25318	5190	4648	0	0	116	0	0	0	0	0	0	0	0	0	0	0	0	0	0	0	0	0	0	0	0	0	0	0	0	0	0	0	0	0	0	0	0	0	7386	3058	8790	1190	0	0	402	0	0	0	0	0	144	0	0	0	0	0	0	0	0	0	0	0	0	0	0	0	0	0	0	0	0	0	0	0	0	0	0	0	0	0	0	0	0	0	
560924	Cingulum_Ant_R	532	264	7152	32104	1046	2370	2418	5182	84	280	550	3550	754	11886	552	3242	104	798	6316	16406	3608	6244	16618	29906	548	7456	2446	6462	1202	16574	25318	0	1874	19876	0	0	0	224	0	118	0	182	0	0	0	0	0	0	0	0	0	0	0	0	0	0	0	0	0	0	0	0	0	0	0	0	0	0	0	0	4728	22606	1664	13952	0	0	0	3266	0	0	0	0	0	0	0	0	0	0	0	0	0	0	0	0	0	0	0	0	0	0	0	0	0	0	0	0	0	0	0	0	0	0	0	0	0	0	
136200	Cingulum_Mid_L	202	330	5326	1174	0	0	3010	114	0	0	0	0	520	0	0	0	0	0	7800	4592	0	0	4284	458	0	0	0	0	514	0	5190	1874	0	9974	3554	494	0	0	0	0	0	0	944	0	1692	142	114	0	1074	0	1002	0	0	0	0	0	156	142	1316	0	130	0	0	0	0	0	5858	578	4528	638	94	0	186	0	0	0	0	0	0	0	0	0	0	0	96	0	0	0	0	0	0	0	0	0	0	0	0	0	0	0	0	0	0	0	0	0	0	0	0	0	0	0	0	0	0	0	
429468	Cingulum_Mid_R	6174	658	4964	18114	0	0	1674	974	0	0	0	348	0	442	0	0	0	0	16968	42314	0	0	8560	14420	0	0	0	0	92	400	4648	19876	9974	0	1062	4828	0	108	0	90	0	0	148	1294	186	3218	0	928	0	1862	84	1210	0	106	0	98	120	7122	90	170	0	98	0	0	0	182	1290	9488	6610	19806	574	116	212	0	0	0	1878	102	0	0	0	212	0	0	0	550	0	0	0	292	0	0	0	0	0	0	0	0	0	0	0	0	0	0	0	0	0	0	0	0	0	0	0	0	0	0	
162788	Cingulum_Post_L	482	240	0	90	0	0	0	0	0	0	0	0	0	0	0	0	0	0	1356	342	0	0	0	0	0	0	0	0	0	0	0	0	3554	1062	0	10360	3814	3706	1436	2666	0	0	7392	162	3746	0	2790	122	904	0	1656	0	830	166	3538	1276	838	818	0	0	0	0	0	0	0	0	13736	2746	7594	974	0	0	0	0	0	0	0	0	0	0	0	0	0	0	738	0	0	0	984	930	0	0	0	0	0	0	126	0	220	0	0	0	0	0	0	0	0	0	0	0	0	0	0	0	0	0	
139488	Cingulum_Post_R	318	268	0	0	0	0	0	0	0	0	0	0	0	0	0	0	0	0	0	1034	0	0	0	0	0	0	0	0	0	0	0	0	494	4828	10360	0	3094	4842	568	3876	0	0	1026	1116	166	476	120	1792	0	574	0	318	110	622	508	2988	0	3638	0	186	0	88	0	0	0	176	3868	12514	486	4738	0	0	0	0	0	0	0	0	0	0	0	0	0	0	0	520	0	0	126	3192	0	0	0	0	0	0	0	176	0	0	0	0	0	0	0	0	0	0	0	0	538	0	0	0	0	0	
228844	Hippocampus_L	4530	122	4240	142	490	0	3074	0	0	0	260	0	106	0	518	0	180	0	2952	144	422	92	0	0	396	0	266	0	10650	0	116	0	0	0	3814	3094	0	3358	11550	2140	7104	0	1024	0	0	0	2696	0	0	0	0	0	146	0	11482	0	296	0	0	0	0	0	0	0	0	0	1486	666	380	0	284	168	10052	0	1196	0	3582	240	2142	0	2546	0	2154	0	1086	0	742	0	7216	0	864	0	88	0	116	0	1644	0	1830	0	130	0	192	0	214	0	0	0	0	0	0	0	0	0	0	0	
305248	Hippocampus_R	996	4146	346	8582	0	0	96	4562	0	0	0	2036	100	86	0	0	0	586	270	1170	0	0	0	116	0	0	0	0	94	4876	0	224	0	108	3706	4842	3358	0	492	31286	0	7188	172	144	0	0	204	1974	0	0	0	0	0	2342	136	24800	588	442	0	0	0	282	0	432	0	0	212	1664	280	518	160	1776	206	15472	0	2092	328	5666	0	982	0	2210	0	714	0	356	0	370	0	5110	0	620	0	0	0	0	0	1400	0	1404	0	0	0	0	0	0	0	0	0	0	302	0	0	0	0	0	
99440	ParaHippocampal_L	960	0	216	0	158	0	100	0	0	0	0	0	0	0	246	0	0	0	172	0	432	0	0	0	0	0	0	0	1758	0	0	0	0	0	1436	568	11550	492	0	280	2426	0	774	0	0	0	4734	0	0	0	584	0	760	0	10278	0	0	0	0	0	0	0	0	0	0	0	1710	172	160	0	114	0	1856	0	0	0	1310	0	112	0	350	0	624	0	0	0	818	0	328	0	338	0	0	0	214	0	1660	0	1418	0	112	0	192	0	308	0	0	0	0	0	0	0	0	0	0	0	
268384	ParaHippocampal_R	912	2250	112	4602	0	0	0	1518	0	0	0	498	0	0	0	0	0	146	0	778	0	0	0	0	0	0	0	0	0	1630	0	118	0	90	2666	3876	2140	31286	280	0	0	5652	118	542	0	0	110	6366	0	0	0	0	0	2730	140	26014	566	132	0	0	0	86	0	92	0	0	0	3738	344	616	110	1136	112	5666	0	1826	274	3600	0	678	0	1132	0	3272	0	236	0	2240	0	6210	0	788	0	130	0	532	0	3478	0	1844	0	0	0	308	0	94	0	0	0	104	274	0	0	0	0	0	
46292	Amygdala_L	0	0	762	0	418	0	0	0	136	0	0	0	0	0	790	0	0	0	572	0	1128	0	0	0	0	0	112	0	3048	0	0	0	0	0	0	0	7104	0	2426	0	0	0	0	0	0	0	0	0	0	0	0	0	0	0	2320	0	0	0	0	0	0	0	0	0	0	0	0	0	0	0	0	0	1872	0	0	0	0	0	0	0	184	0	1056	0	0	0	566	0	652	0	0	0	0	0	0	0	0	0	0	0	0	0	0	0	0	0	0	0	0	0	0	0	0	0	0	0	
49528	Amygdala_R	0	0	0	154	0	0	0	0	0	0	0	0	0	0	0	0	0	0	0	0	0	132	0	0	0	0	0	0	0	1234	0	182	0	0	0	0	0	7188	0	5652	0	0	0	0	0	0	0	0	0	0	0	0	0	0	0	5604	0	0	0	0	0	0	0	0	0	0	0	0	0	0	0	0	0	1374	0	0	0	0	0	0	0	0	0	2258	0	0	0	736	0	250	0	0	0	0	0	0	0	0	0	0	0	0	0	0	0	0	0	0	0	0	0	0	0	0	0	0	
242340	Calcarine_L	88	0	0	0	0	0	0	0	0	0	0	0	0	0	0	0	0	0	756	190	0	0	0	0	0	0	0	0	0	0	0	0	944	148	7392	1026	1024	172	774	118	0	0	0	5362	19906	2754	11312	2428	9894	1100	22174	212	4100	0	2396	192	0	0	0	0	0	0	0	0	270	0	17496	1458	1832	0	0	0	0	0	0	0	0	0	0	0	0	0	0	0	4524	0	0	0	554	252	0	0	0	0	0	0	142	0	180	0	0	0	0	0	0	0	0	0	0	0	0	0	0	0	0	0	
236632	Calcarine_R	272	0	122	0	0	0	0	0	0	0	0	0	0	0	0	0	0	0	0	214	0	0	0	0	0	0	0	0	0	0	0	0	0	1294	162	1116	0	144	0	542	0	0	5362	0	3696	15520	300	19764	124	15468	0	15934	0	5660	0	5638	0	694	0	172	0	106	0	0	0	1526	664	16754	0	830	0	0	0	0	0	0	0	0	0	0	0	0	0	0	0	3316	0	0	0	2922	0	0	0	0	0	0	0	0	0	0	0	0	0	0	0	0	0	0	0	0	0	0	0	0	0	0	
225188	Cuneus_L	170	0	0	0	0	0	0	0	0	0	0	0	0	0	0	0	0	0	980	242	0	0	0	0	0	0	0	0	0	0	0	0	1692	186	3746	166	0	0	0	0	0	0	19906	3696	0	5276	2182	1084	20984	1982	18216	194	1166	0	738	0	316	0	432	0	92	0	0	0	280	100	18570	2200	3982	0	0	0	0	0	0	0	0	0	0	0	110	0	0	0	3122	0	0	0	604	0	0	0	0	0	0	0	90	0	90	0	0	0	0	0	0	0	0	0	0	0	0	0	0	0	0	0	
203040	Cuneus_R	1030	0	426	0	0	0	268	0	0	0	0	0	0	0	0	0	0	0	0	420	0	0	0	0	0	0	0	0	0	0	0	0	142	3218	0	476	0	0	0	0	0	0	2754	15520	5276	0	0	2240	160	26720	0	11634	0	218	0	176	0	2084	0	2680	0	88	0	0	0	2216	2920	16668	0	1774	0	0	0	0	0	0	0	0	0	0	0	0	0	0	0	2190	0	0	0	222	0	0	0	0	0	0	0	0	0	0	0	0	0	0	0	0	0	0	0	0	0	0	0	0	0	0	
290096	Lingual_L	0	0	0	0	0	0	0	0	0	0	0	0	0	0	0	0	0	0	114	0	0	0	0	0	0	0	0	0	0	0	0	0	114	0	2790	120	2696	204	4734	110	0	0	11312	300	2182	0	0	3034	1784	0	13382	0	8306	0	23090	536	0	0	0	0	0	0	0	0	0	0	7124	0	272	0	0	0	0	0	0	0	688	0	0	0	0	0	0	0	656	0	0	0	240	0	8236	2932	1764	624	152	0	12514	1568	17052	3710	134	0	170	120	0	0	0	0	0	90	5682	4640	1788	84	0	0	
325548	Lingual_R	0	0	0	0	0	0	0	0	0	0	0	0	0	0	0	0	0	0	0	188	0	0	0	0	0	0	0	0	0	0	0	0	0	928	122	1792	0	1974	0	6366	0	0	2428	19764	1084	2240	3034	0	0	4658	0	5844	614	5594	1642	21234	0	938	0	488	0	88	0	0	0	228	150	14230	0	920	0	0	0	0	0	0	0	212	0	0	0	0	0	0	0	652	0	0	0	2340	3240	5330	950	496	162	216	1772	8382	5608	11550	0	0	0	164	256	0	0	0	0	90	12528	10004	2032	152	0	90	
186860	Occipital_Sup_L	0	0	0	0	0	0	0	0	0	0	0	0	0	0	0	0	0	0	150	0	0	0	0	0	0	0	0	0	0	0	0	0	1074	0	904	0	0	0	0	0	0	0	9894	124	20984	160	1784	0	0	0	31136	0	856	0	466	0	732	0	3770	0	1344	0	620	0	532	0	14050	0	2208	0	0	0	0	0	0	0	0	0	0	0	682	0	0	0	1398	0	0	0	562	0	0	0	0	0	0	0	0	0	0	0	0	0	0	0	0	0	0	0	0	0	0	0	0	0	0	0	
265748	Occipital_Sup_R	700	174	284	0	0	0	176	0	0	0	0	0	0	0	0	0	0	0	0	1274	0	0	0	0	0	0	0	0	0	0	0	0	0	1862	0	574	0	0	0	0	0	0	1100	15468	1982	26720	0	4658	0	0	0	28142	0	796	0	1310	0	2926	0	4842	0	3184	0	0	0	9726	1070	13604	0	3062	0	0	0	0	0	0	0	0	0	0	0	196	0	0	0	6744	0	0	0	2300	0	0	0	0	0	0	0	0	0	0	0	0	0	0	0	0	0	0	0	0	0	0	0	0	0	0	
521784	Occipital_Mid_L	946	0	0	0	0	0	0	0	0	0	0	0	0	0	0	0	818	0	232	0	0	0	0	0	0	0	0	0	600	0	0	0	1002	84	1656	0	0	0	584	0	0	0	22174	0	18216	0	13382	0	31136	0	0	0	14148	0	6246	0	8032	0	12558	0	18540	0	4144	0	19356	0	19274	94	8146	0	0	0	0	0	0	0	0	0	690	0	6698	0	0	0	39434	0	0	0	12324	0	0	0	0	0	0	0	154	0	224	0	0	0	0	0	0	0	0	0	0	0	0	0	0	0	0	0	
250192	Occipital_Mid_R	486	162	202	0	0	0	142	0	0	0	0	0	0	0	0	0	0	0	0	774	0	0	0	0	0	0	0	0	0	0	0	0	0	1210	0	318	0	0	0	0	0	0	212	15934	194	11634	0	5844	0	28142	0	0	0	5378	0	2844	0	458	0	254	0	4088	0	110	0	18288	294	7556	0	1620	0	0	0	0	0	0	0	0	0	0	0	348	0	0	0	15948	0	0	0	2656	0	0	0	0	0	0	0	0	0	0	0	0	0	0	0	0	0	0	0	0	0	0	0	0	0	0	
127672	Occipital_Inf_L	1052	0	0	0	0	0	0	0	0	0	0	0	0	0	0	0	232	0	0	0	0	0	0	0	0	0	0	0	304	0	0	0	0	0	830	110	146	0	760	0	0	0	4100	0	1166	0	8306	614	856	0	14148	0	0	0	11638	0	90	0	0	0	0	0	90	0	142	0	1782	0	520	0	0	0	0	0	0	0	0	0	894	0	686	0	0	0	3854	0	0	0	4890	0	706	0	0	0	116	0	1368	0	2962	0	0	0	0	0	132	0	0	0	0	0	676	666	0	0	0	0	
112404	Occipital_Inf_R	0	402	0	136	0	0	0	176	0	0	0	0	0	0	0	0	0	0	0	212	0	0	0	0	0	0	0	0	0	228	0	0	0	106	166	622	0	2342	0	2730	0	0	0	5660	0	218	0	5594	0	796	0	5378	0	0	0	11070	0	104	0	0	0	0	0	0	0	428	0	2868	0	296	0	0	0	0	0	0	0	0	0	342	0	614	0	0	0	2276	0	0	0	6032	124	186	0	0	0	0	532	1308	458	1816	0	0	0	0	132	0	0	0	0	0	1786	832	88	144	0	0	
432236	Fusiform_L	4384	0	924	0	0	0	448	0	0	0	0	0	0	0	0	0	438	0	660	0	0	0	0	0	0	0	0	0	3994	0	0	0	0	0	3538	508	11482	136	10278	140	2320	0	2396	0	738	0	23090	1642	466	0	6246	0	11638	0	0	380	238	0	0	0	104	0	0	0	0	0	4326	374	1482	0	0	0	1382	0	0	0	956	0	1964	0	3780	0	4670	0	4728	0	2266	0	23184	92	20946	1076	992	224	454	0	13914	988	31630	1394	530	0	860	162	744	0	0	0	0	0	4482	1906	424	0	0	0	
446796	Fusiform_R	168	2732	0	1314	0	0	0	1796	0	0	0	386	0	0	0	0	0	200	0	784	0	0	0	0	0	0	0	0	0	5116	0	0	0	98	1276	2988	0	24800	0	26014	0	5604	192	5638	0	176	536	21234	0	1310	0	2844	0	11070	380	0	0	244	0	0	0	0	0	102	0	0	222	6220	348	936	0	0	0	6508	0	922	0	454	0	866	0	4798	0	6118	0	2676	0	2542	0	22908	576	10154	0	242	106	284	1366	9118	1566	16718	0	0	0	280	280	0	0	0	0	0	6660	2788	362	246	0	132	
262736	Postcentral_L	26604	940	746	934	0	0	4488	196	0	0	2138	0	0	0	0	0	7768	0	290	464	0	0	0	0	0	0	0	0	2774	0	0	0	156	120	838	0	296	588	0	566	0	0	0	0	316	0	0	0	732	0	8032	0	90	0	238	0	0	0	8354	0	18872	0	11554	0	4592	0	3524	0	8898	248	288	106	156	0	152	0	1460	0	1774	0	6360	0	0	0	4386	0	0	0	1330	0	0	0	0	0	0	0	0	0	0	0	0	0	0	0	0	0	0	0	0	0	0	0	0	0	0	0	
250776	Postcentral_R	1532	11432	210	2512	0	0	160	2754	0	0	0	2260	84	0	0	0	0	3036	410	5318	0	0	0	0	0	0	0	0	0	404	0	0	142	7122	818	3638	0	442	0	132	0	0	0	694	0	2084	0	938	0	2926	0	458	0	104	0	244	0	0	0	6310	0	5752	0	11588	0	2530	456	7236	3732	25208	1176	132	1050	692	124	0	990	152	0	236	0	2270	0	0	0	4622	0	0	0	1278	0	0	0	0	0	0	0	0	0	0	0	0	0	0	0	0	0	0	0	0	0	0	0	0	0	0	
126936	Parietal_Sup_L	102	0	0	0	0	0	0	0	0	0	0	0	0	0	0	0	0	0	0	0	0	0	0	0	0	0	0	0	0	0	0	0	1316	90	0	0	0	0	0	0	0	0	0	0	432	0	0	0	3770	0	12558	0	0	0	0	0	8354	0	0	0	10112	0	0	0	484	0	12862	158	3162	0	0	0	0	0	0	0	0	0	0	0	3754	0	0	0	5268	0	0	0	1046	0	0	0	0	0	0	0	0	0	0	0	0	0	0	0	0	0	0	0	0	0	0	0	0	0	0	0	
68228	Parietal_Sup_R	0	0	0	0	0	0	0	0	0	0	0	0	0	0	0	0	0	0	0	154	0	0	0	0	0	0	0	0	0	0	0	0	0	170	0	186	0	0	0	0	0	0	0	172	0	2680	0	488	0	4842	0	254	0	0	0	0	0	6310	0	0	0	2906	0	1582	0	1032	1152	10276	0	1284	0	0	0	0	0	0	0	0	0	0	0	198	0	0	0	284	0	0	0	144	0	0	0	0	0	0	0	0	0	0	0	0	0	0	0	0	0	0	0	0	0	0	0	0	0	0	
219988	Parietal_Inf_L	7036	0	182	0	0	0	2510	0	0	0	172	0	0	0	0	0	1636	0	0	0	0	0	0	0	0	0	0	0	168	0	0	0	130	0	0	0	0	0	0	0	0	0	0	0	92	0	0	0	1344	0	18540	0	0	0	104	0	18872	0	10112	0	0	0	12720	0	16690	0	1514	0	3028	0	0	0	0	0	0	0	0	0	84	0	3050	0	0	0	7842	0	0	0	4168	0	0	0	0	0	0	0	0	0	0	0	0	0	0	0	0	0	0	0	0	0	0	0	0	0	0	0	
112144	Parietal_Inf_R	0	2102	0	348	0	0	0	344	0	0	0	652	0	0	0	0	0	1014	0	326	0	0	0	0	0	0	0	0	0	268	0	0	0	98	0	88	0	282	0	86	0	0	0	106	0	88	0	88	0	3184	0	4088	0	0	0	0	0	5752	0	2906	0	0	0	13984	0	11742	0	620	0	1684	0	0	0	346	0	0	0	0	0	240	0	1062	0	0	0	3662	0	0	0	912	0	0	0	0	0	0	0	0	0	0	0	0	0	0	0	0	0	0	0	0	0	0	0	0	0	0	
124624	SupraMarginal_L	3180	0	178	0	0	0	1090	0	0	0	0	0	0	0	0	0	1844	0	0	0	0	0	0	0	0	0	0	0	254	0	0	0	0	0	0	0	0	0	0	0	0	0	0	0	0	0	0	0	620	0	4144	0	90	0	0	0	11554	0	0	0	12720	0	0	0	7796	0	122	0	2638	0	0	0	0	0	0	0	0	0	236	0	5948	0	0	0	6396	0	0	0	3502	0	0	0	0	0	0	0	0	0	0	0	0	0	0	0	0	0	0	0	0	0	0	0	0	0	0	0	
107888	SupraMarginal_R	0	3530	0	558	0	0	122	540	0	0	0	868	0	0	0	0	0	3098	0	172	0	0	0	0	0	0	0	0	0	826	0	0	0	0	0	0	0	432	0	92	0	0	0	0	0	0	0	0	0	0	0	110	0	0	0	102	0	11588	0	1582	0	13984	0	0	0	5710	0	0	0	1766	108	0	110	540	0	0	0	0	0	284	0	4224	0	0	0	3418	0	0	0	180	0	0	0	0	0	0	0	0	0	0	0	0	0	0	0	0	0	0	0	0	0	0	0	0	0	0	
156732	Angular_L	280	0	0	0	0	0	0	0	0	0	0	0	0	0	0	0	548	0	0	0	0	0	0	0	0	0	0	0	150	0	0	0	0	0	0	0	0	0	0	0	0	0	270	0	280	0	0	0	532	0	19356	0	142	0	0	0	4592	0	484	0	16690	0	7796	0	0	0	592	0	2202	0	0	0	0	0	0	0	0	0	0	0	2150	0	0	0	13934	0	0	0	8368	0	0	0	0	0	0	0	0	0	0	0	0	0	0	0	0	0	0	0	0	0	0	0	0	0	0	0	
155972	Angular_R	0	306	0	0	0	0	0	0	0	0	0	0	0	0	0	0	0	152	0	368	0	0	0	0	0	0	0	0	0	0	0	0	0	182	0	176	0	0	0	0	0	0	0	1526	100	2216	0	228	0	9726	0	18288	0	428	0	0	0	2530	0	1032	0	11742	0	5710	0	0	0	1838	0	2582	0	0	0	0	0	0	0	0	0	0	0	3084	0	0	0	14350	0	0	0	1422	0	0	0	0	0	0	0	0	0	0	0	0	0	0	0	0	0	0	0	0	0	0	0	0	0	0	
336244	Precuneus_L	318	0	0	0	0	0	0	0	0	0	0	0	0	0	0	0	142	0	1016	250	0	0	0	0	0	0	0	0	0	0	0	0	5858	1290	13736	3868	1486	212	1710	0	0	0	17496	664	18570	2920	7124	150	14050	1070	19274	294	1782	0	4326	222	3524	456	12862	1152	1514	0	122	0	592	0	0	11766	8174	576	0	0	0	0	0	0	0	0	114	0	1622	0	0	0	5398	0	0	0	1510	574	0	0	0	0	0	0	178	0	160	0	0	0	0	0	0	0	0	0	0	0	0	0	0	0	0	0	
333808	Precuneus_R	1482	246	582	0	0	0	364	0	0	0	0	0	0	0	0	0	0	0	0	1408	0	0	0	0	0	0	0	0	0	0	0	0	578	9488	2746	12514	666	1664	172	3738	0	0	1458	16754	2200	16668	0	14230	0	13604	94	7556	0	2868	374	6220	0	7236	158	10276	0	620	0	0	0	1838	11766	0	350	7368	0	0	0	0	0	0	0	0	0	0	0	150	0	0	0	3626	0	0	122	4674	0	0	0	0	0	0	0	516	0	0	0	0	0	0	0	0	0	0	0	0	530	0	0	0	0	0	
230556	Paracentral_Lobule_L	12718	394	692	122	0	0	136	0	0	0	0	0	0	0	0	0	520	0	3220	6608	0	0	0	0	0	0	0	0	144	0	0	0	4528	6610	7594	486	380	280	160	344	0	0	1832	0	3982	0	272	0	2208	0	8146	0	520	0	1482	348	8898	3732	3162	0	3028	0	2638	0	2202	0	8174	350	0	7498	0	0	562	0	0	0	3582	0	0	0	1844	0	0	0	3986	0	0	0	1688	208	0	0	0	0	0	0	0	0	0	0	0	0	0	0	0	0	0	0	0	0	0	0	0	0	0	0	
300552	Paracentral_Lobule_R	6864	6816	1356	1026	0	0	1440	90	0	0	0	0	130	0	0	0	0	322	1528	28944	0	0	0	0	0	0	0	0	190	0	0	0	638	19806	974	4738	0	518	0	616	0	0	0	830	0	1774	0	920	0	3062	0	1620	0	296	0	936	248	25208	0	1284	0	1684	0	1766	0	2582	576	7368	7498	0	962	552	248	0	0	0	1930	794	0	0	0	2590	0	0	0	6768	0	0	0	2784	0	0	0	0	0	0	0	0	0	0	0	0	0	0	0	0	0	0	0	0	0	0	0	0	0	0	
278008	Caudate_L	2172	3240	7544	2126	2890	340	2674	1388	324	0	2612	796	4470	746	2610	112	1334	358	6678	2532	8086	7476	1198	0	556	406	5092	1992	7796	1260	7386	4728	94	574	0	0	284	160	114	110	0	0	0	0	0	0	0	0	0	0	0	0	0	0	0	0	288	1176	0	0	0	0	0	108	0	0	0	0	0	962	0	8562	23518	2390	2976	0	5478	190	158	90	542	0	160	0	148	0	0	0	0	0	0	0	0	0	0	0	0	0	0	0	0	0	0	0	0	0	0	0	0	0	0	0	0	0	0	0	
303300	Caudate_R	1412	1142	1424	16112	356	3022	1410	402	0	0	656	2058	772	1786	248	378	162	880	932	20266	2488	5888	230	830	94	1804	1038	4630	1240	3466	3058	22606	0	116	0	0	168	1776	0	1136	0	0	0	0	0	0	0	0	0	0	0	0	0	0	0	0	106	132	0	0	0	0	0	0	0	0	0	0	0	552	8562	0	4454	12700	142	2260	326	18230	0	0	0	0	0	200	0	0	0	0	0	0	0	0	0	0	0	0	0	0	0	0	0	0	0	0	0	0	0	0	0	0	0	0	0	0	0	0	
397460	Putamen_L	4666	3706	25756	2658	5718	0	3466	2244	1518	0	628	386	4934	286	4132	0	220	346	20298	2090	2622	2670	2474	0	2242	144	1836	234	28016	582	8790	1664	186	212	0	0	10052	206	1856	112	1872	0	0	0	0	0	0	0	0	0	0	0	0	0	1382	0	156	1050	0	0	0	0	0	110	0	0	0	0	562	248	23518	4454	0	1746	6812	0	3384	284	144	88	2390	0	1018	0	836	0	0	0	1726	0	0	0	0	0	0	0	0	0	0	0	0	0	0	0	0	0	0	0	0	0	0	0	0	0	0	0	
310388	Putamen_R	206	4756	834	16646	0	1746	164	6568	0	146	0	6346	0	950	0	624	0	3270	768	8960	394	1578	336	4474	0	2276	174	1854	88	20162	1190	13952	0	0	0	0	0	15472	0	5666	0	1374	0	0	0	0	0	0	0	0	0	0	0	0	0	6508	0	692	0	0	0	346	0	540	0	0	0	0	0	0	2390	12700	1746	0	0	2690	0	3282	0	150	0	758	0	302	0	146	0	0	0	1004	0	120	0	0	0	0	0	272	0	574	0	0	0	0	0	0	0	0	0	0	0	0	0	0	0	0	
50760	Pallidum_L	1156	1334	3458	296	0	0	772	860	0	0	0	0	90	0	0	0	98	0	3624	192	0	0	0	0	0	0	0	0	248	0	0	0	0	0	0	0	1196	0	0	0	0	0	0	0	0	0	0	0	0	0	0	0	0	0	0	0	152	124	0	0	0	0	0	0	0	0	0	0	0	0	2976	142	6812	0	0	0	1766	0	0	0	84	0	0	0	0	0	0	0	0	0	0	0	0	0	0	0	0	0	0	0	0	0	0	0	0	0	0	0	0	0	0	0	0	0	0	0	
34652	Pallidum_R	0	0	0	3202	0	0	0	98	0	0	0	190	0	0	0	0	0	0	0	3382	0	0	0	0	0	0	0	0	0	234	0	0	0	0	0	0	0	2092	0	1826	0	0	0	0	0	0	0	0	0	0	0	0	0	0	0	922	0	0	0	0	0	0	0	0	0	0	0	0	0	0	0	2260	0	2690	0	0	0	288	0	0	0	0	0	0	0	0	0	0	0	0	0	0	0	0	0	0	0	142	0	0	0	0	0	0	0	0	0	0	0	0	0	0	0	0	0	0	
119156	Thalamus_L	8598	348	7210	500	0	0	5540	116	0	0	128	0	598	0	0	0	0	0	2370	2382	0	0	162	0	0	0	0	0	1872	0	402	0	0	1878	0	0	3582	328	1310	274	0	0	0	0	0	0	688	0	0	0	0	0	0	0	956	0	1460	990	0	0	0	0	0	0	0	0	0	0	3582	1930	5478	326	3384	0	1766	0	0	1178	0	0	0	0	0	0	0	0	0	0	242	0	0	0	0	0	0	0	0	0	0	0	0	0	0	0	0	0	0	0	0	0	0	0	0	0	0	0	
134492	Thalamus_R	456	1684	392	12726	0	0	368	1270	0	0	0	548	0	0	0	0	0	264	0	10246	0	0	0	0	0	0	0	0	118	880	0	3266	0	102	0	0	240	5666	0	3600	0	0	0	0	0	0	0	212	0	0	0	0	0	0	0	454	0	152	0	0	0	0	0	0	0	0	0	0	0	794	190	18230	284	3282	0	288	1178	0	0	0	0	0	0	0	0	0	0	0	0	0	0	84	0	0	0	0	0	164	0	108	0	0	0	0	0	0	0	0	0	0	0	0	0	0	0	0	
100952	Heschl_L	7776	0	312	0	0	0	2744	0	0	0	1752	0	0	0	0	0	4500	0	182	0	0	0	0	0	0	0	0	0	10614	0	0	0	0	0	0	0	2142	0	112	0	0	0	0	0	0	0	0	0	0	0	690	0	894	0	1964	0	1774	0	0	0	84	0	236	0	0	0	114	0	0	0	158	0	144	0	0	0	0	0	0	0	5366	0	0	0	4024	0	0	0	4894	0	0	0	0	0	0	0	0	0	0	0	0	0	0	0	0	0	0	0	0	0	0	0	0	0	0	0	
33904	Heschl_R	0	642	0	442	0	0	0	414	0	0	0	456	0	0	0	0	0	2886	0	170	0	0	0	0	0	0	0	0	0	2580	0	0	0	0	0	0	0	982	0	678	0	0	0	0	0	0	0	0	0	0	0	0	0	342	0	866	0	236	0	0	0	240	0	284	0	0	0	0	0	0	90	0	88	150	0	0	0	0	0	0	0	4256	0	0	0	342	0	0	0	808	0	0	0	0	0	0	0	0	0	0	0	0	0	0	0	0	0	0	0	0	0	0	0	0	0	0	
338300	Temporal_Sup_L	5966	0	6354	176	0	0	1118	92	0	0	8100	0	628	0	0	0	15204	0	5684	116	0	0	0	0	0	0	0	0	16404	0	0	0	0	0	0	0	2546	0	350	0	184	0	0	0	110	0	0	0	682	0	6698	0	686	0	3780	0	6360	0	3754	0	3050	0	5948	0	2150	0	1622	0	1844	0	542	0	2390	0	84	0	0	0	5366	0	0	0	3952	0	35980	0	102	0	21128	0	0	0	0	0	0	0	0	0	0	0	0	0	0	0	0	0	0	0	0	0	0	0	0	0	0	0	
135116	Temporal_Sup_R	0	334	0	480	0	0	0	474	0	0	0	232	0	0	0	0	0	2426	0	632	0	0	0	0	0	0	0	0	0	5448	0	0	0	212	0	0	0	2210	0	1132	0	0	0	0	0	0	0	0	0	196	0	348	0	614	0	4798	0	2270	0	198	0	1062	0	4224	0	3084	0	150	0	2590	0	0	0	758	0	0	0	0	0	4256	0	0	0	1358	0	19902	0	450	0	7720	0	0	0	0	0	0	0	0	0	0	0	0	0	0	0	0	0	0	0	0	0	0	0	0	0	0	
118772	Temporal_Pole_Sup_L	0	0	1228	0	958	0	0	0	474	0	1318	0	922	0	2890	0	1192	0	400	0	1070	0	86	0	0	0	0	0	5600	0	144	0	0	0	0	0	2154	0	624	0	1056	0	0	0	0	0	0	0	0	0	0	0	0	0	4670	0	0	0	0	0	0	0	0	0	0	0	0	0	0	0	160	0	1018	0	0	0	0	0	0	0	3952	0	0	0	11244	0	7224	0	11002	0	0	0	0	0	0	0	0	0	0	0	0	0	0	0	0	0	0	0	0	0	0	0	0	0	0	0	
60000	Temporal_Pole_Sup_R	0	0	0	94	0	0	0	0	0	0	0	864	0	0	0	0	0	864	0	570	0	0	0	0	0	0	0	0	0	864	0	0	0	0	0	0	0	714	0	3272	0	2258	0	0	0	0	0	0	0	0	0	0	0	0	0	6118	0	0	0	0	0	0	0	0	0	0	0	0	0	0	0	200	0	302	0	0	0	0	0	0	0	1358	0	0	0	3286	0	5532	0	3704	0	0	0	0	0	0	0	0	0	0	0	0	0	0	0	0	0	0	0	0	0	0	0	0	0	0	
482328	Temporal_Mid_L	2558	0	2038	96	0	0	294	0	0	0	2728	0	250	0	0	0	6616	0	1832	100	0	0	0	0	0	0	0	0	7040	0	0	0	96	0	738	0	1086	0	0	0	0	0	4524	0	3122	0	656	0	1398	0	39434	0	3854	0	4728	0	4386	0	5268	0	7842	0	6396	0	13934	0	5398	0	3986	0	148	0	836	0	0	0	0	0	4024	0	35980	0	11244	0	0	0	5206	0	53328	0	0	0	0	0	0	0	0	0	0	0	0	0	0	0	0	0	0	0	0	0	0	0	0	0	0	0	
254552	Temporal_Mid_R	122	304	0	0	0	0	0	0	0	0	0	0	0	0	0	0	0	192	0	1464	0	0	0	0	0	0	0	0	0	1228	0	0	0	550	0	520	0	356	0	236	0	0	0	3316	0	2190	0	652	0	6744	0	15948	0	2276	0	2676	0	4622	0	284	0	3662	0	3418	0	14350	0	3626	0	6768	0	0	0	146	0	0	0	0	0	342	0	19902	0	3286	0	0	0	3056	0	25040	0	0	0	0	0	0	0	0	0	0	0	0	0	0	0	0	0	0	0	0	0	0	0	0	0	0	
45936	Temporal_Pole_Mid_L	0	0	0	0	0	0	0	0	0	0	0	0	0	0	0	0	0	0	0	0	0	0	0	0	0	0	0	0	558	0	0	0	0	0	0	0	742	0	818	0	566	0	0	0	0	0	0	0	0	0	0	0	0	0	2266	0	0	0	0	0	0	0	0	0	0	0	0	0	0	0	0	0	0	0	0	0	0	0	0	0	102	0	7224	0	5206	0	0	0	5486	0	0	0	0	0	0	0	0	0	0	0	0	0	0	0	0	0	0	0	0	0	0	0	0	0	0	0	
35448	Temporal_Pole_Mid_R	0	0	0	0	0	0	0	0	0	0	0	0	0	0	0	0	0	0	0	0	0	0	0	0	0	0	0	0	0	0	0	0	0	0	0	0	0	370	0	2240	0	736	0	0	0	0	0	0	0	0	0	0	0	0	0	2542	0	0	0	0	0	0	0	0	0	0	0	0	0	0	0	0	0	0	0	0	0	0	0	0	0	450	0	5532	0	3056	0	0	0	2798	0	0	0	0	0	0	0	0	0	0	0	0	0	0	0	0	0	0	0	0	0	0	0	0	0	0	
395756	Temporal_Inf_L	3926	0	2238	0	0	0	748	0	0	0	278	0	0	0	0	0	2000	0	1746	0	0	0	0	0	0	0	0	0	6518	0	0	0	0	0	984	126	7216	0	328	0	652	0	554	0	604	0	240	0	562	0	12324	0	4890	0	23184	0	1330	0	1046	0	4168	0	3502	0	8368	0	1510	122	1688	0	0	0	1726	0	0	0	242	0	4894	0	21128	0	11002	0	53328	0	5486	0	0	0	4566	0	178	0	124	0	972	0	3062	0	124	0	194	0	0	0	0	0	0	0	0	0	0	0	0	0	
237728	Temporal_Inf_R	0	2940	0	876	0	0	0	1344	0	0	0	0	0	0	0	0	0	0	0	1226	0	0	0	0	0	0	0	0	0	2508	0	0	0	292	930	3192	0	5110	0	6210	0	250	252	2922	0	222	0	2340	0	2300	0	2656	0	6032	92	22908	0	1278	0	144	0	912	0	180	0	1422	574	4674	208	2784	0	0	0	1004	0	0	0	0	0	808	0	7720	0	3704	0	25040	0	2798	0	0	0	1012	0	0	0	0	0	0	0	0	0	0	0	0	0	0	0	0	0	0	0	0	0	0	0	0	
399048	Cerebelum_Crus1_L	0	0	0	0	0	0	0	0	0	0	0	0	0	0	0	0	0	0	0	0	0	0	0	0	0	0	0	0	0	0	0	0	0	0	0	0	864	0	338	0	0	0	0	0	0	0	8236	3240	0	0	0	0	706	124	20946	576	0	0	0	0	0	0	0	0	0	0	0	0	0	0	0	0	0	0	0	0	0	0	0	0	0	0	0	0	0	0	0	0	4566	0	0	3278	26268	2992	2470	166	20932	874	52762	3004	11242	194	13330	574	2948	286	0	0	368	654	6184	5600	4970	486	346	0	
427096	Cerebelum_Crus1_R	0	0	0	0	0	0	0	0	0	0	0	0	0	0	0	0	0	0	0	0	0	0	0	0	0	0	0	0	0	98	0	0	0	0	0	0	0	620	0	788	0	0	0	0	0	0	2932	5330	0	0	0	0	0	186	1076	10154	0	0	0	0	0	0	0	0	0	0	0	0	0	0	0	0	0	120	0	0	0	84	0	0	0	0	0	0	0	0	0	0	0	1012	3278	0	2146	26756	0	2096	5732	24518	4814	49586	96	6658	348	14498	404	976	0	0	192	3090	19732	10694	9518	2504	1402	2110	
328556	Cerebelum_Crus2_L	0	0	0	0	0	0	0	0	0	0	0	0	0	0	0	0	0	0	0	0	0	0	0	0	0	0	0	0	0	0	0	0	0	0	0	0	88	0	0	0	0	0	0	0	0	0	1764	950	0	0	0	0	0	0	992	0	0	0	0	0	0	0	0	0	0	0	0	0	0	0	0	0	0	0	0	0	0	0	0	0	0	0	0	0	0	0	0	0	178	0	26268	2146	0	9788	776	0	1640	162	4496	1086	41832	3056	36846	3170	7918	1368	212	172	0	100	710	2078	9154	5162	1790	376	
370588	Cerebelum_Crus2_R	0	0	0	0	0	0	0	0	0	0	0	0	0	0	0	0	0	0	0	0	0	0	0	0	0	0	0	0	0	0	0	0	0	0	0	0	0	0	0	130	0	0	0	0	0	0	624	496	0	0	0	0	0	0	224	242	0	0	0	0	0	0	0	0	0	0	0	0	0	0	0	0	0	0	0	0	0	0	0	0	0	0	0	0	0	0	0	0	0	0	2992	26756	9788	0	706	960	1440	2102	1504	7426	3260	35080	5544	41342	2646	9714	192	314	0	724	2312	2134	13252	8850	3066	1474	
51912	Cerebelum_3_L	0	0	0	0	0	0	0	0	0	0	0	0	0	0	0	0	0	0	0	0	0	0	0	0	0	0	0	0	0	0	0	0	0	0	0	0	116	0	214	0	0	0	0	0	0	0	152	162	0	0	0	0	116	0	454	106	0	0	0	0	0	0	0	0	0	0	0	0	0	0	0	0	0	0	0	0	0	0	0	0	0	0	0	0	0	0	0	0	124	0	2470	0	776	706	0	0	5092	0	3008	160	458	200	1444	466	3094	392	118	98	986	1874	1062	194	788	582	416	128	
54376	Cerebelum_3_R	0	0	0	0	0	0	0	0	0	0	0	0	0	0	0	0	0	0	0	0	0	0	0	0	0	0	0	0	0	0	0	0	0	0	0	0	0	0	0	532	0	0	0	0	0	0	0	216	0	0	0	0	0	0	0	284	0	0	0	0	0	0	0	0	0	0	0	0	0	0	0	0	0	0	0	0	0	0	0	0	0	0	0	0	0	0	0	0	0	0	166	2096	0	960	0	0	498	5304	214	5220	0	252	0	1772	0	700	0	0	188	4724	2262	0	294	662	736	108	
316832	Cerebelum_4_5_L	0	0	0	0	0	0	0	0	0	0	0	0	0	0	0	0	0	0	0	0	0	0	0	0	0	0	0	0	0	0	0	0	0	0	126	0	1644	0	1660	0	0	0	142	0	90	0	12514	1772	0	0	154	0	1368	532	13914	1366	0	0	0	0	0	0	0	0	0	0	178	0	0	0	0	0	0	0	0	0	0	0	0	0	0	0	0	0	0	0	0	0	972	0	20932	5732	1640	1440	5092	498	0	5420	36148	7466	1646	310	3146	1342	3824	480	94	0	2020	2878	15514	2314	976	1320	788	964	
276984	Cerebelum_4_5_R	0	0	0	0	0	0	0	0	0	0	0	0	0	0	0	0	0	0	0	0	0	0	0	0	0	0	0	0	0	0	0	0	0	0	0	176	0	1400	0	3478	0	0	0	0	0	0	1568	8382	0	0	0	0	0	1308	988	9118	0	0	0	0	0	0	0	0	0	0	0	516	0	0	0	0	0	272	0	142	0	164	0	0	0	0	0	0	0	0	0	0	0	0	874	24518	162	2102	0	5304	5420	0	2804	35784	0	394	0	3360	256	296	0	0	0	5182	20546	1422	888	748	502	418	
443148	Cerebelum_6_L	128	0	0	0	0	0	0	0	0	0	0	0	0	0	0	0	0	0	0	0	0	0	0	0	0	0	0	0	0	0	0	0	0	0	220	0	1830	0	1418	0	0	0	180	0	90	0	17052	5608	0	0	224	0	2962	458	31630	1566	0	0	0	0	0	0	0	0	0	0	160	0	0	0	0	0	0	0	0	0	0	0	0	0	0	0	0	0	0	0	0	0	3062	0	52762	4814	4496	1504	3008	214	36148	2804	0	6472	2976	230	4112	830	4206	288	0	0	708	976	15040	9204	2972	648	430	144	
451956	Cerebelum_6_R	0	0	0	0	0	0	0	90	0	0	0	0	0	0	0	0	0	0	0	0	0	0	0	0	0	0	0	0	0	164	0	0	0	0	0	0	0	1404	0	1844	0	0	0	0	0	0	3710	11550	0	0	0	0	0	1816	1394	16718	0	0	0	0	0	0	0	0	0	0	0	0	0	0	0	0	0	574	0	0	0	108	0	0	0	0	0	0	0	0	0	0	0	0	3004	49586	1086	7426	160	5220	7466	35784	6472	0	0	680	338	6508	670	1188	0	0	204	5368	27680	14312	7006	2646	1440	2362	
264088	Cerebelum_7b_L	0	0	0	0	0	0	0	0	0	0	0	0	0	0	0	0	0	0	0	0	0	0	0	0	0	0	0	0	0	0	0	0	0	0	0	0	130	0	112	0	0	0	0	0	0	0	134	0	0	0	0	0	0	0	530	0	0	0	0	0	0	0	0	0	0	0	0	0	0	0	0	0	0	0	0	0	0	0	0	0	0	0	0	0	0	0	0	0	124	0	11242	96	41832	3260	458	0	1646	0	2976	0	0	3142	43132	2340	10902	832	544	0	0	0	0	0	2362	4824	1224	202	
228184	Cerebelum_7b_R	0	0	0	0	0	0	0	0	0	0	0	0	0	0	0	0	0	0	0	0	0	0	0	0	0	0	0	0	0	0	0	0	0	0	0	0	0	0	0	0	0	0	0	0	0	0	0	0	0	0	0	0	0	0	0	0	0	0	0	0	0	0	0	0	0	0	0	0	0	0	0	0	0	0	0	0	0	0	0	0	0	0	0	0	0	0	0	0	0	0	194	6658	3056	35080	200	252	310	394	230	680	3142	0	4812	34116	1108	8700	0	158	0	148	414	0	3782	8438	1720	500	
339536	Cerebelum_8_L	0	0	0	0	0	0	0	0	0	0	0	0	0	0	0	0	0	0	0	0	0	0	0	0	0	0	0	0	0	0	0	0	0	0	0	0	192	0	192	0	0	0	0	0	0	0	170	0	0	0	0	0	0	0	860	0	0	0	0	0	0	0	0	0	0	0	0	0	0	0	0	0	0	0	0	0	0	0	0	0	0	0	0	0	0	0	0	0	194	0	13330	348	36846	5544	1444	0	3146	0	4112	338	43132	4812	0	6304	23860	2746	2476	184	0	136	300	268	4580	9048	4030	1176	
335444	Cerebelum_8_R	0	0	0	0	0	0	0	0	0	0	0	0	0	0	0	0	0	0	0	0	0	0	0	0	0	0	0	0	0	0	0	0	0	0	0	0	0	0	0	308	0	0	0	0	0	0	120	164	0	0	0	0	0	0	162	280	0	0	0	0	0	0	0	0	0	0	0	0	0	0	0	0	0	0	0	0	0	0	0	0	0	0	0	0	0	0	0	0	0	0	574	14498	3170	41342	466	1772	1342	3360	830	6508	2340	34116	6304	0	2828	16606	194	592	0	990	1940	1010	6646	11288	5594	2378	
165820	Cerebelum_9_L	0	0	0	0	0	0	0	0	0	0	0	0	0	0	0	0	0	0	0	0	0	0	0	0	0	0	0	0	0	0	0	0	0	0	0	0	214	0	308	0	0	0	0	0	0	0	0	256	0	0	0	0	132	132	744	280	0	0	0	0	0	0	0	0	0	0	0	0	0	0	0	0	0	0	0	0	0	0	0	0	0	0	0	0	0	0	0	0	0	0	2948	404	7918	2646	3094	0	3824	256	4206	670	10902	1108	23860	2828	0	2604	3624	112	0	102	886	644	2792	2458	2120	838	
147264	Cerebelum_9_R	0	0	0	0	0	0	0	0	0	0	0	0	0	0	0	0	0	0	0	0	0	0	0	0	0	0	0	0	0	0	0	0	0	0	0	0	0	0	0	94	0	0	0	0	0	0	0	0	0	0	0	0	0	0	0	0	0	0	0	0	0	0	0	0	0	0	0	0	0	0	0	0	0	0	0	0	0	0	0	0	0	0	0	0	0	0	0	0	0	0	286	976	1368	9714	392	700	480	296	288	1188	832	8700	2746	16606	2604	0	0	2776	364	1464	1042	288	2162	7334	8380	2552	
15816	Cerebelum_10_L	0	0	0	0	0	0	0	0	0	0	0	0	0	0	0	0	0	0	0	0	0	0	0	0	0	0	0	0	0	0	0	0	0	0	0	0	0	0	0	0	0	0	0	0	0	0	0	0	0	0	0	0	0	0	0	0	0	0	0	0	0	0	0	0	0	0	0	0	0	0	0	0	0	0	0	0	0	0	0	0	0	0	0	0	0	0	0	0	0	0	0	0	212	192	118	0	94	0	0	0	544	0	2476	194	3624	0	0	0	0	0	0	0	194	132	128	0	
12040	Cerebelum_10_R	0	0	0	0	0	0	0	0	0	0	0	0	0	0	0	0	0	0	0	0	0	0	0	0	0	0	0	0	0	0	0	0	0	0	0	0	0	0	0	0	0	0	0	0	0	0	0	0	0	0	0	0	0	0	0	0	0	0	0	0	0	0	0	0	0	0	0	0	0	0	0	0	0	0	0	0	0	0	0	0	0	0	0	0	0	0	0	0	0	0	0	0	172	314	98	0	0	0	0	0	0	158	184	592	112	2776	0	0	0	0	0	0	206	646	672	90	
25408	Vermis_1_2	0	0	0	0	0	0	0	0	0	0	0	0	0	0	0	0	0	0	0	0	0	0	0	0	0	0	0	0	0	0	0	0	0	0	0	0	0	0	0	0	0	0	0	0	0	0	0	0	0	0	0	0	0	0	0	0	0	0	0	0	0	0	0	0	0	0	0	0	0	0	0	0	0	0	0	0	0	0	0	0	0	0	0	0	0	0	0	0	0	0	368	192	0	0	986	188	2020	0	708	204	0	0	0	0	0	364	0	0	0	4144	2528	194	0	346	374	88	
85684	Vermis_3	0	0	0	0	0	0	0	0	0	0	0	0	0	0	0	0	0	0	0	0	0	0	0	0	0	0	0	0	0	0	0	0	0	0	0	0	0	0	0	104	0	0	0	0	0	0	90	90	0	0	0	0	0	0	0	0	0	0	0	0	0	0	0	0	0	0	0	0	0	0	0	0	0	0	0	0	0	0	0	0	0	0	0	0	0	0	0	0	0	0	654	3090	100	724	1874	4724	2878	5182	976	5368	0	148	136	990	102	1464	0	0	4144	0	6918	104	416	1248	1318	0	
357104	Vermis_4_5	0	0	0	0	0	0	0	0	0	0	0	0	0	0	0	0	0	0	0	0	0	0	0	0	0	0	0	0	0	0	0	0	0	0	0	538	0	302	0	274	0	0	0	0	0	0	5682	12528	0	0	0	0	676	1786	4482	6660	0	0	0	0	0	0	0	0	0	0	0	530	0	0	0	0	0	0	0	0	0	0	0	0	0	0	0	0	0	0	0	0	0	0	6184	19732	710	2312	1062	2262	15514	20546	15040	27680	0	414	300	1940	886	1042	0	0	2528	6918	0	12592	2298	2126	1488	1520	
