data	data	472296	281464	786320	796664	172152	124192	444936	303768	98236	18180	161776	216356	249616	168872	230424	105644	149676	194236	550548	658556	85188	75728	271512	358560	43192	178704	50564	87536	528568	479204	342676	549340	214332	455928	147316	178996	309972	365072	95988	271348	36004	42404	328984	283840	222956	438736	313336	267192	183368	383928	482048	250560	142520	97128	392212	422956	251028	268792	141860	138884	261320	114916	111740	111552	172616	135236	365764	498684	157972	146960	206692	390852	354356	310540	63680	27040	149280	154924	76844	39512	210324	134876	109536	76264	350780	212672	41160	42004	296692	205044	495080	431980	332408	350520	48964	96824	295936	243780	477492	490416	271220	162820	379140	261352	170480	151176	46672	10368	36292	94444	249972	254956	218736	123820	115540	26944	
data	data	Precentral_L	Precentral_R	Frontal_Sup_L	Frontal_Sup_R	Frontal_Sup_Orb_L	Frontal_Sup_Orb_R	Frontal_Mid_L	Frontal_Mid_R	Frontal_Mid_Orb_L	Frontal_Mid_Orb_R	Frontal_Inf_Oper_L	Frontal_Inf_Oper_R	Frontal_Inf_Tri_L	Frontal_Inf_Tri_R	Frontal_Inf_Orb_L	Frontal_Inf_Orb_R	Rolandic_Oper_L	Rolandic_Oper_R	Supp_Motor_Area_L	Supp_Motor_Area_R	Olfactory_L	Olfactory_R	Frontal_Sup_Medial_L	Frontal_Sup_Medial_R	Frontal_Med_Orb_L	Frontal_Med_Orb_R	Rectus_L	Rectus_R	Insula_L	Insula_R	Cingulum_Ant_L	Cingulum_Ant_R	Cingulum_Mid_L	Cingulum_Mid_R	Cingulum_Post_L	Cingulum_Post_R	Hippocampus_L	Hippocampus_R	ParaHippocampal_L	ParaHippocampal_R	Amygdala_L	Amygdala_R	Calcarine_L	Calcarine_R	Cuneus_L	Cuneus_R	Lingual_L	Lingual_R	Occipital_Sup_L	Occipital_Sup_R	Occipital_Mid_L	Occipital_Mid_R	Occipital_Inf_L	Occipital_Inf_R	Fusiform_L	Fusiform_R	Postcentral_L	Postcentral_R	Parietal_Sup_L	Parietal_Sup_R	Parietal_Inf_L	Parietal_Inf_R	SupraMarginal_L	SupraMarginal_R	Angular_L	Angular_R	Precuneus_L	Precuneus_R	Paracentral_Lobule_L	Paracentral_Lobule_R	Caudate_L	Caudate_R	Putamen_L	Putamen_R	Pallidum_L	Pallidum_R	Thalamus_L	Thalamus_R	Heschl_L	Heschl_R	Temporal_Sup_L	Temporal_Sup_R	Temporal_Pole_Sup_L	Temporal_Pole_Sup_R	Temporal_Mid_L	Temporal_Mid_R	Temporal_Pole_Mid_L	Temporal_Pole_Mid_R	Temporal_Inf_L	Temporal_Inf_R	Cerebelum_Crus1_L	Cerebelum_Crus1_R	Cerebelum_Crus2_L	Cerebelum_Crus2_R	Cerebelum_3_L	Cerebelum_3_R	Cerebelum_4_5_L	Cerebelum_4_5_R	Cerebelum_6_L	Cerebelum_6_R	Cerebelum_7b_L	Cerebelum_7b_R	Cerebelum_8_L	Cerebelum_8_R	Cerebelum_9_L	Cerebelum_9_R	Cerebelum_10_L	Cerebelum_10_R	Vermis_1_2	Vermis_3	Vermis_4_5	Vermis_6	Vermis_7	Vermis_8	Vermis_9	Vermis_10	
472296	Precentral_L	0	1898	13710	3024	0	0	16058	542	0	0	12284	106	2094	0	238	0	6996	202	13244	3432	0	0	300	84	0	0	0	0	10784	638	654	316	2446	466	8642	2306	12306	2106	198	186	0	0	3228	0	1500	0	1442	0	176	0	2516	0	0	0	784	0	33850	108	1686	0	7856	0	2134	0	778	0	5920	496	13164	286	4484	1882	11716	588	2958	0	14600	2000	3892	70	1056	0	262	0	640	0	0	0	816	0	0	0	0	0	0	0	0	0	0	0	0	0	0	0	0	0	0	0	0	0	0	0	0	0	0	0	
281464	Precentral_R	1898	0	544	8988	0	0	220	8302	0	0	0	5988	0	0	0	0	0	6628	1540	8214	0	0	0	0	0	0	0	0	0	6712	0	228	296	3084	526	3878	72	7006	0	3710	0	0	0	1230	0	3954	0	478	0	4590	176	1542	0	630	0	3472	134	21002	210	1812	0	1808	0	2646	0	1468	172	4834	2030	3554	1590	2876	158	2728	176	346	1202	4136	0	164	0	926	0	0	0	1490	0	0	0	888	0	0	0	0	0	0	0	164	0	0	0	0	0	0	0	0	0	0	0	0	312	0	0	0	0	0	
786320	Frontal_Sup_L	13710	544	0	9324	11892	0	63776	534	3188	0	6448	930	17096	150	12126	0	2524	66	53554	11220	0	0	32802	6736	738	80	0	0	30340	1276	19850	4068	7562	5988	0	0	5324	66	446	0	0	0	0	0	0	0	64	0	0	0	0	0	0	0	1058	0	542	0	0	0	0	0	0	0	0	0	0	0	4118	118	15450	7248	24936	664	7196	0	4228	884	66	0	1472	0	1596	0	270	0	0	0	892	0	0	0	0	0	0	0	0	0	0	0	0	0	0	0	0	0	0	0	0	0	0	0	0	0	0	0	
796664	Frontal_Sup_R	3024	8988	9324	0	0	4952	694	49974	0	0	94	12862	0	14658	0	6126	0	7700	16644	53512	0	0	5392	32156	810	10252	0	812	94	23600	4698	37840	1052	18980	140	786	0	6824	0	3234	0	78	0	0	0	0	0	72	0	0	0	0	0	0	0	772	0	204	0	0	0	0	0	0	0	0	0	224	2954	1120	2632	27340	382	15426	0	1496	726	9530	0	0	0	0	0	84	0	0	0	0	0	0	0	0	0	0	0	0	0	0	0	70	0	0	0	0	0	0	0	0	0	0	0	0	0	0	0	0	
172152	Frontal_Sup_Orb_L	0	0	11892	0	0	0	3286	0	14188	0	0	0	2438	0	17514	0	0	0	778	0	3514	0	3190	0	2794	106	5378	0	11062	0	4340	0	0	0	0	0	146	0	144	0	714	0	0	0	0	0	0	0	0	0	0	0	0	0	0	0	0	0	0	0	0	0	0	0	0	0	0	0	0	0	662	0	1714	0	0	0	0	0	0	0	98	0	2118	0	0	0	0	0	0	0	0	0	0	0	0	0	0	0	0	0	0	0	0	0	0	0	0	0	0	0	0	0	0	0	0	0	
124192	Frontal_Sup_Orb_R	0	0	0	4952	0	0	0	240	0	3504	0	258	0	1122	0	3612	0	0	0	462	402	2108	0	6452	740	12496	220	9230	0	2844	342	4980	0	68	0	0	0	66	0	0	0	114	0	0	0	0	0	0	0	0	0	0	0	0	0	0	0	0	0	0	0	0	0	0	0	0	0	0	0	0	520	3888	354	3122	0	0	0	0	0	0	0	0	0	0	0	0	0	0	0	0	0	0	0	0	0	0	0	0	0	0	0	0	0	0	0	0	0	0	0	0	0	0	0	0	0	0	
444936	Frontal_Mid_L	16058	220	63776	694	3286	0	0	0	4852	0	9536	0	32458	0	14046	0	820	0	7564	654	0	0	8894	1236	0	0	0	0	16350	0	9566	1358	5066	1930	102	0	3194	0	172	0	0	0	0	0	0	0	140	0	0	0	0	0	0	0	194	0	1268	0	0	0	206	0	0	0	0	0	168	0	384	0	2670	1282	7572	0	3018	0	2984	194	148	0	128	0	208	0	0	0	0	0	72	0	0	0	0	0	0	0	0	0	0	0	0	0	0	0	0	0	0	0	0	0	0	0	0	0	0	0	
303768	Frontal_Mid_R	542	8302	534	49974	0	240	0	0	0	280	0	7890	0	14360	0	3922	0	6136	1400	2058	0	0	398	3512	0	456	0	0	0	11412	0	2694	106	2036	72	582	0	5218	0	2232	0	70	0	0	0	0	0	74	0	0	0	0	0	0	0	480	0	440	0	0	0	0	0	0	0	0	0	158	302	0	186	7506	0	9230	0	1664	414	7004	0	0	0	0	0	0	0	0	0	0	0	0	0	0	0	0	0	0	0	0	0	0	0	0	0	0	0	0	0	0	0	0	0	0	0	0	0	0	
98236	Frontal_Mid_Orb_L	0	0	3188	0	14188	0	4852	0	0	0	0	0	2930	0	15354	0	0	0	0	0	684	0	0	0	288	0	2558	0	3472	0	858	0	0	0	0	0	0	0	0	0	82	0	0	0	0	0	0	0	0	0	0	0	0	0	0	0	0	0	0	0	0	0	0	0	0	0	0	0	0	0	120	0	0	0	0	0	0	0	0	0	0	0	544	0	0	0	0	0	0	0	0	0	0	0	0	0	0	0	0	0	0	0	0	0	0	0	0	0	0	0	0	0	0	0	0	0	
18180	Frontal_Mid_Orb_R	0	0	0	0	0	3504	0	280	0	0	0	0	0	96	0	4654	0	0	0	0	0	0	0	0	0	70	0	486	0	0	0	0	0	0	0	0	0	0	0	0	0	0	0	0	0	0	0	0	0	0	0	0	0	0	0	0	0	0	0	0	0	0	0	0	0	0	0	0	0	0	0	0	0	0	0	0	0	0	0	0	0	0	0	0	0	0	0	0	0	0	0	0	0	0	0	0	0	0	0	0	0	0	0	0	0	0	0	0	0	0	0	0	0	0	0	0	
161776	Frontal_Inf_Oper_L	12284	0	6448	94	0	0	9536	0	0	0	0	0	9816	0	502	0	6846	0	4784	96	0	0	370	0	0	0	0	0	11714	0	786	184	0	0	0	0	2194	0	276	0	0	0	0	0	0	0	0	0	0	0	0	0	0	0	292	0	5638	0	0	0	176	0	0	0	0	0	78	0	0	0	1064	1300	2028	0	152	0	74	108	1314	0	1142	0	1592	0	0	0	0	0	0	0	0	0	0	0	0	0	0	0	0	0	0	0	0	0	0	0	0	0	0	0	0	0	0	0	0	0	
216356	Frontal_Inf_Oper_R	106	5988	930	12862	0	258	0	7890	0	0	0	0	0	9976	0	206	0	13812	1874	7582	0	0	86	708	0	376	0	0	0	21852	742	7006	106	3974	70	218	0	2188	0	684	0	0	0	0	0	0	0	0	0	0	0	0	0	0	0	170	0	2446	0	0	0	0	0	74	0	0	0	120	0	0	256	1004	0	3924	0	114	80	430	0	0	0	0	0	66	0	0	0	0	0	0	0	0	0	0	0	0	0	0	0	0	0	0	0	0	0	0	0	0	0	0	0	0	0	0	0	0	
249616	Frontal_Inf_Tri_L	2094	0	17096	0	2438	0	32458	0	2930	0	9816	0	0	0	21400	0	1228	0	1652	0	0	0	778	0	0	0	0	0	23810	0	4386	222	700	194	0	0	744	0	152	0	0	0	0	0	0	0	0	0	0	0	0	0	0	0	234	0	0	0	0	0	0	0	0	0	0	0	0	0	0	0	420	316	1202	0	0	0	0	0	0	0	0	0	446	0	0	0	0	0	92	0	0	0	0	0	0	0	0	0	0	0	0	0	0	0	0	0	0	0	0	0	0	0	0	0	0	0	
168872	Frontal_Inf_Tri_R	0	0	150	14658	0	1122	0	14360	0	96	0	9976	0	0	0	7788	0	820	354	2602	0	0	0	2412	0	1916	0	0	0	15882	272	7492	0	1624	0	0	0	316	0	194	0	0	0	0	0	0	0	0	0	0	0	0	0	0	0	0	0	0	0	0	0	0	0	0	0	0	0	0	0	0	0	1874	0	528	0	0	0	0	0	0	0	0	0	0	0	0	0	0	0	0	0	0	0	0	0	0	0	0	0	0	0	0	0	0	0	0	0	0	0	0	0	0	0	0	0	0	
230424	Frontal_Inf_Orb_L	238	0	12126	0	17514	0	14046	0	15354	0	502	0	21400	0	0	0	102	0	290	0	2742	0	236	0	134	0	1470	0	19122	0	3760	0	214	0	0	0	298	0	0	0	502	0	0	0	0	0	0	0	0	0	0	0	0	0	108	0	0	0	0	0	0	0	0	0	0	0	0	0	0	0	336	0	514	0	0	0	0	0	0	0	0	0	4050	0	72	0	0	0	82	0	0	0	0	0	0	0	0	0	0	0	0	0	0	0	0	0	0	0	0	0	0	0	0	0	0	0	
105644	Frontal_Inf_Orb_R	0	0	0	6126	0	3612	0	3922	0	4654	0	206	0	7788	0	0	0	0	0	248	0	830	0	1928	148	822	0	1718	0	15386	0	1978	0	288	0	0	0	130	0	82	0	116	0	0	0	0	0	0	0	0	0	0	0	0	0	0	0	0	0	0	0	0	0	0	0	0	0	0	0	0	0	686	0	2090	0	0	0	0	0	0	0	0	0	64	0	0	0	0	0	0	0	0	0	0	0	0	0	0	0	0	0	0	0	0	0	0	0	0	0	0	0	0	0	0	0	0	
149676	Rolandic_Oper_L	6996	0	2524	0	0	0	820	0	0	0	6846	0	1228	0	102	0	0	0	2230	0	0	0	0	0	0	0	0	0	11196	0	82	0	0	0	0	0	2868	0	230	0	0	0	80	0	0	0	0	0	90	0	2654	0	130	0	816	0	7210	0	252	0	3390	0	3830	0	2554	0	110	0	0	0	310	322	708	0	84	0	0	0	5414	0	6058	0	1458	0	2538	0	0	0	1708	0	0	0	0	0	0	0	0	0	0	0	0	0	0	0	0	0	0	0	0	0	0	0	0	0	0	0	
194236	Rolandic_Oper_R	202	6628	66	7700	0	0	0	6136	0	0	0	13812	0	820	0	0	0	0	238	2682	0	0	0	154	0	92	0	0	0	22360	228	1764	0	638	146	524	0	2540	0	808	0	0	0	526	0	1322	0	150	0	1590	0	1162	0	0	0	568	0	4712	0	674	0	224	0	2428	0	318	82	1912	0	202	0	316	0	3680	0	114	166	800	0	3030	0	4194	0	194	0	498	0	0	0	418	0	0	0	0	0	0	0	134	0	0	0	0	0	0	0	0	0	0	0	0	166	0	0	0	0	0	
550548	Supp_Motor_Area_L	13244	1540	53554	16644	778	0	7564	1400	0	0	4784	1874	1652	354	290	0	2230	238	0	41496	0	0	4640	4896	0	320	0	128	9118	2604	7394	7014	11040	16176	590	144	2222	334	308	216	0	0	0	0	0	0	0	0	0	0	0	0	0	0	872	0	418	0	0	0	0	0	0	0	0	0	108	0	12896	1898	9882	7262	15958	1452	3466	0	3008	132	0	0	1174	0	938	0	250	0	0	0	774	0	0	0	0	0	0	0	0	0	0	0	0	0	0	0	0	0	0	0	0	0	0	0	0	0	0	0	
658556	Supp_Motor_Area_R	3432	8214	11220	53512	0	462	654	2058	0	0	96	7582	0	2602	0	248	0	2682	41496	0	0	0	2200	10890	0	1932	0	436	96	8466	6240	24008	8226	47422	246	8856	82	4864	0	3870	0	0	0	676	0	280	0	828	0	100	0	0	0	0	0	756	0	3016	0	0	0	0	0	0	0	0	146	4176	6136	16914	4368	21066	662	3782	106	712	604	2530	0	0	0	0	0	0	0	0	0	0	0	0	0	0	0	0	0	0	0	0	0	0	0	0	0	0	0	0	0	0	0	0	328	0	0	0	0	0	
85188	Olfactory_L	0	0	0	0	3514	402	0	0	684	0	0	0	0	0	2742	0	0	0	0	0	0	5064	0	0	586	796	3364	1652	2836	0	2862	2096	0	0	0	0	0	0	266	0	1068	0	0	0	0	0	0	0	0	0	0	0	0	0	0	0	0	0	0	0	0	0	0	0	0	0	0	0	0	0	6426	2330	4196	76	0	0	0	0	0	0	0	0	1540	0	94	0	0	0	0	0	0	0	0	0	0	0	0	0	0	0	0	0	0	0	0	0	0	0	0	0	0	0	0	0	0	0	
75728	Olfactory_R	0	0	0	0	0	2108	0	0	0	0	0	0	0	0	0	830	0	0	0	0	5064	0	0	0	90	1502	1188	4496	0	1710	1480	2740	0	0	0	0	0	0	0	0	0	432	0	0	0	0	0	0	0	0	0	0	0	0	0	0	0	0	0	0	0	0	0	0	0	0	0	0	0	0	6594	5192	3996	314	0	128	0	0	0	0	0	0	0	0	0	0	0	0	0	0	0	0	0	0	0	0	0	0	0	0	0	0	0	0	0	0	0	0	0	0	0	0	0	0	0	0	
271512	Frontal_Sup_Medial_L	300	0	32802	5392	3190	0	8894	398	0	0	370	86	778	0	236	0	0	0	4640	2200	0	0	0	20690	1690	226	0	0	3946	112	18124	11222	4106	10722	0	0	1396	0	0	0	0	0	0	0	0	0	0	0	0	0	0	0	0	0	0	0	74	0	0	0	0	0	0	0	0	0	0	0	0	0	318	700	2708	192	78	0	0	0	0	0	166	0	0	0	0	0	0	0	0	0	0	0	0	0	0	0	0	0	0	0	0	0	0	0	0	0	0	0	0	0	0	0	0	0	0	0	
358560	Frontal_Sup_Medial_R	84	0	6736	32156	0	6452	1236	3512	0	0	0	708	0	2412	0	1928	0	154	4896	10890	0	0	20690	0	1786	13690	0	484	268	4946	6234	29646	1108	19154	0	0	112	180	0	122	0	0	0	0	0	0	0	0	0	0	0	0	0	0	0	64	0	0	0	0	0	0	0	0	0	0	0	0	0	0	0	4528	282	4822	0	0	0	0	0	0	0	0	0	0	0	0	0	0	0	0	0	0	0	0	0	0	0	0	0	0	0	0	0	0	0	0	0	0	0	0	0	0	0	0	0	0	
43192	Frontal_Med_Orb_L	0	0	738	810	2794	740	0	0	288	0	0	0	0	0	134	148	0	0	0	0	586	90	1690	1786	0	2606	2036	0	154	176	3928	898	0	0	0	0	0	0	0	0	0	0	0	0	0	0	0	0	0	0	0	0	0	0	0	0	0	0	0	0	0	0	0	0	0	0	0	0	0	0	938	0	988	68	0	0	0	0	0	0	0	0	0	0	0	0	0	0	0	0	0	0	0	0	0	0	0	0	0	0	0	0	0	0	0	0	0	0	0	0	0	0	0	0	0	0	
178704	Frontal_Med_Orb_R	0	0	80	10252	106	12496	0	456	0	70	0	376	0	1916	0	822	0	92	320	1932	796	1502	226	13690	2606	0	754	8216	0	3548	1818	14040	0	326	0	0	0	100	0	0	0	0	0	0	0	0	0	0	0	0	0	0	0	0	0	0	0	0	0	0	0	0	0	0	0	0	0	0	0	0	684	5880	382	5866	0	0	0	0	0	0	0	0	0	0	0	0	0	0	0	0	0	0	0	0	0	0	0	0	0	0	0	0	0	0	0	0	0	0	0	0	0	0	0	0	0	0	
50564	Rectus_L	0	0	0	0	5378	220	0	0	2558	0	0	0	0	0	1470	0	0	0	0	0	3364	1188	0	0	2036	754	0	1022	376	0	1546	648	0	0	0	0	0	0	0	0	74	0	0	0	0	0	0	0	0	0	0	0	0	0	0	0	0	0	0	0	0	0	0	0	0	0	0	0	0	0	2884	172	1428	0	0	0	0	0	0	0	0	0	164	0	0	0	0	0	0	0	0	0	0	0	0	0	0	0	0	0	0	0	0	0	0	0	0	0	0	0	0	0	0	0	0	0	
87536	Rectus_R	0	0	0	812	0	9230	0	0	0	486	0	0	0	0	0	1718	0	0	128	436	1652	4496	0	484	0	8216	1022	0	0	1458	148	4248	0	0	0	0	0	0	0	0	0	224	0	0	0	0	0	0	0	0	0	0	0	0	0	0	0	0	0	0	0	0	0	0	0	0	0	0	0	0	1772	4168	1216	1854	0	0	0	0	0	0	0	0	0	0	0	0	0	0	0	0	0	0	0	0	0	0	0	0	0	0	0	0	0	0	0	0	0	0	0	0	0	0	0	0	0	0	
528568	Insula_L	10784	0	30340	94	11062	0	16350	0	3472	0	11714	0	23810	0	19122	0	11196	0	9118	96	2836	0	3946	268	154	0	376	0	0	0	13646	488	1154	426	268	0	19772	0	1932	0	2744	0	146	0	0	0	208	0	0	0	174	0	0	0	6362	0	8052	0	0	0	620	0	276	0	148	0	416	0	0	0	620	312	21906	0	148	0	360	0	7684	0	6902	0	5834	0	2156	0	276	0	6164	0	0	0	0	0	0	0	0	0	352	0	0	0	0	0	0	0	0	0	0	0	0	0	0	0	0	0	
479204	Insula_R	638	6712	1276	23600	0	2844	0	11412	0	0	0	21852	0	15882	0	15386	0	22360	2604	8466	0	1710	112	4946	176	3548	0	1458	0	0	594	13654	128	4852	256	890	0	7816	0	3910	0	832	0	372	0	2708	0	264	0	3024	0	628	0	364	0	5400	0	3628	0	728	0	698	0	450	0	664	94	3190	218	106	412	5276	0	17508	0	178	344	1462	0	3190	0	4066	0	1270	0	1876	0	0	0	2628	0	78	0	0	0	0	0	238	0	382	0	0	0	0	0	0	0	0	0	0	244	0	0	0	0	0	
342676	Cingulum_Ant_L	654	0	19850	4698	4340	342	9566	0	858	0	786	742	4386	272	3760	0	82	228	7394	6240	2862	1480	18124	6234	3928	1818	1546	148	13646	594	0	18256	8250	7014	0	0	1348	368	164	208	276	0	0	0	0	0	0	0	0	0	0	0	0	0	66	0	110	0	0	0	0	0	0	0	0	0	0	0	72	0	3580	3364	10704	1484	150	0	150	72	0	0	158	0	966	0	0	0	0	0	0	0	0	0	0	0	0	0	0	0	0	0	0	0	0	0	0	0	0	0	0	0	0	0	0	0	0	0	
549340	Cingulum_Ant_R	316	228	4068	37840	0	4980	1358	2694	0	0	184	7006	222	7492	0	1978	0	1764	7014	24008	2096	2740	11222	29646	898	14040	648	4248	488	13654	18256	0	4594	23410	0	0	108	1870	0	1110	0	0	0	0	0	0	0	0	0	0	0	0	0	0	0	424	0	0	0	0	0	0	0	0	0	0	0	0	144	0	2700	25692	1802	13380	0	0	0	256	0	0	0	0	0	0	0	0	0	0	0	0	0	0	0	0	0	0	0	0	0	92	0	0	0	0	0	0	0	0	0	0	0	0	0	0	0	0	
214332	Cingulum_Mid_L	2446	296	7562	1052	0	0	5066	106	0	0	0	106	700	0	214	0	0	0	11040	8226	0	0	4106	1108	0	0	0	0	1154	128	8250	4594	0	13354	6114	254	258	68	0	0	0	0	2016	0	3178	222	242	0	1234	0	1988	0	0	0	384	0	946	74	2270	0	296	0	0	0	68	0	8366	702	6768	588	390	280	214	76	0	0	80	0	0	0	0	0	0	0	68	0	0	0	514	0	0	0	0	0	0	0	0	0	0	0	0	0	0	0	0	0	0	0	0	0	0	0	0	0	0	0	
455928	Cingulum_Mid_R	466	3084	5988	18980	0	68	1930	2036	0	0	0	3974	194	1624	0	288	0	638	16176	47422	0	0	10722	19154	0	326	0	0	426	4852	7014	23410	13354	0	724	8686	66	2302	0	1690	0	0	0	598	86	704	0	536	0	282	0	0	0	0	0	738	0	3144	0	0	0	0	0	0	0	0	206	7128	2546	12682	942	1192	78	940	0	202	120	0	0	0	0	0	0	0	0	0	0	0	0	0	0	0	0	0	0	0	0	0	0	0	0	0	0	0	0	0	0	0	0	0	246	0	0	0	0	0	
147316	Cingulum_Post_L	8642	526	0	140	0	0	102	72	0	0	0	70	0	0	0	0	0	146	590	246	0	0	0	0	0	0	0	0	268	256	0	0	6114	724	0	3016	5948	1564	1542	196	0	0	6276	82	3556	134	2576	120	138	0	1230	0	64	0	850	0	1374	80	984	0	478	0	0	0	160	0	13176	1226	2982	136	484	0	376	0	0	0	4298	1646	0	0	0	0	0	0	364	0	0	0	706	0	0	0	0	0	0	0	0	0	0	0	0	0	0	0	0	0	0	0	0	0	0	0	0	0	0	0	
178996	Cingulum_Post_R	2306	3878	0	786	0	0	0	582	0	0	0	218	0	0	0	0	0	524	144	8856	0	0	0	0	0	0	0	0	0	890	0	0	254	8686	3016	0	68	9024	0	2988	0	0	64	1686	114	624	0	4900	0	82	0	0	0	156	0	792	104	3004	0	0	0	0	0	0	0	0	774	12138	130	6130	304	128	0	232	0	0	6364	6246	0	156	0	0	0	0	0	0	0	0	0	0	0	0	0	0	0	0	0	1176	0	0	0	0	0	0	0	0	0	0	0	0	1974	0	0	0	0	0	
309972	Hippocampus_L	12306	72	5324	0	146	0	3194	0	0	0	2194	0	744	0	298	0	2868	0	2222	82	0	0	1396	112	0	0	0	0	19772	0	1348	108	258	66	5948	68	0	68	10638	0	5042	0	5366	0	1162	0	4886	0	102	0	926	0	0	0	13588	0	4318	0	316	0	350	0	76	0	174	0	8618	0	274	0	0	118	14002	0	1990	0	3964	0	5098	0	3742	0	418	0	992	0	216	0	8788	0	512	0	0	0	0	0	80	0	636	0	0	0	0	0	0	0	0	0	0	0	0	0	0	0	0	0	
365072	Hippocampus_R	2106	7006	66	6824	0	66	0	5218	0	0	0	2188	0	316	0	130	0	2540	334	4864	0	0	0	180	0	100	0	0	0	7816	368	1870	68	2302	1564	9024	68	0	0	34778	0	5442	0	1776	0	826	0	5042	0	992	0	536	0	802	0	23644	96	2426	0	226	0	154	0	236	0	168	88	8012	0	1250	108	540	0	20560	0	822	3450	5730	0	832	0	728	0	1520	0	432	0	246	0	1556	0	140	0	0	0	0	0	1590	0	1434	0	0	0	0	0	0	0	0	0	0	1336	0	0	0	0	0	
95988	ParaHippocampal_L	198	0	446	0	144	0	172	0	0	0	276	0	152	0	0	0	230	0	308	0	266	0	0	0	0	0	0	0	1932	0	164	0	0	0	1542	0	10638	0	0	0	1252	0	2510	0	68	0	4796	0	86	0	610	0	1276	0	9254	0	0	0	0	0	0	0	0	0	0	0	3630	0	0	0	0	0	2262	0	0	0	182	0	0	0	516	0	1262	0	568	0	754	0	1790	0	108	0	0	0	166	0	242	0	98	0	0	0	0	0	0	0	0	0	0	96	0	0	0	0	0	0	
271348	ParaHippocampal_R	186	3710	0	3234	0	0	0	2232	0	0	0	684	0	194	0	82	0	808	216	3870	0	0	0	122	0	0	0	0	0	3910	208	1110	0	1690	196	2988	0	34778	0	0	0	4256	0	2018	0	612	0	7150	0	594	0	488	0	1352	0	25564	0	1074	0	136	0	0	0	178	0	0	108	4810	0	958	0	254	0	11268	0	524	228	1116	0	526	0	630	0	3700	0	316	0	2232	0	720	0	178	0	0	0	0	0	3086	0	898	0	0	0	0	0	0	0	0	0	0	482	0	0	0	0	0	
36004	Amygdala_L	0	0	0	0	714	0	0	0	82	0	0	0	0	0	502	0	0	0	0	0	1068	0	0	0	0	0	74	0	2744	0	276	0	0	0	0	0	5042	0	1252	0	0	0	0	0	0	0	0	0	0	0	0	0	0	0	2758	0	0	0	0	0	0	0	0	0	0	0	0	0	0	0	0	0	1156	0	0	0	0	0	0	0	0	0	1174	0	72	0	0	0	1088	0	0	0	0	0	0	0	0	0	0	0	0	0	0	0	0	0	0	0	0	0	0	0	0	0	0	0	
42404	Amygdala_R	0	0	0	78	0	114	0	70	0	0	0	0	0	0	0	116	0	0	0	0	0	432	0	0	0	0	0	224	0	832	0	0	0	0	0	0	0	5442	0	4256	0	0	0	0	0	0	0	0	0	0	0	0	0	0	0	4192	0	0	0	0	0	0	0	0	0	0	0	0	0	0	0	180	0	1476	0	0	0	158	0	0	0	0	0	2926	0	0	0	706	0	0	0	0	0	0	0	0	0	0	0	0	0	0	0	0	0	0	0	0	0	0	0	0	0	0	0	0	
328984	Calcarine_L	3228	0	0	0	0	0	0	0	0	0	0	0	0	0	0	0	80	0	0	0	0	0	0	0	0	0	0	0	146	0	0	0	2016	0	6276	64	5366	0	2510	0	0	0	0	9842	21958	5940	19918	4174	15856	700	24354	154	4724	74	1406	368	506	0	1326	0	930	0	0	0	810	0	24182	1068	682	0	0	0	342	0	0	0	610	0	0	0	116	0	0	0	3240	0	0	0	1192	0	0	0	0	0	0	0	118	0	0	0	0	0	0	0	0	0	0	0	0	0	124	92	0	0	0	0	
283840	Calcarine_R	0	1230	0	0	0	0	0	0	0	0	0	0	0	0	0	0	0	526	0	676	0	0	0	0	0	0	0	0	0	372	0	0	0	598	82	1686	0	1776	0	2018	0	0	9842	0	4816	24386	2346	19038	120	15414	0	11650	0	5698	0	7342	0	3546	0	526	0	538	0	226	0	782	484	17988	0	2302	0	0	0	0	0	0	0	0	0	132	0	304	0	0	0	3902	0	0	0	582	0	74	0	0	0	0	0	310	0	92	0	0	0	0	0	0	0	0	0	0	516	0	0	0	0	0	
222956	Cuneus_L	1500	0	0	0	0	0	0	0	0	0	0	0	0	0	0	0	0	0	0	0	0	0	0	0	0	0	0	0	0	0	0	0	3178	86	3556	114	1162	0	68	0	0	0	21958	4816	0	10432	3084	528	18308	752	9826	0	722	0	870	0	172	0	2760	0	810	0	0	0	440	0	18496	5000	670	72	0	0	0	0	0	0	72	0	0	0	0	0	0	0	818	0	0	0	1208	0	0	0	0	0	0	0	0	0	0	0	0	0	0	0	0	0	0	0	0	0	0	0	0	0	0	0	
438736	Cuneus_R	0	3954	0	0	0	0	0	0	0	0	0	0	0	0	0	0	0	1322	0	280	0	0	0	0	0	0	0	0	0	2708	0	0	222	704	134	624	0	826	0	612	0	0	5940	24386	10432	0	818	3388	1220	47782	508	17814	0	1256	0	2866	0	6846	328	10924	0	3240	0	772	0	3952	6364	41656	0	1914	0	0	0	0	0	0	0	0	0	416	0	1410	0	0	0	5850	0	0	0	7900	0	0	0	0	0	0	0	0	0	0	0	0	0	0	0	0	0	0	0	0	0	0	0	0	0	0	
313336	Lingual_L	1442	0	64	0	0	0	140	0	0	0	0	0	0	0	0	0	0	0	0	0	0	0	0	0	0	0	0	0	208	0	0	0	242	0	2576	0	4886	0	4796	0	0	0	19918	2346	3084	818	0	3246	3576	138	24648	0	15954	0	17948	354	292	0	148	0	0	0	0	0	0	0	7212	0	0	0	0	0	474	0	0	0	766	0	0	0	0	0	0	0	526	0	0	0	362	0	5276	906	0	202	326	278	10992	1506	11772	2404	0	0	0	0	84	0	0	0	78	174	3808	2438	100	0	0	160	
267192	Lingual_R	0	478	0	72	0	0	0	74	0	0	0	0	0	0	0	0	0	150	0	828	0	0	0	0	0	0	0	0	0	264	0	0	0	536	120	4900	0	5042	0	7150	0	0	4174	19038	528	3388	3246	0	0	2090	0	2394	0	6128	670	21092	0	1694	0	0	0	0	0	0	0	0	354	11816	0	684	0	88	0	0	0	0	0	710	0	82	0	0	0	0	0	116	0	0	0	80	2368	4736	0	144	0	236	1380	5382	3906	7314	0	0	0	0	0	0	0	0	0	0	4564	5392	188	0	0	0	
183368	Occipital_Sup_L	176	0	0	0	0	0	0	0	0	0	0	0	0	0	0	0	90	0	0	0	0	0	0	0	0	0	0	0	0	0	0	0	1234	0	138	0	102	0	86	0	0	0	15856	120	18308	1220	3576	0	0	0	27914	0	1216	0	150	0	108	0	4872	0	2566	0	0	0	642	0	11730	1086	0	0	0	0	0	0	0	0	0	0	0	0	130	0	0	0	290	0	0	0	74	0	0	0	0	0	0	0	0	0	0	0	0	0	0	0	0	0	0	0	0	0	0	0	0	0	0	0	
383928	Occipital_Sup_R	0	4590	0	0	0	0	0	0	0	0	0	0	0	0	0	0	0	1590	0	100	0	0	0	0	0	0	0	0	0	3024	0	0	0	282	0	82	0	992	0	594	0	0	700	15414	752	47782	138	2090	0	0	0	28610	0	1836	0	3522	0	7742	0	12934	0	4772	0	766	0	7578	762	27750	0	1324	0	0	0	0	0	0	0	0	0	496	0	1414	0	0	0	5926	0	0	0	8402	0	0	0	0	0	0	0	0	0	0	0	0	0	0	0	0	0	0	0	0	0	0	0	0	0	0	
482048	Occipital_Mid_L	2516	176	0	0	0	0	0	0	0	0	0	0	0	0	0	0	2654	0	0	0	0	0	0	0	0	0	0	0	174	0	0	0	1988	0	1230	0	926	0	610	0	0	0	24354	0	9826	508	24648	0	27914	0	0	0	24616	0	7956	0	3544	0	13910	0	16178	0	2262	0	18222	0	15642	612	1620	0	0	0	0	0	0	0	0	0	1222	0	3792	0	0	0	29154	0	0	0	4180	0	122	0	0	0	0	0	94	0	374	0	0	0	0	0	0	0	0	0	0	0	0	0	0	0	0	0	
250560	Occipital_Mid_R	0	1542	0	0	0	0	0	0	0	0	0	0	0	0	0	0	0	1162	0	0	0	0	0	0	0	0	0	0	0	628	0	0	0	0	0	0	0	536	0	488	0	0	154	11650	0	17814	0	2394	0	28610	0	0	0	9284	0	4742	0	4188	0	3484	0	3710	0	344	0	11352	120	7854	0	308	0	0	0	0	0	0	0	0	0	404	0	688	0	0	0	10028	0	0	0	3796	0	0	0	0	0	0	0	0	0	0	0	0	0	0	0	0	0	0	0	0	0	0	0	0	0	0	
142520	Occipital_Inf_L	0	0	0	0	0	0	0	0	0	0	0	0	0	0	0	0	130	0	0	0	0	0	0	0	0	0	0	0	0	0	0	0	0	0	64	0	0	0	1276	0	0	0	4724	0	722	0	15954	0	1216	0	24616	0	0	0	11626	0	0	0	80	0	714	0	548	0	782	0	648	0	0	0	0	0	0	0	0	0	0	0	182	0	164	0	0	0	3886	0	0	0	2918	0	378	0	0	0	0	0	236	0	396	0	0	0	0	0	0	0	0	0	0	0	0	0	0	0	0	0	
97128	Occipital_Inf_R	0	630	0	0	0	0	0	0	0	0	0	0	0	0	0	0	0	0	0	0	0	0	0	0	0	0	0	0	0	364	0	0	0	0	0	156	0	802	0	1352	0	0	74	5698	0	1256	0	6128	0	1836	0	9284	0	0	0	12516	0	846	0	88	0	252	0	0	0	126	0	1366	0	0	0	0	0	0	0	0	0	0	0	376	0	328	0	0	0	1758	0	0	0	2298	0	220	0	0	0	0	0	0	0	434	0	0	0	0	0	0	0	0	0	0	84	292	0	0	0	0	
392212	Fusiform_L	784	0	1058	0	0	0	194	0	0	0	292	0	234	0	108	0	816	0	872	0	0	0	0	0	0	0	0	0	6362	0	66	0	384	0	850	0	13588	0	9254	0	2758	0	1406	0	870	0	17948	670	150	0	7956	0	11626	0	0	136	332	0	0	0	114	0	72	0	134	0	1830	0	0	0	0	0	3480	0	0	0	84	0	1844	0	4486	0	3768	0	3048	0	2580	0	23250	0	23992	338	1750	136	386	0	11602	98	28326	784	760	0	1634	150	284	106	200	0	0	0	440	1242	270	96	108	0	
422956	Fusiform_R	0	3472	0	772	0	0	0	480	0	0	0	170	0	0	0	0	0	568	0	756	0	0	0	64	0	0	0	0	0	5400	0	424	0	738	0	792	0	23644	0	25564	0	4192	368	7342	0	2866	354	21092	0	3522	0	4742	0	12516	136	0	0	2168	0	328	0	250	0	1178	0	244	0	3882	0	406	0	158	0	5134	0	234	0	192	0	2312	0	2916	0	8894	0	2674	0	5126	0	14480	620	13412	0	374	0	110	380	5390	990	15612	0	0	0	94	0	0	0	0	0	96	1888	1838	124	0	0	0	
251028	Postcentral_L	33850	134	542	0	0	0	1268	0	0	0	5638	0	0	0	0	0	7210	0	418	0	0	0	74	0	0	0	0	0	8052	0	110	0	946	0	1374	104	4318	96	0	0	0	0	506	0	172	0	292	0	108	0	3544	0	0	0	332	0	0	0	7048	0	20278	0	8660	0	1326	0	4660	0	5588	0	100	0	2206	0	170	0	1292	96	2754	0	1358	0	0	0	420	0	0	0	470	0	0	0	0	0	0	0	0	0	0	0	0	0	0	0	0	0	0	0	0	0	0	0	0	0	0	0	
268792	Postcentral_R	108	21002	0	204	0	0	0	440	0	0	0	2446	0	0	0	0	0	4712	0	3016	0	0	0	0	0	0	0	0	0	3628	0	0	74	3144	80	3004	0	2426	0	1074	0	0	0	3546	0	6846	0	1694	0	7742	0	4188	0	846	0	2168	0	0	0	9864	0	6556	0	9920	0	3262	146	15958	144	8886	0	0	0	610	0	188	104	378	0	240	0	1600	0	0	0	2408	0	0	0	740	0	0	0	0	0	0	0	188	0	0	0	0	0	0	0	0	0	0	0	0	816	0	0	0	0	0	
141860	Parietal_Sup_L	1686	210	0	0	0	0	0	0	0	0	0	0	0	0	0	0	252	0	0	0	0	0	0	0	0	0	0	0	0	0	0	0	2270	0	984	0	316	0	0	0	0	0	1326	0	2760	328	148	0	4872	0	13910	0	80	0	0	0	7048	0	0	0	10424	0	0	0	632	0	19800	940	2592	0	0	0	0	0	0	0	0	0	0	0	270	0	0	0	82	0	0	0	0	0	0	0	0	0	0	0	0	0	0	0	0	0	0	0	0	0	0	0	0	0	0	0	0	0	0	0	
138884	Parietal_Sup_R	0	1812	0	0	0	0	0	0	0	0	0	0	0	0	0	0	0	674	0	0	0	0	0	0	0	0	0	0	0	728	0	0	0	0	0	0	0	226	0	136	0	0	0	526	0	10924	0	0	0	12934	0	3484	0	88	0	328	0	9864	0	0	0	3052	0	2002	0	1612	232	15100	0	130	0	0	0	0	0	0	0	0	0	0	0	514	0	0	0	2470	0	0	0	2606	0	0	0	0	0	0	0	0	0	0	0	0	0	0	0	0	0	0	0	0	0	0	0	0	0	0	
261320	Parietal_Inf_L	7856	0	0	0	0	0	206	0	0	0	176	0	0	0	0	0	3390	0	0	0	0	0	0	0	0	0	0	0	620	0	0	0	296	0	478	0	350	0	0	0	0	0	930	0	810	0	0	0	2566	0	16178	0	714	0	114	0	20278	0	10424	0	0	0	16712	0	23262	0	2336	66	614	0	0	0	0	0	0	0	0	0	266	0	5416	0	0	0	13384	0	0	0	3218	0	0	0	0	0	0	0	0	0	0	0	0	0	0	0	0	0	0	0	0	0	0	0	0	0	0	0	
114916	Parietal_Inf_R	0	1808	0	0	0	0	0	0	0	0	0	0	0	0	0	0	0	224	0	0	0	0	0	0	0	0	0	0	0	698	0	0	0	0	0	0	0	154	0	0	0	0	0	538	0	3240	0	0	0	4772	0	3710	0	252	0	250	0	6556	0	3052	0	0	0	11180	0	12952	0	2720	0	0	0	0	0	98	0	200	0	0	0	0	0	1706	0	0	0	2430	0	0	0	918	0	0	0	0	0	0	0	0	0	0	0	0	0	0	0	0	0	0	0	0	0	0	0	0	0	0	
111740	SupraMarginal_L	2134	0	0	0	0	0	0	0	0	0	0	0	0	0	0	0	3830	0	0	0	0	0	0	0	0	0	0	0	276	0	0	0	0	0	0	0	76	0	0	0	0	0	0	0	0	0	0	0	0	0	2262	0	548	0	72	0	8660	0	0	0	16712	0	0	0	6200	0	0	0	0	0	0	0	0	0	0	0	0	0	92	0	6320	0	0	0	7596	0	0	0	1092	0	0	0	0	0	0	0	0	0	0	0	0	0	0	0	0	0	0	0	0	0	0	0	0	0	0	0	
111552	SupraMarginal_R	0	2646	0	0	0	0	0	0	0	0	0	74	0	0	0	0	0	2428	0	0	0	0	0	0	0	0	0	0	0	450	0	0	0	0	0	0	0	236	0	178	0	0	0	226	0	772	0	0	0	766	0	344	0	0	0	1178	0	9920	0	2002	0	11180	0	0	0	6078	0	1560	0	0	0	0	0	130	0	182	0	0	0	816	0	7546	0	0	0	4088	0	0	0	2976	0	0	0	0	0	0	0	0	0	0	0	0	0	0	0	0	0	0	0	0	0	0	0	0	0	0	
172616	Angular_L	778	0	0	0	0	0	0	0	0	0	0	0	0	0	0	0	2554	0	0	0	0	0	0	0	0	0	0	0	148	0	0	0	68	0	160	0	174	0	0	0	0	0	810	0	440	0	0	0	642	0	18222	0	782	0	134	0	1326	0	632	0	23262	0	6200	0	0	0	842	0	150	0	0	0	0	0	0	0	0	0	352	0	4366	0	0	0	20690	0	0	0	3576	0	0	0	0	0	0	0	0	0	0	0	0	0	0	0	0	0	0	0	0	0	0	0	0	0	0	0	
135236	Angular_R	0	1468	0	0	0	0	0	0	0	0	0	0	0	0	0	0	0	318	0	0	0	0	0	0	0	0	0	0	0	664	0	0	0	0	0	0	0	168	0	0	0	0	0	782	0	3952	0	0	0	7578	0	11352	0	126	0	244	0	3262	0	1612	0	12952	0	6078	0	0	0	2530	0	0	0	0	0	90	0	116	0	0	0	0	0	4892	0	0	0	8382	0	0	0	1052	0	0	0	0	0	0	0	0	0	0	0	0	0	0	0	0	0	0	0	0	0	0	0	0	0	0	
365764	Precuneus_L	5920	172	0	0	0	0	168	0	0	0	78	0	0	0	0	0	110	82	108	146	0	0	0	0	0	0	0	0	416	94	0	0	8366	206	13176	774	8618	88	3630	108	0	0	24182	484	18496	6364	7212	354	11730	762	15642	120	648	0	1830	0	4660	146	19800	232	2336	0	0	0	842	0	0	12054	5282	256	0	0	690	0	0	0	1378	0	0	0	140	0	0	0	2620	0	0	0	2118	0	0	0	0	0	0	0	0	98	0	0	0	0	0	0	0	0	0	0	0	0	146	0	0	0	0	0	
498684	Precuneus_R	496	4834	0	224	0	0	0	158	0	0	0	120	0	0	0	0	0	1912	0	4176	0	0	0	0	0	0	0	0	0	3190	0	0	702	7128	1226	12138	0	8012	0	4810	0	0	1068	17988	5000	41656	0	11816	1086	27750	612	7854	0	1366	0	3882	0	15958	940	15100	66	2720	0	1560	0	2530	12054	0	82	9022	0	0	0	108	0	0	622	914	0	284	0	1414	0	0	0	4944	0	0	0	6038	0	0	0	0	0	0	0	1900	0	0	0	0	0	0	0	0	0	0	0	0	3882	0	0	0	0	0	
157972	Paracentral_Lobule_L	13164	2030	4118	2954	0	0	384	302	0	0	0	0	0	0	0	0	0	0	12896	6136	0	0	0	0	0	0	0	0	0	218	72	144	6768	2546	2982	130	274	0	0	0	0	0	682	0	670	0	0	0	0	0	1620	0	0	0	0	0	5588	144	2592	0	614	0	0	0	150	0	5282	82	0	1488	1430	336	1128	330	1144	0	334	0	0	0	0	0	0	0	254	0	0	0	0	0	0	0	0	0	0	0	0	0	0	0	0	0	0	0	0	0	0	0	0	0	0	0	0	0	0	0	
146960	Paracentral_Lobule_R	286	3554	118	1120	0	0	0	0	0	0	0	0	0	0	0	0	0	202	1898	16914	0	0	0	0	0	0	0	0	0	106	0	0	588	12682	136	6130	0	1250	0	958	0	0	0	2302	72	1914	0	684	0	1324	0	308	0	0	0	406	0	8886	0	130	0	0	0	0	0	0	256	9022	1488	0	230	90	0	0	0	0	0	0	0	0	0	0	0	0	0	0	0	0	0	0	0	0	0	0	0	0	0	0	0	0	0	0	0	0	0	0	0	0	0	0	426	0	0	0	0	0	
206692	Caudate_L	4484	1590	15450	2632	662	520	2670	186	120	0	1064	256	420	0	336	0	310	0	9882	4368	6426	6594	318	0	938	684	2884	1772	620	412	3580	2700	390	942	484	304	0	108	0	0	0	0	0	0	0	0	0	0	0	0	0	0	0	0	0	0	100	0	0	0	0	0	0	0	0	0	0	0	1430	230	0	11074	10476	438	312	136	4158	886	0	0	0	0	0	0	0	0	0	0	0	0	0	0	0	0	0	0	0	0	0	0	0	0	0	0	0	0	0	0	0	0	0	0	0	0	0	0	
390852	Caudate_R	1882	2876	7248	27340	0	3888	1282	7506	0	0	1300	1004	316	1874	0	686	322	316	7262	21066	2330	5192	700	4528	0	5880	172	4168	312	5276	3364	25692	280	1192	0	128	118	540	0	254	0	180	0	0	0	0	0	88	0	0	0	0	0	0	0	158	0	0	0	0	0	0	0	0	0	0	0	0	336	90	11074	0	3372	12070	0	3246	1746	16772	0	0	0	0	0	0	0	0	0	0	0	0	0	0	0	0	0	0	0	0	0	0	0	0	0	0	0	0	0	0	0	0	0	0	0	0	0	0	
354356	Putamen_L	11716	158	24936	382	1714	354	7572	0	0	0	2028	0	1202	0	514	0	708	0	15958	662	4196	3996	2708	282	988	382	1428	1216	21906	0	10704	1802	214	78	376	0	14002	0	2262	0	1156	0	342	0	0	0	474	0	0	0	0	0	0	0	3480	0	2206	0	0	0	0	0	0	0	0	0	690	0	1128	0	10476	3372	0	70	9448	0	4068	0	64	0	2414	0	522	0	548	0	0	0	2156	0	0	0	0	0	0	0	0	0	120	0	0	0	0	0	0	0	0	0	0	0	0	0	0	0	0	0	
310540	Putamen_R	588	2728	664	15426	0	3122	0	9230	0	0	0	3924	0	528	0	2090	0	3680	1452	3782	76	314	192	4822	68	5866	0	1854	0	17508	1484	13380	76	940	0	232	0	20560	0	11268	0	1476	0	0	0	0	0	0	0	0	0	0	0	0	0	5134	0	610	0	0	0	98	0	130	0	90	0	108	330	0	438	12070	70	0	0	2548	108	1666	0	404	0	1434	0	968	0	418	0	74	0	636	0	0	0	0	0	0	0	72	0	534	0	0	0	0	0	0	0	0	0	0	0	0	0	0	0	0	
63680	Pallidum_L	2958	176	7196	0	0	0	3018	0	0	0	152	0	0	0	0	0	84	0	3466	106	0	0	78	0	0	0	0	0	148	0	150	0	0	0	0	0	1990	0	0	0	0	0	0	0	0	0	0	0	0	0	0	0	0	0	0	0	170	0	0	0	0	0	0	0	0	0	0	0	1144	0	312	0	9448	0	0	0	1244	0	0	0	0	0	0	0	0	0	0	0	0	0	0	0	0	0	0	0	0	0	0	0	0	0	0	0	0	0	0	0	0	0	0	0	0	0	0	0	
27040	Pallidum_R	0	346	0	1496	0	0	0	1664	0	0	0	114	0	0	0	0	0	114	0	712	0	128	0	0	0	0	0	0	0	178	0	0	0	202	0	0	0	822	0	524	0	0	0	0	0	0	0	0	0	0	0	0	0	0	0	234	0	188	0	0	0	200	0	182	0	116	0	0	0	0	136	3246	0	2548	0	0	0	150	0	0	0	104	0	0	0	116	0	0	0	0	0	0	0	0	0	0	0	0	0	0	0	0	0	0	0	0	0	0	0	0	0	0	0	0	0	0	
149280	Thalamus_L	14600	1202	4228	726	0	0	2984	414	0	0	74	80	0	0	0	0	0	166	3008	604	0	0	0	0	0	0	0	0	360	344	150	0	80	120	4298	6364	3964	3450	182	228	0	0	610	0	72	0	766	0	0	0	0	0	0	0	84	0	1292	104	0	0	0	0	0	0	0	0	1378	622	334	0	4158	1746	4068	108	1244	0	0	10358	0	70	0	0	0	0	0	0	0	0	0	0	0	0	0	0	0	0	0	0	0	0	0	0	0	0	0	0	0	0	0	0	0	0	0	0	0	0	
154924	Thalamus_R	2000	4136	884	9530	0	0	194	7004	0	0	108	430	0	0	0	0	0	800	132	2530	0	0	0	0	0	0	0	0	0	1462	72	256	0	0	1646	6246	0	5730	0	1116	0	158	0	0	0	0	0	710	0	0	0	0	0	0	0	192	96	378	0	0	0	0	0	0	0	0	0	914	0	0	886	16772	0	1666	0	150	10358	0	0	244	0	0	0	0	0	0	0	0	0	0	0	0	0	0	0	0	0	318	0	0	0	0	0	0	0	0	0	0	0	0	344	0	0	0	0	0	
76844	Heschl_L	3892	0	66	0	0	0	148	0	0	0	1314	0	0	0	0	0	5414	0	0	0	0	0	0	0	0	0	0	0	7684	0	0	0	0	0	0	0	5098	0	0	0	0	0	0	0	0	0	0	0	0	0	1222	0	182	0	1844	0	2754	0	0	0	266	0	92	0	352	0	0	0	0	0	0	0	64	0	0	0	0	0	0	0	2602	0	0	0	2340	0	0	0	3088	0	0	0	0	0	0	0	0	0	0	0	0	0	0	0	0	0	0	0	0	0	0	0	0	0	0	0	
39512	Heschl_R	70	164	0	0	0	0	0	0	0	0	0	0	0	0	0	0	0	3030	0	0	0	0	0	0	0	0	0	0	0	3190	0	0	0	0	0	156	0	832	0	526	0	0	0	132	0	416	0	82	0	496	0	404	0	376	0	2312	0	240	0	0	0	0	0	816	0	0	0	284	0	0	0	0	0	404	0	0	70	244	0	0	0	3760	0	0	0	472	0	0	0	1280	0	0	0	0	0	0	0	0	0	0	0	0	0	0	0	0	0	0	0	0	0	0	0	0	0	0	
210324	Temporal_Sup_L	1056	0	1472	0	98	0	128	0	0	0	1142	0	0	0	0	0	6058	0	1174	0	0	0	166	0	0	0	0	0	6902	0	158	0	0	0	0	0	3742	0	516	0	0	0	116	0	0	0	0	0	130	0	3792	0	164	0	4486	0	1358	0	270	0	5416	0	6320	0	4366	0	140	0	0	0	0	0	2414	0	0	0	0	0	2602	0	0	0	3512	0	27192	0	288	0	18816	0	758	0	0	0	0	0	0	0	410	0	0	0	0	0	0	0	0	0	0	0	0	0	0	0	0	0	
134876	Temporal_Sup_R	0	926	0	0	0	0	0	0	0	0	0	0	0	0	0	0	0	4194	0	0	0	0	0	0	0	0	0	0	0	4066	0	0	0	0	0	0	0	728	0	630	0	0	0	304	0	1410	0	0	0	1414	0	688	0	328	0	2916	0	1600	0	514	0	1706	0	7546	0	4892	0	1414	0	0	0	0	0	1434	0	104	0	0	0	3760	0	0	0	3546	0	16058	0	370	0	6814	0	0	0	0	0	0	0	0	0	76	0	0	0	0	0	0	0	0	0	0	0	0	0	0	0	0	
109536	Temporal_Pole_Sup_L	262	0	1596	0	2118	0	208	0	544	0	1592	0	446	0	4050	0	1458	0	938	0	1540	0	0	0	0	0	164	0	5834	0	966	0	0	0	0	0	418	0	1262	0	1174	0	0	0	0	0	0	0	0	0	0	0	0	0	3768	0	0	0	0	0	0	0	0	0	0	0	0	0	0	0	0	0	522	0	0	0	0	0	0	0	3512	0	0	0	9432	0	5836	0	7128	0	0	0	0	0	0	0	0	0	0	0	0	0	0	0	0	0	0	0	0	0	0	0	0	0	0	0	
76264	Temporal_Pole_Sup_R	0	0	0	84	0	0	0	0	0	0	0	66	0	0	0	64	0	194	0	0	0	0	0	0	0	0	0	0	0	1270	0	0	0	0	0	0	0	1520	0	3700	0	2926	0	0	0	0	0	0	0	0	0	0	0	0	0	8894	0	0	0	0	0	0	0	0	0	0	0	0	0	0	0	0	0	968	0	0	0	0	0	0	0	3546	0	0	0	4104	0	6782	0	4014	0	0	0	0	0	0	0	0	0	0	0	0	0	0	0	0	0	0	0	0	0	0	0	0	0	0	
350780	Temporal_Mid_L	640	0	270	0	0	0	0	0	0	0	0	0	0	0	72	0	2538	0	250	0	94	0	0	0	0	0	0	0	2156	0	0	0	68	0	364	0	992	0	568	0	72	0	3240	0	818	0	526	0	290	0	29154	0	3886	0	3048	0	420	0	82	0	13384	0	7596	0	20690	0	2620	0	254	0	0	0	548	0	0	0	0	0	2340	0	27192	0	9432	0	0	0	5220	0	36206	0	360	0	0	0	0	0	0	0	0	0	0	0	0	0	0	0	0	0	0	0	0	0	0	0	0	0	
212672	Temporal_Mid_R	0	1490	0	0	0	0	0	0	0	0	0	0	0	0	0	0	0	498	0	0	0	0	0	0	0	0	0	0	0	1876	0	0	0	0	0	0	0	432	0	316	0	0	0	3902	0	5850	0	116	0	5926	0	10028	0	1758	0	2674	0	2408	0	2470	0	2430	0	4088	0	8382	0	4944	0	0	0	0	0	418	0	116	0	0	0	472	0	16058	0	4104	0	0	0	1674	0	23906	0	0	0	0	0	0	0	0	0	0	0	0	0	0	0	0	0	0	0	0	0	0	0	0	0	0	
41160	Temporal_Pole_Mid_L	0	0	0	0	0	0	0	0	0	0	0	0	0	0	0	0	0	0	0	0	0	0	0	0	0	0	0	0	276	0	0	0	0	0	0	0	216	0	754	0	0	0	0	0	0	0	0	0	0	0	0	0	0	0	2580	0	0	0	0	0	0	0	0	0	0	0	0	0	0	0	0	0	0	0	0	0	0	0	0	0	288	0	5836	0	5220	0	0	0	5410	0	0	0	0	0	0	0	0	0	0	0	0	0	0	0	0	0	0	0	0	0	0	0	0	0	0	0	
42004	Temporal_Pole_Mid_R	0	0	0	0	0	0	0	0	0	0	0	0	0	0	0	0	0	0	0	0	0	0	0	0	0	0	0	0	0	0	0	0	0	0	0	0	0	246	0	2232	0	706	0	0	0	0	0	0	0	0	0	0	0	0	0	5126	0	0	0	0	0	0	0	0	0	0	0	0	0	0	0	0	0	74	0	0	0	0	0	0	0	370	0	6782	0	1674	0	0	0	3792	0	0	0	0	0	0	0	0	0	0	0	0	0	0	0	0	0	0	0	0	0	0	0	0	0	0	
296692	Temporal_Inf_L	816	0	892	0	0	0	72	0	0	0	0	0	92	0	82	0	1708	0	774	0	0	0	0	0	0	0	0	0	6164	0	0	0	514	0	706	0	8788	0	1790	0	1088	0	1192	0	1208	0	362	0	74	0	4180	0	2918	0	23250	0	470	0	0	0	3218	0	1092	0	3576	0	2118	0	0	0	0	0	2156	0	0	0	0	0	3088	0	18816	0	7128	0	36206	0	5410	0	0	0	4942	0	618	0	0	0	180	0	2162	0	262	0	234	0	0	0	0	0	0	0	0	0	0	0	0	0	
205044	Temporal_Inf_R	0	888	0	0	0	0	0	0	0	0	0	0	0	0	0	0	0	418	0	0	0	0	0	0	0	0	0	0	0	2628	0	0	0	0	0	0	0	1556	0	720	0	0	0	582	0	7900	0	80	0	8402	0	3796	0	2298	0	14480	0	740	0	2606	0	918	0	2976	0	1052	0	6038	0	0	0	0	0	636	0	0	0	0	0	1280	0	6814	0	4014	0	23906	0	3792	0	0	0	2830	0	594	0	0	0	0	0	578	0	0	0	0	0	0	0	0	0	0	0	0	0	0	0	0	
495080	Cerebelum_Crus1_L	0	0	0	0	0	0	0	0	0	0	0	0	0	0	0	0	0	0	0	0	0	0	0	0	0	0	0	0	0	0	0	0	0	0	0	0	512	0	108	0	0	0	0	0	0	0	5276	2368	0	0	122	0	378	0	23992	620	0	0	0	0	0	0	0	0	0	0	0	0	0	0	0	0	0	0	0	0	0	0	0	0	758	0	0	0	360	0	0	0	4942	0	0	4824	29064	6844	506	1574	17538	976	50674	7678	14252	2596	23044	4772	6726	2908	4060	0	504	1416	2106	9522	10174	3074	3064	208	
431980	Cerebelum_Crus1_R	0	0	0	0	0	0	0	0	0	0	0	0	0	0	0	0	0	0	0	0	0	0	0	0	0	0	0	0	0	78	0	0	0	0	0	0	0	140	0	178	0	0	0	74	0	0	906	4736	0	0	0	0	0	220	338	13412	0	0	0	0	0	0	0	0	0	0	0	0	0	0	0	0	0	0	0	0	0	0	0	0	0	0	0	0	0	0	0	0	0	2830	4824	0	1676	33390	590	2842	5626	20160	9250	61594	494	2804	1084	10108	1076	1362	160	126	300	1974	12698	13394	5868	888	790	0	
332408	Cerebelum_Crus2_L	0	0	0	0	0	0	0	0	0	0	0	0	0	0	0	0	0	0	0	0	0	0	0	0	0	0	0	0	0	0	0	0	0	0	0	0	0	0	0	0	0	0	0	0	0	0	0	0	0	0	0	0	0	0	1750	0	0	0	0	0	0	0	0	0	0	0	0	0	0	0	0	0	0	0	0	0	0	0	0	0	0	0	0	0	0	0	0	0	618	0	29064	1676	0	7124	208	682	908	398	4844	1942	41076	4708	39726	5222	6032	1398	3344	0	134	524	572	1484	8728	2688	1354	0	
350520	Cerebelum_Crus2_R	0	0	0	0	0	0	0	0	0	0	0	0	0	0	0	0	0	0	0	0	0	0	0	0	0	0	0	0	0	0	0	0	0	0	0	0	0	0	0	0	0	0	0	0	0	0	202	144	0	0	0	0	0	0	136	374	0	0	0	0	0	0	0	0	0	0	0	0	0	0	0	0	0	0	0	0	0	0	0	0	0	0	0	0	0	0	0	0	0	594	6844	33390	7124	0	468	1390	2122	3856	4444	18070	6126	24124	6978	29216	1440	4954	258	386	284	1032	2550	5014	10522	1792	1426	0	
48964	Cerebelum_3_L	0	0	0	0	0	0	0	0	0	0	0	0	0	0	0	0	0	0	0	0	0	0	0	0	0	0	0	0	0	0	0	0	0	0	0	0	0	0	166	0	0	0	0	0	0	0	326	0	0	0	0	0	0	0	386	0	0	0	0	0	0	0	0	0	0	0	0	0	0	0	0	0	0	0	0	0	0	0	0	0	0	0	0	0	0	0	0	0	0	0	506	590	208	468	0	790	7194	486	2476	1508	0	0	222	0	1626	310	74	0	580	1900	1698	1516	382	406	538	126	
96824	Cerebelum_3_R	0	0	0	0	0	0	0	0	0	0	0	0	0	0	0	0	0	0	0	0	0	0	0	0	0	0	0	0	0	0	0	0	0	0	0	0	0	0	0	0	0	0	0	0	0	0	278	236	0	0	0	0	0	0	0	110	0	0	0	0	0	0	0	0	0	0	0	0	0	0	0	0	0	0	0	0	0	0	0	0	0	0	0	0	0	0	0	0	0	0	1574	2842	682	1390	790	0	1588	6282	2246	5550	206	66	782	500	924	2942	0	0	936	6172	3322	2312	1940	2220	2456	66	
295936	Cerebelum_4_5_L	0	0	0	0	0	0	0	0	0	0	0	0	0	0	0	0	0	0	0	0	0	0	0	0	0	0	0	0	0	0	0	0	0	0	0	0	80	0	242	0	0	0	118	0	0	0	10992	1380	0	0	94	0	236	0	11602	380	0	0	0	0	0	0	0	0	0	0	0	0	0	0	0	0	0	0	0	0	0	0	0	0	0	0	0	0	0	0	0	0	180	0	17538	5626	908	2122	7194	1588	0	5510	35126	9578	822	0	1922	0	4480	814	538	0	1124	2356	13024	7920	606	786	1512	1570	
243780	Cerebelum_4_5_R	0	164	0	0	0	0	0	0	0	0	0	0	0	0	0	0	0	134	0	0	0	0	0	0	0	0	0	0	0	238	0	0	0	0	0	1176	0	1590	0	3086	0	0	0	310	0	0	1506	5382	0	0	0	0	0	0	98	5390	0	188	0	0	0	0	0	0	0	0	98	1900	0	0	0	0	0	72	0	0	0	318	0	0	0	0	0	0	0	0	0	0	0	0	976	20160	398	3856	486	6282	5510	0	2760	29494	146	122	432	1368	502	1402	0	228	102	3458	18010	1788	1082	830	848	0	
477492	Cerebelum_6_L	0	0	0	0	0	0	0	0	0	0	0	0	0	0	0	0	0	0	0	0	0	0	0	0	0	0	0	0	352	0	0	0	0	0	0	0	636	0	98	0	0	0	0	0	0	0	11772	3906	0	0	374	0	396	0	28326	990	0	0	0	0	0	0	0	0	0	0	0	0	0	0	0	0	120	0	0	0	0	0	0	0	410	0	0	0	0	0	0	0	2162	0	50674	9250	4844	4444	2476	2246	35126	2760	0	15596	3414	0	6662	488	6010	2196	1618	0	1050	2356	7032	19342	4804	2610	3122	1084	
490416	Cerebelum_6_R	0	0	0	70	0	0	0	0	0	0	0	0	0	0	0	0	0	0	0	0	0	0	0	0	0	0	0	0	0	382	0	92	0	0	0	0	0	1434	0	898	0	0	0	92	0	0	2404	7314	0	0	0	0	0	434	784	15612	0	0	0	0	0	0	0	0	0	0	0	0	0	0	0	0	0	534	0	0	0	0	0	0	0	76	0	0	0	0	0	0	0	578	7678	61594	1942	18070	1508	5550	9578	29494	15596	0	382	228	1318	4748	2146	1482	212	408	440	3618	18858	19780	6308	1818	1684	64	
271220	Cerebelum_7b_L	0	0	0	0	0	0	0	0	0	0	0	0	0	0	0	0	0	0	0	0	0	0	0	0	0	0	0	0	0	0	0	0	0	0	0	0	0	0	0	0	0	0	0	0	0	0	0	0	0	0	0	0	0	0	760	0	0	0	0	0	0	0	0	0	0	0	0	0	0	0	0	0	0	0	0	0	0	0	0	0	0	0	0	0	0	0	0	0	262	0	14252	494	41076	6126	0	206	822	146	3414	382	0	5324	39174	5550	4572	994	1002	0	0	166	122	218	7076	2824	648	0	
162820	Cerebelum_7b_R	0	0	0	0	0	0	0	0	0	0	0	0	0	0	0	0	0	0	0	0	0	0	0	0	0	0	0	0	0	0	0	0	0	0	0	0	0	0	0	0	0	0	0	0	0	0	0	0	0	0	0	0	0	0	0	0	0	0	0	0	0	0	0	0	0	0	0	0	0	0	0	0	0	0	0	0	0	0	0	0	0	0	0	0	0	0	0	0	0	0	2596	2804	4708	24124	0	66	0	122	0	228	5324	0	4920	24602	140	4706	0	574	0	0	0	0	4420	1778	298	0	
379140	Cerebelum_8_L	0	0	0	0	0	0	0	0	0	0	0	0	0	0	0	0	0	0	0	0	0	0	0	0	0	0	0	0	0	0	0	0	0	0	0	0	0	0	0	0	0	0	0	0	0	0	0	0	0	0	0	0	0	0	1634	0	0	0	0	0	0	0	0	0	0	0	0	0	0	0	0	0	0	0	0	0	0	0	0	0	0	0	0	0	0	0	0	0	234	0	23044	1084	39726	6978	222	782	1922	432	6662	1318	39174	4920	0	8542	18894	3734	5290	0	174	616	380	1158	11482	7142	3956	70	
261352	Cerebelum_8_R	0	0	0	0	0	0	0	0	0	0	0	0	0	0	0	0	0	0	0	0	0	0	0	0	0	0	0	0	0	0	0	0	0	0	0	0	0	0	0	0	0	0	0	0	0	0	0	0	0	0	0	0	0	0	150	94	0	0	0	0	0	0	0	0	0	0	0	0	0	0	0	0	0	0	0	0	0	0	0	0	0	0	0	0	0	0	0	0	0	0	4772	10108	5222	29216	0	500	0	1368	488	4748	5550	24602	8542	0	2100	15892	204	2026	108	238	0	0	8272	3640	2836	0	
170480	Cerebelum_9_L	0	0	0	0	0	0	0	0	0	0	0	0	0	0	0	0	0	0	0	0	0	0	0	0	0	0	0	0	0	0	0	0	0	0	0	0	0	0	0	0	0	0	0	0	0	0	84	0	0	0	0	0	0	0	284	0	0	0	0	0	0	0	0	0	0	0	0	0	0	0	0	0	0	0	0	0	0	0	0	0	0	0	0	0	0	0	0	0	0	0	6726	1076	6032	1440	1626	924	4480	502	6010	2146	4572	140	18894	2100	0	3546	5354	0	714	1118	1678	4578	2766	3210	3782	1458	
151176	Cerebelum_9_R	0	0	0	0	0	0	0	0	0	0	0	0	0	0	0	0	0	0	0	0	0	0	0	0	0	0	0	0	0	0	0	0	0	0	0	0	0	0	0	0	0	0	0	0	0	0	0	0	0	0	0	0	0	0	106	0	0	0	0	0	0	0	0	0	0	0	0	0	0	0	0	0	0	0	0	0	0	0	0	0	0	0	0	0	0	0	0	0	0	0	2908	1362	1398	4954	310	2942	814	1402	2196	1482	994	4706	3734	15892	3546	0	270	1436	1222	2612	1600	2608	4070	5050	6944	1030	
46672	Cerebelum_10_L	0	0	0	0	0	0	0	0	0	0	0	0	0	0	0	0	0	0	0	0	0	0	0	0	0	0	0	0	0	0	0	0	0	0	0	0	0	0	0	0	0	0	0	0	0	0	0	0	0	0	0	0	0	0	200	0	0	0	0	0	0	0	0	0	0	0	0	0	0	0	0	0	0	0	0	0	0	0	0	0	0	0	0	0	0	0	0	0	0	0	4060	160	3344	258	74	0	538	0	1618	212	1002	0	5290	204	5354	270	0	0	0	0	0	226	304	102	120	0	
10368	Cerebelum_10_R	0	0	0	0	0	0	0	0	0	0	0	0	0	0	0	0	0	0	0	0	0	0	0	0	0	0	0	0	0	0	0	0	0	0	0	0	0	0	0	0	0	0	0	0	0	0	0	0	0	0	0	0	0	0	0	0	0	0	0	0	0	0	0	0	0	0	0	0	0	0	0	0	0	0	0	0	0	0	0	0	0	0	0	0	0	0	0	0	0	0	0	126	0	386	0	0	0	228	0	408	0	574	0	2026	0	1436	0	0	0	0	0	0	0	0	0	0	
36292	Vermis_1_2	0	0	0	0	0	0	0	0	0	0	0	0	0	0	0	0	0	0	0	0	0	0	0	0	0	0	0	0	0	0	0	0	0	0	0	0	0	0	0	0	0	0	0	0	0	0	78	0	0	0	0	0	0	0	0	0	0	0	0	0	0	0	0	0	0	0	0	0	0	0	0	0	0	0	0	0	0	0	0	0	0	0	0	0	0	0	0	0	0	0	504	300	134	284	580	936	1124	102	1050	440	0	0	174	108	714	1222	0	0	0	4476	1678	1390	562	842	976	472	
94444	Vermis_3	0	0	0	0	0	0	0	0	0	0	0	0	0	0	0	0	0	0	0	0	0	0	0	0	0	0	0	0	0	0	0	0	0	0	0	0	0	0	96	0	0	0	0	0	0	0	174	0	0	0	0	0	0	0	0	96	0	0	0	0	0	0	0	0	0	0	0	0	0	0	0	0	0	0	0	0	0	0	0	0	0	0	0	0	0	0	0	0	0	0	1416	1974	524	1032	1900	6172	2356	3458	2356	3618	166	0	616	238	1118	2612	0	0	4476	0	4136	2574	1632	2046	2208	228	
249972	Vermis_4_5	0	312	0	0	0	0	0	0	0	0	0	0	0	0	0	0	0	166	0	328	0	0	0	0	0	0	0	0	0	244	0	0	0	246	0	1974	0	1336	0	482	0	0	124	516	0	0	3808	4564	0	0	0	0	0	84	440	1888	0	816	0	0	0	0	0	0	0	0	146	3882	0	426	0	0	0	0	0	0	0	344	0	0	0	0	0	0	0	0	0	0	0	0	2106	12698	572	2550	1698	3322	13024	18010	7032	18858	122	0	380	0	1678	1600	0	0	1678	4136	0	6518	1344	1670	2406	1458	
254956	Vermis_6	0	0	0	0	0	0	0	0	0	0	0	0	0	0	0	0	0	0	0	0	0	0	0	0	0	0	0	0	0	0	0	0	0	0	0	0	0	0	0	0	0	0	92	0	0	0	2438	5392	0	0	0	0	0	292	1242	1838	0	0	0	0	0	0	0	0	0	0	0	0	0	0	0	0	0	0	0	0	0	0	0	0	0	0	0	0	0	0	0	0	0	0	9522	13394	1484	5014	1516	2312	7920	1788	19342	19780	218	0	1158	0	4578	2608	226	0	1390	2574	6518	0	5154	2944	4074	2670	
