data	data	594924	240884	1.08289e+06	758124	111960	54852	584720	224564	63392	30204	324336	131808	360544	261208	200800	172064	268948	106124	1.08855e+06	1.00943e+06	62800	69120	324284	278364	18176	56808	34188	54028	835520	444924	203484	310648	109196	536920	108368	153080	263764	441380	94496	293556	50944	70572	208632	212964	119244	254940	221380	263200	181340	347428	414248	269784	132668	86484	397852	592436	251496	234228	183596	164620	289568	150520	134784	88716	214500	165188	267848	436684	365444	208096	332104	602740	352952	541916	95632	23292	205292	215788	75408	12800	286148	85648	68540	64592	359220	299664	6196	28660	335232	218816	499920	551792	426976	411616	49136	40620	269984	215256	510424	475260	316820	163096	340104	328248	190464	127764	28320	12344	15656	34456	226400	282440	313608	148472	93868	20276	
data	data	Precentral_L	Precentral_R	Frontal_Sup_L	Frontal_Sup_R	Frontal_Sup_Orb_L	Frontal_Sup_Orb_R	Frontal_Mid_L	Frontal_Mid_R	Frontal_Mid_Orb_L	Frontal_Mid_Orb_R	Frontal_Inf_Oper_L	Frontal_Inf_Oper_R	Frontal_Inf_Tri_L	Frontal_Inf_Tri_R	Frontal_Inf_Orb_L	Frontal_Inf_Orb_R	Rolandic_Oper_L	Rolandic_Oper_R	Supp_Motor_Area_L	Supp_Motor_Area_R	Olfactory_L	Olfactory_R	Frontal_Sup_Medial_L	Frontal_Sup_Medial_R	Frontal_Med_Orb_L	Frontal_Med_Orb_R	Rectus_L	Rectus_R	Insula_L	Insula_R	Cingulum_Ant_L	Cingulum_Ant_R	Cingulum_Mid_L	Cingulum_Mid_R	Cingulum_Post_L	Cingulum_Post_R	Hippocampus_L	Hippocampus_R	ParaHippocampal_L	ParaHippocampal_R	Amygdala_L	Amygdala_R	Calcarine_L	Calcarine_R	Cuneus_L	Cuneus_R	Lingual_L	Lingual_R	Occipital_Sup_L	Occipital_Sup_R	Occipital_Mid_L	Occipital_Mid_R	Occipital_Inf_L	Occipital_Inf_R	Fusiform_L	Fusiform_R	Postcentral_L	Postcentral_R	Parietal_Sup_L	Parietal_Sup_R	Parietal_Inf_L	Parietal_Inf_R	SupraMarginal_L	SupraMarginal_R	Angular_L	Angular_R	Precuneus_L	Precuneus_R	Paracentral_Lobule_L	Paracentral_Lobule_R	Caudate_L	Caudate_R	Putamen_L	Putamen_R	Pallidum_L	Pallidum_R	Thalamus_L	Thalamus_R	Heschl_L	Heschl_R	Temporal_Sup_L	Temporal_Sup_R	Temporal_Pole_Sup_L	Temporal_Pole_Sup_R	Temporal_Mid_L	Temporal_Mid_R	Temporal_Pole_Mid_L	Temporal_Pole_Mid_R	Temporal_Inf_L	Temporal_Inf_R	Cerebelum_Crus1_L	Cerebelum_Crus1_R	Cerebelum_Crus2_L	Cerebelum_Crus2_R	Cerebelum_3_L	Cerebelum_3_R	Cerebelum_4_5_L	Cerebelum_4_5_R	Cerebelum_6_L	Cerebelum_6_R	Cerebelum_7b_L	Cerebelum_7b_R	Cerebelum_8_L	Cerebelum_8_R	Cerebelum_9_L	Cerebelum_9_R	Cerebelum_10_L	Cerebelum_10_R	Vermis_1_2	Vermis_3	Vermis_4_5	Vermis_6	Vermis_7	Vermis_8	Vermis_9	Vermis_10	
594924	Precentral_L	0	1056	17206	2042	0	0	17820	710	0	0	20604	0	4184	0	0	0	15664	0	13866	9704	0	0	0	0	0	0	0	0	16928	0	0	0	1072	7996	1412	1346	6470	432	198	178	0	0	884	0	174	0	0	0	294	0	3840	0	1256	0	4162	830	23356	340	786	0	3206	0	2940	0	382	0	1152	298	50626	2046	6996	4898	7300	854	4180	0	19002	2012	3826	0	6536	0	0	0	3714	0	0	0	2350	334	0	0	0	0	0	0	0	0	0	0	0	0	0	0	0	0	0	0	0	0	0	0	0	0	0	0	
240884	Precentral_R	1056	0	1274	5688	0	0	122	9564	0	0	208	2958	400	1118	198	0	0	950	1706	8090	0	0	0	0	0	0	0	0	2422	5564	0	0	0	8474	540	1814	400	2514	0	582	0	0	0	360	0	228	0	274	0	1166	0	166	0	752	580	4474	0	18430	0	842	0	1720	0	3166	0	442	0	2770	1608	13090	932	760	1254	3296	0	0	0	1210	0	200	360	698	0	0	0	3846	0	0	216	1628	0	0	0	0	0	0	0	0	0	0	0	0	0	0	0	0	0	0	0	0	332	0	0	0	0	0	
1.08289e+06	Frontal_Sup_L	17206	1274	0	19074	6280	0	79068	2114	902	212	17778	1228	20786	1224	7124	1732	10788	228	107978	29154	0	0	42732	6764	904	0	308	0	42708	3082	12682	4590	2286	11152	0	0	3318	986	0	904	0	0	110	0	0	0	0	0	0	0	1198	0	368	0	1722	644	2900	122	294	0	1290	0	290	0	136	0	474	0	10524	0	7400	12886	12106	7740	5010	0	5148	1560	1484	0	5424	0	1558	0	1434	0	0	0	3056	0	0	0	0	0	0	0	0	0	0	0	0	0	0	0	0	0	0	0	0	0	0	0	0	0	0	0	
758124	Frontal_Sup_R	2042	5688	19074	0	0	1822	5292	25376	0	848	614	3330	2356	16604	884	5648	0	4458	34242	69448	0	0	7922	29468	0	2648	0	426	4908	21650	2906	18824	1856	15342	0	0	188	7304	0	1508	0	0	0	0	0	0	0	0	0	0	0	0	0	0	174	3428	128	2112	0	416	0	462	0	450	0	282	0	454	266	444	6414	19798	1604	21028	186	980	414	5658	0	0	208	294	0	0	0	646	0	0	216	324	0	0	0	0	0	0	0	0	0	0	0	0	0	0	0	0	0	0	0	0	0	0	0	0	0	0	
111960	Frontal_Sup_Orb_L	0	0	6280	0	0	0	1720	0	8618	0	0	0	1800	0	7718	0	0	0	464	0	894	0	4094	0	2082	0	3942	0	4582	0	3716	0	0	0	0	0	0	0	182	0	180	0	0	0	0	0	0	0	0	0	0	0	0	0	0	0	0	0	0	0	0	0	0	0	0	0	0	0	0	0	388	374	8946	0	0	0	0	0	0	0	0	0	0	0	0	0	0	0	0	0	0	0	0	0	0	0	0	0	0	0	0	0	0	0	0	0	0	0	0	0	0	0	0	0	0	0	
54852	Frontal_Sup_Orb_R	0	0	0	1822	0	0	0	306	0	3478	0	0	0	0	0	2292	0	0	0	0	0	514	130	2386	0	5356	0	5440	0	264	626	2252	0	0	0	0	0	0	0	0	0	0	0	0	0	0	0	0	0	0	0	0	0	0	0	0	0	0	0	0	0	0	0	0	0	0	0	0	0	0	0	2132	0	428	0	0	0	0	0	0	0	0	0	0	0	0	0	0	0	0	0	0	0	0	0	0	0	0	0	0	0	0	0	0	0	0	0	0	0	0	0	0	0	0	0	0	
584720	Frontal_Mid_L	17820	122	79068	5292	1720	0	0	1108	2014	0	16952	0	31026	296	9704	120	8152	0	26188	7284	0	0	15910	2978	0	0	0	0	21880	200	4134	2704	1996	3332	0	0	564	0	0	0	0	0	124	0	0	0	0	0	0	0	1288	0	386	0	1336	0	4310	0	338	0	1630	0	902	0	514	0	504	0	284	0	5888	3786	1286	916	0	0	282	170	704	0	3126	0	0	0	2496	0	0	0	1526	0	0	0	0	0	0	0	0	0	0	0	0	0	0	0	0	0	0	0	0	0	0	0	0	0	0	0	
224564	Frontal_Mid_R	710	9564	2114	25376	0	306	1108	0	0	870	418	4254	652	18684	172	5044	0	0	3102	4652	0	0	0	644	0	0	0	0	1834	4170	140	470	0	500	0	0	172	1642	0	326	0	0	0	0	0	0	0	0	0	0	0	0	0	0	0	1026	0	830	0	0	0	246	0	474	0	410	0	0	0	0	2558	8054	758	7494	0	114	156	1518	0	0	116	250	0	0	0	998	0	0	0	356	0	0	0	0	0	0	0	0	0	0	0	0	0	0	0	0	0	0	0	0	0	0	0	0	0	0	
63392	Frontal_Mid_Orb_L	0	0	902	0	8618	0	2014	0	0	0	0	0	1966	0	9568	0	0	0	0	0	142	0	0	0	0	0	2004	0	2730	0	288	0	0	0	0	0	0	0	0	0	0	0	0	0	0	0	0	0	0	0	0	0	0	0	0	0	0	0	0	0	0	0	0	0	0	0	0	0	0	0	0	0	3464	0	0	0	0	0	0	0	0	0	0	0	0	0	0	0	0	0	0	0	0	0	0	0	0	0	0	0	0	0	0	0	0	0	0	0	0	0	0	0	0	0	0	0	
30204	Frontal_Mid_Orb_R	0	0	212	848	0	3478	0	870	0	0	0	0	0	316	0	6196	0	0	266	126	0	0	0	202	0	0	0	226	0	360	0	0	0	0	0	0	0	0	0	0	0	0	0	0	0	0	0	0	0	0	0	0	0	0	0	0	0	0	0	0	0	0	0	0	0	0	0	0	0	0	0	820	0	1182	0	0	0	0	0	0	0	0	0	0	0	0	0	0	0	0	0	0	0	0	0	0	0	0	0	0	0	0	0	0	0	0	0	0	0	0	0	0	0	0	0	0	
324336	Frontal_Inf_Oper_L	20604	208	17778	614	0	0	16952	418	0	0	0	0	13622	0	0	116	22936	0	14686	648	0	0	0	0	0	0	0	0	26528	0	0	0	0	0	0	0	300	0	0	0	0	0	0	0	0	0	0	0	0	0	0	0	0	0	198	0	7920	0	0	0	0	0	1206	0	0	0	0	0	0	0	2506	1404	510	200	0	0	0	206	1538	0	7506	0	2364	0	488	108	0	0	604	0	0	0	0	0	0	0	0	0	0	0	0	0	0	0	0	0	0	0	0	0	0	0	0	0	0	0	
131808	Frontal_Inf_Oper_R	0	2958	1228	3330	0	0	0	4254	0	0	0	0	132	7762	0	778	0	3276	3074	5088	0	0	0	128	0	0	0	0	162	11340	0	0	0	338	0	0	0	1156	0	868	0	0	0	0	0	0	0	0	0	296	0	0	0	0	0	940	0	1656	0	0	0	0	0	0	0	0	0	344	0	0	252	5532	0	9810	0	0	0	0	0	0	0	288	0	656	0	258	0	0	0	0	0	0	0	0	0	0	0	0	0	0	0	0	0	0	0	0	0	0	0	0	0	0	0	0	0	0	
360544	Frontal_Inf_Tri_L	4184	400	20786	2356	1800	0	31026	652	1966	0	13622	132	0	774	21410	728	2830	0	12914	2780	0	0	1504	0	108	0	0	0	35404	640	1860	496	170	302	0	0	0	196	0	162	0	0	0	0	0	0	0	0	0	0	0	0	0	0	0	176	366	0	0	0	0	0	0	0	0	0	0	0	0	0	8212	3492	5464	510	0	0	0	712	0	0	1012	0	960	0	0	0	0	0	166	0	0	0	0	0	0	0	0	0	0	0	0	0	0	0	0	0	0	0	0	0	0	0	0	0	0	0	
261208	Frontal_Inf_Tri_R	0	1118	1224	16604	0	0	296	18684	0	316	0	7762	774	0	144	15056	0	172	4158	10530	0	0	410	3188	0	0	0	0	1952	21082	316	2766	0	950	0	0	0	1074	0	646	0	0	0	0	0	0	0	0	0	0	0	0	0	0	0	646	0	426	0	0	0	204	0	272	0	360	0	0	0	0	1232	9928	282	6844	0	0	0	272	0	0	0	132	0	0	0	784	0	0	0	0	0	0	0	0	0	0	0	0	0	0	0	0	0	0	0	0	0	0	0	0	0	0	0	0	0	0	
200800	Frontal_Inf_Orb_L	0	198	7124	884	7718	0	9704	172	9568	0	0	0	21410	144	0	180	0	0	3620	1024	928	0	338	0	0	0	582	0	18770	0	530	0	0	0	0	0	0	0	168	0	202	0	0	0	0	0	0	0	0	0	0	0	0	0	0	0	0	0	0	0	0	0	0	0	0	0	0	0	0	0	2948	1296	12128	112	0	0	0	274	0	0	0	0	378	0	0	0	0	0	0	0	0	0	0	0	0	0	0	0	0	0	0	0	0	0	0	0	0	0	0	0	0	0	0	0	0	0	
172064	Frontal_Inf_Orb_R	0	0	1732	5648	0	2292	120	5044	0	6196	116	778	728	15056	180	0	0	108	2324	3514	0	1026	162	1078	0	0	0	1212	1412	11312	0	838	0	286	0	0	0	450	0	364	0	420	0	0	0	0	0	0	0	0	0	0	0	0	0	0	0	0	0	0	0	0	0	0	0	0	0	0	0	0	1658	12430	220	8490	0	0	0	670	0	0	0	0	0	168	0	0	0	0	0	0	0	0	0	0	0	0	0	0	0	0	0	0	0	0	0	0	0	0	0	0	0	0	0	0	0	0	
268948	Rolandic_Oper_L	15664	0	10788	0	0	0	8152	0	0	0	22936	0	2830	0	0	0	0	0	9096	204	0	0	0	0	0	0	0	0	24452	0	0	0	0	0	0	0	620	0	0	0	0	0	0	0	0	0	0	0	0	0	0	0	0	0	886	0	10080	0	0	0	298	0	4522	0	300	0	0	0	0	0	838	0	264	0	164	0	0	0	5088	0	11888	0	1620	0	2662	0	0	0	1122	0	0	0	0	0	0	0	0	0	0	0	0	0	0	0	0	0	0	0	0	0	0	0	0	0	0	0	
106124	Rolandic_Oper_R	0	950	228	4458	0	0	0	0	0	0	0	3276	0	172	0	108	0	0	1488	4664	0	0	0	0	0	0	0	0	0	11822	0	0	0	162	0	0	0	2336	0	730	0	0	0	0	0	0	0	0	0	0	0	0	0	0	0	1214	0	4146	0	592	0	382	0	1922	0	0	0	378	0	400	0	2484	0	6740	0	0	0	0	0	1514	0	2018	0	674	0	204	0	0	0	0	0	0	0	0	0	0	0	0	0	0	0	0	0	0	0	0	0	0	0	0	0	0	0	0	0	0	
1.08855e+06	Supp_Motor_Area_L	13866	1706	107978	34242	464	0	26188	3102	0	266	14686	3074	12914	4158	3620	2324	9096	1488	0	73734	0	0	11264	6234	0	0	0	0	39010	6972	4168	9206	6332	25960	192	0	4316	4432	234	3388	0	0	0	0	0	0	0	0	0	0	396	0	0	0	3532	2654	1102	408	0	204	0	0	162	0	0	0	142	326	13476	548	8190	19874	10408	16116	6840	254	5684	2536	784	0	7062	0	1598	352	862	0	0	0	6152	0	0	0	0	0	0	0	0	0	0	0	0	0	0	0	0	0	0	0	0	0	0	0	0	0	0	0	
1.00943e+06	Supp_Motor_Area_R	9704	8090	29154	69448	0	0	7284	4652	0	126	648	5088	2780	10530	1024	3514	204	4664	73734	0	0	0	4248	9126	0	0	0	0	6506	14578	2690	12190	4840	60898	562	2642	594	10680	138	4708	0	0	112	294	0	178	0	286	0	372	0	0	0	288	706	8480	266	1564	0	236	0	126	0	276	0	114	182	1650	19058	15476	9160	23874	4254	15776	3522	1734	4904	21336	0	210	300	848	0	462	0	928	0	0	368	2330	0	0	0	0	0	0	0	0	0	0	0	0	0	0	0	0	0	0	0	0	0	0	0	0	0	0	
62800	Olfactory_L	0	0	0	0	894	0	0	0	142	0	0	0	0	0	928	0	0	0	0	0	0	5404	0	0	0	204	1320	1250	2180	0	2364	1958	0	0	0	0	666	0	496	0	1252	0	0	0	0	0	0	0	0	0	0	0	0	0	0	0	0	0	0	0	0	0	0	0	0	0	0	0	0	0	5718	2550	3914	0	0	0	0	0	0	0	0	0	160	0	0	0	0	0	0	0	0	0	0	0	0	0	0	0	0	0	0	0	0	0	0	0	0	0	0	0	0	0	0	0	0	0	
69120	Olfactory_R	0	0	0	0	0	514	0	0	0	0	0	0	0	0	0	1026	0	0	0	0	5404	0	0	162	0	1380	898	2710	0	1432	2786	3530	0	0	0	0	0	206	0	218	0	682	0	0	0	0	0	0	0	0	0	0	0	0	0	0	0	0	0	0	0	0	0	0	0	0	0	0	0	0	5874	3592	3602	544	0	0	0	0	0	0	0	0	0	0	0	0	0	0	0	0	0	0	0	0	0	0	0	0	0	0	0	0	0	0	0	0	0	0	0	0	0	0	0	0	0	0	
324284	Frontal_Sup_Medial_L	0	0	42732	7922	4094	130	15910	0	0	0	0	0	1504	410	338	162	0	0	11264	4248	0	0	0	21558	1624	374	420	0	2650	206	15226	13674	2192	9950	0	0	0	0	0	0	0	0	0	0	0	0	0	0	0	0	0	0	0	0	0	0	0	0	0	0	0	0	0	0	0	0	0	0	0	0	750	468	4336	0	0	0	0	0	0	0	0	0	0	0	0	0	0	0	0	0	0	0	0	0	0	0	0	0	0	0	0	0	0	0	0	0	0	0	0	0	0	0	0	0	0	0	
278364	Frontal_Sup_Medial_R	0	0	6764	29468	0	2386	2978	644	0	202	0	128	0	3188	0	1078	0	0	6234	9126	0	162	21558	0	126	4166	0	1162	340	2468	4470	21854	140	13322	0	0	0	0	0	0	0	0	0	0	0	0	0	0	0	0	0	0	0	0	0	0	0	0	0	0	0	0	0	0	0	0	0	0	0	0	192	4596	0	2430	0	0	0	0	0	0	0	0	0	0	0	0	0	0	0	0	0	0	0	0	0	0	0	0	0	0	0	0	0	0	0	0	0	0	0	0	0	0	0	0	0	0	
18176	Frontal_Med_Orb_L	0	0	904	0	2082	0	0	0	0	0	0	0	108	0	0	0	0	0	0	0	0	0	1624	126	0	134	1004	0	170	0	2148	134	0	0	0	0	0	0	0	0	0	0	0	0	0	0	0	0	0	0	0	0	0	0	0	0	0	0	0	0	0	0	0	0	0	0	0	0	0	0	130	0	524	0	0	0	0	0	0	0	0	0	0	0	0	0	0	0	0	0	0	0	0	0	0	0	0	0	0	0	0	0	0	0	0	0	0	0	0	0	0	0	0	0	0	0	
56808	Frontal_Med_Orb_R	0	0	0	2648	0	5356	0	0	0	0	0	0	0	0	0	0	0	0	0	0	204	1380	374	4166	134	0	0	4848	0	0	1278	5104	0	0	0	0	0	0	0	0	0	0	0	0	0	0	0	0	0	0	0	0	0	0	0	0	0	0	0	0	0	0	0	0	0	0	0	0	0	0	202	2566	144	0	0	0	0	0	0	0	0	0	0	0	0	0	0	0	0	0	0	0	0	0	0	0	0	0	0	0	0	0	0	0	0	0	0	0	0	0	0	0	0	0	0	0	
34188	Rectus_L	0	0	308	0	3942	0	0	0	2004	0	0	0	0	0	582	0	0	0	0	0	1320	898	420	0	1004	0	0	380	0	0	2794	192	0	0	0	0	0	0	0	0	0	0	0	0	0	0	0	0	0	0	0	0	0	0	0	0	0	0	0	0	0	0	0	0	0	0	0	0	0	0	1488	0	1762	0	0	0	0	0	0	0	0	0	0	0	0	0	0	0	0	0	0	0	0	0	0	0	0	0	0	0	0	0	0	0	0	0	0	0	0	0	0	0	0	0	0	0	
54028	Rectus_R	0	0	0	426	0	5440	0	0	0	226	0	0	0	0	0	1212	0	0	0	0	1250	2710	0	1162	0	4848	380	0	0	680	670	2316	0	0	0	0	0	0	0	0	0	0	0	0	0	0	0	0	0	0	0	0	0	0	0	0	0	0	0	0	0	0	0	0	0	0	0	0	0	0	1192	2912	672	918	0	0	0	0	0	0	0	0	0	0	0	0	0	0	0	0	0	0	0	0	0	0	0	0	0	0	0	0	0	0	0	0	0	0	0	0	0	0	0	0	0	0	
835520	Insula_L	16928	2422	42708	4908	4582	0	21880	1834	2730	0	26528	162	35404	1952	18770	1412	24452	0	39010	6506	2180	0	2650	340	170	0	0	0	0	1404	2740	1486	128	1294	204	114	16176	778	1854	624	3628	0	140	0	0	0	0	0	0	0	690	0	724	0	10916	610	4956	192	0	0	108	0	4092	0	0	0	160	0	2564	0	13696	7892	24968	1346	242	0	2450	1360	7750	0	18900	0	4758	0	5806	110	0	0	15262	0	0	0	0	0	0	0	110	0	0	0	0	0	0	0	0	0	0	0	0	0	0	0	0	0	0	0	
444924	Insula_R	0	5564	3082	21650	0	264	200	4170	0	360	0	11340	640	21082	0	11312	0	11822	6972	14578	0	1432	206	2468	0	0	0	680	1404	0	266	2392	0	938	0	0	0	14058	0	6150	0	1136	0	0	0	0	0	0	0	0	0	0	0	0	0	10290	0	2326	0	492	0	532	0	1162	0	200	0	244	0	196	764	11920	260	36230	0	280	0	2140	0	1158	0	4316	0	1504	0	2820	0	0	0	1462	0	0	0	0	0	0	0	0	0	0	0	0	0	0	0	0	0	0	0	0	0	0	0	0	0	0	
203484	Cingulum_Ant_L	0	0	12682	2906	3716	626	4134	140	288	0	0	0	1860	316	530	0	0	0	4168	2690	2364	2786	15226	4470	2148	1278	2794	670	2740	266	0	13534	1724	3732	0	0	0	0	0	0	0	0	0	0	0	0	0	0	0	0	0	0	0	0	0	0	0	0	0	0	0	0	0	0	0	0	0	0	0	0	5756	2500	5698	0	0	0	0	0	0	0	0	0	0	0	0	0	0	0	0	0	0	0	0	0	0	0	0	0	0	0	0	0	0	0	0	0	0	0	0	0	0	0	0	0	0	0	
310648	Cingulum_Ant_R	0	0	4590	18824	0	2252	2704	470	0	0	0	0	496	2766	0	838	0	0	9206	12190	1958	3530	13674	21854	134	5104	192	2316	1486	2392	13534	0	1654	18608	0	0	0	0	0	0	0	0	0	0	0	0	0	0	0	0	0	0	0	0	0	0	0	0	0	0	0	0	0	0	0	0	0	0	0	0	2934	7784	1704	2130	0	0	0	0	0	0	0	0	0	0	0	0	0	0	0	0	0	0	0	0	0	0	0	0	0	0	0	0	0	0	0	0	0	0	0	0	0	0	0	0	0	0	
109196	Cingulum_Mid_L	1072	0	2286	1856	0	0	1996	0	0	0	0	0	170	0	0	0	0	0	6332	4840	0	0	2192	140	0	0	0	0	128	0	1724	1654	0	8842	2500	420	0	0	0	0	0	0	1380	734	342	914	0	136	298	756	374	468	0	148	0	150	218	0	262	0	0	0	0	0	0	0	4004	2766	3746	790	0	0	0	0	0	0	0	0	0	0	0	0	0	0	0	518	0	0	0	296	0	0	0	0	0	0	0	0	0	0	0	0	0	0	0	0	0	0	0	0	146	0	0	0	0	0	
536920	Cingulum_Mid_R	7996	8474	11152	15342	0	0	3332	500	0	0	0	338	302	950	0	286	0	162	25960	60898	0	0	9950	13322	0	0	0	0	1294	938	3732	18608	8842	0	1362	5822	120	1136	0	726	0	0	112	1206	0	1626	0	438	0	1702	0	798	0	316	596	2946	0	2436	0	242	0	210	0	0	0	366	752	6174	15406	18030	2040	2068	216	1636	356	418	2786	574	0	0	0	0	0	0	0	1686	0	0	0	1270	0	0	0	0	0	0	0	0	0	0	0	0	0	0	0	0	0	0	0	0	510	0	0	0	0	0	
108368	Cingulum_Post_L	1412	540	0	0	0	0	0	0	0	0	0	0	0	0	0	0	0	0	192	562	0	0	0	0	0	0	0	0	204	0	0	0	2500	1362	0	11882	3384	3234	2480	1496	0	0	2196	0	192	0	1074	0	0	172	546	0	402	0	4382	3760	128	660	0	0	0	0	0	0	0	0	4232	1934	1732	1104	0	0	0	0	0	0	0	324	0	0	0	0	0	0	270	0	0	0	0	1006	0	0	0	0	0	0	0	0	0	0	0	0	0	0	0	0	0	0	0	0	822	0	0	0	0	0	
153080	Cingulum_Post_R	1346	1814	0	0	0	0	0	0	0	0	0	0	0	0	0	0	0	0	0	2642	0	0	0	0	0	0	0	0	114	0	0	0	420	5822	11882	0	2796	4156	2070	2080	0	0	0	1276	0	646	0	826	0	1270	0	116	0	230	938	6606	0	1794	0	0	0	0	0	0	0	0	384	11514	1326	5564	0	0	0	156	0	0	0	688	0	0	0	0	0	0	0	194	0	0	0	2980	0	0	0	0	0	0	0	0	0	0	0	0	0	0	0	0	0	0	0	0	4890	0	0	0	0	0	
263764	Hippocampus_L	6470	400	3318	188	0	0	564	172	0	0	300	0	0	0	0	0	620	0	4316	594	666	0	0	0	0	0	0	0	16176	0	0	0	0	120	3384	2796	0	2646	13016	1306	9230	0	374	0	0	0	1294	0	0	0	134	0	0	0	13794	788	214	0	0	0	0	0	0	0	0	0	808	894	4252	0	196	252	8782	244	1056	0	6240	1678	2470	0	3510	0	1720	0	1794	0	0	0	14924	0	0	0	0	0	0	0	182	0	0	0	0	0	0	0	0	0	0	0	0	0	0	0	0	0	0	0	
441380	Hippocampus_R	432	2514	986	7304	0	0	0	1642	0	0	0	1156	196	1074	0	450	0	2336	4432	10680	0	206	0	0	0	0	0	0	778	14058	0	0	0	1136	3234	4156	2646	0	1852	39646	0	11404	0	0	0	0	0	998	0	0	0	0	0	0	0	44048	0	1122	0	184	0	158	0	248	0	0	0	2216	332	136	194	5784	348	30388	0	726	1286	7954	0	166	166	514	0	2342	0	2712	0	1140	134	4178	0	0	0	0	0	0	0	474	0	0	0	0	0	0	0	0	0	0	0	0	424	0	0	0	0	0	
94496	ParaHippocampal_L	198	0	0	0	182	0	0	0	0	0	0	0	0	0	168	0	0	0	234	138	496	0	0	0	0	0	0	0	1854	0	0	0	0	0	2480	2070	13016	1852	0	1046	3286	0	406	0	0	0	1718	224	0	0	218	0	220	0	4768	624	0	0	0	0	0	0	0	0	0	0	554	762	194	0	0	0	976	170	0	0	1194	864	0	0	350	0	278	0	574	0	0	0	1350	0	208	0	0	0	1558	0	1616	0	636	0	0	0	0	0	198	0	0	0	138	430	0	0	0	0	0	0	
293556	ParaHippocampal_R	178	582	904	1508	0	0	0	326	0	0	0	868	162	646	0	364	0	730	3388	4708	0	218	0	0	0	0	0	0	624	6150	0	0	0	726	1496	2080	1306	39646	1046	0	0	9342	0	0	0	0	0	3044	0	0	0	0	0	0	0	29886	0	344	0	0	0	0	0	0	0	0	0	2376	126	0	0	5042	288	16246	0	598	810	3214	0	0	122	202	0	2998	0	732	0	1344	0	848	0	0	0	0	0	0	0	1020	0	0	0	0	0	0	0	0	0	0	0	0	540	0	0	0	0	0	
50944	Amygdala_L	0	0	0	0	180	0	0	0	0	0	0	0	0	0	202	0	0	0	0	0	1252	0	0	0	0	0	0	0	3628	0	0	0	0	0	0	0	9230	0	3286	0	0	0	0	0	0	0	0	0	0	0	0	0	0	0	2864	0	0	0	0	0	0	0	0	0	0	0	0	0	0	0	0	0	1414	0	0	0	0	0	0	0	0	0	1502	0	298	0	0	0	1616	0	0	0	0	0	0	0	0	0	0	0	0	0	0	0	0	0	0	0	0	0	0	0	0	0	0	0	
70572	Amygdala_R	0	0	0	0	0	0	0	0	0	0	0	0	0	0	0	420	0	0	0	0	0	682	0	0	0	0	0	0	0	1136	0	0	0	0	0	0	0	11404	0	9342	0	0	0	0	0	0	0	0	0	0	0	0	0	0	0	4558	0	0	0	0	0	0	0	0	0	0	0	0	0	0	0	0	0	1886	0	0	0	444	0	0	0	0	0	3312	0	0	0	1546	0	556	0	0	0	0	0	0	0	0	0	0	0	0	0	0	0	0	0	0	0	0	0	0	0	0	0	0	
208632	Calcarine_L	884	0	110	0	0	0	124	0	0	0	0	0	0	0	0	0	0	0	0	112	0	0	0	0	0	0	0	0	140	0	0	0	1380	112	2196	0	374	0	406	0	0	0	0	3252	10780	1894	9268	676	8042	1740	18240	146	4922	0	2390	0	3580	0	6112	0	4088	0	0	0	664	0	14646	412	1296	0	0	0	0	0	0	0	0	0	0	0	0	0	0	0	4368	0	0	0	398	0	152	0	0	0	0	0	328	0	250	0	0	0	0	0	0	0	0	0	0	0	834	0	0	0	0	0	
212964	Calcarine_R	0	360	0	0	0	0	0	0	0	0	0	0	0	0	0	0	0	0	0	294	0	0	0	0	0	0	0	0	0	0	0	0	734	1206	0	1276	0	0	0	0	0	0	3252	0	1290	12786	112	15498	138	15294	0	9282	0	3352	0	7472	0	2834	0	696	0	228	0	0	0	268	2214	19422	0	3514	0	0	0	0	0	0	0	0	0	0	0	0	0	0	0	2350	0	0	0	2082	0	0	0	0	0	0	0	0	0	0	0	0	0	0	0	0	0	0	0	0	528	0	0	0	0	0	
119244	Cuneus_L	174	0	0	0	0	0	0	0	0	0	0	0	0	0	0	0	0	0	0	0	0	0	0	0	0	0	0	0	0	0	0	0	342	0	192	0	0	0	0	0	0	0	10780	1290	0	4416	332	0	16164	2296	9532	338	452	0	224	0	222	0	2190	114	372	0	0	0	478	0	7312	1142	170	0	0	0	0	0	0	0	0	0	0	0	0	0	0	0	1090	0	0	0	0	0	0	0	0	0	0	0	0	0	0	0	0	0	0	0	0	0	0	0	0	0	0	0	0	0	0	0	
254940	Cuneus_R	0	228	0	0	0	0	0	0	0	0	0	0	0	0	0	0	0	0	0	178	0	0	0	0	0	0	0	0	0	0	0	0	914	1626	0	646	0	0	0	0	0	0	1894	12786	4416	0	0	2116	448	34866	0	15556	0	2632	0	2024	0	238	0	5292	0	354	0	0	0	1434	5048	23492	0	532	0	0	0	0	0	0	0	0	0	0	0	0	0	0	0	6282	0	0	0	4212	0	0	0	0	0	0	0	0	0	0	0	0	0	0	0	0	0	0	0	0	256	0	0	0	0	0	
221380	Lingual_L	0	0	0	0	0	0	0	0	0	0	0	0	0	0	0	0	0	0	0	0	0	0	0	0	0	0	0	0	0	0	0	0	0	0	1074	0	1294	0	1718	0	0	0	9268	112	332	0	0	2368	3494	0	14278	0	6166	0	12760	0	0	0	126	0	0	0	0	0	0	0	3528	0	0	0	0	0	0	0	0	0	0	0	0	0	0	0	0	0	284	0	0	0	0	0	10738	636	1004	126	224	0	13396	214	17886	1006	0	0	0	0	168	0	0	0	0	0	3810	3888	792	0	0	0	
263200	Lingual_R	0	274	0	0	0	0	0	0	0	0	0	0	0	0	0	0	0	0	0	286	0	0	0	0	0	0	0	0	0	0	0	0	136	438	0	826	0	998	224	3044	0	0	676	15498	0	2116	2368	0	0	4284	144	3698	0	1874	1252	17486	0	510	0	0	0	0	0	0	0	0	734	10914	0	1322	0	0	0	0	0	0	0	186	0	0	0	0	0	0	0	966	0	0	0	1016	2800	7832	882	652	984	0	2100	6162	6886	12646	426	0	764	260	1760	0	196	0	0	0	4998	9618	1364	0	0	0	
181340	Occipital_Sup_L	294	0	0	0	0	0	0	0	0	0	0	0	0	0	0	0	0	0	0	0	0	0	0	0	0	0	0	0	0	0	0	0	298	0	0	0	0	0	0	0	0	0	8042	138	16164	448	3494	0	0	152	29762	0	1808	0	682	0	492	0	11126	0	1750	0	0	0	968	0	13022	670	138	0	0	0	0	0	0	0	0	0	0	0	0	0	0	0	1222	0	0	0	0	0	0	0	0	0	0	0	0	0	0	0	0	0	0	0	0	0	0	0	0	0	0	0	0	0	0	0	
347428	Occipital_Sup_R	0	1166	0	0	0	0	0	0	0	0	0	296	0	0	0	0	0	0	0	372	0	0	0	0	0	0	0	0	0	0	0	0	756	1702	172	1270	0	0	0	0	0	0	1740	15294	2296	34866	0	4284	152	0	0	30484	0	4874	0	4514	0	1442	0	9356	0	2230	0	144	0	6432	2274	26984	0	1170	0	0	0	0	0	0	0	0	0	0	0	356	0	0	0	12626	0	0	0	6198	0	0	0	0	0	0	0	0	0	0	0	0	0	0	0	0	0	0	0	0	264	0	0	0	0	0	
414248	Occipital_Mid_L	3840	0	1198	0	0	0	1288	0	0	0	0	0	0	0	0	0	0	0	396	0	0	0	0	0	0	0	0	0	690	0	0	0	374	0	546	0	134	0	218	0	0	0	18240	0	9532	0	14278	144	29762	0	0	0	25958	0	8794	0	3690	0	18330	0	13184	0	238	0	15020	0	18780	0	1424	0	626	274	0	0	0	0	0	0	0	0	110	0	0	0	18060	0	0	0	1996	0	0	0	0	0	0	0	0	0	0	0	0	0	0	0	0	0	0	0	0	0	0	0	0	0	0	0	
269784	Occipital_Mid_R	0	166	0	0	0	0	0	0	0	0	0	0	0	0	0	0	0	0	0	0	0	0	0	0	0	0	0	0	0	0	0	0	468	798	0	116	0	0	0	0	0	0	146	9282	338	15556	0	3698	0	30484	0	0	0	5696	0	3378	0	232	0	8596	0	6578	0	0	0	14612	874	12330	0	322	0	0	0	0	0	0	0	0	0	0	0	448	0	0	0	15108	0	0	0	5666	0	0	0	0	0	0	0	0	0	0	0	0	0	0	0	0	0	0	0	0	0	0	0	0	0	0	
132668	Occipital_Inf_L	1256	0	368	0	0	0	386	0	0	0	0	0	0	0	0	0	0	0	0	0	0	0	0	0	0	0	0	0	724	0	0	0	0	0	402	0	0	0	220	0	0	0	4922	0	452	0	6166	0	1808	0	25958	0	0	0	11106	0	320	0	264	0	578	0	0	0	512	0	1078	0	374	0	0	0	0	0	0	0	0	0	0	0	0	0	0	0	6028	0	0	0	2688	0	0	0	0	0	0	0	260	0	464	0	0	0	0	0	0	0	0	0	0	0	0	0	0	0	0	0	
86484	Occipital_Inf_R	0	752	0	0	0	0	0	0	0	0	0	0	0	0	0	0	0	0	0	288	0	0	0	0	0	0	0	0	0	0	0	0	148	316	0	230	0	0	0	0	0	0	0	3352	0	2632	0	1874	0	4874	0	5696	0	0	0	8220	0	234	0	572	0	130	0	0	0	668	0	3188	0	488	0	0	0	0	0	0	0	0	0	0	0	0	0	0	0	3004	0	0	0	6576	0	0	0	0	0	0	0	0	0	0	0	0	0	0	0	0	0	0	0	0	0	0	0	0	0	0	
397852	Fusiform_L	4162	580	1722	174	0	0	1336	0	0	0	198	0	0	0	0	0	886	0	3532	706	0	0	0	0	0	0	0	0	10916	0	0	0	0	596	4382	938	13794	0	4768	0	2864	0	2390	0	224	0	12760	1252	682	0	8794	0	11106	0	0	238	1234	364	390	0	538	0	562	0	388	0	2064	214	930	590	256	342	3264	0	0	0	132	0	858	0	5150	0	1448	0	6854	0	590	0	18424	158	21284	226	612	0	0	0	10292	0	27818	440	0	0	128	0	0	0	0	0	0	0	1360	2322	694	0	0	0	
592436	Fusiform_R	830	4474	644	3428	0	0	0	1026	0	0	0	940	176	646	0	0	0	1214	2654	8480	0	0	0	0	0	0	0	0	610	10290	0	0	150	2946	3760	6606	788	44048	624	29886	0	4558	0	7472	0	2024	0	17486	0	4514	0	3378	0	8220	238	0	0	3416	0	662	0	336	0	162	0	328	146	12236	314	2314	0	2990	290	17080	0	250	320	1766	0	0	112	556	0	5438	0	8532	0	2752	0	19614	620	12424	262	484	504	0	666	5304	1694	14894	278	0	292	230	1044	0	0	0	0	0	2684	2764	350	0	0	0	
251496	Postcentral_L	23356	0	2900	128	0	0	4310	0	0	0	7920	0	366	0	0	0	10080	0	1102	266	0	0	0	0	0	0	0	0	4956	0	0	0	218	0	128	0	214	0	0	0	0	0	3580	0	222	0	0	0	492	0	3690	0	320	0	1234	0	0	0	8820	0	20212	0	9476	0	1690	0	3312	0	3626	0	294	1008	0	0	0	0	0	552	2558	0	4622	0	0	0	2322	0	0	0	1774	0	0	0	0	0	0	0	0	0	0	0	0	0	0	0	0	0	0	0	0	0	0	0	0	0	0	0	
234228	Postcentral_R	340	18430	122	2112	0	0	0	830	0	0	0	1656	0	426	0	0	0	4146	408	1564	0	0	0	0	0	0	0	0	192	2326	0	0	0	2436	660	1794	0	1122	0	344	0	0	0	2834	0	238	0	510	0	1442	0	232	0	234	364	3416	0	0	0	9304	0	13082	0	12184	0	3928	164	9404	766	8456	222	214	0	2826	0	114	0	0	0	164	0	1480	0	0	0	5924	0	0	0	424	0	0	0	0	0	0	0	0	0	0	0	0	0	0	0	0	0	0	0	0	280	0	0	0	0	0	
183596	Parietal_Sup_L	786	0	294	0	0	0	338	0	0	0	0	0	0	0	0	0	0	0	0	0	0	0	0	0	0	0	0	0	0	0	0	0	262	0	0	0	0	0	0	0	0	0	6112	0	2190	0	126	0	11126	0	18330	0	264	0	390	0	8820	0	0	0	16702	0	0	0	3972	0	20772	236	356	0	174	0	0	0	0	0	0	0	0	0	0	0	0	0	548	0	0	0	0	0	0	0	0	0	0	0	0	0	0	0	0	0	0	0	0	0	0	0	0	0	0	0	0	0	0	0	
164620	Parietal_Sup_R	0	842	0	416	0	0	0	0	0	0	0	0	0	0	0	0	0	592	204	236	0	0	0	0	0	0	0	0	0	492	0	0	0	242	0	0	0	184	0	0	0	0	0	696	114	5292	0	0	0	9356	0	8596	0	572	0	662	0	9304	0	0	0	14916	0	580	0	11650	416	11668	0	2004	0	0	0	218	0	0	0	0	0	138	0	476	0	0	0	1380	0	0	0	1064	0	0	0	0	0	0	0	0	0	0	0	0	0	0	0	0	0	0	0	0	0	0	0	0	0	0	
289568	Parietal_Inf_L	3206	0	1290	0	0	0	1630	0	0	0	0	0	0	0	0	0	298	0	0	0	0	0	0	0	0	0	0	0	108	0	0	0	0	0	0	0	0	0	0	0	0	0	4088	0	372	0	0	0	1750	0	13184	0	578	0	538	0	20212	0	16702	0	0	0	12070	0	32726	0	4884	0	854	0	0	0	0	0	0	0	0	0	0	0	3728	0	0	0	17198	0	0	0	9368	0	0	0	0	0	0	0	0	0	0	0	0	0	0	0	0	0	0	0	0	0	0	0	0	0	0	0	
150520	Parietal_Inf_R	0	1720	0	462	0	0	0	246	0	0	0	0	0	204	0	0	0	382	0	126	0	0	0	0	0	0	0	0	0	532	0	0	0	210	0	0	0	158	0	0	0	0	0	228	0	354	0	0	0	2230	0	6578	0	130	0	336	0	13082	0	14916	0	0	0	9624	0	17228	0	1868	0	858	0	0	0	192	0	0	0	0	0	162	0	680	0	0	0	2126	0	0	0	628	0	0	0	0	0	0	0	0	0	0	0	0	0	0	0	0	0	0	0	0	0	0	0	0	0	0	
134784	SupraMarginal_L	2940	0	290	0	0	0	902	0	0	0	1206	0	0	0	0	0	4522	0	162	0	0	0	0	0	0	0	0	0	4092	0	0	0	0	0	0	0	0	0	0	0	0	0	0	0	0	0	0	0	0	0	238	0	0	0	562	0	9476	0	0	0	12070	0	0	0	6814	0	0	0	488	0	0	0	0	0	0	0	0	0	2142	0	8798	0	0	0	8950	0	0	0	3740	0	0	0	0	0	0	0	0	0	0	0	0	0	0	0	0	0	0	0	0	0	0	0	0	0	0	0	
88716	SupraMarginal_R	0	3166	0	450	0	0	0	474	0	0	0	0	0	272	0	0	0	1922	0	276	0	0	0	0	0	0	0	0	0	1162	0	0	0	0	0	0	0	248	0	0	0	0	0	0	0	0	0	0	0	144	0	0	0	0	0	162	0	12184	0	580	0	9624	0	0	0	3996	0	450	0	442	182	178	0	330	0	0	0	0	0	392	0	4244	0	0	0	3480	0	0	0	0	0	0	0	0	0	0	0	0	0	0	0	0	0	0	0	0	0	0	0	0	0	0	0	0	0	0	
214500	Angular_L	382	0	136	0	0	0	514	0	0	0	0	0	0	0	0	0	300	0	0	0	0	0	0	0	0	0	0	0	0	0	0	0	0	0	0	0	0	0	0	0	0	0	664	0	478	0	0	0	968	0	15020	0	512	0	388	0	1690	0	3972	0	32726	0	6814	0	0	0	2492	0	238	0	0	0	0	0	0	0	0	0	0	0	6452	0	0	0	23126	0	0	0	10378	0	0	0	0	0	0	0	0	0	0	0	0	0	0	0	0	0	0	0	0	0	0	0	0	0	0	0	
165188	Angular_R	0	442	0	282	0	0	0	410	0	0	0	0	0	360	0	0	0	0	0	114	0	0	0	0	0	0	0	0	0	200	0	0	0	366	0	0	0	0	0	0	0	0	0	268	0	1434	0	0	0	6432	0	14612	0	668	0	328	0	3928	0	11650	0	17228	0	3996	0	0	0	2604	0	568	150	154	0	0	0	0	0	0	0	0	0	3352	0	0	0	11652	0	0	0	1396	0	0	0	0	0	0	0	0	0	0	0	0	0	0	0	0	0	0	0	0	0	0	0	0	0	0	
267848	Precuneus_L	1152	0	474	0	0	0	504	0	0	0	0	0	0	0	0	0	0	0	142	182	0	0	0	0	0	0	0	0	160	0	0	0	4004	752	4232	384	808	0	554	0	0	0	14646	2214	7312	5048	3528	734	13022	2274	18780	874	1078	0	2064	146	3312	164	20772	416	4884	0	0	0	2492	0	0	9224	1950	1660	296	0	0	0	0	0	0	0	0	0	0	0	0	0	2062	518	0	0	124	298	0	0	0	0	0	0	0	0	0	0	0	0	0	0	0	0	0	0	0	0	684	0	0	0	0	0	
436684	Precuneus_R	298	2770	0	454	0	0	0	0	0	0	0	344	0	0	0	0	0	378	326	1650	0	0	0	0	0	0	0	0	0	244	0	0	2766	6174	1934	11514	894	2216	762	2376	0	0	412	19422	1142	23492	0	10914	670	26984	0	12330	0	3188	214	12236	0	9404	236	11668	0	1868	0	450	0	2604	9224	0	150	12254	0	0	0	202	0	0	0	452	0	0	0	410	0	0	0	9268	0	0	0	6592	0	318	0	0	0	0	0	1176	0	386	0	0	0	0	0	0	0	0	0	0	5576	0	0	0	0	0	
365444	Paracentral_Lobule_L	50626	1608	10524	266	0	0	284	0	0	0	0	0	0	0	0	0	0	0	13476	19058	0	0	0	0	0	0	0	0	2564	0	0	0	3746	15406	1732	1326	4252	332	194	126	0	0	1296	0	170	0	0	0	138	0	1424	0	374	0	930	314	3626	766	356	0	854	0	488	0	238	0	1950	150	0	5182	2434	2116	6628	324	3472	272	18752	1726	938	0	288	0	0	0	1170	0	0	0	674	152	0	0	0	0	0	0	0	0	0	0	0	0	0	0	0	0	0	0	0	0	0	0	0	0	0	0	
208096	Paracentral_Lobule_R	2046	13090	0	444	0	0	0	0	0	0	0	0	0	0	0	0	0	400	548	15476	0	0	0	0	0	0	0	0	0	196	0	0	790	18030	1104	5564	0	136	0	0	0	0	0	3514	0	532	0	1322	0	1170	0	322	0	488	590	2314	0	8456	0	2004	0	858	0	442	0	568	1660	12254	5182	0	0	218	0	234	0	176	0	0	0	0	0	224	0	0	0	1576	0	0	0	836	0	0	0	0	0	0	0	0	0	0	0	0	0	0	0	0	0	0	0	0	1284	0	0	0	0	0	
332104	Caudate_L	6996	932	7400	6414	388	0	5888	2558	0	0	2506	252	8212	1232	2948	1658	838	0	8190	9160	5718	5874	750	192	130	202	1488	1192	13696	764	5756	2934	0	2040	0	0	196	194	0	0	0	0	0	0	0	0	0	0	0	0	626	0	0	0	256	0	294	222	174	0	0	0	0	182	0	150	296	0	2434	0	0	19790	12714	1544	1624	0	12534	5030	244	0	378	0	302	0	212	348	0	0	0	0	0	0	0	0	0	0	0	0	0	0	0	0	0	0	0	0	0	0	0	0	0	0	0	0	0	0	
602740	Caudate_R	4898	760	12886	19798	374	2132	3786	8054	0	820	1404	5532	3492	9928	1296	12430	0	2484	19874	23874	2550	3592	468	4596	0	2566	0	2912	7892	11920	2500	7784	0	2068	0	0	252	5784	0	5042	0	0	0	0	0	0	0	0	0	0	274	0	0	0	342	2990	1008	214	0	0	0	0	0	178	0	154	0	0	2116	218	19790	0	5056	34588	4328	1610	5928	26674	0	0	290	322	160	546	0	512	0	0	324	0	0	0	0	0	0	0	0	0	0	0	0	0	0	0	0	0	0	0	0	0	0	0	0	0	0	0	
352952	Putamen_L	7300	1254	12106	1604	8946	0	1286	758	3464	0	510	0	5464	282	12128	220	264	0	10408	4254	3914	3602	4336	0	524	144	1762	672	24968	260	5698	1704	0	216	0	0	8782	348	976	288	1414	0	0	0	0	0	0	0	0	0	0	0	0	0	3264	290	0	0	0	0	0	0	0	0	0	0	0	0	6628	0	12714	5056	0	478	9612	0	2336	424	0	0	1020	0	1188	0	218	0	0	0	3392	0	0	0	0	0	0	0	0	0	0	0	0	0	0	0	0	0	0	0	0	0	0	0	0	0	0	0	
541916	Putamen_R	854	3296	7740	21028	0	428	916	7494	0	1182	200	9810	510	6844	112	8490	0	6740	16116	15776	0	544	0	2430	0	0	0	918	1346	36230	0	2130	0	1636	0	156	244	30388	170	16246	0	1886	0	0	0	0	0	0	0	0	0	0	0	0	0	17080	0	2826	0	218	0	192	0	330	0	0	0	202	324	234	1544	34588	478	0	0	3506	414	2234	0	178	202	836	0	1012	0	1414	0	0	0	1084	0	0	0	0	0	0	0	202	0	0	0	0	0	0	0	0	0	0	0	0	0	0	0	0	0	0	
95632	Pallidum_L	4180	0	5010	186	0	0	0	0	0	0	0	0	0	0	0	0	164	0	6840	3522	0	0	0	0	0	0	0	0	242	0	0	0	0	356	0	0	1056	0	0	0	0	0	0	0	0	0	0	0	0	0	0	0	0	0	0	0	0	0	0	0	0	0	0	0	0	0	0	0	3472	0	1624	4328	9612	0	0	0	3280	3944	0	0	0	0	0	0	0	0	0	0	0	0	0	0	0	0	0	0	0	0	0	0	0	0	0	0	0	0	0	0	0	0	0	0	0	0	0	0	
23292	Pallidum_R	0	0	0	980	0	0	0	114	0	0	0	0	0	0	0	0	0	0	254	1734	0	0	0	0	0	0	0	0	0	280	0	0	0	418	0	0	0	726	0	598	0	0	0	0	0	0	0	0	0	0	0	0	0	0	0	250	0	114	0	0	0	0	0	0	0	0	0	0	272	176	0	1610	0	3506	0	0	0	0	0	0	0	134	0	0	0	340	0	0	0	140	0	0	0	0	0	0	0	0	0	0	0	0	0	0	0	0	0	0	0	0	0	0	0	0	0	0	
205292	Thalamus_L	19002	0	5148	414	0	0	282	156	0	0	0	0	0	0	0	0	0	0	5684	4904	0	0	0	0	0	0	0	0	2450	0	0	0	0	2786	0	0	6240	1286	1194	810	0	0	0	0	0	0	0	0	0	0	0	0	0	0	132	320	0	0	0	0	0	0	0	0	0	0	0	0	18752	0	12534	5928	2336	414	3280	0	0	6920	640	0	182	0	0	0	0	0	0	0	852	0	0	0	0	0	0	0	0	0	0	0	0	0	0	0	0	0	0	0	0	0	0	0	0	0	0	0	
215788	Thalamus_R	2012	1210	1560	5658	0	0	170	1518	0	0	206	0	712	272	274	670	0	0	2536	21336	0	0	0	0	0	0	0	0	1360	2140	0	0	0	574	324	688	1678	7954	864	3214	0	444	0	0	0	0	0	186	0	0	0	0	0	0	0	1766	552	0	0	0	0	0	0	0	0	0	0	452	1726	0	5030	26674	424	2234	3944	0	6920	0	0	0	0	0	0	0	0	124	0	0	134	230	0	0	0	0	0	0	0	0	0	0	0	0	0	0	0	0	0	0	0	0	124	0	0	0	0	0	
75408	Heschl_L	3826	0	1484	0	0	0	704	0	0	0	1538	0	0	0	0	0	5088	0	784	0	0	0	0	0	0	0	0	0	7750	0	0	0	0	0	0	0	2470	0	0	0	0	0	0	0	0	0	0	0	0	0	0	0	0	0	858	0	2558	0	0	0	0	0	2142	0	0	0	0	0	938	0	244	0	0	0	0	0	640	0	0	0	3196	0	0	0	2132	0	0	0	1352	0	0	0	0	0	0	0	0	0	0	0	0	0	0	0	0	0	0	0	0	0	0	0	0	0	0	0	
12800	Heschl_R	0	200	0	0	0	0	0	0	0	0	0	0	0	0	0	0	0	1514	0	210	0	0	0	0	0	0	0	0	0	1158	0	0	0	0	0	0	0	166	0	0	0	0	0	0	0	0	0	0	0	0	0	0	0	0	0	0	0	164	0	138	0	162	0	392	0	0	0	0	0	0	0	0	0	178	0	0	0	0	0	0	0	1932	0	0	0	186	0	0	0	0	0	0	0	0	0	0	0	0	0	0	0	0	0	0	0	0	0	0	0	0	0	0	0	0	0	0	
286148	Temporal_Sup_L	6536	360	5424	208	0	0	3126	116	0	0	7506	0	1012	0	0	0	11888	0	7062	300	0	0	0	0	0	0	0	0	18900	0	0	0	0	0	0	0	3510	166	350	122	0	0	0	0	0	0	0	0	0	0	110	0	0	0	5150	112	4622	0	0	0	3728	0	8798	0	6452	0	0	0	288	0	378	290	1020	202	0	0	182	0	3196	0	0	0	4162	0	21170	0	0	0	16628	0	0	0	0	0	0	0	0	0	0	0	0	0	0	0	0	0	0	0	0	0	0	0	0	0	0	0	
85648	Temporal_Sup_R	0	698	0	294	0	0	0	250	0	0	0	288	0	132	0	0	0	2018	0	848	0	0	0	0	0	0	0	0	0	4316	0	0	0	0	0	0	0	514	0	202	0	0	0	0	0	0	0	0	0	356	0	448	0	0	0	556	0	1480	0	476	0	680	0	4244	0	3352	0	410	0	224	0	322	0	836	0	134	0	0	0	1932	0	0	0	4724	0	12072	0	470	0	548	0	0	0	0	0	0	0	0	0	0	0	0	0	0	0	0	0	0	0	0	0	0	0	0	0	0	
68540	Temporal_Pole_Sup_L	0	0	1558	0	0	0	0	0	0	0	2364	0	960	0	378	0	1620	0	1598	0	160	0	0	0	0	0	0	0	4758	0	0	0	0	0	0	0	1720	0	278	0	1502	0	0	0	0	0	0	0	0	0	0	0	0	0	1448	0	0	0	0	0	0	0	0	0	0	0	0	0	0	0	302	160	1188	0	0	0	0	0	0	0	4162	0	0	0	4802	0	930	0	4382	0	0	0	0	0	0	0	0	0	0	0	0	0	0	0	0	0	0	0	0	0	0	0	0	0	0	0	
64592	Temporal_Pole_Sup_R	0	0	0	0	0	0	0	0	0	0	0	656	0	0	0	168	0	674	352	462	0	0	0	0	0	0	0	0	0	1504	0	0	0	0	0	0	0	2342	0	2998	0	3312	0	0	0	0	0	0	0	0	0	0	0	0	0	5438	0	0	0	0	0	0	0	0	0	0	0	0	0	0	0	546	0	1012	0	0	0	0	0	0	0	4724	0	0	0	3072	0	3728	0	1308	0	0	0	0	0	0	0	0	0	0	0	0	0	0	0	0	0	0	0	0	0	0	0	0	0	0	
359220	Temporal_Mid_L	3714	0	1434	0	0	0	2496	0	0	0	488	0	0	0	0	0	2662	0	862	0	0	0	0	0	0	0	0	0	5806	0	0	0	0	0	270	0	1794	0	574	0	298	0	4368	0	1090	0	284	0	1222	0	18060	0	6028	0	6854	0	2322	0	548	0	17198	0	8950	0	23126	0	2062	0	1170	0	212	0	218	0	0	0	0	0	2132	0	21170	0	4802	0	0	0	708	0	36688	0	0	0	0	0	0	0	0	0	0	0	0	0	0	0	0	0	0	0	0	0	0	0	0	0	0	0	
299664	Temporal_Mid_R	0	3846	0	646	0	0	0	998	0	0	108	258	0	784	0	0	0	204	0	928	0	0	0	0	0	0	0	0	110	2820	0	0	518	1686	0	194	0	2712	0	732	0	0	0	2350	0	6282	0	966	0	12626	0	15108	0	3004	0	8532	0	5924	0	1380	0	2126	0	3480	0	11652	518	9268	0	1576	348	512	0	1414	0	340	0	124	0	186	0	12072	0	3072	0	0	0	1820	0	28498	0	0	0	0	0	0	0	0	0	0	0	0	0	0	0	0	0	0	0	0	110	0	0	0	0	0	
6196	Temporal_Pole_Mid_L	0	0	0	0	0	0	0	0	0	0	0	0	0	0	0	0	0	0	0	0	0	0	0	0	0	0	0	0	0	0	0	0	0	0	0	0	0	0	0	0	0	0	0	0	0	0	0	0	0	0	0	0	0	0	590	0	0	0	0	0	0	0	0	0	0	0	0	0	0	0	0	0	0	0	0	0	0	0	0	0	0	0	930	0	708	0	0	0	870	0	0	0	0	0	0	0	0	0	0	0	0	0	0	0	0	0	0	0	0	0	0	0	0	0	0	0	
28660	Temporal_Pole_Mid_R	0	0	0	0	0	0	0	0	0	0	0	0	0	0	0	0	0	0	0	0	0	0	0	0	0	0	0	0	0	0	0	0	0	0	0	0	0	1140	0	1344	0	1546	0	0	0	0	0	0	0	0	0	0	0	0	0	2752	0	0	0	0	0	0	0	0	0	0	0	0	0	0	0	0	0	0	0	0	0	0	0	0	0	470	0	3728	0	1820	0	0	0	1530	0	0	0	0	0	0	0	0	0	0	0	0	0	0	0	0	0	0	0	0	0	0	0	0	0	0	
335232	Temporal_Inf_L	2350	216	3056	216	0	0	1526	0	0	0	604	0	166	0	0	0	1122	0	6152	368	0	0	0	0	0	0	0	0	15262	0	0	0	0	0	0	0	14924	134	1350	0	1616	0	398	0	0	0	0	0	0	0	1996	0	2688	0	18424	0	1774	0	0	0	9368	0	3740	0	10378	0	124	0	674	0	0	324	3392	0	0	0	852	134	1352	0	16628	0	4382	0	36688	0	870	0	0	0	2670	0	232	0	0	0	334	0	1132	0	0	0	0	0	0	0	0	0	0	0	0	0	0	0	0	0	
218816	Temporal_Inf_R	334	1628	0	324	0	0	0	356	0	0	0	0	0	0	0	0	0	0	0	2330	0	0	0	0	0	0	0	0	0	1462	0	0	296	1270	1006	2980	0	4178	0	848	0	556	0	2082	0	4212	0	1016	0	6198	0	5666	0	6576	158	19614	0	424	0	1064	0	628	0	0	0	1396	298	6592	152	836	0	0	0	1084	0	140	0	230	0	0	0	548	0	1308	0	28498	0	1530	0	0	0	916	0	0	0	0	0	0	0	234	0	0	0	0	0	0	0	0	0	0	440	0	0	0	0	0	
499920	Cerebelum_Crus1_L	0	0	0	0	0	0	0	0	0	0	0	0	0	0	0	0	0	0	0	0	0	0	0	0	0	0	0	0	0	0	0	0	0	0	0	0	0	0	208	0	0	0	152	0	0	0	10738	2800	0	0	0	0	0	0	21284	620	0	0	0	0	0	0	0	0	0	0	0	0	0	0	0	0	0	0	0	0	0	0	0	0	0	0	0	0	0	0	0	0	2670	0	0	6398	40106	3218	384	200	24434	434	67512	6200	15338	336	18900	998	2890	442	1144	0	0	184	2432	8464	9676	926	872	0	
551792	Cerebelum_Crus1_R	0	0	0	0	0	0	0	0	0	0	0	0	0	0	0	0	0	0	0	0	0	0	0	0	0	0	0	0	0	0	0	0	0	0	0	0	0	0	0	0	0	0	0	0	0	0	636	7832	0	0	0	0	0	0	226	12424	0	0	0	0	0	0	0	0	0	0	0	318	0	0	0	0	0	0	0	0	0	0	0	0	0	0	0	0	0	0	0	0	0	916	6398	0	4588	45950	1300	2518	1882	26036	6350	67552	1808	4694	1968	28276	3238	4650	152	384	0	772	11356	13794	14520	3188	2170	0	
426976	Cerebelum_Crus2_L	0	0	0	0	0	0	0	0	0	0	0	0	0	0	0	0	0	0	0	0	0	0	0	0	0	0	0	0	0	0	0	0	0	0	0	0	0	0	0	0	0	0	0	0	0	0	1004	882	0	0	0	0	0	0	612	262	0	0	0	0	0	0	0	0	0	0	0	0	0	0	0	0	0	0	0	0	0	0	0	0	0	0	0	0	0	0	0	0	232	0	40106	4588	0	14798	0	166	3586	246	10652	2872	42806	7722	38926	6392	7232	912	1550	140	0	0	378	2898	18492	4848	1186	0	
411616	Cerebelum_Crus2_R	0	0	0	0	0	0	0	0	0	0	0	0	0	0	0	0	0	0	0	0	0	0	0	0	0	0	0	0	0	0	0	0	0	0	0	0	0	0	0	0	0	0	0	0	0	0	126	652	0	0	0	0	0	0	0	484	0	0	0	0	0	0	0	0	0	0	0	0	0	0	0	0	0	0	0	0	0	0	0	0	0	0	0	0	0	0	0	0	0	0	3218	45950	14798	0	0	698	640	5004	1014	13104	9648	22754	6594	41776	752	4140	0	420	0	300	3928	3102	19760	5738	1208	0	
49136	Cerebelum_3_L	0	0	0	0	0	0	0	0	0	0	0	0	0	0	0	0	0	0	0	0	0	0	0	0	0	0	0	0	0	0	0	0	0	0	0	0	0	0	1558	0	0	0	0	0	0	0	224	984	0	0	0	0	0	0	0	504	0	0	0	0	0	0	0	0	0	0	0	0	0	0	0	0	0	0	0	0	0	0	0	0	0	0	0	0	0	0	0	0	0	0	384	1300	0	0	0	0	6164	0	3750	1804	0	0	0	0	2724	108	0	0	502	920	950	2692	0	0	0	0	
40620	Cerebelum_3_R	0	0	0	0	0	0	0	0	0	0	0	0	0	0	0	0	0	0	0	0	0	0	0	0	0	0	0	0	0	0	0	0	0	0	0	0	0	0	0	0	0	0	0	0	0	0	0	0	0	0	0	0	0	0	0	0	0	0	0	0	0	0	0	0	0	0	0	0	0	0	0	0	0	0	0	0	0	0	0	0	0	0	0	0	0	0	0	0	0	0	200	2518	166	698	0	0	148	2804	348	3380	0	0	0	584	116	1332	0	0	272	1728	736	1152	1372	1304	1452	0	
269984	Cerebelum_4_5_L	0	0	0	0	0	0	0	0	0	0	0	0	0	0	0	0	0	0	0	0	0	0	0	0	0	0	0	0	110	0	0	0	0	0	0	0	182	0	1616	0	0	0	328	0	0	0	13396	2100	0	0	0	0	260	0	10292	666	0	0	0	0	0	0	0	0	0	0	0	0	0	0	0	0	0	0	0	0	0	0	0	0	0	0	0	0	0	0	0	0	334	0	24434	1882	3586	640	6164	148	0	622	39196	2890	432	0	632	276	4968	316	452	0	510	740	10440	5892	402	0	232	854	
215256	Cerebelum_4_5_R	0	0	0	0	0	0	0	0	0	0	0	0	0	0	0	0	0	0	0	0	0	0	0	0	0	0	0	0	0	0	0	0	0	0	0	0	0	474	0	1020	0	0	0	0	0	0	214	6162	0	0	0	0	0	0	0	5304	0	0	0	0	0	0	0	0	0	0	0	1176	0	0	0	0	0	202	0	0	0	0	0	0	0	0	0	0	0	0	0	0	0	0	434	26036	246	5004	0	2804	622	0	500	34010	0	0	0	3584	108	552	0	0	140	926	11294	1834	2958	1062	962	0	
510424	Cerebelum_6_L	0	0	0	0	0	0	0	0	0	0	0	0	0	0	0	0	0	0	0	0	0	0	0	0	0	0	0	0	0	0	0	0	0	0	0	0	0	0	636	0	0	0	250	0	0	0	17886	6886	0	0	0	0	464	0	27818	1694	0	0	0	0	0	0	0	0	0	0	0	0	0	0	0	0	0	0	0	0	0	0	0	0	0	0	0	0	0	0	0	0	1132	0	67512	6350	10652	1014	3750	348	39196	500	0	9608	4044	0	5104	410	10012	1764	712	0	362	442	7726	20160	4790	1454	1790	746	
475260	Cerebelum_6_R	0	0	0	0	0	0	0	0	0	0	0	0	0	0	0	0	0	0	0	0	0	0	0	0	0	0	0	0	0	0	0	0	0	0	0	0	0	0	0	0	0	0	0	0	0	0	1006	12646	0	0	0	0	0	0	440	14894	0	0	0	0	0	0	0	0	0	0	0	386	0	0	0	0	0	0	0	0	0	0	0	0	0	0	0	0	0	0	0	0	0	234	6200	67552	2872	13104	1804	3380	2890	34010	9608	0	1270	368	1626	7988	4364	1694	260	340	0	790	14326	18476	10788	2320	1994	0	
316820	Cerebelum_7b_L	0	0	0	0	0	0	0	0	0	0	0	0	0	0	0	0	0	0	0	0	0	0	0	0	0	0	0	0	0	0	0	0	0	0	0	0	0	0	0	0	0	0	0	0	0	0	0	426	0	0	0	0	0	0	0	278	0	0	0	0	0	0	0	0	0	0	0	0	0	0	0	0	0	0	0	0	0	0	0	0	0	0	0	0	0	0	0	0	0	0	15338	1808	42806	9648	0	0	432	0	4044	1270	0	4990	43404	5738	7730	810	1118	148	0	0	0	906	10606	6010	900	0	
163096	Cerebelum_7b_R	0	0	0	0	0	0	0	0	0	0	0	0	0	0	0	0	0	0	0	0	0	0	0	0	0	0	0	0	0	0	0	0	0	0	0	0	0	0	0	0	0	0	0	0	0	0	0	0	0	0	0	0	0	0	0	0	0	0	0	0	0	0	0	0	0	0	0	0	0	0	0	0	0	0	0	0	0	0	0	0	0	0	0	0	0	0	0	0	0	0	336	4694	7722	22754	0	0	0	0	0	368	4990	0	3184	22934	154	2840	0	0	0	0	0	0	7564	4008	0	0	
340104	Cerebelum_8_L	0	0	0	0	0	0	0	0	0	0	0	0	0	0	0	0	0	0	0	0	0	0	0	0	0	0	0	0	0	0	0	0	0	0	0	0	0	0	0	0	0	0	0	0	0	0	0	764	0	0	0	0	0	0	128	292	0	0	0	0	0	0	0	0	0	0	0	0	0	0	0	0	0	0	0	0	0	0	0	0	0	0	0	0	0	0	0	0	0	0	18900	1968	38926	6594	0	0	632	0	5104	1626	43404	3184	0	6590	18188	1758	2756	194	0	0	0	1288	8540	6962	2254	0	
328248	Cerebelum_8_R	0	0	0	0	0	0	0	0	0	0	0	0	0	0	0	0	0	0	0	0	0	0	0	0	0	0	0	0	0	0	0	0	0	0	0	0	0	0	0	0	0	0	0	0	0	0	0	260	0	0	0	0	0	0	0	230	0	0	0	0	0	0	0	0	0	0	0	0	0	0	0	0	0	0	0	0	0	0	0	0	0	0	0	0	0	0	0	0	0	0	998	28276	6392	41776	0	584	276	3584	410	7988	5738	22934	6590	0	1070	13934	0	648	0	146	2488	1344	11162	5574	1722	0	
190464	Cerebelum_9_L	0	0	0	0	0	0	0	0	0	0	0	0	0	0	0	0	0	0	0	0	0	0	0	0	0	0	0	0	0	0	0	0	0	0	0	0	0	0	198	0	0	0	0	0	0	0	168	1760	0	0	0	0	0	0	0	1044	0	0	0	0	0	0	0	0	0	0	0	0	0	0	0	0	0	0	0	0	0	0	0	0	0	0	0	0	0	0	0	0	0	0	2890	3238	7232	752	2724	116	4968	108	10012	4364	7730	154	18188	1070	0	2592	5370	0	306	222	2294	8556	1704	3118	3028	1326	
127764	Cerebelum_9_R	0	0	0	0	0	0	0	0	0	0	0	0	0	0	0	0	0	0	0	0	0	0	0	0	0	0	0	0	0	0	0	0	0	0	0	0	0	0	0	0	0	0	0	0	0	0	0	0	0	0	0	0	0	0	0	0	0	0	0	0	0	0	0	0	0	0	0	0	0	0	0	0	0	0	0	0	0	0	0	0	0	0	0	0	0	0	0	0	0	0	442	4650	912	4140	108	1332	316	552	1764	1694	810	2840	1758	13934	2592	0	0	2532	266	926	930	3522	4074	5548	6886	1354	
28320	Cerebelum_10_L	0	0	0	0	0	0	0	0	0	0	0	0	0	0	0	0	0	0	0	0	0	0	0	0	0	0	0	0	0	0	0	0	0	0	0	0	0	0	0	0	0	0	0	0	0	0	0	196	0	0	0	0	0	0	0	0	0	0	0	0	0	0	0	0	0	0	0	0	0	0	0	0	0	0	0	0	0	0	0	0	0	0	0	0	0	0	0	0	0	0	1144	152	1550	0	0	0	452	0	712	260	1118	0	2756	0	5370	0	0	0	0	0	112	338	0	0	0	0	
12344	Cerebelum_10_R	0	0	0	0	0	0	0	0	0	0	0	0	0	0	0	0	0	0	0	0	0	0	0	0	0	0	0	0	0	0	0	0	0	0	0	0	0	0	0	0	0	0	0	0	0	0	0	0	0	0	0	0	0	0	0	0	0	0	0	0	0	0	0	0	0	0	0	0	0	0	0	0	0	0	0	0	0	0	0	0	0	0	0	0	0	0	0	0	0	0	0	384	140	420	0	0	0	0	0	340	148	0	194	648	0	2532	0	0	0	0	0	0	402	358	606	0	
15656	Vermis_1_2	0	0	0	0	0	0	0	0	0	0	0	0	0	0	0	0	0	0	0	0	0	0	0	0	0	0	0	0	0	0	0	0	0	0	0	0	0	0	138	0	0	0	0	0	0	0	0	0	0	0	0	0	0	0	0	0	0	0	0	0	0	0	0	0	0	0	0	0	0	0	0	0	0	0	0	0	0	0	0	0	0	0	0	0	0	0	0	0	0	0	0	0	0	0	502	272	510	140	362	0	0	0	0	0	306	266	0	0	0	3702	468	556	156	182	268	0	
34456	Vermis_3	0	0	0	0	0	0	0	0	0	0	0	0	0	0	0	0	0	0	0	0	0	0	0	0	0	0	0	0	0	0	0	0	0	0	0	0	0	0	430	0	0	0	0	0	0	0	0	0	0	0	0	0	0	0	0	0	0	0	0	0	0	0	0	0	0	0	0	0	0	0	0	0	0	0	0	0	0	0	0	0	0	0	0	0	0	0	0	0	0	0	184	772	0	300	920	1728	740	926	442	790	0	0	0	146	222	926	0	0	3702	0	1166	1008	922	898	1006	0	
226400	Vermis_4_5	0	332	0	0	0	0	0	0	0	0	0	0	0	0	0	0	0	0	0	0	0	0	0	0	0	0	0	0	0	0	0	0	146	510	822	4890	0	424	0	540	0	0	834	528	0	256	3810	4998	0	264	0	0	0	0	1360	2684	0	280	0	0	0	0	0	0	0	0	684	5576	0	1284	0	0	0	0	0	0	0	124	0	0	0	0	0	0	0	110	0	0	0	440	2432	11356	378	3928	950	736	10440	11294	7726	14326	0	0	0	2488	2294	930	112	0	468	1166	0	7362	1474	138	510	1796	
282440	Vermis_6	0	0	0	0	0	0	0	0	0	0	0	0	0	0	0	0	0	0	0	0	0	0	0	0	0	0	0	0	0	0	0	0	0	0	0	0	0	0	0	0	0	0	0	0	0	0	3888	9618	0	0	0	0	0	0	2322	2764	0	0	0	0	0	0	0	0	0	0	0	0	0	0	0	0	0	0	0	0	0	0	0	0	0	0	0	0	0	0	0	0	0	0	8464	13794	2898	3102	2692	1152	5892	1834	20160	18476	906	0	1288	1344	8556	3522	338	0	556	1008	7362	0	9230	3222	4198	2634	
