data	data	563460	201872	1.18616e+06	789272	122740	74120	533640	152640	48948	13408	238308	231016	275176	191480	166768	155008	232280	157936	1.00289e+06	941116	99240	100252	333660	336880	29632	78516	85916	101704	639800	394124	232004	377288	104756	586252	127436	147172	265592	372300	75572	239344	40436	64892	189212	354516	178612	333496	198036	249300	247128	348340	483384	218364	129004	52700	420804	464036	267792	171080	159164	127060	214760	117240	125776	113572	160148	137140	215772	413752	237488	302068	241644	447252	326900	404944	73652	25520	160624	144440	82940	24536	181832	138400	76912	52824	272368	243740	18768	21892	295168	166736	487940	393252	398360	300840	40168	36304	282540	187052	423488	405408	257096	105844	365844	249816	190940	105860	43968	9172	19896	31388	189264	188076	168980	68864	68176	30324	
data	data	Precentral_L	Precentral_R	Frontal_Sup_L	Frontal_Sup_R	Frontal_Sup_Orb_L	Frontal_Sup_Orb_R	Frontal_Mid_L	Frontal_Mid_R	Frontal_Mid_Orb_L	Frontal_Mid_Orb_R	Frontal_Inf_Oper_L	Frontal_Inf_Oper_R	Frontal_Inf_Tri_L	Frontal_Inf_Tri_R	Frontal_Inf_Orb_L	Frontal_Inf_Orb_R	Rolandic_Oper_L	Rolandic_Oper_R	Supp_Motor_Area_L	Supp_Motor_Area_R	Olfactory_L	Olfactory_R	Frontal_Sup_Medial_L	Frontal_Sup_Medial_R	Frontal_Med_Orb_L	Frontal_Med_Orb_R	Rectus_L	Rectus_R	Insula_L	Insula_R	Cingulum_Ant_L	Cingulum_Ant_R	Cingulum_Mid_L	Cingulum_Mid_R	Cingulum_Post_L	Cingulum_Post_R	Hippocampus_L	Hippocampus_R	ParaHippocampal_L	ParaHippocampal_R	Amygdala_L	Amygdala_R	Calcarine_L	Calcarine_R	Cuneus_L	Cuneus_R	Lingual_L	Lingual_R	Occipital_Sup_L	Occipital_Sup_R	Occipital_Mid_L	Occipital_Mid_R	Occipital_Inf_L	Occipital_Inf_R	Fusiform_L	Fusiform_R	Postcentral_L	Postcentral_R	Parietal_Sup_L	Parietal_Sup_R	Parietal_Inf_L	Parietal_Inf_R	SupraMarginal_L	SupraMarginal_R	Angular_L	Angular_R	Precuneus_L	Precuneus_R	Paracentral_Lobule_L	Paracentral_Lobule_R	Caudate_L	Caudate_R	Putamen_L	Putamen_R	Pallidum_L	Pallidum_R	Thalamus_L	Thalamus_R	Heschl_L	Heschl_R	Temporal_Sup_L	Temporal_Sup_R	Temporal_Pole_Sup_L	Temporal_Pole_Sup_R	Temporal_Mid_L	Temporal_Mid_R	Temporal_Pole_Mid_L	Temporal_Pole_Mid_R	Temporal_Inf_L	Temporal_Inf_R	Cerebelum_Crus1_L	Cerebelum_Crus1_R	Cerebelum_Crus2_L	Cerebelum_Crus2_R	Cerebelum_3_L	Cerebelum_3_R	Cerebelum_4_5_L	Cerebelum_4_5_R	Cerebelum_6_L	Cerebelum_6_R	Cerebelum_7b_L	Cerebelum_7b_R	Cerebelum_8_L	Cerebelum_8_R	Cerebelum_9_L	Cerebelum_9_R	Cerebelum_10_L	Cerebelum_10_R	Vermis_1_2	Vermis_3	Vermis_4_5	Vermis_6	Vermis_7	Vermis_8	Vermis_9	Vermis_10	
563460	Precentral_L	0	524	36332	704	0	0	22766	0	0	0	13262	0	1708	0	0	0	13544	0	32308	6946	0	0	0	0	0	0	0	0	12132	0	0	0	956	3074	4122	668	5494	224	1110	136	0	0	880	0	784	0	0	0	1360	0	2938	0	156	0	1658	0	30606	0	1012	0	6234	0	3352	0	964	0	2032	0	33670	3194	4224	2060	4844	0	2572	0	12328	1418	5152	0	2160	0	0	0	918	0	0	0	1204	0	0	0	0	0	0	0	0	0	0	0	0	0	0	0	0	0	0	0	0	0	0	0	0	0	0	0	
201872	Precentral_R	524	0	2028	15312	0	0	338	4290	0	0	0	7656	0	170	0	0	286	1500	1028	12166	0	0	0	0	0	0	0	0	522	3482	0	0	0	3530	0	0	0	2966	0	322	0	0	0	460	0	624	0	0	0	1542	0	992	0	0	0	768	0	20408	0	470	0	1194	0	4398	0	368	0	1112	238	5944	676	422	866	2172	328	0	0	0	0	0	0	426	0	0	0	792	0	0	0	616	0	0	0	0	0	0	0	0	0	0	0	0	0	0	0	0	0	0	0	0	0	0	0	0	0	0	
1.18616e+06	Frontal_Sup_L	36332	2028	0	11964	4162	0	80258	542	2044	0	19526	408	19676	842	8702	3192	17186	146	118894	21248	0	0	38106	6464	376	0	0	0	51002	990	12068	5698	3990	6092	354	384	5286	644	1182	278	0	0	0	0	0	0	0	0	402	0	798	0	0	0	1182	250	10826	0	586	0	3002	0	1702	0	632	0	586	0	5880	526	10614	10328	29160	4632	7840	462	9144	1290	4914	0	3384	0	3248	0	194	0	0	0	1300	0	0	0	0	0	0	0	0	0	132	0	0	0	0	0	0	0	0	0	0	0	0	0	0	0	0	0	
789272	Frontal_Sup_R	704	15312	11964	0	0	1924	1612	22606	0	598	162	12506	0	9116	0	4072	288	13426	21996	74684	0	0	8716	32230	0	1428	0	0	620	23706	2438	24416	1654	18064	0	0	0	7390	0	2566	0	0	0	496	0	692	0	0	0	2280	0	1130	0	0	0	2360	0	5050	0	526	0	948	0	2662	0	0	0	1958	232	888	932	21998	826	26560	172	2704	0	6258	0	358	0	718	0	0	0	376	0	0	0	314	0	0	0	0	0	0	0	0	0	0	0	0	0	0	0	0	0	0	0	0	0	0	0	0	0	0	
122740	Frontal_Sup_Orb_L	0	0	4162	0	0	0	776	0	8680	0	0	0	340	0	11334	0	0	0	0	0	4184	950	2128	0	2372	138	10404	504	3742	0	3788	586	0	0	0	0	0	0	226	0	280	0	0	0	0	0	0	0	0	0	0	0	0	0	0	0	0	0	0	0	0	0	0	0	0	0	0	0	0	0	1648	206	4536	0	0	0	0	0	0	0	0	0	386	0	0	0	0	0	0	0	0	0	0	0	0	0	0	0	0	0	0	0	0	0	0	0	0	0	0	0	0	0	0	0	0	0	
74120	Frontal_Sup_Orb_R	0	0	0	1924	0	0	0	0	0	2154	0	0	0	0	0	2914	0	0	0	0	500	3480	186	2498	154	6500	424	9306	0	442	166	1008	0	0	0	0	0	0	0	0	0	324	0	0	0	0	0	0	0	0	0	0	0	0	0	0	0	0	0	0	0	0	0	0	0	0	0	0	0	0	384	2658	0	2038	0	0	0	0	0	0	0	0	0	0	0	0	0	0	0	0	0	0	0	0	0	0	0	0	0	0	0	0	0	0	0	0	0	0	0	0	0	0	0	0	0	0	
533640	Frontal_Mid_L	22766	338	80258	1612	776	0	0	156	2710	0	16962	0	30500	160	7654	366	7226	0	15140	934	0	0	20042	1972	0	0	0	0	27530	174	4062	1966	1896	2334	0	0	780	0	0	0	0	0	0	0	0	0	0	0	268	0	528	0	0	0	0	0	3768	0	452	0	1742	0	564	0	252	0	438	0	0	0	1188	790	2748	278	0	0	230	0	3004	0	1070	0	1186	0	0	0	0	0	0	0	0	0	0	0	0	0	0	0	0	0	0	0	0	0	0	0	0	0	0	0	0	0	0	0	0	0	
152640	Frontal_Mid_R	0	4290	542	22606	0	0	156	0	0	1150	0	7302	0	11758	0	4684	0	1094	768	3186	0	0	1284	4386	0	0	0	0	0	3608	198	2628	0	1580	0	0	0	134	0	0	0	0	0	0	0	0	0	0	0	0	0	0	0	0	0	0	0	444	0	0	0	0	0	0	0	0	0	0	0	0	0	1954	0	2568	0	0	0	0	0	0	0	0	0	0	0	0	0	0	0	0	0	0	0	0	0	0	0	0	0	0	0	0	0	0	0	0	0	0	0	0	0	0	0	0	0	0	
48948	Frontal_Mid_Orb_L	0	0	2044	0	8680	0	2710	0	0	0	0	0	800	0	8794	0	0	0	0	0	230	146	0	0	0	0	946	0	0	0	0	0	0	0	0	0	0	0	0	0	0	0	0	0	0	0	0	0	0	0	0	0	0	0	0	0	0	0	0	0	0	0	0	0	0	0	0	0	0	0	124	0	0	0	0	0	0	0	0	0	0	0	0	0	0	0	0	0	0	0	0	0	0	0	0	0	0	0	0	0	0	0	0	0	0	0	0	0	0	0	0	0	0	0	0	0	
13408	Frontal_Mid_Orb_R	0	0	0	598	0	2154	0	1150	0	0	0	0	0	504	0	1580	0	0	0	0	0	0	0	0	0	440	0	278	0	0	0	0	0	0	0	0	0	0	0	0	0	0	0	0	0	0	0	0	0	0	0	0	0	0	0	0	0	0	0	0	0	0	0	0	0	0	0	0	0	0	0	0	0	0	0	0	0	0	0	0	0	0	0	0	0	0	0	0	0	0	0	0	0	0	0	0	0	0	0	0	0	0	0	0	0	0	0	0	0	0	0	0	0	0	0	0	
238308	Frontal_Inf_Oper_L	13262	0	19526	162	0	0	16962	0	0	0	0	0	12808	0	166	156	10910	0	16458	0	0	0	534	0	0	0	0	0	15382	0	190	0	0	0	0	0	0	0	0	0	0	0	0	0	0	0	0	0	0	0	0	0	0	0	0	0	5856	0	0	0	222	0	0	0	0	0	0	0	0	0	1046	490	456	0	0	0	0	0	526	0	2200	0	1842	0	0	0	0	0	0	0	0	0	0	0	0	0	0	0	0	0	0	0	0	0	0	0	0	0	0	0	0	0	0	0	0	0	
231016	Frontal_Inf_Oper_R	0	7656	408	12506	0	0	0	7302	0	0	0	0	0	14152	0	818	0	7382	5272	13246	0	0	0	1242	0	0	0	0	0	19140	0	974	0	5184	0	0	0	1870	0	878	0	0	0	0	0	0	0	0	0	0	0	0	0	0	0	764	0	2664	0	0	0	0	0	276	0	0	0	0	0	0	0	5882	0	7726	0	0	0	0	0	0	0	0	0	166	0	0	0	0	0	0	0	0	0	0	0	0	0	0	0	0	0	0	0	0	0	0	0	0	0	0	0	0	0	0	0	0	
275176	Frontal_Inf_Tri_L	1708	0	19676	0	340	0	30500	0	800	0	12808	0	0	0	10978	692	638	0	6892	132	0	0	2902	186	0	0	0	0	33180	0	2572	1440	1462	0	0	0	0	0	0	0	0	0	0	0	0	0	0	0	0	0	0	0	0	0	0	0	492	0	0	0	0	0	0	0	0	0	0	0	0	0	4038	1916	2892	296	0	0	0	130	0	0	246	0	672	0	0	0	0	0	0	0	0	0	0	0	0	0	0	0	0	0	0	0	0	0	0	0	0	0	0	0	0	0	0	0	0	0	
191480	Frontal_Inf_Tri_R	0	170	842	9116	0	0	160	11758	0	504	0	14152	0	0	0	8852	0	798	3660	6594	0	0	1406	3540	0	0	0	0	0	15474	258	3238	130	6228	0	0	0	628	0	400	0	0	0	0	0	0	0	0	0	0	0	0	0	0	0	350	0	0	0	0	0	0	0	0	0	0	0	0	0	0	130	3778	0	3574	0	0	0	0	0	0	0	0	0	0	0	0	0	0	0	0	0	0	0	0	0	0	0	0	0	0	0	0	0	0	0	0	0	0	0	0	0	0	0	0	0	0	
166768	Frontal_Inf_Orb_L	0	0	8702	0	11334	0	7654	0	8794	0	166	0	10978	0	0	0	0	0	260	0	4380	978	628	0	358	0	4194	560	13750	0	1036	542	336	0	0	0	0	0	408	0	484	0	0	0	0	0	0	0	0	0	0	0	0	0	0	0	0	0	0	0	0	0	0	0	0	0	0	0	0	0	1636	270	2842	0	0	0	0	0	0	0	0	0	3094	0	0	0	0	0	0	0	0	0	0	0	0	0	0	0	0	0	0	0	0	0	0	0	0	0	0	0	0	0	0	0	0	0	
155008	Frontal_Inf_Orb_R	0	0	3192	4072	0	2914	366	4684	0	1580	156	818	692	8852	0	0	0	0	3914	1908	310	2330	320	588	0	120	0	3308	940	6346	410	2386	0	1866	0	0	0	0	0	198	0	370	0	0	0	0	0	0	0	0	0	0	0	0	0	0	0	0	0	0	0	0	0	0	0	0	0	0	0	0	2188	12544	770	8510	0	0	0	670	0	0	0	0	0	182	0	0	0	0	0	0	0	0	0	0	0	0	0	0	0	0	0	0	0	0	0	0	0	0	0	0	0	0	0	0	0	0	
232280	Rolandic_Oper_L	13544	286	17186	288	0	0	7226	0	0	0	10910	0	638	0	0	0	0	0	13336	0	0	0	0	0	0	0	0	0	19732	0	0	0	0	0	0	0	0	0	0	0	0	0	278	0	0	0	0	0	1586	0	2884	0	0	0	506	0	9436	0	1422	0	1710	0	2682	0	624	0	842	0	184	0	212	202	0	0	0	0	0	0	1988	0	5888	0	1538	0	592	0	0	0	420	0	0	0	0	0	0	0	0	0	0	0	0	0	0	0	0	0	0	0	0	0	0	0	0	0	0	0	
157936	Rolandic_Oper_R	0	1500	146	13426	0	0	0	1094	0	0	0	7382	0	798	0	0	0	0	2490	12310	0	0	0	338	0	0	0	0	0	15616	0	154	0	2058	0	0	0	1448	0	214	0	0	0	246	0	238	0	126	0	344	0	154	0	0	0	928	0	2714	0	0	0	0	0	2778	0	180	0	642	0	294	0	2098	0	1590	0	0	0	0	0	2036	0	4118	0	324	0	556	0	0	0	628	0	0	0	0	0	0	0	0	0	0	0	0	0	0	0	0	0	0	0	0	0	0	0	0	0	0	
1.00289e+06	Supp_Motor_Area_L	32308	1028	118894	21996	0	0	15140	768	0	0	16458	5272	6892	3660	260	3914	13336	2490	0	50806	0	0	8932	5124	0	0	0	0	29082	6482	6426	7826	7482	21788	654	488	2366	868	608	356	0	0	0	0	0	0	0	0	210	0	422	0	0	0	902	294	7674	370	244	0	1162	0	866	226	510	0	300	166	13726	3302	10622	14112	16998	5228	8468	402	13716	2558	1722	0	3078	0	1194	0	232	0	0	0	1036	0	0	0	0	0	0	0	0	0	0	0	0	0	0	0	0	0	0	0	0	0	0	0	0	0	0	0	
941116	Supp_Motor_Area_R	6946	12166	21248	74684	0	0	934	3186	0	0	0	13246	132	6594	0	1908	0	12310	50806	0	0	0	1720	6092	0	0	0	0	404	19006	1686	8534	4106	58444	1528	4074	268	9016	0	2914	0	0	0	3028	0	2226	0	290	0	2348	0	1106	0	0	0	4318	0	5820	0	664	0	2860	0	4886	0	1978	242	6862	5520	34354	914	20196	1654	22226	280	4022	540	10462	0	544	0	3456	0	0	0	5076	0	0	0	2734	0	0	0	0	0	0	0	0	0	0	0	0	0	0	0	0	0	0	0	0	0	0	0	0	0	0	
99240	Olfactory_L	0	0	0	0	4184	500	0	0	230	0	0	0	0	0	4380	310	0	0	0	0	0	5538	0	0	390	336	5478	2632	4858	0	3824	2464	0	0	0	0	200	0	830	0	1726	0	0	0	0	0	0	0	0	0	0	0	0	0	0	0	0	0	0	0	0	0	0	0	0	0	0	0	0	0	6862	1532	2988	0	0	0	0	0	0	0	0	0	358	0	0	0	0	0	0	0	0	0	0	0	0	0	0	0	0	0	0	0	0	0	0	0	0	0	0	0	0	0	0	0	0	0	
100252	Olfactory_R	0	0	0	0	950	3480	0	0	146	0	0	0	0	0	978	2330	0	0	0	0	5538	0	0	486	128	1308	3064	7680	306	1700	2432	3390	0	0	0	0	0	378	0	488	0	1530	0	0	0	0	0	0	0	0	0	0	0	0	0	156	0	0	0	0	0	0	0	0	0	0	0	0	0	0	6328	4580	1598	992	0	0	0	0	0	0	0	0	0	160	0	0	0	0	0	0	0	0	0	0	0	0	0	0	0	0	0	0	0	0	0	0	0	0	0	0	0	0	0	0	0	0	
333660	Frontal_Sup_Medial_L	0	0	38106	8716	2128	186	20042	1284	0	0	534	0	2902	1406	628	320	0	0	8932	1720	0	0	0	23686	1076	946	234	0	2914	1366	16686	11822	4652	13190	0	0	0	0	0	0	0	0	0	0	0	0	0	0	0	0	0	0	0	0	0	0	0	0	0	0	0	0	0	0	0	0	0	0	0	0	134	136	3084	0	0	0	0	0	0	0	0	0	0	0	0	0	0	0	0	0	0	0	0	0	0	0	0	0	0	0	0	0	0	0	0	0	0	0	0	0	0	0	0	0	0	0	
336880	Frontal_Sup_Medial_R	0	0	6464	32230	0	2498	1972	4386	0	0	0	1242	186	3540	0	588	0	338	5124	6092	0	486	23686	0	772	7128	0	1438	224	3568	5974	29372	472	15458	0	0	0	146	0	0	0	0	0	0	0	0	0	0	0	0	0	0	0	0	0	0	0	0	0	0	0	0	0	0	0	0	0	0	0	0	544	8322	220	5170	0	0	0	800	0	0	0	0	0	0	0	0	0	0	0	0	0	0	0	0	0	0	0	0	0	0	0	0	0	0	0	0	0	0	0	0	0	0	0	0	0	0	
29632	Frontal_Med_Orb_L	0	0	376	0	2372	154	0	0	0	0	0	0	0	0	358	0	0	0	0	0	390	128	1076	772	0	1918	2432	514	0	0	2942	846	0	0	0	0	0	0	0	0	0	0	0	0	0	0	0	0	0	0	0	0	0	0	0	0	0	0	0	0	0	0	0	0	0	0	0	0	0	0	344	0	194	0	0	0	0	0	0	0	0	0	0	0	0	0	0	0	0	0	0	0	0	0	0	0	0	0	0	0	0	0	0	0	0	0	0	0	0	0	0	0	0	0	0	0	
78516	Frontal_Med_Orb_R	0	0	0	1428	138	6500	0	0	0	440	0	0	0	0	0	120	0	0	0	0	336	1308	946	7128	1918	0	578	7800	0	0	1468	5884	0	0	0	0	0	0	0	0	0	0	0	0	0	0	0	0	0	0	0	0	0	0	0	0	0	0	0	0	0	0	0	0	0	0	0	0	0	0	196	2330	0	740	0	0	0	0	0	0	0	0	0	0	0	0	0	0	0	0	0	0	0	0	0	0	0	0	0	0	0	0	0	0	0	0	0	0	0	0	0	0	0	0	0	0	
85916	Rectus_L	0	0	0	0	10404	424	0	0	946	0	0	0	0	0	4194	0	0	0	0	0	5478	3064	234	0	2432	578	0	2078	1260	0	4838	1984	0	0	0	0	0	0	0	0	0	0	0	0	0	0	0	0	0	0	0	0	0	0	0	0	0	0	0	0	0	0	0	0	0	0	0	0	0	0	3586	988	470	0	0	0	0	0	0	0	0	0	0	0	0	0	0	0	0	0	0	0	0	0	0	0	0	0	0	0	0	0	0	0	0	0	0	0	0	0	0	0	0	0	0	0	
101704	Rectus_R	0	0	0	0	504	9306	0	0	0	278	0	0	0	0	560	3308	0	0	0	0	2632	7680	0	1438	514	7800	2078	0	0	1124	1482	4642	0	0	0	0	0	0	0	0	0	618	0	0	0	0	0	0	0	0	0	0	0	0	0	0	0	0	0	0	0	0	0	0	0	0	0	0	0	0	1912	2884	276	1816	0	0	0	0	0	0	0	0	0	0	0	0	0	0	0	0	0	0	0	0	0	0	0	0	0	0	0	0	0	0	0	0	0	0	0	0	0	0	0	0	0	0	
639800	Insula_L	12132	522	51002	620	3742	0	27530	0	0	0	15382	0	33180	0	13750	940	19732	0	29082	404	4858	306	2914	224	0	0	1260	0	0	0	3048	1502	738	0	422	414	11116	0	1786	0	3756	0	198	0	0	0	0	0	218	0	542	0	0	0	6324	0	3946	0	170	0	378	0	234	0	282	0	344	0	482	0	7094	2812	21610	386	0	0	952	162	11062	0	8338	0	5276	0	1508	0	0	0	6462	0	236	0	0	0	0	0	152	0	370	0	0	0	0	0	0	0	0	0	0	0	0	0	0	0	0	0	
394124	Insula_R	0	3482	990	23706	0	442	174	3608	0	0	0	19140	0	15474	0	6346	0	15616	6482	19006	0	1700	1366	3568	0	0	0	1124	0	0	282	3614	0	6160	0	0	0	7398	0	3252	0	932	0	0	0	0	0	0	0	0	0	0	0	0	0	4714	0	2224	0	0	0	172	0	368	0	0	0	0	0	246	172	8912	0	26624	0	0	0	0	0	1326	0	4500	0	600	0	1548	0	0	0	1794	0	0	0	0	0	0	0	0	0	0	0	0	0	0	0	0	0	0	0	0	0	0	0	0	0	0	
232004	Cingulum_Ant_L	0	0	12068	2438	3788	166	4062	198	0	0	190	0	2572	258	1036	410	0	0	6426	1686	3824	2432	16686	5974	2942	1468	4838	1482	3048	282	0	16880	3804	4808	470	0	0	0	0	0	0	0	0	0	0	0	0	0	0	0	0	0	0	0	0	0	0	0	0	0	0	0	0	0	0	0	0	0	0	0	4588	1798	5168	212	0	0	0	0	0	0	0	0	0	0	0	0	0	0	0	0	0	0	0	0	0	0	0	0	0	0	0	0	0	0	0	0	0	0	0	0	0	0	0	0	0	0	
377288	Cingulum_Ant_R	0	0	5698	24416	586	1008	1966	2628	0	0	0	974	1440	3238	542	2386	0	154	7826	8534	2464	3390	11822	29372	846	5884	1984	4642	1502	3614	16880	0	1194	16632	0	0	0	0	0	0	0	0	0	0	0	0	0	0	0	0	0	0	0	0	0	0	0	0	0	0	0	0	0	0	0	0	0	0	0	0	2970	15000	1338	6914	0	0	0	800	0	0	0	0	0	0	0	0	0	0	0	0	0	0	0	0	0	0	0	0	0	0	0	0	0	0	0	0	0	0	0	0	0	0	0	0	0	0	
104756	Cingulum_Mid_L	956	0	3990	1654	0	0	1896	0	0	0	0	0	1462	130	336	0	0	0	7482	4106	0	0	4652	472	0	0	0	0	738	0	3804	1194	0	10322	2282	316	0	0	0	0	0	0	134	0	674	0	0	0	160	0	148	0	0	0	0	0	0	0	0	0	0	0	0	0	0	0	1558	882	2438	394	0	0	198	0	0	0	0	0	0	0	0	0	0	0	0	0	0	0	0	0	0	0	0	0	0	0	0	0	0	0	0	0	0	0	0	0	0	0	0	0	0	0	0	0	0	0	
586252	Cingulum_Mid_R	3074	3530	6092	18064	0	0	2334	1580	0	0	0	5184	0	6228	0	1866	0	2058	21788	58444	0	0	13190	15458	0	0	0	0	0	6160	4808	16632	10322	0	1988	5702	160	3668	0	0	0	0	0	4888	0	2442	0	1428	0	618	0	292	0	0	0	3338	0	2260	0	238	0	2604	0	3064	0	2136	844	10674	3368	31198	0	1460	700	542	0	0	0	0	0	202	0	3240	0	0	0	5678	0	0	0	3582	0	0	0	0	0	0	0	0	0	0	0	0	0	0	0	0	0	0	0	0	0	0	0	0	0	0	
127436	Cingulum_Post_L	4122	0	354	0	0	0	0	0	0	0	0	0	0	0	0	0	0	0	654	1528	0	0	0	0	0	0	0	0	422	0	470	0	2282	1988	0	11858	8392	3654	502	2414	0	0	864	412	788	0	674	362	0	0	0	0	0	0	724	636	0	0	0	0	0	0	0	0	0	0	7362	2832	4080	1248	0	0	478	0	0	0	2216	1018	0	0	296	0	0	0	386	0	0	0	574	128	0	0	0	0	0	0	0	0	0	0	0	0	0	0	0	0	0	0	0	0	0	0	0	0	0	0	
147172	Cingulum_Post_R	668	0	384	0	0	0	0	0	0	0	0	0	0	0	0	0	0	0	488	4074	0	0	0	0	0	0	0	0	414	0	0	0	316	5702	11858	0	6942	8164	464	3838	0	0	0	1506	0	424	232	1036	0	0	0	0	0	0	0	2462	0	0	0	0	0	0	0	0	0	0	1714	10948	406	3388	0	0	382	144	0	0	3136	1872	0	0	226	0	0	0	330	128	0	0	548	1392	0	0	0	0	0	0	0	0	0	0	0	0	0	0	0	0	0	0	0	0	0	0	0	0	0	0	
265592	Hippocampus_L	5494	0	5286	0	0	0	780	0	0	0	0	0	0	0	0	0	0	0	2366	268	200	0	0	0	0	0	0	0	11116	0	0	0	0	160	8392	6942	0	4054	11268	2942	5784	0	1344	0	0	0	3928	628	0	0	0	0	0	0	15084	282	0	0	0	0	0	0	0	0	0	0	5224	1082	2668	0	240	302	6360	0	410	0	3934	1116	3608	0	2504	0	674	0	1744	0	0	0	13162	0	1038	0	254	0	0	0	192	0	1040	0	0	0	160	0	160	0	0	0	180	426	0	0	0	0	0	0	
372300	Hippocampus_R	224	2966	644	7390	0	0	0	134	0	0	0	1870	0	628	0	0	0	1448	868	9016	0	378	0	146	0	0	0	0	0	7398	0	0	0	3668	3654	8164	4054	0	290	33942	0	10412	0	1466	0	410	178	3014	0	138	0	0	0	364	0	30496	0	612	0	0	0	294	0	452	0	172	792	7380	0	3576	0	1420	142	17038	0	0	1862	5838	0	588	0	3736	0	1072	0	1068	0	0	0	6608	0	0	0	0	0	0	0	140	0	0	0	0	0	0	0	0	0	0	0	0	0	0	0	0	0	0	
75572	ParaHippocampal_L	1110	0	1182	0	226	0	0	0	0	0	0	0	0	0	408	0	0	0	608	0	830	0	0	0	0	0	0	0	1786	0	0	0	0	0	502	464	11268	290	0	180	1754	0	256	0	0	0	2830	554	0	0	142	0	0	0	4528	0	0	0	0	0	0	0	0	0	0	0	794	154	616	0	0	0	2356	0	200	0	934	0	0	0	0	0	318	0	0	0	0	0	596	0	568	0	0	0	0	0	520	0	782	0	0	0	0	0	0	0	0	0	312	718	0	0	0	0	0	0	
239344	ParaHippocampal_R	136	322	278	2566	0	0	0	0	0	0	0	878	0	400	0	198	0	214	356	2914	0	488	0	0	0	0	0	0	0	3252	0	0	0	0	2414	3838	2942	33942	180	0	0	8414	0	584	0	0	0	4998	0	0	0	0	0	1300	0	23768	0	0	0	0	0	0	0	0	0	0	492	4126	0	0	0	634	0	9400	0	0	1316	3006	0	214	0	1180	0	958	0	346	0	382	0	1734	0	154	0	0	0	0	0	814	0	534	0	0	0	0	0	0	0	0	0	0	0	0	0	0	0	0	
40436	Amygdala_L	0	0	0	0	280	0	0	0	0	0	0	0	0	0	484	0	0	0	0	0	1726	0	0	0	0	0	0	0	3756	0	0	0	0	0	0	0	5784	0	1754	0	0	0	0	0	0	0	0	0	0	0	0	0	0	0	3098	0	0	0	0	0	0	0	0	0	0	0	0	0	0	0	298	0	1696	0	0	0	0	0	0	0	0	0	268	0	0	0	0	0	1074	0	0	0	0	0	0	0	0	0	0	0	0	0	0	0	0	0	0	0	0	0	0	0	0	0	0	0	
64892	Amygdala_R	0	0	0	0	0	324	0	0	0	0	0	0	0	0	0	370	0	0	0	0	0	1530	0	0	0	0	0	618	0	932	0	0	0	0	0	0	0	10412	0	8414	0	0	0	0	0	0	0	0	0	0	0	0	0	0	0	5782	0	0	0	0	0	0	0	0	0	0	0	0	0	0	120	476	0	1398	0	0	0	186	0	0	0	0	0	1884	0	0	0	0	0	0	0	0	0	0	0	0	0	0	0	0	0	0	0	0	0	0	0	0	0	0	0	0	0	0	0	0	
189212	Calcarine_L	880	0	0	0	0	0	0	0	0	0	0	0	0	0	0	0	278	0	0	0	0	0	0	0	0	0	0	0	198	0	0	0	134	0	864	0	1344	0	256	0	0	0	0	7324	14302	4000	5174	2722	8160	2288	15974	0	4214	0	4412	0	1556	0	710	140	322	0	150	0	376	0	10576	704	2488	0	0	0	0	0	0	0	0	0	0	0	208	0	0	0	3688	0	0	0	1164	0	0	0	0	0	0	0	0	0	0	0	0	0	0	0	0	0	0	0	0	0	0	0	0	0	0	0	
354516	Calcarine_R	0	460	0	496	0	0	0	0	0	0	0	0	0	0	0	0	0	246	0	3028	0	0	0	0	0	0	0	0	0	0	0	0	0	4888	412	1506	0	1466	0	584	0	0	7324	0	3214	30594	1406	23684	0	21790	0	10078	0	3706	0	12382	0	2830	0	2674	0	912	0	268	0	544	240	29014	348	6542	0	0	0	0	0	0	0	0	0	0	0	266	0	0	0	4452	0	0	0	1904	0	0	0	0	0	0	0	0	0	0	0	0	0	0	0	0	0	0	0	0	0	0	0	0	0	0	
178612	Cuneus_L	784	0	0	0	0	0	0	0	0	0	0	0	0	0	0	0	0	0	0	0	0	0	0	0	0	0	0	0	0	0	0	0	674	0	788	0	0	0	0	0	0	0	14302	3214	0	4280	1116	384	20336	1360	14018	0	2570	0	2666	0	1052	0	1916	0	0	0	0	0	166	0	12298	1112	3334	0	0	0	0	0	0	0	0	0	0	0	0	0	0	0	2030	0	0	0	906	0	0	0	0	0	0	0	0	0	0	0	0	0	0	0	0	0	0	0	0	0	0	0	0	0	0	0	
333496	Cuneus_R	0	624	0	692	0	0	0	0	0	0	0	0	0	0	0	0	0	238	0	2226	0	0	0	0	0	0	0	0	0	0	0	0	0	2442	0	424	0	410	0	0	0	0	4000	30594	4280	0	432	7308	0	42694	0	10970	0	1266	0	3778	0	2148	0	10142	0	1690	0	218	0	2156	936	26318	0	3568	0	0	0	0	0	0	0	0	0	0	0	230	0	0	0	5942	0	0	0	1022	0	0	0	0	0	0	0	0	0	0	0	0	0	0	0	0	0	0	0	0	0	0	0	0	0	0	
198036	Lingual_L	0	0	0	0	0	0	0	0	0	0	0	0	0	0	0	0	0	0	0	0	0	0	0	0	0	0	0	0	0	0	0	0	0	0	674	232	3928	178	2830	0	0	0	5174	1406	1116	432	0	2326	3060	278	10108	0	5364	0	15868	876	0	0	0	0	0	0	0	0	0	0	3736	180	0	0	0	0	0	0	0	0	208	0	0	0	0	0	0	0	0	0	0	0	0	0	6824	886	0	0	206	176	9896	2454	10672	2336	0	0	0	0	0	194	0	0	0	130	4544	2324	0	0	0	402	
249300	Lingual_R	0	0	0	0	0	0	0	0	0	0	0	0	0	0	0	0	0	126	0	290	0	0	0	0	0	0	0	0	0	0	0	0	0	1428	362	1036	628	3014	554	4998	0	0	2722	23684	384	7308	2326	0	0	6884	0	5250	0	4280	0	17818	0	0	0	128	0	0	0	0	0	0	284	11966	0	1080	0	0	0	0	0	0	0	268	0	0	0	0	0	0	0	1532	0	0	0	1478	962	3498	198	120	0	182	1384	4204	1056	6968	0	0	0	0	0	0	0	0	0	0	3092	2484	674	0	0	0	
247128	Occipital_Sup_L	1360	0	402	0	0	0	268	0	0	0	0	0	0	0	0	0	1586	0	210	0	0	0	0	0	0	0	0	0	218	0	0	0	160	0	0	0	0	0	0	0	0	0	8160	0	20336	0	3060	0	0	0	39976	0	6522	0	1596	0	4298	0	12008	0	3070	0	800	0	1884	0	8128	0	1550	0	0	0	0	0	0	0	0	0	0	0	632	0	0	0	5920	0	0	0	1420	0	0	0	0	0	0	0	0	0	0	0	0	0	0	0	0	0	0	0	0	0	0	0	0	0	0	0	
348340	Occipital_Sup_R	0	1542	0	2280	0	0	0	0	0	0	0	0	0	0	0	0	0	344	0	2348	0	0	0	0	0	0	0	0	0	0	0	0	0	618	0	0	0	138	0	0	0	0	2288	21790	1360	42694	278	6884	0	0	0	27314	0	1624	0	3420	0	2758	0	14476	0	4452	0	184	0	9248	214	19992	0	1278	0	0	0	0	0	0	0	0	0	0	0	0	0	0	0	5822	0	0	0	824	0	0	0	0	0	0	0	0	0	0	0	0	0	0	0	0	0	0	0	0	0	0	0	0	0	0	
483384	Occipital_Mid_L	2938	0	798	0	0	0	528	0	0	0	0	0	0	0	0	0	2884	0	422	0	0	0	0	0	0	0	0	0	542	0	0	0	148	0	0	0	0	0	142	0	0	0	15974	0	14018	0	10108	0	39976	0	0	0	26310	0	10510	0	8128	0	20598	0	17136	0	1998	0	21886	0	11072	0	3092	0	0	0	0	0	0	0	0	0	0	0	1714	0	0	0	25532	0	0	0	5238	0	0	0	0	0	0	0	0	0	0	0	0	0	0	0	0	0	0	0	0	0	0	0	0	0	0	0	
218364	Occipital_Mid_R	0	992	0	1130	0	0	0	0	0	0	0	0	0	0	0	0	0	154	0	1106	0	0	0	0	0	0	0	0	0	0	0	0	0	292	0	0	0	0	0	0	0	0	0	10078	0	10970	0	5250	0	27314	0	0	0	3940	0	2646	0	736	0	6984	0	3270	0	0	0	14862	0	6184	0	376	0	0	0	0	0	0	0	0	0	0	0	224	0	0	0	12112	0	0	0	562	0	0	0	0	0	0	0	0	0	0	0	0	0	0	0	0	0	0	0	0	0	0	0	0	0	0	
129004	Occipital_Inf_L	156	0	0	0	0	0	0	0	0	0	0	0	0	0	0	0	0	0	0	0	0	0	0	0	0	0	0	0	0	0	0	0	0	0	0	0	0	0	0	0	0	0	4214	0	2570	0	5364	0	6522	0	26310	0	0	0	9006	0	420	0	1212	0	168	0	0	0	226	0	548	0	168	0	0	0	0	0	0	0	0	0	0	0	126	0	0	0	3802	0	0	0	3550	0	0	0	0	0	0	0	0	0	140	0	0	0	0	0	0	0	0	0	0	0	0	0	0	0	0	0	
52700	Occipital_Inf_R	0	0	0	0	0	0	0	0	0	0	0	0	0	0	0	0	0	0	0	0	0	0	0	0	0	0	0	0	0	0	0	0	0	0	0	0	0	364	0	1300	0	0	0	3706	0	1266	0	4280	0	1624	0	3940	0	0	0	5298	0	0	0	0	0	0	0	0	0	0	0	756	0	0	0	0	0	0	0	0	0	0	0	0	0	0	0	0	0	1278	0	0	0	2316	0	0	0	0	0	0	0	0	0	222	0	0	0	0	0	0	0	0	0	0	0	0	0	0	0	0	
420804	Fusiform_L	1658	0	1182	0	0	0	0	0	0	0	0	0	0	0	0	0	506	0	902	0	0	0	0	0	0	0	0	0	6324	0	0	0	0	0	724	0	15084	0	4528	0	3098	0	4412	0	2666	0	15868	0	1596	0	10510	0	9006	0	0	0	630	0	234	0	2768	0	3558	0	976	0	4310	0	1506	0	218	0	1834	0	0	0	388	0	1284	0	3962	0	1486	0	5732	0	618	0	26180	0	25832	0	2128	0	466	0	11552	294	29392	396	536	0	1998	0	1278	0	264	0	0	0	1384	1134	0	0	0	0	
464036	Fusiform_R	0	768	250	2360	0	0	0	0	0	0	0	764	0	350	0	0	0	928	294	4318	0	156	0	0	0	0	0	0	0	4714	0	0	0	3338	636	2462	282	30496	0	23768	0	5782	0	12382	0	3778	876	17818	0	3420	0	2646	0	5298	0	0	0	1576	0	354	0	460	0	264	0	138	134	12054	132	4146	0	490	0	7672	0	0	0	1836	0	312	0	3906	0	4984	0	2526	0	1168	0	15722	200	13816	0	232	0	132	978	7274	424	18180	0	0	0	400	0	0	0	0	0	0	2634	1796	194	0	0	0	
267792	Postcentral_L	30606	0	10826	0	0	0	3768	0	0	0	5856	0	492	0	0	0	9436	0	7674	0	0	0	0	0	0	0	0	0	3946	0	0	0	0	0	0	0	0	0	0	0	0	0	1556	0	1052	0	0	0	4298	0	8128	0	420	0	630	0	0	0	6894	0	15202	0	9170	0	2038	0	2302	0	4324	0	0	332	0	0	0	0	0	266	1256	0	2314	0	0	0	548	0	0	0	562	0	0	0	0	0	0	0	0	0	0	0	0	0	0	0	0	0	0	0	0	0	0	0	0	0	0	0	
171080	Postcentral_R	0	20408	0	5050	0	0	0	444	0	0	0	2664	0	0	0	0	0	2714	370	5820	0	0	0	0	0	0	0	0	0	2224	0	0	0	2260	0	0	0	612	0	0	0	0	0	2830	0	2148	0	0	0	2758	0	736	0	0	0	1576	0	0	0	3534	0	5888	0	10998	0	472	0	5772	0	3520	0	136	154	910	150	0	0	0	0	0	0	408	0	0	0	546	0	0	0	438	0	0	0	0	0	0	0	0	0	0	0	0	0	0	0	0	0	0	0	0	0	0	0	0	0	0	
159164	Parietal_Sup_L	1012	0	586	0	0	0	452	0	0	0	0	0	0	0	0	0	1422	0	244	0	0	0	0	0	0	0	0	0	170	0	0	0	0	0	0	0	0	0	0	0	0	0	710	0	1916	0	0	0	12008	0	20598	0	1212	0	234	0	6894	0	0	0	11582	0	788	0	5450	0	11098	168	1050	0	0	0	0	0	0	0	0	0	0	0	760	0	0	0	742	0	0	0	486	0	0	0	0	0	0	0	0	0	0	0	0	0	0	0	0	0	0	0	0	0	0	0	0	0	0	0	
127060	Parietal_Sup_R	0	470	0	526	0	0	0	0	0	0	0	0	0	0	0	0	0	0	0	664	0	0	0	0	0	0	0	0	0	0	0	0	0	238	0	0	0	0	0	0	0	0	140	2674	0	10142	0	128	0	14476	0	6984	0	0	0	354	0	3534	0	0	0	5044	0	186	0	4678	0	11474	0	336	0	0	0	0	0	0	0	0	0	0	0	0	0	0	0	1482	0	0	0	0	0	0	0	0	0	0	0	0	0	0	0	0	0	0	0	0	0	0	0	0	0	0	0	0	0	0	
214760	Parietal_Inf_L	6234	0	3002	0	0	0	1742	0	0	0	222	0	0	0	0	0	1710	0	1162	0	0	0	0	0	0	0	0	0	378	0	0	0	0	0	0	0	0	0	0	0	0	0	322	0	0	0	0	0	3070	0	17136	0	168	0	2768	0	15202	0	11582	0	0	0	14062	0	19846	0	1898	0	360	0	0	212	0	0	0	0	0	204	0	0	1482	0	0	0	1696	0	0	0	2922	0	0	0	0	0	0	0	0	0	0	0	0	0	0	0	0	0	0	0	0	0	0	0	0	0	0	0	
117240	Parietal_Inf_R	0	1194	0	948	0	0	0	0	0	0	0	0	0	0	0	0	0	0	0	2860	0	0	0	0	0	0	0	0	0	172	0	0	0	2604	0	0	0	294	0	0	0	0	0	912	0	1690	0	0	0	4452	0	3270	0	0	0	460	0	5888	0	5044	0	0	0	8580	0	11466	0	3058	0	2832	0	0	0	164	0	0	0	0	0	0	0	302	0	0	0	2272	0	0	0	158	0	0	0	0	0	0	0	0	0	0	0	0	0	0	0	0	0	0	0	0	0	0	0	0	0	0	
125776	SupraMarginal_L	3352	0	1702	0	0	0	564	0	0	0	0	0	0	0	0	0	2682	0	866	0	0	0	0	0	0	0	0	0	234	0	0	0	0	0	0	0	0	0	0	0	0	0	150	0	0	0	0	0	800	0	1998	0	0	0	3558	0	9170	0	788	0	14062	0	0	0	7384	0	494	0	180	0	0	0	0	0	0	0	0	0	152	0	6044	0	0	0	3910	0	0	0	4798	0	0	0	0	0	0	0	0	0	0	0	0	0	0	0	0	0	0	0	0	0	0	0	0	0	0	0	
113572	SupraMarginal_R	0	4398	0	2662	0	0	0	0	0	0	0	276	0	0	0	0	0	2778	226	4886	0	0	0	0	0	0	0	0	0	368	0	0	0	3064	0	0	0	452	0	0	0	0	0	268	0	218	0	0	0	184	0	0	0	0	0	264	0	10998	0	186	0	8580	0	0	0	3368	0	448	0	3416	0	234	0	416	0	0	0	146	0	496	0	6270	0	0	0	1984	0	0	0	200	0	0	0	0	0	0	0	0	0	0	0	0	0	0	0	0	0	0	0	0	0	0	0	0	0	0	
160148	Angular_L	964	0	632	0	0	0	252	0	0	0	0	0	0	0	0	0	624	0	510	0	0	0	0	0	0	0	0	0	282	0	0	0	0	0	0	0	0	0	0	0	0	0	376	0	166	0	0	0	1884	0	21886	0	226	0	976	0	2038	0	5450	0	19846	0	7384	0	0	0	1554	0	202	0	0	0	0	0	0	0	0	0	0	0	2006	0	0	0	9486	0	0	0	3330	0	0	0	0	0	0	0	0	0	0	0	0	0	0	0	0	0	0	0	0	0	0	0	0	0	0	0	
137140	Angular_R	0	368	0	0	0	0	0	0	0	0	0	0	0	0	0	0	0	180	0	1978	0	0	0	0	0	0	0	0	0	0	0	0	0	2136	0	0	0	172	0	0	0	0	0	544	0	2156	0	0	0	9248	0	14862	0	0	0	138	0	472	0	4678	0	11466	0	3368	0	0	0	1968	0	2628	0	0	0	0	0	0	0	0	0	0	0	2486	0	0	0	8790	0	0	0	932	0	0	0	0	0	0	0	0	0	0	0	0	0	0	0	0	0	0	0	0	0	0	0	0	0	0	
215772	Precuneus_L	2032	0	586	0	0	0	438	0	0	0	0	0	0	0	0	0	842	0	300	242	0	0	0	0	0	0	0	0	344	0	0	0	1558	844	7362	1714	5224	792	794	492	0	0	10576	240	12298	936	3736	284	8128	214	11072	0	548	0	4310	134	2302	0	11098	0	1898	0	494	0	1554	0	0	5012	4626	300	0	0	0	0	0	0	0	0	226	0	608	0	0	0	2470	0	0	0	1258	0	0	0	0	0	0	0	0	0	0	0	0	0	0	0	0	0	0	0	0	0	0	0	0	0	0	0	
413752	Precuneus_R	0	1112	0	1958	0	0	0	0	0	0	0	0	0	0	0	0	0	642	166	6862	0	0	0	0	0	0	0	0	0	0	0	0	882	10674	2832	10948	1082	7380	154	4126	0	0	704	29014	1112	26318	180	11966	0	19992	0	6184	0	756	0	12054	0	5772	168	11474	0	3058	0	448	0	1968	5012	0	498	11196	0	0	0	0	0	0	0	188	0	150	0	428	0	0	0	5146	0	0	0	4272	0	0	0	0	0	0	0	0	0	0	0	0	0	0	0	0	0	0	0	0	0	0	0	0	0	0	
237488	Paracentral_Lobule_L	33670	238	5880	232	0	0	0	0	0	0	0	0	0	0	0	0	184	0	13726	5520	0	0	0	0	0	0	0	0	482	0	0	0	2438	3368	4080	406	2668	0	616	0	0	0	2488	348	3334	0	0	0	1550	0	3092	0	168	0	1506	132	4324	0	1050	0	360	0	180	0	202	0	4626	498	0	3942	2750	800	1692	0	134	0	8772	440	492	0	282	0	0	0	1170	0	0	0	904	0	0	0	0	0	0	0	0	0	0	0	0	0	0	0	0	0	0	0	0	0	0	0	0	0	0	0	
302068	Paracentral_Lobule_R	3194	5944	526	888	0	0	0	0	0	0	0	0	0	0	0	0	0	294	3302	34354	0	0	0	0	0	0	0	0	0	246	0	0	394	31198	1248	3388	0	3576	0	0	0	0	0	6542	0	3568	0	1080	0	1278	0	376	0	0	0	4146	0	3520	0	336	0	2832	0	3416	0	2628	300	11196	3942	0	390	756	364	154	0	0	310	616	0	244	0	3894	0	0	0	6786	0	0	0	3808	0	0	0	0	0	0	0	0	0	0	0	0	0	0	0	0	0	0	0	0	0	0	0	0	0	0	
241644	Caudate_L	4224	676	10614	932	1648	384	1188	0	124	0	1046	0	4038	130	1636	2188	212	0	10622	914	6862	6328	134	544	344	196	3586	1912	7094	172	4588	2970	0	0	0	0	240	0	0	0	298	120	0	0	0	0	0	0	0	0	0	0	0	0	218	0	0	0	0	0	0	0	0	0	0	0	0	0	2750	390	0	9036	18412	1012	2772	166	9176	518	0	0	180	0	0	0	0	0	0	0	228	0	0	0	0	0	0	0	0	0	0	0	0	0	0	0	0	0	0	0	0	0	0	0	0	0	0	0	
447252	Caudate_R	2060	422	10328	21998	206	2658	790	1954	0	0	490	5882	1916	3778	270	12544	202	2098	14112	20196	1532	4580	136	8322	0	2330	988	2884	2812	8912	1798	15000	0	1460	0	0	302	1420	0	634	0	476	0	0	0	0	0	0	0	0	0	0	0	0	0	490	332	136	0	0	212	0	0	234	0	0	0	0	800	756	9036	0	5146	25622	1478	2426	864	20604	0	0	0	0	0	0	0	0	0	0	0	0	0	0	0	0	0	0	0	0	0	0	0	0	0	0	0	0	0	0	0	0	0	0	0	0	0	0	
326900	Putamen_L	4844	866	29160	826	4536	0	2748	0	0	0	456	0	2892	0	2842	770	0	0	16998	1654	2988	1598	3084	220	194	0	470	276	21610	0	5168	1338	198	700	478	382	6360	142	2356	0	1696	0	0	0	0	0	0	0	0	0	0	0	0	0	1834	0	0	154	0	0	0	0	0	0	0	0	0	0	1692	364	18412	5146	0	714	8740	206	3108	1214	226	0	712	0	774	0	0	0	0	0	1868	0	186	0	0	0	0	0	0	0	250	0	0	0	0	0	0	0	0	0	0	0	0	0	0	0	0	0	
404944	Putamen_R	0	2172	4632	26560	0	2038	278	2568	0	0	0	7726	296	3574	0	8510	0	1590	5228	22226	0	992	0	5170	0	740	0	1816	386	26624	212	6914	0	542	0	144	0	17038	0	9400	0	1398	0	0	0	0	0	0	0	0	0	0	0	0	0	7672	0	910	0	0	0	164	0	416	0	0	0	0	0	154	1012	25622	714	0	0	2372	0	3812	0	0	0	274	0	160	0	0	0	0	0	416	0	0	0	0	0	0	0	0	0	0	0	0	0	0	0	0	0	0	0	0	0	0	0	0	0	0	
73652	Pallidum_L	2572	328	7840	172	0	0	0	0	0	0	0	0	0	0	0	0	0	0	8468	280	0	0	0	0	0	0	0	0	0	0	0	0	0	0	0	0	410	0	200	0	0	0	0	0	0	0	0	0	0	0	0	0	0	0	0	0	0	150	0	0	0	0	0	0	0	0	0	0	134	0	2772	1478	8740	0	0	0	2908	374	0	0	0	0	0	0	0	0	0	0	0	0	0	0	0	0	0	0	0	0	0	0	0	0	0	0	0	0	0	0	0	0	0	0	0	0	0	0	
25520	Pallidum_R	0	0	462	2704	0	0	0	0	0	0	0	0	0	0	0	0	0	0	402	4022	0	0	0	0	0	0	0	0	0	0	0	0	0	0	0	0	0	0	0	0	0	0	0	0	0	0	0	0	0	0	0	0	0	0	0	0	0	0	0	0	0	0	0	0	0	0	0	0	0	0	166	2426	206	2372	0	0	0	0	0	0	0	0	0	0	0	0	0	0	0	0	0	0	0	0	0	0	0	0	0	0	0	0	0	0	0	0	0	0	0	0	0	0	0	0	0	0	
160624	Thalamus_L	12328	0	9144	0	0	0	230	0	0	0	0	0	0	0	0	0	0	0	13716	540	0	0	0	0	0	0	0	0	952	0	0	0	0	0	2216	3136	3934	1862	934	1316	0	0	0	0	0	0	208	0	0	0	0	0	0	0	388	0	0	0	0	0	0	0	0	0	0	0	0	0	8772	310	9176	864	3108	0	2908	0	0	3820	0	0	130	0	0	0	0	0	0	0	320	0	0	0	0	0	0	0	0	0	0	0	0	0	0	0	0	0	0	0	0	0	0	0	0	0	0	0	
144440	Thalamus_R	1418	0	1290	6258	0	0	0	0	0	0	0	0	130	0	0	670	0	0	2558	10462	0	0	0	800	0	0	0	0	162	0	0	800	0	0	1018	1872	1116	5838	0	3006	0	186	0	0	0	0	0	268	0	0	0	0	0	0	0	1836	266	0	0	0	204	0	0	146	0	0	0	188	440	616	518	20604	1214	3812	374	0	3820	0	0	0	0	0	0	0	0	0	0	0	0	330	0	0	0	0	0	0	0	0	0	0	0	0	0	0	0	0	0	0	0	0	0	0	0	0	0	0	
82940	Heschl_L	5152	0	4914	0	0	0	3004	0	0	0	526	0	0	0	0	0	1988	0	1722	0	0	0	0	0	0	0	0	0	11062	0	0	0	0	0	0	0	3608	0	0	0	0	0	0	0	0	0	0	0	0	0	0	0	0	0	1284	0	1256	0	0	0	0	0	152	0	0	0	226	0	492	0	0	0	226	0	0	0	0	0	0	0	3026	0	0	0	1432	0	0	0	1400	0	0	0	0	0	0	0	0	0	0	0	0	0	0	0	0	0	0	0	0	0	0	0	0	0	0	0	
24536	Heschl_R	0	0	0	358	0	0	0	0	0	0	0	0	0	0	0	0	0	2036	0	544	0	0	0	0	0	0	0	0	0	1326	0	0	0	202	0	0	0	588	0	214	0	0	0	0	0	0	0	0	0	0	0	0	0	0	0	312	0	0	0	0	0	0	0	496	0	0	0	150	0	244	0	0	0	0	0	0	0	0	0	0	0	3946	0	178	0	1534	0	0	0	140	0	0	0	0	0	0	0	0	0	0	0	0	0	0	0	0	0	0	0	0	0	0	0	0	0	0	
181832	Temporal_Sup_L	2160	0	3384	0	0	0	1070	0	0	0	2200	0	246	0	0	0	5888	0	3078	0	0	0	0	0	0	0	0	0	8338	0	0	0	0	0	296	226	2504	0	0	0	0	0	208	0	0	0	0	0	632	0	1714	0	126	0	3962	0	2314	0	760	0	1482	0	6044	0	2006	0	608	0	282	0	180	0	712	0	0	0	130	0	3026	0	0	0	2604	0	21290	0	274	0	12818	0	354	0	0	0	0	0	0	0	0	0	0	0	0	0	0	0	0	0	0	0	0	0	0	0	0	0	
138400	Temporal_Sup_R	0	426	0	718	0	0	0	0	0	0	0	0	0	0	0	0	0	4118	0	3456	0	0	0	0	0	0	0	0	0	4500	0	0	0	3240	0	0	0	3736	0	1180	0	0	0	266	0	230	0	0	0	0	0	224	0	0	0	3906	0	408	0	0	0	302	0	6270	0	2486	0	428	0	3894	0	0	0	274	0	0	0	0	0	3946	0	0	0	2548	0	18462	0	192	0	3990	0	0	0	0	0	0	0	0	0	0	0	0	0	0	0	0	0	0	0	0	0	0	0	0	0	0	
76912	Temporal_Pole_Sup_L	0	0	3248	0	386	0	1186	0	0	0	1842	0	672	0	3094	0	1538	0	1194	0	358	0	0	0	0	0	0	0	5276	0	0	0	0	0	0	0	674	0	318	0	268	0	0	0	0	0	0	0	0	0	0	0	0	0	1486	0	0	0	0	0	0	0	0	0	0	0	0	0	0	0	0	0	774	0	0	0	0	0	0	0	2604	0	0	0	5458	0	3146	0	4934	0	0	0	0	0	0	0	0	0	0	0	0	0	0	0	0	0	0	0	0	0	0	0	0	0	0	0	
52824	Temporal_Pole_Sup_R	0	0	0	0	0	0	0	0	0	0	0	166	0	0	0	182	0	324	0	0	0	160	0	0	0	0	0	0	0	600	0	0	0	0	0	0	0	1072	0	958	0	1884	0	0	0	0	0	0	0	0	0	0	0	0	0	4984	0	0	0	0	0	0	0	0	0	0	0	0	0	0	0	0	0	160	0	0	0	0	0	178	0	2548	0	0	0	4356	0	4818	0	4022	0	0	0	0	0	0	0	0	0	0	0	0	0	0	0	0	0	0	0	0	0	0	0	0	0	0	
272368	Temporal_Mid_L	918	0	194	0	0	0	0	0	0	0	0	0	0	0	0	0	592	0	232	0	0	0	0	0	0	0	0	0	1508	0	0	0	0	0	386	330	1744	0	0	0	0	0	3688	0	2030	0	0	0	5920	0	25532	0	3802	0	5732	0	548	0	742	0	1696	0	3910	0	9486	0	2470	0	1170	0	0	0	0	0	0	0	0	0	1432	0	21290	0	5458	0	0	0	3496	0	31602	0	276	0	0	0	0	0	0	0	0	0	0	0	0	0	0	0	0	0	0	0	0	0	0	0	0	0	
243740	Temporal_Mid_R	0	792	0	376	0	0	0	0	0	0	0	0	0	0	0	0	0	556	0	5076	0	0	0	0	0	0	0	0	0	1548	0	0	0	5678	0	128	0	1068	0	346	0	0	0	4452	0	5942	0	1532	0	5822	0	12112	0	1278	0	2526	0	546	0	1482	0	2272	0	1984	0	8790	0	5146	0	6786	0	0	0	0	0	0	0	0	0	1534	0	18462	0	4356	0	0	0	2532	0	18748	0	0	0	0	0	0	0	0	0	0	0	0	0	0	0	0	0	0	0	0	0	0	0	0	0	0	
18768	Temporal_Pole_Mid_L	0	0	0	0	0	0	0	0	0	0	0	0	0	0	0	0	0	0	0	0	0	0	0	0	0	0	0	0	0	0	0	0	0	0	0	0	0	0	0	0	0	0	0	0	0	0	0	0	0	0	0	0	0	0	618	0	0	0	0	0	0	0	0	0	0	0	0	0	0	0	0	0	0	0	0	0	0	0	0	0	274	0	3146	0	3496	0	0	0	1850	0	0	0	0	0	0	0	0	0	0	0	0	0	0	0	0	0	0	0	0	0	0	0	0	0	0	0	
21892	Temporal_Pole_Mid_R	0	0	0	0	0	0	0	0	0	0	0	0	0	0	0	0	0	0	0	0	0	0	0	0	0	0	0	0	0	0	0	0	0	0	0	0	0	0	0	382	0	0	0	0	0	0	0	0	0	0	0	0	0	0	0	1168	0	0	0	0	0	0	0	0	0	0	0	0	0	0	0	0	0	0	0	0	0	0	0	0	0	192	0	4818	0	2532	0	0	0	1854	0	0	0	0	0	0	0	0	0	0	0	0	0	0	0	0	0	0	0	0	0	0	0	0	0	0	
295168	Temporal_Inf_L	1204	0	1300	0	0	0	0	0	0	0	0	0	0	0	0	0	420	0	1036	0	0	0	0	0	0	0	0	0	6462	0	0	0	0	0	574	548	13162	0	596	0	1074	0	1164	0	906	0	0	0	1420	0	5238	0	3550	0	26180	0	562	0	486	0	2922	0	4798	0	3330	0	1258	0	904	0	228	0	1868	0	0	0	320	0	1400	0	12818	0	4934	0	31602	0	1850	0	0	0	6954	0	1710	0	132	0	742	0	3158	0	0	0	414	0	360	0	0	0	0	0	0	0	0	0	0	0	
166736	Temporal_Inf_R	0	616	0	314	0	0	0	0	0	0	0	0	0	0	0	0	0	628	0	2734	0	0	0	0	0	0	0	0	0	1794	0	0	0	3582	128	1392	0	6608	0	1734	0	0	0	1904	0	1022	0	1478	0	824	0	562	0	2316	0	15722	0	438	0	0	0	158	0	200	0	932	0	4272	0	3808	0	0	0	416	0	0	0	330	0	140	0	3990	0	4022	0	18748	0	1854	0	0	0	554	0	0	0	0	0	0	0	148	0	0	0	0	0	0	0	0	0	0	0	0	0	0	0	0	
487940	Cerebelum_Crus1_L	0	0	0	0	0	0	0	0	0	0	0	0	0	0	0	0	0	0	0	0	0	0	0	0	0	0	0	0	236	0	0	0	0	0	0	0	1038	0	568	0	0	0	0	0	0	0	6824	962	0	0	0	0	0	0	25832	200	0	0	0	0	0	0	0	0	0	0	0	0	0	0	0	0	186	0	0	0	0	0	0	0	354	0	0	0	276	0	0	0	6954	0	0	4332	35212	4340	628	0	17342	1010	57020	6286	14000	682	22368	1616	10586	926	3712	0	192	188	3416	8666	6224	696	1098	0	
393252	Cerebelum_Crus1_R	0	0	0	0	0	0	0	0	0	0	0	0	0	0	0	0	0	0	0	0	0	0	0	0	0	0	0	0	0	0	0	0	0	0	0	0	0	0	0	154	0	0	0	0	0	0	886	3498	0	0	0	0	0	0	0	13816	0	0	0	0	0	0	0	0	0	0	0	0	0	0	0	0	0	0	0	0	0	0	0	0	0	0	0	0	0	0	0	0	0	554	4332	0	8244	35088	0	728	1776	14122	3170	54578	1270	4010	2180	23546	328	936	0	120	0	0	6400	8042	7902	468	478	0	
398360	Cerebelum_Crus2_L	0	0	0	0	0	0	0	0	0	0	0	0	0	0	0	0	0	0	0	0	0	0	0	0	0	0	0	0	0	0	0	0	0	0	0	0	254	0	0	0	0	0	0	0	0	0	0	198	0	0	0	0	0	0	2128	0	0	0	0	0	0	0	0	0	0	0	0	0	0	0	0	0	0	0	0	0	0	0	0	0	0	0	0	0	0	0	0	0	1710	0	35212	8244	0	13904	184	0	1518	466	5214	5670	41876	2760	42326	3310	15242	984	2956	184	0	0	374	2876	9146	1806	638	0	
300840	Cerebelum_Crus2_R	0	0	0	0	0	0	0	0	0	0	0	0	0	0	0	0	0	0	0	0	0	0	0	0	0	0	0	0	0	0	0	0	0	0	0	0	0	0	0	0	0	0	0	0	0	0	0	120	0	0	0	0	0	0	0	232	0	0	0	0	0	0	0	0	0	0	0	0	0	0	0	0	0	0	0	0	0	0	0	0	0	0	0	0	0	0	0	0	0	0	4340	35088	13904	0	0	0	190	1602	1038	11444	4410	19410	5964	30264	380	2282	0	294	0	0	944	2888	13142	2054	430	0	
40168	Cerebelum_3_L	0	0	0	0	0	0	0	0	0	0	0	0	0	0	0	0	0	0	0	0	0	0	0	0	0	0	0	0	0	0	0	0	0	0	0	0	0	0	0	0	0	0	0	0	0	0	206	0	0	0	0	0	0	0	466	0	0	0	0	0	0	0	0	0	0	0	0	0	0	0	0	0	0	0	0	0	0	0	0	0	0	0	0	0	0	0	0	0	132	0	628	0	184	0	0	382	6348	0	3622	282	154	0	202	0	1730	756	0	0	744	1082	898	1052	0	238	710	268	
36304	Cerebelum_3_R	0	0	0	0	0	0	0	0	0	0	0	0	0	0	0	0	0	0	0	0	0	0	0	0	0	0	0	0	0	0	0	0	0	0	0	0	0	0	0	0	0	0	0	0	0	0	176	182	0	0	0	0	0	0	0	132	0	0	0	0	0	0	0	0	0	0	0	0	0	0	0	0	0	0	0	0	0	0	0	0	0	0	0	0	0	0	0	0	0	0	0	728	0	0	382	0	1268	2720	606	2538	0	0	0	156	550	1640	0	0	404	1680	1514	1278	0	300	1118	780	
282540	Cerebelum_4_5_L	0	0	0	0	0	0	0	0	0	0	0	0	0	0	0	0	0	0	0	0	0	0	0	0	0	0	0	0	152	0	0	0	0	0	0	0	192	0	520	0	0	0	0	0	0	0	9896	1384	0	0	0	0	0	0	11552	978	0	0	0	0	0	0	0	0	0	0	0	0	0	0	0	0	0	0	0	0	0	0	0	0	0	0	0	0	0	0	0	0	742	0	17342	1776	1518	190	6348	1268	0	6812	35654	6464	994	0	1650	248	4812	1972	224	0	1296	1876	16188	4954	0	292	1682	2294	
187052	Cerebelum_4_5_R	0	0	0	0	0	0	0	0	0	0	0	0	0	0	0	0	0	0	0	0	0	0	0	0	0	0	0	0	0	0	0	0	0	0	0	0	0	140	0	814	0	0	0	0	0	0	2454	4204	0	0	0	0	0	0	294	7274	0	0	0	0	0	0	0	0	0	0	0	0	0	0	0	0	0	0	0	0	0	0	0	0	0	0	0	0	0	0	0	0	0	0	1010	14122	466	1602	0	2720	6812	0	1904	28172	0	0	156	1568	556	580	0	0	148	646	15478	1030	414	270	396	296	
423488	Cerebelum_6_L	0	0	132	0	0	0	0	0	0	0	0	0	0	0	0	0	0	0	0	0	0	0	0	0	0	0	0	0	370	0	0	0	0	0	0	0	1040	0	782	0	0	0	0	0	0	0	10672	1056	0	0	0	0	140	0	29392	424	0	0	0	0	0	0	0	0	0	0	0	0	0	0	0	0	250	0	0	0	0	0	0	0	0	0	0	0	0	0	0	0	3158	0	57020	3170	5214	1038	3622	606	35654	1904	0	7234	4030	0	7458	946	6716	2246	1646	0	530	710	6966	11490	1886	1078	2562	602	
405408	Cerebelum_6_R	0	0	0	0	0	0	0	0	0	0	0	0	0	0	0	0	0	0	0	0	0	0	0	0	0	0	0	0	0	0	0	0	0	0	0	0	0	0	0	534	0	0	0	0	0	0	2336	6968	0	0	0	0	0	222	396	18180	0	0	0	0	0	0	0	0	0	0	0	0	0	0	0	0	0	0	0	0	0	0	0	0	0	0	0	0	0	0	0	0	0	148	6286	54578	5670	11444	282	2538	6464	28172	7234	0	1104	278	2162	8160	1064	1016	0	186	0	588	14484	13258	7208	612	1132	0	
257096	Cerebelum_7b_L	0	0	0	0	0	0	0	0	0	0	0	0	0	0	0	0	0	0	0	0	0	0	0	0	0	0	0	0	0	0	0	0	0	0	0	0	0	0	0	0	0	0	0	0	0	0	0	0	0	0	0	0	0	0	536	0	0	0	0	0	0	0	0	0	0	0	0	0	0	0	0	0	0	0	0	0	0	0	0	0	0	0	0	0	0	0	0	0	0	0	14000	1270	41876	4410	154	0	994	0	4030	1104	0	2308	37394	3658	6448	548	1288	184	0	0	0	1052	4744	2408	142	0	
105844	Cerebelum_7b_R	0	0	0	0	0	0	0	0	0	0	0	0	0	0	0	0	0	0	0	0	0	0	0	0	0	0	0	0	0	0	0	0	0	0	0	0	0	0	0	0	0	0	0	0	0	0	0	0	0	0	0	0	0	0	0	0	0	0	0	0	0	0	0	0	0	0	0	0	0	0	0	0	0	0	0	0	0	0	0	0	0	0	0	0	0	0	0	0	0	0	682	4010	2760	19410	0	0	0	0	0	278	2308	0	2462	15588	0	646	0	0	0	0	0	310	3332	1136	0	0	
365844	Cerebelum_8_L	0	0	0	0	0	0	0	0	0	0	0	0	0	0	0	0	0	0	0	0	0	0	0	0	0	0	0	0	0	0	0	0	0	0	0	0	160	0	0	0	0	0	0	0	0	0	0	0	0	0	0	0	0	0	1998	0	0	0	0	0	0	0	0	0	0	0	0	0	0	0	0	0	0	0	0	0	0	0	0	0	0	0	0	0	0	0	0	0	414	0	22368	2180	42326	5964	202	0	1650	156	7458	2162	37394	2462	0	7334	23806	2592	4358	388	0	0	278	2424	7654	5370	1824	0	
249816	Cerebelum_8_R	0	0	0	0	0	0	0	0	0	0	0	0	0	0	0	0	0	0	0	0	0	0	0	0	0	0	0	0	0	0	0	0	0	0	0	0	0	0	0	0	0	0	0	0	0	0	0	0	0	0	0	0	0	0	0	400	0	0	0	0	0	0	0	0	0	0	0	0	0	0	0	0	0	0	0	0	0	0	0	0	0	0	0	0	0	0	0	0	0	0	1616	23546	3310	30264	0	156	248	1568	946	8160	3658	15588	7334	0	918	11548	168	920	0	0	634	1020	7288	4402	1216	0	
190940	Cerebelum_9_L	0	0	0	0	0	0	0	0	0	0	0	0	0	0	0	0	0	0	0	0	0	0	0	0	0	0	0	0	0	0	0	0	0	0	0	0	160	0	0	0	0	0	0	0	0	0	0	0	0	0	0	0	0	0	1278	0	0	0	0	0	0	0	0	0	0	0	0	0	0	0	0	0	0	0	0	0	0	0	0	0	0	0	0	0	0	0	0	0	360	0	10586	328	15242	380	1730	550	4812	556	6716	1064	6448	0	23806	918	0	2374	7176	0	148	256	1482	2804	1246	1560	2696	794	
105860	Cerebelum_9_R	0	0	0	0	0	0	0	0	0	0	0	0	0	0	0	0	0	0	0	0	0	0	0	0	0	0	0	0	0	0	0	0	0	0	0	0	0	0	0	0	0	0	0	0	0	0	194	0	0	0	0	0	0	0	0	0	0	0	0	0	0	0	0	0	0	0	0	0	0	0	0	0	0	0	0	0	0	0	0	0	0	0	0	0	0	0	0	0	0	0	926	936	984	2282	756	1640	1972	580	2246	1016	548	646	2592	11548	2374	0	0	1696	268	558	1528	3986	2878	3316	5580	1880	
43968	Cerebelum_10_L	0	0	0	0	0	0	0	0	0	0	0	0	0	0	0	0	0	0	0	0	0	0	0	0	0	0	0	0	0	0	0	0	0	0	0	0	0	0	0	0	0	0	0	0	0	0	0	0	0	0	0	0	0	0	264	0	0	0	0	0	0	0	0	0	0	0	0	0	0	0	0	0	0	0	0	0	0	0	0	0	0	0	0	0	0	0	0	0	0	0	3712	0	2956	0	0	0	224	0	1646	0	1288	0	4358	168	7176	0	0	0	0	0	0	0	192	0	0	0	
9172	Cerebelum_10_R	0	0	0	0	0	0	0	0	0	0	0	0	0	0	0	0	0	0	0	0	0	0	0	0	0	0	0	0	0	0	0	0	0	0	0	0	0	0	0	0	0	0	0	0	0	0	0	0	0	0	0	0	0	0	0	0	0	0	0	0	0	0	0	0	0	0	0	0	0	0	0	0	0	0	0	0	0	0	0	0	0	0	0	0	0	0	0	0	0	0	0	120	184	294	0	0	0	0	0	186	184	0	388	920	0	1696	0	0	0	0	0	0	430	184	0	0	
19896	Vermis_1_2	0	0	0	0	0	0	0	0	0	0	0	0	0	0	0	0	0	0	0	0	0	0	0	0	0	0	0	0	0	0	0	0	0	0	0	0	180	0	312	0	0	0	0	0	0	0	0	0	0	0	0	0	0	0	0	0	0	0	0	0	0	0	0	0	0	0	0	0	0	0	0	0	0	0	0	0	0	0	0	0	0	0	0	0	0	0	0	0	0	0	192	0	0	0	744	404	1296	148	530	0	0	0	0	0	148	268	0	0	0	3180	1738	426	0	0	172	210	
31388	Vermis_3	0	0	0	0	0	0	0	0	0	0	0	0	0	0	0	0	0	0	0	0	0	0	0	0	0	0	0	0	0	0	0	0	0	0	0	0	426	0	718	0	0	0	0	0	0	0	130	0	0	0	0	0	0	0	0	0	0	0	0	0	0	0	0	0	0	0	0	0	0	0	0	0	0	0	0	0	0	0	0	0	0	0	0	0	0	0	0	0	0	0	188	0	0	0	1082	1680	1876	646	710	588	0	0	0	0	256	558	0	0	3180	0	2256	652	0	124	384	240	
189264	Vermis_4_5	0	0	0	0	0	0	0	0	0	0	0	0	0	0	0	0	0	0	0	0	0	0	0	0	0	0	0	0	0	0	0	0	0	0	0	0	0	0	0	0	0	0	0	0	0	0	4544	3092	0	0	0	0	0	0	1384	2634	0	0	0	0	0	0	0	0	0	0	0	0	0	0	0	0	0	0	0	0	0	0	0	0	0	0	0	0	0	0	0	0	0	0	3416	6400	374	944	898	1514	16188	15478	6966	14484	0	0	278	634	1482	1528	0	0	1738	2256	0	4642	198	0	1164	2396	
188076	Vermis_6	0	0	0	0	0	0	0	0	0	0	0	0	0	0	0	0	0	0	0	0	0	0	0	0	0	0	0	0	0	0	0	0	0	0	0	0	0	0	0	0	0	0	0	0	0	0	2324	2484	0	0	0	0	0	0	1134	1796	0	0	0	0	0	0	0	0	0	0	0	0	0	0	0	0	0	0	0	0	0	0	0	0	0	0	0	0	0	0	0	0	0	0	8666	8042	2876	2888	1052	1278	4954	1030	11490	13258	1052	310	2424	1020	2804	3986	0	0	426	652	4642	0	4896	1578	4074	2902	
168980	Vermis_7	0	0	0	0	0	0	0	0	0	0	0	0	0	0	0	0	0	0	0	0	0	0	0	0	0	0	0	0	0	0	0	0	0	0	0	0	0	0	0	0	0	0	0	0	0	0	0	674	0	0	0	0	0	0	0	194	0	0	0	0	0	0	0	0	0	0	0	0	0	0	0	0	0	0	0	0	0	0	0	0	0	0	0	0	0	0	0	0	0	0	6224	7902	9146	13142	0	0	0	414	1886	7208	4744	3332	7654	7288	1246	2878	192	430	0	0	198	4896	0	2906	1720	216	
68864	Vermis_8	0	0	0	0	0	0	0	0	0	0	0	0	0	0	0	0	0	0	0	0	0	0	0	0	0	0	0	0	0	0	0	0	0	0	0	0	0	0	0	0	0	0	0	0	0	0	0	0	0	0	0	0	0	0	0	0	0	0	0	0	0	0	0	0	0	0	0	0	0	0	0	0	0	0	0	0	0	0	0	0	0	0	0	0	0	0	0	0	0	0	696	468	1806	2054	238	300	292	270	1078	612	2408	1136	5370	4402	1560	3316	0	184	0	124	0	1578	2906	0	3312	322	
