data	data	543716	291572	863360	753696	120172	113208	489524	265988	140476	47356	273448	201876	254468	173608	186824	143896	258024	120900	617992	726372	126020	128460	333592	310720	45232	106044	82680	94068	579968	391524	327776	524168	178736	579084	162116	216056	295732	424368	152548	292228	36680	47936	240492	293988	153148	325384	434464	356560	195940	305488	525104	255788	263072	179856	544708	584332	314892	316048	150864	65256	267136	103464	105480	140356	158556	118084	301440	420820	195836	296924	334856	344576	315580	330568	37900	45260	181892	189664	143804	49760	228868	148648	88016	58012	296444	166936	21580	15164	316600	188472	553304	535460	307348	348632	63700	88428	414672	261764	529088	480780	229716	83304	325268	247020	156832	154136	21212	14076	50784	102124	317340	310376	237396	211848	160624	60564	
data	data	Precentral_L	Precentral_R	Frontal_Sup_L	Frontal_Sup_R	Frontal_Sup_Orb_L	Frontal_Sup_Orb_R	Frontal_Mid_L	Frontal_Mid_R	Frontal_Mid_Orb_L	Frontal_Mid_Orb_R	Frontal_Inf_Oper_L	Frontal_Inf_Oper_R	Frontal_Inf_Tri_L	Frontal_Inf_Tri_R	Frontal_Inf_Orb_L	Frontal_Inf_Orb_R	Rolandic_Oper_L	Rolandic_Oper_R	Supp_Motor_Area_L	Supp_Motor_Area_R	Olfactory_L	Olfactory_R	Frontal_Sup_Medial_L	Frontal_Sup_Medial_R	Frontal_Med_Orb_L	Frontal_Med_Orb_R	Rectus_L	Rectus_R	Insula_L	Insula_R	Cingulum_Ant_L	Cingulum_Ant_R	Cingulum_Mid_L	Cingulum_Mid_R	Cingulum_Post_L	Cingulum_Post_R	Hippocampus_L	Hippocampus_R	ParaHippocampal_L	ParaHippocampal_R	Amygdala_L	Amygdala_R	Calcarine_L	Calcarine_R	Cuneus_L	Cuneus_R	Lingual_L	Lingual_R	Occipital_Sup_L	Occipital_Sup_R	Occipital_Mid_L	Occipital_Mid_R	Occipital_Inf_L	Occipital_Inf_R	Fusiform_L	Fusiform_R	Postcentral_L	Postcentral_R	Parietal_Sup_L	Parietal_Sup_R	Parietal_Inf_L	Parietal_Inf_R	SupraMarginal_L	SupraMarginal_R	Angular_L	Angular_R	Precuneus_L	Precuneus_R	Paracentral_Lobule_L	Paracentral_Lobule_R	Caudate_L	Caudate_R	Putamen_L	Putamen_R	Pallidum_L	Pallidum_R	Thalamus_L	Thalamus_R	Heschl_L	Heschl_R	Temporal_Sup_L	Temporal_Sup_R	Temporal_Pole_Sup_L	Temporal_Pole_Sup_R	Temporal_Mid_L	Temporal_Mid_R	Temporal_Pole_Mid_L	Temporal_Pole_Mid_R	Temporal_Inf_L	Temporal_Inf_R	Cerebelum_Crus1_L	Cerebelum_Crus1_R	Cerebelum_Crus2_L	Cerebelum_Crus2_R	Cerebelum_3_L	Cerebelum_3_R	Cerebelum_4_5_L	Cerebelum_4_5_R	Cerebelum_6_L	Cerebelum_6_R	Cerebelum_7b_L	Cerebelum_7b_R	Cerebelum_8_L	Cerebelum_8_R	Cerebelum_9_L	Cerebelum_9_R	Cerebelum_10_L	Cerebelum_10_R	Vermis_1_2	Vermis_3	Vermis_4_5	Vermis_6	Vermis_7	Vermis_8	Vermis_9	Vermis_10	
543716	Precentral_L	0	4558	18292	4248	0	0	28604	432	112	0	15834	360	3112	198	90	0	10560	0	9488	15674	0	0	106	0	0	0	0	0	13504	124	130	358	504	7944	4192	4014	6626	2110	518	424	0	0	76	222	250	636	162	78	472	504	3218	300	556	210	860	430	37402	2638	1948	0	5822	0	2382	74	152	0	1386	1470	10604	6140	6560	1204	4486	264	548	0	14696	4896	4948	0	2448	0	0	0	448	174	0	0	684	264	0	0	0	0	0	0	0	0	0	0	0	0	0	0	0	0	0	0	0	130	0	0	0	0	0	0	
291572	Precentral_R	4558	0	430	12956	0	0	654	14870	0	0	0	6380	0	470	0	0	0	794	408	5460	0	0	0	0	0	0	0	0	332	2272	0	256	0	2024	1052	1978	1784	9040	394	2390	0	0	0	630	0	1092	272	834	0	1310	0	748	0	412	0	4674	206	15620	0	90	0	2646	0	4716	0	760	0	1822	928	6736	202	3592	0	2228	0	2446	3166	14590	218	268	0	1372	0	0	0	3558	0	0	0	1970	0	0	0	0	0	0	0	0	0	0	0	0	0	0	0	0	0	0	0	178	0	0	0	0	0	0	
863360	Frontal_Sup_L	18292	430	0	12954	9016	0	60978	542	3828	0	9396	700	15706	394	6320	0	9406	0	73334	18134	272	0	38078	5268	1216	138	420	0	23992	198	24826	7802	8298	4758	384	134	2600	254	258	0	0	0	0	0	0	0	0	0	0	0	98	0	0	0	304	0	3880	0	0	0	76	0	0	0	0	0	0	0	2122	0	17394	1920	21954	774	3864	0	14454	386	2562	0	2618	0	702	0	0	0	0	0	246	0	0	0	0	0	0	0	0	0	0	0	0	0	0	0	0	0	0	0	0	0	0	0	0	0	0	0	
753696	Frontal_Sup_R	4248	12956	12954	0	0	4944	1084	35930	0	780	3628	6488	804	9468	0	6442	688	2568	19330	70286	0	172	10282	31658	202	3112	0	684	1600	9352	4110	31682	1188	19006	618	636	820	5546	218	1134	0	0	0	0	0	0	174	144	0	0	0	0	0	0	0	1240	126	476	0	0	0	0	0	778	0	0	0	0	1260	0	4558	24722	468	13418	0	2012	706	10302	106	110	286	730	0	304	0	100	0	0	0	210	0	0	0	0	0	0	0	0	0	0	0	0	0	0	0	0	0	0	0	0	0	0	0	0	0	0	
120172	Frontal_Sup_Orb_L	0	0	9016	0	0	0	908	0	9360	0	0	0	600	0	12088	0	0	0	0	0	2552	84	2754	0	3902	156	4910	0	3200	0	3756	0	0	0	0	0	0	0	626	0	276	0	0	0	0	0	0	0	0	0	0	0	0	0	0	0	0	0	0	0	0	0	0	0	0	0	0	0	0	0	1118	0	4346	0	0	0	0	0	0	0	0	0	434	0	0	0	0	0	0	0	0	0	0	0	0	0	0	0	0	0	0	0	0	0	0	0	0	0	0	0	0	0	0	0	0	0	
113208	Frontal_Sup_Orb_R	0	0	0	4944	0	0	0	984	0	3452	0	364	0	2114	0	8062	0	0	0	214	466	2156	436	3640	540	10972	234	6632	0	3986	896	2356	0	0	0	0	0	0	0	0	0	240	0	0	0	0	0	0	0	0	0	0	0	0	0	0	0	0	0	0	0	0	0	0	0	0	0	0	0	0	316	1112	114	2374	0	0	0	0	0	0	0	0	0	0	0	0	0	0	0	0	0	0	0	0	0	0	0	0	0	0	0	0	0	0	0	0	0	0	0	0	0	0	0	0	0	0	
489524	Frontal_Mid_L	28604	654	60978	1084	908	0	0	76	7192	0	13704	122	32166	0	5506	0	5404	0	7148	956	192	0	11672	514	0	0	0	0	26434	0	3018	1194	2162	378	818	856	3138	828	332	132	0	0	0	0	0	0	0	0	0	0	102	0	0	0	312	0	2578	0	0	0	192	0	74	0	0	0	0	0	0	0	3326	850	5922	228	330	0	7746	1278	2476	0	2358	0	520	0	92	0	0	0	208	0	0	0	0	0	0	0	0	0	0	0	0	0	0	0	0	0	0	0	0	0	0	0	0	0	0	0	
265988	Frontal_Mid_R	432	14870	542	35930	0	984	76	0	0	1442	158	9226	0	14606	0	2978	0	780	1258	5086	0	0	442	2598	0	292	0	0	0	4922	330	2474	0	1420	172	184	156	5620	0	2036	0	0	0	182	0	0	0	546	0	0	0	0	0	0	0	2540	0	476	0	0	0	126	0	294	0	0	0	158	106	82	142	3402	0	8180	0	2202	0	4482	0	0	0	362	0	0	0	154	0	0	0	546	0	0	0	0	0	0	0	0	0	0	0	0	0	0	0	0	0	0	0	0	0	0	0	0	0	0	
140476	Frontal_Mid_Orb_L	112	0	3828	0	9360	0	7192	0	0	0	842	0	5950	0	23160	0	200	0	962	0	694	0	0	0	704	0	950	0	10586	0	78	0	0	0	0	0	80	0	274	0	100	0	0	0	0	0	0	0	0	0	0	0	0	0	0	0	0	0	0	0	0	0	0	0	0	0	0	0	0	0	176	0	4476	0	0	0	0	0	0	0	0	0	514	0	0	0	0	0	0	0	0	0	0	0	0	0	0	0	0	0	0	0	0	0	0	0	0	0	0	0	0	0	0	0	0	0	
47356	Frontal_Mid_Orb_R	0	0	0	780	0	3452	0	1442	0	0	0	94	0	1460	0	11104	0	0	0	146	0	178	0	0	0	384	0	388	0	2758	0	0	0	0	0	0	0	0	0	0	0	0	0	0	0	0	0	0	0	0	0	0	0	0	0	0	0	0	0	0	0	0	0	0	0	0	0	0	0	0	0	0	0	1492	0	0	0	0	0	0	0	0	0	0	0	0	0	0	0	0	0	0	0	0	0	0	0	0	0	0	0	0	0	0	0	0	0	0	0	0	0	0	0	0	0	0	
273448	Frontal_Inf_Oper_L	15834	0	9396	3628	0	0	13704	158	842	0	0	1736	13546	542	1666	0	14088	178	5170	3698	0	0	224	0	0	0	0	0	20858	492	810	910	0	0	0	0	852	78	128	0	0	0	0	0	0	0	0	0	0	0	130	0	0	0	142	0	4158	0	0	0	0	0	0	0	0	0	0	0	0	0	6266	3632	2584	980	0	0	148	0	1526	0	4884	0	3380	178	78	0	0	0	100	0	0	0	0	0	0	0	0	0	0	0	0	0	0	0	0	0	0	0	0	0	0	0	0	0	0	0	
201876	Frontal_Inf_Oper_R	360	6380	700	6488	0	364	122	9226	0	94	1736	0	106	11832	102	1092	1060	2682	580	4902	0	0	0	1242	0	248	0	126	1552	16618	144	3170	0	570	0	106	0	3156	0	1702	0	0	0	160	0	0	0	596	0	176	0	74	0	0	0	2374	0	1370	0	0	0	356	0	480	0	94	0	150	0	186	2434	2832	0	7172	0	2000	0	790	0	0	520	508	246	1284	0	302	0	0	0	374	0	0	0	0	0	0	0	0	0	0	0	0	0	0	0	0	0	0	0	0	0	0	0	0	0	0	
254468	Frontal_Inf_Tri_L	3112	0	15706	804	600	0	32166	0	5950	0	13546	106	0	0	10306	0	1406	0	3942	580	180	0	1826	428	0	0	0	0	24656	0	2584	566	300	0	0	0	248	0	102	0	0	0	0	0	0	0	0	0	0	0	0	0	0	0	0	0	450	0	0	0	0	0	0	0	0	0	0	0	0	0	1682	1186	2376	680	0	0	0	0	0	0	290	0	1456	0	0	0	0	0	0	0	0	0	0	0	0	0	0	0	0	0	0	0	0	0	0	0	0	0	0	0	0	0	0	0	0	0	
173608	Frontal_Inf_Tri_R	198	470	394	9468	0	2114	0	14606	0	1460	542	11832	0	0	0	8882	246	280	584	4064	0	0	122	2350	0	902	0	290	178	14322	186	3780	116	1538	0	0	0	764	0	472	0	0	0	0	0	0	0	150	0	0	0	0	0	0	0	582	0	0	0	0	0	0	0	0	0	0	0	0	0	0	232	1700	0	3316	0	100	0	98	0	0	140	174	0	152	0	0	0	0	0	0	0	0	0	0	0	0	0	0	0	0	0	0	0	0	0	0	0	0	0	0	0	0	0	0	0	0	
186824	Frontal_Inf_Orb_L	90	0	6320	0	12088	0	5506	0	23160	0	1666	102	10306	0	0	0	0	0	1546	0	3608	0	340	0	462	0	1204	0	15304	0	456	130	0	0	0	0	562	0	824	0	870	0	0	0	0	0	0	0	0	0	0	0	0	0	230	0	0	0	0	0	0	0	0	0	0	0	0	0	0	0	542	112	5310	0	0	0	0	0	0	0	98	0	2464	0	0	0	0	0	112	0	0	0	0	0	0	0	0	0	0	0	0	0	0	0	0	0	0	0	0	0	0	0	0	0	0	0	
143896	Frontal_Inf_Orb_R	0	0	0	6442	0	8062	0	2978	0	11104	0	1092	0	8882	0	0	0	0	118	682	236	1884	538	3324	0	2556	144	1342	0	13658	300	2708	298	1866	0	0	0	0	0	478	0	118	0	0	0	0	0	0	0	0	0	0	0	0	0	0	0	0	0	0	0	0	0	0	0	0	0	0	0	0	184	592	0	1818	0	0	0	0	0	0	0	130	0	414	0	0	0	0	0	0	0	0	0	0	0	0	0	0	0	0	0	0	0	0	0	0	0	0	0	0	0	0	0	0	0	0	
258024	Rolandic_Oper_L	10560	0	9406	688	0	0	5404	0	200	0	14088	1060	1406	246	0	0	0	118	7650	790	0	0	78	0	0	0	0	0	26032	342	404	606	0	0	0	0	1310	0	242	0	0	0	0	0	0	0	0	0	0	0	1086	0	302	0	770	0	10400	0	210	0	292	0	978	0	116	0	358	0	0	0	2980	736	3142	84	190	0	132	0	8268	0	12602	0	2164	132	1700	0	0	0	1740	0	0	0	0	0	0	0	0	0	0	0	0	0	0	0	0	0	0	0	0	0	0	0	0	0	0	0	
120900	Rolandic_Oper_R	0	794	0	2568	0	0	0	780	0	0	178	2682	0	280	0	0	118	0	0	1728	0	0	0	0	0	0	0	0	174	13786	0	0	0	168	0	0	0	5316	0	2154	0	0	0	458	0	0	0	1336	0	120	0	76	0	668	0	5068	0	3128	0	0	0	0	0	4124	0	0	0	284	0	236	264	288	0	2066	0	404	0	1024	0	2956	0	5884	0	398	0	292	0	0	0	650	0	0	0	0	0	0	0	0	0	0	0	0	0	0	0	0	0	0	0	0	0	0	0	0	0	0	
617992	Supp_Motor_Area_L	9488	408	73334	19330	0	0	7148	1258	962	0	5170	580	3942	584	1546	118	7650	0	0	43828	0	0	7268	2852	0	0	0	0	9806	226	10780	8494	13666	18250	3426	288	2584	144	288	0	0	0	0	0	0	0	0	0	0	0	0	0	0	0	168	0	3368	0	0	0	0	0	0	0	0	0	460	0	10938	278	13690	1744	12674	724	3430	0	3882	156	1846	0	1800	0	282	0	0	0	0	0	138	0	0	0	0	0	0	0	0	0	0	0	0	0	0	0	0	0	0	0	0	0	0	0	0	0	0	0	
726372	Supp_Motor_Area_R	15674	5460	18134	70286	0	214	956	5086	0	146	3698	4902	580	4064	0	682	790	1728	43828	0	0	0	2428	5238	0	210	0	196	1616	3282	1976	19152	6036	44774	2800	6664	108	2468	0	764	0	0	0	556	0	1080	0	232	0	668	0	370	0	592	0	2136	78	7952	0	0	0	0	0	1006	0	0	1126	4068	9874	17174	5890	20318	318	6774	0	520	202	5430	0	282	300	880	0	278	0	396	0	0	0	746	0	0	0	0	0	0	0	0	0	0	0	0	0	0	0	0	0	0	0	0	0	0	0	0	0	0	
126020	Olfactory_L	0	0	272	0	2552	466	192	0	694	0	0	0	180	0	3608	236	0	0	0	0	0	8402	0	204	798	616	5882	3154	3774	180	5008	3904	0	0	0	0	852	0	1338	0	1726	0	0	0	0	0	0	0	0	0	0	0	0	0	308	0	0	0	0	0	0	0	0	0	0	0	0	0	0	0	9480	4528	3548	218	0	0	0	0	0	0	96	0	638	0	0	0	0	0	156	0	0	0	0	0	0	0	0	0	0	0	0	0	0	0	0	0	0	0	0	0	0	0	0	0	0	0	
128460	Olfactory_R	0	0	0	172	84	2156	0	0	0	178	0	0	0	0	0	1884	0	0	0	0	8402	0	0	884	446	2786	4460	5580	230	3162	4426	5440	0	0	0	0	0	0	0	604	0	374	0	0	0	0	0	0	0	0	0	0	0	0	0	0	0	0	0	0	0	0	0	0	0	0	0	0	0	0	10004	7538	4560	444	0	0	0	148	0	0	0	0	0	268	0	0	0	0	0	0	0	0	0	0	0	0	0	0	0	0	0	0	0	0	0	0	0	0	0	0	0	0	0	0	0	0	
333592	Frontal_Sup_Medial_L	106	0	38078	10282	2754	436	11672	442	0	0	224	0	1826	122	340	538	78	0	7268	2428	0	0	0	23126	2158	784	198	112	2826	200	21118	15116	7454	11600	0	0	0	0	0	0	0	0	0	0	0	0	0	0	0	0	0	0	0	0	0	0	0	0	0	0	0	0	0	0	0	0	0	0	0	0	1144	1060	2838	468	0	0	0	0	0	0	0	0	0	0	0	0	0	0	0	0	0	0	0	0	0	0	0	0	0	0	0	0	0	0	0	0	0	0	0	0	0	0	0	0	0	0	
310720	Frontal_Sup_Medial_R	0	0	5268	31658	0	3640	514	2598	0	0	0	1242	428	2350	0	3324	0	0	2852	5238	204	884	23126	0	496	5860	0	1206	598	4966	7164	29246	998	15000	0	0	0	0	0	0	0	142	0	0	0	0	0	0	0	0	0	0	0	0	0	0	0	0	0	0	0	0	0	0	0	0	0	0	0	0	140	2448	188	3582	0	0	0	0	0	0	0	0	0	0	0	0	0	0	0	0	0	0	0	0	0	0	0	0	0	0	0	0	0	0	0	0	0	0	0	0	0	0	0	0	0	0	
45232	Frontal_Med_Orb_L	0	0	1216	202	3902	540	0	0	704	0	0	0	0	0	462	0	0	0	0	0	798	446	2158	496	0	1522	3320	96	0	0	4688	526	0	0	0	0	0	0	0	0	0	0	0	0	0	0	0	0	0	0	0	0	0	0	0	0	0	0	0	0	0	0	0	0	0	0	0	0	0	0	978	74	488	0	0	0	0	0	0	0	0	0	0	0	0	0	0	0	0	0	0	0	0	0	0	0	0	0	0	0	0	0	0	0	0	0	0	0	0	0	0	0	0	0	0	0	
106044	Frontal_Med_Orb_R	0	0	138	3112	156	10972	0	292	0	384	0	248	0	902	0	2556	0	0	0	210	616	2786	784	5860	1522	0	456	7198	0	3272	1860	5404	0	0	0	0	0	0	0	0	0	208	0	0	0	0	0	0	0	0	0	0	0	0	0	0	0	0	0	0	0	0	0	0	0	0	0	0	0	0	320	1222	0	2544	0	0	0	0	0	0	0	0	0	0	0	0	0	0	0	0	0	0	0	0	0	0	0	0	0	0	0	0	0	0	0	0	0	0	0	0	0	0	0	0	0	0	
82680	Rectus_L	0	0	420	0	4910	234	0	0	950	0	0	0	0	0	1204	144	0	0	0	0	5882	4460	198	0	3320	456	0	2182	460	0	5194	2826	0	0	0	0	0	0	0	0	0	0	0	0	0	0	0	0	0	0	0	0	0	0	0	0	0	0	0	0	0	0	0	0	0	0	0	0	0	0	4566	1814	2040	0	0	0	0	0	0	0	0	0	80	0	0	0	0	0	0	0	0	0	0	0	0	0	0	0	0	0	0	0	0	0	0	0	0	0	0	0	0	0	0	0	0	0	
94068	Rectus_R	0	0	0	684	0	6632	0	0	0	388	0	126	0	290	0	1342	0	0	0	196	3154	5580	112	1206	96	7198	2182	0	108	1124	2542	6312	0	0	0	0	0	0	0	0	0	210	0	0	0	0	0	0	0	0	0	0	0	0	0	0	0	0	0	0	0	0	0	0	0	0	0	0	0	0	2592	3006	816	1138	0	0	0	0	0	0	0	0	0	0	0	0	0	0	0	0	0	0	0	0	0	0	0	0	0	0	0	0	0	0	0	0	0	0	0	0	0	0	0	0	0	0	
579968	Insula_L	13504	332	23992	1600	3200	0	26434	0	10586	0	20858	1552	24656	178	15304	0	26032	174	9806	1616	3774	230	2826	598	0	0	460	108	0	512	3956	1554	376	0	476	528	11792	588	2636	0	2904	0	0	0	0	0	0	0	0	0	1036	0	428	0	4914	0	8532	0	150	0	188	0	0	0	0	0	156	0	0	0	6760	2000	17426	554	314	0	2424	548	10218	0	10194	0	3944	156	2174	0	88	0	4638	0	0	0	0	0	0	0	0	0	0	0	0	0	0	0	0	0	0	0	0	0	0	0	0	0	0	0	
391524	Insula_R	124	2272	198	9352	0	3986	0	4922	0	2758	492	16618	0	14322	0	13658	342	13786	226	3282	180	3162	200	4966	0	3272	0	1124	512	0	584	6282	116	874	0	172	0	11346	0	6864	0	1328	0	1098	0	114	0	3140	0	252	0	150	0	1114	0	12628	0	1336	0	0	0	0	0	1264	0	0	0	930	0	684	1024	3304	0	21208	0	550	0	246	0	4626	98	7244	0	3806	0	1222	0	80	0	2324	0	0	0	0	0	0	0	0	0	0	0	0	0	0	0	0	0	0	0	0	0	0	0	0	0	0	
327776	Cingulum_Ant_L	130	0	24826	4110	3756	896	3018	330	78	0	810	144	2584	186	456	300	404	0	10780	1976	5008	4426	21118	7164	4688	1860	5194	2542	3956	584	0	16510	9180	6652	0	0	0	0	0	0	0	0	0	0	0	0	0	0	0	0	0	0	0	0	0	0	84	0	0	0	0	0	0	0	0	0	0	0	0	0	8948	3426	6858	714	0	0	0	0	0	0	100	0	92	0	0	0	0	0	0	0	0	0	0	0	0	0	0	0	0	0	0	0	0	0	0	0	0	0	0	0	0	0	0	0	0	0	
524168	Cingulum_Ant_R	358	256	7802	31682	0	2356	1194	2474	0	0	910	3170	566	3780	130	2708	606	0	8494	19152	3904	5440	15116	29246	526	5404	2826	6312	1554	6282	16510	0	4398	32442	180	714	0	216	0	80	0	0	0	0	0	0	0	0	0	0	0	0	0	0	0	100	0	0	0	0	0	0	0	0	0	0	118	184	0	0	6750	25012	1188	11092	0	0	0	486	0	0	86	0	118	162	0	0	0	0	0	0	0	0	0	0	0	0	0	0	0	0	0	0	0	0	0	0	0	0	0	0	0	0	0	0	0	0	
178736	Cingulum_Mid_L	504	0	8298	1188	0	0	2162	0	0	0	0	0	300	116	0	298	0	0	13666	6036	0	0	7454	998	0	0	0	0	376	116	9180	4398	0	15760	4636	1252	0	0	0	0	0	0	366	0	244	312	0	0	382	386	0	0	0	0	0	0	260	0	88	0	0	0	0	0	0	0	2886	1128	6128	450	0	0	0	0	0	0	0	0	0	0	0	0	0	0	0	0	0	0	0	0	0	0	0	0	0	0	0	0	0	0	0	0	0	0	0	0	0	0	0	0	0	0	0	0	0	0	
579084	Cingulum_Mid_R	7944	2024	4758	19006	0	0	378	1420	0	0	0	570	0	1538	0	1866	0	168	18250	44774	0	0	11600	15000	0	0	0	0	0	874	6652	32442	15760	0	2978	11214	0	504	0	134	0	0	0	2522	0	6826	0	626	0	4648	0	1998	0	1648	0	2118	0	14200	0	0	0	278	0	492	0	182	2716	14210	5290	25130	172	1280	0	958	0	0	0	0	0	146	0	444	0	0	0	1344	0	0	0	2460	0	0	0	0	0	0	0	0	0	0	0	0	0	0	0	0	0	0	0	0	0	0	0	0	0	0	
162116	Cingulum_Post_L	4192	1052	384	618	0	0	818	172	0	0	0	0	0	0	0	0	0	0	3426	2800	0	0	0	0	0	0	0	0	476	0	0	180	4636	2978	0	10994	6392	4558	2354	1656	0	0	2518	0	1446	0	4408	566	242	0	112	0	0	0	234	282	258	966	0	0	0	0	0	0	0	0	7098	1792	6238	1960	0	0	0	344	0	0	1042	3464	402	0	0	0	0	0	0	0	0	0	0	0	0	0	0	0	0	0	0	0	0	0	0	0	0	0	0	0	0	0	0	0	0	0	0	0	0	0	
216056	Cingulum_Post_R	4014	1978	134	636	0	0	856	184	0	0	0	106	0	0	0	0	0	0	288	6664	0	0	0	0	0	0	0	0	528	172	0	714	1252	11214	10994	0	4888	6486	1736	2996	0	0	126	1818	0	3718	1894	2620	0	2090	0	464	0	320	0	1378	276	4532	0	0	0	0	0	98	0	74	2850	14004	884	7602	0	0	0	370	0	0	1372	3988	440	114	0	120	0	0	0	186	0	0	0	316	0	0	0	0	0	0	0	104	0	0	0	0	0	0	0	0	0	0	0	0	430	0	0	0	0	0	
295732	Hippocampus_L	6626	1784	2600	820	0	0	3138	156	80	0	852	0	248	0	562	0	1310	0	2584	108	852	0	0	0	0	0	0	0	11792	0	0	0	0	0	6392	4888	0	4486	18494	1558	5842	0	2108	0	340	0	9816	554	0	0	288	0	238	0	13910	204	2190	0	0	0	0	0	0	0	0	0	3674	334	124	0	88	0	9510	270	1410	0	8374	4354	3472	0	1466	0	518	0	478	0	0	0	7058	0	290	0	0	0	364	0	732	0	290	0	0	0	0	0	0	0	0	0	0	240	0	0	0	0	0	0	
424368	Hippocampus_R	2110	9040	254	5546	0	0	828	5620	0	0	78	3156	0	764	0	0	0	5316	144	2468	0	0	0	0	0	0	0	0	588	11346	0	216	0	504	4558	6486	4486	0	1724	34664	0	7070	96	2108	0	248	1804	8922	0	280	0	110	0	666	0	36626	260	1832	0	120	0	172	0	2282	0	80	304	4434	0	1462	264	798	124	15204	0	2590	1056	8116	398	1830	0	2922	0	1044	0	1216	0	0	0	5076	0	98	0	0	0	478	0	1112	0	176	0	0	0	0	286	0	0	0	0	206	418	0	0	0	0	0	
152548	ParaHippocampal_L	518	394	258	218	626	0	332	0	274	0	128	0	102	0	824	0	242	0	288	0	1338	0	0	0	0	0	0	0	2636	0	0	0	0	0	2354	1736	18494	1724	0	1040	2482	0	1062	0	206	0	8564	514	0	0	322	0	326	0	9410	84	324	0	0	0	0	0	0	0	0	0	1788	312	90	0	0	0	3468	0	270	0	2970	1326	0	0	270	0	592	0	80	0	374	0	2996	0	1092	0	0	0	434	0	1814	0	1278	0	0	0	152	0	0	0	0	0	0	148	0	0	0	0	0	0	
292228	ParaHippocampal_R	424	2390	0	1134	0	0	132	2036	0	0	0	1702	0	472	0	478	0	2154	0	764	0	604	0	0	0	0	0	0	0	6864	0	80	0	134	1656	2996	1558	34664	1040	0	0	6714	0	1292	0	0	1142	8216	0	80	0	0	0	534	0	29350	0	556	0	0	0	0	0	956	0	0	234	3108	0	426	0	222	0	8562	0	1724	340	3926	0	454	0	1218	0	2220	0	672	0	912	0	3658	0	968	0	198	0	726	0	3434	0	1596	0	0	0	208	154	86	0	0	0	154	396	0	132	138	126	0	
36680	Amygdala_L	0	0	0	0	276	0	0	0	100	0	0	0	0	0	870	0	0	0	0	0	1726	0	0	0	0	0	0	0	2904	0	0	0	0	0	0	0	5842	0	2482	0	0	0	0	0	0	0	0	0	0	0	0	0	0	0	2194	0	0	0	0	0	0	0	0	0	0	0	0	0	0	0	0	0	322	0	0	0	0	0	0	0	120	0	564	0	0	0	0	0	940	0	0	0	0	0	0	0	0	0	0	0	0	0	0	0	0	0	0	0	0	0	0	0	0	0	0	0	
47936	Amygdala_R	0	0	0	0	0	240	0	0	0	0	0	0	0	0	0	118	0	0	0	0	0	374	0	142	0	208	0	210	0	1328	0	0	0	0	0	0	0	7070	0	6714	0	0	0	0	0	0	0	0	0	0	0	0	0	0	0	3678	0	0	0	0	0	0	0	0	0	0	0	0	0	0	0	0	0	1378	0	0	0	0	0	0	0	204	0	1798	0	0	0	308	0	198	0	0	0	0	0	0	0	0	0	0	0	0	0	0	0	0	0	0	0	0	0	0	0	0	0	0	
240492	Calcarine_L	76	0	0	0	0	0	0	0	0	0	0	0	0	0	0	0	0	0	0	0	0	0	0	0	0	0	0	0	0	0	0	0	366	0	2518	126	2108	96	1062	0	0	0	0	6222	13092	3464	17914	3624	10118	732	19462	634	7386	462	6898	322	934	0	630	0	264	0	0	0	0	0	10618	454	1902	0	0	0	0	0	0	0	0	0	0	0	0	0	0	0	328	0	0	0	1172	0	1414	146	628	0	0	0	954	84	2036	172	0	0	0	0	0	0	0	0	0	0	422	1318	88	0	0	0	
293988	Calcarine_R	222	630	0	0	0	0	0	182	0	0	0	160	0	0	0	0	0	458	0	556	0	0	0	0	0	0	0	0	0	1098	0	0	0	2522	0	1818	0	2108	0	1292	0	0	6222	0	3432	24224	1448	20466	0	16358	0	11802	0	11810	0	9600	0	3712	0	140	0	102	0	330	0	240	176	17550	192	3854	0	0	0	358	0	0	0	0	0	262	0	548	0	0	0	616	0	0	0	2070	0	0	0	0	0	0	0	80	0	0	0	0	0	0	0	0	0	0	0	0	254	102	0	0	0	0	
153148	Cuneus_L	250	0	0	0	0	0	0	0	0	0	0	0	0	0	0	0	0	0	0	0	0	0	0	0	0	0	0	0	0	0	0	0	244	0	1446	0	340	0	206	0	0	0	13092	3432	0	5226	3430	426	19824	1352	7992	334	1280	156	1570	126	1158	0	908	0	92	0	0	0	0	0	9818	826	2442	0	0	0	0	0	0	0	0	0	0	0	0	0	0	0	144	0	0	0	460	0	0	0	0	0	0	0	0	0	0	0	0	0	0	0	0	0	0	0	0	0	0	0	0	0	0	0	
325384	Cuneus_R	636	1092	0	0	0	0	0	0	0	0	0	0	0	0	0	0	0	0	0	1080	0	0	0	0	0	0	0	0	0	114	0	0	312	6826	0	3718	0	248	0	0	0	0	3464	24224	5226	0	568	3358	162	36630	0	14288	0	5446	0	2910	0	6648	0	1754	0	944	0	204	0	780	3462	29186	210	7184	0	0	0	0	0	0	0	0	0	0	0	176	0	0	0	770	0	0	0	1072	0	0	0	0	0	0	0	0	0	0	0	0	0	0	0	0	0	0	0	0	0	0	0	0	0	0	
434464	Lingual_L	162	272	0	174	0	0	0	0	0	0	0	0	0	0	0	0	0	0	0	0	0	0	0	0	0	0	0	0	0	0	0	0	0	0	4408	1894	9816	1804	8564	1142	0	0	17914	1448	3430	568	0	5486	4220	170	18130	264	13210	302	29612	1602	138	0	0	0	0	0	0	0	80	0	8084	376	292	0	0	0	106	0	0	0	2568	1250	0	0	0	0	0	0	310	0	0	0	1300	0	12314	2790	1916	618	970	0	17604	1566	21894	3182	0	0	184	0	0	188	0	0	0	112	5888	7218	1164	122	138	268	
356560	Lingual_R	78	834	0	144	0	0	0	546	0	0	0	596	0	150	0	0	0	1336	0	232	0	0	0	0	0	0	0	0	0	3140	0	0	0	626	566	2620	554	8922	514	8216	0	0	3624	20466	426	3358	5486	0	0	2802	340	4548	832	10438	1432	27112	0	1114	0	0	0	0	0	406	0	82	290	10952	0	1172	0	0	0	1148	0	114	102	952	0	640	0	692	0	0	0	408	0	0	0	1340	1278	7336	124	330	0	328	3072	7840	3968	9098	0	0	104	0	0	0	0	0	0	0	9304	5278	364	128	158	220	
195940	Occipital_Sup_L	472	0	0	0	0	0	0	0	0	0	0	0	0	0	0	0	0	0	0	0	0	0	0	0	0	0	0	0	0	0	0	0	382	0	242	0	0	0	0	0	0	0	10118	0	19824	162	4220	0	0	0	25778	0	2500	0	2848	0	2412	0	10044	0	2002	0	0	0	180	0	13742	498	1672	0	0	0	0	0	0	0	0	0	0	0	0	0	0	0	112	0	0	0	762	0	0	0	0	0	0	0	0	0	0	0	0	0	0	0	0	0	0	0	0	0	0	0	0	0	0	0	
305488	Occipital_Sup_R	504	1310	0	0	0	0	0	0	0	0	0	176	0	0	0	0	0	120	0	668	0	0	0	0	0	0	0	0	0	252	0	0	386	4648	0	2090	0	280	0	80	0	0	732	16358	1352	36630	170	2802	0	0	0	24080	0	5684	0	2540	0	6836	0	5242	0	2046	0	218	0	3548	1802	23758	0	6408	0	0	0	0	0	0	0	0	0	0	0	186	0	0	0	886	0	0	0	952	0	0	0	0	0	0	0	0	0	0	0	0	0	0	0	0	0	0	0	0	0	0	0	0	0	0	
525104	Occipital_Mid_L	3218	0	98	0	0	0	102	0	0	0	130	0	0	0	0	0	1086	0	0	0	0	0	0	0	0	0	0	0	1036	0	0	0	0	0	112	0	288	0	322	0	0	0	19462	0	7992	0	18130	340	25778	0	0	0	32734	0	21974	172	4322	0	16562	0	22192	0	1496	0	20424	0	19888	294	4806	0	0	0	0	0	0	0	0	0	1790	0	1160	0	0	0	18036	0	0	0	13204	0	828	188	84	0	0	0	1306	222	1648	246	0	0	0	0	0	0	0	0	0	0	652	230	0	0	0	0	
255788	Occipital_Mid_R	300	748	0	0	0	0	0	0	0	0	0	74	0	0	0	0	0	76	0	370	0	0	0	0	0	0	0	0	0	150	0	0	0	1998	0	464	0	110	0	0	0	0	634	11802	334	14288	264	4548	0	24080	0	0	0	11638	0	2562	0	2392	0	3152	0	7590	0	424	0	14638	416	8450	0	2670	0	0	0	0	0	0	0	0	0	0	0	638	0	0	0	10426	0	0	0	2568	0	0	0	0	0	0	0	0	0	0	0	0	0	0	0	0	0	0	0	0	0	90	0	0	0	0	
263072	Occipital_Inf_L	556	0	0	0	0	0	0	0	0	0	0	0	0	0	0	0	302	0	0	0	0	0	0	0	0	0	0	0	428	0	0	0	0	0	0	0	238	0	326	0	0	0	7386	0	1280	0	13210	832	2500	0	32734	0	0	0	23906	464	628	0	82	0	1168	0	466	0	1172	0	2740	0	1686	0	0	0	0	0	0	0	0	0	1154	0	706	0	0	0	9166	0	0	0	14708	0	1816	632	92	0	0	0	2866	374	4706	866	0	0	0	0	0	0	0	0	0	0	1530	816	0	0	0	0	
179856	Occipital_Inf_R	210	412	0	0	0	0	0	0	0	0	0	0	0	0	0	0	0	668	0	592	0	0	0	0	0	0	0	0	0	1114	0	0	0	1648	0	320	0	666	0	534	0	0	462	11810	156	5446	302	10438	0	5684	0	11638	0	0	0	16396	0	2332	0	0	0	266	0	1000	0	282	0	6002	0	2474	0	0	0	0	0	0	0	0	0	406	0	348	0	0	0	2414	0	0	0	4726	0	0	0	0	0	0	90	160	90	218	0	0	0	0	0	0	0	0	0	0	360	264	0	0	0	0	
544708	Fusiform_L	860	0	304	0	0	0	312	0	0	0	142	0	0	0	230	0	770	0	168	0	308	0	0	0	0	0	0	0	4914	0	0	0	0	0	234	0	13910	0	9410	0	2194	0	6898	0	1570	0	29612	1432	2848	0	21974	0	23906	0	0	676	634	0	0	0	408	0	96	0	396	0	4162	0	860	0	0	0	1844	0	0	0	1120	124	1306	0	5100	0	3206	0	7400	0	1862	0	30222	0	23810	1534	1214	410	78	0	18504	640	30836	1878	1296	0	2610	98	672	158	242	0	0	0	2756	2930	626	260	204	186	
584332	Fusiform_R	430	4674	0	1240	0	0	0	2540	0	0	0	2374	0	582	0	0	0	5068	0	2136	0	0	0	0	0	0	0	0	0	12628	0	100	0	2118	282	1378	204	36626	84	29350	0	3678	322	9600	126	2910	1602	27112	0	2540	172	2562	464	16396	676	0	0	4320	0	104	0	280	0	4320	0	280	0	6422	0	4060	80	140	0	10588	0	1390	0	1396	0	3224	0	5160	0	5148	0	4054	0	1334	0	15526	518	14254	0	208	0	658	1402	10632	1454	16888	0	0	86	180	0	82	0	0	0	220	4992	2148	230	162	156	96	
314892	Postcentral_L	37402	206	3880	126	0	0	2578	0	0	0	4158	0	450	0	0	0	10400	0	3368	78	0	0	0	0	0	0	0	0	8532	0	84	0	260	0	258	276	2190	260	324	0	0	0	934	0	1158	0	138	0	2412	0	4322	0	628	0	634	0	0	0	9486	0	21364	0	10446	0	410	0	5504	0	6590	0	2202	0	2172	0	82	0	2076	338	5658	0	4180	0	0	0	746	0	0	0	1136	0	0	0	0	0	0	0	0	0	0	0	0	0	0	0	0	0	0	0	0	0	0	0	0	0	0	0	
316048	Postcentral_R	2638	15620	0	476	0	0	0	476	0	0	0	1370	0	0	0	0	0	3128	0	7952	0	0	0	0	0	0	0	0	0	1336	0	0	0	14200	966	4532	0	1832	0	556	0	0	0	3712	0	6648	0	1114	0	6836	0	2392	0	2332	0	4320	0	0	0	3762	0	6568	0	14950	0	902	542	13112	1028	24544	0	0	0	254	0	258	0	198	0	600	0	2670	0	0	0	2484	0	0	0	3716	0	0	0	0	0	0	0	0	0	0	0	0	0	0	0	0	0	0	0	0	0	0	0	0	0	0	
150864	Parietal_Sup_L	1948	0	0	0	0	0	0	0	0	0	0	0	0	0	0	0	210	0	0	0	0	0	0	0	0	0	0	0	150	0	0	0	88	0	0	0	0	0	0	0	0	0	630	0	908	0	0	0	10044	0	16562	0	82	0	0	0	9486	0	0	0	15498	0	484	0	1162	0	14082	414	3378	0	0	0	0	0	0	0	0	0	0	0	0	0	0	0	106	0	0	0	200	0	0	0	0	0	0	0	0	0	0	0	0	0	0	0	0	0	0	0	0	0	0	0	0	0	0	0	
65256	Parietal_Sup_R	0	90	0	0	0	0	0	0	0	0	0	0	0	0	0	0	0	0	0	0	0	0	0	0	0	0	0	0	0	0	0	0	0	0	0	0	0	120	0	0	0	0	0	140	0	1754	0	0	0	5242	0	3152	0	0	0	104	0	3762	0	0	0	3424	0	460	0	3778	2032	7936	0	634	0	0	0	0	0	0	0	0	0	0	0	0	0	0	0	0	0	0	0	0	0	0	0	0	0	0	0	0	0	0	0	0	0	0	0	0	0	0	0	0	0	0	0	0	0	0	
267136	Parietal_Inf_L	5822	0	76	0	0	0	192	0	0	0	0	0	0	0	0	0	292	0	0	0	0	0	0	0	0	0	0	0	188	0	0	0	0	0	0	0	0	0	0	0	0	0	264	0	92	0	0	0	2002	0	22192	0	1168	0	408	0	21364	0	15498	0	0	0	15220	0	27222	0	4256	0	2966	0	0	0	0	0	0	0	0	0	214	0	912	0	0	0	11046	0	0	0	2174	0	0	0	0	0	0	0	0	0	0	0	0	0	0	0	0	0	0	0	0	0	0	0	0	0	0	0	
103464	Parietal_Inf_R	0	2646	0	0	0	0	0	126	0	0	0	356	0	0	0	0	0	0	0	0	0	0	0	0	0	0	0	0	0	0	0	0	0	278	0	0	0	172	0	0	0	0	0	102	0	944	0	0	0	2046	0	7590	0	266	0	280	0	6568	0	3424	0	0	0	7266	0	14394	0	992	0	368	0	0	0	0	0	150	0	0	0	0	0	120	0	0	0	3194	0	0	0	450	0	0	0	0	0	0	0	0	0	0	0	0	0	0	0	0	0	0	0	0	0	0	0	0	0	0	
105480	SupraMarginal_L	2382	0	0	0	0	0	74	0	0	0	0	0	0	0	0	0	978	0	0	0	0	0	0	0	0	0	0	0	0	0	0	0	0	0	0	0	0	0	0	0	0	0	0	0	0	0	0	0	0	0	1496	0	466	0	96	0	10446	0	484	0	15220	0	0	0	7878	0	224	0	144	0	78	0	0	0	0	0	0	0	358	0	6036	0	0	0	5484	0	0	0	896	0	0	0	0	0	0	0	0	0	0	0	0	0	0	0	0	0	0	0	0	0	0	0	0	0	0	0	
140356	SupraMarginal_R	74	4716	0	778	0	0	0	294	0	0	0	480	0	0	0	0	0	4124	0	1006	0	0	0	0	0	0	0	0	0	1264	0	0	0	492	0	98	0	2282	0	956	0	0	0	330	0	204	0	406	0	218	0	424	0	1000	0	4320	0	14950	0	460	0	7266	0	0	0	5244	0	518	0	1286	0	0	0	186	0	242	0	0	0	1004	0	9488	0	0	0	2152	0	0	0	3916	0	0	0	0	0	0	0	0	0	0	0	0	0	0	0	0	0	0	0	0	0	0	0	0	0	0	
158556	Angular_L	152	0	0	0	0	0	0	0	0	0	0	0	0	0	0	0	116	0	0	0	0	0	0	0	0	0	0	0	0	0	0	0	0	0	0	0	0	0	0	0	0	0	0	0	0	0	80	0	180	0	20424	0	1172	0	396	0	410	0	1162	0	27222	0	7878	0	0	0	936	0	246	0	0	0	0	0	0	0	0	0	306	0	2014	0	0	0	14460	0	0	0	2124	0	0	0	0	0	0	0	0	0	0	0	0	0	0	0	0	0	0	0	0	0	0	0	0	0	0	0	
118084	Angular_R	0	760	0	0	0	0	0	0	0	0	0	94	0	0	0	0	0	0	0	0	0	0	0	0	0	0	0	0	0	0	0	0	0	182	0	74	0	80	0	0	0	0	0	240	0	780	0	82	0	3548	0	14638	0	282	0	280	0	902	0	3778	0	14394	0	5244	0	0	0	872	0	152	0	0	0	0	0	0	0	0	0	0	0	3382	0	0	0	7200	0	0	0	2078	0	0	0	0	0	0	0	0	0	0	0	0	0	0	0	0	0	0	0	0	0	0	0	0	0	0	
301440	Precuneus_L	1386	0	0	0	0	0	0	0	0	0	0	0	0	0	0	0	358	0	460	1126	0	0	0	0	0	0	0	0	156	0	0	118	2886	2716	7098	2850	3674	304	1788	234	0	0	10618	176	9818	3462	8084	290	13742	1802	19888	416	2740	0	4162	0	5504	542	14082	2032	4256	0	224	0	936	0	0	10810	6946	1336	0	0	0	0	0	0	0	116	130	0	386	0	0	0	1026	0	0	0	1924	0	0	0	0	0	0	0	118	0	0	0	0	0	0	0	0	0	0	0	0	0	0	0	0	0	0	0	
420820	Precuneus_R	1470	1822	0	0	0	0	0	158	0	0	0	150	0	0	0	0	0	284	0	4068	0	0	0	0	0	0	0	0	0	930	0	184	1128	14210	1792	14004	334	4434	312	3108	0	0	454	17550	826	29186	376	10952	498	23758	294	8450	0	6002	0	6422	0	13112	414	7936	0	992	0	518	0	872	10810	0	460	14860	0	0	0	310	0	0	138	470	0	402	0	750	0	0	0	1116	0	0	0	2996	0	0	0	0	0	0	0	486	0	0	0	0	0	0	0	0	0	0	0	0	612	0	0	0	0	0	
195836	Paracentral_Lobule_L	10604	928	2122	1260	0	0	0	106	0	0	0	0	0	0	0	0	0	0	10938	9874	0	0	0	0	0	0	0	0	0	0	0	0	6128	5290	6238	884	124	0	90	0	0	0	1902	192	2442	210	292	0	1672	0	4806	0	1686	0	860	0	6590	1028	3378	0	2966	0	144	0	246	0	6946	460	0	3158	0	0	0	0	0	0	0	0	316	0	108	0	0	0	2130	0	0	0	1800	0	0	0	0	0	0	0	0	0	0	0	0	0	0	0	0	0	0	0	0	0	0	0	0	0	0	0	
296924	Paracentral_Lobule_R	6140	6736	0	0	0	0	0	82	0	0	0	186	0	0	0	0	0	236	278	17174	0	0	0	0	0	0	0	0	0	684	0	0	450	25130	1960	7602	0	1462	0	426	0	0	0	3854	0	7184	0	1172	0	6408	0	2670	0	2474	0	4060	0	24544	0	634	0	368	0	1286	0	152	1336	14860	3158	0	0	0	0	162	0	0	0	0	0	362	0	734	0	0	0	1572	0	0	0	2926	0	0	0	0	0	0	0	0	0	0	0	0	0	0	0	0	0	0	0	0	0	0	0	0	0	0	
334856	Caudate_L	6560	202	17394	4558	1118	316	3326	142	176	0	6266	2434	1682	232	542	184	2980	264	13690	5890	9480	10004	1144	140	978	320	4566	2592	6760	1024	8948	6750	0	172	0	0	88	264	0	0	0	0	0	0	0	0	0	0	0	0	0	0	0	0	0	80	2202	0	0	0	0	0	78	0	0	0	0	0	0	0	0	13582	15524	2542	1964	0	7542	566	0	0	1130	0	790	242	0	0	0	0	0	0	0	0	0	0	0	0	0	0	0	0	0	0	0	0	0	0	0	0	0	0	0	0	0	0	0	0	
344576	Caudate_R	1204	3592	1920	24722	0	1112	850	3402	0	0	3632	2832	1186	1700	112	592	736	288	1744	20318	4528	7538	1060	2448	74	1222	1814	3006	2000	3304	3426	25012	0	1280	0	0	0	798	0	222	0	0	0	0	0	0	0	0	0	0	0	0	0	0	0	140	0	0	0	0	0	0	0	0	0	0	0	0	0	0	13582	0	4068	15678	0	1596	508	8548	0	0	134	0	146	214	0	0	0	0	0	0	0	0	0	0	0	0	0	0	0	0	0	0	0	0	0	0	0	0	0	0	0	0	0	0	0	0	
315580	Putamen_L	4486	0	21954	468	4346	114	5922	0	4476	0	2584	0	2376	0	5310	0	3142	0	12674	318	3548	4560	2838	188	488	0	2040	816	17426	0	6858	1188	0	0	0	0	9510	124	3468	0	322	0	0	0	0	0	106	0	0	0	0	0	0	0	1844	0	2172	0	0	0	0	0	0	0	0	0	0	0	0	0	15524	4068	0	584	5314	0	4168	0	244	0	940	0	366	0	78	0	0	0	838	0	0	0	0	0	0	0	0	0	0	0	0	0	0	0	0	0	0	0	0	0	0	0	0	0	0	0	
330568	Putamen_R	264	2228	774	13418	0	2374	228	8180	0	1492	980	7172	680	3316	0	1818	84	2066	724	6774	218	444	468	3582	0	2544	0	1138	554	21208	714	11092	0	958	344	370	270	15204	0	8562	0	1378	0	358	0	0	0	1148	0	0	0	0	0	0	0	10588	0	254	0	0	0	0	0	186	0	0	0	310	0	162	2542	15678	584	0	0	3654	0	1696	0	84	0	2166	0	1292	0	604	0	0	0	2358	0	0	0	0	0	0	0	0	0	0	0	0	0	0	0	0	0	0	0	0	0	0	0	0	0	0	
37900	Pallidum_L	548	0	3864	0	0	0	330	0	0	0	0	0	0	0	0	0	190	0	3430	0	0	0	0	0	0	0	0	0	314	0	0	0	0	0	0	0	1410	0	270	0	0	0	0	0	0	0	0	0	0	0	0	0	0	0	0	0	82	0	0	0	0	0	0	0	0	0	0	0	0	0	1964	0	5314	0	0	0	1234	0	0	0	0	0	0	0	0	0	0	0	0	0	0	0	0	0	0	0	0	0	0	0	0	0	0	0	0	0	0	0	0	0	0	0	0	0	0	0	
45260	Pallidum_R	0	2446	0	2012	0	0	0	2202	0	0	0	2000	0	100	0	0	0	404	0	520	0	0	0	0	0	0	0	0	0	550	0	0	0	0	0	0	0	2590	0	1724	0	0	0	0	0	0	0	114	0	0	0	0	0	0	0	1390	0	258	0	0	0	150	0	242	0	0	0	0	0	0	0	1596	0	3654	0	0	0	314	0	0	0	110	0	0	0	100	0	0	0	154	0	0	0	0	0	0	0	0	0	0	0	0	0	0	0	0	0	0	0	0	0	0	0	0	0	0	
181892	Thalamus_L	14696	3166	14454	706	0	0	7746	0	0	0	148	0	0	0	0	0	132	0	3882	202	0	0	0	0	0	0	0	0	2424	0	0	0	0	0	1042	1372	8374	1056	2970	340	0	0	0	0	0	0	2568	102	0	0	0	0	0	0	1120	0	2076	0	0	0	0	0	0	0	0	0	0	138	0	0	7542	508	4168	0	1234	0	0	7752	442	0	120	0	0	0	0	0	0	0	144	0	0	0	0	0	0	0	0	0	0	0	0	0	0	0	0	0	0	0	0	322	0	0	0	0	0	0	
189664	Thalamus_R	4896	14590	386	10302	0	0	1278	4482	0	0	0	790	0	98	0	0	0	1024	156	5430	0	148	0	0	0	0	0	0	548	246	0	486	0	0	3464	3988	4354	8116	1326	3926	0	0	0	0	0	0	1250	952	0	0	0	0	0	0	124	1396	338	198	0	0	0	0	0	0	0	0	116	470	0	0	566	8548	0	1696	0	314	7752	0	390	0	0	0	0	0	0	116	0	0	0	134	0	0	0	0	0	0	0	0	0	0	0	0	0	0	0	0	0	0	0	438	0	0	0	0	0	0	
143804	Heschl_L	4948	218	2562	106	0	0	2476	0	0	0	1526	0	0	0	0	0	8268	0	1846	0	0	0	0	0	0	0	0	0	10218	0	0	0	0	0	402	440	3472	398	0	0	0	0	0	0	0	0	0	0	0	0	1790	0	1154	0	1306	0	5658	0	0	0	214	0	358	0	306	0	130	0	316	0	0	0	244	0	0	0	442	390	0	0	12452	0	94	0	7108	0	0	0	3060	0	0	0	0	0	0	0	0	0	0	0	0	0	0	0	0	0	0	0	0	0	0	0	0	0	0	0	
49760	Heschl_R	0	268	0	110	0	0	0	0	0	0	0	0	0	0	0	0	0	2956	0	282	0	0	0	0	0	0	0	0	0	4626	0	0	0	146	0	114	0	1830	0	454	0	0	0	262	0	0	0	640	0	0	0	0	0	406	0	3224	0	600	0	0	0	0	0	1004	0	0	0	402	0	362	0	0	0	84	0	0	0	0	0	0	0	5984	0	0	0	658	0	0	0	468	0	0	0	0	0	0	0	0	0	0	0	0	0	0	0	0	0	0	0	0	0	0	0	0	0	0	
228868	Temporal_Sup_L	2448	0	2618	286	0	0	2358	0	0	0	4884	520	290	140	98	0	12602	0	1800	300	96	0	0	0	0	0	0	0	10194	98	100	86	0	0	0	0	1466	0	270	0	120	0	0	0	0	0	0	0	0	0	1160	0	706	0	5100	0	4180	0	0	0	912	0	6036	0	2014	0	386	0	108	0	1130	134	940	0	0	0	120	0	12452	0	0	0	5814	0	21132	0	0	0	11158	0	102	0	0	0	0	0	0	0	76	0	0	0	0	0	0	0	0	0	0	0	0	0	0	0	0	0	
148648	Temporal_Sup_R	0	1372	0	730	0	0	0	362	0	0	0	508	0	174	0	130	0	5884	0	880	0	0	0	0	0	0	0	0	0	7244	0	0	0	444	0	120	0	2922	0	1218	0	204	0	548	0	176	0	692	0	186	0	638	0	348	0	5160	0	2670	0	0	0	120	0	9488	0	3382	0	750	0	734	0	0	0	2166	0	110	0	0	0	5984	0	0	0	3640	0	10972	0	572	0	3796	0	0	0	0	0	0	0	0	0	0	0	0	0	0	0	0	0	0	0	0	0	0	0	0	0	0	
88016	Temporal_Pole_Sup_L	0	0	702	0	434	0	520	0	514	0	3380	246	1456	0	2464	0	2164	0	282	0	638	0	0	0	0	0	80	0	3944	0	92	118	0	0	0	0	518	0	592	0	564	0	0	0	0	0	0	0	0	0	0	0	0	0	3206	0	0	0	0	0	0	0	0	0	0	0	0	0	0	0	790	146	366	0	0	0	0	0	94	0	5814	0	0	0	6348	0	3410	0	5126	0	0	0	0	0	0	0	0	0	0	0	0	0	0	0	0	0	0	0	0	0	0	0	0	0	0	0	
58012	Temporal_Pole_Sup_R	0	0	0	304	0	0	0	0	0	0	178	1284	0	152	0	414	132	398	0	278	0	268	0	0	0	0	0	0	156	3806	0	162	0	0	0	0	0	1044	0	2220	0	1798	0	0	0	0	0	0	0	0	0	0	0	0	0	5148	0	0	0	0	0	0	0	0	0	0	0	0	0	0	242	214	0	1292	0	0	0	0	0	0	0	3640	0	0	0	1740	0	1704	0	2432	0	0	0	0	0	0	0	0	0	0	0	0	0	0	0	0	0	0	0	0	0	0	0	0	0	0	
296444	Temporal_Mid_L	448	0	0	0	0	0	92	0	0	0	78	0	0	0	0	0	1700	0	0	0	0	0	0	0	0	0	0	0	2174	0	0	0	0	0	0	0	478	0	80	0	0	0	328	0	144	0	310	0	112	0	18036	0	9166	0	7400	0	746	0	106	0	11046	0	5484	0	14460	0	1026	0	2130	0	0	0	78	0	0	0	0	0	7108	0	21132	0	6348	0	0	0	2496	0	35240	0	276	0	0	0	0	0	0	0	0	0	0	0	0	0	0	0	0	0	0	0	0	0	0	0	0	0	
166936	Temporal_Mid_R	174	3558	0	100	0	0	0	154	0	0	0	302	0	0	0	0	0	292	0	396	0	0	0	0	0	0	0	0	0	1222	0	0	0	1344	0	186	0	1216	0	672	0	0	0	616	0	770	0	408	0	886	0	10426	0	2414	0	4054	0	2484	0	0	0	3194	0	2152	0	7200	0	1116	0	1572	0	0	0	604	0	100	0	116	0	658	0	10972	0	1740	0	0	0	1966	0	20404	0	0	0	0	0	0	0	0	0	0	0	0	0	0	0	0	0	0	0	0	0	0	0	0	0	0	
21580	Temporal_Pole_Mid_L	0	0	0	0	0	0	0	0	0	0	0	0	0	0	0	0	0	0	0	0	0	0	0	0	0	0	0	0	88	0	0	0	0	0	0	0	0	0	374	0	0	0	0	0	0	0	0	0	0	0	0	0	0	0	1862	0	0	0	0	0	0	0	0	0	0	0	0	0	0	0	0	0	0	0	0	0	0	0	0	0	0	0	3410	0	2496	0	0	0	2560	0	0	0	0	0	0	0	0	0	0	0	0	0	0	0	0	0	0	0	0	0	0	0	0	0	0	0	
15164	Temporal_Pole_Mid_R	0	0	0	0	0	0	0	0	0	0	0	0	0	0	0	0	0	0	0	0	0	0	0	0	0	0	0	0	0	80	0	0	0	0	0	0	0	0	0	912	0	308	0	0	0	0	0	0	0	0	0	0	0	0	0	1334	0	0	0	0	0	0	0	0	0	0	0	0	0	0	0	0	0	0	0	0	0	0	0	0	0	572	0	1704	0	1966	0	0	0	706	0	0	0	0	0	0	0	0	0	0	0	0	0	0	0	0	0	0	0	0	0	0	0	0	0	0	
316600	Temporal_Inf_L	684	0	246	0	0	0	208	0	0	0	100	0	0	0	112	0	1740	0	138	0	156	0	0	0	0	0	0	0	4638	0	0	0	0	0	0	0	7058	0	2996	0	940	0	1172	0	460	0	1300	0	762	0	13204	0	14708	0	30222	0	1136	0	200	0	2174	0	896	0	2124	0	1924	0	1800	0	0	0	838	0	0	0	144	0	3060	0	11158	0	5126	0	35240	0	2560	0	0	0	4752	0	138	0	0	0	412	0	2878	0	396	0	500	0	0	0	0	0	0	0	0	0	0	0	0	0	
188472	Temporal_Inf_R	264	1970	0	210	0	0	0	546	0	0	0	374	0	0	0	0	0	650	0	746	0	0	0	0	0	0	0	0	0	2324	0	0	0	2460	0	316	0	5076	0	3658	0	198	0	2070	0	1072	0	1340	0	952	0	2568	0	4726	0	15526	0	3716	0	0	0	450	0	3916	0	2078	0	2996	0	2926	0	0	0	2358	0	154	0	134	0	468	0	3796	0	2432	0	20404	0	706	0	0	0	466	0	0	0	0	0	0	0	190	0	0	0	0	0	0	0	0	0	0	0	0	0	0	0	0	
553304	Cerebelum_Crus1_L	0	0	0	0	0	0	0	0	0	0	0	0	0	0	0	0	0	0	0	0	0	0	0	0	0	0	0	0	0	0	0	0	0	0	0	0	290	0	1092	0	0	0	1414	0	0	0	12314	1278	0	0	828	0	1816	0	23810	518	0	0	0	0	0	0	0	0	0	0	0	0	0	0	0	0	0	0	0	0	0	0	0	0	102	0	0	0	276	0	0	0	4752	0	0	8360	28470	6300	1480	628	33308	2302	62740	8054	11240	708	18170	2170	4732	1108	1172	240	380	660	7030	14682	7192	3544	2340	1152	
535460	Cerebelum_Crus1_R	0	0	0	0	0	0	0	0	0	0	0	0	0	0	0	0	0	0	0	0	0	0	0	0	0	0	0	0	0	0	0	0	0	0	0	0	0	98	0	968	0	0	146	0	0	0	2790	7336	0	0	188	0	632	0	1534	14254	0	0	0	0	0	0	0	0	0	0	0	0	0	0	0	0	0	0	0	0	0	0	0	0	0	0	0	0	0	0	0	0	0	466	8360	0	2880	37074	910	3266	6500	24466	8612	60176	750	2568	1466	18984	490	5164	0	348	1238	2758	15752	14988	10004	5906	5140	1518	
307348	Cerebelum_Crus2_L	0	0	0	0	0	0	0	0	0	0	0	0	0	0	0	0	0	0	0	0	0	0	0	0	0	0	0	0	0	0	0	0	0	0	0	0	0	0	0	0	0	0	628	0	0	0	1916	124	0	0	84	0	92	0	1214	0	0	0	0	0	0	0	0	0	0	0	0	0	0	0	0	0	0	0	0	0	0	0	0	0	0	0	0	0	0	0	0	0	138	0	28470	2880	0	8656	494	208	2984	272	6854	1690	32650	3048	32058	2608	8332	212	758	0	258	362	1174	4186	6798	3648	666	212	
348632	Cerebelum_Crus2_R	0	0	0	0	0	0	0	0	0	0	0	0	0	0	0	0	0	0	0	0	0	0	0	0	0	0	0	0	0	0	0	0	0	0	0	0	0	0	0	198	0	0	0	0	0	0	618	330	0	0	0	0	0	0	410	208	0	0	0	0	0	0	0	0	0	0	0	0	0	0	0	0	0	0	0	0	0	0	0	0	0	0	0	0	0	0	0	0	0	0	6300	37074	8656	0	788	2104	2592	1756	3532	12490	2540	11922	3210	30234	548	6384	0	822	1028	2228	3438	7458	13554	8080	4682	1132	
63700	Cerebelum_3_L	0	0	0	0	0	0	0	0	0	0	0	0	0	0	0	0	0	0	0	0	0	0	0	0	0	0	0	0	0	0	0	0	0	0	0	0	364	0	434	0	0	0	0	0	0	0	970	0	0	0	0	0	0	0	78	0	0	0	0	0	0	0	0	0	0	0	0	0	0	0	0	0	0	0	0	0	0	0	0	0	0	0	0	0	0	0	0	0	0	0	1480	910	494	788	0	406	7638	0	1242	714	550	0	1432	80	1592	540	128	0	1930	3694	1768	1154	1204	1086	1058	116	
88428	Cerebelum_3_R	0	0	0	0	0	0	0	0	0	0	0	0	0	0	0	0	0	0	0	0	0	0	0	0	0	0	0	0	0	0	0	0	0	0	0	0	0	478	0	726	0	0	0	0	0	0	0	328	0	0	0	0	0	0	0	658	0	0	0	0	0	0	0	0	0	0	0	0	0	0	0	0	0	0	0	0	0	0	0	0	0	0	0	0	0	0	0	0	0	0	628	3266	208	2104	406	0	1022	6186	552	5656	164	0	346	756	228	1648	0	0	1026	6524	2338	1760	2358	2528	2320	0	
414672	Cerebelum_4_5_L	0	0	0	0	0	0	0	0	0	0	0	0	0	0	0	0	0	0	0	0	0	0	0	0	0	0	0	0	0	0	0	0	0	0	0	0	732	0	1814	0	0	0	954	0	0	0	17604	3072	0	0	1306	0	2866	90	18504	1402	0	0	0	0	0	0	0	0	0	0	118	0	0	0	0	0	0	0	0	0	0	0	0	0	0	0	0	0	0	0	0	0	412	0	33308	6500	2984	2592	7638	1022	0	4498	40760	7380	2112	0	5668	1102	3620	1300	232	266	1572	2778	14446	7108	3742	3280	2966	1588	
261764	Cerebelum_4_5_R	0	0	0	0	0	0	0	0	0	0	0	0	0	0	0	0	0	0	0	0	0	0	0	0	0	0	0	0	0	0	0	0	0	0	0	104	0	1112	0	3434	0	0	84	80	0	0	1566	7840	0	0	222	0	374	160	640	10632	0	0	0	0	0	0	0	0	0	0	0	486	0	0	0	0	0	0	0	0	0	0	0	0	0	0	0	0	0	0	0	0	0	0	2302	24466	272	1756	0	6186	4498	0	3038	32704	174	0	354	1812	0	868	0	430	100	1866	16142	2058	1470	1730	1502	420	
529088	Cerebelum_6_L	0	0	0	0	0	0	0	0	0	0	0	0	0	0	0	0	0	0	0	0	0	0	0	0	0	0	0	0	0	0	0	0	0	0	0	0	290	0	1278	0	0	0	2036	0	0	0	21894	3968	0	0	1648	0	4706	90	30836	1454	0	0	0	0	0	0	0	0	0	0	0	0	0	0	0	0	0	0	0	0	0	0	0	0	76	0	0	0	0	0	0	0	2878	0	62740	8612	6854	3532	1242	552	40760	3038	0	9968	3256	0	6670	1108	3536	1330	698	222	250	476	10964	17204	4142	2470	2174	1592	
480780	Cerebelum_6_R	0	0	0	0	0	0	0	0	0	0	0	0	0	0	0	0	0	0	0	0	0	0	0	0	0	0	0	0	0	0	0	0	0	0	0	0	0	176	0	1596	0	0	172	0	0	0	3182	9098	0	0	246	0	866	218	1878	16888	0	0	0	0	0	0	0	0	0	0	0	0	0	0	0	0	0	0	0	0	0	0	0	0	0	0	0	0	0	0	0	0	0	190	8054	60176	1690	12490	714	5656	7380	32704	9968	0	514	120	1096	4602	288	3136	0	1106	996	2790	19626	15594	6292	4862	4504	1522	
229716	Cerebelum_7b_L	0	0	0	0	0	0	0	0	0	0	0	0	0	0	0	0	0	0	0	0	0	0	0	0	0	0	0	0	0	0	0	0	0	0	0	0	0	0	0	0	0	0	0	0	0	0	0	0	0	0	0	0	0	0	1296	0	0	0	0	0	0	0	0	0	0	0	0	0	0	0	0	0	0	0	0	0	0	0	0	0	0	0	0	0	0	0	0	0	396	0	11240	750	32650	2540	550	164	2112	174	3256	514	0	962	34262	2320	11088	166	608	0	422	466	1052	698	2798	3672	594	108	
83304	Cerebelum_7b_R	0	0	0	0	0	0	0	0	0	0	0	0	0	0	0	0	0	0	0	0	0	0	0	0	0	0	0	0	0	0	0	0	0	0	0	0	0	0	0	0	0	0	0	0	0	0	0	0	0	0	0	0	0	0	0	0	0	0	0	0	0	0	0	0	0	0	0	0	0	0	0	0	0	0	0	0	0	0	0	0	0	0	0	0	0	0	0	0	0	0	708	2568	3048	11922	0	0	0	0	0	120	962	0	812	14176	0	3508	0	0	0	0	0	0	2330	1376	122	0	
325268	Cerebelum_8_L	0	0	0	0	0	0	0	0	0	0	0	0	0	0	0	0	0	0	0	0	0	0	0	0	0	0	0	0	0	0	0	0	0	0	0	0	0	0	152	0	0	0	0	0	0	0	184	104	0	0	0	0	0	0	2610	86	0	0	0	0	0	0	0	0	0	0	0	0	0	0	0	0	0	0	0	0	0	0	0	0	0	0	0	0	0	0	0	0	500	0	18170	1466	32058	3210	1432	346	5668	354	6670	1096	34262	812	0	4120	24554	1046	2444	0	686	846	2032	2220	5044	7310	2672	480	
247020	Cerebelum_8_R	0	0	0	0	0	0	0	0	0	0	0	0	0	0	0	0	0	0	0	0	0	0	0	0	0	0	0	0	0	0	0	0	0	0	0	0	0	0	0	208	0	0	0	0	0	0	0	0	0	0	0	0	0	0	98	180	0	0	0	0	0	0	0	0	0	0	0	0	0	0	0	0	0	0	0	0	0	0	0	0	0	0	0	0	0	0	0	0	0	0	2170	18984	2608	30234	80	756	1102	1812	1108	4602	2320	14176	4120	0	886	17932	0	1664	236	658	1974	444	4730	7402	2494	532	
156832	Cerebelum_9_L	0	0	0	0	0	0	0	0	0	0	0	0	0	0	0	0	0	0	0	0	0	0	0	0	0	0	0	0	0	0	0	0	0	0	0	0	0	286	0	154	0	0	0	0	0	0	0	0	0	0	0	0	0	0	672	0	0	0	0	0	0	0	0	0	0	0	0	0	0	0	0	0	0	0	0	0	0	0	0	0	0	0	0	0	0	0	0	0	0	0	4732	490	8332	548	1592	228	3620	0	3536	288	11088	0	24554	886	0	2072	4200	0	382	604	796	1362	1940	2334	2920	800	
154136	Cerebelum_9_R	0	0	0	0	0	0	0	0	0	0	0	0	0	0	0	0	0	0	0	0	0	0	0	0	0	0	0	0	0	0	0	0	0	0	0	0	0	0	0	86	0	0	0	0	0	0	188	0	0	0	0	0	0	0	158	82	0	0	0	0	0	0	0	0	0	0	0	0	0	0	0	0	0	0	0	0	0	0	0	0	0	0	0	0	0	0	0	0	0	0	1108	5164	212	6384	540	1648	1300	868	1330	3136	166	3508	1046	17932	2072	0	0	754	1022	2268	1978	4132	3800	5958	7126	3102	
21212	Cerebelum_10_L	0	0	0	0	0	0	0	0	0	0	0	0	0	0	0	0	0	0	0	0	0	0	0	0	0	0	0	0	0	0	0	0	0	0	0	0	0	0	0	0	0	0	0	0	0	0	0	0	0	0	0	0	0	0	242	0	0	0	0	0	0	0	0	0	0	0	0	0	0	0	0	0	0	0	0	0	0	0	0	0	0	0	0	0	0	0	0	0	0	0	1172	0	758	0	128	0	232	0	698	0	608	0	2444	0	4200	0	0	0	0	0	0	0	124	0	0	0	
14076	Cerebelum_10_R	0	0	0	0	0	0	0	0	0	0	0	0	0	0	0	0	0	0	0	0	0	0	0	0	0	0	0	0	0	0	0	0	0	0	0	0	0	0	0	0	0	0	0	0	0	0	0	0	0	0	0	0	0	0	0	0	0	0	0	0	0	0	0	0	0	0	0	0	0	0	0	0	0	0	0	0	0	0	0	0	0	0	0	0	0	0	0	0	0	0	240	348	0	822	0	0	266	430	222	1106	0	0	0	1664	0	754	0	0	0	0	544	94	106	244	198	0	
50784	Vermis_1_2	0	0	0	0	0	0	0	0	0	0	0	0	0	0	0	0	0	0	0	0	0	0	0	0	0	0	0	0	0	0	0	0	0	0	0	0	0	0	0	0	0	0	0	0	0	0	0	0	0	0	0	0	0	0	0	0	0	0	0	0	0	0	0	0	0	0	0	0	0	0	0	0	0	0	0	0	0	0	0	0	0	0	0	0	0	0	0	0	0	0	380	1238	258	1028	1930	1026	1572	100	250	996	422	0	686	236	382	1022	0	0	0	6102	2062	1360	1366	1376	1430	170	
102124	Vermis_3	130	178	0	0	0	0	0	0	0	0	0	0	0	0	0	0	0	0	0	0	0	0	0	0	0	0	0	0	0	0	0	0	0	0	0	0	240	206	148	154	0	0	0	0	0	0	112	0	0	0	0	0	0	0	0	220	0	0	0	0	0	0	0	0	0	0	0	0	0	0	0	0	0	0	0	0	322	438	0	0	0	0	0	0	0	0	0	0	0	0	660	2758	362	2228	3694	6524	2778	1866	476	2790	466	0	846	658	604	2268	0	0	6102	0	3312	2278	2642	2700	2690	212	
