data	data	514096	364464	812220	820428	180432	93992	386020	337872	79088	33640	191320	318232	154348	284372	196088	62004	303936	119164	958436	1.01745e+06	127140	101636	471436	415044	45876	111796	94728	103436	660564	333932	405768	626264	169116	704476	117444	137276	238236	248056	82504	104740	31140	62888	201412	215844	171284	340768	278484	218024	149636	337032	399356	159680	137860	48464	415716	310636	273332	242040	152124	152148	258204	109768	153008	162980	169808	155996	272364	443512	295720	314136	270752	318824	344548	310388	49028	15836	190092	155848	84912	61572	242720	138208	103648	41624	318592	243836	34092	27032	273116	221500	454148	377252	322692	289748	30148	75732	232504	206564	407036	356324	274480	143308	304356	304064	121312	168296	17320	3660	9260	60624	202568	152236	243456	144920	96084	40108	
data	data	Precentral_L	Precentral_R	Frontal_Sup_L	Frontal_Sup_R	Frontal_Sup_Orb_L	Frontal_Sup_Orb_R	Frontal_Mid_L	Frontal_Mid_R	Frontal_Mid_Orb_L	Frontal_Mid_Orb_R	Frontal_Inf_Oper_L	Frontal_Inf_Oper_R	Frontal_Inf_Tri_L	Frontal_Inf_Tri_R	Frontal_Inf_Orb_L	Frontal_Inf_Orb_R	Rolandic_Oper_L	Rolandic_Oper_R	Supp_Motor_Area_L	Supp_Motor_Area_R	Olfactory_L	Olfactory_R	Frontal_Sup_Medial_L	Frontal_Sup_Medial_R	Frontal_Med_Orb_L	Frontal_Med_Orb_R	Rectus_L	Rectus_R	Insula_L	Insula_R	Cingulum_Ant_L	Cingulum_Ant_R	Cingulum_Mid_L	Cingulum_Mid_R	Cingulum_Post_L	Cingulum_Post_R	Hippocampus_L	Hippocampus_R	ParaHippocampal_L	ParaHippocampal_R	Amygdala_L	Amygdala_R	Calcarine_L	Calcarine_R	Cuneus_L	Cuneus_R	Lingual_L	Lingual_R	Occipital_Sup_L	Occipital_Sup_R	Occipital_Mid_L	Occipital_Mid_R	Occipital_Inf_L	Occipital_Inf_R	Fusiform_L	Fusiform_R	Postcentral_L	Postcentral_R	Parietal_Sup_L	Parietal_Sup_R	Parietal_Inf_L	Parietal_Inf_R	SupraMarginal_L	SupraMarginal_R	Angular_L	Angular_R	Precuneus_L	Precuneus_R	Paracentral_Lobule_L	Paracentral_Lobule_R	Caudate_L	Caudate_R	Putamen_L	Putamen_R	Pallidum_L	Pallidum_R	Thalamus_L	Thalamus_R	Heschl_L	Heschl_R	Temporal_Sup_L	Temporal_Sup_R	Temporal_Pole_Sup_L	Temporal_Pole_Sup_R	Temporal_Mid_L	Temporal_Mid_R	Temporal_Pole_Mid_L	Temporal_Pole_Mid_R	Temporal_Inf_L	Temporal_Inf_R	Cerebelum_Crus1_L	Cerebelum_Crus1_R	Cerebelum_Crus2_L	Cerebelum_Crus2_R	Cerebelum_3_L	Cerebelum_3_R	Cerebelum_4_5_L	Cerebelum_4_5_R	Cerebelum_6_L	Cerebelum_6_R	Cerebelum_7b_L	Cerebelum_7b_R	Cerebelum_8_L	Cerebelum_8_R	Cerebelum_9_L	Cerebelum_9_R	Cerebelum_10_L	Cerebelum_10_R	Vermis_1_2	Vermis_3	Vermis_4_5	Vermis_6	Vermis_7	Vermis_8	Vermis_9	Vermis_10	
514096	Precentral_L	0	4510	15180	2214	0	0	18088	186	0	0	11858	332	1676	352	0	0	10884	0	20732	20822	0	0	116	274	0	0	0	0	7962	546	200	962	1108	7052	2290	438	3188	254	80	0	0	0	266	0	248	0	0	0	0	0	954	0	0	0	208	0	23490	134	288	0	9464	0	2758	254	762	82	604	92	37400	6906	3626	2236	6604	370	4994	0	14726	1946	1988	0	3488	0	814	0	488	0	0	0	452	102	0	0	0	0	0	0	0	0	0	0	0	0	0	0	0	0	0	0	0	0	0	0	0	0	0	0	
364464	Precentral_R	4510	0	1502	8196	0	0	124	20896	0	0	98	3672	0	0	0	0	578	1890	2262	20952	0	0	90	0	0	0	0	0	890	4996	148	376	88	3536	594	1404	206	6020	0	870	0	0	0	774	0	3140	0	90	0	4084	0	164	0	0	0	4156	0	22464	0	2752	0	1858	0	4772	0	544	158	7246	4112	18770	1108	1474	376	8164	0	542	1202	5786	0	1072	0	580	0	0	0	1510	0	0	0	1436	0	0	0	0	0	0	0	0	0	0	0	0	0	0	0	0	0	0	0	0	0	0	0	0	0	0	
812220	Frontal_Sup_L	15180	1502	0	12688	4726	638	57522	2700	1132	0	3708	3120	4246	2992	4950	100	9592	0	66978	16008	0	0	45504	12792	1774	950	0	406	36242	2282	16656	12602	6542	15078	226	266	2340	260	274	0	0	0	0	0	0	0	0	0	0	0	166	0	0	0	896	0	1284	164	0	0	258	0	508	0	342	0	0	0	5634	0	3166	1128	18970	1076	1766	0	4186	532	1332	0	1578	0	712	0	0	0	0	0	436	0	0	0	0	0	0	0	0	0	0	0	0	0	0	0	0	0	0	0	0	0	0	0	0	0	0	0	
820428	Frontal_Sup_R	2214	8196	12688	0	0	2810	1476	31602	0	738	1020	18692	372	15404	236	2168	1254	6234	35856	66512	0	0	12890	35114	130	3402	0	1026	3592	16192	8082	40800	876	33496	0	158	0	1936	0	300	0	0	0	0	0	0	0	0	0	0	0	0	0	0	0	176	102	0	0	0	0	0	0	0	0	0	0	0	672	0	3316	12954	1520	16486	0	886	394	7760	0	0	112	0	82	288	0	0	0	0	0	0	0	0	0	0	0	0	0	0	0	0	0	0	0	0	0	0	0	0	0	0	0	0	0	0	0	0	
180432	Frontal_Sup_Orb_L	0	0	4726	0	0	150	604	0	12984	0	0	0	762	0	19880	0	0	0	162	0	5688	2982	2934	174	1770	194	7568	2348	11572	0	4880	1896	0	88	0	0	176	0	0	0	264	0	0	0	0	0	0	0	0	0	0	0	0	0	0	0	0	0	0	0	0	0	0	0	0	0	0	0	0	0	2862	908	3506	162	0	0	0	0	0	0	0	0	976	0	0	0	0	0	0	0	0	0	0	0	0	0	0	0	0	0	0	0	0	0	0	0	0	0	0	0	0	0	0	0	0	0	
93992	Frontal_Sup_Orb_R	0	0	638	2810	150	0	0	394	0	2976	0	0	0	88	104	2222	0	0	98	176	782	1722	696	4376	158	9622	234	7886	108	410	1886	2148	0	0	0	0	0	0	0	0	0	0	0	0	0	0	0	0	0	0	0	0	0	0	0	0	0	0	0	0	0	0	0	0	0	0	0	0	0	0	736	2660	144	3772	0	0	0	0	0	0	0	0	0	0	0	0	0	0	0	0	0	0	0	0	0	0	0	0	0	0	0	0	0	0	0	0	0	0	0	0	0	0	0	0	0	0	
386020	Frontal_Mid_L	18088	124	57522	1476	604	0	0	298	1504	0	10032	0	21704	226	6460	0	4578	0	8472	1058	0	0	11318	1600	0	0	0	0	16326	270	5606	1690	5340	2784	426	502	998	394	118	0	0	0	0	0	0	0	0	0	0	0	0	0	0	0	0	0	1510	0	0	0	2130	0	696	0	0	0	106	0	1012	0	302	110	1206	352	84	0	3248	516	1380	0	280	0	560	0	0	0	0	0	0	0	0	0	0	0	0	0	0	0	0	0	0	0	0	0	0	0	0	0	0	0	0	0	0	0	0	0	
337872	Frontal_Mid_R	186	20896	2700	31602	0	394	298	0	0	396	1130	11844	112	20894	0	1926	1420	560	10118	10862	0	0	1464	2588	0	0	0	0	1864	4556	764	6318	394	9418	248	450	198	3122	0	362	0	0	0	256	0	124	0	0	0	126	0	0	0	0	0	596	0	648	0	0	0	348	0	464	0	0	0	296	0	0	2198	630	1228	6742	0	754	986	5160	0	408	0	254	0	0	0	298	0	0	0	336	0	0	0	0	0	0	0	0	0	0	0	0	0	0	0	0	0	0	0	0	0	0	0	0	0	0	
79088	Frontal_Mid_Orb_L	0	0	1132	0	12984	0	1504	0	0	0	0	0	1172	0	13894	0	0	0	0	0	612	484	230	0	0	0	2146	382	2266	0	326	372	0	0	0	0	0	0	0	0	0	0	0	0	0	0	0	0	0	0	0	0	0	0	0	0	0	0	0	0	0	0	0	0	0	0	0	0	0	0	490	98	404	0	0	0	0	0	0	0	0	0	1048	0	0	0	0	0	0	0	0	0	0	0	0	0	0	0	0	0	0	0	0	0	0	0	0	0	0	0	0	0	0	0	0	0	
33640	Frontal_Mid_Orb_R	0	0	0	738	0	2976	0	396	0	0	0	0	0	552	0	6928	0	0	204	620	0	198	0	206	0	794	0	698	0	1164	0	104	0	0	0	0	0	0	0	0	0	0	0	0	0	0	0	0	0	0	0	0	0	0	0	0	0	0	0	0	0	0	0	0	0	0	0	0	0	0	0	524	0	718	0	0	0	0	0	0	0	0	0	0	0	0	0	0	0	0	0	0	0	0	0	0	0	0	0	0	0	0	0	0	0	0	0	0	0	0	0	0	0	0	0	0	
191320	Frontal_Inf_Oper_L	11858	98	3708	1020	0	0	10032	1130	0	0	0	1876	9940	2580	80	0	12752	0	2380	358	0	0	2326	780	610	0	0	0	11982	1384	3410	1848	464	468	0	0	128	0	0	0	0	0	0	0	0	0	0	0	0	0	0	0	0	0	0	0	2430	0	0	0	850	0	292	0	0	0	0	0	0	0	3308	2316	356	0	0	0	162	96	372	0	1810	0	2456	0	0	0	0	0	0	0	0	0	0	0	0	0	0	0	0	0	0	0	0	0	0	0	0	0	0	0	0	0	0	0	0	0	
318232	Frontal_Inf_Oper_R	332	3672	3120	18692	0	0	0	11844	0	0	1876	0	0	24542	0	740	982	3362	16666	21244	0	0	1236	2178	0	0	0	0	886	16840	718	3622	88	11458	0	0	0	1186	0	140	0	0	0	0	0	0	0	0	0	0	0	0	0	0	0	242	0	1778	0	0	0	0	0	0	0	0	0	0	0	0	3114	938	1154	5716	0	0	128	126	0	0	106	0	154	236	0	0	0	0	0	0	0	0	0	0	0	0	0	0	0	0	0	0	0	0	0	0	0	0	0	0	0	0	0	0	0	0	
154348	Frontal_Inf_Tri_L	1676	0	4246	372	762	0	21704	112	1172	0	9940	0	0	136	9168	0	520	0	636	0	0	0	2720	476	322	0	0	0	15022	0	4866	1328	764	714	0	0	0	0	0	0	0	0	0	0	0	0	0	0	0	0	0	0	0	0	0	0	0	0	0	0	0	0	0	0	0	0	0	0	0	0	0	0	318	0	0	0	0	0	0	0	0	0	200	0	0	0	0	0	0	0	0	0	0	0	0	0	0	0	0	0	0	0	0	0	0	0	0	0	0	0	0	0	0	0	0	0	
284372	Frontal_Inf_Tri_R	352	0	2992	15404	0	88	226	20894	0	552	2580	24542	136	0	0	3006	964	78	13030	14866	0	0	1636	4186	0	0	0	0	902	9596	920	6136	388	12156	0	0	0	102	0	0	0	0	0	0	0	0	0	0	0	0	0	0	0	0	0	0	0	0	0	0	0	0	0	0	0	0	0	0	0	0	2856	908	1194	1262	0	0	0	0	0	0	90	0	144	0	0	0	0	0	0	0	0	0	0	0	0	0	0	0	0	0	0	0	0	0	0	0	0	0	0	0	0	0	0	0	0	0	
196088	Frontal_Inf_Orb_L	0	0	4950	236	19880	104	6460	0	13894	0	80	0	9168	0	0	0	0	0	160	0	4288	2008	1178	256	80	118	4382	1550	14398	0	2508	1928	346	352	0	0	892	0	128	0	0	0	0	0	0	0	0	0	0	0	0	0	0	0	844	0	0	0	0	0	0	0	0	0	0	0	0	0	0	0	1978	580	1428	120	0	0	0	0	0	0	0	0	3626	0	0	0	0	0	124	0	0	0	0	0	0	0	0	0	0	0	0	0	0	0	0	0	0	0	0	0	0	0	0	0	0	0	
62004	Frontal_Inf_Orb_R	0	0	100	2168	0	2222	0	1926	0	6928	0	740	0	3006	0	0	0	0	610	2164	0	896	0	420	0	116	0	904	96	4870	0	336	0	310	0	0	0	0	0	0	0	0	0	0	0	0	0	0	0	0	0	0	0	0	0	0	0	0	0	0	0	0	0	0	0	0	0	0	0	0	168	1882	0	1026	0	0	0	0	0	0	0	0	0	114	0	0	0	0	0	0	0	0	0	0	0	0	0	0	0	0	0	0	0	0	0	0	0	0	0	0	0	0	0	0	0	0	
303936	Rolandic_Oper_L	10884	578	9592	1254	0	0	4578	1420	0	0	12752	982	520	964	0	0	0	0	9070	918	0	0	1044	724	266	0	0	0	24168	976	1104	1974	200	754	0	78	232	0	0	0	0	0	0	0	0	0	0	0	98	0	2366	0	0	0	0	0	13474	0	4698	0	6770	0	5050	0	4030	0	430	0	284	0	2410	2316	470	210	0	0	420	216	4300	0	13024	0	2818	0	2242	0	0	0	1310	0	0	0	0	0	0	0	0	0	0	0	0	0	0	0	0	0	0	0	0	0	0	0	0	0	0	0	
119164	Rolandic_Oper_R	0	1890	0	6234	0	0	0	560	0	0	0	3362	0	78	0	0	0	0	3228	6242	0	0	0	0	0	0	0	0	0	10674	0	200	0	498	0	0	0	1136	0	182	0	0	0	0	0	0	0	0	0	0	0	0	0	0	0	1358	0	4896	0	0	0	248	0	6276	0	176	0	0	0	134	0	326	0	2650	0	242	0	86	0	3678	0	3820	0	474	0	358	0	0	0	576	0	0	0	0	0	0	0	0	0	0	0	0	0	0	0	0	0	0	0	0	0	0	0	0	0	0	
958436	Supp_Motor_Area_L	20732	2262	66978	35856	162	98	8472	10118	0	204	2380	16666	636	13030	160	610	9070	3228	0	77860	0	0	10760	7752	1212	524	0	0	21728	10242	8486	15140	6252	36320	0	0	3832	640	206	142	0	0	0	0	0	0	0	0	0	0	156	0	0	0	894	134	1726	444	0	0	404	0	610	0	374	0	0	0	15722	146	10302	9520	23382	8270	4966	448	5656	562	1030	0	1578	0	374	326	0	0	0	0	436	0	0	0	0	0	0	0	0	0	0	0	0	0	0	0	0	0	0	0	0	0	0	0	0	0	0	0	
1.01745e+06	Supp_Motor_Area_R	20822	20952	16008	66512	0	176	1058	10862	0	620	358	21244	0	14866	0	2164	918	6242	77860	0	0	0	5326	11752	0	724	0	0	1628	16178	1878	20920	5278	58146	718	2216	442	1516	0	282	0	0	0	502	0	3256	0	0	0	4384	0	168	0	0	0	1658	98	4014	0	3050	0	284	0	1536	0	410	188	7974	17498	25270	3624	19970	1208	14626	112	2080	2560	4084	0	0	0	84	0	404	0	1166	0	0	0	850	0	0	0	0	0	0	0	0	0	0	0	0	0	0	0	0	0	0	0	0	0	0	0	0	0	0	
127140	Olfactory_L	0	0	0	0	5688	782	0	0	612	0	0	0	0	0	4288	0	0	0	0	0	0	7624	0	0	440	842	7354	4846	4042	0	3804	4266	0	0	0	0	1748	0	376	0	1130	0	0	0	0	0	0	0	0	0	0	0	0	0	1288	0	0	0	0	0	0	0	0	0	0	0	0	0	0	0	7538	2984	2650	338	0	0	0	0	0	0	0	0	778	0	0	0	0	0	152	0	0	0	0	0	0	0	0	0	0	0	0	0	0	0	0	0	0	0	0	0	0	0	0	0	0	0	
101636	Olfactory_R	0	0	0	0	2982	1722	0	0	484	198	0	0	0	0	2008	896	0	0	0	0	7624	0	0	0	116	924	5366	5728	228	1406	2342	3254	0	0	0	0	84	158	0	0	0	428	0	0	0	0	0	0	0	0	0	0	0	0	0	0	0	0	0	0	0	0	0	0	0	0	0	0	0	0	7968	3918	1766	1136	0	0	0	0	0	0	0	0	0	82	0	0	0	0	0	0	0	0	0	0	0	0	0	0	0	0	0	0	0	0	0	0	0	0	0	0	0	0	0	0	0	0	
471436	Frontal_Sup_Medial_L	116	90	45504	12890	2934	696	11318	1464	230	0	2326	1236	2720	1636	1178	0	1044	0	10760	5326	0	0	0	27858	2106	1746	0	408	17114	132	24610	20596	10406	18532	0	0	0	0	0	0	0	0	0	0	0	0	0	0	0	0	0	0	0	0	0	0	0	0	0	0	0	0	0	0	0	0	0	0	0	0	2240	198	7396	128	0	0	0	0	0	0	218	0	562	0	0	0	0	0	0	0	0	0	0	0	0	0	0	0	0	0	0	0	0	0	0	0	0	0	0	0	0	0	0	0	0	0	
415044	Frontal_Sup_Medial_R	274	0	12792	35114	174	4376	1600	2588	0	206	780	2178	476	4186	256	420	724	0	7752	11752	0	0	27858	0	934	7312	0	1828	3308	1620	13244	33376	1834	18662	0	0	0	0	0	0	0	0	0	0	0	0	0	0	0	0	0	0	0	0	0	0	0	0	0	0	0	0	0	0	0	0	0	0	0	0	1164	5800	1388	3468	0	0	0	0	0	0	78	0	0	0	0	0	0	0	0	0	0	0	0	0	0	0	0	0	0	0	0	0	0	0	0	0	0	0	0	0	0	0	0	0	0	0	
45876	Frontal_Med_Orb_L	0	0	1774	130	1770	158	0	0	0	0	610	0	322	0	80	0	266	0	1212	0	440	116	2106	934	0	966	658	178	1690	82	6248	674	0	0	0	0	0	0	0	0	0	0	0	0	0	0	0	0	0	0	0	0	0	0	0	0	0	0	0	0	0	0	0	0	0	0	0	0	0	0	706	138	1464	0	0	0	0	0	0	0	0	0	216	0	0	0	0	0	0	0	0	0	0	0	0	0	0	0	0	0	0	0	0	0	0	0	0	0	0	0	0	0	0	0	0	0	
111796	Frontal_Med_Orb_R	0	0	950	3402	194	9622	0	0	0	794	0	0	0	0	118	116	0	0	524	724	842	924	1746	7312	966	0	592	5520	86	84	3656	6046	0	0	0	0	0	0	0	0	0	0	0	0	0	0	0	0	0	0	0	0	0	0	0	0	0	0	0	0	0	0	0	0	0	0	0	0	0	0	716	4902	208	5854	0	0	0	0	0	0	0	0	0	0	0	0	0	0	0	0	0	0	0	0	0	0	0	0	0	0	0	0	0	0	0	0	0	0	0	0	0	0	0	0	0	0	
94728	Rectus_L	0	0	0	0	7568	234	0	0	2146	0	0	0	0	0	4382	0	0	0	0	0	7354	5366	0	0	658	592	0	3846	664	0	3344	3260	0	0	0	0	0	0	0	0	0	0	0	0	0	0	0	0	0	0	0	0	0	0	0	0	0	0	0	0	0	0	0	0	0	0	0	0	0	0	4850	1758	1118	224	0	0	0	0	0	0	0	0	0	0	0	0	0	0	0	0	0	0	0	0	0	0	0	0	0	0	0	0	0	0	0	0	0	0	0	0	0	0	0	0	0	0	
103436	Rectus_R	0	0	406	1026	2348	7886	0	0	382	698	0	0	0	0	1550	904	0	0	0	0	4846	5728	408	1828	178	5520	3846	0	148	448	2602	3550	0	0	0	0	0	0	0	0	0	0	0	0	0	0	0	0	0	0	0	0	0	0	0	0	0	0	0	0	0	0	0	0	0	0	0	0	0	0	3576	2200	442	1198	0	0	0	0	0	0	0	0	0	0	0	0	0	0	0	0	0	0	0	0	0	0	0	0	0	0	0	0	0	0	0	0	0	0	0	0	0	0	0	0	0	0	
660564	Insula_L	7962	890	36242	3592	11572	108	16326	1864	2266	0	11982	886	15022	902	14398	96	24168	0	21728	1628	4042	228	17114	3308	1690	86	664	148	0	952	12890	5966	2438	3282	1304	1400	11280	1128	1824	0	1276	0	236	0	0	0	0	0	0	0	246	0	0	0	7808	0	3522	0	0	0	1486	0	1920	0	126	0	326	0	502	0	5192	3078	25572	430	100	0	4254	768	8260	0	8154	0	5224	0	2276	0	0	0	8006	0	0	0	0	0	0	0	0	0	144	0	0	0	0	0	0	0	0	0	0	0	0	0	0	0	0	0	
333932	Insula_R	546	4996	2282	16192	0	410	270	4556	0	1164	1384	16840	0	9596	0	4870	976	10674	10242	16178	0	1406	132	1620	82	84	0	448	952	0	520	3370	0	2728	0	134	0	4578	0	542	0	780	0	0	0	0	0	0	0	0	0	0	0	0	0	1728	0	3176	0	0	0	158	0	250	0	126	0	0	0	0	2250	1554	720	23348	0	0	162	750	0	3638	112	5518	158	2100	0	1278	0	0	0	1388	0	0	0	0	0	0	0	0	0	0	0	0	0	0	0	0	0	0	0	0	0	0	0	0	0	0	
405768	Cingulum_Ant_L	200	148	16656	8082	4880	1886	5606	764	326	0	3410	718	4866	920	2508	0	1104	0	8486	1878	3804	2342	24610	13244	6248	3656	3344	2602	12890	520	0	27442	5592	8594	198	0	0	0	0	0	0	0	0	0	0	0	0	0	0	0	0	0	0	0	0	0	0	0	0	0	0	0	0	0	0	0	0	0	0	0	8256	3114	11816	1136	0	0	0	132	0	0	160	0	746	0	0	0	0	0	0	0	0	0	0	0	0	0	0	0	0	0	0	0	0	0	0	0	0	0	0	0	0	0	0	0	0	0	
626264	Cingulum_Ant_R	962	376	12602	40800	1896	2148	1690	6318	372	104	1848	3622	1328	6136	1928	336	1974	200	15140	20920	4266	3254	20596	33376	674	6046	3260	3550	5966	3370	27442	0	1770	31992	0	0	0	0	0	0	0	0	0	0	0	0	0	0	0	0	0	0	0	0	0	0	0	0	0	0	0	0	0	0	0	0	0	0	180	0	6906	23732	3732	9268	202	0	0	2466	0	0	216	0	168	0	0	0	0	0	0	0	0	0	0	0	0	0	0	0	0	0	0	0	0	0	0	0	0	0	0	0	0	0	0	0	0	0	
169116	Cingulum_Mid_L	1108	88	6542	876	0	0	5340	394	0	0	464	88	764	388	346	0	200	0	6252	5278	0	0	10406	1834	0	0	0	0	2438	0	5592	1770	0	13426	2276	292	0	0	0	0	0	0	318	0	1030	552	0	0	430	518	474	180	0	0	0	0	320	116	660	0	174	0	0	0	0	112	5060	1108	6654	418	0	0	272	0	0	0	0	0	0	0	0	0	0	0	0	0	0	0	0	0	0	0	0	0	0	0	0	0	0	0	0	0	0	0	0	0	0	0	0	0	0	0	0	0	0	0	
704476	Cingulum_Mid_R	7052	3536	15078	33496	88	0	2784	9418	0	0	468	11458	714	12156	352	310	754	498	36320	58146	0	0	18532	18662	0	0	0	0	3282	2728	8594	31992	13426	0	778	4982	0	0	0	0	0	0	0	944	196	3752	0	402	0	3632	0	1124	0	0	0	92	0	5294	0	1558	0	0	0	278	0	308	1430	10110	6830	15072	812	1362	1114	640	0	0	130	374	0	0	0	0	0	0	0	772	0	0	0	408	0	0	0	0	0	0	0	0	0	0	0	0	0	0	0	0	0	0	0	0	0	0	0	0	0	0	
117444	Cingulum_Post_L	2290	594	226	0	0	0	426	248	0	0	0	0	0	0	0	0	0	0	0	718	0	0	0	0	0	0	0	0	1304	0	198	0	2276	778	0	6576	7182	3382	1038	452	0	0	3488	0	2118	0	1312	256	182	0	354	0	104	0	186	0	936	0	238	0	408	0	638	0	0	0	8274	518	4628	442	0	0	420	0	0	0	3696	1252	1270	0	100	0	0	0	214	0	0	0	0	0	0	0	0	0	0	0	0	0	0	0	0	0	0	0	0	0	0	0	0	0	0	0	0	0	0	0	
137276	Cingulum_Post_R	438	1404	266	158	0	0	502	450	0	0	0	0	0	0	0	0	78	0	0	2216	0	0	0	0	0	0	0	0	1400	134	0	0	292	4982	6576	0	4370	7344	410	960	0	0	0	1306	112	1026	280	1932	0	692	0	0	0	0	0	1152	770	1388	0	290	284	0	700	0	0	0	1032	8486	666	4624	0	0	494	0	0	0	6106	3174	1260	116	108	156	0	0	0	112	0	0	0	186	0	0	0	0	0	0	0	0	0	0	0	0	0	0	0	0	0	0	0	0	206	0	0	0	0	0	
238236	Hippocampus_L	3188	206	2340	0	176	0	998	198	0	0	128	0	0	0	892	0	232	0	3832	442	1748	84	0	0	0	0	0	0	11280	0	0	0	0	0	7182	4370	0	2964	12326	364	6044	0	3706	0	148	0	3280	290	0	0	378	0	210	0	14120	0	1042	0	0	0	378	0	550	0	0	0	5052	178	2130	0	282	0	7510	0	1460	0	4486	1190	1868	0	1126	0	2002	0	162	0	88	0	7668	0	0	0	0	0	232	0	220	0	368	0	0	0	0	0	0	0	0	0	0	0	0	0	0	0	0	0	
248056	Hippocampus_R	254	6020	260	1936	0	0	394	3122	0	0	0	1186	0	102	0	0	0	1136	640	1516	0	158	0	0	0	0	0	0	1128	4578	0	0	0	0	3382	7344	2964	0	382	16556	0	8972	0	872	0	0	224	2984	0	0	0	0	0	0	0	16474	724	1308	0	0	252	0	686	460	0	0	0	3334	0	194	0	0	220	9188	0	128	5834	6988	1024	636	104	1768	0	920	0	1484	0	644	0	4722	0	0	0	0	0	0	0	624	0	0	0	0	0	0	0	0	0	0	0	0	202	0	0	0	0	0	
82504	ParaHippocampal_L	80	0	274	0	0	0	118	0	0	0	0	0	0	0	128	0	0	0	206	0	376	0	0	0	0	0	0	0	1824	0	0	0	0	0	1038	410	12326	382	0	0	1582	0	1906	0	0	0	3288	278	0	0	480	0	338	0	7624	0	0	0	0	0	0	0	0	0	0	0	2318	0	0	0	0	0	1288	0	0	0	452	222	0	0	146	0	764	0	0	0	208	0	1596	0	106	0	0	0	490	0	456	0	228	0	0	0	0	0	0	0	0	0	0	320	0	0	0	0	0	0	
104740	ParaHippocampal_R	0	870	0	300	0	0	0	362	0	0	0	140	0	0	0	0	0	182	142	282	0	0	0	0	0	0	0	0	0	542	0	0	0	0	452	960	364	16556	0	0	0	7990	0	382	0	0	0	2266	0	0	0	0	0	0	0	9720	0	172	0	0	0	0	0	0	0	0	0	710	0	0	0	0	0	1764	0	0	874	1870	0	118	0	134	0	1406	0	124	0	1364	0	1116	0	0	0	0	0	110	0	972	0	126	0	0	0	0	0	0	0	0	0	0	0	0	0	0	0	0	
31140	Amygdala_L	0	0	0	0	264	0	0	0	0	0	0	0	0	0	0	0	0	0	0	0	1130	0	0	0	0	0	0	0	1276	0	0	0	0	0	0	0	6044	0	1582	0	0	0	0	0	0	0	0	0	0	0	0	0	0	0	2830	0	0	0	0	0	0	0	0	0	0	0	0	0	0	0	0	0	316	0	0	0	206	0	0	0	0	0	730	0	0	0	0	0	1192	0	0	0	0	0	0	0	0	0	0	0	0	0	0	0	0	0	0	0	0	0	0	0	0	0	0	0	
62888	Amygdala_R	0	0	0	0	0	0	0	0	0	0	0	0	0	0	0	0	0	0	0	0	0	428	0	0	0	0	0	0	0	780	0	0	0	0	0	0	0	8972	0	7990	0	0	0	0	0	0	0	0	0	0	0	0	0	0	0	5792	0	0	0	0	0	0	0	0	0	0	0	0	0	0	0	90	0	892	0	0	0	0	0	0	0	0	0	1958	0	156	0	1554	0	2832	0	0	0	0	0	0	0	0	0	0	0	0	0	0	0	0	0	0	0	0	0	0	0	0	0	0	
201412	Calcarine_L	266	0	0	0	0	0	0	0	0	0	0	0	0	0	0	0	0	0	0	0	0	0	0	0	0	0	0	0	236	0	0	0	318	0	3488	0	3706	0	1906	0	0	0	0	2352	13690	1956	12718	780	7232	720	16156	216	3936	0	1838	0	458	0	862	0	236	0	106	0	120	0	18168	152	492	0	0	0	0	0	0	0	0	0	116	0	116	0	0	0	2854	0	0	0	538	0	128	0	0	0	0	0	1066	198	204	138	0	0	0	0	484	98	0	0	0	0	1534	646	0	0	140	338	
215844	Calcarine_R	0	774	0	0	0	0	0	256	0	0	0	0	0	0	0	0	0	0	0	502	0	0	0	0	0	0	0	0	0	0	0	0	0	944	0	1306	0	872	0	382	0	0	2352	0	1636	17016	1152	16684	0	12674	0	9290	0	5674	0	7990	0	1658	0	456	0	0	0	148	0	274	288	15604	106	2384	0	0	0	0	0	0	0	0	0	0	0	0	0	0	0	3406	0	0	0	3974	0	0	0	0	0	0	0	0	0	120	0	0	0	0	0	0	0	0	0	0	0	0	0	0	0	0	
171284	Cuneus_L	248	0	0	0	0	0	0	0	0	0	0	0	0	0	0	0	0	0	0	0	0	0	0	0	0	0	0	0	0	0	0	0	1030	196	2118	112	148	0	0	0	0	0	13690	1636	0	5158	1332	0	18560	896	15716	124	740	0	320	0	958	0	2200	0	278	0	80	0	174	0	15204	632	1446	0	0	0	0	0	0	0	0	0	0	0	94	0	0	0	2318	0	0	0	234	0	0	0	0	0	0	0	0	0	0	0	0	0	0	0	0	0	0	0	0	0	0	0	0	0	0	0	
340768	Cuneus_R	0	3140	0	0	0	0	0	124	0	0	0	0	0	0	0	0	0	0	0	3256	0	0	0	0	0	0	0	0	0	0	0	0	552	3752	0	1026	0	0	0	0	0	0	1956	17016	5158	0	130	3190	178	37224	0	8598	0	704	0	1234	0	5302	0	9888	0	1594	0	1490	0	5742	2242	36380	170	8892	0	0	0	0	0	0	0	0	0	254	0	372	0	0	0	7562	0	0	0	3258	0	0	0	0	0	0	0	0	0	0	0	0	0	0	0	0	0	0	0	0	0	0	0	0	0	0	
278484	Lingual_L	0	0	0	0	0	0	0	0	0	0	0	0	0	0	0	0	0	0	0	0	0	0	0	0	0	0	0	0	0	0	0	0	0	0	1312	280	3280	224	3288	0	0	0	12718	1152	1332	130	0	1732	2586	0	14804	0	10276	0	21286	170	0	0	96	0	0	0	0	0	0	0	4366	0	0	0	0	0	0	0	0	0	274	162	0	0	0	0	0	0	314	0	0	0	406	0	11188	1298	1076	278	360	106	13168	890	14964	1658	122	0	200	426	456	680	0	0	0	276	4006	2908	2850	714	726	704	
218024	Lingual_R	0	90	0	0	0	0	0	0	0	0	0	0	0	0	0	0	0	0	0	0	0	0	0	0	0	0	0	0	0	0	0	0	0	402	256	1932	290	2984	278	2266	0	0	780	16684	0	3190	1732	0	0	2136	0	1586	0	2348	164	14808	0	336	0	82	0	0	0	0	0	0	0	8530	0	820	0	0	0	0	0	0	254	294	0	0	0	0	0	0	0	218	0	0	0	392	1306	5956	154	184	122	2050	1144	7172	1588	9066	0	0	0	1002	92	498	0	0	208	1336	7568	4440	1820	238	216	0	
149636	Occipital_Sup_L	0	0	0	0	0	0	0	0	0	0	0	0	0	0	0	0	98	0	0	0	0	0	0	0	0	0	0	0	0	0	0	0	430	0	182	0	0	0	0	0	0	0	7232	0	18560	178	2586	0	0	0	23518	0	1562	0	558	0	130	0	6272	0	522	0	0	0	0	0	10342	384	240	0	0	0	0	0	0	0	0	0	0	0	0	0	0	0	1856	0	0	0	168	0	0	0	0	0	0	0	0	0	0	0	0	0	0	0	0	0	0	0	0	0	0	0	0	0	0	0	
337032	Occipital_Sup_R	0	4084	0	0	0	0	0	126	0	0	0	0	0	0	0	0	0	0	0	4384	0	0	0	0	0	0	0	0	0	0	0	0	518	3632	0	692	0	0	0	0	0	0	720	12674	896	37224	0	2136	0	0	0	17158	0	740	0	1124	0	4752	0	12542	0	3538	0	1586	0	9308	882	27640	106	9064	0	0	0	0	0	0	0	0	0	300	0	376	0	0	0	8822	0	0	0	3492	0	0	0	0	0	0	0	0	0	0	0	0	0	0	0	0	0	0	0	0	0	0	0	0	0	0	
399356	Occipital_Mid_L	954	0	166	0	0	0	0	0	0	0	0	0	0	0	0	0	2366	0	156	0	0	0	0	0	0	0	0	0	246	0	0	0	474	0	354	0	378	0	480	0	0	0	16156	0	15716	0	14804	0	23518	0	0	0	23224	0	8738	0	2442	0	11234	0	8298	0	2072	0	12744	0	15732	0	2152	0	0	0	0	0	0	0	0	0	494	0	2216	0	0	0	25500	0	0	0	7162	0	1120	0	0	0	0	0	186	0	418	0	0	0	0	0	0	0	0	0	0	0	0	90	88	0	0	0	
159680	Occipital_Mid_R	0	164	0	0	0	0	0	0	0	0	0	0	0	0	0	0	0	0	0	168	0	0	0	0	0	0	0	0	0	0	0	0	180	1124	0	0	0	0	0	0	0	0	216	9290	124	8598	0	1586	0	17158	0	0	0	3432	0	1904	0	1928	0	182	0	706	0	194	0	11832	260	5300	0	2362	0	0	0	0	0	0	0	0	0	0	0	654	0	0	0	10660	0	0	0	1818	0	0	0	0	0	0	0	0	0	0	0	0	0	0	0	0	0	0	0	0	0	0	0	0	0	0	
137860	Occipital_Inf_L	0	0	0	0	0	0	0	0	0	0	0	0	0	0	0	0	0	0	0	0	0	0	0	0	0	0	0	0	0	0	0	0	0	0	104	0	210	0	338	0	0	0	3936	0	740	0	10276	0	1562	0	23224	0	0	0	13400	0	0	0	0	0	0	0	0	0	0	0	2370	0	0	0	0	0	0	0	0	0	0	0	0	0	0	0	0	0	3014	0	0	0	4000	0	2578	0	0	0	0	0	996	0	1710	0	0	0	0	0	0	0	0	0	0	0	180	176	116	0	0	0	
48464	Occipital_Inf_R	0	0	0	0	0	0	0	0	0	0	0	0	0	0	0	0	0	0	0	0	0	0	0	0	0	0	0	0	0	0	0	0	0	0	0	0	0	0	0	0	0	0	0	5674	0	704	0	2348	0	740	0	3432	0	0	0	3996	0	110	0	134	0	0	0	0	0	80	0	968	0	160	0	0	0	0	0	0	0	0	0	0	0	0	0	0	0	1192	0	0	0	3824	0	80	0	0	0	0	0	0	0	384	0	0	0	0	0	0	0	0	0	0	0	284	122	0	0	0	
415716	Fusiform_L	208	0	896	0	0	0	0	0	0	0	0	0	0	0	844	0	0	0	894	0	1288	0	0	0	0	0	0	0	7808	0	0	0	0	0	186	0	14120	0	7624	0	2830	0	1838	0	320	0	21286	164	558	0	8738	0	13400	0	0	0	0	0	0	0	0	0	0	0	0	0	1032	0	234	0	164	0	2574	0	0	0	140	0	132	0	1792	0	4022	0	2118	0	2092	0	21880	0	27030	1030	1464	260	134	102	14710	228	32548	1198	956	0	1292	436	422	624	0	0	0	0	964	1334	2626	712	606	0	
310636	Fusiform_R	0	4156	0	176	0	0	0	596	0	0	0	242	0	0	0	0	0	1358	134	1658	0	0	0	0	0	0	0	0	0	1728	0	0	0	92	0	1152	0	16474	0	9720	0	5792	0	7990	0	1234	170	14808	0	1124	0	1904	0	3996	0	0	0	718	0	90	0	164	0	990	0	104	0	2536	0	794	0	0	0	2062	0	0	260	1008	0	750	0	3194	0	2466	0	3806	0	2096	0	13160	438	14448	0	324	0	886	112	6500	278	16658	0	0	0	344	0	78	0	0	128	406	2536	2680	800	0	0	0	
273332	Postcentral_L	23490	0	1284	102	0	0	1510	0	0	0	2430	0	0	0	0	0	13474	0	1726	98	0	0	0	0	0	0	0	0	3522	0	0	0	320	0	936	770	1042	724	0	0	0	0	458	0	958	0	0	0	130	0	2442	0	0	0	0	0	0	0	8272	0	25930	0	13722	0	4854	0	3370	0	1928	0	1978	0	1752	0	476	0	3350	340	2726	0	8912	0	0	0	2512	0	0	0	1128	0	0	0	0	0	0	0	0	0	0	0	0	0	0	0	0	0	0	0	0	0	0	0	0	0	0	0	
242040	Postcentral_R	134	22464	164	0	0	0	0	648	0	0	0	1778	0	0	0	0	0	4896	444	4014	0	0	0	0	0	0	0	0	0	3176	0	0	116	5294	0	1388	0	1308	0	172	0	0	0	1658	0	5302	0	336	0	4752	0	1928	0	110	0	718	0	0	0	4428	0	4794	0	11822	0	736	190	13648	212	17700	160	342	0	2606	0	0	164	288	0	828	0	702	0	0	0	742	0	0	0	858	0	0	0	0	0	0	0	0	0	0	0	0	0	0	0	0	0	0	0	0	0	0	0	0	0	0	
152124	Parietal_Sup_L	288	0	0	0	0	0	0	0	0	0	0	0	0	0	0	0	4698	0	0	0	0	0	0	0	0	0	0	0	0	0	0	0	660	0	238	0	0	0	0	0	0	0	862	0	2200	0	96	0	6272	0	11234	0	0	0	0	0	8272	0	0	0	12802	0	184	0	6080	0	14690	590	1132	0	0	0	0	0	0	0	0	0	0	0	1416	0	0	0	2352	0	0	0	1996	0	0	0	0	0	0	0	0	0	0	0	0	0	0	0	0	0	0	0	0	0	0	0	0	0	0	0	
152148	Parietal_Sup_R	0	2752	0	0	0	0	0	0	0	0	0	0	0	0	0	0	0	0	0	3050	0	0	0	0	0	0	0	0	0	0	0	0	0	1558	0	290	0	0	0	0	0	0	0	456	0	9888	0	82	0	12542	0	182	0	134	0	90	0	4428	0	0	0	4574	0	1466	0	3268	288	17458	0	4906	0	0	0	0	0	0	0	0	0	184	0	190	0	0	0	5406	0	0	0	2882	0	0	0	0	0	0	0	0	0	0	0	0	0	0	0	0	0	0	0	0	0	0	0	0	0	0	
258204	Parietal_Inf_L	9464	0	258	0	0	0	2130	0	0	0	850	0	0	0	0	0	6770	0	404	0	0	0	0	0	0	0	0	0	1486	0	0	0	174	0	408	284	378	252	0	0	0	0	236	0	278	0	0	0	522	0	8298	0	0	0	0	0	25930	0	12802	0	0	0	15850	0	25230	0	2064	0	884	0	0	0	480	0	0	0	432	106	582	0	3836	0	0	0	6704	0	0	0	2010	0	0	0	0	0	0	0	0	0	0	0	0	0	0	0	0	0	0	0	0	0	0	0	0	0	0	0	
109768	Parietal_Inf_R	0	1858	0	0	0	0	0	348	0	0	0	0	0	0	0	0	0	248	0	284	0	0	0	0	0	0	0	0	0	158	0	0	0	0	0	0	0	0	0	0	0	0	0	0	0	1594	0	0	0	3538	0	706	0	0	0	164	0	4794	0	4574	0	0	0	15796	0	11774	0	2070	0	642	0	0	0	0	0	0	0	0	0	510	0	930	0	0	0	1994	0	0	0	2902	0	0	0	0	0	0	0	0	0	0	0	0	0	0	0	0	0	0	0	0	0	0	0	0	0	0	
153008	SupraMarginal_L	2758	0	508	0	0	0	696	0	0	0	292	0	0	0	0	0	5050	0	610	0	0	0	0	0	0	0	0	0	1920	0	0	0	0	0	638	700	550	686	0	0	0	0	106	0	80	0	0	0	0	0	2072	0	0	0	0	0	13722	0	184	0	15850	0	0	0	9218	0	142	0	312	0	0	0	178	0	0	0	770	238	2932	0	8582	0	0	0	7234	0	0	0	476	0	0	0	0	0	0	0	0	0	0	0	0	0	0	0	0	0	0	0	0	0	0	0	0	0	0	0	
162980	SupraMarginal_R	254	4772	0	0	0	0	0	464	0	0	0	0	0	0	0	0	0	6276	0	1536	0	0	0	0	0	0	0	0	0	250	0	0	0	278	0	0	0	460	0	0	0	0	0	148	0	1490	0	0	0	1586	0	194	0	0	0	990	0	11822	0	1466	0	15796	0	0	0	10296	0	1176	166	2414	0	0	0	0	0	0	0	0	0	1082	0	7160	0	0	0	4706	0	0	0	6708	0	0	0	0	0	0	0	0	0	0	0	0	0	0	0	0	0	0	0	0	0	0	0	0	0	0	
169808	Angular_L	762	0	342	0	0	0	0	0	0	0	0	0	0	0	0	0	4030	0	374	0	0	0	0	0	0	0	0	0	126	0	0	0	0	0	0	0	0	0	0	0	0	0	120	0	174	0	0	0	0	0	12744	0	0	0	0	0	4854	0	6080	0	25230	0	9218	0	0	0	540	0	418	0	0	0	0	0	0	0	0	0	0	0	2986	0	0	0	13304	0	0	0	3602	0	0	0	0	0	0	0	0	0	0	0	0	0	0	0	0	0	0	0	0	0	0	0	0	0	0	0	
155996	Angular_R	82	544	0	0	0	0	0	0	0	0	0	0	0	0	0	0	0	176	0	410	0	0	0	0	0	0	0	0	0	126	0	0	112	308	0	0	0	0	0	0	0	0	0	274	0	5742	0	0	0	9308	0	11832	0	80	0	104	0	736	0	3268	0	11774	0	10296	0	0	92	5218	0	1192	0	0	0	0	0	0	0	0	0	554	0	3784	0	0	0	8844	0	0	0	3142	0	0	0	0	0	0	0	0	0	0	0	0	0	0	0	0	0	0	0	0	0	0	0	0	0	0	
272364	Precuneus_L	604	158	0	0	0	0	106	0	0	0	0	0	0	0	0	0	430	0	0	188	0	0	0	0	0	0	0	0	326	0	0	0	5060	1430	8274	1032	5052	0	2318	0	0	0	18168	288	15204	2242	4366	0	10342	882	15732	260	2370	0	1032	0	3370	190	14690	288	2064	0	142	0	540	92	0	6680	6068	480	0	0	0	0	0	0	0	0	184	0	342	0	0	0	3938	106	0	0	1144	0	0	0	0	0	0	0	0	0	0	0	0	0	0	0	0	0	0	0	0	0	0	0	0	0	0	0	
443512	Precuneus_R	92	7246	0	0	0	0	0	296	0	0	0	0	0	0	0	0	0	0	0	7974	0	0	0	0	0	0	0	0	0	0	0	0	1108	10110	518	8486	178	3334	0	710	0	0	152	15604	632	36380	0	8530	384	27640	0	5300	0	968	0	2536	0	13648	590	17458	0	2070	0	1176	0	5218	6680	0	474	21024	134	0	0	0	0	0	250	90	0	456	0	538	0	0	0	8628	0	0	0	4888	0	0	0	0	0	0	0	0	0	0	0	0	0	0	0	0	0	0	0	0	256	0	0	0	0	0	
295720	Paracentral_Lobule_L	37400	4112	5634	672	0	0	1012	0	0	0	0	0	0	0	0	0	284	0	15722	17498	0	0	0	0	0	0	0	0	502	0	0	180	6654	6830	4628	666	2130	0	0	0	0	0	492	106	1446	170	0	0	240	106	2152	0	0	0	234	0	1928	212	1132	0	884	0	312	166	418	0	6068	474	0	7016	722	550	4440	0	2666	0	9100	1146	180	0	140	0	0	0	862	0	0	0	574	0	0	0	0	0	0	0	0	0	0	0	0	0	0	0	0	0	0	0	0	0	0	0	0	0	0	0	
314136	Paracentral_Lobule_R	6906	18770	0	0	0	0	0	0	0	0	0	0	0	0	0	0	0	134	146	25270	0	0	0	0	0	0	0	0	0	0	0	0	418	15072	442	4624	0	194	0	0	0	0	0	2384	0	8892	0	820	0	9064	0	2362	0	160	0	794	0	17700	0	4906	0	642	0	2414	0	1192	480	21024	7016	0	658	108	0	0	0	0	504	144	0	128	0	92	0	0	0	2024	0	0	0	1584	0	0	0	0	0	0	0	0	0	0	0	0	0	0	0	0	0	0	0	0	0	0	0	0	0	0	
270752	Caudate_L	3626	1108	3166	3316	2862	736	302	2198	490	0	3308	3114	0	2856	1978	168	2410	0	10302	3624	7538	7968	2240	1164	706	716	4850	3576	5192	2250	8256	6906	0	812	0	0	282	0	0	0	0	0	0	0	0	0	0	0	0	0	0	0	0	0	164	0	1978	160	0	0	0	0	0	0	0	0	0	134	722	658	0	10038	15926	860	992	0	4774	520	0	0	212	0	218	0	0	0	0	0	0	0	0	0	0	0	0	0	0	0	0	0	0	0	0	0	0	0	0	0	0	0	0	0	0	0	0	0	
318824	Caudate_R	2236	1474	1128	12954	908	2660	110	630	98	524	2316	938	0	908	580	1882	2316	326	9520	19970	2984	3918	198	5800	138	4902	1758	2200	3078	1554	3114	23732	0	1362	0	0	0	0	0	0	0	90	0	0	0	0	0	0	0	0	0	0	0	0	0	0	0	342	0	0	0	0	0	0	0	0	0	0	550	108	10038	0	2726	13262	264	1006	140	14294	0	0	252	0	124	0	0	0	0	0	0	0	0	0	0	0	0	0	0	0	0	0	0	0	0	0	0	0	0	0	0	0	0	0	0	0	0	0	
344548	Putamen_L	6604	376	18970	1520	3506	144	1206	1228	404	0	356	1154	318	1194	1428	0	470	0	23382	1208	2650	1766	7396	1388	1464	208	1118	442	25572	720	11816	3732	272	1114	420	494	7510	220	1288	0	316	0	0	0	0	0	0	0	0	0	0	0	0	0	2574	0	1752	0	0	0	480	0	178	0	0	0	0	0	4440	0	15926	2726	0	410	5002	0	3140	380	382	0	254	0	628	0	0	0	0	0	628	0	0	0	0	0	0	0	0	0	0	0	0	0	0	0	0	0	0	0	0	0	0	0	0	0	0	0	
310388	Putamen_R	370	8164	1076	16486	162	3772	352	6742	0	718	0	5716	0	1262	120	1026	210	2650	8270	14626	338	1136	128	3468	0	5854	224	1198	430	23348	1136	9268	0	640	0	0	0	9188	0	1764	0	892	0	0	0	0	0	0	0	0	0	0	0	0	0	2062	0	2606	0	0	0	0	0	0	0	0	0	0	0	0	860	13262	410	0	0	1736	0	2824	0	0	0	254	0	242	0	106	0	0	0	98	0	0	0	0	0	0	0	0	0	0	0	0	0	0	0	0	0	0	0	0	0	0	0	0	0	0	
49028	Pallidum_L	4994	0	1766	0	0	0	84	0	0	0	0	0	0	0	0	0	0	0	4966	112	0	0	0	0	0	0	0	0	100	0	0	202	0	0	0	0	1460	0	0	0	0	0	0	0	0	0	0	0	0	0	0	0	0	0	0	0	476	0	0	0	0	0	0	0	0	0	0	0	2666	0	992	264	5002	0	0	0	1322	108	0	0	0	0	0	0	0	0	0	0	0	0	0	0	0	0	0	0	0	0	0	0	0	0	0	0	0	0	0	0	0	0	0	0	0	0	0	0	
15836	Pallidum_R	0	542	0	886	0	0	0	754	0	0	0	0	0	0	0	0	0	242	448	2080	0	0	0	0	0	0	0	0	0	0	0	0	0	0	0	0	0	128	0	0	0	0	0	0	0	0	0	0	0	0	0	0	0	0	0	0	0	0	0	0	0	0	0	0	0	0	0	0	0	0	0	1006	0	1736	0	0	0	96	0	0	0	0	0	0	0	0	0	0	0	0	0	0	0	0	0	0	0	0	0	0	0	0	0	0	0	0	0	0	0	0	0	0	0	0	0	0	
190092	Thalamus_L	14726	1202	4186	394	0	0	3248	986	0	0	162	128	0	0	0	0	420	0	5656	2560	0	0	0	0	0	0	0	0	4254	162	0	0	0	130	3696	6106	4486	5834	452	874	206	0	0	0	0	0	274	254	0	0	0	0	0	0	140	260	3350	164	0	0	432	0	770	0	0	0	0	250	9100	504	4774	140	3140	0	1322	0	0	8118	1310	110	126	208	0	0	0	94	0	0	122	216	0	0	0	0	0	0	0	0	0	0	0	0	0	0	0	0	0	0	0	0	0	0	0	0	0	0	
155848	Thalamus_R	1946	5786	532	7760	0	0	516	5160	0	0	96	126	0	0	0	0	216	86	562	4084	0	0	0	0	0	0	0	0	768	750	132	2466	0	374	1252	3174	1190	6988	222	1870	0	0	0	0	0	0	162	294	0	0	0	0	0	0	0	1008	340	288	0	0	106	0	238	0	0	0	0	90	1146	144	520	14294	380	2824	108	96	8118	0	470	134	0	234	0	0	0	148	0	0	0	520	0	0	0	0	0	0	0	206	0	0	0	0	0	0	0	0	0	0	0	0	0	0	0	0	0	0	
84912	Heschl_L	1988	0	1332	0	0	0	1380	0	0	0	372	0	0	0	0	0	4300	0	1030	0	0	0	0	0	0	0	0	0	8260	0	0	0	0	0	1270	1260	1868	1024	0	0	0	0	116	0	0	0	0	0	0	0	494	0	0	0	132	0	2726	0	0	0	582	0	2932	0	0	0	184	0	180	0	0	0	382	0	0	0	1310	470	0	0	5776	0	0	0	2232	0	0	0	856	0	0	0	0	0	0	0	0	0	0	0	0	0	0	0	0	0	0	0	0	0	0	0	0	0	0	0	
61572	Heschl_R	0	1072	0	0	0	0	0	408	0	0	0	0	0	0	0	0	0	3678	0	0	0	0	0	0	0	0	0	0	0	3638	0	0	0	0	0	116	0	636	0	118	0	0	0	0	0	254	0	0	0	300	0	0	0	0	0	750	0	828	0	184	0	510	0	1082	0	554	0	456	0	128	0	0	0	0	0	0	110	134	0	0	0	10064	0	220	0	3054	0	0	0	2492	0	0	0	0	0	0	0	0	0	0	0	0	0	0	0	0	0	0	0	0	0	0	0	0	0	0	
242720	Temporal_Sup_L	3488	0	1578	112	0	0	280	0	0	0	1810	106	0	90	0	0	13024	0	1578	0	0	0	218	78	0	0	0	0	8154	112	160	216	0	0	100	108	1126	104	146	0	0	0	116	0	94	0	0	0	0	0	2216	0	0	0	1792	0	8912	0	1416	0	3836	0	8582	0	2986	0	342	0	140	0	212	252	254	0	0	0	126	0	5776	0	0	0	3392	0	30912	0	326	0	16962	0	0	0	0	0	0	0	0	0	128	0	0	0	0	0	0	0	0	0	0	0	0	0	0	0	0	0	
138208	Temporal_Sup_R	0	580	0	0	0	0	0	254	0	0	0	0	0	0	0	0	0	3820	0	84	0	0	0	0	0	0	0	0	0	5518	0	0	0	0	0	156	0	1768	0	134	0	0	0	0	0	372	0	0	0	376	0	654	0	0	0	3194	0	702	0	190	0	930	0	7160	0	3784	0	538	0	92	0	0	0	254	0	0	208	234	0	10064	0	0	0	2584	0	16590	0	100	0	8764	0	0	0	0	0	0	0	0	0	0	0	0	0	0	0	0	0	0	0	0	0	0	0	0	0	0	
103648	Temporal_Pole_Sup_L	814	0	712	82	976	0	560	0	1048	0	2456	154	200	144	3626	0	2818	0	374	0	778	0	562	0	216	0	0	0	5224	158	746	168	0	0	0	0	2002	0	764	0	730	0	0	0	0	0	0	0	0	0	0	0	0	0	4022	0	0	0	0	0	0	0	0	0	0	0	0	0	0	0	218	124	628	0	0	0	0	0	0	0	3392	0	0	0	5346	0	5222	0	7560	0	0	0	0	0	0	0	0	0	0	0	0	0	0	0	0	0	0	0	0	0	0	0	0	0	0	0	
41624	Temporal_Pole_Sup_R	0	0	0	288	0	0	0	0	0	0	0	236	0	0	0	114	0	474	326	404	0	82	0	0	0	0	0	0	0	2100	0	0	0	0	0	0	0	920	0	1406	0	1958	0	0	0	0	0	0	0	0	0	0	0	0	0	2466	0	0	0	0	0	0	0	0	0	0	0	0	0	0	0	0	0	242	0	0	0	0	0	220	0	2584	0	0	0	2202	0	2656	0	2134	0	0	0	0	0	0	0	0	0	0	0	0	0	0	0	0	0	0	0	0	0	0	0	0	0	0	
318592	Temporal_Mid_L	488	0	0	0	0	0	0	0	0	0	0	0	0	0	0	0	2242	0	0	0	0	0	0	0	0	0	0	0	2276	0	0	0	0	0	214	0	162	0	0	0	0	0	2854	0	2318	0	314	0	1856	0	25500	0	3014	0	2118	0	2512	0	2352	0	6704	0	7234	0	13304	0	3938	0	862	0	0	0	0	0	0	0	0	0	2232	0	30912	0	5346	0	0	0	4026	0	36440	0	78	0	0	0	0	0	0	0	0	0	0	0	0	0	0	0	0	0	0	0	0	0	0	0	0	0	
243836	Temporal_Mid_R	0	1510	0	0	0	0	0	298	0	0	0	0	0	0	0	0	0	358	0	1166	0	0	0	0	0	0	0	0	0	1278	0	0	0	772	0	112	0	1484	0	124	0	156	0	3406	0	7562	0	218	0	8822	0	10660	0	1192	0	3806	0	742	0	5406	0	1994	0	4706	0	8844	106	8628	0	2024	0	0	0	106	0	0	94	148	0	3054	0	16590	0	2202	0	0	0	2356	0	21994	0	0	0	0	0	0	0	0	0	0	0	0	0	0	0	0	0	0	0	0	0	0	0	0	0	0	
34092	Temporal_Pole_Mid_L	0	0	0	0	0	0	0	0	0	0	0	0	0	0	0	0	0	0	0	0	0	0	0	0	0	0	0	0	0	0	0	0	0	0	0	0	88	0	208	0	0	0	0	0	0	0	0	0	0	0	0	0	0	0	2092	0	0	0	0	0	0	0	0	0	0	0	0	0	0	0	0	0	0	0	0	0	0	0	0	0	326	0	5222	0	4026	0	0	0	5084	0	0	0	0	0	0	0	0	0	0	0	0	0	0	0	0	0	0	0	0	0	0	0	0	0	0	0	
27032	Temporal_Pole_Mid_R	0	0	0	0	0	0	0	0	0	0	0	0	0	0	0	0	0	0	0	0	0	0	0	0	0	0	0	0	0	0	0	0	0	0	0	0	0	644	0	1364	0	1554	0	0	0	0	0	0	0	0	0	0	0	0	0	2096	0	0	0	0	0	0	0	0	0	0	0	0	0	0	0	0	0	0	0	0	0	0	0	0	0	100	0	2656	0	2356	0	0	0	2746	0	0	0	0	0	0	0	0	0	0	0	0	0	0	0	0	0	0	0	0	0	0	0	0	0	0	
273116	Temporal_Inf_L	452	0	436	0	0	0	0	0	0	0	0	0	0	0	124	0	1310	0	436	0	152	0	0	0	0	0	0	0	8006	0	0	0	0	0	0	0	7668	0	1596	0	1192	0	538	0	234	0	406	0	168	0	7162	0	4000	0	21880	0	1128	0	1996	0	2010	0	476	0	3602	0	1144	0	574	0	0	0	628	0	0	0	122	0	856	0	16962	0	7560	0	36440	0	5084	0	0	0	1320	0	0	0	0	0	0	0	896	0	0	0	0	0	0	0	0	0	0	0	0	0	0	0	0	0	
221500	Temporal_Inf_R	102	1436	0	0	0	0	0	336	0	0	0	0	0	0	0	0	0	576	0	850	0	0	0	0	0	0	0	0	0	1388	0	0	0	408	0	186	0	4722	0	1116	0	2832	0	3974	0	3258	0	392	0	3492	0	1818	0	3824	0	13160	0	858	0	2882	0	2902	0	6708	0	3142	0	4888	0	1584	0	0	0	98	0	0	216	520	0	2492	0	8764	0	2134	0	21994	0	2746	0	0	0	2856	0	440	0	0	0	286	0	1212	0	0	0	158	0	0	0	0	0	0	0	0	0	0	0	0	
454148	Cerebelum_Crus1_L	0	0	0	0	0	0	0	0	0	0	0	0	0	0	0	0	0	0	0	0	0	0	0	0	0	0	0	0	0	0	0	0	0	0	0	0	0	0	106	0	0	0	128	0	0	0	11188	1306	0	0	1120	0	2578	0	27030	438	0	0	0	0	0	0	0	0	0	0	0	0	0	0	0	0	0	0	0	0	0	0	0	0	0	0	0	0	78	0	0	0	1320	0	0	4648	30718	952	658	332	17762	1394	55960	5590	12244	0	15688	1940	5058	1682	1062	0	0	276	4248	6048	9666	2706	2462	688	
377252	Cerebelum_Crus1_R	0	0	0	0	0	0	0	0	0	0	0	0	0	0	0	0	0	0	0	0	0	0	0	0	0	0	0	0	0	0	0	0	0	0	0	0	0	0	0	0	0	0	0	0	0	0	1298	5956	0	0	0	0	0	80	1030	14448	0	0	0	0	0	0	0	0	0	0	0	0	0	0	0	0	0	0	0	0	0	0	0	0	0	0	0	0	0	0	0	0	0	2856	4648	0	3384	32820	0	2476	330	15394	3764	47380	926	6574	688	13718	130	2580	0	0	226	1334	6082	8372	9700	1092	1020	320	
322692	Cerebelum_Crus2_L	0	0	0	0	0	0	0	0	0	0	0	0	0	0	0	0	0	0	0	0	0	0	0	0	0	0	0	0	0	0	0	0	0	0	0	0	0	0	0	0	0	0	0	0	0	0	1076	154	0	0	0	0	0	0	1464	0	0	0	0	0	0	0	0	0	0	0	0	0	0	0	0	0	0	0	0	0	0	0	0	0	0	0	0	0	0	0	0	0	0	0	30718	3384	0	8514	0	286	616	728	6384	2566	40210	3582	34450	4564	4070	1160	116	0	0	166	290	704	10646	3984	1334	180	
289748	Cerebelum_Crus2_R	0	0	0	0	0	0	0	0	0	0	0	0	0	0	0	0	0	0	0	0	0	0	0	0	0	0	0	0	0	0	0	0	0	0	0	0	0	0	0	0	0	0	0	0	0	0	278	184	0	0	0	0	0	0	260	324	0	0	0	0	0	0	0	0	0	0	0	0	0	0	0	0	0	0	0	0	0	0	0	0	0	0	0	0	0	0	0	0	0	440	952	32820	8514	0	0	740	0	2136	576	7278	6912	26462	3778	32488	0	6394	0	206	0	458	536	136	8368	3356	1072	206	
30148	Cerebelum_3_L	0	0	0	0	0	0	0	0	0	0	0	0	0	0	0	0	0	0	0	0	0	0	0	0	0	0	0	0	0	0	0	0	0	0	0	0	232	0	490	0	0	0	0	0	0	0	360	122	0	0	0	0	0	0	134	0	0	0	0	0	0	0	0	0	0	0	0	0	0	0	0	0	0	0	0	0	0	0	0	0	0	0	0	0	0	0	0	0	0	0	658	0	0	0	0	0	6976	0	1118	82	82	0	120	0	498	0	80	0	264	1858	1892	108	0	0	0	0	
75732	Cerebelum_3_R	0	0	0	0	0	0	0	0	0	0	0	0	0	0	0	0	0	0	0	0	0	0	0	0	0	0	0	0	0	0	0	0	0	0	0	0	0	0	0	110	0	0	0	0	0	0	106	2050	0	0	0	0	0	0	102	886	0	0	0	0	0	0	0	0	0	0	0	0	0	0	0	0	0	0	0	0	0	0	0	0	0	0	0	0	0	0	0	0	0	0	332	2476	286	740	0	0	0	6352	312	4860	180	0	266	2052	0	2062	0	0	126	4732	4148	900	1870	1246	1232	440	
232504	Cerebelum_4_5_L	0	0	0	0	0	0	0	0	0	0	0	0	0	0	0	0	0	0	0	0	0	0	0	0	0	0	0	0	0	0	0	0	0	0	0	0	220	0	456	0	0	0	1066	0	0	0	13168	1144	0	0	186	0	996	0	14710	112	0	0	0	0	0	0	0	0	0	0	0	0	0	0	0	0	0	0	0	0	0	0	0	0	0	0	0	0	0	0	0	0	0	0	17762	330	616	0	6976	0	0	1676	30366	1528	670	0	854	0	3390	476	160	0	108	1216	13846	2818	0	0	364	1038	
206564	Cerebelum_4_5_R	0	0	0	0	0	0	0	0	0	0	0	0	0	0	0	0	0	0	0	0	0	0	0	0	0	0	0	0	0	0	0	0	0	0	0	0	0	624	0	972	0	0	198	0	0	0	890	7172	0	0	0	0	0	0	228	6500	0	0	0	0	0	0	0	0	0	0	0	0	0	0	0	0	0	0	0	0	0	206	0	0	0	0	0	0	0	0	0	0	0	286	1394	15394	728	2136	0	6352	1676	0	1516	25118	354	0	400	3326	282	2080	0	0	306	3416	13402	2032	3224	1378	1212	480	
407036	Cerebelum_6_L	0	0	0	0	0	0	0	0	0	0	0	0	0	0	0	0	0	0	0	0	0	0	0	0	0	0	0	0	144	0	0	0	0	0	0	0	368	0	228	0	0	0	204	0	0	0	14964	1588	0	0	418	0	1710	0	32548	278	0	0	0	0	0	0	0	0	0	0	0	0	0	0	0	0	0	0	0	0	0	0	0	0	128	0	0	0	0	0	0	0	896	0	55960	3764	6384	576	1118	312	30366	1516	0	5356	4244	0	5032	1234	4658	1764	1042	0	92	354	7922	7444	6666	1594	1766	880	
356324	Cerebelum_6_R	0	0	0	0	0	0	0	0	0	0	0	0	0	0	0	0	0	0	0	0	0	0	0	0	0	0	0	0	0	0	0	0	0	0	0	0	0	0	0	126	0	0	138	120	0	0	1658	9066	0	0	0	0	0	384	1198	16658	0	0	0	0	0	0	0	0	0	0	0	0	0	0	0	0	0	0	0	0	0	0	0	0	0	0	0	0	0	0	0	0	0	1212	5590	47380	2566	7278	82	4860	1528	25118	5356	0	482	276	308	5632	638	2502	0	0	308	1992	10356	10900	10128	2082	1768	472	
274480	Cerebelum_7b_L	0	0	0	0	0	0	0	0	0	0	0	0	0	0	0	0	0	0	0	0	0	0	0	0	0	0	0	0	0	0	0	0	0	0	0	0	0	0	0	0	0	0	0	0	0	0	122	0	0	0	0	0	0	0	956	0	0	0	0	0	0	0	0	0	0	0	0	0	0	0	0	0	0	0	0	0	0	0	0	0	0	0	0	0	0	0	0	0	0	0	12244	926	40210	6912	82	180	670	354	4244	482	0	4038	39422	4828	5576	1310	864	0	0	114	188	152	6890	5554	796	126	
143308	Cerebelum_7b_R	0	0	0	0	0	0	0	0	0	0	0	0	0	0	0	0	0	0	0	0	0	0	0	0	0	0	0	0	0	0	0	0	0	0	0	0	0	0	0	0	0	0	0	0	0	0	0	0	0	0	0	0	0	0	0	0	0	0	0	0	0	0	0	0	0	0	0	0	0	0	0	0	0	0	0	0	0	0	0	0	0	0	0	0	0	0	0	0	0	0	0	6574	3582	26462	0	0	0	0	0	276	4038	0	1874	21348	0	3434	0	0	0	0	0	0	2032	2034	0	0	
304356	Cerebelum_8_L	0	0	0	0	0	0	0	0	0	0	0	0	0	0	0	0	0	0	0	0	0	0	0	0	0	0	0	0	0	0	0	0	0	0	0	0	0	0	0	0	0	0	0	0	0	0	200	0	0	0	0	0	0	0	1292	0	0	0	0	0	0	0	0	0	0	0	0	0	0	0	0	0	0	0	0	0	0	0	0	0	0	0	0	0	0	0	0	0	0	0	15688	688	34450	3778	120	266	854	400	5032	308	39422	1874	0	5896	16726	3400	1764	0	0	206	278	168	6912	9230	2998	228	
304064	Cerebelum_8_R	0	0	0	0	0	0	0	0	0	0	0	0	0	0	0	0	0	0	0	0	0	0	0	0	0	0	0	0	0	0	0	0	0	0	0	0	0	0	0	0	0	0	0	0	0	0	426	1002	0	0	0	0	0	0	436	344	0	0	0	0	0	0	0	0	0	0	0	0	0	0	0	0	0	0	0	0	0	0	0	0	0	0	0	0	0	0	0	0	0	158	1940	13718	4564	32488	0	2052	0	3326	1234	5632	4828	21348	5896	0	1134	23864	0	434	0	1126	1272	1810	9756	9172	3452	620	
121312	Cerebelum_9_L	0	0	0	0	0	0	0	0	0	0	0	0	0	0	0	0	0	0	0	0	0	0	0	0	0	0	0	0	0	0	0	0	0	0	0	0	0	0	0	0	0	0	484	0	0	0	456	92	0	0	0	0	0	0	422	0	0	0	0	0	0	0	0	0	0	0	0	0	0	0	0	0	0	0	0	0	0	0	0	0	0	0	0	0	0	0	0	0	0	0	5058	130	4070	0	498	0	3390	282	4658	638	5576	0	16726	1134	0	2484	3430	0	0	0	2450	2028	1116	1898	2584	1052	
168296	Cerebelum_9_R	0	0	0	0	0	0	0	0	0	0	0	0	0	0	0	0	0	0	0	0	0	0	0	0	0	0	0	0	0	0	0	0	0	0	0	0	0	0	0	0	0	0	98	0	0	0	680	498	0	0	0	0	0	0	624	78	0	0	0	0	0	0	0	0	0	0	0	0	0	0	0	0	0	0	0	0	0	0	0	0	0	0	0	0	0	0	0	0	0	0	1682	2580	1160	6394	0	2062	476	2080	1764	2502	1310	3434	3400	23864	2484	0	0	782	140	1380	2196	2156	3968	6974	6874	2508	
17320	Cerebelum_10_L	0	0	0	0	0	0	0	0	0	0	0	0	0	0	0	0	0	0	0	0	0	0	0	0	0	0	0	0	0	0	0	0	0	0	0	0	0	0	0	0	0	0	0	0	0	0	0	0	0	0	0	0	0	0	0	0	0	0	0	0	0	0	0	0	0	0	0	0	0	0	0	0	0	0	0	0	0	0	0	0	0	0	0	0	0	0	0	0	0	0	1062	0	116	0	80	0	160	0	1042	0	864	0	1764	0	3430	0	0	0	0	0	0	142	0	0	0	0	
3660	Cerebelum_10_R	0	0	0	0	0	0	0	0	0	0	0	0	0	0	0	0	0	0	0	0	0	0	0	0	0	0	0	0	0	0	0	0	0	0	0	0	0	0	0	0	0	0	0	0	0	0	0	0	0	0	0	0	0	0	0	0	0	0	0	0	0	0	0	0	0	0	0	0	0	0	0	0	0	0	0	0	0	0	0	0	0	0	0	0	0	0	0	0	0	0	0	0	0	206	0	0	0	0	0	0	0	0	0	434	0	782	0	0	0	0	0	0	154	136	118	0	
9260	Vermis_1_2	0	0	0	0	0	0	0	0	0	0	0	0	0	0	0	0	0	0	0	0	0	0	0	0	0	0	0	0	0	0	0	0	0	0	0	0	0	0	0	0	0	0	0	0	0	0	0	208	0	0	0	0	0	0	0	128	0	0	0	0	0	0	0	0	0	0	0	0	0	0	0	0	0	0	0	0	0	0	0	0	0	0	0	0	0	0	0	0	0	0	0	226	0	0	264	126	108	306	92	308	0	0	0	0	0	140	0	0	0	1960	628	136	0	0	0	0	
60624	Vermis_3	0	0	0	0	0	0	0	0	0	0	0	0	0	0	0	0	0	0	0	0	0	0	0	0	0	0	0	0	0	0	0	0	0	0	0	0	0	0	320	0	0	0	0	0	0	0	276	1336	0	0	0	0	0	0	0	406	0	0	0	0	0	0	0	0	0	0	0	0	0	0	0	0	0	0	0	0	0	0	0	0	0	0	0	0	0	0	0	0	0	0	276	1334	166	458	1858	4732	1216	3416	354	1992	114	0	206	1126	0	1380	0	0	1960	0	4134	412	1000	780	760	300	
202568	Vermis_4_5	0	0	0	0	0	0	0	0	0	0	0	0	0	0	0	0	0	0	0	0	0	0	0	0	0	0	0	0	0	0	0	0	0	0	0	206	0	202	0	0	0	0	1534	0	0	0	4006	7568	0	0	0	0	180	0	964	2536	0	0	0	0	0	0	0	0	0	0	0	256	0	0	0	0	0	0	0	0	0	0	0	0	0	0	0	0	0	0	0	0	0	0	4248	6082	290	536	1892	4148	13846	13402	7922	10356	188	0	278	1272	2450	2196	0	0	628	4134	0	4724	1114	726	1296	2104	
152236	Vermis_6	0	0	0	0	0	0	0	0	0	0	0	0	0	0	0	0	0	0	0	0	0	0	0	0	0	0	0	0	0	0	0	0	0	0	0	0	0	0	0	0	0	0	646	0	0	0	2908	4440	0	0	90	0	176	284	1334	2680	0	0	0	0	0	0	0	0	0	0	0	0	0	0	0	0	0	0	0	0	0	0	0	0	0	0	0	0	0	0	0	0	0	0	6048	8372	704	136	108	900	2818	2032	7444	10900	152	0	168	1810	2028	2156	142	0	136	412	4724	0	6944	580	1862	2984	
