data	data	422228	276668	891036	759940	168416	95300	409968	231956	109240	28060	238520	168580	277512	170596	268848	117652	193828	186212	660748	813384	69484	63044	309392	288556	55348	101236	84520	59396	511424	315084	261840	436492	188068	407768	214572	273988	361580	367464	177668	201904	40184	67480	203880	235028	133364	287148	225956	251424	133816	198516	384440	149288	203068	116260	398128	370336	275456	248508	76820	65148	205728	42332	146764	100844	137880	38388	239328	432464	143404	185896	276076	310972	302124	257360	58992	36432	237496	299608	62396	38136	171256	154300	59400	65160	301028	199140	11056	18100	309196	214556	416740	403228	273764	243512	23956	49388	205012	183004	385716	377780	151920	107456	232008	220776	91264	133940	18312	31496	24312	71724	186732	199132	234192	172176	118192	38704	
data	data	Precentral_L	Precentral_R	Frontal_Sup_L	Frontal_Sup_R	Frontal_Sup_Orb_L	Frontal_Sup_Orb_R	Frontal_Mid_L	Frontal_Mid_R	Frontal_Mid_Orb_L	Frontal_Mid_Orb_R	Frontal_Inf_Oper_L	Frontal_Inf_Oper_R	Frontal_Inf_Tri_L	Frontal_Inf_Tri_R	Frontal_Inf_Orb_L	Frontal_Inf_Orb_R	Rolandic_Oper_L	Rolandic_Oper_R	Supp_Motor_Area_L	Supp_Motor_Area_R	Olfactory_L	Olfactory_R	Frontal_Sup_Medial_L	Frontal_Sup_Medial_R	Frontal_Med_Orb_L	Frontal_Med_Orb_R	Rectus_L	Rectus_R	Insula_L	Insula_R	Cingulum_Ant_L	Cingulum_Ant_R	Cingulum_Mid_L	Cingulum_Mid_R	Cingulum_Post_L	Cingulum_Post_R	Hippocampus_L	Hippocampus_R	ParaHippocampal_L	ParaHippocampal_R	Amygdala_L	Amygdala_R	Calcarine_L	Calcarine_R	Cuneus_L	Cuneus_R	Lingual_L	Lingual_R	Occipital_Sup_L	Occipital_Sup_R	Occipital_Mid_L	Occipital_Mid_R	Occipital_Inf_L	Occipital_Inf_R	Fusiform_L	Fusiform_R	Postcentral_L	Postcentral_R	Parietal_Sup_L	Parietal_Sup_R	Parietal_Inf_L	Parietal_Inf_R	SupraMarginal_L	SupraMarginal_R	Angular_L	Angular_R	Precuneus_L	Precuneus_R	Paracentral_Lobule_L	Paracentral_Lobule_R	Caudate_L	Caudate_R	Putamen_L	Putamen_R	Pallidum_L	Pallidum_R	Thalamus_L	Thalamus_R	Heschl_L	Heschl_R	Temporal_Sup_L	Temporal_Sup_R	Temporal_Pole_Sup_L	Temporal_Pole_Sup_R	Temporal_Mid_L	Temporal_Mid_R	Temporal_Pole_Mid_L	Temporal_Pole_Mid_R	Temporal_Inf_L	Temporal_Inf_R	Cerebelum_Crus1_L	Cerebelum_Crus1_R	Cerebelum_Crus2_L	Cerebelum_Crus2_R	Cerebelum_3_L	Cerebelum_3_R	Cerebelum_4_5_L	Cerebelum_4_5_R	Cerebelum_6_L	Cerebelum_6_R	Cerebelum_7b_L	Cerebelum_7b_R	Cerebelum_8_L	Cerebelum_8_R	Cerebelum_9_L	Cerebelum_9_R	Cerebelum_10_L	Cerebelum_10_R	Vermis_1_2	Vermis_3	Vermis_4_5	Vermis_6	Vermis_7	Vermis_8	Vermis_9	Vermis_10	
422228	Precentral_L	0	288	15624	4326	0	0	24232	0	0	0	15852	0	996	0	140	0	11280	0	11702	7362	0	0	296	0	0	0	0	0	10256	92	754	1856	1194	790	4648	3964	5590	652	1034	0	0	0	864	0	92	0	106	0	0	0	2842	0	4550	0	2594	0	25292	0	0	0	1864	0	1010	0	106	0	926	0	12266	294	7752	2594	1726	106	518	0	8242	4122	2216	0	2408	0	0	0	2256	0	0	0	3440	0	0	0	0	0	0	0	0	0	0	0	0	0	0	0	0	0	0	0	0	0	0	0	0	0	0	0	
276668	Precentral_R	288	0	612	12888	0	0	0	6548	0	0	0	5944	0	1328	0	0	0	3290	530	6402	0	0	0	0	0	0	0	0	106	3016	0	0	88	458	722	3036	260	10530	170	3462	0	0	0	1074	0	882	0	910	0	166	0	298	0	1094	0	6540	164	23130	0	0	0	1270	0	3126	0	0	0	4378	0	8598	306	5118	92	5162	120	846	418	4670	0	786	0	1478	0	0	0	2478	0	0	0	5280	0	90	0	0	0	0	0	182	0	0	0	0	0	0	0	0	0	0	0	0	0	0	0	0	0	0	
891036	Frontal_Sup_L	15624	612	0	13050	10472	0	59008	228	4370	0	15918	0	21290	104	12242	98	10236	0	87286	24480	156	0	39940	966	472	0	192	0	31920	0	12702	3838	4436	4688	570	206	2656	0	188	0	0	0	0	0	0	0	0	0	0	0	0	0	0	0	116	0	3518	0	0	0	166	0	262	0	0	0	0	0	3812	314	11954	1876	28166	242	6682	88	6322	634	1104	0	1894	0	128	0	110	0	0	0	182	0	0	0	0	0	0	0	0	0	0	0	0	0	0	0	0	0	0	0	0	0	0	0	0	0	0	0	
759940	Frontal_Sup_R	4326	12888	13050	0	0	2096	3036	26542	0	0	96	12970	0	8100	0	3502	132	11656	16206	79782	0	0	3966	28554	256	2838	174	686	0	15932	3270	30278	1870	11812	2988	3180	1552	3566	628	1146	0	0	0	114	0	0	0	124	0	0	0	0	90	112	174	914	356	390	0	0	0	0	0	292	0	0	0	358	1372	274	3372	20766	208	9222	356	2450	3794	20908	0	1124	0	3266	0	322	0	800	0	0	0	1734	0	0	0	0	0	0	0	0	0	0	0	0	0	0	0	0	0	0	0	0	0	0	0	0	0	0	
168416	Frontal_Sup_Orb_L	0	0	10472	0	0	0	2576	0	13238	0	140	0	782	0	12520	0	0	0	174	0	2310	0	5994	0	4424	118	9048	0	3748	0	4356	0	0	0	0	0	112	0	0	0	106	0	0	0	0	0	0	0	0	0	0	0	0	0	0	0	0	0	0	0	0	0	0	0	0	0	0	0	0	0	6432	0	6340	0	0	0	0	0	0	0	0	0	1318	0	0	0	0	0	0	0	0	0	0	0	0	0	0	0	0	0	0	0	0	0	0	0	0	0	0	0	0	0	0	0	0	0	
95300	Frontal_Sup_Orb_R	0	0	0	2096	0	0	0	1832	0	5752	0	0	0	0	0	5090	0	0	0	0	0	3592	698	2526	168	7042	94	7418	0	1194	644	2814	0	0	0	0	0	104	0	166	0	310	0	0	0	0	0	0	0	0	0	0	0	0	0	0	0	0	0	0	0	0	0	0	0	0	0	0	0	0	0	3142	0	2968	0	0	0	0	0	0	0	0	0	0	0	0	0	0	0	0	0	0	0	0	0	0	0	0	0	0	0	0	0	0	0	0	0	0	0	0	0	0	0	0	0	0	
409968	Frontal_Mid_L	24232	0	59008	3036	2576	0	0	0	3320	0	12082	0	25854	0	9550	0	5168	0	7704	3012	104	0	15506	276	0	0	0	0	10966	0	3830	2482	636	300	106	0	190	0	0	0	0	0	0	0	0	0	0	0	0	0	0	0	0	0	0	0	4320	0	0	0	126	0	120	0	0	0	0	0	0	0	5526	1516	2284	0	0	0	180	0	294	0	680	0	0	0	0	0	0	0	0	0	0	0	0	0	0	0	0	0	0	0	0	0	0	0	0	0	0	0	0	0	0	0	0	0	0	0	
231956	Frontal_Mid_R	0	6548	228	26542	0	1832	0	0	0	2184	0	12216	0	17542	0	4676	0	8058	356	2440	0	0	0	2592	0	0	0	0	0	11882	0	1812	0	490	0	260	0	520	0	104	0	0	0	0	0	0	0	0	0	0	0	0	0	0	0	0	0	116	0	0	0	0	0	0	0	0	0	104	0	0	0	1560	0	8528	0	1346	0	700	0	1064	0	2278	0	0	0	0	0	0	0	0	0	0	0	0	0	0	0	0	0	0	0	0	0	0	0	0	0	0	0	0	0	0	0	0	0	0	
109240	Frontal_Mid_Orb_L	0	0	4370	0	13238	0	3320	0	0	0	366	0	2080	0	14562	0	0	0	384	0	278	0	486	0	1800	0	3608	0	3748	0	1262	0	0	0	0	0	0	0	0	0	0	0	0	0	0	0	0	0	0	0	0	0	0	0	0	0	0	0	0	0	0	0	0	0	0	0	0	0	0	0	2058	0	3060	0	0	0	0	0	0	0	0	0	0	0	0	0	0	0	0	0	0	0	0	0	0	0	0	0	0	0	0	0	0	0	0	0	0	0	0	0	0	0	0	0	0	0	
28060	Frontal_Mid_Orb_R	0	0	0	0	0	5752	0	2184	0	0	0	0	0	0	0	4106	0	0	0	0	0	204	0	0	0	358	0	512	0	176	0	136	0	0	0	0	0	0	0	0	0	0	0	0	0	0	0	0	0	0	0	0	0	0	0	0	0	0	0	0	0	0	0	0	0	0	0	0	0	0	0	270	0	332	0	0	0	0	0	0	0	0	0	0	0	0	0	0	0	0	0	0	0	0	0	0	0	0	0	0	0	0	0	0	0	0	0	0	0	0	0	0	0	0	0	0	
238520	Frontal_Inf_Oper_L	15852	0	15918	96	140	0	12082	0	366	0	0	0	14202	0	2924	0	11736	0	9150	214	0	0	2462	0	0	0	0	0	20124	0	2914	158	96	0	0	0	658	0	100	0	0	0	0	0	0	0	0	0	0	0	0	0	0	0	148	0	5594	0	0	0	158	0	0	0	0	0	0	0	0	0	616	0	898	0	0	0	0	0	304	0	1740	0	498	0	0	0	0	0	112	0	0	0	0	0	0	0	0	0	0	0	0	0	0	0	0	0	0	0	0	0	0	0	0	0	0	0	
168580	Frontal_Inf_Oper_R	0	5944	0	12970	0	0	0	12216	0	0	0	0	0	13172	0	430	0	5220	320	6308	0	0	0	1358	0	0	0	0	0	16618	0	1980	0	360	0	152	0	354	0	100	0	0	0	0	0	0	0	0	0	0	0	0	0	0	0	150	0	540	0	0	0	0	0	0	0	0	0	0	0	0	92	1420	0	3138	0	160	0	418	0	158	0	376	0	336	0	0	0	0	0	0	0	0	0	0	0	0	0	0	0	0	0	0	0	0	0	0	0	0	0	0	0	0	0	0	0	0	
277512	Frontal_Inf_Tri_L	996	0	21290	0	782	0	25854	0	2080	0	14202	0	0	162	22866	184	536	0	4662	0	0	0	12552	174	0	0	0	0	23008	0	4742	572	1862	730	0	0	0	0	0	0	0	0	0	0	0	0	0	0	0	0	0	0	0	0	0	0	114	0	0	0	0	0	0	0	0	0	0	0	0	0	226	0	954	0	0	0	0	0	0	0	0	0	208	0	0	0	0	0	0	0	0	0	0	0	0	0	0	0	0	0	0	0	0	0	0	0	0	0	0	0	0	0	0	0	0	0	
170596	Frontal_Inf_Tri_R	0	1328	104	8100	0	0	0	17542	0	0	0	13172	162	0	158	11250	0	850	1116	3662	0	0	808	5202	0	0	0	0	0	11356	532	2540	326	3676	0	88	0	152	0	0	0	0	0	0	0	0	0	0	0	0	0	0	0	0	0	0	0	0	0	0	0	0	0	0	0	0	0	0	0	0	0	252	0	2468	0	148	0	140	0	0	0	166	0	0	0	0	0	0	0	0	0	0	0	0	0	0	0	0	0	0	0	0	0	0	0	0	0	0	0	0	0	0	0	0	0	0	
268848	Frontal_Inf_Orb_L	140	0	12242	0	12520	0	9550	0	14562	0	2924	0	22866	158	0	180	0	0	3020	0	2024	0	4698	0	972	120	5136	0	21628	0	4068	466	1534	600	0	0	230	0	0	0	108	0	0	0	0	0	0	0	0	0	0	0	0	0	0	0	0	0	0	0	0	0	0	0	0	0	0	0	0	0	5044	0	7728	0	0	0	0	0	0	0	0	0	1906	0	0	0	0	0	0	0	0	0	0	0	0	0	0	0	0	0	0	0	0	0	0	0	0	0	0	0	0	0	0	0	0	0	
117652	Frontal_Inf_Orb_R	0	0	98	3502	0	5090	0	4676	0	4106	0	430	184	11250	180	0	0	222	758	1598	0	1624	954	2780	0	340	0	1388	0	6318	570	1720	408	3456	0	0	0	98	0	94	0	268	0	0	0	0	0	0	0	0	0	0	0	0	0	100	0	0	0	0	0	0	0	0	0	0	0	0	0	0	0	1558	0	3768	0	0	0	0	0	0	0	182	0	1106	0	0	0	0	0	0	0	0	0	0	0	0	0	0	0	0	0	0	0	0	0	0	0	0	0	0	0	0	0	0	0	0	
193828	Rolandic_Oper_L	11280	0	10236	132	0	0	5168	0	0	0	11736	0	536	0	0	0	0	0	6180	202	0	0	0	0	0	0	0	0	15998	0	238	0	0	0	0	0	1068	0	116	0	0	0	0	0	0	0	0	0	0	0	760	0	172	0	282	0	11558	0	0	0	1556	0	2648	0	160	0	0	0	228	0	92	0	1728	0	0	0	104	0	3086	0	9240	0	896	0	708	0	0	0	806	0	0	0	0	0	0	0	0	0	0	0	0	0	0	0	0	0	0	0	0	0	0	0	0	0	0	0	
186212	Rolandic_Oper_R	0	3290	0	11656	0	0	0	8058	0	0	0	5220	0	850	0	222	0	0	152	3314	0	0	0	198	0	0	0	0	0	17984	0	390	0	0	0	0	0	2806	0	986	0	160	0	0	0	0	0	0	0	0	0	0	0	0	0	1630	0	4346	0	0	0	114	0	3736	0	92	0	0	0	0	0	1040	0	8442	0	590	0	162	0	4422	0	10956	0	628	0	1042	0	0	0	620	0	0	0	0	0	0	0	0	0	0	0	0	0	0	0	0	0	0	0	0	0	0	0	0	0	0	
660748	Supp_Motor_Area_L	11702	530	87286	16206	174	0	7704	356	384	0	9150	320	4662	1116	3020	758	6180	152	0	46774	98	0	4642	4306	0	0	0	0	17290	380	6418	8092	14912	19460	702	486	2550	0	0	0	0	0	0	0	0	0	0	0	0	0	0	0	0	0	100	0	3284	0	0	0	130	0	180	0	0	0	126	0	6962	732	9918	1574	15514	754	5144	112	7216	578	920	0	938	0	92	0	118	0	0	0	172	0	0	0	0	0	0	0	0	0	0	0	0	0	0	0	0	0	0	0	0	0	0	0	0	0	0	0	
813384	Supp_Motor_Area_R	7362	6402	24480	79782	0	0	3012	2440	0	0	214	6308	0	3662	0	1598	202	3314	46774	0	0	0	644	10978	0	102	0	102	114	8284	3134	23230	8620	45778	2714	8370	1514	1546	580	362	0	0	0	1100	0	1390	0	1242	0	236	0	406	0	824	146	434	544	2144	0	0	0	0	0	88	0	0	164	10096	5298	21596	3696	21412	718	4662	1002	1966	3670	17854	0	182	0	916	0	210	0	1440	0	0	0	1634	0	0	0	0	0	0	0	0	0	0	0	0	0	0	0	0	0	0	0	0	0	0	0	0	0	0	
69484	Olfactory_L	0	0	156	0	2310	0	104	0	278	0	0	0	0	0	2024	0	0	0	98	0	0	1302	0	0	1382	802	3334	192	4804	0	2422	500	0	0	0	0	1150	0	492	0	1730	0	0	0	0	0	0	0	0	0	0	0	0	0	736	0	0	0	0	0	0	0	0	0	0	0	0	0	0	0	5964	820	2346	0	0	0	0	0	0	0	0	0	1394	0	0	0	0	0	402	0	0	0	0	0	0	0	0	0	0	0	0	0	0	0	0	0	0	0	0	0	0	0	0	0	0	0	
63044	Olfactory_R	0	0	0	0	0	3592	0	0	0	204	0	0	0	0	0	1624	0	0	0	0	1302	0	0	0	306	2504	306	3884	0	2656	1120	2298	0	0	0	0	0	382	0	444	0	1350	0	0	0	0	0	0	0	0	0	0	0	0	0	156	0	0	0	0	0	0	0	0	0	0	0	0	0	0	2440	4340	258	1718	148	180	0	0	0	0	0	0	0	310	0	0	0	0	0	0	0	0	0	0	0	0	0	0	0	0	0	0	0	0	0	0	0	0	0	0	0	0	0	0	0	0	
309392	Frontal_Sup_Medial_L	296	0	39940	3966	5994	698	15506	0	486	0	2462	0	12552	808	4698	954	0	0	4642	644	0	0	0	13722	1928	2426	378	294	4426	0	13008	11888	4412	7272	0	0	0	0	0	0	0	0	0	0	0	0	0	0	0	0	0	0	0	0	0	0	0	0	0	0	0	0	0	0	0	0	0	0	0	0	792	0	504	0	0	0	0	0	0	0	0	0	0	0	0	0	0	0	0	0	0	0	0	0	0	0	0	0	0	0	0	0	0	0	0	0	0	0	0	0	0	0	0	0	0	0	
288556	Frontal_Sup_Medial_R	0	0	966	28554	0	2526	276	2592	0	0	0	1358	174	5202	0	2780	0	198	4306	10978	0	0	13722	0	880	7242	352	1024	88	3322	4240	30340	652	16180	0	0	0	92	0	0	0	0	0	0	0	0	0	0	0	0	0	0	0	0	0	0	0	0	0	0	0	0	0	0	0	0	0	0	0	0	0	2994	0	3240	0	0	0	0	0	0	0	0	0	0	0	0	0	0	0	0	0	0	0	0	0	0	0	0	0	0	0	0	0	0	0	0	0	0	0	0	0	0	0	0	0	0	
55348	Frontal_Med_Orb_L	0	0	472	256	4424	168	0	0	1800	0	0	0	0	0	972	0	0	0	0	0	1382	306	1928	880	0	3044	3926	0	106	0	3966	1326	0	0	0	0	0	0	0	0	0	0	0	0	0	0	0	0	0	0	0	0	0	0	0	0	0	0	0	0	0	0	0	0	0	0	0	0	0	0	1696	132	890	0	0	0	0	0	0	0	0	0	0	0	0	0	0	0	0	0	0	0	0	0	0	0	0	0	0	0	0	0	0	0	0	0	0	0	0	0	0	0	0	0	0	0	
101236	Frontal_Med_Orb_R	0	0	0	2838	118	7042	0	0	0	358	0	0	0	0	120	340	0	0	0	102	802	2504	2426	7242	3044	0	1036	6904	0	0	4110	7734	0	0	0	0	0	0	0	0	0	0	0	0	0	0	0	0	0	0	0	0	0	0	0	0	0	0	0	0	0	0	0	0	0	0	0	0	0	0	558	2452	186	702	0	0	0	0	0	0	0	0	0	0	0	0	0	0	0	0	0	0	0	0	0	0	0	0	0	0	0	0	0	0	0	0	0	0	0	0	0	0	0	0	0	0	
84520	Rectus_L	0	0	192	174	9048	94	0	0	3608	0	0	0	0	0	5136	0	0	0	0	0	3334	306	378	352	3926	1036	0	850	2028	0	2142	410	0	0	0	0	226	0	0	0	310	0	0	0	0	0	0	0	0	0	0	0	0	0	0	0	0	0	0	0	0	0	0	0	0	0	0	0	0	0	5282	94	2752	0	0	0	0	0	0	0	0	0	582	0	0	0	0	0	0	0	0	0	0	0	0	0	0	0	0	0	0	0	0	0	0	0	0	0	0	0	0	0	0	0	0	0	
59396	Rectus_R	0	0	0	686	0	7418	0	0	0	512	0	0	0	0	0	1388	0	0	0	102	192	3884	294	1024	0	6904	850	0	0	1018	178	1760	0	0	0	0	0	0	0	0	0	222	0	0	0	0	0	0	0	0	0	0	0	0	0	0	0	0	0	0	0	0	0	0	0	0	0	0	0	0	134	1824	0	1308	0	0	0	0	0	0	0	0	0	0	0	0	0	0	0	0	0	0	0	0	0	0	0	0	0	0	0	0	0	0	0	0	0	0	0	0	0	0	0	0	0	0	
511424	Insula_L	10256	106	31920	0	3748	0	10966	0	3748	0	20124	0	23008	0	21628	0	15998	0	17290	114	4804	0	4426	88	106	0	2028	0	0	0	2970	140	170	0	218	0	9982	0	2932	0	2480	0	400	0	0	0	0	0	0	0	888	0	830	0	4762	0	5454	0	0	0	1718	0	1358	0	602	0	412	0	228	0	2124	0	21850	0	322	0	396	0	5450	0	7196	0	4300	0	2670	0	0	0	5502	0	0	0	0	0	0	0	0	0	0	0	0	0	0	0	0	0	0	0	0	0	0	0	0	0	0	0	
315084	Insula_R	92	3016	0	15932	0	1194	0	11882	0	176	0	16618	0	11356	0	6318	0	17984	380	8284	0	2656	0	3322	0	0	0	1018	0	0	0	3964	0	478	154	780	0	4250	0	1752	0	1624	0	0	0	0	0	0	0	0	0	0	0	0	0	3316	0	1382	0	0	0	0	0	0	0	0	0	398	0	0	122	3628	0	21462	0	624	0	856	0	2162	0	6532	0	1258	0	1052	0	0	0	1520	0	0	0	0	0	0	0	0	0	0	0	0	0	0	0	0	0	0	0	0	0	0	0	0	0	0	
261840	Cingulum_Ant_L	754	0	12702	3270	4356	644	3830	0	1262	0	2914	0	4742	532	4068	570	238	0	6418	3134	2422	1120	13008	4240	3966	4110	2142	178	2970	0	0	13380	9492	5824	108	0	0	0	0	0	0	0	0	0	0	0	0	0	0	0	0	0	0	0	0	0	0	0	0	0	0	0	0	0	0	0	0	0	0	0	11802	1340	4700	162	426	96	0	0	0	0	0	0	0	0	0	0	0	0	0	0	0	0	0	0	0	0	0	0	0	0	0	0	0	0	0	0	0	0	0	0	0	0	0	0	0	0	
436492	Cingulum_Ant_R	1856	0	3838	30278	0	2814	2482	1812	0	136	158	1980	572	2540	466	1720	0	390	8092	23230	500	2298	11888	30340	1326	7734	410	1760	140	3964	13380	0	6668	27600	0	0	0	0	0	0	0	0	0	0	0	0	0	0	0	0	0	0	0	0	0	0	0	0	0	0	0	0	0	0	0	0	0	0	0	0	4498	17690	486	4382	184	224	0	410	0	0	0	0	0	0	0	0	0	0	0	0	0	0	0	0	0	0	0	0	0	0	0	0	0	0	0	0	0	0	0	0	0	0	0	0	0	0	
188068	Cingulum_Mid_L	1194	88	4436	1870	0	0	636	0	0	0	96	0	1862	326	1534	408	0	0	14912	8620	0	0	4412	652	0	0	0	0	170	0	9492	6668	0	16742	2578	1176	0	0	0	0	0	0	214	0	1018	106	0	0	684	0	550	0	0	0	0	0	176	0	314	0	0	0	0	0	0	0	3030	964	6646	2344	0	0	0	0	0	0	116	0	0	0	0	0	0	0	0	0	0	0	0	0	0	0	0	0	0	0	0	0	0	0	0	0	0	0	0	0	0	0	0	0	0	0	0	0	0	0	
407768	Cingulum_Mid_R	790	458	4688	11812	0	0	300	490	0	0	0	360	730	3676	600	3456	0	0	19460	45778	0	0	7272	16180	0	0	0	0	0	478	5824	27600	16742	0	748	4294	0	0	0	0	0	0	0	356	0	1686	0	408	0	102	0	104	0	434	0	0	0	1260	0	0	0	0	0	0	0	0	512	10358	1190	13936	0	338	0	166	0	0	0	0	0	0	0	0	0	0	0	768	0	0	0	530	0	0	0	0	0	0	0	0	0	0	0	0	0	0	0	0	0	0	0	0	0	0	0	0	0	0	
214572	Cingulum_Post_L	4648	722	570	2988	0	0	106	0	0	0	0	0	0	0	0	0	0	0	702	2714	0	0	0	0	0	0	0	0	218	154	108	0	2578	748	0	15052	11510	5252	6792	754	0	0	3520	0	1570	0	924	420	280	0	134	0	1384	0	2596	100	336	0	0	0	0	0	0	0	0	0	8512	2082	1242	256	676	1960	0	152	0	0	12308	12304	332	0	154	0	0	0	0	0	0	0	428	0	0	0	0	0	0	0	0	0	0	0	0	0	0	0	0	0	0	0	0	0	0	0	0	0	0	0	
273988	Cingulum_Post_R	3964	3036	206	3180	0	0	0	260	0	0	0	152	0	88	0	0	0	0	486	8370	0	0	0	0	0	0	0	0	0	780	0	0	1176	4294	15052	0	7750	11672	4406	2526	0	0	0	1870	0	600	202	5008	0	0	0	0	790	102	1270	2006	324	994	0	0	0	0	0	0	0	0	1816	15204	446	5110	574	2412	0	682	0	0	12442	15490	0	168	0	252	0	0	0	214	0	0	0	752	0	0	0	0	0	0	0	366	0	0	0	0	0	0	0	0	0	0	0	0	502	0	0	0	0	0	
361580	Hippocampus_L	5590	260	2656	1552	112	0	190	0	0	0	658	0	0	0	230	0	1068	0	2550	1514	1150	0	0	0	0	0	226	0	9982	0	0	0	0	0	11510	7750	0	4414	22046	494	4852	0	2472	0	0	0	3952	0	656	0	2232	0	2136	0	14040	0	1148	0	0	0	1244	0	2466	0	2512	0	6732	880	366	0	754	832	9446	0	742	0	10528	7642	2612	0	3072	0	882	0	7766	0	0	0	16874	0	0	0	0	0	0	0	0	0	0	0	0	0	0	0	0	0	0	0	0	0	0	0	0	0	0	0	
367464	Hippocampus_R	652	10530	0	3566	0	104	0	520	0	0	0	354	0	152	0	98	0	2806	0	1546	0	382	0	92	0	0	0	0	0	4250	0	0	0	0	5252	11672	4414	0	3346	26500	0	9764	0	2608	0	0	248	6402	0	0	0	0	700	0	1026	34212	0	3474	0	0	0	0	0	0	0	0	1420	9108	0	1486	0	916	0	8682	0	622	3810	8528	0	640	0	1900	0	2098	0	770	0	0	0	5208	0	546	0	0	0	108	0	1818	0	752	0	0	0	0	0	0	0	0	0	0	650	0	0	0	0	0	
177668	ParaHippocampal_L	1034	170	188	628	0	0	0	0	0	0	100	0	0	0	0	0	116	0	0	580	492	0	0	0	0	0	0	0	2932	0	0	0	0	0	6792	4406	22046	3346	0	434	3082	0	1924	0	0	0	4112	0	0	0	410	0	2608	0	11664	0	186	0	0	0	0	0	0	0	0	0	4866	518	0	0	416	122	1800	0	96	0	4844	4364	178	0	0	0	1002	0	142	0	626	0	2504	0	0	0	0	0	0	0	106	0	0	0	0	0	0	0	0	0	0	0	0	0	0	0	0	0	0	0	
201904	ParaHippocampal_R	0	3462	0	1146	0	166	0	104	0	0	0	100	0	0	0	94	0	986	0	362	0	444	0	0	0	0	0	0	0	1752	0	0	0	0	754	2526	494	26500	434	0	0	7930	0	1666	0	0	0	5972	0	0	0	0	94	190	130	22992	0	1314	0	0	0	0	0	0	0	0	182	3894	0	414	0	282	0	2386	0	174	338	1164	0	178	0	454	0	4736	0	0	0	1410	0	844	0	1018	0	0	0	126	0	2592	0	1148	0	0	0	0	0	0	0	0	0	0	0	0	0	0	0	0	
40184	Amygdala_L	0	0	0	0	106	0	0	0	0	0	0	0	0	0	108	0	0	0	0	0	1730	0	0	0	0	0	310	0	2480	0	0	0	0	0	0	0	4852	0	3082	0	0	0	0	0	0	0	0	0	0	0	0	0	0	0	3484	0	0	0	0	0	0	0	0	0	0	0	0	0	0	0	180	0	906	0	0	0	94	0	0	0	0	0	882	0	0	0	190	0	1688	0	0	0	0	0	0	0	0	0	0	0	0	0	0	0	0	0	0	0	0	0	0	0	0	0	0	0	
67480	Amygdala_R	0	0	0	0	0	310	0	0	0	0	0	0	0	0	0	268	0	160	0	0	0	1350	0	0	0	0	0	222	0	1624	0	0	0	0	0	0	0	9764	0	7930	0	0	0	0	0	0	0	0	0	0	0	0	0	0	0	5660	0	0	0	0	0	0	0	0	0	0	0	0	0	0	0	124	0	1860	0	240	0	0	0	0	0	0	0	3738	0	0	0	242	0	248	0	0	0	0	0	0	0	0	0	0	0	0	0	0	0	0	0	0	0	0	0	0	0	0	0	0	
203880	Calcarine_L	864	0	0	0	0	0	0	0	0	0	0	0	0	0	0	0	0	0	0	0	0	0	0	0	0	0	0	0	400	0	0	0	214	0	3520	0	2472	0	1924	0	0	0	0	5960	13466	5452	9566	806	8280	1360	17156	350	5984	172	3938	0	154	0	0	0	0	0	0	0	0	0	15930	606	1654	0	0	0	0	0	0	0	160	0	90	0	0	0	0	0	1046	0	0	0	134	0	0	0	0	0	0	0	102	0	180	0	0	0	0	0	0	0	0	0	0	0	0	0	0	0	0	0	
235028	Calcarine_R	0	1074	0	114	0	0	0	0	0	0	0	0	0	0	0	0	0	0	0	1100	0	0	0	0	0	0	0	0	0	0	0	0	0	356	0	1870	0	2608	0	1666	0	0	5960	0	3724	19672	1086	16954	0	13216	0	8592	0	10384	0	7466	0	710	0	216	0	0	0	0	0	0	340	14242	0	1334	0	0	0	0	0	0	0	0	0	0	0	0	0	0	0	794	0	0	0	3782	0	106	0	0	0	0	0	148	0	0	0	0	0	0	0	0	0	0	0	0	0	0	0	0	0	0	
133364	Cuneus_L	92	0	0	0	0	0	0	0	0	0	0	0	0	0	0	0	0	0	0	0	0	0	0	0	0	0	0	0	0	0	0	0	1018	0	1570	0	0	0	0	0	0	0	13466	3724	0	6824	434	222	13816	1754	8880	304	1006	206	272	0	0	0	318	0	0	0	0	0	0	0	9978	662	1534	0	0	0	0	0	0	0	0	0	0	0	0	0	0	0	602	0	0	0	0	0	0	0	0	0	0	0	0	0	0	0	0	0	0	0	0	0	0	0	0	0	0	0	0	0	0	0	
287148	Cuneus_R	0	882	0	0	0	0	0	0	0	0	0	0	0	0	0	0	0	0	0	1390	0	0	0	0	0	0	0	0	0	0	0	0	106	1686	0	600	0	0	0	0	0	0	5452	19672	6824	0	0	4580	158	30782	0	10732	0	5180	0	940	0	5916	0	5004	0	286	0	0	0	152	2618	26390	0	3358	0	0	0	0	0	0	0	0	0	0	0	0	0	0	0	3836	0	0	0	7030	0	0	0	0	0	0	0	0	0	0	0	0	0	0	0	0	0	0	0	0	0	0	0	0	0	0	
225956	Lingual_L	106	0	0	0	0	0	0	0	0	0	0	0	0	0	0	0	0	0	0	0	0	0	0	0	0	0	0	0	0	0	0	0	0	0	924	202	3952	248	4112	0	0	0	9566	1086	434	0	0	2400	1158	0	14496	0	7352	0	15632	0	0	0	0	0	0	0	0	0	0	0	4006	0	238	0	0	0	0	0	0	0	204	322	0	0	0	0	0	0	166	0	0	0	116	0	6536	2268	688	236	0	0	9750	522	12802	2412	0	0	108	242	0	164	0	122	90	474	3628	3958	2014	0	114	130	
251424	Lingual_R	0	910	0	124	0	0	0	0	0	0	0	0	0	0	0	0	0	0	0	1242	0	0	0	0	0	0	0	0	0	0	0	0	0	408	420	5008	0	6402	0	5972	0	0	806	16954	222	4580	2400	0	0	2876	0	2496	0	6002	206	17358	0	696	0	118	0	0	0	0	0	0	0	10842	0	1428	0	0	0	250	0	0	0	548	0	0	0	0	0	0	0	246	0	0	0	2032	1184	5054	382	200	0	0	426	6118	2406	7550	0	0	0	106	0	144	0	0	0	126	5844	4602	604	110	150	160	
133816	Occipital_Sup_L	0	0	0	0	0	0	0	0	0	0	0	0	0	0	0	0	0	0	0	0	0	0	0	0	0	0	0	0	0	0	0	0	684	0	280	0	656	0	0	0	0	0	8280	0	13816	158	1158	0	0	0	21922	0	324	0	144	0	192	0	4866	0	1216	0	0	0	910	0	8700	208	200	0	0	0	0	0	0	0	0	0	0	0	0	0	0	0	2444	0	0	0	750	0	0	0	0	0	0	0	0	0	0	0	0	0	0	0	0	0	0	0	0	0	0	0	0	0	0	0	
198516	Occipital_Sup_R	0	166	0	0	0	0	0	0	0	0	0	0	0	0	0	0	0	0	0	236	0	0	0	0	0	0	0	0	0	0	0	0	0	102	0	0	0	0	0	0	0	0	1360	13216	1754	30782	0	2876	0	0	0	15398	0	3932	0	572	0	4448	0	5202	0	342	0	88	0	924	0	12906	0	680	0	0	0	0	0	0	0	0	0	0	0	0	0	0	0	2008	0	0	0	2266	0	0	0	0	0	0	0	0	0	0	0	0	0	0	0	0	0	0	0	0	0	0	0	0	0	0	
384440	Occipital_Mid_L	2842	0	0	0	0	0	0	0	0	0	0	0	0	0	0	0	760	0	0	0	0	0	0	0	0	0	0	0	888	0	0	0	550	0	134	0	2232	0	410	0	0	0	17156	0	8880	0	14496	0	21922	0	0	0	25510	0	10472	0	4352	0	2972	0	12474	0	3486	0	18558	0	6866	0	2426	0	0	0	0	0	0	0	0	0	436	0	1132	0	0	0	21796	0	0	0	9894	0	122	0	0	0	0	0	430	0	770	0	0	0	0	0	0	0	0	0	0	0	0	254	0	0	0	0	
149288	Occipital_Mid_R	0	298	0	0	0	0	0	0	0	0	0	0	0	0	0	0	0	0	0	406	0	0	0	0	0	0	0	0	0	0	0	0	0	104	0	0	0	0	0	0	0	0	350	8592	304	10732	0	2496	0	15398	0	0	0	6516	0	1698	0	1268	0	406	0	154	0	284	0	7078	0	4180	0	656	0	0	0	0	0	0	0	0	0	0	0	774	0	0	0	10990	0	0	0	1960	0	0	0	0	0	0	0	0	0	0	0	0	0	0	0	0	0	0	0	0	0	0	0	0	0	0	
203068	Occipital_Inf_L	4550	0	0	90	0	0	0	0	0	0	0	0	0	0	0	0	172	0	0	0	0	0	0	0	0	0	0	0	830	0	0	0	0	0	1384	790	2136	700	2608	94	0	0	5984	0	1006	0	7352	0	324	0	25510	0	0	0	16922	0	2684	0	0	0	1600	0	946	0	1800	0	4442	0	1796	0	0	0	0	0	0	0	784	750	758	0	232	0	0	0	5678	0	0	0	7816	0	254	0	0	0	0	0	518	0	828	0	0	0	0	0	0	0	0	0	0	0	0	196	0	0	0	0	
116260	Occipital_Inf_R	0	1094	0	112	0	0	0	0	0	0	0	0	0	0	0	0	0	0	0	824	0	0	0	0	0	0	0	0	0	0	0	0	0	434	0	102	0	0	0	190	0	0	172	10384	206	5180	0	6002	0	3932	0	6516	0	0	0	6894	0	1296	0	106	0	0	0	252	0	0	0	5058	0	1088	0	0	0	0	0	0	0	0	0	0	0	182	0	0	0	2406	0	0	0	5236	0	464	0	0	0	0	0	0	0	0	0	0	0	0	0	0	0	0	0	0	0	0	0	0	0	0	
398128	Fusiform_L	2594	0	116	174	0	0	0	0	0	0	148	0	0	0	0	0	282	0	100	146	736	0	0	0	0	0	0	0	4762	0	0	0	0	0	2596	1270	14040	1026	11664	130	3484	0	3938	0	272	0	15632	206	144	0	10472	0	16922	0	0	0	770	0	0	0	274	0	172	0	250	0	4134	110	448	0	0	0	1504	0	144	0	1250	1230	1706	0	1046	0	2800	0	3190	0	602	0	19666	0	22478	206	2152	0	170	0	13380	0	27566	160	112	0	350	0	0	0	0	0	0	0	1284	934	122	0	0	0	
370336	Fusiform_R	0	6540	0	914	0	0	0	0	0	0	0	150	0	0	0	100	0	1630	0	434	0	156	0	0	0	0	0	0	0	3316	0	0	0	0	100	2006	0	34212	0	22992	0	5660	0	7466	0	940	0	17358	0	572	0	1698	0	6894	0	0	0	2458	0	0	0	0	0	0	0	0	0	6712	0	1444	0	398	0	4388	0	242	0	214	0	218	0	2396	0	7298	0	3060	0	1160	0	14766	94	8464	0	168	0	0	0	6378	98	9620	0	0	0	0	0	0	0	0	0	0	1552	786	116	0	0	0	
275456	Postcentral_L	25292	164	3518	356	0	0	4320	0	0	0	5594	0	114	0	0	0	11558	0	3284	544	0	0	0	0	0	0	0	0	5454	0	0	0	176	0	336	324	1148	0	186	0	0	0	154	0	0	0	0	0	192	0	4352	0	2684	0	770	0	0	0	5598	0	24918	0	10604	0	1288	0	2814	0	5562	0	1064	192	492	92	0	0	656	368	1944	0	5142	0	0	0	3218	0	0	0	3256	0	0	0	0	0	0	0	0	0	0	0	0	0	0	0	0	0	0	0	0	0	0	0	0	0	0	0	
248508	Postcentral_R	0	23130	0	390	0	0	0	116	0	0	0	540	0	0	0	0	0	4346	0	2144	0	0	0	0	0	0	0	0	0	1382	0	0	0	1260	0	994	0	3474	0	1314	0	0	0	710	0	5916	0	696	0	4448	0	1268	0	1296	0	2458	0	0	0	6548	0	6180	0	13394	0	534	0	16818	0	4644	0	444	0	2382	0	146	0	1188	0	1170	0	2084	0	0	0	6884	0	0	0	5956	0	0	0	0	0	0	0	0	0	0	0	0	0	0	0	0	0	0	0	0	0	0	0	0	0	0	
76820	Parietal_Sup_L	0	0	0	0	0	0	0	0	0	0	0	0	0	0	0	0	0	0	0	0	0	0	0	0	0	0	0	0	0	0	0	0	314	0	0	0	0	0	0	0	0	0	0	0	318	0	0	0	4866	0	2972	0	0	0	0	0	5598	0	0	0	9458	0	0	0	1594	0	12558	0	368	0	0	0	0	0	0	0	0	0	0	0	0	0	0	0	252	0	0	0	112	0	0	0	0	0	0	0	0	0	0	0	0	0	0	0	0	0	0	0	0	0	0	0	0	0	0	0	
65148	Parietal_Sup_R	0	0	0	0	0	0	0	0	0	0	0	0	0	0	0	0	0	0	0	0	0	0	0	0	0	0	0	0	0	0	0	0	0	0	0	0	0	0	0	0	0	0	0	216	0	5004	0	118	0	5202	0	406	0	106	0	0	0	6548	0	0	0	402	0	136	0	242	158	11606	0	510	0	0	0	0	0	0	0	0	0	0	0	0	0	0	0	1022	0	0	0	898	0	0	0	0	0	0	0	0	0	0	0	0	0	0	0	0	0	0	0	0	0	0	0	0	0	0	
205728	Parietal_Inf_L	1864	0	166	0	0	0	126	0	0	0	158	0	0	0	0	0	1556	0	130	0	0	0	0	0	0	0	0	0	1718	0	0	0	0	0	0	0	1244	0	0	0	0	0	0	0	0	0	0	0	1216	0	12474	0	1600	0	274	0	24918	0	9458	0	0	0	16788	0	15702	0	2204	0	244	0	0	0	428	0	0	0	0	0	246	0	1464	0	0	0	5398	0	0	0	3488	0	0	0	0	0	0	0	0	0	0	0	0	0	0	0	0	0	0	0	0	0	0	0	0	0	0	0	
42332	Parietal_Inf_R	0	1270	0	0	0	0	0	0	0	0	0	0	0	0	0	0	0	114	0	0	0	0	0	0	0	0	0	0	0	0	0	0	0	0	0	0	0	0	0	0	0	0	0	0	0	286	0	0	0	342	0	154	0	0	0	0	0	6180	0	402	0	0	0	9204	0	2526	0	198	0	0	0	0	0	0	0	0	0	0	0	0	0	88	0	0	0	402	0	0	0	0	0	0	0	0	0	0	0	0	0	0	0	0	0	0	0	0	0	0	0	0	0	0	0	0	0	0	
146764	SupraMarginal_L	1010	0	262	0	0	0	120	0	0	0	0	0	0	0	0	0	2648	0	180	0	0	0	0	0	0	0	0	0	1358	0	0	0	0	0	0	0	2466	0	0	0	0	0	0	0	0	0	0	0	0	0	3486	0	946	0	172	0	10604	0	0	0	16788	0	0	0	7626	0	0	0	90	0	0	0	344	0	0	0	0	0	270	0	7512	0	0	0	11500	0	0	0	6000	0	0	0	0	0	0	0	0	0	0	0	0	0	0	0	0	0	0	0	0	0	0	0	0	0	0	0	
100844	SupraMarginal_R	0	3126	0	292	0	0	0	0	0	0	0	0	0	0	0	0	0	3736	0	88	0	0	0	0	0	0	0	0	0	0	0	0	0	0	0	0	0	0	0	0	0	0	0	0	0	0	0	0	0	88	0	284	0	252	0	0	0	13394	0	136	0	9204	0	0	0	3208	0	372	0	0	0	296	0	0	0	92	0	0	0	312	0	7936	0	0	0	5936	0	0	0	1670	0	0	0	0	0	0	0	0	0	0	0	0	0	0	0	0	0	0	0	0	0	0	0	0	0	0	
137880	Angular_L	106	0	0	0	0	0	0	0	0	0	0	0	0	0	0	0	160	0	0	0	0	0	0	0	0	0	0	0	602	0	0	0	0	0	0	0	2512	0	0	0	0	0	0	0	0	0	0	0	910	0	18558	0	1800	0	250	0	1288	0	1594	0	15702	0	7626	0	0	0	468	0	310	0	0	0	0	0	0	0	0	0	0	0	2396	0	0	0	9370	0	0	0	5288	0	0	0	0	0	0	0	0	0	0	0	0	0	0	0	0	0	0	0	0	0	0	0	0	0	0	0	
38388	Angular_R	0	0	0	0	0	0	0	0	0	0	0	0	0	0	0	0	0	92	0	0	0	0	0	0	0	0	0	0	0	0	0	0	0	0	0	0	0	0	0	0	0	0	0	0	0	152	0	0	0	924	0	7078	0	0	0	0	0	534	0	242	0	2526	0	3208	0	0	0	226	0	0	0	0	0	0	0	0	0	0	0	0	0	1736	0	0	0	2370	0	0	0	106	0	0	0	0	0	0	0	0	0	0	0	0	0	0	0	0	0	0	0	0	0	0	0	0	0	0	
239328	Precuneus_L	926	0	0	0	0	0	0	0	0	0	0	0	0	0	0	0	0	0	126	164	0	0	0	0	0	0	0	0	412	0	0	0	3030	512	8512	1816	6732	1420	4866	182	0	0	15930	340	9978	2618	4006	0	8700	0	6866	0	4442	0	4134	0	2814	0	12558	158	2204	0	0	0	468	0	0	5466	3906	268	0	0	0	0	0	0	1342	1426	94	0	0	0	0	0	1538	224	0	0	682	804	0	0	0	0	0	0	0	0	0	0	0	0	0	0	0	0	0	0	0	0	0	0	0	0	0	0	
432464	Precuneus_R	0	4378	0	358	0	0	0	104	0	0	0	0	0	0	0	0	0	0	0	10096	0	0	0	0	0	0	0	0	0	398	0	0	964	10358	2082	15204	880	9108	518	3894	0	0	606	14242	662	26390	0	10842	208	12906	0	4180	0	5058	110	6712	0	16818	0	11606	0	198	0	372	0	226	5466	0	470	15274	0	0	0	254	0	0	678	2238	0	94	0	220	0	0	0	7506	0	0	0	12940	0	178	0	0	0	0	0	558	0	0	0	0	0	0	0	0	0	0	0	0	878	0	0	0	0	0	
143404	Paracentral_Lobule_L	12266	0	3812	1372	0	0	0	0	0	0	0	0	0	0	0	0	228	0	6962	5298	0	0	0	0	0	0	0	0	228	0	0	0	6646	1190	1242	446	366	0	0	0	0	0	1654	0	1534	0	238	0	200	0	2426	0	1796	0	448	0	5562	0	368	0	244	0	90	0	310	0	3906	470	0	1560	1200	0	106	0	304	0	3026	566	204	0	588	0	0	0	2638	0	0	0	2208	0	0	0	0	0	0	0	0	0	0	0	0	0	0	0	0	0	0	0	0	0	0	0	0	0	0	0	
185896	Paracentral_Lobule_R	294	8598	314	274	0	0	0	0	0	0	0	0	0	0	0	0	0	0	732	21596	0	0	0	0	0	0	0	0	0	0	0	0	2344	13936	256	5110	0	1486	0	414	0	0	0	1334	0	3358	0	1428	0	680	0	656	0	1088	0	1444	0	4644	0	510	0	0	0	0	0	0	268	15274	1560	0	118	122	0	0	0	0	0	158	0	0	0	0	0	0	0	2350	0	0	0	2602	0	0	0	0	0	0	0	0	0	0	0	0	0	0	0	0	0	0	0	0	0	0	0	0	0	0	
276076	Caudate_L	7752	306	11954	3372	6432	0	5526	0	2058	0	616	92	226	0	5044	0	92	0	9918	3696	5964	2440	792	0	1696	558	5282	134	2124	122	11802	4498	0	0	676	574	754	0	416	0	180	0	0	0	0	0	0	0	0	0	0	0	0	0	0	0	1064	0	0	0	0	0	0	0	0	0	0	0	1200	118	0	9972	14874	150	3318	248	10048	1566	0	0	0	0	384	0	0	0	0	0	0	0	0	0	0	0	0	0	0	0	0	0	0	0	0	0	0	0	0	0	0	0	0	0	0	0	0	0	
310972	Caudate_R	2594	5118	1876	20766	0	3142	1516	1560	0	270	0	1420	0	252	0	1558	0	1040	1574	21412	820	4340	0	2994	132	2452	94	1824	0	3628	1340	17690	0	338	1960	2412	832	916	122	282	0	124	0	0	0	0	0	0	0	0	0	0	0	0	0	398	192	444	0	0	0	0	0	296	0	0	0	0	0	122	9972	0	612	13430	236	3134	2456	17386	0	0	0	148	0	0	0	0	0	0	0	262	0	0	0	0	0	0	0	0	0	0	0	0	0	0	0	0	0	0	0	0	0	0	0	0	0	0	
302124	Putamen_L	1726	92	28166	208	6340	0	2284	0	3060	0	898	0	954	0	7728	0	1728	0	15514	718	2346	258	504	0	890	186	2752	0	21850	0	4700	486	0	0	0	0	9446	0	1800	0	906	0	0	0	0	0	0	0	0	0	0	0	0	0	1504	0	492	0	0	0	428	0	344	0	0	0	0	0	106	0	14874	612	0	0	7658	96	3924	0	358	0	804	0	1376	0	746	0	0	0	2200	0	0	0	0	0	0	0	0	0	0	0	0	0	0	0	0	0	0	0	0	0	0	0	0	0	0	0	
257360	Putamen_R	106	5162	242	9222	0	2968	0	8528	0	332	0	3138	0	2468	0	3768	0	8442	754	4662	0	1718	0	3240	0	702	0	1308	0	21462	162	4382	0	166	152	682	0	8682	0	2386	0	1860	0	0	0	0	0	250	0	0	0	0	0	0	0	4388	92	2382	0	0	0	0	0	0	0	0	0	254	0	0	150	13430	0	0	0	3836	0	2542	0	412	0	2620	0	408	0	200	0	0	0	534	0	100	0	0	0	0	0	272	0	116	0	0	0	0	0	0	0	0	0	0	0	0	0	0	0	0	
58992	Pallidum_L	518	120	6682	356	0	0	0	0	0	0	0	0	0	0	0	0	0	0	5144	1002	0	148	0	0	0	0	0	0	322	0	426	184	0	0	0	0	742	0	96	0	0	0	0	0	0	0	0	0	0	0	0	0	0	0	144	0	0	0	0	0	0	0	0	0	0	0	0	0	304	0	3318	236	7658	0	0	100	1730	114	0	0	0	0	0	0	0	0	0	0	152	0	0	0	0	0	0	0	0	0	0	0	0	0	0	0	0	0	0	0	0	0	0	0	0	0	0	0	
36432	Pallidum_R	0	846	88	2450	0	0	0	1346	0	0	0	160	0	148	0	0	0	590	112	1966	0	180	0	0	0	0	0	0	0	624	96	224	0	0	0	0	0	622	0	174	0	240	0	0	0	0	0	0	0	0	0	0	0	0	0	242	0	146	0	0	0	0	0	92	0	0	0	0	0	0	248	3134	96	3836	100	0	0	180	0	0	0	102	0	0	0	0	0	0	0	174	0	0	0	0	0	0	0	0	0	0	0	0	0	0	0	0	0	0	0	0	0	0	0	0	0	0	
237496	Thalamus_L	8242	418	6322	3794	0	0	180	0	0	0	0	0	0	0	0	0	104	0	7216	3670	0	0	0	0	0	0	0	0	396	0	0	0	116	0	12308	12442	10528	3810	4844	338	94	0	160	0	0	0	204	0	0	0	0	0	784	0	1250	0	656	0	0	0	0	0	0	0	0	0	1342	678	3026	0	10048	2456	3924	0	1730	0	0	17668	0	0	0	0	0	0	0	0	0	0	0	0	0	0	0	0	0	0	0	0	0	0	0	0	0	0	0	0	0	0	0	0	0	0	0	0	0	0	
299608	Thalamus_R	4122	4670	634	20908	0	0	0	700	0	0	0	418	0	140	0	0	0	162	578	17854	0	0	0	0	0	0	0	0	0	856	0	410	0	0	12304	15490	7642	8528	4364	1164	0	0	0	0	0	0	322	548	0	0	0	0	750	0	1230	214	368	1188	0	0	0	0	0	0	0	0	1426	2238	566	158	1566	17386	0	2542	114	180	17668	0	0	92	0	194	0	0	0	0	0	0	0	0	0	0	0	0	0	0	0	0	0	0	0	0	0	0	0	0	0	0	0	0	110	0	0	0	0	0	
62396	Heschl_L	2216	0	1104	0	0	0	294	0	0	0	304	0	0	0	0	0	3086	0	920	0	0	0	0	0	0	0	0	0	5450	0	0	0	0	0	332	0	2612	0	178	0	0	0	90	0	0	0	0	0	0	0	436	0	758	0	1706	0	1944	0	0	0	246	0	270	0	0	0	94	0	204	0	0	0	358	0	0	0	0	0	0	0	4356	0	0	0	1460	0	0	0	2780	0	0	0	0	0	0	0	0	0	0	0	0	0	0	0	0	0	0	0	0	0	0	0	0	0	0	0	
38136	Heschl_R	0	786	0	1124	0	0	0	1064	0	0	0	158	0	0	0	0	0	4422	0	182	0	0	0	0	0	0	0	0	0	2162	0	0	0	0	0	168	0	640	0	178	0	0	0	0	0	0	0	0	0	0	0	0	0	0	0	218	0	1170	0	0	0	0	0	312	0	0	0	94	0	0	0	0	0	412	0	0	0	92	0	0	0	5460	0	0	0	202	0	0	0	224	0	0	0	0	0	0	0	0	0	0	0	0	0	0	0	0	0	0	0	0	0	0	0	0	0	0	
171256	Temporal_Sup_L	2408	0	1894	0	0	0	680	0	0	0	1740	0	0	0	0	0	9240	0	938	0	0	0	0	0	0	0	0	0	7196	0	0	0	0	0	154	0	3072	0	0	0	0	0	0	0	0	0	0	0	0	0	1132	0	232	0	1046	0	5142	0	0	0	1464	0	7512	0	2396	0	0	0	588	0	0	0	804	0	0	0	0	0	4356	0	0	0	2086	0	21918	0	0	0	9630	0	0	0	0	0	0	0	0	0	0	0	0	0	0	0	0	0	0	0	0	0	0	0	0	0	0	0	
154300	Temporal_Sup_R	0	1478	0	3266	0	0	0	2278	0	0	0	376	0	166	0	182	0	10956	0	916	0	0	0	0	0	0	0	0	0	6532	0	0	0	0	0	252	0	1900	0	454	0	0	0	0	0	0	0	0	0	0	0	774	0	182	0	2396	0	2084	0	0	0	88	0	7936	0	1736	0	220	0	0	0	148	0	2620	0	102	0	194	0	5460	0	0	0	1264	0	19804	0	274	0	3112	0	0	0	0	0	0	0	0	0	0	0	0	0	0	0	0	0	0	0	0	0	0	0	0	0	0	
59400	Temporal_Pole_Sup_L	0	0	128	0	1318	0	0	0	0	0	498	0	208	0	1906	0	896	0	92	0	1394	0	0	0	0	0	582	0	4300	0	0	0	0	0	0	0	882	0	1002	0	882	0	0	0	0	0	0	0	0	0	0	0	0	0	2800	0	0	0	0	0	0	0	0	0	0	0	0	0	0	0	384	0	1376	0	0	0	0	0	0	0	2086	0	0	0	2306	0	1866	0	4794	0	0	0	0	0	0	0	0	0	0	0	0	0	0	0	0	0	0	0	0	0	0	0	0	0	0	0	
65160	Temporal_Pole_Sup_R	0	0	0	322	0	0	0	0	0	0	0	336	0	0	0	1106	0	628	0	210	0	310	0	0	0	0	0	0	0	1258	0	0	0	0	0	0	0	2098	0	4736	0	3738	0	0	0	0	0	0	0	0	0	0	0	0	0	7298	0	0	0	0	0	0	0	0	0	0	0	0	0	0	0	0	0	408	0	0	0	0	0	0	0	1264	0	0	0	2132	0	3374	0	3362	0	0	0	0	0	0	0	0	0	0	0	0	0	0	0	0	0	0	0	0	0	0	0	0	0	0	
301028	Temporal_Mid_L	2256	0	110	0	0	0	0	0	0	0	0	0	0	0	0	0	708	0	118	0	0	0	0	0	0	0	0	0	2670	0	0	0	0	0	0	0	7766	0	142	0	0	0	1046	0	602	0	166	0	2444	0	21796	0	5678	0	3190	0	3218	0	252	0	5398	0	11500	0	9370	0	1538	0	2638	0	0	0	746	0	0	0	0	0	1460	0	21918	0	2306	0	0	0	1114	0	40364	0	0	0	0	0	0	0	0	0	0	0	0	0	0	0	0	0	0	0	0	0	0	0	0	0	0	0	
199140	Temporal_Mid_R	0	2478	0	800	0	0	0	0	0	0	0	0	0	0	0	0	0	1042	0	1440	0	0	0	0	0	0	0	0	0	1052	0	0	0	768	0	214	0	770	0	0	0	0	0	794	0	3836	0	246	0	2008	0	10990	0	2406	0	3060	0	6884	0	1022	0	402	0	5936	0	2370	224	7506	0	2350	0	0	0	200	0	0	0	0	0	202	0	19804	0	2132	0	0	0	1232	0	17402	0	0	0	0	0	0	0	0	0	0	0	0	0	0	0	0	0	0	0	0	0	0	0	0	0	0	
11056	Temporal_Pole_Mid_L	0	0	0	0	0	0	0	0	0	0	0	0	0	0	0	0	0	0	0	0	0	0	0	0	0	0	0	0	0	0	0	0	0	0	0	0	0	0	626	0	190	0	0	0	0	0	0	0	0	0	0	0	0	0	602	0	0	0	0	0	0	0	0	0	0	0	0	0	0	0	0	0	0	0	0	0	0	0	0	0	0	0	1866	0	1114	0	0	0	1130	0	0	0	0	0	0	0	0	0	0	0	0	0	0	0	0	0	0	0	0	0	0	0	0	0	0	0	
18100	Temporal_Pole_Mid_R	0	0	0	0	0	0	0	0	0	0	0	0	0	0	0	0	0	0	0	0	0	0	0	0	0	0	0	0	0	0	0	0	0	0	0	0	0	0	0	1410	0	242	0	0	0	0	0	0	0	0	0	0	0	0	0	1160	0	0	0	0	0	0	0	0	0	0	0	0	0	0	0	0	0	0	0	0	0	0	0	0	0	274	0	3374	0	1232	0	0	0	1358	0	0	0	0	0	0	0	0	0	0	0	0	0	0	0	0	0	0	0	0	0	0	0	0	0	0	
309196	Temporal_Inf_L	3440	0	182	0	0	0	0	0	0	0	112	0	0	0	0	0	806	0	172	0	402	0	0	0	0	0	0	0	5502	0	0	0	0	0	428	0	16874	0	2504	0	1688	0	134	0	0	0	116	0	750	0	9894	0	7816	0	19666	0	3256	0	112	0	3488	0	6000	0	5288	0	682	0	2208	0	0	0	2200	0	152	0	0	0	2780	0	9630	0	4794	0	40364	0	1130	0	0	0	1718	0	0	0	0	0	0	0	310	0	0	0	0	0	0	0	0	0	0	0	0	0	0	0	0	0	
214556	Temporal_Inf_R	0	5280	0	1734	0	0	0	0	0	0	0	0	0	0	0	0	0	620	0	1634	0	0	0	0	0	0	0	0	0	1520	0	0	0	530	0	752	0	5208	0	844	0	248	0	3782	0	7030	0	2032	0	2266	0	1960	0	5236	0	14766	0	5956	0	898	0	0	0	1670	0	106	804	12940	0	2602	0	262	0	534	0	174	0	0	0	224	0	3112	0	3362	0	17402	0	1358	0	0	0	308	0	0	0	0	0	124	0	0	0	0	0	0	0	0	0	0	0	0	0	0	0	0	0	0	
416740	Cerebelum_Crus1_L	0	0	0	0	0	0	0	0	0	0	0	0	0	0	0	0	0	0	0	0	0	0	0	0	0	0	0	0	0	0	0	0	0	0	0	0	0	0	0	0	0	0	0	0	0	0	6536	1184	0	0	122	0	254	0	22478	94	0	0	0	0	0	0	0	0	0	0	0	0	0	0	0	0	0	0	0	0	0	0	0	0	0	0	0	0	0	0	0	0	1718	0	0	4782	32072	6308	0	0	13308	142	49770	3822	9720	1968	17494	4342	2014	1684	432	754	0	98	1594	6776	11568	4768	2068	500	
403228	Cerebelum_Crus1_R	0	90	0	0	0	0	0	0	0	0	0	0	0	0	0	0	0	0	0	0	0	0	0	0	0	0	0	0	0	0	0	0	0	0	0	0	0	546	0	1018	0	0	0	106	0	0	2268	5054	0	0	0	0	0	464	206	8464	0	0	0	0	0	0	0	0	0	0	0	178	0	0	0	0	0	100	0	0	0	0	0	0	0	0	0	0	0	0	0	0	0	308	4782	0	2624	26458	0	2302	1088	19514	3612	52858	444	2962	942	15542	0	4802	0	2378	174	2120	11962	10572	11206	3710	2760	0	
273764	Cerebelum_Crus2_L	0	0	0	0	0	0	0	0	0	0	0	0	0	0	0	0	0	0	0	0	0	0	0	0	0	0	0	0	0	0	0	0	0	0	0	0	0	0	0	0	0	0	0	0	0	0	688	382	0	0	0	0	0	0	2152	0	0	0	0	0	0	0	0	0	0	0	0	0	0	0	0	0	0	0	0	0	0	0	0	0	0	0	0	0	0	0	0	0	0	0	32072	2624	0	11758	0	0	1676	0	10350	1808	22282	4806	19472	3660	1126	988	278	622	0	0	420	2404	10280	5766	1042	226	
243512	Cerebelum_Crus2_R	0	0	0	0	0	0	0	0	0	0	0	0	0	0	0	0	0	0	0	0	0	0	0	0	0	0	0	0	0	0	0	0	0	0	0	0	0	0	0	0	0	0	0	0	0	0	236	200	0	0	0	0	0	0	0	168	0	0	0	0	0	0	0	0	0	0	0	0	0	0	0	0	0	0	0	0	0	0	0	0	0	0	0	0	0	0	0	0	0	0	6308	26458	11758	0	0	94	0	654	988	10634	4454	15914	2428	20908	0	2822	0	646	0	94	404	1938	10708	3238	704	0	
23956	Cerebelum_3_L	0	0	0	0	0	0	0	0	0	0	0	0	0	0	0	0	0	0	0	0	0	0	0	0	0	0	0	0	0	0	0	0	0	0	0	0	0	0	0	0	0	0	0	0	0	0	0	0	0	0	0	0	0	0	170	0	0	0	0	0	0	0	0	0	0	0	0	0	0	0	0	0	0	0	0	0	0	0	0	0	0	0	0	0	0	0	0	0	0	0	0	0	0	0	0	176	6968	0	454	0	0	0	0	0	422	0	132	0	700	2704	252	0	0	0	0	0	
49388	Cerebelum_3_R	0	0	0	0	0	0	0	0	0	0	0	0	0	0	0	0	0	0	0	0	0	0	0	0	0	0	0	0	0	0	0	0	0	0	0	0	0	108	0	126	0	0	0	0	0	0	0	0	0	0	0	0	0	0	0	0	0	0	0	0	0	0	0	0	0	0	0	0	0	0	0	0	0	0	0	0	0	0	0	0	0	0	0	0	0	0	0	0	0	0	0	2302	0	94	176	0	466	4806	0	4562	0	0	0	186	0	714	0	0	1522	6822	1142	412	414	424	418	0	
205012	Cerebelum_4_5_L	0	0	0	0	0	0	0	0	0	0	0	0	0	0	0	0	0	0	0	0	0	0	0	0	0	0	0	0	0	0	0	0	0	0	0	0	0	0	106	0	0	0	102	0	0	0	9750	426	0	0	430	0	518	0	13380	0	0	0	0	0	0	0	0	0	0	0	0	0	0	0	0	0	0	0	0	0	0	0	0	0	0	0	0	0	0	0	0	0	0	0	13308	1088	1676	0	6968	466	0	956	25946	1320	212	0	818	0	2928	436	688	0	822	4644	10954	2080	100	350	1026	1008	
183004	Cerebelum_4_5_R	0	182	0	0	0	0	0	0	0	0	0	0	0	0	0	0	0	0	0	0	0	0	0	0	0	0	0	0	0	0	0	0	0	0	0	366	0	1818	0	2592	0	0	0	148	0	0	522	6118	0	0	0	0	0	0	0	6378	0	0	0	0	0	0	0	0	0	0	0	558	0	0	0	0	0	272	0	0	0	0	0	0	0	0	0	0	0	0	0	0	0	124	142	19514	0	654	0	4806	956	0	486	26022	0	0	94	830	0	462	0	92	180	2880	13686	434	382	340	348	116	
385716	Cerebelum_6_L	0	0	0	0	0	0	0	0	0	0	0	0	0	0	0	0	0	0	0	0	0	0	0	0	0	0	0	0	0	0	0	0	0	0	0	0	0	0	0	0	0	0	180	0	0	0	12802	2406	0	0	770	0	828	0	27566	98	0	0	0	0	0	0	0	0	0	0	0	0	0	0	0	0	0	0	0	0	0	0	0	0	0	0	0	0	0	0	0	0	310	0	49770	3612	10350	988	454	0	25946	486	0	3768	2730	226	8488	1744	3760	2048	968	564	206	670	6534	11066	5462	3378	3114	1566	
377780	Cerebelum_6_R	0	0	0	0	0	0	0	0	0	0	0	0	0	0	0	0	0	0	0	0	0	0	0	0	0	0	0	0	0	0	0	0	0	0	0	0	0	752	0	1148	0	0	0	0	0	0	2412	7550	0	0	0	0	0	0	160	9620	0	0	0	0	0	0	0	0	0	0	0	0	0	0	0	0	0	116	0	0	0	0	0	0	0	0	0	0	0	0	0	0	0	0	3822	52858	1808	10634	0	4562	1320	26022	3768	0	368	938	628	7480	0	3784	0	3270	214	2848	15252	11820	9240	3506	2990	0	
151920	Cerebelum_7b_L	0	0	0	0	0	0	0	0	0	0	0	0	0	0	0	0	0	0	0	0	0	0	0	0	0	0	0	0	0	0	0	0	0	0	0	0	0	0	0	0	0	0	0	0	0	0	0	0	0	0	0	0	0	0	112	0	0	0	0	0	0	0	0	0	0	0	0	0	0	0	0	0	0	0	0	0	0	0	0	0	0	0	0	0	0	0	0	0	0	0	9720	444	22282	4454	0	0	212	0	2730	368	0	2744	19878	1430	1474	120	172	0	0	0	0	160	4828	4448	296	88	
107456	Cerebelum_7b_R	0	0	0	0	0	0	0	0	0	0	0	0	0	0	0	0	0	0	0	0	0	0	0	0	0	0	0	0	0	0	0	0	0	0	0	0	0	0	0	0	0	0	0	0	0	0	0	0	0	0	0	0	0	0	0	0	0	0	0	0	0	0	0	0	0	0	0	0	0	0	0	0	0	0	0	0	0	0	0	0	0	0	0	0	0	0	0	0	0	0	1968	2962	4806	15914	0	0	0	0	226	938	2744	0	1418	14328	0	2068	0	158	0	0	0	0	3454	2744	0	0	
232008	Cerebelum_8_L	0	0	0	0	0	0	0	0	0	0	0	0	0	0	0	0	0	0	0	0	0	0	0	0	0	0	0	0	0	0	0	0	0	0	0	0	0	0	0	0	0	0	0	0	0	0	108	0	0	0	0	0	0	0	350	0	0	0	0	0	0	0	0	0	0	0	0	0	0	0	0	0	0	0	0	0	0	0	0	0	0	0	0	0	0	0	0	0	0	0	17494	942	19472	2428	0	0	818	94	8488	628	19878	1418	0	3594	16428	1654	1344	94	0	0	266	1190	6282	8990	3484	560	
220776	Cerebelum_8_R	0	0	0	0	0	0	0	0	0	0	0	0	0	0	0	0	0	0	0	0	0	0	0	0	0	0	0	0	0	0	0	0	0	0	0	0	0	0	0	0	0	0	0	0	0	0	242	106	0	0	0	0	0	0	0	0	0	0	0	0	0	0	0	0	0	0	0	0	0	0	0	0	0	0	0	0	0	0	0	0	0	0	0	0	0	0	0	0	0	0	4342	15542	3660	20908	0	186	0	830	1744	7480	1430	14328	3594	0	488	14392	0	1888	0	244	386	1860	7744	5886	2574	534	
91264	Cerebelum_9_L	0	0	0	0	0	0	0	0	0	0	0	0	0	0	0	0	0	0	0	0	0	0	0	0	0	0	0	0	0	0	0	0	0	0	0	0	0	0	0	0	0	0	0	0	0	0	0	0	0	0	0	0	0	0	0	0	0	0	0	0	0	0	0	0	0	0	0	0	0	0	0	0	0	0	0	0	0	0	0	0	0	0	0	0	0	0	0	0	0	0	2014	0	1126	0	422	0	2928	0	3760	0	1474	0	16428	488	0	1222	3480	0	0	300	1404	1910	1190	3190	3180	1116	
133940	Cerebelum_9_R	0	0	0	0	0	0	0	0	0	0	0	0	0	0	0	0	0	0	0	0	0	0	0	0	0	0	0	0	0	0	0	0	0	0	0	0	0	0	0	0	0	0	0	0	0	0	164	144	0	0	0	0	0	0	0	0	0	0	0	0	0	0	0	0	0	0	0	0	0	0	0	0	0	0	0	0	0	0	0	0	0	0	0	0	0	0	0	0	0	0	1684	4802	988	2822	0	714	436	462	2048	3784	120	2068	1654	14392	1222	0	122	710	938	1394	1250	4676	4110	6372	7374	2520	
18312	Cerebelum_10_L	0	0	0	0	0	0	0	0	0	0	0	0	0	0	0	0	0	0	0	0	0	0	0	0	0	0	0	0	0	0	0	0	0	0	0	0	0	0	0	0	0	0	0	0	0	0	0	0	0	0	0	0	0	0	0	0	0	0	0	0	0	0	0	0	0	0	0	0	0	0	0	0	0	0	0	0	0	0	0	0	0	0	0	0	0	0	0	0	0	0	432	0	278	0	132	0	688	0	968	0	172	0	1344	0	3480	122	0	0	0	100	134	498	0	138	406	264	
31496	Cerebelum_10_R	0	0	0	0	0	0	0	0	0	0	0	0	0	0	0	0	0	0	0	0	0	0	0	0	0	0	0	0	0	0	0	0	0	0	0	0	0	0	0	0	0	0	0	0	0	0	122	0	0	0	0	0	0	0	0	0	0	0	0	0	0	0	0	0	0	0	0	0	0	0	0	0	0	0	0	0	0	0	0	0	0	0	0	0	0	0	0	0	0	0	754	2378	622	646	0	0	0	92	564	3270	0	158	94	1888	0	710	0	0	0	0	108	1240	1926	692	484	0	
24312	Vermis_1_2	0	0	0	0	0	0	0	0	0	0	0	0	0	0	0	0	0	0	0	0	0	0	0	0	0	0	0	0	0	0	0	0	0	0	0	0	0	0	0	0	0	0	0	0	0	0	90	0	0	0	0	0	0	0	0	0	0	0	0	0	0	0	0	0	0	0	0	0	0	0	0	0	0	0	0	0	0	0	0	0	0	0	0	0	0	0	0	0	0	0	0	174	0	0	700	1522	822	180	206	214	0	0	0	0	0	938	0	0	0	5786	890	188	0	0	250	196	
71724	Vermis_3	0	0	0	0	0	0	0	0	0	0	0	0	0	0	0	0	0	0	0	0	0	0	0	0	0	0	0	0	0	0	0	0	0	0	0	0	0	0	0	0	0	0	0	0	0	0	474	126	0	0	0	0	0	0	0	0	0	0	0	0	0	0	0	0	0	0	0	0	0	0	0	0	0	0	0	0	0	0	0	0	0	0	0	0	0	0	0	0	0	0	98	2120	0	94	2704	6822	4644	2880	670	2848	0	0	0	244	300	1394	100	0	5786	0	2878	456	368	388	468	0	
186732	Vermis_4_5	0	0	0	0	0	0	0	0	0	0	0	0	0	0	0	0	0	0	0	0	0	0	0	0	0	0	0	0	0	0	0	0	0	0	0	502	0	650	0	0	0	0	0	0	0	0	3628	5844	0	0	0	0	0	0	1284	1552	0	0	0	0	0	0	0	0	0	0	0	878	0	0	0	0	0	0	0	0	0	110	0	0	0	0	0	0	0	0	0	0	0	0	1594	11962	420	404	252	1142	10954	13686	6534	15252	0	0	266	386	1404	1250	134	108	890	2878	0	4532	454	804	1766	1846	
199132	Vermis_6	0	0	0	0	0	0	0	0	0	0	0	0	0	0	0	0	0	0	0	0	0	0	0	0	0	0	0	0	0	0	0	0	0	0	0	0	0	0	0	0	0	0	0	0	0	0	3958	4602	0	0	254	0	196	0	934	786	0	0	0	0	0	0	0	0	0	0	0	0	0	0	0	0	0	0	0	0	0	0	0	0	0	0	0	0	0	0	0	0	0	0	6776	10572	2404	1938	0	412	2080	434	11066	11820	160	0	1190	1860	1910	4676	498	1240	188	456	4532	0	8884	5702	6844	3194	
234192	Vermis_7	0	0	0	0	0	0	0	0	0	0	0	0	0	0	0	0	0	0	0	0	0	0	0	0	0	0	0	0	0	0	0	0	0	0	0	0	0	0	0	0	0	0	0	0	0	0	2014	604	0	0	0	0	0	0	122	116	0	0	0	0	0	0	0	0	0	0	0	0	0	0	0	0	0	0	0	0	0	0	0	0	0	0	0	0	0	0	0	0	0	0	11568	11206	10280	10708	0	414	100	382	5462	9240	4828	3454	6282	7744	1190	4110	0	1926	0	368	454	8884	0	10164	5150	326	
172176	Vermis_8	0	0	0	0	0	0	0	0	0	0	0	0	0	0	0	0	0	0	0	0	0	0	0	0	0	0	0	0	0	0	0	0	0	0	0	0	0	0	0	0	0	0	0	0	0	0	0	110	0	0	0	0	0	0	0	0	0	0	0	0	0	0	0	0	0	0	0	0	0	0	0	0	0	0	0	0	0	0	0	0	0	0	0	0	0	0	0	0	0	0	4768	3710	5766	3238	0	424	350	340	3378	3506	4448	2744	8990	5886	3190	6372	138	692	0	388	804	5702	10164	0	9032	1948	
