data	data	546176	350648	1.13464e+06	1.03234e+06	247536	163436	649804	260428	97404	33584	320772	145624	268260	127968	260604	133424	272728	72460	968540	1.04041e+06	106972	116196	426024	464820	27532	113136	85332	88532	802176	310776	282828	422444	213508	663936	113496	142632	335116	338616	77312	159252	53496	55952	141124	319300	200816	367368	209380	244340	267812	364688	586892	218808	220708	139328	382980	425160	395272	254564	332808	112924	342416	125476	138620	96472	291708	195328	274084	360768	219388	215332	321880	475280	432012	482228	42924	28184	122388	206292	99292	14812	268240	84708	136108	44460	377680	189736	33168	11912	339112	285828	439208	402632	329380	296304	43340	60200	322348	222716	446860	434728	256120	176188	306456	291220	134924	144080	7600	1816	25712	65584	245716	179488	272668	117376	94568	29856	
data	data	Precentral_L	Precentral_R	Frontal_Sup_L	Frontal_Sup_R	Frontal_Sup_Orb_L	Frontal_Sup_Orb_R	Frontal_Mid_L	Frontal_Mid_R	Frontal_Mid_Orb_L	Frontal_Mid_Orb_R	Frontal_Inf_Oper_L	Frontal_Inf_Oper_R	Frontal_Inf_Tri_L	Frontal_Inf_Tri_R	Frontal_Inf_Orb_L	Frontal_Inf_Orb_R	Rolandic_Oper_L	Rolandic_Oper_R	Supp_Motor_Area_L	Supp_Motor_Area_R	Olfactory_L	Olfactory_R	Frontal_Sup_Medial_L	Frontal_Sup_Medial_R	Frontal_Med_Orb_L	Frontal_Med_Orb_R	Rectus_L	Rectus_R	Insula_L	Insula_R	Cingulum_Ant_L	Cingulum_Ant_R	Cingulum_Mid_L	Cingulum_Mid_R	Cingulum_Post_L	Cingulum_Post_R	Hippocampus_L	Hippocampus_R	ParaHippocampal_L	ParaHippocampal_R	Amygdala_L	Amygdala_R	Calcarine_L	Calcarine_R	Cuneus_L	Cuneus_R	Lingual_L	Lingual_R	Occipital_Sup_L	Occipital_Sup_R	Occipital_Mid_L	Occipital_Mid_R	Occipital_Inf_L	Occipital_Inf_R	Fusiform_L	Fusiform_R	Postcentral_L	Postcentral_R	Parietal_Sup_L	Parietal_Sup_R	Parietal_Inf_L	Parietal_Inf_R	SupraMarginal_L	SupraMarginal_R	Angular_L	Angular_R	Precuneus_L	Precuneus_R	Paracentral_Lobule_L	Paracentral_Lobule_R	Caudate_L	Caudate_R	Putamen_L	Putamen_R	Pallidum_L	Pallidum_R	Thalamus_L	Thalamus_R	Heschl_L	Heschl_R	Temporal_Sup_L	Temporal_Sup_R	Temporal_Pole_Sup_L	Temporal_Pole_Sup_R	Temporal_Mid_L	Temporal_Mid_R	Temporal_Pole_Mid_L	Temporal_Pole_Mid_R	Temporal_Inf_L	Temporal_Inf_R	Cerebelum_Crus1_L	Cerebelum_Crus1_R	Cerebelum_Crus2_L	Cerebelum_Crus2_R	Cerebelum_3_L	Cerebelum_3_R	Cerebelum_4_5_L	Cerebelum_4_5_R	Cerebelum_6_L	Cerebelum_6_R	Cerebelum_7b_L	Cerebelum_7b_R	Cerebelum_8_L	Cerebelum_8_R	Cerebelum_9_L	Cerebelum_9_R	Cerebelum_10_L	Cerebelum_10_R	Vermis_1_2	Vermis_3	Vermis_4_5	Vermis_6	Vermis_7	Vermis_8	Vermis_9	Vermis_10	
546176	Precentral_L	0	1682	22900	3098	188	0	23344	270	0	0	19868	188	1496	0	188	0	20324	0	7106	4570	0	0	138	0	0	0	0	0	22508	0	0	0	150	2650	1240	910	11646	746	616	0	0	0	0	0	0	0	148	0	0	0	5502	0	2590	0	2822	0	39382	98	3680	0	9398	0	6150	0	5348	0	686	0	14324	1284	2460	768	3302	156	810	0	2570	1028	5418	0	5088	0	1818	0	6922	0	0	0	5510	0	0	0	0	0	0	0	0	0	0	0	0	0	0	0	0	0	0	0	0	0	0	0	0	0	0	0	
350648	Precentral_R	1682	0	1216	24494	0	0	208	11108	0	0	0	4494	0	380	0	0	0	1428	2600	8022	0	0	0	0	0	0	0	0	720	5292	0	0	534	4504	1856	2062	2192	10720	286	428	0	0	0	708	0	908	0	0	0	1588	0	496	0	688	128	1804	0	28706	0	660	0	3352	0	5608	0	1760	0	2384	2048	9388	246	3928	548	1494	182	0	1710	13662	424	266	0	986	0	0	0	2296	0	0	0	5130	0	0	0	0	0	0	0	0	0	0	0	0	0	0	0	0	0	0	0	0	0	0	0	0	0	0	
1.13464e+06	Frontal_Sup_L	22900	1216	0	11058	18754	164	79330	1396	3426	0	17184	182	21936	220	13974	1054	8362	0	89262	18700	102	100	45408	6888	1042	104	1248	0	58656	178	15392	3878	5416	11354	1104	1106	13680	842	506	0	370	0	0	0	0	0	0	0	0	0	1128	0	654	0	3172	0	4936	0	1256	0	1674	0	188	0	934	0	384	0	3558	138	14060	2448	32050	142	1704	0	4114	1682	4254	0	6152	0	2474	0	1384	0	0	0	2344	0	0	0	0	0	0	0	0	0	0	0	0	0	0	0	0	0	0	0	0	0	0	0	0	0	0	0	
1.03234e+06	Frontal_Sup_R	3098	24494	11058	0	972	8334	5458	38576	146	438	174	9072	616	7374	998	4924	0	4054	29878	93394	0	0	10426	43446	0	3768	144	802	2114	17256	2938	26808	3416	27338	1740	1784	2228	14294	342	3182	0	290	0	210	0	300	0	0	0	188	0	0	0	0	152	3034	0	1118	0	0	0	0	0	610	0	526	0	492	1470	972	9468	27676	1998	37844	390	1784	2034	18226	408	0	0	102	0	822	0	0	0	0	0	678	0	0	0	0	0	0	0	0	0	292	0	0	0	0	0	0	0	0	0	0	0	0	0	0	0	0	
247536	Frontal_Sup_Orb_L	188	0	18754	972	0	354	5868	0	13824	0	134	0	1362	0	18070	346	0	0	5760	1386	2096	1338	2594	0	2134	0	6656	414	14672	0	2066	0	0	916	0	0	0	0	0	0	0	0	0	0	0	0	0	0	0	0	0	0	0	0	0	0	0	0	0	0	0	0	0	0	0	0	0	0	0	0	5988	1130	16158	0	0	0	0	0	0	0	0	0	588	0	0	0	0	0	0	0	0	0	0	0	0	0	0	0	0	0	0	0	0	0	0	0	0	0	0	0	0	0	0	0	0	0	
163436	Frontal_Sup_Orb_R	0	0	164	8334	354	0	0	1804	124	4072	0	0	0	778	290	5296	0	0	1242	4144	1630	2750	412	7340	170	8458	954	9762	106	474	858	5304	0	126	0	0	0	0	0	0	0	0	0	0	0	0	0	0	0	0	0	0	0	0	0	0	0	0	0	0	0	0	0	0	0	0	0	0	0	0	1614	8912	774	5472	0	0	0	0	0	0	0	0	0	0	0	0	0	0	0	0	0	0	0	0	0	0	0	0	0	0	0	0	0	0	0	0	0	0	0	0	0	0	0	0	0	0	
649804	Frontal_Mid_L	23344	208	79330	5458	5868	0	0	740	3142	0	22582	266	38132	238	9684	436	10280	0	17536	7282	0	0	22900	3290	0	0	138	0	31870	196	6164	1070	2606	6582	0	0	1480	96	0	0	0	0	0	0	0	0	0	0	0	0	504	0	300	0	448	0	3112	0	676	0	842	0	0	0	526	0	166	0	158	0	4060	748	4906	168	0	0	392	0	1522	0	2602	0	1992	0	444	0	0	0	418	0	0	0	0	0	0	0	0	0	0	0	0	0	0	0	0	0	0	0	0	0	0	0	0	0	0	0	
260428	Frontal_Mid_R	270	11108	1396	38576	0	1804	740	0	0	1290	94	6902	246	11986	232	4420	0	3892	2224	8018	0	0	1802	7134	0	0	0	0	234	9310	188	906	194	1582	0	0	0	2276	0	266	0	0	0	0	0	0	0	0	0	0	0	0	0	0	0	360	0	2270	0	0	0	0	0	974	0	0	0	152	0	98	410	556	348	6498	0	0	218	102	0	0	0	128	0	618	0	0	0	0	0	392	0	0	0	0	0	0	0	0	0	0	0	0	0	0	0	0	0	0	0	0	0	0	0	0	0	0	
97404	Frontal_Mid_Orb_L	0	0	3426	146	13824	124	3142	0	0	0	0	0	2108	0	13918	0	0	0	1052	176	284	236	124	0	168	0	1882	134	4156	0	144	0	0	0	0	0	0	0	0	0	0	0	0	0	0	0	0	0	0	0	0	0	0	0	0	0	0	0	0	0	0	0	0	0	0	0	0	0	0	0	710	0	2798	0	0	0	0	0	0	0	0	0	150	0	0	0	0	0	0	0	0	0	0	0	0	0	0	0	0	0	0	0	0	0	0	0	0	0	0	0	0	0	0	0	0	0	
33584	Frontal_Mid_Orb_R	0	0	0	438	0	4072	0	1290	0	0	0	0	0	946	0	4542	0	0	0	274	108	264	0	288	0	102	0	1006	0	0	0	574	0	0	0	0	0	0	0	0	0	0	0	0	0	0	0	0	0	0	0	0	0	0	0	0	0	0	0	0	0	0	0	0	0	0	0	0	0	0	0	1192	0	1696	0	0	0	0	0	0	0	0	0	0	0	0	0	0	0	0	0	0	0	0	0	0	0	0	0	0	0	0	0	0	0	0	0	0	0	0	0	0	0	0	0	0	
320772	Frontal_Inf_Oper_L	19868	0	17184	174	134	0	22582	94	0	0	0	0	14282	0	186	0	20824	0	11112	276	0	0	1056	124	0	0	0	0	24216	0	600	0	110	150	0	0	2246	0	0	0	0	0	0	0	0	0	0	0	0	0	288	0	0	0	1264	0	5624	0	166	0	672	0	298	0	352	0	0	0	0	0	264	0	1714	0	0	0	0	0	392	0	7614	0	5374	0	562	0	0	0	584	0	0	0	0	0	0	0	0	0	0	0	0	0	0	0	0	0	0	0	0	0	0	0	0	0	0	0	
145624	Frontal_Inf_Oper_R	188	4494	182	9072	0	0	266	6902	0	0	0	0	0	11434	0	0	0	4040	1396	5096	0	0	0	346	0	0	0	0	0	12654	0	0	0	0	0	0	0	1566	0	746	0	0	0	0	0	0	0	0	0	134	0	0	0	0	0	792	0	3736	0	0	0	536	0	522	0	134	0	320	0	0	112	214	0	6148	0	100	0	0	0	0	0	214	0	858	0	120	0	0	0	280	0	0	0	0	0	0	0	0	0	210	0	0	0	0	0	0	0	0	0	0	0	0	0	0	0	0	
268260	Frontal_Inf_Tri_L	1496	0	21936	616	1362	0	38132	246	2108	0	14282	0	0	0	12066	134	858	0	7542	1060	0	0	2326	176	0	0	0	0	23114	0	872	118	300	244	0	0	236	0	0	0	0	0	0	0	0	0	0	0	0	0	0	0	0	0	0	0	0	0	0	0	0	0	0	0	0	0	0	0	0	0	1170	260	2594	0	0	0	0	0	0	0	410	0	472	0	0	0	0	0	0	0	0	0	0	0	0	0	0	0	0	0	0	0	0	0	0	0	0	0	0	0	0	0	0	0	0	0	
127968	Frontal_Inf_Tri_R	0	380	220	7374	0	778	238	11986	0	946	0	11434	0	0	0	4064	0	808	1364	5202	0	0	288	1372	0	0	0	0	0	10572	0	126	0	1076	0	0	0	500	0	270	0	0	0	0	0	0	0	0	0	0	0	0	0	0	0	254	0	356	0	0	0	0	0	0	0	114	0	0	0	0	0	0	0	4262	0	0	0	0	0	0	0	0	0	0	0	0	0	0	0	0	0	0	0	0	0	0	0	0	0	0	0	0	0	0	0	0	0	0	0	0	0	0	0	0	0	0	
260604	Frontal_Inf_Orb_L	188	0	13974	998	18070	290	9684	232	13918	0	186	0	12066	0	0	296	0	0	5586	1420	2728	1096	316	0	0	0	2524	350	21410	0	580	116	0	538	0	0	488	0	228	0	308	0	0	0	0	0	0	0	0	0	0	0	0	0	98	0	0	0	0	0	0	0	0	0	0	0	0	0	0	0	4166	968	14904	0	0	0	0	0	0	0	0	0	2576	0	0	0	0	0	0	0	0	0	0	0	0	0	0	0	0	0	0	0	0	0	0	0	0	0	0	0	0	0	0	0	0	0	
133424	Frontal_Inf_Orb_R	0	0	1054	4924	346	5296	436	4420	0	4542	0	0	134	4064	296	0	0	0	2644	4578	678	1564	760	3046	0	0	366	2288	360	4792	292	994	176	3514	0	0	0	0	0	0	0	0	0	0	0	0	0	0	0	0	0	0	0	0	0	0	0	0	0	0	0	0	0	0	0	0	0	0	0	0	1566	4352	906	8092	0	0	0	232	0	0	0	0	0	0	0	0	0	0	0	0	0	0	0	0	0	0	0	0	0	0	0	0	0	0	0	0	0	0	0	0	0	0	0	0	0	0	
272728	Rolandic_Oper_L	20324	0	8362	0	0	0	10280	0	0	0	20824	0	858	0	0	0	0	0	6838	0	0	0	0	0	0	0	0	0	19904	0	0	0	0	0	0	0	1298	0	0	0	0	0	0	0	0	0	0	0	0	0	1228	0	0	0	848	0	9688	0	976	0	1182	0	1676	0	2026	0	174	0	0	0	0	0	886	0	0	0	0	0	4062	0	13492	0	4958	0	4872	0	0	0	1608	0	0	0	0	0	0	0	0	0	0	0	0	0	0	0	0	0	0	0	0	0	0	0	0	0	0	0	
72460	Rolandic_Oper_R	0	1428	0	4054	0	0	0	3892	0	0	0	4040	0	808	0	0	0	0	0	958	0	0	0	0	0	0	0	0	0	9848	0	0	0	98	0	0	0	1296	0	158	0	0	0	0	0	0	0	0	0	214	0	0	0	0	0	798	0	1146	0	0	0	0	0	1190	0	480	0	264	0	172	0	0	0	1654	0	0	0	0	0	240	0	1034	0	1094	0	146	0	0	0	1218	0	0	0	0	0	0	0	0	0	0	0	0	0	0	0	0	0	0	0	0	0	0	0	0	0	0	
968540	Supp_Motor_Area_L	7106	2600	89262	29878	5760	1242	17536	2224	1052	0	11112	1396	7542	1364	5586	2644	6838	0	0	69894	0	0	13296	9596	224	252	620	0	35632	3208	4728	9706	16400	37940	1502	494	4996	0	0	0	370	0	0	0	0	0	0	0	0	0	94	0	0	0	2234	0	1532	0	0	0	246	0	114	0	0	0	0	0	8938	1934	15332	7884	22792	3220	2258	0	3578	1996	814	0	5766	0	2352	0	108	0	0	0	1078	0	0	0	0	0	0	0	0	0	0	0	0	0	0	0	0	0	0	0	0	0	0	0	0	0	0	0	
1.04041e+06	Supp_Motor_Area_R	4570	8022	18700	93394	1386	4144	7282	8018	176	274	276	5096	1060	5202	1420	4578	0	958	69894	0	0	0	6382	16624	0	580	174	0	3110	13182	4296	14998	14070	60524	2382	4574	240	8716	0	2976	0	290	0	582	0	392	0	0	0	450	124	410	0	442	0	3484	0	1654	0	0	0	144	0	204	0	428	242	1168	9128	17624	11606	27894	2012	32928	528	3050	2236	13604	0	0	0	128	0	254	104	224	0	0	0	1306	0	0	0	0	0	0	0	0	0	286	0	0	0	0	0	0	0	0	0	0	0	0	0	0	0	0	
106972	Olfactory_L	0	0	102	0	2096	1630	0	0	284	108	0	0	0	0	2728	678	0	0	0	0	0	7994	0	0	662	380	3310	2058	2658	0	3738	1984	0	0	0	0	910	0	452	0	604	0	0	0	0	0	0	0	0	0	0	0	0	0	148	0	0	0	0	0	0	0	0	0	0	0	0	0	0	0	8460	5722	4318	1354	282	290	0	0	0	0	0	0	536	0	0	0	0	0	0	0	0	0	0	0	0	0	0	0	0	0	0	0	0	0	0	0	0	0	0	0	0	0	0	0	0	0	
116196	Olfactory_R	0	0	100	0	1338	2750	0	0	236	264	0	0	0	0	1096	1564	0	0	0	0	7994	0	0	368	450	1826	2706	4428	370	2190	3420	3118	0	0	0	0	0	118	0	132	0	478	0	0	0	0	0	0	0	0	0	0	0	0	0	0	0	0	0	0	0	0	0	0	0	0	0	0	0	0	8000	8044	4178	2160	332	334	0	0	0	0	0	0	0	104	0	0	0	0	0	0	0	0	0	0	0	0	0	0	0	0	0	0	0	0	0	0	0	0	0	0	0	0	0	0	0	0	
426024	Frontal_Sup_Medial_L	138	0	45408	10426	2594	412	22900	1802	124	0	1056	0	2326	288	316	760	0	0	13296	6382	0	0	0	26956	1566	1434	1014	0	2756	602	25484	17206	8870	14222	0	0	0	0	0	0	0	0	0	0	0	0	0	0	0	0	0	0	0	0	0	0	0	0	0	0	0	0	0	0	0	0	0	0	0	0	1506	872	1404	892	0	0	0	0	0	0	0	0	0	0	0	0	0	0	0	0	0	0	0	0	0	0	0	0	0	0	0	0	0	0	0	0	0	0	0	0	0	0	0	0	0	0	
464820	Frontal_Sup_Medial_R	0	0	6888	43446	0	7340	3290	7134	0	288	124	346	176	1372	0	3046	0	0	9596	16624	0	368	26956	0	114	8800	240	1366	180	1940	8786	34328	2592	24674	0	0	0	0	0	0	0	0	0	0	0	0	0	0	0	0	0	0	0	0	0	0	0	0	0	0	0	0	0	0	0	0	0	0	0	0	426	12880	198	8892	0	0	0	0	0	0	0	0	0	0	0	0	0	0	0	0	0	0	0	0	0	0	0	0	0	0	0	0	0	0	0	0	0	0	0	0	0	0	0	0	0	0	
27532	Frontal_Med_Orb_L	0	0	1042	0	2134	170	0	0	168	0	0	0	0	0	0	0	0	0	224	0	662	450	1566	114	0	490	1452	186	146	0	3196	164	0	0	0	0	0	0	0	0	0	0	0	0	0	0	0	0	0	0	0	0	0	0	0	0	0	0	0	0	0	0	0	0	0	0	0	0	0	0	716	228	658	0	0	0	0	0	0	0	0	0	0	0	0	0	0	0	0	0	0	0	0	0	0	0	0	0	0	0	0	0	0	0	0	0	0	0	0	0	0	0	0	0	0	0	
113136	Frontal_Med_Orb_R	0	0	104	3768	0	8458	0	0	0	102	0	0	0	0	0	0	0	0	252	580	380	1826	1434	8800	490	0	564	7308	0	0	2566	8992	0	462	0	0	0	0	0	0	0	0	0	0	0	0	0	0	0	0	0	0	0	0	0	0	0	0	0	0	0	0	0	0	0	0	0	0	0	0	350	5220	0	4912	0	0	0	0	0	0	0	0	0	0	0	0	0	0	0	0	0	0	0	0	0	0	0	0	0	0	0	0	0	0	0	0	0	0	0	0	0	0	0	0	0	0	
85332	Rectus_L	0	0	1248	144	6656	954	138	0	1882	0	0	0	0	0	2524	366	0	0	620	174	3310	2706	1014	240	1452	564	0	1346	1034	0	5104	926	0	136	0	0	0	0	0	0	0	0	0	0	0	0	0	0	0	0	0	0	0	0	0	0	0	0	0	0	0	0	0	0	0	0	0	0	0	0	5052	1792	2894	390	0	0	0	0	0	0	0	0	0	0	0	0	0	0	0	0	0	0	0	0	0	0	0	0	0	0	0	0	0	0	0	0	0	0	0	0	0	0	0	0	0	0	
88532	Rectus_R	0	0	0	802	414	9762	0	0	134	1006	0	0	0	0	350	2288	0	0	0	0	2058	4428	0	1366	186	7308	1346	0	132	892	796	3648	0	0	0	0	0	0	0	0	0	0	0	0	0	0	0	0	0	0	0	0	0	0	0	0	0	0	0	0	0	0	0	0	0	0	0	0	0	0	1952	2862	928	1608	0	0	0	0	0	0	0	0	0	0	0	0	0	0	0	0	0	0	0	0	0	0	0	0	0	0	0	0	0	0	0	0	0	0	0	0	0	0	0	0	0	0	
802176	Insula_L	22508	720	58656	2114	14672	106	31870	234	4156	0	24216	0	23114	0	21410	360	19904	0	35632	3110	2658	370	2756	180	146	0	1034	132	0	0	1424	176	682	1172	978	890	20850	544	640	0	2326	0	0	0	0	0	0	0	0	0	1700	0	980	0	7244	0	6476	0	1068	0	1234	0	338	0	1470	0	158	0	420	0	5124	926	27992	0	0	0	2794	892	9936	0	13566	0	7820	0	3972	0	242	0	6846	0	0	0	0	0	0	0	0	0	150	0	0	0	0	0	0	0	0	0	0	0	0	0	0	0	0	0	
310776	Insula_R	0	5292	178	17256	0	474	196	9310	0	0	0	12654	0	10572	0	4792	0	9848	3208	13182	0	2190	602	1940	0	0	0	892	0	0	0	300	94	2266	0	0	0	7772	0	2172	0	808	0	122	0	142	0	0	0	430	0	0	0	0	0	3972	0	2744	0	282	0	194	0	152	0	496	0	732	0	188	114	1600	0	29266	0	0	0	0	0	738	0	2018	0	1680	0	1116	0	0	0	3126	0	0	0	0	0	0	0	0	0	278	0	0	0	0	0	0	0	0	0	0	0	0	0	0	0	0	
282828	Cingulum_Ant_L	0	0	15392	2938	2066	858	6164	188	144	0	600	0	872	0	580	292	0	0	4728	4296	3738	3420	25484	8786	3196	2566	5104	796	1424	0	0	17818	6128	5112	0	0	0	0	0	0	0	0	0	0	0	0	0	0	0	0	0	0	0	0	0	0	0	0	0	0	0	0	0	0	0	0	0	0	0	0	7388	4430	4560	2020	0	326	0	0	0	0	0	0	0	0	0	0	0	0	0	0	0	0	0	0	0	0	0	0	0	0	0	0	0	0	0	0	0	0	0	0	0	0	0	0	0	0	
422444	Cingulum_Ant_R	0	0	3878	26808	0	5304	1070	906	0	574	0	0	118	126	116	994	0	0	9706	14998	1984	3118	17206	34328	164	8992	926	3648	176	300	17818	0	3474	22134	0	0	0	0	0	0	0	0	0	0	0	0	0	0	0	0	0	0	0	0	0	0	0	0	0	0	0	0	0	0	0	0	0	0	0	0	2300	18498	516	10610	0	432	0	0	0	0	0	0	0	0	0	0	0	0	0	0	0	0	0	0	0	0	0	0	0	0	0	0	0	0	0	0	0	0	0	0	0	0	0	0	0	0	
213508	Cingulum_Mid_L	150	534	5416	3416	0	0	2606	194	0	0	110	0	300	0	0	176	0	0	16400	14070	0	0	8870	2592	0	0	0	0	682	94	6128	3474	0	15814	4264	316	0	0	0	0	0	0	502	98	1196	150	0	0	546	0	1658	0	264	0	182	0	0	0	1846	0	306	0	0	0	300	0	6912	678	4226	786	466	400	0	302	0	0	0	230	0	0	0	0	0	0	100	0	0	0	0	0	0	0	0	0	0	0	0	0	0	0	0	0	0	0	0	0	0	0	0	0	0	0	0	0	0	0	
663936	Cingulum_Mid_R	2650	4504	11354	27338	916	126	6582	1582	0	0	150	0	244	1076	538	3514	0	98	37940	60524	0	0	14222	24674	0	462	136	0	1172	2266	5112	22134	15814	0	2552	8252	0	896	0	0	0	0	0	1478	0	4484	0	112	0	3922	0	1818	0	844	0	774	0	6006	0	648	0	734	0	144	0	752	1718	10490	5432	18256	6720	3776	714	2006	0	0	380	1410	0	0	0	236	0	0	0	596	0	0	0	1690	0	0	0	0	0	0	0	0	0	0	0	0	0	0	0	0	0	0	0	0	0	0	0	0	0	0	
113496	Cingulum_Post_L	1240	1856	1104	1740	0	0	0	0	0	0	0	0	0	0	0	0	0	0	1502	2382	0	0	0	0	0	0	0	0	978	0	0	0	4264	2552	0	5764	5000	2478	2314	0	0	0	2256	0	332	0	1024	0	144	0	348	0	1372	0	1724	0	0	290	0	0	0	0	0	0	0	0	5022	550	2970	1664	0	566	218	0	0	0	636	3054	674	0	124	0	0	0	346	0	0	0	260	0	0	0	0	0	0	0	0	0	0	0	0	0	0	0	0	0	0	0	0	0	0	0	0	0	0	0	
142632	Cingulum_Post_R	910	2062	1106	1784	0	0	0	0	0	0	0	0	0	0	0	0	0	0	494	4574	0	0	0	0	0	0	0	0	890	0	0	0	316	8252	5764	0	3394	6036	632	112	0	0	0	2682	0	1384	0	1630	0	1046	0	894	0	698	274	1408	0	1466	0	292	0	0	0	0	0	0	718	9368	1070	5004	0	0	166	0	0	0	686	3064	668	0	124	0	0	0	0	178	0	0	0	1872	0	0	0	0	0	0	0	0	0	0	0	0	0	0	0	0	0	0	0	0	298	0	0	0	0	0	
335116	Hippocampus_L	11646	2192	13680	2228	0	0	1480	0	0	0	2246	0	236	0	488	0	1298	0	4996	240	910	0	0	0	0	0	0	0	20850	0	0	0	0	0	5000	3394	0	2548	10106	0	9092	0	1116	0	0	0	1504	130	0	0	380	0	888	0	17992	0	1286	0	146	0	154	0	0	0	212	0	1824	0	2130	0	270	274	13834	128	902	0	4726	3392	3800	0	3192	0	2806	0	1362	0	436	0	10992	0	0	0	0	0	0	0	308	0	594	0	0	0	0	0	0	0	0	0	0	150	0	0	0	0	0	0	
338616	Hippocampus_R	746	10720	842	14294	0	0	96	2276	0	0	0	1566	0	500	0	0	0	1296	0	8716	0	118	0	0	0	0	0	0	544	7772	0	0	0	896	2478	6036	2548	0	650	20622	0	9500	0	784	0	276	0	1752	0	288	0	110	0	364	236	27864	0	1734	0	0	0	0	0	144	0	182	0	3106	236	1550	0	2352	0	17476	0	840	276	4138	572	0	124	210	0	626	0	264	0	0	0	10376	0	0	0	0	0	0	0	318	0	894	0	0	0	0	0	0	0	0	0	0	0	0	0	0	0	0	
77312	ParaHippocampal_L	616	286	506	342	0	0	0	0	0	0	0	0	0	0	228	0	0	0	0	0	452	0	0	0	0	0	0	0	640	0	0	0	0	0	2314	632	10106	650	0	0	2192	0	1076	0	0	0	2182	114	0	0	0	0	1032	0	6344	0	0	0	0	0	0	0	0	0	0	0	1698	0	488	0	0	0	992	0	0	0	590	620	0	0	0	0	906	0	0	0	896	0	404	0	276	0	0	0	298	0	944	0	706	0	0	0	0	0	0	0	0	0	0	126	0	0	0	0	0	0	
159252	ParaHippocampal_R	0	428	0	3182	0	0	0	266	0	0	0	746	0	270	0	0	0	158	0	2976	0	132	0	0	0	0	0	0	0	2172	0	0	0	0	0	112	0	20622	0	0	0	5520	0	158	0	0	0	1172	0	0	0	0	0	124	0	20372	0	0	0	0	0	0	0	0	0	0	0	248	0	0	0	726	0	8328	0	826	0	258	0	0	0	0	0	1192	0	0	0	576	0	4408	0	504	0	0	0	128	0	1792	0	2230	0	0	0	0	0	0	0	0	0	0	0	0	0	0	0	0	
53496	Amygdala_L	0	0	370	0	0	0	0	0	0	0	0	0	0	0	308	0	0	0	370	0	604	0	0	0	0	0	0	0	2326	0	0	0	0	0	0	0	9092	0	2192	0	0	0	0	0	0	0	0	0	0	0	0	0	0	0	4978	0	0	0	0	0	0	0	0	0	0	0	0	0	0	0	0	0	1556	0	0	0	0	0	0	0	196	0	1574	0	0	0	528	0	2654	0	0	0	0	0	0	0	0	0	0	0	0	0	0	0	0	0	0	0	0	0	0	0	0	0	0	0	
55952	Amygdala_R	0	0	0	290	0	0	0	0	0	0	0	0	0	0	0	0	0	0	0	290	0	478	0	0	0	0	0	0	0	808	0	0	0	0	0	0	0	9500	0	5520	0	0	0	0	0	0	0	0	0	0	0	0	0	0	0	6188	0	0	0	0	0	0	0	0	0	0	0	0	0	0	0	294	0	1956	0	0	0	0	0	0	0	0	0	1472	0	0	0	106	0	1074	0	0	0	0	0	0	0	0	0	0	0	0	0	0	0	0	0	0	0	0	0	0	0	0	0	0	
141124	Calcarine_L	0	0	0	0	0	0	0	0	0	0	0	0	0	0	0	0	0	0	0	0	0	0	0	0	0	0	0	0	0	0	0	0	502	0	2256	0	1116	0	1076	0	0	0	0	5580	9184	4694	7400	980	7420	640	11622	0	4288	0	1308	114	212	0	914	0	120	0	0	0	0	0	9338	104	146	0	0	0	0	0	0	0	0	0	0	0	0	0	0	0	1330	0	0	0	218	0	0	0	0	0	0	0	0	0	0	0	0	0	0	0	0	0	0	0	0	0	0	0	0	0	0	0	
319300	Calcarine_R	0	708	0	210	0	0	0	0	0	0	0	0	0	0	0	0	0	0	0	582	0	0	0	0	0	0	0	0	0	122	0	0	98	1478	0	2682	0	784	0	158	0	0	5580	0	5582	35038	1132	19192	0	22526	0	11306	0	10260	0	9536	0	3324	0	618	0	102	0	0	0	922	710	19798	0	2952	0	0	0	0	0	0	0	0	0	0	0	0	0	0	0	932	0	0	0	3318	0	0	0	0	0	0	0	0	0	0	0	0	0	0	0	0	0	0	0	0	0	0	0	0	0	0	
200816	Cuneus_L	0	0	0	0	0	0	0	0	0	0	0	0	0	0	0	0	0	0	0	0	0	0	0	0	0	0	0	0	0	0	0	0	1196	0	332	0	0	0	0	0	0	0	9184	5582	0	6078	2616	284	24114	1372	20202	214	4926	0	526	190	1500	0	7062	0	1034	0	0	0	714	0	10676	0	1430	0	0	0	0	0	0	0	0	0	0	0	0	0	0	0	1072	0	0	0	104	0	0	0	0	0	0	0	0	0	0	0	0	0	0	0	0	0	0	0	0	0	0	0	0	0	0	0	
367368	Cuneus_R	0	908	0	300	0	0	0	0	0	0	0	0	0	0	0	0	0	0	0	392	0	0	0	0	0	0	0	0	0	142	0	0	150	4484	0	1384	0	276	0	0	0	0	4694	35038	6078	0	622	5152	0	44138	0	13754	0	5744	0	4032	0	3610	0	3912	0	642	0	0	0	2064	3740	30766	0	3528	0	0	0	0	0	0	0	0	0	0	0	384	0	0	0	3562	0	0	0	4188	0	0	0	0	0	0	0	0	0	0	0	0	0	0	0	0	0	0	0	0	0	0	0	0	0	0	
209380	Lingual_L	148	0	0	0	0	0	0	0	0	0	0	0	0	0	0	0	0	0	0	0	0	0	0	0	0	0	0	0	0	0	0	0	0	0	1024	0	1504	0	2182	0	0	0	7400	1132	2616	622	0	2196	4004	0	13726	0	12308	104	13008	610	0	0	248	0	0	0	0	0	0	0	2168	0	136	0	0	0	0	0	0	0	298	0	0	0	0	0	0	0	0	0	0	0	582	0	7474	1370	132	0	160	0	7066	620	11770	2556	0	0	162	0	0	0	0	0	0	0	1484	4074	1630	0	0	176	
244340	Lingual_R	0	0	0	0	0	0	0	0	0	0	0	0	0	0	0	0	0	0	0	0	0	0	0	0	0	0	0	0	0	0	0	0	0	112	0	1630	130	1752	114	1172	0	0	980	19192	284	5152	2196	0	0	4282	0	2834	354	8694	1550	18726	0	116	0	0	0	0	0	0	0	0	0	5632	0	158	0	0	0	0	0	0	0	0	0	0	0	0	0	0	0	0	0	0	0	1674	1522	3410	102	174	0	200	2734	6420	5518	9296	0	0	246	0	550	0	0	0	0	0	5896	7330	1444	334	260	0	
267812	Occipital_Sup_L	0	0	0	0	0	0	0	0	0	0	0	0	0	0	0	0	0	0	0	0	0	0	0	0	0	0	0	0	0	0	0	0	546	0	144	0	0	0	0	0	0	0	7420	0	24114	0	4004	0	0	0	42654	0	10598	0	988	0	770	0	20670	0	2002	0	0	0	1378	0	16536	0	164	0	0	0	0	0	0	0	0	0	0	0	0	0	0	0	1638	0	0	0	280	0	0	0	0	0	0	0	0	0	0	0	0	0	0	0	0	0	0	0	0	0	0	0	0	0	0	0	
364688	Occipital_Sup_R	0	1588	0	188	0	0	0	0	0	0	0	134	0	0	0	0	0	214	0	450	0	0	0	0	0	0	0	0	0	430	0	0	0	3922	0	1046	0	288	0	0	0	0	640	22526	1372	44138	0	4282	0	0	0	23496	0	6342	0	3322	0	3616	0	7432	0	2204	0	0	0	8706	1394	23402	0	3234	0	0	0	0	0	0	0	0	0	0	0	1300	0	0	0	8742	0	0	0	7936	0	0	0	0	0	0	0	0	0	0	0	0	0	0	0	0	0	0	0	0	0	0	0	0	0	0	
586892	Occipital_Mid_L	5502	0	1128	0	0	0	504	0	0	0	288	0	0	0	0	0	1228	0	94	124	0	0	0	0	0	0	0	0	1700	0	0	0	1658	0	348	0	380	0	0	0	0	0	11622	0	20202	0	13726	0	42654	0	0	0	30436	0	5074	0	12716	0	35880	0	22034	0	1320	0	25038	0	18136	0	8168	0	0	0	0	0	0	0	0	0	300	0	1106	0	0	0	21256	0	0	0	10824	0	0	0	0	0	0	0	0	0	0	0	0	0	0	0	0	0	0	0	0	0	0	0	0	0	0	0	
218808	Occipital_Mid_R	0	496	0	0	0	0	0	0	0	0	0	0	0	0	0	0	0	0	0	410	0	0	0	0	0	0	0	0	0	0	0	0	0	1818	0	894	0	110	0	0	0	0	0	11306	214	13754	0	2834	0	23496	0	0	0	7128	0	3408	0	1206	0	3388	0	2664	0	0	0	13570	482	8800	0	1766	0	0	0	0	0	0	0	0	0	0	0	452	0	0	0	8202	0	0	0	3006	0	0	0	0	0	0	0	0	0	0	0	0	0	0	0	0	0	0	0	0	0	0	0	0	0	0	
220708	Occipital_Inf_L	2590	0	654	0	0	0	300	0	0	0	0	0	0	0	0	0	0	0	0	0	0	0	0	0	0	0	0	0	980	0	0	0	264	0	1372	0	888	0	1032	0	0	0	4288	0	4926	0	12308	354	10598	0	30436	0	0	0	15942	148	322	0	2860	0	328	0	0	0	460	0	3900	0	1494	0	0	0	0	0	0	0	0	0	420	0	0	0	0	0	4498	0	0	0	5412	0	390	140	0	0	0	0	202	186	1340	336	0	0	0	0	0	0	0	0	0	0	378	608	0	0	0	0	
139328	Occipital_Inf_R	0	688	0	0	0	0	0	0	0	0	0	0	0	0	0	0	0	0	0	442	0	0	0	0	0	0	0	0	0	0	0	0	0	844	0	698	0	364	0	124	0	0	0	10260	0	5744	104	8694	0	6342	0	7128	0	0	0	11658	0	882	0	0	0	0	0	0	0	606	154	4144	0	1416	0	0	0	0	0	0	0	0	0	0	0	106	0	0	0	800	0	0	0	7592	0	142	0	0	0	0	0	0	158	336	0	0	0	0	0	0	0	0	0	0	0	238	0	0	0	0	
382980	Fusiform_L	2822	128	3172	152	0	0	448	0	0	0	1264	0	0	0	98	0	848	0	2234	0	148	0	0	0	0	0	0	0	7244	0	0	0	182	0	1724	274	17992	236	6344	0	4978	0	1308	0	526	0	13008	1550	988	0	5074	0	15942	0	0	518	440	0	98	0	224	0	0	0	96	0	1130	0	1074	0	0	0	3900	0	0	0	232	246	704	0	2832	0	1726	0	1902	0	1444	0	15344	0	19666	362	426	0	0	0	12622	1196	25408	1268	122	0	292	0	298	326	0	0	0	0	3850	2968	826	250	336	680	
425160	Fusiform_R	0	1804	0	3034	0	0	0	360	0	0	0	792	0	254	0	0	0	798	0	3484	0	0	0	0	0	0	0	0	0	3972	0	0	0	774	0	1408	0	27864	0	20372	0	6188	114	9536	190	4032	610	18726	0	3322	0	3408	148	11658	518	0	0	1284	0	0	0	0	0	106	0	224	0	1386	0	1274	0	744	0	8240	0	458	0	0	0	140	0	1058	0	3886	0	1480	0	998	0	22388	400	8990	0	308	0	208	368	8516	1974	15752	0	0	0	0	380	0	0	0	0	0	2574	4092	1190	500	296	0	
395272	Postcentral_L	39382	0	4936	0	0	0	3112	0	0	0	5624	0	0	0	0	0	9688	0	1532	0	0	0	0	0	0	0	0	0	6476	0	0	0	0	0	0	0	1286	0	0	0	0	0	212	0	1500	0	0	0	770	0	12716	0	322	0	440	0	0	0	19060	0	35664	0	15784	0	14014	0	3712	0	5790	0	0	0	580	0	96	0	276	0	2514	0	3480	0	0	0	4470	0	0	0	4200	0	0	0	0	0	0	0	0	0	0	0	0	0	0	0	0	0	0	0	0	0	0	0	0	0	0	0	
254564	Postcentral_R	98	28706	0	1118	0	0	0	2270	0	0	0	3736	0	356	0	0	0	1146	0	1654	0	0	0	0	0	0	0	0	0	2744	0	0	0	6006	290	1466	0	1734	0	0	0	0	0	3324	0	3610	0	116	0	3616	0	1206	0	882	0	1284	0	0	0	5798	0	8458	0	13302	0	5214	156	8856	166	10476	0	438	0	292	0	0	0	0	0	214	0	1314	0	0	0	2398	0	0	0	4838	0	0	0	0	0	0	0	0	0	0	0	0	0	0	0	0	0	0	0	0	0	0	0	0	0	0	
332808	Parietal_Sup_L	3680	0	1256	0	0	0	676	0	0	0	166	0	0	0	0	0	976	0	0	0	0	0	0	0	0	0	0	0	1068	0	0	0	1846	0	0	0	146	0	0	0	0	0	914	0	7062	0	248	0	20670	0	35880	0	2860	0	98	0	19060	0	0	0	20892	0	930	0	14118	0	20004	150	6450	0	0	0	0	0	0	0	0	0	256	0	1026	0	0	0	3400	0	0	0	2572	0	0	0	0	0	0	0	0	0	0	0	0	0	0	0	0	0	0	0	0	0	0	0	0	0	0	0	
112924	Parietal_Sup_R	0	660	0	0	0	0	0	0	0	0	0	0	0	0	0	0	0	0	0	0	0	0	0	0	0	0	0	0	0	282	0	0	0	648	0	292	0	0	0	0	0	0	0	618	0	3912	0	0	0	7432	0	3388	0	0	0	0	0	5798	0	0	0	5936	0	1826	0	7730	1440	14652	0	974	0	0	0	0	0	0	0	0	0	0	0	0	0	0	0	460	0	0	0	414	0	0	0	0	0	0	0	0	0	0	0	0	0	0	0	0	0	0	0	0	0	0	0	0	0	0	
342416	Parietal_Inf_L	9398	0	1674	0	0	0	842	0	0	0	672	0	0	0	0	0	1182	0	246	0	0	0	0	0	0	0	0	0	1234	0	0	0	306	0	0	0	154	0	0	0	0	0	120	0	1034	0	0	0	2002	0	22034	0	328	0	224	0	35664	0	20892	0	0	0	18102	0	30082	0	3086	0	3776	0	0	0	0	0	0	0	0	0	304	0	1342	0	0	0	8696	0	0	0	7814	0	0	0	0	0	0	0	0	0	0	0	0	0	0	0	0	0	0	0	0	0	0	0	0	0	0	0	
125476	Parietal_Inf_R	0	3352	0	0	0	0	0	0	0	0	0	536	0	0	0	0	0	0	0	144	0	0	0	0	0	0	0	0	0	194	0	0	0	734	0	0	0	0	0	0	0	0	0	102	0	642	0	0	0	2204	0	2664	0	0	0	0	0	8458	0	5936	0	0	0	9052	0	17564	0	884	0	1530	0	0	0	0	0	0	0	0	0	0	0	564	0	0	0	5514	0	0	0	2664	0	0	0	0	0	0	0	0	0	0	0	0	0	0	0	0	0	0	0	0	0	0	0	0	0	0	
138620	SupraMarginal_L	6150	0	188	0	0	0	0	0	0	0	298	0	0	0	0	0	1676	0	114	0	0	0	0	0	0	0	0	0	338	0	0	0	0	0	0	0	0	0	0	0	0	0	0	0	0	0	0	0	0	0	1320	0	0	0	0	0	15784	0	930	0	18102	0	0	0	9068	0	208	0	184	0	0	0	0	0	0	0	0	0	204	0	6928	0	0	0	5836	0	0	0	1982	0	0	0	0	0	0	0	0	0	0	0	0	0	0	0	0	0	0	0	0	0	0	0	0	0	0	0	
96472	SupraMarginal_R	0	5608	0	610	0	0	0	974	0	0	0	522	0	0	0	0	0	1190	0	204	0	0	0	0	0	0	0	0	0	152	0	0	0	144	0	0	0	144	0	0	0	0	0	0	0	0	0	0	0	0	0	0	0	0	0	106	0	13302	0	1826	0	9052	0	0	0	6452	0	0	0	794	0	0	0	0	0	0	0	0	0	126	0	2656	0	0	0	2426	0	0	0	1948	0	0	0	0	0	0	0	0	0	0	0	0	0	0	0	0	0	0	0	0	0	0	0	0	0	0	
291708	Angular_L	5348	0	934	0	0	0	526	0	0	0	352	0	0	0	0	0	2026	0	0	0	0	0	0	0	0	0	0	0	1470	0	0	0	300	0	0	0	212	0	0	0	0	0	0	0	714	0	0	0	1378	0	25038	0	460	0	96	0	14014	0	14118	0	30082	0	9068	0	0	0	2634	0	2464	0	0	0	0	0	0	0	0	0	446	0	5898	0	0	0	19492	0	0	0	8784	0	0	0	0	0	0	0	0	0	0	0	0	0	0	0	0	0	0	0	0	0	0	0	0	0	0	0	
195328	Angular_R	0	1760	0	526	0	0	0	0	0	0	0	134	0	114	0	0	0	480	0	428	0	0	0	0	0	0	0	0	0	496	0	0	0	752	0	0	0	182	0	0	0	0	0	922	0	2064	0	0	0	8706	0	13570	0	606	0	224	0	5214	0	7730	0	17564	0	6452	0	0	0	2088	0	1580	0	0	0	0	0	0	0	0	0	110	0	4056	0	0	0	13456	0	0	0	8450	0	0	0	0	0	0	0	0	0	0	0	0	0	0	0	0	0	0	0	0	0	0	0	0	0	0	
274084	Precuneus_L	686	0	384	0	0	0	166	0	0	0	0	0	0	0	0	0	174	0	0	242	0	0	0	0	0	0	0	0	158	0	0	0	6912	1718	5022	718	1824	0	1698	0	0	0	9338	710	10676	3740	2168	0	16536	1394	18136	482	3900	154	1130	0	3712	156	20004	1440	3086	0	208	0	2634	0	0	9770	4796	406	0	0	0	0	0	0	0	0	0	0	158	0	0	0	1838	0	0	0	566	202	0	0	0	0	0	0	0	0	0	0	0	0	0	0	0	0	0	0	0	0	0	0	0	0	0	0	
360768	Precuneus_R	0	2384	0	492	0	0	0	152	0	0	0	320	0	0	0	0	0	264	0	1168	0	0	0	0	0	0	0	0	0	732	0	0	678	10490	550	9368	0	3106	0	248	0	0	104	19798	0	30766	0	5632	0	23402	0	8800	0	4144	0	1386	0	8856	150	14652	0	884	0	0	0	2088	9770	0	214	8398	0	0	0	0	0	0	0	134	0	0	0	516	0	0	0	3940	0	0	0	6332	0	0	0	0	0	0	0	0	0	0	0	0	0	0	0	0	0	0	0	0	466	0	0	0	0	0	
219388	Paracentral_Lobule_L	14324	2048	3558	1470	0	0	158	0	0	0	0	0	0	0	0	0	0	0	8938	9128	0	0	0	0	0	0	0	0	420	0	0	0	4226	5432	2970	1070	2130	236	488	0	0	0	146	0	1430	0	136	0	164	0	8168	0	1494	0	1074	0	5790	166	6450	0	3776	0	184	0	2464	0	4796	214	0	3252	226	1514	854	0	286	0	2064	1668	160	0	104	0	0	0	4208	0	0	0	2310	0	0	0	0	0	0	0	0	0	0	0	0	0	0	0	0	0	0	0	0	0	0	0	0	0	0	0	
215332	Paracentral_Lobule_R	1284	9388	138	972	0	0	0	98	0	0	0	0	0	0	0	0	0	172	1934	17624	0	0	0	0	0	0	0	0	0	188	0	0	786	18256	1664	5004	0	1550	0	0	0	0	0	2952	0	3528	0	158	0	3234	0	1766	0	1416	0	1274	0	10476	0	974	0	1530	0	794	0	1580	406	8398	3252	0	0	858	0	0	0	0	170	1042	0	94	0	838	0	0	0	940	0	0	0	2928	0	0	0	0	0	0	0	0	0	0	0	0	0	0	0	0	0	0	0	0	0	0	0	0	0	0	
321880	Caudate_L	2460	246	14060	9468	5988	1614	4060	410	710	0	264	112	1170	0	4166	1566	0	0	15332	11606	8460	8000	1506	426	716	350	5052	1952	5124	114	7388	2300	466	6720	0	0	270	0	0	0	0	0	0	0	0	0	0	0	0	0	0	0	0	0	0	0	0	0	0	0	0	0	0	0	0	0	0	0	226	0	0	11666	13884	1140	2422	214	7790	1522	0	0	0	0	0	0	0	0	0	0	0	0	0	0	0	0	0	0	0	0	0	0	0	0	0	0	0	0	0	0	0	0	0	0	0	0	0	0	
475280	Caudate_R	768	3928	2448	27676	1130	8912	748	556	0	1192	0	214	260	0	968	4352	0	0	7884	27894	5722	8044	872	12880	228	5220	1792	2862	926	1600	4430	18498	400	3776	566	0	274	2352	0	726	0	294	0	0	0	0	0	0	0	0	0	0	0	0	0	744	0	438	0	0	0	0	0	0	0	0	0	0	1514	858	11666	0	4956	22452	1670	2038	9338	21574	0	0	0	0	0	0	0	0	0	0	0	0	0	0	0	0	0	0	0	0	0	0	0	0	0	0	0	0	0	0	0	0	0	0	0	0	0	0	
432012	Putamen_L	3302	548	32050	1998	16158	774	4906	348	2798	0	1714	0	2594	0	14904	906	886	0	22792	2012	4318	4178	1404	198	658	0	2894	928	27992	0	4560	516	0	714	218	166	13834	0	992	0	1556	0	0	0	0	0	0	0	0	0	0	0	0	0	3900	0	580	0	0	0	0	0	0	0	0	0	0	0	854	0	13884	4956	0	656	6554	0	2680	536	216	0	2422	0	2234	0	120	0	0	0	2484	0	0	0	0	0	0	0	0	0	114	0	0	0	0	0	0	0	0	0	0	0	0	0	0	0	0	0	
482228	Putamen_R	156	1494	142	37844	0	5472	168	6498	0	1696	0	6148	0	4262	0	8092	0	1654	3220	32928	1354	2160	892	8892	0	4912	390	1608	0	29266	2020	10610	302	2006	0	0	128	17476	0	8328	0	1956	0	0	0	0	0	0	0	0	0	0	0	0	0	8240	0	292	0	0	0	0	0	0	0	0	0	0	0	0	1140	22452	656	0	0	3400	0	538	0	0	0	0	0	180	0	0	0	0	0	1332	0	0	0	0	0	0	0	0	0	810	0	0	0	0	0	0	0	0	0	0	0	0	0	0	0	0	
42924	Pallidum_L	810	182	1704	390	0	0	0	0	0	0	0	0	0	0	0	0	0	0	2258	528	282	332	0	0	0	0	0	0	0	0	0	0	0	0	0	0	902	0	0	0	0	0	0	0	0	0	0	0	0	0	0	0	0	0	0	0	96	0	0	0	0	0	0	0	0	0	0	0	286	0	2422	1670	6554	0	0	0	2818	228	0	0	0	0	0	0	0	0	0	0	0	0	0	0	0	0	0	0	0	0	0	0	0	0	0	0	0	0	0	0	0	0	0	0	0	0	0	0	
28184	Pallidum_R	0	0	0	1784	0	0	0	0	0	0	0	100	0	0	0	0	0	0	0	3050	290	334	0	0	0	0	0	0	0	0	326	432	0	0	0	0	0	840	0	826	0	0	0	0	0	0	0	0	0	0	0	0	0	0	0	458	0	0	0	0	0	0	0	0	0	0	0	0	0	0	214	2038	0	3400	0	0	0	0	0	0	0	0	0	0	0	0	0	0	0	0	0	0	0	0	0	0	0	0	0	0	0	0	0	0	0	0	0	0	0	0	0	0	0	0	0	0	
122388	Thalamus_L	2570	1710	4114	2034	0	0	392	218	0	0	0	0	0	0	0	0	0	0	3578	2236	0	0	0	0	0	0	0	0	2794	0	0	0	0	380	636	686	4726	276	590	0	0	0	0	0	0	0	298	0	0	0	0	0	0	0	232	0	276	0	0	0	0	0	0	0	0	0	0	0	2064	170	7790	9338	2680	0	2818	0	0	7456	1132	0	0	0	0	0	0	0	0	0	0	0	0	0	0	0	0	0	0	0	0	0	0	0	0	0	0	0	0	0	0	0	0	0	0	0	0	0	
206292	Thalamus_R	1028	13662	1682	18226	0	0	0	102	0	0	0	0	0	0	0	232	0	0	1996	13604	0	0	0	0	0	0	0	0	892	0	0	0	230	1410	3054	3064	3392	4138	620	258	0	0	0	0	0	0	0	0	0	0	0	0	0	0	246	0	0	0	0	0	0	0	0	0	0	0	0	134	1668	1042	1522	21574	536	538	228	0	7456	0	518	0	94	0	0	0	0	0	0	0	0	0	0	0	0	0	0	0	0	0	0	0	0	0	0	0	0	0	0	0	0	0	0	0	0	0	0	0	
99292	Heschl_L	5418	424	4254	408	0	0	1522	0	0	0	392	0	0	0	0	0	4062	0	814	0	0	0	0	0	0	0	0	0	9936	0	0	0	0	0	674	668	3800	572	0	0	0	0	0	0	0	0	0	0	0	0	300	0	420	0	704	0	2514	0	256	0	304	0	204	0	446	0	0	0	160	0	0	0	216	0	0	0	1132	518	0	0	4330	0	0	0	3666	0	0	0	1532	0	0	0	0	0	0	0	0	0	0	0	0	0	0	0	0	0	0	0	0	0	0	0	0	0	0	0	
14812	Heschl_R	0	266	0	0	0	0	0	0	0	0	0	0	0	0	0	0	0	240	0	0	0	0	0	0	0	0	0	0	0	738	0	0	0	0	0	0	0	0	0	0	0	0	0	0	0	0	0	0	0	0	0	0	0	0	0	140	0	214	0	0	0	0	0	126	0	110	0	0	0	94	0	0	0	0	0	0	0	0	0	0	0	4126	0	0	0	776	0	0	0	576	0	0	0	0	0	0	0	0	0	0	0	0	0	0	0	0	0	0	0	0	0	0	0	0	0	0	
268240	Temporal_Sup_L	5088	0	6152	0	0	0	2602	0	0	0	7614	0	410	0	0	0	13492	0	5766	0	0	0	0	0	0	0	0	0	13566	0	0	0	0	0	124	124	3192	124	0	0	196	0	0	0	0	0	0	0	0	0	1106	0	0	0	2832	0	3480	0	1026	0	1342	0	6928	0	5898	0	158	0	104	0	0	0	2422	0	0	0	0	94	4330	0	0	0	7738	0	25444	0	0	0	12768	0	0	0	0	0	0	0	0	0	0	0	0	0	0	0	0	0	0	0	0	0	0	0	0	0	0	0	
84708	Temporal_Sup_R	0	986	0	102	0	0	0	128	0	0	0	214	0	0	0	0	0	1034	0	128	0	0	0	0	0	0	0	0	0	2018	0	0	0	236	0	0	0	210	0	0	0	0	0	0	0	384	0	0	0	1300	0	452	0	106	0	1058	0	1314	0	0	0	564	0	2656	0	4056	0	516	0	838	0	0	0	0	0	0	0	0	0	4126	0	0	0	1820	0	12966	0	0	0	5142	0	0	0	0	0	0	0	0	0	0	0	0	0	0	0	0	0	0	0	0	0	0	0	0	0	0	
136108	Temporal_Pole_Sup_L	1818	0	2474	0	588	0	1992	0	150	0	5374	0	472	0	2576	0	4958	0	2352	0	536	0	0	0	0	0	0	0	7820	0	0	0	0	0	0	0	2806	0	906	0	1574	0	0	0	0	0	0	0	0	0	0	0	0	0	1726	0	0	0	0	0	0	0	0	0	0	0	0	0	0	0	0	0	2234	0	0	0	0	0	0	0	7738	0	0	0	9684	0	3868	0	6408	0	0	0	0	0	0	0	0	0	0	0	0	0	0	0	0	0	0	0	0	0	0	0	0	0	0	0	
44460	Temporal_Pole_Sup_R	0	0	0	822	0	0	0	618	0	0	0	858	0	0	0	0	0	1094	0	254	0	104	0	0	0	0	0	0	0	1680	0	0	0	0	0	0	0	626	0	1192	0	1472	0	0	0	0	0	0	0	0	0	0	0	0	0	3886	0	0	0	0	0	0	0	0	0	0	0	0	0	0	0	0	0	180	0	0	0	0	0	0	0	1820	0	0	0	1878	0	2632	0	3114	0	0	0	0	0	0	0	0	0	0	0	0	0	0	0	0	0	0	0	0	0	0	0	0	0	0	
377680	Temporal_Mid_L	6922	0	1384	0	0	0	444	0	0	0	562	0	0	0	0	0	4872	0	108	104	0	0	0	0	0	0	0	0	3972	0	0	0	100	0	346	0	1362	0	0	0	0	0	1330	0	1072	0	0	0	1638	0	21256	0	4498	0	1902	0	4470	0	3400	0	8696	0	5836	0	19492	0	1838	0	4208	0	0	0	120	0	0	0	0	0	3666	0	25444	0	9684	0	0	0	4406	0	45708	0	0	0	0	0	0	0	0	0	0	0	0	0	0	0	0	0	0	0	0	0	0	0	0	0	0	0	
189736	Temporal_Mid_R	0	2296	0	0	0	0	0	0	0	0	0	120	0	0	0	0	0	146	0	224	0	0	0	0	0	0	0	0	0	1116	0	0	0	596	0	178	0	264	0	0	0	0	0	932	0	3562	0	0	0	8742	0	8202	0	800	0	1480	0	2398	0	460	0	5514	0	2426	0	13456	0	3940	0	940	0	0	0	0	0	0	0	0	0	776	0	12966	0	1878	0	0	0	248	0	21208	0	0	0	0	0	0	0	0	0	0	0	0	0	0	0	0	0	0	0	0	0	0	0	0	0	0	
33168	Temporal_Pole_Mid_L	0	0	0	0	0	0	0	0	0	0	0	0	0	0	0	0	0	0	0	0	0	0	0	0	0	0	0	0	242	0	0	0	0	0	0	0	436	0	896	0	528	0	0	0	0	0	0	0	0	0	0	0	0	0	1444	0	0	0	0	0	0	0	0	0	0	0	0	0	0	0	0	0	0	0	0	0	0	0	0	0	0	0	3868	0	4406	0	0	0	4764	0	0	0	0	0	0	0	0	0	0	0	0	0	0	0	0	0	0	0	0	0	0	0	0	0	0	0	
11912	Temporal_Pole_Mid_R	0	0	0	0	0	0	0	0	0	0	0	0	0	0	0	0	0	0	0	0	0	0	0	0	0	0	0	0	0	0	0	0	0	0	0	0	0	0	0	576	0	106	0	0	0	0	0	0	0	0	0	0	0	0	0	998	0	0	0	0	0	0	0	0	0	0	0	0	0	0	0	0	0	0	0	0	0	0	0	0	0	0	0	2632	0	248	0	0	0	1396	0	0	0	0	0	0	0	0	0	0	0	0	0	0	0	0	0	0	0	0	0	0	0	0	0	0	
339112	Temporal_Inf_L	5510	0	2344	0	0	0	418	0	0	0	584	0	0	0	0	0	1608	0	1078	0	0	0	0	0	0	0	0	0	6846	0	0	0	0	0	260	0	10992	0	404	0	2654	0	218	0	104	0	582	0	280	0	10824	0	5412	0	15344	0	4200	0	2572	0	7814	0	1982	0	8784	0	566	0	2310	0	0	0	2484	0	0	0	0	0	1532	0	12768	0	6408	0	45708	0	4764	0	0	0	1694	0	0	0	0	0	0	0	508	0	0	0	0	0	0	0	0	0	0	0	0	0	0	0	0	0	
285828	Temporal_Inf_R	0	5130	0	678	0	0	0	392	0	0	0	280	0	0	0	0	0	1218	0	1306	0	0	0	0	0	0	0	0	0	3126	0	0	0	1690	0	1872	0	10376	0	4408	0	1074	0	3318	0	4188	0	1674	0	7936	0	3006	0	7592	0	22388	0	4838	0	414	0	2664	0	1948	0	8450	202	6332	0	2928	0	0	0	1332	0	0	0	0	0	576	0	5142	0	3114	0	21208	0	1396	0	0	0	446	0	0	0	0	0	0	0	172	0	0	0	100	0	0	0	0	0	0	0	0	0	0	0	0	
439208	Cerebelum_Crus1_L	0	0	0	0	0	0	0	0	0	0	0	0	0	0	0	0	0	0	0	0	0	0	0	0	0	0	0	0	0	0	0	0	0	0	0	0	0	0	276	0	0	0	0	0	0	0	7474	1522	0	0	0	0	390	0	19666	400	0	0	0	0	0	0	0	0	0	0	0	0	0	0	0	0	0	0	0	0	0	0	0	0	0	0	0	0	0	0	0	0	1694	0	0	3814	28506	1160	1314	318	29100	2464	58642	6404	10344	120	15452	686	3866	458	0	0	118	522	7000	3538	10854	1406	1428	668	
402632	Cerebelum_Crus1_R	0	0	0	0	0	0	0	0	0	0	0	0	0	0	0	0	0	0	0	0	0	0	0	0	0	0	0	0	0	0	0	0	0	0	0	0	0	0	0	504	0	0	0	0	0	0	1370	3410	0	0	0	0	140	142	362	8990	0	0	0	0	0	0	0	0	0	0	0	0	0	0	0	0	0	0	0	0	0	0	0	0	0	0	0	0	0	0	0	0	0	446	3814	0	2438	29660	524	3090	2850	17740	5316	54994	458	3226	1004	19536	1228	3490	0	0	350	2198	7642	8110	12184	2986	2876	238	
329380	Cerebelum_Crus2_L	0	0	0	0	0	0	0	0	0	0	0	0	0	0	0	0	0	0	0	0	0	0	0	0	0	0	0	0	0	0	0	0	0	0	0	0	0	0	0	0	0	0	0	0	0	0	132	102	0	0	0	0	0	0	426	0	0	0	0	0	0	0	0	0	0	0	0	0	0	0	0	0	0	0	0	0	0	0	0	0	0	0	0	0	0	0	0	0	0	0	28506	2438	0	11778	164	0	1184	96	2812	1776	44720	6720	36598	4920	5716	396	0	0	0	0	220	354	12170	2858	604	0	
296304	Cerebelum_Crus2_R	0	0	0	0	0	0	0	0	0	0	0	0	0	0	0	0	0	0	0	0	0	0	0	0	0	0	0	0	0	0	0	0	0	0	0	0	0	0	0	0	0	0	0	0	0	0	0	174	0	0	0	0	0	0	0	308	0	0	0	0	0	0	0	0	0	0	0	0	0	0	0	0	0	0	0	0	0	0	0	0	0	0	0	0	0	0	0	0	0	0	1160	29660	11778	0	0	134	100	512	416	6154	5094	27160	3856	37988	384	7460	0	0	0	126	224	282	12018	2188	976	0	
43340	Cerebelum_3_L	0	0	0	0	0	0	0	0	0	0	0	0	0	0	0	0	0	0	0	0	0	0	0	0	0	0	0	0	0	0	0	0	0	0	0	0	0	0	298	0	0	0	0	0	0	0	160	0	0	0	0	0	0	0	0	0	0	0	0	0	0	0	0	0	0	0	0	0	0	0	0	0	0	0	0	0	0	0	0	0	0	0	0	0	0	0	0	0	0	0	1314	524	164	0	0	568	6122	206	1548	640	0	0	200	0	644	374	0	0	1580	3262	2960	0	448	318	340	0	
60200	Cerebelum_3_R	0	0	0	0	0	0	0	0	0	0	0	0	0	0	0	0	0	0	0	0	0	0	0	0	0	0	0	0	0	0	0	0	0	0	0	0	0	0	0	128	0	0	0	0	0	0	0	200	0	0	0	0	0	0	0	208	0	0	0	0	0	0	0	0	0	0	0	0	0	0	0	0	0	0	0	0	0	0	0	0	0	0	0	0	0	0	0	0	0	0	318	3090	0	134	568	0	1082	5242	400	5978	0	0	126	304	484	1418	0	0	1652	4036	1978	238	736	776	1004	0	
322348	Cerebelum_4_5_L	0	0	0	0	0	0	0	0	0	0	0	0	0	0	0	0	0	0	0	0	0	0	0	0	0	0	0	0	0	0	0	0	0	0	0	0	308	0	944	0	0	0	0	0	0	0	7066	2734	0	0	0	0	202	0	12622	368	0	0	0	0	0	0	0	0	0	0	0	0	0	0	0	0	0	0	0	0	0	0	0	0	0	0	0	0	0	0	0	0	0	0	29100	2850	1184	100	6122	1082	0	6190	39336	4880	1286	0	4362	0	4566	1218	400	0	1140	3004	18622	4356	2802	1046	1406	1878	
222716	Cerebelum_4_5_R	0	0	0	0	0	0	0	0	0	0	0	0	0	0	0	0	0	0	0	0	0	0	0	0	0	0	0	0	0	0	0	0	0	0	0	0	0	318	0	1792	0	0	0	0	0	0	620	6420	0	0	0	0	186	0	1196	8516	0	0	0	0	0	0	0	0	0	0	0	0	0	0	0	0	0	0	0	0	0	0	0	0	0	0	0	0	0	0	0	0	0	0	2464	17740	96	512	206	5242	6190	0	5146	29214	0	0	630	588	984	274	0	0	172	2350	14350	3154	1502	720	456	320	
446860	Cerebelum_6_L	0	0	0	0	0	0	0	0	0	0	0	0	0	0	0	0	0	0	0	0	0	0	0	0	0	0	0	0	150	0	0	0	0	0	0	0	594	0	706	0	0	0	0	0	0	0	11770	5518	0	0	0	0	1340	158	25408	1974	0	0	0	0	0	0	0	0	0	0	0	0	0	0	0	0	114	0	0	0	0	0	0	0	0	0	0	0	0	0	0	0	508	0	58642	5316	2812	416	1548	400	39336	5146	0	10502	2000	0	5644	0	4234	692	154	0	184	740	13562	11776	8516	994	1184	1392	
434728	Cerebelum_6_R	0	0	0	292	0	0	0	0	0	0	0	210	0	0	0	0	0	0	0	286	0	0	0	0	0	0	0	0	0	278	0	0	0	0	0	0	0	894	0	2230	0	0	0	0	0	0	2556	9296	0	0	0	0	336	336	1268	15752	0	0	0	0	0	0	0	0	0	0	0	0	0	0	0	0	0	810	0	0	0	0	0	0	0	0	0	0	0	0	0	0	0	172	6404	54994	1776	6154	640	5978	4880	29214	10502	0	248	256	902	5700	1918	3034	0	0	446	3222	12622	13462	12272	4002	3670	352	
256120	Cerebelum_7b_L	0	0	0	0	0	0	0	0	0	0	0	0	0	0	0	0	0	0	0	0	0	0	0	0	0	0	0	0	0	0	0	0	0	0	0	0	0	0	0	0	0	0	0	0	0	0	0	0	0	0	0	0	0	0	122	0	0	0	0	0	0	0	0	0	0	0	0	0	0	0	0	0	0	0	0	0	0	0	0	0	0	0	0	0	0	0	0	0	0	0	10344	458	44720	5094	0	0	1286	0	2000	248	0	3000	37886	3942	7540	328	424	0	0	0	208	0	6552	3520	388	0	
176188	Cerebelum_7b_R	0	0	0	0	0	0	0	0	0	0	0	0	0	0	0	0	0	0	0	0	0	0	0	0	0	0	0	0	0	0	0	0	0	0	0	0	0	0	0	0	0	0	0	0	0	0	0	0	0	0	0	0	0	0	0	0	0	0	0	0	0	0	0	0	0	0	0	0	0	0	0	0	0	0	0	0	0	0	0	0	0	0	0	0	0	0	0	0	0	0	120	3226	6720	27160	0	0	0	0	0	256	3000	0	1712	28856	160	9742	0	0	0	0	0	0	5658	1322	162	0	
306456	Cerebelum_8_L	0	0	0	0	0	0	0	0	0	0	0	0	0	0	0	0	0	0	0	0	0	0	0	0	0	0	0	0	0	0	0	0	0	0	0	0	0	0	0	0	0	0	0	0	0	0	162	246	0	0	0	0	0	0	292	0	0	0	0	0	0	0	0	0	0	0	0	0	0	0	0	0	0	0	0	0	0	0	0	0	0	0	0	0	0	0	0	0	0	0	15452	1004	36598	3856	200	126	4362	630	5644	902	37886	1712	0	5030	17706	1108	958	0	0	0	1658	188	9184	6034	2112	178	
291220	Cerebelum_8_R	0	0	0	0	0	0	0	0	0	0	0	0	0	0	0	0	0	0	0	0	0	0	0	0	0	0	0	0	0	0	0	0	0	0	0	0	0	0	0	0	0	0	0	0	0	0	0	0	0	0	0	0	0	0	0	0	0	0	0	0	0	0	0	0	0	0	0	0	0	0	0	0	0	0	0	0	0	0	0	0	0	0	0	0	0	0	0	0	0	100	686	19536	4920	37988	0	304	0	588	0	5700	3942	28856	5030	0	464	21202	0	202	0	324	288	0	7378	4830	3272	0	
134924	Cerebelum_9_L	0	0	0	0	0	0	0	0	0	0	0	0	0	0	0	0	0	0	0	0	0	0	0	0	0	0	0	0	0	0	0	0	0	0	0	0	0	0	0	0	0	0	0	0	0	0	0	550	0	0	0	0	0	0	298	380	0	0	0	0	0	0	0	0	0	0	0	0	0	0	0	0	0	0	0	0	0	0	0	0	0	0	0	0	0	0	0	0	0	0	3866	1228	5716	384	644	484	4566	984	4234	1918	7540	160	17706	464	0	906	1864	0	166	548	3270	2548	3054	1444	2070	470	
144080	Cerebelum_9_R	0	0	0	0	0	0	0	0	0	0	0	0	0	0	0	0	0	0	0	0	0	0	0	0	0	0	0	0	0	0	0	0	0	0	0	0	0	0	0	0	0	0	0	0	0	0	0	0	0	0	0	0	0	0	326	0	0	0	0	0	0	0	0	0	0	0	0	0	0	0	0	0	0	0	0	0	0	0	0	0	0	0	0	0	0	0	0	0	0	0	458	3490	396	7460	374	1418	1218	274	692	3034	328	9742	1108	21202	906	0	0	706	512	1294	1878	1548	2798	3858	5954	1066	
7600	Cerebelum_10_L	0	0	0	0	0	0	0	0	0	0	0	0	0	0	0	0	0	0	0	0	0	0	0	0	0	0	0	0	0	0	0	0	0	0	0	0	0	0	0	0	0	0	0	0	0	0	0	0	0	0	0	0	0	0	0	0	0	0	0	0	0	0	0	0	0	0	0	0	0	0	0	0	0	0	0	0	0	0	0	0	0	0	0	0	0	0	0	0	0	0	0	0	0	0	0	0	400	0	154	0	424	0	958	0	1864	0	0	0	0	0	0	0	0	0	0	0	
1816	Cerebelum_10_R	0	0	0	0	0	0	0	0	0	0	0	0	0	0	0	0	0	0	0	0	0	0	0	0	0	0	0	0	0	0	0	0	0	0	0	0	0	0	0	0	0	0	0	0	0	0	0	0	0	0	0	0	0	0	0	0	0	0	0	0	0	0	0	0	0	0	0	0	0	0	0	0	0	0	0	0	0	0	0	0	0	0	0	0	0	0	0	0	0	0	0	0	0	0	0	0	0	0	0	0	0	0	0	202	0	706	0	0	0	0	0	0	0	0	0	0	
25712	Vermis_1_2	0	0	0	0	0	0	0	0	0	0	0	0	0	0	0	0	0	0	0	0	0	0	0	0	0	0	0	0	0	0	0	0	0	0	0	0	0	0	0	0	0	0	0	0	0	0	0	0	0	0	0	0	0	0	0	0	0	0	0	0	0	0	0	0	0	0	0	0	0	0	0	0	0	0	0	0	0	0	0	0	0	0	0	0	0	0	0	0	0	0	118	350	0	0	1580	1652	1140	172	184	446	0	0	0	0	166	512	0	0	0	4008	1586	112	244	264	322	0	
65584	Vermis_3	0	0	0	0	0	0	0	0	0	0	0	0	0	0	0	0	0	0	0	0	0	0	0	0	0	0	0	0	0	0	0	0	0	0	0	0	150	0	126	0	0	0	0	0	0	0	0	0	0	0	0	0	0	0	0	0	0	0	0	0	0	0	0	0	0	0	0	0	0	0	0	0	0	0	0	0	0	0	0	0	0	0	0	0	0	0	0	0	0	0	522	2198	0	126	3262	4036	3004	2350	740	3222	0	0	0	324	548	1294	0	0	4008	0	4478	320	600	606	878	0	
245716	Vermis_4_5	0	0	0	0	0	0	0	0	0	0	0	0	0	0	0	0	0	0	0	0	0	0	0	0	0	0	0	0	0	0	0	0	0	0	0	298	0	0	0	0	0	0	0	0	0	0	1484	5896	0	0	0	0	378	0	3850	2574	0	0	0	0	0	0	0	0	0	0	0	466	0	0	0	0	0	0	0	0	0	0	0	0	0	0	0	0	0	0	0	0	0	0	7000	7642	220	224	2960	1978	18622	14350	13562	12622	208	0	1658	288	3270	1878	0	0	1586	4478	0	6818	2378	1354	2010	2806	
179488	Vermis_6	0	0	0	0	0	0	0	0	0	0	0	0	0	0	0	0	0	0	0	0	0	0	0	0	0	0	0	0	0	0	0	0	0	0	0	0	0	0	0	0	0	0	0	0	0	0	4074	7330	0	0	0	0	608	238	2968	4092	0	0	0	0	0	0	0	0	0	0	0	0	0	0	0	0	0	0	0	0	0	0	0	0	0	0	0	0	0	0	0	0	0	0	3538	8110	354	282	0	238	4356	3154	11776	13462	0	0	188	0	2548	1548	0	0	112	320	6818	0	6480	2466	2434	2250	
