data	data	499708	233448	574544	642124	154484	159096	368572	157664	104160	18888	185040	145420	226508	83108	174792	73936	168000	141516	618696	848300	90592	96952	199036	267040	31000	82248	40992	59572	562784	304128	238564	402784	145632	417632	210748	421544	262704	642212	137184	318744	46844	80280	408052	415876	196308	223972	379460	532420	171656	230568	401804	237796	175596	359620	473208	914068	344964	241552	141800	100736	237920	88808	147312	111824	62596	124220	276960	480712	341768	241692	286932	470496	289904	322652	41332	27020	148168	145148	62324	35852	198500	186488	87484	83860	294808	286932	22184	19064	307864	398200	571688	428644	425336	310444	53060	82224	390616	330976	569764	477988	306188	187820	403616	374712	169372	187956	39480	12952	36768	84320	331732	274440	386968	212736	141948	39688	
data	data	Precentral_L	Precentral_R	Frontal_Sup_L	Frontal_Sup_R	Frontal_Sup_Orb_L	Frontal_Sup_Orb_R	Frontal_Mid_L	Frontal_Mid_R	Frontal_Mid_Orb_L	Frontal_Mid_Orb_R	Frontal_Inf_Oper_L	Frontal_Inf_Oper_R	Frontal_Inf_Tri_L	Frontal_Inf_Tri_R	Frontal_Inf_Orb_L	Frontal_Inf_Orb_R	Rolandic_Oper_L	Rolandic_Oper_R	Supp_Motor_Area_L	Supp_Motor_Area_R	Olfactory_L	Olfactory_R	Frontal_Sup_Medial_L	Frontal_Sup_Medial_R	Frontal_Med_Orb_L	Frontal_Med_Orb_R	Rectus_L	Rectus_R	Insula_L	Insula_R	Cingulum_Ant_L	Cingulum_Ant_R	Cingulum_Mid_L	Cingulum_Mid_R	Cingulum_Post_L	Cingulum_Post_R	Hippocampus_L	Hippocampus_R	ParaHippocampal_L	ParaHippocampal_R	Amygdala_L	Amygdala_R	Calcarine_L	Calcarine_R	Cuneus_L	Cuneus_R	Lingual_L	Lingual_R	Occipital_Sup_L	Occipital_Sup_R	Occipital_Mid_L	Occipital_Mid_R	Occipital_Inf_L	Occipital_Inf_R	Fusiform_L	Fusiform_R	Postcentral_L	Postcentral_R	Parietal_Sup_L	Parietal_Sup_R	Parietal_Inf_L	Parietal_Inf_R	SupraMarginal_L	SupraMarginal_R	Angular_L	Angular_R	Precuneus_L	Precuneus_R	Paracentral_Lobule_L	Paracentral_Lobule_R	Caudate_L	Caudate_R	Putamen_L	Putamen_R	Pallidum_L	Pallidum_R	Thalamus_L	Thalamus_R	Heschl_L	Heschl_R	Temporal_Sup_L	Temporal_Sup_R	Temporal_Pole_Sup_L	Temporal_Pole_Sup_R	Temporal_Mid_L	Temporal_Mid_R	Temporal_Pole_Mid_L	Temporal_Pole_Mid_R	Temporal_Inf_L	Temporal_Inf_R	Cerebelum_Crus1_L	Cerebelum_Crus1_R	Cerebelum_Crus2_L	Cerebelum_Crus2_R	Cerebelum_3_L	Cerebelum_3_R	Cerebelum_4_5_L	Cerebelum_4_5_R	Cerebelum_6_L	Cerebelum_6_R	Cerebelum_7b_L	Cerebelum_7b_R	Cerebelum_8_L	Cerebelum_8_R	Cerebelum_9_L	Cerebelum_9_R	Cerebelum_10_L	Cerebelum_10_R	Vermis_1_2	Vermis_3	Vermis_4_5	Vermis_6	Vermis_7	Vermis_8	Vermis_9	Vermis_10	
499708	Precentral_L	0	3690	9536	2806	0	476	15228	2056	0	0	8536	1262	576	0	0	0	9996	212	8926	18076	0	0	0	568	0	138	0	0	9520	516	1054	2426	1804	5698	1758	976	3566	1092	892	546	0	0	566	0	0	0	464	0	0	0	774	0	2008	0	2468	474	36050	1118	322	0	6160	136	2372	170	132	0	1016	358	26584	11986	8288	3134	3570	766	1222	176	14654	1526	2790	0	4260	0	170	0	1466	0	0	0	2640	104	0	0	0	0	0	0	0	0	0	0	0	0	0	0	0	0	0	0	0	0	0	0	0	0	0	0	
233448	Precentral_R	3690	0	852	4468	0	0	150	3024	0	0	268	6698	0	340	0	0	334	1804	780	5382	0	0	0	152	0	0	0	0	1382	3302	0	358	0	90	364	2610	548	14522	322	4938	0	0	80	0	0	0	0	122	0	0	0	0	0	2604	98	10692	430	14916	0	0	0	328	0	1496	0	0	0	2398	1302	3620	1904	2388	346	3226	0	80	200	4606	0	618	0	1858	0	0	0	792	0	0	104	6138	0	0	0	0	0	0	0	0	0	0	0	0	0	0	0	0	0	0	0	0	0	0	0	0	0	0	
574544	Frontal_Sup_L	9536	852	0	12668	5272	514	43958	3260	1184	0	7502	1142	13260	0	4164	0	3790	202	51740	18148	0	0	28428	1720	1012	146	0	0	21522	506	16870	4884	5446	3556	98	164	1574	978	146	272	0	0	0	0	0	0	0	0	0	0	0	0	0	0	0	236	454	162	0	0	0	0	0	0	0	0	0	0	2418	1162	1560	4152	7362	1152	400	0	1322	964	102	0	888	0	424	0	0	0	0	0	0	0	0	0	0	0	0	0	0	0	0	0	0	0	0	0	0	0	0	0	0	0	0	0	0	0	0	0	
642124	Frontal_Sup_R	2806	4468	12668	0	0	8804	1996	22322	0	160	822	6384	174	4948	0	1268	338	5982	17328	77454	0	0	4252	27596	0	1684	0	0	2772	16018	2230	28430	986	15024	0	0	246	2760	0	1326	0	0	0	0	0	0	0	0	0	0	0	0	0	0	0	1054	0	1386	0	0	0	0	0	0	0	0	0	0	2356	230	3258	21616	1290	14178	126	2912	0	298	186	302	110	370	0	0	0	0	0	0	0	144	0	0	0	0	0	0	0	0	0	0	0	0	0	0	0	0	0	0	0	0	0	0	0	0	0	0	
154484	Frontal_Sup_Orb_L	0	0	5272	0	0	248	2072	0	12584	90	0	0	5524	0	14920	0	0	0	1144	0	2878	916	3244	0	884	114	3278	288	12032	0	1810	150	116	0	0	0	88	0	0	0	244	0	0	0	0	0	0	0	0	0	0	0	0	0	0	0	0	0	0	0	0	0	0	0	0	0	0	0	0	0	1790	524	5202	0	0	0	0	0	0	0	0	0	1830	0	0	0	0	0	0	0	0	0	0	0	0	0	0	0	0	0	0	0	0	0	0	0	0	0	0	0	0	0	0	0	0	0	
159096	Frontal_Sup_Orb_R	476	0	514	8804	248	0	502	210	138	2598	0	316	0	312	170	3602	0	0	94	2194	1144	2568	152	7482	126	7448	540	6870	372	2666	850	7416	0	0	0	0	158	0	0	192	0	218	0	0	0	0	0	0	0	0	0	0	0	0	0	0	0	0	0	0	0	0	0	0	0	0	0	0	0	0	1406	9606	862	8290	0	0	0	0	184	0	0	0	0	820	0	0	0	0	0	0	0	0	0	0	0	0	0	0	0	0	0	0	0	0	0	0	0	0	0	0	0	0	0	0	0	0	
368572	Frontal_Mid_L	15228	150	43958	1996	2072	502	0	2146	4980	0	13152	1482	27830	0	6612	0	934	0	11074	1988	0	0	11538	1116	0	134	0	0	16334	586	5022	2836	1548	1566	0	0	724	0	170	0	0	0	0	0	0	0	0	0	0	0	0	0	0	0	202	0	1162	0	0	0	78	0	0	0	0	0	0	0	254	158	1082	1998	1738	180	208	100	226	158	612	0	300	0	0	0	0	0	0	0	152	0	0	0	0	0	0	0	0	0	0	0	0	0	0	0	0	0	0	0	0	0	0	0	0	0	0	0	
157664	Frontal_Mid_R	2056	3024	3260	22322	0	210	2146	0	0	264	0	5026	0	10360	0	1490	0	1790	1740	6358	0	0	266	3142	0	0	0	0	1448	5694	372	1644	104	2394	0	0	114	264	0	0	0	0	0	0	0	0	0	0	0	0	0	0	0	0	0	0	0	308	0	0	0	0	0	0	0	0	0	0	0	0	1340	530	282	762	122	0	0	0	0	0	0	0	0	0	0	0	0	0	0	0	0	0	0	0	0	0	0	0	0	0	0	0	0	0	0	0	0	0	0	0	0	0	0	0	0	0	
104160	Frontal_Mid_Orb_L	0	0	1184	0	12584	138	4980	0	0	0	0	0	6000	0	13914	0	0	0	268	0	934	330	0	0	0	0	978	162	6484	0	118	0	0	0	0	0	0	0	0	0	0	0	0	0	0	0	0	0	0	0	0	0	0	0	0	0	0	0	0	0	0	0	0	0	0	0	0	0	0	0	634	150	2924	0	0	0	0	0	0	0	0	0	298	0	0	0	0	0	0	0	0	0	0	0	0	0	0	0	0	0	0	0	0	0	0	0	0	0	0	0	0	0	0	0	0	0	
18888	Frontal_Mid_Orb_R	0	0	0	160	90	2598	0	264	0	0	0	0	0	140	0	3298	0	0	0	0	378	458	0	0	0	0	150	746	0	210	0	0	0	0	0	0	0	0	0	0	0	0	0	0	0	0	0	0	0	0	0	0	0	0	0	0	0	0	0	0	0	0	0	0	0	0	0	0	0	0	372	200	188	192	0	0	0	0	0	0	0	0	0	0	0	0	0	0	0	0	0	0	0	0	0	0	0	0	0	0	0	0	0	0	0	0	0	0	0	0	0	0	0	0	0	0	
185040	Frontal_Inf_Oper_L	8536	268	7502	822	0	0	13152	0	0	0	0	438	10660	0	400	0	6812	228	3046	1134	0	0	110	0	174	0	0	0	17360	478	1330	404	196	0	0	0	198	0	0	0	0	0	0	0	0	0	0	0	0	0	0	0	0	0	98	0	3116	360	0	0	348	122	0	156	0	0	0	0	168	98	4528	5598	522	136	0	0	142	0	478	0	1856	0	1428	0	0	0	0	0	118	0	0	0	0	0	0	0	0	0	0	0	0	0	0	0	0	0	0	0	0	0	0	0	0	0	0	0	
145420	Frontal_Inf_Oper_R	1262	6698	1142	6384	0	316	1482	5026	0	0	438	0	86	3996	0	622	0	4140	716	5070	0	0	0	412	0	0	0	0	514	15014	242	1450	0	424	0	0	0	1336	0	668	0	0	0	0	0	0	0	0	0	0	0	0	0	0	0	576	0	3086	0	0	0	110	0	340	0	78	0	0	0	0	464	4628	0	3716	0	90	0	396	0	242	0	674	0	654	0	0	0	0	0	218	0	0	0	0	0	0	0	0	0	0	0	0	0	0	0	0	0	0	0	0	0	0	0	0	0	0	
226508	Frontal_Inf_Tri_L	576	0	13260	174	5524	0	27830	0	6000	0	10660	86	0	0	13942	0	418	0	4220	252	0	0	1278	0	416	0	0	0	22396	86	2572	92	0	0	0	0	84	0	0	0	0	0	0	0	0	0	0	0	0	0	0	0	0	0	0	0	0	0	0	0	0	0	0	0	0	0	0	0	0	0	540	584	1584	0	0	0	0	0	0	0	252	0	346	0	0	0	0	0	82	0	0	0	0	0	0	0	0	0	0	0	0	0	0	0	0	0	0	0	0	0	0	0	0	0	0	0	
83108	Frontal_Inf_Tri_R	0	340	0	4948	0	312	0	10360	0	140	0	3996	0	0	0	3566	0	270	228	1570	0	0	86	1728	0	0	0	0	0	9070	126	2652	0	1208	0	0	0	0	0	0	0	0	0	0	0	0	0	0	0	0	0	0	0	0	0	0	0	82	0	0	0	0	0	0	0	0	0	0	0	0	0	872	0	0	0	0	0	0	0	0	0	0	0	0	0	0	0	0	0	0	0	0	0	0	0	0	0	0	0	0	0	0	0	0	0	0	0	0	0	0	0	0	0	0	0	0	
174792	Frontal_Inf_Orb_L	0	0	4164	0	14920	170	6612	0	13914	0	400	0	13942	0	0	0	0	0	1402	0	2362	608	966	0	118	0	1814	206	15610	0	1200	0	130	0	0	0	120	0	206	0	166	0	0	0	0	0	0	0	0	0	0	0	0	0	0	0	0	0	0	0	0	0	0	0	0	0	0	0	0	0	1306	336	5034	0	0	0	0	0	0	0	84	0	1606	0	0	0	0	0	0	0	0	0	0	0	0	0	0	0	0	0	0	0	0	0	0	0	0	0	0	0	0	0	0	0	0	0	
73936	Frontal_Inf_Orb_R	0	0	0	1268	0	3602	0	1490	0	3298	0	622	0	3566	0	0	0	374	0	134	0	1608	0	484	0	180	0	2262	0	5242	0	220	0	0	0	0	0	196	0	450	0	382	0	0	0	0	0	0	0	0	0	0	0	0	0	118	0	0	0	0	0	0	0	0	0	0	0	0	0	0	0	1434	0	1478	0	0	0	0	0	0	0	2600	0	5366	0	450	0	0	0	144	0	0	0	0	0	0	0	0	0	0	0	0	0	0	0	0	0	0	0	0	0	0	0	0	0	0	
168000	Rolandic_Oper_L	9996	334	3790	338	0	0	934	0	0	0	6812	0	418	0	0	0	0	418	4158	524	0	0	0	0	0	0	0	0	13610	432	0	0	160	0	0	0	122	208	0	0	0	0	0	0	0	0	0	0	0	0	0	0	86	0	134	0	12416	96	206	0	1812	0	3652	0	0	0	0	0	1394	130	2274	1284	212	162	0	0	224	314	2356	0	11030	0	1532	0	1040	0	0	0	1392	0	0	0	0	0	0	0	0	0	0	0	0	0	0	0	0	0	0	0	0	0	0	0	0	0	0	0	
141516	Rolandic_Oper_R	212	1804	202	5982	0	0	0	1790	0	0	228	4140	0	270	0	374	418	0	168	5280	0	0	0	488	0	0	0	0	1052	12926	0	740	0	130	0	128	104	1768	0	704	0	0	0	0	0	0	0	0	0	0	0	0	0	138	0	1878	0	3936	0	160	0	1100	0	4038	0	0	0	128	0	0	2274	1462	0	2544	0	0	0	0	0	4762	204	8216	0	432	0	0	0	0	0	578	0	0	0	0	0	0	0	0	0	0	0	0	0	0	0	0	0	0	0	0	0	0	0	0	0	0	
618696	Supp_Motor_Area_L	8926	780	51740	17328	1144	94	11074	1740	268	0	3046	716	4220	228	1402	0	4158	168	0	47104	0	0	5714	2606	324	0	0	0	19514	376	8378	6480	12446	18702	386	276	2018	570	162	110	0	0	0	0	0	0	0	0	0	0	0	0	0	0	1220	92	3430	112	0	0	78	0	0	0	0	0	178	504	22938	3970	7398	4404	20262	1286	3970	0	1460	674	286	0	2420	0	438	0	322	0	0	0	1614	0	0	0	0	0	0	0	0	0	94	0	0	0	0	0	0	0	0	0	0	0	0	0	0	0	0	0	
848300	Supp_Motor_Area_R	18076	5382	18148	77454	0	2194	1988	6358	0	0	1134	5070	252	1570	0	134	524	5280	47104	0	0	0	1780	12256	0	724	0	0	1976	11824	2694	21510	6416	44664	2790	3154	0	3072	0	1430	0	0	86	0	0	0	0	120	0	0	0	0	0	334	0	1842	2228	2884	0	0	0	0	0	0	0	0	220	2232	23726	33106	2006	25110	1444	13032	240	3130	452	5042	0	492	146	556	0	0	0	92	0	0	0	672	0	0	0	0	0	0	0	0	0	0	0	0	0	0	0	0	0	0	0	0	0	0	0	0	0	0	
90592	Olfactory_L	0	0	0	0	2878	1144	0	0	934	378	0	0	0	0	2362	0	0	0	0	0	0	6266	0	0	260	912	2780	1464	3612	0	2636	1986	0	0	0	0	276	0	388	0	680	0	0	0	0	0	0	0	0	0	0	0	0	0	0	0	0	0	0	0	0	0	0	0	0	0	0	0	0	0	7068	3356	3180	810	0	0	0	0	0	0	0	0	1926	0	0	0	0	0	0	0	0	0	0	0	0	0	0	0	0	0	0	0	0	0	0	0	0	0	0	0	0	0	0	0	0	0	
96952	Olfactory_R	0	0	0	0	916	2568	0	0	330	458	0	0	0	0	608	1608	0	0	0	0	6266	0	0	0	228	1318	1862	3310	90	1852	2468	2178	0	0	0	0	0	282	0	1226	0	1804	0	0	0	0	0	0	0	0	0	0	0	0	0	0	0	0	0	0	0	0	0	0	0	0	0	0	0	0	7374	6066	3126	1420	0	0	0	0	0	0	0	0	78	1040	0	0	0	0	0	0	0	0	0	0	0	0	0	0	0	0	0	0	0	0	0	0	0	0	0	0	0	0	0	0	0	0	
199036	Frontal_Sup_Medial_L	0	0	28428	4252	3244	152	11538	266	0	0	110	0	1278	86	966	0	0	0	5714	1780	0	0	0	10668	688	0	0	0	1714	164	10422	6844	4368	5556	0	0	0	0	0	0	0	0	0	0	0	0	0	0	0	0	0	0	0	0	0	0	0	0	0	0	0	0	0	0	0	0	0	0	0	0	0	80	1200	0	0	0	0	0	0	0	0	0	0	0	0	0	0	0	0	0	0	0	0	0	0	0	0	0	0	0	0	0	0	0	0	0	0	0	0	0	0	0	0	0	0	0	
267040	Frontal_Sup_Medial_R	568	152	1720	27596	0	7482	1116	3142	0	0	0	412	0	1728	0	484	0	488	2606	12256	0	0	10668	0	0	3502	0	0	508	2704	4994	26856	148	13012	0	0	224	0	0	0	0	0	0	0	0	0	0	0	0	0	0	0	0	0	0	0	0	128	0	0	0	0	0	0	0	0	0	0	0	0	214	7242	430	2898	0	0	0	0	242	0	0	0	0	0	0	0	0	0	0	0	0	0	0	0	0	0	0	0	0	0	0	0	0	0	0	0	0	0	0	0	0	0	0	0	0	0	
31000	Frontal_Med_Orb_L	0	0	1012	0	884	126	0	0	0	0	174	0	416	0	118	0	0	0	324	0	260	228	688	0	0	154	752	118	1540	0	4946	194	0	0	0	0	0	0	0	0	0	0	0	0	0	0	0	0	0	0	0	0	0	0	0	0	0	0	0	0	0	0	0	0	0	0	0	0	0	0	706	206	2654	0	0	0	0	0	0	0	0	0	0	0	0	0	0	0	0	0	0	0	0	0	0	0	0	0	0	0	0	0	0	0	0	0	0	0	0	0	0	0	0	0	0	0	
82248	Frontal_Med_Orb_R	138	0	146	1684	114	7448	134	0	0	0	0	0	0	0	0	180	0	0	0	724	912	1318	0	3502	154	0	464	4100	170	300	988	5604	0	0	0	0	0	0	0	0	0	0	0	0	0	0	0	0	0	0	0	0	0	0	0	0	0	0	0	0	0	0	0	0	0	0	0	0	0	0	786	6712	620	4822	0	0	0	0	104	0	0	0	0	0	0	0	0	0	0	0	0	0	0	0	0	0	0	0	0	0	0	0	0	0	0	0	0	0	0	0	0	0	0	0	0	0	
40992	Rectus_L	0	0	0	0	3278	540	0	0	978	150	0	0	0	0	1814	0	0	0	0	0	2780	1862	0	0	752	464	0	674	882	0	1272	574	0	0	0	0	0	0	0	0	0	0	0	0	0	0	0	0	0	0	0	0	0	0	0	0	0	0	0	0	0	0	0	0	0	0	0	0	0	0	2442	728	788	0	0	0	0	0	0	0	0	0	518	0	0	0	0	0	0	0	0	0	0	0	0	0	0	0	0	0	0	0	0	0	0	0	0	0	0	0	0	0	0	0	0	0	
59572	Rectus_R	0	0	0	0	288	6870	0	0	162	746	0	0	0	0	206	2262	0	0	0	0	1464	3310	0	0	118	4100	674	0	0	930	298	698	0	0	0	0	0	0	0	92	0	138	0	0	0	0	0	0	0	0	0	0	0	0	0	0	0	0	0	0	0	0	0	0	0	0	0	0	0	0	1400	2520	740	1928	0	0	0	0	0	0	0	0	0	842	0	0	0	0	0	0	0	0	0	0	0	0	0	0	0	0	0	0	0	0	0	0	0	0	0	0	0	0	0	0	0	0	
562784	Insula_L	9520	1382	21522	2772	12032	372	16334	1448	6484	0	17360	514	22396	0	15610	0	13610	1052	19514	1976	3612	90	1714	508	1540	170	882	0	0	994	6292	1842	222	0	266	328	6088	1272	1490	474	1026	0	204	0	0	0	108	0	0	0	0	0	458	0	4692	344	5210	702	232	0	1994	202	554	252	0	0	202	0	4578	240	11150	7280	17676	1460	0	0	828	782	6474	278	7760	146	5456	0	2362	0	442	0	6492	126	0	0	0	0	0	0	0	0	0	0	0	0	0	0	0	0	0	0	0	0	0	0	0	0	0	0	
304128	Insula_R	516	3302	506	16018	0	2666	586	5694	0	210	478	15014	86	9070	0	5242	432	12926	376	11824	0	1852	164	2704	0	300	0	930	994	0	334	4830	0	916	0	124	0	5148	0	2656	0	1222	0	0	0	0	0	0	0	0	0	0	0	142	0	4422	82	1514	0	116	0	160	0	170	0	0	0	114	0	0	1382	7316	0	16464	0	114	0	234	0	2020	208	4570	0	2234	0	1110	0	0	0	2572	0	0	0	0	0	0	0	0	0	0	0	0	0	0	0	0	0	0	0	0	0	0	0	0	0	0	
238564	Cingulum_Ant_L	1054	0	16870	2230	1810	850	5022	372	118	0	1330	242	2572	126	1200	0	0	0	8378	2694	2636	2468	10422	4994	4946	988	1272	298	6292	334	0	12286	5524	3644	0	0	0	0	0	0	0	0	0	0	0	0	0	0	0	0	0	0	0	0	0	0	0	0	0	0	0	0	0	0	0	0	0	0	238	212	4030	5292	7064	1474	0	0	0	0	0	0	0	0	0	0	0	0	0	0	0	0	0	0	0	0	0	0	0	0	0	0	0	0	0	0	0	0	0	0	0	0	0	0	0	0	0	0	
402784	Cingulum_Ant_R	2426	358	4884	28430	150	7416	2836	1644	0	0	404	1450	92	2652	0	220	0	740	6480	21510	1986	2178	6844	26856	194	5604	574	698	1842	4830	12286	0	550	18788	132	128	1148	94	78	0	0	0	96	0	0	0	0	0	0	0	0	0	0	0	220	0	0	262	0	0	0	0	0	0	0	0	96	0	0	0	2548	21626	3334	5036	210	0	196	214	946	0	0	0	0	0	0	0	0	0	106	0	0	0	0	0	0	0	0	0	0	0	0	0	0	0	0	0	0	0	0	0	0	0	0	0	0	0	
145632	Cingulum_Mid_L	1804	0	5446	986	116	0	1548	104	0	0	196	0	0	0	130	0	160	0	12446	6416	0	0	4368	148	0	0	0	0	222	0	5524	550	0	10534	2870	630	0	0	0	0	0	0	542	0	0	0	144	0	0	0	0	0	0	0	0	0	82	0	144	0	0	0	0	0	0	0	5658	1204	9836	774	0	0	154	80	0	0	0	0	0	0	0	0	0	0	0	0	0	0	0	0	0	0	0	0	0	0	0	0	0	0	0	0	0	0	0	0	0	0	0	0	0	0	0	0	0	0	
417632	Cingulum_Mid_R	5698	90	3556	15024	0	0	1566	2394	0	0	0	424	0	1208	0	0	0	130	18702	44664	0	0	5556	13012	0	0	0	0	0	916	3644	18788	10534	0	4384	8232	0	324	0	0	0	0	226	2122	0	1090	0	1886	0	166	0	682	0	892	0	988	1270	4042	0	0	0	0	0	0	0	0	1324	12108	8436	13796	0	128	0	0	0	0	0	0	0	0	0	0	0	0	0	354	0	0	0	460	0	0	0	0	0	0	0	0	0	0	0	0	0	0	0	0	0	0	0	0	0	0	0	0	0	0	
210748	Cingulum_Post_L	1758	364	98	0	0	0	0	0	0	0	0	0	0	0	0	0	0	0	386	2790	0	0	0	0	0	0	0	0	266	0	0	132	2870	4384	0	17528	7674	6474	4504	3428	0	0	6734	566	1266	132	4566	1162	162	0	152	84	188	280	854	2512	2364	2028	0	0	0	0	0	0	0	0	11776	5338	3790	3872	0	134	0	130	0	0	964	1024	344	0	0	0	0	0	78	0	0	0	560	688	0	0	0	0	0	0	0	238	0	0	0	0	0	0	0	0	0	0	0	0	732	0	0	0	0	0	
421544	Cingulum_Post_R	976	2610	164	0	0	0	0	0	0	0	0	0	0	0	0	0	0	128	276	3154	0	0	0	0	0	0	0	0	328	124	0	128	630	8232	17528	0	7990	26202	3786	4962	0	0	1834	8086	0	428	630	7670	0	232	0	2690	0	17046	614	21322	1364	3404	0	1158	0	0	0	0	0	428	3064	31374	1360	5092	86	134	0	192	0	0	3260	2950	328	0	0	124	0	0	0	2600	0	0	532	14300	0	0	0	0	0	0	0	390	0	0	0	0	0	0	0	0	0	0	0	0	862	0	0	0	0	0	
262704	Hippocampus_L	3566	548	1574	246	88	158	724	114	0	0	198	0	84	0	120	0	122	104	2018	0	276	0	0	224	0	0	0	0	6088	0	0	1148	0	0	7674	7990	0	6494	18518	4134	7792	0	1420	0	0	0	3766	1062	0	0	182	0	260	0	13276	522	614	0	0	0	124	0	0	0	0	0	3432	1458	698	0	628	1290	5442	102	730	0	5910	2804	1088	0	1014	0	1034	0	616	0	460	0	11714	0	0	0	0	0	0	0	80	316	326	0	0	0	0	0	0	0	0	0	0	414	568	0	0	0	0	0	
642212	Hippocampus_R	1092	14522	978	2760	0	0	0	264	0	0	0	1336	0	0	0	196	208	1768	570	3072	0	282	0	0	0	0	0	0	1272	5148	0	94	0	324	6474	26202	6494	0	3134	41242	0	11028	962	6086	0	116	394	6148	0	172	0	2446	0	16460	406	61672	352	3034	0	1056	0	212	0	1146	0	410	702	21196	158	1094	1328	522	134	14352	0	722	4260	7902	172	508	0	3842	0	1880	0	5576	0	290	400	25198	0	0	0	0	0	0	84	1024	0	146	0	0	0	0	0	0	0	0	0	84	0	0	0	0	0	0	
137184	ParaHippocampal_L	892	322	146	0	0	0	170	0	0	0	0	0	0	0	206	0	0	0	162	0	388	0	0	0	0	0	0	0	1490	0	0	78	0	0	4504	3786	18518	3134	0	2074	4256	0	1322	0	0	0	4740	648	0	0	316	0	292	0	6052	384	182	0	0	0	0	0	0	0	0	0	3138	304	0	0	124	90	504	0	0	0	2214	1518	0	0	226	0	1318	0	154	0	1376	0	2048	0	0	0	0	0	148	0	172	78	258	0	0	0	0	0	0	0	0	0	0	534	326	0	0	0	0	0	
318744	ParaHippocampal_R	546	4938	272	1326	0	192	0	0	0	0	0	668	0	0	0	450	0	704	110	1430	0	1226	0	0	0	0	0	92	474	2656	0	0	0	0	3428	4962	4134	41242	2074	0	0	8632	98	780	0	0	100	5922	0	0	0	0	0	1192	314	32208	78	1478	0	0	0	92	0	1012	0	90	132	2448	0	140	430	316	0	8890	0	632	2510	4668	120	0	0	1924	0	3282	0	1678	0	1958	310	3492	0	90	0	0	80	364	112	2662	0	214	0	0	0	0	0	0	0	0	0	0	0	0	0	0	0	0	
46844	Amygdala_L	0	0	0	0	244	0	0	0	0	0	0	0	0	0	166	0	0	0	0	0	680	0	0	0	0	0	0	0	1026	0	0	0	0	0	0	0	7792	0	4256	0	0	0	0	0	0	0	0	0	0	0	0	0	0	0	3674	0	0	0	0	0	0	0	0	0	0	0	0	0	0	0	0	0	186	0	0	0	84	0	0	0	0	0	1328	0	308	0	524	0	3154	0	0	0	0	0	0	0	0	0	0	0	0	0	0	0	0	0	0	0	0	0	0	0	0	0	0	0	
80280	Amygdala_R	0	0	0	0	0	218	0	0	0	0	0	0	0	0	0	382	0	0	0	0	0	1804	0	0	0	0	0	138	0	1222	0	0	0	0	0	0	0	11028	0	8632	0	0	0	0	0	0	0	0	0	0	0	0	0	0	0	7882	0	0	0	0	0	0	0	0	0	0	0	0	0	0	0	172	0	1362	0	0	0	146	0	0	0	0	0	3458	0	0	0	530	0	3166	0	0	0	0	0	0	0	0	0	0	0	0	0	0	0	0	0	0	0	0	0	0	0	0	0	0	
408052	Calcarine_L	566	80	0	0	0	0	0	0	0	0	0	0	0	0	0	0	0	0	0	86	0	0	0	0	0	0	0	0	204	0	0	96	542	226	6734	1834	1420	962	1322	98	0	0	0	11992	25716	5204	25862	6308	12856	2334	30460	1942	10898	1312	10426	2482	1132	190	1146	0	276	0	0	0	106	0	23038	4234	1434	190	0	120	0	218	0	0	0	0	310	0	250	108	0	0	4324	1612	0	0	2416	600	0	0	0	0	0	0	0	0	136	0	0	0	0	0	0	0	0	0	0	0	120	104	0	0	0	0	
415876	Calcarine_R	0	0	0	0	0	0	0	0	0	0	0	0	0	0	0	0	0	0	0	0	0	0	0	0	0	0	0	0	0	0	0	0	0	2122	566	8086	0	6086	0	780	0	0	11992	0	5774	26940	864	27804	0	23612	0	17676	0	16220	0	18540	112	592	0	848	0	0	0	0	0	136	1276	21578	0	470	0	0	0	0	0	0	0	0	0	0	0	462	0	0	0	10020	0	0	0	4750	0	0	0	0	0	0	0	424	0	0	0	0	0	0	0	0	0	0	0	0	208	0	0	0	0	0	
196308	Cuneus_L	0	0	0	0	0	0	0	0	0	0	0	0	0	0	0	0	0	0	0	0	0	0	0	0	0	0	0	0	0	0	0	0	0	0	1266	0	0	0	0	0	0	0	25716	5774	0	8022	7434	966	18858	2210	15734	0	1106	216	410	302	288	0	720	0	98	0	0	0	0	0	7486	412	340	0	0	0	0	0	0	0	0	0	0	0	0	0	0	0	554	0	0	0	242	0	0	0	0	0	0	0	0	0	0	0	0	0	0	0	0	0	0	0	0	0	0	0	0	0	0	0	
223972	Cuneus_R	0	0	0	0	0	0	0	0	0	0	0	0	0	0	0	0	0	0	0	0	0	0	0	0	0	0	0	0	0	0	0	0	0	1090	132	428	0	116	0	0	0	0	5204	26940	8022	0	128	5430	0	28236	0	5786	0	3050	0	3600	0	674	0	4344	0	0	0	0	0	562	2222	14794	0	366	0	0	0	0	0	0	0	0	0	0	0	124	0	0	0	658	0	0	0	80	0	0	0	0	0	0	0	0	0	0	0	0	0	0	0	0	0	0	0	0	0	0	0	0	0	0	
379460	Lingual_L	464	0	0	0	0	0	0	0	0	0	0	0	0	0	0	0	0	0	0	0	0	0	0	0	0	0	0	0	108	0	0	0	144	0	4566	630	3766	394	4740	100	0	0	25862	864	7434	128	0	5362	6270	0	19990	0	7132	138	24922	1124	592	0	452	0	112	0	0	0	0	0	11886	476	338	78	0	0	0	218	0	0	216	0	114	0	138	0	0	0	566	0	0	0	906	140	7412	1004	442	98	0	0	12254	4766	17664	2520	0	0	344	0	86	0	0	0	0	0	6778	5168	714	0	0	110	
532420	Lingual_R	0	122	0	0	0	0	0	0	0	0	0	0	0	0	0	0	0	0	0	120	0	0	0	0	0	0	0	0	0	0	0	0	0	1886	1162	7670	1062	6148	648	5922	0	0	6308	27804	966	5430	5362	0	0	9618	188	6026	344	15002	4456	30634	120	710	0	900	0	0	0	0	0	934	820	14060	0	444	0	0	0	0	0	0	88	98	0	0	0	0	0	0	0	2534	0	0	0	3052	6562	8828	936	666	412	1528	7388	15386	11814	16514	610	0	1268	1244	442	408	0	0	0	710	12386	13654	3638	552	526	100	
171656	Occipital_Sup_L	0	0	0	0	0	0	0	0	0	0	0	0	0	0	0	0	0	0	0	0	0	0	0	0	0	0	0	0	0	0	0	0	0	0	162	0	0	0	0	0	0	0	12856	0	18858	0	6270	0	0	0	28994	0	1264	0	396	0	0	0	8574	0	276	0	0	0	88	0	7994	0	0	0	0	0	0	0	0	0	0	0	0	0	0	0	0	0	96	0	0	0	0	0	0	0	0	0	0	0	0	0	0	0	0	0	0	0	0	0	0	0	0	0	0	0	0	0	0	0	
230568	Occipital_Sup_R	0	0	0	0	0	0	0	0	0	0	0	0	0	0	0	0	0	0	0	0	0	0	0	0	0	0	0	0	0	0	0	0	0	166	0	232	0	172	0	0	0	0	2334	23612	2210	28236	0	9618	0	0	0	16334	0	6754	0	7952	0	152	0	5450	0	236	0	0	0	3074	676	6834	0	0	0	0	0	0	0	0	0	0	0	0	0	0	0	0	0	1062	0	0	0	180	0	0	0	0	0	0	0	0	0	0	0	0	0	0	0	0	0	0	0	0	0	0	0	0	0	0	
401804	Occipital_Mid_L	774	0	0	0	0	0	0	0	0	0	0	0	0	0	0	0	0	0	0	0	0	0	0	0	0	0	0	0	0	0	0	0	0	0	152	0	182	0	316	0	0	0	30460	0	15734	0	19990	188	28994	0	0	0	22212	0	9370	0	3698	0	14564	0	9006	0	1392	0	6014	0	10116	0	658	0	0	0	0	0	0	0	0	0	0	0	1482	0	0	0	21094	0	0	0	3832	0	0	0	0	0	0	0	0	112	250	106	0	0	0	0	0	0	0	0	0	0	0	206	0	0	0	0	
237796	Occipital_Mid_R	0	0	0	0	0	0	0	0	0	0	0	0	0	0	0	0	0	0	0	0	0	0	0	0	0	0	0	0	0	0	0	0	0	682	84	2690	0	2446	0	0	0	0	1942	17676	0	5786	0	6026	0	16334	0	0	0	10546	0	8126	0	422	0	1510	0	454	0	526	0	9958	148	6852	0	252	0	0	0	0	0	0	0	0	0	0	0	2376	0	0	0	22050	0	0	0	2012	0	0	0	0	0	0	0	0	0	0	0	0	0	0	0	0	0	0	0	0	0	0	0	0	0	0	
175596	Occipital_Inf_L	2008	0	0	0	0	0	0	0	0	0	0	0	0	0	0	0	86	0	0	0	0	0	0	0	0	0	0	0	458	0	0	0	0	0	188	0	260	0	292	0	0	0	10898	0	1106	0	7132	344	1264	0	22212	0	0	0	15878	0	3494	0	364	0	466	0	184	0	128	0	2578	0	724	0	0	0	0	0	0	0	0	0	590	0	232	0	0	0	6254	0	0	0	7868	0	290	0	0	0	0	0	250	220	998	152	0	0	0	0	0	0	0	0	0	0	312	480	88	0	0	0	
359620	Occipital_Inf_R	0	2604	0	0	0	0	0	0	0	0	0	0	0	0	0	0	0	138	0	334	0	0	0	0	0	0	0	0	0	142	0	0	0	892	280	17046	0	16460	0	1192	0	0	1312	16220	216	3050	138	15002	0	6754	0	10546	0	0	0	34460	108	2358	0	1932	0	0	0	0	0	1508	178	19630	0	916	0	0	0	0	0	0	0	0	0	0	0	350	0	0	0	5632	0	0	0	17728	80	120	0	0	0	0	164	880	112	652	0	0	0	0	0	0	0	0	0	0	464	212	0	0	0	0	
473208	Fusiform_L	2468	98	0	0	0	0	202	0	0	0	98	0	0	0	0	0	134	0	1220	0	0	0	0	0	0	0	0	0	4692	0	0	220	0	0	854	614	13276	406	6052	314	3674	0	10426	0	410	0	24922	4456	396	0	9370	0	15878	0	0	482	2680	0	0	0	348	0	238	0	0	0	4796	0	1296	0	188	238	2032	0	0	0	602	152	1294	0	1280	0	1358	0	3220	0	698	0	21092	0	22254	550	1306	88	290	0	15106	3972	35542	1976	312	0	730	0	178	0	164	0	0	0	6072	5166	724	0	0	0	
914068	Fusiform_R	474	10692	236	1054	0	0	0	0	0	0	0	576	0	0	0	118	0	1878	92	1842	0	0	0	0	0	0	0	0	344	4422	0	0	0	988	2512	21322	522	61672	384	32208	0	7882	2482	18540	302	3600	1124	30634	0	7952	0	8126	0	34460	482	0	338	6776	0	3316	0	1334	0	2092	0	3102	578	23446	114	1550	402	180	0	8904	0	390	886	2350	0	890	0	6060	0	4452	0	9562	0	2128	0	43860	846	17404	92	778	0	942	1916	14552	1514	26686	0	82	106	2104	100	484	0	158	0	0	6194	2676	470	146	154	0	
344964	Postcentral_L	36050	430	454	0	0	0	1162	0	0	0	3116	0	0	0	0	0	12416	0	3430	2228	0	0	0	0	0	0	0	0	5210	82	0	0	82	1270	2364	1364	614	352	182	78	0	0	1132	112	288	0	592	120	0	0	3698	0	3494	108	2680	338	0	564	10726	0	27490	0	12900	0	508	0	3520	580	5556	2332	1178	186	228	0	0	0	2478	286	1778	0	8070	0	0	0	4758	0	0	0	5768	130	0	0	0	0	0	0	0	0	0	0	0	0	0	0	0	0	0	0	0	0	0	0	0	0	0	0	
241552	Postcentral_R	1118	14916	162	1386	0	0	0	308	0	0	360	3086	0	82	0	0	96	3936	112	2884	0	0	0	128	0	0	0	0	702	1514	0	262	0	4042	2028	3404	0	3034	0	1478	0	0	190	592	0	674	0	710	0	152	0	422	0	2358	0	6776	564	0	0	5898	0	5090	0	11140	0	482	228	4556	748	7302	1328	302	388	1268	0	0	0	136	0	420	0	5734	0	0	0	10684	0	0	0	7596	0	0	0	0	0	0	0	0	0	0	0	0	0	0	0	0	0	0	0	0	0	0	0	0	0	0	
141800	Parietal_Sup_L	322	0	0	0	0	0	0	0	0	0	0	0	0	0	0	0	206	0	0	0	0	0	0	0	0	0	0	0	232	0	0	0	144	0	0	0	0	0	0	0	0	0	1146	0	720	0	452	0	8574	0	14564	0	364	0	0	0	10726	0	0	0	15812	0	1250	0	674	0	9678	0	300	0	0	0	0	0	0	0	0	0	202	0	724	0	0	0	2418	0	0	0	2392	0	0	0	0	0	0	0	0	0	0	0	0	0	0	0	0	0	0	0	0	0	0	0	0	0	0	0	
100736	Parietal_Sup_R	0	0	0	0	0	0	0	0	0	0	0	0	0	0	0	0	0	160	0	0	0	0	0	0	0	0	0	0	0	116	0	0	0	0	0	1158	0	1056	0	0	0	0	0	848	0	4344	0	900	0	5450	0	1510	0	1932	0	3316	0	5898	0	0	0	5614	0	1620	0	2464	196	5946	0	0	0	0	0	0	0	0	0	0	0	0	0	848	0	0	0	4582	0	0	0	2410	0	0	0	0	0	0	0	0	0	0	0	0	0	0	0	0	0	0	0	0	0	0	0	0	0	0	
237920	Parietal_Inf_L	6160	0	0	0	0	0	78	0	0	0	348	0	0	0	0	0	1812	0	78	0	0	0	0	0	0	0	0	0	1994	0	0	0	0	0	0	0	124	0	0	0	0	0	276	0	98	0	112	0	276	0	9006	0	466	0	348	0	27490	0	15812	0	0	0	21286	0	10510	0	564	0	252	0	0	90	394	0	0	0	0	0	660	0	3074	0	0	0	10404	0	0	0	7248	0	0	0	0	0	0	0	0	0	0	0	0	0	0	0	0	0	0	0	0	0	0	0	0	0	0	0	
88808	Parietal_Inf_R	136	328	0	0	0	0	0	0	0	0	122	110	0	0	0	0	0	1100	0	0	0	0	0	0	0	0	0	0	202	160	0	0	0	0	0	0	0	212	0	92	0	0	0	0	0	0	0	0	0	236	0	454	0	0	0	1334	0	5090	0	5614	0	0	0	13368	0	10888	0	0	0	0	362	0	176	0	0	0	0	0	0	0	0	1606	0	0	0	1526	0	0	0	1288	0	0	0	0	0	0	0	0	0	0	0	0	0	0	0	0	0	0	0	0	0	0	0	0	0	0	
147312	SupraMarginal_L	2372	0	0	0	0	0	0	0	0	0	0	0	0	0	0	0	3652	0	0	0	0	0	0	0	0	0	0	0	554	0	0	0	0	0	0	0	0	0	0	0	0	0	0	0	0	0	0	0	0	0	1392	0	184	0	238	0	12900	0	1250	0	21286	0	0	0	5010	0	0	0	0	0	0	0	0	0	0	0	0	0	0	0	8438	0	0	0	12034	0	0	0	4346	0	0	0	0	0	0	0	0	0	0	0	0	0	0	0	0	0	0	0	0	0	0	0	0	0	0	0	
111824	SupraMarginal_R	170	1496	0	0	0	0	0	0	0	0	156	340	0	0	0	0	0	4038	0	0	0	0	0	0	0	0	0	0	252	170	0	0	0	0	0	0	0	1146	0	1012	0	0	0	0	0	0	0	0	0	0	0	526	0	0	0	2092	0	11140	0	1620	0	13368	0	0	0	7260	0	0	0	0	444	0	228	126	0	0	0	102	0	114	0	7124	0	0	0	1212	0	0	0	1776	0	0	0	0	0	0	0	0	0	0	0	0	0	0	0	0	0	0	0	0	0	0	0	0	0	0	
62596	Angular_L	132	0	0	0	0	0	0	0	0	0	0	0	0	0	0	0	0	0	0	0	0	0	0	0	0	0	0	0	0	0	0	0	0	0	0	0	0	0	0	0	0	0	106	0	0	0	0	0	88	0	6014	0	128	0	0	0	508	0	674	0	10510	0	5010	0	0	0	124	0	0	0	0	0	0	0	0	0	0	0	0	0	732	0	0	0	6788	0	0	0	484	0	0	0	0	0	0	0	0	0	0	0	0	0	0	0	0	0	0	0	0	0	0	0	0	0	0	0	
124220	Angular_R	0	0	0	0	0	0	0	0	0	0	0	78	0	0	0	0	0	0	0	0	0	0	0	0	0	0	0	0	0	0	0	0	0	0	0	428	0	410	0	90	0	0	0	136	0	562	0	934	0	3074	0	9958	0	1508	0	3102	0	482	0	2464	0	10888	0	7260	0	0	0	652	0	0	0	0	0	0	0	0	0	0	0	0	0	6324	0	0	0	11896	0	0	0	1864	0	0	0	0	0	0	0	0	0	0	0	0	0	0	0	0	0	0	0	0	0	0	0	0	0	0	
276960	Precuneus_L	1016	0	0	0	0	0	0	0	0	0	0	0	0	0	0	0	0	0	178	220	0	0	0	0	0	0	0	0	202	0	0	96	5658	1324	11776	3064	3432	702	3138	132	0	0	23038	1276	7486	2222	11886	820	7994	676	10116	148	2578	178	4796	578	3520	228	9678	196	564	0	0	0	124	0	0	8042	6908	372	0	122	0	222	0	0	0	0	316	0	196	0	0	0	1122	98	0	0	1114	218	0	0	0	0	0	0	0	250	0	0	0	0	0	0	0	0	0	0	0	0	460	0	0	0	0	0	
480712	Precuneus_R	358	2398	0	0	0	0	0	0	0	0	0	0	0	0	0	0	0	128	504	2232	0	0	0	0	0	0	0	0	0	114	0	0	1204	12108	5338	31374	1458	21196	304	2448	0	0	4234	21578	412	14794	476	14060	0	6834	0	6852	0	19630	0	23446	580	4556	0	5946	0	0	0	0	0	652	8042	0	834	4180	0	0	0	0	0	0	498	0	0	0	0	678	0	0	0	5494	0	0	0	14348	0	0	0	0	0	0	0	570	0	0	0	0	0	0	0	0	0	0	0	0	498	0	0	0	0	0	
341768	Paracentral_Lobule_L	26584	1302	2418	2356	0	0	254	0	0	0	168	0	0	0	0	0	1394	0	22938	23726	0	0	0	0	0	0	0	0	4578	0	238	0	9836	8436	3790	1360	698	158	0	0	0	0	1434	0	340	0	338	0	0	0	658	0	724	0	1296	114	5556	748	300	0	252	0	0	0	0	0	6908	834	0	15824	5966	548	5630	96	3240	0	7408	298	158	0	306	0	0	0	464	0	0	0	1210	0	0	0	0	0	0	0	0	0	0	0	0	0	0	0	0	0	0	0	0	0	0	0	0	0	0	0	
241692	Paracentral_Lobule_R	11986	3620	1162	230	0	0	158	0	0	0	98	0	0	0	0	0	130	0	3970	33106	0	0	0	0	0	0	0	0	240	0	212	0	774	13796	3872	5092	0	1094	0	140	0	0	190	470	0	366	78	444	0	0	0	252	0	916	0	1550	2332	7302	0	0	0	0	0	0	0	0	372	4180	15824	0	170	1832	412	98	134	0	250	1982	0	0	0	0	0	0	0	670	0	0	0	1342	0	0	0	0	0	0	0	0	0	0	0	0	0	0	0	0	0	0	0	0	0	0	0	0	0	0	
286932	Caudate_L	8288	1904	1560	3258	1790	1406	1082	1340	634	372	4528	464	540	0	1306	0	2274	2274	7398	2006	7068	7374	0	214	706	786	2442	1400	11150	1382	4030	2548	0	0	0	86	628	1328	124	430	0	0	0	0	0	0	0	0	0	0	0	0	0	0	188	402	1178	1328	0	0	0	362	0	444	0	0	0	0	5966	170	0	17026	12184	4548	2072	122	9128	1482	0	616	492	330	1010	0	0	0	0	0	188	110	0	0	0	0	0	0	0	0	0	0	0	0	0	0	0	0	0	0	0	0	0	0	0	0	0	0	
470496	Caudate_R	3134	2388	4152	21616	524	9606	1998	530	150	200	5598	4628	584	872	336	1434	1284	1462	4404	25110	3356	6066	80	7242	206	6712	728	2520	7280	7316	5292	21626	0	128	134	134	1290	522	90	316	0	172	120	0	0	0	0	0	0	0	0	0	0	0	238	180	186	302	0	0	90	0	0	0	0	0	122	0	548	1832	17026	0	8530	20020	226	1896	724	18838	982	492	254	348	406	546	0	0	0	0	122	0	0	0	0	0	0	0	0	0	0	0	0	0	0	0	0	0	0	0	0	0	0	0	0	0	0	0	
289904	Putamen_L	3570	346	7362	1290	5202	862	1738	282	2924	188	522	0	1584	0	5034	0	212	0	20262	1444	3180	3126	1200	430	2654	620	788	740	17676	0	7064	3334	154	0	0	0	5442	134	504	0	186	0	0	0	0	0	0	0	0	0	0	0	0	0	2032	0	228	388	0	0	394	176	0	228	0	0	0	0	5630	412	12184	8530	0	2816	5742	0	1512	0	0	0	700	0	1096	0	292	0	100	0	2290	0	0	0	0	0	0	0	0	0	148	0	0	0	0	0	0	0	0	0	0	0	0	0	0	0	0	0	
322652	Putamen_R	766	3226	1152	14178	0	8290	180	762	0	192	136	3716	0	0	0	1478	162	2544	1286	13032	810	1420	0	2898	0	4822	0	1928	1460	16464	1474	5036	80	0	130	192	102	14352	0	8890	0	1362	218	0	0	0	218	0	0	0	0	0	0	0	0	8904	0	1268	0	0	0	0	0	126	0	0	222	0	96	98	4548	20020	2816	0	0	3044	90	1730	0	682	0	1686	0	886	0	294	0	0	0	1860	0	0	0	0	0	0	0	0	0	0	0	0	0	0	0	0	0	0	0	0	0	0	0	0	0	0	
41332	Pallidum_L	1222	0	400	126	0	0	208	122	0	0	0	0	0	0	0	0	0	0	3970	240	0	0	0	0	0	0	0	0	0	0	0	210	0	0	0	0	730	0	0	0	0	0	0	0	0	0	0	0	0	0	0	0	0	0	0	0	0	0	0	0	0	0	0	0	0	0	0	0	3240	134	2072	226	5742	0	0	0	2024	0	0	0	0	0	0	0	0	0	0	0	0	0	0	0	0	0	0	0	0	0	0	0	0	0	0	0	0	0	0	0	0	0	0	0	0	0	0	0	
27020	Pallidum_R	176	80	0	2912	0	0	100	0	0	0	0	90	0	0	0	0	0	0	0	3130	0	0	0	0	0	0	0	0	0	114	0	0	0	0	0	0	0	722	0	632	0	0	0	0	0	0	0	0	0	0	0	0	0	0	0	390	0	0	0	0	0	0	0	0	0	0	0	0	0	0	122	1896	0	3044	0	0	0	102	0	0	0	0	0	0	0	0	0	0	0	0	0	0	0	0	0	0	0	0	0	0	0	0	0	0	0	0	0	0	0	0	0	0	0	0	0	0	
148168	Thalamus_L	14654	200	1322	0	0	0	226	0	0	0	142	0	0	0	0	0	224	0	1460	452	0	0	0	0	0	0	0	0	828	0	0	196	0	0	964	3260	5910	4260	2214	2510	84	0	0	0	0	0	216	88	0	0	0	0	0	0	602	886	2478	0	0	0	0	0	0	0	0	0	0	498	7408	250	9128	724	1512	90	2024	0	0	8644	182	0	0	0	0	0	0	0	0	0	448	0	0	0	0	0	0	0	0	0	0	0	0	0	0	0	0	0	0	0	0	0	0	0	0	0	0	0	
145148	Thalamus_R	1526	4606	964	298	0	0	158	0	0	0	0	396	0	0	0	0	314	0	674	5042	0	0	0	0	0	0	0	0	782	234	0	214	0	0	1024	2950	2804	7902	1518	4668	0	146	0	0	0	0	0	98	0	0	0	0	0	0	152	2350	286	136	0	0	0	0	0	102	0	0	0	0	298	1982	1482	18838	0	1730	0	102	8644	0	0	0	0	0	0	0	0	0	0	0	154	0	0	0	0	0	0	0	0	0	0	0	0	0	0	0	0	0	0	0	0	0	0	0	0	0	0	0	
62324	Heschl_L	2790	0	102	186	0	184	612	0	0	0	478	0	0	0	0	0	2356	0	286	0	0	0	0	242	0	104	0	0	6474	0	0	946	0	0	344	328	1088	172	0	120	0	0	310	0	0	0	114	0	0	0	0	0	590	0	1294	0	1778	0	202	0	660	0	0	0	0	0	316	0	158	0	0	982	0	0	0	0	182	0	0	0	2922	0	0	0	2022	0	0	0	2820	0	0	0	0	0	0	0	0	0	0	0	0	0	0	0	0	0	0	0	0	0	0	0	0	0	0	0	
35852	Heschl_R	0	618	0	302	0	0	0	0	0	0	0	242	0	0	0	0	0	4762	0	492	0	0	0	0	0	0	0	0	278	2020	0	0	0	0	0	0	0	508	0	0	0	0	0	0	0	0	0	0	0	0	0	0	0	0	0	890	0	420	0	0	0	0	0	114	0	0	0	0	0	0	616	492	0	682	0	0	0	0	0	0	0	4632	0	0	0	168	0	0	0	690	0	0	0	0	0	0	0	0	0	0	0	0	0	0	0	0	0	0	0	0	0	0	0	0	0	0	
198500	Temporal_Sup_L	4260	0	888	110	0	0	300	0	0	0	1856	0	252	0	84	0	11030	204	2420	146	0	0	0	0	0	0	0	0	7760	208	0	0	0	0	0	0	1014	0	226	0	0	0	250	0	0	0	138	0	0	0	1482	0	232	0	1280	0	8070	0	724	0	3074	0	8438	0	732	0	196	0	306	0	492	254	700	0	0	0	0	0	2922	0	0	0	4216	0	22498	0	0	0	12488	0	0	0	0	0	0	0	0	0	0	0	0	0	0	0	0	0	0	0	0	0	0	0	0	0	0	0	
186488	Temporal_Sup_R	0	1858	0	370	0	0	0	0	0	0	0	674	0	0	0	2600	0	8216	0	556	0	0	0	0	0	0	0	0	146	4570	0	0	0	0	0	124	0	3842	0	1924	0	0	108	462	0	124	0	0	0	0	0	2376	0	350	0	6060	0	5734	0	848	0	1606	0	7124	0	6324	0	678	0	0	330	348	0	1686	0	0	0	0	0	4632	0	0	0	4602	0	19280	0	0	0	5546	0	0	0	0	0	0	0	146	0	0	0	0	0	0	0	0	0	0	0	0	0	0	0	0	0	0	
87484	Temporal_Pole_Sup_L	170	0	424	0	1830	0	0	0	298	0	1428	0	346	0	1606	0	1532	0	438	0	1926	78	0	0	0	0	518	0	5456	0	0	0	0	0	0	0	1034	0	1318	0	1328	0	0	0	0	0	0	0	0	0	0	0	0	0	1358	0	0	0	0	0	0	0	0	0	0	0	0	0	0	0	1010	406	1096	0	0	0	0	0	0	0	4216	0	0	0	8366	0	3004	0	4556	0	0	0	0	0	0	0	0	0	0	0	0	0	0	0	0	0	0	0	0	0	0	0	0	0	0	0	
83860	Temporal_Pole_Sup_R	0	0	0	0	0	820	0	0	0	0	0	654	0	0	0	5366	0	432	0	0	0	1040	0	0	0	0	0	842	0	2234	0	0	0	0	0	0	0	1880	0	3282	0	3458	0	0	0	0	0	0	0	0	0	0	0	0	0	4452	0	0	0	0	0	0	0	0	0	0	0	0	0	0	0	546	0	886	0	0	0	0	0	0	0	4602	0	0	0	3236	0	2766	0	5434	0	0	0	0	0	0	0	0	0	0	0	0	0	0	0	0	0	0	0	0	0	0	0	0	0	0	
294808	Temporal_Mid_L	1466	0	0	0	0	0	0	0	0	0	0	0	0	0	0	0	1040	0	322	0	0	0	0	0	0	0	0	0	2362	0	0	0	0	0	78	0	616	0	154	0	308	0	4324	0	554	0	566	0	96	0	21094	0	6254	0	3220	0	4758	0	2418	0	10404	0	12034	0	6788	0	1122	0	464	0	0	0	292	0	0	0	0	0	2022	0	22498	0	8366	0	0	0	2414	0	31370	0	0	0	0	0	0	0	0	0	0	0	0	0	0	0	0	0	0	0	0	0	0	0	0	0	0	0	
286932	Temporal_Mid_R	0	792	0	0	0	0	0	0	0	0	0	0	0	0	0	450	0	0	0	92	0	0	0	0	0	0	0	0	0	1110	0	0	0	354	0	2600	0	5576	0	1678	0	0	1612	10020	0	658	0	2534	0	1062	0	22050	0	5632	0	9562	0	10684	0	4582	0	1526	0	1212	0	11896	98	5494	0	670	0	0	0	294	0	0	0	0	0	168	0	19280	0	3236	0	0	0	666	0	17666	0	0	0	0	0	0	0	212	0	0	0	0	0	0	0	0	0	0	0	0	0	0	0	0	0	0	
22184	Temporal_Pole_Mid_L	0	0	0	0	0	0	0	0	0	0	0	0	0	0	0	0	0	0	0	0	0	0	0	0	0	0	0	0	442	0	0	0	0	0	0	0	460	0	1376	0	524	0	0	0	0	0	0	0	0	0	0	0	0	0	698	0	0	0	0	0	0	0	0	0	0	0	0	0	0	0	0	0	100	0	0	0	0	0	0	0	0	0	3004	0	2414	0	0	0	2074	0	0	0	0	0	0	0	0	0	0	0	0	0	0	0	0	0	0	0	0	0	0	0	0	0	0	0	
19064	Temporal_Pole_Mid_R	0	0	0	0	0	0	0	0	0	0	0	0	0	0	0	0	0	0	0	0	0	0	0	0	0	0	0	0	0	0	0	0	0	0	0	0	0	290	0	1958	0	530	0	0	0	0	0	0	0	0	0	0	0	0	0	2128	0	0	0	0	0	0	0	0	0	0	0	0	0	0	0	0	0	0	0	0	0	0	0	0	0	0	0	2766	0	666	0	0	0	1194	0	0	0	0	0	0	0	0	0	0	0	0	0	0	0	0	0	0	0	0	0	0	0	0	0	0	
307864	Temporal_Inf_L	2640	104	0	0	0	0	152	0	0	0	118	0	82	0	0	0	1392	0	1614	0	0	0	0	0	0	0	0	0	6492	0	0	106	0	0	560	532	11714	400	2048	310	3154	0	2416	0	242	0	906	0	0	0	3832	0	7868	0	21092	0	5768	0	2392	0	7248	0	4346	0	484	0	1114	0	1210	0	188	122	2290	0	0	0	448	154	2820	0	12488	0	4556	0	31370	0	2074	0	0	0	4012	0	746	0	0	0	378	0	1504	0	216	0	230	0	0	0	0	0	0	0	0	0	0	0	0	0	
398200	Temporal_Inf_R	104	6138	0	144	0	0	0	0	0	0	0	218	0	0	0	144	0	578	0	672	0	0	0	0	0	0	0	0	126	2572	0	0	0	460	688	14300	0	25198	0	3492	0	3166	600	4750	0	80	140	3052	0	180	0	2012	0	17728	0	43860	130	7596	0	2410	0	1288	0	1776	0	1864	218	14348	0	1342	110	0	0	1860	0	0	0	0	0	690	0	5546	0	5434	0	17666	0	1194	0	0	0	2948	0	522	0	0	0	366	0	1260	0	0	0	130	0	0	0	0	0	0	0	0	0	0	0	0	
571688	Cerebelum_Crus1_L	0	0	0	0	0	0	0	0	0	0	0	0	0	0	0	0	0	0	0	0	0	0	0	0	0	0	0	0	0	0	0	0	0	0	0	0	0	0	0	0	0	0	0	0	0	0	7412	6562	0	0	0	0	290	80	22254	846	0	0	0	0	0	0	0	0	0	0	0	0	0	0	0	0	0	0	0	0	0	0	0	0	0	0	0	0	0	0	0	0	4012	0	0	4500	42378	4186	488	1476	20676	5896	59062	6306	17968	918	24842	5444	3976	2756	1454	290	548	1412	9252	9980	13650	3742	2840	348	
428644	Cerebelum_Crus1_R	0	0	0	0	0	0	0	0	0	0	0	0	0	0	0	0	0	0	0	0	0	0	0	0	0	0	0	0	0	0	0	0	0	0	0	0	0	0	0	90	0	0	0	0	0	0	1004	8828	0	0	0	0	0	120	550	17404	0	0	0	0	0	0	0	0	0	0	0	0	0	0	0	0	0	0	0	0	0	0	0	0	0	0	0	0	0	0	0	0	0	2948	4500	0	2360	31484	256	1572	2996	13348	4318	54484	368	6392	810	19068	1218	3540	0	432	114	594	9102	11596	10984	1452	1720	670	
425336	Cerebelum_Crus2_L	0	0	0	0	0	0	0	0	0	0	0	0	0	0	0	0	0	0	0	0	0	0	0	0	0	0	0	0	0	0	0	0	0	0	0	0	0	0	0	0	0	0	0	0	0	0	442	936	0	0	0	0	0	0	1306	92	0	0	0	0	0	0	0	0	0	0	0	0	0	0	0	0	0	0	0	0	0	0	0	0	0	0	0	0	0	0	0	0	746	0	42378	2360	0	14238	202	926	4196	1288	11396	1070	37164	7416	32718	9308	3754	1578	948	0	324	846	1270	2140	23456	8280	1650	240	
310444	Cerebelum_Crus2_R	0	0	0	0	0	0	0	0	0	0	0	0	0	0	0	0	0	0	0	0	0	0	0	0	0	0	0	0	0	0	0	0	0	0	0	0	0	0	0	0	0	0	0	0	0	0	98	666	0	0	0	0	0	0	88	778	0	0	0	0	0	0	0	0	0	0	0	0	0	0	0	0	0	0	0	0	0	0	0	0	0	0	0	0	0	0	0	0	0	522	4186	31484	14238	0	0	176	146	620	1514	6470	8916	26114	4028	28112	384	4196	0	178	0	0	234	1532	17798	2170	492	82	
53060	Cerebelum_3_L	0	0	0	0	0	0	0	0	0	0	0	0	0	0	0	0	0	0	0	0	0	0	0	0	0	0	0	0	0	0	0	0	0	0	0	0	0	0	148	80	0	0	0	0	0	0	0	412	0	0	0	0	0	0	290	0	0	0	0	0	0	0	0	0	0	0	0	0	0	0	0	0	0	0	0	0	0	0	0	0	0	0	0	0	0	0	0	0	0	0	488	256	202	0	0	120	7648	274	1402	340	100	0	1640	0	2850	212	182	0	1572	3970	2036	218	354	682	1054	0	
82224	Cerebelum_3_R	0	0	0	0	0	0	0	0	0	0	0	0	0	0	0	0	0	0	0	0	0	0	0	0	0	0	0	0	0	0	0	0	0	0	0	0	0	0	0	364	0	0	0	0	0	0	0	1528	0	0	0	0	0	0	0	942	0	0	0	0	0	0	0	0	0	0	0	0	0	0	0	0	0	0	0	0	0	0	0	0	0	0	0	0	0	0	0	0	0	0	1476	1572	926	176	120	0	628	5310	1200	4328	92	0	468	1028	354	3376	0	94	1380	3888	1912	1134	3060	2862	2894	0	
390616	Cerebelum_4_5_L	0	0	0	0	0	0	0	0	0	0	0	0	0	0	0	0	0	0	0	0	0	0	0	0	0	0	0	0	0	0	0	0	0	0	0	0	80	84	172	112	0	0	0	0	0	0	12254	7388	0	0	0	0	250	164	15106	1916	0	0	0	0	0	0	0	0	0	0	0	0	0	0	0	0	0	0	0	0	0	0	0	0	0	0	0	0	0	0	0	0	378	0	20676	2996	4196	146	7648	628	0	10048	40046	6060	2888	0	8958	284	8968	1008	1914	0	1244	3362	21404	7136	1926	1636	1942	2290	
330976	Cerebelum_4_5_R	0	0	0	0	0	0	0	0	0	0	0	0	0	0	0	0	0	0	0	0	0	0	0	0	0	0	0	0	0	0	0	0	0	0	238	390	316	1024	78	2662	0	0	0	424	0	0	4766	15386	0	0	112	0	220	880	3972	14552	0	0	0	0	0	0	0	0	0	0	250	570	0	0	0	0	0	0	0	0	0	0	0	0	0	146	0	0	0	212	0	0	0	366	5896	13348	1288	620	274	5310	10048	0	8680	29840	686	0	1778	2744	1046	2308	106	134	0	1200	22478	3712	3030	2012	2130	256	
569764	Cerebelum_6_L	0	0	0	0	0	0	0	0	0	0	0	0	0	0	0	0	0	0	94	0	0	0	0	0	0	0	0	0	0	0	0	0	0	0	0	0	326	0	258	0	0	0	136	0	0	0	17664	11814	0	0	250	0	998	112	35542	1514	0	0	0	0	0	0	0	0	0	0	0	0	0	0	0	0	148	0	0	0	0	0	0	0	0	0	0	0	0	0	0	0	1504	0	59062	4318	11396	1514	1402	1200	40046	8680	0	9628	5780	100	11600	3264	4570	2238	2192	250	440	1182	14628	17000	8172	2874	2404	582	
477988	Cerebelum_6_R	0	0	0	0	0	0	0	0	0	0	0	0	0	0	0	0	0	0	0	0	0	0	0	0	0	0	0	0	0	0	0	0	0	0	0	0	0	146	0	214	0	0	0	0	0	0	2520	16514	0	0	106	0	152	652	1976	26686	0	0	0	0	0	0	0	0	0	0	0	0	0	0	0	0	0	0	0	0	0	0	0	0	0	0	0	0	0	0	0	0	0	1260	6306	54484	1070	6470	340	4328	6060	29840	9628	0	444	286	1166	11144	1512	4416	0	796	272	1234	15806	18134	8226	2754	3176	876	
306188	Cerebelum_7b_L	0	0	0	0	0	0	0	0	0	0	0	0	0	0	0	0	0	0	0	0	0	0	0	0	0	0	0	0	0	0	0	0	0	0	0	0	0	0	0	0	0	0	0	0	0	0	0	610	0	0	0	0	0	0	312	0	0	0	0	0	0	0	0	0	0	0	0	0	0	0	0	0	0	0	0	0	0	0	0	0	0	0	0	0	0	0	0	0	216	0	17968	368	37164	8916	100	92	2888	686	5780	444	0	5842	33136	7498	4810	208	1450	0	0	122	954	796	15038	7356	262	78	
187820	Cerebelum_7b_R	0	0	0	0	0	0	0	0	0	0	0	0	0	0	0	0	0	0	0	0	0	0	0	0	0	0	0	0	0	0	0	0	0	0	0	0	0	0	0	0	0	0	0	0	0	0	0	0	0	0	0	0	0	0	0	82	0	0	0	0	0	0	0	0	0	0	0	0	0	0	0	0	0	0	0	0	0	0	0	0	0	0	0	0	0	0	0	0	0	0	918	6392	7416	26114	0	0	0	0	100	286	5842	0	3296	26812	216	5782	0	0	0	0	0	0	7266	3282	106	0	
403616	Cerebelum_8_L	0	0	0	0	0	0	0	0	0	0	0	0	0	0	0	0	0	0	0	0	0	0	0	0	0	0	0	0	0	0	0	0	0	0	0	0	0	0	0	0	0	0	0	0	0	0	344	1268	0	0	0	0	0	0	730	106	0	0	0	0	0	0	0	0	0	0	0	0	0	0	0	0	0	0	0	0	0	0	0	0	0	0	0	0	0	0	0	0	230	0	24842	810	32718	4028	1640	468	8958	1778	11600	1166	33136	3296	0	7000	23772	1996	4366	0	576	1046	3192	2128	12874	11762	5032	946	
374712	Cerebelum_8_R	0	0	0	0	0	0	0	0	0	0	0	0	0	0	0	0	0	0	0	0	0	0	0	0	0	0	0	0	0	0	0	0	0	0	0	0	0	0	0	0	0	0	0	0	0	0	0	1244	0	0	0	0	0	0	0	2104	0	0	0	0	0	0	0	0	0	0	0	0	0	0	0	0	0	0	0	0	0	0	0	0	0	0	0	0	0	0	0	0	0	130	5444	19068	9308	28112	0	1028	284	2744	3264	11144	7498	26812	7000	0	1222	25004	202	924	280	608	570	2994	16310	10172	3740	146	
169372	Cerebelum_9_L	0	0	0	0	0	0	0	0	0	0	0	0	0	0	0	0	0	0	0	0	0	0	0	0	0	0	0	0	0	0	0	0	0	0	0	0	0	0	0	0	0	0	0	0	0	0	86	442	0	0	0	0	0	0	178	100	0	0	0	0	0	0	0	0	0	0	0	0	0	0	0	0	0	0	0	0	0	0	0	0	0	0	0	0	0	0	0	0	0	0	3976	1218	3754	384	2850	354	8968	1046	4570	1512	4810	216	23772	1222	0	2778	6256	0	568	1144	2912	1006	2062	3318	4588	596	
187956	Cerebelum_9_R	0	0	0	0	0	0	0	0	0	0	0	0	0	0	0	0	0	0	0	0	0	0	0	0	0	0	0	0	0	0	0	0	0	0	0	0	0	0	0	0	0	0	0	0	0	0	0	408	0	0	0	0	0	0	0	484	0	0	0	0	0	0	0	0	0	0	0	0	0	0	0	0	0	0	0	0	0	0	0	0	0	0	0	0	0	0	0	0	0	0	2756	3540	1578	4196	212	3376	1008	2308	2238	4416	208	5782	1996	25004	2778	0	254	1788	1594	3088	1812	1966	4776	6426	8436	1550	
39480	Cerebelum_10_L	0	0	0	0	0	0	0	0	0	0	0	0	0	0	0	0	0	0	0	0	0	0	0	0	0	0	0	0	0	0	0	0	0	0	0	0	0	0	0	0	0	0	0	0	0	0	0	0	0	0	0	0	0	0	164	0	0	0	0	0	0	0	0	0	0	0	0	0	0	0	0	0	0	0	0	0	0	0	0	0	0	0	0	0	0	0	0	0	0	0	1454	0	948	0	182	0	1914	106	2192	0	1450	0	4366	202	6256	254	0	0	0	0	168	0	0	0	84	0	
12952	Cerebelum_10_R	0	0	0	0	0	0	0	0	0	0	0	0	0	0	0	0	0	0	0	0	0	0	0	0	0	0	0	0	0	0	0	0	0	0	0	0	0	0	0	0	0	0	0	0	0	0	0	0	0	0	0	0	0	0	0	158	0	0	0	0	0	0	0	0	0	0	0	0	0	0	0	0	0	0	0	0	0	0	0	0	0	0	0	0	0	0	0	0	0	0	290	432	0	178	0	94	0	134	250	796	0	0	0	924	0	1788	0	0	86	88	0	86	356	354	462	0	
36768	Vermis_1_2	0	0	0	0	0	0	0	0	0	0	0	0	0	0	0	0	0	0	0	0	0	0	0	0	0	0	0	0	0	0	0	0	0	0	0	0	0	0	0	0	0	0	0	0	0	0	0	0	0	0	0	0	0	0	0	0	0	0	0	0	0	0	0	0	0	0	0	0	0	0	0	0	0	0	0	0	0	0	0	0	0	0	0	0	0	0	0	0	0	0	548	114	324	0	1572	1380	1244	0	440	272	0	0	576	280	568	1594	0	86	0	4754	1402	216	790	952	1272	0	
84320	Vermis_3	0	0	0	0	0	0	0	0	0	0	0	0	0	0	0	0	0	0	0	0	0	0	0	0	0	0	0	0	0	0	0	0	0	0	0	0	414	84	534	0	0	0	0	0	0	0	0	710	0	0	0	0	0	0	0	0	0	0	0	0	0	0	0	0	0	0	0	0	0	0	0	0	0	0	0	0	0	0	0	0	0	0	0	0	0	0	0	0	0	0	1412	594	846	0	3970	3888	3362	1200	1182	1234	122	0	1046	608	1144	3088	0	88	4754	0	2706	946	2562	2668	2998	0	
331732	Vermis_4_5	0	0	0	0	0	0	0	0	0	0	0	0	0	0	0	0	0	0	0	0	0	0	0	0	0	0	0	0	0	0	0	0	0	0	732	862	568	0	326	0	0	0	120	208	0	0	6778	12386	0	0	0	0	312	464	6072	6194	0	0	0	0	0	0	0	0	0	0	460	498	0	0	0	0	0	0	0	0	0	0	0	0	0	0	0	0	0	0	0	0	0	0	9252	9102	1270	234	2036	1912	21404	22478	14628	15806	954	0	3192	570	2912	1812	168	0	1402	2706	0	8150	2234	2210	2558	2896	
