data	data	609384	302520	947504	784992	172476	98596	435188	309956	63920	43360	317080	245668	231740	254628	174696	127892	266964	169680	831564	708224	69180	83060	324416	369924	45968	85004	43900	62628	607948	441020	348080	471360	168500	434424	159052	169056	272488	357232	154944	272660	62824	54440	229756	269208	175924	402232	276932	324832	194048	422780	430764	342060	185856	92192	402864	506104	338632	191632	157848	93768	206332	98892	122664	101820	159888	208484	295372	471760	338780	160728	223952	359252	294272	334156	63012	43032	159036	160204	57052	29336	280256	129092	212892	68060	310420	312960	47388	39280	307676	369712	472720	500020	480756	429560	62040	79772	333488	206864	433316	485536	326232	158224	405084	414816	145020	180312	21948	16164	30260	60988	298468	194128	304352	246516	165760	47804	
data	data	Precentral_L	Precentral_R	Frontal_Sup_L	Frontal_Sup_R	Frontal_Sup_Orb_L	Frontal_Sup_Orb_R	Frontal_Mid_L	Frontal_Mid_R	Frontal_Mid_Orb_L	Frontal_Mid_Orb_R	Frontal_Inf_Oper_L	Frontal_Inf_Oper_R	Frontal_Inf_Tri_L	Frontal_Inf_Tri_R	Frontal_Inf_Orb_L	Frontal_Inf_Orb_R	Rolandic_Oper_L	Rolandic_Oper_R	Supp_Motor_Area_L	Supp_Motor_Area_R	Olfactory_L	Olfactory_R	Frontal_Sup_Medial_L	Frontal_Sup_Medial_R	Frontal_Med_Orb_L	Frontal_Med_Orb_R	Rectus_L	Rectus_R	Insula_L	Insula_R	Cingulum_Ant_L	Cingulum_Ant_R	Cingulum_Mid_L	Cingulum_Mid_R	Cingulum_Post_L	Cingulum_Post_R	Hippocampus_L	Hippocampus_R	ParaHippocampal_L	ParaHippocampal_R	Amygdala_L	Amygdala_R	Calcarine_L	Calcarine_R	Cuneus_L	Cuneus_R	Lingual_L	Lingual_R	Occipital_Sup_L	Occipital_Sup_R	Occipital_Mid_L	Occipital_Mid_R	Occipital_Inf_L	Occipital_Inf_R	Fusiform_L	Fusiform_R	Postcentral_L	Postcentral_R	Parietal_Sup_L	Parietal_Sup_R	Parietal_Inf_L	Parietal_Inf_R	SupraMarginal_L	SupraMarginal_R	Angular_L	Angular_R	Precuneus_L	Precuneus_R	Paracentral_Lobule_L	Paracentral_Lobule_R	Caudate_L	Caudate_R	Putamen_L	Putamen_R	Pallidum_L	Pallidum_R	Thalamus_L	Thalamus_R	Heschl_L	Heschl_R	Temporal_Sup_L	Temporal_Sup_R	Temporal_Pole_Sup_L	Temporal_Pole_Sup_R	Temporal_Mid_L	Temporal_Mid_R	Temporal_Pole_Mid_L	Temporal_Pole_Mid_R	Temporal_Inf_L	Temporal_Inf_R	Cerebelum_Crus1_L	Cerebelum_Crus1_R	Cerebelum_Crus2_L	Cerebelum_Crus2_R	Cerebelum_3_L	Cerebelum_3_R	Cerebelum_4_5_L	Cerebelum_4_5_R	Cerebelum_6_L	Cerebelum_6_R	Cerebelum_7b_L	Cerebelum_7b_R	Cerebelum_8_L	Cerebelum_8_R	Cerebelum_9_L	Cerebelum_9_R	Cerebelum_10_L	Cerebelum_10_R	Vermis_1_2	Vermis_3	Vermis_4_5	Vermis_6	Vermis_7	Vermis_8	Vermis_9	Vermis_10	
609384	Precentral_L	0	5494	22440	932	0	0	18550	0	0	0	17560	96	1032	0	0	0	11244	0	31624	15668	0	96	480	152	0	0	0	0	10070	94	1518	496	1402	5338	1390	1288	5082	2182	362	630	0	0	692	0	184	106	0	0	0	0	1926	0	330	0	552	586	25536	346	664	0	3092	0	796	0	0	0	988	530	46772	5744	5326	4482	9598	422	5576	346	16222	4884	3448	0	5050	0	3176	0	632	0	0	0	1144	322	0	0	0	0	0	0	0	0	0	0	0	0	0	0	0	0	0	0	0	0	0	0	0	0	0	0	
302520	Precentral_R	5494	0	2260	5328	0	0	584	6852	0	0	118	10678	0	0	0	0	202	3664	3552	6596	0	0	340	160	0	0	0	0	978	3680	206	262	146	746	544	830	152	6716	0	3006	0	0	108	940	108	2004	0	250	0	1420	0	2630	0	450	0	3846	1302	14104	0	212	0	120	0	592	0	744	270	2348	6000	11726	536	10828	384	2678	0	260	462	12330	0	108	172	1300	0	0	0	3264	0	0	0	6670	0	0	0	0	0	0	0	0	0	0	0	0	0	0	0	0	0	0	0	0	0	0	0	0	0	0	
947504	Frontal_Sup_L	22440	2260	0	7602	12490	0	57264	382	2348	0	19360	562	22094	546	12036	0	9506	0	92794	16324	444	130	36196	7622	2212	0	142	0	41906	772	21428	5584	7908	4096	94	0	1518	274	514	172	0	0	0	0	0	0	0	0	0	0	358	0	0	0	596	106	2218	794	146	0	148	0	0	0	0	0	0	0	5894	768	10804	1458	17306	1712	4912	672	1554	574	606	0	5530	0	7726	0	320	94	0	0	244	192	0	0	0	0	0	0	0	0	0	0	0	0	0	0	0	0	0	0	0	0	0	0	0	0	0	0	
784992	Frontal_Sup_R	932	5328	7602	0	114	5986	500	45736	0	3034	0	16926	0	17724	0	9812	0	9268	16496	65870	0	218	7886	37226	0	2690	0	818	190	23688	5114	33614	1326	19412	0	0	0	2518	0	1102	0	0	0	0	0	138	0	0	0	196	0	0	0	0	0	724	0	1186	0	0	0	0	0	0	0	0	0	136	586	378	2228	19176	0	19492	0	2534	0	2538	0	130	0	1210	0	226	0	144	0	0	0	344	0	0	0	0	0	0	0	0	0	0	0	0	0	0	0	0	0	0	0	0	0	0	0	0	0	0	
172476	Frontal_Sup_Orb_L	0	0	12490	114	0	0	1626	0	9954	0	176	0	2982	0	14774	0	0	0	1266	0	1318	324	4086	1066	4646	0	5444	0	9316	0	5492	1260	0	0	0	0	0	0	0	0	0	0	0	0	0	0	0	0	0	0	0	0	0	0	0	0	0	0	0	0	0	0	0	0	0	0	0	0	0	0	2190	420	6164	0	0	0	0	0	0	0	0	0	1130	0	0	0	0	0	0	0	0	0	0	0	0	0	0	0	0	0	0	0	0	0	0	0	0	0	0	0	0	0	0	0	0	0	
98596	Frontal_Sup_Orb_R	0	0	0	5986	0	0	0	1996	0	5298	0	0	0	270	0	6326	0	0	0	622	0	2146	0	1778	478	5714	0	6780	0	1758	240	1028	0	0	0	0	0	186	0	0	0	204	0	0	0	0	0	0	0	0	0	0	0	0	0	0	0	0	0	0	0	0	0	0	0	0	0	0	0	0	0	4374	0	4114	0	0	0	0	0	0	0	0	0	0	0	0	0	0	0	0	0	0	0	0	0	0	0	0	0	0	0	0	0	0	0	0	0	0	0	0	0	0	0	0	0	0	
435188	Frontal_Mid_L	18550	584	57264	500	1626	0	0	0	1940	0	16942	0	35624	224	6548	0	4594	0	15122	1156	0	0	8024	1000	0	0	0	0	21724	202	4508	744	4436	1000	0	0	552	0	0	0	0	0	0	0	0	0	0	0	0	0	666	0	126	0	0	0	990	0	0	0	0	0	178	0	0	0	0	0	510	582	274	0	1784	0	712	0	348	0	124	0	3810	0	4290	0	152	0	0	0	184	0	0	0	0	0	0	0	0	0	0	0	0	0	0	0	0	0	0	0	0	0	0	0	0	0	0	0	
309956	Frontal_Mid_R	0	6852	382	45736	0	1996	0	0	0	4394	0	11780	0	22614	0	11394	0	3114	1260	6446	0	0	724	4112	0	124	0	200	0	14766	554	2974	226	5324	0	0	0	1522	0	1096	0	0	0	0	0	0	0	0	0	0	0	0	0	0	0	1128	0	472	0	0	0	0	0	0	0	0	0	0	0	0	104	490	0	4236	0	0	0	0	0	0	0	148	0	0	0	0	0	0	0	810	0	0	0	0	0	0	0	0	0	0	0	0	0	0	0	0	0	0	0	0	0	0	0	0	0	0	
63920	Frontal_Mid_Orb_L	0	0	2348	0	9954	0	1940	0	0	0	0	0	1440	0	9964	0	0	0	0	0	138	0	0	0	156	0	920	0	2252	0	120	0	0	0	0	0	0	0	0	0	0	0	0	0	0	0	0	0	0	0	0	0	0	0	0	0	0	0	0	0	0	0	0	0	0	0	0	0	0	0	392	0	1962	0	0	0	0	0	0	0	0	0	374	0	0	0	0	0	0	0	0	0	0	0	0	0	0	0	0	0	0	0	0	0	0	0	0	0	0	0	0	0	0	0	0	0	
43360	Frontal_Mid_Orb_R	0	0	0	3034	0	5298	0	4394	0	0	0	0	0	984	0	6022	0	0	0	0	0	94	0	0	0	0	0	522	0	828	0	0	0	0	0	0	0	0	0	0	0	0	0	0	0	0	0	0	0	0	0	0	0	0	0	0	0	0	0	0	0	0	0	0	0	0	0	0	0	0	0	298	0	206	0	0	0	0	0	0	0	0	0	0	0	0	0	0	0	0	0	0	0	0	0	0	0	0	0	0	0	0	0	0	0	0	0	0	0	0	0	0	0	0	0	0	
317080	Frontal_Inf_Oper_L	17560	118	19360	0	176	0	16942	0	0	0	0	0	10500	0	244	0	18306	0	14184	442	0	0	1156	0	0	0	0	0	23130	0	2026	166	1042	142	0	0	450	0	208	0	0	0	0	0	0	0	0	0	0	0	910	0	140	0	376	0	3168	0	508	0	486	0	0	0	102	0	150	0	0	122	254	0	1036	0	278	0	416	0	956	0	10764	0	11942	0	410	0	0	0	370	0	0	0	0	0	0	0	0	0	0	0	0	0	0	0	0	0	0	0	0	0	0	0	0	0	0	0	
245668	Frontal_Inf_Oper_R	96	10678	562	16926	0	0	0	11780	0	0	0	0	0	14104	0	120	0	9938	1690	9970	0	0	754	1726	0	0	0	0	0	21150	1350	3676	186	3550	0	0	0	1480	0	656	0	0	0	0	0	0	0	0	0	0	0	0	0	0	0	524	0	4870	0	118	0	0	0	0	0	0	0	102	0	0	158	192	0	4708	0	0	0	192	0	0	0	980	0	234	0	98	0	0	0	266	0	0	0	0	0	0	0	0	0	0	0	0	0	0	0	0	0	0	0	0	0	0	0	0	0	0	
231740	Frontal_Inf_Tri_L	1032	0	22094	0	2982	0	35624	0	1440	0	10500	0	0	0	9570	0	230	0	2346	0	0	0	1258	0	0	0	0	0	25018	0	1658	136	588	0	0	0	0	0	0	0	0	0	0	0	0	0	0	0	0	0	0	0	0	0	0	0	0	0	0	0	0	0	0	0	0	0	0	0	0	0	254	0	246	0	0	0	0	0	0	0	138	0	756	0	0	0	0	0	0	0	0	0	0	0	0	0	0	0	0	0	0	0	0	0	0	0	0	0	0	0	0	0	0	0	0	0	
254628	Frontal_Inf_Tri_R	0	0	546	17724	0	270	224	22614	0	984	0	14104	0	0	0	7976	0	314	2144	4062	0	0	2844	5946	0	130	0	190	112	25546	2118	7076	1030	8130	0	0	0	490	0	250	0	0	0	0	0	0	0	0	0	0	0	0	0	0	0	146	0	0	0	0	0	0	0	0	0	0	0	0	0	0	0	234	0	2110	0	0	0	0	0	0	0	0	0	0	0	0	0	0	0	0	0	0	0	0	0	0	0	0	0	0	0	0	0	0	0	0	0	0	0	0	0	0	0	0	0	0	
174696	Frontal_Inf_Orb_L	0	0	12036	0	14774	0	6548	0	9964	0	244	0	9570	0	0	0	0	0	1860	0	2008	0	98	0	0	0	916	0	16958	0	728	0	0	0	0	0	826	0	196	0	584	0	0	0	0	0	0	0	0	0	0	0	0	0	132	0	0	0	0	0	0	0	0	0	0	0	0	0	0	0	574	0	5782	0	0	0	0	0	0	0	0	0	3550	0	0	0	0	0	0	0	0	0	0	0	0	0	0	0	0	0	0	0	0	0	0	0	0	0	0	0	0	0	0	0	0	0	
127892	Frontal_Inf_Orb_R	0	0	0	9812	0	6326	0	11394	0	6022	0	120	0	7976	0	0	0	0	136	514	0	1486	0	780	0	134	0	2436	0	10934	0	216	0	208	0	0	0	430	0	116	0	568	0	0	0	0	0	0	0	0	0	0	0	0	0	0	0	0	0	0	0	0	0	0	0	0	0	0	0	0	0	658	0	3680	0	0	0	0	0	0	0	0	0	0	0	0	0	0	0	0	0	0	0	0	0	0	0	0	0	0	0	0	0	0	0	0	0	0	0	0	0	0	0	0	0	0	
266964	Rolandic_Oper_L	11244	202	9506	0	0	0	4594	0	0	0	18306	0	230	0	0	0	0	0	8232	440	0	0	0	0	0	0	0	0	21104	0	0	0	0	0	310	0	1740	0	946	0	0	0	0	0	0	0	0	0	0	0	778	0	0	0	1374	0	8528	0	596	0	778	0	1926	0	204	0	412	0	172	202	0	0	2512	0	282	0	694	0	4280	0	18778	0	11114	0	2254	0	0	0	1744	0	0	0	0	0	0	0	0	0	0	0	0	0	0	0	0	0	0	0	0	0	0	0	0	0	0	0	
169680	Rolandic_Oper_R	0	3664	0	9268	0	0	0	3114	0	0	0	9938	0	314	0	0	0	0	156	8238	0	0	0	0	0	0	0	0	0	21580	0	0	0	460	0	0	0	2988	0	1878	0	0	0	0	0	0	0	0	0	0	0	0	0	0	0	1974	0	3878	0	0	0	0	0	3968	0	0	0	0	0	0	0	0	0	3414	0	194	0	616	0	2808	0	3640	0	356	0	666	0	0	0	1728	0	0	0	0	0	0	0	0	0	0	0	0	0	0	0	0	0	0	0	0	0	0	0	0	0	0	
831564	Supp_Motor_Area_L	31624	3552	92794	16496	1266	0	15122	1260	0	0	14184	1690	2346	2144	1860	136	8232	156	0	46130	124	98	8682	4828	0	0	0	0	20962	2010	13062	9110	10928	16716	586	278	2050	586	488	352	0	0	0	0	358	106	0	0	0	0	360	96	0	0	562	234	2246	858	130	0	134	0	0	0	0	0	628	226	21506	1140	11894	2260	16156	2130	4872	838	6842	1174	600	0	4344	0	5352	0	312	116	0	0	230	226	0	0	0	0	0	0	0	0	0	0	0	0	0	0	0	0	0	0	0	0	0	0	0	0	0	0	
708224	Supp_Motor_Area_R	15668	6596	16324	65870	0	622	1156	6446	0	0	442	9970	0	4062	0	514	440	8238	46130	0	0	0	1550	10828	0	0	0	0	636	11658	3698	17628	6622	34488	804	1142	0	1788	0	780	0	0	0	232	0	294	0	0	0	296	0	186	0	0	0	632	1432	1100	0	0	0	0	0	112	0	0	264	1044	16868	14608	3034	17090	252	13228	0	2584	0	3374	0	136	392	1374	148	228	0	276	0	0	0	828	0	0	0	0	0	0	0	0	0	0	0	0	0	0	0	0	0	0	0	0	0	0	0	0	0	0	
69180	Olfactory_L	0	0	444	0	1318	0	0	0	138	0	0	0	0	0	2008	0	0	0	124	0	0	3676	0	0	394	522	1932	292	3824	0	2296	1302	0	0	0	0	1850	0	1114	0	1546	0	0	0	0	0	0	0	0	0	0	0	0	0	726	0	0	0	0	0	0	0	0	0	0	0	0	0	0	0	4748	2604	2104	390	0	0	0	0	0	0	150	0	874	0	0	0	0	0	214	0	0	0	0	0	0	0	0	0	0	0	0	0	0	0	0	0	0	0	0	0	0	0	0	0	0	0	
83060	Olfactory_R	96	0	130	218	324	2146	0	0	0	94	0	0	0	0	0	1486	0	0	98	0	3676	0	0	0	230	2314	1120	3484	0	1454	2718	2870	0	0	0	0	0	754	0	230	0	896	0	0	0	0	0	0	0	0	0	0	0	0	0	160	0	0	0	0	0	0	0	0	0	0	0	0	0	0	5328	6650	2472	1704	454	424	0	0	0	0	0	0	0	0	0	0	0	0	0	0	0	0	0	0	0	0	0	0	0	0	0	0	0	0	0	0	0	0	0	0	0	0	0	0	0	0	
324416	Frontal_Sup_Medial_L	480	340	36196	7886	4086	0	8024	724	0	0	1156	754	1258	2844	98	0	0	0	8682	1550	0	0	0	22510	3398	618	0	328	3418	2418	19804	13310	9554	10288	0	0	0	0	0	0	0	0	0	0	0	0	0	0	0	0	0	0	0	0	0	0	0	0	0	0	0	0	0	0	0	0	0	0	0	408	986	286	624	180	0	0	0	0	0	0	0	0	0	0	0	0	0	0	0	0	0	0	0	0	0	0	0	0	0	0	0	0	0	0	0	0	0	0	0	0	0	0	0	0	0	0	
369924	Frontal_Sup_Medial_R	152	160	7622	37226	1066	1778	1000	4112	0	0	0	1726	0	5946	0	780	0	0	4828	10828	0	0	22510	0	844	4268	0	986	196	5458	7242	32600	1642	15314	0	0	0	0	0	0	0	0	0	0	0	0	0	0	0	0	0	0	0	0	0	0	0	0	0	0	0	0	0	0	0	0	0	0	146	0	1328	9148	350	5206	0	0	0	500	0	0	0	0	0	0	0	0	0	0	0	0	0	0	0	0	0	0	0	0	0	0	0	0	0	0	0	0	0	0	0	0	0	0	0	0	0	0	
45968	Frontal_Med_Orb_L	0	0	2212	0	4646	478	0	0	156	0	0	0	0	0	0	0	0	0	0	0	394	230	3398	844	0	1066	1590	250	0	0	5498	854	0	0	0	0	0	0	0	0	0	0	0	0	0	0	0	0	0	0	0	0	0	0	0	0	0	0	0	0	0	0	0	0	0	0	0	0	0	0	486	200	682	0	0	0	0	0	0	0	0	0	0	0	0	0	0	0	0	0	0	0	0	0	0	0	0	0	0	0	0	0	0	0	0	0	0	0	0	0	0	0	0	0	0	0	
85004	Frontal_Med_Orb_R	0	0	0	2690	0	5714	0	124	0	0	0	0	0	130	0	134	0	0	0	0	522	2314	618	4268	1066	0	172	5554	0	142	1784	6116	0	0	0	0	0	0	0	0	0	0	0	0	0	0	0	0	0	0	0	0	0	0	0	0	0	0	0	0	0	0	0	0	0	0	0	0	0	0	172	6332	0	4650	0	0	0	0	0	0	0	0	0	0	0	0	0	0	0	0	0	0	0	0	0	0	0	0	0	0	0	0	0	0	0	0	0	0	0	0	0	0	0	0	0	0	
43900	Rectus_L	0	0	142	0	5444	0	0	0	920	0	0	0	0	0	916	0	0	0	0	0	1932	1120	0	0	1590	172	0	228	288	0	2802	688	0	0	0	0	0	0	0	0	0	0	0	0	0	0	0	0	0	0	0	0	0	0	0	0	0	0	0	0	0	0	0	0	0	0	0	0	0	0	2320	834	2434	120	0	0	0	0	0	0	0	0	0	0	0	0	0	0	0	0	0	0	0	0	0	0	0	0	0	0	0	0	0	0	0	0	0	0	0	0	0	0	0	0	0	0	
62628	Rectus_R	0	0	0	818	0	6780	0	200	0	522	0	0	0	190	0	2436	0	0	0	0	292	3484	328	986	250	5554	228	0	0	1466	554	1642	0	0	0	0	0	376	0	0	0	404	0	0	0	0	0	0	0	0	0	0	0	0	0	0	0	0	0	0	0	0	0	0	0	0	0	0	0	0	174	3114	0	1516	0	0	0	0	0	0	0	0	0	0	0	0	0	0	0	0	0	0	0	0	0	0	0	0	0	0	0	0	0	0	0	0	0	0	0	0	0	0	0	0	0	0	
607948	Insula_L	10070	978	41906	190	9316	0	21724	0	2252	0	23130	0	25018	112	16958	0	21104	0	20962	636	3824	0	3418	196	0	0	288	0	0	0	4368	476	1912	416	252	100	10188	96	5038	0	2736	0	0	0	0	0	0	0	0	0	570	0	0	0	6746	0	5074	0	404	0	510	0	270	0	0	0	318	0	176	1126	1590	288	17512	0	188	0	3646	0	7340	0	12944	0	10676	0	2112	0	0	0	4692	0	0	0	0	0	0	0	0	0	128	0	0	0	0	0	0	0	0	0	0	0	0	0	0	0	0	0	
441020	Insula_R	94	3680	772	23688	0	1758	202	14766	0	828	0	21150	0	25546	0	10934	0	21580	2010	11658	0	1454	2418	5458	0	142	0	1466	0	0	1626	6128	782	6162	0	0	0	7084	0	4416	0	1466	0	124	0	132	0	0	0	0	0	160	0	114	0	5474	0	2620	0	136	0	0	0	1414	0	0	0	270	0	146	134	626	0	17190	0	106	0	868	0	2280	0	3790	0	334	0	1856	0	0	0	5278	0	0	0	0	0	0	0	0	0	190	0	0	0	0	0	0	0	0	0	0	0	0	0	0	0	0	
348080	Cingulum_Ant_L	1518	206	21428	5114	5492	240	4508	554	120	0	2026	1350	1658	2118	728	0	0	0	13062	3698	2296	2718	19804	7242	5498	1784	2802	554	4368	1626	0	21860	7132	5642	0	0	0	0	0	0	0	0	0	0	0	0	0	0	0	0	0	0	0	0	0	0	0	0	0	0	0	0	0	0	0	0	0	0	0	134	9790	4246	10362	1920	132	0	96	0	0	0	0	0	214	0	0	0	0	0	0	0	0	0	0	0	0	0	0	0	0	0	0	0	0	0	0	0	0	0	0	0	0	0	0	0	0	0	
471360	Cingulum_Ant_R	496	262	5584	33614	1260	1028	744	2974	0	0	166	3676	136	7076	0	216	0	0	9110	17628	1302	2870	13310	32600	854	6116	688	1642	476	6128	21860	0	3608	22732	0	0	0	0	0	0	0	0	0	0	0	0	0	0	0	0	0	0	0	0	0	0	0	0	0	0	0	0	0	0	0	0	0	0	412	0	3638	21148	1280	10040	0	98	0	908	0	0	0	0	0	0	0	0	0	0	0	0	0	0	0	0	0	0	0	0	0	0	0	0	0	0	0	0	0	0	0	0	0	0	0	0	0	0	
168500	Cingulum_Mid_L	1402	146	7908	1326	0	0	4436	226	0	0	1042	186	588	1030	0	0	0	0	10928	6622	0	0	9554	1642	0	0	0	0	1912	782	7132	3608	0	12100	3532	174	0	0	0	0	0	0	0	0	1346	0	0	0	882	0	466	0	0	0	0	0	152	0	0	0	0	0	0	0	0	0	2380	540	1816	248	0	144	0	0	0	0	0	0	0	0	0	0	0	0	0	0	0	0	0	0	0	0	0	0	0	0	0	0	0	0	0	0	0	0	0	0	0	0	0	0	0	0	0	0	0	0	
434424	Cingulum_Mid_R	5338	746	4096	19412	0	0	1000	5324	0	0	142	3550	0	8130	0	208	0	460	16716	34488	0	0	10288	15314	0	0	0	0	416	6162	5642	22732	12100	0	840	5108	0	608	0	342	0	0	0	1122	0	1440	0	112	0	784	0	1146	0	0	0	326	1146	2192	0	0	0	0	0	0	0	166	374	6622	10068	9308	494	198	0	916	0	0	0	0	0	0	0	0	0	0	0	868	0	0	0	768	0	0	0	0	0	0	0	0	0	0	0	0	0	0	0	0	0	0	0	0	0	0	0	0	0	0	
159052	Cingulum_Post_L	1390	544	94	0	0	0	0	0	0	0	0	0	0	0	0	0	310	0	586	804	0	0	0	0	0	0	0	0	252	0	0	0	3532	840	0	13794	5038	5662	2444	3502	0	0	4026	0	2160	0	2582	854	262	0	642	0	1154	0	1150	2214	4590	430	0	0	0	0	240	0	0	0	8634	1842	2536	950	0	0	0	96	0	0	158	1274	258	0	184	0	0	0	632	0	0	0	2246	918	0	0	0	0	0	0	422	0	0	0	0	0	0	0	0	0	0	0	0	0	280	0	0	0	0	0	
169056	Cingulum_Post_R	1288	830	0	0	0	0	0	0	0	0	0	0	0	0	0	0	0	0	278	1142	0	0	0	0	0	0	0	0	100	0	0	0	174	5108	13794	0	5478	9570	2350	5034	0	0	298	714	0	806	1358	1818	0	154	0	538	0	0	358	4776	1932	1410	0	0	0	0	148	0	0	0	1672	10512	942	1828	0	0	0	94	0	0	1454	2958	348	0	0	0	0	0	0	572	0	0	386	3730	0	0	0	0	0	0	0	0	0	0	0	0	0	0	0	0	0	0	0	0	576	0	0	0	0	0	
272488	Hippocampus_L	5082	152	1518	0	0	0	552	0	0	0	450	0	0	0	826	0	1740	0	2050	0	1850	0	0	0	0	0	0	0	10188	0	0	0	0	0	5038	5478	0	4836	19148	2842	10152	0	896	0	0	0	4638	864	0	0	0	0	0	0	18074	1074	1224	0	0	0	102	0	128	0	0	0	1924	922	1610	0	612	0	6672	0	664	0	5976	1992	1540	0	2722	0	2082	0	588	0	218	0	8274	0	0	0	0	0	0	0	826	0	462	0	0	0	0	0	0	0	0	0	0	0	258	0	0	0	0	0	
357232	Hippocampus_R	2182	6716	274	2518	0	186	0	1522	0	0	0	1480	0	490	0	430	0	2988	586	1788	0	754	0	0	0	0	0	376	96	7084	0	0	0	608	5662	9570	4836	0	1930	33684	0	6130	102	636	0	234	1262	3704	0	98	0	0	0	0	294	31628	536	1674	0	0	0	0	124	1320	0	0	0	5092	1864	858	0	860	0	14266	0	1150	1566	6290	348	368	0	558	0	0	0	564	0	0	272	9802	0	0	0	0	0	0	0	554	0	186	0	0	0	0	0	0	0	0	0	0	516	0	0	0	0	0	
154944	ParaHippocampal_L	362	0	514	0	0	0	0	0	0	0	208	0	0	0	196	0	946	0	488	0	1114	0	0	0	0	0	0	0	5038	0	0	0	0	0	2444	2350	19148	1930	0	1378	5080	0	600	0	0	0	4724	642	0	0	0	0	0	0	13708	418	144	0	0	0	0	0	0	0	0	0	1590	598	0	0	0	0	2292	0	0	0	1854	524	0	0	1360	0	1338	0	300	0	712	0	3386	0	0	0	0	0	0	0	1018	0	0	0	0	0	0	0	0	0	0	0	334	536	198	0	0	0	0	0	
272660	ParaHippocampal_R	630	3006	172	1102	0	0	0	1096	0	0	0	656	0	250	0	116	0	1878	352	780	0	230	0	0	0	0	0	0	0	4416	0	0	0	342	3502	5034	2842	33684	1378	0	0	5620	0	814	0	0	944	5198	0	0	0	0	0	0	206	27694	200	1018	0	0	0	0	0	766	0	0	0	4626	628	318	0	414	0	7480	0	592	390	2976	136	266	0	240	0	3392	0	306	0	2452	194	5062	0	0	0	0	0	740	0	1592	0	116	0	0	0	0	0	0	0	0	0	0	484	0	0	0	0	0	
62824	Amygdala_L	0	0	0	0	0	0	0	0	0	0	0	0	0	0	584	0	0	0	0	0	1546	0	0	0	0	0	0	0	2736	0	0	0	0	0	0	0	10152	0	5080	0	0	0	0	0	0	0	0	0	0	0	0	0	0	0	6506	0	0	0	0	0	0	0	0	0	0	0	0	0	0	0	0	0	636	0	0	0	0	0	0	0	256	0	1550	0	426	0	250	0	1690	0	0	0	0	0	0	0	0	0	0	0	0	0	0	0	0	0	0	0	0	0	0	0	0	0	0	0	
54440	Amygdala_R	0	0	0	0	0	204	0	0	0	0	0	0	0	0	0	568	0	0	0	0	0	896	0	0	0	0	0	404	0	1466	0	0	0	0	0	0	0	6130	0	5620	0	0	0	0	0	0	0	0	0	0	0	0	0	0	0	5476	0	0	0	0	0	0	0	0	0	0	0	0	0	0	0	0	0	1742	0	112	0	0	0	0	0	0	0	2758	0	0	0	1288	0	556	0	0	0	0	0	0	0	0	0	0	0	0	0	0	0	0	0	0	0	0	0	0	0	0	0	0	
229756	Calcarine_L	692	108	0	0	0	0	0	0	0	0	0	0	0	0	0	0	0	0	0	0	0	0	0	0	0	0	0	0	0	0	0	0	0	0	4026	298	896	102	600	0	0	0	0	5948	9988	2336	11360	3132	7916	1376	14904	346	8080	0	2776	100	7340	0	3202	0	4560	0	0	0	1540	0	15154	228	1368	142	0	0	0	0	0	0	0	0	0	0	0	0	0	0	2004	0	0	0	3820	0	104	0	0	0	0	0	432	0	0	0	0	0	0	0	0	0	0	0	0	0	0	0	0	0	0	0	
269208	Calcarine_R	0	940	0	0	0	0	0	0	0	0	0	0	0	0	0	0	0	0	0	232	0	0	0	0	0	0	0	0	0	124	0	0	0	1122	0	714	0	636	0	814	0	0	5948	0	3194	21012	870	27556	180	14972	100	12450	0	3504	0	6376	0	1994	0	0	0	0	0	0	0	100	176	21620	0	1558	0	0	0	0	0	0	0	0	0	0	0	0	0	0	0	4448	0	0	0	3642	0	138	0	0	0	0	0	0	0	184	0	0	0	0	0	0	0	0	0	0	0	0	0	0	0	0	
175924	Cuneus_L	184	108	0	0	0	0	0	0	0	0	0	0	0	0	0	0	0	0	358	0	0	0	0	0	0	0	0	0	0	0	0	0	1346	0	2160	0	0	0	0	0	0	0	9988	3194	0	7434	932	742	22350	2792	15304	104	1862	0	288	0	2550	0	186	0	194	0	0	0	240	0	10186	1376	3232	112	0	0	0	0	0	0	0	0	0	0	0	0	0	0	436	0	0	0	304	0	0	0	0	0	0	0	0	0	0	0	0	0	0	0	0	0	0	0	0	0	0	0	0	0	0	0	
402232	Cuneus_R	106	2004	0	138	0	0	0	0	0	0	0	0	0	0	0	0	0	0	106	294	0	0	0	0	0	0	0	0	0	132	0	0	0	1440	0	806	0	234	0	0	0	0	2336	21012	7434	0	0	5466	790	49232	276	21634	0	1324	0	874	0	3280	0	3958	0	2978	0	1888	0	9504	6510	32964	116	738	0	0	0	0	0	0	0	0	0	0	0	3144	0	0	0	12128	0	0	0	8270	0	0	0	0	0	0	0	0	0	0	0	0	0	0	0	0	0	0	0	0	0	0	0	0	0	0	
276932	Lingual_L	0	0	0	0	0	0	0	0	0	0	0	0	0	0	0	0	0	0	0	0	0	0	0	0	0	0	0	0	0	0	0	0	0	0	2582	1358	4638	1262	4724	944	0	0	11360	870	932	0	0	2762	2024	0	7710	0	10972	278	19604	1372	190	0	0	0	0	0	0	0	0	0	6952	460	0	0	0	0	0	0	0	0	912	384	0	0	0	0	0	0	884	0	0	0	1484	0	12046	548	3042	160	144	0	10298	1188	16982	1864	574	0	204	0	0	0	0	0	0	0	2662	2238	1858	0	0	0	
324832	Lingual_R	0	250	0	0	0	0	0	0	0	0	0	0	0	0	0	0	0	0	0	0	0	0	0	0	0	0	0	0	0	0	0	0	0	112	854	1818	864	3704	642	5198	0	0	3132	27556	742	5466	2762	0	0	7264	0	7968	0	6640	390	21598	0	270	0	0	0	0	0	0	0	0	108	12518	0	188	0	0	0	0	0	0	0	104	0	0	0	0	0	0	0	888	0	0	0	1846	2572	5130	1532	188	0	870	1630	6866	4526	10438	274	0	164	0	140	0	0	0	0	0	6346	5968	2460	108	130	192	
194048	Occipital_Sup_L	0	0	0	0	0	0	0	0	0	0	0	0	0	0	0	0	0	0	0	0	0	0	0	0	0	0	0	0	0	0	0	0	882	0	262	0	0	0	0	0	0	0	7916	180	22350	790	2024	0	0	128	33140	0	2194	0	662	0	2548	0	7078	0	714	0	0	0	2824	0	10374	400	722	0	0	0	0	0	0	0	0	0	0	0	0	0	0	0	1482	0	0	0	354	0	0	0	0	0	0	0	0	0	0	0	0	0	0	0	0	0	0	0	0	0	0	0	0	0	0	0	
422780	Occipital_Sup_R	0	1420	0	196	0	0	0	0	0	0	0	0	0	0	0	0	0	0	0	296	0	0	0	0	0	0	0	0	0	0	0	0	0	784	0	154	0	98	0	0	0	0	1376	14972	2792	49232	0	7264	128	0	0	33646	0	1806	0	1538	0	2614	0	8484	0	4466	0	1594	0	15888	5674	30180	0	234	0	0	0	104	0	0	0	0	0	0	0	5020	0	0	0	13386	0	0	0	8044	0	0	0	0	0	0	0	0	0	0	0	0	0	0	0	0	0	0	0	0	0	0	0	0	0	0	
430764	Occipital_Mid_L	1926	0	358	0	0	0	666	0	0	0	910	0	0	0	0	0	778	0	360	0	0	0	0	0	0	0	0	0	570	0	0	0	466	0	642	0	0	0	0	0	0	0	14904	100	15304	276	7710	0	33140	0	0	0	25156	0	7956	0	14644	0	15082	0	12296	0	3260	0	21816	0	11614	0	444	0	0	0	0	0	0	0	0	0	274	0	448	0	0	0	16770	0	0	0	6548	0	856	0	0	0	0	0	0	0	108	0	0	0	0	0	0	0	0	0	0	0	0	0	0	0	0	0	
342060	Occipital_Mid_R	0	2630	0	0	0	0	0	0	0	0	0	0	0	0	0	0	0	0	96	186	0	0	0	0	0	0	0	0	0	160	0	0	0	1146	0	538	0	0	0	0	0	0	346	12450	104	21634	0	7968	0	33646	0	0	0	7138	0	2764	0	4516	0	2598	0	1698	0	1666	0	17952	1028	15284	0	538	0	0	0	0	0	0	0	0	0	0	0	2440	0	0	0	21782	0	0	0	10722	0	0	0	0	0	0	0	0	0	0	0	0	0	0	0	0	0	0	0	0	0	0	0	0	0	0	
185856	Occipital_Inf_L	330	0	0	0	0	0	126	0	0	0	140	0	0	0	0	0	0	0	0	0	0	0	0	0	0	0	0	0	0	0	0	0	0	0	1154	0	0	0	0	0	0	0	8080	0	1862	0	10972	0	2194	0	25156	0	0	0	15070	0	1428	0	182	0	144	0	226	0	718	0	2038	0	0	0	0	0	0	0	0	0	106	0	0	0	114	0	0	0	9104	0	0	0	11382	0	1612	0	0	0	0	0	0	0	638	0	0	0	0	0	0	0	0	0	0	0	0	0	152	0	0	0	
92192	Occipital_Inf_R	0	450	0	0	0	0	0	0	0	0	0	0	0	0	0	0	0	0	0	0	0	0	0	0	0	0	0	0	0	114	0	0	0	0	0	0	0	0	0	0	0	0	0	3504	0	1324	278	6640	0	1806	0	7138	0	0	0	9284	0	796	0	0	0	0	0	164	0	312	0	1424	0	104	0	0	0	0	0	0	0	0	0	138	0	0	0	0	0	3352	0	0	0	5932	150	324	94	0	0	0	0	120	404	1000	0	0	0	0	0	0	0	0	0	0	284	636	324	0	0	0	
402864	Fusiform_L	552	0	596	0	0	0	0	0	0	0	376	0	0	0	132	0	1374	0	562	0	726	0	0	0	0	0	0	0	6746	0	0	0	0	0	1150	358	18074	294	13708	206	6506	0	2776	0	288	0	19604	390	662	0	7956	0	15070	0	0	248	842	0	118	0	0	0	0	0	194	0	1802	0	0	0	0	0	3200	0	0	0	1000	94	0	0	2088	0	4640	0	6266	0	3012	0	17738	0	20234	298	4550	104	176	0	7760	346	20998	488	1380	0	1930	0	302	0	0	0	0	0	1408	550	1560	0	0	0	
506104	Fusiform_R	586	3846	106	724	0	0	0	1128	0	0	0	524	0	146	0	0	0	1974	234	632	0	160	0	0	0	0	0	0	0	5474	0	0	0	326	2214	4776	1074	31628	418	27694	0	5476	100	6376	0	874	1372	21598	0	1538	0	2764	0	9284	248	0	398	1092	0	0	0	0	0	998	0	0	0	7774	404	996	0	126	0	5212	0	336	224	1902	96	372	0	650	0	8974	0	2268	0	5020	0	25858	1312	14078	796	526	0	106	988	7390	2382	18662	128	0	0	532	0	0	0	0	0	0	4570	3592	1738	144	0	114	
338632	Postcentral_L	25536	1302	2218	0	0	0	990	0	0	0	3168	0	0	0	0	0	8528	0	2246	1432	0	0	0	0	0	0	0	0	5074	0	0	0	152	1146	4590	1932	1224	536	144	200	0	0	7340	0	2550	0	190	0	2548	0	14644	0	1428	0	842	398	0	344	13246	0	21220	0	7396	0	4770	0	9380	0	3466	2156	156	0	1588	0	384	0	950	0	2004	0	2784	0	290	0	4184	0	0	0	4304	336	0	0	0	0	0	0	0	0	0	0	0	0	0	0	0	0	0	0	0	0	0	0	0	0	0	0	
191632	Postcentral_R	346	14104	794	1186	0	0	0	472	0	0	0	4870	0	0	0	0	0	3878	858	1100	0	0	0	0	0	0	0	0	0	2620	0	0	0	2192	430	1410	0	1674	0	1018	0	0	0	1994	0	3280	0	270	0	2614	0	4516	0	796	0	1092	344	0	0	5588	0	4228	0	8894	0	2398	102	7758	222	4698	108	0	0	2302	0	102	98	168	0	182	0	464	0	0	0	3404	0	0	0	3242	0	0	0	0	0	0	0	0	0	0	0	0	0	0	0	0	0	0	0	0	0	0	0	0	0	0	
157848	Parietal_Sup_L	664	0	146	0	0	0	0	0	0	0	508	0	0	0	0	0	596	0	130	0	0	0	0	0	0	0	0	0	404	0	0	0	0	0	0	0	0	0	0	0	0	0	3202	0	186	0	0	0	7078	0	15082	0	182	0	118	0	13246	0	0	0	15394	0	2540	0	4824	0	12960	0	0	0	0	0	0	0	0	0	0	0	166	0	420	0	0	0	872	0	0	0	206	0	0	0	0	0	0	0	0	0	0	0	0	0	0	0	0	0	0	0	0	0	0	0	0	0	0	0	
93768	Parietal_Sup_R	0	212	0	0	0	0	0	0	0	0	0	118	0	0	0	0	0	0	0	0	0	0	0	0	0	0	0	0	0	136	0	0	0	0	0	0	0	0	0	0	0	0	0	0	0	3958	0	0	0	8484	0	2598	0	0	0	0	0	5588	0	0	0	6174	0	3678	0	5506	1212	7820	0	184	0	0	0	474	0	0	0	0	0	124	0	156	0	0	0	236	0	0	0	226	0	0	0	0	0	0	0	0	0	0	0	0	0	0	0	0	0	0	0	0	0	0	0	0	0	0	
206332	Parietal_Inf_L	3092	0	148	0	0	0	0	0	0	0	486	0	0	0	0	0	778	0	134	0	0	0	0	0	0	0	0	0	510	0	0	0	0	0	0	0	102	0	0	0	0	0	4560	0	194	0	0	0	714	0	12296	0	144	0	0	0	21220	0	15394	0	0	0	13624	0	19290	0	2040	0	0	0	0	0	0	0	0	0	0	0	0	0	2230	0	0	0	4834	0	0	0	1376	0	0	0	0	0	0	0	0	0	0	0	0	0	0	0	0	0	0	0	0	0	0	0	0	0	0	0	
98892	Parietal_Inf_R	0	120	0	0	0	0	0	0	0	0	0	0	0	0	0	0	0	0	0	0	0	0	0	0	0	0	0	0	0	0	0	0	0	0	0	0	0	0	0	0	0	0	0	0	0	2978	0	0	0	4466	0	1698	0	0	0	0	0	4228	0	6174	0	0	0	8084	0	14240	562	3700	0	0	0	0	0	0	0	0	0	0	0	0	0	420	0	0	0	1242	0	0	0	1534	0	0	0	0	0	0	0	0	0	0	0	0	0	0	0	0	0	0	0	0	0	0	0	0	0	0	
122664	SupraMarginal_L	796	0	0	0	0	0	178	0	0	0	0	0	0	0	0	0	1926	0	0	0	0	0	0	0	0	0	0	0	270	0	0	0	0	0	240	148	128	124	0	0	0	0	0	0	0	0	0	0	0	0	3260	0	226	0	0	0	7396	0	2540	0	13624	0	0	0	7832	0	1252	0	184	0	0	0	0	0	0	0	768	122	146	0	8762	0	0	0	9962	0	0	0	1448	0	0	0	0	0	0	0	0	0	0	0	0	0	0	0	0	0	0	0	0	0	0	0	0	0	0	0	
101820	SupraMarginal_R	0	592	0	0	0	0	0	0	0	0	0	0	0	0	0	0	0	3968	0	112	0	0	0	0	0	0	0	0	0	1414	0	0	0	0	0	0	0	1320	0	766	0	0	0	0	0	1888	0	0	0	1594	0	1666	0	164	0	998	0	8894	0	3678	0	8084	0	0	0	6242	0	1660	0	330	0	0	0	0	0	0	0	0	0	752	0	2862	0	0	0	1606	0	0	0	2320	0	0	0	0	0	0	0	0	0	0	0	0	0	0	0	0	0	0	0	0	0	0	0	0	0	0	
159888	Angular_L	0	0	0	0	0	0	0	0	0	0	102	0	0	0	0	0	204	0	0	0	0	0	0	0	0	0	0	0	0	0	0	0	0	0	0	0	0	0	0	0	0	0	1540	0	240	0	0	0	2824	0	21816	0	718	0	194	0	4770	0	4824	0	19290	0	7832	0	0	0	1044	0	192	0	0	0	0	0	0	0	0	0	0	0	2892	0	0	0	9760	0	0	0	1702	0	0	0	0	0	0	0	0	0	0	0	0	0	0	0	0	0	0	0	0	0	0	0	0	0	0	0	
208484	Angular_R	0	744	0	0	0	0	0	0	0	0	0	0	0	0	0	0	0	0	0	0	0	0	0	0	0	0	0	0	0	0	0	0	0	166	0	0	0	0	0	0	0	0	0	100	0	9504	0	0	0	15888	0	17952	0	312	0	0	0	2398	0	5506	0	14240	0	6242	0	0	1076	9638	0	0	0	0	0	0	0	0	0	0	0	0	0	3966	0	0	0	11368	0	0	0	5142	0	0	0	0	0	0	0	0	0	0	0	0	0	0	0	0	0	0	0	0	0	0	0	0	0	0	
295372	Precuneus_L	988	270	0	0	0	0	0	0	0	0	150	0	0	0	0	0	412	0	628	264	0	0	0	0	0	0	0	0	318	0	0	0	2380	374	8634	1672	1924	0	1590	0	0	0	15154	176	10186	6510	6952	108	10374	5674	11614	1028	2038	0	1802	0	9380	102	12960	1212	2040	562	1252	0	1044	1076	0	11624	3590	290	0	0	0	0	0	0	0	0	132	0	220	704	0	0	1828	3126	0	0	2688	1818	0	0	0	0	0	0	818	0	0	0	0	0	0	0	0	0	0	0	0	0	0	0	0	0	0	0	
471760	Precuneus_R	530	2348	0	136	0	0	0	0	0	0	0	102	0	0	0	0	0	0	226	1044	0	0	0	0	0	0	0	0	0	270	0	0	540	6622	1842	10512	922	5092	598	4626	0	0	228	21620	1376	32964	460	12518	400	30180	0	15284	0	1424	0	7774	0	7758	0	7820	0	3700	0	1660	0	9638	11624	0	686	3164	0	0	0	1004	0	0	0	96	0	176	0	3546	0	0	0	12052	0	0	0	11350	0	162	0	0	0	0	0	786	0	164	0	0	0	0	0	0	0	0	0	0	856	0	0	0	0	0	
338780	Paracentral_Lobule_L	46772	6000	5894	586	0	0	510	0	0	0	0	0	0	0	0	0	172	0	21506	16868	0	0	0	146	0	0	0	0	176	0	0	412	1816	10068	2536	942	1610	1864	0	628	0	0	1368	0	3232	116	0	0	722	0	444	0	0	0	0	404	3466	222	0	0	0	0	184	0	192	0	3590	686	0	8240	3602	4830	744	242	548	154	11700	5918	0	0	138	0	0	0	0	0	0	0	0	142	0	0	0	0	0	0	0	0	0	0	0	0	0	0	0	0	0	0	0	0	0	0	0	0	0	0	
160728	Paracentral_Lobule_R	5744	11726	768	378	0	0	582	0	0	0	122	0	0	0	0	0	202	0	1140	14608	0	0	408	0	0	0	0	0	1126	146	134	0	248	9308	950	1828	0	858	0	318	0	0	142	1558	112	738	0	188	0	234	0	538	0	104	0	996	2156	4698	0	184	0	0	0	330	0	0	290	3164	8240	0	0	444	454	426	0	0	0	350	0	0	178	786	0	0	0	770	0	0	0	2690	0	0	0	0	0	0	0	0	0	0	0	0	0	0	0	0	0	0	0	0	0	0	0	0	0	0	
223952	Caudate_L	5326	536	10804	2228	2190	0	274	104	392	0	254	158	254	0	574	0	0	0	11894	3034	4748	5328	986	1328	486	172	2320	174	1590	134	9790	3638	0	494	0	0	612	0	0	0	0	0	0	0	0	0	0	0	0	0	0	0	0	0	0	0	156	108	0	0	0	0	0	0	0	0	0	0	3602	0	0	10240	13084	1292	3104	1168	8860	422	0	0	0	0	118	0	0	0	0	0	0	0	0	0	0	0	0	0	0	0	0	0	0	0	0	0	0	0	0	0	0	0	0	0	0	0	0	0	
359252	Caudate_R	4482	10828	1458	19176	420	4374	0	490	0	298	0	192	0	234	0	658	0	0	2260	17090	2604	6650	286	9148	200	6332	834	3114	288	626	4246	21148	144	198	0	0	0	860	0	414	0	0	0	0	0	0	0	0	0	0	0	0	0	0	0	126	0	0	0	0	0	0	0	0	0	0	0	0	4830	444	10240	0	3554	17352	1020	3704	414	18890	0	0	0	0	0	0	0	0	0	0	0	0	0	0	0	0	0	0	0	0	0	0	0	0	0	0	0	0	0	0	0	0	0	0	0	0	0	0	
294272	Putamen_L	9598	384	17306	0	6164	0	1784	0	1962	0	1036	0	246	0	5782	0	2512	0	16156	252	2104	2472	624	350	682	0	2434	0	17512	0	10362	1280	0	0	0	0	6672	0	2292	0	636	0	0	0	0	0	0	0	0	0	0	0	0	0	3200	0	1588	0	0	0	0	0	0	0	0	0	0	0	744	454	13084	3554	0	828	5804	806	1840	0	102	0	2038	0	1240	0	130	0	0	0	1016	0	0	0	0	0	0	0	0	0	106	0	0	0	0	0	0	0	0	0	0	0	0	0	0	0	0	0	
334156	Putamen_R	422	2678	1712	19492	0	4114	0	4236	0	206	0	4708	0	2110	0	3680	0	3414	2130	13228	390	1704	180	5206	0	4650	120	1516	0	17190	1920	10040	0	916	96	94	0	14266	0	7480	0	1742	0	0	0	0	0	0	0	104	0	0	0	0	0	5212	0	2302	0	474	0	0	0	0	0	0	0	1004	242	426	1292	17352	828	0	0	4340	0	2738	0	146	0	488	0	0	0	194	0	0	0	296	0	0	0	0	0	0	0	0	0	0	0	0	0	0	0	0	0	0	0	0	0	0	0	0	0	0	
63012	Pallidum_L	5576	0	4912	0	0	0	712	0	0	0	278	0	0	0	0	0	282	0	4872	0	0	454	0	0	0	0	0	0	188	0	132	0	0	0	0	0	664	0	0	0	0	0	0	0	0	0	0	0	0	0	0	0	0	0	0	0	384	0	0	0	0	0	0	0	0	0	0	0	548	0	3104	1020	5804	0	0	406	1930	0	0	0	240	0	0	0	0	0	0	0	0	0	0	0	0	0	0	0	0	0	0	0	0	0	0	0	0	0	0	0	0	0	0	0	0	0	0	0	
43032	Pallidum_R	346	260	672	2534	0	0	0	0	0	0	0	0	0	0	0	0	0	194	838	2584	0	424	0	0	0	0	0	0	0	106	0	98	0	0	0	0	0	1150	0	592	0	112	0	0	0	0	0	0	0	0	0	0	0	0	0	336	0	102	0	0	0	0	0	0	0	0	0	0	154	0	1168	3704	806	4340	406	0	0	590	0	0	0	0	0	0	0	0	0	0	0	0	0	0	0	0	0	0	0	0	0	0	0	0	0	0	0	0	0	0	0	0	0	0	0	0	0	0	
159036	Thalamus_L	16222	462	1554	0	0	0	348	0	0	0	416	0	0	0	0	0	694	0	6842	0	0	0	0	0	0	0	0	0	3646	0	96	0	0	0	158	1454	5976	1566	1854	390	0	0	0	0	0	0	912	0	0	0	0	0	106	0	1000	224	950	98	0	0	0	0	768	0	0	0	0	0	11700	0	8860	414	1840	0	1930	0	0	3920	2088	0	810	0	154	0	334	0	0	0	1732	0	0	0	0	0	0	0	0	0	0	0	0	0	0	0	0	0	0	0	0	0	0	0	0	0	0	0	
160204	Thalamus_R	4884	12330	574	2538	0	0	0	0	0	0	0	192	0	0	0	0	0	616	1174	3374	0	0	0	500	0	0	0	0	0	868	0	908	0	0	1274	2958	1992	6290	524	2976	0	0	0	0	0	0	384	104	0	0	0	0	0	0	94	1902	0	168	0	0	0	0	122	0	0	0	0	96	5918	350	422	18890	0	2738	0	590	3920	0	162	0	0	0	0	0	0	0	0	0	0	270	0	0	0	0	0	0	0	0	0	0	0	0	0	0	0	0	0	0	0	0	0	0	0	0	0	0	
57052	Heschl_L	3448	0	606	0	0	0	124	0	0	0	956	0	0	0	0	0	4280	0	600	0	0	0	0	0	0	0	0	0	7340	0	0	0	0	0	258	348	1540	348	0	136	0	0	0	0	0	0	0	0	0	0	274	0	0	0	0	96	2004	0	166	0	0	0	146	0	0	0	132	0	0	0	0	0	102	0	0	0	2088	162	0	0	1778	0	258	0	200	0	0	0	1136	0	0	0	0	0	0	0	0	0	0	0	0	0	0	0	0	0	0	0	0	0	0	0	0	0	0	0	
29336	Heschl_R	0	108	0	130	0	0	0	0	0	0	0	0	0	0	0	0	0	2808	0	136	0	0	0	0	0	0	0	0	0	2280	0	0	0	0	0	0	0	368	0	266	0	0	0	0	0	0	0	0	0	0	0	0	0	138	0	372	0	182	0	124	0	0	0	752	0	0	0	176	0	0	0	0	0	146	0	0	0	0	0	0	0	3978	0	0	0	1206	0	0	0	1498	0	0	0	0	0	0	0	0	0	0	0	0	0	0	0	0	0	0	0	0	0	0	0	0	0	0	
280256	Temporal_Sup_L	5050	172	5530	0	0	0	3810	0	0	0	10764	0	138	0	0	0	18778	0	4344	392	150	0	0	0	0	0	0	0	12944	0	0	0	0	0	184	0	2722	0	1360	0	256	0	0	0	0	0	0	0	0	0	448	0	114	0	2088	0	2784	0	420	0	2230	0	8762	0	2892	0	220	0	138	178	0	0	2038	0	240	0	810	0	1778	0	0	0	10224	0	25394	0	0	0	12776	0	0	0	0	0	0	0	0	0	0	0	0	0	0	0	0	0	0	0	0	0	0	0	0	0	0	0	
129092	Temporal_Sup_R	0	1300	0	1210	0	0	0	148	0	0	0	980	0	0	0	0	0	3640	0	1374	0	0	0	0	0	0	0	0	0	3790	0	0	0	0	0	0	0	558	0	240	0	0	0	0	0	3144	0	0	0	5020	0	2440	0	0	0	650	0	464	0	156	0	420	0	2862	0	3966	704	3546	0	786	0	0	0	488	0	0	0	0	0	3978	0	0	0	4116	0	13878	0	232	0	4354	0	0	0	0	0	0	0	0	0	102	0	0	0	0	0	0	0	0	0	0	0	0	0	0	0	0	
212892	Temporal_Pole_Sup_L	3176	0	7726	0	1130	0	4290	0	374	0	11942	0	756	0	3550	0	11114	0	5352	148	874	0	0	0	0	0	0	0	10676	0	214	0	0	0	0	0	2082	0	1338	0	1550	0	0	0	0	0	0	0	0	0	0	0	0	0	4640	0	290	0	0	0	0	0	0	0	0	0	0	0	0	0	118	0	1240	0	0	0	154	0	258	0	10224	0	0	0	8580	0	6644	0	8006	0	0	0	0	0	0	0	0	0	0	0	0	0	0	0	0	0	0	0	0	0	0	0	0	0	0	0	
68060	Temporal_Pole_Sup_R	0	0	0	226	0	0	0	0	0	0	0	234	0	0	0	0	0	356	0	228	0	0	0	0	0	0	0	0	0	334	0	0	0	0	0	0	0	0	0	3392	0	2758	0	0	0	0	0	0	0	0	0	0	0	0	0	8974	0	0	0	0	0	0	0	0	0	0	0	0	0	0	0	0	0	0	0	0	0	0	0	0	0	4116	0	0	0	2976	0	5938	0	4498	0	0	0	0	0	0	0	0	0	0	0	0	0	0	0	0	0	0	0	0	0	0	0	0	0	0	
310420	Temporal_Mid_L	632	0	320	0	0	0	152	0	0	0	410	0	0	0	0	0	2254	0	312	0	0	0	0	0	0	0	0	0	2112	0	0	0	0	0	632	0	588	0	300	0	426	0	2004	0	436	0	884	0	1482	0	16770	0	9104	0	6266	0	4184	0	872	0	4834	0	9962	0	9760	0	1828	0	0	0	0	0	130	0	0	0	334	0	200	0	25394	0	8580	0	0	0	6732	0	36836	0	480	0	0	0	0	0	0	0	0	0	0	0	0	0	0	0	0	0	0	0	0	0	0	0	0	0	
312960	Temporal_Mid_R	0	3264	94	144	0	0	0	0	0	0	0	98	0	0	0	0	0	666	116	276	0	0	0	0	0	0	0	0	0	1856	0	0	0	868	0	572	0	564	0	306	0	0	0	4448	0	12128	0	888	0	13386	0	21782	0	3352	0	2268	0	3404	0	236	0	1242	0	1606	0	11368	3126	12052	0	770	0	0	0	194	0	0	0	0	0	1206	0	13878	0	2976	0	0	0	1594	0	35752	0	0	0	0	0	0	0	0	0	0	0	0	0	0	0	0	0	0	0	0	0	0	0	0	0	0	
47388	Temporal_Pole_Mid_L	0	0	0	0	0	0	0	0	0	0	0	0	0	0	0	0	0	0	0	0	0	0	0	0	0	0	0	0	0	0	0	0	0	0	0	0	218	0	712	0	250	0	0	0	0	0	0	0	0	0	0	0	0	0	3012	0	0	0	0	0	0	0	0	0	0	0	0	0	0	0	0	0	0	0	0	0	0	0	0	0	0	0	6644	0	6732	0	0	0	6126	0	0	0	0	0	0	0	0	0	0	0	0	0	0	0	0	0	0	0	0	0	0	0	0	0	0	0	
39280	Temporal_Pole_Mid_R	0	0	0	0	0	0	0	0	0	0	0	0	0	0	0	0	0	0	0	0	0	0	0	0	0	0	0	0	0	0	0	0	0	0	0	0	0	0	0	2452	0	1288	0	0	0	0	0	0	0	0	0	0	0	0	0	5020	0	0	0	0	0	0	0	0	0	0	0	0	0	0	0	0	0	0	0	0	0	0	0	0	0	232	0	5938	0	1594	0	0	0	3116	0	0	0	0	0	0	0	0	0	0	0	0	0	0	0	0	0	0	0	0	0	0	0	0	0	0	
307676	Temporal_Inf_L	1144	0	244	0	0	0	184	0	0	0	370	0	0	0	0	0	1744	0	230	0	214	0	0	0	0	0	0	0	4692	0	0	0	0	0	2246	386	8274	272	3386	194	1690	0	3820	0	304	0	1484	0	354	0	6548	0	11382	0	17738	0	4304	0	206	0	1376	0	1448	0	1702	0	2688	0	0	0	0	0	1016	0	0	0	1732	0	1136	0	12776	0	8006	0	36836	0	6126	0	0	0	3380	0	2066	0	0	0	164	0	596	0	642	0	738	0	0	0	0	0	0	0	0	0	0	0	0	0	
369712	Temporal_Inf_R	322	6670	192	344	0	0	0	810	0	0	0	266	0	0	0	0	0	1728	226	828	0	0	0	0	0	0	0	0	0	5278	0	0	0	768	918	3730	0	9802	0	5062	0	556	0	3642	0	8270	0	1846	0	8044	0	10722	0	5932	0	25858	336	3242	0	226	0	1534	0	2320	0	5142	1818	11350	142	2690	0	0	0	296	0	0	0	270	0	1498	0	4354	0	4498	0	35752	0	3116	0	0	0	2008	0	0	0	0	0	132	0	1948	0	0	0	370	0	0	0	0	0	0	0	0	0	0	0	0	
472720	Cerebelum_Crus1_L	0	0	0	0	0	0	0	0	0	0	0	0	0	0	0	0	0	0	0	0	0	0	0	0	0	0	0	0	0	0	0	0	0	0	0	0	0	0	0	0	0	0	104	0	0	0	12046	2572	0	0	856	0	1612	150	20234	1312	0	0	0	0	0	0	0	0	0	0	0	0	0	0	0	0	0	0	0	0	0	0	0	0	0	0	0	0	480	0	0	0	3380	0	0	6034	46276	1406	706	412	20184	1604	47282	8664	11692	0	17352	1090	3616	536	664	0	0	148	7346	8384	8498	556	930	234	
500020	Cerebelum_Crus1_R	0	0	0	0	0	0	0	0	0	0	0	0	0	0	0	0	0	0	0	0	0	0	0	0	0	0	0	0	0	0	0	0	0	0	0	0	0	0	0	0	0	0	0	138	0	0	548	5130	0	0	0	0	0	324	298	14078	0	0	0	0	0	0	0	0	0	0	0	162	0	0	0	0	0	0	0	0	0	0	0	0	0	0	0	0	0	0	0	0	0	2008	6034	0	6420	32088	538	3604	4624	20418	7212	58362	2102	4394	2682	24074	1028	4728	0	336	534	1622	12060	9974	12716	6356	4386	1032	
480756	Cerebelum_Crus2_L	0	0	0	0	0	0	0	0	0	0	0	0	0	0	0	0	0	0	0	0	0	0	0	0	0	0	0	0	0	0	0	0	0	0	0	0	0	0	0	0	0	0	0	0	0	0	3042	1532	0	0	0	0	0	94	4550	796	0	0	0	0	0	0	0	0	0	0	0	0	0	0	0	0	0	0	0	0	0	0	0	0	0	0	0	0	0	0	0	0	2066	0	46276	6420	0	14438	916	670	8488	780	18000	7040	38298	4246	36178	3552	4686	898	684	0	108	336	4600	6170	19070	4980	1290	174	
429560	Cerebelum_Crus2_R	0	0	0	0	0	0	0	0	0	0	0	0	0	0	0	0	0	0	0	0	0	0	0	0	0	0	0	0	0	0	0	0	0	0	0	0	0	0	0	0	0	0	0	0	0	0	160	188	0	0	0	0	0	0	104	526	0	0	0	0	0	0	0	0	0	0	0	0	0	0	0	0	0	0	0	0	0	0	0	0	0	0	0	0	0	0	0	0	0	0	1406	32088	14438	0	1236	2664	2892	1770	1192	11218	12484	20740	9768	40770	2058	8280	0	868	568	1216	3946	1482	18820	14932	7538	1428	
62040	Cerebelum_3_L	0	0	0	0	0	0	0	0	0	0	0	0	0	0	0	0	0	0	0	0	0	0	0	0	0	0	0	0	0	0	0	0	0	0	0	0	0	0	0	0	0	0	0	0	0	0	144	0	0	0	0	0	0	0	176	0	0	0	0	0	0	0	0	0	0	0	0	0	0	0	0	0	0	0	0	0	0	0	0	0	0	0	0	0	0	0	0	0	0	0	706	538	916	1236	0	850	7444	398	894	564	486	0	1614	1312	2234	1022	304	0	1266	3114	3080	230	410	696	1386	0	
79772	Cerebelum_3_R	0	0	0	0	0	0	0	0	0	0	0	0	0	0	0	0	0	0	0	0	0	0	0	0	0	0	0	0	0	0	0	0	0	0	0	0	0	0	0	740	0	0	0	0	0	0	0	870	0	0	0	0	0	0	0	106	0	0	0	0	0	0	0	0	0	0	0	0	0	0	0	0	0	0	0	0	0	0	0	0	0	0	0	0	0	0	0	0	0	0	412	3604	670	2664	850	0	1464	4508	356	4108	358	0	916	3250	500	2710	0	0	1092	2490	2960	154	668	1818	2618	0	
333488	Cerebelum_4_5_L	0	0	0	0	0	0	0	0	0	0	0	0	0	0	0	0	0	0	0	0	0	0	0	0	0	0	0	0	0	0	0	0	0	0	422	0	826	0	1018	0	0	0	432	0	0	0	10298	1630	0	0	0	0	0	0	7760	988	0	0	0	0	0	0	0	0	0	0	818	0	0	0	0	0	0	0	0	0	0	0	0	0	0	0	0	0	0	0	0	0	164	0	20184	4624	8488	2892	7444	1464	0	3784	32734	5698	4820	184	8736	3210	6052	1694	452	0	772	2262	16672	3286	1880	1556	2676	824	
206864	Cerebelum_4_5_R	0	0	0	0	0	0	0	0	0	0	0	0	0	0	0	0	0	0	0	0	0	0	0	0	0	0	0	0	0	0	0	0	0	0	0	0	0	554	0	1592	0	0	0	0	0	0	1188	6866	0	0	0	0	0	120	346	7390	0	0	0	0	0	0	0	0	0	0	0	786	0	0	0	0	0	0	0	0	0	0	0	0	0	0	0	0	0	0	0	0	0	132	1604	20418	780	1770	398	4508	3784	0	3178	25838	304	0	518	2382	428	996	0	0	0	1076	12444	1614	520	812	816	270	
433316	Cerebelum_6_L	0	0	0	0	0	0	0	0	0	0	0	0	0	0	0	0	0	0	0	0	0	0	0	0	0	0	0	0	128	0	0	0	0	0	0	0	462	0	0	0	0	0	0	0	0	0	16982	4526	0	0	108	0	638	404	20998	2382	0	0	0	0	0	0	0	0	0	0	0	0	0	0	0	0	106	0	0	0	0	0	0	0	0	0	0	0	0	0	0	0	596	0	47282	7212	18000	1192	894	356	32734	3178	0	10844	4320	0	6536	1226	2596	484	328	0	0	122	12680	10934	6550	418	854	588	
485536	Cerebelum_6_R	0	0	0	0	0	0	0	0	0	0	0	0	0	0	0	0	0	0	0	0	0	0	0	0	0	0	0	0	0	190	0	0	0	0	0	0	0	186	0	116	0	0	0	184	0	0	1864	10438	0	0	0	0	0	1000	488	18662	0	0	0	0	0	0	0	0	0	0	0	164	0	0	0	0	0	0	0	0	0	0	0	0	0	102	0	0	0	0	0	0	0	1948	8664	58362	7040	11218	564	4108	5698	25838	10844	0	1484	786	2034	12346	1062	3348	0	368	374	1298	15402	15076	12932	4390	3106	1084	
326232	Cerebelum_7b_L	0	0	0	0	0	0	0	0	0	0	0	0	0	0	0	0	0	0	0	0	0	0	0	0	0	0	0	0	0	0	0	0	0	0	0	0	0	0	0	0	0	0	0	0	0	0	574	274	0	0	0	0	0	0	1380	128	0	0	0	0	0	0	0	0	0	0	0	0	0	0	0	0	0	0	0	0	0	0	0	0	0	0	0	0	0	0	0	0	642	0	11692	2102	38298	12484	486	358	4820	304	4320	1484	0	5852	40432	6544	3552	664	566	0	308	514	2836	888	12072	8600	810	132	
158224	Cerebelum_7b_R	0	0	0	0	0	0	0	0	0	0	0	0	0	0	0	0	0	0	0	0	0	0	0	0	0	0	0	0	0	0	0	0	0	0	0	0	0	0	0	0	0	0	0	0	0	0	0	0	0	0	0	0	0	0	0	0	0	0	0	0	0	0	0	0	0	0	0	0	0	0	0	0	0	0	0	0	0	0	0	0	0	0	0	0	0	0	0	0	0	0	0	4394	4246	20740	0	0	184	0	0	786	5852	0	4420	23194	386	3140	0	0	0	0	226	138	3854	6362	964	226	
405084	Cerebelum_8_L	0	0	0	0	0	0	0	0	0	0	0	0	0	0	0	0	0	0	0	0	0	0	0	0	0	0	0	0	0	0	0	0	0	0	0	0	0	0	0	0	0	0	0	0	0	0	204	164	0	0	0	0	0	0	1930	0	0	0	0	0	0	0	0	0	0	0	0	0	0	0	0	0	0	0	0	0	0	0	0	0	0	0	0	0	0	0	0	0	738	0	17352	2682	36178	9768	1614	916	8736	518	6536	2034	40432	4420	0	10082	21196	2014	2856	0	408	892	4700	1058	7926	12442	4192	554	
414816	Cerebelum_8_R	0	0	0	0	0	0	0	0	0	0	0	0	0	0	0	0	0	0	0	0	0	0	0	0	0	0	0	0	0	0	0	0	0	0	0	0	0	0	0	0	0	0	0	0	0	0	0	0	0	0	0	0	0	0	0	532	0	0	0	0	0	0	0	0	0	0	0	0	0	0	0	0	0	0	0	0	0	0	0	0	0	0	0	0	0	0	0	0	0	370	1090	24074	3552	40770	1312	3250	3210	2382	1226	12346	6544	23194	10082	0	2382	24550	0	1410	622	1438	5162	1206	7408	17488	9952	1856	
145020	Cerebelum_9_L	0	0	0	0	0	0	0	0	0	0	0	0	0	0	0	0	0	0	0	0	0	0	0	0	0	0	0	0	0	0	0	0	0	0	0	0	0	0	0	0	0	0	0	0	0	0	0	140	0	0	0	0	0	0	302	0	0	0	0	0	0	0	0	0	0	0	0	0	0	0	0	0	0	0	0	0	0	0	0	0	0	0	0	0	0	0	0	0	0	0	3616	1028	4686	2058	2234	500	6052	428	2596	1062	3552	386	21196	2382	0	1518	4446	0	234	924	2388	1406	1926	3110	3378	962	
180312	Cerebelum_9_R	0	0	0	0	0	0	0	0	0	0	0	0	0	0	0	0	0	0	0	0	0	0	0	0	0	0	0	0	0	0	0	0	0	0	0	0	0	0	0	0	0	0	0	0	0	0	0	0	0	0	0	0	0	0	0	0	0	0	0	0	0	0	0	0	0	0	0	0	0	0	0	0	0	0	0	0	0	0	0	0	0	0	0	0	0	0	0	0	0	0	536	4728	898	8280	1022	2710	1694	996	484	3348	664	3140	2014	24550	1518	0	0	2300	1128	1728	2956	1164	2892	8172	10530	2704	
21948	Cerebelum_10_L	0	0	0	0	0	0	0	0	0	0	0	0	0	0	0	0	0	0	0	0	0	0	0	0	0	0	0	0	0	0	0	0	0	0	0	0	0	0	0	0	0	0	0	0	0	0	0	0	0	0	0	0	0	0	0	0	0	0	0	0	0	0	0	0	0	0	0	0	0	0	0	0	0	0	0	0	0	0	0	0	0	0	0	0	0	0	0	0	0	0	664	0	684	0	304	0	452	0	328	0	566	0	2856	0	4446	0	0	0	0	176	198	0	0	154	146	0	
16164	Cerebelum_10_R	0	0	0	0	0	0	0	0	0	0	0	0	0	0	0	0	0	0	0	0	0	0	0	0	0	0	0	0	0	0	0	0	0	0	0	0	0	0	0	0	0	0	0	0	0	0	0	0	0	0	0	0	0	0	0	0	0	0	0	0	0	0	0	0	0	0	0	0	0	0	0	0	0	0	0	0	0	0	0	0	0	0	0	0	0	0	0	0	0	0	0	336	0	868	0	0	0	0	0	368	0	0	0	1410	0	2300	0	0	0	0	0	0	428	1064	1154	154	
30260	Vermis_1_2	0	0	0	0	0	0	0	0	0	0	0	0	0	0	0	0	0	0	0	0	0	0	0	0	0	0	0	0	0	0	0	0	0	0	0	0	0	0	334	0	0	0	0	0	0	0	0	0	0	0	0	0	0	0	0	0	0	0	0	0	0	0	0	0	0	0	0	0	0	0	0	0	0	0	0	0	0	0	0	0	0	0	0	0	0	0	0	0	0	0	0	534	108	568	1266	1092	772	0	0	374	308	0	408	622	234	1128	0	0	0	4456	1150	0	236	554	986	0	
60988	Vermis_3	0	0	0	0	0	0	0	0	0	0	0	0	0	0	0	0	0	0	0	0	0	0	0	0	0	0	0	0	0	0	0	0	0	0	0	0	0	0	536	0	0	0	0	0	0	0	0	0	0	0	0	0	0	0	0	0	0	0	0	0	0	0	0	0	0	0	0	0	0	0	0	0	0	0	0	0	0	0	0	0	0	0	0	0	0	0	0	0	0	0	148	1622	336	1216	3114	2490	2262	1076	122	1298	514	0	892	1438	924	1728	176	0	4456	0	3008	0	434	1110	1594	0	
298468	Vermis_4_5	0	0	0	0	0	0	0	0	0	0	0	0	0	0	0	0	0	0	0	0	0	0	0	0	0	0	0	0	0	0	0	0	0	0	280	576	258	516	198	484	0	0	0	0	0	0	2662	6346	0	0	0	0	0	284	1408	4570	0	0	0	0	0	0	0	0	0	0	0	856	0	0	0	0	0	0	0	0	0	0	0	0	0	0	0	0	0	0	0	0	0	0	7346	12060	4600	3946	3080	2960	16672	12444	12680	15402	2836	226	4700	5162	2388	2956	198	0	1150	3008	0	6802	1638	2234	4252	2056	
194128	Vermis_6	0	0	0	0	0	0	0	0	0	0	0	0	0	0	0	0	0	0	0	0	0	0	0	0	0	0	0	0	0	0	0	0	0	0	0	0	0	0	0	0	0	0	0	0	0	0	2238	5968	0	0	0	0	0	636	550	3592	0	0	0	0	0	0	0	0	0	0	0	0	0	0	0	0	0	0	0	0	0	0	0	0	0	0	0	0	0	0	0	0	0	0	8384	9974	6170	1482	230	154	3286	1614	10934	15076	888	138	1058	1206	1406	1164	0	0	0	0	6802	0	8318	1672	1724	2400	
