data	data	601428	168860	935776	987300	127284	58096	454352	197436	62540	16372	179148	158604	284548	102864	140916	54172	160064	115560	771088	843288	55844	56048	349640	310956	37832	63508	51088	46260	532408	248428	344492	488216	321284	394136	152980	171372	277784	285016	85432	129520	39360	44644	214856	277264	138064	210748	287780	278780	183708	195988	404164	143140	137436	64184	412164	372680	305236	235416	102924	107604	201932	146360	103868	121556	130768	89376	237764	352308	346688	142268	333240	339632	307316	336252	58908	10932	126536	158656	57112	25472	177312	84052	97364	37156	248212	198028	22600	16624	264720	212352	386484	397132	333116	301408	44744	41400	364468	165560	367808	381064	231392	100372	259028	289276	94492	105104	15936	22768	25704	39472	240148	177644	232392	173128	122448	65660	
data	data	Precentral_L	Precentral_R	Frontal_Sup_L	Frontal_Sup_R	Frontal_Sup_Orb_L	Frontal_Sup_Orb_R	Frontal_Mid_L	Frontal_Mid_R	Frontal_Mid_Orb_L	Frontal_Mid_Orb_R	Frontal_Inf_Oper_L	Frontal_Inf_Oper_R	Frontal_Inf_Tri_L	Frontal_Inf_Tri_R	Frontal_Inf_Orb_L	Frontal_Inf_Orb_R	Rolandic_Oper_L	Rolandic_Oper_R	Supp_Motor_Area_L	Supp_Motor_Area_R	Olfactory_L	Olfactory_R	Frontal_Sup_Medial_L	Frontal_Sup_Medial_R	Frontal_Med_Orb_L	Frontal_Med_Orb_R	Rectus_L	Rectus_R	Insula_L	Insula_R	Cingulum_Ant_L	Cingulum_Ant_R	Cingulum_Mid_L	Cingulum_Mid_R	Cingulum_Post_L	Cingulum_Post_R	Hippocampus_L	Hippocampus_R	ParaHippocampal_L	ParaHippocampal_R	Amygdala_L	Amygdala_R	Calcarine_L	Calcarine_R	Cuneus_L	Cuneus_R	Lingual_L	Lingual_R	Occipital_Sup_L	Occipital_Sup_R	Occipital_Mid_L	Occipital_Mid_R	Occipital_Inf_L	Occipital_Inf_R	Fusiform_L	Fusiform_R	Postcentral_L	Postcentral_R	Parietal_Sup_L	Parietal_Sup_R	Parietal_Inf_L	Parietal_Inf_R	SupraMarginal_L	SupraMarginal_R	Angular_L	Angular_R	Precuneus_L	Precuneus_R	Paracentral_Lobule_L	Paracentral_Lobule_R	Caudate_L	Caudate_R	Putamen_L	Putamen_R	Pallidum_L	Pallidum_R	Thalamus_L	Thalamus_R	Heschl_L	Heschl_R	Temporal_Sup_L	Temporal_Sup_R	Temporal_Pole_Sup_L	Temporal_Pole_Sup_R	Temporal_Mid_L	Temporal_Mid_R	Temporal_Pole_Mid_L	Temporal_Pole_Mid_R	Temporal_Inf_L	Temporal_Inf_R	Cerebelum_Crus1_L	Cerebelum_Crus1_R	Cerebelum_Crus2_L	Cerebelum_Crus2_R	Cerebelum_3_L	Cerebelum_3_R	Cerebelum_4_5_L	Cerebelum_4_5_R	Cerebelum_6_L	Cerebelum_6_R	Cerebelum_7b_L	Cerebelum_7b_R	Cerebelum_8_L	Cerebelum_8_R	Cerebelum_9_L	Cerebelum_9_R	Cerebelum_10_L	Cerebelum_10_R	Vermis_1_2	Vermis_3	Vermis_4_5	Vermis_6	Vermis_7	Vermis_8	Vermis_9	Vermis_10	
601428	Precentral_L	0	422	24838	6900	0	0	15350	0	0	0	13622	644	3888	0	282	0	8566	254	32580	16786	0	0	0	0	156	0	0	0	17622	1118	3684	356	3802	3032	154	116	10256	104	2732	0	0	0	0	0	0	0	0	0	0	0	2628	0	2146	0	5994	0	35312	0	0	0	1942	0	1442	0	164	0	156	0	25226	1598	9000	702	13636	1074	6666	0	10908	406	3312	0	2752	0	1470	0	3060	0	0	0	3856	0	0	0	0	0	0	0	0	0	0	0	0	0	0	0	0	0	0	0	0	0	0	0	0	0	0	0	
168860	Precentral_R	422	0	264	11272	0	0	0	3020	0	0	0	8332	0	492	0	0	0	2678	316	2192	0	0	0	0	0	0	0	0	0	5118	0	208	0	228	206	142	122	5074	102	1612	0	0	0	356	0	456	0	86	0	282	0	236	0	0	0	5360	0	15418	0	208	0	398	0	640	0	0	0	1692	772	1440	0	2240	0	3890	0	144	192	5002	0	306	0	924	0	0	0	742	0	0	0	1470	0	188	0	0	0	0	0	0	0	188	0	0	0	0	0	0	0	0	0	0	0	0	0	0	0	0	
935776	Frontal_Sup_L	24838	264	0	22538	10380	0	73072	0	4736	0	4610	542	19432	0	8220	0	6362	182	84332	29598	0	0	44636	3866	1294	0	586	0	23134	888	18226	6572	20846	4184	252	0	3764	0	0	0	0	0	0	0	0	0	0	0	0	0	0	0	0	0	1344	0	4268	0	0	0	118	0	168	0	0	0	0	0	6180	0	9658	940	15082	928	4924	0	2594	446	380	0	1900	0	896	0	0	0	0	0	708	0	0	0	0	0	0	0	0	0	0	0	0	0	0	0	0	0	0	0	0	0	0	0	0	0	0	0	
987300	Frontal_Sup_R	6900	11272	22538	0	0	1224	2702	41202	0	0	640	9158	430	7770	0	3226	964	10474	28136	80156	0	0	16000	43536	0	2190	0	0	2700	15550	6596	42500	7856	14182	338	186	1102	5116	302	1560	0	0	0	0	0	0	0	88	0	0	0	0	0	0	418	1986	3124	876	0	140	0	162	0	0	0	0	0	0	6502	0	10616	29828	4478	17790	0	296	236	25434	0	1616	346	1622	188	866	0	92	0	0	154	286	0	0	0	0	0	0	0	0	0	0	0	0	0	0	0	0	0	0	0	0	0	0	0	0	0	0	
127284	Frontal_Sup_Orb_L	0	0	10380	0	0	0	2062	0	9112	0	0	0	7454	0	12090	0	0	0	556	0	1024	0	3520	0	2870	0	3196	0	7780	0	1696	0	0	0	0	0	0	0	0	0	0	0	0	0	0	0	0	0	0	0	0	0	0	0	0	0	0	0	0	0	0	0	0	0	0	0	0	0	0	0	0	0	1394	0	0	0	0	0	0	0	0	0	508	0	0	0	0	0	0	0	0	0	0	0	0	0	0	0	0	0	0	0	0	0	0	0	0	0	0	0	0	0	0	0	0	0	
58096	Frontal_Sup_Orb_R	0	0	0	1224	0	0	0	136	0	978	0	0	0	120	0	958	0	0	0	0	0	0	88	2444	220	8016	0	5398	0	210	400	1500	0	0	0	0	0	0	0	0	0	0	0	0	0	0	0	0	0	0	0	0	0	0	0	0	0	0	0	0	0	0	0	0	0	0	0	0	0	0	0	3642	0	3714	0	0	0	0	0	0	0	0	0	0	0	0	0	0	0	0	0	0	0	0	0	0	0	0	0	0	0	0	0	0	0	0	0	0	0	0	0	0	0	0	0	0	
454352	Frontal_Mid_L	15350	0	73072	2702	2062	0	0	0	3026	0	8164	232	35418	0	6286	0	1036	0	9674	2220	0	0	19390	2514	774	0	0	0	12998	332	13206	2202	3390	886	0	0	440	0	0	0	0	0	0	0	0	0	0	0	0	0	0	0	0	0	258	0	300	0	0	0	0	0	0	0	0	0	0	0	320	0	2708	342	4258	414	1212	0	242	170	0	0	212	0	1160	0	0	0	0	0	206	0	0	0	0	0	0	0	0	0	0	0	0	0	0	0	0	0	0	0	0	0	0	0	0	0	0	0	
197436	Frontal_Mid_R	0	3020	0	41202	0	136	0	0	0	1762	0	3818	0	10730	0	5902	0	4198	166	2546	0	0	482	4194	0	0	0	0	0	4126	576	3564	114	308	0	0	0	932	0	390	0	0	0	0	0	0	0	0	0	0	0	0	0	0	0	664	0	416	0	0	0	0	0	0	0	0	0	0	0	0	126	1362	106	4978	0	0	0	0	0	1180	0	1234	0	368	0	0	0	0	0	118	0	0	0	0	0	0	0	0	0	0	0	0	0	0	0	0	0	0	0	0	0	0	0	0	0	0	
62540	Frontal_Mid_Orb_L	0	0	4736	0	9112	0	3026	0	0	0	0	0	3160	0	8626	0	0	0	0	0	92	0	0	0	144	0	1146	0	896	0	0	0	0	0	0	0	0	0	0	0	0	0	0	0	0	0	0	0	0	0	0	0	0	0	0	0	0	0	0	0	0	0	0	0	0	0	0	0	0	0	0	0	104	0	0	0	0	0	0	0	0	0	228	0	0	0	0	0	0	0	0	0	0	0	0	0	0	0	0	0	0	0	0	0	0	0	0	0	0	0	0	0	0	0	0	0	
16372	Frontal_Mid_Orb_R	0	0	0	0	0	978	0	1762	0	0	0	0	0	242	0	3910	0	0	0	0	0	90	0	0	0	0	0	136	0	360	0	0	0	0	0	0	0	0	0	0	0	0	0	0	0	0	0	0	0	0	0	0	0	0	0	0	0	0	0	0	0	0	0	0	0	0	0	0	0	0	0	0	0	708	0	0	0	0	0	0	0	0	0	0	0	0	0	0	0	0	0	0	0	0	0	0	0	0	0	0	0	0	0	0	0	0	0	0	0	0	0	0	0	0	0	0	
179148	Frontal_Inf_Oper_L	13622	0	4610	640	0	0	8164	0	0	0	0	238	13012	0	500	0	8296	0	3868	560	0	0	126	164	184	0	0	0	17642	284	3134	890	910	0	0	0	312	0	0	0	0	0	0	0	0	0	0	0	0	0	0	0	0	0	250	0	1374	0	0	0	0	0	0	0	0	0	0	0	0	0	1702	466	2076	182	156	0	196	0	518	0	1400	0	3750	0	120	0	0	0	228	0	0	0	0	0	0	0	0	0	0	0	0	0	0	0	0	0	0	0	0	0	0	0	0	0	0	0	
158604	Frontal_Inf_Oper_R	644	8332	542	9158	0	0	232	3818	0	0	238	0	136	4992	0	0	0	5204	700	6542	0	0	0	86	0	0	0	0	1128	16784	86	204	0	0	0	0	0	2474	0	946	0	0	0	0	0	0	0	0	0	0	0	0	0	0	0	1388	0	2506	0	0	0	0	0	182	0	0	0	0	0	0	1588	1586	412	6830	0	136	0	156	0	190	94	1018	0	0	0	410	0	0	0	560	0	0	0	0	0	0	0	0	0	0	0	0	0	0	0	0	0	0	0	0	0	0	0	0	0	0	
284548	Frontal_Inf_Tri_L	3888	0	19432	430	7454	0	35418	0	3160	0	13012	136	0	0	15384	0	1470	0	1370	176	246	0	1378	274	782	0	700	0	22440	188	7188	2118	458	0	0	0	0	0	0	0	0	0	0	0	0	0	0	0	0	0	0	0	0	0	0	0	266	0	0	0	0	0	0	0	0	0	0	0	0	0	948	284	2060	0	0	0	194	0	0	0	112	0	1308	0	0	0	0	0	0	0	0	0	0	0	0	0	0	0	0	0	0	0	0	0	0	0	0	0	0	0	0	0	0	0	0	0	
102864	Frontal_Inf_Tri_R	0	492	0	7770	0	120	0	10730	0	242	0	4992	0	0	0	5798	0	456	0	1148	0	0	152	1410	0	0	0	0	0	8682	0	1594	0	126	0	0	0	600	0	0	0	0	0	0	0	0	0	0	0	0	0	0	0	0	0	556	0	0	0	0	0	0	0	0	0	0	0	0	0	0	0	398	0	5948	0	0	0	0	0	0	0	104	0	0	0	0	0	0	0	114	0	0	0	0	0	0	0	0	0	0	0	0	0	0	0	0	0	0	0	0	0	0	0	0	0	0	
140916	Frontal_Inf_Orb_L	282	0	8220	0	12090	0	6286	0	8626	0	500	0	15384	0	0	0	0	0	496	0	884	0	706	0	186	0	786	0	10436	0	2658	96	126	0	0	0	0	0	0	0	138	0	0	0	0	0	0	0	0	0	0	0	0	0	0	0	0	0	0	0	0	0	0	0	0	0	0	0	0	0	0	0	1348	0	0	0	0	0	0	0	0	0	1210	0	0	0	0	0	0	0	0	0	0	0	0	0	0	0	0	0	0	0	0	0	0	0	0	0	0	0	0	0	0	0	0	0	
54172	Frontal_Inf_Orb_R	0	0	0	3226	0	958	0	5902	0	3910	0	0	0	5798	0	0	0	0	0	0	0	134	0	230	0	0	0	130	0	2988	0	190	0	0	0	0	0	242	0	0	0	0	0	0	0	0	0	0	0	0	0	0	0	0	0	0	0	0	0	0	0	0	0	0	0	0	0	0	0	0	0	154	0	3224	0	0	0	0	0	0	0	0	0	0	0	0	0	0	0	0	0	0	0	0	0	0	0	0	0	0	0	0	0	0	0	0	0	0	0	0	0	0	0	0	0	0	
160064	Rolandic_Oper_L	8566	0	6362	964	0	0	1036	0	0	0	8296	0	1470	0	0	0	0	0	5800	1102	0	0	0	0	0	0	0	0	16104	0	832	0	2774	0	0	0	1008	0	0	0	0	0	0	0	0	0	0	0	0	0	0	0	0	0	1032	0	8734	0	0	0	334	0	1858	0	0	0	282	0	304	0	662	132	694	88	0	0	0	0	2246	0	6152	0	1260	0	888	0	0	0	1052	0	0	0	0	0	0	0	0	0	0	0	0	0	0	0	0	0	0	0	0	0	0	0	0	0	0	0	
115560	Rolandic_Oper_R	254	2678	182	10474	0	0	0	4198	0	0	0	5204	0	456	0	0	0	0	288	5648	0	0	0	0	0	0	0	0	148	11148	0	0	0	0	0	0	0	322	0	0	0	0	0	0	0	0	0	0	0	0	0	0	0	0	0	112	0	4188	0	0	0	218	0	2318	0	0	0	0	0	0	244	398	0	1428	0	0	0	136	0	2890	0	3706	0	1142	0	0	0	0	0	0	0	0	0	0	0	0	0	0	0	0	0	0	0	0	0	0	0	0	0	0	0	0	0	0	0	0	
771088	Supp_Motor_Area_L	32580	316	84332	28136	556	0	9674	166	0	0	3868	700	1370	0	496	0	5800	288	0	53412	0	0	5852	2320	0	0	0	0	14816	902	12130	9242	24764	16558	656	566	3686	0	122	0	0	0	0	0	0	0	0	0	0	0	0	0	0	0	1336	0	4938	0	0	0	104	0	146	0	0	0	0	394	25326	306	9248	1256	11136	654	2956	0	10216	632	442	0	1872	0	714	0	0	0	0	0	560	0	0	0	0	0	0	0	0	0	0	0	0	0	0	0	0	0	0	0	0	0	0	0	0	0	0	0	
843288	Supp_Motor_Area_R	16786	2192	29598	80156	0	0	2220	2546	0	0	560	6542	176	1148	0	0	1102	5648	53412	0	0	0	2920	7450	0	0	0	0	2202	9714	4812	21016	13440	41350	5210	4712	778	1530	0	110	0	0	292	106	334	186	118	0	0	0	0	0	0	0	1282	3022	5610	1372	0	0	0	0	0	0	0	0	688	1348	27286	18756	9742	15438	5076	6048	0	324	118	5490	0	258	282	228	126	432	0	0	0	0	202	150	0	0	0	0	0	0	0	0	0	0	0	0	0	0	0	0	0	0	0	0	0	0	0	0	0	0	
55844	Olfactory_L	0	0	0	0	1024	0	0	0	92	0	0	0	246	0	884	0	0	0	0	0	0	4156	0	0	334	280	3776	1568	1470	0	1852	2208	0	0	0	0	186	0	128	0	460	0	0	0	0	0	0	0	0	0	0	0	0	0	88	0	0	0	0	0	0	0	0	0	0	0	0	0	0	0	5522	1914	1590	0	0	0	0	0	0	0	0	0	144	0	0	0	0	0	0	0	0	0	0	0	0	0	0	0	0	0	0	0	0	0	0	0	0	0	0	0	0	0	0	0	0	0	
56048	Olfactory_R	0	0	0	0	0	0	0	0	0	90	0	0	0	0	0	134	0	0	0	0	4156	0	0	0	0	394	3114	2544	0	608	2060	2858	0	0	0	0	0	0	0	0	0	0	0	0	0	0	0	0	0	0	0	0	0	0	0	0	0	0	0	0	0	0	0	0	0	0	0	0	0	0	6292	3436	2068	270	0	0	0	0	0	0	0	0	0	0	0	0	0	0	0	0	0	0	0	0	0	0	0	0	0	0	0	0	0	0	0	0	0	0	0	0	0	0	0	0	0	0	
349640	Frontal_Sup_Medial_L	0	0	44636	16000	3520	88	19390	482	0	0	126	0	1378	152	706	0	0	0	5852	2920	0	0	0	23120	1564	184	0	0	1758	0	15716	19266	5742	11222	96	0	0	0	0	0	0	0	0	0	0	0	0	0	0	0	0	0	0	0	0	0	0	0	0	0	0	0	0	0	0	0	0	0	0	0	316	98	488	0	0	0	0	0	0	0	0	0	0	0	0	0	0	0	0	0	0	0	0	0	0	0	0	0	0	0	0	0	0	0	0	0	0	0	0	0	0	0	0	0	0	0	
310956	Frontal_Sup_Medial_R	0	0	3866	43536	0	2444	2514	4194	0	0	164	86	274	1410	0	230	0	0	2320	7450	0	0	23120	0	98	3746	0	0	700	1140	3818	29864	796	11620	0	0	0	0	0	0	0	0	0	0	0	0	0	0	0	0	0	0	0	0	0	0	0	0	0	0	0	0	0	0	0	0	0	0	0	0	1524	5552	168	4710	0	0	0	0	0	0	134	0	0	0	0	0	0	0	0	0	0	0	0	0	0	0	0	0	0	0	0	0	0	0	0	0	0	0	0	0	0	0	0	0	0	0	
37832	Frontal_Med_Orb_L	156	0	1294	0	2870	220	774	0	144	0	184	0	782	0	186	0	0	0	0	0	334	0	1564	98	0	608	1704	0	594	0	4736	86	0	0	0	0	0	0	0	0	0	0	0	0	0	0	0	0	0	0	0	0	0	0	0	0	0	0	0	0	0	0	0	0	0	0	0	0	0	0	620	0	1962	0	0	0	0	0	0	0	0	0	0	0	0	0	0	0	0	0	0	0	0	0	0	0	0	0	0	0	0	0	0	0	0	0	0	0	0	0	0	0	0	0	0	0	
63508	Frontal_Med_Orb_R	0	0	0	2190	0	8016	0	0	0	0	0	0	0	0	0	0	0	0	0	0	280	394	184	3746	608	0	166	3830	0	0	698	3366	0	0	0	0	0	0	0	0	0	0	0	0	0	0	0	0	0	0	0	0	0	0	0	0	0	0	0	0	0	0	0	0	0	0	0	0	0	0	328	4512	0	3436	0	0	0	0	0	0	0	0	0	0	0	0	0	0	0	0	0	0	0	0	0	0	0	0	0	0	0	0	0	0	0	0	0	0	0	0	0	0	0	0	0	0	
51088	Rectus_L	0	0	586	0	3196	0	0	0	1146	0	0	0	700	0	786	0	0	0	0	0	3776	3114	0	0	1704	166	0	774	872	0	1422	946	0	0	0	0	0	0	0	0	0	0	0	0	0	0	0	0	0	0	0	0	0	0	0	0	0	0	0	0	0	0	0	0	0	0	0	0	0	0	3778	1568	1010	0	0	0	0	0	0	0	0	0	0	0	0	0	0	0	0	0	0	0	0	0	0	0	0	0	0	0	0	0	0	0	0	0	0	0	0	0	0	0	0	0	0	0	
46260	Rectus_R	0	0	0	0	0	5398	0	0	0	136	0	0	0	0	0	130	0	0	0	0	1568	2544	0	0	0	3830	774	0	0	384	1248	2482	0	0	0	0	0	0	0	0	0	0	0	0	0	0	0	0	0	0	0	0	0	0	0	0	0	0	0	0	0	0	0	0	0	0	0	0	0	0	2068	1476	924	168	0	0	0	0	0	0	0	0	0	0	0	0	0	0	0	0	0	0	0	0	0	0	0	0	0	0	0	0	0	0	0	0	0	0	0	0	0	0	0	0	0	0	
532408	Insula_L	17622	0	23134	2700	7780	0	12998	0	896	0	17642	1128	22440	0	10436	0	16104	148	14816	2202	1470	0	1758	700	594	0	872	0	0	1236	8368	1402	3910	0	0	0	17028	0	1332	0	980	0	0	0	0	0	0	0	0	0	0	0	0	0	11922	0	5444	0	0	0	0	0	0	0	0	0	0	0	178	0	5456	1956	13624	1136	114	0	90	0	5042	0	10150	0	7620	0	1908	0	0	0	11868	0	0	0	0	0	0	0	0	0	0	0	0	0	0	0	0	0	0	0	0	0	0	0	0	0	0	0	
248428	Insula_R	1118	5118	888	15550	0	210	332	4126	0	360	284	16784	188	8682	0	2988	0	11148	902	9714	0	608	0	1140	0	0	0	384	1236	0	248	1698	0	0	0	0	0	5302	0	1678	0	732	0	0	0	0	0	0	0	0	0	0	0	0	0	2304	298	2116	0	0	0	0	0	186	0	0	0	0	0	0	1890	2474	568	19332	0	174	0	218	0	524	96	820	0	1174	0	156	0	0	0	466	0	0	0	0	0	0	0	0	0	0	0	0	0	0	0	0	0	0	0	0	0	0	0	0	0	0	
344492	Cingulum_Ant_L	3684	0	18226	6596	1696	400	13206	576	0	0	3134	86	7188	0	2658	0	832	0	12130	4812	1852	2060	15716	3818	4736	698	1422	1248	8368	248	0	22566	6066	5158	0	0	176	0	0	0	0	0	0	0	0	0	0	0	0	0	0	0	0	0	86	0	0	0	0	0	0	0	0	0	0	0	0	0	88	0	7030	2672	10726	1218	212	0	242	104	0	0	138	0	374	0	0	0	0	0	0	0	0	0	0	0	0	0	0	0	0	0	0	0	0	0	0	0	0	0	0	0	0	0	0	0	0	0	
488216	Cingulum_Ant_R	356	208	6572	42500	0	1500	2202	3564	0	0	890	204	2118	1594	96	190	0	0	9242	21016	2208	2858	19266	29864	86	3366	946	2482	1402	1698	22566	0	5020	22154	0	0	96	0	0	0	0	0	0	0	0	0	0	0	0	0	0	0	0	0	108	0	116	0	0	0	0	0	0	0	0	0	0	0	0	0	7622	17502	2298	9654	0	0	0	254	0	0	160	0	130	0	0	0	0	0	0	0	0	0	0	0	0	0	0	0	0	0	0	0	0	0	0	0	0	0	0	0	0	0	0	0	0	0	
321284	Cingulum_Mid_L	3802	0	20846	7856	0	0	3390	114	0	0	910	0	458	0	126	0	2774	0	24764	13440	0	0	5742	796	0	0	0	0	3910	0	6066	5020	0	10280	4918	520	1122	0	0	0	0	0	1598	0	2576	0	766	0	1592	0	4444	0	710	0	734	0	3202	0	156	0	200	0	154	0	1304	0	8054	256	5374	508	3860	594	5160	172	0	0	0	0	268	0	588	0	134	0	420	0	0	0	262	0	0	0	0	0	0	0	702	0	0	0	0	0	0	0	0	0	0	0	0	0	0	0	0	0	0	0	
394136	Cingulum_Mid_R	3032	228	4184	14182	0	0	886	308	0	0	0	0	0	126	0	0	0	0	16558	41350	0	0	11222	11620	0	0	0	0	0	0	5158	22154	10280	0	5216	9742	0	604	0	0	0	0	242	516	332	250	96	314	0	0	0	0	0	0	1006	978	0	706	0	0	0	0	0	0	0	0	866	7294	13622	13892	0	0	0	0	0	0	0	0	0	0	0	0	0	0	0	0	0	0	0	0	0	0	0	0	0	0	0	0	0	0	0	0	0	0	0	0	0	0	0	0	104	0	0	0	0	0	
152980	Cingulum_Post_L	154	206	252	338	0	0	0	0	0	0	0	0	0	0	0	0	0	0	656	5210	0	0	96	0	0	0	0	0	0	0	0	0	4918	5216	0	15418	4382	3506	2300	1100	0	0	3484	0	754	0	2218	1082	0	0	366	0	114	0	1974	908	0	890	0	0	0	0	0	0	0	0	5070	4460	2066	4938	0	116	0	114	0	0	0	1050	0	0	0	0	0	0	0	0	0	0	0	0	0	0	0	0	0	0	1310	266	0	0	0	0	0	0	0	0	0	0	0	0	1558	0	0	0	0	0	
171372	Cingulum_Post_R	116	142	0	186	0	0	0	0	0	0	0	0	0	0	0	0	0	0	566	4712	0	0	0	0	0	0	0	0	0	0	0	0	520	9742	15418	0	3504	5078	1494	1446	0	0	1052	798	478	0	460	3552	0	0	176	0	0	0	1246	4136	0	1264	0	0	0	0	0	0	0	0	2500	15144	948	4958	0	128	0	126	0	0	0	860	0	0	0	0	0	0	0	206	0	0	0	352	0	0	0	0	0	0	178	386	0	0	0	0	0	0	0	0	0	0	0	0	3814	0	0	0	0	0	
277784	Hippocampus_L	10256	122	3764	1102	0	0	440	0	0	0	312	0	0	0	0	0	1008	0	3686	778	186	0	0	0	0	0	0	0	17028	0	176	96	1122	0	4382	3504	0	3076	12256	942	7288	0	1014	0	0	0	2096	794	0	0	0	0	0	0	16278	828	2878	0	0	0	0	0	0	0	0	0	1914	1232	2064	0	1760	308	7758	344	150	0	4568	2130	3204	0	2670	0	2190	0	914	0	96	0	11068	0	0	0	0	0	0	0	390	178	0	0	0	0	0	0	0	0	0	0	0	0	542	0	0	0	0	0	
285016	Hippocampus_R	104	5074	0	5116	0	0	0	932	0	0	0	2474	0	600	0	242	0	322	0	1530	0	0	0	0	0	0	0	0	0	5302	0	0	0	604	3506	5078	3076	0	1216	18284	0	7722	0	242	0	0	0	2322	0	0	0	0	0	0	326	32104	0	326	0	0	0	0	0	0	0	0	316	3996	0	1216	0	3350	0	18500	0	876	160	3854	0	348	0	334	0	2008	0	2364	0	258	0	7756	0	0	0	0	0	0	94	330	0	0	0	0	0	0	0	0	0	0	0	0	246	0	0	0	0	0	
85432	ParaHippocampal_L	2732	102	0	302	0	0	0	0	0	0	0	0	0	0	0	0	0	0	122	0	128	0	0	0	0	0	0	0	1332	0	0	0	0	0	2300	1494	12256	1216	0	486	620	0	754	0	0	0	2136	398	0	0	0	0	0	0	5286	348	1134	0	0	0	0	0	0	0	0	0	1236	328	224	0	114	0	1368	0	0	0	966	1276	888	0	0	0	148	0	0	0	0	0	694	0	0	0	0	0	492	0	1330	0	0	0	0	0	0	0	0	0	0	0	182	90	234	0	0	0	0	0	
129520	ParaHippocampal_R	0	1612	0	1560	0	0	0	390	0	0	0	946	0	0	0	0	0	0	0	110	0	0	0	0	0	0	0	0	0	1678	0	0	0	0	1100	1446	942	18284	486	0	0	2946	0	452	0	0	0	3608	0	0	0	0	0	0	108	13516	0	0	0	0	0	0	0	0	0	0	230	2488	0	0	0	870	0	5956	0	284	0	1692	0	0	0	0	0	664	0	134	0	990	0	870	0	0	0	0	0	120	100	1078	0	0	0	0	0	0	0	0	0	0	0	0	100	0	0	0	0	0	
39360	Amygdala_L	0	0	0	0	0	0	0	0	0	0	0	0	0	0	138	0	0	0	0	0	460	0	0	0	0	0	0	0	980	0	0	0	0	0	0	0	7288	0	620	0	0	0	0	0	0	0	0	0	0	0	0	0	0	0	4376	0	0	0	0	0	0	0	0	0	0	0	0	0	0	0	0	0	514	0	0	0	0	0	0	0	0	0	1282	0	88	0	0	0	3934	0	0	0	0	0	0	0	0	0	0	0	0	0	0	0	0	0	0	0	0	0	0	0	0	0	0	0	
44644	Amygdala_R	0	0	0	0	0	0	0	0	0	0	0	0	0	0	0	0	0	0	0	0	0	0	0	0	0	0	0	0	0	732	0	0	0	0	0	0	0	7722	0	2946	0	0	0	0	0	0	0	0	0	0	0	0	0	0	0	6228	0	0	0	0	0	0	0	0	0	0	0	0	0	0	0	126	0	1116	0	0	0	796	0	0	0	0	0	1968	0	0	0	596	0	92	0	0	0	0	0	0	0	0	0	0	0	0	0	0	0	0	0	0	0	0	0	0	0	0	0	0	
214856	Calcarine_L	0	0	0	0	0	0	0	0	0	0	0	0	0	0	0	0	0	0	0	292	0	0	0	0	0	0	0	0	0	0	0	0	1598	242	3484	1052	1014	0	754	0	0	0	0	2394	9398	1172	14152	1254	7680	544	20262	0	7650	0	7054	0	230	94	368	0	268	0	0	0	782	0	13794	1144	660	360	0	0	0	0	0	0	0	0	0	0	0	0	0	0	1166	0	0	0	876	0	0	0	0	0	0	0	7498	0	0	0	0	0	0	0	0	0	0	0	0	0	192	0	0	0	0	0	
277264	Calcarine_R	0	356	0	0	0	0	0	0	0	0	0	0	0	0	0	0	0	0	0	106	0	0	0	0	0	0	0	0	0	0	0	0	0	516	0	798	0	242	0	452	0	0	2394	0	1654	18000	0	19876	0	18494	0	9204	0	8042	0	13302	0	3712	0	148	0	1354	0	608	0	768	144	20586	0	188	0	0	0	0	0	0	0	0	0	0	0	142	0	0	0	8328	0	0	0	8598	0	152	0	0	0	0	0	184	0	128	0	0	0	0	0	0	0	0	0	0	156	0	0	0	0	0	
138064	Cuneus_L	0	0	0	0	0	0	0	0	0	0	0	0	0	0	0	0	0	0	0	334	0	0	0	0	0	0	0	0	0	0	0	0	2576	332	754	478	0	0	0	0	0	0	9398	1654	0	3996	2196	566	19554	1628	13974	0	1012	0	212	0	112	92	920	0	928	0	0	0	222	0	5362	1754	260	354	0	0	0	0	0	0	0	0	0	0	0	0	0	0	106	0	0	0	132	0	0	0	0	0	0	0	126	0	0	0	0	0	0	0	0	0	0	0	0	0	0	0	0	0	0	0	
210748	Cuneus_R	0	456	0	0	0	0	0	0	0	0	0	0	0	0	0	0	0	0	0	186	0	0	0	0	0	0	0	0	0	0	0	0	0	250	0	0	0	0	0	0	0	0	1172	18000	3996	0	0	3346	0	25878	0	7104	0	1204	0	346	0	1880	0	3402	0	106	0	116	0	952	1902	27506	0	1400	0	0	0	0	0	0	0	0	0	0	0	166	0	0	0	3162	0	0	0	2844	0	0	0	0	0	0	0	0	0	0	0	0	0	0	0	0	0	0	0	0	0	0	0	0	0	0	
287780	Lingual_L	0	0	0	0	0	0	0	0	0	0	0	0	0	0	0	0	0	0	0	118	0	0	0	0	0	0	0	0	0	0	0	0	766	96	2218	460	2096	0	2136	0	0	0	14152	0	2196	0	0	1058	3262	0	8982	0	4280	0	13294	110	0	0	0	0	0	0	0	0	420	0	10278	210	418	138	0	0	0	0	0	0	212	0	0	0	148	0	0	0	494	0	0	0	270	0	11820	1548	1792	258	282	0	24318	1076	20598	2498	526	0	880	102	270	0	0	0	0	0	4926	3314	1144	180	266	280	
278780	Lingual_R	0	86	0	88	0	0	0	0	0	0	0	0	0	0	0	0	0	0	0	0	0	0	0	0	0	0	0	0	0	0	0	0	0	314	1082	3552	794	2322	398	3608	0	0	1254	19876	566	3346	1058	0	0	3110	0	1366	0	2366	312	14518	0	858	0	0	0	162	0	100	0	0	378	12596	0	0	0	0	0	0	0	0	0	288	0	0	0	0	0	0	0	816	0	0	0	1180	2976	11106	1702	1426	0	614	1442	6308	2840	14512	0	0	0	0	0	0	0	0	0	0	5818	10144	4108	0	0	0	
183708	Occipital_Sup_L	0	0	0	0	0	0	0	0	0	0	0	0	0	0	0	0	0	0	0	0	0	0	0	0	0	0	0	0	0	0	0	0	1592	0	0	0	0	0	0	0	0	0	7680	0	19554	0	3262	0	0	0	30656	0	1268	0	480	0	2122	0	10962	0	4642	0	0	0	714	0	8040	0	684	0	0	0	0	0	0	0	0	0	0	0	0	0	0	0	198	0	0	0	0	0	0	0	0	0	0	0	0	0	0	0	0	0	0	0	0	0	0	0	0	0	0	0	0	0	0	0	
195988	Occipital_Sup_R	0	282	0	0	0	0	0	0	0	0	0	0	0	0	0	0	0	0	0	0	0	0	0	0	0	0	0	0	0	0	0	0	0	0	0	0	0	0	0	0	0	0	544	18494	1628	25878	0	3110	0	0	0	17540	0	3452	0	1040	0	880	0	2622	0	178	0	148	0	3996	158	12986	0	160	0	0	0	0	0	0	0	0	0	0	0	194	0	0	0	2552	0	0	0	2152	0	0	0	0	0	0	0	0	0	0	0	0	0	0	0	0	0	0	0	0	0	0	0	0	0	0	
404164	Occipital_Mid_L	2628	0	0	0	0	0	0	0	0	0	0	0	0	0	0	0	0	0	0	0	0	0	0	0	0	0	0	0	0	0	0	0	4444	0	366	176	0	0	0	0	0	0	20262	0	13974	0	8982	0	30656	0	0	0	20142	0	9286	0	4932	0	10506	0	12890	0	292	0	21828	0	14020	0	6978	0	0	0	0	0	0	0	0	0	0	0	100	0	0	0	15222	0	0	0	2852	0	0	0	0	0	0	0	1546	0	0	0	0	0	0	0	0	0	0	0	0	0	0	0	0	0	0	0	
143140	Occipital_Mid_R	0	236	0	0	0	0	0	0	0	0	0	0	0	0	0	0	0	0	0	0	0	0	0	0	0	0	0	0	0	0	0	0	0	0	0	0	0	0	0	0	0	0	0	9204	0	7104	0	1366	0	17540	0	0	0	3518	0	978	0	686	0	668	0	1402	0	1208	0	10490	0	4214	0	108	0	0	0	0	0	0	0	0	0	0	0	258	0	0	0	8764	0	0	0	3826	0	0	0	0	0	0	0	0	0	0	0	0	0	0	0	0	0	0	0	0	0	0	0	0	0	0	
137436	Occipital_Inf_L	2146	0	0	0	0	0	0	0	0	0	0	0	0	0	0	0	0	0	0	0	0	0	0	0	0	0	0	0	0	0	0	0	710	0	114	0	0	0	0	0	0	0	7650	0	1012	0	4280	0	1268	0	20142	0	0	0	11632	0	752	0	226	0	448	0	154	0	1588	0	2506	0	2388	0	0	0	0	0	0	0	0	0	0	0	0	0	0	0	6178	0	0	0	4262	0	0	0	0	0	0	0	1262	0	0	0	0	0	0	0	0	0	0	0	0	0	0	0	0	0	0	0	
64184	Occipital_Inf_R	0	0	0	0	0	0	0	0	0	0	0	0	0	0	0	0	0	0	0	0	0	0	0	0	0	0	0	0	0	0	0	0	0	0	0	0	0	0	0	0	0	0	0	8042	0	1204	0	2366	0	3452	0	3518	0	0	0	4618	0	98	0	0	0	0	0	0	0	0	0	854	0	0	0	0	0	0	0	0	0	0	0	0	0	0	0	0	0	2666	0	0	0	4732	0	170	0	0	0	0	0	0	0	280	0	0	0	0	0	0	0	0	0	0	0	92	0	0	0	0	
412164	Fusiform_L	5994	0	1344	418	0	0	258	0	0	0	250	0	0	0	0	0	1032	0	1336	1282	88	0	0	0	0	0	0	0	11922	0	86	108	734	1006	1974	1246	16278	326	5286	108	4376	0	7054	0	212	0	13294	312	480	0	9286	0	11632	0	0	118	2626	0	0	0	0	0	0	0	900	0	4250	316	3240	810	532	120	2252	148	0	0	212	400	2934	0	4142	0	1820	0	4676	0	682	0	21438	0	18986	174	1784	0	154	0	10512	96	21656	286	624	0	756	0	0	0	0	0	0	0	1392	324	0	0	0	0	
372680	Fusiform_R	0	5360	0	1986	0	0	0	664	0	0	0	1388	0	556	0	0	0	112	0	3022	0	0	0	0	0	0	0	0	0	2304	0	0	0	978	908	4136	828	32104	348	13516	0	6228	0	13302	0	346	110	14518	0	1040	0	978	0	4618	118	0	0	1060	0	0	0	0	0	536	0	0	220	8110	226	3522	0	272	0	8142	0	188	0	848	0	484	0	694	0	3232	0	3388	0	1992	0	13480	258	12140	166	146	0	136	106	1614	198	12472	0	0	0	0	0	0	0	0	0	0	1294	1482	466	0	0	0	
305236	Postcentral_L	35312	0	4268	3124	0	0	300	0	0	0	1374	0	266	0	0	0	8734	0	4938	5610	0	0	0	0	0	0	0	0	5444	298	0	116	3202	0	0	0	2878	0	1134	0	0	0	230	0	112	0	0	0	2122	0	4932	0	752	0	2626	0	0	0	5746	0	18628	0	8738	0	1570	0	1882	0	5728	0	7420	338	2046	470	272	0	0	96	1978	0	4508	0	0	0	3380	0	0	0	2046	0	0	0	0	0	0	0	0	0	0	0	0	0	0	0	0	0	0	0	0	0	0	0	0	0	0	0	
235416	Postcentral_R	0	15418	0	876	0	0	0	416	0	0	0	2506	0	0	0	0	0	4188	0	1372	0	0	0	0	0	0	0	0	0	2116	0	0	0	706	890	1264	0	326	0	0	0	0	94	3712	92	1880	0	858	0	880	0	686	0	98	0	1060	0	0	0	11260	0	22604	0	14532	0	1096	202	11234	242	4432	0	0	0	374	0	0	0	0	0	94	0	2382	0	0	0	4760	0	0	0	4972	0	0	0	0	0	0	0	0	0	0	0	0	0	0	0	0	0	0	0	0	86	0	0	0	0	0	
102924	Parietal_Sup_L	0	0	0	0	0	0	0	0	0	0	0	0	0	0	0	0	0	0	0	0	0	0	0	0	0	0	0	0	0	0	0	0	156	0	0	0	0	0	0	0	0	0	368	0	920	0	0	0	10962	0	10506	0	226	0	0	0	5746	0	0	0	9620	0	0	0	3328	0	8064	0	1202	0	0	0	0	0	0	0	0	0	0	0	0	0	0	0	216	0	0	0	148	0	0	0	0	0	0	0	0	0	0	0	0	0	0	0	0	0	0	0	0	0	0	0	0	0	0	0	
107604	Parietal_Sup_R	0	208	0	140	0	0	0	0	0	0	0	0	0	0	0	0	0	0	0	0	0	0	0	0	0	0	0	0	0	0	0	0	0	0	0	0	0	0	0	0	0	0	0	148	0	3402	0	0	0	2622	0	668	0	0	0	0	0	11260	0	0	0	14914	0	6102	0	4940	204	7720	0	730	0	0	0	0	0	0	0	0	0	0	0	448	0	0	0	146	0	0	0	150	0	0	0	0	0	0	0	0	0	0	0	0	0	0	0	0	0	0	0	0	0	0	0	0	0	0	
201932	Parietal_Inf_L	1942	0	118	0	0	0	0	0	0	0	0	0	0	0	0	0	334	0	104	0	0	0	0	0	0	0	0	0	0	0	0	0	200	0	0	0	0	0	0	0	0	0	268	0	928	0	0	0	4642	0	12890	0	448	0	0	0	18628	0	9620	0	0	0	17922	0	17300	0	2456	0	2088	0	916	0	0	0	0	0	0	0	0	0	2208	0	0	0	5138	0	0	0	2816	0	0	0	0	0	0	0	0	0	0	0	0	0	0	0	0	0	0	0	0	0	0	0	0	0	0	0	
146360	Parietal_Inf_R	0	398	0	162	0	0	0	0	0	0	0	0	0	0	0	0	0	218	0	0	0	0	0	0	0	0	0	0	0	0	0	0	0	0	0	0	0	0	0	0	0	0	0	1354	0	106	0	162	0	178	0	1402	0	0	0	0	0	22604	0	14914	0	0	0	17366	0	9186	0	1842	0	102	0	0	0	0	0	0	0	0	0	0	0	832	0	0	0	1170	0	0	0	1184	0	0	0	0	0	0	0	0	0	0	0	0	0	0	0	0	0	0	0	0	0	0	0	0	0	0	
103868	SupraMarginal_L	1442	0	168	0	0	0	0	0	0	0	0	0	0	0	0	0	1858	0	146	0	0	0	0	0	0	0	0	0	0	0	0	0	154	0	0	0	0	0	0	0	0	0	0	0	0	0	0	0	0	0	292	0	154	0	0	0	8738	0	0	0	17922	0	0	0	1662	0	332	0	224	0	760	0	0	0	0	0	0	0	0	0	6766	0	0	0	7226	0	0	0	4090	0	0	0	0	0	0	0	0	0	0	0	0	0	0	0	0	0	0	0	0	0	0	0	0	0	0	0	
121556	SupraMarginal_R	0	640	0	0	0	0	0	0	0	0	0	182	0	0	0	0	0	2318	0	0	0	0	0	0	0	0	0	0	0	186	0	0	0	0	0	0	0	0	0	0	0	0	0	608	0	116	0	100	0	148	0	1208	0	0	0	536	0	14532	0	6102	0	17366	0	0	0	6800	0	978	0	0	0	0	0	0	0	0	0	0	0	0	0	5902	0	0	0	1972	0	0	0	1084	0	0	0	0	0	0	0	0	0	0	0	0	0	0	0	0	0	0	0	0	0	0	0	0	0	0	
130768	Angular_L	164	0	0	0	0	0	0	0	0	0	0	0	0	0	0	0	0	0	0	0	0	0	0	0	0	0	0	0	0	0	0	0	1304	0	0	0	0	0	0	0	0	0	782	0	222	0	420	0	714	0	21828	0	1588	0	900	0	1570	0	3328	0	17300	0	1662	0	0	0	3316	0	1266	0	0	0	0	0	0	0	0	0	0	0	202	0	0	0	7742	0	0	0	760	0	0	0	0	0	0	0	316	0	0	0	0	0	0	0	0	0	0	0	0	0	0	0	0	0	0	0	
89376	Angular_R	0	0	0	0	0	0	0	0	0	0	0	0	0	0	0	0	0	0	0	0	0	0	0	0	0	0	0	0	0	0	0	0	0	0	0	0	0	0	0	0	0	0	0	768	0	952	0	0	0	3996	0	10490	0	0	0	0	0	1096	0	4940	0	9186	0	6800	0	0	0	600	0	0	0	0	0	0	0	0	0	0	0	0	0	3146	0	0	0	2504	0	0	0	210	0	0	0	0	0	0	0	0	0	0	0	0	0	0	0	0	0	0	0	0	0	0	0	0	0	0	
237764	Precuneus_L	156	0	0	0	0	0	0	0	0	0	0	0	0	0	0	0	282	0	0	688	0	0	0	0	0	0	0	0	0	0	0	0	8054	866	5070	2500	1914	316	1236	230	0	0	13794	144	5362	1902	10278	378	8040	158	14020	0	2506	0	4250	220	1882	202	8064	204	2456	0	332	0	3316	0	0	4074	4646	1124	0	0	0	0	0	0	0	0	0	0	252	0	0	0	1278	0	0	0	494	0	0	0	0	0	0	0	7600	158	0	0	0	0	0	0	0	0	0	0	0	0	436	0	0	0	0	0	
352308	Precuneus_R	0	1692	0	0	0	0	0	0	0	0	0	0	0	0	0	0	0	0	394	1348	0	0	0	0	0	0	0	0	0	0	0	0	256	7294	4460	15144	1232	3996	328	2488	0	0	1144	20586	1754	27506	210	12596	0	12986	0	4214	0	854	316	8110	0	11234	0	7720	0	1842	0	978	0	600	4074	0	226	4256	0	0	0	0	0	0	0	348	0	0	0	328	0	0	0	5422	0	0	0	4940	0	188	0	0	0	0	0	772	0	188	0	0	0	0	0	0	0	0	0	0	4130	0	0	0	0	0	
346688	Paracentral_Lobule_L	25226	772	6180	6502	0	0	320	0	0	0	0	0	0	0	0	0	304	0	25326	27286	0	0	0	0	0	0	0	0	178	0	88	0	5374	13622	2066	948	2064	0	224	0	0	0	660	0	260	0	418	0	684	0	6978	0	2388	0	3240	226	5728	242	1202	0	2088	0	224	0	1266	0	4646	226	0	5388	2166	0	534	0	912	0	11872	188	140	0	500	0	0	0	2684	0	0	0	1664	0	0	0	0	0	0	0	340	0	0	0	0	0	0	0	0	0	0	0	0	0	0	0	0	0	0	0	
142268	Paracentral_Lobule_R	1598	1440	0	0	0	0	0	0	0	0	0	0	0	0	0	0	0	0	306	18756	0	0	0	0	0	0	0	0	0	0	0	0	508	13892	4938	4958	0	1216	0	0	0	0	360	188	354	1400	138	0	0	160	0	108	0	0	810	3522	0	4432	0	730	0	102	0	0	0	0	1124	4256	5388	0	0	0	0	0	0	0	0	0	0	0	0	0	0	0	0	102	0	0	0	160	0	94	0	0	0	0	0	0	0	94	0	0	0	0	0	0	0	0	0	0	0	0	0	0	0	0	
333240	Caudate_L	9000	0	9658	10616	0	0	2708	126	0	0	1702	1588	948	0	0	0	662	244	9248	9742	5522	6292	316	1524	620	328	3778	2068	5456	1890	7030	7622	3860	0	0	0	1760	0	114	0	0	0	0	0	0	0	0	0	0	0	0	0	0	0	532	0	7420	0	0	0	916	0	760	0	0	0	0	0	2166	0	0	11652	19108	2784	3040	0	11318	1314	0	0	476	0	394	0	0	0	0	0	318	0	0	0	0	0	0	0	0	0	0	0	0	0	0	0	0	0	0	0	0	0	0	0	0	0	0	0	
339632	Caudate_R	702	2240	940	29828	0	3642	342	1362	0	0	466	1586	284	398	0	154	132	398	1256	15438	1914	3436	98	5552	0	4512	1568	1476	1956	2474	2672	17502	594	0	116	128	308	3350	0	870	0	126	0	0	0	0	0	0	0	0	0	0	0	0	120	272	338	0	0	0	0	0	0	0	0	0	0	0	0	0	11652	0	4122	24106	0	1220	334	19614	0	0	218	0	0	0	0	0	0	0	0	0	0	0	0	0	0	0	0	0	0	0	0	0	0	0	0	0	0	0	0	0	0	0	0	0	0	0	
307316	Putamen_L	13636	0	15082	4478	1394	0	4258	106	104	0	2076	412	2060	0	1348	0	694	0	11136	5076	1590	2068	488	168	1962	0	1010	924	13624	568	10726	2298	5160	0	0	0	7758	0	1368	0	514	0	0	0	0	0	0	0	0	0	0	0	0	0	2252	0	2046	0	0	0	0	0	0	0	0	0	0	0	534	0	19108	4122	0	908	6280	0	2500	556	0	0	1250	0	1006	0	0	0	0	0	1010	0	0	0	0	0	0	0	0	0	0	0	0	0	0	0	0	0	0	0	0	0	0	0	0	0	0	0	
336252	Putamen_R	1074	3890	928	17790	0	3714	414	4978	0	708	182	6830	0	5948	0	3224	88	1428	654	6048	0	270	0	4710	0	3436	0	168	1136	19332	1218	9654	172	0	114	126	344	18500	0	5956	0	1116	0	0	0	0	0	0	0	0	0	0	0	0	148	8142	470	374	0	0	0	0	0	0	0	0	0	0	0	0	2784	24106	908	0	0	1610	146	2054	0	212	0	446	0	212	0	478	0	0	0	1886	0	0	0	0	0	0	0	0	0	0	0	0	0	0	0	0	0	0	0	0	0	0	0	0	0	0	
58908	Pallidum_L	6666	0	4924	0	0	0	1212	0	0	0	156	0	0	0	0	0	0	0	2956	0	0	0	0	0	0	0	0	0	114	0	212	0	0	0	0	0	150	0	0	0	0	0	0	0	0	0	0	0	0	0	0	0	0	0	0	0	272	0	0	0	0	0	0	0	0	0	0	0	912	0	3040	0	6280	0	0	0	2560	0	0	0	0	0	0	0	0	0	0	0	0	0	0	0	0	0	0	0	0	0	0	0	0	0	0	0	0	0	0	0	0	0	0	0	0	0	0	0	
10932	Pallidum_R	0	144	0	296	0	0	0	0	0	0	0	136	0	0	0	0	0	0	0	324	0	0	0	0	0	0	0	0	0	174	0	0	0	0	0	0	0	876	0	284	0	0	0	0	0	0	0	0	0	0	0	0	0	0	0	188	0	0	0	0	0	0	0	0	0	0	0	0	0	0	0	1220	0	1610	0	0	0	214	0	0	0	0	0	0	0	0	0	0	0	0	0	0	0	0	0	0	0	0	0	0	0	0	0	0	0	0	0	0	0	0	0	0	0	0	0	0	
126536	Thalamus_L	10908	192	2594	236	0	0	242	0	0	0	196	0	194	0	0	0	0	0	10216	118	0	0	0	0	0	0	0	0	90	0	242	0	0	0	0	0	4568	160	966	0	0	0	0	0	0	0	212	0	0	0	0	0	0	0	212	0	0	0	0	0	0	0	0	0	0	0	0	0	11872	0	11318	334	2500	146	2560	0	0	3192	0	0	0	0	0	0	0	0	0	0	0	0	0	0	0	0	0	0	0	0	0	0	0	0	0	0	0	0	0	0	0	0	0	0	0	0	0	0	
158656	Thalamus_R	406	5002	446	25434	0	0	170	0	0	0	0	156	0	0	0	0	0	136	632	5490	0	0	0	0	0	0	0	0	0	218	104	254	0	0	1050	860	2130	3854	1276	1692	0	796	0	0	0	0	0	288	0	0	0	0	0	0	400	848	96	0	0	0	0	0	0	0	0	0	0	348	188	0	1314	19614	556	2054	0	214	3192	0	0	0	0	0	0	110	0	0	0	0	0	0	0	0	0	0	0	0	0	0	0	0	0	0	0	0	0	0	0	0	0	0	0	0	0	0	0	0	
57112	Heschl_L	3312	0	380	0	0	0	0	0	0	0	518	0	0	0	0	0	2246	0	442	0	0	0	0	0	0	0	0	0	5042	0	0	0	268	0	0	0	3204	0	888	0	0	0	0	0	0	0	0	0	0	0	0	0	0	0	2934	0	1978	0	0	0	0	0	0	0	0	0	0	0	140	0	0	0	0	0	0	0	0	0	0	0	2562	0	0	0	1026	0	0	0	3616	0	0	0	0	0	0	0	0	0	0	0	0	0	0	0	0	0	0	0	0	0	0	0	0	0	0	0	
25472	Heschl_R	0	306	0	1616	0	0	0	1180	0	0	0	190	0	0	0	0	0	2890	0	258	0	0	0	0	0	0	0	0	0	524	0	0	0	0	0	0	0	348	0	0	0	0	0	0	0	0	0	0	0	0	0	0	0	0	0	484	0	94	0	0	0	0	0	0	0	0	0	0	0	0	0	0	0	212	0	0	0	0	0	0	0	3728	0	0	0	568	0	0	0	338	0	0	0	0	0	0	0	0	0	0	0	0	0	0	0	0	0	0	0	0	0	0	0	0	0	0	
177312	Temporal_Sup_L	2752	0	1900	346	0	0	212	0	0	0	1400	94	112	0	0	0	6152	0	1872	282	0	0	0	134	0	0	0	0	10150	96	138	160	588	0	0	0	2670	0	0	0	0	0	0	0	0	0	148	0	0	0	100	0	0	0	4142	0	4508	0	0	0	2208	0	6766	0	202	0	252	0	500	0	476	218	1250	0	0	0	0	0	2562	0	0	0	4050	0	19618	0	122	0	12476	0	0	0	0	0	0	0	0	0	0	0	0	0	0	0	0	0	0	0	0	0	0	0	0	0	0	0	
84052	Temporal_Sup_R	0	924	0	1622	0	0	0	1234	0	0	0	1018	0	104	0	0	0	3706	0	228	0	0	0	0	0	0	0	0	0	820	0	0	0	0	0	0	0	334	0	0	0	0	0	142	0	166	0	0	0	194	0	258	0	0	0	694	0	2382	0	448	0	832	0	5902	0	3146	0	328	0	0	0	0	0	446	0	0	0	0	0	3728	0	0	0	900	0	9960	0	110	0	2400	0	0	0	0	0	0	0	0	0	0	0	0	0	0	0	0	0	0	0	0	0	0	0	0	0	0	
97364	Temporal_Pole_Sup_L	1470	0	896	188	508	0	1160	0	228	0	3750	0	1308	0	1210	0	1260	0	714	126	144	0	0	0	0	0	0	0	7620	0	374	130	134	0	0	0	2190	0	148	0	1282	0	0	0	0	0	0	0	0	0	0	0	0	0	1820	0	0	0	0	0	0	0	0	0	0	0	0	0	0	0	394	0	1006	0	0	0	0	0	0	0	4050	0	0	0	8126	0	3576	0	4870	0	0	0	0	0	0	0	0	0	0	0	0	0	0	0	0	0	0	0	0	0	0	0	0	0	0	0	
37156	Temporal_Pole_Sup_R	0	0	0	866	0	0	0	368	0	0	0	0	0	0	0	0	0	1142	0	432	0	0	0	0	0	0	0	0	0	1174	0	0	0	0	0	0	0	2008	0	664	0	1968	0	0	0	0	0	0	0	0	0	0	0	0	0	3232	0	0	0	0	0	0	0	0	0	0	0	0	0	0	0	0	0	212	0	0	0	110	0	0	0	900	0	0	0	1260	0	2526	0	1716	0	0	0	0	0	0	0	0	0	0	0	0	0	0	0	0	0	0	0	0	0	0	0	0	0	0	
248212	Temporal_Mid_L	3060	0	0	0	0	0	0	0	0	0	120	0	0	0	0	0	888	0	0	0	0	0	0	0	0	0	0	0	1908	0	0	0	420	0	0	0	914	0	0	0	88	0	1166	0	106	0	494	0	198	0	15222	0	6178	0	4676	0	3380	0	216	0	5138	0	7226	0	7742	0	1278	0	2684	0	0	0	0	0	0	0	0	0	1026	0	19618	0	8126	0	0	0	3552	0	28288	0	0	0	0	0	0	0	394	0	0	0	0	0	0	0	0	0	0	0	0	0	0	0	0	0	0	0	
198028	Temporal_Mid_R	0	742	0	92	0	0	0	0	0	0	0	410	0	0	0	0	0	0	0	0	0	0	0	0	0	0	0	0	0	156	0	0	0	0	0	206	0	2364	0	134	0	0	0	8328	0	3162	0	816	0	2552	0	8764	0	2666	0	3388	0	4760	0	146	0	1170	0	1972	0	2504	0	5422	0	102	0	0	0	478	0	0	0	0	0	568	0	9960	0	1260	0	0	0	794	0	36098	0	0	0	0	0	0	0	0	0	0	0	0	0	0	0	0	0	0	0	0	0	0	0	0	0	0	
22600	Temporal_Pole_Mid_L	0	0	0	0	0	0	0	0	0	0	0	0	0	0	0	0	0	0	0	0	0	0	0	0	0	0	0	0	0	0	0	0	0	0	0	0	96	0	0	0	0	0	0	0	0	0	0	0	0	0	0	0	0	0	682	0	0	0	0	0	0	0	0	0	0	0	0	0	0	0	0	0	0	0	0	0	0	0	0	0	122	0	3576	0	3552	0	0	0	3272	0	0	0	0	0	0	0	0	0	0	0	0	0	0	0	0	0	0	0	0	0	0	0	0	0	0	0	
16624	Temporal_Pole_Mid_R	0	0	0	0	0	0	0	0	0	0	0	0	0	0	0	0	0	0	0	0	0	0	0	0	0	0	0	0	0	0	0	0	0	0	0	0	0	258	0	990	0	596	0	0	0	0	0	0	0	0	0	0	0	0	0	1992	0	0	0	0	0	0	0	0	0	0	0	0	0	0	0	0	0	0	0	0	0	0	0	0	0	110	0	2526	0	794	0	0	0	1046	0	0	0	0	0	0	0	0	0	0	0	0	0	0	0	0	0	0	0	0	0	0	0	0	0	0	
264720	Temporal_Inf_L	3856	0	708	154	0	0	206	0	0	0	228	0	0	0	0	0	1052	0	560	202	0	0	0	0	0	0	0	0	11868	0	0	0	262	0	0	0	11068	0	694	0	3934	0	876	0	132	0	270	0	0	0	2852	0	4262	0	21438	0	2046	0	148	0	2816	0	4090	0	760	0	494	0	1664	0	318	0	1010	0	0	0	0	0	3616	0	12476	0	4870	0	28288	0	3272	0	0	0	1120	0	478	0	0	0	170	0	0	0	102	0	0	0	0	0	0	0	0	0	0	0	0	0	0	0	
212352	Temporal_Inf_R	0	1470	0	286	0	0	0	118	0	0	0	560	0	114	0	0	0	0	0	150	0	0	0	0	0	0	0	0	0	466	0	0	0	0	0	352	0	7756	0	870	0	92	0	8598	0	2844	0	1180	0	2152	0	3826	0	4732	0	13480	0	4972	0	150	0	1184	0	1084	0	210	0	4940	0	160	0	0	0	1886	0	0	0	0	0	338	0	2400	0	1716	0	36098	0	1046	0	0	0	834	0	0	0	0	0	0	0	0	0	0	0	0	0	0	0	0	0	0	112	0	0	0	0	0	
386484	Cerebelum_Crus1_L	0	0	0	0	0	0	0	0	0	0	0	0	0	0	0	0	0	0	0	0	0	0	0	0	0	0	0	0	0	0	0	0	0	0	0	0	0	0	0	0	0	0	0	0	0	0	11820	2976	0	0	0	0	0	0	18986	258	0	0	0	0	0	0	0	0	0	0	0	0	0	0	0	0	0	0	0	0	0	0	0	0	0	0	0	0	0	0	0	0	1120	0	0	2044	35966	946	1250	0	19694	112	55222	2668	9842	116	10444	488	1432	140	266	0	0	184	2638	6754	4734	1094	1088	960	
397132	Cerebelum_Crus1_R	0	188	0	0	0	0	0	0	0	0	0	0	0	0	0	0	0	0	0	0	0	0	0	0	0	0	0	0	0	0	0	0	0	0	0	0	0	0	0	0	0	0	0	152	0	0	1548	11106	0	0	0	0	0	170	174	12140	0	0	0	0	0	0	0	0	0	0	0	188	0	94	0	0	0	0	0	0	0	0	0	0	0	0	0	0	0	0	0	0	0	834	2044	0	1992	34506	0	1802	3384	11638	2764	54728	0	3712	0	18776	0	458	0	2646	0	174	10232	11110	9204	1480	802	520	
333116	Cerebelum_Crus2_L	0	0	0	0	0	0	0	0	0	0	0	0	0	0	0	0	0	0	0	0	0	0	0	0	0	0	0	0	0	0	0	0	0	0	0	0	0	0	0	0	0	0	0	0	0	0	1792	1702	0	0	0	0	0	0	1784	166	0	0	0	0	0	0	0	0	0	0	0	0	0	0	0	0	0	0	0	0	0	0	0	0	0	0	0	0	0	0	0	0	478	0	35966	1992	0	10058	456	426	3692	432	7946	2206	31034	3004	20162	6976	966	2194	156	0	508	676	1572	4096	13872	6856	3548	1842	
301408	Cerebelum_Crus2_R	0	0	0	0	0	0	0	0	0	0	0	0	0	0	0	0	0	0	0	0	0	0	0	0	0	0	0	0	0	0	0	0	0	0	0	0	0	0	0	0	0	0	0	0	0	0	258	1426	0	0	0	0	0	0	0	146	0	0	0	0	0	0	0	0	0	0	0	0	0	0	0	0	0	0	0	0	0	0	0	0	0	0	0	0	0	0	0	0	0	0	946	34506	10058	0	0	1138	1648	4550	510	13192	4334	16176	1674	26658	0	1646	0	1252	480	670	5468	2662	12396	4958	2906	1046	
44744	Cerebelum_3_L	0	0	0	0	0	0	0	0	0	0	0	0	0	0	0	0	0	0	0	0	0	0	0	0	0	0	0	0	0	0	0	0	0	0	0	0	0	0	492	0	0	0	0	0	0	0	282	0	0	0	0	0	0	0	154	0	0	0	0	0	0	0	0	0	0	0	0	0	0	0	0	0	0	0	0	0	0	0	0	0	0	0	0	0	0	0	0	0	0	0	1250	0	456	0	0	0	8330	0	1916	0	478	0	2158	0	2996	0	136	0	490	1404	812	148	406	464	0	0	
41400	Cerebelum_3_R	0	0	0	0	0	0	0	0	0	0	0	0	0	0	0	0	0	0	0	0	0	0	0	0	0	0	0	0	0	0	0	0	0	0	0	0	0	0	0	120	0	0	0	0	0	0	0	614	0	0	0	0	0	0	0	136	0	0	0	0	0	0	0	0	0	0	0	0	0	0	0	0	0	0	0	0	0	0	0	0	0	0	0	0	0	0	0	0	0	0	0	1802	426	1138	0	0	120	4460	0	2952	426	122	176	2190	0	974	0	112	444	1962	430	0	452	808	836	0	
364468	Cerebelum_4_5_L	0	0	0	0	0	0	0	0	0	0	0	0	0	0	0	0	0	0	0	0	0	0	0	0	0	0	0	0	0	0	0	0	702	0	1310	178	390	94	1330	100	0	0	7498	0	126	0	24318	1442	0	0	1546	0	1262	0	10512	106	0	0	0	0	0	0	0	0	316	0	7600	0	340	0	0	0	0	0	0	0	0	0	0	0	0	0	0	0	394	0	0	0	170	0	19694	3384	3692	1648	8330	120	0	2702	33072	5222	3222	0	7860	994	6086	218	260	0	474	1412	14772	3404	2034	2048	1030	822	
165560	Cerebelum_4_5_R	0	0	0	0	0	0	0	0	0	0	0	0	0	0	0	0	0	0	0	0	0	0	0	0	0	0	0	0	0	0	0	0	0	0	266	386	178	330	0	1078	0	0	0	184	0	0	1076	6308	0	0	0	0	0	0	96	1614	0	0	0	0	0	0	0	0	0	0	158	772	0	0	0	0	0	0	0	0	0	0	0	0	0	0	0	0	0	0	0	0	0	0	112	11638	432	4550	0	4460	2702	0	648	25296	466	284	166	3546	0	570	0	330	100	744	12216	0	500	766	808	0	
367808	Cerebelum_6_L	0	0	0	0	0	0	0	0	0	0	0	0	0	0	0	0	0	0	0	0	0	0	0	0	0	0	0	0	0	0	0	0	0	0	0	0	0	0	0	0	0	0	0	0	0	0	20598	2840	0	0	0	0	0	0	21656	198	0	0	0	0	0	0	0	0	0	0	0	0	0	0	0	0	0	0	0	0	0	0	0	0	0	0	0	0	0	0	0	0	0	0	55222	2764	7946	510	1916	0	33072	648	0	4258	3490	0	4168	140	1648	94	0	0	0	226	8274	9306	2314	792	896	928	
381064	Cerebelum_6_R	0	188	0	0	0	0	0	0	0	0	0	0	0	0	0	0	0	0	0	0	0	0	0	0	0	0	0	0	0	0	0	0	0	0	0	0	0	0	0	0	0	0	0	128	0	0	2498	14512	0	0	0	0	0	280	286	12472	0	0	0	0	0	0	0	0	0	0	0	188	0	94	0	0	0	0	0	0	0	0	0	0	0	0	0	0	0	0	0	0	0	0	2668	54728	2206	13192	0	2952	5222	25296	4258	0	104	356	136	6478	0	594	0	1312	0	310	15594	13276	8076	1640	926	562	
231392	Cerebelum_7b_L	0	0	0	0	0	0	0	0	0	0	0	0	0	0	0	0	0	0	0	0	0	0	0	0	0	0	0	0	0	0	0	0	0	0	0	0	0	0	0	0	0	0	0	0	0	0	526	0	0	0	0	0	0	0	624	0	0	0	0	0	0	0	0	0	0	0	0	0	0	0	0	0	0	0	0	0	0	0	0	0	0	0	0	0	0	0	0	0	102	0	9842	0	31034	4334	478	426	3222	466	3490	104	0	1344	28992	5708	3040	2214	286	0	472	608	1124	110	5900	7140	2986	1124	
100372	Cerebelum_7b_R	0	0	0	0	0	0	0	0	0	0	0	0	0	0	0	0	0	0	0	0	0	0	0	0	0	0	0	0	0	0	0	0	0	0	0	0	0	0	0	0	0	0	0	0	0	0	0	0	0	0	0	0	0	0	0	0	0	0	0	0	0	0	0	0	0	0	0	0	0	0	0	0	0	0	0	0	0	0	0	0	0	0	0	0	0	0	0	0	0	0	116	3712	3004	16176	0	122	0	284	0	356	1344	0	468	16960	0	3310	0	266	86	104	0	0	2262	1200	270	146	
259028	Cerebelum_8_L	0	0	0	0	0	0	0	0	0	0	0	0	0	0	0	0	0	0	0	0	0	0	0	0	0	0	0	0	0	0	0	0	0	0	0	0	0	0	0	0	0	0	0	0	0	0	880	0	0	0	0	0	0	0	756	0	0	0	0	0	0	0	0	0	0	0	0	0	0	0	0	0	0	0	0	0	0	0	0	0	0	0	0	0	0	0	0	0	0	0	10444	0	20162	1674	2158	176	7860	166	4168	136	28992	468	0	4382	19346	2444	2424	0	344	734	1834	430	4522	9084	4308	1622	
289276	Cerebelum_8_R	0	0	0	0	0	0	0	0	0	0	0	0	0	0	0	0	0	0	0	0	0	0	0	0	0	0	0	0	0	0	0	0	0	0	0	0	0	0	0	0	0	0	0	0	0	0	102	0	0	0	0	0	0	0	0	0	0	0	0	0	0	0	0	0	0	0	0	0	0	0	0	0	0	0	0	0	0	0	0	0	0	0	0	0	0	0	0	0	0	0	488	18776	6976	26658	0	2190	994	3546	140	6478	5708	16960	4382	0	104	16492	0	3900	1216	1238	2702	392	7472	10004	5886	1834	
94492	Cerebelum_9_L	0	0	0	0	0	0	0	0	0	0	0	0	0	0	0	0	0	0	0	0	0	0	0	0	0	0	0	0	0	0	0	0	0	0	0	0	0	0	0	0	0	0	0	0	0	0	270	0	0	0	0	0	0	0	0	0	0	0	0	0	0	0	0	0	0	0	0	0	0	0	0	0	0	0	0	0	0	0	0	0	0	0	0	0	0	0	0	0	0	0	1432	0	966	0	2996	0	6086	0	1648	0	3040	0	19346	104	0	0	4440	0	0	506	1420	1072	1198	1446	778	498	
105104	Cerebelum_9_R	0	0	0	0	0	0	0	0	0	0	0	0	0	0	0	0	0	0	0	0	0	0	0	0	0	0	0	0	0	0	0	0	0	0	0	0	0	0	0	0	0	0	0	0	0	0	0	0	0	0	0	0	0	0	0	0	0	0	0	0	0	0	0	0	0	0	0	0	0	0	0	0	0	0	0	0	0	0	0	0	0	0	0	0	0	0	0	0	0	0	140	458	2194	1646	0	974	218	570	94	594	2214	3310	2444	16492	0	0	0	1566	1352	1528	966	88	2424	5460	5976	1844	
15936	Cerebelum_10_L	0	0	0	0	0	0	0	0	0	0	0	0	0	0	0	0	0	0	0	0	0	0	0	0	0	0	0	0	0	0	0	0	0	0	0	0	0	0	0	0	0	0	0	0	0	0	0	0	0	0	0	0	0	0	0	0	0	0	0	0	0	0	0	0	0	0	0	0	0	0	0	0	0	0	0	0	0	0	0	0	0	0	0	0	0	0	0	0	0	0	266	0	156	0	136	0	260	0	0	0	286	0	2424	0	4440	0	0	0	0	0	0	0	0	0	0	0	
22768	Cerebelum_10_R	0	0	0	0	0	0	0	0	0	0	0	0	0	0	0	0	0	0	0	0	0	0	0	0	0	0	0	0	0	0	0	0	0	0	0	0	0	0	0	0	0	0	0	0	0	0	0	0	0	0	0	0	0	0	0	0	0	0	0	0	0	0	0	0	0	0	0	0	0	0	0	0	0	0	0	0	0	0	0	0	0	0	0	0	0	0	0	0	0	0	0	2646	0	1252	0	112	0	330	0	1312	0	266	0	3900	0	1566	0	0	0	0	0	0	0	0	0	0	
25704	Vermis_1_2	0	0	0	0	0	0	0	0	0	0	0	0	0	0	0	0	0	0	0	0	0	0	0	0	0	0	0	0	0	0	0	0	0	0	0	0	0	0	182	0	0	0	0	0	0	0	0	0	0	0	0	0	0	0	0	0	0	0	0	0	0	0	0	0	0	0	0	0	0	0	0	0	0	0	0	0	0	0	0	0	0	0	0	0	0	0	0	0	0	0	0	0	508	480	490	444	474	100	0	0	472	86	344	1216	0	1352	0	0	0	3620	168	0	596	954	986	380	
39472	Vermis_3	0	0	0	0	0	0	0	0	0	0	0	0	0	0	0	0	0	0	0	0	0	0	0	0	0	0	0	0	0	0	0	0	0	0	0	0	0	0	90	0	0	0	0	0	0	0	0	0	0	0	0	0	0	0	0	0	0	0	0	0	0	0	0	0	0	0	0	0	0	0	0	0	0	0	0	0	0	0	0	0	0	0	0	0	0	0	0	0	0	0	184	174	676	670	1404	1962	1412	744	226	310	608	104	734	1238	506	1528	0	0	3620	0	1022	0	642	864	882	136	
240148	Vermis_4_5	0	0	0	0	0	0	0	0	0	0	0	0	0	0	0	0	0	0	0	0	0	0	0	0	0	0	0	0	0	0	0	0	0	104	1558	3814	542	246	234	100	0	0	192	156	0	0	4926	5818	0	0	0	0	0	0	1392	1294	0	86	0	0	0	0	0	0	0	0	436	4130	0	0	0	0	0	0	0	0	0	0	0	0	0	0	0	0	0	0	0	0	0	112	2638	10232	1572	5468	812	430	14772	12216	8274	15594	1124	0	1834	2702	1420	966	0	0	168	1022	0	4858	2640	2766	2170	1256	
177644	Vermis_6	0	0	0	0	0	0	0	0	0	0	0	0	0	0	0	0	0	0	0	0	0	0	0	0	0	0	0	0	0	0	0	0	0	0	0	0	0	0	0	0	0	0	0	0	0	0	3314	10144	0	0	0	0	0	92	324	1482	0	0	0	0	0	0	0	0	0	0	0	0	0	0	0	0	0	0	0	0	0	0	0	0	0	0	0	0	0	0	0	0	0	0	6754	11110	4096	2662	148	0	3404	0	9306	13276	110	0	430	392	1072	88	0	0	0	0	4858	0	9564	1590	2050	2556	
232392	Vermis_7	0	0	0	0	0	0	0	0	0	0	0	0	0	0	0	0	0	0	0	0	0	0	0	0	0	0	0	0	0	0	0	0	0	0	0	0	0	0	0	0	0	0	0	0	0	0	1144	4108	0	0	0	0	0	0	0	466	0	0	0	0	0	0	0	0	0	0	0	0	0	0	0	0	0	0	0	0	0	0	0	0	0	0	0	0	0	0	0	0	0	0	4734	9204	13872	12396	406	452	2034	500	2314	8076	5900	2262	4522	7472	1198	2424	0	0	596	642	2640	9564	0	9548	5846	3876	
173128	Vermis_8	0	0	0	0	0	0	0	0	0	0	0	0	0	0	0	0	0	0	0	0	0	0	0	0	0	0	0	0	0	0	0	0	0	0	0	0	0	0	0	0	0	0	0	0	0	0	180	0	0	0	0	0	0	0	0	0	0	0	0	0	0	0	0	0	0	0	0	0	0	0	0	0	0	0	0	0	0	0	0	0	0	0	0	0	0	0	0	0	0	0	1094	1480	6856	4958	464	808	2048	766	792	1640	7140	1200	9084	10004	1446	5460	0	0	954	864	2766	1590	9548	0	10402	5020	
122448	Vermis_9	0	0	0	0	0	0	0	0	0	0	0	0	0	0	0	0	0	0	0	0	0	0	0	0	0	0	0	0	0	0	0	0	0	0	0	0	0	0	0	0	0	0	0	0	0	0	266	0	0	0	0	0	0	0	0	0	0	0	0	0	0	0	0	0	0	0	0	0	0	0	0	0	0	0	0	0	0	0	0	0	0	0	0	0	0	0	0	0	0	0	1088	802	3548	2906	0	836	1030	808	896	926	2986	270	4308	5886	778	5976	0	0	986	882	2170	2050	5846	10402	0	5578	
