data	data	383796	163852	980164	763080	212008	109008	564860	332360	139356	29544	272720	177888	247692	162168	169580	87980	329792	120844	761476	803424	76644	88740	452044	490260	46036	146300	41248	99936	768032	293032	397772	621916	198932	607100	72640	160812	198172	176796	45536	95936	34556	49004	126836	239580	111288	266148	126248	185340	118724	288068	451460	197476	114488	73080	230652	215236	286280	146156	162980	96940	271984	105236	127572	89096	164964	114124	213024	328800	197892	124320	299772	410112	378012	355844	41572	15344	82052	98928	86348	14772	270812	68068	213244	62076	284356	127320	37864	16924	197896	119592	210740	209756	79168	75772	8212	11084	121556	111692	208876	195596	40956	16408	55980	54836	26792	21456	10676	5208	5704	8116	119276	56276	31172	14312	13740	9960	
data	data	Precentral_L	Precentral_R	Frontal_Sup_L	Frontal_Sup_R	Frontal_Sup_Orb_L	Frontal_Sup_Orb_R	Frontal_Mid_L	Frontal_Mid_R	Frontal_Mid_Orb_L	Frontal_Mid_Orb_R	Frontal_Inf_Oper_L	Frontal_Inf_Oper_R	Frontal_Inf_Tri_L	Frontal_Inf_Tri_R	Frontal_Inf_Orb_L	Frontal_Inf_Orb_R	Rolandic_Oper_L	Rolandic_Oper_R	Supp_Motor_Area_L	Supp_Motor_Area_R	Olfactory_L	Olfactory_R	Frontal_Sup_Medial_L	Frontal_Sup_Medial_R	Frontal_Med_Orb_L	Frontal_Med_Orb_R	Rectus_L	Rectus_R	Insula_L	Insula_R	Cingulum_Ant_L	Cingulum_Ant_R	Cingulum_Mid_L	Cingulum_Mid_R	Cingulum_Post_L	Cingulum_Post_R	Hippocampus_L	Hippocampus_R	ParaHippocampal_L	ParaHippocampal_R	Amygdala_L	Amygdala_R	Calcarine_L	Calcarine_R	Cuneus_L	Cuneus_R	Lingual_L	Lingual_R	Occipital_Sup_L	Occipital_Sup_R	Occipital_Mid_L	Occipital_Mid_R	Occipital_Inf_L	Occipital_Inf_R	Fusiform_L	Fusiform_R	Postcentral_L	Postcentral_R	Parietal_Sup_L	Parietal_Sup_R	Parietal_Inf_L	Parietal_Inf_R	SupraMarginal_L	SupraMarginal_R	Angular_L	Angular_R	Precuneus_L	Precuneus_R	Paracentral_Lobule_L	Paracentral_Lobule_R	Caudate_L	Caudate_R	Putamen_L	Putamen_R	Pallidum_L	Pallidum_R	Thalamus_L	Thalamus_R	Heschl_L	Heschl_R	Temporal_Sup_L	Temporal_Sup_R	Temporal_Pole_Sup_L	Temporal_Pole_Sup_R	Temporal_Mid_L	Temporal_Mid_R	Temporal_Pole_Mid_L	Temporal_Pole_Mid_R	Temporal_Inf_L	Temporal_Inf_R	Cerebelum_Crus1_L	Cerebelum_Crus1_R	Cerebelum_Crus2_L	Cerebelum_Crus2_R	Cerebelum_3_L	Cerebelum_3_R	Cerebelum_4_5_L	Cerebelum_4_5_R	Cerebelum_6_L	Cerebelum_6_R	Cerebelum_7b_L	Cerebelum_7b_R	Cerebelum_8_L	Cerebelum_8_R	Cerebelum_9_L	Cerebelum_9_R	Cerebelum_10_L	Cerebelum_10_R	Vermis_1_2	Vermis_3	Vermis_4_5	Vermis_6	Vermis_7	Vermis_8	Vermis_9	Vermis_10	
383796	Precentral_L	0	1954	7730	1574	244	0	25718	1870	218	0	11068	194	3820	146	0	0	12494	0	5260	7032	0	0	208	212	0	0	0	0	16280	102	334	780	302	3872	720	120	4950	110	0	0	0	0	0	0	0	0	0	0	0	0	3410	0	312	0	144	0	26896	340	2720	0	5324	0	3170	0	1266	0	574	0	15500	4108	5134	984	1640	124	122	0	2366	94	3658	0	1978	0	774	0	2910	0	0	0	1038	0	0	0	0	0	0	0	0	0	0	0	0	0	0	0	0	0	0	0	0	0	0	0	0	0	0	0	
163852	Precentral_R	1954	0	1686	5160	0	0	740	11394	0	0	0	3850	0	0	0	0	0	2420	4150	8488	0	0	0	0	0	0	0	0	216	2980	0	172	628	276	94	0	816	1424	0	0	0	0	0	0	0	0	0	0	0	126	0	0	0	82	0	0	0	13938	0	258	0	550	0	3886	0	202	0	192	2480	5210	550	2192	928	1922	0	300	202	1132	430	112	0	398	0	0	0	120	0	0	0	268	0	0	0	0	0	0	0	0	0	0	0	0	0	0	0	0	0	0	0	0	0	0	0	0	0	0	
980164	Frontal_Sup_L	7730	1686	0	4788	16938	0	78862	3052	10152	0	12822	240	12496	122	6136	0	16086	0	77932	9786	0	0	54348	6134	1028	298	438	82	40480	242	27436	6398	6684	7246	0	0	3942	362	248	0	0	0	0	0	0	0	0	0	0	0	574	0	0	0	924	0	6078	0	478	0	432	0	380	0	0	0	0	0	272	0	11066	776	30364	388	3562	0	1118	0	1174	0	8982	0	7228	0	516	0	0	0	1576	0	0	0	0	0	0	0	0	0	0	0	0	0	0	0	0	0	0	0	0	0	0	0	0	0	0	0	
763080	Frontal_Sup_R	1574	5160	4788	0	974	2344	2316	41768	428	134	622	13086	350	8518	0	1210	412	8176	10512	64380	84	184	8398	45126	0	5716	0	984	2146	11362	4936	36210	3542	32196	112	2798	216	4042	86	382	0	0	0	0	0	0	0	0	0	0	0	0	0	0	0	194	0	798	0	0	0	104	0	196	0	0	0	2660	160	126	7518	16714	1894	19312	0	538	0	4562	0	400	424	276	392	0	0	0	0	0	0	0	0	0	0	0	0	0	0	0	0	0	0	0	0	0	0	0	0	0	0	0	0	0	0	0	0	0	
212008	Frontal_Sup_Orb_L	244	0	16938	974	0	0	3976	1238	21124	0	142	0	2300	0	12696	0	0	0	1664	842	864	0	4786	0	4454	0	3920	0	7964	0	6304	0	698	86	0	0	0	0	0	0	698	0	0	0	0	0	0	0	0	0	0	0	0	0	0	0	0	0	0	0	0	0	0	0	0	0	0	0	0	0	4894	176	8200	0	0	0	0	0	0	0	0	0	822	0	0	0	0	0	0	0	0	0	0	0	0	0	0	0	0	0	0	0	0	0	0	0	0	0	0	0	0	0	0	0	0	0	
109008	Frontal_Sup_Orb_R	0	0	0	2344	0	0	0	1854	0	3688	0	0	0	146	0	4614	0	0	0	156	1516	2516	194	2954	482	8498	362	9366	0	1262	490	4698	0	92	0	0	0	0	0	138	0	84	0	0	0	0	0	0	0	0	0	0	0	0	0	0	0	0	0	0	0	0	0	0	0	0	0	0	0	0	1470	3722	146	3596	0	0	0	0	0	0	0	0	0	116	0	0	0	0	0	0	0	0	0	0	0	0	0	0	0	0	0	0	0	0	0	0	0	0	0	0	0	0	0	0	0	0	
564860	Frontal_Mid_L	25718	740	78862	2316	3976	0	0	3122	5142	0	11814	256	30004	204	4990	0	7466	0	12500	1540	0	0	18802	812	0	0	0	0	26476	170	6382	2664	3236	2016	0	0	606	88	0	0	0	0	0	0	0	0	0	0	0	0	1504	0	84	0	110	0	2592	0	1402	0	890	0	310	0	112	0	428	0	502	0	6190	1408	2892	176	0	0	210	0	1328	0	6134	0	4512	0	958	0	0	0	786	0	0	0	0	0	0	0	0	0	0	0	0	0	0	0	0	0	0	0	0	0	0	0	0	0	0	0	
332360	Frontal_Mid_R	1870	11394	3052	41768	1238	1854	3122	0	176	2450	270	11290	276	16430	0	4340	90	6292	2194	5270	0	0	2006	3436	0	0	0	0	1290	9832	880	4192	574	2744	0	410	0	788	0	0	0	0	0	0	0	0	0	0	0	0	124	0	0	0	0	188	104	790	0	188	138	340	104	430	0	0	0	388	0	0	8904	7146	1168	5300	0	330	0	0	86	404	100	308	0	0	112	0	0	0	0	0	0	0	0	0	0	0	0	0	0	0	0	0	0	0	0	0	0	0	0	0	0	0	0	0	0	0	
139356	Frontal_Mid_Orb_L	218	0	10152	428	21124	0	5142	176	0	0	134	0	2454	0	15520	0	0	0	794	458	0	0	0	0	124	0	662	0	6120	0	92	0	378	0	0	0	0	0	0	0	86	0	0	0	0	0	0	0	0	0	0	0	0	0	0	0	0	0	0	0	0	0	0	0	0	0	0	0	0	0	898	0	4130	0	0	0	0	0	0	0	0	0	588	0	0	0	0	0	0	0	0	0	0	0	0	0	0	0	0	0	0	0	0	0	0	0	0	0	0	0	0	0	0	0	0	0	
29544	Frontal_Mid_Orb_R	0	0	0	134	0	3688	0	2450	0	0	0	0	0	414	0	6836	0	0	0	86	0	0	0	0	0	142	0	0	0	458	0	0	0	102	0	0	0	0	0	0	0	0	0	0	0	0	0	0	0	0	0	0	0	0	0	0	0	0	0	0	0	0	0	0	0	0	0	0	0	0	0	80	0	382	0	0	0	0	0	0	0	0	0	0	0	0	0	0	0	0	0	0	0	0	0	0	0	0	0	0	0	0	0	0	0	0	0	0	0	0	0	0	0	0	0	0	
272720	Frontal_Inf_Oper_L	11068	0	12822	622	142	0	11814	270	134	0	0	0	10738	0	354	0	18552	0	9928	1026	0	0	182	0	0	0	0	0	22020	0	344	80	2254	434	0	0	348	0	0	0	0	0	0	0	0	0	0	0	0	0	274	0	0	0	80	0	4814	0	0	0	536	0	172	0	100	0	0	0	0	0	264	0	1032	0	0	0	0	0	566	0	11654	0	12952	0	592	0	0	0	192	0	0	0	0	0	0	0	0	0	0	0	0	0	0	0	0	0	0	0	0	0	0	0	0	0	0	0	
177888	Frontal_Inf_Oper_R	194	3850	240	13086	0	0	256	11290	0	0	0	0	0	18030	0	0	0	4594	648	8842	0	0	304	1440	0	0	0	0	0	13642	226	1656	168	3274	0	0	0	342	0	0	0	0	0	0	0	0	0	0	0	0	0	0	0	0	0	0	0	1054	0	0	0	0	0	128	0	0	0	0	0	0	1282	1308	152	2326	0	84	0	0	0	152	0	244	0	132	0	0	0	0	0	0	0	0	0	0	0	0	0	0	0	0	0	0	0	0	0	0	0	0	0	0	0	0	0	0	0	0	
247692	Frontal_Inf_Tri_L	3820	0	12496	350	2300	0	30004	276	2454	0	10738	0	0	0	15442	0	2186	0	3398	334	0	0	1702	0	0	0	0	0	28462	0	3000	152	666	0	0	0	0	0	0	0	0	0	0	0	0	0	0	0	0	0	0	0	0	0	0	0	676	0	0	0	0	0	0	0	0	0	0	0	0	0	456	0	2366	0	0	0	0	0	0	0	932	0	1636	0	0	0	0	0	0	0	0	0	0	0	0	0	0	0	0	0	0	0	0	0	0	0	0	0	0	0	0	0	0	0	0	0	
162168	Frontal_Inf_Tri_R	146	0	122	8518	0	146	204	16430	0	414	0	18030	0	0	0	4376	0	422	530	4676	0	0	408	1742	0	0	0	0	0	13334	242	2704	126	3876	0	216	0	182	0	0	0	0	0	0	0	0	0	0	0	0	0	0	0	0	0	0	0	0	0	0	0	0	0	0	0	0	0	206	0	0	844	1370	0	1820	0	0	0	0	0	0	0	0	0	0	0	0	0	0	0	0	0	0	0	0	0	0	0	0	0	0	0	0	0	0	0	0	0	0	0	0	0	0	0	0	0	0	
169580	Frontal_Inf_Orb_L	0	0	6136	0	12696	0	4990	0	15520	0	354	0	15442	0	0	0	0	0	702	0	1370	0	0	0	0	0	454	0	17060	0	90	0	124	0	0	0	84	0	328	0	758	0	0	0	0	0	0	0	0	0	0	0	0	0	0	0	0	0	0	0	0	0	0	0	0	0	0	0	0	0	320	0	5734	0	0	0	0	0	0	0	194	0	2434	0	0	0	0	0	0	0	0	0	0	0	0	0	0	0	0	0	0	0	0	0	0	0	0	0	0	0	0	0	0	0	0	0	
87980	Frontal_Inf_Orb_R	0	0	0	1210	0	4614	0	4340	0	6836	0	0	0	4376	0	0	0	0	0	804	408	1534	0	306	0	0	188	1684	0	6998	198	1232	0	1146	0	0	0	0	0	526	0	0	0	0	0	0	0	0	0	0	0	0	0	0	0	0	0	0	0	0	0	0	0	0	0	0	0	0	0	0	378	1594	0	3508	0	0	0	0	0	0	0	648	0	1462	0	0	0	0	0	0	0	0	0	0	0	0	0	0	0	0	0	0	0	0	0	0	0	0	0	0	0	0	0	0	0	0	
329792	Rolandic_Oper_L	12494	0	16086	412	0	0	7466	90	0	0	18552	0	2186	0	0	0	0	0	11792	1038	0	0	0	0	0	0	0	0	28342	0	0	0	700	434	0	0	810	0	0	0	0	0	0	0	0	0	0	0	0	0	1782	0	0	0	92	0	15942	0	826	0	1608	0	2744	0	448	0	86	0	102	0	160	0	1038	0	0	0	154	0	5632	0	17328	0	12392	0	3186	0	0	0	974	0	0	0	0	0	0	0	0	0	0	0	0	0	0	0	0	0	0	0	0	0	0	0	0	0	0	0	
120844	Rolandic_Oper_R	0	2420	0	8176	0	0	0	6292	0	0	0	4594	0	422	0	0	0	0	504	4372	0	0	96	1192	0	0	0	0	0	15190	0	150	98	562	0	0	0	784	0	82	0	0	0	0	0	0	0	0	0	176	0	0	0	100	0	108	0	2952	0	0	0	0	0	3978	0	0	0	88	0	0	114	178	0	2470	0	128	0	0	0	1412	0	3136	0	132	0	208	0	0	0	308	0	0	0	0	0	0	0	0	0	0	0	0	0	0	0	0	0	0	0	0	0	0	0	0	0	0	
761476	Supp_Motor_Area_L	5260	4150	77932	10512	1664	0	12500	2194	794	0	9928	648	3398	530	702	0	11792	504	0	35948	0	0	9124	5820	0	0	0	0	27942	2054	6414	6610	13712	23968	370	358	5418	608	208	0	0	0	0	0	0	0	0	0	0	0	442	0	0	0	880	0	5398	0	398	0	332	0	276	0	0	0	0	284	10874	880	8428	1648	29684	2876	6724	0	17326	220	964	0	5524	0	4670	0	388	0	0	0	1460	0	0	0	0	0	0	0	0	0	0	0	0	0	0	0	0	0	0	0	0	0	0	0	0	0	0	0	
803424	Supp_Motor_Area_R	7032	8488	9786	64380	842	156	1540	5270	458	86	1026	8842	334	4676	0	804	1038	4372	35948	0	0	84	4466	13910	0	176	0	0	3664	11356	3940	24910	8620	62434	1490	2016	672	3616	158	486	0	174	0	0	0	102	0	0	0	120	0	0	0	0	0	132	108	1128	0	0	0	178	0	424	0	0	0	954	14986	12078	4146	26356	2280	19000	348	1664	226	18198	184	0	876	0	868	0	0	0	0	0	0	106	0	0	0	0	0	0	0	0	0	0	0	0	0	0	0	0	0	0	0	0	0	0	0	0	0	0	
76644	Olfactory_L	0	0	0	84	864	1516	0	0	0	0	0	0	0	0	1370	408	0	0	0	0	0	5898	0	258	148	604	1404	2408	3286	102	1552	1116	0	0	0	0	522	0	890	82	1856	0	0	0	0	0	0	0	0	0	0	0	0	0	0	0	0	0	0	0	0	0	0	0	0	0	0	0	0	0	6262	4228	1400	962	0	0	0	0	0	0	0	0	1102	0	0	0	0	0	0	0	0	0	0	0	0	0	0	0	0	0	0	0	0	0	0	0	0	0	0	0	0	0	0	0	0	0	
88740	Olfactory_R	0	0	0	184	0	2516	0	0	0	0	0	0	0	0	0	1534	0	0	0	84	5898	0	0	486	0	1190	1138	4252	0	2104	2098	2672	0	0	0	0	0	0	0	1146	0	886	0	0	0	0	0	0	0	0	0	0	0	0	0	0	0	0	0	0	0	0	0	0	0	0	0	0	0	0	7062	6996	1216	2028	0	0	0	0	0	0	0	0	0	880	0	0	0	0	0	0	0	0	0	0	0	0	0	0	0	0	0	0	0	0	0	0	0	0	0	0	0	0	0	0	0	0	
452044	Frontal_Sup_Medial_L	208	0	54348	8398	4786	194	18802	2006	0	0	182	304	1702	408	0	0	0	96	9124	4466	0	0	0	26338	2822	1288	688	236	2394	656	37048	17232	6906	14680	0	548	0	0	0	0	0	0	0	0	0	0	0	0	0	0	0	0	0	0	0	0	0	0	0	0	0	0	0	0	0	0	0	514	0	0	4372	498	3096	1540	0	0	0	0	0	0	142	0	0	0	0	0	0	0	0	0	0	0	0	0	0	0	0	0	0	0	0	0	0	0	0	0	0	0	0	0	0	0	0	0	0	0	
490260	Frontal_Sup_Medial_R	212	0	6134	45126	0	2954	812	3436	0	0	0	1440	0	1742	0	306	0	1192	5820	13910	258	486	26338	0	474	11092	192	2522	196	3306	11100	47640	1418	26794	0	2230	0	104	0	0	0	0	0	0	0	0	0	0	0	0	0	0	0	0	0	0	0	0	0	0	0	0	0	0	0	0	0	2124	0	0	1524	13288	82	10878	0	0	0	0	0	0	0	0	0	0	0	0	0	0	0	0	0	0	0	0	0	0	0	0	0	0	0	0	0	0	0	0	0	0	0	0	0	0	0	0	0	0	
46036	Frontal_Med_Orb_L	0	0	1028	0	4454	482	0	0	124	0	0	0	0	0	0	0	0	0	0	0	148	0	2822	474	0	1096	3064	248	0	0	6722	192	0	0	0	0	0	0	0	0	0	0	0	0	0	0	0	0	0	0	0	0	0	0	0	0	0	0	0	0	0	0	0	0	0	0	0	0	0	0	1972	0	192	0	0	0	0	0	0	0	0	0	0	0	0	0	0	0	0	0	0	0	0	0	0	0	0	0	0	0	0	0	0	0	0	0	0	0	0	0	0	0	0	0	0	0	
146300	Frontal_Med_Orb_R	0	0	298	5716	0	8498	0	0	0	142	0	0	0	0	0	0	0	0	0	176	604	1190	1288	11092	1096	0	426	8546	0	0	3522	13838	0	0	0	0	0	0	0	0	0	0	0	0	0	0	0	0	0	0	0	0	0	0	0	0	0	0	0	0	0	0	0	0	0	0	0	0	0	0	606	8258	0	7854	0	0	0	0	0	0	0	0	0	0	0	0	0	0	0	0	0	0	0	0	0	0	0	0	0	0	0	0	0	0	0	0	0	0	0	0	0	0	0	0	0	0	
41248	Rectus_L	0	0	438	0	3920	362	0	0	662	0	0	0	0	0	454	188	0	0	0	0	1404	1138	688	192	3064	426	0	850	122	0	2530	446	0	0	0	0	0	0	0	0	84	0	0	0	0	0	0	0	0	0	0	0	0	0	0	0	0	0	0	0	0	0	0	0	0	0	0	0	0	0	2468	436	752	0	0	0	0	0	0	0	0	0	0	0	0	0	0	0	0	0	0	0	0	0	0	0	0	0	0	0	0	0	0	0	0	0	0	0	0	0	0	0	0	0	0	0	
99936	Rectus_R	0	0	82	984	0	9366	0	0	0	0	0	0	0	0	0	1684	0	0	0	0	2408	4252	236	2522	248	8546	850	0	0	766	944	6272	0	0	0	0	0	0	0	370	0	162	0	0	0	0	0	0	0	0	0	0	0	0	0	0	0	0	0	0	0	0	0	0	0	0	0	0	0	0	2304	4466	298	2946	0	0	0	0	0	0	0	0	0	262	0	0	0	0	0	0	0	0	0	0	0	0	0	0	0	0	0	0	0	0	0	0	0	0	0	0	0	0	0	0	0	0	
768032	Insula_L	16280	216	40480	2146	7964	0	26476	1290	6120	0	22020	0	28462	0	17060	0	28342	0	27942	3664	3286	0	2394	196	0	0	122	0	0	0	3228	714	4330	990	0	0	11940	0	1414	0	3236	0	0	0	0	0	0	0	0	0	4380	0	304	0	3788	0	11510	0	3224	0	2968	0	2200	0	452	0	816	0	512	0	3046	640	23462	0	0	0	604	0	12626	0	21930	0	16798	0	6596	0	0	0	7848	0	0	0	0	0	0	0	0	0	0	0	0	0	0	0	0	0	0	0	0	0	0	0	0	0	0	0	
293032	Insula_R	102	2980	242	11362	0	1262	170	9832	0	458	0	13642	0	13334	0	6998	0	15190	2054	11356	102	2104	656	3306	0	0	0	766	0	0	260	5368	188	4778	0	198	0	3140	0	1042	0	1518	0	0	0	0	0	0	0	0	0	0	0	0	0	652	0	1678	0	166	0	384	0	470	0	172	0	182	0	0	922	4604	178	20392	0	0	0	0	0	828	0	1598	0	1346	0	156	0	0	0	380	0	0	0	0	0	0	0	0	0	0	0	0	0	0	0	0	0	0	0	0	0	0	0	0	0	0	
397772	Cingulum_Ant_L	334	0	27436	4936	6304	490	6382	880	92	0	344	226	3000	242	90	198	0	0	6414	3940	1552	2098	37048	11100	6722	3522	2530	944	3228	260	0	25132	7744	8502	444	0	0	0	0	0	0	0	0	0	0	0	0	0	0	0	0	0	0	0	0	0	0	0	0	0	0	0	0	0	0	0	0	0	0	0	12292	3584	8192	2550	0	0	0	0	0	0	134	0	0	0	0	0	0	0	0	0	0	0	0	0	0	0	0	0	0	0	0	0	0	0	0	0	0	0	0	0	0	0	0	0	0	0	
621916	Cingulum_Ant_R	780	172	6398	36210	0	4698	2664	4192	0	0	80	1656	152	2704	0	1232	0	150	6610	24910	1116	2672	17232	47640	192	13838	446	6272	714	5368	25132	0	3062	35566	0	1824	136	816	0	0	0	0	0	0	0	0	0	0	0	0	184	0	0	0	0	122	166	0	128	0	170	0	126	0	0	0	0	1650	0	0	6386	30734	1512	14656	0	0	0	168	236	0	0	0	0	0	86	0	0	0	0	0	0	0	0	0	0	0	0	0	0	0	0	0	0	0	0	0	0	0	0	0	0	0	0	0	0	0	
198932	Cingulum_Mid_L	302	628	6684	3542	698	0	3236	574	378	0	2254	168	666	126	124	0	700	98	13712	8620	0	0	6906	1418	0	0	0	0	4330	188	7744	3062	0	12082	6104	618	0	0	0	0	0	0	0	0	1034	0	0	0	114	0	1184	0	142	0	0	0	420	0	344	0	82	0	0	0	0	0	3538	436	2720	1836	200	248	254	0	0	0	0	0	0	0	702	0	1052	0	198	0	0	0	0	0	0	0	0	0	0	0	0	0	0	0	0	0	0	0	0	0	0	0	0	0	0	0	0	0	0	0	
607100	Cingulum_Mid_R	3872	276	7246	32196	86	92	2016	2744	0	102	434	3274	0	3876	0	1146	434	562	23968	62434	0	0	14680	26794	0	0	0	0	990	4778	8502	35566	12082	0	1950	11264	132	292	0	0	0	0	0	522	0	800	0	296	0	632	0	264	0	0	0	0	0	1228	0	0	0	0	0	0	0	0	572	9646	8126	9826	834	2462	242	5210	0	0	0	0	82	0	380	0	368	0	0	0	0	0	0	0	0	0	0	0	0	0	0	0	0	0	0	0	0	0	0	0	0	0	0	0	272	0	0	0	0	0	
72640	Cingulum_Post_L	720	94	0	112	0	0	0	0	0	0	0	0	0	0	0	0	0	0	370	1490	0	0	0	0	0	0	0	0	0	0	444	0	6104	1950	0	4806	2434	578	164	0	0	0	3026	0	982	0	140	0	0	0	660	0	414	0	162	0	428	298	0	0	0	0	0	0	0	0	5664	742	2278	1832	0	0	0	0	0	0	0	0	0	0	0	0	0	0	222	0	0	0	116	0	0	0	0	0	0	0	0	0	0	0	0	0	0	0	0	0	0	0	0	0	90	0	0	0	0	0	
160812	Cingulum_Post_R	120	0	0	2798	0	0	0	410	0	0	0	0	0	216	0	0	0	0	358	2016	0	0	548	2230	0	0	0	0	0	198	0	1824	618	11264	4806	0	700	2308	200	252	0	0	0	2504	0	2850	0	6414	0	2232	0	1384	0	308	0	294	0	1864	0	0	0	108	0	118	0	162	332	18584	774	3972	0	0	0	208	0	0	640	114	0	0	0	0	0	0	0	344	0	0	0	178	0	0	0	0	0	0	0	0	0	0	0	0	0	0	0	0	0	0	0	0	6156	0	0	0	0	0	
198172	Hippocampus_L	4950	816	3942	216	0	0	606	0	0	0	348	0	0	0	84	0	810	0	5418	672	522	0	0	0	0	0	0	0	11940	0	0	136	0	132	2434	700	0	272	6290	0	5700	0	1810	0	446	0	632	98	0	0	248	0	260	0	11780	0	734	0	0	0	560	0	80	0	0	0	2246	84	122	0	136	142	13368	288	696	0	2868	108	3486	0	1224	0	1380	0	160	0	0	0	10142	0	0	0	0	0	0	0	0	0	0	0	0	0	0	0	0	0	0	0	0	0	0	0	0	0	0	0	
176796	Hippocampus_R	110	1424	362	4042	0	0	88	788	0	0	0	342	0	182	0	0	0	784	608	3616	0	0	0	104	0	0	0	0	0	3140	0	816	0	292	578	2308	272	0	0	14764	0	6934	0	214	0	184	0	2060	0	190	0	0	0	520	0	14096	0	486	0	0	0	206	0	368	0	232	0	2786	0	188	504	1970	234	10966	0	96	754	4398	0	224	0	368	0	800	0	0	0	0	0	4528	0	0	0	0	0	0	0	0	0	0	0	0	0	0	0	0	0	0	0	0	472	0	0	0	0	0	
45536	ParaHippocampal_L	0	0	248	86	0	0	0	0	0	0	0	0	0	0	328	0	0	0	208	158	890	0	0	0	0	0	0	0	1414	0	0	0	0	0	164	200	6290	0	0	0	1282	0	210	0	0	0	2674	162	0	0	0	0	608	0	4562	0	0	0	0	0	0	0	0	0	0	0	1226	0	0	0	0	0	618	162	0	0	160	0	144	0	0	0	482	0	0	0	0	0	386	0	0	0	0	0	106	0	0	0	0	0	0	0	0	0	0	0	0	0	0	0	0	0	0	0	0	0	
95936	ParaHippocampal_R	0	0	0	382	0	138	0	0	0	0	0	0	0	0	0	526	0	82	0	486	82	1146	0	0	0	0	0	370	0	1042	0	0	0	0	0	252	0	14764	0	0	0	4936	0	400	0	138	0	2078	0	140	0	0	0	1076	0	9370	0	248	0	0	0	228	0	404	0	184	0	1202	0	166	114	410	0	986	0	0	132	614	0	0	0	280	0	2756	0	0	0	394	0	2322	0	0	0	0	0	0	0	120	0	0	0	0	0	0	0	0	0	0	0	0	0	0	0	0	0	0	
34556	Amygdala_L	0	0	0	0	698	0	0	0	86	0	0	0	0	0	758	0	0	0	0	0	1856	0	0	0	0	0	84	0	3236	0	0	0	0	0	0	0	5700	0	1282	0	0	0	0	0	0	0	0	0	0	0	0	0	0	0	2210	0	0	0	0	0	0	0	0	0	0	0	0	0	0	0	0	0	168	0	0	0	0	0	0	0	0	0	1028	0	0	0	0	0	172	0	0	0	0	0	0	0	0	0	0	0	0	0	0	0	0	0	0	0	0	0	0	0	0	0	0	0	
49004	Amygdala_R	0	0	0	0	0	84	0	0	0	0	0	0	0	0	0	0	0	0	0	174	0	886	0	0	0	0	0	162	0	1518	0	0	0	0	0	0	0	6934	0	4936	0	0	0	0	0	0	0	0	0	0	0	0	0	0	0	5428	0	0	0	0	0	0	0	0	0	0	0	0	0	0	0	0	0	634	0	0	0	106	0	0	0	0	0	3028	0	0	0	0	0	612	0	0	0	0	0	0	0	0	0	0	0	0	0	0	0	0	0	0	0	0	0	0	0	0	0	0	
126836	Calcarine_L	0	0	0	0	0	0	0	0	0	0	0	0	0	0	0	0	0	0	0	0	0	0	0	0	0	0	0	0	0	0	0	0	0	0	3026	0	1810	0	210	0	0	0	0	5996	6422	5158	7900	1968	5078	2264	10246	346	2704	0	1490	0	0	0	0	0	0	0	0	0	0	0	8320	264	0	0	0	0	0	0	0	0	0	0	0	0	0	0	0	0	216	0	0	0	0	0	0	0	0	0	0	0	0	0	0	0	0	0	0	0	0	0	0	0	0	0	0	0	0	0	0	0	
239580	Calcarine_R	0	0	0	0	0	0	0	0	0	0	0	0	0	0	0	0	0	0	0	0	0	0	0	0	0	0	0	0	0	0	0	0	0	522	0	2504	0	214	0	400	0	0	5996	0	778	22668	1142	13026	0	22078	0	15244	0	5656	0	5468	0	136	0	0	0	80	0	140	0	104	1362	16384	0	340	0	0	0	0	0	0	0	0	0	0	0	0	0	0	0	4090	0	0	0	256	0	0	0	0	0	0	0	0	0	0	0	0	0	0	0	0	0	0	0	0	1202	0	0	0	0	0	
111288	Cuneus_L	0	0	0	0	0	0	0	0	0	0	0	0	0	0	0	0	0	0	0	0	0	0	0	0	0	0	0	0	0	0	0	0	1034	0	982	0	446	0	0	0	0	0	6422	778	0	2356	246	0	16486	674	11524	0	1152	0	382	0	0	0	2226	0	362	0	0	0	146	0	9414	0	474	0	0	0	0	0	0	0	0	0	0	0	0	0	0	0	540	0	0	0	0	0	0	0	0	0	0	0	0	0	0	0	0	0	0	0	0	0	0	0	0	0	0	0	0	0	0	0	
266148	Cuneus_R	0	0	0	0	0	0	0	0	0	0	0	0	0	0	0	0	0	0	0	102	0	0	0	0	0	0	0	0	0	0	0	0	0	800	0	2850	0	184	0	138	0	0	5158	22668	2356	0	196	5508	194	38116	0	10390	0	478	0	1030	0	1294	0	3034	0	1480	0	560	0	1820	3996	24038	0	1440	0	0	0	0	0	0	0	0	0	0	0	450	0	0	0	3044	0	0	0	628	0	0	0	0	0	0	0	0	0	0	0	0	0	0	0	0	0	0	0	0	1122	0	0	0	0	0	
126248	Lingual_L	0	0	0	0	0	0	0	0	0	0	0	0	0	0	0	0	0	0	0	0	0	0	0	0	0	0	0	0	0	0	0	0	0	0	140	0	632	0	2674	0	0	0	7900	1142	246	196	0	1164	1270	0	10890	0	4694	0	11520	0	0	0	0	0	0	0	0	0	0	0	3258	0	0	0	0	0	0	0	0	0	0	0	0	0	0	0	0	0	160	0	0	0	98	0	5218	0	0	0	0	0	5020	0	6546	0	0	0	274	0	0	0	0	0	0	0	0	82	0	0	0	0	
185340	Lingual_R	0	0	0	0	0	0	0	0	0	0	0	0	0	0	0	0	0	0	0	0	0	0	0	0	0	0	0	0	0	0	0	0	0	296	0	6414	98	2060	162	2078	0	0	1968	13026	0	5508	1164	0	0	5484	0	2288	0	3302	0	10726	0	192	0	0	0	80	0	0	0	112	130	9912	0	216	0	0	0	0	0	0	0	0	0	0	0	0	0	0	0	260	0	0	0	958	0	5036	0	92	0	0	112	2914	126	6482	0	0	0	0	0	0	0	0	0	0	8554	2920	0	0	0	0	
118724	Occipital_Sup_L	0	0	0	0	0	0	0	0	0	0	0	0	0	0	0	0	0	0	0	0	0	0	0	0	0	0	0	0	0	0	0	0	114	0	0	0	0	0	0	0	0	0	5078	0	16486	194	1270	0	0	0	21952	0	180	0	0	0	0	0	5408	0	0	0	0	0	0	0	8680	0	0	0	0	0	0	0	0	0	0	0	0	0	0	0	0	0	0	0	0	0	0	0	0	0	0	0	0	0	0	0	0	0	0	0	0	0	0	0	0	0	0	0	0	0	0	0	0	0	
288068	Occipital_Sup_R	0	126	0	0	0	0	0	0	0	0	0	0	0	0	0	0	0	176	0	120	0	0	0	0	0	0	0	0	0	0	0	0	0	632	0	2232	0	190	0	140	0	0	2264	22078	674	38116	0	5484	0	0	0	20394	0	1624	0	1822	0	1068	0	6264	0	2630	0	654	0	4506	2956	21800	0	1132	0	0	0	0	0	0	0	0	0	0	0	496	0	0	0	4676	0	0	0	742	0	0	0	0	0	0	0	0	0	0	0	0	0	0	0	0	0	0	0	0	1038	0	0	0	0	0	
451460	Occipital_Mid_L	3410	0	574	0	0	0	1504	124	0	0	274	0	0	0	0	0	1782	0	442	0	0	0	0	0	0	0	0	0	4380	0	0	184	1184	0	660	0	248	0	0	0	0	0	10246	0	11524	0	10890	0	21952	0	0	0	25090	0	6712	0	8898	0	21892	0	24274	0	2030	0	19696	0	17482	0	5476	0	234	190	0	0	0	0	0	0	552	0	946	0	0	0	19928	0	0	0	2952	0	0	0	0	0	0	0	0	0	0	0	0	0	0	0	0	0	0	0	0	0	0	0	0	0	0	0	
197476	Occipital_Mid_R	0	0	0	0	0	0	0	0	0	0	0	0	0	0	0	0	0	0	0	0	0	0	0	0	0	0	0	0	0	0	0	0	0	264	0	1384	0	0	0	0	0	0	346	15244	0	10390	0	2288	0	20394	0	0	0	6234	0	3330	0	284	0	3022	0	5084	0	148	0	12196	340	7272	0	502	0	0	0	0	0	0	0	0	0	0	0	154	0	0	0	8608	0	0	0	430	0	0	0	0	0	0	0	0	0	0	0	0	0	0	0	0	0	0	0	0	824	0	0	0	0	0	
114488	Occipital_Inf_L	312	0	0	0	0	0	84	0	0	0	0	0	0	0	0	0	0	0	0	0	0	0	0	0	0	0	0	0	304	0	0	0	142	0	414	0	260	0	608	0	0	0	2704	0	1152	0	4694	0	180	0	25090	0	0	0	8642	0	798	0	0	0	324	0	0	0	372	0	2302	0	874	0	0	0	0	0	0	0	0	0	158	0	0	0	0	0	5954	0	0	0	1876	0	0	0	0	0	0	0	0	0	0	0	0	0	0	0	0	0	0	0	0	0	0	0	0	0	0	0	
73080	Occipital_Inf_R	0	82	0	0	0	0	0	0	0	0	0	0	0	0	0	0	0	100	0	0	0	0	0	0	0	0	0	0	0	0	0	0	0	0	0	308	0	520	0	1076	0	0	0	5656	0	478	0	3302	0	1624	0	6234	0	0	0	6116	0	110	0	0	0	0	0	0	0	0	0	900	0	160	86	0	0	0	0	0	0	0	0	0	0	0	0	0	0	2786	0	0	0	6902	0	0	0	0	0	0	0	0	0	0	0	0	0	0	0	0	0	0	0	0	100	0	0	0	0	0	
230652	Fusiform_L	144	0	924	0	0	0	110	0	0	0	80	0	0	0	0	0	92	0	880	0	0	0	0	0	0	0	0	0	3788	0	0	0	0	0	162	0	11780	0	4562	0	2210	0	1490	0	382	0	11520	0	0	0	6712	0	8642	0	0	0	158	0	0	0	0	0	0	0	0	0	2148	0	120	0	0	0	2574	0	0	0	92	0	242	0	924	0	908	0	1750	0	1152	0	12226	0	14040	0	854	0	0	0	5960	0	18110	0	0	0	590	0	0	0	0	0	0	0	0	0	0	0	0	0	
215236	Fusiform_R	0	0	0	194	0	0	0	188	0	0	0	0	0	0	0	0	0	108	0	132	0	0	0	0	0	0	0	0	0	652	0	122	0	0	0	294	0	14096	0	9370	0	5428	0	5468	0	1030	0	10726	0	1822	0	3330	0	6116	0	0	0	92	0	0	0	0	0	190	0	0	0	1888	0	0	0	0	0	2160	0	0	0	0	0	266	0	1144	0	7092	0	1512	0	2226	0	12852	0	7042	0	0	0	0	0	2828	0	7824	0	0	0	0	0	0	0	0	0	0	666	760	0	0	0	0	
286280	Postcentral_L	26896	0	6078	0	0	0	2592	104	0	0	4814	0	676	0	0	0	15942	0	5398	108	0	0	0	0	0	0	0	0	11510	0	0	166	420	0	428	0	734	0	0	0	0	0	0	0	0	0	0	0	0	0	8898	0	798	0	158	0	0	0	7752	0	17232	0	10370	0	1964	0	2950	0	8862	0	692	234	768	0	0	0	106	84	2064	0	1976	0	110	0	1452	0	0	0	804	0	0	0	0	0	0	0	0	0	0	0	0	0	0	0	0	0	0	0	0	0	0	0	0	0	0	0	
146156	Postcentral_R	340	13938	0	798	0	0	0	790	0	0	0	1054	0	0	0	0	0	2952	0	1128	0	0	0	0	0	0	0	0	0	1678	0	0	0	1228	298	1864	0	486	0	248	0	0	0	136	0	1294	0	192	0	1068	0	284	0	110	0	92	0	0	0	8404	0	7036	0	12286	0	2046	0	2512	636	6808	0	92	0	830	0	184	0	0	0	208	0	848	0	0	0	486	0	0	0	536	0	0	0	0	0	0	0	0	0	0	0	0	0	0	0	0	0	0	0	0	188	0	0	0	0	0	
162980	Parietal_Sup_L	2720	0	478	0	0	0	1402	0	0	0	0	0	0	0	0	0	826	0	398	0	0	0	0	0	0	0	0	0	3224	0	0	128	344	0	0	0	0	0	0	0	0	0	0	0	2226	0	0	0	5408	0	21892	0	0	0	0	0	7752	0	0	0	14360	0	990	0	4366	0	11740	0	2228	0	122	136	0	0	0	0	0	0	360	0	224	0	0	0	166	0	0	0	0	0	0	0	0	0	0	0	0	0	0	0	0	0	0	0	0	0	0	0	0	0	0	0	0	0	0	0	
96940	Parietal_Sup_R	0	258	0	0	0	0	0	188	0	0	0	0	0	0	0	0	0	0	0	0	0	0	0	0	0	0	0	0	0	166	0	0	0	0	0	0	0	0	0	0	0	0	0	0	0	3034	0	0	0	6264	0	3022	0	0	0	0	0	8404	0	0	0	9562	0	236	0	7508	1284	8110	0	434	0	0	0	0	0	0	0	0	0	0	0	0	0	0	0	0	0	0	0	0	0	0	0	0	0	0	0	0	0	0	0	0	0	0	0	0	0	0	0	0	0	0	0	0	0	0	
271984	Parietal_Inf_L	5324	0	432	0	0	0	890	138	0	0	536	0	0	0	0	0	1608	0	332	0	0	0	0	0	0	0	0	0	2968	0	0	170	82	0	0	0	560	0	0	0	0	0	0	0	362	0	0	0	0	0	24274	0	324	0	0	0	17232	0	14360	0	0	0	16318	0	31898	0	1190	0	1526	0	204	186	348	0	0	0	0	0	1118	0	1178	0	84	0	11450	0	0	0	900	0	0	0	0	0	0	0	0	0	0	0	0	0	0	0	0	0	0	0	0	0	0	0	0	0	0	0	
105236	Parietal_Inf_R	0	550	0	104	0	0	0	340	0	0	0	0	0	0	0	0	0	0	0	178	0	0	0	0	0	0	0	0	0	384	0	0	0	0	0	108	0	206	0	228	0	0	0	80	0	1480	0	80	0	2630	0	5084	0	0	0	0	0	7036	0	9562	0	0	0	5052	0	16234	208	1756	0	100	0	90	0	98	0	0	0	0	0	0	0	168	0	0	0	474	0	0	0	388	0	0	0	0	0	0	0	0	0	0	0	0	0	0	0	0	0	0	0	0	0	0	0	0	0	0	
127572	SupraMarginal_L	3170	0	380	0	0	0	310	104	0	0	172	0	0	0	0	0	2744	0	276	0	0	0	0	0	0	0	0	0	2200	0	0	126	0	0	0	0	80	0	0	0	0	0	0	0	0	0	0	0	0	0	2030	0	0	0	0	0	10370	0	990	0	16318	0	0	0	7072	0	0	0	0	0	206	132	0	0	0	0	0	0	286	0	6780	0	0	0	9280	0	0	0	760	0	0	0	0	0	0	0	0	0	0	0	0	0	0	0	0	0	0	0	0	0	0	0	0	0	0	0	
89096	SupraMarginal_R	0	3886	0	196	0	0	0	430	0	0	0	128	0	0	0	0	0	3978	0	424	0	0	0	0	0	0	0	0	0	470	0	0	0	0	0	118	0	368	0	404	0	0	0	140	0	560	0	0	0	654	0	148	0	0	0	190	0	12286	0	236	0	5052	0	0	0	3582	0	856	0	0	0	0	0	158	0	0	0	0	0	172	0	4514	0	0	0	3686	0	0	0	1912	0	0	0	0	0	0	0	0	0	0	0	0	0	0	0	0	0	0	0	0	0	0	0	0	0	0	
164964	Angular_L	1266	0	0	0	0	0	112	0	0	0	100	0	0	0	0	0	448	0	0	0	0	0	0	0	0	0	0	0	452	0	0	0	0	0	0	0	0	0	0	0	0	0	0	0	146	0	0	0	0	0	19696	0	372	0	0	0	1964	0	4366	0	31898	0	7072	0	0	0	212	0	652	0	0	0	0	0	0	0	0	0	0	0	716	0	0	0	12148	0	0	0	862	0	0	0	0	0	0	0	0	0	0	0	0	0	0	0	0	0	0	0	0	0	0	0	0	0	0	0	
114124	Angular_R	0	202	0	0	0	0	0	0	0	0	0	0	0	0	0	0	0	0	0	0	0	0	0	0	0	0	0	0	0	172	0	0	0	0	0	162	0	232	0	184	0	0	0	104	0	1820	0	112	0	4506	0	12196	0	0	0	0	0	2046	0	7508	0	16234	0	3582	0	0	492	2410	0	108	0	0	0	0	0	0	0	0	0	0	0	2028	0	0	0	2278	0	0	0	596	0	0	0	0	0	0	0	0	0	0	0	0	0	0	0	0	0	0	0	0	90	0	0	0	0	0	
213024	Precuneus_L	574	0	0	0	0	0	428	0	0	0	0	0	0	0	0	0	86	0	0	0	0	0	0	0	0	0	0	0	816	0	0	0	3538	572	5664	332	2246	0	1226	0	0	0	8320	1362	9414	3996	3258	130	8680	2956	17482	340	2302	0	2148	0	2950	0	11740	1284	1190	208	0	0	212	492	0	7128	4226	184	0	0	0	0	0	0	0	0	0	0	0	0	0	0	712	0	0	0	198	0	0	0	0	0	0	0	0	0	0	0	0	0	0	0	0	0	0	0	0	0	118	0	0	0	0	0	
328800	Precuneus_R	0	192	0	2660	0	0	0	388	0	0	0	0	0	206	0	0	0	88	284	954	0	0	514	2124	0	0	0	0	0	182	0	1650	436	9646	742	18584	84	2786	0	1202	0	0	264	16384	0	24038	0	9912	0	21800	0	7272	0	900	0	1888	0	2512	0	8110	0	1756	0	856	0	2410	7128	0	0	4024	0	0	0	198	0	0	290	0	0	0	0	540	0	0	0	3672	0	0	0	1218	0	0	0	0	0	0	0	0	0	0	0	0	0	0	0	0	0	0	0	0	6506	0	0	0	0	0	
197892	Paracentral_Lobule_L	15500	2480	272	160	0	0	502	0	0	0	0	0	0	0	0	0	102	0	10874	14986	0	0	0	0	0	0	0	0	512	0	0	0	2720	8126	2278	774	122	0	0	0	0	0	0	0	474	0	0	0	0	0	5476	0	874	0	120	0	8862	636	2228	0	1526	0	0	0	652	0	4226	0	0	5524	1772	160	278	0	184	0	3308	406	122	0	114	0	0	0	1668	0	0	0	928	0	0	0	0	0	0	0	0	0	0	0	0	0	0	0	0	0	0	0	0	0	0	0	0	0	0	0	
124320	Paracentral_Lobule_R	4108	5210	0	126	0	0	0	0	0	0	0	0	0	0	0	0	0	0	880	12078	0	0	0	0	0	0	0	0	0	0	0	0	1836	9826	1832	3972	0	188	0	166	0	0	0	340	0	1440	0	216	0	1132	0	502	0	160	0	0	0	6808	0	434	0	100	0	0	0	108	184	4024	5524	0	0	0	0	0	0	0	0	0	0	0	0	152	0	0	0	324	0	0	0	290	0	0	0	0	0	0	0	0	0	0	0	0	0	0	0	0	0	0	0	0	200	0	0	0	0	0	
299772	Caudate_L	5134	550	11066	7518	4894	1470	6190	8904	898	0	264	1282	456	844	320	378	160	114	8428	4146	6262	7062	4372	1524	1972	606	2468	2304	3046	922	12292	6386	200	834	0	0	136	504	0	114	0	0	0	0	0	0	0	0	0	0	234	0	0	86	0	0	692	0	122	0	204	0	206	0	0	0	0	0	1772	0	0	10564	14096	2182	708	0	4180	0	220	0	164	0	152	0	158	0	0	0	0	126	0	0	0	0	0	0	0	0	0	0	0	0	0	0	0	0	0	0	0	0	0	0	0	0	0	0	
410112	Caudate_R	984	2192	776	16714	176	3722	1408	7146	0	80	0	1308	0	1370	0	1594	0	178	1648	26356	4228	6996	498	13288	0	8258	436	4466	640	4604	3584	30734	248	2462	0	0	142	1970	0	410	0	0	0	0	0	0	0	0	0	0	190	0	0	0	0	0	234	92	136	0	186	90	132	0	0	0	0	0	160	0	10564	0	1318	22754	0	1782	0	18362	242	0	0	0	0	108	90	0	0	0	0	0	0	0	0	0	0	0	0	0	0	0	0	0	0	0	0	0	0	0	0	0	0	0	0	0	0	0	
378012	Putamen_L	1640	928	30364	1894	8200	146	2892	1168	4130	0	1032	152	2366	0	5734	0	1038	0	29684	2280	1400	1216	3096	82	192	0	752	298	23462	178	8192	1512	254	242	0	0	13368	234	618	0	168	0	0	0	0	0	0	0	0	0	0	0	0	0	2574	0	768	0	0	0	348	0	0	0	0	0	0	0	278	0	14096	1318	0	796	6054	0	3464	86	698	0	3888	0	1580	0	390	0	0	0	3756	0	0	0	0	0	0	0	0	0	0	0	0	0	0	0	0	0	0	0	0	0	0	0	0	0	0	0	
355844	Putamen_R	124	1922	388	19312	0	3596	176	5300	0	382	0	2326	0	1820	0	3508	0	2470	2876	19000	962	2028	1540	10878	0	7854	0	2946	0	20392	2550	14656	0	5210	0	208	288	10966	162	986	0	634	0	0	0	0	0	0	0	0	0	0	0	0	0	2160	0	830	0	0	0	98	0	158	0	0	0	198	0	0	2182	22754	796	0	0	2566	0	504	0	0	0	0	0	118	0	0	0	0	0	98	0	0	0	0	0	0	0	0	0	0	0	0	0	0	0	0	0	0	0	0	0	0	0	0	0	0	
41572	Pallidum_L	122	0	3562	0	0	0	0	0	0	0	0	0	0	0	0	0	0	0	6724	348	0	0	0	0	0	0	0	0	0	0	0	0	0	0	0	0	696	0	0	0	0	0	0	0	0	0	0	0	0	0	0	0	0	0	0	0	0	0	0	0	0	0	0	0	0	0	0	0	184	0	708	0	6054	0	0	0	2388	0	0	0	0	0	0	0	0	0	0	0	0	0	0	0	0	0	0	0	0	0	0	0	0	0	0	0	0	0	0	0	0	0	0	0	0	0	0	0	
15344	Pallidum_R	0	300	0	538	0	0	0	330	0	0	0	84	0	0	0	0	0	128	0	1664	0	0	0	0	0	0	0	0	0	0	0	0	0	0	0	0	0	96	0	0	0	0	0	0	0	0	0	0	0	0	0	0	0	0	0	0	0	184	0	0	0	0	0	0	0	0	0	0	0	0	0	1782	0	2566	0	0	0	0	0	0	0	0	0	0	0	0	0	0	0	0	0	0	0	0	0	0	0	0	0	0	0	0	0	0	0	0	0	0	0	0	0	0	0	0	0	0	
82052	Thalamus_L	2366	202	1118	0	0	0	210	0	0	0	0	0	0	0	0	0	154	0	17326	226	0	0	0	0	0	0	0	0	604	0	0	0	0	0	0	640	2868	754	160	132	0	0	0	0	0	0	0	0	0	0	0	0	0	0	92	0	106	0	0	0	0	0	0	0	0	0	0	290	3308	0	4180	0	3464	0	2388	0	0	308	130	0	0	0	0	0	0	0	0	0	0	0	0	0	0	0	0	0	0	0	0	0	0	0	0	0	0	0	0	0	0	0	0	0	0	0	0	0	
98928	Thalamus_R	94	1132	0	4562	0	0	0	0	0	0	0	0	0	0	0	0	0	0	220	18198	0	0	0	0	0	0	0	0	0	0	0	168	0	0	0	114	108	4398	0	614	0	106	0	0	0	0	0	0	0	0	0	0	0	0	0	0	84	0	0	0	0	0	0	0	0	0	0	0	406	0	0	18362	86	504	0	0	308	0	0	0	0	0	0	0	0	0	0	0	0	0	0	0	0	0	0	0	0	0	0	0	0	0	0	0	0	0	0	0	0	0	0	0	0	0	0	0	
86348	Heschl_L	3658	430	1174	0	0	0	1328	86	0	0	566	0	0	0	0	0	5632	0	964	184	0	0	0	0	0	0	0	0	12626	0	0	236	0	82	0	0	3486	0	144	0	0	0	0	0	0	0	0	0	0	0	552	0	158	0	242	0	2064	0	360	0	1118	0	286	0	0	0	0	0	122	0	220	242	698	0	0	0	130	0	0	0	2820	0	370	0	2446	0	0	0	750	0	0	0	0	0	0	0	0	0	0	0	0	0	0	0	0	0	0	0	0	0	0	0	0	0	0	0	
14772	Heschl_R	0	112	0	400	0	0	0	404	0	0	0	152	0	0	0	0	0	1412	0	0	0	0	0	0	0	0	0	0	0	828	0	0	0	0	0	0	0	224	0	0	0	0	0	0	0	0	0	0	0	0	0	0	0	0	0	266	0	208	0	0	0	0	0	172	0	0	0	0	0	0	0	0	0	0	0	0	0	0	0	0	0	2738	0	0	0	200	0	0	0	270	0	0	0	0	0	0	0	0	0	0	0	0	0	0	0	0	0	0	0	0	0	0	0	0	0	0	
270812	Temporal_Sup_L	1978	0	8982	424	0	0	6134	100	0	0	11654	0	932	0	194	0	17328	0	5524	876	0	0	142	0	0	0	0	0	21930	0	134	0	702	380	0	0	1224	0	0	0	0	0	0	0	0	0	0	0	0	0	946	0	0	0	924	0	1976	0	224	0	1178	0	6780	0	716	0	0	0	114	0	164	0	3888	0	0	0	0	0	2820	0	0	0	13942	0	16622	0	0	0	6474	0	0	0	0	0	0	0	0	0	0	0	0	0	0	0	0	0	0	0	0	0	0	0	0	0	0	0	
68068	Temporal_Sup_R	0	398	0	276	0	0	0	308	0	0	0	244	0	0	0	648	0	3136	0	0	0	0	0	0	0	0	0	0	0	1598	0	0	0	0	0	0	0	368	0	280	0	0	0	0	0	450	0	0	0	496	0	154	0	0	0	1144	0	848	0	0	0	168	0	4514	0	2028	0	540	0	152	0	0	0	0	0	0	0	0	0	2738	0	0	0	2142	0	8790	0	0	0	2614	0	0	0	0	0	0	0	0	0	0	0	0	0	0	0	0	0	0	0	0	0	0	0	0	0	0	
213244	Temporal_Pole_Sup_L	774	0	7228	392	822	0	4512	0	588	0	12952	0	1636	0	2434	0	12392	0	4670	868	1102	0	0	0	0	0	0	0	16798	0	0	0	1052	368	0	0	1380	0	482	0	1028	0	0	0	0	0	0	0	0	0	0	0	0	0	908	0	110	0	0	0	84	0	0	0	0	0	0	0	0	0	152	0	1580	0	0	0	0	0	370	0	13942	0	0	0	7196	0	4846	0	5956	0	0	0	0	0	0	0	0	0	0	0	0	0	0	0	0	0	0	0	0	0	0	0	0	0	0	0	
62076	Temporal_Pole_Sup_R	0	0	0	0	0	116	0	0	0	0	0	132	0	0	0	1462	0	132	0	0	0	880	0	0	0	0	0	262	0	1346	0	0	0	0	0	0	0	800	0	2756	0	3028	0	0	0	0	0	0	0	0	0	0	0	0	0	7092	0	0	0	0	0	0	0	0	0	0	0	0	0	0	0	108	0	118	0	0	0	0	0	0	0	2142	0	0	0	2892	0	3666	0	4106	0	0	0	0	0	0	0	0	0	0	0	0	0	0	0	0	0	0	0	0	0	0	0	0	0	0	
284356	Temporal_Mid_L	2910	0	516	0	0	0	958	112	0	0	592	0	0	0	0	0	3186	0	388	0	0	0	0	0	0	0	0	0	6596	0	0	86	198	0	222	0	160	0	0	0	0	0	216	0	540	0	160	0	0	0	19928	0	5954	0	1750	0	1452	0	166	0	11450	0	9280	0	12148	0	712	0	1668	0	158	90	390	0	0	0	0	0	2446	0	16622	0	7196	0	0	0	6678	0	27250	0	0	0	0	0	0	0	0	0	0	0	0	0	0	0	0	0	0	0	0	0	0	0	0	0	0	0	
127320	Temporal_Mid_R	0	120	0	0	0	0	0	0	0	0	0	0	0	0	0	0	0	208	0	0	0	0	0	0	0	0	0	0	0	156	0	0	0	0	0	344	0	0	0	0	0	0	0	4090	0	3044	0	260	0	4676	0	8608	0	2786	0	1512	0	486	0	0	0	474	0	3686	0	2278	0	3672	0	324	0	0	0	0	0	0	0	0	0	200	0	8790	0	2892	0	0	0	630	0	14260	0	0	0	0	0	0	0	0	0	0	0	0	0	0	0	0	0	0	0	0	164	0	0	0	0	0	
37864	Temporal_Pole_Mid_L	0	0	0	0	0	0	0	0	0	0	0	0	0	0	0	0	0	0	0	0	0	0	0	0	0	0	0	0	0	0	0	0	0	0	0	0	0	0	0	0	0	0	0	0	0	0	0	0	0	0	0	0	0	0	1152	0	0	0	0	0	0	0	0	0	0	0	0	0	0	0	0	0	0	0	0	0	0	0	0	0	0	0	4846	0	6678	0	0	0	6256	0	0	0	0	0	0	0	0	0	0	0	0	0	0	0	0	0	0	0	0	0	0	0	0	0	0	0	
16924	Temporal_Pole_Mid_R	0	0	0	0	0	0	0	0	0	0	0	0	0	0	0	0	0	0	0	0	0	0	0	0	0	0	0	0	0	0	0	0	0	0	0	0	0	0	0	394	0	0	0	0	0	0	0	0	0	0	0	0	0	0	0	2226	0	0	0	0	0	0	0	0	0	0	0	0	0	0	0	0	0	0	0	0	0	0	0	0	0	0	0	3666	0	630	0	0	0	1546	0	0	0	0	0	0	0	0	0	0	0	0	0	0	0	0	0	0	0	0	0	0	0	0	0	0	
197896	Temporal_Inf_L	1038	0	1576	0	0	0	786	0	0	0	192	0	0	0	0	0	974	0	1460	0	0	0	0	0	0	0	0	0	7848	0	0	0	0	0	116	0	10142	0	386	0	172	0	0	0	0	0	98	0	0	0	2952	0	1876	0	12226	0	804	0	0	0	900	0	760	0	862	0	198	0	928	0	0	0	3756	0	0	0	0	0	750	0	6474	0	5956	0	27250	0	6256	0	0	0	1788	0	126	0	0	0	0	0	298	0	0	0	0	0	0	0	0	0	0	0	0	0	0	0	0	0	
119592	Temporal_Inf_R	0	268	0	0	0	0	0	0	0	0	0	0	0	0	0	0	0	308	0	106	0	0	0	0	0	0	0	0	0	380	0	0	0	0	0	178	0	4528	0	2322	0	612	0	256	0	628	0	958	0	742	0	430	0	6902	0	12852	0	536	0	0	0	388	0	1912	0	596	0	1218	0	290	126	0	0	98	0	0	0	0	0	270	0	2614	0	4106	0	14260	0	1546	0	0	0	366	0	0	0	0	0	0	0	0	0	0	0	0	0	0	0	0	0	0	0	0	0	0	0	0	
210740	Cerebelum_Crus1_L	0	0	0	0	0	0	0	0	0	0	0	0	0	0	0	0	0	0	0	0	0	0	0	0	0	0	0	0	0	0	0	0	0	0	0	0	0	0	0	0	0	0	0	0	0	0	5218	0	0	0	0	0	0	0	14040	0	0	0	0	0	0	0	0	0	0	0	0	0	0	0	0	0	0	0	0	0	0	0	0	0	0	0	0	0	0	0	0	0	1788	0	0	386	19084	698	0	0	13492	0	39790	0	2932	0	5104	0	220	0	0	0	0	0	170	1098	1350	0	0	0	
209756	Cerebelum_Crus1_R	0	0	0	0	0	0	0	0	0	0	0	0	0	0	0	0	0	0	0	0	0	0	0	0	0	0	0	0	0	0	0	0	0	0	0	0	0	0	0	0	0	0	0	0	0	0	0	5036	0	0	0	0	0	0	0	7042	0	0	0	0	0	0	0	0	0	0	0	0	0	0	0	0	0	0	0	0	0	0	0	0	0	0	0	0	0	0	0	0	0	366	386	0	126	15172	0	806	0	15972	374	38378	0	590	0	6522	0	126	0	0	150	402	6176	5246	1844	164	0	0	
79168	Cerebelum_Crus2_L	0	0	0	0	0	0	0	0	0	0	0	0	0	0	0	0	0	0	0	0	0	0	0	0	0	0	0	0	0	0	0	0	0	0	0	0	0	0	0	0	0	0	0	0	0	0	0	0	0	0	0	0	0	0	854	0	0	0	0	0	0	0	0	0	0	0	0	0	0	0	0	0	0	0	0	0	0	0	0	0	0	0	0	0	0	0	0	0	126	0	19084	126	0	806	0	0	444	0	3920	0	7914	120	4372	0	104	0	0	0	0	0	0	376	1242	96	0	0	
75772	Cerebelum_Crus2_R	0	0	0	0	0	0	0	0	0	0	0	0	0	0	0	0	0	0	0	0	0	0	0	0	0	0	0	0	0	0	0	0	0	0	0	0	0	0	0	0	0	0	0	0	0	0	0	92	0	0	0	0	0	0	0	0	0	0	0	0	0	0	0	0	0	0	0	0	0	0	0	0	0	0	0	0	0	0	0	0	0	0	0	0	0	0	0	0	0	0	698	15172	806	0	0	0	0	0	212	1448	452	3632	252	9680	0	88	0	0	0	0	92	764	3942	422	134	0	
8212	Cerebelum_3_L	0	0	0	0	0	0	0	0	0	0	0	0	0	0	0	0	0	0	0	0	0	0	0	0	0	0	0	0	0	0	0	0	0	0	0	0	0	0	106	0	0	0	0	0	0	0	0	0	0	0	0	0	0	0	0	0	0	0	0	0	0	0	0	0	0	0	0	0	0	0	0	0	0	0	0	0	0	0	0	0	0	0	0	0	0	0	0	0	0	0	0	0	0	0	0	0	2980	0	216	0	0	0	0	0	370	0	0	0	434	0	0	0	0	0	0	0	
11084	Cerebelum_3_R	0	0	0	0	0	0	0	0	0	0	0	0	0	0	0	0	0	0	0	0	0	0	0	0	0	0	0	0	0	0	0	0	0	0	0	0	0	0	0	0	0	0	0	0	0	0	0	0	0	0	0	0	0	0	0	0	0	0	0	0	0	0	0	0	0	0	0	0	0	0	0	0	0	0	0	0	0	0	0	0	0	0	0	0	0	0	0	0	0	0	0	806	0	0	0	0	0	2020	0	2152	0	0	0	0	82	110	0	0	170	202	0	0	0	0	0	0	
121556	Cerebelum_4_5_L	0	0	0	0	0	0	0	0	0	0	0	0	0	0	0	0	0	0	0	0	0	0	0	0	0	0	0	0	0	0	0	0	0	0	0	0	0	0	0	0	0	0	0	0	0	0	5020	112	0	0	0	0	0	0	5960	0	0	0	0	0	0	0	0	0	0	0	0	0	0	0	0	0	0	0	0	0	0	0	0	0	0	0	0	0	0	0	0	0	0	0	13492	0	444	0	2980	0	0	0	26384	128	240	0	1032	0	1998	0	0	0	0	0	2116	692	0	0	94	86	
111692	Cerebelum_4_5_R	0	0	0	0	0	0	0	0	0	0	0	0	0	0	0	0	0	0	0	0	0	0	0	0	0	0	0	0	0	0	0	0	0	0	0	0	0	0	0	120	0	0	0	0	0	0	0	2914	0	0	0	0	0	0	0	2828	0	0	0	0	0	0	0	0	0	0	0	0	0	0	0	0	0	0	0	0	0	0	0	0	0	0	0	0	0	0	0	0	0	0	0	15972	0	0	0	2020	0	0	0	24932	0	0	0	0	0	0	0	0	0	504	6080	476	0	0	0	0	
208876	Cerebelum_6_L	0	0	0	0	0	0	0	0	0	0	0	0	0	0	0	0	0	0	0	0	0	0	0	0	0	0	0	0	0	0	0	0	0	0	0	0	0	0	0	0	0	0	0	0	0	0	6546	126	0	0	0	0	0	0	18110	0	0	0	0	0	0	0	0	0	0	0	0	0	0	0	0	0	0	0	0	0	0	0	0	0	0	0	0	0	0	0	0	0	298	0	39790	374	3920	212	216	0	26384	0	0	96	1202	0	3332	0	882	0	0	0	0	0	1068	1268	614	0	0	0	
195596	Cerebelum_6_R	0	0	0	0	0	0	0	0	0	0	0	0	0	0	0	0	0	0	0	0	0	0	0	0	0	0	0	0	0	0	0	0	0	0	0	0	0	0	0	0	0	0	0	0	0	0	0	6482	0	0	0	0	0	0	0	7824	0	0	0	0	0	0	0	0	0	0	0	0	0	0	0	0	0	0	0	0	0	0	0	0	0	0	0	0	0	0	0	0	0	0	0	38378	0	1448	0	2152	128	24932	96	0	0	0	0	452	0	132	0	0	168	696	8370	5556	804	180	0	0	
40956	Cerebelum_7b_L	0	0	0	0	0	0	0	0	0	0	0	0	0	0	0	0	0	0	0	0	0	0	0	0	0	0	0	0	0	0	0	0	0	0	0	0	0	0	0	0	0	0	0	0	0	0	0	0	0	0	0	0	0	0	0	0	0	0	0	0	0	0	0	0	0	0	0	0	0	0	0	0	0	0	0	0	0	0	0	0	0	0	0	0	0	0	0	0	0	0	2932	0	7914	452	0	0	240	0	1202	0	0	106	6404	0	398	0	176	0	0	0	0	0	560	94	0	0	
16408	Cerebelum_7b_R	0	0	0	0	0	0	0	0	0	0	0	0	0	0	0	0	0	0	0	0	0	0	0	0	0	0	0	0	0	0	0	0	0	0	0	0	0	0	0	0	0	0	0	0	0	0	0	0	0	0	0	0	0	0	0	0	0	0	0	0	0	0	0	0	0	0	0	0	0	0	0	0	0	0	0	0	0	0	0	0	0	0	0	0	0	0	0	0	0	0	0	590	120	3632	0	0	0	0	0	0	106	0	104	2998	0	0	0	0	0	0	0	0	376	278	0	0	
55980	Cerebelum_8_L	0	0	0	0	0	0	0	0	0	0	0	0	0	0	0	0	0	0	0	0	0	0	0	0	0	0	0	0	0	0	0	0	0	0	0	0	0	0	0	0	0	0	0	0	0	0	274	0	0	0	0	0	0	0	590	0	0	0	0	0	0	0	0	0	0	0	0	0	0	0	0	0	0	0	0	0	0	0	0	0	0	0	0	0	0	0	0	0	0	0	5104	0	4372	252	0	0	1032	0	3332	0	6404	104	0	106	3302	0	1854	0	0	0	114	174	526	256	114	80	
54836	Cerebelum_8_R	0	0	0	0	0	0	0	0	0	0	0	0	0	0	0	0	0	0	0	0	0	0	0	0	0	0	0	0	0	0	0	0	0	0	0	0	0	0	0	0	0	0	0	0	0	0	0	0	0	0	0	0	0	0	0	0	0	0	0	0	0	0	0	0	0	0	0	0	0	0	0	0	0	0	0	0	0	0	0	0	0	0	0	0	0	0	0	0	0	0	0	6522	0	9680	0	0	0	0	0	452	0	2998	106	0	0	4436	0	1258	0	0	0	0	906	706	354	0	
26792	Cerebelum_9_L	0	0	0	0	0	0	0	0	0	0	0	0	0	0	0	0	0	0	0	0	0	0	0	0	0	0	0	0	0	0	0	0	0	0	0	0	0	0	0	0	0	0	0	0	0	0	0	0	0	0	0	0	0	0	0	0	0	0	0	0	0	0	0	0	0	0	0	0	0	0	0	0	0	0	0	0	0	0	0	0	0	0	0	0	0	0	0	0	0	0	220	0	104	0	370	82	1998	0	882	0	398	0	3302	0	0	0	3308	0	0	0	978	578	216	244	334	382	
21456	Cerebelum_9_R	0	0	0	0	0	0	0	0	0	0	0	0	0	0	0	0	0	0	0	0	0	0	0	0	0	0	0	0	0	0	0	0	0	0	0	0	0	0	0	0	0	0	0	0	0	0	0	0	0	0	0	0	0	0	0	0	0	0	0	0	0	0	0	0	0	0	0	0	0	0	0	0	0	0	0	0	0	0	0	0	0	0	0	0	0	0	0	0	0	0	0	126	0	88	0	110	0	0	0	132	0	0	0	4436	0	0	0	1346	86	0	634	812	182	660	1134	982	
10676	Cerebelum_10_L	0	0	0	0	0	0	0	0	0	0	0	0	0	0	0	0	0	0	0	0	0	0	0	0	0	0	0	0	0	0	0	0	0	0	0	0	0	0	0	0	0	0	0	0	0	0	0	0	0	0	0	0	0	0	0	0	0	0	0	0	0	0	0	0	0	0	0	0	0	0	0	0	0	0	0	0	0	0	0	0	0	0	0	0	0	0	0	0	0	0	0	0	0	0	0	0	0	0	0	0	176	0	1854	0	3308	0	0	0	0	0	0	0	0	0	0	0	
5208	Cerebelum_10_R	0	0	0	0	0	0	0	0	0	0	0	0	0	0	0	0	0	0	0	0	0	0	0	0	0	0	0	0	0	0	0	0	0	0	0	0	0	0	0	0	0	0	0	0	0	0	0	0	0	0	0	0	0	0	0	0	0	0	0	0	0	0	0	0	0	0	0	0	0	0	0	0	0	0	0	0	0	0	0	0	0	0	0	0	0	0	0	0	0	0	0	0	0	0	0	0	0	0	0	0	0	0	0	1258	0	1346	0	0	0	0	0	0	0	0	0	0	
5704	Vermis_1_2	0	0	0	0	0	0	0	0	0	0	0	0	0	0	0	0	0	0	0	0	0	0	0	0	0	0	0	0	0	0	0	0	0	0	0	0	0	0	0	0	0	0	0	0	0	0	0	0	0	0	0	0	0	0	0	0	0	0	0	0	0	0	0	0	0	0	0	0	0	0	0	0	0	0	0	0	0	0	0	0	0	0	0	0	0	0	0	0	0	0	0	150	0	0	434	170	0	0	0	168	0	0	0	0	0	86	0	0	0	1844	0	0	0	0	0	0	
8116	Vermis_3	0	0	0	0	0	0	0	0	0	0	0	0	0	0	0	0	0	0	0	0	0	0	0	0	0	0	0	0	0	0	0	0	0	0	0	0	0	0	0	0	0	0	0	0	0	0	0	0	0	0	0	0	0	0	0	0	0	0	0	0	0	0	0	0	0	0	0	0	0	0	0	0	0	0	0	0	0	0	0	0	0	0	0	0	0	0	0	0	0	0	0	402	0	0	0	202	0	504	0	696	0	0	0	0	0	0	0	0	1844	0	410	0	0	0	0	0	
119276	Vermis_4_5	0	0	0	0	0	0	0	0	0	0	0	0	0	0	0	0	0	0	0	0	0	0	0	0	0	0	0	0	0	0	0	0	0	272	90	6156	0	472	0	0	0	0	0	1202	0	1122	0	8554	0	1038	0	824	0	100	0	666	0	188	0	0	0	0	0	0	0	90	118	6506	0	200	0	0	0	0	0	0	0	0	0	0	0	0	0	0	0	164	0	0	0	0	170	6176	0	92	0	0	2116	6080	1068	8370	0	0	114	0	978	634	0	0	0	410	0	3270	0	556	908	934	
56276	Vermis_6	0	0	0	0	0	0	0	0	0	0	0	0	0	0	0	0	0	0	0	0	0	0	0	0	0	0	0	0	0	0	0	0	0	0	0	0	0	0	0	0	0	0	0	0	0	0	82	2920	0	0	0	0	0	0	0	760	0	0	0	0	0	0	0	0	0	0	0	0	0	0	0	0	0	0	0	0	0	0	0	0	0	0	0	0	0	0	0	0	0	0	1098	5246	376	764	0	0	692	476	1268	5556	0	0	174	0	578	812	0	0	0	0	3270	0	1298	752	1050	966	
31172	Vermis_7	0	0	0	0	0	0	0	0	0	0	0	0	0	0	0	0	0	0	0	0	0	0	0	0	0	0	0	0	0	0	0	0	0	0	0	0	0	0	0	0	0	0	0	0	0	0	0	0	0	0	0	0	0	0	0	0	0	0	0	0	0	0	0	0	0	0	0	0	0	0	0	0	0	0	0	0	0	0	0	0	0	0	0	0	0	0	0	0	0	0	1350	1844	1242	3942	0	0	0	0	614	804	560	376	526	906	216	182	0	0	0	0	0	1298	0	1030	562	134	
14312	Vermis_8	0	0	0	0	0	0	0	0	0	0	0	0	0	0	0	0	0	0	0	0	0	0	0	0	0	0	0	0	0	0	0	0	0	0	0	0	0	0	0	0	0	0	0	0	0	0	0	0	0	0	0	0	0	0	0	0	0	0	0	0	0	0	0	0	0	0	0	0	0	0	0	0	0	0	0	0	0	0	0	0	0	0	0	0	0	0	0	0	0	0	0	164	96	422	0	0	0	0	0	180	94	278	256	706	244	660	0	0	0	0	556	752	1030	0	1244	474	
13740	Vermis_9	0	0	0	0	0	0	0	0	0	0	0	0	0	0	0	0	0	0	0	0	0	0	0	0	0	0	0	0	0	0	0	0	0	0	0	0	0	0	0	0	0	0	0	0	0	0	0	0	0	0	0	0	0	0	0	0	0	0	0	0	0	0	0	0	0	0	0	0	0	0	0	0	0	0	0	0	0	0	0	0	0	0	0	0	0	0	0	0	0	0	0	0	0	134	0	0	94	0	0	0	0	0	114	354	334	1134	0	0	0	0	908	1050	562	1244	0	942	
9960	Vermis_10	0	0	0	0	0	0	0	0	0	0	0	0	0	0	0	0	0	0	0	0	0	0	0	0	0	0	0	0	0	0	0	0	0	0	0	0	0	0	0	0	0	0	0	0	0	0	0	0	0	0	0	0	0	0	0	0	0	0	0	0	0	0	0	0	0	0	0	0	0	0	0	0	0	0	0	0	0	0	0	0	0	0	0	0	0	0	0	0	0	0	0	0	0	0	0	0	86	0	0	0	0	0	80	0	382	982	0	0	0	0	934	966	134	474	942	0	
