data	data	389180	122944	1.10127e+06	1.05572e+06	241292	190224	433132	222048	172104	44532	237012	154284	380200	186936	179344	106380	212148	138672	723332	1.12206e+06	67420	61668	394804	411164	18220	103452	33436	40248	758568	295492	210984	456752	122732	471224	140336	175636	187664	407604	92088	221124	18972	43540	178652	353948	87500	244240	230644	226980	133420	222180	424328	259380	176532	70156	236044	280412	245280	179324	73448	60172	216612	68832	115252	121472	147348	60528	195352	354052	122068	113836	263232	421264	322132	381804	55540	21208	115312	240660	77016	8536	190288	97284	79328	43228	318520	256868	10752	5772	164692	197380	365700	358212	299372	233076	9196	34648	245240	174356	351452	338288	228308	157640	255872	217300	92860	79392	23032	7520	8432	36556	220500	190096	171784	126336	51036	15772	
data	data	Precentral_L	Precentral_R	Frontal_Sup_L	Frontal_Sup_R	Frontal_Sup_Orb_L	Frontal_Sup_Orb_R	Frontal_Mid_L	Frontal_Mid_R	Frontal_Mid_Orb_L	Frontal_Mid_Orb_R	Frontal_Inf_Oper_L	Frontal_Inf_Oper_R	Frontal_Inf_Tri_L	Frontal_Inf_Tri_R	Frontal_Inf_Orb_L	Frontal_Inf_Orb_R	Rolandic_Oper_L	Rolandic_Oper_R	Supp_Motor_Area_L	Supp_Motor_Area_R	Olfactory_L	Olfactory_R	Frontal_Sup_Medial_L	Frontal_Sup_Medial_R	Frontal_Med_Orb_L	Frontal_Med_Orb_R	Rectus_L	Rectus_R	Insula_L	Insula_R	Cingulum_Ant_L	Cingulum_Ant_R	Cingulum_Mid_L	Cingulum_Mid_R	Cingulum_Post_L	Cingulum_Post_R	Hippocampus_L	Hippocampus_R	ParaHippocampal_L	ParaHippocampal_R	Amygdala_L	Amygdala_R	Calcarine_L	Calcarine_R	Cuneus_L	Cuneus_R	Lingual_L	Lingual_R	Occipital_Sup_L	Occipital_Sup_R	Occipital_Mid_L	Occipital_Mid_R	Occipital_Inf_L	Occipital_Inf_R	Fusiform_L	Fusiform_R	Postcentral_L	Postcentral_R	Parietal_Sup_L	Parietal_Sup_R	Parietal_Inf_L	Parietal_Inf_R	SupraMarginal_L	SupraMarginal_R	Angular_L	Angular_R	Precuneus_L	Precuneus_R	Paracentral_Lobule_L	Paracentral_Lobule_R	Caudate_L	Caudate_R	Putamen_L	Putamen_R	Pallidum_L	Pallidum_R	Thalamus_L	Thalamus_R	Heschl_L	Heschl_R	Temporal_Sup_L	Temporal_Sup_R	Temporal_Pole_Sup_L	Temporal_Pole_Sup_R	Temporal_Mid_L	Temporal_Mid_R	Temporal_Pole_Mid_L	Temporal_Pole_Mid_R	Temporal_Inf_L	Temporal_Inf_R	Cerebelum_Crus1_L	Cerebelum_Crus1_R	Cerebelum_Crus2_L	Cerebelum_Crus2_R	Cerebelum_3_L	Cerebelum_3_R	Cerebelum_4_5_L	Cerebelum_4_5_R	Cerebelum_6_L	Cerebelum_6_R	Cerebelum_7b_L	Cerebelum_7b_R	Cerebelum_8_L	Cerebelum_8_R	Cerebelum_9_L	Cerebelum_9_R	Cerebelum_10_L	Cerebelum_10_R	Vermis_1_2	Vermis_3	Vermis_4_5	Vermis_6	Vermis_7	Vermis_8	Vermis_9	Vermis_10	
389180	Precentral_L	0	224	18862	9942	0	0	11194	426	0	0	8490	256	498	0	0	0	9136	0	15274	14304	0	0	0	0	0	0	0	0	12280	0	0	170	2928	1444	3198	270	2514	142	0	0	0	0	0	0	0	0	0	0	0	0	3768	0	254	0	0	0	31030	0	424	0	7882	0	870	0	2006	0	0	0	16220	0	2296	3002	3448	0	206	0	3644	1342	3322	0	1084	0	0	0	1832	0	0	0	408	0	0	0	0	0	0	0	0	0	0	0	0	0	0	0	0	0	0	0	0	0	0	0	0	0	0	0	
122944	Precentral_R	224	0	0	10634	0	0	0	4708	0	0	0	9136	0	786	0	0	0	1248	0	8114	0	0	0	0	0	0	0	0	0	598	0	0	0	0	0	0	0	2160	0	0	0	0	0	136	0	0	0	0	0	0	0	0	0	0	0	0	224	11894	0	0	0	764	0	1556	0	0	0	322	0	2234	188	1554	0	938	0	352	0	562	0	148	0	0	0	0	0	1504	0	0	0	1488	0	0	0	0	0	0	0	0	0	0	0	0	0	0	0	0	0	0	0	0	0	0	0	0	0	0	
1.10127e+06	Frontal_Sup_L	18862	0	0	21444	16834	146	59438	624	6854	0	15566	360	34714	178	5070	0	11010	0	101248	42252	0	0	39936	5396	156	220	224	0	52362	688	13068	4882	3554	7620	300	0	2824	870	0	154	0	0	0	0	0	0	0	0	0	0	188	0	0	0	430	0	7214	0	0	0	366	0	1034	0	0	0	0	0	992	0	10460	718	28630	1516	6858	200	17514	278	2100	0	3350	0	244	0	430	0	0	0	1260	0	0	0	0	0	0	0	0	0	0	0	0	0	0	0	0	0	0	0	0	0	0	0	0	0	0	0	
1.05572e+06	Frontal_Sup_R	9942	10634	21444	0	360	11816	5640	26830	274	1602	584	5978	638	7804	0	4950	144	1996	20386	129464	0	0	12348	43364	0	5656	0	0	2116	8022	2690	34362	912	19918	3298	2206	366	14616	392	2026	0	0	0	564	0	0	0	0	0	0	0	220	0	0	150	728	766	5404	0	0	0	400	0	1332	0	154	0	596	3470	0	6268	36978	4072	18488	972	1812	0	30334	0	0	0	268	0	0	0	1248	0	0	0	856	0	0	0	0	0	0	0	0	0	0	0	0	0	0	0	0	0	0	0	0	0	0	0	0	0	0	
241292	Frontal_Sup_Orb_L	0	0	16834	360	0	0	4322	0	23096	0	2094	0	6186	0	9152	0	254	0	5416	376	2102	0	6096	274	2340	0	5192	0	19440	250	3024	222	174	256	0	0	0	406	0	0	0	0	0	0	0	0	0	0	0	0	0	0	0	0	0	0	0	0	0	0	0	0	0	0	0	0	0	0	0	0	2830	0	7730	774	0	0	0	0	0	0	0	0	1446	0	0	0	0	0	0	0	0	0	0	0	0	0	0	0	0	0	0	0	0	0	0	0	0	0	0	0	0	0	0	0	0	0	
190224	Frontal_Sup_Orb_R	0	0	146	11816	0	0	0	1500	0	6834	0	578	0	2796	0	7144	0	0	0	4280	782	2174	928	8216	214	9454	0	4806	0	3814	692	8000	0	290	0	0	0	0	0	0	0	0	0	0	0	0	0	0	0	0	0	0	0	0	0	0	0	0	0	0	0	0	0	0	0	0	0	0	0	0	928	11550	222	7948	0	0	0	0	0	0	0	0	0	0	0	0	0	0	0	0	0	0	0	0	0	0	0	0	0	0	0	0	0	0	0	0	0	0	0	0	0	0	0	0	0	0	
433132	Frontal_Mid_L	11194	0	59438	5640	4322	0	0	480	2478	0	8592	266	42900	150	5714	0	5060	0	8380	6666	0	0	12494	1468	0	0	0	0	27964	162	2526	1040	232	1884	0	0	212	176	0	0	0	0	0	0	0	0	0	0	0	0	0	0	0	0	0	0	434	0	0	0	0	0	0	0	0	0	0	0	0	0	2864	340	1500	476	0	0	666	0	388	0	460	0	0	0	0	0	0	0	0	0	0	0	0	0	0	0	0	0	0	0	0	0	0	0	0	0	0	0	0	0	0	0	0	0	0	0	
222048	Frontal_Mid_R	426	4708	624	26830	0	1500	480	0	0	142	0	12778	0	20008	0	2382	0	512	820	5816	0	0	1194	4810	0	320	0	0	172	4462	522	5742	0	1876	0	0	0	478	0	0	0	0	0	0	0	0	0	0	0	0	0	0	0	0	0	0	0	174	0	0	0	248	0	718	0	0	0	0	0	0	2810	5752	1586	2022	0	0	0	954	0	158	0	0	0	0	0	0	0	0	0	0	0	0	0	0	0	0	0	0	0	0	0	0	0	0	0	0	0	0	0	0	0	0	0	0	0	0	
172104	Frontal_Mid_Orb_L	0	0	6854	274	23096	0	2478	0	0	0	1038	0	4436	0	13484	0	140	0	3720	326	296	0	890	0	576	0	2502	0	14022	226	676	0	172	168	0	0	0	312	0	0	0	0	0	0	0	0	0	0	0	0	0	0	0	0	0	0	0	0	0	0	0	0	0	0	0	0	0	0	0	0	1856	0	7226	644	0	0	0	0	0	0	0	0	640	0	0	0	0	0	0	0	0	0	0	0	0	0	0	0	0	0	0	0	0	0	0	0	0	0	0	0	0	0	0	0	0	0	
44532	Frontal_Mid_Orb_R	0	0	0	1602	0	6834	0	142	0	0	0	0	0	164	0	5294	0	0	0	1536	0	0	0	0	0	242	0	196	0	670	0	0	0	0	0	0	0	0	0	0	0	0	0	0	0	0	0	0	0	0	0	0	0	0	0	0	0	0	0	0	0	0	0	0	0	0	0	0	0	0	0	2478	0	3108	0	0	0	0	0	0	0	0	0	0	0	0	0	0	0	0	0	0	0	0	0	0	0	0	0	0	0	0	0	0	0	0	0	0	0	0	0	0	0	0	0	0	
237012	Frontal_Inf_Oper_L	8490	0	15566	584	2094	0	8592	0	1038	0	0	0	16578	0	576	0	9628	0	12076	1046	0	0	1476	0	0	0	0	0	21926	1458	1646	280	0	1010	0	0	192	1320	0	584	0	0	0	0	0	0	0	0	0	0	0	0	0	134	0	444	2196	0	0	0	0	0	0	0	0	0	0	0	0	0	3486	0	310	1840	0	0	0	0	1052	0	1986	0	898	0	0	0	0	0	0	0	0	0	0	0	0	0	0	0	0	0	0	0	0	0	0	0	0	0	0	0	0	0	0	0	0	0	
154284	Frontal_Inf_Oper_R	256	9136	360	5978	0	578	266	12778	0	0	0	0	0	7962	0	0	0	3264	352	4324	0	0	0	480	0	0	0	0	0	8322	0	1560	0	0	0	182	0	1524	0	234	0	0	0	0	0	0	0	0	0	0	0	0	0	0	0	184	0	1886	0	0	0	680	0	1358	0	0	0	0	0	0	2050	6818	676	4024	0	0	0	1578	0	190	0	0	0	0	0	0	0	0	0	142	0	0	0	0	0	0	0	0	0	0	0	0	0	0	0	0	0	0	0	0	0	0	0	0	0	0	
380200	Frontal_Inf_Tri_L	498	0	34714	638	6186	0	42900	0	4436	0	16578	0	0	0	15130	0	1992	0	5666	568	0	0	9980	1204	0	0	0	0	39112	452	3632	874	208	772	0	0	0	616	0	162	0	0	0	0	0	0	0	0	0	0	0	0	0	0	0	0	0	0	0	0	0	0	0	0	0	0	0	0	0	0	1216	0	570	830	0	0	0	0	0	0	618	0	548	0	0	0	0	0	0	0	0	0	0	0	0	0	0	0	0	0	0	0	0	0	0	0	0	0	0	0	0	0	0	0	0	0	
186936	Frontal_Inf_Tri_R	0	786	178	7804	0	2796	150	20008	0	164	0	7962	0	0	0	5330	0	0	500	2240	0	0	1438	5560	0	652	0	0	184	10058	826	9954	0	2236	148	212	0	700	0	0	0	0	0	0	0	0	0	0	0	0	0	0	0	0	0	0	0	0	0	0	0	0	0	0	0	0	0	0	0	0	1104	8788	442	1936	0	0	0	1312	0	0	0	0	0	0	0	0	0	0	0	0	0	0	0	0	0	0	0	0	0	0	0	0	0	0	0	0	0	0	0	0	0	0	0	0	0	0	
179344	Frontal_Inf_Orb_L	0	0	5070	0	9152	0	5714	0	13484	0	576	0	15130	0	0	0	158	0	830	0	1296	0	870	0	0	0	1168	0	18648	0	296	0	0	0	0	0	0	0	0	0	0	0	0	0	0	0	0	0	0	0	0	0	0	0	0	0	0	0	0	0	0	0	0	0	0	0	0	0	0	0	496	0	5628	0	0	0	0	0	0	0	3112	0	5944	0	2100	0	0	0	0	0	0	0	0	0	0	0	0	0	0	0	0	0	0	0	0	0	0	0	0	0	0	0	0	0	0	0	
106380	Frontal_Inf_Orb_R	0	0	0	4950	0	7144	0	2382	0	5294	0	0	0	5330	0	0	0	0	0	2062	0	568	160	1762	0	0	0	734	0	9546	206	2002	0	426	0	0	0	0	0	0	0	0	0	0	0	0	0	0	0	0	0	0	0	0	0	0	0	0	0	0	0	0	0	0	0	0	0	0	0	0	0	2018	0	7504	0	0	0	0	0	0	0	0	0	1102	0	0	0	0	0	0	0	0	0	0	0	0	0	0	0	0	0	0	0	0	0	0	0	0	0	0	0	0	0	0	0	0	
212148	Rolandic_Oper_L	9136	0	11010	144	254	0	5060	0	140	0	9628	0	1992	0	158	0	0	0	10390	558	0	0	0	0	0	0	0	0	20984	0	0	0	0	170	0	0	1612	0	0	0	0	0	0	0	0	0	0	0	0	0	1464	0	280	0	0	0	8420	0	0	0	1000	0	1292	0	722	0	0	0	162	0	188	0	700	0	0	0	582	0	6700	0	7108	0	694	0	3416	0	0	0	2110	0	0	0	0	0	0	0	0	0	0	0	0	0	0	0	0	0	0	0	0	0	0	0	0	0	0	0	
138672	Rolandic_Oper_R	0	1248	0	1996	0	0	0	512	0	0	0	3264	0	0	0	0	0	0	0	1780	0	0	0	0	0	0	0	0	0	11182	0	0	0	0	426	602	0	5780	0	2106	0	0	0	0	0	0	0	0	0	0	0	0	0	306	0	1558	0	6114	0	0	0	616	0	4618	0	0	0	0	0	0	272	2662	0	13354	0	616	0	3576	0	1302	0	4580	0	160	0	298	0	0	0	408	0	0	0	0	0	0	0	0	0	0	0	0	0	0	0	0	0	0	0	0	0	0	0	0	0	0	
723332	Supp_Motor_Area_L	15274	0	101248	20386	5416	0	8380	820	3720	0	12076	352	5666	500	830	0	10390	0	0	47920	0	0	6062	3740	0	0	0	0	27550	706	3426	4292	9392	12580	406	0	1664	480	0	146	0	0	0	0	0	0	0	0	0	0	184	0	0	0	426	0	5612	0	0	0	358	0	1034	0	0	0	0	0	4236	0	6086	746	22146	1262	4542	200	4256	278	1730	0	3248	0	234	0	418	0	0	0	1248	0	0	0	0	0	0	0	0	0	0	0	0	0	0	0	0	0	0	0	0	0	0	0	0	0	0	0	
1.12206e+06	Supp_Motor_Area_R	14304	8114	42252	129464	376	4280	6666	5816	326	1536	1046	4324	568	2240	0	2062	558	1780	47920	0	0	0	8926	16894	0	2612	0	0	2718	4196	2638	17904	7130	54862	3086	6540	842	6252	214	944	0	0	0	2540	0	1686	0	334	0	1826	140	3022	0	0	0	570	2116	5978	0	370	0	898	0	2446	0	330	0	8574	5180	15938	5406	33382	7512	16054	4680	1840	2458	21348	188	0	148	1638	0	0	164	2994	0	0	0	1882	0	0	0	0	0	0	0	0	0	0	0	0	0	0	0	0	0	0	0	0	0	0	0	0	0	0	
67420	Olfactory_L	0	0	0	0	2102	782	0	0	296	0	0	0	0	0	1296	0	0	0	0	0	0	5196	0	0	0	0	1248	1072	3418	0	2492	1602	0	0	0	0	626	0	0	0	750	0	0	0	0	0	0	0	0	0	0	0	0	0	364	0	0	0	0	0	0	0	0	0	0	0	0	0	0	0	6386	3806	1402	298	0	0	0	0	0	0	0	0	574	0	0	0	0	0	0	0	0	0	0	0	0	0	0	0	0	0	0	0	0	0	0	0	0	0	0	0	0	0	0	0	0	0	
61668	Olfactory_R	0	0	0	0	0	2174	0	0	0	0	0	0	0	0	0	568	0	0	0	0	5196	0	0	0	0	1314	196	3566	0	1756	2062	2544	0	0	0	0	0	0	0	0	0	202	0	0	0	0	0	0	0	0	0	0	0	0	0	0	0	0	0	0	0	0	0	0	0	0	0	0	0	0	5544	4116	362	1098	0	0	0	0	0	0	0	0	0	136	0	0	0	0	0	0	0	0	0	0	0	0	0	0	0	0	0	0	0	0	0	0	0	0	0	0	0	0	0	0	0	0	
394804	Frontal_Sup_Medial_L	0	0	39936	12348	6096	928	12494	1194	890	0	1476	0	9980	1438	870	160	0	0	6062	8926	0	0	0	26654	1448	1138	352	0	9824	200	16170	18272	3896	13896	0	0	0	458	0	0	0	0	0	0	0	0	0	0	0	0	0	0	0	0	0	0	0	0	0	0	0	0	0	0	0	0	0	0	0	0	690	0	960	646	0	0	0	0	0	0	0	0	0	0	0	0	0	0	0	0	0	0	0	0	0	0	0	0	0	0	0	0	0	0	0	0	0	0	0	0	0	0	0	0	0	0	
411164	Frontal_Sup_Medial_R	0	0	5396	43364	274	8216	1468	4810	0	0	0	480	1204	5560	0	1762	0	0	3740	16894	0	0	26654	0	278	7130	0	0	1446	2956	3256	38904	748	21952	0	0	0	538	0	0	0	0	0	0	0	0	0	0	0	0	0	0	0	0	0	0	0	0	0	0	0	0	0	0	0	0	0	0	0	0	216	5300	0	2426	0	0	0	610	0	0	0	0	0	0	0	0	0	0	0	0	0	0	0	0	0	0	0	0	0	0	0	0	0	0	0	0	0	0	0	0	0	0	0	0	0	0	
18220	Frontal_Med_Orb_L	0	0	156	0	2340	214	0	0	576	0	0	0	0	0	0	0	0	0	0	0	0	0	1448	278	0	660	772	214	0	0	1792	0	0	0	0	0	0	0	0	0	0	0	0	0	0	0	0	0	0	0	0	0	0	0	0	0	0	0	0	0	0	0	0	0	0	0	0	0	0	0	296	0	364	0	0	0	0	0	0	0	0	0	0	0	0	0	0	0	0	0	0	0	0	0	0	0	0	0	0	0	0	0	0	0	0	0	0	0	0	0	0	0	0	0	0	0	
103452	Frontal_Med_Orb_R	0	0	220	5656	0	9454	0	320	0	242	0	0	0	652	0	0	0	0	0	2612	0	1314	1138	7130	660	0	0	3698	0	902	1582	7236	0	0	0	0	0	0	0	0	0	0	0	0	0	0	0	0	0	0	0	0	0	0	0	0	0	0	0	0	0	0	0	0	0	0	0	0	0	0	0	6412	0	2498	0	0	0	0	0	0	0	0	0	0	0	0	0	0	0	0	0	0	0	0	0	0	0	0	0	0	0	0	0	0	0	0	0	0	0	0	0	0	0	0	0	0	
33436	Rectus_L	0	0	224	0	5192	0	0	0	2502	0	0	0	0	0	1168	0	0	0	0	0	1248	196	352	0	772	0	0	0	1138	0	1580	190	0	0	0	0	0	0	0	0	0	0	0	0	0	0	0	0	0	0	0	0	0	0	0	0	0	0	0	0	0	0	0	0	0	0	0	0	0	0	1268	0	348	0	0	0	0	0	0	0	0	0	540	0	0	0	0	0	0	0	0	0	0	0	0	0	0	0	0	0	0	0	0	0	0	0	0	0	0	0	0	0	0	0	0	0	
40248	Rectus_R	0	0	0	0	0	4806	0	0	0	196	0	0	0	0	0	734	0	0	0	0	1072	3566	0	0	214	3698	0	0	0	820	604	1392	0	0	0	0	0	0	0	0	0	0	0	0	0	0	0	0	0	0	0	0	0	0	0	0	0	0	0	0	0	0	0	0	0	0	0	0	0	0	1062	904	218	838	0	0	0	0	0	0	0	0	0	0	0	0	0	0	0	0	0	0	0	0	0	0	0	0	0	0	0	0	0	0	0	0	0	0	0	0	0	0	0	0	0	0	
758568	Insula_L	12280	0	52362	2116	19440	0	27964	172	14022	0	21926	0	39112	184	18648	0	20984	0	27550	2718	3418	0	9824	1446	0	0	1138	0	0	1780	3234	1234	0	1740	0	0	10572	1696	436	638	276	0	0	0	0	0	0	0	0	0	1966	0	376	134	1872	480	7598	0	0	0	794	0	0	0	196	0	0	0	302	0	7034	1044	21642	2646	0	178	3180	268	7070	0	8180	0	6638	0	5448	0	0	0	5328	0	0	0	0	0	0	0	0	0	0	0	0	0	0	0	0	0	0	0	0	0	0	0	0	0	0	0	
295492	Insula_R	0	598	688	8022	250	3814	162	4462	226	670	1458	8322	452	10058	0	9546	0	11182	706	4196	0	1756	200	2956	0	902	0	820	1780	0	498	4976	0	336	0	240	0	8882	0	3888	0	298	0	384	0	0	0	168	0	0	0	158	0	390	0	3358	0	334	0	0	0	136	0	556	0	0	0	360	0	0	5010	7746	826	24216	0	176	0	1002	0	760	0	4336	0	3066	0	1366	0	0	0	1054	0	0	0	0	0	0	0	0	0	0	0	0	0	0	0	0	0	0	0	0	0	0	0	0	0	0	
210984	Cingulum_Ant_L	0	0	13068	2690	3024	692	2526	522	676	0	1646	0	3632	826	296	206	0	0	3426	2638	2492	2062	16170	3256	1792	1582	1580	604	3234	498	0	12904	5732	3736	0	0	0	338	0	0	0	0	0	0	0	0	0	0	0	0	0	0	0	0	0	0	0	0	0	0	0	0	0	0	0	0	0	0	0	0	6504	2640	3372	1128	0	0	0	0	0	0	0	0	0	0	0	0	0	0	0	0	0	0	0	0	0	0	0	0	0	0	0	0	0	0	0	0	0	0	0	0	0	0	0	0	0	0	
456752	Cingulum_Ant_R	170	0	4882	34362	222	8000	1040	5742	0	0	280	1560	874	9954	0	2002	0	0	4292	17904	1602	2544	18272	38904	0	7236	190	1392	1234	4976	12904	0	3260	23820	0	0	0	322	0	0	0	0	0	0	0	0	0	0	0	0	0	0	0	0	0	0	0	0	0	0	0	0	0	0	0	0	0	0	0	0	3540	13904	556	2436	0	0	0	0	0	0	0	0	0	0	0	0	0	0	0	0	0	0	0	0	0	0	0	0	0	0	0	0	0	0	0	0	0	0	0	0	0	0	0	0	0	0	
122732	Cingulum_Mid_L	2928	0	3554	912	174	0	232	0	172	0	0	0	208	0	0	0	0	0	9392	7130	0	0	3896	748	0	0	0	0	0	0	5732	3260	0	8988	1394	370	0	0	0	0	0	0	0	0	164	0	0	0	1810	0	1430	0	0	0	0	0	0	0	330	0	0	0	0	0	0	0	2646	660	4324	912	0	0	0	0	0	0	0	0	0	0	0	0	0	0	0	0	0	0	0	0	0	0	0	0	0	0	0	0	0	0	0	0	0	0	0	0	0	0	0	0	0	0	0	0	0	0	
471224	Cingulum_Mid_R	1444	0	7620	19918	256	290	1884	1876	168	0	1010	0	772	2236	0	426	170	0	12580	54862	0	0	13896	21952	0	0	0	0	1740	336	3736	23820	8988	0	374	5082	0	1222	0	162	0	0	0	2666	0	3910	0	362	0	3890	0	4464	0	0	0	0	0	1474	0	484	0	532	0	344	0	0	0	12698	1012	11230	876	0	300	1532	0	0	0	182	0	0	0	844	0	0	0	1356	0	0	0	636	0	0	0	0	0	0	0	0	0	0	0	0	0	0	0	0	0	0	0	0	0	0	0	0	0	0	
140336	Cingulum_Post_L	3198	0	300	3298	0	0	0	0	0	0	0	0	0	148	0	0	0	426	406	3086	0	0	0	0	0	0	0	0	0	0	0	0	1394	374	0	14282	4614	6702	3634	968	0	0	3012	180	446	0	3162	182	416	0	1798	0	522	0	586	0	0	0	0	0	0	0	0	0	0	0	5382	1948	3118	0	0	0	0	746	0	0	0	4426	0	0	0	0	0	0	638	226	0	0	142	224	0	0	0	0	0	0	0	0	0	0	0	0	0	0	0	0	0	0	0	0	184	0	0	0	0	0	
175636	Cingulum_Post_R	270	0	0	2206	0	0	0	0	0	0	0	182	0	212	0	0	0	602	0	6540	0	0	0	0	0	0	0	0	0	240	0	0	370	5082	14282	0	4254	10888	2774	1568	0	0	0	6088	0	618	1638	1044	0	0	912	352	442	0	692	0	0	324	0	0	0	0	0	0	0	0	1838	11276	604	1478	0	0	0	1102	0	0	0	5372	0	0	0	0	0	0	338	2226	0	0	0	1482	0	0	0	0	0	0	0	0	0	0	0	0	0	0	0	0	0	0	0	0	522	0	0	0	0	0	
187664	Hippocampus_L	2514	0	2824	366	0	0	212	0	0	0	192	0	0	0	0	0	1612	0	1664	842	626	0	0	0	0	0	0	0	10572	0	0	0	0	0	4614	4254	0	3682	11208	568	4074	0	730	0	0	0	3528	208	0	0	298	0	764	0	7228	0	940	0	0	0	318	0	0	0	0	0	2274	954	0	0	156	0	4034	0	0	0	5398	2674	2410	0	2170	0	580	0	902	0	0	0	8310	0	0	0	0	0	0	0	0	0	0	0	0	0	0	0	0	0	0	0	0	0	132	0	0	0	0	0	
407604	Hippocampus_R	142	2160	870	14616	406	0	176	478	312	0	1320	1524	616	700	0	0	0	5780	480	6252	0	0	458	538	0	0	0	0	1696	8882	338	322	0	1222	6702	10888	3682	0	2370	30004	0	6680	0	2900	0	0	1618	3092	0	0	0	872	296	1710	476	25760	0	2132	0	0	0	0	0	752	0	0	1256	5748	0	0	2314	426	260	20682	0	0	0	9030	0	0	0	782	0	2262	0	2730	0	0	0	8660	0	0	0	0	0	0	0	0	0	0	0	0	0	0	0	0	0	0	0	0	430	0	0	0	0	0	
92088	ParaHippocampal_L	0	0	0	392	0	0	0	0	0	0	0	0	0	0	0	0	0	0	0	214	0	0	0	0	0	0	0	0	436	0	0	0	0	0	3634	2774	11208	2370	0	322	610	0	1284	0	0	0	6032	362	0	0	266	0	1398	0	4512	0	0	0	0	0	0	0	0	0	0	0	2852	898	0	0	0	0	302	0	0	0	944	1940	276	0	138	0	0	0	414	0	0	0	1106	0	362	0	0	0	0	0	516	0	336	0	0	0	0	0	0	0	0	0	0	146	0	0	0	0	0	0	
221124	ParaHippocampal_R	0	0	154	2026	0	0	0	0	0	0	584	234	162	0	0	0	0	2106	146	944	0	0	0	0	0	0	0	0	638	3888	0	0	0	162	968	1568	568	30004	322	0	0	5442	0	1732	0	0	166	4020	0	0	0	826	0	4504	0	25866	0	420	0	0	0	0	0	0	0	0	0	2116	0	0	1098	210	0	8074	0	0	0	2500	0	0	0	388	0	2436	0	1006	0	426	0	4306	0	0	0	0	0	0	0	210	0	342	0	0	0	0	0	0	0	0	0	0	0	0	0	0	0	0	
18972	Amygdala_L	0	0	0	0	0	0	0	0	0	0	0	0	0	0	0	0	0	0	0	0	750	0	0	0	0	0	0	0	276	0	0	0	0	0	0	0	4074	0	610	0	0	0	0	0	0	0	0	0	0	0	0	0	0	0	2622	0	0	0	0	0	0	0	0	0	0	0	0	0	0	0	0	0	0	0	0	0	0	0	0	0	0	0	264	0	0	0	0	0	890	0	0	0	0	0	0	0	0	0	0	0	0	0	0	0	0	0	0	0	0	0	0	0	0	0	0	0	
43540	Amygdala_R	0	0	0	0	0	0	0	0	0	0	0	0	0	0	0	0	0	0	0	0	0	202	0	0	0	0	0	0	0	298	0	0	0	0	0	0	0	6680	0	5442	0	0	0	0	0	0	0	0	0	0	0	0	0	0	0	6140	0	0	0	0	0	0	0	0	0	0	0	0	0	0	0	0	0	286	0	0	0	0	0	0	0	0	0	2520	0	0	0	0	0	202	0	0	0	0	0	0	0	0	0	0	0	0	0	0	0	0	0	0	0	0	0	0	0	0	0	0	
178652	Calcarine_L	0	0	0	0	0	0	0	0	0	0	0	0	0	0	0	0	0	0	0	0	0	0	0	0	0	0	0	0	0	0	0	0	0	0	3012	0	730	0	1284	0	0	0	0	5450	10554	3594	9948	1450	6202	1634	19466	0	5356	0	1494	0	0	0	0	0	0	0	0	0	0	0	15360	134	138	0	0	0	0	0	0	0	0	0	0	0	0	0	0	0	2920	0	0	0	600	0	0	0	0	0	0	0	0	0	0	0	0	0	0	0	0	0	0	0	0	0	0	0	0	0	0	0	
353948	Calcarine_R	0	136	0	564	0	0	0	0	0	0	0	0	0	0	0	0	0	0	0	2540	0	0	0	0	0	0	0	0	0	384	0	0	0	2666	180	6088	0	2900	0	1732	0	0	5450	0	2172	27540	272	21312	142	21640	0	22556	0	2224	0	3634	0	330	0	0	0	172	0	142	0	226	0	30404	0	1034	0	0	0	0	0	0	0	0	0	0	0	0	0	0	0	14154	0	0	0	6380	0	0	0	0	0	0	0	0	0	0	0	0	0	0	0	0	0	0	0	0	0	0	0	0	0	0	
87500	Cuneus_L	0	0	0	0	0	0	0	0	0	0	0	0	0	0	0	0	0	0	0	0	0	0	0	0	0	0	0	0	0	0	0	0	164	0	446	0	0	0	0	0	0	0	10554	2172	0	4188	582	0	9920	1814	6740	0	890	0	0	0	0	0	280	0	0	0	0	0	0	0	4764	364	214	0	0	0	0	0	0	0	0	0	0	0	0	0	0	0	658	0	0	0	0	0	0	0	0	0	0	0	0	0	0	0	0	0	0	0	0	0	0	0	0	0	0	0	0	0	0	0	
244240	Cuneus_R	0	0	0	0	0	0	0	0	0	0	0	0	0	0	0	0	0	0	0	1686	0	0	0	0	0	0	0	0	0	0	0	0	0	3910	0	618	0	0	0	0	0	0	3594	27540	4188	0	0	7904	0	34102	0	11554	0	140	0	636	0	0	0	1058	0	0	0	0	0	696	2204	17738	0	874	0	0	0	0	0	0	0	0	0	0	0	0	0	0	0	2322	0	0	0	1356	0	0	0	0	0	0	0	0	0	0	0	0	0	0	0	0	0	0	0	0	0	0	0	0	0	0	
230644	Lingual_L	0	0	0	0	0	0	0	0	0	0	0	0	0	0	0	0	0	0	0	0	0	0	0	0	0	0	0	0	0	0	0	0	0	0	3162	1638	3528	1618	6032	166	0	0	9948	272	582	0	0	1674	2850	0	17686	0	12210	0	14284	0	0	0	0	0	346	0	342	0	506	0	8296	850	0	0	0	0	0	0	0	0	0	700	0	0	0	0	0	0	2520	0	0	0	1764	0	4730	238	0	0	182	0	5280	196	8894	716	0	0	0	0	0	0	0	0	0	0	1554	2304	254	0	0	0	
226980	Lingual_R	0	0	0	0	0	0	0	0	0	0	0	0	0	0	0	0	0	0	0	334	0	0	0	0	0	0	0	0	0	168	0	0	0	362	182	1044	208	3092	362	4020	0	0	1450	21312	0	7904	1674	0	0	10038	0	12202	0	5970	372	14210	0	0	0	0	0	0	0	0	0	0	156	6466	0	0	0	0	0	272	0	0	0	0	0	0	0	0	0	0	0	1408	0	0	0	1508	642	1398	0	0	0	0	852	2292	2214	3982	0	0	0	0	188	0	0	0	0	0	3058	3598	552	0	0	0	
133420	Occipital_Sup_L	0	0	0	0	0	0	0	0	0	0	0	0	0	0	0	0	0	0	0	0	0	0	0	0	0	0	0	0	0	0	0	0	1810	0	416	0	0	0	0	0	0	0	6202	142	9920	0	2850	0	0	0	28258	0	1232	0	200	0	0	0	6970	0	770	0	0	0	0	0	7940	0	0	0	0	0	0	0	0	0	0	0	0	0	0	0	0	0	0	0	0	0	0	0	0	0	0	0	0	0	0	0	0	0	0	0	0	0	0	0	0	0	0	0	0	0	0	0	0	0	
222180	Occipital_Sup_R	0	0	0	0	0	0	0	0	0	0	0	0	0	0	0	0	0	0	0	1826	0	0	0	0	0	0	0	0	0	0	0	0	0	3890	0	0	0	0	0	0	0	0	1634	21640	1814	34102	0	10038	0	0	0	18536	0	1252	0	796	0	0	0	1630	0	0	0	0	0	1278	352	9806	0	744	0	0	0	0	0	0	0	0	0	0	0	0	0	0	0	1248	0	0	0	504	0	0	0	0	0	0	0	0	0	0	0	0	0	0	0	0	0	0	0	0	0	0	0	0	0	0	
424328	Occipital_Mid_L	3768	0	188	0	0	0	0	0	0	0	0	0	0	0	0	0	1464	0	184	140	0	0	0	0	0	0	0	0	1966	0	0	0	1430	0	1798	912	298	0	266	0	0	0	19466	0	6740	0	17686	0	28258	0	0	0	31354	0	7084	0	3600	0	8332	0	12036	0	3192	0	15572	0	12646	0	3648	0	0	0	0	0	0	0	160	0	1048	0	694	0	0	0	25570	0	0	0	2664	0	0	0	0	0	0	0	0	0	0	0	0	0	0	0	0	0	0	0	0	0	0	0	0	0	0	0	
259380	Occipital_Mid_R	0	0	0	220	0	0	0	0	0	0	0	0	0	0	0	0	0	0	0	3022	0	0	0	0	0	0	0	0	0	158	0	0	0	4464	0	352	0	872	0	826	0	0	0	22556	0	11554	0	12202	0	18536	0	0	0	3500	0	4234	0	0	0	0	0	226	0	1322	0	7574	0	13586	0	828	0	0	0	0	0	0	0	0	0	0	0	792	0	0	0	18962	0	0	0	3904	0	0	0	0	0	0	0	0	0	0	0	0	0	0	0	0	0	0	0	0	0	0	0	0	0	0	
176532	Occipital_Inf_L	254	0	0	0	0	0	0	0	0	0	0	0	0	0	0	0	280	0	0	0	0	0	0	0	0	0	0	0	376	0	0	0	0	0	522	442	764	296	1398	0	0	0	5356	0	890	0	12210	0	1232	0	31354	0	0	0	11746	0	362	0	0	0	928	0	586	0	1524	0	5294	152	0	0	0	0	0	0	0	0	0	0	238	0	256	0	0	0	8894	0	0	0	2912	0	0	0	0	0	0	0	0	0	0	0	0	0	0	0	0	0	0	0	0	0	0	0	0	0	0	0	
70156	Occipital_Inf_R	0	0	0	0	0	0	0	0	0	0	134	0	0	0	0	0	0	306	0	0	0	0	0	0	0	0	0	0	134	390	0	0	0	0	0	0	0	1710	0	4504	0	0	0	2224	0	140	0	5970	0	1252	0	3500	0	0	0	10248	0	0	0	0	0	0	0	0	0	0	0	510	0	0	232	0	0	776	0	0	0	0	0	0	0	0	0	0	0	804	0	0	0	2244	0	0	0	0	0	0	0	0	0	0	0	0	0	0	0	0	0	0	0	0	0	0	0	0	0	0	
236044	Fusiform_L	0	0	430	150	0	0	0	0	0	0	0	0	0	0	0	0	0	0	426	0	364	0	0	0	0	0	0	0	1872	0	0	0	0	0	586	692	7228	476	4512	0	2622	0	1494	0	0	0	14284	372	200	0	7084	0	11746	0	0	0	0	0	0	0	164	0	0	0	302	0	3032	152	0	0	0	0	664	0	0	0	0	380	0	0	1492	0	516	0	1782	0	410	0	10236	0	14302	254	510	0	0	0	8438	0	17162	476	0	0	0	0	0	0	0	0	0	0	1746	1192	274	0	0	0	
280412	Fusiform_R	0	0	0	728	0	0	0	0	0	0	444	184	0	0	0	0	0	1558	0	570	0	0	0	0	0	0	0	0	480	3358	0	0	0	0	0	0	0	25760	0	25866	0	6140	0	3634	0	636	0	14210	0	796	0	4234	0	10248	0	0	0	196	0	0	0	0	0	0	0	0	0	1674	0	0	828	0	0	6674	0	0	0	308	0	0	0	502	0	2776	0	2038	0	788	0	11042	0	2010	0	0	0	0	414	3382	186	5058	0	0	0	0	0	0	0	0	0	0	2816	668	0	0	0	0	
245280	Postcentral_L	31030	224	7214	766	0	0	434	0	0	0	2196	0	0	0	0	0	8420	0	5612	2116	0	0	0	0	0	0	0	0	7598	0	0	0	0	0	0	0	940	0	0	0	0	0	0	0	0	0	0	0	0	0	3600	0	362	0	0	0	0	150	3136	0	22702	0	2942	0	2528	0	794	0	2418	0	1246	2390	1700	0	178	166	802	364	3298	0	2786	0	0	0	3632	0	0	0	896	0	0	0	0	0	0	0	0	0	0	0	0	0	0	0	0	0	0	0	0	0	0	0	0	0	0	0	
179324	Postcentral_R	0	11894	0	5404	0	0	0	174	0	0	0	1886	0	0	0	0	0	6114	0	5978	0	0	0	0	0	0	0	0	0	334	0	0	0	1474	0	324	0	2132	0	420	0	0	0	330	0	0	0	0	0	0	0	0	0	0	0	196	150	0	0	8316	0	8878	0	13636	0	1112	0	6466	0	5366	250	174	0	2382	0	468	0	1304	0	320	0	1218	0	0	0	1550	0	0	0	1412	0	0	0	0	0	0	0	0	0	0	0	0	0	0	0	0	0	0	0	0	0	0	0	0	0	0	
73448	Parietal_Sup_L	424	0	0	0	0	0	0	0	0	0	0	0	0	0	0	0	0	0	0	0	0	0	0	0	0	0	0	0	0	0	0	0	330	0	0	0	0	0	0	0	0	0	0	0	280	0	0	0	6970	0	8332	0	0	0	0	0	3136	0	0	0	5716	0	254	0	1208	0	7262	0	2216	0	0	0	0	0	0	0	0	0	0	0	0	0	0	0	596	0	0	0	0	0	0	0	0	0	0	0	0	0	0	0	0	0	0	0	0	0	0	0	0	0	0	0	0	0	0	0	
60172	Parietal_Sup_R	0	0	0	0	0	0	0	0	0	0	0	0	0	0	0	0	0	0	0	370	0	0	0	0	0	0	0	0	0	0	0	0	0	484	0	0	0	0	0	0	0	0	0	0	0	1058	0	0	0	1630	0	0	0	0	0	0	0	8316	0	0	0	5298	0	386	0	1544	158	8416	0	2426	0	0	0	0	0	0	0	0	0	0	0	0	0	0	0	0	0	0	0	0	0	0	0	0	0	0	0	0	0	0	0	0	0	0	0	0	0	0	0	0	0	0	0	0	0	0	
216612	Parietal_Inf_L	7882	0	366	0	0	0	0	0	0	0	0	0	0	0	0	0	1000	0	358	0	0	0	0	0	0	0	0	0	794	0	0	0	0	0	0	0	318	0	0	0	0	0	0	0	0	0	346	0	770	0	12036	0	928	0	164	0	22702	0	5716	0	0	0	17274	0	22188	0	342	0	4154	0	234	0	0	0	0	0	0	0	580	0	1694	0	0	0	7572	0	0	0	888	0	0	0	0	0	0	0	0	0	0	0	0	0	0	0	0	0	0	0	0	0	0	0	0	0	0	0	
68832	Parietal_Inf_R	0	764	0	400	0	0	0	248	0	0	0	680	0	0	0	0	0	616	0	898	0	0	0	0	0	0	0	0	0	136	0	0	0	532	0	0	0	0	0	0	0	0	0	172	0	0	0	0	0	0	0	226	0	0	0	0	0	8878	0	5298	0	0	0	8684	0	3762	0	1720	0	856	0	0	0	0	0	0	0	0	0	0	0	0	0	0	0	276	0	0	0	270	0	0	0	0	0	0	0	0	0	0	0	0	0	0	0	0	0	0	0	0	0	0	0	0	0	0	
115252	SupraMarginal_L	870	0	1034	0	0	0	0	0	0	0	0	0	0	0	0	0	1292	0	1034	0	0	0	0	0	0	0	0	0	0	0	0	0	0	0	0	0	0	0	0	0	0	0	0	0	0	0	342	0	0	0	3192	0	586	0	0	0	2942	0	254	0	17274	0	0	0	11766	0	0	0	1046	0	0	0	0	0	0	0	0	0	0	0	5158	0	0	0	10836	0	0	0	0	0	0	0	0	0	0	0	0	0	0	0	0	0	0	0	0	0	0	0	0	0	0	0	0	0	0	0	
121472	SupraMarginal_R	0	1556	0	1332	0	0	0	718	0	0	0	1358	0	0	0	0	0	4618	0	2446	0	0	0	0	0	0	0	0	0	556	0	0	0	344	0	0	0	752	0	0	0	0	0	142	0	0	0	0	0	0	0	1322	0	0	0	0	0	13636	0	386	0	8684	0	0	0	6014	0	150	0	812	0	0	0	0	0	0	0	0	0	0	0	6834	0	0	0	7066	0	0	0	2010	0	0	0	0	0	0	0	0	0	0	0	0	0	0	0	0	0	0	0	0	0	0	0	0	0	0	
147348	Angular_L	2006	0	0	0	0	0	0	0	0	0	0	0	0	0	0	0	722	0	0	0	0	0	0	0	0	0	0	0	196	0	0	0	0	0	0	0	0	0	0	0	0	0	0	0	0	0	506	0	0	0	15572	0	1524	0	302	0	2528	0	1208	0	22188	0	11766	0	0	0	178	0	2566	0	0	0	0	0	0	0	0	0	0	0	1892	0	0	0	9786	0	0	0	734	0	0	0	0	0	0	0	0	0	0	0	0	0	0	0	0	0	0	0	0	0	0	0	0	0	0	0	
60528	Angular_R	0	0	0	154	0	0	0	0	0	0	0	0	0	0	0	0	0	0	0	330	0	0	0	0	0	0	0	0	0	0	0	0	0	0	0	0	0	0	0	0	0	0	0	226	0	696	0	0	0	1278	0	7574	0	0	0	0	0	1112	0	1544	0	3762	0	6014	0	0	0	908	0	0	0	0	0	0	0	0	0	0	0	0	0	1916	0	0	0	4186	0	0	0	564	0	0	0	0	0	0	0	0	0	0	0	0	0	0	0	0	0	0	0	0	0	0	0	0	0	0	
195352	Precuneus_L	0	0	0	0	0	0	0	0	0	0	0	0	0	0	0	0	0	0	0	0	0	0	0	0	0	0	0	0	0	0	0	0	2646	0	5382	1838	2274	1256	2852	0	0	0	15360	0	4764	2204	8296	156	7940	352	12646	0	5294	0	3032	0	794	0	7262	158	342	0	0	0	178	0	0	4904	2868	182	0	0	0	0	0	0	0	248	0	0	0	0	0	0	3150	0	0	0	1164	0	0	0	0	0	0	0	0	0	0	0	0	0	0	0	0	0	0	0	0	0	134	0	0	0	0	0	
354052	Precuneus_R	0	322	0	596	0	0	0	0	0	0	0	0	0	0	0	0	0	0	0	8574	0	0	0	0	0	0	0	0	0	360	0	0	660	12698	1948	11276	954	5748	898	2116	0	0	134	30404	364	17738	850	6466	0	9806	0	13586	152	510	152	1674	0	6466	0	8416	0	1720	0	150	0	908	4904	0	138	7846	0	0	0	0	0	0	0	154	0	0	0	0	0	0	0	11702	0	0	0	6068	0	0	0	0	0	0	0	0	0	0	0	0	0	0	0	0	0	0	0	0	568	0	0	0	0	0	
122068	Paracentral_Lobule_L	16220	0	992	3470	0	0	0	0	0	0	0	0	0	0	0	0	162	0	4236	5180	0	0	0	0	0	0	0	0	302	0	0	0	4324	1012	3118	604	0	0	0	0	0	0	138	0	214	0	0	0	0	0	3648	0	0	0	0	0	2418	0	2216	0	4154	0	1046	0	2566	0	2868	138	0	358	0	0	0	0	0	0	368	0	0	0	198	0	0	0	1084	0	0	0	0	0	0	0	0	0	0	0	0	0	0	0	0	0	0	0	0	0	0	0	0	0	0	0	0	0	0	0	
113836	Paracentral_Lobule_R	0	2234	0	0	0	0	0	0	0	0	0	0	0	0	0	0	0	0	0	15938	0	0	0	0	0	0	0	0	0	0	0	0	912	11230	0	1478	0	0	0	0	0	0	0	1034	0	874	0	0	0	744	0	828	0	0	0	0	0	5366	0	2426	0	856	0	812	0	0	182	7846	358	0	0	0	0	0	0	0	0	0	0	0	0	1286	0	0	0	1316	0	0	0	1198	0	0	0	0	0	0	0	0	0	0	0	0	0	0	0	0	0	0	0	0	0	0	0	0	0	0	
263232	Caudate_L	2296	188	10460	6268	2830	928	2864	2810	1856	0	3486	2050	1216	1104	496	0	188	272	6086	5406	6386	5544	690	216	296	0	1268	1062	7034	5010	6504	3540	0	876	0	0	156	2314	0	1098	0	0	0	0	0	0	0	0	0	0	0	0	0	232	0	828	1246	250	0	0	234	0	0	0	0	0	0	0	0	0	0	7914	12298	4054	1552	158	9442	370	0	0	0	0	240	0	0	0	0	0	0	0	0	0	0	0	0	0	0	0	0	0	0	0	0	0	0	0	0	0	0	0	0	0	0	0	0	0	
421264	Caudate_R	3002	1554	718	36978	0	11550	340	5752	0	2478	0	6818	0	8788	0	2018	0	2662	746	33382	3806	4116	0	5300	0	6412	0	904	1044	7746	2640	13904	0	0	0	0	0	426	0	210	0	0	0	0	0	0	0	0	0	0	0	0	0	0	0	0	2390	174	0	0	0	0	0	0	0	0	0	0	0	0	7914	0	1758	13314	162	1662	0	19824	0	0	0	0	0	140	0	0	0	0	0	0	0	0	0	0	0	0	0	0	0	0	0	0	0	0	0	0	0	0	0	0	0	0	0	0	0	0	
322132	Putamen_L	3448	0	28630	4072	7730	222	1500	1586	7226	0	310	676	570	442	5628	0	700	0	22146	7512	1402	362	960	0	364	0	348	218	21642	826	3372	556	0	300	0	0	4034	260	302	0	0	0	0	0	0	0	0	0	0	0	0	0	0	0	664	0	1700	0	0	0	0	0	0	0	0	0	0	0	0	0	12298	1758	0	610	7478	0	4682	244	0	0	1402	0	1576	0	0	0	0	0	1310	0	0	0	0	0	0	0	0	0	0	0	0	0	0	0	0	0	0	0	0	0	0	0	0	0	0	0	
381804	Putamen_R	0	938	1516	18488	774	7948	476	2022	644	3108	1840	4024	830	1936	0	7504	0	13354	1262	16054	298	1098	646	2426	0	2498	0	838	2646	24216	1128	2436	0	1532	746	1102	0	20682	0	8074	0	286	0	0	0	0	0	272	0	0	0	0	0	776	0	6674	0	2382	0	0	0	0	0	0	0	0	0	0	0	0	4054	13314	610	0	0	2776	0	4826	0	170	0	244	0	1130	0	0	0	0	0	304	0	0	0	0	0	0	0	0	0	0	0	0	0	0	0	0	0	0	0	0	0	0	0	0	0	0	
55540	Pallidum_L	206	0	6858	972	0	0	0	0	0	0	0	0	0	0	0	0	0	0	4542	4680	0	0	0	0	0	0	0	0	0	0	0	0	0	0	0	0	0	0	0	0	0	0	0	0	0	0	0	0	0	0	0	0	0	0	0	0	178	0	0	0	0	0	0	0	0	0	0	0	0	0	1552	162	7478	0	0	0	1142	0	0	0	0	0	0	0	0	0	0	0	0	0	0	0	0	0	0	0	0	0	0	0	0	0	0	0	0	0	0	0	0	0	0	0	0	0	0	0	
21208	Pallidum_R	0	352	200	1812	0	0	0	0	0	0	0	0	0	0	0	0	0	616	200	1840	0	0	0	0	0	0	0	0	178	176	0	0	0	0	0	0	0	0	0	0	0	0	0	0	0	0	0	0	0	0	0	0	0	0	0	0	166	468	0	0	0	0	0	0	0	0	0	0	0	0	158	1662	0	2776	0	0	0	0	0	0	0	0	0	0	0	0	0	0	0	0	0	0	0	0	0	0	0	0	0	0	0	0	0	0	0	0	0	0	0	0	0	0	0	0	0	0	
115312	Thalamus_L	3644	0	17514	0	0	0	666	0	0	0	0	0	0	0	0	0	582	0	4256	2458	0	0	0	0	0	0	0	0	3180	0	0	0	0	0	0	0	5398	0	944	0	0	0	0	0	0	0	0	0	0	0	160	0	0	0	0	0	802	0	0	0	0	0	0	0	0	0	0	0	368	0	9442	0	4682	0	1142	0	0	1360	0	0	210	0	0	0	494	0	0	0	354	0	0	0	0	0	0	0	0	0	0	0	0	0	0	0	0	0	0	0	0	0	0	0	0	0	0	0	
240660	Thalamus_R	1342	562	278	30334	0	0	0	954	0	0	0	1578	0	1312	0	0	0	3576	278	21348	0	0	0	610	0	0	0	0	268	1002	0	0	0	182	4426	5372	2674	9030	1940	2500	0	0	0	0	0	0	700	0	0	0	0	0	0	0	380	308	364	1304	0	0	0	0	0	0	0	0	248	154	0	0	370	19824	244	4826	0	0	1360	0	0	0	0	194	0	0	0	238	0	0	0	250	0	0	0	0	0	0	0	0	0	0	0	0	0	0	0	0	0	0	0	0	0	0	0	0	0	0	
77016	Heschl_L	3322	0	2100	0	0	0	388	0	0	0	1052	0	0	0	0	0	6700	0	1730	188	0	0	0	0	0	0	0	0	7070	0	0	0	0	0	0	0	2410	0	276	0	0	0	0	0	0	0	0	0	0	0	1048	0	238	0	0	0	3298	0	0	0	580	0	0	0	0	0	0	0	0	0	0	0	0	0	0	0	0	0	0	0	2608	0	0	0	3616	0	0	0	1884	0	0	0	0	0	0	0	0	0	0	0	0	0	0	0	0	0	0	0	0	0	0	0	0	0	0	0	
8536	Heschl_R	0	148	0	0	0	0	0	158	0	0	0	190	0	0	0	0	0	1302	0	0	0	0	0	0	0	0	0	0	0	760	0	0	0	0	0	0	0	0	0	0	0	0	0	0	0	0	0	0	0	0	0	0	0	0	0	0	0	320	0	0	0	0	0	0	0	0	0	0	0	0	0	0	0	170	0	0	0	0	0	0	0	1220	0	0	0	0	0	0	0	0	0	0	0	0	0	0	0	0	0	0	0	0	0	0	0	0	0	0	0	0	0	0	0	0	0	0	
190288	Temporal_Sup_L	1084	0	3350	0	0	0	460	0	0	0	1986	0	618	0	3112	0	7108	0	3248	148	0	0	0	0	0	0	0	0	8180	0	0	0	0	0	0	0	2170	0	138	0	0	0	0	0	0	0	0	0	0	0	694	0	256	0	1492	0	2786	0	0	0	1694	0	5158	0	1892	0	0	0	198	0	0	0	1402	0	0	0	210	0	2608	0	0	0	7920	0	27866	0	0	0	9366	0	0	0	0	0	0	0	0	0	0	0	0	0	0	0	0	0	0	0	0	0	0	0	0	0	0	0	
97284	Temporal_Sup_R	0	0	0	268	0	0	0	0	0	0	0	0	0	0	0	0	0	4580	0	1638	0	0	0	0	0	0	0	0	0	4336	0	0	0	844	0	0	0	782	0	388	0	0	0	0	0	0	0	0	0	0	0	792	0	0	0	502	0	1218	0	0	0	0	0	6834	0	1916	0	0	0	1286	0	0	0	244	0	0	0	194	0	1220	0	0	0	3198	0	12850	0	0	0	5552	0	0	0	0	0	0	0	0	0	0	0	0	0	0	0	0	0	0	0	0	0	0	0	0	0	0	
79328	Temporal_Pole_Sup_L	0	0	244	0	1446	0	0	0	640	0	898	0	548	0	5944	0	694	0	234	0	574	0	0	0	0	0	540	0	6638	0	0	0	0	0	0	0	580	0	0	0	264	0	0	0	0	0	0	0	0	0	0	0	0	0	516	0	0	0	0	0	0	0	0	0	0	0	0	0	0	0	240	0	1576	0	0	0	0	0	0	0	7920	0	0	0	7212	0	1558	0	1398	0	0	0	0	0	0	0	0	0	0	0	0	0	0	0	0	0	0	0	0	0	0	0	0	0	0	0	
43228	Temporal_Pole_Sup_R	0	0	0	0	0	0	0	0	0	0	0	0	0	0	0	1102	0	160	0	0	0	136	0	0	0	0	0	0	0	3066	0	0	0	0	0	0	0	2262	0	2436	0	2520	0	0	0	0	0	0	0	0	0	0	0	0	0	2776	0	0	0	0	0	0	0	0	0	0	0	0	0	0	0	140	0	1130	0	0	0	0	0	0	0	3198	0	0	0	1014	0	1086	0	588	0	0	0	0	0	0	0	0	0	0	0	0	0	0	0	0	0	0	0	0	0	0	0	0	0	0	
318520	Temporal_Mid_L	1832	0	430	0	0	0	0	0	0	0	0	0	0	0	2100	0	3416	0	418	164	0	0	0	0	0	0	0	0	5448	0	0	0	0	0	638	338	902	0	414	0	0	0	2920	0	658	0	2520	0	0	0	25570	0	8894	0	1782	0	3632	0	596	0	7572	0	10836	0	9786	0	3150	0	1084	0	0	0	0	0	0	0	494	0	3616	0	27866	0	7212	0	0	0	1612	0	23360	0	0	0	0	0	0	0	0	0	0	0	0	0	0	0	0	0	0	0	0	0	0	0	0	0	0	0	
256868	Temporal_Mid_R	0	1504	0	1248	0	0	0	0	0	0	0	0	0	0	0	0	0	298	0	2994	0	0	0	0	0	0	0	0	0	1366	0	0	0	1356	226	2226	0	2730	0	1006	0	0	0	14154	0	2322	0	1408	0	1248	0	18962	0	804	0	2038	0	1550	0	0	0	276	0	7066	0	4186	0	11702	0	1316	0	0	0	0	0	0	0	238	0	0	0	12850	0	1014	0	0	0	368	0	31978	0	0	0	0	0	0	0	0	0	0	0	0	0	0	0	0	0	0	0	0	0	0	0	0	0	0	
10752	Temporal_Pole_Mid_L	0	0	0	0	0	0	0	0	0	0	0	0	0	0	0	0	0	0	0	0	0	0	0	0	0	0	0	0	0	0	0	0	0	0	0	0	0	0	0	0	0	0	0	0	0	0	0	0	0	0	0	0	0	0	410	0	0	0	0	0	0	0	0	0	0	0	0	0	0	0	0	0	0	0	0	0	0	0	0	0	0	0	1558	0	1612	0	0	0	1796	0	0	0	0	0	0	0	0	0	0	0	0	0	0	0	0	0	0	0	0	0	0	0	0	0	0	0	
5772	Temporal_Pole_Mid_R	0	0	0	0	0	0	0	0	0	0	0	0	0	0	0	0	0	0	0	0	0	0	0	0	0	0	0	0	0	0	0	0	0	0	0	0	0	0	0	426	0	0	0	0	0	0	0	0	0	0	0	0	0	0	0	788	0	0	0	0	0	0	0	0	0	0	0	0	0	0	0	0	0	0	0	0	0	0	0	0	0	0	0	1086	0	368	0	0	0	218	0	0	0	0	0	0	0	0	0	0	0	0	0	0	0	0	0	0	0	0	0	0	0	0	0	0	
164692	Temporal_Inf_L	408	0	1260	0	0	0	0	0	0	0	0	0	0	0	0	0	2110	0	1248	0	0	0	0	0	0	0	0	0	5328	0	0	0	0	0	142	0	8310	0	1106	0	890	0	600	0	0	0	1764	0	0	0	2664	0	2912	0	10236	0	896	0	0	0	888	0	0	0	734	0	1164	0	0	0	0	0	1310	0	0	0	354	0	1884	0	9366	0	1398	0	23360	0	1796	0	0	0	218	0	0	0	0	0	0	0	0	0	0	0	0	0	0	0	0	0	0	0	0	0	0	0	0	0	
197380	Temporal_Inf_R	0	1488	0	856	0	0	0	0	0	0	0	142	0	0	0	0	0	408	0	1882	0	0	0	0	0	0	0	0	0	1054	0	0	0	636	224	1482	0	8660	0	4306	0	202	0	6380	0	1356	0	1508	0	504	0	3904	0	2244	0	11042	0	1412	0	0	0	270	0	2010	0	564	0	6068	0	1198	0	0	0	304	0	0	0	250	0	0	0	5552	0	588	0	31978	0	218	0	0	0	0	0	0	0	0	0	0	0	0	0	0	0	0	0	0	0	0	0	0	0	0	0	0	0	0	
365700	Cerebelum_Crus1_L	0	0	0	0	0	0	0	0	0	0	0	0	0	0	0	0	0	0	0	0	0	0	0	0	0	0	0	0	0	0	0	0	0	0	0	0	0	0	362	0	0	0	0	0	0	0	4730	642	0	0	0	0	0	0	14302	0	0	0	0	0	0	0	0	0	0	0	0	0	0	0	0	0	0	0	0	0	0	0	0	0	0	0	0	0	0	0	0	0	218	0	0	4342	29738	2122	0	0	23542	464	53808	3758	7334	184	14356	550	2500	592	320	0	0	0	5282	7244	5434	278	490	258	
358212	Cerebelum_Crus1_R	0	0	0	0	0	0	0	0	0	0	0	0	0	0	0	0	0	0	0	0	0	0	0	0	0	0	0	0	0	0	0	0	0	0	0	0	0	0	0	0	0	0	0	0	0	0	238	1398	0	0	0	0	0	0	254	2010	0	0	0	0	0	0	0	0	0	0	0	0	0	0	0	0	0	0	0	0	0	0	0	0	0	0	0	0	0	0	0	0	0	0	4342	0	2096	21702	0	2728	2024	20472	3628	52432	476	4462	716	20198	306	2416	0	350	0	2258	12286	11622	8700	1080	912	0	
299372	Cerebelum_Crus2_L	0	0	0	0	0	0	0	0	0	0	0	0	0	0	0	0	0	0	0	0	0	0	0	0	0	0	0	0	0	0	0	0	0	0	0	0	0	0	0	0	0	0	0	0	0	0	0	0	0	0	0	0	0	0	510	0	0	0	0	0	0	0	0	0	0	0	0	0	0	0	0	0	0	0	0	0	0	0	0	0	0	0	0	0	0	0	0	0	0	0	29738	2096	0	10872	0	0	1678	0	5436	628	34840	7286	30350	3386	3860	0	264	0	0	0	274	1232	10696	6540	0	0	
233076	Cerebelum_Crus2_R	0	0	0	0	0	0	0	0	0	0	0	0	0	0	0	0	0	0	0	0	0	0	0	0	0	0	0	0	0	0	0	0	0	0	0	0	0	0	0	0	0	0	0	0	0	0	0	0	0	0	0	0	0	0	0	0	0	0	0	0	0	0	0	0	0	0	0	0	0	0	0	0	0	0	0	0	0	0	0	0	0	0	0	0	0	0	0	0	0	0	2122	21702	10872	0	0	0	0	0	788	1430	6904	21870	4828	23960	640	2692	0	0	0	0	0	490	12668	5394	178	0	
9196	Cerebelum_3_L	0	0	0	0	0	0	0	0	0	0	0	0	0	0	0	0	0	0	0	0	0	0	0	0	0	0	0	0	0	0	0	0	0	0	0	0	0	0	0	0	0	0	0	0	0	0	182	0	0	0	0	0	0	0	0	0	0	0	0	0	0	0	0	0	0	0	0	0	0	0	0	0	0	0	0	0	0	0	0	0	0	0	0	0	0	0	0	0	0	0	0	0	0	0	0	0	2844	0	0	0	0	0	0	0	402	0	180	0	780	210	0	0	0	0	0	0	
34648	Cerebelum_3_R	0	0	0	0	0	0	0	0	0	0	0	0	0	0	0	0	0	0	0	0	0	0	0	0	0	0	0	0	0	0	0	0	0	0	0	0	0	0	0	0	0	0	0	0	0	0	0	0	0	0	0	0	0	0	0	0	0	0	0	0	0	0	0	0	0	0	0	0	0	0	0	0	0	0	0	0	0	0	0	0	0	0	0	0	0	0	0	0	0	0	0	2728	0	0	0	0	220	4436	0	4644	0	0	0	290	0	414	0	0	0	2538	918	646	134	132	224	0	
245240	Cerebelum_4_5_L	0	0	0	0	0	0	0	0	0	0	0	0	0	0	0	0	0	0	0	0	0	0	0	0	0	0	0	0	0	0	0	0	0	0	0	0	0	0	516	0	0	0	0	0	0	0	5280	852	0	0	0	0	0	0	8438	414	0	0	0	0	0	0	0	0	0	0	0	0	0	0	0	0	0	0	0	0	0	0	0	0	0	0	0	0	0	0	0	0	0	0	23542	2024	1678	0	2844	220	0	2664	35446	3304	944	0	2268	0	5232	2126	924	0	130	210	15270	4850	0	546	1652	1246	
174356	Cerebelum_4_5_R	0	0	0	0	0	0	0	0	0	0	0	0	0	0	0	0	0	0	0	0	0	0	0	0	0	0	0	0	0	0	0	0	0	0	0	0	0	0	0	210	0	0	0	0	0	0	196	2292	0	0	0	0	0	0	0	3382	0	0	0	0	0	0	0	0	0	0	0	0	0	0	0	0	0	0	0	0	0	0	0	0	0	0	0	0	0	0	0	0	0	0	464	20472	0	0	0	4436	2664	0	984	30360	0	0	0	614	254	142	0	0	0	3280	15770	1446	0	0	0	212	
351452	Cerebelum_6_L	0	0	0	0	0	0	0	0	0	0	0	0	0	0	0	0	0	0	0	0	0	0	0	0	0	0	0	0	0	0	0	0	0	0	0	0	0	0	336	0	0	0	0	0	0	0	8894	2214	0	0	0	0	0	0	17162	186	0	0	0	0	0	0	0	0	0	0	0	0	0	0	0	0	0	0	0	0	0	0	0	0	0	0	0	0	0	0	0	0	0	0	53808	3628	5436	788	0	0	35446	984	0	5084	2628	0	4652	736	4076	1018	1048	0	0	0	9862	11788	3506	858	1298	290	
338288	Cerebelum_6_R	0	0	0	0	0	0	0	0	0	0	0	0	0	0	0	0	0	0	0	0	0	0	0	0	0	0	0	0	0	0	0	0	0	0	0	0	0	0	0	342	0	0	0	0	0	0	716	3982	0	0	0	0	0	0	476	5058	0	0	0	0	0	0	0	0	0	0	0	0	0	0	0	0	0	0	0	0	0	0	0	0	0	0	0	0	0	0	0	0	0	0	3758	52432	628	1430	0	4644	3304	30360	5084	0	0	0	230	6240	196	1916	0	1044	0	3462	18186	15538	6352	1894	1872	0	
228308	Cerebelum_7b_L	0	0	0	0	0	0	0	0	0	0	0	0	0	0	0	0	0	0	0	0	0	0	0	0	0	0	0	0	0	0	0	0	0	0	0	0	0	0	0	0	0	0	0	0	0	0	0	0	0	0	0	0	0	0	0	0	0	0	0	0	0	0	0	0	0	0	0	0	0	0	0	0	0	0	0	0	0	0	0	0	0	0	0	0	0	0	0	0	0	0	7334	476	34840	6904	0	0	944	0	2628	0	0	6920	31964	3514	3682	0	364	0	0	0	0	416	6152	8016	0	0	
157640	Cerebelum_7b_R	0	0	0	0	0	0	0	0	0	0	0	0	0	0	0	0	0	0	0	0	0	0	0	0	0	0	0	0	0	0	0	0	0	0	0	0	0	0	0	0	0	0	0	0	0	0	0	0	0	0	0	0	0	0	0	0	0	0	0	0	0	0	0	0	0	0	0	0	0	0	0	0	0	0	0	0	0	0	0	0	0	0	0	0	0	0	0	0	0	0	184	4462	7286	21870	0	0	0	0	0	0	6920	0	5692	17974	0	1098	0	0	0	0	0	0	5702	7632	0	0	
255872	Cerebelum_8_L	0	0	0	0	0	0	0	0	0	0	0	0	0	0	0	0	0	0	0	0	0	0	0	0	0	0	0	0	0	0	0	0	0	0	0	0	0	0	0	0	0	0	0	0	0	0	0	0	0	0	0	0	0	0	0	0	0	0	0	0	0	0	0	0	0	0	0	0	0	0	0	0	0	0	0	0	0	0	0	0	0	0	0	0	0	0	0	0	0	0	14356	716	30350	4828	0	0	2268	0	4652	230	31964	5692	0	5598	11058	180	1334	0	0	0	662	210	4480	8832	526	0	
217300	Cerebelum_8_R	0	0	0	0	0	0	0	0	0	0	0	0	0	0	0	0	0	0	0	0	0	0	0	0	0	0	0	0	0	0	0	0	0	0	0	0	0	0	0	0	0	0	0	0	0	0	0	0	0	0	0	0	0	0	0	0	0	0	0	0	0	0	0	0	0	0	0	0	0	0	0	0	0	0	0	0	0	0	0	0	0	0	0	0	0	0	0	0	0	0	550	20198	3386	23960	0	290	0	614	736	6240	3514	17974	5598	0	554	9428	0	436	0	246	194	1084	6166	6498	984	0	
92860	Cerebelum_9_L	0	0	0	0	0	0	0	0	0	0	0	0	0	0	0	0	0	0	0	0	0	0	0	0	0	0	0	0	0	0	0	0	0	0	0	0	0	0	0	0	0	0	0	0	0	0	0	188	0	0	0	0	0	0	0	0	0	0	0	0	0	0	0	0	0	0	0	0	0	0	0	0	0	0	0	0	0	0	0	0	0	0	0	0	0	0	0	0	0	0	2500	306	3860	640	402	0	5232	254	4076	196	3682	0	11058	554	0	530	5338	0	0	0	2520	2212	948	476	974	484	
79392	Cerebelum_9_R	0	0	0	0	0	0	0	0	0	0	0	0	0	0	0	0	0	0	0	0	0	0	0	0	0	0	0	0	0	0	0	0	0	0	0	0	0	0	0	0	0	0	0	0	0	0	0	0	0	0	0	0	0	0	0	0	0	0	0	0	0	0	0	0	0	0	0	0	0	0	0	0	0	0	0	0	0	0	0	0	0	0	0	0	0	0	0	0	0	0	592	2416	0	2692	0	414	2126	142	1018	1916	0	1098	180	9428	530	0	0	1060	0	260	3102	4556	904	2274	3730	1258	
23032	Cerebelum_10_L	0	0	0	0	0	0	0	0	0	0	0	0	0	0	0	0	0	0	0	0	0	0	0	0	0	0	0	0	0	0	0	0	0	0	0	0	0	0	0	0	0	0	0	0	0	0	0	0	0	0	0	0	0	0	0	0	0	0	0	0	0	0	0	0	0	0	0	0	0	0	0	0	0	0	0	0	0	0	0	0	0	0	0	0	0	0	0	0	0	0	320	0	264	0	180	0	924	0	1048	0	364	0	1334	0	5338	0	0	0	0	0	342	954	0	166	282	0	
7520	Cerebelum_10_R	0	0	0	0	0	0	0	0	0	0	0	0	0	0	0	0	0	0	0	0	0	0	0	0	0	0	0	0	0	0	0	0	0	0	0	0	0	0	0	0	0	0	0	0	0	0	0	0	0	0	0	0	0	0	0	0	0	0	0	0	0	0	0	0	0	0	0	0	0	0	0	0	0	0	0	0	0	0	0	0	0	0	0	0	0	0	0	0	0	0	0	350	0	0	0	0	0	0	0	1044	0	0	0	436	0	1060	0	0	0	0	0	244	158	238	230	0	
8432	Vermis_1_2	0	0	0	0	0	0	0	0	0	0	0	0	0	0	0	0	0	0	0	0	0	0	0	0	0	0	0	0	0	0	0	0	0	0	0	0	0	0	0	0	0	0	0	0	0	0	0	0	0	0	0	0	0	0	0	0	0	0	0	0	0	0	0	0	0	0	0	0	0	0	0	0	0	0	0	0	0	0	0	0	0	0	0	0	0	0	0	0	0	0	0	0	0	0	780	0	130	0	0	0	0	0	0	0	0	0	0	0	0	3136	170	0	0	0	0	0	
36556	Vermis_3	0	0	0	0	0	0	0	0	0	0	0	0	0	0	0	0	0	0	0	0	0	0	0	0	0	0	0	0	0	0	0	0	0	0	0	0	0	0	146	0	0	0	0	0	0	0	0	0	0	0	0	0	0	0	0	0	0	0	0	0	0	0	0	0	0	0	0	0	0	0	0	0	0	0	0	0	0	0	0	0	0	0	0	0	0	0	0	0	0	0	0	2258	0	0	210	2538	210	3280	0	3462	0	0	0	246	0	260	0	0	3136	0	1716	526	130	0	160	0	
220500	Vermis_4_5	0	0	0	0	0	0	0	0	0	0	0	0	0	0	0	0	0	0	0	0	0	0	0	0	0	0	0	0	0	0	0	0	0	0	184	522	132	430	0	0	0	0	0	0	0	0	1554	3058	0	0	0	0	0	0	1746	2816	0	0	0	0	0	0	0	0	0	0	134	568	0	0	0	0	0	0	0	0	0	0	0	0	0	0	0	0	0	0	0	0	0	0	5282	12286	274	0	0	918	15270	15770	9862	18186	0	0	662	194	2520	3102	342	0	170	1716	0	7644	134	694	2148	1932	
190096	Vermis_6	0	0	0	0	0	0	0	0	0	0	0	0	0	0	0	0	0	0	0	0	0	0	0	0	0	0	0	0	0	0	0	0	0	0	0	0	0	0	0	0	0	0	0	0	0	0	2304	3598	0	0	0	0	0	0	1192	668	0	0	0	0	0	0	0	0	0	0	0	0	0	0	0	0	0	0	0	0	0	0	0	0	0	0	0	0	0	0	0	0	0	0	7244	11622	1232	490	0	646	4850	1446	11788	15538	416	0	210	1084	2212	4556	954	244	0	526	7644	0	5952	2764	4300	1568	
171784	Vermis_7	0	0	0	0	0	0	0	0	0	0	0	0	0	0	0	0	0	0	0	0	0	0	0	0	0	0	0	0	0	0	0	0	0	0	0	0	0	0	0	0	0	0	0	0	0	0	254	552	0	0	0	0	0	0	274	0	0	0	0	0	0	0	0	0	0	0	0	0	0	0	0	0	0	0	0	0	0	0	0	0	0	0	0	0	0	0	0	0	0	0	5434	8700	10696	12668	0	134	0	0	3506	6352	6152	5702	4480	6166	948	904	0	158	0	130	134	5952	0	5266	1330	0	
126336	Vermis_8	0	0	0	0	0	0	0	0	0	0	0	0	0	0	0	0	0	0	0	0	0	0	0	0	0	0	0	0	0	0	0	0	0	0	0	0	0	0	0	0	0	0	0	0	0	0	0	0	0	0	0	0	0	0	0	0	0	0	0	0	0	0	0	0	0	0	0	0	0	0	0	0	0	0	0	0	0	0	0	0	0	0	0	0	0	0	0	0	0	0	278	1080	6540	5394	0	132	546	0	858	1894	8016	7632	8832	6498	476	2274	166	238	0	0	694	2764	5266	0	3590	0	
51036	Vermis_9	0	0	0	0	0	0	0	0	0	0	0	0	0	0	0	0	0	0	0	0	0	0	0	0	0	0	0	0	0	0	0	0	0	0	0	0	0	0	0	0	0	0	0	0	0	0	0	0	0	0	0	0	0	0	0	0	0	0	0	0	0	0	0	0	0	0	0	0	0	0	0	0	0	0	0	0	0	0	0	0	0	0	0	0	0	0	0	0	0	0	490	912	0	178	0	224	1652	0	1298	1872	0	0	526	984	974	3730	282	230	0	160	2148	4300	1330	3590	0	638	
15772	Vermis_10	0	0	0	0	0	0	0	0	0	0	0	0	0	0	0	0	0	0	0	0	0	0	0	0	0	0	0	0	0	0	0	0	0	0	0	0	0	0	0	0	0	0	0	0	0	0	0	0	0	0	0	0	0	0	0	0	0	0	0	0	0	0	0	0	0	0	0	0	0	0	0	0	0	0	0	0	0	0	0	0	0	0	0	0	0	0	0	0	0	0	258	0	0	0	0	0	1246	212	290	0	0	0	0	0	484	1258	0	0	0	0	1932	1568	0	0	638	0	
