data	data	621628	189596	1.02516e+06	673236	186396	89292	458116	194756	88800	27100	273900	379996	317532	152656	162356	82508	198704	235172	921456	727384	97032	85624	283308	279136	15344	55108	55432	64092	657716	557732	198404	475620	105820	585944	102984	160956	285392	257852	130332	175300	45424	79300	302396	295968	172216	318728	292688	321936	339480	315284	623160	226324	213132	115904	468572	464532	249396	198004	127860	150908	269576	142372	108400	123868	181420	97244	225448	399044	372496	212656	258784	566140	331180	316844	77572	18036	210792	160508	50580	17160	245820	108248	121972	40692	345492	143512	10160	8244	230724	153396	486568	383376	369556	370144	55048	66064	297776	233668	463444	408508	269324	200044	362124	324580	106996	116364	16952	4080	12836	60500	205048	167168	164308	156404	77044	41668	
data	data	Precentral_L	Precentral_R	Frontal_Sup_L	Frontal_Sup_R	Frontal_Sup_Orb_L	Frontal_Sup_Orb_R	Frontal_Mid_L	Frontal_Mid_R	Frontal_Mid_Orb_L	Frontal_Mid_Orb_R	Frontal_Inf_Oper_L	Frontal_Inf_Oper_R	Frontal_Inf_Tri_L	Frontal_Inf_Tri_R	Frontal_Inf_Orb_L	Frontal_Inf_Orb_R	Rolandic_Oper_L	Rolandic_Oper_R	Supp_Motor_Area_L	Supp_Motor_Area_R	Olfactory_L	Olfactory_R	Frontal_Sup_Medial_L	Frontal_Sup_Medial_R	Frontal_Med_Orb_L	Frontal_Med_Orb_R	Rectus_L	Rectus_R	Insula_L	Insula_R	Cingulum_Ant_L	Cingulum_Ant_R	Cingulum_Mid_L	Cingulum_Mid_R	Cingulum_Post_L	Cingulum_Post_R	Hippocampus_L	Hippocampus_R	ParaHippocampal_L	ParaHippocampal_R	Amygdala_L	Amygdala_R	Calcarine_L	Calcarine_R	Cuneus_L	Cuneus_R	Lingual_L	Lingual_R	Occipital_Sup_L	Occipital_Sup_R	Occipital_Mid_L	Occipital_Mid_R	Occipital_Inf_L	Occipital_Inf_R	Fusiform_L	Fusiform_R	Postcentral_L	Postcentral_R	Parietal_Sup_L	Parietal_Sup_R	Parietal_Inf_L	Parietal_Inf_R	SupraMarginal_L	SupraMarginal_R	Angular_L	Angular_R	Precuneus_L	Precuneus_R	Paracentral_Lobule_L	Paracentral_Lobule_R	Caudate_L	Caudate_R	Putamen_L	Putamen_R	Pallidum_L	Pallidum_R	Thalamus_L	Thalamus_R	Heschl_L	Heschl_R	Temporal_Sup_L	Temporal_Sup_R	Temporal_Pole_Sup_L	Temporal_Pole_Sup_R	Temporal_Mid_L	Temporal_Mid_R	Temporal_Pole_Mid_L	Temporal_Pole_Mid_R	Temporal_Inf_L	Temporal_Inf_R	Cerebelum_Crus1_L	Cerebelum_Crus1_R	Cerebelum_Crus2_L	Cerebelum_Crus2_R	Cerebelum_3_L	Cerebelum_3_R	Cerebelum_4_5_L	Cerebelum_4_5_R	Cerebelum_6_L	Cerebelum_6_R	Cerebelum_7b_L	Cerebelum_7b_R	Cerebelum_8_L	Cerebelum_8_R	Cerebelum_9_L	Cerebelum_9_R	Cerebelum_10_L	Cerebelum_10_R	Vermis_1_2	Vermis_3	Vermis_4_5	Vermis_6	Vermis_7	Vermis_8	Vermis_9	Vermis_10	
621628	Precentral_L	0	272	37742	298	0	0	18174	0	0	0	12426	536	4660	0	0	0	5804	362	33512	12098	0	0	0	0	0	0	0	0	14704	662	0	0	518	8474	310	1692	9366	1092	1258	0	0	0	534	156	0	0	238	126	3112	0	3986	0	410	0	712	126	20536	186	424	0	8784	0	1458	0	3210	0	410	710	42218	3762	2928	594	12798	0	5204	0	24886	128	4828	0	1056	0	720	0	2044	0	0	0	570	0	0	0	0	0	0	0	0	0	0	0	0	0	0	0	0	0	0	0	0	0	0	0	0	0	0	0	
189596	Precentral_R	272	0	5608	19288	0	0	216	7570	0	0	0	3966	0	130	0	0	0	2388	6610	4914	0	0	0	0	0	0	0	0	0	2356	0	214	186	924	204	1352	0	1042	0	286	0	0	0	488	0	182	0	550	0	0	0	116	0	184	0	146	0	11454	0	442	0	824	0	834	0	0	0	2958	810	4478	214	3378	0	4672	0	978	0	4246	0	0	0	148	0	0	0	0	0	0	0	170	0	0	0	0	0	0	0	0	0	0	0	0	0	0	0	0	0	0	0	0	0	0	0	0	0	0	
1.02516e+06	Frontal_Sup_L	37742	5608	0	6978	10436	0	69308	1980	1890	0	15262	5574	14978	0	4934	0	6392	4288	108374	20074	176	0	25794	1214	156	0	0	0	26688	9164	12930	2770	3076	9276	0	868	4086	556	888	242	290	0	0	0	0	244	0	204	0	156	180	168	0	0	1008	128	866	2880	0	1306	970	2276	0	2490	324	0	0	3036	18538	2234	10494	7194	19898	1626	4918	114	13944	276	814	0	2108	284	1488	0	228	0	0	0	194	0	0	0	0	0	0	0	0	0	0	0	0	0	0	0	0	0	0	0	0	0	0	0	0	0	0	0	
673236	Frontal_Sup_R	298	19288	6978	0	0	2754	116	24398	0	152	0	13578	308	5428	0	976	0	12972	15158	44710	0	228	10984	29078	0	1446	0	346	380	17034	1694	26906	602	20938	0	172	0	3860	0	1132	0	142	0	150	0	116	0	270	0	0	0	122	0	0	0	418	0	1534	0	284	0	338	0	298	0	0	0	1884	190	0	524	31850	116	15458	0	1426	0	19584	0	0	0	0	0	0	0	0	0	0	0	0	0	0	0	0	0	0	0	0	0	0	0	0	0	0	0	0	0	0	0	0	0	0	0	0	0	0	
186396	Frontal_Sup_Orb_L	0	0	10436	0	0	0	2368	0	12376	0	218	126	2912	0	15522	0	358	0	156	0	3334	1318	2184	158	1918	0	5852	768	13284	192	4494	136	0	0	0	0	214	0	278	0	880	0	0	0	0	0	0	0	0	0	0	0	0	0	0	0	0	0	0	0	0	0	0	0	0	0	0	0	0	0	1432	778	9040	138	0	0	0	0	0	0	170	0	2028	0	0	0	130	0	0	0	0	0	0	0	0	0	0	0	0	0	0	0	0	0	0	0	0	0	0	0	0	0	0	0	0	0	
89292	Frontal_Sup_Orb_R	0	0	0	2754	0	0	0	2004	0	1870	0	0	0	1300	0	3636	0	0	0	0	260	1134	0	2600	0	8508	704	7668	0	592	160	2560	0	0	0	0	0	0	0	0	0	348	0	0	0	0	0	0	0	0	0	0	0	0	0	0	0	0	0	0	0	0	0	0	0	0	0	0	0	0	260	3400	0	4330	0	0	0	0	0	0	0	0	0	558	0	0	0	0	0	0	0	0	0	0	0	0	0	0	0	0	0	0	0	0	0	0	0	0	0	0	0	0	0	0	0	0	
458116	Frontal_Mid_L	18174	216	69308	116	2368	0	0	152	2686	0	16508	2842	26086	0	5572	0	4726	922	18068	314	0	0	7326	0	0	0	0	0	17872	3942	2858	0	564	114	0	0	2528	0	568	0	0	0	0	0	0	0	0	0	136	0	254	0	0	0	574	0	786	0	0	0	1044	0	0	110	480	0	0	0	170	0	2374	2694	7646	534	2512	0	2290	0	1084	0	1180	0	1240	0	0	0	0	0	120	0	0	0	0	0	0	0	0	0	0	0	0	0	0	0	0	0	0	0	0	0	0	0	0	0	0	0	
194756	Frontal_Mid_R	0	7570	1980	24398	0	2004	152	0	0	812	0	9940	0	10320	0	2354	0	2706	4120	4884	0	0	1066	3752	0	0	0	0	0	4592	0	2254	0	4150	0	0	0	0	0	0	0	0	0	0	0	0	0	0	0	0	0	0	0	0	0	0	0	1238	0	306	0	338	0	216	0	0	0	1084	0	0	168	2976	0	2718	0	1280	0	0	0	0	0	0	0	0	0	0	0	0	0	0	0	0	0	0	0	0	0	0	0	0	0	0	0	0	0	0	0	0	0	0	0	0	0	0	0	0	
88800	Frontal_Mid_Orb_L	0	0	1890	0	12376	0	2686	0	0	0	0	0	1908	0	14236	0	0	0	0	0	1382	210	0	0	128	0	3200	180	3846	0	194	0	0	0	0	0	0	0	0	0	120	0	0	0	0	0	0	0	0	0	0	0	0	0	0	0	0	0	0	0	0	0	0	0	0	0	0	0	0	0	250	0	654	0	0	0	0	0	0	0	0	0	1140	0	0	0	0	0	0	0	0	0	0	0	0	0	0	0	0	0	0	0	0	0	0	0	0	0	0	0	0	0	0	0	0	0	
27100	Frontal_Mid_Orb_R	0	0	0	152	0	1870	0	812	0	0	0	428	0	1438	0	5988	0	0	0	0	0	0	0	0	0	0	0	0	0	1264	0	150	0	0	0	0	0	0	0	0	0	0	0	0	0	0	0	0	0	0	0	0	0	0	0	0	0	0	0	0	0	0	0	0	0	0	0	0	0	0	0	554	0	894	0	0	0	0	0	0	0	0	0	0	0	0	0	0	0	0	0	0	0	0	0	0	0	0	0	0	0	0	0	0	0	0	0	0	0	0	0	0	0	0	0	0	
273900	Frontal_Inf_Oper_L	12426	0	15262	0	218	0	16508	0	0	0	0	1598	20728	0	0	0	11740	784	9306	362	0	0	240	0	0	0	0	0	21770	1978	736	152	0	368	0	0	1204	0	514	0	0	0	0	0	0	0	0	0	0	0	0	0	0	0	574	0	506	0	0	0	0	0	0	0	0	0	0	0	0	0	4524	1814	2798	150	114	0	0	0	494	0	2626	0	6868	0	262	0	0	0	326	0	0	0	0	0	0	0	0	0	0	0	0	0	0	0	0	0	0	0	0	0	0	0	0	0	0	0	
379996	Frontal_Inf_Oper_R	536	3966	5574	13578	126	0	2842	9940	0	428	1598	0	2660	13218	138	1092	202	14904	7456	11236	0	468	2244	4638	0	0	0	432	6930	38246	1688	13970	206	10162	0	0	0	230	0	202	0	486	0	0	0	0	0	0	0	0	0	0	0	0	0	0	0	362	0	0	0	0	0	0	0	0	0	0	0	0	1652	13456	378	3986	0	0	0	768	0	0	0	0	0	0	0	0	0	0	0	0	0	0	0	0	0	0	0	0	0	0	0	0	0	0	0	0	0	0	0	0	0	0	0	0	0	0	
317532	Frontal_Inf_Tri_L	4660	0	14978	308	2912	0	26086	0	1908	0	20728	2660	0	0	10180	0	3042	568	8024	514	0	0	346	0	0	0	0	0	32322	3180	4668	254	0	202	0	0	352	338	126	258	0	0	0	0	0	0	0	0	0	0	0	0	0	0	196	0	0	0	0	0	0	0	0	0	0	0	0	0	0	0	7664	3326	4450	920	0	0	0	0	0	0	824	0	2772	0	0	0	0	0	0	0	0	0	0	0	0	0	0	0	0	0	0	0	0	0	0	0	0	0	0	0	0	0	0	0	0	0	
152656	Frontal_Inf_Tri_R	0	130	0	5428	0	1300	0	10320	0	1438	0	13218	0	0	0	4854	0	524	2444	3592	0	162	1286	3832	0	0	0	150	0	12120	352	6460	0	4476	0	0	0	0	0	0	0	0	0	0	0	0	0	0	0	0	0	0	0	0	0	0	0	0	0	0	0	0	0	0	0	0	0	0	0	0	0	3626	0	616	0	0	0	0	0	0	0	0	0	0	0	0	0	0	0	0	0	0	0	0	0	0	0	0	0	0	0	0	0	0	0	0	0	0	0	0	0	0	0	0	0	0	
162356	Frontal_Inf_Orb_L	0	0	4934	0	15522	0	5572	0	14236	0	0	138	10180	0	0	0	0	0	412	0	2780	464	0	0	0	0	2238	332	14056	158	556	0	0	0	0	0	0	0	0	0	210	0	0	0	0	0	0	0	0	0	0	0	0	0	0	0	0	0	0	0	0	0	0	0	0	0	0	0	0	0	1020	230	3350	0	0	0	0	0	0	0	0	0	4486	0	0	0	304	0	0	0	0	0	0	0	0	0	0	0	0	0	0	0	0	0	0	0	0	0	0	0	0	0	0	0	0	0	
82508	Frontal_Inf_Orb_R	0	0	0	976	0	3636	0	2354	0	5988	0	1092	0	4854	0	0	0	200	120	232	306	670	188	356	0	0	0	1078	0	10494	0	612	0	234	0	0	0	0	0	0	0	168	0	0	0	0	0	0	0	0	0	0	0	0	0	0	0	0	0	0	0	0	0	0	0	0	0	0	0	0	304	1084	0	3866	0	0	0	0	0	0	0	0	0	2442	0	0	0	0	0	0	0	0	0	0	0	0	0	0	0	0	0	0	0	0	0	0	0	0	0	0	0	0	0	0	0	0	
198704	Rolandic_Oper_L	5804	0	6392	0	358	0	4726	0	0	0	11740	202	3042	0	0	0	0	0	3344	312	0	0	0	0	0	0	0	0	19096	230	338	0	0	0	0	0	1904	0	544	0	0	0	176	0	0	0	0	0	2862	0	3420	0	576	0	766	0	4402	0	742	0	1094	0	1594	0	590	0	656	0	0	0	1506	268	5408	0	1354	0	118	0	1650	0	8164	0	3730	0	1794	0	0	0	450	0	0	0	0	0	0	0	0	0	0	0	0	0	0	0	0	0	0	0	0	0	0	0	0	0	0	0	
235172	Rolandic_Oper_R	362	2388	4288	12972	0	0	922	2706	0	0	784	14904	568	524	0	200	0	0	5588	11762	0	0	952	634	0	0	0	0	1606	24152	426	3796	138	5238	0	0	0	770	0	512	0	0	0	0	0	0	0	0	0	0	0	0	0	0	0	244	0	2056	0	0	0	0	0	1474	0	0	0	252	0	0	624	7374	142	5256	0	0	0	1166	0	728	0	2078	0	0	0	0	0	0	0	0	0	0	0	0	0	0	0	0	0	0	0	0	0	0	0	0	0	0	0	0	0	0	0	0	0	0	
921456	Supp_Motor_Area_L	33512	6610	108374	15158	156	0	18068	4120	0	0	9306	7456	8024	2444	412	120	3344	5588	0	50242	0	0	7086	5016	0	0	0	0	11206	9018	6002	7858	6934	31286	120	1058	1240	354	276	0	0	0	0	0	0	304	0	206	0	184	0	190	0	0	346	0	296	3334	0	1312	122	2420	0	2630	0	0	0	3430	27820	4366	11700	7594	10138	1650	3762	122	15730	322	0	0	1144	282	802	0	134	0	0	0	0	0	0	0	0	0	0	0	0	0	0	0	0	0	0	0	0	0	0	0	0	0	0	0	0	0	0	0	
727384	Supp_Motor_Area_R	12098	4914	20074	44710	0	0	314	4884	0	0	362	11236	514	3592	0	232	312	11762	50242	0	0	0	5678	9042	0	0	0	0	1498	10908	1586	15648	8104	57614	198	510	494	2614	194	344	0	0	0	482	0	0	0	418	0	0	0	0	0	294	162	686	352	2478	0	0	0	0	0	0	0	0	174	848	13168	22696	1608	21104	1944	4062	606	152	320	12192	0	0	0	0	0	0	0	0	0	0	0	268	0	0	0	0	0	0	0	0	0	0	0	0	0	0	0	0	0	0	0	0	0	0	0	0	0	0	
97032	Olfactory_L	0	0	176	0	3334	260	0	0	1382	0	0	0	0	0	2780	306	0	0	0	0	0	7988	0	0	434	276	4376	2912	2270	0	2496	1628	0	0	0	0	0	0	1006	0	720	0	0	0	0	0	0	0	0	0	0	0	0	0	0	0	0	0	0	0	0	0	0	0	0	0	0	0	0	0	7318	5982	1190	0	0	0	0	0	0	0	0	0	1512	0	0	0	170	0	0	0	0	0	0	0	0	0	0	0	0	0	0	0	0	0	0	0	0	0	0	0	0	0	0	0	0	0	
85624	Olfactory_R	0	0	0	228	1318	1134	0	0	210	0	0	468	0	162	464	670	0	0	0	0	7988	0	0	0	224	350	2780	4524	0	1964	1762	1302	0	0	0	0	0	0	0	236	0	2088	0	0	0	0	0	0	0	0	0	0	0	0	0	0	0	0	0	0	0	0	0	0	0	0	0	0	0	0	7220	6230	1060	430	0	0	0	0	0	0	0	0	0	0	0	0	0	0	0	0	0	0	0	0	0	0	0	0	0	0	0	0	0	0	0	0	0	0	0	0	0	0	0	0	0	0	
283308	Frontal_Sup_Medial_L	0	0	25794	10984	2184	0	7326	1066	0	0	240	2244	346	1286	0	188	0	952	7086	5678	0	0	0	17974	466	0	0	0	1010	2628	8876	18078	1808	16060	0	0	0	0	0	0	0	0	0	0	0	0	0	0	0	0	0	0	0	0	0	0	0	0	0	0	0	0	0	0	0	0	0	0	0	0	0	7482	406	1232	0	0	0	260	0	0	0	0	0	0	0	0	0	0	0	0	0	0	0	0	0	0	0	0	0	0	0	0	0	0	0	0	0	0	0	0	0	0	0	0	0	0	
279136	Frontal_Sup_Medial_R	0	0	1214	29078	158	2600	0	3752	0	0	0	4638	0	3832	0	356	0	634	5016	9042	0	0	17974	0	130	1900	0	0	0	5056	2140	24270	386	14854	0	0	0	0	0	0	0	0	0	0	0	0	0	0	0	0	0	0	0	0	0	0	0	0	0	0	0	0	0	0	0	0	0	0	0	0	0	8448	0	4090	0	0	0	0	0	0	0	0	0	0	0	0	0	0	0	0	0	0	0	0	0	0	0	0	0	0	0	0	0	0	0	0	0	0	0	0	0	0	0	0	0	0	
15344	Frontal_Med_Orb_L	0	0	156	0	1918	0	0	0	128	0	0	0	0	0	0	0	0	0	0	0	434	224	466	130	0	176	498	0	0	0	2322	366	0	0	0	0	0	0	0	0	0	0	0	0	0	0	0	0	0	0	0	0	0	0	0	0	0	0	0	0	0	0	0	0	0	0	0	0	0	0	134	332	388	0	0	0	0	0	0	0	0	0	0	0	0	0	0	0	0	0	0	0	0	0	0	0	0	0	0	0	0	0	0	0	0	0	0	0	0	0	0	0	0	0	0	0	
55108	Frontal_Med_Orb_R	0	0	0	1446	0	8508	0	0	0	0	0	0	0	0	0	0	0	0	0	0	276	350	0	1900	176	0	156	4052	0	0	296	3286	0	0	0	0	0	0	0	0	0	0	0	0	0	0	0	0	0	0	0	0	0	0	0	0	0	0	0	0	0	0	0	0	0	0	0	0	0	0	266	3236	0	3606	0	0	0	0	0	0	0	0	0	0	0	0	0	0	0	0	0	0	0	0	0	0	0	0	0	0	0	0	0	0	0	0	0	0	0	0	0	0	0	0	0	0	
55432	Rectus_L	0	0	0	0	5852	704	0	0	3200	0	0	0	0	0	2238	0	0	0	0	0	4376	2780	0	0	498	156	0	2618	206	0	804	180	0	0	0	0	0	0	0	0	0	0	0	0	0	0	0	0	0	0	0	0	0	0	0	0	0	0	0	0	0	0	0	0	0	0	0	0	0	0	2594	1226	284	0	0	0	0	0	0	0	0	0	0	0	0	0	0	0	0	0	0	0	0	0	0	0	0	0	0	0	0	0	0	0	0	0	0	0	0	0	0	0	0	0	0	0	
64092	Rectus_R	0	0	0	346	768	7668	0	0	180	0	0	432	0	150	332	1078	0	0	0	0	2912	4524	0	0	0	4052	2618	0	0	816	208	412	0	0	0	0	0	0	0	0	0	642	0	0	0	0	0	0	0	0	0	0	0	0	0	0	0	0	0	0	0	0	0	0	0	0	0	0	0	0	2714	1572	246	220	0	0	0	0	0	0	0	0	0	156	0	0	0	0	0	0	0	0	0	0	0	0	0	0	0	0	0	0	0	0	0	0	0	0	0	0	0	0	0	0	0	0	
657716	Insula_L	14704	0	26688	380	13284	0	17872	0	3846	0	21770	6930	32322	0	14056	0	19096	1606	11206	1498	2270	0	1010	0	0	0	206	0	0	7996	7028	520	0	440	288	702	17984	984	6342	608	5938	0	250	122	322	0	558	0	766	0	2144	0	252	0	7362	240	3184	0	0	0	292	0	158	0	0	0	148	130	274	710	13288	5628	19908	1680	538	0	1620	0	5828	0	8644	0	10942	0	2682	0	302	0	2954	0	0	0	0	0	0	0	358	0	0	0	0	0	0	0	0	0	0	0	0	0	0	0	0	0	0	0	
557732	Insula_R	662	2356	9164	17034	192	592	3942	4592	0	1264	1978	38246	3180	12120	158	10494	230	24152	9018	10908	0	1964	2628	5056	0	0	0	816	7996	0	1802	14880	220	7606	0	0	0	9340	0	5594	0	3718	0	152	0	0	0	390	0	0	0	0	0	0	0	5878	0	628	0	0	0	0	0	764	0	0	0	358	0	0	2892	19070	460	21490	0	450	0	2710	0	1044	0	5458	0	1902	0	1398	0	0	0	1920	0	0	0	0	0	0	0	0	0	0	0	0	0	0	0	0	0	0	0	0	0	0	0	0	0	0	
198404	Cingulum_Ant_L	0	0	12930	1694	4494	160	2858	0	194	0	736	1688	4668	352	556	0	338	426	6002	1586	2496	1762	8876	2140	2322	296	804	208	7028	1802	0	11396	3334	2386	0	0	0	0	0	0	0	0	0	0	0	0	0	0	0	0	0	0	0	0	0	0	0	0	0	0	0	0	0	0	0	0	0	0	0	0	2692	6526	4860	1244	0	0	0	0	0	0	150	0	198	0	0	0	0	0	0	0	0	0	0	0	0	0	0	0	0	0	0	0	0	0	0	0	0	0	0	0	0	0	0	0	0	0	
475620	Cingulum_Ant_R	0	214	2770	26906	136	2560	0	2254	0	150	152	13970	254	6460	0	612	0	3796	7858	15648	1628	1302	18078	24270	366	3286	180	412	520	14880	11396	0	2298	28750	0	0	0	0	0	0	0	398	0	0	0	0	0	0	0	0	0	0	0	0	0	0	0	0	0	0	0	0	0	0	0	0	0	0	0	0	744	32600	286	12380	0	0	0	296	0	0	0	0	0	0	0	0	0	0	0	0	0	0	0	0	0	0	0	0	0	0	0	0	0	0	0	0	0	0	0	0	0	0	0	0	0	0	
105820	Cingulum_Mid_L	518	186	3076	602	0	0	564	0	0	0	0	206	0	0	0	0	0	138	6934	8104	0	0	1808	386	0	0	0	0	0	220	3334	2298	0	11646	2148	594	0	0	0	0	0	0	0	0	542	0	0	0	0	0	204	0	0	0	0	0	0	160	0	0	0	0	0	0	0	0	2670	572	3324	2036	0	482	0	158	0	0	0	0	0	0	0	0	0	0	0	0	0	0	0	0	0	0	0	0	0	0	0	0	0	0	0	0	0	0	0	0	0	0	0	0	0	0	0	0	0	0	
585944	Cingulum_Mid_R	8474	924	9276	20938	0	0	114	4150	0	0	368	10162	202	4476	0	234	0	5238	31286	57614	0	0	16060	14854	0	0	0	0	440	7606	2386	28750	11646	0	1182	4236	0	1116	0	202	0	0	0	606	0	510	0	164	0	0	0	0	0	230	0	340	0	2460	0	0	0	0	0	0	0	0	1234	4316	11748	13548	124	11206	384	3356	234	0	0	364	0	0	0	0	0	0	0	0	0	0	0	214	0	0	0	0	0	0	0	0	0	0	0	0	0	0	0	0	0	0	0	0	0	0	0	0	0	0	
102984	Cingulum_Post_L	310	204	0	0	0	0	0	0	0	0	0	0	0	0	0	0	0	0	120	198	0	0	0	0	0	0	0	0	288	0	0	0	2148	1182	0	12152	3326	416	366	0	0	0	3442	584	468	288	1492	1928	0	0	1520	176	842	384	916	178	0	668	0	0	0	0	0	0	0	0	4982	6012	746	1122	0	0	0	0	0	0	1084	0	0	0	0	0	0	0	870	0	0	0	180	280	0	0	0	0	0	0	0	182	0	0	0	0	0	0	0	0	0	0	0	0	2438	0	0	0	0	0	
160956	Cingulum_Post_R	1692	1352	868	172	0	0	0	0	0	0	0	0	0	0	0	0	0	0	1058	510	0	0	0	0	0	0	0	0	702	0	0	0	594	4236	12152	0	2594	1828	300	0	0	0	264	2964	0	3054	394	5624	0	0	554	438	0	1100	614	668	0	3100	0	0	0	0	0	0	0	0	1436	19746	828	4250	0	184	0	0	0	0	2130	416	170	0	0	0	0	0	168	0	0	0	0	772	0	0	0	0	0	0	0	278	0	0	0	0	0	0	0	0	0	0	0	0	3268	0	0	0	0	0	
285392	Hippocampus_L	9366	0	4086	0	214	0	2528	0	0	0	1204	0	352	0	0	0	1904	0	1240	494	0	0	0	0	0	0	0	0	17984	0	0	0	0	0	3326	2594	0	612	19192	128	6460	0	1054	0	176	0	4366	848	646	0	1646	0	192	0	16776	0	816	0	0	0	120	0	0	0	0	0	1598	1518	1024	444	276	0	14844	0	1590	0	4504	0	2514	0	4362	0	1136	0	2418	0	0	0	5860	0	0	0	0	0	120	0	754	200	144	0	0	0	0	0	0	0	0	0	0	120	946	0	0	0	0	0	
257852	Hippocampus_R	1092	1042	556	3860	0	0	0	0	0	0	0	230	338	0	0	0	0	770	354	2614	0	0	0	0	0	0	0	0	984	9340	0	0	0	1116	416	1828	612	0	174	30682	0	12602	0	710	0	0	0	1898	0	0	0	0	0	170	0	25046	364	0	0	0	0	0	0	538	0	0	0	1262	1452	1810	728	0	0	13276	0	758	936	3692	150	336	0	2042	0	168	0	552	0	0	0	2930	0	0	0	0	0	294	0	1204	0	0	0	0	0	0	0	0	0	0	0	0	0	0	0	0	0	0	
130332	ParaHippocampal_L	1258	0	888	0	278	0	568	0	0	0	514	0	126	0	0	0	544	0	276	194	1006	0	0	0	0	0	0	0	6342	0	0	0	0	0	366	300	19192	174	0	188	3824	0	136	0	0	0	3080	148	520	0	864	0	0	0	9680	0	144	0	0	0	0	0	0	0	0	0	316	216	0	184	0	0	4528	0	168	0	486	0	134	0	672	0	1478	0	320	0	0	0	1138	0	476	0	0	0	614	0	2224	0	1058	0	0	0	0	0	368	0	0	0	0	176	0	0	0	0	0	0	
175300	ParaHippocampal_R	0	286	242	1132	0	0	0	0	0	0	0	202	258	0	0	0	0	512	0	344	0	236	0	0	0	0	0	0	608	5594	0	0	0	202	0	0	128	30682	188	0	0	8734	0	358	0	0	0	1500	0	0	0	0	0	0	0	18534	0	0	0	0	0	0	0	0	0	0	0	226	0	134	596	0	0	8838	0	598	0	1558	0	144	0	1330	0	660	0	204	0	236	0	1200	0	114	0	0	0	446	0	1410	0	216	0	0	0	0	0	0	0	0	0	0	0	0	0	0	0	0	
45424	Amygdala_L	0	0	290	0	880	0	0	0	120	0	0	0	0	0	210	0	0	0	0	0	720	0	0	0	0	0	0	0	5938	0	0	0	0	0	0	0	6460	0	3824	0	0	0	0	0	0	0	0	0	0	0	0	0	0	0	1608	0	0	0	0	0	0	0	0	0	0	0	0	0	0	0	0	0	476	0	0	0	0	0	0	0	162	0	1134	0	244	0	0	0	236	0	0	0	0	0	0	0	410	0	0	0	0	0	0	0	0	0	0	0	0	0	0	0	0	0	0	0	
79300	Amygdala_R	0	0	0	142	0	348	0	0	0	0	0	486	0	0	0	168	0	0	0	0	0	2088	0	0	0	0	0	642	0	3718	0	398	0	0	0	0	0	12602	0	8734	0	0	0	0	0	0	0	0	0	0	0	0	0	0	0	4212	0	0	0	0	0	0	0	0	0	0	0	0	0	0	0	432	0	4632	0	0	0	0	0	0	0	0	0	870	0	0	0	0	0	0	0	0	0	0	0	0	0	178	0	0	0	0	0	0	0	0	0	0	0	0	0	0	0	0	0	0	
302396	Calcarine_L	534	0	0	0	0	0	0	0	0	0	0	0	0	0	0	0	176	0	0	0	0	0	0	0	0	0	0	0	250	0	0	0	0	0	3442	264	1054	0	136	0	0	0	0	7440	12494	4638	8844	1740	13058	1546	32104	292	15326	0	4128	0	6214	0	2552	0	4364	0	434	0	1014	0	19548	470	3510	0	0	0	0	0	0	0	0	0	118	0	546	0	0	0	3644	0	0	0	1168	0	0	0	0	0	0	0	0	0	0	0	0	0	0	0	0	0	0	0	0	0	150	0	0	0	0	0	
295968	Calcarine_R	156	488	0	150	0	0	0	0	0	0	0	0	0	0	0	0	0	0	0	482	0	0	0	0	0	0	0	0	122	152	0	0	0	606	584	2964	0	710	0	358	0	0	7440	0	3726	27820	1490	24764	170	21304	200	11986	0	6504	0	9006	0	388	0	0	0	0	0	370	0	354	384	17110	312	1548	0	208	0	0	0	0	0	232	0	0	0	344	0	0	0	1650	0	0	0	2950	0	0	0	0	0	0	0	596	0	0	0	0	0	0	0	0	0	0	0	0	356	0	0	0	0	0	
172216	Cuneus_L	0	0	0	0	0	0	0	0	0	0	0	0	0	0	0	0	0	0	0	0	0	0	0	0	0	0	0	0	322	0	0	0	542	0	468	0	176	0	0	0	0	0	12494	3726	0	5152	852	1084	24094	558	20490	0	3426	0	792	280	332	0	466	0	146	0	0	0	0	0	7864	360	1682	0	0	0	0	0	0	0	0	0	0	0	110	0	0	0	692	0	0	0	0	0	0	0	0	0	0	0	0	0	0	0	0	0	0	0	0	0	0	0	0	0	0	0	0	0	0	0	
318728	Cuneus_R	0	182	244	116	0	0	0	0	0	0	0	0	0	0	0	0	0	0	304	0	0	0	0	0	0	0	0	0	0	0	0	0	0	510	288	3054	0	0	0	0	0	0	4638	27820	5152	0	640	5782	554	36738	370	17904	0	880	0	978	0	3804	0	5384	0	3814	0	1314	0	1534	750	28236	0	2528	0	124	0	0	0	0	0	0	0	0	0	1806	0	0	0	3136	0	0	0	780	0	0	0	0	0	0	0	0	0	0	0	0	0	0	0	0	0	0	0	0	0	0	0	0	0	0	
292688	Lingual_L	238	0	0	0	0	0	0	0	0	0	0	0	0	0	0	0	0	0	0	0	0	0	0	0	0	0	0	0	558	0	0	0	0	0	1492	394	4366	0	3080	0	0	0	8844	1490	852	640	0	3942	1922	254	11726	0	9046	114	26938	1024	0	0	0	0	0	0	0	0	0	0	3898	346	246	0	0	0	0	0	0	0	200	0	134	0	110	0	0	0	306	0	0	0	114	0	12460	410	950	362	158	0	13514	590	22652	2794	0	0	314	0	0	0	0	0	0	0	3804	5046	1016	0	0	0	
321936	Lingual_R	126	550	204	270	0	0	0	0	0	0	0	0	0	0	0	0	0	0	206	418	0	0	0	0	0	0	0	0	0	390	0	0	0	164	1928	5624	848	1898	148	1500	0	0	1740	24764	1084	5782	3942	0	0	3050	168	2478	0	4826	2370	23352	0	698	0	0	0	0	0	124	0	0	178	13218	254	986	0	0	0	0	0	0	530	364	0	0	0	246	0	0	0	184	0	0	0	380	906	9244	392	1398	0	0	756	10066	4120	18356	0	0	0	148	0	0	0	0	0	0	3766	5280	1544	0	0	0	
339480	Occipital_Sup_L	3112	0	0	0	0	0	136	0	0	0	0	0	0	0	0	0	2862	0	0	0	0	0	0	0	0	0	0	0	766	0	0	0	0	0	0	0	646	0	520	0	0	0	13058	170	24094	554	1922	0	0	0	46480	0	3808	0	1062	0	5330	0	9804	0	9846	0	4148	0	8464	0	13696	0	362	0	0	0	0	0	0	0	0	0	0	0	6614	0	0	0	7488	0	0	0	4798	0	0	0	0	0	0	0	0	0	0	0	0	0	0	0	0	0	0	0	0	0	0	0	0	0	0	0	
315284	Occipital_Sup_R	0	0	156	0	0	0	0	0	0	0	0	0	0	0	0	0	0	0	184	0	0	0	0	0	0	0	0	0	0	0	0	0	0	0	0	0	0	0	0	0	0	0	1546	21304	558	36738	254	3050	0	0	0	31866	0	2188	0	1370	0	970	0	16558	0	6010	0	2560	0	7426	126	16568	0	0	0	0	0	0	0	0	0	0	0	0	0	2308	0	0	0	4908	0	0	0	994	0	0	0	0	0	0	0	0	0	0	0	0	0	0	0	0	0	0	0	0	0	0	0	0	0	0	
623160	Occipital_Mid_L	3986	0	180	0	0	0	254	0	0	0	0	0	0	0	0	0	3420	0	0	0	0	0	0	0	0	0	0	0	2144	0	0	0	204	0	1520	554	1646	0	864	0	0	0	32104	200	20490	370	11726	168	46480	0	0	0	32908	0	11082	0	9720	0	12598	0	17584	0	3510	0	21944	0	16528	366	4928	0	0	0	0	0	0	0	0	0	314	0	10532	0	0	0	32270	0	0	0	10722	0	0	0	0	0	0	0	0	0	0	0	0	0	0	0	0	0	0	0	0	0	264	0	0	0	0	0	
226324	Occipital_Mid_R	0	116	168	122	0	0	0	0	0	0	0	0	0	0	0	0	0	0	190	0	0	0	0	0	0	0	0	0	0	0	0	0	0	0	176	438	0	0	0	0	0	0	292	11986	0	17904	0	2478	0	31866	0	0	0	5398	0	2032	0	584	0	5932	0	2842	0	1520	0	9426	0	7642	0	118	0	0	0	0	0	0	0	0	0	0	0	1422	0	0	0	8886	0	0	0	1624	0	0	0	0	0	0	0	0	0	0	0	0	0	0	0	0	0	0	0	0	0	0	0	0	0	0	
213132	Occipital_Inf_L	410	0	0	0	0	0	0	0	0	0	0	0	0	0	0	0	576	0	0	0	0	0	0	0	0	0	0	0	252	0	0	0	0	0	842	0	192	0	0	0	0	0	15326	0	3426	0	9046	0	3808	0	32908	0	0	0	12062	0	4002	0	1502	0	2852	0	480	0	1476	0	4378	0	2238	0	0	0	0	0	0	0	0	0	138	0	1096	0	0	0	5280	0	0	0	2916	0	590	0	0	0	0	0	166	0	604	0	0	0	0	0	0	0	0	0	0	0	0	0	0	0	0	0	
115904	Occipital_Inf_R	0	184	0	0	0	0	0	0	0	0	0	0	0	0	0	0	0	0	0	294	0	0	0	0	0	0	0	0	0	0	0	0	0	230	384	1100	0	170	0	0	0	0	0	6504	0	880	114	4826	0	2188	0	5398	0	0	0	16024	0	276	0	0	0	0	0	202	0	0	0	1710	266	416	0	0	0	0	0	0	0	0	0	0	0	138	0	0	0	2150	0	0	0	11892	0	168	0	0	0	0	0	836	0	1178	0	0	0	0	0	0	0	0	0	0	184	240	0	0	0	0	
468572	Fusiform_L	712	0	1008	0	0	0	574	0	0	0	574	0	196	0	0	0	766	0	346	162	0	0	0	0	0	0	0	0	7362	0	0	0	0	0	916	614	16776	0	9680	0	1608	0	4128	0	792	0	26938	2370	1062	0	11082	0	12062	0	0	612	832	0	310	0	660	0	170	0	226	0	1304	424	1062	168	116	0	2890	0	0	0	134	0	684	0	3762	0	1944	0	4334	0	414	0	13434	0	30282	500	1788	506	370	156	14972	442	38374	2492	656	0	1630	164	0	0	0	0	0	178	3062	4682	824	0	0	0	
464532	Fusiform_R	126	146	128	418	0	0	0	0	0	0	0	0	0	0	0	0	0	244	0	686	0	0	0	0	0	0	0	0	240	5878	0	0	0	340	178	668	0	25046	0	18534	0	4212	0	9006	280	978	1024	23352	0	1370	0	2032	0	16024	612	0	0	0	0	0	0	0	0	296	0	0	0	3094	308	526	230	0	0	4470	0	246	0	956	0	492	0	4022	0	5522	0	6414	0	816	0	19908	358	21816	0	1130	0	800	734	11396	1474	30412	0	0	0	270	0	0	0	0	0	0	2182	1950	922	0	0	0	
249396	Postcentral_L	20536	0	866	0	0	0	786	0	0	0	506	0	0	0	0	0	4402	0	296	352	0	0	0	0	0	0	0	0	3184	0	0	0	0	0	0	0	816	364	144	0	0	0	6214	0	332	0	0	0	5330	0	9720	0	4002	0	832	0	0	0	6278	0	27440	0	8054	0	4948	0	2384	0	6928	256	296	0	1952	0	982	0	264	0	884	0	2244	0	0	0	2130	0	0	0	976	0	0	0	0	0	0	0	0	0	0	0	0	0	0	0	0	0	0	0	0	0	0	0	0	0	0	0	
198004	Postcentral_R	186	11454	2880	1534	0	0	0	1238	0	0	0	362	0	0	0	0	0	2056	3334	2478	0	0	0	0	0	0	0	0	0	628	0	0	160	2460	668	3100	0	0	0	0	0	0	0	388	0	3804	0	698	0	970	0	584	0	276	0	0	0	0	0	8330	0	11572	0	9916	0	380	0	13024	1698	12136	0	1154	0	0	0	0	0	1128	0	0	0	146	0	0	0	0	0	0	0	260	0	0	0	0	0	0	0	0	0	0	0	0	0	0	0	0	0	0	0	0	0	0	0	0	0	0	
127860	Parietal_Sup_L	424	0	0	0	0	0	0	0	0	0	0	0	0	0	0	0	742	0	0	0	0	0	0	0	0	0	0	0	0	0	0	0	0	0	0	0	0	0	0	0	0	0	2552	0	466	0	0	0	9804	0	12598	0	1502	0	310	0	6278	0	0	0	10088	0	414	0	5308	0	7874	0	626	0	0	0	0	0	0	0	0	0	0	0	1562	0	0	0	1856	0	0	0	1526	0	0	0	0	0	0	0	0	0	0	0	0	0	0	0	0	0	0	0	0	0	0	0	0	0	0	0	
150908	Parietal_Sup_R	0	442	1306	284	0	0	0	306	0	0	0	0	0	0	0	0	0	0	1312	0	0	0	0	0	0	0	0	0	0	0	0	0	0	0	0	0	0	0	0	0	0	0	0	0	0	5384	0	0	0	16558	0	5932	0	0	0	0	0	8330	0	0	0	12396	0	4894	0	7298	0	8994	0	1286	0	0	0	0	0	0	0	0	0	0	0	278	0	0	0	454	0	0	0	0	0	0	0	0	0	0	0	0	0	0	0	0	0	0	0	0	0	0	0	0	0	0	0	0	0	0	
269576	Parietal_Inf_L	8784	0	970	0	0	0	1044	0	0	0	0	0	0	0	0	0	1094	0	122	0	0	0	0	0	0	0	0	0	292	0	0	0	0	0	0	0	120	0	0	0	0	0	4364	0	146	0	0	0	9846	0	17584	0	2852	0	660	0	27440	0	10088	0	0	0	14622	0	20604	0	1950	0	2614	0	0	0	0	0	0	0	0	0	0	0	2840	0	0	0	4562	0	0	0	2190	0	0	0	0	0	0	0	0	0	0	0	0	0	0	0	0	0	0	0	0	0	0	0	0	0	0	0	
142372	Parietal_Inf_R	0	824	2276	338	0	0	0	338	0	0	0	0	0	0	0	0	0	0	2420	0	0	0	0	0	0	0	0	0	0	0	0	0	0	0	0	0	0	0	0	0	0	0	0	0	0	3814	0	0	0	6010	0	2842	0	0	0	0	0	11572	0	12396	0	0	0	14566	0	6314	0	5506	0	0	0	0	0	0	0	0	0	0	0	0	0	824	0	0	0	1146	0	0	0	0	0	0	0	0	0	0	0	0	0	0	0	0	0	0	0	0	0	0	0	0	0	0	0	0	0	0	
108400	SupraMarginal_L	1458	0	0	0	0	0	0	0	0	0	0	0	0	0	0	0	1594	0	0	0	0	0	0	0	0	0	0	0	158	0	0	0	0	0	0	0	0	0	0	0	0	0	434	0	0	0	0	0	4148	0	3510	0	480	0	170	0	8054	0	414	0	14622	0	0	0	8516	0	448	0	144	0	0	0	0	0	0	0	0	0	0	0	3302	0	0	0	5630	0	0	0	1118	0	0	0	0	0	0	0	0	0	0	0	0	0	0	0	0	0	0	0	0	0	0	0	0	0	0	0	
123868	SupraMarginal_R	0	834	2490	298	0	0	110	216	0	0	0	0	0	0	0	0	0	1474	2630	0	0	0	0	0	0	0	0	0	0	764	0	0	0	0	0	0	0	538	0	0	0	0	0	370	0	1314	0	124	0	2560	0	1520	0	202	0	296	0	9916	0	4894	0	14566	0	0	0	6014	0	2850	0	0	0	0	0	224	0	0	0	800	0	216	0	3704	0	0	0	2762	0	0	0	248	0	0	0	0	0	0	0	0	0	0	0	0	0	0	0	0	0	0	0	0	0	0	0	0	0	0	
181420	Angular_L	3210	0	324	0	0	0	480	0	0	0	0	0	0	0	0	0	590	0	0	0	0	0	0	0	0	0	0	0	0	0	0	0	0	0	0	0	0	0	0	0	0	0	1014	0	0	0	0	0	8464	0	21944	0	1476	0	226	0	4948	0	5308	0	20604	0	8516	0	0	0	2428	0	126	0	0	0	0	0	0	0	0	0	0	0	1736	0	0	0	7542	0	0	0	1774	0	0	0	0	0	0	0	0	0	0	0	0	0	0	0	0	0	0	0	0	0	0	0	0	0	0	0	
97244	Angular_R	0	0	0	0	0	0	0	0	0	0	0	0	0	0	0	0	0	0	0	0	0	0	0	0	0	0	0	0	0	0	0	0	0	0	0	0	0	0	0	0	0	0	0	354	0	1534	0	0	0	7426	0	9426	0	0	0	0	0	380	0	7298	0	6314	0	6014	0	0	0	1442	0	0	0	0	0	0	0	0	0	0	0	0	0	3104	0	0	0	5330	0	0	0	0	0	0	0	0	0	0	0	0	0	0	0	0	0	0	0	0	0	0	0	0	0	0	0	0	0	0	
225448	Precuneus_L	410	0	0	0	0	0	0	0	0	0	0	0	0	0	0	0	656	0	0	174	0	0	0	0	0	0	0	0	148	0	0	0	2670	1234	4982	1436	1598	0	316	0	0	0	19548	384	7864	750	3898	178	13696	126	16528	0	4378	0	1304	0	2384	0	7874	0	1950	0	448	0	2428	0	0	2132	3368	0	0	0	0	0	0	0	0	0	0	0	1644	0	0	0	5180	0	0	0	2500	0	0	0	0	0	0	0	196	0	0	0	0	0	0	0	0	0	0	0	0	0	342	0	0	0	0	0	
399044	Precuneus_R	710	2958	3036	1884	0	0	0	1084	0	0	0	0	0	0	0	0	0	252	3430	848	0	0	0	0	0	0	0	0	130	358	0	0	572	4316	6012	19746	1518	1262	216	226	0	0	470	17110	360	28236	346	13218	0	16568	366	7642	0	1710	424	3094	0	13024	0	8994	0	5506	0	2850	0	1442	2132	0	298	12180	0	760	0	0	0	0	856	898	0	0	0	2756	0	0	0	3270	0	0	0	1528	0	0	0	0	0	0	0	1414	0	0	0	0	0	0	0	0	0	0	0	0	3512	0	0	0	0	0	
372496	Paracentral_Lobule_L	42218	810	18538	190	0	0	170	0	0	0	0	0	0	0	0	0	0	0	27820	13168	0	0	0	0	0	0	0	0	274	0	0	0	3324	11748	746	828	1024	1452	0	0	0	0	3510	312	1682	0	246	254	362	0	4928	0	2238	266	1062	308	6928	1698	626	0	2614	0	144	0	126	0	3368	298	0	8588	1904	128	234	0	1780	0	18512	168	0	0	0	0	0	0	1424	0	0	0	0	230	0	0	0	0	0	0	0	0	0	0	0	0	0	0	0	0	0	0	0	0	0	0	0	0	0	0	
212656	Paracentral_Lobule_R	3762	4478	2234	0	0	0	0	0	0	0	0	0	0	0	0	0	0	0	4366	22696	0	0	0	0	0	0	0	0	710	0	0	0	2036	13548	1122	4250	444	1810	184	134	0	0	0	1548	0	2528	0	986	0	0	0	118	0	416	168	526	256	12136	0	1286	0	0	0	0	0	0	0	12180	8588	0	1078	260	1372	0	266	0	296	164	0	0	0	0	0	0	0	0	0	0	0	382	0	0	0	0	0	0	0	0	0	0	0	0	0	0	0	0	0	0	0	0	0	0	0	0	0	0	
258784	Caudate_L	2928	214	10494	524	1432	260	2374	168	250	0	4524	1652	7664	0	1020	304	1506	624	11700	1608	7318	7220	0	0	134	266	2594	2714	13288	2892	2692	744	0	124	0	0	276	728	0	596	0	0	0	0	0	0	0	0	0	0	0	0	0	0	116	230	296	0	0	0	0	0	0	0	0	0	0	0	1904	1078	0	10794	10234	1946	1510	0	8186	0	0	0	484	0	1782	0	0	0	0	0	0	0	0	0	0	0	0	0	0	0	0	0	0	0	0	0	0	0	0	0	0	0	0	0	0	0	0	0	
566140	Caudate_R	594	3378	7194	31850	778	3400	2694	2976	0	554	1814	13456	3326	3626	230	1084	268	7374	7594	21104	5982	6230	7482	8448	332	3236	1226	1572	5628	19070	6526	32600	482	11206	0	184	0	0	0	0	0	432	0	208	0	124	0	0	0	0	0	0	0	0	0	0	0	1154	0	0	0	0	0	0	0	0	0	760	128	260	10794	0	1636	19204	0	1466	0	23406	0	0	0	0	0	0	0	0	0	0	0	0	0	0	0	0	0	0	0	0	0	0	0	0	0	0	0	0	0	0	0	0	0	0	0	0	0	0	
331180	Putamen_L	12798	0	19898	116	9040	0	7646	0	654	0	2798	378	4450	0	3350	0	5408	142	10138	1944	1190	1060	406	0	388	0	284	246	19908	460	4860	286	0	384	0	0	14844	0	4528	0	476	0	0	0	0	0	0	0	0	0	0	0	0	0	2890	0	1952	0	0	0	0	0	0	0	0	0	0	0	234	1372	10234	1636	0	132	10574	0	3600	0	242	0	3132	0	834	0	196	0	0	0	482	0	0	0	0	0	0	0	0	0	0	0	0	0	0	0	0	0	0	0	0	0	0	0	0	0	0	0	
316844	Putamen_R	0	4672	1626	15458	138	4330	534	2718	0	894	150	3986	920	616	0	3866	0	5256	1650	4062	0	430	1232	4090	0	3606	0	220	1680	21490	1244	12380	158	3356	0	0	0	13276	0	8838	0	4632	0	0	0	0	0	0	0	0	0	0	0	0	0	4470	0	0	0	0	0	0	0	224	0	0	0	0	0	0	1946	19204	132	0	0	1428	0	2292	0	0	0	376	0	120	0	0	0	0	0	586	0	0	0	0	0	136	0	0	0	0	0	0	0	0	0	0	0	0	0	0	0	0	0	0	0	0	
77572	Pallidum_L	5204	0	4918	0	0	0	2512	0	0	0	114	0	0	0	0	0	1354	0	3762	606	0	0	0	0	0	0	0	0	538	0	0	0	0	234	0	0	1590	0	168	0	0	0	0	0	0	0	0	0	0	0	0	0	0	0	0	0	982	0	0	0	0	0	0	0	0	0	0	0	1780	266	1510	0	10574	0	0	0	2504	0	170	0	0	0	0	0	0	0	0	0	0	0	0	0	0	0	0	0	0	0	0	0	0	0	0	0	0	0	0	0	0	0	0	0	0	0	0	0	
18036	Pallidum_R	0	978	114	1426	0	0	0	1280	0	0	0	0	0	0	0	0	0	0	122	152	0	0	0	0	0	0	0	0	0	450	0	0	0	0	0	0	0	758	0	598	0	0	0	0	0	0	0	0	0	0	0	0	0	0	0	246	0	0	0	0	0	0	0	0	0	0	0	0	0	0	0	1466	0	1428	0	0	0	0	0	0	0	0	0	0	0	0	0	0	0	0	0	0	0	0	0	0	0	0	0	0	0	0	0	0	0	0	0	0	0	0	0	0	0	0	0	0	
210792	Thalamus_L	24886	0	13944	0	0	0	2290	0	0	0	0	0	0	0	0	0	118	0	15730	320	0	0	0	0	0	0	0	0	1620	0	0	0	0	0	1084	2130	4504	936	486	0	0	0	0	0	0	0	200	530	0	0	0	0	0	0	134	0	264	0	0	0	0	0	0	0	0	0	0	856	18512	296	8186	0	3600	0	2504	0	0	964	532	0	164	0	0	0	0	0	0	0	0	0	0	0	0	0	0	0	0	152	0	0	0	0	0	0	0	0	0	0	0	0	454	0	0	0	0	0	
160508	Thalamus_R	128	4246	276	19584	0	0	0	0	0	0	0	768	0	0	0	0	0	1166	322	12192	0	0	260	0	0	0	0	0	0	2710	0	296	0	364	0	416	0	3692	0	1558	0	0	0	232	0	0	0	364	0	0	0	0	0	0	0	956	0	1128	0	0	0	0	0	800	0	0	0	898	168	164	0	23406	0	2292	0	0	964	0	0	146	0	276	0	0	0	258	0	0	0	224	0	0	0	0	0	0	0	0	0	0	0	0	0	0	0	0	0	0	0	0	0	0	0	0	0	0	
50580	Heschl_L	4828	0	814	0	0	0	1084	0	0	0	494	0	0	0	0	0	1650	0	0	0	0	0	0	0	0	0	0	0	5828	0	0	0	0	0	0	170	2514	150	134	0	0	0	118	0	0	0	134	0	0	0	314	0	138	0	684	0	884	0	0	0	0	0	0	0	0	0	0	0	0	0	0	0	242	0	170	0	532	0	0	0	2484	0	0	0	1524	0	0	0	400	0	0	0	0	0	0	0	0	0	0	0	0	0	0	0	0	0	0	0	0	0	0	0	0	0	0	0	
17160	Heschl_R	0	0	0	0	0	0	0	0	0	0	0	0	0	0	0	0	0	728	0	0	0	0	0	0	0	0	0	0	0	1044	0	0	0	0	0	0	0	336	0	144	0	0	0	0	0	0	0	0	0	0	0	0	0	0	0	492	0	0	0	0	0	0	0	216	0	0	0	0	0	0	0	0	0	0	0	0	0	146	0	0	0	4102	0	0	0	810	0	0	0	562	0	0	0	0	0	0	0	0	0	0	0	0	0	0	0	0	0	0	0	0	0	0	0	0	0	0	
245820	Temporal_Sup_L	1056	0	2108	0	170	0	1180	0	0	0	2626	0	824	0	0	0	8164	0	1144	0	0	0	0	0	0	0	0	0	8644	0	150	0	0	0	0	0	4362	0	672	0	162	0	546	0	110	0	110	0	6614	0	10532	0	1096	0	3762	0	2244	0	1562	0	2840	0	3302	0	1736	0	1644	0	0	0	484	0	3132	0	0	0	164	0	2484	0	0	0	1406	0	35314	0	0	0	12566	0	0	0	0	0	0	0	0	0	0	0	0	0	0	0	0	0	0	0	0	0	0	0	0	0	0	0	
108248	Temporal_Sup_R	0	148	284	0	0	0	0	0	0	0	0	0	0	0	0	0	0	2078	282	0	0	0	0	0	0	0	0	0	0	5458	0	0	0	0	0	0	0	2042	0	1330	0	0	0	344	0	1806	0	246	0	2308	0	1422	0	138	0	4022	0	146	0	278	0	824	0	3704	0	3104	0	2756	0	0	0	0	0	376	0	0	0	276	0	4102	0	0	0	1864	0	11752	0	0	0	3034	0	0	0	0	0	0	0	0	0	0	0	0	0	0	0	0	0	0	0	0	0	0	0	0	0	0	
121972	Temporal_Pole_Sup_L	720	0	1488	0	2028	0	1240	0	1140	0	6868	0	2772	0	4486	0	3730	0	802	0	1512	0	0	0	0	0	0	0	10942	0	198	0	0	0	0	0	1136	0	1478	0	1134	0	0	0	0	0	0	0	0	0	0	0	0	0	1944	0	0	0	0	0	0	0	0	0	0	0	0	0	0	0	1782	0	834	0	0	0	0	0	0	0	1406	0	0	0	6138	0	1438	0	5770	0	0	0	0	0	0	0	0	0	0	0	0	0	0	0	0	0	0	0	0	0	0	0	0	0	0	0	
40692	Temporal_Pole_Sup_R	0	0	0	0	0	558	0	0	0	0	0	0	0	0	0	2442	0	0	0	0	0	0	0	0	0	0	0	156	0	1902	0	0	0	0	0	0	0	168	0	660	0	870	0	0	0	0	0	0	0	0	0	0	0	0	0	5522	0	0	0	0	0	0	0	0	0	0	0	0	0	0	0	0	0	120	0	0	0	0	0	0	0	1864	0	0	0	1374	0	1528	0	3182	0	0	0	0	0	0	0	0	0	0	0	0	0	0	0	0	0	0	0	0	0	0	0	0	0	0	
345492	Temporal_Mid_L	2044	0	228	0	0	0	0	0	0	0	262	0	0	0	0	0	1794	0	134	0	0	0	0	0	0	0	0	0	2682	0	0	0	0	0	870	168	2418	0	320	0	244	0	3644	0	692	0	306	0	7488	0	32270	0	5280	0	4334	0	2130	0	1856	0	4562	0	5630	0	7542	0	5180	0	1424	0	0	0	196	0	0	0	0	0	1524	0	35314	0	6138	0	0	0	1128	0	34944	0	0	0	0	0	0	0	0	0	0	0	0	0	0	0	0	0	0	0	0	0	0	0	0	0	0	0	
143512	Temporal_Mid_R	0	0	0	0	0	0	0	0	0	0	0	0	0	0	0	0	0	0	0	0	0	0	0	0	0	0	0	0	0	1398	0	0	0	0	0	0	0	552	0	204	0	0	0	1650	0	3136	0	184	0	4908	0	8886	0	2150	0	6414	0	0	0	454	0	1146	0	2762	0	5330	0	3270	0	0	0	0	0	0	0	0	0	258	0	810	0	11752	0	1374	0	0	0	492	0	14626	0	0	0	0	0	0	0	0	0	0	0	0	0	0	0	0	0	0	0	0	0	0	0	0	0	0	
10160	Temporal_Pole_Mid_L	0	0	0	0	130	0	0	0	0	0	0	0	0	0	304	0	0	0	0	0	170	0	0	0	0	0	0	0	302	0	0	0	0	0	0	0	0	0	0	0	0	0	0	0	0	0	0	0	0	0	0	0	0	0	414	0	0	0	0	0	0	0	0	0	0	0	0	0	0	0	0	0	0	0	0	0	0	0	0	0	0	0	1438	0	1128	0	0	0	1194	0	0	0	0	0	0	0	0	0	0	0	0	0	0	0	0	0	0	0	0	0	0	0	0	0	0	0	
8244	Temporal_Pole_Mid_R	0	0	0	0	0	0	0	0	0	0	0	0	0	0	0	0	0	0	0	0	0	0	0	0	0	0	0	0	0	0	0	0	0	0	0	0	0	0	0	236	0	0	0	0	0	0	0	0	0	0	0	0	0	0	0	816	0	0	0	0	0	0	0	0	0	0	0	0	0	0	0	0	0	0	0	0	0	0	0	0	0	0	0	1528	0	492	0	0	0	1050	0	0	0	0	0	0	0	0	0	0	0	0	0	0	0	0	0	0	0	0	0	0	0	0	0	0	
230724	Temporal_Inf_L	570	0	194	0	0	0	120	0	0	0	326	0	0	0	0	0	450	0	0	0	0	0	0	0	0	0	0	0	2954	0	0	0	0	0	180	0	5860	0	1138	0	236	0	1168	0	0	0	114	0	4798	0	10722	0	2916	0	13434	0	976	0	1526	0	2190	0	1118	0	1774	0	2500	0	0	0	0	0	482	0	0	0	0	0	400	0	12566	0	5770	0	34944	0	1194	0	0	0	3528	0	0	0	0	0	158	0	590	0	198	0	268	0	0	0	0	0	0	0	0	0	0	0	0	0	
153396	Temporal_Inf_R	0	170	0	0	0	0	0	0	0	0	0	0	0	0	0	0	0	0	0	268	0	0	0	0	0	0	0	0	0	1920	0	0	0	214	280	772	0	2930	0	1200	0	0	0	2950	0	780	0	380	0	994	0	1624	0	11892	0	19908	0	260	0	0	0	0	0	248	0	0	0	1528	230	382	0	0	0	586	0	0	0	224	0	562	0	3034	0	3182	0	14626	0	1050	0	0	0	2974	0	488	0	0	0	0	0	202	0	274	0	566	0	0	0	0	0	0	0	0	0	0	0	0	
486568	Cerebelum_Crus1_L	0	0	0	0	0	0	0	0	0	0	0	0	0	0	0	0	0	0	0	0	0	0	0	0	0	0	0	0	0	0	0	0	0	0	0	0	0	0	476	0	0	0	0	0	0	0	12460	906	0	0	0	0	590	0	30282	358	0	0	0	0	0	0	0	0	0	0	0	0	0	0	0	0	0	0	0	0	0	0	0	0	0	0	0	0	0	0	0	0	3528	0	0	3110	32196	5576	2282	606	26160	762	61408	4474	13148	782	17940	1328	1962	274	766	0	0	946	5440	7462	6816	604	212	430	
383376	Cerebelum_Crus1_R	0	0	0	0	0	0	0	0	0	0	0	0	0	0	0	0	0	0	0	0	0	0	0	0	0	0	0	0	0	0	0	0	0	0	0	0	0	0	0	114	0	0	0	0	0	0	410	9244	0	0	0	0	0	168	500	21816	0	0	0	0	0	0	0	0	0	0	0	0	0	0	0	0	0	0	0	0	0	0	0	0	0	0	0	0	0	0	0	0	0	2974	3110	0	958	31748	0	2744	1168	18510	3234	52264	0	5032	0	21354	0	374	0	0	0	1784	5708	4212	3950	164	148	0	
369556	Cerebelum_Crus2_L	0	0	0	0	0	0	0	0	0	0	0	0	0	0	0	0	0	0	0	0	0	0	0	0	0	0	0	0	0	0	0	0	0	0	0	0	0	0	0	0	0	0	0	0	0	0	950	392	0	0	0	0	0	0	1788	0	0	0	0	0	0	0	0	0	0	0	0	0	0	0	0	0	0	0	0	0	0	0	0	0	0	0	0	0	0	0	0	0	0	0	32196	958	0	14786	2140	210	7230	220	10352	1358	38030	4018	38666	2564	5428	228	516	0	0	360	2226	3008	12454	3834	360	506	
370144	Cerebelum_Crus2_R	0	0	0	0	0	0	0	0	0	0	0	0	0	0	0	0	0	0	0	0	0	0	0	0	0	0	0	0	0	0	0	0	0	0	0	0	0	0	0	0	0	0	0	0	0	0	362	1398	0	0	0	0	0	0	506	1130	0	0	0	0	0	0	0	0	0	0	0	0	0	0	0	0	0	0	0	0	0	0	0	0	0	0	0	0	0	0	0	0	0	488	5576	31748	14786	0	0	1490	854	5388	2646	9920	7506	24036	6054	38468	0	1874	0	0	0	990	3452	3778	15216	6438	722	246	
55048	Cerebelum_3_L	0	0	0	0	0	0	0	0	0	0	0	0	0	0	0	0	0	0	0	0	0	0	0	0	0	0	0	0	0	0	0	0	0	0	0	0	120	0	614	0	0	0	0	0	0	0	158	0	0	0	0	0	0	0	370	0	0	0	0	0	0	0	0	0	0	0	0	0	0	0	0	0	0	0	0	0	0	0	0	0	0	0	0	0	0	0	0	0	0	0	2282	0	2140	0	0	124	7486	0	2696	126	922	0	3248	284	2310	370	0	0	604	702	1064	362	144	560	616	222	
66064	Cerebelum_3_R	0	0	0	0	0	0	0	0	0	0	0	0	0	0	0	0	0	0	0	0	0	0	0	0	0	0	0	0	0	0	0	0	0	0	0	0	0	294	0	446	0	0	0	0	0	0	0	0	0	0	0	0	0	0	156	800	0	0	0	0	0	0	0	0	0	0	0	0	0	0	0	0	0	136	0	0	0	0	0	0	0	0	0	0	0	0	0	0	0	0	606	2744	210	1490	124	0	196	5140	514	4308	0	426	314	1714	210	1422	0	0	530	3694	1634	878	1284	1786	1694	282	
297776	Cerebelum_4_5_L	0	0	0	0	0	0	0	0	0	0	0	0	0	0	0	0	0	0	0	0	0	0	0	0	0	0	0	0	358	0	0	0	0	0	0	0	754	0	2224	0	410	0	0	0	0	0	13514	756	0	0	0	0	166	0	14972	734	0	0	0	0	0	0	0	0	0	0	196	0	0	0	0	0	0	0	0	0	0	0	0	0	0	0	0	0	0	0	0	0	158	0	26160	1168	7230	854	7486	196	0	1724	36470	2678	1978	0	7998	870	2684	408	0	0	0	922	9898	3864	498	486	434	640	
233668	Cerebelum_4_5_R	0	0	0	0	0	0	0	0	0	0	0	0	0	0	0	0	0	0	0	0	0	0	0	0	0	0	0	0	0	0	0	0	0	0	182	278	200	1204	0	1410	0	178	0	596	0	0	590	10066	0	0	0	0	0	836	442	11396	0	0	0	0	0	0	0	0	0	0	0	1414	0	0	0	0	0	0	0	0	152	0	0	0	0	0	0	0	0	0	0	0	0	0	762	18510	220	5388	0	5140	1724	0	1174	29200	0	1122	308	5904	248	1900	0	0	0	2338	8650	838	834	1772	1720	138	
463444	Cerebelum_6_L	0	0	0	0	0	0	0	0	0	0	0	0	0	0	0	0	0	0	0	0	0	0	0	0	0	0	0	0	0	0	0	0	0	0	0	0	144	0	1058	0	0	0	0	0	0	0	22652	4120	0	0	0	0	604	0	38374	1474	0	0	0	0	0	0	0	0	0	0	0	0	0	0	0	0	0	0	0	0	0	0	0	0	0	0	0	0	0	0	0	0	590	0	61408	3234	10352	2646	2696	514	36470	1174	0	7306	2692	0	6776	1088	876	230	0	0	0	882	7626	12316	3656	302	136	326	
408508	Cerebelum_6_R	0	0	0	0	0	0	0	0	0	0	0	0	0	0	0	0	0	0	0	0	0	0	0	0	0	0	0	0	0	0	0	0	0	0	0	0	0	0	0	216	0	0	0	0	0	0	2794	18356	0	0	0	0	0	1178	2492	30412	0	0	0	0	0	0	0	0	0	0	0	0	0	0	0	0	0	0	0	0	0	0	0	0	0	0	0	0	0	0	0	0	0	202	4474	52264	1358	9920	126	4308	2678	29200	7306	0	0	960	314	6442	118	1532	0	0	0	2398	9656	9200	4298	948	912	192	
269324	Cerebelum_7b_L	0	0	0	0	0	0	0	0	0	0	0	0	0	0	0	0	0	0	0	0	0	0	0	0	0	0	0	0	0	0	0	0	0	0	0	0	0	0	0	0	0	0	0	0	0	0	0	0	0	0	0	0	0	0	656	0	0	0	0	0	0	0	0	0	0	0	0	0	0	0	0	0	0	0	0	0	0	0	0	0	0	0	0	0	0	0	0	0	198	0	13148	0	38030	7506	922	0	1978	0	2692	0	0	5488	38146	3284	9304	120	1478	0	0	0	180	398	4650	5950	216	318	
200044	Cerebelum_7b_R	0	0	0	0	0	0	0	0	0	0	0	0	0	0	0	0	0	0	0	0	0	0	0	0	0	0	0	0	0	0	0	0	0	0	0	0	0	0	0	0	0	0	0	0	0	0	0	0	0	0	0	0	0	0	0	0	0	0	0	0	0	0	0	0	0	0	0	0	0	0	0	0	0	0	0	0	0	0	0	0	0	0	0	0	0	0	0	0	0	274	782	5032	4018	24036	0	426	0	1122	0	960	5488	0	7008	30588	212	7484	0	196	0	180	470	0	2642	8524	580	0	
362124	Cerebelum_8_L	0	0	0	0	0	0	0	0	0	0	0	0	0	0	0	0	0	0	0	0	0	0	0	0	0	0	0	0	0	0	0	0	0	0	0	0	0	0	0	0	0	0	0	0	0	0	314	0	0	0	0	0	0	0	1630	0	0	0	0	0	0	0	0	0	0	0	0	0	0	0	0	0	0	0	0	0	0	0	0	0	0	0	0	0	0	0	0	0	268	0	17940	0	38666	6054	3248	314	7998	308	6776	314	38146	7008	0	6548	19166	1754	2270	0	134	442	2076	1054	3774	10856	2800	1204	
324580	Cerebelum_8_R	0	0	0	0	0	0	0	0	0	0	0	0	0	0	0	0	0	0	0	0	0	0	0	0	0	0	0	0	0	0	0	0	0	0	0	0	0	0	0	0	0	0	0	0	0	0	0	148	0	0	0	0	0	0	164	270	0	0	0	0	0	0	0	0	0	0	0	0	0	0	0	0	0	0	0	0	0	0	0	0	0	0	0	0	0	0	0	0	0	566	1328	21354	2564	38468	284	1714	870	5904	1088	6442	3284	30588	6548	0	618	16296	0	454	118	1134	3842	1378	3170	10256	2984	456	
106996	Cerebelum_9_L	0	0	0	0	0	0	0	0	0	0	0	0	0	0	0	0	0	0	0	0	0	0	0	0	0	0	0	0	0	0	0	0	0	0	0	0	0	0	368	0	0	0	0	0	0	0	0	0	0	0	0	0	0	0	0	0	0	0	0	0	0	0	0	0	0	0	0	0	0	0	0	0	0	0	0	0	0	0	0	0	0	0	0	0	0	0	0	0	0	0	1962	0	5428	0	2310	210	2684	248	876	118	9304	212	19166	618	0	1686	3446	0	0	154	214	0	0	1384	2288	822	
116364	Cerebelum_9_R	0	0	0	0	0	0	0	0	0	0	0	0	0	0	0	0	0	0	0	0	0	0	0	0	0	0	0	0	0	0	0	0	0	0	0	0	0	0	0	0	0	0	0	0	0	0	0	0	0	0	0	0	0	0	0	0	0	0	0	0	0	0	0	0	0	0	0	0	0	0	0	0	0	0	0	0	0	0	0	0	0	0	0	0	0	0	0	0	0	0	274	374	228	1874	370	1422	408	1900	230	1532	120	7484	1754	16296	1686	0	0	1390	178	728	1344	1326	660	5982	7128	3494	
16952	Cerebelum_10_L	0	0	0	0	0	0	0	0	0	0	0	0	0	0	0	0	0	0	0	0	0	0	0	0	0	0	0	0	0	0	0	0	0	0	0	0	0	0	0	0	0	0	0	0	0	0	0	0	0	0	0	0	0	0	0	0	0	0	0	0	0	0	0	0	0	0	0	0	0	0	0	0	0	0	0	0	0	0	0	0	0	0	0	0	0	0	0	0	0	0	766	0	516	0	0	0	0	0	0	0	1478	0	2270	0	3446	0	0	0	0	0	0	0	0	0	0	0	
4080	Cerebelum_10_R	0	0	0	0	0	0	0	0	0	0	0	0	0	0	0	0	0	0	0	0	0	0	0	0	0	0	0	0	0	0	0	0	0	0	0	0	0	0	0	0	0	0	0	0	0	0	0	0	0	0	0	0	0	0	0	0	0	0	0	0	0	0	0	0	0	0	0	0	0	0	0	0	0	0	0	0	0	0	0	0	0	0	0	0	0	0	0	0	0	0	0	0	0	0	0	0	0	0	0	0	0	196	0	454	0	1390	0	0	0	0	0	0	0	0	0	0	
12836	Vermis_1_2	0	0	0	0	0	0	0	0	0	0	0	0	0	0	0	0	0	0	0	0	0	0	0	0	0	0	0	0	0	0	0	0	0	0	0	0	0	0	0	0	0	0	0	0	0	0	0	0	0	0	0	0	0	0	0	0	0	0	0	0	0	0	0	0	0	0	0	0	0	0	0	0	0	0	0	0	0	0	0	0	0	0	0	0	0	0	0	0	0	0	0	0	0	0	604	530	0	0	0	0	0	0	134	118	0	178	0	0	0	3948	490	0	0	226	190	0	
60500	Vermis_3	0	0	0	0	0	0	0	0	0	0	0	0	0	0	0	0	0	0	0	0	0	0	0	0	0	0	0	0	0	0	0	0	0	0	0	0	120	0	176	0	0	0	0	0	0	0	0	0	0	0	0	0	0	0	178	0	0	0	0	0	0	0	0	0	0	0	0	0	0	0	0	0	0	0	0	0	0	0	0	0	0	0	0	0	0	0	0	0	0	0	946	1784	360	990	702	3694	922	2338	882	2398	0	180	442	1134	154	728	0	0	3948	0	3492	910	1202	1224	1062	284	
205048	Vermis_4_5	0	0	0	0	0	0	0	0	0	0	0	0	0	0	0	0	0	0	0	0	0	0	0	0	0	0	0	0	0	0	0	0	0	0	2438	3268	946	0	0	0	0	0	150	356	0	0	3804	3766	0	0	264	0	0	184	3062	2182	0	0	0	0	0	0	0	0	0	0	342	3512	0	0	0	0	0	0	0	0	454	0	0	0	0	0	0	0	0	0	0	0	0	0	5440	5708	2226	3452	1064	1634	9898	8650	7626	9656	180	470	2076	3842	214	1344	0	0	490	3492	0	4748	1290	1728	1438	1130	
167168	Vermis_6	0	0	0	0	0	0	0	0	0	0	0	0	0	0	0	0	0	0	0	0	0	0	0	0	0	0	0	0	0	0	0	0	0	0	0	0	0	0	0	0	0	0	0	0	0	0	5046	5280	0	0	0	0	0	240	4682	1950	0	0	0	0	0	0	0	0	0	0	0	0	0	0	0	0	0	0	0	0	0	0	0	0	0	0	0	0	0	0	0	0	0	0	7462	4212	3008	3778	362	878	3864	838	12316	9200	398	0	1054	1378	0	1326	0	0	0	910	4748	0	6022	1336	1180	2116	
164308	Vermis_7	0	0	0	0	0	0	0	0	0	0	0	0	0	0	0	0	0	0	0	0	0	0	0	0	0	0	0	0	0	0	0	0	0	0	0	0	0	0	0	0	0	0	0	0	0	0	1016	1544	0	0	0	0	0	0	824	922	0	0	0	0	0	0	0	0	0	0	0	0	0	0	0	0	0	0	0	0	0	0	0	0	0	0	0	0	0	0	0	0	0	0	6816	3950	12454	15216	144	1284	498	834	3656	4298	4650	2642	3774	3170	0	660	0	0	0	1202	1290	6022	0	3414	888	986	
