data	data	470324	89168	940996	908236	193632	158688	404532	200136	100404	22984	245720	164272	306640	162236	275608	279964	272280	91848	948260	872652	125132	132920	432916	444496	49844	127576	86132	96344	701528	366044	291876	434980	276252	740740	157788	140864	258136	268852	126908	158460	34036	66200	211044	219800	154396	242484	322776	290876	165548	201308	435448	208632	183480	137808	372196	414308	325512	200468	122856	129288	247796	107420	120936	124500	135236	99436	274732	418440	295976	221144	272680	722456	420620	344056	77380	63732	281988	249680	93768	21288	195580	132720	74088	69880	286580	206140	19212	25484	269740	234808	579128	560056	496144	346496	115104	63672	391728	275732	577072	560980	387952	192268	461696	412684	146804	158324	21784	16040	23432	103756	343024	277408	276936	164772	97800	38088	
data	data	Precentral_L	Precentral_R	Frontal_Sup_L	Frontal_Sup_R	Frontal_Sup_Orb_L	Frontal_Sup_Orb_R	Frontal_Mid_L	Frontal_Mid_R	Frontal_Mid_Orb_L	Frontal_Mid_Orb_R	Frontal_Inf_Oper_L	Frontal_Inf_Oper_R	Frontal_Inf_Tri_L	Frontal_Inf_Tri_R	Frontal_Inf_Orb_L	Frontal_Inf_Orb_R	Rolandic_Oper_L	Rolandic_Oper_R	Supp_Motor_Area_L	Supp_Motor_Area_R	Olfactory_L	Olfactory_R	Frontal_Sup_Medial_L	Frontal_Sup_Medial_R	Frontal_Med_Orb_L	Frontal_Med_Orb_R	Rectus_L	Rectus_R	Insula_L	Insula_R	Cingulum_Ant_L	Cingulum_Ant_R	Cingulum_Mid_L	Cingulum_Mid_R	Cingulum_Post_L	Cingulum_Post_R	Hippocampus_L	Hippocampus_R	ParaHippocampal_L	ParaHippocampal_R	Amygdala_L	Amygdala_R	Calcarine_L	Calcarine_R	Cuneus_L	Cuneus_R	Lingual_L	Lingual_R	Occipital_Sup_L	Occipital_Sup_R	Occipital_Mid_L	Occipital_Mid_R	Occipital_Inf_L	Occipital_Inf_R	Fusiform_L	Fusiform_R	Postcentral_L	Postcentral_R	Parietal_Sup_L	Parietal_Sup_R	Parietal_Inf_L	Parietal_Inf_R	SupraMarginal_L	SupraMarginal_R	Angular_L	Angular_R	Precuneus_L	Precuneus_R	Paracentral_Lobule_L	Paracentral_Lobule_R	Caudate_L	Caudate_R	Putamen_L	Putamen_R	Pallidum_L	Pallidum_R	Thalamus_L	Thalamus_R	Heschl_L	Heschl_R	Temporal_Sup_L	Temporal_Sup_R	Temporal_Pole_Sup_L	Temporal_Pole_Sup_R	Temporal_Mid_L	Temporal_Mid_R	Temporal_Pole_Mid_L	Temporal_Pole_Mid_R	Temporal_Inf_L	Temporal_Inf_R	Cerebelum_Crus1_L	Cerebelum_Crus1_R	Cerebelum_Crus2_L	Cerebelum_Crus2_R	Cerebelum_3_L	Cerebelum_3_R	Cerebelum_4_5_L	Cerebelum_4_5_R	Cerebelum_6_L	Cerebelum_6_R	Cerebelum_7b_L	Cerebelum_7b_R	Cerebelum_8_L	Cerebelum_8_R	Cerebelum_9_L	Cerebelum_9_R	Cerebelum_10_L	Cerebelum_10_R	Vermis_1_2	Vermis_3	Vermis_4_5	Vermis_6	Vermis_7	Vermis_8	Vermis_9	Vermis_10	
470324	Precentral_L	0	0	17316	588	0	0	17144	0	0	0	11236	0	802	0	0	234	12886	0	29988	1776	0	0	0	0	0	0	0	0	15314	0	0	0	648	984	658	0	3876	0	986	0	0	0	126	0	102	0	0	0	0	0	4460	0	2032	0	1674	0	32994	0	110	0	6102	0	2858	0	504	0	382	0	33030	0	0	520	3176	0	200	0	13712	810	3236	0	4094	0	0	0	4802	0	0	0	5578	0	224	0	0	0	0	0	0	0	0	0	0	0	0	0	0	0	0	0	0	0	0	0	0	0	0	0	
89168	Precentral_R	0	0	0	6918	0	0	0	6584	0	0	0	3250	0	0	0	0	0	1046	0	1656	0	0	0	0	0	0	0	0	0	2090	0	0	0	0	0	0	0	1536	0	186	0	0	0	0	0	0	0	0	0	0	0	0	0	108	0	1468	0	10474	0	0	0	0	0	1082	0	0	0	0	0	1120	0	460	0	1994	0	598	418	374	0	112	0	1324	0	0	0	314	0	0	0	1472	0	0	0	0	0	0	0	0	0	0	0	0	0	0	0	0	0	0	0	0	0	0	0	0	0	0	
940996	Frontal_Sup_L	17316	0	0	4882	7642	0	63718	148	2362	0	19126	0	18576	0	8488	2644	17858	0	91988	4982	0	0	46080	9392	364	0	0	0	44034	0	10150	4344	7752	8928	138	0	8160	106	584	0	0	0	0	0	0	0	0	0	0	0	318	0	0	0	154	0	12190	0	0	0	1476	0	1208	0	218	0	0	0	2252	0	3810	3214	27934	128	5038	0	4772	252	2288	0	2280	0	2156	0	430	0	0	0	618	0	0	0	0	0	0	0	0	0	0	0	0	0	0	0	0	0	0	0	0	0	0	0	0	0	0	0	
908236	Frontal_Sup_R	588	6918	4882	0	546	4730	1734	30208	94	0	466	12308	1224	10658	946	10522	0	5870	7800	66754	0	0	12656	39674	0	5494	0	0	3972	25346	6474	25558	3820	29538	0	0	108	7346	0	1928	0	320	0	0	0	0	0	108	0	0	0	0	0	226	0	1052	0	3344	0	0	0	168	0	652	0	0	0	0	410	162	3798	49946	4860	24730	120	7348	2786	23662	0	724	0	832	0	224	0	0	0	0	0	484	0	0	0	0	0	0	0	0	0	0	0	0	0	0	0	0	0	0	0	0	0	0	0	0	0	0	
193632	Frontal_Sup_Orb_L	0	0	7642	546	0	1240	1866	0	12208	0	608	0	3486	0	18174	768	0	0	884	462	3528	2480	2850	196	3838	154	5914	1302	6350	0	3638	360	92	0	0	0	0	0	0	0	0	0	0	0	0	0	0	0	0	0	0	0	0	0	0	0	0	0	0	0	0	0	0	0	0	0	0	0	0	0	5272	1606	9838	514	642	0	0	0	0	0	0	0	358	0	0	0	0	0	0	0	0	0	0	0	0	0	0	0	0	0	0	0	0	0	0	0	0	0	0	0	0	0	0	0	0	0	
158688	Frontal_Sup_Orb_R	0	0	0	4730	1240	0	0	186	560	5008	0	0	104	366	1074	7898	0	0	142	1650	2454	4832	162	5014	226	8076	1768	9868	224	1710	800	2822	0	802	0	0	0	0	0	0	0	0	0	0	0	0	0	0	0	0	0	0	0	0	0	0	0	0	0	0	0	0	0	0	0	0	0	0	0	0	2512	6812	1492	6616	0	196	0	0	0	0	0	0	0	0	0	0	0	0	0	0	0	0	0	0	0	0	0	0	0	0	0	0	0	0	0	0	0	0	0	0	0	0	0	0	0	0	
404532	Frontal_Mid_L	17144	0	63718	1734	1866	0	0	0	2366	0	9378	0	28962	0	8704	2026	2092	0	12516	284	0	0	20738	3296	0	0	0	0	10144	0	3158	1614	4888	2528	0	0	370	0	114	0	0	0	0	0	0	0	0	0	0	0	0	0	0	0	0	0	482	0	0	0	0	0	0	0	0	0	0	0	0	0	242	2126	696	0	606	0	218	0	0	0	256	0	0	0	0	0	0	0	0	0	0	0	0	0	0	0	0	0	0	0	0	0	0	0	0	0	0	0	0	0	0	0	0	0	0	0	
200136	Frontal_Mid_R	0	6584	148	30208	0	186	0	0	0	138	0	9664	106	11372	0	4142	0	746	494	8050	0	0	412	4022	0	0	0	0	436	3704	452	2964	0	6756	0	0	0	326	0	0	0	0	0	0	0	0	0	0	0	0	0	0	0	0	0	0	0	1064	0	0	0	0	0	0	0	0	0	0	0	0	228	4580	0	1672	0	1036	0	578	0	0	0	0	0	0	0	0	0	0	0	0	0	0	0	0	0	0	0	0	0	0	0	0	0	0	0	0	0	0	0	0	0	0	0	0	0	0	
100404	Frontal_Mid_Orb_L	0	0	2362	94	12208	560	2366	0	0	0	112	0	1314	0	13828	326	0	0	126	94	1084	916	294	0	1736	0	3754	572	1290	0	1186	168	0	0	0	0	0	0	0	0	0	0	0	0	0	0	0	0	0	0	0	0	0	0	0	0	0	0	0	0	0	0	0	0	0	0	0	0	0	0	1868	490	2804	248	402	0	0	0	0	0	0	0	0	0	0	0	0	0	0	0	0	0	0	0	0	0	0	0	0	0	0	0	0	0	0	0	0	0	0	0	0	0	0	0	0	0	
22984	Frontal_Mid_Orb_R	0	0	0	0	0	5008	0	138	0	0	0	0	0	108	0	3756	0	0	0	0	0	374	0	0	0	660	0	576	0	334	0	0	0	0	0	0	0	0	0	0	0	0	0	0	0	0	0	0	0	0	0	0	0	0	0	0	0	0	0	0	0	0	0	0	0	0	0	0	0	0	0	0	0	538	0	0	0	0	0	0	0	0	0	0	0	0	0	0	0	0	0	0	0	0	0	0	0	0	0	0	0	0	0	0	0	0	0	0	0	0	0	0	0	0	0	0	
245720	Frontal_Inf_Oper_L	11236	0	19126	466	608	0	9378	0	112	0	0	0	14560	0	438	480	12192	0	15574	472	0	0	950	0	0	0	0	0	22262	0	684	0	1524	756	0	0	688	0	0	0	0	0	0	0	0	0	0	0	0	0	0	0	0	0	0	0	3340	0	0	0	182	0	150	0	0	0	0	0	0	0	0	754	1724	0	0	0	274	0	152	0	1284	0	3494	0	0	0	0	0	0	0	0	0	0	0	0	0	0	0	0	0	0	0	0	0	0	0	0	0	0	0	0	0	0	0	0	0	
164272	Frontal_Inf_Oper_R	0	3250	0	12308	0	0	0	9664	0	0	0	0	0	6160	0	2222	0	3492	338	4258	0	0	0	360	0	0	0	0	368	16420	246	432	0	1478	0	0	0	1098	0	264	0	0	0	0	0	0	0	0	0	0	0	0	0	0	0	148	0	1244	0	0	0	0	0	344	0	0	0	0	0	0	214	9474	0	7104	0	528	0	0	0	138	0	446	0	138	0	0	0	0	0	0	0	0	0	0	0	0	0	0	0	0	0	0	0	0	0	0	0	0	0	0	0	0	0	0	0	0	
306640	Frontal_Inf_Tri_L	802	0	18576	1224	3486	104	28962	106	1314	0	14560	0	0	0	18298	944	1302	0	4900	374	100	96	10170	1000	238	0	154	96	26496	0	5560	1244	6402	1950	0	0	238	0	0	0	0	0	0	0	0	0	0	0	0	0	0	0	0	0	0	0	0	0	0	0	0	0	0	0	0	0	0	0	0	0	818	1110	1354	0	0	0	0	0	0	0	0	0	1342	0	0	0	0	0	0	0	0	0	0	0	0	0	0	0	0	0	0	0	0	0	0	0	0	0	0	0	0	0	0	0	0	0	
162236	Frontal_Inf_Tri_R	0	0	0	10658	0	366	0	11372	0	108	0	6160	0	0	0	4110	0	178	1352	9794	0	0	252	1868	0	114	0	0	0	16458	254	2350	0	6114	0	0	0	0	0	0	0	0	0	0	0	0	0	0	0	0	0	0	0	0	0	0	0	0	0	0	0	0	0	0	0	0	0	0	0	0	0	7924	0	1686	0	0	0	0	0	0	0	0	0	0	0	0	0	0	0	0	0	0	0	0	0	0	0	0	0	0	0	0	0	0	0	0	0	0	0	0	0	0	0	0	0	0	
275608	Frontal_Inf_Orb_L	0	0	8488	946	18174	1074	8704	0	13828	0	438	0	18298	0	0	806	0	0	914	362	4772	2300	5402	764	1276	0	3590	1132	17230	0	4482	1254	2490	1404	0	0	232	0	0	0	672	0	0	0	0	0	0	0	0	0	0	0	0	0	0	0	0	0	0	0	0	0	0	0	0	0	0	0	0	0	5128	1714	10124	508	304	0	148	100	0	0	0	0	746	0	0	0	0	0	0	0	0	0	0	0	0	0	0	0	0	0	0	0	0	0	0	0	0	0	0	0	0	0	0	0	0	0	
279964	Frontal_Inf_Orb_R	234	0	2644	10522	768	7898	2026	4142	326	3756	480	2222	944	4110	806	0	0	104	2938	6446	1496	2284	452	1632	128	266	700	2512	4710	9124	2032	3728	1346	3708	0	0	0	0	0	0	0	0	0	0	0	0	0	0	0	0	0	0	0	0	0	0	0	0	0	0	0	0	0	0	0	0	0	0	0	0	7858	38002	3256	3698	0	130	126	1016	0	0	0	404	0	792	0	216	0	0	0	0	0	0	0	0	0	0	0	0	0	0	0	0	0	0	0	0	0	0	0	0	0	0	0	0	0	0	
272280	Rolandic_Oper_L	12886	0	17858	0	0	0	2092	0	0	0	12192	0	1302	0	0	0	0	0	17056	168	0	0	0	0	0	0	0	0	23410	0	0	0	402	314	0	0	2292	0	342	0	0	0	0	0	0	0	0	0	0	0	802	0	460	0	394	0	11842	0	122	0	2202	0	2760	0	132	0	214	0	2016	0	0	114	462	0	0	0	570	0	6446	0	8796	0	2402	0	3178	0	0	0	2914	0	0	0	0	0	0	0	0	0	0	0	0	0	0	0	0	0	0	0	0	0	0	0	0	0	0	0	
91848	Rolandic_Oper_R	0	1046	0	5870	0	0	0	746	0	0	0	3492	0	178	0	104	0	0	0	1032	0	0	0	0	0	0	0	0	0	9766	0	0	0	0	0	0	0	1360	0	164	0	0	0	0	0	0	0	0	0	0	0	0	0	0	0	146	0	3416	0	0	0	128	0	2968	0	0	0	0	0	486	0	1466	0	3324	0	304	0	374	0	2960	0	5794	0	488	0	202	0	0	0	110	0	0	0	0	0	0	0	0	0	0	0	0	0	0	0	0	0	0	0	0	0	0	0	0	0	0	
948260	Supp_Motor_Area_L	29988	0	91988	7800	884	142	12516	494	126	0	15574	338	4900	1352	914	2938	17056	0	0	32920	0	0	10574	9168	0	198	0	0	34372	1330	2420	6782	16324	31692	1382	370	10456	336	646	0	0	0	0	0	0	0	0	132	0	0	304	0	0	0	168	132	12138	0	0	0	1256	0	1136	0	200	0	134	464	22648	248	3714	7304	31844	738	9096	0	25922	2898	1976	0	2190	0	2250	0	442	0	0	0	722	94	0	0	0	0	0	0	0	0	0	0	0	0	0	0	0	0	0	0	0	0	0	0	0	0	0	0	
872652	Supp_Motor_Area_R	1776	1656	4982	66754	462	1650	284	8050	94	0	472	4258	374	9794	362	6446	168	1032	32920	0	0	0	5376	18608	0	2798	0	0	2886	11930	3948	16014	8134	66214	274	1882	1918	3542	982	754	0	288	0	348	0	992	0	614	0	320	0	386	0	1880	536	3268	0	2262	0	110	0	154	0	474	0	0	478	5314	8132	18480	3436	32454	5856	8156	1656	2730	14362	28700	0	376	0	1748	158	0	0	1414	0	0	298	3960	192	0	0	0	0	0	0	0	0	0	0	0	0	0	0	0	0	0	0	0	0	0	0	0	0	0	
125132	Olfactory_L	0	0	0	0	3528	2454	0	0	1084	0	0	0	100	0	4772	1496	0	0	0	0	0	8118	0	0	1374	228	3744	2766	2842	0	3302	1446	0	0	0	0	252	0	232	0	444	0	0	0	0	0	0	0	0	0	0	0	0	0	0	0	0	0	0	0	0	0	0	0	0	0	0	0	0	0	11388	5238	5670	1530	292	0	0	0	0	0	0	0	266	0	0	0	0	0	0	0	0	0	0	0	0	0	0	0	0	0	0	0	0	0	0	0	0	0	0	0	0	0	0	0	0	0	
132920	Olfactory_R	0	0	0	0	2480	4832	0	0	916	374	0	0	96	0	2300	2284	0	0	0	0	8118	0	0	150	266	3218	2652	7462	240	1598	1730	3898	0	0	0	0	0	0	0	290	0	586	0	0	0	0	0	0	0	0	0	0	0	0	0	0	0	0	0	0	0	0	0	0	0	0	0	0	0	0	8518	7806	4296	1974	128	0	0	0	0	0	0	0	0	248	0	0	0	0	0	0	0	0	0	0	0	0	0	0	0	0	0	0	0	0	0	0	0	0	0	0	0	0	0	0	0	0	
432916	Frontal_Sup_Medial_L	0	0	46080	12656	2850	162	20738	412	294	0	950	0	10170	252	5402	452	0	0	10574	5376	0	0	0	29334	844	826	0	0	2368	112	16922	16966	11066	19134	120	0	0	0	0	0	0	0	0	0	0	0	0	0	0	0	0	0	0	0	0	0	0	0	0	0	0	0	0	0	0	0	0	0	0	0	612	998	278	510	0	0	0	0	0	0	0	0	0	0	0	0	0	0	0	0	0	0	0	0	0	0	0	0	0	0	0	0	0	0	0	0	0	0	0	0	0	0	0	0	0	0	
444496	Frontal_Sup_Medial_R	0	0	9392	39674	196	5014	3296	4022	0	0	0	360	1000	1868	764	1632	0	0	9168	18608	0	150	29334	0	260	7012	0	338	196	1868	6648	32212	1326	32766	0	0	0	0	0	0	0	0	0	0	0	0	0	0	0	0	0	0	0	0	0	0	0	0	0	0	0	0	0	0	0	0	0	0	0	0	252	7970	304	6224	0	394	0	0	0	0	0	0	0	0	0	0	0	0	0	0	0	0	0	0	0	0	0	0	0	0	0	0	0	0	0	0	0	0	0	0	0	0	0	0	0	0	
49844	Frontal_Med_Orb_L	0	0	364	0	3838	226	0	0	1736	0	0	0	238	0	1276	128	0	0	0	0	1374	266	844	260	0	902	3242	254	478	0	5178	682	0	0	0	0	0	0	0	0	0	0	0	0	0	0	0	0	0	0	0	0	0	0	0	0	0	0	0	0	0	0	0	0	0	0	0	0	0	0	1986	146	1226	0	278	0	0	0	0	0	0	0	0	0	0	0	0	0	0	0	0	0	0	0	0	0	0	0	0	0	0	0	0	0	0	0	0	0	0	0	0	0	0	0	0	0	
127576	Frontal_Med_Orb_R	0	0	0	5494	154	8076	0	0	0	660	0	0	0	114	0	266	0	0	198	2798	228	3218	826	7012	902	0	988	6092	148	134	1918	8174	94	328	0	0	0	0	0	0	0	0	0	0	0	0	0	0	0	0	0	0	0	0	0	0	0	0	0	0	0	0	0	0	0	0	0	0	0	0	326	7908	534	6560	0	638	0	0	0	0	0	0	0	0	0	0	0	0	0	0	0	0	0	0	0	0	0	0	0	0	0	0	0	0	0	0	0	0	0	0	0	0	0	0	0	0	
86132	Rectus_L	0	0	0	0	5914	1768	0	0	3754	0	0	0	154	0	3590	700	0	0	0	0	3744	2652	0	0	3242	988	0	2470	474	0	2996	852	0	0	0	0	0	0	0	0	0	0	0	0	0	0	0	0	0	0	0	0	0	0	0	0	0	0	0	0	0	0	0	0	0	0	0	0	0	0	5120	1412	2204	348	684	0	0	0	0	0	0	0	0	0	0	0	0	0	0	0	0	0	0	0	0	0	0	0	0	0	0	0	0	0	0	0	0	0	0	0	0	0	0	0	0	0	
96344	Rectus_R	0	0	0	0	1302	9868	0	0	572	576	0	0	96	0	1132	2512	0	0	0	0	2766	7462	0	338	254	6092	2470	0	160	260	504	3228	0	0	0	0	0	0	0	0	0	0	0	0	0	0	0	0	0	0	0	0	0	0	0	0	0	0	0	0	0	0	0	0	0	0	0	0	0	0	2624	3772	1448	736	0	0	0	0	0	0	0	0	0	0	0	0	0	0	0	0	0	0	0	0	0	0	0	0	0	0	0	0	0	0	0	0	0	0	0	0	0	0	0	0	0	0	
701528	Insula_L	15314	0	44034	3972	6350	224	10144	436	1290	0	22262	368	26496	0	17230	4710	23410	0	34372	2886	2842	240	2368	196	478	148	474	160	0	0	4452	710	5550	1626	108	0	16194	130	2146	0	1764	0	0	0	0	0	0	0	0	0	622	0	374	0	2388	0	9574	0	154	0	1372	0	508	0	0	0	366	0	4742	0	5982	6210	22592	168	0	0	5708	744	9508	0	8376	0	5438	0	4030	0	132	0	8442	0	138	0	0	0	0	0	112	0	0	0	0	0	0	0	0	0	0	0	0	0	0	0	0	0	0	0	
366044	Insula_R	0	2090	0	25346	0	1710	0	3704	0	334	0	16420	0	16458	0	9124	0	9766	1330	11930	0	1598	112	1868	0	134	0	260	0	0	308	1960	0	4202	0	0	0	8716	0	1416	0	1394	0	118	0	0	0	0	0	0	0	0	0	928	0	3324	0	2152	0	0	0	96	0	200	0	0	0	126	0	1056	0	18406	0	22078	0	1048	0	374	0	1216	0	5586	0	2390	0	1314	0	0	0	2290	0	140	0	0	0	0	0	0	0	0	0	0	0	0	0	0	0	0	0	0	0	0	0	0	0	0	
291876	Cingulum_Ant_L	0	0	10150	6474	3638	800	3158	452	1186	0	684	246	5560	254	4482	2032	0	0	2420	3948	3302	1730	16922	6648	5178	1918	2996	504	4452	308	0	22264	8972	11278	272	0	0	0	0	0	0	0	0	0	0	0	0	0	0	0	0	0	0	0	0	0	0	0	0	0	0	0	0	0	0	0	0	0	0	0	7658	2804	1990	832	206	0	122	0	0	0	0	0	98	0	0	0	0	0	0	0	0	0	0	0	0	0	0	0	0	0	0	0	0	0	0	0	0	0	0	0	0	0	0	0	0	0	
434980	Cingulum_Ant_R	0	0	4344	25558	360	2822	1614	2964	168	0	0	432	1244	2350	1254	3728	0	0	6782	16014	1446	3898	16966	32212	682	8174	852	3228	710	1960	22264	0	4024	35022	0	0	0	0	0	0	0	0	0	0	0	0	0	0	0	0	0	0	0	0	0	0	0	0	0	0	0	0	0	0	0	0	0	0	0	0	2962	8884	608	3842	0	122	0	0	0	0	0	0	0	0	0	0	0	0	0	0	0	0	0	0	0	0	0	0	0	0	0	0	0	0	0	0	0	0	0	0	0	0	0	0	0	0	
276252	Cingulum_Mid_L	648	0	7752	3820	92	0	4888	0	0	0	1524	0	6402	0	2490	1346	402	0	16324	8134	0	0	11066	1326	0	94	0	0	5550	0	8972	4024	0	19726	4996	1266	376	0	448	0	0	0	328	0	422	166	138	92	526	98	1362	0	306	0	416	0	104	148	306	0	844	0	106	0	1110	0	3422	1916	5758	1704	408	2470	1414	120	506	0	768	0	0	0	0	0	342	0	562	0	0	0	502	0	96	0	0	0	0	0	0	0	0	0	0	0	0	0	0	0	0	0	0	0	0	0	0	0	0	0	
740740	Cingulum_Mid_R	984	0	8928	29538	0	802	2528	6756	0	0	756	1478	1950	6114	1404	3708	314	0	31692	66214	0	0	19134	32766	0	328	0	0	1626	4202	11278	35022	19726	0	934	6352	2328	920	1194	0	0	0	0	1762	0	3424	0	1274	0	794	0	524	0	1176	646	1182	0	874	0	232	0	94	0	162	0	96	1364	12410	6134	13466	1018	8770	1842	1230	1318	0	6110	2512	0	0	0	150	254	0	0	538	0	0	356	1452	230	0	0	0	0	0	0	0	0	0	0	0	0	0	0	0	0	0	0	0	0	0	0	0	0	0	
157788	Cingulum_Post_L	658	0	138	0	0	0	0	0	0	0	0	0	0	0	0	0	0	0	1382	274	0	0	120	0	0	0	0	0	108	0	272	0	4996	934	0	6518	2222	2658	1952	0	0	0	7778	0	1238	0	6290	254	448	0	6006	0	4278	922	2042	1104	902	0	804	0	1536	0	0	0	1616	0	11148	1148	2508	300	0	0	0	0	0	0	570	0	116	0	0	0	0	0	1636	0	0	0	2388	558	334	0	0	0	0	0	162	0	0	0	0	0	0	0	0	0	0	0	0	0	576	0	0	0	0	0	
140864	Cingulum_Post_R	0	0	0	0	0	0	0	0	0	0	0	0	0	0	0	0	0	0	370	1882	0	0	0	0	0	0	0	0	0	0	0	0	1266	6352	6518	0	3196	5648	2486	218	0	0	196	1790	108	1420	2354	5880	0	0	0	0	0	2978	388	2968	0	144	0	0	0	0	0	0	0	0	2182	11800	592	2872	0	0	0	0	0	0	284	1390	0	0	0	0	0	0	0	248	0	0	104	2788	0	0	0	0	0	0	198	96	0	0	0	0	0	0	0	0	0	0	0	0	1716	0	0	0	0	0	
258136	Hippocampus_L	3876	0	8160	108	0	0	370	0	0	0	688	0	238	0	232	0	2292	0	10456	1918	252	0	0	0	0	0	0	0	16194	0	0	0	376	2328	2222	3196	0	3204	11472	406	6498	0	218	0	0	0	1270	410	0	0	0	0	0	484	6868	922	1468	0	0	0	252	0	0	0	0	0	534	538	2980	824	0	364	9638	0	804	0	9918	1334	4148	0	2348	0	746	0	1418	0	266	0	6132	300	0	0	0	0	0	0	398	0	0	0	0	0	0	0	0	0	0	0	0	0	0	0	0	0	0	0	
268852	Hippocampus_R	0	1536	106	7346	0	0	0	326	0	0	0	1098	0	0	0	0	0	1360	336	3542	0	0	0	0	0	0	0	0	130	8716	0	0	0	920	2658	5648	3204	0	2490	20746	0	8560	0	638	0	0	1484	3154	0	0	0	0	0	3148	646	19060	0	894	0	0	0	0	0	0	0	0	388	2844	660	598	0	2128	102	12388	0	1340	420	5588	0	214	0	1196	0	1024	0	432	0	152	152	4330	110	298	0	0	0	0	98	1476	0	210	0	0	0	0	0	0	0	0	0	0	532	0	0	0	0	0	
126908	ParaHippocampal_L	986	0	584	0	0	0	114	0	0	0	0	0	0	0	0	0	342	0	646	982	232	0	0	0	0	0	0	0	2146	0	0	0	448	1194	1952	2486	11472	2490	0	430	2064	0	108	0	0	0	5154	790	0	0	0	0	0	182	11552	506	420	0	0	0	186	0	0	0	0	0	566	1142	1256	740	0	0	1826	0	0	0	92	850	342	0	494	0	760	0	0	0	740	0	3212	148	1228	0	0	0	92	0	1426	0	470	0	0	0	0	0	0	0	0	0	0	178	426	0	0	0	0	0	
158460	ParaHippocampal_R	0	186	0	1928	0	0	0	0	0	0	0	264	0	0	0	0	0	164	0	754	0	290	0	0	0	0	0	0	0	1416	0	0	0	0	0	218	406	20746	430	0	0	8046	0	718	0	0	0	5322	0	0	0	0	0	1472	174	17334	0	134	0	0	0	0	0	0	0	0	0	1650	0	0	0	500	0	3272	0	768	0	2128	0	0	0	534	0	3934	0	0	0	1500	0	1342	0	226	0	0	0	264	0	2620	0	234	0	0	0	0	0	0	0	0	0	0	256	0	0	0	0	0	
34036	Amygdala_L	0	0	0	0	0	0	0	0	0	0	0	0	0	0	672	0	0	0	0	0	444	0	0	0	0	0	0	0	1764	0	0	0	0	0	0	0	6498	0	2064	0	0	0	0	0	0	0	0	0	0	0	0	0	0	0	2444	0	0	0	0	0	0	0	0	0	0	0	0	0	0	0	102	104	806	0	0	0	158	104	0	0	0	0	748	0	0	0	266	0	844	0	0	0	0	0	0	0	0	0	0	0	0	0	0	0	0	0	0	0	0	0	0	0	0	0	0	0	
66200	Amygdala_R	0	0	0	320	0	0	0	0	0	0	0	0	0	0	0	0	0	0	0	288	0	586	0	0	0	0	0	0	0	1394	0	0	0	0	0	0	0	8560	0	8046	0	0	0	0	0	0	0	0	0	0	0	0	0	0	0	6544	0	0	0	0	0	0	0	0	0	0	0	0	0	0	0	434	0	2240	0	236	0	112	0	0	0	0	0	3490	0	0	0	522	0	328	0	0	0	0	0	0	0	0	0	0	0	0	0	0	0	0	0	0	0	0	0	0	0	0	0	0	
211044	Calcarine_L	126	0	0	0	0	0	0	0	0	0	0	0	0	0	0	0	0	0	0	0	0	0	0	0	0	0	0	0	0	0	0	0	328	0	7778	196	218	0	108	0	0	0	0	3862	10724	1822	17496	1324	8790	804	18610	394	6426	0	3666	384	852	0	816	0	1538	0	0	0	1334	0	14356	760	350	0	0	0	0	0	0	0	0	0	0	0	0	0	0	0	1054	0	0	0	614	0	328	0	0	0	0	0	96	0	176	0	0	0	0	0	0	0	0	0	0	0	192	0	0	0	0	0	
219800	Calcarine_R	0	0	0	0	0	0	0	0	0	0	0	0	0	0	0	0	0	0	0	348	0	0	0	0	0	0	0	0	0	118	0	0	0	1762	0	1790	0	638	0	718	0	0	3862	0	3534	16522	130	18042	0	9178	0	10324	0	7274	0	7318	0	124	0	1014	0	0	0	0	0	148	278	15532	178	2018	0	0	0	0	0	0	0	0	0	0	0	102	0	0	0	3176	0	0	0	5772	0	0	0	0	0	0	0	0	0	0	0	0	0	0	0	0	0	0	0	0	0	0	0	0	0	0	
154396	Cuneus_L	102	0	0	0	0	0	0	0	0	0	0	0	0	0	0	0	0	0	0	0	0	0	0	0	0	0	0	0	0	0	0	0	422	0	1238	108	0	0	0	0	0	0	10724	3534	0	6406	1020	552	17514	2428	11652	504	1898	0	332	178	0	0	1922	612	190	0	0	0	198	0	9558	2484	98	0	0	0	0	0	0	0	0	0	0	0	0	0	0	0	2256	0	0	0	1268	0	0	0	0	0	0	0	0	0	0	0	0	0	0	0	0	0	0	0	0	0	0	0	0	0	0	0	
242484	Cuneus_R	0	0	0	0	0	0	0	0	0	0	0	0	0	0	0	0	0	0	0	992	0	0	0	0	0	0	0	0	0	0	0	0	166	3424	0	1420	0	0	0	0	0	0	1822	16522	6406	0	0	2838	0	26744	0	13200	0	428	0	908	0	2636	0	7164	0	306	0	0	0	1090	2684	26586	358	3784	0	0	0	0	0	0	0	0	0	0	0	280	0	0	0	958	0	0	0	526	0	0	0	0	0	0	0	0	0	0	0	0	0	0	0	0	0	0	0	0	0	0	0	0	0	0	
322776	Lingual_L	0	0	0	0	0	0	0	0	0	0	0	0	0	0	0	0	0	0	0	0	0	0	0	0	0	0	0	0	0	0	0	0	138	0	6290	2354	1270	1484	5154	0	0	0	17496	130	1020	0	0	2024	1784	0	16660	0	11200	0	25068	796	842	0	704	0	1340	0	0	0	1144	0	9368	1284	242	0	0	0	0	0	0	0	0	754	0	0	222	0	0	0	442	0	0	0	1000	0	10548	1392	156	160	124	0	11292	1978	13566	2138	0	0	0	0	0	202	0	0	0	104	6856	1962	512	0	0	188	
290876	Lingual_R	0	0	0	108	0	0	0	0	0	0	0	0	0	0	0	0	0	0	132	614	0	0	0	0	0	0	0	0	0	0	0	0	92	1274	254	5880	410	3154	790	5322	0	0	1324	18042	552	2838	2024	0	0	2202	0	4822	0	6064	1330	19392	0	0	0	110	0	0	0	0	0	0	224	12066	288	904	0	0	0	0	0	0	0	470	0	0	0	0	0	0	0	1458	0	0	0	2646	3012	6602	732	278	130	0	3164	6750	4192	9748	0	0	152	0	0	200	0	0	0	0	8104	6564	448	156	214	206	
165548	Occipital_Sup_L	0	0	0	0	0	0	0	0	0	0	0	0	0	0	0	0	0	0	0	0	0	0	0	0	0	0	0	0	0	0	0	0	526	0	448	0	0	0	0	0	0	0	8790	0	17514	0	1784	0	0	0	27304	0	1758	0	916	0	0	0	6228	0	3564	0	0	0	1256	0	10046	200	0	0	0	0	0	0	0	0	0	0	0	0	0	0	0	0	1496	0	0	0	944	0	0	0	0	0	0	0	0	0	0	0	0	0	0	0	0	0	0	0	0	0	0	0	0	0	0	0	
201308	Occipital_Sup_R	0	0	0	0	0	0	0	0	0	0	0	0	0	0	0	0	0	0	0	320	0	0	0	0	0	0	0	0	0	0	0	0	98	794	0	0	0	0	0	0	0	0	804	9178	2428	26744	0	2202	0	0	0	19870	0	476	0	1002	0	3708	0	9764	0	1060	0	202	0	1952	974	14846	0	2078	0	0	0	0	0	0	0	0	0	0	0	234	0	0	0	1688	0	0	0	232	0	0	0	0	0	0	0	0	0	0	0	0	0	0	0	0	0	0	0	0	0	0	0	0	0	0	
435448	Occipital_Mid_L	4460	0	318	0	0	0	0	0	0	0	0	0	0	0	0	0	802	0	304	0	0	0	0	0	0	0	0	0	622	0	0	0	1362	0	6006	0	0	0	0	0	0	0	18610	0	11652	0	16660	0	27304	0	0	0	23826	0	8882	0	4142	0	12730	0	14404	0	1520	0	15910	0	16852	0	4928	0	0	0	0	0	0	0	0	0	800	0	890	0	0	0	19796	0	0	0	4706	0	108	0	0	0	0	0	0	0	130	0	0	0	0	0	0	0	0	0	0	0	0	0	0	0	0	0	
208632	Occipital_Mid_R	0	0	0	0	0	0	0	0	0	0	0	0	0	0	0	0	0	0	0	386	0	0	0	0	0	0	0	0	0	0	0	0	0	524	0	0	0	0	0	0	0	0	394	10324	504	13200	0	4822	0	19870	0	0	0	2654	0	1254	0	2552	0	3724	0	4114	0	626	0	10978	952	8924	0	2430	0	0	0	0	0	0	0	0	0	0	0	436	0	0	0	13058	0	0	0	2590	0	0	0	0	0	0	0	0	0	0	0	0	0	0	0	0	0	0	0	0	0	0	0	0	0	0	
183480	Occipital_Inf_L	2032	0	0	0	0	0	0	0	0	0	0	0	0	0	0	0	460	0	0	0	0	0	0	0	0	0	0	0	374	0	0	0	306	0	4278	0	0	0	0	0	0	0	6426	0	1898	0	11200	0	1758	0	23826	0	0	0	11592	0	622	0	528	0	1274	0	350	0	1366	0	4838	0	2268	0	0	0	0	0	0	0	0	0	602	0	0	0	0	0	5932	0	0	0	8134	0	388	0	0	0	0	0	246	0	664	0	0	0	0	0	0	0	0	0	0	0	284	94	0	0	0	0	
137808	Occipital_Inf_R	0	108	0	226	0	0	0	0	0	0	0	0	0	0	0	0	0	0	0	1880	0	0	0	0	0	0	0	0	0	928	0	0	0	1176	922	2978	484	3148	182	1472	0	0	0	7274	0	428	0	6064	0	476	0	2654	0	0	94	14506	0	364	0	0	0	0	0	0	0	0	0	4506	220	2376	0	0	0	0	0	0	0	0	0	0	0	280	0	0	0	3698	0	0	0	12460	0	0	0	0	0	0	0	0	0	0	0	0	0	0	0	0	0	0	0	0	0	0	0	0	0	0	
372196	Fusiform_L	1674	0	154	0	0	0	0	0	0	0	0	0	0	0	0	0	394	0	168	536	0	0	0	0	0	0	0	0	2388	0	0	0	416	646	2042	388	6868	646	11552	174	2444	0	3666	0	332	0	25068	1330	916	0	8882	0	11592	94	0	882	402	0	110	0	272	0	0	0	0	0	1724	160	1980	492	0	0	624	0	0	0	180	0	466	0	3624	0	1494	0	1924	0	1068	0	16644	0	20500	814	1190	0	450	0	14762	1484	21908	1380	980	0	1232	0	98	130	0	0	0	0	5244	1160	244	0	0	106	
414308	Fusiform_R	0	1468	0	1052	0	0	0	0	0	0	0	148	0	0	0	0	0	146	132	3268	0	0	0	0	0	0	0	0	0	3324	0	0	0	1182	1104	2968	922	19060	506	17334	0	6544	384	7318	178	908	796	19392	0	1002	0	1254	0	14506	882	0	0	1612	0	236	0	380	0	784	0	116	0	3728	268	2846	0	462	0	2432	0	308	0	224	0	340	0	2580	0	5588	0	2826	0	2462	0	26156	1158	11342	424	354	208	108	1608	7368	1622	13922	0	0	100	494	0	226	0	0	0	94	4750	3370	284	158	224	214	
325512	Postcentral_L	32994	0	12190	0	0	0	482	0	0	0	3340	0	0	0	0	0	11842	0	12138	0	0	0	0	0	0	0	0	0	9574	0	0	0	104	0	902	0	1468	0	420	0	0	0	852	0	0	0	842	0	0	0	4142	0	622	0	402	0	0	0	7446	0	24380	0	10910	0	2802	0	3534	0	4106	0	0	0	0	0	0	0	542	0	4114	0	7166	0	0	0	2556	0	0	0	2886	0	0	0	0	0	0	0	0	0	0	0	0	0	0	0	0	0	0	0	0	0	0	0	0	0	0	0	
200468	Postcentral_R	0	10474	0	3344	0	0	0	1064	0	0	0	1244	0	0	0	0	0	3416	0	2262	0	0	0	0	0	0	0	0	0	2152	0	0	148	874	0	144	0	894	0	134	0	0	0	124	0	2636	0	0	0	3708	0	2552	0	364	0	1612	0	0	0	10920	0	7266	0	12992	0	2072	104	12532	0	7914	0	0	0	1016	0	0	0	262	0	246	0	3102	0	0	0	2568	0	0	0	2094	0	0	0	0	0	0	0	0	0	0	0	0	0	0	0	0	0	0	0	0	0	0	0	0	0	0	
122856	Parietal_Sup_L	110	0	0	0	0	0	0	0	0	0	0	0	0	0	0	0	122	0	0	0	0	0	0	0	0	0	0	0	154	0	0	0	306	0	804	0	0	0	0	0	0	0	816	0	1922	0	704	0	6228	0	12730	0	528	0	110	0	7446	0	0	0	10432	0	366	0	2362	0	13688	490	558	0	0	0	0	0	0	0	0	0	0	0	388	0	0	0	752	0	0	0	412	0	0	0	0	0	0	0	0	0	0	0	0	0	0	0	0	0	0	0	0	0	0	0	0	0	0	0	
129288	Parietal_Sup_R	0	0	0	0	0	0	0	0	0	0	0	0	0	0	0	0	0	0	0	110	0	0	0	0	0	0	0	0	0	0	0	0	0	232	0	0	0	0	0	0	0	0	0	1014	612	7164	0	110	0	9764	0	3724	0	0	0	236	0	10920	0	0	0	8098	0	4294	0	1934	0	12902	0	1740	0	0	0	0	0	0	0	0	0	0	0	276	0	0	0	1066	0	0	0	448	0	0	0	0	0	0	0	0	0	0	0	0	0	0	0	0	0	0	0	0	0	0	0	0	0	0	
247796	Parietal_Inf_L	6102	0	1476	0	0	0	0	0	0	0	182	0	0	0	0	0	2202	0	1256	0	0	0	0	0	0	0	0	0	1372	0	0	0	844	0	1536	0	252	0	186	0	0	0	1538	0	190	0	1340	0	3564	0	14404	0	1274	0	272	0	24380	0	10432	0	0	0	14836	0	19634	0	3340	0	516	0	0	0	0	0	0	0	0	0	634	0	3102	0	0	0	5730	0	0	0	3304	0	0	0	0	0	0	0	0	0	0	0	0	0	0	0	0	0	0	0	0	0	0	0	0	0	0	0	
107420	Parietal_Inf_R	0	0	0	168	0	0	0	0	0	0	0	0	0	0	0	0	0	128	0	154	0	0	0	0	0	0	0	0	0	96	0	0	0	94	0	0	0	0	0	0	0	0	0	0	0	306	0	0	0	1060	0	4114	0	0	0	380	0	7266	0	8098	0	0	0	14850	0	11352	0	1252	0	554	0	0	0	0	0	0	0	0	0	0	0	642	0	0	0	1910	0	0	0	1286	0	0	0	0	0	0	0	0	0	0	0	0	0	0	0	0	0	0	0	0	0	0	0	0	0	0	
120936	SupraMarginal_L	2858	0	1208	0	0	0	0	0	0	0	150	0	0	0	0	0	2760	0	1136	0	0	0	0	0	0	0	0	0	508	0	0	0	106	0	0	0	0	0	0	0	0	0	0	0	0	0	0	0	0	0	1520	0	350	0	0	0	10910	0	366	0	14836	0	0	0	5266	0	388	0	768	0	0	0	0	0	0	0	0	0	154	0	7608	0	0	0	7140	0	0	0	2436	0	0	0	0	0	0	0	0	0	0	0	0	0	0	0	0	0	0	0	0	0	0	0	0	0	0	0	
124500	SupraMarginal_R	0	1082	0	652	0	0	0	0	0	0	0	344	0	0	0	0	0	2968	0	474	0	0	0	0	0	0	0	0	0	200	0	0	0	162	0	0	0	0	0	0	0	0	0	0	0	0	0	0	0	202	0	626	0	0	0	784	0	12992	0	4294	0	14850	0	0	0	6312	0	418	0	832	0	0	0	0	0	0	0	0	0	186	0	7196	0	0	0	5040	0	0	0	2636	0	0	0	0	0	0	0	0	0	0	0	0	0	0	0	0	0	0	0	0	0	0	0	0	0	0	
135236	Angular_L	504	0	218	0	0	0	0	0	0	0	0	0	0	0	0	0	132	0	200	0	0	0	0	0	0	0	0	0	0	0	0	0	1110	0	1616	0	0	0	0	0	0	0	1334	0	198	0	1144	0	1256	0	15910	0	1366	0	0	0	2802	0	2362	0	19634	0	5266	0	0	0	2630	0	346	0	0	0	0	0	0	0	0	0	0	0	826	0	0	0	7006	0	0	0	1758	0	0	0	0	0	0	0	0	0	0	0	0	0	0	0	0	0	0	0	0	0	0	0	0	0	0	0	
99436	Angular_R	0	0	0	0	0	0	0	0	0	0	0	0	0	0	0	0	0	0	0	0	0	0	0	0	0	0	0	0	0	0	0	0	0	96	0	0	0	0	0	0	0	0	0	148	0	1090	0	0	0	1952	0	10978	0	0	0	116	0	2072	0	1934	0	11352	0	6312	0	0	0	2574	0	1532	0	0	0	0	0	0	0	0	0	0	0	3110	0	0	0	5888	0	0	0	564	0	0	0	0	0	0	0	0	0	0	0	0	0	0	0	0	0	0	0	0	0	0	0	0	0	0	
274732	Precuneus_L	382	0	0	0	0	0	0	0	0	0	0	0	0	0	0	0	214	0	134	478	0	0	0	0	0	0	0	0	366	0	0	0	3422	1364	11148	2182	534	388	566	0	0	0	14356	278	9558	2684	9368	224	10046	974	16852	952	4838	0	1724	0	3534	104	13688	0	3340	0	388	0	2630	0	0	7584	5166	202	0	0	0	0	0	0	0	0	196	0	524	0	0	0	4330	0	0	0	1800	0	100	0	0	0	0	0	138	0	92	0	0	0	0	0	0	0	0	0	0	0	518	0	0	0	0	0	
418440	Precuneus_R	0	0	0	0	0	0	0	0	0	0	0	0	0	0	0	0	0	0	464	5314	0	0	0	0	0	0	0	0	0	126	0	0	1916	12410	1148	11800	538	2844	1142	1650	0	0	760	15532	2484	26586	1284	12066	200	14846	0	8924	0	4506	160	3728	0	12532	490	12902	0	1252	0	418	0	2574	7584	0	1750	21734	0	0	0	0	0	0	0	544	0	0	0	788	0	0	0	8362	0	0	0	5150	0	0	0	0	0	0	0	632	0	0	0	0	0	0	0	0	0	0	0	0	2080	0	0	0	0	0	
295976	Paracentral_Lobule_L	33030	0	2252	410	0	0	0	0	0	0	0	0	0	0	0	0	2016	0	22648	8132	0	0	0	0	0	0	0	0	4742	0	0	0	5758	6134	2508	592	2980	660	1256	0	0	0	350	178	98	358	242	288	0	0	4928	0	2268	220	1980	268	4106	0	558	0	516	0	768	0	346	0	5166	1750	0	770	0	180	1398	0	0	0	12736	1052	978	0	1328	0	0	0	5506	0	0	0	6156	154	224	0	0	0	0	0	0	0	0	0	0	0	0	0	0	0	0	0	0	0	0	0	0	0	0	0	
221144	Paracentral_Lobule_R	0	1120	0	162	0	0	0	0	0	0	0	0	0	0	0	0	0	486	248	18480	0	0	0	0	0	0	0	0	0	1056	0	0	1704	13466	300	2872	824	598	740	0	0	0	0	2018	0	3784	0	904	0	2078	0	2430	0	2376	492	2846	0	7914	0	1740	0	554	0	832	0	1532	202	21734	770	0	0	0	0	0	0	0	0	0	0	288	0	2044	0	0	0	7860	0	0	278	5660	180	0	0	0	0	0	0	0	0	0	0	0	0	0	0	0	0	0	0	0	0	0	0	0	0	0	
272680	Caudate_L	0	0	3810	3798	5272	2512	242	228	1868	0	0	214	818	0	5128	7858	0	0	3714	3436	11388	8518	612	252	1986	326	5120	2624	5982	0	7658	2962	408	1018	0	0	0	0	0	0	102	0	0	0	0	0	0	0	0	0	0	0	0	0	0	0	0	0	0	0	0	0	0	0	0	0	0	0	0	0	0	18278	17446	2284	2262	94	4422	3700	0	0	0	0	0	0	0	0	0	0	0	0	0	0	0	0	0	0	0	0	0	0	0	0	0	0	0	0	0	0	0	0	0	0	0	0	0	0	
722456	Caudate_R	520	460	3214	49946	1606	6812	2126	4580	490	0	754	9474	1110	7924	1714	38002	114	1466	7304	32454	5238	7806	998	7970	146	7908	1412	3772	6210	18406	2804	8884	2470	8770	0	0	364	2128	0	500	104	434	0	0	0	0	0	0	0	0	0	0	0	0	0	462	0	0	0	0	0	0	0	0	0	0	0	0	180	0	18278	0	8828	28284	1148	7086	12258	27910	0	0	0	0	130	150	0	0	0	0	0	120	0	0	0	0	0	0	0	0	0	0	0	0	0	0	0	0	0	0	0	0	0	0	0	0	0	0	
420620	Putamen_L	3176	0	27934	4860	9838	1492	696	0	2804	0	1724	0	1354	0	10124	3256	462	0	31844	5856	5670	4296	278	304	1226	534	2204	1448	22592	0	1990	608	1414	1842	0	0	9638	102	1826	0	806	0	0	0	0	0	0	0	0	0	0	0	0	0	624	0	0	0	0	0	0	0	0	0	0	0	0	0	1398	0	17446	8828	0	1906	10736	0	4538	826	0	0	140	0	1196	0	0	0	122	0	352	0	0	0	0	0	0	0	0	0	0	0	0	0	0	0	0	0	0	0	0	0	0	0	0	0	0	0	
344056	Putamen_R	0	1994	128	24730	514	6616	0	1672	248	538	0	7104	0	1686	508	3698	0	3324	738	8156	1530	1974	510	6224	0	6560	348	736	168	22078	832	3842	120	1230	0	0	0	12388	0	3272	0	2240	0	0	0	0	0	0	0	0	0	0	0	0	0	2432	0	1016	0	0	0	0	0	0	0	0	0	0	0	0	2284	28284	1906	0	0	6962	0	1056	0	158	0	684	0	686	0	0	0	114	0	512	0	0	0	0	0	0	0	228	0	0	0	0	0	0	0	0	0	0	0	0	0	0	0	0	0	0	
77380	Pallidum_L	200	0	5038	120	642	0	606	0	402	0	0	0	0	0	304	0	0	0	9096	1656	292	128	0	0	278	0	684	0	0	0	206	0	506	1318	0	0	804	0	0	0	0	0	0	0	0	0	0	0	0	0	0	0	0	0	0	0	0	0	0	0	0	0	0	0	0	0	0	0	0	0	2262	1148	10736	0	0	0	1986	278	0	0	0	0	0	0	0	0	0	0	0	0	0	0	0	0	0	0	0	0	0	0	0	0	0	0	0	0	0	0	0	0	0	0	0	0	0	0	
63732	Pallidum_R	0	598	0	7348	0	196	0	1036	0	0	0	528	0	0	0	130	0	304	0	2730	0	0	0	394	0	638	0	0	0	1048	0	122	0	0	0	0	0	1340	0	768	0	236	0	0	0	0	0	0	0	0	0	0	0	0	0	308	0	0	0	0	0	0	0	0	0	0	0	0	0	0	94	7086	0	6962	0	0	0	0	0	0	0	0	0	0	0	0	0	0	0	0	0	0	0	0	0	0	0	0	0	0	0	0	0	0	0	0	0	0	0	0	0	0	0	0	0	0	
281988	Thalamus_L	13712	418	4772	2786	0	0	218	0	0	0	274	0	0	0	148	126	570	0	25922	14362	0	0	0	0	0	0	0	0	5708	0	122	0	768	6110	570	284	9918	420	92	0	158	0	0	0	0	0	0	0	0	0	0	0	0	0	180	0	542	0	0	0	0	0	0	0	0	0	0	0	12736	0	4422	12258	4538	0	1986	0	0	13632	846	0	516	0	0	0	908	0	0	0	972	0	0	0	0	0	0	0	0	0	0	0	0	0	0	0	0	0	0	0	0	0	0	0	0	0	0	0	
249680	Thalamus_R	810	374	252	23662	0	0	0	578	0	0	0	0	0	0	100	1016	0	374	2898	28700	0	0	0	0	0	0	0	0	744	374	0	0	0	2512	0	1390	1334	5588	850	2128	104	112	0	0	0	0	754	470	0	0	0	0	0	0	0	224	0	262	0	0	0	0	0	0	0	0	0	544	1052	0	3700	27910	826	1056	278	0	13632	0	0	0	0	0	0	0	0	0	0	0	0	0	0	0	0	0	0	0	0	232	0	0	0	0	0	0	0	0	0	0	0	0	0	0	0	0	0	0	
93768	Heschl_L	3236	0	2288	0	0	0	0	0	0	0	152	0	0	0	0	0	6446	0	1976	0	0	0	0	0	0	0	0	0	9508	0	0	0	0	0	116	0	4148	0	342	0	0	0	0	0	0	0	0	0	0	0	800	0	602	0	466	0	4114	0	0	0	634	0	154	0	0	0	196	0	978	0	0	0	0	0	0	0	846	0	0	0	2724	0	0	0	2504	0	0	0	4552	0	102	0	0	0	0	0	0	0	0	0	0	0	0	0	0	0	0	0	0	0	0	0	0	0	0	0	
21288	Heschl_R	0	112	0	724	0	0	0	0	0	0	0	138	0	0	0	0	0	2960	0	376	0	0	0	0	0	0	0	0	0	1216	0	0	0	0	0	0	0	214	0	0	0	0	0	0	0	0	0	0	0	0	0	0	0	0	0	340	0	246	0	0	0	0	0	186	0	0	0	0	0	288	0	0	0	158	0	0	0	0	0	0	0	2652	0	144	0	470	0	0	0	420	0	0	0	0	0	0	0	0	0	0	0	0	0	0	0	0	0	0	0	0	0	0	0	0	0	0	
195580	Temporal_Sup_L	4094	0	2280	0	0	0	256	0	0	0	1284	0	0	0	0	0	8796	0	2190	0	0	0	0	0	0	0	0	0	8376	0	0	0	0	0	0	0	2348	0	494	0	0	0	0	0	0	0	222	0	0	0	890	0	0	0	3624	0	7166	0	388	0	3102	0	7608	0	826	0	524	0	1328	0	0	0	140	0	0	0	516	0	2724	0	0	0	2324	0	24942	0	0	0	10898	0	180	0	0	0	0	0	170	0	100	0	0	0	0	0	0	0	0	0	0	0	0	0	0	0	0	0	
132720	Temporal_Sup_R	0	1324	0	832	0	0	0	0	0	0	0	446	0	0	0	404	0	5794	0	1748	0	0	0	0	0	0	0	0	0	5586	0	0	0	150	0	0	0	1196	0	534	0	0	0	102	0	280	0	0	0	234	0	436	0	280	0	2580	0	3102	0	276	0	642	0	7196	0	3110	0	788	0	2044	0	0	0	684	0	0	0	0	0	2652	0	0	0	3970	0	14690	0	98	0	5182	0	0	0	0	0	0	0	0	0	0	0	0	0	0	0	0	0	0	0	0	0	0	0	0	0	0	
74088	Temporal_Pole_Sup_L	0	0	2156	0	358	0	0	0	0	0	3494	0	1342	0	746	0	2402	0	2250	158	266	0	0	0	0	0	0	0	5438	0	98	0	342	254	0	0	746	0	760	0	748	0	0	0	0	0	0	0	0	0	0	0	0	0	1494	0	0	0	0	0	0	0	0	0	0	0	0	0	0	0	0	130	1196	0	0	0	0	0	0	0	2324	0	0	0	4982	0	3474	0	1886	0	0	0	0	0	0	0	0	0	0	0	0	0	0	0	0	0	0	0	0	0	0	0	0	0	0	0	
69880	Temporal_Pole_Sup_R	0	0	0	224	0	0	0	0	0	0	0	138	0	0	0	792	0	488	0	0	0	248	0	0	0	0	0	0	0	2390	0	0	0	0	0	0	0	1024	0	3934	0	3490	0	0	0	0	0	0	0	0	0	0	0	0	0	5588	0	0	0	0	0	0	0	0	0	0	0	0	0	0	0	150	0	686	0	0	0	0	0	144	0	3970	0	0	0	4430	0	5098	0	2146	0	0	0	0	0	0	0	0	0	0	0	0	0	0	0	0	0	0	0	0	0	0	0	0	0	0	
286580	Temporal_Mid_L	4802	0	430	0	0	0	0	0	0	0	0	0	0	0	0	0	3178	0	442	0	0	0	0	0	0	0	0	0	4030	0	0	0	562	0	1636	0	1418	0	0	0	0	0	1054	0	2256	0	442	0	1496	0	19796	0	5932	0	1924	0	2556	0	752	0	5730	0	7140	0	7006	0	4330	0	5506	0	0	0	0	0	0	0	908	0	2504	0	24942	0	4982	0	0	0	2236	0	25300	0	0	0	0	0	0	0	0	0	0	0	0	0	0	0	0	0	0	0	0	0	0	0	0	0	0	0	
206140	Temporal_Mid_R	0	314	0	0	0	0	0	0	0	0	0	0	0	0	0	216	0	202	0	1414	0	0	0	0	0	0	0	0	0	1314	0	0	0	538	0	248	0	432	0	0	0	0	0	3176	0	958	0	1458	0	1688	0	13058	0	3698	0	2826	0	2568	0	1066	0	1910	0	5040	0	5888	0	8362	0	7860	0	0	0	0	0	0	0	0	0	470	0	14690	0	4430	0	0	0	1008	0	18238	0	0	0	0	0	0	0	0	0	0	0	0	0	0	0	0	0	0	0	0	0	0	0	0	0	0	
19212	Temporal_Pole_Mid_L	0	0	0	0	0	0	0	0	0	0	0	0	0	0	0	0	0	0	0	0	0	0	0	0	0	0	0	0	132	0	0	0	0	0	0	0	266	0	740	0	266	0	0	0	0	0	0	0	0	0	0	0	0	0	1068	0	0	0	0	0	0	0	0	0	0	0	0	0	0	0	0	0	122	0	0	0	0	0	0	0	0	0	3474	0	2236	0	0	0	1302	0	0	0	0	0	0	0	0	0	0	0	0	0	0	0	0	0	0	0	0	0	0	0	0	0	0	0	
25484	Temporal_Pole_Mid_R	0	0	0	0	0	0	0	0	0	0	0	0	0	0	0	0	0	0	0	0	0	0	0	0	0	0	0	0	0	0	0	0	0	0	0	0	0	152	0	1500	0	522	0	0	0	0	0	0	0	0	0	0	0	0	0	2462	0	0	0	0	0	0	0	0	0	0	0	0	0	0	0	0	0	114	0	0	0	0	0	0	0	98	0	5098	0	1008	0	0	0	1788	0	0	0	0	0	0	0	0	0	0	0	0	0	0	0	0	0	0	0	0	0	0	0	0	0	0	
269740	Temporal_Inf_L	5578	0	618	0	0	0	0	0	0	0	0	0	0	0	0	0	2914	0	722	298	0	0	0	0	0	0	0	0	8442	0	0	0	502	356	2388	104	6132	152	3212	0	844	0	614	0	1268	0	1000	0	944	0	4706	0	8134	0	16644	0	2886	0	412	0	3304	0	2436	0	1758	0	1800	0	6156	278	0	0	352	0	0	0	972	0	4552	0	10898	0	1886	0	25300	0	1302	0	0	0	3240	0	106	0	0	0	782	0	768	0	0	0	110	0	0	0	0	0	0	0	0	0	0	0	0	0	
234808	Temporal_Inf_R	0	1472	0	484	0	0	0	0	0	0	0	0	0	0	0	0	0	110	94	3960	0	0	0	0	0	0	0	0	0	2290	0	0	0	1452	558	2788	300	4330	148	1342	0	328	0	5772	0	526	0	2646	0	232	0	2590	0	12460	0	26156	0	2094	0	448	0	1286	0	2636	0	564	0	5150	154	5660	0	120	0	512	0	0	0	0	0	420	0	5182	0	2146	0	18238	0	1788	0	0	0	968	0	0	0	0	0	0	0	0	0	0	0	0	0	0	0	0	0	0	0	0	0	0	0	0	
579128	Cerebelum_Crus1_L	224	0	0	0	0	0	0	0	0	0	0	0	0	0	0	0	0	0	0	192	0	0	0	0	0	0	0	0	138	0	0	0	96	230	334	0	0	110	1228	0	0	0	328	0	0	0	10548	3012	0	0	108	0	388	0	20500	1158	0	0	0	0	0	0	0	0	0	0	100	0	224	180	0	0	0	0	0	0	0	0	102	0	180	0	0	0	0	0	0	0	3240	0	0	8962	38594	3684	4626	256	27646	2558	69404	10074	16418	162	22102	2064	2702	238	510	0	320	1768	10386	12688	10380	868	360	174	
560056	Cerebelum_Crus1_R	0	0	0	0	0	0	0	0	0	0	0	0	0	0	0	0	0	0	0	0	0	0	0	0	0	0	0	0	0	140	0	0	0	0	0	0	0	298	0	226	0	0	0	0	0	0	1392	6602	0	0	0	0	0	0	814	11342	0	0	0	0	0	0	0	0	0	0	0	0	0	0	0	0	0	0	0	0	0	0	0	0	0	0	0	0	0	0	0	0	0	968	8962	0	7506	32108	2736	3864	5840	20456	10800	63394	1966	4446	3646	29162	766	4506	0	630	318	3996	11508	17492	17320	3538	2788	498	
496144	Cerebelum_Crus2_L	0	0	0	0	0	0	0	0	0	0	0	0	0	0	0	0	0	0	0	0	0	0	0	0	0	0	0	0	0	0	0	0	0	0	0	0	0	0	0	0	0	0	0	0	0	0	156	732	0	0	0	0	0	0	1190	424	0	0	0	0	0	0	0	0	0	0	0	0	0	0	0	0	0	0	0	0	0	0	0	0	0	0	0	0	0	0	0	0	106	0	38594	7506	0	10856	2208	226	5550	1146	18032	6364	51462	5242	48664	6858	7560	1634	1288	146	232	1058	2522	4840	13656	7592	2066	162	
346496	Cerebelum_Crus2_R	0	0	0	0	0	0	0	0	0	0	0	0	0	0	0	0	0	0	0	0	0	0	0	0	0	0	0	0	0	0	0	0	0	0	0	0	0	0	0	0	0	0	0	0	0	0	160	278	0	0	0	0	0	0	0	354	0	0	0	0	0	0	0	0	0	0	0	0	0	0	0	0	0	0	0	0	0	0	0	0	0	0	0	0	0	0	0	0	0	0	3684	32108	10856	0	228	394	516	1274	2736	9390	5718	27444	6634	36790	372	5856	0	808	0	406	628	2836	14912	6732	2134	0	
115104	Cerebelum_3_L	0	0	0	0	0	0	0	0	0	0	0	0	0	0	0	0	0	0	0	0	0	0	0	0	0	0	0	0	0	0	0	0	0	0	0	0	0	0	92	0	0	0	0	0	0	0	124	130	0	0	0	0	0	0	450	208	0	0	0	0	0	0	0	0	0	0	0	0	0	0	0	0	0	0	0	0	0	0	0	0	0	0	0	0	0	0	0	0	0	0	4626	2736	2208	228	0	706	9752	3142	8194	3868	1608	0	2460	1882	2176	134	0	0	1254	5232	4940	796	458	0	0	148	
63672	Cerebelum_3_R	0	0	0	0	0	0	0	0	0	0	0	0	0	0	0	0	0	0	0	0	0	0	0	0	0	0	0	0	0	0	0	0	0	0	0	0	0	0	0	264	0	0	0	0	0	0	0	0	0	0	0	0	0	0	0	108	0	0	0	0	0	0	0	0	0	0	0	0	0	0	0	0	0	0	0	0	0	0	0	0	0	0	0	0	0	0	0	0	0	0	256	3864	226	394	706	0	972	5540	470	7452	0	0	150	1716	236	1396	0	0	600	3450	1380	648	586	326	972	124	
391728	Cerebelum_4_5_L	0	0	0	0	0	0	0	0	0	0	0	0	0	0	0	0	0	0	0	0	0	0	0	0	0	0	0	0	112	0	0	0	0	0	162	198	398	98	1426	0	0	0	96	0	0	0	11292	3164	0	0	0	0	246	0	14762	1608	0	0	0	0	0	0	0	0	0	0	138	0	0	0	0	0	0	0	0	0	0	0	0	0	170	0	0	0	0	0	0	0	782	0	27646	5840	5550	516	9752	972	0	7878	40230	9504	3380	0	5664	2578	4050	1302	310	0	548	2934	21598	7036	1196	100	778	1850	
275732	Cerebelum_4_5_R	0	0	0	0	0	0	0	0	0	0	0	0	0	0	0	0	0	0	0	0	0	0	0	0	0	0	0	0	0	0	0	0	0	0	0	96	0	1476	0	2620	0	0	0	0	0	0	1978	6750	0	0	0	0	0	0	1484	7368	0	0	0	0	0	0	0	0	0	0	0	632	0	0	0	0	0	228	0	0	0	232	0	0	0	0	0	0	0	0	0	0	0	0	2558	20456	1146	1274	3142	5540	7878	0	4006	31512	512	0	930	7162	952	874	0	120	158	4580	16978	2948	852	240	400	784	
577072	Cerebelum_6_L	0	0	0	0	0	0	0	0	0	0	0	0	0	0	0	0	0	0	0	0	0	0	0	0	0	0	0	0	0	0	0	0	0	0	0	0	0	0	470	0	0	0	176	0	0	0	13566	4192	0	0	130	0	664	0	21908	1622	0	0	0	0	0	0	0	0	0	0	92	0	0	0	0	0	0	0	0	0	0	0	0	0	100	0	0	0	0	0	0	0	768	0	69404	10800	18032	2736	8194	470	40230	4006	0	13684	9190	0	14824	1722	4486	420	456	0	520	3342	15456	16788	8790	546	426	326	
560980	Cerebelum_6_R	0	0	0	0	0	0	0	0	0	0	0	0	0	0	0	0	0	0	0	0	0	0	0	0	0	0	0	0	0	0	0	0	0	0	0	0	0	210	0	234	0	0	0	0	0	0	2138	9748	0	0	0	0	0	0	1380	13922	0	0	0	0	0	0	0	0	0	0	0	0	0	0	0	0	0	0	0	0	0	0	0	0	0	0	0	0	0	0	0	0	0	0	10074	63394	6364	9390	3868	7452	9504	31512	13684	0	1166	314	2898	15966	1890	4480	0	910	1014	6510	19132	21770	13750	3112	3840	864	
387952	Cerebelum_7b_L	0	0	0	0	0	0	0	0	0	0	0	0	0	0	0	0	0	0	0	0	0	0	0	0	0	0	0	0	0	0	0	0	0	0	0	0	0	0	0	0	0	0	0	0	0	0	0	0	0	0	0	0	0	0	980	0	0	0	0	0	0	0	0	0	0	0	0	0	0	0	0	0	0	0	0	0	0	0	0	0	0	0	0	0	0	0	0	0	0	0	16418	1966	51462	5718	1608	0	3380	512	9190	1166	0	4530	54418	8802	9190	1014	1692	0	0	650	1024	538	7324	10804	1590	0	
192268	Cerebelum_7b_R	0	0	0	0	0	0	0	0	0	0	0	0	0	0	0	0	0	0	0	0	0	0	0	0	0	0	0	0	0	0	0	0	0	0	0	0	0	0	0	0	0	0	0	0	0	0	0	0	0	0	0	0	0	0	0	0	0	0	0	0	0	0	0	0	0	0	0	0	0	0	0	0	0	0	0	0	0	0	0	0	0	0	0	0	0	0	0	0	0	0	162	4446	5242	27444	0	0	0	0	0	314	4530	0	4806	30532	292	7482	0	424	0	0	0	0	4038	5300	1122	0	
461696	Cerebelum_8_L	0	0	0	0	0	0	0	0	0	0	0	0	0	0	0	0	0	0	0	0	0	0	0	0	0	0	0	0	0	0	0	0	0	0	0	0	0	0	0	0	0	0	0	0	0	0	0	152	0	0	0	0	0	0	1232	100	0	0	0	0	0	0	0	0	0	0	0	0	0	0	0	0	0	0	0	0	0	0	0	0	0	0	0	0	0	0	0	0	110	0	22102	3646	48664	6634	2460	150	5664	930	14824	2898	54418	4806	0	10266	17340	1988	2782	106	198	1032	2082	2246	9420	12010	2588	0	
412684	Cerebelum_8_R	0	0	0	0	0	0	0	0	0	0	0	0	0	0	0	0	0	0	0	0	0	0	0	0	0	0	0	0	0	0	0	0	0	0	0	0	0	0	0	0	0	0	0	0	0	0	0	0	0	0	0	0	0	0	0	494	0	0	0	0	0	0	0	0	0	0	0	0	0	0	0	0	0	0	0	0	0	0	0	0	0	0	0	0	0	0	0	0	0	0	2064	29162	6858	36790	1882	1716	2578	7162	1722	15966	8802	30532	10266	0	1166	17848	0	1920	102	2380	4816	478	8198	10450	2990	0	
146804	Cerebelum_9_L	0	0	0	0	0	0	0	0	0	0	0	0	0	0	0	0	0	0	0	0	0	0	0	0	0	0	0	0	0	0	0	0	0	0	0	0	0	0	0	0	0	0	0	0	0	0	0	0	0	0	0	0	0	0	98	0	0	0	0	0	0	0	0	0	0	0	0	0	0	0	0	0	0	0	0	0	0	0	0	0	0	0	0	0	0	0	0	0	0	0	2702	766	7560	372	2176	236	4050	952	4486	1890	9190	292	17340	1166	0	3146	3854	0	444	1892	3044	2418	430	1084	3098	716	
158324	Cerebelum_9_R	0	0	0	0	0	0	0	0	0	0	0	0	0	0	0	0	0	0	0	0	0	0	0	0	0	0	0	0	0	0	0	0	0	0	0	0	0	0	0	0	0	0	0	0	0	0	202	200	0	0	0	0	0	0	130	226	0	0	0	0	0	0	0	0	0	0	0	0	0	0	0	0	0	0	0	0	0	0	0	0	0	0	0	0	0	0	0	0	0	0	238	4506	1634	5856	134	1396	1302	874	420	4480	1014	7482	1988	17848	3146	0	0	2296	478	848	2298	3460	2650	3098	8330	2628	
21784	Cerebelum_10_L	0	0	0	0	0	0	0	0	0	0	0	0	0	0	0	0	0	0	0	0	0	0	0	0	0	0	0	0	0	0	0	0	0	0	0	0	0	0	0	0	0	0	0	0	0	0	0	0	0	0	0	0	0	0	0	0	0	0	0	0	0	0	0	0	0	0	0	0	0	0	0	0	0	0	0	0	0	0	0	0	0	0	0	0	0	0	0	0	0	0	510	0	1288	0	0	0	310	0	456	0	1692	0	2782	0	3854	0	0	0	0	0	0	0	0	0	0	0	
16040	Cerebelum_10_R	0	0	0	0	0	0	0	0	0	0	0	0	0	0	0	0	0	0	0	0	0	0	0	0	0	0	0	0	0	0	0	0	0	0	0	0	0	0	0	0	0	0	0	0	0	0	0	0	0	0	0	0	0	0	0	0	0	0	0	0	0	0	0	0	0	0	0	0	0	0	0	0	0	0	0	0	0	0	0	0	0	0	0	0	0	0	0	0	0	0	0	630	146	808	0	0	0	120	0	910	0	424	106	1920	0	2296	0	0	0	0	0	0	186	182	292	0	
23432	Vermis_1_2	0	0	0	0	0	0	0	0	0	0	0	0	0	0	0	0	0	0	0	0	0	0	0	0	0	0	0	0	0	0	0	0	0	0	0	0	0	0	0	0	0	0	0	0	0	0	0	0	0	0	0	0	0	0	0	0	0	0	0	0	0	0	0	0	0	0	0	0	0	0	0	0	0	0	0	0	0	0	0	0	0	0	0	0	0	0	0	0	0	0	320	318	232	0	1254	600	548	158	520	1014	0	0	198	102	444	478	0	0	0	3116	996	564	242	150	364	98	
103756	Vermis_3	0	0	0	0	0	0	0	0	0	0	0	0	0	0	0	0	0	0	0	0	0	0	0	0	0	0	0	0	0	0	0	0	0	0	0	0	0	0	178	0	0	0	0	0	0	0	104	0	0	0	0	0	0	0	0	94	0	0	0	0	0	0	0	0	0	0	0	0	0	0	0	0	0	0	0	0	0	0	0	0	0	0	0	0	0	0	0	0	0	0	1768	3996	1058	406	5232	3450	2934	4580	3342	6510	650	0	1032	2380	1892	848	0	0	3116	0	5594	1300	430	170	548	266	
343024	Vermis_4_5	0	0	0	0	0	0	0	0	0	0	0	0	0	0	0	0	0	0	0	0	0	0	0	0	0	0	0	0	0	0	0	0	0	0	576	1716	0	532	426	256	0	0	192	0	0	0	6856	8104	0	0	0	0	284	0	5244	4750	0	0	0	0	0	0	0	0	0	0	518	2080	0	0	0	0	0	0	0	0	0	0	0	0	0	0	0	0	0	0	0	0	0	0	10386	11508	2522	628	4940	1380	21598	16978	15456	19132	1024	0	2082	4816	3044	2298	0	0	996	5594	0	10246	816	304	1206	3024	
277408	Vermis_6	0	0	0	0	0	0	0	0	0	0	0	0	0	0	0	0	0	0	0	0	0	0	0	0	0	0	0	0	0	0	0	0	0	0	0	0	0	0	0	0	0	0	0	0	0	0	1962	6564	0	0	0	0	94	0	1160	3370	0	0	0	0	0	0	0	0	0	0	0	0	0	0	0	0	0	0	0	0	0	0	0	0	0	0	0	0	0	0	0	0	0	0	12688	17492	4840	2836	796	648	7036	2948	16788	21770	538	0	2246	478	2418	3460	0	0	564	1300	10246	0	9022	1312	2474	3654	
