data	data	502836	309188	899136	758952	155456	117992	420088	217100	114864	42036	242184	150628	288788	112520	304268	152356	211536	113952	838536	810196	127872	134124	291272	230340	34088	60352	72520	96904	735464	308724	287764	352588	152628	478700	150476	138444	350632	382104	230676	308196	65696	78412	416736	342444	256440	274744	441312	382196	223964	278472	643604	214180	266616	89104	495416	585956	312344	267088	283228	50688	300072	44096	130168	75272	176672	119632	347144	389452	296160	264992	370952	397740	450776	375052	61808	28372	145636	181404	101884	21612	243092	98684	132236	80196	351476	186084	35300	18064	341200	201148	523772	690492	387972	391568	71056	125496	476304	571648	543368	777280	316980	141312	470616	454232	133704	227860	13600	16908	61880	167552	566888	367060	326388	331052	248476	80064	
data	data	Precentral_L	Precentral_R	Frontal_Sup_L	Frontal_Sup_R	Frontal_Sup_Orb_L	Frontal_Sup_Orb_R	Frontal_Mid_L	Frontal_Mid_R	Frontal_Mid_Orb_L	Frontal_Mid_Orb_R	Frontal_Inf_Oper_L	Frontal_Inf_Oper_R	Frontal_Inf_Tri_L	Frontal_Inf_Tri_R	Frontal_Inf_Orb_L	Frontal_Inf_Orb_R	Rolandic_Oper_L	Rolandic_Oper_R	Supp_Motor_Area_L	Supp_Motor_Area_R	Olfactory_L	Olfactory_R	Frontal_Sup_Medial_L	Frontal_Sup_Medial_R	Frontal_Med_Orb_L	Frontal_Med_Orb_R	Rectus_L	Rectus_R	Insula_L	Insula_R	Cingulum_Ant_L	Cingulum_Ant_R	Cingulum_Mid_L	Cingulum_Mid_R	Cingulum_Post_L	Cingulum_Post_R	Hippocampus_L	Hippocampus_R	ParaHippocampal_L	ParaHippocampal_R	Amygdala_L	Amygdala_R	Calcarine_L	Calcarine_R	Cuneus_L	Cuneus_R	Lingual_L	Lingual_R	Occipital_Sup_L	Occipital_Sup_R	Occipital_Mid_L	Occipital_Mid_R	Occipital_Inf_L	Occipital_Inf_R	Fusiform_L	Fusiform_R	Postcentral_L	Postcentral_R	Parietal_Sup_L	Parietal_Sup_R	Parietal_Inf_L	Parietal_Inf_R	SupraMarginal_L	SupraMarginal_R	Angular_L	Angular_R	Precuneus_L	Precuneus_R	Paracentral_Lobule_L	Paracentral_Lobule_R	Caudate_L	Caudate_R	Putamen_L	Putamen_R	Pallidum_L	Pallidum_R	Thalamus_L	Thalamus_R	Heschl_L	Heschl_R	Temporal_Sup_L	Temporal_Sup_R	Temporal_Pole_Sup_L	Temporal_Pole_Sup_R	Temporal_Mid_L	Temporal_Mid_R	Temporal_Pole_Mid_L	Temporal_Pole_Mid_R	Temporal_Inf_L	Temporal_Inf_R	Cerebelum_Crus1_L	Cerebelum_Crus1_R	Cerebelum_Crus2_L	Cerebelum_Crus2_R	Cerebelum_3_L	Cerebelum_3_R	Cerebelum_4_5_L	Cerebelum_4_5_R	Cerebelum_6_L	Cerebelum_6_R	Cerebelum_7b_L	Cerebelum_7b_R	Cerebelum_8_L	Cerebelum_8_R	Cerebelum_9_L	Cerebelum_9_R	Cerebelum_10_L	Cerebelum_10_R	Vermis_1_2	Vermis_3	Vermis_4_5	Vermis_6	Vermis_7	Vermis_8	Vermis_9	Vermis_10	
502836	Precentral_L	0	3368	19476	2104	0	0	16400	0	0	0	13716	0	2464	0	0	122	10896	0	16040	9718	0	0	500	0	0	0	0	0	13038	0	1364	226	1324	8440	438	232	6946	0	2868	0	0	0	1172	0	336	0	578	0	150	0	6938	0	3624	0	4934	0	30970	1292	3784	0	8666	0	3652	166	1158	0	1020	150	13600	5716	1686	926	2856	0	938	0	6456	872	5014	0	6000	0	0	0	3930	0	0	0	5024	0	130	0	0	0	0	0	0	0	0	0	0	0	0	0	0	0	0	0	0	0	0	0	0	0	0	0	
309188	Precentral_R	3368	0	1094	27768	0	0	560	12478	0	0	0	7770	482	448	486	0	0	2820	2288	13686	0	0	0	0	0	0	0	0	852	3536	0	0	100	1466	0	0	858	6156	266	934	0	0	0	282	0	0	0	168	0	118	0	138	0	180	0	1090	832	14648	0	242	1058	908	202	2530	0	1156	96	1406	2634	5466	1960	6014	1648	4152	446	486	1278	13176	370	292	0	1290	0	404	0	1292	0	0	0	1216	0	0	0	0	0	0	0	0	0	0	0	0	0	0	0	0	0	0	0	0	0	0	0	0	0	0	
899136	Frontal_Sup_L	19476	1094	0	4960	6684	104	64698	176	2258	0	13908	0	16316	0	7240	392	9712	0	79228	7294	188	138	42764	8078	940	124	628	122	41468	110	19738	6504	6224	3586	0	0	7790	0	656	0	94	0	0	0	0	0	0	0	0	0	268	0	82	0	1386	0	9116	90	180	0	1818	0	1254	0	0	0	0	0	2522	228	11236	1394	26226	238	3800	0	8274	136	2442	0	2858	0	1926	0	290	0	0	0	1112	0	0	0	0	0	0	0	0	0	0	0	0	0	0	0	0	0	0	0	0	0	0	0	0	0	0	0	
758952	Frontal_Sup_R	2104	27768	4960	0	0	2554	1148	32348	0	1204	0	7516	462	7566	370	3936	0	7466	19834	75460	0	0	10260	26172	174	1142	0	0	1384	12166	5734	25534	2996	11790	0	0	944	7114	252	2630	0	100	0	118	0	0	0	154	0	0	0	0	0	102	0	2374	1218	4476	0	162	360	516	108	1492	0	362	0	712	2762	286	978	19998	1386	12848	496	1368	814	18988	408	248	0	600	0	1468	0	324	0	0	0	938	0	112	0	0	0	0	0	94	0	118	0	0	0	0	0	0	0	0	0	0	0	0	0	0	0	0	
155456	Frontal_Sup_Orb_L	0	0	6684	0	0	1142	428	0	10902	254	0	0	0	0	11998	160	0	0	0	0	3910	2236	786	0	2090	422	7006	1546	4574	0	2586	1186	0	0	0	0	0	0	0	0	0	0	0	0	0	0	0	0	0	0	0	0	0	0	0	0	0	0	0	0	0	0	0	0	0	0	0	0	0	0	8802	878	7668	366	0	0	0	0	0	0	0	0	2104	0	0	0	0	0	0	0	0	0	0	0	0	0	0	0	0	0	0	0	0	0	0	0	0	0	0	0	0	0	0	0	0	0	
117992	Frontal_Sup_Orb_R	0	0	104	2554	1142	0	0	366	476	5362	0	0	0	0	598	3968	0	0	0	0	3028	4406	322	2216	1028	6520	1620	9720	150	182	1212	2596	0	0	0	0	0	0	0	0	0	0	0	0	0	0	0	0	0	0	0	0	0	0	0	0	0	0	0	0	0	0	0	0	0	0	0	0	0	0	3200	4982	1308	1936	0	0	0	0	0	0	0	0	0	0	0	0	0	0	0	0	0	0	0	0	0	0	0	0	0	0	0	0	0	0	0	0	0	0	0	0	0	0	0	0	0	0	
420088	Frontal_Mid_L	16400	560	64698	1148	428	0	0	112	1600	0	12290	0	27062	0	4062	426	2064	0	19176	3776	0	0	9736	688	0	0	0	0	17790	0	4594	810	3804	1172	0	0	1214	0	0	0	0	0	0	0	0	0	0	0	0	0	112	0	0	0	88	0	1054	0	0	0	1354	0	660	0	0	0	0	0	0	0	2830	832	7068	0	0	0	834	0	1008	0	498	0	0	0	96	0	0	0	0	0	0	0	0	0	0	0	0	0	0	0	0	0	0	0	0	0	0	0	0	0	0	0	0	0	0	0	
217100	Frontal_Mid_R	0	12478	176	32348	0	366	112	0	0	446	0	8414	408	13692	410	2416	0	1626	1838	4802	0	0	394	2204	0	0	0	0	352	5862	648	2220	182	574	0	0	90	2094	0	924	0	0	0	0	0	0	0	0	0	0	0	0	0	0	0	544	0	900	0	0	0	116	0	302	0	0	0	0	0	0	866	1516	512	6380	0	242	0	1196	92	0	0	0	0	534	0	0	0	0	0	274	0	0	0	0	0	0	0	0	0	0	0	0	0	0	0	0	0	0	0	0	0	0	0	0	0	0	
114864	Frontal_Mid_Orb_L	0	0	2258	0	10902	476	1600	0	0	90	0	0	1204	0	17876	0	0	0	0	0	1634	1102	0	0	328	160	2450	734	6520	0	742	752	0	0	0	0	0	0	86	0	96	0	0	0	0	0	0	0	0	0	0	0	0	0	0	0	0	0	0	0	0	0	0	0	0	0	0	0	0	0	1912	252	5014	108	0	0	0	0	0	0	0	0	1136	0	0	0	0	0	0	0	0	0	0	0	0	0	0	0	0	0	0	0	0	0	0	0	0	0	0	0	0	0	0	0	0	0	
42036	Frontal_Mid_Orb_R	0	0	0	1204	254	5362	0	446	90	0	0	0	0	0	140	4174	0	0	0	0	720	784	0	162	296	1378	336	2386	0	208	86	350	0	0	0	0	0	0	0	0	0	0	0	0	0	0	0	0	0	0	0	0	0	0	0	0	0	0	0	0	0	0	0	0	0	0	0	0	0	0	710	1022	390	520	0	0	0	0	0	0	0	0	0	0	0	0	0	0	0	0	0	0	0	0	0	0	0	0	0	0	0	0	0	0	0	0	0	0	0	0	0	0	0	0	0	0	
242184	Frontal_Inf_Oper_L	13716	0	13908	0	0	0	12290	0	0	0	0	0	12090	0	114	0	11258	0	9270	264	0	0	354	0	0	0	0	0	22382	0	2988	354	90	0	0	0	954	0	0	0	96	0	0	0	0	0	0	0	0	0	0	0	0	0	250	0	8072	0	0	0	206	0	366	0	0	0	0	0	0	0	664	244	2330	0	0	0	164	0	1052	0	4194	0	2774	0	394	0	0	0	254	0	0	0	0	0	0	0	0	0	0	0	0	0	0	0	0	0	0	0	0	0	0	0	0	0	0	0	
150628	Frontal_Inf_Oper_R	0	7770	0	7516	0	0	0	8414	0	0	0	0	0	8208	0	1076	0	6480	1986	6294	0	0	0	0	0	0	0	0	0	13506	0	88	0	0	0	0	0	1120	0	756	0	0	0	0	0	0	0	0	0	0	0	0	0	0	0	548	0	1824	0	0	0	94	0	152	0	160	0	0	0	0	222	712	0	4264	0	370	0	374	0	0	0	0	0	3026	0	0	0	0	0	354	0	0	0	0	0	0	0	0	0	0	0	0	0	0	0	0	0	0	0	0	0	0	0	0	0	0	
288788	Frontal_Inf_Tri_L	2464	482	16316	462	0	0	27062	408	1204	0	12090	0	0	0	20520	2272	1280	0	8488	2032	0	0	1016	86	0	0	0	0	24530	126	3112	884	490	324	0	0	238	0	0	0	0	0	0	0	0	0	0	0	0	0	0	0	0	0	122	0	610	0	0	0	0	0	0	0	0	0	0	0	0	0	6448	3690	6496	162	0	0	156	212	0	0	462	0	150	0	0	0	0	0	0	0	0	0	0	0	0	0	0	0	0	0	0	0	0	0	0	0	0	0	0	0	0	0	0	0	0	0	
112520	Frontal_Inf_Tri_R	0	448	0	7566	0	0	0	13692	0	0	0	8208	0	0	0	3858	0	498	1682	2916	0	0	118	824	0	0	0	0	0	9480	572	1516	0	170	0	0	0	430	0	204	0	0	0	0	0	0	0	0	0	0	0	0	0	0	0	382	0	126	0	0	0	0	0	0	0	0	0	0	0	0	0	762	0	2546	0	0	0	0	0	0	0	0	0	94	0	0	0	0	0	168	0	0	0	0	0	0	0	0	0	0	0	0	0	0	0	0	0	0	0	0	0	0	0	0	0	0	
304268	Frontal_Inf_Orb_L	0	486	7240	370	11998	598	4062	410	17876	140	114	0	20520	0	0	2366	0	0	4272	1754	3534	1232	120	0	172	106	2076	766	27556	124	1400	812	110	0	0	0	94	0	320	0	266	0	0	0	0	0	0	0	0	0	0	0	0	0	732	0	0	0	0	0	0	0	0	0	0	0	0	0	0	0	9704	3942	16452	400	0	0	154	212	0	0	0	0	7988	0	474	0	416	0	766	0	0	0	0	0	0	0	0	0	0	0	0	0	0	0	0	0	0	0	0	0	0	0	0	0	0	0	
152356	Frontal_Inf_Orb_R	122	0	392	3936	160	3968	426	2416	0	4174	0	1076	2272	3858	2366	0	0	0	1378	3598	654	1298	0	212	0	0	140	1486	1676	11398	534	1028	0	0	0	0	0	360	0	284	0	850	0	0	0	0	0	0	0	0	0	0	0	0	0	0	0	0	0	0	0	0	0	0	0	0	0	0	0	0	3008	12410	604	8138	0	0	0	294	0	0	0	0	0	1662	0	0	0	0	0	0	0	0	0	0	0	0	0	0	0	0	0	0	0	0	0	0	0	0	0	0	0	0	0	0	0	0	
211536	Rolandic_Oper_L	10896	0	9712	0	0	0	2064	0	0	0	11258	0	1280	0	0	0	0	0	8656	134	0	0	0	0	0	0	0	0	16096	0	0	0	0	0	0	0	1272	0	148	0	106	0	358	0	144	0	130	0	0	0	2304	0	150	0	406	0	13118	0	1638	0	1878	0	3004	0	0	0	426	0	90	0	134	0	1090	0	0	0	140	0	3672	0	9700	0	2642	0	2724	0	0	0	398	0	0	0	0	0	0	0	0	0	0	0	0	0	0	0	0	0	0	0	0	0	0	0	0	0	0	0	
113952	Rolandic_Oper_R	0	2820	0	7466	0	0	0	1626	0	0	0	6480	0	498	0	0	0	0	920	8904	0	0	0	0	0	0	0	0	0	10918	0	0	0	0	0	0	0	984	0	354	0	0	0	0	0	0	0	0	0	0	0	0	0	0	0	284	0	2702	0	0	0	0	0	1716	0	272	0	0	0	0	100	320	0	2892	0	630	0	140	0	714	0	2750	0	3392	0	0	0	0	0	94	0	0	0	0	0	0	0	0	0	0	0	0	0	0	0	0	0	0	0	0	0	0	0	0	0	0	
838536	Supp_Motor_Area_L	16040	2288	79228	19834	0	0	19176	1838	0	0	9270	1986	8488	1682	4272	1378	8656	920	0	47768	0	0	7052	2334	0	0	0	0	32640	3226	8348	8316	9756	19400	170	642	8124	566	778	398	0	0	0	130	0	0	0	0	0	0	208	0	132	0	1500	254	8238	446	144	0	548	0	624	90	0	0	152	600	21574	2306	6312	5022	23198	3136	5230	0	6714	330	1560	0	2702	120	1568	408	238	0	0	0	1080	130	0	0	0	0	0	0	0	0	0	0	0	0	0	0	0	0	0	0	0	0	0	0	0	0	0	0	
810196	Supp_Motor_Area_R	9718	13686	7294	75460	0	0	3776	4802	0	0	264	6294	2032	2916	1754	3598	134	8904	47768	0	0	0	1348	6474	0	0	0	0	4282	10520	3464	12280	6004	38750	204	768	1176	3782	366	1696	0	128	0	376	0	90	0	248	0	164	92	132	238	92	306	1784	1380	13596	0	96	608	300	248	1314	0	284	176	1606	17180	21310	5088	20962	2742	11746	498	1008	960	13870	546	488	0	1890	0	2086	0	1030	0	0	0	624	0	94	0	0	0	0	0	110	0	94	0	0	0	0	0	0	0	0	0	0	0	0	0	0	0	0	
127872	Olfactory_L	0	0	188	0	3910	3028	0	0	1634	720	0	0	0	0	3534	654	0	0	0	0	0	8028	176	106	994	502	3304	3924	3908	0	3270	2382	0	0	0	0	0	0	976	0	932	0	0	0	0	0	0	0	0	0	0	0	0	0	0	0	0	0	0	0	0	0	0	0	0	0	0	0	0	0	10500	4210	3796	1560	0	0	0	0	0	0	0	0	1700	0	0	0	0	0	0	0	0	0	0	0	0	0	0	0	0	0	0	0	0	0	0	0	0	0	0	0	0	0	0	0	0	0	
134124	Olfactory_R	0	0	138	0	2236	4406	0	0	1102	784	0	0	0	0	1232	1298	0	0	0	0	8028	0	142	118	292	1706	2326	6050	372	1560	2858	3952	0	0	0	0	0	176	0	252	0	648	0	0	0	0	0	0	0	0	0	0	0	0	0	0	0	0	0	0	0	0	0	0	0	0	0	0	0	0	10724	8226	4460	3026	294	0	0	0	0	0	0	0	160	496	0	0	0	0	0	0	0	0	0	0	0	0	0	0	0	0	0	0	0	0	0	0	0	0	0	0	0	0	0	0	0	0	
291272	Frontal_Sup_Medial_L	500	0	42764	10260	786	322	9736	394	0	0	354	0	1016	118	120	0	0	0	7052	1348	176	142	0	21722	1086	404	654	134	1554	122	16564	9764	4376	9854	0	0	0	0	0	0	0	0	0	0	0	0	0	0	0	0	0	0	0	0	0	0	0	0	0	0	0	0	0	0	0	0	0	0	0	0	2980	306	938	90	0	0	0	0	0	0	0	0	0	0	0	0	0	0	0	0	0	0	0	0	0	0	0	0	0	0	0	0	0	0	0	0	0	0	0	0	0	0	0	0	0	0	
230340	Frontal_Sup_Medial_R	0	0	8078	26172	0	2216	688	2204	0	162	0	0	86	824	0	212	0	0	2334	6474	106	118	21722	0	556	2846	88	310	130	824	4504	15848	1436	11016	0	0	0	0	0	0	0	0	0	0	0	0	0	0	0	0	0	0	0	0	0	0	0	0	0	0	0	0	0	0	0	0	0	0	0	0	276	3366	110	2328	0	0	0	136	0	0	0	0	0	0	0	0	0	0	0	0	0	0	0	0	0	0	0	0	0	0	0	0	0	0	0	0	0	0	0	0	0	0	0	0	0	0	
34088	Frontal_Med_Orb_L	0	0	940	174	2090	1028	0	0	328	296	0	0	0	0	172	0	0	0	0	0	994	292	1086	556	0	1766	2290	582	0	0	2338	670	0	0	0	0	0	0	0	0	0	0	0	0	0	0	0	0	0	0	0	0	0	0	0	0	0	0	0	0	0	0	0	0	0	0	0	0	0	0	894	218	330	0	0	0	0	0	0	0	0	0	0	0	0	0	0	0	0	0	0	0	0	0	0	0	0	0	0	0	0	0	0	0	0	0	0	0	0	0	0	0	0	0	0	0	
60352	Frontal_Med_Orb_R	0	0	124	1142	422	6520	0	0	160	1378	0	0	0	0	106	0	0	0	0	0	502	1706	404	2846	1766	0	550	4906	0	0	1240	3710	0	0	0	0	0	0	0	0	0	0	0	0	0	0	0	0	0	0	0	0	0	0	0	0	0	0	0	0	0	0	0	0	0	0	0	0	0	0	472	1532	194	496	0	0	0	0	0	0	0	0	0	0	0	0	0	0	0	0	0	0	0	0	0	0	0	0	0	0	0	0	0	0	0	0	0	0	0	0	0	0	0	0	0	0	
72520	Rectus_L	0	0	628	0	7006	1620	0	0	2450	336	0	0	0	0	2076	140	0	0	0	0	3304	2326	654	88	2290	550	0	2128	486	0	2766	964	0	0	0	0	0	0	0	0	0	0	0	0	0	0	0	0	0	0	0	0	0	0	0	0	0	0	0	0	0	0	0	0	0	0	0	0	0	0	4206	536	1250	216	0	0	0	0	0	0	0	0	240	0	0	0	0	0	0	0	0	0	0	0	0	0	0	0	0	0	0	0	0	0	0	0	0	0	0	0	0	0	0	0	0	0	
96904	Rectus_R	0	0	122	0	1546	9720	0	0	734	2386	0	0	0	0	766	1486	0	0	0	0	3924	6050	134	310	582	4906	2128	0	264	180	1258	2786	0	0	0	0	0	0	0	0	0	0	0	0	0	0	0	0	0	0	0	0	0	0	0	0	0	0	0	0	0	0	0	0	0	0	0	0	0	0	4084	2730	1622	642	0	0	0	0	0	0	0	0	92	0	0	0	0	0	0	0	0	0	0	0	0	0	0	0	0	0	0	0	0	0	0	0	0	0	0	0	0	0	0	0	0	0	
735464	Insula_L	13038	852	41468	1384	4574	150	17790	352	6520	0	22382	0	24530	0	27556	1676	16096	0	32640	4282	3908	372	1554	130	0	0	486	264	0	176	4962	1318	344	206	0	0	17752	0	1632	0	4818	0	186	0	0	0	124	0	0	0	776	0	326	0	6408	0	6342	0	376	0	730	0	1346	0	0	0	166	0	1642	0	9726	3542	29018	320	116	0	6116	238	9710	0	14114	0	8924	0	5216	0	0	0	8970	0	0	0	0	0	0	0	0	0	88	0	0	0	0	0	0	0	0	0	0	0	0	0	0	0	0	0	
308724	Insula_R	0	3536	110	12166	0	182	0	5862	0	208	0	13506	126	9480	124	11398	0	10918	3226	10520	0	1560	122	824	0	0	0	180	176	0	378	1586	0	292	0	0	0	8500	0	4802	0	2764	0	0	0	0	0	0	0	0	0	0	0	0	0	3896	0	1394	0	0	0	0	0	748	0	172	0	416	0	134	278	2234	176	22832	86	184	0	282	0	2292	0	4914	0	6552	0	2564	0	0	0	2200	0	134	0	0	0	0	0	162	0	166	0	0	0	0	0	0	0	0	0	0	0	0	0	0	0	0	
287764	Cingulum_Ant_L	1364	0	19738	5734	2586	1212	4594	648	742	86	2988	0	3112	572	1400	534	0	0	8348	3464	3270	2858	16564	4504	2338	1240	2766	1258	4962	378	0	20012	4276	3258	0	0	0	0	0	0	0	0	0	0	0	0	0	0	0	0	0	0	0	0	0	0	0	0	0	0	0	0	0	0	0	0	0	0	0	0	9868	4862	2732	1614	0	0	0	0	0	0	0	0	0	0	0	0	0	0	0	0	0	0	0	0	0	0	0	0	0	0	0	0	0	0	0	0	0	0	0	0	0	0	0	0	0	0	
352588	Cingulum_Ant_R	226	0	6504	25534	1186	2596	810	2220	752	350	354	88	884	1516	812	1028	0	0	8316	12280	2382	3952	9764	15848	670	3710	964	2786	1318	1586	20012	0	3762	14338	0	0	0	752	0	536	0	0	0	0	0	0	0	0	0	0	0	0	0	0	0	432	0	0	0	0	0	0	0	0	0	0	0	0	0	0	5728	13202	1060	7370	0	158	0	354	0	0	0	0	0	0	0	0	0	0	0	154	0	0	0	0	0	0	0	0	0	0	0	0	0	0	0	0	0	0	0	0	0	0	0	0	0	0	
152628	Cingulum_Mid_L	1324	100	6224	2996	0	0	3804	182	0	0	90	0	490	0	110	0	0	0	9756	6004	0	0	4376	1436	0	0	0	0	344	0	4276	3762	0	12510	5014	962	0	0	0	0	0	0	470	0	766	140	0	0	764	110	272	0	0	0	0	0	0	170	200	0	0	0	0	0	0	0	4208	832	4026	596	0	0	0	0	0	0	0	0	0	0	0	0	0	0	0	0	0	0	0	0	0	0	0	0	0	0	0	0	0	0	0	0	0	0	0	0	0	0	0	0	0	0	0	0	0	0	
478700	Cingulum_Mid_R	8440	1466	3586	11790	0	0	1172	574	0	0	0	0	324	170	0	0	0	0	19400	38750	0	0	9854	11016	0	0	0	0	206	292	3258	14338	12510	0	1546	5866	330	888	818	128	0	0	114	2240	186	1480	0	658	94	1214	148	330	1278	0	1206	660	848	15086	0	264	112	228	0	268	0	0	2674	10376	19918	26162	826	804	0	142	0	0	246	950	0	380	0	1960	0	0	0	1190	0	0	186	400	0	0	0	0	0	0	0	0	0	0	0	0	0	0	0	0	0	0	0	0	0	0	0	0	0	0	
150476	Cingulum_Post_L	438	0	0	0	0	0	0	0	0	0	0	0	0	0	0	0	0	0	170	204	0	0	0	0	0	0	0	0	0	0	0	0	5014	1546	0	9540	3062	4330	4886	1690	0	0	6010	110	1966	636	4842	152	180	0	2606	0	5140	0	4308	938	354	252	206	0	130	0	0	0	116	0	9648	2956	1346	716	0	0	0	0	0	0	0	698	0	0	0	0	0	0	336	0	0	0	494	218	0	0	0	0	0	0	0	0	0	0	0	0	0	0	0	0	0	0	0	0	0	0	0	0	0	0	
138444	Cingulum_Post_R	232	0	0	0	0	0	0	0	0	0	0	0	0	0	0	0	0	0	642	768	0	0	0	0	0	0	0	0	0	0	0	0	962	5866	9540	0	1744	5392	3502	2132	0	0	320	3560	240	662	148	2690	98	742	0	144	2876	110	2860	1904	0	984	0	0	0	0	0	0	0	128	3332	12320	484	2322	0	0	0	0	0	0	0	310	0	0	0	0	0	0	0	382	0	0	320	1002	0	0	0	0	0	0	0	90	0	0	0	0	0	0	0	0	0	0	0	0	414	0	0	0	0	0	
350632	Hippocampus_L	6946	858	7790	944	0	0	1214	90	0	0	954	0	238	0	94	0	1272	0	8124	1176	0	0	0	0	0	0	0	0	17752	0	0	0	0	330	3062	1744	0	3104	21326	2120	10190	0	1132	0	120	0	2980	132	0	0	508	0	1020	0	22572	184	1162	256	0	0	116	0	140	0	0	0	2518	896	3092	372	452	164	11486	138	1370	0	8290	1986	3814	0	2416	0	1000	0	836	0	514	0	11096	0	478	0	140	0	176	0	1758	0	808	0	484	0	618	0	290	0	0	0	0	474	0	0	0	0	0	0	
382104	Hippocampus_R	0	6156	0	7114	0	0	0	2094	0	0	0	1120	0	430	0	360	0	984	566	3782	0	176	0	0	0	0	0	0	0	8500	0	752	0	888	4330	5392	3104	0	3290	37450	0	12162	182	452	0	0	188	3902	0	82	0	0	1540	1242	1680	32080	0	1270	0	0	0	0	0	124	0	0	1014	4504	334	1120	0	0	0	18124	0	1502	0	4038	0	0	0	1052	0	1440	0	1154	0	0	248	8046	0	1200	0	0	100	536	0	2050	0	1588	0	0	0	292	0	200	0	0	0	250	578	0	0	0	290	0	
230676	ParaHippocampal_L	2868	266	656	252	0	0	0	0	86	0	0	0	0	0	320	0	148	0	778	366	976	0	0	0	0	0	0	0	1632	0	0	0	0	818	4886	3502	21326	3290	0	1820	5582	0	1588	0	154	0	4966	118	0	0	510	0	7628	0	19654	770	960	414	0	0	0	0	0	0	0	0	3502	862	1532	516	116	0	2444	122	0	0	808	1464	262	0	148	0	1800	0	206	0	1368	0	2588	148	844	0	244	0	350	0	4248	0	2566	0	698	0	992	0	500	0	0	0	94	466	116	0	0	0	0	0	
308196	ParaHippocampal_R	0	934	0	2630	0	0	0	924	0	0	0	756	0	204	0	284	0	354	398	1696	0	252	0	0	0	0	0	0	0	4802	0	536	0	128	1690	2132	2120	37450	1820	0	0	10424	152	864	0	0	126	6580	0	82	0	0	114	1286	162	27702	0	160	0	0	0	0	0	0	0	0	754	5306	0	150	0	0	0	11462	0	1486	0	1866	0	0	0	576	0	1628	0	396	0	200	0	4876	0	3148	0	250	220	1696	0	5522	0	3900	0	0	0	938	0	618	0	0	0	638	692	0	0	102	912	0	
65696	Amygdala_L	0	0	94	0	0	0	0	0	96	0	96	0	0	0	266	0	106	0	0	0	932	0	0	0	0	0	0	0	4818	0	0	0	0	0	0	0	10190	0	5582	0	0	0	0	0	0	0	0	0	0	0	0	0	0	0	4810	0	0	0	0	0	0	0	0	0	0	0	0	0	0	0	142	0	1056	0	0	0	0	0	0	0	1084	0	1578	0	0	0	924	0	918	0	0	0	0	0	0	0	156	0	0	0	0	0	0	0	0	0	0	0	0	0	0	0	0	0	0	0	
78412	Amygdala_R	0	0	0	100	0	0	0	0	0	0	0	0	0	0	0	850	0	0	0	128	0	648	0	0	0	0	0	0	0	2764	0	0	0	0	0	0	0	12162	0	10424	0	0	0	0	0	0	0	0	0	0	0	0	0	0	0	7656	0	0	0	0	0	0	0	0	0	0	0	0	0	0	0	0	0	1828	0	0	0	0	0	0	0	0	0	1862	0	0	0	0	0	0	0	0	0	0	0	106	0	562	0	116	0	0	0	0	0	0	0	0	0	0	0	0	0	0	0	0	
416736	Calcarine_L	1172	0	0	0	0	0	0	0	0	0	0	0	0	0	0	0	358	0	0	0	0	0	0	0	0	0	0	0	186	0	0	0	470	114	6010	320	1132	182	1588	152	0	0	0	9766	25116	5138	29750	4910	16686	2304	42216	1536	13092	90	3736	616	1660	0	2706	0	1108	0	0	0	1028	0	25360	1426	1048	112	0	0	0	0	0	0	0	0	170	0	510	0	0	0	2504	82	0	0	2184	86	168	146	0	0	0	0	0	0	410	170	0	0	0	0	0	0	0	0	0	0	418	342	90	0	0	0	
342444	Calcarine_R	0	282	0	118	0	0	0	0	0	0	0	0	0	0	0	0	0	0	130	376	0	0	0	0	0	0	0	0	0	0	0	0	0	2240	110	3560	0	452	0	864	0	0	9766	0	4358	32942	2522	22634	0	26450	0	13998	0	3512	0	8330	0	1982	0	734	0	0	0	0	0	1204	1332	23942	134	1928	0	0	0	0	0	0	0	0	0	0	0	0	0	0	0	3174	0	0	0	3408	0	154	0	0	0	0	0	188	0	126	0	0	0	0	0	0	0	0	0	0	272	0	0	0	0	0	
256440	Cuneus_L	336	0	0	0	0	0	0	0	0	0	0	0	0	0	0	0	144	0	0	0	0	0	0	0	0	0	0	0	0	0	0	0	766	186	1966	240	120	0	154	0	0	0	25116	4358	0	4912	11012	1408	23452	860	16766	692	3620	0	1080	122	498	0	5348	0	670	0	0	0	494	0	17964	2456	1016	0	0	0	0	0	0	0	0	0	0	0	208	0	0	0	728	0	0	0	240	0	84	138	0	0	0	0	0	0	252	156	0	0	0	0	0	0	0	0	0	0	270	304	84	0	0	0	
274744	Cuneus_R	0	0	0	0	0	0	0	0	0	0	0	0	0	0	0	0	0	0	0	90	0	0	0	0	0	0	0	0	0	0	0	0	140	1480	636	662	0	0	0	0	0	0	5138	32942	4912	0	746	7102	146	30940	0	11150	160	932	142	3330	0	894	100	2140	0	0	0	0	0	1146	3922	23872	0	934	0	0	0	0	0	0	0	0	0	0	0	0	0	0	0	2398	0	0	0	1318	0	0	0	0	0	0	0	0	0	0	0	0	0	0	0	0	0	0	0	0	0	0	0	0	0	0	
441312	Lingual_L	578	0	0	0	0	0	0	0	0	0	0	0	0	0	0	0	130	0	0	0	0	0	0	0	0	0	0	0	124	0	0	0	0	0	4842	148	2980	188	4966	126	0	0	29750	2522	11012	746	0	4902	6922	750	25606	526	13870	96	16832	2966	516	0	406	0	260	0	0	0	234	0	12776	342	312	0	0	0	0	0	0	0	272	0	0	0	162	0	0	0	746	0	0	0	582	0	11688	3828	1108	278	206	0	13682	3604	17508	4574	134	0	398	0	0	0	0	0	0	266	8252	5188	2248	332	90	82	
382196	Lingual_R	0	168	0	154	0	0	0	0	0	0	0	0	0	0	0	0	0	0	0	248	0	0	0	0	0	0	0	0	0	0	0	0	0	658	152	2690	132	3902	118	6580	0	0	4910	22634	1408	7102	4902	0	0	7784	0	6632	0	4622	1192	24792	0	810	0	84	0	0	0	0	0	258	342	12340	0	902	0	0	0	200	0	0	0	316	0	0	0	82	0	0	0	782	0	0	0	2442	5102	8962	960	412	0	356	4324	11524	6064	11962	396	0	1070	152	0	0	0	0	0	96	9652	5794	3968	966	0	0	
223964	Occipital_Sup_L	150	0	0	0	0	0	0	0	0	0	0	0	0	0	0	0	0	0	0	0	0	0	0	0	0	0	0	0	0	0	0	0	764	94	180	98	0	0	0	0	0	0	16686	0	23452	146	6922	0	0	0	33538	0	1570	0	902	0	126	0	9890	0	1562	0	0	0	1316	0	10106	758	784	0	0	0	0	0	0	0	0	0	0	0	154	0	0	0	2350	0	0	0	434	0	0	0	0	0	0	0	0	0	0	0	0	0	0	0	0	0	0	0	0	0	0	0	0	0	0	0	
278472	Occipital_Sup_R	0	118	0	0	0	0	0	0	0	0	0	0	0	0	0	0	0	0	0	164	0	0	0	0	0	0	0	0	0	0	0	0	110	1214	0	742	0	82	0	82	0	0	2304	26450	860	30940	750	7784	0	0	0	24462	0	1758	0	4404	0	1764	0	3608	0	1262	0	0	0	6922	832	14352	0	1018	0	0	0	0	0	0	0	0	0	0	0	0	0	0	0	5604	0	0	0	1538	0	112	0	0	0	0	0	0	0	0	0	0	0	0	0	0	0	0	0	0	0	0	0	0	0	0	
643604	Occipital_Mid_L	6938	0	268	0	0	0	112	0	0	0	0	0	0	0	0	0	2304	0	208	92	0	0	0	0	0	0	0	0	776	0	0	0	272	148	2606	0	508	0	510	0	0	0	42216	0	16766	0	25606	0	33538	0	0	0	25946	0	8206	0	6724	0	29872	0	29040	0	4754	0	24756	0	15018	0	1222	158	0	0	0	0	0	0	0	0	810	0	4346	0	0	0	27180	0	0	0	10250	0	228	0	0	0	0	0	0	0	424	0	0	0	0	0	0	0	0	0	0	0	0	0	0	0	0	0	
214180	Occipital_Mid_R	0	138	0	0	0	0	0	0	0	0	0	0	0	0	0	0	0	0	0	132	0	0	0	0	0	0	0	0	0	0	0	0	0	330	0	144	0	0	0	0	0	0	1536	13998	692	11150	526	6632	0	24462	0	0	0	5120	0	3726	0	1252	0	1672	0	2552	0	0	0	14560	278	3502	0	658	0	0	0	0	0	0	0	0	0	0	0	142	0	0	0	11392	0	0	0	2380	0	116	0	0	0	0	0	0	0	0	0	0	0	0	0	0	0	0	0	0	0	0	0	0	0	0	
266616	Occipital_Inf_L	3624	0	82	0	0	0	0	0	0	0	0	0	0	0	0	0	150	0	132	238	0	0	0	0	0	0	0	0	326	0	0	0	0	1278	5140	2876	1020	1540	7628	114	0	0	13092	0	3620	160	13870	0	1570	0	25946	0	0	0	22786	1036	1478	616	470	0	172	0	0	0	174	0	4976	254	2004	872	0	0	0	0	0	0	88	0	476	0	334	0	0	0	5152	0	0	0	8204	254	628	0	0	0	0	0	0	0	928	0	0	0	0	0	0	0	0	0	0	0	0	0	0	0	0	0	
89104	Occipital_Inf_R	0	180	0	102	0	0	0	0	0	0	0	0	0	0	0	0	0	0	0	92	0	0	0	0	0	0	0	0	0	0	0	0	0	0	0	110	0	1242	0	1286	0	0	90	3512	0	932	96	4622	0	1758	0	5120	0	0	0	11252	0	0	0	0	0	0	0	0	0	0	242	736	0	0	0	0	0	552	0	0	0	0	0	0	0	0	0	0	0	1626	0	0	0	8898	0	658	0	0	0	0	0	0	0	804	0	0	0	0	0	0	0	0	0	0	238	296	108	0	0	0	
495416	Fusiform_L	4934	0	1386	0	0	0	88	0	0	0	250	0	122	0	732	0	406	0	1500	306	0	0	0	0	0	0	0	0	6408	0	0	0	0	1206	4308	2860	22572	1680	19654	162	4810	0	3736	0	1080	142	16832	1192	902	0	8206	0	22786	0	0	2040	1388	552	0	0	0	0	0	0	0	0	1708	216	1846	762	0	0	2936	0	0	0	654	156	1046	0	2878	0	3592	0	2514	0	1760	0	23988	232	18212	898	3700	0	356	0	12936	1598	23578	1106	1738	0	1748	0	686	0	0	0	0	0	2652	1074	816	82	0	0	
585956	Fusiform_R	0	1090	0	2374	0	0	0	544	0	0	0	548	0	382	0	0	0	284	254	1784	0	0	0	0	0	0	0	0	0	3896	0	432	0	660	938	1904	184	32080	770	27702	0	7656	616	8330	122	3330	2966	24792	0	4404	0	3726	1036	11252	2040	0	0	630	0	0	0	0	0	0	0	0	394	4286	220	584	0	0	0	11160	0	1112	0	452	0	0	0	708	0	4818	0	2790	0	2016	86	21454	3898	20674	874	942	198	1348	3856	15954	4444	22626	424	0	1110	1322	0	662	0	0	0	626	8720	3752	2558	1132	1052	0	
312344	Postcentral_L	30970	832	9116	1218	0	0	1054	0	0	0	8072	0	610	0	0	0	13118	0	8238	1380	0	0	0	0	0	0	0	0	6342	0	0	0	0	848	354	0	1162	0	960	0	0	0	1660	0	498	0	516	0	126	0	6724	0	1478	0	1388	0	0	500	8620	0	14932	0	10778	146	890	0	3764	0	3936	668	748	742	760	0	86	0	1018	692	2102	0	4708	0	0	0	1802	0	0	0	2616	0	0	0	0	0	0	0	0	0	0	0	0	0	0	0	0	0	0	0	0	0	0	0	0	0	0	0	
267088	Postcentral_R	1292	14648	90	4476	0	0	0	900	0	0	0	1824	0	126	0	0	0	2702	446	13596	0	0	0	0	0	0	0	0	0	1394	0	0	170	15086	252	984	256	1270	414	160	0	0	0	1982	0	894	0	810	0	1764	0	1252	616	0	552	630	500	0	0	2528	0	1594	0	10152	0	912	322	8800	7626	23502	258	246	150	380	152	0	324	714	0	570	0	2846	0	0	0	2718	0	0	86	578	0	0	0	0	0	0	0	0	0	0	0	0	0	0	0	0	0	0	0	0	0	0	0	0	0	0	
283228	Parietal_Sup_L	3784	0	180	0	0	0	0	0	0	0	0	0	0	0	0	0	1638	0	144	0	0	0	0	0	0	0	0	0	376	0	0	0	200	0	206	0	0	0	0	0	0	0	2706	0	5348	100	406	0	9890	0	29872	0	470	0	0	0	8620	0	0	0	26566	0	3350	0	9968	0	15308	964	994	0	0	0	0	0	0	0	0	0	216	0	2926	0	0	0	10594	0	0	0	6788	0	0	0	0	0	0	0	0	0	0	0	0	0	0	0	0	0	0	0	0	0	0	0	0	0	0	0	
50688	Parietal_Sup_R	0	242	0	162	0	0	0	0	0	0	0	0	0	0	0	0	0	0	0	96	0	0	0	0	0	0	0	0	0	0	0	0	0	264	0	0	0	0	0	0	0	0	0	734	0	2140	0	84	0	3608	0	1672	0	0	0	0	0	2528	0	0	0	1516	0	0	0	2722	730	7292	0	778	0	0	0	0	0	0	0	0	0	0	0	0	0	0	0	526	0	0	0	250	0	0	0	0	0	0	0	0	0	0	0	0	0	0	0	0	0	0	0	0	0	0	0	0	0	0	
300072	Parietal_Inf_L	8666	1058	1818	360	0	0	1354	0	0	0	206	0	0	0	0	0	1878	0	548	608	0	0	0	0	0	0	0	0	730	0	0	0	0	112	130	0	116	0	0	0	0	0	1108	0	670	0	260	0	1562	0	29040	0	172	0	0	0	14932	0	26566	0	0	0	14852	0	22120	0	1656	0	138	198	238	82	0	0	0	0	784	0	148	0	2990	0	0	0	8820	0	0	0	6116	0	0	0	0	0	0	0	0	0	0	0	0	0	0	0	0	0	0	0	0	0	0	0	0	0	0	0	
44096	Parietal_Inf_R	0	908	0	516	0	0	0	116	0	0	0	94	0	0	0	0	0	0	0	300	0	0	0	0	0	0	0	0	0	0	0	0	0	228	0	0	0	0	0	0	0	0	0	0	0	0	0	0	0	1262	0	2552	0	0	0	0	0	1594	0	1516	0	0	0	4414	0	7094	0	1454	0	0	0	0	0	0	0	0	0	0	0	0	0	0	0	0	0	0	0	0	0	0	0	0	0	0	0	0	0	0	0	0	0	0	0	0	0	0	0	0	0	0	0	0	0	0	0	0	
130168	SupraMarginal_L	3652	202	1254	108	0	0	660	0	0	0	366	0	0	0	0	0	3004	0	624	248	0	0	0	0	0	0	0	0	1346	0	0	0	0	0	0	0	140	0	0	0	0	0	0	0	0	0	0	0	0	0	4754	0	0	0	0	0	10778	0	3350	0	14852	0	0	0	6836	0	0	0	0	0	108	0	0	0	0	0	420	0	530	0	4928	0	0	0	6126	0	0	0	798	0	0	0	0	0	0	0	0	0	0	0	0	0	0	0	0	0	0	0	0	0	0	0	0	0	0	0	
75272	SupraMarginal_R	166	2530	0	1492	0	0	0	302	0	0	0	152	0	0	0	0	0	1716	90	1314	0	0	0	0	0	0	0	0	0	748	0	0	0	268	0	0	0	124	0	0	0	0	0	0	0	0	0	0	0	0	0	0	0	0	0	0	146	10152	0	0	0	4414	0	0	0	6598	0	804	114	344	114	0	138	94	164	0	228	0	0	0	0	3884	0	0	0	904	0	0	0	636	0	0	0	0	0	0	0	0	0	0	0	0	0	0	0	0	0	0	0	0	0	0	0	0	0	0	
176672	Angular_L	1158	0	0	0	0	0	0	0	0	0	0	0	0	0	0	0	0	0	0	0	0	0	0	0	0	0	0	0	0	0	0	0	0	0	116	0	0	0	0	0	0	0	1028	0	494	0	234	0	1316	0	24756	0	174	0	0	0	890	0	9968	0	22120	0	6836	0	0	0	1352	0	0	0	0	0	0	0	0	0	0	0	0	0	1552	0	0	0	13930	0	0	0	2412	0	0	0	0	0	0	0	0	0	0	0	0	0	0	0	0	0	0	0	0	0	0	0	0	0	0	0	
119632	Angular_R	0	1156	0	362	0	0	0	0	0	0	0	160	0	0	0	0	0	272	0	284	0	0	0	0	0	0	0	0	0	172	0	0	0	0	0	128	0	0	0	0	0	0	0	1204	0	1146	0	258	0	6922	0	14560	0	0	0	0	0	912	0	2722	0	7094	0	6598	0	0	114	4674	0	88	0	0	0	136	0	0	0	0	0	0	0	2718	0	0	0	7452	0	0	0	684	0	0	0	0	0	0	0	0	0	0	0	0	0	0	0	0	0	0	0	0	0	0	0	0	0	0	
347144	Precuneus_L	1020	96	0	0	0	0	0	0	0	0	0	0	0	0	0	0	426	0	152	176	0	0	0	0	0	0	0	0	166	0	0	0	4208	2674	9648	3332	2518	1014	3502	754	0	0	25360	1332	17964	3922	12776	342	10106	832	15018	278	4976	242	1708	394	3764	322	15308	730	1656	0	0	0	1352	114	0	12942	4320	556	0	0	0	0	0	0	0	108	122	0	686	0	0	0	2332	1330	0	0	1482	832	164	0	0	0	0	0	240	0	192	0	0	0	0	0	0	0	0	0	0	0	84	0	0	0	0	0	
389452	Precuneus_R	150	1406	0	712	0	0	0	0	0	0	0	0	0	0	0	0	0	0	600	1606	0	0	0	0	0	0	0	0	0	416	0	0	832	10376	2956	12320	896	4504	862	5306	0	0	1426	23942	2456	23872	342	12340	758	14352	0	3502	254	736	216	4286	0	8800	964	7292	0	1454	0	804	0	4674	12942	0	762	7788	0	0	0	96	0	0	0	638	0	0	0	746	0	0	0	9946	0	0	0	4534	0	184	0	0	0	0	0	846	0	152	0	0	0	0	0	0	0	0	0	0	680	0	0	0	0	0	
296160	Paracentral_Lobule_L	13600	2634	2522	2762	0	0	0	0	0	0	0	0	0	0	0	0	90	0	21574	17180	0	0	0	0	0	0	0	0	1642	0	0	0	4026	19918	1346	484	3092	334	1532	0	0	0	1048	134	1016	0	312	0	784	0	1222	0	2004	0	1846	220	3936	7626	994	0	138	0	0	114	0	0	4320	762	0	13896	458	234	3108	186	2304	0	4810	202	154	144	292	834	0	0	666	642	0	0	816	122	0	0	0	0	0	0	0	0	0	0	0	0	0	0	0	0	0	0	0	0	0	0	0	0	0	0	
264992	Paracentral_Lobule_R	5716	5466	228	286	0	0	0	0	0	0	0	0	0	0	0	0	0	0	2306	21310	0	0	0	0	0	0	0	0	0	134	0	0	596	26162	716	2322	372	1120	516	150	0	0	112	1928	0	934	0	902	0	1018	158	658	872	0	762	584	668	23502	0	778	198	0	0	344	0	88	556	7788	13896	0	874	1022	0	0	0	0	456	1928	0	528	0	2290	0	0	0	1706	0	0	120	426	0	0	0	0	0	0	0	0	0	0	0	0	0	0	0	0	0	0	0	0	0	0	0	0	0	0	
370952	Caudate_L	1686	1960	11236	978	8802	3200	2830	866	1912	710	664	222	6448	0	9704	3008	134	100	6312	5088	10500	10724	2980	276	894	472	4206	4084	9726	278	9868	5728	0	826	0	0	452	0	116	0	142	0	0	0	0	0	0	0	0	0	0	0	0	0	0	0	748	258	0	0	238	0	108	114	0	0	0	0	458	874	0	16392	20748	3766	2412	156	9776	760	566	0	100	0	870	0	0	0	0	0	0	0	0	0	0	0	0	0	0	0	0	0	0	0	0	0	0	0	0	0	0	0	0	0	0	0	0	0	
397740	Caudate_R	926	6014	1394	19998	878	4982	832	1516	252	1022	244	712	3690	762	3942	12410	0	320	5022	20962	4210	8226	306	3366	218	1532	536	2730	3542	2234	4862	13202	0	804	0	0	164	0	0	0	0	0	0	0	0	0	0	0	0	0	0	0	0	0	0	0	742	246	0	0	82	0	0	0	0	0	0	0	234	1022	16392	0	5582	20784	484	1242	488	19392	134	0	0	0	102	134	0	0	0	0	0	0	0	0	0	0	0	0	0	0	0	0	0	0	0	0	0	0	0	0	0	0	0	0	0	0	0	0	
450776	Putamen_L	2856	1648	26226	1386	7668	1308	7068	512	5014	390	2330	0	6496	0	16452	604	1090	0	23198	2742	3796	4460	938	110	330	194	1250	1622	29018	176	2732	1060	0	0	0	0	11486	0	2444	0	1056	0	0	0	0	0	0	0	0	0	0	0	0	0	2936	0	760	150	0	0	0	0	0	138	0	0	0	0	3108	0	20748	5582	0	1880	8360	0	4940	338	474	0	1782	0	4020	0	366	0	244	0	1796	0	0	0	0	0	0	0	0	0	0	0	0	0	0	0	0	0	0	0	0	106	0	0	0	0	0	0	
375052	Putamen_R	0	4152	238	12848	366	1936	0	6380	108	520	0	4264	162	2546	400	8138	0	2892	3136	11746	1560	3026	90	2328	0	496	216	642	320	22832	1614	7370	0	142	0	0	138	18124	122	11462	0	1828	0	0	0	0	0	200	0	0	0	0	0	552	0	11160	0	380	0	0	0	0	0	94	0	136	0	96	186	0	3766	20784	1880	0	192	3498	0	1910	0	0	0	1724	0	2916	0	580	0	0	0	3622	0	508	0	0	0	0	0	540	0	660	0	0	0	0	0	0	0	0	0	0	0	0	0	0	0	0	
61808	Pallidum_L	938	446	3800	496	0	0	0	0	0	0	0	0	0	0	0	0	0	0	5230	498	0	294	0	0	0	0	0	0	116	86	0	0	0	0	0	0	1370	0	0	0	0	0	0	0	0	0	0	0	0	0	0	0	0	0	0	0	86	152	0	0	0	0	0	164	0	0	0	0	2304	0	2412	484	8360	192	0	0	3328	148	0	0	0	0	0	0	0	0	0	0	0	0	0	0	0	0	0	0	0	0	0	0	0	0	0	0	0	0	0	0	0	0	0	0	0	0	0	0	
28372	Pallidum_R	0	486	0	1368	0	0	0	242	0	0	0	370	0	0	0	0	0	630	0	1008	0	0	0	0	0	0	0	0	0	184	0	158	0	0	0	0	0	1502	0	1486	0	0	0	0	0	0	0	0	0	0	0	0	0	0	0	1112	0	0	0	0	0	0	0	0	0	0	0	0	0	0	156	1242	0	3498	0	0	0	0	0	0	0	176	0	0	0	0	0	0	0	200	0	114	0	0	0	0	0	106	0	148	0	0	0	0	0	0	0	0	0	0	0	0	0	0	0	0	
145636	Thalamus_L	6456	1278	8274	814	0	0	834	0	0	0	164	0	156	0	154	0	140	0	6714	960	0	0	0	0	0	0	0	0	6116	0	0	0	0	246	0	0	8290	0	808	0	0	0	0	0	0	0	272	0	0	0	0	0	88	0	654	0	1018	324	0	0	784	0	420	228	0	0	0	0	4810	456	9776	488	4940	0	3328	0	0	732	1666	0	208	0	0	0	192	0	0	0	1030	0	0	0	0	0	0	0	0	0	0	0	0	0	0	0	0	0	0	0	0	0	0	0	0	0	0	0	
181404	Thalamus_R	872	13176	136	18988	0	0	0	1196	0	0	0	374	212	0	212	294	0	140	330	13870	0	0	0	136	0	0	0	0	238	282	0	354	0	950	698	310	1986	4038	1464	1866	0	0	0	0	0	0	0	316	0	0	0	0	0	0	156	452	692	714	0	0	0	0	0	0	0	0	108	638	202	1928	760	19392	338	1910	148	0	732	0	0	0	0	0	0	0	0	0	0	0	0	0	0	0	0	0	0	0	0	94	0	0	0	0	0	0	0	0	0	0	0	0	0	0	0	0	0	0	
101884	Heschl_L	5014	370	2442	408	0	0	1008	92	0	0	1052	0	0	0	0	0	3672	0	1560	546	0	0	0	0	0	0	0	0	9710	0	0	0	0	0	0	0	3814	0	262	0	0	0	170	0	0	0	0	0	0	0	810	0	476	0	1046	0	2102	0	216	0	148	0	530	0	0	0	122	0	154	0	566	134	474	0	0	0	1666	0	0	0	7036	0	0	0	4222	0	0	0	1120	0	0	0	0	0	0	0	0	0	0	0	0	0	0	0	0	0	0	0	0	0	0	0	0	0	0	0	
21612	Heschl_R	0	292	0	248	0	0	0	0	0	0	0	0	0	0	0	0	0	714	0	488	0	0	0	0	0	0	0	0	0	2292	0	0	0	380	0	0	0	0	0	0	0	0	0	0	0	0	0	0	0	0	0	0	0	0	0	0	0	570	0	0	0	0	0	0	0	0	0	0	144	528	0	0	0	0	0	0	0	0	0	0	0	3936	0	0	0	1214	0	0	0	0	0	0	0	0	0	0	0	0	0	0	0	0	0	0	0	0	0	0	0	0	0	0	0	0	0	0	
243092	Temporal_Sup_L	6000	0	2858	0	0	0	498	0	0	0	4194	0	462	0	0	0	9700	0	2702	0	0	0	0	0	0	0	0	0	14114	0	0	0	0	0	0	0	2416	0	148	0	1084	0	510	0	208	0	162	0	154	0	4346	0	334	0	2878	0	4708	0	2926	0	2990	0	4928	0	1552	0	686	0	292	0	100	0	1782	0	0	0	208	0	7036	0	0	0	3316	0	25854	0	0	0	12400	0	0	0	0	0	0	0	0	0	0	0	0	0	0	0	0	0	0	0	0	0	0	0	0	0	0	0	
98684	Temporal_Sup_R	0	1290	0	600	0	0	0	0	0	0	0	0	0	0	0	0	0	2750	120	1890	0	0	0	0	0	0	0	0	0	4914	0	0	0	1960	0	0	0	1052	0	576	0	0	0	0	0	0	0	82	0	0	0	142	0	0	0	708	0	2846	0	0	0	0	0	3884	0	2718	0	746	834	2290	0	0	0	1724	0	176	0	0	0	3936	0	0	0	1082	0	10674	0	760	0	1588	0	0	0	0	0	0	0	0	0	0	0	0	0	0	0	0	0	0	0	0	0	0	0	0	0	0	
132236	Temporal_Pole_Sup_L	0	0	1926	0	2104	0	0	0	1136	0	2774	0	150	0	7988	0	2642	0	1568	0	1700	160	0	0	0	0	240	92	8924	0	0	0	0	0	0	0	1000	0	1800	0	1578	0	0	0	0	0	0	0	0	0	0	0	0	0	3592	0	0	0	0	0	0	0	0	0	0	0	0	0	0	0	870	102	4020	0	0	0	0	0	0	0	3316	0	0	0	6070	0	4740	0	7626	0	0	0	0	0	0	0	0	0	0	0	0	0	0	0	0	0	0	0	0	0	0	0	0	0	0	0	
80196	Temporal_Pole_Sup_R	0	404	0	1468	0	0	0	534	0	0	0	3026	0	94	0	1662	0	3392	408	2086	0	496	0	0	0	0	0	0	0	6552	0	0	0	0	0	0	0	1440	0	1628	0	1862	0	0	0	0	0	0	0	0	0	0	0	0	0	4818	0	0	0	0	0	0	0	0	0	0	0	0	0	0	0	134	0	2916	0	0	0	0	0	0	0	1082	0	0	0	972	0	2668	0	2456	0	0	0	0	0	0	0	0	0	0	0	0	0	0	0	0	0	0	0	0	0	0	0	0	0	0	
351476	Temporal_Mid_L	3930	0	290	0	0	0	96	0	0	0	394	0	0	0	474	0	2724	0	238	0	0	0	0	0	0	0	0	0	5216	0	0	0	0	0	336	0	836	0	206	0	0	0	2504	0	728	0	746	0	2350	0	27180	0	5152	0	2514	0	1802	0	10594	0	8820	0	6126	0	13930	0	2332	0	666	0	0	0	366	0	0	0	192	0	4222	0	25854	0	6070	0	0	0	3768	0	35082	0	0	0	0	0	0	0	0	0	0	0	0	0	0	0	0	0	0	0	0	0	0	0	0	0	0	0	
186084	Temporal_Mid_R	0	1292	0	324	0	0	0	0	0	0	0	0	0	0	0	0	0	0	0	1030	0	0	0	0	0	0	0	0	0	2564	0	0	0	1190	0	382	0	1154	0	396	0	0	82	3174	0	2398	0	782	0	5604	0	11392	0	1626	0	2790	0	2718	0	526	0	0	0	904	0	7452	1330	9946	642	1706	0	0	0	580	0	0	0	0	0	1214	0	10674	0	972	0	0	0	1384	0	16814	0	0	0	0	0	0	0	0	0	0	0	0	0	0	0	0	0	0	0	0	0	0	0	0	0	0	
35300	Temporal_Pole_Mid_L	0	0	0	0	0	0	0	0	0	0	0	0	0	0	416	0	0	0	0	0	0	0	0	0	0	0	0	0	0	0	0	0	0	0	0	0	514	0	1368	0	924	0	0	0	0	0	0	0	0	0	0	0	0	0	1760	0	0	0	0	0	0	0	0	0	0	0	0	0	0	0	0	0	244	0	0	0	0	0	0	0	0	0	4740	0	3768	0	0	0	3916	0	0	0	0	0	0	0	0	0	0	0	0	0	0	0	0	0	0	0	0	0	0	0	0	0	0	0	
18064	Temporal_Pole_Mid_R	0	0	0	0	0	0	0	0	0	0	0	0	0	0	0	0	0	0	0	0	0	0	0	0	0	0	0	0	0	0	0	0	0	0	0	0	0	0	0	200	0	0	0	0	0	0	0	0	0	0	0	0	0	0	0	2016	0	0	0	0	0	0	0	0	0	0	0	0	0	0	0	0	0	0	0	0	0	0	0	0	0	760	0	2668	0	1384	0	0	0	2004	0	0	0	0	0	0	0	0	0	0	0	0	0	0	0	0	0	0	0	0	0	0	0	0	0	0	
341200	Temporal_Inf_L	5024	0	1112	0	0	0	0	0	0	0	254	0	0	0	766	0	398	0	1080	0	0	0	0	0	0	0	0	0	8970	0	0	0	0	186	494	320	11096	248	2588	0	918	0	2184	0	240	0	582	0	434	0	10250	0	8204	0	23988	86	2616	86	6788	0	6116	0	798	0	2412	0	1482	0	816	120	0	0	1796	0	0	0	1030	0	1120	0	12400	0	7626	0	35082	0	3916	0	0	0	4158	0	840	0	0	0	204	0	1256	0	250	0	266	0	0	0	0	0	0	0	0	0	0	0	0	0	
201148	Temporal_Inf_R	0	1216	0	938	0	0	0	274	0	0	0	354	0	168	0	0	0	94	130	624	0	0	0	0	0	0	0	0	0	2200	0	154	0	400	218	1002	0	8046	148	4876	0	0	86	3408	0	1318	0	2442	0	1538	0	2380	254	8898	232	21454	0	578	0	250	0	0	0	636	0	684	832	4534	122	426	0	0	0	3622	0	200	0	0	0	0	0	1588	0	2456	0	16814	0	2004	0	0	0	2024	0	0	0	0	0	0	0	952	0	0	0	0	0	0	0	0	0	0	0	0	0	0	0	0	
523772	Cerebelum_Crus1_L	130	0	0	0	0	0	0	0	0	0	0	0	0	0	0	0	0	0	0	0	0	0	0	0	0	0	0	0	0	0	0	0	0	0	0	0	478	0	844	0	0	0	168	0	84	0	11688	5102	0	0	228	0	628	0	18212	3898	0	0	0	0	0	0	0	0	0	0	164	0	0	0	0	0	0	0	0	0	0	0	0	0	0	0	0	0	0	0	0	0	4158	0	0	8894	34720	1184	800	208	25966	8702	52710	10686	11102	0	13786	660	1398	474	88	0	332	872	15942	11612	11786	2970	736	476	
690492	Cerebelum_Crus1_R	0	0	0	112	0	0	0	0	0	0	0	0	0	0	0	0	0	0	0	94	0	0	0	0	0	0	0	0	0	134	0	0	0	0	0	0	0	1200	0	3148	0	0	146	154	138	0	3828	8962	0	112	0	116	0	658	898	20674	0	0	0	0	0	0	0	0	0	0	0	184	0	0	0	0	0	508	0	114	0	0	0	0	0	0	0	0	0	0	0	0	0	2024	8894	0	6578	30378	566	7510	5906	44306	10302	81454	852	1474	2826	14432	138	3246	0	0	312	3672	22608	19946	21884	7088	6882	788	
387972	Cerebelum_Crus2_L	0	0	0	0	0	0	0	0	0	0	0	0	0	0	0	0	0	0	0	0	0	0	0	0	0	0	0	0	0	0	0	0	0	0	0	0	140	0	244	0	0	0	0	0	0	0	1108	960	0	0	0	0	0	0	3700	874	0	0	0	0	0	0	0	0	0	0	0	0	0	0	0	0	0	0	0	0	0	0	0	0	0	0	0	0	0	0	0	0	840	0	34720	6578	0	9346	612	160	6398	3468	14434	5840	30898	3472	25474	5486	2742	1294	0	0	302	614	6800	6524	9832	8716	1958	452	
391568	Cerebelum_Crus2_R	0	0	0	0	0	0	0	0	0	0	0	0	0	0	0	0	0	0	0	0	0	0	0	0	0	0	0	0	0	0	0	0	0	0	0	0	0	0	0	250	0	0	0	0	0	0	278	412	0	0	0	0	0	0	0	942	0	0	0	0	0	0	0	0	0	0	0	0	0	0	0	0	0	0	0	0	0	0	0	0	0	0	0	0	0	0	0	0	0	0	1184	30378	9346	0	332	2280	2030	8734	1326	21660	6130	18578	7170	32772	240	5214	0	624	656	2308	6076	4806	12980	12276	5936	866	
71056	Cerebelum_3_L	0	0	0	0	0	0	0	0	0	0	0	0	0	0	0	0	0	0	0	0	0	0	0	0	0	0	0	0	0	0	0	0	0	0	0	0	176	100	350	220	0	0	0	0	0	0	206	0	0	0	0	0	0	0	356	198	0	0	0	0	0	0	0	0	0	0	0	0	0	0	0	0	0	0	0	0	0	0	0	0	0	0	0	0	0	0	0	0	0	0	800	566	612	332	0	1678	8366	824	2262	694	988	0	2160	984	1520	1494	0	0	1538	5672	1132	210	0	644	1266	180	
125496	Cerebelum_3_R	0	0	0	0	0	0	0	0	0	0	0	0	0	0	0	0	0	0	0	0	0	0	0	0	0	0	0	0	0	0	0	0	0	0	0	0	0	536	0	1696	0	106	0	0	0	0	0	356	0	0	0	0	0	0	0	1348	0	0	0	0	0	0	0	0	0	0	0	0	0	0	0	0	0	0	0	0	0	0	0	0	0	0	0	0	0	0	0	0	0	0	208	7510	160	2280	1678	0	824	11020	202	9254	194	130	610	4218	118	3978	0	0	582	7664	2276	394	284	1428	3470	224	
476304	Cerebelum_4_5_L	0	0	0	0	0	0	0	0	0	0	0	0	0	0	0	0	0	0	0	0	0	0	0	0	0	0	0	0	0	0	0	0	0	0	0	0	1758	0	4248	0	156	0	0	0	0	0	13682	4324	0	0	0	0	0	0	12936	3856	0	0	0	0	0	0	0	0	0	0	240	0	0	0	0	0	0	0	0	0	0	0	0	0	0	0	0	0	0	0	0	0	204	0	25966	5906	6398	2030	8366	824	0	12544	43036	9658	5194	0	13392	2292	5868	2088	84	0	2926	5636	27066	5840	2754	2660	3654	2566	
571648	Cerebelum_4_5_R	0	0	0	94	0	0	0	0	0	0	0	0	0	0	0	0	0	0	0	110	0	0	0	0	0	0	0	0	0	162	0	0	0	0	0	90	0	2050	0	5522	0	562	0	188	0	0	3604	11524	0	0	0	0	0	0	1598	15954	0	0	0	0	0	0	0	0	0	0	0	846	0	0	0	0	0	540	0	106	0	94	0	0	0	0	0	0	0	0	0	0	0	0	8702	44306	3468	8734	824	11020	12544	0	9480	55448	1076	0	4264	8592	506	3774	0	100	718	7298	30522	9816	8472	6546	5386	1184	
543368	Cerebelum_6_L	0	0	0	0	0	0	0	0	0	0	0	0	0	0	0	0	0	0	0	0	0	0	0	0	0	0	0	0	88	0	0	0	0	0	0	0	808	0	2566	0	0	0	410	0	252	0	17508	6064	0	0	424	0	928	0	23578	4444	0	0	0	0	0	0	0	0	0	0	192	0	0	0	0	0	0	0	0	0	0	0	0	0	0	0	0	0	0	0	0	0	1256	0	52710	10302	14434	1326	2262	202	43036	9480	0	12580	4596	0	9000	932	1754	580	220	0	304	658	19732	13950	11698	2164	710	536	
777280	Cerebelum_6_R	0	0	0	118	0	0	0	0	0	0	0	0	0	0	0	0	0	0	0	94	0	0	0	0	0	0	0	0	0	166	0	0	0	0	0	0	0	1588	0	3900	0	116	170	126	156	0	4574	11962	0	0	0	0	0	804	1106	22626	0	0	0	0	0	0	0	0	0	0	0	152	0	0	0	0	0	660	0	148	0	0	0	0	0	0	0	0	0	0	0	0	0	952	10686	81454	5840	21660	694	9254	9658	55448	12580	0	1214	1706	4412	17154	420	4960	0	354	1138	6070	31526	23090	21082	7720	8948	2154	
316980	Cerebelum_7b_L	0	0	0	0	0	0	0	0	0	0	0	0	0	0	0	0	0	0	0	0	0	0	0	0	0	0	0	0	0	0	0	0	0	0	0	0	484	0	698	0	0	0	0	0	0	0	134	396	0	0	0	0	0	0	1738	424	0	0	0	0	0	0	0	0	0	0	0	0	0	0	0	0	0	0	0	0	0	0	0	0	0	0	0	0	0	0	0	0	250	0	11102	852	30898	6130	988	194	5194	1076	4596	1214	0	4274	43406	10642	6616	2554	532	0	414	920	2168	1474	2254	13762	2842	264	
141312	Cerebelum_7b_R	0	0	0	0	0	0	0	0	0	0	0	0	0	0	0	0	0	0	0	0	0	0	0	0	0	0	0	0	0	0	0	0	0	0	0	0	0	0	0	0	0	0	0	0	0	0	0	0	0	0	0	0	0	0	0	0	0	0	0	0	0	0	0	0	0	0	0	0	0	0	0	0	0	0	0	0	0	0	0	0	0	0	0	0	0	0	0	0	0	0	0	1474	3472	18578	0	130	0	0	0	1706	4274	0	5768	25574	0	1610	0	282	0	124	0	0	974	5554	1136	0	
470616	Cerebelum_8_L	0	0	0	0	0	0	0	0	0	0	0	0	0	0	0	0	0	0	0	0	0	0	0	0	0	0	0	0	0	0	0	0	0	0	0	0	618	0	992	0	0	0	0	0	0	0	398	1070	0	0	0	0	0	0	1748	1110	0	0	0	0	0	0	0	0	0	0	0	0	0	0	0	0	0	0	0	0	0	0	0	0	0	0	0	0	0	0	0	0	266	0	13786	2826	25474	7170	2160	610	13392	4264	9000	4412	43406	5768	0	15426	22498	5080	1610	0	1962	3518	9108	5594	4826	19688	6154	1374	
454232	Cerebelum_8_R	0	0	0	0	0	0	0	0	0	0	0	0	0	0	0	0	0	0	0	0	0	0	0	0	0	0	0	0	0	0	0	0	0	0	0	0	0	292	0	938	0	0	0	0	0	0	0	152	0	0	0	0	0	0	0	1322	0	0	0	0	0	0	0	0	0	0	0	0	0	0	0	0	0	0	0	0	0	0	0	0	0	0	0	0	0	0	0	0	0	0	660	14432	5486	32772	984	4218	2292	8592	932	17154	10642	25574	15426	0	1002	24548	0	2908	1048	4480	6018	3464	3180	20954	15392	2254	
133704	Cerebelum_9_L	0	0	0	0	0	0	0	0	0	0	0	0	0	0	0	0	0	0	0	0	0	0	0	0	0	0	0	0	0	0	0	0	0	0	0	0	290	0	500	0	0	0	0	0	0	0	0	0	0	0	0	0	0	0	686	0	0	0	0	0	0	0	0	0	0	0	0	0	0	0	0	0	0	0	0	0	0	0	0	0	0	0	0	0	0	0	0	0	0	0	1398	138	2742	240	1520	118	5868	506	1754	420	6616	0	22498	1002	0	2944	4266	0	770	1344	2300	794	88	2040	4456	1554	
227860	Cerebelum_9_R	0	0	0	0	0	0	0	0	0	0	0	0	0	0	0	0	0	0	0	0	0	0	0	0	0	0	0	0	0	0	0	0	0	0	0	0	0	200	0	618	0	0	0	0	0	0	0	0	0	0	0	0	0	0	0	662	0	0	0	0	0	0	0	0	0	0	0	0	0	0	0	0	0	0	0	0	0	0	0	0	0	0	0	0	0	0	0	0	0	0	474	3246	1294	5214	1494	3978	2088	3774	580	4960	2554	1610	5080	24548	2944	0	0	3600	2056	5256	4182	2526	656	8402	16188	5746	
13600	Cerebelum_10_L	0	0	0	0	0	0	0	0	0	0	0	0	0	0	0	0	0	0	0	0	0	0	0	0	0	0	0	0	0	0	0	0	0	0	0	0	0	0	0	0	0	0	0	0	0	0	0	0	0	0	0	0	0	0	0	0	0	0	0	0	0	0	0	0	0	0	0	0	0	0	0	0	0	0	0	0	0	0	0	0	0	0	0	0	0	0	0	0	0	0	88	0	0	0	0	0	84	0	220	0	532	0	1610	0	4266	0	0	0	0	0	0	0	0	0	0	0	
16908	Cerebelum_10_R	0	0	0	0	0	0	0	0	0	0	0	0	0	0	0	0	0	0	0	0	0	0	0	0	0	0	0	0	0	0	0	0	0	0	0	0	0	0	0	0	0	0	0	0	0	0	0	0	0	0	0	0	0	0	0	0	0	0	0	0	0	0	0	0	0	0	0	0	0	0	0	0	0	0	0	0	0	0	0	0	0	0	0	0	0	0	0	0	0	0	0	0	0	624	0	0	0	100	0	354	0	282	0	2908	0	3600	0	0	0	0	0	0	0	0	488	98	
61880	Vermis_1_2	0	0	0	0	0	0	0	0	0	0	0	0	0	0	0	0	0	0	0	0	0	0	0	0	0	0	0	0	0	0	0	0	0	0	0	0	0	0	94	0	0	0	0	0	0	0	0	0	0	0	0	0	0	0	0	0	0	0	0	0	0	0	0	0	0	0	0	0	0	0	0	0	0	0	0	0	0	0	0	0	0	0	0	0	0	0	0	0	0	0	332	312	302	656	1538	582	2926	718	304	1138	414	0	1962	1048	770	2056	0	0	0	7362	3992	586	132	784	2148	784	
