data	data	558912	376380	1.03263e+06	917352	136140	185252	607916	352716	100120	32496	266804	293400	279888	178624	171572	85640	318624	152264	817220	762284	93108	96676	444296	524512	58624	174236	52756	73344	740080	371416	421708	690620	252032	610880	77676	99416	271384	261856	99860	166712	46664	46500	83452	164616	109684	132244	221092	184144	103232	166388	273428	118956	81220	29068	364724	265040	333872	250876	93548	80516	187112	108808	102644	81976	97772	111508	175916	215856	239276	181560	366788	548664	503648	419384	69888	27004	165256	187200	90004	23008	204220	104528	79864	36448	182448	115972	14932	1888	183704	84412	433088	398424	262576	244484	23428	41880	281360	260324	385936	375044	146496	119648	183148	232936	67600	63648	23684	10460	17988	53608	230160	151400	150212	104612	74224	30700	
data	data	Precentral_L	Precentral_R	Frontal_Sup_L	Frontal_Sup_R	Frontal_Sup_Orb_L	Frontal_Sup_Orb_R	Frontal_Mid_L	Frontal_Mid_R	Frontal_Mid_Orb_L	Frontal_Mid_Orb_R	Frontal_Inf_Oper_L	Frontal_Inf_Oper_R	Frontal_Inf_Tri_L	Frontal_Inf_Tri_R	Frontal_Inf_Orb_L	Frontal_Inf_Orb_R	Rolandic_Oper_L	Rolandic_Oper_R	Supp_Motor_Area_L	Supp_Motor_Area_R	Olfactory_L	Olfactory_R	Frontal_Sup_Medial_L	Frontal_Sup_Medial_R	Frontal_Med_Orb_L	Frontal_Med_Orb_R	Rectus_L	Rectus_R	Insula_L	Insula_R	Cingulum_Ant_L	Cingulum_Ant_R	Cingulum_Mid_L	Cingulum_Mid_R	Cingulum_Post_L	Cingulum_Post_R	Hippocampus_L	Hippocampus_R	ParaHippocampal_L	ParaHippocampal_R	Amygdala_L	Amygdala_R	Calcarine_L	Calcarine_R	Cuneus_L	Cuneus_R	Lingual_L	Lingual_R	Occipital_Sup_L	Occipital_Sup_R	Occipital_Mid_L	Occipital_Mid_R	Occipital_Inf_L	Occipital_Inf_R	Fusiform_L	Fusiform_R	Postcentral_L	Postcentral_R	Parietal_Sup_L	Parietal_Sup_R	Parietal_Inf_L	Parietal_Inf_R	SupraMarginal_L	SupraMarginal_R	Angular_L	Angular_R	Precuneus_L	Precuneus_R	Paracentral_Lobule_L	Paracentral_Lobule_R	Caudate_L	Caudate_R	Putamen_L	Putamen_R	Pallidum_L	Pallidum_R	Thalamus_L	Thalamus_R	Heschl_L	Heschl_R	Temporal_Sup_L	Temporal_Sup_R	Temporal_Pole_Sup_L	Temporal_Pole_Sup_R	Temporal_Mid_L	Temporal_Mid_R	Temporal_Pole_Mid_L	Temporal_Pole_Mid_R	Temporal_Inf_L	Temporal_Inf_R	Cerebelum_Crus1_L	Cerebelum_Crus1_R	Cerebelum_Crus2_L	Cerebelum_Crus2_R	Cerebelum_3_L	Cerebelum_3_R	Cerebelum_4_5_L	Cerebelum_4_5_R	Cerebelum_6_L	Cerebelum_6_R	Cerebelum_7b_L	Cerebelum_7b_R	Cerebelum_8_L	Cerebelum_8_R	Cerebelum_9_L	Cerebelum_9_R	Cerebelum_10_L	Cerebelum_10_R	Vermis_1_2	Vermis_3	Vermis_4_5	Vermis_6	Vermis_7	Vermis_8	Vermis_9	Vermis_10	
558912	Precentral_L	0	230	23482	306	0	0	31066	0	0	0	18168	0	2840	0	0	0	17984	0	14082	5142	0	0	0	148	0	0	0	0	30258	0	360	550	1116	4188	0	0	12278	0	1444	0	186	0	0	0	0	0	0	0	0	0	1078	0	112	0	1100	0	32850	180	506	0	1314	0	1276	0	424	0	298	0	27384	1654	3794	218	8980	0	1610	0	17974	0	9468	0	3712	0	236	0	708	0	0	0	752	0	0	0	0	0	0	0	0	0	0	0	0	0	0	0	0	0	0	0	0	0	0	0	0	0	0	0	
376380	Precentral_R	230	0	2344	17556	0	160	126	12750	0	0	0	16938	0	520	0	0	0	5088	2628	8964	0	0	302	516	0	162	0	0	278	9282	0	778	734	3956	904	1784	0	7866	0	2930	0	0	0	618	0	678	0	0	0	1382	0	718	354	0	1506	956	916	35462	0	386	0	956	0	650	0	976	420	4222	2874	9610	1022	5166	272	10010	0	788	160	9670	0	370	0	174	0	192	0	0	0	0	564	0	0	0	0	0	0	0	0	322	0	0	0	0	0	0	0	0	0	0	0	0	0	0	0	0	0	0	
1.03263e+06	Frontal_Sup_L	23482	2344	0	10964	4868	152	81460	4786	3582	0	11010	474	14790	134	5076	0	10836	118	92794	17440	0	0	48436	8372	1518	200	0	0	37262	452	20350	6820	11750	7330	0	0	6300	94	1004	0	486	0	0	0	0	0	0	0	0	0	0	0	0	0	558	0	5848	0	0	0	0	0	0	0	0	0	0	0	466	0	15478	562	39600	838	6272	0	6492	250	1542	0	3154	0	416	0	156	0	0	0	0	0	0	0	0	0	0	0	0	0	0	0	0	0	0	0	0	0	0	0	0	0	0	0	0	0	0	0	
917352	Frontal_Sup_R	306	17556	10964	0	0	10252	532	44576	0	1968	566	12628	216	9788	0	6498	132	4114	20138	55680	0	0	12998	54546	0	7424	0	0	244	17330	9008	48548	3854	32326	0	0	0	3942	0	1354	0	0	0	0	0	0	0	0	0	0	0	0	0	0	0	302	0	600	0	0	0	214	0	0	0	178	0	0	0	144	1314	33350	332	22308	0	998	110	11338	0	0	0	0	0	0	0	0	0	0	0	0	0	0	0	0	0	0	0	0	0	0	0	0	0	0	0	0	0	0	0	0	0	0	0	0	0	0	
136140	Frontal_Sup_Orb_L	0	0	4868	0	0	0	3600	0	11812	0	146	0	3198	0	9612	0	0	0	662	0	1208	0	3666	108	5396	0	4816	0	5730	0	4466	0	0	0	0	0	0	0	188	0	268	0	0	0	0	0	0	0	0	0	0	0	0	0	0	0	0	0	0	0	0	0	0	0	0	0	0	0	0	0	398	0	7682	0	0	0	0	0	0	0	0	0	246	0	0	0	0	0	0	0	0	0	0	0	0	0	0	0	0	0	0	0	0	0	0	0	0	0	0	0	0	0	0	0	0	0	
185252	Frontal_Sup_Orb_R	0	160	152	10252	0	0	0	3470	0	6296	122	652	0	1028	0	4116	0	0	600	2068	510	1838	292	8720	106	13562	266	9676	0	1280	1972	7538	0	760	0	0	0	0	0	0	0	114	0	0	0	0	0	0	0	0	0	0	0	0	0	0	0	0	0	0	0	0	0	0	0	0	0	0	0	0	670	10408	0	5998	0	0	0	0	0	0	0	0	0	0	0	0	0	0	0	0	0	0	0	0	0	0	0	0	0	0	0	0	0	0	0	0	0	0	0	0	0	0	0	0	0	0	
607916	Frontal_Mid_L	31066	126	81460	532	3600	0	0	190	6788	0	15258	178	37288	112	9780	0	5850	0	19614	2932	0	0	10374	662	0	0	0	0	30820	0	3748	1180	2666	2724	0	0	5738	0	898	0	0	0	0	0	0	0	0	0	0	0	0	0	0	0	220	0	2834	0	0	0	0	0	134	0	0	0	0	0	98	0	5124	350	12422	608	3536	0	2410	0	1684	0	954	0	0	0	0	0	0	0	0	0	0	0	0	0	0	0	0	0	0	0	0	0	0	0	0	0	0	0	0	0	0	0	0	0	0	0	
352716	Frontal_Mid_R	0	12750	4786	44576	0	3470	190	0	0	1236	448	18130	248	15374	0	2552	0	3234	5852	3944	0	0	1538	10752	0	1610	0	0	446	8130	2032	8844	478	5414	0	0	0	854	0	452	0	0	0	0	0	0	0	0	0	0	0	0	0	0	0	136	0	198	0	0	0	0	0	0	0	0	0	0	0	0	2138	7830	360	7190	0	118	0	776	0	0	0	0	0	272	0	0	0	0	0	0	0	0	0	0	0	0	0	0	0	0	0	0	0	0	0	0	0	0	0	0	0	0	0	0	0	0	
100120	Frontal_Mid_Orb_L	0	0	3582	0	11812	0	6788	0	0	0	132	0	5744	0	11564	0	0	0	376	0	0	0	122	0	200	0	3476	0	4448	0	0	0	0	0	0	0	0	0	0	0	0	0	0	0	0	0	0	0	0	0	0	0	0	0	0	0	0	0	0	0	0	0	0	0	0	0	0	0	0	0	218	0	1420	0	0	0	0	0	0	0	0	0	178	0	0	0	0	0	0	0	0	0	0	0	0	0	0	0	0	0	0	0	0	0	0	0	0	0	0	0	0	0	0	0	0	0	
32496	Frontal_Mid_Orb_R	0	0	0	1968	0	6296	0	1236	0	0	0	0	0	528	0	4144	0	0	0	0	0	132	0	0	0	124	0	762	0	388	0	100	0	0	0	0	0	0	0	0	0	0	0	0	0	0	0	0	0	0	0	0	0	0	0	0	0	0	0	0	0	0	0	0	0	0	0	0	0	0	0	390	0	180	0	0	0	0	0	0	0	0	0	0	0	0	0	0	0	0	0	0	0	0	0	0	0	0	0	0	0	0	0	0	0	0	0	0	0	0	0	0	0	0	0	0	
266804	Frontal_Inf_Oper_L	18168	0	11010	566	146	122	15258	448	132	0	0	318	16330	168	454	0	11986	0	8542	0	0	0	0	424	0	134	0	0	18234	0	600	638	168	282	0	0	152	0	0	0	0	0	0	0	0	0	0	0	0	0	0	0	0	0	0	0	5560	0	0	0	0	0	298	0	0	0	0	0	0	0	11668	1444	3864	1194	0	0	0	0	250	0	2580	0	1936	0	328	0	0	0	0	0	0	0	0	0	0	0	0	0	0	0	0	0	0	0	0	0	0	0	0	0	0	0	0	0	0	0	
293400	Frontal_Inf_Oper_R	0	16938	474	12628	0	652	178	18130	0	0	318	0	366	15064	0	1194	0	10434	522	6864	0	0	124	1474	0	576	0	0	422	24326	1242	4886	0	1784	0	0	0	2388	0	1718	0	0	0	0	0	0	0	0	0	0	0	0	0	0	0	556	0	3372	0	0	0	0	0	0	0	0	0	0	0	0	1824	5874	158	9836	0	262	0	870	0	294	0	186	0	502	0	0	0	0	0	0	0	0	0	0	0	0	0	264	0	0	0	0	0	0	0	0	0	0	0	0	0	0	0	0	0	0	
279888	Frontal_Inf_Tri_L	2840	0	14790	216	3198	0	37288	248	5744	0	16330	366	0	292	12266	0	384	0	5162	118	0	0	172	160	0	0	0	0	23276	108	1714	582	342	190	0	0	0	0	0	0	0	0	0	0	0	0	0	0	0	0	0	0	0	0	0	0	830	0	0	0	0	0	0	0	0	0	0	0	0	0	7158	992	3100	1264	0	0	0	0	0	0	0	0	814	0	0	0	0	0	0	0	0	0	0	0	0	0	0	0	0	0	0	0	0	0	0	0	0	0	0	0	0	0	0	0	0	0	
178624	Frontal_Inf_Tri_R	0	520	134	9788	0	1028	112	15374	0	528	168	15064	292	0	0	5528	0	396	294	1882	0	0	250	2314	0	290	0	0	466	14048	1456	6722	136	2228	0	0	0	0	0	0	0	0	0	0	0	0	0	0	0	0	0	0	0	0	0	0	0	132	0	0	0	0	0	0	0	0	0	0	0	0	1548	6664	0	1950	0	0	0	0	0	0	0	0	0	0	0	0	0	0	0	0	0	0	0	0	0	0	0	0	0	0	0	0	0	0	0	0	0	0	0	0	0	0	0	0	0	0	
171572	Frontal_Inf_Orb_L	0	0	5076	0	9612	0	9780	0	11564	0	454	0	12266	0	0	0	0	0	2028	0	1870	0	0	0	0	0	744	0	20510	0	0	0	0	0	0	0	112	0	266	0	278	0	0	0	0	0	0	0	0	0	0	0	0	0	0	0	0	0	0	0	0	0	0	0	0	0	0	0	0	0	684	0	7344	0	0	0	0	0	0	0	0	0	3198	0	0	0	0	0	0	0	0	0	0	0	0	0	0	0	0	0	0	0	0	0	0	0	0	0	0	0	0	0	0	0	0	0	
85640	Frontal_Inf_Orb_R	0	0	0	6498	0	4116	0	2552	0	4144	0	1194	0	5528	0	0	0	0	96	350	0	628	0	1112	0	228	0	942	0	7174	0	1078	0	998	0	0	0	0	0	0	0	320	0	0	0	0	0	0	0	0	0	0	0	0	0	0	0	0	0	0	0	0	0	0	0	0	0	0	0	0	0	3062	0	2800	0	0	0	0	0	0	0	0	0	0	0	0	0	0	0	0	0	0	0	0	0	0	0	0	0	0	0	0	0	0	0	0	0	0	0	0	0	0	0	0	0	0	
318624	Rolandic_Oper_L	17984	0	10836	132	0	0	5850	0	0	0	11986	0	384	0	0	0	0	0	6742	0	0	0	0	118	0	0	0	0	34738	0	138	224	0	136	0	0	2362	0	0	0	0	0	0	0	176	0	0	0	166	0	2638	0	830	0	1736	0	19666	0	220	0	1220	0	5386	0	220	0	258	0	0	0	5460	248	6556	0	1538	0	178	0	3230	0	13206	0	1498	0	2266	0	0	0	986	0	0	0	0	0	0	0	0	0	0	0	0	0	0	0	0	0	0	0	0	0	0	0	0	0	0	0	
152264	Rolandic_Oper_R	0	5088	118	4114	0	0	0	3234	0	0	0	10434	0	396	0	0	0	0	154	1860	0	0	0	0	0	0	0	0	0	19768	160	332	0	500	0	0	0	2448	0	1034	0	0	0	0	0	0	0	0	0	0	0	0	0	0	0	472	0	5472	0	0	0	0	0	3146	0	0	0	0	0	0	0	1248	0	7808	0	890	0	584	0	2168	0	3362	0	1016	0	0	0	0	0	326	0	0	0	0	0	0	0	0	0	0	0	0	0	0	0	0	0	0	0	0	0	0	0	0	0	0	
817220	Supp_Motor_Area_L	14082	2628	92794	20138	662	600	19614	5852	376	0	8542	522	5162	294	2028	96	6742	154	0	52562	0	0	15460	7732	0	616	0	0	21910	608	8068	8430	15336	23954	0	0	1390	102	0	0	342	0	0	0	0	0	0	0	0	0	0	0	0	0	0	0	3476	98	0	0	0	0	0	0	0	0	0	0	7394	532	14388	1894	22444	1592	1908	144	14722	398	352	0	2154	0	224	0	94	0	0	0	0	0	0	0	0	0	0	0	0	0	0	0	0	0	0	0	0	0	0	0	0	0	0	0	0	0	0	0	
762284	Supp_Motor_Area_R	5142	8964	17440	55680	0	2068	2932	3944	0	0	0	6864	118	1882	0	350	0	1860	52562	0	0	0	4998	13370	0	1944	0	0	496	5990	5984	22118	12032	39200	266	166	176	2180	0	332	0	0	0	276	0	192	0	0	0	278	0	316	0	0	176	0	498	836	0	0	0	526	0	0	0	538	0	650	7048	18084	910	39148	502	4254	0	640	2382	34006	110	0	0	158	0	0	0	556	0	0	0	0	0	0	0	0	0	0	0	0	0	0	0	0	0	0	0	0	0	0	0	0	0	0	0	0	0	0	
93108	Olfactory_L	0	0	0	0	1208	510	0	0	0	0	0	0	0	0	1870	0	0	0	0	0	0	7620	0	0	384	350	2966	2018	3040	0	4082	3854	0	0	0	0	0	0	890	0	620	0	0	0	0	0	0	0	0	0	0	0	0	0	0	0	0	0	0	0	0	0	0	0	0	0	0	0	0	0	8206	4402	3680	0	108	0	0	0	0	0	0	0	746	0	0	0	0	0	0	0	0	0	0	0	0	0	0	0	0	0	0	0	0	0	0	0	0	0	0	0	0	0	0	0	0	0	
96676	Olfactory_R	0	0	0	0	0	1838	0	0	0	132	0	0	0	0	0	628	0	0	0	0	7620	0	0	0	250	1084	2240	4180	0	588	2798	3906	0	0	0	0	0	0	268	184	0	622	0	0	0	0	0	0	0	0	0	0	0	0	0	0	0	0	0	0	0	0	0	0	0	0	0	0	0	0	9462	6482	4694	642	720	0	0	0	0	0	0	0	0	0	0	0	0	0	0	0	0	0	0	0	0	0	0	0	0	0	0	0	0	0	0	0	0	0	0	0	0	0	0	0	0	0	
444296	Frontal_Sup_Medial_L	0	302	48436	12998	3666	292	10374	1538	122	0	0	124	172	250	0	0	0	0	15460	4998	0	0	0	30616	6816	1672	0	154	658	0	24830	17018	15488	19812	0	0	0	0	0	0	0	0	0	0	0	0	0	0	0	0	0	0	0	0	0	0	0	0	0	0	0	0	0	0	0	0	0	0	0	0	548	374	5324	106	0	0	0	0	0	0	0	0	0	0	0	0	0	0	0	0	0	0	0	0	0	0	0	0	0	0	0	0	0	0	0	0	0	0	0	0	0	0	0	0	0	0	
524512	Frontal_Sup_Medial_R	148	516	8372	54546	108	8720	662	10752	0	0	424	1474	160	2314	0	1112	118	0	7732	13370	0	0	30616	0	1736	11326	0	666	246	2750	9802	40190	3822	26024	0	0	0	0	0	0	0	0	0	0	0	0	0	0	0	0	0	0	0	0	0	0	0	0	0	0	0	0	0	0	0	0	0	0	0	0	664	15564	352	7970	0	0	0	0	0	0	0	0	0	0	0	0	0	0	0	0	0	0	0	0	0	0	0	0	0	0	0	0	0	0	0	0	0	0	0	0	0	0	0	0	0	0	
58624	Frontal_Med_Orb_L	0	0	1518	0	5396	106	0	0	200	0	0	0	0	0	0	0	0	0	0	0	384	250	6816	1736	0	2056	972	208	0	0	6770	672	0	0	0	0	0	0	0	0	0	0	0	0	0	0	0	0	0	0	0	0	0	0	0	0	0	0	0	0	0	0	0	0	0	0	0	0	0	0	382	144	1702	0	0	0	0	0	0	0	0	0	0	0	0	0	0	0	0	0	0	0	0	0	0	0	0	0	0	0	0	0	0	0	0	0	0	0	0	0	0	0	0	0	0	0	
174236	Frontal_Med_Orb_R	0	162	200	7424	0	13562	0	1610	0	124	134	576	0	290	0	228	0	0	616	1944	350	1084	1672	11326	2056	0	224	6856	0	592	3598	12190	0	728	0	0	0	0	0	0	0	0	0	0	0	0	0	0	0	0	0	0	0	0	0	0	0	0	0	0	0	0	0	0	0	0	0	0	0	0	644	11376	168	7384	0	0	0	0	0	0	0	0	0	0	0	0	0	0	0	0	0	0	0	0	0	0	0	0	0	0	0	0	0	0	0	0	0	0	0	0	0	0	0	0	0	0	
52756	Rectus_L	0	0	0	0	4816	266	0	0	3476	0	0	0	0	0	744	0	0	0	0	0	2966	2240	0	0	972	224	0	1296	168	0	2660	1548	0	0	0	0	0	0	0	0	0	0	0	0	0	0	0	0	0	0	0	0	0	0	0	0	0	0	0	0	0	0	0	0	0	0	0	0	0	0	2654	602	1746	0	0	0	0	0	0	0	0	0	0	0	0	0	0	0	0	0	0	0	0	0	0	0	0	0	0	0	0	0	0	0	0	0	0	0	0	0	0	0	0	0	0	0	
73344	Rectus_R	0	0	0	0	0	9676	0	0	0	762	0	0	0	0	0	942	0	0	0	0	2018	4180	154	666	208	6856	1296	0	0	260	1232	3094	0	0	0	0	0	0	0	0	0	186	0	0	0	0	0	0	0	0	0	0	0	0	0	0	0	0	0	0	0	0	0	0	0	0	0	0	0	0	1798	2294	380	670	0	0	0	0	0	0	0	0	0	0	0	0	0	0	0	0	0	0	0	0	0	0	0	0	0	0	0	0	0	0	0	0	0	0	0	0	0	0	0	0	0	0	
740080	Insula_L	30258	278	37262	244	5730	0	30820	446	4448	0	18234	422	23276	466	20510	0	34738	0	21910	496	3040	0	658	246	0	0	168	0	0	266	3796	1238	400	352	0	0	14886	0	2030	0	4542	0	0	0	0	0	0	0	0	0	0	0	0	0	4826	0	9926	0	0	0	580	0	3240	0	0	0	0	0	130	0	15406	444	31648	0	1442	0	1684	0	12382	0	14572	0	8776	0	1264	0	140	0	2420	0	0	0	0	0	0	0	0	0	0	0	0	0	0	0	0	0	0	0	0	0	0	0	0	0	0	0	
371416	Insula_R	0	9282	452	17330	0	1280	0	8130	0	388	0	24326	108	14048	0	7174	0	19768	608	5990	0	588	0	2750	0	592	0	260	266	0	386	4370	0	1086	0	0	0	7388	0	3760	0	2408	0	0	0	0	0	0	0	0	0	0	0	0	0	3094	0	5156	0	0	0	0	0	1140	0	0	0	0	0	0	576	6602	0	28826	0	230	0	780	0	1714	0	2210	0	1418	0	0	0	0	0	604	0	0	0	0	0	0	0	620	0	0	0	0	0	0	0	0	0	0	0	0	0	0	0	0	0	0	
421708	Cingulum_Ant_L	360	0	20350	9008	4466	1972	3748	2032	0	0	600	1242	1714	1456	0	0	138	160	8068	5984	4082	2798	24830	9802	6770	3598	2660	1232	3796	386	0	31708	15716	16042	0	0	0	0	0	0	0	0	0	0	0	0	0	0	0	0	0	0	0	0	0	0	0	0	0	0	0	0	0	0	0	0	0	0	0	0	11330	3552	10420	834	0	0	0	0	0	0	0	0	0	0	0	0	0	0	0	0	0	0	0	0	0	0	0	0	0	0	0	0	0	0	0	0	0	0	0	0	0	0	0	0	0	0	
690620	Cingulum_Ant_R	550	778	6820	48548	0	7538	1180	8844	0	100	638	4886	582	6722	0	1078	224	332	8430	22118	3854	3906	17018	40190	672	12190	1548	3094	1238	4370	31708	0	9584	41498	0	0	0	0	0	0	0	0	0	0	0	0	0	0	0	0	0	0	0	0	0	0	0	0	0	0	0	0	0	0	0	0	0	0	292	0	6590	33604	2536	11762	0	166	0	122	0	0	0	0	0	0	0	0	0	0	0	0	0	0	0	0	0	0	0	0	0	0	0	0	0	0	0	0	0	0	0	0	0	0	0	0	0	0	
252032	Cingulum_Mid_L	1116	734	11750	3854	0	0	2666	478	0	0	168	0	342	136	0	0	0	0	15336	12032	0	0	15488	3822	0	0	0	0	400	0	15716	9584	0	19408	2482	260	0	0	0	0	0	0	0	0	0	0	0	0	0	0	0	0	0	0	0	0	0	464	0	0	0	0	0	0	0	0	4110	390	3296	1658	0	148	178	0	0	0	0	0	0	0	0	0	0	0	0	0	0	0	0	0	0	0	0	0	0	0	0	0	0	0	0	0	0	0	0	0	0	0	0	0	0	0	0	0	0	0	
610880	Cingulum_Mid_R	4188	3956	7330	32326	0	760	2724	5414	0	0	282	1784	190	2228	0	998	136	500	23954	39200	0	0	19812	26024	0	728	0	0	352	1086	16042	41498	19408	0	1732	3540	98	0	0	0	0	0	0	414	0	722	0	0	0	582	96	344	362	0	2124	0	1238	3978	0	0	0	0	0	0	0	118	1630	6410	8224	14632	254	3916	262	2152	0	0	546	230	94	0	0	0	0	0	0	0	0	0	822	0	0	0	0	0	0	0	0	0	0	0	0	0	0	0	0	0	0	0	0	0	0	0	0	0	0	0	
77676	Cingulum_Post_L	0	904	0	0	0	0	0	0	0	0	0	0	0	0	0	0	0	0	0	266	0	0	0	0	0	0	0	0	0	0	0	0	2482	1732	0	8790	2668	2320	618	172	0	0	338	0	104	0	868	378	0	0	846	0	1236	0	3928	96	180	922	0	0	0	0	0	0	0	0	4164	2042	792	1644	0	0	0	0	0	0	0	0	0	0	0	0	0	0	260	0	0	0	500	0	0	0	0	0	0	0	0	0	0	0	0	0	0	0	0	0	0	0	0	0	588	0	0	0	0	0	
99416	Cingulum_Post_R	0	1784	0	0	0	0	0	0	0	0	0	0	0	0	0	0	0	0	0	166	0	0	0	0	0	0	0	0	0	0	0	0	260	3540	8790	0	3404	2764	1238	436	0	0	0	288	0	184	1446	756	0	584	0	364	1002	96	1444	236	0	2722	0	1426	0	388	0	0	0	110	1812	10414	142	1780	0	0	0	0	0	0	102	390	0	0	0	0	0	0	144	212	0	0	296	134	0	0	0	0	0	0	0	96	0	0	0	0	0	0	0	0	0	0	0	0	758	0	0	0	0	0	
271384	Hippocampus_L	12278	0	6300	0	0	0	5738	0	0	0	152	0	0	0	112	0	2362	0	1390	176	0	0	0	0	0	0	0	0	14886	0	0	0	0	98	2668	3404	0	1758	12168	440	7244	0	132	0	0	0	2406	640	0	0	0	0	222	0	13410	0	1454	0	0	0	0	0	0	0	0	0	868	1464	1856	0	104	0	13768	0	1106	0	5510	514	4334	0	3810	0	3024	0	1094	0	114	0	6366	0	242	0	0	0	0	0	914	0	620	0	0	0	0	0	0	0	0	0	0	0	546	0	0	0	0	0	
261856	Hippocampus_R	0	7866	94	3942	0	0	0	854	0	0	0	2388	0	0	0	0	0	2448	102	2180	0	0	0	0	0	0	0	0	0	7388	0	0	0	0	2320	2764	1758	0	900	25200	0	8312	0	104	0	0	838	2050	0	0	0	0	360	112	1190	19420	0	3518	0	0	0	0	0	630	0	0	0	2174	130	312	134	110	0	14710	0	1344	0	4126	0	1058	0	2458	0	346	0	312	0	0	760	1878	0	0	0	0	0	108	0	3608	0	0	0	0	0	0	0	0	0	0	0	110	512	0	0	0	0	0	
99860	ParaHippocampal_L	1444	0	1004	0	188	0	898	0	0	0	0	0	0	0	266	0	0	0	0	0	890	268	0	0	0	0	0	0	2030	0	0	0	0	0	618	1238	12168	900	0	384	2298	0	0	0	0	0	3848	444	0	0	0	0	0	0	8066	0	0	0	0	0	0	0	0	0	0	0	652	818	298	0	418	0	4072	0	130	0	578	480	150	0	182	0	900	0	0	0	110	0	1046	0	458	0	0	0	0	0	1472	0	1048	0	0	0	0	0	0	0	0	0	0	0	166	0	0	0	0	0	
166712	ParaHippocampal_R	0	2930	0	1354	0	0	0	452	0	0	0	1718	0	0	0	0	0	1034	0	332	0	184	0	0	0	0	0	0	0	3760	0	0	0	0	172	436	440	25200	384	0	0	5748	0	0	0	0	422	1434	0	0	0	0	0	0	0	15192	0	1546	0	0	0	0	0	0	0	0	0	696	0	0	118	0	0	9984	0	824	0	764	0	698	0	1878	0	472	0	0	0	0	0	888	0	114	0	0	100	496	0	3142	0	328	0	0	0	0	0	0	0	0	0	0	116	0	0	0	0	0	
46664	Amygdala_L	186	0	486	0	268	0	0	0	0	0	0	0	0	0	278	0	0	0	342	0	620	0	0	0	0	0	0	0	4542	0	0	0	0	0	0	0	7244	0	2298	0	0	0	0	0	0	0	0	0	0	0	0	0	0	0	2946	0	0	0	0	0	0	0	0	0	0	0	0	0	194	0	0	0	896	0	0	0	416	0	0	0	158	0	2012	0	0	0	0	0	446	0	0	0	0	0	0	0	0	0	0	0	0	0	0	0	0	0	0	0	0	0	0	0	0	0	0	0	
46500	Amygdala_R	0	0	0	0	0	114	0	0	0	0	0	0	0	0	0	320	0	0	0	0	0	622	0	0	0	0	0	186	0	2408	0	0	0	0	0	0	0	8312	0	5748	0	0	0	0	0	0	0	0	0	0	0	0	0	0	0	3266	0	0	0	0	0	0	0	0	0	0	0	0	0	0	0	0	0	876	0	0	0	0	0	0	0	0	0	916	0	0	0	0	0	0	0	0	0	0	0	0	0	482	0	0	0	0	0	0	0	0	0	0	0	0	0	0	0	0	0	0	
83452	Calcarine_L	0	0	0	0	0	0	0	0	0	0	0	0	0	0	0	0	0	0	0	0	0	0	0	0	0	0	0	0	0	0	0	0	0	0	338	0	132	0	0	0	0	0	0	2786	6754	2086	7232	794	5222	602	7010	0	1266	0	906	0	116	0	0	0	0	0	0	0	0	0	6206	0	118	0	0	0	0	0	0	0	0	0	0	0	0	0	0	0	158	0	0	0	0	0	0	0	0	0	0	0	0	0	0	0	0	0	0	0	0	0	0	0	0	0	0	0	0	0	0	0	
164616	Calcarine_R	0	618	0	0	0	0	0	0	0	0	0	0	0	0	0	0	0	0	0	276	0	0	0	0	0	0	0	0	0	0	0	0	0	414	0	288	0	104	0	0	0	0	2786	0	802	15062	118	12668	0	15194	0	8944	0	2914	0	4708	0	684	0	0	0	498	0	0	0	1642	154	11454	0	668	0	0	0	0	0	0	0	0	0	0	0	0	0	0	0	2012	0	0	0	300	0	0	0	0	0	0	0	0	0	0	0	0	0	0	0	0	0	0	0	0	0	0	0	0	0	0	
109684	Cuneus_L	0	0	0	0	0	0	0	0	0	0	0	0	0	0	0	0	176	0	0	0	0	0	0	0	0	0	0	0	0	0	0	0	0	0	104	0	0	0	0	0	0	0	6754	802	0	2248	2492	146	12344	314	14410	0	664	0	94	0	696	0	664	0	866	0	216	0	800	0	8744	106	694	0	0	0	0	0	0	0	0	0	0	0	266	0	0	0	1242	0	0	0	0	0	0	0	0	0	0	0	0	0	0	0	0	0	0	0	0	0	0	0	0	0	0	0	0	0	0	0	
132244	Cuneus_R	0	678	0	0	0	0	0	0	0	0	0	0	0	0	0	0	0	0	0	192	0	0	0	0	0	0	0	0	0	0	0	0	0	722	0	184	0	0	0	0	0	0	2086	15062	2248	0	0	4838	0	18016	0	4340	0	806	0	1164	0	728	0	876	0	0	0	0	0	404	1644	11148	0	774	0	0	0	0	0	0	0	0	0	0	0	0	0	0	0	212	0	0	0	0	0	0	0	0	0	0	0	0	0	0	0	0	0	0	0	0	0	0	0	0	0	0	0	0	0	0	
221092	Lingual_L	0	0	0	0	0	0	0	0	0	0	0	0	0	0	0	0	0	0	0	0	0	0	0	0	0	0	0	0	0	0	0	0	0	0	868	1446	2406	838	3848	422	0	0	7232	118	2492	0	0	796	4158	0	12556	0	5168	0	16506	0	0	0	0	0	0	0	0	0	0	0	5738	982	0	0	0	0	0	0	0	0	110	404	124	0	0	0	0	0	0	0	0	0	604	0	11942	448	1058	0	0	0	8608	204	17232	490	0	0	94	0	0	0	0	0	0	142	1384	1340	788	0	0	0	
184144	Lingual_R	0	0	0	0	0	0	0	0	0	0	0	0	0	0	0	0	0	0	0	0	0	0	0	0	0	0	0	0	0	0	0	0	0	0	378	756	640	2050	444	1434	0	0	794	12668	146	4838	796	0	0	3974	0	1392	0	2172	104	11726	0	0	0	0	0	0	0	0	0	0	204	6064	0	0	0	0	0	0	0	0	0	180	0	0	0	0	0	0	0	0	0	0	0	0	1058	7638	0	178	0	180	572	6510	1356	9728	0	0	0	0	0	0	0	0	0	296	7752	5158	886	0	0	0	
103232	Occipital_Sup_L	0	0	0	0	0	0	0	0	0	0	0	0	0	0	0	0	166	0	0	0	0	0	0	0	0	0	0	0	0	0	0	0	0	0	0	0	0	0	0	0	0	0	5222	0	12344	0	4158	0	0	0	18028	0	512	0	0	0	168	0	4204	0	144	0	0	0	0	0	5946	0	208	0	0	0	0	0	0	0	0	0	0	0	158	0	0	0	212	0	0	0	0	0	146	0	0	0	0	0	0	0	0	0	0	0	0	0	0	0	0	0	0	0	0	0	0	0	0	0	
166388	Occipital_Sup_R	0	1382	0	0	0	0	0	0	0	0	0	0	0	0	0	0	0	0	0	278	0	0	0	0	0	0	0	0	0	0	0	0	0	582	0	584	0	0	0	0	0	0	602	15194	314	18016	0	3974	0	0	0	15646	0	540	0	1128	0	1792	0	2666	0	2374	0	0	0	5216	668	9738	0	1276	0	0	0	0	0	0	0	0	0	0	0	0	0	0	0	980	0	0	0	244	0	0	0	0	0	0	0	0	0	0	0	0	0	0	0	0	0	0	0	0	0	0	0	0	0	0	
273428	Occipital_Mid_L	1078	0	0	0	0	0	0	0	0	0	0	0	0	0	0	0	2638	0	0	0	0	0	0	0	0	0	0	0	0	0	0	0	0	96	846	0	0	0	0	0	0	0	7010	0	14410	0	12556	0	18028	0	0	0	10268	0	2326	0	5728	0	8300	0	10550	0	900	0	10752	0	11970	0	5382	126	0	0	0	0	0	0	0	0	0	0	2482	0	0	0	10258	0	0	0	616	0	394	0	0	0	0	0	0	0	0	0	0	0	0	0	0	0	0	0	0	0	0	0	0	0	0	0	
118956	Occipital_Mid_R	0	718	0	0	0	0	0	0	0	0	0	0	0	0	0	0	0	0	0	316	0	0	0	0	0	0	0	0	0	0	0	0	0	344	0	364	0	0	0	0	0	0	0	8944	0	4340	0	1392	0	15646	0	0	0	2542	0	986	0	762	0	136	0	824	0	0	0	9940	0	4460	0	762	0	0	0	0	0	0	0	0	0	0	0	0	0	0	0	6750	0	0	0	252	0	0	0	0	0	0	0	0	0	0	0	0	0	0	0	0	0	0	0	0	0	0	0	0	0	0	
81220	Occipital_Inf_L	112	354	0	0	0	0	0	0	0	0	0	0	0	0	0	0	830	0	0	0	0	0	0	0	0	0	0	0	0	0	0	0	0	362	1236	1002	222	360	0	0	0	0	1266	0	664	0	5168	0	512	0	10268	0	0	0	4414	0	444	352	0	0	104	0	96	0	0	0	1568	0	474	434	0	0	0	0	0	0	0	0	182	0	1888	0	0	0	2492	0	0	0	5090	0	494	0	0	0	0	0	0	0	222	0	0	0	0	0	0	0	0	0	0	0	0	0	0	0	0	0	
29068	Occipital_Inf_R	0	0	0	0	0	0	0	0	0	0	0	0	0	0	0	0	0	0	0	0	0	0	0	0	0	0	0	0	0	0	0	0	0	0	0	96	0	112	0	0	0	0	0	2914	0	806	0	2172	0	540	0	2542	0	0	0	3046	0	0	0	0	0	0	0	0	0	354	0	204	0	0	0	0	0	0	0	0	0	0	0	0	0	0	0	0	0	426	0	0	0	1096	0	0	0	0	0	0	0	102	0	124	0	0	0	0	0	0	0	0	0	0	0	0	0	0	0	0	
364724	Fusiform_L	1100	1506	558	0	0	0	220	0	0	0	0	0	0	0	0	0	1736	0	0	176	0	0	0	0	0	0	0	0	4826	0	0	0	0	2124	3928	1444	13410	1190	8066	0	2946	0	906	0	94	0	16506	104	0	0	2326	0	4414	0	0	0	1124	1526	0	0	196	0	918	0	0	0	3530	184	1108	2306	0	0	3160	0	0	0	134	0	2466	0	5312	0	2172	0	1896	0	1220	0	17786	0	25022	96	1820	0	0	0	10062	0	29482	128	614	0	1166	0	200	0	120	0	0	0	826	208	0	0	0	0	
265040	Fusiform_R	0	956	0	302	0	0	0	136	0	0	0	556	0	0	0	0	0	472	0	0	0	0	0	0	0	0	0	0	0	3094	0	0	0	0	96	236	0	19420	0	15192	0	3266	0	4708	0	1164	0	11726	0	1128	0	986	0	3046	0	0	0	506	0	0	0	0	0	128	0	0	0	3802	0	0	0	0	0	3498	0	194	0	116	0	1302	0	5898	0	3024	0	2732	0	360	0	10016	118	9946	0	338	0	0	214	7988	234	12096	0	0	0	300	0	0	0	0	0	100	2052	956	118	0	0	0	
333872	Postcentral_L	32850	916	5848	0	0	0	2834	0	0	0	5560	0	830	0	0	0	19666	0	3476	498	0	0	0	0	0	0	0	0	9926	0	0	0	0	1238	180	0	1454	0	0	0	0	0	116	0	696	0	0	0	168	0	5728	0	444	0	1124	0	0	956	8764	0	22276	0	12346	0	1436	0	3942	0	12886	1368	816	0	1194	0	162	0	436	0	2012	0	3310	0	0	0	850	0	0	0	630	0	0	0	0	0	0	0	0	0	0	0	0	0	0	0	0	0	0	0	0	0	0	0	0	0	0	0	
250876	Postcentral_R	180	35462	0	600	0	0	0	198	0	0	0	3372	0	132	0	0	0	5472	98	836	0	0	0	0	0	0	0	0	0	5156	0	0	464	3978	922	2722	0	3518	0	1546	0	0	0	684	0	728	0	0	0	1792	0	762	352	0	1526	506	956	0	0	5518	0	5236	0	9222	0	2552	434	5656	2876	11022	0	930	0	4808	0	688	0	692	0	264	0	1872	0	0	0	728	0	0	564	252	0	0	0	0	0	0	0	162	0	0	0	0	0	0	0	0	0	0	0	0	0	0	0	0	0	0	
93548	Parietal_Sup_L	506	0	0	0	0	0	0	0	0	0	0	0	0	0	0	0	220	0	0	0	0	0	0	0	0	0	0	0	0	0	0	0	0	0	0	0	0	0	0	0	0	0	0	0	664	0	0	0	4204	0	8300	0	0	0	0	0	8764	0	0	0	9306	0	160	0	808	0	9650	0	3958	0	0	0	0	0	0	0	0	0	0	0	132	0	0	0	102	0	0	0	0	0	0	0	0	0	0	0	0	0	0	0	0	0	0	0	0	0	0	0	0	0	0	0	0	0	0	0	
80516	Parietal_Sup_R	0	386	0	0	0	0	0	0	0	0	0	0	0	0	0	0	0	0	0	0	0	0	0	0	0	0	0	0	0	0	0	0	0	0	0	1426	0	0	0	0	0	0	0	0	0	876	0	0	0	2666	0	136	0	0	0	0	0	5518	0	0	0	9190	0	4102	0	4848	688	7060	0	1638	0	0	0	0	0	0	0	0	0	0	0	434	0	0	0	1036	0	0	0	254	0	0	0	0	0	0	0	0	0	0	0	0	0	0	0	0	0	0	0	0	0	0	0	0	0	0	
187112	Parietal_Inf_L	1314	0	0	0	0	0	0	0	0	0	0	0	0	0	0	0	1220	0	0	0	0	0	0	0	0	0	0	0	580	0	0	0	0	0	0	0	0	0	0	0	0	0	0	0	866	0	0	0	144	0	10550	0	104	0	196	0	22276	0	9306	0	0	0	15100	0	17534	0	778	0	2460	0	0	0	0	0	0	0	0	0	0	0	824	0	0	0	8362	0	0	0	1942	0	0	0	0	0	0	0	0	0	0	0	0	0	0	0	0	0	0	0	0	0	0	0	0	0	0	0	
108808	Parietal_Inf_R	0	956	0	214	0	0	0	0	0	0	0	0	0	0	0	0	0	0	0	526	0	0	0	0	0	0	0	0	0	0	0	0	0	0	0	388	0	0	0	0	0	0	0	498	0	0	0	0	0	2374	0	824	0	0	0	0	0	5236	0	9190	0	0	0	9650	0	13686	0	1060	0	460	0	0	0	0	0	0	0	0	0	0	0	2212	0	0	0	6336	0	0	0	794	0	0	0	0	0	0	0	0	0	0	0	0	0	0	0	0	0	0	0	0	0	0	0	0	0	0	
102644	SupraMarginal_L	1276	0	0	0	0	0	134	0	0	0	298	0	0	0	0	0	5386	0	0	0	0	0	0	0	0	0	0	0	3240	0	0	0	0	0	0	0	0	0	0	0	0	0	0	0	216	0	0	0	0	0	900	0	96	0	918	0	12346	0	160	0	15100	0	0	0	3632	0	0	0	0	0	0	0	0	0	0	0	0	0	112	0	4674	0	0	0	2678	0	0	0	156	0	0	0	0	0	0	0	0	0	0	0	0	0	0	0	0	0	0	0	0	0	0	0	0	0	0	0	
81976	SupraMarginal_R	0	650	0	0	0	0	0	0	0	0	0	0	0	0	0	0	0	3146	0	0	0	0	0	0	0	0	0	0	0	1140	0	0	0	0	0	0	0	630	0	0	0	0	0	0	0	0	0	0	0	0	0	0	0	0	0	128	0	9222	0	4102	0	9650	0	0	0	3740	0	0	0	0	0	0	0	0	0	0	0	204	0	0	0	5414	0	0	0	2572	0	0	0	390	0	0	0	0	0	0	0	0	0	0	0	0	0	0	0	0	0	0	0	0	0	0	0	0	0	0	
97772	Angular_L	424	0	0	0	0	0	0	0	0	0	0	0	0	0	0	0	220	0	0	0	0	0	0	0	0	0	0	0	0	0	0	0	0	0	0	0	0	0	0	0	0	0	0	0	800	0	0	0	0	0	10752	0	0	0	0	0	1436	0	808	0	17534	0	3632	0	0	0	300	0	486	0	0	0	0	0	0	0	0	0	0	0	546	0	0	0	10024	0	0	0	1924	0	0	0	0	0	0	0	0	0	0	0	0	0	0	0	0	0	0	0	0	0	0	0	0	0	0	0	
111508	Angular_R	0	976	0	178	0	0	0	0	0	0	0	0	0	0	0	0	0	0	0	538	0	0	0	0	0	0	0	0	0	0	0	0	0	118	0	110	0	0	0	0	0	0	0	1642	0	404	0	0	0	5216	0	9940	0	354	0	0	0	2552	0	4848	0	13686	0	3740	0	0	0	2224	0	724	0	0	0	0	0	0	0	0	0	0	0	1306	0	0	0	6458	0	0	0	740	0	0	0	0	0	0	0	0	0	0	0	0	0	0	0	0	0	0	0	0	0	0	0	0	0	0	
175916	Precuneus_L	298	420	0	0	0	0	0	0	0	0	0	0	0	0	0	0	258	0	0	0	0	0	0	0	0	0	0	0	0	0	0	0	4110	1630	4164	1812	868	0	652	0	0	0	6206	154	8744	1644	5738	204	5946	668	11970	0	1568	0	3530	0	3942	434	9650	688	778	0	0	0	300	0	0	4716	3740	432	0	0	0	0	0	0	0	0	114	0	316	0	0	0	1252	0	0	0	420	0	0	0	0	0	0	0	486	0	0	0	0	0	0	0	0	0	0	0	0	0	106	0	0	0	0	0	
215856	Precuneus_R	0	4222	0	0	0	0	0	0	0	0	0	0	0	0	0	0	0	0	0	650	0	0	0	0	0	0	0	0	0	0	0	0	390	6410	2042	10414	1464	2174	818	696	0	0	0	11454	106	11148	982	6064	0	9738	0	4460	0	204	184	3802	0	5656	0	7060	0	1060	0	0	0	2224	4716	0	0	4884	0	0	0	0	0	0	0	390	0	0	0	0	0	0	0	1310	0	0	0	632	0	0	0	0	0	0	0	1144	0	0	0	0	0	0	0	0	0	0	0	204	1226	0	0	0	0	0	
239276	Paracentral_Lobule_L	27384	2874	466	0	0	0	98	0	0	0	0	0	0	0	0	0	0	0	7394	7048	0	0	0	0	0	0	0	0	130	0	0	292	3296	8224	792	142	1856	130	298	0	194	0	118	0	694	0	0	0	208	0	5382	0	474	0	1108	0	12886	2876	3958	0	2460	0	0	0	486	0	3740	0	0	7460	1428	0	892	0	136	0	14032	0	0	0	0	0	0	0	366	0	0	0	316	0	0	0	0	0	0	0	0	0	0	0	0	0	0	0	0	0	0	0	0	0	0	0	0	0	0	0	
181560	Paracentral_Lobule_R	1654	9610	0	144	0	0	0	0	0	0	0	0	0	0	0	0	0	0	532	18084	0	0	0	0	0	0	0	0	0	0	0	0	1658	14632	1644	1780	0	312	0	0	0	0	0	668	0	774	0	0	0	1276	126	762	434	0	2306	0	1368	11022	0	1638	0	460	0	0	0	724	432	4884	7460	0	0	1024	0	0	0	0	156	3636	0	0	0	134	0	0	0	550	0	0	896	0	0	0	0	0	0	0	0	0	0	0	0	0	0	0	0	0	0	0	0	0	0	0	0	0	0	0	
366788	Caudate_L	3794	1022	15478	1314	398	670	5124	2138	218	0	11668	1824	7158	1548	684	0	5460	0	14388	910	8206	9462	548	664	382	644	2654	1798	15406	576	11330	6590	0	254	0	0	104	134	418	118	0	0	0	0	0	0	0	0	0	0	0	0	0	0	0	0	816	0	0	0	0	0	0	0	0	0	0	0	1428	0	0	11188	23336	2542	3894	208	5416	98	0	0	1236	0	148	0	0	0	0	0	0	0	0	0	0	0	0	0	0	0	0	0	0	0	0	0	0	0	0	0	0	0	0	0	0	0	0	0	
548664	Caudate_R	218	5166	562	33350	0	10408	350	7830	0	390	1444	5874	992	6664	0	3062	248	1248	1894	39148	4402	6482	374	15564	144	11376	602	2294	444	6602	3552	33604	148	3916	0	0	0	110	0	0	0	0	0	0	0	0	0	0	0	0	0	0	0	0	0	0	0	930	0	0	0	0	0	0	0	0	0	0	0	1024	11188	0	4598	25584	1056	1872	0	19618	0	0	0	0	0	0	0	0	0	0	0	0	0	0	0	0	0	0	0	0	0	0	0	0	0	0	0	0	0	0	0	0	0	0	0	0	0	0	
503648	Putamen_L	8980	272	39600	332	7682	0	12422	360	1420	0	3864	158	3100	0	7344	0	6556	0	22444	502	3680	4694	5324	352	1702	168	1746	380	31648	0	10420	2536	178	262	0	0	13768	0	4072	0	896	0	0	0	0	0	0	0	0	0	0	0	0	0	3160	0	1194	0	0	0	0	0	0	0	0	0	0	0	892	0	23336	4598	0	436	7974	0	5100	0	426	0	4568	0	2050	0	330	0	0	0	498	0	0	0	0	0	0	0	286	0	114	0	0	0	0	0	0	0	0	0	0	0	0	0	0	0	0	0	
419384	Putamen_R	0	10010	838	22308	0	5998	608	7190	0	180	1194	9836	1264	1950	0	2800	0	7808	1592	4254	0	642	106	7970	0	7384	0	670	0	28826	834	11762	0	2152	0	0	0	14710	0	9984	0	876	0	0	0	0	0	0	0	0	0	0	0	0	0	3498	0	4808	0	0	0	0	0	0	0	0	0	0	0	0	2542	25584	436	0	266	3672	98	2056	0	564	0	388	0	292	0	0	0	0	0	0	0	0	0	0	0	0	0	1742	0	0	0	0	0	0	0	0	0	0	0	0	0	0	0	0	0	0	
69888	Pallidum_L	1610	0	6272	0	0	0	3536	0	0	0	0	0	0	0	0	0	1538	0	1908	0	108	720	0	0	0	0	0	0	1442	0	0	0	0	0	0	0	1106	0	130	0	0	0	0	0	0	0	0	0	0	0	0	0	0	0	0	0	162	0	0	0	0	0	0	0	0	0	0	0	136	0	3894	1056	7974	266	0	0	2250	0	0	0	836	0	0	0	0	0	0	0	0	0	0	0	0	0	0	0	0	0	0	0	0	0	0	0	0	0	0	0	0	0	0	0	0	0	0	0	
27004	Pallidum_R	0	788	0	998	0	0	0	118	0	0	0	262	0	0	0	0	0	890	144	640	0	0	0	0	0	0	0	0	0	230	0	166	0	0	0	0	0	1344	0	824	0	0	0	0	0	0	0	0	0	0	0	0	0	0	0	194	0	688	0	0	0	0	0	0	0	0	0	0	0	0	208	1872	0	3672	0	0	0	338	0	0	0	0	0	0	0	0	0	0	0	0	0	0	0	0	0	0	0	126	0	0	0	0	0	0	0	0	0	0	0	0	0	0	0	0	0	0	
165256	Thalamus_L	17974	160	6492	110	0	0	2410	0	0	0	0	0	0	0	0	0	178	0	14722	2382	0	0	0	0	0	0	0	0	1684	0	0	0	0	546	0	102	5510	0	578	0	416	0	0	0	0	0	110	0	0	0	0	0	0	0	134	0	436	0	0	0	0	0	0	0	0	0	0	0	14032	156	5416	0	5100	98	2250	0	0	474	592	0	456	0	0	0	110	0	0	0	0	0	0	0	0	0	0	0	0	0	0	0	0	0	0	0	0	0	0	0	0	0	0	0	0	0	0	0	
187200	Thalamus_R	0	9670	250	11338	0	0	0	776	0	0	0	870	0	0	0	0	0	584	398	34006	0	0	0	0	0	0	0	0	0	780	0	122	0	230	0	390	514	4126	480	764	0	0	0	0	0	0	404	180	0	0	0	0	0	0	0	116	0	692	0	0	0	0	0	204	0	0	0	390	0	3636	98	19618	0	2056	0	338	474	0	0	0	0	96	0	0	0	0	0	0	0	0	0	0	0	0	0	0	0	0	0	0	0	0	0	0	0	0	0	0	0	0	0	0	0	0	0	0	
90004	Heschl_L	9468	0	1542	0	0	0	1684	0	0	0	250	0	0	0	0	0	3230	0	352	110	0	0	0	0	0	0	0	0	12382	0	0	0	0	94	0	0	4334	0	150	0	0	0	0	0	0	0	124	0	0	0	0	0	182	0	2466	0	2012	0	0	0	0	0	112	0	0	0	114	0	0	0	0	0	426	0	0	0	592	0	0	0	2136	0	0	0	264	0	0	0	2978	0	0	0	0	0	0	0	0	0	0	0	0	0	0	0	0	0	0	0	0	0	0	0	0	0	0	0	
23008	Heschl_R	0	370	0	0	0	0	0	0	0	0	0	294	0	0	0	0	0	2168	0	0	0	0	0	0	0	0	0	0	0	1714	0	0	0	0	0	0	0	1058	0	698	0	0	0	0	0	0	0	0	0	0	0	0	0	0	0	1302	0	264	0	0	0	0	0	0	0	0	0	0	0	0	0	0	0	564	0	0	0	0	0	0	0	2444	0	0	0	0	0	0	0	628	0	0	0	0	0	0	0	0	0	0	0	0	0	0	0	0	0	0	0	0	0	0	0	0	0	0	
204220	Temporal_Sup_L	3712	0	3154	0	0	0	954	0	0	0	2580	0	0	0	0	0	13206	0	2154	0	0	0	0	0	0	0	0	0	14572	0	0	0	0	0	0	0	3810	0	182	0	158	0	0	0	266	0	0	0	158	0	2482	0	1888	0	5312	0	3310	0	132	0	824	0	4674	0	546	0	316	0	0	0	1236	0	4568	0	836	0	456	0	2136	0	0	0	2822	0	15322	0	100	0	9918	0	160	0	0	0	0	0	0	0	166	0	0	0	0	0	0	0	0	0	0	0	0	0	0	0	0	0	
104528	Temporal_Sup_R	0	174	0	0	0	0	0	0	0	0	0	186	0	0	0	0	0	3362	0	158	0	0	0	0	0	0	0	0	0	2210	0	0	0	0	0	0	0	2458	0	1878	0	0	0	0	0	0	0	0	0	0	0	0	0	0	0	5898	0	1872	0	434	0	2212	0	5414	0	1306	0	0	0	134	0	0	0	388	0	0	0	96	0	2444	0	0	0	3540	0	10504	0	0	0	7596	0	0	0	0	0	0	0	0	0	0	0	0	0	0	0	0	0	0	0	0	0	0	0	0	0	0	
79864	Temporal_Pole_Sup_L	236	0	416	0	246	0	0	0	178	0	1936	0	814	0	3198	0	1498	0	224	0	746	0	0	0	0	0	0	0	8776	0	0	0	0	0	0	0	3024	0	900	0	2012	0	0	0	0	0	0	0	0	0	0	0	0	0	2172	0	0	0	0	0	0	0	0	0	0	0	0	0	0	0	148	0	2050	0	0	0	0	0	0	0	2822	0	0	0	3548	0	1780	0	3208	0	0	0	0	0	0	0	0	0	0	0	0	0	0	0	0	0	0	0	0	0	0	0	0	0	0	0	
36448	Temporal_Pole_Sup_R	0	192	0	0	0	0	0	272	0	0	0	502	0	0	0	0	0	1016	0	0	0	0	0	0	0	0	0	0	0	1418	0	0	0	0	0	0	0	346	0	472	0	916	0	0	0	0	0	0	0	0	0	0	0	0	0	3024	0	0	0	0	0	0	0	0	0	0	0	0	0	0	0	0	0	292	0	0	0	0	0	0	0	3540	0	0	0	2894	0	420	0	2920	0	0	0	0	0	0	0	0	0	0	0	0	0	0	0	0	0	0	0	0	0	0	0	0	0	0	
182448	Temporal_Mid_L	708	0	156	0	0	0	0	0	0	0	328	0	0	0	0	0	2266	0	94	0	0	0	0	0	0	0	0	0	1264	0	0	0	0	0	260	144	1094	0	0	0	0	0	158	0	1242	0	0	0	212	0	10258	0	2492	0	1896	0	850	0	102	0	8362	0	2678	0	10024	0	1252	0	366	0	0	0	330	0	0	0	110	0	264	0	15322	0	3548	0	0	0	1770	0	23674	0	0	0	0	0	0	0	0	0	0	0	0	0	0	0	0	0	0	0	0	0	0	0	0	0	0	0	
115972	Temporal_Mid_R	0	0	0	0	0	0	0	0	0	0	0	0	0	0	0	0	0	0	0	556	0	0	0	0	0	0	0	0	0	0	0	0	0	0	0	212	0	312	0	0	0	0	0	2012	0	212	0	0	0	980	0	6750	0	426	0	2732	0	728	0	1036	0	6336	0	2572	0	6458	0	1310	0	550	0	0	0	0	0	0	0	0	0	0	0	10504	0	2894	0	0	0	0	0	11406	0	0	0	0	0	0	0	0	0	0	0	0	0	0	0	0	0	0	0	0	0	0	0	0	0	0	
14932	Temporal_Pole_Mid_L	0	0	0	0	0	0	0	0	0	0	0	0	0	0	0	0	0	0	0	0	0	0	0	0	0	0	0	0	140	0	0	0	0	0	0	0	114	0	110	0	0	0	0	0	0	0	0	0	0	0	0	0	0	0	1220	0	0	0	0	0	0	0	0	0	0	0	0	0	0	0	0	0	0	0	0	0	0	0	0	0	100	0	1780	0	1770	0	0	0	2232	0	0	0	0	0	0	0	0	0	0	0	0	0	0	0	0	0	0	0	0	0	0	0	0	0	0	0	
1888	Temporal_Pole_Mid_R	0	0	0	0	0	0	0	0	0	0	0	0	0	0	0	0	0	0	0	0	0	0	0	0	0	0	0	0	0	0	0	0	0	0	0	0	0	0	0	0	0	0	0	0	0	0	0	0	0	0	0	0	0	0	0	360	0	0	0	0	0	0	0	0	0	0	0	0	0	0	0	0	0	0	0	0	0	0	0	0	0	0	0	420	0	0	0	0	0	164	0	0	0	0	0	0	0	0	0	0	0	0	0	0	0	0	0	0	0	0	0	0	0	0	0	0	
183704	Temporal_Inf_L	752	564	0	0	0	0	0	0	0	0	0	0	0	0	0	0	986	0	0	0	0	0	0	0	0	0	0	0	2420	0	0	0	0	822	500	296	6366	760	1046	0	446	0	0	0	0	0	604	0	0	0	616	0	5090	0	17786	0	630	564	0	0	1942	0	156	0	1924	0	420	0	316	896	0	0	498	0	0	0	0	0	2978	0	9918	0	3208	0	23674	0	2232	0	0	0	2158	0	356	0	0	0	0	0	696	0	232	0	0	0	0	0	0	0	0	0	0	0	0	0	0	0	
84412	Temporal_Inf_R	0	0	0	0	0	0	0	0	0	0	0	0	0	0	0	0	0	326	0	0	0	0	0	0	0	0	0	0	0	604	0	0	0	0	0	134	0	1878	0	888	0	0	0	300	0	0	0	0	0	244	0	252	0	1096	0	10016	0	252	0	254	0	794	0	390	0	740	0	632	0	0	0	0	0	0	0	0	0	0	0	628	0	7596	0	2920	0	11406	0	164	0	0	0	536	0	0	0	0	0	0	0	156	0	0	0	0	0	0	0	0	0	0	0	0	0	0	0	0	
433088	Cerebelum_Crus1_L	0	0	0	0	0	0	0	0	0	0	0	0	0	0	0	0	0	0	0	0	0	0	0	0	0	0	0	0	0	0	0	0	0	0	0	0	242	0	458	0	0	0	0	0	0	0	11942	1058	146	0	394	0	494	0	25022	118	0	0	0	0	0	0	0	0	0	0	0	0	0	0	0	0	0	0	0	0	0	0	0	0	160	0	0	0	0	0	0	0	2158	0	0	2082	38036	2008	246	308	27040	1234	59474	2386	8510	168	10316	1928	682	0	910	0	210	664	7342	5136	4372	656	550	94	
398424	Cerebelum_Crus1_R	0	0	0	0	0	0	0	0	0	0	0	0	0	0	0	0	0	0	0	0	0	0	0	0	0	0	0	0	0	0	0	0	0	0	0	0	0	0	0	114	0	0	0	0	0	0	448	7638	0	0	0	0	0	0	96	9946	0	0	0	0	0	0	0	0	0	0	0	0	0	0	0	0	0	0	0	0	0	0	0	0	0	0	0	0	0	0	0	0	0	536	2082	0	1152	28954	0	1338	2276	30196	2708	64368	726	4592	606	8926	138	486	0	292	0	1562	12068	9730	7590	446	198	0	
262576	Cerebelum_Crus2_L	0	0	0	0	0	0	0	0	0	0	0	0	0	0	0	0	0	0	0	0	0	0	0	0	0	0	0	0	0	0	0	0	0	0	0	0	0	0	0	0	0	0	0	0	0	0	1058	0	0	0	0	0	0	0	1820	0	0	0	0	0	0	0	0	0	0	0	0	0	0	0	0	0	0	0	0	0	0	0	0	0	0	0	0	0	0	0	0	0	356	0	38036	1152	0	6008	304	216	7642	522	9632	738	21622	3616	17578	2964	1504	0	1260	0	200	464	2526	950	8762	1860	498	0	
244484	Cerebelum_Crus2_R	0	0	0	0	0	0	0	0	0	0	0	0	0	0	0	0	0	0	0	0	0	0	0	0	0	0	0	0	0	0	0	0	0	0	0	0	0	0	0	0	0	0	0	0	0	0	0	178	0	0	0	0	0	0	0	338	0	0	0	0	0	0	0	0	0	0	0	0	0	0	0	0	0	0	0	0	0	0	0	0	0	0	0	0	0	0	0	0	0	0	2008	28954	6008	0	0	1590	1676	3728	1220	12048	3856	15114	2304	21802	0	1292	0	1088	0	786	2848	1314	10272	2888	754	176	
23428	Cerebelum_3_L	0	0	0	0	0	0	0	0	0	0	0	0	0	0	0	0	0	0	0	0	0	0	0	0	0	0	0	0	0	0	0	0	0	0	0	0	0	0	0	100	0	0	0	0	0	0	0	0	0	0	0	0	0	0	0	0	0	0	0	0	0	0	0	0	0	0	0	0	0	0	0	0	0	0	0	0	0	0	0	0	0	0	0	0	0	0	0	0	0	0	246	0	304	0	0	0	3476	0	168	0	138	0	576	166	1312	224	0	0	1498	1916	564	326	0	202	334	164	
41880	Cerebelum_3_R	0	0	0	0	0	0	0	0	0	0	0	0	0	0	0	0	0	0	0	0	0	0	0	0	0	0	0	0	0	0	0	0	0	0	0	0	0	108	0	496	0	0	0	0	0	0	0	180	0	0	0	0	0	0	0	0	0	0	0	0	0	0	0	0	0	0	0	0	0	0	0	0	0	0	0	0	0	0	0	0	0	0	0	0	0	0	0	0	0	0	308	1338	216	1590	0	0	442	4124	168	2168	0	400	0	2504	0	1416	0	0	0	2252	562	94	104	746	1582	142	
281360	Cerebelum_4_5_L	0	0	0	0	0	0	0	0	0	0	0	0	0	0	0	0	0	0	0	0	0	0	0	0	0	0	0	0	0	0	0	0	0	0	0	0	914	0	1472	0	0	0	0	0	0	0	8608	572	0	0	0	0	0	0	10062	214	0	0	0	0	0	0	0	0	0	0	486	0	0	0	0	0	286	0	0	0	0	0	0	0	0	0	0	0	0	0	0	0	0	0	27040	2276	7642	1676	3476	442	0	2592	32558	3166	1362	234	4564	2230	5594	156	116	0	356	1092	11910	5046	1406	1252	1378	502	
260324	Cerebelum_4_5_R	0	322	0	0	0	0	0	0	0	0	0	264	0	0	0	0	0	0	0	0	0	0	0	0	0	0	0	0	0	620	0	0	0	0	0	96	0	3608	0	3142	0	482	0	0	0	0	204	6510	0	0	0	0	0	102	0	7988	0	162	0	0	0	0	0	0	0	0	0	1144	0	0	0	0	0	1742	0	126	0	0	0	0	0	0	0	0	0	0	0	0	0	0	1234	30196	522	3728	0	4124	2592	0	1656	36076	0	408	0	3886	114	908	0	0	0	2670	12202	2212	160	236	726	0	
385936	Cerebelum_6_L	0	0	0	0	0	0	0	0	0	0	0	0	0	0	0	0	0	0	0	0	0	0	0	0	0	0	0	0	0	0	0	0	0	0	0	0	620	0	1048	0	0	0	0	0	0	0	17232	1356	0	0	0	0	222	0	29482	234	0	0	0	0	0	0	0	0	0	0	0	0	0	0	0	0	114	0	0	0	0	0	0	0	166	0	0	0	0	0	0	0	696	0	59474	2708	9632	1220	168	168	32558	1656	0	3094	2172	404	3370	1920	458	0	260	0	194	574	8290	8004	3890	982	602	0	
375044	Cerebelum_6_R	0	0	0	0	0	0	0	0	0	0	0	0	0	0	0	0	0	0	0	0	0	0	0	0	0	0	0	0	0	0	0	0	0	0	0	0	0	0	0	328	0	0	0	0	0	0	490	9728	0	0	0	0	0	124	128	12096	0	0	0	0	0	0	0	0	0	0	0	0	0	0	0	0	0	0	0	0	0	0	0	0	0	0	0	0	0	0	0	0	0	156	2386	64368	738	12048	0	2168	3166	36076	3094	0	176	456	204	4328	254	770	0	406	0	1846	14942	10880	5644	340	182	0	
146496	Cerebelum_7b_L	0	0	0	0	0	0	0	0	0	0	0	0	0	0	0	0	0	0	0	0	0	0	0	0	0	0	0	0	0	0	0	0	0	0	0	0	0	0	0	0	0	0	0	0	0	0	0	0	0	0	0	0	0	0	614	0	0	0	0	0	0	0	0	0	0	0	0	0	0	0	0	0	0	0	0	0	0	0	0	0	0	0	0	0	0	0	0	0	232	0	8510	726	21622	3856	138	0	1362	0	2172	176	0	3002	15892	3002	1788	124	1244	0	0	0	206	206	5138	2836	402	0	
119648	Cerebelum_7b_R	0	0	0	0	0	0	0	0	0	0	0	0	0	0	0	0	0	0	0	0	0	0	0	0	0	0	0	0	0	0	0	0	0	0	0	0	0	0	0	0	0	0	0	0	0	0	0	0	0	0	0	0	0	0	0	0	0	0	0	0	0	0	0	0	0	0	0	0	0	0	0	0	0	0	0	0	0	0	0	0	0	0	0	0	0	0	0	0	0	0	168	4592	3616	15114	0	400	234	408	404	456	3002	0	2344	17150	0	2124	0	102	0	144	320	174	4576	3640	644	212	
183148	Cerebelum_8_L	0	0	0	0	0	0	0	0	0	0	0	0	0	0	0	0	0	0	0	0	0	0	0	0	0	0	0	0	0	0	0	0	0	0	0	0	0	0	0	0	0	0	0	0	0	0	94	0	0	0	0	0	0	0	1166	0	0	0	0	0	0	0	0	0	0	0	0	0	0	0	0	0	0	0	0	0	0	0	0	0	0	0	0	0	0	0	0	0	0	0	10316	606	17578	2304	576	0	4564	0	3370	204	15892	2344	0	5050	9932	790	3284	0	128	238	460	354	3020	6676	1996	632	
232936	Cerebelum_8_R	0	0	0	0	0	0	0	0	0	0	0	0	0	0	0	0	0	0	0	0	0	0	0	0	0	0	0	0	0	0	0	0	0	0	0	0	0	0	0	0	0	0	0	0	0	0	0	0	0	0	0	0	0	0	0	300	0	0	0	0	0	0	0	0	0	0	0	0	0	0	0	0	0	0	0	0	0	0	0	0	0	0	0	0	0	0	0	0	0	0	1928	8926	2964	21802	166	2504	2230	3886	1920	4328	3002	17150	5050	0	306	10664	114	2130	420	1428	3286	1502	5350	8940	4822	1350	
67600	Cerebelum_9_L	0	0	0	0	0	0	0	0	0	0	0	0	0	0	0	0	0	0	0	0	0	0	0	0	0	0	0	0	0	0	0	0	0	0	0	0	0	0	0	0	0	0	0	0	0	0	0	0	0	0	0	0	0	0	200	0	0	0	0	0	0	0	0	0	0	0	0	0	0	0	0	0	0	0	0	0	0	0	0	0	0	0	0	0	0	0	0	0	0	0	682	138	1504	0	1312	0	5594	114	458	254	1788	0	9932	306	0	1134	4372	0	198	352	1146	554	0	940	2064	758	
63648	Cerebelum_9_R	0	0	0	0	0	0	0	0	0	0	0	0	0	0	0	0	0	0	0	0	0	0	0	0	0	0	0	0	0	0	0	0	0	0	0	0	0	0	0	0	0	0	0	0	0	0	0	0	0	0	0	0	0	0	0	0	0	0	0	0	0	0	0	0	0	0	0	0	0	0	0	0	0	0	0	0	0	0	0	0	0	0	0	0	0	0	0	0	0	0	0	486	0	1292	224	1416	156	908	0	770	124	2124	790	10664	1134	0	162	1212	206	708	188	162	0	3240	4242	1616	
23684	Cerebelum_10_L	0	0	0	0	0	0	0	0	0	0	0	0	0	0	0	0	0	0	0	0	0	0	0	0	0	0	0	0	0	0	0	0	0	0	0	0	0	0	0	0	0	0	0	0	0	0	0	0	0	0	0	0	0	0	120	0	0	0	0	0	0	0	0	0	0	0	0	0	0	0	0	0	0	0	0	0	0	0	0	0	0	0	0	0	0	0	0	0	0	0	910	0	1260	0	0	0	116	0	260	0	1244	0	3284	114	4372	162	0	0	0	0	0	0	0	0	0	0	
10460	Cerebelum_10_R	0	0	0	0	0	0	0	0	0	0	0	0	0	0	0	0	0	0	0	0	0	0	0	0	0	0	0	0	0	0	0	0	0	0	0	0	0	0	0	0	0	0	0	0	0	0	0	0	0	0	0	0	0	0	0	0	0	0	0	0	0	0	0	0	0	0	0	0	0	0	0	0	0	0	0	0	0	0	0	0	0	0	0	0	0	0	0	0	0	0	0	292	0	1088	0	0	0	0	0	406	0	102	0	2130	0	1212	0	0	0	0	0	0	0	0	0	0	
17988	Vermis_1_2	0	0	0	0	0	0	0	0	0	0	0	0	0	0	0	0	0	0	0	0	0	0	0	0	0	0	0	0	0	0	0	0	0	0	0	0	0	0	0	0	0	0	0	0	0	0	0	0	0	0	0	0	0	0	0	0	0	0	0	0	0	0	0	0	0	0	0	0	0	0	0	0	0	0	0	0	0	0	0	0	0	0	0	0	0	0	0	0	0	0	210	0	200	0	1498	0	356	0	194	0	0	0	128	420	198	206	0	0	0	3830	572	222	262	158	444	96	
53608	Vermis_3	0	0	0	0	0	0	0	0	0	0	0	0	0	0	0	0	0	0	0	0	0	0	0	0	0	0	0	0	0	0	0	0	0	0	0	0	0	110	0	0	0	0	0	0	0	0	142	296	0	0	0	0	0	0	0	100	0	0	0	0	0	0	0	0	0	0	0	204	0	0	0	0	0	0	0	0	0	0	0	0	0	0	0	0	0	0	0	0	0	0	664	1562	464	786	1916	2252	1092	2670	574	1846	0	144	238	1428	352	708	0	0	3830	0	2372	514	424	610	1330	176	
230160	Vermis_4_5	0	0	0	0	0	0	0	0	0	0	0	0	0	0	0	0	0	0	0	0	0	0	0	0	0	0	0	0	0	0	0	0	0	0	588	758	546	512	166	116	0	0	0	0	0	0	1384	7752	0	0	0	0	0	0	826	2052	0	0	0	0	0	0	0	0	0	0	106	1226	0	0	0	0	0	0	0	0	0	0	0	0	0	0	0	0	0	0	0	0	0	0	7342	12068	2526	2848	564	562	11910	12202	8290	14942	206	320	460	3286	1146	188	0	0	572	2372	0	10740	2260	1688	1784	772	
151400	Vermis_6	0	0	0	0	0	0	0	0	0	0	0	0	0	0	0	0	0	0	0	0	0	0	0	0	0	0	0	0	0	0	0	0	0	0	0	0	0	0	0	0	0	0	0	0	0	0	1340	5158	0	0	0	0	0	0	208	956	0	0	0	0	0	0	0	0	0	0	0	0	0	0	0	0	0	0	0	0	0	0	0	0	0	0	0	0	0	0	0	0	0	0	5136	9730	950	1314	326	94	5046	2212	8004	10880	206	174	354	1502	554	162	0	0	222	514	10740	0	5492	1794	1620	1012	
150212	Vermis_7	0	0	0	0	0	0	0	0	0	0	0	0	0	0	0	0	0	0	0	0	0	0	0	0	0	0	0	0	0	0	0	0	0	0	0	0	0	0	0	0	0	0	0	0	0	0	788	886	0	0	0	0	0	0	0	118	0	0	0	0	0	0	0	0	0	0	0	0	0	0	0	0	0	0	0	0	0	0	0	0	0	0	0	0	0	0	0	0	0	0	4372	7590	8762	10272	0	104	1406	160	3890	5644	5138	4576	3020	5350	0	0	0	0	262	424	2260	5492	0	3396	972	224	
104612	Vermis_8	0	0	0	0	0	0	0	0	0	0	0	0	0	0	0	0	0	0	0	0	0	0	0	0	0	0	0	0	0	0	0	0	0	0	0	0	0	0	0	0	0	0	0	0	0	0	0	0	0	0	0	0	0	0	0	0	0	0	0	0	0	0	0	0	0	0	0	0	0	0	0	0	0	0	0	0	0	0	0	0	0	0	0	0	0	0	0	0	0	0	656	446	1860	2888	202	746	1252	236	982	340	2836	3640	6676	8940	940	3240	0	0	158	610	1688	1794	3396	0	5672	3108	
74224	Vermis_9	0	0	0	0	0	0	0	0	0	0	0	0	0	0	0	0	0	0	0	0	0	0	0	0	0	0	0	0	0	0	0	0	0	0	0	0	0	0	0	0	0	0	0	0	0	0	0	0	0	0	0	0	0	0	0	0	0	0	0	0	0	0	0	0	0	0	0	0	0	0	0	0	0	0	0	0	0	0	0	0	0	0	0	0	0	0	0	0	0	0	550	198	498	754	334	1582	1378	726	602	182	402	644	1996	4822	2064	4242	0	0	444	1330	1784	1620	972	5672	0	4316	
30700	Vermis_10	0	0	0	0	0	0	0	0	0	0	0	0	0	0	0	0	0	0	0	0	0	0	0	0	0	0	0	0	0	0	0	0	0	0	0	0	0	0	0	0	0	0	0	0	0	0	0	0	0	0	0	0	0	0	0	0	0	0	0	0	0	0	0	0	0	0	0	0	0	0	0	0	0	0	0	0	0	0	0	0	0	0	0	0	0	0	0	0	0	0	94	0	0	176	164	142	502	0	0	0	0	212	632	1350	758	1616	0	0	96	176	772	1012	224	3108	4316	0	
