data	data	544164	392352	955112	733728	162120	138948	568096	233888	106772	34472	284400	367576	309400	333632	181916	97576	247712	111864	754152	884312	126260	119916	483280	411168	92828	144124	105804	96804	737100	650704	494572	556972	189220	612680	142304	158076	297944	404944	150496	303860	37760	56624	234560	300296	146060	471740	305004	359588	143576	456820	539064	311408	232640	133832	481452	608672	274236	129384	153760	188512	203100	182180	79916	113460	195844	149876	414708	535548	253096	243012	387236	408596	407764	484276	58960	42388	146888	211320	175640	60280	284640	148340	131488	76060	354356	283140	41552	34720	334196	269688	433688	370284	330052	225032	68968	59408	287188	229552	431828	405976	248744	128728	310336	221400	189208	119604	27300	6900	28256	71664	203372	180536	162180	116396	87864	37352	
data	data	Precentral_L	Precentral_R	Frontal_Sup_L	Frontal_Sup_R	Frontal_Sup_Orb_L	Frontal_Sup_Orb_R	Frontal_Mid_L	Frontal_Mid_R	Frontal_Mid_Orb_L	Frontal_Mid_Orb_R	Frontal_Inf_Oper_L	Frontal_Inf_Oper_R	Frontal_Inf_Tri_L	Frontal_Inf_Tri_R	Frontal_Inf_Orb_L	Frontal_Inf_Orb_R	Rolandic_Oper_L	Rolandic_Oper_R	Supp_Motor_Area_L	Supp_Motor_Area_R	Olfactory_L	Olfactory_R	Frontal_Sup_Medial_L	Frontal_Sup_Medial_R	Frontal_Med_Orb_L	Frontal_Med_Orb_R	Rectus_L	Rectus_R	Insula_L	Insula_R	Cingulum_Ant_L	Cingulum_Ant_R	Cingulum_Mid_L	Cingulum_Mid_R	Cingulum_Post_L	Cingulum_Post_R	Hippocampus_L	Hippocampus_R	ParaHippocampal_L	ParaHippocampal_R	Amygdala_L	Amygdala_R	Calcarine_L	Calcarine_R	Cuneus_L	Cuneus_R	Lingual_L	Lingual_R	Occipital_Sup_L	Occipital_Sup_R	Occipital_Mid_L	Occipital_Mid_R	Occipital_Inf_L	Occipital_Inf_R	Fusiform_L	Fusiform_R	Postcentral_L	Postcentral_R	Parietal_Sup_L	Parietal_Sup_R	Parietal_Inf_L	Parietal_Inf_R	SupraMarginal_L	SupraMarginal_R	Angular_L	Angular_R	Precuneus_L	Precuneus_R	Paracentral_Lobule_L	Paracentral_Lobule_R	Caudate_L	Caudate_R	Putamen_L	Putamen_R	Pallidum_L	Pallidum_R	Thalamus_L	Thalamus_R	Heschl_L	Heschl_R	Temporal_Sup_L	Temporal_Sup_R	Temporal_Pole_Sup_L	Temporal_Pole_Sup_R	Temporal_Mid_L	Temporal_Mid_R	Temporal_Pole_Mid_L	Temporal_Pole_Mid_R	Temporal_Inf_L	Temporal_Inf_R	Cerebelum_Crus1_L	Cerebelum_Crus1_R	Cerebelum_Crus2_L	Cerebelum_Crus2_R	Cerebelum_3_L	Cerebelum_3_R	Cerebelum_4_5_L	Cerebelum_4_5_R	Cerebelum_6_L	Cerebelum_6_R	Cerebelum_7b_L	Cerebelum_7b_R	Cerebelum_8_L	Cerebelum_8_R	Cerebelum_9_L	Cerebelum_9_R	Cerebelum_10_L	Cerebelum_10_R	Vermis_1_2	Vermis_3	Vermis_4_5	Vermis_6	Vermis_7	Vermis_8	Vermis_9	Vermis_10	
544164	Precentral_L	0	7102	20846	1574	0	0	35470	202	0	0	14980	1310	2256	1212	0	0	9676	0	11900	11898	0	0	288	0	0	0	0	0	9570	1546	298	188	390	3770	1476	916	4826	938	454	230	0	0	464	0	264	170	576	128	312	172	11172	0	4620	0	1668	0	25750	0	2116	0	3170	0	1872	0	1674	0	1516	206	20238	2074	4380	1708	2736	384	1288	0	16660	3032	6962	0	4272	0	0	0	4488	0	0	0	4694	0	0	0	0	0	0	0	0	0	0	0	0	0	0	0	0	0	0	0	0	0	0	0	0	0	0	0	
392352	Precentral_R	7102	0	1660	9656	0	0	448	14308	0	0	146	11854	0	1752	0	0	120	1738	5458	30670	0	0	0	0	0	0	0	0	596	4806	376	120	1306	5646	2500	2224	1276	6592	826	1054	0	0	0	314	0	1870	328	564	138	1792	92	316	0	742	180	1634	1092	11078	0	240	164	834	0	3330	0	260	712	2268	8016	11998	936	8844	310	4796	420	102	1854	12144	158	802	0	1188	0	144	0	1592	0	0	0	2544	0	0	0	0	0	0	0	146	0	0	0	0	0	0	0	0	0	0	0	0	0	0	0	0	0	0	
955112	Frontal_Sup_L	20846	1660	0	6424	8566	0	87960	694	3916	0	4110	1560	23328	1586	7006	0	6554	0	75888	10576	226	106	49492	5168	5418	96	1010	0	30778	2026	27310	5620	5258	4878	180	138	5638	298	1238	0	0	0	0	0	0	0	338	0	0	0	152	0	0	0	1778	0	2040	0	0	0	136	0	128	0	0	0	136	0	2844	0	9852	1416	27678	880	5452	0	7214	468	5454	0	3574	0	212	0	982	0	0	0	1164	0	0	0	0	0	0	0	0	0	106	0	0	0	0	0	0	0	0	0	0	0	0	0	0	0	0	0	
733728	Frontal_Sup_R	1574	9656	6424	0	0	7030	920	29892	0	926	232	11286	100	11040	0	2672	178	1024	15118	51692	236	366	11662	39308	116	5570	232	1322	492	18036	9962	36844	952	20730	0	0	336	6468	118	3288	0	88	0	0	0	160	0	410	0	156	0	0	0	0	0	2946	508	266	0	0	126	0	0	152	0	0	0	230	222	0	1276	15108	476	24538	0	3920	328	7426	96	98	0	414	0	100	0	130	0	0	0	296	0	0	0	0	0	0	0	1150	0	298	0	0	0	0	0	144	0	0	0	0	0	0	0	0	0	0	
162120	Frontal_Sup_Orb_L	0	0	8566	0	0	0	2888	0	14222	0	0	0	4032	0	12484	0	0	0	0	0	2828	242	4420	214	6672	562	5442	88	7946	0	3692	0	0	0	0	0	0	0	0	0	176	0	0	0	0	0	0	0	0	0	0	0	0	0	0	0	0	0	0	0	0	0	0	0	0	0	0	0	0	0	1790	236	3886	92	0	0	0	0	0	0	0	0	582	0	0	0	0	0	0	0	0	0	0	0	0	0	0	0	0	0	0	0	0	0	0	0	0	0	0	0	0	0	0	0	0	0	
138948	Frontal_Sup_Orb_R	0	0	0	7030	0	0	0	1204	0	4200	0	0	0	1220	0	6612	0	0	112	298	944	2786	556	5148	174	11190	832	9486	216	4914	630	1166	0	264	0	0	0	0	0	0	0	602	0	0	0	0	0	0	0	0	0	0	0	0	0	0	0	0	0	0	0	0	0	0	0	0	0	0	0	0	924	2524	442	5852	0	0	0	0	0	0	0	0	0	148	0	0	0	0	0	0	0	0	0	0	0	0	0	0	0	0	0	0	0	0	0	0	0	0	0	0	0	0	0	0	0	0	
568096	Frontal_Mid_L	35470	448	87960	920	2888	0	0	94	3160	0	9872	512	31812	404	6074	0	3120	0	15912	1714	206	104	21822	1594	574	0	584	0	18406	536	7498	1434	2928	1158	320	278	1982	378	212	88	0	0	0	0	0	0	208	0	0	0	978	0	98	0	124	0	2694	0	636	0	642	0	476	0	512	0	340	0	410	0	1650	1022	2124	236	218	0	2660	926	6140	0	1164	0	0	0	202	0	0	0	126	0	0	0	0	0	0	0	0	0	0	0	0	0	0	0	0	0	0	0	0	0	0	0	0	0	0	0	
233888	Frontal_Mid_R	202	14308	694	29892	0	1204	94	0	0	814	230	13004	94	11002	0	862	154	618	1914	5368	0	0	844	3160	0	208	0	0	496	9106	1048	2516	0	2314	160	176	238	2646	192	708	0	0	0	0	0	418	0	344	0	426	0	0	0	0	0	414	126	366	0	0	0	98	0	418	0	0	138	500	0	0	438	840	0	5618	0	0	0	1906	0	118	0	134	0	0	0	190	0	0	0	186	0	0	0	0	0	0	0	0	0	0	0	0	0	0	0	0	0	0	0	0	0	0	0	0	0	0	
106772	Frontal_Mid_Orb_L	0	0	3916	0	14222	0	3160	0	0	0	0	0	3518	0	17242	0	0	0	0	0	434	112	90	0	1076	204	1870	0	4004	0	188	0	0	0	0	0	0	0	0	0	0	0	0	0	0	0	0	0	0	0	0	0	0	0	0	0	0	0	0	0	0	0	0	0	0	0	0	0	0	0	422	106	2136	0	0	0	0	0	0	0	0	0	686	0	0	0	0	0	0	0	0	0	0	0	0	0	0	0	0	0	0	0	0	0	0	0	0	0	0	0	0	0	0	0	0	0	
34472	Frontal_Mid_Orb_R	0	0	0	926	0	4200	0	814	0	0	0	0	0	514	0	7832	0	0	0	182	0	0	0	334	0	376	0	186	0	580	0	102	0	104	0	0	0	0	0	0	0	0	0	0	0	0	0	0	0	0	0	0	0	0	0	0	0	0	0	0	0	0	0	0	0	0	0	0	0	0	0	104	0	982	0	0	0	0	0	0	0	0	0	0	0	0	0	0	0	0	0	0	0	0	0	0	0	0	0	0	0	0	0	0	0	0	0	0	0	0	0	0	0	0	0	0	
284400	Frontal_Inf_Oper_L	14980	146	4110	232	0	0	9872	230	0	0	0	6758	15354	6488	786	0	12446	0	3168	820	0	0	740	106	184	0	118	0	18316	6878	3970	704	226	106	0	0	928	0	122	0	0	0	0	0	0	0	0	0	0	0	334	0	0	0	532	0	7378	0	346	0	214	0	0	0	248	0	104	0	170	0	8326	882	4132	536	0	0	0	0	2364	0	5138	0	3188	0	410	0	0	0	110	0	0	0	0	0	0	0	0	0	0	0	0	0	0	0	0	0	0	0	0	0	0	0	0	0	0	0	
367576	Frontal_Inf_Oper_R	1310	11854	1560	11286	0	0	512	13004	0	0	6758	0	2634	29828	0	412	2352	6126	2862	9640	0	0	688	1322	0	0	0	0	4236	33698	1966	3046	118	2540	0	0	0	1554	0	332	0	0	0	0	0	1010	0	0	0	1020	0	0	0	0	0	192	844	1292	0	0	0	166	0	712	0	140	256	1124	0	92	7876	6570	720	4612	0	278	0	1768	268	406	706	1266	338	1736	0	442	0	0	0	316	0	0	0	0	0	0	0	0	0	0	0	0	0	0	0	0	0	0	0	0	0	0	0	0	0	0	
309400	Frontal_Inf_Tri_L	2256	0	23328	100	4032	0	31812	94	3518	0	15354	2634	0	2534	11912	0	566	0	1816	854	204	102	3850	0	2152	96	888	0	28076	2548	6314	580	728	0	0	0	88	0	0	0	0	0	0	0	0	0	0	0	0	0	0	0	0	0	0	0	714	0	0	0	0	0	0	0	0	0	0	0	0	0	3328	906	1992	0	0	0	0	0	110	0	172	0	1042	0	0	0	0	0	0	0	0	0	0	0	0	0	0	0	0	0	0	0	0	0	0	0	0	0	0	0	0	0	0	0	0	0	
333632	Frontal_Inf_Tri_R	1212	1752	1586	11040	0	1220	404	11002	0	514	6488	29828	2534	0	0	3994	2128	908	3348	7560	0	0	2094	3486	0	212	0	0	3420	33758	1692	5370	232	5348	0	0	0	1874	0	1078	0	0	0	152	0	0	0	336	0	0	0	0	0	0	0	1314	790	158	0	0	0	0	0	0	0	0	0	354	0	0	6998	3052	572	6840	0	122	0	168	190	186	682	202	340	0	0	0	0	0	0	186	0	0	0	0	0	0	0	92	0	0	0	0	0	0	0	0	0	0	0	0	0	0	0	0	0	0	
181916	Frontal_Inf_Orb_L	0	0	7006	0	12484	0	6074	0	17242	0	786	0	11912	0	0	0	0	0	0	0	3178	328	1100	0	696	0	1484	0	15672	0	980	0	0	0	0	0	102	0	0	0	720	0	0	0	0	0	0	0	0	0	0	0	0	0	182	0	0	0	0	0	0	0	0	0	0	0	0	0	0	0	1888	282	5306	110	0	0	0	0	0	0	166	0	3088	0	172	0	0	0	0	0	0	0	0	0	0	0	0	0	0	0	0	0	0	0	0	0	0	0	0	0	0	0	0	0	0	0	
97576	Frontal_Inf_Orb_R	0	0	0	2672	0	6612	0	862	0	7832	0	412	0	3994	0	0	0	0	314	892	386	2316	192	1624	0	1362	272	2942	0	7920	0	904	0	726	0	0	0	0	0	0	0	400	0	0	0	0	0	0	0	0	0	0	0	0	0	0	0	0	0	0	0	0	0	0	0	0	0	0	0	0	386	1296	158	3110	0	0	0	0	0	0	0	170	0	808	0	138	0	88	0	0	0	0	0	0	0	0	0	0	0	0	0	0	0	0	0	0	0	0	0	0	0	0	0	0	0	0	
247712	Rolandic_Oper_L	9676	120	6554	178	0	0	3120	154	0	0	12446	2352	566	2128	0	0	0	88	5358	164	0	0	226	92	0	0	0	0	21442	2620	604	268	0	0	0	0	2024	0	186	0	0	0	0	0	0	0	0	0	0	0	652	0	116	0	2140	0	8586	0	666	0	342	0	2892	0	454	0	246	0	492	0	5704	184	2028	646	0	0	186	0	8428	0	14588	0	1140	0	2502	0	0	0	1498	0	0	0	0	0	0	0	0	0	0	0	0	0	0	0	0	0	0	0	0	0	0	0	0	0	0	0	
111864	Rolandic_Oper_R	0	1738	0	1024	0	0	0	618	0	0	0	6126	0	908	0	0	88	0	156	954	0	0	0	0	0	0	0	0	164	11454	0	200	0	192	0	0	0	762	0	142	0	0	0	0	0	204	0	0	0	256	0	0	0	0	0	90	0	2402	0	0	0	142	0	3008	0	0	100	286	0	0	248	3040	0	3992	0	106	0	1788	0	4822	0	8488	0	1896	0	444	0	0	0	94	0	0	0	0	0	0	0	0	0	0	0	0	0	0	0	0	0	0	0	0	0	0	0	0	0	0	
754152	Supp_Motor_Area_L	11900	5458	75888	15118	0	112	15912	1914	0	0	3168	2862	1816	3348	0	314	5358	156	0	52136	0	0	12536	4680	240	0	0	0	13760	3412	15132	12190	15256	22198	1204	662	4856	518	1066	182	0	0	0	0	0	0	156	0	0	0	0	0	0	0	1684	0	2068	0	0	0	0	0	94	0	0	0	162	166	7982	1418	10302	2370	23192	1218	7230	96	4916	1744	3458	0	3138	0	160	0	960	0	0	0	1116	0	0	0	0	0	0	0	0	0	94	0	0	0	0	0	0	0	0	0	0	0	0	0	0	0	0	0	
884312	Supp_Motor_Area_R	11898	30670	10576	51692	0	298	1714	5368	0	182	820	9640	854	7560	0	892	164	954	52136	0	0	0	3780	9218	0	502	0	0	704	8908	5580	21268	8052	53486	2916	6762	594	2064	224	710	0	0	0	558	0	5844	98	316	160	6078	122	3086	0	886	0	1546	306	3134	0	2134	370	1126	0	2080	0	352	1796	6920	12370	25138	4782	22612	1864	8014	480	2352	2510	8838	156	500	0	898	0	0	0	2138	0	0	0	2312	0	0	0	0	0	0	0	94	0	0	0	0	0	0	0	0	0	0	0	0	0	0	0	0	0	0	
126260	Olfactory_L	0	0	226	236	2828	944	206	0	434	0	0	0	204	0	3178	386	0	0	0	0	0	7450	0	256	536	1100	5802	1852	5768	502	2518	2032	0	0	0	0	142	0	278	0	1416	0	0	0	0	0	0	0	0	0	0	0	0	0	246	0	0	0	0	0	0	0	0	0	0	0	0	0	0	0	11594	4736	4886	1800	0	0	0	0	0	0	128	0	1302	0	144	0	0	0	0	0	0	0	0	0	0	0	0	0	0	0	0	0	0	0	0	0	0	0	0	0	0	0	0	0	0	0	
119916	Olfactory_R	0	0	106	366	242	2786	104	0	112	0	0	0	102	0	328	2316	0	0	0	0	7450	0	0	422	0	2382	4066	4838	1118	3770	1960	3744	0	0	0	0	0	106	0	232	134	874	0	0	0	0	0	0	0	0	0	0	0	0	0	0	0	0	0	0	0	0	0	0	0	0	0	0	0	0	8306	7398	3970	2426	88	0	0	0	0	0	0	0	0	212	0	0	0	0	0	0	0	0	0	0	0	0	0	0	0	0	0	0	0	0	0	0	0	0	0	0	0	0	0	0	0	0	
483280	Frontal_Sup_Medial_L	288	0	49492	11662	4420	556	21822	844	90	0	740	688	3850	2094	1100	192	226	0	12536	3780	0	0	0	27984	7532	804	602	0	6066	1678	36056	19052	6688	16398	0	0	0	0	0	0	0	0	0	0	0	0	0	0	0	0	0	0	0	0	0	0	0	0	0	0	0	0	0	0	0	0	0	0	0	0	796	468	2372	414	0	0	0	0	122	0	106	0	122	0	0	0	0	0	0	0	0	0	0	0	0	0	0	0	0	0	0	0	0	0	0	0	0	0	0	0	0	0	0	0	0	0	
411168	Frontal_Sup_Medial_R	0	0	5168	39308	214	5148	1594	3160	0	334	106	1322	0	3486	0	1624	92	0	4680	9218	256	422	27984	0	464	8268	254	1796	190	5562	8622	35992	2206	25070	0	0	0	0	0	0	0	0	0	0	0	0	0	0	0	0	0	0	0	0	0	0	0	0	0	0	0	0	0	0	0	0	0	0	0	0	476	3648	140	8594	0	186	0	0	0	0	0	0	0	0	0	0	0	0	0	0	0	0	0	0	0	0	0	0	0	0	0	0	0	0	0	0	0	0	0	0	0	0	0	0	0	0	
92828	Frontal_Med_Orb_L	0	0	5418	116	6672	174	574	0	1076	0	184	0	2152	0	696	0	0	0	240	0	536	0	7532	464	0	1786	4442	284	3676	0	7878	200	0	0	0	0	0	0	0	0	0	0	0	0	0	0	0	0	0	0	0	0	0	0	0	0	0	0	0	0	0	0	0	0	0	0	0	0	0	0	644	0	1670	0	0	0	0	0	0	0	0	0	0	0	0	0	0	0	0	0	0	0	0	0	0	0	0	0	0	0	0	0	0	0	0	0	0	0	0	0	0	0	0	0	0	0	
144124	Frontal_Med_Orb_R	0	0	96	5570	562	11190	0	208	204	376	0	0	96	212	0	1362	0	0	0	502	1100	2382	804	8268	1786	0	1470	8190	398	1616	2996	7832	0	0	0	0	0	0	0	0	0	184	0	0	0	0	0	0	0	0	0	0	0	0	0	0	0	0	0	0	0	0	0	0	0	0	0	0	0	0	1150	4788	472	8096	0	152	0	0	0	0	0	0	0	0	0	0	0	0	0	0	0	0	0	0	0	0	0	0	0	0	0	0	0	0	0	0	0	0	0	0	0	0	0	0	0	0	
105804	Rectus_L	0	0	1010	232	5442	832	584	0	1870	0	118	0	888	0	1484	272	0	0	0	0	5802	4066	602	254	4442	1470	0	1458	2628	334	5016	1460	0	0	0	0	0	0	0	0	122	0	0	0	0	0	0	0	0	0	0	0	0	0	0	0	0	0	0	0	0	0	0	0	0	0	0	0	0	0	5634	2452	3014	1266	0	0	0	0	0	0	0	0	150	0	0	0	0	0	0	0	0	0	0	0	0	0	0	0	0	0	0	0	0	0	0	0	0	0	0	0	0	0	0	0	0	0	
96804	Rectus_R	0	0	0	1322	88	9486	0	0	0	186	0	0	0	0	0	2942	0	0	0	0	1852	4838	0	1796	284	8190	1458	0	350	2814	1064	2554	0	0	0	0	0	0	0	0	0	608	0	0	0	0	0	0	0	0	0	0	0	0	0	0	0	0	0	0	0	0	0	0	0	0	0	0	0	0	1968	3084	718	2678	0	0	0	0	0	0	0	0	0	122	0	0	0	0	0	0	0	0	0	0	0	0	0	0	0	0	0	0	0	0	0	0	0	0	0	0	0	0	0	0	0	0	
737100	Insula_L	9570	596	30778	492	7946	216	18406	496	4004	0	18316	4236	28076	3420	15672	0	21442	164	13760	704	5768	1118	6066	190	3676	398	2628	350	0	4488	11962	1070	106	126	756	370	14764	430	3230	0	2078	0	266	0	90	0	690	0	0	0	778	0	986	0	12508	0	3384	0	382	0	118	0	112	0	310	0	488	0	650	0	15758	1802	27254	1370	0	0	1646	626	19300	0	17028	0	8588	0	5188	0	0	0	9192	0	1032	0	0	0	0	0	222	0	914	0	0	0	0	0	0	0	0	0	0	0	0	0	0	0	0	0	
650704	Insula_R	1546	4806	2026	18036	0	4914	536	9106	0	580	6878	33698	2548	33758	0	7920	2620	11454	3412	8908	502	3770	1678	5562	0	1616	334	2814	4488	0	2998	8086	174	4004	122	268	252	19122	194	9602	0	3022	0	504	0	104	94	1348	0	108	0	0	0	254	0	14236	926	1156	0	0	0	0	0	130	0	0	0	956	0	172	8686	9460	844	35124	0	482	168	2232	332	5144	836	6644	356	2478	0	2124	0	0	0	6040	0	882	0	0	0	0	0	1152	0	922	0	0	0	0	0	0	0	0	0	0	104	0	0	0	0	0	
494572	Cingulum_Ant_L	298	376	27310	9962	3692	630	7498	1048	188	0	3970	1966	6314	1692	980	0	604	0	15132	5580	2518	1960	36056	8622	7878	2996	5016	1064	11962	2998	0	32518	7544	6336	0	0	214	132	0	0	0	0	0	0	0	0	0	0	0	0	0	0	0	0	178	0	94	0	0	0	0	0	0	0	0	0	0	0	0	0	8450	7858	11212	2506	0	0	314	150	130	0	550	0	680	0	0	0	0	0	110	0	0	0	0	0	0	0	0	0	0	0	0	0	0	0	0	0	0	0	0	0	0	0	0	0	0	0	
556972	Cingulum_Ant_R	188	120	5620	36844	0	1166	1434	2516	0	102	704	3046	580	5370	0	904	268	200	12190	21268	2032	3744	19052	35992	200	7832	1460	2554	1070	8086	32518	0	4842	31730	162	218	0	306	0	148	0	0	0	0	0	0	0	0	0	0	0	0	0	0	0	132	0	0	0	0	0	0	0	0	0	0	0	0	0	0	4426	16080	1268	11262	0	252	0	338	112	0	0	0	0	150	0	0	0	0	0	0	0	0	0	0	0	0	0	0	0	0	0	0	0	0	0	0	0	0	0	0	0	0	0	0	0	0	
189220	Cingulum_Mid_L	390	1306	5258	952	0	0	2928	0	0	0	226	118	728	232	0	0	0	0	15256	8052	0	0	6688	2206	0	0	0	0	106	174	7544	4842	0	16518	4562	1442	0	0	0	0	0	0	0	0	160	428	120	0	524	292	1854	130	184	0	0	0	482	0	208	0	370	0	0	0	302	0	3750	2092	2492	1090	0	0	0	0	0	0	0	0	0	0	0	0	0	0	440	0	0	0	164	0	0	0	0	0	0	0	0	0	0	0	0	0	0	0	0	0	0	0	0	0	0	0	0	0	0	0	
612680	Cingulum_Mid_R	3770	5646	4878	20730	0	264	1158	2314	0	104	106	2540	0	5348	0	726	0	192	22198	53486	0	0	16398	25070	0	0	0	0	126	4004	6336	31730	16518	0	2910	10506	0	0	0	0	0	0	0	676	0	7970	0	0	0	7494	0	3266	0	376	0	534	0	1702	0	2264	0	718	0	404	0	270	3270	13340	5938	17624	234	802	0	630	0	0	142	0	0	0	0	0	0	0	0	1190	0	0	0	438	0	0	0	0	0	0	0	0	0	0	0	0	0	0	0	0	0	0	0	0	0	0	0	0	0	0	
142304	Cingulum_Post_L	1476	2500	180	0	0	0	320	160	0	0	0	0	0	0	0	0	0	0	1204	2916	0	0	0	0	0	0	0	0	756	122	0	162	4562	2910	0	6914	5000	2876	3050	662	0	0	4410	0	1914	0	3100	320	698	0	1350	0	664	0	790	0	462	0	0	0	0	0	0	0	0	0	9758	824	3952	1502	0	0	340	122	0	0	0	2132	408	0	90	0	0	0	288	0	0	0	334	0	0	0	0	0	0	0	1190	198	184	0	0	0	0	0	0	0	0	0	0	0	352	0	0	0	0	0	
158076	Cingulum_Post_R	916	2224	138	0	0	0	278	176	0	0	0	0	0	0	0	0	0	0	662	6762	0	0	0	0	0	0	0	0	370	268	0	218	1442	10506	6914	0	3286	4770	1884	2380	0	0	0	2818	0	1232	714	3142	0	770	0	408	0	444	342	1190	0	0	0	178	0	0	0	0	0	0	2068	11544	510	5422	0	0	0	164	0	0	0	2134	314	0	0	0	0	0	0	328	0	0	0	294	0	0	0	0	0	0	0	536	0	0	0	0	0	0	0	0	0	0	0	0	1292	0	0	0	0	0	
297944	Hippocampus_L	4826	1276	5638	336	0	0	1982	238	0	0	928	0	88	0	102	0	2024	0	4856	594	142	0	0	0	0	0	0	0	14764	252	214	0	0	0	5000	3286	0	3666	18156	918	5596	0	1418	0	0	0	5378	492	0	0	190	0	814	0	18270	94	390	0	0	0	0	0	0	0	0	0	2242	144	94	0	774	660	11416	242	1120	0	4490	4264	5172	0	3724	0	1354	0	1034	0	0	0	6360	0	498	0	0	0	0	0	2014	274	918	0	0	0	0	0	0	0	0	0	0	0	250	0	0	0	0	0	
404944	Hippocampus_R	938	6592	298	6468	0	0	378	2646	0	0	0	1554	0	1874	0	0	0	762	518	2064	0	106	0	0	0	0	0	0	430	19122	132	306	0	0	2876	4770	3666	0	2448	37472	0	7462	0	1932	0	108	1222	10016	0	110	0	88	0	660	602	27990	0	224	0	0	0	0	0	0	0	0	406	5292	0	0	158	1346	92	21790	0	2408	690	7574	300	776	0	1098	0	242	0	390	0	0	0	3372	0	972	0	0	0	346	0	6008	0	1640	0	0	0	0	0	234	0	0	0	0	1504	0	0	0	0	0	
150496	ParaHippocampal_L	454	826	1238	118	0	0	212	192	0	0	122	0	0	0	0	0	186	0	1066	224	278	0	0	0	0	0	0	0	3230	194	0	0	0	0	3050	1884	18156	2448	0	804	2210	0	1082	0	0	0	6368	428	0	0	218	0	230	0	10628	0	106	0	0	0	0	0	0	0	0	0	1724	112	0	0	500	0	3954	188	0	0	1126	2276	796	0	1102	0	1212	0	258	0	848	0	1516	0	362	0	0	0	110	0	1994	236	776	0	0	0	0	0	0	0	0	0	0	0	206	0	0	0	0	0	
303860	ParaHippocampal_R	230	1054	0	3288	0	0	88	708	0	0	0	332	0	1078	0	0	0	142	182	710	0	232	0	0	0	0	0	0	0	9602	0	148	0	0	662	2380	918	37472	804	0	0	6342	0	1996	0	0	510	12810	0	104	0	106	0	884	216	26604	0	0	0	0	0	0	0	0	0	0	202	5572	0	0	0	618	0	12362	0	1560	320	2990	0	292	0	584	0	2732	0	168	0	1688	0	1366	0	520	0	0	0	496	0	7590	0	1522	0	0	0	0	0	290	0	124	0	0	1332	0	0	0	0	0	
37760	Amygdala_L	0	0	0	0	176	0	0	0	0	0	0	0	0	0	720	0	0	0	0	0	1416	134	0	0	0	0	122	0	2078	0	0	0	0	0	0	0	5596	0	2210	0	0	0	0	0	0	0	0	0	0	0	0	0	0	0	3376	0	0	0	0	0	0	0	0	0	0	0	0	0	0	0	670	0	466	0	0	0	0	0	0	0	232	0	816	0	180	0	0	0	688	0	0	0	0	0	0	0	0	0	0	0	0	0	0	0	0	0	0	0	0	0	0	0	0	0	0	0	
56624	Amygdala_R	0	0	0	88	0	602	0	0	0	0	0	0	0	0	0	400	0	0	0	0	0	874	0	0	0	184	0	608	0	3022	0	0	0	0	0	0	0	7462	0	6342	0	0	0	0	0	0	0	0	0	0	0	0	0	0	0	3224	0	0	0	0	0	0	0	0	0	0	0	0	0	0	0	516	0	2118	0	0	0	0	0	0	0	0	0	2054	0	0	0	580	0	94	0	0	0	0	0	0	0	144	0	0	0	0	0	0	0	0	0	0	0	0	0	0	0	0	0	0	
234560	Calcarine_L	464	0	0	0	0	0	0	0	0	0	0	0	0	0	0	0	0	0	0	0	0	0	0	0	0	0	0	0	266	0	0	0	0	0	4410	0	1418	0	1082	0	0	0	0	6956	9380	2854	16952	3920	6344	1136	25250	162	9408	140	4002	384	674	0	200	0	384	0	0	0	560	0	12868	458	672	0	0	0	170	0	0	0	0	0	0	0	0	0	0	0	2510	0	0	0	1280	0	570	0	0	0	0	0	1340	0	342	0	0	0	0	0	0	0	0	0	0	0	724	0	0	0	0	0	
300296	Calcarine_R	0	314	0	0	0	0	0	0	0	0	0	0	0	152	0	0	0	0	0	558	0	0	0	0	0	0	0	0	0	504	0	0	0	676	0	2818	0	1932	0	1996	0	0	6956	0	4106	24576	1220	21796	0	16896	126	13730	0	7808	0	10650	0	144	0	744	0	774	0	0	0	214	1016	21898	0	596	0	0	0	168	0	0	0	0	0	0	0	0	0	0	0	5480	0	0	0	1634	0	0	0	0	0	0	0	0	0	0	0	0	0	0	0	0	0	0	0	0	666	0	0	0	0	0	
146060	Cuneus_L	264	0	0	0	0	0	0	0	0	0	0	0	0	0	0	0	0	0	0	0	0	0	0	0	0	0	0	0	90	0	0	0	160	0	1914	0	0	0	0	0	0	0	9380	4106	0	6466	1052	976	14914	1396	9946	180	2546	0	228	0	742	0	1734	0	0	0	0	0	88	0	10830	2078	1512	0	0	0	0	0	0	0	0	0	0	0	0	0	0	0	1370	0	0	0	1058	0	0	0	0	0	0	0	0	0	0	0	0	0	0	0	0	0	0	0	0	0	0	0	0	0	0	0	
471740	Cuneus_R	170	1870	0	160	0	0	0	418	0	0	0	1010	0	0	0	0	0	204	0	5844	0	0	0	0	0	0	0	0	0	104	0	0	428	7970	0	1232	0	108	0	0	0	0	2854	24576	6466	0	180	4646	314	53132	0	19056	0	3164	0	5004	0	3630	236	9194	0	3646	0	1352	0	2676	13340	43340	0	7874	0	124	0	0	0	0	0	118	0	184	0	1404	0	0	0	5400	0	0	0	4186	0	0	0	0	0	0	0	0	0	102	0	0	0	0	0	0	0	0	0	0	154	0	0	0	0	0	
305004	Lingual_L	576	328	338	0	0	0	208	0	0	0	0	0	0	0	0	0	0	0	156	98	0	0	0	0	0	0	0	0	690	94	0	0	120	0	3100	714	5378	1222	6368	510	0	0	16952	1220	1052	180	0	2948	2092	172	16582	110	14088	0	20512	882	536	0	94	0	0	0	0	0	0	0	6274	146	172	0	136	0	384	0	0	0	864	1240	462	0	398	0	0	0	1090	0	0	0	492	0	5966	1010	242	158	766	0	11488	922	13412	1898	0	0	0	0	0	0	0	0	0	140	2850	3336	836	0	218	282	
359588	Lingual_R	128	564	0	410	0	0	0	344	0	0	0	0	0	336	0	0	0	0	0	316	0	0	0	0	0	0	0	0	0	1348	0	0	0	0	320	3142	492	10016	428	12810	0	0	3920	21796	976	4646	2948	0	0	4834	142	3426	0	7808	472	29452	0	0	0	190	0	0	0	0	0	0	250	12542	0	124	0	0	0	1106	0	136	162	1880	0	0	0	0	0	0	0	1094	0	0	0	1224	2604	4844	780	122	260	480	1882	8970	4286	11714	0	0	0	0	146	0	0	0	0	0	6552	6484	888	0	0	0	
143576	Occipital_Sup_L	312	138	0	0	0	0	0	0	0	0	0	0	0	0	0	0	0	0	0	160	0	0	0	0	0	0	0	0	0	0	0	0	524	0	698	0	0	0	0	0	0	0	6344	0	14914	314	2092	0	0	0	22176	0	1606	0	454	0	608	0	5866	0	2276	0	0	0	2102	0	8396	656	1062	0	0	0	0	0	0	0	0	0	0	0	0	0	0	0	1090	0	0	0	0	0	0	0	0	0	0	0	0	0	0	0	0	0	0	0	0	0	0	0	0	0	0	0	0	0	0	0	
456820	Occipital_Sup_R	172	1792	0	156	0	0	0	426	0	0	0	1020	0	0	0	0	0	256	0	6078	0	0	0	0	0	0	0	0	0	108	0	0	292	7494	0	770	0	110	0	104	0	0	1136	16896	1396	53132	172	4834	0	0	0	30260	0	3702	0	5522	0	3674	0	11520	0	5774	0	1440	0	6634	9698	33886	0	7966	0	136	0	0	0	0	0	128	0	188	0	1618	0	0	0	4956	0	0	0	4368	0	0	0	0	0	0	0	98	0	194	0	0	0	0	0	0	0	0	0	0	202	102	0	0	0	0	
539064	Occipital_Mid_L	11172	92	152	0	0	0	978	0	0	0	334	0	0	0	0	0	652	0	0	122	0	0	0	0	0	0	0	0	778	0	0	0	1854	0	1350	0	190	0	218	0	0	0	25250	126	9946	0	16582	142	22176	0	0	0	28514	0	8616	0	11364	0	13980	0	17016	0	590	0	23824	0	22012	0	12126	0	0	0	0	0	0	0	0	0	358	0	304	0	0	0	28196	0	0	0	9672	0	544	0	0	0	0	0	0	0	302	0	0	0	0	0	0	0	0	0	0	0	0	0	0	0	0	0	
311408	Occipital_Mid_R	0	316	0	0	0	0	0	0	0	0	0	0	0	0	0	0	0	0	0	3086	0	0	0	0	0	0	0	0	0	0	0	0	130	3266	0	408	0	88	0	106	0	0	162	13730	180	19056	110	3426	0	30260	0	0	0	6526	0	5708	0	474	0	5750	0	9702	0	430	0	17852	3522	12052	0	3128	0	0	0	0	0	0	0	0	0	0	0	646	0	0	0	13048	0	0	0	1886	0	0	0	0	0	0	0	106	0	218	0	0	0	0	0	0	0	0	0	0	214	118	0	0	0	0	
232640	Occipital_Inf_L	4620	0	0	0	0	0	98	0	0	0	0	0	0	0	0	0	116	0	0	0	0	0	0	0	0	0	0	0	986	0	0	0	184	0	664	0	814	0	230	0	0	0	9408	0	2546	0	14088	0	1606	0	28514	0	0	0	15800	0	1696	0	186	0	338	0	0	0	424	0	4412	0	4464	0	0	0	0	0	0	0	0	0	1002	0	998	0	118	0	7194	0	0	0	13072	0	828	0	0	0	0	0	296	0	1352	0	0	0	0	0	0	0	0	0	0	0	0	172	94	0	0	0	
133832	Occipital_Inf_R	0	742	0	0	0	0	0	0	0	0	0	0	0	0	0	0	0	0	0	886	0	0	0	0	0	0	0	0	0	254	0	0	0	376	0	444	0	660	0	884	0	0	140	7808	0	3164	0	7808	0	3702	0	6526	0	0	0	12672	0	122	0	152	0	126	0	0	0	0	176	4188	0	858	0	0	0	0	0	0	0	0	0	168	0	122	0	0	0	3956	0	0	0	6610	156	320	0	0	0	0	218	720	238	1514	0	0	0	0	0	0	0	0	0	0	746	460	0	0	0	0	
481452	Fusiform_L	1668	180	1778	0	0	0	124	0	0	0	532	0	0	0	182	0	2140	0	1684	0	246	0	0	0	0	0	0	0	12508	0	178	0	0	0	790	342	18270	602	10628	216	3376	0	4002	0	228	0	20512	472	454	0	8616	0	15800	0	0	222	946	0	150	0	1092	0	1606	0	1778	0	1358	0	1008	0	476	0	5146	0	0	0	240	734	2870	0	11396	0	4928	0	6618	0	2564	0	26212	0	20118	490	696	0	1180	0	10622	162	27728	764	660	0	896	0	160	0	130	0	0	0	572	1258	418	0	0	0	
608672	Fusiform_R	0	1634	0	2946	0	0	0	414	0	0	0	192	0	1314	0	0	0	90	0	1546	0	0	0	0	0	0	0	0	0	14236	0	132	0	534	0	1190	94	27990	0	26604	0	3224	384	10650	0	5004	882	29452	0	5522	0	5708	0	12672	222	0	0	148	0	240	0	246	0	100	0	0	318	6728	0	1384	0	894	0	11348	0	634	0	826	0	2112	0	2782	0	5772	0	5010	0	2642	0	22156	1886	20754	498	320	330	1354	1716	16290	3088	29914	0	152	0	324	158	322	0	114	0	262	6186	4198	494	0	0	0	
274236	Postcentral_L	25750	1092	2040	508	0	0	2694	126	0	0	7378	844	714	790	0	0	8586	0	2068	306	0	0	0	0	0	0	0	0	3384	926	94	0	482	0	462	0	390	0	106	0	0	0	674	0	742	0	536	0	608	0	11364	0	1696	0	946	0	0	0	8716	0	14990	0	6048	0	4936	0	4118	0	8658	0	1092	0	200	104	0	0	166	90	3402	0	3904	0	0	0	3866	0	0	0	1522	0	0	0	0	0	0	0	0	0	0	0	0	0	0	0	0	0	0	0	0	0	0	0	0	0	0	0	
129384	Postcentral_R	0	11078	0	266	0	0	0	366	0	0	0	1292	0	158	0	0	0	2402	0	3134	0	0	0	0	0	0	0	0	0	1156	0	0	0	1702	0	0	0	224	0	0	0	0	0	144	0	3630	0	0	0	3674	0	474	0	122	0	148	0	0	0	4870	0	4542	0	9732	0	276	272	4856	0	6930	0	140	0	204	0	0	0	106	0	202	0	1048	0	0	0	942	0	0	0	602	0	0	0	0	0	0	0	0	0	0	0	0	0	0	0	0	0	0	0	0	0	0	0	0	0	0	
153760	Parietal_Sup_L	2116	0	0	0	0	0	636	0	0	0	346	0	0	0	0	0	666	0	0	0	0	0	0	0	0	0	0	0	382	0	0	0	208	0	0	0	0	0	0	0	0	0	200	0	1734	236	94	0	5866	0	13980	0	186	0	150	0	8716	0	0	0	10612	0	152	0	8904	0	16606	616	3340	0	0	0	0	0	0	0	0	0	208	0	0	0	0	0	750	0	0	0	176	0	0	0	0	0	0	0	0	0	0	0	0	0	0	0	0	0	0	0	0	0	0	0	0	0	0	0	
188512	Parietal_Sup_R	0	240	0	0	0	0	0	0	0	0	0	0	0	0	0	0	0	0	0	2134	0	0	0	0	0	0	0	0	0	0	0	0	0	2264	0	178	0	0	0	0	0	0	0	744	0	9194	0	190	0	11520	0	5750	0	152	0	240	0	4870	0	0	0	14962	0	550	0	7224	4878	13680	0	3092	0	0	0	0	0	0	0	0	0	0	0	1630	0	0	0	8272	0	0	0	2492	0	0	0	0	0	0	0	0	0	0	0	0	0	0	0	0	0	0	0	0	0	0	0	0	0	0	
203100	Parietal_Inf_L	3170	164	136	126	0	0	642	0	0	0	214	0	0	0	0	0	342	0	0	370	0	0	0	0	0	0	0	0	118	0	0	0	370	0	0	0	0	0	0	0	0	0	384	0	0	0	0	0	2276	0	17016	0	338	0	1092	0	14990	0	10612	0	0	0	10328	0	23980	0	4670	0	1248	0	0	110	0	0	0	0	0	170	116	0	522	0	0	0	6800	0	0	0	1246	0	0	0	0	0	0	0	0	0	0	0	0	0	0	0	0	0	0	0	0	0	0	0	0	0	0	0	
182180	Parietal_Inf_R	0	834	0	0	0	0	0	98	0	0	0	166	0	0	0	0	0	142	0	1126	0	0	0	0	0	0	0	0	0	0	0	0	0	718	0	0	0	0	0	0	0	0	0	774	0	3646	0	0	0	5774	0	9702	0	126	0	246	0	4542	0	14962	0	0	0	7104	0	17954	1366	4656	0	1214	0	204	0	0	0	0	0	178	0	0	0	1990	0	0	0	10940	0	0	0	2628	0	0	0	0	0	0	0	0	0	0	0	0	0	0	0	0	0	0	0	0	0	0	0	0	0	0	
79916	SupraMarginal_L	1872	0	128	0	0	0	476	0	0	0	0	0	0	0	0	0	2892	0	94	0	0	0	0	0	0	0	0	0	112	0	0	0	0	0	0	0	0	0	0	0	0	0	0	0	0	0	0	0	0	0	590	0	0	0	1606	0	6048	0	152	0	10328	0	0	0	5144	0	0	0	448	0	0	0	0	0	0	0	0	0	100	0	4708	0	0	0	3598	0	0	0	1662	0	0	0	0	0	0	0	0	0	0	0	0	0	0	0	0	0	0	0	0	0	0	0	0	0	0	0	
113460	SupraMarginal_R	0	3330	0	152	0	0	0	418	0	0	0	712	0	0	0	0	0	3008	0	2080	0	0	0	0	0	0	0	0	0	130	0	0	0	404	0	0	0	0	0	0	0	0	0	0	0	1352	0	0	0	1440	0	430	0	0	0	100	0	9732	0	550	0	7104	0	0	0	5846	496	1764	0	1846	0	0	0	0	0	0	0	0	0	236	0	5700	0	0	0	5596	0	0	0	4304	0	0	0	0	0	0	0	0	0	0	0	0	0	0	0	0	0	0	0	0	0	0	0	0	0	0	
195844	Angular_L	1674	0	0	0	0	0	512	0	0	0	248	0	0	0	0	0	454	0	0	0	0	0	0	0	0	0	0	0	310	0	0	0	302	0	0	0	0	0	0	0	0	0	560	0	88	0	0	0	2102	0	23824	0	424	0	1778	0	4936	0	8904	0	23980	0	5144	0	0	0	4870	0	2614	0	0	0	0	0	0	0	0	0	128	0	526	0	0	0	12572	0	0	0	1972	0	0	0	0	0	0	0	0	0	0	0	0	0	0	0	0	0	0	0	0	0	0	0	0	0	0	0	
149876	Angular_R	0	260	0	0	0	0	0	0	0	0	0	140	0	0	0	0	0	0	0	352	0	0	0	0	0	0	0	0	0	0	0	0	0	270	0	0	0	0	0	0	0	0	0	214	0	2676	0	0	0	6634	0	17852	0	0	0	0	0	276	0	7224	0	17954	0	5846	0	0	1474	3040	0	318	0	194	0	0	0	0	0	174	0	0	0	2420	0	0	0	6004	0	0	0	1616	0	0	0	0	0	0	0	0	0	0	0	0	0	0	0	0	0	0	0	0	0	0	0	0	0	0	
414708	Precuneus_L	1516	712	136	0	0	0	340	138	0	0	104	256	0	0	0	0	246	100	162	1796	0	0	0	0	0	0	0	0	488	0	0	0	3750	3270	9758	2068	2242	406	1724	202	0	0	12868	1016	10830	13340	6274	250	8396	9698	22012	3522	4412	176	1358	318	4118	272	16606	4878	4670	1366	0	496	4870	1474	0	19594	5250	1514	0	0	166	0	0	0	118	258	196	0	214	788	0	0	7404	1120	0	0	4268	1284	266	0	0	0	0	0	1542	0	438	0	0	0	0	0	0	0	0	0	0	0	300	0	0	0	0	0	
535548	Precuneus_R	206	2268	0	230	0	0	0	500	0	0	0	1124	0	354	0	0	0	286	166	6920	0	0	0	0	0	0	0	0	0	956	0	0	2092	13340	824	11544	144	5292	112	5572	0	0	458	21898	2078	43340	146	12542	656	33886	0	12052	0	4188	0	6728	0	4856	616	13680	0	4656	0	1764	0	3040	19594	0	0	9750	0	154	0	336	0	0	0	392	0	186	0	1698	0	0	0	8288	0	0	0	5722	0	0	0	0	0	0	0	1148	0	0	0	0	0	0	0	0	0	0	0	0	1992	0	0	0	0	0	
253096	Paracentral_Lobule_L	20238	8016	2844	222	0	0	410	0	0	0	170	0	0	0	0	0	492	0	7982	12370	0	0	0	0	0	0	0	0	650	0	0	0	2492	5938	3952	510	94	0	0	0	0	0	672	0	1512	0	172	0	1062	0	12126	0	4464	0	1008	0	8658	0	3340	0	1248	0	448	0	2614	0	5250	0	0	2722	1258	0	200	0	374	0	5050	0	158	0	244	0	0	0	3726	0	0	0	3862	0	0	0	0	0	0	0	0	0	0	0	0	0	0	0	0	0	0	0	0	0	0	0	0	0	0	0	
243012	Paracentral_Lobule_R	2074	11998	0	0	0	0	0	0	0	0	0	92	0	0	0	0	0	0	1418	25138	0	0	0	0	0	0	0	0	0	172	0	0	1090	17624	1502	5422	0	0	0	0	0	0	0	596	0	7874	0	124	0	7966	0	3128	0	858	0	1384	0	6930	0	3092	0	1214	0	1846	0	318	1514	9750	2722	0	0	0	0	0	0	0	0	0	0	454	0	718	0	0	0	2140	0	0	0	2348	0	0	0	0	0	0	0	0	0	0	0	0	0	0	0	0	0	0	0	0	0	0	0	0	0	0	
387236	Caudate_L	4380	936	9852	1276	1790	924	1650	438	422	0	8326	7876	3328	6998	1888	386	5704	248	10302	4782	11594	8306	796	476	644	1150	5634	1968	15758	8686	8450	4426	0	234	0	0	774	158	500	0	670	0	0	0	0	0	136	0	0	0	0	0	0	0	476	0	1092	0	0	0	0	0	0	0	0	0	0	0	1258	0	0	10970	19302	4400	2562	0	6112	570	960	0	2354	0	1196	88	236	0	0	0	176	0	0	0	0	0	0	0	0	0	0	0	0	0	0	0	0	0	0	0	0	0	0	0	0	0	0	0	
408596	Caudate_R	1708	8844	1416	15108	236	2524	1022	840	106	104	882	6570	906	3052	282	1296	184	3040	2370	22612	4736	7398	468	3648	0	4788	2452	3084	1802	9460	7858	16080	0	802	0	0	660	1346	0	618	0	516	0	0	0	124	0	0	0	136	0	0	0	0	0	894	0	140	0	0	110	204	0	0	0	194	0	154	0	0	10970	0	5202	18698	182	2242	2370	21008	198	232	100	1102	0	860	0	0	0	0	0	272	0	88	0	0	0	0	0	0	0	0	0	0	0	0	0	0	0	0	0	0	0	0	0	0	0	0	
407764	Putamen_L	2736	310	27678	476	3886	442	2124	0	2136	0	4132	720	1992	572	5306	158	2028	0	23192	1864	4886	3970	2372	140	1670	472	3014	718	27254	844	11212	1268	0	0	340	0	11416	92	3954	0	466	0	170	0	0	0	384	0	0	0	0	0	0	0	5146	0	200	0	0	0	0	0	0	0	0	0	166	0	200	0	19302	5202	0	1302	7172	0	3164	204	772	0	2602	0	1614	0	538	0	0	0	1614	0	0	0	0	0	0	0	150	0	140	0	0	0	0	0	0	0	0	0	0	0	0	0	0	0	0	0	
484276	Putamen_R	384	4796	880	24538	92	5852	236	5618	0	982	536	4612	0	6840	110	3110	646	3992	1218	8014	1800	2426	414	8594	0	8096	1266	2678	1370	35124	2506	11262	0	630	122	164	242	21790	188	12362	0	2118	0	168	0	0	0	1106	0	0	0	0	0	0	0	11348	104	204	0	0	0	0	0	0	0	0	0	336	0	0	4400	18698	1302	0	0	5754	184	4526	108	664	242	1700	0	726	0	212	0	0	0	1076	0	286	0	0	0	0	0	2624	0	580	0	0	0	0	0	182	0	0	0	0	0	0	0	0	0	0	
58960	Pallidum_L	1288	420	5452	0	0	0	218	0	0	0	0	0	0	0	0	0	0	0	7230	480	0	88	0	0	0	0	0	0	0	0	0	0	0	0	0	0	1120	0	0	0	0	0	0	0	0	0	0	0	0	0	0	0	0	0	0	0	0	0	0	0	0	0	0	0	0	0	0	0	374	0	2562	182	7172	0	0	0	2736	158	0	0	0	0	0	0	0	0	0	0	0	0	0	0	0	0	0	0	0	0	0	0	0	0	0	0	0	0	0	0	0	0	0	0	0	0	0	0	
42388	Pallidum_R	0	102	0	3920	0	0	0	0	0	0	0	278	0	122	0	0	0	106	96	2352	0	0	0	186	0	152	0	0	0	482	0	252	0	0	0	0	0	2408	0	1560	0	0	0	0	0	0	0	136	0	0	0	0	0	0	0	634	0	0	0	0	0	0	0	0	0	0	0	0	0	0	0	2242	0	5754	0	0	0	130	0	0	0	0	0	0	0	0	0	0	0	0	0	0	0	0	0	90	0	192	0	0	0	0	0	0	0	0	0	0	0	0	0	0	0	0	0	0	
146888	Thalamus_L	16660	1854	7214	328	0	0	2660	0	0	0	0	0	0	0	0	0	186	0	4916	2510	0	0	0	0	0	0	0	0	1646	168	314	0	0	142	0	0	4490	690	1126	320	0	0	0	0	0	0	864	162	0	0	0	0	0	0	240	0	166	0	0	0	0	0	0	0	0	0	118	0	5050	0	6112	2370	3164	184	2736	0	0	5242	1702	0	110	0	0	0	0	0	0	0	0	0	0	0	0	0	0	0	0	0	0	0	0	0	0	0	0	0	0	0	0	0	0	0	0	0	0	0	
211320	Thalamus_R	3032	12144	468	7426	0	0	926	1906	0	0	0	1768	0	168	0	0	0	1788	1744	8838	0	0	0	0	0	0	0	0	626	2232	150	338	0	0	2132	2134	4264	7574	2276	2990	0	0	0	0	0	118	1240	1880	0	128	0	0	0	0	734	826	90	106	0	0	170	178	0	0	0	174	258	392	0	0	570	21008	204	4526	158	130	5242	0	540	92	0	682	0	436	0	0	0	0	0	0	0	0	0	0	0	0	0	662	0	0	0	0	0	0	0	0	0	0	0	0	192	0	0	0	0	0	
175640	Heschl_L	6962	158	5454	96	0	0	6140	0	0	0	2364	268	110	190	0	0	8428	0	3458	156	0	0	122	0	0	0	0	0	19300	332	130	112	0	0	408	314	5172	300	796	0	0	0	0	0	0	0	462	0	0	0	358	0	1002	0	2870	0	3402	0	208	0	116	0	100	0	128	0	196	0	158	0	960	198	772	108	0	0	1702	540	0	0	6296	0	0	0	4088	0	0	0	3290	0	96	0	0	0	0	0	0	0	0	0	0	0	0	0	0	0	0	0	0	0	0	0	0	0	0	0	
60280	Heschl_R	0	802	0	98	0	0	0	118	0	0	0	406	0	186	0	0	0	4822	0	500	0	0	0	0	0	0	0	0	0	5144	0	0	0	0	0	0	0	776	0	292	0	0	0	0	0	184	0	0	0	188	0	0	0	168	0	2112	0	202	0	0	0	0	0	236	0	0	0	186	0	454	0	232	0	664	0	0	0	92	0	0	0	6838	0	0	0	1924	0	0	0	3516	0	0	0	0	0	0	0	0	0	0	0	0	0	0	0	0	0	0	0	0	0	0	0	0	0	0	
284640	Temporal_Sup_L	4272	0	3574	0	0	0	1164	0	0	0	5138	706	172	682	166	0	14588	0	3138	0	128	0	106	0	0	0	0	0	17028	836	550	0	0	0	90	0	3724	0	1102	0	232	0	0	0	0	0	398	0	0	0	304	0	998	0	11396	0	3904	0	0	0	522	0	4708	0	526	0	214	0	244	0	2354	100	2602	242	0	0	110	0	6296	0	0	0	6856	0	24728	0	0	0	16478	0	1072	0	0	0	0	0	0	0	872	0	0	0	0	0	0	0	0	0	0	0	0	0	0	0	0	0	
148340	Temporal_Sup_R	0	1188	0	414	0	0	0	134	0	0	0	1266	0	202	0	170	0	8488	0	898	0	0	0	0	0	0	0	0	0	6644	0	0	0	0	0	0	0	1098	0	584	0	0	0	0	0	1404	0	0	0	1618	0	646	0	122	0	2782	0	1048	0	1630	0	1990	0	5700	0	2420	788	1698	0	718	0	1102	0	1700	0	0	0	682	0	6838	0	0	0	2414	0	12512	0	178	0	4782	0	124	0	0	0	0	0	94	0	94	0	0	0	0	0	0	0	0	0	0	0	0	0	0	0	0	
131488	Temporal_Pole_Sup_L	0	0	212	0	582	0	0	0	686	0	3188	338	1042	340	3088	0	1140	0	160	0	1302	0	122	0	0	0	150	0	8588	356	680	0	0	0	0	0	1354	0	1212	0	816	0	0	0	0	0	0	0	0	0	0	0	118	0	4928	0	0	0	0	0	0	0	0	0	0	0	0	0	0	0	1196	0	1614	0	0	0	0	0	0	0	6856	0	0	0	9718	0	6528	0	8540	0	550	0	0	0	0	0	0	0	340	0	0	0	0	0	0	0	0	0	0	0	0	0	0	0	0	0	
76060	Temporal_Pole_Sup_R	0	144	0	100	0	148	0	0	0	0	0	1736	0	0	0	808	0	1896	0	0	0	212	0	0	0	0	0	122	0	2478	0	150	0	0	0	0	0	242	0	2732	0	2054	0	0	0	0	0	0	0	0	0	0	0	0	0	5772	0	0	0	0	0	0	0	0	0	0	0	0	0	0	88	860	0	726	0	0	0	436	0	0	0	2414	0	0	0	4526	0	6140	0	4246	0	0	0	0	0	0	0	0	0	0	0	0	0	0	0	0	0	0	0	0	0	0	0	0	0	0	
354356	Temporal_Mid_L	4488	0	982	0	0	0	202	0	0	0	410	0	0	0	172	0	2502	0	960	0	144	0	0	0	0	0	0	0	5188	0	0	0	440	0	288	0	1034	0	258	0	180	0	2510	0	1370	0	1090	0	1090	0	28196	0	7194	0	6618	0	3866	0	750	0	6800	0	3598	0	12572	0	7404	0	3726	0	236	0	538	0	0	0	0	0	4088	0	24728	0	9718	0	0	0	5392	0	28200	0	246	0	0	0	0	0	0	0	0	0	0	0	0	0	0	0	0	0	0	0	0	0	0	0	0	0	
283140	Temporal_Mid_R	0	1592	0	130	0	0	0	190	0	0	0	442	0	0	0	138	0	444	0	2138	0	0	0	0	0	0	0	0	0	2124	0	0	0	1190	0	328	0	390	0	168	0	0	0	5480	0	5400	0	1094	0	4956	0	13048	0	3956	0	5010	0	942	0	8272	0	10940	0	5596	0	6004	1120	8288	0	2140	0	0	0	212	0	0	0	0	0	1924	0	12512	0	4526	0	0	0	3110	0	27654	0	112	0	0	0	0	0	0	0	0	0	0	0	0	0	0	0	0	0	0	0	0	0	0	0	0	
41552	Temporal_Pole_Mid_L	0	0	0	0	0	0	0	0	0	0	0	0	0	0	0	0	0	0	0	0	0	0	0	0	0	0	0	0	0	0	0	0	0	0	0	0	0	0	848	0	0	0	0	0	0	0	0	0	0	0	0	0	0	0	2564	0	0	0	0	0	0	0	0	0	0	0	0	0	0	0	0	0	0	0	0	0	0	0	0	0	0	0	6528	0	5392	0	0	0	5444	0	0	0	0	0	0	0	0	0	0	0	0	0	0	0	0	0	0	0	0	0	0	0	0	0	0	0	
34720	Temporal_Pole_Mid_R	0	0	0	0	0	0	0	0	0	0	0	0	0	0	0	88	0	0	0	0	0	0	0	0	0	0	0	0	0	0	0	0	0	0	0	0	0	0	0	1688	0	580	0	0	0	0	0	0	0	0	0	0	0	0	0	2642	0	0	0	0	0	0	0	0	0	0	0	0	0	0	0	0	0	0	0	0	0	0	0	0	0	178	0	6140	0	3110	0	0	0	2934	0	0	0	0	0	0	0	0	0	0	0	0	0	0	0	0	0	0	0	0	0	0	0	0	0	0	
334196	Temporal_Inf_L	4694	0	1164	0	0	0	126	0	0	0	110	0	0	0	0	0	1498	0	1116	0	0	0	0	0	0	0	0	0	9192	0	110	0	164	0	334	0	6360	0	1516	0	688	0	1280	0	1058	0	492	0	0	0	9672	0	13072	0	26212	0	1522	0	176	0	1246	0	1662	0	1972	0	4268	0	3862	0	176	0	1614	0	0	0	0	0	3290	0	16478	0	8540	0	28200	0	5444	0	0	0	6042	0	374	0	0	0	350	0	3024	0	0	0	0	0	0	0	0	0	0	0	0	0	0	0	0	0	
269688	Temporal_Inf_R	0	2544	0	296	0	0	0	186	0	0	0	316	0	186	0	0	0	94	0	2312	0	0	0	0	0	0	0	0	0	6040	0	0	0	438	0	294	0	3372	0	1366	0	94	0	1634	0	4186	0	1224	0	4368	0	1886	0	6610	0	22156	0	602	0	2492	0	2628	0	4304	0	1616	1284	5722	0	2348	0	272	0	1076	0	0	0	0	0	3516	0	4782	0	4246	0	27654	0	2934	0	0	0	5340	0	278	0	264	0	630	0	2948	0	116	0	190	0	0	0	0	0	0	0	0	0	0	0	0	
433688	Cerebelum_Crus1_L	0	0	0	0	0	0	0	0	0	0	0	0	0	0	0	0	0	0	0	0	0	0	0	0	0	0	0	0	1032	0	0	0	0	0	0	0	498	0	362	0	0	0	570	0	0	0	5966	2604	0	0	544	0	828	156	20118	1886	0	0	0	0	0	0	0	0	0	0	266	0	0	0	0	0	0	0	0	0	0	0	96	0	1072	0	550	0	246	0	0	0	6042	0	0	4058	30952	1516	4172	318	21536	1318	52802	6118	9960	150	12906	426	4416	714	1386	0	582	1206	4738	6666	4926	1284	1378	480	
370284	Cerebelum_Crus1_R	0	0	0	0	0	0	0	0	0	0	0	0	0	0	0	0	0	0	0	0	0	0	0	0	0	0	0	0	0	882	0	0	0	0	0	0	0	972	0	520	0	0	0	0	0	0	1010	4844	0	0	0	0	0	320	490	20754	0	0	0	0	0	0	0	0	0	0	0	0	0	0	0	88	0	286	0	0	0	0	0	0	0	124	0	0	0	112	0	0	0	5340	4058	0	2008	24590	370	2680	1950	12732	4124	48270	300	5094	784	12684	404	2718	0	268	336	2178	6360	6396	7608	1646	1624	218	
330052	Cerebelum_Crus2_L	0	0	0	0	0	0	0	0	0	0	0	0	0	0	0	0	0	0	0	0	0	0	0	0	0	0	0	0	0	0	0	0	0	0	0	0	0	0	0	0	0	0	0	0	0	0	242	780	0	0	0	0	0	0	696	498	0	0	0	0	0	0	0	0	0	0	0	0	0	0	0	0	0	0	0	0	0	0	0	0	0	0	0	0	0	0	0	0	374	0	30952	2008	0	4834	258	0	3646	252	4668	1722	43294	2130	39292	1382	13710	258	2398	0	104	274	1100	1766	5784	1908	534	162	
225032	Cerebelum_Crus2_R	0	0	0	0	0	0	0	0	0	0	0	0	0	0	0	0	0	0	0	0	0	0	0	0	0	0	0	0	0	0	0	0	0	0	0	0	0	0	0	0	0	0	0	0	0	0	158	122	0	0	0	0	0	0	0	320	0	0	0	0	0	0	0	0	0	0	0	0	0	0	0	0	0	0	0	0	0	0	0	0	0	0	0	0	0	0	0	0	0	278	1516	24590	4834	0	0	248	146	126	734	4394	3444	18672	4704	25464	2580	4656	0	304	122	296	206	926	8734	3402	1370	170	
68968	Cerebelum_3_L	0	0	0	0	0	0	0	0	0	0	0	0	0	0	0	0	0	0	0	0	0	0	0	0	0	0	0	0	0	0	0	0	0	0	0	0	0	0	110	0	0	0	0	0	0	0	766	260	0	0	0	0	0	0	1180	330	0	0	0	0	0	0	0	0	0	0	0	0	0	0	0	0	0	0	0	0	0	0	0	0	0	0	0	0	0	0	0	0	0	0	4172	370	258	0	0	104	8860	246	6878	894	142	0	246	0	1814	340	0	0	500	1422	1554	1634	272	608	894	630	
59408	Cerebelum_3_R	0	0	0	0	0	0	0	0	0	0	0	0	0	0	0	0	0	0	0	0	0	0	0	0	0	0	0	0	0	0	0	0	0	0	0	0	0	346	0	496	0	0	0	0	0	0	0	480	0	0	0	0	0	0	0	1354	0	0	0	0	0	0	0	0	0	0	0	0	0	0	0	0	0	0	0	90	0	0	0	0	0	0	0	0	0	0	0	0	0	264	318	2680	0	248	104	0	270	5342	574	5770	0	90	0	388	246	1080	0	0	550	4512	1372	730	706	894	800	0	
287188	Cerebelum_4_5_L	0	0	0	0	0	0	0	0	0	0	0	0	0	0	0	0	0	0	0	0	0	0	0	0	0	0	0	0	222	0	0	0	0	0	1190	0	2014	0	1994	0	0	0	1340	0	0	0	11488	1882	0	0	0	0	296	218	10622	1716	0	0	0	0	0	0	0	0	0	0	1542	0	0	0	0	0	150	0	0	0	0	0	0	0	0	0	0	0	0	0	0	0	350	0	21536	1950	3646	146	8860	270	0	2684	33362	4716	2040	104	2550	154	3812	388	108	0	612	1654	11112	4358	312	670	1674	1852	
229552	Cerebelum_4_5_R	0	146	0	1150	0	0	0	0	0	0	0	0	0	92	0	0	0	0	0	94	0	0	0	0	0	0	0	0	0	1152	0	0	0	0	198	536	274	6008	236	7590	0	144	0	0	0	0	922	8970	0	98	0	106	0	720	162	16290	0	0	0	0	0	0	0	0	0	0	0	1148	0	0	0	0	0	2624	0	192	0	662	0	0	0	94	0	0	0	0	0	0	0	630	1318	12732	252	126	246	5342	2684	0	1802	24346	0	0	0	190	128	628	0	132	0	2276	11602	442	156	136	0	0	
431828	Cerebelum_6_L	0	0	106	0	0	0	0	0	0	0	0	0	0	0	0	0	0	0	94	0	0	0	0	0	0	0	0	0	914	0	0	0	0	0	184	0	918	0	776	0	0	0	342	0	0	0	13412	4286	0	0	302	0	1352	238	27728	3088	0	0	0	0	0	0	0	0	0	0	438	0	0	0	0	0	140	0	0	0	0	0	0	0	872	0	340	0	0	0	0	0	3024	0	52802	4124	4668	734	6878	574	33362	1802	0	9152	2660	116	2790	426	3816	1176	302	0	800	1652	7320	12454	3976	1944	2498	1334	
405976	Cerebelum_6_R	0	0	0	298	0	0	0	0	0	0	0	0	0	0	0	0	0	0	0	0	0	0	0	0	0	0	0	0	0	922	0	0	0	0	0	0	0	1640	0	1522	0	0	0	0	0	102	1898	11714	0	194	0	218	0	1514	764	29914	0	0	0	0	0	0	0	0	0	0	0	0	0	0	0	0	0	580	0	0	0	0	0	0	0	94	0	0	0	0	0	0	0	2948	6118	48270	1722	4394	894	5770	4716	24346	9152	0	0	1118	310	2750	634	1508	0	0	472	3450	12168	11758	5570	1780	1534	232	
248744	Cerebelum_7b_L	0	0	0	0	0	0	0	0	0	0	0	0	0	0	0	0	0	0	0	0	0	0	0	0	0	0	0	0	0	0	0	0	0	0	0	0	0	0	0	0	0	0	0	0	0	0	0	0	0	0	0	0	0	0	660	0	0	0	0	0	0	0	0	0	0	0	0	0	0	0	0	0	0	0	0	0	0	0	0	0	0	0	0	0	0	0	0	0	0	0	9960	300	43294	3444	142	0	2040	0	2660	0	0	2268	38348	1680	12626	0	1212	0	0	0	0	0	3398	2340	0	0	
128728	Cerebelum_7b_R	0	0	0	0	0	0	0	0	0	0	0	0	0	0	0	0	0	0	0	0	0	0	0	0	0	0	0	0	0	0	0	0	0	0	0	0	0	0	0	0	0	0	0	0	0	0	0	0	0	0	0	0	0	0	0	152	0	0	0	0	0	0	0	0	0	0	0	0	0	0	0	0	0	0	0	0	0	0	0	0	0	0	0	0	0	0	0	0	0	116	150	5094	2130	18672	0	90	104	0	116	1118	2268	0	2550	21776	1060	4526	0	124	0	0	128	0	1914	2276	0	0	
310336	Cerebelum_8_L	0	0	0	0	0	0	0	0	0	0	0	0	0	0	0	0	0	0	0	0	0	0	0	0	0	0	0	0	0	0	0	0	0	0	0	0	0	0	0	0	0	0	0	0	0	0	0	0	0	0	0	0	0	0	896	0	0	0	0	0	0	0	0	0	0	0	0	0	0	0	0	0	0	0	0	0	0	0	0	0	0	0	0	0	0	0	0	0	0	0	12906	784	39292	4704	246	0	2550	0	2790	310	38348	2550	0	6226	24312	1074	4046	0	0	0	164	162	5700	6632	1476	0	
221400	Cerebelum_8_R	0	0	0	0	0	0	0	0	0	0	0	0	0	0	0	0	0	0	0	0	0	0	0	0	0	0	0	0	0	0	0	0	0	0	0	0	0	0	0	0	0	0	0	0	0	0	0	0	0	0	0	0	0	0	0	324	0	0	0	0	0	0	0	0	0	0	0	0	0	0	0	0	0	0	0	0	0	0	0	0	0	0	0	0	0	0	0	0	0	190	426	12684	1382	25464	0	388	154	190	426	2750	1680	21776	6226	0	4912	18000	0	1102	0	226	184	162	5140	5262	1652	0	
189208	Cerebelum_9_L	0	0	0	0	0	0	0	0	0	0	0	0	0	0	0	0	0	0	0	0	0	0	0	0	0	0	0	0	0	0	0	0	0	0	0	0	0	0	0	0	0	0	0	0	0	0	0	146	0	0	0	0	0	0	160	158	0	0	0	0	0	0	0	0	0	0	0	0	0	0	0	0	0	0	0	0	0	0	0	0	0	0	0	0	0	0	0	0	0	0	4416	404	13710	2580	1814	246	3812	128	3816	634	12626	1060	24312	4912	0	2120	4068	0	132	386	954	1968	3288	4144	1834	776	
119604	Cerebelum_9_R	0	0	0	144	0	0	0	0	0	0	0	0	0	0	0	0	0	0	0	0	0	0	0	0	0	0	0	0	0	0	0	0	0	0	0	0	0	234	0	290	0	0	0	0	0	0	0	0	0	0	0	0	0	0	0	322	0	0	0	0	0	0	0	0	0	0	0	0	0	0	0	0	0	182	0	0	0	0	0	0	0	0	0	0	0	0	0	0	0	0	714	2718	258	4656	340	1080	388	628	1176	1508	0	4526	1074	18000	2120	0	0	1282	1280	1862	686	1724	2792	3924	4764	1130	
27300	Cerebelum_10_L	0	0	0	0	0	0	0	0	0	0	0	0	0	0	0	0	0	0	0	0	0	0	0	0	0	0	0	0	0	0	0	0	0	0	0	0	0	0	0	0	0	0	0	0	0	0	0	0	0	0	0	0	0	0	130	0	0	0	0	0	0	0	0	0	0	0	0	0	0	0	0	0	0	0	0	0	0	0	0	0	0	0	0	0	0	0	0	0	0	0	1386	0	2398	0	0	0	108	0	302	0	1212	0	4046	0	4068	0	0	0	0	0	0	0	0	0	0	0	
6900	Cerebelum_10_R	0	0	0	0	0	0	0	0	0	0	0	0	0	0	0	0	0	0	0	0	0	0	0	0	0	0	0	0	0	0	0	0	0	0	0	0	0	0	0	124	0	0	0	0	0	0	0	0	0	0	0	0	0	0	0	114	0	0	0	0	0	0	0	0	0	0	0	0	0	0	0	0	0	0	0	0	0	0	0	0	0	0	0	0	0	0	0	0	0	0	0	268	0	304	0	0	0	132	0	0	0	124	0	1102	0	1282	0	0	0	0	0	0	0	0	0	0	
