data	data	697068	160196	946232	855228	131772	64400	376788	148812	60844	18368	303852	179168	317924	171756	121888	121972	154068	151716	919952	997964	97932	97280	322756	338672	19144	66320	59696	67832	597812	413548	279332	377956	116060	635472	143040	154072	220460	258928	61340	164888	24348	43736	203528	334048	163864	229296	267932	321240	199420	215892	499164	178444	220888	172640	303080	379588	384152	196552	152760	95708	204872	107928	120968	108648	98896	118580	220416	393596	481208	303876	245884	458012	316268	326272	56316	33896	176340	144164	109660	33256	129180	118292	83132	46756	322292	196496	13124	19056	264044	178064	539560	449396	331372	333212	28900	53840	274040	236864	443772	432308	195760	115540	285232	320820	104008	179168	8232	18212	21344	51192	231540	208732	233420	175952	124052	51644	
data	data	Precentral_L	Precentral_R	Frontal_Sup_L	Frontal_Sup_R	Frontal_Sup_Orb_L	Frontal_Sup_Orb_R	Frontal_Mid_L	Frontal_Mid_R	Frontal_Mid_Orb_L	Frontal_Mid_Orb_R	Frontal_Inf_Oper_L	Frontal_Inf_Oper_R	Frontal_Inf_Tri_L	Frontal_Inf_Tri_R	Frontal_Inf_Orb_L	Frontal_Inf_Orb_R	Rolandic_Oper_L	Rolandic_Oper_R	Supp_Motor_Area_L	Supp_Motor_Area_R	Olfactory_L	Olfactory_R	Frontal_Sup_Medial_L	Frontal_Sup_Medial_R	Frontal_Med_Orb_L	Frontal_Med_Orb_R	Rectus_L	Rectus_R	Insula_L	Insula_R	Cingulum_Ant_L	Cingulum_Ant_R	Cingulum_Mid_L	Cingulum_Mid_R	Cingulum_Post_L	Cingulum_Post_R	Hippocampus_L	Hippocampus_R	ParaHippocampal_L	ParaHippocampal_R	Amygdala_L	Amygdala_R	Calcarine_L	Calcarine_R	Cuneus_L	Cuneus_R	Lingual_L	Lingual_R	Occipital_Sup_L	Occipital_Sup_R	Occipital_Mid_L	Occipital_Mid_R	Occipital_Inf_L	Occipital_Inf_R	Fusiform_L	Fusiform_R	Postcentral_L	Postcentral_R	Parietal_Sup_L	Parietal_Sup_R	Parietal_Inf_L	Parietal_Inf_R	SupraMarginal_L	SupraMarginal_R	Angular_L	Angular_R	Precuneus_L	Precuneus_R	Paracentral_Lobule_L	Paracentral_Lobule_R	Caudate_L	Caudate_R	Putamen_L	Putamen_R	Pallidum_L	Pallidum_R	Thalamus_L	Thalamus_R	Heschl_L	Heschl_R	Temporal_Sup_L	Temporal_Sup_R	Temporal_Pole_Sup_L	Temporal_Pole_Sup_R	Temporal_Mid_L	Temporal_Mid_R	Temporal_Pole_Mid_L	Temporal_Pole_Mid_R	Temporal_Inf_L	Temporal_Inf_R	Cerebelum_Crus1_L	Cerebelum_Crus1_R	Cerebelum_Crus2_L	Cerebelum_Crus2_R	Cerebelum_3_L	Cerebelum_3_R	Cerebelum_4_5_L	Cerebelum_4_5_R	Cerebelum_6_L	Cerebelum_6_R	Cerebelum_7b_L	Cerebelum_7b_R	Cerebelum_8_L	Cerebelum_8_R	Cerebelum_9_L	Cerebelum_9_R	Cerebelum_10_L	Cerebelum_10_R	Vermis_1_2	Vermis_3	Vermis_4_5	Vermis_6	Vermis_7	Vermis_8	Vermis_9	Vermis_10	
697068	Precentral_L	0	1082	39192	546	0	0	18682	0	0	0	13668	0	1974	0	126	0	6328	0	41278	11256	0	0	0	0	0	0	0	0	21026	0	2602	0	842	7050	7194	4082	13028	1760	200	594	0	0	520	0	304	0	112	1116	394	0	1610	0	1160	0	880	202	33696	1114	1922	0	6546	0	1298	0	178	0	928	1342	43070	4576	2818	378	13448	0	5844	0	15754	1240	8756	0	1050	0	238	0	2696	0	0	0	2648	0	0	0	0	0	0	0	0	0	0	0	0	0	0	0	0	0	0	0	0	0	186	0	0	0	0	0	
160196	Precentral_R	1082	0	310	13928	0	0	0	11176	0	0	0	4726	0	0	0	0	0	1444	752	8666	0	0	0	0	0	0	0	0	0	1716	0	130	0	608	0	0	0	1028	0	138	0	0	0	352	0	0	0	188	0	0	0	348	0	172	0	226	1510	11580	0	250	246	1154	0	1784	0	190	0	510	116	2566	730	1786	0	2022	0	0	0	7050	0	0	0	0	0	0	0	1330	0	0	0	284	0	0	0	0	0	0	0	0	0	0	0	0	0	0	0	0	0	0	0	0	0	0	0	0	0	0	
946232	Frontal_Sup_L	39192	310	0	4328	7888	0	63576	0	1160	0	26926	0	26106	0	5052	0	8892	0	95114	13712	0	0	38944	3266	1210	276	0	0	41036	0	16584	2486	2822	4042	180	980	4730	722	116	256	0	0	0	0	0	0	0	786	0	0	182	0	0	0	0	0	6058	0	556	0	786	0	0	0	0	0	0	650	5314	102	7322	722	20706	0	5832	0	5886	386	3434	0	1212	0	3162	0	0	0	0	0	0	0	0	0	0	0	0	0	0	0	0	0	0	0	0	0	0	0	0	0	0	0	114	0	0	0	0	0	
855228	Frontal_Sup_R	546	13928	4328	0	0	2320	232	28068	0	252	0	14712	0	12666	0	3342	0	14066	11018	86822	0	0	8462	37630	0	4544	0	1130	0	31132	2270	32314	602	21242	0	0	0	5844	0	1478	0	142	0	0	0	0	0	0	0	0	0	0	0	0	0	574	524	2078	0	0	128	450	0	690	0	0	0	320	0	228	4978	34846	306	26770	0	3612	190	11064	0	854	0	0	0	216	0	0	0	0	0	696	0	0	0	0	0	0	0	0	0	0	0	0	0	0	0	0	0	0	0	0	0	0	0	0	0	0	
131772	Frontal_Sup_Orb_L	0	0	7888	0	0	0	670	0	9772	0	122	0	5162	0	12194	0	0	0	1636	0	2448	932	2176	0	1162	0	2902	176	10104	0	1844	504	0	0	0	0	0	0	0	0	0	0	0	0	0	0	0	0	0	0	0	0	0	0	0	0	0	0	0	0	0	0	0	0	0	0	0	0	0	0	992	724	4324	0	0	0	0	0	0	0	0	0	154	0	0	0	0	0	0	0	0	0	0	0	0	0	0	0	0	0	0	0	0	0	0	0	0	0	0	0	0	0	0	0	0	0	
64400	Frontal_Sup_Orb_R	0	0	0	2320	0	0	0	376	0	3520	0	0	0	0	0	3740	0	0	0	0	422	1572	96	1494	136	6430	252	7276	0	448	144	706	0	0	0	0	0	0	0	0	0	0	0	0	0	0	0	0	0	0	0	0	0	0	0	0	0	0	0	0	0	0	0	0	0	0	0	0	0	0	626	1762	164	716	0	0	0	0	0	0	0	0	0	0	0	0	0	0	0	0	0	0	0	0	0	0	0	0	0	0	0	0	0	0	0	0	0	0	0	0	0	0	0	0	0	0	
376788	Frontal_Mid_L	18682	0	63576	232	670	0	0	0	2100	0	18200	0	32254	0	3104	0	1064	0	11076	96	0	0	15190	628	0	0	0	0	11128	0	4368	356	1292	210	0	0	196	0	0	0	0	0	0	0	0	0	0	0	0	0	0	0	0	0	0	0	2506	0	0	0	0	0	0	0	0	0	0	0	0	0	406	0	440	0	0	0	0	0	512	0	0	0	108	0	0	0	0	0	0	0	0	0	0	0	0	0	0	0	0	0	0	0	0	0	0	0	0	0	0	0	0	0	0	0	0	0	
148812	Frontal_Mid_R	0	11176	0	28068	0	376	0	0	0	504	0	6088	0	9096	0	2376	0	748	936	4968	0	0	140	1574	0	0	0	0	0	3776	0	824	0	1380	0	0	0	250	0	0	0	0	0	0	0	0	0	0	0	0	0	0	0	0	0	0	0	144	0	0	0	0	0	0	0	0	0	0	0	0	0	456	0	1374	0	0	0	152	0	0	0	0	0	0	0	0	0	0	0	0	0	0	0	0	0	0	0	0	0	0	0	0	0	0	0	0	0	0	0	0	0	0	0	0	0	0	
60844	Frontal_Mid_Orb_L	0	0	1160	0	9772	0	2100	0	0	0	0	0	3728	0	9568	0	0	0	170	0	0	0	0	0	0	0	370	0	2322	0	128	0	0	0	0	0	0	0	0	0	0	0	0	0	0	0	0	0	0	0	0	0	0	0	0	0	0	0	0	0	0	0	0	0	0	0	0	0	0	0	0	0	1104	0	0	0	0	0	0	0	0	0	0	0	0	0	0	0	0	0	0	0	0	0	0	0	0	0	0	0	0	0	0	0	0	0	0	0	0	0	0	0	0	0	0	0	
18368	Frontal_Mid_Orb_R	0	0	0	252	0	3520	0	504	0	0	0	0	0	0	0	4032	0	0	0	0	0	0	0	0	0	218	0	264	0	138	0	0	0	0	0	0	0	0	0	0	0	0	0	0	0	0	0	0	0	0	0	0	0	0	0	0	0	0	0	0	0	0	0	0	0	0	0	0	0	0	0	0	0	256	0	0	0	0	0	0	0	0	0	0	0	0	0	0	0	0	0	0	0	0	0	0	0	0	0	0	0	0	0	0	0	0	0	0	0	0	0	0	0	0	0	0	
303852	Frontal_Inf_Oper_L	13668	0	26926	0	122	0	18200	0	0	0	0	0	19786	0	488	0	6904	0	16388	0	0	0	4100	168	0	0	0	0	20844	0	3822	0	656	130	0	0	204	0	0	0	0	0	0	0	0	0	0	0	0	0	0	0	0	0	0	0	9410	0	108	0	1580	0	0	0	0	0	0	0	0	0	242	0	1952	0	0	0	0	0	342	0	1564	0	4322	0	0	0	0	0	0	0	0	0	0	0	0	0	0	0	0	0	0	0	0	0	0	0	0	0	0	0	0	0	0	0	0	0	
179168	Frontal_Inf_Oper_R	0	4726	0	14712	0	0	0	6088	0	0	0	0	0	9408	0	310	0	7800	572	12264	0	0	670	920	0	0	0	0	0	17966	0	302	156	3820	0	0	0	0	0	0	0	0	0	0	0	0	0	0	0	0	0	0	0	0	0	0	0	1422	0	0	0	0	0	0	0	0	0	122	0	0	0	4250	0	3852	0	0	0	0	0	0	0	0	0	224	0	0	0	0	0	0	0	0	0	0	0	0	0	0	0	0	0	0	0	0	0	0	0	0	0	0	0	0	0	0	0	0	
317924	Frontal_Inf_Tri_L	1974	0	26106	0	5162	0	32254	0	3728	0	19786	0	0	0	12678	0	656	0	8626	266	0	0	7674	502	122	0	0	0	28344	0	7946	382	606	146	0	0	0	0	0	0	0	0	0	0	0	0	0	0	0	0	0	0	0	0	0	0	568	0	0	0	0	0	0	0	0	0	0	0	0	0	596	0	366	0	0	0	0	0	0	0	170	0	304	0	0	0	0	0	0	0	0	0	0	0	0	0	0	0	0	0	0	0	0	0	0	0	0	0	0	0	0	0	0	0	0	0	
171756	Frontal_Inf_Tri_R	0	0	0	12666	0	0	0	9096	0	0	0	9408	0	0	0	6358	0	0	2998	6492	0	0	2374	3628	0	0	0	0	0	20282	0	964	466	7506	0	0	0	0	0	0	0	0	0	0	0	0	0	0	0	0	0	0	0	0	0	0	0	0	0	0	0	0	0	0	0	0	0	0	0	0	0	2382	0	1258	0	0	0	0	0	0	0	0	0	0	0	0	0	0	0	0	0	0	0	0	0	0	0	0	0	0	0	0	0	0	0	0	0	0	0	0	0	0	0	0	0	0	
121888	Frontal_Inf_Orb_L	126	0	5052	0	12194	0	3104	0	9568	0	488	0	12678	0	0	0	0	0	846	0	1692	266	108	0	0	0	1550	0	9022	0	406	0	0	0	0	0	0	0	0	0	0	0	0	0	0	0	0	0	0	0	0	0	0	0	0	0	0	0	0	0	0	0	0	0	0	0	0	0	0	0	552	168	2228	0	0	0	0	0	0	0	0	0	896	0	0	0	0	0	0	0	0	0	0	0	0	0	0	0	0	0	0	0	0	0	0	0	0	0	0	0	0	0	0	0	0	0	
121972	Frontal_Inf_Orb_R	0	0	0	3342	0	3740	0	2376	0	4032	0	310	0	6358	0	0	0	0	2098	3668	218	1534	2116	1652	0	0	0	1194	0	9952	178	2864	492	8208	0	0	0	0	0	100	0	0	0	0	0	0	0	0	0	0	0	0	0	0	0	0	0	0	0	0	0	0	0	0	0	0	0	0	0	0	486	2832	218	2786	0	0	0	0	0	0	0	0	0	232	0	0	0	0	0	0	0	0	0	0	0	0	0	0	0	0	0	0	0	0	0	0	0	0	0	0	0	0	0	0	0	0	
154068	Rolandic_Oper_L	6328	0	8892	0	0	0	1064	0	0	0	6904	0	656	0	0	0	0	0	9216	136	0	0	190	0	0	0	0	0	19122	0	240	0	0	0	0	0	112	0	0	0	0	0	0	0	0	0	0	0	0	0	824	0	1110	0	882	0	5662	0	466	0	444	0	1058	0	0	0	104	0	0	0	0	0	874	0	0	0	0	0	3444	0	3834	0	3408	0	1234	0	0	0	830	0	0	0	0	0	0	0	0	0	0	0	0	0	0	0	0	0	0	0	0	0	0	0	0	0	0	0	
151716	Rolandic_Oper_R	0	1444	0	14066	0	0	0	748	0	0	0	7800	0	0	0	0	0	0	0	11908	0	0	0	0	0	0	0	0	0	15804	0	0	0	948	0	0	0	2462	0	0	0	0	0	0	0	0	0	0	0	0	0	0	0	332	0	430	0	2378	0	0	0	250	0	2042	0	0	0	384	0	158	0	1776	0	6238	0	230	0	0	0	3102	0	2016	0	254	0	318	0	0	0	770	0	0	0	0	0	0	0	0	0	0	0	0	0	0	0	0	0	0	0	0	0	0	0	0	0	0	
919952	Supp_Motor_Area_L	41278	752	95114	11018	1636	0	11076	936	170	0	16388	572	8626	2998	846	2098	9216	0	0	45776	0	0	9980	3110	0	0	0	0	28762	3324	13522	5386	8032	27178	510	1254	5318	824	124	258	0	0	0	0	0	0	0	1226	0	0	152	0	0	0	0	98	4196	0	572	0	794	0	0	0	0	0	0	720	18606	2478	12600	3786	31852	764	7540	0	12388	514	1408	0	1244	0	2832	0	0	0	0	0	0	0	0	0	0	0	0	0	0	0	0	0	0	0	0	0	0	0	0	0	0	0	124	0	0	0	0	0	
997964	Supp_Motor_Area_R	11256	8666	13712	86822	0	0	96	4968	0	0	0	12264	266	6492	0	3668	136	11908	45776	0	0	0	1182	9286	0	0	0	0	102	22868	2198	15110	5212	55494	2830	1818	0	5684	0	2072	0	106	0	3716	100	200	0	2964	106	0	166	380	0	2368	0	2784	1950	4830	0	0	140	746	0	5464	0	286	276	2128	13514	36124	9034	35892	390	21378	200	3840	620	10760	0	560	0	3484	0	198	0	2506	0	0	0	1886	0	0	0	0	0	0	0	0	0	0	0	0	0	0	0	0	0	0	0	0	0	0	0	0	0	0	
97932	Olfactory_L	0	0	0	0	2448	422	0	0	0	0	0	0	0	0	1692	218	0	0	0	0	0	8424	0	0	504	236	5882	2190	2690	0	3884	2718	0	0	0	0	644	0	684	0	840	104	0	0	0	0	0	0	0	0	0	0	0	0	216	0	0	0	0	0	0	0	0	0	0	0	0	0	0	0	7308	5516	1382	302	0	0	0	0	0	0	0	0	662	0	0	0	0	0	0	0	0	0	0	0	0	0	0	0	0	0	0	0	0	0	0	0	0	0	0	0	0	0	0	0	0	0	
97280	Olfactory_R	0	0	0	0	932	1572	0	0	0	0	0	0	0	0	266	1534	0	0	0	0	8424	0	0	0	306	362	4690	4358	0	726	3240	2644	0	0	0	0	0	0	0	162	0	438	0	0	0	0	0	0	0	0	0	0	0	0	0	0	0	0	0	0	0	0	0	0	0	0	0	0	0	0	8986	6832	2278	890	0	0	0	0	0	0	0	0	0	0	0	0	0	0	0	0	0	0	0	0	0	0	0	0	0	0	0	0	0	0	0	0	0	0	0	0	0	0	0	0	0	0	
322756	Frontal_Sup_Medial_L	0	0	38944	8462	2176	96	15190	140	0	0	4100	670	7674	2374	108	2116	190	0	9980	1182	0	0	0	15592	1516	970	0	0	4904	2758	12898	13172	2520	9936	0	0	0	0	0	0	0	0	0	0	0	0	0	0	0	0	0	0	0	0	0	0	0	0	0	0	0	0	0	0	0	0	0	0	0	0	226	1510	1196	778	0	0	0	0	0	0	0	0	0	0	0	0	0	0	0	0	0	0	0	0	0	0	0	0	0	0	0	0	0	0	0	0	0	0	0	0	0	0	0	0	0	0	
338672	Frontal_Sup_Medial_R	0	0	3266	37630	0	1494	628	1574	0	0	168	920	502	3628	0	1652	0	0	3110	9286	0	0	15592	0	0	5856	0	1202	160	5018	1428	32976	218	12982	0	0	0	0	0	0	0	0	0	0	0	0	0	0	0	0	0	0	0	0	0	0	0	0	0	0	0	0	0	0	0	0	0	0	0	0	2732	21074	254	5096	0	204	0	686	0	0	0	0	0	0	0	0	0	0	0	0	0	0	0	0	0	0	0	0	0	0	0	0	0	0	0	0	0	0	0	0	0	0	0	0	0	0	
19144	Frontal_Med_Orb_L	0	0	1210	0	1162	136	0	0	0	0	0	0	122	0	0	0	0	0	0	0	504	306	1516	0	0	396	218	334	146	0	2134	322	0	0	0	0	0	0	0	0	0	0	0	0	0	0	0	0	0	0	0	0	0	0	0	0	0	0	0	0	0	0	0	0	0	0	0	0	0	0	152	248	666	0	0	0	0	0	0	0	0	0	0	0	0	0	0	0	0	0	0	0	0	0	0	0	0	0	0	0	0	0	0	0	0	0	0	0	0	0	0	0	0	0	0	0	
66320	Frontal_Med_Orb_R	0	0	276	4544	0	6430	0	0	0	218	0	0	0	0	0	0	0	0	0	0	236	362	970	5856	396	0	0	6224	0	0	334	3652	0	0	0	0	0	0	0	0	0	0	0	0	0	0	0	0	0	0	0	0	0	0	0	0	0	0	0	0	0	0	0	0	0	0	0	0	0	0	114	3242	0	306	0	0	0	0	0	0	0	0	0	0	0	0	0	0	0	0	0	0	0	0	0	0	0	0	0	0	0	0	0	0	0	0	0	0	0	0	0	0	0	0	0	0	
59696	Rectus_L	0	0	0	0	2902	252	0	0	370	0	0	0	0	0	1550	0	0	0	0	0	5882	4690	0	0	218	0	0	1606	638	0	2232	1406	0	0	0	0	0	0	0	0	0	0	0	0	0	0	0	0	0	0	0	0	0	0	0	0	0	0	0	0	0	0	0	0	0	0	0	0	0	0	4466	3070	338	228	0	0	0	0	0	0	0	0	0	0	0	0	0	0	0	0	0	0	0	0	0	0	0	0	0	0	0	0	0	0	0	0	0	0	0	0	0	0	0	0	0	0	
67832	Rectus_R	0	0	0	1130	176	7276	0	0	0	264	0	0	0	0	0	1194	0	0	0	0	2190	4358	0	1202	334	6224	1606	0	0	0	898	1688	0	0	0	0	0	0	0	0	0	154	0	0	0	0	0	0	0	0	0	0	0	0	0	0	0	0	0	0	0	0	0	0	0	0	0	0	0	0	2430	1358	446	988	0	0	0	0	0	0	0	0	0	0	0	0	0	0	0	0	0	0	0	0	0	0	0	0	0	0	0	0	0	0	0	0	0	0	0	0	0	0	0	0	0	0	
597812	Insula_L	21026	0	41036	0	10104	0	11128	0	2322	0	20844	0	28344	0	9022	0	19122	0	28762	102	2690	0	4904	160	146	0	638	0	0	0	13538	384	132	0	116	662	10522	498	1056	178	2042	0	0	0	0	0	0	710	0	0	1318	0	1088	0	1836	0	6624	0	632	0	626	0	676	0	0	0	148	434	1458	0	2274	0	19402	0	0	0	1766	98	10866	0	5268	0	5564	0	3738	0	0	0	4902	0	0	0	0	0	0	0	0	0	0	0	0	0	0	0	0	0	0	0	0	0	0	0	0	0	0	0	
413548	Insula_R	0	1716	0	31132	0	448	0	3776	0	138	0	17966	0	20282	0	9952	0	15804	3324	22868	0	726	2758	5018	0	0	0	0	0	0	0	1768	548	11586	0	0	0	4914	0	452	0	636	0	0	0	0	0	0	0	0	0	0	0	0	0	3220	0	1154	0	124	0	0	0	0	0	0	0	250	0	104	0	7584	0	24724	0	138	0	502	0	2702	0	5154	0	1294	0	664	0	0	0	3348	0	0	0	0	0	0	0	0	0	0	0	0	0	0	0	0	0	0	0	0	0	0	0	0	0	0	
279332	Cingulum_Ant_L	2602	0	16584	2270	1844	144	4368	0	128	0	3822	0	7946	0	406	178	240	0	13522	2198	3884	3240	12898	1428	2134	334	2232	898	13538	0	0	9282	5206	1590	0	0	0	0	0	0	0	0	0	0	0	0	0	0	0	0	0	0	0	0	0	0	326	0	0	0	0	0	0	0	0	0	0	0	0	0	12928	3644	9434	418	0	0	0	0	0	0	0	0	0	0	0	0	0	0	0	0	0	0	0	0	0	0	0	0	0	0	0	0	0	0	0	0	0	0	0	0	0	0	0	0	0	0	
377956	Cingulum_Ant_R	0	130	2486	32314	504	706	356	824	0	0	0	302	382	964	0	2864	0	0	5386	15110	2718	2644	13172	32976	322	3652	1406	1688	384	1768	9282	0	2030	20998	0	0	0	0	0	0	0	0	0	0	0	0	0	0	0	0	0	0	0	0	0	0	0	0	0	0	0	0	0	0	0	0	0	0	0	0	3068	22454	262	7064	0	576	0	186	0	0	0	0	0	0	0	0	0	0	0	0	0	0	0	0	0	0	0	0	0	0	0	0	0	0	0	0	0	0	0	0	0	0	0	0	0	0	
116060	Cingulum_Mid_L	842	0	2822	602	0	0	1292	0	0	0	656	156	606	466	0	492	0	0	8032	5212	0	0	2520	218	0	0	0	0	132	548	5206	2030	0	9894	2534	706	0	0	0	0	0	0	140	0	98	0	0	0	1662	0	2538	0	614	0	0	0	0	0	0	0	0	0	0	0	0	0	2254	220	3064	1242	0	0	0	0	0	0	0	0	0	0	0	0	0	0	728	0	0	0	504	0	0	0	0	0	0	0	0	0	0	0	0	0	0	0	0	0	0	0	0	0	0	0	0	0	0	0	
635472	Cingulum_Mid_R	7050	608	4042	21242	0	0	210	1380	0	0	130	3820	146	7506	0	8208	0	948	27178	55494	0	0	9936	12982	0	0	0	0	0	11586	1590	20998	9894	0	3190	6234	0	216	0	234	0	0	0	5652	112	3346	0	1798	132	2668	214	862	0	1630	0	1382	0	2232	0	238	0	4110	0	1452	0	3720	1038	25392	12238	22280	618	3404	0	2534	0	0	174	354	0	148	0	1436	0	0	0	1602	0	0	0	2148	0	0	0	0	0	0	0	0	0	0	0	0	0	0	0	0	0	0	0	0	0	0	0	0	0	0	
143040	Cingulum_Post_L	7194	0	180	0	0	0	0	0	0	0	0	0	0	0	0	0	0	0	510	2830	0	0	0	0	0	0	0	0	116	0	0	0	2534	3190	0	6566	2924	898	756	0	0	0	2756	0	2208	212	836	526	2388	0	1456	0	0	0	0	0	2838	480	0	0	0	0	0	0	0	0	9762	2016	13724	2370	0	0	296	0	0	0	1102	168	0	0	0	0	0	0	0	0	0	0	0	0	0	0	0	0	0	0	0	0	0	0	0	0	0	0	0	0	0	0	0	0	684	0	0	0	0	0	
154072	Cingulum_Post_R	4082	0	980	0	0	0	0	0	0	0	0	0	0	0	0	0	0	0	1254	1818	0	0	0	0	0	0	0	0	662	0	0	0	706	6234	6566	0	2136	3902	462	1770	0	0	0	1808	0	812	0	5330	102	110	0	0	0	1292	0	2622	0	2380	0	0	0	0	0	0	0	0	834	11182	4048	6706	0	0	1374	0	0	0	5144	896	318	0	0	0	0	0	0	0	0	0	0	0	0	0	0	0	0	0	0	214	0	0	0	0	0	0	0	0	0	0	0	0	1292	0	0	0	0	0	
220460	Hippocampus_L	13028	0	4730	0	0	0	196	0	0	0	204	0	0	0	0	0	112	0	5318	0	644	0	0	0	0	0	0	0	10522	0	0	0	0	0	2924	2136	0	822	10120	310	4256	0	736	0	0	0	1496	2996	0	0	224	0	1680	0	6624	196	596	0	0	0	112	0	204	0	0	0	2050	870	5558	0	358	0	7862	0	906	0	5300	0	5182	0	1166	0	208	0	1052	0	0	0	8592	0	0	0	0	0	0	0	0	0	0	0	0	0	0	0	0	0	0	0	0	222	718	0	0	0	0	0	
258928	Hippocampus_R	1760	1028	722	5844	0	0	0	250	0	0	0	0	0	0	0	0	0	2462	824	5684	0	0	0	0	0	0	0	0	498	4914	0	0	0	216	898	3902	822	0	0	21308	0	7154	0	0	0	0	0	1736	0	0	0	0	0	2130	0	21176	0	352	0	0	0	162	0	168	0	0	0	3124	1310	684	0	336	1020	10636	0	524	3028	7770	280	1224	0	1682	0	260	0	2032	0	0	0	10666	0	0	0	0	0	0	0	878	0	0	0	0	0	0	0	0	0	0	0	0	0	0	0	0	0	0	
61340	ParaHippocampal_L	200	0	116	0	0	0	0	0	0	0	0	0	0	0	0	0	0	0	124	0	684	0	0	0	0	0	0	0	1056	0	0	0	0	0	756	462	10120	0	0	206	1358	0	492	0	0	0	2384	824	0	0	136	0	1040	0	3918	134	154	0	0	0	0	0	96	0	0	0	1750	192	112	0	0	0	680	0	0	0	772	0	432	0	0	0	480	0	138	0	0	0	1478	0	0	0	0	0	0	0	0	0	0	0	0	0	0	0	0	0	0	0	0	212	164	0	0	0	0	0	
164888	ParaHippocampal_R	594	138	256	1478	0	0	0	0	0	0	0	0	0	0	0	100	0	0	258	2072	0	162	0	0	0	0	0	0	178	452	0	0	0	234	0	1770	310	21308	206	0	0	4376	0	0	0	0	0	6498	0	0	0	0	0	994	0	18914	0	168	0	0	0	0	0	0	0	0	0	3064	412	706	0	124	310	1826	0	344	1142	3854	128	202	0	202	0	2098	0	302	0	1434	0	2056	0	0	0	0	0	194	0	3424	0	0	0	0	0	0	0	0	0	0	0	156	0	0	0	0	0	0	
24348	Amygdala_L	0	0	0	0	0	0	0	0	0	0	0	0	0	0	0	0	0	0	0	0	840	0	0	0	0	0	0	0	2042	0	0	0	0	0	0	0	4256	0	1358	0	0	0	0	0	0	0	0	218	0	0	0	0	0	0	1748	0	0	0	0	0	0	0	0	0	0	0	0	0	0	0	0	0	1176	0	0	0	0	0	0	0	0	0	124	0	0	0	0	0	412	0	0	0	0	0	0	0	0	0	0	0	0	0	0	0	0	0	0	0	0	0	0	0	0	0	0	0	
43736	Amygdala_R	0	0	0	142	0	0	0	0	0	0	0	0	0	0	0	0	0	0	0	106	104	438	0	0	0	0	0	154	0	636	0	0	0	0	0	0	0	7154	0	4376	0	0	0	0	0	0	0	0	0	0	0	0	0	0	0	4000	0	0	0	0	0	0	0	0	0	0	0	0	0	0	108	162	0	1898	0	0	0	152	0	0	0	0	0	1690	0	0	0	540	0	208	0	0	0	0	0	0	0	0	0	0	0	0	0	0	0	0	0	0	0	0	0	0	0	0	0	0	
203528	Calcarine_L	520	0	0	0	0	0	0	0	0	0	0	0	0	0	0	0	0	0	0	0	0	0	0	0	0	0	0	0	0	0	0	0	140	0	2756	0	736	0	492	0	0	0	0	5720	10010	3336	10278	1726	8590	1782	22142	936	6368	160	1086	0	6042	0	136	0	126	0	336	0	0	0	9184	236	5618	0	0	0	0	0	0	0	0	0	0	0	0	0	0	0	2444	0	0	0	0	0	0	122	0	0	0	0	0	186	0	182	0	0	0	0	0	0	0	0	0	0	374	0	0	0	0	0	
334048	Calcarine_R	0	352	0	0	0	0	0	0	0	0	0	0	0	0	0	0	0	0	0	3716	0	0	0	0	0	0	0	0	0	0	0	0	0	5652	0	1808	0	0	0	0	0	0	5720	0	4932	20800	1090	19364	230	15646	142	15246	0	10730	0	7276	0	7234	0	1988	0	206	0	130	0	410	262	22898	0	8454	0	0	0	0	0	0	0	0	0	0	0	112	0	0	0	10526	0	0	0	1880	0	0	0	0	0	0	0	0	0	0	0	0	0	0	0	0	0	0	0	0	220	0	0	0	0	0	
163864	Cuneus_L	304	0	0	0	0	0	0	0	0	0	0	0	0	0	0	0	0	0	0	100	0	0	0	0	0	0	0	0	0	0	0	0	98	112	2208	0	0	0	0	0	0	0	10010	4932	0	6854	1894	128	20820	2628	12346	178	1068	220	552	0	2638	0	1788	0	0	0	0	0	0	0	8988	568	3220	0	0	0	0	0	0	0	0	0	0	0	0	0	0	0	278	0	0	0	0	0	0	0	0	0	0	0	0	0	0	0	0	0	0	0	0	0	0	0	0	0	0	0	0	0	0	0	
229296	Cuneus_R	0	0	0	0	0	0	0	0	0	0	0	0	0	0	0	0	0	0	0	200	0	0	0	0	0	0	0	0	0	0	0	0	0	3346	212	812	0	0	0	0	0	0	3336	20800	6854	0	692	4942	658	31522	150	4468	0	5344	0	3824	0	668	116	3684	0	0	0	0	0	1882	2274	16714	0	1384	0	0	0	0	0	0	0	0	0	0	0	0	0	0	0	642	0	0	0	0	0	0	0	0	0	0	0	0	0	0	0	0	0	0	0	0	0	0	0	0	124	0	0	0	0	0	
267932	Lingual_L	112	0	0	0	0	0	0	0	0	0	0	0	0	0	0	0	0	0	0	0	0	0	0	0	0	0	0	0	0	0	0	0	0	0	836	0	1496	0	2384	0	0	0	10278	1090	1894	692	0	2414	5568	820	12576	352	6042	0	15996	220	578	0	0	0	0	0	194	0	0	0	2990	0	628	0	0	0	0	0	0	0	0	0	0	0	0	0	0	0	126	0	0	0	410	0	10014	2336	1802	906	0	208	11792	1052	18742	3450	0	0	0	422	242	1160	0	0	112	262	2930	5136	3588	786	1060	270	
321240	Lingual_R	1116	188	786	0	0	0	0	0	0	0	0	0	0	0	0	0	0	0	1226	2964	0	0	0	0	0	0	0	0	710	0	0	0	0	1798	526	5330	2996	1736	824	6498	218	0	1726	19364	128	4942	2414	0	0	6892	0	3892	0	11018	284	20184	0	2018	0	400	0	0	0	0	0	0	258	12690	730	4598	0	0	1894	0	0	0	1360	324	0	0	0	0	0	0	0	1882	0	0	238	428	1346	4310	176	384	122	108	2648	6556	1788	7402	0	0	0	104	588	170	0	0	0	310	5074	3214	1316	226	198	0	
199420	Occipital_Sup_L	394	0	0	0	0	0	0	0	0	0	0	0	0	0	0	0	0	0	0	106	0	0	0	0	0	0	0	0	0	0	0	0	1662	132	2388	102	0	0	0	0	0	0	8590	230	20820	658	5568	0	0	174	31036	0	1648	0	1204	0	1288	0	4620	0	1112	0	0	0	376	0	13122	714	2416	102	0	0	0	0	0	0	0	0	0	0	0	0	0	0	1018	0	0	0	230	0	0	0	0	0	0	0	0	0	0	0	0	0	0	0	0	0	0	0	0	0	0	0	0	0	0	0	
215892	Occipital_Sup_R	0	0	0	0	0	0	0	0	0	0	0	0	0	0	0	0	0	0	0	0	0	0	0	0	0	0	0	0	0	0	0	0	0	2668	0	110	0	0	0	0	0	0	1782	15646	2628	31522	820	6892	174	0	0	12888	0	4628	0	4340	0	380	0	6534	0	382	0	0	0	3902	644	11046	0	474	0	0	0	0	0	0	0	0	0	0	0	0	0	0	0	486	0	0	0	0	0	0	0	0	0	0	0	0	0	0	0	0	0	0	0	0	0	0	0	0	0	0	0	0	0	0	
499164	Occipital_Mid_L	1610	0	182	0	0	0	0	0	0	0	0	0	0	0	0	0	824	0	152	166	0	0	0	0	0	0	0	0	1318	0	0	0	2538	214	1456	0	224	0	136	0	0	0	22142	142	12346	150	12576	0	31036	0	0	0	29100	0	5730	0	14350	0	14946	0	15282	0	2964	0	17138	0	12916	0	13108	124	0	0	0	0	0	0	0	110	566	0	334	0	0	0	27316	0	0	0	8386	0	0	0	0	0	0	0	0	0	0	0	0	0	0	0	0	0	0	0	0	0	0	0	0	0	0	0	
178444	Occipital_Mid_R	0	348	0	0	0	0	0	0	0	0	0	0	0	0	0	0	0	0	0	380	0	0	0	0	0	0	0	0	0	0	0	0	0	862	0	0	0	0	0	0	0	0	936	15246	178	4468	352	3892	0	12888	0	0	0	3232	0	1880	0	3780	0	2706	0	2800	0	0	0	12580	0	5196	0	1968	0	0	0	0	0	0	0	0	0	0	0	120	0	0	0	14260	0	0	0	1150	0	0	0	0	0	0	0	0	0	0	0	0	0	0	0	0	0	0	0	0	0	0	0	0	0	0	
220888	Occipital_Inf_L	1160	0	0	0	0	0	0	0	0	0	0	0	0	0	0	0	1110	0	0	0	0	0	0	0	0	0	0	0	1088	0	0	0	614	0	0	0	1680	0	1040	0	0	0	6368	0	1068	0	6042	0	1648	0	29100	0	0	0	12538	0	7312	0	1152	0	1206	0	1950	0	796	0	1150	0	7686	0	0	0	0	0	0	0	0	0	2310	0	748	0	0	0	10088	0	0	0	10094	0	258	0	0	0	0	0	434	0	1010	130	0	0	0	118	0	98	0	0	0	0	126	146	176	0	0	0	
172640	Occipital_Inf_R	0	172	0	0	0	0	0	0	0	0	0	0	0	0	0	0	0	332	0	2368	0	0	0	0	0	0	0	0	0	0	0	0	0	1630	0	1292	0	2130	0	994	0	0	160	10730	220	5344	0	11018	0	4628	0	3232	0	0	0	19026	0	1536	0	244	0	278	0	262	0	516	130	5244	0	3110	0	0	0	0	0	0	0	134	0	0	0	650	0	0	0	2250	0	0	0	8592	0	0	0	0	0	0	0	98	0	0	0	0	0	0	0	0	0	0	0	0	0	0	0	0	0	0	
303080	Fusiform_L	880	0	0	0	0	0	0	0	0	0	0	0	0	0	0	0	882	0	0	0	216	0	0	0	0	0	0	0	1836	0	0	0	0	0	0	0	6624	0	3918	0	1748	0	1086	0	552	0	15996	284	1204	0	5730	0	12538	0	0	0	1530	0	182	0	238	0	1098	0	130	0	282	0	1498	0	0	0	222	0	0	0	0	0	1694	0	1074	0	2210	0	2334	0	1070	0	9862	0	23218	386	3222	486	260	0	10556	0	29348	776	328	0	1242	364	328	366	0	0	0	0	782	1410	1168	208	174	0	
379588	Fusiform_R	202	226	0	574	0	0	0	0	0	0	0	0	0	0	0	0	0	430	98	2784	0	0	0	0	0	0	0	0	0	3220	0	0	0	1382	0	2622	196	21176	134	18914	0	4000	0	7276	0	3824	220	20184	0	4340	0	1880	0	19026	0	0	0	1708	0	244	0	114	0	106	0	0	162	6246	168	3294	0	0	120	5594	0	180	580	1576	0	302	0	1518	0	4898	0	2838	0	578	0	15560	186	10450	0	436	0	304	0	6740	262	11318	0	0	0	242	0	0	0	116	0	138	394	586	128	0	0	0	
384152	Postcentral_L	33696	1510	6058	524	0	0	2506	0	0	0	9410	0	568	0	0	0	5662	0	4196	1950	0	0	0	0	0	0	0	0	6624	0	326	0	0	0	2838	0	596	0	154	0	0	0	6042	0	2638	0	578	0	1288	0	14350	0	7312	0	1530	0	0	0	7884	0	21660	0	7628	0	162	0	6314	0	24330	0	174	482	748	0	0	0	0	694	1762	0	868	0	0	0	6612	0	0	0	2402	0	0	0	0	0	0	0	0	0	0	0	0	0	0	0	0	0	0	0	0	0	0	0	0	0	0	0	
196552	Postcentral_R	1114	11580	0	2078	0	0	0	144	0	0	0	1422	0	0	0	0	0	2378	0	4830	0	0	0	0	0	0	0	0	0	1154	0	0	0	2232	480	2380	0	352	0	168	0	0	0	7234	0	668	0	2018	0	380	0	3780	0	1536	0	1708	0	0	0	6528	0	6494	0	8844	0	1144	0	8858	1136	9966	0	0	0	1380	0	0	0	0	0	0	0	584	0	0	0	5038	0	0	0	668	0	0	0	0	0	0	0	0	0	0	0	0	0	0	0	0	0	0	0	0	0	0	0	0	0	0	
152760	Parietal_Sup_L	1922	0	556	0	0	0	0	0	0	0	108	0	0	0	0	0	466	0	572	0	0	0	0	0	0	0	0	0	632	0	0	0	0	0	0	0	0	0	0	0	0	0	136	0	1788	116	0	0	4620	0	14946	0	1152	0	182	0	7884	0	0	0	17482	0	524	0	2036	0	12370	332	2306	0	98	0	0	0	0	0	98	0	130	0	0	0	0	0	4572	0	0	0	1352	0	0	0	0	0	0	0	0	0	0	0	0	0	0	0	0	0	0	0	0	0	0	0	0	0	0	0	
95708	Parietal_Sup_R	0	250	0	0	0	0	0	0	0	0	0	0	0	0	0	0	0	0	0	0	0	0	0	0	0	0	0	0	0	124	0	0	0	238	0	0	0	0	0	0	0	0	0	1988	0	3684	0	400	0	6534	0	2706	0	244	0	244	0	6528	0	0	0	6454	0	1690	0	4702	330	10232	0	404	0	0	0	0	0	0	0	0	0	0	0	224	0	0	0	656	0	0	0	222	0	0	0	0	0	0	0	0	0	0	0	0	0	0	0	0	0	0	0	0	0	0	0	0	0	0	
204872	Parietal_Inf_L	6546	246	786	128	0	0	0	0	0	0	1580	0	0	0	0	0	444	0	794	140	0	0	0	0	0	0	0	0	626	0	0	0	0	0	0	0	112	0	0	0	0	0	126	0	0	0	0	0	1112	0	15282	0	1206	0	238	0	21660	0	17482	0	0	0	13284	0	10150	0	1392	0	2684	0	108	0	0	0	0	0	106	0	162	0	0	0	0	0	4536	0	0	0	1506	0	0	0	0	0	0	0	0	0	0	0	0	0	0	0	0	0	0	0	0	0	0	0	0	0	0	0	
107928	Parietal_Inf_R	0	1154	0	450	0	0	0	0	0	0	0	0	0	0	0	0	0	250	0	746	0	0	0	0	0	0	0	0	0	0	0	0	0	4110	0	0	0	162	0	0	0	0	0	206	0	0	0	0	0	382	0	2800	0	278	0	114	0	6494	0	6454	0	0	0	11452	0	12096	0	4502	0	412	0	0	0	0	0	0	0	0	0	0	0	136	0	0	0	1116	0	0	0	650	0	0	0	0	0	0	0	0	0	0	0	0	0	0	0	0	0	0	0	0	0	0	0	0	0	0	
120968	SupraMarginal_L	1298	0	0	0	0	0	0	0	0	0	0	0	0	0	0	0	1058	0	0	0	0	0	0	0	0	0	0	0	676	0	0	0	0	0	0	0	204	0	96	0	0	0	336	0	0	0	194	0	0	0	2964	0	1950	0	1098	0	7628	0	524	0	13284	0	0	0	8796	0	138	0	830	0	0	0	0	0	0	0	0	0	556	0	4770	0	0	0	10490	0	0	0	3594	0	0	0	0	0	0	0	0	0	0	0	0	0	0	0	0	0	0	0	0	0	0	0	0	0	0	0	
108648	SupraMarginal_R	0	1784	0	690	0	0	0	0	0	0	0	0	0	0	0	0	0	2042	0	5464	0	0	0	0	0	0	0	0	0	0	0	0	0	1452	0	0	0	168	0	0	0	0	0	130	0	0	0	0	0	0	0	0	0	262	0	106	0	8844	0	1690	0	11452	0	0	0	3334	0	1708	0	4812	0	0	0	0	0	0	0	0	0	96	0	7274	0	0	0	2034	0	0	0	982	0	0	0	0	0	0	0	0	0	0	0	0	0	0	0	0	0	0	0	0	0	0	0	0	0	0	
98896	Angular_L	178	0	0	0	0	0	0	0	0	0	0	0	0	0	0	0	0	0	0	0	0	0	0	0	0	0	0	0	0	0	0	0	0	0	0	0	0	0	0	0	0	0	0	0	0	0	0	0	376	0	17138	0	796	0	130	0	162	0	2036	0	10150	0	8796	0	0	0	0	0	238	0	0	0	0	0	0	0	0	0	0	0	1262	0	0	0	6790	0	0	0	1396	0	0	0	0	0	0	0	0	0	0	0	0	0	0	0	0	0	0	0	0	0	0	0	0	0	0	0	
118580	Angular_R	0	190	0	0	0	0	0	0	0	0	0	0	0	0	0	0	0	0	0	286	0	0	0	0	0	0	0	0	0	0	0	0	0	3720	0	0	0	0	0	0	0	0	0	410	0	1882	0	0	0	3902	0	12580	0	516	0	0	0	1144	0	4702	0	12096	0	3334	0	0	0	4148	0	406	0	0	0	0	0	0	0	0	0	0	0	2188	0	0	0	6222	0	0	0	1564	0	0	0	0	0	0	0	0	0	0	0	0	0	0	0	0	0	0	0	0	0	0	0	0	0	0	
220416	Precuneus_L	928	0	0	0	0	0	0	0	0	0	0	0	0	0	0	0	104	0	0	276	0	0	0	0	0	0	0	0	148	0	0	0	2254	1038	9762	834	2050	0	1750	0	0	0	9184	262	8988	2274	2990	258	13122	644	12916	0	1150	130	282	162	6314	0	12370	330	1392	0	138	0	0	0	0	5576	9818	348	0	0	0	0	0	0	0	156	0	0	0	0	0	0	1314	0	0	0	698	0	0	0	0	0	0	0	96	0	0	0	0	0	0	0	0	0	0	0	0	0	152	0	0	0	0	0	
393596	Precuneus_R	1342	510	650	320	0	0	0	0	0	0	0	122	0	0	0	0	0	384	720	2128	0	0	0	0	0	0	0	0	434	250	0	0	220	25392	2016	11182	870	3124	192	3064	0	0	236	22898	568	16714	0	12690	714	11046	0	5196	0	5244	0	6246	0	8858	332	10232	0	4502	0	1708	0	4148	5576	0	1096	10992	0	0	860	138	0	0	2338	526	266	156	0	1656	0	0	0	5316	0	0	0	2308	0	0	0	0	0	0	0	374	0	0	0	0	0	0	0	0	0	0	0	0	944	0	0	0	0	0	
481208	Paracentral_Lobule_L	43070	116	5314	0	0	0	0	0	0	0	0	0	0	0	0	0	0	0	18606	13514	0	0	0	0	0	0	0	0	1458	0	0	0	3064	12238	13724	4048	5558	1310	112	412	0	0	5618	0	3220	0	628	730	2416	0	13108	0	7686	0	1498	168	24330	1136	2306	0	2684	0	830	0	238	0	9818	1096	0	8900	1712	0	5594	0	874	0	13452	1494	1288	0	142	0	0	0	4278	0	0	0	2702	0	0	0	0	0	0	0	0	0	0	0	0	0	0	0	0	0	0	0	0	0	114	0	0	0	0	0	
303876	Paracentral_Lobule_R	4576	2566	102	228	0	0	0	0	0	0	0	0	0	0	0	0	0	158	2478	36124	0	0	0	0	0	0	0	0	0	104	0	0	1242	22280	2370	6706	0	684	0	706	0	0	0	8454	0	1384	0	4598	102	474	124	1968	0	3110	0	3294	0	9966	0	404	0	412	0	4812	0	406	348	10992	8900	0	1122	120	126	0	0	0	384	292	0	0	0	3580	0	0	0	4692	0	0	0	1442	0	0	0	0	0	0	0	108	0	0	0	0	0	0	0	0	0	0	0	0	0	0	0	0	0	0	
245884	Caudate_L	2818	730	7322	4978	992	626	406	0	0	0	242	0	596	0	552	486	0	0	12600	9034	7308	8986	226	2732	152	114	4466	2430	2274	0	12928	3068	0	618	0	0	358	0	0	0	0	108	0	0	0	0	0	0	0	0	0	0	0	0	0	0	174	0	98	0	108	0	0	0	0	0	0	0	1712	1122	0	12676	9760	526	470	114	7790	1242	0	0	0	0	0	0	0	0	0	0	0	0	0	0	0	0	0	0	0	0	0	0	0	0	0	0	0	0	0	0	0	0	0	0	0	0	0	0	
458012	Caudate_R	378	1786	722	34846	724	1762	0	456	0	0	0	4250	0	2382	168	2832	0	1776	3786	35892	5516	6832	1510	21074	248	3242	3070	1358	0	7584	3644	22454	0	3404	0	0	0	336	0	124	0	162	0	0	0	0	0	0	0	0	0	0	0	0	0	0	482	0	0	0	0	0	0	0	0	0	0	0	0	120	12676	0	1792	21852	0	4072	0	15694	0	0	0	0	0	0	0	0	0	0	0	0	0	0	0	0	0	0	0	0	0	0	0	0	0	0	0	0	0	0	0	0	0	0	0	0	0	0	
316268	Putamen_L	13448	0	20706	306	4324	164	440	0	1104	0	1952	0	366	0	2228	218	874	0	31852	390	1382	2278	1196	254	666	0	338	446	19402	0	9434	262	0	0	296	1374	7862	1020	680	310	1176	0	0	0	0	0	0	1894	0	0	0	0	0	0	222	120	748	0	0	0	0	0	0	0	0	0	0	860	5594	126	9760	1792	0	0	5108	0	3622	120	574	0	224	0	242	0	0	0	0	0	204	0	0	0	0	0	0	0	0	0	0	0	0	0	0	0	0	0	0	0	0	0	176	0	0	0	0	0	
326272	Putamen_R	0	2022	0	26770	0	716	0	1374	0	256	0	3852	0	1258	0	2786	0	6238	764	21378	302	890	778	5096	0	306	228	988	0	24724	418	7064	0	2534	0	0	0	10636	0	1826	0	1898	0	0	0	0	0	0	0	0	0	0	0	0	0	5594	0	1380	0	0	0	0	0	0	0	0	0	138	0	0	526	21852	0	0	0	2956	152	1236	0	566	0	294	0	344	0	0	0	0	0	2850	0	0	0	0	0	0	0	146	0	0	0	0	0	0	0	0	0	0	0	0	0	0	0	0	0	0	
56316	Pallidum_L	5844	0	5832	0	0	0	0	0	0	0	0	0	0	0	0	0	0	0	7540	200	0	0	0	0	0	0	0	0	0	0	0	0	0	0	0	0	906	0	0	0	0	0	0	0	0	0	0	0	0	0	0	0	0	0	0	0	0	0	0	0	0	0	0	0	0	0	0	0	874	0	470	0	5108	0	0	0	1384	0	0	0	0	0	0	0	0	0	0	0	0	0	0	0	0	0	0	0	0	0	0	0	0	0	0	0	0	0	0	0	0	0	0	0	0	0	0	0	
33896	Pallidum_R	0	0	0	3612	0	0	0	0	0	0	0	0	0	0	0	0	0	230	0	3840	0	0	0	204	0	0	0	0	0	138	0	576	0	0	0	0	0	524	0	344	0	0	0	0	0	0	0	0	0	0	0	0	0	0	0	180	0	0	0	0	0	0	0	0	0	0	0	0	0	0	114	4072	0	2956	0	0	0	158	0	0	0	0	0	0	0	0	0	0	0	0	0	0	0	0	0	0	0	0	0	0	0	0	0	0	0	0	0	0	0	0	0	0	0	0	0	0	
176340	Thalamus_L	15754	0	5886	190	0	0	0	0	0	0	0	0	0	0	0	0	0	0	12388	620	0	0	0	0	0	0	0	0	1766	0	0	0	0	174	1102	5144	5300	3028	772	1142	0	0	0	0	0	0	0	1360	0	0	0	0	0	0	0	580	0	0	98	0	106	0	0	0	0	0	0	2338	13452	384	7790	0	3622	152	1384	0	0	1438	1248	0	0	0	0	0	0	0	0	0	212	110	0	0	0	0	0	0	0	0	0	0	0	0	0	0	0	0	0	0	0	0	630	0	0	0	0	0	
144164	Thalamus_R	1240	7050	386	11064	0	0	0	152	0	0	0	0	0	0	0	0	0	0	514	10760	0	0	0	686	0	0	0	0	98	502	0	186	0	354	168	896	0	7770	0	3854	0	152	0	0	0	0	0	324	0	0	110	0	0	134	0	1576	694	0	0	0	0	0	0	0	0	0	156	526	1494	292	1242	15694	120	1236	0	158	1438	0	102	0	0	0	0	0	118	104	0	0	118	508	0	0	0	0	0	0	0	106	0	0	0	0	0	0	0	0	0	0	0	0	0	0	0	0	0	0	
109660	Heschl_L	8756	0	3434	0	0	0	512	0	0	0	342	0	0	0	0	0	3444	0	1408	0	0	0	0	0	0	0	0	0	10866	0	0	0	0	0	0	318	5182	280	432	128	0	0	0	0	0	0	0	0	0	0	566	0	2310	0	1694	0	1762	0	130	0	162	0	556	0	0	0	0	266	1288	0	0	0	574	0	0	0	1248	102	0	0	2028	0	0	0	2940	0	0	0	4102	0	0	0	0	0	0	0	0	0	0	0	0	0	0	0	0	0	0	0	0	0	0	0	0	0	0	0	
33256	Heschl_R	0	0	0	854	0	0	0	0	0	0	0	0	0	0	0	0	0	3102	0	560	0	0	0	0	0	0	0	0	0	2702	0	0	0	148	0	0	0	1224	0	202	0	0	0	0	0	0	0	0	0	0	0	0	0	0	0	302	0	0	0	0	0	0	0	96	0	0	0	156	0	0	0	0	0	566	0	0	0	0	0	0	0	5310	0	0	0	766	0	0	0	640	0	0	0	0	0	0	0	0	0	0	0	0	0	0	0	0	0	0	0	0	0	0	0	0	0	0	
129180	Temporal_Sup_L	1050	0	1212	0	0	0	0	0	0	0	1564	0	170	0	0	0	3834	0	1244	0	0	0	0	0	0	0	0	0	5268	0	0	0	0	0	0	0	1166	0	0	0	0	0	0	0	0	0	0	0	0	0	334	0	748	0	1074	0	868	0	0	0	0	0	4770	0	1262	0	0	0	142	0	0	0	224	0	0	0	0	0	2028	0	0	0	4748	0	18800	0	0	0	14084	0	0	0	0	0	0	0	0	0	0	0	0	0	0	0	0	0	0	0	0	0	0	0	0	0	0	0	
118292	Temporal_Sup_R	0	0	0	0	0	0	0	0	0	0	0	0	0	0	0	0	0	2016	0	3484	0	0	0	0	0	0	0	0	0	5154	0	0	0	1436	0	0	0	1682	0	202	0	0	0	112	0	0	0	0	0	0	0	120	0	650	0	1518	0	584	0	224	0	136	0	7274	0	2188	0	1656	0	3580	0	0	0	294	0	0	0	0	0	5310	0	0	0	2600	0	12036	0	748	0	6142	0	0	0	0	0	0	0	0	0	0	0	0	0	0	0	0	0	0	0	0	0	0	0	0	0	0	
83132	Temporal_Pole_Sup_L	238	0	3162	0	154	0	108	0	0	0	4322	0	304	0	896	0	3408	0	2832	0	662	0	0	0	0	0	0	0	5564	0	0	0	0	0	0	0	208	0	480	0	124	0	0	0	0	0	0	0	0	0	0	0	0	0	2210	0	0	0	0	0	0	0	0	0	0	0	0	0	0	0	0	0	242	0	0	0	0	0	0	0	4748	0	0	0	4680	0	2018	0	5206	0	0	0	0	0	0	0	0	0	0	0	0	0	0	0	0	0	0	0	0	0	0	0	0	0	0	0	
46756	Temporal_Pole_Sup_R	0	0	0	216	0	0	0	0	0	0	0	224	0	0	0	232	0	254	0	198	0	0	0	0	0	0	0	0	0	1294	0	0	0	0	0	0	0	260	0	2098	0	1690	0	0	0	0	0	0	0	0	0	0	0	0	0	4898	0	0	0	0	0	0	0	0	0	0	0	0	0	0	0	0	0	344	0	0	0	0	0	0	0	2600	0	0	0	1674	0	3994	0	3402	0	0	0	0	0	0	0	0	0	0	0	0	0	0	0	0	0	0	0	0	0	0	0	0	0	0	
322292	Temporal_Mid_L	2696	0	0	0	0	0	0	0	0	0	0	0	0	0	0	0	1234	0	0	0	0	0	0	0	0	0	0	0	3738	0	0	0	728	0	0	0	1052	0	138	0	0	0	2444	0	278	0	126	0	1018	0	27316	0	10088	0	2334	0	6612	0	4572	0	4536	0	10490	0	6790	0	1314	0	4278	0	0	0	0	0	0	0	0	118	2940	0	18800	0	4680	0	0	0	1932	0	40894	0	0	0	0	0	0	0	0	0	0	0	0	0	0	0	0	0	0	0	0	0	0	0	0	0	0	0	
196496	Temporal_Mid_R	0	1330	0	0	0	0	0	0	0	0	0	0	0	0	0	0	0	318	0	2506	0	0	0	0	0	0	0	0	0	664	0	0	0	1602	0	0	0	2032	0	302	0	0	0	10526	0	642	0	1882	0	486	0	14260	0	2250	0	2838	0	5038	0	656	0	1116	0	2034	0	6222	0	5316	0	4692	0	0	0	0	0	0	0	104	0	766	0	12036	0	1674	0	0	0	960	0	15996	0	0	0	0	0	0	0	0	0	0	0	0	0	0	0	0	0	0	0	0	0	0	0	0	0	0	
13124	Temporal_Pole_Mid_L	0	0	0	0	0	0	0	0	0	0	0	0	0	0	0	0	0	0	0	0	0	0	0	0	0	0	0	0	0	0	0	0	0	0	0	0	0	0	0	0	0	0	0	0	0	0	0	0	0	0	0	0	0	0	1070	0	0	0	0	0	0	0	0	0	0	0	0	0	0	0	0	0	0	0	0	0	0	0	0	0	0	0	2018	0	1932	0	0	0	1542	0	0	0	0	0	0	0	0	0	0	0	0	0	0	0	0	0	0	0	0	0	0	0	0	0	0	0	
19056	Temporal_Pole_Mid_R	0	0	0	0	0	0	0	0	0	0	0	0	0	0	0	0	0	0	0	0	0	0	0	0	0	0	0	0	0	0	0	0	0	0	0	0	0	0	0	1434	0	540	0	0	0	0	0	0	0	0	0	0	0	0	0	578	0	0	0	0	0	0	0	0	0	0	0	0	0	0	0	0	0	0	0	0	0	0	0	0	0	748	0	3994	0	960	0	0	0	1274	0	0	0	0	0	0	0	0	0	0	0	0	0	0	0	0	0	0	0	0	0	0	0	0	0	0	
264044	Temporal_Inf_L	2648	0	0	0	0	0	0	0	0	0	0	0	0	0	0	0	830	0	0	0	0	0	0	0	0	0	0	0	4902	0	0	0	504	0	0	0	8592	0	1478	0	412	0	0	0	0	0	410	238	230	0	8386	0	10094	0	9862	0	2402	0	1352	0	1506	0	3594	0	1396	0	698	0	2702	0	0	0	204	0	0	0	212	118	4102	0	14084	0	5206	0	40894	0	1542	0	0	0	2894	0	192	0	0	0	0	0	202	0	0	0	136	0	0	0	0	0	0	0	0	0	0	0	0	0	
178064	Temporal_Inf_R	0	284	0	696	0	0	0	0	0	0	0	0	0	0	0	0	0	770	0	1886	0	0	0	0	0	0	0	0	0	3348	0	0	0	2148	0	0	0	10666	0	2056	0	208	0	1880	0	0	0	428	0	0	0	1150	0	8592	0	15560	0	668	0	222	0	650	0	982	0	1564	0	2308	0	1442	0	0	0	2850	0	0	110	508	0	640	0	6142	0	3402	0	15996	0	1274	0	0	0	602	0	0	0	0	0	0	0	0	0	0	0	0	0	0	0	0	0	0	0	0	0	0	0	0	
539560	Cerebelum_Crus1_L	0	0	0	0	0	0	0	0	0	0	0	0	0	0	0	0	0	0	0	0	0	0	0	0	0	0	0	0	0	0	0	0	0	0	0	0	0	0	0	0	0	0	0	0	0	0	10014	1346	0	0	0	0	258	0	23218	186	0	0	0	0	0	0	0	0	0	0	0	0	0	0	0	0	0	0	0	0	0	0	0	0	0	0	0	0	0	0	0	0	2894	0	0	5776	48486	5806	1414	274	18956	640	60246	6624	16656	214	23906	1518	7638	2574	550	0	0	196	2106	9354	12976	2962	2300	692	
449396	Cerebelum_Crus1_R	0	0	0	0	0	0	0	0	0	0	0	0	0	0	0	0	0	0	0	0	0	0	0	0	0	0	0	0	0	0	0	0	0	0	0	0	0	0	0	0	0	0	122	0	0	0	2336	4310	0	0	0	0	0	0	386	10450	0	0	0	0	0	0	0	0	0	0	0	0	0	0	0	0	0	0	0	0	0	0	0	0	0	0	0	0	0	0	0	0	0	602	5776	0	3218	30984	324	2944	4552	23706	4300	57330	1060	3498	1698	24826	300	3810	0	2340	240	1624	12804	6582	11450	2092	778	256	
331372	Cerebelum_Crus2_L	0	0	0	0	0	0	0	0	0	0	0	0	0	0	0	0	0	0	0	0	0	0	0	0	0	0	0	0	0	0	0	0	0	0	0	0	0	0	0	0	0	0	0	0	0	0	1802	176	0	0	0	0	0	0	3222	0	0	0	0	0	0	0	0	0	0	0	0	0	0	0	0	0	0	0	0	0	0	0	0	0	0	0	0	0	0	0	0	0	192	0	48486	3218	0	9302	656	212	4668	354	12262	1358	29190	2162	29792	2280	3930	208	0	0	0	150	900	700	7174	2922	370	0	
333212	Cerebelum_Crus2_R	0	0	0	0	0	0	0	0	0	0	0	0	0	0	0	0	0	0	0	0	0	0	0	0	0	0	0	0	0	0	0	0	0	0	0	0	0	0	0	0	0	0	0	0	0	0	906	384	0	0	0	0	0	0	486	436	0	0	0	0	0	0	0	0	0	0	0	0	0	0	0	0	0	0	0	0	0	0	0	0	0	0	0	0	0	0	0	0	0	0	5806	30984	9302	0	232	966	1442	2198	3818	9510	3170	17210	5740	35230	466	7352	0	1142	0	582	2884	2854	13018	7850	2250	388	
28900	Cerebelum_3_L	0	0	0	0	0	0	0	0	0	0	0	0	0	0	0	0	0	0	0	0	0	0	0	0	0	0	0	0	0	0	0	0	0	0	0	0	0	0	0	0	0	0	0	0	0	0	0	122	0	0	0	0	0	0	260	0	0	0	0	0	0	0	0	0	0	0	0	0	0	0	0	0	0	0	0	0	0	0	0	0	0	0	0	0	0	0	0	0	0	0	1414	324	656	232	0	206	4948	166	1928	394	0	0	0	170	584	0	0	0	954	936	940	0	108	108	0	0	
53840	Cerebelum_3_R	0	0	0	0	0	0	0	0	0	0	0	0	0	0	0	0	0	0	0	0	0	0	0	0	0	0	0	0	0	0	0	0	0	0	0	0	0	0	0	194	0	0	0	0	0	0	208	108	0	0	0	0	0	0	0	304	0	0	0	0	0	0	0	0	0	0	0	0	0	0	0	0	0	0	0	0	0	0	0	0	0	0	0	0	0	0	0	0	0	0	274	2944	212	966	206	0	542	4638	418	5218	0	180	0	1392	0	1006	0	0	710	3934	1274	450	306	812	504	120	
274040	Cerebelum_4_5_L	0	0	0	0	0	0	0	0	0	0	0	0	0	0	0	0	0	0	0	0	0	0	0	0	0	0	0	0	0	0	0	0	0	0	0	0	0	0	0	0	0	0	0	0	0	0	11792	2648	0	0	0	0	434	0	10556	0	0	0	0	0	0	0	0	0	0	0	96	0	0	0	0	0	0	0	0	0	0	0	0	0	0	0	0	0	0	0	0	0	0	0	18956	4552	4668	1442	4948	542	0	5762	27918	7396	248	194	866	1376	3166	2560	0	0	1016	1422	13740	3970	1146	1160	2240	2206	
236864	Cerebelum_4_5_R	0	0	0	0	0	0	0	0	0	0	0	0	0	0	0	0	0	0	0	0	0	0	0	0	0	0	0	0	0	0	0	0	0	0	0	214	0	878	0	3424	0	0	186	0	0	0	1052	6556	0	0	0	0	0	98	0	6740	0	0	0	0	0	0	0	0	0	0	0	374	0	108	0	0	0	146	0	0	0	106	0	0	0	0	0	0	0	0	0	0	0	0	640	23706	354	2198	166	4638	5762	0	430	33814	162	144	308	3090	676	538	0	0	342	2802	15964	494	1194	842	286	0	
443772	Cerebelum_6_L	0	0	0	0	0	0	0	0	0	0	0	0	0	0	0	0	0	0	0	0	0	0	0	0	0	0	0	0	0	0	0	0	0	0	0	0	0	0	0	0	0	0	0	0	0	0	18742	1788	0	0	0	0	1010	0	29348	262	0	0	0	0	0	0	0	0	0	0	0	0	0	0	0	0	0	0	0	0	0	0	0	0	0	0	0	0	0	0	0	0	202	0	60246	4300	12262	3818	1928	418	27918	430	0	6998	1582	0	4682	1866	4314	3812	522	128	136	354	3718	13122	10586	3254	3224	916	
432308	Cerebelum_6_R	0	0	0	0	0	0	0	0	0	0	0	0	0	0	0	0	0	0	0	0	0	0	0	0	0	0	0	0	0	0	0	0	0	0	0	0	0	0	0	0	0	0	182	0	0	0	3450	7402	0	0	0	0	130	0	776	11318	0	0	0	0	0	0	0	0	0	0	0	0	0	0	0	0	0	0	0	0	0	0	0	0	0	0	0	0	0	0	0	0	0	0	6624	57330	1358	9510	394	5218	7396	33814	6998	0	406	474	864	9944	658	3124	0	980	512	3146	18462	11636	9628	2826	1456	138	
195760	Cerebelum_7b_L	0	0	0	0	0	0	0	0	0	0	0	0	0	0	0	0	0	0	0	0	0	0	0	0	0	0	0	0	0	0	0	0	0	0	0	0	0	0	0	0	0	0	0	0	0	0	0	0	0	0	0	0	0	0	328	0	0	0	0	0	0	0	0	0	0	0	0	0	0	0	0	0	0	0	0	0	0	0	0	0	0	0	0	0	0	0	0	0	0	0	16656	1060	29190	3170	0	0	248	162	1582	406	0	1396	28060	3218	2980	200	162	0	0	0	248	0	3626	4626	562	0	
115540	Cerebelum_7b_R	0	0	0	0	0	0	0	0	0	0	0	0	0	0	0	0	0	0	0	0	0	0	0	0	0	0	0	0	0	0	0	0	0	0	0	0	0	0	0	0	0	0	0	0	0	0	0	0	0	0	0	0	0	0	0	0	0	0	0	0	0	0	0	0	0	0	0	0	0	0	0	0	0	0	0	0	0	0	0	0	0	0	0	0	0	0	0	0	0	0	214	3498	2162	17210	0	180	194	144	0	474	1396	0	2866	17628	320	3860	0	0	0	0	304	154	1650	4330	998	188	
285232	Cerebelum_8_L	0	0	0	0	0	0	0	0	0	0	0	0	0	0	0	0	0	0	0	0	0	0	0	0	0	0	0	0	0	0	0	0	0	0	0	0	0	0	0	0	0	0	0	0	0	0	0	0	0	0	0	0	0	0	1242	0	0	0	0	0	0	0	0	0	0	0	0	0	0	0	0	0	0	0	0	0	0	0	0	0	0	0	0	0	0	0	0	0	136	0	23906	1698	29792	5740	0	0	866	308	4682	864	28060	2866	0	7530	14792	756	442	0	0	0	462	436	4568	9932	3432	106	
320820	Cerebelum_8_R	0	0	0	0	0	0	0	0	0	0	0	0	0	0	0	0	0	0	0	0	0	0	0	0	0	0	0	0	0	0	0	0	0	0	0	0	0	0	0	0	0	0	0	0	0	0	422	104	0	0	0	0	118	0	364	242	0	0	0	0	0	0	0	0	0	0	0	0	0	0	0	0	0	0	0	0	0	0	0	0	0	0	0	0	0	0	0	0	0	0	1518	24826	2280	35230	170	1392	1376	3090	1866	9944	3218	17628	7530	0	796	18866	0	1926	0	416	2650	2776	5136	11048	4426	1052	
104008	Cerebelum_9_L	0	0	0	0	0	0	0	0	0	0	0	0	0	0	0	0	0	0	0	0	0	0	0	0	0	0	0	0	0	0	0	0	0	0	0	0	0	0	0	0	0	0	0	0	0	0	242	588	0	0	0	0	0	0	328	0	0	0	0	0	0	0	0	0	0	0	0	0	0	0	0	0	0	0	0	0	0	0	0	0	0	0	0	0	0	0	0	0	0	0	7638	300	3930	466	584	0	3166	676	4314	658	2980	320	14792	796	0	1166	2440	0	136	0	1666	888	220	956	2054	700	
179168	Cerebelum_9_R	0	0	0	0	0	0	0	0	0	0	0	0	0	0	0	0	0	0	0	0	0	0	0	0	0	0	0	0	0	0	0	0	0	0	0	0	0	0	0	0	0	0	0	0	0	0	1160	170	0	0	0	0	98	0	366	0	0	0	0	0	0	0	0	0	0	0	0	0	0	0	0	0	0	0	0	0	0	0	0	0	0	0	0	0	0	0	0	0	0	0	2574	3810	208	7352	0	1006	2560	538	3812	3124	200	3860	756	18866	1166	0	0	1384	354	754	3548	7700	4118	6210	9070	4820	
8232	Cerebelum_10_L	0	0	0	0	0	0	0	0	0	0	0	0	0	0	0	0	0	0	0	0	0	0	0	0	0	0	0	0	0	0	0	0	0	0	0	0	0	0	0	0	0	0	0	0	0	0	0	0	0	0	0	0	0	0	0	0	0	0	0	0	0	0	0	0	0	0	0	0	0	0	0	0	0	0	0	0	0	0	0	0	0	0	0	0	0	0	0	0	0	0	550	0	0	0	0	0	0	0	522	0	162	0	442	0	2440	0	0	0	0	0	0	0	0	0	0	0	
18212	Cerebelum_10_R	0	0	0	0	0	0	0	0	0	0	0	0	0	0	0	0	0	0	0	0	0	0	0	0	0	0	0	0	0	0	0	0	0	0	0	0	0	0	0	0	0	0	0	0	0	0	0	0	0	0	0	0	0	0	0	116	0	0	0	0	0	0	0	0	0	0	0	0	0	0	0	0	0	0	0	0	0	0	0	0	0	0	0	0	0	0	0	0	0	0	0	2340	0	1142	0	0	0	0	128	980	0	0	0	1926	0	1384	0	0	0	0	0	264	254	284	288	0	
21344	Vermis_1_2	0	0	0	0	0	0	0	0	0	0	0	0	0	0	0	0	0	0	0	0	0	0	0	0	0	0	0	0	0	0	0	0	0	0	0	0	0	0	0	0	0	0	0	0	0	0	112	0	0	0	0	0	0	0	0	0	0	0	0	0	0	0	0	0	0	0	0	0	0	0	0	0	0	0	0	0	0	0	0	0	0	0	0	0	0	0	0	0	0	0	0	240	0	0	954	710	1016	342	136	512	0	0	0	0	136	354	0	0	0	4062	1258	336	114	114	276	0	
51192	Vermis_3	0	0	0	0	0	0	0	0	0	0	0	0	0	0	0	0	0	0	0	0	0	0	0	0	0	0	0	0	0	0	0	0	0	0	0	0	222	0	212	156	0	0	0	0	0	0	262	310	0	0	0	0	0	0	0	138	0	0	0	0	0	0	0	0	0	0	0	0	0	0	0	0	0	0	0	0	0	0	0	0	0	0	0	0	0	0	0	0	0	0	196	1624	150	582	936	3934	1422	2802	354	3146	0	0	0	416	0	754	0	0	4062	0	2068	514	324	482	530	0	
231540	Vermis_4_5	186	0	114	0	0	0	0	0	0	0	0	0	0	0	0	0	0	0	124	0	0	0	0	0	0	0	0	0	0	0	0	0	0	0	684	1292	718	0	164	0	0	0	374	220	0	124	2930	5074	0	0	0	0	126	0	782	394	0	0	0	0	0	0	0	0	0	0	152	944	114	0	0	0	176	0	0	0	630	0	0	0	0	0	0	0	0	0	0	0	0	0	2106	12804	900	2884	940	1274	13740	15964	3718	18462	248	304	462	2650	1666	3548	0	0	1258	2068	0	5808	1912	1688	3000	3044	
208732	Vermis_6	0	0	0	0	0	0	0	0	0	0	0	0	0	0	0	0	0	0	0	0	0	0	0	0	0	0	0	0	0	0	0	0	0	0	0	0	0	0	0	0	0	0	0	0	0	0	5136	3214	0	0	0	0	146	0	1410	586	0	0	0	0	0	0	0	0	0	0	0	0	0	0	0	0	0	0	0	0	0	0	0	0	0	0	0	0	0	0	0	0	0	0	9354	6582	700	2854	0	450	3970	494	13122	11636	0	154	436	2776	888	7700	0	264	336	514	5808	0	10238	4724	6508	4366	
233420	Vermis_7	0	0	0	0	0	0	0	0	0	0	0	0	0	0	0	0	0	0	0	0	0	0	0	0	0	0	0	0	0	0	0	0	0	0	0	0	0	0	0	0	0	0	0	0	0	0	3588	1316	0	0	0	0	176	0	1168	128	0	0	0	0	0	0	0	0	0	0	0	0	0	0	0	0	0	0	0	0	0	0	0	0	0	0	0	0	0	0	0	0	0	0	12976	11450	7174	13018	108	306	1146	1194	10586	9628	3626	1650	4568	5136	220	4118	0	254	114	324	1912	10238	0	6890	3438	260	
175952	Vermis_8	0	0	0	0	0	0	0	0	0	0	0	0	0	0	0	0	0	0	0	0	0	0	0	0	0	0	0	0	0	0	0	0	0	0	0	0	0	0	0	0	0	0	0	0	0	0	786	226	0	0	0	0	0	0	208	0	0	0	0	0	0	0	0	0	0	0	0	0	0	0	0	0	0	0	0	0	0	0	0	0	0	0	0	0	0	0	0	0	0	0	2962	2092	2922	7850	108	812	1160	842	3254	2826	4626	4330	9932	11048	956	6210	0	284	114	482	1688	4724	6890	0	8474	2170	
