data	data	551828	152212	870416	593064	106008	78632	412452	253764	38892	25200	155012	141180	166140	153084	129984	70176	160636	162624	680632	664128	60420	114832	260592	248452	27472	73448	10956	39160	441280	280656	227480	402556	286236	509916	170400	167784	240308	278444	70372	106904	34660	57624	279172	379988	236452	337536	305652	279168	204352	360848	470048	321576	117808	105096	350428	512452	219128	199848	156772	108680	299364	136592	112388	130632	218400	134876	364840	443040	205412	177340	247576	380244	325128	331940	71848	48960	154200	165672	54188	56552	206272	161548	66920	66368	255000	197308	16476	34684	283308	263456	560052	380484	346120	341648	35644	48648	281832	194772	493060	460860	260992	133928	375392	377180	103796	124636	44508	57104	28236	51292	228072	232092	203544	88328	65384	18260	
data	data	Precentral_L	Precentral_R	Frontal_Sup_L	Frontal_Sup_R	Frontal_Sup_Orb_L	Frontal_Sup_Orb_R	Frontal_Mid_L	Frontal_Mid_R	Frontal_Mid_Orb_L	Frontal_Mid_Orb_R	Frontal_Inf_Oper_L	Frontal_Inf_Oper_R	Frontal_Inf_Tri_L	Frontal_Inf_Tri_R	Frontal_Inf_Orb_L	Frontal_Inf_Orb_R	Rolandic_Oper_L	Rolandic_Oper_R	Supp_Motor_Area_L	Supp_Motor_Area_R	Olfactory_L	Olfactory_R	Frontal_Sup_Medial_L	Frontal_Sup_Medial_R	Frontal_Med_Orb_L	Frontal_Med_Orb_R	Rectus_L	Rectus_R	Insula_L	Insula_R	Cingulum_Ant_L	Cingulum_Ant_R	Cingulum_Mid_L	Cingulum_Mid_R	Cingulum_Post_L	Cingulum_Post_R	Hippocampus_L	Hippocampus_R	ParaHippocampal_L	ParaHippocampal_R	Amygdala_L	Amygdala_R	Calcarine_L	Calcarine_R	Cuneus_L	Cuneus_R	Lingual_L	Lingual_R	Occipital_Sup_L	Occipital_Sup_R	Occipital_Mid_L	Occipital_Mid_R	Occipital_Inf_L	Occipital_Inf_R	Fusiform_L	Fusiform_R	Postcentral_L	Postcentral_R	Parietal_Sup_L	Parietal_Sup_R	Parietal_Inf_L	Parietal_Inf_R	SupraMarginal_L	SupraMarginal_R	Angular_L	Angular_R	Precuneus_L	Precuneus_R	Paracentral_Lobule_L	Paracentral_Lobule_R	Caudate_L	Caudate_R	Putamen_L	Putamen_R	Pallidum_L	Pallidum_R	Thalamus_L	Thalamus_R	Heschl_L	Heschl_R	Temporal_Sup_L	Temporal_Sup_R	Temporal_Pole_Sup_L	Temporal_Pole_Sup_R	Temporal_Mid_L	Temporal_Mid_R	Temporal_Pole_Mid_L	Temporal_Pole_Mid_R	Temporal_Inf_L	Temporal_Inf_R	Cerebelum_Crus1_L	Cerebelum_Crus1_R	Cerebelum_Crus2_L	Cerebelum_Crus2_R	Cerebelum_3_L	Cerebelum_3_R	Cerebelum_4_5_L	Cerebelum_4_5_R	Cerebelum_6_L	Cerebelum_6_R	Cerebelum_7b_L	Cerebelum_7b_R	Cerebelum_8_L	Cerebelum_8_R	Cerebelum_9_L	Cerebelum_9_R	Cerebelum_10_L	Cerebelum_10_R	Vermis_1_2	Vermis_3	Vermis_4_5	Vermis_6	Vermis_7	Vermis_8	Vermis_9	Vermis_10	
551828	Precentral_L	0	674	34244	1448	876	0	19474	290	0	0	11584	126	1540	126	214	0	7852	0	24706	6772	0	0	1812	0	0	0	0	0	19574	220	926	472	3072	1660	6172	2472	3566	2318	284	0	322	0	406	0	212	0	168	0	176	0	1876	0	366	0	818	398	32962	0	610	0	7558	0	2110	0	1028	0	2160	470	19732	1370	8050	4294	10206	482	438	136	14294	2264	3472	0	4724	0	172	0	1216	0	0	0	950	0	0	0	0	0	0	0	0	0	0	0	0	0	0	0	0	0	0	0	0	0	0	0	0	0	0	0	
152212	Precentral_R	674	0	1918	6848	0	0	846	5564	0	0	0	5654	0	998	0	0	0	1890	990	4176	0	0	0	0	0	0	0	0	94	2150	0	732	130	948	662	1174	0	848	0	302	0	0	0	212	0	258	0	148	0	288	0	578	0	98	0	2370	148	14664	0	982	0	2248	0	2958	0	0	0	756	438	4692	358	2942	0	962	0	0	130	1330	0	654	0	698	0	182	0	366	0	0	0	1048	0	0	0	0	0	0	0	0	0	0	0	0	0	0	0	0	0	0	0	0	0	0	0	0	0	0	
870416	Frontal_Sup_L	34244	1918	0	11094	10294	0	58466	1358	1378	0	7236	606	10512	538	5664	0	4536	440	76820	18786	0	1274	38336	1454	616	0	90	0	27068	670	11074	1910	5894	3284	464	348	4054	446	396	0	358	0	0	0	0	0	0	0	0	0	176	0	0	0	80	256	4644	0	338	0	2082	0	1296	0	110	0	318	0	9836	744	18492	4176	26604	838	5860	376	11534	560	1012	0	2518	0	1260	0	182	0	0	0	290	0	0	0	0	0	0	0	0	0	0	0	0	0	0	0	0	0	0	0	0	0	0	0	0	0	0	0	
593064	Frontal_Sup_R	1448	6848	11094	0	0	2204	1474	28816	0	266	120	5016	0	7272	0	2224	0	3360	19196	53688	0	176	5706	30980	238	1396	0	0	148	11712	3992	30180	4562	24802	0	80	0	1042	0	302	0	0	0	0	0	0	0	0	0	0	0	0	0	0	0	1078	224	178	0	0	136	0	0	0	0	0	0	0	662	496	2230	13530	264	11580	206	752	268	2490	0	232	0	456	0	868	0	1310	0	0	0	1230	0	0	0	0	0	0	0	0	0	0	0	0	0	0	0	0	0	0	0	0	0	0	0	0	0	0	
106008	Frontal_Sup_Orb_L	876	0	10294	0	0	0	1948	0	4314	0	0	0	1044	0	6878	0	0	0	978	0	814	0	4788	0	1594	0	1658	0	7834	0	1628	0	0	0	0	0	0	0	0	0	0	0	0	0	0	0	0	0	0	0	0	0	0	0	0	0	0	0	0	0	0	0	0	0	0	0	0	0	0	0	274	0	8082	0	0	0	0	0	0	0	0	0	0	0	0	0	0	0	0	0	0	0	0	0	0	0	0	0	0	0	0	0	0	0	0	0	0	0	0	0	0	0	0	0	0	0	
78632	Frontal_Sup_Orb_R	0	0	0	2204	0	0	0	464	0	3816	0	186	0	80	0	3068	0	0	0	530	348	1180	192	2428	330	7498	0	5260	0	1930	722	1848	0	0	0	0	0	0	0	0	0	0	0	0	0	0	0	0	0	0	0	0	0	0	0	0	0	0	0	0	0	0	0	0	0	0	0	0	0	0	182	2926	176	3856	0	92	0	0	0	0	0	0	0	0	0	0	0	0	0	0	0	0	0	0	0	0	0	0	0	0	0	0	0	0	0	0	0	0	0	0	0	0	0	0	0	0	
412452	Frontal_Mid_L	19474	846	58466	1474	1948	0	0	386	2088	0	11496	200	25108	242	8276	0	1788	0	12414	1850	0	0	15650	460	0	0	0	0	15542	178	4918	594	1044	408	246	238	438	306	0	0	0	0	0	0	0	0	0	0	0	0	216	0	0	0	0	82	1066	0	188	0	672	0	0	0	0	0	294	0	1042	152	4770	3180	2886	590	0	186	1806	236	576	0	1060	0	1146	0	0	0	0	0	0	0	0	0	0	0	0	0	0	0	0	0	0	0	0	0	0	0	0	0	0	0	0	0	0	0	0	0	
253764	Frontal_Mid_R	290	5564	1358	28816	0	464	386	0	0	1094	0	8192	0	19714	0	3112	0	1256	4878	10656	0	0	150	4816	0	0	0	0	0	7500	672	6794	494	6204	0	0	0	794	0	170	0	0	0	0	0	0	0	0	0	0	0	0	0	0	0	620	0	588	0	0	0	0	0	0	0	0	0	0	0	0	398	3146	0	6346	0	146	0	496	0	80	0	168	0	420	0	410	0	0	0	690	0	0	0	0	0	0	0	0	0	0	0	0	0	0	0	0	0	0	0	0	0	0	0	0	0	0	
38892	Frontal_Mid_Orb_L	0	0	1378	0	4314	0	2088	0	0	0	0	0	1786	0	7156	0	0	0	0	0	0	0	0	0	86	0	508	0	1434	0	0	0	0	0	0	0	0	0	0	0	0	0	0	0	0	0	0	0	0	0	0	0	0	0	0	0	0	0	0	0	0	0	0	0	0	0	0	0	0	0	0	0	494	0	0	0	0	0	0	0	0	0	202	0	0	0	0	0	0	0	0	0	0	0	0	0	0	0	0	0	0	0	0	0	0	0	0	0	0	0	0	0	0	0	0	0	
25200	Frontal_Mid_Orb_R	0	0	0	266	0	3816	0	1094	0	0	0	0	0	318	0	4146	0	0	0	184	0	0	0	304	0	224	0	574	0	470	0	0	0	0	0	0	0	0	0	0	0	0	0	0	0	0	0	0	0	0	0	0	0	0	0	0	0	0	0	0	0	0	0	0	0	0	0	0	0	0	0	288	0	916	0	0	0	0	0	0	0	0	0	0	0	0	0	0	0	0	0	0	0	0	0	0	0	0	0	0	0	0	0	0	0	0	0	0	0	0	0	0	0	0	0	0	
155012	Frontal_Inf_Oper_L	11584	0	7236	120	0	0	11496	0	0	0	0	0	8570	0	238	0	8070	0	2392	120	0	0	826	0	0	0	0	0	13818	0	522	0	118	0	0	0	340	0	0	0	0	0	0	0	0	0	0	0	0	0	0	0	0	0	0	0	2504	0	0	0	638	0	0	0	0	0	0	0	0	0	498	218	866	144	0	0	102	0	364	0	3832	0	2890	0	0	0	0	0	0	0	0	0	0	0	0	0	0	0	0	0	0	0	0	0	0	0	0	0	0	0	0	0	0	0	0	0	
141180	Frontal_Inf_Oper_R	126	5654	606	5016	0	186	200	8192	0	0	0	0	0	11372	0	502	0	3844	1200	2524	0	0	112	632	0	114	0	0	0	12348	458	4334	90	458	0	0	0	456	0	78	0	0	0	0	0	0	0	0	0	0	0	0	0	0	0	286	0	3292	0	0	0	340	0	426	0	0	0	0	0	0	168	650	0	4292	0	0	0	806	0	0	0	0	0	1638	0	0	0	0	0	190	0	0	0	0	0	0	0	0	0	0	0	0	0	0	0	0	0	0	0	0	0	0	0	0	0	0	
166140	Frontal_Inf_Tri_L	1540	0	10512	0	1044	0	25108	0	1786	0	8570	0	0	0	12358	0	344	0	2658	0	0	0	1726	0	0	0	0	0	14202	0	772	0	280	0	0	0	0	0	0	0	0	0	0	0	0	0	0	0	0	0	0	0	0	0	0	0	170	0	0	0	246	0	0	0	0	0	0	0	0	0	0	0	974	0	0	0	0	0	0	0	262	0	518	0	0	0	0	0	0	0	0	0	0	0	0	0	0	0	0	0	0	0	0	0	0	0	0	0	0	0	0	0	0	0	0	0	
153084	Frontal_Inf_Tri_R	126	998	538	7272	0	80	242	19714	0	318	0	11372	0	0	0	4136	0	434	2772	4064	0	0	144	1216	0	86	0	0	0	9492	432	6084	0	1200	0	0	0	416	0	0	0	0	0	0	0	0	0	0	0	0	0	0	0	0	0	268	0	536	0	0	0	0	0	0	0	0	0	0	0	0	98	1008	0	3164	0	0	0	134	0	0	0	0	0	0	0	0	0	0	0	198	0	0	0	0	0	0	0	0	0	0	0	0	0	0	0	0	0	0	0	0	0	0	0	0	0	0	
129984	Frontal_Inf_Orb_L	214	0	5664	0	6878	0	8276	0	7156	0	238	0	12358	0	0	0	0	0	520	0	1196	0	622	0	0	0	0	0	13448	0	256	0	82	0	0	0	144	0	0	0	288	0	0	0	0	0	0	0	0	0	0	0	0	0	282	0	0	0	0	0	96	0	0	0	0	0	0	0	0	0	126	0	5650	0	0	0	0	0	0	0	0	0	938	0	108	0	0	0	452	0	0	0	0	0	0	0	0	0	0	0	0	0	0	0	0	0	0	0	0	0	0	0	0	0	0	0	
70176	Frontal_Inf_Orb_R	0	0	0	2224	0	3068	0	3112	0	4146	0	502	0	4136	0	0	0	0	372	814	128	1320	0	358	0	604	0	1020	0	9066	118	468	0	292	0	0	0	0	0	0	0	0	0	0	0	0	0	0	0	0	0	0	0	0	0	0	0	0	0	0	0	0	0	0	0	0	0	0	0	0	0	678	0	2562	0	100	0	0	0	0	0	0	0	0	0	0	0	0	0	0	0	0	0	0	0	0	0	0	0	0	0	0	0	0	0	0	0	0	0	0	0	0	0	0	0	0	
160636	Rolandic_Oper_L	7852	0	4536	0	0	0	1788	0	0	0	8070	0	344	0	0	0	0	0	956	0	0	0	0	0	0	0	0	0	16800	0	0	0	728	0	722	0	266	0	0	0	0	0	212	0	0	0	0	0	0	0	3798	0	622	0	170	0	6076	0	0	0	432	0	1766	0	386	0	672	86	714	0	250	0	606	0	0	0	0	0	3178	0	10912	0	2522	0	3936	0	0	0	1918	0	0	0	0	0	0	0	0	0	0	0	0	0	0	0	0	0	0	0	0	0	0	0	0	0	0	0	
162624	Rolandic_Oper_R	0	1890	440	3360	0	0	0	1256	0	0	0	3844	0	434	0	0	0	0	482	4004	0	0	0	0	0	0	0	0	0	13468	0	500	0	212	0	0	0	894	0	302	0	0	0	756	0	704	80	86	0	1692	0	5656	0	98	0	1660	0	4224	0	612	0	2030	0	4582	0	1072	0	854	0	244	106	514	0	3820	0	144	0	794	0	6296	0	6916	0	1902	0	2762	0	0	0	2622	0	0	0	0	0	0	0	0	0	0	0	0	0	0	0	0	0	0	0	0	0	0	0	0	0	0	
680632	Supp_Motor_Area_L	24706	990	76820	19196	978	0	12414	4878	0	0	2392	1200	2658	2772	520	372	956	482	0	44026	0	416	9940	6010	0	0	0	0	11488	1478	8318	6726	19692	22866	728	118	2450	264	126	0	304	0	214	0	0	0	0	0	138	0	350	0	86	0	0	138	2036	0	0	0	620	0	828	0	0	0	480	0	9404	1706	10678	2632	15258	1608	4374	124	1116	98	308	0	992	0	0	100	142	152	0	0	248	202	0	0	0	0	0	0	0	0	0	0	0	0	0	0	0	0	0	0	0	0	0	0	0	0	0	0	
664128	Supp_Motor_Area_R	6772	4176	18786	53688	0	530	1850	10656	0	184	120	2524	0	4064	0	814	0	4004	44026	0	0	712	1546	11026	160	432	0	0	0	5424	3564	18024	12284	45172	1282	3670	0	578	0	106	0	0	0	298	0	348	0	330	0	274	0	640	0	0	0	936	194	3754	0	124	194	232	0	376	0	0	0	1596	3072	20576	3260	18300	682	10790	474	2448	848	3874	0	206	0	592	0	330	0	414	0	0	0	728	0	0	0	0	0	0	0	0	0	0	0	0	0	0	0	0	0	0	0	0	0	0	0	0	0	0	
60420	Olfactory_L	0	0	0	0	814	348	0	0	0	0	0	0	0	0	1196	128	0	0	0	0	0	4330	0	0	278	80	158	574	1636	264	2320	1462	0	0	0	0	226	0	0	0	616	0	0	0	0	0	0	0	0	0	0	0	0	0	0	0	0	0	0	0	0	0	0	0	0	0	0	0	0	0	4612	3664	3702	2188	950	460	0	110	0	0	0	0	94	0	0	0	0	0	0	0	0	0	0	0	0	0	0	0	0	0	0	0	0	0	0	0	0	0	0	0	0	0	0	0	0	0	
114832	Olfactory_R	0	0	1274	176	0	1180	0	0	0	0	0	0	0	0	0	1320	0	0	416	712	4330	0	0	0	206	1300	158	2558	0	2786	3608	3332	0	0	0	0	0	0	0	92	0	224	0	0	0	0	0	0	0	0	0	0	0	0	0	110	0	0	0	0	0	0	0	0	0	0	0	0	0	0	7642	10194	6100	4584	2528	2214	0	276	0	0	0	0	0	96	0	0	0	0	0	0	0	0	0	0	0	0	0	0	0	0	0	0	0	0	0	0	0	0	0	0	0	0	0	0	0	0	
260592	Frontal_Sup_Medial_L	1812	0	38336	5706	4788	192	15650	150	0	0	826	112	1726	144	622	0	0	0	9940	1546	0	0	0	10338	1660	740	196	0	1320	0	10912	6468	4590	6594	0	0	0	0	0	0	0	0	0	0	0	0	0	0	0	0	0	0	0	0	0	0	224	0	0	0	272	0	0	0	0	0	0	0	0	0	1504	244	3684	0	0	0	0	0	0	0	0	0	0	0	0	0	0	0	0	0	0	0	0	0	0	0	0	0	0	0	0	0	0	0	0	0	0	0	0	0	0	0	0	0	0	0	
248452	Frontal_Sup_Medial_R	0	0	1454	30980	0	2428	460	4816	0	304	0	632	0	1216	0	358	0	0	6010	11026	0	0	10338	0	358	2782	0	84	0	1562	3274	17378	1670	15554	0	0	0	0	0	0	0	0	0	0	0	0	0	0	0	0	0	0	0	0	0	0	0	0	0	0	0	0	0	0	0	0	0	0	0	0	0	6600	0	4942	0	0	0	0	0	0	0	0	0	0	0	0	0	0	0	0	0	0	0	0	0	0	0	0	0	0	0	0	0	0	0	0	0	0	0	0	0	0	0	0	0	0	
27472	Frontal_Med_Orb_L	0	0	616	238	1594	330	0	0	86	0	0	0	0	0	0	0	0	0	0	160	278	206	1660	358	0	1308	850	0	0	0	3196	1038	0	0	0	0	0	0	0	0	0	0	0	0	0	0	0	0	0	0	0	0	0	0	0	0	0	0	0	0	0	0	0	0	0	0	0	0	0	0	308	790	456	264	0	0	0	0	0	0	0	0	0	0	0	0	0	0	0	0	0	0	0	0	0	0	0	0	0	0	0	0	0	0	0	0	0	0	0	0	0	0	0	0	0	0	
73448	Frontal_Med_Orb_R	0	0	0	1396	0	7498	0	0	0	224	0	114	0	86	0	604	0	0	0	432	80	1300	740	2782	1308	0	178	3942	0	606	2412	4670	0	0	0	0	0	0	0	0	0	0	0	0	0	0	0	0	0	0	0	0	0	0	0	0	0	0	0	0	0	0	0	0	0	0	0	0	0	0	106	4600	0	3556	0	90	0	0	0	0	0	0	0	0	0	0	0	0	0	0	0	0	0	0	0	0	0	0	0	0	0	0	0	0	0	0	0	0	0	0	0	0	0	0	0	0	
10956	Rectus_L	0	0	90	0	1658	0	0	0	508	0	0	0	0	0	0	0	0	0	0	0	158	158	196	0	850	178	0	102	0	0	892	142	0	0	0	0	0	0	0	0	0	0	0	0	0	0	0	0	0	0	0	0	0	0	0	0	0	0	0	0	0	0	0	0	0	0	0	0	0	0	222	0	324	0	0	0	0	0	0	0	0	0	0	0	0	0	0	0	0	0	0	0	0	0	0	0	0	0	0	0	0	0	0	0	0	0	0	0	0	0	0	0	0	0	0	0	
39160	Rectus_R	0	0	0	0	0	5260	0	0	0	574	0	0	0	0	0	1020	0	0	0	0	574	2558	0	84	0	3942	102	0	0	1554	418	1288	0	0	0	0	0	0	0	0	0	0	0	0	0	0	0	0	0	0	0	0	0	0	0	0	0	0	0	0	0	0	0	0	0	0	0	0	0	0	234	1026	224	722	0	0	0	0	0	0	0	0	0	0	0	0	0	0	0	0	0	0	0	0	0	0	0	0	0	0	0	0	0	0	0	0	0	0	0	0	0	0	0	0	0	0	
441280	Insula_L	19574	94	27068	148	7834	0	15542	0	1434	0	13818	0	14202	0	13448	0	16800	0	11488	0	1636	0	1320	0	0	0	0	0	0	0	364	0	816	94	992	234	8366	78	250	0	1972	0	214	0	94	0	0	0	0	0	3372	0	442	0	1576	0	7186	0	0	0	1468	0	1126	0	304	0	910	148	1306	0	574	180	16588	0	0	0	518	0	6102	0	9522	0	3842	0	3390	0	0	0	4206	0	0	0	0	0	0	0	0	0	0	0	0	0	0	0	0	0	0	0	0	0	0	0	0	0	0	0	
280656	Insula_R	220	2150	670	11712	0	1930	178	7500	0	470	0	12348	0	9492	0	9066	0	13468	1478	5424	264	2786	0	1562	0	606	0	1554	0	0	448	6270	0	520	0	88	0	2012	0	234	0	218	0	462	0	252	0	106	0	226	0	194	0	0	0	2906	0	2720	0	0	0	310	0	364	0	0	0	770	0	0	406	2454	122	20906	0	460	0	2484	0	3772	0	3418	0	1750	0	1104	0	0	0	2474	0	0	0	0	0	0	0	0	0	0	0	0	0	0	0	0	0	0	0	0	0	0	0	0	0	0	
227480	Cingulum_Ant_L	926	0	11074	3992	1628	722	4918	672	0	0	522	458	772	432	256	118	0	0	8318	3564	2320	3608	10912	3274	3196	2412	892	418	364	448	0	14160	7974	3790	0	0	0	0	0	0	0	0	0	0	0	0	0	0	0	0	0	0	0	0	0	0	86	0	0	0	0	0	0	0	0	0	0	0	386	0	4812	6780	4872	4374	0	290	0	0	0	0	0	0	0	0	0	0	0	0	0	0	0	0	0	0	0	0	0	0	0	0	0	0	0	0	0	0	0	0	0	0	0	0	0	0	0	0	
402556	Cingulum_Ant_R	472	732	1910	30180	0	1848	594	6794	0	0	0	4334	0	6084	0	468	0	500	6726	18024	1462	3332	6468	17378	1038	4670	142	1288	0	6270	14160	0	7232	21288	0	0	0	204	0	0	0	0	0	0	0	0	0	0	0	0	0	0	0	0	0	184	0	176	0	0	0	0	0	0	0	0	0	0	0	0	2098	20772	1192	12548	0	380	0	134	0	0	0	0	0	0	0	0	0	0	0	196	0	0	0	0	0	0	0	0	0	0	0	0	0	0	0	0	0	0	0	0	0	0	0	0	0	0	
286236	Cingulum_Mid_L	3072	130	5894	4562	0	0	1044	494	0	0	118	90	280	0	82	0	728	0	19692	12284	0	0	4590	1670	0	0	0	0	816	0	7974	7232	0	22790	7574	1168	0	114	0	0	0	0	1112	336	440	318	0	280	1342	0	3440	0	148	0	0	0	460	0	2518	218	2102	0	318	0	1582	0	12516	4620	5608	1416	202	192	318	0	424	0	0	0	0	0	446	0	0	0	234	0	0	0	130	0	0	0	0	0	0	0	0	0	0	0	0	0	0	0	0	0	0	0	0	0	0	0	0	0	0	0	
509916	Cingulum_Mid_R	1660	948	3284	24802	0	0	408	6204	0	0	0	458	0	1200	0	292	0	212	22866	45172	0	0	6594	15554	0	0	0	0	94	520	3790	21288	22790	0	3942	6102	0	1110	0	354	0	0	126	2926	0	3140	0	1982	348	1570	392	2038	0	0	0	668	0	7050	218	624	482	0	0	0	494	0	5614	17688	2682	14170	176	530	0	166	0	0	0	0	0	166	0	622	0	0	0	338	0	0	0	552	0	0	0	0	0	0	0	0	0	0	0	0	0	0	0	0	0	0	0	0	552	0	0	0	0	0	
170400	Cingulum_Post_L	6172	662	464	0	0	0	246	0	0	0	0	0	0	0	0	0	722	0	728	1282	0	0	0	0	0	0	0	0	992	0	0	0	7574	3942	0	8708	7228	3100	500	0	0	0	2634	214	1076	892	1420	384	1052	612	904	106	96	0	538	270	500	0	440	90	904	0	274	0	530	0	11790	5558	6762	1168	0	0	144	108	0	0	2336	376	188	0	458	0	0	0	258	0	0	0	498	0	0	0	0	0	0	0	0	0	0	0	0	0	0	0	0	0	0	0	0	0	300	0	0	0	0	0	
167784	Cingulum_Post_R	2472	1174	348	80	0	0	238	0	0	0	0	0	0	0	0	0	0	0	118	3670	0	0	0	0	0	0	0	0	234	88	0	0	1168	6102	8708	0	6004	10412	634	1170	0	0	150	924	0	870	624	3288	0	586	0	322	0	0	326	2942	0	2004	0	0	0	0	0	0	88	0	1998	11178	334	4618	0	0	276	128	0	0	5674	3010	0	0	0	160	0	0	0	294	0	0	254	660	0	0	0	0	0	0	0	0	0	0	0	0	0	0	0	0	0	0	0	0	564	0	0	0	0	0	
240308	Hippocampus_L	3566	0	4054	0	0	0	438	0	0	0	340	0	0	0	144	0	266	0	2450	0	226	0	0	0	0	0	0	0	8366	0	0	0	0	0	7228	6004	0	4442	8378	0	5878	0	2596	0	124	0	3320	348	0	0	216	0	322	0	10080	250	554	0	0	0	466	0	460	0	202	0	4668	1452	2260	0	188	0	5428	0	722	0	5546	1126	672	0	4392	0	708	0	4512	0	0	0	16142	0	364	0	0	0	88	0	196	0	592	0	0	0	0	0	0	0	0	0	0	226	154	0	0	0	0	0	
278444	Hippocampus_R	2318	848	446	1042	0	0	306	794	0	0	0	456	0	416	0	0	0	894	264	578	0	0	0	0	0	0	0	0	78	2012	0	204	114	1110	3100	10412	4442	0	602	13620	0	9722	0	830	0	388	468	3294	0	318	0	488	0	120	232	27810	0	674	0	0	0	0	0	0	0	0	868	5730	0	456	94	1002	206	7542	0	624	6228	11186	0	1174	0	1252	0	1380	0	2010	0	440	134	10218	0	0	0	0	0	0	0	100	0	0	0	0	0	0	0	0	0	0	0	0	178	0	0	0	0	0	
70372	ParaHippocampal_L	284	0	396	0	0	0	0	0	0	0	0	0	0	0	0	0	0	0	126	0	0	0	0	0	0	0	0	0	250	0	0	0	0	0	500	634	8378	602	0	0	1062	0	1228	0	0	0	5532	80	0	0	442	0	160	0	7088	0	0	0	0	0	0	0	0	0	0	0	1600	258	244	0	0	0	676	0	0	0	654	264	0	0	0	0	0	0	0	0	0	0	2884	0	308	0	0	0	172	0	554	0	420	0	0	0	0	0	0	0	0	0	0	390	0	0	0	0	0	0	
106904	ParaHippocampal_R	0	302	0	302	0	0	0	170	0	0	0	78	0	0	0	0	0	302	0	106	0	92	0	0	0	0	0	0	0	234	0	0	0	354	0	1170	0	13620	0	0	0	5790	146	526	0	0	0	3612	0	0	0	0	0	550	0	15092	0	296	0	0	0	0	0	0	0	0	156	1806	0	188	0	156	0	574	0	288	0	656	0	310	0	236	0	2004	0	198	0	1576	0	1604	0	0	0	0	0	0	0	656	0	0	0	0	0	0	0	0	0	0	0	0	302	0	0	0	0	0	
34660	Amygdala_L	322	0	358	0	0	0	0	0	0	0	0	0	0	0	288	0	0	0	304	0	616	0	0	0	0	0	0	0	1972	0	0	0	0	0	0	0	5878	0	1062	0	0	0	0	0	0	0	0	0	0	0	0	0	0	0	3418	0	0	0	0	0	0	0	0	0	0	0	0	0	0	0	0	0	842	0	0	0	0	0	0	0	0	0	154	0	0	0	0	0	2116	0	0	0	0	0	0	0	0	0	0	0	0	0	0	0	0	0	0	0	0	0	0	0	0	0	0	0	
57624	Amygdala_R	0	0	0	0	0	0	0	0	0	0	0	0	0	0	0	0	0	0	0	0	0	224	0	0	0	0	0	0	0	218	0	0	0	0	0	0	0	9722	0	5790	0	0	0	0	0	0	0	0	0	0	0	0	0	0	0	7172	0	0	0	0	0	0	0	0	0	0	0	0	0	0	0	378	0	790	0	120	0	454	0	0	0	0	0	1952	0	0	0	808	0	1184	0	0	0	0	0	0	0	0	0	0	0	0	0	0	0	0	0	0	0	0	0	0	0	0	0	0	
279172	Calcarine_L	406	0	0	0	0	0	0	0	0	0	0	0	0	0	0	0	212	0	214	0	0	0	0	0	0	0	0	0	214	0	0	0	1112	126	2634	150	2596	0	1228	146	0	0	0	9202	21130	4894	20096	2838	13456	1544	22048	982	3736	690	3548	468	128	0	768	0	218	0	92	0	164	0	19224	1104	872	0	0	0	0	0	0	0	0	0	102	0	144	0	0	0	1420	128	0	0	806	162	232	0	0	0	0	0	0	118	102	0	0	0	0	0	0	0	0	0	0	0	132	0	0	0	0	0	
379988	Calcarine_R	0	212	0	0	0	0	0	0	0	0	0	0	0	0	0	0	0	756	0	298	0	0	0	0	0	0	0	0	0	462	0	0	336	2926	214	924	0	830	0	526	0	0	9202	0	9570	29424	8974	26810	260	23780	0	13708	0	9224	0	12536	0	1598	0	0	0	98	0	678	0	118	1326	23214	0	1630	0	0	0	0	0	0	0	0	0	488	0	1196	0	0	0	2798	0	0	0	4272	0	194	0	0	0	0	0	266	0	446	0	0	0	0	0	0	0	0	0	0	700	0	0	0	0	0	
236452	Cuneus_L	212	0	0	0	0	0	0	0	0	0	0	0	0	0	0	0	0	0	0	0	0	0	0	0	0	0	0	0	94	0	0	0	440	0	1076	0	124	0	0	0	0	0	21130	9570	0	12358	4234	1764	26060	4348	15850	1074	918	644	350	574	0	0	1138	0	292	0	0	0	286	0	12440	2222	504	0	0	0	0	0	0	0	0	0	0	0	0	0	0	0	368	0	0	0	0	0	156	0	0	0	0	0	0	0	0	0	0	0	0	0	0	0	0	0	0	0	0	0	0	0	0	0	
337536	Cuneus_R	0	258	0	0	0	0	0	0	0	0	0	0	0	0	0	0	0	704	0	348	0	0	0	0	0	0	0	0	0	252	0	0	318	3140	892	870	0	388	0	0	0	0	4894	29424	12358	0	2206	5352	400	40602	126	14560	0	2642	0	2694	0	1628	0	2442	0	1376	0	548	0	1636	6286	25768	0	1642	0	0	0	0	0	0	0	0	0	632	0	1288	0	0	0	1318	0	0	0	1158	0	0	0	0	0	0	0	0	0	136	0	0	0	0	0	0	0	0	0	0	482	0	0	0	0	0	
305652	Lingual_L	168	0	0	0	0	0	0	0	0	0	0	0	0	0	0	0	0	80	0	0	0	0	0	0	0	0	0	0	0	0	0	0	0	0	1420	624	3320	468	5532	0	0	0	20096	8974	4234	2206	0	6216	3580	1518	15110	1006	5262	794	15690	908	0	0	0	0	0	0	0	82	0	0	6028	926	0	0	0	0	0	0	0	0	344	144	0	0	0	106	0	0	0	154	0	0	2098	190	6454	1022	228	96	132	130	9140	1948	8514	2814	0	0	174	344	302	1264	314	1478	84	218	5064	3888	888	0	534	518	
279168	Lingual_R	0	148	0	0	0	0	0	0	0	0	0	0	0	0	0	0	0	86	0	330	0	0	0	0	0	0	0	0	0	106	0	0	280	1982	384	3288	348	3294	80	3612	0	0	2838	26810	1764	5352	6216	0	0	5512	0	2552	0	7094	1170	17682	0	660	0	0	0	0	0	100	0	0	666	12982	0	822	0	0	0	0	0	0	0	252	0	0	0	160	0	0	0	536	0	0	0	1860	3038	2608	778	100	0	0	830	3056	4846	6064	78	0	478	0	0	0	0	0	104	226	2380	4552	1480	0	0	0	
204352	Occipital_Sup_L	176	0	0	0	0	0	0	0	0	0	0	0	0	0	0	0	0	0	138	0	0	0	0	0	0	0	0	0	0	0	0	0	1342	348	1052	0	0	0	0	0	0	0	13456	260	26060	400	3580	0	0	0	29902	0	1710	0	248	0	0	0	5006	0	2686	0	0	0	1538	0	12626	1058	254	0	0	0	0	0	0	0	0	0	0	0	0	0	0	0	0	0	0	0	180	0	156	0	0	0	0	0	0	0	0	0	0	0	0	0	0	0	0	0	0	0	0	0	0	0	0	0	
360848	Occipital_Sup_R	0	288	0	0	0	0	0	0	0	0	0	0	0	0	0	0	0	1692	0	274	0	0	0	0	0	0	0	0	0	226	0	0	0	1570	612	586	0	318	0	0	0	0	1544	23780	4348	40602	1518	5512	0	0	0	33672	0	4826	0	4972	0	1280	0	5008	0	4398	0	1772	0	7868	3944	19694	0	1314	0	0	0	0	0	0	0	78	0	474	0	2286	0	0	0	3286	0	0	0	2456	0	0	0	0	0	0	0	0	0	0	0	0	0	0	0	0	0	0	0	0	226	0	0	0	0	0	
470048	Occipital_Mid_L	1876	0	176	0	0	0	216	0	0	0	0	0	0	0	0	0	3798	0	350	0	0	0	0	0	0	0	0	0	3372	0	0	0	3440	392	904	0	216	0	442	0	0	0	22048	0	15850	126	15110	0	29902	0	0	0	21984	0	4792	0	928	0	15482	0	23608	0	1578	0	25930	0	14168	508	1596	0	0	0	0	0	0	0	0	0	1040	0	1298	0	0	0	17388	0	0	0	5022	0	1142	0	0	0	0	0	0	0	342	0	0	0	0	0	0	0	0	0	0	0	0	0	0	0	0	0	
321576	Occipital_Mid_R	0	578	0	0	0	0	0	0	0	0	0	0	0	0	0	0	0	5656	0	640	0	0	0	0	0	0	0	0	0	194	0	0	0	2038	106	322	0	488	0	0	0	0	982	13708	1074	14560	1006	2552	0	33672	0	0	0	6536	0	3660	0	2384	0	3818	0	7502	0	3372	0	16258	308	9000	0	2246	0	0	0	0	0	0	0	166	0	698	0	5832	0	0	0	14338	0	0	0	7094	0	0	0	0	0	0	0	0	0	0	0	0	0	0	0	0	0	0	0	0	0	0	0	0	0	0	
117808	Occipital_Inf_L	366	0	0	0	0	0	0	0	0	0	0	0	0	0	0	0	622	0	86	0	0	0	0	0	0	0	0	0	442	0	0	0	148	0	96	0	322	0	160	0	0	0	3736	0	918	0	5262	0	1710	0	21984	0	0	0	7274	0	108	0	376	0	958	0	462	0	792	0	1992	0	610	0	0	0	0	0	0	0	0	0	138	0	466	0	0	0	2174	0	0	0	3834	0	2064	0	0	0	0	0	454	0	1144	0	0	0	0	0	0	0	0	0	0	0	106	100	0	0	0	0	
105096	Occipital_Inf_R	0	98	0	0	0	0	0	0	0	0	0	0	0	0	0	0	0	98	0	0	0	0	0	0	0	0	0	0	0	0	0	0	0	0	0	0	0	120	0	550	0	0	690	9224	644	2642	794	7094	0	4826	0	6536	0	0	0	10094	0	0	0	0	0	0	0	0	0	0	0	1112	0	0	0	0	0	0	0	0	0	0	0	0	0	0	0	0	0	1554	0	0	0	3722	372	96	0	0	0	0	0	600	392	692	0	0	204	0	0	0	0	0	0	0	0	394	0	0	0	0	
350428	Fusiform_L	818	0	80	0	0	0	0	0	0	0	0	0	0	0	282	0	170	0	0	0	0	0	0	0	0	0	0	0	1576	0	0	0	0	0	538	326	10080	232	7088	0	3418	0	3548	0	350	0	15690	1170	248	0	4792	0	7274	0	0	82	342	0	0	0	0	0	80	0	0	0	2950	0	646	0	0	0	342	0	0	0	502	134	326	0	3802	0	1836	0	3286	0	792	0	22684	0	24298	946	1742	78	662	0	14412	532	29126	1598	482	0	442	0	112	0	234	0	0	98	2126	1784	1058	0	0	0	
512452	Fusiform_R	398	2370	256	1078	0	0	82	620	0	0	0	286	0	268	0	0	0	1660	138	936	0	110	0	0	0	0	0	0	0	2906	0	184	0	668	270	2942	250	27810	0	15092	0	7172	468	12536	574	2694	908	17682	0	4972	0	3660	0	10094	82	0	0	764	0	0	0	160	0	282	0	144	174	5918	78	1314	82	3078	0	3798	0	120	944	13068	0	1558	0	1564	0	6300	0	5128	0	2844	0	26498	2544	15756	108	330	0	1322	128	8600	3332	21870	176	0	1966	380	0	218	0	858	0	700	772	3696	488	0	0	0	
219128	Postcentral_L	32962	148	4644	224	0	0	1066	0	0	0	2504	0	170	0	0	0	6076	0	2036	194	0	0	224	0	0	0	0	0	7186	0	86	0	460	0	500	0	554	0	0	0	0	0	128	0	0	0	0	0	0	0	928	0	108	0	342	0	0	0	4764	0	18378	0	6030	0	150	0	2714	0	3948	0	974	584	490	0	122	0	1828	0	3180	0	4644	0	0	0	868	0	0	0	350	0	0	0	0	0	0	0	0	0	0	0	0	0	0	0	0	0	0	0	0	0	0	0	0	0	0	0	
199848	Postcentral_R	0	14664	0	178	0	0	0	588	0	0	0	3292	0	536	0	0	0	4224	0	3754	0	0	0	0	0	0	0	0	0	2720	0	176	0	7050	0	2004	0	674	0	296	0	0	0	1598	0	1628	0	660	0	1280	0	2384	0	0	0	764	0	0	0	5670	0	8940	0	14710	0	280	0	6634	0	10682	0	132	0	802	0	106	0	264	0	1278	0	1138	0	0	0	182	0	0	0	424	0	0	0	0	0	0	0	0	0	0	0	0	0	0	0	0	0	0	0	0	212	0	0	0	0	0	
156772	Parietal_Sup_L	610	0	338	0	0	0	188	0	0	0	0	0	0	0	0	0	0	0	0	0	0	0	0	0	0	0	0	0	0	0	0	0	2518	218	440	0	0	0	0	0	0	0	768	0	1138	0	0	0	5006	0	15482	0	376	0	0	0	4764	0	0	0	19404	0	0	0	9730	0	14308	546	548	0	0	0	184	0	0	0	0	0	0	0	134	0	0	0	1686	0	0	0	0	0	0	0	0	0	0	0	0	0	0	0	0	0	0	0	0	0	0	0	0	0	0	0	0	0	0	0	
108680	Parietal_Sup_R	0	982	0	0	0	0	0	0	0	0	0	0	0	0	0	0	0	612	0	124	0	0	0	0	0	0	0	0	0	0	0	0	218	624	90	0	0	0	0	0	0	0	0	0	0	2442	0	0	0	5008	0	3818	0	0	0	0	0	5670	0	0	0	7982	0	4954	0	7804	2936	9910	0	622	0	0	0	0	0	0	0	0	0	172	0	372	0	0	0	0	0	0	0	0	0	0	0	0	0	0	0	0	0	0	0	0	0	0	0	0	0	0	0	0	0	0	0	0	0	0	
299364	Parietal_Inf_L	7558	0	2082	136	0	0	672	0	0	0	638	0	246	0	96	0	432	0	620	194	0	0	272	0	0	0	0	0	1468	0	0	0	2102	482	904	0	466	0	0	0	0	0	218	0	292	0	0	0	2686	0	23608	0	958	0	0	0	18378	0	19404	0	0	0	11394	0	32776	0	4710	514	3820	82	1152	590	246	0	120	0	0	0	138	0	994	0	0	0	7376	0	0	0	1858	0	0	0	0	0	0	0	0	0	0	0	0	0	0	0	0	0	0	0	0	0	0	0	0	0	0	0	
136592	Parietal_Inf_R	0	2248	0	0	0	0	0	0	0	0	0	340	0	0	0	0	0	2030	0	232	0	0	0	0	0	0	0	0	0	310	0	0	0	0	0	0	0	0	0	0	0	0	0	98	0	1376	0	0	0	4398	0	7502	0	0	0	160	0	8940	0	7982	0	0	0	14070	0	13860	778	1534	0	0	0	0	0	140	0	0	0	0	0	514	0	1298	0	0	0	486	0	0	0	0	0	0	0	0	0	0	0	0	0	0	0	0	0	0	0	0	0	0	0	0	0	0	0	0	0	0	
112388	SupraMarginal_L	2110	0	1296	0	0	0	0	0	0	0	0	0	0	0	0	0	1766	0	828	0	0	0	0	0	0	0	0	0	1126	0	0	0	318	0	274	0	460	0	0	0	0	0	92	0	0	0	0	0	0	0	1578	0	462	0	80	0	6030	0	0	0	11394	0	0	0	9518	0	264	0	2342	0	0	0	0	0	0	0	0	0	128	0	6626	0	0	0	7100	0	0	0	2402	0	0	0	0	0	0	0	0	0	0	0	0	0	0	0	0	0	0	0	0	0	0	0	0	0	0	0	
130632	SupraMarginal_R	0	2958	0	0	0	0	0	0	0	0	0	426	0	0	0	0	0	4582	0	376	0	0	0	0	0	0	0	0	0	364	0	0	0	0	0	0	0	0	0	0	0	0	0	678	0	548	82	100	0	1772	0	3372	0	0	0	282	0	14710	0	4954	0	14070	0	0	0	4560	0	862	0	0	0	0	0	154	0	0	0	82	0	522	0	6778	0	0	0	1776	0	0	0	1308	0	0	0	0	0	0	0	0	0	0	0	0	0	0	0	0	0	0	0	0	0	0	0	0	0	0	
218400	Angular_L	1028	0	110	0	0	0	0	0	0	0	0	0	0	0	0	0	386	0	0	0	0	0	0	0	0	0	0	0	304	0	0	0	1582	494	530	88	202	0	0	0	0	0	164	0	286	0	0	0	1538	0	25930	0	792	0	0	0	150	0	9730	0	32776	0	9518	0	0	0	2180	562	2818	0	0	0	0	0	0	0	0	0	0	0	1922	0	0	0	13930	0	0	0	2180	0	0	0	0	0	0	0	0	0	0	0	0	0	0	0	0	0	0	0	0	0	0	0	0	0	0	0	
134876	Angular_R	0	0	0	0	0	0	0	0	0	0	0	0	0	0	0	0	0	1072	0	0	0	0	0	0	0	0	0	0	0	0	0	0	0	0	0	0	0	0	0	0	0	0	0	118	0	1636	0	0	0	7868	0	16258	0	0	0	144	0	280	0	7804	0	13860	0	4560	0	0	1058	1794	0	0	0	0	0	0	0	0	0	0	0	0	0	4662	0	0	0	5742	0	0	0	582	0	0	0	0	0	0	0	0	0	0	0	0	0	0	0	0	0	0	0	0	0	0	0	0	0	0	
364840	Precuneus_L	2160	0	318	0	0	0	294	0	0	0	0	0	0	0	0	0	672	0	480	0	0	0	0	0	0	0	0	0	910	0	0	0	12516	5614	11790	1998	4668	868	1600	156	0	0	19224	1326	12440	6286	6028	666	12626	3944	14168	308	1992	0	2950	174	2714	0	14308	2936	4710	778	264	0	2180	1058	0	19924	3466	338	0	0	0	0	0	0	0	0	202	114	396	258	0	0	1312	0	0	0	824	146	0	0	0	0	0	0	0	0	0	0	0	0	0	0	0	0	0	0	0	0	316	0	0	0	0	0	
443040	Precuneus_R	470	756	0	0	0	0	0	0	0	0	0	0	0	0	0	0	86	854	0	1596	0	0	0	0	0	0	0	0	148	770	0	0	4620	17688	5558	11178	1452	5730	258	1806	0	0	1104	23214	2222	25768	926	12982	1058	19694	508	9000	0	1112	0	5918	0	6634	546	9910	514	1534	0	862	562	1794	19924	0	896	7584	0	0	0	0	0	0	148	82	0	1980	0	4126	0	0	0	1716	0	0	0	3472	0	0	0	0	0	0	0	254	0	0	0	0	0	0	0	0	0	0	0	0	2506	0	0	0	0	0	
205412	Paracentral_Lobule_L	19732	438	9836	662	0	0	1042	0	0	0	0	0	0	0	0	0	714	0	9404	3072	0	0	0	0	0	0	0	0	1306	0	386	0	5608	2682	6762	334	2260	0	244	0	0	0	872	0	504	0	0	0	254	0	1596	0	610	0	646	78	3948	0	548	0	3820	0	2342	0	2818	0	3466	896	0	1632	546	294	4270	0	2972	0	3618	0	248	0	736	0	0	0	1022	0	0	0	488	0	0	0	0	0	0	0	0	0	0	0	0	0	0	0	0	0	0	0	0	0	0	0	0	0	0	0	
177340	Paracentral_Lobule_R	1370	4692	744	496	0	0	152	0	0	0	0	0	0	0	0	0	0	244	1706	20576	0	0	0	0	0	0	0	0	0	0	0	0	1416	14170	1168	4618	0	456	0	188	0	0	0	1630	0	1642	0	822	0	1314	0	2246	0	0	0	1314	0	10682	0	622	82	0	0	0	0	0	338	7584	1632	0	318	1386	0	0	136	0	790	2014	0	220	0	822	0	0	0	226	0	0	0	654	0	0	0	0	0	0	0	0	0	0	0	0	0	0	0	0	0	0	0	0	200	0	0	0	0	0	
247576	Caudate_L	8050	358	18492	2230	274	182	4770	398	0	0	498	168	0	98	126	0	250	106	10678	3260	4612	7642	1504	0	308	106	222	234	574	406	4812	2098	202	176	0	0	188	94	0	0	0	0	0	0	0	0	0	0	0	0	0	0	0	0	0	82	974	0	0	0	1152	0	0	0	0	0	0	0	546	318	0	14990	16048	5694	3740	3090	3500	430	0	0	108	0	0	0	0	0	0	0	0	0	0	0	0	0	0	0	0	0	0	0	0	0	0	0	0	0	0	0	0	0	0	0	0	0	0	0	
380244	Caudate_R	4294	2942	4176	13530	0	2926	3180	3146	0	288	218	650	0	1008	0	678	0	514	2632	18300	3664	10194	244	6600	790	4600	0	1026	180	2454	6780	20772	192	530	0	0	0	1002	0	156	0	378	0	0	0	0	0	0	0	0	0	0	0	0	0	3078	584	132	0	0	590	0	0	0	0	0	0	0	294	1386	14990	0	6768	22498	2664	5214	402	13278	0	0	0	0	0	0	0	0	0	0	0	200	0	0	0	0	0	0	0	0	0	0	0	0	0	0	0	0	0	0	0	0	0	0	0	0	0	0	
325128	Putamen_L	10206	0	26604	264	8082	176	2886	0	494	0	866	0	974	0	5650	0	606	0	15258	682	3702	6100	3684	0	456	0	324	224	16588	122	4872	1192	318	0	144	276	5428	206	676	0	842	0	0	0	0	0	0	0	0	0	0	0	0	0	342	0	490	0	184	0	246	0	0	0	0	0	0	0	4270	0	16048	6768	0	2628	7946	1618	1790	260	108	0	508	0	490	0	112	0	0	0	854	0	0	0	0	0	0	0	0	0	0	0	0	0	0	0	0	0	0	0	0	0	0	0	0	0	0	0	
331940	Putamen_R	482	962	838	11580	0	3856	590	6346	0	916	144	4292	0	3164	0	2562	0	3820	1608	10790	2188	4584	0	4942	264	3556	0	722	0	20906	4374	12548	0	166	108	128	0	7542	0	574	0	790	0	0	0	0	0	0	0	0	0	0	0	0	0	3798	0	802	0	0	0	140	0	154	0	0	0	0	0	0	5694	22498	2628	0	340	4364	244	5318	0	374	0	552	0	226	0	812	0	0	0	2684	0	0	0	0	0	0	0	0	0	0	0	0	0	0	0	0	0	0	0	0	0	0	0	0	0	0	
71848	Pallidum_L	438	0	5860	206	0	0	0	0	0	0	0	0	0	0	0	0	0	0	4374	474	950	2528	0	0	0	0	0	0	0	0	0	0	424	0	0	0	722	0	0	0	0	0	0	0	0	0	0	0	0	0	0	0	0	0	0	0	122	0	0	0	120	0	0	0	0	0	0	0	2972	136	3740	2664	7946	340	0	538	1280	90	0	0	0	0	0	0	0	0	0	0	0	0	0	0	0	0	0	0	0	0	0	0	0	0	0	0	0	0	0	0	0	0	0	0	0	0	0	0	
48960	Pallidum_R	136	0	376	752	0	92	186	146	0	0	0	0	0	0	0	100	0	144	124	2448	460	2214	0	0	0	90	0	0	0	460	290	380	0	0	0	0	0	624	0	288	0	120	0	0	0	0	0	0	0	0	0	0	0	0	0	120	0	106	0	0	0	0	0	0	0	0	0	0	0	0	3090	5214	1618	4364	538	0	0	0	0	0	0	0	0	0	0	0	0	0	0	0	0	0	0	0	0	0	0	0	0	0	0	0	0	0	0	0	0	0	0	0	0	0	0	0	0	0	
154200	Thalamus_L	14294	130	11534	268	0	0	1806	0	0	0	102	0	0	0	0	0	0	0	1116	848	0	0	0	0	0	0	0	0	518	0	0	0	0	0	2336	5674	5546	6228	654	0	0	0	0	0	0	0	344	0	0	0	0	0	0	0	502	944	1828	0	0	0	0	0	0	0	0	0	0	148	3618	790	3500	402	1790	244	1280	0	0	9812	0	0	118	0	0	0	0	0	0	0	590	136	0	0	0	0	0	0	0	0	0	0	0	0	0	0	0	0	0	0	0	0	0	0	0	0	0	0	
165672	Thalamus_R	2264	1330	560	2490	0	0	236	496	0	0	0	806	0	134	0	0	0	794	98	3874	110	276	0	0	0	0	0	0	0	2484	0	134	0	0	376	3010	1126	11186	264	656	0	454	0	0	0	0	144	252	0	78	0	166	0	0	134	13068	0	264	0	0	0	0	0	82	0	0	0	82	0	2014	430	13278	260	5318	90	0	9812	0	0	88	0	326	0	0	0	328	0	0	98	3366	0	0	0	0	0	0	0	0	0	0	0	0	0	0	0	0	0	0	0	0	0	0	0	0	0	0	
54188	Heschl_L	3472	0	1012	0	0	0	576	0	0	0	364	0	0	0	0	0	3178	0	308	0	0	0	0	0	0	0	0	0	6102	0	0	0	0	0	188	0	672	0	0	0	0	0	102	0	0	0	0	0	0	0	1040	0	138	0	326	0	3180	0	0	0	138	0	128	0	0	0	202	0	248	0	0	0	108	0	0	0	0	0	0	0	2748	0	0	0	1782	0	0	0	1082	0	0	0	0	0	0	0	0	0	0	0	0	0	0	0	0	0	0	0	0	0	0	0	0	0	0	0	
56552	Heschl_R	0	654	0	232	0	0	0	80	0	0	0	0	0	0	0	0	0	6296	0	206	0	0	0	0	0	0	0	0	0	3772	0	0	0	166	0	0	0	1174	0	310	0	0	0	488	0	632	0	0	0	474	0	698	0	0	0	1558	0	1278	0	172	0	514	0	522	0	0	114	1980	0	220	0	0	0	374	0	0	0	88	0	0	0	5164	0	0	0	418	0	0	0	692	0	0	0	0	0	0	0	0	0	0	0	0	0	0	0	0	0	0	0	0	0	0	0	0	0	0	
206272	Temporal_Sup_L	4724	0	2518	0	0	0	1060	0	0	0	3832	0	262	0	0	0	10912	0	992	0	0	0	0	0	0	0	0	0	9522	0	0	0	446	0	458	0	4392	0	0	0	0	0	144	0	0	0	0	0	0	0	1298	0	466	0	3802	0	4644	0	134	0	994	0	6626	0	1922	0	396	0	736	0	108	0	508	0	0	0	118	0	2748	0	0	0	4638	0	20022	0	0	0	13970	0	344	0	0	0	0	0	0	0	400	0	0	0	0	0	0	0	0	0	0	0	0	0	0	0	0	0	
161548	Temporal_Sup_R	0	698	0	456	0	0	0	168	0	0	0	0	0	0	0	0	0	6916	0	592	0	0	0	0	0	0	0	0	0	3418	0	0	0	622	0	160	0	1252	0	236	0	0	0	1196	0	1288	106	160	0	2286	0	5832	0	0	0	1564	0	1138	0	372	0	1298	0	6778	0	4662	258	4126	0	822	0	0	0	552	0	0	0	326	0	5164	0	0	0	1310	0	17140	0	730	0	9148	0	0	0	0	0	0	0	0	0	0	0	0	0	0	0	0	0	0	0	0	0	0	0	0	0	0	
66920	Temporal_Pole_Sup_L	172	0	1260	0	0	0	1146	0	202	0	2890	0	518	0	938	0	2522	0	0	0	94	0	0	0	0	0	0	0	3842	0	0	0	0	0	0	0	708	0	0	0	154	0	0	0	0	0	0	0	0	0	0	0	0	0	1836	0	0	0	0	0	0	0	0	0	0	0	0	0	0	0	0	0	490	0	0	0	0	0	0	0	4638	0	0	0	5004	0	2470	0	4576	0	0	0	0	0	0	0	0	0	0	0	0	0	0	0	0	0	0	0	0	0	0	0	0	0	0	0	
66368	Temporal_Pole_Sup_R	0	182	0	868	0	0	0	420	0	0	0	1638	0	0	0	0	0	1902	100	330	0	96	0	0	0	0	0	0	0	1750	0	0	0	0	0	0	0	1380	0	2004	0	1952	0	0	0	0	0	0	0	0	0	0	0	0	0	6300	0	0	0	0	0	0	0	0	0	0	0	0	0	0	0	0	0	226	0	0	0	0	0	0	0	1310	0	0	0	3030	0	5016	0	4680	0	0	0	0	0	0	0	0	0	0	0	0	0	0	0	0	0	0	0	0	0	0	0	0	0	0	
255000	Temporal_Mid_L	1216	0	182	0	0	0	0	0	0	0	0	0	0	0	108	0	3936	0	142	0	0	0	0	0	0	0	0	0	3390	0	0	0	234	0	258	0	4512	0	0	0	0	0	1420	0	368	0	0	0	0	0	17388	0	2174	0	3286	0	868	0	1686	0	7376	0	7100	0	13930	0	1312	0	1022	0	0	0	112	0	0	0	0	0	1782	0	20022	0	5004	0	0	0	2524	0	26148	0	0	0	0	0	0	0	0	0	0	0	0	0	0	0	0	0	0	0	0	0	0	0	0	0	0	0	
197308	Temporal_Mid_R	0	366	0	1310	0	0	0	410	0	0	0	0	0	0	0	0	0	2762	152	414	0	0	0	0	0	0	0	0	0	1104	0	0	0	338	0	294	0	2010	0	198	0	0	128	2798	0	1318	154	536	0	3286	0	14338	0	1554	0	5128	0	182	0	0	0	486	0	1776	0	5742	0	1716	0	226	0	0	0	812	0	0	0	328	0	418	0	17140	0	3030	0	0	0	2042	0	26158	0	0	0	0	0	0	0	0	0	0	0	0	0	0	0	0	0	0	0	0	0	0	0	0	0	0	
16476	Temporal_Pole_Mid_L	0	0	0	0	0	0	0	0	0	0	0	0	0	0	0	0	0	0	0	0	0	0	0	0	0	0	0	0	0	0	0	0	0	0	0	0	0	0	0	0	0	0	0	0	0	0	0	0	0	0	0	0	0	0	792	0	0	0	0	0	0	0	0	0	0	0	0	0	0	0	0	0	0	0	0	0	0	0	0	0	0	0	2470	0	2524	0	0	0	2452	0	0	0	0	0	0	0	0	0	0	0	0	0	0	0	0	0	0	0	0	0	0	0	0	0	0	0	
34684	Temporal_Pole_Mid_R	0	0	0	0	0	0	0	0	0	0	0	0	0	0	0	0	0	0	0	0	0	0	0	0	0	0	0	0	0	0	0	0	0	0	0	0	0	440	0	1576	0	808	0	0	0	0	0	0	0	0	0	0	0	0	0	2844	0	0	0	0	0	0	0	0	0	0	0	0	0	0	0	0	0	0	0	0	0	0	0	0	0	730	0	5016	0	2042	0	0	0	3886	0	0	0	0	0	0	0	0	0	0	0	0	0	0	0	0	0	0	0	0	0	0	0	0	0	0	
283308	Temporal_Inf_L	950	0	290	0	0	0	0	0	0	0	0	0	0	0	452	0	1918	0	248	0	0	0	0	0	0	0	0	0	4206	0	0	0	130	0	498	254	16142	134	2884	0	2116	0	806	0	0	0	2098	0	180	0	5022	0	3834	0	22684	0	350	0	0	0	1858	0	2402	0	2180	0	824	0	488	0	0	0	854	0	0	0	590	98	1082	0	13970	0	4576	0	26148	0	2452	0	0	0	9632	0	2732	0	0	0	222	0	3054	0	1732	0	1564	0	0	0	0	0	0	0	0	0	0	0	0	0	
263456	Temporal_Inf_R	0	1048	0	1230	0	0	0	690	0	0	0	190	0	198	0	0	0	2622	202	728	0	0	0	0	0	0	0	0	0	2474	0	196	0	552	0	660	0	10218	0	1604	0	1184	162	4272	0	1158	190	1860	0	2456	0	7094	0	3722	0	26498	0	424	0	0	0	0	0	1308	0	582	146	3472	0	654	0	200	0	2684	0	0	136	3366	0	692	0	9148	0	4680	0	26158	0	3886	0	0	0	2154	0	176	0	0	0	0	0	332	0	0	0	322	0	0	0	0	0	0	0	0	0	0	0	0	
560052	Cerebelum_Crus1_L	0	0	0	0	0	0	0	0	0	0	0	0	0	0	0	0	0	0	0	0	0	0	0	0	0	0	0	0	0	0	0	0	0	0	0	0	364	0	308	0	0	0	232	0	156	0	6454	3038	156	0	1142	0	2064	372	24298	2544	0	0	0	0	0	0	0	0	0	0	0	0	0	0	0	0	0	0	0	0	0	0	0	0	344	0	0	0	0	0	0	0	9632	0	0	8922	37148	4814	1476	0	20150	3282	57356	13418	17848	194	25768	3762	1386	1458	630	146	232	292	5978	10712	10734	1696	1520	0	
380484	Cerebelum_Crus1_R	0	0	0	0	0	0	0	0	0	0	0	0	0	0	0	0	0	0	0	0	0	0	0	0	0	0	0	0	0	0	0	0	0	0	0	0	0	0	0	0	0	0	0	194	0	0	1022	2608	0	0	0	0	0	96	946	15756	0	0	0	0	0	0	0	0	0	0	0	0	0	0	0	0	0	0	0	0	0	0	0	0	0	0	0	0	0	0	0	0	0	2154	8922	0	5340	35596	0	2616	620	9728	7000	46108	1008	2236	2494	24432	118	790	0	2462	196	1180	1320	5954	9022	232	92	0	
346120	Cerebelum_Crus2_L	0	0	0	0	0	0	0	0	0	0	0	0	0	0	0	0	0	0	0	0	0	0	0	0	0	0	0	0	0	0	0	0	0	0	0	0	0	0	0	0	0	0	0	0	0	0	228	778	0	0	0	0	0	0	1742	108	0	0	0	0	0	0	0	0	0	0	0	0	0	0	0	0	0	0	0	0	0	0	0	0	0	0	0	0	0	0	0	0	2732	0	37148	5340	0	13312	0	0	248	110	6548	3526	33842	5304	30110	10988	524	1034	0	0	0	0	132	1500	14278	2546	982	0	
341648	Cerebelum_Crus2_R	0	0	0	0	0	0	0	0	0	0	0	0	0	0	0	0	0	0	0	0	0	0	0	0	0	0	0	0	0	0	0	0	0	0	0	0	0	0	0	0	0	0	0	0	0	0	96	100	0	0	0	0	0	0	78	330	0	0	0	0	0	0	0	0	0	0	0	0	0	0	0	0	0	0	0	0	0	0	0	0	0	0	0	0	0	0	0	0	0	176	4814	35596	13312	0	0	0	0	190	666	8708	7738	25512	7686	46620	458	1366	0	842	0	0	144	760	12380	2570	682	0	
35644	Cerebelum_3_L	0	0	0	0	0	0	0	0	0	0	0	0	0	0	0	0	0	0	0	0	0	0	0	0	0	0	0	0	0	0	0	0	0	0	0	0	88	0	172	0	0	0	0	0	0	0	132	0	0	0	0	0	0	0	662	0	0	0	0	0	0	0	0	0	0	0	0	0	0	0	0	0	0	0	0	0	0	0	0	0	0	0	0	0	0	0	0	0	0	0	1476	0	0	0	0	0	6216	196	2800	182	0	0	0	0	408	0	700	0	1342	1944	1504	0	0	0	0	0	
48648	Cerebelum_3_R	0	0	0	0	0	0	0	0	0	0	0	0	0	0	0	0	0	0	0	0	0	0	0	0	0	0	0	0	0	0	0	0	0	0	0	0	0	0	0	0	0	0	0	0	0	0	130	0	0	0	0	0	0	0	0	1322	0	0	0	0	0	0	0	0	0	0	0	0	0	0	0	0	0	0	0	0	0	0	0	0	0	0	0	0	0	0	0	0	0	0	0	2616	0	0	0	0	434	7306	110	6942	0	0	0	0	96	432	0	0	780	3060	938	158	0	0	0	0	
281832	Cerebelum_4_5_L	0	0	0	0	0	0	0	0	0	0	0	0	0	0	0	0	0	0	0	0	0	0	0	0	0	0	0	0	0	0	0	0	0	0	0	0	196	0	554	0	0	0	0	0	0	0	9140	830	0	0	0	0	454	0	14412	128	0	0	0	0	0	0	0	0	0	0	0	0	0	0	0	0	0	0	0	0	0	0	0	0	0	0	0	0	0	0	0	0	222	0	20150	620	248	0	6216	434	0	5552	32542	4978	560	0	1738	492	4554	2214	5498	1672	1126	1886	18522	4148	0	142	836	852	
194772	Cerebelum_4_5_R	0	0	0	0	0	0	0	0	0	0	0	0	0	0	0	0	0	0	0	0	0	0	0	0	0	0	0	0	0	0	0	0	0	0	0	0	0	100	0	656	0	0	118	266	0	0	1948	3056	0	0	0	0	0	600	532	8600	0	0	0	0	0	0	0	0	0	0	0	254	0	0	0	0	0	0	0	0	0	0	0	0	0	0	0	0	0	0	0	0	0	0	3282	9728	110	190	196	7306	5552	0	5758	24932	250	0	1188	414	1026	1478	500	1298	1014	2844	9492	4234	0	0	128	336	
493060	Cerebelum_6_L	0	0	0	0	0	0	0	0	0	0	0	0	0	0	0	0	0	0	0	0	0	0	0	0	0	0	0	0	0	0	0	0	0	0	0	0	592	0	420	0	0	0	102	0	0	0	8514	4846	0	0	342	0	1144	392	29126	3332	0	0	0	0	0	0	0	0	0	0	0	0	0	0	0	0	0	0	0	0	0	0	0	0	400	0	0	0	0	0	0	0	3054	0	57356	7000	6548	666	2800	110	32542	5758	0	18384	4580	0	10194	1650	2858	1350	2952	828	418	584	12946	18094	4768	594	1286	0	
460860	Cerebelum_6_R	0	0	0	0	0	0	0	0	0	0	0	0	0	0	0	0	0	0	0	0	0	0	0	0	0	0	0	0	0	0	0	0	0	0	0	0	0	0	0	0	0	0	0	446	0	136	2814	6064	0	0	0	0	0	692	1598	21870	0	0	0	0	0	0	0	0	0	0	0	0	0	0	0	0	0	0	0	0	0	0	0	0	0	0	0	0	0	0	0	0	0	332	13418	46108	3526	8708	182	6942	4978	24932	18384	0	1116	1682	6056	10264	2092	2412	654	5566	808	2502	8948	17740	7648	482	1330	0	
260992	Cerebelum_7b_L	0	0	0	0	0	0	0	0	0	0	0	0	0	0	0	0	0	0	0	0	0	0	0	0	0	0	0	0	0	0	0	0	0	0	0	0	0	0	0	0	0	0	0	0	0	0	0	78	0	0	0	0	0	0	482	176	0	0	0	0	0	0	0	0	0	0	0	0	0	0	0	0	0	0	0	0	0	0	0	0	0	0	0	0	0	0	0	0	1732	0	17848	1008	33842	7738	0	0	560	250	4580	1116	0	3776	33960	8828	592	510	350	0	0	0	868	1080	6784	3852	486	0	
133928	Cerebelum_7b_R	0	0	0	0	0	0	0	0	0	0	0	0	0	0	0	0	0	0	0	0	0	0	0	0	0	0	0	0	0	0	0	0	0	0	0	0	0	0	0	0	0	0	0	0	0	0	0	0	0	0	0	0	0	0	0	0	0	0	0	0	0	0	0	0	0	0	0	0	0	0	0	0	0	0	0	0	0	0	0	0	0	0	0	0	0	0	0	0	0	0	194	2236	5304	25512	0	0	0	0	0	1682	3776	0	3328	19746	134	216	0	88	0	0	0	80	2666	1852	150	0	
375392	Cerebelum_8_L	0	0	0	0	0	0	0	0	0	0	0	0	0	0	0	0	0	0	0	0	0	0	0	0	0	0	0	0	0	0	0	0	0	0	0	0	0	0	0	0	0	0	0	0	0	0	174	478	0	0	0	0	0	204	442	1966	0	0	0	0	0	0	0	0	0	0	0	0	0	0	0	0	0	0	0	0	0	0	0	0	0	0	0	0	0	0	0	0	1564	0	25768	2494	30110	7686	0	0	1738	1188	10194	6056	33960	3328	0	13402	13888	2842	1358	362	0	0	2418	6312	8008	9236	2520	0	
377180	Cerebelum_8_R	0	0	0	0	0	0	0	0	0	0	0	0	0	0	0	0	0	0	0	0	0	0	0	0	0	0	0	0	0	0	0	0	0	0	0	0	0	0	0	0	0	0	0	0	0	0	344	0	0	0	0	0	0	0	0	380	0	0	0	0	0	0	0	0	0	0	0	0	0	0	0	0	0	0	0	0	0	0	0	0	0	0	0	0	0	0	0	0	0	322	3762	24432	10988	46620	0	0	492	414	1650	10264	8828	19746	13402	0	1682	17186	0	1462	0	0	1072	2710	9994	9220	3148	472	
103796	Cerebelum_9_L	0	0	0	0	0	0	0	0	0	0	0	0	0	0	0	0	0	0	0	0	0	0	0	0	0	0	0	0	0	0	0	0	0	0	0	0	0	0	0	0	0	0	0	0	0	0	302	0	0	0	0	0	0	0	112	0	0	0	0	0	0	0	0	0	0	0	0	0	0	0	0	0	0	0	0	0	0	0	0	0	0	0	0	0	0	0	0	0	0	0	1386	118	524	458	408	96	4554	1026	2858	2092	592	134	13888	1682	0	3480	4478	758	106	238	4164	2734	924	1544	2692	550	
124636	Cerebelum_9_R	0	0	0	0	0	0	0	0	0	0	0	0	0	0	0	0	0	0	0	0	0	0	0	0	0	0	0	0	0	0	0	0	0	0	0	0	0	0	0	0	0	0	0	0	0	0	1264	0	0	0	0	0	0	0	0	218	0	0	0	0	0	0	0	0	0	0	0	0	0	0	0	0	0	0	0	0	0	0	0	0	0	0	0	0	0	0	0	0	0	0	1458	790	1034	1366	0	432	2214	1478	1350	2412	510	216	2842	17186	3480	0	224	2898	576	600	4792	3918	1646	2944	4764	1706	
44508	Cerebelum_10_L	0	0	0	0	0	0	0	0	0	0	0	0	0	0	0	0	0	0	0	0	0	0	0	0	0	0	0	0	0	0	0	0	0	0	0	0	0	0	0	0	0	0	0	0	0	0	314	0	0	0	0	0	0	0	234	0	0	0	0	0	0	0	0	0	0	0	0	0	0	0	0	0	0	0	0	0	0	0	0	0	0	0	0	0	0	0	0	0	0	0	630	0	0	0	700	0	5498	500	2952	654	350	0	1358	0	4478	224	0	80	0	132	3176	732	0	0	90	152	
57104	Cerebelum_10_R	0	0	0	0	0	0	0	0	0	0	0	0	0	0	0	0	0	0	0	0	0	0	0	0	0	0	0	0	0	0	0	0	0	0	0	0	0	0	0	0	0	0	0	0	0	0	1478	0	0	0	0	0	0	0	0	858	0	0	0	0	0	0	0	0	0	0	0	0	0	0	0	0	0	0	0	0	0	0	0	0	0	0	0	0	0	0	0	0	0	0	146	2462	0	842	0	0	1672	1298	828	5566	0	88	362	1462	758	2898	80	0	0	0	2876	3012	126	0	942	798	
28236	Vermis_1_2	0	0	0	0	0	0	0	0	0	0	0	0	0	0	0	0	0	0	0	0	0	0	0	0	0	0	0	0	0	0	0	0	0	0	0	0	0	0	0	0	0	0	0	0	0	0	84	104	0	0	0	0	0	0	0	0	0	0	0	0	0	0	0	0	0	0	0	0	0	0	0	0	0	0	0	0	0	0	0	0	0	0	0	0	0	0	0	0	0	0	232	196	0	0	1342	780	1126	1014	418	808	0	0	0	0	106	576	0	0	0	5066	2182	84	0	0	0	0	
51292	Vermis_3	0	0	0	0	0	0	0	0	0	0	0	0	0	0	0	0	0	0	0	0	0	0	0	0	0	0	0	0	0	0	0	0	0	0	0	0	226	0	390	0	0	0	0	0	0	0	218	226	0	0	0	0	0	0	98	700	0	0	0	0	0	0	0	0	0	0	0	0	0	0	0	0	0	0	0	0	0	0	0	0	0	0	0	0	0	0	0	0	0	0	292	1180	0	0	1944	3060	1886	2844	584	2502	0	0	0	0	238	600	132	0	5066	0	3204	172	0	0	0	84	
228072	Vermis_4_5	0	0	0	0	0	0	0	0	0	0	0	0	0	0	0	0	0	0	0	0	0	0	0	0	0	0	0	0	0	0	0	0	0	552	300	564	154	178	0	302	0	0	132	700	0	482	5064	2380	0	226	0	0	106	0	2126	772	0	212	0	0	0	0	0	0	0	0	316	2506	0	200	0	0	0	0	0	0	0	0	0	0	0	0	0	0	0	0	0	0	0	0	5978	1320	132	144	1504	938	18522	9492	12946	8948	868	0	2418	1072	4164	4792	3176	2876	2182	3204	0	7868	206	334	1788	1892	
232092	Vermis_6	0	0	0	0	0	0	0	0	0	0	0	0	0	0	0	0	0	0	0	0	0	0	0	0	0	0	0	0	0	0	0	0	0	0	0	0	0	0	0	0	0	0	0	0	0	0	3888	4552	0	0	0	0	100	394	1784	3696	0	0	0	0	0	0	0	0	0	0	0	0	0	0	0	0	0	0	0	0	0	0	0	0	0	0	0	0	0	0	0	0	0	0	10712	5954	1500	760	0	158	4148	4234	18094	17740	1080	80	6312	2710	2734	3918	732	3012	84	172	7868	0	4240	998	3176	1216	
