data	data	431308	313892	996044	776884	123736	62192	523308	270796	79616	11384	207692	225500	204760	115044	141764	45520	276852	216720	788344	690916	78696	59968	391836	275700	36948	69856	35464	51604	743932	335956	290740	371040	142516	448460	177460	197356	286204	397860	147320	228584	53204	73588	363152	426404	231060	367836	361344	442036	242900	354004	297220	341824	159160	143284	564396	534992	300756	205068	222344	117700	191224	144816	105944	176756	67888	159352	362320	447792	213328	255296	202488	264264	309084	235924	33780	20016	264536	175496	82160	38288	192096	88548	76444	49828	321540	223012	35400	24648	307892	206040	633036	447836	334956	261328	61836	50376	333540	229564	566448	543964	234564	182864	288952	258820	101756	91088	36084	25368	13012	16628	174612	244784	177752	91484	55892	18444	
data	data	Precentral_L	Precentral_R	Frontal_Sup_L	Frontal_Sup_R	Frontal_Sup_Orb_L	Frontal_Sup_Orb_R	Frontal_Mid_L	Frontal_Mid_R	Frontal_Mid_Orb_L	Frontal_Mid_Orb_R	Frontal_Inf_Oper_L	Frontal_Inf_Oper_R	Frontal_Inf_Tri_L	Frontal_Inf_Tri_R	Frontal_Inf_Orb_L	Frontal_Inf_Orb_R	Rolandic_Oper_L	Rolandic_Oper_R	Supp_Motor_Area_L	Supp_Motor_Area_R	Olfactory_L	Olfactory_R	Frontal_Sup_Medial_L	Frontal_Sup_Medial_R	Frontal_Med_Orb_L	Frontal_Med_Orb_R	Rectus_L	Rectus_R	Insula_L	Insula_R	Cingulum_Ant_L	Cingulum_Ant_R	Cingulum_Mid_L	Cingulum_Mid_R	Cingulum_Post_L	Cingulum_Post_R	Hippocampus_L	Hippocampus_R	ParaHippocampal_L	ParaHippocampal_R	Amygdala_L	Amygdala_R	Calcarine_L	Calcarine_R	Cuneus_L	Cuneus_R	Lingual_L	Lingual_R	Occipital_Sup_L	Occipital_Sup_R	Occipital_Mid_L	Occipital_Mid_R	Occipital_Inf_L	Occipital_Inf_R	Fusiform_L	Fusiform_R	Postcentral_L	Postcentral_R	Parietal_Sup_L	Parietal_Sup_R	Parietal_Inf_L	Parietal_Inf_R	SupraMarginal_L	SupraMarginal_R	Angular_L	Angular_R	Precuneus_L	Precuneus_R	Paracentral_Lobule_L	Paracentral_Lobule_R	Caudate_L	Caudate_R	Putamen_L	Putamen_R	Pallidum_L	Pallidum_R	Thalamus_L	Thalamus_R	Heschl_L	Heschl_R	Temporal_Sup_L	Temporal_Sup_R	Temporal_Pole_Sup_L	Temporal_Pole_Sup_R	Temporal_Mid_L	Temporal_Mid_R	Temporal_Pole_Mid_L	Temporal_Pole_Mid_R	Temporal_Inf_L	Temporal_Inf_R	Cerebelum_Crus1_L	Cerebelum_Crus1_R	Cerebelum_Crus2_L	Cerebelum_Crus2_R	Cerebelum_3_L	Cerebelum_3_R	Cerebelum_4_5_L	Cerebelum_4_5_R	Cerebelum_6_L	Cerebelum_6_R	Cerebelum_7b_L	Cerebelum_7b_R	Cerebelum_8_L	Cerebelum_8_R	Cerebelum_9_L	Cerebelum_9_R	Cerebelum_10_L	Cerebelum_10_R	Vermis_1_2	Vermis_3	Vermis_4_5	Vermis_6	Vermis_7	Vermis_8	Vermis_9	Vermis_10	
431308	Precentral_L	0	9816	17346	6874	0	0	27550	1158	0	0	9950	250	880	216	0	0	12004	110	8038	9874	0	0	234	0	0	0	0	0	11760	108	0	0	1548	4740	2312	766	3704	462	124	0	0	0	1040	0	100	0	434	0	184	0	488	0	1448	0	3264	0	16718	0	2082	0	948	0	320	0	0	0	1280	0	25598	2384	4510	874	4810	0	550	0	13528	1078	768	0	2580	0	0	0	308	0	0	0	536	0	0	0	0	0	0	0	0	0	0	0	0	0	0	0	0	0	0	0	0	0	0	0	0	0	0	0	
313892	Precentral_R	9816	0	2672	10366	0	0	1560	15890	0	0	264	7700	0	1206	0	122	422	5448	4220	5550	0	0	380	770	0	0	0	0	1966	4668	650	3780	0	1092	724	1874	824	5402	454	1772	0	0	158	1418	0	664	0	1160	0	940	0	280	0	0	0	2572	600	18024	0	274	0	836	0	1614	0	202	328	2490	5006	12096	4088	2038	1422	2362	456	0	1984	3232	0	862	0	734	0	0	0	776	0	0	0	738	0	0	0	0	0	0	0	0	0	0	0	0	0	0	0	0	0	0	0	0	0	0	0	0	0	0	
996044	Frontal_Sup_L	17346	2672	0	11120	6062	0	75542	1614	2648	0	15796	240	15696	114	7512	0	10162	164	99222	15716	1034	0	47052	3558	1878	0	656	0	58032	166	21328	5806	5184	8312	160	200	4144	314	450	0	0	0	0	0	0	0	0	0	0	0	0	0	0	0	1494	0	230	0	0	0	0	0	0	0	0	0	0	0	3488	0	6942	678	22600	158	2006	0	15280	658	276	0	2732	0	852	0	0	0	0	0	728	0	0	0	0	0	0	0	0	0	0	0	0	0	0	0	0	0	0	0	0	0	0	0	0	0	0	0	
776884	Frontal_Sup_R	6874	10366	11120	0	0	3294	1858	36634	0	194	194	15744	0	11628	0	3574	182	4604	25702	67976	0	428	9524	35012	182	2330	0	1186	1596	13308	3698	25336	492	14452	192	1124	602	3432	280	976	0	352	0	0	0	0	0	470	0	0	0	0	0	0	0	692	142	512	0	0	0	0	0	0	0	0	0	0	2846	688	4666	23758	892	16984	270	2298	2164	17186	0	0	0	0	0	192	0	0	0	0	0	236	0	0	0	0	0	0	0	0	0	0	0	0	0	0	0	0	0	0	0	0	0	0	0	0	0	0	
123736	Frontal_Sup_Orb_L	0	0	6062	0	0	0	776	0	11242	0	0	0	450	0	12424	0	0	0	342	0	3654	0	4668	0	2784	0	3464	0	6004	0	3646	122	0	0	0	0	980	0	1162	0	908	0	0	0	0	0	0	0	0	0	0	0	0	0	408	0	0	0	0	0	0	0	0	0	0	0	0	0	0	0	456	0	1614	0	0	0	0	0	0	0	238	0	308	0	0	0	0	0	156	0	0	0	0	0	0	0	0	0	0	0	0	0	0	0	0	0	0	0	0	0	0	0	0	0	0	0	
62192	Frontal_Sup_Orb_R	0	0	0	3294	0	0	0	346	0	2090	0	0	0	0	0	978	0	0	0	0	118	1294	298	2758	214	7482	202	6458	0	114	222	1528	0	0	0	0	0	0	0	0	0	0	0	0	0	0	0	0	0	0	0	0	0	0	0	0	0	0	0	0	0	0	0	0	0	0	0	0	0	0	114	2432	0	1154	0	0	0	0	0	0	0	0	0	0	0	0	0	0	0	0	0	0	0	0	0	0	0	0	0	0	0	0	0	0	0	0	0	0	0	0	0	0	0	0	0	0	
523308	Frontal_Mid_L	27550	1560	75542	1858	776	0	0	926	4680	0	8428	0	24480	0	7154	0	3290	0	23008	2258	138	0	19006	444	118	0	0	0	29302	0	5132	1024	2566	1674	138	140	1268	110	0	0	0	0	0	0	0	0	0	0	0	0	0	0	0	0	134	0	402	0	0	0	0	0	0	0	0	0	0	0	454	0	3430	452	5882	0	546	0	6156	138	0	0	834	0	508	0	0	0	0	0	148	0	0	0	0	0	0	0	0	0	0	0	0	0	0	0	0	0	0	0	0	0	0	0	0	0	0	0	
270796	Frontal_Mid_R	1158	15890	1614	36634	0	346	926	0	0	892	102	10814	0	8686	0	3152	0	3144	4466	8360	0	0	2068	5342	0	0	0	0	858	7046	684	7204	0	3380	106	108	264	880	168	194	0	0	0	0	0	0	0	198	0	0	0	0	0	0	0	108	0	762	0	0	0	0	0	0	0	0	0	0	0	0	1764	1612	360	3700	0	814	540	1054	0	0	0	0	0	0	0	0	0	0	0	0	0	0	0	0	0	0	0	0	0	0	0	0	0	0	0	0	0	0	0	0	0	0	0	0	0	0	
79616	Frontal_Mid_Orb_L	0	0	2648	0	11242	0	4680	0	0	0	0	0	3462	0	14148	0	0	0	0	0	184	0	568	0	214	0	774	0	1110	0	398	0	0	0	0	0	0	0	0	0	0	0	0	0	0	0	0	0	0	0	0	0	0	0	0	0	0	0	0	0	0	0	0	0	0	0	0	0	0	0	0	0	380	0	0	0	0	0	0	0	0	0	0	0	0	0	0	0	0	0	0	0	0	0	0	0	0	0	0	0	0	0	0	0	0	0	0	0	0	0	0	0	0	0	0	0	
11384	Frontal_Mid_Orb_R	0	0	0	194	0	2090	0	892	0	0	0	0	0	148	0	1700	0	0	0	0	0	0	0	130	0	236	0	196	0	106	0	0	0	0	0	0	0	0	0	0	0	0	0	0	0	0	0	0	0	0	0	0	0	0	0	0	0	0	0	0	0	0	0	0	0	0	0	0	0	0	0	0	0	0	0	0	0	0	0	0	0	0	0	0	0	0	0	0	0	0	0	0	0	0	0	0	0	0	0	0	0	0	0	0	0	0	0	0	0	0	0	0	0	0	0	0	
207692	Frontal_Inf_Oper_L	9950	264	15796	194	0	0	8428	102	0	0	0	0	9508	0	0	0	14654	0	10984	404	0	0	1744	0	0	0	0	0	16228	0	942	0	0	380	0	0	424	0	0	0	0	0	0	0	0	0	0	0	0	0	0	0	0	0	226	0	1806	0	0	0	0	0	0	0	0	0	0	0	0	0	322	0	3402	0	0	0	1290	0	182	0	4790	0	1708	0	0	0	0	0	118	0	0	0	0	0	0	0	0	0	0	0	0	0	0	0	0	0	0	0	0	0	0	0	0	0	0	0	
225500	Frontal_Inf_Oper_R	250	7700	240	15744	0	0	0	10814	0	0	0	0	0	10374	0	0	0	12598	3854	12508	0	0	0	1006	0	0	0	0	0	16760	114	1530	0	744	118	156	128	2604	106	1494	0	126	0	0	0	0	0	184	0	0	0	0	0	0	0	774	0	1050	0	0	0	0	0	0	0	0	0	0	0	0	156	3610	0	6244	0	112	0	508	0	512	0	388	0	244	0	0	0	0	0	0	0	0	0	0	0	0	0	0	0	0	0	0	0	0	0	0	0	0	0	0	0	0	0	0	0	0	
204760	Frontal_Inf_Tri_L	880	0	15696	0	450	0	24480	0	3462	0	9508	0	0	0	9922	0	1812	0	4750	104	0	0	3166	0	0	0	0	0	20918	0	1528	174	418	210	0	0	0	0	0	0	0	0	0	0	0	0	0	0	0	0	0	0	0	0	0	0	0	0	0	0	0	0	0	0	0	0	0	0	0	0	106	0	1422	0	0	0	0	0	0	0	1524	0	1850	0	0	0	0	0	0	0	0	0	0	0	0	0	0	0	0	0	0	0	0	0	0	0	0	0	0	0	0	0	0	0	0	0	
115044	Frontal_Inf_Tri_R	216	1206	114	11628	0	0	0	8686	0	148	0	10374	0	0	0	2932	0	0	1922	6824	0	0	0	892	0	0	0	0	0	7738	0	948	0	674	0	0	0	340	0	166	0	0	0	0	0	0	0	0	0	0	0	0	0	0	0	108	0	0	0	0	0	0	0	0	0	0	0	0	0	0	0	1144	0	1288	0	0	0	174	0	0	0	0	0	0	0	0	0	0	0	0	0	0	0	0	0	0	0	0	0	0	0	0	0	0	0	0	0	0	0	0	0	0	0	0	0	0	
141764	Frontal_Inf_Orb_L	0	0	7512	0	12424	0	7154	0	14148	0	0	0	9922	0	0	0	0	0	908	0	2526	0	1132	0	0	0	658	0	9200	0	242	0	220	0	0	0	1090	0	740	0	1046	0	0	0	0	0	0	0	0	0	0	0	0	0	244	0	0	0	0	0	0	0	0	0	0	0	0	0	0	0	126	0	906	0	0	0	0	0	0	0	0	0	684	0	0	0	0	0	0	0	0	0	0	0	0	0	0	0	0	0	0	0	0	0	0	0	0	0	0	0	0	0	0	0	0	0	
45520	Frontal_Inf_Orb_R	0	122	0	3574	0	978	0	3152	0	1700	0	0	0	2932	0	0	0	0	0	198	0	1188	0	0	0	0	0	800	0	4398	0	326	0	0	0	0	0	352	0	448	0	808	0	0	0	0	0	0	0	0	0	0	0	0	0	362	0	0	0	0	0	0	0	0	0	0	0	0	0	0	0	454	0	578	0	0	0	0	0	0	0	0	0	390	0	0	0	0	0	0	0	0	0	0	0	0	0	0	0	0	0	0	0	0	0	0	0	0	0	0	0	0	0	0	0	0	
276852	Rolandic_Oper_L	12004	422	10162	182	0	0	3290	0	0	0	14654	0	1812	0	0	0	0	0	6564	342	0	0	380	0	0	0	0	0	29184	0	0	0	0	250	256	262	2354	314	0	0	0	0	0	0	0	0	0	0	0	0	150	0	334	0	2142	0	12658	0	1958	0	692	0	1542	0	0	0	0	0	102	0	140	0	2252	0	150	0	1868	392	7796	0	12152	0	980	0	5142	0	0	0	5544	0	0	0	0	0	0	0	0	0	0	0	0	0	0	0	0	0	0	0	0	0	0	0	0	0	0	0	
216720	Rolandic_Oper_R	110	5448	164	4604	0	0	0	3144	0	0	0	12598	0	0	0	0	0	0	1398	4232	0	0	0	0	0	0	0	0	0	25830	0	148	0	0	956	1760	942	9018	902	2092	0	0	0	312	0	0	356	1004	0	0	0	0	0	0	0	3418	0	6596	0	234	0	716	0	3136	0	302	108	802	0	1336	108	1146	0	4960	0	0	0	1430	0	4178	0	3002	0	230	0	178	0	0	0	1462	0	0	0	0	0	0	0	0	0	0	0	0	0	0	0	0	0	0	0	0	0	0	0	0	0	0	
788344	Supp_Motor_Area_L	8038	4220	99222	25702	342	0	23008	4466	0	0	10984	3854	4750	1922	908	0	6564	1398	0	42100	0	0	12028	4896	170	0	0	0	27160	1788	8460	8690	9338	21354	1886	508	3454	184	256	0	0	0	0	0	0	0	0	0	0	0	0	0	0	0	1486	0	0	0	0	0	0	0	0	0	0	0	556	126	9162	442	5442	954	17786	540	3732	0	12240	672	178	0	2092	0	430	0	0	0	0	0	684	0	0	0	0	0	0	0	0	0	0	0	0	0	0	0	0	0	0	0	0	0	0	0	0	0	0	0	
690916	Supp_Motor_Area_R	9874	5550	15716	67976	0	0	2258	8360	0	0	404	12508	104	6824	0	198	342	4232	42100	0	0	0	1926	7234	0	0	0	0	1158	10828	2400	9786	3180	38260	720	6474	304	3590	136	1214	0	352	156	780	0	344	0	722	0	266	0	176	0	108	0	2090	0	1478	0	0	0	0	0	136	0	0	408	2414	9444	17088	3052	16322	650	10682	214	2194	664	8816	0	128	140	224	0	192	0	1024	0	0	0	1538	0	0	0	0	0	0	0	0	0	0	0	0	0	0	0	0	0	0	0	0	0	0	0	0	0	0	
78696	Olfactory_L	0	0	1034	0	3654	118	138	0	184	0	0	0	0	0	2526	0	0	0	0	0	0	3692	312	0	336	166	1924	534	4654	0	2088	1600	0	0	0	0	2228	0	2314	0	2584	0	0	0	0	0	0	0	0	0	0	0	0	0	818	0	0	0	0	0	0	0	0	0	0	0	0	0	0	0	4674	1134	1244	0	0	0	0	0	0	0	320	0	690	0	0	0	0	0	382	0	0	0	0	0	0	0	0	0	0	0	0	0	0	0	0	0	0	0	0	0	0	0	0	0	0	0	
59968	Olfactory_R	0	0	0	428	0	1294	0	0	0	0	0	0	0	0	0	1188	0	0	0	0	3692	0	0	0	0	1438	472	2866	0	2848	1540	2512	0	0	0	0	0	1054	0	1046	0	1244	0	0	0	0	0	0	0	0	0	0	0	0	0	238	0	0	0	0	0	0	0	0	0	0	0	0	0	0	4344	2158	1162	262	0	0	0	0	0	0	0	0	0	198	0	0	0	0	0	0	0	0	0	0	0	0	0	0	0	0	0	0	0	0	0	0	0	0	0	0	0	0	0	0	0	0	
391836	Frontal_Sup_Medial_L	234	380	47052	9524	4668	298	19006	2068	568	0	1744	0	3166	0	1132	0	380	0	12028	1926	312	0	0	17098	2974	660	376	0	13040	0	24542	11312	4648	8406	0	0	0	0	0	0	0	0	0	0	0	0	0	0	0	0	0	0	0	0	0	0	0	0	0	0	0	0	0	0	0	0	0	0	0	0	1164	856	5928	428	0	0	0	0	0	0	0	0	0	0	0	0	0	0	0	0	0	0	0	0	0	0	0	0	0	0	0	0	0	0	0	0	0	0	0	0	0	0	0	0	0	0	
275700	Frontal_Sup_Medial_R	0	770	3558	35012	0	2758	444	5342	0	130	0	1006	0	892	0	0	0	0	4896	7234	0	0	17098	0	402	5034	0	390	298	258	3888	26874	332	13960	0	0	0	0	0	0	0	0	0	0	0	0	0	0	0	0	0	0	0	0	0	0	0	0	0	0	0	0	0	0	0	0	0	0	0	0	226	4128	102	2818	0	0	0	0	0	0	0	0	0	0	0	0	0	0	0	0	0	0	0	0	0	0	0	0	0	0	0	0	0	0	0	0	0	0	0	0	0	0	0	0	0	0	
36948	Frontal_Med_Orb_L	0	0	1878	182	2784	214	118	0	214	0	0	0	0	0	0	0	0	0	170	0	336	0	2974	402	0	596	2204	0	636	0	3856	368	0	0	0	0	0	0	0	0	0	0	0	0	0	0	0	0	0	0	0	0	0	0	0	0	0	0	0	0	0	0	0	0	0	0	0	0	0	0	808	0	734	0	0	0	0	0	0	0	0	0	0	0	0	0	0	0	0	0	0	0	0	0	0	0	0	0	0	0	0	0	0	0	0	0	0	0	0	0	0	0	0	0	0	0	
69856	Frontal_Med_Orb_R	0	0	0	2330	0	7482	0	0	0	236	0	0	0	0	0	0	0	0	0	0	166	1438	660	5034	596	0	236	6280	0	0	1516	5302	0	0	0	0	0	0	0	0	0	0	0	0	0	0	0	0	0	0	0	0	0	0	0	0	0	0	0	0	0	0	0	0	0	0	0	0	0	0	118	2750	0	784	0	0	0	0	0	0	0	0	0	0	0	0	0	0	0	0	0	0	0	0	0	0	0	0	0	0	0	0	0	0	0	0	0	0	0	0	0	0	0	0	0	0	
35464	Rectus_L	0	0	656	0	3464	202	0	0	774	0	0	0	0	0	658	0	0	0	0	0	1924	472	376	0	2204	236	0	412	968	0	2842	326	0	0	0	0	0	0	0	0	0	0	0	0	0	0	0	0	0	0	0	0	0	0	0	0	0	0	0	0	0	0	0	0	0	0	0	0	0	0	1380	0	838	0	0	0	0	0	0	0	0	0	0	0	0	0	0	0	0	0	0	0	0	0	0	0	0	0	0	0	0	0	0	0	0	0	0	0	0	0	0	0	0	0	0	0	
51604	Rectus_R	0	0	0	1186	0	6458	0	0	0	196	0	0	0	0	0	800	0	0	0	0	534	2866	0	390	0	6280	412	0	0	832	484	2364	0	0	0	0	0	0	0	0	0	0	0	0	0	0	0	0	0	0	0	0	0	0	0	0	0	0	0	0	0	0	0	0	0	0	0	0	0	0	528	2128	102	242	0	0	0	0	0	0	0	0	0	0	0	0	0	0	0	0	0	0	0	0	0	0	0	0	0	0	0	0	0	0	0	0	0	0	0	0	0	0	0	0	0	0	
743932	Insula_L	11760	1966	58032	1596	6004	0	29302	858	1110	0	16228	0	20918	0	9200	0	29184	0	27160	1158	4654	0	13040	298	636	0	968	0	0	178	7724	574	814	1006	710	714	12414	1144	2684	0	3290	0	142	0	0	0	0	0	0	0	108	0	1562	0	14608	0	4538	0	200	0	0	0	350	0	0	0	138	0	142	0	5654	196	22918	0	274	0	15754	1134	10382	0	9736	0	3242	0	2312	0	146	0	11872	0	476	0	0	0	0	0	180	0	578	0	0	0	0	0	0	0	0	0	0	0	0	0	0	0	0	0	
335956	Insula_R	108	4668	166	13308	0	114	0	7046	0	106	0	16760	0	7738	0	4398	0	25830	1788	10828	0	2848	0	258	0	0	0	832	178	0	0	1192	0	242	854	1592	824	12830	790	4754	0	3110	0	260	0	0	324	1038	0	0	0	0	0	0	0	6178	0	1922	0	0	0	0	0	388	0	0	102	806	0	1128	150	4896	0	14282	0	0	122	1572	0	2096	0	4000	0	738	0	1388	0	0	0	3426	0	0	0	0	0	0	0	0	0	0	0	0	0	0	0	0	0	0	0	0	0	0	0	0	0	0	
290740	Cingulum_Ant_L	0	650	21328	3698	3646	222	5132	684	398	0	942	114	1528	0	242	0	0	0	8460	2400	2088	1540	24542	3888	3856	1516	2842	484	7724	0	0	15612	3842	4426	296	0	0	0	0	0	0	0	0	0	0	0	0	0	0	0	0	0	0	0	0	0	0	0	0	0	0	0	0	0	0	0	0	0	0	0	6776	4352	9916	2112	0	0	114	0	0	0	0	0	0	0	0	0	0	0	0	0	0	0	0	0	0	0	0	0	0	0	0	0	0	0	0	0	0	0	0	0	0	0	0	0	0	0	
371040	Cingulum_Ant_R	0	3780	5806	25336	122	1528	1024	7204	0	0	0	1530	174	948	0	326	0	148	8690	9786	1600	2512	11312	26874	368	5302	326	2364	574	1192	15612	0	3082	20862	0	0	0	0	0	0	0	0	0	0	0	0	0	0	0	0	0	0	0	0	0	0	0	126	0	0	0	0	0	0	0	0	0	0	0	0	3466	14512	1276	7758	0	0	0	0	0	0	0	0	0	0	0	0	0	0	0	0	0	0	0	0	0	0	0	0	0	0	0	0	0	0	0	0	0	0	0	0	0	0	0	0	0	0	
142516	Cingulum_Mid_L	1548	0	5184	492	0	0	2566	0	0	0	0	0	418	0	220	0	0	0	9338	3180	0	0	4648	332	0	0	0	0	814	0	3842	3082	0	12252	5222	1332	0	0	0	0	0	0	418	128	1578	732	0	0	124	718	176	362	0	0	0	0	0	0	0	0	0	0	0	0	0	0	6694	2836	2742	166	0	0	114	0	0	0	0	0	0	0	0	0	0	0	0	0	0	0	0	0	0	0	0	0	0	0	0	0	0	0	0	0	0	0	0	0	0	0	0	0	0	0	0	0	0	0	
448460	Cingulum_Mid_R	4740	1092	8312	14452	0	0	1674	3380	0	0	380	744	210	674	0	0	250	0	21354	38260	0	0	8406	13960	0	0	0	0	1006	242	4426	20862	12252	0	1790	9670	0	424	0	188	0	0	0	3292	0	3072	0	1460	0	2210	0	550	0	134	0	290	0	2180	0	220	0	296	0	770	0	496	1958	14574	5618	11922	916	432	110	168	0	0	0	378	0	130	132	376	0	0	0	1856	0	0	0	1942	0	0	0	0	0	0	0	0	0	0	0	0	0	0	0	0	0	0	0	0	0	0	0	0	0	0	
177460	Cingulum_Post_L	2312	724	160	192	0	0	138	106	0	0	0	118	0	0	0	0	256	956	1886	720	0	0	0	0	0	0	0	0	710	854	296	0	5222	1790	0	8664	5770	4040	3930	140	0	0	9302	288	696	108	7136	244	0	0	0	0	1128	0	2982	0	708	0	332	0	0	0	0	0	0	0	14148	2012	3928	448	350	0	0	0	0	0	894	3178	350	110	0	0	0	0	0	0	0	0	140	0	226	0	0	0	0	0	818	0	220	0	0	0	0	0	0	0	0	0	0	0	0	0	0	0	0	0	
197356	Cingulum_Post_R	766	1874	200	1124	0	0	140	108	0	0	0	156	0	0	0	0	262	1760	508	6474	0	0	0	0	0	0	0	0	714	1592	0	0	1332	9670	8664	0	3280	9996	2000	2584	0	0	152	3498	170	1106	494	6510	0	476	0	224	0	0	130	3766	164	722	0	0	0	0	0	0	0	0	2166	12490	834	5030	372	174	0	0	0	0	1236	3926	380	146	0	0	0	0	0	286	0	0	0	764	0	0	0	0	0	0	0	0	0	0	0	0	0	0	0	0	0	0	0	0	258	0	0	0	0	0	
286204	Hippocampus_L	3704	824	4144	602	980	0	1268	264	0	0	424	128	0	0	1090	0	2354	942	3454	304	2228	0	0	0	0	0	0	0	12414	824	0	0	0	0	5770	3280	0	3564	17864	114	7124	0	2134	0	0	0	3968	104	0	0	0	0	0	0	17302	0	1108	0	0	0	0	0	0	0	0	0	1794	432	488	0	1268	0	9202	0	812	0	10780	4054	1710	106	1290	0	1228	0	0	0	0	0	7640	0	1140	0	0	0	0	0	1346	0	1532	0	0	0	0	0	0	0	0	0	0	0	0	0	0	0	0	0	
397860	Hippocampus_R	462	5402	314	3432	0	0	110	880	0	0	0	2604	0	340	0	352	314	9018	184	3590	0	1054	0	0	0	0	0	0	1144	12830	0	0	0	424	4040	9996	3564	0	2108	34230	0	11876	110	4738	0	0	578	11382	0	0	0	0	0	0	160	30800	200	318	0	0	0	0	0	0	0	0	270	9290	0	1676	886	232	240	10806	0	296	1170	5880	416	480	0	1108	0	1750	0	518	0	0	118	2094	0	1882	0	0	0	0	0	766	0	2130	0	0	0	0	0	0	0	0	0	0	368	0	0	0	0	0	
147320	ParaHippocampal_L	124	454	450	280	1162	0	0	168	0	0	0	106	0	0	740	0	0	902	256	136	2314	0	0	0	0	0	0	0	2684	790	0	0	0	0	3930	2000	17864	2108	0	110	4500	0	1314	0	0	0	3974	0	0	0	0	0	176	0	9634	0	0	0	0	0	0	0	0	0	0	0	1028	420	0	0	332	0	1194	0	0	0	4144	2244	0	100	196	0	1122	0	0	0	0	0	2988	0	920	0	116	0	0	0	1306	0	1374	0	0	0	0	0	0	0	0	0	0	0	0	0	0	0	0	0	
228584	ParaHippocampal_R	0	1772	0	976	0	0	0	194	0	0	0	1494	0	166	0	448	0	2092	0	1214	0	1046	0	0	0	0	0	0	0	4754	0	0	0	188	140	2584	114	34230	110	0	0	10370	0	2464	0	0	0	6226	0	0	0	0	0	0	0	21360	0	0	0	0	0	0	0	0	0	0	0	4594	0	552	0	118	0	7254	0	280	0	352	0	0	0	246	0	2620	0	146	0	728	0	268	0	1028	0	0	0	0	0	1712	0	1302	0	0	0	0	0	358	0	0	0	0	206	0	194	182	210	0	
53204	Amygdala_L	0	0	0	0	908	0	0	0	0	0	0	0	0	0	1046	0	0	0	0	0	2584	0	0	0	0	0	0	0	3290	0	0	0	0	0	0	0	7124	0	4500	0	0	0	0	0	0	0	0	0	0	0	0	0	0	0	3478	0	0	0	0	0	0	0	0	0	0	0	0	0	0	0	0	0	1130	0	0	0	0	0	0	0	0	0	1322	0	0	0	0	0	1220	0	0	0	0	0	0	0	0	0	0	0	0	0	0	0	0	0	0	0	0	0	0	0	0	0	0	0	
73588	Amygdala_R	0	0	0	352	0	0	0	0	0	0	0	126	0	0	0	808	0	0	0	352	0	1244	0	0	0	0	0	0	0	3110	0	0	0	0	0	0	0	11876	0	10370	0	0	0	0	0	0	0	0	0	0	0	0	0	0	0	4098	0	0	0	0	0	0	0	0	0	0	0	0	0	0	0	0	0	2200	0	0	0	0	0	0	0	0	0	2258	0	0	0	0	0	0	0	0	0	0	0	0	0	0	0	0	0	0	0	0	0	0	0	0	0	0	0	0	0	0	0	0	
363152	Calcarine_L	1040	158	0	0	0	0	0	0	0	0	0	0	0	0	0	0	0	0	0	156	0	0	0	0	0	0	0	0	142	0	0	0	418	0	9302	152	2134	110	1314	0	0	0	0	14946	21862	8566	23400	4388	15378	3480	11844	1408	6386	1090	6800	552	5046	0	4090	0	446	0	0	0	0	0	25162	1416	5000	158	0	0	0	0	0	0	0	0	0	0	0	0	0	0	1906	126	0	0	118	114	768	0	0	0	0	0	1006	116	598	168	0	0	0	0	0	0	0	0	0	0	204	108	0	0	0	0	
426404	Calcarine_R	0	1418	0	0	0	0	0	0	0	0	0	0	0	0	0	0	0	312	0	780	0	0	0	0	0	0	0	0	0	260	0	0	128	3292	288	3498	0	4738	0	2464	0	0	14946	0	9098	28698	348	29106	1694	19180	106	17962	0	10702	0	9602	0	894	140	306	0	302	0	464	0	1122	3036	26302	0	2674	0	0	0	0	0	0	0	0	0	0	0	0	0	0	0	9176	0	0	0	9992	0	0	0	0	0	0	0	0	0	0	0	0	0	0	0	0	0	0	0	0	174	0	0	0	0	0	
231060	Cuneus_L	100	0	0	0	0	0	0	0	0	0	0	0	0	0	0	0	0	0	0	0	0	0	0	0	0	0	0	0	0	0	0	0	1578	0	696	170	0	0	0	0	0	0	21862	9098	0	9768	1088	1162	18848	4374	7186	1912	920	896	502	230	3688	0	5332	0	602	0	0	0	0	0	18820	2074	3734	0	0	0	0	0	0	0	0	0	0	0	0	0	0	0	608	160	0	0	0	122	0	0	0	0	0	0	0	0	0	0	0	0	0	0	0	0	0	0	0	0	0	0	0	0	0	0	
367836	Cuneus_R	0	664	0	0	0	0	0	0	0	0	0	0	0	0	0	0	0	0	0	344	0	0	0	0	0	0	0	0	0	0	0	0	732	3072	108	1106	0	0	0	0	0	0	8566	28698	9768	0	0	6046	1756	40238	0	22044	0	5430	0	1062	0	2754	222	3328	0	1342	0	2302	0	2672	5832	24540	0	6372	0	0	0	0	0	0	0	0	0	0	0	0	0	0	0	2892	0	0	0	2028	0	0	0	0	0	0	0	0	0	0	0	0	0	0	0	0	0	0	0	0	0	0	0	0	0	0	
361344	Lingual_L	434	0	0	0	0	0	0	0	0	0	0	0	0	0	0	0	0	356	0	0	0	0	0	0	0	0	0	0	0	324	0	0	0	0	7136	494	3968	578	3974	0	0	0	23400	348	1088	0	0	3338	4396	0	3570	0	4696	174	25714	1176	602	0	602	0	0	0	0	0	0	0	13398	106	538	0	0	0	0	0	0	0	426	384	0	0	0	0	0	0	230	0	0	0	274	0	17566	2158	2548	136	310	254	15232	2220	21916	5254	128	0	208	0	0	0	0	0	0	0	4272	5484	1152	0	0	110	
442036	Lingual_R	0	1160	0	470	0	0	0	198	0	0	0	184	0	0	0	0	0	1004	0	722	0	0	0	0	0	0	0	0	0	1038	0	0	0	1460	244	6510	104	11382	0	6226	0	0	4388	29106	1162	6046	3338	0	210	4864	0	4496	0	7410	1222	30000	0	382	0	0	0	0	0	0	0	118	298	16412	0	1182	0	0	0	232	0	0	0	1050	0	0	0	178	0	0	0	2536	0	0	0	5198	7542	9814	1020	596	658	0	2014	3220	9454	18374	172	0	362	182	0	0	0	0	0	0	2704	12522	1854	0	0	0	
242900	Occipital_Sup_L	184	0	0	0	0	0	0	0	0	0	0	0	0	0	0	0	0	0	0	0	0	0	0	0	0	0	0	0	0	0	0	0	124	0	0	0	0	0	0	0	0	0	15378	1694	18848	1756	4396	210	0	444	28908	276	5594	124	1176	0	286	0	12016	0	3904	0	108	0	584	0	16324	458	136	0	0	0	0	0	0	0	0	0	0	0	388	0	0	0	7692	0	0	0	442	0	0	0	0	0	0	0	0	0	0	0	0	0	0	0	0	0	0	0	0	0	0	0	0	0	0	0	
354004	Occipital_Sup_R	0	940	0	0	0	0	0	0	0	0	0	0	0	0	0	0	0	0	0	266	0	0	0	0	0	0	0	0	0	0	0	0	718	2210	0	476	0	0	0	0	0	0	3480	19180	4374	40238	0	4864	444	0	0	32266	0	6008	0	1236	0	4288	0	7922	0	1816	0	3550	0	8734	3786	20454	0	7178	0	0	0	0	0	0	0	0	0	0	0	0	0	0	0	1748	0	0	0	826	0	0	0	0	0	0	0	0	0	0	0	0	0	0	0	0	0	0	0	0	0	0	0	0	0	0	
297220	Occipital_Mid_L	488	0	0	0	0	0	0	0	0	0	0	0	0	0	0	0	150	0	0	0	0	0	0	0	0	0	0	0	108	0	0	0	176	0	0	0	0	0	0	0	0	0	11844	106	7186	0	3570	0	28908	0	0	0	21148	0	2864	0	2714	0	12132	0	12324	0	878	0	11008	0	10538	0	752	0	0	0	0	0	0	0	0	0	0	0	262	0	0	0	19324	0	0	0	2130	0	0	0	0	0	0	0	0	0	0	0	0	0	0	0	0	0	0	0	0	0	0	0	0	0	0	0	
341824	Occipital_Mid_R	0	280	0	0	0	0	0	0	0	0	0	0	0	0	0	0	0	0	0	176	0	0	0	0	0	0	0	0	0	0	0	0	362	550	0	224	0	0	0	0	0	0	1408	17962	1912	22044	0	4496	276	32266	0	0	0	12902	0	2050	0	1894	0	4542	0	6658	0	5682	0	19820	2206	10248	0	3032	0	0	0	0	0	0	0	0	0	0	0	966	0	0	0	15498	0	0	0	3458	0	0	0	0	0	0	0	0	0	0	0	0	0	0	0	0	0	0	0	0	0	0	0	0	0	0	
159160	Occipital_Inf_L	1448	0	0	0	0	0	0	0	0	0	0	0	0	0	0	0	334	0	0	0	0	0	0	0	0	0	0	0	1562	0	0	0	0	0	1128	0	0	0	176	0	0	0	6386	0	920	0	4696	0	5594	0	21148	0	0	0	9664	0	1232	0	2382	0	1810	0	226	0	408	0	3512	0	1560	0	0	0	0	0	0	0	0	0	986	0	162	0	0	0	8476	0	0	0	5548	0	222	0	0	0	0	0	0	0	0	0	0	0	0	0	0	0	0	0	0	0	0	0	0	0	0	0	
143284	Occipital_Inf_R	0	0	0	0	0	0	0	0	0	0	0	0	0	0	0	0	0	0	0	108	0	0	0	0	0	0	0	0	0	0	0	0	0	134	0	0	0	0	0	0	0	0	1090	10702	896	5430	174	7410	124	6008	0	12902	0	0	0	8258	0	0	0	198	0	120	0	184	0	250	494	1990	0	218	0	0	0	0	0	0	0	0	0	0	0	0	0	0	0	5746	0	0	0	5500	0	664	0	0	0	0	0	130	124	1822	0	0	0	0	0	0	0	0	0	0	0	966	0	0	0	0	
564396	Fusiform_L	3264	0	1494	0	408	0	134	0	0	0	226	0	0	0	244	0	2142	0	1486	0	818	0	0	0	0	0	0	0	14608	0	0	0	0	0	2982	130	17302	160	9634	0	3478	0	6800	0	502	0	25714	1222	1176	0	2864	0	9664	0	0	0	632	0	0	0	0	0	0	0	110	0	5566	0	2360	0	146	0	4354	0	0	0	3742	254	3298	0	4610	0	5100	0	4486	0	2664	0	27254	0	34136	186	5456	0	696	0	18428	244	40576	1248	3106	0	1850	0	0	0	516	0	0	0	938	3230	560	0	0	0	
534992	Fusiform_R	0	2572	0	692	0	0	0	108	0	0	0	774	0	108	0	362	0	3418	0	2090	0	238	0	0	0	0	0	0	0	6178	0	0	0	290	0	3766	0	30800	0	21360	0	4098	552	9602	230	1062	1176	30000	0	1236	0	2050	0	8258	0	0	0	150	0	0	0	0	0	0	0	100	0	6156	0	1750	0	0	0	4166	0	154	0	678	0	128	0	538	0	7312	0	3932	0	4760	0	15820	1290	26900	126	902	188	1044	886	13706	1774	34328	0	144	152	714	0	658	0	0	0	0	3146	3564	450	364	496	0	
300756	Postcentral_L	16718	600	230	142	0	0	402	0	0	0	1806	0	0	0	0	0	12658	0	0	0	0	0	0	0	0	0	0	0	4538	0	0	0	0	0	708	164	1108	200	0	0	0	0	5046	0	3688	0	602	0	286	0	2714	0	1232	0	632	0	0	0	23278	0	21888	0	11522	0	1848	0	5464	0	5250	0	232	0	580	0	0	0	1006	346	1592	0	6458	0	0	0	10876	0	0	0	6456	0	0	0	0	0	0	0	0	0	108	0	0	0	0	0	0	0	0	0	0	0	0	0	0	0	0	0	
205068	Postcentral_R	0	18024	0	512	0	0	0	762	0	0	0	1050	0	0	0	0	0	6596	0	1478	0	0	0	0	0	0	0	0	0	1922	0	126	0	2180	0	722	0	318	0	0	0	0	0	894	0	2754	0	382	0	4288	0	1894	0	0	0	150	0	0	0	8404	0	10246	0	10064	0	2076	0	6022	0	15900	166	0	0	440	0	0	134	0	0	1440	0	1612	0	0	0	1098	0	0	0	880	0	0	0	0	0	0	0	0	0	0	0	0	0	0	0	0	0	0	0	0	0	0	0	0	0	0	
222344	Parietal_Sup_L	2082	0	0	0	0	0	0	0	0	0	0	0	0	0	0	0	1958	0	0	0	0	0	0	0	0	0	0	0	200	0	0	0	0	0	332	0	0	0	0	0	0	0	4090	140	5332	222	602	0	12016	0	12132	0	2382	0	0	0	23278	0	0	0	11646	0	2026	0	1378	0	11612	490	1978	0	0	0	0	0	0	0	0	0	0	0	1354	0	0	0	10766	0	0	0	5156	0	0	0	0	0	0	0	0	0	0	0	0	0	0	0	0	0	0	0	0	0	0	0	0	0	0	0	
117700	Parietal_Sup_R	0	274	0	0	0	0	0	0	0	0	0	0	0	0	0	0	0	234	0	0	0	0	0	0	0	0	0	0	0	0	0	0	0	220	0	0	0	0	0	0	0	0	0	306	0	3328	0	0	0	7922	0	4542	0	198	0	0	0	8404	0	0	0	10516	0	5946	0	5202	390	6358	0	3324	0	0	0	0	0	0	0	0	0	0	0	368	0	0	0	1214	0	0	0	104	0	0	0	0	0	0	0	0	0	0	0	0	0	0	0	0	0	0	0	0	0	0	0	0	0	0	
191224	Parietal_Inf_L	948	0	0	0	0	0	0	0	0	0	0	0	0	0	0	0	692	0	0	0	0	0	0	0	0	0	0	0	0	0	0	0	0	0	0	0	0	0	0	0	0	0	446	0	602	0	0	0	3904	0	12324	0	1810	0	0	0	21888	0	11646	0	0	0	16042	0	11780	0	930	0	240	0	0	0	0	0	0	0	0	0	132	0	2128	0	0	0	8596	0	0	0	1504	0	0	0	0	0	0	0	0	0	0	0	0	0	0	0	0	0	0	0	0	0	0	0	0	0	0	0	
144816	Parietal_Inf_R	0	836	0	0	0	0	0	0	0	0	0	0	0	0	0	0	0	716	0	0	0	0	0	0	0	0	0	0	0	0	0	0	0	296	0	0	0	0	0	0	0	0	0	302	0	1342	0	0	0	1816	0	6658	0	120	0	0	0	10246	0	10516	0	0	0	20286	0	13368	122	1340	0	1664	0	0	0	0	0	0	0	0	0	0	0	880	0	0	0	1782	0	0	0	118	0	0	0	0	0	0	0	0	0	0	0	0	0	0	0	0	0	0	0	0	0	0	0	0	0	0	
105944	SupraMarginal_L	320	0	0	0	0	0	0	0	0	0	0	0	0	0	0	0	1542	0	0	0	0	0	0	0	0	0	0	0	350	0	0	0	0	0	0	0	0	0	0	0	0	0	0	0	0	0	0	0	108	0	878	0	226	0	0	0	11522	0	2026	0	16042	0	0	0	2108	0	0	0	0	0	0	0	0	0	0	0	0	0	122	0	6752	0	0	0	10406	0	0	0	570	0	0	0	0	0	0	0	0	0	0	0	0	0	0	0	0	0	0	0	0	0	0	0	0	0	0	0	
176756	SupraMarginal_R	0	1614	0	0	0	0	0	0	0	0	0	0	0	0	0	0	0	3136	0	136	0	0	0	0	0	0	0	0	0	388	0	0	0	770	0	0	0	0	0	0	0	0	0	464	0	2302	0	0	0	3550	0	5682	0	184	0	0	0	10064	0	5946	0	20286	0	0	0	11392	138	2668	0	2660	0	0	0	0	0	0	0	0	0	2404	0	6960	0	0	0	7156	0	0	0	478	0	0	0	0	0	0	0	0	0	0	0	0	0	0	0	0	0	0	0	0	0	0	0	0	0	0	
67888	Angular_L	0	0	0	0	0	0	0	0	0	0	0	0	0	0	0	0	0	0	0	0	0	0	0	0	0	0	0	0	0	0	0	0	0	0	0	0	0	0	0	0	0	0	0	0	0	0	0	0	584	0	11008	0	408	0	110	0	1848	0	1378	0	11780	0	2108	0	0	0	238	0	0	0	0	0	0	0	0	0	0	0	0	0	196	0	0	0	4090	0	0	0	196	0	0	0	0	0	0	0	0	0	0	0	0	0	0	0	0	0	0	0	0	0	0	0	0	0	0	0	
159352	Angular_R	0	202	0	0	0	0	0	0	0	0	0	0	0	0	0	0	0	302	0	0	0	0	0	0	0	0	0	0	0	0	0	0	0	496	0	0	0	0	0	0	0	0	0	1122	0	2672	0	118	0	8734	0	19820	0	250	0	100	0	2076	0	5202	0	13368	0	11392	0	0	148	2588	0	1158	0	0	0	0	0	0	0	0	0	314	0	3900	0	0	0	5494	0	0	0	220	0	0	0	0	0	0	0	0	0	0	0	0	0	0	0	0	0	0	0	0	0	0	0	0	0	0	
362320	Precuneus_L	1280	328	0	0	0	0	0	0	0	0	0	0	0	0	0	0	0	108	556	408	0	0	0	0	0	0	0	0	138	102	0	0	6694	1958	14148	2166	1794	270	1028	0	0	0	25162	3036	18820	5832	13398	298	16324	3786	10538	2206	3512	494	5566	0	5464	0	11612	390	930	122	0	138	238	148	0	9500	5350	1410	0	0	0	0	0	0	0	0	0	0	116	0	0	0	3914	106	0	0	232	0	346	0	0	0	0	0	732	0	350	0	0	0	0	0	0	0	0	0	0	0	112	0	0	0	0	0	
447792	Precuneus_R	0	2490	0	0	0	0	0	0	0	0	0	0	0	0	0	0	0	802	126	2414	0	0	0	0	0	0	0	0	0	806	0	0	2836	14574	2012	12490	432	9290	420	4594	0	0	1416	26302	2074	24540	106	16412	458	20454	0	10248	0	1990	0	6156	0	6022	490	6358	0	1340	0	2668	0	2588	9500	0	126	13676	0	0	0	0	0	0	0	468	0	422	0	1336	0	0	0	7520	0	0	0	7232	0	0	0	0	0	0	0	220	0	0	0	0	0	0	0	0	0	0	0	0	488	0	0	0	0	0	
213328	Paracentral_Lobule_L	25598	5006	3488	2846	0	0	454	0	0	0	0	0	0	0	0	0	102	0	9162	9444	0	0	0	0	0	0	0	0	142	0	0	0	2742	5618	3928	834	488	0	0	0	0	0	5000	0	3734	0	538	0	136	0	752	0	1560	0	2360	0	5250	0	1978	0	240	0	0	0	0	0	5350	126	0	3408	506	382	0	0	0	0	4260	718	0	0	0	0	0	0	276	0	0	0	238	0	0	0	0	0	0	0	0	0	0	0	0	0	0	0	0	0	0	0	0	0	0	0	0	0	0	0	
255296	Paracentral_Lobule_R	2384	12096	0	688	0	0	0	0	0	0	0	0	0	0	0	0	0	1336	442	17088	0	0	0	0	0	0	0	0	0	1128	0	0	166	11922	448	5030	0	1676	0	552	0	0	158	2674	0	6372	0	1182	0	7178	0	3032	0	218	0	1750	0	15900	0	3324	0	1664	0	2660	0	1158	1410	13676	3408	0	0	124	0	0	0	0	0	390	0	456	0	1040	0	0	0	2582	0	0	0	2336	0	0	0	0	0	0	0	0	0	0	0	0	0	0	0	0	0	0	0	0	0	0	0	0	0	0	
202488	Caudate_L	4510	4088	6942	4666	456	114	3430	1764	0	0	322	156	106	0	126	0	140	108	5442	3052	4674	4344	1164	226	808	118	1380	528	5654	150	6776	3466	0	916	350	372	1268	886	332	0	0	0	0	0	0	0	0	0	0	0	0	0	0	0	146	0	232	166	0	0	0	0	0	0	0	0	0	0	506	0	0	6342	10894	378	1734	0	10498	1514	0	0	0	0	0	0	0	0	0	0	0	0	0	0	0	0	0	0	0	0	0	0	0	0	0	0	0	0	0	0	0	0	0	0	0	0	0	0	
264264	Caudate_R	874	2038	678	23758	0	2432	452	1612	0	0	0	3610	0	1144	0	454	0	1146	954	16322	1134	2158	856	4128	0	2750	0	2128	196	4896	4352	14512	0	432	0	174	0	232	0	118	0	0	0	0	0	0	0	0	0	0	0	0	0	0	0	0	0	0	0	0	0	0	0	0	0	0	0	0	382	124	6342	0	1458	11608	0	1114	628	16760	0	0	0	0	0	176	0	0	0	0	0	0	0	0	0	0	0	0	0	0	0	0	0	0	0	0	0	0	0	0	0	0	0	0	0	0	0	0	
309084	Putamen_L	4810	1422	22600	892	1614	0	5882	360	380	0	3402	0	1422	0	906	0	2252	0	17786	650	1244	1162	5928	102	734	0	838	102	22918	0	9916	1276	114	110	0	0	9202	240	1194	0	1130	0	0	0	0	0	0	0	0	0	0	0	0	0	4354	0	580	0	0	0	0	0	0	0	0	0	0	0	0	0	10894	1458	0	258	4796	0	7956	214	248	0	1222	0	564	0	0	0	0	0	1410	0	0	0	0	0	0	0	0	0	0	0	0	0	0	0	0	0	0	0	0	0	0	0	0	0	0	0	
235924	Putamen_R	0	2362	158	16984	0	1154	0	3700	0	0	0	6244	0	1288	0	578	0	4960	540	10682	0	262	428	2818	0	784	0	242	0	14282	2112	7758	0	168	0	0	0	10806	0	7254	0	2200	0	0	0	0	0	232	0	0	0	0	0	0	0	4166	0	440	0	0	0	0	0	0	0	0	0	0	0	0	378	11608	258	0	0	2746	0	0	0	202	0	0	0	168	0	0	0	0	0	0	0	0	0	0	0	0	0	0	0	0	0	0	0	0	0	0	0	0	0	0	0	0	0	0	0	0	
33780	Pallidum_L	550	456	2006	270	0	0	546	0	0	0	0	0	0	0	0	0	150	0	3732	214	0	0	0	0	0	0	0	0	274	0	0	0	0	0	0	0	812	0	0	0	0	0	0	0	0	0	0	0	0	0	0	0	0	0	0	0	0	0	0	0	0	0	0	0	0	0	0	0	0	0	1734	0	4796	0	0	0	1350	0	0	0	0	0	0	0	0	0	0	0	0	0	0	0	0	0	0	0	0	0	0	0	0	0	0	0	0	0	0	0	0	0	0	0	0	0	0	0	
20016	Pallidum_R	0	0	0	2298	0	0	0	814	0	0	0	112	0	0	0	0	0	0	0	2194	0	0	0	0	0	0	0	0	0	0	0	0	0	0	0	0	0	296	0	280	0	0	0	0	0	0	0	0	0	0	0	0	0	0	0	154	0	0	0	0	0	0	0	0	0	0	0	0	0	0	0	1114	0	2746	0	0	0	0	0	0	0	0	0	0	0	0	0	0	0	0	0	0	0	0	0	0	0	0	0	0	0	0	0	0	0	0	0	0	0	0	0	0	0	0	0	0	
264536	Thalamus_L	13528	1984	15280	2164	0	0	6156	540	0	0	1290	0	0	0	0	0	1868	0	12240	664	0	0	0	0	0	0	0	0	15754	122	114	0	0	0	894	1236	10780	1170	4144	0	0	0	0	0	0	0	426	0	0	0	0	0	0	0	3742	0	1006	134	0	0	0	0	0	0	0	0	0	0	4260	0	10498	628	7956	0	1350	0	0	5684	1004	0	444	0	0	0	160	0	0	0	2850	0	694	0	0	0	0	0	526	0	978	0	0	0	0	0	0	0	0	0	0	0	0	0	0	0	0	0	
175496	Thalamus_R	1078	3232	658	17186	0	0	138	1054	0	0	0	508	0	174	0	0	392	1430	672	8816	0	0	0	0	0	0	0	0	1134	1572	0	0	0	378	3178	3926	4054	5880	2244	352	0	0	0	0	0	0	384	1050	0	0	0	0	0	0	254	678	346	0	0	0	0	0	0	0	0	0	0	468	718	390	1514	16760	214	0	0	0	5684	0	488	0	0	0	0	0	0	0	0	0	216	528	0	0	0	0	0	0	0	0	0	0	0	0	0	0	0	0	0	0	0	0	0	0	0	0	0	0	
82160	Heschl_L	768	0	276	0	0	0	0	0	0	0	182	0	0	0	0	0	7796	0	178	0	0	0	0	0	0	0	0	0	10382	0	0	0	0	0	350	380	1710	416	0	0	0	0	0	0	0	0	0	0	0	0	0	0	986	0	3298	0	1592	0	0	0	132	0	122	0	0	0	0	0	0	0	0	0	248	0	0	0	1004	488	0	0	3912	0	0	0	1818	0	0	0	5042	0	0	0	0	0	0	0	0	0	0	0	0	0	0	0	0	0	0	0	0	0	0	0	0	0	0	0	
38288	Heschl_R	0	862	0	0	0	0	0	0	0	0	0	512	0	0	0	0	0	4178	0	128	0	0	0	0	0	0	0	0	0	2096	0	0	0	130	110	146	106	480	100	0	0	0	0	0	0	0	0	0	0	0	0	0	0	0	0	128	0	1440	0	0	0	0	0	2404	0	314	0	422	0	456	0	0	0	202	0	0	0	0	0	0	0	4198	0	0	0	516	0	0	0	216	0	0	0	0	0	0	0	0	0	0	0	0	0	0	0	0	0	0	0	0	0	0	0	0	0	0	
192096	Temporal_Sup_L	2580	0	2732	0	238	0	834	0	0	0	4790	0	1524	0	0	0	12152	0	2092	140	320	0	0	0	0	0	0	0	9736	0	0	0	0	132	0	0	1290	0	196	0	0	0	0	0	0	0	0	0	388	0	262	0	162	0	4610	0	6458	0	1354	0	2128	0	6752	0	196	0	116	0	0	0	0	0	1222	0	0	0	444	0	3912	0	0	0	2692	0	17900	0	0	0	8484	0	112	0	0	0	0	0	0	0	100	0	0	0	0	0	0	0	0	0	0	0	0	0	0	0	0	0	
88548	Temporal_Sup_R	0	734	0	0	0	0	0	0	0	0	0	388	0	0	0	0	0	3002	0	224	0	0	0	0	0	0	0	0	0	4000	0	0	0	376	0	0	0	1108	0	246	0	0	0	0	0	0	0	178	0	0	0	966	0	0	0	538	0	1612	0	368	0	880	0	6960	0	3900	0	1336	0	1040	0	0	0	0	0	0	0	0	0	4198	0	0	0	1640	0	9158	0	0	0	1172	0	124	0	0	0	0	0	0	0	126	0	0	0	0	0	0	0	0	0	0	0	0	0	0	0	0	
76444	Temporal_Pole_Sup_L	0	0	852	0	308	0	508	0	0	0	1708	0	1850	0	684	0	980	0	430	0	690	0	0	0	0	0	0	0	3242	0	0	0	0	0	0	0	1228	0	1122	0	1322	0	0	0	0	0	0	0	0	0	0	0	0	0	5100	0	0	0	0	0	0	0	0	0	0	0	0	0	0	0	0	0	564	0	0	0	0	0	0	0	2692	0	0	0	4030	0	4338	0	6574	0	0	0	0	0	0	0	0	0	0	0	0	0	0	0	0	0	0	0	0	0	0	0	0	0	0	0	
49828	Temporal_Pole_Sup_R	0	0	0	192	0	0	0	0	0	0	0	244	0	0	0	390	0	230	0	192	0	198	0	0	0	0	0	0	0	738	0	0	0	0	0	0	0	1750	0	2620	0	2258	0	0	0	0	0	0	0	0	0	0	0	0	0	7312	0	0	0	0	0	0	0	0	0	0	0	0	0	0	0	176	0	168	0	0	0	0	0	0	0	1640	0	0	0	1296	0	3692	0	1818	0	0	0	0	0	0	0	0	0	0	0	0	0	0	0	0	0	0	0	0	0	0	0	0	0	0	
321540	Temporal_Mid_L	308	0	0	0	0	0	0	0	0	0	0	0	0	0	0	0	5142	0	0	0	0	0	0	0	0	0	0	0	2312	0	0	0	0	0	0	0	0	0	0	0	0	0	1906	0	608	0	230	0	7692	0	19324	0	8476	0	4486	0	10876	0	10766	0	8596	0	10406	0	4090	0	3914	0	276	0	0	0	0	0	0	0	160	0	1818	0	17900	0	4030	0	0	0	5560	0	31894	0	0	0	0	0	0	0	0	0	0	0	0	0	0	0	0	0	0	0	0	0	0	0	0	0	0	0	
223012	Temporal_Mid_R	0	776	0	0	0	0	0	0	0	0	0	0	0	0	0	0	0	178	0	1024	0	0	0	0	0	0	0	0	0	1388	0	0	0	1856	0	286	0	518	0	146	0	0	126	9176	160	2892	0	2536	0	1748	0	15498	0	5746	0	3932	0	1098	0	1214	0	1782	0	7156	0	5494	106	7520	0	2582	0	0	0	0	0	0	0	0	0	516	0	9158	0	1296	0	0	0	648	0	24950	0	0	0	0	0	0	0	0	0	0	0	0	0	0	0	0	0	0	0	0	0	0	0	0	0	0	
35400	Temporal_Pole_Mid_L	0	0	0	0	0	0	0	0	0	0	0	0	0	0	0	0	0	0	0	0	0	0	0	0	0	0	0	0	146	0	0	0	0	0	0	0	0	0	0	0	0	0	0	0	0	0	0	0	0	0	0	0	0	0	2664	0	0	0	0	0	0	0	0	0	0	0	0	0	0	0	0	0	0	0	0	0	0	0	0	0	0	0	4338	0	5560	0	0	0	4992	0	0	0	0	0	0	0	0	0	0	0	0	0	0	0	0	0	0	0	0	0	0	0	0	0	0	0	
24648	Temporal_Pole_Mid_R	0	0	0	0	0	0	0	0	0	0	0	0	0	0	0	0	0	0	0	0	0	0	0	0	0	0	0	0	0	0	0	0	0	0	0	0	0	0	0	728	0	0	0	0	0	0	0	0	0	0	0	0	0	0	0	4760	0	0	0	0	0	0	0	0	0	0	0	0	0	0	0	0	0	0	0	0	0	0	0	0	0	0	0	3692	0	648	0	0	0	2496	0	0	0	0	0	0	0	0	0	0	0	0	0	0	0	0	0	0	0	0	0	0	0	0	0	0	
307892	Temporal_Inf_L	536	0	728	0	156	0	148	0	0	0	118	0	0	0	0	0	5544	0	684	0	382	0	0	0	0	0	0	0	11872	0	0	0	0	0	140	0	7640	118	2988	0	1220	0	118	0	0	0	274	0	442	0	2130	0	5548	0	27254	0	6456	0	5156	0	1504	0	570	0	196	0	232	0	238	0	0	0	1410	0	0	0	2850	216	5042	0	8484	0	6574	0	31894	0	4992	0	0	0	4756	0	1008	0	0	0	1282	0	2386	0	446	0	214	0	0	0	0	0	0	0	0	0	0	0	0	0	
206040	Temporal_Inf_R	0	738	0	236	0	0	0	0	0	0	0	0	0	0	0	0	0	1462	0	1538	0	0	0	0	0	0	0	0	0	3426	0	0	0	1942	0	764	0	2094	0	268	0	0	114	9992	122	2028	0	5198	0	826	0	3458	0	5500	0	15820	0	880	0	104	0	118	0	478	0	220	0	7232	0	2336	0	0	0	0	0	0	0	528	0	216	0	1172	0	1818	0	24950	0	2496	0	0	0	3348	0	640	0	0	0	0	0	564	0	102	0	292	0	0	0	0	0	0	0	0	0	0	0	0	
633036	Cerebelum_Crus1_L	0	0	0	0	0	0	0	0	0	0	0	0	0	0	0	0	0	0	0	0	0	0	0	0	0	0	0	0	476	0	0	0	0	0	226	0	1140	0	920	0	0	0	768	0	0	0	17566	7542	0	0	0	0	222	0	34136	1290	0	0	0	0	0	0	0	0	0	0	346	0	0	0	0	0	0	0	0	0	694	0	0	0	112	0	0	0	0	0	0	0	4756	0	0	4910	48894	1926	4994	778	28400	2874	70022	12484	15582	450	16510	1106	3158	422	1170	0	0	180	5694	16958	7896	794	850	272	
447836	Cerebelum_Crus1_R	0	0	0	0	0	0	0	0	0	0	0	0	0	0	0	0	0	0	0	0	0	0	0	0	0	0	0	0	0	0	0	0	0	0	0	0	0	1882	0	1028	0	0	0	0	0	0	2158	9814	0	0	0	0	0	664	186	26900	0	0	0	0	0	0	0	0	0	0	0	0	0	0	0	0	0	0	0	0	0	0	0	0	0	124	0	0	0	0	0	0	0	3348	4910	0	2054	33376	632	2538	1690	14624	4232	59864	864	9140	1508	17674	198	982	0	342	0	0	5198	7948	8060	850	1130	0	
334956	Cerebelum_Crus2_L	0	0	0	0	0	0	0	0	0	0	0	0	0	0	0	0	0	0	0	0	0	0	0	0	0	0	0	0	0	0	0	0	0	0	0	0	0	0	116	0	0	0	0	0	0	0	2548	1020	0	0	0	0	0	0	5456	126	0	0	0	0	0	0	0	0	0	0	0	0	0	0	0	0	0	0	0	0	0	0	0	0	0	0	0	0	0	0	0	0	1008	0	48894	2054	0	4842	1158	114	3582	472	12042	3058	32416	2916	25556	1838	3172	108	1784	0	0	0	660	3922	6106	1918	592	0	
261328	Cerebelum_Crus2_R	0	0	0	0	0	0	0	0	0	0	0	0	0	0	0	0	0	0	0	0	0	0	0	0	0	0	0	0	0	0	0	0	0	0	0	0	0	0	0	0	0	0	0	0	0	0	136	596	0	0	0	0	0	0	0	902	0	0	0	0	0	0	0	0	0	0	0	0	0	0	0	0	0	0	0	0	0	0	0	0	0	0	0	0	0	0	0	0	0	640	1926	33376	4842	0	142	108	140	784	748	9018	3342	26168	3896	26826	450	760	0	916	0	0	196	1764	9480	3056	452	0	
61836	Cerebelum_3_L	0	0	0	0	0	0	0	0	0	0	0	0	0	0	0	0	0	0	0	0	0	0	0	0	0	0	0	0	0	0	0	0	0	0	0	0	0	0	0	0	0	0	0	0	0	0	310	658	0	0	0	0	0	0	696	188	0	0	0	0	0	0	0	0	0	0	0	0	0	0	0	0	0	0	0	0	0	0	0	0	0	0	0	0	0	0	0	0	0	0	4994	632	1158	142	0	144	7654	428	5092	1504	0	0	698	264	1610	106	0	0	270	1124	1016	1194	552	262	222	0	
50376	Cerebelum_3_R	0	0	0	0	0	0	0	0	0	0	0	0	0	0	0	0	0	0	0	0	0	0	0	0	0	0	0	0	0	0	0	0	0	0	0	0	0	0	0	0	0	0	0	0	0	0	254	0	0	0	0	0	0	0	0	1044	0	0	0	0	0	0	0	0	0	0	0	0	0	0	0	0	0	0	0	0	0	0	0	0	0	0	0	0	0	0	0	0	0	0	778	2538	114	108	144	0	1210	5944	1024	6140	0	0	0	0	0	508	0	0	682	944	2670	426	0	150	406	104	
333540	Cerebelum_4_5_L	0	0	0	0	0	0	0	0	0	0	0	0	0	0	0	0	0	0	0	0	0	0	0	0	0	0	0	0	180	0	0	0	0	0	818	0	1346	0	1306	0	0	0	1006	0	0	0	15232	2014	0	0	0	0	0	0	18428	886	0	0	0	0	0	0	0	0	0	0	732	0	0	0	0	0	0	0	0	0	526	0	0	0	0	0	0	0	0	0	0	0	1282	0	28400	1690	3582	140	7654	1210	0	5518	41288	6732	1472	0	2056	218	2468	628	976	0	186	786	11470	4260	458	190	444	1188	
229564	Cerebelum_4_5_R	0	0	0	0	0	0	0	0	0	0	0	0	0	0	0	0	0	0	0	0	0	0	0	0	0	0	0	0	0	0	0	0	0	0	0	0	0	766	0	1712	0	0	116	0	0	0	2220	3220	0	0	0	0	0	130	244	13706	0	0	0	0	0	0	0	0	0	0	0	220	0	0	0	0	0	0	0	0	0	0	0	0	0	0	0	0	0	0	0	0	0	0	2874	14624	472	784	428	5944	5518	0	3968	32930	144	100	334	920	148	3144	0	424	310	248	14328	1728	860	756	1164	298	
566448	Cerebelum_6_L	0	0	0	0	0	0	0	0	0	0	0	0	0	0	0	0	0	0	0	0	0	0	0	0	0	0	0	0	578	0	0	0	0	0	220	0	1532	0	1374	0	0	0	598	0	0	0	21916	9454	0	0	0	0	0	124	40576	1774	108	0	0	0	0	0	0	0	0	0	350	0	0	0	0	0	0	0	0	0	978	0	0	0	100	0	0	0	0	0	0	0	2386	0	70022	4232	12042	748	5092	1024	41288	3968	0	14610	4568	0	4336	284	2374	338	764	0	102	208	8398	19882	5398	340	638	500	
543964	Cerebelum_6_R	0	0	0	0	0	0	0	0	0	0	0	0	0	0	0	0	0	0	0	0	0	0	0	0	0	0	0	0	0	0	0	0	0	0	0	0	0	2130	0	1302	0	0	168	0	0	0	5254	18374	0	0	0	0	0	1822	1248	34328	0	0	0	0	0	0	0	0	0	0	0	0	0	0	0	0	0	0	0	0	0	0	0	0	0	126	0	0	0	0	0	0	0	564	12484	59864	3058	9018	1504	6140	6732	32930	14610	0	780	1206	2056	5346	544	3792	0	488	192	194	13784	19102	7694	1588	2740	820	
234564	Cerebelum_7b_L	0	0	0	0	0	0	0	0	0	0	0	0	0	0	0	0	0	0	0	0	0	0	0	0	0	0	0	0	0	0	0	0	0	0	0	0	0	0	0	0	0	0	0	0	0	0	128	172	0	0	0	0	0	0	3106	0	0	0	0	0	0	0	0	0	0	0	0	0	0	0	0	0	0	0	0	0	0	0	0	0	0	0	0	0	0	0	0	0	446	0	15582	864	32416	3342	0	0	1472	144	4568	780	0	3920	32056	3410	3514	0	2416	0	0	0	222	666	3946	4112	0	0	
182864	Cerebelum_7b_R	0	0	0	0	0	0	0	0	0	0	0	0	0	0	0	0	0	0	0	0	0	0	0	0	0	0	0	0	0	0	0	0	0	0	0	0	0	0	0	0	0	0	0	0	0	0	0	0	0	0	0	0	0	0	0	144	0	0	0	0	0	0	0	0	0	0	0	0	0	0	0	0	0	0	0	0	0	0	0	0	0	0	0	0	0	0	0	0	0	102	450	9140	2916	26168	0	0	0	100	0	1206	3920	0	4358	29204	242	2860	0	1316	0	0	0	180	4348	4444	334	0	
288952	Cerebelum_8_L	0	0	0	0	0	0	0	0	0	0	0	0	0	0	0	0	0	0	0	0	0	0	0	0	0	0	0	0	0	0	0	0	0	0	0	0	0	0	0	0	0	0	0	0	0	0	208	362	0	0	0	0	0	0	1850	152	0	0	0	0	0	0	0	0	0	0	0	0	0	0	0	0	0	0	0	0	0	0	0	0	0	0	0	0	0	0	0	0	214	0	16510	1508	25556	3896	698	0	2056	334	4336	2056	32056	4358	0	6958	18966	688	5134	0	0	0	342	1086	6190	7222	1740	0	
258820	Cerebelum_8_R	0	0	0	0	0	0	0	0	0	0	0	0	0	0	0	0	0	0	0	0	0	0	0	0	0	0	0	0	0	0	0	0	0	0	0	0	0	0	0	0	0	0	0	0	0	0	0	182	0	0	0	0	0	0	0	714	0	0	0	0	0	0	0	0	0	0	0	0	0	0	0	0	0	0	0	0	0	0	0	0	0	0	0	0	0	0	0	0	0	292	1106	17674	1838	26826	264	0	218	920	284	5346	3410	29204	6958	0	1502	13924	0	4414	0	0	0	468	5776	6372	1718	0	
101756	Cerebelum_9_L	0	0	0	0	0	0	0	0	0	0	0	0	0	0	0	0	0	0	0	0	0	0	0	0	0	0	0	0	0	0	0	0	0	0	0	0	0	0	0	0	0	0	0	0	0	0	0	0	0	0	0	0	0	0	0	0	0	0	0	0	0	0	0	0	0	0	0	0	0	0	0	0	0	0	0	0	0	0	0	0	0	0	0	0	0	0	0	0	0	0	3158	198	3172	450	1610	0	2468	148	2374	544	3514	242	18966	1502	0	1054	5282	0	0	0	306	572	1484	1818	2016	0	
91088	Cerebelum_9_R	0	0	0	0	0	0	0	0	0	0	0	0	0	0	0	0	0	0	0	0	0	0	0	0	0	0	0	0	0	0	0	0	0	0	0	0	0	0	0	358	0	0	0	0	0	0	0	0	0	0	0	0	0	0	0	658	0	0	0	0	0	0	0	0	0	0	0	0	0	0	0	0	0	0	0	0	0	0	0	0	0	0	0	0	0	0	0	0	0	0	422	982	108	760	106	508	628	3144	338	3792	0	2860	688	13924	1054	0	0	4784	130	0	1126	1102	1368	2024	3708	972	
36084	Cerebelum_10_L	0	0	0	0	0	0	0	0	0	0	0	0	0	0	0	0	0	0	0	0	0	0	0	0	0	0	0	0	0	0	0	0	0	0	0	0	0	0	0	0	0	0	0	0	0	0	0	0	0	0	0	0	0	0	516	0	0	0	0	0	0	0	0	0	0	0	0	0	0	0	0	0	0	0	0	0	0	0	0	0	0	0	0	0	0	0	0	0	0	0	1170	0	1784	0	0	0	976	0	764	0	2416	0	5134	0	5282	0	0	0	0	0	0	0	0	0	0	0	
25368	Cerebelum_10_R	0	0	0	0	0	0	0	0	0	0	0	0	0	0	0	0	0	0	0	0	0	0	0	0	0	0	0	0	0	0	0	0	0	0	0	0	0	0	0	0	0	0	0	0	0	0	0	0	0	0	0	0	0	0	0	0	0	0	0	0	0	0	0	0	0	0	0	0	0	0	0	0	0	0	0	0	0	0	0	0	0	0	0	0	0	0	0	0	0	0	0	342	0	916	0	0	0	424	0	488	0	1316	0	4414	0	4784	0	0	0	0	0	0	0	0	0	0	
13012	Vermis_1_2	0	0	0	0	0	0	0	0	0	0	0	0	0	0	0	0	0	0	0	0	0	0	0	0	0	0	0	0	0	0	0	0	0	0	0	0	0	0	0	0	0	0	0	0	0	0	0	0	0	0	0	0	0	0	0	0	0	0	0	0	0	0	0	0	0	0	0	0	0	0	0	0	0	0	0	0	0	0	0	0	0	0	0	0	0	0	0	0	0	0	0	0	0	0	270	682	186	310	102	192	0	0	0	0	0	130	0	0	0	3638	886	0	0	0	110	0	
16628	Vermis_3	0	0	0	0	0	0	0	0	0	0	0	0	0	0	0	0	0	0	0	0	0	0	0	0	0	0	0	0	0	0	0	0	0	0	0	0	0	0	0	0	0	0	0	0	0	0	0	0	0	0	0	0	0	0	0	0	0	0	0	0	0	0	0	0	0	0	0	0	0	0	0	0	0	0	0	0	0	0	0	0	0	0	0	0	0	0	0	0	0	0	180	0	0	0	1124	944	786	248	208	194	0	0	0	0	0	0	0	0	3638	0	992	0	0	0	0	0	
174612	Vermis_4_5	0	0	0	0	0	0	0	0	0	0	0	0	0	0	0	0	0	0	0	0	0	0	0	0	0	0	0	0	0	0	0	0	0	0	0	258	0	368	0	206	0	0	204	174	0	0	4272	2704	0	0	0	0	0	0	938	3146	0	0	0	0	0	0	0	0	0	0	112	488	0	0	0	0	0	0	0	0	0	0	0	0	0	0	0	0	0	0	0	0	0	0	5694	5198	660	196	1016	2670	11470	14328	8398	13784	222	0	342	0	306	1126	0	0	886	992	0	4166	274	246	784	1678	
244784	Vermis_6	0	0	0	0	0	0	0	0	0	0	0	0	0	0	0	0	0	0	0	0	0	0	0	0	0	0	0	0	0	0	0	0	0	0	0	0	0	0	0	0	0	0	108	0	0	0	5484	12522	0	0	0	0	0	966	3230	3564	0	0	0	0	0	0	0	0	0	0	0	0	0	0	0	0	0	0	0	0	0	0	0	0	0	0	0	0	0	0	0	0	0	0	16958	7948	3922	1764	1194	426	4260	1728	19882	19102	666	180	1086	468	572	1102	0	0	0	0	4166	0	7316	368	1244	2166	
177752	Vermis_7	0	0	0	0	0	0	0	0	0	0	0	0	0	0	0	0	0	0	0	0	0	0	0	0	0	0	0	0	0	0	0	0	0	0	0	0	0	0	0	194	0	0	0	0	0	0	1152	1854	0	0	0	0	0	0	560	450	0	0	0	0	0	0	0	0	0	0	0	0	0	0	0	0	0	0	0	0	0	0	0	0	0	0	0	0	0	0	0	0	0	0	7896	8060	6106	9480	552	0	458	860	5398	7694	3946	4348	6190	5776	1484	1368	0	0	0	0	274	7316	0	4802	2526	132	
