data	data	475400	248416	755584	638084	137120	80760	393280	199268	66212	55788	183064	144044	317028	159292	128720	101584	170664	106492	641772	818964	45192	40316	333144	352276	55244	78372	41108	46668	464700	235936	234852	518444	122532	529764	81564	127532	158784	191280	40120	102244	33652	48044	203284	310552	165596	272504	260584	235876	212688	316196	489168	287512	194552	87472	241368	281856	251080	173348	128992	120956	236628	116564	177104	92180	176092	113212	286352	343196	267288	157668	278852	326440	278168	262740	48264	39916	203840	149080	59304	14872	181616	144272	85080	49380	348888	211016	25540	20748	327512	185292	482516	312908	358068	278056	27792	47500	261792	179552	478712	404280	284016	122036	429768	294320	65248	232468	11912	32216	42728	69088	201108	333084	339424	197864	178660	53124	
data	data	Precentral_L	Precentral_R	Frontal_Sup_L	Frontal_Sup_R	Frontal_Sup_Orb_L	Frontal_Sup_Orb_R	Frontal_Mid_L	Frontal_Mid_R	Frontal_Mid_Orb_L	Frontal_Mid_Orb_R	Frontal_Inf_Oper_L	Frontal_Inf_Oper_R	Frontal_Inf_Tri_L	Frontal_Inf_Tri_R	Frontal_Inf_Orb_L	Frontal_Inf_Orb_R	Rolandic_Oper_L	Rolandic_Oper_R	Supp_Motor_Area_L	Supp_Motor_Area_R	Olfactory_L	Olfactory_R	Frontal_Sup_Medial_L	Frontal_Sup_Medial_R	Frontal_Med_Orb_L	Frontal_Med_Orb_R	Rectus_L	Rectus_R	Insula_L	Insula_R	Cingulum_Ant_L	Cingulum_Ant_R	Cingulum_Mid_L	Cingulum_Mid_R	Cingulum_Post_L	Cingulum_Post_R	Hippocampus_L	Hippocampus_R	ParaHippocampal_L	ParaHippocampal_R	Amygdala_L	Amygdala_R	Calcarine_L	Calcarine_R	Cuneus_L	Cuneus_R	Lingual_L	Lingual_R	Occipital_Sup_L	Occipital_Sup_R	Occipital_Mid_L	Occipital_Mid_R	Occipital_Inf_L	Occipital_Inf_R	Fusiform_L	Fusiform_R	Postcentral_L	Postcentral_R	Parietal_Sup_L	Parietal_Sup_R	Parietal_Inf_L	Parietal_Inf_R	SupraMarginal_L	SupraMarginal_R	Angular_L	Angular_R	Precuneus_L	Precuneus_R	Paracentral_Lobule_L	Paracentral_Lobule_R	Caudate_L	Caudate_R	Putamen_L	Putamen_R	Pallidum_L	Pallidum_R	Thalamus_L	Thalamus_R	Heschl_L	Heschl_R	Temporal_Sup_L	Temporal_Sup_R	Temporal_Pole_Sup_L	Temporal_Pole_Sup_R	Temporal_Mid_L	Temporal_Mid_R	Temporal_Pole_Mid_L	Temporal_Pole_Mid_R	Temporal_Inf_L	Temporal_Inf_R	Cerebelum_Crus1_L	Cerebelum_Crus1_R	Cerebelum_Crus2_L	Cerebelum_Crus2_R	Cerebelum_3_L	Cerebelum_3_R	Cerebelum_4_5_L	Cerebelum_4_5_R	Cerebelum_6_L	Cerebelum_6_R	Cerebelum_7b_L	Cerebelum_7b_R	Cerebelum_8_L	Cerebelum_8_R	Cerebelum_9_L	Cerebelum_9_R	Cerebelum_10_L	Cerebelum_10_R	Vermis_1_2	Vermis_3	Vermis_4_5	Vermis_6	Vermis_7	Vermis_8	Vermis_9	Vermis_10	
475400	Precentral_L	0	772	16744	4156	0	0	12810	0	0	0	10314	0	2508	0	0	0	8172	224	12566	11190	0	0	552	92	0	0	0	0	7358	166	886	574	494	3168	1656	1326	3958	0	182	0	0	0	140	0	264	0	0	0	202	0	720	0	0	0	0	0	28606	140	1012	0	4478	0	360	0	248	0	660	98	47002	1020	9108	1712	5592	486	4980	316	25804	1202	2044	0	788	0	440	0	92	0	0	0	318	0	0	0	0	0	0	0	0	0	0	0	0	0	0	0	0	0	0	0	0	0	0	0	0	0	0	0	
248416	Precentral_R	772	0	0	3274	0	0	0	9388	0	0	0	4464	0	0	0	72	0	1580	214	20224	0	0	0	0	0	0	0	0	0	3582	0	0	158	2994	92	824	0	7382	0	356	0	0	0	96	0	266	0	0	0	554	0	1762	0	76	0	106	0	19740	0	1900	0	2802	0	4004	0	662	0	1108	1554	11616	406	3918	78	3920	0	1686	296	8588	0	404	0	1300	0	0	0	1096	0	0	0	894	0	0	0	0	0	0	0	0	0	0	0	0	0	0	0	0	0	0	0	0	0	0	0	0	0	0	
755584	Frontal_Sup_L	16744	0	0	5322	9752	0	70570	0	3910	0	14542	0	33536	0	5660	0	6968	110	66636	8130	120	0	43920	2912	3158	72	874	0	32460	76	13162	3384	5610	2794	0	0	136	0	0	0	0	0	0	0	0	0	0	0	0	0	0	0	0	0	0	0	5052	0	0	0	426	0	0	0	0	0	0	0	3616	0	4322	880	9070	260	478	0	604	0	212	0	412	0	1902	0	0	0	0	0	0	0	0	0	0	0	0	0	0	0	0	0	0	0	0	0	0	0	0	0	0	0	0	0	0	0	0	0	
638084	Frontal_Sup_R	4156	3274	5322	0	0	4644	1760	21624	0	2456	130	8964	222	9556	0	6606	74	2744	15654	55856	0	0	10052	39594	0	2784	0	74	638	7160	3886	47952	768	28272	0	0	0	444	0	0	0	0	0	0	0	0	0	0	0	0	0	0	0	0	0	0	924	636	0	0	512	0	0	0	0	0	0	0	278	146	8130	13322	668	7110	262	294	358	1430	184	0	0	0	0	122	0	0	0	0	0	0	0	0	0	0	0	0	0	0	0	0	0	0	0	0	0	0	0	0	0	0	0	0	0	0	0	0	
137120	Frontal_Sup_Orb_L	0	0	9752	0	0	0	462	0	11276	0	0	0	278	0	7064	0	0	0	1444	0	1710	0	3408	0	6534	226	5992	0	5674	0	5746	140	0	0	0	0	118	0	0	0	168	0	0	0	0	0	0	0	0	0	0	0	0	0	0	0	0	0	0	0	0	0	0	0	0	0	0	0	0	0	1768	0	6402	0	0	0	0	0	0	0	0	0	312	0	0	0	0	0	86	0	0	0	0	0	0	0	0	0	0	0	0	0	0	0	0	0	0	0	0	0	0	0	0	0	0	0	
80760	Frontal_Sup_Orb_R	0	0	0	4644	0	0	0	3908	0	3954	0	114	0	586	0	3424	0	0	0	974	0	122	0	2182	0	7378	0	5706	0	216	0	1728	0	0	0	0	0	0	0	0	0	0	0	0	0	0	0	0	0	0	0	0	0	0	0	0	0	0	0	0	0	0	0	0	0	0	0	0	0	0	0	2956	0	2488	0	0	0	0	0	0	0	0	0	0	0	0	0	0	0	0	0	0	0	0	0	0	0	0	0	0	0	0	0	0	0	0	0	0	0	0	0	0	0	0	0	0	
393280	Frontal_Mid_L	12810	0	70570	1760	462	0	0	0	1950	0	9816	0	44276	0	3166	0	352	0	10708	1204	0	0	15648	826	130	0	0	0	12588	0	3106	612	1340	228	0	0	0	0	0	0	0	0	0	0	0	0	0	0	0	0	0	0	0	0	0	0	1312	0	0	0	294	0	0	0	0	0	0	0	276	0	2380	100	434	0	134	0	158	0	0	0	0	0	0	0	0	0	0	0	0	0	0	0	0	0	0	0	0	0	0	0	0	0	0	0	0	0	0	0	0	0	0	0	0	0	0	0	
199268	Frontal_Mid_R	0	9388	0	21624	0	3908	0	0	0	2038	0	9532	0	13918	0	3904	0	614	1248	7954	0	0	568	3426	0	94	0	0	0	3692	0	4066	0	6604	0	0	0	260	0	0	0	0	0	0	0	0	0	0	0	0	0	0	0	0	0	0	0	1120	0	0	0	0	0	336	0	0	0	0	0	92	0	1806	0	2560	0	750	0	132	0	0	0	0	0	0	0	0	0	0	0	0	0	0	0	0	0	0	0	0	0	0	0	0	0	0	0	0	0	0	0	0	0	0	0	0	0	0	
66212	Frontal_Mid_Orb_L	0	0	3910	0	11276	0	1950	0	0	0	0	0	940	0	9006	0	0	0	248	0	0	0	0	0	714	0	1514	0	1510	0	436	0	0	0	0	0	0	0	0	0	0	0	0	0	0	0	0	0	0	0	0	0	0	0	0	0	0	0	0	0	0	0	0	0	0	0	0	0	0	0	254	0	1348	0	0	0	0	0	0	0	0	0	0	0	0	0	0	0	0	0	0	0	0	0	0	0	0	0	0	0	0	0	0	0	0	0	0	0	0	0	0	0	0	0	0	0	
55788	Frontal_Mid_Orb_R	0	0	0	2456	0	3954	0	2038	0	0	0	376	0	1928	0	8214	0	0	168	1340	0	0	0	570	0	0	0	110	0	2344	0	1336	0	852	0	0	0	98	0	0	0	0	0	0	0	0	0	0	0	0	0	0	0	0	0	0	0	0	0	0	0	0	0	0	0	0	0	0	0	0	0	968	0	1142	0	0	0	0	0	0	0	0	0	0	0	0	0	0	0	0	0	0	0	0	0	0	0	0	0	0	0	0	0	0	0	0	0	0	0	0	0	0	0	0	0	0	
183064	Frontal_Inf_Oper_L	10314	0	14542	130	0	0	9816	0	0	0	0	0	11442	0	450	0	8282	0	9282	160	0	0	1170	0	0	0	0	0	13594	0	358	0	0	0	0	0	134	0	0	0	0	0	0	0	0	0	0	0	0	0	0	0	0	0	0	0	5484	0	0	0	188	0	0	0	0	0	0	0	0	0	1236	0	778	0	0	0	0	0	132	0	430	0	3610	0	0	0	0	0	0	0	0	0	0	0	0	0	0	0	0	0	0	0	0	0	0	0	0	0	0	0	0	0	0	0	0	0	
144044	Frontal_Inf_Oper_R	0	4464	0	8964	0	114	0	9532	0	376	0	0	0	10960	0	992	0	5018	1484	7340	0	0	110	728	0	0	0	0	0	10766	0	2162	0	2164	0	0	0	274	0	0	0	0	0	0	0	0	0	0	0	0	0	0	0	0	0	0	0	1590	0	0	0	0	0	0	0	0	0	0	0	0	0	1184	0	3174	0	454	0	0	0	0	0	0	0	172	0	0	0	0	0	0	0	0	0	0	0	0	0	0	0	0	0	0	0	0	0	0	0	0	0	0	0	0	0	0	0	0	
317028	Frontal_Inf_Tri_L	2508	0	33536	222	278	0	44276	0	940	0	11442	0	0	0	10420	0	350	0	12368	228	0	0	6572	230	74	0	0	0	31146	0	1520	122	858	264	0	0	0	0	0	0	0	0	0	0	0	0	0	0	0	0	0	0	0	0	0	0	192	0	0	0	0	0	0	0	0	0	0	0	0	0	318	0	468	0	0	0	0	0	0	0	0	0	182	0	0	0	0	0	0	0	0	0	0	0	0	0	0	0	0	0	0	0	0	0	0	0	0	0	0	0	0	0	0	0	0	0	
159292	Frontal_Inf_Tri_R	0	0	0	9556	0	586	0	13918	0	1928	0	10960	0	0	0	5108	0	420	2486	8122	0	0	216	900	0	0	0	0	0	11786	0	2966	80	7540	0	0	0	94	0	0	0	0	0	0	0	0	0	0	0	0	0	0	0	0	0	0	0	0	0	0	0	0	0	0	0	0	0	0	0	0	0	1554	0	1426	0	0	0	0	0	0	0	0	0	0	0	0	0	0	0	0	0	0	0	0	0	0	0	0	0	0	0	0	0	0	0	0	0	0	0	0	0	0	0	0	0	0	
128720	Frontal_Inf_Orb_L	0	0	5660	0	7064	0	3166	0	9006	0	450	0	10420	0	0	0	146	0	3022	0	1150	0	360	0	244	0	864	0	15920	0	164	0	0	0	0	0	0	0	0	0	90	0	0	0	0	0	0	0	0	0	0	0	0	0	0	0	0	0	0	0	0	0	0	0	0	0	0	0	0	0	636	0	3812	0	0	0	0	0	0	0	274	0	1590	0	110	0	110	0	102	0	0	0	0	0	0	0	0	0	0	0	0	0	0	0	0	0	0	0	0	0	0	0	0	0	0	0	
101584	Frontal_Inf_Orb_R	0	72	0	6606	0	3424	0	3904	0	8214	0	992	0	5108	0	0	0	104	424	4222	0	198	0	924	0	0	0	236	0	6556	0	1740	0	2000	0	0	0	138	0	82	0	0	0	0	0	0	0	0	0	0	0	0	0	0	0	142	0	0	0	0	0	0	0	0	0	0	0	0	0	0	0	1348	0	3456	0	0	0	0	0	0	0	200	0	604	0	0	0	0	0	98	0	0	0	0	0	0	0	0	0	0	0	0	0	0	0	0	0	0	0	0	0	0	0	0	0	0	
170664	Rolandic_Oper_L	8172	0	6968	74	0	0	352	0	0	0	8282	0	350	0	146	0	0	0	9572	278	0	0	0	0	0	0	0	0	15524	0	0	0	0	0	0	0	266	0	0	0	0	0	138	0	0	0	0	0	0	0	946	0	1102	0	130	0	10698	0	0	0	792	0	1830	0	554	0	0	0	0	0	1204	0	2088	0	0	0	0	0	3534	0	5088	0	3590	0	2032	0	0	0	1622	0	0	0	0	0	0	0	0	0	0	0	0	0	0	0	0	0	0	0	0	0	0	0	0	0	0	0	
106492	Rolandic_Oper_R	224	1580	110	2744	0	0	0	614	0	0	0	5018	0	420	0	104	0	0	886	5738	0	0	0	0	0	0	0	0	0	12746	0	0	0	140	0	0	0	750	0	0	0	0	0	0	0	0	0	0	0	0	0	86	0	0	0	76	0	4440	0	0	0	0	0	2526	0	0	0	0	372	0	0	800	0	7340	0	2224	0	0	0	1170	0	2326	0	412	0	172	0	0	0	228	0	0	0	0	0	0	0	0	0	0	0	0	0	0	0	0	0	0	0	0	0	0	0	0	0	0	
641772	Supp_Motor_Area_L	12566	214	66636	15654	1444	0	10708	1248	248	168	9282	1484	12368	2486	3022	424	9572	886	0	35350	0	0	7190	4354	210	0	112	0	24228	1574	9104	9990	9476	19820	0	0	396	122	0	0	0	0	0	0	0	0	0	0	0	0	0	0	0	0	96	0	5112	120	0	0	736	0	0	0	0	0	0	0	5406	154	10628	4126	18272	1424	782	0	520	0	240	0	862	0	1922	0	0	0	0	0	150	0	0	0	0	0	0	0	0	0	0	0	0	0	0	0	0	0	0	0	0	0	0	0	0	0	0	0	
818964	Supp_Motor_Area_R	11190	20224	8130	55856	0	974	1204	7954	0	1340	160	7340	228	8122	0	4222	278	5738	35350	0	0	0	854	12624	0	134	0	0	2198	8362	3548	26300	5862	50448	508	6560	388	2016	0	328	0	0	0	430	0	226	0	78	0	134	0	214	0	0	0	0	1248	5808	0	82	730	92	0	348	0	0	174	2354	10262	18402	14926	27656	3810	6934	1150	818	4174	19766	652	0	0	0	0	174	0	130	0	0	140	130	0	0	0	0	0	0	0	0	0	0	0	0	0	0	0	0	0	0	0	0	0	0	0	0	0	0	
45192	Olfactory_L	0	0	120	0	1710	0	0	0	0	0	0	0	0	0	1150	0	0	0	0	0	0	2350	0	0	332	234	1196	916	2462	0	2134	1258	0	0	0	0	214	0	232	0	568	0	0	0	0	0	0	0	0	0	0	0	0	0	0	0	0	0	0	0	0	0	0	0	0	0	0	0	0	0	4510	1134	1584	370	0	0	0	0	0	0	0	0	122	0	0	0	0	0	0	0	0	0	0	0	0	0	0	0	0	0	0	0	0	0	0	0	0	0	0	0	0	0	0	0	0	0	
40316	Olfactory_R	0	0	0	0	0	122	0	0	0	0	0	0	0	0	0	198	0	0	0	0	2350	0	0	0	0	612	0	1698	0	882	1404	2326	0	0	0	0	0	0	0	124	0	222	0	0	0	0	0	0	0	0	0	0	0	0	0	0	0	0	0	0	0	0	0	0	0	0	0	0	0	0	4390	3694	1048	1088	0	0	0	0	0	0	0	0	0	0	0	0	0	0	0	0	0	0	0	0	0	0	0	0	0	0	0	0	0	0	0	0	0	0	0	0	0	0	0	0	0	0	
333144	Frontal_Sup_Medial_L	552	0	43920	10052	3408	0	15648	568	0	0	1170	110	6572	216	360	0	0	0	7190	854	0	0	0	19972	3370	938	774	0	3572	0	15794	13292	6196	10616	0	0	0	0	0	0	0	0	0	0	0	0	0	0	0	0	0	0	0	0	0	0	0	0	0	0	0	0	0	0	0	0	0	0	0	0	326	94	1008	0	0	0	0	0	0	0	0	0	0	0	0	0	0	0	0	0	0	0	0	0	0	0	0	0	0	0	0	0	0	0	0	0	0	0	0	0	0	0	0	0	0	0	
352276	Frontal_Sup_Medial_R	92	0	2912	39594	0	2182	826	3426	0	570	0	728	230	900	0	924	0	0	4354	12624	0	0	19972	0	188	5146	0	192	98	840	2846	39822	228	22174	0	0	0	402	0	0	0	0	0	0	0	0	0	0	0	0	0	0	0	0	0	0	0	0	0	0	0	0	0	0	0	0	0	0	112	0	0	8756	0	5878	0	0	0	122	0	0	0	0	0	0	0	0	0	0	0	0	0	0	0	0	0	0	0	0	0	0	0	0	0	0	0	0	0	0	0	0	0	0	0	0	0	0	
55244	Frontal_Med_Orb_L	0	0	3158	0	6534	0	130	0	714	0	0	0	74	0	244	0	0	0	210	0	332	0	3370	188	0	990	2750	0	522	0	6408	290	0	0	0	0	0	0	0	0	0	0	0	0	0	0	0	0	0	0	0	0	0	0	0	0	0	0	0	0	0	0	0	0	0	0	0	0	0	0	522	0	1186	0	0	0	0	0	0	0	0	0	0	0	0	0	0	0	0	0	0	0	0	0	0	0	0	0	0	0	0	0	0	0	0	0	0	0	0	0	0	0	0	0	0	0	
78372	Frontal_Med_Orb_R	0	0	72	2784	226	7378	0	94	0	0	0	0	0	0	0	0	0	0	0	134	234	612	938	5146	990	0	126	7334	0	0	1574	4580	0	0	0	0	0	0	0	0	0	0	0	0	0	0	0	0	0	0	0	0	0	0	0	0	0	0	0	0	0	0	0	0	0	0	0	0	0	0	310	3798	0	2856	0	0	0	0	0	0	0	0	0	0	0	0	0	0	0	0	0	0	0	0	0	0	0	0	0	0	0	0	0	0	0	0	0	0	0	0	0	0	0	0	0	0	
41108	Rectus_L	0	0	874	0	5992	0	0	0	1514	0	0	0	0	0	864	0	0	0	112	0	1196	0	774	0	2750	126	0	0	776	0	2618	0	0	0	0	0	0	0	0	0	162	0	0	0	0	0	0	0	0	0	0	0	0	0	0	0	0	0	0	0	0	0	0	0	0	0	0	0	0	0	1590	0	1206	0	0	0	0	0	0	0	0	0	0	0	0	0	0	0	0	0	0	0	0	0	0	0	0	0	0	0	0	0	0	0	0	0	0	0	0	0	0	0	0	0	0	0	
46668	Rectus_R	0	0	0	74	0	5706	0	0	0	110	0	0	0	0	0	236	0	0	0	0	916	1698	0	192	0	7334	0	0	0	72	446	2486	0	0	0	0	0	0	0	0	0	0	0	0	0	0	0	0	0	0	0	0	0	0	0	0	0	0	0	0	0	0	0	0	0	0	0	0	0	0	1108	1886	172	898	0	0	0	0	0	0	0	0	0	0	0	0	0	0	0	0	0	0	0	0	0	0	0	0	0	0	0	0	0	0	0	0	0	0	0	0	0	0	0	0	0	0	
464700	Insula_L	7358	0	32460	638	5674	0	12588	0	1510	0	13594	0	31146	0	15920	0	15524	0	24228	2198	2462	0	3572	98	522	0	776	0	0	0	2098	0	136	80	210	94	5656	0	1024	0	1000	0	0	0	0	0	0	0	0	0	0	0	0	0	1674	0	4564	0	0	0	244	0	604	0	0	0	0	0	548	0	2888	0	20212	0	74	0	1728	78	6028	0	4218	0	4642	0	1146	0	174	0	2962	0	0	0	0	0	0	0	0	0	0	0	0	0	0	0	0	0	0	0	0	0	0	0	0	0	0	0	
235936	Insula_R	166	3582	76	7160	0	216	0	3692	0	2344	0	10766	0	11786	0	6556	0	12746	1574	8362	0	882	0	840	0	0	0	72	0	0	0	2868	0	3026	0	0	0	5774	0	1088	0	502	0	0	0	0	0	0	0	78	0	122	0	134	0	2180	0	1358	0	0	0	0	0	122	0	0	0	96	292	0	0	2462	0	18980	0	360	0	302	0	1326	0	2994	0	988	0	362	0	0	0	1734	0	0	0	0	0	0	0	0	0	0	0	0	0	0	0	0	0	0	0	0	0	0	0	0	0	0	
234852	Cingulum_Ant_L	886	0	13162	3886	5746	0	3106	0	436	0	358	0	1520	0	164	0	0	0	9104	3548	2134	1404	15794	2846	6408	1574	2618	446	2098	0	0	10312	4804	2438	0	0	0	0	0	0	84	0	0	0	0	0	0	0	0	0	0	0	0	0	0	0	0	72	0	0	0	0	0	0	0	0	0	0	360	94	9532	1738	9234	714	0	0	806	0	0	0	0	0	0	0	0	0	0	0	0	0	0	0	0	0	0	0	0	0	0	0	0	0	0	0	0	0	0	0	0	0	0	0	0	0	0	0	
518444	Cingulum_Ant_R	574	0	3384	47952	140	1728	612	4066	0	1336	0	2162	122	2966	0	1740	0	0	9990	26300	1258	2326	13292	39822	290	4580	0	2486	0	2868	10312	0	1964	37376	0	0	0	302	0	0	0	0	0	0	0	0	0	0	0	0	0	0	0	0	0	0	0	0	0	0	0	0	0	0	0	0	0	0	656	0	2810	23304	972	11290	0	0	0	242	0	0	0	0	0	0	0	0	0	0	0	0	0	0	0	0	0	0	0	0	0	0	0	0	0	0	0	0	0	0	0	0	0	0	0	0	0	0	
122532	Cingulum_Mid_L	494	158	5610	768	0	0	1340	0	0	0	0	0	858	80	0	0	0	0	9476	5862	0	0	6196	228	0	0	0	0	136	0	4804	1964	0	10158	1640	478	0	0	0	0	0	0	0	0	110	0	0	0	0	0	418	0	0	0	0	0	784	0	0	130	92	0	74	0	0	0	3196	1240	3278	844	370	146	146	102	0	0	86	0	0	0	0	0	0	0	0	0	0	0	0	0	0	0	0	0	0	0	0	0	0	0	0	0	0	0	0	0	0	0	0	0	0	0	0	0	0	0	
529764	Cingulum_Mid_R	3168	2994	2794	28272	0	0	228	6604	0	852	0	2164	264	7540	0	2000	0	140	19820	50448	0	0	10616	22174	0	0	0	0	80	3026	2438	37376	10158	0	1390	6174	0	0	0	0	0	0	0	950	0	1208	0	112	0	2110	0	526	0	0	0	96	0	1566	0	0	0	0	0	0	0	0	1298	10000	4510	9212	3682	2362	262	1460	0	0	2672	566	0	0	0	180	0	0	0	834	0	0	0	556	0	0	0	0	0	0	0	0	0	0	0	0	0	0	0	0	0	0	0	0	0	0	0	0	0	0	
81564	Cingulum_Post_L	1656	92	0	0	0	0	0	0	0	0	0	0	0	0	0	0	0	0	0	508	0	0	0	0	0	0	0	0	210	0	0	0	1640	1390	0	3312	4790	0	1280	0	0	0	2140	244	1966	436	1162	138	690	708	312	142	0	0	0	0	1072	0	0	0	0	0	254	0	0	0	6138	1938	3088	330	188	0	208	0	0	0	2178	1494	78	0	0	88	0	0	158	372	0	0	188	194	0	0	0	0	0	0	0	0	0	0	0	0	0	0	0	0	0	0	0	0	0	0	0	0	0	0	
127532	Cingulum_Post_R	1326	824	0	0	0	0	0	0	0	0	0	0	0	0	0	0	0	0	0	6560	0	0	0	0	0	0	0	0	94	0	0	0	478	6174	3312	0	958	2594	126	902	0	0	0	2298	0	774	0	1288	0	822	0	310	0	0	0	0	0	1554	0	354	0	358	0	0	0	0	440	11548	1400	5962	2536	380	114	104	0	0	4612	4182	0	0	0	0	0	0	0	402	0	0	0	412	0	0	0	0	0	0	0	0	0	0	0	0	0	0	0	0	0	0	0	0	568	0	0	0	0	0	
158784	Hippocampus_L	3958	0	136	0	118	0	0	0	0	0	134	0	0	0	0	0	266	0	396	388	214	0	0	0	0	0	0	0	5656	0	0	0	0	0	4790	958	0	0	7268	0	6674	0	1772	0	0	0	1936	0	0	0	650	0	594	0	8268	0	252	0	0	0	0	0	0	0	0	0	3388	0	1978	0	196	0	8746	0	0	0	4618	614	510	0	2256	0	2154	0	2164	0	758	0	7494	0	0	0	0	0	0	0	88	0	0	0	0	0	0	0	0	0	0	0	0	0	0	0	0	0	0	0	
191280	Hippocampus_R	0	7382	0	444	0	0	0	260	0	98	0	274	0	94	0	138	0	750	122	2016	0	0	0	402	0	0	0	0	0	5774	0	302	0	0	0	2594	0	0	0	14830	0	8290	0	624	0	92	0	2046	0	110	0	124	0	646	0	16398	0	314	0	0	0	0	0	0	0	0	0	3862	0	210	0	460	0	10444	0	372	0	3926	0	228	0	1502	0	872	0	2880	0	0	0	6030	0	0	0	0	0	0	0	226	0	0	0	0	0	0	0	0	0	0	0	0	504	0	0	0	0	0	
40120	ParaHippocampal_L	182	0	0	0	0	0	0	0	0	0	0	0	0	0	0	0	0	0	0	0	232	0	0	0	0	0	0	0	1024	0	0	0	0	0	1280	126	7268	0	0	0	1804	0	278	0	0	0	1264	0	0	0	176	0	98	0	2482	0	0	0	0	0	0	0	0	0	0	0	1210	0	0	0	0	0	638	0	0	0	814	116	0	0	0	0	304	0	0	0	434	0	186	0	0	0	0	0	0	0	144	0	0	0	0	0	0	0	0	0	0	0	0	0	0	0	0	0	0	0	
102244	ParaHippocampal_R	0	356	0	0	0	0	0	0	0	0	0	0	0	0	0	82	0	0	0	328	0	124	0	0	0	0	0	0	0	1088	0	0	0	0	0	902	0	14830	0	0	0	5856	0	1016	0	0	0	1984	0	0	0	0	0	714	0	11354	0	0	0	0	0	0	0	0	0	0	0	2156	0	90	0	0	0	1926	0	232	0	1514	0	0	0	228	0	2222	0	556	0	370	0	2406	0	0	0	0	0	0	0	468	0	122	0	0	0	0	0	0	0	0	0	0	198	0	0	0	0	0	
33652	Amygdala_L	0	0	0	0	168	0	0	0	0	0	0	0	0	0	90	0	0	0	0	0	568	0	0	0	0	0	162	0	1000	0	84	0	0	0	0	0	6674	0	1804	0	0	0	0	0	0	0	0	0	0	0	0	0	0	0	2612	0	0	0	0	0	0	0	0	0	0	0	0	0	0	0	178	0	224	0	0	0	166	0	0	0	0	0	628	0	428	0	410	0	1630	0	0	0	0	0	0	0	0	0	0	0	0	0	0	0	0	0	0	0	0	0	0	0	0	0	0	0	
48044	Amygdala_R	0	0	0	0	0	0	0	0	0	0	0	0	0	0	0	0	0	0	0	0	0	222	0	0	0	0	0	0	0	502	0	0	0	0	0	0	0	8290	0	5856	0	0	0	0	0	0	0	0	0	0	0	0	0	0	0	5584	0	0	0	0	0	0	0	0	0	0	0	0	0	0	0	0	0	870	0	0	0	0	0	0	0	0	0	2428	0	0	0	0	0	270	0	0	0	0	0	0	0	0	0	0	0	0	0	0	0	0	0	0	0	0	0	0	0	0	0	0	
203284	Calcarine_L	140	0	0	0	0	0	0	0	0	0	0	0	0	0	0	0	138	0	0	0	0	0	0	0	0	0	0	0	0	0	0	0	0	0	2140	0	1772	0	278	0	0	0	0	6200	11958	5468	15582	1850	8640	2382	20764	500	5422	0	3226	80	378	0	322	0	420	0	310	0	682	0	10248	0	108	0	0	0	0	0	0	0	0	0	76	0	82	0	0	0	1434	0	0	0	1042	0	0	0	0	0	0	0	0	0	0	0	0	0	0	0	0	0	0	0	0	0	0	0	0	0	0	0	
310552	Calcarine_R	0	96	0	0	0	0	0	0	0	0	0	0	0	0	0	0	0	0	0	430	0	0	0	0	0	0	0	0	0	0	0	0	0	950	244	2298	0	624	0	1016	0	0	6200	0	3166	30734	618	27320	0	28910	0	19138	0	3324	0	3866	0	450	0	844	0	344	0	0	0	196	868	16426	0	874	106	0	0	0	0	0	106	0	0	158	0	124	0	0	0	3442	0	0	0	1620	0	72	0	0	0	0	0	154	0	252	0	0	0	0	0	0	0	0	0	0	306	0	0	0	0	0	
165596	Cuneus_L	264	0	0	0	0	0	0	0	0	0	0	0	0	0	0	0	0	0	0	0	0	0	0	0	0	0	0	0	0	0	0	0	110	0	1966	0	0	0	0	0	0	0	11958	3166	0	4752	1012	358	19374	646	12144	148	1274	0	304	0	2304	0	3392	0	1958	0	986	0	624	0	12928	290	280	0	0	0	0	0	0	0	0	0	0	0	0	0	0	0	1338	0	0	0	1222	0	0	0	0	0	0	0	0	0	0	0	0	0	0	0	0	0	0	0	0	0	0	0	0	0	0	0	
272504	Cuneus_R	0	266	0	0	0	0	0	0	0	0	0	0	0	0	0	0	0	0	0	226	0	0	0	0	0	0	0	0	0	0	0	0	0	1208	436	774	0	92	0	0	0	0	5468	30734	4752	0	482	7160	560	36082	304	11120	0	1998	0	994	0	194	0	1666	0	214	0	210	0	94	5620	20030	0	446	0	0	0	0	0	0	0	0	0	78	0	1406	0	0	0	2044	0	0	0	1284	0	0	0	0	0	0	0	0	0	78	0	0	0	0	0	0	0	0	0	0	232	0	0	0	0	0	
260584	Lingual_L	0	0	0	0	0	0	0	0	0	0	0	0	0	0	0	0	0	0	0	0	0	0	0	0	0	0	0	0	0	0	0	0	0	0	1162	0	1936	0	1264	0	0	0	15582	618	1012	482	0	492	2148	136	13110	0	6532	0	10554	106	0	0	0	0	0	0	0	0	0	0	5188	0	0	0	0	0	0	0	0	0	0	0	72	0	0	0	0	0	124	0	0	0	938	0	9710	1340	1622	352	226	0	11960	1372	16676	2816	706	0	2754	988	222	2100	0	202	162	230	2740	5046	3582	1576	1722	732	
235876	Lingual_R	0	0	0	0	0	0	0	0	0	0	0	0	0	0	0	0	0	0	0	78	0	0	0	0	0	0	0	0	0	0	0	0	0	112	138	1288	0	2046	0	1984	0	0	1850	27320	358	7160	492	0	0	8368	0	10098	0	7250	0	16480	0	106	0	214	0	0	0	0	0	102	86	6136	0	134	0	0	0	0	0	0	0	0	0	0	0	0	0	0	0	898	0	0	0	912	456	2640	386	304	0	0	226	3864	666	8352	192	78	232	276	0	84	0	0	0	0	2644	3676	252	0	0	0	
212688	Occipital_Sup_L	202	0	0	0	0	0	0	0	0	0	0	0	0	0	0	0	0	0	0	0	0	0	0	0	0	0	0	0	0	0	0	0	0	0	690	0	0	0	0	0	0	0	8640	0	19374	560	2148	0	0	0	32996	0	1906	0	944	0	1350	0	10344	0	1830	0	1604	0	3734	0	16508	0	198	0	0	0	0	0	0	0	0	0	0	0	156	0	0	0	2116	0	0	0	1044	0	0	0	0	0	0	0	0	0	0	0	0	0	0	0	0	0	0	0	0	0	0	0	0	0	0	0	
316196	Occipital_Sup_R	0	554	0	0	0	0	0	0	0	0	0	0	0	0	0	0	0	0	0	134	0	0	0	0	0	0	0	0	0	78	0	0	0	2110	708	822	0	110	0	0	0	0	2382	28910	646	36082	136	8368	0	0	0	27932	0	4030	0	1384	0	294	0	4268	0	756	0	476	0	3220	6010	21318	0	216	0	0	0	0	0	0	0	0	0	108	0	2068	0	0	0	3322	0	0	0	1556	0	0	0	0	0	0	0	0	0	100	0	0	0	0	0	0	0	0	0	0	0	0	0	0	0	0	
489168	Occipital_Mid_L	720	0	0	0	0	0	0	0	0	0	0	0	0	0	0	0	946	0	0	0	0	0	0	0	0	0	0	0	0	0	0	0	418	0	312	0	650	0	176	0	0	0	20764	0	12144	304	13110	0	32996	0	0	0	28420	0	9444	0	3250	0	12942	0	17644	0	11408	0	24402	0	17156	0	478	0	0	0	0	0	0	0	0	0	108	0	1978	0	0	0	21694	0	0	0	12700	0	0	0	0	0	0	0	100	0	230	0	0	0	0	0	0	0	0	0	0	0	90	0	0	0	0	0	
287512	Occipital_Mid_R	0	1762	0	0	0	0	0	0	0	0	0	0	0	0	0	0	0	86	0	214	0	0	0	0	0	0	0	0	0	122	0	0	0	526	142	310	0	124	0	0	0	0	500	19138	148	11120	0	10098	0	27932	0	0	0	8098	0	2986	0	644	0	5454	0	3524	0	1664	0	12914	2036	8474	0	310	0	0	0	0	0	0	0	0	0	622	0	6170	0	0	0	15416	0	0	0	3146	0	0	0	0	0	0	0	0	0	76	0	0	0	0	0	0	0	0	0	0	0	0	0	0	0	0	
194552	Occipital_Inf_L	0	0	0	0	0	0	0	0	0	0	0	0	0	0	0	0	1102	0	0	0	0	0	0	0	0	0	0	0	0	0	0	0	0	0	0	0	594	0	98	0	0	0	5422	0	1274	0	6532	0	1906	0	28420	0	0	0	9618	0	362	0	344	0	2738	0	5054	0	3102	0	2752	0	0	0	0	0	0	0	0	0	0	0	680	0	2234	0	0	0	11212	0	0	0	11534	0	272	0	156	0	0	0	244	0	1046	0	0	0	98	0	0	80	0	0	0	0	216	114	72	0	0	0	
87472	Occipital_Inf_R	0	76	0	0	0	0	0	0	0	0	0	0	0	0	0	0	0	0	0	0	0	0	0	0	0	0	0	0	0	134	0	0	0	0	0	0	0	646	0	714	0	0	0	3324	0	1998	0	7250	0	4030	0	8098	0	0	0	8000	0	0	0	74	0	0	0	0	0	694	292	1858	0	0	0	0	0	0	0	0	0	0	0	0	0	202	0	0	0	3460	0	0	0	1588	0	0	0	0	0	0	0	0	0	884	0	0	0	0	0	0	0	0	0	0	0	414	0	0	0	0	
241368	Fusiform_L	0	0	0	0	0	0	0	0	0	0	0	0	0	0	0	0	130	0	96	0	0	0	0	0	0	0	0	0	1674	0	0	0	0	0	0	0	8268	0	2482	0	2612	0	3226	0	304	0	10554	0	944	0	9444	0	9618	0	0	0	0	0	84	0	216	0	414	0	438	0	1192	0	0	0	0	0	1442	0	0	0	0	0	186	0	1658	0	1426	0	1924	0	536	0	11520	0	11156	0	1468	0	260	0	10264	122	20404	290	750	0	1452	160	280	492	74	0	0	0	716	882	590	410	448	78	
281856	Fusiform_R	0	106	0	0	0	0	0	0	0	0	0	0	0	0	0	142	0	76	0	0	0	0	0	0	0	0	0	0	0	2180	0	0	0	96	0	0	0	16398	0	11354	0	5584	80	3866	0	994	106	16480	0	1384	0	2986	0	8000	0	0	0	0	0	0	0	0	0	0	0	0	80	1090	0	118	0	0	0	2086	0	218	0	184	0	0	0	2820	0	5698	0	4736	0	2124	0	17234	94	8386	0	542	0	242	114	4736	206	15166	0	146	0	480	0	98	0	0	0	0	1242	2756	500	0	0	0	
251080	Postcentral_L	28606	0	5052	924	0	0	1312	0	0	0	5484	0	192	0	0	0	10698	0	5112	1248	0	0	0	0	0	0	0	0	4564	0	0	0	784	0	1072	0	252	0	0	0	0	0	378	0	2304	0	0	0	1350	0	3250	0	362	0	0	0	0	0	5346	0	20680	0	8056	0	694	0	4870	0	4162	0	1816	152	1202	0	190	0	502	0	1904	0	1874	0	108	0	520	0	0	0	520	0	0	0	0	0	0	0	0	0	0	0	0	0	0	0	0	0	0	0	0	0	0	0	0	0	0	0	
173348	Postcentral_R	140	19740	0	636	0	0	0	1120	0	0	0	1590	0	0	0	0	0	4440	120	5808	0	0	0	0	0	0	0	0	0	1358	72	0	0	1566	0	1554	0	314	0	0	0	0	0	450	0	194	0	106	0	294	0	644	0	0	0	0	0	0	0	6828	0	6698	0	7346	0	738	116	10468	194	6422	686	1246	128	1754	0	1382	646	230	0	218	0	810	0	0	0	312	0	0	0	306	0	0	0	0	0	0	0	0	0	0	0	0	0	0	0	0	0	0	0	0	0	0	0	0	0	0	
128992	Parietal_Sup_L	1012	0	0	0	0	0	0	0	0	0	0	0	0	0	0	0	0	0	0	0	0	0	0	0	0	0	0	0	0	0	0	0	0	0	0	0	0	0	0	0	0	0	322	0	3392	0	0	0	10344	0	12942	0	344	0	84	0	5346	0	0	0	9960	0	880	0	4100	0	13192	190	830	0	0	0	0	0	0	0	0	0	0	0	82	0	0	0	936	0	0	0	540	0	0	0	0	0	0	0	0	0	0	0	0	0	0	0	0	0	0	0	0	0	0	0	0	0	0	0	
120956	Parietal_Sup_R	0	1900	0	0	0	0	0	0	0	0	0	0	0	0	0	0	0	0	0	82	0	0	0	0	0	0	0	0	0	0	0	0	130	0	0	354	0	0	0	0	0	0	0	844	0	1666	0	214	0	4268	0	5454	0	74	0	0	0	6828	0	0	0	16062	0	1310	0	7974	660	11878	0	326	0	0	0	0	0	0	0	0	0	0	0	454	0	0	0	0	0	0	0	0	0	0	0	0	0	0	0	0	0	0	0	0	0	0	0	0	0	0	0	0	0	0	0	0	0	0	
236628	Parietal_Inf_L	4478	0	426	512	0	0	294	0	0	0	188	0	0	0	0	0	792	0	736	730	0	0	0	0	0	0	0	0	244	0	0	0	92	0	0	0	0	0	0	0	0	0	420	0	1958	0	0	0	1830	0	17644	0	2738	0	216	0	20680	0	9960	0	0	0	15978	0	21242	0	3224	0	2132	0	574	0	232	0	0	0	126	0	0	0	1538	0	0	0	5838	0	0	0	3492	0	0	0	0	0	0	0	0	0	0	0	0	0	0	0	0	0	0	0	0	0	0	0	0	0	0	0	
116564	Parietal_Inf_R	0	2802	0	0	0	0	0	0	0	0	0	0	0	0	0	0	0	0	0	92	0	0	0	0	0	0	0	0	0	0	0	0	0	0	0	358	0	0	0	0	0	0	0	344	0	214	0	0	0	756	0	3524	0	0	0	0	0	6698	0	16062	0	0	0	9054	0	12346	0	4298	0	146	0	0	0	0	0	0	0	0	0	0	0	1296	0	0	0	106	0	0	0	186	0	0	0	0	0	0	0	0	0	0	0	0	0	0	0	0	0	0	0	0	0	0	0	0	0	0	
177104	SupraMarginal_L	360	0	0	0	0	0	0	0	0	0	0	0	0	0	0	0	1830	0	0	0	0	0	0	0	0	0	0	0	604	0	0	0	74	0	254	0	0	0	0	0	0	0	310	0	986	0	0	0	1604	0	11408	0	5054	0	414	0	8056	0	880	0	15978	0	0	0	9480	0	2014	0	128	0	0	0	0	0	0	0	0	0	184	0	6162	0	0	0	13322	0	0	0	9450	0	0	0	0	0	0	0	0	0	0	0	0	0	0	0	0	0	0	0	0	0	0	0	0	0	0	0	
92180	SupraMarginal_R	0	4004	0	0	0	0	0	336	0	0	0	0	0	0	0	0	0	2526	0	348	0	0	0	0	0	0	0	0	0	122	0	0	0	0	0	0	0	0	0	0	0	0	0	0	0	210	0	0	0	476	0	1664	0	0	0	0	0	7346	0	1310	0	9054	0	0	0	6856	0	560	0	0	0	0	0	0	0	0	0	0	0	144	0	8638	0	0	0	1662	0	0	0	834	0	0	0	0	0	0	0	0	0	0	0	0	0	0	0	0	0	0	0	0	0	0	0	0	0	0	
176092	Angular_L	248	0	0	0	0	0	0	0	0	0	0	0	0	0	0	0	554	0	0	0	0	0	0	0	0	0	0	0	0	0	0	0	0	0	0	0	0	0	0	0	0	0	682	0	624	0	0	0	3734	0	24402	0	3102	0	438	0	694	0	4100	0	21242	0	9480	0	0	0	2158	0	172	0	0	0	0	0	0	0	0	0	0	0	2020	0	0	0	10364	0	0	0	4032	0	0	0	0	0	0	0	0	0	0	0	0	0	0	0	0	0	0	0	0	0	0	0	0	0	0	0	
113212	Angular_R	0	662	0	0	0	0	0	0	0	0	0	0	0	0	0	0	0	0	0	0	0	0	0	0	0	0	0	0	0	0	0	0	0	0	0	0	0	0	0	0	0	0	0	196	0	94	0	102	0	3220	0	12914	0	694	0	0	0	738	0	7974	0	12346	0	6856	0	0	0	508	0	0	0	0	0	0	0	0	0	0	0	0	0	5374	0	0	0	4502	0	0	0	426	0	0	0	0	0	0	0	0	0	0	0	0	0	0	0	0	0	0	0	0	0	0	0	0	0	0	
286352	Precuneus_L	660	0	0	0	0	0	0	0	0	0	0	0	0	0	0	0	0	0	0	174	0	0	0	0	0	0	0	0	0	0	0	0	3196	1298	6138	440	3388	0	1210	0	0	0	10248	868	12928	5620	5188	86	16508	6010	17156	2036	2752	292	1192	80	4870	116	13192	660	3224	0	2014	0	2158	0	0	10020	2024	542	0	0	0	0	0	0	80	0	86	0	156	638	0	0	2594	874	0	0	2032	428	0	0	0	0	0	0	0	0	0	0	0	0	0	0	0	0	0	0	0	0	0	0	0	0	0	0	
343196	Precuneus_R	98	1108	0	0	0	0	0	0	0	0	0	0	0	0	0	0	0	0	0	2354	0	0	0	0	0	0	0	0	0	96	0	0	1240	10000	1938	11548	0	3862	0	2156	0	0	0	16426	290	20030	0	6136	0	21318	0	8474	0	1858	0	1090	0	10468	190	11878	0	4298	0	560	0	508	10020	0	166	8910	670	0	0	92	0	0	640	1232	0	132	0	1756	0	0	0	4566	0	0	0	4130	0	0	0	0	0	0	0	82	0	0	0	0	0	0	0	0	0	0	0	0	1278	0	0	0	0	0	
267288	Paracentral_Lobule_L	47002	1554	3616	278	0	0	276	0	0	0	0	0	0	0	0	0	0	372	5406	10262	0	0	0	112	0	0	0	0	548	292	360	656	3278	4510	3088	1400	1978	0	0	0	0	0	108	0	280	0	0	0	198	0	478	0	0	0	0	0	4162	194	830	0	2132	0	128	0	172	0	2024	166	0	2172	3564	1582	1580	562	3740	206	22776	1158	336	0	0	0	0	0	0	0	0	0	108	0	0	0	0	0	0	0	0	0	0	0	0	0	0	0	0	0	0	0	0	0	0	0	0	0	0	0	
157668	Paracentral_Lobule_R	1020	11616	0	146	0	0	0	92	0	0	0	0	0	0	0	0	0	0	154	18402	0	0	0	0	0	0	0	0	0	0	94	0	844	9212	330	5962	0	210	0	90	0	0	0	874	0	446	0	134	0	216	0	310	0	0	0	118	0	6422	0	326	0	146	0	0	0	0	542	8910	2172	0	2664	2092	108	0	0	0	2094	2510	0	0	0	0	0	0	0	228	0	0	0	350	0	0	0	0	0	0	0	0	0	0	0	0	0	0	0	0	0	0	0	0	0	0	0	0	0	0	
278852	Caudate_L	9108	406	4322	8130	1768	0	2380	0	254	0	1236	0	318	0	636	0	1204	0	10628	14926	4510	4390	326	0	522	310	1590	1108	2888	0	9532	2810	370	3682	188	2536	196	0	0	0	178	0	0	106	0	0	0	0	0	0	0	0	0	0	0	0	1816	686	0	0	574	0	0	0	0	0	0	670	3564	2664	0	6644	16434	860	2054	186	11036	890	532	0	0	0	118	0	0	0	0	0	140	0	0	0	0	0	0	0	0	0	0	0	0	0	0	0	0	0	0	0	0	0	0	0	0	0	0	0	
326440	Caudate_R	1712	3918	880	13322	0	2956	100	1806	0	968	0	1184	0	1554	0	1348	0	800	4126	27656	1134	3694	94	8756	0	3798	0	1886	0	2462	1738	23304	146	2362	0	380	0	460	0	0	0	0	0	0	0	0	0	0	0	0	0	0	0	0	0	0	152	1246	0	0	0	0	0	0	0	0	0	0	1582	2092	6644	0	1196	19034	176	4128	882	13544	0	0	0	0	0	0	0	0	0	0	0	0	0	0	0	0	0	0	0	0	0	0	0	0	0	0	0	0	0	0	0	0	0	0	0	0	0	0	
278168	Putamen_L	5592	78	9070	668	6402	0	434	0	1348	0	778	0	468	0	3812	0	2088	0	18272	3810	1584	1048	1008	0	1186	0	1206	172	20212	0	9234	972	146	262	208	114	8746	0	638	0	224	0	0	0	0	0	0	0	0	0	0	0	0	0	1442	0	1202	128	0	0	232	0	0	0	0	0	0	0	1580	108	16434	1196	0	532	6332	94	3804	0	204	0	1592	0	1172	0	832	0	392	0	2028	0	0	0	0	0	0	0	0	0	0	0	0	0	0	0	0	0	0	0	0	0	0	0	0	0	0	0	
262740	Putamen_R	486	3920	260	7110	0	2488	0	2560	0	1142	0	3174	0	1426	0	3456	0	7340	1424	6934	370	1088	0	5878	0	2856	0	898	0	18980	714	11290	102	1460	0	104	0	10444	0	1926	0	870	0	0	0	0	0	0	0	0	0	0	0	0	0	2086	0	1754	0	0	0	0	0	0	0	0	0	92	562	0	860	19034	532	0	72	3334	0	2268	0	100	0	624	0	414	0	120	0	0	0	818	0	0	0	0	0	0	0	0	0	0	0	0	0	0	0	0	0	0	0	0	0	0	0	0	0	0	
48264	Pallidum_L	4980	0	478	262	0	0	134	0	0	0	0	0	0	0	0	0	0	0	782	1150	0	0	0	0	0	0	0	0	74	0	0	0	0	0	0	0	0	0	0	0	0	0	0	0	0	0	0	0	0	0	0	0	0	0	0	0	190	0	0	0	0	0	0	0	0	0	0	0	3740	0	2054	176	6332	72	0	78	3492	138	0	0	0	0	0	0	0	0	0	0	0	0	0	0	0	0	0	0	0	0	0	0	0	0	0	0	0	0	0	0	0	0	0	0	0	0	0	0	
39916	Pallidum_R	316	1686	0	294	0	0	0	750	0	0	0	454	0	0	0	0	0	2224	0	818	0	0	0	0	0	0	0	0	0	360	0	0	0	0	0	0	0	372	0	232	0	0	0	0	0	0	0	0	0	0	0	0	0	0	0	218	0	1382	0	0	0	0	0	0	0	0	0	0	206	0	186	4128	94	3334	78	0	0	2518	0	0	0	308	0	0	0	0	0	0	0	0	0	0	0	0	0	0	0	0	0	0	0	0	0	0	0	0	0	0	0	0	0	0	0	0	0	0	
203840	Thalamus_L	25804	296	604	358	0	0	158	0	0	0	0	0	0	0	0	0	0	0	520	4174	0	0	0	0	0	0	0	0	1728	0	806	0	86	2672	2178	4612	4618	0	814	0	166	0	0	106	0	0	0	0	0	0	0	0	0	0	0	0	502	646	0	0	126	0	0	0	0	0	80	640	22776	2094	11036	882	3804	0	3492	0	0	5276	564	0	0	0	0	0	0	0	0	0	302	0	0	0	0	0	0	0	0	0	0	0	0	0	0	0	0	0	0	0	0	0	0	0	0	0	0	0	
149080	Thalamus_R	1202	8588	0	1430	0	0	0	132	0	0	0	0	0	0	0	0	0	0	0	19766	0	0	0	122	0	0	0	0	78	302	0	242	0	566	1494	4182	614	3926	116	1514	0	0	0	0	0	0	0	0	0	0	0	0	0	0	0	184	0	230	0	0	0	0	0	0	0	0	0	1232	1158	2510	890	13544	0	2268	138	2518	5276	0	0	0	0	0	0	0	0	0	0	0	0	124	0	0	0	0	0	0	0	0	0	0	0	0	0	0	0	0	0	0	0	0	194	0	0	0	0	0	
59304	Heschl_L	2044	0	212	184	0	0	0	0	0	0	132	0	0	0	0	0	3534	0	240	652	0	0	0	0	0	0	0	0	6028	0	0	0	0	0	78	0	510	0	0	0	0	0	76	0	0	0	72	0	0	0	108	0	680	0	186	0	1904	0	0	0	0	0	184	0	0	0	86	0	336	0	532	0	204	0	0	0	564	0	0	0	3502	0	0	0	3024	0	0	0	4580	0	0	0	0	0	0	0	0	0	0	0	0	0	0	0	0	0	0	0	0	0	0	0	0	0	0	0	
14872	Heschl_R	0	404	0	0	0	0	0	0	0	0	0	0	0	0	0	0	0	1170	0	0	0	0	0	0	0	0	0	0	0	1326	0	0	0	0	0	0	0	228	0	0	0	0	0	158	0	78	0	0	0	108	0	622	0	0	0	0	0	218	0	0	0	0	0	144	0	0	0	132	0	0	0	0	0	100	0	0	0	0	0	0	0	1332	0	0	0	896	0	0	0	520	0	0	0	0	0	0	0	0	0	0	0	0	0	0	0	0	0	0	0	0	0	0	0	0	0	0	
181616	Temporal_Sup_L	788	0	412	0	0	0	0	0	0	0	430	0	0	0	274	0	5088	0	862	0	0	0	0	0	0	0	0	0	4218	0	0	0	0	0	0	0	2256	0	0	0	0	0	82	0	0	0	0	0	156	0	1978	0	2234	0	1658	0	1874	0	82	0	1538	0	6162	0	2020	0	156	0	0	0	0	0	1592	0	0	0	0	0	3502	0	0	0	4010	0	30044	0	420	0	18972	0	0	0	0	0	0	0	0	0	0	0	0	0	0	0	0	0	0	0	0	0	0	0	0	0	0	0	
144272	Temporal_Sup_R	0	1300	0	0	0	0	0	0	0	0	0	0	0	0	0	200	0	2326	0	0	0	0	0	0	0	0	0	0	0	2994	0	0	0	180	88	0	0	1502	0	228	0	0	0	124	0	1406	0	0	0	2068	0	6170	0	202	0	2820	0	810	0	454	0	1296	0	8638	0	5374	638	1756	0	0	0	0	0	624	0	308	0	0	0	1332	0	0	0	770	0	19744	0	84	0	8700	0	0	0	0	0	0	0	0	0	0	0	0	0	0	0	0	0	0	0	0	0	0	0	0	0	0	
85080	Temporal_Pole_Sup_L	440	0	1902	0	312	0	0	0	0	0	3610	0	182	0	1590	0	3590	0	1922	0	122	0	0	0	0	0	0	0	4642	0	0	0	0	0	0	0	2154	0	304	0	628	0	0	0	0	0	0	0	0	0	0	0	0	0	1426	0	108	0	0	0	0	0	0	0	0	0	0	0	0	0	118	0	1172	0	0	0	0	0	0	0	4010	0	0	0	6974	0	3826	0	3508	0	0	0	0	0	0	0	0	0	0	0	0	0	0	0	0	0	0	0	0	0	0	0	0	0	0	0	
49380	Temporal_Pole_Sup_R	0	0	0	122	0	0	0	0	0	0	0	172	0	0	0	604	0	412	0	174	0	0	0	0	0	0	0	0	0	988	0	0	0	0	0	0	0	872	0	2222	0	2428	0	0	0	0	0	0	0	0	0	0	0	0	0	5698	0	0	0	0	0	0	0	0	0	0	0	0	0	0	0	0	0	414	0	0	0	0	0	0	0	770	0	0	0	2714	0	4006	0	3094	0	0	0	0	0	0	0	0	0	0	0	0	0	0	0	0	0	0	0	0	0	0	0	0	0	0	
348888	Temporal_Mid_L	92	0	0	0	0	0	0	0	0	0	0	0	0	0	110	0	2032	0	0	0	0	0	0	0	0	0	0	0	1146	0	0	0	0	0	158	0	2164	0	0	0	428	0	1434	0	1338	0	124	0	2116	0	21694	0	11212	0	1924	0	520	0	936	0	5838	0	13322	0	10364	0	2594	0	0	0	0	0	832	0	0	0	0	0	3024	0	30044	0	6974	0	0	0	3050	0	50974	0	0	0	0	0	0	0	0	0	0	0	0	0	0	0	0	0	0	0	0	0	0	0	0	0	0	0	
211016	Temporal_Mid_R	0	1096	0	0	0	0	0	0	0	0	0	0	0	0	0	0	0	172	0	130	0	0	0	0	0	0	0	0	0	362	0	0	0	834	372	402	0	2880	0	556	0	0	0	3442	0	2044	0	898	0	3322	0	15416	0	3460	0	4736	0	312	0	0	0	106	0	1662	0	4502	874	4566	0	228	0	0	0	120	0	0	0	0	0	896	0	19744	0	2714	0	0	0	2260	0	27402	0	0	0	0	0	0	0	0	0	0	0	0	0	0	0	0	0	0	0	0	0	0	0	0	0	0	
25540	Temporal_Pole_Mid_L	0	0	0	0	0	0	0	0	0	0	0	0	0	0	110	0	0	0	0	0	0	0	0	0	0	0	0	0	174	0	0	0	0	0	0	0	758	0	434	0	410	0	0	0	0	0	0	0	0	0	0	0	0	0	536	0	0	0	0	0	0	0	0	0	0	0	0	0	0	0	0	0	392	0	0	0	0	0	0	0	420	0	3826	0	3050	0	0	0	2660	0	0	0	0	0	0	0	0	0	0	0	0	0	0	0	0	0	0	0	0	0	0	0	0	0	0	0	
20748	Temporal_Pole_Mid_R	0	0	0	0	0	0	0	0	0	0	0	0	0	0	0	0	0	0	0	0	0	0	0	0	0	0	0	0	0	0	0	0	0	0	0	0	0	0	0	370	0	0	0	0	0	0	0	0	0	0	0	0	0	0	0	2124	0	0	0	0	0	0	0	0	0	0	0	0	0	0	0	0	0	0	0	0	0	0	0	0	0	84	0	4006	0	2260	0	0	0	1530	0	0	0	0	0	0	0	0	0	0	0	0	0	0	0	0	0	0	0	0	0	0	0	0	0	0	
327512	Temporal_Inf_L	318	0	0	0	86	0	0	0	0	0	0	0	0	0	102	0	1622	0	150	140	0	0	0	0	0	0	0	0	2962	0	0	0	0	0	188	0	7494	0	186	0	1630	0	1042	0	1222	0	938	0	1044	0	12700	0	11534	0	11520	0	520	0	540	0	3492	0	9450	0	4032	0	2032	0	108	0	140	0	2028	0	0	0	302	0	4580	0	18972	0	3508	0	50974	0	2660	0	0	0	3300	0	620	0	0	0	172	0	884	0	340	0	224	0	0	0	0	0	0	0	0	0	0	0	0	0	
185292	Temporal_Inf_R	0	894	0	0	0	0	0	0	0	0	0	0	0	0	0	98	0	228	0	130	0	0	0	0	0	0	0	0	0	1734	0	0	0	556	194	412	0	6030	0	2406	0	270	0	1620	0	1284	0	912	0	1556	0	3146	0	1588	0	17234	0	306	0	0	0	186	0	834	0	426	428	4130	0	350	0	0	0	818	0	0	0	124	0	520	0	8700	0	3094	0	27402	0	1530	0	0	0	2394	0	256	0	0	0	0	0	274	0	132	0	450	0	0	0	0	0	0	0	0	0	0	0	0	
482516	Cerebelum_Crus1_L	0	0	0	0	0	0	0	0	0	0	0	0	0	0	0	0	0	0	0	0	0	0	0	0	0	0	0	0	0	0	0	0	0	0	0	0	0	0	0	0	0	0	0	0	0	0	9710	456	0	0	0	0	272	0	11156	94	0	0	0	0	0	0	0	0	0	0	0	0	0	0	0	0	0	0	0	0	0	0	0	0	0	0	0	0	0	0	0	0	3300	0	0	3296	40844	5720	302	650	11134	1728	45994	5154	20110	1024	26114	5626	284	6428	0	1026	656	1026	2820	10658	12988	6998	4838	852	
312908	Cerebelum_Crus1_R	0	0	0	0	0	0	0	0	0	0	0	0	0	0	0	0	0	0	0	0	0	0	0	0	0	0	0	0	0	0	0	0	0	0	0	0	0	0	0	0	0	0	0	72	0	0	1340	2640	0	0	0	0	0	0	0	8386	0	0	0	0	0	0	0	0	0	0	0	0	0	0	0	0	0	0	0	0	0	0	0	0	0	0	0	0	0	0	0	0	0	2394	3296	0	1492	30578	0	540	376	8080	1978	46332	898	5316	1088	21788	0	1106	0	194	0	156	3266	5230	9402	382	124	0	
358068	Cerebelum_Crus2_L	0	0	0	0	0	0	0	0	0	0	0	0	0	0	0	0	0	0	0	0	0	0	0	0	0	0	0	0	0	0	0	0	0	0	0	0	0	0	0	0	0	0	0	0	0	0	1622	386	0	0	0	0	156	0	1468	0	0	0	0	0	0	0	0	0	0	0	0	0	0	0	0	0	0	0	0	0	0	0	0	0	0	0	0	0	0	0	0	0	620	0	40844	1492	0	5332	86	464	1238	1308	13044	2788	33734	1578	35832	5736	430	3750	0	612	432	660	1426	6200	9390	5630	2348	428	
278056	Cerebelum_Crus2_R	0	0	0	0	0	0	0	0	0	0	0	0	0	0	0	0	0	0	0	0	0	0	0	0	0	0	0	0	0	0	0	0	0	0	0	0	0	0	0	0	0	0	0	0	0	0	352	304	0	0	0	0	0	0	0	542	0	0	0	0	0	0	0	0	0	0	0	0	0	0	0	0	0	0	0	0	0	0	0	0	0	0	0	0	0	0	0	0	0	256	5720	30578	5332	0	0	262	244	1912	918	13364	4116	22676	4428	31668	0	1652	0	330	0	168	1358	1358	8680	2504	306	0	
27792	Cerebelum_3_L	0	0	0	0	0	0	0	0	0	0	0	0	0	0	0	0	0	0	0	0	0	0	0	0	0	0	0	0	0	0	0	0	0	0	0	0	0	0	0	0	0	0	0	0	0	0	226	0	0	0	0	0	0	0	260	0	0	0	0	0	0	0	0	0	0	0	0	0	0	0	0	0	0	0	0	0	0	0	0	0	0	0	0	0	0	0	0	0	0	0	302	0	86	0	0	136	5870	0	1172	96	94	0	178	0	1044	178	200	0	816	1308	1126	332	102	74	158	138	
47500	Cerebelum_3_R	0	0	0	0	0	0	0	0	0	0	0	0	0	0	0	0	0	0	0	0	0	0	0	0	0	0	0	0	0	0	0	0	0	0	0	0	0	0	0	0	0	0	0	0	0	0	0	0	0	0	0	0	0	0	0	242	0	0	0	0	0	0	0	0	0	0	0	0	0	0	0	0	0	0	0	0	0	0	0	0	0	0	0	0	0	0	0	0	0	0	650	540	464	262	136	0	712	3368	1050	2582	480	0	720	96	80	1488	0	0	558	2990	2256	1300	1452	872	1242	210	
261792	Cerebelum_4_5_L	0	0	0	0	0	0	0	0	0	0	0	0	0	0	0	0	0	0	0	0	0	0	0	0	0	0	0	0	0	0	0	0	0	0	0	0	88	0	144	0	0	0	0	0	0	0	11960	226	0	0	100	0	244	0	10264	114	0	0	0	0	0	0	0	0	0	0	0	0	0	0	0	0	0	0	0	0	0	0	0	0	0	0	0	0	0	0	0	0	172	0	11134	376	1238	244	5870	712	0	2656	31478	3070	1730	0	4884	190	3120	4196	692	0	2074	2938	11946	7238	3190	2440	3512	2656	
179552	Cerebelum_4_5_R	0	0	0	0	0	0	0	0	0	0	0	0	0	0	0	0	0	0	0	0	0	0	0	0	0	0	0	0	0	0	0	0	0	0	0	0	0	226	0	468	0	0	0	154	0	0	1372	3864	0	0	0	0	0	0	122	4736	0	0	0	0	0	0	0	0	0	0	0	82	0	0	0	0	0	0	0	0	0	0	0	0	0	0	0	0	0	0	0	0	0	0	1728	8080	1308	1912	0	3368	2656	0	3808	25192	776	346	1116	2044	176	1634	0	440	472	1154	11884	4646	3302	1436	978	296	
478712	Cerebelum_6_L	0	0	0	0	0	0	0	0	0	0	0	0	0	0	0	0	0	0	0	0	0	0	0	0	0	0	0	0	0	0	0	0	0	0	0	0	0	0	0	0	0	0	0	0	0	0	16676	666	0	0	230	0	1046	0	20404	206	0	0	0	0	0	0	0	0	0	0	0	0	0	0	0	0	0	0	0	0	0	0	0	0	0	0	0	0	0	0	0	0	884	0	45994	1978	13044	918	1172	1050	31478	3808	0	7952	6376	112	13032	1942	1778	8158	510	1116	1302	2200	8798	19570	11062	6338	7144	2412	
404280	Cerebelum_6_R	0	0	0	0	0	0	0	0	0	0	0	0	0	0	0	0	0	0	0	0	0	0	0	0	0	0	0	0	0	0	0	0	0	0	0	0	0	0	0	122	0	0	0	252	0	78	2816	8352	0	100	0	76	0	884	290	15166	0	0	0	0	0	0	0	0	0	0	0	0	0	0	0	0	0	0	0	0	0	0	0	0	0	0	0	0	0	0	0	0	0	274	5154	46332	2788	13364	96	2582	3070	25192	7952	0	1390	2398	1934	10630	194	2594	102	1224	1274	1764	12702	14870	12584	1720	1232	588	
284016	Cerebelum_7b_L	0	0	0	0	0	0	0	0	0	0	0	0	0	0	0	0	0	0	0	0	0	0	0	0	0	0	0	0	0	0	0	0	0	0	0	0	0	0	0	0	0	0	0	0	0	0	706	192	0	0	0	0	0	0	750	0	0	0	0	0	0	0	0	0	0	0	0	0	0	0	0	0	0	0	0	0	0	0	0	0	0	0	0	0	0	0	0	0	340	0	20110	898	33734	4116	94	480	1730	776	6376	1390	0	832	38892	4848	1100	3314	0	426	336	572	1066	3852	7382	4944	2348	404	
122036	Cerebelum_7b_R	0	0	0	0	0	0	0	0	0	0	0	0	0	0	0	0	0	0	0	0	0	0	0	0	0	0	0	0	0	0	0	0	0	0	0	0	0	0	0	0	0	0	0	0	0	0	0	78	0	0	0	0	0	0	0	146	0	0	0	0	0	0	0	0	0	0	0	0	0	0	0	0	0	0	0	0	0	0	0	0	0	0	0	0	0	0	0	0	0	132	1024	5316	1578	22676	0	0	0	346	112	2398	832	0	874	21538	0	896	0	200	0	0	226	216	1602	828	0	0	
429768	Cerebelum_8_L	0	0	0	0	0	0	0	0	0	0	0	0	0	0	0	0	0	0	0	0	0	0	0	0	0	0	0	0	0	0	0	0	0	0	0	0	0	0	0	0	0	0	0	0	0	0	2754	232	0	0	0	0	98	0	1452	0	0	0	0	0	0	0	0	0	0	0	0	0	0	0	0	0	0	0	0	0	0	0	0	0	0	0	0	0	0	0	0	0	224	0	26114	1088	35832	4428	178	720	4884	1116	13032	1934	38892	874	0	5594	10732	9350	466	928	510	1180	1734	10826	15636	12812	10190	1074	
294320	Cerebelum_8_R	0	0	0	0	0	0	0	0	0	0	0	0	0	0	0	0	0	0	0	0	0	0	0	0	0	0	0	0	0	0	0	0	0	0	0	0	0	0	0	0	0	0	0	0	0	0	988	276	0	0	0	0	0	0	160	480	0	0	0	0	0	0	0	0	0	0	0	0	0	0	0	0	0	0	0	0	0	0	0	0	0	0	0	0	0	0	0	0	0	450	5626	21788	5736	31668	0	96	190	2044	1942	10630	4848	21538	5594	0	0	14028	0	1018	0	102	668	3304	9262	3502	1222	0	
65248	Cerebelum_9_L	0	0	0	0	0	0	0	0	0	0	0	0	0	0	0	0	0	0	0	0	0	0	0	0	0	0	0	0	0	0	0	0	0	0	0	0	0	0	0	0	0	0	0	0	0	0	222	0	0	0	0	0	0	0	280	0	0	0	0	0	0	0	0	0	0	0	0	0	0	0	0	0	0	0	0	0	0	0	0	0	0	0	0	0	0	0	0	0	0	0	284	0	430	0	1044	80	3120	176	1778	194	1100	0	10732	0	0	892	3082	0	0	138	1574	1644	1260	1446	2138	1010	
232468	Cerebelum_9_R	0	0	0	0	0	0	0	0	0	0	0	0	0	0	0	0	0	0	0	0	0	0	0	0	0	0	0	0	0	0	0	0	0	0	0	0	0	0	0	0	0	0	0	0	0	0	2100	84	0	0	0	0	80	0	492	98	0	0	0	0	0	0	0	0	0	0	0	0	0	0	0	0	0	0	0	0	0	0	0	0	0	0	0	0	0	0	0	0	0	0	6428	1106	3750	1652	178	1488	4196	1634	8158	2594	3314	896	9350	14028	892	0	120	2132	918	1940	3528	11332	11406	8918	10586	2836	
11912	Cerebelum_10_L	0	0	0	0	0	0	0	0	0	0	0	0	0	0	0	0	0	0	0	0	0	0	0	0	0	0	0	0	0	0	0	0	0	0	0	0	0	0	0	0	0	0	0	0	0	0	0	0	0	0	0	0	0	0	74	0	0	0	0	0	0	0	0	0	0	0	0	0	0	0	0	0	0	0	0	0	0	0	0	0	0	0	0	0	0	0	0	0	0	0	0	0	0	0	200	0	692	0	510	102	0	0	466	0	3082	120	0	0	0	0	138	304	0	0	134	134	
32216	Cerebelum_10_R	0	0	0	0	0	0	0	0	0	0	0	0	0	0	0	0	0	0	0	0	0	0	0	0	0	0	0	0	0	0	0	0	0	0	0	0	0	0	0	0	0	0	0	0	0	0	202	0	0	0	0	0	0	0	0	0	0	0	0	0	0	0	0	0	0	0	0	0	0	0	0	0	0	0	0	0	0	0	0	0	0	0	0	0	0	0	0	0	0	0	1026	194	612	330	0	0	0	440	1116	1224	426	200	928	1018	0	2132	0	0	0	0	0	1864	1916	1478	1002	0	
42728	Vermis_1_2	0	0	0	0	0	0	0	0	0	0	0	0	0	0	0	0	0	0	0	0	0	0	0	0	0	0	0	0	0	0	0	0	0	0	0	0	0	0	0	0	0	0	0	0	0	0	162	0	0	0	0	0	0	0	0	0	0	0	0	0	0	0	0	0	0	0	0	0	0	0	0	0	0	0	0	0	0	0	0	0	0	0	0	0	0	0	0	0	0	0	656	0	432	0	816	558	2074	472	1302	1274	336	0	510	0	0	918	0	0	0	5108	3396	1352	492	178	684	644	
69088	Vermis_3	0	0	0	0	0	0	0	0	0	0	0	0	0	0	0	0	0	0	0	0	0	0	0	0	0	0	0	0	0	0	0	0	0	0	0	0	0	0	0	0	0	0	0	0	0	0	230	0	0	0	0	0	0	0	0	0	0	0	0	0	0	0	0	0	0	0	0	0	0	0	0	0	0	0	0	0	0	0	0	0	0	0	0	0	0	0	0	0	0	0	1026	156	660	168	1308	2990	2938	1154	2200	1764	572	0	1180	102	138	1940	0	0	5108	0	4180	2286	1314	704	1652	774	
201108	Vermis_4_5	0	0	0	0	0	0	0	0	0	0	0	0	0	0	0	0	0	0	0	0	0	0	0	0	0	0	0	0	0	0	0	0	0	0	0	568	0	504	0	198	0	0	0	306	0	232	2740	2644	0	0	90	0	216	0	716	1242	0	0	0	0	0	0	0	0	0	0	0	1278	0	0	0	0	0	0	0	0	0	194	0	0	0	0	0	0	0	0	0	0	0	0	2820	3266	1426	1358	1126	2256	11946	11884	8798	12702	1066	226	1734	668	1574	3528	138	0	3396	4180	0	6782	2178	1094	2274	3206	
333084	Vermis_6	0	0	0	0	0	0	0	0	0	0	0	0	0	0	0	0	0	0	0	0	0	0	0	0	0	0	0	0	0	0	0	0	0	0	0	0	0	0	0	0	0	0	0	0	0	0	5046	3676	0	0	0	0	114	414	882	2756	0	0	0	0	0	0	0	0	0	0	0	0	0	0	0	0	0	0	0	0	0	0	0	0	0	0	0	0	0	0	0	0	0	0	10658	5230	6200	1358	332	1300	7238	4646	19570	14870	3852	216	10826	3304	1644	11332	304	1864	1352	2286	6782	0	15584	8810	9832	4264	
339424	Vermis_7	0	0	0	0	0	0	0	0	0	0	0	0	0	0	0	0	0	0	0	0	0	0	0	0	0	0	0	0	0	0	0	0	0	0	0	0	0	0	0	0	0	0	0	0	0	0	3582	252	0	0	0	0	72	0	590	500	0	0	0	0	0	0	0	0	0	0	0	0	0	0	0	0	0	0	0	0	0	0	0	0	0	0	0	0	0	0	0	0	0	0	12988	9402	9390	8680	102	1452	3190	3302	11062	12584	7382	1602	15636	9262	1260	11406	0	1916	492	1314	2178	15584	0	13144	10646	742	
197864	Vermis_8	0	0	0	0	0	0	0	0	0	0	0	0	0	0	0	0	0	0	0	0	0	0	0	0	0	0	0	0	0	0	0	0	0	0	0	0	0	0	0	0	0	0	0	0	0	0	1576	0	0	0	0	0	0	0	410	0	0	0	0	0	0	0	0	0	0	0	0	0	0	0	0	0	0	0	0	0	0	0	0	0	0	0	0	0	0	0	0	0	0	0	6998	382	5630	2504	74	872	2440	1436	6338	1720	4944	828	12812	3502	1446	8918	0	1478	178	704	1094	8810	13144	0	10090	604	
178660	Vermis_9	0	0	0	0	0	0	0	0	0	0	0	0	0	0	0	0	0	0	0	0	0	0	0	0	0	0	0	0	0	0	0	0	0	0	0	0	0	0	0	0	0	0	0	0	0	0	1722	0	0	0	0	0	0	0	448	0	0	0	0	0	0	0	0	0	0	0	0	0	0	0	0	0	0	0	0	0	0	0	0	0	0	0	0	0	0	0	0	0	0	0	4838	124	2348	306	158	1242	3512	978	7144	1232	2348	0	10190	1222	2138	10586	134	1002	684	1652	2274	9832	10646	10090	0	2480	
