data	data	487388	259920	733928	685388	95956	127248	452888	173296	70488	26212	258220	166060	257288	117020	209000	84584	230896	136516	557836	772748	107736	119916	189204	230688	16956	88224	80940	71836	538900	357396	287308	373660	123132	409872	241208	352232	303528	454988	93264	337504	34876	71856	392760	463600	215740	424040	451424	509972	245560	440032	714244	469668	133312	163064	532500	685004	225208	206536	258584	163512	280420	102528	137100	120768	156088	131904	372680	629884	178428	186724	291620	366680	316992	324872	44528	35660	175888	267144	108148	29468	219544	124540	52768	62960	337252	469408	28580	32824	392984	362424	628204	598336	409248	443428	49268	88216	375068	339728	585516	533992	301576	205704	320612	341544	152300	193968	23224	44220	58816	120748	396088	277468	342812	189776	158828	64688	
data	data	Precentral_L	Precentral_R	Frontal_Sup_L	Frontal_Sup_R	Frontal_Sup_Orb_L	Frontal_Sup_Orb_R	Frontal_Mid_L	Frontal_Mid_R	Frontal_Mid_Orb_L	Frontal_Mid_Orb_R	Frontal_Inf_Oper_L	Frontal_Inf_Oper_R	Frontal_Inf_Tri_L	Frontal_Inf_Tri_R	Frontal_Inf_Orb_L	Frontal_Inf_Orb_R	Rolandic_Oper_L	Rolandic_Oper_R	Supp_Motor_Area_L	Supp_Motor_Area_R	Olfactory_L	Olfactory_R	Frontal_Sup_Medial_L	Frontal_Sup_Medial_R	Frontal_Med_Orb_L	Frontal_Med_Orb_R	Rectus_L	Rectus_R	Insula_L	Insula_R	Cingulum_Ant_L	Cingulum_Ant_R	Cingulum_Mid_L	Cingulum_Mid_R	Cingulum_Post_L	Cingulum_Post_R	Hippocampus_L	Hippocampus_R	ParaHippocampal_L	ParaHippocampal_R	Amygdala_L	Amygdala_R	Calcarine_L	Calcarine_R	Cuneus_L	Cuneus_R	Lingual_L	Lingual_R	Occipital_Sup_L	Occipital_Sup_R	Occipital_Mid_L	Occipital_Mid_R	Occipital_Inf_L	Occipital_Inf_R	Fusiform_L	Fusiform_R	Postcentral_L	Postcentral_R	Parietal_Sup_L	Parietal_Sup_R	Parietal_Inf_L	Parietal_Inf_R	SupraMarginal_L	SupraMarginal_R	Angular_L	Angular_R	Precuneus_L	Precuneus_R	Paracentral_Lobule_L	Paracentral_Lobule_R	Caudate_L	Caudate_R	Putamen_L	Putamen_R	Pallidum_L	Pallidum_R	Thalamus_L	Thalamus_R	Heschl_L	Heschl_R	Temporal_Sup_L	Temporal_Sup_R	Temporal_Pole_Sup_L	Temporal_Pole_Sup_R	Temporal_Mid_L	Temporal_Mid_R	Temporal_Pole_Mid_L	Temporal_Pole_Mid_R	Temporal_Inf_L	Temporal_Inf_R	Cerebelum_Crus1_L	Cerebelum_Crus1_R	Cerebelum_Crus2_L	Cerebelum_Crus2_R	Cerebelum_3_L	Cerebelum_3_R	Cerebelum_4_5_L	Cerebelum_4_5_R	Cerebelum_6_L	Cerebelum_6_R	Cerebelum_7b_L	Cerebelum_7b_R	Cerebelum_8_L	Cerebelum_8_R	Cerebelum_9_L	Cerebelum_9_R	Cerebelum_10_L	Cerebelum_10_R	Vermis_1_2	Vermis_3	Vermis_4_5	Vermis_6	Vermis_7	Vermis_8	Vermis_9	Vermis_10	
487388	Precentral_L	0	1980	12768	2834	0	0	25692	248	0	0	10508	424	1832	0	478	0	11216	90	7732	9012	0	0	118	0	0	0	0	0	12060	540	392	90	824	2702	9896	2740	9032	1802	828	322	0	0	5308	0	498	0	2754	364	126	0	8732	0	1206	0	1536	162	23520	456	506	0	7918	0	6560	92	416	0	5492	1042	8292	390	3340	1634	9616	126	2984	88	5674	4606	3606	0	3890	0	0	0	2532	0	0	0	3560	0	128	0	0	0	0	0	0	0	144	0	0	0	0	0	0	0	0	0	0	0	236	0	0	0	0	0	
259920	Precentral_R	1980	0	632	7970	0	0	348	7660	0	0	0	8826	0	286	0	0	0	3314	1192	12434	0	0	0	0	0	0	0	0	0	2030	0	0	264	2378	278	2158	76	4284	0	2732	0	0	0	2614	0	1008	0	418	0	644	0	2118	0	1348	0	4924	0	21462	0	266	0	1054	0	3650	0	168	0	4804	2746	7774	212	680	172	2414	84	268	72	1056	0	442	0	936	0	0	0	3536	0	0	0	6116	0	0	0	0	0	0	0	0	0	0	0	0	0	0	0	0	0	0	0	0	132	0	0	0	0	0	
733928	Frontal_Sup_L	12768	632	0	5100	2006	0	47760	264	862	0	22016	150	23982	0	10704	0	3384	106	68368	14952	94	0	24946	658	230	0	0	0	29540	172	18528	1274	2008	3762	2792	2694	4250	1268	112	298	0	0	250	0	0	0	314	272	0	0	720	0	0	0	682	156	756	0	88	0	342	0	552	0	158	0	654	648	3316	0	8464	1562	21218	0	4216	0	7380	4852	1340	0	1580	0	526	0	272	0	0	0	966	0	0	0	0	0	0	0	0	0	0	0	0	0	0	0	0	0	0	0	0	0	0	0	0	0	0	0	
685388	Frontal_Sup_R	2834	7970	5100	0	0	8350	1794	24766	0	474	226	8012	0	9280	0	3470	154	10154	9660	66448	0	106	6404	29206	0	3080	0	458	854	22076	3182	29248	320	17554	432	3982	452	5706	490	704	0	74	0	214	0	416	150	818	0	242	0	610	0	242	0	636	0	2002	0	0	0	114	0	1228	0	0	0	3558	1690	286	4310	9852	2064	14134	276	3420	1180	8844	0	664	0	136	0	0	0	756	0	0	0	702	0	0	0	0	0	0	0	0	0	0	0	0	0	0	0	0	0	0	0	0	1130	0	0	0	0	0	
95956	Frontal_Sup_Orb_L	0	0	2006	0	0	198	360	0	8692	0	0	0	736	0	10968	0	0	0	106	0	3000	1568	908	0	954	0	4316	284	5248	0	2126	260	0	0	0	0	0	0	0	0	72	0	0	0	0	0	0	0	0	0	0	0	0	0	0	0	0	0	0	0	0	0	0	0	0	0	0	0	0	0	2820	1502	1248	422	0	0	0	0	0	0	0	0	184	0	0	0	0	0	0	0	0	0	0	0	0	0	0	0	0	0	0	0	0	0	0	0	0	0	0	0	0	0	0	0	0	0	
127248	Frontal_Sup_Orb_R	0	0	0	8350	198	0	0	678	0	4466	0	218	0	646	0	4162	0	0	0	574	1164	3290	0	5412	390	6760	826	9102	0	4786	532	2356	0	0	0	0	0	0	0	0	0	0	0	0	0	0	0	0	0	0	0	0	0	0	0	0	0	0	0	0	0	0	0	0	0	0	0	0	0	0	684	3960	0	5070	0	0	0	0	0	0	0	0	0	0	0	0	0	0	0	0	0	0	0	0	0	0	0	0	0	0	0	0	0	0	0	0	0	0	0	0	0	0	0	0	0	0	
452888	Frontal_Mid_L	25692	348	47760	1794	360	0	0	210	1074	0	15804	0	27068	0	9232	0	3300	124	11408	3944	0	0	7776	0	0	0	0	0	13868	196	3342	0	512	336	4646	3082	4242	1516	438	492	0	0	604	0	0	0	954	644	0	0	650	0	106	0	732	224	1692	0	0	0	622	0	496	0	0	0	1678	786	294	0	1338	2762	5016	112	930	82	7298	7654	1006	0	660	0	0	0	420	0	0	0	1032	0	0	0	0	0	0	0	0	0	88	0	0	0	0	0	0	0	0	0	0	0	0	0	0	0	0	0	
173296	Frontal_Mid_R	248	7660	264	24766	0	678	210	0	0	378	0	5182	0	11182	0	1960	0	2002	430	3128	0	0	98	1778	0	400	0	0	0	5220	88	1640	0	792	0	480	84	1376	96	362	0	0	0	188	0	358	0	106	0	196	0	496	0	228	0	640	0	1528	0	0	0	186	0	1052	0	0	0	1388	0	0	1144	946	324	3062	70	1448	362	290	0	306	0	178	0	0	0	686	0	0	0	812	0	0	0	0	0	0	0	0	0	0	0	0	0	0	0	0	0	0	0	0	152	0	0	0	0	0	
70488	Frontal_Mid_Orb_L	0	0	862	0	8692	0	1074	0	0	0	0	0	2272	0	11428	0	0	0	0	0	916	810	0	0	268	0	2090	0	3362	0	562	166	0	0	0	0	0	0	0	0	0	0	0	0	0	0	0	0	0	0	0	0	0	0	0	0	0	0	0	0	0	0	0	0	0	0	0	0	0	0	1046	806	570	320	0	0	0	0	0	0	0	0	0	0	0	0	0	0	0	0	0	0	0	0	0	0	0	0	0	0	0	0	0	0	0	0	0	0	0	0	0	0	0	0	0	0	
26212	Frontal_Mid_Orb_R	0	0	0	474	0	4466	0	378	0	0	0	0	0	0	0	2920	0	0	0	0	122	302	0	0	0	288	86	1534	0	764	0	0	0	0	0	0	0	0	0	0	0	0	0	0	0	0	0	0	0	0	0	0	0	0	0	0	0	0	0	0	0	0	0	0	0	0	0	0	0	0	92	626	0	1054	0	0	0	0	0	0	0	0	0	0	0	0	0	0	0	0	0	0	0	0	0	0	0	0	0	0	0	0	0	0	0	0	0	0	0	0	0	0	0	0	0	0	
258220	Frontal_Inf_Oper_L	10508	0	22016	226	0	0	15804	0	0	0	0	462	15742	0	2138	0	6824	0	17900	332	0	0	1046	0	0	0	0	0	14374	496	5792	296	372	0	0	0	806	0	0	0	0	0	0	0	0	0	0	0	0	0	764	0	0	0	362	0	2646	0	74	0	448	0	86	0	128	0	0	0	82	0	3370	328	2326	0	366	0	118	0	816	0	1692	0	0	0	154	0	0	0	216	0	0	0	0	0	0	0	0	0	0	0	0	0	0	0	0	0	0	0	0	0	0	0	0	0	0	0	
166060	Frontal_Inf_Oper_R	424	8826	150	8012	0	218	0	5182	0	0	462	0	0	4916	0	254	344	5182	456	8694	0	0	0	312	0	0	0	0	160	15114	92	1298	0	424	82	538	0	3066	0	1924	0	192	0	86	0	0	0	0	0	0	0	0	0	0	0	2186	90	1338	0	0	0	262	0	364	0	0	0	556	0	88	1442	640	162	5230	0	352	96	74	0	300	0	634	0	232	0	502	0	0	0	1960	0	0	0	0	0	0	0	0	0	0	0	0	0	0	0	0	0	0	0	0	114	0	0	0	0	0	
257288	Frontal_Inf_Tri_L	1832	0	23982	0	736	0	27068	0	2272	0	15742	0	0	0	18792	0	108	0	10338	0	0	0	3702	0	0	0	0	0	18526	0	4534	0	194	0	0	0	0	0	0	0	0	0	0	0	0	0	0	0	0	0	0	0	0	0	0	0	0	0	0	0	0	0	0	0	0	0	0	0	0	0	240	0	478	0	0	0	0	0	0	0	100	0	0	0	0	0	0	0	0	0	0	0	0	0	0	0	0	0	0	0	0	0	0	0	0	0	0	0	0	0	0	0	0	0	0	0	
117020	Frontal_Inf_Tri_R	0	286	0	9280	0	646	0	11182	0	0	0	4916	0	0	0	3236	0	290	2292	4590	0	0	118	2556	0	0	0	0	0	12622	0	3736	0	2196	0	0	0	0	0	0	0	0	0	0	0	0	0	0	0	0	0	0	0	0	0	0	0	0	0	0	0	0	0	0	0	0	0	0	0	0	168	240	0	156	0	0	0	0	0	0	0	0	0	0	0	0	0	0	0	0	0	0	0	0	0	0	0	0	0	0	0	0	0	0	0	0	0	0	0	0	0	0	0	0	0	0	
209000	Frontal_Inf_Orb_L	478	0	10704	0	10968	0	9232	0	11428	0	2138	0	18792	0	0	0	372	0	2860	0	2874	988	2388	200	168	198	2444	106	17006	0	4252	336	84	0	0	0	128	0	0	0	126	0	0	0	0	0	0	0	0	0	0	0	0	0	72	0	0	0	0	0	0	0	0	0	0	0	0	0	0	0	2420	956	1910	314	0	0	0	0	0	0	96	0	462	0	0	0	0	0	0	0	0	0	0	0	0	0	0	0	0	0	0	0	0	0	0	0	0	0	0	0	0	0	0	0	0	0	
84584	Frontal_Inf_Orb_R	0	0	0	3470	0	4162	0	1960	0	2920	0	254	0	3236	0	0	0	82	0	300	650	2260	0	424	0	312	222	2012	0	8638	238	956	0	114	0	0	0	84	0	262	0	260	0	0	0	0	0	0	0	0	0	0	0	0	0	1088	0	0	0	0	0	0	0	0	0	0	0	0	0	0	280	2980	0	1802	0	0	0	0	0	0	0	220	0	2020	0	226	0	316	0	544	0	0	0	0	0	0	0	0	0	0	0	0	0	0	0	0	0	0	0	0	0	0	0	0	0	0	
230896	Rolandic_Oper_L	11216	0	3384	154	0	0	3300	0	0	0	6824	344	108	0	372	0	0	0	1694	172	0	0	0	0	0	0	0	0	20576	346	384	184	128	0	286	0	948	0	0	0	0	0	1200	0	236	0	160	0	82	0	9946	0	1634	0	1284	0	6664	0	2616	0	2320	0	2588	0	1778	0	760	0	0	0	1750	244	486	0	0	0	80	0	7164	0	12058	0	0	0	6226	0	0	0	5752	0	0	0	0	0	0	0	0	0	0	0	0	0	0	0	0	0	0	0	0	0	0	0	0	0	0	0	
136516	Rolandic_Oper_R	90	3314	106	10154	0	0	124	2002	0	0	0	5182	0	290	0	82	0	0	250	6154	0	0	0	0	0	0	0	0	0	14878	0	342	0	112	0	922	0	1548	0	510	0	0	0	96	0	402	0	108	0	394	0	568	0	94	0	828	0	3890	0	0	0	0	0	1816	0	114	0	1662	0	0	186	336	0	1954	0	92	0	148	0	3342	0	3354	0	730	0	1102	0	0	0	828	0	0	0	0	0	0	0	0	0	0	0	0	0	0	0	0	0	0	0	0	154	0	0	0	0	0	
557836	Supp_Motor_Area_L	7732	1192	68368	9660	106	0	11408	430	0	0	17900	456	10338	2292	2860	0	1694	250	0	38974	82	0	5194	2670	0	72	0	0	15612	1178	9836	5456	6288	15764	888	612	1948	720	0	0	0	0	172	0	0	0	88	0	0	0	682	0	0	0	494	0	334	0	74	0	244	0	0	0	104	0	208	242	4982	196	6702	3450	15252	1112	746	0	220	416	722	0	1082	0	498	0	202	0	0	0	716	0	0	0	0	0	0	0	0	0	0	0	0	0	0	0	0	0	0	0	0	0	0	0	0	0	0	0	
772748	Supp_Motor_Area_R	9012	12434	14952	66448	0	574	3944	3128	0	0	332	8694	0	4590	0	300	172	6154	38974	0	0	0	740	9730	0	1770	0	0	840	13500	3630	20672	3908	39876	1144	10976	654	5340	536	1898	0	358	154	2200	90	426	146	1348	0	76	96	442	0	398	0	2774	70	2294	0	0	0	108	0	422	0	0	288	5656	5990	19096	5544	19288	2752	11340	300	2022	478	11544	0	128	0	306	0	140	0	1106	0	0	0	3174	0	0	0	0	0	0	0	0	0	0	0	0	0	0	0	0	0	0	0	0	898	0	0	0	0	0	
107736	Olfactory_L	0	0	94	0	3000	1164	0	0	916	122	0	0	0	0	2874	650	0	0	82	0	0	7242	0	0	748	264	5748	1506	2786	324	3968	2116	0	0	0	0	430	0	188	0	544	134	0	0	0	0	0	0	0	0	0	0	0	0	334	0	0	0	0	0	0	0	0	0	0	0	0	0	0	0	7892	6628	1896	1842	0	0	0	0	0	0	0	0	376	0	0	0	0	0	0	0	0	0	0	0	0	0	0	0	0	0	0	0	0	0	0	0	0	0	0	0	0	0	0	0	0	0	
119916	Olfactory_R	0	0	0	106	1568	3290	0	0	810	302	0	0	0	0	988	2260	0	0	0	0	7242	0	0	0	354	790	4226	4338	0	3384	3480	2816	0	0	0	0	0	198	0	544	0	1320	0	0	0	0	0	0	0	0	0	0	0	0	0	0	0	0	0	0	0	0	0	0	0	0	0	0	0	0	6322	10186	2072	3140	0	0	0	0	0	0	0	0	0	222	0	0	0	0	0	0	0	0	0	0	0	0	0	0	0	0	0	0	0	0	0	0	0	0	0	0	0	0	0	0	0	0	
189204	Frontal_Sup_Medial_L	118	0	24946	6404	908	0	7776	98	0	0	1046	0	3702	118	2388	0	0	0	5194	740	0	0	0	10628	434	0	0	0	4596	172	12576	6068	1398	4314	0	0	0	0	0	0	0	0	0	0	0	0	0	0	0	0	0	0	0	0	0	0	0	0	0	0	0	0	0	0	0	0	0	0	0	0	74	0	904	0	0	0	0	0	0	0	0	0	0	0	0	0	0	0	0	0	0	0	0	0	0	0	0	0	0	0	0	0	0	0	0	0	0	0	0	0	0	0	0	0	0	0	
230688	Frontal_Sup_Medial_R	0	0	658	29206	0	5412	0	1778	0	0	0	312	0	2556	200	424	0	0	2670	9730	0	0	10628	0	0	4958	0	104	280	5524	2518	19914	0	11506	0	0	0	0	0	0	0	0	0	0	0	0	0	0	0	0	0	0	0	0	0	0	0	0	0	0	0	0	0	0	0	0	0	0	0	0	196	1280	138	5352	0	0	0	0	0	0	0	0	0	0	0	0	0	0	0	0	0	0	0	0	0	0	0	0	0	0	0	0	0	0	0	0	0	0	0	0	0	0	0	0	0	0	
16956	Frontal_Med_Orb_L	0	0	230	0	954	390	0	0	268	0	0	0	0	0	168	0	0	0	0	0	748	354	434	0	0	542	1084	106	0	0	1626	256	0	0	0	0	0	0	0	0	0	0	0	0	0	0	0	0	0	0	0	0	0	0	0	0	0	0	0	0	0	0	0	0	0	0	0	0	0	0	610	294	254	160	0	0	0	0	0	0	0	0	0	0	0	0	0	0	0	0	0	0	0	0	0	0	0	0	0	0	0	0	0	0	0	0	0	0	0	0	0	0	0	0	0	0	
88224	Frontal_Med_Orb_R	0	0	0	3080	0	6760	0	400	0	288	0	0	0	0	198	312	0	0	72	1770	264	790	0	4958	542	0	452	5292	114	578	898	7106	0	0	0	0	0	0	0	0	0	0	0	0	0	0	0	0	0	0	0	0	0	0	0	0	0	0	0	0	0	0	0	0	0	0	0	0	0	0	292	4258	96	5592	0	0	0	0	0	0	0	0	0	0	0	0	0	0	0	0	0	0	0	0	0	0	0	0	0	0	0	0	0	0	0	0	0	0	0	0	0	0	0	0	0	0	
80940	Rectus_L	0	0	0	0	4316	826	0	0	2090	86	0	0	0	0	2444	222	0	0	0	0	5748	4226	0	0	1084	452	0	1074	676	142	3644	1720	0	0	0	0	0	0	0	0	0	0	0	0	0	0	0	0	0	0	0	0	0	0	0	0	0	0	0	0	0	0	0	0	0	0	0	0	0	0	5718	4012	670	1320	0	0	0	0	0	0	0	0	0	0	0	0	0	0	0	0	0	0	0	0	0	0	0	0	0	0	0	0	0	0	0	0	0	0	0	0	0	0	0	0	0	0	
71836	Rectus_R	0	0	0	458	284	9102	0	0	0	1534	0	0	0	0	106	2012	0	0	0	0	1506	4338	0	104	106	5292	1074	0	0	1086	770	1668	0	0	0	0	0	0	0	0	0	0	0	0	0	0	0	0	0	0	0	0	0	0	0	0	0	0	0	0	0	0	0	0	0	0	0	0	0	0	890	4196	0	1392	0	0	0	0	0	0	0	0	0	0	0	0	0	0	0	0	0	0	0	0	0	0	0	0	0	0	0	0	0	0	0	0	0	0	0	0	0	0	0	0	0	0	
538900	Insula_L	12060	0	29540	854	5248	0	13868	0	3362	0	14374	160	18526	0	17006	0	20576	0	15612	840	2786	0	4596	280	0	114	676	0	0	168	7946	650	92	0	1784	0	12182	0	344	0	1432	0	1870	0	172	0	1340	0	106	0	5902	0	1302	0	5184	0	4282	100	548	0	662	0	1332	0	224	0	2114	0	0	0	4546	524	17806	0	0	0	972	86	9834	0	8596	0	2048	0	5418	0	0	0	9232	0	0	0	0	0	0	0	0	0	174	0	0	0	0	0	0	0	0	0	0	0	0	0	0	0	0	0	
357396	Insula_R	540	2030	172	22076	0	4786	196	5220	0	764	496	15114	0	12622	0	8638	346	14878	1178	13500	324	3384	172	5524	0	578	142	1086	168	0	200	5028	0	2166	96	2378	0	7020	76	2470	0	1570	0	76	0	118	0	218	0	100	0	196	0	0	0	3348	134	742	0	0	0	0	0	0	0	0	0	2480	0	0	930	2702	92	16418	0	140	92	976	0	1488	0	6030	0	1378	0	3286	0	0	0	2506	0	0	0	0	0	0	0	0	0	0	0	0	0	0	0	0	0	0	0	0	310	0	0	0	0	0	
287308	Cingulum_Ant_L	392	0	18528	3182	2126	532	3342	88	562	0	5792	92	4534	0	4252	238	384	0	9836	3630	3968	3480	12576	2518	1626	898	3644	770	7946	200	0	12484	2730	2560	544	0	246	0	0	0	0	0	0	0	0	0	0	0	0	0	0	0	0	0	0	0	0	0	0	0	0	0	0	0	0	0	0	0	0	0	9806	6542	10008	2382	0	0	282	650	194	0	90	0	0	0	0	0	0	0	0	0	0	0	0	0	0	0	0	0	0	0	0	0	0	0	0	0	0	0	0	0	0	0	0	0	0	0	
373660	Cingulum_Ant_R	90	0	1274	29248	260	2356	0	1640	166	0	296	1298	0	3736	336	956	184	342	5456	20672	2116	2816	6068	19914	256	7106	1720	1668	650	5028	12484	0	1280	18422	0	0	0	0	0	0	0	0	0	0	0	0	0	0	0	0	0	0	0	0	0	0	0	0	0	0	0	0	0	0	0	0	0	0	0	0	4480	21466	1310	9946	0	0	388	1312	0	0	90	0	0	0	0	0	0	0	0	0	0	0	0	0	0	0	0	0	0	0	0	0	0	0	0	0	0	0	0	0	0	0	0	0	0	0	
123132	Cingulum_Mid_L	824	264	2008	320	0	0	512	0	0	0	372	0	194	0	84	0	128	0	6288	3908	0	0	1398	0	0	0	0	0	92	0	2730	1280	0	9120	8260	3010	0	168	0	72	0	0	592	116	1366	76	74	110	1154	0	2098	0	0	0	0	0	126	0	1320	0	430	0	0	0	0	0	3816	1256	6138	1480	128	0	0	0	0	0	0	0	0	0	0	0	0	0	86	0	0	0	168	0	0	0	0	0	0	0	0	0	0	0	0	0	0	0	0	0	0	0	0	0	0	0	0	0	0	0	
409872	Cingulum_Mid_R	2702	2378	3762	17554	0	0	336	792	0	0	0	424	0	2196	0	114	0	112	15764	39876	0	0	4314	11506	0	0	0	0	0	2166	2560	18422	9120	0	4404	15802	0	1356	0	1044	0	0	0	3204	0	1992	0	2218	0	322	0	548	0	132	0	1018	0	1698	0	0	0	0	0	0	0	0	1784	12906	4288	14706	822	262	264	530	0	0	0	124	0	0	0	0	0	0	0	514	0	0	0	752	0	0	0	0	0	0	0	0	0	0	0	0	0	0	0	0	0	0	0	0	148	0	0	0	0	0	
241208	Cingulum_Post_L	9896	278	2792	432	0	0	4646	0	0	0	0	82	0	0	0	0	286	0	888	1144	0	0	0	0	0	0	0	0	1784	96	544	0	8260	4404	0	10690	9982	2024	160	1084	0	0	8358	562	4610	0	6134	1358	0	0	966	0	0	0	240	758	982	0	88	0	0	0	376	0	0	0	14490	4040	4020	688	566	484	808	0	356	0	5438	4514	396	0	206	0	0	0	102	0	0	0	270	150	0	0	0	0	0	0	0	0	0	0	0	0	0	0	0	0	0	0	0	0	172	0	0	0	0	0	
352232	Cingulum_Post_R	2740	2158	2694	3982	0	0	3082	480	0	0	0	538	0	0	0	0	0	922	612	10976	0	0	0	0	0	0	0	0	0	2378	0	0	3010	15802	10690	0	1722	15418	0	4910	0	0	0	8206	118	1422	0	9420	0	316	0	906	0	368	0	4584	88	2504	0	0	0	0	0	0	0	0	1522	25624	688	10040	312	1338	226	138	102	0	6016	12080	0	146	0	100	0	0	0	1092	0	0	0	3190	0	0	0	0	0	0	0	124	0	0	0	0	0	0	0	0	0	0	0	0	3332	0	0	0	0	0	
303528	Hippocampus_L	9032	76	4250	452	0	0	4242	84	0	0	806	0	0	0	128	0	948	0	1948	654	430	0	0	0	0	0	0	0	12182	0	246	0	0	0	9982	1722	0	1614	11588	762	6616	0	4746	0	116	0	7828	98	0	0	300	0	0	0	17248	576	1698	70	0	0	0	0	504	0	0	0	8568	166	0	0	1294	114	8712	384	664	0	5300	2558	2322	0	1448	0	542	0	1144	0	0	0	13822	70	764	0	0	0	0	0	786	0	1892	0	0	0	84	0	0	0	0	0	86	98	0	0	0	0	0	0	
454988	Hippocampus_R	1802	4284	1268	5706	0	0	1516	1376	0	0	0	3066	0	0	0	84	0	1548	720	5340	0	198	0	0	0	0	0	0	0	7020	0	0	168	1356	2024	15418	1614	0	1114	40886	0	10618	0	2472	0	110	0	6430	0	0	0	108	0	124	0	37532	82	314	0	0	0	0	0	0	0	0	0	12214	634	1244	154	1086	280	14562	78	1310	1148	9834	0	430	0	2450	0	936	0	2508	0	0	0	15818	0	718	0	218	0	134	96	2216	0	1658	0	0	0	74	0	350	0	0	0	0	2952	0	0	0	94	0	
93264	ParaHippocampal_L	828	0	112	490	0	0	438	96	0	0	0	0	0	0	0	0	0	0	0	536	188	0	0	0	0	0	0	0	344	76	0	0	0	0	160	0	11588	1114	0	600	1616	90	248	0	0	0	4660	120	0	0	0	0	0	0	7860	546	148	0	0	0	0	0	0	0	0	0	1048	0	0	0	130	0	1624	730	0	74	870	874	0	0	0	0	336	0	0	0	218	0	1622	96	452	0	82	0	266	226	2738	0	2188	0	144	0	214	0	92	0	176	0	204	370	0	0	0	0	0	0	
337504	ParaHippocampal_R	322	2732	298	704	0	0	492	362	0	0	0	1924	0	0	0	262	0	510	0	1898	0	544	0	0	0	0	0	0	0	2470	0	0	72	1044	1084	4910	762	40886	600	0	0	9606	0	2328	0	0	0	8054	0	0	0	0	0	158	0	35548	0	114	0	0	0	0	0	0	0	0	0	6060	0	992	100	250	106	6754	0	710	406	3788	0	180	0	1066	0	3370	0	1202	0	1728	0	10392	132	1408	106	654	0	628	108	5772	0	2450	104	0	82	398	0	694	0	0	0	0	634	0	202	238	354	0	
34876	Amygdala_L	0	0	0	0	72	0	0	0	0	0	0	0	0	0	126	0	0	0	0	0	544	0	0	0	0	0	0	0	1432	0	0	0	0	0	0	0	6616	0	1616	0	0	0	0	0	0	0	0	0	0	0	0	0	0	0	4498	0	0	0	0	0	0	0	0	0	0	0	0	0	0	0	134	0	186	0	0	0	0	0	0	0	0	0	406	0	0	0	0	0	1808	0	0	0	0	0	0	0	0	0	0	0	0	0	0	0	0	0	0	0	0	0	0	0	0	0	0	0	
71856	Amygdala_R	0	0	0	74	0	0	0	0	0	0	0	192	0	0	0	260	0	0	0	358	134	1320	0	0	0	0	0	0	0	1570	0	0	0	0	0	0	0	10618	90	9606	0	0	0	0	0	0	0	0	0	0	0	0	0	0	0	5712	0	0	0	0	0	0	0	0	0	0	0	0	0	0	90	146	0	2854	0	0	0	0	0	0	0	0	0	2290	0	0	0	424	0	190	0	0	0	0	0	0	0	0	0	0	0	0	0	0	0	0	0	0	0	0	0	0	0	0	0	0	
392760	Calcarine_L	5308	0	250	0	0	0	604	0	0	0	0	0	0	0	0	0	1200	0	172	154	0	0	0	0	0	0	0	0	1870	0	0	0	592	0	8358	0	4746	0	248	0	0	0	0	8128	17250	6710	19940	2008	10842	3448	44324	1384	6230	206	8234	378	2068	0	680	0	330	0	336	0	0	0	25782	516	5842	0	0	74	136	0	0	0	0	0	706	0	614	0	0	0	1668	132	0	0	4912	0	0	0	0	0	0	0	0	0	0	0	0	0	0	0	0	0	0	0	0	0	0	0	0	0	0	0	
463600	Calcarine_R	0	2614	0	214	0	0	0	188	0	0	0	86	0	0	0	0	0	96	0	2200	0	0	0	0	0	0	0	0	0	76	0	0	116	3204	562	8206	0	2472	0	2328	0	0	8128	0	3468	31796	5618	29318	174	25084	102	19844	0	10086	0	17618	0	2042	0	830	0	132	0	204	0	156	1256	31804	238	4706	0	0	0	0	0	0	0	252	0	0	0	98	0	0	0	8270	0	0	0	6736	0	168	0	0	0	0	0	0	182	310	0	0	0	0	0	0	0	0	0	0	360	458	0	0	0	0	
215740	Cuneus_L	498	0	0	0	0	0	0	0	0	0	0	0	0	0	0	0	236	0	0	90	0	0	0	0	0	0	0	0	172	0	0	0	1366	0	4610	118	116	0	0	0	0	0	17250	3468	0	6584	2924	284	21794	1918	18882	320	536	300	418	330	402	0	2022	0	328	0	82	0	0	0	18048	1448	2850	0	0	0	0	0	0	0	0	0	0	0	98	0	0	0	232	0	0	0	146	0	0	0	0	0	0	0	0	0	0	0	0	0	0	0	0	0	0	0	0	0	0	0	0	0	0	0	
424040	Cuneus_R	0	1008	0	416	0	0	0	358	0	0	0	0	0	0	0	0	0	402	0	426	0	0	0	0	0	0	0	0	0	118	0	0	76	1992	0	1422	0	110	0	0	0	0	6710	31796	6584	0	2894	7286	404	47204	166	27240	0	3514	0	2688	0	2618	0	10238	0	372	0	740	0	404	3266	31628	322	2394	0	0	0	0	0	0	0	0	0	106	0	292	0	0	0	16710	0	0	0	116	0	0	0	0	0	0	0	0	0	0	0	0	0	0	0	0	0	0	0	0	0	0	0	0	0	0	
451424	Lingual_L	2754	0	314	150	0	0	954	0	0	0	0	0	0	0	0	0	160	0	88	146	0	0	0	0	0	0	0	0	1340	0	0	0	74	0	6134	0	7828	0	4660	0	0	0	19940	5618	2924	2894	0	7840	2566	1954	18260	580	8796	670	28700	2370	1036	0	258	0	74	0	254	0	0	0	10704	266	564	0	208	74	868	0	72	0	1136	898	302	0	190	0	0	0	226	126	0	0	1690	0	13852	1878	526	460	0	0	17294	2258	24940	3172	0	124	78	0	0	0	0	0	0	0	8100	5520	850	0	0	0	
509972	Lingual_R	364	418	272	818	0	0	644	106	0	0	0	0	0	0	0	0	0	108	0	1348	0	0	0	0	0	0	0	0	0	218	0	0	110	2218	1358	9420	98	6430	120	8054	0	0	2008	29318	284	7286	7840	0	0	8804	158	7366	506	6016	2326	32208	0	632	0	0	0	0	0	0	0	0	394	16746	0	1466	0	602	0	0	0	0	208	3524	0	0	0	0	0	0	0	780	0	0	0	4062	3282	14390	524	342	116	228	4284	10396	8838	17852	0	0	0	0	0	0	0	0	0	86	11324	16326	2234	0	0	126	
245560	Occipital_Sup_L	126	0	0	0	0	0	0	0	0	0	0	0	0	0	0	0	82	0	0	0	0	0	0	0	0	0	0	0	106	0	0	0	1154	0	0	0	0	0	0	0	0	0	10842	174	21794	404	2566	0	0	156	41704	0	690	104	222	130	338	0	17972	0	6708	0	0	0	2808	0	12810	0	1378	0	0	0	0	0	0	0	0	0	0	0	84	0	0	0	340	0	0	0	88	0	0	0	0	0	0	0	0	0	0	0	0	0	0	0	0	0	0	0	0	0	0	0	0	0	0	0	
440032	Occipital_Sup_R	0	644	0	242	0	0	0	196	0	0	0	0	0	0	0	0	0	394	0	76	0	0	0	0	0	0	0	0	0	100	0	0	0	322	0	316	0	0	0	0	0	0	3448	25084	1918	47204	1954	8804	156	0	74	42674	0	6276	0	2872	0	3918	0	17664	0	1706	0	544	0	5536	690	24308	132	720	0	0	0	0	0	0	0	0	0	92	0	240	0	0	0	21536	0	0	0	0	0	0	0	0	0	0	0	0	0	84	0	0	0	0	0	0	0	0	0	0	0	92	0	0	0	0	
714244	Occipital_Mid_L	8732	0	720	0	0	0	650	0	0	0	764	0	0	0	0	0	9946	0	682	96	0	0	0	0	0	0	0	0	5902	0	0	0	2098	0	966	0	300	0	0	0	0	0	44324	102	18882	166	18260	158	41704	74	0	0	20314	0	10414	80	5438	0	34868	0	24642	0	3332	0	20030	0	19702	0	8338	0	0	0	0	0	0	0	0	0	3012	0	6550	0	0	0	29034	0	0	0	16010	0	84	0	0	0	0	0	218	0	228	0	0	0	0	0	0	0	0	0	0	0	230	72	0	0	0	0	
469668	Occipital_Mid_R	0	2118	0	610	0	0	0	496	0	0	0	0	0	0	0	0	0	568	0	442	0	0	0	0	0	0	0	0	0	196	0	0	0	548	0	906	0	108	0	0	0	0	1384	19844	320	27240	580	7366	0	42674	0	0	0	11834	0	2604	0	4386	0	10670	0	5014	0	2540	0	16448	346	22784	124	1000	0	0	0	0	0	0	0	0	0	158	0	750	0	0	0	44674	0	0	0	6012	0	0	0	0	0	0	0	0	0	0	0	0	0	0	0	0	0	0	0	0	0	90	0	0	0	0	
133312	Occipital_Inf_L	1206	0	0	0	0	0	106	0	0	0	0	0	0	0	0	0	1634	0	0	0	0	0	0	0	0	0	0	0	1302	0	0	0	0	0	0	0	0	0	0	0	0	0	6230	0	536	0	8796	506	690	0	20314	0	0	0	10940	128	76	0	136	0	94	0	0	0	0	0	1204	0	0	0	0	0	0	0	0	0	0	0	1474	0	332	0	0	0	3820	0	0	0	4096	0	230	154	0	0	0	0	672	208	568	244	0	0	0	0	0	0	0	0	0	0	722	238	0	0	0	0	
163064	Occipital_Inf_R	0	1348	0	242	0	0	0	228	0	0	0	0	0	0	0	0	0	94	0	398	0	0	0	0	0	0	0	0	0	0	0	0	0	132	0	368	0	124	0	158	0	0	206	10086	300	3514	670	6016	104	6276	0	11834	0	0	0	13182	0	976	0	176	0	0	0	0	0	0	74	6280	0	540	0	0	0	0	0	0	0	0	0	0	0	86	0	0	0	6666	0	0	0	7970	146	242	0	0	0	0	0	166	388	1022	0	0	0	0	0	0	0	0	0	0	416	964	140	0	0	0	
532500	Fusiform_L	1536	0	682	0	0	0	732	0	0	0	362	0	0	0	72	0	1284	0	494	0	334	0	0	0	0	0	0	0	5184	0	0	0	0	0	240	0	17248	0	7860	0	4498	0	8234	0	418	0	28700	2326	222	0	10414	0	10940	0	0	616	594	0	154	0	148	0	442	0	88	0	4812	0	136	0	200	0	2528	0	0	0	776	408	2656	0	1052	0	2790	0	3522	0	1292	0	26782	0	31788	1128	1538	102	338	0	22400	1376	44874	1966	366	0	416	0	214	0	194	0	70	100	5372	2674	404	82	72	0	
685004	Fusiform_R	162	4924	156	636	0	0	224	640	0	0	0	2186	0	0	0	1088	0	828	0	2774	0	0	0	0	0	0	0	0	0	3348	0	0	0	1018	758	4584	576	37532	546	35548	0	5712	378	17618	330	2688	2370	32208	130	2872	80	2604	128	13182	616	0	0	794	0	0	0	0	0	92	0	0	112	12870	0	2494	0	112	90	7624	0	996	214	2080	0	452	0	3544	0	7460	0	7518	0	2822	0	38320	1050	19640	222	1088	0	292	1232	13302	2878	24374	0	0	0	102	0	0	0	0	0	102	5600	6052	440	90	0	0	
225208	Postcentral_L	23520	0	756	0	0	0	1692	0	0	0	2646	90	0	0	0	0	6664	0	334	70	0	0	0	0	0	0	0	0	4282	134	0	0	126	0	982	88	1698	82	148	0	0	0	2068	0	402	0	1036	0	338	0	5438	0	76	0	594	0	0	0	4766	0	20086	0	12616	0	532	0	2928	74	6212	0	370	138	904	0	100	0	548	180	1960	0	5766	0	0	0	1472	0	0	0	618	0	0	0	0	0	0	0	0	0	0	0	0	0	0	0	0	0	0	0	0	0	70	0	0	0	0	0	
206536	Postcentral_R	456	21462	0	2002	0	0	0	1528	0	0	0	1338	0	0	0	0	0	3890	0	2294	0	0	0	0	0	0	0	0	100	742	0	0	0	1698	0	2504	70	314	0	114	0	0	0	2042	0	2618	0	632	0	3918	0	4386	0	976	0	794	0	0	0	7404	0	8404	0	13796	0	1482	0	6556	0	3640	74	0	186	338	0	0	72	384	0	148	0	648	0	0	0	4524	0	0	0	1554	0	0	0	0	0	0	0	0	0	0	0	0	0	0	0	0	0	0	0	0	180	0	0	0	0	0	
258584	Parietal_Sup_L	506	0	88	0	0	0	0	0	0	0	74	0	0	0	0	0	2616	0	74	0	0	0	0	0	0	0	0	0	548	0	0	0	1320	0	88	0	0	0	0	0	0	0	680	0	2022	0	258	0	17972	0	34868	0	136	0	154	0	4766	0	0	0	22808	0	1624	0	11688	0	14680	0	3366	0	0	0	0	0	0	0	0	0	196	0	2016	0	0	0	5960	0	0	0	784	0	0	0	0	0	0	0	0	0	0	0	0	0	0	0	0	0	0	0	0	0	0	0	0	0	0	0	
163512	Parietal_Sup_R	0	266	0	0	0	0	0	0	0	0	0	0	0	0	0	0	0	0	0	0	0	0	0	0	0	0	0	0	0	0	0	0	0	0	0	0	0	0	0	0	0	0	0	830	0	10238	0	0	0	17664	0	10670	0	176	0	0	0	7404	0	0	0	6220	0	2330	0	5116	0	13220	0	0	0	0	0	0	0	0	0	0	0	0	0	80	0	0	0	7542	0	0	0	0	0	0	0	0	0	0	0	0	0	0	0	0	0	0	0	0	0	0	0	0	0	0	0	0	0	0	
280420	Parietal_Inf_L	7918	0	342	0	0	0	622	0	0	0	448	0	0	0	0	0	2320	0	244	0	0	0	0	0	0	0	0	0	662	0	0	0	430	0	0	0	0	0	0	0	0	0	330	0	328	0	74	0	6708	0	24642	0	94	0	148	0	20086	0	22808	0	0	0	13464	0	21316	0	4064	0	4098	0	0	0	0	0	0	0	0	0	172	0	1908	0	0	0	6248	0	0	0	736	0	0	0	0	0	0	0	0	0	0	0	0	0	0	0	0	0	0	0	0	0	0	0	0	0	0	0	
102528	Parietal_Inf_R	0	1054	0	114	0	0	0	186	0	0	0	262	0	0	0	0	0	0	0	108	0	0	0	0	0	0	0	0	0	0	0	0	0	0	0	0	0	0	0	0	0	0	0	132	0	372	0	0	0	1706	0	5014	0	0	0	0	0	8404	0	6220	0	0	0	11632	0	13134	0	588	0	0	0	0	0	0	0	0	0	0	0	0	0	0	0	0	0	2202	0	0	0	136	0	0	0	0	0	0	0	0	0	0	0	0	0	0	0	0	0	0	0	0	0	0	0	0	0	0	
137100	SupraMarginal_L	6560	0	552	0	0	0	496	0	0	0	86	0	0	0	0	0	2588	0	0	0	0	0	0	0	0	0	0	0	1332	0	0	0	0	0	376	0	504	0	0	0	0	0	336	0	82	0	254	0	0	0	3332	0	0	0	442	0	12616	0	1624	0	13464	0	0	0	7600	0	354	0	0	0	0	0	0	0	0	0	0	0	492	0	7886	0	0	0	5642	0	0	0	1932	0	0	0	0	0	0	0	0	0	0	0	0	0	0	0	0	0	0	0	0	0	0	0	0	0	0	0	
120768	SupraMarginal_R	92	3650	0	1228	0	0	0	1052	0	0	0	364	0	0	0	0	0	1816	0	422	0	0	0	0	0	0	0	0	0	0	0	0	0	0	0	0	0	0	0	0	0	0	0	204	0	740	0	0	0	544	0	2540	0	0	0	92	0	13796	0	2330	0	11632	0	0	0	7512	0	1252	0	78	0	0	0	0	0	0	0	138	0	258	0	5084	0	0	0	5152	0	0	0	408	0	0	0	0	0	0	0	0	0	0	0	0	0	0	0	0	0	0	0	0	0	0	0	0	0	0	
156088	Angular_L	416	0	158	0	0	0	0	0	0	0	128	0	0	0	0	0	1778	0	104	0	0	0	0	0	0	0	0	0	224	0	0	0	0	0	0	0	0	0	0	0	0	0	0	0	0	0	0	0	2808	0	20030	0	0	0	88	0	532	0	11688	0	21316	0	7600	0	0	0	136	0	0	0	0	0	0	0	0	0	0	0	0	0	2142	0	0	0	8244	0	0	0	652	0	0	0	0	0	0	0	0	0	0	0	0	0	0	0	0	0	0	0	0	0	0	0	0	0	0	0	
131904	Angular_R	0	168	0	0	0	0	0	0	0	0	0	0	0	0	0	0	0	114	0	0	0	0	0	0	0	0	0	0	0	0	0	0	0	0	0	0	0	0	0	0	0	0	0	156	0	404	0	0	0	5536	0	16448	0	0	0	0	0	1482	0	5116	0	13134	0	7512	0	0	0	680	0	0	0	0	0	0	0	0	0	0	0	0	0	4324	0	0	0	10056	0	0	0	822	0	0	0	0	0	0	0	0	0	0	0	0	0	0	0	0	0	0	0	0	0	0	0	0	0	0	
372680	Precuneus_L	5492	0	654	0	0	0	1678	0	0	0	0	0	0	0	0	0	760	0	208	288	0	0	0	0	0	0	0	0	2114	0	0	0	3816	1784	14490	1522	8568	0	1048	0	0	0	25782	1256	18048	3266	10704	394	12810	690	19702	346	1204	74	4812	112	2928	0	14680	0	4064	0	354	0	136	0	0	6898	7234	566	174	92	440	0	186	0	1390	88	626	0	450	0	0	0	572	246	0	0	3516	0	0	0	0	0	0	0	78	0	0	0	0	0	0	0	0	0	0	0	0	0	0	0	0	0	0	0	
629884	Precuneus_R	1042	4804	648	3558	0	0	786	1388	0	0	0	556	0	0	0	0	0	1662	242	5656	0	0	0	0	0	0	0	0	0	2480	0	0	1256	12906	4040	25624	166	12214	0	6060	0	0	516	31804	1448	31628	266	16746	0	24308	0	22784	0	6280	0	12870	74	6556	0	13220	0	588	0	1252	0	680	6898	0	1286	11760	0	276	104	122	0	0	978	3644	0	314	0	586	0	0	0	19498	0	0	0	9528	0	220	0	0	0	0	0	294	0	260	0	0	0	0	0	0	0	0	0	0	3066	0	0	0	0	0	
178428	Paracentral_Lobule_L	8292	2746	3316	1690	0	0	294	0	0	0	82	0	0	0	0	0	0	0	4982	5990	0	0	0	0	0	0	0	0	0	0	0	0	6138	4288	4020	688	0	634	0	0	0	0	5842	238	2850	322	564	0	1378	132	8338	124	0	0	136	0	6212	0	3366	0	4098	0	0	0	0	0	7234	1286	0	1754	114	224	0	0	0	0	0	742	0	0	0	0	0	0	812	106	0	0	182	0	0	0	0	0	0	0	0	0	0	0	0	0	0	0	0	0	0	0	0	0	0	0	0	0	0	0	
186724	Paracentral_Lobule_R	390	7774	0	286	0	0	0	0	0	0	0	88	0	0	0	0	0	0	196	19096	0	0	0	0	0	0	0	0	0	0	0	0	1480	14706	688	10040	0	1244	0	992	0	0	0	4706	0	2394	0	1466	0	720	0	1000	0	540	0	2494	0	3640	0	0	0	0	0	78	0	0	566	11760	1754	0	0	0	0	0	0	0	0	138	0	0	0	236	0	0	0	1554	0	0	0	3144	0	0	0	0	0	0	0	0	0	0	0	0	0	0	0	0	0	0	0	0	192	0	0	0	0	0	
291620	Caudate_L	3340	212	8464	4310	2820	684	1338	1144	1046	92	3370	1442	240	168	2420	280	1750	186	6702	5544	7892	6322	74	196	610	292	5718	890	4546	930	9806	4480	128	822	566	312	1294	154	130	100	134	90	0	0	0	0	208	0	0	0	0	0	0	0	200	0	370	74	0	0	0	0	0	0	0	0	174	0	114	0	0	14458	19490	2012	2008	0	10896	3834	166	0	532	0	86	0	0	0	0	0	150	0	0	0	0	0	0	0	0	0	0	0	0	0	0	0	0	0	0	0	0	0	0	0	0	0	0	0	
366680	Caudate_R	1634	680	1562	9852	1502	3960	2762	946	806	626	328	640	0	240	956	2980	244	336	3450	19288	6628	10186	0	1280	294	4258	4012	4196	524	2702	6542	21466	0	262	484	1338	114	1086	0	250	0	146	74	0	0	0	74	602	0	0	0	0	0	0	0	112	138	0	0	0	0	0	0	0	0	0	92	276	224	0	14458	0	4144	17260	98	1894	3556	21658	0	0	120	0	0	0	0	0	0	0	0	0	0	0	0	0	0	0	0	0	0	0	0	0	0	0	0	0	0	0	0	0	0	0	0	0	0	0	
316992	Putamen_L	9616	172	21218	2064	1248	0	5016	324	570	0	2326	162	478	0	1910	0	486	0	15252	2752	1896	2072	904	138	254	96	670	0	17806	92	10008	1310	0	264	808	226	8712	280	1624	106	186	0	136	0	0	0	868	0	0	0	0	0	0	0	2528	90	904	186	0	0	0	0	0	0	0	0	440	104	0	0	19490	4144	0	766	6570	0	4770	410	98	0	1230	0	1162	0	240	0	0	0	2598	0	166	0	0	0	0	0	0	0	550	0	0	0	0	0	0	0	0	0	0	0	0	0	0	0	0	0	
324872	Putamen_R	126	2414	0	14134	422	5070	112	3062	320	1054	0	5230	0	156	314	1802	0	1954	1112	11340	1842	3140	0	5352	160	5592	1320	1392	0	16418	2382	9946	0	530	0	138	384	14562	730	6754	0	2854	0	0	0	0	0	0	0	0	0	0	0	0	0	7624	0	338	0	0	0	0	0	0	0	0	0	122	0	0	2012	17260	766	0	0	4360	122	1590	0	0	0	454	0	268	0	606	0	0	0	3238	0	270	0	80	0	0	0	380	0	828	0	0	0	0	0	0	0	0	0	0	0	0	0	0	0	0	
44528	Pallidum_L	2984	84	4216	276	0	0	930	70	0	0	366	0	0	0	0	0	0	0	746	300	0	0	0	0	0	0	0	0	0	0	0	0	0	0	356	102	664	78	0	0	0	0	0	0	0	0	72	0	0	0	0	0	0	0	0	0	100	0	0	0	0	0	0	0	0	0	186	0	0	0	2008	98	6570	0	0	0	1898	160	0	0	0	0	0	0	0	0	0	0	0	0	0	0	0	0	0	0	0	0	0	0	0	0	0	0	0	0	0	0	0	0	0	0	0	0	0	0	
35660	Pallidum_R	88	268	0	3420	0	0	82	1448	0	0	0	352	0	0	0	0	0	92	0	2022	0	0	0	0	0	0	0	0	0	140	0	0	0	0	0	0	0	1310	74	710	0	0	0	0	0	0	0	0	0	0	0	0	0	0	0	996	0	0	0	0	0	0	0	0	0	0	0	0	0	0	0	1894	0	4360	0	0	0	0	0	0	0	0	0	0	0	88	0	0	0	404	0	0	0	0	0	0	0	0	0	82	0	0	0	0	0	0	0	0	0	0	0	0	0	0	0	0	
175888	Thalamus_L	5674	72	7380	1180	0	0	7298	362	0	0	118	96	0	0	0	0	80	0	220	478	0	0	0	0	0	0	0	0	972	92	282	388	0	0	5438	6016	5300	1148	870	406	0	0	0	0	0	0	1136	208	0	0	0	0	0	0	776	214	548	72	0	0	0	0	0	0	0	0	1390	978	0	0	10896	3556	4770	122	1898	0	0	15454	848	0	176	0	0	0	128	0	0	0	904	0	0	0	0	0	0	0	0	0	0	0	0	0	0	0	0	0	0	0	0	0	0	0	0	0	0	0	
267144	Thalamus_R	4606	1056	4852	8844	0	0	7654	290	0	0	0	74	0	0	0	0	0	148	416	11544	0	0	0	0	0	0	0	0	86	976	650	1312	0	124	4514	12080	2558	9834	874	3788	0	0	0	252	0	0	898	3524	0	0	0	0	0	0	408	2080	180	384	0	0	0	0	0	138	0	0	88	3644	742	138	3834	21658	410	1590	160	0	15454	0	0	0	0	228	0	0	0	178	0	0	0	364	0	0	0	0	0	0	118	204	0	0	0	0	0	0	0	0	0	0	0	0	618	0	0	0	0	0	
108148	Heschl_L	3606	0	1340	0	0	0	1006	0	0	0	816	0	0	0	0	0	7164	0	722	0	0	0	0	0	0	0	0	0	9834	0	194	0	0	0	396	0	2322	0	0	0	0	0	706	0	0	0	302	0	0	0	3012	0	1474	0	2656	0	1960	0	196	0	172	0	492	0	0	0	626	0	0	0	166	0	98	0	0	0	848	0	0	0	4224	0	0	0	4376	0	0	0	5366	0	0	0	0	0	0	0	0	0	0	0	0	0	0	0	0	0	0	0	0	0	0	0	0	0	0	0	
29468	Heschl_R	0	442	0	664	0	0	0	306	0	0	0	300	0	0	0	0	0	3342	0	128	0	0	0	0	0	0	0	0	0	1488	0	0	0	0	0	146	0	430	0	180	0	0	0	0	0	106	0	0	0	92	0	158	0	0	0	452	0	148	0	0	0	0	0	258	0	0	0	314	0	0	0	0	0	0	0	0	0	0	0	0	0	3760	0	0	0	1086	0	0	0	934	0	0	0	0	0	0	0	0	0	0	0	0	0	0	0	0	0	0	0	0	0	0	0	0	0	0	
219544	Temporal_Sup_L	3890	0	1580	0	0	0	660	0	0	0	1692	0	100	0	96	0	12058	0	1082	0	0	0	0	0	0	0	0	0	8596	0	90	90	0	0	206	0	1448	0	0	0	0	0	614	0	98	0	190	0	84	0	6550	0	332	0	1052	0	5766	0	2016	0	1908	0	7886	0	2142	0	450	0	0	0	532	120	1230	0	0	0	176	0	4224	0	0	0	666	0	25170	0	0	0	16856	0	0	0	0	0	0	0	0	0	122	0	0	0	0	0	0	0	0	0	0	0	0	0	0	0	0	0	
124540	Temporal_Sup_R	0	936	0	136	0	0	0	178	0	0	0	634	0	0	0	220	0	3354	0	306	0	0	0	0	0	0	0	0	0	6030	0	0	0	0	0	100	0	2450	0	1066	0	0	0	98	0	292	0	0	0	240	0	750	0	86	0	3544	0	648	0	80	0	0	0	5084	0	4324	0	586	0	236	0	0	0	454	0	0	0	228	0	3760	0	0	0	2282	0	19090	0	452	0	4626	0	0	0	0	0	0	0	0	0	0	0	0	0	0	0	0	0	0	0	0	0	0	0	0	0	0	
52768	Temporal_Pole_Sup_L	0	0	526	0	184	0	0	0	0	0	0	0	0	0	462	0	0	0	498	0	376	0	0	0	0	0	0	0	2048	0	0	0	0	0	0	0	542	0	336	0	406	0	0	0	0	0	0	0	0	0	0	0	0	0	2790	0	0	0	0	0	0	0	0	0	0	0	0	0	0	0	86	0	1162	0	0	0	0	0	0	0	666	0	0	0	5452	0	4202	0	6648	0	0	0	0	0	0	0	0	0	0	0	0	0	0	0	0	0	0	0	0	0	0	0	0	0	0	0	
62960	Temporal_Pole_Sup_R	0	0	0	0	0	0	0	0	0	0	0	232	0	0	0	2020	0	730	0	140	0	222	0	0	0	0	0	0	0	1378	0	0	0	0	0	0	0	936	0	3370	0	2290	0	0	0	0	0	0	0	0	0	0	0	0	0	7460	0	0	0	0	0	0	0	0	0	0	0	0	0	0	0	0	0	268	0	0	0	0	0	0	0	2282	0	0	0	2336	0	4622	0	3194	0	0	0	0	0	0	0	0	0	0	0	0	0	0	0	0	0	0	0	0	0	0	0	0	0	0	
337252	Temporal_Mid_L	2532	0	272	0	0	0	420	0	0	0	154	0	0	0	0	0	6226	0	202	0	0	0	0	0	0	0	0	0	5418	0	0	0	86	0	102	0	1144	0	0	0	0	0	1668	0	232	0	226	0	340	0	29034	0	3820	0	3522	0	1472	0	5960	0	6248	0	5642	0	8244	0	572	0	812	0	0	0	240	0	0	0	128	0	4376	0	25170	0	5452	0	0	0	4428	0	44306	0	108	0	0	0	0	0	0	0	70	0	0	0	0	0	0	0	0	0	0	0	0	0	0	0	0	0	
469408	Temporal_Mid_R	0	3536	0	756	0	0	0	686	0	0	0	502	0	0	0	226	0	1102	0	1106	0	0	0	0	0	0	0	0	0	3286	0	0	0	514	0	1092	0	2508	0	1202	0	0	132	8270	0	16710	126	780	0	21536	0	44674	0	6666	0	7518	0	4524	0	7542	0	2202	0	5152	0	10056	246	19498	106	1554	0	0	0	606	0	88	0	178	0	1086	0	19090	0	2336	0	0	0	2908	0	34604	0	0	0	0	0	0	0	0	0	0	0	0	0	0	0	0	0	0	0	0	0	0	0	0	0	0	
28580	Temporal_Pole_Mid_L	0	0	0	0	0	0	0	0	0	0	0	0	0	0	0	0	0	0	0	0	0	0	0	0	0	0	0	0	0	0	0	0	0	0	0	0	0	0	218	0	0	0	0	0	0	0	0	0	0	0	0	0	0	0	1292	0	0	0	0	0	0	0	0	0	0	0	0	0	0	0	0	0	0	0	0	0	0	0	0	0	0	0	4202	0	4428	0	0	0	4150	0	0	0	0	0	0	0	0	0	0	0	0	0	0	0	0	0	0	0	0	0	0	0	0	0	0	0	
32824	Temporal_Pole_Mid_R	0	0	0	0	0	0	0	0	0	0	0	0	0	0	0	316	0	0	0	0	0	0	0	0	0	0	0	0	0	0	0	0	0	0	0	0	0	0	0	1728	0	424	0	0	0	0	0	0	0	0	0	0	0	0	0	2822	0	0	0	0	0	0	0	0	0	0	0	0	0	0	0	0	0	0	0	0	0	0	0	0	0	452	0	4622	0	2908	0	0	0	3140	0	0	0	0	0	0	0	0	0	0	0	0	0	0	0	0	0	0	0	0	0	0	0	0	0	0	
392984	Temporal_Inf_L	3560	0	966	0	0	0	1032	0	0	0	216	0	0	0	0	0	5752	0	716	0	0	0	0	0	0	0	0	0	9232	0	0	0	168	0	270	0	13822	0	1622	0	1808	0	4912	0	146	0	1690	0	88	0	16010	0	4096	0	26782	0	618	0	784	0	736	0	1932	0	652	0	3516	0	182	0	150	0	2598	0	0	0	904	0	5366	0	16856	0	6648	0	44306	0	4150	0	0	0	7308	0	1364	0	0	0	1110	0	4322	0	0	0	0	0	0	0	0	0	0	0	102	0	0	0	0	0	
362424	Temporal_Inf_R	0	6116	0	702	0	0	0	812	0	0	0	1960	0	0	0	544	0	828	0	3174	0	0	0	0	0	0	0	0	0	2506	0	0	0	752	150	3190	70	15818	96	10392	0	190	0	6736	0	116	0	4062	0	0	0	6012	0	7970	0	38320	0	1554	0	0	0	136	0	408	0	822	0	9528	0	3144	0	0	0	3238	0	404	0	364	0	934	0	4626	0	3194	0	34604	0	3140	0	0	0	2368	0	70	0	0	88	454	84	1264	0	0	0	0	0	0	0	0	0	0	272	0	0	0	0	0	
628204	Cerebelum_Crus1_L	128	0	0	0	0	0	0	0	0	0	0	0	0	0	0	0	0	0	0	0	0	0	0	0	0	0	0	0	0	0	0	0	0	0	0	0	764	0	452	132	0	0	0	0	0	0	13852	3282	0	0	84	0	230	146	31788	1050	0	0	0	0	0	0	0	0	0	0	0	0	0	0	0	0	166	0	0	0	0	0	0	0	0	0	0	0	108	0	0	0	7308	0	0	6158	46218	7210	1606	1350	25466	3034	66866	5284	15990	1450	11658	3624	3530	1580	712	424	1672	2674	10484	9010	16648	5254	4636	2074	
598336	Cerebelum_Crus1_R	0	0	0	0	0	0	0	0	0	0	0	0	0	0	0	0	0	0	0	0	0	0	0	0	0	0	0	0	0	0	0	0	0	0	0	0	0	718	0	1408	0	0	0	168	0	0	1878	14390	0	0	0	0	154	242	1128	19640	0	0	0	0	0	0	0	0	0	0	0	220	0	0	0	0	0	270	0	0	0	0	0	0	0	0	0	0	0	0	0	0	0	2368	6158	0	3182	43338	498	3410	3894	26378	7706	68102	1000	7648	1662	15050	748	2994	0	1278	576	2926	17818	17256	16114	4974	2082	1792	
409248	Cerebelum_Crus2_L	0	0	0	0	0	0	0	0	0	0	0	0	0	0	0	0	0	0	0	0	0	0	0	0	0	0	0	0	0	0	0	0	0	0	0	0	0	0	82	106	0	0	0	0	0	0	526	524	0	0	0	0	0	0	1538	222	0	0	0	0	0	0	0	0	0	0	0	0	0	0	0	0	0	0	0	0	0	0	0	0	0	0	0	0	0	0	0	0	1364	0	46218	3182	0	9554	500	1124	1542	598	10174	998	43242	2540	33248	4328	8772	1762	878	674	844	1558	1092	2862	15066	4676	3720	1110	
443428	Cerebelum_Crus2_R	0	0	0	0	0	0	0	0	0	0	0	0	0	0	0	0	0	0	0	0	0	0	0	0	0	0	0	0	0	0	0	0	0	0	0	0	0	218	0	654	0	0	0	0	0	0	460	342	0	0	0	0	0	0	102	1088	0	0	0	0	0	0	0	0	0	0	0	0	0	0	0	0	0	80	0	0	0	0	0	0	0	0	0	0	0	0	0	0	0	70	7210	43338	9554	0	292	1572	540	2404	2876	9158	5964	35348	4860	41730	936	15576	0	2426	322	1136	686	2894	18258	7144	3818	658	
49268	Cerebelum_3_L	0	0	0	0	0	0	0	0	0	0	0	0	0	0	0	0	0	0	0	0	0	0	0	0	0	0	0	0	0	0	0	0	0	0	0	0	0	0	266	0	0	0	0	0	0	0	0	116	0	0	0	0	0	0	338	0	0	0	0	0	0	0	0	0	0	0	0	0	0	0	0	0	0	0	0	0	0	0	0	0	0	0	0	0	0	0	0	0	0	0	1606	498	500	292	0	262	7158	242	2064	260	330	0	852	70	1944	0	0	0	1172	1944	1142	738	1348	692	528	272	
88216	Cerebelum_3_R	0	0	0	0	0	0	0	0	0	0	0	0	0	0	0	0	0	0	0	0	0	0	0	0	0	0	0	0	0	0	0	0	0	0	0	0	0	134	226	628	0	0	0	0	0	0	0	228	0	0	0	0	0	0	0	292	0	0	0	0	0	0	0	0	0	0	0	0	0	0	0	0	0	0	0	0	0	0	0	0	0	0	0	0	0	0	0	0	0	0	1350	3410	1124	1572	262	0	460	6100	150	4528	1090	112	1012	2916	0	2750	0	76	930	5604	546	246	2848	2662	2714	138	
375068	Cerebelum_4_5_L	0	0	0	0	0	0	0	0	0	0	0	0	0	0	0	0	0	0	0	0	0	0	0	0	0	0	0	0	0	0	0	0	0	0	0	0	786	96	2738	108	0	0	0	0	0	0	17294	4284	0	0	218	0	672	0	22400	1232	0	0	0	0	0	0	0	0	0	0	78	0	0	0	0	0	0	0	0	0	0	118	0	0	0	0	0	0	0	0	0	0	1110	88	25466	3894	1542	540	7158	460	0	5654	42802	6764	874	0	2780	272	3582	130	346	0	1308	2366	20398	4366	2502	1174	976	958	
339728	Cerebelum_4_5_R	0	0	0	0	0	0	0	0	0	0	0	0	0	0	0	0	0	0	0	0	0	0	0	0	0	0	0	0	0	0	0	0	0	0	0	124	0	2216	0	5772	0	0	0	0	0	0	2258	10396	0	0	0	0	208	166	1376	13302	0	0	0	0	0	0	0	0	0	0	0	294	0	0	0	0	0	380	0	0	0	204	0	0	0	0	0	0	0	0	0	0	0	454	3034	26378	598	2404	242	6100	5654	0	4380	42594	504	122	506	2500	0	1586	0	334	78	3266	25514	1634	2006	1850	1216	214	
585516	Cerebelum_6_L	144	0	0	0	0	0	88	0	0	0	0	0	0	0	0	0	0	0	0	0	0	0	0	0	0	0	0	0	174	0	0	0	0	0	0	0	1892	0	2188	0	0	0	0	182	0	0	24940	8838	0	0	228	0	568	388	44874	2878	0	0	0	0	0	0	0	0	0	0	0	0	0	0	0	0	550	0	0	0	0	0	0	0	122	0	0	0	70	0	0	0	4322	84	66866	7706	10174	2876	2064	150	42802	4380	0	9568	2158	308	2492	622	2566	144	144	0	776	1184	17904	15778	6632	1240	810	884	
533992	Cerebelum_6_R	0	0	0	0	0	0	0	0	0	0	0	0	0	0	0	0	0	0	0	0	0	0	0	0	0	0	0	0	0	0	0	0	0	0	0	0	0	1658	0	2450	0	0	0	310	0	0	3172	17852	0	84	0	0	244	1022	1966	24374	0	0	0	0	0	0	0	0	0	0	0	260	0	0	0	0	0	828	0	82	0	0	0	0	0	0	0	0	0	0	0	0	0	1264	5284	68102	998	9158	260	4528	6764	42594	9568	0	170	0	254	1272	0	388	0	584	330	3370	29788	18418	6424	1716	438	1022	
301576	Cerebelum_7b_L	0	0	0	0	0	0	0	0	0	0	0	0	0	0	0	0	0	0	0	0	0	0	0	0	0	0	0	0	0	0	0	0	0	0	0	0	0	0	144	104	0	0	0	0	0	0	0	0	0	0	0	0	0	0	366	0	0	0	0	0	0	0	0	0	0	0	0	0	0	0	0	0	0	0	0	0	0	0	0	0	0	0	0	0	0	0	0	0	0	0	15990	1000	43242	5964	330	1090	874	504	2158	170	0	1584	36370	4026	9278	1744	1382	686	776	1476	570	1164	9798	5224	3708	1066	
205704	Cerebelum_7b_R	0	0	0	0	0	0	0	0	0	0	0	0	0	0	0	0	0	0	0	0	0	0	0	0	0	0	0	0	0	0	0	0	0	0	0	0	0	0	0	0	0	0	0	0	0	0	124	0	0	0	0	0	0	0	0	0	0	0	0	0	0	0	0	0	0	0	0	0	0	0	0	0	0	0	0	0	0	0	0	0	0	0	0	0	0	0	0	0	0	0	1450	7648	2540	35348	0	112	0	122	308	0	1584	0	976	31288	166	12888	0	952	0	104	0	146	3980	1954	1092	70	
320612	Cerebelum_8_L	0	0	0	0	0	0	0	0	0	0	0	0	0	0	0	0	0	0	0	0	0	0	0	0	0	0	0	0	0	0	0	0	0	0	0	0	84	0	214	82	0	0	0	0	0	0	78	0	0	0	0	0	0	0	416	0	0	0	0	0	0	0	0	0	0	0	0	0	0	0	0	0	0	0	0	0	0	0	0	0	0	0	0	0	0	0	0	0	0	0	11658	1662	33248	4860	852	1012	2780	506	2492	254	36370	976	0	4168	25564	2088	3500	866	1026	1646	1008	1228	8050	7458	4964	1196	
341544	Cerebelum_8_R	0	0	0	0	0	0	0	0	0	0	0	0	0	0	0	0	0	0	0	0	0	0	0	0	0	0	0	0	0	0	0	0	0	0	0	0	0	74	0	398	0	0	0	0	0	0	0	0	0	0	0	0	0	0	0	102	0	0	0	0	0	0	0	0	0	0	0	0	0	0	0	0	0	0	0	0	0	0	0	0	0	0	0	0	0	0	0	0	0	0	3624	15050	4328	41730	70	2916	272	2500	622	1272	4026	31288	4168	0	1092	26910	0	4430	492	2074	754	168	8026	6716	7144	526	
152300	Cerebelum_9_L	0	0	0	0	0	0	0	0	0	0	0	0	0	0	0	0	0	0	0	0	0	0	0	0	0	0	0	0	0	0	0	0	0	0	0	0	0	0	92	0	0	0	0	0	0	0	0	0	0	0	0	0	0	0	214	0	0	0	0	0	0	0	0	0	0	0	0	0	0	0	0	0	0	0	0	0	0	0	0	0	0	0	0	0	0	0	0	0	0	0	3530	748	8772	936	1944	0	3582	0	2566	0	9278	166	25564	1092	0	1190	4280	342	234	288	276	866	3212	3238	3120	620	
193968	Cerebelum_9_R	0	0	0	0	0	0	0	0	0	0	0	0	0	0	0	0	0	0	0	0	0	0	0	0	0	0	0	0	0	0	0	0	0	0	0	0	0	350	0	694	0	0	0	0	0	0	0	0	0	0	0	0	0	0	0	0	0	0	0	0	0	0	0	0	0	0	0	0	0	0	0	0	0	0	0	0	0	0	0	0	0	0	0	0	0	0	0	0	0	0	1580	2994	1762	15576	0	2750	130	1586	144	388	1744	12888	2088	26910	1190	0	0	5126	1044	1900	248	386	2812	3284	8346	1064	
23224	Cerebelum_10_L	0	0	0	0	0	0	0	0	0	0	0	0	0	0	0	0	0	0	0	0	0	0	0	0	0	0	0	0	0	0	0	0	0	0	0	0	0	0	176	0	0	0	0	0	0	0	0	0	0	0	0	0	0	0	194	0	0	0	0	0	0	0	0	0	0	0	0	0	0	0	0	0	0	0	0	0	0	0	0	0	0	0	0	0	0	0	0	0	0	0	712	0	878	0	0	0	346	0	144	0	1382	0	3500	0	4280	0	0	0	0	0	0	0	0	0	0	0	
44220	Cerebelum_10_R	0	0	0	0	0	0	0	0	0	0	0	0	0	0	0	0	0	0	0	0	0	0	0	0	0	0	0	0	0	0	0	0	0	0	0	0	0	0	0	0	0	0	0	0	0	0	0	0	0	0	0	0	0	0	0	0	0	0	0	0	0	0	0	0	0	0	0	0	0	0	0	0	0	0	0	0	0	0	0	0	0	0	0	0	0	0	0	0	0	0	424	1278	674	2426	0	76	0	334	0	584	686	952	866	4430	342	5126	0	0	0	0	0	0	918	636	2358	0	
58816	Vermis_1_2	0	0	0	0	0	0	0	0	0	0	0	0	0	0	0	0	0	0	0	0	0	0	0	0	0	0	0	0	0	0	0	0	0	0	0	0	86	0	204	0	0	0	0	0	0	0	0	0	0	0	0	0	0	0	70	0	0	0	0	0	0	0	0	0	0	0	0	0	0	0	0	0	0	0	0	0	0	0	0	0	0	0	0	0	0	0	0	0	0	0	1672	576	844	322	1172	930	1308	78	776	330	776	0	1026	492	234	1044	0	0	0	7128	1856	658	2070	2076	2328	1352	
120748	Vermis_3	0	0	0	0	0	0	0	0	0	0	0	0	0	0	0	0	0	0	0	0	0	0	0	0	0	0	0	0	0	0	0	0	0	0	0	0	98	0	370	0	0	0	0	0	0	0	0	86	0	0	0	0	0	0	100	102	0	0	0	0	0	0	0	0	0	0	0	0	0	0	0	0	0	0	0	0	0	0	0	0	0	0	0	0	0	0	0	0	0	0	2674	2926	1558	1136	1944	5604	2366	3266	1184	3370	1476	104	1646	2074	288	1900	0	0	7128	0	4062	1436	4396	4020	3678	1382	
